name,relative_counts,ct,ct_0,barcode,ct_1,barcode_ind
tfaE_stfE_predicted,0.2935597298047562,27957,21613,GTCGGACCTGGGCTGGGTCT,6344,3470545
tfaE_stfE_predicted,0.47782772445632365,12162,8230,ATTTATTCAAGGCTCTTAAT,3932,3483467
tfaE_stfE_predicted,0.008086253369272238,372,370,ACCCCGCAAGAGACAATATT,2,3519330
tfaE_stfE_predicted,0.22752808988764045,435,355,AAGTGGTGACGTGGCATGTT,80,3467475
tfaE_stfE_predicted,2.2459016393442623,592,182,ACCAATCGCTCTCCCTTATA,410,3469904
tfaE_stfE_predicted,0.4378698224852071,241,168,GGCGGGAGGATTGAATTCTG,73,3469967
tfaE_stfE_predicted,0.018292682926829267,165,163,AAGCTGATATCTGACCCGAA,2,3469087
tfaE_stfE_predicted,0.02564102564102564,158,155,TGCTATGGAGAAAGAGAGTA,3,3475686
tfaE_stfE_predicted,0.3706293706293706,194,142,AACGAGGCCACTACATTTAA,52,3482295
tfaE_stfE_predicted,0.22627737226277372,166,136,CACGGGGCTTCTCCTAGCTA,30,3467083
tfaE_stfE_predicted,0.7424242424242424,228,131,TCCGGAGTAGCGTGCAGGAA,97,3470472
tfaE_stfE_predicted,0.016666666666666666,120,119,GGCGCGCCTGAAGAATGGAG,1,3467208
tfaE_stfE_predicted,2.033333333333333,362,119,AGGCACCAACCAAGTGTTTG,243,3533145
tfaE_stfE_predicted,0.026785714285714284,113,111,TCAGGTTGATGAGGGAGAGA,2,3512577
tfaE_stfE_predicted,0.5462962962962963,165,107,AAATCGACGGTATTCGGCGT,58,3467863
tfaE_stfE_predicted,0.22641509433962265,128,105,GTGTGGTCCCTCATCATATT,23,3467240
tfaE_stfE_predicted,1.0566037735849056,216,105,CAAGCTTGGGCAAAAACAAA,111,3486054
tfaE_stfE_predicted,0.01904761904761905,105,104,TGTCGATAGACGTGGGGACC,1,3537197
tfaE_stfE_predicted,0.6372549019607843,165,101,TAAATCTCATTTCAATTTTT,64,3478626
tfaE_stfE_predicted,3.55,453,99,CACTTGATGGTCTACCAGTT,354,3486880
tfaE_stfE_predicted,0.9895833333333334,189,95,CGATGATTGAGTCCTCAACG,94,3472563
tfaE_stfE_predicted,0.8085106382978723,168,93,TGTACGGTAGGATCTAATAG,75,3475969
tfaE_stfE_predicted,0.021505376344086023,93,92,GCAGGTATTGATTTAAAAAA,1,3537018
tfaE_stfE_predicted,0.6263736263736264,146,90,TACCCCCATGTTACGCGAGT,56,3474796
tfaE_stfE_predicted,0.3068181818181818,113,87,GGGTTCGCTTAGGGGTCCAG,26,3501982
tfaE_stfE_predicted,1.7045454545454546,236,87,CGTACCGTGTGGATAGAGCT,149,3466887
tfaE_stfE_predicted,0.37209302325581395,116,85,CGGGGCAACGCAGCGAGGTA,31,3469966
tfaE_stfE_predicted,0.023809523809523808,84,83,ATCTGATGCAAATTAGCCCA,1,3493101
tfaE_stfE_predicted,2.5365853658536586,288,81,GATAGTCTGTGGGCGCATAA,207,3472326
tfaE_stfE_predicted,0.024691358024691357,81,80,AGGATCTAGAGATTGCGCCA,1,3489828
tfaE_stfE_predicted,0.6666666666666666,133,80,AGATCACCTGTATAACATGT,53,3477849
tfaE_stfE_predicted,1.271604938271605,182,80,AGATATGGGAGCATCGCGAA,102,3493376
tfaE_stfE_predicted,0.5432098765432098,123,80,AAAGGATGTACTCGATTGAA,43,3516549
tfaE_stfE_predicted,0.025,80,79,ACCTTACCTGGCCTTAACAG,1,3472881
tfaE_stfE_predicted,1.4177215189873418,189,78,AATGCACGCGGGGCCAGCTG,111,3467345
tfaE_stfE_predicted,0.02564102564102564,78,77,ATCATTGGATGGGCAGGGTA,1,3475500
tfaE_stfE_predicted,0.025974025974025976,77,76,ATGGTGAGAGGTCTTAGGAC,1,3523359
tfaE_stfE_predicted,0.02631578947368421,76,75,TTTTCCAAAGGACTCGTATA,1,3476735
tfaE_stfE_predicted,1.3289473684210527,175,75,GGTGATCGTGTCATGAACCT,100,3519435
tfaE_stfE_predicted,0.4868421052631579,111,75,GAGTGTATGTCCTGGCTGCT,36,3476660
tfaE_stfE_predicted,1.381578947368421,179,75,CTTTTAGTCAACGCCATAGT,104,3474407
tfaE_stfE_predicted,0.8533333333333334,137,74,GGCCAATGTGTTAATTCGTG,63,3504631
tfaE_stfE_predicted,0.02666666666666667,75,74,CAGTGGCAGACGCATTGCAG,1,3503617
tfaE_stfE_predicted,1.8133333333333332,209,74,ACCGAATGGCTGTGTATTAT,135,3532858
tfaE_stfE_predicted,0.02702702702702703,74,73,TGGGTGTAGCGTAGATACAC,1,3485277
tfaE_stfE_predicted,1.2297297297297298,163,73,ACCGCACGCGGACCCGGTGA,90,3471125
tfaE_stfE_predicted,0.0410958904109589,74,72,CGATCACTTCTTACAGTAAG,2,3492840
tfaE_stfE_predicted,0.9452054794520548,140,72,ATTGACCTGGTTAGGGACAT,68,3518260
tfaE_stfE_predicted,0.041666666666666664,73,71,TGGAACACGGTTCGCAAGGT,2,3521610
tfaE_stfE_predicted,0.027777777777777776,72,71,TCGGGGGATTGCACGGACTG,1,3507430
tfaE_stfE_predicted,0.625,115,71,AACAGTGCCGACCAGGCGCC,44,3509844
tfaE_stfE_predicted,0.028169014084507043,71,70,GCTCAGCCATATTCCGCATA,1,3482081
tfaE_stfE_predicted,0.02857142857142857,70,69,TGGTGCCAGAAACCCGGTAA,1,3528970
tfaE_stfE_predicted,0.3142857142857143,90,69,GGGTTCCGGGTGAGCGAGGT,21,3474830
tfaE_stfE_predicted,0.6857142857142857,116,69,CATCCCAGTGAGGTCCCCTG,47,3522827
tfaE_stfE_predicted,0.02857142857142857,70,69,AGGCTTGCGGCGGGAGAATG,1,3515815
tfaE_stfE_predicted,0.18840579710144928,80,68,TTAAGGGGCGATGTTCCTCT,12,3475705
tfaE_stfE_predicted,0.028985507246376812,69,68,ATATTTATTTATTGATAATT,1,3507120
tfaE_stfE_predicted,1.4558823529411764,165,67,TTGCGCCCTCACCCGACCGG,98,3503070
tfaE_stfE_predicted,0.9705882352941176,132,67,GCCCTGCACCCCGACGGTAT,65,3485587
tfaE_stfE_predicted,0.029411764705882353,68,67,GAGCGGCGTGGGGGCTAAGA,1,3471991
tfaE_stfE_predicted,0.04477611940298507,68,66,CAGTAGCAAGAGCGTCATAT,2,3496287
tfaE_stfE_predicted,2.1641791044776117,210,66,ATGGGACCTTCCCACAACAC,144,3474726
tfaE_stfE_predicted,0.9552238805970149,129,66,AAAGGGCACTATGTTTCTAA,63,3484615
tfaE_stfE_predicted,1.0303030303030303,132,65,TTCACGTTGGAGATTCCCTG,67,3474753
tfaE_stfE_predicted,0.8939393939393939,123,65,GACATCGTCAACCAAGAGGG,58,3479579
tfaE_stfE_predicted,0.03076923076923077,65,64,TCTGGGCTAACTGGAGGCCA,1,3485333
tfaE_stfE_predicted,0.03076923076923077,65,64,TAAAAGTTCAAGAGCGTTGT,1,3476611
tfaE_stfE_predicted,1.676923076923077,172,64,GTGTCTGACTACACAACAAG,108,3514537
tfaE_stfE_predicted,1.523076923076923,162,64,GGTGGCCATTCGAGTTTTGA,98,3472505
tfaE_stfE_predicted,1.4307692307692308,156,64,AGACCAGGAGCGAACCATAA,92,3490048
tfaE_stfE_predicted,0.859375,117,63,TGCGTGCAGCTTGGCCCGGA,54,3494854
tfaE_stfE_predicted,0.578125,99,63,TCCAGGCACACACGGGCGTA,36,3529698
tfaE_stfE_predicted,1.515625,159,63,TACAACACTGGGTAGTCCTG,96,3469362
tfaE_stfE_predicted,1.703125,171,63,GGGGCAAACGAAGTGCGCAT,108,3486794
tfaE_stfE_predicted,0.03125,64,63,CTGGCACCGTGACGATGTTA,1,3475255
tfaE_stfE_predicted,0.03125,64,63,ACGCACGAACCTAGCAAATA,1,3473980
tfaE_stfE_predicted,1.7142857142857142,169,62,TGCATCCCCGTTACGTGACC,107,3518897
tfaE_stfE_predicted,1.7619047619047619,172,62,TGATGATCGGTCAAGGGTCC,110,3483656
tfaE_stfE_predicted,0.031746031746031744,63,62,ACCTGCGGGGGCTAGAAGTA,1,3468652
tfaE_stfE_predicted,3.1774193548387095,257,61,TAAAGAGCGGCCCCAATGTG,196,3518719
tfaE_stfE_predicted,0.8387096774193549,112,61,GGACCATAGAACCTAAGATT,51,3532664
tfaE_stfE_predicted,0.03225806451612903,62,61,CTGGAATCGTAGGCGCTGAA,1,3496594
tfaE_stfE_predicted,1.2419354838709677,137,61,ATATTGACTAACAATGGTGT,76,3517774
tfaE_stfE_predicted,0.03225806451612903,62,61,ACAGGCCGTCGAGTAGCCGT,1,3499226
tfaE_stfE_predicted,0.03225806451612903,62,61,AAAGTTTGCCGCTGTTGTAT,1,3474827
tfaE_stfE_predicted,0.03278688524590164,61,60,CTACGTATGGTTCCGCTATA,1,3535683
tfaE_stfE_predicted,0.03278688524590164,61,60,ACACGGGGAAAAGACACACT,1,3513715
tfaE_stfE_predicted,1.1333333333333333,126,59,TGGTTACGTACCGACTAGCA,67,3535782
tfaE_stfE_predicted,0.03333333333333333,60,59,TCTGAAGAGCTTCTGCAAGG,1,3523089
tfaE_stfE_predicted,2.1,184,59,TCGCGCTATGCGACCGTTCA,125,3518369
tfaE_stfE_predicted,1.305084745762712,134,58,TTAATTCTCGCCTGCGTAGA,76,3505290
tfaE_stfE_predicted,0.03389830508474576,59,58,TATGAGTAGCAAGGTTAACT,1,3467128
tfaE_stfE_predicted,0.03389830508474576,59,58,CTTCAACGTCCGATGCATAT,1,3491636
tfaE_stfE_predicted,0.7288135593220338,100,58,CCCGCACTCTATGCACCCCC,42,3474698
tfaE_stfE_predicted,1.88135593220339,168,58,CCCCCGCACCCAATATCGTA,110,3501341
tfaE_stfE_predicted,0.03389830508474576,59,58,CCAAGCTATATGCCGTGCTA,1,3475058
tfaE_stfE_predicted,0.03389830508474576,59,58,AAAGTTAGGGTTCACACCGT,1,3481054
tfaE_stfE_predicted,1.7758620689655173,159,57,CGTTCCACAGTGCTGAGCGT,102,3474002
tfaE_stfE_predicted,0.6379310344827587,93,57,CGTGCTCTCCCAGTGCGATT,36,3486676
tfaE_stfE_predicted,0.034482758620689655,58,57,CCGCTGTTAACCCTGGAGTT,1,3480199
tfaE_stfE_predicted,0.034482758620689655,58,57,CACTGGTCCAAATAGGCAGC,1,3536675
tfaE_stfE_predicted,1.396551724137931,137,57,CACGGGTTCCGCCCTGCGGT,80,3491072
tfaE_stfE_predicted,0.7413793103448276,99,57,AGCCGCTTGGCTGTGTATTT,42,3521179
tfaE_stfE_predicted,2.8947368421052633,220,56,TATCGCCTCCCACAACGTGT,164,3475069
tfaE_stfE_predicted,2.3333333333333335,188,56,ATCAGAGCTTTACAGAATAG,132,3480866
tfaE_stfE_predicted,1.2982456140350878,129,56,AGCGGGGACTGAGTGACCCT,73,3507341
tfaE_stfE_predicted,1.0175438596491229,113,56,AACGCTCGGGCCGGTGTTCA,57,3540465
tfaE_stfE_predicted,2.767857142857143,209,55,TCTGAGATACACATTCGGAC,154,3522084
tfaE_stfE_predicted,2.017857142857143,167,55,TAGGTGTAGCTCGTTTTTAA,112,3475057
tfaE_stfE_predicted,0.30357142857142855,71,55,CGTAACCTCGTACCAAATAT,16,3530289
tfaE_stfE_predicted,1.2857142857142858,126,55,CCGATCCTCTGAGCGGTCCT,71,3491875
tfaE_stfE_predicted,0.7321428571428571,95,55,ATTTCGACGCTCAGTCCCCG,40,3474132
tfaE_stfE_predicted,0.03571428571428571,56,55,AGCAGAACTTATCGAGCTCT,1,3476095
tfaE_stfE_predicted,0.8035714285714286,99,55,ACCTGTTTGGGGTCTTCTTT,44,3466393
tfaE_stfE_predicted,1.5818181818181818,140,54,TTAATGTAATGCTTTTTACG,86,3468825
tfaE_stfE_predicted,1.7272727272727273,148,54,TGGAACTGAGAAAGCCGCCC,94,3522898
tfaE_stfE_predicted,1.7454545454545454,149,54,TAAAGTTTAACTATTTTCGA,95,3512062
tfaE_stfE_predicted,1.7454545454545454,149,54,GTCTTTGGGTCGATTTCATG,95,3490865
tfaE_stfE_predicted,2.109090909090909,169,54,GGTGTCTTCGACCTTATATT,115,3473124
tfaE_stfE_predicted,0.9259259259259259,102,53,TAATCCTGGCACGACAGGCG,49,3527582
tfaE_stfE_predicted,1.7407407407407407,146,53,GGGAGTACTTCCTGGGTCTT,93,3534830
tfaE_stfE_predicted,0.037037037037037035,54,53,GAACCGGTGGTATCCAGGAT,1,3474187
tfaE_stfE_predicted,1.9074074074074074,155,53,GAACATAGGACAGTCCCGTT,102,3490349
tfaE_stfE_predicted,3.962962962962963,266,53,CCTCGGAATTTTGGTTGTAA,213,3514646
tfaE_stfE_predicted,0.05555555555555555,55,53,AGGGATAACCATCGGGGGTA,2,3492437
tfaE_stfE_predicted,3.4339622641509435,233,52,TGAGTTTTAGCGGACCAATT,181,3534875
tfaE_stfE_predicted,2.0943396226415096,162,52,GACCACATGATATTATGTTG,110,3486716
tfaE_stfE_predicted,0.03773584905660377,53,52,CCTAGGGAAAAAAGATGCTC,1,3470389
tfaE_stfE_predicted,1.1320754716981132,111,52,ATACAATTGGATAGCAAATG,59,3500800
tfaE_stfE_predicted,1.2641509433962264,118,52,AGGACCCAAGCCTTGAACTA,66,3530526
tfaE_stfE_predicted,0.038461538461538464,52,51,TTCTCTGTCTACCCTAGATT,1,3480985
tfaE_stfE_predicted,0.038461538461538464,52,51,TACTCCGCCACGGGGGAAGT,1,3531547
tfaE_stfE_predicted,2.269230769230769,168,51,GTCCTGTTAGTAGCATACTA,117,3515095
tfaE_stfE_predicted,0.038461538461538464,52,51,GGATTAATATTAGGCATCGG,1,3523917
tfaE_stfE_predicted,0.038461538461538464,52,51,CTGCAAAGATGCTACAGCGT,1,3491198
tfaE_stfE_predicted,0.9038461538461539,97,51,ATCCCACTCCGTTGGTATGG,46,3495295
tfaE_stfE_predicted,0.09615384615384616,55,51,AGGGCCTTGCCTAGCCTACA,4,3469187
tfaE_stfE_predicted,0.038461538461538464,52,51,AATGAGGGTGTCCGCTCTCG,1,3489572
tfaE_stfE_predicted,0.0392156862745098,51,50,TTGACAGATTTACCATTCAC,1,3470977
tfaE_stfE_predicted,0.0392156862745098,51,50,TGCGCCAATCAAATAAGGGA,1,3484563
tfaE_stfE_predicted,0.0392156862745098,51,50,GTATGGCATTCACATGGGAT,1,3520961
tfaE_stfE_predicted,0.9215686274509803,96,50,GCTTTAGTTTTGTTATTGAT,46,3514604
tfaE_stfE_predicted,1.6862745098039216,135,50,GCGTACTACCACATTCTGTA,85,3488464
tfaE_stfE_predicted,0.0392156862745098,51,50,CCGCCGCAGTACATGGTACT,1,3532863
tfaE_stfE_predicted,2.24,160,49,GCTGACCTGGGATAGGATGT,111,3479584
tfaE_stfE_predicted,0.04,50,49,GCATCCTGTGCTTAAGGTTA,1,3507243
tfaE_stfE_predicted,3.6,228,49,CCCCTAATGCTCTCGATTGT,179,3491312
tfaE_stfE_predicted,0.04,50,49,ATGTGCCCCGCGTATTAATA,1,3471945
tfaE_stfE_predicted,1.94,145,49,AGGATTATTCTTCCACCCTT,96,3491851
tfaE_stfE_predicted,1.08,102,49,AGCCTCCTCGAACTCACGGT,53,3527423
tfaE_stfE_predicted,0.06,51,49,ACGATGAACCTGTTGCGTCG,2,3474142
tfaE_stfE_predicted,0.04,50,49,ACCGAACCGGCTATACTACT,1,3537206
tfaE_stfE_predicted,0.04,50,49,AAGGCAAGGACTACAAGGGA,1,3518667
tfaE_stfE_predicted,0.04081632653061224,49,48,TCCCCGATCTGGGCGACTTC,1,3519738
tfaE_stfE_predicted,0.061224489795918366,50,48,TAAACTGGTTAAGGCGTGTG,2,3505842
tfaE_stfE_predicted,1.3877551020408163,115,48,GTCGTTGGACCGGGTTGTTA,67,3478751
tfaE_stfE_predicted,0.04081632653061224,49,48,GGGATGAACAGCACTGACGT,1,3490459
tfaE_stfE_predicted,0.6122448979591837,77,48,GAAGTTCACACGGCGAGCGT,29,3474558
tfaE_stfE_predicted,2.489795918367347,169,48,GAAGGTAATCGCATTTGTGA,121,3514173
tfaE_stfE_predicted,1.183673469387755,105,48,CAACGACCAAGCAACAAAAA,57,3466859
tfaE_stfE_predicted,0.08163265306122448,51,48,ATAATGACTTGTCCATGCGT,3,3475694
tfaE_stfE_predicted,2.6530612244897958,177,48,AGCAAGGTAAAGTGAATGGA,129,3477591
tfaE_stfE_predicted,0.04081632653061224,49,48,AACGTGGCGGTGAAACATTA,1,3487043
tfaE_stfE_predicted,1.0416666666666667,96,47,TTTCTGTTAGTGGCACGCCA,49,3483783
tfaE_stfE_predicted,0.041666666666666664,48,47,TTTACGCCTTTGAAGACACA,1,3531438
tfaE_stfE_predicted,2.9583333333333335,188,47,TCTCGTCTTCATAGAACTAT,141,3538541
tfaE_stfE_predicted,0.041666666666666664,48,47,TCGCGGAAACCTGAAACTAT,1,3468303
tfaE_stfE_predicted,0.041666666666666664,48,47,GGAACCTTGGAGTCAGTGAG,1,3540677
tfaE_stfE_predicted,1.5625,121,47,GATAGGGTGAAGGCGAACCT,74,3531986
tfaE_stfE_predicted,2.25,154,47,GACCTCCCCTGATCCAGGCT,107,3512100
tfaE_stfE_predicted,2.9375,187,47,CTGCACCCATCAATACGGCA,140,3467129
tfaE_stfE_predicted,0.8125,85,47,CTCGCCTCTACGGTGTCACT,38,3480265
tfaE_stfE_predicted,0.041666666666666664,48,47,CTAAGCAGTTGTATGCACAG,1,3476031
tfaE_stfE_predicted,1.125,100,47,CAGCCGTGCCAGTCGTATTG,53,3479836
tfaE_stfE_predicted,0.041666666666666664,48,47,AGTTTAGTAGGACTTTCAGC,1,3476910
tfaE_stfE_predicted,0.041666666666666664,48,47,AGCCATTACAGCATCCACGG,1,3477083
tfaE_stfE_predicted,0.8541666666666666,87,47,ACGTATGTTTGTTTCTTCCC,40,3523550
tfaE_stfE_predicted,0.46808510638297873,67,46,TTGTACCATCCAGTTTGAAG,21,3481655
tfaE_stfE_predicted,0.06382978723404255,48,46,CGTCGTCCGACCTGAAGTTC,2,3524735
tfaE_stfE_predicted,1.702127659574468,125,46,AGTTAGGAGGACTTAGGTGT,79,3498768
tfaE_stfE_predicted,0.425531914893617,65,46,ACCAGCCGCAGGGTAACTTA,19,3475251
tfaE_stfE_predicted,0.0425531914893617,47,46,ACAGCCAGCTTGTGGTAAAA,1,3491115
tfaE_stfE_predicted,1.3043478260869565,104,45,TTCGTTTAATTTATTTCCGT,59,3488607
tfaE_stfE_predicted,1.3695652173913044,107,45,TTCATACTATCGGGTAGGAA,62,3483782
tfaE_stfE_predicted,2.217391304347826,146,45,TTAGCGCCCACAAATTGTAT,101,3468867
tfaE_stfE_predicted,0.043478260869565216,46,45,GGGGCGGTAAGCAAGGTCCT,1,3509083
tfaE_stfE_predicted,0.043478260869565216,46,45,GGAAAGGAATCCCGACACAC,1,3527721
tfaE_stfE_predicted,0.8478260869565217,83,45,CTGCGAGGCGCAGGGCTCCT,38,3510200
tfaE_stfE_predicted,2.152173913043478,143,45,CTCAATTCGTCTGCTGATGA,98,3519983
tfaE_stfE_predicted,0.06521739130434782,47,45,CGTCGAGTCTGTAGGGTCCC,2,3477406
tfaE_stfE_predicted,0.043478260869565216,46,45,CGGCGTCGAGGTGAACCCAT,1,3501232
tfaE_stfE_predicted,0.2826086956521739,57,45,CGACCGGGCGGCAACTCTAA,12,3511165
tfaE_stfE_predicted,2.1739130434782608,144,45,AGCCCGCTCGCCAAACTTTG,99,3490464
tfaE_stfE_predicted,2.4,151,44,TAATGTTGTCCTTTTACAAG,107,3476730
tfaE_stfE_predicted,0.17777777777777778,51,44,GTAAACACTAGCATCTCCAT,7,3473371
tfaE_stfE_predicted,0.06666666666666667,46,44,CCGGAGGCTACCCTCTGTTG,2,3474072
tfaE_stfE_predicted,2.466666666666667,154,44,ATGCTATACATCACCAGTAC,110,3483829
tfaE_stfE_predicted,0.044444444444444446,45,44,ATAAGGCGACCACACAAATG,1,3477938
tfaE_stfE_predicted,2.727272727272727,162,43,TTCTGTAGGCTCACAGGTTG,119,3513855
tfaE_stfE_predicted,0.045454545454545456,44,43,GTGGGGAGTTTCCCTAAGTT,1,3506471
tfaE_stfE_predicted,0.045454545454545456,44,43,GCCCCTTTGCAACTTATGCG,1,3532573
tfaE_stfE_predicted,0.045454545454545456,44,43,CTACTTTAGCTGGGTATAAC,1,3490341
tfaE_stfE_predicted,0.7727272727272727,76,43,CGTGGTTTACAGACGGGAGC,33,3495593
tfaE_stfE_predicted,0.045454545454545456,44,43,CGTATCTGACTCTAGGGCAA,1,3471606
tfaE_stfE_predicted,2.2954545454545454,143,43,CGAGCAATGTTAATATTAGT,100,3470934
tfaE_stfE_predicted,0.5681818181818182,67,43,CACCATCCGGGAACTACTAG,24,3471208
tfaE_stfE_predicted,0.9772727272727273,85,43,CAATTACTATGCCGCCGGAG,42,3468380
tfaE_stfE_predicted,0.045454545454545456,44,43,CAATCTCATACAGGAGAGCT,1,3527842
tfaE_stfE_predicted,2.2045454545454546,139,43,ATAGGGACTGGGCGATGAAG,96,3515433
tfaE_stfE_predicted,3.022727272727273,175,43,AGTACACTGTTTGATTGATA,132,3483424
tfaE_stfE_predicted,0.8181818181818182,78,43,AGGATCTCATAGCCTGAGAA,35,3487084
tfaE_stfE_predicted,1.1627906976744187,91,42,TTTTCACCCAAAGTTGTCGG,49,3500618
tfaE_stfE_predicted,0.046511627906976744,43,42,TGACGTTTTGATTCTTACGT,1,3508656
tfaE_stfE_predicted,0.046511627906976744,43,42,GTTTAAGTCACAGGTCTGAT,1,3497623
tfaE_stfE_predicted,0.046511627906976744,43,42,GGCTGTTAAGATACGTCAGG,1,3509162
tfaE_stfE_predicted,2.86046511627907,164,42,CTGACGGACAACGTTGAACA,122,3477801
tfaE_stfE_predicted,0.4418604651162791,60,42,CCTTGAGTTGCCTACGCAGT,18,3478139
tfaE_stfE_predicted,0.046511627906976744,43,42,CAGACGGAATGGTATGGGAC,1,3502913
tfaE_stfE_predicted,1.697674418604651,114,42,CACCGCGACGGATACGGACT,72,3499358
tfaE_stfE_predicted,0.046511627906976744,43,42,AAGTTCTCTTCTCGTGTCAT,1,3504199
tfaE_stfE_predicted,2.2857142857142856,136,41,TTTGCTAATGCGTATACTCC,95,3493851
tfaE_stfE_predicted,0.047619047619047616,42,41,TTCTAAGAGAACTCTGTGTC,1,3472338
tfaE_stfE_predicted,1.7857142857142858,115,41,TGCGCACACTGGGGGATTGC,74,3475122
tfaE_stfE_predicted,1.9523809523809523,122,41,GGTGCCAGCCCTGCCTTCTA,81,3472884
tfaE_stfE_predicted,2.5476190476190474,147,41,GGGGGAGGATTCAAGCAATT,106,3483781
tfaE_stfE_predicted,1.6666666666666667,110,41,GAGCAGGCTTATTACTCGTA,69,3514096
tfaE_stfE_predicted,0.8571428571428571,76,41,CGTACGTTGGTACATCCTAT,35,3538016
tfaE_stfE_predicted,0.047619047619047616,42,41,CCGCCCGTGTTTAATTCCAG,1,3485903
tfaE_stfE_predicted,2.5476190476190474,147,41,CATTATCCATTATCCCAGAT,106,3535915
tfaE_stfE_predicted,2.8095238095238093,158,41,AGTCGGTACGCAGGAAGGTC,117,3538982
tfaE_stfE_predicted,0.07142857142857142,43,41,ACTATGTGAGTCACGCGCCA,2,3468655
tfaE_stfE_predicted,0.19047619047619047,48,41,ACCTCACAACTTGGTAGTAT,7,3471799
tfaE_stfE_predicted,1.8095238095238095,116,41,AATTGAAGCGATGTGAATGT,75,3487865
tfaE_stfE_predicted,2.1219512195121952,126,40,TTAGCAATACACTGATGGAT,86,3524575
tfaE_stfE_predicted,1.170731707317073,87,40,TTAATTATGTCCAGGTCATC,47,3511303
tfaE_stfE_predicted,2.097560975609756,125,40,TGAGAGTACGTGCGGTTTTC,85,3478962
tfaE_stfE_predicted,1.1951219512195121,88,40,GTCGTGATCACATTGTAGAT,48,3476093
tfaE_stfE_predicted,0.04878048780487805,41,40,GGTGCACATTTCCCTTGTCT,1,3477654
tfaE_stfE_predicted,2.2439024390243905,131,40,GGCTCCCGTATGTCCTGTGA,91,3486367
tfaE_stfE_predicted,2.1219512195121952,126,40,GGACGTGCCACCAGACGTAG,86,3510392
tfaE_stfE_predicted,0.04878048780487805,41,40,CGGTTATCAAGCTCGACACT,1,3498668
tfaE_stfE_predicted,1.3170731707317074,93,40,CGCTTTTCTACCCTGTGGCG,53,3500213
tfaE_stfE_predicted,3.317073170731707,175,40,CATATGACTATGGAGACCTT,135,3474287
tfaE_stfE_predicted,2.4390243902439024,139,40,CAAACGGCGGTGATTGTTTA,99,3534226
tfaE_stfE_predicted,0.04878048780487805,41,40,AGAGTATGAGTGCGTGCCTT,1,3486797
tfaE_stfE_predicted,2.707317073170732,150,40,AGACTGATGACTCATGGTAG,110,3474586
tfaE_stfE_predicted,2.2195121951219514,130,40,AGAAGACATACAATCCAGTG,90,3483517
tfaE_stfE_predicted,0.8292682926829268,73,40,AATGGCTTTAATGGGAGAGT,33,3481701
tfaE_stfE_predicted,0.04878048780487805,41,40,AAGGTTGGCATTAAGATCAG,1,3492683
tfaE_stfE_predicted,0.04878048780487805,41,40,AAAGCTGTACCTGGATTGGA,1,3514768
tfaE_stfE_predicted,0.05,40,39,TCCACTAAGGGGTCGGCGAT,1,3516389
tfaE_stfE_predicted,1.85,112,39,CTCTTGACATGGCATACCCT,73,3503826
tfaE_stfE_predicted,1.775,109,39,CCACCCCTACACTACATGCA,70,3513773
tfaE_stfE_predicted,0.05,40,39,CATGTCAGCGGTGTATGCGT,1,3476749
tfaE_stfE_predicted,2.275,129,39,CACCGTTAGGGCAATCCGCA,90,3497092
tfaE_stfE_predicted,0.7,66,39,CAAGAATGTAAGGCTCGTAT,27,3495062
tfaE_stfE_predicted,0.05,40,39,AGCGGACAAATATCCGTAGG,1,3480154
tfaE_stfE_predicted,0.8974358974358975,72,38,TTTTTGGACAACCGGCGATA,34,3502585
tfaE_stfE_predicted,0.6410256410256411,62,38,TACACTCCATACGAACTTCT,24,3491317
tfaE_stfE_predicted,0.5128205128205128,57,38,GGCTGGAAAGATCGGACTTT,19,3483267
tfaE_stfE_predicted,1.4871794871794872,95,38,GCAACATTTATTAAGTAGGT,57,3487647
tfaE_stfE_predicted,1.2820512820512822,87,38,GAGAAAGCTTATTAAGAAGT,49,3508386
tfaE_stfE_predicted,0.05128205128205128,39,38,GAATAGAGGGGTACGGTTTA,1,3529811
tfaE_stfE_predicted,0.9230769230769231,73,38,CCGATGTCAGTAAGGTGATT,35,3515980
tfaE_stfE_predicted,1.6153846153846154,100,38,CACCTCGTTAACGCTCTTCT,62,3506728
tfaE_stfE_predicted,4.282051282051282,204,38,ATGCTATCGCCGAGGGAGCT,166,3482657
tfaE_stfE_predicted,1.7692307692307692,106,38,ATCGGAAGAGCTCTGGATCA,68,3527845
tfaE_stfE_predicted,0.05128205128205128,39,38,ATCGAGTTAGTGCTTTGGAA,1,3472102
tfaE_stfE_predicted,0.5384615384615384,58,38,ACCCGCATGTTTTGCCGTGT,20,3526603
tfaE_stfE_predicted,0.41025641025641024,53,38,AATCACTATCCAAACCCGAT,15,3532102
tfaE_stfE_predicted,0.05263157894736842,38,37,TTGTCCTCAAGGACCTCAAA,1,3503157
tfaE_stfE_predicted,0.05263157894736842,38,37,TGTCTGCTCCGCTTATTGAT,1,3527421
tfaE_stfE_predicted,0.7631578947368421,65,37,TCTCAAACGCCACGCGCCTA,28,3523426
tfaE_stfE_predicted,1.0263157894736843,75,37,TCAACTCAACTAAAAAGGAA,38,3491458
tfaE_stfE_predicted,0.05263157894736842,38,37,GGCAGCCGAGTCGCCCAAAG,1,3486361
tfaE_stfE_predicted,2.4210526315789473,128,37,GATTTTTATGAACACTTGAT,91,3528829
tfaE_stfE_predicted,0.05263157894736842,38,37,CGTAGCACAGGTGATCGGCA,1,3513794
tfaE_stfE_predicted,2.710526315789474,139,37,ATGTTTGAAGGCAAAACGGA,102,3515223
tfaE_stfE_predicted,2.026315789473684,113,37,ATAATGTTCTATCCATATTC,76,3499816
tfaE_stfE_predicted,0.05263157894736842,38,37,AGGTGACCGGGCAAACTGTT,1,3489924
tfaE_stfE_predicted,0.05405405405405406,37,36,TTATCCTGCCCTAGCGCAGT,1,3499490
tfaE_stfE_predicted,5.675675675675675,245,36,TCGTGGGACAGCGCGTCAGA,209,3499410
tfaE_stfE_predicted,3.108108108108108,150,36,TCCCTGCCTATGCATTGCGC,114,3496799
tfaE_stfE_predicted,0.08108108108108109,38,36,TCAACTTTAGTGCCCGGGGT,2,3467741
tfaE_stfE_predicted,3.3513513513513513,159,36,TAAGTCTCACCTCGGAACAA,123,3506338
tfaE_stfE_predicted,1.3513513513513513,85,36,TAACGGAGTTCAGTGTAACT,49,3517433
tfaE_stfE_predicted,0.05405405405405406,37,36,GTATGATTGCACCAAGAAGT,1,3527326
tfaE_stfE_predicted,2.2432432432432434,118,36,GCATGGTCCTCGACAACAAA,82,3467536
tfaE_stfE_predicted,0.05405405405405406,37,36,GATGCACGTGAAACGAGGTT,1,3508389
tfaE_stfE_predicted,3.324324324324324,158,36,GACGGACGACCTGTTTCCTT,122,3474180
tfaE_stfE_predicted,3.6486486486486487,170,36,GACAAAGGGACGGGCTGACA,134,3487720
tfaE_stfE_predicted,0.05405405405405406,37,36,CGCTAAACCCGCAATGGGTC,1,3473569
tfaE_stfE_predicted,2.8378378378378377,140,36,CATTCCCTCGGGGCGCGGGT,104,3527233
tfaE_stfE_predicted,0.05405405405405406,37,36,ACAAGGGCCACCCGCTTTTT,1,3502751
tfaE_stfE_predicted,0.08108108108108109,38,36,ACAACGTACAGCTAGCATCC,2,3474460
tfaE_stfE_predicted,3.3513513513513513,159,36,AATTACAGAGGAATAAAACA,123,3517465
tfaE_stfE_predicted,0.05405405405405406,37,36,AATCCAAGGGTGGTACGCAA,1,3537537
tfaE_stfE_predicted,0.05555555555555555,36,35,TTGTCGGGCAGGCGCCTCAT,1,3469721
tfaE_stfE_predicted,0.05555555555555555,36,35,TGTAAAACGAATTGGAAGGA,1,3490926
tfaE_stfE_predicted,2.5277777777777777,125,35,TGCGGCTGGCTATGACTTTG,90,3533375
tfaE_stfE_predicted,0.05555555555555555,36,35,TCCTCTGAGGTGGGCCGGCG,1,3531590
tfaE_stfE_predicted,0.05555555555555555,36,35,GTGCTAGCAAGGGTAGTATA,1,3484354
tfaE_stfE_predicted,0.05555555555555555,36,35,GTCAGGCTAAGGATGTAAGC,1,3501227
tfaE_stfE_predicted,0.05555555555555555,36,35,GGTATTCAGTCAACCCCTTG,1,3531277
tfaE_stfE_predicted,1.9166666666666667,103,35,GGGTTTCACTGCATATGGCA,68,3528812
tfaE_stfE_predicted,1.1944444444444444,77,35,GGAAGGGACCTGATCTTAGA,42,3512003
tfaE_stfE_predicted,1.75,97,35,CGCGTGAGGCAAATGCGTAA,62,3498507
tfaE_stfE_predicted,6.083333333333333,253,35,CCATTTGAGTAACAAACGCT,218,3470722
tfaE_stfE_predicted,0.05555555555555555,36,35,CAAGTCTAGTTAGCGGATCC,1,3537410
tfaE_stfE_predicted,0.2777777777777778,44,35,ATTATGAGATTCGTGTGTCG,9,3523361
tfaE_stfE_predicted,3.0555555555555554,144,35,ATTAGTTTCCCATCGGGTAA,109,3471530
tfaE_stfE_predicted,0.05555555555555555,36,35,AGTGTCGAAGCATCATAATA,1,3474420
tfaE_stfE_predicted,0.1111111111111111,38,35,AATACAAGTATAGCCAGGTT,3,3533727
tfaE_stfE_predicted,1.6,89,34,TTTCACTGGAGGCGGTACGT,55,3474816
tfaE_stfE_predicted,0.05714285714285714,35,34,TTGGATGTAGTTACCGGCTG,1,3494160
tfaE_stfE_predicted,0.05714285714285714,35,34,TTAGACTCAGTATTGACGAT,1,3490142
tfaE_stfE_predicted,2.4571428571428573,119,34,TCTTAAAGAACTGGGGAGGA,85,3533429
tfaE_stfE_predicted,1.9428571428571428,101,34,TAGACCACGAGCACTAGGCT,67,3484626
tfaE_stfE_predicted,0.05714285714285714,35,34,TAAGTTTGATAATCTAAAAA,1,3498168
tfaE_stfE_predicted,0.14285714285714285,38,34,GGGTGCATGTGCACTGTACT,4,3490793
tfaE_stfE_predicted,0.05714285714285714,35,34,GCGTGCACCATGATTAACGT,1,3537074
tfaE_stfE_predicted,0.37142857142857144,46,34,GCGTCAGCCGCAGCGAATGT,12,3490867
tfaE_stfE_predicted,2.4,117,34,GACCTCGGGATCCCCACCAA,83,3515225
tfaE_stfE_predicted,2.257142857142857,112,34,CTGCCATGCGAATAACTTGT,78,3476305
tfaE_stfE_predicted,1.4285714285714286,83,34,CTCGTTCGGGGAGTGTCCGA,49,3487104
tfaE_stfE_predicted,2.5142857142857142,121,34,CCTAAATCTACATCCGGACC,87,3526817
tfaE_stfE_predicted,0.05714285714285714,35,34,CCGGATTTTTATCGACGGCC,1,3488466
tfaE_stfE_predicted,3.8285714285714287,167,34,CCCGGGTCCATATTTAAGTA,133,3530117
tfaE_stfE_predicted,3.5714285714285716,158,34,CACCTCCTACCCTAATTGTA,124,3529393
tfaE_stfE_predicted,0.05714285714285714,35,34,ATACCTGACGTCCGGGCGAA,1,3514788
tfaE_stfE_predicted,0.05714285714285714,35,34,AGGCATATCCGGCGGGCCGA,1,3483877
tfaE_stfE_predicted,0.05714285714285714,35,34,AATCACTTTGGTTGTCTGTG,1,3496704
tfaE_stfE_predicted,2.2,110,34,AAGGGACGTTGTATATATCT,76,3525986
tfaE_stfE_predicted,0.7714285714285715,60,34,AACAGACCAGCGTATTCGAT,26,3481058
tfaE_stfE_predicted,1.7647058823529411,92,33,TTAGCGCCCTACGGGTTGAT,59,3497737
tfaE_stfE_predicted,0.058823529411764705,34,33,TTACGCATATCGCCTTAATA,1,3501420
tfaE_stfE_predicted,1.411764705882353,80,33,TGGACTATTTTGTCCGAGGA,47,3537017
tfaE_stfE_predicted,2.6470588235294117,122,33,TCCGGTGCTAGTGTCACGCT,89,3482049
tfaE_stfE_predicted,0.058823529411764705,34,33,GTGCTCCCGGCAATTGTTCT,1,3467972
tfaE_stfE_predicted,0.9705882352941176,65,33,GTGCCGAGTAGAGGGTAAGA,32,3480963
tfaE_stfE_predicted,0.058823529411764705,34,33,GGGAGGAAAGTCGGTTCGTT,1,3510736
tfaE_stfE_predicted,1.5294117647058822,84,33,GCTCGATTAACGGACAGTAC,51,3490129
tfaE_stfE_predicted,0.5294117647058824,50,33,GCGTGTCGAAAGTCACGATT,17,3467133
tfaE_stfE_predicted,0.058823529411764705,34,33,GAACAGACTGTAAAATACAC,1,3471457
tfaE_stfE_predicted,1.8823529411764706,96,33,CTTATAAGATTAAAAGTCAA,63,3482557
tfaE_stfE_predicted,0.058823529411764705,34,33,CTGAGTTTGGGCCACCGGAT,1,3472417
tfaE_stfE_predicted,2.4411764705882355,115,33,CGTACGAATGTCCAATGGAT,82,3521324
tfaE_stfE_predicted,0.08823529411764706,35,33,CGAATCATGTGGATTAAATT,2,3526818
tfaE_stfE_predicted,4.382352941176471,181,33,CCCAGGATGGAAGATTCCAA,148,3472883
tfaE_stfE_predicted,3.6176470588235294,155,33,CACCTGTAGCTTGGGTTTGG,122,3538765
tfaE_stfE_predicted,0.058823529411764705,34,33,AGTCTGACTAGGGGTCGGAC,1,3499289
tfaE_stfE_predicted,0.058823529411764705,34,33,AGGCATAGGTCAGCTCGCTC,1,3502463
tfaE_stfE_predicted,0.058823529411764705,34,33,ACTACACGTGCTCAGAACTA,1,3526861
tfaE_stfE_predicted,0.058823529411764705,34,33,ACTAATTTGAGATCCTGTAA,1,3506976
tfaE_stfE_predicted,2.2058823529411766,107,33,ACGCGAGGTCTAGCCGAAAT,74,3513059
tfaE_stfE_predicted,3.0,134,33,ACGCACGCACGGAGTTAACA,101,3477768
tfaE_stfE_predicted,2.0606060606060606,99,32,TGTTGGTCTTGATTCATGAC,67,3473563
tfaE_stfE_predicted,0.09090909090909091,34,32,TGCACGGTCGTATCTAAGTT,2,3525137
tfaE_stfE_predicted,2.8484848484848486,125,32,TGAAGGCCGCAGAGTCACTC,93,3485377
tfaE_stfE_predicted,0.06060606060606061,33,32,TATCATTCGTTTAGAACCTT,1,3526241
tfaE_stfE_predicted,0.06060606060606061,33,32,TAGGGAAATTCATCCTTAGT,1,3526554
tfaE_stfE_predicted,0.06060606060606061,33,32,TAAAGCTGGATTGGTGACCA,1,3479799
tfaE_stfE_predicted,0.24242424242424243,39,32,GTCATAGAATGGAATCAAAT,7,3530409
tfaE_stfE_predicted,3.6666666666666665,152,32,GGTCTTTAGCGATAGTTAAT,120,3472683
tfaE_stfE_predicted,0.06060606060606061,33,32,GCGGTTAGGCGATCCAAGTC,1,3477649
tfaE_stfE_predicted,1.7272727272727273,88,32,GCGAGCCTCTGTCAAGATCT,56,3504413
tfaE_stfE_predicted,0.09090909090909091,34,32,GAGTTCCCCGAACGGGGTTA,2,3496063
tfaE_stfE_predicted,0.06060606060606061,33,32,GAGCGAGACACCAGTATGGT,1,3476574
tfaE_stfE_predicted,0.06060606060606061,33,32,CTCTACGCATTATCACCTAG,1,3467414
tfaE_stfE_predicted,0.8787878787878788,60,32,CATACGATCAGTCACACGTG,28,3469615
tfaE_stfE_predicted,3.3636363636363638,142,32,CACCGAGCTGTAAAGCCTCT,110,3494649
tfaE_stfE_predicted,0.5757575757575758,50,32,CACCCCCCGTTACGGTTCAT,18,3476448
tfaE_stfE_predicted,1.4545454545454546,79,32,ATTTCGCCATAAAAATAAAT,47,3529814
tfaE_stfE_predicted,0.06060606060606061,33,32,ATGTCGTTGATCATCAAAGA,1,3507239
tfaE_stfE_predicted,3.9696969696969697,162,32,AAGACGTCCATATTGCGCAG,130,3489886
tfaE_stfE_predicted,0.0625,32,31,TTTTGTCTTAGACACGACTT,1,3505377
tfaE_stfE_predicted,3.03125,127,31,TTGTATGGAGCTTTCGTTAT,96,3468524
tfaE_stfE_predicted,3.375,138,31,TTCACCCGCCTGGAGGGGAA,107,3506811
tfaE_stfE_predicted,0.78125,55,31,TCTGACCCCGCCCGTGTACA,24,3484800
tfaE_stfE_predicted,0.0625,32,31,TCAGACGCGGAGTTCAGCTG,1,3505105
tfaE_stfE_predicted,1.90625,91,31,GTGTAGGTCGTCGTGAACAT,60,3501512
tfaE_stfE_predicted,2.5625,112,31,GTCTGGGCAGCCCAGCAAGA,81,3472938
tfaE_stfE_predicted,0.0625,32,31,GCGCCAGTCATCCAGGGATG,1,3469837
tfaE_stfE_predicted,0.0625,32,31,GCCGCTCGGGCGCGTGAAAA,1,3501923
tfaE_stfE_predicted,0.09375,33,31,GCAGGGGCCAGACCTATTCA,2,3526371
tfaE_stfE_predicted,0.90625,59,31,CTGAGGTCATCTGGGGTATG,28,3515720
tfaE_stfE_predicted,0.40625,43,31,CTCTTGAGCACGGCAGGAGG,12,3492592
tfaE_stfE_predicted,1.375,74,31,CTACGCCCTTAGTCATCGGT,43,3475876
tfaE_stfE_predicted,2.40625,107,31,CGCTCGCCAAGGTCCGAACA,76,3512935
tfaE_stfE_predicted,3.34375,137,31,CAGCCTCCTCAACAGTGCTA,106,3488298
tfaE_stfE_predicted,4.46875,173,31,ATACACCCGACAACTACCTT,142,3482183
tfaE_stfE_predicted,0.0625,32,31,ATAAGAACGCCCATTGGTAG,1,3509098
tfaE_stfE_predicted,0.0625,32,31,AGGGACGCCTCCTCAGCCGT,1,3470591
tfaE_stfE_predicted,0.1875,36,31,AGCCGACCTTATCGGATTCT,5,3511429
tfaE_stfE_predicted,0.0625,32,31,ACACGGCACCGAAGTCGACG,1,3495541
tfaE_stfE_predicted,3.870967741935484,149,30,TTTATGAGCTGGTAATAGTT,119,3501880
tfaE_stfE_predicted,1.935483870967742,89,30,TGTGAGAGGTCGCGTAGGTA,59,3475565
tfaE_stfE_predicted,2.806451612903226,116,30,TGAGGTCGACAAGAGTGAGA,86,3503959
tfaE_stfE_predicted,0.06451612903225806,31,30,TCGCTTCGTCCGTGTCGCCA,1,3482856
tfaE_stfE_predicted,0.4838709677419355,44,30,TCCTTATGCTGGAGGACTAT,14,3496187
tfaE_stfE_predicted,0.5483870967741935,46,30,TCATCTAAATGATTTGGTAA,16,3511157
tfaE_stfE_predicted,2.870967741935484,118,30,TCAACCCAATTTTGTCTTAT,88,3474066
tfaE_stfE_predicted,3.3548387096774195,133,30,TACCACTCCCCTTGCCCGAG,103,3505245
tfaE_stfE_predicted,1.7419354838709677,83,30,TAAGTTAAAGGGATAATATG,53,3529509
tfaE_stfE_predicted,5.67741935483871,205,30,GTTAACATATGGAAGGTTAA,175,3480221
tfaE_stfE_predicted,0.06451612903225806,31,30,GTGATAGGGTCGTTCGCAGT,1,3475747
tfaE_stfE_predicted,0.06451612903225806,31,30,GGCTGTACATCCTCTAGTCA,1,3484846
tfaE_stfE_predicted,1.6774193548387097,81,30,GGATAAGTAGTGAGAGGGAA,51,3478185
tfaE_stfE_predicted,0.9032258064516129,57,30,GCGGGTTTCGCGGCTCAATA,27,3535827
tfaE_stfE_predicted,0.06451612903225806,31,30,GCCGTCGTCGGCTGTCCCGT,1,3512899
tfaE_stfE_predicted,1.1612903225806452,65,30,GCCCGGCTAGTCTTAAATGG,35,3525314
tfaE_stfE_predicted,4.645161290322581,173,30,GCCAATCACCAAGCGCGTTC,143,3527659
tfaE_stfE_predicted,0.06451612903225806,31,30,GAACTATATGACAGCTCTAG,1,3485650
tfaE_stfE_predicted,0.06451612903225806,31,30,CTGTGTAGCCCATTGGCCAA,1,3513351
tfaE_stfE_predicted,1.0,60,30,CGTTTCAGTCTGTGCATCGG,30,3515674
tfaE_stfE_predicted,1.6129032258064515,79,30,CGGCTCAGAACAGAGCCACG,49,3495063
tfaE_stfE_predicted,0.06451612903225806,31,30,CCCACACCTTGCCCGCGGCA,1,3471532
tfaE_stfE_predicted,2.967741935483871,121,30,CATGGATCCGCCACAGGGGT,91,3473230
tfaE_stfE_predicted,0.06451612903225806,31,30,CACACCTAGTTGCACATGCT,1,3472527
tfaE_stfE_predicted,0.06451612903225806,31,30,CAATGGCGTGCGACCGCCCG,1,3479419
tfaE_stfE_predicted,2.096774193548387,94,30,ATGACATAGGGATGATTTCG,64,3521668
tfaE_stfE_predicted,7.419354838709677,259,30,ATCAAATCCGACTCGGGATC,229,3480510
tfaE_stfE_predicted,0.0967741935483871,32,30,ATACACCAGATGGTGAAGTT,2,3478184
tfaE_stfE_predicted,3.774193548387097,146,30,AGCTTATGACACCAGTACAT,116,3488364
tfaE_stfE_predicted,4.67741935483871,174,30,AGCGCTGGATAGTTGATCGA,144,3482989
tfaE_stfE_predicted,2.2580645161290325,99,30,ACTCCATAGGTAAGTAGACC,69,3504777
tfaE_stfE_predicted,1.7419354838709677,83,30,AAGTACTTAGTAAACGACCT,53,3477329
tfaE_stfE_predicted,3.3548387096774195,133,30,AAGGGCAGGAGTGGCGCCCG,103,3487793
tfaE_stfE_predicted,0.06451612903225806,31,30,AACGCATCTTCGCATCAGGT,1,3475280
tfaE_stfE_predicted,0.1,31,29,TGTCGGTATGAGTCCATCGT,2,3473899
tfaE_stfE_predicted,4.166666666666667,153,29,TGGTTTCTGGCTATCCCCGA,124,3480166
tfaE_stfE_predicted,3.7333333333333334,140,29,TGATTATGTCCTAAGGCTTG,111,3526347
tfaE_stfE_predicted,0.06666666666666667,30,29,TGATAGCGGACAACAATGAA,1,3534404
tfaE_stfE_predicted,0.06666666666666667,30,29,TCAGTTCGAAATGGAATTGT,1,3498662
tfaE_stfE_predicted,3.8,142,29,TACTAGATGTGGGCAAAAGA,113,3470180
tfaE_stfE_predicted,3.0,118,29,GTATACCTCCACGCCCCCAG,89,3489091
tfaE_stfE_predicted,0.06666666666666667,30,29,GGATACTAATCATTACTCAC,1,3508940
tfaE_stfE_predicted,1.0666666666666667,60,29,GCGCCGTATTCCATACGGAC,31,3511301
tfaE_stfE_predicted,0.16666666666666666,33,29,GCAATAAAGCTCTTGGGTGA,4,3533300
tfaE_stfE_predicted,1.5,73,29,GATCTGAGGACCCCTAGGGA,44,3521227
tfaE_stfE_predicted,2.4,100,29,GACTGTCAGCTGCTTATCCT,71,3531596
tfaE_stfE_predicted,0.06666666666666667,30,29,CTTGGTGAAACAGTCCCATT,1,3479662
tfaE_stfE_predicted,2.6333333333333333,107,29,CTGGATCTCTCGCAGACTAC,78,3488242
tfaE_stfE_predicted,4.033333333333333,149,29,CTGATGCTTTAGAGGATGCT,120,3486241
tfaE_stfE_predicted,0.7666666666666667,51,29,CGTTCTCGTCCTCGGGCTCT,22,3480923
tfaE_stfE_predicted,1.7666666666666666,81,29,CGGGCATCGTTCATCGGCAT,52,3501989
tfaE_stfE_predicted,3.2333333333333334,125,29,CCGTTGACGGAAAGACGAGT,96,3488659
tfaE_stfE_predicted,0.06666666666666667,30,29,CCGGTTGAGCAGTAGAGCTG,1,3493162
tfaE_stfE_predicted,0.06666666666666667,30,29,CAGCCGTAACTCCGGTTGCA,1,3516619
tfaE_stfE_predicted,3.4,130,29,CACTCGAGACCAATTGCAGA,101,3500078
tfaE_stfE_predicted,1.8666666666666667,84,29,ATCCGAGTGAGTGATTGATG,55,3510201
tfaE_stfE_predicted,0.06666666666666667,30,29,ATAGCTGGTCTTACCATTTA,1,3536394
tfaE_stfE_predicted,0.06666666666666667,30,29,ACGGCGCCGGCACAGTTTTA,1,3469756
tfaE_stfE_predicted,4.633333333333334,167,29,ACCCCTAGCTCCTCTGCCTC,138,3512516
tfaE_stfE_predicted,2.8333333333333335,113,29,AATTACATCGGCCGGTCTTA,84,3514910
tfaE_stfE_predicted,3.7333333333333334,140,29,AATGCAGGCTCTCTACTAAT,111,3494724
tfaE_stfE_predicted,5.2,184,29,AACGTTCCGTTTTGGAATAA,155,3504972
tfaE_stfE_predicted,1.6666666666666667,78,29,AAATTCGGGGTAGGTGCCAC,49,3485400
tfaE_stfE_predicted,1.6,76,29,AAAGAAATCCTTAAGCGGAG,47,3477124
tfaE_stfE_predicted,0.06666666666666667,30,29,AAAATCATTCTATCGCTGTA,1,3470013
tfaE_stfE_predicted,0.06896551724137931,29,28,TTGACGAAACGAACTTCCAA,1,3526293
tfaE_stfE_predicted,0.06896551724137931,29,28,TCTTTCGTTGGTTATCTCCA,1,3481364
tfaE_stfE_predicted,4.310344827586207,152,28,TCTCCGGTCTGAGCAACATA,124,3530069
tfaE_stfE_predicted,0.06896551724137931,29,28,TCAAGCGTCCGAAGCACGTC,1,3470949
tfaE_stfE_predicted,3.2758620689655173,122,28,TATTGCTGAGGAGTGTGGCT,94,3508687
tfaE_stfE_predicted,3.310344827586207,123,28,TACGTACCTCTGTTGTTGAA,95,3472133
tfaE_stfE_predicted,2.896551724137931,111,28,GGGTTTGCCTTTTCAAGCGG,83,3513865
tfaE_stfE_predicted,4.517241379310345,158,28,GGGAGGGGAGCTTTTCTACT,130,3502746
tfaE_stfE_predicted,1.8620689655172413,81,28,GCCGGGGAGGGTACTGAGAA,53,3480786
tfaE_stfE_predicted,0.06896551724137931,29,28,GCCAGTGGGGAAAGTGGCAT,1,3536408
tfaE_stfE_predicted,0.06896551724137931,29,28,CTTGCCATAGCGCTCATTGT,1,3470127
tfaE_stfE_predicted,3.586206896551724,131,28,CTGGGAGCGGAGCATGTATT,103,3533396
tfaE_stfE_predicted,3.6551724137931036,133,28,CGTGCACCCCGTGGGGACAG,105,3525983
tfaE_stfE_predicted,0.06896551724137931,29,28,CGGGCCGCAGGGAAGAGTAA,1,3467757
tfaE_stfE_predicted,4.448275862068965,156,28,CGAAGGGGAGAGGGGTTGAA,128,3484777
tfaE_stfE_predicted,3.103448275862069,117,28,CACATGTTCAATTTGTTACT,89,3516687
tfaE_stfE_predicted,0.06896551724137931,29,28,CAAAGACAAAGTCTGGCAAC,1,3514316
tfaE_stfE_predicted,2.3448275862068964,95,28,ATATGACCCACTGCGGGGCA,67,3475506
tfaE_stfE_predicted,0.06896551724137931,29,28,AGTATCACACAGGGCCGCTG,1,3515624
tfaE_stfE_predicted,4.862068965517241,168,28,AGCTGACGAGACAGTTGACT,140,3490212
tfaE_stfE_predicted,0.06896551724137931,29,28,AGCACCGATGCCTCCACAGC,1,3540083
tfaE_stfE_predicted,0.06896551724137931,29,28,AGAATGGATGCAAAGTTACT,1,3482246
tfaE_stfE_predicted,4.103448275862069,146,28,ACATGTACAGTTGTCGCCCC,118,3524519
tfaE_stfE_predicted,0.06896551724137931,29,28,ACACGGCTCAGTAGCGTGTA,1,3534687
tfaE_stfE_predicted,0.07142857142857142,28,27,TTGGTCAAAGGGTTTCATGT,1,3530412
tfaE_stfE_predicted,3.392857142857143,121,27,TTGCGTCCGACGCCCCTCCA,94,3511565
tfaE_stfE_predicted,1.8571428571428572,78,27,TGCGTTTGCGGTGTTGGCCA,51,3485823
tfaE_stfE_predicted,4.642857142857143,156,27,TCTTGTGGGAAAATTGCCCA,129,3528076
tfaE_stfE_predicted,0.07142857142857142,28,27,TCTGGTGGCTTCGATGACGG,1,3490925
tfaE_stfE_predicted,1.6785714285714286,73,27,TCATGTACGGGTTCCCGACT,46,3476155
tfaE_stfE_predicted,2.8214285714285716,105,27,TATTGGACAAAGGATACGAA,78,3504523
tfaE_stfE_predicted,3.9642857142857144,137,27,GTGAGGTCACCCCGAGCGGG,110,3505583
tfaE_stfE_predicted,0.07142857142857142,28,27,GTACACCATCATGTCTACGT,1,3537216
tfaE_stfE_predicted,2.2857142857142856,90,27,GGGTACTGGCCCCCATGAAT,63,3468973
tfaE_stfE_predicted,4.214285714285714,144,27,GGACCTGGTACCCGGTAGTC,117,3471140
tfaE_stfE_predicted,0.07142857142857142,28,27,GCCCGGTGCGAACGCTTGAA,1,3470603
tfaE_stfE_predicted,0.07142857142857142,28,27,GCCCCCAACGGCATTCTGAT,1,3504916
tfaE_stfE_predicted,2.6785714285714284,101,27,GCCATTCCTAGCAACCGGCT,74,3479023
tfaE_stfE_predicted,2.7857142857142856,104,27,GCACCCAGCCTATTAGACTT,77,3472845
tfaE_stfE_predicted,3.4642857142857144,123,27,GACTTCCCACAACGTTGCGC,96,3504884
tfaE_stfE_predicted,0.07142857142857142,28,27,GACCACCCTTTGACATTGAT,1,3529868
tfaE_stfE_predicted,0.07142857142857142,28,27,CGTATTCGGCGAGGCCAGAA,1,3484371
tfaE_stfE_predicted,4.392857142857143,149,27,CCTAGTGTTGTCGCGGGTAG,122,3477351
tfaE_stfE_predicted,7.392857142857143,233,27,CCCCTTGCAGGCACATCATG,206,3506733
tfaE_stfE_predicted,2.6785714285714284,101,27,CACTTTGATTTCGTTCAATA,74,3466891
tfaE_stfE_predicted,0.32142857142857145,35,27,ATTTCGTTGATTTATTGTCA,8,3497926
tfaE_stfE_predicted,0.9642857142857143,53,27,ATAATTGCCCGTATGCCCTA,26,3522035
tfaE_stfE_predicted,3.0,110,27,AGTTATCTGTTCACTGGTGC,83,3539158
tfaE_stfE_predicted,4.25,145,27,AGGTGATCCGGGCATCGGAA,118,3484306
tfaE_stfE_predicted,0.9642857142857143,53,27,AGCCCAGACATCGCGTGCCT,26,3510036
tfaE_stfE_predicted,4.107142857142857,141,27,AATCTGGTTGTCTAATTGGG,114,3485235
tfaE_stfE_predicted,0.07407407407407407,27,26,TTATATGATCATAACAGGTT,1,3503715
tfaE_stfE_predicted,0.07407407407407407,27,26,TGACGGCGAGTCATTACTAC,1,3510476
tfaE_stfE_predicted,0.7407407407407407,45,26,TGACACTCAGAGCCACGTAA,19,3504776
tfaE_stfE_predicted,4.185185185185185,138,26,TCCTTGTCACGCTTTTTAAG,112,3534187
tfaE_stfE_predicted,0.07407407407407407,27,26,TATGAAGACACCAAACTTTT,1,3514659
tfaE_stfE_predicted,7.074074074074074,216,26,TATCTCAGAGGTTCACAGTA,190,3515998
tfaE_stfE_predicted,1.2222222222222223,58,26,TAAGGCTCACCGAGCGCAGA,32,3521617
tfaE_stfE_predicted,0.07407407407407407,27,26,GTAAAGAGAGCTGCCCCGAG,1,3524443
tfaE_stfE_predicted,0.8518518518518519,48,26,GCGTCGGGTTCAAAAACCGA,22,3484575
tfaE_stfE_predicted,4.407407407407407,144,26,GCCAATAATAGAGTAGCGAA,118,3472701
tfaE_stfE_predicted,4.7407407407407405,153,26,GCCAAGACCCGGTTGCATGA,127,3531980
tfaE_stfE_predicted,3.0,106,26,GATGTTACAATCAGGTTTAA,80,3497511
tfaE_stfE_predicted,1.3703703703703705,62,26,GAGAGGGGCCGTTGAAGTGA,36,3489346
tfaE_stfE_predicted,2.6666666666666665,97,26,GACCCTGCACTTATATTACA,71,3474725
tfaE_stfE_predicted,3.0,106,26,GAATCAGTAACTTCTGCGTT,80,3529023
tfaE_stfE_predicted,1.7777777777777777,73,26,CTTTGCCTGTGCACCTGGAA,47,3489162
tfaE_stfE_predicted,0.07407407407407407,27,26,CGATGAATTCCGGATCGGCA,1,3488424
tfaE_stfE_predicted,0.07407407407407407,27,26,CGACGATAGGTTGTCGTTGT,1,3483100
tfaE_stfE_predicted,0.07407407407407407,27,26,CCTCTAAATGCCAAGCGCGT,1,3526794
tfaE_stfE_predicted,7.666666666666667,232,26,CCGACGACTCTCACTCATGG,206,3533731
tfaE_stfE_predicted,0.8518518518518519,48,26,AGGGTTGACTTGTGGAAGGG,22,3487223
tfaE_stfE_predicted,3.6296296296296298,123,26,ACGAGGCCCATGGTTGGCTA,97,3508747
tfaE_stfE_predicted,0.07407407407407407,27,26,ACCCGAATACATAGAACATA,1,3480240
tfaE_stfE_predicted,3.6666666666666665,124,26,AAGTGTTGGGAATACGCAGA,98,3524122
tfaE_stfE_predicted,0.2222222222222222,31,26,AAATTACGCTCTTCGGTGAC,5,3467557
tfaE_stfE_predicted,1.2307692307692308,56,25,TTGATCGTGCTTCATATCTA,31,3499874
tfaE_stfE_predicted,0.07692307692307693,26,25,TTATGTAATGTAACGTCGCA,1,3499078
tfaE_stfE_predicted,0.07692307692307693,26,25,TCTGCATCTGATGAAGCAAT,1,3489940
tfaE_stfE_predicted,0.07692307692307693,26,25,TCGCGGTGCTACCGTGCGTA,1,3467380
tfaE_stfE_predicted,0.34615384615384615,33,25,TCAGTTTAAAGTCGTTGTTT,8,3468525
tfaE_stfE_predicted,2.230769230769231,82,25,TAGGTTCCGGCAGGATCTCC,57,3480345
tfaE_stfE_predicted,0.07692307692307693,26,25,TAACTCCGGGAAACAGCGTG,1,3499814
tfaE_stfE_predicted,7.653846153846154,223,25,GTTCAAAAAGAACCCGGATT,198,3505413
tfaE_stfE_predicted,3.423076923076923,113,25,GTACTGAAGCATGAATTCAT,88,3468245
tfaE_stfE_predicted,0.07692307692307693,26,25,GTACGTGAGGTAGTCCCTAA,1,3489404
tfaE_stfE_predicted,0.07692307692307693,26,25,GTAAGCCCGTTTGGAGAATG,1,3496712
tfaE_stfE_predicted,3.6153846153846154,118,25,GGTTAATCGAGTTCTCCGTT,93,3500282
tfaE_stfE_predicted,0.07692307692307693,26,25,GGAGGGGTGGCCTTGGTCGC,1,3490864
tfaE_stfE_predicted,0.07692307692307693,26,25,GCTGTTAAGTTCCCGCCGAT,1,3476741
tfaE_stfE_predicted,0.11538461538461539,27,25,GCCGCCGCAAGCGTTACGAT,2,3479374
tfaE_stfE_predicted,2.1923076923076925,81,25,GCAGACTATTTGTTGGAATG,56,3534240
tfaE_stfE_predicted,0.07692307692307693,26,25,GCACCGTTTATAAAATATCA,1,3484720
tfaE_stfE_predicted,3.1538461538461537,106,25,GAGCGGTTTGGGTTTCGCCA,81,3529490
tfaE_stfE_predicted,3.3846153846153846,112,25,CTGTGATGCATTTTATACGT,87,3486637
tfaE_stfE_predicted,0.07692307692307693,26,25,CTAAATAATAGGAGAGCCAT,1,3498862
tfaE_stfE_predicted,1.1538461538461537,54,25,CGGTTGCCCATCCCGAAAAA,29,3486275
tfaE_stfE_predicted,1.3076923076923077,58,25,CCTATGCTCGTCTGATTCGA,33,3503539
tfaE_stfE_predicted,0.07692307692307693,26,25,CATTATAATTGGGGAGGGCT,1,3494104
tfaE_stfE_predicted,3.230769230769231,108,25,ATTCGTCGGCAGGGGCGGGG,83,3482232
tfaE_stfE_predicted,0.07692307692307693,26,25,ATTCCAGCATCATGGGACAA,1,3494979
tfaE_stfE_predicted,1.0,50,25,ATCTGCCGCGGGCCACGCGT,25,3490461
tfaE_stfE_predicted,3.0384615384615383,103,25,ATCATGGCGCGGTTCGGTGG,78,3475440
tfaE_stfE_predicted,2.3461538461538463,85,25,ATACACGCTAGGTGTTGTAT,60,3470270
tfaE_stfE_predicted,1.3846153846153846,60,25,AGTAAAATCCTTGAGCGCCT,35,3496382
tfaE_stfE_predicted,2.3846153846153846,86,25,AGGATGTCGTGTTTTAAGGC,61,3524395
tfaE_stfE_predicted,2.8461538461538463,98,25,AGCGGAGGAACTTGTGACGT,73,3519154
tfaE_stfE_predicted,2.923076923076923,100,25,AGCGACCATCATCACATGTT,75,3471538
tfaE_stfE_predicted,2.0,76,25,ACTGGCTCATGCCAGCGTGA,51,3496969
tfaE_stfE_predicted,0.11538461538461539,27,25,ACTCAAGTCCTTTCAGGCGT,2,3516314
tfaE_stfE_predicted,7.884615384615385,229,25,ACTACCGTAATGTTGGTGAA,204,3536347
tfaE_stfE_predicted,3.9615384615384617,127,25,AATCACCCCACATGGGGGGA,102,3528372
tfaE_stfE_predicted,3.0384615384615383,103,25,AAGCGCCAGCTACTGGGGAA,78,3494959
tfaE_stfE_predicted,2.1538461538461537,80,25,AACCCGCAGCTTTGGGATTT,55,3520473
tfaE_stfE_predicted,3.64,114,24,TTAGTTGGGTCATGCTTTAA,90,3491785
tfaE_stfE_predicted,0.08,25,24,TTACTATTTTCGCACAATAA,1,3531395
tfaE_stfE_predicted,3.16,102,24,TTACAGCTTGAGATCCATTG,78,3483435
tfaE_stfE_predicted,3.88,120,24,TGTGGGGGTATACGGGTAAC,96,3526224
tfaE_stfE_predicted,4.28,130,24,TGGGGTCACCGCAGGTCCAT,106,3530668
tfaE_stfE_predicted,0.08,25,24,TGATAGAATGGCGGATTTCT,1,3488390
tfaE_stfE_predicted,3.72,116,24,TCGGCCAGAGGGGGTTAATT,92,3467441
tfaE_stfE_predicted,0.32,31,24,TATCTTTGGGAGTGCCCGCA,7,3466897
tfaE_stfE_predicted,2.2,78,24,TATATGGCACGTCAATCAGA,54,3478211
tfaE_stfE_predicted,1.44,59,24,TACTCGTGGCCCGCACCCCT,35,3509209
tfaE_stfE_predicted,0.92,46,24,TACCGTTTTGGTGTTTGCTT,22,3496429
tfaE_stfE_predicted,0.08,25,24,GTTGTCACTAGCCTCCGTAC,1,3488170
tfaE_stfE_predicted,4.04,124,24,GTTAATAGTCGGACTAATGA,100,3508709
tfaE_stfE_predicted,1.64,64,24,GTAGCTAGCAGTTCCATACA,40,3540395
tfaE_stfE_predicted,3.28,105,24,GTAGACCACTCGATCACTAT,81,3498470
tfaE_stfE_predicted,0.08,25,24,GTAAAGCAATAGTAGTTATG,1,3532062
tfaE_stfE_predicted,4.32,131,24,GGCCTCCGCTGACTGTGGTA,107,3505791
tfaE_stfE_predicted,0.08,25,24,GCGAGTGTTCGTGGACCTGT,1,3497736
tfaE_stfE_predicted,2.4,83,24,GCGAGGCCTGTGGCAAACCG,59,3471711
tfaE_stfE_predicted,0.08,25,24,GCCCGTTGCGTCATCATTCG,1,3534278
tfaE_stfE_predicted,0.08,25,24,GCAATCCGAGACCCCTTTGT,1,3489261
tfaE_stfE_predicted,4.4,133,24,CTATCCTGAACGAAAATCTA,109,3500749
tfaE_stfE_predicted,4.4,133,24,CGATCCCGGTCATACGAAAT,109,3517809
tfaE_stfE_predicted,4.84,144,24,CCTGAGTGGACCGATGCACA,120,3504466
tfaE_stfE_predicted,4.16,127,24,CCTAGCACGACTCTAAGACA,103,3490679
tfaE_stfE_predicted,1.16,52,24,CATTCCCAATATTTCCGCCT,28,3525505
tfaE_stfE_predicted,4.44,134,24,CATAGTTTAGGAGCCCGATA,110,3481603
tfaE_stfE_predicted,0.08,25,24,CAATCGCCCCTGACGCGCAG,1,3497328
tfaE_stfE_predicted,0.08,25,24,ATTGAAGTCCCCTCGCACGC,1,3492176
tfaE_stfE_predicted,0.08,25,24,ATAGCATTTGCGGATCCCGA,1,3488231
tfaE_stfE_predicted,0.08,25,24,ATACAATGTTTTGGCGGGCG,1,3474497
tfaE_stfE_predicted,0.72,41,24,ACTATCCATAGGATAAGCCC,17,3498907
tfaE_stfE_predicted,0.08,25,24,ACGGTAACGTTAGAAACTGT,1,3470145
tfaE_stfE_predicted,4.96,147,24,ACACGTACCCGAAAGTATAG,123,3475739
tfaE_stfE_predicted,2.0,70,23,TTTCGGCAGAGCTGATAGCT,47,3489044
tfaE_stfE_predicted,0.08333333333333333,24,23,TTCCGGTGAGAAAATTAGTT,1,3469719
tfaE_stfE_predicted,0.08333333333333333,24,23,TCGATATCAAGGTCTCAGCT,1,3479557
tfaE_stfE_predicted,5.333333333333333,150,23,TCATCAAAGGTTAACCGGAA,127,3487180
tfaE_stfE_predicted,0.3333333333333333,30,23,TATGCATCGAGAACCGGTGC,7,3513007
tfaE_stfE_predicted,2.9583333333333335,93,23,TACGCTAGGTACGCCCGGCC,70,3493884
tfaE_stfE_predicted,5.416666666666667,152,23,TAAATCGGAACTACATAAGC,129,3467798
tfaE_stfE_predicted,1.25,52,23,GTTCTCGCACTGGCAATTCG,29,3523660
tfaE_stfE_predicted,2.5,82,23,GTCCCTTACCTTTGCGCTAG,59,3469097
tfaE_stfE_predicted,3.1666666666666665,98,23,GTACAAAGTTCCATGTGTCT,75,3500098
tfaE_stfE_predicted,5.541666666666667,155,23,GGCACAGTGAGTTTATACAG,132,3473386
tfaE_stfE_predicted,4.125,121,23,GCTAGATATCGTGCTCTCTA,98,3495936
tfaE_stfE_predicted,0.8333333333333334,42,23,GCGGTTACTTTTATAGGCCC,19,3523861
tfaE_stfE_predicted,0.08333333333333333,24,23,GAGCGATCGGCGTACTCTAA,1,3495498
tfaE_stfE_predicted,2.1666666666666665,74,23,GAGATTCAGGCGTACTTGAC,51,3484070
tfaE_stfE_predicted,2.0,70,23,CTTGGCGGCCGTGCACCTCA,47,3480804
tfaE_stfE_predicted,4.5,130,23,CTCGCAGATGTTACAACCTA,107,3507113
tfaE_stfE_predicted,0.08333333333333333,24,23,CGGTTTGTCCCATACACTAG,1,3505799
tfaE_stfE_predicted,0.08333333333333333,24,23,CGGGTAACCGAAGGTCTTAC,1,3487500
tfaE_stfE_predicted,0.08333333333333333,24,23,CCTATCCTCTCGATTATCAA,1,3517258
tfaE_stfE_predicted,12.25,316,23,CAGAGGGTATGGGTATTCAA,293,3527230
tfaE_stfE_predicted,0.08333333333333333,24,23,CAATGTTCTCCGCAGCCATC,1,3482794
tfaE_stfE_predicted,0.08333333333333333,24,23,CAAGGAGCAACGGGCCAGTA,1,3513866
tfaE_stfE_predicted,0.08333333333333333,24,23,AGTAATTTATGCCACAGTGC,1,3474797
tfaE_stfE_predicted,0.08333333333333333,24,23,AAGGATCCAAGCCATGGCTA,1,3482798
tfaE_stfE_predicted,3.375,103,23,AAGCTTCGCCTAGGTGTGCA,80,3497337
tfaE_stfE_predicted,3.6666666666666665,110,23,AAAGCTTAGCAACATGCCGA,87,3536000
tfaE_stfE_predicted,0.08695652173913043,23,22,TTCCCAAACAGCCGCCCTAT,1,3494245
tfaE_stfE_predicted,1.6956521739130435,60,22,TTATTTTCATGCCTTCATCA,38,3472134
tfaE_stfE_predicted,4.0,113,22,TGCGAGTTAATCAAAGCACA,91,3486720
tfaE_stfE_predicted,1.0,44,22,TGCCGTGTTGTAAGCATCCC,22,3481666
tfaE_stfE_predicted,4.695652173913044,129,22,TGCCGCCGACATTATATTAG,107,3496708
tfaE_stfE_predicted,5.565217391304348,149,22,TCTCGGTAGTTCTGACGACT,127,3496928
tfaE_stfE_predicted,0.08695652173913043,23,22,TCGGGTGTATACTTGACTCA,1,3469366
tfaE_stfE_predicted,0.08695652173913043,23,22,TAGAGGGGCTCCTGCGGATA,1,3524027
tfaE_stfE_predicted,0.08695652173913043,23,22,TAATATTTAAGATAAATTTG,1,3493107
tfaE_stfE_predicted,2.0434782608695654,68,22,TAACATCCGGTGACACATCT,46,3495487
tfaE_stfE_predicted,6.130434782608695,162,22,GGCATAATGCATCGTATTTT,140,3496788
tfaE_stfE_predicted,0.08695652173913043,23,22,GCACACTTAAACCCTGTCAC,1,3517924
tfaE_stfE_predicted,0.08695652173913043,23,22,GATTGTGTCCGGTACGTGAA,1,3534609
tfaE_stfE_predicted,2.9130434782608696,88,22,CTAACAGGATATCCCTTGTC,66,3493695
tfaE_stfE_predicted,0.08695652173913043,23,22,CGTGGTGGGCTGTTCCCCGG,1,3512746
tfaE_stfE_predicted,0.6521739130434783,36,22,CGGTCGGGGACAGTGAAAAG,14,3524514
tfaE_stfE_predicted,2.4782608695652173,78,22,CGAATTGTGGGTAGAGTAGA,56,3497633
tfaE_stfE_predicted,2.652173913043478,82,22,CCTATGCGGCGAAAATCTGT,60,3512101
tfaE_stfE_predicted,0.08695652173913043,23,22,CCGTGAAATCCAGTACTGGA,1,3507121
tfaE_stfE_predicted,0.08695652173913043,23,22,CCGCCACTGGGGTACATCTG,1,3483632
tfaE_stfE_predicted,2.652173913043478,82,22,CCAGGGGTAGCCGGGTAGCT,60,3477007
tfaE_stfE_predicted,0.08695652173913043,23,22,CATGAGTCTACGTTATCCCT,1,3470192
tfaE_stfE_predicted,0.08695652173913043,23,22,CACTCGGCTTCAATCTAGGC,1,3528016
tfaE_stfE_predicted,5.173913043478261,140,22,ATTACCACGTTGGACGCAAA,118,3477592
tfaE_stfE_predicted,2.4347826086956523,77,22,AGGTACGGCGCTTTGGTCCC,55,3512798
tfaE_stfE_predicted,0.08695652173913043,23,22,AGCGTCTCAGCTAGCAGGCG,1,3523362
tfaE_stfE_predicted,1.0869565217391304,46,22,AGCAGTCCGTTCAAGGTTTA,24,3520571
tfaE_stfE_predicted,4.739130434782608,130,22,AGCAAGACCGCTGCATCGAA,108,3485741
tfaE_stfE_predicted,4.3478260869565215,121,22,AGACTCGAACGTTGGCGGCT,99,3538543
tfaE_stfE_predicted,0.08695652173913043,23,22,ACGTAACCTGTATCAGTCTT,1,3523479
tfaE_stfE_predicted,3.4782608695652173,101,22,ACGAGGACTTCCTCAGTATC,79,3489779
tfaE_stfE_predicted,4.695652173913044,129,22,AACGATTTAGTCCTAACGGG,107,3525620
tfaE_stfE_predicted,0.09090909090909091,22,21,TTGGAACAAGGTACTCGATT,1,3531220
tfaE_stfE_predicted,0.09090909090909091,22,21,TTCTTTTTGCCAAGAAGCTA,1,3508428
tfaE_stfE_predicted,0.09090909090909091,22,21,TGCAAGCATAAACAGTGTGT,1,3519609
tfaE_stfE_predicted,4.818181818181818,126,21,TGAGAAAGGTGGCAATTTAA,105,3503316
tfaE_stfE_predicted,1.4545454545454546,52,21,TGACTCTCTATACGTGCAGC,31,3495485
tfaE_stfE_predicted,0.09090909090909091,22,21,TCGTGATCGGTGGCATATTT,1,3521592
tfaE_stfE_predicted,0.09090909090909091,22,21,TCGCTTTCACACACAAAGGT,1,3483639
tfaE_stfE_predicted,5.545454545454546,142,21,TCCCAATCTTGGAGACATAC,121,3468097
tfaE_stfE_predicted,4.045454545454546,109,21,TCAGTTTACCCTCCCCATGG,88,3521414
tfaE_stfE_predicted,0.09090909090909091,22,21,TAGCTTACGACACCACGGCA,1,3476757
tfaE_stfE_predicted,5.0,130,21,TACCGTTGACGTCATTGCTG,109,3501883
tfaE_stfE_predicted,3.6818181818181817,101,21,TAAGGTATTGACAGGGCTGT,80,3504924
tfaE_stfE_predicted,6.863636363636363,171,21,TAAGGATCCCAAGGTGGGAC,150,3537353
tfaE_stfE_predicted,2.9545454545454546,85,21,TAACCCTTCTGTAATACGTT,64,3485514
tfaE_stfE_predicted,0.09090909090909091,22,21,TAAATGTCGCGGGCTCAAGG,1,3511901
tfaE_stfE_predicted,0.09090909090909091,22,21,GTCTAGTACGATGCTACAAC,1,3509641
tfaE_stfE_predicted,2.409090909090909,73,21,GGTCTGTGTCGGACGCATTT,52,3502839
tfaE_stfE_predicted,2.6818181818181817,79,21,GGTACGATGCCGCTATCTCG,58,3499617
tfaE_stfE_predicted,1.2272727272727273,47,21,GGGTATGTTAACTGTGCAGA,26,3509194
tfaE_stfE_predicted,2.409090909090909,73,21,GCGCTTCGAGCAAATCCAGG,52,3485274
tfaE_stfE_predicted,4.2272727272727275,113,21,GCAGGGTATAGTTCTCGTGT,92,3469388
tfaE_stfE_predicted,3.772727272727273,103,21,GAGTTAGTCCTCTTCGTCCC,82,3468528
tfaE_stfE_predicted,3.6818181818181817,101,21,GAGTCGTCAAAATGAGTTGA,80,3472647
tfaE_stfE_predicted,4.2272727272727275,113,21,GACTGTAGTACTCCTAGGAG,92,3488072
tfaE_stfE_predicted,0.09090909090909091,22,21,GAATCGATTAACCGGGTTGG,1,3468903
tfaE_stfE_predicted,0.09090909090909091,22,21,CTCTAGCAGGAAACGTAACT,1,3481657
tfaE_stfE_predicted,1.1818181818181819,46,21,CTAGCGCACGATAAAGCTAA,25,3533225
tfaE_stfE_predicted,0.09090909090909091,22,21,CGGACGCTTGGTATGCCACA,1,3516310
tfaE_stfE_predicted,0.09090909090909091,22,21,CGCACCTATTCATATAATAC,1,3527641
tfaE_stfE_predicted,4.2272727272727275,113,21,CCGGATTAGTACTGACCCGC,92,3498682
tfaE_stfE_predicted,0.09090909090909091,22,21,CCAGGGTCGCTAGGATTTTA,1,3468294
tfaE_stfE_predicted,0.09090909090909091,22,21,CCAGACGGTAAGGCCTATTG,1,3475824
tfaE_stfE_predicted,0.09090909090909091,22,21,CATACGGGCAGGCTGGACTT,1,3467815
tfaE_stfE_predicted,0.09090909090909091,22,21,CAAACAGTAACAACTTGAAG,1,3478703
tfaE_stfE_predicted,0.09090909090909091,22,21,ATTGCGAATTGGTTCTAAGT,1,3488528
tfaE_stfE_predicted,0.09090909090909091,22,21,ATGGCTTGTGCGGGGCGACA,1,3482926
tfaE_stfE_predicted,3.090909090909091,88,21,ATCCTGCTATTCGCTGAGAT,67,3475509
tfaE_stfE_predicted,0.09090909090909091,22,21,ATATGTAGGGTTTCAATGGT,1,3524397
tfaE_stfE_predicted,3.272727272727273,92,21,AGCTGTCACGTCGGGGATGC,71,3500095
tfaE_stfE_predicted,5.545454545454546,142,21,AGATCAGGAATAGATATGTC,121,3538674
tfaE_stfE_predicted,0.09090909090909091,22,21,ACTTCTCACTAGATAGTATA,1,3473015
tfaE_stfE_predicted,0.09090909090909091,22,21,ACCACGCTATGACTGAGCCA,1,3529115
tfaE_stfE_predicted,1.2727272727272727,48,21,ACCACGATGTGAGATGCTGC,27,3486353
tfaE_stfE_predicted,0.09090909090909091,22,21,ACAGGATGATTAGGGCCATG,1,3478448
tfaE_stfE_predicted,3.3181818181818183,93,21,AATCCTTAGGTGTCGTACAT,72,3481341
tfaE_stfE_predicted,2.909090909090909,84,21,AAGTTTGTCCACAACGAGCT,63,3488540
tfaE_stfE_predicted,0.09090909090909091,22,21,AAGTCAAGCTTCTGGCAGCA,1,3475613
tfaE_stfE_predicted,0.13636363636363635,23,21,AAATCGAGGGTACACTCCTA,2,3500039
tfaE_stfE_predicted,0.09090909090909091,22,21,AAAGGTCAGGTCGCGGTTAC,1,3479145
tfaE_stfE_predicted,4.238095238095238,108,20,TTCTGATGCGGACTATTTTC,88,3489773
tfaE_stfE_predicted,4.0,103,20,TTCGCTCTCTAGCGGCCAGA,83,3507440
tfaE_stfE_predicted,0.09523809523809523,21,20,TGTTTCAGTAAGGAAAGAAT,1,3485335
tfaE_stfE_predicted,2.0,61,20,TGTTGGCTACCTTGGGATTT,41,3508209
tfaE_stfE_predicted,4.380952380952381,111,20,TGGAGTCGTGCATATAGGGT,91,3506542
tfaE_stfE_predicted,0.09523809523809523,21,20,TCGCACCGAATTTTCTATGA,1,3524876
tfaE_stfE_predicted,0.09523809523809523,21,20,TCGATAGTCAAAGCCTCAGG,1,3529312
tfaE_stfE_predicted,1.2857142857142858,46,20,TCAATCTACGTAGCTACCTA,26,3506136
tfaE_stfE_predicted,0.09523809523809523,21,20,TAGGAGACAATTCTAAACGC,1,3478479
tfaE_stfE_predicted,0.09523809523809523,21,20,TACATAACTCGATGGGTCGT,1,3469119
tfaE_stfE_predicted,0.09523809523809523,21,20,TAAATAGAGCGGACAAGACT,1,3496455
tfaE_stfE_predicted,5.809523809523809,141,20,GTTCGGTGGACAACATCCGA,121,3524145
tfaE_stfE_predicted,0.9047619047619048,38,20,GTGCCACATGACATGCTCGG,18,3498146
tfaE_stfE_predicted,0.09523809523809523,21,20,GGTCGATTCATAATGCACTT,1,3499540
tfaE_stfE_predicted,4.523809523809524,114,20,GGGGTATTGCCGTTGCGACA,94,3480591
tfaE_stfE_predicted,0.09523809523809523,21,20,GGCTGGTAAGGAGGGAGAGT,1,3493696
tfaE_stfE_predicted,5.428571428571429,133,20,GGACGTCATCATTAGTGCTT,113,3467477
tfaE_stfE_predicted,0.09523809523809523,21,20,GCTGACGTGTCTCACGGGTG,1,3510670
tfaE_stfE_predicted,4.666666666666667,117,20,GCTCTCGTGTACCTACTGCA,97,3512424
tfaE_stfE_predicted,0.09523809523809523,21,20,GCGTTACTCAGCATAGATAG,1,3495893
tfaE_stfE_predicted,1.0476190476190477,41,20,GCCGAGAGGTTAGTGGATGA,21,3471668
tfaE_stfE_predicted,2.6666666666666665,75,20,GCCAAGCCCAGTGTTAGATC,55,3506821
tfaE_stfE_predicted,8.952380952380953,207,20,CTTTGGTAAAGCCCAATGCT,187,3517994
tfaE_stfE_predicted,1.3333333333333333,47,20,CGTAATGACTCATGCCTCCA,27,3491849
tfaE_stfE_predicted,4.571428571428571,115,20,CGATGGATCAGTGCATCGTG,95,3512348
tfaE_stfE_predicted,0.09523809523809523,21,20,CCGCAGGAATCTTTCCCTGA,1,3517084
tfaE_stfE_predicted,1.8095238095238095,57,20,CATTAGCCTGAAGTATACGG,37,3532583
tfaE_stfE_predicted,0.09523809523809523,21,20,CATCAGTCACTCGCGATGAT,1,3506105
tfaE_stfE_predicted,0.09523809523809523,21,20,CAGGGATGATTAAATAAGCA,1,3503372
tfaE_stfE_predicted,0.09523809523809523,21,20,ATTACGCCGTATGGTTATCG,1,3491215
tfaE_stfE_predicted,2.380952380952381,69,20,ATGCTGGACCTTCTTCCCTA,49,3499700
tfaE_stfE_predicted,0.09523809523809523,21,20,AGTTAGTAACGTGATCCCCC,1,3483696
tfaE_stfE_predicted,2.2857142857142856,67,20,AGTGTGACGTGTATCATCCA,47,3516364
tfaE_stfE_predicted,0.09523809523809523,21,20,AGTGCATCAGACGTTCGAGA,1,3515197
tfaE_stfE_predicted,0.09523809523809523,21,20,AGGGGATAGGACTGATTGTC,1,3514460
tfaE_stfE_predicted,1.9523809523809523,60,20,AGCTAGGGGAAGGTCGGTCT,40,3511109
tfaE_stfE_predicted,0.09523809523809523,21,20,AGAGTCTGTCTGGGCATAAA,1,3466662
tfaE_stfE_predicted,4.0,103,20,ACATTCTTAAGTGTCGTCTA,83,3515672
tfaE_stfE_predicted,1.4285714285714286,49,20,AAGCAGGATGTGTGACAAGC,29,3512289
tfaE_stfE_predicted,0.19047619047619047,23,20,AAGATATCCGCCGATCTACC,3,3470933
tfaE_stfE_predicted,1.0952380952380953,42,20,AACTTCATACTCCTGTTAAA,22,3509931
tfaE_stfE_predicted,0.09523809523809523,21,20,AACCCTCAGCTTGTCAGATA,1,3492531
tfaE_stfE_predicted,0.09523809523809523,21,20,AAACTCTTCGCACCTTTCAT,1,3528233
tfaE_stfE_predicted,0.09523809523809523,21,20,AAACACACTTAAACACTCGC,1,3530811
tfaE_stfE_predicted,2.5,68,19,TTGTACTGGTATTATGAAAC,49,3489085
tfaE_stfE_predicted,3.7,92,19,TTAAGGCTTAATGATGTCTC,73,3532448
tfaE_stfE_predicted,3.15,81,19,TGTGGTGGAGCCCCTTTTGC,62,3477643
tfaE_stfE_predicted,4.4,106,19,TGCTCCCACAAATTTAGCAG,87,3519868
tfaE_stfE_predicted,0.1,20,19,TGCGCTGTAGTTTTTTAAGG,1,3486555
tfaE_stfE_predicted,6.0,138,19,TGAAGTTGGCTGAAGGGGAA,119,3509594
tfaE_stfE_predicted,5.7,132,19,TGAAGTGCGAAGGACCCGAC,113,3540342
tfaE_stfE_predicted,0.1,20,19,TCGTCAGCGGGCACGATAAT,1,3508177
tfaE_stfE_predicted,1.95,57,19,TCGCGGGCCACGCCAGAGTG,38,3518261
tfaE_stfE_predicted,4.65,111,19,TCACCCCATCTGTGGTCCTA,92,3496870
tfaE_stfE_predicted,1.5,48,19,TATAGTTTGCCGATGACAGG,29,3491556
tfaE_stfE_predicted,0.15,21,19,TAGGTCGGCTGTAAACTGCT,2,3497974
tfaE_stfE_predicted,5.7,132,19,TAGGAAGCAAGTTTGACTGA,113,3522304
tfaE_stfE_predicted,0.1,20,19,TACTAGCTGTATCGAGCGTA,1,3528942
tfaE_stfE_predicted,2.35,65,19,TACAGTTTGTGCTCGACTCC,46,3518331
tfaE_stfE_predicted,0.1,20,19,GTTTCAGTGCACCTGCGCCT,1,3528653
tfaE_stfE_predicted,0.1,20,19,GTTGCATTCATAAGAGCCCA,1,3487166
tfaE_stfE_predicted,0.1,20,19,GTAAGAAGTCTCTTGCGTTA,1,3479005
tfaE_stfE_predicted,2.65,71,19,GGCAGCTGAAGACCGGGTAT,52,3479475
tfaE_stfE_predicted,4.05,99,19,GCGAAACTATGCAAATTGCT,80,3519006
tfaE_stfE_predicted,0.1,20,19,GCCCTAAGATTCCGATAAAT,1,3535123
tfaE_stfE_predicted,0.1,20,19,GAGTTCAGCCCACCGTTTAT,1,3491521
tfaE_stfE_predicted,3.55,89,19,GAGTAGGCCCTCCAGCACAA,70,3524690
tfaE_stfE_predicted,1.3,44,19,GAGATGCTTTGTGGACCAGG,25,3521950
tfaE_stfE_predicted,5.2,122,19,GAACTAAGGGTTTGTAAACA,103,3492798
tfaE_stfE_predicted,0.1,20,19,GAAATCACACCTGCGCGCTG,1,3535487
tfaE_stfE_predicted,5.9,136,19,CTCATTCCTGTCGGAAGGAA,117,3525317
tfaE_stfE_predicted,0.1,20,19,CGTCCCCTCGTCCGCGCTGC,1,3523122
tfaE_stfE_predicted,0.1,20,19,CGGACGCCGTGCGACCAAAG,1,3473942
tfaE_stfE_predicted,3.9,96,19,CGCAAATTACAAGGGTGCGC,77,3530175
tfaE_stfE_predicted,1.05,39,19,CGATTAGAGAAGGGTGTGTT,20,3504942
tfaE_stfE_predicted,0.9,36,19,CGAGACATACATGTTCGTAT,17,3499258
tfaE_stfE_predicted,2.7,72,19,CCTGGGTCCTCCTTCGAAGT,53,3536415
tfaE_stfE_predicted,5.05,119,19,CCTATTTCACACTACCCAGA,100,3534838
tfaE_stfE_predicted,0.1,20,19,CCTAGGCTTACGGCCTCTGA,1,3485378
tfaE_stfE_predicted,12.55,269,19,CCGACTGGTGCGAGATAAGC,250,3491415
tfaE_stfE_predicted,3.8,94,19,CCCTCTGTAGCCGCGTAACT,75,3498145
tfaE_stfE_predicted,0.1,20,19,CCCCCCAAAGTATCTTGAGA,1,3468177
tfaE_stfE_predicted,5.0,118,19,CCCAGTTCGTAGCGTCCCAG,99,3468744
tfaE_stfE_predicted,3.85,95,19,CATACTCCACCCCTATACCT,76,3504832
tfaE_stfE_predicted,5.3,124,19,CAAGCGAGCCTCAACAGGAG,105,3522244
tfaE_stfE_predicted,6.35,145,19,ATTCGATCCTTTGCGGGTTA,126,3470881
tfaE_stfE_predicted,3.4,86,19,ATGAGAGATACCACTAGCGA,67,3510737
tfaE_stfE_predicted,0.2,22,19,ATCCTTCCTCTTGATGTCCT,3,3468395
tfaE_stfE_predicted,0.1,20,19,ATCCAGCGTAGGGTATTTTG,1,3496901
tfaE_stfE_predicted,0.1,20,19,AGGATGCGCGATCGCCTATC,1,3534334
tfaE_stfE_predicted,3.3,84,19,AGACGACCTATTGGTCGAAA,65,3493301
tfaE_stfE_predicted,4.5,108,19,AGAACGATTCCCGTCACACC,89,3509835
tfaE_stfE_predicted,6.6,150,19,ACTACATTGTCCAGGAGGGG,131,3494741
tfaE_stfE_predicted,5.6,130,19,ACAGGACGAGTCTAGACGCC,111,3507463
tfaE_stfE_predicted,5.85,135,19,AAGTGACTGGCTACTTGGCC,116,3482054
tfaE_stfE_predicted,1.85,55,19,AAGTATAGAGGAAGATTTCG,36,3505543
tfaE_stfE_predicted,0.1,20,19,AAGCACTTGTATTAACCAAC,1,3504632
tfaE_stfE_predicted,0.1,20,19,AACGTGGGGGCCTTAAAGCA,1,3532832
tfaE_stfE_predicted,6.6,150,19,AACCACTGAATGTCTCTTAC,131,3473654
tfaE_stfE_predicted,0.10526315789473684,19,18,TTAGTGCCCTGGCGCGAAAG,1,3513893
tfaE_stfE_predicted,0.10526315789473684,19,18,TGGAATCTGGGCTTGGGAGC,1,3531421
tfaE_stfE_predicted,2.4210526315789473,63,18,TGCGCGCTCATATAAGACCT,45,3533888
tfaE_stfE_predicted,4.526315789473684,103,18,TCTGATAATACCCTATTTTT,85,3466715
tfaE_stfE_predicted,11.473684210526315,235,18,TCAGCTCACTCTCCTCCGCA,217,3500263
tfaE_stfE_predicted,0.10526315789473684,19,18,TATTGCACACAGACATGATG,1,3519140
tfaE_stfE_predicted,0.10526315789473684,19,18,TAGGAGTTAACATGCTGACT,1,3535032
tfaE_stfE_predicted,4.578947368421052,104,18,TAACTTAGAATTTGAAATTA,86,3497999
tfaE_stfE_predicted,3.3684210526315788,81,18,GTTCCGGAAGGTTGGAACGG,63,3468754
tfaE_stfE_predicted,0.10526315789473684,19,18,GTTAGCCCGGGTGGCAAGCG,1,3467089
tfaE_stfE_predicted,0.10526315789473684,19,18,GTTACTGGTCCTTATTATCT,1,3537980
tfaE_stfE_predicted,6.052631578947368,132,18,GTTAATTTAGCGACCTTCCT,114,3491070
tfaE_stfE_predicted,2.9473684210526314,73,18,GTGTAGCCATAGATCGGCTG,55,3535765
tfaE_stfE_predicted,4.578947368421052,104,18,GTCGCATCAGCACACTAGGC,86,3527776
tfaE_stfE_predicted,0.10526315789473684,19,18,GTCAGGGTAACGAAAAGCCT,1,3480529
tfaE_stfE_predicted,5.315789473684211,118,18,GTATACAATCTCATCTAAAA,100,3484042
tfaE_stfE_predicted,0.10526315789473684,19,18,GTATAATTGACTTGTTGGTA,1,3469400
tfaE_stfE_predicted,6.105263157894737,133,18,GTAGCACCTGACGGCTTAGA,115,3521229
tfaE_stfE_predicted,0.10526315789473684,19,18,GTAAGGTTGATTTCATCGCA,1,3501684
tfaE_stfE_predicted,0.10526315789473684,19,18,GGGGTGGGCGAGTACACTGT,1,3521951
tfaE_stfE_predicted,0.10526315789473684,19,18,GGATTCAGTTCTTCCAATAG,1,3493692
tfaE_stfE_predicted,1.3157894736842106,42,18,GCAATAAACTAAGATACGTT,24,3484100
tfaE_stfE_predicted,5.157894736842105,115,18,GATCTAATCCGCATCCGATA,97,3511141
tfaE_stfE_predicted,0.10526315789473684,19,18,GAGGAACCATTTGGAAGAAG,1,3520598
tfaE_stfE_predicted,2.473684210526316,64,18,GAGCGAAAGTTGAGTTGCGT,46,3510814
tfaE_stfE_predicted,4.157894736842105,96,18,GACTACCGTGTGTGTCGAGT,78,3467807
tfaE_stfE_predicted,4.2105263157894735,97,18,GAACGGCCCGCGGAACATCC,79,3520042
tfaE_stfE_predicted,2.210526315789474,59,18,CTTGACTCAGGCCCGGCACT,41,3497861
tfaE_stfE_predicted,0.10526315789473684,19,18,CTTCGTCCAAGCATCTGGGT,1,3516080
tfaE_stfE_predicted,3.6315789473684212,86,18,CTCATTTGTCATAAATATCT,68,3512082
tfaE_stfE_predicted,6.368421052631579,138,18,CTAAGGTGACTAATTCACGG,120,3478652
tfaE_stfE_predicted,0.10526315789473684,19,18,CTAACGTAGCGTACATCGGT,1,3493842
tfaE_stfE_predicted,5.368421052631579,119,18,CGTGTAATCACCTAGCATCT,101,3528040
tfaE_stfE_predicted,0.10526315789473684,19,18,CGGTGTGCGGTCCAAGCGTT,1,3503730
tfaE_stfE_predicted,0.10526315789473684,19,18,CGCGCCATGTTCAGATCTGA,1,3479899
tfaE_stfE_predicted,1.4210526315789473,44,18,CGATCCACCGTCTCTAGCCA,26,3473431
tfaE_stfE_predicted,1.5263157894736843,46,18,CCCCACGCTTAACTCCTTGT,28,3488616
tfaE_stfE_predicted,0.10526315789473684,19,18,CCATGTAGTCGATATCGGCC,1,3528373
tfaE_stfE_predicted,2.736842105263158,69,18,CCACTCTCTCTACGATGTCA,51,3476091
tfaE_stfE_predicted,0.10526315789473684,19,18,CATCGAACCCTTCAGGCGGC,1,3534185
tfaE_stfE_predicted,0.8421052631578947,33,18,CAGACGTAACCCTTGTTCGG,15,3506667
tfaE_stfE_predicted,1.1578947368421053,39,18,CAGAACATAAGGTGGCCCGG,21,3505323
tfaE_stfE_predicted,0.10526315789473684,19,18,ATTATTTTATCGTCAACTAT,1,3478119
tfaE_stfE_predicted,0.10526315789473684,19,18,AGGGCGGTCCGTGATTAAAA,1,3488815
tfaE_stfE_predicted,0.10526315789473684,19,18,AGAGCACAAGGACATTTCTT,1,3534686
tfaE_stfE_predicted,0.10526315789473684,19,18,ACCGACTAACTGGCAACATC,1,3484970
tfaE_stfE_predicted,13.052631578947368,265,18,ACAGTCATGTCATCGCGGCC,247,3524692
tfaE_stfE_predicted,5.368421052631579,119,18,AATTTAGTGGAGAAACTTTA,101,3525566
tfaE_stfE_predicted,0.10526315789473684,19,18,AACTTAGCGTACCGCGACAG,1,3477532
tfaE_stfE_predicted,0.1111111111111111,18,17,TTCATTAGGTTGGTTCCTGT,1,3539775
tfaE_stfE_predicted,0.1111111111111111,18,17,TTATTTATGTCTTAGGCACT,1,3522383
tfaE_stfE_predicted,0.2222222222222222,20,17,TGGTGCGGCAGAGCTGCGGC,3,3503282
tfaE_stfE_predicted,0.1111111111111111,18,17,TGGAGCAGATACAGCTCCAT,1,3519150
tfaE_stfE_predicted,5.222222222222222,110,17,TCTCGGACTACGTAGCACGT,93,3520985
tfaE_stfE_predicted,4.555555555555555,98,17,TCCGTGAAGTGAATGCGCGG,81,3508015
tfaE_stfE_predicted,1.7777777777777777,48,17,TCACACAACCTTGTATGTCC,31,3487756
tfaE_stfE_predicted,0.1111111111111111,18,17,TATAGCGTGGACTTGGGAGG,1,3523569
tfaE_stfE_predicted,0.1111111111111111,18,17,TACGAGTAAACACCCTGCAA,1,3497929
tfaE_stfE_predicted,0.1111111111111111,18,17,GTGGCCTGGATGACTGATTT,1,3522866
tfaE_stfE_predicted,0.1111111111111111,18,17,GTGCCACTCGGCAACCTTGA,1,3536201
tfaE_stfE_predicted,0.1111111111111111,18,17,GTCGTATACGAGACTGTACA,1,3472161
tfaE_stfE_predicted,0.1111111111111111,18,17,GTCGGGAAATGAACGCATGC,1,3531348
tfaE_stfE_predicted,0.1111111111111111,18,17,GTCGCGCGGACCCCGGATTT,1,3468895
tfaE_stfE_predicted,6.555555555555555,134,17,GTCCGGGGGTAGGAGGTCAG,117,3489874
tfaE_stfE_predicted,0.1111111111111111,18,17,GGTTACAAGACGTTTGAAAA,1,3534371
tfaE_stfE_predicted,0.1111111111111111,18,17,GGCTAGAGTTGTCTAAGGTC,1,3533976
tfaE_stfE_predicted,5.944444444444445,123,17,GGCGTTCGCCGCTGCAGTTT,106,3530770
tfaE_stfE_predicted,0.1111111111111111,18,17,GGACCGGATCTAGGCTCCGT,1,3486236
tfaE_stfE_predicted,0.1111111111111111,18,17,GCGTAGCGAGTCATTCAAAG,1,3478441
tfaE_stfE_predicted,0.1111111111111111,18,17,GCGGTTCCCGCTCGCCAGGC,1,3533987
tfaE_stfE_predicted,0.1111111111111111,18,17,GCCTATTCCCATTGAACGGA,1,3471283
tfaE_stfE_predicted,1.0555555555555556,35,17,GATCTCACATGATCCTAATA,18,3473991
tfaE_stfE_predicted,0.1111111111111111,18,17,GATACGCTGCTGTGCTAGCC,1,3493841
tfaE_stfE_predicted,5.833333333333333,121,17,GAGCGCACCAATCGTCGCCC,104,3521536
tfaE_stfE_predicted,0.1111111111111111,18,17,CTTTAATCCAGTTAGGAAGT,1,3489830
tfaE_stfE_predicted,5.944444444444445,123,17,CTTGAGGGGGGGTCCATTTA,106,3537040
tfaE_stfE_predicted,5.555555555555555,116,17,CTGTTTCAGAAGGAGAGAAA,99,3502553
tfaE_stfE_predicted,0.1111111111111111,18,17,CTGTATCCGCACTTGTATGA,1,3499083
tfaE_stfE_predicted,5.555555555555555,116,17,CTAAACGACATGGCAACATT,99,3511928
tfaE_stfE_predicted,1.5555555555555556,44,17,CGGTCCATAGGAGCTCATTT,27,3523924
tfaE_stfE_predicted,1.5555555555555556,44,17,CGGGAAAAGTGTGGTCGCCC,27,3479548
tfaE_stfE_predicted,0.1111111111111111,18,17,CGCTACGCCGCCGCTTTGAA,1,3481310
tfaE_stfE_predicted,0.1111111111111111,18,17,CCTTTTATCGTCAGTTTTAC,1,3472508
tfaE_stfE_predicted,5.277777777777778,111,17,CCTCCCCCCGTGGGATGCTG,94,3511558
tfaE_stfE_predicted,7.5,151,17,CCGCTTCTCCCTTGATTCCA,134,3527606
tfaE_stfE_predicted,2.4444444444444446,60,17,CCCGTTTAGTTATACATCGT,43,3527825
tfaE_stfE_predicted,6.333333333333333,130,17,CAATCGGGGCTTCGAAAGGG,113,3472068
tfaE_stfE_predicted,0.2222222222222222,20,17,CAAGGTCAAATGCAGGCGAG,3,3497927
tfaE_stfE_predicted,6.444444444444445,132,17,CAACGCAATCGCGCCGGCAA,115,3522028
tfaE_stfE_predicted,4.833333333333333,103,17,AGCTCTACCTCCCAACCGTA,86,3478594
tfaE_stfE_predicted,2.0555555555555554,53,17,AGAGCATTGATGCACGTCCT,36,3478527
tfaE_stfE_predicted,3.4444444444444446,78,17,AGAAAACTACGGCTTGGACG,61,3532052
tfaE_stfE_predicted,2.0,52,17,ACCGGGTGTGTTTACGTTTA,35,3515901
tfaE_stfE_predicted,5.777777777777778,120,17,ACCGGAAGTTATGGATCCCG,103,3532670
tfaE_stfE_predicted,0.1111111111111111,18,17,ACCATTGGCTCCCCTTGCAA,1,3496471
tfaE_stfE_predicted,0.1111111111111111,18,17,ACATGGTCTATGTGGGATCC,1,3474656
tfaE_stfE_predicted,4.666666666666667,100,17,ACATGACATACGCTGCGCCG,83,3530140
tfaE_stfE_predicted,0.1111111111111111,18,17,AAAGGTATCAGGGCCTACTA,1,3519409
tfaE_stfE_predicted,1.1176470588235294,34,16,TTTTTTACTGGATCCTCCTC,18,3534859
tfaE_stfE_predicted,2.6470588235294117,60,16,TTTGCATATGACAGGCATTT,44,3508793
tfaE_stfE_predicted,2.0588235294117645,50,16,TTTGATTCAGGATGTCTGAG,34,3473956
tfaE_stfE_predicted,0.11764705882352941,17,16,TTAAAACGTCAGTTTCACAC,1,3474640
tfaE_stfE_predicted,3.411764705882353,73,16,TGTTTGACACGGCTGCCTTG,57,3522620
tfaE_stfE_predicted,4.352941176470588,89,16,TGTCGAGGTCTTTGCTTAAA,73,3473268
tfaE_stfE_predicted,4.588235294117647,93,16,TGGCACGCCAGGCTTTGGAT,77,3512748
tfaE_stfE_predicted,6.411764705882353,124,16,TCTAGGGTGCATTTAAGCGA,108,3519957
tfaE_stfE_predicted,0.11764705882352941,17,16,TCGTCCGAACTATTGCTTTT,1,3489413
tfaE_stfE_predicted,3.9411764705882355,82,16,TCGCGCCGTGGTGCTGTGTG,66,3503373
tfaE_stfE_predicted,0.11764705882352941,17,16,TCACTAGGAGGCCTAGGGAC,1,3486123
tfaE_stfE_predicted,1.2941176470588236,37,16,TATCATTGGGCGTTCACTCT,21,3518249
tfaE_stfE_predicted,0.11764705882352941,17,16,TAGATAAGAATCAGACGTAT,1,3482887
tfaE_stfE_predicted,1.4705882352941178,40,16,TACGAGTGGATCCCTCATCA,24,3498601
tfaE_stfE_predicted,1.5294117647058822,41,16,TACAAGTGCCTCAGGCCGGT,25,3486798
tfaE_stfE_predicted,8.176470588235293,154,16,TAACCTTCGCGGTTGGGGGA,138,3484467
tfaE_stfE_predicted,0.11764705882352941,17,16,GTTCAGTACCATGTTATTCA,1,3473013
tfaE_stfE_predicted,0.11764705882352941,17,16,GTTAGCACGGGATCTGCCCA,1,3514411
tfaE_stfE_predicted,1.3529411764705883,38,16,GTGTTTAGGACACCAAAAGG,22,3496558
tfaE_stfE_predicted,2.2941176470588234,54,16,GTACTCTTAAGGCATGGATC,38,3473879
tfaE_stfE_predicted,2.5294117647058822,58,16,GGGTCCTCCCGTGAACCTCA,42,3530177
tfaE_stfE_predicted,0.11764705882352941,17,16,GGGTAAGTTCGAGGGCACAG,1,3492422
tfaE_stfE_predicted,0.11764705882352941,17,16,GGGGACCGTATACCTGTTCT,1,3476912
tfaE_stfE_predicted,0.11764705882352941,17,16,GGGCATCAGGCACCGGCATT,1,3496902
tfaE_stfE_predicted,8.941176470588236,167,16,GGCTCATTGACGATATGGTT,151,3533892
tfaE_stfE_predicted,11.176470588235293,205,16,GCTCAGGCAGGATAGTGACC,189,3479916
tfaE_stfE_predicted,3.764705882352941,79,16,GCGGATTACGTGCTGCCCGA,63,3498063
tfaE_stfE_predicted,0.11764705882352941,17,16,GCGAGATCTACGGTAGATGT,1,3507306
tfaE_stfE_predicted,0.11764705882352941,17,16,GCCGTCAGGTTATTTCTGAA,1,3521666
tfaE_stfE_predicted,0.7647058823529411,28,16,GCCCACAGACCACGGGTCCA,12,3536614
tfaE_stfE_predicted,3.7058823529411766,78,16,GCACGGTCACAACTTCCAAA,62,3510957
tfaE_stfE_predicted,6.764705882352941,130,16,GATGGCTTGTCTATGCAACA,114,3530546
tfaE_stfE_predicted,1.3529411764705883,38,16,GACATTGCTTTTCCCTCCGT,22,3537236
tfaE_stfE_predicted,2.6470588235294117,60,16,GAAGCCTAGGGATGAGGGCT,44,3523180
tfaE_stfE_predicted,3.2941176470588234,71,16,GAACCGCTTTAGTACCCTGA,55,3540194
tfaE_stfE_predicted,5.588235294117647,110,16,CTTTGAGGTATGTACGGTCA,94,3502335
tfaE_stfE_predicted,0.11764705882352941,17,16,CTTAATGTAGTAGTAGAATT,1,3506921
tfaE_stfE_predicted,0.11764705882352941,17,16,CTGCGGTTCTCACTTCGCGA,1,3536746
tfaE_stfE_predicted,4.294117647058823,88,16,CTGACATCTTAGACAAAAAA,72,3524683
tfaE_stfE_predicted,12.941176470588236,235,16,CTCTTGCAGGATGCATTGTT,219,3496349
tfaE_stfE_predicted,0.11764705882352941,17,16,CGGTTGCGGAAGACGGGCGC,1,3481872
tfaE_stfE_predicted,0.11764705882352941,17,16,CGGTCTCTCTTTCGGAGCTT,1,3495756
tfaE_stfE_predicted,2.4705882352941178,57,16,CGACTTCAGCCTACCTTAAG,41,3517423
tfaE_stfE_predicted,0.11764705882352941,17,16,CGAACACACCGAGCTGGGAA,1,3468281
tfaE_stfE_predicted,0.11764705882352941,17,16,CCTATAATGTACAGGGTGCG,1,3520548
tfaE_stfE_predicted,0.17647058823529413,18,16,CCGGTTACCCCGGGCCTGGG,2,3520432
tfaE_stfE_predicted,5.529411764705882,109,16,CCGGAAGTATCCAGTCACTC,93,3488916
tfaE_stfE_predicted,13.058823529411764,237,16,CATGCCACGCCCATGATACG,221,3539438
tfaE_stfE_predicted,0.11764705882352941,17,16,CAGGTAATTTAATTGTGAAG,1,3487187
tfaE_stfE_predicted,0.11764705882352941,17,16,ATGTGTTATGTGATGTCCGT,1,3481923
tfaE_stfE_predicted,4.117647058823529,85,16,ATGCCTGACTCAATCCAACT,69,3536642
tfaE_stfE_predicted,0.11764705882352941,17,16,ATGAATTTATATTCCTCCGT,1,3527433
tfaE_stfE_predicted,3.176470588235294,69,16,ATGAAGGGTAAACAACGCCG,53,3490030
tfaE_stfE_predicted,3.764705882352941,79,16,AGTTGGCGAGTTTCTGGTGT,63,3507244
tfaE_stfE_predicted,2.0,49,16,AGAAAAGCCCATCAACATAT,33,3466789
tfaE_stfE_predicted,0.5882352941176471,25,16,ACTTGTGTTTCGTCGGACTG,9,3487224
tfaE_stfE_predicted,6.235294117647059,121,16,ACGTAGGCGAAGAGTTGGCT,105,3472255
tfaE_stfE_predicted,3.588235294117647,76,16,ACACGCAACTCGCTCATATA,60,3484204
tfaE_stfE_predicted,2.823529411764706,63,16,AAGAGGTAAGACGCTGCAAA,47,3492971
tfaE_stfE_predicted,0.11764705882352941,17,16,AACTAGGCCTTTATGAACGA,1,3492576
tfaE_stfE_predicted,0.11764705882352941,17,16,AACAGCACCGTCCAAAATGT,1,3519489
tfaE_stfE_predicted,0.125,16,15,TTTAGGTGGCAGTATTGTTC,1,3505026
tfaE_stfE_predicted,2.25,50,15,TTGCGTGACCTTACTCCAAA,35,3467813
tfaE_stfE_predicted,17.25,290,15,TTGCGTCAGTCATCTCAGAT,275,3469940
tfaE_stfE_predicted,5.875,108,15,TTGCGACAGGACGGAAAGAA,93,3502965
tfaE_stfE_predicted,1.5625,39,15,TTCGCGAAACCGGGTAGCCT,24,3531453
tfaE_stfE_predicted,2.75,58,15,TCGGCACTGGGGTATCAATA,43,3507986
tfaE_stfE_predicted,3.9375,77,15,TCGAGGGGTCAATATACAAG,62,3530485
tfaE_stfE_predicted,0.125,16,15,TCCCGTGTGATCCCCTATGT,1,3518061
tfaE_stfE_predicted,2.0,46,15,TCATATTGAGATAGCTTCTT,31,3523929
tfaE_stfE_predicted,7.5625,135,15,TCATATATGACAACTCCATG,120,3517195
tfaE_stfE_predicted,0.125,16,15,TACTCGTTCCTTCTTAACGG,1,3532825
tfaE_stfE_predicted,0.125,16,15,TACTCAAAGTTTTCACGTAA,1,3519943
tfaE_stfE_predicted,4.875,92,15,TACAGAGCCCTTCACTACGT,77,3535877
tfaE_stfE_predicted,4.1875,81,15,TAACAAATAAGCCGCACACT,66,3518221
tfaE_stfE_predicted,1.6875,41,15,GTTAAAGCTAAGTTGGTCAA,26,3472556
tfaE_stfE_predicted,0.125,16,15,GTGTATCGGCGGAAGACCAA,1,3504555
tfaE_stfE_predicted,0.1875,17,15,GGGTGTAAGTCTTGGGGGAT,2,3495440
tfaE_stfE_predicted,0.125,16,15,GGCTGTCTGGTCGTGTGATG,1,3520919
tfaE_stfE_predicted,4.4375,85,15,GGCGACATCTGCCTGGTGCC,70,3492323
tfaE_stfE_predicted,6.9375,125,15,GCTGGGGCGGTCGTCTGGTT,110,3521339
tfaE_stfE_predicted,0.125,16,15,GCGTATCAAGTCACGCAATA,1,3479651
tfaE_stfE_predicted,0.125,16,15,GCATACGCGGATCCTCCACC,1,3480098
tfaE_stfE_predicted,5.625,104,15,GCACAATGTTAGGGGGTCCG,89,3481583
tfaE_stfE_predicted,3.875,76,15,GATTAGCAACTTCCGCGAAT,61,3516309
tfaE_stfE_predicted,0.125,16,15,GATGCACCAACCTTTCTAAT,1,3540914
tfaE_stfE_predicted,9.0,158,15,GATCGTCGGCTTGCAAATGA,143,3491583
tfaE_stfE_predicted,4.4375,85,15,CTTGTTTCAGGGAACTTGGT,70,3471099
tfaE_stfE_predicted,0.5625,23,15,CTTCTATGGGTTTAGGCTGT,8,3502718
tfaE_stfE_predicted,0.5,22,15,CTCTGCGAGTAGGTGGGGTG,7,3526419
tfaE_stfE_predicted,7.4375,133,15,CGACCCCTGTTAGCGCCTGC,118,3491787
tfaE_stfE_predicted,0.125,16,15,CCTACGTAAGGATTGCGATC,1,3536828
tfaE_stfE_predicted,0.125,16,15,CCTACACTGGGTACCCCTGT,1,3517176
tfaE_stfE_predicted,2.0,46,15,CCGTAATTCTCGCCGCACGG,31,3470480
tfaE_stfE_predicted,0.125,16,15,CCCTTATGTCGTAGTAACCC,1,3521679
tfaE_stfE_predicted,3.625,72,15,CCCTCTCTTGGCCTCATGTG,57,3504024
tfaE_stfE_predicted,6.0,110,15,CCCATCCACTTGTCTACAAC,95,3509163
tfaE_stfE_predicted,2.1875,49,15,CCAGATAAACGTCAGCAACC,34,3473825
tfaE_stfE_predicted,0.125,16,15,CATGGCTAAAGCATAAGAAT,1,3499815
tfaE_stfE_predicted,0.125,16,15,CATGCAAATACGTAAATTCG,1,3468439
tfaE_stfE_predicted,0.125,16,15,CAAAGTTCCACCCGCCGATG,1,3500832
tfaE_stfE_predicted,2.3125,51,15,CAAAGTGCAACCCCGTTAAT,36,3491779
tfaE_stfE_predicted,7.3125,131,15,ATTCCAACTCCTGATCAAGG,116,3489517
tfaE_stfE_predicted,6.25,114,15,ATTATGTGATAGTACCGTTT,99,3530635
tfaE_stfE_predicted,2.75,58,15,ATGCAATGGCCATGTAATGG,43,3528013
tfaE_stfE_predicted,5.0625,95,15,AGTTGAGGTCCTGCACCGGA,80,3535751
tfaE_stfE_predicted,0.125,16,15,AGGTCCGTCACGGGAGTATT,1,3532002
tfaE_stfE_predicted,0.125,16,15,AGATTCCTAACTGGGGACTT,1,3490675
tfaE_stfE_predicted,0.1875,17,15,ACTGGTCACATAGACATCGA,2,3474347
tfaE_stfE_predicted,9.6875,169,15,ACTGAATGGACCGAAAGGCA,154,3468814
tfaE_stfE_predicted,0.125,16,15,ACCGGCTGGATCCCACATGT,1,3491464
tfaE_stfE_predicted,5.75,106,15,ACAGTCGGAACTGGTTTGAT,91,3529758
tfaE_stfE_predicted,0.1875,17,15,ACAACGGGAGAAGTGACACT,2,3486437
tfaE_stfE_predicted,7.875,140,15,AATCAAAGACTTGGCAGTAA,125,3489513
tfaE_stfE_predicted,2.625,56,15,AAGTTCCACGCGGCCCCAGG,41,3469332
tfaE_stfE_predicted,3.375,68,15,AACGGCTGTCAGATCTGAGA,53,3530894
tfaE_stfE_predicted,2.6,52,14,TTGCTGTGGTCACCGTAAGG,38,3487990
tfaE_stfE_predicted,0.13333333333333333,15,14,TTCGACCGCAAACGAGGGCA,1,3488739
tfaE_stfE_predicted,7.933333333333334,132,14,TTCATGCACGGGGACACACA,118,3520982
tfaE_stfE_predicted,5.4,94,14,TTATCATAGGTATGCACCCT,80,3473060
tfaE_stfE_predicted,0.8666666666666667,26,14,TGGCGGACACCGCCACATCT,12,3518571
tfaE_stfE_predicted,0.13333333333333333,15,14,TGCTAGAAGCGCTGCGAACG,1,3509401
tfaE_stfE_predicted,5.8,100,14,TCGTTCAAGGGTTTGTCATA,86,3505138
tfaE_stfE_predicted,7.266666666666667,122,14,TCGCACACCGGAATCCATAT,108,3518506
tfaE_stfE_predicted,3.1333333333333333,60,14,TCAAAGGACTCTCCATAACT,46,3531563
tfaE_stfE_predicted,12.933333333333334,207,14,TATGGGCTTAAAGAGTTTCA,193,3478538
tfaE_stfE_predicted,7.933333333333334,132,14,TACCTGTCTCGGCTGTAGAT,118,3524365
tfaE_stfE_predicted,0.13333333333333333,15,14,TACAGAGATATGACAACGCA,1,3503661
tfaE_stfE_predicted,0.13333333333333333,15,14,TAATATATAGCTTTTATTTG,1,3523315
tfaE_stfE_predicted,9.066666666666666,149,14,TAAGGTATAAACCACTCTAT,135,3472949
tfaE_stfE_predicted,0.13333333333333333,15,14,GTCTGCAGCTGTGTCTACGT,1,3515092
tfaE_stfE_predicted,0.13333333333333333,15,14,GTATCGGTCCCGATGGACTT,1,3477570
tfaE_stfE_predicted,7.6,127,14,GTAGTTTGAACCAGATTTGA,113,3510527
tfaE_stfE_predicted,0.13333333333333333,15,14,GTAGCTCATTTTATGGAGTA,1,3535939
tfaE_stfE_predicted,0.8666666666666667,26,14,GTAGACCGTTCGATCAGCGG,12,3471515
tfaE_stfE_predicted,5.933333333333334,102,14,GGTGCGCGACCCCTCTATCG,88,3515392
tfaE_stfE_predicted,0.13333333333333333,15,14,GGTATTGTGGTTCTCCCCTA,1,3487652
tfaE_stfE_predicted,3.1333333333333333,60,14,GGATCTACAGCCCTCCTTGA,46,3517982
tfaE_stfE_predicted,0.13333333333333333,15,14,GGAGGGCAGCTTGGATGAGT,1,3468996
tfaE_stfE_predicted,0.13333333333333333,15,14,GGAGAGGTTCCATTCCAGGT,1,3520845
tfaE_stfE_predicted,6.8,115,14,GATTCTTGGTCTGTCAATTT,101,3472220
tfaE_stfE_predicted,0.13333333333333333,15,14,GATACTGCGCGTTGCATAAA,1,3470100
tfaE_stfE_predicted,5.733333333333333,99,14,GACGTCTACATCCGATTATG,85,3494229
tfaE_stfE_predicted,0.13333333333333333,15,14,GACCCAGCGGCCGGTAAAAA,1,3532151
tfaE_stfE_predicted,0.13333333333333333,15,14,GAATGTTGATGAGGGCTGTC,1,3503868
tfaE_stfE_predicted,7.733333333333333,129,14,GAATGAGGTAGTCACTAAAC,115,3494197
tfaE_stfE_predicted,0.13333333333333333,15,14,CTTGGACCCCTTACCTGCAG,1,3508861
tfaE_stfE_predicted,8.466666666666667,140,14,CTTGCCTTGGGGCCGAAAAA,126,3470780
tfaE_stfE_predicted,0.13333333333333333,15,14,CTTCCTGGCTCTGGGTACGC,1,3473443
tfaE_stfE_predicted,2.6,52,14,CTTACGGGGCGTTCTAACAT,38,3468870
tfaE_stfE_predicted,0.13333333333333333,15,14,CTTAAGAGGTGGCGGTACGT,1,3521719
tfaE_stfE_predicted,0.13333333333333333,15,14,CTCTGACGAGGTAACGTTTT,1,3488421
tfaE_stfE_predicted,0.13333333333333333,15,14,CTCGTCCTGTATAGAATAAG,1,3483067
tfaE_stfE_predicted,0.13333333333333333,15,14,CTCATAATCGCCTTGGCGGA,1,3489595
tfaE_stfE_predicted,5.666666666666667,98,14,CTAGAAGATGACTACCGGAC,84,3493970
tfaE_stfE_predicted,0.13333333333333333,15,14,CTACCGTTACGCACTATCAT,1,3520039
tfaE_stfE_predicted,7.0,118,14,CGGGTTGCCAGCTCTGTCTT,104,3484739
tfaE_stfE_predicted,0.13333333333333333,15,14,CCGACCTTGGGGTATCGGCA,1,3536178
tfaE_stfE_predicted,6.6,112,14,CCCAAGAGTCTATCCAAGAC,98,3508345
tfaE_stfE_predicted,0.13333333333333333,15,14,CCAACGCCAAATAGCAATCT,1,3468997
tfaE_stfE_predicted,8.6,142,14,CAGTGTATAGATTCGGCAAC,128,3484610
tfaE_stfE_predicted,0.13333333333333333,15,14,CAGTCTGCGAGCTCTTTAGG,1,3472524
tfaE_stfE_predicted,0.13333333333333333,15,14,CAGGTTCCGAAGCACAGAAA,1,3501218
tfaE_stfE_predicted,5.866666666666666,101,14,CACTTAGAAAGCTGACGATC,87,3510285
tfaE_stfE_predicted,0.9333333333333333,27,14,ATTTCAGAGGCTTAAAAACT,13,3517253
tfaE_stfE_predicted,0.9333333333333333,27,14,ATTCTTAATAGTCGATGCTT,13,3477646
tfaE_stfE_predicted,0.13333333333333333,15,14,ATGGGGAGATCCTCGCGAAC,1,3517432
tfaE_stfE_predicted,0.13333333333333333,15,14,ATCTCATAGCATACGGATTG,1,3521560
tfaE_stfE_predicted,2.8,55,14,ATCACCAACTAATCTGCTGG,41,3467056
tfaE_stfE_predicted,5.6,97,14,ATATATTAGCGTATTCTTTC,83,3505326
tfaE_stfE_predicted,5.666666666666667,98,14,ATAGTATCAAAGAGATTGTA,84,3517934
tfaE_stfE_predicted,0.13333333333333333,15,14,ATAGCAGCGACCGGACGCCA,1,3532496
tfaE_stfE_predicted,0.13333333333333333,15,14,AGTCTTGACGTCATGCTCAC,1,3537705
tfaE_stfE_predicted,6.866666666666666,116,14,AGGGGTCATCTGCGTGTATC,102,3518056
tfaE_stfE_predicted,0.13333333333333333,15,14,ACTGATTGATCTGCGTCATC,1,3493403
tfaE_stfE_predicted,0.13333333333333333,15,14,ACGTGGCCAGCTTTGAACAG,1,3532945
tfaE_stfE_predicted,15.0,238,14,ACCGCGTTATGGCAGGCCCT,224,3497058
tfaE_stfE_predicted,0.13333333333333333,15,14,ACATTGCGTCCGGGAGGCCA,1,3540953
tfaE_stfE_predicted,2.2666666666666666,47,14,ACAGAGGCATACAGAGACAA,33,3531786
tfaE_stfE_predicted,0.13333333333333333,15,14,AACCACGTGACGAGTCGTGG,1,3522742
tfaE_stfE_predicted,0.14285714285714285,14,13,TTTGGCCTTGGATGAAGTAA,1,3488079
tfaE_stfE_predicted,5.928571428571429,95,13,TTGGTTACAGGTGAATACCC,82,3528434
tfaE_stfE_predicted,3.7857142857142856,65,13,TTCATAAATCACTAAGGGCA,52,3495385
tfaE_stfE_predicted,0.14285714285714285,14,13,TGTTTTTCCGGTACGTCTCA,1,3534654
tfaE_stfE_predicted,5.428571428571429,88,13,TGTTGCCTTTGACACATGTC,75,3484558
tfaE_stfE_predicted,0.14285714285714285,14,13,TGTGCGATAGAGATCTGCCG,1,3498993
tfaE_stfE_predicted,0.14285714285714285,14,13,TGGGAACTGTGTCACACAGA,1,3473936
tfaE_stfE_predicted,0.14285714285714285,14,13,TGCGGTGATACCGTTGCGTA,1,3477543
tfaE_stfE_predicted,0.14285714285714285,14,13,TCTTTTTCGCGTCGTGCTTA,1,3487268
tfaE_stfE_predicted,7.571428571428571,118,13,TCGTCGGATTGATACAAACA,105,3505458
tfaE_stfE_predicted,3.2857142857142856,58,13,TCGACTCGAGAAGCTCATCA,45,3469948
tfaE_stfE_predicted,8.357142857142858,129,13,TCGACGAATTATGGAATTGC,116,3511732
tfaE_stfE_predicted,3.7142857142857144,64,13,TCAGGTCAACCGAGCGCCGA,51,3510349
tfaE_stfE_predicted,0.14285714285714285,14,13,TCAGGCCTTTCTCAGCTACG,1,3509549
tfaE_stfE_predicted,10.071428571428571,153,13,TCAAGCATATCAATCCCGAA,140,3540506
tfaE_stfE_predicted,0.14285714285714285,14,13,TATTATATCGGGTTTCCATT,1,3507150
tfaE_stfE_predicted,7.071428571428571,111,13,TATACGATCTCCTGTCCTCC,98,3495816
tfaE_stfE_predicted,5.5,89,13,TACTTTCGGTTGTGTAGTCA,76,3533964
tfaE_stfE_predicted,5.785714285714286,93,13,TACAGCGTCCTAAGGCAGCT,80,3531497
tfaE_stfE_predicted,5.214285714285714,85,13,TAACGATGCATCTAGAACGA,72,3528693
tfaE_stfE_predicted,5.0,82,13,GTGGGGATGCCCACGTACCA,69,3486635
tfaE_stfE_predicted,0.6428571428571429,21,13,GTGCGAGCGTATCTTTTTTT,8,3517677
tfaE_stfE_predicted,0.14285714285714285,14,13,GTGAGATTTAAACATATCAG,1,3477547
tfaE_stfE_predicted,5.785714285714286,93,13,GTCTTCGGCAATAATTCTAA,80,3531504
tfaE_stfE_predicted,0.14285714285714285,14,13,GTACCCGGGGAAGGTAAATG,1,3472604
tfaE_stfE_predicted,0.14285714285714285,14,13,GGTCGTGTTCTCATAGGTCA,1,3519446
tfaE_stfE_predicted,6.0,96,13,GGCGCAGTTCTGAAATATCT,83,3527403
tfaE_stfE_predicted,4.0,68,13,GCGGTATTCAATAAGACTTT,55,3511364
tfaE_stfE_predicted,3.9285714285714284,67,13,GCCAGCACCCGACCATTTCA,54,3523378
tfaE_stfE_predicted,3.857142857142857,66,13,GCAGACCCTATCCTCCCTGG,53,3518474
tfaE_stfE_predicted,0.14285714285714285,14,13,GATGGTTGGCCGGTTATTGT,1,3485941
tfaE_stfE_predicted,7.0,110,13,GAGTTGAGGTCATTTAACAT,97,3532829
tfaE_stfE_predicted,7.571428571428571,118,13,GAGGGAACACGGCGTGCCCT,105,3507498
tfaE_stfE_predicted,2.642857142857143,49,13,GAAGTTCATACCCAGTCTCC,36,3489815
tfaE_stfE_predicted,0.14285714285714285,14,13,GAACAATAAACATTCGTCAT,1,3476864
tfaE_stfE_predicted,0.14285714285714285,14,13,CTTTGCAATGTGTTAGGGTT,1,3531844
tfaE_stfE_predicted,0.14285714285714285,14,13,CTTGGATAGGCGCATATAGA,1,3474380
tfaE_stfE_predicted,7.714285714285714,120,13,CGCACCACCGCGCGTCTATA,107,3529576
tfaE_stfE_predicted,5.928571428571429,95,13,CGATCAGTGGCATACGTTGC,82,3540139
tfaE_stfE_predicted,0.14285714285714285,14,13,CGAGAGAACTCTACGTCAGT,1,3528615
tfaE_stfE_predicted,0.14285714285714285,14,13,CCCTGCAATCCACGGAGACA,1,3520462
tfaE_stfE_predicted,3.142857142857143,56,13,CCAGTAGATGTAAGTTATCA,43,3510117
tfaE_stfE_predicted,7.785714285714286,121,13,CATTGGCAACGAATAGCACC,108,3539091
tfaE_stfE_predicted,0.14285714285714285,14,13,CATCTCAGAGCTAATCCCAA,1,3507060
tfaE_stfE_predicted,4.357142857142857,73,13,CATATCGGGATGCCTTATTA,60,3493874
tfaE_stfE_predicted,4.071428571428571,69,13,CAGTAGTACAGACTTAGAAG,56,3509550
tfaE_stfE_predicted,6.642857142857143,105,13,CACCACTTATTACCCCTGGT,92,3498098
tfaE_stfE_predicted,8.214285714285714,127,13,CAATAAAGCCTCAGGCCTTT,114,3529486
tfaE_stfE_predicted,8.428571428571429,130,13,ATTCACCCACGCGGTGATAA,117,3504194
tfaE_stfE_predicted,0.42857142857142855,18,13,ATCGGTAACGAGGCTAACAA,5,3530839
tfaE_stfE_predicted,0.14285714285714285,14,13,AGGTAATCATGATGAGGTCT,1,3480030
tfaE_stfE_predicted,0.5714285714285714,20,13,AGCAGCATTGCTCATCGCTC,7,3482824
tfaE_stfE_predicted,0.14285714285714285,14,13,ACTCTAGGACGAACTCATGA,1,3504604
tfaE_stfE_predicted,1.4615384615384615,30,12,TTTTTCAGGCGACTTAGGGT,18,3503485
tfaE_stfE_predicted,6.0,89,12,TTTTTATACAGGCAAGATTC,77,3475032
tfaE_stfE_predicted,6.230769230769231,92,12,TTGGCAACGCGCACAAAGTC,80,3527709
tfaE_stfE_predicted,0.15384615384615385,13,12,TGTTATTCTCTGATGGGGAA,1,3494152
tfaE_stfE_predicted,0.3076923076923077,15,12,TGTGCCGGGGACCTTAATAC,3,3487227
tfaE_stfE_predicted,7.230769230769231,105,12,TGTCGGCCATAAAGCATTTG,93,3474559
tfaE_stfE_predicted,5.538461538461538,83,12,TGTACACGCAAGATCGCACA,71,3499049
tfaE_stfE_predicted,0.15384615384615385,13,12,TGGAGTAGGTACAGCCTCGA,1,3516545
tfaE_stfE_predicted,4.076923076923077,64,12,TGCTATGCACCTACTCCTGA,52,3528148
tfaE_stfE_predicted,13.76923076923077,190,12,TCGTACGGTCAAACAATAAT,178,3507802
tfaE_stfE_predicted,0.15384615384615385,13,12,TCGAGTTTGTGGACCGGATT,1,3523320
tfaE_stfE_predicted,5.230769230769231,79,12,TCAAATGCCCTGTTCAGAGC,67,3517967
tfaE_stfE_predicted,0.15384615384615385,13,12,TACGTGTTTTGTGGAGAATG,1,3492268
tfaE_stfE_predicted,7.3076923076923075,106,12,GTTGCCAGCGGTTCTCTGAC,94,3524004
tfaE_stfE_predicted,6.384615384615385,94,12,GTTGAGTACTCTCTTCTCCT,82,3484257
tfaE_stfE_predicted,5.923076923076923,88,12,GTTCCGAGATGATATCCAAC,76,3501719
tfaE_stfE_predicted,13.076923076923077,181,12,GTGCAGACCCAAGGGCGATT,169,3503540
tfaE_stfE_predicted,5.769230769230769,86,12,GGTCGAAGTGCCAGGCTAAG,74,3471521
tfaE_stfE_predicted,7.846153846153846,113,12,GGCTCCCTTCAACGACTGAT,101,3509230
tfaE_stfE_predicted,0.15384615384615385,13,12,GGCAGTTTTCAATGGATTTG,1,3498341
tfaE_stfE_predicted,9.846153846153847,139,12,GGCAAGGTTGATAATGGTCA,127,3513764
tfaE_stfE_predicted,0.15384615384615385,13,12,GGAGAAAATTTTTTTAAGAG,1,3471064
tfaE_stfE_predicted,6.846153846153846,100,12,GCGTTTGCGGAACGCTCCTT,88,3504074
tfaE_stfE_predicted,0.15384615384615385,13,12,GCGCCAGCACCAGGGTTCAG,1,3487275
tfaE_stfE_predicted,5.3076923076923075,80,12,GCGAGCTGATTCCGAACTAT,68,3530517
tfaE_stfE_predicted,0.15384615384615385,13,12,GCCACCGGACTTGATAAACG,1,3486313
tfaE_stfE_predicted,8.153846153846153,117,12,GCCAAACAAGGACATCCGAT,105,3517290
tfaE_stfE_predicted,7.076923076923077,103,12,GCAATACTCTGGTCGCCGCC,91,3528590
tfaE_stfE_predicted,7.153846153846154,104,12,GATGACTCTCTAGGATAGGC,92,3504362
tfaE_stfE_predicted,3.4615384615384617,56,12,GATATCGATCATCTTGGAAC,44,3524686
tfaE_stfE_predicted,4.846153846153846,74,12,GAACAGTCCTCCGTTCAGGT,62,3512810
tfaE_stfE_predicted,4.230769230769231,66,12,CTTGTTAAGTATCATACGTT,54,3485441
tfaE_stfE_predicted,4.769230769230769,73,12,CTTAGTTTCAAAATCTAAAG,61,3488081
tfaE_stfE_predicted,0.15384615384615385,13,12,CTACATAGTAAGGTTAATGA,1,3490050
tfaE_stfE_predicted,0.23076923076923078,14,12,CGGAACTTAACAATTGGATC,2,3477123
tfaE_stfE_predicted,5.461538461538462,82,12,CGATCTCTCTAGGCCGCCCT,70,3486486
tfaE_stfE_predicted,3.5384615384615383,57,12,CCTAGATTATGTCTGAGGGT,45,3538433
tfaE_stfE_predicted,0.15384615384615385,13,12,CCGAAATTGCCAGCTATTCC,1,3527199
tfaE_stfE_predicted,0.15384615384615385,13,12,CCCTAGGGTCTACCACGGGT,1,3491196
tfaE_stfE_predicted,4.153846153846154,65,12,CCCGTCGCTTTTGCCTCTTG,53,3498722
tfaE_stfE_predicted,3.0,50,12,CCCAGATTATAGTAGTACAA,38,3527449
tfaE_stfE_predicted,0.15384615384615385,13,12,CCCACAGGGCGGGTAGGTTC,1,3474082
tfaE_stfE_predicted,10.615384615384615,149,12,CAGGTTGGCTATTATGGCGT,137,3519935
tfaE_stfE_predicted,0.15384615384615385,13,12,CACCCGAAGGTCGGCAAAAC,1,3501828
tfaE_stfE_predicted,0.15384615384615385,13,12,CAAGGCGCCATAGCCCCAGG,1,3486839
tfaE_stfE_predicted,7.384615384615385,107,12,CAACCCTCGCGCAAGCCAGG,95,3482016
tfaE_stfE_predicted,0.15384615384615385,13,12,CAACCAAACTCTGACGGGAT,1,3474563
tfaE_stfE_predicted,0.15384615384615385,13,12,CAAACCTTCGACTACCCGGC,1,3504652
tfaE_stfE_predicted,2.0,37,12,ATGTGAACAAGGTAGGGTGA,25,3512162
tfaE_stfE_predicted,0.15384615384615385,13,12,ATGGGGTGGGGTTCGTTAAG,1,3484053
tfaE_stfE_predicted,7.076923076923077,103,12,ATGCCTTAGTTCGCGCATCT,91,3469760
tfaE_stfE_predicted,0.15384615384615385,13,12,ATCCTCAACACGACAAACCA,1,3540249
tfaE_stfE_predicted,7.3076923076923075,106,12,ATAGCCCGGTACATTTTCCT,94,3497465
tfaE_stfE_predicted,6.230769230769231,92,12,AGTGGCCATGCAACTAGATT,80,3516871
tfaE_stfE_predicted,0.15384615384615385,13,12,AGTCTCCGGAAACTGCGTGT,1,3540816
tfaE_stfE_predicted,0.15384615384615385,13,12,AGATTACAACAAAATATGCA,1,3529813
tfaE_stfE_predicted,3.230769230769231,53,12,AGACTCTCTGCCCCACTTTA,41,3481453
tfaE_stfE_predicted,0.23076923076923078,14,12,AGACATGTGTCACACTCTGA,2,3477653
tfaE_stfE_predicted,6.6923076923076925,98,12,ACTCTGACCCTGAACTACTT,86,3502643
tfaE_stfE_predicted,0.15384615384615385,13,12,ACGCCTACTTGTCACACCAT,1,3467752
tfaE_stfE_predicted,2.6153846153846154,45,12,ACCATCCCCTCTTTGTATGT,33,3533572
tfaE_stfE_predicted,0.15384615384615385,13,12,AATTTACACCTGGGCACTCT,1,3485000
tfaE_stfE_predicted,9.76923076923077,138,12,AATCCGATATCTCGGAGCGT,126,3494751
tfaE_stfE_predicted,5.923076923076923,88,12,AAGTAGGCACCTCATGTCAT,76,3501077
tfaE_stfE_predicted,6.615384615384615,97,12,AAATAATGACGCAAACGAAC,85,3468036
tfaE_stfE_predicted,6.3076923076923075,93,12,AAAGTTCGTTCAGTGGACAC,81,3490525
tfaE_stfE_predicted,0.15384615384615385,13,12,AAAGACGTTACGTCAGGTAT,1,3503907
tfaE_stfE_predicted,2.1538461538461537,39,12,AAAAGGCCGGCGATGCATCT,27,3484840
tfaE_stfE_predicted,1.5833333333333333,29,11,TTTAGGGCGGCCCCTCCGGC,18,3472058
tfaE_stfE_predicted,1.75,31,11,TTGTGGTAAAAGTCCGTCTT,20,3503785
tfaE_stfE_predicted,5.833333333333333,80,11,TTATGCTCGCACTTATCAGT,69,3496002
tfaE_stfE_predicted,1.0833333333333333,23,11,TTAAGAAAAAGCACTAGGTT,12,3506235
tfaE_stfE_predicted,0.75,19,11,TGTGATTTTCGTTCAAACCA,8,3475410
tfaE_stfE_predicted,3.75,55,11,TGTATCTAGACCTAATGCGA,44,3485165
tfaE_stfE_predicted,8.416666666666666,111,11,TGCTGCTTTCATTCGTTTCA,100,3481597
tfaE_stfE_predicted,6.916666666666667,93,11,TGCCTCCGTCCGTGTTTCCT,82,3538358
tfaE_stfE_predicted,2.0833333333333335,35,11,TGATTTCAGCGAGTCACTGT,24,3539245
tfaE_stfE_predicted,0.16666666666666666,12,11,TGATAATACCAAATGTATTA,1,3499581
tfaE_stfE_predicted,0.25,13,11,TCTGCCAGGCGGTGTGTGGT,2,3479367
tfaE_stfE_predicted,0.16666666666666666,12,11,TCGTCAAGGTTCGTGATTAT,1,3488147
tfaE_stfE_predicted,7.5,100,11,TCGGAACCAGCAATCATCTG,89,3524480
tfaE_stfE_predicted,0.16666666666666666,12,11,TCCGTGCGGGCATGAATGTT,1,3534589
tfaE_stfE_predicted,0.16666666666666666,12,11,TCCGCACGTGTGGTCCAGTT,1,3487653
tfaE_stfE_predicted,1.5,28,11,TATTACTGTGAGGGAATCCT,17,3533501
tfaE_stfE_predicted,0.16666666666666666,12,11,TAGCCGCCCATTTAGGTGGA,1,3523263
tfaE_stfE_predicted,7.166666666666667,96,11,TAGAGGTTAACTAAGCCTAC,85,3468115
tfaE_stfE_predicted,5.083333333333333,71,11,TACGAGGTAGTCGTCCACAG,60,3506033
tfaE_stfE_predicted,0.16666666666666666,12,11,TACAGGTCGAACGCGGGTCA,1,3477748
tfaE_stfE_predicted,0.16666666666666666,12,11,TAATTAGGAGACATGATTGA,1,3536361
tfaE_stfE_predicted,10.666666666666666,138,11,TAAGGGAACCAATGACCGCT,127,3535955
tfaE_stfE_predicted,4.916666666666667,69,11,TAAGATGCCGTACTGGTTCA,58,3523252
tfaE_stfE_predicted,4.833333333333333,68,11,GTTGGTTAGTTCTGGTTTAC,57,3535937
tfaE_stfE_predicted,4.25,61,11,GTTCAGTGTCTGGTACCAAA,50,3516346
tfaE_stfE_predicted,0.16666666666666666,12,11,GTTAATCAGGTACTTTGCGG,1,3501120
tfaE_stfE_predicted,0.3333333333333333,14,11,GTGAGAATGTTGTCACCACT,3,3473990
tfaE_stfE_predicted,8.833333333333334,116,11,GTGAAGATGCATTATCTTAG,105,3532205
tfaE_stfE_predicted,3.6666666666666665,54,11,GTCAACCTCCTGTAAGCTGT,43,3499706
tfaE_stfE_predicted,6.583333333333333,89,11,GTATCACTACCCCCACGATC,78,3520360
tfaE_stfE_predicted,0.16666666666666666,12,11,GGTGGGAAACTTACGGATAG,1,3532146
tfaE_stfE_predicted,7.833333333333333,104,11,GGTAGTCTTACTGAAGTCCC,93,3485705
tfaE_stfE_predicted,3.25,49,11,GGGCACCAAACGGATAGTAC,38,3487755
tfaE_stfE_predicted,0.16666666666666666,12,11,GGCTTGGTGAACCGCCTGTA,1,3531946
tfaE_stfE_predicted,9.583333333333334,125,11,GGAACGGTCTTCCCGTATTT,114,3490565
tfaE_stfE_predicted,5.833333333333333,80,11,GCTCCGTATACCAGCAGGCT,69,3484214
tfaE_stfE_predicted,0.16666666666666666,12,11,GCCTCAAGTGATCATACGCA,1,3529485
tfaE_stfE_predicted,8.583333333333334,113,11,GCCGATCCCAGCCATACCGA,102,3527907
tfaE_stfE_predicted,0.16666666666666666,12,11,GCCACGGCATACCCTGAAAA,1,3525664
tfaE_stfE_predicted,0.16666666666666666,12,11,GATTCGATCTTCGTTGCACT,1,3478528
tfaE_stfE_predicted,2.6666666666666665,42,11,GATATATGTCTTTAGTTGAT,31,3488267
tfaE_stfE_predicted,0.16666666666666666,12,11,CTTCACCGATGTTCAAAACC,1,3483529
tfaE_stfE_predicted,0.16666666666666666,12,11,CTTATTATGGTGATCTGGTA,1,3503970
tfaE_stfE_predicted,6.666666666666667,90,11,CTCGCTATAGATTAATTAGG,79,3499989
tfaE_stfE_predicted,0.16666666666666666,12,11,CTAGCGTTGCCCACTATCGG,1,3491313
tfaE_stfE_predicted,5.333333333333333,74,11,CTAAGGTGCATTATCGCGTG,63,3472852
tfaE_stfE_predicted,3.75,55,11,CGTTTACGGCGTCAGATACT,44,3525310
tfaE_stfE_predicted,0.16666666666666666,12,11,CGGCCTTGGGACATATGTCT,1,3527947
tfaE_stfE_predicted,0.16666666666666666,12,11,CGCGGTGCTACCGCAAGTCG,1,3504423
tfaE_stfE_predicted,5.333333333333333,74,11,CGAATTTAGATTTAAAGTTA,63,3503865
tfaE_stfE_predicted,5.416666666666667,75,11,CCTCTGGGAGCTCCAGTGGT,64,3507036
tfaE_stfE_predicted,4.333333333333333,62,11,ATGTGGGCTTGTGGATCACA,51,3540896
tfaE_stfE_predicted,1.8333333333333333,32,11,ATCGCTTACCGTGCTCGTTT,21,3488098
tfaE_stfE_predicted,0.16666666666666666,12,11,ATCCTGTCAAGGTTTTGCTA,1,3478054
tfaE_stfE_predicted,0.16666666666666666,12,11,ATATCGACGCCGTCTCTTGC,1,3484748
tfaE_stfE_predicted,0.16666666666666666,12,11,AGTATTACGTGGGTTATAGT,1,3506248
tfaE_stfE_predicted,5.166666666666667,72,11,AGCGTCGAAATAAGGTAAAG,61,3482513
tfaE_stfE_predicted,8.75,115,11,AGCGGACAGTCTCATTAGGT,104,3477846
tfaE_stfE_predicted,8.166666666666666,108,11,AGCCCCTGTACCTTTCCAGG,97,3516688
tfaE_stfE_predicted,0.16666666666666666,12,11,ACTAATATGTGCCCGACATT,1,3521713
tfaE_stfE_predicted,9.25,121,11,ACGGCTTAAGCTTACAACCA,110,3517980
tfaE_stfE_predicted,1.8333333333333333,32,11,ACCCATCCCAAGACGCGCGT,21,3518157
tfaE_stfE_predicted,0.5,16,11,ACATTCAGGCGGTTTATGCT,5,3527950
tfaE_stfE_predicted,4.333333333333333,62,11,ACAGCTAGTTGGAGTCCTCC,51,3492513
tfaE_stfE_predicted,0.16666666666666666,12,11,ACAGCCCAGGTAGATAAGTC,1,3484721
tfaE_stfE_predicted,7.666666666666667,102,11,ACAAGACCAGCGTCCATTAA,91,3507277
tfaE_stfE_predicted,6.583333333333333,89,11,AATAGCCGTGTACAGACGAT,78,3509696
tfaE_stfE_predicted,0.16666666666666666,12,11,AAGTTGTTTGGTGTACATTT,1,3509299
tfaE_stfE_predicted,0.16666666666666666,12,11,AACTCCGAACCTTGATTGGG,1,3489470
tfaE_stfE_predicted,0.18181818181818182,11,10,TTTCTCTGATAGGCTAGATC,1,3468455
tfaE_stfE_predicted,6.545454545454546,81,10,TTTCAGCACAATTACACAGA,71,3532312
tfaE_stfE_predicted,6.2727272727272725,78,10,TTGCTCGAAGGTTGTCGCGT,68,3507750
tfaE_stfE_predicted,12.454545454545455,146,10,TTGAGCATGTGTCTCGATTA,136,3473059
tfaE_stfE_predicted,0.18181818181818182,11,10,TGTTCAACGCTGGGCTTTTC,1,3520024
tfaE_stfE_predicted,0.18181818181818182,11,10,TGTATTGATGATCACATAAA,1,3537036
tfaE_stfE_predicted,13.181818181818182,154,10,TGGCCCCCAGAGTGTTACCT,144,3498910
tfaE_stfE_predicted,0.18181818181818182,11,10,TGGATTAGCATATTTATCTG,1,3472514
tfaE_stfE_predicted,11.454545454545455,135,10,TGCTGTCACGCCATACTAAT,125,3479606
tfaE_stfE_predicted,4.2727272727272725,56,10,TGAGCAGCTGATCAAGACTC,46,3491224
tfaE_stfE_predicted,0.18181818181818182,11,10,TGAAAGCGCAGGCTCTAATT,1,3515182
tfaE_stfE_predicted,0.18181818181818182,11,10,TCGACATAGTAGGACTACCA,1,3493887
tfaE_stfE_predicted,5.090909090909091,65,10,TCCTTAGTTTGGTTACGGCT,55,3483115
tfaE_stfE_predicted,0.18181818181818182,11,10,TATGGCCTTTTTAAAATGGT,1,3536238
tfaE_stfE_predicted,0.18181818181818182,11,10,TATGCCTCGGAGACCTTCAC,1,3504639
tfaE_stfE_predicted,0.18181818181818182,11,10,TATGAAATTGGGGAATGAAG,1,3505412
tfaE_stfE_predicted,6.909090909090909,85,10,TAAACAACTTGATATCCAAG,75,3490308
tfaE_stfE_predicted,0.18181818181818182,11,10,GTGTGTCATGGACAGAGTTG,1,3536044
tfaE_stfE_predicted,0.36363636363636365,13,10,GTGCTGAAGAACTTACTCAC,3,3515264
tfaE_stfE_predicted,27.363636363636363,310,10,GTCCTAGGCGGGTTCAAGTA,300,3501021
tfaE_stfE_predicted,0.18181818181818182,11,10,GGTTCACCAGCCTGGCTTCT,1,3467036
tfaE_stfE_predicted,0.18181818181818182,11,10,GGGGTAGTCATGTGAGTGAT,1,3517094
tfaE_stfE_predicted,1.7272727272727273,28,10,GGAATATTAGGTAATGTTGG,18,3492033
tfaE_stfE_predicted,8.272727272727273,100,10,GCTTGCCTCCCCTGCGATGG,90,3500558
tfaE_stfE_predicted,0.18181818181818182,11,10,GCTGGATTTGGTACGCGTAT,1,3540393
tfaE_stfE_predicted,8.727272727272727,105,10,GAGGATGTTTCCGTAAGAAA,95,3482309
tfaE_stfE_predicted,2.090909090909091,32,10,GAGCTCGGGTCCGGATACGG,22,3467347
tfaE_stfE_predicted,11.545454545454545,136,10,GAGAAAATGGACTACCATCA,126,3535272
tfaE_stfE_predicted,7.909090909090909,96,10,GACGTTGGAAATTACATGGA,86,3502516
tfaE_stfE_predicted,0.2727272727272727,12,10,GAATCACGATAGAGACTCGG,2,3486340
tfaE_stfE_predicted,3.4545454545454546,47,10,CTGGGTGCTCAGTTCTGTTA,37,3535206
tfaE_stfE_predicted,7.181818181818182,88,10,CGGTGGGTACAACGTGAGAC,78,3485410
tfaE_stfE_predicted,0.18181818181818182,11,10,CGGCAAAAGTAAGGGATTGC,1,3473748
tfaE_stfE_predicted,4.363636363636363,57,10,CCGCGTGGCACATCGGTTTA,47,3516817
tfaE_stfE_predicted,6.7272727272727275,83,10,CCCTGTTGTGGAACGAGGTA,73,3468757
tfaE_stfE_predicted,7.363636363636363,90,10,CCATTGATAAACGCCTGTGT,80,3472708
tfaE_stfE_predicted,0.18181818181818182,11,10,CATTGTACGAAGTAAGACTG,1,3508643
tfaE_stfE_predicted,0.18181818181818182,11,10,CAGTGAGATGCAAACTGGAT,1,3517361
tfaE_stfE_predicted,4.454545454545454,58,10,CAGTCACAGACTATCGTTTG,48,3508644
tfaE_stfE_predicted,0.18181818181818182,11,10,CAGCGAAAACCAGAGGTACC,1,3507053
tfaE_stfE_predicted,0.18181818181818182,11,10,CAACCTTGGTTGTCTAACTT,1,3499737
tfaE_stfE_predicted,0.18181818181818182,11,10,ATTTCTCATGGATAGTTCGA,1,3515721
tfaE_stfE_predicted,0.45454545454545453,14,10,ATTAAAGGCCCTGGACCCTG,4,3512324
tfaE_stfE_predicted,0.18181818181818182,11,10,ATGGTGCTGCGTGACGTATA,1,3486930
tfaE_stfE_predicted,2.909090909090909,41,10,ATCTCAAGGAAGTGGAGGCG,31,3522673
tfaE_stfE_predicted,0.18181818181818182,11,10,AGGCACATACGCTTGTAACA,1,3528042
tfaE_stfE_predicted,17.818181818181817,205,10,AGGACTGCCAGAAGGAATAA,195,3481696
tfaE_stfE_predicted,0.18181818181818182,11,10,AGGACCTATGGGGCACGCGA,1,3481350
tfaE_stfE_predicted,10.909090909090908,129,10,AGCGTATTGAGATCGACAAC,119,3515176
tfaE_stfE_predicted,0.18181818181818182,11,10,AGAAATTAACCCTTTTCAGA,1,3532616
tfaE_stfE_predicted,4.818181818181818,62,10,ACTTTTGTATGGCCACTCCC,52,3518780
tfaE_stfE_predicted,8.0,97,10,ACTTCGGTTATCGTGGGCGC,87,3521546
tfaE_stfE_predicted,5.545454545454546,70,10,ACTTATGTAGATGCAGTCTC,60,3479723
tfaE_stfE_predicted,0.2727272727272727,12,10,ACGACGGGCGGGCCAGCGAT,2,3478352
tfaE_stfE_predicted,0.18181818181818182,11,10,ACACGAATAGGCAGGCATTC,1,3524943
tfaE_stfE_predicted,4.454545454545454,58,10,AATAAATGTGCGGAGACGGA,48,3496236
tfaE_stfE_predicted,6.181818181818182,77,10,AAGCTGATCTCTTAGTTCCT,67,3472945
tfaE_stfE_predicted,0.18181818181818182,11,10,AACATTGGGAAAGGCTCCAG,1,3533767
tfaE_stfE_predicted,5.5,63,9,TTGCCTGTAGCTGTGGGGGA,54,3514169
tfaE_stfE_predicted,8.4,92,9,TTCGCATAATCGCGCCCGGC,83,3533192
tfaE_stfE_predicted,2.7,35,9,TTCCGGAGCTCTCCATCTCT,26,3514349
tfaE_stfE_predicted,7.7,85,9,TTAGAGCAAAACGTTTATTA,76,3498776
tfaE_stfE_predicted,0.2,10,9,TGGTGTTTTTTACCTCTCCC,1,3530243
tfaE_stfE_predicted,9.0,98,9,TGCGCTCCCGACCTAATACT,89,3473282
tfaE_stfE_predicted,0.2,10,9,TGACTTCCCCATGACACAGT,1,3529172
tfaE_stfE_predicted,0.2,10,9,TGAATGCGCATTATAATGGA,1,3473400
tfaE_stfE_predicted,0.2,10,9,TCTATCGGAAAGCGATATCT,1,3484182
tfaE_stfE_predicted,10.3,111,9,TCGCGCGAGGTAGTCTACTC,102,3476260
tfaE_stfE_predicted,6.7,75,9,TCCTTGCTTTGGAATTGCCA,66,3503542
tfaE_stfE_predicted,10.3,111,9,TCACGTAGGGGCACCCAAGG,102,3534235
tfaE_stfE_predicted,1.4,22,9,TATTCTGGTGTGTATCCCAG,13,3490830
tfaE_stfE_predicted,4.8,56,9,TAGGCCGGGATCTGAACTAG,47,3481238
tfaE_stfE_predicted,0.2,10,9,TAGCAAAATATCAACGTGCG,1,3469859
tfaE_stfE_predicted,8.5,93,9,TACGATCCCGCGTGTCATAA,84,3540497
tfaE_stfE_predicted,3.0,38,9,TAATAATTATGAAATTTTAT,29,3480668
tfaE_stfE_predicted,6.0,68,9,TAAGAACGTTCACAAATGGA,59,3490684
tfaE_stfE_predicted,11.5,123,9,GTGAGGGATTCCAACTTTGA,114,3520154
tfaE_stfE_predicted,9.1,99,9,GTCCTAAGAGCCACCCAGGA,90,3477062
tfaE_stfE_predicted,0.8,16,9,GTAGAGCCCGGGAGCCCGGC,7,3471462
tfaE_stfE_predicted,0.2,10,9,GGGTTCCTATTTGGTTGTTT,1,3468633
tfaE_stfE_predicted,6.7,75,9,GGAACACCACTACCGATCAA,66,3495997
tfaE_stfE_predicted,0.2,10,9,GCGTGCTGTACTGTAGGCGC,1,3516581
tfaE_stfE_predicted,9.6,104,9,GCCGCGCGCTCCTCGGCTAC,95,3524694
tfaE_stfE_predicted,0.2,10,9,GCCGATACCCCAGTTACCAG,1,3492157
tfaE_stfE_predicted,0.2,10,9,GCATTGTTTGCGTTGCGCAT,1,3506297
tfaE_stfE_predicted,23.4,242,9,GCATAGGTCATGGGTCCTTG,233,3532789
tfaE_stfE_predicted,2.6,34,9,GCATAATACGCATCCCCGGA,25,3508114
tfaE_stfE_predicted,9.7,105,9,GCAGAGTGCTGCTCTCGTTA,96,3529178
tfaE_stfE_predicted,0.2,10,9,GCACAACTCCAGCCCTTCAT,1,3490413
tfaE_stfE_predicted,5.4,62,9,GCAATGCCTTGCTTGAATGG,53,3469974
tfaE_stfE_predicted,10.3,111,9,GATGCAAGGCATTAATCAAC,102,3529895
tfaE_stfE_predicted,4.7,55,9,GATCTCGTAAGATCATTACC,46,3472093
tfaE_stfE_predicted,0.2,10,9,GAACAACCGTAACAGTAAAT,1,3523406
tfaE_stfE_predicted,7.6,84,9,CTTCATAAAGGATCGTATTG,75,3494100
tfaE_stfE_predicted,3.5,43,9,CTGTTTCCAACTAGACTTAC,34,3536678
tfaE_stfE_predicted,0.3,11,9,CTGAAGAGATTATTACCCCG,2,3487373
tfaE_stfE_predicted,14.0,148,9,CTCCAGTTTCCATTCTGCGA,139,3473024
tfaE_stfE_predicted,12.7,135,9,CTACAACATGTGCAAGAATA,126,3480348
tfaE_stfE_predicted,0.7,15,9,CTAATATTTAAGCTGTAGAG,6,3528739
tfaE_stfE_predicted,0.2,10,9,CGTTGATATGCCGATAAGAT,1,3504432
tfaE_stfE_predicted,0.2,10,9,CGTGAGTTTACCACTCTAGG,1,3523021
tfaE_stfE_predicted,0.2,10,9,CGTAGCGCTGTCGAATACGT,1,3497718
tfaE_stfE_predicted,0.2,10,9,CGTAGCACGATGTCACTGGG,1,3469230
tfaE_stfE_predicted,10.3,111,9,CGCGCAGTGGAAGCGGACAA,102,3497745
tfaE_stfE_predicted,11.2,120,9,CGCCATAGCGTGCCCATAAC,111,3518262
tfaE_stfE_predicted,0.2,10,9,CGATTCTGAGGTCGTCGGAC,1,3520650
tfaE_stfE_predicted,8.9,97,9,CGAACTGCGAATCTCATCAA,88,3523826
tfaE_stfE_predicted,0.2,10,9,CCTCGTACTGTGCCATTTTG,1,3507035
tfaE_stfE_predicted,0.2,10,9,CCTATGTCGCTTCGTGACTA,1,3466612
tfaE_stfE_predicted,0.2,10,9,CCGGTAGGGTTTGGCGCCCC,1,3523464
tfaE_stfE_predicted,9.9,107,9,CCCCTCGTTTTCTATCTCGA,98,3491778
tfaE_stfE_predicted,0.2,10,9,CCAGGATGAGCAAAATGTAT,1,3514129
tfaE_stfE_predicted,1.4,22,9,CATCCCTTTTATAACATGTG,13,3480357
tfaE_stfE_predicted,0.2,10,9,ATTTCTTCTTAAGTTATACT,1,3534418
tfaE_stfE_predicted,0.2,10,9,ATTGGGAGCTGTCTCATCCA,1,3484816
tfaE_stfE_predicted,3.1,39,9,ATGCGCCAACCTGTCCTTTT,30,3490415
tfaE_stfE_predicted,0.2,10,9,AGGTCAAGTCCAGGCCTCAG,1,3472652
tfaE_stfE_predicted,0.2,10,9,AGGGAAGTAAGCAGGCGTGG,1,3468618
tfaE_stfE_predicted,0.2,10,9,AGGAAACGGTCCCAGGTGTA,1,3507665
tfaE_stfE_predicted,0.2,10,9,AGCTATTAAAGGTATGTACT,1,3504445
tfaE_stfE_predicted,0.2,10,9,AGCGCCTACTACTACACGAC,1,3492482
tfaE_stfE_predicted,0.2,10,9,AGAGGCTCCCGATAGGCCTC,1,3537361
tfaE_stfE_predicted,8.4,92,9,AGACGAAAGCACGGATCCCT,83,3540897
tfaE_stfE_predicted,4.9,57,9,AGAATGTGTTATAGAGTCCT,48,3484472
tfaE_stfE_predicted,0.2,10,9,ACTTGCTCTCTGCGTGCGGA,1,3484898
tfaE_stfE_predicted,0.2,10,9,ACGCGCACACTAAGGATAAT,1,3490774
tfaE_stfE_predicted,0.2,10,9,AAGGCTACAGTTTAGGCGAA,1,3475978
tfaE_stfE_predicted,0.2,10,9,AACTAGGGATTCCGGCAAAA,1,3508208
tfaE_stfE_predicted,3.5,43,9,AACGCTAGTTCGTACCCAAC,34,3486336
tfaE_stfE_predicted,12.4,132,9,AAAGGGTCCCGTCTCCTGAC,123,3525146
tfaE_stfE_predicted,0.2,10,9,AAACTGCGTTCCCGGCTCGT,1,3520144
tfaE_stfE_predicted,14.555555555555555,138,8,TTGGGTGTCTAGCTTCTTCT,130,3490213
tfaE_stfE_predicted,0.2222222222222222,9,8,TTGACCTCCATAAATGAGCT,1,3537025
tfaE_stfE_predicted,5.333333333333333,55,8,TTCGAAAGAAGAGGGATTGA,47,3519561
tfaE_stfE_predicted,8.11111111111111,80,8,TTCCGGATTGGTTACCTCCT,72,3534024
tfaE_stfE_predicted,10.0,97,8,TTCCAAATTTCTTAGCGGTA,89,3537773
tfaE_stfE_predicted,7.888888888888889,78,8,TTCATTCCAGGCGGAAGATT,70,3516961
tfaE_stfE_predicted,2.888888888888889,33,8,TTATGATGAATAGGTCCGCA,25,3468988
tfaE_stfE_predicted,0.2222222222222222,9,8,TGTAAGCGCATTCCTCCGGA,1,3479973
tfaE_stfE_predicted,1.6666666666666667,22,8,TGGGCTAATGCCTATAATGA,14,3529497
tfaE_stfE_predicted,0.2222222222222222,9,8,TGGCTTCTGGTACTGCGTGG,1,3474097
tfaE_stfE_predicted,0.2222222222222222,9,8,TGCGAGGCTGCACAGGGAAG,1,3496432
tfaE_stfE_predicted,0.2222222222222222,9,8,TCTTTCAATCACCGCTGGTA,1,3508085
tfaE_stfE_predicted,6.0,61,8,TCTAACCGCATAGTACGCAG,53,3472982
tfaE_stfE_predicted,7.777777777777778,77,8,TCCATAGAGCGCTACGTTGT,69,3510609
tfaE_stfE_predicted,2.4444444444444446,29,8,TCATAGTCTATGACCACCGA,21,3529374
tfaE_stfE_predicted,0.2222222222222222,9,8,TCAACACCATAGACAAAACG,1,3514606
tfaE_stfE_predicted,12.222222222222221,117,8,TATCTTGGGTCCTTTCAGGA,109,3469401
tfaE_stfE_predicted,5.111111111111111,53,8,TACCGCCCGGTACCCGGACG,45,3485657
tfaE_stfE_predicted,2.111111111111111,26,8,TAAAAGCTGTCGTATCCTCA,18,3522661
tfaE_stfE_predicted,0.2222222222222222,9,8,GTGGTATTGAATCGGGGCCA,1,3538683
tfaE_stfE_predicted,14.0,133,8,GTCTGCTGTCGGATATCTGG,125,3535030
tfaE_stfE_predicted,0.2222222222222222,9,8,GTCTATTGCTATCAAGACGA,1,3507245
tfaE_stfE_predicted,0.2222222222222222,9,8,GTCGATTGGGATTTAAGATC,1,3506062
tfaE_stfE_predicted,9.333333333333334,91,8,GTCGAGCGCTGTTTACACTG,83,3472355
tfaE_stfE_predicted,6.555555555555555,66,8,GTCCATTGAGTTGAAAGCGT,58,3503882
tfaE_stfE_predicted,10.11111111111111,98,8,GTCATCTTTCTCATGGGCCT,90,3516799
tfaE_stfE_predicted,1.0,16,8,GTACGATAGGGCATTCGTTT,8,3520855
tfaE_stfE_predicted,3.2222222222222223,36,8,GGGTCGGGCACGGCTGGCTA,28,3474833
tfaE_stfE_predicted,12.11111111111111,116,8,GGGGATGCCTTAGTACGGTT,108,3529740
tfaE_stfE_predicted,0.2222222222222222,9,8,GGCGGCAAACGAACTTAAAC,1,3476269
tfaE_stfE_predicted,3.6666666666666665,40,8,GGCCAGCAATCGATTTCGGG,32,3470942
tfaE_stfE_predicted,0.2222222222222222,9,8,GGACGTGAAAGAAGTCGGGT,1,3509364
tfaE_stfE_predicted,10.222222222222221,99,8,GCGTACCCTTGATCATGAGA,91,3523576
tfaE_stfE_predicted,11.11111111111111,107,8,GCATGCACCGTCCAGTACAT,99,3507900
tfaE_stfE_predicted,7.333333333333333,73,8,GCAGACGAAGCCCTTGGGGG,65,3471672
tfaE_stfE_predicted,11.444444444444445,110,8,GATAAATGCGTAAATAAAGG,102,3473423
tfaE_stfE_predicted,8.0,79,8,GAATAAGACAACGCGAACCC,71,3492583
tfaE_stfE_predicted,12.777777777777779,122,8,GAAGATGTAGTTAATGTCCG,114,3493388
tfaE_stfE_predicted,0.2222222222222222,9,8,GAAGAATTTGACTAAGCCGC,1,3504690
tfaE_stfE_predicted,10.0,97,8,CTTTATAATTCGCTTTAATA,89,3477843
tfaE_stfE_predicted,0.2222222222222222,9,8,CTTCTCATTCATGGGTAGTG,1,3507888
tfaE_stfE_predicted,18.444444444444443,173,8,CTTACATGAGGACTCGTATT,165,3539251
tfaE_stfE_predicted,10.777777777777779,104,8,CTGAGAAATTGCCGTGTGAA,96,3482786
tfaE_stfE_predicted,0.2222222222222222,9,8,CTCTACTTATCGAACTGTAT,1,3469898
tfaE_stfE_predicted,3.888888888888889,42,8,CTCGGGGTGTCCAAACTCCT,34,3521187
tfaE_stfE_predicted,0.2222222222222222,9,8,CTATTTCCTCAGCGTTATGA,1,3491716
tfaE_stfE_predicted,7.111111111111111,71,8,CTAAGCCCGGTTCGCCAGAT,63,3501582
tfaE_stfE_predicted,0.2222222222222222,9,8,CGTCGGTGCGTTAGACTCAG,1,3493697
tfaE_stfE_predicted,3.3333333333333335,37,8,CGTCGGTCGTATTCCGCCGA,29,3479545
tfaE_stfE_predicted,0.2222222222222222,9,8,CGTAGGTGACCATAGCCATA,1,3536838
tfaE_stfE_predicted,23.444444444444443,218,8,CGGTTCATTACCCGCAGTAC,210,3471000
tfaE_stfE_predicted,0.2222222222222222,9,8,CGCTTCATTGTTTTATCAGC,1,3507704
tfaE_stfE_predicted,11.666666666666666,112,8,CGCGATTACCTGGGATAAAA,104,3469160
tfaE_stfE_predicted,7.111111111111111,71,8,CCTTCAGAACGATCGCCACT,63,3488386
tfaE_stfE_predicted,0.2222222222222222,9,8,CCTCTGTATGTGTCCAATCC,1,3484317
tfaE_stfE_predicted,11.222222222222221,108,8,CCGTGTTACAATCTAACAGT,100,3485189
tfaE_stfE_predicted,0.2222222222222222,9,8,CCGGTCAAGATGTGAGGTTA,1,3470523
tfaE_stfE_predicted,11.11111111111111,107,8,CCCAGGGGTGGCAGAGCGTT,99,3473068
tfaE_stfE_predicted,17.333333333333332,163,8,CCACTCAGATCGTCTAAAAA,155,3528508
tfaE_stfE_predicted,13.666666666666666,130,8,CATTTGGCAAGGAATAACAC,122,3480137
tfaE_stfE_predicted,5.111111111111111,53,8,CATTTCGTACACCTTGTAGT,45,3472709
tfaE_stfE_predicted,0.2222222222222222,9,8,CATGCCTATGCAAAAAAAGC,1,3495009
tfaE_stfE_predicted,10.0,97,8,CACTACTGATACTTGCACTG,89,3537500
tfaE_stfE_predicted,0.2222222222222222,9,8,CACGGTTCGACTGGATTTCT,1,3496786
tfaE_stfE_predicted,2.2222222222222223,27,8,ATTTCAAAGGCTGTTGACGC,19,3475503
tfaE_stfE_predicted,0.2222222222222222,9,8,ATGTTGCACTTCGTCCTATG,1,3506271
tfaE_stfE_predicted,5.444444444444445,56,8,ATGTAGCTGCTGGCCTACGC,48,3489476
tfaE_stfE_predicted,6.0,61,8,ATGAATACTGTCCAGCCAGA,53,3478136
tfaE_stfE_predicted,0.2222222222222222,9,8,AGGTAAGAGGCAGTTGGCAT,1,3483152
tfaE_stfE_predicted,0.3333333333333333,10,8,AGAAACGGCAGTGCATTGAC,2,3472055
tfaE_stfE_predicted,0.2222222222222222,9,8,ACTCGGGAGGAACGGAAATG,1,3482400
tfaE_stfE_predicted,0.2222222222222222,9,8,ACTAACGGTTGGAGGGCTCA,1,3500881
tfaE_stfE_predicted,0.2222222222222222,9,8,ACGCGGGCCACTGGACTGCC,1,3538700
tfaE_stfE_predicted,14.0,133,8,ACCTCAGGCATGAATCAGCT,125,3527151
tfaE_stfE_predicted,0.2222222222222222,9,8,ACCGACGAACCACGACCAAT,1,3507387
tfaE_stfE_predicted,0.2222222222222222,9,8,ACCAAACAGTCTGGGAGCCG,1,3532894
tfaE_stfE_predicted,10.333333333333334,100,8,ACAAGTGTTGGATCCTACGT,92,3522797
tfaE_stfE_predicted,16.11111111111111,152,8,AATAAAGTCCCTATGTAGAA,144,3479171
tfaE_stfE_predicted,0.2222222222222222,9,8,AAGCGTGTTCTCCAATTTTA,1,3506625
tfaE_stfE_predicted,0.2222222222222222,9,8,AAATAACGGGCCTCGTTGCG,1,3499017
tfaE_stfE_predicted,4.888888888888889,51,8,AAAGCAATAGGCTCGCATTT,43,3523242
tfaE_stfE_predicted,0.2222222222222222,9,8,AAAACTTAGTGGATTCAATG,1,3519410
tfaE_stfE_predicted,8.375,73,7,TTTACTTATGCGTGTGTGCT,66,3503910
tfaE_stfE_predicted,6.875,61,7,TTGTCACCGCCTCGACAGCA,54,3534014
tfaE_stfE_predicted,0.25,8,7,TTGCTAAGACGAGCACGAAA,1,3496148
tfaE_stfE_predicted,10.75,92,7,TTCCAATAGAACAGCAAAAG,85,3522897
tfaE_stfE_predicted,17.375,145,7,TTCAGCGGTGACGCGACTGT,138,3484154
tfaE_stfE_predicted,9.25,80,7,TTAATTGACTTCAGAGACTT,73,3524326
tfaE_stfE_predicted,14.125,119,7,TTAACTCACCTTATGCCCCT,112,3474622
tfaE_stfE_predicted,0.25,8,7,TGCTCTGAGCTCCCCGCAAC,1,3501831
tfaE_stfE_predicted,11.75,100,7,TGCGTGGCAGCTGGGTTCAC,93,3528010
tfaE_stfE_predicted,8.5,74,7,TGATTCTCGGTAAAACTGTT,67,3508016
tfaE_stfE_predicted,12.5,106,7,TCTGGGTCGTACAATTATTC,99,3477088
tfaE_stfE_predicted,12.0,102,7,TCGAATAGCGTTTACGGTGT,95,3501457
tfaE_stfE_predicted,0.25,8,7,TATAGTTCACAGTCTGTGAC,1,3494650
tfaE_stfE_predicted,0.25,8,7,TAATGTTCTCGTGGCCGAGA,1,3473994
tfaE_stfE_predicted,13.875,117,7,TAATGGATTTACTTCAGTGG,110,3505648
tfaE_stfE_predicted,9.625,83,7,TAAATGCTGACCCCTATCGA,76,3508198
tfaE_stfE_predicted,5.0,46,7,GTTTGCTAGGACGTTTAACA,39,3524290
tfaE_stfE_predicted,15.25,128,7,GTTCATTTTTAGGTCACGCC,121,3498711
tfaE_stfE_predicted,0.25,8,7,GTCAGGAAGCCGTCTGCCAA,1,3536965
tfaE_stfE_predicted,5.125,47,7,GTATGGTTCTTACACAATCA,40,3480921
tfaE_stfE_predicted,0.25,8,7,GGTCCGTGGCCCACGCCCTC,1,3474135
tfaE_stfE_predicted,0.25,8,7,GGTAACAATCCAAACTAAGT,1,3498504
tfaE_stfE_predicted,0.25,8,7,GGCCGGTAAAAGATTGAACA,1,3526177
tfaE_stfE_predicted,0.25,8,7,GGCAGGAGGATCGCTGACTT,1,3491374
tfaE_stfE_predicted,5.375,49,7,GGATGCAGTTAAACCGGGAT,42,3525265
tfaE_stfE_predicted,9.25,80,7,GGAGGCTAGGGCTTAAACGT,73,3509541
tfaE_stfE_predicted,13.625,115,7,GGACTAGACACGGCTAATTG,108,3513419
tfaE_stfE_predicted,4.125,39,7,GCTACTTATAGCTGTGACGT,32,3487666
tfaE_stfE_predicted,15.375,129,7,GCCTATGTTTACGAGCGGCA,122,3513069
tfaE_stfE_predicted,14.125,119,7,GCATAGGTGACGAACACCGT,112,3472965
tfaE_stfE_predicted,0.25,8,7,GCACGTGGTGGCAGATGTTA,1,3519024
tfaE_stfE_predicted,0.25,8,7,GAGCCGGGGCACATTCCGCG,1,3502575
tfaE_stfE_predicted,0.25,8,7,GACCGTTGGACAAAAAGAAA,1,3508099
tfaE_stfE_predicted,0.25,8,7,GACAAGAAAGTGATTGCGTA,1,3506512
tfaE_stfE_predicted,3.375,33,7,CTTACCGCACCCCGATAGCT,26,3535442
tfaE_stfE_predicted,0.25,8,7,CTGGATTATACCGGGTGCGA,1,3512685
tfaE_stfE_predicted,0.25,8,7,CTCTCTACCCATAAGCTCCC,1,3540915
tfaE_stfE_predicted,6.0,54,7,CTCCCCGTGTATACGGCATT,47,3518895
tfaE_stfE_predicted,15.125,127,7,CTAACAGCGAAGCTCATGAA,120,3487854
tfaE_stfE_predicted,20.5,170,7,CGTCGATATAATTTTTTGAG,163,3525741
tfaE_stfE_predicted,13.875,117,7,CGGGCGACCTGCGATTTGAC,110,3482777
tfaE_stfE_predicted,4.5,42,7,CGCTGCCACCGGGATTGCGG,35,3497780
tfaE_stfE_predicted,23.125,191,7,CCTGCGCCCGCATAACATAT,184,3529860
tfaE_stfE_predicted,13.5,114,7,CCTCTCAGGGGGCTCGGCGA,107,3522595
tfaE_stfE_predicted,0.25,8,7,CCTCCAATAGCCCCGAGACA,1,3478795
tfaE_stfE_predicted,8.875,77,7,CCGCCTTAGTACCTGTTCCT,70,3516196
tfaE_stfE_predicted,13.875,117,7,CCCGTGATCCATTAATATCC,110,3508994
tfaE_stfE_predicted,0.25,8,7,CCCGAAGGGTTGGATCTGGT,1,3479937
tfaE_stfE_predicted,0.25,8,7,CACAGTCGTATCCAATAGTG,1,3530581
tfaE_stfE_predicted,0.25,8,7,CACAAACGGTCGTCACCTGA,1,3519326
tfaE_stfE_predicted,9.375,81,7,ATTTTCGAGGCTTGACTCCA,74,3524256
tfaE_stfE_predicted,7.5,66,7,ATTCGACTTAAGCGGTGCTC,59,3474414
tfaE_stfE_predicted,0.25,8,7,ATGCGACTCGGGAGGCCGAC,1,3492813
tfaE_stfE_predicted,5.25,48,7,ATATGTCTAAGGTCTTAAAC,41,3496106
tfaE_stfE_predicted,15.875,133,7,ATAGAGATACCCATAGCGCA,126,3516894
tfaE_stfE_predicted,0.5,10,7,ATACCCGGTACGCCAGTAAC,3,3540387
tfaE_stfE_predicted,0.25,8,7,ATAAACGTCGGGCATTCCCA,1,3530353
tfaE_stfE_predicted,1.375,17,7,AGGGCTTATAGAAGATGCTA,10,3509741
tfaE_stfE_predicted,6.25,56,7,AGGGCTAAGGCACGTTCGGA,49,3534156
tfaE_stfE_predicted,9.375,81,7,AGGGAGGTGGTGTTTCAGAA,74,3520604
tfaE_stfE_predicted,6.625,59,7,AGCCTTATAAGTGGCGATAC,52,3512421
tfaE_stfE_predicted,0.25,8,7,AGACAAGCATCGGATGCAAG,1,3516381
tfaE_stfE_predicted,0.25,8,7,ACTCTTTTCAGGAAATGCGA,1,3481187
tfaE_stfE_predicted,5.5,50,7,ACTCCTGATTGTACGTTTAA,43,3488502
tfaE_stfE_predicted,5.625,51,7,ACGAAACTTGTGTAGGACGG,44,3489642
tfaE_stfE_predicted,0.25,8,7,ACACGTTGTAAAGCTTTAAG,1,3526714
tfaE_stfE_predicted,9.75,84,7,ACAAGATTCCTTTGCTTATT,77,3528961
tfaE_stfE_predicted,0.375,9,7,AATCCGCACAATTGGTTATC,2,3536992
tfaE_stfE_predicted,0.25,8,7,AAGACTCTGCTGTATGCACG,1,3511312
tfaE_stfE_predicted,9.5,82,7,AACTGTCCATGCCAGCGAGA,75,3498456
tfaE_stfE_predicted,9.714285714285714,73,6,TTATTTTTACTCCGGGTCGT,67,3490145
tfaE_stfE_predicted,6.714285714285714,52,6,TTAGATCTACGCACCGAACG,46,3486882
tfaE_stfE_predicted,8.0,61,6,TTACCGTCGGCGCCGGAGGC,55,3485745
tfaE_stfE_predicted,0.2857142857142857,7,6,TGGCGATCCCACAGCCATAC,1,3533416
tfaE_stfE_predicted,0.2857142857142857,7,6,TGACTCAATCGCGTCACAAA,1,3510150
tfaE_stfE_predicted,5.857142857142857,46,6,TCTGCCCCGCAACTCTGCTA,40,3495103
tfaE_stfE_predicted,5.0,40,6,TCGGGTATAACGTCACCCCC,34,3532037
tfaE_stfE_predicted,7.714285714285714,59,6,TCGGGGCTACCAACAATAGG,53,3470075
tfaE_stfE_predicted,0.2857142857142857,7,6,TCGCTGTATTCGCGCGCCGC,1,3531244
tfaE_stfE_predicted,0.2857142857142857,7,6,TCGCGCTAGTTAACCCTGAT,1,3486560
tfaE_stfE_predicted,0.2857142857142857,7,6,TCCAAGCGGGGAGGAACGGC,1,3479358
tfaE_stfE_predicted,0.2857142857142857,7,6,TATGTTTCGCATATCCTCGC,1,3471215
tfaE_stfE_predicted,15.571428571428571,114,6,TACTGGAAGACCATTGTTGC,108,3505641
tfaE_stfE_predicted,7.857142857142857,60,6,TACGGGACGGTATCAACTAT,54,3522862
tfaE_stfE_predicted,0.2857142857142857,7,6,TACACATAAGGATGGGATGC,1,3507411
tfaE_stfE_predicted,4.0,33,6,TAATAGAGCCTCCTTCCCGG,27,3496178
tfaE_stfE_predicted,3.142857142857143,27,6,TAATACAAAGAGGGATACTT,21,3493848
tfaE_stfE_predicted,0.2857142857142857,7,6,GTTCTCCGATCGCGCCCTAT,1,3473941
tfaE_stfE_predicted,0.2857142857142857,7,6,GTTACTCCTGGTATAGAGTC,1,3501219
tfaE_stfE_predicted,0.2857142857142857,7,6,GTGATGAGGTCTGATGTCTC,1,3521152
tfaE_stfE_predicted,5.857142857142857,46,6,GTCTACCTCCCTTCTGGGCG,40,3532236
tfaE_stfE_predicted,11.285714285714286,84,6,GTCCGCTTTGCAGCGAGCGA,78,3510357
tfaE_stfE_predicted,12.571428571428571,93,6,GTCCAAACTCGATGGTACAA,87,3502057
tfaE_stfE_predicted,11.142857142857142,83,6,GTAGTAATTAAGAAAGAGAA,77,3518867
tfaE_stfE_predicted,16.714285714285715,122,6,GGTTCCGTGGCTACAGCGGA,116,3482430
tfaE_stfE_predicted,9.714285714285714,73,6,GGTGGAGTCAAAGCCTATTC,67,3472181
tfaE_stfE_predicted,16.571428571428573,121,6,GGGTGAATCTAACCTATATG,115,3526439
tfaE_stfE_predicted,13.285714285714286,98,6,GGCGCATGAGTATGTAGTCA,92,3523249
tfaE_stfE_predicted,0.7142857142857143,10,6,GGCATACTTCAGTTTGAACT,4,3479206
tfaE_stfE_predicted,0.2857142857142857,7,6,GGATCATGCACCTATGAGAG,1,3469895
tfaE_stfE_predicted,0.2857142857142857,7,6,GGAGTTGACAGGGCCGGCCC,1,3477677
tfaE_stfE_predicted,9.714285714285714,73,6,GGAGGTCTGGCCCCTCTTTT,67,3528402
tfaE_stfE_predicted,0.2857142857142857,7,6,GGAGAAGCCTCAAATATGAC,1,3500955
tfaE_stfE_predicted,0.2857142857142857,7,6,GGAATACGAACGTTTCGAAA,1,3490259
tfaE_stfE_predicted,5.0,40,6,GCTTGACGCAGGCTCTTCAG,34,3520099
tfaE_stfE_predicted,0.2857142857142857,7,6,GCGTAATTACAAGTCTCCCG,1,3539406
tfaE_stfE_predicted,13.0,96,6,GCGCATTTTTGTGATAGGGT,90,3487714
tfaE_stfE_predicted,0.2857142857142857,7,6,GCATACTGAAGAGCATGGCT,1,3499144
tfaE_stfE_predicted,0.2857142857142857,7,6,GCACGCCTGGGTCGATATTC,1,3512671
tfaE_stfE_predicted,0.2857142857142857,7,6,GATTTTCCATGTTGCTACTT,1,3523966
tfaE_stfE_predicted,0.2857142857142857,7,6,GATCATATTCTTGGGATTGG,1,3476105
tfaE_stfE_predicted,17.714285714285715,129,6,GAAGAGTGACAAAGGATTAC,123,3487882
tfaE_stfE_predicted,0.2857142857142857,7,6,CTTGTTGGCAATAATCAGAG,1,3477408
tfaE_stfE_predicted,0.2857142857142857,7,6,CTTGCCTCTGTGTTTATTGG,1,3516642
tfaE_stfE_predicted,5.285714285714286,42,6,CTGGCCAAATTCGGCTCACG,36,3530890
tfaE_stfE_predicted,0.2857142857142857,7,6,CTCAGTTAATGGCTGCTCAG,1,3476665
tfaE_stfE_predicted,0.2857142857142857,7,6,CTATCAGACATGGATAGATG,1,3487899
tfaE_stfE_predicted,6.142857142857143,48,6,CTAAAGTAAATCCCCCTCCC,42,3513782
tfaE_stfE_predicted,0.2857142857142857,7,6,CGCCATCATGTCGCCGGATG,1,3500882
tfaE_stfE_predicted,5.428571428571429,43,6,CGAATGGAGGGGACAAGAAA,37,3485470
tfaE_stfE_predicted,17.0,124,6,CGAACCAGCCAACGATGAGC,118,3494722
tfaE_stfE_predicted,7.857142857142857,60,6,CCTTGGCAGGGTTTGCGTAA,54,3536880
tfaE_stfE_predicted,0.2857142857142857,7,6,CCTGAGGACCGAGAGGCGTT,1,3470760
tfaE_stfE_predicted,8.571428571428571,65,6,CCTCGACAGAGGTATAGTAT,59,3529323
tfaE_stfE_predicted,0.2857142857142857,7,6,CCCTAAATCCCATAATTAAA,1,3495111
tfaE_stfE_predicted,8.0,61,6,CCCGACCATCCGGGATAATA,55,3492343
tfaE_stfE_predicted,2.142857142857143,20,6,CCCACGTGGTCGTCCGAACA,14,3501310
tfaE_stfE_predicted,5.142857142857143,41,6,CATAGCTACCCTTGCGTAAG,35,3511227
tfaE_stfE_predicted,6.714285714285714,52,6,CATAACATTACCCCCACCAG,46,3492932
tfaE_stfE_predicted,0.2857142857142857,7,6,CAGTCTAGTGTTTATCACAC,1,3499632
tfaE_stfE_predicted,0.2857142857142857,7,6,CACCTCCTTTTGCTTTGACA,1,3506944
tfaE_stfE_predicted,6.857142857142857,53,6,CACCGATGGGCTCCGACCTA,47,3502258
tfaE_stfE_predicted,0.2857142857142857,7,6,CACCAGTGGCACAGACGGGA,1,3480790
tfaE_stfE_predicted,20.571428571428573,149,6,CACAGTGTGACAATCGCTCA,143,3521278
tfaE_stfE_predicted,0.2857142857142857,7,6,ATGTGTCCACCGCCATAGAT,1,3478312
tfaE_stfE_predicted,0.2857142857142857,7,6,ATCCCGTTTGTAAAATCCCT,1,3478336
tfaE_stfE_predicted,0.2857142857142857,7,6,ATATAGTACGTTACACCCAA,1,3476523
tfaE_stfE_predicted,0.42857142857142855,8,6,ATAGTCAAATAACGCGCACA,2,3538383
tfaE_stfE_predicted,18.0,131,6,AGTCACGGATGGAGGGGTGC,125,3505880
tfaE_stfE_predicted,9.0,68,6,AGCGGCCAGTACATTAAGTC,62,3500791
tfaE_stfE_predicted,0.2857142857142857,7,6,AGATCGTTTTGCAGATTCAT,1,3493292
tfaE_stfE_predicted,3.0,26,6,ACTGTGCCGCGATTAACTAG,20,3539138
tfaE_stfE_predicted,11.571428571428571,86,6,ACTAAGACCGAGGACATAGT,80,3471051
tfaE_stfE_predicted,0.42857142857142855,8,6,ACGAATGGTAATAGCTATAT,2,3508147
tfaE_stfE_predicted,13.142857142857142,97,6,ACCTTTGGGGGGTGACGGCT,91,3484803
tfaE_stfE_predicted,14.571428571428571,107,6,ACCGCTCCTGTCAATTAGCT,101,3526306
tfaE_stfE_predicted,9.428571428571429,71,6,ACACCCCGGAAGGACTGTCT,65,3476626
tfaE_stfE_predicted,10.857142857142858,81,6,AATTGTGTTGACAACCCCGT,75,3509307
tfaE_stfE_predicted,6.428571428571429,50,6,AATCGCGGTTTAGAAGGCCA,44,3523036
tfaE_stfE_predicted,0.2857142857142857,7,6,AATATTAAAGGGCAGGTGTT,1,3538605
tfaE_stfE_predicted,9.0,68,6,AAGTTGGCTCGGTATTCTCC,62,3510501
tfaE_stfE_predicted,14.428571428571429,106,6,AACAAGTTTTGTTTTACTCC,100,3492043
tfaE_stfE_predicted,0.2857142857142857,7,6,AAACATACGTTCGACTTCGA,1,3506874
tfaE_stfE_predicted,16.666666666666668,104,5,TTTCTGGCTGTGGGGACCTA,99,3511463
tfaE_stfE_predicted,12.833333333333334,81,5,TTTCGTACTTCTTAAATTGG,76,3524402
tfaE_stfE_predicted,18.0,112,5,TTTAAACGAATTTATTCATG,107,3533715
tfaE_stfE_predicted,4.666666666666667,32,5,TTGGTGGGTGCTGTTAGTAA,27,3515419
tfaE_stfE_predicted,6.833333333333333,45,5,TTGCTTCCCTGACTTTTCCT,40,3496359
tfaE_stfE_predicted,18.0,112,5,TTGAGAAACTCGCCTAATGG,107,3474330
tfaE_stfE_predicted,0.3333333333333333,6,5,TTCATTCGGGGAGTTGCTCG,1,3489355
tfaE_stfE_predicted,0.3333333333333333,6,5,TTATCCAGGCTCGCATGCAA,1,3521674
tfaE_stfE_predicted,2.3333333333333335,18,5,TTAAAATAGCAGTCTGAACC,13,3523228
tfaE_stfE_predicted,4.666666666666667,32,5,TGAGGGGTGCCCCGCGCGAA,27,3515560
tfaE_stfE_predicted,15.166666666666666,95,5,TGACATCAACGTACGTAGGA,90,3528634
tfaE_stfE_predicted,9.5,61,5,TCTTAGTTAGCTTTTGTCGC,56,3518300
tfaE_stfE_predicted,0.3333333333333333,6,5,TCTTACCGGATGCGACATTG,1,3526920
tfaE_stfE_predicted,2.5,19,5,TCATTACTTCCACGCTGGTA,14,3536556
tfaE_stfE_predicted,11.833333333333334,75,5,TACTGTTGAGGGGGATTCCG,70,3500092
tfaE_stfE_predicted,0.3333333333333333,6,5,TACTAGCTGTGCTGCCGCAC,1,3475769
tfaE_stfE_predicted,0.3333333333333333,6,5,TACCTATTGCTACGGTTAGT,1,3473162
tfaE_stfE_predicted,0.3333333333333333,6,5,TACAATGACACTACACTGTG,1,3532536
tfaE_stfE_predicted,18.166666666666668,113,5,GTGGAGCTACAAATTTCCAG,108,3528564
tfaE_stfE_predicted,0.3333333333333333,6,5,GTCGAGAGCTCCCCATAGTA,1,3522008
tfaE_stfE_predicted,32.5,199,5,GTCCATGCACGAATATATAA,194,3476097
tfaE_stfE_predicted,4.166666666666667,29,5,GTAGGTCGTGCGTCCTAGGG,24,3506929
tfaE_stfE_predicted,0.3333333333333333,6,5,GGGGCTACCCAATTGCTATT,1,3523759
tfaE_stfE_predicted,0.3333333333333333,6,5,GGGGCGAACCTTTCAAGGGA,1,3492220
tfaE_stfE_predicted,14.5,91,5,GGCGGCGAGTCGGGTTGAAG,86,3534436
tfaE_stfE_predicted,6.5,43,5,GGATACGCATGTTAACTACG,38,3497976
tfaE_stfE_predicted,0.3333333333333333,6,5,GCTGATAAGAAAGGGGAGAA,1,3500231
tfaE_stfE_predicted,10.833333333333334,69,5,GCTCTCAGCGCCTTGTAGGA,64,3532253
tfaE_stfE_predicted,0.3333333333333333,6,5,GCGTCTGGCATAATTATGAA,1,3483356
tfaE_stfE_predicted,0.3333333333333333,6,5,GCGGCGGTCTCGGAATAGAC,1,3499359
tfaE_stfE_predicted,7.833333333333333,51,5,GCGCGCCATGGCCTGCGGTG,46,3537534
tfaE_stfE_predicted,7.666666666666667,50,5,GATCGCGCTGACAATGTGCC,45,3475474
tfaE_stfE_predicted,10.666666666666666,68,5,GATATTCCATGCGTATGGAG,63,3486753
tfaE_stfE_predicted,0.6666666666666666,8,5,GATAGGTAGCTAAGTGGAAA,3,3478056
tfaE_stfE_predicted,12.5,79,5,GACTCCTCTGGTCTACTTCA,74,3524022
tfaE_stfE_predicted,20.666666666666668,128,5,GACCGGAACAGTCGGCAGTT,123,3521885
tfaE_stfE_predicted,8.666666666666666,56,5,GAAGGCCCAATTTGTTTACG,51,3520101
tfaE_stfE_predicted,0.3333333333333333,6,5,CTGTTGAATGCTTGCCGTCG,1,3466547
tfaE_stfE_predicted,0.3333333333333333,6,5,CTACGTCCGTTCTAAGTCTG,1,3481589
tfaE_stfE_predicted,0.6666666666666666,8,5,CTACCCTATCACGCGCCAGG,3,3478064
tfaE_stfE_predicted,18.833333333333332,117,5,CGGCTGTCTAAGGTGGTCCT,112,3478770
tfaE_stfE_predicted,0.3333333333333333,6,5,CGGAGAAACGTATGCAGAAG,1,3533316
tfaE_stfE_predicted,15.666666666666666,98,5,CGCATAATGATCCATGAGTT,93,3531652
tfaE_stfE_predicted,19.0,118,5,CCTTCGAGCCCGACACTTAC,113,3477632
tfaE_stfE_predicted,3.6666666666666665,26,5,CCTGCGAGCCCGATAGATAA,21,3502369
tfaE_stfE_predicted,1.0,10,5,CCTCCCTCATTTCATGGGCG,5,3531293
tfaE_stfE_predicted,0.3333333333333333,6,5,CCGGTTCCACTGGCATCGGC,1,3498625
tfaE_stfE_predicted,0.3333333333333333,6,5,CCGAACCGCCCTATTATGAT,1,3524873
tfaE_stfE_predicted,0.5,7,5,CCACATATGGTCTAGCGTTT,2,3486231
tfaE_stfE_predicted,14.833333333333334,93,5,CATCTTACCTGACCATTGAA,88,3491296
tfaE_stfE_predicted,0.3333333333333333,6,5,CAGATTCCATGAGGTCAGGA,1,3504173
tfaE_stfE_predicted,0.3333333333333333,6,5,CACATCGAAGGAGAAGGTTG,1,3503478
tfaE_stfE_predicted,8.5,55,5,CAATATGAGCATCTGACCTT,50,3500711
tfaE_stfE_predicted,14.0,88,5,CAATAGCCATTAATATCTGC,83,3502509
tfaE_stfE_predicted,0.5,7,5,ATTTCCTCCCGGTATTATGG,2,3509172
tfaE_stfE_predicted,13.666666666666666,86,5,ATGTTTGGAAGATGGGATCT,81,3511569
tfaE_stfE_predicted,0.3333333333333333,6,5,ATGGTTTACCATCAATGCAA,1,3494318
tfaE_stfE_predicted,19.0,118,5,ATGCGTTACCTTGGAGATAT,113,3497517
tfaE_stfE_predicted,0.3333333333333333,6,5,ATCTACTTATGTAAGGCTCG,1,3497017
tfaE_stfE_predicted,13.0,82,5,AGTAGTTTCTAGCGGTATGC,77,3493103
tfaE_stfE_predicted,1.1666666666666667,11,5,AGCGTTCAGAGTATCTCGCT,6,3502512
tfaE_stfE_predicted,20.333333333333332,126,5,AGCCGTGCTGGTCGTCATGC,121,3485015
tfaE_stfE_predicted,0.3333333333333333,6,5,AGATCGAGAATATACGTGAG,1,3488685
tfaE_stfE_predicted,0.3333333333333333,6,5,ACTCTGTGAAAACGCTAGTG,1,3495702
tfaE_stfE_predicted,0.3333333333333333,6,5,ACGCGGCTTGTGACACGTCA,1,3475350
tfaE_stfE_predicted,8.833333333333334,57,5,AATGAAGCGGGTGGTGTCTG,52,3483687
tfaE_stfE_predicted,12.666666666666666,80,5,AATAATCCTCGCCATATAGT,75,3527870
tfaE_stfE_predicted,9.166666666666666,59,5,AAGAGAGCTGTAACCACGTT,54,3491783
tfaE_stfE_predicted,17.6,91,4,TTTTTCTAGTAGCTTCAAAT,87,3514175
tfaE_stfE_predicted,6.6,36,4,TTTTGATCATATGTATAGTG,32,3513875
tfaE_stfE_predicted,14.2,74,4,TTGCGGCGTCCCTCCCAACA,70,3517767
tfaE_stfE_predicted,9.8,52,4,TTCTTTGATGTACGTGCAGT,48,3474067
tfaE_stfE_predicted,45.2,229,4,TTATTGTACGTACAATACTC,225,3492280
tfaE_stfE_predicted,25.2,129,4,TGGTCCCGAATAGTCTGACT,125,3536973
tfaE_stfE_predicted,0.4,5,4,TGCGGAAGATTCGATCGGCA,1,3499147
tfaE_stfE_predicted,10.6,56,4,TGACTCGCGGAGCGAAACTA,52,3522576
tfaE_stfE_predicted,12.0,63,4,TCTGGGCGCTGATACTACAT,59,3521372
tfaE_stfE_predicted,19.8,102,4,TCTACTTGCGGTTATCATTG,98,3469711
tfaE_stfE_predicted,23.2,119,4,TCAGGTAGAGCGGTCATTAT,115,3492231
tfaE_stfE_predicted,0.4,5,4,TCAACACGTTCACTAGCCAA,1,3520857
tfaE_stfE_predicted,3.8,22,4,TATAAGTTTTCATGGATCAC,18,3538910
tfaE_stfE_predicted,6.0,33,4,TACTTAACCACGAACCGGAC,29,3500650
tfaE_stfE_predicted,20.4,105,4,TACGCCGAAGATTCTTACTC,101,3522826
tfaE_stfE_predicted,2.6,16,4,TACCAAATTTCACGTGGGGG,12,3488930
tfaE_stfE_predicted,0.4,5,4,TAATAGTGCGGCGCATGTAA,1,3537261
tfaE_stfE_predicted,5.0,28,4,GTTCTCCACAGCAATACTTC,24,3473570
tfaE_stfE_predicted,13.6,71,4,GTTACATAGTTCCCCTTACG,67,3473057
tfaE_stfE_predicted,6.8,37,4,GTCACCGATTAGCCTTATTA,33,3525874
tfaE_stfE_predicted,17.0,88,4,GTACGTCAGCTAGACCTCCC,84,3523235
tfaE_stfE_predicted,0.4,5,4,GTAAGTTTCCCTTATACAGT,1,3508485
tfaE_stfE_predicted,0.4,5,4,GGTCCGATGCGCCTCTAGTG,1,3485515
tfaE_stfE_predicted,0.4,5,4,GGGGGGGTGCTAGAATAACT,1,3536726
tfaE_stfE_predicted,12.8,67,4,GGGCATACGCTAGAGTCCCT,63,3485072
tfaE_stfE_predicted,22.6,116,4,GGCTCGGATCCCAGTCGTTC,112,3513919
tfaE_stfE_predicted,0.4,5,4,GGCTCCTACTAACGATTAGC,1,3498569
tfaE_stfE_predicted,11.4,60,4,GGCATCCCCGGTAGAGCCGA,56,3468847
tfaE_stfE_predicted,11.4,60,4,GGACTACCGGCCCAGGAGGT,56,3481685
tfaE_stfE_predicted,6.6,36,4,GCTTTACGCCGCTGAAATAG,32,3540408
tfaE_stfE_predicted,0.4,5,4,GCTTCCACAGGACGACAGAA,1,3490573
tfaE_stfE_predicted,14.4,75,4,GCGCACCGCAGACCCCGTGT,71,3488088
tfaE_stfE_predicted,18.6,96,4,GCCGTGGAAACAATAATGTT,92,3534059
tfaE_stfE_predicted,23.0,118,4,GCCGGGGTTAAAGTTTAATT,114,3476590
tfaE_stfE_predicted,0.4,5,4,GCCAAGTGAGGCAGACAGCT,1,3509123
tfaE_stfE_predicted,17.8,92,4,GCACAGTGCGAAGGATAGTT,88,3477680
tfaE_stfE_predicted,12.0,63,4,GATTGGTATCGCTTGTGTTT,59,3503347
tfaE_stfE_predicted,15.8,82,4,GAAGAATGACTGTCTACAAT,78,3520303
tfaE_stfE_predicted,46.6,236,4,CTTGTCCGTTTTATAGTTAA,232,3483893
tfaE_stfE_predicted,9.8,52,4,CTGGGTGGCGGCGGCCTTGT,48,3492247
tfaE_stfE_predicted,0.4,5,4,CTGGCAACGCGGCCTCAGGT,1,3468735
tfaE_stfE_predicted,0.4,5,4,CTCTAAAGAAATGTTCGGGT,1,3495654
tfaE_stfE_predicted,0.4,5,4,CGTATTTGTAGGCGCAGGCC,1,3537208
tfaE_stfE_predicted,22.8,117,4,CGGTTTAGGGCTAAAATTCG,113,3494733
tfaE_stfE_predicted,0.4,5,4,CGGGTTGGGGTTAGTGGAGG,1,3516478
tfaE_stfE_predicted,0.4,5,4,CGAGCCATTTCAGATATCCG,1,3527140
tfaE_stfE_predicted,7.4,40,4,CGAACCTTGCTTTTATGACT,36,3483236
tfaE_stfE_predicted,0.4,5,4,CATTCGCAGCGTTAGAAGGT,1,3481345
tfaE_stfE_predicted,0.4,5,4,CATGTGGCTTTGCGACGAAG,1,3489778
tfaE_stfE_predicted,5.4,30,4,CAGCGCCAGGGGCATGCTAA,26,3492270
tfaE_stfE_predicted,8.2,44,4,CACGACCACACCTGGGCGGT,40,3474898
tfaE_stfE_predicted,13.2,69,4,ATTTACGAGGTCGCAGATGG,65,3508872
tfaE_stfE_predicted,9.4,50,4,AGTTACCTGTGTTGCCACGT,46,3504129
tfaE_stfE_predicted,0.4,5,4,AGGGATGCCTGGCTTTGGGT,1,3485247
tfaE_stfE_predicted,11.0,58,4,AGCGCTGGGCTTCGAAAACA,54,3539200
tfaE_stfE_predicted,24.4,125,4,ACGGACAGAACCTCCTCGGA,121,3537586
tfaE_stfE_predicted,19.2,99,4,AATCGCGGGTCGTTAAACAC,95,3536652
tfaE_stfE_predicted,0.6,6,4,AAGTTGCTTACCAGGCCACC,2,3540654
tfaE_stfE_predicted,0.4,5,4,AAGGAGCTAAAAATCTTCCT,1,3510231
tfaE_stfE_predicted,23.5,96,3,TTGTTGTCGTTCGGCGAACT,93,3511135
tfaE_stfE_predicted,1.75,9,3,TTGCGACAGCAAGACCGGAT,6,3519941
tfaE_stfE_predicted,27.75,113,3,TTGACGGCTTAAAAGCGCGT,110,3499916
tfaE_stfE_predicted,0.5,4,3,TTATGTTGGCCGTGGGTGGT,1,3491238
tfaE_stfE_predicted,17.25,71,3,TTATACTACACTTCCGAGAA,68,3495119
tfaE_stfE_predicted,11.0,46,3,TGTGCAGTTCCCGGGACAGT,43,3499726
tfaE_stfE_predicted,0.5,4,3,TGTCATACACACAACCCTAC,1,3498355
tfaE_stfE_predicted,0.5,4,3,TGTATGTAATAAATCTTCAC,1,3497776
tfaE_stfE_predicted,0.5,4,3,TGGTCAGGATCAAACCTTCT,1,3509979
tfaE_stfE_predicted,0.5,4,3,TGGAAGGCCGACGAATTTGT,1,3468396
tfaE_stfE_predicted,0.5,4,3,TGAGACCGGCCTCCTCTTGA,1,3508546
tfaE_stfE_predicted,15.75,65,3,TCTTCTCGACGAGGTAGTAC,62,3470023
tfaE_stfE_predicted,0.5,4,3,TCGACCGATTGTTTTTAGGT,1,3501986
tfaE_stfE_predicted,13.25,55,3,TATGCTTATGTAAGTAGCAA,52,3529097
tfaE_stfE_predicted,22.25,91,3,TATATTAACGCTGTCCTGGA,88,3516040
tfaE_stfE_predicted,14.5,60,3,TAAGTGAGGAATTCTACCAT,57,3483702
tfaE_stfE_predicted,46.5,188,3,GTTTACTATGGTTTGATGTG,185,3495435
tfaE_stfE_predicted,11.25,47,3,GTTTAATTAATAACTAACTA,44,3517030
tfaE_stfE_predicted,28.5,116,3,GTTCGGCGGGTACGCTTTGC,113,3472886
tfaE_stfE_predicted,3.25,15,3,GTATCGATACTTAATCCCCT,12,3526556
tfaE_stfE_predicted,0.5,4,3,GGCGCATCTTTATGATACAA,1,3532069
tfaE_stfE_predicted,0.75,5,3,GGCAAATTACGACTGGGGGG,2,3479470
tfaE_stfE_predicted,25.75,105,3,GGATGAGTGATCACGGTAGA,102,3529303
tfaE_stfE_predicted,28.5,116,3,GCCGGAAAAGTGATCAGTAC,113,3472165
tfaE_stfE_predicted,15.5,64,3,GCATTTATTCTGGCAATAAT,61,3488770
tfaE_stfE_predicted,0.5,4,3,GCACGGGACTACCGGCCTGA,1,3480698
tfaE_stfE_predicted,14.25,59,3,GCACGCACCCCATATCCGGC,56,3494781
tfaE_stfE_predicted,21.0,86,3,GAGGTCAGATTGTGACTGTA,83,3532171
tfaE_stfE_predicted,27.0,110,3,GACGCAACTTTAGTATGTGT,107,3518739
tfaE_stfE_predicted,27.0,110,3,GACAGATACGGATTTGCCCC,107,3487133
tfaE_stfE_predicted,24.25,99,3,GAAAAAAGAGTCCTCCTGCC,96,3503212
tfaE_stfE_predicted,0.5,4,3,CTTCGGATGAGTCGGCTGTA,1,3531874
tfaE_stfE_predicted,31.25,127,3,CTGTCAGAGCTTGCGGCCCC,124,3488221
tfaE_stfE_predicted,0.5,4,3,CTGGTTTGCGCTAGATGCTA,1,3527657
tfaE_stfE_predicted,0.5,4,3,CTCGTGATGGCATACGGCCT,1,3524057
tfaE_stfE_predicted,22.75,93,3,CTCCCCGAGCAATCGGTTTC,90,3479108
tfaE_stfE_predicted,10.0,42,3,CTCACGTAAAGATGACGCAT,39,3491232
tfaE_stfE_predicted,23.25,95,3,CTAGTCTTTAGTCGGTAGAT,92,3502762
tfaE_stfE_predicted,13.5,56,3,CTAGACCCTGGGTGCCCAGG,53,3472262
tfaE_stfE_predicted,0.5,4,3,CTACCTTGTATGGCAGAGAC,1,3478333
tfaE_stfE_predicted,23.75,97,3,CGGTTCAAGGTCTGAGAGTA,94,3532193
tfaE_stfE_predicted,19.0,78,3,CGGGAGTGATTCTTTAGTTA,75,3503622
tfaE_stfE_predicted,11.0,46,3,CGAGTTGGAGCATCAACGCG,43,3516935
tfaE_stfE_predicted,0.5,4,3,CGAAACGGCAATGACACTGA,1,3529951
tfaE_stfE_predicted,0.5,4,3,CCGTGGCGCATATCTATCGA,1,3502208
tfaE_stfE_predicted,0.5,4,3,CCGGCAGGGCTTTCAGCGTT,1,3492404
tfaE_stfE_predicted,17.25,71,3,CCCTCGTGGTATAATCACGC,68,3519478
tfaE_stfE_predicted,0.5,4,3,CCCAATAGAAAGTTAACCTG,1,3489002
tfaE_stfE_predicted,22.25,91,3,CCAGCCACCAAGGTTCCCGA,88,3534660
tfaE_stfE_predicted,0.5,4,3,CATCCAATCCTCTCAGATGT,1,3480426
tfaE_stfE_predicted,0.5,4,3,CACAGTGTAATGTCGAGCCA,1,3472807
tfaE_stfE_predicted,0.5,4,3,CAACTCACTGATCAGAAGCC,1,3510752
tfaE_stfE_predicted,22.75,93,3,ATGGGAGATGCCAGGTCCTT,90,3498000
tfaE_stfE_predicted,0.5,4,3,ATGCATTATAAACCAGCAGT,1,3470413
tfaE_stfE_predicted,8.75,37,3,ATCTTCGCTATGTTCGGATG,34,3482876
tfaE_stfE_predicted,5.25,23,3,ATACTGATCCGCGAACCAGT,20,3533645
tfaE_stfE_predicted,0.5,4,3,ATACGAAGGTTTTCCTGTTC,1,3522923
tfaE_stfE_predicted,0.5,4,3,AGGGACGGAGGTTTTTGCAT,1,3489832
tfaE_stfE_predicted,21.75,89,3,AGGCAGAAGGCAAGCCTATG,86,3474953
tfaE_stfE_predicted,0.5,4,3,ACACAACCATCGAACTATCA,1,3485697
tfaE_stfE_predicted,0.5,4,3,AACGTTGTCAATGGCCAGAG,1,3485831
tfaE_stfE_predicted,24.75,101,3,AACGCGAAGGACATGGCAAG,98,3514139
tfaE_stfE_predicted,0.6666666666666666,3,2,TTTCGATAAATTTATGTTGC,1,3482428
tfaE_stfE_predicted,0.6666666666666666,3,2,TTCGGGTCTGCACCATCGGC,1,3535946
tfaE_stfE_predicted,18.666666666666668,57,2,TTAAACCATTAACGCAAAGA,55,3487407
tfaE_stfE_predicted,0.6666666666666666,3,2,TGTAATGGGCCGCTTTTTGG,1,3481105
tfaE_stfE_predicted,11.666666666666666,36,2,TGGTAGGACTAGGGTGTGTG,34,3477615
tfaE_stfE_predicted,27.333333333333332,83,2,TGGCTGGCTCTGGAGCATTA,81,3496426
tfaE_stfE_predicted,4.333333333333333,14,2,TCCAGCATGTTAAGGGACAA,12,3471646
tfaE_stfE_predicted,35.666666666666664,108,2,TCATGCAGGCGAGATCCATT,106,3478293
tfaE_stfE_predicted,0.6666666666666666,3,2,TATCTATGGGTTCTCTGCTT,1,3524878
tfaE_stfE_predicted,0.6666666666666666,3,2,TAGGGCGGCTATTAACCCAA,1,3491315
tfaE_stfE_predicted,0.6666666666666666,3,2,TAGCTAATGTATCAGCTGGA,1,3540705
tfaE_stfE_predicted,8.333333333333334,26,2,TACTGTTCGGTTGATTCGAT,24,3466432
tfaE_stfE_predicted,29.0,88,2,GTTCTCGGAGCCCAATCGCT,86,3529986
tfaE_stfE_predicted,0.6666666666666666,3,2,GTGGCAGGTATATCCCAAAA,1,3539941
tfaE_stfE_predicted,8.666666666666666,27,2,GTCAAAAGCTTTCACCCCAT,25,3524434
tfaE_stfE_predicted,15.666666666666666,48,2,GTACGTAGTAAACAACGTGC,46,3539962
tfaE_stfE_predicted,30.666666666666668,93,2,GGTTTGACGGTTGTCCCTCA,91,3475935
tfaE_stfE_predicted,21.333333333333332,65,2,GGTCCTAAGTCGGTACCCCT,63,3522134
tfaE_stfE_predicted,40.0,121,2,GCTCCAGAATCTACCGTATA,119,3530438
tfaE_stfE_predicted,33.333333333333336,101,2,GCCTAGTGATAATCTATAAG,99,3473509
tfaE_stfE_predicted,1.6666666666666667,6,2,GCATGGTCCTCGACAACAAC,4,3467597
tfaE_stfE_predicted,28.0,85,2,GCAACACTTAGATCACACCT,83,3496858
tfaE_stfE_predicted,0.6666666666666666,3,2,GATATGACGCTTCAATCCAT,1,3499453
tfaE_stfE_predicted,29.0,88,2,GAGAGTTCCTTCCGGCGCCT,86,3534694
tfaE_stfE_predicted,0.6666666666666666,3,2,CTTCTCCATCGATTCTCTCA,1,3497857
tfaE_stfE_predicted,37.333333333333336,113,2,CTGTACGTTCGACTACAGTA,111,3496728
tfaE_stfE_predicted,11.333333333333334,35,2,CTCTAGAATGATTATTGATG,33,3528839
tfaE_stfE_predicted,0.6666666666666666,3,2,CTAGTTTTCGCTACTTAGTT,1,3490822
tfaE_stfE_predicted,0.6666666666666666,3,2,CCTTTATGTAATTGCGTGCA,1,3469316
tfaE_stfE_predicted,19.333333333333332,59,2,CCTCCTCGACGGCACTCTCT,57,3541181
tfaE_stfE_predicted,34.0,103,2,CCTCACCTTGGCAATACGAC,101,3506741
tfaE_stfE_predicted,27.333333333333332,83,2,CCTATGCGCCTCCTGTATTT,81,3533031
tfaE_stfE_predicted,0.6666666666666666,3,2,CCGGTGCGTCGGCTAAAAAT,1,3504997
tfaE_stfE_predicted,0.6666666666666666,3,2,CCGGCTTTCCAGCCTTATGG,1,3478091
tfaE_stfE_predicted,25.0,76,2,CCATGCCTCGCGGTTAGGCT,74,3539309
tfaE_stfE_predicted,0.6666666666666666,3,2,CAGTGTTCTTACACCCTCGA,1,3502830
tfaE_stfE_predicted,6.333333333333333,20,2,CACTTATTTGTCACGCGGTG,18,3532675
tfaE_stfE_predicted,0.6666666666666666,3,2,ATGTTGGATTCGAAGAGTCT,1,3468197
tfaE_stfE_predicted,1.0,4,2,ATGGTTTCGCACGGAATTGT,2,3504372
tfaE_stfE_predicted,13.333333333333334,41,2,ATCAGAAGAGCATTCAGACC,39,3495525
tfaE_stfE_predicted,0.6666666666666666,3,2,ATATCTATCCTAGGACCGCA,1,3511685
tfaE_stfE_predicted,37.333333333333336,113,2,AGTGTCACTGGGGCCTCGAC,111,3485594
tfaE_stfE_predicted,0.6666666666666666,3,2,AGGTGGTGTCGTATGCATTT,1,3508661
tfaE_stfE_predicted,0.6666666666666666,3,2,AGCGAGCCTGACAGAAGATT,1,3487520
tfaE_stfE_predicted,32.333333333333336,98,2,ACTTTTCATCCTCTTTACCC,96,3499667
tfaE_stfE_predicted,0.6666666666666666,3,2,ACGCTTTGATTCGCGTAAAA,1,3492094
tfaE_stfE_predicted,10.666666666666666,33,2,ACAAGACCCAATCCTCGTAA,31,3478846
tfaE_stfE_predicted,3.3333333333333335,11,2,AATTGATTTAGGATAGCGTA,9,3502054
tfaE_stfE_predicted,9.333333333333334,29,2,AATTAGAGTCCTCGGGCTAT,27,3497783
tfaE_stfE_predicted,0.6666666666666666,3,2,AATGGTTATACGCATTCTGG,1,3521001
tfaE_stfE_predicted,21.333333333333332,65,2,AACTTCTCCGGCACGTATTT,63,3512323
tfaE_stfE_predicted,30.666666666666668,93,2,AACAGCGTAACAAAAGAGGG,91,3532203
tfaE_stfE_predicted,0.6666666666666666,3,2,AACACTTCTACCACTGGTTA,1,3484020
tfaE_stfE_predicted,42.5,85,1,TTGTTATGGCGGCAAGAAAG,84,3470598
tfaE_stfE_predicted,1.0,2,1,TTATGCCAACATTACCCCCT,1,3484365
tfaE_stfE_predicted,1.0,2,1,TTAGAGACTGAGCACGCCCA,1,3489034
tfaE_stfE_predicted,55.5,111,1,TTAATCTAGTTGGGTACTCG,110,3466985
tfaE_stfE_predicted,25.0,50,1,TGTGTGTTCAAGAGAAAATC,49,3479093
tfaE_stfE_predicted,1.0,2,1,TGCGATGAGATCGACGATTA,1,3494643
tfaE_stfE_predicted,1.0,2,1,TGAGTATGATGGTCCCGGCG,1,3505414
tfaE_stfE_predicted,1.0,2,1,TGAGCATCAGTCAATGCTCA,1,3485575
tfaE_stfE_predicted,17.5,35,1,TGACACCGGAGTACGTTCAC,34,3492806
tfaE_stfE_predicted,13.5,27,1,TCCTGAACATTACCCCGCTC,26,3490907
tfaE_stfE_predicted,1.0,2,1,TAGCGTCTTTAGGGCTGCGT,1,3533520
tfaE_stfE_predicted,38.5,77,1,TAGAGTGGATCTCAATGTAA,76,3471405
tfaE_stfE_predicted,47.0,94,1,TACTTCAAGTTTCGTGCGCA,93,3502001
tfaE_stfE_predicted,1.0,2,1,TAATGCAGCCTTCAGAATCC,1,3536313
tfaE_stfE_predicted,15.5,31,1,GTTTACGGATCTCCTCAAAA,30,3525711
tfaE_stfE_predicted,55.0,110,1,GTGGGACACTTTATGTCCAA,109,3473380
tfaE_stfE_predicted,38.5,77,1,GTCGATTAGTTTTAACACCC,76,3510879
tfaE_stfE_predicted,1.0,2,1,GTCACTGACATATGACGGAC,1,3486568
tfaE_stfE_predicted,25.0,50,1,GTAGCCCTCCCTCGGGCGGA,49,3513249
tfaE_stfE_predicted,47.0,94,1,GGTCACCGCAACGATGGGAA,93,3515406
tfaE_stfE_predicted,28.0,56,1,GGCTCTGGTCCCACCCGGCA,55,3525662
tfaE_stfE_predicted,1.0,2,1,GGATCGTGGATACTAATATA,1,3475191
tfaE_stfE_predicted,1.0,2,1,GGACCTCGGCCGGATGCAAT,1,3515965
tfaE_stfE_predicted,1.0,2,1,GCTACTAGGCTTCATCTTCC,1,3507123
tfaE_stfE_predicted,111.0,222,1,GAAACGACATCAATTCAAAC,221,3487787
tfaE_stfE_predicted,46.0,92,1,CTTTCGCTCTCGCCATTCAC,91,3526913
tfaE_stfE_predicted,1.0,2,1,CTTAGCGTTGGAGACAGAAT,1,3506561
tfaE_stfE_predicted,1.0,2,1,CTCTTGCTGATGATAGAGTT,1,3523824
tfaE_stfE_predicted,53.5,107,1,CTCTTCTCCCTAATAGACCG,106,3519079
tfaE_stfE_predicted,1.0,2,1,CTCTCGTGAGAAGTAAACAA,1,3511871
tfaE_stfE_predicted,1.0,2,1,CTAGCCTGCGTACGATATCT,1,3483108
tfaE_stfE_predicted,3.5,7,1,CTACGGTTCAGTAATATGGG,6,3508388
tfaE_stfE_predicted,48.0,96,1,CGTGGGGGACTGTTGCACTT,95,3475939
tfaE_stfE_predicted,1.0,2,1,CGGTGAATATTGCCATCGGA,1,3493997
tfaE_stfE_predicted,1.0,2,1,CGCATACGCCTGCGTTGAAA,1,3527023
tfaE_stfE_predicted,1.0,2,1,CGATTCGGGGGGCCATGCGA,1,3540541
tfaE_stfE_predicted,1.0,2,1,CGAGGGTCGGGCCAATAGGT,1,3469787
tfaE_stfE_predicted,61.0,122,1,CGAGAAGGCGCCTTAGCACA,121,3491087
tfaE_stfE_predicted,1.0,2,1,CCGTGTGGTGGGCTCCCAGC,1,3536383
tfaE_stfE_predicted,1.0,2,1,CCACGGGAACCACCTGATGT,1,3477225
tfaE_stfE_predicted,15.5,31,1,CATTCACTTTTATATTGATT,30,3528322
tfaE_stfE_predicted,1.0,2,1,CATGTTCTATGGGCTAAAGT,1,3522321
tfaE_stfE_predicted,1.0,2,1,CATGGATCCCATGCTTACCT,1,3538306
tfaE_stfE_predicted,30.0,60,1,CAGTTCATAGCTAAGCCCCC,59,3527294
tfaE_stfE_predicted,1.0,2,1,CAGGTGATCAAGTAAGGCCG,1,3499988
tfaE_stfE_predicted,1.0,2,1,CACCCGGGTGTATATAGAGG,1,3475826
tfaE_stfE_predicted,33.0,66,1,ATTCGCTTACTGAATGCACT,65,3514719
tfaE_stfE_predicted,1.0,2,1,ATGCCCATCGTGAACGCGAC,1,3473313
tfaE_stfE_predicted,1.0,2,1,ATCTGGAAGCTCGGCCTCCT,1,3470565
tfaE_stfE_predicted,1.0,2,1,ATCATAGGACGCTTAGTTGA,1,3532258
tfaE_stfE_predicted,1.0,2,1,AGTCCTCTCCTTACGCTAGA,1,3492534
tfaE_stfE_predicted,125.5,251,1,AGGTACATTCAGCTGCCGTA,250,3487941
tfaE_stfE_predicted,48.0,96,1,ACCTAGTTACCCGGCCTTAT,95,3511942
tfaE_stfE_predicted,1.0,2,1,AATTAATATTCTCCCTACCC,1,3525997
tfaE_stfE_predicted,1.0,2,1,AAGGCTTCGATACGGCACCA,1,3527773
tfaE_stfE_predicted,12.5,25,1,AACAAGGGCAATGAGGTCCT,24,3510100
tfaE_stfE_predicted,50.5,101,1,AAATTACGGCGACTAGGACA,100,3517993
tfaE_stfE_predicted,0.005128205128205128,194,194,TGACGGGTACGAGGTCCTAG,0,3467533
tfaE_stfE_predicted,0.006944444444444444,143,143,ACGATAGAAGTAGACACGGC,0,3493151
tfaE_stfE_predicted,0.0072992700729927005,136,136,TCGTTAGTGGCGTATCGTGT,0,3530237
tfaE_stfE_predicted,0.007462686567164179,133,133,CCGGTTGTACACTCAATAGG,0,3504347
tfaE_stfE_predicted,0.007751937984496124,128,128,CAGGTTCGTGGTATGCATCA,0,3471798
tfaE_stfE_predicted,0.007751937984496124,128,128,AGGGGAAAGTTAAGACTCGT,0,3467239
tfaE_stfE_predicted,0.008620689655172414,115,115,GTCCAAAGTACTCTCTTTAG,0,3477193
tfaE_stfE_predicted,0.008928571428571428,111,111,CTTACGCCTGCGGAGTATGA,0,3506133
tfaE_stfE_predicted,0.009900990099009901,100,100,GGAAGTCGGCTCGGTGTTAG,0,3475611
tfaE_stfE_predicted,0.01,99,99,ATCGACTCTGTGACCGCAGG,0,3527092
tfaE_stfE_predicted,0.010309278350515464,96,96,AGTCTAACCGGGAGAGAATA,0,3509506
tfaE_stfE_predicted,0.010526315789473684,94,94,GCCGGTGCGAACCTGGGATC,0,3468172
tfaE_stfE_predicted,0.010526315789473684,94,94,ACCAGCGGGTTAAAGGAGTT,0,3520957
tfaE_stfE_predicted,0.010752688172043012,92,92,CCCAAAGGTGTACGCGCGCT,0,3475396
tfaE_stfE_predicted,0.010752688172043012,92,92,CCAGGTTGTATGCGCGTCAA,0,3467931
tfaE_stfE_predicted,0.010752688172043012,92,92,CACGTCGCCCCAGGCTACAT,0,3480636
tfaE_stfE_predicted,0.010869565217391304,91,91,CTTGACGGACGTGAGTGGGA,0,3472723
tfaE_stfE_predicted,0.01098901098901099,90,90,ATGTTGCAAGGCCGGCTTCA,0,3476444
tfaE_stfE_predicted,0.011235955056179775,88,88,CGACTTGTTATCGCGGTAAT,0,3470362
tfaE_stfE_predicted,0.011235955056179775,88,88,ATTCGCGTGGATACTTGCCC,0,3507695
tfaE_stfE_predicted,0.011363636363636364,87,87,GGTGCAAGTCTAAGCTCCAT,0,3472330
tfaE_stfE_predicted,0.011494252873563218,86,86,GCAATATCAGACCGCCACAA,0,3480017
tfaE_stfE_predicted,0.011627906976744186,85,85,GTTATCGGGTGACCACTTGA,0,3469888
tfaE_stfE_predicted,0.011627906976744186,85,85,CGGGATCTCATAGGGCAGGC,0,3513077
tfaE_stfE_predicted,0.011764705882352941,84,84,CTTCCTAGCATTGAAATTGA,0,3477993
tfaE_stfE_predicted,0.011904761904761904,83,83,GGACCACCAACCGTGGTTGA,0,3518544
tfaE_stfE_predicted,0.012195121951219513,81,81,TATCCATCGCCCTAAGTTTT,0,3515008
tfaE_stfE_predicted,0.012195121951219513,81,81,CGGAGGCAGCTCACAAAGGT,0,3506021
tfaE_stfE_predicted,0.012195121951219513,81,81,ATCTCGGTCGCTGAGAAGGT,0,3505447
tfaE_stfE_predicted,0.012195121951219513,81,81,ACGGAAGAGTCATGGCGCTA,0,3485762
tfaE_stfE_predicted,0.012345679012345678,80,80,TACCGTCCGCCTCAGCTTCA,0,3487474
tfaE_stfE_predicted,0.012345679012345678,80,80,GTGCTCTCCAGCCTAGCATA,0,3489920
tfaE_stfE_predicted,0.01282051282051282,77,77,GTTGCACTTCACCCCTCACA,0,3529284
tfaE_stfE_predicted,0.01282051282051282,77,77,CGGGGAACAGGCTGAGGGTT,0,3519240
tfaE_stfE_predicted,0.01282051282051282,77,77,CGGGCGCATCTGTTCTGTAC,0,3476296
tfaE_stfE_predicted,0.01282051282051282,77,77,CGCCGGTACATTTGGTTTGG,0,3471887
tfaE_stfE_predicted,0.012987012987012988,76,76,CCCGGGGACATCTCACTAGG,0,3534379
tfaE_stfE_predicted,0.012987012987012988,76,76,CATATTCAACGGGTTTTTGG,0,3467131
tfaE_stfE_predicted,0.012987012987012988,76,76,CACCACACCCATGGAGTGCG,0,3489250
tfaE_stfE_predicted,0.012987012987012988,76,76,ACAAGAATTGGGCACCGGAT,0,3483226
tfaE_stfE_predicted,0.013157894736842105,75,75,TTCTATCGCATCTTCATATA,0,3528544
tfaE_stfE_predicted,0.013333333333333334,74,74,CGATCTGGTTAGGTTGTACG,0,3481269
tfaE_stfE_predicted,0.013333333333333334,74,74,ATTCTCGCGTTATATCAGAA,0,3487042
tfaE_stfE_predicted,0.013513513513513514,73,73,TAACGCGGAACGAACGGCCT,0,3488695
tfaE_stfE_predicted,0.013513513513513514,73,73,GTGTCAGCTACGTACGGCCA,0,3527008
tfaE_stfE_predicted,0.013513513513513514,73,73,GGGGCGTCGCAAGCACCCAT,0,3470696
tfaE_stfE_predicted,0.0136986301369863,72,72,GATCCAATGCGTTGCTTTGG,0,3480669
tfaE_stfE_predicted,0.0136986301369863,72,72,CTCTCGGTTGCAAAGGGGAG,0,3517601
tfaE_stfE_predicted,0.0136986301369863,72,72,AGGGGGATCGAATAAGATTA,0,3538096
tfaE_stfE_predicted,0.013888888888888888,71,71,GGTCGAGGTACTGTCTTTAG,0,3488469
tfaE_stfE_predicted,0.013888888888888888,71,71,GATGCCCTCAAGGACAGTAC,0,3488116
tfaE_stfE_predicted,0.013888888888888888,71,71,GACAAAAAGGAGGGGTGTGG,0,3488655
tfaE_stfE_predicted,0.013888888888888888,71,71,CCTGTTATAAGGGAGTCGCT,0,3466634
tfaE_stfE_predicted,0.014084507042253521,70,70,TACGACACCCGGGGCGGGAT,0,3502801
tfaE_stfE_predicted,0.014084507042253521,70,70,CAGTCCACTGACATCCCATA,0,3476560
tfaE_stfE_predicted,0.014084507042253521,70,70,AGCGTACCTTCAGCCAGAGC,0,3499225
tfaE_stfE_predicted,0.014285714285714285,69,69,CTGTACGTGTAAGTCTATAC,0,3479955
tfaE_stfE_predicted,0.014285714285714285,69,69,AGTATCCCCGAAGCTCCGCA,0,3470590
tfaE_stfE_predicted,0.014285714285714285,69,69,AGCCCAGCGTTTGAAAGTTC,0,3502595
tfaE_stfE_predicted,0.014492753623188406,68,68,TACGTGGCGTCTGACTGCAT,0,3478107
tfaE_stfE_predicted,0.014492753623188406,68,68,GTACTTGGTAACTAGGGGCG,0,3485939
tfaE_stfE_predicted,0.014492753623188406,68,68,CGCCTGTCCCGCCGGTTGAA,0,3530582
tfaE_stfE_predicted,0.014492753623188406,68,68,ACCCGAAATATCAGATGTAA,0,3484509
tfaE_stfE_predicted,0.014705882352941176,67,67,TACCGCGTAAATGGTCTTTA,0,3466937
tfaE_stfE_predicted,0.014705882352941176,67,67,CGCTTCAGGTTCCACGGGTA,0,3494524
tfaE_stfE_predicted,0.014705882352941176,67,67,CGCGCCGGGTACCGAAAAAC,0,3467025
tfaE_stfE_predicted,0.014705882352941176,67,67,AGCCCTAAGTATTGTTTCGA,0,3500331
tfaE_stfE_predicted,0.014925373134328358,66,66,TGGGATCGACGGCTGTATGT,0,3472882
tfaE_stfE_predicted,0.014925373134328358,66,66,GCGGGTACAGTGGAGTGGTT,0,3485898
tfaE_stfE_predicted,0.014925373134328358,66,66,GAATGCGTCGGGAATCTCGA,0,3508789
tfaE_stfE_predicted,0.014925373134328358,66,66,CGTACGAAGTGTGATACCTC,0,3493339
tfaE_stfE_predicted,0.014925373134328358,66,66,CGGCATCCGCACTGGGTTGT,0,3526612
tfaE_stfE_predicted,0.015151515151515152,65,65,TTGATATGTCCAGAGGTGTT,0,3483225
tfaE_stfE_predicted,0.015151515151515152,65,65,GCCACCTGTTGTCGCCCTCG,0,3498904
tfaE_stfE_predicted,0.015151515151515152,65,65,CGTAGACGTGTCGCACTCTA,0,3466791
tfaE_stfE_predicted,0.015151515151515152,65,65,CCAGTGAGACTCTGAGTTTG,0,3522992
tfaE_stfE_predicted,0.015151515151515152,65,65,CAATAATTAACCGTATCCAT,0,3513822
tfaE_stfE_predicted,0.015151515151515152,65,65,AAGTGGCCGGCGGACCTATT,0,3481339
tfaE_stfE_predicted,0.015384615384615385,64,64,TCCCGACTAATGAGCGGCAG,0,3481346
tfaE_stfE_predicted,0.015384615384615385,64,64,GGGGTACTCCAAAAAGGTGT,0,3531046
tfaE_stfE_predicted,0.015384615384615385,64,64,GCCCAGAGATGTAATAATCT,0,3472218
tfaE_stfE_predicted,0.015384615384615385,64,64,CCCGGCTCTTCGCCTATTCG,0,3477534
tfaE_stfE_predicted,0.015625,63,63,TTTTGGAAGTTTGACGACAA,0,3501339
tfaE_stfE_predicted,0.015625,63,63,TCTCGTTACGCAAAACTTAT,0,3519749
tfaE_stfE_predicted,0.015625,63,63,TATTGGGCAGCGAGGGACTT,0,3527273
tfaE_stfE_predicted,0.015625,63,63,GGACCACAACGTCTTGACGG,0,3490756
tfaE_stfE_predicted,0.015625,63,63,GCTAATCATTTTCACAACCC,0,3493450
tfaE_stfE_predicted,0.015625,63,63,GCGAGAAGGACACAGTGCCA,0,3494180
tfaE_stfE_predicted,0.015625,63,63,GCCCACCGGGCACCGTGACC,0,3540272
tfaE_stfE_predicted,0.015625,63,63,CTTCGGGACAGGTACTCATT,0,3494794
tfaE_stfE_predicted,0.015625,63,63,ATCTCAGGCTAATGGGTTAA,0,3496647
tfaE_stfE_predicted,0.015873015873015872,62,62,TCTTGATTGTGCTCCAAGTG,0,3483221
tfaE_stfE_predicted,0.015873015873015872,62,62,TCGCCTAGCGCCGAACATTA,0,3477841
tfaE_stfE_predicted,0.015873015873015872,62,62,TCATTCTAAAAACTATTGTT,0,3540757
tfaE_stfE_predicted,0.015873015873015872,62,62,TAAACTGCTGGGAGTTCAAT,0,3486770
tfaE_stfE_predicted,0.015873015873015872,62,62,GGTACCGAAGTGCTATTACA,0,3501998
tfaE_stfE_predicted,0.015873015873015872,62,62,GCATAAGGCAGAGTCATCTA,0,3472153
tfaE_stfE_predicted,0.015873015873015872,62,62,CGTTAGCAGCCCCTCTCAAA,0,3470367
tfaE_stfE_predicted,0.015873015873015872,62,62,CGCGGCCTTTTCATTACGTT,0,3523086
tfaE_stfE_predicted,0.015873015873015872,62,62,ATAATAGCTGATTTGCCTCC,0,3467282
tfaE_stfE_predicted,0.015873015873015872,62,62,AGGTGCCTTACAGAACTTTT,0,3497838
tfaE_stfE_predicted,0.015873015873015872,62,62,ACAACGTCTGGCTCGGGGCA,0,3488694
tfaE_stfE_predicted,0.016129032258064516,61,61,GGTTTATCATCAAAGTTCCA,0,3482155
tfaE_stfE_predicted,0.016129032258064516,61,61,CGGGCGGGGCGTCAATGATT,0,3529869
tfaE_stfE_predicted,0.01639344262295082,60,60,TCGCGACGATGCGTGATTCT,0,3516955
tfaE_stfE_predicted,0.01639344262295082,60,60,GGGGCATAGCCGACCTCCGT,0,3494572
tfaE_stfE_predicted,0.01639344262295082,60,60,CGCTGATAGCACTAGGTTGT,0,3535465
tfaE_stfE_predicted,0.016666666666666666,59,59,GTCCGGGACCATATTCGATC,0,3482861
tfaE_stfE_predicted,0.016666666666666666,59,59,GTCAGGGCGTTGTCGTGACG,0,3471757
tfaE_stfE_predicted,0.016666666666666666,59,59,GCCTGGACGGTAACTGAGAA,0,3508014
tfaE_stfE_predicted,0.016666666666666666,59,59,GATTGGGCTTTATTTCCCAT,0,3479050
tfaE_stfE_predicted,0.016666666666666666,59,59,CTATTAAGCCCCCAACTATC,0,3503339
tfaE_stfE_predicted,0.016666666666666666,59,59,AATTCGCCACCCTGGTCGAT,0,3476509
tfaE_stfE_predicted,0.01694915254237288,58,58,TCATGTCACGACTGCTGGCT,0,3472958
tfaE_stfE_predicted,0.01694915254237288,58,58,GCGAGACGGAAGACTGATTT,0,3500210
tfaE_stfE_predicted,0.01694915254237288,58,58,GCACAGTTAACCGTCCCAAT,0,3500422
tfaE_stfE_predicted,0.01694915254237288,58,58,CTGAGATCATCAGACGGATC,0,3539190
tfaE_stfE_predicted,0.01694915254237288,58,58,CTCGTACATTACAGATCATT,0,3494179
tfaE_stfE_predicted,0.01694915254237288,58,58,CTAGGGACTCGTAGGGGTGG,0,3488529
tfaE_stfE_predicted,0.01694915254237288,58,58,CAGATATCGGTCTATAGCAA,0,3494214
tfaE_stfE_predicted,0.01694915254237288,58,58,ATCTCGACGTTGAAGTCGGC,0,3502120
tfaE_stfE_predicted,0.01694915254237288,58,58,ACGCTTAATCCACTTTTTTT,0,3521411
tfaE_stfE_predicted,0.01694915254237288,58,58,ACGACGCAATGTCACGATCA,0,3469624
tfaE_stfE_predicted,0.017241379310344827,57,57,TTAAGATGGAAGGGGTGTTA,0,3475181
tfaE_stfE_predicted,0.017241379310344827,57,57,TCGGATCTGGCAGCCAGCCC,0,3471890
tfaE_stfE_predicted,0.017241379310344827,57,57,GCTAGGATCGTCGAACCGCT,0,3475124
tfaE_stfE_predicted,0.017241379310344827,57,57,GAGAGTCGCAGAGGGTGCTG,0,3539316
tfaE_stfE_predicted,0.017241379310344827,57,57,CGTGGGGGAATCAAACTTAA,0,3537116
tfaE_stfE_predicted,0.017241379310344827,57,57,CCGTGGAGCGTCATCTAATG,0,3535910
tfaE_stfE_predicted,0.017241379310344827,57,57,ATTGACTAGGTAGACAGGGT,0,3490409
tfaE_stfE_predicted,0.017241379310344827,57,57,ATGTATATTGACCGATAACT,0,3492511
tfaE_stfE_predicted,0.017241379310344827,57,57,ATCGCCCCGTCTTCGGGGTA,0,3489046
tfaE_stfE_predicted,0.017543859649122806,56,56,TCGAAACCCAGCAAATTCCT,0,3518618
tfaE_stfE_predicted,0.017543859649122806,56,56,GTCCAGATGGCAAATGTAAC,0,3486237
tfaE_stfE_predicted,0.017543859649122806,56,56,GGCGACGATTATGGCTAATA,0,3468248
tfaE_stfE_predicted,0.017543859649122806,56,56,CATGGGTTCACATGATTGTG,0,3476389
tfaE_stfE_predicted,0.017543859649122806,56,56,CATCACATGACGCTCCCTTA,0,3490726
tfaE_stfE_predicted,0.017543859649122806,56,56,ATGGTTTCGAGCCGACGCAT,0,3535547
tfaE_stfE_predicted,0.017543859649122806,56,56,AGTTCTTCACAGTGTCGCAT,0,3489702
tfaE_stfE_predicted,0.017543859649122806,56,56,ACTAGGGGCACTAGACATGA,0,3480080
tfaE_stfE_predicted,0.017543859649122806,56,56,AAAGCTGCGATATAATCGAT,0,3511113
tfaE_stfE_predicted,0.017857142857142856,55,55,TCCGGACCCCTCGAGGTTAT,0,3468383
tfaE_stfE_predicted,0.017857142857142856,55,55,TAAAATCCATTGAGCGTAGA,0,3471300
tfaE_stfE_predicted,0.017857142857142856,55,55,GTTGAAAAGGGTTAATAAAT,0,3481417
tfaE_stfE_predicted,0.017857142857142856,55,55,GTGTCCTTAGCATAAACCAT,0,3477840
tfaE_stfE_predicted,0.017857142857142856,55,55,GGGGTACCACGCACGCAGTA,0,3484461
tfaE_stfE_predicted,0.017857142857142856,55,55,GCGGATCAGTTGATGGGCTA,0,3511850
tfaE_stfE_predicted,0.017857142857142856,55,55,CTCTGCAGTGTCAACCATGT,0,3486929
tfaE_stfE_predicted,0.017857142857142856,55,55,CTCGTGGGCACCGTACGACT,0,3470592
tfaE_stfE_predicted,0.017857142857142856,55,55,CCACGCTGTGGAAGCGACCT,0,3523657
tfaE_stfE_predicted,0.017857142857142856,55,55,CATGAGAGAGCCAGATCAAT,0,3498652
tfaE_stfE_predicted,0.017857142857142856,55,55,CAGTTCAGGATCATGGGCGA,0,3486185
tfaE_stfE_predicted,0.017857142857142856,55,55,AGGGCTGAGCAATTTATGCC,0,3530543
tfaE_stfE_predicted,0.017857142857142856,55,55,AGGGCTCTGCGATGATCAAA,0,3512025
tfaE_stfE_predicted,0.017857142857142856,55,55,AATCGCAAGTAAGGTAGTGT,0,3483923
tfaE_stfE_predicted,0.017857142857142856,55,55,AAGGACGCAAGTGGTTAGCA,0,3501925
tfaE_stfE_predicted,0.01818181818181818,54,54,TTTCGCGGTTTTATTCCTTG,0,3504771
tfaE_stfE_predicted,0.01818181818181818,54,54,TGTAGTCAGTGCAGTGAACT,0,3540909
tfaE_stfE_predicted,0.01818181818181818,54,54,TCGATCCTGGTCCTGGGTTA,0,3486800
tfaE_stfE_predicted,0.01818181818181818,54,54,GTTTGATGGTCTAAATGGTT,0,3503922
tfaE_stfE_predicted,0.01818181818181818,54,54,GCGAGCTGAGAATTTCGGCG,0,3518836
tfaE_stfE_predicted,0.01818181818181818,54,54,CTAAATCGTTACATCACATG,0,3515931
tfaE_stfE_predicted,0.01818181818181818,54,54,CCCTTCCGATGGCCGAAGCG,0,3503653
tfaE_stfE_predicted,0.01818181818181818,54,54,CAAACGCTCGTTGCAGACTT,0,3498861
tfaE_stfE_predicted,0.01818181818181818,54,54,AGTCACGTAATCTTCGGACG,0,3527393
tfaE_stfE_predicted,0.01818181818181818,54,54,AGGTTATGAGAAGTGCAAAA,0,3531754
tfaE_stfE_predicted,0.01818181818181818,54,54,AGGCAGTGATCGCAACATCC,0,3470388
tfaE_stfE_predicted,0.01818181818181818,54,54,AGATTGGCGGCCTCCGCTAT,0,3531785
tfaE_stfE_predicted,0.018518518518518517,53,53,TGCCACAATGGCGAGCTCGT,0,3534462
tfaE_stfE_predicted,0.018518518518518517,53,53,TGAGCGTCAGTTTTGCCTGT,0,3485379
tfaE_stfE_predicted,0.018518518518518517,53,53,TCTAATCGCTTCTAGGTCCA,0,3470128
tfaE_stfE_predicted,0.018518518518518517,53,53,TATTCACTCTCCACTTTGAG,0,3473631
tfaE_stfE_predicted,0.018518518518518517,53,53,GTAGCCCGCTAGTAGGGCGA,0,3478328
tfaE_stfE_predicted,0.018518518518518517,53,53,GGTTCCTATAATAAGAAACT,0,3481107
tfaE_stfE_predicted,0.018518518518518517,53,53,GGCTATGGTTATTGCAAGGT,0,3476856
tfaE_stfE_predicted,0.018518518518518517,53,53,GGAAACTGCCCTGAATAGAT,0,3474081
tfaE_stfE_predicted,0.018518518518518517,53,53,GAAGGGTATACGGTCAGGTA,0,3486774
tfaE_stfE_predicted,0.018518518518518517,53,53,CTATTAGCATTTAGTTGGGA,0,3508331
tfaE_stfE_predicted,0.018518518518518517,53,53,CGACGCAGTCGGGTGTCTTC,0,3482727
tfaE_stfE_predicted,0.018518518518518517,53,53,CCCCTAGCATCCTCTGCTCT,0,3519677
tfaE_stfE_predicted,0.018518518518518517,53,53,AGGCGTTAGGACGCGATTAT,0,3479382
tfaE_stfE_predicted,0.018518518518518517,53,53,AGCCATCGTTGCCCAAGAAG,0,3468596
tfaE_stfE_predicted,0.018518518518518517,53,53,ACCATTGACGTGTTACTCAC,0,3510106
tfaE_stfE_predicted,0.018518518518518517,53,53,AATGTGCATAGGCACGCATT,0,3468454
tfaE_stfE_predicted,0.018518518518518517,53,53,AATCATAATCTGAAGCACAT,0,3497469
tfaE_stfE_predicted,0.018518518518518517,53,53,AACGTTGGTAGAGAGTCAGA,0,3505110
tfaE_stfE_predicted,0.018867924528301886,52,52,TCATTACGCATCCCTTCGCT,0,3494788
tfaE_stfE_predicted,0.018867924528301886,52,52,TCACCGAAAGACCAGCCTTA,0,3487836
tfaE_stfE_predicted,0.018867924528301886,52,52,GGGACCTAGAAACCCGATGT,0,3473317
tfaE_stfE_predicted,0.018867924528301886,52,52,GAGGGGATGTCAGACTTCGT,0,3475695
tfaE_stfE_predicted,0.018867924528301886,52,52,GAGACCATGAGCGATCAAAC,0,3511815
tfaE_stfE_predicted,0.018867924528301886,52,52,CTGATTGTCTTTGCCACGTA,0,3476032
tfaE_stfE_predicted,0.018867924528301886,52,52,CGGAGCCTTGAGATGCTCTT,0,3494407
tfaE_stfE_predicted,0.018867924528301886,52,52,CACTCGCCTCGGGTTGAGGG,0,3529536
tfaE_stfE_predicted,0.018867924528301886,52,52,ATTTTTCGGGATCTTAGCAA,0,3486552
tfaE_stfE_predicted,0.018867924528301886,52,52,ACTGTAATTCAGGGGCCATA,0,3532350
tfaE_stfE_predicted,0.018867924528301886,52,52,AAAGGGCTAGATAAGCGAAT,0,3497041
tfaE_stfE_predicted,0.019230769230769232,51,51,TTCAATGCCGTCAATTGACT,0,3471597
tfaE_stfE_predicted,0.019230769230769232,51,51,GTTGTGATAAGCGTGCCCGA,0,3470391
tfaE_stfE_predicted,0.019230769230769232,51,51,GTCATCGAGCGTACCTACTG,0,3467865
tfaE_stfE_predicted,0.019230769230769232,51,51,GGGGTGCTTGGCTATCCTTT,0,3492376
tfaE_stfE_predicted,0.019230769230769232,51,51,GGCCGGTCTACAAATCATAA,0,3472053
tfaE_stfE_predicted,0.019230769230769232,51,51,CTTTCGGGAAGAGAGATTTT,0,3520163
tfaE_stfE_predicted,0.019230769230769232,51,51,CTACCCGGCCCGAGAGACAG,0,3483269
tfaE_stfE_predicted,0.019230769230769232,51,51,CCGGGCAAACGTTCGGATGA,0,3539972
tfaE_stfE_predicted,0.019230769230769232,51,51,CAATTGGCGACCCCTTTCTA,0,3503143
tfaE_stfE_predicted,0.019230769230769232,51,51,ACGGGCGCCGGTCAAAGGTA,0,3533931
tfaE_stfE_predicted,0.019230769230769232,51,51,ACACAGACTGTATGTTCTCT,0,3519314
tfaE_stfE_predicted,0.0196078431372549,50,50,TTTTCGATCCAGTGACATCG,0,3505174
tfaE_stfE_predicted,0.0196078431372549,50,50,TGTGGCTCCCTTCTGTCGAG,0,3477031
tfaE_stfE_predicted,0.0196078431372549,50,50,TGTCCTACCCGCTATCACAA,0,3472214
tfaE_stfE_predicted,0.0196078431372549,50,50,GGCATGGACCAGCCGACAAT,0,3494064
tfaE_stfE_predicted,0.0196078431372549,50,50,GCCCGTAGGTCTCCGCGGGA,0,3526596
tfaE_stfE_predicted,0.0196078431372549,50,50,GATATGGTTTTAACGATCGA,0,3476908
tfaE_stfE_predicted,0.0196078431372549,50,50,GAGTCCTTCGTATGTACTTT,0,3498709
tfaE_stfE_predicted,0.0196078431372549,50,50,GAAGAGTTCCTTGTTAGCGG,0,3530524
tfaE_stfE_predicted,0.0196078431372549,50,50,CTGGCACCCGCCTGAGCGCA,0,3513775
tfaE_stfE_predicted,0.0196078431372549,50,50,CGTCGGTCGCTCCGACTTCA,0,3511015
tfaE_stfE_predicted,0.0196078431372549,50,50,CGTCAGGAAGACGATCCCAG,0,3484789
tfaE_stfE_predicted,0.0196078431372549,50,50,CGCGGCAGATGTTGAGGAGG,0,3477802
tfaE_stfE_predicted,0.0196078431372549,50,50,CCTACCCTGGTGCTCGATGA,0,3491653
tfaE_stfE_predicted,0.0196078431372549,50,50,CATGGGGTCGGGTCAAGGAC,0,3477757
tfaE_stfE_predicted,0.0196078431372549,50,50,ATAAAGTGCCCCAATTTCAG,0,3499708
tfaE_stfE_predicted,0.0196078431372549,50,50,AGGTCGAGCAGTCTTTGTAC,0,3508131
tfaE_stfE_predicted,0.0196078431372549,50,50,AGGAAGCTAGAGGAATGTGT,0,3540088
tfaE_stfE_predicted,0.0196078431372549,50,50,ACAGCTGTAGCGACACCTTG,0,3482014
tfaE_stfE_predicted,0.0196078431372549,50,50,ACAACCTAACTGCGGCTCGA,0,3520342
tfaE_stfE_predicted,0.0196078431372549,50,50,AACGAGATAACGGCAGGCGT,0,3500373
tfaE_stfE_predicted,0.0196078431372549,50,50,AACAGGAGGGTATTGCCAGA,0,3490517
tfaE_stfE_predicted,0.02,49,49,TTGTGGGGAAGGCATCGTGA,0,3482158
tfaE_stfE_predicted,0.02,49,49,TTGGCAGATACCGTGCAAGT,0,3516816
tfaE_stfE_predicted,0.02,49,49,TTAGTCCTTCCCCGAGCGGT,0,3494462
tfaE_stfE_predicted,0.02,49,49,TGGTCGCGGATACTTGAGGC,0,3498906
tfaE_stfE_predicted,0.02,49,49,TGGGGAGGTTACTGTACTTT,0,3484156
tfaE_stfE_predicted,0.02,49,49,TACGCACCCCTAGCGGCCTA,0,3476904
tfaE_stfE_predicted,0.02,49,49,GTTCTTCGGCTGGCGCAGGA,0,3515096
tfaE_stfE_predicted,0.02,49,49,GTTCCCAGGGCGTCAAATCA,0,3489442
tfaE_stfE_predicted,0.02,49,49,GGTAGTTGGCGAAAGGGTTT,0,3502072
tfaE_stfE_predicted,0.02,49,49,GGATAGCCAGTACCTTACAT,0,3507285
tfaE_stfE_predicted,0.02,49,49,CCTAGCCAAGCTCAATGAAT,0,3467603
tfaE_stfE_predicted,0.02,49,49,AGGATTATTGCGTTACCGGG,0,3494146
tfaE_stfE_predicted,0.02,49,49,AGCATAAATCATTATCGGCA,0,3503964
tfaE_stfE_predicted,0.02,49,49,AGATAGCATTAACCATGGGA,0,3497781
tfaE_stfE_predicted,0.02,49,49,ACCCAGATTAAAGCATGGGA,0,3508601
tfaE_stfE_predicted,0.02040816326530612,48,48,TGGCTTAATCCCACAGAGAT,0,3499539
tfaE_stfE_predicted,0.02040816326530612,48,48,TGCTAGGACGTCTGGTGGTT,0,3495495
tfaE_stfE_predicted,0.02040816326530612,48,48,TCGGCGCTGTTCCGCGCTCG,0,3514413
tfaE_stfE_predicted,0.02040816326530612,48,48,TAACCACTTATCCATATGGT,0,3508207
tfaE_stfE_predicted,0.02040816326530612,48,48,GTAACGCGGGGGAGGAGGCA,0,3507983
tfaE_stfE_predicted,0.02040816326530612,48,48,GGGTAGAAAGTGCGAATTAT,0,3500024
tfaE_stfE_predicted,0.02040816326530612,48,48,GGCAGTGTTTGTACGGCCCT,0,3514955
tfaE_stfE_predicted,0.02040816326530612,48,48,GGATCCTAGAGCAGTGGCAA,0,3486683
tfaE_stfE_predicted,0.02040816326530612,48,48,GATCAGCGGGGGTAATATAA,0,3469891
tfaE_stfE_predicted,0.02040816326530612,48,48,GACTTGTGATTCATAACGCT,0,3483151
tfaE_stfE_predicted,0.02040816326530612,48,48,CTTCCCTATTAGCGACGAGT,0,3471763
tfaE_stfE_predicted,0.02040816326530612,48,48,CCCGACGTCCCCAGATTCGT,0,3524121
tfaE_stfE_predicted,0.02040816326530612,48,48,CCCATATGCTTCTTTGAAAG,0,3482605
tfaE_stfE_predicted,0.02040816326530612,48,48,ATGACCTTTTAAATGGCCAG,0,3468244
tfaE_stfE_predicted,0.02040816326530612,48,48,AGCCGCAAGCCATGTTGCAG,0,3508717
tfaE_stfE_predicted,0.02040816326530612,48,48,ACGGATTATTTGTGGAACGG,0,3474136
tfaE_stfE_predicted,0.02040816326530612,48,48,AAGTCCACGTTTTCACCCCA,0,3514539
tfaE_stfE_predicted,0.02040816326530612,48,48,AAGCGTCTCGTGTACTTATG,0,3512735
tfaE_stfE_predicted,0.020833333333333332,47,47,TTAGACATACCAACACTGAC,0,3499591
tfaE_stfE_predicted,0.020833333333333332,47,47,TGGCCGGTTATTACTAAGCA,0,3527332
tfaE_stfE_predicted,0.020833333333333332,47,47,TGCGAAGGAAGAGGCATGTC,0,3536733
tfaE_stfE_predicted,0.020833333333333332,47,47,TACAGGGCTTGGACTTGCTT,0,3498648
tfaE_stfE_predicted,0.020833333333333332,47,47,CTCTTTTATACTGTCGGACG,0,3474429
tfaE_stfE_predicted,0.020833333333333332,47,47,CGTCAGATTCACAATTTTTC,0,3539963
tfaE_stfE_predicted,0.020833333333333332,47,47,CGGTAAGTTGACGGACATAT,0,3498816
tfaE_stfE_predicted,0.020833333333333332,47,47,CATCATTCTCTACCGGTTCG,0,3474068
tfaE_stfE_predicted,0.020833333333333332,47,47,AGTATATGGTGTAAACAGAT,0,3472059
tfaE_stfE_predicted,0.020833333333333332,47,47,AGTAACTTTCCATTTTTGTA,0,3522672
tfaE_stfE_predicted,0.020833333333333332,47,47,ACCTTTATTGCAACCAGATA,0,3489740
tfaE_stfE_predicted,0.020833333333333332,47,47,AAACTGGCTGTCGGCCCATC,0,3502687
tfaE_stfE_predicted,0.02127659574468085,46,46,TTTATAGGCTACCCAGACTC,0,3497630
tfaE_stfE_predicted,0.02127659574468085,46,46,TGTGGGGCCTGGCAGTACCA,0,3516192
tfaE_stfE_predicted,0.02127659574468085,46,46,TGTCTTTAGGTCGGATAGAT,0,3524147
tfaE_stfE_predicted,0.02127659574468085,46,46,TGGAGGGATTGGGACACGGT,0,3489351
tfaE_stfE_predicted,0.02127659574468085,46,46,TAGAGTAGTCGGTAACCGCT,0,3470593
tfaE_stfE_predicted,0.02127659574468085,46,46,GTTTCGGCCGTATGTGTAAC,0,3511736
tfaE_stfE_predicted,0.02127659574468085,46,46,GTCGACCGGGCCGCGAGGTT,0,3479365
tfaE_stfE_predicted,0.02127659574468085,46,46,GTATCCATTTGAGGCCGCTT,0,3467967
tfaE_stfE_predicted,0.02127659574468085,46,46,GGGCGTGCATTCATGCTGTG,0,3474289
tfaE_stfE_predicted,0.02127659574468085,46,46,GGCCGAGTTTGAGGTCCCCC,0,3532678
tfaE_stfE_predicted,0.02127659574468085,46,46,GAGCATGTGCTCCATTCAGA,0,3473376
tfaE_stfE_predicted,0.02127659574468085,46,46,GAAAACAGTAATAGCGTATG,0,3507052
tfaE_stfE_predicted,0.02127659574468085,46,46,CTCCTGACTTCGGGCGCCAG,0,3494415
tfaE_stfE_predicted,0.02127659574468085,46,46,CGCTGGGCATGCTGGTCAAA,0,3535861
tfaE_stfE_predicted,0.02127659574468085,46,46,CGAGTCAACTTTCCTTACAT,0,3525713
tfaE_stfE_predicted,0.02127659574468085,46,46,CGAGCGGCACCGGTGCGACT,0,3520769
tfaE_stfE_predicted,0.02127659574468085,46,46,CGAACCGTATGGAACGATCT,0,3489638
tfaE_stfE_predicted,0.02127659574468085,46,46,CCTGTGAATGTGCGAGAGCT,0,3467968
tfaE_stfE_predicted,0.02127659574468085,46,46,CACGCGCTCTATTTGCGCAA,0,3486997
tfaE_stfE_predicted,0.02127659574468085,46,46,ACTCGTCTTTGGCTCACGGA,0,3495209
tfaE_stfE_predicted,0.02127659574468085,46,46,ACCTCTTGGTTATACGTCTA,0,3511610
tfaE_stfE_predicted,0.02127659574468085,46,46,AACTGTGATGCGGGAACAGC,0,3502396
tfaE_stfE_predicted,0.021739130434782608,45,45,TTGGGCGATTCAAGGCGTTA,0,3519748
tfaE_stfE_predicted,0.021739130434782608,45,45,TTAGTTGCAGTAGGTGCCCC,0,3482427
tfaE_stfE_predicted,0.021739130434782608,45,45,TGAAACAAATTATCGCGCGG,0,3504561
tfaE_stfE_predicted,0.021739130434782608,45,45,TCGCGGGTTTTCCCGGAAAA,0,3516042
tfaE_stfE_predicted,0.021739130434782608,45,45,GGGTTCTGATAACTATCTTG,0,3481965
tfaE_stfE_predicted,0.021739130434782608,45,45,GGGCTGTGAAGGTACCCCAG,0,3537204
tfaE_stfE_predicted,0.021739130434782608,45,45,GCTAAAGGAGGCAGCGGGTC,0,3521332
tfaE_stfE_predicted,0.021739130434782608,45,45,GCCCGGGAACCGCGGGTTGA,0,3468022
tfaE_stfE_predicted,0.021739130434782608,45,45,GATCAGACGAACGCGTACGT,0,3469399
tfaE_stfE_predicted,0.021739130434782608,45,45,GACACGCAGTATCAGCGAGA,0,3497678
tfaE_stfE_predicted,0.021739130434782608,45,45,GAAATACGGATGATCGGCGT,0,3490738
tfaE_stfE_predicted,0.021739130434782608,45,45,CTGTCCCGGTCACCAGGCAT,0,3467481
tfaE_stfE_predicted,0.021739130434782608,45,45,CGTCTTTTGGGTCTGCGTTT,0,3482508
tfaE_stfE_predicted,0.021739130434782608,45,45,CGGGCACATAAAGGCTGCTT,0,3527278
tfaE_stfE_predicted,0.021739130434782608,45,45,CGCAAACCCCGGATGGTGAA,0,3502411
tfaE_stfE_predicted,0.021739130434782608,45,45,CCATTCAATGTTACAGTCTT,0,3506309
tfaE_stfE_predicted,0.021739130434782608,45,45,CATCTTCTTCCGACGTACCA,0,3469204
tfaE_stfE_predicted,0.021739130434782608,45,45,CATAGCGAGCGACGAATTGT,0,3509769
tfaE_stfE_predicted,0.021739130434782608,45,45,ATGATGGGTAGAGCTGATTC,0,3518840
tfaE_stfE_predicted,0.021739130434782608,45,45,AGAACGAAATTCAAATGCGA,0,3475699
tfaE_stfE_predicted,0.021739130434782608,45,45,AGAAAGAAGGTGTCCGCTGT,0,3526437
tfaE_stfE_predicted,0.021739130434782608,45,45,ACAACCCACATCACTTATAA,0,3487952
tfaE_stfE_predicted,0.021739130434782608,45,45,AATTCATAAGGGCAAGTGTC,0,3503599
tfaE_stfE_predicted,0.021739130434782608,45,45,AATGCTCTTTGGCACATATA,0,3501318
tfaE_stfE_predicted,0.022222222222222223,44,44,TCAACCTTTGAGTTGGCGGA,0,3517713
tfaE_stfE_predicted,0.022222222222222223,44,44,GGTTTTGAAGATTCTTTTTT,0,3498346
tfaE_stfE_predicted,0.022222222222222223,44,44,GGTATCCGAACCCTGTCACA,0,3510423
tfaE_stfE_predicted,0.022222222222222223,44,44,GCCTTGACTTTGGGATCCAG,0,3527770
tfaE_stfE_predicted,0.022222222222222223,44,44,GAGCCAATCATCGAACTTCA,0,3514648
tfaE_stfE_predicted,0.022222222222222223,44,44,CTGGGCCCTGGAGTTTTCAT,0,3479133
tfaE_stfE_predicted,0.022222222222222223,44,44,CTAGGACGATCACGAAAGGG,0,3519008
tfaE_stfE_predicted,0.022222222222222223,44,44,CGTAAATCTAATAAGGGCAT,0,3468078
tfaE_stfE_predicted,0.022222222222222223,44,44,CGAATGTTTTTGACACGAAA,0,3485106
tfaE_stfE_predicted,0.022222222222222223,44,44,CCTGTGAGAGAGCCGGCTTT,0,3475612
tfaE_stfE_predicted,0.022222222222222223,44,44,CCAGCGAATCCCGCCGGCTT,0,3468342
tfaE_stfE_predicted,0.022222222222222223,44,44,CCAACTTGCAGATATTGAGC,0,3486717
tfaE_stfE_predicted,0.022222222222222223,44,44,CATTCATCGGAGCTTAAGAG,0,3507251
tfaE_stfE_predicted,0.022222222222222223,44,44,CAGTATCCTTGAATGCTGTT,0,3506508
tfaE_stfE_predicted,0.022222222222222223,44,44,CACCTAGGTTCGTCTCCAAG,0,3522832
tfaE_stfE_predicted,0.022222222222222223,44,44,CAACGTGCGACAATATGTAA,0,3517491
tfaE_stfE_predicted,0.022222222222222223,44,44,AGATGGCAAGGCAAGTCGAG,0,3486776
tfaE_stfE_predicted,0.022222222222222223,44,44,ACGACTACAGCTCGGGTTAA,0,3513486
tfaE_stfE_predicted,0.022222222222222223,44,44,ACCTTATTTTTCGTCCACTG,0,3538333
tfaE_stfE_predicted,0.022222222222222223,44,44,ACCCTTGAAACGTCATTTGA,0,3486727
tfaE_stfE_predicted,0.022222222222222223,44,44,ACAAATTGGAATAGAGGTGA,0,3528510
tfaE_stfE_predicted,0.022222222222222223,44,44,AAGGCCACAGAAGGCTTAGG,0,3503332
tfaE_stfE_predicted,0.022222222222222223,44,44,AACGTAGTTCCGGGGCGTGC,0,3512582
tfaE_stfE_predicted,0.022727272727272728,43,43,TTTCAGTAAGTGGCATGAAA,0,3539196
tfaE_stfE_predicted,0.022727272727272728,43,43,TTTATAATGGTAGGGCCGAA,0,3504414
tfaE_stfE_predicted,0.022727272727272728,43,43,TGGGGCTCGTGAAATCTAGC,0,3540032
tfaE_stfE_predicted,0.022727272727272728,43,43,TGGGCAAAACATCCGTGACA,0,3483982
tfaE_stfE_predicted,0.022727272727272728,43,43,TCACTGGTTGTGGAAACAAG,0,3498505
tfaE_stfE_predicted,0.022727272727272728,43,43,TAACTAAATGTAGTTGCAAT,0,3483618
tfaE_stfE_predicted,0.022727272727272728,43,43,GTTGCGCCTTAATTAGCCGA,0,3537110
tfaE_stfE_predicted,0.022727272727272728,43,43,GTTAGGTATAAACGGCGGTA,0,3533431
tfaE_stfE_predicted,0.022727272727272728,43,43,GTCCTTATCCTAGAGACACG,0,3535513
tfaE_stfE_predicted,0.022727272727272728,43,43,GTAGCCGAGGTCTGGTTTTT,0,3497730
tfaE_stfE_predicted,0.022727272727272728,43,43,GGGCTAAAGGAAAAAAGCCT,0,3488223
tfaE_stfE_predicted,0.022727272727272728,43,43,GGAGAATGGGGGTCGAGACT,0,3511653
tfaE_stfE_predicted,0.022727272727272728,43,43,GGAAATGAGTCTGTATAAAA,0,3516477
tfaE_stfE_predicted,0.022727272727272728,43,43,GATTAACACAATTAAAGTTA,0,3478287
tfaE_stfE_predicted,0.022727272727272728,43,43,GATCTTGGGTGTGGCCGCAA,0,3468531
tfaE_stfE_predicted,0.022727272727272728,43,43,GATCACTGTTAGGGAGTGAT,0,3470305
tfaE_stfE_predicted,0.022727272727272728,43,43,CTGGGGGGATGATGCTTGTG,0,3537756
tfaE_stfE_predicted,0.022727272727272728,43,43,CTACCGACTCTTCTCATCGC,0,3482737
tfaE_stfE_predicted,0.022727272727272728,43,43,CGGAAAAAAACTCGCGTATC,0,3497411
tfaE_stfE_predicted,0.022727272727272728,43,43,CGCCCTATCAAATGATCAAA,0,3477353
tfaE_stfE_predicted,0.022727272727272728,43,43,CAGTCCTTAAATGTTCGATA,0,3505642
tfaE_stfE_predicted,0.022727272727272728,43,43,CAGCCCTATGAGTGAGCTTG,0,3515509
tfaE_stfE_predicted,0.022727272727272728,43,43,CAAGTCGGCGACCAAAGGTA,0,3471058
tfaE_stfE_predicted,0.022727272727272728,43,43,ATTGCCGGCTCGCTAGAGCC,0,3497193
tfaE_stfE_predicted,0.022727272727272728,43,43,ATCGCTGCCCGAATCGGCCG,0,3538429
tfaE_stfE_predicted,0.022727272727272728,43,43,ACAAGCATACGAGCGTTCTA,0,3502180
tfaE_stfE_predicted,0.022727272727272728,43,43,AATTAGTCACTGGCCGTTTA,0,3511305
tfaE_stfE_predicted,0.022727272727272728,43,43,AAGAGGTCTCTGTGGACTCA,0,3476148
tfaE_stfE_predicted,0.022727272727272728,43,43,AACTAGAGTTACCAAGGGAG,0,3471978
tfaE_stfE_predicted,0.022727272727272728,43,43,AAAAAGGATAACACGAACTG,0,3506553
tfaE_stfE_predicted,0.023255813953488372,42,42,TTGTGGGGTTTGCGGCGTTG,0,3487991
tfaE_stfE_predicted,0.023255813953488372,42,42,TTGAGATCCTCCTGCGTATG,0,3516043
tfaE_stfE_predicted,0.023255813953488372,42,42,TTCGTGCGACGGGAAGCGTG,0,3506432
tfaE_stfE_predicted,0.023255813953488372,42,42,TGTCAGTCGCCGTGTAGGGG,0,3501419
tfaE_stfE_predicted,0.023255813953488372,42,42,TGTACGGCTTATCAGACCAT,0,3519095
tfaE_stfE_predicted,0.023255813953488372,42,42,TCATAAAGAACGCCCTCCTG,0,3466822
tfaE_stfE_predicted,0.023255813953488372,42,42,TATAGGCGGGGACTTCCGAG,0,3531401
tfaE_stfE_predicted,0.023255813953488372,42,42,TAATTGCAAGTGGGCGGGTG,0,3519937
tfaE_stfE_predicted,0.023255813953488372,42,42,TAATCGTTCCCCATCAGGTT,0,3509783
tfaE_stfE_predicted,0.023255813953488372,42,42,TAATCCGGCTATATGAATTG,0,3484153
tfaE_stfE_predicted,0.023255813953488372,42,42,GTTGGCAGTCTTAAATATAA,0,3510604
tfaE_stfE_predicted,0.023255813953488372,42,42,GTTACAAAGGGACGGTGCGT,0,3539141
tfaE_stfE_predicted,0.023255813953488372,42,42,GGTGTTCTATGGCGAAATTC,0,3505441
tfaE_stfE_predicted,0.023255813953488372,42,42,GGTCCCATCTTAAGGCACTC,0,3500913
tfaE_stfE_predicted,0.023255813953488372,42,42,GGACACCTTTCCGTAAATAT,0,3486086
tfaE_stfE_predicted,0.023255813953488372,42,42,GCTATACAGTCGTCATACAT,0,3502980
tfaE_stfE_predicted,0.023255813953488372,42,42,GCCGGCGCACATGGACCAGA,0,3532434
tfaE_stfE_predicted,0.023255813953488372,42,42,GCCAGCTCGCATGTTTAGTA,0,3475827
tfaE_stfE_predicted,0.023255813953488372,42,42,GAGTAAACTACGCTAAGTTT,0,3485067
tfaE_stfE_predicted,0.023255813953488372,42,42,GACTTGACTACCTAGATGAT,0,3509302
tfaE_stfE_predicted,0.023255813953488372,42,42,GACGCATAAATTTTATAGGC,0,3497120
tfaE_stfE_predicted,0.023255813953488372,42,42,GAATGGGCGTCAGCGTCTAA,0,3482654
tfaE_stfE_predicted,0.023255813953488372,42,42,CGTGTATTGTGAGATAGCTC,0,3502466
tfaE_stfE_predicted,0.023255813953488372,42,42,CGGTCAAATCTTGTGGTTTT,0,3508275
tfaE_stfE_predicted,0.023255813953488372,42,42,CGGCCTCAGGTAAGTGACGC,0,3476247
tfaE_stfE_predicted,0.023255813953488372,42,42,CCTCTATCCTAAGCATGGAG,0,3532192
tfaE_stfE_predicted,0.023255813953488372,42,42,CCCTATCCTTGGACATTCTT,0,3477452
tfaE_stfE_predicted,0.023255813953488372,42,42,CATGCCATTGCTTAGGGACC,0,3492792
tfaE_stfE_predicted,0.023255813953488372,42,42,CACCGTGCGACGTGCATTGT,0,3467303
tfaE_stfE_predicted,0.023255813953488372,42,42,ATTGGAGAGAACTATCTATA,0,3498393
tfaE_stfE_predicted,0.023255813953488372,42,42,ATGTCCCCGGATGGGTTCAT,0,3478480
tfaE_stfE_predicted,0.023255813953488372,42,42,ATCTTGAAGCCGCGGTCAAT,0,3514477
tfaE_stfE_predicted,0.023255813953488372,42,42,ATCTTATGCCTGATCATTAG,0,3467138
tfaE_stfE_predicted,0.023255813953488372,42,42,ATCGTCAGGAAAAATCAGTG,0,3495169
tfaE_stfE_predicted,0.023255813953488372,42,42,ATCATCTCACGGGATGTTAG,0,3537356
tfaE_stfE_predicted,0.023255813953488372,42,42,ATATTCATAAAGTTCTAAGA,0,3511644
tfaE_stfE_predicted,0.023255813953488372,42,42,ATACGACCTCAATACGGGAT,0,3521910
tfaE_stfE_predicted,0.023255813953488372,42,42,AGATCGGTCCTCTTTAGGGC,0,3480844
tfaE_stfE_predicted,0.023255813953488372,42,42,ACGTCGTTCTTTTGTATTGT,0,3469534
tfaE_stfE_predicted,0.023255813953488372,42,42,ACGCCGGTATACAACAGGGT,0,3481353
tfaE_stfE_predicted,0.023255813953488372,42,42,ACACCGCCCAGAAAGAACAT,0,3479617
tfaE_stfE_predicted,0.023255813953488372,42,42,ACAACTGGTGTGATGCATTT,0,3497169
tfaE_stfE_predicted,0.023255813953488372,42,42,AAGTCATAACCTTCATTAAT,0,3536966
tfaE_stfE_predicted,0.023255813953488372,42,42,AACACCGCTTGTTTACATCA,0,3479602
tfaE_stfE_predicted,0.023809523809523808,41,41,TTCCCTGACCAGTAGTCTGT,0,3517979
tfaE_stfE_predicted,0.023809523809523808,41,41,TTCCACTTCAATGGGGCCTA,0,3468307
tfaE_stfE_predicted,0.023809523809523808,41,41,TTAGTTGGCGAACCTTTACT,0,3491499
tfaE_stfE_predicted,0.023809523809523808,41,41,TGGCTTTCAGCGGACACAGT,0,3493588
tfaE_stfE_predicted,0.023809523809523808,41,41,TGACACGGTCATGCGCAATG,0,3470215
tfaE_stfE_predicted,0.023809523809523808,41,41,TATAGGCGATCATTCGTTTA,0,3538855
tfaE_stfE_predicted,0.023809523809523808,41,41,GTCACGAGTGTAATTAAAGT,0,3511142
tfaE_stfE_predicted,0.023809523809523808,41,41,GTATATCTGATGCGGCTGTG,0,3498047
tfaE_stfE_predicted,0.023809523809523808,41,41,GTAGTGAACGCGCTGGCGCT,0,3476205
tfaE_stfE_predicted,0.023809523809523808,41,41,GGGATGAAATCGCGCGACGT,0,3490934
tfaE_stfE_predicted,0.023809523809523808,41,41,GGCGCAAACTGACTAAACAG,0,3482655
tfaE_stfE_predicted,0.023809523809523808,41,41,GGCACTCCCGTGGAGGGGAC,0,3511345
tfaE_stfE_predicted,0.023809523809523808,41,41,GGAACCGTCGGTGGTACTAT,0,3511488
tfaE_stfE_predicted,0.023809523809523808,41,41,GCACTGTGGCGCATGCTAGA,0,3500307
tfaE_stfE_predicted,0.023809523809523808,41,41,GCAAGGCCAACGAAGTACAC,0,3472939
tfaE_stfE_predicted,0.023809523809523808,41,41,GATTTGCCCGACACATTGGT,0,3518764
tfaE_stfE_predicted,0.023809523809523808,41,41,GAGGTTTGAAATACAGGGCT,0,3490988
tfaE_stfE_predicted,0.023809523809523808,41,41,CGTAGCGAGGCAGGTTGTTT,0,3528371
tfaE_stfE_predicted,0.023809523809523808,41,41,CGGTAATCTAGCTTGCGTAT,0,3475907
tfaE_stfE_predicted,0.023809523809523808,41,41,CGGAAAGCTTAAACCAGGCA,0,3475833
tfaE_stfE_predicted,0.023809523809523808,41,41,CGAGCCTGCTGAAGAGTGAA,0,3517444
tfaE_stfE_predicted,0.023809523809523808,41,41,CGAATGTGCACGCATGACGG,0,3528270
tfaE_stfE_predicted,0.023809523809523808,41,41,CGAACATTCCAGGCGCATAG,0,3470742
tfaE_stfE_predicted,0.023809523809523808,41,41,CCTGTGTGTGGTGTTGGAGT,0,3468811
tfaE_stfE_predicted,0.023809523809523808,41,41,CCTGGGGCTTCTGAGCTTGC,0,3476446
tfaE_stfE_predicted,0.023809523809523808,41,41,CCGTTGCCACGGGCGAACCT,0,3476364
tfaE_stfE_predicted,0.023809523809523808,41,41,ATTGGACGAAACGGCAGTAG,0,3493390
tfaE_stfE_predicted,0.023809523809523808,41,41,ATCCTGGGAGCGTGGGCAGA,0,3512288
tfaE_stfE_predicted,0.023809523809523808,41,41,ATAGAGAGCGCACCTATGAT,0,3489637
tfaE_stfE_predicted,0.023809523809523808,41,41,AGTGGGCTGCGACTTGACAT,0,3500228
tfaE_stfE_predicted,0.023809523809523808,41,41,AGGTCCTTAGGTACTGGTTG,0,3533014
tfaE_stfE_predicted,0.023809523809523808,41,41,AGGACATTAGATCGTTGTCA,0,3486428
tfaE_stfE_predicted,0.023809523809523808,41,41,AGCCGTAGTTCAGGAACTTC,0,3519236
tfaE_stfE_predicted,0.023809523809523808,41,41,ACCGCGGAGCGAACAGCTGA,0,3484325
tfaE_stfE_predicted,0.023809523809523808,41,41,AAGGTTTGACACGGAACCTA,0,3526989
tfaE_stfE_predicted,0.023809523809523808,41,41,AAGGGGATGGAAGCTTCTTA,0,3487432
tfaE_stfE_predicted,0.023809523809523808,41,41,AAATGTTGATGTAGCTGCAA,0,3505689
tfaE_stfE_predicted,0.024390243902439025,40,40,TTTTCCAAACACGCTGTGGA,0,3466978
tfaE_stfE_predicted,0.024390243902439025,40,40,TTTGATGCATGGGTAAGACG,0,3514415
tfaE_stfE_predicted,0.024390243902439025,40,40,TGTAATTATCTGGTGTCTCA,0,3495820
tfaE_stfE_predicted,0.024390243902439025,40,40,TGCGTCCATTCTACGGAGAG,0,3534431
tfaE_stfE_predicted,0.024390243902439025,40,40,TCGGTATCGTCCTTCCCCGC,0,3509643
tfaE_stfE_predicted,0.024390243902439025,40,40,TCCCTTATTGAGGTCATTCT,0,3480960
tfaE_stfE_predicted,0.024390243902439025,40,40,TCAGGTAGCTAGTGGTCACT,0,3522605
tfaE_stfE_predicted,0.024390243902439025,40,40,TCACGTGTGTAGGATCGGAC,0,3536101
tfaE_stfE_predicted,0.024390243902439025,40,40,GTCGAAGTCGAAAGAAGTAG,0,3503960
tfaE_stfE_predicted,0.024390243902439025,40,40,GTAACTGCTTCTTGAATCAA,0,3482629
tfaE_stfE_predicted,0.024390243902439025,40,40,GGTTCGCGTTGCTCGCTGGT,0,3472989
tfaE_stfE_predicted,0.024390243902439025,40,40,GGTGGTCGTTCAAGGGAATA,0,3532667
tfaE_stfE_predicted,0.024390243902439025,40,40,GCGTACATACTGCCTACTCG,0,3500045
tfaE_stfE_predicted,0.024390243902439025,40,40,GCGTAAGAAATTGTGAGGAG,0,3516403
tfaE_stfE_predicted,0.024390243902439025,40,40,GCCTCACGCCTGGTAATCGC,0,3479521
tfaE_stfE_predicted,0.024390243902439025,40,40,GAGTGGCTTAGCCAGGCGTG,0,3485272
tfaE_stfE_predicted,0.024390243902439025,40,40,GACTACACAGCAGGGGGGGA,0,3488845
tfaE_stfE_predicted,0.024390243902439025,40,40,CTTTGCTTTGTTAGGAAATG,0,3525254
tfaE_stfE_predicted,0.024390243902439025,40,40,CTAGAACCTCCATGTTTCTA,0,3486000
tfaE_stfE_predicted,0.024390243902439025,40,40,CGTCTTGTTCAACCTTACCC,0,3506668
tfaE_stfE_predicted,0.024390243902439025,40,40,CGGTCTATAGATTTATCTTG,0,3496633
tfaE_stfE_predicted,0.024390243902439025,40,40,CGCTTAGACCTATTGAGTCA,0,3491916
tfaE_stfE_predicted,0.024390243902439025,40,40,CCTATTGGTGTGTCACCAAG,0,3494470
tfaE_stfE_predicted,0.024390243902439025,40,40,CCGAGCGTAACCTAAAGGCA,0,3488592
tfaE_stfE_predicted,0.024390243902439025,40,40,CCAGAACGCGTTACAGAGGC,0,3508537
tfaE_stfE_predicted,0.024390243902439025,40,40,CATAATCTGGGTAGAGATCC,0,3474639
tfaE_stfE_predicted,0.024390243902439025,40,40,AGTCAAGGCTCGGATCAACT,0,3489646
tfaE_stfE_predicted,0.024390243902439025,40,40,AGGGCACAATCGCATTAGAA,0,3492009
tfaE_stfE_predicted,0.024390243902439025,40,40,AGGCCGGGTTATTATGTCTA,0,3506216
tfaE_stfE_predicted,0.024390243902439025,40,40,AGCAGATATCGATCTATATT,0,3509270
tfaE_stfE_predicted,0.024390243902439025,40,40,AGACTCCCTGGCTCGGTATT,0,3501221
tfaE_stfE_predicted,0.024390243902439025,40,40,ACCGGGTTGGGGATTTAATG,0,3522551
tfaE_stfE_predicted,0.024390243902439025,40,40,ACACATGTGATAGATCGGAA,0,3469754
tfaE_stfE_predicted,0.024390243902439025,40,40,AAGTGGCAGGGCTAAACAAG,0,3503743
tfaE_stfE_predicted,0.024390243902439025,40,40,AAGTACCATATCTAGGCTCT,0,3507538
tfaE_stfE_predicted,0.024390243902439025,40,40,AACAAGTCTCTAAAGCCGCA,0,3519605
tfaE_stfE_predicted,0.024390243902439025,40,40,AAACATTCAACGTAGAATGA,0,3513370
tfaE_stfE_predicted,0.024390243902439025,40,40,AAAAGTAGTCGCGCTTCTTG,0,3486881
tfaE_stfE_predicted,0.025,39,39,TTTGATCAACCAGGCAGCTC,0,3506870
tfaE_stfE_predicted,0.025,39,39,TTGTGGTGGCGGGATCATCC,0,3505549
tfaE_stfE_predicted,0.025,39,39,TTGCCCGGAAACCAAAAGTG,0,3486718
tfaE_stfE_predicted,0.025,39,39,TTCCTGCATCTAGGCGGATT,0,3522613
tfaE_stfE_predicted,0.025,39,39,TGTGCTTGCCCGCCGCGTAC,0,3497675
tfaE_stfE_predicted,0.025,39,39,TGTGCCGGGGATTTATGGTG,0,3538003
tfaE_stfE_predicted,0.025,39,39,TGTCCCTCCGTAGTCGGATA,0,3534853
tfaE_stfE_predicted,0.025,39,39,TGTAAATCTCTAGATATAGG,0,3519255
tfaE_stfE_predicted,0.025,39,39,TGATGGTCCCATTGTCCAGG,0,3474239
tfaE_stfE_predicted,0.025,39,39,TCTCTTACGCCGCCATATTT,0,3481409
tfaE_stfE_predicted,0.025,39,39,TCGGGCATTAATCGCCCCAC,0,3480728
tfaE_stfE_predicted,0.025,39,39,TCGCACTCAATGCGAGGCGT,0,3529927
tfaE_stfE_predicted,0.025,39,39,TCGAGGTCACTGTCACAGCA,0,3496436
tfaE_stfE_predicted,0.025,39,39,TAATCTTTTGGAGCACCTTG,0,3513344
tfaE_stfE_predicted,0.025,39,39,TAAGCCCCGACGGCTTTCGC,0,3494894
tfaE_stfE_predicted,0.025,39,39,GGTTCGCCTTAGGTGGCCGA,0,3488530
tfaE_stfE_predicted,0.025,39,39,GGGAGGTCGTCAATAAACCA,0,3472635
tfaE_stfE_predicted,0.025,39,39,GCTGCCTCGCGCAGAGCAAC,0,3482339
tfaE_stfE_predicted,0.025,39,39,GCGTGCAATCAAGGCCTGGG,0,3475562
tfaE_stfE_predicted,0.025,39,39,GCGATCGTATTTCGTTCGTG,0,3487337
tfaE_stfE_predicted,0.025,39,39,GCGAATTTAGCAATTTGACA,0,3483334
tfaE_stfE_predicted,0.025,39,39,GCCAATGCCCAAGGTACGGT,0,3522303
tfaE_stfE_predicted,0.025,39,39,GCAATGTGTCTCGCCCCACG,0,3481418
tfaE_stfE_predicted,0.025,39,39,GATAAAAGAAAGGGATCGGC,0,3529909
tfaE_stfE_predicted,0.025,39,39,GAGATATTTCGGAGTTGAGT,0,3491553
tfaE_stfE_predicted,0.025,39,39,GACTTATACTATTAGTAGCA,0,3521613
tfaE_stfE_predicted,0.025,39,39,GACGCCAGCGATATTCAGCT,0,3501107
tfaE_stfE_predicted,0.025,39,39,GACAGGCTATGCGGGGATGT,0,3488066
tfaE_stfE_predicted,0.025,39,39,CTTTTCACCGTCACTTGATA,0,3528547
tfaE_stfE_predicted,0.025,39,39,CTTGGGTTTGTGTACGATAT,0,3511557
tfaE_stfE_predicted,0.025,39,39,CTTGCAAAGCATACGTATGC,0,3534898
tfaE_stfE_predicted,0.025,39,39,CTGTGAAATTCACGTTCATC,0,3497002
tfaE_stfE_predicted,0.025,39,39,CTAGCTGTGTTAGGCCGGCG,0,3496088
tfaE_stfE_predicted,0.025,39,39,CGGTTTGTGGGAATTTATAA,0,3486363
tfaE_stfE_predicted,0.025,39,39,CGAGGGCGTCTGGCCAAGTA,0,3518945
tfaE_stfE_predicted,0.025,39,39,CCTAGTACATGTTTAGGCTC,0,3480968
tfaE_stfE_predicted,0.025,39,39,CCGTGCCTTTGCAACGATGT,0,3496883
tfaE_stfE_predicted,0.025,39,39,CAGTAGTAATTAAGCAATGT,0,3512426
tfaE_stfE_predicted,0.025,39,39,CAGGTAGAACTAGCTCTCGG,0,3505838
tfaE_stfE_predicted,0.025,39,39,CAGCGAACCCTTTTCATGGT,0,3469764
tfaE_stfE_predicted,0.025,39,39,CAAGAGACGCTACGGTGGAT,0,3533844
tfaE_stfE_predicted,0.025,39,39,CAAATCGATCGGCTCCCGGA,0,3526058
tfaE_stfE_predicted,0.025,39,39,ATTCCTCGGCTTCCCGTAAA,0,3483336
tfaE_stfE_predicted,0.025,39,39,ATGTAAACCACTCTCGAAAG,0,3527737
tfaE_stfE_predicted,0.025,39,39,ATACGAGCTTCAGGTAGGAC,0,3512756
tfaE_stfE_predicted,0.025,39,39,ATACCTTTTTCTAGTTTCAT,0,3516548
tfaE_stfE_predicted,0.025,39,39,AGGTAATGTTTATTTTCTAT,0,3522138
tfaE_stfE_predicted,0.025,39,39,AGCTCATTGCTACATCATCC,0,3480982
tfaE_stfE_predicted,0.025,39,39,AGCCAAGCCCAACATGCGGT,0,3476297
tfaE_stfE_predicted,0.025,39,39,AGAATACAGGCATATCGGGT,0,3509834
tfaE_stfE_predicted,0.025,39,39,ACTGTTATGCCTGACAGTCT,0,3533611
tfaE_stfE_predicted,0.025,39,39,ACTGGAGCTCCGCTTGAGAT,0,3537288
tfaE_stfE_predicted,0.025,39,39,ACTAATTCGTTATTAGTATC,0,3511874
tfaE_stfE_predicted,0.025,39,39,ACCTCGATGAATTCCTAGCT,0,3472327
tfaE_stfE_predicted,0.025,39,39,ACCGGTCCCTTGACGAAGTC,0,3507464
tfaE_stfE_predicted,0.025,39,39,ACAGGAATATGCGTTGAGTA,0,3511905
tfaE_stfE_predicted,0.025,39,39,AAGGTTGGGACTTCCTGGGT,0,3488422
tfaE_stfE_predicted,0.025,39,39,AAGCCCAACCTTACGGCACT,0,3481515
tfaE_stfE_predicted,0.025,39,39,AAGACGCTGCGATTGTATAT,0,3484463
tfaE_stfE_predicted,0.025,39,39,AAATGTAGATCTGTCGTTCA,0,3520268
tfaE_stfE_predicted,0.02564102564102564,38,38,TTTAACCTAATGACACGCTA,0,3531086
tfaE_stfE_predicted,0.02564102564102564,38,38,TTGCGGAGTCCGTGGCGACT,0,3512617
tfaE_stfE_predicted,0.02564102564102564,38,38,TTAGCGTGTGGATAAATGAC,0,3537417
tfaE_stfE_predicted,0.02564102564102564,38,38,TGGTATAGTTCCAGCCCCAT,0,3496982
tfaE_stfE_predicted,0.02564102564102564,38,38,TGGCATTGCTATTGGCGCGT,0,3485102
tfaE_stfE_predicted,0.02564102564102564,38,38,TGAGGTTGCCGTGACAGTTA,0,3509227
tfaE_stfE_predicted,0.02564102564102564,38,38,TCTCATCGGTGTGTATGTGA,0,3486804
tfaE_stfE_predicted,0.02564102564102564,38,38,TCGCGAATGCACCTGGCCGT,0,3489833
tfaE_stfE_predicted,0.02564102564102564,38,38,TCACACGTCCAGTTAGAAAC,0,3503200
tfaE_stfE_predicted,0.02564102564102564,38,38,TATTCCGAAGAGAATCCCAT,0,3491361
tfaE_stfE_predicted,0.02564102564102564,38,38,TATGCCATAACGCGCCGAAA,0,3511218
tfaE_stfE_predicted,0.02564102564102564,38,38,TAGTGTAGGCTATCGGAGGA,0,3519614
tfaE_stfE_predicted,0.02564102564102564,38,38,TAGGAGATTCAGGCCGCCCC,0,3491049
tfaE_stfE_predicted,0.02564102564102564,38,38,TACTGCGATGCCGAATGGTA,0,3496234
tfaE_stfE_predicted,0.02564102564102564,38,38,TAATCAGGTGCGCCCTTCAG,0,3481340
tfaE_stfE_predicted,0.02564102564102564,38,38,GTCTACCGGTCTTCCACACT,0,3535911
tfaE_stfE_predicted,0.02564102564102564,38,38,GTCAGTACACTTCCGCACGT,0,3533810
tfaE_stfE_predicted,0.02564102564102564,38,38,GGTTTGCCGGTATATAAATC,0,3533403
tfaE_stfE_predicted,0.02564102564102564,38,38,GGTCCTGTGCGCCAATTAAG,0,3477885
tfaE_stfE_predicted,0.02564102564102564,38,38,GGGGCCAACCCGCCCTATGC,0,3469983
tfaE_stfE_predicted,0.02564102564102564,38,38,GGGCTGCGAAAGGCTTTCAA,0,3538148
tfaE_stfE_predicted,0.02564102564102564,38,38,GGGAGGTACAAGAGTAAACG,0,3530491
tfaE_stfE_predicted,0.02564102564102564,38,38,GGCTCACCGAAAAGTCGGTG,0,3472254
tfaE_stfE_predicted,0.02564102564102564,38,38,GGCAACTAGAGTTATACATA,0,3484203
tfaE_stfE_predicted,0.02564102564102564,38,38,GGAGACTAGCAGCATGATAG,0,3502247
tfaE_stfE_predicted,0.02564102564102564,38,38,GCTATGTTATACGCGGTCAG,0,3497985
tfaE_stfE_predicted,0.02564102564102564,38,38,CTATGGCAATGCCTGACGGG,0,3512515
tfaE_stfE_predicted,0.02564102564102564,38,38,CGCCAACACGATCTTTTGTG,0,3505373
tfaE_stfE_predicted,0.02564102564102564,38,38,CGAGGCGTTACTAGCCGTGT,0,3528009
tfaE_stfE_predicted,0.02564102564102564,38,38,CCGTTCCTTTCGAGTGCGTG,0,3490942
tfaE_stfE_predicted,0.02564102564102564,38,38,CAGACGCCCGTTTTTGATGA,0,3481101
tfaE_stfE_predicted,0.02564102564102564,38,38,CACGTTACTGTTCGCCATAA,0,3518682
tfaE_stfE_predicted,0.02564102564102564,38,38,CAAGCGTTCAAGTTTCTGAT,0,3471465
tfaE_stfE_predicted,0.02564102564102564,38,38,CAAAATACAAAGCTGATGTC,0,3516918
tfaE_stfE_predicted,0.02564102564102564,38,38,ATGATCCGCACTGAGGACCC,0,3488002
tfaE_stfE_predicted,0.02564102564102564,38,38,ATCATAGAGGTCCAGCGGAA,0,3527892
tfaE_stfE_predicted,0.02564102564102564,38,38,ACTCACTACCTCTTATTGGT,0,3509168
tfaE_stfE_predicted,0.02564102564102564,38,38,ACATCTATAAGGATGCTCGT,0,3499026
tfaE_stfE_predicted,0.02631578947368421,37,37,TGGTTGTCGCTGACGAGTAT,0,3485691
tfaE_stfE_predicted,0.02631578947368421,37,37,TGGGCAGCATGCTCGGACGC,0,3496443
tfaE_stfE_predicted,0.02631578947368421,37,37,TGGAAGCCTTGCGGGCGTTC,0,3496433
tfaE_stfE_predicted,0.02631578947368421,37,37,TGCGTATACTGGGCCACTCA,0,3529508
tfaE_stfE_predicted,0.02631578947368421,37,37,TGCGGTGCATTGCAAATCGG,0,3478322
tfaE_stfE_predicted,0.02631578947368421,37,37,TCTCATCATAGAAACTACGG,0,3468944
tfaE_stfE_predicted,0.02631578947368421,37,37,TCTCACTTCCGGAACTGACT,0,3535357
tfaE_stfE_predicted,0.02631578947368421,37,37,TCGTGGTGGATATCATCCTA,0,3478144
tfaE_stfE_predicted,0.02631578947368421,37,37,TCGCCAGCGTACCAGAATTA,0,3480280
tfaE_stfE_predicted,0.02631578947368421,37,37,TCGCATGTCAAAGGTGCGCC,0,3540510
tfaE_stfE_predicted,0.02631578947368421,37,37,TCATCGGTCCATACAAATTA,0,3520760
tfaE_stfE_predicted,0.02631578947368421,37,37,TCAATATAGAGGTCTCGCAA,0,3504322
tfaE_stfE_predicted,0.02631578947368421,37,37,TATATATGTGAGATTACGCC,0,3478798
tfaE_stfE_predicted,0.02631578947368421,37,37,TAAGCCACTTACTCCAGTAG,0,3496179
tfaE_stfE_predicted,0.02631578947368421,37,37,GTGCAATCGTGTCAGGGATT,0,3491201
tfaE_stfE_predicted,0.02631578947368421,37,37,GTCAGACTCGGTATAGTTCA,0,3489247
tfaE_stfE_predicted,0.02631578947368421,37,37,GGGGTAAGACGGTCTAGCAA,0,3481190
tfaE_stfE_predicted,0.02631578947368421,37,37,GGCCATTGTGTTTAATATTT,0,3467750
tfaE_stfE_predicted,0.02631578947368421,37,37,GCTCGGACACGGCAGTAGGT,0,3519018
tfaE_stfE_predicted,0.02631578947368421,37,37,GCTAGTACCCCTGACTTAGA,0,3520437
tfaE_stfE_predicted,0.02631578947368421,37,37,GCTACAATTTCGCCGAAATG,0,3490922
tfaE_stfE_predicted,0.02631578947368421,37,37,GCGTCCACCCAGGGAATCAC,0,3478886
tfaE_stfE_predicted,0.02631578947368421,37,37,GCGCTAGACATAGTACACAT,0,3500908
tfaE_stfE_predicted,0.02631578947368421,37,37,GCACGACAGTTGCGTCCAGC,0,3489309
tfaE_stfE_predicted,0.02631578947368421,37,37,GAGTTTGTAACTCAAAGCTT,0,3537462
tfaE_stfE_predicted,0.02631578947368421,37,37,GAGAGCTAAGAGCGCATTTT,0,3489043
tfaE_stfE_predicted,0.02631578947368421,37,37,CTCTCGTGCCATTGGTGTGA,0,3479768
tfaE_stfE_predicted,0.02631578947368421,37,37,CTCTACGCTTCAGAAAACGG,0,3473784
tfaE_stfE_predicted,0.02631578947368421,37,37,CTCTAATATAAAAGTCACCC,0,3514548
tfaE_stfE_predicted,0.02631578947368421,37,37,CTAAAAAATTAGGGTGAAAG,0,3522323
tfaE_stfE_predicted,0.02631578947368421,37,37,CGTATGAACAACCTGGTTCT,0,3473787
tfaE_stfE_predicted,0.02631578947368421,37,37,CGGGCCTCGGTCTCAACAGA,0,3484050
tfaE_stfE_predicted,0.02631578947368421,37,37,CGCGCGTCTGCGCCGCGTAG,0,3495106
tfaE_stfE_predicted,0.02631578947368421,37,37,CGCAATATGTGTACGGCTGG,0,3513652
tfaE_stfE_predicted,0.02631578947368421,37,37,CCTGATACCCACTGATCCAA,0,3490412
tfaE_stfE_predicted,0.02631578947368421,37,37,CCGAAGTTCAGTTTTAGCCA,0,3508639
tfaE_stfE_predicted,0.02631578947368421,37,37,CACGTTGTTAGCTCGGAGTA,0,3536431
tfaE_stfE_predicted,0.02631578947368421,37,37,CAACCTGCCGATTAGGGTGA,0,3487572
tfaE_stfE_predicted,0.02631578947368421,37,37,ATTTTCCTATTGCCGTCACA,0,3494051
tfaE_stfE_predicted,0.02631578947368421,37,37,ATTCATTGGCGCAAACTAAT,0,3537106
tfaE_stfE_predicted,0.02631578947368421,37,37,ATAGACCCTCCTAGTTCCCA,0,3496233
tfaE_stfE_predicted,0.02631578947368421,37,37,ATACGTGACGTCAATTGTAT,0,3482781
tfaE_stfE_predicted,0.02631578947368421,37,37,AGTGCCCCAAATCACCGGGG,0,3506689
tfaE_stfE_predicted,0.02631578947368421,37,37,AGGCTAGCACACGAGTGAAT,0,3510287
tfaE_stfE_predicted,0.02631578947368421,37,37,ACTCCGGGATCCAGGCGTTC,0,3524146
tfaE_stfE_predicted,0.02631578947368421,37,37,ACGAAGCAACGGTTTGCCGG,0,3537291
tfaE_stfE_predicted,0.02631578947368421,37,37,ACATACTCACAAGTGCTCAC,0,3475287
tfaE_stfE_predicted,0.02631578947368421,37,37,AATTGAGCGCCGTAAGCATG,0,3471103
tfaE_stfE_predicted,0.02631578947368421,37,37,AAGCCCATTTGTACTCACGC,0,3507297
tfaE_stfE_predicted,0.02631578947368421,37,37,AACAACTCAAGAAAATCTGA,0,3489320
tfaE_stfE_predicted,0.02631578947368421,37,37,AAAGGAAACAGTCTGCGGTG,0,3482247
tfaE_stfE_predicted,0.02631578947368421,37,37,AAAAACACGTCCGGAGGATT,0,3533604
tfaE_stfE_predicted,0.02702702702702703,36,36,TTCTAATAATATTTGTTCAG,0,3533022
tfaE_stfE_predicted,0.02702702702702703,36,36,TTAGAGGGCGGAGCTTCGAG,0,3526318
tfaE_stfE_predicted,0.02702702702702703,36,36,TGTAGTGGGTGTTGGCTAAA,0,3476738
tfaE_stfE_predicted,0.02702702702702703,36,36,TGGGTCGGGGCATAGGGACA,0,3495382
tfaE_stfE_predicted,0.02702702702702703,36,36,TGCATTGACCGCGAGTAGAA,0,3506078
tfaE_stfE_predicted,0.02702702702702703,36,36,TGAGCACAATGTGAATTAGA,0,3502911
tfaE_stfE_predicted,0.02702702702702703,36,36,TCTTCTGGGTTTACTCATGA,0,3514603
tfaE_stfE_predicted,0.02702702702702703,36,36,TCCACCGGACCTTGCACTAA,0,3474116
tfaE_stfE_predicted,0.02702702702702703,36,36,TCAGCTCAGGCTGCGGAAAT,0,3478404
tfaE_stfE_predicted,0.02702702702702703,36,36,TAGATCCTAGGTAAGCATAT,0,3495080
tfaE_stfE_predicted,0.02702702702702703,36,36,TACTTGTATTTCTGACTTCA,0,3507466
tfaE_stfE_predicted,0.02702702702702703,36,36,TACTTATAGCCTAGCGAATA,0,3503744
tfaE_stfE_predicted,0.02702702702702703,36,36,GTTTTGCGTTTCGGCAGGCC,0,3478240
tfaE_stfE_predicted,0.02702702702702703,36,36,GTCTCATTTTTTGGGGACCA,0,3497355
tfaE_stfE_predicted,0.02702702702702703,36,36,GTCCCAGCCTCACCGTGCCA,0,3519208
tfaE_stfE_predicted,0.02702702702702703,36,36,GTCAGCCAACGTCACAAGCA,0,3485282
tfaE_stfE_predicted,0.02702702702702703,36,36,GTAAGGCTACCACCTCGCCC,0,3507114
tfaE_stfE_predicted,0.02702702702702703,36,36,GGTGGGTACCAGGGGTATGA,0,3539114
tfaE_stfE_predicted,0.02702702702702703,36,36,GGTGATACGGTGCCCTCATG,0,3483094
tfaE_stfE_predicted,0.02702702702702703,36,36,GGGTTAGCCATTCTCCTAGT,0,3501994
tfaE_stfE_predicted,0.02702702702702703,36,36,GGGCTTTAAAAGGCGGGGAG,0,3532036
tfaE_stfE_predicted,0.02702702702702703,36,36,GGGCTGTCTCTCTTAGTTTA,0,3536671
tfaE_stfE_predicted,0.02702702702702703,36,36,GGGATAGGCCCTTAGGGAGT,0,3505415
tfaE_stfE_predicted,0.02702702702702703,36,36,GGCTTTCTCAAACAGTAGCT,0,3497004
tfaE_stfE_predicted,0.02702702702702703,36,36,GGCCCGCAATACGGAGAATG,0,3510400
tfaE_stfE_predicted,0.02702702702702703,36,36,GGATGGAGCGGGACCTTCTA,0,3534768
tfaE_stfE_predicted,0.02702702702702703,36,36,GGATAATTTCCGCGAGCATC,0,3496303
tfaE_stfE_predicted,0.02702702702702703,36,36,GGAGGGTCGGCTCGTTGAGT,0,3507897
tfaE_stfE_predicted,0.02702702702702703,36,36,GCGTGGCAAGAAGAGGGCAG,0,3468714
tfaE_stfE_predicted,0.02702702702702703,36,36,GCCCTTGCTCTGAAAGCAGA,0,3495211
tfaE_stfE_predicted,0.02702702702702703,36,36,GATCGCGTCAGGAGTTGAAA,0,3471337
tfaE_stfE_predicted,0.02702702702702703,36,36,GAGAGGCGGACCATAGCCGC,0,3541275
tfaE_stfE_predicted,0.02702702702702703,36,36,GAACTAGAGGTGAGTTCGAA,0,3474194
tfaE_stfE_predicted,0.02702702702702703,36,36,CTGATGTGGCGCCGAGCTCG,0,3472678
tfaE_stfE_predicted,0.02702702702702703,36,36,CTGATCGCAGGGCAGGTGTA,0,3490231
tfaE_stfE_predicted,0.02702702702702703,36,36,CTCGCAGGACCAGCCCTACT,0,3504109
tfaE_stfE_predicted,0.02702702702702703,36,36,CTACCCGGGGTTCTGCGAAG,0,3488121
tfaE_stfE_predicted,0.02702702702702703,36,36,CGTGGCAAATTGATTTGTTG,0,3508019
tfaE_stfE_predicted,0.02702702702702703,36,36,CGTAGAGAGCCGAGACAGCA,0,3509263
tfaE_stfE_predicted,0.02702702702702703,36,36,CGATATGTGCGGTGTTTATC,0,3472937
tfaE_stfE_predicted,0.02702702702702703,36,36,CCGACCTGCTCACTCGGGGG,0,3524390
tfaE_stfE_predicted,0.02702702702702703,36,36,CCCTAACAGCAGTACATGTG,0,3491142
tfaE_stfE_predicted,0.02702702702702703,36,36,CAGACACAACACGGAGATGT,0,3531671
tfaE_stfE_predicted,0.02702702702702703,36,36,CAAGAGTCAATTTCACGACA,0,3504633
tfaE_stfE_predicted,0.02702702702702703,36,36,CAACTGATTGTCGGGTGGCG,0,3479957
tfaE_stfE_predicted,0.02702702702702703,36,36,CAAACCGCACTGGAAAGGCG,0,3478741
tfaE_stfE_predicted,0.02702702702702703,36,36,ATGTTAACGTGCGGGTCAGT,0,3540389
tfaE_stfE_predicted,0.02702702702702703,36,36,ATGGCTCTGTCGGGTAGGAT,0,3484155
tfaE_stfE_predicted,0.02702702702702703,36,36,ATGAAATCATCTGACCTGTA,0,3505161
tfaE_stfE_predicted,0.02702702702702703,36,36,ATGAAAGGATGATCTCCTGT,0,3501123
tfaE_stfE_predicted,0.02702702702702703,36,36,ATCGGACTTCTAGGCCGGGT,0,3511110
tfaE_stfE_predicted,0.02702702702702703,36,36,ATCCCCCACCGGTGAAAATT,0,3481991
tfaE_stfE_predicted,0.02702702702702703,36,36,ATCCATTATGCGCTCCGGTA,0,3499416
tfaE_stfE_predicted,0.02702702702702703,36,36,ATATGATTGTCCCCGTCGGT,0,3522503
tfaE_stfE_predicted,0.02702702702702703,36,36,AGTCTTAGTAGACACAAGGC,0,3501344
tfaE_stfE_predicted,0.02702702702702703,36,36,AGATAAACGTGAATGGGTCT,0,3508533
tfaE_stfE_predicted,0.02702702702702703,36,36,AGACCTCTACAACCACTCAG,0,3537791
tfaE_stfE_predicted,0.02702702702702703,36,36,ACTCTTCAGGCCGCTACGAA,0,3520326
tfaE_stfE_predicted,0.02702702702702703,36,36,ACTACACTCGACAGGGCAGT,0,3480027
tfaE_stfE_predicted,0.02702702702702703,36,36,ACGTATACAGTCGGGTGAAT,0,3497721
tfaE_stfE_predicted,0.02702702702702703,36,36,ACCGGATAATAGACCTGGCT,0,3506361
tfaE_stfE_predicted,0.02702702702702703,36,36,ACCACTATACGTCGCGTTGT,0,3525133
tfaE_stfE_predicted,0.02702702702702703,36,36,ACATATGCATGCAAATAATT,0,3506600
tfaE_stfE_predicted,0.02702702702702703,36,36,AAGCGCATAGTAGAGTCTAA,0,3529784
tfaE_stfE_predicted,0.02702702702702703,36,36,AAAAAACTTACGAACACTTG,0,3525857
tfaE_stfE_predicted,0.027777777777777776,35,35,TTTCTGAGAAAGCTATATAA,0,3480438
tfaE_stfE_predicted,0.027777777777777776,35,35,TTGAGGGAAATAGGAATTAT,0,3525439
tfaE_stfE_predicted,0.027777777777777776,35,35,TTCAACCTTATTTGGCACAG,0,3469968
tfaE_stfE_predicted,0.027777777777777776,35,35,TTAAAACCTTTCTCTGAAAG,0,3527823
tfaE_stfE_predicted,0.027777777777777776,35,35,TGTGTGCAATAAGGGGGTAA,0,3483519
tfaE_stfE_predicted,0.027777777777777776,35,35,TGTCTATGTTACCCAAACTG,0,3482233
tfaE_stfE_predicted,0.027777777777777776,35,35,TGGACTGTCAAGAACCTATT,0,3487158
tfaE_stfE_predicted,0.027777777777777776,35,35,TCGGGAACTTGCATGTAGAT,0,3486372
tfaE_stfE_predicted,0.027777777777777776,35,35,TAGCAACGGAAAGGCTTGGT,0,3469266
tfaE_stfE_predicted,0.027777777777777776,35,35,TAGAATTTGAATTTGGGTAT,0,3477122
tfaE_stfE_predicted,0.027777777777777776,35,35,TACTTTCCTTAGACTCTCAT,0,3503331
tfaE_stfE_predicted,0.027777777777777776,35,35,TAATACTTATCCGTCGCCGA,0,3502173
tfaE_stfE_predicted,0.027777777777777776,35,35,GTTGGTAAGTTCATTTGTGT,0,3497521
tfaE_stfE_predicted,0.027777777777777776,35,35,GTTGGATCTCGACCTCGGAG,0,3534592
tfaE_stfE_predicted,0.027777777777777776,35,35,GTTCGGTACCATCGGCATAT,0,3526906
tfaE_stfE_predicted,0.027777777777777776,35,35,GTGGGGTACTACGACCGTCC,0,3527644
tfaE_stfE_predicted,0.027777777777777776,35,35,GTCTAACATTTTAACGATCT,0,3503098
tfaE_stfE_predicted,0.027777777777777776,35,35,GGTTGTCAAACCCAGTTCGT,0,3509160
tfaE_stfE_predicted,0.027777777777777776,35,35,GGTGCGTTACTTCGCACGCA,0,3496651
tfaE_stfE_predicted,0.027777777777777776,35,35,GGGTGGAAATTTCAACGTTC,0,3514262
tfaE_stfE_predicted,0.027777777777777776,35,35,GGGGGGTTGCGTGTCAACAC,0,3508750
tfaE_stfE_predicted,0.027777777777777776,35,35,GGGCCGGGAGTTGTATGCTG,0,3503925
tfaE_stfE_predicted,0.027777777777777776,35,35,GGGACCAAGCCCAAAGTTTG,0,3480161
tfaE_stfE_predicted,0.027777777777777776,35,35,GGACTATGTTCCCCAGACGG,0,3517192
tfaE_stfE_predicted,0.027777777777777776,35,35,GGAAGTGCGCTAAGGCCAAC,0,3515435
tfaE_stfE_predicted,0.027777777777777776,35,35,GCGCAGGGTTTGGAGTAAGT,0,3536425
tfaE_stfE_predicted,0.027777777777777776,35,35,GCAAGGAATCCTCAGTACGT,0,3520656
tfaE_stfE_predicted,0.027777777777777776,35,35,GCAACCGGCAGTAGACAATT,0,3522989
tfaE_stfE_predicted,0.027777777777777776,35,35,GATTCTCAGGCGAATGTAAT,0,3532319
tfaE_stfE_predicted,0.027777777777777776,35,35,GATTCATTGGGTAAAAAATG,0,3497588
tfaE_stfE_predicted,0.027777777777777776,35,35,GAGTGTGGTGCACTCTATAG,0,3499348
tfaE_stfE_predicted,0.027777777777777776,35,35,GAGTGGTGGGTACTGGAGCC,0,3475984
tfaE_stfE_predicted,0.027777777777777776,35,35,GAGTCGAGTTTTTACGACGC,0,3484315
tfaE_stfE_predicted,0.027777777777777776,35,35,GAGCATGGACCGGTAAAAGA,0,3506032
tfaE_stfE_predicted,0.027777777777777776,35,35,GACATATGACCCCATCCTCA,0,3467864
tfaE_stfE_predicted,0.027777777777777776,35,35,GAAAATTTGAAGTGGTATAT,0,3518222
tfaE_stfE_predicted,0.027777777777777776,35,35,CTTTGCTAACCCTTGGCTCC,0,3467671
tfaE_stfE_predicted,0.027777777777777776,35,35,CTTGCGCCGTAGGTCAAGAT,0,3530067
tfaE_stfE_predicted,0.027777777777777776,35,35,CTCTGTTGTAGGAGGATCGG,0,3520076
tfaE_stfE_predicted,0.027777777777777776,35,35,CTACTGGCCCTTAAGGCTAT,0,3512007
tfaE_stfE_predicted,0.027777777777777776,35,35,CGTGGTTAATTGAAATTGTA,0,3492318
tfaE_stfE_predicted,0.027777777777777776,35,35,CGTGGTCAGGCGTCTGTCTG,0,3522135
tfaE_stfE_predicted,0.027777777777777776,35,35,CGTGAATGTCGCCACATGCG,0,3472132
tfaE_stfE_predicted,0.027777777777777776,35,35,CGTCTCATGCCCATGGACTT,0,3482462
tfaE_stfE_predicted,0.027777777777777776,35,35,CGTATCATACAGAACTCGTT,0,3474229
tfaE_stfE_predicted,0.027777777777777776,35,35,CGGGTCGAGGCTCTTAAAAC,0,3511549
tfaE_stfE_predicted,0.027777777777777776,35,35,CGGCTACGGAACAAACTTAG,0,3468475
tfaE_stfE_predicted,0.027777777777777776,35,35,CGCACTTCTCAATCTGAAGT,0,3516316
tfaE_stfE_predicted,0.027777777777777776,35,35,CGAAGTAGTCTTACGGAAAT,0,3473564
tfaE_stfE_predicted,0.027777777777777776,35,35,CGAAACTTAGATCGTGAGGG,0,3483862
tfaE_stfE_predicted,0.027777777777777776,35,35,CCGGGCCGCTAGGTTACAAC,0,3518501
tfaE_stfE_predicted,0.027777777777777776,35,35,CCGGGCCGCTAGGCACAAGA,0,3524866
tfaE_stfE_predicted,0.027777777777777776,35,35,CCCCTCCCACTTAAGATACT,0,3471594
tfaE_stfE_predicted,0.027777777777777776,35,35,CCACTTAAAAAATCACGCGA,0,3482395
tfaE_stfE_predicted,0.027777777777777776,35,35,CACGACCTGTGGCCTCGCTC,0,3532043
tfaE_stfE_predicted,0.027777777777777776,35,35,CAAGTTCACTATTAAGTGAA,0,3472480
tfaE_stfE_predicted,0.027777777777777776,35,35,ATTGGGTTGGGTCAGGAAGC,0,3478398
tfaE_stfE_predicted,0.027777777777777776,35,35,ATTCGTATTTCTCACGATAG,0,3505238
tfaE_stfE_predicted,0.027777777777777776,35,35,ATTCAAGGAGTCAGGCTATG,0,3467538
tfaE_stfE_predicted,0.027777777777777776,35,35,ATCACGAGCCGGATGCTACA,0,3505033
tfaE_stfE_predicted,0.027777777777777776,35,35,ATAGTCCAGGAGTGCGCTGA,0,3514344
tfaE_stfE_predicted,0.027777777777777776,35,35,ATAGATATGGTTAAGTGGAA,0,3480064
tfaE_stfE_predicted,0.027777777777777776,35,35,AGTTATGCCTGTCACGGCCA,0,3471459
tfaE_stfE_predicted,0.027777777777777776,35,35,AGCATTGTGTCCGCACGCTA,0,3531108
tfaE_stfE_predicted,0.027777777777777776,35,35,AGAGGGAAGTGGCCCTTGCA,0,3529390
tfaE_stfE_predicted,0.027777777777777776,35,35,ACTTGCATAGACTTTGGCAC,0,3529468
tfaE_stfE_predicted,0.027777777777777776,35,35,ACTGGTTAAGCAGTAGATGC,0,3467288
tfaE_stfE_predicted,0.027777777777777776,35,35,ACGTTTCACGGGATTGTATA,0,3534723
tfaE_stfE_predicted,0.027777777777777776,35,35,ACGGGAGTGGCCTTCTGTGT,0,3517876
tfaE_stfE_predicted,0.027777777777777776,35,35,ACCCGGTATCGGCAAGCCAT,0,3504676
tfaE_stfE_predicted,0.027777777777777776,35,35,ACATAGGTGCTCGAAGACAA,0,3470126
tfaE_stfE_predicted,0.027777777777777776,35,35,AATTCTTTTAGACCCTATTT,0,3476939
tfaE_stfE_predicted,0.027777777777777776,35,35,AAGGGTACACACAGTTAGGT,0,3523690
tfaE_stfE_predicted,0.027777777777777776,35,35,AAGACGCATCCGCCCCCAGG,0,3481890
tfaE_stfE_predicted,0.027777777777777776,35,35,AACTATATGATTGCCACTAA,0,3470071
tfaE_stfE_predicted,0.027777777777777776,35,35,AAACTGTGTGTGCCCTTCAA,0,3507671
tfaE_stfE_predicted,0.02857142857142857,34,34,TTTGGTTGAGACAAGGAGCA,0,3469103
tfaE_stfE_predicted,0.02857142857142857,34,34,TTGTCACGTCAAATCCGATC,0,3508536
tfaE_stfE_predicted,0.02857142857142857,34,34,TTGGGTAACGATTGCGACCA,0,3497632
tfaE_stfE_predicted,0.02857142857142857,34,34,TTACCTCTACTACTTGACGA,0,3504185
tfaE_stfE_predicted,0.02857142857142857,34,34,TTAAGTGACGGACAGAGTCT,0,3510735
tfaE_stfE_predicted,0.02857142857142857,34,34,TTAACGTTCAGACGAATAAA,0,3494239
tfaE_stfE_predicted,0.02857142857142857,34,34,TGTCCACAGAGCAGTTCGAT,0,3500638
tfaE_stfE_predicted,0.02857142857142857,34,34,TGGTTATCACTCACGTCGGT,0,3512455
tfaE_stfE_predicted,0.02857142857142857,34,34,TGGGTAGGTGGGATGCGCAT,0,3508896
tfaE_stfE_predicted,0.02857142857142857,34,34,TGCATTTCAGCTAGATATAA,0,3486715
tfaE_stfE_predicted,0.02857142857142857,34,34,TCTAGAACTTCTTCGTATGA,0,3504874
tfaE_stfE_predicted,0.02857142857142857,34,34,TCGCTCTCGAGGTACTGAGT,0,3477307
tfaE_stfE_predicted,0.02857142857142857,34,34,TCCTAGAACGCAACCCCTGA,0,3497688
tfaE_stfE_predicted,0.02857142857142857,34,34,TCCGTATCATTGCCTCGCCA,0,3478213
tfaE_stfE_predicted,0.02857142857142857,34,34,TCCCTGGCGTCGCATAAAAT,0,3503041
tfaE_stfE_predicted,0.02857142857142857,34,34,TCCCCATCCAAGCGGATCCT,0,3533379
tfaE_stfE_predicted,0.02857142857142857,34,34,TCATGTCTCCCTTGATCCCA,0,3466725
tfaE_stfE_predicted,0.02857142857142857,34,34,TATTTGATTTAACACGGTTA,0,3476149
tfaE_stfE_predicted,0.02857142857142857,34,34,TAAATTAAGTTATGCATCAA,0,3469538
tfaE_stfE_predicted,0.02857142857142857,34,34,GTGCTTGCAAAATAGATGAG,0,3482380
tfaE_stfE_predicted,0.02857142857142857,34,34,GTCTGGAACACCTAGTAGAC,0,3524389
tfaE_stfE_predicted,0.02857142857142857,34,34,GGTTATTGAGCCCTTCCGGC,0,3510668
tfaE_stfE_predicted,0.02857142857142857,34,34,GGTAATGGCTTGGCAGTTGA,0,3504872
tfaE_stfE_predicted,0.02857142857142857,34,34,GGGGACCCTGATTAGAGATT,0,3528818
tfaE_stfE_predicted,0.02857142857142857,34,34,GGGACAGTAAGAGTTTTCGT,0,3540979
tfaE_stfE_predicted,0.02857142857142857,34,34,GATACTAACCATGGGCTGGG,0,3515736
tfaE_stfE_predicted,0.02857142857142857,34,34,GACCTTACTCTGAATAGCTG,0,3512987
tfaE_stfE_predicted,0.02857142857142857,34,34,GACACGCCGCCACAGCCCCG,0,3505156
tfaE_stfE_predicted,0.02857142857142857,34,34,GACAAATGACTCCAGGCTTA,0,3487837
tfaE_stfE_predicted,0.02857142857142857,34,34,CTGGTCCATCTGACAGGCGT,0,3538011
tfaE_stfE_predicted,0.02857142857142857,34,34,CTGGACGCGACTCCCTAGAC,0,3501721
tfaE_stfE_predicted,0.02857142857142857,34,34,CGTTAGATCGGCAAGTACGA,0,3472170
tfaE_stfE_predicted,0.02857142857142857,34,34,CGTGCTGCACACACGTCCTC,0,3490561
tfaE_stfE_predicted,0.02857142857142857,34,34,CGGCGTCGTAAGCGGAAGTT,0,3518955
tfaE_stfE_predicted,0.02857142857142857,34,34,CGCTACGGACGCATCACTAT,0,3538080
tfaE_stfE_predicted,0.02857142857142857,34,34,CGATAGTCTGTCCCAGGAGA,0,3481164
tfaE_stfE_predicted,0.02857142857142857,34,34,CCTAAGCACGCTCCGCACAT,0,3528183
tfaE_stfE_predicted,0.02857142857142857,34,34,CCGACTTCCGATACGTCTCA,0,3479477
tfaE_stfE_predicted,0.02857142857142857,34,34,CCGACCTACAACGCATGTAC,0,3502313
tfaE_stfE_predicted,0.02857142857142857,34,34,CCCTGCGAACTGAAATGTTT,0,3480079
tfaE_stfE_predicted,0.02857142857142857,34,34,CATAATGTATTAATATTGCA,0,3521539
tfaE_stfE_predicted,0.02857142857142857,34,34,CACGCAGCGGAAGTGTTCCT,0,3474562
tfaE_stfE_predicted,0.02857142857142857,34,34,CAATTTCTGAGGCTTGTGGT,0,3519615
tfaE_stfE_predicted,0.02857142857142857,34,34,CAAGCGAGAACAGGGCCACA,0,3470317
tfaE_stfE_predicted,0.02857142857142857,34,34,ATGGTAGGATGTAAGCGCTA,0,3473454
tfaE_stfE_predicted,0.02857142857142857,34,34,ATGCTGAATGTCTCATGTAA,0,3495012
tfaE_stfE_predicted,0.02857142857142857,34,34,ATGAGCCAATGTCCAGACGA,0,3483616
tfaE_stfE_predicted,0.02857142857142857,34,34,ATCCCTGTACAAACAGACAA,0,3520031
tfaE_stfE_predicted,0.02857142857142857,34,34,ATCATAGACTTCAAGCCCGA,0,3470981
tfaE_stfE_predicted,0.02857142857142857,34,34,ATATTTCGTGATGACAAGTA,0,3491034
tfaE_stfE_predicted,0.02857142857142857,34,34,ACTTGGTGGCGAACGTTAAC,0,3476805
tfaE_stfE_predicted,0.02857142857142857,34,34,ACTGGGGTTGCAGATCAACT,0,3536788
tfaE_stfE_predicted,0.02857142857142857,34,34,ACTATCTCTCGTTTACCGCT,0,3482294
tfaE_stfE_predicted,0.02857142857142857,34,34,ACGACAGAGTCAACCGGGGT,0,3503052
tfaE_stfE_predicted,0.02857142857142857,34,34,ACACGCTCGCCAGCCCGACC,0,3529010
tfaE_stfE_predicted,0.02857142857142857,34,34,ACACCAAGATTACGTAGACC,0,3503368
tfaE_stfE_predicted,0.02857142857142857,34,34,AAATGTGGCTTACAGTCTCG,0,3520975
tfaE_stfE_predicted,0.02857142857142857,34,34,AAAAGCATTCTACAGGGTCA,0,3490130
tfaE_stfE_predicted,0.029411764705882353,33,33,TTCATAAACGTGATAACACT,0,3532672
tfaE_stfE_predicted,0.029411764705882353,33,33,TTCAGGTTAAACTAAACAGC,0,3535803
tfaE_stfE_predicted,0.029411764705882353,33,33,TTAAAGTGGAGTCCGCATGG,0,3535634
tfaE_stfE_predicted,0.029411764705882353,33,33,TGTTTAGGGTCCTAACTCGT,0,3475615
tfaE_stfE_predicted,0.029411764705882353,33,33,TGGAAAAAGCACTTCTGGAG,0,3483010
tfaE_stfE_predicted,0.029411764705882353,33,33,TCTGCGGCCATGATCACGAG,0,3484207
tfaE_stfE_predicted,0.029411764705882353,33,33,TCTCGATTGTGCGCACTACA,0,3529355
tfaE_stfE_predicted,0.029411764705882353,33,33,TCGGTAAACGCAGGTTTGTC,0,3525568
tfaE_stfE_predicted,0.029411764705882353,33,33,TCCAGAGACGCGGGGGGGGG,0,3496973
tfaE_stfE_predicted,0.029411764705882353,33,33,TCCAATCGTACATCTCAGCG,0,3515508
tfaE_stfE_predicted,0.029411764705882353,33,33,TCAGTCCTTACATCGGCTAG,0,3496239
tfaE_stfE_predicted,0.029411764705882353,33,33,TCAGCCAGGCTCTCACGCAA,0,3468452
tfaE_stfE_predicted,0.029411764705882353,33,33,TCAGATTCATGTCTAGCGAA,0,3535248
tfaE_stfE_predicted,0.029411764705882353,33,33,TCAGATATGCCAGTGGTCCG,0,3468080
tfaE_stfE_predicted,0.029411764705882353,33,33,TATTGCTACGTCCATTGTTT,0,3509538
tfaE_stfE_predicted,0.029411764705882353,33,33,TATCGGCACTAATGTGTCAA,0,3519248
tfaE_stfE_predicted,0.029411764705882353,33,33,TAGCGTTCCAAGACCATTTT,0,3519989
tfaE_stfE_predicted,0.029411764705882353,33,33,TACCCCGAGGACCGCGTTTC,0,3524904
tfaE_stfE_predicted,0.029411764705882353,33,33,TAATTAGCTGCCAGTGGCAA,0,3541212
tfaE_stfE_predicted,0.029411764705882353,33,33,GTTCGTTGATAACTATTCCC,0,3493309
tfaE_stfE_predicted,0.029411764705882353,33,33,GTGACTCATGCGGTCGATGA,0,3522306
tfaE_stfE_predicted,0.029411764705882353,33,33,GTCCTAGTTAGGTATGCAGC,0,3519009
tfaE_stfE_predicted,0.029411764705882353,33,33,GTATTACAACTCCCATAATG,0,3475278
tfaE_stfE_predicted,0.029411764705882353,33,33,GGGTGGTACCTCTACCGTTA,0,3495010
tfaE_stfE_predicted,0.029411764705882353,33,33,GGCCCTACTCCAAACCTCGA,0,3477411
tfaE_stfE_predicted,0.029411764705882353,33,33,GGAGAGTACACGTTAAATTA,0,3507382
tfaE_stfE_predicted,0.029411764705882353,33,33,GCTTAGTTACACCAATAAGG,0,3479233
tfaE_stfE_predicted,0.029411764705882353,33,33,GCTATTATTAGCATGCACCG,0,3521600
tfaE_stfE_predicted,0.029411764705882353,33,33,GCAGGAGTCCACGTGGCACT,0,3525694
tfaE_stfE_predicted,0.029411764705882353,33,33,GAGTGCTCCGAGCCATAGGA,0,3528791
tfaE_stfE_predicted,0.029411764705882353,33,33,GACCACTTGGTGCCCTGGCA,0,3490138
tfaE_stfE_predicted,0.029411764705882353,33,33,GAACGCAAGATAGTTCCTGT,0,3469774
tfaE_stfE_predicted,0.029411764705882353,33,33,CTCTTCAGATATCCGCTAGT,0,3488594
tfaE_stfE_predicted,0.029411764705882353,33,33,CTCAATCTTTCCATCCATCC,0,3473002
tfaE_stfE_predicted,0.029411764705882353,33,33,CTATAAATGTAGCTGCGCAT,0,3486015
tfaE_stfE_predicted,0.029411764705882353,33,33,CTAACGTAATGACACGGCCA,0,3506750
tfaE_stfE_predicted,0.029411764705882353,33,33,CGTGGTCTTCTAATTGCCAC,0,3479711
tfaE_stfE_predicted,0.029411764705882353,33,33,CGTACAACCCCCCCGAAAAC,0,3505204
tfaE_stfE_predicted,0.029411764705882353,33,33,CGCAGAATTGCGGTGAGTCG,0,3512512
tfaE_stfE_predicted,0.029411764705882353,33,33,CGAGTCAAACGTTGGACCTA,0,3539130
tfaE_stfE_predicted,0.029411764705882353,33,33,CGAAAAGTCATCGGAATTGT,0,3535217
tfaE_stfE_predicted,0.029411764705882353,33,33,CCGGGCTGTCTTTCAGGGTT,0,3541123
tfaE_stfE_predicted,0.029411764705882353,33,33,CCCTTGTGCTACCGCGTCCT,0,3527990
tfaE_stfE_predicted,0.029411764705882353,33,33,CCCCGTTTCGGCCGATTACA,0,3496785
tfaE_stfE_predicted,0.029411764705882353,33,33,CCATTCGTACAGATTTCTCT,0,3540637
tfaE_stfE_predicted,0.029411764705882353,33,33,CCAAGCGCTCGGCCCTGGCA,0,3485589
tfaE_stfE_predicted,0.029411764705882353,33,33,CAAAAGTGTAAACGCGCCCA,0,3511129
tfaE_stfE_predicted,0.029411764705882353,33,33,ATTCGCAACTGAGGTGCGAA,0,3514163
tfaE_stfE_predicted,0.029411764705882353,33,33,ATTATGCTAACTCATTGGGT,0,3538941
tfaE_stfE_predicted,0.029411764705882353,33,33,ATTAGGAGGAGCAGAGGAGT,0,3472479
tfaE_stfE_predicted,0.029411764705882353,33,33,ATGTTGCCCCAATTCTACGT,0,3499663
tfaE_stfE_predicted,0.029411764705882353,33,33,ATGCAGAAGGGTGCTTAACG,0,3472931
tfaE_stfE_predicted,0.029411764705882353,33,33,ATACCTTAAGCTAATCACCT,0,3522825
tfaE_stfE_predicted,0.029411764705882353,33,33,ATAAAATGTTAGTCAAAATG,0,3528077
tfaE_stfE_predicted,0.029411764705882353,33,33,AGGGACGCTGCTTCACCTCG,0,3479941
tfaE_stfE_predicted,0.029411764705882353,33,33,AGCTGAGTCGGAGGACGCTT,0,3483157
tfaE_stfE_predicted,0.029411764705882353,33,33,AGCGTGGGGCTATCATCTAT,0,3504353
tfaE_stfE_predicted,0.029411764705882353,33,33,AGCCGTTCCCCCGTCTCCGC,0,3531280
tfaE_stfE_predicted,0.029411764705882353,33,33,AGAGGCATAAATGCGTGGGG,0,3468191
tfaE_stfE_predicted,0.029411764705882353,33,33,ACTATCCCTAAGTTTTGAGT,0,3486362
tfaE_stfE_predicted,0.029411764705882353,33,33,ACTAAGGTCTACTGCGTTAC,0,3502048
tfaE_stfE_predicted,0.029411764705882353,33,33,ACGTCAGTGCCGGCTCGTGA,0,3537413
tfaE_stfE_predicted,0.029411764705882353,33,33,ACCTGGATGCCAACATTCTT,0,3502702
tfaE_stfE_predicted,0.029411764705882353,33,33,ACATCGGGGGGTAAGTAAGA,0,3468819
tfaE_stfE_predicted,0.029411764705882353,33,33,ACAGAGCTTGTGACTGGTGC,0,3486519
tfaE_stfE_predicted,0.029411764705882353,33,33,ACAGACTCCATCCATGCGGT,0,3485392
tfaE_stfE_predicted,0.029411764705882353,33,33,ACACGCACGGTCACAACTTA,0,3536971
tfaE_stfE_predicted,0.029411764705882353,33,33,ACAAAGGATCACGGTGTTAC,0,3510815
tfaE_stfE_predicted,0.029411764705882353,33,33,AATCTGGAACGTAGCTTAAA,0,3539643
tfaE_stfE_predicted,0.029411764705882353,33,33,AATACTAGATTAGGAAGGTG,0,3509632
tfaE_stfE_predicted,0.030303030303030304,32,32,TTTTGTCAACTTCTTCTCCA,0,3486721
tfaE_stfE_predicted,0.030303030303030304,32,32,TTTTAGTGGGTTCCAACAGA,0,3522366
tfaE_stfE_predicted,0.030303030303030304,32,32,TTTCGTCACTCCTCTACGGA,0,3493141
tfaE_stfE_predicted,0.030303030303030304,32,32,TTCTGAAACTGAAACGGTGG,0,3492923
tfaE_stfE_predicted,0.030303030303030304,32,32,TTATTGTATAGCTTCTTGAC,0,3508079
tfaE_stfE_predicted,0.030303030303030304,32,32,TGTGTGTGCCAAAAGTTGTA,0,3489533
tfaE_stfE_predicted,0.030303030303030304,32,32,TGTGGAAAAGATGACATAAT,0,3518267
tfaE_stfE_predicted,0.030303030303030304,32,32,TGTGCATTAGCTTGGACTAA,0,3531901
tfaE_stfE_predicted,0.030303030303030304,32,32,TGCGTAGATGGGCTAACAAT,0,3528713
tfaE_stfE_predicted,0.030303030303030304,32,32,TGATACCGAGTGAGTATGTA,0,3538944
tfaE_stfE_predicted,0.030303030303030304,32,32,TCGGCTACGGTTCGTGCACT,0,3511852
tfaE_stfE_predicted,0.030303030303030304,32,32,TCGAAGAAAGAATGCCAGTT,0,3469892
tfaE_stfE_predicted,0.030303030303030304,32,32,TCCCTCTACTCACCCCTTGG,0,3507074
tfaE_stfE_predicted,0.030303030303030304,32,32,TCCCCGATGTAAAGTATGAG,0,3486796
tfaE_stfE_predicted,0.030303030303030304,32,32,TCCACGCCTTCTTCTCACTG,0,3505374
tfaE_stfE_predicted,0.030303030303030304,32,32,TATTGACATTACCCTTTGAC,0,3469768
tfaE_stfE_predicted,0.030303030303030304,32,32,TATAACCTGCTGTTCCAAGC,0,3535594
tfaE_stfE_predicted,0.030303030303030304,32,32,TAGGGATCGACGATCACCGC,0,3486932
tfaE_stfE_predicted,0.030303030303030304,32,32,TACCGACGTCTGCCACCCTA,0,3478832
tfaE_stfE_predicted,0.030303030303030304,32,32,TAAAGTCATATGGCGCACGG,0,3491065
tfaE_stfE_predicted,0.030303030303030304,32,32,GTTGTATGGATGTTTTTGGA,0,3494602
tfaE_stfE_predicted,0.030303030303030304,32,32,GTTAGCGCCACGTCGACTAG,0,3502623
tfaE_stfE_predicted,0.030303030303030304,32,32,GTGCCTCTACTCTGAGATTT,0,3488295
tfaE_stfE_predicted,0.030303030303030304,32,32,GTATGATATAAGCCTTCCAA,0,3482728
tfaE_stfE_predicted,0.030303030303030304,32,32,GTATGAGGGTTCATTACGCG,0,3509671
tfaE_stfE_predicted,0.030303030303030304,32,32,GTACGTAGATGTTATTAGCG,0,3517722
tfaE_stfE_predicted,0.030303030303030304,32,32,GTAACGACTTATTTCAAAAT,0,3468344
tfaE_stfE_predicted,0.030303030303030304,32,32,GGTTTTGGGCCACCTTGAGT,0,3471903
tfaE_stfE_predicted,0.030303030303030304,32,32,GGGGACTGTTTGTGTTAAAT,0,3488840
tfaE_stfE_predicted,0.030303030303030304,32,32,GGAGTAAAATCCAGCTAGAT,0,3530724
tfaE_stfE_predicted,0.030303030303030304,32,32,GCTGATAAAGCGGAAAAAAT,0,3476911
tfaE_stfE_predicted,0.030303030303030304,32,32,GCTAATGGGTCCAGAGATAT,0,3468713
tfaE_stfE_predicted,0.030303030303030304,32,32,GCCTAATATGGGTAGTCATG,0,3482048
tfaE_stfE_predicted,0.030303030303030304,32,32,GCAGTCATCGTCAGATGGCA,0,3504480
tfaE_stfE_predicted,0.030303030303030304,32,32,GCAACCAATTGATCGACTTA,0,3503575
tfaE_stfE_predicted,0.030303030303030304,32,32,GATAGCGGCGTATAACTGCC,0,3484555
tfaE_stfE_predicted,0.030303030303030304,32,32,GACGTCTCGTCACTAGGTGT,0,3485588
tfaE_stfE_predicted,0.030303030303030304,32,32,GACGATTCACCTTACGCCTA,0,3507125
tfaE_stfE_predicted,0.030303030303030304,32,32,CTTTTAACTGCACGCTTTTT,0,3473815
tfaE_stfE_predicted,0.030303030303030304,32,32,CTTAAGATATCGGGGCATCT,0,3470973
tfaE_stfE_predicted,0.030303030303030304,32,32,CTATATGCGGCGCCTTGTTC,0,3483059
tfaE_stfE_predicted,0.030303030303030304,32,32,CGTAGGGCGCAACCGGAGTT,0,3500763
tfaE_stfE_predicted,0.030303030303030304,32,32,CGGGTCACCAAGACATGGGG,0,3496784
tfaE_stfE_predicted,0.030303030303030304,32,32,CGGGGTCACATCCCAAACAA,0,3510944
tfaE_stfE_predicted,0.030303030303030304,32,32,CGCTTGCCACGTGTTGGGTT,0,3470924
tfaE_stfE_predicted,0.030303030303030304,32,32,CGCAGTATGCAAGTAGAACT,0,3483496
tfaE_stfE_predicted,0.030303030303030304,32,32,CGAGGTTTGACTCAAACGAT,0,3476854
tfaE_stfE_predicted,0.030303030303030304,32,32,CGACGGCCCTCCGATACTGC,0,3486442
tfaE_stfE_predicted,0.030303030303030304,32,32,CCTAACAGAGGGCGCGAGTC,0,3503755
tfaE_stfE_predicted,0.030303030303030304,32,32,CCCCTGGCTATACGTTGAGG,0,3491362
tfaE_stfE_predicted,0.030303030303030304,32,32,CCCCCGGTGAGACCGGAAAG,0,3521140
tfaE_stfE_predicted,0.030303030303030304,32,32,CCCATCTTGTGTGTAGGTGT,0,3501884
tfaE_stfE_predicted,0.030303030303030304,32,32,CCATGAAGTTTCGCTGTTCA,0,3524682
tfaE_stfE_predicted,0.030303030303030304,32,32,CCATCCTGAAACTTATTCTT,0,3503614
tfaE_stfE_predicted,0.030303030303030304,32,32,CCAGCCTAACTGGTGACAAC,0,3514847
tfaE_stfE_predicted,0.030303030303030304,32,32,CCACGATGGAATGAGGAAAG,0,3506808
tfaE_stfE_predicted,0.030303030303030304,32,32,CATGATAGCTGTCAAGGGCA,0,3503727
tfaE_stfE_predicted,0.030303030303030304,32,32,CAGTACGTAGTACCACATCT,0,3534459
tfaE_stfE_predicted,0.030303030303030304,32,32,CACATAACGCGAGCTAATTT,0,3498154
tfaE_stfE_predicted,0.030303030303030304,32,32,CAATCTGAGGCGCACGTGTG,0,3503748
tfaE_stfE_predicted,0.030303030303030304,32,32,CAAGTGGCTGAATGCTATTG,0,3475623
tfaE_stfE_predicted,0.030303030303030304,32,32,CAACATGTCCGCCATAGTGA,0,3499140
tfaE_stfE_predicted,0.030303030303030304,32,32,ATTGAAATGTCTGCGTATAA,0,3506417
tfaE_stfE_predicted,0.030303030303030304,32,32,ATCCACAATTAGGGCAGTAG,0,3478282
tfaE_stfE_predicted,0.030303030303030304,32,32,AGGGAAGCCTGGGTGACAAG,0,3512001
tfaE_stfE_predicted,0.030303030303030304,32,32,AGGCGCCGCCACCACTGTAC,0,3505103
tfaE_stfE_predicted,0.030303030303030304,32,32,AGCTGCAGCTAACGATAACC,0,3490514
tfaE_stfE_predicted,0.030303030303030304,32,32,AGCCGTTACCGCCTACTGTT,0,3509301
tfaE_stfE_predicted,0.030303030303030304,32,32,AGATGCGCGTAGGACTCGGA,0,3500308
tfaE_stfE_predicted,0.030303030303030304,32,32,AGAGTTCCGGCCCCTCTGAA,0,3510095
tfaE_stfE_predicted,0.030303030303030304,32,32,ACGATGTCCTGGACGCAGAT,0,3508276
tfaE_stfE_predicted,0.030303030303030304,32,32,ACGAATGTCTCCAGGTCAGG,0,3475744
tfaE_stfE_predicted,0.030303030303030304,32,32,ACAGATGTCCATCCGCACGT,0,3510530
tfaE_stfE_predicted,0.030303030303030304,32,32,ACACGGGAGTTTAGTCGGAT,0,3488294
tfaE_stfE_predicted,0.030303030303030304,32,32,AATTGTCTAGACCGAAACGG,0,3492785
tfaE_stfE_predicted,0.030303030303030304,32,32,AAATTAATTCGGGCATGACC,0,3496257
tfaE_stfE_predicted,0.030303030303030304,32,32,AAAAGTACCAAATGCAACCA,0,3473065
tfaE_stfE_predicted,0.03125,31,31,TTGCCATTCATCGATTTCCC,0,3514613
tfaE_stfE_predicted,0.03125,31,31,TTGCAATCCGGACGGTGCTA,0,3513467
tfaE_stfE_predicted,0.03125,31,31,TTCCAGTTTGGTGTTTTTGG,0,3494664
tfaE_stfE_predicted,0.03125,31,31,TTCCACCCTTTGTAGAGGGT,0,3530241
tfaE_stfE_predicted,0.03125,31,31,TGGTCTTGAAGGACTCCGGC,0,3518101
tfaE_stfE_predicted,0.03125,31,31,TGCACTATCCTGGCCCGGGT,0,3467668
tfaE_stfE_predicted,0.03125,31,31,TGATGTCTGCGCTCGGCCGT,0,3484334
tfaE_stfE_predicted,0.03125,31,31,TGACGAGGGATTTTTACTCT,0,3510367
tfaE_stfE_predicted,0.03125,31,31,TCTGGCCTGTAAAATGAGTT,0,3533113
tfaE_stfE_predicted,0.03125,31,31,TATGGAGGTTAAATGTTATG,0,3524568
tfaE_stfE_predicted,0.03125,31,31,TATGATCAGGCCCAGGTAGG,0,3479090
tfaE_stfE_predicted,0.03125,31,31,TAGGATAGATGAAAACTAGA,0,3489058
tfaE_stfE_predicted,0.03125,31,31,TAAGCCTTACTCTCATATTC,0,3479794
tfaE_stfE_predicted,0.03125,31,31,TAAATTGTTTGAAGGATGAT,0,3476702
tfaE_stfE_predicted,0.03125,31,31,GTCCTCGAGGCTAAATTATT,0,3527909
tfaE_stfE_predicted,0.03125,31,31,GTATCAACTGAAGCCCAAGC,0,3509373
tfaE_stfE_predicted,0.03125,31,31,GTAGTGTAACACACAAAGGT,0,3521567
tfaE_stfE_predicted,0.03125,31,31,GGTGCAGGTATATCGTCTAC,0,3481056
tfaE_stfE_predicted,0.03125,31,31,GGTCAGTTTCCACACCTCAG,0,3515114
tfaE_stfE_predicted,0.03125,31,31,GGTAGGCCCTTCACCAAGTT,0,3516954
tfaE_stfE_predicted,0.03125,31,31,GGGGTAACAGGGGAGTCACT,0,3537943
tfaE_stfE_predicted,0.03125,31,31,GGGGCTGTTTGGTTTCGTCT,0,3491575
tfaE_stfE_predicted,0.03125,31,31,GGCTGCCAAGGTACGTGGGT,0,3526292
tfaE_stfE_predicted,0.03125,31,31,GGCCACTCTAAGTCCCTACA,0,3523109
tfaE_stfE_predicted,0.03125,31,31,GGCAGGATCTCCCTATGTGA,0,3504772
tfaE_stfE_predicted,0.03125,31,31,GCGTCCAAGTACAGGGTTAA,0,3514348
tfaE_stfE_predicted,0.03125,31,31,GCGTAACAATCTCTGGAATA,0,3474722
tfaE_stfE_predicted,0.03125,31,31,GCGACATGCGTCTCGGAGGG,0,3511344
tfaE_stfE_predicted,0.03125,31,31,GCGAATTAAAATTGCACGAC,0,3482859
tfaE_stfE_predicted,0.03125,31,31,GCCCTTGAACCACTTAATCG,0,3515475
tfaE_stfE_predicted,0.03125,31,31,GCAGTCATCCATTGGCATTT,0,3527197
tfaE_stfE_predicted,0.03125,31,31,GCAAAGCGAGGGGAGTGGGT,0,3481738
tfaE_stfE_predicted,0.03125,31,31,GATGTGTTAGTGGATTTCAG,0,3488369
tfaE_stfE_predicted,0.03125,31,31,GATGTGGGTAGGGGTCTGCC,0,3499892
tfaE_stfE_predicted,0.03125,31,31,GATGATGGTGGTATGATCTT,0,3534700
tfaE_stfE_predicted,0.03125,31,31,GATCATAGTTATCCCAATCG,0,3539707
tfaE_stfE_predicted,0.03125,31,31,GAGGCAATGTTACCCGGCTT,0,3498874
tfaE_stfE_predicted,0.03125,31,31,GAGCGGCCCGTGATACAGTA,0,3468812
tfaE_stfE_predicted,0.03125,31,31,CTTATAATCGGATCTGCCAG,0,3534896
tfaE_stfE_predicted,0.03125,31,31,CTGACAGCGCCGGCTCGAGA,0,3537256
tfaE_stfE_predicted,0.03125,31,31,CTGAACGCAGACACTCCATA,0,3501118
tfaE_stfE_predicted,0.03125,31,31,CTAGCTCAAAACTCAGACTG,0,3491022
tfaE_stfE_predicted,0.03125,31,31,CGTTTTAATAGGCGTCTTAT,0,3474757
tfaE_stfE_predicted,0.03125,31,31,CGTCGTAGTGCCTATGTCAG,0,3513441
tfaE_stfE_predicted,0.03125,31,31,CGGCATATCCATAAAGACGG,0,3519613
tfaE_stfE_predicted,0.03125,31,31,CGGACTGGTTTCCCACGGTA,0,3470216
tfaE_stfE_predicted,0.03125,31,31,CCTGTTGGCTTTCATTCCAT,0,3510158
tfaE_stfE_predicted,0.03125,31,31,CCTACCAGCACTTAAGTAGG,0,3472641
tfaE_stfE_predicted,0.03125,31,31,CCGTTCCCTATTGCAGTTCA,0,3466511
tfaE_stfE_predicted,0.03125,31,31,CCGGCTTGTTGTGTATTTGG,0,3485229
tfaE_stfE_predicted,0.03125,31,31,CCGAGGGATGGTAGTATGTA,0,3511049
tfaE_stfE_predicted,0.03125,31,31,CCGAATTGTTCGCAACAGAT,0,3476057
tfaE_stfE_predicted,0.03125,31,31,CCCGACGCGGAATGTTATTG,0,3496971
tfaE_stfE_predicted,0.03125,31,31,CCCAGAATGCACAGAGCCCA,0,3475904
tfaE_stfE_predicted,0.03125,31,31,CCAGGCCAAAAAGTTTTGGA,0,3493569
tfaE_stfE_predicted,0.03125,31,31,CCAGACCCAGGGGCATATAA,0,3487700
tfaE_stfE_predicted,0.03125,31,31,CATTGTCGTATGCGCCTTCA,0,3483096
tfaE_stfE_predicted,0.03125,31,31,CATTACTCCGGATCATCGCA,0,3530287
tfaE_stfE_predicted,0.03125,31,31,CATGGGGGAGTCTCCAATCA,0,3466448
tfaE_stfE_predicted,0.03125,31,31,CACGTGCTAAACTTCGGCAT,0,3497094
tfaE_stfE_predicted,0.03125,31,31,CAATTCGTTATTCGAGTTGA,0,3495217
tfaE_stfE_predicted,0.03125,31,31,CAACGACCCGTCCGTGTCAT,0,3478327
tfaE_stfE_predicted,0.03125,31,31,CAAACAACCCAGGGCGGTGC,0,3476618
tfaE_stfE_predicted,0.03125,31,31,ATTCTGATTCGGGCCGCAAC,0,3483395
tfaE_stfE_predicted,0.03125,31,31,ATTCGCCCATACAGAGAAGA,0,3498708
tfaE_stfE_predicted,0.03125,31,31,ATCATTCGACCAGTCAGTAA,0,3471453
tfaE_stfE_predicted,0.03125,31,31,AGTATTCCGTTGTGATGCTT,0,3514706
tfaE_stfE_predicted,0.03125,31,31,AGGGGGCGGTGTCGCTGTCG,0,3485940
tfaE_stfE_predicted,0.03125,31,31,AGGGCAAAGTTATTGGACAT,0,3505895
tfaE_stfE_predicted,0.03125,31,31,AGGCTTGGTTTCGGTGGTAT,0,3534331
tfaE_stfE_predicted,0.03125,31,31,AGGCACAGAGCGAGGCAAAC,0,3492291
tfaE_stfE_predicted,0.03125,31,31,AGCTACTTGCTGGGGGGGTA,0,3517922
tfaE_stfE_predicted,0.03125,31,31,AGATTCCCTTGAGACGCTTG,0,3513861
tfaE_stfE_predicted,0.03125,31,31,AGAGTCCCTCGACGGCGGCT,0,3533069
tfaE_stfE_predicted,0.03125,31,31,ACTTGTGATCCTATTATCCA,0,3538998
tfaE_stfE_predicted,0.03125,31,31,ACTTGAGCCACAGTCATGGA,0,3476822
tfaE_stfE_predicted,0.03125,31,31,ACTGGCACTCATTAGTAGCT,0,3507462
tfaE_stfE_predicted,0.03125,31,31,ACCGAGGGACGTTATCGAAT,0,3479613
tfaE_stfE_predicted,0.03125,31,31,ACATGGTCACGGTTGTAGAG,0,3527665
tfaE_stfE_predicted,0.03125,31,31,ACAGTTTGTGGCACCAGTCA,0,3528104
tfaE_stfE_predicted,0.03125,31,31,ACAGGGTAGTTCTGTTCCGT,0,3481076
tfaE_stfE_predicted,0.03125,31,31,AATCTCGCACTTTAACGGAA,0,3500534
tfaE_stfE_predicted,0.03125,31,31,AAGCACAATGCTGCGTCTTA,0,3512872
tfaE_stfE_predicted,0.03125,31,31,AACCGGTCGTCTGTGGGGGT,0,3476507
tfaE_stfE_predicted,0.03125,31,31,AAAGCCCGGGCTCGTTTACT,0,3532249
tfaE_stfE_predicted,0.03125,31,31,AAACAGGTTAAGGAGTGATA,0,3486593
tfaE_stfE_predicted,0.03225806451612903,30,30,TTTAAAGAGGTTTAGAGGTA,0,3511647
tfaE_stfE_predicted,0.03225806451612903,30,30,TTGGAATTTGTGCAAAACAT,0,3517943
tfaE_stfE_predicted,0.03225806451612903,30,30,TTACGACGCGCCTACGGTCA,0,3475234
tfaE_stfE_predicted,0.03225806451612903,30,30,TTACAAGTCGGGAACCTTAT,0,3508746
tfaE_stfE_predicted,0.03225806451612903,30,30,TGGTCTACCTCTCTACCACA,0,3507646
tfaE_stfE_predicted,0.03225806451612903,30,30,TGGTATTCAATATAGGACGC,0,3491064
tfaE_stfE_predicted,0.03225806451612903,30,30,TGGTAGGGTAACACGCAGCT,0,3523039
tfaE_stfE_predicted,0.03225806451612903,30,30,TGGGGTGGGTGAGTGTGCCA,0,3520143
tfaE_stfE_predicted,0.03225806451612903,30,30,TGGGGAGCTCGTATATGCTA,0,3521537
tfaE_stfE_predicted,0.03225806451612903,30,30,TGGCGTTACGCTCGCAGGTA,0,3494053
tfaE_stfE_predicted,0.03225806451612903,30,30,TGGCGAGTAGTAGATGGCGT,0,3511309
tfaE_stfE_predicted,0.03225806451612903,30,30,TGATGTGACCACGAATTCGG,0,3471977
tfaE_stfE_predicted,0.03225806451612903,30,30,TGAAGGCCGCCGCGTCACCC,0,3504021
tfaE_stfE_predicted,0.03225806451612903,30,30,TCTAGATCAGTATATTTTGA,0,3489147
tfaE_stfE_predicted,0.03225806451612903,30,30,TCGACACATATGGGGCTTGA,0,3488776
tfaE_stfE_predicted,0.03225806451612903,30,30,TCCCGGTGGCCGGAGGCAGC,0,3466613
tfaE_stfE_predicted,0.03225806451612903,30,30,TCCCGGATTACCTGTAGACG,0,3497454
tfaE_stfE_predicted,0.03225806451612903,30,30,TCCAGGCTGCGAAAGCCTGT,0,3493536
tfaE_stfE_predicted,0.03225806451612903,30,30,TCAATTACCCACTGACACAG,0,3479552
tfaE_stfE_predicted,0.03225806451612903,30,30,TACAGCTAAGTGTGGAAATG,0,3514871
tfaE_stfE_predicted,0.03225806451612903,30,30,TAAGCCACTATACTAGGGTT,0,3502464
tfaE_stfE_predicted,0.03225806451612903,30,30,TAAAAAGGTTGAGGCGTCTG,0,3506975
tfaE_stfE_predicted,0.03225806451612903,30,30,GTTTGGGGGAGTGAAATATG,0,3489460
tfaE_stfE_predicted,0.03225806451612903,30,30,GTTCTATGAGACTGCATATC,0,3501342
tfaE_stfE_predicted,0.03225806451612903,30,30,GTTACTTGAGATGACGGGGA,0,3496244
tfaE_stfE_predicted,0.03225806451612903,30,30,GTGATATTACATCACTCTAG,0,3473736
tfaE_stfE_predicted,0.03225806451612903,30,30,GTCTTAGGTAATGGCGGTAG,0,3484355
tfaE_stfE_predicted,0.03225806451612903,30,30,GTCTAATGGCGATTTCCTTA,0,3470991
tfaE_stfE_predicted,0.03225806451612903,30,30,GTCCTCCTAGCAGAAGGAAT,0,3486147
tfaE_stfE_predicted,0.03225806451612903,30,30,GTACTCCCCTGAGGGTACGT,0,3480399
tfaE_stfE_predicted,0.03225806451612903,30,30,GGTTGTGGAACAAGTGGGAA,0,3536037
tfaE_stfE_predicted,0.03225806451612903,30,30,GGTGGGCTGCAGTCGAGTTG,0,3515908
tfaE_stfE_predicted,0.03225806451612903,30,30,GGGGGGATCACGAAAGATTC,0,3540662
tfaE_stfE_predicted,0.03225806451612903,30,30,GGGCACATGAGGGGTGCATG,0,3532041
tfaE_stfE_predicted,0.03225806451612903,30,30,GGGCAACAAATTTAAATCAG,0,3466787
tfaE_stfE_predicted,0.03225806451612903,30,30,GGGAACCGTGCCCACTGTGT,0,3490743
tfaE_stfE_predicted,0.03225806451612903,30,30,GCGCGGGTAGAAGTACGGTA,0,3521099
tfaE_stfE_predicted,0.03225806451612903,30,30,GCGCGAAGGTGGTGGTTTTT,0,3499234
tfaE_stfE_predicted,0.03225806451612903,30,30,GCGAGATGACCGAGTTTATT,0,3492573
tfaE_stfE_predicted,0.03225806451612903,30,30,GATTCCTGCTTGGCCTGTCC,0,3477247
tfaE_stfE_predicted,0.03225806451612903,30,30,GATTAGGGGGTCATGCGACA,0,3517251
tfaE_stfE_predicted,0.03225806451612903,30,30,GATGTTTTCGTGGTCCTGTG,0,3521941
tfaE_stfE_predicted,0.03225806451612903,30,30,GATACATGAGGATGATGCCA,0,3500035
tfaE_stfE_predicted,0.03225806451612903,30,30,GAGTTACTATTTAGGCTTCA,0,3523469
tfaE_stfE_predicted,0.03225806451612903,30,30,GAGAAGCTGAGCCGCGGAGT,0,3507194
tfaE_stfE_predicted,0.03225806451612903,30,30,GAAGTCGTTGGTGAACGGAA,0,3477093
tfaE_stfE_predicted,0.03225806451612903,30,30,GAACGAATCTATAGCGGTTA,0,3478186
tfaE_stfE_predicted,0.03225806451612903,30,30,GAACCTCTCCTACTAAAGTC,0,3470015
tfaE_stfE_predicted,0.03225806451612903,30,30,CTTTCCTGTACTTTAAGCAA,0,3471667
tfaE_stfE_predicted,0.03225806451612903,30,30,CTTCCCTAATGGCGTTGGCT,0,3470974
tfaE_stfE_predicted,0.03225806451612903,30,30,CTTAGATAATGAATGAACTG,0,3528697
tfaE_stfE_predicted,0.03225806451612903,30,30,CTGGACAGTCAAAAGCCGTT,0,3512737
tfaE_stfE_predicted,0.03225806451612903,30,30,CTGCCGGCATGTATTCTGAG,0,3535040
tfaE_stfE_predicted,0.03225806451612903,30,30,CTCGTTCACCATGTACCTTT,0,3495592
tfaE_stfE_predicted,0.03225806451612903,30,30,CTACTACTCAGTCCCTGCAG,0,3514045
tfaE_stfE_predicted,0.03225806451612903,30,30,CGTCACGCCCCCACGTGGAG,0,3488910
tfaE_stfE_predicted,0.03225806451612903,30,30,CGTATGTGCGTAGGGGGTCA,0,3488765
tfaE_stfE_predicted,0.03225806451612903,30,30,CGGAGTACGTACCCAGGCTC,0,3484801
tfaE_stfE_predicted,0.03225806451612903,30,30,CGCGTATCCGCCGACCCATG,0,3522701
tfaE_stfE_predicted,0.03225806451612903,30,30,CGCCTAGGCCCGCCAAATCA,0,3507402
tfaE_stfE_predicted,0.03225806451612903,30,30,CCTGGCTCAAATTTGGTGAG,0,3531151
tfaE_stfE_predicted,0.03225806451612903,30,30,CCTCATAAAAATCAGAGCGT,0,3477451
tfaE_stfE_predicted,0.03225806451612903,30,30,CCTATCGTCCCCTTTAGCTA,0,3485537
tfaE_stfE_predicted,0.03225806451612903,30,30,CCCGGAATCTGGGACCGCCA,0,3475434
tfaE_stfE_predicted,0.03225806451612903,30,30,CCCCCGCTGTGCAGCCGGAT,0,3517627
tfaE_stfE_predicted,0.03225806451612903,30,30,CCCATTCGGAGTGATTACGT,0,3469335
tfaE_stfE_predicted,0.03225806451612903,30,30,CCATTAAACAGCAGGCGCAT,0,3480084
tfaE_stfE_predicted,0.03225806451612903,30,30,CCATAAGATGTGTGGATGTC,0,3500429
tfaE_stfE_predicted,0.03225806451612903,30,30,CCAGCCGCTTAGAAAAATGT,0,3497270
tfaE_stfE_predicted,0.03225806451612903,30,30,CCACTCCCGGCGCGGATTAC,0,3508487
tfaE_stfE_predicted,0.03225806451612903,30,30,CATGTGTAGGCGGGATGTGG,0,3485736
tfaE_stfE_predicted,0.03225806451612903,30,30,CATGTACAGACGACCCGTAC,0,3531753
tfaE_stfE_predicted,0.03225806451612903,30,30,CAGGCTCGCCCCACGCGCTG,0,3490829
tfaE_stfE_predicted,0.03225806451612903,30,30,CAGCGCCACCAGATCGGCTC,0,3499291
tfaE_stfE_predicted,0.03225806451612903,30,30,CACCTAGAAGAATACCGGTC,0,3475183
tfaE_stfE_predicted,0.03225806451612903,30,30,CAATCTATTGCCGAAGATCG,0,3467135
tfaE_stfE_predicted,0.03225806451612903,30,30,CAAGACGCACTGGGTCTGCT,0,3495686
tfaE_stfE_predicted,0.03225806451612903,30,30,ATTTGAGACTTTGTCAATTC,0,3473446
tfaE_stfE_predicted,0.03225806451612903,30,30,ATTTACCACGTTTTGTTGCT,0,3489400
tfaE_stfE_predicted,0.03225806451612903,30,30,ATTCATGACGGTGCGTTAAA,0,3511430
tfaE_stfE_predicted,0.03225806451612903,30,30,ATTACCGTACAATGTACTAT,0,3475909
tfaE_stfE_predicted,0.03225806451612903,30,30,ATGGCATGTCGAAGAGAGGA,0,3499077
tfaE_stfE_predicted,0.03225806451612903,30,30,ATGAGGGGTACCAATTTTCA,0,3510093
tfaE_stfE_predicted,0.03225806451612903,30,30,ATGAGCGGGAGATTAGATTG,0,3502504
tfaE_stfE_predicted,0.03225806451612903,30,30,ATGACTTCGGCTACCGTCGA,0,3478187
tfaE_stfE_predicted,0.03225806451612903,30,30,ATCATGATTCGTCCGCCTAG,0,3469333
tfaE_stfE_predicted,0.03225806451612903,30,30,ATATATTCCCGTGGTCGGGA,0,3493645
tfaE_stfE_predicted,0.03225806451612903,30,30,ATAGCCCTAGTAGCACGTAT,0,3512845
tfaE_stfE_predicted,0.03225806451612903,30,30,ATAGATAGATAGTCTGGATT,0,3479230
tfaE_stfE_predicted,0.03225806451612903,30,30,ATAAACTCCTAAACAGAACG,0,3529511
tfaE_stfE_predicted,0.03225806451612903,30,30,AGTGGACTATTGGAAGCGCG,0,3534254
tfaE_stfE_predicted,0.03225806451612903,30,30,AGTAATGATGATTGTTCAAT,0,3519370
tfaE_stfE_predicted,0.03225806451612903,30,30,AGGCTGTCTGACCCAAGTAT,0,3497513
tfaE_stfE_predicted,0.03225806451612903,30,30,AGCTGATTGCGCACAGCCAA,0,3494874
tfaE_stfE_predicted,0.03225806451612903,30,30,AGCGCATCAGATGGGTTATT,0,3537904
tfaE_stfE_predicted,0.03225806451612903,30,30,AGCACTAGCCGGCCCCGGAA,0,3502468
tfaE_stfE_predicted,0.03225806451612903,30,30,AGAGTCGGTACTCCCGTAGG,0,3515593
tfaE_stfE_predicted,0.03225806451612903,30,30,ACTCTGATAATATAAATGGT,0,3506680
tfaE_stfE_predicted,0.03225806451612903,30,30,ACTCCCATCACGACCCAGAT,0,3493544
tfaE_stfE_predicted,0.03225806451612903,30,30,ACTCACCCGGTGGTCTCCCA,0,3504836
tfaE_stfE_predicted,0.03225806451612903,30,30,ACGGTAGGGCAAGGTACTCG,0,3497676
tfaE_stfE_predicted,0.03225806451612903,30,30,ACGGAGTCCTGCATATCCTG,0,3507452
tfaE_stfE_predicted,0.03225806451612903,30,30,ACCTCGATGGCAGCATCATT,0,3498655
tfaE_stfE_predicted,0.03225806451612903,30,30,ACCGCACTCGGCTGAGCTGT,0,3475738
tfaE_stfE_predicted,0.03225806451612903,30,30,ACATTGCTCCGAATGTAGGC,0,3530792
tfaE_stfE_predicted,0.03225806451612903,30,30,ACAGGGAAGTCGAAAGGAAA,0,3486342
tfaE_stfE_predicted,0.03225806451612903,30,30,AAGGTCTACTACTCTAATTA,0,3493621
tfaE_stfE_predicted,0.03225806451612903,30,30,AACAAACGGGCATCGTTACG,0,3492830
tfaE_stfE_predicted,0.03333333333333333,29,29,TTGTCGAGGTTGGCGTTAGT,0,3505036
tfaE_stfE_predicted,0.03333333333333333,29,29,TTCGTTAGCGAGACCTGTCT,0,3479577
tfaE_stfE_predicted,0.03333333333333333,29,29,TTCGACCCGCCTTCGGGTGT,0,3505305
tfaE_stfE_predicted,0.03333333333333333,29,29,TTATTTGACTTCCGATACGT,0,3531406
tfaE_stfE_predicted,0.03333333333333333,29,29,TTATGTCAGTGAGTTGTTAC,0,3520385
tfaE_stfE_predicted,0.03333333333333333,29,29,TGGGTCCTGTACGAACAGTA,0,3538680
tfaE_stfE_predicted,0.03333333333333333,29,29,TGGCCTTAGGTTTGCTGGCC,0,3486482
tfaE_stfE_predicted,0.03333333333333333,29,29,TGATTGGAAACCTCGGGGCG,0,3470361
tfaE_stfE_predicted,0.03333333333333333,29,29,TGAGTGCGCCCGAACACACA,0,3512571
tfaE_stfE_predicted,0.03333333333333333,29,29,TCTTGTGTCTTACCGTTGCT,0,3468349
tfaE_stfE_predicted,0.03333333333333333,29,29,TCTAGATACGCAGAATGTTC,0,3485523
tfaE_stfE_predicted,0.03333333333333333,29,29,TCGTTCCCAGTCCATCATCG,0,3481687
tfaE_stfE_predicted,0.03333333333333333,29,29,TCGTCGAACGGATAGTTTCA,0,3509166
tfaE_stfE_predicted,0.03333333333333333,29,29,TCGGTAGGACGTGAATAGAC,0,3466979
tfaE_stfE_predicted,0.03333333333333333,29,29,TCGGGCACCTGAAATAGCTG,0,3484468
tfaE_stfE_predicted,0.03333333333333333,29,29,TCCTAGGCTTCACACTATAG,0,3484216
tfaE_stfE_predicted,0.03333333333333333,29,29,TCATTCTGTGCCAGATTCAA,0,3504211
tfaE_stfE_predicted,0.03333333333333333,29,29,TCAACTCTTTCGATAGTCAA,0,3534171
tfaE_stfE_predicted,0.03333333333333333,29,29,TATAGTCTGTTCATGTACTC,0,3467808
tfaE_stfE_predicted,0.03333333333333333,29,29,TATACGCCACGGGTACCACG,0,3536321
tfaE_stfE_predicted,0.03333333333333333,29,29,TAGCCATACGGTCTACCAGA,0,3505595
tfaE_stfE_predicted,0.03333333333333333,29,29,TACATTATGACGGTTGGTCC,0,3481053
tfaE_stfE_predicted,0.03333333333333333,29,29,GTTGCGCAACAGTGTGAGCT,0,3480689
tfaE_stfE_predicted,0.03333333333333333,29,29,GTTCGGGTGTTAGCGTTATG,0,3472633
tfaE_stfE_predicted,0.03333333333333333,29,29,GTTAGATAACGGTATTTGAA,0,3471266
tfaE_stfE_predicted,0.03333333333333333,29,29,GTGATTTTTCTGGAAGAAGT,0,3483523
tfaE_stfE_predicted,0.03333333333333333,29,29,GTCTCACGGTGTACCTGTTG,0,3531468
tfaE_stfE_predicted,0.03333333333333333,29,29,GTCGGGGTGTATATACTCCA,0,3482325
tfaE_stfE_predicted,0.03333333333333333,29,29,GTACAACCCCCTTTAAGGTT,0,3525300
tfaE_stfE_predicted,0.03333333333333333,29,29,GTAAGCAGATACACCGCTAT,0,3503747
tfaE_stfE_predicted,0.03333333333333333,29,29,GGTTCGGCCTTTAGCGACCT,0,3483474
tfaE_stfE_predicted,0.03333333333333333,29,29,GGTATGGACCATGGACAACT,0,3494801
tfaE_stfE_predicted,0.03333333333333333,29,29,GGCTGGGTGGTGATAGGCAT,0,3514825
tfaE_stfE_predicted,0.03333333333333333,29,29,GGCTCTTCGAAACCATGTCA,0,3511550
tfaE_stfE_predicted,0.03333333333333333,29,29,GGATGTCCCTGTAATGAGGA,0,3538152
tfaE_stfE_predicted,0.03333333333333333,29,29,GGATGAGACAAGTGCGGGTG,0,3501432
tfaE_stfE_predicted,0.03333333333333333,29,29,GGATAAGGGCAAACCTGGAG,0,3490214
tfaE_stfE_predicted,0.03333333333333333,29,29,GGAGGACTGGGTCGTCGCAT,0,3475702
tfaE_stfE_predicted,0.03333333333333333,29,29,GCGTGCTTTATTTCCGATCT,0,3481964
tfaE_stfE_predicted,0.03333333333333333,29,29,GCGGTAAGGGTCATCGCCCA,0,3488766
tfaE_stfE_predicted,0.03333333333333333,29,29,GCGACGCATGACGGTCCTAA,0,3530495
tfaE_stfE_predicted,0.03333333333333333,29,29,GCCAGGGGCGCAGTCACCAG,0,3517145
tfaE_stfE_predicted,0.03333333333333333,29,29,GCATAAAGATAAGTCCTGGG,0,3467351
tfaE_stfE_predicted,0.03333333333333333,29,29,GCACTGTTGGGATCGAGGTG,0,3493145
tfaE_stfE_predicted,0.03333333333333333,29,29,GATTGCCAATGCACAGCCAG,0,3502866
tfaE_stfE_predicted,0.03333333333333333,29,29,GAGTATGCCATAAGTTGTCC,0,3518373
tfaE_stfE_predicted,0.03333333333333333,29,29,GAGCATTGCTGCATTGCGAA,0,3504871
tfaE_stfE_predicted,0.03333333333333333,29,29,GACCGTGCCTAGGTGCTTCT,0,3489249
tfaE_stfE_predicted,0.03333333333333333,29,29,GACACTATCTGACGCCCATG,0,3475343
tfaE_stfE_predicted,0.03333333333333333,29,29,GAAGTCGTCGGCGGAAAGAG,0,3496666
tfaE_stfE_predicted,0.03333333333333333,29,29,CTTTTCTCCGAAAAACACTC,0,3482602
tfaE_stfE_predicted,0.03333333333333333,29,29,CTTGGTGTAAGGTAGGGGAG,0,3473504
tfaE_stfE_predicted,0.03333333333333333,29,29,CTGGGGTTGTTCGCAAAGTA,0,3475281
tfaE_stfE_predicted,0.03333333333333333,29,29,CTGGCAAGTACATGTGTGTG,0,3508302
tfaE_stfE_predicted,0.03333333333333333,29,29,CTGAACGGGAGGGGGTCAGG,0,3496848
tfaE_stfE_predicted,0.03333333333333333,29,29,CTCTCGATAACAATAAGTAA,0,3483066
tfaE_stfE_predicted,0.03333333333333333,29,29,CTCGACGCCAGATCCGAACA,0,3533784
tfaE_stfE_predicted,0.03333333333333333,29,29,CTAGCAGGTAGCACGGCCAA,0,3492443
tfaE_stfE_predicted,0.03333333333333333,29,29,CTAGCAGGCCCTCGGAGGGA,0,3471005
tfaE_stfE_predicted,0.03333333333333333,29,29,CGTCCATCTGCGATACGCGT,0,3477931
tfaE_stfE_predicted,0.03333333333333333,29,29,CGGTGATCTAACATCGAATA,0,3485113
tfaE_stfE_predicted,0.03333333333333333,29,29,CGGCTAATAACCTCAGTGGT,0,3480021
tfaE_stfE_predicted,0.03333333333333333,29,29,CGCTTGCGGGCACTCAGACG,0,3496900
tfaE_stfE_predicted,0.03333333333333333,29,29,CGACCTCTGGAGCTGGTGCG,0,3535579
tfaE_stfE_predicted,0.03333333333333333,29,29,CGACATTACCAAAACGTATG,0,3501879
tfaE_stfE_predicted,0.03333333333333333,29,29,CCTTAACCGGACGTCGCTGG,0,3516353
tfaE_stfE_predicted,0.03333333333333333,29,29,CCTACTCTACAATTAGGTCA,0,3484413
tfaE_stfE_predicted,0.03333333333333333,29,29,CCGCCAGAACCTCATCAATT,0,3473989
tfaE_stfE_predicted,0.03333333333333333,29,29,CCGACCGGCACTACGCACAC,0,3477250
tfaE_stfE_predicted,0.03333333333333333,29,29,CCGAAGACGCCAATCACTGA,0,3540040
tfaE_stfE_predicted,0.03333333333333333,29,29,CCCGAGGCGTGTATTCTGCA,0,3478504
tfaE_stfE_predicted,0.03333333333333333,29,29,CATATATCTCAGAACGTATC,0,3514963
tfaE_stfE_predicted,0.03333333333333333,29,29,CAGGACCTATCAAGAGCCCT,0,3535581
tfaE_stfE_predicted,0.03333333333333333,29,29,CAGCTTAGACGCGTTGCGGA,0,3482863
tfaE_stfE_predicted,0.03333333333333333,29,29,ATTTGTAGTGTCGCTGGCCT,0,3504011
tfaE_stfE_predicted,0.03333333333333333,29,29,ATTGGTCTGAATTCAACGTG,0,3538759
tfaE_stfE_predicted,0.03333333333333333,29,29,ATGTTCTTTTTCGTAGATGA,0,3489047
tfaE_stfE_predicted,0.03333333333333333,29,29,ATGGCGTGACAATGTTCCTA,0,3478142
tfaE_stfE_predicted,0.03333333333333333,29,29,ATGCTGACAGGAGGTGTCAT,0,3489654
tfaE_stfE_predicted,0.03333333333333333,29,29,ATCTCGAGAAGTTGGTGTTA,0,3499232
tfaE_stfE_predicted,0.03333333333333333,29,29,ATAGATGGGACTATCTTTAG,0,3481227
tfaE_stfE_predicted,0.03333333333333333,29,29,AGTTTGCGTTTCCGTATGTT,0,3533297
tfaE_stfE_predicted,0.03333333333333333,29,29,AGTTGTGAGTTGGCCCTAAG,0,3480203
tfaE_stfE_predicted,0.03333333333333333,29,29,AGTCCTTCGACAGGAGATGT,0,3479356
tfaE_stfE_predicted,0.03333333333333333,29,29,AGGAGGCAGATCTTTTCGGG,0,3490596
tfaE_stfE_predicted,0.03333333333333333,29,29,AGATCGCCGATCTAATTGTT,0,3538679
tfaE_stfE_predicted,0.03333333333333333,29,29,AGAAGTGACACTACGATTTC,0,3532788
tfaE_stfE_predicted,0.03333333333333333,29,29,ACTTGGCAACTAAATTGATT,0,3476183
tfaE_stfE_predicted,0.03333333333333333,29,29,ACTCCTTCCACTCGGTTCAC,0,3524868
tfaE_stfE_predicted,0.03333333333333333,29,29,ACGTGGTACGTCGGCTCTCG,0,3538821
tfaE_stfE_predicted,0.03333333333333333,29,29,ACGTACGCTGCATACACGGG,0,3529622
tfaE_stfE_predicted,0.03333333333333333,29,29,ACGCCAGCCGCTCTTGGCGT,0,3514722
tfaE_stfE_predicted,0.03333333333333333,29,29,ACGCATGTCTGCAGTAATTG,0,3524966
tfaE_stfE_predicted,0.03333333333333333,29,29,ACGCACTTGATTGAATCATT,0,3477645
tfaE_stfE_predicted,0.03333333333333333,29,29,ACGAATCTAGAGTCGGTATG,0,3486931
tfaE_stfE_predicted,0.03333333333333333,29,29,ACCCGAATTGGCTCAAAACT,0,3472284
tfaE_stfE_predicted,0.03333333333333333,29,29,ACCCCTGGGTAACTTATGTT,0,3509635
tfaE_stfE_predicted,0.03333333333333333,29,29,ACACACGGTGAGTGGCAGGC,0,3531669
tfaE_stfE_predicted,0.03333333333333333,29,29,AATGCCGACTTGCGCCTGAG,0,3516250
tfaE_stfE_predicted,0.03333333333333333,29,29,AATCTTGCCATGGGAGAGAA,0,3472280
tfaE_stfE_predicted,0.03333333333333333,29,29,AATATGTTGACAGTGAGTAT,0,3541235
tfaE_stfE_predicted,0.03333333333333333,29,29,AAGGGATGAGTAGGACCACT,0,3478055
tfaE_stfE_predicted,0.03333333333333333,29,29,AAGCACTCTTTTAGAAGAAT,0,3520836
tfaE_stfE_predicted,0.03333333333333333,29,29,AACTTCTATCAACTGCGCCT,0,3478274
tfaE_stfE_predicted,0.03333333333333333,29,29,AACACGAGTTAAGTATGCGT,0,3524788
tfaE_stfE_predicted,0.034482758620689655,28,28,TTTTAAAGTGTCTTAGTAAA,0,3477894
tfaE_stfE_predicted,0.034482758620689655,28,28,TTTCCGTACGGAGTCAGGAC,0,3470887
tfaE_stfE_predicted,0.034482758620689655,28,28,TTTCCGAGTATTTGGTAAGT,0,3468173
tfaE_stfE_predicted,0.034482758620689655,28,28,TTGTGTTCTGTTGATCATCA,0,3467841
tfaE_stfE_predicted,0.034482758620689655,28,28,TTGGTGAAATGGAATTGAGT,0,3522029
tfaE_stfE_predicted,0.034482758620689655,28,28,TTCCACTAACAACGGCACCA,0,3539482
tfaE_stfE_predicted,0.034482758620689655,28,28,TGTGTATTGGTAAGGAATAG,0,3526220
tfaE_stfE_predicted,0.034482758620689655,28,28,TGTATCTGTCTCTTTGCGGC,0,3510669
tfaE_stfE_predicted,0.034482758620689655,28,28,TGGGCCAACATTGCCGAGTG,0,3522860
tfaE_stfE_predicted,0.034482758620689655,28,28,TGCCTTTAAAATGAATTAAG,0,3531589
tfaE_stfE_predicted,0.034482758620689655,28,28,TGCATTTTATCGTAAACGAC,0,3499337
tfaE_stfE_predicted,0.034482758620689655,28,28,TGCAACCCCATGTCGGCCAA,0,3518055
tfaE_stfE_predicted,0.034482758620689655,28,28,TGATAAGTCCGTAGGCCTTA,0,3489354
tfaE_stfE_predicted,0.034482758620689655,28,28,TGAAGAGCAGACCAGCTGCA,0,3520912
tfaE_stfE_predicted,0.034482758620689655,28,28,TCTTGGACGGCGATCACGGT,0,3515353
tfaE_stfE_predicted,0.034482758620689655,28,28,TCTGCCCAATGGCCCAAGTG,0,3512193
tfaE_stfE_predicted,0.034482758620689655,28,28,TCGGTCAAACAATAGTGCAA,0,3470882
tfaE_stfE_predicted,0.034482758620689655,28,28,TCGCGGATGCATCGGTTCCA,0,3508078
tfaE_stfE_predicted,0.034482758620689655,28,28,TCGATAGCGGAGTAAGAAAA,0,3512835
tfaE_stfE_predicted,0.034482758620689655,28,28,TCCTCGCCGCGCGTGGTGAG,0,3489142
tfaE_stfE_predicted,0.034482758620689655,28,28,TCCAGCGGAGTGGTGGGATA,0,3505508
tfaE_stfE_predicted,0.034482758620689655,28,28,TCATGTGGAGCTAAACAGAA,0,3514655
tfaE_stfE_predicted,0.034482758620689655,28,28,TCAGAGTCAAGTGGCACACT,0,3492582
tfaE_stfE_predicted,0.034482758620689655,28,28,TATGGTATAGGGTAATGGAG,0,3479738
tfaE_stfE_predicted,0.034482758620689655,28,28,TATAAATGATCCGTGCACCG,0,3508353
tfaE_stfE_predicted,0.034482758620689655,28,28,TAGGCGGAGGGGGATTGCTC,0,3488838
tfaE_stfE_predicted,0.034482758620689655,28,28,TACTCCCATGTAGAAAGGAG,0,3495971
tfaE_stfE_predicted,0.034482758620689655,28,28,TACAATACCTAGGCAGAGAA,0,3503333
tfaE_stfE_predicted,0.034482758620689655,28,28,TAATGGGAGCGATGCTCACT,0,3483266
tfaE_stfE_predicted,0.034482758620689655,28,28,TAAGCTCCAGTAGGCTACGA,0,3466455
tfaE_stfE_predicted,0.034482758620689655,28,28,GTTCTGGATCGTCAGACTTA,0,3495421
tfaE_stfE_predicted,0.034482758620689655,28,28,GTGGTTTAGGTCAACTCGTT,0,3494906
tfaE_stfE_predicted,0.034482758620689655,28,28,GTCGGGGCAGGGGGGTAGTA,0,3522426
tfaE_stfE_predicted,0.034482758620689655,28,28,GTCGCTTTTCGGTTCGGTTA,0,3475297
tfaE_stfE_predicted,0.034482758620689655,28,28,GTCACCATCCGGATCGATAA,0,3507694
tfaE_stfE_predicted,0.034482758620689655,28,28,GTACCTCAAAGTGAGCCTAG,0,3527454
tfaE_stfE_predicted,0.034482758620689655,28,28,GTAAGACACTCAGTCTTGTC,0,3508091
tfaE_stfE_predicted,0.034482758620689655,28,28,GTAACCAGGCGTTTGAACAT,0,3512989
tfaE_stfE_predicted,0.034482758620689655,28,28,GGTTTGCAGTTACTTTCGAT,0,3468246
tfaE_stfE_predicted,0.034482758620689655,28,28,GGTCCCAATGTAACCTGCGC,0,3517644
tfaE_stfE_predicted,0.034482758620689655,28,28,GGGGGATTTGGTTCAGGTAG,0,3531161
tfaE_stfE_predicted,0.034482758620689655,28,28,GGGATCAAATTATTTGGTAA,0,3498049
tfaE_stfE_predicted,0.034482758620689655,28,28,GGCAGCGTTAGGATCTCTCC,0,3470222
tfaE_stfE_predicted,0.034482758620689655,28,28,GGACAATGCTGAGGACTCCA,0,3477994
tfaE_stfE_predicted,0.034482758620689655,28,28,GCTTGCTTAGGAAGTGCAGG,0,3508256
tfaE_stfE_predicted,0.034482758620689655,28,28,GCTATTCAACGTTGGCCGGA,0,3509378
tfaE_stfE_predicted,0.034482758620689655,28,28,GCCGGTTCTATTGCTGGAAT,0,3501575
tfaE_stfE_predicted,0.034482758620689655,28,28,GCCCTAGGTACATTGGTGTA,0,3496149
tfaE_stfE_predicted,0.034482758620689655,28,28,GCCCGAGTTGTCGGAAACTC,0,3487427
tfaE_stfE_predicted,0.034482758620689655,28,28,GCAACGTGTTTTAGGTGCCA,0,3473935
tfaE_stfE_predicted,0.034482758620689655,28,28,GATCGGGTTGAGAGCAACGT,0,3514649
tfaE_stfE_predicted,0.034482758620689655,28,28,GATCGGCGCGCATAAATCTA,0,3484897
tfaE_stfE_predicted,0.034482758620689655,28,28,GATCCTAATGTAAGTACGGT,0,3505202
tfaE_stfE_predicted,0.034482758620689655,28,28,GACGCTGGCCGGCTCTTGAA,0,3527123
tfaE_stfE_predicted,0.034482758620689655,28,28,GACGACGCTTGGCTTCACCC,0,3512933
tfaE_stfE_predicted,0.034482758620689655,28,28,GAAACGAATCCCAGGCCGTA,0,3475141
tfaE_stfE_predicted,0.034482758620689655,28,28,CTTCAGTGGTAATCGCACTT,0,3518722
tfaE_stfE_predicted,0.034482758620689655,28,28,CTCGTAACTAAGATTACATG,0,3530583
tfaE_stfE_predicted,0.034482758620689655,28,28,CTCCCCCGGCACGACAGGTT,0,3476350
tfaE_stfE_predicted,0.034482758620689655,28,28,CTCCACATCGAGGGGATGGT,0,3532757
tfaE_stfE_predicted,0.034482758620689655,28,28,CTAGTTAGGACCTGTGAATA,0,3515906
tfaE_stfE_predicted,0.034482758620689655,28,28,CTAACGAGTCGTAACGATGA,0,3524155
tfaE_stfE_predicted,0.034482758620689655,28,28,CTAACCGGTTGTGTCGGTGG,0,3534183
tfaE_stfE_predicted,0.034482758620689655,28,28,CGTGTTCTTTCCCTTTCTAG,0,3475398
tfaE_stfE_predicted,0.034482758620689655,28,28,CGTAGTGAGACGTAGCTACA,0,3484574
tfaE_stfE_predicted,0.034482758620689655,28,28,CGGGGAGGTTTCCGGGATTA,0,3473503
tfaE_stfE_predicted,0.034482758620689655,28,28,CGGCTATGCCTGGGACGCAG,0,3533017
tfaE_stfE_predicted,0.034482758620689655,28,28,CGCCTTTAATTCAACTGTTA,0,3480748
tfaE_stfE_predicted,0.034482758620689655,28,28,CGAGCGGCGCCTTTTAGTGG,0,3478692
tfaE_stfE_predicted,0.034482758620689655,28,28,CCGCAGCTACATTTAGCACA,0,3472832
tfaE_stfE_predicted,0.034482758620689655,28,28,CCCCCACCCACGTCCGCATA,0,3504340
tfaE_stfE_predicted,0.034482758620689655,28,28,CCCATATATAGCGAAGGGAC,0,3534410
tfaE_stfE_predicted,0.034482758620689655,28,28,CCACTGACCTCACGGCACAT,0,3485103
tfaE_stfE_predicted,0.034482758620689655,28,28,CATAGTAGCGCCGTCGGCAA,0,3537691
tfaE_stfE_predicted,0.034482758620689655,28,28,CAGCTGTATTCTTGCCAGCG,0,3507568
tfaE_stfE_predicted,0.034482758620689655,28,28,CACTGTCTCGGTGGGAGAGA,0,3502320
tfaE_stfE_predicted,0.034482758620689655,28,28,CACGGTGAGCGTGACGCTGG,0,3496348
tfaE_stfE_predicted,0.034482758620689655,28,28,CACCTGCTTGGAGGTATGGA,0,3532762
tfaE_stfE_predicted,0.034482758620689655,28,28,CACCTAGGAACCAGCGGCCT,0,3494640
tfaE_stfE_predicted,0.034482758620689655,28,28,CAATTGAGGCCGCGTACAGG,0,3472106
tfaE_stfE_predicted,0.034482758620689655,28,28,ATTTTCAATAAATGTGGTCG,0,3491969
tfaE_stfE_predicted,0.034482758620689655,28,28,ATGGGTATGTCACATCTCCC,0,3500088
tfaE_stfE_predicted,0.034482758620689655,28,28,ATGCGGTCAGCGTGTGTTTT,0,3471409
tfaE_stfE_predicted,0.034482758620689655,28,28,ATGCCACTTAAGCAAGCACA,0,3473449
tfaE_stfE_predicted,0.034482758620689655,28,28,ATCTGAAAATCCTGCGCGTT,0,3485064
tfaE_stfE_predicted,0.034482758620689655,28,28,ATCATCGACCTTCGGAACCT,0,3539982
tfaE_stfE_predicted,0.034482758620689655,28,28,ATACCTGCCGACACAACTGT,0,3496184
tfaE_stfE_predicted,0.034482758620689655,28,28,ATAACCAGGGTAACTAAGGA,0,3514274
tfaE_stfE_predicted,0.034482758620689655,28,28,AGTCTCACGGGGCTGCGCAG,0,3495741
tfaE_stfE_predicted,0.034482758620689655,28,28,AGTACTACGATCACATGGCT,0,3515904
tfaE_stfE_predicted,0.034482758620689655,28,28,AGGTGGGGCGCCCTAGTGAT,0,3482606
tfaE_stfE_predicted,0.034482758620689655,28,28,AGACGTTGAGCACATGTAGG,0,3472423
tfaE_stfE_predicted,0.034482758620689655,28,28,ACGTGCTCTGCGGGAGCCTA,0,3508175
tfaE_stfE_predicted,0.034482758620689655,28,28,ACGGAAAACACTCCCGCCCC,0,3485544
tfaE_stfE_predicted,0.034482758620689655,28,28,ACGCGGTCCGATGCTTTGAA,0,3502311
tfaE_stfE_predicted,0.034482758620689655,28,28,ACGCATGCGCGGAGTCCGAT,0,3484071
tfaE_stfE_predicted,0.034482758620689655,28,28,ACGACGGTGTGCTTGCTGTT,0,3494957
tfaE_stfE_predicted,0.034482758620689655,28,28,ACCACCCTGGCATCTTCGAT,0,3474835
tfaE_stfE_predicted,0.034482758620689655,28,28,ACAGTGGCAGGGAGTGACAG,0,3472449
tfaE_stfE_predicted,0.034482758620689655,28,28,ACACCAGCAGATATCCCCGT,0,3515332
tfaE_stfE_predicted,0.034482758620689655,28,28,AATATATGTGGATGCCACCC,0,3477789
tfaE_stfE_predicted,0.034482758620689655,28,28,AAGTATTTTGCGGTAATATA,0,3496369
tfaE_stfE_predicted,0.034482758620689655,28,28,AAGACAGGCCACGGAATTAT,0,3477844
tfaE_stfE_predicted,0.034482758620689655,28,28,AAAGTTTCGCCTCCCTGCCG,0,3537035
tfaE_stfE_predicted,0.034482758620689655,28,28,AAAGTAATCTAGAACTATGT,0,3506131
tfaE_stfE_predicted,0.034482758620689655,28,28,AAAGGCACTAGGATTCGAAA,0,3501121
tfaE_stfE_predicted,0.034482758620689655,28,28,AAACTTAAACGAAATTTGCT,0,3513432
tfaE_stfE_predicted,0.034482758620689655,28,28,AAAAGAACGTGGGTTGCCCA,0,3475617
tfaE_stfE_predicted,0.03571428571428571,27,27,TTGTTCATTGGCGGGCATGC,0,3478744
tfaE_stfE_predicted,0.03571428571428571,27,27,TTGATTTTTGGAGCGGCACC,0,3477444
tfaE_stfE_predicted,0.03571428571428571,27,27,TTCTTCTGATTACCGGGGTT,0,3526067
tfaE_stfE_predicted,0.03571428571428571,27,27,TTCGATCGACCAGAGCGTAC,0,3466685
tfaE_stfE_predicted,0.03571428571428571,27,27,TTCCCCGAAATGAGGCTGAA,0,3510390
tfaE_stfE_predicted,0.03571428571428571,27,27,TTATCATCTCCACGGCAGGG,0,3506481
tfaE_stfE_predicted,0.03571428571428571,27,27,TGTTTCTGAATAATAACCAG,0,3502515
tfaE_stfE_predicted,0.03571428571428571,27,27,TGTTGCCGCAAAACAGTCGT,0,3479780
tfaE_stfE_predicted,0.03571428571428571,27,27,TGATGTGTCAGCGGTGAGCA,0,3522677
tfaE_stfE_predicted,0.03571428571428571,27,27,TGAAACCACTCTGCATACTC,0,3478476
tfaE_stfE_predicted,0.03571428571428571,27,27,TCTAGCGCGCGCCTCCATTC,0,3476613
tfaE_stfE_predicted,0.03571428571428571,27,27,TCTAAGGTATCGAAGGCGCA,0,3476909
tfaE_stfE_predicted,0.03571428571428571,27,27,TCGTTATCCGGGCAGTGGGA,0,3480785
tfaE_stfE_predicted,0.03571428571428571,27,27,TCCAATACCGCAGCATCCAC,0,3511056
tfaE_stfE_predicted,0.03571428571428571,27,27,TCATAGTGTTCGCGGACCTT,0,3496465
tfaE_stfE_predicted,0.03571428571428571,27,27,TCACCACATGCGAAGCGCGC,0,3517857
tfaE_stfE_predicted,0.03571428571428571,27,27,TCACACGTAAGGGGGGTTAG,0,3496050
tfaE_stfE_predicted,0.03571428571428571,27,27,TATGTTTATAGACGGCAACA,0,3541080
tfaE_stfE_predicted,0.03571428571428571,27,27,TATGGAAGAGCTGTCAGCCA,0,3509211
tfaE_stfE_predicted,0.03571428571428571,27,27,TATATCATATCCCCCACTAT,0,3470221
tfaE_stfE_predicted,0.03571428571428571,27,27,TACCTACACTGTGGTTTGGT,0,3470310
tfaE_stfE_predicted,0.03571428571428571,27,27,TAATTCTACATAAGCTTCGG,0,3523723
tfaE_stfE_predicted,0.03571428571428571,27,27,TAATGTGAGGTAGTGCTTCT,0,3489882
tfaE_stfE_predicted,0.03571428571428571,27,27,TAATGCTAGTCTAGTAGCAT,0,3512694
tfaE_stfE_predicted,0.03571428571428571,27,27,GTTTTCAGTTTCCTGAACGC,0,3491066
tfaE_stfE_predicted,0.03571428571428571,27,27,GTTTCTCGGAGTCTCCTGAT,0,3496049
tfaE_stfE_predicted,0.03571428571428571,27,27,GTTAGTGTGCCACCCCCGGG,0,3479777
tfaE_stfE_predicted,0.03571428571428571,27,27,GTTAATGGAGGCGGGGAGAC,0,3538013
tfaE_stfE_predicted,0.03571428571428571,27,27,GTGGCAAGACACTCAGGACC,0,3499914
tfaE_stfE_predicted,0.03571428571428571,27,27,GTGCACCAATTGTGTACGGT,0,3476466
tfaE_stfE_predicted,0.03571428571428571,27,27,GTCGCCATGAGTCTCTGCTG,0,3493996
tfaE_stfE_predicted,0.03571428571428571,27,27,GTCAGAGTTACAGTGTTCCC,0,3530319
tfaE_stfE_predicted,0.03571428571428571,27,27,GTCACTGGCTTCAAGGCGGA,0,3487464
tfaE_stfE_predicted,0.03571428571428571,27,27,GGTCGTGACAGGCAGCTGCT,0,3481243
tfaE_stfE_predicted,0.03571428571428571,27,27,GGGTACTATAGGTTAGAAAC,0,3531802
tfaE_stfE_predicted,0.03571428571428571,27,27,GGGTAAGACGACCCGGGGTC,0,3493302
tfaE_stfE_predicted,0.03571428571428571,27,27,GGGGGGACGGCCATAGCGGA,0,3515338
tfaE_stfE_predicted,0.03571428571428571,27,27,GGGCAGAGCTCACGCACGGT,0,3511608
tfaE_stfE_predicted,0.03571428571428571,27,27,GGGCACGGTAGAGCGGCGTA,0,3489788
tfaE_stfE_predicted,0.03571428571428571,27,27,GGGATGGGTCCACTGTATGC,0,3482109
tfaE_stfE_predicted,0.03571428571428571,27,27,GGGAGCAACGGAACTGCGCT,0,3496285
tfaE_stfE_predicted,0.03571428571428571,27,27,GGCTCGTATGATGACTGACT,0,3528078
tfaE_stfE_predicted,0.03571428571428571,27,27,GGCGCCGCGACGCGCACCAG,0,3494414
tfaE_stfE_predicted,0.03571428571428571,27,27,GGCATTTGACAGGGTCGTGT,0,3471351
tfaE_stfE_predicted,0.03571428571428571,27,27,GGAAAATATTCAGCGCTGTG,0,3505426
tfaE_stfE_predicted,0.03571428571428571,27,27,GCTGGGGTGACTTGACCATG,0,3528814
tfaE_stfE_predicted,0.03571428571428571,27,27,GCGTGAGGAGACAGTATATA,0,3477647
tfaE_stfE_predicted,0.03571428571428571,27,27,GCCGCCAGTGGAAAAACGAT,0,3496705
tfaE_stfE_predicted,0.03571428571428571,27,27,GCCCAGGCGTAACACCCCGT,0,3497934
tfaE_stfE_predicted,0.03571428571428571,27,27,GCATTTACTCTTCTAATATT,0,3507202
tfaE_stfE_predicted,0.03571428571428571,27,27,GCAGTTAAACGCGGCCCTTT,0,3525614
tfaE_stfE_predicted,0.03571428571428571,27,27,GCACCAAGGTCTGGAGAACA,0,3514574
tfaE_stfE_predicted,0.03571428571428571,27,27,GATCGTCGAAAGGCGTGTAA,0,3491722
tfaE_stfE_predicted,0.03571428571428571,27,27,GAGGGTCAATCGGGAACAAT,0,3532546
tfaE_stfE_predicted,0.03571428571428571,27,27,GACGGGCAACCGTCCGGGCT,0,3524790
tfaE_stfE_predicted,0.03571428571428571,27,27,GAATTTCCTATGGCGAAGCG,0,3532030
tfaE_stfE_predicted,0.03571428571428571,27,27,CTGGAGAAACATCTATTAGC,0,3485445
tfaE_stfE_predicted,0.03571428571428571,27,27,CTGCATCAGCGACCCGCAAT,0,3520538
tfaE_stfE_predicted,0.03571428571428571,27,27,CTGATTTAAGAGCTGAAGGA,0,3480734
tfaE_stfE_predicted,0.03571428571428571,27,27,CTGAGTCGTAAGAAATACAT,0,3474567
tfaE_stfE_predicted,0.03571428571428571,27,27,CTCAGAGGGTTGACATCATG,0,3493789
tfaE_stfE_predicted,0.03571428571428571,27,27,CGTGTGCCCTACTTTATTCC,0,3524372
tfaE_stfE_predicted,0.03571428571428571,27,27,CGTATTCACGCCATCTTTTA,0,3478483
tfaE_stfE_predicted,0.03571428571428571,27,27,CGTAGCTCAGCCGGGAACGT,0,3501762
tfaE_stfE_predicted,0.03571428571428571,27,27,CGTACGCCTGAGATCAACTT,0,3489143
tfaE_stfE_predicted,0.03571428571428571,27,27,CGTAACACCATTTACACTGG,0,3476816
tfaE_stfE_predicted,0.03571428571428571,27,27,CGGGTCCACGTTGATACAGT,0,3540846
tfaE_stfE_predicted,0.03571428571428571,27,27,CGGGAGCGATCTATTTATAT,0,3525136
tfaE_stfE_predicted,0.03571428571428571,27,27,CGGCCAGGCCAAATCACGGG,0,3537807
tfaE_stfE_predicted,0.03571428571428571,27,27,CGGCAATGATGCTACAAAAC,0,3481833
tfaE_stfE_predicted,0.03571428571428571,27,27,CGCTAGCCCAACCCAACGTT,0,3497589
tfaE_stfE_predicted,0.03571428571428571,27,27,CGACACAACGTTATGTATTG,0,3530780
tfaE_stfE_predicted,0.03571428571428571,27,27,CCTGGGATATTTTCATCCAG,0,3486928
tfaE_stfE_predicted,0.03571428571428571,27,27,CCTGCTGTCGGGACACCGTT,0,3472475
tfaE_stfE_predicted,0.03571428571428571,27,27,CCTAGACCCGCCACCAGAGT,0,3467285
tfaE_stfE_predicted,0.03571428571428571,27,27,CCTACTACGTGCTCACGTCA,0,3500370
tfaE_stfE_predicted,0.03571428571428571,27,27,CCGGTGCTTTAGGGCATAAG,0,3491129
tfaE_stfE_predicted,0.03571428571428571,27,27,CCCTTTAGGCTGACGCTTCG,0,3476248
tfaE_stfE_predicted,0.03571428571428571,27,27,CCATCCGCGGGACATTAGAG,0,3524907
tfaE_stfE_predicted,0.03571428571428571,27,27,CCAGTCGGTGGGGTCAAAAT,0,3467824
tfaE_stfE_predicted,0.03571428571428571,27,27,CCAGAGCATCGCGTAGATCG,0,3487864
tfaE_stfE_predicted,0.03571428571428571,27,27,CCACCACCTACGTGCCCGAG,0,3486647
tfaE_stfE_predicted,0.03571428571428571,27,27,CATTGGGGGTATAGTGGAAG,0,3508938
tfaE_stfE_predicted,0.03571428571428571,27,27,CATTGCAGCCGGTGCGGAGG,0,3509927
tfaE_stfE_predicted,0.03571428571428571,27,27,CATACCTAAAGTGTGAGGAG,0,3471940
tfaE_stfE_predicted,0.03571428571428571,27,27,CAGTGATGGACTAAAAAGAG,0,3536131
tfaE_stfE_predicted,0.03571428571428571,27,27,CAGTATAGTGACGACACCAC,0,3486807
tfaE_stfE_predicted,0.03571428571428571,27,27,CAGGGCAACACACTTTGAGC,0,3474138
tfaE_stfE_predicted,0.03571428571428571,27,27,CAGGATGGTCAATCGACAAG,0,3507749
tfaE_stfE_predicted,0.03571428571428571,27,27,CACGATTCAGTCTGTTGGAA,0,3528306
tfaE_stfE_predicted,0.03571428571428571,27,27,CACAGGGCAAGCGGCTCGGA,0,3476510
tfaE_stfE_predicted,0.03571428571428571,27,27,CAATTACTCACCTCAGGATC,0,3540388
tfaE_stfE_predicted,0.03571428571428571,27,27,CAACGTAACTTTCTACTAAG,0,3479248
tfaE_stfE_predicted,0.03571428571428571,27,27,ATTCCCTGACTCTAACACTC,0,3505496
tfaE_stfE_predicted,0.03571428571428571,27,27,ATTAGGCCAAGACGTCCTTA,0,3484511
tfaE_stfE_predicted,0.03571428571428571,27,27,ATGTGTGCCTCACGGAAGTC,0,3521434
tfaE_stfE_predicted,0.03571428571428571,27,27,ATGTAGTTTAACTCGATGGG,0,3515990
tfaE_stfE_predicted,0.03571428571428571,27,27,ATGGCGAACATAACAGGAGC,0,3498017
tfaE_stfE_predicted,0.03571428571428571,27,27,ATCTGTCGTACGGCGCAACG,0,3514500
tfaE_stfE_predicted,0.03571428571428571,27,27,ATCGGGGAGCGGCTGCATTA,0,3510659
tfaE_stfE_predicted,0.03571428571428571,27,27,ATCAATAGAGATCGCTCTTC,0,3485066
tfaE_stfE_predicted,0.03571428571428571,27,27,ATAGTGTTGGAGATACCCGG,0,3482238
tfaE_stfE_predicted,0.03571428571428571,27,27,ATAGTGGTGACCTCCTACGT,0,3510300
tfaE_stfE_predicted,0.03571428571428571,27,27,ATAGGGTAAACTATGCGTTG,0,3484464
tfaE_stfE_predicted,0.03571428571428571,27,27,ATACACAAGGACACGGTCAG,0,3499931
tfaE_stfE_predicted,0.03571428571428571,27,27,AGTGGGCCTTTTCGAGTCCA,0,3491635
tfaE_stfE_predicted,0.03571428571428571,27,27,AGTGACGGATGTATTTAGTC,0,3532895
tfaE_stfE_predicted,0.03571428571428571,27,27,AGCACAAACTTGGATGTTAC,0,3510223
tfaE_stfE_predicted,0.03571428571428571,27,27,AGCAAGGGCTTGATATTTAA,0,3477321
tfaE_stfE_predicted,0.03571428571428571,27,27,AGATTACGCGCTGGGTGCCT,0,3479663
tfaE_stfE_predicted,0.03571428571428571,27,27,AGATGAGATTTAGGATTAGT,0,3506081
tfaE_stfE_predicted,0.03571428571428571,27,27,AGAGTTATGTCTATGTTGCG,0,3516791
tfaE_stfE_predicted,0.03571428571428571,27,27,AGAGCGGTGCATGGGTGAAA,0,3500313
tfaE_stfE_predicted,0.03571428571428571,27,27,AGACTGTTCTGGTTCTTCTT,0,3524127
tfaE_stfE_predicted,0.03571428571428571,27,27,ACTTGCCTAAACCGATGGGA,0,3479659
tfaE_stfE_predicted,0.03571428571428571,27,27,ACTTATCTGTTAGAGCGTGC,0,3489089
tfaE_stfE_predicted,0.03571428571428571,27,27,ACTTAAGGGTGGCGCGTACC,0,3490343
tfaE_stfE_predicted,0.03571428571428571,27,27,ACGGACTTTGACCGTGGAGT,0,3497886
tfaE_stfE_predicted,0.03571428571428571,27,27,ACGAGATCTAACCGAGACTC,0,3518436
tfaE_stfE_predicted,0.03571428571428571,27,27,ACATGGCCACATGGACTTTA,0,3513909
tfaE_stfE_predicted,0.03571428571428571,27,27,ACAAGTCGTCCCGAAGTGGA,0,3536981
tfaE_stfE_predicted,0.03571428571428571,27,27,AAGTTTGTTCTGTGAGGCCT,0,3522985
tfaE_stfE_predicted,0.03571428571428571,27,27,AAGATGTTTCACCCTTGTCT,0,3490134
tfaE_stfE_predicted,0.03571428571428571,27,27,AACCTACTATCTTTATTACA,0,3466892
tfaE_stfE_predicted,0.03571428571428571,27,27,AAACGAGCCGGCAAGGGCGA,0,3540351
tfaE_stfE_predicted,0.037037037037037035,26,26,TTTGGGGGCTAAATGCGCTT,0,3488322
tfaE_stfE_predicted,0.037037037037037035,26,26,TTTGAGATTCATTTTCGCCT,0,3487867
tfaE_stfE_predicted,0.037037037037037035,26,26,TTTCTACTTGGATACAGTGC,0,3519472
tfaE_stfE_predicted,0.037037037037037035,26,26,TTTCCGACATGGCATAACGC,0,3477055
tfaE_stfE_predicted,0.037037037037037035,26,26,TTTAGTTTCTTATCTCACTC,0,3468060
tfaE_stfE_predicted,0.037037037037037035,26,26,TTGGCACGAGGCAGATGTGC,0,3488543
tfaE_stfE_predicted,0.037037037037037035,26,26,TTCTGTGTGTAAAAACTCCC,0,3477161
tfaE_stfE_predicted,0.037037037037037035,26,26,TTCGTGATTCATAGGGGCAT,0,3482104
tfaE_stfE_predicted,0.037037037037037035,26,26,TTCCGGCTATCTGTCGCTAT,0,3518901
tfaE_stfE_predicted,0.037037037037037035,26,26,TTCCCGTCGGACGGATATAG,0,3475554
tfaE_stfE_predicted,0.037037037037037035,26,26,TTCACGTCCCCTGTACTTGC,0,3510338
tfaE_stfE_predicted,0.037037037037037035,26,26,TTACCGGCCGTCTTTGACGT,0,3484166
tfaE_stfE_predicted,0.037037037037037035,26,26,TTAACCCGGTTTAGCATCCA,0,3480355
tfaE_stfE_predicted,0.037037037037037035,26,26,TGTTCCCAGATAATGGGAGA,0,3509137
tfaE_stfE_predicted,0.037037037037037035,26,26,TGGGTGCGTTGTAATCACAG,0,3499972
tfaE_stfE_predicted,0.037037037037037035,26,26,TGGCTATTTAATGCTAATCT,0,3496791
tfaE_stfE_predicted,0.037037037037037035,26,26,TGGCGTCAATCATCCATCCA,0,3492577
tfaE_stfE_predicted,0.037037037037037035,26,26,TGGCCTTCCTTGCGCGCGCG,0,3494185
tfaE_stfE_predicted,0.037037037037037035,26,26,TGGAGTTAGGCTCTGAAGTC,0,3521609
tfaE_stfE_predicted,0.037037037037037035,26,26,TGCTGCCTTCGAAGGATAAT,0,3486479
tfaE_stfE_predicted,0.037037037037037035,26,26,TGCGTCAATAACCATTGGTA,0,3470553
tfaE_stfE_predicted,0.037037037037037035,26,26,TGCGCTAGACCAGTTTCTGG,0,3477702
tfaE_stfE_predicted,0.037037037037037035,26,26,TGCCTATGCGGAATCCTGCT,0,3479189
tfaE_stfE_predicted,0.037037037037037035,26,26,TGAGTTGGCTCACTTCCATC,0,3476238
tfaE_stfE_predicted,0.037037037037037035,26,26,TCTTTACATAGCTTCTTGAA,0,3513716
tfaE_stfE_predicted,0.037037037037037035,26,26,TCTTATGCAGTCTTTAGTTT,0,3505465
tfaE_stfE_predicted,0.037037037037037035,26,26,TCTGGCGGTAGTACACACAT,0,3534900
tfaE_stfE_predicted,0.037037037037037035,26,26,TCTGGAGTAGGAGGAAACCC,0,3491773
tfaE_stfE_predicted,0.037037037037037035,26,26,TCTCCAAGGACATGCAACTT,0,3537504
tfaE_stfE_predicted,0.037037037037037035,26,26,TCGGTAGCCCTGTGATGCGG,0,3526768
tfaE_stfE_predicted,0.037037037037037035,26,26,TCGGCCACGAAGCTGGCACG,0,3535816
tfaE_stfE_predicted,0.037037037037037035,26,26,TCCGTCACCGTGGCTAGAGT,0,3497319
tfaE_stfE_predicted,0.037037037037037035,26,26,TCCCTACGAACTCGGATAGA,0,3523085
tfaE_stfE_predicted,0.037037037037037035,26,26,TCACCTGTCGTGCCGCAAAC,0,3524800
tfaE_stfE_predicted,0.037037037037037035,26,26,TCACCTCTATGACTAGCTGT,0,3489229
tfaE_stfE_predicted,0.037037037037037035,26,26,TCAAGCGCGATAGTCACACA,0,3480205
tfaE_stfE_predicted,0.037037037037037035,26,26,TATTGCCTGACGCGCAATGG,0,3475438
tfaE_stfE_predicted,0.037037037037037035,26,26,TATCTCCTTGCTTGCAGGAC,0,3534996
tfaE_stfE_predicted,0.037037037037037035,26,26,TAGGCTTTGAGTCCATTTCG,0,3473633
tfaE_stfE_predicted,0.037037037037037035,26,26,TAGCTTTATCCAAAGCCACG,0,3529690
tfaE_stfE_predicted,0.037037037037037035,26,26,TAGCATAATCGTTATCACAG,0,3471158
tfaE_stfE_predicted,0.037037037037037035,26,26,TACCTTGTCGATTCTATGAA,0,3523321
tfaE_stfE_predicted,0.037037037037037035,26,26,TACCGGCGCAAGGCACCCTG,0,3516730
tfaE_stfE_predicted,0.037037037037037035,26,26,TAAATTGGTTGTGGCTGCGT,0,3529400
tfaE_stfE_predicted,0.037037037037037035,26,26,GTTTAGACCAGTGTACCCAA,0,3494116
tfaE_stfE_predicted,0.037037037037037035,26,26,GTTCAAAATGGAAATTGGAC,0,3489735
tfaE_stfE_predicted,0.037037037037037035,26,26,GTGTGTGCAAGGGGGTTCGT,0,3527142
tfaE_stfE_predicted,0.037037037037037035,26,26,GTCTGGGCAGGGCTATTAGA,0,3469890
tfaE_stfE_predicted,0.037037037037037035,26,26,GTCGTCCGACTTAACTGGGA,0,3534910
tfaE_stfE_predicted,0.037037037037037035,26,26,GTATTCAATTGAAGCCTCAA,0,3518168
tfaE_stfE_predicted,0.037037037037037035,26,26,GTACCTAATCTGGAGGTTTA,0,3477996
tfaE_stfE_predicted,0.037037037037037035,26,26,GTAATAATAAGTATTCCATG,0,3528210
tfaE_stfE_predicted,0.037037037037037035,26,26,GGTTCAGCTGTTCAGCGGTG,0,3527290
tfaE_stfE_predicted,0.037037037037037035,26,26,GGTGCGGCTGGGTCTACTAC,0,3510503
tfaE_stfE_predicted,0.037037037037037035,26,26,GGTATCTTAGTTCCTTGTAT,0,3476036
tfaE_stfE_predicted,0.037037037037037035,26,26,GGTAAGAAGAAGGCCCGCAT,0,3492964
tfaE_stfE_predicted,0.037037037037037035,26,26,GGGGGCTCATGACAAGCAAG,0,3518368
tfaE_stfE_predicted,0.037037037037037035,26,26,GGGCCGTGCTCCTGCTGCTC,0,3515688
tfaE_stfE_predicted,0.037037037037037035,26,26,GGGCAGCTTGATATATTAAG,0,3511967
tfaE_stfE_predicted,0.037037037037037035,26,26,GGGAGTTAGACCTGTCCACA,0,3507034
tfaE_stfE_predicted,0.037037037037037035,26,26,GGGAGCCCCGTCGCTGACCA,0,3512887
tfaE_stfE_predicted,0.037037037037037035,26,26,GGGAATTGGTTACACGGAAA,0,3503401
tfaE_stfE_predicted,0.037037037037037035,26,26,GGCTTTGAACTGGAGCGGGC,0,3505301
tfaE_stfE_predicted,0.037037037037037035,26,26,GGCCGGAGACGCGAGAGCCC,0,3470402
tfaE_stfE_predicted,0.037037037037037035,26,26,GGCAGAGCAACGGGGGGCCA,0,3499230
tfaE_stfE_predicted,0.037037037037037035,26,26,GGACCGAGGGACATAGATCT,0,3492089
tfaE_stfE_predicted,0.037037037037037035,26,26,GGAAGTTTTCCAAACCGTTC,0,3495386
tfaE_stfE_predicted,0.037037037037037035,26,26,GCGTACAATCCTGCTGTATA,0,3501758
tfaE_stfE_predicted,0.037037037037037035,26,26,GCGGGGACCTTAAATACAAC,0,3501423
tfaE_stfE_predicted,0.037037037037037035,26,26,GCGGCACGCACATTCTTCGA,0,3473953
tfaE_stfE_predicted,0.037037037037037035,26,26,GCGCCCTTAGCCGAACATAT,0,3486558
tfaE_stfE_predicted,0.037037037037037035,26,26,GCGCACCACCTCCCATGGAG,0,3495170
tfaE_stfE_predicted,0.037037037037037035,26,26,GCGACTCTAGTCGTGAATTC,0,3506981
tfaE_stfE_predicted,0.037037037037037035,26,26,GCCTATGCCTAGAGTGCATC,0,3492522
tfaE_stfE_predicted,0.037037037037037035,26,26,GCCCGACTAAACTAAATGTA,0,3506023
tfaE_stfE_predicted,0.037037037037037035,26,26,GCAGGTGTCAGTGCTTATCG,0,3470649
tfaE_stfE_predicted,0.037037037037037035,26,26,GATTATCTGTGGCCGTCTAG,0,3533704
tfaE_stfE_predicted,0.037037037037037035,26,26,GATATATAGCATCCGGTGCT,0,3529513
tfaE_stfE_predicted,0.037037037037037035,26,26,GAGTTTGCGCAAATTTACTT,0,3520736
tfaE_stfE_predicted,0.037037037037037035,26,26,GAGGCACACGTTGTCTGAAC,0,3534679
tfaE_stfE_predicted,0.037037037037037035,26,26,GAGAAAGGGATGGAGACTAG,0,3523284
tfaE_stfE_predicted,0.037037037037037035,26,26,GACTGGTTCAAAACAACCTC,0,3489578
tfaE_stfE_predicted,0.037037037037037035,26,26,GAATCCTCAATTAGGTTTGT,0,3506180
tfaE_stfE_predicted,0.037037037037037035,26,26,GAAGGGCCTGCGAGGTGAAT,0,3475401
tfaE_stfE_predicted,0.037037037037037035,26,26,GAAAATATAGAACTAAATTA,0,3467485
tfaE_stfE_predicted,0.037037037037037035,26,26,CTTTTCGTTTGCGATAGGTA,0,3482778
tfaE_stfE_predicted,0.037037037037037035,26,26,CTTCCTATACCTGAAGCACG,0,3519060
tfaE_stfE_predicted,0.037037037037037035,26,26,CTTACACGCAGGCCTCACTA,0,3473725
tfaE_stfE_predicted,0.037037037037037035,26,26,CTGTGTGCGTGTAAGCATTG,0,3503205
tfaE_stfE_predicted,0.037037037037037035,26,26,CTGGCCACCGTCGCGCGTCC,0,3494511
tfaE_stfE_predicted,0.037037037037037035,26,26,CTGCAACTCCTGACGGGGTT,0,3495676
tfaE_stfE_predicted,0.037037037037037035,26,26,CTGACAGATGTTTACACGCC,0,3494411
tfaE_stfE_predicted,0.037037037037037035,26,26,CTCCTTCAGTCTAGAAAGAC,0,3470474
tfaE_stfE_predicted,0.037037037037037035,26,26,CTCCCATCAGTATCGGATAA,0,3495867
tfaE_stfE_predicted,0.037037037037037035,26,26,CTATACGATACTTTTGATAA,0,3472863
tfaE_stfE_predicted,0.037037037037037035,26,26,CTAATGCGAAATTCTGACAC,0,3514666
tfaE_stfE_predicted,0.037037037037037035,26,26,CTAACTTAGAGCTACGGTTA,0,3522681
tfaE_stfE_predicted,0.037037037037037035,26,26,CGTCTATTTCAATTTGGTTG,0,3479336
tfaE_stfE_predicted,0.037037037037037035,26,26,CGTAACGTCAGCAGTGGATA,0,3529166
tfaE_stfE_predicted,0.037037037037037035,26,26,CGGAAGGTACCGGTCGCTCA,0,3487877
tfaE_stfE_predicted,0.037037037037037035,26,26,CGCGTTTACACTGGAGAACG,0,3511156
tfaE_stfE_predicted,0.037037037037037035,26,26,CGCGGTTGCCTAAACTGGGA,0,3472997
tfaE_stfE_predicted,0.037037037037037035,26,26,CGCGGACGCTCGAAATTCGT,0,3516347
tfaE_stfE_predicted,0.037037037037037035,26,26,CGCGCGTATCGATCCGTTGA,0,3494401
tfaE_stfE_predicted,0.037037037037037035,26,26,CGCGACTGGCGTAGGTAATC,0,3520992
tfaE_stfE_predicted,0.037037037037037035,26,26,CCCTAAGCGTTCGGCGTTTA,0,3532769
tfaE_stfE_predicted,0.037037037037037035,26,26,CCCGGGGTTATAGGGTTACT,0,3531138
tfaE_stfE_predicted,0.037037037037037035,26,26,CCCGGCTGGGCCTAACATCA,0,3506732
tfaE_stfE_predicted,0.037037037037037035,26,26,CCCCCGATGCTACTTCTCGT,0,3537461
tfaE_stfE_predicted,0.037037037037037035,26,26,CCATTGTGTTCGGTGTACCA,0,3475439
tfaE_stfE_predicted,0.037037037037037035,26,26,CCATTATGGATGTCTAGCCT,0,3488375
tfaE_stfE_predicted,0.037037037037037035,26,26,CCAGCACCCCACGCAGCCAC,0,3525274
tfaE_stfE_predicted,0.037037037037037035,26,26,CATTCCCTGACACAGGAGTA,0,3477402
tfaE_stfE_predicted,0.037037037037037035,26,26,CATATGGAGCACTTGATGCC,0,3508176
tfaE_stfE_predicted,0.037037037037037035,26,26,CATACGGGCATTGTTATCCT,0,3492169
tfaE_stfE_predicted,0.037037037037037035,26,26,CAGTAGCGAAATCGACTACG,0,3477611
tfaE_stfE_predicted,0.037037037037037035,26,26,CACTCACTGGGGAGCGATAT,0,3535250
tfaE_stfE_predicted,0.037037037037037035,26,26,CACGAGTTAGATTTTGGTCT,0,3492116
tfaE_stfE_predicted,0.037037037037037035,26,26,CACCCAGCTTGTCCTAGTAG,0,3538431
tfaE_stfE_predicted,0.037037037037037035,26,26,CACATGGGCTGAAACATTAT,0,3467010
tfaE_stfE_predicted,0.037037037037037035,26,26,CAAGACCGTGATCACAGACA,0,3521322
tfaE_stfE_predicted,0.037037037037037035,26,26,CAACACCAGGCGTACCTCTA,0,3513555
tfaE_stfE_predicted,0.037037037037037035,26,26,ATTTCGAAATGTGTCAGTAC,0,3504108
tfaE_stfE_predicted,0.037037037037037035,26,26,ATTGTATGGTTCAGAGGCTC,0,3518889
tfaE_stfE_predicted,0.037037037037037035,26,26,ATGTGTTCATGGAATGGCTT,0,3507204
tfaE_stfE_predicted,0.037037037037037035,26,26,ATGTCCGATTTCCAATGTAC,0,3535208
tfaE_stfE_predicted,0.037037037037037035,26,26,ATGGTTTAAGGAGTGGTGGA,0,3524433
tfaE_stfE_predicted,0.037037037037037035,26,26,ATGACCGTCTCTAGGGAGAT,0,3486235
tfaE_stfE_predicted,0.037037037037037035,26,26,ATCTTTTCACAACGACTGAT,0,3525201
tfaE_stfE_predicted,0.037037037037037035,26,26,ATCGCTGCCTCCATTATTCA,0,3535122
tfaE_stfE_predicted,0.037037037037037035,26,26,ATCACGTTTTGTGCCAGTCT,0,3532732
tfaE_stfE_predicted,0.037037037037037035,26,26,ATAAGGGCGTACTCTCATCA,0,3515622
tfaE_stfE_predicted,0.037037037037037035,26,26,ATAACGGGTCACAAGAATTG,0,3484249
tfaE_stfE_predicted,0.037037037037037035,26,26,AGTTGCGGTCGGAGGTCGGA,0,3487098
tfaE_stfE_predicted,0.037037037037037035,26,26,AGTTACGGCACACGGATGGA,0,3472839
tfaE_stfE_predicted,0.037037037037037035,26,26,AGTACACAGGCGATGGGACA,0,3489933
tfaE_stfE_predicted,0.037037037037037035,26,26,AGGCGAGCCACGGCGAGTTC,0,3528549
tfaE_stfE_predicted,0.037037037037037035,26,26,AGGCATGTCATGTAGAGCAA,0,3501928
tfaE_stfE_predicted,0.037037037037037035,26,26,AGGAAACCGTTCGGGGGGTC,0,3474774
tfaE_stfE_predicted,0.037037037037037035,26,26,AGCTAGGGTAGGATCTGCGT,0,3491268
tfaE_stfE_predicted,0.037037037037037035,26,26,AGCCGGTTGGGTAACTTTAT,0,3483268
tfaE_stfE_predicted,0.037037037037037035,26,26,AGAGGCAGATGCGTCGACCT,0,3525864
tfaE_stfE_predicted,0.037037037037037035,26,26,ACTGGTGCACCAGGGTTATG,0,3485591
tfaE_stfE_predicted,0.037037037037037035,26,26,ACTCATATGGTATAAGCCTA,0,3475235
tfaE_stfE_predicted,0.037037037037037035,26,26,ACTATGAGCGTCCCAGGCCC,0,3528644
tfaE_stfE_predicted,0.037037037037037035,26,26,ACGAGATGGTCACGACTAGA,0,3467833
tfaE_stfE_predicted,0.037037037037037035,26,26,ACCGAGGATGCCGTATACAT,0,3492975
tfaE_stfE_predicted,0.037037037037037035,26,26,ACCCCTATTCCAGTAACGCT,0,3480127
tfaE_stfE_predicted,0.037037037037037035,26,26,ACATGGGATCGGCGATGATG,0,3496185
tfaE_stfE_predicted,0.037037037037037035,26,26,ACATCCGAGGGGGAGATGCT,0,3469670
tfaE_stfE_predicted,0.037037037037037035,26,26,ACAATGACAACTATCGCCTG,0,3498386
tfaE_stfE_predicted,0.037037037037037035,26,26,ACAAGTTTTAGCGAGCTGCT,0,3498509
tfaE_stfE_predicted,0.037037037037037035,26,26,ACAACACCGCTTGTGCGTCA,0,3508631
tfaE_stfE_predicted,0.037037037037037035,26,26,AATTGCTATAGCTTCTCGCA,0,3509003
tfaE_stfE_predicted,0.037037037037037035,26,26,AATGGCTTTGCGAGTAACGT,0,3475627
tfaE_stfE_predicted,0.037037037037037035,26,26,AAGTCGTGAGATCGGCGCTT,0,3538675
tfaE_stfE_predicted,0.037037037037037035,26,26,AACTTCTTCTTTTACTAAGT,0,3535778
tfaE_stfE_predicted,0.037037037037037035,26,26,AACGGTCCTGGTTGATATCT,0,3505104
tfaE_stfE_predicted,0.037037037037037035,26,26,AACCGTCCGGATTGCACAGA,0,3496686
tfaE_stfE_predicted,0.037037037037037035,26,26,AAAGTAAATAATGCGGGTAC,0,3500214
tfaE_stfE_predicted,0.038461538461538464,25,25,TTTGTCTATTGATAACCACA,0,3514653
tfaE_stfE_predicted,0.038461538461538464,25,25,TTTCTGGAAATCGTGTAGAA,0,3466388
tfaE_stfE_predicted,0.038461538461538464,25,25,TTTCAAATGTCTTCTGGCCA,0,3470306
tfaE_stfE_predicted,0.038461538461538464,25,25,TTGGTCTACACGATATTTAC,0,3517948
tfaE_stfE_predicted,0.038461538461538464,25,25,TTCGGAGTTTCCAACAGGCC,0,3536587
tfaE_stfE_predicted,0.038461538461538464,25,25,TGTCACCCGAGCTTTGATTT,0,3534614
tfaE_stfE_predicted,0.038461538461538464,25,25,TGTATGTATCTGCTTAAAAA,0,3514201
tfaE_stfE_predicted,0.038461538461538464,25,25,TGTACGCGATGATGCGTATA,0,3497326
tfaE_stfE_predicted,0.038461538461538464,25,25,TGGCTCGGGCAAGGCCTTGT,0,3499971
tfaE_stfE_predicted,0.038461538461538464,25,25,TGCTCGATGAAGGTGAGTGT,0,3479678
tfaE_stfE_predicted,0.038461538461538464,25,25,TGCCTTGCATGATTCCCTAC,0,3535418
tfaE_stfE_predicted,0.038461538461538464,25,25,TGCCAGTAGATGAGGCCGTC,0,3507191
tfaE_stfE_predicted,0.038461538461538464,25,25,TGCCACGGGCAACGGGATAT,0,3494316
tfaE_stfE_predicted,0.038461538461538464,25,25,TGCAGGTGTCAGGGTTTCTG,0,3476737
tfaE_stfE_predicted,0.038461538461538464,25,25,TGCAGGTGGGAATGGGAGGG,0,3490264
tfaE_stfE_predicted,0.038461538461538464,25,25,TGATGAGTCTAGACTTACCA,0,3497841
tfaE_stfE_predicted,0.038461538461538464,25,25,TGAGCTCCAGTTGGCCTGTA,0,3535544
tfaE_stfE_predicted,0.038461538461538464,25,25,TGAATTCGCGGCGCGGGGAT,0,3534343
tfaE_stfE_predicted,0.038461538461538464,25,25,TGAAAGGGCACGCCGTAGAA,0,3517631
tfaE_stfE_predicted,0.038461538461538464,25,25,TCTCTTGGATTCCCGAAACT,0,3470393
tfaE_stfE_predicted,0.038461538461538464,25,25,TCGTGATGATCGCGTGTCCA,0,3489095
tfaE_stfE_predicted,0.038461538461538464,25,25,TCGAGACCTTAAAAAGCAAT,0,3511738
tfaE_stfE_predicted,0.038461538461538464,25,25,TCGAATGTGTGACCCTAGGT,0,3513862
tfaE_stfE_predicted,0.038461538461538464,25,25,TCCTAGATGGCGGCTGACAG,0,3468083
tfaE_stfE_predicted,0.038461538461538464,25,25,TCCAGGAAGTGCCAACGATT,0,3527671
tfaE_stfE_predicted,0.038461538461538464,25,25,TCAAGCTAGTTAAACCATTG,0,3519534
tfaE_stfE_predicted,0.038461538461538464,25,25,TATCCTGTCTAGGTACAGAG,0,3490768
tfaE_stfE_predicted,0.038461538461538464,25,25,TAGCCCTCAGGAAGCCCATA,0,3466395
tfaE_stfE_predicted,0.038461538461538464,25,25,TAGCATAGAAGATGTCATGG,0,3487995
tfaE_stfE_predicted,0.038461538461538464,25,25,TAGAGAGGTTGGATGGGTGT,0,3470614
tfaE_stfE_predicted,0.038461538461538464,25,25,TACCGGGTGGCTACGACTGA,0,3531363
tfaE_stfE_predicted,0.038461538461538464,25,25,TAATAAGCCCGTGTAATTGG,0,3472094
tfaE_stfE_predicted,0.038461538461538464,25,25,TAAATTATGATTTATCAGGT,0,3534104
tfaE_stfE_predicted,0.038461538461538464,25,25,TAAATTACCTACGTTGACAC,0,3526604
tfaE_stfE_predicted,0.038461538461538464,25,25,GTTCATTCCGACGCCCGACA,0,3517489
tfaE_stfE_predicted,0.038461538461538464,25,25,GTGTTGCTGCGACGAGCAGT,0,3509962
tfaE_stfE_predicted,0.038461538461538464,25,25,GTGGTAGTATAACGGCAACT,0,3514868
tfaE_stfE_predicted,0.038461538461538464,25,25,GTGCTTTGGGGGGATGGTCA,0,3497506
tfaE_stfE_predicted,0.038461538461538464,25,25,GTGAGGCGCGTATTATCGGG,0,3469584
tfaE_stfE_predicted,0.038461538461538464,25,25,GTCGAGCGAGGTGCATCTAA,0,3470449
tfaE_stfE_predicted,0.038461538461538464,25,25,GTCCGTCTTCTAAGACAACG,0,3526631
tfaE_stfE_predicted,0.038461538461538464,25,25,GTCAGCAATTCGAGGCACTC,0,3485387
tfaE_stfE_predicted,0.038461538461538464,25,25,GTATCGTGTTTGAGTGCGGG,0,3467666
tfaE_stfE_predicted,0.038461538461538464,25,25,GTATCGGCGAGTGATAAATA,0,3469765
tfaE_stfE_predicted,0.038461538461538464,25,25,GGTCTACCGATGCAAAGGTG,0,3533252
tfaE_stfE_predicted,0.038461538461538464,25,25,GGTCCGGCGCCACTATCCTT,0,3510043
tfaE_stfE_predicted,0.038461538461538464,25,25,GGTCCCCCTGCACTGGACCA,0,3485821
tfaE_stfE_predicted,0.038461538461538464,25,25,GGTAATCGCACACGTGTCCA,0,3523559
tfaE_stfE_predicted,0.038461538461538464,25,25,GGTAATAAGCCCGCTAATGA,0,3534220
tfaE_stfE_predicted,0.038461538461538464,25,25,GGGTAATTGAACTGTTACAC,0,3487435
tfaE_stfE_predicted,0.038461538461538464,25,25,GGGCCGACCACGGGGCAGGA,0,3468457
tfaE_stfE_predicted,0.038461538461538464,25,25,GGGACACGGTACTACCCCGT,0,3498398
tfaE_stfE_predicted,0.038461538461538464,25,25,GGCGCACTCTTGAGAGTGGT,0,3531135
tfaE_stfE_predicted,0.038461538461538464,25,25,GGATGATGCGTCGTACCCCT,0,3507124
tfaE_stfE_predicted,0.038461538461538464,25,25,GGAGTTTGTATACGACGTCA,0,3490416
tfaE_stfE_predicted,0.038461538461538464,25,25,GGAAGCGCACTCGTATTCCA,0,3510611
tfaE_stfE_predicted,0.038461538461538464,25,25,GGAAAAAGCCACGCTGAATT,0,3505643
tfaE_stfE_predicted,0.038461538461538464,25,25,GCTTCAGCCGCGCCTCGAGA,0,3470975
tfaE_stfE_predicted,0.038461538461538464,25,25,GCTTAGCTGTACTGGTGATC,0,3482784
tfaE_stfE_predicted,0.038461538461538464,25,25,GCTGACGTATTAACCGTTAA,0,3505455
tfaE_stfE_predicted,0.038461538461538464,25,25,GCGATCTTCAGAGTAATAAC,0,3515833
tfaE_stfE_predicted,0.038461538461538464,25,25,GCCCTACAGTTACCACGCCT,0,3505740
tfaE_stfE_predicted,0.038461538461538464,25,25,GCATTGCTCGGCAATTAAAT,0,3470889
tfaE_stfE_predicted,0.038461538461538464,25,25,GCATTCTTAGTTGCAGTGCA,0,3533188
tfaE_stfE_predicted,0.038461538461538464,25,25,GCATAGCACATCTACCCAGC,0,3507351
tfaE_stfE_predicted,0.038461538461538464,25,25,GATGCAGGACCGTAGAAACT,0,3509391
tfaE_stfE_predicted,0.038461538461538464,25,25,GATCCAGATCGGATCCGCCC,0,3531004
tfaE_stfE_predicted,0.038461538461538464,25,25,GAGCCATAGTCCAATCTACG,0,3523776
tfaE_stfE_predicted,0.038461538461538464,25,25,GACTGTCGGACAGGAGGATA,0,3505450
tfaE_stfE_predicted,0.038461538461538464,25,25,GACCCACCTGTCGGGAGGCT,0,3499735
tfaE_stfE_predicted,0.038461538461538464,25,25,GAAATGGAAAGACGTGATAA,0,3488738
tfaE_stfE_predicted,0.038461538461538464,25,25,CTTTGTCATTTCGCCTTAGG,0,3491113
tfaE_stfE_predicted,0.038461538461538464,25,25,CTTTGTATTCTTCTACACGA,0,3521131
tfaE_stfE_predicted,0.038461538461538464,25,25,CTTCTGGGTCGCCTAGGAGA,0,3467355
tfaE_stfE_predicted,0.038461538461538464,25,25,CTTCGTTGTCTCGGCTTGTA,0,3482869
tfaE_stfE_predicted,0.038461538461538464,25,25,CTTCCATTGACCATGCGGGT,0,3474496
tfaE_stfE_predicted,0.038461538461538464,25,25,CTCCGCGCACGGTACAACGT,0,3521475
tfaE_stfE_predicted,0.038461538461538464,25,25,CTATTGCAAGTAGTCTTCTA,0,3521664
tfaE_stfE_predicted,0.038461538461538464,25,25,CTAGTGATGACAGTAACCTG,0,3503687
tfaE_stfE_predicted,0.038461538461538464,25,25,CTAGCATCGGAGCTTCACCC,0,3474560
tfaE_stfE_predicted,0.038461538461538464,25,25,CTACAGGTGTATGGGAAATC,0,3495061
tfaE_stfE_predicted,0.038461538461538464,25,25,CTAAGCTGCGGTCGGGGCAG,0,3468978
tfaE_stfE_predicted,0.038461538461538464,25,25,CTAAGCGCAGCCAGAGTATT,0,3470704
tfaE_stfE_predicted,0.038461538461538464,25,25,CGTGTCTAGTAGATACCGTA,0,3536139
tfaE_stfE_predicted,0.038461538461538464,25,25,CGTCTAACTTCAGAGCGTTC,0,3513349
tfaE_stfE_predicted,0.038461538461538464,25,25,CGTAAGTATAGTACGTGTAG,0,3501657
tfaE_stfE_predicted,0.038461538461538464,25,25,CGGTCGCTGGCAGACCGAAC,0,3474573
tfaE_stfE_predicted,0.038461538461538464,25,25,CGGGCAGAGGGGCGCGGGTA,0,3535401
tfaE_stfE_predicted,0.038461538461538464,25,25,CGGCAGGTGACGCTACTCCA,0,3477809
tfaE_stfE_predicted,0.038461538461538464,25,25,CGGAATCAGCCGGAGAGTCT,0,3539337
tfaE_stfE_predicted,0.038461538461538464,25,25,CGCTCGTGACGCGTCGCCTT,0,3517266
tfaE_stfE_predicted,0.038461538461538464,25,25,CGCGGACGACCTGCGAGCCG,0,3522247
tfaE_stfE_predicted,0.038461538461538464,25,25,CGCCCCGAAGATTTGTTATG,0,3471356
tfaE_stfE_predicted,0.038461538461538464,25,25,CGCCCCCTGTGCCCGGTACA,0,3470414
tfaE_stfE_predicted,0.038461538461538464,25,25,CGCCAACACGTCAGATTGTC,0,3469759
tfaE_stfE_predicted,0.038461538461538464,25,25,CGAGCTCCTCAAGCGAGCCC,0,3507619
tfaE_stfE_predicted,0.038461538461538464,25,25,CGACCTGAACGAAACTGATA,0,3502363
tfaE_stfE_predicted,0.038461538461538464,25,25,CCTCGGCGTCGGGTGCAATC,0,3491393
tfaE_stfE_predicted,0.038461538461538464,25,25,CCTCGCTACAGGAGTCGCCT,0,3472444
tfaE_stfE_predicted,0.038461538461538464,25,25,CCGTAGTCACCATTGAAGAA,0,3508434
tfaE_stfE_predicted,0.038461538461538464,25,25,CCGAAAGTTGATGGCACCAC,0,3472227
tfaE_stfE_predicted,0.038461538461538464,25,25,CCCGGTCATGTTAGTCAGAA,0,3493788
tfaE_stfE_predicted,0.038461538461538464,25,25,CCCCGGCTTTCGCGGGCAAC,0,3525697
tfaE_stfE_predicted,0.038461538461538464,25,25,CCCATCTATAGAACTGGCCT,0,3497846
tfaE_stfE_predicted,0.038461538461538464,25,25,CCATATATGTTCTCGGGGAG,0,3511222
tfaE_stfE_predicted,0.038461538461538464,25,25,CCAGCGGGAGACTCCCAGGC,0,3496286
tfaE_stfE_predicted,0.038461538461538464,25,25,CCAGACGAATTCAGGCTTAT,0,3484169
tfaE_stfE_predicted,0.038461538461538464,25,25,CCACTATCAGACACACAGAA,0,3527330
tfaE_stfE_predicted,0.038461538461538464,25,25,CATCGTTAGCGGTTTCATGC,0,3494565
tfaE_stfE_predicted,0.038461538461538464,25,25,CAGATCTGGCTAAGGCGTAG,0,3489737
tfaE_stfE_predicted,0.038461538461538464,25,25,CAGACAATATGGGTGGAGCT,0,3483898
tfaE_stfE_predicted,0.038461538461538464,25,25,CACGTAAGTCCAATTTGCGG,0,3507650
tfaE_stfE_predicted,0.038461538461538464,25,25,CACCCAGTGTTATATCCTTA,0,3533599
tfaE_stfE_predicted,0.038461538461538464,25,25,CACACCATGTCCATGGGGCC,0,3495208
tfaE_stfE_predicted,0.038461538461538464,25,25,CAATCGTGATCTATAACTAA,0,3498052
tfaE_stfE_predicted,0.038461538461538464,25,25,CAATACTGATAAAGGGATGC,0,3540370
tfaE_stfE_predicted,0.038461538461538464,25,25,ATTTAAGCTGGCCCACTTAC,0,3516958
tfaE_stfE_predicted,0.038461538461538464,25,25,ATGGGTTTCAATGGGAGCTG,0,3475887
tfaE_stfE_predicted,0.038461538461538464,25,25,ATGCCAGTCTGCCTGAGAAC,0,3538435
tfaE_stfE_predicted,0.038461538461538464,25,25,ATGCACTGAACCATCAGATA,0,3484971
tfaE_stfE_predicted,0.038461538461538464,25,25,ATCTAGAAAACGGCGGTTGT,0,3536558
tfaE_stfE_predicted,0.038461538461538464,25,25,ATCGAAAGTGGCATTTAGAT,0,3523683
tfaE_stfE_predicted,0.038461538461538464,25,25,ATCCGGGTAAGTGCACCTGC,0,3533934
tfaE_stfE_predicted,0.038461538461538464,25,25,ATCCGGAGAATTCGTGAGAA,0,3472056
tfaE_stfE_predicted,0.038461538461538464,25,25,ATCCATATCATGTCTTTAAT,0,3529614
tfaE_stfE_predicted,0.038461538461538464,25,25,ATACGTTTACTGGGACTACG,0,3487149
tfaE_stfE_predicted,0.038461538461538464,25,25,ATAATACCGGAAGGCGTAAG,0,3486151
tfaE_stfE_predicted,0.038461538461538464,25,25,ATAAGACTTACTGGGCGCAG,0,3483158
tfaE_stfE_predicted,0.038461538461538464,25,25,ATAAACACATCGTTTTGCAA,0,3535844
tfaE_stfE_predicted,0.038461538461538464,25,25,AGTTCCAATAAGCTTCTCCA,0,3537415
tfaE_stfE_predicted,0.038461538461538464,25,25,AGGGCTGTAGCACCGGACTG,0,3528105
tfaE_stfE_predicted,0.038461538461538464,25,25,AGGGACACAATTGTGCAAGC,0,3493839
tfaE_stfE_predicted,0.038461538461538464,25,25,AGGCGGGGTTGGCTTGCCCT,0,3484529
tfaE_stfE_predicted,0.038461538461538464,25,25,AGGCGCTAGCTATCTAGAAT,0,3490518
tfaE_stfE_predicted,0.038461538461538464,25,25,AGGAACGATCAGCGACTAGG,0,3495060
tfaE_stfE_predicted,0.038461538461538464,25,25,AGCTTGGTAGTTCGTCGGCA,0,3480174
tfaE_stfE_predicted,0.038461538461538464,25,25,AGCTCCTTGGCTCCTAGCAG,0,3501743
tfaE_stfE_predicted,0.038461538461538464,25,25,AGCGTCAGCCCTACAAGGGC,0,3530367
tfaE_stfE_predicted,0.038461538461538464,25,25,AGCGGGAGGAGGTCATCTCA,0,3493203
tfaE_stfE_predicted,0.038461538461538464,25,25,AGCGGACGTGCGGAGTCGAG,0,3479242
tfaE_stfE_predicted,0.038461538461538464,25,25,AGCCGGGATCCTACCGCGAA,0,3513677
tfaE_stfE_predicted,0.038461538461538464,25,25,AGCATTCTATTTGACCGTTA,0,3475238
tfaE_stfE_predicted,0.038461538461538464,25,25,AGAAGCTTCTTGCCTATAAT,0,3535993
tfaE_stfE_predicted,0.038461538461538464,25,25,ACTTGCTACGGAACCAACAA,0,3487758
tfaE_stfE_predicted,0.038461538461538464,25,25,ACTCTCTTTCTTTGCATATC,0,3521920
tfaE_stfE_predicted,0.038461538461538464,25,25,ACGTTATTAGGGCATTAGCT,0,3470281
tfaE_stfE_predicted,0.038461538461538464,25,25,ACGAAGTCGAGTGGTCGGGT,0,3495982
tfaE_stfE_predicted,0.038461538461538464,25,25,ACCTTGACCCGGCCACGGAA,0,3489407
tfaE_stfE_predicted,0.038461538461538464,25,25,ACCGTGGCCCTAAGTGACGT,0,3469089
tfaE_stfE_predicted,0.038461538461538464,25,25,ACCGTGCGCCCACATCAGTT,0,3535553
tfaE_stfE_predicted,0.038461538461538464,25,25,ACCCGCCTATCGTTACTTTT,0,3479473
tfaE_stfE_predicted,0.038461538461538464,25,25,ACAGTAGATCACTAGAAGAA,0,3511735
tfaE_stfE_predicted,0.038461538461538464,25,25,ACAGGCTAGGGCTAGTCAGG,0,3529983
tfaE_stfE_predicted,0.038461538461538464,25,25,ACAATTTCGAGCGGCATTTG,0,3494585
tfaE_stfE_predicted,0.038461538461538464,25,25,ACAAGCGATCAGGGCCGTAT,0,3490946
tfaE_stfE_predicted,0.038461538461538464,25,25,ACAAAAGAACCCACCCCCAG,0,3485273
tfaE_stfE_predicted,0.038461538461538464,25,25,AATGATTCTAAGCCTGTAGA,0,3475832
tfaE_stfE_predicted,0.038461538461538464,25,25,AATGAGCCGTCCATCAGTAT,0,3522370
tfaE_stfE_predicted,0.038461538461538464,25,25,AATCGGTTTTAGAGAGCTAT,0,3476154
tfaE_stfE_predicted,0.038461538461538464,25,25,AAGTACAGCCTCACCCCTCA,0,3491920
tfaE_stfE_predicted,0.038461538461538464,25,25,AAGGCATCAGTTCCGTTATA,0,3468042
tfaE_stfE_predicted,0.038461538461538464,25,25,AAGGACGACCAGTAACCATG,0,3474657
tfaE_stfE_predicted,0.038461538461538464,25,25,AAGCATTGACGAACAACAGA,0,3474237
tfaE_stfE_predicted,0.038461538461538464,25,25,AAGACCCCCCAGTCAGCAAT,0,3476309
tfaE_stfE_predicted,0.038461538461538464,25,25,AAGAAGTTCCCGATTACGGG,0,3530428
tfaE_stfE_predicted,0.038461538461538464,25,25,AACGATTAGGGTGATAAGAC,0,3532956
tfaE_stfE_predicted,0.038461538461538464,25,25,AAAGGTGTGTAAATGGTAAT,0,3480337
tfaE_stfE_predicted,0.038461538461538464,25,25,AAACTGAGATAGGCAGGATA,0,3538440
tfaE_stfE_predicted,0.04,24,24,TTTTATGCGTGGTCCTGGTG,0,3538952
tfaE_stfE_predicted,0.04,24,24,TTTTAGCAGACGTAGGAACA,0,3519328
tfaE_stfE_predicted,0.04,24,24,TTTGCCAGAGGCGGATCGAT,0,3527988
tfaE_stfE_predicted,0.04,24,24,TTTGACTTGTCAACCCCCGA,0,3487563
tfaE_stfE_predicted,0.04,24,24,TTTCGGCCGCTGGTGGATAA,0,3475835
tfaE_stfE_predicted,0.04,24,24,TTTCCTCAGACACGGCACGA,0,3518495
tfaE_stfE_predicted,0.04,24,24,TTTCCAGATGTTGCTCTAGG,0,3501353
tfaE_stfE_predicted,0.04,24,24,TTTACCCCATGTGTGGAAGA,0,3514161
tfaE_stfE_predicted,0.04,24,24,TTGGGACGAGAGCCGTTTAT,0,3466873
tfaE_stfE_predicted,0.04,24,24,TTGGAGGGGTAACCGCGCAC,0,3494399
tfaE_stfE_predicted,0.04,24,24,TTCTTGGGCGAACCCATTCT,0,3496055
tfaE_stfE_predicted,0.04,24,24,TTCGCATTTGTAAGCTTTAA,0,3520631
tfaE_stfE_predicted,0.04,24,24,TTCGATGCATGATCCTAATG,0,3498774
tfaE_stfE_predicted,0.04,24,24,TTCGAGGGATCGCCATTTTA,0,3508535
tfaE_stfE_predicted,0.04,24,24,TTCCTAATCAGCATCCGACA,0,3473263
tfaE_stfE_predicted,0.04,24,24,TTCACGACCGCGACAATAGG,0,3519959
tfaE_stfE_predicted,0.04,24,24,TTCAAGCTCTGCTTCCTTTT,0,3499002
tfaE_stfE_predicted,0.04,24,24,TTAAGATCCAAAGGAGCGGA,0,3506042
tfaE_stfE_predicted,0.04,24,24,TGTTGGTTCGGCCATGCAGG,0,3489223
tfaE_stfE_predicted,0.04,24,24,TGTGTAATTACATCTGAGGG,0,3528859
tfaE_stfE_predicted,0.04,24,24,TGTACAGGCTCAGAGAAGCT,0,3483705
tfaE_stfE_predicted,0.04,24,24,TGGGGGCGTGACTCGGTCAT,0,3484517
tfaE_stfE_predicted,0.04,24,24,TGCGCTCGCATAACTGTACT,0,3540538
tfaE_stfE_predicted,0.04,24,24,TGCAGTAGCGTACACTGTTC,0,3488136
tfaE_stfE_predicted,0.04,24,24,TCTGGGCCTGAGCTACCAAC,0,3473323
tfaE_stfE_predicted,0.04,24,24,TCTGCCACTTACACCGAGGT,0,3484735
tfaE_stfE_predicted,0.04,24,24,TCGGGTAGCGTCGTATAGAA,0,3477405
tfaE_stfE_predicted,0.04,24,24,TCGCAAAGCTCATGTCGGTG,0,3519242
tfaE_stfE_predicted,0.04,24,24,TCGATTTGACTCGGGAGGTC,0,3483884
tfaE_stfE_predicted,0.04,24,24,TCATTAACCGATCGGTACCA,0,3540494
tfaE_stfE_predicted,0.04,24,24,TCATCCGTATAAGAGGTATC,0,3515228
tfaE_stfE_predicted,0.04,24,24,TCACTCAATTCTTGGCTCAT,0,3491869
tfaE_stfE_predicted,0.04,24,24,TCAATAGTCATATGGTCATA,0,3486564
tfaE_stfE_predicted,0.04,24,24,TCAAGCGTACTGCGACAACT,0,3476917
tfaE_stfE_predicted,0.04,24,24,TATTTGGGTGTACTTGCCAG,0,3475246
tfaE_stfE_predicted,0.04,24,24,TATTGTTGATATGGATCTCA,0,3478796
tfaE_stfE_predicted,0.04,24,24,TATGGGATGTGATATCGTCC,0,3477745
tfaE_stfE_predicted,0.04,24,24,TATATGTGCTACAGCTATAC,0,3490727
tfaE_stfE_predicted,0.04,24,24,TATATACGTAACTACTTCTT,0,3517567
tfaE_stfE_predicted,0.04,24,24,TATACCACCCATCTCAGCAT,0,3493746
tfaE_stfE_predicted,0.04,24,24,TAGGAAGACCCCAATGTCTG,0,3527138
tfaE_stfE_predicted,0.04,24,24,TAGAGGAGAGATTGACCAAG,0,3484552
tfaE_stfE_predicted,0.04,24,24,TACGCTATCCTTTTGCAGAC,0,3538713
tfaE_stfE_predicted,0.04,24,24,TAACCCTCATTAAAAACTCA,0,3506945
tfaE_stfE_predicted,0.04,24,24,GTTTTCCAGCTACTCCAGAT,0,3470321
tfaE_stfE_predicted,0.04,24,24,GTTGCGGACACCTTACTTCA,0,3532314
tfaE_stfE_predicted,0.04,24,24,GTTCCAAAAGGTAATACTGT,0,3536040
tfaE_stfE_predicted,0.04,24,24,GTTAGGTTGCATCGTAACTC,0,3494330
tfaE_stfE_predicted,0.04,24,24,GTCAGTCCTGTTTTCAGAGT,0,3523076
tfaE_stfE_predicted,0.04,24,24,GTCACACTTCCCGGGCTAAT,0,3479544
tfaE_stfE_predicted,0.04,24,24,GTATTGTGTACTTAAGGTGT,0,3518224
tfaE_stfE_predicted,0.04,24,24,GGTTCTTGTTTCAAAGACGG,0,3472995
tfaE_stfE_predicted,0.04,24,24,GGTTCAGGTTAACATGAGGA,0,3487501
tfaE_stfE_predicted,0.04,24,24,GGTGGTCCACGCACGTATAG,0,3503682
tfaE_stfE_predicted,0.04,24,24,GGGGTTATCTCCAGGATCTA,0,3512338
tfaE_stfE_predicted,0.04,24,24,GGGCGTGTGGTTGGCTAGTA,0,3535545
tfaE_stfE_predicted,0.04,24,24,GGCTTGGGAAGTCCGCGTAT,0,3470883
tfaE_stfE_predicted,0.04,24,24,GGCTGTCACGCGGCACTAAG,0,3505921
tfaE_stfE_predicted,0.04,24,24,GGCGTCCTCTCCGCTAACTT,0,3470493
tfaE_stfE_predicted,0.04,24,24,GGCCGCGGGCCAGCGCGTAT,0,3466530
tfaE_stfE_predicted,0.04,24,24,GGCAGACAGGGAGCCGCAGA,0,3535635
tfaE_stfE_predicted,0.04,24,24,GGATCTAGGTCGAGTGTGCG,0,3526106
tfaE_stfE_predicted,0.04,24,24,GGAGACTTCCCTTAGCAAGG,0,3469752
tfaE_stfE_predicted,0.04,24,24,GGACGGCCCTAGTGTAAACA,0,3484263
tfaE_stfE_predicted,0.04,24,24,GGAATCGGACAGAAGATCGT,0,3495486
tfaE_stfE_predicted,0.04,24,24,GGAAATCGGATTTAGTTTAG,0,3474712
tfaE_stfE_predicted,0.04,24,24,GCTGAATATGGAAAAGGAAC,0,3492700
tfaE_stfE_predicted,0.04,24,24,GCCTGAAGACGTTGGTTGAA,0,3494400
tfaE_stfE_predicted,0.04,24,24,GCCACGTTTCATGGGTGGTC,0,3502240
tfaE_stfE_predicted,0.04,24,24,GCAAGGTCGTGTCTCGCCGT,0,3504882
tfaE_stfE_predicted,0.04,24,24,GATCGGTATGAATTATGGTA,0,3498403
tfaE_stfE_predicted,0.04,24,24,GATACACCCTCGTCATGCAA,0,3521317
tfaE_stfE_predicted,0.04,24,24,GAGGTAACGACGCGGCTTTT,0,3528684
tfaE_stfE_predicted,0.04,24,24,GAGGGGACTTGATGCTTTAT,0,3521270
tfaE_stfE_predicted,0.04,24,24,GAGATAGCCGTCGCCATCTG,0,3470891
tfaE_stfE_predicted,0.04,24,24,GAGAGGAAGAGTCGGTGGCA,0,3471888
tfaE_stfE_predicted,0.04,24,24,GAGAGCTCGGAAAGCGGCTC,0,3536053
tfaE_stfE_predicted,0.04,24,24,GACCCGCACACCGCACGTTC,0,3537635
tfaE_stfE_predicted,0.04,24,24,GACCCGATGACATGCCGACA,0,3539436
tfaE_stfE_predicted,0.04,24,24,GACCAGCCCCGAAAACGCTT,0,3525992
tfaE_stfE_predicted,0.04,24,24,GAAGAATCTAGCCGACGGTT,0,3487189
tfaE_stfE_predicted,0.04,24,24,GAACTTATATCGTTAATTGA,0,3506925
tfaE_stfE_predicted,0.04,24,24,GAACGCGTTCGTAAAAAAGC,0,3520842
tfaE_stfE_predicted,0.04,24,24,CTTTGCGGTGTGAAATAGTC,0,3516526
tfaE_stfE_predicted,0.04,24,24,CTTGGGGGCGGCGGAAGGGG,0,3512583
tfaE_stfE_predicted,0.04,24,24,CTTGGCAAAAGCGTATTTTA,0,3491641
tfaE_stfE_predicted,0.04,24,24,CTTGCGGTTGTAGAACATAA,0,3515139
tfaE_stfE_predicted,0.04,24,24,CTTCACCGGGTATACATTTG,0,3506215
tfaE_stfE_predicted,0.04,24,24,CTTCAAATGCCTGAAATTAC,0,3470368
tfaE_stfE_predicted,0.04,24,24,CTGTGGATTCCGTTTTAGTT,0,3506500
tfaE_stfE_predicted,0.04,24,24,CTGGACTGCCGAAATCAACT,0,3511358
tfaE_stfE_predicted,0.04,24,24,CTCTAGCGGAAGCTGGATTA,0,3518956
tfaE_stfE_predicted,0.04,24,24,CTCAGTGTTCGAGTGGGCGA,0,3514542
tfaE_stfE_predicted,0.04,24,24,CTCACCCGCGCGGTGTACTA,0,3469679
tfaE_stfE_predicted,0.04,24,24,CTAAGTCTTTCCCCGAGACA,0,3475564
tfaE_stfE_predicted,0.04,24,24,CTAAGGACATCGTATGGTGG,0,3498613
tfaE_stfE_predicted,0.04,24,24,CTAAAGACCGCAACACGGAT,0,3528686
tfaE_stfE_predicted,0.04,24,24,CGTGTATGTTCCTCGAAACA,0,3509286
tfaE_stfE_predicted,0.04,24,24,CGTCCCATGGTCGTGTCGCT,0,3492370
tfaE_stfE_predicted,0.04,24,24,CGTATGGTCTGACCGTGCTC,0,3498956
tfaE_stfE_predicted,0.04,24,24,CGTATCAGGACCATCGATGG,0,3493165
tfaE_stfE_predicted,0.04,24,24,CGGTGAGCGGGGTCAATTAT,0,3539068
tfaE_stfE_predicted,0.04,24,24,CGGGAGGGACCACGAGCGGG,0,3481174
tfaE_stfE_predicted,0.04,24,24,CGGCCATCTAGGCTGTTCAA,0,3511631
tfaE_stfE_predicted,0.04,24,24,CGCAACCCGCCCGGCTCCAA,0,3515984
tfaE_stfE_predicted,0.04,24,24,CGATCTATCGGGTGTCCATA,0,3521665
tfaE_stfE_predicted,0.04,24,24,CGAGGTTATGATGCCCCATG,0,3516766
tfaE_stfE_predicted,0.04,24,24,CCTTTGGCAATACTGTCATT,0,3512847
tfaE_stfE_predicted,0.04,24,24,CCGTTCAAGTCACACGTTCG,0,3488994
tfaE_stfE_predicted,0.04,24,24,CCGATACATGATTTATGAAT,0,3498147
tfaE_stfE_predicted,0.04,24,24,CCCTTAGGAGCCAACTTCGG,0,3500034
tfaE_stfE_predicted,0.04,24,24,CCCGTTGTCAACAGACTCTC,0,3529439
tfaE_stfE_predicted,0.04,24,24,CCCGCAATTGAGCGTTTGAT,0,3469057
tfaE_stfE_predicted,0.04,24,24,CCAGGGAACTCTACGAAGAC,0,3499079
tfaE_stfE_predicted,0.04,24,24,CCAGGATTCACCTATATAGT,0,3506934
tfaE_stfE_predicted,0.04,24,24,CCAACAGCGGGCGTCACGTG,0,3515185
tfaE_stfE_predicted,0.04,24,24,CATTGATAAACCGGATGCGC,0,3491563
tfaE_stfE_predicted,0.04,24,24,CATTCACCAGATACGTCGGC,0,3500659
tfaE_stfE_predicted,0.04,24,24,CATGGCTCATTGACTGCGGG,0,3476150
tfaE_stfE_predicted,0.04,24,24,CATGAGCTCCTGGAAAAACG,0,3501173
tfaE_stfE_predicted,0.04,24,24,CATCATGAAAACAGACGAGT,0,3527261
tfaE_stfE_predicted,0.04,24,24,CATAAATACAAGAGTACGCG,0,3478738
tfaE_stfE_predicted,0.04,24,24,CAGTTTTGGCCCCCGATCGA,0,3476393
tfaE_stfE_predicted,0.04,24,24,CAGTCTCTGGGTAAGTATTT,0,3501702
tfaE_stfE_predicted,0.04,24,24,CAGGTATGAATGTCAGTCAT,0,3505235
tfaE_stfE_predicted,0.04,24,24,CAGGATTAGAAACACGGAAA,0,3478477
tfaE_stfE_predicted,0.04,24,24,CAGCTCCTTAGCTTAATCCT,0,3474240
tfaE_stfE_predicted,0.04,24,24,CACTCTGTGTGGTGGAGAAA,0,3534897
tfaE_stfE_predicted,0.04,24,24,CACGACTGTATTCAGGAAAT,0,3477036
tfaE_stfE_predicted,0.04,24,24,CACGACGACGGCGCATGGGA,0,3509873
tfaE_stfE_predicted,0.04,24,24,ATTTTCGACACATCGGCCGT,0,3520478
tfaE_stfE_predicted,0.04,24,24,ATTAAGCATCGCTAAATCTT,0,3470477
tfaE_stfE_predicted,0.04,24,24,ATGGCATGTGCTTAAACCCG,0,3505022
tfaE_stfE_predicted,0.04,24,24,ATGGACACAGGCAATGCGTC,0,3488370
tfaE_stfE_predicted,0.04,24,24,ATCTGCGGGCGCCGGAGTTT,0,3500212
tfaE_stfE_predicted,0.04,24,24,ATCGCAAGCAAGCTTCCGAC,0,3512150
tfaE_stfE_predicted,0.04,24,24,ATCCGATTACTCCTAGGGTT,0,3477034
tfaE_stfE_predicted,0.04,24,24,ATACTACCCTATATCGACAT,0,3484896
tfaE_stfE_predicted,0.04,24,24,AGTTCAAGATAGGATCTCGT,0,3491111
tfaE_stfE_predicted,0.04,24,24,AGTCGTAATCAAAGTAGAGA,0,3474302
tfaE_stfE_predicted,0.04,24,24,AGGGCCGCGCGGATGAAACA,0,3492933
tfaE_stfE_predicted,0.04,24,24,AGGGAGTGGATATATTGCGT,0,3502945
tfaE_stfE_predicted,0.04,24,24,AGGCGCGCCAGAACCAGATG,0,3533021
tfaE_stfE_predicted,0.04,24,24,AGGAGTCGGATACTAATCGT,0,3515586
tfaE_stfE_predicted,0.04,24,24,AGCGCCGCAATCTCTAGGCG,0,3531625
tfaE_stfE_predicted,0.04,24,24,AGCGACAGATGGGCAAGATC,0,3527136
tfaE_stfE_predicted,0.04,24,24,AGCGACACGCCAAGTAGGAA,0,3539005
tfaE_stfE_predicted,0.04,24,24,AGCCGAGACATTACCCTGTC,0,3540312
tfaE_stfE_predicted,0.04,24,24,AGCCAGGGAGTGCATAACGC,0,3468709
tfaE_stfE_predicted,0.04,24,24,AGATCTTTTGCGACGACGCG,0,3491720
tfaE_stfE_predicted,0.04,24,24,AGATCTGTTATGCAGTTACA,0,3498561
tfaE_stfE_predicted,0.04,24,24,AGAGGCGATTCCCACGAGTT,0,3480977
tfaE_stfE_predicted,0.04,24,24,AGACGGTCAGGGTCTCGAGG,0,3515416
tfaE_stfE_predicted,0.04,24,24,ACTGCTACGCTCCGTTCTGA,0,3496713
tfaE_stfE_predicted,0.04,24,24,ACGTAACCGTGTTTAATTAG,0,3495265
tfaE_stfE_predicted,0.04,24,24,ACGCGTACTTGCGTCACGAA,0,3467544
tfaE_stfE_predicted,0.04,24,24,ACGCGCTACGACTAGAGTTA,0,3503576
tfaE_stfE_predicted,0.04,24,24,ACGCCGCAGCCACCTCCGTA,0,3494653
tfaE_stfE_predicted,0.04,24,24,ACGCCCGCAAACATCTATCG,0,3527343
tfaE_stfE_predicted,0.04,24,24,ACCTTGTGAATCCTGTCTTA,0,3522085
tfaE_stfE_predicted,0.04,24,24,ACCTTCACCGAGGTCGGGCT,0,3482730
tfaE_stfE_predicted,0.04,24,24,ACCTATAGCTCGTACGGACA,0,3484837
tfaE_stfE_predicted,0.04,24,24,ACCGGCTGATCGCACACATA,0,3482050
tfaE_stfE_predicted,0.04,24,24,ACCCCGAATTACACAGGAGG,0,3492794
tfaE_stfE_predicted,0.04,24,24,ACCACCAGAGTTCCTTTAAT,0,3517889
tfaE_stfE_predicted,0.04,24,24,ACATGGGCAACTCATGGCTG,0,3494639
tfaE_stfE_predicted,0.04,24,24,ACACTAGGACCGATGTCAAG,0,3478474
tfaE_stfE_predicted,0.04,24,24,ACACATCCATCAACCCCCGT,0,3510886
tfaE_stfE_predicted,0.04,24,24,ACACAATAGCTCGTACCGGC,0,3519670
tfaE_stfE_predicted,0.04,24,24,ACAATACCTTGCACCGCATC,0,3505211
tfaE_stfE_predicted,0.04,24,24,ACAAAGGCGGGCCGGATGCT,0,3513650
tfaE_stfE_predicted,0.04,24,24,AATTATAGTGGATGGGCTCG,0,3473054
tfaE_stfE_predicted,0.04,24,24,AATGCCCCTACAGCTTTTCG,0,3472348
tfaE_stfE_predicted,0.04,24,24,AATGCCCCACCTGTCTGCCC,0,3532522
tfaE_stfE_predicted,0.04,24,24,AATGAGGGTCTAGCCCGAAC,0,3488425
tfaE_stfE_predicted,0.04,24,24,AATGAATATAGGTTGAGCTA,0,3520522
tfaE_stfE_predicted,0.04,24,24,AATCCGGGTTCAGGCACCTA,0,3471128
tfaE_stfE_predicted,0.04,24,24,AAGGCATCCAGTTTTCGAGA,0,3502681
tfaE_stfE_predicted,0.04,24,24,AAGAGATGCAACGAACGTGT,0,3540264
tfaE_stfE_predicted,0.04,24,24,AACACTAATCCGTTTGGTCG,0,3530771
tfaE_stfE_predicted,0.04,24,24,AAAGAAGTCTGCACGACACC,0,3506304
tfaE_stfE_predicted,0.041666666666666664,23,23,TTTGGACGTTCAACCCTATA,0,3481413
tfaE_stfE_predicted,0.041666666666666664,23,23,TTTGCAAGCAGAAAGGGACA,0,3524047
tfaE_stfE_predicted,0.041666666666666664,23,23,TTTAAAAGCTAAGTCATATG,0,3488341
tfaE_stfE_predicted,0.041666666666666664,23,23,TTGCGGCCATACGCCGTGGA,0,3491724
tfaE_stfE_predicted,0.041666666666666664,23,23,TTCGGCGTCATCTTTGGGGT,0,3518781
tfaE_stfE_predicted,0.041666666666666664,23,23,TTCCGAAAAGGAGCTCTACG,0,3487646
tfaE_stfE_predicted,0.041666666666666664,23,23,TTCACAATAGTCCTTTGAGT,0,3540353
tfaE_stfE_predicted,0.041666666666666664,23,23,TTAGTTAGTATACAGACGTA,0,3481735
tfaE_stfE_predicted,0.041666666666666664,23,23,TTAGGCGCAAACCCGTCCTG,0,3531404
tfaE_stfE_predicted,0.041666666666666664,23,23,TTAAGGATTTGCGGTGCGCT,0,3470851
tfaE_stfE_predicted,0.041666666666666664,23,23,TGTTCGTGTGTCCAGTGGGT,0,3490770
tfaE_stfE_predicted,0.041666666666666664,23,23,TGTCTGGCGAAAAACACAGG,0,3469367
tfaE_stfE_predicted,0.041666666666666664,23,23,TGTCGGGAGCATGTACGGAC,0,3538810
tfaE_stfE_predicted,0.041666666666666664,23,23,TGTAGGATAATTTACCCAGT,0,3498306
tfaE_stfE_predicted,0.041666666666666664,23,23,TGGTGTTTATCAGCGCATCT,0,3471044
tfaE_stfE_predicted,0.041666666666666664,23,23,TGGGGGCAAGGGCACTTCAA,0,3511369
tfaE_stfE_predicted,0.041666666666666664,23,23,TGGGCGTTGTCGTCGGCAAG,0,3489741
tfaE_stfE_predicted,0.041666666666666664,23,23,TGGCATACTGGTCAGGTGCG,0,3513115
tfaE_stfE_predicted,0.041666666666666664,23,23,TGCGTTGAATGACCGGAGCA,0,3502513
tfaE_stfE_predicted,0.041666666666666664,23,23,TGATGAACGAATAGAGAACA,0,3529958
tfaE_stfE_predicted,0.041666666666666664,23,23,TGATCGTGGTGTTACGTATA,0,3473865
tfaE_stfE_predicted,0.041666666666666664,23,23,TGACATCCTCTATGTCGCGC,0,3482656
tfaE_stfE_predicted,0.041666666666666664,23,23,TGAATCTTGCTCGTCATAGG,0,3494977
tfaE_stfE_predicted,0.041666666666666664,23,23,TCTTCGGGGCGACGCTGTCT,0,3483106
tfaE_stfE_predicted,0.041666666666666664,23,23,TCTGCCGCGTTATGCTCCTG,0,3490411
tfaE_stfE_predicted,0.041666666666666664,23,23,TCTCCCTGCCCTAGGGGATA,0,3494222
tfaE_stfE_predicted,0.041666666666666664,23,23,TCGTTGATGTGCTTATATAA,0,3536644
tfaE_stfE_predicted,0.041666666666666664,23,23,TCGTCTCCAGTATGCCCACA,0,3533553
tfaE_stfE_predicted,0.041666666666666664,23,23,TCGGTGCGCACCCCGTCTAC,0,3495561
tfaE_stfE_predicted,0.041666666666666664,23,23,TCGGCTGTCCTTGGTCTCCC,0,3492092
tfaE_stfE_predicted,0.041666666666666664,23,23,TCGCTACAAGAGTTCATCAT,0,3506871
tfaE_stfE_predicted,0.041666666666666664,23,23,TCGCCCTCCGACGTAAACCA,0,3492800
tfaE_stfE_predicted,0.041666666666666664,23,23,TCGCAATACCGCATGAGGGG,0,3515595
tfaE_stfE_predicted,0.041666666666666664,23,23,TCGATCGCGACGCCCTATAC,0,3474765
tfaE_stfE_predicted,0.041666666666666664,23,23,TCGAATCTCCACGTACCCCA,0,3525669
tfaE_stfE_predicted,0.041666666666666664,23,23,TCCGTCCCTTCGGCCTATAG,0,3479603
tfaE_stfE_predicted,0.041666666666666664,23,23,TCCCTGGCCTAGACAGTGAG,0,3499296
tfaE_stfE_predicted,0.041666666666666664,23,23,TCATCGCACTCTACGAGCCT,0,3475618
tfaE_stfE_predicted,0.041666666666666664,23,23,TCATATGACCCACTGAAGCA,0,3529954
tfaE_stfE_predicted,0.041666666666666664,23,23,TCATAATCCGGGTAAGATTT,0,3516570
tfaE_stfE_predicted,0.041666666666666664,23,23,TCAGCAGGCCTTGTACCGCG,0,3532871
tfaE_stfE_predicted,0.041666666666666664,23,23,TATTGATCAGCTCCCATAAG,0,3488534
tfaE_stfE_predicted,0.041666666666666664,23,23,TATTACCGCGCATGTTCTAT,0,3534198
tfaE_stfE_predicted,0.041666666666666664,23,23,TATCCCGATCAATGGACTGA,0,3516018
tfaE_stfE_predicted,0.041666666666666664,23,23,TATAAGCCTTTACATCTACG,0,3507988
tfaE_stfE_predicted,0.041666666666666664,23,23,TACTACCGTTGCAATACATA,0,3526221
tfaE_stfE_predicted,0.041666666666666664,23,23,TACCCAGCCCACAGCAATCA,0,3488325
tfaE_stfE_predicted,0.041666666666666664,23,23,TAATGATCCTTAGGTAGTCC,0,3480578
tfaE_stfE_predicted,0.041666666666666664,23,23,TAAGTACTACGAACGTGTTT,0,3511873
tfaE_stfE_predicted,0.041666666666666664,23,23,TAAATATCTGGTTGCTGCTT,0,3491565
tfaE_stfE_predicted,0.041666666666666664,23,23,TAAAGCCGCGTGATGAGACT,0,3489922
tfaE_stfE_predicted,0.041666666666666664,23,23,TAAACAGAGGGTACATCAAA,0,3490938
tfaE_stfE_predicted,0.041666666666666664,23,23,GTTGGCTTCCTTTTGCCTCC,0,3498100
tfaE_stfE_predicted,0.041666666666666664,23,23,GTTCTTTAGACCAATCGGTT,0,3537818
tfaE_stfE_predicted,0.041666666666666664,23,23,GTGGTGGTGGTACAAAGTTT,0,3475498
tfaE_stfE_predicted,0.041666666666666664,23,23,GTGGGCAATATAACGGGACG,0,3533503
tfaE_stfE_predicted,0.041666666666666664,23,23,GTGCACGGAGATGCGTGATA,0,3503928
tfaE_stfE_predicted,0.041666666666666664,23,23,GTGCAATGCTAGAGGGCGCA,0,3483098
tfaE_stfE_predicted,0.041666666666666664,23,23,GTCTACCTCGTTATCATTAA,0,3502551
tfaE_stfE_predicted,0.041666666666666664,23,23,GTCGATGTCCGCCATTTGAG,0,3515917
tfaE_stfE_predicted,0.041666666666666664,23,23,GTCACGTTAGCAACGCTAAA,0,3518290
tfaE_stfE_predicted,0.041666666666666664,23,23,GTACGCTGTGGGATGCGATG,0,3485644
tfaE_stfE_predicted,0.041666666666666664,23,23,GTACGATGCGTCGTAGCTAT,0,3526784
tfaE_stfE_predicted,0.041666666666666664,23,23,GTACCAACTCGTCAACCGTA,0,3490462
tfaE_stfE_predicted,0.041666666666666664,23,23,GTAACACCCCACTTCGGGCA,0,3497884
tfaE_stfE_predicted,0.041666666666666664,23,23,GGTTATCTCCAATGATGGCG,0,3521852
tfaE_stfE_predicted,0.041666666666666664,23,23,GGTGCGTAATTGTTACCCGG,0,3521774
tfaE_stfE_predicted,0.041666666666666664,23,23,GGTGCCGTTTAGCGGTGAAA,0,3495247
tfaE_stfE_predicted,0.041666666666666664,23,23,GGGTATGTTCTGGGCTGTCT,0,3519876
tfaE_stfE_predicted,0.041666666666666664,23,23,GGGTAGCTCGAGTATATATA,0,3518573
tfaE_stfE_predicted,0.041666666666666664,23,23,GGGGAACACTATCACTCAAA,0,3479713
tfaE_stfE_predicted,0.041666666666666664,23,23,GGGCAATGAATTGGCAAGCT,0,3473450
tfaE_stfE_predicted,0.041666666666666664,23,23,GGCTGCGAGTTTCGAAGGAA,0,3468635
tfaE_stfE_predicted,0.041666666666666664,23,23,GGCGAAACGCCGGAGCAGTG,0,3539654
tfaE_stfE_predicted,0.041666666666666664,23,23,GGAACTCTAAGTTTTTTGCG,0,3470320
tfaE_stfE_predicted,0.041666666666666664,23,23,GCTTTTGCTGAGGCGCTGAG,0,3519695
tfaE_stfE_predicted,0.041666666666666664,23,23,GCTGCGATGTACGAACTTGA,0,3482304
tfaE_stfE_predicted,0.041666666666666664,23,23,GCTAATTACGTTGAAAGAAT,0,3539710
tfaE_stfE_predicted,0.041666666666666664,23,23,GCGCGGGCTGGATGAATGGA,0,3503097
tfaE_stfE_predicted,0.041666666666666664,23,23,GCCTTCTGCAATCGCGAAGG,0,3478330
tfaE_stfE_predicted,0.041666666666666664,23,23,GCCCACATGAAGTCTCAAAA,0,3502991
tfaE_stfE_predicted,0.041666666666666664,23,23,GCCATGCGCTGCAATGTCGT,0,3480534
tfaE_stfE_predicted,0.041666666666666664,23,23,GCATGTGCTCTTCAAGGGGA,0,3495426
tfaE_stfE_predicted,0.041666666666666664,23,23,GCACTTGCGAAATGGAGAAT,0,3497320
tfaE_stfE_predicted,0.041666666666666664,23,23,GATTCACTCAGACAGTGGCA,0,3519004
tfaE_stfE_predicted,0.041666666666666664,23,23,GATGGGAGACAACAAATATG,0,3523919
tfaE_stfE_predicted,0.041666666666666664,23,23,GATCGCTAATTTTCATTCGG,0,3483759
tfaE_stfE_predicted,0.041666666666666664,23,23,GACTTCTGGTATCGGGGGAG,0,3507063
tfaE_stfE_predicted,0.041666666666666664,23,23,GACATTATATACTTACGAAT,0,3502251
tfaE_stfE_predicted,0.041666666666666664,23,23,GAATTTAAGCTAGGAGGCTT,0,3531755
tfaE_stfE_predicted,0.041666666666666664,23,23,GAATTGTTATGCGATTGACC,0,3490235
tfaE_stfE_predicted,0.041666666666666664,23,23,CTTGACCCCACGTGGGTCCA,0,3480583
tfaE_stfE_predicted,0.041666666666666664,23,23,CTTCTTGCGGGCAGGGCGTT,0,3514894
tfaE_stfE_predicted,0.041666666666666664,23,23,CTTCGCTGGACACCGACAGG,0,3483486
tfaE_stfE_predicted,0.041666666666666664,23,23,CTTCAGGCTTAGAAGTTGAA,0,3516362
tfaE_stfE_predicted,0.041666666666666664,23,23,CTTATTAGCTTGGGCAGCTT,0,3513920
tfaE_stfE_predicted,0.041666666666666664,23,23,CTTAGTTATCCCGGTTTGAT,0,3509460
tfaE_stfE_predicted,0.041666666666666664,23,23,CTTAGAACATGTGGCCAGGA,0,3503772
tfaE_stfE_predicted,0.041666666666666664,23,23,CTTAAGTTCGCCTGTTCATT,0,3491457
tfaE_stfE_predicted,0.041666666666666664,23,23,CTGGTCCACGATGGATACCT,0,3506100
tfaE_stfE_predicted,0.041666666666666664,23,23,CTGGCGAGATACGAAGTTCC,0,3486033
tfaE_stfE_predicted,0.041666666666666664,23,23,CTGCGAGCACTCCGAGAAGT,0,3517506
tfaE_stfE_predicted,0.041666666666666664,23,23,CTGAAATGTATCGACTTAGG,0,3502118
tfaE_stfE_predicted,0.041666666666666664,23,23,CTCCGACGGCTAGGAACTTA,0,3489577
tfaE_stfE_predicted,0.041666666666666664,23,23,CTCAGAACGTGTACCACTCG,0,3497198
tfaE_stfE_predicted,0.041666666666666664,23,23,CTATAGCGCGTCCAGCTTCG,0,3519059
tfaE_stfE_predicted,0.041666666666666664,23,23,CTAGCTCGGCCCAGGGATGA,0,3540581
tfaE_stfE_predicted,0.041666666666666664,23,23,CTACCCACAGTAGCGGTTGT,0,3484977
tfaE_stfE_predicted,0.041666666666666664,23,23,CTAACTGAGCAACGCGGAAT,0,3479004
tfaE_stfE_predicted,0.041666666666666664,23,23,CGTTAGGTTTTCATGCAATA,0,3525161
tfaE_stfE_predicted,0.041666666666666664,23,23,CGTGGGAAGGACTGGCGGAA,0,3491737
tfaE_stfE_predicted,0.041666666666666664,23,23,CGTAATTTTGGGGGACCCGG,0,3483727
tfaE_stfE_predicted,0.041666666666666664,23,23,CGGTTGAGGGACCTATATCT,0,3499081
tfaE_stfE_predicted,0.041666666666666664,23,23,CGGTTGACCCACAAACTCCT,0,3518452
tfaE_stfE_predicted,0.041666666666666664,23,23,CGGTATACATGCAAACAGAA,0,3487219
tfaE_stfE_predicted,0.041666666666666664,23,23,CGGGAGCAAGACGTTGTGTC,0,3501634
tfaE_stfE_predicted,0.041666666666666664,23,23,CGGCGTCGTAACGCGGGCAG,0,3506227
tfaE_stfE_predicted,0.041666666666666664,23,23,CGGATAAGGACCTGGGTTTC,0,3521128
tfaE_stfE_predicted,0.041666666666666664,23,23,CGGAAGTTAGATCGAGGGTG,0,3486954
tfaE_stfE_predicted,0.041666666666666664,23,23,CGCTCAACACGAAGGGACGT,0,3467672
tfaE_stfE_predicted,0.041666666666666664,23,23,CGCGAAGAGTCTCATGGCTT,0,3468030
tfaE_stfE_predicted,0.041666666666666664,23,23,CGCCTGAGTGTATGATAGAG,0,3534416
tfaE_stfE_predicted,0.041666666666666664,23,23,CGCCCGCTTAATGAGCTCTT,0,3486277
tfaE_stfE_predicted,0.041666666666666664,23,23,CGCAGAACAGCGGTTTTAGG,0,3466428
tfaE_stfE_predicted,0.041666666666666664,23,23,CGAATATGAAACACTTGTAT,0,3477703
tfaE_stfE_predicted,0.041666666666666664,23,23,CCTTGGGAAACGATACGACA,0,3532482
tfaE_stfE_predicted,0.041666666666666664,23,23,CCTGTGAGACACCCCCCCGT,0,3509043
tfaE_stfE_predicted,0.041666666666666664,23,23,CCTGCTTGGAACAGATCGTC,0,3538292
tfaE_stfE_predicted,0.041666666666666664,23,23,CCTCGGCGACACCGCACAGT,0,3476395
tfaE_stfE_predicted,0.041666666666666664,23,23,CCGTTAAGCATAAGACGTTT,0,3509085
tfaE_stfE_predicted,0.041666666666666664,23,23,CCGGTCCGACTCAATCTGAC,0,3472992
tfaE_stfE_predicted,0.041666666666666664,23,23,CCGGTCACGTGCGGTCCATT,0,3468046
tfaE_stfE_predicted,0.041666666666666664,23,23,CCGCGCGCTGTGGCGCGAAC,0,3479168
tfaE_stfE_predicted,0.041666666666666664,23,23,CCGCAGTGGCGTAAATACGT,0,3498681
tfaE_stfE_predicted,0.041666666666666664,23,23,CCCGGTTTTGTGATAAACTA,0,3526229
tfaE_stfE_predicted,0.041666666666666664,23,23,CCCGGATTCCAACCATGCTA,0,3476562
tfaE_stfE_predicted,0.041666666666666664,23,23,CCCGCCCGTCGGTGGCTCAT,0,3481261
tfaE_stfE_predicted,0.041666666666666664,23,23,CCCGATTTTAAAGTTTCTAA,0,3488013
tfaE_stfE_predicted,0.041666666666666664,23,23,CCCCTTCCCCGTGTGCGCTA,0,3469840
tfaE_stfE_predicted,0.041666666666666664,23,23,CCATTCCTGTTCCGTTATAT,0,3499472
tfaE_stfE_predicted,0.041666666666666664,23,23,CCAGGAGGGGTCACAGCCTT,0,3505841
tfaE_stfE_predicted,0.041666666666666664,23,23,CCACTGAGCCCTTGGCCGGG,0,3512893
tfaE_stfE_predicted,0.041666666666666664,23,23,CCAATGCTTCCTGGCATCGA,0,3501022
tfaE_stfE_predicted,0.041666666666666664,23,23,CCAATAATGACGCAGTTGCG,0,3474134
tfaE_stfE_predicted,0.041666666666666664,23,23,CATTCCACATTGAAGACGTA,0,3538609
tfaE_stfE_predicted,0.041666666666666664,23,23,CATTATAAGGGGGTATTATT,0,3500371
tfaE_stfE_predicted,0.041666666666666664,23,23,CATGGAGCTCTACACCTCTT,0,3513856
tfaE_stfE_predicted,0.041666666666666664,23,23,CATGCTAGATGATTTAATTG,0,3510094
tfaE_stfE_predicted,0.041666666666666664,23,23,CATCAGAATGATGACGGATC,0,3497199
tfaE_stfE_predicted,0.041666666666666664,23,23,CAGGGTGTAGACGTGTATGC,0,3540004
tfaE_stfE_predicted,0.041666666666666664,23,23,CACTAATTGTTATATCAGCG,0,3485858
tfaE_stfE_predicted,0.041666666666666664,23,23,CACATGCGGATGTCGCTTAT,0,3533942
tfaE_stfE_predicted,0.041666666666666664,23,23,CAAGTTGTTAATCTTTTAGA,0,3528412
tfaE_stfE_predicted,0.041666666666666664,23,23,CAACGGGCTTGGATCTGAAA,0,3467134
tfaE_stfE_predicted,0.041666666666666664,23,23,ATTTTCCTTGCACAAATCAG,0,3526502
tfaE_stfE_predicted,0.041666666666666664,23,23,ATTTGTTGGACTAGGTTGCG,0,3517348
tfaE_stfE_predicted,0.041666666666666664,23,23,ATGCATTTCTTGGCGTGCGA,0,3538291
tfaE_stfE_predicted,0.041666666666666664,23,23,ATCTGCTTGTGACCGCATAC,0,3533140
tfaE_stfE_predicted,0.041666666666666664,23,23,ATCTGCCACCTACTGGCAAT,0,3515913
tfaE_stfE_predicted,0.041666666666666664,23,23,ATCGACGCATTGTAACTCTC,0,3496572
tfaE_stfE_predicted,0.041666666666666664,23,23,ATCCAGCTCCTCCGGCAGCT,0,3478325
tfaE_stfE_predicted,0.041666666666666664,23,23,ATCATAAGCGTAAGGAAGTA,0,3524441
tfaE_stfE_predicted,0.041666666666666664,23,23,ATATCGAAGGACGCTTTGGT,0,3478110
tfaE_stfE_predicted,0.041666666666666664,23,23,AGTTGTGTCCGATATTAAGA,0,3505847
tfaE_stfE_predicted,0.041666666666666664,23,23,AGTCTTCCTAGTTATAGGGG,0,3536508
tfaE_stfE_predicted,0.041666666666666664,23,23,AGTCACGTATAGCGTACTAT,0,3525586
tfaE_stfE_predicted,0.041666666666666664,23,23,AGTAAGCCTATTTTTCGTTC,0,3492181
tfaE_stfE_predicted,0.041666666666666664,23,23,AGGGGGCCGTTCCGTTTAAA,0,3501015
tfaE_stfE_predicted,0.041666666666666664,23,23,AGGGCGTTTGACGGGAACTC,0,3505492
tfaE_stfE_predicted,0.041666666666666664,23,23,AGGCTCTCCTAATCAGACTA,0,3514876
tfaE_stfE_predicted,0.041666666666666664,23,23,AGGCGGATCCTTAGCACCAC,0,3515765
tfaE_stfE_predicted,0.041666666666666664,23,23,AGGATTTTTTCGCGCCCTTG,0,3500536
tfaE_stfE_predicted,0.041666666666666664,23,23,AGGAGGCGCATTCGGATGTA,0,3510656
tfaE_stfE_predicted,0.041666666666666664,23,23,AGGAGCTTCAACCCACAGGC,0,3489691
tfaE_stfE_predicted,0.041666666666666664,23,23,AGCGTTTGGGCGACGAGCAG,0,3500999
tfaE_stfE_predicted,0.041666666666666664,23,23,AGCACACGACGCACAGCACG,0,3486286
tfaE_stfE_predicted,0.041666666666666664,23,23,AGAGCGGCATGTCATAACTC,0,3485825
tfaE_stfE_predicted,0.041666666666666664,23,23,AGACCCTAAGGGACCATGCC,0,3480640
tfaE_stfE_predicted,0.041666666666666664,23,23,AGACAATGAGTTGGTGTTAG,0,3521513
tfaE_stfE_predicted,0.041666666666666664,23,23,AGAAATGCACCATTTTACCA,0,3504688
tfaE_stfE_predicted,0.041666666666666664,23,23,ACTGGTAGCTAACGGAAGCA,0,3510339
tfaE_stfE_predicted,0.041666666666666664,23,23,ACGTGCCCCGAATAGTTTCC,0,3499080
tfaE_stfE_predicted,0.041666666666666664,23,23,ACGTATACCGCATGGTCCAC,0,3529280
tfaE_stfE_predicted,0.041666666666666664,23,23,ACGGCGGACATCCGAGGCAG,0,3477535
tfaE_stfE_predicted,0.041666666666666664,23,23,ACGCTCACACGCGCCAGATT,0,3481680
tfaE_stfE_predicted,0.041666666666666664,23,23,ACGCAGTGTGTCCGGATCGA,0,3536794
tfaE_stfE_predicted,0.041666666666666664,23,23,ACGATGTACAATCGCAATTA,0,3477652
tfaE_stfE_predicted,0.041666666666666664,23,23,ACCTGGCTTGAAAGGCCCTA,0,3487954
tfaE_stfE_predicted,0.041666666666666664,23,23,ACCGCGGCATATAGTAGTAA,0,3480043
tfaE_stfE_predicted,0.041666666666666664,23,23,ACCATGTGTGGCGGTGGACT,0,3523818
tfaE_stfE_predicted,0.041666666666666664,23,23,ACCACTGATACTCTGTGTAA,0,3509473
tfaE_stfE_predicted,0.041666666666666664,23,23,ACCACCACATCAACGTTCTT,0,3521558
tfaE_stfE_predicted,0.041666666666666664,23,23,ACCAATTGGGGAATACCTAC,0,3504070
tfaE_stfE_predicted,0.041666666666666664,23,23,ACATGAGTGGCATGCTATCT,0,3476813
tfaE_stfE_predicted,0.041666666666666664,23,23,ACATACCGGATACCGACCTT,0,3531787
tfaE_stfE_predicted,0.041666666666666664,23,23,ACAGGTCCCGCATACCTTAT,0,3535181
tfaE_stfE_predicted,0.041666666666666664,23,23,ACAGGGGGTCGCGTCGGATG,0,3516039
tfaE_stfE_predicted,0.041666666666666664,23,23,ACAGGAAACTAGCCGTCCTT,0,3515829
tfaE_stfE_predicted,0.041666666666666664,23,23,ACACTTGAATTAAATCTTAT,0,3473873
tfaE_stfE_predicted,0.041666666666666664,23,23,ACACACGCGGTGCGAATGTG,0,3516105
tfaE_stfE_predicted,0.041666666666666664,23,23,ACAAAATGCGAATGCCTTTA,0,3521994
tfaE_stfE_predicted,0.041666666666666664,23,23,AATTGATATCCGAGTAAAAG,0,3507592
tfaE_stfE_predicted,0.041666666666666664,23,23,AATGCCATTTGTGCGGGATA,0,3476700
tfaE_stfE_predicted,0.041666666666666664,23,23,AATGCCATGAGAGTAGGTCA,0,3512518
tfaE_stfE_predicted,0.041666666666666664,23,23,AATCGTCGTCATCAATACGT,0,3507289
tfaE_stfE_predicted,0.041666666666666664,23,23,AATAACAGCTACACCGAGCC,0,3511825
tfaE_stfE_predicted,0.041666666666666664,23,23,AAGGCTTGAAATTCCAGTAT,0,3488336
tfaE_stfE_predicted,0.041666666666666664,23,23,AAGATCGTAGAGCGTCGAGT,0,3492403
tfaE_stfE_predicted,0.041666666666666664,23,23,AACGACTGTGGGGCACTTGA,0,3468451
tfaE_stfE_predicted,0.041666666666666664,23,23,AACCTTCCTGAATGGCTAAG,0,3510389
tfaE_stfE_predicted,0.041666666666666664,23,23,AAATTCTATTGTCGTACGGA,0,3501302
tfaE_stfE_predicted,0.041666666666666664,23,23,AAATCGTCCGACAAGCCCAT,0,3475373
tfaE_stfE_predicted,0.043478260869565216,22,22,TTGTTTTGGAGTCCCCACAA,0,3468090
tfaE_stfE_predicted,0.043478260869565216,22,22,TTGTTTTAATCCTGAAGCAG,0,3490967
tfaE_stfE_predicted,0.043478260869565216,22,22,TTGTTAAGGCTTGGGGACGG,0,3488983
tfaE_stfE_predicted,0.043478260869565216,22,22,TTGTGTACCCTTTACCCGAT,0,3502983
tfaE_stfE_predicted,0.043478260869565216,22,22,TTGTCTATGAAGGAGGAATC,0,3535218
tfaE_stfE_predicted,0.043478260869565216,22,22,TTCTGGGCTTGAGTATGATG,0,3506474
tfaE_stfE_predicted,0.043478260869565216,22,22,TTCTGGACCCGCGCCAGATA,0,3540664
tfaE_stfE_predicted,0.043478260869565216,22,22,TTCTCGTACGAGACAGCGGG,0,3476035
tfaE_stfE_predicted,0.043478260869565216,22,22,TTCTCAAATCCCCCGAAGTA,0,3535668
tfaE_stfE_predicted,0.043478260869565216,22,22,TTCCGCAATACGATGGCAAG,0,3490693
tfaE_stfE_predicted,0.043478260869565216,22,22,TTCATGTTAACGCGAAAGAA,0,3477478
tfaE_stfE_predicted,0.043478260869565216,22,22,TTAGCGCTGGTCAGCTGTTC,0,3490429
tfaE_stfE_predicted,0.043478260869565216,22,22,TTAGCCCCAGACGTGTCGGT,0,3479660
tfaE_stfE_predicted,0.043478260869565216,22,22,TGTGCCGGTCTCCTCGGTAC,0,3470396
tfaE_stfE_predicted,0.043478260869565216,22,22,TGTCGAATTAACACGGTCGC,0,3534816
tfaE_stfE_predicted,0.043478260869565216,22,22,TGTAAGGTGCTAGCAGACAT,0,3488762
tfaE_stfE_predicted,0.043478260869565216,22,22,TGGTGAATGACCTGGCCCTA,0,3489777
tfaE_stfE_predicted,0.043478260869565216,22,22,TGGTAACCGGACGTTCCTCA,0,3492091
tfaE_stfE_predicted,0.043478260869565216,22,22,TGGATGGTACGGGCCGGGGG,0,3534452
tfaE_stfE_predicted,0.043478260869565216,22,22,TGGAGACGCCGCTCCAGGTG,0,3519372
tfaE_stfE_predicted,0.043478260869565216,22,22,TGCTCCTTACTTGATGAAAG,0,3494050
tfaE_stfE_predicted,0.043478260869565216,22,22,TGCCTCGAGCCAACTCTCAA,0,3478226
tfaE_stfE_predicted,0.043478260869565216,22,22,TGAAAGTATATATCCCTCGT,0,3481059
tfaE_stfE_predicted,0.043478260869565216,22,22,TCTTCTACGGCTCGCGCTGA,0,3516544
tfaE_stfE_predicted,0.043478260869565216,22,22,TCGGCGTGCACCCGTCGCTA,0,3500684
tfaE_stfE_predicted,0.043478260869565216,22,22,TCGGCCAGCGATTCCTTAGT,0,3469588
tfaE_stfE_predicted,0.043478260869565216,22,22,TCGCAGGCAATTGACGACTA,0,3468219
tfaE_stfE_predicted,0.043478260869565216,22,22,TCCTGTCTGTGTAGGTACTT,0,3533295
tfaE_stfE_predicted,0.043478260869565216,22,22,TCCTAGGGTAGACAGCCTAG,0,3520148
tfaE_stfE_predicted,0.043478260869565216,22,22,TCCTAACATGGCGGGGAGAA,0,3507238
tfaE_stfE_predicted,0.043478260869565216,22,22,TCCCACAGGACCCTGTCACC,0,3478779
tfaE_stfE_predicted,0.043478260869565216,22,22,TCAGTCAGAGTTACGAGGTA,0,3517355
tfaE_stfE_predicted,0.043478260869565216,22,22,TCAGCTCGCACCACGCGACT,0,3523225
tfaE_stfE_predicted,0.043478260869565216,22,22,TCAGCAAAGAATTCCTGGTG,0,3472990
tfaE_stfE_predicted,0.043478260869565216,22,22,TCAAGCACTTTAAGAGAGGC,0,3541180
tfaE_stfE_predicted,0.043478260869565216,22,22,TATTTGTTTGGAGACCGGGT,0,3536560
tfaE_stfE_predicted,0.043478260869565216,22,22,TATTCTAAAGGTAGATACAG,0,3472025
tfaE_stfE_predicted,0.043478260869565216,22,22,TATGCAGCTCTGCTATGCTG,0,3518102
tfaE_stfE_predicted,0.043478260869565216,22,22,TAGGTTTAAATCCTGCACGG,0,3483621
tfaE_stfE_predicted,0.043478260869565216,22,22,TAGGCGAGCCTTCCTTACAA,0,3504351
tfaE_stfE_predicted,0.043478260869565216,22,22,TAGCTCAGAAATATGGCTTG,0,3507967
tfaE_stfE_predicted,0.043478260869565216,22,22,TAGCGCCGACATGATTCGCG,0,3509188
tfaE_stfE_predicted,0.043478260869565216,22,22,TACGAGTTTGCAGACACATG,0,3526211
tfaE_stfE_predicted,0.043478260869565216,22,22,TACACGCCCCGGGACGTAAA,0,3528558
tfaE_stfE_predicted,0.043478260869565216,22,22,TAAGGATCCAATCTGTTGGT,0,3494236
tfaE_stfE_predicted,0.043478260869565216,22,22,GTTTTGTCTGATGTGTCTAC,0,3503106
tfaE_stfE_predicted,0.043478260869565216,22,22,GTTGCTTTTCAACGCCGATT,0,3532859
tfaE_stfE_predicted,0.043478260869565216,22,22,GTTATCATCGGTGGGTTTTT,0,3519238
tfaE_stfE_predicted,0.043478260869565216,22,22,GTGCTTAACAGACTAAATAT,0,3531345
tfaE_stfE_predicted,0.043478260869565216,22,22,GTGCCCATCTTAACCTCAAC,0,3537325
tfaE_stfE_predicted,0.043478260869565216,22,22,GTGAGTGTTATGACTATCCG,0,3498389
tfaE_stfE_predicted,0.043478260869565216,22,22,GTCTTGTCGCGTTCGCGATT,0,3474177
tfaE_stfE_predicted,0.043478260869565216,22,22,GTCTATGACGACTGCTGGTG,0,3509458
tfaE_stfE_predicted,0.043478260869565216,22,22,GTCCAATCTCCCGTGCGAAT,0,3536133
tfaE_stfE_predicted,0.043478260869565216,22,22,GTCACGGAATCAACTATTTG,0,3466990
tfaE_stfE_predicted,0.043478260869565216,22,22,GTAGATGGGATACCGTCCCC,0,3473056
tfaE_stfE_predicted,0.043478260869565216,22,22,GTACCGTAGAACCCAAATAG,0,3486274
tfaE_stfE_predicted,0.043478260869565216,22,22,GTACCAACCCCCCTATCGCT,0,3530488
tfaE_stfE_predicted,0.043478260869565216,22,22,GGTTTGAAGGGCCGGGGCAG,0,3513201
tfaE_stfE_predicted,0.043478260869565216,22,22,GGTTGAACCCTGTGCGGGTA,0,3470265
tfaE_stfE_predicted,0.043478260869565216,22,22,GGTTCCCCGGGCGCGTAGAT,0,3498457
tfaE_stfE_predicted,0.043478260869565216,22,22,GGTGTTTGTCTGGTACGTAG,0,3482507
tfaE_stfE_predicted,0.043478260869565216,22,22,GGTGTCGCGTAGTAGGTTTT,0,3495679
tfaE_stfE_predicted,0.043478260869565216,22,22,GGTGGTTGTTCTTTGCTATA,0,3480731
tfaE_stfE_predicted,0.043478260869565216,22,22,GGTGGTAATTCATCCGGCCC,0,3503484
tfaE_stfE_predicted,0.043478260869565216,22,22,GGTCCCACGAAGGAATCGTT,0,3473023
tfaE_stfE_predicted,0.043478260869565216,22,22,GGTCCATCGATCAAGCTTCG,0,3492549
tfaE_stfE_predicted,0.043478260869565216,22,22,GGTACGAGAGCGCGTAAGGC,0,3502371
tfaE_stfE_predicted,0.043478260869565216,22,22,GGGGCATAGAATAAATAAGG,0,3521329
tfaE_stfE_predicted,0.043478260869565216,22,22,GGGATGTAGGACGAAATTTC,0,3484582
tfaE_stfE_predicted,0.043478260869565216,22,22,GGGACGATGTCTCGACGAGA,0,3493532
tfaE_stfE_predicted,0.043478260869565216,22,22,GGCGACGAACAACGTCGTTG,0,3480979
tfaE_stfE_predicted,0.043478260869565216,22,22,GGCCGTGCGTTCTACATATA,0,3536738
tfaE_stfE_predicted,0.043478260869565216,22,22,GGCACGTCCACCTCGGGGAT,0,3510505
tfaE_stfE_predicted,0.043478260869565216,22,22,GGATGGCACAACAGCAAACA,0,3491135
tfaE_stfE_predicted,0.043478260869565216,22,22,GGAGAGATTCGTCCTTACAC,0,3540135
tfaE_stfE_predicted,0.043478260869565216,22,22,GGACGTAGGCAGCGATAGGT,0,3466819
tfaE_stfE_predicted,0.043478260869565216,22,22,GCTTGAATATGCGTTAACTC,0,3522695
tfaE_stfE_predicted,0.043478260869565216,22,22,GCTTCGCCGAACGGTAATGA,0,3473200
tfaE_stfE_predicted,0.043478260869565216,22,22,GCTCGACCAGTAGTTAGCCA,0,3526107
tfaE_stfE_predicted,0.043478260869565216,22,22,GCTCCCTGTCGCGGACGGTT,0,3534537
tfaE_stfE_predicted,0.043478260869565216,22,22,GCGGAGACGTTGGGGCCGCG,0,3468540
tfaE_stfE_predicted,0.043478260869565216,22,22,GCCCTGCTTGCCCACAAGTT,0,3527741
tfaE_stfE_predicted,0.043478260869565216,22,22,GCCCACTTTTCCATTTAGCA,0,3527009
tfaE_stfE_predicted,0.043478260869565216,22,22,GCCAGGGTACCGAACAGGTT,0,3475292
tfaE_stfE_predicted,0.043478260869565216,22,22,GCATCCCGAGTCCAACATCG,0,3529745
tfaE_stfE_predicted,0.043478260869565216,22,22,GCACACCGTGGACCCTGTCA,0,3490337
tfaE_stfE_predicted,0.043478260869565216,22,22,GCAATGTACCAAATCCTGCA,0,3532307
tfaE_stfE_predicted,0.043478260869565216,22,22,GCAAGTTGATCCATGACGGA,0,3507117
tfaE_stfE_predicted,0.043478260869565216,22,22,GAGTATCCTGAAGCCATATC,0,3500087
tfaE_stfE_predicted,0.043478260869565216,22,22,GAGGTTTTGACGATGCTGTA,0,3467094
tfaE_stfE_predicted,0.043478260869565216,22,22,GAGGCCAAAAGGCAAGGGGT,0,3480975
tfaE_stfE_predicted,0.043478260869565216,22,22,GACTCTTTGTTGGTGATACC,0,3493589
tfaE_stfE_predicted,0.043478260869565216,22,22,GACTAAACTCGGGAGCCAAG,0,3487428
tfaE_stfE_predicted,0.043478260869565216,22,22,GACGGACCTGTATTCTGACA,0,3516041
tfaE_stfE_predicted,0.043478260869565216,22,22,GACATCTAAGATAGCTCGAG,0,3473937
tfaE_stfE_predicted,0.043478260869565216,22,22,GACATCGGACCGGCCTCAAC,0,3515544
tfaE_stfE_predicted,0.043478260869565216,22,22,GACAGCGCGTAAAGGAACCC,0,3523503
tfaE_stfE_predicted,0.043478260869565216,22,22,GAATTCAGGTGGGGTGGTTC,0,3514957
tfaE_stfE_predicted,0.043478260869565216,22,22,GAAGGTCACATACCTAAACT,0,3540399
tfaE_stfE_predicted,0.043478260869565216,22,22,GAACGGGACCATAAGCTGAC,0,3490681
tfaE_stfE_predicted,0.043478260869565216,22,22,GAACCAAGATCGTCAAGAGT,0,3488246
tfaE_stfE_predicted,0.043478260869565216,22,22,CTTCAAAAAGACAAACCGCC,0,3517987
tfaE_stfE_predicted,0.043478260869565216,22,22,CTGGCTCGAATTTGAAGTCA,0,3527224
tfaE_stfE_predicted,0.043478260869565216,22,22,CTGAATTCTATCCGCCGGTA,0,3468284
tfaE_stfE_predicted,0.043478260869565216,22,22,CTCGCGCAGCGCAAGTGGTA,0,3503574
tfaE_stfE_predicted,0.043478260869565216,22,22,CTATCCTGGCAATAGCATGT,0,3478742
tfaE_stfE_predicted,0.043478260869565216,22,22,CTACACGCTACATAGAGACC,0,3466780
tfaE_stfE_predicted,0.043478260869565216,22,22,CGTTCGACTTGTTTGATCTC,0,3470771
tfaE_stfE_predicted,0.043478260869565216,22,22,CGTACTGCATTTTAATAACT,0,3487955
tfaE_stfE_predicted,0.043478260869565216,22,22,CGGCCCGGGTGTCAGGACAC,0,3488005
tfaE_stfE_predicted,0.043478260869565216,22,22,CGGATGAGCCTGTTAAGCAA,0,3520396
tfaE_stfE_predicted,0.043478260869565216,22,22,CGCTGTAAACCGGCTGGACA,0,3505375
tfaE_stfE_predicted,0.043478260869565216,22,22,CGCTGCAAAGCATTCTTTAG,0,3485226
tfaE_stfE_predicted,0.043478260869565216,22,22,CGCGCACCACGATTAATATA,0,3509433
tfaE_stfE_predicted,0.043478260869565216,22,22,CGCGACGAGACACAACTTGT,0,3472887
tfaE_stfE_predicted,0.043478260869565216,22,22,CGCCAATGGGTTCCGGCTTG,0,3526539
tfaE_stfE_predicted,0.043478260869565216,22,22,CGATGCTGTTGCGATCGCAG,0,3502242
tfaE_stfE_predicted,0.043478260869565216,22,22,CGATCGGAACCGGCGATCGA,0,3509637
tfaE_stfE_predicted,0.043478260869565216,22,22,CGACAGCGAACGCCTTTAGG,0,3487177
tfaE_stfE_predicted,0.043478260869565216,22,22,CCTTTGCATAACGCAAACCA,0,3527013
tfaE_stfE_predicted,0.043478260869565216,22,22,CCTCCGGAAAGGCGCAAGAT,0,3515029
tfaE_stfE_predicted,0.043478260869565216,22,22,CCGGTGCACATCACAAATTT,0,3483791
tfaE_stfE_predicted,0.043478260869565216,22,22,CCGGCGATTCTAGCATATCA,0,3522257
tfaE_stfE_predicted,0.043478260869565216,22,22,CCGGAGATGTCGGAACAGCA,0,3530196
tfaE_stfE_predicted,0.043478260869565216,22,22,CCGACCTTGGGGCATGCTTC,0,3526425
tfaE_stfE_predicted,0.043478260869565216,22,22,CCCTTATTGGAGTGATTCTT,0,3468813
tfaE_stfE_predicted,0.043478260869565216,22,22,CCCGGATTTACTGTTATTGA,0,3504017
tfaE_stfE_predicted,0.043478260869565216,22,22,CCCCGTCTATAGGCCATACG,0,3482156
tfaE_stfE_predicted,0.043478260869565216,22,22,CCCCGCTTCGGATAGCGGCT,0,3538293
tfaE_stfE_predicted,0.043478260869565216,22,22,CCCCGCGTACTGGGCACTAA,0,3475259
tfaE_stfE_predicted,0.043478260869565216,22,22,CCATGGTGTTGTGCAGCAAC,0,3467535
tfaE_stfE_predicted,0.043478260869565216,22,22,CCAAGCTGTGTTGTCTTAGC,0,3479532
tfaE_stfE_predicted,0.043478260869565216,22,22,CATGCAGCGAAAAAGATTCA,0,3505045
tfaE_stfE_predicted,0.043478260869565216,22,22,CATCTAGGGAGGCTGCGGAA,0,3472961
tfaE_stfE_predicted,0.043478260869565216,22,22,CATCGGAAAACCTCAGCACG,0,3525504
tfaE_stfE_predicted,0.043478260869565216,22,22,CATATGATACACCGTAGCCA,0,3531902
tfaE_stfE_predicted,0.043478260869565216,22,22,CAGCTTAGGCCCAATAAAAT,0,3530778
tfaE_stfE_predicted,0.043478260869565216,22,22,CAGCGCTAAGGCTCGGGCGA,0,3513959
tfaE_stfE_predicted,0.043478260869565216,22,22,CAGCCACCGTACTACGTATA,0,3532073
tfaE_stfE_predicted,0.043478260869565216,22,22,CACTTTTCCTCGGGCTTCGA,0,3495213
tfaE_stfE_predicted,0.043478260869565216,22,22,CACGTTGCATTAGTGGATCA,0,3536832
tfaE_stfE_predicted,0.043478260869565216,22,22,CACGGACCAACGTGCATTCC,0,3521182
tfaE_stfE_predicted,0.043478260869565216,22,22,CACCCCACATCGAGGATGCA,0,3484873
tfaE_stfE_predicted,0.043478260869565216,22,22,CACCACGGTTTTGAAAAGCT,0,3505837
tfaE_stfE_predicted,0.043478260869565216,22,22,ATTTGAGCAGAAGCCCCTGT,0,3486058
tfaE_stfE_predicted,0.043478260869565216,22,22,ATTGCTGTGGACCGGTCACG,0,3522473
tfaE_stfE_predicted,0.043478260869565216,22,22,ATTGCCCTGAGGTACCTGCT,0,3531900
tfaE_stfE_predicted,0.043478260869565216,22,22,ATTATTCTCCAGCTGGCTCT,0,3492050
tfaE_stfE_predicted,0.043478260869565216,22,22,ATGTAGGGACTCCCAAATCA,0,3522907
tfaE_stfE_predicted,0.043478260869565216,22,22,ATGTAACTCGCTTTTGAAGA,0,3493693
tfaE_stfE_predicted,0.043478260869565216,22,22,ATGGGCTCGAGAGGTACCGT,0,3509727
tfaE_stfE_predicted,0.043478260869565216,22,22,ATGCACCGAAAACCGATTAC,0,3486296
tfaE_stfE_predicted,0.043478260869565216,22,22,ATCTTTTTGTTTTGGCCACA,0,3519540
tfaE_stfE_predicted,0.043478260869565216,22,22,ATCCTGATGAGAGGTCTCAG,0,3504137
tfaE_stfE_predicted,0.043478260869565216,22,22,ATCCATGGTCTTCAGCGTCT,0,3472836
tfaE_stfE_predicted,0.043478260869565216,22,22,ATATTGGGGCCGTGGTCGCA,0,3502942
tfaE_stfE_predicted,0.043478260869565216,22,22,ATATCACCGACATCTCTGGT,0,3478368
tfaE_stfE_predicted,0.043478260869565216,22,22,ATAGTACTAACCGATATGAA,0,3490845
tfaE_stfE_predicted,0.043478260869565216,22,22,ATACTTAATATAATCGTGCC,0,3481069
tfaE_stfE_predicted,0.043478260869565216,22,22,ATACTCATCGAAGATATAAG,0,3484903
tfaE_stfE_predicted,0.043478260869565216,22,22,ATAACATTGAATTTGGCTAT,0,3534217
tfaE_stfE_predicted,0.043478260869565216,22,22,ATAAAACGGATCGTGAGATC,0,3470398
tfaE_stfE_predicted,0.043478260869565216,22,22,AGTTGCCGGCTGTACATATT,0,3486578
tfaE_stfE_predicted,0.043478260869565216,22,22,AGTGCCTTCTCCCTGGCCCA,0,3517427
tfaE_stfE_predicted,0.043478260869565216,22,22,AGTCAAAGTCTTAATTTTCG,0,3515436
tfaE_stfE_predicted,0.043478260869565216,22,22,AGTAGACGCGACTGGGTATG,0,3521330
tfaE_stfE_predicted,0.043478260869565216,22,22,AGGTTGTCCACTGGAAAGGC,0,3485310
tfaE_stfE_predicted,0.043478260869565216,22,22,AGGGCCTAACTTTCGACGCA,0,3513466
tfaE_stfE_predicted,0.043478260869565216,22,22,AGGCGGAGGATACGTCATTA,0,3514345
tfaE_stfE_predicted,0.043478260869565216,22,22,AGGCGAAACCATATGATTAT,0,3505876
tfaE_stfE_predicted,0.043478260869565216,22,22,AGGAAACCAAGAGTGCCTTC,0,3486805
tfaE_stfE_predicted,0.043478260869565216,22,22,AGCTTAGCTCGTCAGCACGT,0,3473160
tfaE_stfE_predicted,0.043478260869565216,22,22,AGCGCTCCTATGCAGGTTAA,0,3531783
tfaE_stfE_predicted,0.043478260869565216,22,22,AGCACTGGTAAGGGCTTAGG,0,3477373
tfaE_stfE_predicted,0.043478260869565216,22,22,AGATTTCAGGCTAATCCCAG,0,3489146
tfaE_stfE_predicted,0.043478260869565216,22,22,AGAGGTAGTCGTGTTTAATC,0,3534056
tfaE_stfE_predicted,0.043478260869565216,22,22,AGAGCCACGCTTAAAAGTGT,0,3482063
tfaE_stfE_predicted,0.043478260869565216,22,22,AGAGAAGGTGCAGATTAGAG,0,3494961
tfaE_stfE_predicted,0.043478260869565216,22,22,AGACTGCTAGAGTAGTCATT,0,3504349
tfaE_stfE_predicted,0.043478260869565216,22,22,ACTTAAATAATCCAGTTAAA,0,3491263
tfaE_stfE_predicted,0.043478260869565216,22,22,ACGTGATATCAACTGACCAG,0,3522002
tfaE_stfE_predicted,0.043478260869565216,22,22,ACGTAGGCGAGGATTGGAAC,0,3536395
tfaE_stfE_predicted,0.043478260869565216,22,22,ACCTATCTCGGCATCACATA,0,3507342
tfaE_stfE_predicted,0.043478260869565216,22,22,ACCGTAAATGAATTCAGTCT,0,3477886
tfaE_stfE_predicted,0.043478260869565216,22,22,ACCGGTCGTTGTAATCCCTG,0,3475189
tfaE_stfE_predicted,0.043478260869565216,22,22,ACCGCGGCATATATGGTATA,0,3499513
tfaE_stfE_predicted,0.043478260869565216,22,22,ACCGAATGTTAAGTTGCAGG,0,3473998
tfaE_stfE_predicted,0.043478260869565216,22,22,ACCCCAGCACGTAATGGTCA,0,3486328
tfaE_stfE_predicted,0.043478260869565216,22,22,ACCCAGTCATCGTAGTGAGA,0,3541012
tfaE_stfE_predicted,0.043478260869565216,22,22,ACCAACGTATAGGATAGTGA,0,3535351
tfaE_stfE_predicted,0.043478260869565216,22,22,ACATTGACAGTGACGATTCA,0,3533876
tfaE_stfE_predicted,0.043478260869565216,22,22,ACATGAGCAACGTTAGAGAG,0,3472868
tfaE_stfE_predicted,0.043478260869565216,22,22,ACATAGGCGTATTTACCCGT,0,3530066
tfaE_stfE_predicted,0.043478260869565216,22,22,ACAGCTCGCCGCAAGGGGTA,0,3480024
tfaE_stfE_predicted,0.043478260869565216,22,22,ACACGCCAAACTTTTCGTTC,0,3477200
tfaE_stfE_predicted,0.043478260869565216,22,22,AATTTTGGAATCCGACGGTA,0,3531762
tfaE_stfE_predicted,0.043478260869565216,22,22,AATTGCTCTACGCTTTAGAT,0,3504111
tfaE_stfE_predicted,0.043478260869565216,22,22,AATTGACGGTGTTGGGGGTC,0,3522137
tfaE_stfE_predicted,0.043478260869565216,22,22,AATGCCTCCTGATGGAGATG,0,3483832
tfaE_stfE_predicted,0.043478260869565216,22,22,AATGCCCAGGATAAAACCAT,0,3526618
tfaE_stfE_predicted,0.043478260869565216,22,22,AAGGTCGAGTGAGATCTGTT,0,3520457
tfaE_stfE_predicted,0.043478260869565216,22,22,AAGAGGTAAGCGACCGTAGT,0,3515036
tfaE_stfE_predicted,0.043478260869565216,22,22,AACTTGGCTGGTTTCCATAT,0,3511048
tfaE_stfE_predicted,0.043478260869565216,22,22,AACTTCCTAGGAGTACCTTA,0,3468448
tfaE_stfE_predicted,0.043478260869565216,22,22,AACTGTACAATAACAAGGAT,0,3488077
tfaE_stfE_predicted,0.043478260869565216,22,22,AACTGGTCCCTTAGATGATA,0,3508636
tfaE_stfE_predicted,0.043478260869565216,22,22,AACCACAATCCAACTGCACT,0,3484718
tfaE_stfE_predicted,0.043478260869565216,22,22,AACACATCTGACGATAGTAG,0,3518048
tfaE_stfE_predicted,0.043478260869565216,22,22,AACAAACACCGAGATTAACA,0,3475129
tfaE_stfE_predicted,0.043478260869565216,22,22,AAATGGACTCAATGGGGTCC,0,3488176
tfaE_stfE_predicted,0.043478260869565216,22,22,AAATCAAAATTTTCCTGCTA,0,3466853
tfaE_stfE_predicted,0.043478260869565216,22,22,AAATATGGTTCTCTGTACGT,0,3475072
tfaE_stfE_predicted,0.043478260869565216,22,22,AAAGGCGTGGTCGCAGGCGC,0,3511952
tfaE_stfE_predicted,0.045454545454545456,21,21,TTTCTACGAACCGGAAGATA,0,3484411
tfaE_stfE_predicted,0.045454545454545456,21,21,TTTCGCACGTGGTGGATAGT,0,3510180
tfaE_stfE_predicted,0.045454545454545456,21,21,TTGTGGTTAGCGCCGCCACG,0,3527234
tfaE_stfE_predicted,0.045454545454545456,21,21,TTGCGGCCGCCGTCCTGCAG,0,3522301
tfaE_stfE_predicted,0.045454545454545456,21,21,TTCTGACACTACCGGGGGTC,0,3524438
tfaE_stfE_predicted,0.045454545454545456,21,21,TTCGCTACGGGGGGTTTATA,0,3477367
tfaE_stfE_predicted,0.045454545454545456,21,21,TTCGCCGCGGGATGCCTACA,0,3470520
tfaE_stfE_predicted,0.045454545454545456,21,21,TTCGAAACTGTAGGCTGTGC,0,3505596
tfaE_stfE_predicted,0.045454545454545456,21,21,TTCCGTAAGTAAACTGCAAC,0,3510660
tfaE_stfE_predicted,0.045454545454545456,21,21,TTCCGATGAACGTCGTGGAG,0,3494073
tfaE_stfE_predicted,0.045454545454545456,21,21,TTATCTCGGGCCGAGAGGAT,0,3510795
tfaE_stfE_predicted,0.045454545454545456,21,21,TTAGGTTCGTGGGCATATGG,0,3525660
tfaE_stfE_predicted,0.045454545454545456,21,21,TTACAGGCGTACTGGGTAGT,0,3489515
tfaE_stfE_predicted,0.045454545454545456,21,21,TTAAGTTCTATAAGACAAGT,0,3497105
tfaE_stfE_predicted,0.045454545454545456,21,21,TGTCATCAGGACAACAAGGG,0,3524477
tfaE_stfE_predicted,0.045454545454545456,21,21,TGTATTACCAGCTGAAAATA,0,3489353
tfaE_stfE_predicted,0.045454545454545456,21,21,TGTACTCGGTTCTTTAAGCT,0,3467249
tfaE_stfE_predicted,0.045454545454545456,21,21,TGTACGCAGTAGAATTCTTT,0,3470390
tfaE_stfE_predicted,0.045454545454545456,21,21,TGGTGTCAACAATCCCGGCG,0,3495104
tfaE_stfE_predicted,0.045454545454545456,21,21,TGGTCGCAGATTAGCAGCCC,0,3495682
tfaE_stfE_predicted,0.045454545454545456,21,21,TGCTAAGACTTCTAGGACAT,0,3496703
tfaE_stfE_predicted,0.045454545454545456,21,21,TGCGGTTGGAGGGCTATCGT,0,3532064
tfaE_stfE_predicted,0.045454545454545456,21,21,TGCCTCCGATCTGCATTATG,0,3500920
tfaE_stfE_predicted,0.045454545454545456,21,21,TGCCCATCCGTATGGGTACT,0,3541013
tfaE_stfE_predicted,0.045454545454545456,21,21,TGCCCAGTACTAACGTCCAT,0,3528840
tfaE_stfE_predicted,0.045454545454545456,21,21,TGCATAAAGTTTTGCGGATA,0,3484102
tfaE_stfE_predicted,0.045454545454545456,21,21,TGCAGTTCGGGTTTCGGCAT,0,3513361
tfaE_stfE_predicted,0.045454545454545456,21,21,TGCACTCCGCACGCTCAGTG,0,3536350
tfaE_stfE_predicted,0.045454545454545456,21,21,TGAGGTCACGATATCGCTTT,0,3511504
tfaE_stfE_predicted,0.045454545454545456,21,21,TGACTAAAGACTAATGTGAA,0,3482240
tfaE_stfE_predicted,0.045454545454545456,21,21,TGACGTCCAGTGAGCCAACA,0,3520577
tfaE_stfE_predicted,0.045454545454545456,21,21,TGAACGGTGCCGGCTCAAAT,0,3471310
tfaE_stfE_predicted,0.045454545454545456,21,21,TGAAAAGGCTTGATCTTTTA,0,3500808
tfaE_stfE_predicted,0.045454545454545456,21,21,TCTTCTTCCTTCAATGAGGA,0,3499817
tfaE_stfE_predicted,0.045454545454545456,21,21,TCGTTGGGTCTAGGAAAAAC,0,3532659
tfaE_stfE_predicted,0.045454545454545456,21,21,TCGGTCGGCTCGGTTTGAAC,0,3487119
tfaE_stfE_predicted,0.045454545454545456,21,21,TCCCCGGCAGATCCCTTCCA,0,3513166
tfaE_stfE_predicted,0.045454545454545456,21,21,TCCATGCAGCGGGTGTATTC,0,3496101
tfaE_stfE_predicted,0.045454545454545456,21,21,TCCACAGTTTCCTAGCTAGA,0,3496343
tfaE_stfE_predicted,0.045454545454545456,21,21,TCACGCGGCTATGGTCCACA,0,3497162
tfaE_stfE_predicted,0.045454545454545456,21,21,TCACCTATTAGTATCAATTC,0,3487116
tfaE_stfE_predicted,0.045454545454545456,21,21,TCAAGGAATCAAGAGGTGCA,0,3490168
tfaE_stfE_predicted,0.045454545454545456,21,21,TCAACTGCGCTCGAACTGGC,0,3533541
tfaE_stfE_predicted,0.045454545454545456,21,21,TATTGTTAACGGGGTCACGG,0,3512370
tfaE_stfE_predicted,0.045454545454545456,21,21,TATTGTGGCTTCGGAACACA,0,3497839
tfaE_stfE_predicted,0.045454545454545456,21,21,TATTATAAGGTGATGCGGTC,0,3481102
tfaE_stfE_predicted,0.045454545454545456,21,21,TATGTTCCTGGGGGGAGGGA,0,3469340
tfaE_stfE_predicted,0.045454545454545456,21,21,TATGGTGGTCTAAGGGTCCG,0,3490133
tfaE_stfE_predicted,0.045454545454545456,21,21,TATCTTTGCTATTCTTGGTA,0,3478225
tfaE_stfE_predicted,0.045454545454545456,21,21,TATCGGCTGTGTCCCTGGGA,0,3471709
tfaE_stfE_predicted,0.045454545454545456,21,21,TATCAATACGGGTGGTTCAT,0,3470401
tfaE_stfE_predicted,0.045454545454545456,21,21,TAGTCCTGTACTATGCCGGC,0,3505607
tfaE_stfE_predicted,0.045454545454545456,21,21,TAGCGAATAAGTCTCGCGTT,0,3534380
tfaE_stfE_predicted,0.045454545454545456,21,21,TACTGCCCGTCATTGATCGT,0,3466813
tfaE_stfE_predicted,0.045454545454545456,21,21,TACTACGACTCCAATGCAAA,0,3536073
tfaE_stfE_predicted,0.045454545454545456,21,21,TACGCATAGCATAAAAACCA,0,3472470
tfaE_stfE_predicted,0.045454545454545456,21,21,TACCTGGGTGACCGGAACAA,0,3518427
tfaE_stfE_predicted,0.045454545454545456,21,21,TAACTACCAGGGGGCGCGAG,0,3507059
tfaE_stfE_predicted,0.045454545454545456,21,21,TAAATCGAAGCTGCCGACCT,0,3488018
tfaE_stfE_predicted,0.045454545454545456,21,21,TAAACTTTATTCCAAGGTGA,0,3514258
tfaE_stfE_predicted,0.045454545454545456,21,21,TAAAAGGCATGCATGGGGAA,0,3476708
tfaE_stfE_predicted,0.045454545454545456,21,21,GTTTTGTGACAGCATCACTT,0,3471862
tfaE_stfE_predicted,0.045454545454545456,21,21,GTTTGCTATCGATGGCAGTC,0,3526831
tfaE_stfE_predicted,0.045454545454545456,21,21,GTTTCATTGAGTCGTGCGTA,0,3501815
tfaE_stfE_predicted,0.045454545454545456,21,21,GTTTAGAGACGTAGAGATCT,0,3491433
tfaE_stfE_predicted,0.045454545454545456,21,21,GTTGTTAACAGTTCAACCAT,0,3474238
tfaE_stfE_predicted,0.045454545454545456,21,21,GTTATGATGGGGTGTAACCA,0,3539714
tfaE_stfE_predicted,0.045454545454545456,21,21,GTTATCACCATTCGGTCCTT,0,3527923
tfaE_stfE_predicted,0.045454545454545456,21,21,GTTAAAGGCTGGTGTACCTT,0,3508174
tfaE_stfE_predicted,0.045454545454545456,21,21,GTGTGAGCTAACCCACTACA,0,3511128
tfaE_stfE_predicted,0.045454545454545456,21,21,GTGAGTCAGCAGGGGTGGTG,0,3508029
tfaE_stfE_predicted,0.045454545454545456,21,21,GTGACCCTTATAGATAGCAT,0,3494960
tfaE_stfE_predicted,0.045454545454545456,21,21,GTGAATGAGCCCATACGCCA,0,3516454
tfaE_stfE_predicted,0.045454545454545456,21,21,GTCTGCGTGAATGAGTCTCT,0,3533309
tfaE_stfE_predicted,0.045454545454545456,21,21,GTCGTCCAATGGTGCGATCT,0,3540840
tfaE_stfE_predicted,0.045454545454545456,21,21,GTCCTTTTTATTTAATTAGC,0,3498329
tfaE_stfE_predicted,0.045454545454545456,21,21,GTCAGATAGTTACTGAGCAT,0,3489648
tfaE_stfE_predicted,0.045454545454545456,21,21,GTCACGCCTTCAGAACTTGT,0,3505263
tfaE_stfE_predicted,0.045454545454545456,21,21,GTCAATACCTGGAGCGGCGC,0,3509300
tfaE_stfE_predicted,0.045454545454545456,21,21,GTATGGAACCGTTTGGCCAG,0,3501775
tfaE_stfE_predicted,0.045454545454545456,21,21,GTATCCTTGAGGATGAGCGA,0,3477995
tfaE_stfE_predicted,0.045454545454545456,21,21,GTACCTTCTCCTTAGTAGCA,0,3514414
tfaE_stfE_predicted,0.045454545454545456,21,21,GGTGATAGGGGATTTTCACC,0,3532127
tfaE_stfE_predicted,0.045454545454545456,21,21,GGTAGCGAAGGGCAATAATG,0,3518699
tfaE_stfE_predicted,0.045454545454545456,21,21,GGGTTATGTTGAGCCCTGCG,0,3490577
tfaE_stfE_predicted,0.045454545454545456,21,21,GGGTGCCATATGCGGCTCTT,0,3499195
tfaE_stfE_predicted,0.045454545454545456,21,21,GGGTCGGGTAAGCATAATGA,0,3527549
tfaE_stfE_predicted,0.045454545454545456,21,21,GGGTAAGAGACAGATGAGGT,0,3527231
tfaE_stfE_predicted,0.045454545454545456,21,21,GGGCTAAGGCGACTTATTAT,0,3532138
tfaE_stfE_predicted,0.045454545454545456,21,21,GGGCCACAAGCCTCTATAGC,0,3525010
tfaE_stfE_predicted,0.045454545454545456,21,21,GGGATCCATGTTCGTATGCT,0,3498603
tfaE_stfE_predicted,0.045454545454545456,21,21,GGGACGCCACTGTCACATCT,0,3497458
tfaE_stfE_predicted,0.045454545454545456,21,21,GGGAAACACCCCGAACGAGA,0,3530179
tfaE_stfE_predicted,0.045454545454545456,21,21,GGCTCCCTACTCACCGGCAT,0,3529744
tfaE_stfE_predicted,0.045454545454545456,21,21,GGCTACCCGGGTTCACAGAA,0,3530044
tfaE_stfE_predicted,0.045454545454545456,21,21,GGCCGATGGACGGAGAGTTT,0,3493694
tfaE_stfE_predicted,0.045454545454545456,21,21,GGCATGCTCCCAGACTCCCA,0,3512763
tfaE_stfE_predicted,0.045454545454545456,21,21,GGATGATGCCGGCGTAGATG,0,3528418
tfaE_stfE_predicted,0.045454545454545456,21,21,GGACCCTCGCGGATGTCCGA,0,3495517
tfaE_stfE_predicted,0.045454545454545456,21,21,GGACAACAATTGAGATCGGA,0,3504363
tfaE_stfE_predicted,0.045454545454545456,21,21,GGAAGGGATGACCACATACA,0,3507987
tfaE_stfE_predicted,0.045454545454545456,21,21,GCTTCTCAGAGAATTGTCAT,0,3499111
tfaE_stfE_predicted,0.045454545454545456,21,21,GCTAGAACATTCACGTGGGG,0,3531903
tfaE_stfE_predicted,0.045454545454545456,21,21,GCGTCAAATTAAAGGTAGCC,0,3534655
tfaE_stfE_predicted,0.045454545454545456,21,21,GCGGTGTAGGAAGGGTTACA,0,3531995
tfaE_stfE_predicted,0.045454545454545456,21,21,GCGGCTCTTTTGTCATTCCT,0,3506029
tfaE_stfE_predicted,0.045454545454545456,21,21,GCGCGGTGTAACTAAGGTCC,0,3499015
tfaE_stfE_predicted,0.045454545454545456,21,21,GCGCGGATCATAATTGCACG,0,3482426
tfaE_stfE_predicted,0.045454545454545456,21,21,GCCTCCAAACCAACTGGTCA,0,3533281
tfaE_stfE_predicted,0.045454545454545456,21,21,GCCGAGCTAGCTGACTTATG,0,3471811
tfaE_stfE_predicted,0.045454545454545456,21,21,GCCCGGAGTGTCTTAAATCA,0,3469971
tfaE_stfE_predicted,0.045454545454545456,21,21,GCATCGCAAGTTTTCTGAGA,0,3500281
tfaE_stfE_predicted,0.045454545454545456,21,21,GCATCCCAGTTTCCGGGTGC,0,3509437
tfaE_stfE_predicted,0.045454545454545456,21,21,GCATACCAATCCGGTCGAGA,0,3472726
tfaE_stfE_predicted,0.045454545454545456,21,21,GCAGTCGGAGGTTCCGGTCT,0,3468089
tfaE_stfE_predicted,0.045454545454545456,21,21,GCAGGAAGGTTGTCCCAGGA,0,3472892
tfaE_stfE_predicted,0.045454545454545456,21,21,GCAGCCGATAGAACGGCCTT,0,3523768
tfaE_stfE_predicted,0.045454545454545456,21,21,GCAGATTGATAACAGTGGTC,0,3522290
tfaE_stfE_predicted,0.045454545454545456,21,21,GCACGAGGTACCTATGCGCC,0,3499698
tfaE_stfE_predicted,0.045454545454545456,21,21,GCACCCGTTCTGAGTTGCAA,0,3483273
tfaE_stfE_predicted,0.045454545454545456,21,21,GCAAAGCTCAATAGCCTTAG,0,3487085
tfaE_stfE_predicted,0.045454545454545456,21,21,GATCTCGCTCCCAGCTGGTG,0,3536202
tfaE_stfE_predicted,0.045454545454545456,21,21,GATCCTGTTGTGTCAATAGT,0,3536633
tfaE_stfE_predicted,0.045454545454545456,21,21,GAGTGCAGGACTCCAGAAGA,0,3494516
tfaE_stfE_predicted,0.045454545454545456,21,21,GAGCCTCCCGCATACCTGCA,0,3540087
tfaE_stfE_predicted,0.045454545454545456,21,21,GACAGGACACATGTACCTAA,0,3478153
tfaE_stfE_predicted,0.045454545454545456,21,21,GAATGGTTTAGCAGACACCG,0,3494918
tfaE_stfE_predicted,0.045454545454545456,21,21,GAACATACTTTAGTATAATC,0,3534565
tfaE_stfE_predicted,0.045454545454545456,21,21,CTTTTGTTCCGTAGAGTCCT,0,3509084
tfaE_stfE_predicted,0.045454545454545456,21,21,CTTGTATCGGACGAATGGTG,0,3507484
tfaE_stfE_predicted,0.045454545454545456,21,21,CTTCTCCAGCCTTAAAGCAA,0,3538033
tfaE_stfE_predicted,0.045454545454545456,21,21,CTGTAGAGGGCAGCGTGACG,0,3515224
tfaE_stfE_predicted,0.045454545454545456,21,21,CTGGTTTTAGGTGCGAGGGG,0,3541171
tfaE_stfE_predicted,0.045454545454545456,21,21,CTGGCAGGCGCTAAATTCCT,0,3505690
tfaE_stfE_predicted,0.045454545454545456,21,21,CTGGAGAGCAGAACCCTATA,0,3483410
tfaE_stfE_predicted,0.045454545454545456,21,21,CTGACTTAGAGCCATTGGAG,0,3518445
tfaE_stfE_predicted,0.045454545454545456,21,21,CTCTCAATGCGGTGTCGGAA,0,3533673
tfaE_stfE_predicted,0.045454545454545456,21,21,CTCCCAGACTTTTTGAGGTA,0,3512672
tfaE_stfE_predicted,0.045454545454545456,21,21,CTATGTATTTCGTGGATCTG,0,3477605
tfaE_stfE_predicted,0.045454545454545456,21,21,CTATGGTATGAGCGTACCTA,0,3467044
tfaE_stfE_predicted,0.045454545454545456,21,21,CTATGGAGGCACCGCCGCGG,0,3468286
tfaE_stfE_predicted,0.045454545454545456,21,21,CTATGACCTCCCGCTGACCA,0,3521533
tfaE_stfE_predicted,0.045454545454545456,21,21,CGTATATAACAATTTCCTTA,0,3518174
tfaE_stfE_predicted,0.045454545454545456,21,21,CGGTCATCCGAGGCTGTTCA,0,3481178
tfaE_stfE_predicted,0.045454545454545456,21,21,CGGGTTGAGCCTGTGCGGTT,0,3518371
tfaE_stfE_predicted,0.045454545454545456,21,21,CGGGGCGCTGACGATGCTCC,0,3535669
tfaE_stfE_predicted,0.045454545454545456,21,21,CGGGACATGAAGTGTTAAAG,0,3527029
tfaE_stfE_predicted,0.045454545454545456,21,21,CGGCCTTATGGCACCAAGCG,0,3540870
tfaE_stfE_predicted,0.045454545454545456,21,21,CGGAATCGCATTCACATACA,0,3508412
tfaE_stfE_predicted,0.045454545454545456,21,21,CGCTCTTTCTTGCCGGGGAG,0,3518169
tfaE_stfE_predicted,0.045454545454545456,21,21,CGCGTTACCACGCAAATGCG,0,3510396
tfaE_stfE_predicted,0.045454545454545456,21,21,CGCGGCATTTGGAGTACTAA,0,3517918
tfaE_stfE_predicted,0.045454545454545456,21,21,CGCGCCAGAAATAACCGTGC,0,3534219
tfaE_stfE_predicted,0.045454545454545456,21,21,CGCCCCGTCTGTCTAGCGTA,0,3469337
tfaE_stfE_predicted,0.045454545454545456,21,21,CGCAACACCTCGTTTTGACA,0,3480407
tfaE_stfE_predicted,0.045454545454545456,21,21,CGACTATAAATAAAGCTATA,0,3485761
tfaE_stfE_predicted,0.045454545454545456,21,21,CGACAAGGAATTGTTCTAAT,0,3524507
tfaE_stfE_predicted,0.045454545454545456,21,21,CCTGCCCTACGCTTCATTAT,0,3488193
tfaE_stfE_predicted,0.045454545454545456,21,21,CCTCCACGGCAGGTTGCGGT,0,3533612
tfaE_stfE_predicted,0.045454545454545456,21,21,CCTCACAATCACCAACGCAA,0,3507302
tfaE_stfE_predicted,0.045454545454545456,21,21,CCGTTGCGTTTATTTCGCAT,0,3531906
tfaE_stfE_predicted,0.045454545454545456,21,21,CCGGCGTCATATATCGACAG,0,3505460
tfaE_stfE_predicted,0.045454545454545456,21,21,CCGCTTTGACGCTGCCGTCA,0,3516050
tfaE_stfE_predicted,0.045454545454545456,21,21,CCGCATCCAAGGGCGTGAGG,0,3470224
tfaE_stfE_predicted,0.045454545454545456,21,21,CCCCCTGTGGTGGACCGCGT,0,3487962
tfaE_stfE_predicted,0.045454545454545456,21,21,CCCAATTGAACGCTAGGAAT,0,3500494
tfaE_stfE_predicted,0.045454545454545456,21,21,CCCAATAATAATTTCCACGC,0,3474065
tfaE_stfE_predicted,0.045454545454545456,21,21,CCAGCGAAACCGTATGTCAA,0,3499364
tfaE_stfE_predicted,0.045454545454545456,21,21,CCACTATGGATCAGGTGAAG,0,3488985
tfaE_stfE_predicted,0.045454545454545456,21,21,CCACGCGTGCCCCGTCGGAA,0,3482992
tfaE_stfE_predicted,0.045454545454545456,21,21,CCAAGGAGCTTTATAGGCAT,0,3486680
tfaE_stfE_predicted,0.045454545454545456,21,21,CAGTGACATCCGGTCGGCCA,0,3539925
tfaE_stfE_predicted,0.045454545454545456,21,21,CAGCGATTGCAGGTAGGAGT,0,3534953
tfaE_stfE_predicted,0.045454545454545456,21,21,CAGATTGGGTTTTATGCATA,0,3536868
tfaE_stfE_predicted,0.045454545454545456,21,21,CACGGACTAAGTACGAGGGG,0,3484788
tfaE_stfE_predicted,0.045454545454545456,21,21,CACGCGCAATGTTATTTGTA,0,3481740
tfaE_stfE_predicted,0.045454545454545456,21,21,CACGAGACGCGCAAACTCCT,0,3508936
tfaE_stfE_predicted,0.045454545454545456,21,21,CACCTGATACCCGCTCATTT,0,3476239
tfaE_stfE_predicted,0.045454545454545456,21,21,CACCCTGCCGGCATTGCCTT,0,3529071
tfaE_stfE_predicted,0.045454545454545456,21,21,CACCCTGACTTGGGTGGTTC,0,3497237
tfaE_stfE_predicted,0.045454545454545456,21,21,CACCAACGGGCGCGCGCTCC,0,3480266
tfaE_stfE_predicted,0.045454545454545456,21,21,CACATGGTCAGGCGGGTTCA,0,3477302
tfaE_stfE_predicted,0.045454545454545456,21,21,CACAATCAACCCAATCGATA,0,3497865
tfaE_stfE_predicted,0.045454545454545456,21,21,CAAGCACAGGAGTTAGTTCC,0,3476760
tfaE_stfE_predicted,0.045454545454545456,21,21,CAACATGCCCAACCAAGTCT,0,3498868
tfaE_stfE_predicted,0.045454545454545456,21,21,CAAATTTCGTTCGTCGCGAT,0,3469144
tfaE_stfE_predicted,0.045454545454545456,21,21,ATTGTAGAAAGCATATAACT,0,3501615
tfaE_stfE_predicted,0.045454545454545456,21,21,ATTGGTTTAGCGACGAAATA,0,3537955
tfaE_stfE_predicted,0.045454545454545456,21,21,ATTCTCCTGATTTTCTTAAC,0,3471874
tfaE_stfE_predicted,0.045454545454545456,21,21,ATTCATGATTGCAGATCGTC,0,3528741
tfaE_stfE_predicted,0.045454545454545456,21,21,ATGTATAAGACGTCTAGGAA,0,3517712
tfaE_stfE_predicted,0.045454545454545456,21,21,ATGGTCGCCACAAATGGGCA,0,3486371
tfaE_stfE_predicted,0.045454545454545456,21,21,ATGGATCCTGGCGCAACCAC,0,3482217
tfaE_stfE_predicted,0.045454545454545456,21,21,ATGAATCTTGACAACGGATG,0,3535216
tfaE_stfE_predicted,0.045454545454545456,21,21,ATCTCTTGCCGGTAGGGAAA,0,3482169
tfaE_stfE_predicted,0.045454545454545456,21,21,ATCGGCAGGATCTCGATTAT,0,3471165
tfaE_stfE_predicted,0.045454545454545456,21,21,ATCATACGGGCGATCTGACA,0,3510531
tfaE_stfE_predicted,0.045454545454545456,21,21,ATCAGTAACCACCTATTTAA,0,3521672
tfaE_stfE_predicted,0.045454545454545456,21,21,ATCAGGCCCGAGCATTGCCT,0,3536783
tfaE_stfE_predicted,0.045454545454545456,21,21,ATCAGAAACATTATGAAACG,0,3531085
tfaE_stfE_predicted,0.045454545454545456,21,21,ATAGGACATGGATATAAAAT,0,3535147
tfaE_stfE_predicted,0.045454545454545456,21,21,ATAATATGCCAGAGAGGTGT,0,3480210
tfaE_stfE_predicted,0.045454545454545456,21,21,AGTTTGCTGATTAAGTCTCA,0,3485862
tfaE_stfE_predicted,0.045454545454545456,21,21,AGTGTTGTGACGACCGGAGT,0,3497353
tfaE_stfE_predicted,0.045454545454545456,21,21,AGTGACCCAAATGACGTGTG,0,3492672
tfaE_stfE_predicted,0.045454545454545456,21,21,AGTCGTCGTTAAATGTTTTA,0,3470561
tfaE_stfE_predicted,0.045454545454545456,21,21,AGTCGGGAATGTTATAAAGG,0,3491560
tfaE_stfE_predicted,0.045454545454545456,21,21,AGTCATGTTGTGGCTACTCT,0,3467681
tfaE_stfE_predicted,0.045454545454545456,21,21,AGGGTCGGCCGAACCGCACA,0,3489529
tfaE_stfE_predicted,0.045454545454545456,21,21,AGGGCACTCGGGGGGTATTG,0,3503367
tfaE_stfE_predicted,0.045454545454545456,21,21,AGCTTTGGAGGGTGAGATGA,0,3505046
tfaE_stfE_predicted,0.045454545454545456,21,21,AGCTCCCACGCTATGGACAT,0,3509436
tfaE_stfE_predicted,0.045454545454545456,21,21,AGCGTATAACAGGTAAAAAT,0,3538989
tfaE_stfE_predicted,0.045454545454545456,21,21,AGCGGGTATATTTAGTGGTC,0,3497048
tfaE_stfE_predicted,0.045454545454545456,21,21,AGCCCTTTGGTACCTTGGAT,0,3521480
tfaE_stfE_predicted,0.045454545454545456,21,21,AGCCCTCACATACTGCTTCT,0,3472353
tfaE_stfE_predicted,0.045454545454545456,21,21,AGCACGTATTCTGCCAAAGA,0,3485999
tfaE_stfE_predicted,0.045454545454545456,21,21,AGAGCATAAATCATCCTTTA,0,3486187
tfaE_stfE_predicted,0.045454545454545456,21,21,AGACGCACTCACGAAAACGA,0,3469618
tfaE_stfE_predicted,0.045454545454545456,21,21,AGAACCCCGACCCTATACTT,0,3520298
tfaE_stfE_predicted,0.045454545454545456,21,21,ACTTGGCTCTACTAAAGTGC,0,3470230
tfaE_stfE_predicted,0.045454545454545456,21,21,ACTGCTCGCCAGCCGGGAGA,0,3493686
tfaE_stfE_predicted,0.045454545454545456,21,21,ACGTTGTCTGGCCGCGTTGC,0,3468538
tfaE_stfE_predicted,0.045454545454545456,21,21,ACGAGTGGTGGTCAGCCGGC,0,3492689
tfaE_stfE_predicted,0.045454545454545456,21,21,ACCTTAGGGGCCGTTTGTCG,0,3519251
tfaE_stfE_predicted,0.045454545454545456,21,21,ACCTGGTTCCACTATTGTTA,0,3504634
tfaE_stfE_predicted,0.045454545454545456,21,21,ACCGTACGGTAGCAATAATT,0,3484999
tfaE_stfE_predicted,0.045454545454545456,21,21,ACCCTACGCCGGTTTACTCA,0,3527352
tfaE_stfE_predicted,0.045454545454545456,21,21,ACCACAACACTGTCTATCTT,0,3485590
tfaE_stfE_predicted,0.045454545454545456,21,21,ACAGGCACATAGGCTTTGTG,0,3527516
tfaE_stfE_predicted,0.045454545454545456,21,21,ACAAGGGACGTGGGGATTTG,0,3472818
tfaE_stfE_predicted,0.045454545454545456,21,21,ACAACCCACCTCTCGTCTCC,0,3505393
tfaE_stfE_predicted,0.045454545454545456,21,21,AATTCAATGGCCCTACGGTG,0,3468869
tfaE_stfE_predicted,0.045454545454545456,21,21,AATTAGTGGCATAGGTTAAG,0,3471153
tfaE_stfE_predicted,0.045454545454545456,21,21,AATGGGCTGGCCTCTCTCTG,0,3478275
tfaE_stfE_predicted,0.045454545454545456,21,21,AATAAGTAATTCGCTACTCT,0,3529179
tfaE_stfE_predicted,0.045454545454545456,21,21,AAGTTTACGGATGTTGTCTT,0,3520254
tfaE_stfE_predicted,0.045454545454545456,21,21,AAGGTGTCGCTGTACGTTTT,0,3494469
tfaE_stfE_predicted,0.045454545454545456,21,21,AAGCCTCGGGTGACTATCAT,0,3506344
tfaE_stfE_predicted,0.045454545454545456,21,21,AAGAGCGCGAATGATCTAGC,0,3505102
tfaE_stfE_predicted,0.045454545454545456,21,21,AAATAATTGACATATTTGAT,0,3479101
tfaE_stfE_predicted,0.045454545454545456,21,21,AAAGGATTCTGGCCAGAGGC,0,3530494
tfaE_stfE_predicted,0.045454545454545456,21,21,AAAAGCGGGTAGGCGGTTGC,0,3496947
tfaE_stfE_predicted,0.047619047619047616,20,20,TTTCTTTACTCCTCTCCGTC,0,3534287
tfaE_stfE_predicted,0.047619047619047616,20,20,TTTCTCATGGCCTTCTCGGT,0,3484522
tfaE_stfE_predicted,0.047619047619047616,20,20,TTTCTATTTTGTATTATCAA,0,3536208
tfaE_stfE_predicted,0.047619047619047616,20,20,TTTAAGTTGACTATCAACGG,0,3538900
tfaE_stfE_predicted,0.047619047619047616,20,20,TTGTCATGGGCGAAATTTCG,0,3533409
tfaE_stfE_predicted,0.047619047619047616,20,20,TTGGTGCGATAGGGTACAGA,0,3525376
tfaE_stfE_predicted,0.047619047619047616,20,20,TTCATCAGAGGTGAGCTGTC,0,3486801
tfaE_stfE_predicted,0.047619047619047616,20,20,TTCAAGTTGGGCACGGCCAT,0,3473670
tfaE_stfE_predicted,0.047619047619047616,20,20,TTCAACCGACGCCACATGGA,0,3493353
tfaE_stfE_predicted,0.047619047619047616,20,20,TTATGGGTTTATGCTATGAC,0,3529691
tfaE_stfE_predicted,0.047619047619047616,20,20,TTATGGAAGGCGACAAAAGG,0,3506829
tfaE_stfE_predicted,0.047619047619047616,20,20,TTAACGGGGGAAGCCAAGGC,0,3483507
tfaE_stfE_predicted,0.047619047619047616,20,20,TGTTTGAGGTACGGCACCAA,0,3467608
tfaE_stfE_predicted,0.047619047619047616,20,20,TGTGCTCTCCATGAACACGA,0,3479520
tfaE_stfE_predicted,0.047619047619047616,20,20,TGTCGGCAGCATGGCGTACC,0,3533968
tfaE_stfE_predicted,0.047619047619047616,20,20,TGTAGCGGAAGTTTGCCCTG,0,3498919
tfaE_stfE_predicted,0.047619047619047616,20,20,TGTACCTTTTTAGGGACAGC,0,3487220
tfaE_stfE_predicted,0.047619047619047616,20,20,TGTACCCGTCATTCGACGGA,0,3508439
tfaE_stfE_predicted,0.047619047619047616,20,20,TGGTTTTAACGGATTGGGTT,0,3468887
tfaE_stfE_predicted,0.047619047619047616,20,20,TGGTTGTATGAGAGCTAAGG,0,3539999
tfaE_stfE_predicted,0.047619047619047616,20,20,TGGGTGCACACTGCATACTA,0,3491970
tfaE_stfE_predicted,0.047619047619047616,20,20,TGGACAAAATTAGTCATTAT,0,3536775
tfaE_stfE_predicted,0.047619047619047616,20,20,TGCGTGAGCCTTATTTAATG,0,3467429
tfaE_stfE_predicted,0.047619047619047616,20,20,TGCGGGAGCTGCGGCCGAAT,0,3472636
tfaE_stfE_predicted,0.047619047619047616,20,20,TGCCGTGGAAAAACGCTTTT,0,3508285
tfaE_stfE_predicted,0.047619047619047616,20,20,TGATAGCGGGCACGTACGGG,0,3472162
tfaE_stfE_predicted,0.047619047619047616,20,20,TGAGGTTCTCTCTTGCTTAA,0,3516617
tfaE_stfE_predicted,0.047619047619047616,20,20,TGAGGGTAATCATGTGTTAT,0,3511428
tfaE_stfE_predicted,0.047619047619047616,20,20,TGAAATGCACTCCTAAAGGT,0,3479100
tfaE_stfE_predicted,0.047619047619047616,20,20,TCTGCTGTGTGTATTCTGAG,0,3503675
tfaE_stfE_predicted,0.047619047619047616,20,20,TCTGACTTTTCTGCGTGCAG,0,3482113
tfaE_stfE_predicted,0.047619047619047616,20,20,TCTATCGAGTTGGTCACCCG,0,3486021
tfaE_stfE_predicted,0.047619047619047616,20,20,TCTAGTAGCCCACGGTTTCG,0,3486524
tfaE_stfE_predicted,0.047619047619047616,20,20,TCTACACTAAGTATCATGAT,0,3534987
tfaE_stfE_predicted,0.047619047619047616,20,20,TCGTTGGGAATGCTCCGAGT,0,3505013
tfaE_stfE_predicted,0.047619047619047616,20,20,TCGGGCAGGCACGTCGAACT,0,3504357
tfaE_stfE_predicted,0.047619047619047616,20,20,TCGCTCTTGCATTGGACCAC,0,3486175
tfaE_stfE_predicted,0.047619047619047616,20,20,TCGCAAAAGGATCGGCAATC,0,3468506
tfaE_stfE_predicted,0.047619047619047616,20,20,TCGAGAGGAAACGCGGTACA,0,3513255
tfaE_stfE_predicted,0.047619047619047616,20,20,TCCTTACAAGTGTACGTTTG,0,3501217
tfaE_stfE_predicted,0.047619047619047616,20,20,TCCGACGTCACGAAACGGTG,0,3470267
tfaE_stfE_predicted,0.047619047619047616,20,20,TCCCTTCTATCTTTTGATGT,0,3525311
tfaE_stfE_predicted,0.047619047619047616,20,20,TCCCTAAGCTTTTCCAACCC,0,3505331
tfaE_stfE_predicted,0.047619047619047616,20,20,TCCATCAGCGATTGACTTAG,0,3476906
tfaE_stfE_predicted,0.047619047619047616,20,20,TCCAGTAAGAAAATGTCATG,0,3471127
tfaE_stfE_predicted,0.047619047619047616,20,20,TCATCCACGACGACATGCTA,0,3508764
tfaE_stfE_predicted,0.047619047619047616,20,20,TCATCAGCATTCTTACTGAG,0,3520971
tfaE_stfE_predicted,0.047619047619047616,20,20,TCACGGTTTCCCATTCAATG,0,3519312
tfaE_stfE_predicted,0.047619047619047616,20,20,TCAATGAATAGCGGTGGTGT,0,3540750
tfaE_stfE_predicted,0.047619047619047616,20,20,TATTTGGCCTAACGGCCCCG,0,3502927
tfaE_stfE_predicted,0.047619047619047616,20,20,TATGCATTGCGGCTGCTCGA,0,3540758
tfaE_stfE_predicted,0.047619047619047616,20,20,TATCACAGGTTACTCAGGCC,0,3470723
tfaE_stfE_predicted,0.047619047619047616,20,20,TAGGCGGTGCAATTTTCCCT,0,3532802
tfaE_stfE_predicted,0.047619047619047616,20,20,TAGGAGCGAGCAGTTAAGTA,0,3528305
tfaE_stfE_predicted,0.047619047619047616,20,20,TAGCCGTTTCCGCCTTCGTC,0,3507275
tfaE_stfE_predicted,0.047619047619047616,20,20,TAGCCGTAAAGATGTTTGCA,0,3482336
tfaE_stfE_predicted,0.047619047619047616,20,20,TAGCCCTATATTGACAAGAG,0,3478764
tfaE_stfE_predicted,0.047619047619047616,20,20,TAGACAGACTCCGGCCATCT,0,3489181
tfaE_stfE_predicted,0.047619047619047616,20,20,TACTTTCACTGGGAATATAT,0,3520397
tfaE_stfE_predicted,0.047619047619047616,20,20,TACGTGGACATAATGAGGAG,0,3536638
tfaE_stfE_predicted,0.047619047619047616,20,20,TACGACAAGTACTGCATAGT,0,3487159
tfaE_stfE_predicted,0.047619047619047616,20,20,TACAGATAGCATCCTAGTGT,0,3498202
tfaE_stfE_predicted,0.047619047619047616,20,20,TAATGACCTTTACTAGCAGT,0,3516680
tfaE_stfE_predicted,0.047619047619047616,20,20,TAAGGGAGCGATGGTTCGGA,0,3469723
tfaE_stfE_predicted,0.047619047619047616,20,20,TAACAGTATCCGCCTTGACT,0,3509669
tfaE_stfE_predicted,0.047619047619047616,20,20,GTTTGCAGTTCCAAAGCTTG,0,3505697
tfaE_stfE_predicted,0.047619047619047616,20,20,GTTCATAAGTATGAAACGGT,0,3510719
tfaE_stfE_predicted,0.047619047619047616,20,20,GTGTACTCGTTCGCGCCTTG,0,3508887
tfaE_stfE_predicted,0.047619047619047616,20,20,GTGGCTCAAGCAGTGTTTCT,0,3517276
tfaE_stfE_predicted,0.047619047619047616,20,20,GTGCAACTATACACGGACTT,0,3529829
tfaE_stfE_predicted,0.047619047619047616,20,20,GTCTCATTAGCGGTAAATAC,0,3527955
tfaE_stfE_predicted,0.047619047619047616,20,20,GTCTATCTCATGTACTGTAC,0,3534808
tfaE_stfE_predicted,0.047619047619047616,20,20,GTCTATACGTTCGGTTCGAT,0,3490527
tfaE_stfE_predicted,0.047619047619047616,20,20,GTCCGCCAAACTCAGGCCTA,0,3479486
tfaE_stfE_predicted,0.047619047619047616,20,20,GTATCGCACACACGGTGCGT,0,3471843
tfaE_stfE_predicted,0.047619047619047616,20,20,GTATATGAAGCAGGCGGTTC,0,3474236
tfaE_stfE_predicted,0.047619047619047616,20,20,GTAGTACACGGCTAATTCGC,0,3529507
tfaE_stfE_predicted,0.047619047619047616,20,20,GTACCAAGTGGTAGTGTTAC,0,3530167
tfaE_stfE_predicted,0.047619047619047616,20,20,GTACATGAGAGTCGGATAGG,0,3476537
tfaE_stfE_predicted,0.047619047619047616,20,20,GGTTCGGCCCGTTCCGACGC,0,3535953
tfaE_stfE_predicted,0.047619047619047616,20,20,GGTGGGATGGTCGCGGTCCT,0,3468948
tfaE_stfE_predicted,0.047619047619047616,20,20,GGTGGGAATTCACCGAATGC,0,3482791
tfaE_stfE_predicted,0.047619047619047616,20,20,GGTGGCAGTCACGTTGTAGC,0,3497132
tfaE_stfE_predicted,0.047619047619047616,20,20,GGTGAGCGAAGCGGTGGAGC,0,3525144
tfaE_stfE_predicted,0.047619047619047616,20,20,GGTATGGCGGATCTCGCTCA,0,3471347
tfaE_stfE_predicted,0.047619047619047616,20,20,GGTATAGCATAAGATGTTTT,0,3481283
tfaE_stfE_predicted,0.047619047619047616,20,20,GGTAGGACGCGCTCCGCAGA,0,3491924
tfaE_stfE_predicted,0.047619047619047616,20,20,GGGTTACAAAGAACTTGTAA,0,3487989
tfaE_stfE_predicted,0.047619047619047616,20,20,GGGTGGACTTCATAAGGCAG,0,3514830
tfaE_stfE_predicted,0.047619047619047616,20,20,GGGGGAGACTCAATGATGTT,0,3489651
tfaE_stfE_predicted,0.047619047619047616,20,20,GGGCAGTGTGATCTCATATC,0,3513086
tfaE_stfE_predicted,0.047619047619047616,20,20,GGCTTGGGCTTTGCCGCATC,0,3525012
tfaE_stfE_predicted,0.047619047619047616,20,20,GGCTTGACTGTCTGCCAAAA,0,3524576
tfaE_stfE_predicted,0.047619047619047616,20,20,GGCTGTAATACAACACATAT,0,3534822
tfaE_stfE_predicted,0.047619047619047616,20,20,GGCTCCCGGCAATGGACAGA,0,3516562
tfaE_stfE_predicted,0.047619047619047616,20,20,GGCACTACGGTACGGTGGAG,0,3479609
tfaE_stfE_predicted,0.047619047619047616,20,20,GGCAAATAAACTAGGGATAT,0,3533224
tfaE_stfE_predicted,0.047619047619047616,20,20,GGAGGTTATTCAAGTTATTG,0,3523558
tfaE_stfE_predicted,0.047619047619047616,20,20,GGACTGTTCGTAAGTTGTAT,0,3492324
tfaE_stfE_predicted,0.047619047619047616,20,20,GGAATGCAGCGGTTGGAGAT,0,3535458
tfaE_stfE_predicted,0.047619047619047616,20,20,GGAACCGAGCGTATCAGGTT,0,3525216
tfaE_stfE_predicted,0.047619047619047616,20,20,GCTCCACCTCGACCATATCT,0,3529386
tfaE_stfE_predicted,0.047619047619047616,20,20,GCTCACAACCGTTACGCGCC,0,3520835
tfaE_stfE_predicted,0.047619047619047616,20,20,GCTACGACATCAGACTACCA,0,3491137
tfaE_stfE_predicted,0.047619047619047616,20,20,GCGTTCTGAGTAGCGGGTCT,0,3536303
tfaE_stfE_predicted,0.047619047619047616,20,20,GCGGAGTCGAATCGGTTGTT,0,3473053
tfaE_stfE_predicted,0.047619047619047616,20,20,GCGAAGTTCCAAACCCCCGA,0,3535293
tfaE_stfE_predicted,0.047619047619047616,20,20,GCCTAACCGCCAAGCGGTAA,0,3502695
tfaE_stfE_predicted,0.047619047619047616,20,20,GCCCTGTTGTTACAAGAGCA,0,3486349
tfaE_stfE_predicted,0.047619047619047616,20,20,GCCCTATCCGTCTGATGCGC,0,3489704
tfaE_stfE_predicted,0.047619047619047616,20,20,GCCATACGTCTTGCGATGCC,0,3502360
tfaE_stfE_predicted,0.047619047619047616,20,20,GCATTGTAACCCGGGTGCGG,0,3469761
tfaE_stfE_predicted,0.047619047619047616,20,20,GATTGGCCTAGTTAATTACG,0,3482875
tfaE_stfE_predicted,0.047619047619047616,20,20,GATGTTAAGTGACACGTACG,0,3503676
tfaE_stfE_predicted,0.047619047619047616,20,20,GATCGCATAGCGGTCCGCGA,0,3498552
tfaE_stfE_predicted,0.047619047619047616,20,20,GAGTCTTGTTAGAGTGCATA,0,3524233
tfaE_stfE_predicted,0.047619047619047616,20,20,GAGGGATTTAATTAGGGCTC,0,3507791
tfaE_stfE_predicted,0.047619047619047616,20,20,GAGCGTACCACTAATCAACA,0,3509133
tfaE_stfE_predicted,0.047619047619047616,20,20,GAGCGCGTAGTTAGAGGCTA,0,3485649
tfaE_stfE_predicted,0.047619047619047616,20,20,GACTGGACAGTTAAAACGGG,0,3532072
tfaE_stfE_predicted,0.047619047619047616,20,20,GACGATGCAGGGAGTACGTG,0,3478385
tfaE_stfE_predicted,0.047619047619047616,20,20,GACACGCTATATCAGGGTAA,0,3504609
tfaE_stfE_predicted,0.047619047619047616,20,20,GAATATTACGTCACATATAT,0,3482928
tfaE_stfE_predicted,0.047619047619047616,20,20,GAAGTGACATTGCTCCCGTT,0,3531673
tfaE_stfE_predicted,0.047619047619047616,20,20,GAAGTAATAGTGGCACTCTT,0,3466512
tfaE_stfE_predicted,0.047619047619047616,20,20,GAACCCTAGCCGTCAACTAA,0,3530677
tfaE_stfE_predicted,0.047619047619047616,20,20,GAAATGGATAATGATCACTA,0,3490234
tfaE_stfE_predicted,0.047619047619047616,20,20,CTTTTCGACGAAAATGGCGG,0,3508433
tfaE_stfE_predicted,0.047619047619047616,20,20,CTTGCAGAGGTTGGTTGCAT,0,3493440
tfaE_stfE_predicted,0.047619047619047616,20,20,CTTAAGAGGCCAAGATACGG,0,3526294
tfaE_stfE_predicted,0.047619047619047616,20,20,CTGTTGAGGGCCGGTGGCCC,0,3476525
tfaE_stfE_predicted,0.047619047619047616,20,20,CTGTGGTAGTCGCTCATCTG,0,3519310
tfaE_stfE_predicted,0.047619047619047616,20,20,CTGCCACGGCAGGCTGAGCG,0,3500162
tfaE_stfE_predicted,0.047619047619047616,20,20,CTCTCTCATTAGCTTGCGTG,0,3513300
tfaE_stfE_predicted,0.047619047619047616,20,20,CTCTATGTCAGGATCCACGA,0,3492159
tfaE_stfE_predicted,0.047619047619047616,20,20,CTCTACAACAGCAACGTTTT,0,3494218
tfaE_stfE_predicted,0.047619047619047616,20,20,CTCAATAACAGGCTAGGATT,0,3482204
tfaE_stfE_predicted,0.047619047619047616,20,20,CTATGGGTCTATATCAAATG,0,3522674
tfaE_stfE_predicted,0.047619047619047616,20,20,CTATAACGTAGGATCAAATA,0,3537076
tfaE_stfE_predicted,0.047619047619047616,20,20,CTAGGGAGCATGGGCCGCGT,0,3525318
tfaE_stfE_predicted,0.047619047619047616,20,20,CTACCTGCCGATGACGTTAT,0,3494807
tfaE_stfE_predicted,0.047619047619047616,20,20,CTAATCCCCTACGAGTACAT,0,3489742
tfaE_stfE_predicted,0.047619047619047616,20,20,CGTTTTAAGGACGGTCCCGG,0,3525824
tfaE_stfE_predicted,0.047619047619047616,20,20,CGTCTAGAGGGTATTATCGT,0,3506025
tfaE_stfE_predicted,0.047619047619047616,20,20,CGTAAGACGGTACCAATCTA,0,3528267
tfaE_stfE_predicted,0.047619047619047616,20,20,CGGTTGTGCGCGGTGATGAT,0,3477644
tfaE_stfE_predicted,0.047619047619047616,20,20,CGGTACGAAGGAGCATGTGG,0,3469841
tfaE_stfE_predicted,0.047619047619047616,20,20,CGGCTGACAGGAAGCGCAAC,0,3518900
tfaE_stfE_predicted,0.047619047619047616,20,20,CGCTTGAGGTTTGGTAAATA,0,3526096
tfaE_stfE_predicted,0.047619047619047616,20,20,CGCTGTCCGCCTAAAAGCTA,0,3497457
tfaE_stfE_predicted,0.047619047619047616,20,20,CGCTGGAGGAAGGCAAATGG,0,3481573
tfaE_stfE_predicted,0.047619047619047616,20,20,CGCTCTGCTTGAGGCCGTCC,0,3483510
tfaE_stfE_predicted,0.047619047619047616,20,20,CGCTACGACGCCCGCCGACT,0,3475402
tfaE_stfE_predicted,0.047619047619047616,20,20,CGCGTCGCGTTCACTTGATG,0,3497677
tfaE_stfE_predicted,0.047619047619047616,20,20,CGCGGTGTCTGTGCCCAATC,0,3508124
tfaE_stfE_predicted,0.047619047619047616,20,20,CGCGGCAGCATAACCGCTCA,0,3498128
tfaE_stfE_predicted,0.047619047619047616,20,20,CGCCACAAAATGGCTCATCG,0,3516737
tfaE_stfE_predicted,0.047619047619047616,20,20,CGCATTGTCAGGATGGCATT,0,3508632
tfaE_stfE_predicted,0.047619047619047616,20,20,CGCATGACGCAGGAGGGACC,0,3504675
tfaE_stfE_predicted,0.047619047619047616,20,20,CGCATAGGAAGTACTTTTAT,0,3506538
tfaE_stfE_predicted,0.047619047619047616,20,20,CGCAGATTAGGATTCACAAG,0,3468597
tfaE_stfE_predicted,0.047619047619047616,20,20,CGCAACTCGAGATAGGGGCT,0,3468301
tfaE_stfE_predicted,0.047619047619047616,20,20,CGATGACCTAGGAGTACAGA,0,3540444
tfaE_stfE_predicted,0.047619047619047616,20,20,CGATAAGGAGTCCTTCGGGG,0,3531766
tfaE_stfE_predicted,0.047619047619047616,20,20,CGAGGCTCACCGTTACGGCT,0,3499819
tfaE_stfE_predicted,0.047619047619047616,20,20,CGACCTGTCTACCCTGGTTG,0,3506935
tfaE_stfE_predicted,0.047619047619047616,20,20,CGAATATCTTTTAAACGTTA,0,3525981
tfaE_stfE_predicted,0.047619047619047616,20,20,CCTGCGGTCACAGCTACGCT,0,3508257
tfaE_stfE_predicted,0.047619047619047616,20,20,CCTGCATGAATTGTTGATCA,0,3509999
tfaE_stfE_predicted,0.047619047619047616,20,20,CCTCCCATCACTTGAACGGC,0,3535267
tfaE_stfE_predicted,0.047619047619047616,20,20,CCTCATTCGGCTGCACATAA,0,3502750
tfaE_stfE_predicted,0.047619047619047616,20,20,CCTACCAAGGCGACGAATGT,0,3520083
tfaE_stfE_predicted,0.047619047619047616,20,20,CCGTGCTGTTATTTCCCAAG,0,3529628
tfaE_stfE_predicted,0.047619047619047616,20,20,CCGGGTGAGGCACGATTGAT,0,3474511
tfaE_stfE_predicted,0.047619047619047616,20,20,CCGAGGAGCAAGAAGGGGTG,0,3472846
tfaE_stfE_predicted,0.047619047619047616,20,20,CCGACGCAACACGAGTGGGT,0,3528019
tfaE_stfE_predicted,0.047619047619047616,20,20,CCCGGTAGCCCAGCATTTTG,0,3504807
tfaE_stfE_predicted,0.047619047619047616,20,20,CCCCTAAATGTGTGACATAC,0,3510050
tfaE_stfE_predicted,0.047619047619047616,20,20,CCCCATCTGGGCCTCTGGCA,0,3519239
tfaE_stfE_predicted,0.047619047619047616,20,20,CCATGCGGACTTGAAAGATA,0,3483068
tfaE_stfE_predicted,0.047619047619047616,20,20,CCACTGCGGCTAGAAACTTC,0,3522861
tfaE_stfE_predicted,0.047619047619047616,20,20,CCACCGGTACTGGTGTTAGC,0,3472128
tfaE_stfE_predicted,0.047619047619047616,20,20,CCAATAACTTTTCTTGCTCT,0,3519879
tfaE_stfE_predicted,0.047619047619047616,20,20,CCAAACCTCCCAAAAACGTA,0,3492320
tfaE_stfE_predicted,0.047619047619047616,20,20,CATTTCCACATTACTGCAAT,0,3510686
tfaE_stfE_predicted,0.047619047619047616,20,20,CATGCGTCCAGGTGTACTCT,0,3519325
tfaE_stfE_predicted,0.047619047619047616,20,20,CAGTGATAAAGGGACTTGAA,0,3515222
tfaE_stfE_predicted,0.047619047619047616,20,20,CAGGTCGGGGATCGGACTAA,0,3526116
tfaE_stfE_predicted,0.047619047619047616,20,20,CAGGGCAATTGACGCACGGC,0,3501845
tfaE_stfE_predicted,0.047619047619047616,20,20,CAGGCCGTGTGATTGTCAAT,0,3518619
tfaE_stfE_predicted,0.047619047619047616,20,20,CAGATCTAGGCTGTGGAATA,0,3495015
tfaE_stfE_predicted,0.047619047619047616,20,20,CACGGACCTCTGGACCGCTT,0,3508993
tfaE_stfE_predicted,0.047619047619047616,20,20,CACCCGACGTACTGGGAAGC,0,3470692
tfaE_stfE_predicted,0.047619047619047616,20,20,CACATTACTCCCCGCATCGG,0,3518537
tfaE_stfE_predicted,0.047619047619047616,20,20,CACAGCGTCTGCGATAGACG,0,3515138
tfaE_stfE_predicted,0.047619047619047616,20,20,CAATCCTGGGTCTTTTATGC,0,3516828
tfaE_stfE_predicted,0.047619047619047616,20,20,CAATACGGAGAATCACTTCA,0,3466638
tfaE_stfE_predicted,0.047619047619047616,20,20,CAAGCAGCCTTCCGGTGAAA,0,3511302
tfaE_stfE_predicted,0.047619047619047616,20,20,CAACTCTAGTCCGGTCACGA,0,3498040
tfaE_stfE_predicted,0.047619047619047616,20,20,CAACCCTTTTGCAGGTCTTT,0,3513612
tfaE_stfE_predicted,0.047619047619047616,20,20,CAAAACGTGGGTGTACTGAT,0,3506503
tfaE_stfE_predicted,0.047619047619047616,20,20,ATTCTAGTCCTTAAGTGACG,0,3493475
tfaE_stfE_predicted,0.047619047619047616,20,20,ATTAGATACTTAGCTCGTGT,0,3468101
tfaE_stfE_predicted,0.047619047619047616,20,20,ATGTTCCTAGAGCTAGCTCA,0,3476153
tfaE_stfE_predicted,0.047619047619047616,20,20,ATGTTAGACTAGCAGTTTTC,0,3514412
tfaE_stfE_predicted,0.047619047619047616,20,20,ATGGTAGTCCATGGACTCAT,0,3512330
tfaE_stfE_predicted,0.047619047619047616,20,20,ATGGGGCGTGCTCGGTTTGT,0,3493886
tfaE_stfE_predicted,0.047619047619047616,20,20,ATGGCGCAATCTGTTCGTCG,0,3489108
tfaE_stfE_predicted,0.047619047619047616,20,20,ATGGAACCGTGCCCCCCGTT,0,3538287
tfaE_stfE_predicted,0.047619047619047616,20,20,ATGCAGTTAGGTACCCTAAC,0,3494893
tfaE_stfE_predicted,0.047619047619047616,20,20,ATGAGCAGAAGAGTACGGGT,0,3473139
tfaE_stfE_predicted,0.047619047619047616,20,20,ATCTGGCGCGTTTGATTCCC,0,3539388
tfaE_stfE_predicted,0.047619047619047616,20,20,ATCTCTCCGCTGTCCCTAAG,0,3516106
tfaE_stfE_predicted,0.047619047619047616,20,20,ATCTCTAAGAATCACTTATT,0,3537649
tfaE_stfE_predicted,0.047619047619047616,20,20,ATCGTAAGTGGAGCATTGCA,0,3523224
tfaE_stfE_predicted,0.047619047619047616,20,20,ATCCGGACGAGAGGGAAAGT,0,3491392
tfaE_stfE_predicted,0.047619047619047616,20,20,ATCCCCTGCTGAAACAGGCT,0,3498818
tfaE_stfE_predicted,0.047619047619047616,20,20,ATCATCCATAGGAGTATATA,0,3478954
tfaE_stfE_predicted,0.047619047619047616,20,20,ATCAGACCGGCATAACCTAC,0,3516145
tfaE_stfE_predicted,0.047619047619047616,20,20,ATATTAGGTGGCACGCTTTG,0,3480924
tfaE_stfE_predicted,0.047619047619047616,20,20,ATATCCCCGGAGCATTGAAT,0,3527515
tfaE_stfE_predicted,0.047619047619047616,20,20,ATAGGGCCACTGTATAGCGA,0,3511807
tfaE_stfE_predicted,0.047619047619047616,20,20,AGTTGTGCTGGCTGGGGAAG,0,3468282
tfaE_stfE_predicted,0.047619047619047616,20,20,AGTGATATACTGGGAAGTAC,0,3495742
tfaE_stfE_predicted,0.047619047619047616,20,20,AGTCGAGGGGGACCTGACGT,0,3520763
tfaE_stfE_predicted,0.047619047619047616,20,20,AGTCATGTTAACCCTCTCAA,0,3538009
tfaE_stfE_predicted,0.047619047619047616,20,20,AGTCAAGCGACATGTTTTGT,0,3494641
tfaE_stfE_predicted,0.047619047619047616,20,20,AGTACGACTCTCGACTGGGG,0,3525099
tfaE_stfE_predicted,0.047619047619047616,20,20,AGGGATGTAAGTCCCTTTTA,0,3481794
tfaE_stfE_predicted,0.047619047619047616,20,20,AGGCACCGAGTGGGAATGGT,0,3523092
tfaE_stfE_predicted,0.047619047619047616,20,20,AGGCAACTCACGATGGCTTC,0,3507377
tfaE_stfE_predicted,0.047619047619047616,20,20,AGCTAAGGTAGCGTTCTTCC,0,3514259
tfaE_stfE_predicted,0.047619047619047616,20,20,AGCATTCTAGTACACGCTTA,0,3538004
tfaE_stfE_predicted,0.047619047619047616,20,20,AGATGACGCATCTAAAGCAT,0,3502855
tfaE_stfE_predicted,0.047619047619047616,20,20,AGAGTCGCCTTAAGATGCAA,0,3539495
tfaE_stfE_predicted,0.047619047619047616,20,20,AGAGGTCTCCATCGGCCCTG,0,3511137
tfaE_stfE_predicted,0.047619047619047616,20,20,AGAGATCCTATGGCCACAGC,0,3502810
tfaE_stfE_predicted,0.047619047619047616,20,20,ACTGTACTCTGCAATCCGTT,0,3536463
tfaE_stfE_predicted,0.047619047619047616,20,20,ACTGCGTATAAACGCCAGAC,0,3479243
tfaE_stfE_predicted,0.047619047619047616,20,20,ACTCATCTATCCGAATCCCT,0,3488122
tfaE_stfE_predicted,0.047619047619047616,20,20,ACTATATACCGGGATCGGGG,0,3536888
tfaE_stfE_predicted,0.047619047619047616,20,20,ACTACTACTGAGTTCCATTT,0,3519942
tfaE_stfE_predicted,0.047619047619047616,20,20,ACGGTGTGTCCTTGCGTTCT,0,3519200
tfaE_stfE_predicted,0.047619047619047616,20,20,ACGGAGTACTGCCACTGGGT,0,3498822
tfaE_stfE_predicted,0.047619047619047616,20,20,ACGCGCTCTTTGCGATAGGT,0,3494068
tfaE_stfE_predicted,0.047619047619047616,20,20,ACGATGTTCGCATTGAAGGC,0,3520226
tfaE_stfE_predicted,0.047619047619047616,20,20,ACGAGTTGAAGCAATGTGGG,0,3476266
tfaE_stfE_predicted,0.047619047619047616,20,20,ACCTTGTAGGCGCTACAATT,0,3515666
tfaE_stfE_predicted,0.047619047619047616,20,20,ACCGGGTGGTTCCCGTCATA,0,3532855
tfaE_stfE_predicted,0.047619047619047616,20,20,ACCGCGATGGGATTCGATCT,0,3514445
tfaE_stfE_predicted,0.047619047619047616,20,20,ACCCCTGTTAAAATCGGCCC,0,3504917
tfaE_stfE_predicted,0.047619047619047616,20,20,ACATTCCGGGGACAGCAGGT,0,3522081
tfaE_stfE_predicted,0.047619047619047616,20,20,ACAGGCCACGCTCTGCGCGT,0,3480400
tfaE_stfE_predicted,0.047619047619047616,20,20,ACAGGCATATCACGCTCACT,0,3504126
tfaE_stfE_predicted,0.047619047619047616,20,20,ACACGTAGAGTCAACAGCGT,0,3484726
tfaE_stfE_predicted,0.047619047619047616,20,20,ACACGCACTGGCAAACCTAA,0,3512959
tfaE_stfE_predicted,0.047619047619047616,20,20,ACAAGCGATATAGGTTTCCG,0,3516684
tfaE_stfE_predicted,0.047619047619047616,20,20,AATGCTCGGCTCTATCTATA,0,3534571
tfaE_stfE_predicted,0.047619047619047616,20,20,AATCAGGTCGAGGTGAGTAT,0,3526544
tfaE_stfE_predicted,0.047619047619047616,20,20,AATAGGGAAATACATGAGCC,0,3522575
tfaE_stfE_predicted,0.047619047619047616,20,20,AATAGGAACCCCGTATGGCT,0,3485485
tfaE_stfE_predicted,0.047619047619047616,20,20,AATAAAAGCTGACTAAAATT,0,3499969
tfaE_stfE_predicted,0.047619047619047616,20,20,AAGCCTGGCAGACGCACTGG,0,3512110
tfaE_stfE_predicted,0.047619047619047616,20,20,AAGCACGTTTTAGACATCCT,0,3466648
tfaE_stfE_predicted,0.047619047619047616,20,20,AAGAGCCCTGATTCCTGCCA,0,3477531
tfaE_stfE_predicted,0.047619047619047616,20,20,AAGAGATGCATGTGGCGTCT,0,3500480
tfaE_stfE_predicted,0.047619047619047616,20,20,AAGAAAAGGCATAGTGTTGC,0,3478215
tfaE_stfE_predicted,0.047619047619047616,20,20,AACTACTCGGATCCTAGGTA,0,3484567
tfaE_stfE_predicted,0.047619047619047616,20,20,AACATGTAACGGATCAGTTC,0,3539311
tfaE_stfE_predicted,0.047619047619047616,20,20,AAATTGGCCATTGGGTACGT,0,3510412
tfaE_stfE_predicted,0.047619047619047616,20,20,AAATCACTGAAATGGTAAGC,0,3476070
tfaE_stfE_predicted,0.047619047619047616,20,20,AAAGTTTTTTGGACTGAGCT,0,3504531
tfaE_stfE_predicted,0.047619047619047616,20,20,AAAGGCGCAGGCTGCCTCCA,0,3470546
tfaE_stfE_predicted,0.047619047619047616,20,20,AAAAGGACCAGGCAATCCCG,0,3491118
tfaE_stfE_predicted,0.047619047619047616,20,20,AAAACGGTTTGTCGGGGATT,0,3484851
tfaE_stfE_predicted,0.05,19,19,TTTGTTCTCTGCGCCAAAAT,0,3531603
tfaE_stfE_predicted,0.05,19,19,TTTGACTTACTTCATGGTCT,0,3478227
tfaE_stfE_predicted,0.05,19,19,TTTCGCTTAAAGAACACGAT,0,3504424
tfaE_stfE_predicted,0.05,19,19,TTTATGCGGGGCTTGAGTTC,0,3512068
tfaE_stfE_predicted,0.05,19,19,TTTAAAATTGTCATTAACTT,0,3538545
tfaE_stfE_predicted,0.05,19,19,TTGTTTAGTCGCGCAATTTT,0,3484417
tfaE_stfE_predicted,0.05,19,19,TTGTTACCCCACCCTTGTGG,0,3522558
tfaE_stfE_predicted,0.05,19,19,TTGTACATCCACCTGGGTAC,0,3475515
tfaE_stfE_predicted,0.05,19,19,TTGGCTCGTATCTCTCTGTA,0,3526555
tfaE_stfE_predicted,0.05,19,19,TTGCGGGATCACTCGCACGC,0,3536519
tfaE_stfE_predicted,0.05,19,19,TTGCCCGTGGAGCACAGCTA,0,3512570
tfaE_stfE_predicted,0.05,19,19,TTCGGTTTCCGAAGTACGCA,0,3494898
tfaE_stfE_predicted,0.05,19,19,TTCGGCCAGTAATCGGTCAG,0,3512937
tfaE_stfE_predicted,0.05,19,19,TTCGCTGAGAGTATAAAATG,0,3472681
tfaE_stfE_predicted,0.05,19,19,TTATCCCGTCCTTATCCCTA,0,3470941
tfaE_stfE_predicted,0.05,19,19,TTATCCAAATGGGGGAGCGA,0,3528688
tfaE_stfE_predicted,0.05,19,19,TTATAAGTCAGGGGCTTCAA,0,3480085
tfaE_stfE_predicted,0.05,19,19,TTACCCAGTTGTAGTGAGAC,0,3494534
tfaE_stfE_predicted,0.05,19,19,TTAATCGGCGAGTGCCCGAT,0,3511784
tfaE_stfE_predicted,0.05,19,19,TTAAGCAACCCAAACTCGGG,0,3492962
tfaE_stfE_predicted,0.05,19,19,TTAACAGGGCAATGTCTCCG,0,3513857
tfaE_stfE_predicted,0.05,19,19,TTAAATACAGAATACGGTGT,0,3490443
tfaE_stfE_predicted,0.05,19,19,TGTTGAGTACAGTTGTAATA,0,3474508
tfaE_stfE_predicted,0.05,19,19,TGTTGAGCCGACCCAGTCAA,0,3469585
tfaE_stfE_predicted,0.05,19,19,TGTGTGGTGTCGGAAAACGC,0,3521937
tfaE_stfE_predicted,0.05,19,19,TGTGATAGTCAATTTTCTGT,0,3534487
tfaE_stfE_predicted,0.05,19,19,TGTAGCCCATCTAAAGTAAC,0,3502768
tfaE_stfE_predicted,0.05,19,19,TGTACGCCTTGATTCCTGAC,0,3521942
tfaE_stfE_predicted,0.05,19,19,TGGTGCAGAGCGAGCGAAGA,0,3473156
tfaE_stfE_predicted,0.05,19,19,TGGTCATCGCCTAACCTGCA,0,3514647
tfaE_stfE_predicted,0.05,19,19,TGGCTGCGGGGCCTGACGCA,0,3470178
tfaE_stfE_predicted,0.05,19,19,TGCTGTGATAAGTTTTAAAG,0,3490778
tfaE_stfE_predicted,0.05,19,19,TGCCCAGTTATCATCATCGG,0,3510569
tfaE_stfE_predicted,0.05,19,19,TGCAGAGCTATCCCCTACGT,0,3507079
tfaE_stfE_predicted,0.05,19,19,TGCACCGCTGTGCGATAATT,0,3485605
tfaE_stfE_predicted,0.05,19,19,TGCAATCTCATCTAACAGAG,0,3533609
tfaE_stfE_predicted,0.05,19,19,TGATAATGGAGGTGGGAACG,0,3505749
tfaE_stfE_predicted,0.05,19,19,TGAGGGGCTCTGGCCTAACC,0,3475233
tfaE_stfE_predicted,0.05,19,19,TGAGAATCCATCGAACTCAA,0,3512576
tfaE_stfE_predicted,0.05,19,19,TGACTTAGTAAAAAGCTCTT,0,3469088
tfaE_stfE_predicted,0.05,19,19,TGACTCCGCTCCCGTGCGTC,0,3498824
tfaE_stfE_predicted,0.05,19,19,TGAATACACTTCACAAGTCT,0,3510836
tfaE_stfE_predicted,0.05,19,19,TCTTTGTTGGATCGTTGGGG,0,3536833
tfaE_stfE_predicted,0.05,19,19,TCTTATCCTGAGCAACAAAC,0,3467447
tfaE_stfE_predicted,0.05,19,19,TCTGACGAGGGACCTCACGT,0,3517487
tfaE_stfE_predicted,0.05,19,19,TCTCCGCCTAGTTCGGACCT,0,3536500
tfaE_stfE_predicted,0.05,19,19,TCTAGATTAGTTCCCAAAAA,0,3523243
tfaE_stfE_predicted,0.05,19,19,TCGTGCAGTTTGCATTTTCG,0,3519105
tfaE_stfE_predicted,0.05,19,19,TCGGCGTAAGATCCTAGGCT,0,3472060
tfaE_stfE_predicted,0.05,19,19,TCGCTTCCTTTCACAGTCTA,0,3480681
tfaE_stfE_predicted,0.05,19,19,TCGAATATAGCCCTCTAAAA,0,3482237
tfaE_stfE_predicted,0.05,19,19,TCCTCACCGCTAAGCATCTA,0,3500683
tfaE_stfE_predicted,0.05,19,19,TCCTAATAAAATGCGCACAA,0,3514171
tfaE_stfE_predicted,0.05,19,19,TCCGGACACGGAGGTGTAAC,0,3529629
tfaE_stfE_predicted,0.05,19,19,TCCGCCCTACATTTCCGTGA,0,3500344
tfaE_stfE_predicted,0.05,19,19,TCCATTGGGCATCTGAAAAG,0,3501045
tfaE_stfE_predicted,0.05,19,19,TCCAAAGCCTTTACGAGTAT,0,3473001
tfaE_stfE_predicted,0.05,19,19,TCAGTTCGTATTATACTTTT,0,3470020
tfaE_stfE_predicted,0.05,19,19,TCACAGGTCTGGCAGACAAT,0,3527505
tfaE_stfE_predicted,0.05,19,19,TATTAAATGGAAGCTGCGCC,0,3483345
tfaE_stfE_predicted,0.05,19,19,TATCGTAAGGGACTGTCGGG,0,3482053
tfaE_stfE_predicted,0.05,19,19,TACTGGGTAATATTGTAGAA,0,3536840
tfaE_stfE_predicted,0.05,19,19,TACGCGCGTAGTCTCATAGC,0,3539831
tfaE_stfE_predicted,0.05,19,19,TACCAATTGAGGCTTTTTCT,0,3508849
tfaE_stfE_predicted,0.05,19,19,TAATTTGCAGGAGCCTGCAG,0,3530496
tfaE_stfE_predicted,0.05,19,19,TAATGGATACGCGGTCAAGG,0,3493201
tfaE_stfE_predicted,0.05,19,19,TAATAGAATATACCATCTTC,0,3524736
tfaE_stfE_predicted,0.05,19,19,TAAGCCATTAGGTTGCTAAC,0,3512255
tfaE_stfE_predicted,0.05,19,19,TAAGACGCCATGTGCACTGG,0,3530540
tfaE_stfE_predicted,0.05,19,19,TAACCACGCAGTATGGTGAG,0,3473572
tfaE_stfE_predicted,0.05,19,19,TAACACGGGAACGACCACGA,0,3508594
tfaE_stfE_predicted,0.05,19,19,TAAATAGTTCTGTGGATCAA,0,3488535
tfaE_stfE_predicted,0.05,19,19,TAAAGGCCGCGGTACGACAG,0,3521661
tfaE_stfE_predicted,0.05,19,19,TAAACGGGGTTGTGGTGACG,0,3532548
tfaE_stfE_predicted,0.05,19,19,GTTTTTAGTCACGAGTTGGT,0,3507225
tfaE_stfE_predicted,0.05,19,19,GTTCCAAATCCAGTAATGCG,0,3493800
tfaE_stfE_predicted,0.05,19,19,GTTATACGTCGGTTCTTCCC,0,3480831
tfaE_stfE_predicted,0.05,19,19,GTTAGTGTTCGCGACTGAAG,0,3506225
tfaE_stfE_predicted,0.05,19,19,GTTAGTGTACAAAAGCGCAA,0,3538189
tfaE_stfE_predicted,0.05,19,19,GTTAGCCGTGTAGGGGCCGA,0,3482386
tfaE_stfE_predicted,0.05,19,19,GTTACGCGTCGGCTCAACTC,0,3501509
tfaE_stfE_predicted,0.05,19,19,GTTAACGTATAACCGGCCAT,0,3480972
tfaE_stfE_predicted,0.05,19,19,GTGTCAGGTTCTGATCACGA,0,3514990
tfaE_stfE_predicted,0.05,19,19,GTGGACCTCTATAGGGCGTT,0,3513242
tfaE_stfE_predicted,0.05,19,19,GTGATGAGTCAAGGAGCAAG,0,3517106
tfaE_stfE_predicted,0.05,19,19,GTGACATGTCGTAAGCCTTA,0,3481875
tfaE_stfE_predicted,0.05,19,19,GTCTTTGTTACAGCACTGTA,0,3520145
tfaE_stfE_predicted,0.05,19,19,GTCTTATTACCTCGGAGAAT,0,3540275
tfaE_stfE_predicted,0.05,19,19,GTCTGGTATTCTTCCCCCGT,0,3472489
tfaE_stfE_predicted,0.05,19,19,GTCGCGTCGATAGCGACTGT,0,3518246
tfaE_stfE_predicted,0.05,19,19,GTCGAGACTGCGACGATATC,0,3533671
tfaE_stfE_predicted,0.05,19,19,GTCCTATTGTTAGTTGACAA,0,3472334
tfaE_stfE_predicted,0.05,19,19,GTCACTAAATTTACGACTGC,0,3508992
tfaE_stfE_predicted,0.05,19,19,GTACGTTTGCCGAACCAGAG,0,3499728
tfaE_stfE_predicted,0.05,19,19,GTACGCTGGCTACTTGCCCT,0,3524745
tfaE_stfE_predicted,0.05,19,19,GTAACATAAGTACGGCATCA,0,3523931
tfaE_stfE_predicted,0.05,19,19,GGTTGACTGGTGTCCGCGGT,0,3478496
tfaE_stfE_predicted,0.05,19,19,GGTGTGCCTAGACCAGGGGG,0,3506602
tfaE_stfE_predicted,0.05,19,19,GGTGATACTAGGTGGGGTGA,0,3506565
tfaE_stfE_predicted,0.05,19,19,GGTCTGACAGGCGACAATAC,0,3470268
tfaE_stfE_predicted,0.05,19,19,GGTCAACGTAAAGGGTAGTG,0,3488696
tfaE_stfE_predicted,0.05,19,19,GGTACCTTTTTAAGCCGCGT,0,3524144
tfaE_stfE_predicted,0.05,19,19,GGTAAGAGAAGCGTCTACTC,0,3488834
tfaE_stfE_predicted,0.05,19,19,GGGTGTTGTGTGAGGTTCTT,0,3514343
tfaE_stfE_predicted,0.05,19,19,GGGTGCTTTGCCGAACAGCG,0,3515164
tfaE_stfE_predicted,0.05,19,19,GGGTGCTGACATTCCACGGG,0,3515345
tfaE_stfE_predicted,0.05,19,19,GGGTGAGCCGACAACGTTGT,0,3513225
tfaE_stfE_predicted,0.05,19,19,GGGTCCCCAACGGCTGAGCC,0,3491926
tfaE_stfE_predicted,0.05,19,19,GGGTATCTTATGGCAACCAA,0,3486662
tfaE_stfE_predicted,0.05,19,19,GGGGGTTGGGTAAGTCCTTA,0,3468336
tfaE_stfE_predicted,0.05,19,19,GGGCGCAAGGTTCAATCTGG,0,3503405
tfaE_stfE_predicted,0.05,19,19,GGCTTTGCCCTGAAATGCTG,0,3482182
tfaE_stfE_predicted,0.05,19,19,GGCTTATAAGCATTTACGAG,0,3483701
tfaE_stfE_predicted,0.05,19,19,GGCTCCTAATACAATGATTC,0,3502469
tfaE_stfE_predicted,0.05,19,19,GGCGGGTGACGATTATCATC,0,3524025
tfaE_stfE_predicted,0.05,19,19,GGCGGGGTGCAAAAAAGCAG,0,3529563
tfaE_stfE_predicted,0.05,19,19,GGCGAATCTATGGGAGCGAA,0,3539188
tfaE_stfE_predicted,0.05,19,19,GGCCAAGCAAGATAGCAGTA,0,3494255
tfaE_stfE_predicted,0.05,19,19,GGCAACCGACAGCGGTTAAC,0,3479649
tfaE_stfE_predicted,0.05,19,19,GGATTAGCGTCCGAGCCCTC,0,3519806
tfaE_stfE_predicted,0.05,19,19,GGATCCGATACTTTTTCTTG,0,3509174
tfaE_stfE_predicted,0.05,19,19,GGAGGTTGTACGACGACCGA,0,3507142
tfaE_stfE_predicted,0.05,19,19,GGAGCTGCTCTCAGCTAAGG,0,3469415
tfaE_stfE_predicted,0.05,19,19,GGACGTATTGGGACACGGTG,0,3473993
tfaE_stfE_predicted,0.05,19,19,GGAACATCGGAGCAACGTAT,0,3526882
tfaE_stfE_predicted,0.05,19,19,GCTTGTCAGAGTAGAATCGA,0,3485784
tfaE_stfE_predicted,0.05,19,19,GCTTCGGGCCACCTGCGTAC,0,3540739
tfaE_stfE_predicted,0.05,19,19,GCTCCGCACATAGGCTTCCA,0,3535526
tfaE_stfE_predicted,0.05,19,19,GCTACATTCCCGCACCTGTG,0,3517426
tfaE_stfE_predicted,0.05,19,19,GCTAAGTAGTAGCGCGTTGT,0,3468410
tfaE_stfE_predicted,0.05,19,19,GCGTCTGGTAGTTACGCATC,0,3519757
tfaE_stfE_predicted,0.05,19,19,GCGTACTAGGGTCCGTAGCC,0,3470600
tfaE_stfE_predicted,0.05,19,19,GCGATAGTATAGATCGAATA,0,3499709
tfaE_stfE_predicted,0.05,19,19,GCGAGCCTGTTATCGTGCTT,0,3505126
tfaE_stfE_predicted,0.05,19,19,GCCGTACTTACTTGAACCGT,0,3504774
tfaE_stfE_predicted,0.05,19,19,GCCGGTGCGTACCCGCGCTT,0,3517561
tfaE_stfE_predicted,0.05,19,19,GCCGCTACCAAAGTATGGTA,0,3533380
tfaE_stfE_predicted,0.05,19,19,GCCCTCGGCGGATTCGCTAC,0,3481452
tfaE_stfE_predicted,0.05,19,19,GCCATGACGTTATTCGCGTA,0,3482387
tfaE_stfE_predicted,0.05,19,19,GCATCAAGTGCACTAAGCTC,0,3537693
tfaE_stfE_predicted,0.05,19,19,GCAGCACGGATGGCCCCGTA,0,3476047
tfaE_stfE_predicted,0.05,19,19,GCACAAGTAGGATAAAGGCT,0,3469811
tfaE_stfE_predicted,0.05,19,19,GCAATGTACGTCTTTCTGCG,0,3502239
tfaE_stfE_predicted,0.05,19,19,GATGCTCGAGCAAGGCGGAA,0,3541231
tfaE_stfE_predicted,0.05,19,19,GATGCGCAACAATGAATCTG,0,3497476
tfaE_stfE_predicted,0.05,19,19,GATCTCAAGGTACCATGTCG,0,3524626
tfaE_stfE_predicted,0.05,19,19,GATCCCGACTTGCGCGACGG,0,3488194
tfaE_stfE_predicted,0.05,19,19,GATAACGGTCCTGGTTACTC,0,3502655
tfaE_stfE_predicted,0.05,19,19,GAGTCAGTTGGGGGGTTCTT,0,3483699
tfaE_stfE_predicted,0.05,19,19,GAGTCACGTGGCGCAGTTAC,0,3531674
tfaE_stfE_predicted,0.05,19,19,GAGGCTGGGCTAGGATTCTA,0,3470136
tfaE_stfE_predicted,0.05,19,19,GAGCTACCCCACTCTAAAAG,0,3494105
tfaE_stfE_predicted,0.05,19,19,GAGACAACTTAGGTTAGTGT,0,3525007
tfaE_stfE_predicted,0.05,19,19,GACTCTCGGCCAGGGTAGAT,0,3533294
tfaE_stfE_predicted,0.05,19,19,GACGTTTGAGTAAAATCCGG,0,3475082
tfaE_stfE_predicted,0.05,19,19,GACGGATCTACGGTCGTCAC,0,3536853
tfaE_stfE_predicted,0.05,19,19,GACGCCCTTCACATAATGGT,0,3525461
tfaE_stfE_predicted,0.05,19,19,GACGCCCCGTGTAGGGGCGA,0,3512680
tfaE_stfE_predicted,0.05,19,19,GACGCAGCTTATAGGGCGGG,0,3468665
tfaE_stfE_predicted,0.05,19,19,GACGAGACTGGGAACTTAAT,0,3522913
tfaE_stfE_predicted,0.05,19,19,GACCGTACACGGTTGTCGAG,0,3510041
tfaE_stfE_predicted,0.05,19,19,GACCCTAGACCATCTTTGAT,0,3498105
tfaE_stfE_predicted,0.05,19,19,GACCATAGAGAGGGCGGTCC,0,3476303
tfaE_stfE_predicted,0.05,19,19,GAAGGTCGCCCAGGCCGAAA,0,3487006
tfaE_stfE_predicted,0.05,19,19,GAACCAACCTTACCTCCGAC,0,3530848
tfaE_stfE_predicted,0.05,19,19,GAAACTTGTGATGTCCAGGA,0,3524624
tfaE_stfE_predicted,0.05,19,19,CTTGAAGAGATACTTAGAAC,0,3477881
tfaE_stfE_predicted,0.05,19,19,CTGCGACTGAGATAACCTGT,0,3514707
tfaE_stfE_predicted,0.05,19,19,CTGCAGTCCGCCAATCTCCT,0,3491202
tfaE_stfE_predicted,0.05,19,19,CTCTTAAGGATCATGAAGAT,0,3537292
tfaE_stfE_predicted,0.05,19,19,CTCTGGCTTCGGACATTACT,0,3471591
tfaE_stfE_predicted,0.05,19,19,CTCCTGACGAGGCTTGAGTA,0,3521502
tfaE_stfE_predicted,0.05,19,19,CTCATCGAGGCACGGGCCTT,0,3530507
tfaE_stfE_predicted,0.05,19,19,CTCACGGCAGCAGACCGGTG,0,3503140
tfaE_stfE_predicted,0.05,19,19,CTATGGGGGAGTCACGTGCA,0,3494000
tfaE_stfE_predicted,0.05,19,19,CTATCAGTTTCGGACCGCTG,0,3520778
tfaE_stfE_predicted,0.05,19,19,CTAGGGGTCCCAGGCACCGT,0,3503042
tfaE_stfE_predicted,0.05,19,19,CTAGCACGCGGCGCCGTAAT,0,3506979
tfaE_stfE_predicted,0.05,19,19,CTAGATGTCAATGGGCCGGC,0,3504842
tfaE_stfE_predicted,0.05,19,19,CTAAGCCTGCTTCAGCGTTA,0,3532194
tfaE_stfE_predicted,0.05,19,19,CGTTTTGCGCCCAGTTTTTC,0,3470866
tfaE_stfE_predicted,0.05,19,19,CGTTAGTAAGTTTCTGTGAA,0,3481715
tfaE_stfE_predicted,0.05,19,19,CGTGCCTATGACGATATAGA,0,3495245
tfaE_stfE_predicted,0.05,19,19,CGTGCCCATCCTAGCCATAC,0,3489403
tfaE_stfE_predicted,0.05,19,19,CGTCGTCAGGTACCCATCAA,0,3503623
tfaE_stfE_predicted,0.05,19,19,CGTCGAGGCGGGCACAGGTT,0,3510751
tfaE_stfE_predicted,0.05,19,19,CGTCCAGTGAGGGGTAATTT,0,3503872
tfaE_stfE_predicted,0.05,19,19,CGTATTAAACTAATCCGGTG,0,3468985
tfaE_stfE_predicted,0.05,19,19,CGGTCCTTGCTCCATCCTAA,0,3497522
tfaE_stfE_predicted,0.05,19,19,CGGGATTCCGGCCTGTCAGG,0,3528987
tfaE_stfE_predicted,0.05,19,19,CGGCTAACATGTATTTGAGT,0,3493483
tfaE_stfE_predicted,0.05,19,19,CGGATGTGACTTCTTCAGAA,0,3516128
tfaE_stfE_predicted,0.05,19,19,CGGATGGGTAGACAAGACTC,0,3483786
tfaE_stfE_predicted,0.05,19,19,CGGATACTGAAAATGATCAA,0,3468195
tfaE_stfE_predicted,0.05,19,19,CGCTATCAGTCCGTTAAAGC,0,3491503
tfaE_stfE_predicted,0.05,19,19,CGCGTTACTCGACACACGCG,0,3473287
tfaE_stfE_predicted,0.05,19,19,CGCGTCTTCCCGACGGCCGA,0,3479676
tfaE_stfE_predicted,0.05,19,19,CGCGGTACGAGTGGAGTACA,0,3517932
tfaE_stfE_predicted,0.05,19,19,CGCGCTTTCAGACATCATCC,0,3491116
tfaE_stfE_predicted,0.05,19,19,CGCGCTGGCTATACCATTCT,0,3480920
tfaE_stfE_predicted,0.05,19,19,CGCGATGTCCAGTCTACTGA,0,3530408
tfaE_stfE_predicted,0.05,19,19,CGCGAACCGAGTTATTGTCT,0,3537796
tfaE_stfE_predicted,0.05,19,19,CGCCCCAAGAGGAGTTAGGC,0,3510876
tfaE_stfE_predicted,0.05,19,19,CGATGAAGCGACACAATAGC,0,3527768
tfaE_stfE_predicted,0.05,19,19,CGATAGCCCCGCGTCCGTGA,0,3471489
tfaE_stfE_predicted,0.05,19,19,CGAGTCATCCCATCCTAGGG,0,3472888
tfaE_stfE_predicted,0.05,19,19,CGACCAGGCTCCAGCGAATA,0,3494616
tfaE_stfE_predicted,0.05,19,19,CGAATCCTGCATCTCTACTT,0,3472608
tfaE_stfE_predicted,0.05,19,19,CGAACAGTAGGTAAGAATAA,0,3511806
tfaE_stfE_predicted,0.05,19,19,CGAAACTATGACTGCACGGC,0,3466462
tfaE_stfE_predicted,0.05,19,19,CCTCTGCCATGCGTCCGACG,0,3487048
tfaE_stfE_predicted,0.05,19,19,CCTCGTTTTCCGGAGGGCCT,0,3487958
tfaE_stfE_predicted,0.05,19,19,CCGTGGAACAGCCTAGGTAA,0,3504327
tfaE_stfE_predicted,0.05,19,19,CCGCTTCGAGCGGTGGTCTG,0,3524191
tfaE_stfE_predicted,0.05,19,19,CCGCCACTGTAAGAAGAGTT,0,3483736
tfaE_stfE_predicted,0.05,19,19,CCGAAGGAAGGCTCTTGATC,0,3473265
tfaE_stfE_predicted,0.05,19,19,CCCTATCTGGGCAATTCTGC,0,3510506
tfaE_stfE_predicted,0.05,19,19,CCCGGAAGGCAACCTTAGAT,0,3469897
tfaE_stfE_predicted,0.05,19,19,CCCCGGCACTAACCCCACAA,0,3475347
tfaE_stfE_predicted,0.05,19,19,CCCACCTAATGTCAGTGCCA,0,3510664
tfaE_stfE_predicted,0.05,19,19,CCATGGGCACTGAATCAGAG,0,3511275
tfaE_stfE_predicted,0.05,19,19,CCATAAAAGGAGCATACAAA,0,3529200
tfaE_stfE_predicted,0.05,19,19,CCAGTAATCAAGTCAACGGT,0,3506993
tfaE_stfE_predicted,0.05,19,19,CCAGATTTTATGTCCAGGTA,0,3466938
tfaE_stfE_predicted,0.05,19,19,CCACAATCGCGTCGATTTGT,0,3516156
tfaE_stfE_predicted,0.05,19,19,CCAAGTTCAATCACCAAAGA,0,3534932
tfaE_stfE_predicted,0.05,19,19,CATTTGATGCGAAAGCGGGT,0,3521360
tfaE_stfE_predicted,0.05,19,19,CATTGTGATGAACATTCACG,0,3535949
tfaE_stfE_predicted,0.05,19,19,CATTAGGGAAGAAGGCCCGT,0,3519745
tfaE_stfE_predicted,0.05,19,19,CAGGCATGGACCATCTGCGC,0,3466506
tfaE_stfE_predicted,0.05,19,19,CAGCTCGGTGCGAAGCTCGG,0,3479953
tfaE_stfE_predicted,0.05,19,19,CAGCGGAGCTGGATACCGGA,0,3495381
tfaE_stfE_predicted,0.05,19,19,CACTGCCATTTCAACCCTTA,0,3517169
tfaE_stfE_predicted,0.05,19,19,CACTATAATTGGTGCGAGTG,0,3527508
tfaE_stfE_predicted,0.05,19,19,CAATTGTTCGCATTAAGAAA,0,3498458
tfaE_stfE_predicted,0.05,19,19,CAAGTCCGGTACTGAAGCGT,0,3484157
tfaE_stfE_predicted,0.05,19,19,CAAGCGACTGGCACTCTTCT,0,3472830
tfaE_stfE_predicted,0.05,19,19,CAACGGCACCCGAGAGTGTC,0,3483925
tfaE_stfE_predicted,0.05,19,19,CAACAAGGATTGCCAGAAGG,0,3491669
tfaE_stfE_predicted,0.05,19,19,CAAACTATGGATAAATAGCT,0,3540580
tfaE_stfE_predicted,0.05,19,19,ATTTATTAGACTTAACCCTG,0,3506977
tfaE_stfE_predicted,0.05,19,19,ATTGAGAAGCGGACTGGTAA,0,3531799
tfaE_stfE_predicted,0.05,19,19,ATTGACGGTCGTGGGGCTAA,0,3520995
tfaE_stfE_predicted,0.05,19,19,ATTCGTGGGCTAATACCACC,0,3509014
tfaE_stfE_predicted,0.05,19,19,ATTACGGATCTCTGCCCAGA,0,3472367
tfaE_stfE_predicted,0.05,19,19,ATGTTTTCATCGTATAGGTA,0,3468449
tfaE_stfE_predicted,0.05,19,19,ATGTAACGTAATCGAACACT,0,3529021
tfaE_stfE_predicted,0.05,19,19,ATGGTGCTGATAAATTTCAT,0,3474652
tfaE_stfE_predicted,0.05,19,19,ATGGGCCAGATGGCTAGTGT,0,3535804
tfaE_stfE_predicted,0.05,19,19,ATGGCCGCCTCCTAAGCTTA,0,3537692
tfaE_stfE_predicted,0.05,19,19,ATGATGATCACTGGGATCCC,0,3524248
tfaE_stfE_predicted,0.05,19,19,ATCTTGATCAGAATAAAGTA,0,3506490
tfaE_stfE_predicted,0.05,19,19,ATCTGTTTCGGATGGAGACC,0,3484684
tfaE_stfE_predicted,0.05,19,19,ATCTGTAAGATATTAACATG,0,3521482
tfaE_stfE_predicted,0.05,19,19,ATCGCTCAAGCGGTCCCAGC,0,3499094
tfaE_stfE_predicted,0.05,19,19,ATCCTGTGCCATTGGCTCTA,0,3526663
tfaE_stfE_predicted,0.05,19,19,ATCCGTGCTATCAATAGCTC,0,3470618
tfaE_stfE_predicted,0.05,19,19,ATCCGGGCCATGCATCTGGA,0,3474700
tfaE_stfE_predicted,0.05,19,19,ATAGTCAAGCCCTGTTCAGA,0,3501746
tfaE_stfE_predicted,0.05,19,19,ATAGCGTACTTAGTTAAGTA,0,3484237
tfaE_stfE_predicted,0.05,19,19,ATACCACAGGGCTTCAACAA,0,3491637
tfaE_stfE_predicted,0.05,19,19,ATAACGAACCGGTTAGTAAG,0,3477674
tfaE_stfE_predicted,0.05,19,19,AGTTGCATTGAGTCGGCGCC,0,3502921
tfaE_stfE_predicted,0.05,19,19,AGTCTTGCGGGGTATTCCTG,0,3492669
tfaE_stfE_predicted,0.05,19,19,AGTCTAACGAATACAAAAAG,0,3514267
tfaE_stfE_predicted,0.05,19,19,AGTCAAAGAGCTTAAAGTCG,0,3497733
tfaE_stfE_predicted,0.05,19,19,AGTATGTGCAAGATGTTGCA,0,3491932
tfaE_stfE_predicted,0.05,19,19,AGGGGTGAAGGCCCGGGCAT,0,3519316
tfaE_stfE_predicted,0.05,19,19,AGGGACCCCCCTTCGCGCCA,0,3520851
tfaE_stfE_predicted,0.05,19,19,AGGCGTTGTGTAAGAATTGT,0,3511035
tfaE_stfE_predicted,0.05,19,19,AGGCCCTACCGCAAGACAGA,0,3475276
tfaE_stfE_predicted,0.05,19,19,AGGCCATGCGGGTACTACAT,0,3522509
tfaE_stfE_predicted,0.05,19,19,AGGAAGAGTGGTATTGCCTA,0,3514361
tfaE_stfE_predicted,0.05,19,19,AGGAACGTATGTACGTTAAG,0,3492793
tfaE_stfE_predicted,0.05,19,19,AGCGTTATTCAGGGCGACGC,0,3536640
tfaE_stfE_predicted,0.05,19,19,AGCCTCATGTTGGGAGGTGC,0,3501338
tfaE_stfE_predicted,0.05,19,19,AGCCGTAATTTGACGTTTGC,0,3513724
tfaE_stfE_predicted,0.05,19,19,AGCCAGCTCGTGGGAACCAA,0,3518446
tfaE_stfE_predicted,0.05,19,19,AGCAAGTCTTGGCCGATCTT,0,3531667
tfaE_stfE_predicted,0.05,19,19,AGATATGTTCCCCTGCGGCT,0,3526212
tfaE_stfE_predicted,0.05,19,19,AGATAGTCCCGGAAGTAAAT,0,3482429
tfaE_stfE_predicted,0.05,19,19,AGAGAGGTATACTTTTATAT,0,3481881
tfaE_stfE_predicted,0.05,19,19,AGAGACTCCAATGCCCCGGG,0,3503151
tfaE_stfE_predicted,0.05,19,19,ACTCTGAACCGGTAAGATTG,0,3524508
tfaE_stfE_predicted,0.05,19,19,ACTCCGGCTAATCAACGAGC,0,3496151
tfaE_stfE_predicted,0.05,19,19,ACGTTCTATAGACGTATACT,0,3485721
tfaE_stfE_predicted,0.05,19,19,ACGTATGGCCACCCGGTCTT,0,3507438
tfaE_stfE_predicted,0.05,19,19,ACGTAGCATTATGAATCGAA,0,3519245
tfaE_stfE_predicted,0.05,19,19,ACGTAAGGGACTAAATACGG,0,3466542
tfaE_stfE_predicted,0.05,19,19,ACGGGGGGCCGTAGAATTGC,0,3500535
tfaE_stfE_predicted,0.05,19,19,ACGCCGGGACGTGTAGGTCC,0,3491981
tfaE_stfE_predicted,0.05,19,19,ACGCAAATCGTCCCGGTGCT,0,3529465
tfaE_stfE_predicted,0.05,19,19,ACCTCAGACAGACGGACTCG,0,3539605
tfaE_stfE_predicted,0.05,19,19,ACCGTCTGCCCGATCATCAG,0,3507409
tfaE_stfE_predicted,0.05,19,19,ACCGTAGACCGGTTGCAGTA,0,3476447
tfaE_stfE_predicted,0.05,19,19,ACCGGTACAGCATCAGTCCA,0,3519875
tfaE_stfE_predicted,0.05,19,19,ACCGGCGTCAAAGAATGGCA,0,3498669
tfaE_stfE_predicted,0.05,19,19,ACCATAGTACAGAACCGCTG,0,3472932
tfaE_stfE_predicted,0.05,19,19,ACAGAAGCGTAGGTGAGCTG,0,3500232
tfaE_stfE_predicted,0.05,19,19,ACAAGGGTAAACAGGCCCAT,0,3491077
tfaE_stfE_predicted,0.05,19,19,AATTTATCTGAGGATTCAGG,0,3481880
tfaE_stfE_predicted,0.05,19,19,AATTGTGTCAGAAAAGTTTA,0,3489999
tfaE_stfE_predicted,0.05,19,19,AATTGCGGGAAAATAGTAGT,0,3487568
tfaE_stfE_predicted,0.05,19,19,AATGTAGTTCACGCATAGTA,0,3488531
tfaE_stfE_predicted,0.05,19,19,AATGCGTTTGGAGCGCAGTG,0,3520595
tfaE_stfE_predicted,0.05,19,19,AATGCCCACTAAGATGGTGG,0,3479132
tfaE_stfE_predicted,0.05,19,19,AATCATAAGTCTAAAAAGTT,0,3522164
tfaE_stfE_predicted,0.05,19,19,AAGTTAAAAATAACGCCAAT,0,3528152
tfaE_stfE_predicted,0.05,19,19,AAGGTTTTAGCTTTTCCTTC,0,3506820
tfaE_stfE_predicted,0.05,19,19,AAGCACTCGTCGTGTGAAGC,0,3470725
tfaE_stfE_predicted,0.05,19,19,AACTATAGTACGGGAACGAT,0,3499082
tfaE_stfE_predicted,0.05,19,19,AACGTTGACGTACGGATATC,0,3514517
tfaE_stfE_predicted,0.05,19,19,AACCGTGAAGAGAAGGAGCT,0,3528784
tfaE_stfE_predicted,0.05,19,19,AACCCCCAGTATACATCATC,0,3471587
tfaE_stfE_predicted,0.05,19,19,AACAGTGTACCGTGTAAGAA,0,3504360
tfaE_stfE_predicted,0.05,19,19,AACAGAGGTAACTAGAATTA,0,3485099
tfaE_stfE_predicted,0.05,19,19,AAATCGGTAAGGAGGGATGG,0,3515360
tfaE_stfE_predicted,0.05,19,19,AAACTTCAGGATGAGTCGTA,0,3494895
tfaE_stfE_predicted,0.05,19,19,AAACTACGTTCCTTGAGGAC,0,3532917
tfaE_stfE_predicted,0.05263157894736842,18,18,TTTTGCCAACGCAACAATGA,0,3516476
tfaE_stfE_predicted,0.05263157894736842,18,18,TTTTGATCCAGCCGAGGACA,0,3508996
tfaE_stfE_predicted,0.05263157894736842,18,18,TTTGGTCTAGCAATTGGGCT,0,3494700
tfaE_stfE_predicted,0.05263157894736842,18,18,TTGTGGCTCTCGGTTCTGGT,0,3526424
tfaE_stfE_predicted,0.05263157894736842,18,18,TTGTCGTGCTAACTAACGTA,0,3490056
tfaE_stfE_predicted,0.05263157894736842,18,18,TTGTATATAACCCGTCTCCA,0,3490728
tfaE_stfE_predicted,0.05263157894736842,18,18,TTGGGGCGAGCGATGTTGTT,0,3483939
tfaE_stfE_predicted,0.05263157894736842,18,18,TTGGGATATCCATTCGTCTT,0,3522436
tfaE_stfE_predicted,0.05263157894736842,18,18,TTGGCAAAAAAAAGGATATC,0,3538635
tfaE_stfE_predicted,0.05263157894736842,18,18,TTGCGATCTCCAGGCCGCTT,0,3473073
tfaE_stfE_predicted,0.05263157894736842,18,18,TTGCAAACTACATCTCAACT,0,3483337
tfaE_stfE_predicted,0.05263157894736842,18,18,TTGAGACCCGAGAATCTTAA,0,3500284
tfaE_stfE_predicted,0.05263157894736842,18,18,TTCTTAATCCACCCGTGATA,0,3489736
tfaE_stfE_predicted,0.05263157894736842,18,18,TTCTCAACTCGCTAGCTAGC,0,3486057
tfaE_stfE_predicted,0.05263157894736842,18,18,TTCTACAAATCTATCCGGCC,0,3496371
tfaE_stfE_predicted,0.05263157894736842,18,18,TTCGTGCCGCCAACCCACAG,0,3506819
tfaE_stfE_predicted,0.05263157894736842,18,18,TTCCTTCAATGGTTAAGGAT,0,3475770
tfaE_stfE_predicted,0.05263157894736842,18,18,TTCCGACGTAGACTTTCTGA,0,3471384
tfaE_stfE_predicted,0.05263157894736842,18,18,TTCCAGAAGTATTTTCAGTA,0,3482327
tfaE_stfE_predicted,0.05263157894736842,18,18,TTCATTGCGCTCGCTAGTAG,0,3526729
tfaE_stfE_predicted,0.05263157894736842,18,18,TTCAGAGGTCCGGATAGCTT,0,3522149
tfaE_stfE_predicted,0.05263157894736842,18,18,TTATGACCAAATCCAGATTT,0,3529255
tfaE_stfE_predicted,0.05263157894736842,18,18,TTATCGTCGGCTCGCCCTAC,0,3466737
tfaE_stfE_predicted,0.05263157894736842,18,18,TTAGTGTTCAGGCATGGATA,0,3494314
tfaE_stfE_predicted,0.05263157894736842,18,18,TTACCTATCGGATACAGGTC,0,3475551
tfaE_stfE_predicted,0.05263157894736842,18,18,TTACATTGAAACAACCTTCA,0,3532476
tfaE_stfE_predicted,0.05263157894736842,18,18,TTAAGGGTGATGATTAAGCT,0,3492382
tfaE_stfE_predicted,0.05263157894736842,18,18,TGTTTATAGGGTTGAGGCTA,0,3467747
tfaE_stfE_predicted,0.05263157894736842,18,18,TGTTCACTCTTGGATGCACG,0,3471765
tfaE_stfE_predicted,0.05263157894736842,18,18,TGTTAGTAATCGAGAAGTTT,0,3488243
tfaE_stfE_predicted,0.05263157894736842,18,18,TGTGGTCGGATTGCAATATC,0,3481795
tfaE_stfE_predicted,0.05263157894736842,18,18,TGTGGGCCTTTGAGTGCCCA,0,3473271
tfaE_stfE_predicted,0.05263157894736842,18,18,TGTCCCTGGAAGTCATAGGT,0,3522416
tfaE_stfE_predicted,0.05263157894736842,18,18,TGTATGTTGGGTTTCAAGAT,0,3524026
tfaE_stfE_predicted,0.05263157894736842,18,18,TGTAGTTCCCGGCTTAGTGG,0,3506305
tfaE_stfE_predicted,0.05263157894736842,18,18,TGTACGGTCCTGCGTCATTA,0,3484798
tfaE_stfE_predicted,0.05263157894736842,18,18,TGGTGGCATATACAACAGTA,0,3484415
tfaE_stfE_predicted,0.05263157894736842,18,18,TGGTGACTCGGACTCGTTCT,0,3479371
tfaE_stfE_predicted,0.05263157894736842,18,18,TGGGTATCGGACGTCGTTAT,0,3493998
tfaE_stfE_predicted,0.05263157894736842,18,18,TGGGCTATGTGGGTGCATAA,0,3504323
tfaE_stfE_predicted,0.05263157894736842,18,18,TGGGAACACAGGTATGGGAG,0,3469616
tfaE_stfE_predicted,0.05263157894736842,18,18,TGGCTGGTATTAGAGTTTAT,0,3492917
tfaE_stfE_predicted,0.05263157894736842,18,18,TGGCTCTACATTTCTCCATC,0,3536444
tfaE_stfE_predicted,0.05263157894736842,18,18,TGGCACCGGCCGGCAAGTGT,0,3534577
tfaE_stfE_predicted,0.05263157894736842,18,18,TGCTTACTAATTCGTTGGTT,0,3520920
tfaE_stfE_predicted,0.05263157894736842,18,18,TGCTATGTAGTACTTGGTCG,0,3507198
tfaE_stfE_predicted,0.05263157894736842,18,18,TGCGTCAGCAATTGTAGACG,0,3471675
tfaE_stfE_predicted,0.05263157894736842,18,18,TGCCTGGAATCGATGCCATC,0,3486640
tfaE_stfE_predicted,0.05263157894736842,18,18,TGCCCGAGATCTCGCACACG,0,3522561
tfaE_stfE_predicted,0.05263157894736842,18,18,TGCACCAATTGACAGCATGT,0,3517986
tfaE_stfE_predicted,0.05263157894736842,18,18,TGATGTCAGGGTGAAGCCCA,0,3475906
tfaE_stfE_predicted,0.05263157894736842,18,18,TGATCCTTTGAACAGCTTGT,0,3490875
tfaE_stfE_predicted,0.05263157894736842,18,18,TGATCCCCGTATCCCGTCAT,0,3533570
tfaE_stfE_predicted,0.05263157894736842,18,18,TGATAGACAGATACCCAAAT,0,3482022
tfaE_stfE_predicted,0.05263157894736842,18,18,TGAGGATTGTTCACAATTCA,0,3468902
tfaE_stfE_predicted,0.05263157894736842,18,18,TGACTTCAATGGACTACTAA,0,3497325
tfaE_stfE_predicted,0.05263157894736842,18,18,TGAATGAGCTACACCTTACG,0,3503289
tfaE_stfE_predicted,0.05263157894736842,18,18,TCTTTAGTAAGCCGCGAAGG,0,3508213
tfaE_stfE_predicted,0.05263157894736842,18,18,TCTCTACGTACATCAGCATG,0,3482873
tfaE_stfE_predicted,0.05263157894736842,18,18,TCTACTGTTCCTCAGGGTTG,0,3520283
tfaE_stfE_predicted,0.05263157894736842,18,18,TCGTAGTGAAACCGCTGACA,0,3535631
tfaE_stfE_predicted,0.05263157894736842,18,18,TCGTAAGCGCCGATGGTTAA,0,3496684
tfaE_stfE_predicted,0.05263157894736842,18,18,TCGGTAGGAGACTGAATATA,0,3492768
tfaE_stfE_predicted,0.05263157894736842,18,18,TCGGCTCTTTTCCGTAGAAG,0,3539981
tfaE_stfE_predicted,0.05263157894736842,18,18,TCGGATGCGTAGGCACATCT,0,3473505
tfaE_stfE_predicted,0.05263157894736842,18,18,TCGGAGGAATCTCGACGCTC,0,3483714
tfaE_stfE_predicted,0.05263157894736842,18,18,TCGCAGTTGCACCACGGAAG,0,3466392
tfaE_stfE_predicted,0.05263157894736842,18,18,TCGAGGCTGGCGGCAGATCT,0,3498798
tfaE_stfE_predicted,0.05263157894736842,18,18,TCGAGCGGGGGCGTGGCTGT,0,3530621
tfaE_stfE_predicted,0.05263157894736842,18,18,TCGACTATGCGAGTGGGGAG,0,3535918
tfaE_stfE_predicted,0.05263157894736842,18,18,TCGACAGCTGCCCGTGAGGC,0,3523661
tfaE_stfE_predicted,0.05263157894736842,18,18,TCCTAGCCGGGCATTCGGTT,0,3502052
tfaE_stfE_predicted,0.05263157894736842,18,18,TCCGGGACCGGTGTCGTTAC,0,3492517
tfaE_stfE_predicted,0.05263157894736842,18,18,TCCGGAAGCATAAATCCCAA,0,3515002
tfaE_stfE_predicted,0.05263157894736842,18,18,TCCGAAGGAGGACTGGTGGG,0,3503487
tfaE_stfE_predicted,0.05263157894736842,18,18,TCAGGTTGCCCTGTTGTACC,0,3519067
tfaE_stfE_predicted,0.05263157894736842,18,18,TCAGGGACTGGAGAGGCCTC,0,3521658
tfaE_stfE_predicted,0.05263157894736842,18,18,TCAGCTCATAGGTCTCTGAT,0,3498074
tfaE_stfE_predicted,0.05263157894736842,18,18,TCACTCGACCCTGCCCGCTA,0,3489376
tfaE_stfE_predicted,0.05263157894736842,18,18,TCACTCCGCTCAGGGCACGG,0,3529742
tfaE_stfE_predicted,0.05263157894736842,18,18,TCACAAAAGAGTAATCTAGT,0,3513377
tfaE_stfE_predicted,0.05263157894736842,18,18,TCAAGGGGCGGCGCATTAAG,0,3469341
tfaE_stfE_predicted,0.05263157894736842,18,18,TCAAGAACACAGTCAAGTTC,0,3490366
tfaE_stfE_predicted,0.05263157894736842,18,18,TCAAACCAGGGCGCACCTCC,0,3476745
tfaE_stfE_predicted,0.05263157894736842,18,18,TATTTACAGGAATAGGTGCC,0,3470789
tfaE_stfE_predicted,0.05263157894736842,18,18,TATGCCCTAATGAAATTTAA,0,3532040
tfaE_stfE_predicted,0.05263157894736842,18,18,TATCTGTGTAGACCAATTCA,0,3534623
tfaE_stfE_predicted,0.05263157894736842,18,18,TATCGGCTGCACCTGGTTGT,0,3496127
tfaE_stfE_predicted,0.05263157894736842,18,18,TAGCATTGTGGTTGCACAGT,0,3509970
tfaE_stfE_predicted,0.05263157894736842,18,18,TAGATTTAGAATGGACCGTG,0,3476368
tfaE_stfE_predicted,0.05263157894736842,18,18,TAGAGACATGCTTACGACAC,0,3520917
tfaE_stfE_predicted,0.05263157894736842,18,18,TAGAACCAAGTTTCAGTATG,0,3491459
tfaE_stfE_predicted,0.05263157894736842,18,18,TACTCGATGTGGGCGGCAGC,0,3496970
tfaE_stfE_predicted,0.05263157894736842,18,18,TACGGCGGGCCTAACCTCCT,0,3522082
tfaE_stfE_predicted,0.05263157894736842,18,18,TACGCGGGGTGAACATATGC,0,3477291
tfaE_stfE_predicted,0.05263157894736842,18,18,TACGAAATTCGCGCACCCAG,0,3479787
tfaE_stfE_predicted,0.05263157894736842,18,18,TACAGCCTATTAAAGATTTG,0,3524330
tfaE_stfE_predicted,0.05263157894736842,18,18,TAATGATGCCCCCGGAGCTT,0,3480868
tfaE_stfE_predicted,0.05263157894736842,18,18,TAATCGATAATGTTCGAGAA,0,3469925
tfaE_stfE_predicted,0.05263157894736842,18,18,TAAGGCCACAGTGCACGCTA,0,3536293
tfaE_stfE_predicted,0.05263157894736842,18,18,TAAGAATTCACCTCGTCATG,0,3468335
tfaE_stfE_predicted,0.05263157894736842,18,18,TAACGCCGGCATAGGTTTAA,0,3518842
tfaE_stfE_predicted,0.05263157894736842,18,18,TAAAAGAAGTTCCGGCGCCA,0,3470395
tfaE_stfE_predicted,0.05263157894736842,18,18,GTTTGATTGACGGATCAGAA,0,3481366
tfaE_stfE_predicted,0.05263157894736842,18,18,GTTGGAAACTGCGCAGAAGT,0,3490345
tfaE_stfE_predicted,0.05263157894736842,18,18,GTTCCTGCTGTCAAAGTTCT,0,3506740
tfaE_stfE_predicted,0.05263157894736842,18,18,GTTATTGCCATCGATTGCCT,0,3473052
tfaE_stfE_predicted,0.05263157894736842,18,18,GTTAGTTCTGACATCCGTTA,0,3492720
tfaE_stfE_predicted,0.05263157894736842,18,18,GTTAGAAACCGAGGTACCGA,0,3505499
tfaE_stfE_predicted,0.05263157894736842,18,18,GTGTGGGTTTGATAAATTTA,0,3497334
tfaE_stfE_predicted,0.05263157894736842,18,18,GTGTAGCCCGCAAAATCTTC,0,3498337
tfaE_stfE_predicted,0.05263157894736842,18,18,GTGTAACACGGTATATGCTG,0,3474572
tfaE_stfE_predicted,0.05263157894736842,18,18,GTGGTTCATTAGGCAGACGA,0,3530667
tfaE_stfE_predicted,0.05263157894736842,18,18,GTGCTTTAGTTTGAGGGCGT,0,3497249
tfaE_stfE_predicted,0.05263157894736842,18,18,GTCTTTGATATCAGAACCTA,0,3486530
tfaE_stfE_predicted,0.05263157894736842,18,18,GTCTCTGACTGCGACAGAGA,0,3501744
tfaE_stfE_predicted,0.05263157894736842,18,18,GTCTACGGCCGTGTTTCTTG,0,3479940
tfaE_stfE_predicted,0.05263157894736842,18,18,GTCGATAAGCTTCACACGTT,0,3475561
tfaE_stfE_predicted,0.05263157894736842,18,18,GTCCAGACGACTCTTCCCCA,0,3525850
tfaE_stfE_predicted,0.05263157894736842,18,18,GTCCAAGGGCAGCACTTGTG,0,3487437
tfaE_stfE_predicted,0.05263157894736842,18,18,GTCATAGCACGGTGGGATTC,0,3522439
tfaE_stfE_predicted,0.05263157894736842,18,18,GGTTTAGGTTACTTGGGAAC,0,3468185
tfaE_stfE_predicted,0.05263157894736842,18,18,GGTCAATTGGCCAATACAAG,0,3471358
tfaE_stfE_predicted,0.05263157894736842,18,18,GGTATAGTCGTACCGGCCTT,0,3533629
tfaE_stfE_predicted,0.05263157894736842,18,18,GGTAGTTGAGGTTCGGAAGT,0,3489275
tfaE_stfE_predicted,0.05263157894736842,18,18,GGGTCGGTCGGGCGACGCTG,0,3508088
tfaE_stfE_predicted,0.05263157894736842,18,18,GGGGTCCAGGCGGAACCTAA,0,3487261
tfaE_stfE_predicted,0.05263157894736842,18,18,GGGGGGAAGTTACTGCTATG,0,3488703
tfaE_stfE_predicted,0.05263157894736842,18,18,GGGGCCGCCATTAGGGTCCT,0,3488248
tfaE_stfE_predicted,0.05263157894736842,18,18,GGGACAATCAGCTAGATGTG,0,3490139
tfaE_stfE_predicted,0.05263157894736842,18,18,GGCTCCTTGTGCACTTTTCG,0,3480488
tfaE_stfE_predicted,0.05263157894736842,18,18,GGCTATGTGTAGCTATCTGG,0,3472292
tfaE_stfE_predicted,0.05263157894736842,18,18,GGCTATGTACCATTTTGCAT,0,3505268
tfaE_stfE_predicted,0.05263157894736842,18,18,GGCGTGGGCCAGATCTCGCT,0,3524229
tfaE_stfE_predicted,0.05263157894736842,18,18,GGATCGTTTCGGGTCCTACT,0,3504464
tfaE_stfE_predicted,0.05263157894736842,18,18,GGATAAAGTGAATCACGAGC,0,3535312
tfaE_stfE_predicted,0.05263157894736842,18,18,GGACGGTTAACCAGCTTACT,0,3476780
tfaE_stfE_predicted,0.05263157894736842,18,18,GGAATTTCCTTGCCGAGAAG,0,3507038
tfaE_stfE_predicted,0.05263157894736842,18,18,GGAACTCACTCGAGGCAGTA,0,3469346
tfaE_stfE_predicted,0.05263157894736842,18,18,GCTTTCAACTGTCTACATAT,0,3522752
tfaE_stfE_predicted,0.05263157894736842,18,18,GCTTGCATAGGCGTATCGTG,0,3474759
tfaE_stfE_predicted,0.05263157894736842,18,18,GCTTGAATGAACCGATCCCA,0,3474949
tfaE_stfE_predicted,0.05263157894736842,18,18,GCTGCGCGCGAACGGAGCTG,0,3496600
tfaE_stfE_predicted,0.05263157894736842,18,18,GCTCGAGGCGCGGCTCAGCA,0,3486939
tfaE_stfE_predicted,0.05263157894736842,18,18,GCGTTTATTCAGGACAGTAC,0,3518046
tfaE_stfE_predicted,0.05263157894736842,18,18,GCGTCTCGACCGTAAGGCCC,0,3496849
tfaE_stfE_predicted,0.05263157894736842,18,18,GCGTCCGCAGTTGCGATCTA,0,3513673
tfaE_stfE_predicted,0.05263157894736842,18,18,GCGGGCCGTAGAGGACAAGA,0,3516734
tfaE_stfE_predicted,0.05263157894736842,18,18,GCGGGCCATGGAATCCTAAG,0,3479838
tfaE_stfE_predicted,0.05263157894736842,18,18,GCGGCAGTCTACACGGCAAT,0,3507782
tfaE_stfE_predicted,0.05263157894736842,18,18,GCGGAATCGAATCGAATTTG,0,3507165
tfaE_stfE_predicted,0.05263157894736842,18,18,GCCTTCACAGACTGATAGGT,0,3520178
tfaE_stfE_predicted,0.05263157894736842,18,18,GCCGTTAGGCATCCGCCGTG,0,3483747
tfaE_stfE_predicted,0.05263157894736842,18,18,GCCGTAGGTGGTATGACGAT,0,3540001
tfaE_stfE_predicted,0.05263157894736842,18,18,GCATATGGCGCTCGAGTAAT,0,3469725
tfaE_stfE_predicted,0.05263157894736842,18,18,GCAGGGTGCTGCCAGGCCCA,0,3473852
tfaE_stfE_predicted,0.05263157894736842,18,18,GATTTGTCTCATACCTGTAT,0,3506519
tfaE_stfE_predicted,0.05263157894736842,18,18,GATTGTGGGAATGTAGTGAC,0,3535632
tfaE_stfE_predicted,0.05263157894736842,18,18,GATTGCTTACCGCGCATTGC,0,3533492
tfaE_stfE_predicted,0.05263157894736842,18,18,GATTGCCCAGATAGTGGAAG,0,3477538
tfaE_stfE_predicted,0.05263157894736842,18,18,GATTCCCTTCGGGGGGCTGC,0,3466640
tfaE_stfE_predicted,0.05263157894736842,18,18,GATGTGTTTTGTAAATCAAG,0,3526246
tfaE_stfE_predicted,0.05263157894736842,18,18,GATGTCAGAGTAGTTTGTAC,0,3525773
tfaE_stfE_predicted,0.05263157894736842,18,18,GATGTATCACTTTCTGGACG,0,3483105
tfaE_stfE_predicted,0.05263157894736842,18,18,GATCGCACGCGTACATCAGT,0,3526360
tfaE_stfE_predicted,0.05263157894736842,18,18,GAGTATTTTCGCATGTTTAG,0,3491852
tfaE_stfE_predicted,0.05263157894736842,18,18,GAGGCTTAGTAGCCTCTCCA,0,3522978
tfaE_stfE_predicted,0.05263157894736842,18,18,GAGGCACTGCCAGTGATCTC,0,3525912
tfaE_stfE_predicted,0.05263157894736842,18,18,GAGCTTATACTTATTGCACT,0,3504635
tfaE_stfE_predicted,0.05263157894736842,18,18,GACTGGAAAGTTTATAACAA,0,3512425
tfaE_stfE_predicted,0.05263157894736842,18,18,GACTCCCCTACAAAGAGTCG,0,3499105
tfaE_stfE_predicted,0.05263157894736842,18,18,GACCAGGGATGGGGTCCAAT,0,3498041
tfaE_stfE_predicted,0.05263157894736842,18,18,GACAGACCGCTGGAGACTAG,0,3474637
tfaE_stfE_predicted,0.05263157894736842,18,18,GAATTGCGGACCCACCTGCT,0,3539506
tfaE_stfE_predicted,0.05263157894736842,18,18,GAATGGGATCATATTGAGCG,0,3515825
tfaE_stfE_predicted,0.05263157894736842,18,18,GAATGGATGTGTGTCGTGAG,0,3505747
tfaE_stfE_predicted,0.05263157894736842,18,18,GAATCTAACGCTATAAGAGG,0,3539338
tfaE_stfE_predicted,0.05263157894736842,18,18,GAATCCTGGACTGTGCTTTC,0,3493279
tfaE_stfE_predicted,0.05263157894736842,18,18,GAAGGCTTAACATTACAGCG,0,3489150
tfaE_stfE_predicted,0.05263157894736842,18,18,CTTTTGGAGTGCCACTACCA,0,3495118
tfaE_stfE_predicted,0.05263157894736842,18,18,CTTGAAGTCTCAGTTGCGAT,0,3484373
tfaE_stfE_predicted,0.05263157894736842,18,18,CTTCTTTCCTGAACTGTGCG,0,3471815
tfaE_stfE_predicted,0.05263157894736842,18,18,CTTCTATGCGGGAAAGGCTC,0,3470314
tfaE_stfE_predicted,0.05263157894736842,18,18,CTTCCGACTATTCTCATGCC,0,3507398
tfaE_stfE_predicted,0.05263157894736842,18,18,CTTCCCTAGCGCGCGCCACC,0,3472484
tfaE_stfE_predicted,0.05263157894736842,18,18,CTTCCAACATGGTAAAACAC,0,3522784
tfaE_stfE_predicted,0.05263157894736842,18,18,CTTCAACACAGTGTTAGACA,0,3507011
tfaE_stfE_predicted,0.05263157894736842,18,18,CTTATAGTTTATAATCGCAA,0,3526880
tfaE_stfE_predicted,0.05263157894736842,18,18,CTTAGCGGCTTGGGCACTGT,0,3520860
tfaE_stfE_predicted,0.05263157894736842,18,18,CTTAATTAAAAGGGTTGGGT,0,3531235
tfaE_stfE_predicted,0.05263157894736842,18,18,CTTAAGATAGCCTAAAACCT,0,3527501
tfaE_stfE_predicted,0.05263157894736842,18,18,CTGTTGCAAATTTCGCATTG,0,3509118
tfaE_stfE_predicted,0.05263157894736842,18,18,CTGTGTTGCCAGGTAAAACG,0,3522088
tfaE_stfE_predicted,0.05263157894736842,18,18,CTGTGAAGTGTTGGTGGGAT,0,3537331
tfaE_stfE_predicted,0.05263157894736842,18,18,CTGTAATATGTCCCAGGACA,0,3531960
tfaE_stfE_predicted,0.05263157894736842,18,18,CTGGGCGATGATGACCTTGT,0,3526230
tfaE_stfE_predicted,0.05263157894736842,18,18,CTGGGCCGGACGAACTCATA,0,3516532
tfaE_stfE_predicted,0.05263157894736842,18,18,CTGCTGTGTGTTTCTCATGC,0,3489703
tfaE_stfE_predicted,0.05263157894736842,18,18,CTGCTCTTGGCCATGCGTCG,0,3495346
tfaE_stfE_predicted,0.05263157894736842,18,18,CTGCGTACATTATTACCTCA,0,3472443
tfaE_stfE_predicted,0.05263157894736842,18,18,CTGCACTGAAGTTCAGACAA,0,3492684
tfaE_stfE_predicted,0.05263157894736842,18,18,CTGATGACGCTCTTTACGAT,0,3480155
tfaE_stfE_predicted,0.05263157894736842,18,18,CTGATACAGATCGCGAGGGA,0,3488363
tfaE_stfE_predicted,0.05263157894736842,18,18,CTCTTGGCACTCCTGACCGA,0,3497171
tfaE_stfE_predicted,0.05263157894736842,18,18,CTCTCTTTCTGATTAATCAT,0,3477704
tfaE_stfE_predicted,0.05263157894736842,18,18,CTCAGTCTCCTGAGGATTCG,0,3524336
tfaE_stfE_predicted,0.05263157894736842,18,18,CTATGGGCCAAGTAGAGAAG,0,3526528
tfaE_stfE_predicted,0.05263157894736842,18,18,CTATGCTCATGACACTCGAA,0,3471846
tfaE_stfE_predicted,0.05263157894736842,18,18,CTAGTCCGGGAAAGTCGAGC,0,3499868
tfaE_stfE_predicted,0.05263157894736842,18,18,CTAGGTTTCTGTCAAAGGGG,0,3491136
tfaE_stfE_predicted,0.05263157894736842,18,18,CTACCTAAGGATAAAAGTCT,0,3482946
tfaE_stfE_predicted,0.05263157894736842,18,18,CTAAATGGGGGGCTCGATTG,0,3532897
tfaE_stfE_predicted,0.05263157894736842,18,18,CGTTTAGGTGTCACAATCAC,0,3469846
tfaE_stfE_predicted,0.05263157894736842,18,18,CGTGTTCCGCACTCACTTCA,0,3496125
tfaE_stfE_predicted,0.05263157894736842,18,18,CGTGTTAGGAGGCTAGGGCA,0,3474483
tfaE_stfE_predicted,0.05263157894736842,18,18,CGTGTAGCACTACATCTATG,0,3490877
tfaE_stfE_predicted,0.05263157894736842,18,18,CGTGGATTACGGCGAGCTTG,0,3494862
tfaE_stfE_predicted,0.05263157894736842,18,18,CGTGCTGGGCGGAGATGCTG,0,3490362
tfaE_stfE_predicted,0.05263157894736842,18,18,CGTCTAGGGCTGGTGATTAA,0,3503585
tfaE_stfE_predicted,0.05263157894736842,18,18,CGTCGGATCATGCGTTTTAA,0,3494103
tfaE_stfE_predicted,0.05263157894736842,18,18,CGTACCGCCCTTCCGGCACT,0,3527605
tfaE_stfE_predicted,0.05263157894736842,18,18,CGTACCCTGAGCCGCTCTGT,0,3499697
tfaE_stfE_predicted,0.05263157894736842,18,18,CGGGTAGTGCGGTTTTCAAC,0,3533669
tfaE_stfE_predicted,0.05263157894736842,18,18,CGGGTAATTCAGACGGGTTC,0,3500528
tfaE_stfE_predicted,0.05263157894736842,18,18,CGGCCTGGGACCGTGACAGA,0,3538188
tfaE_stfE_predicted,0.05263157894736842,18,18,CGGCAAGGCGAGCTGCGACC,0,3505234
tfaE_stfE_predicted,0.05263157894736842,18,18,CGGAACGGCATTCGGCTCAA,0,3503754
tfaE_stfE_predicted,0.05263157894736842,18,18,CGCTTTGGGCCACCAATCTT,0,3488777
tfaE_stfE_predicted,0.05263157894736842,18,18,CGCTGAGATGTCAAAAAGAA,0,3526945
tfaE_stfE_predicted,0.05263157894736842,18,18,CGCTAGAACCGTGGGGGTGG,0,3498817
tfaE_stfE_predicted,0.05263157894736842,18,18,CGCGCATGCTAAGAAAATAA,0,3468484
tfaE_stfE_predicted,0.05263157894736842,18,18,CGCGAACGGTACCCTAAGCA,0,3472518
tfaE_stfE_predicted,0.05263157894736842,18,18,CGCCGGGACGTGCTCGTGGG,0,3484791
tfaE_stfE_predicted,0.05263157894736842,18,18,CGCCGATCCTTACACACCTC,0,3494150
tfaE_stfE_predicted,0.05263157894736842,18,18,CGATCGTTAGAACGGATCCG,0,3500529
tfaE_stfE_predicted,0.05263157894736842,18,18,CGATAAAAGAAGCTTTCCTC,0,3534895
tfaE_stfE_predicted,0.05263157894736842,18,18,CGAGTATAAAGCCAGCTGTT,0,3496508
tfaE_stfE_predicted,0.05263157894736842,18,18,CGAGCTCTCGAAATAGCCCT,0,3521478
tfaE_stfE_predicted,0.05263157894736842,18,18,CGAGCGAGGTTCACTAGGAC,0,3508635
tfaE_stfE_predicted,0.05263157894736842,18,18,CGAGAGATAGAACATGACTG,0,3505416
tfaE_stfE_predicted,0.05263157894736842,18,18,CGACCCCCGTTCTCGGGAAT,0,3492117
tfaE_stfE_predicted,0.05263157894736842,18,18,CGAAGTTCGAGCGAGGACCT,0,3472450
tfaE_stfE_predicted,0.05263157894736842,18,18,CGAACATATTTCGCCGTACT,0,3535749
tfaE_stfE_predicted,0.05263157894736842,18,18,CCTGGGAGGGAGAGTCCAAC,0,3492223
tfaE_stfE_predicted,0.05263157894736842,18,18,CCTGGCTGGCGAGAAGTGGA,0,3505548
tfaE_stfE_predicted,0.05263157894736842,18,18,CCTCTCTAATTTGGTGAAAC,0,3478640
tfaE_stfE_predicted,0.05263157894736842,18,18,CCTCCGCGACAATTGCAGTC,0,3537241
tfaE_stfE_predicted,0.05263157894736842,18,18,CCTAATGGATGGTCATCATG,0,3495819
tfaE_stfE_predicted,0.05263157894736842,18,18,CCTAAGAGCAAAAGGTGGTA,0,3514840
tfaE_stfE_predicted,0.05263157894736842,18,18,CCGTTTACCTAGAGAGTCAA,0,3497124
tfaE_stfE_predicted,0.05263157894736842,18,18,CCGTTCACGTTTGCTTGGGG,0,3532626
tfaE_stfE_predicted,0.05263157894736842,18,18,CCGTTCACCTACATTCGGTA,0,3507042
tfaE_stfE_predicted,0.05263157894736842,18,18,CCGTACGGGTCTGGCGGCTT,0,3529481
tfaE_stfE_predicted,0.05263157894736842,18,18,CCGTACATGTGTTCGTCGCG,0,3525301
tfaE_stfE_predicted,0.05263157894736842,18,18,CCGGTTCCATCGTTTGAGTA,0,3510759
tfaE_stfE_predicted,0.05263157894736842,18,18,CCGGTGGCACCCCTCTTGAA,0,3483570
tfaE_stfE_predicted,0.05263157894736842,18,18,CCGGGTTGTATCCATACTAG,0,3519160
tfaE_stfE_predicted,0.05263157894736842,18,18,CCGGGGTTTCACCTCTCGGC,0,3534666
tfaE_stfE_predicted,0.05263157894736842,18,18,CCGCCAACTCCGGGGAAGTG,0,3508960
tfaE_stfE_predicted,0.05263157894736842,18,18,CCGCAGAGTGCTACTACTTT,0,3486536
tfaE_stfE_predicted,0.05263157894736842,18,18,CCCTTGGAGCACATTCGTTA,0,3528269
tfaE_stfE_predicted,0.05263157894736842,18,18,CCCTACAACGATACTGAACC,0,3496853
tfaE_stfE_predicted,0.05263157894736842,18,18,CCCGAGTCAGCCAAGCTACA,0,3506601
tfaE_stfE_predicted,0.05263157894736842,18,18,CCCCTTCGGGAGAACGAGGA,0,3513544
tfaE_stfE_predicted,0.05263157894736842,18,18,CCATATTTTCAGAGCTGTGG,0,3478281
tfaE_stfE_predicted,0.05263157894736842,18,18,CCAGTTATGAGATCGCAAAC,0,3512011
tfaE_stfE_predicted,0.05263157894736842,18,18,CCAGCCAGCAGACAATTTTG,0,3513917
tfaE_stfE_predicted,0.05263157894736842,18,18,CCACTATAGCTCTTATGGAT,0,3496513
tfaE_stfE_predicted,0.05263157894736842,18,18,CCACACTTGTGTACGAAGAT,0,3489881
tfaE_stfE_predicted,0.05263157894736842,18,18,CCAATCGGGCATGGCAAACG,0,3504052
tfaE_stfE_predicted,0.05263157894736842,18,18,CCAAGGAGCACGCTTGCAGC,0,3469269
tfaE_stfE_predicted,0.05263157894736842,18,18,CCAACATGACGTAGTCCATC,0,3524905
tfaE_stfE_predicted,0.05263157894736842,18,18,CATTCGACACATCGTGATGA,0,3476953
tfaE_stfE_predicted,0.05263157894736842,18,18,CATGCCTTGGAGAAAGTGCT,0,3516345
tfaE_stfE_predicted,0.05263157894736842,18,18,CAGTTATAAGGTAATCGACA,0,3519616
tfaE_stfE_predicted,0.05263157894736842,18,18,CAGGAAAAGGCGAGGGAGAG,0,3512752
tfaE_stfE_predicted,0.05263157894736842,18,18,CAGCTCAGAGCTGCTCAGTA,0,3470750
tfaE_stfE_predicted,0.05263157894736842,18,18,CAGCGCGTCTTCGAAGGGTC,0,3507620
tfaE_stfE_predicted,0.05263157894736842,18,18,CAGCGCGCATGGCAATTGTG,0,3495933
tfaE_stfE_predicted,0.05263157894736842,18,18,CAGAGTACAGAACGGTGCAT,0,3490014
tfaE_stfE_predicted,0.05263157894736842,18,18,CAGACGCCCCGCTCGGGAAT,0,3506826
tfaE_stfE_predicted,0.05263157894736842,18,18,CAGAAGCTCTAGGACCGCAT,0,3539704
tfaE_stfE_predicted,0.05263157894736842,18,18,CACTTCGGGCGCTGGAGGAA,0,3539258
tfaE_stfE_predicted,0.05263157894736842,18,18,CACCGTCGTTTTGTGGACAA,0,3532617
tfaE_stfE_predicted,0.05263157894736842,18,18,CACCAGTGAGGTACATCTCA,0,3495678
tfaE_stfE_predicted,0.05263157894736842,18,18,CACATTCACAGTATGTTAAC,0,3482993
tfaE_stfE_predicted,0.05263157894736842,18,18,CACATACGATCAAATTGGCT,0,3481805
tfaE_stfE_predicted,0.05263157894736842,18,18,CAATGGACTAGATACGGGTC,0,3492797
tfaE_stfE_predicted,0.05263157894736842,18,18,CAATGAACCCTCAAATACAT,0,3484793
tfaE_stfE_predicted,0.05263157894736842,18,18,CAATCCTTTTCTGGTCCAAG,0,3484883
tfaE_stfE_predicted,0.05263157894736842,18,18,CAAGCCGTCTGTGTAATAGC,0,3476817
tfaE_stfE_predicted,0.05263157894736842,18,18,CAAACTAACTAATACGGTTC,0,3523977
tfaE_stfE_predicted,0.05263157894736842,18,18,ATTTTAGCTTGGGTATGGCC,0,3514656
tfaE_stfE_predicted,0.05263157894736842,18,18,ATTTGAGAAATACTTGTATA,0,3471533
tfaE_stfE_predicted,0.05263157894736842,18,18,ATTTGAACGCATAGAATGGA,0,3468752
tfaE_stfE_predicted,0.05263157894736842,18,18,ATTGGACTGGAGAATCTTAT,0,3501305
tfaE_stfE_predicted,0.05263157894736842,18,18,ATTGCCCCGACCTGTCTAAT,0,3505640
tfaE_stfE_predicted,0.05263157894736842,18,18,ATTCTCTACATATTCAGCTA,0,3484106
tfaE_stfE_predicted,0.05263157894736842,18,18,ATTCCGAGTGTATTTACTCT,0,3513155
tfaE_stfE_predicted,0.05263157894736842,18,18,ATGTCACCGACTTTGCCTCT,0,3521121
tfaE_stfE_predicted,0.05263157894736842,18,18,ATGGGAGCCACTGAGCGGCA,0,3534299
tfaE_stfE_predicted,0.05263157894736842,18,18,ATGGGAAAGTGCAATTGTTT,0,3492454
tfaE_stfE_predicted,0.05263157894736842,18,18,ATGCCATAGGACGGGTTTAG,0,3524872
tfaE_stfE_predicted,0.05263157894736842,18,18,ATCTGCTGTTCATAACCTTA,0,3466502
tfaE_stfE_predicted,0.05263157894736842,18,18,ATCTCCTAAGCATACGATCT,0,3525725
tfaE_stfE_predicted,0.05263157894736842,18,18,ATCTACAGTTGCATAGCGAT,0,3508401
tfaE_stfE_predicted,0.05263157894736842,18,18,ATCGTGCCTGGACGGTGCAG,0,3500062
tfaE_stfE_predicted,0.05263157894736842,18,18,ATCGCTAGTTGGTGGGTATG,0,3519756
tfaE_stfE_predicted,0.05263157894736842,18,18,ATCGAAACTGTTCAGGTATA,0,3474881
tfaE_stfE_predicted,0.05263157894736842,18,18,ATCATATTGGTAGGGCCTCG,0,3524911
tfaE_stfE_predicted,0.05263157894736842,18,18,ATCACCTGGTTGGATGAAAT,0,3534464
tfaE_stfE_predicted,0.05263157894736842,18,18,ATATGTTTCGTGATAAGGTA,0,3494466
tfaE_stfE_predicted,0.05263157894736842,18,18,ATATCACTCGCAAACCCCTC,0,3472644
tfaE_stfE_predicted,0.05263157894736842,18,18,ATATACTTCCCTCGCCTTTA,0,3525191
tfaE_stfE_predicted,0.05263157894736842,18,18,ATAGTCGGTGTCGGAGTCGT,0,3477708
tfaE_stfE_predicted,0.05263157894736842,18,18,ATAAGGATGCATCGCCTAAG,0,3508534
tfaE_stfE_predicted,0.05263157894736842,18,18,ATAAAGAAAAGGGTAGATCG,0,3498781
tfaE_stfE_predicted,0.05263157894736842,18,18,AGTGGGGACTTCTAGTCGAG,0,3523921
tfaE_stfE_predicted,0.05263157894736842,18,18,AGTGGGCCTATAGGTTGAGT,0,3478379
tfaE_stfE_predicted,0.05263157894736842,18,18,AGTGGAATTTAGCCGAATAC,0,3511251
tfaE_stfE_predicted,0.05263157894736842,18,18,AGTGACCTCGTGCGAAGTTT,0,3475823
tfaE_stfE_predicted,0.05263157894736842,18,18,AGTCTACCGTATCTGATGCA,0,3476709
tfaE_stfE_predicted,0.05263157894736842,18,18,AGTCAGGTCGGTTCAAACTC,0,3466943
tfaE_stfE_predicted,0.05263157894736842,18,18,AGGTTTAACTTGGGGCGACG,0,3475283
tfaE_stfE_predicted,0.05263157894736842,18,18,AGGTGGTTCTAAGACAGAAT,0,3474301
tfaE_stfE_predicted,0.05263157894736842,18,18,AGGTGGAGTGGGTGGATGGC,0,3515936
tfaE_stfE_predicted,0.05263157894736842,18,18,AGGTGCAAACGCTGCTCGGC,0,3540957
tfaE_stfE_predicted,0.05263157894736842,18,18,AGGTCGGCACATGTACAGAA,0,3471421
tfaE_stfE_predicted,0.05263157894736842,18,18,AGGATCTCACATTGCGTAAG,0,3521100
tfaE_stfE_predicted,0.05263157894736842,18,18,AGGAACCGAGGGTTTTGACG,0,3512249
tfaE_stfE_predicted,0.05263157894736842,18,18,AGCTGAAGGCCGATACACTC,0,3493102
tfaE_stfE_predicted,0.05263157894736842,18,18,AGCTATCGTTAATTCACCGC,0,3533143
tfaE_stfE_predicted,0.05263157894736842,18,18,AGCGGAGTGAATGCGGAGCG,0,3500353
tfaE_stfE_predicted,0.05263157894736842,18,18,AGCGCTAATACTCGGGCGTT,0,3477537
tfaE_stfE_predicted,0.05263157894736842,18,18,AGCGATATAGGGTGCATGGA,0,3498262
tfaE_stfE_predicted,0.05263157894736842,18,18,AGATTTGTACAAGCAACCCC,0,3535952
tfaE_stfE_predicted,0.05263157894736842,18,18,AGATGGGTGTGTCCCGTTGG,0,3505341
tfaE_stfE_predicted,0.05263157894736842,18,18,AGATGAGTACATGGTATCAC,0,3496910
tfaE_stfE_predicted,0.05263157894736842,18,18,AGATATTCTATGAAACGCGA,0,3491573
tfaE_stfE_predicted,0.05263157894736842,18,18,AGATACACGTTCGGTGCCGA,0,3527946
tfaE_stfE_predicted,0.05263157894736842,18,18,AGACTTGATTGCTGCCCAGG,0,3527038
tfaE_stfE_predicted,0.05263157894736842,18,18,AGACTATGCTGGGCCTGCTC,0,3498392
tfaE_stfE_predicted,0.05263157894736842,18,18,AGACACTGACGAGATCCGAG,0,3483392
tfaE_stfE_predicted,0.05263157894736842,18,18,AGAAGTACCCATAGATAGCG,0,3526593
tfaE_stfE_predicted,0.05263157894736842,18,18,AGAAAGGCGTACAGGTTTCT,0,3485714
tfaE_stfE_predicted,0.05263157894736842,18,18,ACTTGACTTTCTAGCGACAA,0,3505448
tfaE_stfE_predicted,0.05263157894736842,18,18,ACTGCACTGGTTAATCATTC,0,3497850
tfaE_stfE_predicted,0.05263157894736842,18,18,ACTACGGGTGAAGTTCGAAT,0,3494263
tfaE_stfE_predicted,0.05263157894736842,18,18,ACGTTGGATAGACGCAGTTG,0,3470179
tfaE_stfE_predicted,0.05263157894736842,18,18,ACGTAGGCAGTTTTGAGCGT,0,3538296
tfaE_stfE_predicted,0.05263157894736842,18,18,ACGGAGAACGACTGTTCTGC,0,3510281
tfaE_stfE_predicted,0.05263157894736842,18,18,ACGCTCGGAGTGGCCTAGTG,0,3502540
tfaE_stfE_predicted,0.05263157894736842,18,18,ACGCTAGGCGTGGCCCAGTG,0,3495604
tfaE_stfE_predicted,0.05263157894736842,18,18,ACGCACTCATGGCGGCGGTA,0,3517028
tfaE_stfE_predicted,0.05263157894736842,18,18,ACCTGGACATTTATGTATTT,0,3499844
tfaE_stfE_predicted,0.05263157894736842,18,18,ACCTACGACCGGATTCACGG,0,3527899
tfaE_stfE_predicted,0.05263157894736842,18,18,ACCGCTGCTCGTGGACAACT,0,3500324
tfaE_stfE_predicted,0.05263157894736842,18,18,ACCGCTGCTCCTGGTCCGAG,0,3526540
tfaE_stfE_predicted,0.05263157894736842,18,18,ACCGATGATAGCGTCACATG,0,3506710
tfaE_stfE_predicted,0.05263157894736842,18,18,ACCGAGGCAAAGAAACTGTA,0,3480081
tfaE_stfE_predicted,0.05263157894736842,18,18,ACCCTGGCACGATACCCTAG,0,3488856
tfaE_stfE_predicted,0.05263157894736842,18,18,ACCCTAAAATCGCTTTTCAT,0,3513479
tfaE_stfE_predicted,0.05263157894736842,18,18,ACCCAGCGCAATCTCGCTCC,0,3499355
tfaE_stfE_predicted,0.05263157894736842,18,18,ACCACGCGAGGGTAGAGACT,0,3471469
tfaE_stfE_predicted,0.05263157894736842,18,18,ACATTCGACATTTCTCATGC,0,3510395
tfaE_stfE_predicted,0.05263157894736842,18,18,ACATGATGTGGGGCGAGTCC,0,3495655
tfaE_stfE_predicted,0.05263157894736842,18,18,ACATAGGACTCAGTATCAAA,0,3518116
tfaE_stfE_predicted,0.05263157894736842,18,18,ACATAAGACGATAAAAGGTT,0,3533764
tfaE_stfE_predicted,0.05263157894736842,18,18,ACACCATTAATACTCTAGAC,0,3535144
tfaE_stfE_predicted,0.05263157894736842,18,18,ACAAACATGATAACTAAAAC,0,3506878
tfaE_stfE_predicted,0.05263157894736842,18,18,AATTTTCCTACTTTTGCAGT,0,3530284
tfaE_stfE_predicted,0.05263157894736842,18,18,AATTCGGGTGGCTGCCCTAC,0,3497695
tfaE_stfE_predicted,0.05263157894736842,18,18,AATGGTGTGATCAATTTAGT,0,3467143
tfaE_stfE_predicted,0.05263157894736842,18,18,AATGGGCGCAATATTGGTCA,0,3484094
tfaE_stfE_predicted,0.05263157894736842,18,18,AATGGATGAGATTGGGATCT,0,3493602
tfaE_stfE_predicted,0.05263157894736842,18,18,AATGCTCGAGGGTTGGCTCT,0,3519439
tfaE_stfE_predicted,0.05263157894736842,18,18,AATCAACGGCACCCACGCTG,0,3521731
tfaE_stfE_predicted,0.05263157894736842,18,18,AATACGTTGGGCACTATCTA,0,3525542
tfaE_stfE_predicted,0.05263157894736842,18,18,AATACACGGGACACACTAAA,0,3470853
tfaE_stfE_predicted,0.05263157894736842,18,18,AAGTGATTTTCTTCCGTCCA,0,3532290
tfaE_stfE_predicted,0.05263157894736842,18,18,AACTATAATTCGTTGCGTAT,0,3520789
tfaE_stfE_predicted,0.05263157894736842,18,18,AACGACAATAATTTACAAGG,0,3495073
tfaE_stfE_predicted,0.05263157894736842,18,18,AAATCAGGAAGGGGTTAGCA,0,3514541
tfaE_stfE_predicted,0.05263157894736842,18,18,AAATATACCTATCTAATTCC,0,3505240
tfaE_stfE_predicted,0.05555555555555555,17,17,TTTTGAAACGCCTTTTTCGA,0,3493812
tfaE_stfE_predicted,0.05555555555555555,17,17,TTTTCCCGGTGAAAGCCCCG,0,3484802
tfaE_stfE_predicted,0.05555555555555555,17,17,TTTGAGGACCTGGTAAGGTT,0,3515172
tfaE_stfE_predicted,0.05555555555555555,17,17,TTTATGCGAGTACCGGTTAA,0,3482734
tfaE_stfE_predicted,0.05555555555555555,17,17,TTGTTTCACAATGCATACGA,0,3510457
tfaE_stfE_predicted,0.05555555555555555,17,17,TTGGCGGTAACGTGTGAATG,0,3504292
tfaE_stfE_predicted,0.05555555555555555,17,17,TTGGAGTACAGTAAGTGTGA,0,3493100
tfaE_stfE_predicted,0.05555555555555555,17,17,TTGCTCAAAAAGCACTCGAT,0,3517500
tfaE_stfE_predicted,0.05555555555555555,17,17,TTGAAGGTAAGCTGTGCTTT,0,3524731
tfaE_stfE_predicted,0.05555555555555555,17,17,TTCTCACGCATCAAACTAAT,0,3485596
tfaE_stfE_predicted,0.05555555555555555,17,17,TTCTAGGGCAAACAGGGATG,0,3478902
tfaE_stfE_predicted,0.05555555555555555,17,17,TTCGCTTGGCCGGATGACAA,0,3485696
tfaE_stfE_predicted,0.05555555555555555,17,17,TTCGAACGGTAATATTACTT,0,3501585
tfaE_stfE_predicted,0.05555555555555555,17,17,TTCCTGGAAGTGTTGAAGGT,0,3527619
tfaE_stfE_predicted,0.05555555555555555,17,17,TTCCTCGTTAAAGGCTAGCA,0,3521181
tfaE_stfE_predicted,0.05555555555555555,17,17,TTCCGGGGGCAACTGTATAG,0,3511020
tfaE_stfE_predicted,0.05555555555555555,17,17,TTCAGAAAGCCCCTAGAGCT,0,3505030
tfaE_stfE_predicted,0.05555555555555555,17,17,TTCACTTCAGAGCTGTAGAC,0,3475524
tfaE_stfE_predicted,0.05555555555555555,17,17,TTATCGAAATGCTACAACGC,0,3509933
tfaE_stfE_predicted,0.05555555555555555,17,17,TTATACCTGCCTTTTCCTTG,0,3514988
tfaE_stfE_predicted,0.05555555555555555,17,17,TTAGTCGTGCATACATGATA,0,3531692
tfaE_stfE_predicted,0.05555555555555555,17,17,TTAGGGGATGCATGGCACTA,0,3480272
tfaE_stfE_predicted,0.05555555555555555,17,17,TTAGGCGAAACCTACGATAA,0,3496673
tfaE_stfE_predicted,0.05555555555555555,17,17,TTAGACCTCCCTCTACATAC,0,3472062
tfaE_stfE_predicted,0.05555555555555555,17,17,TTACAGGATGCCAAACTGAT,0,3516195
tfaE_stfE_predicted,0.05555555555555555,17,17,TTACACCAAAAAGTGCAAGT,0,3477268
tfaE_stfE_predicted,0.05555555555555555,17,17,TTAATTTGGCCCCCGTAACA,0,3498661
tfaE_stfE_predicted,0.05555555555555555,17,17,TGTCGCGCGATGAACTATAG,0,3512038
tfaE_stfE_predicted,0.05555555555555555,17,17,TGTAGGTCGCGCTCGATCAA,0,3478593
tfaE_stfE_predicted,0.05555555555555555,17,17,TGTACGCGGAACGATACCCA,0,3475522
tfaE_stfE_predicted,0.05555555555555555,17,17,TGGGGATGCTACACGACTCG,0,3496232
tfaE_stfE_predicted,0.05555555555555555,17,17,TGGGCTTCGTACGAGCGATG,0,3473650
tfaE_stfE_predicted,0.05555555555555555,17,17,TGGGATAAGTCTTGTAATAT,0,3503848
tfaE_stfE_predicted,0.05555555555555555,17,17,TGGGACACTCTAATAACCCT,0,3471531
tfaE_stfE_predicted,0.05555555555555555,17,17,TGGCTATCCTTAGACCGATA,0,3520165
tfaE_stfE_predicted,0.05555555555555555,17,17,TGGCGAAGGAGATTCGAGAG,0,3534668
tfaE_stfE_predicted,0.05555555555555555,17,17,TGGATTGTGTGTCGGGCCGA,0,3483992
tfaE_stfE_predicted,0.05555555555555555,17,17,TGGACCTCGGAACTGAGTGT,0,3487225
tfaE_stfE_predicted,0.05555555555555555,17,17,TGCGCCATGCTTACGCACGC,0,3493185
tfaE_stfE_predicted,0.05555555555555555,17,17,TGCGAAATGGTGGTGGAATA,0,3482671
tfaE_stfE_predicted,0.05555555555555555,17,17,TGCCGGCGTGAGCTGAAGTC,0,3537725
tfaE_stfE_predicted,0.05555555555555555,17,17,TGCCGAAGGCCAGAGTAGAG,0,3487342
tfaE_stfE_predicted,0.05555555555555555,17,17,TGCCCAATACGACTTGCGCT,0,3501004
tfaE_stfE_predicted,0.05555555555555555,17,17,TGCCATAGTCCCGGTTCCAC,0,3536240
tfaE_stfE_predicted,0.05555555555555555,17,17,TGCATAATCTTAGCAGTGCA,0,3492948
tfaE_stfE_predicted,0.05555555555555555,17,17,TGCATAAGAGGAAATCGGAC,0,3500762
tfaE_stfE_predicted,0.05555555555555555,17,17,TGATCCCACGCTGTTTTCAC,0,3473385
tfaE_stfE_predicted,0.05555555555555555,17,17,TGATAACTCTTTAAGATAAG,0,3500660
tfaE_stfE_predicted,0.05555555555555555,17,17,TGAACGACGTGATCTGGGAG,0,3498979
tfaE_stfE_predicted,0.05555555555555555,17,17,TCTTGTTGGGTAACGATGTA,0,3515397
tfaE_stfE_predicted,0.05555555555555555,17,17,TCTGGTGCCGTTACAGATTC,0,3483222
tfaE_stfE_predicted,0.05555555555555555,17,17,TCTGGGATCAGAACGTAGTA,0,3479266
tfaE_stfE_predicted,0.05555555555555555,17,17,TCTCTGTCCTTAGAAAAGCG,0,3503220
tfaE_stfE_predicted,0.05555555555555555,17,17,TCTCACAGTTCGATGGCCTT,0,3493191
tfaE_stfE_predicted,0.05555555555555555,17,17,TCTAGCGGGAGGGTCACAAT,0,3491995
tfaE_stfE_predicted,0.05555555555555555,17,17,TCTAGAATATTTCGTGCGGT,0,3481391
tfaE_stfE_predicted,0.05555555555555555,17,17,TCGTTCACTGCTGTCACCTA,0,3530240
tfaE_stfE_predicted,0.05555555555555555,17,17,TCGTGCTCTCTTACTCCGCA,0,3485008
tfaE_stfE_predicted,0.05555555555555555,17,17,TCGTCCATCGTTCCCACCGC,0,3482724
tfaE_stfE_predicted,0.05555555555555555,17,17,TCGGCCTGCTGAGACGCGCT,0,3473849
tfaE_stfE_predicted,0.05555555555555555,17,17,TCGCCTGTTGCCCCCGTCCC,0,3533817
tfaE_stfE_predicted,0.05555555555555555,17,17,TCGCAGGCTAAGATGCGCAT,0,3492965
tfaE_stfE_predicted,0.05555555555555555,17,17,TCGACGCACCAGAGAACGTA,0,3495942
tfaE_stfE_predicted,0.05555555555555555,17,17,TCCTTTTTGGCTATTGGAAT,0,3528156
tfaE_stfE_predicted,0.05555555555555555,17,17,TCCGGTGGGTTCCTCCTGAG,0,3471855
tfaE_stfE_predicted,0.05555555555555555,17,17,TCCGCTGTGGCCTACCAGGA,0,3501557
tfaE_stfE_predicted,0.05555555555555555,17,17,TCCGCGCTAGCATTCAACGC,0,3497195
tfaE_stfE_predicted,0.05555555555555555,17,17,TCCCCTATTTCGATTGCTTA,0,3466402
tfaE_stfE_predicted,0.05555555555555555,17,17,TCCAGTGGTACGGTCTGACC,0,3471505
tfaE_stfE_predicted,0.05555555555555555,17,17,TCATGAAGACAAGCGAGGAG,0,3534301
tfaE_stfE_predicted,0.05555555555555555,17,17,TCAGCATAACGTTGCGAAAA,0,3520281
tfaE_stfE_predicted,0.05555555555555555,17,17,TCACTTGGTTATATCGTATG,0,3512102
tfaE_stfE_predicted,0.05555555555555555,17,17,TCACCACACGAAGTAAGTTC,0,3485279
tfaE_stfE_predicted,0.05555555555555555,17,17,TATTGAATTAGCCCATGAGG,0,3473442
tfaE_stfE_predicted,0.05555555555555555,17,17,TATGTAGATAGCCGCCGAGG,0,3498062
tfaE_stfE_predicted,0.05555555555555555,17,17,TATGCTTAAGGAGGGGTTAG,0,3467416
tfaE_stfE_predicted,0.05555555555555555,17,17,TATGCGGCTGAAACTAAAAA,0,3507903
tfaE_stfE_predicted,0.05555555555555555,17,17,TATCTTGGCAGTGCCGAGGT,0,3507570
tfaE_stfE_predicted,0.05555555555555555,17,17,TATACTGTAGTCGTGCCTAG,0,3494069
tfaE_stfE_predicted,0.05555555555555555,17,17,TAGGCGCGCAGGTTCCCCAT,0,3495813
tfaE_stfE_predicted,0.05555555555555555,17,17,TAGGACTCGGCTAACCACTG,0,3533137
tfaE_stfE_predicted,0.05555555555555555,17,17,TAGCTCGCTCAGGGCGTAAT,0,3515566
tfaE_stfE_predicted,0.05555555555555555,17,17,TAGAGGCCACTAATTGTATT,0,3484047
tfaE_stfE_predicted,0.05555555555555555,17,17,TACTGCCAACAGACACGGTG,0,3486621
tfaE_stfE_predicted,0.05555555555555555,17,17,TACTGATTTAGGTGATGTTG,0,3487562
tfaE_stfE_predicted,0.05555555555555555,17,17,TACGCGAATCGACATGTAGG,0,3497682
tfaE_stfE_predicted,0.05555555555555555,17,17,TACGACGCTGTCAACGGGGA,0,3534885
tfaE_stfE_predicted,0.05555555555555555,17,17,TACATGAGCCCTCGCCCTAA,0,3487385
tfaE_stfE_predicted,0.05555555555555555,17,17,TACACGCAAATGGTCCGCGG,0,3534101
tfaE_stfE_predicted,0.05555555555555555,17,17,TACACCGCGTTGCCCACAGT,0,3501997
tfaE_stfE_predicted,0.05555555555555555,17,17,TAATGGGTTCCCGAGTGGGT,0,3502324
tfaE_stfE_predicted,0.05555555555555555,17,17,TAATACGGCAAGACCAGGTA,0,3491809
tfaE_stfE_predicted,0.05555555555555555,17,17,TAAGTTCATAGTTGCATTTG,0,3467800
tfaE_stfE_predicted,0.05555555555555555,17,17,TAAATAGACAAGTAAGTCTA,0,3514734
tfaE_stfE_predicted,0.05555555555555555,17,17,GTTTCATAACTAAGTGAGTT,0,3493401
tfaE_stfE_predicted,0.05555555555555555,17,17,GTTTACAGGTAGGACACGCC,0,3498863
tfaE_stfE_predicted,0.05555555555555555,17,17,GTTGCTCCAGACGCGTGGGG,0,3502406
tfaE_stfE_predicted,0.05555555555555555,17,17,GTTGAACCTAAAGGGCTTGA,0,3470095
tfaE_stfE_predicted,0.05555555555555555,17,17,GTTCGTTGTCTGTCACGTAA,0,3498584
tfaE_stfE_predicted,0.05555555555555555,17,17,GTTATGTAAGCACGCTAGAT,0,3469782
tfaE_stfE_predicted,0.05555555555555555,17,17,GTTATCTTAAAACATCTAAT,0,3472349
tfaE_stfE_predicted,0.05555555555555555,17,17,GTTAGGTTGCACCATGAAGC,0,3476508
tfaE_stfE_predicted,0.05555555555555555,17,17,GTTAACTAATCTACTTACAC,0,3499013
tfaE_stfE_predicted,0.05555555555555555,17,17,GTGTGAGCAAGACGTGCTTA,0,3498425
tfaE_stfE_predicted,0.05555555555555555,17,17,GTGTCAGTTGATAGTACCTA,0,3512829
tfaE_stfE_predicted,0.05555555555555555,17,17,GTGGTACTGTACTTGAGTTG,0,3489217
tfaE_stfE_predicted,0.05555555555555555,17,17,GTGGGCATTATGAGGTTTTG,0,3497519
tfaE_stfE_predicted,0.05555555555555555,17,17,GTGCGGCATGGTTGGAACTA,0,3490183
tfaE_stfE_predicted,0.05555555555555555,17,17,GTGATCTGGTAGAAATGCCG,0,3539772
tfaE_stfE_predicted,0.05555555555555555,17,17,GTCCCTATGTGTGTCGTCCT,0,3499260
tfaE_stfE_predicted,0.05555555555555555,17,17,GTATCCAGCGTGCTTTCGTA,0,3494797
tfaE_stfE_predicted,0.05555555555555555,17,17,GTAGTGGGGTGTCCCGGGTA,0,3488809
tfaE_stfE_predicted,0.05555555555555555,17,17,GTACTCTGTCTGTCCACGTC,0,3496719
tfaE_stfE_predicted,0.05555555555555555,17,17,GTACTCACGAAACCCAACTG,0,3508186
tfaE_stfE_predicted,0.05555555555555555,17,17,GTACGCGTGGTCGTCCATGA,0,3537082
tfaE_stfE_predicted,0.05555555555555555,17,17,GTACGCCGTCGCCACCTACG,0,3503548
tfaE_stfE_predicted,0.05555555555555555,17,17,GTAATCCTTCTTGCAACGTG,0,3472213
tfaE_stfE_predicted,0.05555555555555555,17,17,GTAAGGCTGCCGTAAAGCGA,0,3533202
tfaE_stfE_predicted,0.05555555555555555,17,17,GTAAACAGTACCGGAGCGCT,0,3471019
tfaE_stfE_predicted,0.05555555555555555,17,17,GGTTTCATCCGCATTTGGAT,0,3532375
tfaE_stfE_predicted,0.05555555555555555,17,17,GGTTGGACTACATTTATTTA,0,3491574
tfaE_stfE_predicted,0.05555555555555555,17,17,GGTGTGGAGTCTTACGCGGA,0,3496750
tfaE_stfE_predicted,0.05555555555555555,17,17,GGTGGACTCGCTACTATTCA,0,3488317
tfaE_stfE_predicted,0.05555555555555555,17,17,GGTCGTGCTACTTCGAACGT,0,3506051
tfaE_stfE_predicted,0.05555555555555555,17,17,GGTCGTGCGATCTGTTATAC,0,3511314
tfaE_stfE_predicted,0.05555555555555555,17,17,GGTCGAGGCTGACGTTGGAG,0,3532506
tfaE_stfE_predicted,0.05555555555555555,17,17,GGTCCTCAGCTCAGACGGGT,0,3492330
tfaE_stfE_predicted,0.05555555555555555,17,17,GGTCCTAGATATGCATTACA,0,3528033
tfaE_stfE_predicted,0.05555555555555555,17,17,GGTCAAACGTCAATGTTGGG,0,3476113
tfaE_stfE_predicted,0.05555555555555555,17,17,GGTAATAAATCTGTGCCGCG,0,3509534
tfaE_stfE_predicted,0.05555555555555555,17,17,GGGTTGGGCCTGACTGTCGT,0,3533555
tfaE_stfE_predicted,0.05555555555555555,17,17,GGGTTAAACTCGTGGTTCTA,0,3535882
tfaE_stfE_predicted,0.05555555555555555,17,17,GGGCGTTCTCCAAGGTTCGG,0,3498151
tfaE_stfE_predicted,0.05555555555555555,17,17,GGGCCGCGAACGCATAGATA,0,3504418
tfaE_stfE_predicted,0.05555555555555555,17,17,GGGCACCTATCAGCATAGGT,0,3478326
tfaE_stfE_predicted,0.05555555555555555,17,17,GGGATGAATACCAGGGTTTT,0,3470090
tfaE_stfE_predicted,0.05555555555555555,17,17,GGGAACCCCTTCATTGGCCC,0,3480442
tfaE_stfE_predicted,0.05555555555555555,17,17,GGCTTACCCCAGCGGCGGGG,0,3516189
tfaE_stfE_predicted,0.05555555555555555,17,17,GGCTGGATCCCAATAAGACT,0,3528593
tfaE_stfE_predicted,0.05555555555555555,17,17,GGCTAGGGGCGTACTTAATG,0,3500258
tfaE_stfE_predicted,0.05555555555555555,17,17,GGCTACGGCCTGAAGGACGA,0,3485192
tfaE_stfE_predicted,0.05555555555555555,17,17,GGATTCGGCACGATGAAGCC,0,3480925
tfaE_stfE_predicted,0.05555555555555555,17,17,GGAGATCTGCAGTTTCATTC,0,3534018
tfaE_stfE_predicted,0.05555555555555555,17,17,GGAATAGGGCTCAGTCATTG,0,3479420
tfaE_stfE_predicted,0.05555555555555555,17,17,GGAAGTCTATGCATCTAGAA,0,3521483
tfaE_stfE_predicted,0.05555555555555555,17,17,GGAACGGGTGAGTTCCACGC,0,3489094
tfaE_stfE_predicted,0.05555555555555555,17,17,GCTTTCGATCCAAGGCGAAA,0,3523455
tfaE_stfE_predicted,0.05555555555555555,17,17,GCTTAGCAACTTGGGTCAAA,0,3476469
tfaE_stfE_predicted,0.05555555555555555,17,17,GCTGACGAGAAGGACGGCCG,0,3479159
tfaE_stfE_predicted,0.05555555555555555,17,17,GCGGTGCTACAATTTTTCGA,0,3493840
tfaE_stfE_predicted,0.05555555555555555,17,17,GCGGGAATGGGCGCAGTCAC,0,3489221
tfaE_stfE_predicted,0.05555555555555555,17,17,GCGCCTCGGACGTAGAGGTT,0,3512885
tfaE_stfE_predicted,0.05555555555555555,17,17,GCGCCCCTCGAGGCTCTGTG,0,3470667
tfaE_stfE_predicted,0.05555555555555555,17,17,GCGATAAAGTTTTATAGTAA,0,3539197
tfaE_stfE_predicted,0.05555555555555555,17,17,GCGAGCAAGCGTTCACCTAT,0,3511264
tfaE_stfE_predicted,0.05555555555555555,17,17,GCCGTGTGGTTAGTGATAAC,0,3482265
tfaE_stfE_predicted,0.05555555555555555,17,17,GCCGGGGGCACCACCAGCGA,0,3538178
tfaE_stfE_predicted,0.05555555555555555,17,17,GCCCGTTTAGTGCTATCTTT,0,3470937
tfaE_stfE_predicted,0.05555555555555555,17,17,GCCCCGAGGAACACTATCGA,0,3480585
tfaE_stfE_predicted,0.05555555555555555,17,17,GCAGTCCGCCGGCAGAGGTG,0,3500380
tfaE_stfE_predicted,0.05555555555555555,17,17,GCAGCGTACTGCCACAGGTT,0,3531513
tfaE_stfE_predicted,0.05555555555555555,17,17,GCACTTGATGTCACATGGTC,0,3489938
tfaE_stfE_predicted,0.05555555555555555,17,17,GCACTACTGGAGCGGTTGTC,0,3495115
tfaE_stfE_predicted,0.05555555555555555,17,17,GCAACCATCGGTAGGTACTG,0,3519753
tfaE_stfE_predicted,0.05555555555555555,17,17,GATGGAGCGGGCCTTCGGAA,0,3507290
tfaE_stfE_predicted,0.05555555555555555,17,17,GATCTGCCAGCCGTGTGTGC,0,3491646
tfaE_stfE_predicted,0.05555555555555555,17,17,GATCTAAGCTCTCCCTATTC,0,3483232
tfaE_stfE_predicted,0.05555555555555555,17,17,GATCTAAATCCGGCACCAAC,0,3513829
tfaE_stfE_predicted,0.05555555555555555,17,17,GATCACGAGCAGCGACCAAT,0,3481088
tfaE_stfE_predicted,0.05555555555555555,17,17,GAGGCGTGGATCATCTGGTC,0,3488657
tfaE_stfE_predicted,0.05555555555555555,17,17,GAGCCTAAAAGTCAAAACAG,0,3524258
tfaE_stfE_predicted,0.05555555555555555,17,17,GAGAGACACTGATTGTAGTT,0,3513052
tfaE_stfE_predicted,0.05555555555555555,17,17,GACTGTCTTCACCAGAACAA,0,3477231
tfaE_stfE_predicted,0.05555555555555555,17,17,GACTCTTATGAATCAGTTTA,0,3530623
tfaE_stfE_predicted,0.05555555555555555,17,17,GACGTGTAGACGGACGTCAT,0,3487898
tfaE_stfE_predicted,0.05555555555555555,17,17,GACGCTACCCGATTCTGGCA,0,3478774
tfaE_stfE_predicted,0.05555555555555555,17,17,GACCTGCAACGCCTCGGCCA,0,3535213
tfaE_stfE_predicted,0.05555555555555555,17,17,GACCCGATCGCAGGGTCTGG,0,3523277
tfaE_stfE_predicted,0.05555555555555555,17,17,GACCAGACTCCGAATGCCTT,0,3500166
tfaE_stfE_predicted,0.05555555555555555,17,17,GACAGATCGACCCCCCGCCA,0,3469893
tfaE_stfE_predicted,0.05555555555555555,17,17,GAATTGCATCGTTCAGCTTG,0,3508335
tfaE_stfE_predicted,0.05555555555555555,17,17,GAAGCGGTTTAAAATTGAGG,0,3531552
tfaE_stfE_predicted,0.05555555555555555,17,17,GAAGCCGCTTAAGTGTATCC,0,3469496
tfaE_stfE_predicted,0.05555555555555555,17,17,GAACTTACTTGACGAGGGTA,0,3467431
tfaE_stfE_predicted,0.05555555555555555,17,17,GAACGCCTTTACAGTATCGG,0,3497399
tfaE_stfE_predicted,0.05555555555555555,17,17,CTTGGCGCTCAACTGTGGGG,0,3528573
tfaE_stfE_predicted,0.05555555555555555,17,17,CTTGGAGCGAGCTGGACGCC,0,3469845
tfaE_stfE_predicted,0.05555555555555555,17,17,CTTGAACGGAAAACGTAACA,0,3513957
tfaE_stfE_predicted,0.05555555555555555,17,17,CTTCCGACCCCTACGTCGTA,0,3504239
tfaE_stfE_predicted,0.05555555555555555,17,17,CTTACGTATCACCCTGCGTT,0,3501303
tfaE_stfE_predicted,0.05555555555555555,17,17,CTTACGAAGCGCCTCGCCCA,0,3502864
tfaE_stfE_predicted,0.05555555555555555,17,17,CTGTGCTGCTGTTAGACGGA,0,3526367
tfaE_stfE_predicted,0.05555555555555555,17,17,CTGTCGGATATTCCGCCTAA,0,3466894
tfaE_stfE_predicted,0.05555555555555555,17,17,CTGGTAACGTGCTAGTCCCC,0,3489251
tfaE_stfE_predicted,0.05555555555555555,17,17,CTGGCTCTGTCTTTGTGATT,0,3518381
tfaE_stfE_predicted,0.05555555555555555,17,17,CTGCTGTAGGGCCGTTACGT,0,3515232
tfaE_stfE_predicted,0.05555555555555555,17,17,CTGCCGGCTTTATCATACCT,0,3489399
tfaE_stfE_predicted,0.05555555555555555,17,17,CTGCACCCCATGCTGCCGGG,0,3489747
tfaE_stfE_predicted,0.05555555555555555,17,17,CTCTTTCTGGCCCCAGGTGG,0,3525712
tfaE_stfE_predicted,0.05555555555555555,17,17,CTCGGATTACTCACCCCGGG,0,3494306
tfaE_stfE_predicted,0.05555555555555555,17,17,CTCCCAAATCGCACTGCCAC,0,3528197
tfaE_stfE_predicted,0.05555555555555555,17,17,CTCAGTCAGCGCCACGTCAC,0,3531460
tfaE_stfE_predicted,0.05555555555555555,17,17,CTATGATGAGCCAGTTAAGA,0,3488682
tfaE_stfE_predicted,0.05555555555555555,17,17,CTATATTACGATTGTGCGGA,0,3499484
tfaE_stfE_predicted,0.05555555555555555,17,17,CTAGTCGGGTCGCAAAGGTT,0,3540765
tfaE_stfE_predicted,0.05555555555555555,17,17,CTAGTATGATCACATAATTT,0,3527598
tfaE_stfE_predicted,0.05555555555555555,17,17,CTAGGGATTGATCGTTCATA,0,3504589
tfaE_stfE_predicted,0.05555555555555555,17,17,CTACCAGGCACAACCTGCGT,0,3484253
tfaE_stfE_predicted,0.05555555555555555,17,17,CTACAGTTGTTGCGGGCATT,0,3480695
tfaE_stfE_predicted,0.05555555555555555,17,17,CTACAGAAAGGGATGGGAAC,0,3470796
tfaE_stfE_predicted,0.05555555555555555,17,17,CGTGGCAATAATCCCCTAAA,0,3504462
tfaE_stfE_predicted,0.05555555555555555,17,17,CGTGCTGACAGTTTCCCGGA,0,3512248
tfaE_stfE_predicted,0.05555555555555555,17,17,CGTGATGTCCTAGGATTCCC,0,3473444
tfaE_stfE_predicted,0.05555555555555555,17,17,CGTATTCGTCGAGCAGTGTA,0,3512000
tfaE_stfE_predicted,0.05555555555555555,17,17,CGTAGTTCAATCCATAATAT,0,3507465
tfaE_stfE_predicted,0.05555555555555555,17,17,CGGTGGGCCAATATTCGTAA,0,3487785
tfaE_stfE_predicted,0.05555555555555555,17,17,CGGTCTTAATGCCATGCGAA,0,3468298
tfaE_stfE_predicted,0.05555555555555555,17,17,CGGTCAATGTGCGCGCCTAA,0,3476085
tfaE_stfE_predicted,0.05555555555555555,17,17,CGGGTTAGTCCGAACATATA,0,3513651
tfaE_stfE_predicted,0.05555555555555555,17,17,CGGGCTCTACCCACTCCTCT,0,3483319
tfaE_stfE_predicted,0.05555555555555555,17,17,CGGGCTCCGCGACAAAAGAG,0,3536036
tfaE_stfE_predicted,0.05555555555555555,17,17,CGGGCAAGCCACAAGGCCGA,0,3517569
tfaE_stfE_predicted,0.05555555555555555,17,17,CGGCGTCTTGCCATAAGAAA,0,3519606
tfaE_stfE_predicted,0.05555555555555555,17,17,CGGCCACGATTGGTTGGTCC,0,3517718
tfaE_stfE_predicted,0.05555555555555555,17,17,CGGACTACGGGAGGTTTGAA,0,3497590
tfaE_stfE_predicted,0.05555555555555555,17,17,CGGAATATACTCTGACGGGA,0,3521348
tfaE_stfE_predicted,0.05555555555555555,17,17,CGCTTCAGTAGCGCAGATAG,0,3492786
tfaE_stfE_predicted,0.05555555555555555,17,17,CGCTATTTCGCTGCGATACC,0,3498864
tfaE_stfE_predicted,0.05555555555555555,17,17,CGCCAAGAAAGTTTGACTAT,0,3485039
tfaE_stfE_predicted,0.05555555555555555,17,17,CGCAGTGACGCTTTATGCTA,0,3480971
tfaE_stfE_predicted,0.05555555555555555,17,17,CGCACGAGGCCTTAATTGAA,0,3521359
tfaE_stfE_predicted,0.05555555555555555,17,17,CGCAATTCAGGAGTAACGGT,0,3537841
tfaE_stfE_predicted,0.05555555555555555,17,17,CGCAAACTACGACACCCCAG,0,3504977
tfaE_stfE_predicted,0.05555555555555555,17,17,CGATCTTGGTGGATGCGATT,0,3504927
tfaE_stfE_predicted,0.05555555555555555,17,17,CGATCCTCCCTTTCGTATCA,0,3529074
tfaE_stfE_predicted,0.05555555555555555,17,17,CGACTTGTCACAAAGCTCGC,0,3483984
tfaE_stfE_predicted,0.05555555555555555,17,17,CGACCAAATTTCAGGAACGT,0,3492906
tfaE_stfE_predicted,0.05555555555555555,17,17,CGAAGAGCACAGCTGAAGGT,0,3508464
tfaE_stfE_predicted,0.05555555555555555,17,17,CCTTGAGACATGTGCAACGG,0,3520534
tfaE_stfE_predicted,0.05555555555555555,17,17,CCTTAGTTAATGTAGTTTAT,0,3508183
tfaE_stfE_predicted,0.05555555555555555,17,17,CCTCACCCACTGCTAGTCCT,0,3502523
tfaE_stfE_predicted,0.05555555555555555,17,17,CCTATTCGGTTTTTGCACAA,0,3513725
tfaE_stfE_predicted,0.05555555555555555,17,17,CCGTTGCAAACCGTAAGGAA,0,3505598
tfaE_stfE_predicted,0.05555555555555555,17,17,CCGTGTTCAGTGTGATAAGA,0,3469852
tfaE_stfE_predicted,0.05555555555555555,17,17,CCGTATGGTCCACCGGTATC,0,3508602
tfaE_stfE_predicted,0.05555555555555555,17,17,CCGTATAGCTGGTCGTATCA,0,3515005
tfaE_stfE_predicted,0.05555555555555555,17,17,CCGGAACTGACGGTGCGCCA,0,3530074
tfaE_stfE_predicted,0.05555555555555555,17,17,CCGCGCATAAAAGGGTCCTC,0,3511042
tfaE_stfE_predicted,0.05555555555555555,17,17,CCGCGAAAATAGACACCGCG,0,3494061
tfaE_stfE_predicted,0.05555555555555555,17,17,CCGCCCGCTATGACCTGGGA,0,3531459
tfaE_stfE_predicted,0.05555555555555555,17,17,CCGCAAAATATGCACCGGAC,0,3483928
tfaE_stfE_predicted,0.05555555555555555,17,17,CCGAATGTGCCAACCTGGCC,0,3505019
tfaE_stfE_predicted,0.05555555555555555,17,17,CCCGTATCAACATAGCGCCT,0,3501812
tfaE_stfE_predicted,0.05555555555555555,17,17,CCCGGATATACTGCGATGCC,0,3511367
tfaE_stfE_predicted,0.05555555555555555,17,17,CCCCTCTAACCACATGATTG,0,3540491
tfaE_stfE_predicted,0.05555555555555555,17,17,CCCCCTGTTTCGGTGTTGCT,0,3504606
tfaE_stfE_predicted,0.05555555555555555,17,17,CCCATTCACTCCCAAATGGC,0,3491559
tfaE_stfE_predicted,0.05555555555555555,17,17,CCAGTATAGGTGGTGGATGT,0,3504309
tfaE_stfE_predicted,0.05555555555555555,17,17,CCAGCATAGGGCCTGCGATC,0,3529913
tfaE_stfE_predicted,0.05555555555555555,17,17,CCAGCAAACGAGCCCAGGAG,0,3536631
tfaE_stfE_predicted,0.05555555555555555,17,17,CCACGAAGAGTTGCAGCAGA,0,3476807
tfaE_stfE_predicted,0.05555555555555555,17,17,CCACCACGCGTAGTCGGTTT,0,3475746
tfaE_stfE_predicted,0.05555555555555555,17,17,CCACAGCGTCCGACACCGGG,0,3529221
tfaE_stfE_predicted,0.05555555555555555,17,17,CCAAGTAGGCCCATCTTCTA,0,3480050
tfaE_stfE_predicted,0.05555555555555555,17,17,CCAACCCGTGAAGTGCAGAG,0,3528800
tfaE_stfE_predicted,0.05555555555555555,17,17,CCAACATGGGATAGGGGCTT,0,3523326
tfaE_stfE_predicted,0.05555555555555555,17,17,CCAACAAGTCAGCGGCACGC,0,3476391
tfaE_stfE_predicted,0.05555555555555555,17,17,CATTTATATAAGTCAGTTGA,0,3498828
tfaE_stfE_predicted,0.05555555555555555,17,17,CATTACTACTTGCCGGTACG,0,3504579
tfaE_stfE_predicted,0.05555555555555555,17,17,CATGTGGCGAACTACCGCCA,0,3496621
tfaE_stfE_predicted,0.05555555555555555,17,17,CATGTCCTGACCTGTTCAAC,0,3518110
tfaE_stfE_predicted,0.05555555555555555,17,17,CATGCTTAAGGCAACAAGAG,0,3469763
tfaE_stfE_predicted,0.05555555555555555,17,17,CATATTTGGCCGGTAGTATT,0,3528709
tfaE_stfE_predicted,0.05555555555555555,17,17,CATAGTGTTGCGAGATAAAC,0,3495755
tfaE_stfE_predicted,0.05555555555555555,17,17,CATAGAGCCTCATGGACTGA,0,3491478
tfaE_stfE_predicted,0.05555555555555555,17,17,CAGTTAAGCCTGTCAGATTT,0,3485261
tfaE_stfE_predicted,0.05555555555555555,17,17,CAGGTAGTGGGGATCTTTAG,0,3516276
tfaE_stfE_predicted,0.05555555555555555,17,17,CAGGGTAAGGGCCGACCCGC,0,3476299
tfaE_stfE_predicted,0.05555555555555555,17,17,CAGAGGGTCGTGTTAATGAG,0,3530078
tfaE_stfE_predicted,0.05555555555555555,17,17,CAGAGACTGTTAAGCATCGG,0,3533013
tfaE_stfE_predicted,0.05555555555555555,17,17,CACTTTCGAGATGGAGCGTT,0,3499473
tfaE_stfE_predicted,0.05555555555555555,17,17,CACTCTGGCCAGGGAAACAT,0,3508946
tfaE_stfE_predicted,0.05555555555555555,17,17,CACTCGCTCGTCTTATGCTA,0,3488247
tfaE_stfE_predicted,0.05555555555555555,17,17,CACGTGTCAACGATTTGCCC,0,3501814
tfaE_stfE_predicted,0.05555555555555555,17,17,CACGCGCTGGAGCCAGAGAT,0,3537512
tfaE_stfE_predicted,0.05555555555555555,17,17,CACATTGTGGCCGATCCATT,0,3531496
tfaE_stfE_predicted,0.05555555555555555,17,17,CACACGGGTCACCAGAGAAA,0,3527176
tfaE_stfE_predicted,0.05555555555555555,17,17,CACACGAAAGCTCGAAAGCT,0,3535210
tfaE_stfE_predicted,0.05555555555555555,17,17,CAATGTCCGTCACGTGAAAC,0,3496530
tfaE_stfE_predicted,0.05555555555555555,17,17,CAATAGTTATGGCTTGGTCG,0,3501613
tfaE_stfE_predicted,0.05555555555555555,17,17,CAAGTTGATAAATGTAAGAG,0,3470188
tfaE_stfE_predicted,0.05555555555555555,17,17,CAAATACGGCCGTAAATCGA,0,3501581
tfaE_stfE_predicted,0.05555555555555555,17,17,CAAAAGTTGCGCAGGGATCG,0,3533662
tfaE_stfE_predicted,0.05555555555555555,17,17,ATTTCTTTAGTGGGTTGCAA,0,3512991
tfaE_stfE_predicted,0.05555555555555555,17,17,ATTGTGGCAAAGGCCGGTGT,0,3484044
tfaE_stfE_predicted,0.05555555555555555,17,17,ATTCTGGCAGGCAAAGTAGG,0,3478065
tfaE_stfE_predicted,0.05555555555555555,17,17,ATTCACAGTAATATAAATAG,0,3523032
tfaE_stfE_predicted,0.05555555555555555,17,17,ATTAACCACCATTCGGGAAT,0,3486105
tfaE_stfE_predicted,0.05555555555555555,17,17,ATGCGCAATCATGGCTGACC,0,3532759
tfaE_stfE_predicted,0.05555555555555555,17,17,ATGATCCGGGAATGACTGCG,0,3540062
tfaE_stfE_predicted,0.05555555555555555,17,17,ATGAATCCAAGGTGCGTAGC,0,3507883
tfaE_stfE_predicted,0.05555555555555555,17,17,ATCTGAGTCTTGTTCTGGGC,0,3507054
tfaE_stfE_predicted,0.05555555555555555,17,17,ATCTCTCTTAAGCGTCTTCG,0,3509781
tfaE_stfE_predicted,0.05555555555555555,17,17,ATCGGCAAAAGTCCTCTATT,0,3472831
tfaE_stfE_predicted,0.05555555555555555,17,17,ATCCGGGAATTACAATAATT,0,3513368
tfaE_stfE_predicted,0.05555555555555555,17,17,ATCCCAAGTACGGAGCTCCA,0,3515041
tfaE_stfE_predicted,0.05555555555555555,17,17,ATCCACCTTTGACATCTGTG,0,3528506
tfaE_stfE_predicted,0.05555555555555555,17,17,ATCATATAATGTGCGGTAAG,0,3485250
tfaE_stfE_predicted,0.05555555555555555,17,17,ATCACTATACGTTAAACGGC,0,3492473
tfaE_stfE_predicted,0.05555555555555555,17,17,ATATCAATTTCCCCTAGAGA,0,3527395
tfaE_stfE_predicted,0.05555555555555555,17,17,ATACCGAACGACGGCGAAGA,0,3508330
tfaE_stfE_predicted,0.05555555555555555,17,17,ATACAATCATGATCGTAGGT,0,3471536
tfaE_stfE_predicted,0.05555555555555555,17,17,ATAATATAATCGCGAGTGTC,0,3473151
tfaE_stfE_predicted,0.05555555555555555,17,17,ATAAGATTGTCCCCTAGGTT,0,3494004
tfaE_stfE_predicted,0.05555555555555555,17,17,AGTTCCTTCCCGCACGTGTT,0,3485181
tfaE_stfE_predicted,0.05555555555555555,17,17,AGTGTTCTAGTTCTTGTTGT,0,3503737
tfaE_stfE_predicted,0.05555555555555555,17,17,AGTGGGTCTCACATCAGAGT,0,3504834
tfaE_stfE_predicted,0.05555555555555555,17,17,AGTAGAATCCTAGGTATGGA,0,3531499
tfaE_stfE_predicted,0.05555555555555555,17,17,AGTACATTCTAGGCAGTGGT,0,3480427
tfaE_stfE_predicted,0.05555555555555555,17,17,AGGGTATATCTTATGGCTCT,0,3469896
tfaE_stfE_predicted,0.05555555555555555,17,17,AGGGGGCGCATGTCAGCCGG,0,3491010
tfaE_stfE_predicted,0.05555555555555555,17,17,AGGGGCTTTGTCAACGTATG,0,3495085
tfaE_stfE_predicted,0.05555555555555555,17,17,AGGATTCCTCGTACTGTTAT,0,3533384
tfaE_stfE_predicted,0.05555555555555555,17,17,AGGAAGCATCTCAGGTTTAC,0,3472677
tfaE_stfE_predicted,0.05555555555555555,17,17,AGCTCATAGTAGCAAAACGT,0,3519158
tfaE_stfE_predicted,0.05555555555555555,17,17,AGCGTCACGGCATTGCCCGC,0,3509658
tfaE_stfE_predicted,0.05555555555555555,17,17,AGCGGGGAATCTCGATCGAT,0,3517007
tfaE_stfE_predicted,0.05555555555555555,17,17,AGCCACCTAAACAGCGAAGG,0,3485029
tfaE_stfE_predicted,0.05555555555555555,17,17,AGCATTCCGGTTGATTGTGC,0,3500948
tfaE_stfE_predicted,0.05555555555555555,17,17,AGATTCTAGAAAGTGTGCAA,0,3527540
tfaE_stfE_predicted,0.05555555555555555,17,17,AGATCCCCACGTCAGTGGGT,0,3536221
tfaE_stfE_predicted,0.05555555555555555,17,17,AGATCCCACGATAGGGAATT,0,3470727
tfaE_stfE_predicted,0.05555555555555555,17,17,AGATACATGTGACAGAAAAT,0,3498314
tfaE_stfE_predicted,0.05555555555555555,17,17,AGACAATCAATAAGTTAGGA,0,3507056
tfaE_stfE_predicted,0.05555555555555555,17,17,AGAAGCAAAAGACTGAGAGT,0,3490516
tfaE_stfE_predicted,0.05555555555555555,17,17,ACTTTCTGCATGGGACTTTT,0,3515069
tfaE_stfE_predicted,0.05555555555555555,17,17,ACTTTATTCAGAAGCATCCC,0,3486090
tfaE_stfE_predicted,0.05555555555555555,17,17,ACTGCAGCCTGGGCGTTGAA,0,3510224
tfaE_stfE_predicted,0.05555555555555555,17,17,ACTCTCGACCAATTCGCGTA,0,3467902
tfaE_stfE_predicted,0.05555555555555555,17,17,ACTCAGGTAAAGGACCCAGT,0,3510994
tfaE_stfE_predicted,0.05555555555555555,17,17,ACTAGCCAGGTCTGGTAAGC,0,3539391
tfaE_stfE_predicted,0.05555555555555555,17,17,ACGTTACGATCGGAATGAAT,0,3503578
tfaE_stfE_predicted,0.05555555555555555,17,17,ACGTGATTTTTGGTGCGAGT,0,3487071
tfaE_stfE_predicted,0.05555555555555555,17,17,ACGTAGAAAGATCTACAATT,0,3482601
tfaE_stfE_predicted,0.05555555555555555,17,17,ACGGTCTTACGGTGAGACGA,0,3512481
tfaE_stfE_predicted,0.05555555555555555,17,17,ACGGATATTAATCTAGGAAG,0,3522177
tfaE_stfE_predicted,0.05555555555555555,17,17,ACGCGTCTTACAAGATACAG,0,3527982
tfaE_stfE_predicted,0.05555555555555555,17,17,ACGCGGGATTATGTGTCCTT,0,3525151
tfaE_stfE_predicted,0.05555555555555555,17,17,ACGCCAGCTTCAGTATCTTG,0,3484456
tfaE_stfE_predicted,0.05555555555555555,17,17,ACGATAATCAGGAGGTACAT,0,3531276
tfaE_stfE_predicted,0.05555555555555555,17,17,ACGACCGTACCCCGTTTAAG,0,3533193
tfaE_stfE_predicted,0.05555555555555555,17,17,ACGACAAAACAGTCCTTGCT,0,3529287
tfaE_stfE_predicted,0.05555555555555555,17,17,ACCTGGTTGTAAAACAAGCT,0,3525251
tfaE_stfE_predicted,0.05555555555555555,17,17,ACCGGGAATTTATTGGGTTT,0,3515434
tfaE_stfE_predicted,0.05555555555555555,17,17,ACCGCCGGTACTCGGCGGCT,0,3510097
tfaE_stfE_predicted,0.05555555555555555,17,17,ACCGATGCTTGGACAAGTGC,0,3504732
tfaE_stfE_predicted,0.05555555555555555,17,17,ACCCTGGCAGACGTCCGCCA,0,3504821
tfaE_stfE_predicted,0.05555555555555555,17,17,ACCCTCCCGCATGACCGTTG,0,3516457
tfaE_stfE_predicted,0.05555555555555555,17,17,ACCCAATGTCGCTACTGGCG,0,3531817
tfaE_stfE_predicted,0.05555555555555555,17,17,ACCATGGCAATCGGCCTACT,0,3528098
tfaE_stfE_predicted,0.05555555555555555,17,17,ACCATGAGGTTAGGGGCCTT,0,3516869
tfaE_stfE_predicted,0.05555555555555555,17,17,ACATGTACGATCTAATTGTC,0,3483238
tfaE_stfE_predicted,0.05555555555555555,17,17,ACAGTAGGGGCCGACGAAAG,0,3512078
tfaE_stfE_predicted,0.05555555555555555,17,17,ACAGGACTCTAAAAGATCCA,0,3537090
tfaE_stfE_predicted,0.05555555555555555,17,17,ACACTGGGATAATGCTACGG,0,3469602
tfaE_stfE_predicted,0.05555555555555555,17,17,ACACGGCGTGCCGAATGAAA,0,3470582
tfaE_stfE_predicted,0.05555555555555555,17,17,ACAAGGCTACCTCGATTCCA,0,3502362
tfaE_stfE_predicted,0.05555555555555555,17,17,ACAAAAGTAGATGGGTACGA,0,3512316
tfaE_stfE_predicted,0.05555555555555555,17,17,AATTTGGATGGGCCGAGGTC,0,3525833
tfaE_stfE_predicted,0.05555555555555555,17,17,AATGTGAGGTTCGGACTCGG,0,3538681
tfaE_stfE_predicted,0.05555555555555555,17,17,AATGACACGCGATGTCTTCA,0,3485839
tfaE_stfE_predicted,0.05555555555555555,17,17,AAGTTGACGAGCTCACGCTA,0,3538286
tfaE_stfE_predicted,0.05555555555555555,17,17,AAGTTACGGCTAGCAGTGGG,0,3489141
tfaE_stfE_predicted,0.05555555555555555,17,17,AAGTTACCCTCCAATGCTGG,0,3492839
tfaE_stfE_predicted,0.05555555555555555,17,17,AAGTAGCGAAAAATCCATAG,0,3511884
tfaE_stfE_predicted,0.05555555555555555,17,17,AAGGTGTGTGTACTTGAGTA,0,3484332
tfaE_stfE_predicted,0.05555555555555555,17,17,AAGGCGAAGTCTACCAGGCA,0,3510414
tfaE_stfE_predicted,0.05555555555555555,17,17,AAGGCCTAGCATCTTCCGCG,0,3525827
tfaE_stfE_predicted,0.05555555555555555,17,17,AAGCGTTCTGGACTTAACGG,0,3511175
tfaE_stfE_predicted,0.05555555555555555,17,17,AAGCGGAATGGGGATGCAGG,0,3536248
tfaE_stfE_predicted,0.05555555555555555,17,17,AAGCACATCGTCACACTCAT,0,3491555
tfaE_stfE_predicted,0.05555555555555555,17,17,AAGACGACCCGTGTTTCATA,0,3535038
tfaE_stfE_predicted,0.05555555555555555,17,17,AAGACCGTCCTTATTACGCC,0,3535604
tfaE_stfE_predicted,0.05555555555555555,17,17,AAGACCGGACATTATGCCAA,0,3502875
tfaE_stfE_predicted,0.05555555555555555,17,17,AAGAATGACAATTAGTACAA,0,3483528
tfaE_stfE_predicted,0.05555555555555555,17,17,AACTAGGGGAACTATTGGAT,0,3468290
tfaE_stfE_predicted,0.05555555555555555,17,17,AACGCGGTTGGAATGTGTTC,0,3530023
tfaE_stfE_predicted,0.05555555555555555,17,17,AACCACTCGATTACCGTTGG,0,3491608
tfaE_stfE_predicted,0.05555555555555555,17,17,AACAGTACAGGCGGAGCAAT,0,3520964
tfaE_stfE_predicted,0.05555555555555555,17,17,AAATTCGAGTATTATACTTG,0,3469141
tfaE_stfE_predicted,0.05555555555555555,17,17,AAATAGTGTACAGGAAGCTT,0,3524691
tfaE_stfE_predicted,0.05555555555555555,17,17,AAAGTTAATCTAGCGTTTGC,0,3528596
tfaE_stfE_predicted,0.05555555555555555,17,17,AAACCCGGTCGCAGAACGTC,0,3466452
tfaE_stfE_predicted,0.05555555555555555,17,17,AAACCCCCCGCAGCATCCAT,0,3496472
tfaE_stfE_predicted,0.05555555555555555,17,17,AAAATACTGGAAGCACCTGC,0,3503206
tfaE_stfE_predicted,0.05555555555555555,17,17,AAAACGATATGTTCAATACA,0,3522099
tfaE_stfE_predicted,0.05555555555555555,17,17,AAAACGAGGAACAGAGGATA,0,3495955
tfaE_stfE_predicted,0.058823529411764705,16,16,TTTTGTGGCCCACGCTGGAT,0,3511564
tfaE_stfE_predicted,0.058823529411764705,16,16,TTTGTATTCTGGGCGGCTCA,0,3480414
tfaE_stfE_predicted,0.058823529411764705,16,16,TTTCTGTCATTTAATGAACG,0,3490795
tfaE_stfE_predicted,0.058823529411764705,16,16,TTTATGGGGCCTAGACGTCA,0,3521240
tfaE_stfE_predicted,0.058823529411764705,16,16,TTTAGGTAATATTCCACGCT,0,3466972
tfaE_stfE_predicted,0.058823529411764705,16,16,TTTAATTACTATTTAACCCG,0,3518166
tfaE_stfE_predicted,0.058823529411764705,16,16,TTGTGGGGCCTAACAATTAT,0,3513165
tfaE_stfE_predicted,0.058823529411764705,16,16,TTGTCGAGGTGGTGCGCTAC,0,3486120
tfaE_stfE_predicted,0.058823529411764705,16,16,TTGCCACAGTGTTCATCGTA,0,3524542
tfaE_stfE_predicted,0.058823529411764705,16,16,TTGACGGAACTGCTAAAATC,0,3504595
tfaE_stfE_predicted,0.058823529411764705,16,16,TTCTTGACATCTCGTCCGTC,0,3501119
tfaE_stfE_predicted,0.058823529411764705,16,16,TTCTGCAATACTCTCTGCTC,0,3481001
tfaE_stfE_predicted,0.058823529411764705,16,16,TTCTCGGTGCCCAACATTCC,0,3536855
tfaE_stfE_predicted,0.058823529411764705,16,16,TTCTAACTCGGGTGCTTGGA,0,3513791
tfaE_stfE_predicted,0.058823529411764705,16,16,TTCGGCTTCAACCACCGCAA,0,3486152
tfaE_stfE_predicted,0.058823529411764705,16,16,TTCGCATATGTGGCCTGCTG,0,3540343
tfaE_stfE_predicted,0.058823529411764705,16,16,TTCACTCTTGGGTGAGATAT,0,3520137
tfaE_stfE_predicted,0.058823529411764705,16,16,TTCAACAAATCCTGAATTTC,0,3517217
tfaE_stfE_predicted,0.058823529411764705,16,16,TTATTCCTCCCTACTCCATT,0,3483237
tfaE_stfE_predicted,0.058823529411764705,16,16,TTATACGTAGTTGGTGTCTC,0,3480883
tfaE_stfE_predicted,0.058823529411764705,16,16,TTAAGCAATGAAGGCCCCTT,0,3516628
tfaE_stfE_predicted,0.058823529411764705,16,16,TGTTCCACTTCTACATCCTT,0,3525437
tfaE_stfE_predicted,0.058823529411764705,16,16,TGTGTAAAAGGATGATCAGG,0,3498387
tfaE_stfE_predicted,0.058823529411764705,16,16,TGTGGATATTTAGTTGGTAC,0,3519262
tfaE_stfE_predicted,0.058823529411764705,16,16,TGTCCGGTCTACTCGACACA,0,3471357
tfaE_stfE_predicted,0.058823529411764705,16,16,TGTCAGCTCAGGTAGGCACG,0,3537043
tfaE_stfE_predicted,0.058823529411764705,16,16,TGTAGGCGCGCGGTGGTTTT,0,3507295
tfaE_stfE_predicted,0.058823529411764705,16,16,TGGTTCATCGTGATAGAAGT,0,3536483
tfaE_stfE_predicted,0.058823529411764705,16,16,TGGGGTTTATTGTTCCGTCA,0,3539748
tfaE_stfE_predicted,0.058823529411764705,16,16,TGGGGGGCGGGACGATAATC,0,3535710
tfaE_stfE_predicted,0.058823529411764705,16,16,TGGGCTACCAACGACAGTTA,0,3534583
tfaE_stfE_predicted,0.058823529411764705,16,16,TGGCGGCGCTAGACGCTGGG,0,3474198
tfaE_stfE_predicted,0.058823529411764705,16,16,TGGCCGGGGTCAAGGCGAGG,0,3483407
tfaE_stfE_predicted,0.058823529411764705,16,16,TGCTCTTTTTAACGCTGTTT,0,3521136
tfaE_stfE_predicted,0.058823529411764705,16,16,TGCTCTGGGGAAGAGGGTTA,0,3514654
tfaE_stfE_predicted,0.058823529411764705,16,16,TGCTCTGGACTACACGATGG,0,3475974
tfaE_stfE_predicted,0.058823529411764705,16,16,TGCGACGCTGCACGTGTTTC,0,3520460
tfaE_stfE_predicted,0.058823529411764705,16,16,TGCCTCGAGCATTTGGGACA,0,3519037
tfaE_stfE_predicted,0.058823529411764705,16,16,TGCCGGACCATGATACGCAT,0,3515395
tfaE_stfE_predicted,0.058823529411764705,16,16,TGCCCTATTATCAATTCTCA,0,3477037
tfaE_stfE_predicted,0.058823529411764705,16,16,TGCACGTCCACATACATGAC,0,3534772
tfaE_stfE_predicted,0.058823529411764705,16,16,TGCACGGTGGTTTACGTGAA,0,3491307
tfaE_stfE_predicted,0.058823529411764705,16,16,TGATGTTTAAGGATGCATTA,0,3487405
tfaE_stfE_predicted,0.058823529411764705,16,16,TGATGTACCCGCCCTTCGTG,0,3494939
tfaE_stfE_predicted,0.058823529411764705,16,16,TGAGAGCGGGGCCAAATTCG,0,3519492
tfaE_stfE_predicted,0.058823529411764705,16,16,TGACTCCAGTGGCACGTTCA,0,3519998
tfaE_stfE_predicted,0.058823529411764705,16,16,TGACTCATATTGCTCAATGT,0,3524506
tfaE_stfE_predicted,0.058823529411764705,16,16,TGACCACATTCCGTGAGTCT,0,3488061
tfaE_stfE_predicted,0.058823529411764705,16,16,TGAATGCGGGGTTTATTGAG,0,3516360
tfaE_stfE_predicted,0.058823529411764705,16,16,TGAATACTTGATAGGGCTTG,0,3479008
tfaE_stfE_predicted,0.058823529411764705,16,16,TGAAGACCGAGGAATGACGC,0,3476732
tfaE_stfE_predicted,0.058823529411764705,16,16,TGAACATCTGGCTTAAATGG,0,3488630
tfaE_stfE_predicted,0.058823529411764705,16,16,TGAAAAAATTCCCCACGTAT,0,3493691
tfaE_stfE_predicted,0.058823529411764705,16,16,TCTTTTTTGCCGCGCGAGGG,0,3477054
tfaE_stfE_predicted,0.058823529411764705,16,16,TCTTTTAGAAGAGCAAACCT,0,3496298
tfaE_stfE_predicted,0.058823529411764705,16,16,TCTTGCCGTTTCGCAACTGG,0,3466812
tfaE_stfE_predicted,0.058823529411764705,16,16,TCTTATTCAACACAAAGGGT,0,3476107
tfaE_stfE_predicted,0.058823529411764705,16,16,TCTGCCCCATTTTATTCTGT,0,3507696
tfaE_stfE_predicted,0.058823529411764705,16,16,TCTGACGGCACAGGTGGTAG,0,3472160
tfaE_stfE_predicted,0.058823529411764705,16,16,TCTCGCGCCCGTGTCTTTCA,0,3514901
tfaE_stfE_predicted,0.058823529411764705,16,16,TCTCGAACCTAGTATCTCAG,0,3497233
tfaE_stfE_predicted,0.058823529411764705,16,16,TCTCCAGTTGCCCTAAGAAT,0,3528235
tfaE_stfE_predicted,0.058823529411764705,16,16,TCTCACCACATCCAGCGAGC,0,3497121
tfaE_stfE_predicted,0.058823529411764705,16,16,TCTATGATCTGGCGCGGCAG,0,3486331
tfaE_stfE_predicted,0.058823529411764705,16,16,TCTACTCTCCTATTATTTTC,0,3496366
tfaE_stfE_predicted,0.058823529411764705,16,16,TCTAAAAGCTTTGCGCCCTA,0,3519445
tfaE_stfE_predicted,0.058823529411764705,16,16,TCGTGACCCGGTTATCCACC,0,3476654
tfaE_stfE_predicted,0.058823529411764705,16,16,TCGGGAGTCCTTGAAGAACA,0,3519612
tfaE_stfE_predicted,0.058823529411764705,16,16,TCGGCTTGCCGACCTCCATC,0,3504925
tfaE_stfE_predicted,0.058823529411764705,16,16,TCGGCCCAACAACCCGGCAA,0,3485693
tfaE_stfE_predicted,0.058823529411764705,16,16,TCGGCAGGTCAAATGAGGCT,0,3512594
tfaE_stfE_predicted,0.058823529411764705,16,16,TCGGATCTGTTATTGAAGTG,0,3469594
tfaE_stfE_predicted,0.058823529411764705,16,16,TCGGACCGGAAGATATGCGC,0,3487173
tfaE_stfE_predicted,0.058823529411764705,16,16,TCGCGGACCGAGTGTACCGG,0,3513592
tfaE_stfE_predicted,0.058823529411764705,16,16,TCGATTGTGTGAGATGCCGT,0,3478040
tfaE_stfE_predicted,0.058823529411764705,16,16,TCGAGGACCCTGAAGGCAGA,0,3486370
tfaE_stfE_predicted,0.058823529411764705,16,16,TCGAAGTACTCCCGTAAGGT,0,3527158
tfaE_stfE_predicted,0.058823529411764705,16,16,TCCCGTTCAAGGCGTCCCTT,0,3511585
tfaE_stfE_predicted,0.058823529411764705,16,16,TCCATTCCGCGTGGCCCGGA,0,3498043
tfaE_stfE_predicted,0.058823529411764705,16,16,TCCACGCTGGTCCAGGCAGT,0,3512699
tfaE_stfE_predicted,0.058823529411764705,16,16,TCATTCGCAGCGATATTAGT,0,3525404
tfaE_stfE_predicted,0.058823529411764705,16,16,TCATAGCATCACGAGGCCTG,0,3536424
tfaE_stfE_predicted,0.058823529411764705,16,16,TCAGGCGATATAGGTCCGTC,0,3512250
tfaE_stfE_predicted,0.058823529411764705,16,16,TCACGATAAGTCGCGAGGGA,0,3539029
tfaE_stfE_predicted,0.058823529411764705,16,16,TCACCCGCCCGTCTACAATG,0,3517783
tfaE_stfE_predicted,0.058823529411764705,16,16,TCACCCATGGGCGGCATCGC,0,3470773
tfaE_stfE_predicted,0.058823529411764705,16,16,TATCCTTCCATCACCAAAGT,0,3480408
tfaE_stfE_predicted,0.058823529411764705,16,16,TATCCATCACGTGAATGAGT,0,3505692
tfaE_stfE_predicted,0.058823529411764705,16,16,TATATTCCGGGCTGGGGTGT,0,3532255
tfaE_stfE_predicted,0.058823529411764705,16,16,TATACGCCAGATCCAAGCTC,0,3522315
tfaE_stfE_predicted,0.058823529411764705,16,16,TAGGTCGTGCCCCACGGGAC,0,3494539
tfaE_stfE_predicted,0.058823529411764705,16,16,TAGGTAAGCTTCATCTGCAG,0,3510607
tfaE_stfE_predicted,0.058823529411764705,16,16,TAGGCCTCACCCCTTGGACG,0,3511697
tfaE_stfE_predicted,0.058823529411764705,16,16,TAGGATCCAACTTTGGTGAT,0,3540983
tfaE_stfE_predicted,0.058823529411764705,16,16,TACTTCTTTTCTTAAGTAAT,0,3477842
tfaE_stfE_predicted,0.058823529411764705,16,16,TACTGGTCTTTATATGTGGG,0,3504431
tfaE_stfE_predicted,0.058823529411764705,16,16,TACTCCTGGGCCGGGGGTTT,0,3501301
tfaE_stfE_predicted,0.058823529411764705,16,16,TACGCAACGTCATTTTACTC,0,3493187
tfaE_stfE_predicted,0.058823529411764705,16,16,TACGACGGGTGACTTGTGAG,0,3466679
tfaE_stfE_predicted,0.058823529411764705,16,16,TACCACATAGGTTCTGGTGC,0,3482938
tfaE_stfE_predicted,0.058823529411764705,16,16,TACACAAGTGGCAACCACGG,0,3527910
tfaE_stfE_predicted,0.058823529411764705,16,16,TAATGTGAGCATAAAGCATT,0,3494488
tfaE_stfE_predicted,0.058823529411764705,16,16,TAATATCAGCTACAGTATTA,0,3502059
tfaE_stfE_predicted,0.058823529411764705,16,16,TAAGGGCATACAAAGACGCT,0,3495837
tfaE_stfE_predicted,0.058823529411764705,16,16,TAAGCAAAATTCAGTGTGCT,0,3522157
tfaE_stfE_predicted,0.058823529411764705,16,16,TAAGAGTCTTAACACCAAGG,0,3500322
tfaE_stfE_predicted,0.058823529411764705,16,16,TAACGGTGTAAGTCGTATTT,0,3512151
tfaE_stfE_predicted,0.058823529411764705,16,16,TAACCGAAGTGCATTTTTTT,0,3514126
tfaE_stfE_predicted,0.058823529411764705,16,16,GTTCCCCATTGAACGAGGGT,0,3471761
tfaE_stfE_predicted,0.058823529411764705,16,16,GTTAACCCACACGCCGCCTG,0,3495254
tfaE_stfE_predicted,0.058823529411764705,16,16,GTGTCTCTTGTACAAATACT,0,3536387
tfaE_stfE_predicted,0.058823529411764705,16,16,GTGGGCTATGTATCAAGCAA,0,3492222
tfaE_stfE_predicted,0.058823529411764705,16,16,GTGCGACTTGTTGTGAAGCA,0,3479096
tfaE_stfE_predicted,0.058823529411764705,16,16,GTGCCAGGTAGACCATGGAC,0,3533108
tfaE_stfE_predicted,0.058823529411764705,16,16,GTGATACTCATGTCTGTACA,0,3531114
tfaE_stfE_predicted,0.058823529411764705,16,16,GTCTTAGCCACCCTTGGGAA,0,3534232
tfaE_stfE_predicted,0.058823529411764705,16,16,GTCTGCCTAATCCTTTTCAT,0,3480726
tfaE_stfE_predicted,0.058823529411764705,16,16,GTCGTGGCTCCGGGTACTTA,0,3476742
tfaE_stfE_predicted,0.058823529411764705,16,16,GTCGGGATTTGAACGTGTGT,0,3490692
tfaE_stfE_predicted,0.058823529411764705,16,16,GTCGCACCCTCACGTCCGGG,0,3492049
tfaE_stfE_predicted,0.058823529411764705,16,16,GTCCTTCAGGGGACAATCCG,0,3472156
tfaE_stfE_predicted,0.058823529411764705,16,16,GTCCTCTGTATATAAAGAGT,0,3473452
tfaE_stfE_predicted,0.058823529411764705,16,16,GTCCGCCCATTCCTGGGTAG,0,3468217
tfaE_stfE_predicted,0.058823529411764705,16,16,GTCCCTCGACTCAAGCCGAG,0,3537196
tfaE_stfE_predicted,0.058823529411764705,16,16,GTCATATTGGTAGCTGCCCT,0,3514381
tfaE_stfE_predicted,0.058823529411764705,16,16,GTCAGAATCCACAGTGTCCA,0,3489086
tfaE_stfE_predicted,0.058823529411764705,16,16,GTCAATAAAATGCGTGCCCA,0,3531214
tfaE_stfE_predicted,0.058823529411764705,16,16,GTATATGTATTGTCCCAAAT,0,3538983
tfaE_stfE_predicted,0.058823529411764705,16,16,GTAGAGACCATGACGAAATT,0,3474488
tfaE_stfE_predicted,0.058823529411764705,16,16,GTACATTATTATAGACGGTA,0,3507399
tfaE_stfE_predicted,0.058823529411764705,16,16,GTACAGTTTCTTGTTATGAT,0,3481691
tfaE_stfE_predicted,0.058823529411764705,16,16,GTAAGATAAAAATGCGGTTG,0,3508277
tfaE_stfE_predicted,0.058823529411764705,16,16,GTAACTCCCCGAGGCTCTTA,0,3499864
tfaE_stfE_predicted,0.058823529411764705,16,16,GTAACCTGTTTTGATTGCAC,0,3536081
tfaE_stfE_predicted,0.058823529411764705,16,16,GGTTTAGACTGTCCAGTGTT,0,3504694
tfaE_stfE_predicted,0.058823529411764705,16,16,GGTTGGTCCACCTCCTGAAT,0,3482935
tfaE_stfE_predicted,0.058823529411764705,16,16,GGTTCTTGCGGACTCCGAGA,0,3524331
tfaE_stfE_predicted,0.058823529411764705,16,16,GGTGGCGTTTTGATTGTTCT,0,3525386
tfaE_stfE_predicted,0.058823529411764705,16,16,GGTCTTGGGGGGCGTTCTCA,0,3471743
tfaE_stfE_predicted,0.058823529411764705,16,16,GGTCTGGCATTATAATTTGT,0,3527779
tfaE_stfE_predicted,0.058823529411764705,16,16,GGTCTCCCCCGAGATGGCAG,0,3476408
tfaE_stfE_predicted,0.058823529411764705,16,16,GGGTCCAGATAGAGTCCAAT,0,3491206
tfaE_stfE_predicted,0.058823529411764705,16,16,GGGGGGATAGTCACTATTGT,0,3488302
tfaE_stfE_predicted,0.058823529411764705,16,16,GGGGCGGACCGGGCTCTAAA,0,3490262
tfaE_stfE_predicted,0.058823529411764705,16,16,GGGGATTCACGTTCCATTAG,0,3481179
tfaE_stfE_predicted,0.058823529411764705,16,16,GGGGAATCGGCGGAGGAGCT,0,3517858
tfaE_stfE_predicted,0.058823529411764705,16,16,GGGCGACCCATTACGGTACA,0,3498502
tfaE_stfE_predicted,0.058823529411764705,16,16,GGGATGAGATACGACTTGGG,0,3469339
tfaE_stfE_predicted,0.058823529411764705,16,16,GGGAACAGTCGAGCTAAGCT,0,3501957
tfaE_stfE_predicted,0.058823529411764705,16,16,GGCGTCTCCGATTTGATAAG,0,3539602
tfaE_stfE_predicted,0.058823529411764705,16,16,GGCGGTGATCGGGAGCGGTT,0,3529588
tfaE_stfE_predicted,0.058823529411764705,16,16,GGCGCAGCACTACTAAGTGC,0,3492027
tfaE_stfE_predicted,0.058823529411764705,16,16,GGCCTCTTGAGAACAATTGG,0,3501813
tfaE_stfE_predicted,0.058823529411764705,16,16,GGCCCGTAAATTTCAGTATC,0,3528194
tfaE_stfE_predicted,0.058823529411764705,16,16,GGCATTTAGTTTTGCCAGGT,0,3498689
tfaE_stfE_predicted,0.058823529411764705,16,16,GGCAATTAACGTAAGACGGA,0,3475406
tfaE_stfE_predicted,0.058823529411764705,16,16,GGATGGTCGAGGCAAGGCTA,0,3507649
tfaE_stfE_predicted,0.058823529411764705,16,16,GGAGGGGAGCGAAAACGCCA,0,3526943
tfaE_stfE_predicted,0.058823529411764705,16,16,GGACTGGCATCCGTAACCTG,0,3491540
tfaE_stfE_predicted,0.058823529411764705,16,16,GGACTATAAGAAAGATAAAA,0,3531788
tfaE_stfE_predicted,0.058823529411764705,16,16,GGAAGCATCACCCTTCCCAA,0,3527394
tfaE_stfE_predicted,0.058823529411764705,16,16,GGAACGTCAGGTCCGCTTTG,0,3524154
tfaE_stfE_predicted,0.058823529411764705,16,16,GCTTGGCTTTCTTGGCGTAA,0,3537963
tfaE_stfE_predicted,0.058823529411764705,16,16,GCTGTTGAATTTAGAGGGTT,0,3501477
tfaE_stfE_predicted,0.058823529411764705,16,16,GCTGGTTGGTTAGCTAGGGT,0,3516464
tfaE_stfE_predicted,0.058823529411764705,16,16,GCTCAGTAGAGTAGAACGAG,0,3507765
tfaE_stfE_predicted,0.058823529411764705,16,16,GCTAGTACGCCACCGTTCTA,0,3513264
tfaE_stfE_predicted,0.058823529411764705,16,16,GCGCGCTGTTTCACCCAAGT,0,3484331
tfaE_stfE_predicted,0.058823529411764705,16,16,GCGCGATGGTGTTCCATACG,0,3496659
tfaE_stfE_predicted,0.058823529411764705,16,16,GCGCAATCTAAGGAAGCGAA,0,3471408
tfaE_stfE_predicted,0.058823529411764705,16,16,GCGAAAAGCGAACACATTGT,0,3467642
tfaE_stfE_predicted,0.058823529411764705,16,16,GCCTCCGAAGCACCAAGTAT,0,3467705
tfaE_stfE_predicted,0.058823529411764705,16,16,GCCGTGAAGTTACCCACTCC,0,3524609
tfaE_stfE_predicted,0.058823529411764705,16,16,GCCGTCTACAGCGATCTCAT,0,3506978
tfaE_stfE_predicted,0.058823529411764705,16,16,GCCCCTCTTATCTTCATGGC,0,3475123
tfaE_stfE_predicted,0.058823529411764705,16,16,GCCATATCGGCTATGATCAC,0,3469839
tfaE_stfE_predicted,0.058823529411764705,16,16,GCATATAGACAGTTGCGGCA,0,3484357
tfaE_stfE_predicted,0.058823529411764705,16,16,GCACGTCTTGCGTACGCCGT,0,3473072
tfaE_stfE_predicted,0.058823529411764705,16,16,GCACCAACGGCTGGCCCGGC,0,3519621
tfaE_stfE_predicted,0.058823529411764705,16,16,GCACATCGGGTTTAGAGTTA,0,3540585
tfaE_stfE_predicted,0.058823529411764705,16,16,GCAACAGTGATTTTACCCCC,0,3526158
tfaE_stfE_predicted,0.058823529411764705,16,16,GATTGTTTAGGTCTATCGTA,0,3475323
tfaE_stfE_predicted,0.058823529411764705,16,16,GATTGGAGTATGGGTAAACA,0,3520103
tfaE_stfE_predicted,0.058823529411764705,16,16,GATTGCGTGGGTGATCAGCT,0,3528516
tfaE_stfE_predicted,0.058823529411764705,16,16,GATGTTATCAAGACTCCGGT,0,3509269
tfaE_stfE_predicted,0.058823529411764705,16,16,GATGTAAAGCTGGAGCCGTC,0,3496484
tfaE_stfE_predicted,0.058823529411764705,16,16,GATGGCGCAGACTGACTTAT,0,3527477
tfaE_stfE_predicted,0.058823529411764705,16,16,GATGAGCCGGCTTGGTTCGG,0,3524864
tfaE_stfE_predicted,0.058823529411764705,16,16,GATCTGTAAGGAATACGTAA,0,3507954
tfaE_stfE_predicted,0.058823529411764705,16,16,GATAAGTAGTTCTGTTGAGA,0,3483130
tfaE_stfE_predicted,0.058823529411764705,16,16,GATAAAGTCTGTAGGGACTA,0,3519017
tfaE_stfE_predicted,0.058823529411764705,16,16,GAGGTTCTACATAAATTCAT,0,3505244
tfaE_stfE_predicted,0.058823529411764705,16,16,GAGGTTAAATGACTACGAGA,0,3491935
tfaE_stfE_predicted,0.058823529411764705,16,16,GAGCGGATCATTCTGCCCAT,0,3535488
tfaE_stfE_predicted,0.058823529411764705,16,16,GAGCCTTAAATCAGCGTACC,0,3532614
tfaE_stfE_predicted,0.058823529411764705,16,16,GAGCCGACGTCCTTATAAGG,0,3508136
tfaE_stfE_predicted,0.058823529411764705,16,16,GACTACATTACCATTGGCAA,0,3466889
tfaE_stfE_predicted,0.058823529411764705,16,16,GACGTTGCAATCGGGCGACA,0,3501817
tfaE_stfE_predicted,0.058823529411764705,16,16,GACCAGATACGCGTCCCAGT,0,3499053
tfaE_stfE_predicted,0.058823529411764705,16,16,GACATCGGCTACTTGAAGGT,0,3513054
tfaE_stfE_predicted,0.058823529411764705,16,16,GAATTAAAGGACTGATCTGA,0,3493189
tfaE_stfE_predicted,0.058823529411764705,16,16,GAAGTATTACCCTCTTCTGC,0,3506523
tfaE_stfE_predicted,0.058823529411764705,16,16,GAAGCTCGACTCTTGCCCCC,0,3503241
tfaE_stfE_predicted,0.058823529411764705,16,16,GAACTTCCATTTAAGCAGAC,0,3494928
tfaE_stfE_predicted,0.058823529411764705,16,16,GAACTTAACGTTGACACATT,0,3498161
tfaE_stfE_predicted,0.058823529411764705,16,16,GAACTCAAGATCAGGGCATG,0,3504704
tfaE_stfE_predicted,0.058823529411764705,16,16,GAACGCCACTCCTGATATCA,0,3516546
tfaE_stfE_predicted,0.058823529411764705,16,16,GAACCGTATCGGGCTCCCCC,0,3524623
tfaE_stfE_predicted,0.058823529411764705,16,16,GAACCATTTAAACTAGCTAA,0,3499428
tfaE_stfE_predicted,0.058823529411764705,16,16,GAACCAGATCTACCCCCGAT,0,3505119
tfaE_stfE_predicted,0.058823529411764705,16,16,GAAATTGCAGCATCATCAAG,0,3512328
tfaE_stfE_predicted,0.058823529411764705,16,16,GAAAAATCTGTGGTCTGGGA,0,3531784
tfaE_stfE_predicted,0.058823529411764705,16,16,CTTTTTGAGTTAGAGCGTAC,0,3481192
tfaE_stfE_predicted,0.058823529411764705,16,16,CTTGTATCTTCCGAATTGGT,0,3478715
tfaE_stfE_predicted,0.058823529411764705,16,16,CTTGGCCACTGGTAGCAGTG,0,3484056
tfaE_stfE_predicted,0.058823529411764705,16,16,CTGCTATAGTTCAGGGAGGA,0,3474706
tfaE_stfE_predicted,0.058823529411764705,16,16,CTGCCGCTTTGTGAGGATGT,0,3527708
tfaE_stfE_predicted,0.058823529411764705,16,16,CTGCAATCAATAGCCCCGGT,0,3525100
tfaE_stfE_predicted,0.058823529411764705,16,16,CTGAGGGGAACTGCATACCA,0,3470814
tfaE_stfE_predicted,0.058823529411764705,16,16,CTCTCACACAGAACAGTACA,0,3508080
tfaE_stfE_predicted,0.058823529411764705,16,16,CTCGGAGACCTCGATATCAA,0,3491264
tfaE_stfE_predicted,0.058823529411764705,16,16,CTCGCAACTCATAAATAAAG,0,3467971
tfaE_stfE_predicted,0.058823529411764705,16,16,CTCCAATGACGGATAGCTCA,0,3517985
tfaE_stfE_predicted,0.058823529411764705,16,16,CTCAATGGCTATAAACTTGT,0,3513549
tfaE_stfE_predicted,0.058823529411764705,16,16,CTATAGGCTCGCAGTAGGTA,0,3529917
tfaE_stfE_predicted,0.058823529411764705,16,16,CTAGGCATTTGCAGTATTTA,0,3470884
tfaE_stfE_predicted,0.058823529411764705,16,16,CTACCTGGGCATTTTTGGCG,0,3485069
tfaE_stfE_predicted,0.058823529411764705,16,16,CTAATTGTTAGCATAGTTCA,0,3509733
tfaE_stfE_predicted,0.058823529411764705,16,16,CGTTTAGTTTATTAGGAGAT,0,3473039
tfaE_stfE_predicted,0.058823529411764705,16,16,CGTGGGAAGAGAACGAATAT,0,3517086
tfaE_stfE_predicted,0.058823529411764705,16,16,CGGTGAAAAAGAATCGGCTC,0,3498096
tfaE_stfE_predicted,0.058823529411764705,16,16,CGGGGTGCTGCTCATTAGTT,0,3517717
tfaE_stfE_predicted,0.058823529411764705,16,16,CGGGGCGTCCCGTTGTCTAA,0,3479859
tfaE_stfE_predicted,0.058823529411764705,16,16,CGGGCGCTCGTAGTCAGGTA,0,3469459
tfaE_stfE_predicted,0.058823529411764705,16,16,CGGGCAAGGGATGAGAAGCC,0,3470098
tfaE_stfE_predicted,0.058823529411764705,16,16,CGGGACGTGTGTACCACCTC,0,3497932
tfaE_stfE_predicted,0.058823529411764705,16,16,CGGCATGGAGCATTATTCGA,0,3537634
tfaE_stfE_predicted,0.058823529411764705,16,16,CGGACTAGAGTACAGTATAT,0,3529625
tfaE_stfE_predicted,0.058823529411764705,16,16,CGGACACGGAGTCCTACTTC,0,3524228
tfaE_stfE_predicted,0.058823529411764705,16,16,CGCTTTTGGAACCGGGTATT,0,3518376
tfaE_stfE_predicted,0.058823529411764705,16,16,CGCTCCTGACATGAGATCGG,0,3467715
tfaE_stfE_predicted,0.058823529411764705,16,16,CGCTCAGGGTTGCGCATCAA,0,3486324
tfaE_stfE_predicted,0.058823529411764705,16,16,CGCTACTGGTGTTCTTGTGT,0,3531872
tfaE_stfE_predicted,0.058823529411764705,16,16,CGCGCAGGCCACGCCTCGTC,0,3501324
tfaE_stfE_predicted,0.058823529411764705,16,16,CGCCTGTACTCCTTTTCTGT,0,3490486
tfaE_stfE_predicted,0.058823529411764705,16,16,CGCCAAACCTGTTGGCTCTA,0,3485564
tfaE_stfE_predicted,0.058823529411764705,16,16,CGCATCCTCGACGGTTAGGT,0,3486946
tfaE_stfE_predicted,0.058823529411764705,16,16,CGCACTCATGATTACTATAC,0,3474665
tfaE_stfE_predicted,0.058823529411764705,16,16,CGCACCCTATGAAGTGTAGA,0,3511552
tfaE_stfE_predicted,0.058823529411764705,16,16,CGATAGCGCCCATCGTTAGT,0,3528735
tfaE_stfE_predicted,0.058823529411764705,16,16,CGAGAAATCGCATGCGACAT,0,3491337
tfaE_stfE_predicted,0.058823529411764705,16,16,CGACGGTGAGACCAGGTGGC,0,3533196
tfaE_stfE_predicted,0.058823529411764705,16,16,CGAACCCGAACGTCTGTCAA,0,3477310
tfaE_stfE_predicted,0.058823529411764705,16,16,CGAAACTTGATCACTACGCC,0,3494567
tfaE_stfE_predicted,0.058823529411764705,16,16,CCTTTGTGTGGCACAGCCCC,0,3499828
tfaE_stfE_predicted,0.058823529411764705,16,16,CCTTATGTCGGTATTCACGT,0,3490300
tfaE_stfE_predicted,0.058823529411764705,16,16,CCTTAACTGGTCTTATAAAA,0,3468092
tfaE_stfE_predicted,0.058823529411764705,16,16,CCTCTCACTGCAATAGGACA,0,3486677
tfaE_stfE_predicted,0.058823529411764705,16,16,CCTAGCCCGGTGGGACGTCT,0,3508287
tfaE_stfE_predicted,0.058823529411764705,16,16,CCGTGACTTCCTGGGGCCTA,0,3492784
tfaE_stfE_predicted,0.058823529411764705,16,16,CCGTCATCTGGTGGTCATTT,0,3523828
tfaE_stfE_predicted,0.058823529411764705,16,16,CCGTAGCCCTGGATTGGGAT,0,3514193
tfaE_stfE_predicted,0.058823529411764705,16,16,CCGTACTCATTGACATATTG,0,3521191
tfaE_stfE_predicted,0.058823529411764705,16,16,CCGTACAAAGAGCCTCGTCT,0,3476403
tfaE_stfE_predicted,0.058823529411764705,16,16,CCGCTCTAGCGTAACGAAGT,0,3516679
tfaE_stfE_predicted,0.058823529411764705,16,16,CCGCGGATAGGTGTGATTCG,0,3525359
tfaE_stfE_predicted,0.058823529411764705,16,16,CCGCAACCTCTATTAAATAA,0,3523107
tfaE_stfE_predicted,0.058823529411764705,16,16,CCGAGGCGAAGGTGGTAATT,0,3474494
tfaE_stfE_predicted,0.058823529411764705,16,16,CCGACGGGATATGTAAAATT,0,3511560
tfaE_stfE_predicted,0.058823529411764705,16,16,CCCTTGGTTGCAAGCTTGGA,0,3515512
tfaE_stfE_predicted,0.058823529411764705,16,16,CCCGTAGGTCGGAAAGTACC,0,3530727
tfaE_stfE_predicted,0.058823529411764705,16,16,CCCGACTCTTTCTGGAATCT,0,3529186
tfaE_stfE_predicted,0.058823529411764705,16,16,CCCCCGCTCCCCGCCAGGGT,0,3471964
tfaE_stfE_predicted,0.058823529411764705,16,16,CCCAAACCTCAAGGACTTCC,0,3487156
tfaE_stfE_predicted,0.058823529411764705,16,16,CCATTAAGGACGCTATATTC,0,3515925
tfaE_stfE_predicted,0.058823529411764705,16,16,CCATGCCTAGGATTAATCTT,0,3497622
tfaE_stfE_predicted,0.058823529411764705,16,16,CCATAAGCGCTCCGTATGTG,0,3528594
tfaE_stfE_predicted,0.058823529411764705,16,16,CCAGTATTTACGCATTCGAC,0,3495021
tfaE_stfE_predicted,0.058823529411764705,16,16,CCAGGTTAGGTACCTAATGT,0,3509791
tfaE_stfE_predicted,0.058823529411764705,16,16,CCAGAGTACGGAAAAGCCAA,0,3532801
tfaE_stfE_predicted,0.058823529411764705,16,16,CATTGAGCTCACAGTTGTAC,0,3483665
tfaE_stfE_predicted,0.058823529411764705,16,16,CATTCGGGCAATAAAAACCT,0,3512693
tfaE_stfE_predicted,0.058823529411764705,16,16,CATTCCGGCCCTATACCCGC,0,3504295
tfaE_stfE_predicted,0.058823529411764705,16,16,CATTCAATTTAGGGGCAGTT,0,3472934
tfaE_stfE_predicted,0.058823529411764705,16,16,CATGGCACCATCTGAATTGA,0,3535674
tfaE_stfE_predicted,0.058823529411764705,16,16,CATGCAAGAGTCCGGATAAT,0,3466713
tfaE_stfE_predicted,0.058823529411764705,16,16,CATGAGGGAGTGGGTGAAGG,0,3498068
tfaE_stfE_predicted,0.058823529411764705,16,16,CATATTGGTTACTTACGGAT,0,3534826
tfaE_stfE_predicted,0.058823529411764705,16,16,CATATGCACGATGCAAACTA,0,3486562
tfaE_stfE_predicted,0.058823529411764705,16,16,CAGTATTTGACGGACAACAC,0,3517766
tfaE_stfE_predicted,0.058823529411764705,16,16,CAGTATTGATTTTTAAAAGA,0,3531007
tfaE_stfE_predicted,0.058823529411764705,16,16,CAGTATCGCTTCATCAGACG,0,3503972
tfaE_stfE_predicted,0.058823529411764705,16,16,CAGTACCTGGAAGACTGATA,0,3500326
tfaE_stfE_predicted,0.058823529411764705,16,16,CAGGGAGGGTCCTTTAGGGA,0,3532845
tfaE_stfE_predicted,0.058823529411764705,16,16,CAGGAATGATATTCAATGTT,0,3517313
tfaE_stfE_predicted,0.058823529411764705,16,16,CAGCTATGCAGCGCGCGATC,0,3537650
tfaE_stfE_predicted,0.058823529411764705,16,16,CAGCAGTTGTTTCTGCTGAA,0,3508394
tfaE_stfE_predicted,0.058823529411764705,16,16,CAGAGGGTGCCCTACGTTGC,0,3528473
tfaE_stfE_predicted,0.058823529411764705,16,16,CACTAGGTCATCACTCGTAT,0,3476858
tfaE_stfE_predicted,0.058823529411764705,16,16,CACTACCGCGCCTTTCAACA,0,3519143
tfaE_stfE_predicted,0.058823529411764705,16,16,CACGGCTTCAAGCGCGCCTG,0,3504346
tfaE_stfE_predicted,0.058823529411764705,16,16,CACATTTAGGGCACGTCGAT,0,3488062
tfaE_stfE_predicted,0.058823529411764705,16,16,CACATTGTCATGAGTCTGTA,0,3502510
tfaE_stfE_predicted,0.058823529411764705,16,16,CAATGATAGAAGGATGTAAG,0,3517607
tfaE_stfE_predicted,0.058823529411764705,16,16,CAATCAGCAGGGGGGTTTGC,0,3493193
tfaE_stfE_predicted,0.058823529411764705,16,16,CAATACTCTGTATGGGAAGT,0,3511351
tfaE_stfE_predicted,0.058823529411764705,16,16,CAAGGGTCATGAGTGTCGGG,0,3496717
tfaE_stfE_predicted,0.058823529411764705,16,16,CAACTGCCAAGGGGTATTTG,0,3480182
tfaE_stfE_predicted,0.058823529411764705,16,16,CAACGCGATCGAGACCGTTA,0,3492271
tfaE_stfE_predicted,0.058823529411764705,16,16,CAACATCAGTCTTAATCTTA,0,3470983
tfaE_stfE_predicted,0.058823529411764705,16,16,CAAAGATAAACACGACGGTT,0,3490948
tfaE_stfE_predicted,0.058823529411764705,16,16,CAAACTAGAGTGCAGCGCGT,0,3540724
tfaE_stfE_predicted,0.058823529411764705,16,16,ATTCTTCTGTCATACTAGGA,0,3521772
tfaE_stfE_predicted,0.058823529411764705,16,16,ATTCGTTTGAGCAGGATAAG,0,3484316
tfaE_stfE_predicted,0.058823529411764705,16,16,ATTATTAGTCGCTGGCAGTC,0,3513046
tfaE_stfE_predicted,0.058823529411764705,16,16,ATTACCACATGAATTTGCTT,0,3489635
tfaE_stfE_predicted,0.058823529411764705,16,16,ATTAATGAATAACTGCTGAA,0,3527837
tfaE_stfE_predicted,0.058823529411764705,16,16,ATGTGCACAGGTGGGATTAA,0,3479591
tfaE_stfE_predicted,0.058823529411764705,16,16,ATGTACAGTTCCTGCTAGTT,0,3539541
tfaE_stfE_predicted,0.058823529411764705,16,16,ATGTAATGATGGAGCGTTGT,0,3536985
tfaE_stfE_predicted,0.058823529411764705,16,16,ATGCTTACCGCGCGCGTCGG,0,3491332
tfaE_stfE_predicted,0.058823529411764705,16,16,ATGCACACGGAGATGTACCT,0,3534055
tfaE_stfE_predicted,0.058823529411764705,16,16,ATGATGTTACATTCCTATCC,0,3469147
tfaE_stfE_predicted,0.058823529411764705,16,16,ATGAGGTCTTCTGGAATGCT,0,3493547
tfaE_stfE_predicted,0.058823529411764705,16,16,ATGACCACCTTGGCTATACT,0,3513233
tfaE_stfE_predicted,0.058823529411764705,16,16,ATCTTTTAGGGGCCTCACCA,0,3486276
tfaE_stfE_predicted,0.058823529411764705,16,16,ATCTACCAGAAGTGGACCGT,0,3497986
tfaE_stfE_predicted,0.058823529411764705,16,16,ATCGTGTTATCGGGGCAGCT,0,3521351
tfaE_stfE_predicted,0.058823529411764705,16,16,ATCAAAGATGCTGCACATTG,0,3511823
tfaE_stfE_predicted,0.058823529411764705,16,16,ATATGGTGTAGGGTTAGTAT,0,3514710
tfaE_stfE_predicted,0.058823529411764705,16,16,ATATACACGATTGCGAAATA,0,3484469
tfaE_stfE_predicted,0.058823529411764705,16,16,ATAGTTTTTGGTTGGCTAAA,0,3504773
tfaE_stfE_predicted,0.058823529411764705,16,16,ATAGTTGGCAGGGGAGCTGT,0,3528244
tfaE_stfE_predicted,0.058823529411764705,16,16,ATAGGCACAAAGCAAAGAGC,0,3537195
tfaE_stfE_predicted,0.058823529411764705,16,16,ATAGCCAGTTCTAAACGAAT,0,3535417
tfaE_stfE_predicted,0.058823529411764705,16,16,ATAGCACCCGGGTACCTTAA,0,3486303
tfaE_stfE_predicted,0.058823529411764705,16,16,ATAGATGAAAGCGATTAACC,0,3499415
tfaE_stfE_predicted,0.058823529411764705,16,16,ATAGACGGAGGGATGTGAAA,0,3501343
tfaE_stfE_predicted,0.058823529411764705,16,16,ATACTAGCGATAGCGACTTG,0,3516916
tfaE_stfE_predicted,0.058823529411764705,16,16,ATACAGACTAAACTTGGGCT,0,3530178
tfaE_stfE_predicted,0.058823529411764705,16,16,ATAACGACCAAGGGCTCATG,0,3479052
tfaE_stfE_predicted,0.058823529411764705,16,16,AGTTTTAACGTCATAGGTTA,0,3539002
tfaE_stfE_predicted,0.058823529411764705,16,16,AGTGGGACGCAAAAATCCAT,0,3496604
tfaE_stfE_predicted,0.058823529411764705,16,16,AGTGGGAAGCTAAGTCAGAT,0,3541153
tfaE_stfE_predicted,0.058823529411764705,16,16,AGTGCAAGGGTTTGCTAGGA,0,3511195
tfaE_stfE_predicted,0.058823529411764705,16,16,AGTGAGTACCCCTTCCGAGT,0,3495791
tfaE_stfE_predicted,0.058823529411764705,16,16,AGTATTCTCGGAGAATTAAT,0,3499354
tfaE_stfE_predicted,0.058823529411764705,16,16,AGTAGCGCGAGATCACTCAT,0,3532952
tfaE_stfE_predicted,0.058823529411764705,16,16,AGTACGTATGCTTGAGCACG,0,3532726
tfaE_stfE_predicted,0.058823529411764705,16,16,AGTACCCGGCGCGAGTGTCT,0,3517022
tfaE_stfE_predicted,0.058823529411764705,16,16,AGGTGTGTAGATGCCATCTC,0,3471599
tfaE_stfE_predicted,0.058823529411764705,16,16,AGGTCTTGATATACGAATGT,0,3508393
tfaE_stfE_predicted,0.058823529411764705,16,16,AGGTCTGCAGCATGAGACCA,0,3478885
tfaE_stfE_predicted,0.058823529411764705,16,16,AGGGTCACACGCGCGAATAC,0,3481131
tfaE_stfE_predicted,0.058823529411764705,16,16,AGGGGGCGCTCTATCGGAGA,0,3508863
tfaE_stfE_predicted,0.058823529411764705,16,16,AGGGGGACATATCATCCGGT,0,3524481
tfaE_stfE_predicted,0.058823529411764705,16,16,AGGGCATGATGCCCATACTA,0,3513777
tfaE_stfE_predicted,0.058823529411764705,16,16,AGGCTTCTAAGACAGTCTCA,0,3515170
tfaE_stfE_predicted,0.058823529411764705,16,16,AGGCGTCTCCCTGCACGACA,0,3493205
tfaE_stfE_predicted,0.058823529411764705,16,16,AGGCCGGCGGCCTAGTCCTC,0,3504005
tfaE_stfE_predicted,0.058823529411764705,16,16,AGGCACTTCGTTTGCTGGAT,0,3473882
tfaE_stfE_predicted,0.058823529411764705,16,16,AGGATGCAACATTCGTTTGG,0,3503835
tfaE_stfE_predicted,0.058823529411764705,16,16,AGGATCTAACGATGGCTCGT,0,3520838
tfaE_stfE_predicted,0.058823529411764705,16,16,AGGATCCGTTTGTTGTTTGA,0,3498264
tfaE_stfE_predicted,0.058823529411764705,16,16,AGGAGCGAGCTCGCTGCCGA,0,3533262
tfaE_stfE_predicted,0.058823529411764705,16,16,AGCTCGCAAACGCAGAGTGC,0,3532761
tfaE_stfE_predicted,0.058823529411764705,16,16,AGCGCCGAGCGGACGATCGG,0,3496394
tfaE_stfE_predicted,0.058823529411764705,16,16,AGCCTAAGTCGCTGCTATGA,0,3500482
tfaE_stfE_predicted,0.058823529411764705,16,16,AGCACTCGATTAGCCAAAAA,0,3510417
tfaE_stfE_predicted,0.058823529411764705,16,16,AGCAAATCGGTGTCCAAATG,0,3519543
tfaE_stfE_predicted,0.058823529411764705,16,16,AGATTCAATTTTTGAAGGAT,0,3510667
tfaE_stfE_predicted,0.058823529411764705,16,16,AGAGCTGTGTGCAACTTCTT,0,3539339
tfaE_stfE_predicted,0.058823529411764705,16,16,ACTTGAATCAGTATTGGATA,0,3535471
tfaE_stfE_predicted,0.058823529411764705,16,16,ACTGTACCTGAAGATCGGAT,0,3472105
tfaE_stfE_predicted,0.058823529411764705,16,16,ACTGGCAACATGATACGCGG,0,3498658
tfaE_stfE_predicted,0.058823529411764705,16,16,ACTGCCAATATGATACCTTA,0,3473869
tfaE_stfE_predicted,0.058823529411764705,16,16,ACTACTTAACTCATGCCGCT,0,3537219
tfaE_stfE_predicted,0.058823529411764705,16,16,ACGGGTTTTCTCTCATCGAC,0,3519539
tfaE_stfE_predicted,0.058823529411764705,16,16,ACGCTAGAAAACTACAAGAT,0,3511188
tfaE_stfE_predicted,0.058823529411764705,16,16,ACGACTCGTCTGCCGTGTTT,0,3510937
tfaE_stfE_predicted,0.058823529411764705,16,16,ACCTCACTCAGTGGTTGATG,0,3524937
tfaE_stfE_predicted,0.058823529411764705,16,16,ACCCTCCTACGGCGACTATT,0,3476306
tfaE_stfE_predicted,0.058823529411764705,16,16,ACATTTGGCAATGGTTTCGC,0,3494404
tfaE_stfE_predicted,0.058823529411764705,16,16,ACATCAGTTGTGACGGCGAC,0,3481747
tfaE_stfE_predicted,0.058823529411764705,16,16,ACAGTTAAAGCTTAACCTAC,0,3519777
tfaE_stfE_predicted,0.058823529411764705,16,16,ACAGTAACGGACCTGGGAAT,0,3471988
tfaE_stfE_predicted,0.058823529411764705,16,16,ACACGGAAGCTGGCAGCCCA,0,3500511
tfaE_stfE_predicted,0.058823529411764705,16,16,ACACATGGGGGCTGCTGGTC,0,3495347
tfaE_stfE_predicted,0.058823529411764705,16,16,ACAACCGATTCACGAGAGTG,0,3488861
tfaE_stfE_predicted,0.058823529411764705,16,16,ACAACCAGGCAATGGAGAAT,0,3487102
tfaE_stfE_predicted,0.058823529411764705,16,16,ACAAATTAGAAATATGATAC,0,3500260
tfaE_stfE_predicted,0.058823529411764705,16,16,AATTTGGACACTCGCTGTGG,0,3481682
tfaE_stfE_predicted,0.058823529411764705,16,16,AATTGGTCCTGCGAAAACGA,0,3523510
tfaE_stfE_predicted,0.058823529411764705,16,16,AATGTCTCGCTGAAGGTATT,0,3522557
tfaE_stfE_predicted,0.058823529411764705,16,16,AATGCCTGACAACTCACGTG,0,3538182
tfaE_stfE_predicted,0.058823529411764705,16,16,AATCCCTGTGAGGATCGACT,0,3533889
tfaE_stfE_predicted,0.058823529411764705,16,16,AATAATCGCGACCCGTAATA,0,3471218
tfaE_stfE_predicted,0.058823529411764705,16,16,AATAAACCGAGCAATCCTCA,0,3490901
tfaE_stfE_predicted,0.058823529411764705,16,16,AAGTTTGGATCAATTTCGGC,0,3482111
tfaE_stfE_predicted,0.058823529411764705,16,16,AAGGGTATAATGACGTGCCG,0,3490000
tfaE_stfE_predicted,0.058823529411764705,16,16,AAGGGGGACCTTCCCACGAG,0,3512231
tfaE_stfE_predicted,0.058823529411764705,16,16,AAGGGACGAGTTCCGTCTAC,0,3537853
tfaE_stfE_predicted,0.058823529411764705,16,16,AAGGCTCCAACTTTGTATGC,0,3505893
tfaE_stfE_predicted,0.058823529411764705,16,16,AAGGCAAGAATATAGAGAAA,0,3530316
tfaE_stfE_predicted,0.058823529411764705,16,16,AAGGCAACGGATTTGCCTAC,0,3487228
tfaE_stfE_predicted,0.058823529411764705,16,16,AAGACTTGCGTTTTAGCGGA,0,3540316
tfaE_stfE_predicted,0.058823529411764705,16,16,AACTGTCAGGACCAATGACT,0,3532727
tfaE_stfE_predicted,0.058823529411764705,16,16,AACTCGGACACGACAGACAA,0,3486480
tfaE_stfE_predicted,0.058823529411764705,16,16,AACTCAGTGAGGTCCCGGTA,0,3485248
tfaE_stfE_predicted,0.058823529411764705,16,16,AACGCTAGCAAAATGGCATT,0,3504541
tfaE_stfE_predicted,0.058823529411764705,16,16,AACGACGGGATGCCTCGATT,0,3476298
tfaE_stfE_predicted,0.058823529411764705,16,16,AAATCTTGCCCAGAGCCTAG,0,3490881
tfaE_stfE_predicted,0.058823529411764705,16,16,AAATCAAAACAACGGGCCGT,0,3540027
tfaE_stfE_predicted,0.058823529411764705,16,16,AAAGGGAGTTGGAGGACGCT,0,3484465
tfaE_stfE_predicted,0.058823529411764705,16,16,AAAGGATTGCGGCCCGCACG,0,3477052
tfaE_stfE_predicted,0.058823529411764705,16,16,AAACTCCGGGGGTTAAGTAT,0,3482840
tfaE_stfE_predicted,0.058823529411764705,16,16,AAAATGCGCAGAGAGAAAAA,0,3503287
tfaE_stfE_predicted,0.0625,15,15,TTTTGGCCCGGAGTGCGCTA,0,3492529
tfaE_stfE_predicted,0.0625,15,15,TTTTCGGGCAGAACCTCAAC,0,3488820
tfaE_stfE_predicted,0.0625,15,15,TTTTATTGGACGCATTTGTA,0,3504525
tfaE_stfE_predicted,0.0625,15,15,TTTTAAATTTTATGCGTCAG,0,3513332
tfaE_stfE_predicted,0.0625,15,15,TTTCTGCGCGGGAAATAACC,0,3474340
tfaE_stfE_predicted,0.0625,15,15,TTTCGTAGCTTGATAAATGG,0,3486039
tfaE_stfE_predicted,0.0625,15,15,TTTCATAAGCGCCCAATTTT,0,3520080
tfaE_stfE_predicted,0.0625,15,15,TTGTTAACTGATGGGATGTG,0,3525759
tfaE_stfE_predicted,0.0625,15,15,TTGTGCCGGGAAGGTTTCTC,0,3522302
tfaE_stfE_predicted,0.0625,15,15,TTGTATAGTAGATGCGGTAG,0,3469145
tfaE_stfE_predicted,0.0625,15,15,TTGCTGAGGGTCGGCAAGTG,0,3493904
tfaE_stfE_predicted,0.0625,15,15,TTGCACGACCCCACAGCGGA,0,3468623
tfaE_stfE_predicted,0.0625,15,15,TTGATCTAAGGACAGAATTG,0,3516784
tfaE_stfE_predicted,0.0625,15,15,TTCTTTAGTCATTGGTAAGA,0,3538673
tfaE_stfE_predicted,0.0625,15,15,TTCTTTACGAGGGTCGCAGC,0,3521712
tfaE_stfE_predicted,0.0625,15,15,TTCGTGCAGTAGTCCCCAAA,0,3507583
tfaE_stfE_predicted,0.0625,15,15,TTCGCAGATGATGCAATTAC,0,3535321
tfaE_stfE_predicted,0.0625,15,15,TTCCACTAAGCCGCTGCGCG,0,3524569
tfaE_stfE_predicted,0.0625,15,15,TTCACTTCTGTATACGTGCA,0,3471595
tfaE_stfE_predicted,0.0625,15,15,TTATCATCGGCCGCTTGGAA,0,3516691
tfaE_stfE_predicted,0.0625,15,15,TTAGTGGTGACGCAGGTAAC,0,3478737
tfaE_stfE_predicted,0.0625,15,15,TTACTGACATCGTCTATGAC,0,3534702
tfaE_stfE_predicted,0.0625,15,15,TTACAGCAGGGCTCTTGGAT,0,3476714
tfaE_stfE_predicted,0.0625,15,15,TTACACCGAAACCTAATCAT,0,3484687
tfaE_stfE_predicted,0.0625,15,15,TTACAAGCGAGCTGTATACC,0,3469025
tfaE_stfE_predicted,0.0625,15,15,TGTTGTTAAAACTAGGTTCG,0,3524224
tfaE_stfE_predicted,0.0625,15,15,TGTTCGTATTTCCAAATTGT,0,3478252
tfaE_stfE_predicted,0.0625,15,15,TGTTACTTTTACATCTATGA,0,3474996
tfaE_stfE_predicted,0.0625,15,15,TGTGTATAGTAACTGGAATA,0,3502393
tfaE_stfE_predicted,0.0625,15,15,TGTGAGGGTATCCGCTGGTT,0,3528591
tfaE_stfE_predicted,0.0625,15,15,TGTCTCTAAACAAACCGCAA,0,3531508
tfaE_stfE_predicted,0.0625,15,15,TGTATAACCGACTGGTACGT,0,3485846
tfaE_stfE_predicted,0.0625,15,15,TGTAATAAGTTTACTGATAT,0,3494821
tfaE_stfE_predicted,0.0625,15,15,TGGTTAGAGGATTCAAATAG,0,3495458
tfaE_stfE_predicted,0.0625,15,15,TGGTCAGGCTGAAGCGCATA,0,3489160
tfaE_stfE_predicted,0.0625,15,15,TGGGCCTCTCAGATTTCGTC,0,3513350
tfaE_stfE_predicted,0.0625,15,15,TGGCCTCTCTCTGTTCTTTT,0,3530836
tfaE_stfE_predicted,0.0625,15,15,TGGCATAATATGCATACCTA,0,3518441
tfaE_stfE_predicted,0.0625,15,15,TGGCACAGTCCTAATCGCTA,0,3524687
tfaE_stfE_predicted,0.0625,15,15,TGGATATGTAAGGTTCTGTG,0,3472335
tfaE_stfE_predicted,0.0625,15,15,TGGATACGCGGCGTACAAAA,0,3516559
tfaE_stfE_predicted,0.0625,15,15,TGGAGGTAGTATGGCCCTTA,0,3524373
tfaE_stfE_predicted,0.0625,15,15,TGGAGGTACGTTCTCCTAGA,0,3493739
tfaE_stfE_predicted,0.0625,15,15,TGGAAGCCTGATGCCTAGGC,0,3499623
tfaE_stfE_predicted,0.0625,15,15,TGCGTACTTTATAGTGAGTA,0,3485592
tfaE_stfE_predicted,0.0625,15,15,TGCGATGCAGTAGGCTAAAT,0,3467164
tfaE_stfE_predicted,0.0625,15,15,TGCGAATTCCAATGAGCACA,0,3492574
tfaE_stfE_predicted,0.0625,15,15,TGCCTATCAGAATCTGCTAC,0,3470406
tfaE_stfE_predicted,0.0625,15,15,TGCCCCCTCTAATTGTATAA,0,3497119
tfaE_stfE_predicted,0.0625,15,15,TGCATGTACAAGAAAAGCGT,0,3500444
tfaE_stfE_predicted,0.0625,15,15,TGCATCGGCACGACCTATCC,0,3537284
tfaE_stfE_predicted,0.0625,15,15,TGAGGTTACGATAACCGTGG,0,3525363
tfaE_stfE_predicted,0.0625,15,15,TGAGGCAGAGCAAACCGGAG,0,3466953
tfaE_stfE_predicted,0.0625,15,15,TGAGAGACAGGGTCCTTCGT,0,3483790
tfaE_stfE_predicted,0.0625,15,15,TCTTGATTAGCCGGCATTGT,0,3525779
tfaE_stfE_predicted,0.0625,15,15,TCTTAGTGATAGTCTGCCAG,0,3472065
tfaE_stfE_predicted,0.0625,15,15,TCTGTGGTACCAGATTGGAA,0,3478484
tfaE_stfE_predicted,0.0625,15,15,TCTGTCTACATGAGTGACAC,0,3512422
tfaE_stfE_predicted,0.0625,15,15,TCTGGAGCCTCCGTGAATTA,0,3493531
tfaE_stfE_predicted,0.0625,15,15,TCTGCAGTCCCCGATCGCTA,0,3536795
tfaE_stfE_predicted,0.0625,15,15,TCTGACGAAGCACGTTTTAA,0,3469698
tfaE_stfE_predicted,0.0625,15,15,TCTCCAGTACCAGCCGTTCA,0,3469218
tfaE_stfE_predicted,0.0625,15,15,TCTCAGTACGCCGTGCAATG,0,3509005
tfaE_stfE_predicted,0.0625,15,15,TCGGTGGCTGTAACTCGATT,0,3504731
tfaE_stfE_predicted,0.0625,15,15,TCGGGTCTCCACAAAAGGAA,0,3499372
tfaE_stfE_predicted,0.0625,15,15,TCGCGGTACGTATCTCCGGT,0,3527866
tfaE_stfE_predicted,0.0625,15,15,TCGCCTATGAAGTTTCAATG,0,3468023
tfaE_stfE_predicted,0.0625,15,15,TCGCACTCCGAGGGATGATG,0,3514102
tfaE_stfE_predicted,0.0625,15,15,TCGATTGCGTAAGGTCGATC,0,3498464
tfaE_stfE_predicted,0.0625,15,15,TCGAACAAGACAGGTAGTCG,0,3480207
tfaE_stfE_predicted,0.0625,15,15,TCCTTATATCTATTGCTATT,0,3475751
tfaE_stfE_predicted,0.0625,15,15,TCCTCATGGGGGGAGATGAT,0,3533538
tfaE_stfE_predicted,0.0625,15,15,TCCGGGAGAACCGGAAGCCA,0,3490893
tfaE_stfE_predicted,0.0625,15,15,TCATTGATGGGGTGCTGTAG,0,3519619
tfaE_stfE_predicted,0.0625,15,15,TCATTACTCCTACCAAACGG,0,3533773
tfaE_stfE_predicted,0.0625,15,15,TCATGAAAACAACTGGTTCT,0,3467573
tfaE_stfE_predicted,0.0625,15,15,TCATCCCGTACCACGCAGTT,0,3527279
tfaE_stfE_predicted,0.0625,15,15,TCAGTCGTATCGTGAGTCTT,0,3507369
tfaE_stfE_predicted,0.0625,15,15,TCAGGCCGCTATCCATCGTA,0,3520810
tfaE_stfE_predicted,0.0625,15,15,TCACCATCGAGTGCAAACCA,0,3527143
tfaE_stfE_predicted,0.0625,15,15,TATTTTAAGGGTTCGAATTG,0,3489004
tfaE_stfE_predicted,0.0625,15,15,TATACGTATGGACCGGCTCC,0,3514162
tfaE_stfE_predicted,0.0625,15,15,TAGGTGAACTAAACTGGGGA,0,3523121
tfaE_stfE_predicted,0.0625,15,15,TAGGGCTCGTGAGTGCGGAT,0,3529649
tfaE_stfE_predicted,0.0625,15,15,TAGAGCCCGCCAACCTAGCA,0,3539911
tfaE_stfE_predicted,0.0625,15,15,TAGAGACAGAACATCATGGG,0,3473264
tfaE_stfE_predicted,0.0625,15,15,TAGACAGGGAGTGCCGTCTG,0,3494620
tfaE_stfE_predicted,0.0625,15,15,TAGAAATGGGCAGATGGCTT,0,3527293
tfaE_stfE_predicted,0.0625,15,15,TACATTTACATAAACTTATC,0,3504780
tfaE_stfE_predicted,0.0625,15,15,TACATCCTCTTGATGTCTGA,0,3511212
tfaE_stfE_predicted,0.0625,15,15,TACACGCCTTCCCTACCGCT,0,3478415
tfaE_stfE_predicted,0.0625,15,15,TAATCGCTGGCCGGCCGTCT,0,3510858
tfaE_stfE_predicted,0.0625,15,15,TAATAGAAGTCATCGGCTCC,0,3516190
tfaE_stfE_predicted,0.0625,15,15,TAAGTTCCCTAAAATGTACG,0,3487267
tfaE_stfE_predicted,0.0625,15,15,TAAGGATCGGGGAGCGGGTC,0,3497975
tfaE_stfE_predicted,0.0625,15,15,TAAGAAAAGACCGCGGCGGC,0,3515083
tfaE_stfE_predicted,0.0625,15,15,TAACTTCGGATAGGATTCGG,0,3514780
tfaE_stfE_predicted,0.0625,15,15,TAACCGTTCTCGTGGCCCAA,0,3522754
tfaE_stfE_predicted,0.0625,15,15,TAAATCCTGCCAATGAGCTA,0,3519141
tfaE_stfE_predicted,0.0625,15,15,TAAACACCAGTTGCCACACG,0,3529268
tfaE_stfE_predicted,0.0625,15,15,GTTTTCATATACAGCACTAC,0,3474649
tfaE_stfE_predicted,0.0625,15,15,GTTTCTTCTATGACTCTATT,0,3519823
tfaE_stfE_predicted,0.0625,15,15,GTTTCCCCGAAAGGAATATG,0,3476098
tfaE_stfE_predicted,0.0625,15,15,GTTTCCAAGCGGACGGTAAA,0,3505208
tfaE_stfE_predicted,0.0625,15,15,GTTGGGGACTAGCCCGAGAG,0,3511204
tfaE_stfE_predicted,0.0625,15,15,GTTCTCAAGCTATTCCGAAA,0,3507013
tfaE_stfE_predicted,0.0625,15,15,GTTCCGAAATATCTTTGTTG,0,3470217
tfaE_stfE_predicted,0.0625,15,15,GTTCAATCAAGCTAGGAGTT,0,3538352
tfaE_stfE_predicted,0.0625,15,15,GTTATCTTGAGCAGATCTTA,0,3489149
tfaE_stfE_predicted,0.0625,15,15,GTTACGTCGAACAGTTTCAG,0,3505212
tfaE_stfE_predicted,0.0625,15,15,GTTAAGGCGGATCTCCTAGA,0,3525868
tfaE_stfE_predicted,0.0625,15,15,GTGGTCCTTTCTACCGGGGC,0,3481802
tfaE_stfE_predicted,0.0625,15,15,GTGGGAGGCCCTCGGATCTT,0,3478277
tfaE_stfE_predicted,0.0625,15,15,GTGGCGACGGCCAGCAGATG,0,3528459
tfaE_stfE_predicted,0.0625,15,15,GTGCGAACGGAGGAACGTTG,0,3488722
tfaE_stfE_predicted,0.0625,15,15,GTGACCAACGTAATGTCCTT,0,3510269
tfaE_stfE_predicted,0.0625,15,15,GTCGTTTCGTAAGCTGTAGC,0,3534854
tfaE_stfE_predicted,0.0625,15,15,GTCGTGGCATGGCAACCCAG,0,3524572
tfaE_stfE_predicted,0.0625,15,15,GTCGGACCGTTTCAATCTTG,0,3474464
tfaE_stfE_predicted,0.0625,15,15,GTCCTAGCTGGTCCAGTGCT,0,3466397
tfaE_stfE_predicted,0.0625,15,15,GTCATGCGAAGCCCGTGCAT,0,3499151
tfaE_stfE_predicted,0.0625,15,15,GTCAGTCTGGAGATGCGAAC,0,3484364
tfaE_stfE_predicted,0.0625,15,15,GTATGTATTGTTGTACGGGT,0,3472893
tfaE_stfE_predicted,0.0625,15,15,GTATGCAGTTCCGTCGGGAA,0,3504883
tfaE_stfE_predicted,0.0625,15,15,GTATCTGAGATTAGTTGCGG,0,3493741
tfaE_stfE_predicted,0.0625,15,15,GTATCCGGGAGCGGTCCCCA,0,3468603
tfaE_stfE_predicted,0.0625,15,15,GTAGCTCCTTTTCGACAGAA,0,3515017
tfaE_stfE_predicted,0.0625,15,15,GTAGCTCAACGAATTTCAGT,0,3479554
tfaE_stfE_predicted,0.0625,15,15,GTACGCTTGTCACTAACTCA,0,3536736
tfaE_stfE_predicted,0.0625,15,15,GTACCTCGAGGGTCGGGTGT,0,3475755
tfaE_stfE_predicted,0.0625,15,15,GTACCGCGTGCACGCAAGGT,0,3511244
tfaE_stfE_predicted,0.0625,15,15,GTACACTTGGCAATGGTTCG,0,3515903
tfaE_stfE_predicted,0.0625,15,15,GTAAGTCTGGGCAGGTAGTT,0,3534590
tfaE_stfE_predicted,0.0625,15,15,GGTTAGAGCCATATCCCATA,0,3477475
tfaE_stfE_predicted,0.0625,15,15,GGTGTGGGCGCGTTGGTGTT,0,3514564
tfaE_stfE_predicted,0.0625,15,15,GGTGAAGACGCACCGTTCAG,0,3495070
tfaE_stfE_predicted,0.0625,15,15,GGTCTTCCTTGCTCGTCTCT,0,3500804
tfaE_stfE_predicted,0.0625,15,15,GGTCCAGGTACGAGACGATA,0,3532706
tfaE_stfE_predicted,0.0625,15,15,GGTCCAACTCTCAGGACGAT,0,3510743
tfaE_stfE_predicted,0.0625,15,15,GGTCAAATATGATCACGTAT,0,3474499
tfaE_stfE_predicted,0.0625,15,15,GGGTCACGAATTCCCCCCAA,0,3494775
tfaE_stfE_predicted,0.0625,15,15,GGGGGGGAACAAGAAATCGC,0,3513938
tfaE_stfE_predicted,0.0625,15,15,GGGGCTCGACGTTGTCTGTG,0,3514048
tfaE_stfE_predicted,0.0625,15,15,GGGGCTATGAATCGAGAGAA,0,3532773
tfaE_stfE_predicted,0.0625,15,15,GGGCTGTGTAAAAGGATCGG,0,3516400
tfaE_stfE_predicted,0.0625,15,15,GGGCTGCCCGAGCATCAGAA,0,3477139
tfaE_stfE_predicted,0.0625,15,15,GGGCGGGTGGGGCGGACTAT,0,3495866
tfaE_stfE_predicted,0.0625,15,15,GGGCAGCAAAGGCGGCTCGA,0,3468746
tfaE_stfE_predicted,0.0625,15,15,GGGATGGTCCTCTTGGATTA,0,3508560
tfaE_stfE_predicted,0.0625,15,15,GGGACGAGTGGGCTGATGTA,0,3477319
tfaE_stfE_predicted,0.0625,15,15,GGGAACATCCCCTTAGAGGC,0,3499352
tfaE_stfE_predicted,0.0625,15,15,GGCTTTCGATAGTCAGTCCC,0,3499223
tfaE_stfE_predicted,0.0625,15,15,GGCTTGGGACCATCTAACGG,0,3484603
tfaE_stfE_predicted,0.0625,15,15,GGCCCGTCAGGCGATTATCC,0,3508018
tfaE_stfE_predicted,0.0625,15,15,GGCCAGGTAGTTATGGCTTT,0,3485645
tfaE_stfE_predicted,0.0625,15,15,GGCATAAACATATAATCGAT,0,3518438
tfaE_stfE_predicted,0.0625,15,15,GGCACGAACGCTTCTGACCA,0,3492748
tfaE_stfE_predicted,0.0625,15,15,GGATCATAGAGCGGGGGGAA,0,3531116
tfaE_stfE_predicted,0.0625,15,15,GGATAGGTTGTCAGTCCCTC,0,3533236
tfaE_stfE_predicted,0.0625,15,15,GGAGTTTGGGATAGCGCTAC,0,3492158
tfaE_stfE_predicted,0.0625,15,15,GGAGTGGATTTATGGCGGCC,0,3533243
tfaE_stfE_predicted,0.0625,15,15,GGACGACGAATCTGATATTC,0,3528308
tfaE_stfE_predicted,0.0625,15,15,GGACCGCGAGTTCCCCCTGT,0,3516146
tfaE_stfE_predicted,0.0625,15,15,GGACATAGGCGGGGCGGTGG,0,3493880
tfaE_stfE_predicted,0.0625,15,15,GGACAGGTATCACTGTGTTA,0,3496648
tfaE_stfE_predicted,0.0625,15,15,GGACAACTGCTGGTGTACTT,0,3508432
tfaE_stfE_predicted,0.0625,15,15,GCTTTGTTTACATGCCCGTG,0,3481587
tfaE_stfE_predicted,0.0625,15,15,GCTTTCAACGAGCGTAAATG,0,3502861
tfaE_stfE_predicted,0.0625,15,15,GCTTCCGCCGGTAGAGTGGC,0,3536169
tfaE_stfE_predicted,0.0625,15,15,GCTGCATATTCGCCACTTTT,0,3486653
tfaE_stfE_predicted,0.0625,15,15,GCTGCACACAGAGAATCCGA,0,3532478
tfaE_stfE_predicted,0.0625,15,15,GCTCCCAGCCTTATCGCGAT,0,3539561
tfaE_stfE_predicted,0.0625,15,15,GCTAAGCGCAAACATATCGA,0,3521064
tfaE_stfE_predicted,0.0625,15,15,GCTAAGACCGTGTGGTCAAA,0,3505796
tfaE_stfE_predicted,0.0625,15,15,GCGTTCTATGGGACGTGATT,0,3538918
tfaE_stfE_predicted,0.0625,15,15,GCGTTACAGGCCCTGAGCCA,0,3518782
tfaE_stfE_predicted,0.0625,15,15,GCGTCTAGTTCCCTGGGCCT,0,3525153
tfaE_stfE_predicted,0.0625,15,15,GCGTAAATCGCGCTCTAGTG,0,3466647
tfaE_stfE_predicted,0.0625,15,15,GCGGTTGCGAGCGCGGCGGG,0,3517016
tfaE_stfE_predicted,0.0625,15,15,GCGGCATTTTCGGGTGCCAG,0,3506234
tfaE_stfE_predicted,0.0625,15,15,GCGCTTAACGAGTTCTCGAC,0,3512904
tfaE_stfE_predicted,0.0625,15,15,GCGCCCGGCTGTTTCCTAAC,0,3516406
tfaE_stfE_predicted,0.0625,15,15,GCGATGCTAAGTCCTGCCAT,0,3480507
tfaE_stfE_predicted,0.0625,15,15,GCGACGTGGTAAACTTGATC,0,3533707
tfaE_stfE_predicted,0.0625,15,15,GCCTCGCTGAGACAACCGTA,0,3466714
tfaE_stfE_predicted,0.0625,15,15,GCCGCGGACCATAACATTTT,0,3494681
tfaE_stfE_predicted,0.0625,15,15,GCCGCCGACAGAGCCCCAAA,0,3468954
tfaE_stfE_predicted,0.0625,15,15,GCCCGGAACGGCGTCATGAA,0,3510657
tfaE_stfE_predicted,0.0625,15,15,GCAGTGGTACAAGTGCGACA,0,3493198
tfaE_stfE_predicted,0.0625,15,15,GCAGTAATGGGATTCGATTA,0,3477033
tfaE_stfE_predicted,0.0625,15,15,GCAGGGATCCTGGTAGCTAT,0,3533646
tfaE_stfE_predicted,0.0625,15,15,GCACGCCGTAAGGTTTGATT,0,3468947
tfaE_stfE_predicted,0.0625,15,15,GCAATTGCCGGGTCTAATCT,0,3477358
tfaE_stfE_predicted,0.0625,15,15,GCAAGATTACGCGGGTGTGG,0,3495595
tfaE_stfE_predicted,0.0625,15,15,GCAACCCATGTCATCCGCAT,0,3502557
tfaE_stfE_predicted,0.0625,15,15,GATTTTCCGTATTGAGTCTC,0,3482860
tfaE_stfE_predicted,0.0625,15,15,GATTTCCGTGTCGCAGTGAG,0,3522504
tfaE_stfE_predicted,0.0625,15,15,GATTCAAGAGGAGTTCGTAA,0,3515330
tfaE_stfE_predicted,0.0625,15,15,GATGTGATCATTATTAAAAG,0,3492379
tfaE_stfE_predicted,0.0625,15,15,GATGGTCCAATATTTGGCTA,0,3467604
tfaE_stfE_predicted,0.0625,15,15,GATGGGAGACGGCTCCGAAC,0,3520729
tfaE_stfE_predicted,0.0625,15,15,GATGGCGGTACAGCTACCGA,0,3486332
tfaE_stfE_predicted,0.0625,15,15,GATGAGCTGTGCGCAATGGT,0,3537545
tfaE_stfE_predicted,0.0625,15,15,GATAGCAATACACCTGTCCA,0,3501958
tfaE_stfE_predicted,0.0625,15,15,GATAGATAAGTCGTACTGAA,0,3524005
tfaE_stfE_predicted,0.0625,15,15,GATAGAAGGAGGCACTGCGT,0,3504601
tfaE_stfE_predicted,0.0625,15,15,GATAACATGCGTTCACATGT,0,3509120
tfaE_stfE_predicted,0.0625,15,15,GAGTGCAATGTCGTATGTAT,0,3517642
tfaE_stfE_predicted,0.0625,15,15,GAGTCCTCACCCACAACGAC,0,3510772
tfaE_stfE_predicted,0.0625,15,15,GAGGTTGGGTGCGGAGTAAG,0,3523519
tfaE_stfE_predicted,0.0625,15,15,GAGGTCTTGAATGGCAGTCT,0,3467115
tfaE_stfE_predicted,0.0625,15,15,GAGCGGAGTTTGTGTCTAGA,0,3538266
tfaE_stfE_predicted,0.0625,15,15,GAGCATCATCACCGGGAACG,0,3467418
tfaE_stfE_predicted,0.0625,15,15,GAGACAACGCAAGGGGAAGG,0,3536462
tfaE_stfE_predicted,0.0625,15,15,GACTTTTGTTTTAATTCTTG,0,3473814
tfaE_stfE_predicted,0.0625,15,15,GACGAAATTCCAGGTAAGTT,0,3468706
tfaE_stfE_predicted,0.0625,15,15,GACGAAATGTTTACAAAGAG,0,3529921
tfaE_stfE_predicted,0.0625,15,15,GACCAGTGCATGGGGCTGTG,0,3471354
tfaE_stfE_predicted,0.0625,15,15,GACAACTCTACTCGTATGAG,0,3471717
tfaE_stfE_predicted,0.0625,15,15,GACAACCAGACTACACTCGG,0,3474843
tfaE_stfE_predicted,0.0625,15,15,GAATTGAGGCTTTTGAATAA,0,3509842
tfaE_stfE_predicted,0.0625,15,15,GAATAGTTTGGCCAAAGTTA,0,3539715
tfaE_stfE_predicted,0.0625,15,15,GAAGAGGCAGGGCTATGAAA,0,3473591
tfaE_stfE_predicted,0.0625,15,15,GAAAGATTTCGAAGGATCTT,0,3505735
tfaE_stfE_predicted,0.0625,15,15,GAAACCACGACCACAGCAGG,0,3512994
tfaE_stfE_predicted,0.0625,15,15,GAAAATATCGCGCGTTACAC,0,3472790
tfaE_stfE_predicted,0.0625,15,15,CTTTGGGGCTCCATTGACAT,0,3511642
tfaE_stfE_predicted,0.0625,15,15,CTTTCTTGCTACCCTTGAAC,0,3490186
tfaE_stfE_predicted,0.0625,15,15,CTTTCTTAAACAGAGCCCGG,0,3526987
tfaE_stfE_predicted,0.0625,15,15,CTTTATGAGTCGCCATATAT,0,3489511
tfaE_stfE_predicted,0.0625,15,15,CTTGTTGCACTACAGGTTTG,0,3532427
tfaE_stfE_predicted,0.0625,15,15,CTTGACTGTCTGTCACTTTA,0,3486260
tfaE_stfE_predicted,0.0625,15,15,CTTCGTAAGGCACCACGATT,0,3485047
tfaE_stfE_predicted,0.0625,15,15,CTGTTGCTGTACTCTAGCTA,0,3510304
tfaE_stfE_predicted,0.0625,15,15,CTGTAGGACCAGTAGTATAT,0,3524398
tfaE_stfE_predicted,0.0625,15,15,CTGGAGTCAGCTGGTTTATA,0,3480200
tfaE_stfE_predicted,0.0625,15,15,CTGCGCGGGCCTGTCGGGGA,0,3539612
tfaE_stfE_predicted,0.0625,15,15,CTCTTGGCCGACTCCCATCT,0,3469995
tfaE_stfE_predicted,0.0625,15,15,CTCTATTTCATCGTTTTGAT,0,3520011
tfaE_stfE_predicted,0.0625,15,15,CTCTACCAGTAAGCACAGCG,0,3474886
tfaE_stfE_predicted,0.0625,15,15,CTCGCTTGGCTGGGTCATCG,0,3540752
tfaE_stfE_predicted,0.0625,15,15,CTCCTGGCCTACGGGTCATA,0,3498730
tfaE_stfE_predicted,0.0625,15,15,CTCCTCGCAAGGGATTAAGT,0,3490798
tfaE_stfE_predicted,0.0625,15,15,CTCCTCATCTTCGTGTGGGA,0,3537073
tfaE_stfE_predicted,0.0625,15,15,CTCCGTGATTCAGCCTTATT,0,3515830
tfaE_stfE_predicted,0.0625,15,15,CTCCGGGGTCCAAATCAGTA,0,3486735
tfaE_stfE_predicted,0.0625,15,15,CTCCGGCTGATAATAACTAA,0,3502938
tfaE_stfE_predicted,0.0625,15,15,CTCCGACGGAATCTATGATA,0,3482625
tfaE_stfE_predicted,0.0625,15,15,CTCCCACCATAGGGCGTCCA,0,3495079
tfaE_stfE_predicted,0.0625,15,15,CTCATGATCGATACGGGGGT,0,3507315
tfaE_stfE_predicted,0.0625,15,15,CTCAGGTCGCAATGCCACTG,0,3498826
tfaE_stfE_predicted,0.0625,15,15,CTCACGCGGAACGCGTGTGT,0,3510758
tfaE_stfE_predicted,0.0625,15,15,CTCACCATAATAAGAGTGCT,0,3514833
tfaE_stfE_predicted,0.0625,15,15,CTATCCTGTTAGGGCCAATG,0,3500311
tfaE_stfE_predicted,0.0625,15,15,CTATAGGCCTTGGCCACAGG,0,3506987
tfaE_stfE_predicted,0.0625,15,15,CTAGCCCGGCCATCACTTGG,0,3534778
tfaE_stfE_predicted,0.0625,15,15,CTACCGATCTATAAAGCAAT,0,3506730
tfaE_stfE_predicted,0.0625,15,15,CGTTGTCACTGCCAGAGGTG,0,3477542
tfaE_stfE_predicted,0.0625,15,15,CGTTAGTCCAAATCATCTAT,0,3538317
tfaE_stfE_predicted,0.0625,15,15,CGTTAAGCGGCGTCACAGCT,0,3518226
tfaE_stfE_predicted,0.0625,15,15,CGTGCTCAATTTATTGGGCT,0,3467086
tfaE_stfE_predicted,0.0625,15,15,CGTCTCTTTGGGCGCTTTGC,0,3476092
tfaE_stfE_predicted,0.0625,15,15,CGTATTCCCCGACGAGGGTA,0,3468885
tfaE_stfE_predicted,0.0625,15,15,CGTAATTCGTCCTGGAATAT,0,3516307
tfaE_stfE_predicted,0.0625,15,15,CGGTTCAAGGCGCCTTGATT,0,3484518
tfaE_stfE_predicted,0.0625,15,15,CGGGGAACGGGAAGGCAGTC,0,3530503
tfaE_stfE_predicted,0.0625,15,15,CGGGCGTGGCCTGCTAATTG,0,3497992
tfaE_stfE_predicted,0.0625,15,15,CGGGCGGCAGTTCTCTCATA,0,3484981
tfaE_stfE_predicted,0.0625,15,15,CGGGCACTCGAGCACATCGA,0,3536878
tfaE_stfE_predicted,0.0625,15,15,CGGGACCGGGCCAGTCTCCC,0,3499247
tfaE_stfE_predicted,0.0625,15,15,CGGCTTGTACACTCATCGTC,0,3508844
tfaE_stfE_predicted,0.0625,15,15,CGGCTCTGTCGGATTCTCGT,0,3501008
tfaE_stfE_predicted,0.0625,15,15,CGGCCAAATCCCGCATCCTG,0,3503426
tfaE_stfE_predicted,0.0625,15,15,CGGCATCTGCGTACAAGGTA,0,3518702
tfaE_stfE_predicted,0.0625,15,15,CGGATTCAGATCCGGGCTCG,0,3505495
tfaE_stfE_predicted,0.0625,15,15,CGGACGGTGCAAACCACCGA,0,3496860
tfaE_stfE_predicted,0.0625,15,15,CGGACCGCAAACCGTAAAGT,0,3512247
tfaE_stfE_predicted,0.0625,15,15,CGGAAAGTTCAAGGGTAAGG,0,3489925
tfaE_stfE_predicted,0.0625,15,15,CGCTGGTCCACGGTTTAAGA,0,3495988
tfaE_stfE_predicted,0.0625,15,15,CGCGTATGGATTTGCAGGTA,0,3518839
tfaE_stfE_predicted,0.0625,15,15,CGCGGGCAACAGGAGGATGG,0,3481014
tfaE_stfE_predicted,0.0625,15,15,CGCGAATGCCGTCTTTGTTG,0,3483514
tfaE_stfE_predicted,0.0625,15,15,CGCCTCAGATTGTCCCGTAA,0,3482679
tfaE_stfE_predicted,0.0625,15,15,CGCCACTTCTGACAAGAACA,0,3482440
tfaE_stfE_predicted,0.0625,15,15,CGCATTGACGGATGAACAGG,0,3484152
tfaE_stfE_predicted,0.0625,15,15,CGCATTCGAGCATGAGAGGT,0,3514885
tfaE_stfE_predicted,0.0625,15,15,CGCATGCTGTCTTGACCGAT,0,3482479
tfaE_stfE_predicted,0.0625,15,15,CGCAGTCCCACTGGGAAGGG,0,3525034
tfaE_stfE_predicted,0.0625,15,15,CGCAAAATGTGGGCGCTCGT,0,3523473
tfaE_stfE_predicted,0.0625,15,15,CGATGCCCCTTCTGATGCGA,0,3520489
tfaE_stfE_predicted,0.0625,15,15,CGAGGGGGCGTCGCCCTGAC,0,3511431
tfaE_stfE_predicted,0.0625,15,15,CGAGGACAAGAATTTAAAGC,0,3532781
tfaE_stfE_predicted,0.0625,15,15,CGACTTCCGTAGGAGTACGT,0,3509157
tfaE_stfE_predicted,0.0625,15,15,CCTTATCTCCAGTGTAATTT,0,3519984
tfaE_stfE_predicted,0.0625,15,15,CCTGGGCAGCGTCTCCCATT,0,3496516
tfaE_stfE_predicted,0.0625,15,15,CCTGGAAGGTCCATAGTGAT,0,3509936
tfaE_stfE_predicted,0.0625,15,15,CCTGCATGCCGGTCCAGCCC,0,3538602
tfaE_stfE_predicted,0.0625,15,15,CCTCCATTCCGAGATAAAGA,0,3529574
tfaE_stfE_predicted,0.0625,15,15,CCTAAAGGTAGCGGGATGCA,0,3537047
tfaE_stfE_predicted,0.0625,15,15,CCGTCGGTCAACGTTTTTCA,0,3495680
tfaE_stfE_predicted,0.0625,15,15,CCGGAGCCGGCACGTGAATT,0,3536297
tfaE_stfE_predicted,0.0625,15,15,CCGCTCACAGACAATAATGA,0,3532110
tfaE_stfE_predicted,0.0625,15,15,CCGCCCCAATTGGCTAGGAG,0,3512091
tfaE_stfE_predicted,0.0625,15,15,CCCTTGCGGACATAGATTGT,0,3501892
tfaE_stfE_predicted,0.0625,15,15,CCCGTAAAAGAGGTGCTTTT,0,3509362
tfaE_stfE_predicted,0.0625,15,15,CCCGGAAAGAGGCGGCAGCA,0,3496721
tfaE_stfE_predicted,0.0625,15,15,CCCGATACACCTCTAAATGT,0,3537207
tfaE_stfE_predicted,0.0625,15,15,CCCATCTAGTGATTCTTGCG,0,3515268
tfaE_stfE_predicted,0.0625,15,15,CCATCCGATAAGACCCCGGT,0,3483506
tfaE_stfE_predicted,0.0625,15,15,CCAGTAATTTTGTGAGGGAA,0,3536324
tfaE_stfE_predicted,0.0625,15,15,CCAGGTTTACCCCTGAAAGC,0,3481977
tfaE_stfE_predicted,0.0625,15,15,CCAGGGGGCGACCCCTCTCA,0,3470478
tfaE_stfE_predicted,0.0625,15,15,CCAGGAGGGCGTCCCCGAGT,0,3521491
tfaE_stfE_predicted,0.0625,15,15,CCAGCAGATCCAGAATAAAC,0,3512322
tfaE_stfE_predicted,0.0625,15,15,CCAGAAAGAGCGGCGATGAA,0,3510745
tfaE_stfE_predicted,0.0625,15,15,CCACTCAGCGTTGGCCGGTA,0,3512993
tfaE_stfE_predicted,0.0625,15,15,CCACAGGAAGATTTGCCGCC,0,3493199
tfaE_stfE_predicted,0.0625,15,15,CCACACTGGAGAACGGTATT,0,3495289
tfaE_stfE_predicted,0.0625,15,15,CCACAACCTTTCTGTACCAG,0,3492344
tfaE_stfE_predicted,0.0625,15,15,CCAATCCCCAAAAGTGGGTA,0,3493219
tfaE_stfE_predicted,0.0625,15,15,CCAAGCGCAAATACCGCAGC,0,3503863
tfaE_stfE_predicted,0.0625,15,15,CCAAAATGGCTGGTCGTGGG,0,3490289
tfaE_stfE_predicted,0.0625,15,15,CATTGGACTGGGCGTTACGG,0,3490933
tfaE_stfE_predicted,0.0625,15,15,CATCTTCGCTTTGAGGGGCT,0,3478794
tfaE_stfE_predicted,0.0625,15,15,CATCTTAGTTCCGCAAACGC,0,3529180
tfaE_stfE_predicted,0.0625,15,15,CATATTTTGACGACGCCTTA,0,3479652
tfaE_stfE_predicted,0.0625,15,15,CATAAATTCTTGACTAACTG,0,3540262
tfaE_stfE_predicted,0.0625,15,15,CAGGCCGGGTCGATATCCCT,0,3530673
tfaE_stfE_predicted,0.0625,15,15,CAGGACACTAACGTTAGGGA,0,3511206
tfaE_stfE_predicted,0.0625,15,15,CAGCATCCGGGTCGGTACGG,0,3504522
tfaE_stfE_predicted,0.0625,15,15,CAGCATCACAGTAATGCAGT,0,3487053
tfaE_stfE_predicted,0.0625,15,15,CAGAGGACTCGGGTGTAGCA,0,3524913
tfaE_stfE_predicted,0.0625,15,15,CAGACTCTGGTGTACCAACT,0,3509305
tfaE_stfE_predicted,0.0625,15,15,CACTGGAATTCTGGTGTCTA,0,3489455
tfaE_stfE_predicted,0.0625,15,15,CACTGCCATGTTTAGTGATA,0,3495695
tfaE_stfE_predicted,0.0625,15,15,CACTGAGGCGCATTAAACAT,0,3530257
tfaE_stfE_predicted,0.0625,15,15,CACGCAACAGGAGCCATAAA,0,3501745
tfaE_stfE_predicted,0.0625,15,15,CACGAGTTACGAAGTTGGGA,0,3497994
tfaE_stfE_predicted,0.0625,15,15,CACGAGTGGTGGGTCTTGAC,0,3493742
tfaE_stfE_predicted,0.0625,15,15,CACATAACATGGTCTCTTAT,0,3513649
tfaE_stfE_predicted,0.0625,15,15,CACAGTTAATGATTTAAGTG,0,3467489
tfaE_stfE_predicted,0.0625,15,15,CACAGCGCGTCTAAATTCAT,0,3479612
tfaE_stfE_predicted,0.0625,15,15,CACAGCCCCTACCGTAGGAA,0,3533561
tfaE_stfE_predicted,0.0625,15,15,CACAGAGCTCCCCTTGTTAC,0,3524386
tfaE_stfE_predicted,0.0625,15,15,CACACATGGGCAACCTTCCG,0,3473669
tfaE_stfE_predicted,0.0625,15,15,CACAAGCTGCGCAGACATGT,0,3469282
tfaE_stfE_predicted,0.0625,15,15,CAATCCGGTAGGTAACTTGC,0,3489159
tfaE_stfE_predicted,0.0625,15,15,CAAACGTGTCAGGCGGAGAC,0,3535620
tfaE_stfE_predicted,0.0625,15,15,ATTTTAGACCTGCCGTGCTG,0,3469757
tfaE_stfE_predicted,0.0625,15,15,ATTTCAGTGTAGAATTATAT,0,3485345
tfaE_stfE_predicted,0.0625,15,15,ATTGGGGTGCGCCGCCCTAA,0,3483344
tfaE_stfE_predicted,0.0625,15,15,ATTGGAAGTGTAGTAATGTT,0,3516859
tfaE_stfE_predicted,0.0625,15,15,ATTCCCTGTGGCCTGGGTCT,0,3518159
tfaE_stfE_predicted,0.0625,15,15,ATTCAGGCTGGTGTAATGAC,0,3472434
tfaE_stfE_predicted,0.0625,15,15,ATTATGCTAAGCACCTCCAC,0,3532487
tfaE_stfE_predicted,0.0625,15,15,ATTAGATGAGCTACGTTGCT,0,3517585
tfaE_stfE_predicted,0.0625,15,15,ATTACTTAGTCAAAGGAGCC,0,3528899
tfaE_stfE_predicted,0.0625,15,15,ATGGGCAAAGGGGCCGTACC,0,3500927
tfaE_stfE_predicted,0.0625,15,15,ATGGCCACATACGGCGCAAC,0,3537109
tfaE_stfE_predicted,0.0625,15,15,ATGGATCAATTCCAGCTGAT,0,3482296
tfaE_stfE_predicted,0.0625,15,15,ATGGATAGCCGGAGAGGTGC,0,3490242
tfaE_stfE_predicted,0.0625,15,15,ATGCCGGTGGTGAAAAGATA,0,3494756
tfaE_stfE_predicted,0.0625,15,15,ATGCCCAATGTTGACCAAGG,0,3514109
tfaE_stfE_predicted,0.0625,15,15,ATGCAAGTCCACTTGGTAAA,0,3505497
tfaE_stfE_predicted,0.0625,15,15,ATGCAAGGAGCATGGTTTCT,0,3491899
tfaE_stfE_predicted,0.0625,15,15,ATGACCAACCATGATATGGT,0,3507752
tfaE_stfE_predicted,0.0625,15,15,ATCGCGATTTACTGACGGTG,0,3480020
tfaE_stfE_predicted,0.0625,15,15,ATCCTGGATTAAACATATAG,0,3512574
tfaE_stfE_predicted,0.0625,15,15,ATCCTCTACCTTTCGTGGCA,0,3507395
tfaE_stfE_predicted,0.0625,15,15,ATCCTCAGGAGGAATTGATC,0,3479448
tfaE_stfE_predicted,0.0625,15,15,ATCCGACTGTAGGTCTTATC,0,3521289
tfaE_stfE_predicted,0.0625,15,15,ATCCCTGTATCTAGTGCAAA,0,3484621
tfaE_stfE_predicted,0.0625,15,15,ATCCCTCGCGTATGATTCAA,0,3489103
tfaE_stfE_predicted,0.0625,15,15,ATCATGCCAGGGGAAAACCT,0,3468745
tfaE_stfE_predicted,0.0625,15,15,ATCAGACATTTTGGCTTGGG,0,3528517
tfaE_stfE_predicted,0.0625,15,15,ATCACAGGGGGAAATGCGTT,0,3504474
tfaE_stfE_predicted,0.0625,15,15,ATATTAAGGAGACCCGCTCG,0,3470068
tfaE_stfE_predicted,0.0625,15,15,ATATGGCTGGTGGCTGTTAT,0,3537518
tfaE_stfE_predicted,0.0625,15,15,ATATGCAACGTAGAGAGCGT,0,3470524
tfaE_stfE_predicted,0.0625,15,15,ATAGGGGCCGGGCGGGCGCC,0,3529281
tfaE_stfE_predicted,0.0625,15,15,ATAGGGGCCAGCACTAGGCA,0,3484510
tfaE_stfE_predicted,0.0625,15,15,ATAGACGCCGTGCCGGTAGT,0,3494319
tfaE_stfE_predicted,0.0625,15,15,ATACTTCGTTGAGAGACAAT,0,3471833
tfaE_stfE_predicted,0.0625,15,15,ATAATACGTTACGTGTCAAC,0,3511984
tfaE_stfE_predicted,0.0625,15,15,ATAAAAGAAGCATGTACTGC,0,3495961
tfaE_stfE_predicted,0.0625,15,15,AGTTAACAGGGGGCCTTCAT,0,3496361
tfaE_stfE_predicted,0.0625,15,15,AGTGCAAGGGACACTAGACA,0,3488241
tfaE_stfE_predicted,0.0625,15,15,AGTGCAAAGTTTCGCCGTTG,0,3481516
tfaE_stfE_predicted,0.0625,15,15,AGTCTTGGGCCTTCCGCCCA,0,3511267
tfaE_stfE_predicted,0.0625,15,15,AGTCTGACTCCCAGAATTAG,0,3490128
tfaE_stfE_predicted,0.0625,15,15,AGTCTATGTATTAGGTCAGT,0,3514280
tfaE_stfE_predicted,0.0625,15,15,AGTCACTTTTGTAGGTGACG,0,3540772
tfaE_stfE_predicted,0.0625,15,15,AGTAGGCAGTTGCCCGAGCG,0,3485127
tfaE_stfE_predicted,0.0625,15,15,AGTACACCCTTTATTACGCA,0,3510164
tfaE_stfE_predicted,0.0625,15,15,AGTAAGTTACTTACTCATCG,0,3503531
tfaE_stfE_predicted,0.0625,15,15,AGGTTTGGCGGGTCGCAGAA,0,3533449
tfaE_stfE_predicted,0.0625,15,15,AGGTTTATCTCTGGGTGAAC,0,3477937
tfaE_stfE_predicted,0.0625,15,15,AGGTTATCGATGGGTCTCGG,0,3495697
tfaE_stfE_predicted,0.0625,15,15,AGGTGATCCGTCCGGCTGCA,0,3520732
tfaE_stfE_predicted,0.0625,15,15,AGGGGGGATTAGTTACGTCT,0,3472811
tfaE_stfE_predicted,0.0625,15,15,AGGGCAATTGGAATCCGTTC,0,3467802
tfaE_stfE_predicted,0.0625,15,15,AGGCCAAACGGATAGTCATA,0,3469582
tfaE_stfE_predicted,0.0625,15,15,AGGAGTCCACCGGCTTAACC,0,3503498
tfaE_stfE_predicted,0.0625,15,15,AGGACATAGTTAAGTCAACG,0,3507550
tfaE_stfE_predicted,0.0625,15,15,AGGACACGCTGAGCTAAAAC,0,3510663
tfaE_stfE_predicted,0.0625,15,15,AGGACAACATTCAGCCAGCC,0,3530290
tfaE_stfE_predicted,0.0625,15,15,AGCTGTTTGTATAGCTGCCT,0,3516386
tfaE_stfE_predicted,0.0625,15,15,AGCTAGGGCGGGATAGCTAG,0,3514982
tfaE_stfE_predicted,0.0625,15,15,AGCTAGACCACCGTTTGGCG,0,3476867
tfaE_stfE_predicted,0.0625,15,15,AGCGCTCCCTCACACTCAGA,0,3510168
tfaE_stfE_predicted,0.0625,15,15,AGCCTGTTATGAGAGGTGTT,0,3473792
tfaE_stfE_predicted,0.0625,15,15,AGCCGATACCATCCATACAC,0,3471758
tfaE_stfE_predicted,0.0625,15,15,AGCCCGATGCGTTTGCTGGT,0,3466941
tfaE_stfE_predicted,0.0625,15,15,AGCCAGAATGACTCAAAACT,0,3525299
tfaE_stfE_predicted,0.0625,15,15,AGCATCCATTGCCCAGTACT,0,3537913
tfaE_stfE_predicted,0.0625,15,15,AGCAGTGTTGCGGGACGCTC,0,3487163
tfaE_stfE_predicted,0.0625,15,15,AGCACGCCATAAACTATTGG,0,3492227
tfaE_stfE_predicted,0.0625,15,15,AGAGTACTCTGAGGGTTATG,0,3493899
tfaE_stfE_predicted,0.0625,15,15,AGAGAGTTCTGCTTTTTTCG,0,3510460
tfaE_stfE_predicted,0.0625,15,15,AGACTCGCATTTTTGTGATG,0,3485159
tfaE_stfE_predicted,0.0625,15,15,AGACGATGTTGAGAGCCAGC,0,3467742
tfaE_stfE_predicted,0.0625,15,15,AGACCCCCCCCAATACGGAC,0,3520657
tfaE_stfE_predicted,0.0625,15,15,AGAATCGTTGTAGCGCGTAA,0,3480121
tfaE_stfE_predicted,0.0625,15,15,ACTTTGTTAGAAATTGAAAT,0,3493622
tfaE_stfE_predicted,0.0625,15,15,ACTTTGGCCAGCTTATAGTA,0,3531740
tfaE_stfE_predicted,0.0625,15,15,ACTTTGCTCCTACTTCCTGA,0,3493752
tfaE_stfE_predicted,0.0625,15,15,ACTTACAGTTTAAGGAACAA,0,3482567
tfaE_stfE_predicted,0.0625,15,15,ACTTACACCAACTAAGGGAC,0,3489583
tfaE_stfE_predicted,0.0625,15,15,ACTGTGATTCAGGTAACATA,0,3529361
tfaE_stfE_predicted,0.0625,15,15,ACTCTGACTTCCTGTGGCAG,0,3535086
tfaE_stfE_predicted,0.0625,15,15,ACTCGGTGAGCATTACCAAG,0,3488173
tfaE_stfE_predicted,0.0625,15,15,ACGTGTAATCATGTCGTTGT,0,3476622
tfaE_stfE_predicted,0.0625,15,15,ACGTCTCGTCGCCCTTGAGA,0,3534691
tfaE_stfE_predicted,0.0625,15,15,ACGTAGCGTGAGAACCAAGG,0,3482664
tfaE_stfE_predicted,0.0625,15,15,ACGGGAAGTAGGCCGCTGAT,0,3487693
tfaE_stfE_predicted,0.0625,15,15,ACGGCGCCAGCATTGTGCGA,0,3480607
tfaE_stfE_predicted,0.0625,15,15,ACGCTTCGGATCGGTCGTCA,0,3531726
tfaE_stfE_predicted,0.0625,15,15,ACGCGCTTCGCTCAGAGCGA,0,3470772
tfaE_stfE_predicted,0.0625,15,15,ACGCCTCGCTGACATGTGGT,0,3526500
tfaE_stfE_predicted,0.0625,15,15,ACCGGTTTACATTGCGCGAG,0,3521949
tfaE_stfE_predicted,0.0625,15,15,ACCGCAGTATGAAAAGGGGT,0,3493550
tfaE_stfE_predicted,0.0625,15,15,ACCGAATCCACTAAATTAGT,0,3516312
tfaE_stfE_predicted,0.0625,15,15,ACCCTTCGCTGCAAACCCTT,0,3477463
tfaE_stfE_predicted,0.0625,15,15,ACCCGTTGTCAGTGGCCGAG,0,3488810
tfaE_stfE_predicted,0.0625,15,15,ACCCGCCCATGGGGAGAGCT,0,3484579
tfaE_stfE_predicted,0.0625,15,15,ACCATCTAAGTATTCATATT,0,3469717
tfaE_stfE_predicted,0.0625,15,15,ACCAAGTGGTTGTGATCAAG,0,3531450
tfaE_stfE_predicted,0.0625,15,15,ACATTAGGCAGGGTCGGCCG,0,3535398
tfaE_stfE_predicted,0.0625,15,15,ACATGACTCACTGGGGATCA,0,3515855
tfaE_stfE_predicted,0.0625,15,15,ACATATTCTCCCATTTCTTC,0,3473318
tfaE_stfE_predicted,0.0625,15,15,ACAGTATATTGTGCGGGAGA,0,3475128
tfaE_stfE_predicted,0.0625,15,15,ACAGGGTGCCGGAACCCCAG,0,3506711
tfaE_stfE_predicted,0.0625,15,15,ACAGGGCAGAGGGCATGCGT,0,3526600
tfaE_stfE_predicted,0.0625,15,15,ACACGACCGGGTGAACAGTC,0,3486732
tfaE_stfE_predicted,0.0625,15,15,ACACATGTAGAATAGGATAT,0,3534934
tfaE_stfE_predicted,0.0625,15,15,ACAACGTAATCGGATGTCGG,0,3528406
tfaE_stfE_predicted,0.0625,15,15,AATTGCCTCCTTGGGTACGT,0,3505295
tfaE_stfE_predicted,0.0625,15,15,AATGGCTGAAAGTCCAGGTC,0,3520834
tfaE_stfE_predicted,0.0625,15,15,AATGCGAGAAATACCCCCTG,0,3505645
tfaE_stfE_predicted,0.0625,15,15,AATACCGATGTTCTAAGTGT,0,3527717
tfaE_stfE_predicted,0.0625,15,15,AATAAAGCGAGGTCACCCCG,0,3522873
tfaE_stfE_predicted,0.0625,15,15,AAGTTTTATGTAAATTCACT,0,3516262
tfaE_stfE_predicted,0.0625,15,15,AAGTTGCAAAACCTATATGA,0,3496347
tfaE_stfE_predicted,0.0625,15,15,AAGTCTACCGGAGCCAAATT,0,3481518
tfaE_stfE_predicted,0.0625,15,15,AAGTAGCTACTGCAAACACT,0,3508017
tfaE_stfE_predicted,0.0625,15,15,AAGGGTGAAATCACGAATTT,0,3477717
tfaE_stfE_predicted,0.0625,15,15,AAGGCCAATCCGCGTTTATA,0,3533147
tfaE_stfE_predicted,0.0625,15,15,AAGCACGGAAGTAATGGGGT,0,3504187
tfaE_stfE_predicted,0.0625,15,15,AAGATTATTCAAGTACTTAA,0,3525460
tfaE_stfE_predicted,0.0625,15,15,AAGAGTTGAAAGGGACGAAG,0,3530545
tfaE_stfE_predicted,0.0625,15,15,AAGAGTTCTCCAGATCTTTC,0,3512670
tfaE_stfE_predicted,0.0625,15,15,AACTACACTGTAAGGATTTG,0,3498647
tfaE_stfE_predicted,0.0625,15,15,AACGTAAGTGCGTCGGGGCG,0,3511138
tfaE_stfE_predicted,0.0625,15,15,AACGGACGAATGGTTCGACG,0,3508305
tfaE_stfE_predicted,0.0625,15,15,AACGCGTTTAGTGTGCGGTG,0,3487097
tfaE_stfE_predicted,0.0625,15,15,AACGATACGGGCTGCAAGTG,0,3484158
tfaE_stfE_predicted,0.0625,15,15,AACCGAGCGCTACTTGCAGA,0,3501764
tfaE_stfE_predicted,0.0625,15,15,AACATTTCCTGTCATACTCA,0,3487346
tfaE_stfE_predicted,0.0625,15,15,AACAGTATGGGTGTGCGGTG,0,3471802
tfaE_stfE_predicted,0.0625,15,15,AACAGCCAAAATGAAATGTC,0,3508233
tfaE_stfE_predicted,0.0625,15,15,AAATAGGAGTTTACTCTCCG,0,3507761
tfaE_stfE_predicted,0.0625,15,15,AAAAGACATGGAACAATAGC,0,3524334
tfaE_stfE_predicted,0.0625,15,15,AAAAATTCTCAGGTCCTTGA,0,3530309
tfaE_stfE_predicted,0.06666666666666667,14,14,TTTTGCCTTGAACCTAACTC,0,3534406
tfaE_stfE_predicted,0.06666666666666667,14,14,TTTGTCGCCGCCACGACTCT,0,3512736
tfaE_stfE_predicted,0.06666666666666667,14,14,TTTGGAAAACGTTCTATCCG,0,3533402
tfaE_stfE_predicted,0.06666666666666667,14,14,TTTGCTATATGAAGCTGACC,0,3537838
tfaE_stfE_predicted,0.06666666666666667,14,14,TTTGAATCCGCACGTTCTTG,0,3540496
tfaE_stfE_predicted,0.06666666666666667,14,14,TTTCTGCGGGTTGCAGATAA,0,3524590
tfaE_stfE_predicted,0.06666666666666667,14,14,TTTCTGATAGCGATTACTCT,0,3473568
tfaE_stfE_predicted,0.06666666666666667,14,14,TTTCGCTTCAAAGTATGGGA,0,3526734
tfaE_stfE_predicted,0.06666666666666667,14,14,TTTATTTCAAGCGGTACTTG,0,3467880
tfaE_stfE_predicted,0.06666666666666667,14,14,TTTATATCGGGAGATTATTG,0,3480008
tfaE_stfE_predicted,0.06666666666666667,14,14,TTGTTCCAAATAAAGCGCCC,0,3485287
tfaE_stfE_predicted,0.06666666666666667,14,14,TTGTGTATGGTGGGTTCCTG,0,3509218
tfaE_stfE_predicted,0.06666666666666667,14,14,TTGGTGTACGGCTCCTCGTT,0,3466902
tfaE_stfE_predicted,0.06666666666666667,14,14,TTGGTCAAGCAATACACACA,0,3521436
tfaE_stfE_predicted,0.06666666666666667,14,14,TTGGGTTTAAATAGTAGTGT,0,3491314
tfaE_stfE_predicted,0.06666666666666667,14,14,TTGGGTCGGAATGTGAGGTG,0,3478138
tfaE_stfE_predicted,0.06666666666666667,14,14,TTGGATCACTCCCGACGACT,0,3471800
tfaE_stfE_predicted,0.06666666666666667,14,14,TTGCTTTGACTTAAGTATGT,0,3511734
tfaE_stfE_predicted,0.06666666666666667,14,14,TTGCTGCAACTGTAGTGCCA,0,3485830
tfaE_stfE_predicted,0.06666666666666667,14,14,TTGCGTTGGACTAGGAATCG,0,3504397
tfaE_stfE_predicted,0.06666666666666667,14,14,TTGAGCAATCCTATCGTGTG,0,3510997
tfaE_stfE_predicted,0.06666666666666667,14,14,TTGACATGAAGAACGCAAGC,0,3515265
tfaE_stfE_predicted,0.06666666666666667,14,14,TTCGTCCCCCGCGTTAGACA,0,3531568
tfaE_stfE_predicted,0.06666666666666667,14,14,TTCGGTTCCACAGCAGGATG,0,3484907
tfaE_stfE_predicted,0.06666666666666667,14,14,TTCGCGGAAGGACCACTGAA,0,3500541
tfaE_stfE_predicted,0.06666666666666667,14,14,TTCGCACGCATATCACGCTG,0,3490879
tfaE_stfE_predicted,0.06666666666666667,14,14,TTCGAAGGATTTTTGGCTTC,0,3521935
tfaE_stfE_predicted,0.06666666666666667,14,14,TTCGAACGTTGGTGCATCCA,0,3497979
tfaE_stfE_predicted,0.06666666666666667,14,14,TTCCGGGCTATCGGTGGGTT,0,3538297
tfaE_stfE_predicted,0.06666666666666667,14,14,TTCCGCTGGAAATACACTAA,0,3485702
tfaE_stfE_predicted,0.06666666666666667,14,14,TTCAGCTACCCCTTCTAGCC,0,3502554
tfaE_stfE_predicted,0.06666666666666667,14,14,TTCAGATCGACGGCGCACCA,0,3502605
tfaE_stfE_predicted,0.06666666666666667,14,14,TTCACTGGGGGCTAAACACC,0,3538811
tfaE_stfE_predicted,0.06666666666666667,14,14,TTAGTTTAGTCTGAAGTCAT,0,3487165
tfaE_stfE_predicted,0.06666666666666667,14,14,TTAGTGTGTCGATCTTAAGA,0,3534603
tfaE_stfE_predicted,0.06666666666666667,14,14,TTAGGAACATTGAACCTCGG,0,3521888
tfaE_stfE_predicted,0.06666666666666667,14,14,TTACTTATGACCCTGGTATG,0,3496245
tfaE_stfE_predicted,0.06666666666666667,14,14,TTAATACGGGGCGCTCAGAG,0,3492704
tfaE_stfE_predicted,0.06666666666666667,14,14,TTAAGAGTACAGACCTGATA,0,3530638
tfaE_stfE_predicted,0.06666666666666667,14,14,TGTTTCTCTCTTTGCGTAGT,0,3470080
tfaE_stfE_predicted,0.06666666666666667,14,14,TGTTAGGGCTGGTCTTAAAA,0,3531687
tfaE_stfE_predicted,0.06666666666666667,14,14,TGTTACAGATATGTTCAGAG,0,3502692
tfaE_stfE_predicted,0.06666666666666667,14,14,TGTGTTTAATAGGGAAAGGG,0,3489516
tfaE_stfE_predicted,0.06666666666666667,14,14,TGTAGGTTCGCGCGTATTTA,0,3514266
tfaE_stfE_predicted,0.06666666666666667,14,14,TGTAGGGCACCCATGGAGTT,0,3518891
tfaE_stfE_predicted,0.06666666666666667,14,14,TGGTGTAATTATGTGCAATA,0,3525907
tfaE_stfE_predicted,0.06666666666666667,14,14,TGGTGAAACGTCATGGTCCA,0,3478457
tfaE_stfE_predicted,0.06666666666666667,14,14,TGGGGTTCTTAAAGCAACTA,0,3494523
tfaE_stfE_predicted,0.06666666666666667,14,14,TGGGGGCTTGTATCGGGTAA,0,3471771
tfaE_stfE_predicted,0.06666666666666667,14,14,TGGGCTTACAGGAGGCCAAC,0,3491814
tfaE_stfE_predicted,0.06666666666666667,14,14,TGGCTTCCTTGCCCTGGGAG,0,3501927
tfaE_stfE_predicted,0.06666666666666667,14,14,TGGCTCAATATGCTCTTAGA,0,3539106
tfaE_stfE_predicted,0.06666666666666667,14,14,TGGCCTCTAACACACAGCAA,0,3473324
tfaE_stfE_predicted,0.06666666666666667,14,14,TGGACGACATGATGAGAATT,0,3513823
tfaE_stfE_predicted,0.06666666666666667,14,14,TGCGCGGAGTCGTGAGCGGG,0,3516002
tfaE_stfE_predicted,0.06666666666666667,14,14,TGCGAAGTTCTCGATAGAAT,0,3504321
tfaE_stfE_predicted,0.06666666666666667,14,14,TGCCTGACGGTTCACAATTA,0,3524289
tfaE_stfE_predicted,0.06666666666666667,14,14,TGCCGCTTGCCCCCAGCCAA,0,3481797
tfaE_stfE_predicted,0.06666666666666667,14,14,TGCATAGAAAAAGTCAGTGT,0,3505801
tfaE_stfE_predicted,0.06666666666666667,14,14,TGCAGGATCTCGCGGAGGGT,0,3469753
tfaE_stfE_predicted,0.06666666666666667,14,14,TGATTCGACGGCTCTTTCTT,0,3491655
tfaE_stfE_predicted,0.06666666666666667,14,14,TGAGTCCTCTCAGGCTCAGA,0,3495818
tfaE_stfE_predicted,0.06666666666666667,14,14,TGAGGCGGATTTCGTAACGG,0,3497899
tfaE_stfE_predicted,0.06666666666666667,14,14,TGAGCGTTTCTCCTAGGGGG,0,3498660
tfaE_stfE_predicted,0.06666666666666667,14,14,TGACGTCCGGGCCTGACCTC,0,3523793
tfaE_stfE_predicted,0.06666666666666667,14,14,TGACCGGGATTATGGACAAC,0,3529126
tfaE_stfE_predicted,0.06666666666666667,14,14,TGAATGCGGTCGCGCGAAAG,0,3470875
tfaE_stfE_predicted,0.06666666666666667,14,14,TGAATCTATCCCCCTTGTCA,0,3532919
tfaE_stfE_predicted,0.06666666666666667,14,14,TCTTTCGCGGTTAGTTGTTA,0,3515169
tfaE_stfE_predicted,0.06666666666666667,14,14,TCTTACGAGCGGGTATGCGG,0,3499553
tfaE_stfE_predicted,0.06666666666666667,14,14,TCTGTAAACTGTACGCCAAA,0,3506144
tfaE_stfE_predicted,0.06666666666666667,14,14,TCTGATGCATATCAGGTCCG,0,3479131
tfaE_stfE_predicted,0.06666666666666667,14,14,TCTCCATATTGGATTCCCAT,0,3529114
tfaE_stfE_predicted,0.06666666666666667,14,14,TCTAGGAGCCAGCGGATCGT,0,3512795
tfaE_stfE_predicted,0.06666666666666667,14,14,TCTACGGCACCTTCGCTAAC,0,3477134
tfaE_stfE_predicted,0.06666666666666667,14,14,TCGTTTTCGCTGAGGGCGGG,0,3485108
tfaE_stfE_predicted,0.06666666666666667,14,14,TCGTGCTCTGAGGCCAGGAA,0,3532784
tfaE_stfE_predicted,0.06666666666666667,14,14,TCGTCCCGGTCTGCTCAGTG,0,3473585
tfaE_stfE_predicted,0.06666666666666667,14,14,TCGTATCGGCTTGTCGCACT,0,3484796
tfaE_stfE_predicted,0.06666666666666667,14,14,TCGCCATCTATGTAGCTTTA,0,3533187
tfaE_stfE_predicted,0.06666666666666667,14,14,TCGCAAGTTTGGTATACCTT,0,3502361
tfaE_stfE_predicted,0.06666666666666667,14,14,TCCTGAAACATGCCAGGATA,0,3510532
tfaE_stfE_predicted,0.06666666666666667,14,14,TCCTCGTGGGAGAAGGCTGC,0,3519982
tfaE_stfE_predicted,0.06666666666666667,14,14,TCCGTGCTCATCTTGGTCTT,0,3492093
tfaE_stfE_predicted,0.06666666666666667,14,14,TCCGCCGTCGTTTGGGCTGA,0,3495011
tfaE_stfE_predicted,0.06666666666666667,14,14,TCCGATCCCGTTAGTAAGCA,0,3493966
tfaE_stfE_predicted,0.06666666666666667,14,14,TCCGACAATATCGGCTACGT,0,3531012
tfaE_stfE_predicted,0.06666666666666667,14,14,TCCCTTCTGTGTCGGTAAAG,0,3489645
tfaE_stfE_predicted,0.06666666666666667,14,14,TCCATTACAGTTATTAGAGG,0,3483637
tfaE_stfE_predicted,0.06666666666666667,14,14,TCCAGGGATTGTATAAGAAG,0,3503630
tfaE_stfE_predicted,0.06666666666666667,14,14,TCAGGAGAGGACGCTGGGAA,0,3493534
tfaE_stfE_predicted,0.06666666666666667,14,14,TCAGAAGACACCTGGGGGTA,0,3499984
tfaE_stfE_predicted,0.06666666666666667,14,14,TCACGCTGAACTAAATCTGA,0,3533407
tfaE_stfE_predicted,0.06666666666666667,14,14,TCACCTGAAGCGACTACAAG,0,3517886
tfaE_stfE_predicted,0.06666666666666667,14,14,TCAAACGAATAACGATTTCT,0,3486429
tfaE_stfE_predicted,0.06666666666666667,14,14,TATTGTTATAGAACTTGCCT,0,3517425
tfaE_stfE_predicted,0.06666666666666667,14,14,TATGCCCCCCACGGGCAGAA,0,3479471
tfaE_stfE_predicted,0.06666666666666667,14,14,TATCCGGCTGCCGTAGGGTT,0,3487509
tfaE_stfE_predicted,0.06666666666666667,14,14,TATCAATGGGAACCTAGTCT,0,3506228
tfaE_stfE_predicted,0.06666666666666667,14,14,TATACATACAAGGCAAGTGA,0,3523367
tfaE_stfE_predicted,0.06666666666666667,14,14,TAGTCCCTTTGCTACTTCGT,0,3504396
tfaE_stfE_predicted,0.06666666666666667,14,14,TAGGTTGCACTCCACTCTGG,0,3507938
tfaE_stfE_predicted,0.06666666666666667,14,14,TAGGACACTCAGTTCGACAA,0,3489807
tfaE_stfE_predicted,0.06666666666666667,14,14,TAGCTAGTGAATCCGGTTAC,0,3467483
tfaE_stfE_predicted,0.06666666666666667,14,14,TAGCACAATTACAGTGGAGA,0,3528543
tfaE_stfE_predicted,0.06666666666666667,14,14,TAGAGGTCCACACCGGTCTA,0,3504469
tfaE_stfE_predicted,0.06666666666666667,14,14,TAGAGCCGGTTGAAGCGTTT,0,3522451
tfaE_stfE_predicted,0.06666666666666667,14,14,TAGAAACCGAGTCCACGAGC,0,3500605
tfaE_stfE_predicted,0.06666666666666667,14,14,TAGAAAAGTAGCCGGTTGTA,0,3523873
tfaE_stfE_predicted,0.06666666666666667,14,14,TACTGTGGTCCAGAACGCAT,0,3482222
tfaE_stfE_predicted,0.06666666666666667,14,14,TACTGCACGACGAGGAGCTA,0,3528743
tfaE_stfE_predicted,0.06666666666666667,14,14,TACTAGCGGGCTGCCCATAA,0,3472228
tfaE_stfE_predicted,0.06666666666666667,14,14,TACGAGGATGAACGTAGACG,0,3491489
tfaE_stfE_predicted,0.06666666666666667,14,14,TACATAAAGAATCCGCAACC,0,3517166
tfaE_stfE_predicted,0.06666666666666667,14,14,TAATCCGCGGGCCGGGTAAG,0,3525511
tfaE_stfE_predicted,0.06666666666666667,14,14,TAATCAGTCCTACGGTCTTT,0,3536963
tfaE_stfE_predicted,0.06666666666666667,14,14,TAAGGGGAGGACAGGCAGCT,0,3537536
tfaE_stfE_predicted,0.06666666666666667,14,14,TAAACCAGCTATTCAGACGA,0,3479717
tfaE_stfE_predicted,0.06666666666666667,14,14,TAAAAATATGCTGTCGTCTG,0,3508446
tfaE_stfE_predicted,0.06666666666666667,14,14,GTTTTAAGAGAAATCTGATA,0,3527047
tfaE_stfE_predicted,0.06666666666666667,14,14,GTTTAAGGAGGGTCGGTACC,0,3517102
tfaE_stfE_predicted,0.06666666666666667,14,14,GTTGTCTTATTAAAATACCC,0,3474642
tfaE_stfE_predicted,0.06666666666666667,14,14,GTTGAGAAAGCCTAGCTTCG,0,3528273
tfaE_stfE_predicted,0.06666666666666667,14,14,GTTCTGCGGCCTATATTAGT,0,3514295
tfaE_stfE_predicted,0.06666666666666667,14,14,GTTCCGTGCACACATCATCA,0,3474465
tfaE_stfE_predicted,0.06666666666666667,14,14,GTTAGTAATCACCATTACCA,0,3501759
tfaE_stfE_predicted,0.06666666666666667,14,14,GTTAACCACCATTCAAACGA,0,3487306
tfaE_stfE_predicted,0.06666666666666667,14,14,GTGTTAGCATCTCTCTGTAG,0,3531387
tfaE_stfE_predicted,0.06666666666666667,14,14,GTGGAACGCGTCTTGTCCTC,0,3473871
tfaE_stfE_predicted,0.06666666666666667,14,14,GTGCCTTGTTGCCTTCACCC,0,3483886
tfaE_stfE_predicted,0.06666666666666667,14,14,GTCTTCGATGCATTCTGTAT,0,3469019
tfaE_stfE_predicted,0.06666666666666667,14,14,GTCTGGAATGGTGATAATTG,0,3516407
tfaE_stfE_predicted,0.06666666666666667,14,14,GTCTCCTTCGGCTAGGATAC,0,3530536
tfaE_stfE_predicted,0.06666666666666667,14,14,GTCTCAAGGCGTGTGCGTCA,0,3530743
tfaE_stfE_predicted,0.06666666666666667,14,14,GTCTATGGTGTCTGAGCAAA,0,3503732
tfaE_stfE_predicted,0.06666666666666667,14,14,GTCGCGTGCTGTGCGATTTG,0,3506129
tfaE_stfE_predicted,0.06666666666666667,14,14,GTCCTCACGTAAGCGTTTAC,0,3510685
tfaE_stfE_predicted,0.06666666666666667,14,14,GTCCGTTGGTTTGCCAGGAT,0,3512749
tfaE_stfE_predicted,0.06666666666666667,14,14,GTCCCTGTAGCTCGGAAGAT,0,3482929
tfaE_stfE_predicted,0.06666666666666667,14,14,GTCCCGCGTGCCGCAGATTG,0,3538059
tfaE_stfE_predicted,0.06666666666666667,14,14,GTCATCTAACCGCTGTGGTT,0,3466810
tfaE_stfE_predicted,0.06666666666666667,14,14,GTCACCGATTTATAGTAGTT,0,3482404
tfaE_stfE_predicted,0.06666666666666667,14,14,GTCAATAGCGCTCTTGATTA,0,3518503
tfaE_stfE_predicted,0.06666666666666667,14,14,GTATTGCAGGGGTAAACGAA,0,3536300
tfaE_stfE_predicted,0.06666666666666667,14,14,GTATGCTCGCGGGAATATAC,0,3513321
tfaE_stfE_predicted,0.06666666666666667,14,14,GTATGATCCAGTTCGTCTTT,0,3496546
tfaE_stfE_predicted,0.06666666666666667,14,14,GTATAGCACTCTGTACAAAC,0,3482909
tfaE_stfE_predicted,0.06666666666666667,14,14,GTAGCTACTCTAACGATGGA,0,3523475
tfaE_stfE_predicted,0.06666666666666667,14,14,GTACTTCGATAATCCACTGT,0,3514216
tfaE_stfE_predicted,0.06666666666666667,14,14,GTACGGCTACGGACGATTCC,0,3473662
tfaE_stfE_predicted,0.06666666666666667,14,14,GTAAGTCAGAAATTCCTTCA,0,3494127
tfaE_stfE_predicted,0.06666666666666667,14,14,GGTGTGCCGTGTCCGCTCTT,0,3507467
tfaE_stfE_predicted,0.06666666666666667,14,14,GGTCTACGGTTTGGTGGCGA,0,3533848
tfaE_stfE_predicted,0.06666666666666667,14,14,GGTCGCCGCACGATGCTGCG,0,3517153
tfaE_stfE_predicted,0.06666666666666667,14,14,GGTCCTTTAGTTAAAGGTGC,0,3496456
tfaE_stfE_predicted,0.06666666666666667,14,14,GGTCAGCCGGAGCCTGGTCG,0,3524608
tfaE_stfE_predicted,0.06666666666666667,14,14,GGTATTTAAGTGAATGGCCT,0,3469403
tfaE_stfE_predicted,0.06666666666666667,14,14,GGTATAGCACCGGGCGCTCC,0,3518909
tfaE_stfE_predicted,0.06666666666666667,14,14,GGTACGTTATCATAGGCAGC,0,3504471
tfaE_stfE_predicted,0.06666666666666667,14,14,GGGTGTTATCTATCGAGAAT,0,3539042
tfaE_stfE_predicted,0.06666666666666667,14,14,GGGTCACCTGCCGCCCCTGG,0,3482943
tfaE_stfE_predicted,0.06666666666666667,14,14,GGGTATCCTTCGCTGGGTAT,0,3488296
tfaE_stfE_predicted,0.06666666666666667,14,14,GGGTAAAGGCTGTTAATTAT,0,3536275
tfaE_stfE_predicted,0.06666666666666667,14,14,GGGGTTCAATGCGGCGCTGT,0,3477536
tfaE_stfE_predicted,0.06666666666666667,14,14,GGGGCTTAACGGTAGCGGCA,0,3479425
tfaE_stfE_predicted,0.06666666666666667,14,14,GGGCCTGACGGGGTGGTGCT,0,3526868
tfaE_stfE_predicted,0.06666666666666667,14,14,GGGATTCACATGCTGACCAC,0,3507652
tfaE_stfE_predicted,0.06666666666666667,14,14,GGGAGTCCTGCACGGACGAG,0,3514042
tfaE_stfE_predicted,0.06666666666666667,14,14,GGGACTCGTCAGCCGCGGAA,0,3532669
tfaE_stfE_predicted,0.06666666666666667,14,14,GGGACATTCATTCATAGGCA,0,3487045
tfaE_stfE_predicted,0.06666666666666667,14,14,GGGACACTGGTTCAGCTCAT,0,3480282
tfaE_stfE_predicted,0.06666666666666667,14,14,GGCTGATTAATCCGGTCGTG,0,3495074
tfaE_stfE_predicted,0.06666666666666667,14,14,GGCGGACCCAGCTTCGTTTA,0,3491933
tfaE_stfE_predicted,0.06666666666666667,14,14,GGCGCCTGTGAGGATACTGA,0,3515507
tfaE_stfE_predicted,0.06666666666666667,14,14,GGCGCAACTATTTTCCCATC,0,3483264
tfaE_stfE_predicted,0.06666666666666667,14,14,GGCCGACCCGATATTATGGC,0,3537501
tfaE_stfE_predicted,0.06666666666666667,14,14,GGCCACGGGATAATATAAAA,0,3486960
tfaE_stfE_predicted,0.06666666666666667,14,14,GGCACTCGCGCCAGTGTGAT,0,3512542
tfaE_stfE_predicted,0.06666666666666667,14,14,GGATTGTTCTTGAGCCTAAG,0,3470232
tfaE_stfE_predicted,0.06666666666666667,14,14,GGATTGCTCCCGGGGGGTGG,0,3493487
tfaE_stfE_predicted,0.06666666666666667,14,14,GGATGTAGACGATCCCCCAG,0,3502400
tfaE_stfE_predicted,0.06666666666666667,14,14,GGATCATTTTGTCCCTGAGT,0,3467606
tfaE_stfE_predicted,0.06666666666666667,14,14,GGAGGGGAAGATCCCACATA,0,3537587
tfaE_stfE_predicted,0.06666666666666667,14,14,GGACCTCACACAGTCTACTT,0,3527286
tfaE_stfE_predicted,0.06666666666666667,14,14,GGACCGACGCTGCCGGGTAC,0,3516187
tfaE_stfE_predicted,0.06666666666666667,14,14,GGACCCTACATGCTCAGTAA,0,3536309
tfaE_stfE_predicted,0.06666666666666667,14,14,GGAAGAGGGGCTCATTATTA,0,3516978
tfaE_stfE_predicted,0.06666666666666667,14,14,GGAACCGTTTCTTTGTGCGG,0,3520455
tfaE_stfE_predicted,0.06666666666666667,14,14,GGAACCCAATCGGAGTATAC,0,3539735
tfaE_stfE_predicted,0.06666666666666667,14,14,GGAAACTGAATGTGCCTGTC,0,3514100
tfaE_stfE_predicted,0.06666666666666667,14,14,GCTTGTGATACCGCAAGTTC,0,3522427
tfaE_stfE_predicted,0.06666666666666667,14,14,GCTGTGTACTGAGGTTAGAT,0,3469117
tfaE_stfE_predicted,0.06666666666666667,14,14,GCTGTAACACTCTGGGGACC,0,3468174
tfaE_stfE_predicted,0.06666666666666667,14,14,GCTCATCTACTTCGGGCTAG,0,3522319
tfaE_stfE_predicted,0.06666666666666667,14,14,GCTCAAGGAGATGTTGACCT,0,3490473
tfaE_stfE_predicted,0.06666666666666667,14,14,GCGTCGCTACGAGGTGCATC,0,3488995
tfaE_stfE_predicted,0.06666666666666667,14,14,GCGTAAGGAACGGGAGGTCA,0,3499637
tfaE_stfE_predicted,0.06666666666666667,14,14,GCGGCGTCGGTTCGAAAATT,0,3527429
tfaE_stfE_predicted,0.06666666666666667,14,14,GCGGCGCGATCAACCATGTT,0,3509380
tfaE_stfE_predicted,0.06666666666666667,14,14,GCGCGGCTTACATATTGTCC,0,3489827
tfaE_stfE_predicted,0.06666666666666667,14,14,GCGCGCATGGGGTATTTAGT,0,3512153
tfaE_stfE_predicted,0.06666666666666667,14,14,GCGCCTTCATTTTTAGGACG,0,3471156
tfaE_stfE_predicted,0.06666666666666667,14,14,GCGCCATTTACTTCAGCAAT,0,3507394
tfaE_stfE_predicted,0.06666666666666667,14,14,GCGCATTATGGTGAACGTTG,0,3481183
tfaE_stfE_predicted,0.06666666666666667,14,14,GCCGGGACTGTAAAACGTCC,0,3466508
tfaE_stfE_predicted,0.06666666666666667,14,14,GCCGGCGGTAATGAGACGAA,0,3540021
tfaE_stfE_predicted,0.06666666666666667,14,14,GCCGGATAATCCTCCCAGGC,0,3525242
tfaE_stfE_predicted,0.06666666666666667,14,14,GCCGCGCGTCGAAATACCTT,0,3486329
tfaE_stfE_predicted,0.06666666666666667,14,14,GCCGCGATATAGATCAGGAA,0,3540717
tfaE_stfE_predicted,0.06666666666666667,14,14,GCCCAGCTTGCGAGCCTAAG,0,3524000
tfaE_stfE_predicted,0.06666666666666667,14,14,GCCAGGTACATCATTTGATC,0,3471813
tfaE_stfE_predicted,0.06666666666666667,14,14,GCCAGCAGATCTTTCACTAT,0,3472889
tfaE_stfE_predicted,0.06666666666666667,14,14,GCAGTTGGCATGTAAGTCTC,0,3501825
tfaE_stfE_predicted,0.06666666666666667,14,14,GCAGGTTAATTAATACCTTT,0,3539477
tfaE_stfE_predicted,0.06666666666666667,14,14,GCACTCGGCAAAATACCGAT,0,3493344
tfaE_stfE_predicted,0.06666666666666667,14,14,GCACGCCCGAGATATCGTAG,0,3528782
tfaE_stfE_predicted,0.06666666666666667,14,14,GCACCAGTATCCCACGCATT,0,3541192
tfaE_stfE_predicted,0.06666666666666667,14,14,GCAATGTGTGCACAAAGAGC,0,3503707
tfaE_stfE_predicted,0.06666666666666667,14,14,GCAATCCAGCTTTACCGTAG,0,3500598
tfaE_stfE_predicted,0.06666666666666667,14,14,GCAACCAAACTTCGTAGGCT,0,3496743
tfaE_stfE_predicted,0.06666666666666667,14,14,GATTGCCAAGCATACAGACA,0,3505172
tfaE_stfE_predicted,0.06666666666666667,14,14,GATTGATTGTACGAGTATTA,0,3522355
tfaE_stfE_predicted,0.06666666666666667,14,14,GATTCGTTCGTTCAGTCCGT,0,3501682
tfaE_stfE_predicted,0.06666666666666667,14,14,GATGTTCCTGGATAAACGGT,0,3483122
tfaE_stfE_predicted,0.06666666666666667,14,14,GATGAGTAGCCGTGTCTTAG,0,3491602
tfaE_stfE_predicted,0.06666666666666667,14,14,GATACGTGAGACATATTGGT,0,3496458
tfaE_stfE_predicted,0.06666666666666667,14,14,GATAACTAGCAACTCCGTAT,0,3528809
tfaE_stfE_predicted,0.06666666666666667,14,14,GAGTTTGGTTCCGGTGTTGC,0,3512395
tfaE_stfE_predicted,0.06666666666666667,14,14,GAGGCGTTACGAACATATAC,0,3532188
tfaE_stfE_predicted,0.06666666666666667,14,14,GAGGATGATCATAGCGTAGT,0,3533512
tfaE_stfE_predicted,0.06666666666666667,14,14,GAGACCTAACTGTTGGTCAC,0,3535538
tfaE_stfE_predicted,0.06666666666666667,14,14,GACGGGTACCTTCGCTTTAG,0,3507005
tfaE_stfE_predicted,0.06666666666666667,14,14,GACCTTGATCCGTGTGTGCC,0,3529041
tfaE_stfE_predicted,0.06666666666666667,14,14,GACCCCCGCTAATTGAAGCA,0,3497079
tfaE_stfE_predicted,0.06666666666666667,14,14,GACAGATTGGAATAAAATAA,0,3480515
tfaE_stfE_predicted,0.06666666666666667,14,14,GACACAGAGAACCGATAACC,0,3478283
tfaE_stfE_predicted,0.06666666666666667,14,14,GAATGTGACTTTACTTCTGT,0,3499619
tfaE_stfE_predicted,0.06666666666666667,14,14,GAATCCCCCGGTCTGCGTTC,0,3507919
tfaE_stfE_predicted,0.06666666666666667,14,14,GAATACGAAAACCTCCGAGT,0,3533211
tfaE_stfE_predicted,0.06666666666666667,14,14,GAAGCGGTTCCCGGACAATC,0,3475316
tfaE_stfE_predicted,0.06666666666666667,14,14,GAAGAACATGCGGACAAATA,0,3537930
tfaE_stfE_predicted,0.06666666666666667,14,14,GAAACTAATTATAGACTCGG,0,3504015
tfaE_stfE_predicted,0.06666666666666667,14,14,GAAACGAAACTTTGCCTGAC,0,3509837
tfaE_stfE_predicted,0.06666666666666667,14,14,GAAAACAACGAAAACGGCGC,0,3478696
tfaE_stfE_predicted,0.06666666666666667,14,14,CTTTGCGGTCTAGCGGAACA,0,3532529
tfaE_stfE_predicted,0.06666666666666667,14,14,CTTTCGCTCTTGCGTAGCTC,0,3497788
tfaE_stfE_predicted,0.06666666666666667,14,14,CTTTCCGTTTGGGAATGTGT,0,3511617
tfaE_stfE_predicted,0.06666666666666667,14,14,CTTCCTGTTAGAACAATTCA,0,3509226
tfaE_stfE_predicted,0.06666666666666667,14,14,CTTCCTGGGCACAACAGAAC,0,3490063
tfaE_stfE_predicted,0.06666666666666667,14,14,CTTCCGAGAGATGTCGGCAG,0,3503207
tfaE_stfE_predicted,0.06666666666666667,14,14,CTTCACCCCTTGTATGGCCA,0,3526301
tfaE_stfE_predicted,0.06666666666666667,14,14,CTTCAACCGGCTCGTAAAAC,0,3469559
tfaE_stfE_predicted,0.06666666666666667,14,14,CTTATTTGGGAGGTATGCGA,0,3519155
tfaE_stfE_predicted,0.06666666666666667,14,14,CTTAAGCTGTTTTTGTCCGA,0,3518389
tfaE_stfE_predicted,0.06666666666666667,14,14,CTGTTCATTCCCGGACACCA,0,3496380
tfaE_stfE_predicted,0.06666666666666667,14,14,CTGGTTAATACGCTTTTCGT,0,3497474
tfaE_stfE_predicted,0.06666666666666667,14,14,CTGCATCGTATCCACGTGGT,0,3490818
tfaE_stfE_predicted,0.06666666666666667,14,14,CTGATCCACATGCTAGGTCC,0,3507710
tfaE_stfE_predicted,0.06666666666666667,14,14,CTGACTAGGGAACTCACAAT,0,3505644
tfaE_stfE_predicted,0.06666666666666667,14,14,CTCTGTATTTATACGACCTA,0,3530022
tfaE_stfE_predicted,0.06666666666666667,14,14,CTCTGAAACAGTGCGGAGGG,0,3536405
tfaE_stfE_predicted,0.06666666666666667,14,14,CTCTAAGACCGCTCTCTTGT,0,3528619
tfaE_stfE_predicted,0.06666666666666667,14,14,CTCGTTTGAGGAGATCAAAG,0,3475197
tfaE_stfE_predicted,0.06666666666666667,14,14,CTCGCGCATCTAGGAAGATG,0,3522967
tfaE_stfE_predicted,0.06666666666666667,14,14,CTCCTTCTGGATCCTCCTAG,0,3519809
tfaE_stfE_predicted,0.06666666666666667,14,14,CTCCGATTATATCAACGGGT,0,3537212
tfaE_stfE_predicted,0.06666666666666667,14,14,CTCCATTCGAGGTGAAACAT,0,3492847
tfaE_stfE_predicted,0.06666666666666667,14,14,CTCAGTTTAATCGTGCACAT,0,3522690
tfaE_stfE_predicted,0.06666666666666667,14,14,CTCAGGTAATATACCCAAAC,0,3535185
tfaE_stfE_predicted,0.06666666666666667,14,14,CTCACGACATCTAGACAGCA,0,3530380
tfaE_stfE_predicted,0.06666666666666667,14,14,CTATTAATCCGCTGGTTTAT,0,3483272
tfaE_stfE_predicted,0.06666666666666667,14,14,CTACGGACCCTGGACAAAGT,0,3480083
tfaE_stfE_predicted,0.06666666666666667,14,14,CTAAAGTAACAACTCAAATC,0,3510899
tfaE_stfE_predicted,0.06666666666666667,14,14,CTAAAGCGGGGGGGGGCAGA,0,3481426
tfaE_stfE_predicted,0.06666666666666667,14,14,CGTTGGTTACGACACCTGTA,0,3534827
tfaE_stfE_predicted,0.06666666666666667,14,14,CGTTCGCCGTCGTAAGACAA,0,3520959
tfaE_stfE_predicted,0.06666666666666667,14,14,CGTGGTAGTGACTATAAGCG,0,3528552
tfaE_stfE_predicted,0.06666666666666667,14,14,CGTGAGCTCGGCGTGTTCTT,0,3492845
tfaE_stfE_predicted,0.06666666666666667,14,14,CGTCGATCTGAGTGATACTT,0,3483537
tfaE_stfE_predicted,0.06666666666666667,14,14,CGTCCACGCACTTAGCACTC,0,3524611
tfaE_stfE_predicted,0.06666666666666667,14,14,CGTCACCCGTACACCGTATA,0,3496023
tfaE_stfE_predicted,0.06666666666666667,14,14,CGTAGGAGTTTAGCCGATGT,0,3501147
tfaE_stfE_predicted,0.06666666666666667,14,14,CGGTTACACGCTACAGCCAT,0,3485920
tfaE_stfE_predicted,0.06666666666666667,14,14,CGGGGACAAGCTAGGAGCTT,0,3480342
tfaE_stfE_predicted,0.06666666666666667,14,14,CGGGCTTAGGCTATTTCCTG,0,3470276
tfaE_stfE_predicted,0.06666666666666667,14,14,CGGGCTCGTGCCCAATAACA,0,3503929
tfaE_stfE_predicted,0.06666666666666667,14,14,CGGGCGTGTAGTACTAATTA,0,3485597
tfaE_stfE_predicted,0.06666666666666667,14,14,CGGCAGCACAGATGGAATTG,0,3526699
tfaE_stfE_predicted,0.06666666666666667,14,14,CGGAATGACGTGTCCCACAA,0,3475652
tfaE_stfE_predicted,0.06666666666666667,14,14,CGCTTTGAATAGGAGTTCAT,0,3513654
tfaE_stfE_predicted,0.06666666666666667,14,14,CGCGGGTTAACCGTTTGAGA,0,3503208
tfaE_stfE_predicted,0.06666666666666667,14,14,CGCGGCATGTAATTTGCGAG,0,3530313
tfaE_stfE_predicted,0.06666666666666667,14,14,CGCGCTTGAGGCACTGTACA,0,3470650
tfaE_stfE_predicted,0.06666666666666667,14,14,CGCGCCCAACTTCATATTTG,0,3500802
tfaE_stfE_predicted,0.06666666666666667,14,14,CGCCCGGTATGGTTAGCGAC,0,3535512
tfaE_stfE_predicted,0.06666666666666667,14,14,CGCCAGGACTGTCTCCACTC,0,3474596
tfaE_stfE_predicted,0.06666666666666667,14,14,CGCCACTATTCAGGGGTTAC,0,3509117
tfaE_stfE_predicted,0.06666666666666667,14,14,CGCATACGTCGCGCGCCCAA,0,3520993
tfaE_stfE_predicted,0.06666666666666667,14,14,CGCAGGTGAGTACTCAGATT,0,3516575
tfaE_stfE_predicted,0.06666666666666667,14,14,CGCAGCGCATAGCCATAACG,0,3483346
tfaE_stfE_predicted,0.06666666666666667,14,14,CGCAGAGACAGACAAAATTC,0,3500805
tfaE_stfE_predicted,0.06666666666666667,14,14,CGCACGCTTGAACTGCCACG,0,3496863
tfaE_stfE_predicted,0.06666666666666667,14,14,CGCAAGTATATCTCTAACCT,0,3527707
tfaE_stfE_predicted,0.06666666666666667,14,14,CGATCCGAATCTTCTTTCAC,0,3470307
tfaE_stfE_predicted,0.06666666666666667,14,14,CGATATCTTCCAAACCCTCT,0,3485944
tfaE_stfE_predicted,0.06666666666666667,14,14,CGAGGGTTGGAGTTATACGC,0,3496806
tfaE_stfE_predicted,0.06666666666666667,14,14,CGAGCTCTCGTCTTGCCGAG,0,3478338
tfaE_stfE_predicted,0.06666666666666667,14,14,CGAACTGTTGTTCGTATGAA,0,3509930
tfaE_stfE_predicted,0.06666666666666667,14,14,CGAACCCGGTGTAGAACGAC,0,3515140
tfaE_stfE_predicted,0.06666666666666667,14,14,CGAAAGCTCGCATGTGGCGT,0,3527924
tfaE_stfE_predicted,0.06666666666666667,14,14,CGAAAACCTCGTGTGGCAGC,0,3477059
tfaE_stfE_predicted,0.06666666666666667,14,14,CCTGGTTACGGGATGGGGAT,0,3479247
tfaE_stfE_predicted,0.06666666666666667,14,14,CCTGGCAAACATAGAAACAT,0,3498338
tfaE_stfE_predicted,0.06666666666666667,14,14,CCTGGATGAATTCAGCATAA,0,3505694
tfaE_stfE_predicted,0.06666666666666667,14,14,CCTGCCTGGGCGACATTCCA,0,3471611
tfaE_stfE_predicted,0.06666666666666667,14,14,CCTGCCTCGTCTGTAGGGTC,0,3495071
tfaE_stfE_predicted,0.06666666666666667,14,14,CCTCTGCGTCGATATATGGT,0,3523821
tfaE_stfE_predicted,0.06666666666666667,14,14,CCTCGGGGCAGTCTCATGGG,0,3506532
tfaE_stfE_predicted,0.06666666666666667,14,14,CCTCGCGTGGGAGGGGCCGG,0,3523181
tfaE_stfE_predicted,0.06666666666666667,14,14,CCGGTGTCCGTCCGCACTCT,0,3491993
tfaE_stfE_predicted,0.06666666666666667,14,14,CCGGGTAACCCAGGCCCCAC,0,3482904
tfaE_stfE_predicted,0.06666666666666667,14,14,CCGGGGGACCTGGATCCTAT,0,3482805
tfaE_stfE_predicted,0.06666666666666667,14,14,CCGCGTGGAGGACGAAAATT,0,3535768
tfaE_stfE_predicted,0.06666666666666667,14,14,CCGAATACTGTACAGAGTAC,0,3520871
tfaE_stfE_predicted,0.06666666666666667,14,14,CCCTTTGTTTAGAGGTTTGA,0,3506342
tfaE_stfE_predicted,0.06666666666666667,14,14,CCCTTTAAAGGATCTGGTAG,0,3533718
tfaE_stfE_predicted,0.06666666666666667,14,14,CCCTGTATAGCGGCATAAGG,0,3529120
tfaE_stfE_predicted,0.06666666666666667,14,14,CCCGTCCCACTTAGGAAGAA,0,3539070
tfaE_stfE_predicted,0.06666666666666667,14,14,CCCGTACAATAGAGACAAAT,0,3529695
tfaE_stfE_predicted,0.06666666666666667,14,14,CCCGTAAAGACCACGTGGCT,0,3503961
tfaE_stfE_predicted,0.06666666666666667,14,14,CCCCACGGCCGCACACAGCA,0,3473003
tfaE_stfE_predicted,0.06666666666666667,14,14,CCCAGTATTATAGCGCACTA,0,3485763
tfaE_stfE_predicted,0.06666666666666667,14,14,CCCAGCCTGTGTGGACAGCT,0,3525113
tfaE_stfE_predicted,0.06666666666666667,14,14,CCCACATAGCATACGGGCTG,0,3499239
tfaE_stfE_predicted,0.06666666666666667,14,14,CCCAAGGTGGGGCGCACGAG,0,3476835
tfaE_stfE_predicted,0.06666666666666667,14,14,CCATAGGGGGATGGATAGCT,0,3528011
tfaE_stfE_predicted,0.06666666666666667,14,14,CCAGGTTTCTACGCGGTTAA,0,3467491
tfaE_stfE_predicted,0.06666666666666667,14,14,CCAGACTGTTGATCATTTTG,0,3492841
tfaE_stfE_predicted,0.06666666666666667,14,14,CCACTGATCAAGATGCCTGC,0,3476109
tfaE_stfE_predicted,0.06666666666666667,14,14,CCACTCTTCTCGGACATAGA,0,3496295
tfaE_stfE_predicted,0.06666666666666667,14,14,CCACGGGTCGGTCGTTTGGC,0,3509621
tfaE_stfE_predicted,0.06666666666666667,14,14,CCACATGCCACCCTTATAAT,0,3483698
tfaE_stfE_predicted,0.06666666666666667,14,14,CCACAGGGATCCCTACCCTA,0,3526752
tfaE_stfE_predicted,0.06666666666666667,14,14,CCACAATGTGTCAATAGGGA,0,3480374
tfaE_stfE_predicted,0.06666666666666667,14,14,CATTTTGTATGCGTATCATA,0,3493480
tfaE_stfE_predicted,0.06666666666666667,14,14,CATTCTTTGAGCGATGAACT,0,3516751
tfaE_stfE_predicted,0.06666666666666667,14,14,CATTAGGTCTCGTAAACGGT,0,3494535
tfaE_stfE_predicted,0.06666666666666667,14,14,CATGTCCTCCATGCGCGAGT,0,3485847
tfaE_stfE_predicted,0.06666666666666667,14,14,CATGCATGCCTGCCTTGGTC,0,3467803
tfaE_stfE_predicted,0.06666666666666667,14,14,CATGAGCGTGTTGTTTAGCC,0,3508595
tfaE_stfE_predicted,0.06666666666666667,14,14,CATCCGAATGGCCAGCATAG,0,3499424
tfaE_stfE_predicted,0.06666666666666667,14,14,CATCACTAGGAAGCGCGTCT,0,3522514
tfaE_stfE_predicted,0.06666666666666667,14,14,CATCAAGCCCGCATCCCCAC,0,3509046
tfaE_stfE_predicted,0.06666666666666667,14,14,CATATCGGGTCTGGGGCAGT,0,3517139
tfaE_stfE_predicted,0.06666666666666667,14,14,CATAGCTGCCTAACAACGTT,0,3502682
tfaE_stfE_predicted,0.06666666666666667,14,14,CATAATCATGTGAGGCGCGA,0,3473677
tfaE_stfE_predicted,0.06666666666666667,14,14,CAGTTGAGCCACATTCAGCT,0,3494402
tfaE_stfE_predicted,0.06666666666666667,14,14,CAGTGTGGAGCGGTCATTAT,0,3476736
tfaE_stfE_predicted,0.06666666666666667,14,14,CAGTCATGAGCATGAATTAC,0,3511628
tfaE_stfE_predicted,0.06666666666666667,14,14,CAGTAGTCCCCTAGGGAAAG,0,3475964
tfaE_stfE_predicted,0.06666666666666667,14,14,CAGTACAGCGGTCGCAATGT,0,3495993
tfaE_stfE_predicted,0.06666666666666667,14,14,CAGGGTTTGGCGAGTCCGTG,0,3488028
tfaE_stfE_predicted,0.06666666666666667,14,14,CAGGGTGAAAGGCCTAAGCA,0,3509054
tfaE_stfE_predicted,0.06666666666666667,14,14,CAGGGCTGCCAGGGCTACCT,0,3491487
tfaE_stfE_predicted,0.06666666666666667,14,14,CAGGCGCGCTTCAGTTAACT,0,3524518
tfaE_stfE_predicted,0.06666666666666667,14,14,CAGCTAGCATTGGTCGGCTA,0,3485619
tfaE_stfE_predicted,0.06666666666666667,14,14,CAGCCGAACCCTCCGTTTTA,0,3521138
tfaE_stfE_predicted,0.06666666666666667,14,14,CAGACGCGGGAATTATTTCA,0,3506482
tfaE_stfE_predicted,0.06666666666666667,14,14,CAGACCGGGGTGATGGGTAA,0,3487190
tfaE_stfE_predicted,0.06666666666666667,14,14,CACTTTTTACGTAGTAAAAT,0,3473788
tfaE_stfE_predicted,0.06666666666666667,14,14,CACTTTCGCCATTCGAAGGG,0,3523257
tfaE_stfE_predicted,0.06666666666666667,14,14,CACTTTATGAGTATCTTCCT,0,3525032
tfaE_stfE_predicted,0.06666666666666667,14,14,CACTGACAGAGGTGAGGGTG,0,3527645
tfaE_stfE_predicted,0.06666666666666667,14,14,CACTCGGCGTGAGGTAGGGA,0,3488593
tfaE_stfE_predicted,0.06666666666666667,14,14,CACGTGACGGCGGGTGGCTA,0,3486447
tfaE_stfE_predicted,0.06666666666666667,14,14,CACGGTACCTAGGAGCAGTC,0,3510738
tfaE_stfE_predicted,0.06666666666666667,14,14,CACCTGAGTACAATTCCCAG,0,3534225
tfaE_stfE_predicted,0.06666666666666667,14,14,CACCTACAACTTTCTTCCGC,0,3484353
tfaE_stfE_predicted,0.06666666666666667,14,14,CACCGGATCTAGACGACTGT,0,3471126
tfaE_stfE_predicted,0.06666666666666667,14,14,CACATCTATGCGCGAACTTT,0,3514895
tfaE_stfE_predicted,0.06666666666666667,14,14,CACATAGTCGCTTAGGATTA,0,3509805
tfaE_stfE_predicted,0.06666666666666667,14,14,CACAGGGAACTACAGATCAA,0,3501640
tfaE_stfE_predicted,0.06666666666666667,14,14,CACACAGGGAAGTGGGACAG,0,3526557
tfaE_stfE_predicted,0.06666666666666667,14,14,CACAATTCGTCGAGTTTAGG,0,3537287
tfaE_stfE_predicted,0.06666666666666667,14,14,CAAGGATAGGCTTATTATCC,0,3522583
tfaE_stfE_predicted,0.06666666666666667,14,14,CAAGCCGCCAGCGCGATCCG,0,3528633
tfaE_stfE_predicted,0.06666666666666667,14,14,CAAGAGCGGAGACTGGCTAT,0,3505553
tfaE_stfE_predicted,0.06666666666666667,14,14,CAACCGCCGGTGAGTTGGCC,0,3469314
tfaE_stfE_predicted,0.06666666666666667,14,14,CAAAGCCGCCTTCACTCTCG,0,3508274
tfaE_stfE_predicted,0.06666666666666667,14,14,ATTTTGAGTCAGATCGTTTC,0,3532658
tfaE_stfE_predicted,0.06666666666666667,14,14,ATTTGGGCGAGTAGTTAAAT,0,3523689
tfaE_stfE_predicted,0.06666666666666667,14,14,ATTTGGAGTCCCTCCTATTA,0,3494189
tfaE_stfE_predicted,0.06666666666666667,14,14,ATTTGAAGGGTCATCTCGGG,0,3472768
tfaE_stfE_predicted,0.06666666666666667,14,14,ATTGTGAGAAGCCACAACTA,0,3472926
tfaE_stfE_predicted,0.06666666666666667,14,14,ATTGCTTGGTAAATTTCCGT,0,3511321
tfaE_stfE_predicted,0.06666666666666667,14,14,ATTCTGTCCGACGTCCCGTA,0,3533197
tfaE_stfE_predicted,0.06666666666666667,14,14,ATTCCTCTTAACAGGCCTTT,0,3483624
tfaE_stfE_predicted,0.06666666666666667,14,14,ATTAATAATCCTTCCCGGAA,0,3509325
tfaE_stfE_predicted,0.06666666666666667,14,14,ATTAAAGACCACACATGTTT,0,3540981
tfaE_stfE_predicted,0.06666666666666667,14,14,ATGTTCGTCAAGTTATCAGA,0,3480340
tfaE_stfE_predicted,0.06666666666666667,14,14,ATGGTGTGTCATGTACCCCG,0,3488114
tfaE_stfE_predicted,0.06666666666666667,14,14,ATGCCGATACAGGGGAGAGC,0,3488814
tfaE_stfE_predicted,0.06666666666666667,14,14,ATGCCACCTCTATGATCCGT,0,3479958
tfaE_stfE_predicted,0.06666666666666667,14,14,ATGACGTCGTTCAACCGGCG,0,3492022
tfaE_stfE_predicted,0.06666666666666667,14,14,ATGACAGCCGGTCCGAAATG,0,3508135
tfaE_stfE_predicted,0.06666666666666667,14,14,ATGAATCTCATTTGAAGAAG,0,3517534
tfaE_stfE_predicted,0.06666666666666667,14,14,ATGAATACCACGCTTACGCT,0,3530424
tfaE_stfE_predicted,0.06666666666666667,14,14,ATCTTACAACAGGCCGAACA,0,3530734
tfaE_stfE_predicted,0.06666666666666667,14,14,ATCTCGTAAATAGGGCGGTC,0,3500158
tfaE_stfE_predicted,0.06666666666666667,14,14,ATCTACGAGACCTAGGGGGA,0,3483824
tfaE_stfE_predicted,0.06666666666666667,14,14,ATCGCCGCGCATCATTCCGG,0,3540304
tfaE_stfE_predicted,0.06666666666666667,14,14,ATCGCAGGCATCGTCAACGT,0,3520606
tfaE_stfE_predicted,0.06666666666666667,14,14,ATCGCACTGCGTGGTGAGAC,0,3475742
tfaE_stfE_predicted,0.06666666666666667,14,14,ATCGATATTTTCTCAAGAGT,0,3486886
tfaE_stfE_predicted,0.06666666666666667,14,14,ATCGACACGCCCTCCGTTAT,0,3523094
tfaE_stfE_predicted,0.06666666666666667,14,14,ATCCTAGGCTCGGGACTGGC,0,3492024
tfaE_stfE_predicted,0.06666666666666667,14,14,ATCCCGACCTGGCTTCGAGA,0,3520594
tfaE_stfE_predicted,0.06666666666666667,14,14,ATATGCTTCTCCGGCTTCGA,0,3528611
tfaE_stfE_predicted,0.06666666666666667,14,14,ATAGTGCCACGCGTTTGGTA,0,3531011
tfaE_stfE_predicted,0.06666666666666667,14,14,ATAGTGCACTTACTTGTAAT,0,3466981
tfaE_stfE_predicted,0.06666666666666667,14,14,ATAGATGACTGGACCCAATG,0,3510340
tfaE_stfE_predicted,0.06666666666666667,14,14,ATAGATAGCGTTCATAGCTA,0,3508283
tfaE_stfE_predicted,0.06666666666666667,14,14,ATACGGTCTTGGTTTCGCGA,0,3520392
tfaE_stfE_predicted,0.06666666666666667,14,14,ATAAGCGGCCTCTCTTCAGT,0,3489168
tfaE_stfE_predicted,0.06666666666666667,14,14,ATAACCTACGCTCCCTCGTC,0,3484623
tfaE_stfE_predicted,0.06666666666666667,14,14,ATAAATCATCAGCATCCATA,0,3536083
tfaE_stfE_predicted,0.06666666666666667,14,14,AGTTTTTTATCATCTGTAGT,0,3528464
tfaE_stfE_predicted,0.06666666666666667,14,14,AGTTAGTGTCCCCGGCATGA,0,3486742
tfaE_stfE_predicted,0.06666666666666667,14,14,AGTTAAGTCGTTGGGAGTTT,0,3513994
tfaE_stfE_predicted,0.06666666666666667,14,14,AGTGTTACTCAACTCCGGAA,0,3476334
tfaE_stfE_predicted,0.06666666666666667,14,14,AGTGCCTTTCTCTGTGCTGC,0,3511373
tfaE_stfE_predicted,0.06666666666666667,14,14,AGTATGAAGCTCCTCATCGT,0,3532662
tfaE_stfE_predicted,0.06666666666666667,14,14,AGTAGATCGGTGTTCGAGTT,0,3504009
tfaE_stfE_predicted,0.06666666666666667,14,14,AGGTACTACTACTGCCGAAA,0,3533055
tfaE_stfE_predicted,0.06666666666666667,14,14,AGGGTCTACCGCGCAAGTGT,0,3516633
tfaE_stfE_predicted,0.06666666666666667,14,14,AGGGGGTTGGTGTCCTACTT,0,3504112
tfaE_stfE_predicted,0.06666666666666667,14,14,AGGGGCTTAAGCCTTAGTAC,0,3511651
tfaE_stfE_predicted,0.06666666666666667,14,14,AGGCCGAACCATCGGTCCTC,0,3516275
tfaE_stfE_predicted,0.06666666666666667,14,14,AGGCCACTGCGACGGGGCTA,0,3500160
tfaE_stfE_predicted,0.06666666666666667,14,14,AGGAGCAAAGGTGGTTGTAT,0,3482870
tfaE_stfE_predicted,0.06666666666666667,14,14,AGGACCACACTTCGTTATCA,0,3533066
tfaE_stfE_predicted,0.06666666666666667,14,14,AGGAAAGGTGCGTATGCTGT,0,3477257
tfaE_stfE_predicted,0.06666666666666667,14,14,AGCTTTCATGCGTCAACGGT,0,3491399
tfaE_stfE_predicted,0.06666666666666667,14,14,AGCGCCCCGGAGATTGGTAC,0,3474309
tfaE_stfE_predicted,0.06666666666666667,14,14,AGCCTATGAACAGTCCAAAT,0,3520913
tfaE_stfE_predicted,0.06666666666666667,14,14,AGCCCCTGGTCCTGCAGCAA,0,3495423
tfaE_stfE_predicted,0.06666666666666667,14,14,AGCCAGTGATGACGATGCCA,0,3524317
tfaE_stfE_predicted,0.06666666666666667,14,14,AGCCAAGGGTTAGCCATATA,0,3531466
tfaE_stfE_predicted,0.06666666666666667,14,14,AGCATTTATCCTTGACTTTA,0,3481259
tfaE_stfE_predicted,0.06666666666666667,14,14,AGCATTCGCCGGCTAAGGTA,0,3524535
tfaE_stfE_predicted,0.06666666666666667,14,14,AGCATGAGTGCCCGGTCCGG,0,3491372
tfaE_stfE_predicted,0.06666666666666667,14,14,AGCAATTTGGATTGACCCTA,0,3525298
tfaE_stfE_predicted,0.06666666666666667,14,14,AGATGAACCTTATGCTGTGT,0,3482235
tfaE_stfE_predicted,0.06666666666666667,14,14,AGATAGTAGAGACGGCAGAT,0,3515052
tfaE_stfE_predicted,0.06666666666666667,14,14,AGAGGGTATGTCTCTCCAGA,0,3517927
tfaE_stfE_predicted,0.06666666666666667,14,14,AGAGCACCTATTGTGGCAAT,0,3477407
tfaE_stfE_predicted,0.06666666666666667,14,14,AGAGATGAACCGCAGGAGAC,0,3476360
tfaE_stfE_predicted,0.06666666666666667,14,14,AGAGAAAGGTCTATGTAGAA,0,3513722
tfaE_stfE_predicted,0.06666666666666667,14,14,AGACGCATGGACCGGGTTAC,0,3529538
tfaE_stfE_predicted,0.06666666666666667,14,14,AGACAAGCGGAGAGTCATTC,0,3467551
tfaE_stfE_predicted,0.06666666666666667,14,14,AGAATCTGAACAGTGTTTGA,0,3540280
tfaE_stfE_predicted,0.06666666666666667,14,14,ACTTTTTGTCGCGTTACGGA,0,3520978
tfaE_stfE_predicted,0.06666666666666667,14,14,ACTTTCGGCGCTCCATTGAG,0,3514320
tfaE_stfE_predicted,0.06666666666666667,14,14,ACTTTATGAAATCCCTCGAT,0,3502939
tfaE_stfE_predicted,0.06666666666666667,14,14,ACTTTATCCATATGACACGA,0,3487262
tfaE_stfE_predicted,0.06666666666666667,14,14,ACTTGTTATACTAAACACAA,0,3466684
tfaE_stfE_predicted,0.06666666666666667,14,14,ACTTCAGGTCAGTCATAGAA,0,3481660
tfaE_stfE_predicted,0.06666666666666667,14,14,ACTGTGTATGACGGCCGTAT,0,3541229
tfaE_stfE_predicted,0.06666666666666667,14,14,ACTCGCAGAGCACAGGTGTT,0,3503905
tfaE_stfE_predicted,0.06666666666666667,14,14,ACTCCGGATAAAGCCACAGG,0,3488073
tfaE_stfE_predicted,0.06666666666666667,14,14,ACTCCAGACCTAGTGTGGAC,0,3496238
tfaE_stfE_predicted,0.06666666666666667,14,14,ACTATGCAGGAGTCATCGCT,0,3484564
tfaE_stfE_predicted,0.06666666666666667,14,14,ACGTATATAATAAGAACATG,0,3488743
tfaE_stfE_predicted,0.06666666666666667,14,14,ACGGGGTTTCCAGACATAAG,0,3502568
tfaE_stfE_predicted,0.06666666666666667,14,14,ACGGCACATCGCCAGGACGT,0,3497460
tfaE_stfE_predicted,0.06666666666666667,14,14,ACGGCACAGTTCGTAAAGGG,0,3466944
tfaE_stfE_predicted,0.06666666666666667,14,14,ACGCAAACTGGGGCGAGGAG,0,3517112
tfaE_stfE_predicted,0.06666666666666667,14,14,ACGAGCTTGAATCCCAACTC,0,3489445
tfaE_stfE_predicted,0.06666666666666667,14,14,ACGACGTCTTGAAACACAAG,0,3471660
tfaE_stfE_predicted,0.06666666666666667,14,14,ACCTGTTGTCATTTCTTATT,0,3497978
tfaE_stfE_predicted,0.06666666666666667,14,14,ACCTCTACAGCCCCGTATAA,0,3483271
tfaE_stfE_predicted,0.06666666666666667,14,14,ACCGCTGCGCCGTGGTACCT,0,3470997
tfaE_stfE_predicted,0.06666666666666667,14,14,ACCGCAAGAAGGCTTGTTCA,0,3526227
tfaE_stfE_predicted,0.06666666666666667,14,14,ACCGAGGATAGGGAAGATGA,0,3519243
tfaE_stfE_predicted,0.06666666666666667,14,14,ACCCGTATACGTGGTTTTAG,0,3466407
tfaE_stfE_predicted,0.06666666666666667,14,14,ACCCACAAGAAGGCCCCGGC,0,3491662
tfaE_stfE_predicted,0.06666666666666667,14,14,ACCACTACGGGTAATCTCCA,0,3525780
tfaE_stfE_predicted,0.06666666666666667,14,14,ACCAAGGAGAGCGCGGCTTA,0,3482259
tfaE_stfE_predicted,0.06666666666666667,14,14,ACCAACCTGCGTACATTATG,0,3511845
tfaE_stfE_predicted,0.06666666666666667,14,14,ACATTTGTGATTTCGAGGTA,0,3493654
tfaE_stfE_predicted,0.06666666666666667,14,14,ACATGGCGCCGGGCAACAGA,0,3470815
tfaE_stfE_predicted,0.06666666666666667,14,14,ACATCCTCTAAAGAGTCACT,0,3495749
tfaE_stfE_predicted,0.06666666666666667,14,14,ACATCACGTATATTGTGAAG,0,3512572
tfaE_stfE_predicted,0.06666666666666667,14,14,ACAGACGGACGGAGTGGATT,0,3495547
tfaE_stfE_predicted,0.06666666666666667,14,14,ACACGTCTACTAAGGGCGTT,0,3532585
tfaE_stfE_predicted,0.06666666666666667,14,14,ACAATTCATCAGCCTTAAGC,0,3527896
tfaE_stfE_predicted,0.06666666666666667,14,14,ACAATACATCTTCTCAATGT,0,3478750
tfaE_stfE_predicted,0.06666666666666667,14,14,ACAACTGATGATCCATACTT,0,3524882
tfaE_stfE_predicted,0.06666666666666667,14,14,ACAACTATCTGCCCTTCATT,0,3470208
tfaE_stfE_predicted,0.06666666666666667,14,14,AATTCCGAGCCCATCTGGCC,0,3496454
tfaE_stfE_predicted,0.06666666666666667,14,14,AATCACGCTACTAAGCGTAA,0,3470784
tfaE_stfE_predicted,0.06666666666666667,14,14,AATATTCACCGCATATTCGA,0,3535204
tfaE_stfE_predicted,0.06666666666666667,14,14,AATAAACAACAGTGCATTGA,0,3486369
tfaE_stfE_predicted,0.06666666666666667,14,14,AAGTTTGTCTCCTACAGGAC,0,3520935
tfaE_stfE_predicted,0.06666666666666667,14,14,AAGTGCTTCCTAATCTGTTT,0,3486937
tfaE_stfE_predicted,0.06666666666666667,14,14,AAGTCCTCAGCATCTTAGAA,0,3514711
tfaE_stfE_predicted,0.06666666666666667,14,14,AAGTATCCATGCAAAATTGC,0,3473785
tfaE_stfE_predicted,0.06666666666666667,14,14,AAGGGATGCGCCACAATCTC,0,3483234
tfaE_stfE_predicted,0.06666666666666667,14,14,AAGGACAGCAATTCTCAAGA,0,3476989
tfaE_stfE_predicted,0.06666666666666667,14,14,AAGCCTGGTGTATGTCGGGT,0,3507996
tfaE_stfE_predicted,0.06666666666666667,14,14,AAGCCCACCCGCTCCCTGGA,0,3484228
tfaE_stfE_predicted,0.06666666666666667,14,14,AAGCACATTCCATCCACATG,0,3490244
tfaE_stfE_predicted,0.06666666666666667,14,14,AAGACGTCACCGGGACTATA,0,3529793
tfaE_stfE_predicted,0.06666666666666667,14,14,AAGACATGAGTAGTCCGACC,0,3469836
tfaE_stfE_predicted,0.06666666666666667,14,14,AACTTATGCAGTTGCCACCT,0,3503422
tfaE_stfE_predicted,0.06666666666666667,14,14,AACTGGTCGTCGAGTAAAAG,0,3478189
tfaE_stfE_predicted,0.06666666666666667,14,14,AACGGTCTACGGCACCGCAA,0,3475342
tfaE_stfE_predicted,0.06666666666666667,14,14,AACGGAAGGCCCCAAACCTC,0,3534745
tfaE_stfE_predicted,0.06666666666666667,14,14,AACCAGGACCTACTGAGCGT,0,3477126
tfaE_stfE_predicted,0.06666666666666667,14,14,AACCAACGGGGGAAATAGGT,0,3509013
tfaE_stfE_predicted,0.06666666666666667,14,14,AAAGTCTCGTGCAACGGACA,0,3489090
tfaE_stfE_predicted,0.06666666666666667,14,14,AAAGGTCATTCGCAACTTGT,0,3521170
tfaE_stfE_predicted,0.06666666666666667,14,14,AAAGGATGCGACAACCCTGC,0,3489490
tfaE_stfE_predicted,0.06666666666666667,14,14,AAAGCTGAGGCTTTCCCATT,0,3527079
tfaE_stfE_predicted,0.06666666666666667,14,14,AAAGCGGACGAGTTCTTAAG,0,3529194
tfaE_stfE_predicted,0.06666666666666667,14,14,AAAAGAGAAGGTTTTACTAT,0,3505327
tfaE_stfE_predicted,0.06666666666666667,14,14,AAAACCGGGTATGCGTTAAT,0,3508347
tfaE_stfE_predicted,0.07142857142857142,13,13,TTTTGCACGCTGCTACAGCC,0,3478440
tfaE_stfE_predicted,0.07142857142857142,13,13,TTTTCCGCGTCGATATGTAT,0,3522976
tfaE_stfE_predicted,0.07142857142857142,13,13,TTTGGCCCATATCTATCTCG,0,3480201
tfaE_stfE_predicted,0.07142857142857142,13,13,TTTGGAGGTCATTTGGCTGT,0,3535125
tfaE_stfE_predicted,0.07142857142857142,13,13,TTTCTTCGAAGATGCTGGAA,0,3536784
tfaE_stfE_predicted,0.07142857142857142,13,13,TTGTTTTATCGGTACCGGCG,0,3473596
tfaE_stfE_predicted,0.07142857142857142,13,13,TTGTCATCTGGAGTCCTATC,0,3524746
tfaE_stfE_predicted,0.07142857142857142,13,13,TTGGGGGGCGTCCGAATGTT,0,3503760
tfaE_stfE_predicted,0.07142857142857142,13,13,TTGGGCACAAGATTTGGATA,0,3482433
tfaE_stfE_predicted,0.07142857142857142,13,13,TTGGCCCGGGGCTCATGTCA,0,3484513
tfaE_stfE_predicted,0.07142857142857142,13,13,TTGGATTTATGGACTCTAAC,0,3521130
tfaE_stfE_predicted,0.07142857142857142,13,13,TTGCGAATTAAGAGCCTGAT,0,3512462
tfaE_stfE_predicted,0.07142857142857142,13,13,TTGCCGAGGTGGCGAAGCCC,0,3490769
tfaE_stfE_predicted,0.07142857142857142,13,13,TTGAGGGTACTAGCCAACCC,0,3486904
tfaE_stfE_predicted,0.07142857142857142,13,13,TTGACCATACTATTGAAGCT,0,3518656
tfaE_stfE_predicted,0.07142857142857142,13,13,TTCTTGGATCGACGGACAGG,0,3517719
tfaE_stfE_predicted,0.07142857142857142,13,13,TTCTCTAAGATCTCCGTCGG,0,3537585
tfaE_stfE_predicted,0.07142857142857142,13,13,TTCGGCAGGGTCACGGTAAG,0,3513468
tfaE_stfE_predicted,0.07142857142857142,13,13,TTCGCCAGGCGATAGTGGCC,0,3498157
tfaE_stfE_predicted,0.07142857142857142,13,13,TTCGAGAATTCAGATCACTG,0,3534664
tfaE_stfE_predicted,0.07142857142857142,13,13,TTCCTCTACCACAGTCGGGT,0,3534340
tfaE_stfE_predicted,0.07142857142857142,13,13,TTCCTAGGTGCCGAGCGGTC,0,3489573
tfaE_stfE_predicted,0.07142857142857142,13,13,TTCCGCGCTCCGTGGCGATA,0,3495675
tfaE_stfE_predicted,0.07142857142857142,13,13,TTCCCTGGGCGAGAGTATAG,0,3529776
tfaE_stfE_predicted,0.07142857142857142,13,13,TTCATTGGAGAAGCGAACAG,0,3536829
tfaE_stfE_predicted,0.07142857142857142,13,13,TTCATGCTGCAAATGGCCTG,0,3473227
tfaE_stfE_predicted,0.07142857142857142,13,13,TTCAAAATACTAATCCAACG,0,3536177
tfaE_stfE_predicted,0.07142857142857142,13,13,TTATTAACAAAACAAATGGC,0,3531470
tfaE_stfE_predicted,0.07142857142857142,13,13,TTAGTACTCTCCTTTGCGTC,0,3504527
tfaE_stfE_predicted,0.07142857142857142,13,13,TTAGCACGCACCCCGGGCTC,0,3512411
tfaE_stfE_predicted,0.07142857142857142,13,13,TTAGAGTAATTTTTAGTTGA,0,3469183
tfaE_stfE_predicted,0.07142857142857142,13,13,TTACTTGTGTGGATACCGGT,0,3498460
tfaE_stfE_predicted,0.07142857142857142,13,13,TTACAGCCATGTAACGACCT,0,3498348
tfaE_stfE_predicted,0.07142857142857142,13,13,TTACAATTGTACACTAACAA,0,3469724
tfaE_stfE_predicted,0.07142857142857142,13,13,TTAATCAGAGAAGCCATACT,0,3512060
tfaE_stfE_predicted,0.07142857142857142,13,13,TTAAAGCCCAATCGTTCACA,0,3515826
tfaE_stfE_predicted,0.07142857142857142,13,13,TGTTTATGTCGTCGTCAGAA,0,3534197
tfaE_stfE_predicted,0.07142857142857142,13,13,TGTTGATGTATCGAGCTGTT,0,3490410
tfaE_stfE_predicted,0.07142857142857142,13,13,TGTTCCCGGGCCTGGAATGA,0,3491132
tfaE_stfE_predicted,0.07142857142857142,13,13,TGTGTGTGCGGGGGGGTTGT,0,3526357
tfaE_stfE_predicted,0.07142857142857142,13,13,TGTGGACGCGTAATGCCGAG,0,3474178
tfaE_stfE_predicted,0.07142857142857142,13,13,TGTGCATGCGAACCCAATAT,0,3468724
tfaE_stfE_predicted,0.07142857142857142,13,13,TGTATTGTGGGGTCCGCAGA,0,3491718
tfaE_stfE_predicted,0.07142857142857142,13,13,TGTACCGCAGGTAGGCAACG,0,3509653
tfaE_stfE_predicted,0.07142857142857142,13,13,TGGTCTATTGTGACATTACT,0,3492044
tfaE_stfE_predicted,0.07142857142857142,13,13,TGGTACCGAAAGAATGAGAG,0,3506493
tfaE_stfE_predicted,0.07142857142857142,13,13,TGGGTGACCACGGCCTCTCA,0,3508120
tfaE_stfE_predicted,0.07142857142857142,13,13,TGGGTACCAGGATGATGCAA,0,3501686
tfaE_stfE_predicted,0.07142857142857142,13,13,TGGGCGGTGGTAACACGTGT,0,3474452
tfaE_stfE_predicted,0.07142857142857142,13,13,TGGGATTTAGGATTTCGATA,0,3492052
tfaE_stfE_predicted,0.07142857142857142,13,13,TGGGAGCTGTATGCCTCGCG,0,3507656
tfaE_stfE_predicted,0.07142857142857142,13,13,TGGGACTTACAGAGGTATTG,0,3480969
tfaE_stfE_predicted,0.07142857142857142,13,13,TGGCTTGTCGCGTTCATTGT,0,3500451
tfaE_stfE_predicted,0.07142857142857142,13,13,TGGCGTTCAAGCAGATTTAT,0,3470985
tfaE_stfE_predicted,0.07142857142857142,13,13,TGGATGGATTGTACAATCCC,0,3513027
tfaE_stfE_predicted,0.07142857142857142,13,13,TGGAGCCCTATACCCGGACA,0,3522317
tfaE_stfE_predicted,0.07142857142857142,13,13,TGGAATTGACTGCCTTGTGT,0,3498952
tfaE_stfE_predicted,0.07142857142857142,13,13,TGCTTGTACTAACAGCTGGC,0,3500596
tfaE_stfE_predicted,0.07142857142857142,13,13,TGCTTGGTGGTCGTGTTTCT,0,3522051
tfaE_stfE_predicted,0.07142857142857142,13,13,TGCGTGGTTATACCAACCAT,0,3473418
tfaE_stfE_predicted,0.07142857142857142,13,13,TGCGTCTAACATATCTTCCA,0,3505060
tfaE_stfE_predicted,0.07142857142857142,13,13,TGCGCCCGTAGGGATCCTGG,0,3494432
tfaE_stfE_predicted,0.07142857142857142,13,13,TGCGCAAACTTGTCGGTAAA,0,3498556
tfaE_stfE_predicted,0.07142857142857142,13,13,TGCCGTTGCGGTGAGTGCGA,0,3470212
tfaE_stfE_predicted,0.07142857142857142,13,13,TGCCCCTGGCCACTTTGAAA,0,3535588
tfaE_stfE_predicted,0.07142857142857142,13,13,TGCCCCGAACTGGCACAACA,0,3507577
tfaE_stfE_predicted,0.07142857142857142,13,13,TGCATTGGGGCATTATATCC,0,3478662
tfaE_stfE_predicted,0.07142857142857142,13,13,TGCACATATGGGGTTTCCTA,0,3491025
tfaE_stfE_predicted,0.07142857142857142,13,13,TGCAAGGTCAGCAAGCTGAG,0,3478803
tfaE_stfE_predicted,0.07142857142857142,13,13,TGCAACTGCTAACGTTACTC,0,3517930
tfaE_stfE_predicted,0.07142857142857142,13,13,TGATCCTTCGCTTCAACGAA,0,3530285
tfaE_stfE_predicted,0.07142857142857142,13,13,TGATAGCGGGCGTTCCGCCT,0,3533221
tfaE_stfE_predicted,0.07142857142857142,13,13,TGATACGACGTAATAGCATC,0,3489981
tfaE_stfE_predicted,0.07142857142857142,13,13,TGAGTGTGTGAGATTTGCTA,0,3475059
tfaE_stfE_predicted,0.07142857142857142,13,13,TGAGGTTCGGTATTTGGGCT,0,3505585
tfaE_stfE_predicted,0.07142857142857142,13,13,TGAGATACGGACCAGACCTT,0,3472340
tfaE_stfE_predicted,0.07142857142857142,13,13,TGACTCGTGTTCTGTTTACA,0,3494056
tfaE_stfE_predicted,0.07142857142857142,13,13,TGACGGCTGACTGGATGTGA,0,3503202
tfaE_stfE_predicted,0.07142857142857142,13,13,TGACCAATCCCATCGAGGCT,0,3486186
tfaE_stfE_predicted,0.07142857142857142,13,13,TGACATGCGTTACGGACGTA,0,3518680
tfaE_stfE_predicted,0.07142857142857142,13,13,TGAACGTGCGACGGACATTA,0,3514263
tfaE_stfE_predicted,0.07142857142857142,13,13,TGAACATTAATAGAGAGCGA,0,3470191
tfaE_stfE_predicted,0.07142857142857142,13,13,TGAAACTGGTACATCCCATA,0,3531942
tfaE_stfE_predicted,0.07142857142857142,13,13,TGAAACGCGAGAATTGTGTG,0,3528971
tfaE_stfE_predicted,0.07142857142857142,13,13,TCTTCGTGCCACAGTCATTC,0,3514369
tfaE_stfE_predicted,0.07142857142857142,13,13,TCTGTGTAATAACATTGGAG,0,3468346
tfaE_stfE_predicted,0.07142857142857142,13,13,TCTGTCGTTATGCATCTAGA,0,3502699
tfaE_stfE_predicted,0.07142857142857142,13,13,TCTGTCCGTGCGACAACCTA,0,3491605
tfaE_stfE_predicted,0.07142857142857142,13,13,TCTGAACGCTTTGAGCGCGA,0,3494526
tfaE_stfE_predicted,0.07142857142857142,13,13,TCTCCTGCTTTACTTAAGCT,0,3516940
tfaE_stfE_predicted,0.07142857142857142,13,13,TCTACACCTTTCAAAGAGGA,0,3488153
tfaE_stfE_predicted,0.07142857142857142,13,13,TCGTGGCAGGACCAACTGAC,0,3535851
tfaE_stfE_predicted,0.07142857142857142,13,13,TCGGTCATCGTCGCGCGCTT,0,3498981
tfaE_stfE_predicted,0.07142857142857142,13,13,TCGGGGCGTGGAACTCAGAC,0,3474856
tfaE_stfE_predicted,0.07142857142857142,13,13,TCGGGCGAACTTCTACGCTA,0,3537062
tfaE_stfE_predicted,0.07142857142857142,13,13,TCGCTGTTGGTGATATACAT,0,3538771
tfaE_stfE_predicted,0.07142857142857142,13,13,TCGCTACGACTATAGTCGAT,0,3536849
tfaE_stfE_predicted,0.07142857142857142,13,13,TCGCGCGGCAACGATTCAAA,0,3530366
tfaE_stfE_predicted,0.07142857142857142,13,13,TCGATGGTTACCGAAACCAA,0,3540653
tfaE_stfE_predicted,0.07142857142857142,13,13,TCCTGTAAAGGCATCCCTGT,0,3501692
tfaE_stfE_predicted,0.07142857142857142,13,13,TCCTGGTGATGGTGACGCAT,0,3523516
tfaE_stfE_predicted,0.07142857142857142,13,13,TCCTCCACTGGCATGGGTGT,0,3509731
tfaE_stfE_predicted,0.07142857142857142,13,13,TCCGCTTTGTTTGCGGTCAA,0,3477946
tfaE_stfE_predicted,0.07142857142857142,13,13,TCCGCGTCTTTGTTTTCGAG,0,3527940
tfaE_stfE_predicted,0.07142857142857142,13,13,TCCGATTCACCGCTTGGGAA,0,3513874
tfaE_stfE_predicted,0.07142857142857142,13,13,TCCGATCCAGAGGGGACTTG,0,3539389
tfaE_stfE_predicted,0.07142857142857142,13,13,TCCCTGAGGCACTGGGAGAA,0,3525990
tfaE_stfE_predicted,0.07142857142857142,13,13,TCCCCAATGTGTTAGTTTGG,0,3472729
tfaE_stfE_predicted,0.07142857142857142,13,13,TCCAGTGGCGGGCTCCAATT,0,3523034
tfaE_stfE_predicted,0.07142857142857142,13,13,TCCAGCAGCAGCGTGCAAGT,0,3534997
tfaE_stfE_predicted,0.07142857142857142,13,13,TCCACTGGTCCACAGGACTG,0,3487769
tfaE_stfE_predicted,0.07142857142857142,13,13,TCATCGGCAGCGTTGGTCCC,0,3528054
tfaE_stfE_predicted,0.07142857142857142,13,13,TCATCCTTTCCACCGATGCC,0,3530251
tfaE_stfE_predicted,0.07142857142857142,13,13,TCAGAGGAATAAGCATTCCG,0,3503040
tfaE_stfE_predicted,0.07142857142857142,13,13,TCACGGGGCCACCGATGCGC,0,3519673
tfaE_stfE_predicted,0.07142857142857142,13,13,TCACCGAAGGCTGTCATCGA,0,3476511
tfaE_stfE_predicted,0.07142857142857142,13,13,TCAAGATGCACTTATGGACC,0,3517059
tfaE_stfE_predicted,0.07142857142857142,13,13,TATTTCATCGCAGGTCAGCC,0,3498164
tfaE_stfE_predicted,0.07142857142857142,13,13,TATTGCGGGAGTAACTCCAT,0,3484101
tfaE_stfE_predicted,0.07142857142857142,13,13,TATTACCGGAGTAGCTGGAG,0,3491197
tfaE_stfE_predicted,0.07142857142857142,13,13,TATGGGTGCCTGTCTTATTG,0,3521793
tfaE_stfE_predicted,0.07142857142857142,13,13,TATGCATATCAGACCGTTCA,0,3488987
tfaE_stfE_predicted,0.07142857142857142,13,13,TATGAGGTAGAGTCCACAAT,0,3508745
tfaE_stfE_predicted,0.07142857142857142,13,13,TATGAATAAGTCACGACATG,0,3511851
tfaE_stfE_predicted,0.07142857142857142,13,13,TATCTAGTCAGTCACTGTCT,0,3482338
tfaE_stfE_predicted,0.07142857142857142,13,13,TATCACCTCTCTTCCGAACC,0,3498201
tfaE_stfE_predicted,0.07142857142857142,13,13,TATAGGTGTCCGATGAAGAC,0,3487182
tfaE_stfE_predicted,0.07142857142857142,13,13,TATAGGAGAGTTGGCTGACC,0,3474413
tfaE_stfE_predicted,0.07142857142857142,13,13,TATAAGCAGCGGACGGTGCT,0,3530184
tfaE_stfE_predicted,0.07142857142857142,13,13,TAGGCCTACCGACATGCGGC,0,3531141
tfaE_stfE_predicted,0.07142857142857142,13,13,TAGCTCGTCTGAGGGAACGC,0,3493294
tfaE_stfE_predicted,0.07142857142857142,13,13,TAGCGGTCGGTTCACTGGGG,0,3521188
tfaE_stfE_predicted,0.07142857142857142,13,13,TAGAGAGGATTGGGGGTCTG,0,3532348
tfaE_stfE_predicted,0.07142857142857142,13,13,TACTTGAGTAGCTCTAAAGC,0,3530684
tfaE_stfE_predicted,0.07142857142857142,13,13,TACGGCGCCGTCACAACATC,0,3526259
tfaE_stfE_predicted,0.07142857142857142,13,13,TACCGTTTGTCGATCTTGGG,0,3470915
tfaE_stfE_predicted,0.07142857142857142,13,13,TACCCCTTTCTAACTTCGGT,0,3476568
tfaE_stfE_predicted,0.07142857142857142,13,13,TACCCCGGTCAATTGCGGGG,0,3510337
tfaE_stfE_predicted,0.07142857142857142,13,13,TACCATACGGTTCGAACGAG,0,3486323
tfaE_stfE_predicted,0.07142857142857142,13,13,TACCACGCCCATCCTGAGGA,0,3505524
tfaE_stfE_predicted,0.07142857142857142,13,13,TACATTGTGGATAAGGCGAG,0,3500176
tfaE_stfE_predicted,0.07142857142857142,13,13,TACAGATCTTGACTAGAGGC,0,3483350
tfaE_stfE_predicted,0.07142857142857142,13,13,TACACGGGATTAGATTTAGA,0,3486156
tfaE_stfE_predicted,0.07142857142857142,13,13,TAATTACACAAACCTAGAGG,0,3532197
tfaE_stfE_predicted,0.07142857142857142,13,13,TAATGGGAATAGCCTCTGTA,0,3489097
tfaE_stfE_predicted,0.07142857142857142,13,13,TAATGCGTTCCCCGTCGAGG,0,3498903
tfaE_stfE_predicted,0.07142857142857142,13,13,TAATGATGGGTGCTGGAGAA,0,3519813
tfaE_stfE_predicted,0.07142857142857142,13,13,TAATCGAGGCAGTGAAAAGG,0,3525477
tfaE_stfE_predicted,0.07142857142857142,13,13,TAATCAACATCAGGGTCTCA,0,3508597
tfaE_stfE_predicted,0.07142857142857142,13,13,TAAGGGTGCTTGACTGTGAT,0,3511343
tfaE_stfE_predicted,0.07142857142857142,13,13,TAAGCGAACTGGACGGTGTG,0,3519663
tfaE_stfE_predicted,0.07142857142857142,13,13,TAAGCCTCGGGAATAGTCGT,0,3485157
tfaE_stfE_predicted,0.07142857142857142,13,13,TAACTGAGCGTTAATATCAT,0,3478086
tfaE_stfE_predicted,0.07142857142857142,13,13,TAAAATTGGGAGACTGGGTC,0,3506567
tfaE_stfE_predicted,0.07142857142857142,13,13,GTTTCGACGAATCGAGAGAT,0,3471670
tfaE_stfE_predicted,0.07142857142857142,13,13,GTTTCAACGATGTATGAACC,0,3510222
tfaE_stfE_predicted,0.07142857142857142,13,13,GTTTCAAAGAGTCCAAAACG,0,3475132
tfaE_stfE_predicted,0.07142857142857142,13,13,GTTGTTCGGCACCCTATCTT,0,3540086
tfaE_stfE_predicted,0.07142857142857142,13,13,GTTGTAGTTCCTTACCAGTT,0,3467111
tfaE_stfE_predicted,0.07142857142857142,13,13,GTTGCGTAATGTGGCACGTG,0,3474863
tfaE_stfE_predicted,0.07142857142857142,13,13,GTTCTGGGAGTCTCGTAATG,0,3479905
tfaE_stfE_predicted,0.07142857142857142,13,13,GTTCTGGATTGCGCTATTTT,0,3486809
tfaE_stfE_predicted,0.07142857142857142,13,13,GTTCGGAGCGTAGAATCCTG,0,3473166
tfaE_stfE_predicted,0.07142857142857142,13,13,GTTCAAACCCGTGGTACCTT,0,3467980
tfaE_stfE_predicted,0.07142857142857142,13,13,GTTATTACTCCAGCACGCCA,0,3477597
tfaE_stfE_predicted,0.07142857142857142,13,13,GTTATGTGTTTAATCGAGGC,0,3497661
tfaE_stfE_predicted,0.07142857142857142,13,13,GTTAGTTGTGAGTGGGTTAC,0,3498670
tfaE_stfE_predicted,0.07142857142857142,13,13,GTTAGGCTCTGAGCCCGATA,0,3491762
tfaE_stfE_predicted,0.07142857142857142,13,13,GTGTTCATACGGGTCACGGT,0,3524928
tfaE_stfE_predicted,0.07142857142857142,13,13,GTGTGTTACCGTACATCGTC,0,3499474
tfaE_stfE_predicted,0.07142857142857142,13,13,GTGTGAGTGCGACGCGGTGT,0,3520041
tfaE_stfE_predicted,0.07142857142857142,13,13,GTGTATCACACCCCTCGGCA,0,3475776
tfaE_stfE_predicted,0.07142857142857142,13,13,GTGGGTGTTGGGCTACGCCA,0,3492854
tfaE_stfE_predicted,0.07142857142857142,13,13,GTGAGAGGTAGGACCTGACT,0,3518384
tfaE_stfE_predicted,0.07142857142857142,13,13,GTCTGGTCTGTAAATATATA,0,3479938
tfaE_stfE_predicted,0.07142857142857142,13,13,GTCTAGCTAAGCGTGTAACC,0,3485231
tfaE_stfE_predicted,0.07142857142857142,13,13,GTCGATCCACTGTCTTCAGA,0,3510068
tfaE_stfE_predicted,0.07142857142857142,13,13,GTCCAATCACGCCGAATCCT,0,3539483
tfaE_stfE_predicted,0.07142857142857142,13,13,GTCATACGTCCCTGGTTAGA,0,3491319
tfaE_stfE_predicted,0.07142857142857142,13,13,GTCAGCTGTCCAGACAGAGT,0,3482925
tfaE_stfE_predicted,0.07142857142857142,13,13,GTCACGTTATGAAGGATATT,0,3531188
tfaE_stfE_predicted,0.07142857142857142,13,13,GTCAATTAAGGGGTTCTATT,0,3483243
tfaE_stfE_predicted,0.07142857142857142,13,13,GTATTTATGATTGGGAGGCT,0,3512345
tfaE_stfE_predicted,0.07142857142857142,13,13,GTATTGTTGTGGATAAGTAA,0,3490563
tfaE_stfE_predicted,0.07142857142857142,13,13,GTATGGAGTATTAGTGGTAA,0,3494886
tfaE_stfE_predicted,0.07142857142857142,13,13,GTAGTTTGTGAGAGGTCAAA,0,3501116
tfaE_stfE_predicted,0.07142857142857142,13,13,GTAGGGGGAGATGCACGTAC,0,3509654
tfaE_stfE_predicted,0.07142857142857142,13,13,GTAGGACATTGGACCTGGGA,0,3508776
tfaE_stfE_predicted,0.07142857142857142,13,13,GTAGAGCCAGGAACAAGCTT,0,3493255
tfaE_stfE_predicted,0.07142857142857142,13,13,GTAGACTGGGTAGGCATGCT,0,3467027
tfaE_stfE_predicted,0.07142857142857142,13,13,GTAGACGACAATCGACTAAT,0,3469931
tfaE_stfE_predicted,0.07142857142857142,13,13,GTAGAAAATCATTACCCAAG,0,3534289
tfaE_stfE_predicted,0.07142857142857142,13,13,GTACTTGGTCACAAGAATAT,0,3528767
tfaE_stfE_predicted,0.07142857142857142,13,13,GTACCGACTATGGAAGCGTG,0,3481103
tfaE_stfE_predicted,0.07142857142857142,13,13,GTAAGAGTAAATGAATTCGG,0,3537596
tfaE_stfE_predicted,0.07142857142857142,13,13,GTAACCTTGACATCTGTCTG,0,3466770
tfaE_stfE_predicted,0.07142857142857142,13,13,GTAAATGGGGTGATTACCAT,0,3476180
tfaE_stfE_predicted,0.07142857142857142,13,13,GTAAACCGGACTTAATCAGG,0,3534136
tfaE_stfE_predicted,0.07142857142857142,13,13,GGTTTAGTGGGGCTTGTCTT,0,3476522
tfaE_stfE_predicted,0.07142857142857142,13,13,GGTTGGACCTACGGGTGATG,0,3522520
tfaE_stfE_predicted,0.07142857142857142,13,13,GGTTGGAAATCAAATTTCAT,0,3535823
tfaE_stfE_predicted,0.07142857142857142,13,13,GGTTGAGAAAGTACTACAAT,0,3535061
tfaE_stfE_predicted,0.07142857142857142,13,13,GGTTCTTTGTCTTAAGTAGT,0,3500675
tfaE_stfE_predicted,0.07142857142857142,13,13,GGTGTAGAACGGGACCCGTA,0,3495970
tfaE_stfE_predicted,0.07142857142857142,13,13,GGTGGCGACCATTACTATTC,0,3497003
tfaE_stfE_predicted,0.07142857142857142,13,13,GGTGGCCGAACTACGGAGGT,0,3532665
tfaE_stfE_predicted,0.07142857142857142,13,13,GGTGCATGATAAGTCTCCTA,0,3516252
tfaE_stfE_predicted,0.07142857142857142,13,13,GGTCCCTTATCTCACTATTG,0,3466457
tfaE_stfE_predicted,0.07142857142857142,13,13,GGTATTTAACGTTGGCTGTA,0,3478230
tfaE_stfE_predicted,0.07142857142857142,13,13,GGTATACGTTAGGTTGAATC,0,3518725
tfaE_stfE_predicted,0.07142857142857142,13,13,GGTAGACCGTAAAGACGGCA,0,3483512
tfaE_stfE_predicted,0.07142857142857142,13,13,GGGTATTTGATAGTCGCTAA,0,3474820
tfaE_stfE_predicted,0.07142857142857142,13,13,GGGGCTACCCAAAAGACGCA,0,3491410
tfaE_stfE_predicted,0.07142857142857142,13,13,GGGGAGGCTTATGTGTCAGT,0,3517923
tfaE_stfE_predicted,0.07142857142857142,13,13,GGGCCTTACCAAGGTAGGTT,0,3479971
tfaE_stfE_predicted,0.07142857142857142,13,13,GGGATAGGTAGTTCTTCTGA,0,3525949
tfaE_stfE_predicted,0.07142857142857142,13,13,GGGACAGATCCAGGAGCATC,0,3468437
tfaE_stfE_predicted,0.07142857142857142,13,13,GGGAACGTGGTTGTTGGATT,0,3526875
tfaE_stfE_predicted,0.07142857142857142,13,13,GGCTTTAGCTAGGACTCCGA,0,3469755
tfaE_stfE_predicted,0.07142857142857142,13,13,GGCCCGTGGCAGTTTTGGTC,0,3537659
tfaE_stfE_predicted,0.07142857142857142,13,13,GGCCATTTGTAGAAATAAGA,0,3527110
tfaE_stfE_predicted,0.07142857142857142,13,13,GGCCAGACTGATACCACTCC,0,3518366
tfaE_stfE_predicted,0.07142857142857142,13,13,GGCCAGACCACAAGAATGAC,0,3485098
tfaE_stfE_predicted,0.07142857142857142,13,13,GGCAACCGAGTGTCTAGATT,0,3519307
tfaE_stfE_predicted,0.07142857142857142,13,13,GGATGGGAGTAGTGCTATAC,0,3517006
tfaE_stfE_predicted,0.07142857142857142,13,13,GGATATTAAATGCATTATGG,0,3473580
tfaE_stfE_predicted,0.07142857142857142,13,13,GGAGATCCGATTGTCCCGCG,0,3500085
tfaE_stfE_predicted,0.07142857142857142,13,13,GGAGACCTCCGGGCGGATGG,0,3475070
tfaE_stfE_predicted,0.07142857142857142,13,13,GGACTTCCCGCATCACTTTG,0,3514422
tfaE_stfE_predicted,0.07142857142857142,13,13,GGACGATAGCAACCCGTCTA,0,3478697
tfaE_stfE_predicted,0.07142857142857142,13,13,GGACCCATCATTGATCGGGC,0,3533046
tfaE_stfE_predicted,0.07142857142857142,13,13,GGAAGACGTCGAGGAAAATC,0,3511349
tfaE_stfE_predicted,0.07142857142857142,13,13,GGAAATTTAAAATCATTCGA,0,3484625
tfaE_stfE_predicted,0.07142857142857142,13,13,GGAAACACGTGTTAGCTTAC,0,3507621
tfaE_stfE_predicted,0.07142857142857142,13,13,GCTTGTCCCATATAGCAACC,0,3488373
tfaE_stfE_predicted,0.07142857142857142,13,13,GCTGGTGTTCATTAGTCTTG,0,3482690
tfaE_stfE_predicted,0.07142857142857142,13,13,GCTGGCGCGGCGTCCAAACC,0,3484842
tfaE_stfE_predicted,0.07142857142857142,13,13,GCTGCTGGATTTCTAGCGGA,0,3486935
tfaE_stfE_predicted,0.07142857142857142,13,13,GCTCTAGGCTAAACACCTAT,0,3504006
tfaE_stfE_predicted,0.07142857142857142,13,13,GCTCCATTGTAGGTAGCGAA,0,3535121
tfaE_stfE_predicted,0.07142857142857142,13,13,GCTATCGGAATCAACTGAAG,0,3496235
tfaE_stfE_predicted,0.07142857142857142,13,13,GCTAGCTTATAGCTGGCACA,0,3506576
tfaE_stfE_predicted,0.07142857142857142,13,13,GCTAGCGCGGGTGTTATTAT,0,3535866
tfaE_stfE_predicted,0.07142857142857142,13,13,GCTAACCATAGCGAGATAGA,0,3468459
tfaE_stfE_predicted,0.07142857142857142,13,13,GCGTGCACTGAAGTTCATAA,0,3509586
tfaE_stfE_predicted,0.07142857142857142,13,13,GCGTATGCGCCGCGTACATC,0,3490001
tfaE_stfE_predicted,0.07142857142857142,13,13,GCGTAGATGCCATACCGTGC,0,3502370
tfaE_stfE_predicted,0.07142857142857142,13,13,GCGGTCTAACCGACGGTAGA,0,3471182
tfaE_stfE_predicted,0.07142857142857142,13,13,GCGCTAGATTGCACTTCTTT,0,3521847
tfaE_stfE_predicted,0.07142857142857142,13,13,GCGCCACCTGAAATTCATCG,0,3520091
tfaE_stfE_predicted,0.07142857142857142,13,13,GCGCCAACCGCTTCCGGAAC,0,3467543
tfaE_stfE_predicted,0.07142857142857142,13,13,GCGAGTTCATGGAGCCCGGC,0,3502179
tfaE_stfE_predicted,0.07142857142857142,13,13,GCCTGGGGGTGGGACGAGCC,0,3492707
tfaE_stfE_predicted,0.07142857142857142,13,13,GCCGTGAAACGGAATCAGGG,0,3538760
tfaE_stfE_predicted,0.07142857142857142,13,13,GCCGTCCATGTCTGTCTCTG,0,3496368
tfaE_stfE_predicted,0.07142857142857142,13,13,GCCCGTGACGGACAACTCGT,0,3502781
tfaE_stfE_predicted,0.07142857142857142,13,13,GCCCAGGGATTAATAGGGTT,0,3518961
tfaE_stfE_predicted,0.07142857142857142,13,13,GCATGTTCATGTTCCACGTG,0,3487757
tfaE_stfE_predicted,0.07142857142857142,13,13,GCAGTTGGCATTCAGACGTA,0,3525865
tfaE_stfE_predicted,0.07142857142857142,13,13,GCAGCAGGCACAAAACTTAC,0,3478482
tfaE_stfE_predicted,0.07142857142857142,13,13,GCAGAGGTAAGAGTGGCGAC,0,3504539
tfaE_stfE_predicted,0.07142857142857142,13,13,GCAGACAACACATGGGATGA,0,3527818
tfaE_stfE_predicted,0.07142857142857142,13,13,GCAGAAATCGGTGCTCCGCC,0,3510522
tfaE_stfE_predicted,0.07142857142857142,13,13,GCACTGGTTTGGATGGCTGG,0,3500700
tfaE_stfE_predicted,0.07142857142857142,13,13,GCACTCCGATCCCGCTTATC,0,3508338
tfaE_stfE_predicted,0.07142857142857142,13,13,GCACCTTGTAGACCCACATC,0,3477352
tfaE_stfE_predicted,0.07142857142857142,13,13,GCACCGTAACAGGTAAATGT,0,3496548
tfaE_stfE_predicted,0.07142857142857142,13,13,GCACAGGACCGGTGTGTCAT,0,3486002
tfaE_stfE_predicted,0.07142857142857142,13,13,GCACAAGAAAGTAAGTAGAT,0,3522577
tfaE_stfE_predicted,0.07142857142857142,13,13,GCAAGTCCCGGTCCTGGGAT,0,3498664
tfaE_stfE_predicted,0.07142857142857142,13,13,GCAACTCCCCGGGGCACGTG,0,3487161
tfaE_stfE_predicted,0.07142857142857142,13,13,GCAACGGTGGTCCATAGTGT,0,3473420
tfaE_stfE_predicted,0.07142857142857142,13,13,GCAAATGGGCGGGACATGGT,0,3509298
tfaE_stfE_predicted,0.07142857142857142,13,13,GCAAATGACGATTGGATGCA,0,3503595
tfaE_stfE_predicted,0.07142857142857142,13,13,GATTTGGACAATATCGGCTA,0,3529302
tfaE_stfE_predicted,0.07142857142857142,13,13,GATTTGCCTTCAAATTACCA,0,3530435
tfaE_stfE_predicted,0.07142857142857142,13,13,GATTTCCCAGTGTTGTAAGG,0,3513965
tfaE_stfE_predicted,0.07142857142857142,13,13,GATTACTACGGCACTAAATC,0,3489001
tfaE_stfE_predicted,0.07142857142857142,13,13,GATGAATGTTAAACCATGAC,0,3469042
tfaE_stfE_predicted,0.07142857142857142,13,13,GATGAAGTAGTTTGTACTAG,0,3480881
tfaE_stfE_predicted,0.07142857142857142,13,13,GATCCCTCTTAGCTCACCAC,0,3521788
tfaE_stfE_predicted,0.07142857142857142,13,13,GATCACCGATAGCACAGTTG,0,3488244
tfaE_stfE_predicted,0.07142857142857142,13,13,GATATACTTAATAGTCAATC,0,3482797
tfaE_stfE_predicted,0.07142857142857142,13,13,GATAGCTGCTACAGTGCGCT,0,3508143
tfaE_stfE_predicted,0.07142857142857142,13,13,GATAGCCATCAGAAGGTATC,0,3479843
tfaE_stfE_predicted,0.07142857142857142,13,13,GATACTATCTGCGTCAAAGG,0,3508982
tfaE_stfE_predicted,0.07142857142857142,13,13,GAGTTATGAGGGACGCCCAA,0,3489151
tfaE_stfE_predicted,0.07142857142857142,13,13,GAGTGCGGGGCCGCCGAGAG,0,3484248
tfaE_stfE_predicted,0.07142857142857142,13,13,GAGGTCTTGTACGCTTTCGG,0,3518103
tfaE_stfE_predicted,0.07142857142857142,13,13,GAGGTCTAACGCATAGACCT,0,3522166
tfaE_stfE_predicted,0.07142857142857142,13,13,GAGGGGGCTGCAACTGATTA,0,3522440
tfaE_stfE_predicted,0.07142857142857142,13,13,GAGGAGATTGTGCGTGACAT,0,3474348
tfaE_stfE_predicted,0.07142857142857142,13,13,GAGCTCGTGTACCTACCATA,0,3507047
tfaE_stfE_predicted,0.07142857142857142,13,13,GAGCGCGCGTAATTTACTTT,0,3518624
tfaE_stfE_predicted,0.07142857142857142,13,13,GAGCGCCAGATCTCGCTTAA,0,3515822
tfaE_stfE_predicted,0.07142857142857142,13,13,GAGCACTCAGTATGTGCATT,0,3529372
tfaE_stfE_predicted,0.07142857142857142,13,13,GAGATCTCTCGTCTGTCACT,0,3475302
tfaE_stfE_predicted,0.07142857142857142,13,13,GAGATCATGTTATGGGTTTG,0,3471464
tfaE_stfE_predicted,0.07142857142857142,13,13,GACTGACCTTCGACACTTTG,0,3539252
tfaE_stfE_predicted,0.07142857142857142,13,13,GACGGGGTCGCGGATGTTAT,0,3529545
tfaE_stfE_predicted,0.07142857142857142,13,13,GACGCGACTCGCGTATGACC,0,3538444
tfaE_stfE_predicted,0.07142857142857142,13,13,GACCGCAGTTTAGTGCCTAT,0,3522418
tfaE_stfE_predicted,0.07142857142857142,13,13,GACATAATATAAATCGCCAA,0,3516887
tfaE_stfE_predicted,0.07142857142857142,13,13,GACACTGAACAGGCGTAGGG,0,3467717
tfaE_stfE_predicted,0.07142857142857142,13,13,GACACCCTGTTGGCTTGCAT,0,3492014
tfaE_stfE_predicted,0.07142857142857142,13,13,GAATTAATAGAATGGTAAGC,0,3500705
tfaE_stfE_predicted,0.07142857142857142,13,13,GAAGTAAACGCGCATACCAC,0,3506731
tfaE_stfE_predicted,0.07142857142857142,13,13,GAAGGTGCTCACGCAATTTG,0,3524284
tfaE_stfE_predicted,0.07142857142857142,13,13,GAAGAATCAATGGTACCCCC,0,3529383
tfaE_stfE_predicted,0.07142857142857142,13,13,GAACCTGGAGGTCCATAGGG,0,3519414
tfaE_stfE_predicted,0.07142857142857142,13,13,GAACCGAGCTCGTGTTATTT,0,3510160
tfaE_stfE_predicted,0.07142857142857142,13,13,GAAAGTCAGCCGGGTAAGGA,0,3488382
tfaE_stfE_predicted,0.07142857142857142,13,13,GAAAAACATGTTCGTCACAT,0,3495414
tfaE_stfE_predicted,0.07142857142857142,13,13,CTTTTGACTAGCTCTTCCTT,0,3515717
tfaE_stfE_predicted,0.07142857142857142,13,13,CTTTTCTCGGCCGTGGCTGC,0,3526594
tfaE_stfE_predicted,0.07142857142857142,13,13,CTTGTCTCACCGCGGTCAAA,0,3529620
tfaE_stfE_predicted,0.07142857142857142,13,13,CTTGTCTAGTGAAAGACATC,0,3538062
tfaE_stfE_predicted,0.07142857142857142,13,13,CTTGGTTGAGTTTACAGACG,0,3495748
tfaE_stfE_predicted,0.07142857142857142,13,13,CTTCGTGAGAGATATGTGAG,0,3472158
tfaE_stfE_predicted,0.07142857142857142,13,13,CTTCACTTATTAGGCTTAAT,0,3517364
tfaE_stfE_predicted,0.07142857142857142,13,13,CTTACAGTAATTTCGGATTG,0,3493591
tfaE_stfE_predicted,0.07142857142857142,13,13,CTTAACTTTCACCGGCTTAA,0,3496189
tfaE_stfE_predicted,0.07142857142857142,13,13,CTGTTAGTACATGTGTCGGT,0,3531023
tfaE_stfE_predicted,0.07142857142857142,13,13,CTGTCTGCTTAGCCACCCGT,0,3509928
tfaE_stfE_predicted,0.07142857142857142,13,13,CTGGGTCGTTCCCCCGCGAG,0,3472952
tfaE_stfE_predicted,0.07142857142857142,13,13,CTGCGGCGAAGTCCACCGCC,0,3510242
tfaE_stfE_predicted,0.07142857142857142,13,13,CTGCACAAAGCCTATATAGG,0,3492162
tfaE_stfE_predicted,0.07142857142857142,13,13,CTGAGCCTTGTTGTGGCTAT,0,3521721
tfaE_stfE_predicted,0.07142857142857142,13,13,CTGACCGCCCCGGTGTTGGG,0,3504543
tfaE_stfE_predicted,0.07142857142857142,13,13,CTGAAAAGGTCTCCTGTGGA,0,3531040
tfaE_stfE_predicted,0.07142857142857142,13,13,CTCGGCGGTCCTTATCGTTG,0,3518864
tfaE_stfE_predicted,0.07142857142857142,13,13,CTCGCACTAACCGGGGGTTG,0,3533545
tfaE_stfE_predicted,0.07142857142857142,13,13,CTCCTTGGCCAGCCGTCCGA,0,3471832
tfaE_stfE_predicted,0.07142857142857142,13,13,CTCCGTGGGATCGGGTACAG,0,3511441
tfaE_stfE_predicted,0.07142857142857142,13,13,CTCCGGCTGTCTTAATTGAT,0,3529482
tfaE_stfE_predicted,0.07142857142857142,13,13,CTCAGTCAACGTTTCGAGCG,0,3532376
tfaE_stfE_predicted,0.07142857142857142,13,13,CTCAGGTCCATAGTTGTGAG,0,3492475
tfaE_stfE_predicted,0.07142857142857142,13,13,CTCAAATAGCCGTCGGGAGC,0,3506179
tfaE_stfE_predicted,0.07142857142857142,13,13,CTATGCCGCGAGAAGAGCAA,0,3515341
tfaE_stfE_predicted,0.07142857142857142,13,13,CTATAACCCTGGTTGCGACG,0,3481184
tfaE_stfE_predicted,0.07142857142857142,13,13,CTAGTTGTTCTAAAAACAGC,0,3489951
tfaE_stfE_predicted,0.07142857142857142,13,13,CTAGCCCTTCTCGGTCATTG,0,3467144
tfaE_stfE_predicted,0.07142857142857142,13,13,CTAGATACCGGGCGGGCGCG,0,3473125
tfaE_stfE_predicted,0.07142857142857142,13,13,CTACTCCCCAAGGGAGAGAT,0,3491702
tfaE_stfE_predicted,0.07142857142857142,13,13,CTACGCGTGGAGTACAATCG,0,3471603
tfaE_stfE_predicted,0.07142857142857142,13,13,CTACAAGCTCCCGTTCATTA,0,3470404
tfaE_stfE_predicted,0.07142857142857142,13,13,CTAAGGGGCAGAGGGTTCAC,0,3538963
tfaE_stfE_predicted,0.07142857142857142,13,13,CTAAGATCGTGCTGCGGCGG,0,3470693
tfaE_stfE_predicted,0.07142857142857142,13,13,CTAAACTGAATTGTTAACTG,0,3477758
tfaE_stfE_predicted,0.07142857142857142,13,13,CGTTTCAAGGGTCATTTCCA,0,3516257
tfaE_stfE_predicted,0.07142857142857142,13,13,CGTGTGTTAAATGCTCGGTG,0,3495443
tfaE_stfE_predicted,0.07142857142857142,13,13,CGTGGCCATGATAGAGGGGA,0,3524538
tfaE_stfE_predicted,0.07142857142857142,13,13,CGTCCTCTAAGCTTTCCGTT,0,3509291
tfaE_stfE_predicted,0.07142857142857142,13,13,CGTATTCGTGGGTCCTGAGC,0,3487304
tfaE_stfE_predicted,0.07142857142857142,13,13,CGTAACGTGCGGAAGTATAC,0,3538177
tfaE_stfE_predicted,0.07142857142857142,13,13,CGGTTCGTCAATTGGGTAAG,0,3534749
tfaE_stfE_predicted,0.07142857142857142,13,13,CGGTGACTCGGAACACTTCA,0,3535777
tfaE_stfE_predicted,0.07142857142857142,13,13,CGGCTCCGCTCGGGGAGACG,0,3517212
tfaE_stfE_predicted,0.07142857142857142,13,13,CGGCGTGGTACGACGATTAC,0,3485518
tfaE_stfE_predicted,0.07142857142857142,13,13,CGGATCTGCGGGAACACACT,0,3471696
tfaE_stfE_predicted,0.07142857142857142,13,13,CGGATCTGCGAGAGGCTTCA,0,3534189
tfaE_stfE_predicted,0.07142857142857142,13,13,CGGATATTGTTTTCTTGAAT,0,3520556
tfaE_stfE_predicted,0.07142857142857142,13,13,CGCTTGCTTCAACCAAGGTG,0,3516455
tfaE_stfE_predicted,0.07142857142857142,13,13,CGCTTAGTCGTCGGGCTTTG,0,3516159
tfaE_stfE_predicted,0.07142857142857142,13,13,CGCGATTCGCAACGGAAACC,0,3515834
tfaE_stfE_predicted,0.07142857142857142,13,13,CGCGAGGTAATTGCCTGGGT,0,3486539
tfaE_stfE_predicted,0.07142857142857142,13,13,CGCCAGGTCACAACTTGAAT,0,3487302
tfaE_stfE_predicted,0.07142857142857142,13,13,CGCCAATTTGCTGGGCGTCA,0,3485158
tfaE_stfE_predicted,0.07142857142857142,13,13,CGCATATAGCGACTGATAGT,0,3496194
tfaE_stfE_predicted,0.07142857142857142,13,13,CGCAGCTCCCAATTCTACAC,0,3472727
tfaE_stfE_predicted,0.07142857142857142,13,13,CGCAACAGGAGGCGTGTGTA,0,3513246
tfaE_stfE_predicted,0.07142857142857142,13,13,CGATTTACACCGTATTAATC,0,3526228
tfaE_stfE_predicted,0.07142857142857142,13,13,CGATTATGAGAGTATTTTTC,0,3529870
tfaE_stfE_predicted,0.07142857142857142,13,13,CGACTTCTATCGCCATAGAT,0,3484737
tfaE_stfE_predicted,0.07142857142857142,13,13,CGACACAAATTTCGAAAAAG,0,3527906
tfaE_stfE_predicted,0.07142857142857142,13,13,CGAAACCTACTTGAGGCGTC,0,3518802
tfaE_stfE_predicted,0.07142857142857142,13,13,CCTTGTCGGTCACGAGGCCT,0,3490059
tfaE_stfE_predicted,0.07142857142857142,13,13,CCTTGACCGGTCCCTCCTGA,0,3486053
tfaE_stfE_predicted,0.07142857142857142,13,13,CCTTCTAGAAAAGAATCGCT,0,3489301
tfaE_stfE_predicted,0.07142857142857142,13,13,CCTTCGCCACTGACGCACGT,0,3495611
tfaE_stfE_predicted,0.07142857142857142,13,13,CCTTACCTAGTTCGATTTCT,0,3489349
tfaE_stfE_predicted,0.07142857142857142,13,13,CCTGGTGAGCCAGGTGGAAC,0,3505453
tfaE_stfE_predicted,0.07142857142857142,13,13,CCTGGTGAAGACACTTCGCA,0,3483821
tfaE_stfE_predicted,0.07142857142857142,13,13,CCTGGGTAGGAAACAGACGT,0,3477048
tfaE_stfE_predicted,0.07142857142857142,13,13,CCTCTCGTCCGGCTTCGAGG,0,3501150
tfaE_stfE_predicted,0.07142857142857142,13,13,CCTCGGGGGAGCTATGTCCA,0,3472605
tfaE_stfE_predicted,0.07142857142857142,13,13,CCTCCTAGGCACTTACGATT,0,3476570
tfaE_stfE_predicted,0.07142857142857142,13,13,CCTAATGTCAATCTAGGTCC,0,3479657
tfaE_stfE_predicted,0.07142857142857142,13,13,CCTAAGTCTTATATATACAT,0,3489358
tfaE_stfE_predicted,0.07142857142857142,13,13,CCGTTTGCGACTGAATGTGG,0,3501083
tfaE_stfE_predicted,0.07142857142857142,13,13,CCGTAGTACTGAGGGCGATT,0,3530388
tfaE_stfE_predicted,0.07142857142857142,13,13,CCGTACTCGGCTGCAAAGAC,0,3487768
tfaE_stfE_predicted,0.07142857142857142,13,13,CCGCGTCGCCGGTGTTATGT,0,3519014
tfaE_stfE_predicted,0.07142857142857142,13,13,CCGAGTCCGGGTGGTTCCAC,0,3509865
tfaE_stfE_predicted,0.07142857142857142,13,13,CCGACCTTGCGAGTCACATT,0,3485012
tfaE_stfE_predicted,0.07142857142857142,13,13,CCGACACTGAGTAGACTACG,0,3491569
tfaE_stfE_predicted,0.07142857142857142,13,13,CCCTCCCGTATAATGTAGAA,0,3529957
tfaE_stfE_predicted,0.07142857142857142,13,13,CCCGTCTGCAGCCGATTAGA,0,3474184
tfaE_stfE_predicted,0.07142857142857142,13,13,CCCGGCGGAGGTTTTTAGTA,0,3474952
tfaE_stfE_predicted,0.07142857142857142,13,13,CCCGAGGGGGCAATACGGCC,0,3487433
tfaE_stfE_predicted,0.07142857142857142,13,13,CCCCGAGTTTCCTTGTCGTT,0,3488992
tfaE_stfE_predicted,0.07142857142857142,13,13,CCCCCGCTAGCGACATCACA,0,3539610
tfaE_stfE_predicted,0.07142857142857142,13,13,CCCCAAGGGACTCTCCCGGT,0,3473763
tfaE_stfE_predicted,0.07142857142857142,13,13,CCCCAAAGTCCTATCTATAA,0,3519541
tfaE_stfE_predicted,0.07142857142857142,13,13,CCCACGAGTGTGTCAACTCT,0,3480983
tfaE_stfE_predicted,0.07142857142857142,13,13,CCCAATCATTGATAGAAGCC,0,3536272
tfaE_stfE_predicted,0.07142857142857142,13,13,CCATGTTCAGAATAAACCGC,0,3469056
tfaE_stfE_predicted,0.07142857142857142,13,13,CCATGGTGCAACATGTTGCA,0,3481120
tfaE_stfE_predicted,0.07142857142857142,13,13,CCATCCGTTATAAGTGCTTA,0,3524509
tfaE_stfE_predicted,0.07142857142857142,13,13,CCATAGTCCCTGCTAACATA,0,3487506
tfaE_stfE_predicted,0.07142857142857142,13,13,CCAGGACACTGGTTGCTCTG,0,3489562
tfaE_stfE_predicted,0.07142857142857142,13,13,CCAGCGTGTGTCAACTCGAA,0,3489145
tfaE_stfE_predicted,0.07142857142857142,13,13,CCAGACAAGCGTCGTTGATA,0,3524432
tfaE_stfE_predicted,0.07142857142857142,13,13,CCACTTGGCGTCGTCTCTTC,0,3473336
tfaE_stfE_predicted,0.07142857142857142,13,13,CCACAGTGACAAATGGAAGA,0,3470315
tfaE_stfE_predicted,0.07142857142857142,13,13,CCAAGGGGCCACACTTCCGT,0,3540978
tfaE_stfE_predicted,0.07142857142857142,13,13,CCAACATGAGAAGTTACGTT,0,3490131
tfaE_stfE_predicted,0.07142857142857142,13,13,CCAACAAGGGGTGCGAATGA,0,3479782
tfaE_stfE_predicted,0.07142857142857142,13,13,CATTATGAGTCCCGGATAAA,0,3496450
tfaE_stfE_predicted,0.07142857142857142,13,13,CATGTGGCGCGACGCCTCCC,0,3491438
tfaE_stfE_predicted,0.07142857142857142,13,13,CATCTTCACGGGTACCAGGC,0,3479610
tfaE_stfE_predicted,0.07142857142857142,13,13,CATCCTGAAATATGTTGGGA,0,3475206
tfaE_stfE_predicted,0.07142857142857142,13,13,CATCACATCTGTATCAGTCC,0,3499937
tfaE_stfE_predicted,0.07142857142857142,13,13,CAGGTTTTAGATTGCCAACT,0,3518499
tfaE_stfE_predicted,0.07142857142857142,13,13,CAGGGATTGACGATTGCAAG,0,3476578
tfaE_stfE_predicted,0.07142857142857142,13,13,CAGGAGGACCCTTAGCGCTG,0,3500880
tfaE_stfE_predicted,0.07142857142857142,13,13,CAGCTCCATACGACGTACCT,0,3484835
tfaE_stfE_predicted,0.07142857142857142,13,13,CAGCTAAATAAGCGTGGCCT,0,3470659
tfaE_stfE_predicted,0.07142857142857142,13,13,CAGCGCCGAGCCATTCTAGG,0,3474361
tfaE_stfE_predicted,0.07142857142857142,13,13,CAGATAGTCGAATGCGTACC,0,3508753
tfaE_stfE_predicted,0.07142857142857142,13,13,CAGAGCCTGTTTAGGGTATC,0,3490249
tfaE_stfE_predicted,0.07142857142857142,13,13,CACGTTCATCTTCCAAAGAT,0,3536557
tfaE_stfE_predicted,0.07142857142857142,13,13,CACGGGTCCCTACAATTAAA,0,3470778
tfaE_stfE_predicted,0.07142857142857142,13,13,CACGCGCAAGGGTGGAAACC,0,3478105
tfaE_stfE_predicted,0.07142857142857142,13,13,CACGCCGCAAGGGAGCGGGA,0,3539607
tfaE_stfE_predicted,0.07142857142857142,13,13,CACGCACAAGGGATCCAGGA,0,3518463
tfaE_stfE_predicted,0.07142857142857142,13,13,CACGATGAGCAGGGCAGCCC,0,3540790
tfaE_stfE_predicted,0.07142857142857142,13,13,CACCAGTATAGCGCCTGTAG,0,3486149
tfaE_stfE_predicted,0.07142857142857142,13,13,CACCACCAGTCGCAACGGCT,0,3514883
tfaE_stfE_predicted,0.07142857142857142,13,13,CACAACGACGACCGACACTA,0,3487339
tfaE_stfE_predicted,0.07142857142857142,13,13,CAATTCCTGTCGAATTACTA,0,3473910
tfaE_stfE_predicted,0.07142857142857142,13,13,CAATTCAAAGCGGTGAGATG,0,3535707
tfaE_stfE_predicted,0.07142857142857142,13,13,CAATTACGTCATGGAGTGTA,0,3472771
tfaE_stfE_predicted,0.07142857142857142,13,13,CAATGGTGTGAACAAAAAAG,0,3524570
tfaE_stfE_predicted,0.07142857142857142,13,13,CAATAACATAAATTAGACTG,0,3470400
tfaE_stfE_predicted,0.07142857142857142,13,13,CAAGTTGCATAGGTCGAGAT,0,3475328
tfaE_stfE_predicted,0.07142857142857142,13,13,CAAGAATCTGCATCAGATCG,0,3483357
tfaE_stfE_predicted,0.07142857142857142,13,13,CAACGTCTGGCCATGAGTGA,0,3483220
tfaE_stfE_predicted,0.07142857142857142,13,13,CAACGCACTAGCCGGAGTAC,0,3508633
tfaE_stfE_predicted,0.07142857142857142,13,13,CAACCTCGTCTCCATCAACG,0,3506130
tfaE_stfE_predicted,0.07142857142857142,13,13,CAACCATTCTTAGTGGTATG,0,3494213
tfaE_stfE_predicted,0.07142857142857142,13,13,CAAATCAGCGCAAAATATAT,0,3517436
tfaE_stfE_predicted,0.07142857142857142,13,13,CAAAGATCTGTTGCTCTAGT,0,3513327
tfaE_stfE_predicted,0.07142857142857142,13,13,CAAAACACAGCGGGAGTCCT,0,3492102
tfaE_stfE_predicted,0.07142857142857142,13,13,CAAAAACAACACAGATTGGT,0,3525195
tfaE_stfE_predicted,0.07142857142857142,13,13,ATTTGCGCACGCGGAAAAAC,0,3470364
tfaE_stfE_predicted,0.07142857142857142,13,13,ATTGGTATTGTTAACTGGCC,0,3501429
tfaE_stfE_predicted,0.07142857142857142,13,13,ATTGGGGAGACCTGCAACGG,0,3475527
tfaE_stfE_predicted,0.07142857142857142,13,13,ATTGGCACGCTTTTCTGTCA,0,3492374
tfaE_stfE_predicted,0.07142857142857142,13,13,ATTGACCAGCTATTGGGTTC,0,3527903
tfaE_stfE_predicted,0.07142857142857142,13,13,ATTCTAGAAGCGGGCACGTT,0,3471475
tfaE_stfE_predicted,0.07142857142857142,13,13,ATTCGTTAGTAACACCAAAG,0,3488853
tfaE_stfE_predicted,0.07142857142857142,13,13,ATTCCCAGGTGGGCGCACTA,0,3475879
tfaE_stfE_predicted,0.07142857142857142,13,13,ATTCACGAGTGAATCTTTGA,0,3523692
tfaE_stfE_predicted,0.07142857142857142,13,13,ATTACTCCCCGACCGTTAAT,0,3509471
tfaE_stfE_predicted,0.07142857142857142,13,13,ATTAATTGTTCGACGAATTA,0,3499719
tfaE_stfE_predicted,0.07142857142857142,13,13,ATGTTGGAGAGGTCCAGCCC,0,3526656
tfaE_stfE_predicted,0.07142857142857142,13,13,ATGTTGCCGAGAACAACAAT,0,3493441
tfaE_stfE_predicted,0.07142857142857142,13,13,ATGTTAGACGGGCTGAACAA,0,3530329
tfaE_stfE_predicted,0.07142857142857142,13,13,ATGTCGCGTGTCACCGGTTC,0,3495492
tfaE_stfE_predicted,0.07142857142857142,13,13,ATGTCGCCGTCAGTCCTACG,0,3500029
tfaE_stfE_predicted,0.07142857142857142,13,13,ATGGTTACGTTATCACTCGC,0,3535673
tfaE_stfE_predicted,0.07142857142857142,13,13,ATGGGTGCATCGCGAAGTTT,0,3469593
tfaE_stfE_predicted,0.07142857142857142,13,13,ATGGACATGTCTACTATGTC,0,3536561
tfaE_stfE_predicted,0.07142857142857142,13,13,ATGCGATTATCCAGAGTTCG,0,3498459
tfaE_stfE_predicted,0.07142857142857142,13,13,ATGCCCAGCGCCGTACAGAC,0,3535811
tfaE_stfE_predicted,0.07142857142857142,13,13,ATGCAATGCCCGATGAGTGC,0,3483009
tfaE_stfE_predicted,0.07142857142857142,13,13,ATGAGTTTGTGACGGGTATA,0,3496090
tfaE_stfE_predicted,0.07142857142857142,13,13,ATGACGGTCTTTAATTATCT,0,3484593
tfaE_stfE_predicted,0.07142857142857142,13,13,ATCTTCAATAACCGGCTTCA,0,3512321
tfaE_stfE_predicted,0.07142857142857142,13,13,ATCTTAATCTTAGTGTCCCG,0,3479142
tfaE_stfE_predicted,0.07142857142857142,13,13,ATCTGATGGTTTGGAGTTTT,0,3505155
tfaE_stfE_predicted,0.07142857142857142,13,13,ATCGTTACCCGTAATTCCGT,0,3514225
tfaE_stfE_predicted,0.07142857142857142,13,13,ATCGGGTACGGTTCTTATTT,0,3526654
tfaE_stfE_predicted,0.07142857142857142,13,13,ATCGGGACAGGGGAAAAGTG,0,3519961
tfaE_stfE_predicted,0.07142857142857142,13,13,ATCCGGGATATCACGGTTAC,0,3473872
tfaE_stfE_predicted,0.07142857142857142,13,13,ATCCATGCCTGATTGTGGTG,0,3537761
tfaE_stfE_predicted,0.07142857142857142,13,13,ATCATACGAGAGTTGAAGAT,0,3491178
tfaE_stfE_predicted,0.07142857142857142,13,13,ATCACGATTGCAGACCGTAG,0,3466507
tfaE_stfE_predicted,0.07142857142857142,13,13,ATATCTAACTAATCCGGTCG,0,3539717
tfaE_stfE_predicted,0.07142857142857142,13,13,ATATCAATCCACCTTTCTGG,0,3473223
tfaE_stfE_predicted,0.07142857142857142,13,13,ATATACTATCAGACAAGTTG,0,3491579
tfaE_stfE_predicted,0.07142857142857142,13,13,ATAGGGGTAAGAGAACCTTT,0,3530453
tfaE_stfE_predicted,0.07142857142857142,13,13,ATACTTATTCTAGCTGCCCC,0,3476992
tfaE_stfE_predicted,0.07142857142857142,13,13,ATACTGTCGATGATCGCTGT,0,3489167
tfaE_stfE_predicted,0.07142857142857142,13,13,ATACTGAGAGCTGGGGAAGT,0,3467743
tfaE_stfE_predicted,0.07142857142857142,13,13,ATACGTGCCCATTCGCTCGC,0,3481228
tfaE_stfE_predicted,0.07142857142857142,13,13,ATACGTAAACTTCGGACACT,0,3473684
tfaE_stfE_predicted,0.07142857142857142,13,13,ATACGCAGGTCCGTGCCACA,0,3493533
tfaE_stfE_predicted,0.07142857142857142,13,13,ATACCCTACACAGGATCCAT,0,3501932
tfaE_stfE_predicted,0.07142857142857142,13,13,ATACATGTCGTCCCGGGTAA,0,3473510
tfaE_stfE_predicted,0.07142857142857142,13,13,ATAATATCCTTGGTTTTTCT,0,3534945
tfaE_stfE_predicted,0.07142857142857142,13,13,ATAACGGGATGTCCCTAGCA,0,3501017
tfaE_stfE_predicted,0.07142857142857142,13,13,ATAACCCCGATGCGATTCTC,0,3499237
tfaE_stfE_predicted,0.07142857142857142,13,13,ATAAAGGAAGTGGGGCAGAT,0,3515932
tfaE_stfE_predicted,0.07142857142857142,13,13,ATAAACAGGGAGAAATGGCT,0,3512799
tfaE_stfE_predicted,0.07142857142857142,13,13,ATAAAAGGGAGACGAATTAC,0,3526447
tfaE_stfE_predicted,0.07142857142857142,13,13,AGTTTTCTCAGTAAATGGAG,0,3516956
tfaE_stfE_predicted,0.07142857142857142,13,13,AGTTATGTGACAGTCCATGC,0,3536134
tfaE_stfE_predicted,0.07142857142857142,13,13,AGTTATGGTGCGTTATCCCT,0,3537792
tfaE_stfE_predicted,0.07142857142857142,13,13,AGTTATATGGCCTCGAACCA,0,3478749
tfaE_stfE_predicted,0.07142857142857142,13,13,AGTTAGTAGATGCCAGTAAT,0,3472329
tfaE_stfE_predicted,0.07142857142857142,13,13,AGTTACAATATTTGTCGTGT,0,3490271
tfaE_stfE_predicted,0.07142857142857142,13,13,AGTGGTTTCATGTCAACGAT,0,3508899
tfaE_stfE_predicted,0.07142857142857142,13,13,AGTGCTCGCTTACGGACGAG,0,3487686
tfaE_stfE_predicted,0.07142857142857142,13,13,AGTGCCATAGAACGCAGGTG,0,3475240
tfaE_stfE_predicted,0.07142857142857142,13,13,AGTCGGTCTTTCGTTCCCTA,0,3509497
tfaE_stfE_predicted,0.07142857142857142,13,13,AGTCCAAGCTGTAAGACCAC,0,3468358
tfaE_stfE_predicted,0.07142857142857142,13,13,AGTCAGGATAGCCTCCGCTT,0,3504535
tfaE_stfE_predicted,0.07142857142857142,13,13,AGTAGTACGGGAATCCATCT,0,3495407
tfaE_stfE_predicted,0.07142857142857142,13,13,AGTAGGAACTGAGTAGCGAA,0,3539821
tfaE_stfE_predicted,0.07142857142857142,13,13,AGTACTGGTCGAATCACGTG,0,3480359
tfaE_stfE_predicted,0.07142857142857142,13,13,AGTACCAGACTTGCACATTA,0,3504094
tfaE_stfE_predicted,0.07142857142857142,13,13,AGTAAGAACGGGGACTCTTT,0,3510696
tfaE_stfE_predicted,0.07142857142857142,13,13,AGTAAACATTTCCCAGCGAA,0,3517351
tfaE_stfE_predicted,0.07142857142857142,13,13,AGGTTGTTACGCCACTTGAC,0,3519305
tfaE_stfE_predicted,0.07142857142857142,13,13,AGGGAAGAAATTAGCCCCCA,0,3479155
tfaE_stfE_predicted,0.07142857142857142,13,13,AGGCCGGTAATCACTTCGTC,0,3511701
tfaE_stfE_predicted,0.07142857142857142,13,13,AGGCAGGGCGTCGCGGGGAA,0,3540834
tfaE_stfE_predicted,0.07142857142857142,13,13,AGGATTATAGGGCATTGTGA,0,3518264
tfaE_stfE_predicted,0.07142857142857142,13,13,AGGACTGTCAAGAACCTCCT,0,3501939
tfaE_stfE_predicted,0.07142857142857142,13,13,AGGAAATTTAGATCTGAGGC,0,3500952
tfaE_stfE_predicted,0.07142857142857142,13,13,AGCTAGGGGTGTCCTGACCA,0,3530875
tfaE_stfE_predicted,0.07142857142857142,13,13,AGCGTGATCAAGTCCGTTCA,0,3514417
tfaE_stfE_predicted,0.07142857142857142,13,13,AGCGGAAAGACTCGTCCCTT,0,3510608
tfaE_stfE_predicted,0.07142857142857142,13,13,AGCCTGGGAGCCGTTGGGAT,0,3508655
tfaE_stfE_predicted,0.07142857142857142,13,13,AGCCGTATCCGTCGGCGTTT,0,3539073
tfaE_stfE_predicted,0.07142857142857142,13,13,AGCCCTAGGTGAATCGTCCA,0,3473578
tfaE_stfE_predicted,0.07142857142857142,13,13,AGCCATTTATCGTTGGTTTA,0,3533301
tfaE_stfE_predicted,0.07142857142857142,13,13,AGCATTACAGTCCAGAGGAC,0,3467165
tfaE_stfE_predicted,0.07142857142857142,13,13,AGCATCTTAGATTTAAGACC,0,3516044
tfaE_stfE_predicted,0.07142857142857142,13,13,AGCAGGGCTGTTTGCGCTGG,0,3540598
tfaE_stfE_predicted,0.07142857142857142,13,13,AGATTGTTCGTCGGCTAAGA,0,3486006
tfaE_stfE_predicted,0.07142857142857142,13,13,AGATTCCGGTAGTTTAACTA,0,3491270
tfaE_stfE_predicted,0.07142857142857142,13,13,AGAGCGTGGACTGGAGGCCT,0,3526782
tfaE_stfE_predicted,0.07142857142857142,13,13,AGAGATGCTCACGTCCGTTC,0,3501347
tfaE_stfE_predicted,0.07142857142857142,13,13,AGACACCATGTGTTTCGGGT,0,3493613
tfaE_stfE_predicted,0.07142857142857142,13,13,AGAATTGCCTGTCTTCGAAT,0,3476056
tfaE_stfE_predicted,0.07142857142857142,13,13,AGAATCCGATGTGTCGAGGA,0,3511213
tfaE_stfE_predicted,0.07142857142857142,13,13,ACTTTGTGTGAGATGTGCCG,0,3502135
tfaE_stfE_predicted,0.07142857142857142,13,13,ACTTGCATGTTAGCAATAAC,0,3470441
tfaE_stfE_predicted,0.07142857142857142,13,13,ACTTGAGCGCCCGAGCGCTA,0,3495069
tfaE_stfE_predicted,0.07142857142857142,13,13,ACTTCTCCGAGCAGCGCAAA,0,3522498
tfaE_stfE_predicted,0.07142857142857142,13,13,ACTGTATGCCACTCTTACGT,0,3479320
tfaE_stfE_predicted,0.07142857142857142,13,13,ACTGATCTCCGAAATGGTAG,0,3516382
tfaE_stfE_predicted,0.07142857142857142,13,13,ACTCGGTAGCAGATTTCATT,0,3516384
tfaE_stfE_predicted,0.07142857142857142,13,13,ACTCGCGGTGTGGAGCGTAC,0,3509354
tfaE_stfE_predicted,0.07142857142857142,13,13,ACTCGCCATCTGGGTGGAAG,0,3519331
tfaE_stfE_predicted,0.07142857142857142,13,13,ACTCAGAGCCTCGGGGGCTT,0,3514980
tfaE_stfE_predicted,0.07142857142857142,13,13,ACTAAAACCTCCCCCGTTCC,0,3512002
tfaE_stfE_predicted,0.07142857142857142,13,13,ACGTTGCCCCAGCCTACTTT,0,3537533
tfaE_stfE_predicted,0.07142857142857142,13,13,ACGTTACTTAAAATGTATAT,0,3471322
tfaE_stfE_predicted,0.07142857142857142,13,13,ACGTCCAGATCAGGCCCGTG,0,3466745
tfaE_stfE_predicted,0.07142857142857142,13,13,ACGGCCCACCACTGCGCTGA,0,3519938
tfaE_stfE_predicted,0.07142857142857142,13,13,ACGCTCGAGTGGATTAGATG,0,3498608
tfaE_stfE_predicted,0.07142857142857142,13,13,ACGCGGATGGAAAAATCTTA,0,3473643
tfaE_stfE_predicted,0.07142857142857142,13,13,ACGCGACATGATCGCTCCTG,0,3496606
tfaE_stfE_predicted,0.07142857142857142,13,13,ACGCCATCCATGAGGTTGGG,0,3505251
tfaE_stfE_predicted,0.07142857142857142,13,13,ACGCACCCACCGGGTGATAC,0,3518859
tfaE_stfE_predicted,0.07142857142857142,13,13,ACGAGGGGATTGTAGCAGAG,0,3538638
tfaE_stfE_predicted,0.07142857142857142,13,13,ACGAATGCGGTCCGTGCGCA,0,3528024
tfaE_stfE_predicted,0.07142857142857142,13,13,ACGAATAATCGGCTTACGGA,0,3489297
tfaE_stfE_predicted,0.07142857142857142,13,13,ACCTGTGTTTAGCTTGTAGG,0,3510606
tfaE_stfE_predicted,0.07142857142857142,13,13,ACCTCTTGAGCACGCGGCAG,0,3487658
tfaE_stfE_predicted,0.07142857142857142,13,13,ACCTCGCATTTCAGAACGTA,0,3484068
tfaE_stfE_predicted,0.07142857142857142,13,13,ACCTAGACTAAAACCTGCAG,0,3532575
tfaE_stfE_predicted,0.07142857142857142,13,13,ACCGGCTGCTGTAATTCCAA,0,3538195
tfaE_stfE_predicted,0.07142857142857142,13,13,ACCGAGAGAACCAAACCAGC,0,3521293
tfaE_stfE_predicted,0.07142857142857142,13,13,ACCCTTAAGTAGTTTAAGGC,0,3537715
tfaE_stfE_predicted,0.07142857142857142,13,13,ACCCGGTTTTAGAGAGCGCT,0,3472135
tfaE_stfE_predicted,0.07142857142857142,13,13,ACCCAGGAGGCTCTTGGCCC,0,3512598
tfaE_stfE_predicted,0.07142857142857142,13,13,ACCCACTTCCAGCTCAAAAA,0,3467302
tfaE_stfE_predicted,0.07142857142857142,13,13,ACCACTGACTGGATAGCGCT,0,3509728
tfaE_stfE_predicted,0.07142857142857142,13,13,ACCACCGAATATATAGCTAG,0,3507571
tfaE_stfE_predicted,0.07142857142857142,13,13,ACATACTTTACTCGCTCGGT,0,3487901
tfaE_stfE_predicted,0.07142857142857142,13,13,ACAGTACTGATTGTGATGGT,0,3537346
tfaE_stfE_predicted,0.07142857142857142,13,13,ACAGGTATGCTCGCTCCATA,0,3469026
tfaE_stfE_predicted,0.07142857142857142,13,13,ACAGATGAGTTCAATACGCA,0,3536209
tfaE_stfE_predicted,0.07142857142857142,13,13,ACACTGCCGACTGGAGAGAT,0,3520637
tfaE_stfE_predicted,0.07142857142857142,13,13,ACACGGGAATAGGGAAGATG,0,3532060
tfaE_stfE_predicted,0.07142857142857142,13,13,ACAAATTCCGTAATGACACA,0,3537846
tfaE_stfE_predicted,0.07142857142857142,13,13,AATTTGCTAAATAAGAGCAT,0,3480208
tfaE_stfE_predicted,0.07142857142857142,13,13,AATTCTCAGTCCTGGATTCC,0,3483153
tfaE_stfE_predicted,0.07142857142857142,13,13,AATTCAATCACCTTCTTATT,0,3470189
tfaE_stfE_predicted,0.07142857142857142,13,13,AATGTGGTTGTAGCGTATCG,0,3521499
tfaE_stfE_predicted,0.07142857142857142,13,13,AATGTAGAATGTGTACCAAG,0,3498823
tfaE_stfE_predicted,0.07142857142857142,13,13,AATGGCCATGTCCGACCCGG,0,3508565
tfaE_stfE_predicted,0.07142857142857142,13,13,AATCGCCATACAGGCTAGGA,0,3532612
tfaE_stfE_predicted,0.07142857142857142,13,13,AATCAGATGAGGCATGCAAA,0,3469095
tfaE_stfE_predicted,0.07142857142857142,13,13,AATATAAGTCCCTCTGACGA,0,3521383
tfaE_stfE_predicted,0.07142857142857142,13,13,AATAAGTGCTTGGAGCGATT,0,3482170
tfaE_stfE_predicted,0.07142857142857142,13,13,AAGTCAGAAACGTGTGACAC,0,3537111
tfaE_stfE_predicted,0.07142857142857142,13,13,AAGTAGTATACGCTATAGGC,0,3527302
tfaE_stfE_predicted,0.07142857142857142,13,13,AAGTAAGTACCGTTTGATAG,0,3492467
tfaE_stfE_predicted,0.07142857142857142,13,13,AAGGTTCATCGTGCGGACTA,0,3482603
tfaE_stfE_predicted,0.07142857142857142,13,13,AAGGCTAAATTTAGCTAGAT,0,3530407
tfaE_stfE_predicted,0.07142857142857142,13,13,AAGGCACCGCGCGAATGGGT,0,3534481
tfaE_stfE_predicted,0.07142857142857142,13,13,AAGGATATAGCATCACGTAC,0,3497591
tfaE_stfE_predicted,0.07142857142857142,13,13,AAGCACATCTAAGCACCTTA,0,3483741
tfaE_stfE_predicted,0.07142857142857142,13,13,AAGATTTTATTAATCGTGGG,0,3466598
tfaE_stfE_predicted,0.07142857142857142,13,13,AAGATCCACACATGCACCCG,0,3537631
tfaE_stfE_predicted,0.07142857142857142,13,13,AAGAGAAGACGTACCAGACA,0,3500549
tfaE_stfE_predicted,0.07142857142857142,13,13,AAGACGCAGTCCCCGGACGT,0,3477663
tfaE_stfE_predicted,0.07142857142857142,13,13,AACTGATGTGATGTGACATT,0,3533091
tfaE_stfE_predicted,0.07142857142857142,13,13,AACTCGGGACCCAATCACTT,0,3506181
tfaE_stfE_predicted,0.07142857142857142,13,13,AACTAAAATGACCGGGCTTT,0,3500104
tfaE_stfE_predicted,0.07142857142857142,13,13,AACGTTGTGCAAAAGACTAC,0,3537602
tfaE_stfE_predicted,0.07142857142857142,13,13,AACGTCAGTTCACACAGGAA,0,3502332
tfaE_stfE_predicted,0.07142857142857142,13,13,AACGCATCATAAGGTAAAAC,0,3504417
tfaE_stfE_predicted,0.07142857142857142,13,13,AACGCAAGTCAGGTCGGTAG,0,3537969
tfaE_stfE_predicted,0.07142857142857142,13,13,AACGCAAGAGTCATATGTTG,0,3497773
tfaE_stfE_predicted,0.07142857142857142,13,13,AACGACCGGGGTCCGCGTGG,0,3485975
tfaE_stfE_predicted,0.07142857142857142,13,13,AACGAAAGCGAGCTGTGCTC,0,3473512
tfaE_stfE_predicted,0.07142857142857142,13,13,AACCGGAAGGTGGCTAACAT,0,3497410
tfaE_stfE_predicted,0.07142857142857142,13,13,AACCGACTCATAATAGGGGC,0,3475979
tfaE_stfE_predicted,0.07142857142857142,13,13,AAATTAAGTAATCTATAGCT,0,3490515
tfaE_stfE_predicted,0.07142857142857142,13,13,AAATACGCCCCTACTTACAT,0,3513214
tfaE_stfE_predicted,0.07142857142857142,13,13,AAAGTTGAGTATGAACTTGA,0,3535504
tfaE_stfE_predicted,0.07142857142857142,13,13,AAAGTCCGCGAGCGTGTCCG,0,3471070
tfaE_stfE_predicted,0.07142857142857142,13,13,AAAGGCGGTACGTGGCGGAT,0,3521913
tfaE_stfE_predicted,0.07142857142857142,13,13,AAAGCCGCGTTGGGGGTTCA,0,3526166
tfaE_stfE_predicted,0.07142857142857142,13,13,AAACCCTGGTGTCGCTCTGG,0,3503499
tfaE_stfE_predicted,0.07142857142857142,13,13,AAAAGGTCGTGAGCGGACGT,0,3520721
tfaE_stfE_predicted,0.07142857142857142,13,13,AAAACTCGATCCCTACCGGT,0,3532620
tfaE_stfE_predicted,0.07142857142857142,13,13,AAAACGTAAGATTTAATGCT,0,3532199
tfaE_stfE_predicted,0.07142857142857142,13,13,AAAACGGTTATCCATACAAC,0,3490314
tfaE_stfE_predicted,0.07142857142857142,13,13,AAAAAATGGAGTTATGGATC,0,3495745
tfaE_stfE_predicted,0.07692307692307693,12,12,TTTTTAGGCTCCTCTGCCTC,0,3504805
tfaE_stfE_predicted,0.07692307692307693,12,12,TTTTGCTCGAAATATGTAAT,0,3466757
tfaE_stfE_predicted,0.07692307692307693,12,12,TTTTCGGTGGGCGTTGCTAT,0,3513762
tfaE_stfE_predicted,0.07692307692307693,12,12,TTTGTTTTAAGGGTCTACTG,0,3521287
tfaE_stfE_predicted,0.07692307692307693,12,12,TTTGGATTCTTATAGCGGCG,0,3523688
tfaE_stfE_predicted,0.07692307692307693,12,12,TTTGACGAATAGTTCTGCCG,0,3507572
tfaE_stfE_predicted,0.07692307692307693,12,12,TTTCACTGTACAACCCGCCA,0,3469285
tfaE_stfE_predicted,0.07692307692307693,12,12,TTTATATAGTCCGATGCAAA,0,3514097
tfaE_stfE_predicted,0.07692307692307693,12,12,TTGTGGTATTTGGAGAGGTT,0,3535589
tfaE_stfE_predicted,0.07692307692307693,12,12,TTGTCGTTCTTTCCGTCATC,0,3490236
tfaE_stfE_predicted,0.07692307692307693,12,12,TTGTCGCAGCGTGAACGACG,0,3507303
tfaE_stfE_predicted,0.07692307692307693,12,12,TTGTCCCAACAAGCTGATAG,0,3496796
tfaE_stfE_predicted,0.07692307692307693,12,12,TTGTCAACCCGGGGGGCTTT,0,3468203
tfaE_stfE_predicted,0.07692307692307693,12,12,TTGGGGCATAACCATTTGGG,0,3493444
tfaE_stfE_predicted,0.07692307692307693,12,12,TTGGGGCAGAGTTTAGTCCT,0,3468098
tfaE_stfE_predicted,0.07692307692307693,12,12,TTGGCTTAAGTAATAGGGGG,0,3532063
tfaE_stfE_predicted,0.07692307692307693,12,12,TTGCGATTGGGGAAAAAGAC,0,3496076
tfaE_stfE_predicted,0.07692307692307693,12,12,TTGCATGTGCGTCTTCAGGG,0,3527961
tfaE_stfE_predicted,0.07692307692307693,12,12,TTGAGACCTCTCTCTCGGGT,0,3468656
tfaE_stfE_predicted,0.07692307692307693,12,12,TTGAATTCGCGGCTATAAAA,0,3499756
tfaE_stfE_predicted,0.07692307692307693,12,12,TTGAACTACGACAACCGTAA,0,3481574
tfaE_stfE_predicted,0.07692307692307693,12,12,TTGAACAACTCCATTTTGGA,0,3539161
tfaE_stfE_predicted,0.07692307692307693,12,12,TTCTTGAAGGTATGGCGGCT,0,3514016
tfaE_stfE_predicted,0.07692307692307693,12,12,TTCTCTTCCAAATTCTTAAT,0,3494915
tfaE_stfE_predicted,0.07692307692307693,12,12,TTCGAAATTATCACTTTTCG,0,3488705
tfaE_stfE_predicted,0.07692307692307693,12,12,TTCCTGATGTACTGTTGAAT,0,3537643
tfaE_stfE_predicted,0.07692307692307693,12,12,TTCCGTCGTGCGGTCTTCAC,0,3477657
tfaE_stfE_predicted,0.07692307692307693,12,12,TTCCGCTACTTTTAGTCTCA,0,3505840
tfaE_stfE_predicted,0.07692307692307693,12,12,TTCCCATGCTGAGCCTGCAG,0,3475345
tfaE_stfE_predicted,0.07692307692307693,12,12,TTATGACCGCACCATTCATA,0,3486366
tfaE_stfE_predicted,0.07692307692307693,12,12,TTATCTAAATTTGCGAATCA,0,3522422
tfaE_stfE_predicted,0.07692307692307693,12,12,TTATAGTGTCCGCACGGTCT,0,3538460
tfaE_stfE_predicted,0.07692307692307693,12,12,TTAGTGGGACCATCCTGAGC,0,3474359
tfaE_stfE_predicted,0.07692307692307693,12,12,TTAGCGTAAGATACAACCGA,0,3532737
tfaE_stfE_predicted,0.07692307692307693,12,12,TTACTTTGAGACTTGGGCGT,0,3518789
tfaE_stfE_predicted,0.07692307692307693,12,12,TTACTTTCATCGTAACTTTT,0,3494855
tfaE_stfE_predicted,0.07692307692307693,12,12,TTACATGAACCTACTGACGT,0,3469791
tfaE_stfE_predicted,0.07692307692307693,12,12,TTACAAAGCGGCCATCTTAC,0,3529910
tfaE_stfE_predicted,0.07692307692307693,12,12,TTAACATGTCAGAGGGCTTG,0,3505205
tfaE_stfE_predicted,0.07692307692307693,12,12,TTAAAGTGAGGACTTCGTAA,0,3510572
tfaE_stfE_predicted,0.07692307692307693,12,12,TGTTTAAACGCAAGTATTAC,0,3538284
tfaE_stfE_predicted,0.07692307692307693,12,12,TGTGTGCCCGATAGAACGGT,0,3506470
tfaE_stfE_predicted,0.07692307692307693,12,12,TGTCTCACTCGAAGCGAGAC,0,3535874
tfaE_stfE_predicted,0.07692307692307693,12,12,TGTCAAAAAAATCATGTTTT,0,3482105
tfaE_stfE_predicted,0.07692307692307693,12,12,TGTACTTTCTGAAGTTGTTG,0,3485646
tfaE_stfE_predicted,0.07692307692307693,12,12,TGTAATCCAGGACTAGGTAC,0,3513903
tfaE_stfE_predicted,0.07692307692307693,12,12,TGGTCGAATTAGGTACAACC,0,3498039
tfaE_stfE_predicted,0.07692307692307693,12,12,TGGGTGGGCACTCGCGACGA,0,3520264
tfaE_stfE_predicted,0.07692307692307693,12,12,TGGGACTTTCAAGTTTCCTG,0,3523849
tfaE_stfE_predicted,0.07692307692307693,12,12,TGGCCTGAAGTCTCAATCTG,0,3517504
tfaE_stfE_predicted,0.07692307692307693,12,12,TGGCATAAACTTTAAGTAGT,0,3534062
tfaE_stfE_predicted,0.07692307692307693,12,12,TGGATGCCATGTGTTCATGT,0,3491078
tfaE_stfE_predicted,0.07692307692307693,12,12,TGGATATTGAGGATTAAGAT,0,3519318
tfaE_stfE_predicted,0.07692307692307693,12,12,TGGATAGGGCACCGGCGTCA,0,3534566
tfaE_stfE_predicted,0.07692307692307693,12,12,TGGACTTAGGAGTGTACGCT,0,3472520
tfaE_stfE_predicted,0.07692307692307693,12,12,TGGACTCATCCGGGAGTTAC,0,3523272
tfaE_stfE_predicted,0.07692307692307693,12,12,TGGAACGTTCCTAATCCATA,0,3539162
tfaE_stfE_predicted,0.07692307692307693,12,12,TGCTCCATCCGTGATCACTA,0,3508693
tfaE_stfE_predicted,0.07692307692307693,12,12,TGCTAGACGCCAATGGTGGG,0,3512828
tfaE_stfE_predicted,0.07692307692307693,12,12,TGCGGATGAGATGCGCCCAT,0,3521915
tfaE_stfE_predicted,0.07692307692307693,12,12,TGCGCTCACCTAACGGGTGT,0,3486883
tfaE_stfE_predicted,0.07692307692307693,12,12,TGCGAGGTTATAATCGCAGC,0,3523287
tfaE_stfE_predicted,0.07692307692307693,12,12,TGCGAAAGTAGGAAGAAGAA,0,3493555
tfaE_stfE_predicted,0.07692307692307693,12,12,TGCCGCAGGATTATAACCAC,0,3510949
tfaE_stfE_predicted,0.07692307692307693,12,12,TGCCCGATACTGATCGGATA,0,3522022
tfaE_stfE_predicted,0.07692307692307693,12,12,TGCATGGTCCCATACTGTGA,0,3514652
tfaE_stfE_predicted,0.07692307692307693,12,12,TGCATGCATGAGACAGTACA,0,3467263
tfaE_stfE_predicted,0.07692307692307693,12,12,TGCAGTCTTAGGTGTGCGTA,0,3525238
tfaE_stfE_predicted,0.07692307692307693,12,12,TGCAGCTCCAAGTCCTTTAT,0,3477130
tfaE_stfE_predicted,0.07692307692307693,12,12,TGATCCGTTTAGTTATTTTA,0,3499923
tfaE_stfE_predicted,0.07692307692307693,12,12,TGATCAAATGAAGCATGATT,0,3529570
tfaE_stfE_predicted,0.07692307692307693,12,12,TGATAGTTTGCAACCTGTAG,0,3477246
tfaE_stfE_predicted,0.07692307692307693,12,12,TGAGAGACTTGGGACGCTGT,0,3534704
tfaE_stfE_predicted,0.07692307692307693,12,12,TGAGACAATCACTCCAGCTG,0,3517648
tfaE_stfE_predicted,0.07692307692307693,12,12,TGACGCAAACGCCCCGGATT,0,3523981
tfaE_stfE_predicted,0.07692307692307693,12,12,TGACATGCCACACAGACCTT,0,3531684
tfaE_stfE_predicted,0.07692307692307693,12,12,TGACATCCGAATCGTGCAAA,0,3487905
tfaE_stfE_predicted,0.07692307692307693,12,12,TGACAATGCGCAACTCGTCT,0,3505897
tfaE_stfE_predicted,0.07692307692307693,12,12,TGACAAGCATGGAGGAAGAA,0,3514466
tfaE_stfE_predicted,0.07692307692307693,12,12,TGAATAGGTTCGGCCCGGAC,0,3524236
tfaE_stfE_predicted,0.07692307692307693,12,12,TGAAAGATTGGGAAGTCACT,0,3517101
tfaE_stfE_predicted,0.07692307692307693,12,12,TGAAAATCAAAGAAGAAGAA,0,3505547
tfaE_stfE_predicted,0.07692307692307693,12,12,TCTTTCCTACACGATGGATA,0,3537797
tfaE_stfE_predicted,0.07692307692307693,12,12,TCTTAATATGAAAAAGACAG,0,3469142
tfaE_stfE_predicted,0.07692307692307693,12,12,TCTGGTAGCCAACATGTGTA,0,3525885
tfaE_stfE_predicted,0.07692307692307693,12,12,TCTGGGTGTCGTTGAATAGT,0,3486364
tfaE_stfE_predicted,0.07692307692307693,12,12,TCTGCCTATGGTGTCGGCTA,0,3478739
tfaE_stfE_predicted,0.07692307692307693,12,12,TCTGAGGAAATGGAAAGCCG,0,3474473
tfaE_stfE_predicted,0.07692307692307693,12,12,TCTGAGAGCGTACCTGTAGA,0,3512514
tfaE_stfE_predicted,0.07692307692307693,12,12,TCTGAAGGAACTACCCATGA,0,3488665
tfaE_stfE_predicted,0.07692307692307693,12,12,TCTCCGCCGAATCTCCCGTC,0,3516814
tfaE_stfE_predicted,0.07692307692307693,12,12,TCTCAGTCTTGTAACAGGTT,0,3529341
tfaE_stfE_predicted,0.07692307692307693,12,12,TCTAATTTGAATATGCATGC,0,3483228
tfaE_stfE_predicted,0.07692307692307693,12,12,TCGTAAGTCGCTGTTTGATC,0,3511553
tfaE_stfE_predicted,0.07692307692307693,12,12,TCGTAAATCTTGGCTCTTAC,0,3535998
tfaE_stfE_predicted,0.07692307692307693,12,12,TCGGTCACCTTAGTCTGCGT,0,3511363
tfaE_stfE_predicted,0.07692307692307693,12,12,TCGGGAACGATCGGCTGAAG,0,3522442
tfaE_stfE_predicted,0.07692307692307693,12,12,TCGGATACATTGTCAGTTCT,0,3481767
tfaE_stfE_predicted,0.07692307692307693,12,12,TCGGAAATAGATTGTCGCAT,0,3467295
tfaE_stfE_predicted,0.07692307692307693,12,12,TCGAGTCCCCCAGATGAGTG,0,3483420
tfaE_stfE_predicted,0.07692307692307693,12,12,TCGACGACTAGCGTGAATGA,0,3505055
tfaE_stfE_predicted,0.07692307692307693,12,12,TCCTGTGTGGACCACCTCTG,0,3525448
tfaE_stfE_predicted,0.07692307692307693,12,12,TCCTCGAGCGTACACATTAA,0,3498611
tfaE_stfE_predicted,0.07692307692307693,12,12,TCCTCATTCGGAACGCGTTA,0,3496655
tfaE_stfE_predicted,0.07692307692307693,12,12,TCCGGGTGCTATCCCATATA,0,3511835
tfaE_stfE_predicted,0.07692307692307693,12,12,TCCGGAACTTGAAAGACTGT,0,3497510
tfaE_stfE_predicted,0.07692307692307693,12,12,TCCGCAAGATGGACAGGGCT,0,3521185
tfaE_stfE_predicted,0.07692307692307693,12,12,TCCGAGTGAAGCCCATCTGA,0,3467069
tfaE_stfE_predicted,0.07692307692307693,12,12,TCCCGGTACGGCCGATTTCG,0,3501588
tfaE_stfE_predicted,0.07692307692307693,12,12,TCCCCCTCCCAGCGTGGCAA,0,3489228
tfaE_stfE_predicted,0.07692307692307693,12,12,TCCCCCCATAGTAGTCTGGT,0,3471840
tfaE_stfE_predicted,0.07692307692307693,12,12,TCCCCCATTCCGCCTATTGG,0,3513360
tfaE_stfE_predicted,0.07692307692307693,12,12,TCCCACTCTGGCGCTTGCAA,0,3482340
tfaE_stfE_predicted,0.07692307692307693,12,12,TCCCAAACTACGTTTAGCGG,0,3533465
tfaE_stfE_predicted,0.07692307692307693,12,12,TCCAATGTCAGGAACCGTCT,0,3481659
tfaE_stfE_predicted,0.07692307692307693,12,12,TCATCCATGGCGCCTAGAGC,0,3497256
tfaE_stfE_predicted,0.07692307692307693,12,12,TCATCCACATAAAATCGCGG,0,3512209
tfaE_stfE_predicted,0.07692307692307693,12,12,TCAGCCGAGTAGTATTGTAC,0,3493289
tfaE_stfE_predicted,0.07692307692307693,12,12,TCAGATCCACCAGAGATCCA,0,3524797
tfaE_stfE_predicted,0.07692307692307693,12,12,TCAGACCCTCCTGGGCACCA,0,3486438
tfaE_stfE_predicted,0.07692307692307693,12,12,TCACGTCGGTCCTTTAGTGA,0,3466783
tfaE_stfE_predicted,0.07692307692307693,12,12,TCACCACGGGCTTAATCGCC,0,3523445
tfaE_stfE_predicted,0.07692307692307693,12,12,TCACATTTTCGGAGGAGATG,0,3491284
tfaE_stfE_predicted,0.07692307692307693,12,12,TCACAAATGTCGAGGGGTGG,0,3493736
tfaE_stfE_predicted,0.07692307692307693,12,12,TCAATCAGGTGTGGTCGGTC,0,3477029
tfaE_stfE_predicted,0.07692307692307693,12,12,TCAATATTGGAGTGCTGTGA,0,3483508
tfaE_stfE_predicted,0.07692307692307693,12,12,TCAAGAGATCTAGATCGTAA,0,3492967
tfaE_stfE_predicted,0.07692307692307693,12,12,TCAAATGTCCGTCCAGTATA,0,3483270
tfaE_stfE_predicted,0.07692307692307693,12,12,TCAAAGAGTGGGGCGCAGGT,0,3521273
tfaE_stfE_predicted,0.07692307692307693,12,12,TATTTCGGATCTAAAAATAA,0,3477127
tfaE_stfE_predicted,0.07692307692307693,12,12,TATTGCGACATACTGCGCGT,0,3491794
tfaE_stfE_predicted,0.07692307692307693,12,12,TATGTCAAAAGCTAGATCGC,0,3477301
tfaE_stfE_predicted,0.07692307692307693,12,12,TATGCATTAAAAGCCCGCGT,0,3527214
tfaE_stfE_predicted,0.07692307692307693,12,12,TATCTTGGACTTACGGTCAC,0,3498663
tfaE_stfE_predicted,0.07692307692307693,12,12,TATCTCCTACCACTTACTAG,0,3512261
tfaE_stfE_predicted,0.07692307692307693,12,12,TATCCGGGGGAGCAACTGAA,0,3517288
tfaE_stfE_predicted,0.07692307692307693,12,12,TATCACGTGCGTGGAATAAA,0,3538351
tfaE_stfE_predicted,0.07692307692307693,12,12,TATATAGTTCCCCAAGACTT,0,3534281
tfaE_stfE_predicted,0.07692307692307693,12,12,TATACTGTACCATCAATAAG,0,3502696
tfaE_stfE_predicted,0.07692307692307693,12,12,TATAAGATAGCTGCCTAATG,0,3481177
tfaE_stfE_predicted,0.07692307692307693,12,12,TAGGTCATCACTTAACGGCA,0,3519213
tfaE_stfE_predicted,0.07692307692307693,12,12,TAGGCTGCGATTCGTACTTC,0,3480487
tfaE_stfE_predicted,0.07692307692307693,12,12,TAGGCGGTCATAATATGTCA,0,3491112
tfaE_stfE_predicted,0.07692307692307693,12,12,TAGGACGGTGTGGTGTGGTT,0,3537113
tfaE_stfE_predicted,0.07692307692307693,12,12,TAGCGTGTCTAAAAGGCGAT,0,3530789
tfaE_stfE_predicted,0.07692307692307693,12,12,TAGACGCCAGTATTGCAAAA,0,3484658
tfaE_stfE_predicted,0.07692307692307693,12,12,TACTGCTTGTGTGCGCACAC,0,3486052
tfaE_stfE_predicted,0.07692307692307693,12,12,TACTGCCGCTCCGTCTACTA,0,3520301
tfaE_stfE_predicted,0.07692307692307693,12,12,TACGGACTATGGAATATATG,0,3520414
tfaE_stfE_predicted,0.07692307692307693,12,12,TACGAGAAGTACGACACTAG,0,3483078
tfaE_stfE_predicted,0.07692307692307693,12,12,TACCTGTACTGGCTATGTGC,0,3476810
tfaE_stfE_predicted,0.07692307692307693,12,12,TACCCGAGCGAAATGCCCGA,0,3529977
tfaE_stfE_predicted,0.07692307692307693,12,12,TACATGCTGATCGCTTGCCG,0,3539433
tfaE_stfE_predicted,0.07692307692307693,12,12,TACAACGTAAACTACCAGTT,0,3481401
tfaE_stfE_predicted,0.07692307692307693,12,12,TAATGCGCAGAGTAGTGCGA,0,3512435
tfaE_stfE_predicted,0.07692307692307693,12,12,TAATCTTCGTGCTTCAAGAG,0,3482665
tfaE_stfE_predicted,0.07692307692307693,12,12,TAAGTTGCTTTGAGCGCAAC,0,3533012
tfaE_stfE_predicted,0.07692307692307693,12,12,TAAGGCAGCGTCCGAGTTGA,0,3538299
tfaE_stfE_predicted,0.07692307692307693,12,12,TAAGCATGCCGGTGCCTCCT,0,3533723
tfaE_stfE_predicted,0.07692307692307693,12,12,TAAGATAGAACCGACAACCT,0,3526309
tfaE_stfE_predicted,0.07692307692307693,12,12,TAAGAGGTAAACCCAAAATC,0,3494322
tfaE_stfE_predicted,0.07692307692307693,12,12,TAACTTTTGGACGTCGCCTG,0,3533854
tfaE_stfE_predicted,0.07692307692307693,12,12,TAACGGTCAAGCAAATATGT,0,3500487
tfaE_stfE_predicted,0.07692307692307693,12,12,TAACGGAATGGTGAGTTACA,0,3515273
tfaE_stfE_predicted,0.07692307692307693,12,12,TAACGCCGGCAACCGGCGCT,0,3475305
tfaE_stfE_predicted,0.07692307692307693,12,12,TAACCGAATGCCTTTAGTAC,0,3479431
tfaE_stfE_predicted,0.07692307692307693,12,12,TAAACCTGTACGGTGTCCTT,0,3513962
tfaE_stfE_predicted,0.07692307692307693,12,12,TAAAATCCGGGTTCTCACGT,0,3468989
tfaE_stfE_predicted,0.07692307692307693,12,12,GTTTAATTCCGTGGCTACAA,0,3485252
tfaE_stfE_predicted,0.07692307692307693,12,12,GTTGGGTGCATTATAATGGA,0,3505056
tfaE_stfE_predicted,0.07692307692307693,12,12,GTTGCAGTAGTGCTAGACGA,0,3498609
tfaE_stfE_predicted,0.07692307692307693,12,12,GTTCTAGTCGGTATGACGTT,0,3512850
tfaE_stfE_predicted,0.07692307692307693,12,12,GTTCGGTCATACATTTAGGG,0,3528317
tfaE_stfE_predicted,0.07692307692307693,12,12,GTTCCGTTGTGTGGTAATGA,0,3505261
tfaE_stfE_predicted,0.07692307692307693,12,12,GTTCCCTGCAGCCTTCTTAG,0,3533258
tfaE_stfE_predicted,0.07692307692307693,12,12,GTTCAGTGAATTGTTCTCTC,0,3536643
tfaE_stfE_predicted,0.07692307692307693,12,12,GTTATTTAACGAGAGCCTAT,0,3535863
tfaE_stfE_predicted,0.07692307692307693,12,12,GTTAGTAGTTCTGGATCAAA,0,3538697
tfaE_stfE_predicted,0.07692307692307693,12,12,GTTAGGCCCTCAATTGCCAG,0,3488742
tfaE_stfE_predicted,0.07692307692307693,12,12,GTGTTACGCTCTGCTGGGCA,0,3481252
tfaE_stfE_predicted,0.07692307692307693,12,12,GTGTTAATCTTCAGCATCTT,0,3519237
tfaE_stfE_predicted,0.07692307692307693,12,12,GTGTCCAATCATAACGCTCA,0,3484695
tfaE_stfE_predicted,0.07692307692307693,12,12,GTGTATCCAAGACGGAGTAT,0,3497276
tfaE_stfE_predicted,0.07692307692307693,12,12,GTGGGCTGGCCTGGTGACGT,0,3479362
tfaE_stfE_predicted,0.07692307692307693,12,12,GTGGCGCGAAGCGGTGGACG,0,3485700
tfaE_stfE_predicted,0.07692307692307693,12,12,GTGGATTTCTAGGCCTTACA,0,3489563
tfaE_stfE_predicted,0.07692307692307693,12,12,GTGCTTAGGCACGGGAACAA,0,3536635
tfaE_stfE_predicted,0.07692307692307693,12,12,GTGCGTAGGAAACACATCTA,0,3524529
tfaE_stfE_predicted,0.07692307692307693,12,12,GTGATGAACGCGCTTAGCAA,0,3473908
tfaE_stfE_predicted,0.07692307692307693,12,12,GTGAATCAGTAAGTAAATAT,0,3467563
tfaE_stfE_predicted,0.07692307692307693,12,12,GTGAAACCGCGCAGAGAGCC,0,3468255
tfaE_stfE_predicted,0.07692307692307693,12,12,GTCTGTACCTTGTATCGTTG,0,3537837
tfaE_stfE_predicted,0.07692307692307693,12,12,GTCTCCCGTGGCGTTGCATT,0,3488813
tfaE_stfE_predicted,0.07692307692307693,12,12,GTCTCCCATGTCTACGCAGA,0,3508185
tfaE_stfE_predicted,0.07692307692307693,12,12,GTCGTTCATCGCTGTAGCCC,0,3506091
tfaE_stfE_predicted,0.07692307692307693,12,12,GTCGGCCAGAATCTTAGATG,0,3526164
tfaE_stfE_predicted,0.07692307692307693,12,12,GTCCTGATCCATGGAGCCAA,0,3534661
tfaE_stfE_predicted,0.07692307692307693,12,12,GTCCGTTTCCCTGAAATCAA,0,3508695
tfaE_stfE_predicted,0.07692307692307693,12,12,GTCCGGCGCCACGTCCCGGC,0,3487894
tfaE_stfE_predicted,0.07692307692307693,12,12,GTCCGCGGTCCAGTATAGTA,0,3493343
tfaE_stfE_predicted,0.07692307692307693,12,12,GTCCAATTATAAAAAACAAC,0,3516616
tfaE_stfE_predicted,0.07692307692307693,12,12,GTCATGGCTGCATCCGATTA,0,3532606
tfaE_stfE_predicted,0.07692307692307693,12,12,GTCAGTGTGTATCGACGGGA,0,3532900
tfaE_stfE_predicted,0.07692307692307693,12,12,GTATGCTCGTCCGAGCCTTA,0,3469786
tfaE_stfE_predicted,0.07692307692307693,12,12,GTATGCCGGAACGTGCCCGC,0,3467868
tfaE_stfE_predicted,0.07692307692307693,12,12,GTATCACGATTTTATTAATG,0,3510587
tfaE_stfE_predicted,0.07692307692307693,12,12,GTAGTGCATTCAAGTCTATA,0,3526795
tfaE_stfE_predicted,0.07692307692307693,12,12,GTAGATGCAAAGCCTGTAAA,0,3526504
tfaE_stfE_predicted,0.07692307692307693,12,12,GTACAGCGGACCCTAATTAC,0,3490469
tfaE_stfE_predicted,0.07692307692307693,12,12,GTAACTACTTGTTTCCCAGC,0,3471941
tfaE_stfE_predicted,0.07692307692307693,12,12,GTAACGGCAAGCTTATAAAG,0,3517463
tfaE_stfE_predicted,0.07692307692307693,12,12,GTAACCTTTAGTGTCATTAG,0,3515505
tfaE_stfE_predicted,0.07692307692307693,12,12,GGTTATCCGGCTTCCAAAGG,0,3496147
tfaE_stfE_predicted,0.07692307692307693,12,12,GGTTACATCAGTTTGTAGCC,0,3470372
tfaE_stfE_predicted,0.07692307692307693,12,12,GGTGTACAGGGTAATGGTAA,0,3512631
tfaE_stfE_predicted,0.07692307692307693,12,12,GGTGACTCAGGCTAGGGTCT,0,3469463
tfaE_stfE_predicted,0.07692307692307693,12,12,GGTCTGAGACCGTAATTAAG,0,3511563
tfaE_stfE_predicted,0.07692307692307693,12,12,GGTCGTGATCACTAATTCCG,0,3530851
tfaE_stfE_predicted,0.07692307692307693,12,12,GGTCCCTGTTCGACTCTGGC,0,3515836
tfaE_stfE_predicted,0.07692307692307693,12,12,GGTCACACCGTATAATCATT,0,3469889
tfaE_stfE_predicted,0.07692307692307693,12,12,GGTCAACATTCATTGGGTGT,0,3475095
tfaE_stfE_predicted,0.07692307692307693,12,12,GGTCAAATAGTGATTGCTCA,0,3508563
tfaE_stfE_predicted,0.07692307692307693,12,12,GGTAGTGGGTCGCGCTGGAT,0,3477141
tfaE_stfE_predicted,0.07692307692307693,12,12,GGTACATGGGACTGTTGCGA,0,3491220
tfaE_stfE_predicted,0.07692307692307693,12,12,GGGTTTCCCGAAATTACCTA,0,3504974
tfaE_stfE_predicted,0.07692307692307693,12,12,GGGTTCTCCGATGGTTAGCC,0,3528685
tfaE_stfE_predicted,0.07692307692307693,12,12,GGGGTTTTCCCAGAAAGGAC,0,3489921
tfaE_stfE_predicted,0.07692307692307693,12,12,GGGGTCCGGTGAATAGGCTT,0,3513196
tfaE_stfE_predicted,0.07692307692307693,12,12,GGGCGGAATCCATACTGCGG,0,3532479
tfaE_stfE_predicted,0.07692307692307693,12,12,GGGCAATAGGTCGTCTTAAG,0,3518065
tfaE_stfE_predicted,0.07692307692307693,12,12,GGGATCAGACGGTTAATCGG,0,3492372
tfaE_stfE_predicted,0.07692307692307693,12,12,GGGAATGATACCGCCAACGC,0,3505888
tfaE_stfE_predicted,0.07692307692307693,12,12,GGCGTTCGTATACGTCCGAC,0,3480842
tfaE_stfE_predicted,0.07692307692307693,12,12,GGCGCGCTAGTAGAGCAACG,0,3486520
tfaE_stfE_predicted,0.07692307692307693,12,12,GGCCTCTAGGCCGTGCCGAG,0,3525011
tfaE_stfE_predicted,0.07692307692307693,12,12,GGCCGATCGACTTGCTCTTT,0,3528669
tfaE_stfE_predicted,0.07692307692307693,12,12,GGCCCCTCATATAGCCCGAT,0,3469936
tfaE_stfE_predicted,0.07692307692307693,12,12,GGCCCAAACAGATCGGTTTC,0,3517570
tfaE_stfE_predicted,0.07692307692307693,12,12,GGCCAGGATAACATTGTAGG,0,3509543
tfaE_stfE_predicted,0.07692307692307693,12,12,GGCAGCCTTGAGCTTCTGCA,0,3494956
tfaE_stfE_predicted,0.07692307692307693,12,12,GGCACTCTAAACTGCTAGAA,0,3469286
tfaE_stfE_predicted,0.07692307692307693,12,12,GGCACATTGTCGGTAGCTCA,0,3517760
tfaE_stfE_predicted,0.07692307692307693,12,12,GGCAAGGCAACCTCAGCAAA,0,3509018
tfaE_stfE_predicted,0.07692307692307693,12,12,GGATGCATCTATCACCCCTA,0,3490287
tfaE_stfE_predicted,0.07692307692307693,12,12,GGATGAGTATAGGGCGAAGC,0,3469311
tfaE_stfE_predicted,0.07692307692307693,12,12,GGATCAGTGGAGCCGCTCTA,0,3499699
tfaE_stfE_predicted,0.07692307692307693,12,12,GGAGGTTGACGCACGTATGT,0,3535921
tfaE_stfE_predicted,0.07692307692307693,12,12,GGAGACTGAAGATAGTATTG,0,3510103
tfaE_stfE_predicted,0.07692307692307693,12,12,GGAGACACTAACTACGCCAA,0,3503657
tfaE_stfE_predicted,0.07692307692307693,12,12,GGACCAGCACTCGGTAAGAA,0,3491719
tfaE_stfE_predicted,0.07692307692307693,12,12,GGAATGTAGTATAGACACCG,0,3489475
tfaE_stfE_predicted,0.07692307692307693,12,12,GGAATAATAATTGAATTGCT,0,3539016
tfaE_stfE_predicted,0.07692307692307693,12,12,GGAAGTATACACACGTGGTG,0,3493125
tfaE_stfE_predicted,0.07692307692307693,12,12,GGAAGGTCTACTCCGTAGTC,0,3467674
tfaE_stfE_predicted,0.07692307692307693,12,12,GGAAGAAGGGTAGTAGATGG,0,3468031
tfaE_stfE_predicted,0.07692307692307693,12,12,GCTTTCGTGGGTGCATAAGT,0,3467932
tfaE_stfE_predicted,0.07692307692307693,12,12,GCTTGGAAGAGTGCATTTCT,0,3518952
tfaE_stfE_predicted,0.07692307692307693,12,12,GCTTACCCCGGGGGTAAGGC,0,3522893
tfaE_stfE_predicted,0.07692307692307693,12,12,GCTTACAGGTACGTGGTTAT,0,3498394
tfaE_stfE_predicted,0.07692307692307693,12,12,GCTGGCGGGTTCCCCCTAAA,0,3472481
tfaE_stfE_predicted,0.07692307692307693,12,12,GCTGCTTTTTAGTGCACTTG,0,3482157
tfaE_stfE_predicted,0.07692307692307693,12,12,GCTCACGCGGATTCTCTCGT,0,3513783
tfaE_stfE_predicted,0.07692307692307693,12,12,GCTAATAGGCGGTCCATTCT,0,3527365
tfaE_stfE_predicted,0.07692307692307693,12,12,GCGTTCTGTGAGGCAACCAT,0,3530493
tfaE_stfE_predicted,0.07692307692307693,12,12,GCGGTACAGCGGGATTTACG,0,3535245
tfaE_stfE_predicted,0.07692307692307693,12,12,GCGCTTCGTGACAACACCGA,0,3528417
tfaE_stfE_predicted,0.07692307692307693,12,12,GCGCGTTCTTCATCGTAGCC,0,3492019
tfaE_stfE_predicted,0.07692307692307693,12,12,GCGCGAATCTCGAATAGACA,0,3507061
tfaE_stfE_predicted,0.07692307692307693,12,12,GCGCCCATGTTGCCCGACGT,0,3489785
tfaE_stfE_predicted,0.07692307692307693,12,12,GCGATCATACAGAGCAATAT,0,3486887
tfaE_stfE_predicted,0.07692307692307693,12,12,GCGAGTACCGCTGTAGGAAC,0,3524845
tfaE_stfE_predicted,0.07692307692307693,12,12,GCGACAGTTGCCTAAGCATA,0,3491333
tfaE_stfE_predicted,0.07692307692307693,12,12,GCGAAAAGTTTAGCCACCAC,0,3497795
tfaE_stfE_predicted,0.07692307692307693,12,12,GCCTGCGCATTGGATGGTCA,0,3471944
tfaE_stfE_predicted,0.07692307692307693,12,12,GCCGTGGAGATAGTGGTAGA,0,3535384
tfaE_stfE_predicted,0.07692307692307693,12,12,GCCGCCACGTCATCTAGACT,0,3490817
tfaE_stfE_predicted,0.07692307692307693,12,12,GCCGACTCAAGCGGCCGGGG,0,3518572
tfaE_stfE_predicted,0.07692307692307693,12,12,GCCCTGGAGCCACACACTGA,0,3507929
tfaE_stfE_predicted,0.07692307692307693,12,12,GCCCCTGGTGCCAGAGCTTC,0,3482127
tfaE_stfE_predicted,0.07692307692307693,12,12,GCCCAGGCCACGCATTGTCT,0,3471546
tfaE_stfE_predicted,0.07692307692307693,12,12,GCATAAAACGATCCCGCTAC,0,3495976
tfaE_stfE_predicted,0.07692307692307693,12,12,GCAGTGGCATTCGCGGCGTC,0,3526883
tfaE_stfE_predicted,0.07692307692307693,12,12,GCAGGGCAGTGCGTGCTTCA,0,3532915
tfaE_stfE_predicted,0.07692307692307693,12,12,GCAGATATGGTGAATGCTAT,0,3508290
tfaE_stfE_predicted,0.07692307692307693,12,12,GCAGATACTAAAAGCGCGGT,0,3477934
tfaE_stfE_predicted,0.07692307692307693,12,12,GCAGACGAACCCATTCTATC,0,3511127
tfaE_stfE_predicted,0.07692307692307693,12,12,GCAGACCCTGTATGTGCATC,0,3495972
tfaE_stfE_predicted,0.07692307692307693,12,12,GCACTCACACAGTTCGTCCA,0,3471827
tfaE_stfE_predicted,0.07692307692307693,12,12,GCACCCAGGCGACCCGAGTC,0,3480639
tfaE_stfE_predicted,0.07692307692307693,12,12,GCACAGTGGCCAGATCAGAT,0,3473334
tfaE_stfE_predicted,0.07692307692307693,12,12,GCACAGTCTAACGTAGCCCA,0,3532584
tfaE_stfE_predicted,0.07692307692307693,12,12,GATCTTTGGTAGTCCTGAGC,0,3533642
tfaE_stfE_predicted,0.07692307692307693,12,12,GATCGTAACCCGTCTTTCAT,0,3509997
tfaE_stfE_predicted,0.07692307692307693,12,12,GATCGGCACGACTTCATGAA,0,3494545
tfaE_stfE_predicted,0.07692307692307693,12,12,GATCCGGTTCTATGCGAGAA,0,3473812
tfaE_stfE_predicted,0.07692307692307693,12,12,GATCACAGAGCTGCACGCCA,0,3493803
tfaE_stfE_predicted,0.07692307692307693,12,12,GATATGGCCGTTGGACCTGG,0,3497463
tfaE_stfE_predicted,0.07692307692307693,12,12,GATATGCGTCACAGTGAGCC,0,3466983
tfaE_stfE_predicted,0.07692307692307693,12,12,GATATGCCGACCGGCAATGG,0,3502302
tfaE_stfE_predicted,0.07692307692307693,12,12,GATAGGAATAGGCCGCTGGC,0,3487109
tfaE_stfE_predicted,0.07692307692307693,12,12,GAGGTTGCAGGTCTAGGCAA,0,3539426
tfaE_stfE_predicted,0.07692307692307693,12,12,GAGGCTGATAGGGGACCTGG,0,3509864
tfaE_stfE_predicted,0.07692307692307693,12,12,GAGCTTTGATGACTGACTTG,0,3496412
tfaE_stfE_predicted,0.07692307692307693,12,12,GAGCTTTACTACAATGAGCA,0,3505242
tfaE_stfE_predicted,0.07692307692307693,12,12,GAGCTTGAGAGTCCCGCCGT,0,3486783
tfaE_stfE_predicted,0.07692307692307693,12,12,GAGCTCAACTTAAAATGTTT,0,3514729
tfaE_stfE_predicted,0.07692307692307693,12,12,GAGAATAATCAACGCATCAG,0,3477755
tfaE_stfE_predicted,0.07692307692307693,12,12,GAGAACACGACATATAACCA,0,3467171
tfaE_stfE_predicted,0.07692307692307693,12,12,GACTTTGTGTGACGAGGGTG,0,3492855
tfaE_stfE_predicted,0.07692307692307693,12,12,GACTGCAATAGAGTGTAAAG,0,3517600
tfaE_stfE_predicted,0.07692307692307693,12,12,GACGTTAGGCGCGTGCATCA,0,3528468
tfaE_stfE_predicted,0.07692307692307693,12,12,GACAGCTTAGTGCGATCATG,0,3509329
tfaE_stfE_predicted,0.07692307692307693,12,12,GACAGAATGAGAACTAGCAA,0,3516979
tfaE_stfE_predicted,0.07692307692307693,12,12,GAATCTACTAGGTCCTTTAT,0,3483516
tfaE_stfE_predicted,0.07692307692307693,12,12,GAATCGAATTGCTCCACGCC,0,3533906
tfaE_stfE_predicted,0.07692307692307693,12,12,GAAGTCGGTAGACGTTGATC,0,3493666
tfaE_stfE_predicted,0.07692307692307693,12,12,GAAGCCCTTCGGATTAACGC,0,3472996
tfaE_stfE_predicted,0.07692307692307693,12,12,GAAGACTCCGGGCTAACAGA,0,3497388
tfaE_stfE_predicted,0.07692307692307693,12,12,GAACTCTCCCAGTTTTTTGT,0,3535227
tfaE_stfE_predicted,0.07692307692307693,12,12,GAACCAAGAAACTAAAGGTG,0,3533306
tfaE_stfE_predicted,0.07692307692307693,12,12,GAACATCTATTACAAGCCGT,0,3508634
tfaE_stfE_predicted,0.07692307692307693,12,12,GAACAGGTGCTGCGAGATCA,0,3473645
tfaE_stfE_predicted,0.07692307692307693,12,12,GAACAGGGGGCGGTTCTACT,0,3513848
tfaE_stfE_predicted,0.07692307692307693,12,12,GAACAGATCGTGAAGGACCA,0,3480849
tfaE_stfE_predicted,0.07692307692307693,12,12,GAAAAGTCCCGCAACGATTC,0,3490680
tfaE_stfE_predicted,0.07692307692307693,12,12,CTTTGTCCGGTCCTCCGGCA,0,3480269
tfaE_stfE_predicted,0.07692307692307693,12,12,CTTGTTCGAAATCAGCGTGT,0,3502915
tfaE_stfE_predicted,0.07692307692307693,12,12,CTTGGTAGCCTCCCGGGGAT,0,3514099
tfaE_stfE_predicted,0.07692307692307693,12,12,CTTCCGAATATTCTCACCGA,0,3490811
tfaE_stfE_predicted,0.07692307692307693,12,12,CTTATTGTATACGTACATCC,0,3535396
tfaE_stfE_predicted,0.07692307692307693,12,12,CTTATACCGGTAAGTTAAAA,0,3471917
tfaE_stfE_predicted,0.07692307692307693,12,12,CTTATAACAAAGTCACGTAC,0,3503284
tfaE_stfE_predicted,0.07692307692307693,12,12,CTTATAAATAAGTACGTACA,0,3532902
tfaE_stfE_predicted,0.07692307692307693,12,12,CTTAAAGCCTGGGCTACAGA,0,3510517
tfaE_stfE_predicted,0.07692307692307693,12,12,CTGTTGCCCATCTTAGCCTC,0,3481737
tfaE_stfE_predicted,0.07692307692307693,12,12,CTGTGGCATCTGTAGGGTGA,0,3468065
tfaE_stfE_predicted,0.07692307692307693,12,12,CTGTCTATGGCCGAGAGACC,0,3526073
tfaE_stfE_predicted,0.07692307692307693,12,12,CTGTATCAATTAAAGCTATC,0,3494911
tfaE_stfE_predicted,0.07692307692307693,12,12,CTGTATATCACTGTGTTAAG,0,3486311
tfaE_stfE_predicted,0.07692307692307693,12,12,CTGTACAATCAAATTCGCTA,0,3532554
tfaE_stfE_predicted,0.07692307692307693,12,12,CTGGTGATGCCGATTACTAG,0,3487835
tfaE_stfE_predicted,0.07692307692307693,12,12,CTGGATCGGTGCCTTAATGT,0,3515276
tfaE_stfE_predicted,0.07692307692307693,12,12,CTGGAGGACCCTTGCAGTGG,0,3522541
tfaE_stfE_predicted,0.07692307692307693,12,12,CTGATAAAGTATCCCGCATC,0,3515476
tfaE_stfE_predicted,0.07692307692307693,12,12,CTGACAAGATGCGCGAGTAA,0,3482520
tfaE_stfE_predicted,0.07692307692307693,12,12,CTGAACCATGTATTCATTGT,0,3481684
tfaE_stfE_predicted,0.07692307692307693,12,12,CTCTCGTCGGCATGAGTACC,0,3495218
tfaE_stfE_predicted,0.07692307692307693,12,12,CTCTCCGGGATCTGATATGA,0,3479848
tfaE_stfE_predicted,0.07692307692307693,12,12,CTCGTGGCTGTTCTCGTTGG,0,3531613
tfaE_stfE_predicted,0.07692307692307693,12,12,CTCGTGCAGGCGGTTCCGAG,0,3476103
tfaE_stfE_predicted,0.07692307692307693,12,12,CTCCGATCACTCCACGCGTA,0,3523100
tfaE_stfE_predicted,0.07692307692307693,12,12,CTCCCCGAACTAAATATAAT,0,3529572
tfaE_stfE_predicted,0.07692307692307693,12,12,CTCAGTGCCATGCTCAAACG,0,3511284
tfaE_stfE_predicted,0.07692307692307693,12,12,CTCAGGTCGTGGCCTAAGTA,0,3526428
tfaE_stfE_predicted,0.07692307692307693,12,12,CTCAGGACACTGGCTGGAGT,0,3470938
tfaE_stfE_predicted,0.07692307692307693,12,12,CTCAGACAACTGCCTATTAC,0,3527970
tfaE_stfE_predicted,0.07692307692307693,12,12,CTCAAGCTCACCTCGAATGA,0,3510524
tfaE_stfE_predicted,0.07692307692307693,12,12,CTATTAATGCAAGTGGAGGG,0,3504504
tfaE_stfE_predicted,0.07692307692307693,12,12,CTATCGGCGCAGACGACTTG,0,3533428
tfaE_stfE_predicted,0.07692307692307693,12,12,CTAGAGGGAGGGGTGGACAA,0,3486936
tfaE_stfE_predicted,0.07692307692307693,12,12,CTAGAATTAGAGGATAGGGA,0,3515235
tfaE_stfE_predicted,0.07692307692307693,12,12,CTACGTAGTTTGTGTTAGCT,0,3516631
tfaE_stfE_predicted,0.07692307692307693,12,12,CTACGTAACCACCTTATGTT,0,3523563
tfaE_stfE_predicted,0.07692307692307693,12,12,CTAATCCCGTTAGCCCATTT,0,3516319
tfaE_stfE_predicted,0.07692307692307693,12,12,CTAAGTCTGAACCTGACTGA,0,3473982
tfaE_stfE_predicted,0.07692307692307693,12,12,CTAAAGGGCTAGAATGCTAA,0,3521605
tfaE_stfE_predicted,0.07692307692307693,12,12,CTAAAGGCTTAATATTTGTA,0,3511045
tfaE_stfE_predicted,0.07692307692307693,12,12,CGTGTATAAGTGAACTTTGC,0,3494525
tfaE_stfE_predicted,0.07692307692307693,12,12,CGTGCTTACTTTGACCCCGA,0,3512678
tfaE_stfE_predicted,0.07692307692307693,12,12,CGTGCGTTAACGTATAGCGA,0,3506502
tfaE_stfE_predicted,0.07692307692307693,12,12,CGTCTGTTCGATCCCATGGT,0,3489175
tfaE_stfE_predicted,0.07692307692307693,12,12,CGTCGAGACGGGCTCGTTCG,0,3473610
tfaE_stfE_predicted,0.07692307692307693,12,12,CGTCAGGCGCATGCACTTCT,0,3495987
tfaE_stfE_predicted,0.07692307692307693,12,12,CGTATCCTGTACAGGTGTAT,0,3511134
tfaE_stfE_predicted,0.07692307692307693,12,12,CGTATATCTATTTCGGAGGA,0,3492100
tfaE_stfE_predicted,0.07692307692307693,12,12,CGTAAGGTCGGTGAGGCGGT,0,3475731
tfaE_stfE_predicted,0.07692307692307693,12,12,CGGTTTATTTTACCCTTGCT,0,3515590
tfaE_stfE_predicted,0.07692307692307693,12,12,CGGTTGGGCGACGTCATCAC,0,3471195
tfaE_stfE_predicted,0.07692307692307693,12,12,CGGTGCCAGACAGCTTTATA,0,3518732
tfaE_stfE_predicted,0.07692307692307693,12,12,CGGTCGCCCGGCGAAAGAGC,0,3501930
tfaE_stfE_predicted,0.07692307692307693,12,12,CGGTAATTGTCCACAGATTG,0,3491380
tfaE_stfE_predicted,0.07692307692307693,12,12,CGGTAAATATTGACAATTCA,0,3521427
tfaE_stfE_predicted,0.07692307692307693,12,12,CGGGTCACAATGGGACGTGC,0,3532132
tfaE_stfE_predicted,0.07692307692307693,12,12,CGGCTTGCACTTAACTGGTT,0,3486385
tfaE_stfE_predicted,0.07692307692307693,12,12,CGGCTGTTCCGGATAGCCCT,0,3516485
tfaE_stfE_predicted,0.07692307692307693,12,12,CGGCGTATCGCTCTGTTTTC,0,3535676
tfaE_stfE_predicted,0.07692307692307693,12,12,CGGCCTCACGGGGAGTATCT,0,3479943
tfaE_stfE_predicted,0.07692307692307693,12,12,CGGCACCGAAAGATTAGAAT,0,3499918
tfaE_stfE_predicted,0.07692307692307693,12,12,CGGCAAGTCTGGACACTGTG,0,3525039
tfaE_stfE_predicted,0.07692307692307693,12,12,CGGATTGTATTCAATACGTT,0,3506582
tfaE_stfE_predicted,0.07692307692307693,12,12,CGGATCGTACGATACTCTTA,0,3478777
tfaE_stfE_predicted,0.07692307692307693,12,12,CGGATACGACCCTTCGAAGC,0,3471764
tfaE_stfE_predicted,0.07692307692307693,12,12,CGCTGGTCGAGATTAGCGTC,0,3478059
tfaE_stfE_predicted,0.07692307692307693,12,12,CGCTGATTAAATGCATCCTT,0,3522824
tfaE_stfE_predicted,0.07692307692307693,12,12,CGCTCTGGCGGCAAGTAGAA,0,3518313
tfaE_stfE_predicted,0.07692307692307693,12,12,CGCGTTCAAGTAGACAGGGT,0,3507284
tfaE_stfE_predicted,0.07692307692307693,12,12,CGCGCTTGATGTCAGGGTTT,0,3480186
tfaE_stfE_predicted,0.07692307692307693,12,12,CGCGACGCTCAGCACGGATC,0,3481706
tfaE_stfE_predicted,0.07692307692307693,12,12,CGCCAGCTAGTGACTGGTCC,0,3531623
tfaE_stfE_predicted,0.07692307692307693,12,12,CGCAGATTAAGCTCGATACT,0,3502521
tfaE_stfE_predicted,0.07692307692307693,12,12,CGCAGAGGATGCCGCGCTCA,0,3479359
tfaE_stfE_predicted,0.07692307692307693,12,12,CGCAAGTCCGCGCTCGTTCC,0,3512251
tfaE_stfE_predicted,0.07692307692307693,12,12,CGATGTAAGTGCAAGAGTAC,0,3506151
tfaE_stfE_predicted,0.07692307692307693,12,12,CGATGGTGGTATGCGAACTC,0,3472732
tfaE_stfE_predicted,0.07692307692307693,12,12,CGATGGCAAATTTAAAGACG,0,3495384
tfaE_stfE_predicted,0.07692307692307693,12,12,CGAGTTATCGGACGTATAGG,0,3508495
tfaE_stfE_predicted,0.07692307692307693,12,12,CGAGTCGTCCATCACGCACA,0,3484889
tfaE_stfE_predicted,0.07692307692307693,12,12,CGAGGTGACTAGCGCTGTAT,0,3469417
tfaE_stfE_predicted,0.07692307692307693,12,12,CGAGCTTTGTTCCGGGCGGG,0,3515329
tfaE_stfE_predicted,0.07692307692307693,12,12,CGAGACCGGACTGATACAGT,0,3520384
tfaE_stfE_predicted,0.07692307692307693,12,12,CGACGCGTATCTCCTTACTT,0,3504366
tfaE_stfE_predicted,0.07692307692307693,12,12,CGAAGTAATCCCCAGATCCT,0,3467872
tfaE_stfE_predicted,0.07692307692307693,12,12,CGAACAACCTTAAAATCAGT,0,3500156
tfaE_stfE_predicted,0.07692307692307693,12,12,CCTTCGTTTTACGCTATTGG,0,3479369
tfaE_stfE_predicted,0.07692307692307693,12,12,CCTTCGTAAATCAACGCGGC,0,3473630
tfaE_stfE_predicted,0.07692307692307693,12,12,CCTGGATAGCTCGAAGGACA,0,3483617
tfaE_stfE_predicted,0.07692307692307693,12,12,CCTGATCTTCAGTGACTAGA,0,3524957
tfaE_stfE_predicted,0.07692307692307693,12,12,CCTGAGGCCCGGAAAAATTA,0,3529082
tfaE_stfE_predicted,0.07692307692307693,12,12,CCTCGACAATAGTCACTATT,0,3539307
tfaE_stfE_predicted,0.07692307692307693,12,12,CCTCCGTATACCATTTGATT,0,3476376
tfaE_stfE_predicted,0.07692307692307693,12,12,CCTCCAAAATCGTAGAATCT,0,3537176
tfaE_stfE_predicted,0.07692307692307693,12,12,CCTACCTGAAAGTATTGAGC,0,3529214
tfaE_stfE_predicted,0.07692307692307693,12,12,CCGTTTGTTATTCGAGCGAC,0,3512525
tfaE_stfE_predicted,0.07692307692307693,12,12,CCGTTCTCCTGCGGAATTTA,0,3480702
tfaE_stfE_predicted,0.07692307692307693,12,12,CCGTGGATGCTGTGACTTTG,0,3529033
tfaE_stfE_predicted,0.07692307692307693,12,12,CCGTCTATTATAACAGTGCT,0,3492658
tfaE_stfE_predicted,0.07692307692307693,12,12,CCGGTAGACCCCCGGTAACA,0,3530841
tfaE_stfE_predicted,0.07692307692307693,12,12,CCGCTCTGTGTGGCTTCCCC,0,3499481
tfaE_stfE_predicted,0.07692307692307693,12,12,CCGCGGTTAGAGGCGGTCGT,0,3514052
tfaE_stfE_predicted,0.07692307692307693,12,12,CCGCGAAAGCATCCGTGCTC,0,3493375
tfaE_stfE_predicted,0.07692307692307693,12,12,CCGCCCCGGTTTGTGTAGGT,0,3488177
tfaE_stfE_predicted,0.07692307692307693,12,12,CCGAGCTCAGGAGGATTCCT,0,3495989
tfaE_stfE_predicted,0.07692307692307693,12,12,CCGAGCTCAAGGAAAAAAGT,0,3538374
tfaE_stfE_predicted,0.07692307692307693,12,12,CCGAACCACGATCCAGTCCT,0,3485455
tfaE_stfE_predicted,0.07692307692307693,12,12,CCCTTACTCCTGGGCGAGAG,0,3532163
tfaE_stfE_predicted,0.07692307692307693,12,12,CCCTGCGCCTAAGCCACGTA,0,3525015
tfaE_stfE_predicted,0.07692307692307693,12,12,CCCTGAGCCTGACAGTGTAG,0,3482388
tfaE_stfE_predicted,0.07692307692307693,12,12,CCCGATTAGGGTAGGCCCTA,0,3480278
tfaE_stfE_predicted,0.07692307692307693,12,12,CCCGAAAATCCGTTCTTGTG,0,3525037
tfaE_stfE_predicted,0.07692307692307693,12,12,CCCCTATCCGTAGGGGCCGT,0,3471152
tfaE_stfE_predicted,0.07692307692307693,12,12,CCCATGGATACTTCCGCAGA,0,3532572
tfaE_stfE_predicted,0.07692307692307693,12,12,CCCAATAGGCAAAATGCGAT,0,3481739
tfaE_stfE_predicted,0.07692307692307693,12,12,CCATGTCTTGACCCGTAGCC,0,3474166
tfaE_stfE_predicted,0.07692307692307693,12,12,CCATGATAGGACCGGGCGTG,0,3540403
tfaE_stfE_predicted,0.07692307692307693,12,12,CCATGAATAATCTAGGCACA,0,3475249
tfaE_stfE_predicted,0.07692307692307693,12,12,CCAGGGTTTAGACTTCGGCA,0,3523605
tfaE_stfE_predicted,0.07692307692307693,12,12,CCACTTTTAGTACCCGACGT,0,3468689
tfaE_stfE_predicted,0.07692307692307693,12,12,CCACAGGCGCACGGCATCAC,0,3536066
tfaE_stfE_predicted,0.07692307692307693,12,12,CCAAGGGTTCTCGCGATAGC,0,3472490
tfaE_stfE_predicted,0.07692307692307693,12,12,CATTTGTCCCGGGCCTAAAT,0,3485658
tfaE_stfE_predicted,0.07692307692307693,12,12,CATTGTCTCCCCGTGGCGCA,0,3476265
tfaE_stfE_predicted,0.07692307692307693,12,12,CATTGGTGGGCCGCCTTCGA,0,3475636
tfaE_stfE_predicted,0.07692307692307693,12,12,CATTGGATTAGCCGTTTCCA,0,3533204
tfaE_stfE_predicted,0.07692307692307693,12,12,CATTGACGTCTCGCAGATGT,0,3513828
tfaE_stfE_predicted,0.07692307692307693,12,12,CATTCGCCCGTCGTCCGATT,0,3494242
tfaE_stfE_predicted,0.07692307692307693,12,12,CATGTCACGAGCAAATAGAC,0,3532098
tfaE_stfE_predicted,0.07692307692307693,12,12,CATGGGGGAATCCCTGGCCT,0,3494178
tfaE_stfE_predicted,0.07692307692307693,12,12,CATGGAATATTCGTGACGGC,0,3471727
tfaE_stfE_predicted,0.07692307692307693,12,12,CATGACTCAAGCACCTCTTC,0,3467367
tfaE_stfE_predicted,0.07692307692307693,12,12,CATAGCCTTTGCCGCTTACA,0,3529469
tfaE_stfE_predicted,0.07692307692307693,12,12,CAGTATTTTCAGCTAGTCGT,0,3522364
tfaE_stfE_predicted,0.07692307692307693,12,12,CAGGGGCATAAGCAGAGCTG,0,3524061
tfaE_stfE_predicted,0.07692307692307693,12,12,CAGGCTGTCACAATAGCAAT,0,3513444
tfaE_stfE_predicted,0.07692307692307693,12,12,CAGGACGTTGTTTAGGGTCT,0,3527432
tfaE_stfE_predicted,0.07692307692307693,12,12,CAGCTCCGACGCACATCTCA,0,3506020
tfaE_stfE_predicted,0.07692307692307693,12,12,CAGCTAGTGTTCATCCTCAA,0,3535606
tfaE_stfE_predicted,0.07692307692307693,12,12,CAGCTACGTTGGCACAGTCA,0,3524295
tfaE_stfE_predicted,0.07692307692307693,12,12,CAGCGAGGGAAGCCTGTCGA,0,3487401
tfaE_stfE_predicted,0.07692307692307693,12,12,CAGCAGCAGCCGGTTCACTA,0,3502982
tfaE_stfE_predicted,0.07692307692307693,12,12,CAGAGGTACCTGGATGGTAG,0,3514265
tfaE_stfE_predicted,0.07692307692307693,12,12,CAGAGCGAAAGTTCAGGCTT,0,3528411
tfaE_stfE_predicted,0.07692307692307693,12,12,CAGACCCCCATGGGGGCAGT,0,3496537
tfaE_stfE_predicted,0.07692307692307693,12,12,CACTTTTACCTGTTCACGTT,0,3533676
tfaE_stfE_predicted,0.07692307692307693,12,12,CACTTAACTTGCTCGCTGGA,0,3487095
tfaE_stfE_predicted,0.07692307692307693,12,12,CACTGTTTAGGGATGTCTGG,0,3516261
tfaE_stfE_predicted,0.07692307692307693,12,12,CACTATTGTGTTCGGATTGG,0,3497837
tfaE_stfE_predicted,0.07692307692307693,12,12,CACTAAGCGCTCCCCCGTCG,0,3499714
tfaE_stfE_predicted,0.07692307692307693,12,12,CACGGATCTGTGGGTGGTGA,0,3539131
tfaE_stfE_predicted,0.07692307692307693,12,12,CACCTCTGCCAACGTAAGAC,0,3525240
tfaE_stfE_predicted,0.07692307692307693,12,12,CACCTCGGATCAGACCACAT,0,3489055
tfaE_stfE_predicted,0.07692307692307693,12,12,CACCTCCAATTCTTCTGCGT,0,3480206
tfaE_stfE_predicted,0.07692307692307693,12,12,CACCTAAGGTTCGTGACAGG,0,3538205
tfaE_stfE_predicted,0.07692307692307693,12,12,CACCGTTTGTGAGCCATGTA,0,3529581
tfaE_stfE_predicted,0.07692307692307693,12,12,CACCGGGGTGGTAAAACCAG,0,3499696
tfaE_stfE_predicted,0.07692307692307693,12,12,CACCGGCATCGGATCACCTG,0,3507040
tfaE_stfE_predicted,0.07692307692307693,12,12,CACCCCCAATCCCGATCTAA,0,3479485
tfaE_stfE_predicted,0.07692307692307693,12,12,CACATTGGTTGGTAGGCCTA,0,3490757
tfaE_stfE_predicted,0.07692307692307693,12,12,CACATCAGAGCGTGCGTGTC,0,3513508
tfaE_stfE_predicted,0.07692307692307693,12,12,CACAGCCGTGCTCCCTTTTT,0,3536961
tfaE_stfE_predicted,0.07692307692307693,12,12,CAATGAGTAGCCGACAGTGT,0,3491661
tfaE_stfE_predicted,0.07692307692307693,12,12,CAATAAATTTCGCACGAGTT,0,3524688
tfaE_stfE_predicted,0.07692307692307693,12,12,CAAGTTACAGTAATAACCTG,0,3483299
tfaE_stfE_predicted,0.07692307692307693,12,12,CAAGCCGTATCGAGCGTTAT,0,3489234
tfaE_stfE_predicted,0.07692307692307693,12,12,CAACGGATTTCGACTGTCCC,0,3480314
tfaE_stfE_predicted,0.07692307692307693,12,12,CAAATTTCCGATAGGGTGAA,0,3513482
tfaE_stfE_predicted,0.07692307692307693,12,12,CAAATCACAGCCCAGCCAGG,0,3468945
tfaE_stfE_predicted,0.07692307692307693,12,12,CAAATAATCTCGTGCCGTTC,0,3470824
tfaE_stfE_predicted,0.07692307692307693,12,12,CAAAGAGGTGACATAAGAAT,0,3523111
tfaE_stfE_predicted,0.07692307692307693,12,12,CAAACGTAGTCTGATCAGGC,0,3491279
tfaE_stfE_predicted,0.07692307692307693,12,12,CAAACAGGCCCCGTCACCTT,0,3536688
tfaE_stfE_predicted,0.07692307692307693,12,12,CAAACACGGCAACTATAAGG,0,3474140
tfaE_stfE_predicted,0.07692307692307693,12,12,ATTTGTGATAGTCGAATTAA,0,3524841
tfaE_stfE_predicted,0.07692307692307693,12,12,ATTGGTTTTTACAGACTATA,0,3534501
tfaE_stfE_predicted,0.07692307692307693,12,12,ATTGCGTTAAGTCAATCAAT,0,3490283
tfaE_stfE_predicted,0.07692307692307693,12,12,ATTCTTAGCCACGTGACCCG,0,3506692
tfaE_stfE_predicted,0.07692307692307693,12,12,ATTCTACCATTTTATGATTA,0,3466504
tfaE_stfE_predicted,0.07692307692307693,12,12,ATTCCTCCCCTGGTGGGAAA,0,3524810
tfaE_stfE_predicted,0.07692307692307693,12,12,ATTATCCATTAGCGGATTAT,0,3470289
tfaE_stfE_predicted,0.07692307692307693,12,12,ATGTCGGGTAATCCTATAAA,0,3477549
tfaE_stfE_predicted,0.07692307692307693,12,12,ATGTATGCTGTTCCACCATT,0,3477160
tfaE_stfE_predicted,0.07692307692307693,12,12,ATGTAGAGCGTACGGCATAA,0,3499203
tfaE_stfE_predicted,0.07692307692307693,12,12,ATGTACGAACCTTCCTAGAC,0,3473027
tfaE_stfE_predicted,0.07692307692307693,12,12,ATGTACACAACCCACTATGT,0,3471767
tfaE_stfE_predicted,0.07692307692307693,12,12,ATGGTTCTGCTTTGACTCGG,0,3533855
tfaE_stfE_predicted,0.07692307692307693,12,12,ATGGGCCTATTAAAAATCAC,0,3468657
tfaE_stfE_predicted,0.07692307692307693,12,12,ATGGCCCAACTAAAGATCGG,0,3522745
tfaE_stfE_predicted,0.07692307692307693,12,12,ATGCGTTATGTACTCCAGGG,0,3474955
tfaE_stfE_predicted,0.07692307692307693,12,12,ATGCGAGGCCCGGGAAGGAT,0,3516706
tfaE_stfE_predicted,0.07692307692307693,12,12,ATGCCGGGTCTATGCCGATC,0,3503283
tfaE_stfE_predicted,0.07692307692307693,12,12,ATGCCCCGCTACGCTAAATA,0,3527180
tfaE_stfE_predicted,0.07692307692307693,12,12,ATGACGTTCCCAGGACGCCT,0,3517610
tfaE_stfE_predicted,0.07692307692307693,12,12,ATGACGGGTAGGTTCCAAAC,0,3492545
tfaE_stfE_predicted,0.07692307692307693,12,12,ATCTTTAGATGACTAGGGTA,0,3517424
tfaE_stfE_predicted,0.07692307692307693,12,12,ATCTTAGGTGCCTCGACTGA,0,3486828
tfaE_stfE_predicted,0.07692307692307693,12,12,ATCTTAAGTGGAGTCGTCTA,0,3535073
tfaE_stfE_predicted,0.07692307692307693,12,12,ATCTATAGTACAAACCACCG,0,3499980
tfaE_stfE_predicted,0.07692307692307693,12,12,ATCGTGGGCTACGGCTTTAG,0,3466997
tfaE_stfE_predicted,0.07692307692307693,12,12,ATCGTCAAGTTGCCATTAGC,0,3521011
tfaE_stfE_predicted,0.07692307692307693,12,12,ATCCTGGAGAGGCGTACGGA,0,3519258
tfaE_stfE_predicted,0.07692307692307693,12,12,ATCCGTAGCGTTAAATTACA,0,3480589
tfaE_stfE_predicted,0.07692307692307693,12,12,ATCCCTCCTAAACTAACTTT,0,3487090
tfaE_stfE_predicted,0.07692307692307693,12,12,ATCACTCGGTCCACGAACGC,0,3479321
tfaE_stfE_predicted,0.07692307692307693,12,12,ATCACGGCCGCCGGTCCTAA,0,3503513
tfaE_stfE_predicted,0.07692307692307693,12,12,ATCACCGTTGAAAACGCGTT,0,3481576
tfaE_stfE_predicted,0.07692307692307693,12,12,ATCAATAGCATTACGTTTCA,0,3495852
tfaE_stfE_predicted,0.07692307692307693,12,12,ATCAAATTCGGGGGGGTATT,0,3517090
tfaE_stfE_predicted,0.07692307692307693,12,12,ATCAAATGGGCGGCGGGTGT,0,3526222
tfaE_stfE_predicted,0.07692307692307693,12,12,ATAGTAAGCTAACGTGGACG,0,3532534
tfaE_stfE_predicted,0.07692307692307693,12,12,ATAGGCGACTGCAACGAAAT,0,3487664
tfaE_stfE_predicted,0.07692307692307693,12,12,ATAGGAATCAGATGAAAAAG,0,3520257
tfaE_stfE_predicted,0.07692307692307693,12,12,ATAGCCTGGTCGGCATACTG,0,3495388
tfaE_stfE_predicted,0.07692307692307693,12,12,ATAGAATATTCGCCCTTGTG,0,3468401
tfaE_stfE_predicted,0.07692307692307693,12,12,ATACTGGCTATTCTTAGATT,0,3500662
tfaE_stfE_predicted,0.07692307692307693,12,12,ATAAAAAGAGCTAGTCTAAG,0,3483154
tfaE_stfE_predicted,0.07692307692307693,12,12,AGTTCCCGCTCCGGCTGTGA,0,3536876
tfaE_stfE_predicted,0.07692307692307693,12,12,AGTTCAATTTTCCCGCGGCG,0,3518064
tfaE_stfE_predicted,0.07692307692307693,12,12,AGTTATCGACGGCCTAAGAC,0,3505029
tfaE_stfE_predicted,0.07692307692307693,12,12,AGTTACCCTATGACGGCAAC,0,3480974
tfaE_stfE_predicted,0.07692307692307693,12,12,AGTTAATACGTTATAGACTT,0,3474296
tfaE_stfE_predicted,0.07692307692307693,12,12,AGTTAACACAGGATGGGTTG,0,3488986
tfaE_stfE_predicted,0.07692307692307693,12,12,AGTGTTTGGTTTGAACGTAT,0,3512066
tfaE_stfE_predicted,0.07692307692307693,12,12,AGTGTGTTTTCGAGCGCGAA,0,3504681
tfaE_stfE_predicted,0.07692307692307693,12,12,AGTCATGCAGTTCGTAGAGT,0,3498180
tfaE_stfE_predicted,0.07692307692307693,12,12,AGTATTTTCTCCAATCTAAC,0,3487870
tfaE_stfE_predicted,0.07692307692307693,12,12,AGTATGCTGTTCACTAACCC,0,3498725
tfaE_stfE_predicted,0.07692307692307693,12,12,AGTAGGCTTGAATGTAAGTA,0,3506212
tfaE_stfE_predicted,0.07692307692307693,12,12,AGTAGGAGCGTCCTAGAGTT,0,3518435
tfaE_stfE_predicted,0.07692307692307693,12,12,AGTACTGACTAACACCCGGC,0,3503678
tfaE_stfE_predicted,0.07692307692307693,12,12,AGTAATGGACTCTCGGTCCT,0,3487711
tfaE_stfE_predicted,0.07692307692307693,12,12,AGTAACCGATTGTAGCAAGT,0,3502018
tfaE_stfE_predicted,0.07692307692307693,12,12,AGGTGGAAATACCGACGCGC,0,3523105
tfaE_stfE_predicted,0.07692307692307693,12,12,AGGTCTGTGTTTCCTGCATA,0,3514773
tfaE_stfE_predicted,0.07692307692307693,12,12,AGGTCGAGGAACGACTGACA,0,3527340
tfaE_stfE_predicted,0.07692307692307693,12,12,AGGTCCGCAAAAATATCTCA,0,3488860
tfaE_stfE_predicted,0.07692307692307693,12,12,AGGGGTATAAGACGACGACA,0,3483627
tfaE_stfE_predicted,0.07692307692307693,12,12,AGGCTCAACTACGTGAGGCT,0,3493902
tfaE_stfE_predicted,0.07692307692307693,12,12,AGGCGGGATGAAACGTCTGT,0,3530680
tfaE_stfE_predicted,0.07692307692307693,12,12,AGGCGCGGAAAGCTAAAGGA,0,3511313
tfaE_stfE_predicted,0.07692307692307693,12,12,AGCTTTAGGTTAGGATGTCG,0,3504806
tfaE_stfE_predicted,0.07692307692307693,12,12,AGCTGCTGGGGGCGTTAACT,0,3536603
tfaE_stfE_predicted,0.07692307692307693,12,12,AGCTCTATAGATGCCCGACC,0,3497603
tfaE_stfE_predicted,0.07692307692307693,12,12,AGCGTGAATCCGGGCGAGAG,0,3517152
tfaE_stfE_predicted,0.07692307692307693,12,12,AGCGGTAATCAGTATTGACC,0,3482616
tfaE_stfE_predicted,0.07692307692307693,12,12,AGCGAGGGAGTCTTTGTTAT,0,3535808
tfaE_stfE_predicted,0.07692307692307693,12,12,AGCGAGGCATTCATGTCCAA,0,3513157
tfaE_stfE_predicted,0.07692307692307693,12,12,AGCCGGCACCCGGCTGACAA,0,3476516
tfaE_stfE_predicted,0.07692307692307693,12,12,AGCCGCAACTTAGAGCTCTA,0,3474761
tfaE_stfE_predicted,0.07692307692307693,12,12,AGCCGAAATTTTCCGGGTTG,0,3507025
tfaE_stfE_predicted,0.07692307692307693,12,12,AGCCAAAGATTCGTTCATTC,0,3532326
tfaE_stfE_predicted,0.07692307692307693,12,12,AGCACTCCCCCGGTGAACCG,0,3505461
tfaE_stfE_predicted,0.07692307692307693,12,12,AGCAAGCCGTATCAGTTGGA,0,3497329
tfaE_stfE_predicted,0.07692307692307693,12,12,AGATGGGAGGGGTATGGTCT,0,3471254
tfaE_stfE_predicted,0.07692307692307693,12,12,AGAGTAGAGTGACCGGCCTC,0,3474969
tfaE_stfE_predicted,0.07692307692307693,12,12,AGAGGGCAACGATGTTGGCA,0,3533010
tfaE_stfE_predicted,0.07692307692307693,12,12,AGAGCACACTCCCTGGTCAA,0,3503043
tfaE_stfE_predicted,0.07692307692307693,12,12,AGAGAAGCAGGTTTAAGTAG,0,3494158
tfaE_stfE_predicted,0.07692307692307693,12,12,AGACGAATTAATTGATACTC,0,3491262
tfaE_stfE_predicted,0.07692307692307693,12,12,AGACAGGAAGCCACGCTAGC,0,3539198
tfaE_stfE_predicted,0.07692307692307693,12,12,AGAATATCCATAGAAGGCGG,0,3497135
tfaE_stfE_predicted,0.07692307692307693,12,12,ACTTTTGGGTAGAGTGTAGA,0,3535959
tfaE_stfE_predicted,0.07692307692307693,12,12,ACTTTCACGGCTTTGTTCGC,0,3519032
tfaE_stfE_predicted,0.07692307692307693,12,12,ACTTGAGTTTTTTTTAATGG,0,3507397
tfaE_stfE_predicted,0.07692307692307693,12,12,ACTGGGGGTGACGCATTGTT,0,3525024
tfaE_stfE_predicted,0.07692307692307693,12,12,ACTGCGCAAGTTGATCTCCC,0,3498606
tfaE_stfE_predicted,0.07692307692307693,12,12,ACTGCATGGAAGCCCCTTTC,0,3496650
tfaE_stfE_predicted,0.07692307692307693,12,12,ACTGAACGGCAACGTTAAGA,0,3477850
tfaE_stfE_predicted,0.07692307692307693,12,12,ACTCTACGCTCTGGCTCAGT,0,3536970
tfaE_stfE_predicted,0.07692307692307693,12,12,ACTCGGCACTGACCGCCGGT,0,3478152
tfaE_stfE_predicted,0.07692307692307693,12,12,ACTAGGGGTCCTCCAAACTC,0,3484581
tfaE_stfE_predicted,0.07692307692307693,12,12,ACTAGGGCATCCACATGTCG,0,3506887
tfaE_stfE_predicted,0.07692307692307693,12,12,ACTACAGGAGGGGCTGGTTC,0,3511214
tfaE_stfE_predicted,0.07692307692307693,12,12,ACTAACCTCATACAGTGTAT,0,3510298
tfaE_stfE_predicted,0.07692307692307693,12,12,ACTAAACTATAAACAGTTGA,0,3471455
tfaE_stfE_predicted,0.07692307692307693,12,12,ACGTGTAAGTCTGTAAGTGA,0,3504980
tfaE_stfE_predicted,0.07692307692307693,12,12,ACGTGGGACGCTATAAGCAA,0,3476237
tfaE_stfE_predicted,0.07692307692307693,12,12,ACGTCGTCTTTGTGTTGACG,0,3540090
tfaE_stfE_predicted,0.07692307692307693,12,12,ACGTCCGCTGAGTTTGCGTC,0,3537833
tfaE_stfE_predicted,0.07692307692307693,12,12,ACGGGAAAGCCTCCCCTGGG,0,3495694
tfaE_stfE_predicted,0.07692307692307693,12,12,ACGGAATCACGTTGTTCTTT,0,3466706
tfaE_stfE_predicted,0.07692307692307693,12,12,ACGCTGGTCGGAATCTAACC,0,3474703
tfaE_stfE_predicted,0.07692307692307693,12,12,ACGCGTACGCTCGTGAGTTG,0,3490002
tfaE_stfE_predicted,0.07692307692307693,12,12,ACGCCTGTAGTTCAGGGCGG,0,3517011
tfaE_stfE_predicted,0.07692307692307693,12,12,ACGCCGCTCTTACGTCGGGA,0,3493488
tfaE_stfE_predicted,0.07692307692307693,12,12,ACGCCAGTGCCTACGGTACT,0,3536270
tfaE_stfE_predicted,0.07692307692307693,12,12,ACGATTCTTAAGGAGGCTCT,0,3514872
tfaE_stfE_predicted,0.07692307692307693,12,12,ACGATCACCATCGACCCTTT,0,3534084
tfaE_stfE_predicted,0.07692307692307693,12,12,ACGAGTACGGACCCATGTTT,0,3491603
tfaE_stfE_predicted,0.07692307692307693,12,12,ACCTGCCGTAATAGGTCGCT,0,3512378
tfaE_stfE_predicted,0.07692307692307693,12,12,ACCTCGCGCGCTCCCTACTC,0,3521426
tfaE_stfE_predicted,0.07692307692307693,12,12,ACCTATAAAATTCGTGACTG,0,3535148
tfaE_stfE_predicted,0.07692307692307693,12,12,ACCGTGCAGCAAATAATAGT,0,3530584
tfaE_stfE_predicted,0.07692307692307693,12,12,ACCGTCAGGTACGCCCCCAT,0,3471258
tfaE_stfE_predicted,0.07692307692307693,12,12,ACCGGAATACGGCACCATGC,0,3529349
tfaE_stfE_predicted,0.07692307692307693,12,12,ACCGAATACGCGTGTTTGCC,0,3468079
tfaE_stfE_predicted,0.07692307692307693,12,12,ACCGAAGGGCACTCACGTCT,0,3498770
tfaE_stfE_predicted,0.07692307692307693,12,12,ACCCTCCAGCATAGTAGAAC,0,3501018
tfaE_stfE_predicted,0.07692307692307693,12,12,ACCCCGATCAATTGACGAGG,0,3488653
tfaE_stfE_predicted,0.07692307692307693,12,12,ACCATATATCCGGTTGTGTC,0,3477852
tfaE_stfE_predicted,0.07692307692307693,12,12,ACCAAGGACAAAGCTACTAA,0,3521678
tfaE_stfE_predicted,0.07692307692307693,12,12,ACATTAACTTGAATTGGGGG,0,3482736
tfaE_stfE_predicted,0.07692307692307693,12,12,ACATGGTGGTTGGCAACTGC,0,3508013
tfaE_stfE_predicted,0.07692307692307693,12,12,ACATAGCATTTCATAGGATA,0,3514219
tfaE_stfE_predicted,0.07692307692307693,12,12,ACAGTCCGTCCTTAATATGT,0,3507089
tfaE_stfE_predicted,0.07692307692307693,12,12,ACAGTATAAGACTTAGGCGA,0,3474870
tfaE_stfE_predicted,0.07692307692307693,12,12,ACAGGAATGCGCAGTGAAAT,0,3511882
tfaE_stfE_predicted,0.07692307692307693,12,12,ACAACCAGAGGCAAGTTCCA,0,3483599
tfaE_stfE_predicted,0.07692307692307693,12,12,ACAACAGCTCAACGACAGAT,0,3499666
tfaE_stfE_predicted,0.07692307692307693,12,12,AATTTGTGCACGACGAACCA,0,3538813
tfaE_stfE_predicted,0.07692307692307693,12,12,AATTCACATTTGATCATCAT,0,3479692
tfaE_stfE_predicted,0.07692307692307693,12,12,AATTAGGGAGGGGGGAATCC,0,3508281
tfaE_stfE_predicted,0.07692307692307693,12,12,AATGGTCGGGCGAGCGGAAC,0,3486949
tfaE_stfE_predicted,0.07692307692307693,12,12,AATCCCGGATATGTCAGGGG,0,3525722
tfaE_stfE_predicted,0.07692307692307693,12,12,AATCACTCCTTGTCACTGTG,0,3474108
tfaE_stfE_predicted,0.07692307692307693,12,12,AATACCGCTGACAGCGGTAA,0,3517275
tfaE_stfE_predicted,0.07692307692307693,12,12,AATACACTGTTTGAGTTAGG,0,3473582
tfaE_stfE_predicted,0.07692307692307693,12,12,AATAAGGCACTTGAGGGCTA,0,3481889
tfaE_stfE_predicted,0.07692307692307693,12,12,AAGTAAGGGGATGGAAGCTG,0,3491510
tfaE_stfE_predicted,0.07692307692307693,12,12,AAGGGCTTACGAGCACAAAG,0,3524180
tfaE_stfE_predicted,0.07692307692307693,12,12,AAGGAACTTAAGCGAGTGTT,0,3506343
tfaE_stfE_predicted,0.07692307692307693,12,12,AAGCGTCAAGCACGTCACAA,0,3502395
tfaE_stfE_predicted,0.07692307692307693,12,12,AAGCGGTGGAACGGTCGGCA,0,3520864
tfaE_stfE_predicted,0.07692307692307693,12,12,AAGCCTAGTAGACCTACCAA,0,3471142
tfaE_stfE_predicted,0.07692307692307693,12,12,AAGCCGCCCACAGCCCACTA,0,3470733
tfaE_stfE_predicted,0.07692307692307693,12,12,AAGACCCAACAAGCTCACTC,0,3484553
tfaE_stfE_predicted,0.07692307692307693,12,12,AAGAACCTATCGGGGTATTA,0,3507407
tfaE_stfE_predicted,0.07692307692307693,12,12,AACTTTTGTTGTTGGATCGA,0,3501029
tfaE_stfE_predicted,0.07692307692307693,12,12,AACTGCACAGCCTTGATTAC,0,3537401
tfaE_stfE_predicted,0.07692307692307693,12,12,AACTATCACCATACTCTGTC,0,3488119
tfaE_stfE_predicted,0.07692307692307693,12,12,AACGTCTTTCGGGGAGTCGC,0,3503428
tfaE_stfE_predicted,0.07692307692307693,12,12,AACGGGAACGCGGTCCTCGT,0,3475928
tfaE_stfE_predicted,0.07692307692307693,12,12,AACCCAGGTGTGTTAGGAGT,0,3470113
tfaE_stfE_predicted,0.07692307692307693,12,12,AACCATCGCACCAGTTTCGG,0,3503061
tfaE_stfE_predicted,0.07692307692307693,12,12,AACAGTGATTTACTTACCCG,0,3539601
tfaE_stfE_predicted,0.07692307692307693,12,12,AACAATAGGCTGGTTCAGAA,0,3481527
tfaE_stfE_predicted,0.07692307692307693,12,12,AAATTTAGCATCTTCCGGGT,0,3491974
tfaE_stfE_predicted,0.07692307692307693,12,12,AAATGTTTCTTATTTCACAG,0,3515271
tfaE_stfE_predicted,0.07692307692307693,12,12,AAATGGGGTATTGGCTGTCA,0,3535202
tfaE_stfE_predicted,0.07692307692307693,12,12,AAATGAGATCACAAAAATGC,0,3515796
tfaE_stfE_predicted,0.07692307692307693,12,12,AAAGACTCAATAAAAACTTC,0,3517643
tfaE_stfE_predicted,0.07692307692307693,12,12,AAAGACGCGGTATTAAGGCA,0,3502703
tfaE_stfE_predicted,0.07692307692307693,12,12,AAACATTGATGGGTCTAGTC,0,3527831
tfaE_stfE_predicted,0.07692307692307693,12,12,AAAAGGCTCAGGGTGACTCT,0,3530363
tfaE_stfE_predicted,0.07692307692307693,12,12,AAAAGATATCATCAAACTCT,0,3522062
tfaE_stfE_predicted,0.08333333333333333,11,11,TTTTGCTGGGCTAGTGGGCA,0,3469921
tfaE_stfE_predicted,0.08333333333333333,11,11,TTTGGTCCAATTTCGGGGCT,0,3524234
tfaE_stfE_predicted,0.08333333333333333,11,11,TTTGGTACTGTACCACTTGC,0,3532831
tfaE_stfE_predicted,0.08333333333333333,11,11,TTTGCCATCTGACATAGCTT,0,3478752
tfaE_stfE_predicted,0.08333333333333333,11,11,TTTGAGCGAGCTTAGAAAGT,0,3518239
tfaE_stfE_predicted,0.08333333333333333,11,11,TTTGAACCACGGTTAGCCTA,0,3477009
tfaE_stfE_predicted,0.08333333333333333,11,11,TTTCCTCGCAGCGACGGCCG,0,3537542
tfaE_stfE_predicted,0.08333333333333333,11,11,TTTCCCGAACATCTGCAGAA,0,3478644
tfaE_stfE_predicted,0.08333333333333333,11,11,TTTCCCAGTGCTTGTGAGGC,0,3489555
tfaE_stfE_predicted,0.08333333333333333,11,11,TTTCATCCAGAGGTCATTCT,0,3527600
tfaE_stfE_predicted,0.08333333333333333,11,11,TTTAGTCGGGTTGCACTGAA,0,3468305
tfaE_stfE_predicted,0.08333333333333333,11,11,TTTAGCTATAACTCGCGAAA,0,3505896
tfaE_stfE_predicted,0.08333333333333333,11,11,TTTACGCCCAGCGCAAACTG,0,3494111
tfaE_stfE_predicted,0.08333333333333333,11,11,TTTAACCCCTAACCCCTGCC,0,3517577
tfaE_stfE_predicted,0.08333333333333333,11,11,TTGTTATCATTGGGCGGCTA,0,3532898
tfaE_stfE_predicted,0.08333333333333333,11,11,TTGTGGCTTCGGGCAGCCTC,0,3520939
tfaE_stfE_predicted,0.08333333333333333,11,11,TTGTGCTCCACTTGCAAAAC,0,3467765
tfaE_stfE_predicted,0.08333333333333333,11,11,TTGTAAGACGTGATGCATCT,0,3487706
tfaE_stfE_predicted,0.08333333333333333,11,11,TTGGCGCCGCGCCAGGCATT,0,3522676
tfaE_stfE_predicted,0.08333333333333333,11,11,TTGGCCGCGGAAAATTCTGG,0,3474624
tfaE_stfE_predicted,0.08333333333333333,11,11,TTGCTGTCAGCTTAGACTTA,0,3509704
tfaE_stfE_predicted,0.08333333333333333,11,11,TTGCCGGAAGCACCGTTCAT,0,3499622
tfaE_stfE_predicted,0.08333333333333333,11,11,TTGCCCGACCAATCAGGTTT,0,3518791
tfaE_stfE_predicted,0.08333333333333333,11,11,TTGCCCGACACCTGTGGTTC,0,3538763
tfaE_stfE_predicted,0.08333333333333333,11,11,TTGATACCAAGGCCAATTTA,0,3487655
tfaE_stfE_predicted,0.08333333333333333,11,11,TTCTTTTAGTTCTATCTCCC,0,3497049
tfaE_stfE_predicted,0.08333333333333333,11,11,TTCTGTCCAACGAACTTACT,0,3522086
tfaE_stfE_predicted,0.08333333333333333,11,11,TTCTGGATCGCGGGTAGCAT,0,3472969
tfaE_stfE_predicted,0.08333333333333333,11,11,TTCTCGATTGGTTGTACAAC,0,3534986
tfaE_stfE_predicted,0.08333333333333333,11,11,TTCTACTCTTAGATAATGGG,0,3486634
tfaE_stfE_predicted,0.08333333333333333,11,11,TTCGTTATGAGAGGAGATGC,0,3540002
tfaE_stfE_predicted,0.08333333333333333,11,11,TTCGTGTCTCATGGAAGGCT,0,3483019
tfaE_stfE_predicted,0.08333333333333333,11,11,TTCGATGAGTAACTCCCTAT,0,3506762
tfaE_stfE_predicted,0.08333333333333333,11,11,TTCCTGTCGGGAGATGGCGG,0,3507910
tfaE_stfE_predicted,0.08333333333333333,11,11,TTCCCGCTGACAACTTCCTG,0,3519877
tfaE_stfE_predicted,0.08333333333333333,11,11,TTCCCGAGAGCATCCGCGCC,0,3533689
tfaE_stfE_predicted,0.08333333333333333,11,11,TTCCCCGCCAAATGGGGACT,0,3477882
tfaE_stfE_predicted,0.08333333333333333,11,11,TTCATTTAGTCGGTACCTTG,0,3479054
tfaE_stfE_predicted,0.08333333333333333,11,11,TTCATGGACACAGCGGTACA,0,3523780
tfaE_stfE_predicted,0.08333333333333333,11,11,TTCAAGAATTCTCCGGGTGT,0,3532774
tfaE_stfE_predicted,0.08333333333333333,11,11,TTATTAGCAGTCGCTTGCCT,0,3522052
tfaE_stfE_predicted,0.08333333333333333,11,11,TTATATCGCTCCAGCTTTAG,0,3517871
tfaE_stfE_predicted,0.08333333333333333,11,11,TTAGCGTAAAAACACATCAG,0,3502558
tfaE_stfE_predicted,0.08333333333333333,11,11,TTAATTGGTTATCCGCGGTA,0,3514178
tfaE_stfE_predicted,0.08333333333333333,11,11,TTAACGCTAGGGGGCCCACA,0,3523875
tfaE_stfE_predicted,0.08333333333333333,11,11,TTAAATTACACGTTATGGGG,0,3508332
tfaE_stfE_predicted,0.08333333333333333,11,11,TGTTGGGGCTGACCGCCTTA,0,3529812
tfaE_stfE_predicted,0.08333333333333333,11,11,TGTGGGCTTTGTAAGTGCGC,0,3536737
tfaE_stfE_predicted,0.08333333333333333,11,11,TGTGCGCCGCTTAAGGGCTG,0,3471100
tfaE_stfE_predicted,0.08333333333333333,11,11,TGTGCCGTAGGGCACGACTC,0,3502905
tfaE_stfE_predicted,0.08333333333333333,11,11,TGTGAAAAAGTCGGTTCCTG,0,3491717
tfaE_stfE_predicted,0.08333333333333333,11,11,TGTCTCATACACATAACCAG,0,3521277
tfaE_stfE_predicted,0.08333333333333333,11,11,TGTCACTATGGGGTCAGTCA,0,3468058
tfaE_stfE_predicted,0.08333333333333333,11,11,TGTCACCCATGCGTCACCGA,0,3518784
tfaE_stfE_predicted,0.08333333333333333,11,11,TGTAGTCATGTTCACACGTG,0,3486556
tfaE_stfE_predicted,0.08333333333333333,11,11,TGGTTTACCTCTACTCCACT,0,3520327
tfaE_stfE_predicted,0.08333333333333333,11,11,TGGTGGAAAAGTCTCGGATT,0,3511643
tfaE_stfE_predicted,0.08333333333333333,11,11,TGGTCCGGCAAACACCACCA,0,3480788
tfaE_stfE_predicted,0.08333333333333333,11,11,TGGTCAGTAGACGCGTTCCA,0,3514047
tfaE_stfE_predicted,0.08333333333333333,11,11,TGGTATGGCGGTTTGAGCAG,0,3515818
tfaE_stfE_predicted,0.08333333333333333,11,11,TGGGATGGTGTATGCGACGG,0,3498385
tfaE_stfE_predicted,0.08333333333333333,11,11,TGGCTGGCGTTCATCGTTGT,0,3491883
tfaE_stfE_predicted,0.08333333333333333,11,11,TGGCGACTTCGACCGCACAA,0,3509088
tfaE_stfE_predicted,0.08333333333333333,11,11,TGGCCAAAAATAGTTTTGGA,0,3484320
tfaE_stfE_predicted,0.08333333333333333,11,11,TGGCATGATCTGCGCGACGT,0,3488761
tfaE_stfE_predicted,0.08333333333333333,11,11,TGGCATACACCCACGACGTT,0,3505085
tfaE_stfE_predicted,0.08333333333333333,11,11,TGGCAGGAGGCAAGGAAAGT,0,3491613
tfaE_stfE_predicted,0.08333333333333333,11,11,TGGCAGACGATATTACTCAT,0,3510038
tfaE_stfE_predicted,0.08333333333333333,11,11,TGGATGACGCGTAGTAGAGG,0,3528861
tfaE_stfE_predicted,0.08333333333333333,11,11,TGGAGCCCGTTAGCCCACCG,0,3524179
tfaE_stfE_predicted,0.08333333333333333,11,11,TGGAACTCCCGCCAAGCTCG,0,3539468
tfaE_stfE_predicted,0.08333333333333333,11,11,TGCTAGACAGGATGGGGTAG,0,3474826
tfaE_stfE_predicted,0.08333333333333333,11,11,TGCGAACGCCGTTGCTACGA,0,3508942
tfaE_stfE_predicted,0.08333333333333333,11,11,TGCCCGGGTTTGAGGGTTGT,0,3478146
tfaE_stfE_predicted,0.08333333333333333,11,11,TGCCATGGTACTTCTGTGAT,0,3520997
tfaE_stfE_predicted,0.08333333333333333,11,11,TGCACCTGCTTGCCCATGGC,0,3501444
tfaE_stfE_predicted,0.08333333333333333,11,11,TGCACATTCCACGGATACGG,0,3513565
tfaE_stfE_predicted,0.08333333333333333,11,11,TGAGGACCCCTGGACTTGCT,0,3504428
tfaE_stfE_predicted,0.08333333333333333,11,11,TGAGATTAGCCTAAAACCGA,0,3470195
tfaE_stfE_predicted,0.08333333333333333,11,11,TGAGAAGACGGGAACGAGCT,0,3472512
tfaE_stfE_predicted,0.08333333333333333,11,11,TGACGGTTGTCTTACTGGTA,0,3501437
tfaE_stfE_predicted,0.08333333333333333,11,11,TGACAGCCTGCGTTGCAAGA,0,3486436
tfaE_stfE_predicted,0.08333333333333333,11,11,TCTTTGCCGAATTGGCAGGC,0,3509793
tfaE_stfE_predicted,0.08333333333333333,11,11,TCTTCTAATAGGCAAGGTTC,0,3509107
tfaE_stfE_predicted,0.08333333333333333,11,11,TCTGTGCTGCGACGTCACTA,0,3506043
tfaE_stfE_predicted,0.08333333333333333,11,11,TCTGCAGTATTACTATCGAC,0,3540729
tfaE_stfE_predicted,0.08333333333333333,11,11,TCTGATCTCGTACATCAGCC,0,3528401
tfaE_stfE_predicted,0.08333333333333333,11,11,TCTCTTATCGCGCCATGTTT,0,3524517
tfaE_stfE_predicted,0.08333333333333333,11,11,TCTCTGTGTAATTTCTTGAT,0,3502910
tfaE_stfE_predicted,0.08333333333333333,11,11,TCTCGTATGAGCGTCTGGCT,0,3521873
tfaE_stfE_predicted,0.08333333333333333,11,11,TCTATTTCATTTAGATTAGC,0,3488319
tfaE_stfE_predicted,0.08333333333333333,11,11,TCTAGTTGTGTCTAATCTAC,0,3540267
tfaE_stfE_predicted,0.08333333333333333,11,11,TCTAACTTTAAAATACGAAA,0,3527019
tfaE_stfE_predicted,0.08333333333333333,11,11,TCGTGGGAAAGTACATAGGA,0,3497327
tfaE_stfE_predicted,0.08333333333333333,11,11,TCGTCAGGTATAGGAGCCAC,0,3509405
tfaE_stfE_predicted,0.08333333333333333,11,11,TCGTAAATATAGGAACTCTC,0,3528429
tfaE_stfE_predicted,0.08333333333333333,11,11,TCGGTTAAGTCTATTCCTAC,0,3501176
tfaE_stfE_predicted,0.08333333333333333,11,11,TCGGGTAATAGCCGACCAAT,0,3519987
tfaE_stfE_predicted,0.08333333333333333,11,11,TCGGGGACAGTTTCTTCGAT,0,3482934
tfaE_stfE_predicted,0.08333333333333333,11,11,TCGGGCTCTGACAAGGCCGC,0,3519936
tfaE_stfE_predicted,0.08333333333333333,11,11,TCGCCTCGTATTAGGTACGG,0,3485643
tfaE_stfE_predicted,0.08333333333333333,11,11,TCGCCCAATTCTCGGCTTTA,0,3523329
tfaE_stfE_predicted,0.08333333333333333,11,11,TCGCATGTGGGTTCTCAATG,0,3533990
tfaE_stfE_predicted,0.08333333333333333,11,11,TCGAGTCCCCCGCTATAAGG,0,3487565
tfaE_stfE_predicted,0.08333333333333333,11,11,TCCTTGTGAGAGATTGCCTA,0,3512347
tfaE_stfE_predicted,0.08333333333333333,11,11,TCCTGGATGACGATATCCTC,0,3474193
tfaE_stfE_predicted,0.08333333333333333,11,11,TCCTAGTTGTGACCTACGAT,0,3536400
tfaE_stfE_predicted,0.08333333333333333,11,11,TCCGTTATTGACCAAAAAGG,0,3511803
tfaE_stfE_predicted,0.08333333333333333,11,11,TCCGTAGCGGAGTAGGAAGT,0,3534458
tfaE_stfE_predicted,0.08333333333333333,11,11,TCCGATGGTATTCTCGTCTG,0,3540019
tfaE_stfE_predicted,0.08333333333333333,11,11,TCCGAGACCGCGTACGGGAC,0,3537551
tfaE_stfE_predicted,0.08333333333333333,11,11,TCCAACAACGAAGAGCAGCC,0,3530172
tfaE_stfE_predicted,0.08333333333333333,11,11,TCCAAAGGGGGATGTGAGCT,0,3531909
tfaE_stfE_predicted,0.08333333333333333,11,11,TCATTCGAGCGGGATCCCAG,0,3505292
tfaE_stfE_predicted,0.08333333333333333,11,11,TCAGGCATGGGCAAGTTAAA,0,3512584
tfaE_stfE_predicted,0.08333333333333333,11,11,TCAGCGGTTTTTGGTACATC,0,3475258
tfaE_stfE_predicted,0.08333333333333333,11,11,TCAGCAAGGAACGGGCCGCT,0,3466719
tfaE_stfE_predicted,0.08333333333333333,11,11,TCAGAGGTTGGTTTGGCCAT,0,3539171
tfaE_stfE_predicted,0.08333333333333333,11,11,TCAGAGCTACCGTCACACTA,0,3537140
tfaE_stfE_predicted,0.08333333333333333,11,11,TCACGAGCGAACCCGGAGAA,0,3501507
tfaE_stfE_predicted,0.08333333333333333,11,11,TCACATTGTACATTTGGTTT,0,3518095
tfaE_stfE_predicted,0.08333333333333333,11,11,TCACATCCTAGCGGACTTAA,0,3471045
tfaE_stfE_predicted,0.08333333333333333,11,11,TCAATGCGATTAGTACTCGG,0,3531360
tfaE_stfE_predicted,0.08333333333333333,11,11,TATTATGTTTTTGTGATGCA,0,3485765
tfaE_stfE_predicted,0.08333333333333333,11,11,TATTAGGCACGGGATCCGTA,0,3479968
tfaE_stfE_predicted,0.08333333333333333,11,11,TATTACTGGGCGTCCATAAA,0,3509368
tfaE_stfE_predicted,0.08333333333333333,11,11,TATGGGGGGTGACGCGTATC,0,3534867
tfaE_stfE_predicted,0.08333333333333333,11,11,TATGGACGGAATTTGGGGAT,0,3481458
tfaE_stfE_predicted,0.08333333333333333,11,11,TATGATTCTGGATCCATCAG,0,3514066
tfaE_stfE_predicted,0.08333333333333333,11,11,TATCTCTTTCTATGTTAGAG,0,3516682
tfaE_stfE_predicted,0.08333333333333333,11,11,TATCTAGCCAGCATTCGCGT,0,3512302
tfaE_stfE_predicted,0.08333333333333333,11,11,TATATATGTGGAATTGGCGA,0,3512511
tfaE_stfE_predicted,0.08333333333333333,11,11,TATATACAGCCTGTCGCCGT,0,3514356
tfaE_stfE_predicted,0.08333333333333333,11,11,TAGTGGAAGTGTGGCGGTGC,0,3520272
tfaE_stfE_predicted,0.08333333333333333,11,11,TAGTGAGATTCTAGGGTCTG,0,3505568
tfaE_stfE_predicted,0.08333333333333333,11,11,TAGGTTTCACATTGATTGCA,0,3531296
tfaE_stfE_predicted,0.08333333333333333,11,11,TAGGTGACCTTCGTGCATAA,0,3482342
tfaE_stfE_predicted,0.08333333333333333,11,11,TAGGTATGGATGTCAAAGTA,0,3473274
tfaE_stfE_predicted,0.08333333333333333,11,11,TAGGCTGGATGAGCCTCACG,0,3517944
tfaE_stfE_predicted,0.08333333333333333,11,11,TAGAGGTTGATGTCTAACTG,0,3468768
tfaE_stfE_predicted,0.08333333333333333,11,11,TAGACTGGTTTATACGACAT,0,3530729
tfaE_stfE_predicted,0.08333333333333333,11,11,TAGACGGGCGACTACGTAAT,0,3525985
tfaE_stfE_predicted,0.08333333333333333,11,11,TAGAACCGTCGTTGAGTTCG,0,3474493
tfaE_stfE_predicted,0.08333333333333333,11,11,TACTTTCTCCACGCGACGAC,0,3504124
tfaE_stfE_predicted,0.08333333333333333,11,11,TACTCAGTGACTGTTGTACT,0,3490941
tfaE_stfE_predicted,0.08333333333333333,11,11,TACGGTATACAGATCCGAGC,0,3479897
tfaE_stfE_predicted,0.08333333333333333,11,11,TACGCGCACCGACTGTGGAT,0,3517034
tfaE_stfE_predicted,0.08333333333333333,11,11,TACCGCGATACCCTCGGGGC,0,3521844
tfaE_stfE_predicted,0.08333333333333333,11,11,TACCACAAATACCACTGCAG,0,3478708
tfaE_stfE_predicted,0.08333333333333333,11,11,TACCAAGGTCCACGAGGGAT,0,3531830
tfaE_stfE_predicted,0.08333333333333333,11,11,TACAGCAAAGTGATATTGCA,0,3492115
tfaE_stfE_predicted,0.08333333333333333,11,11,TACACGTTATTTAGACACCA,0,3486567
tfaE_stfE_predicted,0.08333333333333333,11,11,TACAACGGGAGCGTGGTTCC,0,3528012
tfaE_stfE_predicted,0.08333333333333333,11,11,TAATGCGAGCGAGCGTGGGA,0,3475468
tfaE_stfE_predicted,0.08333333333333333,11,11,TAATGATTTTCGGCAGATAA,0,3498995
tfaE_stfE_predicted,0.08333333333333333,11,11,TAAGGGCTGGATCGAGCCAC,0,3538539
tfaE_stfE_predicted,0.08333333333333333,11,11,TAACTGCTACGAGATGGCCA,0,3492257
tfaE_stfE_predicted,0.08333333333333333,11,11,TAACTCGGGAGCTTACGTAA,0,3484644
tfaE_stfE_predicted,0.08333333333333333,11,11,TAACGGCATGTAGGATTAAT,0,3533996
tfaE_stfE_predicted,0.08333333333333333,11,11,TAACGAGGACCCCGGTACGG,0,3485111
tfaE_stfE_predicted,0.08333333333333333,11,11,TAACATCAGAATCGTGCTTC,0,3480361
tfaE_stfE_predicted,0.08333333333333333,11,11,TAACAGCTTCCCATTGCGCG,0,3468613
tfaE_stfE_predicted,0.08333333333333333,11,11,TAACAAAGATATGCTTTCGT,0,3504695
tfaE_stfE_predicted,0.08333333333333333,11,11,TAAATCTCTCACATAGCCCT,0,3491497
tfaE_stfE_predicted,0.08333333333333333,11,11,TAAAGTATCTGTAGTCAGAC,0,3527512
tfaE_stfE_predicted,0.08333333333333333,11,11,GTTTTGAGGAGCGGTTTTTA,0,3473807
tfaE_stfE_predicted,0.08333333333333333,11,11,GTTTCTGACTCCCTCATTCG,0,3515723
tfaE_stfE_predicted,0.08333333333333333,11,11,GTTTCTACGATGGGATTCAT,0,3515536
tfaE_stfE_predicted,0.08333333333333333,11,11,GTTTCGGCAAGGGCGCAAGG,0,3481522
tfaE_stfE_predicted,0.08333333333333333,11,11,GTTTCATACTTCACCACTTT,0,3517902
tfaE_stfE_predicted,0.08333333333333333,11,11,GTTGTCTCTTTGCTCGGCTC,0,3478141
tfaE_stfE_predicted,0.08333333333333333,11,11,GTTGGCAGCGACTGTCCCGT,0,3498344
tfaE_stfE_predicted,0.08333333333333333,11,11,GTTGGAAGCTAATGTGTGTC,0,3520182
tfaE_stfE_predicted,0.08333333333333333,11,11,GTTGACTATAGAGCCCTCGG,0,3493386
tfaE_stfE_predicted,0.08333333333333333,11,11,GTTCGGGATGCACTCGTCCC,0,3524174
tfaE_stfE_predicted,0.08333333333333333,11,11,GTTCGCGGAGCACCAAGGGT,0,3528471
tfaE_stfE_predicted,0.08333333333333333,11,11,GTTCGATGCATGAGCTGTGC,0,3485955
tfaE_stfE_predicted,0.08333333333333333,11,11,GTTCCGGGACCCAAAATACA,0,3535182
tfaE_stfE_predicted,0.08333333333333333,11,11,GTTAGGGTTGGGTGTCAGTA,0,3499027
tfaE_stfE_predicted,0.08333333333333333,11,11,GTTAGGAGGCCGTTCCGCAA,0,3472946
tfaE_stfE_predicted,0.08333333333333333,11,11,GTTACATACCTTATACATCA,0,3536877
tfaE_stfE_predicted,0.08333333333333333,11,11,GTTACAGGAGCGTACGGTTC,0,3518050
tfaE_stfE_predicted,0.08333333333333333,11,11,GTTAATCCTCGCCACGTAAA,0,3476751
tfaE_stfE_predicted,0.08333333333333333,11,11,GTTAAAAGGAAGGAATACCA,0,3539340
tfaE_stfE_predicted,0.08333333333333333,11,11,GTGTTTTGTAGTACTGGAGG,0,3524566
tfaE_stfE_predicted,0.08333333333333333,11,11,GTGTTTAGTCCGTCAGAAAA,0,3485179
tfaE_stfE_predicted,0.08333333333333333,11,11,GTGTTGGTATAGTGAGGGGT,0,3531729
tfaE_stfE_predicted,0.08333333333333333,11,11,GTGTTCAACCTTTCGGTCTA,0,3474190
tfaE_stfE_predicted,0.08333333333333333,11,11,GTGTGTGGTCGGATAACAGG,0,3497333
tfaE_stfE_predicted,0.08333333333333333,11,11,GTGTGCTCAGTCAATGAAAA,0,3473566
tfaE_stfE_predicted,0.08333333333333333,11,11,GTGTAGGCTAACATCCGCAA,0,3537594
tfaE_stfE_predicted,0.08333333333333333,11,11,GTGTAGCTTACGGGCGAGTG,0,3481170
tfaE_stfE_predicted,0.08333333333333333,11,11,GTGTAGCGGTTGAATCTGAA,0,3491725
tfaE_stfE_predicted,0.08333333333333333,11,11,GTGTACGAGTTCTCCCGGGT,0,3528865
tfaE_stfE_predicted,0.08333333333333333,11,11,GTGGGGACCCCTGTCCAGTC,0,3497946
tfaE_stfE_predicted,0.08333333333333333,11,11,GTGGCTTAACGCAGAGGTCG,0,3532957
tfaE_stfE_predicted,0.08333333333333333,11,11,GTGGCGCCTCCGCCTGGGTT,0,3506634
tfaE_stfE_predicted,0.08333333333333333,11,11,GTGGATTCACAAGAAGCTGT,0,3514115
tfaE_stfE_predicted,0.08333333333333333,11,11,GTGGAGCATACCAGAAACTA,0,3510413
tfaE_stfE_predicted,0.08333333333333333,11,11,GTGCTGCCACGTCCCGAATT,0,3501422
tfaE_stfE_predicted,0.08333333333333333,11,11,GTGCTATACGTAGAGTTGTC,0,3521111
tfaE_stfE_predicted,0.08333333333333333,11,11,GTGCGTTAAAGTTGCGATAC,0,3526505
tfaE_stfE_predicted,0.08333333333333333,11,11,GTGCATAATTTGATCTACGA,0,3474298
tfaE_stfE_predicted,0.08333333333333333,11,11,GTGCATAATTCAGCGTCCAA,0,3538684
tfaE_stfE_predicted,0.08333333333333333,11,11,GTGATGGACCTTACGATAGC,0,3540324
tfaE_stfE_predicted,0.08333333333333333,11,11,GTGATCCGTTATACGGGCCT,0,3536165
tfaE_stfE_predicted,0.08333333333333333,11,11,GTGACTTCGACCACATACCT,0,3493883
tfaE_stfE_predicted,0.08333333333333333,11,11,GTGACAGTCAAACCCCCCTT,0,3507410
tfaE_stfE_predicted,0.08333333333333333,11,11,GTGAAGTGACCCGGGATACC,0,3526921
tfaE_stfE_predicted,0.08333333333333333,11,11,GTCTAGCTGAGGAATGTTTA,0,3481669
tfaE_stfE_predicted,0.08333333333333333,11,11,GTCGCTGTATGGGTGCATTC,0,3530615
tfaE_stfE_predicted,0.08333333333333333,11,11,GTCGCGCTATAGACAAACAA,0,3475913
tfaE_stfE_predicted,0.08333333333333333,11,11,GTCGCACACACTGAGTTTGA,0,3532609
tfaE_stfE_predicted,0.08333333333333333,11,11,GTCCTCTCGTGATTCGTTTA,0,3497072
tfaE_stfE_predicted,0.08333333333333333,11,11,GTCCACATCTGCCATCAAAA,0,3491558
tfaE_stfE_predicted,0.08333333333333333,11,11,GTCATATGGCTACCAAATGT,0,3519750
tfaE_stfE_predicted,0.08333333333333333,11,11,GTCATAGCTTATTTCCGTCT,0,3534251
tfaE_stfE_predicted,0.08333333333333333,11,11,GTCAGATCGGACTTTTAAGG,0,3467209
tfaE_stfE_predicted,0.08333333333333333,11,11,GTCACCCGTAGATCAAGCCC,0,3476257
tfaE_stfE_predicted,0.08333333333333333,11,11,GTATCTAGAATTCGTGGGGG,0,3502070
tfaE_stfE_predicted,0.08333333333333333,11,11,GTATCGAGCGTCGTCTAATG,0,3514010
tfaE_stfE_predicted,0.08333333333333333,11,11,GTATATCAAAAGCGATTGCA,0,3506974
tfaE_stfE_predicted,0.08333333333333333,11,11,GTAGGTAGCGTGTTGTATGA,0,3501937
tfaE_stfE_predicted,0.08333333333333333,11,11,GTAGCCAAACCACGACACAG,0,3474799
tfaE_stfE_predicted,0.08333333333333333,11,11,GTAGAGCGGGAGGGGAACCG,0,3524335
tfaE_stfE_predicted,0.08333333333333333,11,11,GTACGGTATCTAAGTACGGC,0,3540407
tfaE_stfE_predicted,0.08333333333333333,11,11,GTACACGGTAGAGGAGTCGC,0,3513392
tfaE_stfE_predicted,0.08333333333333333,11,11,GTAATTCCTGTCTGTGGTAA,0,3497840
tfaE_stfE_predicted,0.08333333333333333,11,11,GTAATCCAACATAAGCAATA,0,3520976
tfaE_stfE_predicted,0.08333333333333333,11,11,GTAACGTAATTACGCGCAGT,0,3520181
tfaE_stfE_predicted,0.08333333333333333,11,11,GTAAATTATTACATAATATG,0,3472154
tfaE_stfE_predicted,0.08333333333333333,11,11,GTAAAGAAGTACAGCTCAGG,0,3507547
tfaE_stfE_predicted,0.08333333333333333,11,11,GGTTTAATACAGTAAGTACA,0,3509310
tfaE_stfE_predicted,0.08333333333333333,11,11,GGTTGTCTGTTAATGCCTTG,0,3534519
tfaE_stfE_predicted,0.08333333333333333,11,11,GGTTCAACCCTGCCATGGAT,0,3528781
tfaE_stfE_predicted,0.08333333333333333,11,11,GGTTAAGGCCCGGATAATGC,0,3523084
tfaE_stfE_predicted,0.08333333333333333,11,11,GGTGTTGTATAGACGGAGCT,0,3477884
tfaE_stfE_predicted,0.08333333333333333,11,11,GGTGTCCAAGGAAATCGTGC,0,3523568
tfaE_stfE_predicted,0.08333333333333333,11,11,GGTGGGGGCATTGGTCATTC,0,3523090
tfaE_stfE_predicted,0.08333333333333333,11,11,GGTGCGGTCGGGATCTGTCA,0,3474411
tfaE_stfE_predicted,0.08333333333333333,11,11,GGTGATATGAGCCAACACAT,0,3496923
tfaE_stfE_predicted,0.08333333333333333,11,11,GGTGACAGCTTTAGGACTCC,0,3489049
tfaE_stfE_predicted,0.08333333333333333,11,11,GGTCTTTTGTCGTCCGACCA,0,3532911
tfaE_stfE_predicted,0.08333333333333333,11,11,GGGTCACAAATAACGAAGTT,0,3473946
tfaE_stfE_predicted,0.08333333333333333,11,11,GGGTCAATGGTTGGATTTCG,0,3481079
tfaE_stfE_predicted,0.08333333333333333,11,11,GGGTATGTGCGGGAACACAG,0,3515266
tfaE_stfE_predicted,0.08333333333333333,11,11,GGGGGATTTGGCATATGGCA,0,3490175
tfaE_stfE_predicted,0.08333333333333333,11,11,GGGGGATTACTCCCTATAGG,0,3476995
tfaE_stfE_predicted,0.08333333333333333,11,11,GGGGCACGCTGGCTCTTGAA,0,3489479
tfaE_stfE_predicted,0.08333333333333333,11,11,GGGGAGCTATTCAGGCCCGA,0,3497262
tfaE_stfE_predicted,0.08333333333333333,11,11,GGGCTCATCTGAAAGACACT,0,3489454
tfaE_stfE_predicted,0.08333333333333333,11,11,GGGCTATGTAATGCTTATCA,0,3527847
tfaE_stfE_predicted,0.08333333333333333,11,11,GGGATGAGACTGGCATCTGT,0,3494861
tfaE_stfE_predicted,0.08333333333333333,11,11,GGGATAGCTAAGCGAGGCCT,0,3501716
tfaE_stfE_predicted,0.08333333333333333,11,11,GGGAGAGGCGTAAAGTGGGC,0,3516826
tfaE_stfE_predicted,0.08333333333333333,11,11,GGGACATACGCTGGATCTGA,0,3484607
tfaE_stfE_predicted,0.08333333333333333,11,11,GGGAACGTCAACTCTAGCGA,0,3519674
tfaE_stfE_predicted,0.08333333333333333,11,11,GGCTATTCGTATGATCCGAT,0,3490395
tfaE_stfE_predicted,0.08333333333333333,11,11,GGCTAGATTACTTCTTGCGA,0,3484768
tfaE_stfE_predicted,0.08333333333333333,11,11,GGCGCTTCCCGGATCGTGTT,0,3478888
tfaE_stfE_predicted,0.08333333333333333,11,11,GGCGACTCTTGGCTTTCTGT,0,3526958
tfaE_stfE_predicted,0.08333333333333333,11,11,GGCCGATACCCGCCCAATGA,0,3474974
tfaE_stfE_predicted,0.08333333333333333,11,11,GGCCCGCTGTAGTCTGTACC,0,3525843
tfaE_stfE_predicted,0.08333333333333333,11,11,GGCCCCGTAAAGACTCGCTC,0,3469927
tfaE_stfE_predicted,0.08333333333333333,11,11,GGCCCCACTGCCGGGTCTCG,0,3469100
tfaE_stfE_predicted,0.08333333333333333,11,11,GGCCATCGTAGGTCTGGGTG,0,3507242
tfaE_stfE_predicted,0.08333333333333333,11,11,GGCCATAACGGTCTCGACCC,0,3474341
tfaE_stfE_predicted,0.08333333333333333,11,11,GGCATAAGGTGAATGGACGC,0,3487070
tfaE_stfE_predicted,0.08333333333333333,11,11,GGCACTGTCAAGCAAGAGAA,0,3537468
tfaE_stfE_predicted,0.08333333333333333,11,11,GGCAATTAACGATTTTGGCG,0,3492329
tfaE_stfE_predicted,0.08333333333333333,11,11,GGCAAGGTGTCCGTTCATCG,0,3532718
tfaE_stfE_predicted,0.08333333333333333,11,11,GGATGTGGTATTGGCAGGAA,0,3511322
tfaE_stfE_predicted,0.08333333333333333,11,11,GGATGGTACTTACCCGCGAG,0,3466781
tfaE_stfE_predicted,0.08333333333333333,11,11,GGATCCACGGTATTGGCGGT,0,3507669
tfaE_stfE_predicted,0.08333333333333333,11,11,GGATCATCCCAGTGCTCTAG,0,3524028
tfaE_stfE_predicted,0.08333333333333333,11,11,GGAGTTATGGGGCTCAATCA,0,3480202
tfaE_stfE_predicted,0.08333333333333333,11,11,GGAGGCTGGTTAAAAAACGA,0,3482967
tfaE_stfE_predicted,0.08333333333333333,11,11,GGAGCTGTTAGTTCCGAGGC,0,3505405
tfaE_stfE_predicted,0.08333333333333333,11,11,GGAGAGAGGCCTTACATCTT,0,3539424
tfaE_stfE_predicted,0.08333333333333333,11,11,GGACTTTTGGGTATCATGTT,0,3505655
tfaE_stfE_predicted,0.08333333333333333,11,11,GGACCGAGAATAGGTTGAGC,0,3537352
tfaE_stfE_predicted,0.08333333333333333,11,11,GGACAAGGGTCTCCTTATAT,0,3536799
tfaE_stfE_predicted,0.08333333333333333,11,11,GGAAGAGCTCCTCACTACGT,0,3470628
tfaE_stfE_predicted,0.08333333333333333,11,11,GGAACCAGGTGTCGGGTAGA,0,3479530
tfaE_stfE_predicted,0.08333333333333333,11,11,GCTTTCACACAGGTTTTCCA,0,3502398
tfaE_stfE_predicted,0.08333333333333333,11,11,GCTTACCGATTTAGAGGAGC,0,3471545
tfaE_stfE_predicted,0.08333333333333333,11,11,GCTGTCGGCCATCGAGGGTC,0,3512067
tfaE_stfE_predicted,0.08333333333333333,11,11,GCTGTAAGCCCGGGCCTAGT,0,3537430
tfaE_stfE_predicted,0.08333333333333333,11,11,GCTGGTGAGTTCGATCAGAG,0,3468299
tfaE_stfE_predicted,0.08333333333333333,11,11,GCTGAGCGGTATGGCAAAAG,0,3514829
tfaE_stfE_predicted,0.08333333333333333,11,11,GCTGACAGCCAGAAATTACA,0,3476422
tfaE_stfE_predicted,0.08333333333333333,11,11,GCTCTTTACACTGTAGCCGA,0,3477404
tfaE_stfE_predicted,0.08333333333333333,11,11,GCTCCGCCTTACTTAATTTC,0,3506736
tfaE_stfE_predicted,0.08333333333333333,11,11,GCTAGTAGAGGTAGTGAAAG,0,3523835
tfaE_stfE_predicted,0.08333333333333333,11,11,GCTACGCTAGCCGCGACCAT,0,3489791
tfaE_stfE_predicted,0.08333333333333333,11,11,GCTACATAAGGAGGATGATG,0,3468619
tfaE_stfE_predicted,0.08333333333333333,11,11,GCGTTAGCCCATTGAAGACT,0,3533969
tfaE_stfE_predicted,0.08333333333333333,11,11,GCGTCCACCTCTGTCAGGTA,0,3467046
tfaE_stfE_predicted,0.08333333333333333,11,11,GCGTAGCCTTCAACGCCTGT,0,3482607
tfaE_stfE_predicted,0.08333333333333333,11,11,GCGGGGACCTCAGGGCAATG,0,3537974
tfaE_stfE_predicted,0.08333333333333333,11,11,GCGGGCACGTTGAGGGGTAT,0,3504733
tfaE_stfE_predicted,0.08333333333333333,11,11,GCGGGATTATGGAAAAGATG,0,3469031
tfaE_stfE_predicted,0.08333333333333333,11,11,GCGGATGAGATTACACCGCC,0,3523788
tfaE_stfE_predicted,0.08333333333333333,11,11,GCGCTAGGGCATGGTGAGCG,0,3527103
tfaE_stfE_predicted,0.08333333333333333,11,11,GCGCGGGGACTACATGATCA,0,3526225
tfaE_stfE_predicted,0.08333333333333333,11,11,GCGCGAATGTATGGCGCTTA,0,3518135
tfaE_stfE_predicted,0.08333333333333333,11,11,GCGCAATTAAGACCGCTTAT,0,3488191
tfaE_stfE_predicted,0.08333333333333333,11,11,GCGAGCGTATTCTCTCGATT,0,3539604
tfaE_stfE_predicted,0.08333333333333333,11,11,GCGACAACGGCATCCCAGTA,0,3474119
tfaE_stfE_predicted,0.08333333333333333,11,11,GCCTGTTTAACAGCGAGGTA,0,3483511
tfaE_stfE_predicted,0.08333333333333333,11,11,GCCTGGCCGGTAATGCCGTG,0,3508491
tfaE_stfE_predicted,0.08333333333333333,11,11,GCCGGCTATGCCAAGTTGGA,0,3518613
tfaE_stfE_predicted,0.08333333333333333,11,11,GCCGCGGTAGGATTTCCCGA,0,3514174
tfaE_stfE_predicted,0.08333333333333333,11,11,GCCGATCAGGTTGGAACGAG,0,3502690
tfaE_stfE_predicted,0.08333333333333333,11,11,GCCCCTAGAGCTGCATAGGA,0,3488591
tfaE_stfE_predicted,0.08333333333333333,11,11,GCCCCCAATTTCACAAAGGT,0,3520704
tfaE_stfE_predicted,0.08333333333333333,11,11,GCCATTCAGGGTTGTGGTAT,0,3486684
tfaE_stfE_predicted,0.08333333333333333,11,11,GCCATGGCGGGATGGGTCTC,0,3511932
tfaE_stfE_predicted,0.08333333333333333,11,11,GCCAGGATCAAACCTCCAAG,0,3486950
tfaE_stfE_predicted,0.08333333333333333,11,11,GCCAAGAGGATATTGTAGAA,0,3467875
tfaE_stfE_predicted,0.08333333333333333,11,11,GCATTTTGAACGAGCATCGG,0,3504976
tfaE_stfE_predicted,0.08333333333333333,11,11,GCATTCTGGCGAACTCAATT,0,3501506
tfaE_stfE_predicted,0.08333333333333333,11,11,GCATGGTGCGGTGCAGTGGG,0,3514408
tfaE_stfE_predicted,0.08333333333333333,11,11,GCATCGCTCAAATGCATGAG,0,3485173
tfaE_stfE_predicted,0.08333333333333333,11,11,GCAGTCCGGTTCTCTTTTTT,0,3536156
tfaE_stfE_predicted,0.08333333333333333,11,11,GCAGGTCAGATACGACCAGT,0,3480637
tfaE_stfE_predicted,0.08333333333333333,11,11,GCAGCCGCACCGCCCCTCGT,0,3513000
tfaE_stfE_predicted,0.08333333333333333,11,11,GCAGCCCGAAATAGTAATCA,0,3481586
tfaE_stfE_predicted,0.08333333333333333,11,11,GCAGACCAAATCCCTATATC,0,3476249
tfaE_stfE_predicted,0.08333333333333333,11,11,GCACTTCACTTAGGCGCACT,0,3523373
tfaE_stfE_predicted,0.08333333333333333,11,11,GCACTGGTGCAGGCTATAAT,0,3495940
tfaE_stfE_predicted,0.08333333333333333,11,11,GCACTGCCCCCGGATCGTCA,0,3484972
tfaE_stfE_predicted,0.08333333333333333,11,11,GCACGGCACGGTATATGCGG,0,3508959
tfaE_stfE_predicted,0.08333333333333333,11,11,GCACATACCCCGAGCGACTA,0,3500342
tfaE_stfE_predicted,0.08333333333333333,11,11,GCACACGGTTAGAAGAGGTT,0,3503467
tfaE_stfE_predicted,0.08333333333333333,11,11,GCAATGTGGTCGGCGGACAC,0,3500837
tfaE_stfE_predicted,0.08333333333333333,11,11,GCAAACGCAGAAACCTCCGA,0,3519966
tfaE_stfE_predicted,0.08333333333333333,11,11,GCAAAAAATCGAGTAGGGTC,0,3522629
tfaE_stfE_predicted,0.08333333333333333,11,11,GATGTTACGCGTTCCAGCCC,0,3515584
tfaE_stfE_predicted,0.08333333333333333,11,11,GATGGCGGGATACACCCGCA,0,3511503
tfaE_stfE_predicted,0.08333333333333333,11,11,GATGGATATTTGTACAGACC,0,3488859
tfaE_stfE_predicted,0.08333333333333333,11,11,GATGGACCATGCTTAGTCAA,0,3520188
tfaE_stfE_predicted,0.08333333333333333,11,11,GATCGGGTCCGGGTTACGTA,0,3481113
tfaE_stfE_predicted,0.08333333333333333,11,11,GATCGGATGGTGCGTCCCGG,0,3496089
tfaE_stfE_predicted,0.08333333333333333,11,11,GATCAATCCTCAAGTGATTA,0,3495413
tfaE_stfE_predicted,0.08333333333333333,11,11,GATATCTCAGTATTTTTTTA,0,3522896
tfaE_stfE_predicted,0.08333333333333333,11,11,GAGTTAGGCACAAAGATCGT,0,3495967
tfaE_stfE_predicted,0.08333333333333333,11,11,GAGTCAATTCATCTTATCGA,0,3479774
tfaE_stfE_predicted,0.08333333333333333,11,11,GAGTATGAGTCCTCCGGCAG,0,3506828
tfaE_stfE_predicted,0.08333333333333333,11,11,GAGTATCGGGGTTAGGATAT,0,3512796
tfaE_stfE_predicted,0.08333333333333333,11,11,GAGTACTTTGTCCAGGAGAC,0,3502050
tfaE_stfE_predicted,0.08333333333333333,11,11,GAGGTAGGACGTTACACGAT,0,3478222
tfaE_stfE_predicted,0.08333333333333333,11,11,GAGGATATGTTGTCGGTCCT,0,3520711
tfaE_stfE_predicted,0.08333333333333333,11,11,GAGGAGTCTTATCCCGCGCA,0,3512637
tfaE_stfE_predicted,0.08333333333333333,11,11,GAGGACCTGTAACCCTACGT,0,3536218
tfaE_stfE_predicted,0.08333333333333333,11,11,GAGGAACAGTTTCAAAAGAC,0,3508599
tfaE_stfE_predicted,0.08333333333333333,11,11,GAGATCTCCTAGGGAAAAAG,0,3503735
tfaE_stfE_predicted,0.08333333333333333,11,11,GACTACCACAAATCTTAGGT,0,3499085
tfaE_stfE_predicted,0.08333333333333333,11,11,GACGGTGGCTGTCGCAACTC,0,3506696
tfaE_stfE_predicted,0.08333333333333333,11,11,GACGCACTATTCGCCACAAC,0,3517872
tfaE_stfE_predicted,0.08333333333333333,11,11,GACCTGGTGTCCCCTGATGC,0,3470135
tfaE_stfE_predicted,0.08333333333333333,11,11,GACCGGTCATGTCCGGGCTA,0,3470605
tfaE_stfE_predicted,0.08333333333333333,11,11,GACCCAGTTCTGATATGAAC,0,3517812
tfaE_stfE_predicted,0.08333333333333333,11,11,GACAAATAATAACGAAACCA,0,3507339
tfaE_stfE_predicted,0.08333333333333333,11,11,GAATTCGTCTACACGGGTTT,0,3526650
tfaE_stfE_predicted,0.08333333333333333,11,11,GAATGTCCATATCAACGTGT,0,3520025
tfaE_stfE_predicted,0.08333333333333333,11,11,GAATAGGTCGAAAAGCCATT,0,3488628
tfaE_stfE_predicted,0.08333333333333333,11,11,GAATAGGATTGTGTTATCAA,0,3518232
tfaE_stfE_predicted,0.08333333333333333,11,11,GAAGTTTAGACCCATCGGTT,0,3485948
tfaE_stfE_predicted,0.08333333333333333,11,11,GAAGTTCATGTCAAGTATCG,0,3504877
tfaE_stfE_predicted,0.08333333333333333,11,11,GAACGGGGGAACGTCGCCAT,0,3519686
tfaE_stfE_predicted,0.08333333333333333,11,11,GAACCACACCTCCATCACGT,0,3495447
tfaE_stfE_predicted,0.08333333333333333,11,11,GAAATGCGCGCAGTCATTCT,0,3523096
tfaE_stfE_predicted,0.08333333333333333,11,11,GAAATAAAATTAAGTGACCA,0,3473660
tfaE_stfE_predicted,0.08333333333333333,11,11,GAAACTCGGTATGAGTCACA,0,3533036
tfaE_stfE_predicted,0.08333333333333333,11,11,CTTTTTAAAGGTGATGCCCT,0,3503142
tfaE_stfE_predicted,0.08333333333333333,11,11,CTTTCTGGACTGCAAAGTAA,0,3506194
tfaE_stfE_predicted,0.08333333333333333,11,11,CTTCGGTGTATTAAGTTCGG,0,3504909
tfaE_stfE_predicted,0.08333333333333333,11,11,CTTCGGCCGAACCTTGCTAA,0,3534823
tfaE_stfE_predicted,0.08333333333333333,11,11,CTTCGAGGGACCCGGATAGC,0,3522352
tfaE_stfE_predicted,0.08333333333333333,11,11,CTTCCTCGGGGAGTAATTTA,0,3495349
tfaE_stfE_predicted,0.08333333333333333,11,11,CTTCATAGTCAATACTCGCA,0,3502401
tfaE_stfE_predicted,0.08333333333333333,11,11,CTTCAGGTTTCACTATGTTA,0,3488542
tfaE_stfE_predicted,0.08333333333333333,11,11,CTTCACATTTATACCTGGTA,0,3540865
tfaE_stfE_predicted,0.08333333333333333,11,11,CTTAACGTGCGATTGACCTC,0,3478190
tfaE_stfE_predicted,0.08333333333333333,11,11,CTGTGGGACCCTGGATACAA,0,3516121
tfaE_stfE_predicted,0.08333333333333333,11,11,CTGGGTAGAAGAGGAAGTCA,0,3503903
tfaE_stfE_predicted,0.08333333333333333,11,11,CTGGATTCCTTCAGCGTATG,0,3468464
tfaE_stfE_predicted,0.08333333333333333,11,11,CTGCTCGCTGTTCTGACTTG,0,3539638
tfaE_stfE_predicted,0.08333333333333333,11,11,CTGCTACGGTACCGGGGAAC,0,3516889
tfaE_stfE_predicted,0.08333333333333333,11,11,CTGCGTAATGAATCATCAAG,0,3539325
tfaE_stfE_predicted,0.08333333333333333,11,11,CTGCCACACACTTCGGGGAA,0,3530486
tfaE_stfE_predicted,0.08333333333333333,11,11,CTGCAGATCGCTGCGTGGCT,0,3471492
tfaE_stfE_predicted,0.08333333333333333,11,11,CTGAGTCGCAGAGATTTACG,0,3471262
tfaE_stfE_predicted,0.08333333333333333,11,11,CTGAAGTCGTCGCTCCATAT,0,3496207
tfaE_stfE_predicted,0.08333333333333333,11,11,CTCTTTACCGCCAGGGAGAT,0,3486726
tfaE_stfE_predicted,0.08333333333333333,11,11,CTCTGAATAGTCACTGTACC,0,3502711
tfaE_stfE_predicted,0.08333333333333333,11,11,CTCTCTTACTAGGTTTTGTT,0,3540540
tfaE_stfE_predicted,0.08333333333333333,11,11,CTCTAGGATGTGTGAGGCTG,0,3492881
tfaE_stfE_predicted,0.08333333333333333,11,11,CTCGGTCACTGGATTAGGAG,0,3491972
tfaE_stfE_predicted,0.08333333333333333,11,11,CTCGCTAAAAAGCCGGTAGG,0,3512844
tfaE_stfE_predicted,0.08333333333333333,11,11,CTCGCAGGATCGTTTAATCT,0,3515289
tfaE_stfE_predicted,0.08333333333333333,11,11,CTCCCGCATAATTCCGCGCC,0,3478957
tfaE_stfE_predicted,0.08333333333333333,11,11,CTCATCGGCCGAGGTTATGT,0,3489310
tfaE_stfE_predicted,0.08333333333333333,11,11,CTCAGGTTACCTAGTATGAC,0,3478247
tfaE_stfE_predicted,0.08333333333333333,11,11,CTATCTACTGAATTGTTCGC,0,3533152
tfaE_stfE_predicted,0.08333333333333333,11,11,CTATATGTGCAGATATGGTC,0,3509509
tfaE_stfE_predicted,0.08333333333333333,11,11,CTATACGTTGGCCTTCATAG,0,3520411
tfaE_stfE_predicted,0.08333333333333333,11,11,CTACTTGCCACTATAGTTAT,0,3483927
tfaE_stfE_predicted,0.08333333333333333,11,11,CTACTCGTCATTTTCTTTTT,0,3486940
tfaE_stfE_predicted,0.08333333333333333,11,11,CTACACCTACGTACATTATT,0,3504473
tfaE_stfE_predicted,0.08333333333333333,11,11,CTAAGGTAATAATTCGTCTT,0,3512936
tfaE_stfE_predicted,0.08333333333333333,11,11,CTAACGGCTGGGCGCAAGTT,0,3510579
tfaE_stfE_predicted,0.08333333333333333,11,11,CTAACGGAGGACGGCCCAAC,0,3519352
tfaE_stfE_predicted,0.08333333333333333,11,11,CTAAATTCTAGACCGTGGTT,0,3480964
tfaE_stfE_predicted,0.08333333333333333,11,11,CGTTTGTCAAAAGCCTTTAC,0,3499288
tfaE_stfE_predicted,0.08333333333333333,11,11,CGTTTCCGACCCGGCGAACG,0,3523421
tfaE_stfE_predicted,0.08333333333333333,11,11,CGTTCTCACTCATTTTGAAA,0,3493347
tfaE_stfE_predicted,0.08333333333333333,11,11,CGTTCTACTCGGGGCGGACC,0,3537522
tfaE_stfE_predicted,0.08333333333333333,11,11,CGTTCGCGAGCATCCGAGAA,0,3499652
tfaE_stfE_predicted,0.08333333333333333,11,11,CGTTCGATGCCTAACCTTTA,0,3473917
tfaE_stfE_predicted,0.08333333333333333,11,11,CGTTATTGACTATTCAAGAC,0,3491363
tfaE_stfE_predicted,0.08333333333333333,11,11,CGTTAAACACGCGAATGGCT,0,3473472
tfaE_stfE_predicted,0.08333333333333333,11,11,CGTGTTCTTATCAGGAAAAC,0,3474755
tfaE_stfE_predicted,0.08333333333333333,11,11,CGTGTACGGGAGTAACGATG,0,3532254
tfaE_stfE_predicted,0.08333333333333333,11,11,CGTGGCGAGATAGCACTTAC,0,3528872
tfaE_stfE_predicted,0.08333333333333333,11,11,CGTCTAAAGGCACTTTTATT,0,3479234
tfaE_stfE_predicted,0.08333333333333333,11,11,CGTATCGCACAGGATACAAT,0,3533513
tfaE_stfE_predicted,0.08333333333333333,11,11,CGTAGGCTTCGAGCAGAGAA,0,3497720
tfaE_stfE_predicted,0.08333333333333333,11,11,CGTAGCGGGGCAATTAGTAT,0,3511112
tfaE_stfE_predicted,0.08333333333333333,11,11,CGTAGACTGGATCCACGCGT,0,3503670
tfaE_stfE_predicted,0.08333333333333333,11,11,CGTACGTCTAGAGGTTAACT,0,3506269
tfaE_stfE_predicted,0.08333333333333333,11,11,CGTACGACTGACCATTCGCC,0,3489340
tfaE_stfE_predicted,0.08333333333333333,11,11,CGTAAACCCGGAGACAGTAG,0,3504382
tfaE_stfE_predicted,0.08333333333333333,11,11,CGGTGTCTTCGGTGCTTTGC,0,3471980
tfaE_stfE_predicted,0.08333333333333333,11,11,CGGTGCAAAAAGGCTTTCAA,0,3522567
tfaE_stfE_predicted,0.08333333333333333,11,11,CGGGTTATCGGAGAGATACC,0,3468394
tfaE_stfE_predicted,0.08333333333333333,11,11,CGGGTAAGGGTCAGGCCCGA,0,3481874
tfaE_stfE_predicted,0.08333333333333333,11,11,CGGGCAAGGTGGAGCCAGGC,0,3503828
tfaE_stfE_predicted,0.08333333333333333,11,11,CGGCTATTTATGGTCGCTCA,0,3522053
tfaE_stfE_predicted,0.08333333333333333,11,11,CGGATTAACGAATCTAGCAT,0,3470408
tfaE_stfE_predicted,0.08333333333333333,11,11,CGGATGTGAGACATAAGAAA,0,3526178
tfaE_stfE_predicted,0.08333333333333333,11,11,CGGAGACTTAATCAGCTTTG,0,3534012
tfaE_stfE_predicted,0.08333333333333333,11,11,CGGAATGGGATCAGGAGGTA,0,3497848
tfaE_stfE_predicted,0.08333333333333333,11,11,CGCTTGAATAGGGCACAGAG,0,3466689
tfaE_stfE_predicted,0.08333333333333333,11,11,CGCTCTGCTATCAGAGCTGG,0,3489599
tfaE_stfE_predicted,0.08333333333333333,11,11,CGCTCGGCAGGGGTCACCAC,0,3515481
tfaE_stfE_predicted,0.08333333333333333,11,11,CGCGGCGAAACTGCCACGCG,0,3472896
tfaE_stfE_predicted,0.08333333333333333,11,11,CGCGCGCATTCCAATCCCAT,0,3537394
tfaE_stfE_predicted,0.08333333333333333,11,11,CGCGCCGGGCAACGAGGAGT,0,3534227
tfaE_stfE_predicted,0.08333333333333333,11,11,CGCCTCGAATTCAAATGCAA,0,3480025
tfaE_stfE_predicted,0.08333333333333333,11,11,CGCCGGGAAGCACGCCTGGG,0,3476209
tfaE_stfE_predicted,0.08333333333333333,11,11,CGCCCCAGCCTTGTCCAGCA,0,3483028
tfaE_stfE_predicted,0.08333333333333333,11,11,CGCCATCAAGGTTATTAGGC,0,3525361
tfaE_stfE_predicted,0.08333333333333333,11,11,CGATGCGAACTGGCAGGAAA,0,3510062
tfaE_stfE_predicted,0.08333333333333333,11,11,CGATCGTGGGGTGGTGTCCG,0,3527944
tfaE_stfE_predicted,0.08333333333333333,11,11,CGATAACGATCATCCAGAAG,0,3468275
tfaE_stfE_predicted,0.08333333333333333,11,11,CGATAACACATTACCTGGGA,0,3473901
tfaE_stfE_predicted,0.08333333333333333,11,11,CGAGTCGTAGCTCTACGTTT,0,3486763
tfaE_stfE_predicted,0.08333333333333333,11,11,CGAGTCAACGGCAAGAATAG,0,3490954
tfaE_stfE_predicted,0.08333333333333333,11,11,CGAGGTCATCTGAATCTACT,0,3528881
tfaE_stfE_predicted,0.08333333333333333,11,11,CGACTTACCGAACTTTGCTT,0,3511933
tfaE_stfE_predicted,0.08333333333333333,11,11,CGACCGAACATCGATATCGT,0,3486488
tfaE_stfE_predicted,0.08333333333333333,11,11,CGAAACCTTGTAGTTTGACA,0,3494558
tfaE_stfE_predicted,0.08333333333333333,11,11,CGAAAAATGAAATAATCGGC,0,3476185
tfaE_stfE_predicted,0.08333333333333333,11,11,CCTGGAGCTCACGGTTGTGC,0,3481092
tfaE_stfE_predicted,0.08333333333333333,11,11,CCTGCTAATATCGCTAGGTT,0,3494778
tfaE_stfE_predicted,0.08333333333333333,11,11,CCTCGATGGTTTTCAGGAAG,0,3540804
tfaE_stfE_predicted,0.08333333333333333,11,11,CCTAAGTGTCGTCCGTGTCC,0,3483418
tfaE_stfE_predicted,0.08333333333333333,11,11,CCTAAGGGCACATTTACCTG,0,3527948
tfaE_stfE_predicted,0.08333333333333333,11,11,CCTAACTCAATTCTGTTACT,0,3520355
tfaE_stfE_predicted,0.08333333333333333,11,11,CCGTGCTACTTATAACGGAA,0,3469535
tfaE_stfE_predicted,0.08333333333333333,11,11,CCGTCAATCGATGACAATCA,0,3501793
tfaE_stfE_predicted,0.08333333333333333,11,11,CCGTAATTCCTTTCTCCACG,0,3535140
tfaE_stfE_predicted,0.08333333333333333,11,11,CCGGGCTTAGATTGTCACCG,0,3533302
tfaE_stfE_predicted,0.08333333333333333,11,11,CCGGGCGGTTATGATAGTAC,0,3504624
tfaE_stfE_predicted,0.08333333333333333,11,11,CCGGCCCGCGCCAGGAATAA,0,3529308
tfaE_stfE_predicted,0.08333333333333333,11,11,CCGGCACGAGACGTACGAGT,0,3474522
tfaE_stfE_predicted,0.08333333333333333,11,11,CCGGCACACTTGCCACCGGG,0,3486203
tfaE_stfE_predicted,0.08333333333333333,11,11,CCGCTGTTAACTGTGGGCGT,0,3473133
tfaE_stfE_predicted,0.08333333333333333,11,11,CCGATCCATCCCGCTACAAG,0,3530504
tfaE_stfE_predicted,0.08333333333333333,11,11,CCGAGTAGAGCTGGGAAATG,0,3521912
tfaE_stfE_predicted,0.08333333333333333,11,11,CCGACTTGCAACGTGTAATA,0,3536700
tfaE_stfE_predicted,0.08333333333333333,11,11,CCGACCACAGCTCTTGATGT,0,3534256
tfaE_stfE_predicted,0.08333333333333333,11,11,CCGAAGAAGTTCAGCGAGTC,0,3506387
tfaE_stfE_predicted,0.08333333333333333,11,11,CCGAACACCGGTTGCACTCT,0,3474331
tfaE_stfE_predicted,0.08333333333333333,11,11,CCCGTAAGGTTTGTAATGAA,0,3539276
tfaE_stfE_predicted,0.08333333333333333,11,11,CCCGCTTCCAAGCTTACTGA,0,3490446
tfaE_stfE_predicted,0.08333333333333333,11,11,CCCGCACAGCAGCTCCTTCA,0,3529095
tfaE_stfE_predicted,0.08333333333333333,11,11,CCCCCACCAGTCCGGGCGTA,0,3506472
tfaE_stfE_predicted,0.08333333333333333,11,11,CCCATACGCGAATGTGAATT,0,3489670
tfaE_stfE_predicted,0.08333333333333333,11,11,CCCATAATTGTGGGGGGACG,0,3523364
tfaE_stfE_predicted,0.08333333333333333,11,11,CCCAGGATTACGATCGGTCA,0,3487778
tfaE_stfE_predicted,0.08333333333333333,11,11,CCATGATAAGCCACCGGCAT,0,3489402
tfaE_stfE_predicted,0.08333333333333333,11,11,CCATCGTTAGGGTAGAGGGT,0,3475256
tfaE_stfE_predicted,0.08333333333333333,11,11,CCACGGGATCGGCATATTTG,0,3502757
tfaE_stfE_predicted,0.08333333333333333,11,11,CCACAGAACGTTATGGAGCT,0,3479053
tfaE_stfE_predicted,0.08333333333333333,11,11,CCAATGTTTCTTGCGGCATG,0,3477761
tfaE_stfE_predicted,0.08333333333333333,11,11,CCAATGTTATCGCATGTCTG,0,3518309
tfaE_stfE_predicted,0.08333333333333333,11,11,CCAATAGTGATTAGAGCCCG,0,3512444
tfaE_stfE_predicted,0.08333333333333333,11,11,CCAAAACTCCCTATTCGTGG,0,3493512
tfaE_stfE_predicted,0.08333333333333333,11,11,CATTTATTGGGGGTCTGACT,0,3492156
tfaE_stfE_predicted,0.08333333333333333,11,11,CATTCGCCTCACCAAAACAT,0,3488735
tfaE_stfE_predicted,0.08333333333333333,11,11,CATTAGTACGATGCTGGGAC,0,3483368
tfaE_stfE_predicted,0.08333333333333333,11,11,CATTAGGCGATTTAATGGCG,0,3475194
tfaE_stfE_predicted,0.08333333333333333,11,11,CATGTCTCAGGCGGGAGTCA,0,3475407
tfaE_stfE_predicted,0.08333333333333333,11,11,CATCTTGCTCTACACATCCC,0,3491373
tfaE_stfE_predicted,0.08333333333333333,11,11,CATCGGGCGAATAGCCCCTT,0,3519562
tfaE_stfE_predicted,0.08333333333333333,11,11,CATCCAGTAAATCTGTGGAA,0,3540918
tfaE_stfE_predicted,0.08333333333333333,11,11,CATCACCTCAGACCGTACGT,0,3539824
tfaE_stfE_predicted,0.08333333333333333,11,11,CATATTGGAGCTTCACACGT,0,3480595
tfaE_stfE_predicted,0.08333333333333333,11,11,CATAGCGTTAAGCTGGTAGT,0,3535172
tfaE_stfE_predicted,0.08333333333333333,11,11,CATAGAGCTACGGCCACCGT,0,3533846
tfaE_stfE_predicted,0.08333333333333333,11,11,CAGTGCCGCGCCAAGGTAAC,0,3472469
tfaE_stfE_predicted,0.08333333333333333,11,11,CAGTAATGCTCCTTGACCGT,0,3496363
tfaE_stfE_predicted,0.08333333333333333,11,11,CAGGGCCGCTTTCGCAATAC,0,3475078
tfaE_stfE_predicted,0.08333333333333333,11,11,CAGGGCCAGTCACGAACTAG,0,3514155
tfaE_stfE_predicted,0.08333333333333333,11,11,CAGGGATGTGCCGTACAGAT,0,3508194
tfaE_stfE_predicted,0.08333333333333333,11,11,CAGGGAGGTGACATACCGAG,0,3528966
tfaE_stfE_predicted,0.08333333333333333,11,11,CAGGCAGCCTGTCTACACTA,0,3535933
tfaE_stfE_predicted,0.08333333333333333,11,11,CAGGCAGCAAATTCCTCGTC,0,3511003
tfaE_stfE_predicted,0.08333333333333333,11,11,CAGCTGACTAGCGATTAAGG,0,3534192
tfaE_stfE_predicted,0.08333333333333333,11,11,CAGATCTTTGGTAAATGTAG,0,3475985
tfaE_stfE_predicted,0.08333333333333333,11,11,CAGATCGCGGATACGGGAAA,0,3533032
tfaE_stfE_predicted,0.08333333333333333,11,11,CAGACATTGGATGGAGGCCA,0,3519403
tfaE_stfE_predicted,0.08333333333333333,11,11,CAGAACGTACTTTAAAGAGT,0,3498685
tfaE_stfE_predicted,0.08333333333333333,11,11,CACTGGAAGACGGGATTTAT,0,3522868
tfaE_stfE_predicted,0.08333333333333333,11,11,CACTATGCGTTCCCGTATGA,0,3527561
tfaE_stfE_predicted,0.08333333333333333,11,11,CACTAAGGGAGACCCTCGCA,0,3539839
tfaE_stfE_predicted,0.08333333333333333,11,11,CACGGCGGTCGGTTACGACC,0,3478135
tfaE_stfE_predicted,0.08333333333333333,11,11,CACCTGTAGTGTGAGGTAAT,0,3539716
tfaE_stfE_predicted,0.08333333333333333,11,11,CACATCCGTGAAGTTCAGTT,0,3520790
tfaE_stfE_predicted,0.08333333333333333,11,11,CACACAAAGTAAGTACCCTG,0,3532007
tfaE_stfE_predicted,0.08333333333333333,11,11,CACAAATTGGACCATATCTA,0,3483857
tfaE_stfE_predicted,0.08333333333333333,11,11,CAAGTAGACCCGCCGGCTCG,0,3528542
tfaE_stfE_predicted,0.08333333333333333,11,11,CAAGTACTCCTGCTGGAAAA,0,3535766
tfaE_stfE_predicted,0.08333333333333333,11,11,CAACTGACTGCGACCTGGGC,0,3537418
tfaE_stfE_predicted,0.08333333333333333,11,11,CAACGCCGTATACCAAACGC,0,3497044
tfaE_stfE_predicted,0.08333333333333333,11,11,CAAATGCGATTCAGACGATG,0,3521496
tfaE_stfE_predicted,0.08333333333333333,11,11,CAAATCCCTTCCCACGAGAT,0,3469900
tfaE_stfE_predicted,0.08333333333333333,11,11,CAAACTCCGGCCCGACCTAG,0,3485902
tfaE_stfE_predicted,0.08333333333333333,11,11,CAAACTATGCGTAGATTCGG,0,3495189
tfaE_stfE_predicted,0.08333333333333333,11,11,CAAACACCAATCGTCAGCTA,0,3473233
tfaE_stfE_predicted,0.08333333333333333,11,11,ATTTGACATTGGGTTAAAGT,0,3467087
tfaE_stfE_predicted,0.08333333333333333,11,11,ATTGTAGGTGCTTGTCTGCC,0,3532424
tfaE_stfE_predicted,0.08333333333333333,11,11,ATTGGTGTAGCAATCCTACA,0,3534190
tfaE_stfE_predicted,0.08333333333333333,11,11,ATTGGGGTTCCCTTGCCTCT,0,3520289
tfaE_stfE_predicted,0.08333333333333333,11,11,ATTGCCAGAGTGAAGACTCC,0,3475408
tfaE_stfE_predicted,0.08333333333333333,11,11,ATTGCAATGCGGCGAATGAA,0,3538438
tfaE_stfE_predicted,0.08333333333333333,11,11,ATGTTTCCAGTGAACACTGT,0,3528304
tfaE_stfE_predicted,0.08333333333333333,11,11,ATGTAAGCAAACCCCTGACG,0,3497078
tfaE_stfE_predicted,0.08333333333333333,11,11,ATGGTTTTCCAGGCATTTAT,0,3504922
tfaE_stfE_predicted,0.08333333333333333,11,11,ATGGAATGCGCGTCGTTCAT,0,3481577
tfaE_stfE_predicted,0.08333333333333333,11,11,ATGCATAATAGTATTGTATT,0,3491055
tfaE_stfE_predicted,0.08333333333333333,11,11,ATGCACACCGATTTTGTCCC,0,3527829
tfaE_stfE_predicted,0.08333333333333333,11,11,ATGATGTATTTCTCGTACAT,0,3492978
tfaE_stfE_predicted,0.08333333333333333,11,11,ATGAGGACCAACGTCCCAGC,0,3482020
tfaE_stfE_predicted,0.08333333333333333,11,11,ATCTCCATTCTGAGCGACAT,0,3489011
tfaE_stfE_predicted,0.08333333333333333,11,11,ATCTACTGGTCTGAAGCCCG,0,3508703
tfaE_stfE_predicted,0.08333333333333333,11,11,ATCTACGGGGGTAAGATACG,0,3504677
tfaE_stfE_predicted,0.08333333333333333,11,11,ATCTAATTCACTGAGTTGAA,0,3514260
tfaE_stfE_predicted,0.08333333333333333,11,11,ATCGTTCTAGAGGCAGCGTC,0,3476371
tfaE_stfE_predicted,0.08333333333333333,11,11,ATCGTTACCCGCGTCGTTCT,0,3509965
tfaE_stfE_predicted,0.08333333333333333,11,11,ATCGTAACTCGTATAAGCCT,0,3538032
tfaE_stfE_predicted,0.08333333333333333,11,11,ATCCTGCCATAAGAGATAAG,0,3470749
tfaE_stfE_predicted,0.08333333333333333,11,11,ATCCGTTCCTTTTCCCCGGT,0,3531302
tfaE_stfE_predicted,0.08333333333333333,11,11,ATCATTGTATATTTCGGGGA,0,3475795
tfaE_stfE_predicted,0.08333333333333333,11,11,ATCACTCGTAGAGCTGCTTG,0,3481148
tfaE_stfE_predicted,0.08333333333333333,11,11,ATCAATCCGAATGGCTAATC,0,3539115
tfaE_stfE_predicted,0.08333333333333333,11,11,ATATTTGCGCTTGCGCCATA,0,3517197
tfaE_stfE_predicted,0.08333333333333333,11,11,ATATTGTAGCTATTGCAACA,0,3530450
tfaE_stfE_predicted,0.08333333333333333,11,11,ATATGACAGCCAGCACCCGG,0,3491915
tfaE_stfE_predicted,0.08333333333333333,11,11,ATATACTGTACCTTCTAGGT,0,3468529
tfaE_stfE_predicted,0.08333333333333333,11,11,ATATACATGCCTCGCGAGTG,0,3504804
tfaE_stfE_predicted,0.08333333333333333,11,11,ATAGTGTACCAAAGATTGCC,0,3498876
tfaE_stfE_predicted,0.08333333333333333,11,11,ATAGTCTCTTAATGCCGTTT,0,3514250
tfaE_stfE_predicted,0.08333333333333333,11,11,ATAGTCAGGTCCGGCACGTT,0,3489528
tfaE_stfE_predicted,0.08333333333333333,11,11,ATAGGGCGATACGAAGTGTT,0,3522353
tfaE_stfE_predicted,0.08333333333333333,11,11,ATACTGTCCATCACATGTGA,0,3515221
tfaE_stfE_predicted,0.08333333333333333,11,11,ATACTGATATCTTGCCAGGT,0,3500974
tfaE_stfE_predicted,0.08333333333333333,11,11,ATACGGCCACCCACCGGATC,0,3488795
tfaE_stfE_predicted,0.08333333333333333,11,11,ATACATAAGCGAGATTCGGA,0,3512211
tfaE_stfE_predicted,0.08333333333333333,11,11,ATAAGTTTAAGTTTCGGTTT,0,3499092
tfaE_stfE_predicted,0.08333333333333333,11,11,ATAAAAACACGAAGGTAAAT,0,3474419
tfaE_stfE_predicted,0.08333333333333333,11,11,AGTTTTCGAGCGGTAGAAAA,0,3470363
tfaE_stfE_predicted,0.08333333333333333,11,11,AGTTTCGTGACCTGCATTAT,0,3494857
tfaE_stfE_predicted,0.08333333333333333,11,11,AGTTCATTACATTGGGAGAC,0,3541046
tfaE_stfE_predicted,0.08333333333333333,11,11,AGTGTTTACCATGCGGTTTA,0,3505713
tfaE_stfE_predicted,0.08333333333333333,11,11,AGTGGCTTAACCTGAAGTCG,0,3466888
tfaE_stfE_predicted,0.08333333333333333,11,11,AGTGGACTGGTAGACTACCA,0,3527074
tfaE_stfE_predicted,0.08333333333333333,11,11,AGTGCGTCGCGCTATATAGG,0,3538060
tfaE_stfE_predicted,0.08333333333333333,11,11,AGTGAAGGTAGCGTTCCCAA,0,3495744
tfaE_stfE_predicted,0.08333333333333333,11,11,AGTACTTTCAGGTTGAGGGA,0,3484046
tfaE_stfE_predicted,0.08333333333333333,11,11,AGTACCCTTGAAGCAGTCGT,0,3481189
tfaE_stfE_predicted,0.08333333333333333,11,11,AGTACAGAACTGTTACTGGG,0,3504754
tfaE_stfE_predicted,0.08333333333333333,11,11,AGTAAAATTCATCACGCGGG,0,3529334
tfaE_stfE_predicted,0.08333333333333333,11,11,AGGTTCAGCGGCACCTCAAG,0,3535672
tfaE_stfE_predicted,0.08333333333333333,11,11,AGGTGTGTCTTGCACATGCT,0,3499840
tfaE_stfE_predicted,0.08333333333333333,11,11,AGGGGTATAGAGGCACGCTG,0,3469405
tfaE_stfE_predicted,0.08333333333333333,11,11,AGGGGGCAGGCTCCTGCGGA,0,3472108
tfaE_stfE_predicted,0.08333333333333333,11,11,AGGGGCTGATGGTAGGCAGG,0,3504613
tfaE_stfE_predicted,0.08333333333333333,11,11,AGGCCTTGACGATAGTAGCA,0,3531471
tfaE_stfE_predicted,0.08333333333333333,11,11,AGGATGGGTCGTAGGTAGGC,0,3471847
tfaE_stfE_predicted,0.08333333333333333,11,11,AGGATCCTAATTTAGTATAA,0,3467319
tfaE_stfE_predicted,0.08333333333333333,11,11,AGGACGTAGGAAATCACTAC,0,3470829
tfaE_stfE_predicted,0.08333333333333333,11,11,AGGAACGTCGTGGGTCCCGC,0,3490096
tfaE_stfE_predicted,0.08333333333333333,11,11,AGCTTTTGGGATGAGTTCGA,0,3506104
tfaE_stfE_predicted,0.08333333333333333,11,11,AGCTGACATCCAGTCCTGAT,0,3498972
tfaE_stfE_predicted,0.08333333333333333,11,11,AGCTCTGACAGGGTCTGTGT,0,3525724
tfaE_stfE_predicted,0.08333333333333333,11,11,AGCTATTCGCTGATAACAGC,0,3505498
tfaE_stfE_predicted,0.08333333333333333,11,11,AGCGTGCAATGACTATGTGT,0,3474504
tfaE_stfE_predicted,0.08333333333333333,11,11,AGCGTCTGCGTTCTACCTGA,0,3540822
tfaE_stfE_predicted,0.08333333333333333,11,11,AGCGTACATGCTACGTGGTA,0,3520433
tfaE_stfE_predicted,0.08333333333333333,11,11,AGCGAGGCAAACACGTAGGA,0,3512188
tfaE_stfE_predicted,0.08333333333333333,11,11,AGCCGTAATTAAGCGAGTAT,0,3519817
tfaE_stfE_predicted,0.08333333333333333,11,11,AGCCCAGTCCGGGAATAAAA,0,3506247
tfaE_stfE_predicted,0.08333333333333333,11,11,AGCCAGTTCGCAACTTCGTG,0,3513379
tfaE_stfE_predicted,0.08333333333333333,11,11,AGCCACCTGAATGGTTATCT,0,3471683
tfaE_stfE_predicted,0.08333333333333333,11,11,AGCATCAAGGTAATCTCATC,0,3495433
tfaE_stfE_predicted,0.08333333333333333,11,11,AGCAGCTCAGCGCATCTTAT,0,3501354
tfaE_stfE_predicted,0.08333333333333333,11,11,AGCAGCAATGTGGCATCTGT,0,3480980
tfaE_stfE_predicted,0.08333333333333333,11,11,AGCACTCCTGCCTCCGGGTG,0,3522431
tfaE_stfE_predicted,0.08333333333333333,11,11,AGCACCGTAGCTGGATTGAC,0,3474329
tfaE_stfE_predicted,0.08333333333333333,11,11,AGCAACATGTAAGCCAGGCA,0,3535231
tfaE_stfE_predicted,0.08333333333333333,11,11,AGATTGTGTGAGGCCGGAAG,0,3476250
tfaE_stfE_predicted,0.08333333333333333,11,11,AGATTACACGTCAATTGTTT,0,3483411
tfaE_stfE_predicted,0.08333333333333333,11,11,AGATCTACGGCGCGCCCCAG,0,3475222
tfaE_stfE_predicted,0.08333333333333333,11,11,AGACAAGCTGGCTATCACTC,0,3488550
tfaE_stfE_predicted,0.08333333333333333,11,11,AGAATTGTTGCGCACACATC,0,3492387
tfaE_stfE_predicted,0.08333333333333333,11,11,AGAACTGTGGCTGTGTCGAT,0,3470848
tfaE_stfE_predicted,0.08333333333333333,11,11,AGAAAAACGTATTTGGAGCA,0,3531798
tfaE_stfE_predicted,0.08333333333333333,11,11,ACTTTCGCCAGGCTCTGGGG,0,3503069
tfaE_stfE_predicted,0.08333333333333333,11,11,ACTTATTTGAAGCAGTCCCG,0,3516621
tfaE_stfE_predicted,0.08333333333333333,11,11,ACTTAATGATGACGAGCGTA,0,3528481
tfaE_stfE_predicted,0.08333333333333333,11,11,ACTGTGCCTGTGTTGCTTAC,0,3509229
tfaE_stfE_predicted,0.08333333333333333,11,11,ACTCTGTATCAGGCATCGGT,0,3469560
tfaE_stfE_predicted,0.08333333333333333,11,11,ACTCCCTTTTAATGAGGGTT,0,3518726
tfaE_stfE_predicted,0.08333333333333333,11,11,ACTCAACCCTTCATCCTGGA,0,3475244
tfaE_stfE_predicted,0.08333333333333333,11,11,ACTAGGACCATTGAAGCTTT,0,3482178
tfaE_stfE_predicted,0.08333333333333333,11,11,ACTACTTTAGCTAGCGCTCC,0,3535422
tfaE_stfE_predicted,0.08333333333333333,11,11,ACGTTTCAATGAACACGAAA,0,3512461
tfaE_stfE_predicted,0.08333333333333333,11,11,ACGTGTCAGTCTAGGTGAAT,0,3504786
tfaE_stfE_predicted,0.08333333333333333,11,11,ACGTGGGGACGTAAGGTTTC,0,3500935
tfaE_stfE_predicted,0.08333333333333333,11,11,ACGTGAATTTGTACCCCCCA,0,3519094
tfaE_stfE_predicted,0.08333333333333333,11,11,ACGTACCAGAGAGGGATACG,0,3531871
tfaE_stfE_predicted,0.08333333333333333,11,11,ACGGTGGGGGCAACGGTTAG,0,3522977
tfaE_stfE_predicted,0.08333333333333333,11,11,ACGGTCTCGCCTAGTTTCGG,0,3467767
tfaE_stfE_predicted,0.08333333333333333,11,11,ACGGGCACTCAGGCAATGGC,0,3511742
tfaE_stfE_predicted,0.08333333333333333,11,11,ACGGACTTGGGTCCCGTATG,0,3468226
tfaE_stfE_predicted,0.08333333333333333,11,11,ACGGACTAGGGCAAATTATA,0,3522197
tfaE_stfE_predicted,0.08333333333333333,11,11,ACGCAGCTGGCATCGACCCA,0,3525952
tfaE_stfE_predicted,0.08333333333333333,11,11,ACGAGAATGGGGACACAACC,0,3492465
tfaE_stfE_predicted,0.08333333333333333,11,11,ACGACACCTATGGAAATTAG,0,3498388
tfaE_stfE_predicted,0.08333333333333333,11,11,ACCTGGCCTTTGACCAACCA,0,3488517
tfaE_stfE_predicted,0.08333333333333333,11,11,ACCTGCGCAGGTCTCCTTAC,0,3516317
tfaE_stfE_predicted,0.08333333333333333,11,11,ACCTGCCCCTTAGAGGACGA,0,3475502
tfaE_stfE_predicted,0.08333333333333333,11,11,ACCTATCCAGAGGGAAGTGT,0,3520955
tfaE_stfE_predicted,0.08333333333333333,11,11,ACCGTGGTTATGCCGACGAC,0,3503184
tfaE_stfE_predicted,0.08333333333333333,11,11,ACCGTGAGTAAGGGACAGTG,0,3537544
tfaE_stfE_predicted,0.08333333333333333,11,11,ACCCCCCATCGATTGCTTGA,0,3538794
tfaE_stfE_predicted,0.08333333333333333,11,11,ACCACTTACATATATGAATG,0,3491229
tfaE_stfE_predicted,0.08333333333333333,11,11,ACATGAATAAGCCTCCCACT,0,3466942
tfaE_stfE_predicted,0.08333333333333333,11,11,ACATCCACTCCGGATTGAGA,0,3514827
tfaE_stfE_predicted,0.08333333333333333,11,11,ACATACGGGTGGAGTTGGAT,0,3471209
tfaE_stfE_predicted,0.08333333333333333,11,11,ACAGGTGTATTTAAAGGTCC,0,3468081
tfaE_stfE_predicted,0.08333333333333333,11,11,ACAGCAGTTGCTTTGCTTAG,0,3528332
tfaE_stfE_predicted,0.08333333333333333,11,11,ACACTACTGGCTGGCGAATG,0,3532996
tfaE_stfE_predicted,0.08333333333333333,11,11,ACACTACTGCTCGCCAGGAG,0,3474070
tfaE_stfE_predicted,0.08333333333333333,11,11,ACACGTGTCTCCTTGTAGTA,0,3510232
tfaE_stfE_predicted,0.08333333333333333,11,11,ACACCATGATGTTAACAGAC,0,3486386
tfaE_stfE_predicted,0.08333333333333333,11,11,ACACCATAAGCAAGATGGAC,0,3504794
tfaE_stfE_predicted,0.08333333333333333,11,11,ACACAGCTGACCGCGGAAAC,0,3532666
tfaE_stfE_predicted,0.08333333333333333,11,11,ACAACTGGTCCGCGCACGTA,0,3532001
tfaE_stfE_predicted,0.08333333333333333,11,11,ACAAATTTCAATTCAAGCGT,0,3505080
tfaE_stfE_predicted,0.08333333333333333,11,11,AATTTTTGGGCCAGCCCCTA,0,3467346
tfaE_stfE_predicted,0.08333333333333333,11,11,AATTTTTATCTGCAGATATA,0,3513860
tfaE_stfE_predicted,0.08333333333333333,11,11,AATTTCGTTCACCTAATTGG,0,3484516
tfaE_stfE_predicted,0.08333333333333333,11,11,AATTGGCCAGGCGGCCTTTC,0,3517255
tfaE_stfE_predicted,0.08333333333333333,11,11,AATTGATGTGGAACTGTTTC,0,3487454
tfaE_stfE_predicted,0.08333333333333333,11,11,AATTCCTCGAGATATGAGTA,0,3533845
tfaE_stfE_predicted,0.08333333333333333,11,11,AATGGCGATACGTAAAGATT,0,3470734
tfaE_stfE_predicted,0.08333333333333333,11,11,AATCTCTCGTAAAGATATAG,0,3536244
tfaE_stfE_predicted,0.08333333333333333,11,11,AATCTCAGTGTGGCTTGATG,0,3526893
tfaE_stfE_predicted,0.08333333333333333,11,11,AATCGCCCGGACTGCCTCCA,0,3489544
tfaE_stfE_predicted,0.08333333333333333,11,11,AATATCACCTGGGCTAACGC,0,3476512
tfaE_stfE_predicted,0.08333333333333333,11,11,AATACGCAGATCCTATTGGA,0,3539947
tfaE_stfE_predicted,0.08333333333333333,11,11,AATACGAGGCAGGAAAAGTA,0,3536039
tfaE_stfE_predicted,0.08333333333333333,11,11,AATACCTCAAACCCGACCCA,0,3526134
tfaE_stfE_predicted,0.08333333333333333,11,11,AAGTTTCTTAGAACAGTTCT,0,3467828
tfaE_stfE_predicted,0.08333333333333333,11,11,AAGTTTAAACGTTATGTGGT,0,3501482
tfaE_stfE_predicted,0.08333333333333333,11,11,AAGTGCACGCCCGGCATTGG,0,3519547
tfaE_stfE_predicted,0.08333333333333333,11,11,AAGGGTCACTAGGACTATGA,0,3473000
tfaE_stfE_predicted,0.08333333333333333,11,11,AAGGGCCAATATGTGAGTAT,0,3502419
tfaE_stfE_predicted,0.08333333333333333,11,11,AAGGCGGAATGTATTTAGTG,0,3466716
tfaE_stfE_predicted,0.08333333333333333,11,11,AAGGCCGCCTGTTATAAACT,0,3484099
tfaE_stfE_predicted,0.08333333333333333,11,11,AAGGAGATAAAAGCGCGGGT,0,3470233
tfaE_stfE_predicted,0.08333333333333333,11,11,AAGGACCCAGTTATAGTTGA,0,3467422
tfaE_stfE_predicted,0.08333333333333333,11,11,AAGCGTGGGCATCGCATGGA,0,3496427
tfaE_stfE_predicted,0.08333333333333333,11,11,AAGCGCGACCTTGGCTATTC,0,3522666
tfaE_stfE_predicted,0.08333333333333333,11,11,AAGAGGATTTGCGGCCTGGT,0,3489448
tfaE_stfE_predicted,0.08333333333333333,11,11,AAGAATCCGAACTCTGAGAG,0,3522382
tfaE_stfE_predicted,0.08333333333333333,11,11,AAGAAACCGTAGTCCTTTCC,0,3534060
tfaE_stfE_predicted,0.08333333333333333,11,11,AACTTCGCGGCACGTATCGT,0,3515882
tfaE_stfE_predicted,0.08333333333333333,11,11,AACTTATACAGCCTCGGGAG,0,3498358
tfaE_stfE_predicted,0.08333333333333333,11,11,AACTGCCGAGTTTGCTTGTA,0,3515094
tfaE_stfE_predicted,0.08333333333333333,11,11,AACGTACCGATTAAATTCGT,0,3468087
tfaE_stfE_predicted,0.08333333333333333,11,11,AACGGTCGCTGATCCCAGAA,0,3499711
tfaE_stfE_predicted,0.08333333333333333,11,11,AACGGATGCCCCGAGTCCAA,0,3470017
tfaE_stfE_predicted,0.08333333333333333,11,11,AACGATGGCAAGCAACCTCC,0,3525375
tfaE_stfE_predicted,0.08333333333333333,11,11,AACCTCTCCTCCAAGCGTAC,0,3501495
tfaE_stfE_predicted,0.08333333333333333,11,11,AACCGTTACTCCGCAAAGGT,0,3506932
tfaE_stfE_predicted,0.08333333333333333,11,11,AACCGATGCTGCAAATTAGG,0,3510681
tfaE_stfE_predicted,0.08333333333333333,11,11,AACCCCATAATTACGTTGAC,0,3534333
tfaE_stfE_predicted,0.08333333333333333,11,11,AACCATACTCAAGCGCTAGA,0,3469972
tfaE_stfE_predicted,0.08333333333333333,11,11,AACAGGGAGGTGGGAGGGCT,0,3491561
tfaE_stfE_predicted,0.08333333333333333,11,11,AACACTTAACAAGTCGGGAA,0,3527198
tfaE_stfE_predicted,0.08333333333333333,11,11,AACAAAGATAGGATCTGAAG,0,3517615
tfaE_stfE_predicted,0.08333333333333333,11,11,AAATTAGAATTTGGGTACTA,0,3499653
tfaE_stfE_predicted,0.08333333333333333,11,11,AAATCGGCCAAAGGTTAATT,0,3534985
tfaE_stfE_predicted,0.08333333333333333,11,11,AAATAAATACCGTTGCCGAT,0,3524019
tfaE_stfE_predicted,0.08333333333333333,11,11,AAAGTATTATAAACGTGCGG,0,3491557
tfaE_stfE_predicted,0.08333333333333333,11,11,AAAGGCCTGGGTCTGTTCCA,0,3541067
tfaE_stfE_predicted,0.08333333333333333,11,11,AAACCACCCACGGCCAGATT,0,3472159
tfaE_stfE_predicted,0.08333333333333333,11,11,AAAACGTAAGCTTCACAAAC,0,3514556
tfaE_stfE_predicted,0.08333333333333333,11,11,AAAAAGGGCGAATTCAGTAC,0,3504558
tfaE_stfE_predicted,0.09090909090909091,10,10,TTTTGTCACACTGAAATTCT,0,3497532
tfaE_stfE_predicted,0.09090909090909091,10,10,TTTTCTAGGTCCGTTGCATA,0,3491141
tfaE_stfE_predicted,0.09090909090909091,10,10,TTTTCGTATACGGAACATGG,0,3470695
tfaE_stfE_predicted,0.09090909090909091,10,10,TTTTCGTAATCACATCGATG,0,3497575
tfaE_stfE_predicted,0.09090909090909091,10,10,TTTTCATAAGGGTTCATGCT,0,3475020
tfaE_stfE_predicted,0.09090909090909091,10,10,TTTTAGGTTTGCCGGGGGGA,0,3534166
tfaE_stfE_predicted,0.09090909090909091,10,10,TTTGGGTCTTACTATTCTCA,0,3492911
tfaE_stfE_predicted,0.09090909090909091,10,10,TTTGGATGCCTTGGTACGTT,0,3524596
tfaE_stfE_predicted,0.09090909090909091,10,10,TTTGCGGACAACGCTGATCC,0,3495759
tfaE_stfE_predicted,0.09090909090909091,10,10,TTTGCCGTGATCTTCTGCGT,0,3530920
tfaE_stfE_predicted,0.09090909090909091,10,10,TTTGCACTTGGGGCTGTCCC,0,3495214
tfaE_stfE_predicted,0.09090909090909091,10,10,TTTCCGAAAGTGGCCTATCG,0,3490997
tfaE_stfE_predicted,0.09090909090909091,10,10,TTTCAGGGTCGGTCGTATTG,0,3531831
tfaE_stfE_predicted,0.09090909090909091,10,10,TTTCAAGAGGGTGACTACGA,0,3471883
tfaE_stfE_predicted,0.09090909090909091,10,10,TTTATGCGCACGTCACTGTA,0,3488034
tfaE_stfE_predicted,0.09090909090909091,10,10,TTTATATTGGTTCGGGCCAG,0,3471760
tfaE_stfE_predicted,0.09090909090909091,10,10,TTTACGTCGTTTAGTGTCTC,0,3468084
tfaE_stfE_predicted,0.09090909090909091,10,10,TTTAAGTCTCCCGGCATACC,0,3512451
tfaE_stfE_predicted,0.09090909090909091,10,10,TTTAAATTAAGGGAAGAACC,0,3515270
tfaE_stfE_predicted,0.09090909090909091,10,10,TTGTTAGCCATACCAACCTC,0,3477320
tfaE_stfE_predicted,0.09090909090909091,10,10,TTGTACCTTCAACCCGATTG,0,3519411
tfaE_stfE_predicted,0.09090909090909091,10,10,TTGGCGCTCATAGGCCCCCA,0,3518648
tfaE_stfE_predicted,0.09090909090909091,10,10,TTGGACCCTTTGCCTACAAA,0,3524237
tfaE_stfE_predicted,0.09090909090909091,10,10,TTGCTCGGCCCAATAAGATA,0,3487002
tfaE_stfE_predicted,0.09090909090909091,10,10,TTGCTAACGGCGCCAACCGT,0,3508810
tfaE_stfE_predicted,0.09090909090909091,10,10,TTGCTAACACCCGGAACGGA,0,3476453
tfaE_stfE_predicted,0.09090909090909091,10,10,TTGCGTGCCTCCAGTCAGGT,0,3471330
tfaE_stfE_predicted,0.09090909090909091,10,10,TTGCGCGGTGCTTTTCGATG,0,3499423
tfaE_stfE_predicted,0.09090909090909091,10,10,TTGCAATCAGTATCCTGCGA,0,3531032
tfaE_stfE_predicted,0.09090909090909091,10,10,TTGATCCCCCATTCGTGAAC,0,3467163
tfaE_stfE_predicted,0.09090909090909091,10,10,TTGAGGCTTTTGTCTTAGAA,0,3474911
tfaE_stfE_predicted,0.09090909090909091,10,10,TTGACCTGCATTGCCCTTCA,0,3526494
tfaE_stfE_predicted,0.09090909090909091,10,10,TTGAAAGTAAATTGGAGGCA,0,3505905
tfaE_stfE_predicted,0.09090909090909091,10,10,TTCTTGCATCGAAGCTACTA,0,3486460
tfaE_stfE_predicted,0.09090909090909091,10,10,TTCTGTAAGCTAGAGATAAG,0,3486944
tfaE_stfE_predicted,0.09090909090909091,10,10,TTCTCTAGGGTTGGCTTTAC,0,3513688
tfaE_stfE_predicted,0.09090909090909091,10,10,TTCTCGTAGGAGTCCGGACT,0,3513480
tfaE_stfE_predicted,0.09090909090909091,10,10,TTCTCCCCTATCTACGGTTC,0,3535420
tfaE_stfE_predicted,0.09090909090909091,10,10,TTCTAAGTGCCCGCGTTTGA,0,3487869
tfaE_stfE_predicted,0.09090909090909091,10,10,TTCGTGGAGAGTTCACACAC,0,3522287
tfaE_stfE_predicted,0.09090909090909091,10,10,TTCGGTCGGATATTCGCGCT,0,3524242
tfaE_stfE_predicted,0.09090909090909091,10,10,TTCGAGCATCCCGGGAATAT,0,3502896
tfaE_stfE_predicted,0.09090909090909091,10,10,TTCCGTTCGGTACGTTGCCC,0,3477897
tfaE_stfE_predicted,0.09090909090909091,10,10,TTCCGGCATGCTGTCATCGA,0,3487702
tfaE_stfE_predicted,0.09090909090909091,10,10,TTCCCAATTAAGCTCCCCTC,0,3519604
tfaE_stfE_predicted,0.09090909090909091,10,10,TTCCACACCACCATCATTCC,0,3473455
tfaE_stfE_predicted,0.09090909090909091,10,10,TTCACGAGACTCGCCGCGTA,0,3498620
tfaE_stfE_predicted,0.09090909090909091,10,10,TTCAACATAAACTTGCTTGT,0,3466905
tfaE_stfE_predicted,0.09090909090909091,10,10,TTATTGTTGCTCACCCGTTC,0,3495692
tfaE_stfE_predicted,0.09090909090909091,10,10,TTATTCATGGTGCTTACTTG,0,3528266
tfaE_stfE_predicted,0.09090909090909091,10,10,TTATATGCTATCTAACGCCT,0,3467641
tfaE_stfE_predicted,0.09090909090909091,10,10,TTATAGACCGCTTCTTAATT,0,3467876
tfaE_stfE_predicted,0.09090909090909091,10,10,TTAGTGCAGTATCCAGTTAT,0,3504110
tfaE_stfE_predicted,0.09090909090909091,10,10,TTAGAATGTCTACCGTCTTG,0,3499597
tfaE_stfE_predicted,0.09090909090909091,10,10,TTAGAATGACAACGGATTCT,0,3476671
tfaE_stfE_predicted,0.09090909090909091,10,10,TTACCAGCAGTATACATTAC,0,3485602
tfaE_stfE_predicted,0.09090909090909091,10,10,TTACACGGTAGTACATGATG,0,3486245
tfaE_stfE_predicted,0.09090909090909091,10,10,TTACACGCAGAGGTGAGCTT,0,3474045
tfaE_stfE_predicted,0.09090909090909091,10,10,TTAAGCCGGTCACGGCAGAT,0,3478492
tfaE_stfE_predicted,0.09090909090909091,10,10,TTAAGCCGGCTGCGGTACTC,0,3488182
tfaE_stfE_predicted,0.09090909090909091,10,10,TTAAGAGGCGTGTCGTTCAC,0,3532500
tfaE_stfE_predicted,0.09090909090909091,10,10,TTAACTCCGCTCCTACTGTA,0,3471034
tfaE_stfE_predicted,0.09090909090909091,10,10,TTAACCCTTATGGGCGGCGA,0,3468189
tfaE_stfE_predicted,0.09090909090909091,10,10,TTAACAGAACTTATTCCTAC,0,3476043
tfaE_stfE_predicted,0.09090909090909091,10,10,TGTTACCTGAAGGAAAGGCA,0,3522379
tfaE_stfE_predicted,0.09090909090909091,10,10,TGTTAATGGCATCACTACCG,0,3488166
tfaE_stfE_predicted,0.09090909090909091,10,10,TGTGAGCGCAAGATCGCTCA,0,3499970
tfaE_stfE_predicted,0.09090909090909091,10,10,TGTGAGAAGGCGGGATTGAT,0,3469338
tfaE_stfE_predicted,0.09090909090909091,10,10,TGTCTCTCTTCGCACTTTGT,0,3499973
tfaE_stfE_predicted,0.09090909090909091,10,10,TGTCGATCATGCTGGTAAGC,0,3470240
tfaE_stfE_predicted,0.09090909090909091,10,10,TGTCATCGAAATTCTTATAT,0,3502870
tfaE_stfE_predicted,0.09090909090909091,10,10,TGTATTCAGTAAGCCGATGA,0,3467866
tfaE_stfE_predicted,0.09090909090909091,10,10,TGTATGGCGGCTCCGGTCCG,0,3497473
tfaE_stfE_predicted,0.09090909090909091,10,10,TGTAGTGTCTGTCCCTGGAC,0,3488184
tfaE_stfE_predicted,0.09090909090909091,10,10,TGTACGTTCACTATACCGCT,0,3522136
tfaE_stfE_predicted,0.09090909090909091,10,10,TGTAAGTTTCTTTTCAAGTA,0,3524184
tfaE_stfE_predicted,0.09090909090909091,10,10,TGTAACCTTTAAACGAAGTG,0,3475470
tfaE_stfE_predicted,0.09090909090909091,10,10,TGGTTTCAGTACGGTCGGTA,0,3523983
tfaE_stfE_predicted,0.09090909090909091,10,10,TGGTTCAGCTGCTTTAAGAC,0,3475131
tfaE_stfE_predicted,0.09090909090909091,10,10,TGGTGGATGCCAGCGCTTAT,0,3474766
tfaE_stfE_predicted,0.09090909090909091,10,10,TGGTGCGTGCGTAGGGAGCA,0,3500879
tfaE_stfE_predicted,0.09090909090909091,10,10,TGGTCATGTACGTCTTACTG,0,3471212
tfaE_stfE_predicted,0.09090909090909091,10,10,TGGTACGAGAGTCAGGTGAT,0,3498538
tfaE_stfE_predicted,0.09090909090909091,10,10,TGGGCCATAAAGGAGTTTTG,0,3518402
tfaE_stfE_predicted,0.09090909090909091,10,10,TGGGATGCTCTCTTGCTTTG,0,3512675
tfaE_stfE_predicted,0.09090909090909091,10,10,TGGCCGCTTTCGCGGTGCAA,0,3511494
tfaE_stfE_predicted,0.09090909090909091,10,10,TGGCAACGATCGTTCCTGGA,0,3476255
tfaE_stfE_predicted,0.09090909090909091,10,10,TGGAATATGGTTTCTATGAA,0,3513837
tfaE_stfE_predicted,0.09090909090909091,10,10,TGGAAGGGCGGAGCTGACCT,0,3470888
tfaE_stfE_predicted,0.09090909090909091,10,10,TGCTGCCCGACCTTAAGATT,0,3498046
tfaE_stfE_predicted,0.09090909090909091,10,10,TGCTGCCACTGAGGACGGCA,0,3468974
tfaE_stfE_predicted,0.09090909090909091,10,10,TGCTCTTGCTTATCAATTTT,0,3506509
tfaE_stfE_predicted,0.09090909090909091,10,10,TGCGTCACGATGTACACGCG,0,3507340
tfaE_stfE_predicted,0.09090909090909091,10,10,TGCGTATATTACCACGCGAT,0,3520037
tfaE_stfE_predicted,0.09090909090909091,10,10,TGCGGTAGCCGCCCCGACCG,0,3481796
tfaE_stfE_predicted,0.09090909090909091,10,10,TGCCTAACACGCCCTCATTG,0,3518160
tfaE_stfE_predicted,0.09090909090909091,10,10,TGCCGGTCCTTCTACAGCTT,0,3528227
tfaE_stfE_predicted,0.09090909090909091,10,10,TGCCGGGTTGTATATATTGC,0,3471216
tfaE_stfE_predicted,0.09090909090909091,10,10,TGCCAGCAACGCTTCGTGTA,0,3509687
tfaE_stfE_predicted,0.09090909090909091,10,10,TGCAAGCTGTATTTGACTTA,0,3508890
tfaE_stfE_predicted,0.09090909090909091,10,10,TGATTGGGGACGGGCATGGA,0,3495008
tfaE_stfE_predicted,0.09090909090909091,10,10,TGATGTCCCTATTCCATCGT,0,3514888
tfaE_stfE_predicted,0.09090909090909091,10,10,TGATGGCCCACACTAAATTC,0,3501548
tfaE_stfE_predicted,0.09090909090909091,10,10,TGAGTGAACGGCACGAACCA,0,3482298
tfaE_stfE_predicted,0.09090909090909091,10,10,TGACTATCGGGTACAATTCT,0,3516539
tfaE_stfE_predicted,0.09090909090909091,10,10,TGACGAGGCATTCATTAACA,0,3506097
tfaE_stfE_predicted,0.09090909090909091,10,10,TGACCTATGGACGTGCAGAT,0,3538212
tfaE_stfE_predicted,0.09090909090909091,10,10,TGACCTACTGTAGCGTTCTC,0,3486898
tfaE_stfE_predicted,0.09090909090909091,10,10,TGAAGCATAGTTGACAGCCA,0,3512430
tfaE_stfE_predicted,0.09090909090909091,10,10,TGAACCTACTCTCGTGGGAC,0,3498113
tfaE_stfE_predicted,0.09090909090909091,10,10,TGAAAGTAACCGCTTCTACA,0,3486368
tfaE_stfE_predicted,0.09090909090909091,10,10,TCTTTCAATCGCGCACGGCA,0,3474970
tfaE_stfE_predicted,0.09090909090909091,10,10,TCTTCTTACCGGACCGGCGA,0,3483837
tfaE_stfE_predicted,0.09090909090909091,10,10,TCTTACAGTCTGTACAGGTC,0,3467691
tfaE_stfE_predicted,0.09090909090909091,10,10,TCTGTATTTCGAGCATATTT,0,3469268
tfaE_stfE_predicted,0.09090909090909091,10,10,TCTGAGATACGCCCCGATGA,0,3538993
tfaE_stfE_predicted,0.09090909090909091,10,10,TCTCGTTATGAAACCTGGCC,0,3477194
tfaE_stfE_predicted,0.09090909090909091,10,10,TCTCCGCGGGATTATGCGAG,0,3473766
tfaE_stfE_predicted,0.09090909090909091,10,10,TCTCCATACCGTAGCTGGGG,0,3509213
tfaE_stfE_predicted,0.09090909090909091,10,10,TCTCAGCCCCTGACTATGCT,0,3523045
tfaE_stfE_predicted,0.09090909090909091,10,10,TCTCACGGGTTAGAGTACAG,0,3484731
tfaE_stfE_predicted,0.09090909090909091,10,10,TCTCAACGGTAATAGTGGAT,0,3535029
tfaE_stfE_predicted,0.09090909090909091,10,10,TCTATTATAGATCAAATGGC,0,3470652
tfaE_stfE_predicted,0.09090909090909091,10,10,TCTATAAAGCACTAGGAGAC,0,3524630
tfaE_stfE_predicted,0.09090909090909091,10,10,TCTAGTTGGTGATCTTGGCG,0,3538864
tfaE_stfE_predicted,0.09090909090909091,10,10,TCTAGTCCTCCTCGTCAGAG,0,3506769
tfaE_stfE_predicted,0.09090909090909091,10,10,TCTAGCTTACGTCCTGAGTG,0,3534692
tfaE_stfE_predicted,0.09090909090909091,10,10,TCTAAGTGTGTTCTATGAGG,0,3519889
tfaE_stfE_predicted,0.09090909090909091,10,10,TCTAAGCATGGAGCATTGCT,0,3503346
tfaE_stfE_predicted,0.09090909090909091,10,10,TCTAAGCAAGCTATAATGGT,0,3488229
tfaE_stfE_predicted,0.09090909090909091,10,10,TCTAACTTCCAAATGCACCA,0,3507885
tfaE_stfE_predicted,0.09090909090909091,10,10,TCTAAAACGTATTAGCTTCC,0,3518059
tfaE_stfE_predicted,0.09090909090909091,10,10,TCGTGAGTATCCTGACGATT,0,3503479
tfaE_stfE_predicted,0.09090909090909091,10,10,TCGTATGTCGTGGAAATGTC,0,3532743
tfaE_stfE_predicted,0.09090909090909091,10,10,TCGTATGCAGTTTGGTTAAG,0,3507772
tfaE_stfE_predicted,0.09090909090909091,10,10,TCGGTTCCATTCATCATAGC,0,3472706
tfaE_stfE_predicted,0.09090909090909091,10,10,TCGGATCGGCCCACACCTAA,0,3526700
tfaE_stfE_predicted,0.09090909090909091,10,10,TCGGAAGTTGGTCCATTCGT,0,3525624
tfaE_stfE_predicted,0.09090909090909091,10,10,TCGCGTATGCTTTGGGTTAG,0,3477041
tfaE_stfE_predicted,0.09090909090909091,10,10,TCGCAAGGAGTCCGATCTTA,0,3517227
tfaE_stfE_predicted,0.09090909090909091,10,10,TCGCAAAGAAGGAGAGTGAG,0,3517991
tfaE_stfE_predicted,0.09090909090909091,10,10,TCGATATAGCGGCAGGGGTC,0,3526827
tfaE_stfE_predicted,0.09090909090909091,10,10,TCCTTTCTGATGATTACCTG,0,3493896
tfaE_stfE_predicted,0.09090909090909091,10,10,TCCTTTAACCGACGTAGCGG,0,3507161
tfaE_stfE_predicted,0.09090909090909091,10,10,TCCTGTACCACCCAATAAGT,0,3539175
tfaE_stfE_predicted,0.09090909090909091,10,10,TCCTGGAGTATGTGGGCTGG,0,3526788
tfaE_stfE_predicted,0.09090909090909091,10,10,TCCTCGGTGGGTAATCGATC,0,3527328
tfaE_stfE_predicted,0.09090909090909091,10,10,TCCGCAGGTTGGCTGCATCG,0,3480033
tfaE_stfE_predicted,0.09090909090909091,10,10,TCCCCGCGCCAAAATAGCAG,0,3530853
tfaE_stfE_predicted,0.09090909090909091,10,10,TCCCCGACCTACTGCGGGGG,0,3537718
tfaE_stfE_predicted,0.09090909090909091,10,10,TCCCCAACAGGGCCAAGTAA,0,3500321
tfaE_stfE_predicted,0.09090909090909091,10,10,TCCATAGAAACGCGTGTGCG,0,3479246
tfaE_stfE_predicted,0.09090909090909091,10,10,TCCATACATAATATCATATG,0,3516732
tfaE_stfE_predicted,0.09090909090909091,10,10,TCCAGAGTGCGCACAGGACC,0,3491418
tfaE_stfE_predicted,0.09090909090909091,10,10,TCATTGCTTGCGTCGCTGAA,0,3471730
tfaE_stfE_predicted,0.09090909090909091,10,10,TCATGTTGGATACTCAGTAC,0,3512373
tfaE_stfE_predicted,0.09090909090909091,10,10,TCATGCCGTAAGGCCTTCAG,0,3505908
tfaE_stfE_predicted,0.09090909090909091,10,10,TCATCGCGGCGAACCTGGGA,0,3520601
tfaE_stfE_predicted,0.09090909090909091,10,10,TCAGCAGAATCGGAGTTAGT,0,3526863
tfaE_stfE_predicted,0.09090909090909091,10,10,TCACTTTAAGTCCGTCGGCT,0,3530036
tfaE_stfE_predicted,0.09090909090909091,10,10,TCACTCCCCATCGGCACAGT,0,3511761
tfaE_stfE_predicted,0.09090909090909091,10,10,TCACGTGTTCATGCATCACG,0,3533296
tfaE_stfE_predicted,0.09090909090909091,10,10,TCACCCTAAAGCATTTGAAC,0,3529906
tfaE_stfE_predicted,0.09090909090909091,10,10,TCACCCACCGTTGTCAGGGG,0,3490869
tfaE_stfE_predicted,0.09090909090909091,10,10,TCAAGTGGGTAGAGCTCTGC,0,3478154
tfaE_stfE_predicted,0.09090909090909091,10,10,TCAAGGTGGCTAAGCATGTA,0,3502047
tfaE_stfE_predicted,0.09090909090909091,10,10,TCAAGCTAAGCTCCTGTCCA,0,3522815
tfaE_stfE_predicted,0.09090909090909091,10,10,TCAACCGGGTTCACTGTCCA,0,3467873
tfaE_stfE_predicted,0.09090909090909091,10,10,TATTTAGGCGCCATGGTTGT,0,3523033
tfaE_stfE_predicted,0.09090909090909091,10,10,TATTGCGAGGCTCACGTAAA,0,3524811
tfaE_stfE_predicted,0.09090909090909091,10,10,TATTGAGTTTAAAAGTCGAA,0,3536049
tfaE_stfE_predicted,0.09090909090909091,10,10,TATGGCTGATTCGGCCTTAC,0,3466416
tfaE_stfE_predicted,0.09090909090909091,10,10,TATGATCACGAGCGATTTGA,0,3512061
tfaE_stfE_predicted,0.09090909090909091,10,10,TATCCGTTCCGCCTCGGCTA,0,3497553
tfaE_stfE_predicted,0.09090909090909091,10,10,TATCCGCAAACCCGTGCCAC,0,3534179
tfaE_stfE_predicted,0.09090909090909091,10,10,TATACTTGGGGCTTACTTTA,0,3474632
tfaE_stfE_predicted,0.09090909090909091,10,10,TATACTGGTAGTGCGGCATA,0,3480594
tfaE_stfE_predicted,0.09090909090909091,10,10,TAGGTAGTCGGAGAAGCCAT,0,3513452
tfaE_stfE_predicted,0.09090909090909091,10,10,TAGGATGAATGTCGAGTTAC,0,3522578
tfaE_stfE_predicted,0.09090909090909091,10,10,TAGCTAGGTTACCATAAGAC,0,3495006
tfaE_stfE_predicted,0.09090909090909091,10,10,TAGCCCCCGCAAAAGGTTCC,0,3508801
tfaE_stfE_predicted,0.09090909090909091,10,10,TAGACGGCTTCTAAGTTATT,0,3505335
tfaE_stfE_predicted,0.09090909090909091,10,10,TACTGTTGGCTTCTGACCGA,0,3522554
tfaE_stfE_predicted,0.09090909090909091,10,10,TACTGGGCCAGGTCTGACTT,0,3492021
tfaE_stfE_predicted,0.09090909090909091,10,10,TACGGGCGGGGATCTGTGTT,0,3485724
tfaE_stfE_predicted,0.09090909090909091,10,10,TACCTTCTGCCGAACGGTTA,0,3504012
tfaE_stfE_predicted,0.09090909090909091,10,10,TACCGTGAAAGTATTTCATT,0,3480854
tfaE_stfE_predicted,0.09090909090909091,10,10,TACATCACTTAGACCAGTGT,0,3539199
tfaE_stfE_predicted,0.09090909090909091,10,10,TACACTAAAGTGGTACGCAG,0,3503827
tfaE_stfE_predicted,0.09090909090909091,10,10,TACAACGGTGCAATTCCCAT,0,3510407
tfaE_stfE_predicted,0.09090909090909091,10,10,TACAAACGGCAGCATTCCTA,0,3492242
tfaE_stfE_predicted,0.09090909090909091,10,10,TAATTCTAGGTCTATATTGA,0,3509544
tfaE_stfE_predicted,0.09090909090909091,10,10,TAATTAAGAATCTTAGGTAT,0,3516818
tfaE_stfE_predicted,0.09090909090909091,10,10,TAATGTCCGGTGTCACTCTT,0,3486590
tfaE_stfE_predicted,0.09090909090909091,10,10,TAATCTCCATTACCGAGTAC,0,3503394
tfaE_stfE_predicted,0.09090909090909091,10,10,TAAGTATATCGTAAGTAATG,0,3517539
tfaE_stfE_predicted,0.09090909090909091,10,10,TAAGGTTTGCGGGTTCCGAT,0,3467882
tfaE_stfE_predicted,0.09090909090909091,10,10,TAAGGCACCGGAATCCTGAG,0,3495978
tfaE_stfE_predicted,0.09090909090909091,10,10,TAACTGAGAGCCATTTGATC,0,3503139
tfaE_stfE_predicted,0.09090909090909091,10,10,TAACTAAGCATCGAACCAGG,0,3511872
tfaE_stfE_predicted,0.09090909090909091,10,10,TAACGGGTCACACGCGGTCT,0,3474305
tfaE_stfE_predicted,0.09090909090909091,10,10,TAACGGAATGGGTTCGAGGC,0,3488872
tfaE_stfE_predicted,0.09090909090909091,10,10,TAACGCCTCGCGTGTACCTT,0,3529192
tfaE_stfE_predicted,0.09090909090909091,10,10,TAACGAGTACTTTTTGCCGA,0,3541197
tfaE_stfE_predicted,0.09090909090909091,10,10,TAACCACCGGTCGCCATGCT,0,3538382
tfaE_stfE_predicted,0.09090909090909091,10,10,TAAATGAACGAATTGTGGAA,0,3532209
tfaE_stfE_predicted,0.09090909090909091,10,10,TAAATCTCTCTCTCTAATGG,0,3534279
tfaE_stfE_predicted,0.09090909090909091,10,10,TAAATAACCTTGTATGGATG,0,3520082
tfaE_stfE_predicted,0.09090909090909091,10,10,TAAAGTCACTCTGCGAGCAG,0,3511041
tfaE_stfE_predicted,0.09090909090909091,10,10,TAAAGAATAGAAAAAAACGT,0,3501690
tfaE_stfE_predicted,0.09090909090909091,10,10,TAAAAGTCCTCAGGCAAACA,0,3520738
tfaE_stfE_predicted,0.09090909090909091,10,10,TAAAAGGAGCTCTGGTGACA,0,3517201
tfaE_stfE_predicted,0.09090909090909091,10,10,GTTTGTGCCGCTCTGCCACC,0,3471891
tfaE_stfE_predicted,0.09090909090909091,10,10,GTTTGGCTGGCTTATGGTAT,0,3533334
tfaE_stfE_predicted,0.09090909090909091,10,10,GTTGGCCACGAAACTAGAAT,0,3479279
tfaE_stfE_predicted,0.09090909090909091,10,10,GTTGCGGTTTAAGTGGAAGC,0,3490696
tfaE_stfE_predicted,0.09090909090909091,10,10,GTTGCCGGCAACAATTCACC,0,3519358
tfaE_stfE_predicted,0.09090909090909091,10,10,GTTGAGGGGGTAAGCTATAT,0,3493957
tfaE_stfE_predicted,0.09090909090909091,10,10,GTTCTTTCCGTTGGATAGGC,0,3524516
tfaE_stfE_predicted,0.09090909090909091,10,10,GTTCCTGGCGGGATTCCGGT,0,3515033
tfaE_stfE_predicted,0.09090909090909091,10,10,GTTCCTCGCCGCTTCGTATG,0,3503580
tfaE_stfE_predicted,0.09090909090909091,10,10,GTTCAGCGGCTGGAGATTAT,0,3537201
tfaE_stfE_predicted,0.09090909090909091,10,10,GTTCACCCCAGTCCCCAAGT,0,3540200
tfaE_stfE_predicted,0.09090909090909091,10,10,GTTATGAGTAGGCCAAATTT,0,3540098
tfaE_stfE_predicted,0.09090909090909091,10,10,GTTACTGAGCGGTAATTTGA,0,3468912
tfaE_stfE_predicted,0.09090909090909091,10,10,GTTACATAGGCGGCTCCGTT,0,3494746
tfaE_stfE_predicted,0.09090909090909091,10,10,GTTAAGCCCGCCAAGACCAA,0,3524182
tfaE_stfE_predicted,0.09090909090909091,10,10,GTGTTGAGGGAGTGGTAGCC,0,3472854
tfaE_stfE_predicted,0.09090909090909091,10,10,GTGTGGGCATAGGTGGGGCG,0,3473579
tfaE_stfE_predicted,0.09090909090909091,10,10,GTGGGAACGAGCGGCAGTTC,0,3469676
tfaE_stfE_predicted,0.09090909090909091,10,10,GTGGCTGTCTTAGTGTCACA,0,3499598
tfaE_stfE_predicted,0.09090909090909091,10,10,GTGGCACCGGATACCTGACT,0,3529626
tfaE_stfE_predicted,0.09090909090909091,10,10,GTGGAAACGTCTCGGTGGGT,0,3520911
tfaE_stfE_predicted,0.09090909090909091,10,10,GTGCTAATCCTGAAGCAGGT,0,3487669
tfaE_stfE_predicted,0.09090909090909091,10,10,GTGCGCTTGCACACGTCCAC,0,3506189
tfaE_stfE_predicted,0.09090909090909091,10,10,GTGCCTTCGTCTTGCCGCCC,0,3536967
tfaE_stfE_predicted,0.09090909090909091,10,10,GTGATACCGGAAATTCGGTC,0,3526108
tfaE_stfE_predicted,0.09090909090909091,10,10,GTGACTGCACCGGAACTGCC,0,3495932
tfaE_stfE_predicted,0.09090909090909091,10,10,GTGACCCGTGACCCGTCAAT,0,3482735
tfaE_stfE_predicted,0.09090909090909091,10,10,GTCTTAGGCGCGAATTTCTA,0,3503877
tfaE_stfE_predicted,0.09090909090909091,10,10,GTCTGGCCTCCTCGCCCGAA,0,3536009
tfaE_stfE_predicted,0.09090909090909091,10,10,GTCTCCCCGCGGTAATTAAT,0,3536466
tfaE_stfE_predicted,0.09090909090909091,10,10,GTCTAACGATCCCAGCACTC,0,3496138
tfaE_stfE_predicted,0.09090909090909091,10,10,GTCGTTGTACACTGGCTCAT,0,3490782
tfaE_stfE_predicted,0.09090909090909091,10,10,GTCGTGGAACGATGGTAATG,0,3523432
tfaE_stfE_predicted,0.09090909090909091,10,10,GTCGGGGTTATTAACGGGGA,0,3539626
tfaE_stfE_predicted,0.09090909090909091,10,10,GTCCTCCTGGAGACAAGATT,0,3517363
tfaE_stfE_predicted,0.09090909090909091,10,10,GTCCGCGCCTTATGAGTTCA,0,3512429
tfaE_stfE_predicted,0.09090909090909091,10,10,GTCCGCAGCGGATTTGCAGT,0,3502124
tfaE_stfE_predicted,0.09090909090909091,10,10,GTCCACTTGACAGTGCTGAC,0,3482301
tfaE_stfE_predicted,0.09090909090909091,10,10,GTCATTGTTAAGGTCAACTA,0,3529827
tfaE_stfE_predicted,0.09090909090909091,10,10,GTCATGAGTGGGTGCTATTC,0,3506886
tfaE_stfE_predicted,0.09090909090909091,10,10,GTCATACTGGTCGTATGGAA,0,3480581
tfaE_stfE_predicted,0.09090909090909091,10,10,GTCAGTCAAGACAATCAACA,0,3514474
tfaE_stfE_predicted,0.09090909090909091,10,10,GTCAGCATAAGTTTCCTATA,0,3470521
tfaE_stfE_predicted,0.09090909090909091,10,10,GTCAAGTGGAGGCAAATGCT,0,3485668
tfaE_stfE_predicted,0.09090909090909091,10,10,GTCAAGGTCCTAGCTATTAT,0,3510825
tfaE_stfE_predicted,0.09090909090909091,10,10,GTATTCGAATGTGCTCGTTG,0,3516638
tfaE_stfE_predicted,0.09090909090909091,10,10,GTATTATTCTCAGACAGAAA,0,3483988
tfaE_stfE_predicted,0.09090909090909091,10,10,GTATTAGCAATCGGTCGTGA,0,3471144
tfaE_stfE_predicted,0.09090909090909091,10,10,GTATGGGATCCAATACAGGC,0,3492580
tfaE_stfE_predicted,0.09090909090909091,10,10,GTATCGTGCGCGCTCATATT,0,3472942
tfaE_stfE_predicted,0.09090909090909091,10,10,GTAGTTGCGCAACTCCTTCC,0,3487876
tfaE_stfE_predicted,0.09090909090909091,10,10,GTAGCTTCGTAAAATCAGTC,0,3470077
tfaE_stfE_predicted,0.09090909090909091,10,10,GTAGCTGGGGTACGAGACGG,0,3517802
tfaE_stfE_predicted,0.09090909090909091,10,10,GTAGAGAGGCAGTGCGGGAT,0,3473010
tfaE_stfE_predicted,0.09090909090909091,10,10,GTACTGAGTAGACACGCTTT,0,3493762
tfaE_stfE_predicted,0.09090909090909091,10,10,GTACCTCCAATGAAGATGCA,0,3474516
tfaE_stfE_predicted,0.09090909090909091,10,10,GTACCTAGGCAATGGAACGG,0,3513863
tfaE_stfE_predicted,0.09090909090909091,10,10,GTACCCGTGAATGGTGCGAT,0,3490250
tfaE_stfE_predicted,0.09090909090909091,10,10,GTAATAGTGTGTAATACGGG,0,3485340
tfaE_stfE_predicted,0.09090909090909091,10,10,GTAAGGCGAGCCTTTTAATG,0,3489734
tfaE_stfE_predicted,0.09090909090909091,10,10,GGTTGAGAGGTCCCGTACGT,0,3497640
tfaE_stfE_predicted,0.09090909090909091,10,10,GGTTCCTAAGCTATTTTCGT,0,3502465
tfaE_stfE_predicted,0.09090909090909091,10,10,GGTTACAACAGGAACCGTGT,0,3518276
tfaE_stfE_predicted,0.09090909090909091,10,10,GGTGTGTGTTCGGGTGTCCA,0,3539159
tfaE_stfE_predicted,0.09090909090909091,10,10,GGTGTGTCATCGCCTCAAGG,0,3479578
tfaE_stfE_predicted,0.09090909090909091,10,10,GGTGTGGTGAACATCTGCTT,0,3528852
tfaE_stfE_predicted,0.09090909090909091,10,10,GGTGTATTGAAGTCGCGGGG,0,3525397
tfaE_stfE_predicted,0.09090909090909091,10,10,GGTGGGGGGAGATCGCTGTG,0,3482307
tfaE_stfE_predicted,0.09090909090909091,10,10,GGTGGCGTAGCGCGCCCAGC,0,3485382
tfaE_stfE_predicted,0.09090909090909091,10,10,GGTGCCTAATTCGCTGATGT,0,3499084
tfaE_stfE_predicted,0.09090909090909091,10,10,GGTCTCCGATCGAGGTGGAG,0,3507392
tfaE_stfE_predicted,0.09090909090909091,10,10,GGTCGGCAGCAGTTGAGGTT,0,3509557
tfaE_stfE_predicted,0.09090909090909091,10,10,GGTCATGAGACGTGGGCCGG,0,3536989
tfaE_stfE_predicted,0.09090909090909091,10,10,GGTATCCATATGCGAATCGT,0,3531006
tfaE_stfE_predicted,0.09090909090909091,10,10,GGTATCATTTTAGAGTCTGG,0,3500910
tfaE_stfE_predicted,0.09090909090909091,10,10,GGTATAGCTGGAGTTTGAAT,0,3470324
tfaE_stfE_predicted,0.09090909090909091,10,10,GGTAGTCTCAGCCTTAGAAA,0,3479952
tfaE_stfE_predicted,0.09090909090909091,10,10,GGTAGGCCTCGTTTAATAAG,0,3520739
tfaE_stfE_predicted,0.09090909090909091,10,10,GGGTGTCTCACCCTGGACGA,0,3470425
tfaE_stfE_predicted,0.09090909090909091,10,10,GGGTCTCCACCAGTGTACTC,0,3477749
tfaE_stfE_predicted,0.09090909090909091,10,10,GGGTCGATCAGCCAGGTTAT,0,3499414
tfaE_stfE_predicted,0.09090909090909091,10,10,GGGTCCCGGAGTTGTTTCTT,0,3540916
tfaE_stfE_predicted,0.09090909090909091,10,10,GGGTCATACGAAGAGGCATG,0,3474732
tfaE_stfE_predicted,0.09090909090909091,10,10,GGGGTTGATACACTAGCAGT,0,3533811
tfaE_stfE_predicted,0.09090909090909091,10,10,GGGGGTAAAGGGCAGAGCCG,0,3514605
tfaE_stfE_predicted,0.09090909090909091,10,10,GGGGGGTTCTGGCCGCGCCT,0,3488253
tfaE_stfE_predicted,0.09090909090909091,10,10,GGGGCTACTATGTTCAGGTC,0,3526727
tfaE_stfE_predicted,0.09090909090909091,10,10,GGGGCCATCATTTCGGTGAC,0,3494976
tfaE_stfE_predicted,0.09090909090909091,10,10,GGGGAACATAGAAATACATT,0,3532615
tfaE_stfE_predicted,0.09090909090909091,10,10,GGGGAAATCTATCGGCATTT,0,3481998
tfaE_stfE_predicted,0.09090909090909091,10,10,GGGGAAAATGTCCGCATGAA,0,3492101
tfaE_stfE_predicted,0.09090909090909091,10,10,GGGCTCGGTCCAGTCAGGAG,0,3530898
tfaE_stfE_predicted,0.09090909090909091,10,10,GGGCGTGTAATGCGTGGTTG,0,3493175
tfaE_stfE_predicted,0.09090909090909091,10,10,GGGCATTGAGTTTGGTGATA,0,3487392
tfaE_stfE_predicted,0.09090909090909091,10,10,GGGCAGCTACAGGAGTTTTA,0,3534993
tfaE_stfE_predicted,0.09090909090909091,10,10,GGGCACCCAGTTGTCGCGGA,0,3516114
tfaE_stfE_predicted,0.09090909090909091,10,10,GGGCAAGTATCGTCGTTTGC,0,3526291
tfaE_stfE_predicted,0.09090909090909091,10,10,GGGATTGTGAAGTCAGGCGT,0,3503705
tfaE_stfE_predicted,0.09090909090909091,10,10,GGGATTCGATCCCCAGATAA,0,3471102
tfaE_stfE_predicted,0.09090909090909091,10,10,GGGATCTTATTCCCCATCAC,0,3484841
tfaE_stfE_predicted,0.09090909090909091,10,10,GGGATATGGCAACCAATGTA,0,3484361
tfaE_stfE_predicted,0.09090909090909091,10,10,GGCTTGGGCCAATACCTCAT,0,3515516
tfaE_stfE_predicted,0.09090909090909091,10,10,GGCTGCTTTAAATACCTGCT,0,3498166
tfaE_stfE_predicted,0.09090909090909091,10,10,GGCTCCGATCGGTGTTGGAT,0,3507199
tfaE_stfE_predicted,0.09090909090909091,10,10,GGCTATCAACCATAGGCTTT,0,3534860
tfaE_stfE_predicted,0.09090909090909091,10,10,GGCGTTCCTGTTCAGGTACC,0,3524796
tfaE_stfE_predicted,0.09090909090909091,10,10,GGCGCAGCACTCTCCGGATT,0,3519480
tfaE_stfE_predicted,0.09090909090909091,10,10,GGCGATGGAGAGGCCAAGTC,0,3470513
tfaE_stfE_predicted,0.09090909090909091,10,10,GGCCTCAGATGCACCCACCC,0,3471893
tfaE_stfE_predicted,0.09090909090909091,10,10,GGCCGAGCCAAGATTGAACC,0,3467241
tfaE_stfE_predicted,0.09090909090909091,10,10,GGCCCCCGGGCTGTTATGGA,0,3526168
tfaE_stfE_predicted,0.09090909090909091,10,10,GGCCCAACTTGTTACTCACT,0,3527664
tfaE_stfE_predicted,0.09090909090909091,10,10,GGCCATCTTGTGGGTCAGAT,0,3530560
tfaE_stfE_predicted,0.09090909090909091,10,10,GGCATGACAGTTGCGCAACG,0,3503403
tfaE_stfE_predicted,0.09090909090909091,10,10,GGCATCTATTTGGCGATTCT,0,3473464
tfaE_stfE_predicted,0.09090909090909091,10,10,GGCATAGCGTGTAGTCAGAG,0,3522417
tfaE_stfE_predicted,0.09090909090909091,10,10,GGCAAGGGAGCTAGCATTTG,0,3495075
tfaE_stfE_predicted,0.09090909090909091,10,10,GGATTCGCACCGGTTCCCAT,0,3531908
tfaE_stfE_predicted,0.09090909090909091,10,10,GGATGCGGCATGCTCCGCTT,0,3470072
tfaE_stfE_predicted,0.09090909090909091,10,10,GGATCTATCTGTATTGGCTG,0,3493352
tfaE_stfE_predicted,0.09090909090909091,10,10,GGATCGGCTACGTTGTGCCT,0,3493186
tfaE_stfE_predicted,0.09090909090909091,10,10,GGATCATAATCTAGGTTGCC,0,3496706
tfaE_stfE_predicted,0.09090909090909091,10,10,GGAGTCCGCAAGTGTGATAT,0,3532105
tfaE_stfE_predicted,0.09090909090909091,10,10,GGAGCCGAGCATCACAATGC,0,3540900
tfaE_stfE_predicted,0.09090909090909091,10,10,GGAGCAAACGGCCAGAATTC,0,3515588
tfaE_stfE_predicted,0.09090909090909091,10,10,GGACGATCATTATGGCCGAA,0,3521921
tfaE_stfE_predicted,0.09090909090909091,10,10,GGACCGTGTCCATTGCTTTA,0,3494246
tfaE_stfE_predicted,0.09090909090909091,10,10,GGACCCGCACAGTCGGCTAG,0,3502260
tfaE_stfE_predicted,0.09090909090909091,10,10,GGACATCCGGATTAAACGAC,0,3479480
tfaE_stfE_predicted,0.09090909090909091,10,10,GGAAGCTTCCCATCCGAGTT,0,3468627
tfaE_stfE_predicted,0.09090909090909091,10,10,GGAAGCTCGAAAAGACCATC,0,3487893
tfaE_stfE_predicted,0.09090909090909091,10,10,GGAAGCGGAGCGCCAAACTT,0,3503361
tfaE_stfE_predicted,0.09090909090909091,10,10,GCTTTAACTCACGCTACATG,0,3469868
tfaE_stfE_predicted,0.09090909090909091,10,10,GCTTGGGCCAACTGGAAGCA,0,3530686
tfaE_stfE_predicted,0.09090909090909091,10,10,GCTTAGGACGCAGTAGATTG,0,3496041
tfaE_stfE_predicted,0.09090909090909091,10,10,GCTGTAATGCCGAGGAGAAT,0,3467211
tfaE_stfE_predicted,0.09090909090909091,10,10,GCTGCCTCTTATTGATAAGA,0,3510521
tfaE_stfE_predicted,0.09090909090909091,10,10,GCTGCACCGTGGTATTGACG,0,3488654
tfaE_stfE_predicted,0.09090909090909091,10,10,GCTGATTAATGGACGGGCTG,0,3505044
tfaE_stfE_predicted,0.09090909090909091,10,10,GCTCTGGTACGTTGCAGGCT,0,3469027
tfaE_stfE_predicted,0.09090909090909091,10,10,GCTCGCCAACTGAATAGAAG,0,3495546
tfaE_stfE_predicted,0.09090909090909091,10,10,GCTCAGGGCACATCCCGCAG,0,3515432
tfaE_stfE_predicted,0.09090909090909091,10,10,GCTCAGAGTCAGTAGAACGC,0,3469000
tfaE_stfE_predicted,0.09090909090909091,10,10,GCTAGAAACTCGAACATCAG,0,3469591
tfaE_stfE_predicted,0.09090909090909091,10,10,GCTACTGAGACTCACAATAG,0,3471255
tfaE_stfE_predicted,0.09090909090909091,10,10,GCGTGTCCAGATGAAAATCA,0,3525597
tfaE_stfE_predicted,0.09090909090909091,10,10,GCGTCTTTTCGGGAATATCA,0,3529011
tfaE_stfE_predicted,0.09090909090909091,10,10,GCGGGTACAGGTGTGAGGGG,0,3526050
tfaE_stfE_predicted,0.09090909090909091,10,10,GCGGGCTGTAGGAGGTATAC,0,3507300
tfaE_stfE_predicted,0.09090909090909091,10,10,GCGCGGTTACAGCCGCGACT,0,3529741
tfaE_stfE_predicted,0.09090909090909091,10,10,GCGATTGAATTAGCATGATA,0,3537564
tfaE_stfE_predicted,0.09090909090909091,10,10,GCGATTAATTACGCCAGTGG,0,3487815
tfaE_stfE_predicted,0.09090909090909091,10,10,GCGACGAGTCTGCGATATGT,0,3523876
tfaE_stfE_predicted,0.09090909090909091,10,10,GCCTGGCCTTTTCAAGCAGT,0,3505795
tfaE_stfE_predicted,0.09090909090909091,10,10,GCCTATATGGGAACGGGATG,0,3535448
tfaE_stfE_predicted,0.09090909090909091,10,10,GCCGGTGCCAGACAAGCGAA,0,3532439
tfaE_stfE_predicted,0.09090909090909091,10,10,GCCGGCAATATGAGCCTCAT,0,3522740
tfaE_stfE_predicted,0.09090909090909091,10,10,GCCCTTCCTCTGGGGTCCCT,0,3528828
tfaE_stfE_predicted,0.09090909090909091,10,10,GCCCGTTAGGATGGTCGGGC,0,3466535
tfaE_stfE_predicted,0.09090909090909091,10,10,GCCCCACCTTACTCCTCAAC,0,3478908
tfaE_stfE_predicted,0.09090909090909091,10,10,GCCAAACCGCCCTTGCTACA,0,3491715
tfaE_stfE_predicted,0.09090909090909091,10,10,GCATTGTATCCTTTAAACCT,0,3513859
tfaE_stfE_predicted,0.09090909090909091,10,10,GCATCCCCTAGTGGACTCCT,0,3530542
tfaE_stfE_predicted,0.09090909090909091,10,10,GCAGTGTTGCAGCCGTTCTT,0,3491947
tfaE_stfE_predicted,0.09090909090909091,10,10,GCAGGAGAAGAGGCAATCTC,0,3501066
tfaE_stfE_predicted,0.09090909090909091,10,10,GCAGAGCAGTCCCATGTTCA,0,3468610
tfaE_stfE_predicted,0.09090909090909091,10,10,GCACCGCATCAAGATCCCTT,0,3540245
tfaE_stfE_predicted,0.09090909090909091,10,10,GCAATTTGTTGTCAATGTCG,0,3523253
tfaE_stfE_predicted,0.09090909090909091,10,10,GCAAGGCAGCACTGTTTTGG,0,3540129
tfaE_stfE_predicted,0.09090909090909091,10,10,GCAAGGACAAGCTTAACCGT,0,3507654
tfaE_stfE_predicted,0.09090909090909091,10,10,GCAAGACCCGCATTGCGCGC,0,3466802
tfaE_stfE_predicted,0.09090909090909091,10,10,GCAACGGAGATGTCAGGGTC,0,3477893
tfaE_stfE_predicted,0.09090909090909091,10,10,GCAACGCGTCCTCGAGAGTT,0,3495341
tfaE_stfE_predicted,0.09090909090909091,10,10,GCAAATGCAATATGAACGCA,0,3506570
tfaE_stfE_predicted,0.09090909090909091,10,10,GCAAAACTTCTCACCTAAGT,0,3526530
tfaE_stfE_predicted,0.09090909090909091,10,10,GATTCTAGTAATAAATCCGG,0,3509633
tfaE_stfE_predicted,0.09090909090909091,10,10,GATTCGCCCTGGTACAGTCA,0,3473968
tfaE_stfE_predicted,0.09090909090909091,10,10,GATTATGGCGTCAGGGTTGT,0,3515361
tfaE_stfE_predicted,0.09090909090909091,10,10,GATTACCATTGGGCGCGGGC,0,3473565
tfaE_stfE_predicted,0.09090909090909091,10,10,GATGGGCTGACCATAATCAG,0,3532128
tfaE_stfE_predicted,0.09090909090909091,10,10,GATGGCCATATAGGGTAATA,0,3503829
tfaE_stfE_predicted,0.09090909090909091,10,10,GATGGAATGCTGGGACTTTG,0,3509389
tfaE_stfE_predicted,0.09090909090909091,10,10,GATCCGGGGCTCATTCTCTC,0,3531916
tfaE_stfE_predicted,0.09090909090909091,10,10,GATATCGGGAGGGTCGGCGG,0,3532747
tfaE_stfE_predicted,0.09090909090909091,10,10,GATATAGTTAAACCATACAG,0,3502312
tfaE_stfE_predicted,0.09090909090909091,10,10,GATACCAGCAGCAGCCGGAA,0,3511652
tfaE_stfE_predicted,0.09090909090909091,10,10,GATAACCATCCATTCGGCTT,0,3510693
tfaE_stfE_predicted,0.09090909090909091,10,10,GAGTTCGTAAGTTAGTATGT,0,3518575
tfaE_stfE_predicted,0.09090909090909091,10,10,GAGTTATCTATTATCATCGT,0,3520655
tfaE_stfE_predicted,0.09090909090909091,10,10,GAGTGACGGAGGTGTTTCAA,0,3515729
tfaE_stfE_predicted,0.09090909090909091,10,10,GAGTAGCTATAATAGCCGGT,0,3490019
tfaE_stfE_predicted,0.09090909090909091,10,10,GAGGCTCTTTCCTAATGCGT,0,3526753
tfaE_stfE_predicted,0.09090909090909091,10,10,GAGGCACTAAAAGGTCAACT,0,3512741
tfaE_stfE_predicted,0.09090909090909091,10,10,GAGGACGTCCAGGTGTCTTT,0,3480550
tfaE_stfE_predicted,0.09090909090909091,10,10,GAGCTTTGTAGGAAAGAGTT,0,3470237
tfaE_stfE_predicted,0.09090909090909091,10,10,GAGCGGATGAGGTCAATCGC,0,3521276
tfaE_stfE_predicted,0.09090909090909091,10,10,GAGCGGACGACTACTCTTCG,0,3536050
tfaE_stfE_predicted,0.09090909090909091,10,10,GAGCGCGCTCGCCGTTACGA,0,3520077
tfaE_stfE_predicted,0.09090909090909091,10,10,GAGCGCACATTGGCCGGGAT,0,3508539
tfaE_stfE_predicted,0.09090909090909091,10,10,GAGCCATCTTTAGGCCTCGG,0,3481279
tfaE_stfE_predicted,0.09090909090909091,10,10,GAGCCATATCGGTTGCGAGA,0,3532998
tfaE_stfE_predicted,0.09090909090909091,10,10,GAGCAGTTTGTTAGCCTCCA,0,3531051
tfaE_stfE_predicted,0.09090909090909091,10,10,GAGAAGTTCTGAATGTTCCG,0,3509395
tfaE_stfE_predicted,0.09090909090909091,10,10,GAGAACGGTGGGACCTCTAG,0,3502930
tfaE_stfE_predicted,0.09090909090909091,10,10,GACTACGCCACGATACGTTG,0,3516201
tfaE_stfE_predicted,0.09090909090909091,10,10,GACGTTAGTATTGTCTGCTT,0,3477313
tfaE_stfE_predicted,0.09090909090909091,10,10,GACGTGTGACAGTCCGATAA,0,3472495
tfaE_stfE_predicted,0.09090909090909091,10,10,GACGCTTACATGCAGATGAT,0,3516161
tfaE_stfE_predicted,0.09090909090909091,10,10,GACGAAGCGAGGAGATGCTA,0,3522291
tfaE_stfE_predicted,0.09090909090909091,10,10,GACCGCTGGCTGTGAAAACA,0,3509089
tfaE_stfE_predicted,0.09090909090909091,10,10,GACCAGGGTTAGTCGGGTCT,0,3467493
tfaE_stfE_predicted,0.09090909090909091,10,10,GACATTCAGAATGATCCCGC,0,3487044
tfaE_stfE_predicted,0.09090909090909091,10,10,GAATTTATAGTGATGTAGAC,0,3533157
tfaE_stfE_predicted,0.09090909090909091,10,10,GAATTCGTAGTTCAGCTATC,0,3507667
tfaE_stfE_predicted,0.09090909090909091,10,10,GAATGGTTATTGCACGGTAT,0,3509217
tfaE_stfE_predicted,0.09090909090909091,10,10,GAATCTCGGCTTTGTGAAAT,0,3499018
tfaE_stfE_predicted,0.09090909090909091,10,10,GAATCATGATCTGCCAGGGT,0,3470264
tfaE_stfE_predicted,0.09090909090909091,10,10,GAATACGCAATAGCTGGCCG,0,3474980
tfaE_stfE_predicted,0.09090909090909091,10,10,GAAGTCAGCGCAGCATGATT,0,3527775
tfaE_stfE_predicted,0.09090909090909091,10,10,GAAGGCCGGCAAACCTGATA,0,3510102
tfaE_stfE_predicted,0.09090909090909091,10,10,GAAGGAGCGGCTTCCTAACA,0,3525730
tfaE_stfE_predicted,0.09090909090909091,10,10,GAAGATCATGTACGCCGAAT,0,3524794
tfaE_stfE_predicted,0.09090909090909091,10,10,GAACTTCGGAATATCCTAGA,0,3478700
tfaE_stfE_predicted,0.09090909090909091,10,10,GAACGCGCGCTTTACGATTG,0,3480518
tfaE_stfE_predicted,0.09090909090909091,10,10,GAACGACGGATCAGAAACGA,0,3468194
tfaE_stfE_predicted,0.09090909090909091,10,10,GAAAGTACGGGCAGCTCTAT,0,3501984
tfaE_stfE_predicted,0.09090909090909091,10,10,GAAACTGTTAAAAGCTCTCT,0,3538025
tfaE_stfE_predicted,0.09090909090909091,10,10,GAAACGGATCAGACGAGTAT,0,3503219
tfaE_stfE_predicted,0.09090909090909091,10,10,CTTTTCAAAAGACTTGTACA,0,3497691
tfaE_stfE_predicted,0.09090909090909091,10,10,CTTTCGCCTAGTATGTCGTA,0,3485483
tfaE_stfE_predicted,0.09090909090909091,10,10,CTTTATAACGATTAAGCGGA,0,3486980
tfaE_stfE_predicted,0.09090909090909091,10,10,CTTGCGGAACACGGTACTAA,0,3514215
tfaE_stfE_predicted,0.09090909090909091,10,10,CTTGACATTTGTGCTAGCGA,0,3503364
tfaE_stfE_predicted,0.09090909090909091,10,10,CTTCTCACTCATGGGCGCAT,0,3514783
tfaE_stfE_predicted,0.09090909090909091,10,10,CTTATTTCACGTGGAACAGG,0,3496522
tfaE_stfE_predicted,0.09090909090909091,10,10,CTTAGGGTAAATGGCCCAAT,0,3525369
tfaE_stfE_predicted,0.09090909090909091,10,10,CTTAGGGACCTCGTGAGGCG,0,3487750
tfaE_stfE_predicted,0.09090909090909091,10,10,CTTAGGACTCCAGTGCAGAC,0,3524802
tfaE_stfE_predicted,0.09090909090909091,10,10,CTTAGCATCACCTTTGTATA,0,3504608
tfaE_stfE_predicted,0.09090909090909091,10,10,CTTAGAAATTGACCACGCTT,0,3512575
tfaE_stfE_predicted,0.09090909090909091,10,10,CTTACATGGGATGACAGATG,0,3526675
tfaE_stfE_predicted,0.09090909090909091,10,10,CTTAATCTGACAGTAAACAG,0,3537646
tfaE_stfE_predicted,0.09090909090909091,10,10,CTGTGGGTCCAGCGAGCTAC,0,3499290
tfaE_stfE_predicted,0.09090909090909091,10,10,CTGTCCACGCGGCATGACAG,0,3515230
tfaE_stfE_predicted,0.09090909090909091,10,10,CTGGTATAGACCAGATAATG,0,3478634
tfaE_stfE_predicted,0.09090909090909091,10,10,CTGGCAAATCCTGCTTGCTC,0,3503933
tfaE_stfE_predicted,0.09090909090909091,10,10,CTGGAGGTTTTTAACTGGAT,0,3508841
tfaE_stfE_predicted,0.09090909090909091,10,10,CTGCTCTCATTCAGCTTTAA,0,3506191
tfaE_stfE_predicted,0.09090909090909091,10,10,CTGCGGGCTCGGAGAGTGTC,0,3477753
tfaE_stfE_predicted,0.09090909090909091,10,10,CTGCCTAAAATTAAACAATC,0,3509507
tfaE_stfE_predicted,0.09090909090909091,10,10,CTGCCGAGTATATACAGATA,0,3482477
tfaE_stfE_predicted,0.09090909090909091,10,10,CTGCAACGCACTGTCCGTAT,0,3479094
tfaE_stfE_predicted,0.09090909090909091,10,10,CTGACCACCATTGAGTAACT,0,3521260
tfaE_stfE_predicted,0.09090909090909091,10,10,CTGAAGGCGGTAGTTTCATG,0,3534652
tfaE_stfE_predicted,0.09090909090909091,10,10,CTGAAGCCCTACGTGGATTA,0,3524018
tfaE_stfE_predicted,0.09090909090909091,10,10,CTCTTGCATCAAAGTTCTTC,0,3519510
tfaE_stfE_predicted,0.09090909090909091,10,10,CTCTTCGGGTCCACCGGTTA,0,3517547
tfaE_stfE_predicted,0.09090909090909091,10,10,CTCTGGAACAAGTGTGCAAA,0,3472040
tfaE_stfE_predicted,0.09090909090909091,10,10,CTCTGATAGAAAGGTGCTCG,0,3540391
tfaE_stfE_predicted,0.09090909090909091,10,10,CTCTCACGGCTTTGTTTACA,0,3513053
tfaE_stfE_predicted,0.09090909090909091,10,10,CTCTACTGACTCCAGTACGC,0,3478366
tfaE_stfE_predicted,0.09090909090909091,10,10,CTCCTGGCCTACGGGGTTAC,0,3525506
tfaE_stfE_predicted,0.09090909090909091,10,10,CTCCTCCGTGTCCTACCATG,0,3504177
tfaE_stfE_predicted,0.09090909090909091,10,10,CTCCGTGGCGCGGCCCTTGT,0,3496099
tfaE_stfE_predicted,0.09090909090909091,10,10,CTCCGCGTCCCACTGTTTGC,0,3516108
tfaE_stfE_predicted,0.09090909090909091,10,10,CTCCGCAGCAGCGACATGGC,0,3479368
tfaE_stfE_predicted,0.09090909090909091,10,10,CTCATCCACCTGCTCCATTC,0,3511938
tfaE_stfE_predicted,0.09090909090909091,10,10,CTCATAGAGATGCCCGGTCA,0,3531273
tfaE_stfE_predicted,0.09090909090909091,10,10,CTCAGCTGTAGTAAACAGAG,0,3499101
tfaE_stfE_predicted,0.09090909090909091,10,10,CTCAATATCGCCCACTCGCA,0,3480405
tfaE_stfE_predicted,0.09090909090909091,10,10,CTATTGGGTGTCGCTACCCT,0,3498064
tfaE_stfE_predicted,0.09090909090909091,10,10,CTATGCGTTTACTAGGCCGC,0,3480276
tfaE_stfE_predicted,0.09090909090909091,10,10,CTATGCCGGCACAACACACA,0,3471878
tfaE_stfE_predicted,0.09090909090909091,10,10,CTAGCTTGAGGATTTCCGTT,0,3482550
tfaE_stfE_predicted,0.09090909090909091,10,10,CTAGCTCCACCTACAAGGGA,0,3467251
tfaE_stfE_predicted,0.09090909090909091,10,10,CTAGCACAGGCTGCAGTTTG,0,3518621
tfaE_stfE_predicted,0.09090909090909091,10,10,CTAGACAGGTGTGGAATAAG,0,3540838
tfaE_stfE_predicted,0.09090909090909091,10,10,CTACCCGGGCACACAGTGGA,0,3471654
tfaE_stfE_predicted,0.09090909090909091,10,10,CTAATCAAAGTCCCTCCAGC,0,3474768
tfaE_stfE_predicted,0.09090909090909091,10,10,CTAAGTGGTATCAGTTTCCC,0,3482364
tfaE_stfE_predicted,0.09090909090909091,10,10,CGTTTCTTAGAAGCTTCTAT,0,3472745
tfaE_stfE_predicted,0.09090909090909091,10,10,CGTTGTAACCCGCAGATGAA,0,3487674
tfaE_stfE_predicted,0.09090909090909091,10,10,CGTTGGGTACCATCTTACCC,0,3503233
tfaE_stfE_predicted,0.09090909090909091,10,10,CGTGTGGGGAATGGTGATAA,0,3478978
tfaE_stfE_predicted,0.09090909090909091,10,10,CGTGTATTTGCAAACCGCGT,0,3511778
tfaE_stfE_predicted,0.09090909090909091,10,10,CGTGGACGGACTCACATAAG,0,3469772
tfaE_stfE_predicted,0.09090909090909091,10,10,CGTGACGATGCCAAGTACAT,0,3486955
tfaE_stfE_predicted,0.09090909090909091,10,10,CGTCGTTTTGCGATGTATGC,0,3538018
tfaE_stfE_predicted,0.09090909090909091,10,10,CGTCCTTGCGGTCCGACCTC,0,3525509
tfaE_stfE_predicted,0.09090909090909091,10,10,CGTCCGGTCATGGGCATATT,0,3530417
tfaE_stfE_predicted,0.09090909090909091,10,10,CGTCAGTTATGTAAGGCATA,0,3531818
tfaE_stfE_predicted,0.09090909090909091,10,10,CGTATACTTCGCATCCGTGA,0,3470850
tfaE_stfE_predicted,0.09090909090909091,10,10,CGTAATAGGAGCATGAACAT,0,3493731
tfaE_stfE_predicted,0.09090909090909091,10,10,CGGTTTTCTATTTTAGGTAC,0,3476110
tfaE_stfE_predicted,0.09090909090909091,10,10,CGGTTTCTCGTCGTAGAATA,0,3534925
tfaE_stfE_predicted,0.09090909090909091,10,10,CGGTTGGTACCTGTGACACA,0,3538008
tfaE_stfE_predicted,0.09090909090909091,10,10,CGGTTATAAGTATTGCCAAG,0,3527660
tfaE_stfE_predicted,0.09090909090909091,10,10,CGGTGATCACGTTACGACTA,0,3495519
tfaE_stfE_predicted,0.09090909090909091,10,10,CGGTCTCTTCTTTAAACAAC,0,3467534
tfaE_stfE_predicted,0.09090909090909091,10,10,CGGTCAGCAGCTAGGGAAAT,0,3515817
tfaE_stfE_predicted,0.09090909090909091,10,10,CGGGTCGGAGCCGGGATTAC,0,3510295
tfaE_stfE_predicted,0.09090909090909091,10,10,CGGGTCGCTTTGTGCGGTGT,0,3473791
tfaE_stfE_predicted,0.09090909090909091,10,10,CGGGTCCCACCTTAGGTTCA,0,3519402
tfaE_stfE_predicted,0.09090909090909091,10,10,CGGGTAGCGGATGGTTCTGG,0,3494001
tfaE_stfE_predicted,0.09090909090909091,10,10,CGGGCTATGGAGTAACAACA,0,3499593
tfaE_stfE_predicted,0.09090909090909091,10,10,CGGGCCCGCCCAGTACGGTT,0,3511877
tfaE_stfE_predicted,0.09090909090909091,10,10,CGGGAAACGTACTAGCTCGT,0,3466513
tfaE_stfE_predicted,0.09090909090909091,10,10,CGGCGTGTTAACTAAAAGGT,0,3535772
tfaE_stfE_predicted,0.09090909090909091,10,10,CGGCGGTTCAAACATCCAAC,0,3496738
tfaE_stfE_predicted,0.09090909090909091,10,10,CGGCCCGGTTCACGTGTCCG,0,3521183
tfaE_stfE_predicted,0.09090909090909091,10,10,CGGCATGGTTTGCGCGCGCT,0,3468880
tfaE_stfE_predicted,0.09090909090909091,10,10,CGGCACCCTTCAGGGGCTAA,0,3499236
tfaE_stfE_predicted,0.09090909090909091,10,10,CGGATGCATACCTCCCTGCA,0,3512480
tfaE_stfE_predicted,0.09090909090909091,10,10,CGGATAACCCTTTTCCCCTT,0,3480087
tfaE_stfE_predicted,0.09090909090909091,10,10,CGGAGACGTGACCGGGGGTT,0,3536680
tfaE_stfE_predicted,0.09090909090909091,10,10,CGGAAGCAGGACCGTCGCAG,0,3505390
tfaE_stfE_predicted,0.09090909090909091,10,10,CGCTGCCTGTAAATTTAATT,0,3516724
tfaE_stfE_predicted,0.09090909090909091,10,10,CGCTCGACATTAATGCGCGA,0,3529877
tfaE_stfE_predicted,0.09090909090909091,10,10,CGCTACGTAAAACACATTCC,0,3532581
tfaE_stfE_predicted,0.09090909090909091,10,10,CGCGGATGCCTCGAATCATT,0,3510996
tfaE_stfE_predicted,0.09090909090909091,10,10,CGCGGAGGATCCACACGGAG,0,3518327
tfaE_stfE_predicted,0.09090909090909091,10,10,CGCGCCGGAAGATGGGCGGC,0,3529960
tfaE_stfE_predicted,0.09090909090909091,10,10,CGCGCACTTTACGGATAGGA,0,3479236
tfaE_stfE_predicted,0.09090909090909091,10,10,CGCGATCATCACTCTTAAAA,0,3467315
tfaE_stfE_predicted,0.09090909090909091,10,10,CGCGAGGATCTACTCTTTTA,0,3479967
tfaE_stfE_predicted,0.09090909090909091,10,10,CGCCGGGGGTCCAATGTATA,0,3484893
tfaE_stfE_predicted,0.09090909090909091,10,10,CGCCGCCAGACTCTACGATC,0,3472216
tfaE_stfE_predicted,0.09090909090909091,10,10,CGCCCACTAAGTCGCCGTTT,0,3527242
tfaE_stfE_predicted,0.09090909090909091,10,10,CGCCCAAGTCATGACGCACA,0,3507028
tfaE_stfE_predicted,0.09090909090909091,10,10,CGCCATTATGGGAAGTCTTA,0,3520983
tfaE_stfE_predicted,0.09090909090909091,10,10,CGCAAGATGTGCACGAGGTA,0,3516010
tfaE_stfE_predicted,0.09090909090909091,10,10,CGATTTAATGTTCCATTCTT,0,3495965
tfaE_stfE_predicted,0.09090909090909091,10,10,CGATTGCGCCACTCTAGTCG,0,3475357
tfaE_stfE_predicted,0.09090909090909091,10,10,CGATCGGAGAATGTGGGCGC,0,3476859
tfaE_stfE_predicted,0.09090909090909091,10,10,CGATCCACGTGCATGACTTG,0,3514949
tfaE_stfE_predicted,0.09090909090909091,10,10,CGAGTTTTAACACACCCTGC,0,3498169
tfaE_stfE_predicted,0.09090909090909091,10,10,CGAGTGGAGGGTGATGCGAC,0,3515460
tfaE_stfE_predicted,0.09090909090909091,10,10,CGAGGTCTAAGGCTTATAAT,0,3486432
tfaE_stfE_predicted,0.09090909090909091,10,10,CGAGCTACAGACATCTGGAA,0,3484062
tfaE_stfE_predicted,0.09090909090909091,10,10,CGAGCGCATCTCAAGTAATC,0,3498702
tfaE_stfE_predicted,0.09090909090909091,10,10,CGAGAAGGGCAGCACTATGT,0,3535207
tfaE_stfE_predicted,0.09090909090909091,10,10,CGAGAAGGGACCCGGAGTTA,0,3514210
tfaE_stfE_predicted,0.09090909090909091,10,10,CGACTTGATAGTCTAAACCT,0,3497692
tfaE_stfE_predicted,0.09090909090909091,10,10,CGACGCTATGCAACAGGATA,0,3489465
tfaE_stfE_predicted,0.09090909090909091,10,10,CGAACACGCTATGTGGAAGC,0,3538769
tfaE_stfE_predicted,0.09090909090909091,10,10,CGAAACAATGACTGTTAATA,0,3503923
tfaE_stfE_predicted,0.09090909090909091,10,10,CGAAAACACTATTTGATGTC,0,3529612
tfaE_stfE_predicted,0.09090909090909091,10,10,CCTTTGGGCCTGTGTGAAAC,0,3523618
tfaE_stfE_predicted,0.09090909090909091,10,10,CCTTGAAATGAATGTATATT,0,3530908
tfaE_stfE_predicted,0.09090909090909091,10,10,CCTGGTTTGTCCCAAGGAGT,0,3481753
tfaE_stfE_predicted,0.09090909090909091,10,10,CCTGGTCAGCTATACTGGCG,0,3494260
tfaE_stfE_predicted,0.09090909090909091,10,10,CCTGCAATGCGAACACCTAG,0,3481751
tfaE_stfE_predicted,0.09090909090909091,10,10,CCTGATCGAAACCGCCCCAT,0,3532803
tfaE_stfE_predicted,0.09090909090909091,10,10,CCTCTCTCGCAACAGTTGGC,0,3532011
tfaE_stfE_predicted,0.09090909090909091,10,10,CCTCCTATGCCCGACCTCAC,0,3523168
tfaE_stfE_predicted,0.09090909090909091,10,10,CCTCCCATGAACGTAACGGG,0,3507759
tfaE_stfE_predicted,0.09090909090909091,10,10,CCTCACTTGCTGGGCAGACC,0,3473577
tfaE_stfE_predicted,0.09090909090909091,10,10,CCTCAATACTAAACGAAAGG,0,3504619
tfaE_stfE_predicted,0.09090909090909091,10,10,CCTATTTGACAGAATAGTGT,0,3536203
tfaE_stfE_predicted,0.09090909090909091,10,10,CCTATAGGCCGGGACCCCGT,0,3468715
tfaE_stfE_predicted,0.09090909090909091,10,10,CCTAGATAAGGAATATCCAA,0,3485879
tfaE_stfE_predicted,0.09090909090909091,10,10,CCTACCTCCGAGAGACGCGC,0,3525523
tfaE_stfE_predicted,0.09090909090909091,10,10,CCGTTACCTCTTGCGTCCTT,0,3508488
tfaE_stfE_predicted,0.09090909090909091,10,10,CCGTGGTCGCTGTGGCTTAA,0,3521275
tfaE_stfE_predicted,0.09090909090909091,10,10,CCGTGACTAAACTACTGCGG,0,3487495
tfaE_stfE_predicted,0.09090909090909091,10,10,CCGTCGGTCAGGGTTTAAAT,0,3530275
tfaE_stfE_predicted,0.09090909090909091,10,10,CCGGTCCTGTGCAATTCCAT,0,3513470
tfaE_stfE_predicted,0.09090909090909091,10,10,CCGGTATAGTTGTTCGCCTA,0,3527725
tfaE_stfE_predicted,0.09090909090909091,10,10,CCGCTAAACCCCACACCAGC,0,3473635
tfaE_stfE_predicted,0.09090909090909091,10,10,CCGCCTCTCTGTGGGAATTC,0,3473740
tfaE_stfE_predicted,0.09090909090909091,10,10,CCGCCGGGGTGCCTGCCCCA,0,3492861
tfaE_stfE_predicted,0.09090909090909091,10,10,CCGCCGAAGGAGTATTAAAT,0,3510741
tfaE_stfE_predicted,0.09090909090909091,10,10,CCGCACAGGGTTTAGCTGCA,0,3533292
tfaE_stfE_predicted,0.09090909090909091,10,10,CCGATTAATCTTTCACTGGA,0,3529491
tfaE_stfE_predicted,0.09090909090909091,10,10,CCGATGGGGTTTAAGGTCTA,0,3492795
tfaE_stfE_predicted,0.09090909090909091,10,10,CCGACTTTCACGAGGAGATC,0,3513717
tfaE_stfE_predicted,0.09090909090909091,10,10,CCCTTTCAGGGGCAGACATG,0,3491750
tfaE_stfE_predicted,0.09090909090909091,10,10,CCCTTCATCGTCAGAAAAAG,0,3499419
tfaE_stfE_predicted,0.09090909090909091,10,10,CCCTGAATAGTTCGCACTGC,0,3503558
tfaE_stfE_predicted,0.09090909090909091,10,10,CCCTCAGGGAAGCGAGTCGG,0,3478058
tfaE_stfE_predicted,0.09090909090909091,10,10,CCCTATTGCTTGAAGTGCGG,0,3501421
tfaE_stfE_predicted,0.09090909090909091,10,10,CCCGGAGATGACCGTGGCCT,0,3473592
tfaE_stfE_predicted,0.09090909090909091,10,10,CCCGGACACTTAGGAACCTA,0,3527274
tfaE_stfE_predicted,0.09090909090909091,10,10,CCCGCCCCGTCCCAATGCGT,0,3470243
tfaE_stfE_predicted,0.09090909090909091,10,10,CCCGCCAATAGAAGGATGGG,0,3476311
tfaE_stfE_predicted,0.09090909090909091,10,10,CCCGATGCGGTGATAGAGCG,0,3525014
tfaE_stfE_predicted,0.09090909090909091,10,10,CCCCTAAGTCATATCGCCAA,0,3538348
tfaE_stfE_predicted,0.09090909090909091,10,10,CCCCCTTCTATGCTTGTCGT,0,3478678
tfaE_stfE_predicted,0.09090909090909091,10,10,CCCAGTCCGGTGTCAGAAGG,0,3503728
tfaE_stfE_predicted,0.09090909090909091,10,10,CCATTATCACTTAATGGAGG,0,3524407
tfaE_stfE_predicted,0.09090909090909091,10,10,CCATCTAAGGTCACACCGAA,0,3513471
tfaE_stfE_predicted,0.09090909090909091,10,10,CCACTTTGATAGGTCAGAAA,0,3520653
tfaE_stfE_predicted,0.09090909090909091,10,10,CCACAATCGTAGGGGACTCG,0,3536433
tfaE_stfE_predicted,0.09090909090909091,10,10,CCAAAGACAGTCCGAAAACG,0,3496618
tfaE_stfE_predicted,0.09090909090909091,10,10,CATTTTCATTGTCAGATTAT,0,3497705
tfaE_stfE_predicted,0.09090909090909091,10,10,CATTGTCAGTAGTAACCTTA,0,3473280
tfaE_stfE_predicted,0.09090909090909091,10,10,CATTCTGCACTTCATTGGTC,0,3496925
tfaE_stfE_predicted,0.09090909090909091,10,10,CATTCGTCCCAAGAACCCCA,0,3476703
tfaE_stfE_predicted,0.09090909090909091,10,10,CATTCCGCCTCTTAGGCCTT,0,3524771
tfaE_stfE_predicted,0.09090909090909091,10,10,CATTATAGAGATTATAGCCC,0,3496346
tfaE_stfE_predicted,0.09090909090909091,10,10,CATGCTGTACGTGGGTACGC,0,3531800
tfaE_stfE_predicted,0.09090909090909091,10,10,CATGCTCTCCCGCTCATGGG,0,3497512
tfaE_stfE_predicted,0.09090909090909091,10,10,CATGCACCTGGACCTTATAC,0,3505454
tfaE_stfE_predicted,0.09090909090909091,10,10,CATCACTGCAATGGGCCAGC,0,3520885
tfaE_stfE_predicted,0.09090909090909091,10,10,CATATTGCAACTGGTTCCTC,0,3498909
tfaE_stfE_predicted,0.09090909090909091,10,10,CATAGTTATTTGGTTGGCCA,0,3468660
tfaE_stfE_predicted,0.09090909090909091,10,10,CATAGTGCGCCGAAACGCCC,0,3532248
tfaE_stfE_predicted,0.09090909090909091,10,10,CATAGGCTGGTGATATGGTG,0,3480893
tfaE_stfE_predicted,0.09090909090909091,10,10,CATAGCCGCCTTGCCGAGCC,0,3528433
tfaE_stfE_predicted,0.09090909090909091,10,10,CATACTTCCTTGGAACGCAA,0,3493888
tfaE_stfE_predicted,0.09090909090909091,10,10,CATACCGCATGGTCGGGGAC,0,3472289
tfaE_stfE_predicted,0.09090909090909091,10,10,CAGTTCATGGCCCAAGGCAT,0,3480270
tfaE_stfE_predicted,0.09090909090909091,10,10,CAGTTAAGCGTGCACGCTAT,0,3537798
tfaE_stfE_predicted,0.09090909090909091,10,10,CAGTGACATATCTGCCAGGT,0,3477309
tfaE_stfE_predicted,0.09090909090909091,10,10,CAGGTCGGTTTCTACCCTGA,0,3528665
tfaE_stfE_predicted,0.09090909090909091,10,10,CAGGTCAATGTCACTAGATG,0,3466801
tfaE_stfE_predicted,0.09090909090909091,10,10,CAGGCCTCAATTTTAACCTA,0,3508037
tfaE_stfE_predicted,0.09090909090909091,10,10,CAGGATTACCTCAGGCCCCT,0,3507622
tfaE_stfE_predicted,0.09090909090909091,10,10,CAGCAATAGTTGTTAACTGT,0,3521323
tfaE_stfE_predicted,0.09090909090909091,10,10,CAGATTGTCTACTAATTTAC,0,3488335
tfaE_stfE_predicted,0.09090909090909091,10,10,CAGAATGCATCGGCAGGGAT,0,3497977
tfaE_stfE_predicted,0.09090909090909091,10,10,CACTTTTATAACGACTTGGT,0,3486818
tfaE_stfE_predicted,0.09090909090909091,10,10,CACTGAGGAGCCCGGGCTAC,0,3508494
tfaE_stfE_predicted,0.09090909090909091,10,10,CACTCGATGGACAGGAATCT,0,3493430
tfaE_stfE_predicted,0.09090909090909091,10,10,CACTACGATGGGGTCACCCG,0,3512702
tfaE_stfE_predicted,0.09090909090909091,10,10,CACGTCCAATTGGTAGAAAG,0,3509277
tfaE_stfE_predicted,0.09090909090909091,10,10,CACGGCAAGTATCGGTTTAA,0,3534852
tfaE_stfE_predicted,0.09090909090909091,10,10,CACGCAACGGAGACGGGACT,0,3472954
tfaE_stfE_predicted,0.09090909090909091,10,10,CACCTTCTCATCATCCTCAT,0,3494219
tfaE_stfE_predicted,0.09090909090909091,10,10,CACCGGTACACGTAGACGAT,0,3491649
tfaE_stfE_predicted,0.09090909090909091,10,10,CACCCACAGCTACAAACTCC,0,3502995
tfaE_stfE_predicted,0.09090909090909091,10,10,CACATTAACTCCTGGAAATG,0,3533255
tfaE_stfE_predicted,0.09090909090909091,10,10,CACAGTGATAGACCTAGGAG,0,3531904
tfaE_stfE_predicted,0.09090909090909091,10,10,CACAGGCAGCCCACAAGTTT,0,3516561
tfaE_stfE_predicted,0.09090909090909091,10,10,CACAAGTCCATGATTACCGA,0,3530498
tfaE_stfE_predicted,0.09090909090909091,10,10,CACAAATTGCCAAGCGTATT,0,3493558
tfaE_stfE_predicted,0.09090909090909091,10,10,CAATTCGAGGCGTTTAGACA,0,3494871
tfaE_stfE_predicted,0.09090909090909091,10,10,CAATGTCAGAGGTGGTCTCC,0,3540543
tfaE_stfE_predicted,0.09090909090909091,10,10,CAATAACGATTTTCGGGGGG,0,3470027
tfaE_stfE_predicted,0.09090909090909091,10,10,CAAGTGTTAAGGGATCGTGA,0,3512383
tfaE_stfE_predicted,0.09090909090909091,10,10,CAAGTGGTGCACTTCCCGCT,0,3533589
tfaE_stfE_predicted,0.09090909090909091,10,10,CAAGCCGGGGTTCTATTCGT,0,3502119
tfaE_stfE_predicted,0.09090909090909091,10,10,CAAGAACTGGGGATGGTCCC,0,3509729
tfaE_stfE_predicted,0.09090909090909091,10,10,CAACGTGTGATTTAGCCCCC,0,3486594
tfaE_stfE_predicted,0.09090909090909091,10,10,CAACAGTTGCTAAGACGTAG,0,3518653
tfaE_stfE_predicted,0.09090909090909091,10,10,CAAACAGAACCACTATCACC,0,3483785
tfaE_stfE_predicted,0.09090909090909091,10,10,ATTTGCATCTTCCATCGCTG,0,3490346
tfaE_stfE_predicted,0.09090909090909091,10,10,ATTTGATACTGCGAAATCAC,0,3519846
tfaE_stfE_predicted,0.09090909090909091,10,10,ATTTAGGATGAAGTGCCGAA,0,3474569
tfaE_stfE_predicted,0.09090909090909091,10,10,ATTGTCAAAGCGCAGAATGC,0,3481377
tfaE_stfE_predicted,0.09090909090909091,10,10,ATTGTAGATATAGACAGGTC,0,3492609
tfaE_stfE_predicted,0.09090909090909091,10,10,ATTGGATCCGGCGCTGTGGC,0,3490807
tfaE_stfE_predicted,0.09090909090909091,10,10,ATTGCCAGTTAAGGTAGGGT,0,3510397
tfaE_stfE_predicted,0.09090909090909091,10,10,ATTGATGGACATGATCGATG,0,3484272
tfaE_stfE_predicted,0.09090909090909091,10,10,ATTCTGCTCGTAGACCATAT,0,3489363
tfaE_stfE_predicted,0.09090909090909091,10,10,ATTCGAGTCTGAGGCCGTAG,0,3493688
tfaE_stfE_predicted,0.09090909090909091,10,10,ATTCCTGCGCGCACCGAATA,0,3481106
tfaE_stfE_predicted,0.09090909090909091,10,10,ATTCAATCCCCCTTGTTAAG,0,3480694
tfaE_stfE_predicted,0.09090909090909091,10,10,ATTAGTACCTCCAGAGATTC,0,3534653
tfaE_stfE_predicted,0.09090909090909091,10,10,ATTAGGCAAATAATCCTAGG,0,3491213
tfaE_stfE_predicted,0.09090909090909091,10,10,ATTAGACACCGGCCCCTGGC,0,3537678
tfaE_stfE_predicted,0.09090909090909091,10,10,ATTACGCGCTTCCGAGTACT,0,3508344
tfaE_stfE_predicted,0.09090909090909091,10,10,ATGTCGTGATAGTAAGGTCA,0,3468460
tfaE_stfE_predicted,0.09090909090909091,10,10,ATGGACCTCAATCGTGTACT,0,3521939
tfaE_stfE_predicted,0.09090909090909091,10,10,ATGCTTTGGGTCCGAGCGAT,0,3501985
tfaE_stfE_predicted,0.09090909090909091,10,10,ATGCGGTCTATTAACCAGAA,0,3481464
tfaE_stfE_predicted,0.09090909090909091,10,10,ATGCGCTAAGATTAATAAGT,0,3466939
tfaE_stfE_predicted,0.09090909090909091,10,10,ATGCGCATTACGTTATGTGC,0,3473344
tfaE_stfE_predicted,0.09090909090909091,10,10,ATGCCAGCGAGGGCTTCTAA,0,3508792
tfaE_stfE_predicted,0.09090909090909091,10,10,ATGCAGATAGGGGTACATTG,0,3499041
tfaE_stfE_predicted,0.09090909090909091,10,10,ATGATTGCGGCTACTTAAGT,0,3515181
tfaE_stfE_predicted,0.09090909090909091,10,10,ATGATCCCTCACATGCCTAG,0,3535958
tfaE_stfE_predicted,0.09090909090909091,10,10,ATGATAGGCTTTCAGGGGGT,0,3531463
tfaE_stfE_predicted,0.09090909090909091,10,10,ATGAGGTCAATCTCCCGAAT,0,3474345
tfaE_stfE_predicted,0.09090909090909091,10,10,ATGACTCTGCTCCGTGTGGT,0,3529117
tfaE_stfE_predicted,0.09090909090909091,10,10,ATGAAACAGTACCGCCGGGT,0,3490022
tfaE_stfE_predicted,0.09090909090909091,10,10,ATCTCTCCGGGGTGGGCATG,0,3473097
tfaE_stfE_predicted,0.09090909090909091,10,10,ATCTACAGTAACCATTGCCC,0,3493597
tfaE_stfE_predicted,0.09090909090909091,10,10,ATCGTGCTTGGTTACACGAT,0,3470263
tfaE_stfE_predicted,0.09090909090909091,10,10,ATCGCAGAAAGCGTGCGAAC,0,3496330
tfaE_stfE_predicted,0.09090909090909091,10,10,ATCGAGCTTAGGGTTGACTA,0,3501106
tfaE_stfE_predicted,0.09090909090909091,10,10,ATCGACTTAAAGTTCCGCCA,0,3539110
tfaE_stfE_predicted,0.09090909090909091,10,10,ATCGACGAAGAATGTCAATT,0,3473959
tfaE_stfE_predicted,0.09090909090909091,10,10,ATCATCCGTCCCATCCGTGT,0,3471276
tfaE_stfE_predicted,0.09090909090909091,10,10,ATCATCATCATAGTCAAGGG,0,3483578
tfaE_stfE_predicted,0.09090909090909091,10,10,ATCATACCTGAGTATGGCTT,0,3538196
tfaE_stfE_predicted,0.09090909090909091,10,10,ATCAAGGCGGTGGCAACACG,0,3487841
tfaE_stfE_predicted,0.09090909090909091,10,10,ATATTTGCGCGGATTGAGTT,0,3527763
tfaE_stfE_predicted,0.09090909090909091,10,10,ATATTACTCCACCGAACACT,0,3477747
tfaE_stfE_predicted,0.09090909090909091,10,10,ATAGTATACGCAGCTCAAGG,0,3472331
tfaE_stfE_predicted,0.09090909090909091,10,10,ATAGCTACCCTTACTTTCTC,0,3487280
tfaE_stfE_predicted,0.09090909090909091,10,10,ATAGCAAGTGCCATCTAAAA,0,3491760
tfaE_stfE_predicted,0.09090909090909091,10,10,ATACGTGGAGTCAATTTGGT,0,3531910
tfaE_stfE_predicted,0.09090909090909091,10,10,ATACGTGGACATACCTCGTT,0,3493546
tfaE_stfE_predicted,0.09090909090909091,10,10,ATACGTGACATGCAAGAACA,0,3480697
tfaE_stfE_predicted,0.09090909090909091,10,10,ATAAATTGAGTCTAGGACTC,0,3494357
tfaE_stfE_predicted,0.09090909090909091,10,10,AGTTTCCAACGGCAAACAAT,0,3484616
tfaE_stfE_predicted,0.09090909090909091,10,10,AGTTCCTAGAACGGGAGGAG,0,3476050
tfaE_stfE_predicted,0.09090909090909091,10,10,AGTTAGCGTGGTTGCATTAT,0,3492012
tfaE_stfE_predicted,0.09090909090909091,10,10,AGTTAACAGGCTTTTCTGGA,0,3495544
tfaE_stfE_predicted,0.09090909090909091,10,10,AGTGTTCAGGGCCAGGCTTG,0,3472172
tfaE_stfE_predicted,0.09090909090909091,10,10,AGTGTGAGCGATTGCCGCGT,0,3484167
tfaE_stfE_predicted,0.09090909090909091,10,10,AGTGTACAGTGGTTCGTTGT,0,3522313
tfaE_stfE_predicted,0.09090909090909091,10,10,AGTGGATGAACGCAATACTC,0,3472829
tfaE_stfE_predicted,0.09090909090909091,10,10,AGTGGACGGCTACTCCAAGG,0,3485068
tfaE_stfE_predicted,0.09090909090909091,10,10,AGTGCTCGGCGGGCTTCTTT,0,3529472
tfaE_stfE_predicted,0.09090909090909091,10,10,AGTGACTAAGCGGTAATCGT,0,3539568
tfaE_stfE_predicted,0.09090909090909091,10,10,AGTCACTTGGCCTTAAACTG,0,3485822
tfaE_stfE_predicted,0.09090909090909091,10,10,AGTCAATACAGGGTAGAGTG,0,3532289
tfaE_stfE_predicted,0.09090909090909091,10,10,AGTACTTTGTGTGTACCCCG,0,3511622
tfaE_stfE_predicted,0.09090909090909091,10,10,AGTACCGGGAATGAATCAGA,0,3487008
tfaE_stfE_predicted,0.09090909090909091,10,10,AGGTGCTGGGCACGTTGCCC,0,3473114
tfaE_stfE_predicted,0.09090909090909091,10,10,AGGGTTGAATTAACTTTATG,0,3484412
tfaE_stfE_predicted,0.09090909090909091,10,10,AGGGAGCACCTTGTTTCCTT,0,3523381
tfaE_stfE_predicted,0.09090909090909091,10,10,AGGCTATATGCCCGTACGGT,0,3492381
tfaE_stfE_predicted,0.09090909090909091,10,10,AGGCGATACGATCATGCCGG,0,3485411
tfaE_stfE_predicted,0.09090909090909091,10,10,AGGCCTGAAATCGACCATTT,0,3540476
tfaE_stfE_predicted,0.09090909090909091,10,10,AGGCCTCATGCCTGCCTTGC,0,3511929
tfaE_stfE_predicted,0.09090909090909091,10,10,AGGCCATCGACCAGTGCATA,0,3473979
tfaE_stfE_predicted,0.09090909090909091,10,10,AGGACTACTTTCATTCACCA,0,3499967
tfaE_stfE_predicted,0.09090909090909091,10,10,AGGAACTTCATTAATCCGTC,0,3472682
tfaE_stfE_predicted,0.09090909090909091,10,10,AGCTCAGAAAAACTCCGCTA,0,3540406
tfaE_stfE_predicted,0.09090909090909091,10,10,AGCTATAGCCGTGTGACGGA,0,3496707
tfaE_stfE_predicted,0.09090909090909091,10,10,AGCGGCAGGACGGAGCTCCA,0,3511820
tfaE_stfE_predicted,0.09090909090909091,10,10,AGCCCGGGCTGTATTCGGAC,0,3503594
tfaE_stfE_predicted,0.09090909090909091,10,10,AGCCCAGAATCATGCTCAGA,0,3536505
tfaE_stfE_predicted,0.09090909090909091,10,10,AGCCAGAGTCTAATGTCCAC,0,3507434
tfaE_stfE_predicted,0.09090909090909091,10,10,AGCCAGAGGCCTTCTCATAA,0,3534707
tfaE_stfE_predicted,0.09090909090909091,10,10,AGCCACTGTTGCGAGGCTTA,0,3532101
tfaE_stfE_predicted,0.09090909090909091,10,10,AGCATGCTGCCGTTCATGAC,0,3466453
tfaE_stfE_predicted,0.09090909090909091,10,10,AGCAGGCATCTAAATGTGTG,0,3473260
tfaE_stfE_predicted,0.09090909090909091,10,10,AGCACCCACGGCAACCGTGC,0,3469281
tfaE_stfE_predicted,0.09090909090909091,10,10,AGCAATGGTTACACTGTAAG,0,3482669
tfaE_stfE_predicted,0.09090909090909091,10,10,AGATCTTCGGTGAATAGTAC,0,3519319
tfaE_stfE_predicted,0.09090909090909091,10,10,AGATCCCTATTTGGAACAGC,0,3534763
tfaE_stfE_predicted,0.09090909090909091,10,10,AGAGTCTAGCCCCCATCGAT,0,3529982
tfaE_stfE_predicted,0.09090909090909091,10,10,AGAGCGTTCGACTATAGAAC,0,3480809
tfaE_stfE_predicted,0.09090909090909091,10,10,AGAGCGAATTCAGGTTTAAA,0,3480807
tfaE_stfE_predicted,0.09090909090909091,10,10,AGAGCATAACGGTAAGGGAT,0,3528524
tfaE_stfE_predicted,0.09090909090909091,10,10,AGACCGGTACCGCATATAGG,0,3487947
tfaE_stfE_predicted,0.09090909090909091,10,10,AGACATCAGGTATCATCGTG,0,3481457
tfaE_stfE_predicted,0.09090909090909091,10,10,AGAAGCCCTTTTTATGATTC,0,3469058
tfaE_stfE_predicted,0.09090909090909091,10,10,AGAAGCAAGTACATTCCGTC,0,3518538
tfaE_stfE_predicted,0.09090909090909091,10,10,AGAACTCATCGTAGCTGGTT,0,3533310
tfaE_stfE_predicted,0.09090909090909091,10,10,AGAACGCTCCATTCTTTATT,0,3537986
tfaE_stfE_predicted,0.09090909090909091,10,10,AGAAAGGGAGTGCAACTAGA,0,3507712
tfaE_stfE_predicted,0.09090909090909091,10,10,ACTTTTAATATATAGCCACT,0,3521102
tfaE_stfE_predicted,0.09090909090909091,10,10,ACTTTAATTCTATGGCAGCT,0,3473270
tfaE_stfE_predicted,0.09090909090909091,10,10,ACTTCTGCAGTTGCAAGAGC,0,3532093
tfaE_stfE_predicted,0.09090909090909091,10,10,ACTTCGGCAGTCGGGCACCC,0,3486213
tfaE_stfE_predicted,0.09090909090909091,10,10,ACTGGTTATCAGTGCTTCGA,0,3483830
tfaE_stfE_predicted,0.09090909090909091,10,10,ACTGCTGATATCGATGCACA,0,3514680
tfaE_stfE_predicted,0.09090909090909091,10,10,ACTGATGTCACGCGGCGAGG,0,3532117
tfaE_stfE_predicted,0.09090909090909091,10,10,ACTCGCCGAGTCGGGCTAAG,0,3536219
tfaE_stfE_predicted,0.09090909090909091,10,10,ACTCGAAGAGTTCCAATAGT,0,3472283
tfaE_stfE_predicted,0.09090909090909091,10,10,ACTCCAGGTAGTTACGTCAC,0,3529553
tfaE_stfE_predicted,0.09090909090909091,10,10,ACTCAAGCGATGATTACGGA,0,3505829
tfaE_stfE_predicted,0.09090909090909091,10,10,ACTACTTGAGCGTAGTTCAG,0,3528779
tfaE_stfE_predicted,0.09090909090909091,10,10,ACTACTCGCGAATGCGTATA,0,3477198
tfaE_stfE_predicted,0.09090909090909091,10,10,ACTAACATGCGTCCGATTGA,0,3502986
tfaE_stfE_predicted,0.09090909090909091,10,10,ACGTTTTTTCCAAATCACTT,0,3518978
tfaE_stfE_predicted,0.09090909090909091,10,10,ACGTTTGGCTCCAATTCGTC,0,3490210
tfaE_stfE_predicted,0.09090909090909091,10,10,ACGTGGTACGGCGGAATGAC,0,3486841
tfaE_stfE_predicted,0.09090909090909091,10,10,ACGGGTTTCGATTATCTGCA,0,3490507
tfaE_stfE_predicted,0.09090909090909091,10,10,ACGGGGTCCCTGGGAAGTAC,0,3526520
tfaE_stfE_predicted,0.09090909090909091,10,10,ACGGGGCCGCTTTATGTGGA,0,3522528
tfaE_stfE_predicted,0.09090909090909091,10,10,ACGGGGAGAAGCTCACTGTG,0,3486196
tfaE_stfE_predicted,0.09090909090909091,10,10,ACGGGAACTCCGTAGCATAC,0,3525573
tfaE_stfE_predicted,0.09090909090909091,10,10,ACGGCTTCTACGCCTACCCA,0,3494058
tfaE_stfE_predicted,0.09090909090909091,10,10,ACGGCGTGGCATTTCGGTAC,0,3494904
tfaE_stfE_predicted,0.09090909090909091,10,10,ACGGCGGACTATAATAGGTG,0,3490562
tfaE_stfE_predicted,0.09090909090909091,10,10,ACGGACCAATCTAGAAGAGG,0,3482017
tfaE_stfE_predicted,0.09090909090909091,10,10,ACGGACAATTTTGTGAGCAT,0,3474982
tfaE_stfE_predicted,0.09090909090909091,10,10,ACGCTGTAGCATTTACCGAT,0,3507282
tfaE_stfE_predicted,0.09090909090909091,10,10,ACGCTCGGTGGTGCATCAGT,0,3512683
tfaE_stfE_predicted,0.09090909090909091,10,10,ACGCTCGGGCTGTCTTTACC,0,3488541
tfaE_stfE_predicted,0.09090909090909091,10,10,ACGCGAAAGCCCATAAACTA,0,3532710
tfaE_stfE_predicted,0.09090909090909091,10,10,ACGAGCGTCAAACCTAGTCC,0,3491152
tfaE_stfE_predicted,0.09090909090909091,10,10,ACGACCTTAGGGACGACTGG,0,3484678
tfaE_stfE_predicted,0.09090909090909091,10,10,ACGAAATATCATTTAGAGGC,0,3514103
tfaE_stfE_predicted,0.09090909090909091,10,10,ACCTCTGAGTACGCTTAGCA,0,3499086
tfaE_stfE_predicted,0.09090909090909091,10,10,ACCTAATTTATATATATCTT,0,3503234
tfaE_stfE_predicted,0.09090909090909091,10,10,ACCGGTCTGTATTAATTCGG,0,3468747
tfaE_stfE_predicted,0.09090909090909091,10,10,ACCCTTGGGTGAGTACAGAA,0,3498905
tfaE_stfE_predicted,0.09090909090909091,10,10,ACCCGTTTCTACCACGTTTA,0,3537089
tfaE_stfE_predicted,0.09090909090909091,10,10,ACCCGGATGAAGATGCGGGG,0,3475559
tfaE_stfE_predicted,0.09090909090909091,10,10,ACCCCGGACGAGAACACGAA,0,3476052
tfaE_stfE_predicted,0.09090909090909091,10,10,ACCAGGCCGTACAGTGTTCA,0,3484845
tfaE_stfE_predicted,0.09090909090909091,10,10,ACCAGCGTGGGAATGCACAT,0,3508296
tfaE_stfE_predicted,0.09090909090909091,10,10,ACCAGAGGTTTGTTGTTCCC,0,3492927
tfaE_stfE_predicted,0.09090909090909091,10,10,ACCACTTACATACGTGTGAG,0,3498602
tfaE_stfE_predicted,0.09090909090909091,10,10,ACCACGCAAGTTAATAACTC,0,3486691
tfaE_stfE_predicted,0.09090909090909091,10,10,ACATGTGAGTAGCCTCATGG,0,3491543
tfaE_stfE_predicted,0.09090909090909091,10,10,ACATGGAGTCCTTGTTACCT,0,3526263
tfaE_stfE_predicted,0.09090909090909091,10,10,ACATCCAAGTACTGTTCCTC,0,3509797
tfaE_stfE_predicted,0.09090909090909091,10,10,ACAGTGGCGTTGCCCGCCGC,0,3475886
tfaE_stfE_predicted,0.09090909090909091,10,10,ACAGGATATGTGGCCGCCAT,0,3538335
tfaE_stfE_predicted,0.09090909090909091,10,10,ACAGCTGCTCCCCCTTTGGC,0,3502992
tfaE_stfE_predicted,0.09090909090909091,10,10,ACAGCGTATCCCAGTACCAG,0,3473322
tfaE_stfE_predicted,0.09090909090909091,10,10,ACACTTACTAGCCAACGTGC,0,3468117
tfaE_stfE_predicted,0.09090909090909091,10,10,ACACTCCCTGCCGACATTTT,0,3526215
tfaE_stfE_predicted,0.09090909090909091,10,10,ACACTACTAAAATACCGGAT,0,3536317
tfaE_stfE_predicted,0.09090909090909091,10,10,ACAACCGACCACGGCCACGT,0,3519405
tfaE_stfE_predicted,0.09090909090909091,10,10,AATTTGGTTCCGGCATTATC,0,3483697
tfaE_stfE_predicted,0.09090909090909091,10,10,AATTCTGGAGGGACCCATCC,0,3513774
tfaE_stfE_predicted,0.09090909090909091,10,10,AATGAGCCGAGTTGAAAGTT,0,3517260
tfaE_stfE_predicted,0.09090909090909091,10,10,AATCTTCAGCGATGCCTTGG,0,3471495
tfaE_stfE_predicted,0.09090909090909091,10,10,AATCATATCAAAATGGTGCG,0,3536962
tfaE_stfE_predicted,0.09090909090909091,10,10,AATAGAAAGGGCACGAACGA,0,3468815
tfaE_stfE_predicted,0.09090909090909091,10,10,AATAAGCCGCTGGCTTCAGG,0,3499928
tfaE_stfE_predicted,0.09090909090909091,10,10,AAGTTGGTGATGGGGCGAAA,0,3530489
tfaE_stfE_predicted,0.09090909090909091,10,10,AAGTTGATTGTCACCGTATA,0,3468027
tfaE_stfE_predicted,0.09090909090909091,10,10,AAGTTCGCAAATGAGTCAGT,0,3486820
tfaE_stfE_predicted,0.09090909090909091,10,10,AAGTGTTGCGCGTAACTGGA,0,3539721
tfaE_stfE_predicted,0.09090909090909091,10,10,AAGTGCTTAGTTGGTACACA,0,3503118
tfaE_stfE_predicted,0.09090909090909091,10,10,AAGTACACTGGTGTGATCTC,0,3526349
tfaE_stfE_predicted,0.09090909090909091,10,10,AAGGGTAAGCACCCTACATA,0,3489781
tfaE_stfE_predicted,0.09090909090909091,10,10,AAGGGGAGCAGCGGAGTTGC,0,3473246
tfaE_stfE_predicted,0.09090909090909091,10,10,AAGGCTTACTGGGTTTGACC,0,3471207
tfaE_stfE_predicted,0.09090909090909091,10,10,AAGGCCTACCGCTGTTTGAA,0,3495515
tfaE_stfE_predicted,0.09090909090909091,10,10,AAGGAATCCGAGGCCTTACA,0,3488914
tfaE_stfE_predicted,0.09090909090909091,10,10,AAGCTTCTCTCGCCCCGGTG,0,3479254
tfaE_stfE_predicted,0.09090909090909091,10,10,AAGCTGGCTCGGCACTCAGT,0,3505041
tfaE_stfE_predicted,0.09090909090909091,10,10,AAGCGGGAAGATCGGTTAAT,0,3491117
tfaE_stfE_predicted,0.09090909090909091,10,10,AAGCGCCACCTTCGCGGGTT,0,3484527
tfaE_stfE_predicted,0.09090909090909091,10,10,AAGCAGTGAAAGTGTCCGGG,0,3520853
tfaE_stfE_predicted,0.09090909090909091,10,10,AAGCACTACCCTCTCTGACG,0,3499360
tfaE_stfE_predicted,0.09090909090909091,10,10,AAGACAGGTCTTCATGTGGG,0,3469633
tfaE_stfE_predicted,0.09090909090909091,10,10,AACTTCGCGTATTTGCGCCT,0,3496487
tfaE_stfE_predicted,0.09090909090909091,10,10,AACTTACTATTGGAGCTTTA,0,3531594
tfaE_stfE_predicted,0.09090909090909091,10,10,AACTGCATCTTTTAATAGCG,0,3528151
tfaE_stfE_predicted,0.09090909090909091,10,10,AACGGGGTGGTGGGTTAAGT,0,3483924
tfaE_stfE_predicted,0.09090909090909091,10,10,AACGGCCCTAATAATCCCTA,0,3496980
tfaE_stfE_predicted,0.09090909090909091,10,10,AACGGCCACAATAAGTCAAT,0,3480882
tfaE_stfE_predicted,0.09090909090909091,10,10,AACGAGGGGTAAAGGCGACT,0,3519447
tfaE_stfE_predicted,0.09090909090909091,10,10,AACGAGACCATTGCACCCCA,0,3485188
tfaE_stfE_predicted,0.09090909090909091,10,10,AACGAATAACTGTCCGGCGG,0,3487524
tfaE_stfE_predicted,0.09090909090909091,10,10,AACCTGAAAGATTACCACGT,0,3490924
tfaE_stfE_predicted,0.09090909090909091,10,10,AACCTCTAGTCGGGGAAGAC,0,3521781
tfaE_stfE_predicted,0.09090909090909091,10,10,AACCGTCACATCGCTGACTT,0,3525496
tfaE_stfE_predicted,0.09090909090909091,10,10,AACCGGGCACAGGAGCGGCT,0,3478140
tfaE_stfE_predicted,0.09090909090909091,10,10,AACCCTGTATCGCACGGCGG,0,3506428
tfaE_stfE_predicted,0.09090909090909091,10,10,AACCCGTTTGAGACGCGATG,0,3508748
tfaE_stfE_predicted,0.09090909090909091,10,10,AACCCCGATTGCTTTTCATG,0,3525253
tfaE_stfE_predicted,0.09090909090909091,10,10,AACAGGCAACGACCCGATAT,0,3539157
tfaE_stfE_predicted,0.09090909090909091,10,10,AACAAGTAATCGCGTGGTCC,0,3471541
tfaE_stfE_predicted,0.09090909090909091,10,10,AAATCGGGACCGCGCACACC,0,3537205
tfaE_stfE_predicted,0.09090909090909091,10,10,AAAGTCTAATGGGGTTAGTA,0,3530050
tfaE_stfE_predicted,0.09090909090909091,10,10,AAAGGATAATCAAGTCTAGG,0,3488423
tfaE_stfE_predicted,0.09090909090909091,10,10,AAAGGAAACAGGAAACCTCA,0,3539731
tfaE_stfE_predicted,0.09090909090909091,10,10,AAAGACTTTGTCCACGGCTA,0,3506518
tfaE_stfE_predicted,0.09090909090909091,10,10,AAACTTCGGGATTCACAAGA,0,3468469
tfaE_stfE_predicted,0.09090909090909091,10,10,AAACGCGACGGATGACTCCT,0,3493947
tfaE_stfE_predicted,0.09090909090909091,10,10,AAAATTCCCTGTAACGTATC,0,3528969
tfaE_stfE_predicted,0.09090909090909091,10,10,AAAAGACTCCATTTTGTAAA,0,3500601
tfaE_stfE_predicted,0.09090909090909091,10,10,AAAAAGGACAATCAAGGTTG,0,3474096
tfaE_stfE_predicted,0.1,9,9,TTTTTTAATGAGACGCGGCA,0,3495095
tfaE_stfE_predicted,0.1,9,9,TTTTTATGCCGCACCAAGAA,0,3519772
tfaE_stfE_predicted,0.1,9,9,TTTTTATCGACGTTTCCATC,0,3483338
tfaE_stfE_predicted,0.1,9,9,TTTTCCGTTGCCAGTGTTGA,0,3496873
tfaE_stfE_predicted,0.1,9,9,TTTGTGTTGAAATTCGGCAG,0,3470551
tfaE_stfE_predicted,0.1,9,9,TTTGGAATCGTATAGATGTT,0,3467003
tfaE_stfE_predicted,0.1,9,9,TTTGGAAGCAAATGAGTGTC,0,3479030
tfaE_stfE_predicted,0.1,9,9,TTTGGAACCGGGAGGCTTGA,0,3524305
tfaE_stfE_predicted,0.1,9,9,TTTCGCTCAGTTGGCGGCGT,0,3529820
tfaE_stfE_predicted,0.1,9,9,TTTCGCCAACGTGCGATTGT,0,3487878
tfaE_stfE_predicted,0.1,9,9,TTTCCGACGGTAGGCCCGTG,0,3530598
tfaE_stfE_predicted,0.1,9,9,TTTCCCCGGTGGGCACGTAC,0,3509370
tfaE_stfE_predicted,0.1,9,9,TTTATCATTAAAATCTTCTT,0,3487605
tfaE_stfE_predicted,0.1,9,9,TTTATCAAAGAGCTACTGGC,0,3484986
tfaE_stfE_predicted,0.1,9,9,TTTAGGCGACAAACCACATT,0,3477446
tfaE_stfE_predicted,0.1,9,9,TTTAGATCCAACAAGGGAAC,0,3472513
tfaE_stfE_predicted,0.1,9,9,TTTACGATTTAAAATATAAT,0,3506586
tfaE_stfE_predicted,0.1,9,9,TTTACCGGTTTCAGTCTTGC,0,3528935
tfaE_stfE_predicted,0.1,9,9,TTTAATCCCAGGTATCATCG,0,3485960
tfaE_stfE_predicted,0.1,9,9,TTTAAAAATGATCCGAGCCG,0,3466803
tfaE_stfE_predicted,0.1,9,9,TTGTTTGAAGGGCCGTTCGA,0,3472372
tfaE_stfE_predicted,0.1,9,9,TTGTTGGGGAGGGAGCACAG,0,3503616
tfaE_stfE_predicted,0.1,9,9,TTGTTGGCGTTTTGAGAGGG,0,3498334
tfaE_stfE_predicted,0.1,9,9,TTGTATAATATACCTTTATA,0,3512135
tfaE_stfE_predicted,0.1,9,9,TTGTAAGTTGGGAGAGGGCT,0,3479372
tfaE_stfE_predicted,0.1,9,9,TTGGGGAGTTGCGCACCCAT,0,3494101
tfaE_stfE_predicted,0.1,9,9,TTGGCTGACCTCCAGAATCT,0,3536712
tfaE_stfE_predicted,0.1,9,9,TTGGCGGGTATAACGTTGAG,0,3520354
tfaE_stfE_predicted,0.1,9,9,TTGGCCCTGTAAACTTGCCG,0,3514456
tfaE_stfE_predicted,0.1,9,9,TTGCGTTCAAGTAGAGTGGC,0,3503404
tfaE_stfE_predicted,0.1,9,9,TTGCGACTGTGTTCCGTTTA,0,3533496
tfaE_stfE_predicted,0.1,9,9,TTGCGAACCGGGCAGACGCC,0,3521735
tfaE_stfE_predicted,0.1,9,9,TTGCCCCTTCTGTTGTTGCG,0,3525108
tfaE_stfE_predicted,0.1,9,9,TTGAGGCTCACCGAAAACTA,0,3526928
tfaE_stfE_predicted,0.1,9,9,TTGAAGCCTATTTGTCACAG,0,3517940
tfaE_stfE_predicted,0.1,9,9,TTCTTTTGTGTTAAACATTA,0,3487891
tfaE_stfE_predicted,0.1,9,9,TTCTGCCGGGGACTAAAACG,0,3482103
tfaE_stfE_predicted,0.1,9,9,TTCGTTCTGCGCTGCGAATC,0,3489877
tfaE_stfE_predicted,0.1,9,9,TTCGGGGGCTCAAGATCGCT,0,3495171
tfaE_stfE_predicted,0.1,9,9,TTCGACGAGACACGTCCATT,0,3535566
tfaE_stfE_predicted,0.1,9,9,TTCGACGAAGAACATGCCCA,0,3524685
tfaE_stfE_predicted,0.1,9,9,TTCCGTACCACTTATCCACA,0,3484734
tfaE_stfE_predicted,0.1,9,9,TTCCCGAGGTTACCTAGACT,0,3505587
tfaE_stfE_predicted,0.1,9,9,TTCCCCAGGTCTTTGCTTCC,0,3519066
tfaE_stfE_predicted,0.1,9,9,TTCCAGCTACCATCAGGCGT,0,3532109
tfaE_stfE_predicted,0.1,9,9,TTCCAAAGGGGGTCTGTGTT,0,3488385
tfaE_stfE_predicted,0.1,9,9,TTCATGATATACGGTTAATT,0,3475135
tfaE_stfE_predicted,0.1,9,9,TTCAGGGGCGCGCGCTAGTG,0,3479314
tfaE_stfE_predicted,0.1,9,9,TTCACAGGCTTGTTCCACGG,0,3511353
tfaE_stfE_predicted,0.1,9,9,TTCAATTCACACCGTAAGTT,0,3491479
tfaE_stfE_predicted,0.1,9,9,TTATTTTAAACGTGGAAAAT,0,3525612
tfaE_stfE_predicted,0.1,9,9,TTATTGTATTCTCTTTTCTT,0,3499408
tfaE_stfE_predicted,0.1,9,9,TTATAGGTCTACAGCCGGGG,0,3485722
tfaE_stfE_predicted,0.1,9,9,TTAGTTCATTGGACGCTAGC,0,3527439
tfaE_stfE_predicted,0.1,9,9,TTAGGGATAAAGTTGAGCTC,0,3474350
tfaE_stfE_predicted,0.1,9,9,TTAGCTTACTCCCCGCGAGA,0,3540204
tfaE_stfE_predicted,0.1,9,9,TTAGACATTTACGCTCGTCG,0,3493561
tfaE_stfE_predicted,0.1,9,9,TTACCACTCGGGTGTTAGTT,0,3527767
tfaE_stfE_predicted,0.1,9,9,TTACATCGCCCTGGCAGGGC,0,3514879
tfaE_stfE_predicted,0.1,9,9,TTAATCGTGTGTCCGGGTGA,0,3508137
tfaE_stfE_predicted,0.1,9,9,TTAATCGTCGTGATTCACAA,0,3517564
tfaE_stfE_predicted,0.1,9,9,TTAAGGCATGGATAAGTAGT,0,3492586
tfaE_stfE_predicted,0.1,9,9,TTAACCTTTTGGCACATTAT,0,3501995
tfaE_stfE_predicted,0.1,9,9,TGTTTAACAGGCCGGAGGAT,0,3523247
tfaE_stfE_predicted,0.1,9,9,TGTTGCGGCGTAACGTCGCT,0,3540544
tfaE_stfE_predicted,0.1,9,9,TGTTCGGCGAAAAGCGACAT,0,3493967
tfaE_stfE_predicted,0.1,9,9,TGTTCGCTCAGATCATTTTC,0,3481169
tfaE_stfE_predicted,0.1,9,9,TGTTACCGGCCGACTGTTTT,0,3511708
tfaE_stfE_predicted,0.1,9,9,TGTGTCTCAAAACGAAAGGC,0,3526247
tfaE_stfE_predicted,0.1,9,9,TGTGTCTAAGTCGGTTGATA,0,3492544
tfaE_stfE_predicted,0.1,9,9,TGTGGTGTTAAATCTCATCG,0,3513771
tfaE_stfE_predicted,0.1,9,9,TGTGGTGGAGGGTCGGTGGG,0,3486269
tfaE_stfE_predicted,0.1,9,9,TGTAAGTAGGGATCTTTGAA,0,3521687
tfaE_stfE_predicted,0.1,9,9,TGTAAGCACGGAATGTAAGC,0,3470328
tfaE_stfE_predicted,0.1,9,9,TGGTTTGGGCTGGTAAGCTA,0,3474500
tfaE_stfE_predicted,0.1,9,9,TGGTGCGCGGCCTTGTCGAT,0,3509862
tfaE_stfE_predicted,0.1,9,9,TGGTGCGCGACAGCGTAGTC,0,3470860
tfaE_stfE_predicted,0.1,9,9,TGGTGAACCGCGCCTGTCTG,0,3473816
tfaE_stfE_predicted,0.1,9,9,TGGTCGTACAGGAATTGCGG,0,3469211
tfaE_stfE_predicted,0.1,9,9,TGGTCGCCGCTCGGTATACA,0,3497885
tfaE_stfE_predicted,0.1,9,9,TGGGTTGCAGGCTGTTGGGA,0,3539951
tfaE_stfE_predicted,0.1,9,9,TGGGTAACGGTTAATCTACA,0,3495504
tfaE_stfE_predicted,0.1,9,9,TGGCGCTCAACCTCTTCTTA,0,3486094
tfaE_stfE_predicted,0.1,9,9,TGGCGCTAGGGTTGCGTTTC,0,3502664
tfaE_stfE_predicted,0.1,9,9,TGGCAGTACATGGAAAGCAG,0,3525422
tfaE_stfE_predicted,0.1,9,9,TGGCACTTTAAATGAGTGCC,0,3478061
tfaE_stfE_predicted,0.1,9,9,TGGATTGCAACCGTGAGCAT,0,3499500
tfaE_stfE_predicted,0.1,9,9,TGGATGCATGGCTACCTTAC,0,3490215
tfaE_stfE_predicted,0.1,9,9,TGGAGTTTTTCCTCGAGGAC,0,3506809
tfaE_stfE_predicted,0.1,9,9,TGGAAGGGGACGGGGGGGTG,0,3502800
tfaE_stfE_predicted,0.1,9,9,TGCTAGTCACGCATGGTTAA,0,3512596
tfaE_stfE_predicted,0.1,9,9,TGCTAATGAAGGGGGTTGGG,0,3526786
tfaE_stfE_predicted,0.1,9,9,TGCGGATGCTGCAAGTGCAT,0,3466421
tfaE_stfE_predicted,0.1,9,9,TGCGACGATCTGCCGCCGCA,0,3527905
tfaE_stfE_predicted,0.1,9,9,TGCCTCGTAGTCTCTCCCGA,0,3485076
tfaE_stfE_predicted,0.1,9,9,TGCCGGCGCGAGAATGGGTG,0,3521691
tfaE_stfE_predicted,0.1,9,9,TGCCATGAGCCACGGGTAGT,0,3486956
tfaE_stfE_predicted,0.1,9,9,TGCCACGGTGACCCCATCAT,0,3491929
tfaE_stfE_predicted,0.1,9,9,TGCCAAATTGGGCAGTCTGT,0,3477999
tfaE_stfE_predicted,0.1,9,9,TGCAGTAACGTAATTACGGT,0,3494308
tfaE_stfE_predicted,0.1,9,9,TGCAGGAGTGAGTAGTTCAA,0,3505128
tfaE_stfE_predicted,0.1,9,9,TGATTTCATTAGGTACGTCG,0,3473062
tfaE_stfE_predicted,0.1,9,9,TGATTCCCCTGTTAGTATAA,0,3484672
tfaE_stfE_predicted,0.1,9,9,TGATGCTTTACGCCATGCGT,0,3534881
tfaE_stfE_predicted,0.1,9,9,TGAGTTTCGAATCGTCCTAT,0,3525168
tfaE_stfE_predicted,0.1,9,9,TGAGGGTGACATGCAATACT,0,3485712
tfaE_stfE_predicted,0.1,9,9,TGAGGGCTAAGCGTTAATAA,0,3470272
tfaE_stfE_predicted,0.1,9,9,TGAGGGAATGCGGTCTGAGC,0,3493592
tfaE_stfE_predicted,0.1,9,9,TGAGCTGTCCCGCATAGCCG,0,3478975
tfaE_stfE_predicted,0.1,9,9,TGAGCCCTTGGACCGAGCGA,0,3508867
tfaE_stfE_predicted,0.1,9,9,TGACTGGATTGGGGCTGGAG,0,3523187
tfaE_stfE_predicted,0.1,9,9,TGACTCAGAAACGTGGCGAG,0,3497071
tfaE_stfE_predicted,0.1,9,9,TGACTATGCCGCGCGATGCT,0,3486570
tfaE_stfE_predicted,0.1,9,9,TGACGTGTCTCTTTCTCGCT,0,3533208
tfaE_stfE_predicted,0.1,9,9,TGACACGGTAGGGAGAATGC,0,3486842
tfaE_stfE_predicted,0.1,9,9,TGAATTGAGCGAACGAGGGC,0,3479057
tfaE_stfE_predicted,0.1,9,9,TGAATAGTGATTCTCCAGGA,0,3513356
tfaE_stfE_predicted,0.1,9,9,TGAAGTAAATCAGGGCCGTA,0,3502856
tfaE_stfE_predicted,0.1,9,9,TGAAGCACGCCTATAAAGAG,0,3477888
tfaE_stfE_predicted,0.1,9,9,TGAAGACCCGGTAAGCCCTC,0,3523797
tfaE_stfE_predicted,0.1,9,9,TGAACTGTAAGAATCGATAG,0,3538218
tfaE_stfE_predicted,0.1,9,9,TGAACTCCTACCGGACATAC,0,3478525
tfaE_stfE_predicted,0.1,9,9,TGAACGAGGAATATAGTGGC,0,3495548
tfaE_stfE_predicted,0.1,9,9,TGAAAGGTTGCAGGATTAGG,0,3502174
tfaE_stfE_predicted,0.1,9,9,TCTTGAGTGATCCCCGATAG,0,3509840
tfaE_stfE_predicted,0.1,9,9,TCTTCTAAGGAATTCAGGTA,0,3506818
tfaE_stfE_predicted,0.1,9,9,TCTGTCCTTGACTAACAGTC,0,3510405
tfaE_stfE_predicted,0.1,9,9,TCTGTATAGTACTAGGGGTC,0,3469334
tfaE_stfE_predicted,0.1,9,9,TCTGGATACACACTATTGAA,0,3541049
tfaE_stfE_predicted,0.1,9,9,TCTGATTCGTGCTGAAATTC,0,3504940
tfaE_stfE_predicted,0.1,9,9,TCTCTTCAGGTAATCATATG,0,3493402
tfaE_stfE_predicted,0.1,9,9,TCTCGTAGCTACCCACGCGG,0,3474349
tfaE_stfE_predicted,0.1,9,9,TCTCGAGGGCGGCTACTTGC,0,3477030
tfaE_stfE_predicted,0.1,9,9,TCTATAGACGGCATACTATT,0,3473306
tfaE_stfE_predicted,0.1,9,9,TCTAGGCCAGATGGTAGTTA,0,3503366
tfaE_stfE_predicted,0.1,9,9,TCGTTACCGGGTCCTTTTGT,0,3484929
tfaE_stfE_predicted,0.1,9,9,TCGTGGGGACTCATCGCCAC,0,3469681
tfaE_stfE_predicted,0.1,9,9,TCGTGATAAGGCTCAGTAAG,0,3516898
tfaE_stfE_predicted,0.1,9,9,TCGTCGTCCGGGTGGGACTT,0,3528099
tfaE_stfE_predicted,0.1,9,9,TCGGGCTGGCTCGGACCGCT,0,3497605
tfaE_stfE_predicted,0.1,9,9,TCGGGCGCCAGTGCGGTGTG,0,3468486
tfaE_stfE_predicted,0.1,9,9,TCGGCCATCGGAGCTCCATT,0,3475750
tfaE_stfE_predicted,0.1,9,9,TCGGATGTTCTGTCCCGCAA,0,3539725
tfaE_stfE_predicted,0.1,9,9,TCGGAGTCGAAGGTCTAAAG,0,3494217
tfaE_stfE_predicted,0.1,9,9,TCGGAGCGTCCCATCGACGG,0,3475557
tfaE_stfE_predicted,0.1,9,9,TCGGACAATGTATGAACTCC,0,3493995
tfaE_stfE_predicted,0.1,9,9,TCGCGGATTATCGAAGCCAC,0,3469361
tfaE_stfE_predicted,0.1,9,9,TCGCGCCGGGCTAAGGGCCA,0,3467812
tfaE_stfE_predicted,0.1,9,9,TCGCAAGTTAGGGAGATATT,0,3485384
tfaE_stfE_predicted,0.1,9,9,TCGAGACGCATCACAAAGTT,0,3472282
tfaE_stfE_predicted,0.1,9,9,TCCTTGTAGTTCGCGTTTAT,0,3479316
tfaE_stfE_predicted,0.1,9,9,TCCTGGATATATCACCTGCA,0,3507179
tfaE_stfE_predicted,0.1,9,9,TCCTGCGTAAAATGATGCTG,0,3538624
tfaE_stfE_predicted,0.1,9,9,TCCTGAAGTTAATAAATCAT,0,3492659
tfaE_stfE_predicted,0.1,9,9,TCCTCAAGGGTGTACTACTG,0,3501514
tfaE_stfE_predicted,0.1,9,9,TCCTAGTCAACAGAGGGTGG,0,3489056
tfaE_stfE_predicted,0.1,9,9,TCCTAAGGATCCGCAACAAT,0,3478653
tfaE_stfE_predicted,0.1,9,9,TCCCTTATTAACCAGAATGT,0,3531905
tfaE_stfE_predicted,0.1,9,9,TCCCTCCGGTTGAGCCTCTT,0,3503774
tfaE_stfE_predicted,0.1,9,9,TCCCGCCGAGGCCAGCCACA,0,3499633
tfaE_stfE_predicted,0.1,9,9,TCCCGAGAAACTACTGAGCG,0,3520632
tfaE_stfE_predicted,0.1,9,9,TCCCGACTGTCAGTTTCCTT,0,3479922
tfaE_stfE_predicted,0.1,9,9,TCCCCAATCGCAGGCGGCTT,0,3514146
tfaE_stfE_predicted,0.1,9,9,TCCATCCACATCCTGGTCAA,0,3512698
tfaE_stfE_predicted,0.1,9,9,TCCAGATACAAGGTACGGCC,0,3474292
tfaE_stfE_predicted,0.1,9,9,TCCAAAAGGTTCCCACGTTG,0,3486288
tfaE_stfE_predicted,0.1,9,9,TCATGTTAGTCGGAAGCTAT,0,3466945
tfaE_stfE_predicted,0.1,9,9,TCATGACGGTAGTGTAGAGC,0,3522722
tfaE_stfE_predicted,0.1,9,9,TCATCGCGGCATAGATGCGA,0,3511857
tfaE_stfE_predicted,0.1,9,9,TCATCCGCAAATCATCCGGT,0,3508223
tfaE_stfE_predicted,0.1,9,9,TCATCAGCCGAGAAAACAAT,0,3540725
tfaE_stfE_predicted,0.1,9,9,TCAGTTCGCTTAGGTGGCCT,0,3518559
tfaE_stfE_predicted,0.1,9,9,TCAGGACGGCTTATCATAGC,0,3524341
tfaE_stfE_predicted,0.1,9,9,TCAGCCCATAAGCATCAGGC,0,3538332
tfaE_stfE_predicted,0.1,9,9,TCAGCAGTTGTCTTGAGCGT,0,3525102
tfaE_stfE_predicted,0.1,9,9,TCAGAGCGTATCGGACCAAC,0,3511500
tfaE_stfE_predicted,0.1,9,9,TCACTCTGAGAGGGACCCCA,0,3472666
tfaE_stfE_predicted,0.1,9,9,TCACCGGAGCTGCTTCCAGC,0,3510161
tfaE_stfE_predicted,0.1,9,9,TCACCCGACTTCGACATGAG,0,3491978
tfaE_stfE_predicted,0.1,9,9,TCACCCCAGGTGTTTTAGAG,0,3524604
tfaE_stfE_predicted,0.1,9,9,TCAAGCAGGGCAGGTCGAAG,0,3467482
tfaE_stfE_predicted,0.1,9,9,TCAAAGTCTTCCAGCTCAGG,0,3508584
tfaE_stfE_predicted,0.1,9,9,TATTCCATTTCGATTTACAA,0,3536884
tfaE_stfE_predicted,0.1,9,9,TATTCATATAGAACACTCGA,0,3523202
tfaE_stfE_predicted,0.1,9,9,TATTATGTGGATTGCAGGCA,0,3532709
tfaE_stfE_predicted,0.1,9,9,TATCGTGGCGCTAGCCCCGG,0,3520086
tfaE_stfE_predicted,0.1,9,9,TATCACTTGATCATAGGATC,0,3523449
tfaE_stfE_predicted,0.1,9,9,TATATCGGGACGAGGGATTA,0,3528562
tfaE_stfE_predicted,0.1,9,9,TAGGATCATGGGACTAATTT,0,3517218
tfaE_stfE_predicted,0.1,9,9,TAGCATGCACCGGCTCCATT,0,3475296
tfaE_stfE_predicted,0.1,9,9,TAGATTTGTCTACCATCCGA,0,3496390
tfaE_stfE_predicted,0.1,9,9,TACTGGTCGTCTATCCCTTT,0,3516738
tfaE_stfE_predicted,0.1,9,9,TACTGGGCTGTAGCCGTACA,0,3516775
tfaE_stfE_predicted,0.1,9,9,TACTCGCACAGTGCCCCGCT,0,3540051
tfaE_stfE_predicted,0.1,9,9,TACTCCTTAGCCATGGCAAT,0,3531028
tfaE_stfE_predicted,0.1,9,9,TACTACTATGCAGGGGGCGG,0,3474069
tfaE_stfE_predicted,0.1,9,9,TACTACAAAATGAAGTCTAA,0,3499639
tfaE_stfE_predicted,0.1,9,9,TACGTGGGTATCGATTTGTC,0,3494738
tfaE_stfE_predicted,0.1,9,9,TACGGTAAGGACAACGTGGG,0,3531056
tfaE_stfE_predicted,0.1,9,9,TACGGCAATTCTGAAAATGG,0,3512165
tfaE_stfE_predicted,0.1,9,9,TACGAGTACGCCGTGTCAGA,0,3494969
tfaE_stfE_predicted,0.1,9,9,TACCGCTCCAGAGAATAAAA,0,3484363
tfaE_stfE_predicted,0.1,9,9,TACCGAATGCAGATTCCTAT,0,3520596
tfaE_stfE_predicted,0.1,9,9,TACATCGTAAGCCTCCTCCA,0,3469961
tfaE_stfE_predicted,0.1,9,9,TACAGTTCCATCGCGGCTCA,0,3474471
tfaE_stfE_predicted,0.1,9,9,TACAGAGTGCCGAAGCGGGA,0,3516019
tfaE_stfE_predicted,0.1,9,9,TAATCTCGCCTTCCTAGAAA,0,3473574
tfaE_stfE_predicted,0.1,9,9,TAATCCGTAGATTAGTTCTG,0,3532067
tfaE_stfE_predicted,0.1,9,9,TAATCAGCTGCACCCGAACC,0,3481742
tfaE_stfE_predicted,0.1,9,9,TAATACTTGCGCGCTACCGT,0,3502049
tfaE_stfE_predicted,0.1,9,9,TAAGTTATCAGGAAGCTGCA,0,3529815
tfaE_stfE_predicted,0.1,9,9,TAAGTGTACCTGCAAAGATA,0,3483789
tfaE_stfE_predicted,0.1,9,9,TAAGTCTAGGTCACCACCTT,0,3515679
tfaE_stfE_predicted,0.1,9,9,TAAGGGAGAGGGTCCCTAGC,0,3494471
tfaE_stfE_predicted,0.1,9,9,TAAGAATACTGCATGCACAG,0,3537119
tfaE_stfE_predicted,0.1,9,9,TAACGTACTGTCACCGTATC,0,3481071
tfaE_stfE_predicted,0.1,9,9,TAACGAGAATTGAAGTATAG,0,3503297
tfaE_stfE_predicted,0.1,9,9,TAACCTGCGGAGTCATGATA,0,3513785
tfaE_stfE_predicted,0.1,9,9,TAACCCTCGGCGCTGTTAAG,0,3499025
tfaE_stfE_predicted,0.1,9,9,TAAACACTAGCGCGTAACCC,0,3484321
tfaE_stfE_predicted,0.1,9,9,TAAAAAGCAGTGAATGAGCC,0,3518468
tfaE_stfE_predicted,0.1,9,9,GTTTGCTTGACTCCACGTAT,0,3501458
tfaE_stfE_predicted,0.1,9,9,GTTTGCACATCGAAGACATT,0,3484110
tfaE_stfE_predicted,0.1,9,9,GTTGTCGCCACTCGCAGTCG,0,3494727
tfaE_stfE_predicted,0.1,9,9,GTTGTACGCCATGACTCGTA,0,3508689
tfaE_stfE_predicted,0.1,9,9,GTTGGGATCGTGTGGAGAGA,0,3486292
tfaE_stfE_predicted,0.1,9,9,GTTGACACTGTAGTCACGCG,0,3499351
tfaE_stfE_predicted,0.1,9,9,GTTGACACACGCGACTTTTG,0,3515555
tfaE_stfE_predicted,0.1,9,9,GTTCTTCGTGTAAGAACCCA,0,3480582
tfaE_stfE_predicted,0.1,9,9,GTTCGGCACCATTGATTCAA,0,3528796
tfaE_stfE_predicted,0.1,9,9,GTTATCGAGGATACAAGCAA,0,3518517
tfaE_stfE_predicted,0.1,9,9,GTTATAGGGGATGTCCTGAT,0,3481293
tfaE_stfE_predicted,0.1,9,9,GTTAATGGCATTTCGTTCGA,0,3534067
tfaE_stfE_predicted,0.1,9,9,GTGTTGATTTCGGGTTTTGG,0,3500789
tfaE_stfE_predicted,0.1,9,9,GTGTTAGACCATGTCACAGT,0,3478373
tfaE_stfE_predicted,0.1,9,9,GTGTGTCACGTCAGCCCTTC,0,3523283
tfaE_stfE_predicted,0.1,9,9,GTGTGTAGGAACATCGAGCC,0,3513240
tfaE_stfE_predicted,0.1,9,9,GTGTCAGTTTATCTGTTATT,0,3511208
tfaE_stfE_predicted,0.1,9,9,GTGTATTGTAGGGATTGGTA,0,3531521
tfaE_stfE_predicted,0.1,9,9,GTGGTGCGAAGCCGATATCA,0,3485404
tfaE_stfE_predicted,0.1,9,9,GTGGTAGGCTCGGGCCTTCT,0,3533686
tfaE_stfE_predicted,0.1,9,9,GTGGTAACGTGAGGGTGTAG,0,3473866
tfaE_stfE_predicted,0.1,9,9,GTGGGTCGAGTAAAGTTGTG,0,3488304
tfaE_stfE_predicted,0.1,9,9,GTGGGCTCACCGCGCAAGTT,0,3527830
tfaE_stfE_predicted,0.1,9,9,GTGGGAGATCTGTATTCCAA,0,3497402
tfaE_stfE_predicted,0.1,9,9,GTGGCGAGTTGATATCGAGA,0,3518508
tfaE_stfE_predicted,0.1,9,9,GTGGCAATAAGGAGCGATCC,0,3524982
tfaE_stfE_predicted,0.1,9,9,GTGGAGCATCCGCATACAGA,0,3534981
tfaE_stfE_predicted,0.1,9,9,GTGCTTGTACCTGACAGGTA,0,3519603
tfaE_stfE_predicted,0.1,9,9,GTGCCGTGCCCGGCTCAGAA,0,3487796
tfaE_stfE_predicted,0.1,9,9,GTGCCAGACGAATGGGTAGA,0,3481057
tfaE_stfE_predicted,0.1,9,9,GTGCACGTGTTGAGCGCACG,0,3468823
tfaE_stfE_predicted,0.1,9,9,GTCTCATCTGGGTCACCGTT,0,3523024
tfaE_stfE_predicted,0.1,9,9,GTCTAGACAGTCCGAGACTT,0,3508637
tfaE_stfE_predicted,0.1,9,9,GTCGGCCCATAGGGCCTCCA,0,3513653
tfaE_stfE_predicted,0.1,9,9,GTCGGATGTAGGATGTTAAT,0,3488264
tfaE_stfE_predicted,0.1,9,9,GTCGATCCGGCGGGTCTCTC,0,3497687
tfaE_stfE_predicted,0.1,9,9,GTCGAATTGTCATGTCTACT,0,3471601
tfaE_stfE_predicted,0.1,9,9,GTCCTTTTTGACGACTCATA,0,3487588
tfaE_stfE_predicted,0.1,9,9,GTCCGTAGAAATATGGCACT,0,3506669
tfaE_stfE_predicted,0.1,9,9,GTCCGGGATCCAATGGTTGA,0,3484462
tfaE_stfE_predicted,0.1,9,9,GTCCGGGAGAGTAGTATTTA,0,3525944
tfaE_stfE_predicted,0.1,9,9,GTCATGAAATAAATTCAAAC,0,3481604
tfaE_stfE_predicted,0.1,9,9,GTCATAGAGCTCTAACGCCG,0,3486148
tfaE_stfE_predicted,0.1,9,9,GTCATACTTTACGGGGCGCA,0,3525250
tfaE_stfE_predicted,0.1,9,9,GTCAGACCGTGATTTTGCGG,0,3525904
tfaE_stfE_predicted,0.1,9,9,GTCACTTCAACTTCTCAAGA,0,3512586
tfaE_stfE_predicted,0.1,9,9,GTCACGGTCCAAAGTAGTCA,0,3467610
tfaE_stfE_predicted,0.1,9,9,GTCAATAGAGACGAGTCTGT,0,3535033
tfaE_stfE_predicted,0.1,9,9,GTCAAACTCCTATGGGTATT,0,3537175
tfaE_stfE_predicted,0.1,9,9,GTATGGCATCAGAGCCACCT,0,3505693
tfaE_stfE_predicted,0.1,9,9,GTATGGACGCCAAAATTCTT,0,3525518
tfaE_stfE_predicted,0.1,9,9,GTATGCGTATAGGGCGTACT,0,3471401
tfaE_stfE_predicted,0.1,9,9,GTATCCCACCGCGGTGTGTG,0,3488812
tfaE_stfE_predicted,0.1,9,9,GTATAGTCCAGTATACCAAC,0,3509486
tfaE_stfE_predicted,0.1,9,9,GTAGGCCTTTTTGTACAGTG,0,3525258
tfaE_stfE_predicted,0.1,9,9,GTACTTTACATATACGTGCT,0,3469834
tfaE_stfE_predicted,0.1,9,9,GTACGGAAGCAACATAAGGA,0,3514930
tfaE_stfE_predicted,0.1,9,9,GTACGCCAGTACCCAACTGA,0,3468108
tfaE_stfE_predicted,0.1,9,9,GTACCGTAGGTACCCTGCCC,0,3474603
tfaE_stfE_predicted,0.1,9,9,GTAAGAGAATGTGGGCACAG,0,3520393
tfaE_stfE_predicted,0.1,9,9,GTAACTGTAAGGGAACTTCT,0,3502779
tfaE_stfE_predicted,0.1,9,9,GTAACGCAGTCCGTGCTAGT,0,3475788
tfaE_stfE_predicted,0.1,9,9,GTAACCCTAAATGCCGGCGC,0,3513025
tfaE_stfE_predicted,0.1,9,9,GTAACCACTCCCTGATATAG,0,3524964
tfaE_stfE_predicted,0.1,9,9,GTAAACTGTTCAATTCGACT,0,3474802
tfaE_stfE_predicted,0.1,9,9,GTAAAAGTTCACCTCAGCCG,0,3489875
tfaE_stfE_predicted,0.1,9,9,GGTTGTGTCCAATCGCTTCA,0,3489891
tfaE_stfE_predicted,0.1,9,9,GGTTGCCTACATCGCTTTGC,0,3493315
tfaE_stfE_predicted,0.1,9,9,GGTTCGGAGCTTTATACATA,0,3536296
tfaE_stfE_predicted,0.1,9,9,GGTTCCGGGAGATCGTACCC,0,3477848
tfaE_stfE_predicted,0.1,9,9,GGTTACTTTGGTGCGGGCTC,0,3536588
tfaE_stfE_predicted,0.1,9,9,GGTGCGTCAGACCATTGTGC,0,3519827
tfaE_stfE_predicted,0.1,9,9,GGTGCACTTCTCGACGGTAA,0,3507805
tfaE_stfE_predicted,0.1,9,9,GGTGAATACAGGCTCCGACC,0,3491461
tfaE_stfE_predicted,0.1,9,9,GGTCGCGTCGCGTTAGGACC,0,3491364
tfaE_stfE_predicted,0.1,9,9,GGTACAGGTCTAGAGGCCCC,0,3469456
tfaE_stfE_predicted,0.1,9,9,GGTAAGGAACAGAGGGATAT,0,3519198
tfaE_stfE_predicted,0.1,9,9,GGTAAAACAGAACTGCACCT,0,3468215
tfaE_stfE_predicted,0.1,9,9,GGGTTGCGGCGCTGTATTGG,0,3475223
tfaE_stfE_predicted,0.1,9,9,GGGTTATAGTAAGCTACTCT,0,3519542
tfaE_stfE_predicted,0.1,9,9,GGGGGTTCCCGTGCTTTTTC,0,3488427
tfaE_stfE_predicted,0.1,9,9,GGGGCGGCACACAGTTCGGC,0,3475743
tfaE_stfE_predicted,0.1,9,9,GGGGCGCAGTTATTTTCTGC,0,3501454
tfaE_stfE_predicted,0.1,9,9,GGGGATTAGCCTAGCCAATA,0,3537600
tfaE_stfE_predicted,0.1,9,9,GGGGATGTACGAGATACAGC,0,3507043
tfaE_stfE_predicted,0.1,9,9,GGGCTGCGTGACATTATGAT,0,3495419
tfaE_stfE_predicted,0.1,9,9,GGGCTCTCGCGTTCAGAGTA,0,3538137
tfaE_stfE_predicted,0.1,9,9,GGGCTCGGATCAGGGTACTT,0,3480215
tfaE_stfE_predicted,0.1,9,9,GGGCGTCGTTCAGGAGGCTT,0,3531298
tfaE_stfE_predicted,0.1,9,9,GGGCGAGGCACAATACTCTA,0,3529712
tfaE_stfE_predicted,0.1,9,9,GGGCGAGCTGCCGACTATTA,0,3515523
tfaE_stfE_predicted,0.1,9,9,GGGCCTTGTGTTCATCCAAA,0,3480725
tfaE_stfE_predicted,0.1,9,9,GGGCCGTCCGGTTCCCAGCC,0,3476720
tfaE_stfE_predicted,0.1,9,9,GGGCCCTGGGAGTTTGATCA,0,3467549
tfaE_stfE_predicted,0.1,9,9,GGGCATTAATCCCACCCTTT,0,3497543
tfaE_stfE_predicted,0.1,9,9,GGGCATCGACCTCAGTAAGA,0,3499356
tfaE_stfE_predicted,0.1,9,9,GGGAGGATTCAACCACGGGA,0,3530238
tfaE_stfE_predicted,0.1,9,9,GGGACCAAGACCTATGCATC,0,3531444
tfaE_stfE_predicted,0.1,9,9,GGCTTGCGAAATCAAATTTA,0,3516115
tfaE_stfE_predicted,0.1,9,9,GGCTTCGACGCAGTGGAACA,0,3530490
tfaE_stfE_predicted,0.1,9,9,GGCTGGTATTTGCTAACCCA,0,3481112
tfaE_stfE_predicted,0.1,9,9,GGCTCTACCGGTCTAATGAG,0,3489733
tfaE_stfE_predicted,0.1,9,9,GGCTAAAACAAGTAGAGCTC,0,3529577
tfaE_stfE_predicted,0.1,9,9,GGCGTAAATCACTTGTAAGC,0,3537772
tfaE_stfE_predicted,0.1,9,9,GGCGGGTCCCTGTTTTTTAA,0,3502964
tfaE_stfE_predicted,0.1,9,9,GGCGGGCAACCCATACGGTC,0,3467276
tfaE_stfE_predicted,0.1,9,9,GGCGCGCGTTTAACGGCCCA,0,3493397
tfaE_stfE_predicted,0.1,9,9,GGCGCCACGGGGTTTCGATA,0,3534927
tfaE_stfE_predicted,0.1,9,9,GGCGCCAAGAGAGTTAGGGG,0,3495629
tfaE_stfE_predicted,0.1,9,9,GGCGCAATCAAAGAAAGGAT,0,3480362
tfaE_stfE_predicted,0.1,9,9,GGCGAGTCTTAGATGGCAGG,0,3469193
tfaE_stfE_predicted,0.1,9,9,GGCGAGCGGAGTTAATACCA,0,3484076
tfaE_stfE_predicted,0.1,9,9,GGCCTGGCCGGCCCGCTGGA,0,3468829
tfaE_stfE_predicted,0.1,9,9,GGCCAAGTTTAGCCGTCTTT,0,3515195
tfaE_stfE_predicted,0.1,9,9,GGCAGTGTCACCCCATCTGA,0,3519064
tfaE_stfE_predicted,0.1,9,9,GGCACTATTAGCCAGGTCAC,0,3476565
tfaE_stfE_predicted,0.1,9,9,GGCACGGCCGGGCTCTCGCA,0,3495108
tfaE_stfE_predicted,0.1,9,9,GGCAACTAGACGGCCTCAGT,0,3520558
tfaE_stfE_predicted,0.1,9,9,GGATTAGTTGCAGACTTTAC,0,3492606
tfaE_stfE_predicted,0.1,9,9,GGATGGTCTGGGATGATCAA,0,3490463
tfaE_stfE_predicted,0.1,9,9,GGATAAGGGGGTGCATAACA,0,3520668
tfaE_stfE_predicted,0.1,9,9,GGAGTGGAAGTGGATTTGCG,0,3528460
tfaE_stfE_predicted,0.1,9,9,GGAGTACGTTAGGTTGTGCT,0,3477045
tfaE_stfE_predicted,0.1,9,9,GGAGGTGCAAATCAAAATGG,0,3497826
tfaE_stfE_predicted,0.1,9,9,GGAGGACTATCTGGGTGATG,0,3498649
tfaE_stfE_predicted,0.1,9,9,GGAGCTGAGAGAGTAGATGT,0,3532870
tfaE_stfE_predicted,0.1,9,9,GGAGCGACCCAAATTTACTT,0,3525688
tfaE_stfE_predicted,0.1,9,9,GGAGCACTATCTGGGCTGCC,0,3501117
tfaE_stfE_predicted,0.1,9,9,GGACTTCTGCTGTTGATCTG,0,3520782
tfaE_stfE_predicted,0.1,9,9,GGACGTGTGGCCCGTGATGG,0,3485529
tfaE_stfE_predicted,0.1,9,9,GGACACAAAAGGTATACTAG,0,3476322
tfaE_stfE_predicted,0.1,9,9,GGAATGTACGCTCTTCATGG,0,3510890
tfaE_stfE_predicted,0.1,9,9,GGAAATGATTACAGTTGGGT,0,3508028
tfaE_stfE_predicted,0.1,9,9,GCTTTAAACTATGGTTTCGC,0,3535352
tfaE_stfE_predicted,0.1,9,9,GCTTCGTGGGTTCATTTTTG,0,3533504
tfaE_stfE_predicted,0.1,9,9,GCTTCACGACACAGACCACT,0,3478591
tfaE_stfE_predicted,0.1,9,9,GCTGGTAGACGGCCGACGTA,0,3484565
tfaE_stfE_predicted,0.1,9,9,GCTGGGCTCTTATCGTCTGA,0,3502394
tfaE_stfE_predicted,0.1,9,9,GCTGCAATCCACAGGCCACT,0,3537297
tfaE_stfE_predicted,0.1,9,9,GCTCCTTATTGTATGTGACG,0,3468751
tfaE_stfE_predicted,0.1,9,9,GCTCCCGGTCGTATAGTTGG,0,3499378
tfaE_stfE_predicted,0.1,9,9,GCTCACTGTCCACTTGGACA,0,3529471
tfaE_stfE_predicted,0.1,9,9,GCTCAAAACGACACGGTCTA,0,3478050
tfaE_stfE_predicted,0.1,9,9,GCTATGAAGGGCACCTACAT,0,3497254
tfaE_stfE_predicted,0.1,9,9,GCTATCACTTTGTGTGCGCT,0,3492018
tfaE_stfE_predicted,0.1,9,9,GCTAGTACGAATTGTTACCG,0,3522006
tfaE_stfE_predicted,0.1,9,9,GCTAAACGACCTCAGGGCCA,0,3478106
tfaE_stfE_predicted,0.1,9,9,GCGTGTACAGCGCCAGATTC,0,3468450
tfaE_stfE_predicted,0.1,9,9,GCGTGCCAAAGCGAATTACC,0,3487592
tfaE_stfE_predicted,0.1,9,9,GCGTCTGTCTGCCCACGGCT,0,3495077
tfaE_stfE_predicted,0.1,9,9,GCGTCTATCTTCGCTGCATT,0,3535387
tfaE_stfE_predicted,0.1,9,9,GCGTATCCCAGTTGATTTTA,0,3537901
tfaE_stfE_predicted,0.1,9,9,GCGTAGTTTAATGGGGTCTC,0,3535552
tfaE_stfE_predicted,0.1,9,9,GCGGCGCCTTGTCAGGTAAA,0,3518727
tfaE_stfE_predicted,0.1,9,9,GCGCATAGGACGGAAGCCCG,0,3509350
tfaE_stfE_predicted,0.1,9,9,GCGCACTTATCAATAACTCC,0,3490342
tfaE_stfE_predicted,0.1,9,9,GCGATTCGGAATAGTCTGTG,0,3534766
tfaE_stfE_predicted,0.1,9,9,GCCTCAACGTATCCGGCGCT,0,3474139
tfaE_stfE_predicted,0.1,9,9,GCCTACCGCGCAGGCGCTAC,0,3492062
tfaE_stfE_predicted,0.1,9,9,GCCGGATTAGCAATGGTCAA,0,3486456
tfaE_stfE_predicted,0.1,9,9,GCCGCGCCGGAAAAGGCATG,0,3469398
tfaE_stfE_predicted,0.1,9,9,GCCCATCCCCGATGACCTTA,0,3524512
tfaE_stfE_predicted,0.1,9,9,GCCCACTCGCGGACCGTACA,0,3512258
tfaE_stfE_predicted,0.1,9,9,GCCATGTTCCTTTCGTATGT,0,3503429
tfaE_stfE_predicted,0.1,9,9,GCCACTCAAGGATGCACTAT,0,3482524
tfaE_stfE_predicted,0.1,9,9,GCCACAGTGGACCTGTTGAG,0,3484115
tfaE_stfE_predicted,0.1,9,9,GCATCAAAGTGTTCCGTTAC,0,3475829
tfaE_stfE_predicted,0.1,9,9,GCATACTAAGTATGTCATGG,0,3488784
tfaE_stfE_predicted,0.1,9,9,GCAGCGTCTAGACGACCCGT,0,3530585
tfaE_stfE_predicted,0.1,9,9,GCAGAACCAATCCGGCCACG,0,3478221
tfaE_stfE_predicted,0.1,9,9,GCACGGGAGTAACAACAGAG,0,3503659
tfaE_stfE_predicted,0.1,9,9,GCAATAAGACCCCTTAGGGT,0,3510060
tfaE_stfE_predicted,0.1,9,9,GCAAGCTCACGCATTACCGT,0,3496164
tfaE_stfE_predicted,0.1,9,9,GATTTTTTTCTTACAACTAC,0,3470636
tfaE_stfE_predicted,0.1,9,9,GATTTTTCCCTAGGGAGTCA,0,3539634
tfaE_stfE_predicted,0.1,9,9,GATTTTGCTGGCCGGAGGGC,0,3522023
tfaE_stfE_predicted,0.1,9,9,GATTGCCACTGTCTATTCAT,0,3477600
tfaE_stfE_predicted,0.1,9,9,GATTCTCAGAACAAGATACA,0,3528335
tfaE_stfE_predicted,0.1,9,9,GATTCATCCTCGGGGACTTC,0,3504113
tfaE_stfE_predicted,0.1,9,9,GATTAGGGGCTGTCGTCAGA,0,3508021
tfaE_stfE_predicted,0.1,9,9,GATGGCGCAAATGATTTAAT,0,3481349
tfaE_stfE_predicted,0.1,9,9,GATGGAGGGTATAATAGCAT,0,3468955
tfaE_stfE_predicted,0.1,9,9,GATGCGTCTGATACTCGTAT,0,3539116
tfaE_stfE_predicted,0.1,9,9,GATGCGGCGTGATTACTGGT,0,3525956
tfaE_stfE_predicted,0.1,9,9,GATCCTGGATCCTGCCCCGA,0,3493910
tfaE_stfE_predicted,0.1,9,9,GATCCTCTAGCGCAGAACCC,0,3528414
tfaE_stfE_predicted,0.1,9,9,GATCCTATCCGGCAGATTCG,0,3507697
tfaE_stfE_predicted,0.1,9,9,GATAGCAATCTGAGGATTAC,0,3505936
tfaE_stfE_predicted,0.1,9,9,GATAGAGTGCTGCGTTGCGA,0,3475348
tfaE_stfE_predicted,0.1,9,9,GATACTCTGCTGCCACTGGT,0,3522725
tfaE_stfE_predicted,0.1,9,9,GATAACTCTGCTTAAATTAA,0,3501523
tfaE_stfE_predicted,0.1,9,9,GAGTGTCAAATCGCTGAGCT,0,3480692
tfaE_stfE_predicted,0.1,9,9,GAGTCGGAATTAGGATCCGC,0,3534282
tfaE_stfE_predicted,0.1,9,9,GAGTCCGTCAGGGTGCCTAT,0,3494184
tfaE_stfE_predicted,0.1,9,9,GAGGTCCAACCTAGGGTTTT,0,3510677
tfaE_stfE_predicted,0.1,9,9,GAGGTAGTCCTGGTGAGCTA,0,3509784
tfaE_stfE_predicted,0.1,9,9,GAGGCATAATTGTAAGGCTA,0,3528551
tfaE_stfE_predicted,0.1,9,9,GAGGAGGTTCAGCGTCTTCG,0,3480997
tfaE_stfE_predicted,0.1,9,9,GAGCTCAAAGGGTAGCCGAT,0,3483042
tfaE_stfE_predicted,0.1,9,9,GAGCGACCGAAGTCTCATCG,0,3532725
tfaE_stfE_predicted,0.1,9,9,GAGCCCAAAGTCCGCCAGAG,0,3485233
tfaE_stfE_predicted,0.1,9,9,GAGATCTCTCGCGGTTGTGT,0,3540042
tfaE_stfE_predicted,0.1,9,9,GAGAACTAGAGTTTCTGAAA,0,3505591
tfaE_stfE_predicted,0.1,9,9,GACTTACGATGGGCGCAGTT,0,3537636
tfaE_stfE_predicted,0.1,9,9,GACTGTTGTGATCTCCCGCC,0,3536385
tfaE_stfE_predicted,0.1,9,9,GACTGAAGAGTAGGATGGGG,0,3503663
tfaE_stfE_predicted,0.1,9,9,GACTCGGATCAGATTTTCAG,0,3527307
tfaE_stfE_predicted,0.1,9,9,GACGTGTAGGCCGCTGTGCC,0,3515129
tfaE_stfE_predicted,0.1,9,9,GACGTAAATGGTTGAACTAG,0,3534284
tfaE_stfE_predicted,0.1,9,9,GACGGTGCTGTCTCATTGAA,0,3497699
tfaE_stfE_predicted,0.1,9,9,GACGGCGTCACATGTGGCGG,0,3489451
tfaE_stfE_predicted,0.1,9,9,GACGGCCACGGCAGCTTCGC,0,3537902
tfaE_stfE_predicted,0.1,9,9,GACGATTATCCATTCCGTTT,0,3486087
tfaE_stfE_predicted,0.1,9,9,GACCGGGCTAGAGATATGAG,0,3501920
tfaE_stfE_predicted,0.1,9,9,GACCCATATTTGGCTACCTT,0,3500310
tfaE_stfE_predicted,0.1,9,9,GACCACTCCTATGAGAGGAA,0,3514203
tfaE_stfE_predicted,0.1,9,9,GACCACCGTTTTGGTCTTGT,0,3484427
tfaE_stfE_predicted,0.1,9,9,GACACTTCTCGTTGAGTTTG,0,3532912
tfaE_stfE_predicted,0.1,9,9,GACAAGTCCCTGAATCCTAA,0,3514699
tfaE_stfE_predicted,0.1,9,9,GACAAGCTCCTTCGCTGCCA,0,3500540
tfaE_stfE_predicted,0.1,9,9,GACAAATAAATCATCCTTAT,0,3472398
tfaE_stfE_predicted,0.1,9,9,GAATTTCCGAATGTGTGACT,0,3517222
tfaE_stfE_predicted,0.1,9,9,GAATTCGTGTATATCTTGTT,0,3520956
tfaE_stfE_predicted,0.1,9,9,GAATGGGCCGCCGTCGGTGG,0,3479820
tfaE_stfE_predicted,0.1,9,9,GAATCTTACGGGCTCAAGGT,0,3508934
tfaE_stfE_predicted,0.1,9,9,GAATCTGAGTGCGTCTGCAT,0,3537193
tfaE_stfE_predicted,0.1,9,9,GAAGGCGTGAACGGTACGTG,0,3499305
tfaE_stfE_predicted,0.1,9,9,GAACCGTGTTCCCAACTCTT,0,3493653
tfaE_stfE_predicted,0.1,9,9,GAAAGGTGCGATGACTGAGA,0,3503753
tfaE_stfE_predicted,0.1,9,9,GAAACTTTGGCCCCTGTTCT,0,3497777
tfaE_stfE_predicted,0.1,9,9,GAAACTCCGTTGTCTGAATT,0,3529175
tfaE_stfE_predicted,0.1,9,9,GAAAAATAGGTCATGGATAT,0,3505703
tfaE_stfE_predicted,0.1,9,9,CTTTTGTGTTGTATTGCTCC,0,3540421
tfaE_stfE_predicted,0.1,9,9,CTTTTACTAGAGCTATGCGG,0,3530717
tfaE_stfE_predicted,0.1,9,9,CTTTTACCGTAAGGCTGCAA,0,3533600
tfaE_stfE_predicted,0.1,9,9,CTTTCGTCGGTAGCGGCCTC,0,3496512
tfaE_stfE_predicted,0.1,9,9,CTTTCGGCAAGCATTTTTAT,0,3476907
tfaE_stfE_predicted,0.1,9,9,CTTGTCTAGAGATGGAAGGT,0,3496812
tfaE_stfE_predicted,0.1,9,9,CTTGCGTTGGCGAGGTAAAG,0,3483991
tfaE_stfE_predicted,0.1,9,9,CTTGCAGTGCCAGTTTGGCG,0,3498612
tfaE_stfE_predicted,0.1,9,9,CTTGAGTCAAGACCCAAGAA,0,3499968
tfaE_stfE_predicted,0.1,9,9,CTTCTCCCAATGTAAAGTTA,0,3487201
tfaE_stfE_predicted,0.1,9,9,CTTCCTTATTCACACGACTA,0,3514176
tfaE_stfE_predicted,0.1,9,9,CTTCAACCGAAGCCACATGA,0,3480766
tfaE_stfE_predicted,0.1,9,9,CTTATGTGATAAATGCAAAA,0,3517657
tfaE_stfE_predicted,0.1,9,9,CTTATGGACTCTTGCAGCTT,0,3489288
tfaE_stfE_predicted,0.1,9,9,CTTAGCGATTGTTTGACGCC,0,3532095
tfaE_stfE_predicted,0.1,9,9,CTTACCTAACCGGAATGCTC,0,3503889
tfaE_stfE_predicted,0.1,9,9,CTTAACCGGTGTGCCTGCCA,0,3471605
tfaE_stfE_predicted,0.1,9,9,CTGTTTAAATTTGAAGTCGG,0,3520698
tfaE_stfE_predicted,0.1,9,9,CTGTTCCACTTACATGGATC,0,3510283
tfaE_stfE_predicted,0.1,9,9,CTGTGTTATGGGGCGTTGCT,0,3535261
tfaE_stfE_predicted,0.1,9,9,CTGTGAAACTCAACACGTTC,0,3533438
tfaE_stfE_predicted,0.1,9,9,CTGTACTCATATACCGGCCA,0,3479472
tfaE_stfE_predicted,0.1,9,9,CTGGTTTGCAGCAGGGTGTG,0,3500336
tfaE_stfE_predicted,0.1,9,9,CTGGTAGTCCTTGATTACCT,0,3515446
tfaE_stfE_predicted,0.1,9,9,CTGGGATTCGCGCAGCCTTC,0,3523620
tfaE_stfE_predicted,0.1,9,9,CTGGCCGTCTCTTGAACTGT,0,3521201
tfaE_stfE_predicted,0.1,9,9,CTGGCCCGCGTCCATAGGCC,0,3489041
tfaE_stfE_predicted,0.1,9,9,CTGGATTGCGATGGCAGATA,0,3469920
tfaE_stfE_predicted,0.1,9,9,CTGCTAGATTCGCTCGGTCT,0,3533220
tfaE_stfE_predicted,0.1,9,9,CTGCGCGTGCGTAAAGTTAG,0,3522371
tfaE_stfE_predicted,0.1,9,9,CTGCCCCGAGGAACCAAGCT,0,3506559
tfaE_stfE_predicted,0.1,9,9,CTGATTAGTTATCATGGACG,0,3522631
tfaE_stfE_predicted,0.1,9,9,CTGAGAGATCTGCCTGATAA,0,3501349
tfaE_stfE_predicted,0.1,9,9,CTGAAGGATCCTGTAAGGTC,0,3478792
tfaE_stfE_predicted,0.1,9,9,CTCTTATTCGGCCTAGCTTC,0,3500666
tfaE_stfE_predicted,0.1,9,9,CTCTGGAATGTTGTTAGACT,0,3517874
tfaE_stfE_predicted,0.1,9,9,CTCTCGGCGTGCCAACCACG,0,3505343
tfaE_stfE_predicted,0.1,9,9,CTCGTTTTCGGATAATCGGG,0,3501248
tfaE_stfE_predicted,0.1,9,9,CTCGTTTATGGTCTCCGGTG,0,3467250
tfaE_stfE_predicted,0.1,9,9,CTCGTGGCCAATGACGCGGC,0,3515843
tfaE_stfE_predicted,0.1,9,9,CTCGCACAATACACCTCCGT,0,3516762
tfaE_stfE_predicted,0.1,9,9,CTCGACTGAGATCATCAGAA,0,3481686
tfaE_stfE_predicted,0.1,9,9,CTCCGGAGTCCACTACGGTA,0,3506080
tfaE_stfE_predicted,0.1,9,9,CTCCGCAAGAGTATTCGCTC,0,3516780
tfaE_stfE_predicted,0.1,9,9,CTCCCGGATTCGGTCCAGTA,0,3494228
tfaE_stfE_predicted,0.1,9,9,CTCCCACCTCAATTTGAGTT,0,3493781
tfaE_stfE_predicted,0.1,9,9,CTCCAGAATGGATAGGGAGT,0,3487884
tfaE_stfE_predicted,0.1,9,9,CTCAGTTAAATACCTTGTTC,0,3533653
tfaE_stfE_predicted,0.1,9,9,CTCAATATGAGATATTGTAT,0,3478002
tfaE_stfE_predicted,0.1,9,9,CTATGTGCCGCCAATTAACA,0,3474024
tfaE_stfE_predicted,0.1,9,9,CTATGCGGGAAATTATTGGA,0,3470236
tfaE_stfE_predicted,0.1,9,9,CTATGACGAGTTCAATAATT,0,3528752
tfaE_stfE_predicted,0.1,9,9,CTATAGCTAACTGGCACCCG,0,3532937
tfaE_stfE_predicted,0.1,9,9,CTAGTTTCCGATCCATGCGG,0,3523831
tfaE_stfE_predicted,0.1,9,9,CTAGTAATCAACCCCGGGTC,0,3507892
tfaE_stfE_predicted,0.1,9,9,CTAGGGTACGGTCCCCCTCG,0,3467877
tfaE_stfE_predicted,0.1,9,9,CTAGGGCATTTTGAGTGACA,0,3505217
tfaE_stfE_predicted,0.1,9,9,CTAGAAGCATCAGGCGACCA,0,3521325
tfaE_stfE_predicted,0.1,9,9,CTACTGGCGCTCTACGCACG,0,3494303
tfaE_stfE_predicted,0.1,9,9,CTACGCTTTGGTCAGTGAGG,0,3485958
tfaE_stfE_predicted,0.1,9,9,CTACCGTCTCCGTCGCTTGT,0,3539544
tfaE_stfE_predicted,0.1,9,9,CTACCCGGCCACCTGTTGAC,0,3536499
tfaE_stfE_predicted,0.1,9,9,CTACAGTGGCAACAGTTCGT,0,3493530
tfaE_stfE_predicted,0.1,9,9,CTACAAACGGACCGATTTTT,0,3506873
tfaE_stfE_predicted,0.1,9,9,CTAATTGCACTCCCCCGTGA,0,3491031
tfaE_stfE_predicted,0.1,9,9,CTAAGGCATGGGCTGCAGCG,0,3535630
tfaE_stfE_predicted,0.1,9,9,CTAAGCCGGACAGCTTATCA,0,3501924
tfaE_stfE_predicted,0.1,9,9,CTAACATTAGGCATGAGATC,0,3521737
tfaE_stfE_predicted,0.1,9,9,CTAAAAAACTTAGAGTCTTG,0,3499240
tfaE_stfE_predicted,0.1,9,9,CGTTGCAATCGTCCGTCTGA,0,3528327
tfaE_stfE_predicted,0.1,9,9,CGTTCCGGGTCCACGAGTTA,0,3483752
tfaE_stfE_predicted,0.1,9,9,CGTTCCACAAGATAGTCCAT,0,3504663
tfaE_stfE_predicted,0.1,9,9,CGTTAACCTAGTCTCGCGTT,0,3530083
tfaE_stfE_predicted,0.1,9,9,CGTGTGTTACGGACGTAGGT,0,3498095
tfaE_stfE_predicted,0.1,9,9,CGTGTAGTGTCCCGTGATTC,0,3520089
tfaE_stfE_predicted,0.1,9,9,CGTGGATACACGGGGAAGGA,0,3467353
tfaE_stfE_predicted,0.1,9,9,CGTGAAGGCTAGTCTACCGT,0,3480299
tfaE_stfE_predicted,0.1,9,9,CGTCTAAAAGGGGGTGACAA,0,3512207
tfaE_stfE_predicted,0.1,9,9,CGTCGCATTTTATCGGGCGT,0,3536349
tfaE_stfE_predicted,0.1,9,9,CGTCCAGGGGGCGGTACGTA,0,3492931
tfaE_stfE_predicted,0.1,9,9,CGTCAAGGAACACCCGAGAC,0,3472442
tfaE_stfE_predicted,0.1,9,9,CGTATGATAGTCCAGTAAGC,0,3529946
tfaE_stfE_predicted,0.1,9,9,CGTAGACGGTACTCAGGGGA,0,3484905
tfaE_stfE_predicted,0.1,9,9,CGTAAAGGTCGTAGTATAAG,0,3523562
tfaE_stfE_predicted,0.1,9,9,CGGTTTCTACTCCTGCACCA,0,3523590
tfaE_stfE_predicted,0.1,9,9,CGGTTAAACGTGTGGAGGGG,0,3528937
tfaE_stfE_predicted,0.1,9,9,CGGTGAGACGGCAACGCACA,0,3510578
tfaE_stfE_predicted,0.1,9,9,CGGTCGGTTCGCAATCGGGT,0,3494496
tfaE_stfE_predicted,0.1,9,9,CGGTATATGTCATGCACACT,0,3476896
tfaE_stfE_predicted,0.1,9,9,CGGTAATTCAACGCATAACC,0,3535323
tfaE_stfE_predicted,0.1,9,9,CGGGCTATCAAAACTGTCCT,0,3469988
tfaE_stfE_predicted,0.1,9,9,CGGGCGGAGGCCTCTATATT,0,3535478
tfaE_stfE_predicted,0.1,9,9,CGGGCACGTATATTATGCAG,0,3505509
tfaE_stfE_predicted,0.1,9,9,CGGCTTTCGTTCCACCATAC,0,3471983
tfaE_stfE_predicted,0.1,9,9,CGGCTGTCCAAACACAACAA,0,3497146
tfaE_stfE_predicted,0.1,9,9,CGGCTCAGATAAAGTAGTTA,0,3520255
tfaE_stfE_predicted,0.1,9,9,CGGCTCAAGTAAAGTAATAT,0,3470024
tfaE_stfE_predicted,0.1,9,9,CGGATTTAAGTGAAGTACGT,0,3521891
tfaE_stfE_predicted,0.1,9,9,CGGATTAATTTATTATTCGT,0,3523172
tfaE_stfE_predicted,0.1,9,9,CGGACTGACCGTACTGAAGA,0,3491285
tfaE_stfE_predicted,0.1,9,9,CGCTTTCTTTCCGTGCTATT,0,3467871
tfaE_stfE_predicted,0.1,9,9,CGCTTCATCCCTGAAAAACT,0,3540698
tfaE_stfE_predicted,0.1,9,9,CGCTGCGTCTTCGAGTGGGG,0,3479680
tfaE_stfE_predicted,0.1,9,9,CGCTCCAGCATGGTAGGGTA,0,3473972
tfaE_stfE_predicted,0.1,9,9,CGCTCACAACGCACGAGGCC,0,3478331
tfaE_stfE_predicted,0.1,9,9,CGCTAGACTGGTCAGTGGGG,0,3488796
tfaE_stfE_predicted,0.1,9,9,CGCGTGGAGAATTATGGGTT,0,3516308
tfaE_stfE_predicted,0.1,9,9,CGCGTGAGCGCTCAATTATG,0,3533201
tfaE_stfE_predicted,0.1,9,9,CGCGGGATACGACCCGACCT,0,3524820
tfaE_stfE_predicted,0.1,9,9,CGCGCAACCCTCTCCGCACG,0,3507942
tfaE_stfE_predicted,0.1,9,9,CGCGAAGATTATAGATGTCT,0,3468830
tfaE_stfE_predicted,0.1,9,9,CGCCAGGCACATGTCCACAT,0,3484205
tfaE_stfE_predicted,0.1,9,9,CGCCACGGGAGACCGTGCTG,0,3509540
tfaE_stfE_predicted,0.1,9,9,CGCAGCTTCGACAAGAACTA,0,3539970
tfaE_stfE_predicted,0.1,9,9,CGCACGGCTGGACGGCGTCA,0,3524580
tfaE_stfE_predicted,0.1,9,9,CGCAAGTCCGTTAGTGTAGA,0,3466466
tfaE_stfE_predicted,0.1,9,9,CGATTCTCAGACCATTAGGA,0,3482241
tfaE_stfE_predicted,0.1,9,9,CGATTCCGAAGAGTACTCTG,0,3475013
tfaE_stfE_predicted,0.1,9,9,CGATAGTGATATCTATAGTA,0,3512823
tfaE_stfE_predicted,0.1,9,9,CGAGCTACGACCGGTTGGCA,0,3506040
tfaE_stfE_predicted,0.1,9,9,CGAGAATTGAGGGTCACCCA,0,3488070
tfaE_stfE_predicted,0.1,9,9,CGACCTTGGCCGATCTTCGT,0,3494528
tfaE_stfE_predicted,0.1,9,9,CGACAGTGTTGAAAGGCATA,0,3527339
tfaE_stfE_predicted,0.1,9,9,CGACACATTGGGGCCATTAC,0,3468480
tfaE_stfE_predicted,0.1,9,9,CCTTGTCTCAGACATTCTGC,0,3489463
tfaE_stfE_predicted,0.1,9,9,CCTTCCCATTTAAGGTAGAA,0,3509785
tfaE_stfE_predicted,0.1,9,9,CCTGTGCAGAATTCCGGCCC,0,3535670
tfaE_stfE_predicted,0.1,9,9,CCTGGTATGAGTCTAGTGAT,0,3469996
tfaE_stfE_predicted,0.1,9,9,CCTGGTAAGCTTCACAGCCA,0,3507930
tfaE_stfE_predicted,0.1,9,9,CCTGGGGATGTATAGGTTCT,0,3525918
tfaE_stfE_predicted,0.1,9,9,CCTGCGGTAACATTCAGCTG,0,3471154
tfaE_stfE_predicted,0.1,9,9,CCTCTTGGAGGTGAGTGCAG,0,3468951
tfaE_stfE_predicted,0.1,9,9,CCTCTATTTAGAAGGGCTAA,0,3470958
tfaE_stfE_predicted,0.1,9,9,CCTCGTTTACATCCACGGAT,0,3515902
tfaE_stfE_predicted,0.1,9,9,CCTCCGAGCAAAGGGCGAGT,0,3510273
tfaE_stfE_predicted,0.1,9,9,CCTCCCGAGTTTCCCGATTT,0,3515019
tfaE_stfE_predicted,0.1,9,9,CCTCATTATACCTACCCGAT,0,3534412
tfaE_stfE_predicted,0.1,9,9,CCTATTCCTTTAGGCTTCCA,0,3503866
tfaE_stfE_predicted,0.1,9,9,CCTATCATGCCGAGAGTCCG,0,3475784
tfaE_stfE_predicted,0.1,9,9,CCTAGGGATCTGTCCTGGCA,0,3517365
tfaE_stfE_predicted,0.1,9,9,CCTAATTATTTCACACTCTC,0,3520032
tfaE_stfE_predicted,0.1,9,9,CCTAATAATGCTTGCGACCT,0,3533293
tfaE_stfE_predicted,0.1,9,9,CCGTGGTGAGGGACGTGCAT,0,3481844
tfaE_stfE_predicted,0.1,9,9,CCGTGCAGAAGAAGTTTGGT,0,3482114
tfaE_stfE_predicted,0.1,9,9,CCGTAGTTAACACAGGTGCT,0,3486938
tfaE_stfE_predicted,0.1,9,9,CCGTACCATGTTTCACTGCT,0,3522615
tfaE_stfE_predicted,0.1,9,9,CCGGTCATCCTTGTCTTCAA,0,3504938
tfaE_stfE_predicted,0.1,9,9,CCGGGCACCGAAGAGGCATG,0,3486772
tfaE_stfE_predicted,0.1,9,9,CCGGCAATTGGAGAGGCAGC,0,3496756
tfaE_stfE_predicted,0.1,9,9,CCGGAGCCTTGGCCAGATAA,0,3534151
tfaE_stfE_predicted,0.1,9,9,CCGCTTGTCCACAACGAAAG,0,3526308
tfaE_stfE_predicted,0.1,9,9,CCGCTTCACTCAAAGCGGGT,0,3531989
tfaE_stfE_predicted,0.1,9,9,CCGCGTAATAACCTAAGGTC,0,3510286
tfaE_stfE_predicted,0.1,9,9,CCGCGCCCCGATCCATTACA,0,3490047
tfaE_stfE_predicted,0.1,9,9,CCGCACGTCCTCAGTCCCGG,0,3481342
tfaE_stfE_predicted,0.1,9,9,CCGACGTGGAGTATGTCCGG,0,3489194
tfaE_stfE_predicted,0.1,9,9,CCGAATTTAGATCGCCGGCG,0,3485921
tfaE_stfE_predicted,0.1,9,9,CCCTTTACGGAGTTAGGAAT,0,3470774
tfaE_stfE_predicted,0.1,9,9,CCCTTTAATCAGGACGCGCC,0,3506596
tfaE_stfE_predicted,0.1,9,9,CCCTGTTGGCGGACTTTGCG,0,3474890
tfaE_stfE_predicted,0.1,9,9,CCCTGATCACGCGGTATGAC,0,3522587
tfaE_stfE_predicted,0.1,9,9,CCCTCGGTGTCATAGGTTGC,0,3523603
tfaE_stfE_predicted,0.1,9,9,CCCTCCGTAAATTCAGTGTG,0,3508973
tfaE_stfE_predicted,0.1,9,9,CCCTATCCGGTTTGTTCATA,0,3498871
tfaE_stfE_predicted,0.1,9,9,CCCTAACTGGCCAGGAGCGT,0,3520428
tfaE_stfE_predicted,0.1,9,9,CCCGTGGCTCTGTTGGCAGA,0,3522103
tfaE_stfE_predicted,0.1,9,9,CCCGTGAGTAGGTAAATCTA,0,3537132
tfaE_stfE_predicted,0.1,9,9,CCCCATTACCCTAAGCCCTG,0,3525302
tfaE_stfE_predicted,0.1,9,9,CCCCAGAGGGTGTCAGTTCC,0,3495580
tfaE_stfE_predicted,0.1,9,9,CCCATTGCACACAATTTCAG,0,3509047
tfaE_stfE_predicted,0.1,9,9,CCCAGTTAGAGGCTATACTG,0,3535365
tfaE_stfE_predicted,0.1,9,9,CCCAGGGAGTTGGAGCAATG,0,3519327
tfaE_stfE_predicted,0.1,9,9,CCCACCCTGCTCACTCCAAA,0,3521882
tfaE_stfE_predicted,0.1,9,9,CCCAAATCGAACAGACGGGA,0,3502962
tfaE_stfE_predicted,0.1,9,9,CCATTCCTGTGGCCATCCTT,0,3488301
tfaE_stfE_predicted,0.1,9,9,CCATCCAGAGGCGAGTGCGC,0,3497421
tfaE_stfE_predicted,0.1,9,9,CCATAACACTAGGATTTCGG,0,3500678
tfaE_stfE_predicted,0.1,9,9,CCATAAACTTTTACCATGGC,0,3491868
tfaE_stfE_predicted,0.1,9,9,CCAGTGCAAAGGCTATACGA,0,3520295
tfaE_stfE_predicted,0.1,9,9,CCAGTATCAATCATTGTTTT,0,3484212
tfaE_stfE_predicted,0.1,9,9,CCACGGATCACACGAAAGAG,0,3487580
tfaE_stfE_predicted,0.1,9,9,CCACAGTAACGCTTGTGATA,0,3533932
tfaE_stfE_predicted,0.1,9,9,CCAACTCTCCGAATCTTTGG,0,3513228
tfaE_stfE_predicted,0.1,9,9,CATTACGTTTTGTGCCTGCT,0,3502811
tfaE_stfE_predicted,0.1,9,9,CATGTTGGTACCGTCGAAGG,0,3492788
tfaE_stfE_predicted,0.1,9,9,CATGTTCGTTGCGTCTACGT,0,3527685
tfaE_stfE_predicted,0.1,9,9,CATGGTTGATGCACACCTAC,0,3483182
tfaE_stfE_predicted,0.1,9,9,CATGCATAACTTTCGTATTC,0,3511657
tfaE_stfE_predicted,0.1,9,9,CATGATGGTAACCAACTTTG,0,3480275
tfaE_stfE_predicted,0.1,9,9,CATCCTAAGTTGTTCGGGTT,0,3524799
tfaE_stfE_predicted,0.1,9,9,CATCCGGGGGCACAAGGGCC,0,3497400
tfaE_stfE_predicted,0.1,9,9,CATATTAAAAGATGGGATAT,0,3478562
tfaE_stfE_predicted,0.1,9,9,CATATGGTCTCAACCTATCA,0,3486154
tfaE_stfE_predicted,0.1,9,9,CATATCCCCAATGAGACGAC,0,3504014
tfaE_stfE_predicted,0.1,9,9,CATAGTTTTTGCTATCGTCA,0,3506494
tfaE_stfE_predicted,0.1,9,9,CATAGGAACACCCGTCGAAC,0,3530445
tfaE_stfE_predicted,0.1,9,9,CATACCAACGCCGATCTAGA,0,3501363
tfaE_stfE_predicted,0.1,9,9,CAGTGGTATGTGCATATAAA,0,3530670
tfaE_stfE_predicted,0.1,9,9,CAGTCGCAACTGAATGAGTT,0,3492308
tfaE_stfE_predicted,0.1,9,9,CAGTCCCAGGGTATCGGCAA,0,3512701
tfaE_stfE_predicted,0.1,9,9,CAGTCAGGGAGTGGTAAGTA,0,3469596
tfaE_stfE_predicted,0.1,9,9,CAGTATGAAATACAGAACAT,0,3491417
tfaE_stfE_predicted,0.1,9,9,CAGGTCAACAGCCGAAGCGA,0,3504692
tfaE_stfE_predicted,0.1,9,9,CAGGGTCGGGATCCGATCCC,0,3534769
tfaE_stfE_predicted,0.1,9,9,CAGGCCTTGAGGAAAAAGGA,0,3492277
tfaE_stfE_predicted,0.1,9,9,CAGGAGCAGTTCAGTCAGAC,0,3490373
tfaE_stfE_predicted,0.1,9,9,CAGGAGAAAGGGCCACTTGG,0,3524861
tfaE_stfE_predicted,0.1,9,9,CAGGAACTAAAACAGCGGTG,0,3524700
tfaE_stfE_predicted,0.1,9,9,CAGCGTGTATTTGGTAAGGA,0,3498321
tfaE_stfE_predicted,0.1,9,9,CAGCATATGTAATCACTCAA,0,3498019
tfaE_stfE_predicted,0.1,9,9,CAGATCTACTCGGAAATGCT,0,3490169
tfaE_stfE_predicted,0.1,9,9,CAGAGGCCGTAACGCGCATC,0,3530862
tfaE_stfE_predicted,0.1,9,9,CAGACTAGGCAGGACCGGAC,0,3522475
tfaE_stfE_predicted,0.1,9,9,CAGACCATAATCGTTAACTA,0,3475199
tfaE_stfE_predicted,0.1,9,9,CAGACAACAACGTCGGACGA,0,3514540
tfaE_stfE_predicted,0.1,9,9,CAGAATTCGGCGCGGCAGTC,0,3466987
tfaE_stfE_predicted,0.1,9,9,CAGAAAGAGGCGTGCGTGTG,0,3466400
tfaE_stfE_predicted,0.1,9,9,CACTGGGATCGTTCGCCTTA,0,3473084
tfaE_stfE_predicted,0.1,9,9,CACTCGCCTGGTCGGCCACG,0,3473189
tfaE_stfE_predicted,0.1,9,9,CACTCCGAGAGCCGAGGACG,0,3471210
tfaE_stfE_predicted,0.1,9,9,CACGTTCGGCTATTTGCGTG,0,3525718
tfaE_stfE_predicted,0.1,9,9,CACGTTAAGAGTAACTATTC,0,3468384
tfaE_stfE_predicted,0.1,9,9,CACGTAATGGTATGTTCAGT,0,3485707
tfaE_stfE_predicted,0.1,9,9,CACGGGGGTTCTAAACGGGA,0,3506984
tfaE_stfE_predicted,0.1,9,9,CACGCGTTCCGTTCGCCTTA,0,3488679
tfaE_stfE_predicted,0.1,9,9,CACGCCTGCGGTGGGCATAT,0,3517496
tfaE_stfE_predicted,0.1,9,9,CACGCCGCTTCCTGAGTGTT,0,3531189
tfaE_stfE_predicted,0.1,9,9,CACGACGAGAACTTCCCAGG,0,3532638
tfaE_stfE_predicted,0.1,9,9,CACCTGCGGATTGTTTGTCT,0,3539827
tfaE_stfE_predicted,0.1,9,9,CACCTACGCCAACGGCTAAA,0,3500089
tfaE_stfE_predicted,0.1,9,9,CACCCCCCGCGGTAATAAAT,0,3514995
tfaE_stfE_predicted,0.1,9,9,CACCAGTTGATCACGAAATT,0,3487447
tfaE_stfE_predicted,0.1,9,9,CACCAGGTATGACACGGAAT,0,3473061
tfaE_stfE_predicted,0.1,9,9,CACCAGGCCGCTCAAGCTTT,0,3473516
tfaE_stfE_predicted,0.1,9,9,CACCAGGACCAGCAACGTCA,0,3519702
tfaE_stfE_predicted,0.1,9,9,CACATCGCGGTAGCTAAACA,0,3499548
tfaE_stfE_predicted,0.1,9,9,CACAGTTCAGATACGAATGA,0,3508692
tfaE_stfE_predicted,0.1,9,9,CAATTCGACTTCCTTATCTC,0,3541017
tfaE_stfE_predicted,0.1,9,9,CAATCACATGGCATTGTGTA,0,3533321
tfaE_stfE_predicted,0.1,9,9,CAAGTCACACGGCGATCTGA,0,3468546
tfaE_stfE_predicted,0.1,9,9,CAAGGGATCGCACAGTGCTA,0,3504833
tfaE_stfE_predicted,0.1,9,9,CAAGCCTTCTTTACCACCGT,0,3503581
tfaE_stfE_predicted,0.1,9,9,CAACAACAGATCCGAACTAT,0,3532896
tfaE_stfE_predicted,0.1,9,9,CAAATACTGTAGGGGTGTAC,0,3491023
tfaE_stfE_predicted,0.1,9,9,CAAAATACCACGGACCTTAT,0,3503203
tfaE_stfE_predicted,0.1,9,9,ATTTTCCAGTTGGGCCGCGA,0,3525902
tfaE_stfE_predicted,0.1,9,9,ATTTGATCAGGCCGGGAGCT,0,3535507
tfaE_stfE_predicted,0.1,9,9,ATTTCCGAAGGCGTCTCTTC,0,3481513
tfaE_stfE_predicted,0.1,9,9,ATTGGTAAACCCTTTCTTCA,0,3513596
tfaE_stfE_predicted,0.1,9,9,ATTGATTTGCAAATCGAGAC,0,3526763
tfaE_stfE_predicted,0.1,9,9,ATTGATGAGCTGCGAACGAG,0,3532039
tfaE_stfE_predicted,0.1,9,9,ATTGATCCACATATTGATGA,0,3466505
tfaE_stfE_predicted,0.1,9,9,ATTGAGTTCCCTCGTTGACA,0,3496439
tfaE_stfE_predicted,0.1,9,9,ATTGAACCAGTGTAGTTTAT,0,3500829
tfaE_stfE_predicted,0.1,9,9,ATTCTTTTGAATTTGGAGTA,0,3493190
tfaE_stfE_predicted,0.1,9,9,ATTCTTCTGCAGAAGGGGTT,0,3522112
tfaE_stfE_predicted,0.1,9,9,ATTCTAGTGCATTGTCACAC,0,3516387
tfaE_stfE_predicted,0.1,9,9,ATTCGACACGGCTCCGGGAG,0,3530695
tfaE_stfE_predicted,0.1,9,9,ATTCCCACCCATAACAGGGT,0,3538246
tfaE_stfE_predicted,0.1,9,9,ATTCATTGTGGTCTCCAGTT,0,3491743
tfaE_stfE_predicted,0.1,9,9,ATTCAGACTCATACGACTTT,0,3483986
tfaE_stfE_predicted,0.1,9,9,ATTATAGCCTACGTGCTGCT,0,3466991
tfaE_stfE_predicted,0.1,9,9,ATTAGTCCCGGGGCATACCA,0,3524238
tfaE_stfE_predicted,0.1,9,9,ATTAAACTTAGTCATTGCCA,0,3534615
tfaE_stfE_predicted,0.1,9,9,ATGTGAGATGCTCCCTGCAG,0,3471120
tfaE_stfE_predicted,0.1,9,9,ATGTCAACACTGTCTTCTGG,0,3493285
tfaE_stfE_predicted,0.1,9,9,ATGTAGGTTTCCCCCGCAAT,0,3470895
tfaE_stfE_predicted,0.1,9,9,ATGGTTTATTTCCCATCCAG,0,3540810
tfaE_stfE_predicted,0.1,9,9,ATGGTGGGTTACGATTAGTT,0,3523505
tfaE_stfE_predicted,0.1,9,9,ATGGTCTTTACCCGTTATTC,0,3478171
tfaE_stfE_predicted,0.1,9,9,ATGGTCAATAGTGGGATAAT,0,3497697
tfaE_stfE_predicted,0.1,9,9,ATGGGCCGGAACAGCGCAGC,0,3505744
tfaE_stfE_predicted,0.1,9,9,ATGCGAGTCTGGGACTTGTC,0,3466940
tfaE_stfE_predicted,0.1,9,9,ATGCCAAGCTCTTAAGAAAC,0,3485450
tfaE_stfE_predicted,0.1,9,9,ATGCAGTGCCCGAGCAAACC,0,3486871
tfaE_stfE_predicted,0.1,9,9,ATGCAGGCTCAATTCGCTAT,0,3511037
tfaE_stfE_predicted,0.1,9,9,ATGATTGGAGGCGGCAGGGA,0,3530671
tfaE_stfE_predicted,0.1,9,9,ATGATCTTAAGACAGGTTTT,0,3484916
tfaE_stfE_predicted,0.1,9,9,ATGATCGCTGTCGTACATAT,0,3476886
tfaE_stfE_predicted,0.1,9,9,ATGAGGGTCAAAAACGCATT,0,3496601
tfaE_stfE_predicted,0.1,9,9,ATGACCTACTGCCTATACAC,0,3518923
tfaE_stfE_predicted,0.1,9,9,ATCGTTCACTTCTACCGCAT,0,3532177
tfaE_stfE_predicted,0.1,9,9,ATCGGTACTCGGGTCGTCGT,0,3513498
tfaE_stfE_predicted,0.1,9,9,ATCGCGTCTATTCTTCAAAT,0,3488573
tfaE_stfE_predicted,0.1,9,9,ATCCGGCAATAAGTTCTGTT,0,3482829
tfaE_stfE_predicted,0.1,9,9,ATCCGGATGAATGCTGTCGT,0,3471023
tfaE_stfE_predicted,0.1,9,9,ATCCCCATGGAGTGGCCCGT,0,3519332
tfaE_stfE_predicted,0.1,9,9,ATCCCCAGAATATGCCTAGG,0,3505324
tfaE_stfE_predicted,0.1,9,9,ATCCAGTCAGAAAGCAGTGG,0,3506876
tfaE_stfE_predicted,0.1,9,9,ATCATTAGGGAAACTTGGTA,0,3503529
tfaE_stfE_predicted,0.1,9,9,ATCAGTTCAGCGCTTACCAC,0,3488524
tfaE_stfE_predicted,0.1,9,9,ATCACTAGCCTATCAGATAG,0,3485961
tfaE_stfE_predicted,0.1,9,9,ATATAGTTAACAATTCGTAC,0,3499231
tfaE_stfE_predicted,0.1,9,9,ATATACTTCTAGCAGCTCTG,0,3499014
tfaE_stfE_predicted,0.1,9,9,ATAGCTTCTAGCGACTCTTC,0,3537847
tfaE_stfE_predicted,0.1,9,9,ATAGATTTTACACACGGCAT,0,3515718
tfaE_stfE_predicted,0.1,9,9,ATAGACAATTCAATTAGGAC,0,3518364
tfaE_stfE_predicted,0.1,9,9,ATACCAAACTATGTAAGATT,0,3469008
tfaE_stfE_predicted,0.1,9,9,ATAATGCAGACCCCTCCTAG,0,3498275
tfaE_stfE_predicted,0.1,9,9,ATAAGTGGTTAAAATCTCTT,0,3515477
tfaE_stfE_predicted,0.1,9,9,ATAAGCGAACGGTCGGTGGC,0,3496152
tfaE_stfE_predicted,0.1,9,9,ATAACCTAGGGTAGAGTAGG,0,3469157
tfaE_stfE_predicted,0.1,9,9,ATAACATCACTTTATTAAAT,0,3499495
tfaE_stfE_predicted,0.1,9,9,ATAAACTGCGCAGTCGTTAT,0,3491627
tfaE_stfE_predicted,0.1,9,9,AGTTTACTGAGGCCGGGGAC,0,3468044
tfaE_stfE_predicted,0.1,9,9,AGTTGCCGACTGTGAAGTAC,0,3537977
tfaE_stfE_predicted,0.1,9,9,AGTTCTGTAACCGTAATGAA,0,3521715
tfaE_stfE_predicted,0.1,9,9,AGTGTGTGTCGTTGCGGAAC,0,3516563
tfaE_stfE_predicted,0.1,9,9,AGTGCGCGACCGGTTGTCAC,0,3525883
tfaE_stfE_predicted,0.1,9,9,AGTGAAGCGACTCAATTAAG,0,3518595
tfaE_stfE_predicted,0.1,9,9,AGTCTATACAGAATAGATAC,0,3491941
tfaE_stfE_predicted,0.1,9,9,AGTATTCTTGAAGGAAATAA,0,3509638
tfaE_stfE_predicted,0.1,9,9,AGTATAGAAAACTCACCTGA,0,3506639
tfaE_stfE_predicted,0.1,9,9,AGTATAAATGAGTGAATGCT,0,3498022
tfaE_stfE_predicted,0.1,9,9,AGTAGATGTTCTGGTAGACA,0,3508350
tfaE_stfE_predicted,0.1,9,9,AGTACCTACGTACGAAGAGC,0,3514776
tfaE_stfE_predicted,0.1,9,9,AGTAAGAATCACCTAGCGTA,0,3532349
tfaE_stfE_predicted,0.1,9,9,AGTAACGGAAAAGAGGACTC,0,3502867
tfaE_stfE_predicted,0.1,9,9,AGGTTGGTTCGTGCTGGACT,0,3477932
tfaE_stfE_predicted,0.1,9,9,AGGTCGGGACGCGGTGTTTG,0,3501434
tfaE_stfE_predicted,0.1,9,9,AGGTCCCTTGGTCTAGTTCA,0,3511863
tfaE_stfE_predicted,0.1,9,9,AGGTATAAAGGGGTCCATGG,0,3523251
tfaE_stfE_predicted,0.1,9,9,AGGGTTTATCTGCACGGGGC,0,3515015
tfaE_stfE_predicted,0.1,9,9,AGGGTAGTCAGTTGGGCAAC,0,3527046
tfaE_stfE_predicted,0.1,9,9,AGGGGTGGTGAGCATTGTGC,0,3537041
tfaE_stfE_predicted,0.1,9,9,AGGGCTTTACTTGCCAAGAG,0,3471607
tfaE_stfE_predicted,0.1,9,9,AGGGCATGTGAGGCGTCGAA,0,3529445
tfaE_stfE_predicted,0.1,9,9,AGGGATAGTTGACCGGCACC,0,3477602
tfaE_stfE_predicted,0.1,9,9,AGGCTCAAGCTAAAATGGGA,0,3540554
tfaE_stfE_predicted,0.1,9,9,AGGCGGCGTGAGGGTAAGGC,0,3531221
tfaE_stfE_predicted,0.1,9,9,AGGCCGTGCAGACATTCGAG,0,3485680
tfaE_stfE_predicted,0.1,9,9,AGGAGGGGAGAAGCGGTTCT,0,3521955
tfaE_stfE_predicted,0.1,9,9,AGGACACCAACGGCTGCATG,0,3497888
tfaE_stfE_predicted,0.1,9,9,AGCTTTTTGAGTCGAAGGTC,0,3499314
tfaE_stfE_predicted,0.1,9,9,AGCTTTTGATCGTACCGCAT,0,3534991
tfaE_stfE_predicted,0.1,9,9,AGCTGTAGTTCAACCACTAT,0,3512750
tfaE_stfE_predicted,0.1,9,9,AGCTGCCCAACTCGCGTTGC,0,3474342
tfaE_stfE_predicted,0.1,9,9,AGCTAATCAGTCGAGCAAGC,0,3476564
tfaE_stfE_predicted,0.1,9,9,AGCGCGACCGCGTATGACTC,0,3486561
tfaE_stfE_predicted,0.1,9,9,AGCGCAATTACGGATAGACG,0,3484255
tfaE_stfE_predicted,0.1,9,9,AGCGATTGGTATCAGTTCCA,0,3528408
tfaE_stfE_predicted,0.1,9,9,AGCCTATAGATCGTGAAAAA,0,3503357
tfaE_stfE_predicted,0.1,9,9,AGCCCGCAAAGCGTTGAAAC,0,3527303
tfaE_stfE_predicted,0.1,9,9,AGCATACGAACTCTGTCGAA,0,3480845
tfaE_stfE_predicted,0.1,9,9,AGCATAAGCTGGTAGTCCCC,0,3520750
tfaE_stfE_predicted,0.1,9,9,AGCAGAGTTGACACTAGAAG,0,3484268
tfaE_stfE_predicted,0.1,9,9,AGCACTCGTCCTCTATGTTG,0,3487444
tfaE_stfE_predicted,0.1,9,9,AGCAAGTATTAAGTAGTAGC,0,3535467
tfaE_stfE_predicted,0.1,9,9,AGCAACCGACTGGGTTCCGG,0,3531548
tfaE_stfE_predicted,0.1,9,9,AGATGTTAAACCCGAATGGT,0,3472754
tfaE_stfE_predicted,0.1,9,9,AGATGTGTACGGGTTGGGGT,0,3473174
tfaE_stfE_predicted,0.1,9,9,AGATGGAGCATTCAAACACC,0,3484260
tfaE_stfE_predicted,0.1,9,9,AGATGACTAAGAGCTACGGA,0,3517151
tfaE_stfE_predicted,0.1,9,9,AGATAGCCGTAATCACTGGA,0,3519758
tfaE_stfE_predicted,0.1,9,9,AGAGGTCCAGCTCAGCGCCA,0,3525438
tfaE_stfE_predicted,0.1,9,9,AGAGAAGGAAGAGGAATTCT,0,3494477
tfaE_stfE_predicted,0.1,9,9,AGACGCTATAAGCAGACTAC,0,3521958
tfaE_stfE_predicted,0.1,9,9,AGACCTGCCCCATGGAATAC,0,3507754
tfaE_stfE_predicted,0.1,9,9,AGACAAGGCCGCAGTGGAAA,0,3482677
tfaE_stfE_predicted,0.1,9,9,AGACAAAAATGTAACACTCA,0,3490097
tfaE_stfE_predicted,0.1,9,9,AGAATTCTTCTTCAGCTATA,0,3517242
tfaE_stfE_predicted,0.1,9,9,AGAATCCATCTCAGGAAACA,0,3522256
tfaE_stfE_predicted,0.1,9,9,AGAAGCCTGCTGAGGTCCCC,0,3469331
tfaE_stfE_predicted,0.1,9,9,AGAAAAACAGCCCTTGAACA,0,3524431
tfaE_stfE_predicted,0.1,9,9,ACTTTTCGCGGCTTATGCAA,0,3500423
tfaE_stfE_predicted,0.1,9,9,ACTTTTATTTACGCGTCGGC,0,3513877
tfaE_stfE_predicted,0.1,9,9,ACTTTGTTGGCGTCAGGTGT,0,3490301
tfaE_stfE_predicted,0.1,9,9,ACTTTGGTATAGCGCTGGCT,0,3478572
tfaE_stfE_predicted,0.1,9,9,ACTTGATACCCTTTATAACG,0,3537799
tfaE_stfE_predicted,0.1,9,9,ACTTCTTTAGTGGAGTGATT,0,3533468
tfaE_stfE_predicted,0.1,9,9,ACTTATACATGCAGAAGGAT,0,3531186
tfaE_stfE_predicted,0.1,9,9,ACTTAGACACGCAGCACCTC,0,3533601
tfaE_stfE_predicted,0.1,9,9,ACTGGTCAGCATACGAGGGT,0,3474438
tfaE_stfE_predicted,0.1,9,9,ACTGGGACAGTGTTTACTCC,0,3472341
tfaE_stfE_predicted,0.1,9,9,ACTGGCGAGGTCACTGTGAG,0,3470641
tfaE_stfE_predicted,0.1,9,9,ACTGGAGGTACAGCATATTT,0,3509717
tfaE_stfE_predicted,0.1,9,9,ACTGATGAATAGGCGGGCGT,0,3523923
tfaE_stfE_predicted,0.1,9,9,ACTGATATAACTGGAATCGG,0,3479135
tfaE_stfE_predicted,0.1,9,9,ACTCTTACTCTTAATTGCCC,0,3495746
tfaE_stfE_predicted,0.1,9,9,ACTCGGTAGATTTAGATGTG,0,3467969
tfaE_stfE_predicted,0.1,9,9,ACTCGACAAGCACCATTCAC,0,3536164
tfaE_stfE_predicted,0.1,9,9,ACTCCGGACTGGCTCTTGAG,0,3496410
tfaE_stfE_predicted,0.1,9,9,ACTCATGTAGTGTCCGTAGT,0,3483587
tfaE_stfE_predicted,0.1,9,9,ACTATGTAATAGTCCATTTG,0,3534864
tfaE_stfE_predicted,0.1,9,9,ACTAGAGGTGCAAAACTGCT,0,3505877
tfaE_stfE_predicted,0.1,9,9,ACTACATTGGTTAGTGAGTA,0,3526814
tfaE_stfE_predicted,0.1,9,9,ACGTTTTCAACGGGGTCGGT,0,3510331
tfaE_stfE_predicted,0.1,9,9,ACGTTGGACTCAAATGCCTT,0,3488217
tfaE_stfE_predicted,0.1,9,9,ACGTTAATACGTTTGAAGTG,0,3518406
tfaE_stfE_predicted,0.1,9,9,ACGTCACGTTCGACAAATAT,0,3484326
tfaE_stfE_predicted,0.1,9,9,ACGGTTAGGTGGTAAACGGC,0,3509535
tfaE_stfE_predicted,0.1,9,9,ACGGGGGAGACTGGTTAACG,0,3507087
tfaE_stfE_predicted,0.1,9,9,ACGGCTAGACTATATTGCAG,0,3475417
tfaE_stfE_predicted,0.1,9,9,ACGGCGAGAAAGAAGAATAC,0,3492008
tfaE_stfE_predicted,0.1,9,9,ACGGACCGGTTTGTTGGCCA,0,3532247
tfaE_stfE_predicted,0.1,9,9,ACGGAAGTTTGTAAGTGGTT,0,3505032
tfaE_stfE_predicted,0.1,9,9,ACGCTTCCCAACCTTTTGAA,0,3473011
tfaE_stfE_predicted,0.1,9,9,ACGCTAGAATATTGGCAAGA,0,3474699
tfaE_stfE_predicted,0.1,9,9,ACGCGCTGCAATGATTTCAT,0,3514158
tfaE_stfE_predicted,0.1,9,9,ACGCGAAGGCCAGTGACTAT,0,3473706
tfaE_stfE_predicted,0.1,9,9,ACGATATCCTCGGCTTATTT,0,3514257
tfaE_stfE_predicted,0.1,9,9,ACGATAGTTGGGATGCATAT,0,3502315
tfaE_stfE_predicted,0.1,9,9,ACGACTAGGGCTTTTCGCTT,0,3501993
tfaE_stfE_predicted,0.1,9,9,ACGAAACGTATAACTGACTC,0,3521740
tfaE_stfE_predicted,0.1,9,9,ACCTTCTGCCCTGCTCACGC,0,3474157
tfaE_stfE_predicted,0.1,9,9,ACCTGAGTAGCAAGTGCCAC,0,3521190
tfaE_stfE_predicted,0.1,9,9,ACCTCTTGGTTTTCTCACAT,0,3539326
tfaE_stfE_predicted,0.1,9,9,ACCTAGGAGCCCACGACCCT,0,3470556
tfaE_stfE_predicted,0.1,9,9,ACCTACCGCGGGGCTCATAC,0,3515552
tfaE_stfE_predicted,0.1,9,9,ACCGTCTGGCTATCACATAG,0,3506356
tfaE_stfE_predicted,0.1,9,9,ACCGTAGATCTCCTGATGAG,0,3476905
tfaE_stfE_predicted,0.1,9,9,ACCGGGGGTTGTAGTAAGAT,0,3534451
tfaE_stfE_predicted,0.1,9,9,ACCGGAGCAGGCACCCAAGA,0,3494870
tfaE_stfE_predicted,0.1,9,9,ACCGAAAGGAATAACTAATA,0,3513176
tfaE_stfE_predicted,0.1,9,9,ACCCTATCCATTAGTTCAGA,0,3501784
tfaE_stfE_predicted,0.1,9,9,ACCCGCGGGCCATTGTGGAA,0,3490240
tfaE_stfE_predicted,0.1,9,9,ACCCATTATCTCGTATCCGT,0,3511682
tfaE_stfE_predicted,0.1,9,9,ACCCATGAAGTTATACCGTA,0,3481114
tfaE_stfE_predicted,0.1,9,9,ACATTTCTATTGAAGTAGCG,0,3510938
tfaE_stfE_predicted,0.1,9,9,ACATTCGGGGGCTAGCCATA,0,3526516
tfaE_stfE_predicted,0.1,9,9,ACATAGCGGGAATTGGTATG,0,3490532
tfaE_stfE_predicted,0.1,9,9,ACAGTGCGGGGGCCAACCCA,0,3519951
tfaE_stfE_predicted,0.1,9,9,ACAGTGCCCACTTGCCGAGT,0,3499152
tfaE_stfE_predicted,0.1,9,9,ACAGGTTGCTGTGAGGTCGA,0,3479312
tfaE_stfE_predicted,0.1,9,9,ACAGGTTGCCATTGTCAAGG,0,3507984
tfaE_stfE_predicted,0.1,9,9,ACAGATAATGTCGGACGATT,0,3493492
tfaE_stfE_predicted,0.1,9,9,ACAGAGTCCTTTGGCAAGGG,0,3500664
tfaE_stfE_predicted,0.1,9,9,ACACTATAATACTGCGCTAT,0,3484376
tfaE_stfE_predicted,0.1,9,9,ACACGGTACGCCTGTACGAG,0,3494106
tfaE_stfE_predicted,0.1,9,9,ACACCCGTAGCCCTTAAGGC,0,3489290
tfaE_stfE_predicted,0.1,9,9,ACACCAGGCAAACCTCAAAT,0,3471563
tfaE_stfE_predicted,0.1,9,9,ACACAATGACTCGTGTCCAT,0,3504919
tfaE_stfE_predicted,0.1,9,9,ACAAGTCACCTCATATTACA,0,3532428
tfaE_stfE_predicted,0.1,9,9,ACAAAGCGCGGAGTTGGAAC,0,3472144
tfaE_stfE_predicted,0.1,9,9,AATTTGTTGACGCTGTTGCA,0,3481000
tfaE_stfE_predicted,0.1,9,9,AATGTAGTTTATCGCTACGA,0,3521963
tfaE_stfE_predicted,0.1,9,9,AATGGTCGCTGGCTGACAGC,0,3475428
tfaE_stfE_predicted,0.1,9,9,AATGACCCCGATTTGAAGAA,0,3507287
tfaE_stfE_predicted,0.1,9,9,AATCTTAGAAATACAGCATA,0,3504477
tfaE_stfE_predicted,0.1,9,9,AATCGGTACTTTGCTGATCT,0,3505555
tfaE_stfE_predicted,0.1,9,9,AATCCGAGAGGTGGAATATG,0,3540344
tfaE_stfE_predicted,0.1,9,9,AATCCCTTGCTCCCACGAGG,0,3522964
tfaE_stfE_predicted,0.1,9,9,AATATCTATAACCCCAGTGA,0,3520481
tfaE_stfE_predicted,0.1,9,9,AATAGTCCTCGTGAAGTAGA,0,3509161
tfaE_stfE_predicted,0.1,9,9,AATAGGTACAGTTCACCCCC,0,3477892
tfaE_stfE_predicted,0.1,9,9,AATACTCTGCGGTCAGTAGT,0,3520107
tfaE_stfE_predicted,0.1,9,9,AATACAAGCCCGGGACGGAC,0,3538634
tfaE_stfE_predicted,0.1,9,9,AAGTACGGGACGAGTTTGCA,0,3498048
tfaE_stfE_predicted,0.1,9,9,AAGTAATCTCTGATGTGCTA,0,3493628
tfaE_stfE_predicted,0.1,9,9,AAGGTTCCACATACGGAAGA,0,3534387
tfaE_stfE_predicted,0.1,9,9,AAGGTAATCGACCCCCTGGT,0,3512618
tfaE_stfE_predicted,0.1,9,9,AAGGGTTTCTGGAGTCCTCA,0,3470818
tfaE_stfE_predicted,0.1,9,9,AAGCTTGCCCATTACGTTAA,0,3489464
tfaE_stfE_predicted,0.1,9,9,AAGCGAAAGCGCGCTGCGAT,0,3502888
tfaE_stfE_predicted,0.1,9,9,AAGCCTCTGGTATGGGTAAA,0,3512900
tfaE_stfE_predicted,0.1,9,9,AAGCCAGCCTCGTCTACATT,0,3467377
tfaE_stfE_predicted,0.1,9,9,AAGATTCGAGGCTTGTGTAT,0,3525193
tfaE_stfE_predicted,0.1,9,9,AAGATCCCTTTTGGCATGCT,0,3498315
tfaE_stfE_predicted,0.1,9,9,AAGACTGCATCGGTTCGGAT,0,3493882
tfaE_stfE_predicted,0.1,9,9,AAGACCCATTATACGCCACT,0,3473992
tfaE_stfE_predicted,0.1,9,9,AAGACATTATATGTATGGCC,0,3531402
tfaE_stfE_predicted,0.1,9,9,AAGAACGAACTCATTATGCA,0,3485134
tfaE_stfE_predicted,0.1,9,9,AACTTTTTTAGGCCACTCAA,0,3467739
tfaE_stfE_predicted,0.1,9,9,AACTCCAGTGGAAGAGTACT,0,3500391
tfaE_stfE_predicted,0.1,9,9,AACTACCCTAATACACTCCT,0,3537200
tfaE_stfE_predicted,0.1,9,9,AACTAAGTTGATAATACTCA,0,3524589
tfaE_stfE_predicted,0.1,9,9,AACGTAGGCAATAGTAATAA,0,3512858
tfaE_stfE_predicted,0.1,9,9,AACGGGTGCCTCACATCTTG,0,3480551
tfaE_stfE_predicted,0.1,9,9,AACGCATCATAATGTTGATA,0,3507257
tfaE_stfE_predicted,0.1,9,9,AACCTTTAACATGTAGCGCA,0,3486031
tfaE_stfE_predicted,0.1,9,9,AACCTCATGAATAACAACGG,0,3499758
tfaE_stfE_predicted,0.1,9,9,AACCGGGTCAAGCTTTTAGG,0,3498865
tfaE_stfE_predicted,0.1,9,9,AACCCTCCAGGCCACTGATT,0,3471236
tfaE_stfE_predicted,0.1,9,9,AACCAAATTTTTGACCTCCC,0,3490003
tfaE_stfE_predicted,0.1,9,9,AACATCTCCTAAAAGCCCTC,0,3489348
tfaE_stfE_predicted,0.1,9,9,AACAATCCAAGAAGTGTCCG,0,3467522
tfaE_stfE_predicted,0.1,9,9,AACAACCAGAACTGTCGTAG,0,3516458
tfaE_stfE_predicted,0.1,9,9,AACAAAAAGACATTAGAAAG,0,3503493
tfaE_stfE_predicted,0.1,9,9,AAATTTTTCGCTTGTTTGAG,0,3493099
tfaE_stfE_predicted,0.1,9,9,AAATTGACTGCACGTGAGAC,0,3531924
tfaE_stfE_predicted,0.1,9,9,AAATGGGCTCGTTCATTGGA,0,3524291
tfaE_stfE_predicted,0.1,9,9,AAATGACTGCCACTTAGGAG,0,3476300
tfaE_stfE_predicted,0.1,9,9,AAATCGGTCGGCCCAGGTGC,0,3509317
tfaE_stfE_predicted,0.1,9,9,AAATCGACATGGCCCTTCAT,0,3468491
tfaE_stfE_predicted,0.1,9,9,AAATATTTCTGGTGGTCAGG,0,3468390
tfaE_stfE_predicted,0.1,9,9,AAAGCGGCTTAGACTCACTT,0,3526110
tfaE_stfE_predicted,0.1,9,9,AAACGGGCGGGAGTATGACA,0,3476157
tfaE_stfE_predicted,0.1,9,9,AAACGACACGCAATATCATG,0,3483230
tfaE_stfE_predicted,0.1,9,9,AAACCGTGGCACCCTCGGAT,0,3514354
tfaE_stfE_predicted,0.1,9,9,AAACCGTAAGGTGGCTTTCT,0,3531355
tfaE_stfE_predicted,0.1,9,9,AAACAGTAGTTTGTCAAAGT,0,3495979
tfaE_stfE_predicted,0.1,9,9,AAAAGGGCTCGGGGGGTGTT,0,3490468
tfaE_stfE_predicted,0.1,9,9,AAAACTCCCTGGCAGGTTGT,0,3468262
tfaE_stfE_predicted,0.1,9,9,AAAAACATCAACTTTTTGAC,0,3514044
tfaE_stfE_predicted,0.1111111111111111,8,8,TTTTTAACGCGCTAACAATT,0,3520787
tfaE_stfE_predicted,0.1111111111111111,8,8,TTTTGGAGCCTCGTTTCGAG,0,3512392
tfaE_stfE_predicted,0.1111111111111111,8,8,TTTTGCCACTCAATTGGGGT,0,3472921
tfaE_stfE_predicted,0.1111111111111111,8,8,TTTTCGACCATATACGTGTT,0,3514962
tfaE_stfE_predicted,0.1111111111111111,8,8,TTTTCCGGGGATTACGAAAG,0,3538428
tfaE_stfE_predicted,0.1111111111111111,8,8,TTTGTCGAATCACGACACGT,0,3468382
tfaE_stfE_predicted,0.1111111111111111,8,8,TTTGTAGTTAAACTCCCCCA,0,3484419
tfaE_stfE_predicted,0.1111111111111111,8,8,TTTGGTTGTGCTGATGGACG,0,3486734
tfaE_stfE_predicted,0.1111111111111111,8,8,TTTGCTGAACATTCAGTAGA,0,3495864
tfaE_stfE_predicted,0.1111111111111111,8,8,TTTGCAATTGACAATCATCT,0,3509764
tfaE_stfE_predicted,0.1111111111111111,8,8,TTTCCGGGGCAACGGCAGGT,0,3493921
tfaE_stfE_predicted,0.1111111111111111,8,8,TTTCAAGACATGCCCCACGA,0,3476834
tfaE_stfE_predicted,0.1111111111111111,8,8,TTTATGTGGGAACAGGGATG,0,3528834
tfaE_stfE_predicted,0.1111111111111111,8,8,TTTATCGTCGGTCTGTCCGT,0,3473017
tfaE_stfE_predicted,0.1111111111111111,8,8,TTTAATAGGCAATGTTGCTC,0,3498342
tfaE_stfE_predicted,0.1111111111111111,8,8,TTTAAGAGTTGATCGGTTAT,0,3496595
tfaE_stfE_predicted,0.1111111111111111,8,8,TTTAAATTCTCCGCCTACAG,0,3497322
tfaE_stfE_predicted,0.1111111111111111,8,8,TTGTTACGATATCACCCCAA,0,3491428
tfaE_stfE_predicted,0.1111111111111111,8,8,TTGTCTTGTAAATGGTGTCC,0,3496977
tfaE_stfE_predicted,0.1111111111111111,8,8,TTGTCTGGGGGTATGTAATA,0,3506846
tfaE_stfE_predicted,0.1111111111111111,8,8,TTGCTTAACAAAGACCGTTA,0,3521972
tfaE_stfE_predicted,0.1111111111111111,8,8,TTGCTGAAAGCATAAAGCCG,0,3538789
tfaE_stfE_predicted,0.1111111111111111,8,8,TTGCGTTATTGGGAGAACTT,0,3485207
tfaE_stfE_predicted,0.1111111111111111,8,8,TTGCGATTTGCCTTGTATAC,0,3505154
tfaE_stfE_predicted,0.1111111111111111,8,8,TTGCATTTGTGCACATCAAG,0,3484108
tfaE_stfE_predicted,0.1111111111111111,8,8,TTGAGAATGGATCATAAGAT,0,3500852
tfaE_stfE_predicted,0.1111111111111111,8,8,TTGAGAACGTTCGGTCACTT,0,3540714
tfaE_stfE_predicted,0.1111111111111111,8,8,TTGACCACCGCCACCCGTTA,0,3524071
tfaE_stfE_predicted,0.1111111111111111,8,8,TTCTTCATGCAAAACGACGC,0,3540367
tfaE_stfE_predicted,0.1111111111111111,8,8,TTCTGTTGAACAGAATATAA,0,3471301
tfaE_stfE_predicted,0.1111111111111111,8,8,TTCTGCCATAAGCCAATCGA,0,3505631
tfaE_stfE_predicted,0.1111111111111111,8,8,TTCTCGTAAGGGTATCCACA,0,3487550
tfaE_stfE_predicted,0.1111111111111111,8,8,TTCTCATCGGGTGGAAGATT,0,3532630
tfaE_stfE_predicted,0.1111111111111111,8,8,TTCTATCATCATCCGTGCAT,0,3533110
tfaE_stfE_predicted,0.1111111111111111,8,8,TTCTAGGTTCAAATCGACTG,0,3517706
tfaE_stfE_predicted,0.1111111111111111,8,8,TTCTACCGTTTAAGAGGCTC,0,3525737
tfaE_stfE_predicted,0.1111111111111111,8,8,TTCGATTCGGTTTTCCCCTT,0,3492590
tfaE_stfE_predicted,0.1111111111111111,8,8,TTCGATATTTATTTTGCCGG,0,3506140
tfaE_stfE_predicted,0.1111111111111111,8,8,TTCCTCGTTAACACTGTGTG,0,3526508
tfaE_stfE_predicted,0.1111111111111111,8,8,TTCCTAGGTGCGTCACTACT,0,3486559
tfaE_stfE_predicted,0.1111111111111111,8,8,TTCCCTCCCTTGTTGATGCA,0,3482129
tfaE_stfE_predicted,0.1111111111111111,8,8,TTCATAGGTGTAATGGTAAT,0,3494774
tfaE_stfE_predicted,0.1111111111111111,8,8,TTCACATGGGGGGAGCAGCA,0,3520798
tfaE_stfE_predicted,0.1111111111111111,8,8,TTCAATCTTCAACGACAGCC,0,3481968
tfaE_stfE_predicted,0.1111111111111111,8,8,TTCAATACGTTCTAGAGCGT,0,3483592
tfaE_stfE_predicted,0.1111111111111111,8,8,TTCAAGACACCGGCCTCGAC,0,3529613
tfaE_stfE_predicted,0.1111111111111111,8,8,TTCAACTACTTAGCGAACGT,0,3491777
tfaE_stfE_predicted,0.1111111111111111,8,8,TTATTGGAGGCGGTTAGCCC,0,3524795
tfaE_stfE_predicted,0.1111111111111111,8,8,TTATTCTCGCGAACAAATGC,0,3527772
tfaE_stfE_predicted,0.1111111111111111,8,8,TTATGAGTCACCCATGCCCC,0,3489776
tfaE_stfE_predicted,0.1111111111111111,8,8,TTATCGTTCCTATACATCAT,0,3521925
tfaE_stfE_predicted,0.1111111111111111,8,8,TTATAATATTGTTCGACAGC,0,3491660
tfaE_stfE_predicted,0.1111111111111111,8,8,TTAGTGGTTGTCTTGGACAG,0,3520224
tfaE_stfE_predicted,0.1111111111111111,8,8,TTAGTGGGCCATTCCTTCAA,0,3517824
tfaE_stfE_predicted,0.1111111111111111,8,8,TTAGGTACACTAAATGACGA,0,3506024
tfaE_stfE_predicted,0.1111111111111111,8,8,TTAGCAGTCAGGTCATTTAG,0,3538446
tfaE_stfE_predicted,0.1111111111111111,8,8,TTAGCAGCGTAGTTCGACTT,0,3496716
tfaE_stfE_predicted,0.1111111111111111,8,8,TTAGAATCTCCGCCGGTGAT,0,3521872
tfaE_stfE_predicted,0.1111111111111111,8,8,TTACTCCTATCTGCGTGCGG,0,3535584
tfaE_stfE_predicted,0.1111111111111111,8,8,TTACGCATATTCGTGGACGA,0,3504468
tfaE_stfE_predicted,0.1111111111111111,8,8,TTACGAAATACAACCTATCA,0,3536439
tfaE_stfE_predicted,0.1111111111111111,8,8,TTACCCTACATAATATGCTT,0,3515473
tfaE_stfE_predicted,0.1111111111111111,8,8,TTACATCAAATGGCCGTAGT,0,3492275
tfaE_stfE_predicted,0.1111111111111111,8,8,TTAATGGGTATTGGTCGGTC,0,3475212
tfaE_stfE_predicted,0.1111111111111111,8,8,TTAATATCCTGTACGCTAAG,0,3510110
tfaE_stfE_predicted,0.1111111111111111,8,8,TTAAGTTGGTTGAGGCGTAG,0,3508881
tfaE_stfE_predicted,0.1111111111111111,8,8,TTAAGACAGGTCAGGGGTTT,0,3480228
tfaE_stfE_predicted,0.1111111111111111,8,8,TTAAAGGCATGGACGGCATA,0,3475585
tfaE_stfE_predicted,0.1111111111111111,8,8,TTAAACTTCTACGGGAGCTT,0,3484414
tfaE_stfE_predicted,0.1111111111111111,8,8,TGTTAAACCGGGCTCAGGTA,0,3516180
tfaE_stfE_predicted,0.1111111111111111,8,8,TGTGCGCAAGGGCGTGTGGT,0,3479071
tfaE_stfE_predicted,0.1111111111111111,8,8,TGTGCCTTAAACGCCGATTG,0,3539528
tfaE_stfE_predicted,0.1111111111111111,8,8,TGTGACGGCGCTGTCTATGT,0,3501225
tfaE_stfE_predicted,0.1111111111111111,8,8,TGTCTTGGCCTACCGTTACA,0,3537842
tfaE_stfE_predicted,0.1111111111111111,8,8,TGTCTACTGTCAAAGGATTT,0,3473537
tfaE_stfE_predicted,0.1111111111111111,8,8,TGTCCACCCCTTCAAGAAAA,0,3469205
tfaE_stfE_predicted,0.1111111111111111,8,8,TGTCAAATCGATGAAAGTAA,0,3496931
tfaE_stfE_predicted,0.1111111111111111,8,8,TGTATGTTAAACTGGAGCGC,0,3475644
tfaE_stfE_predicted,0.1111111111111111,8,8,TGTAGGGCACATTTTACTCT,0,3537910
tfaE_stfE_predicted,0.1111111111111111,8,8,TGTACCGACATTTTAGGATT,0,3525760
tfaE_stfE_predicted,0.1111111111111111,8,8,TGTAATCGCTCAAGTAGATC,0,3470019
tfaE_stfE_predicted,0.1111111111111111,8,8,TGGTTTGTGGTCAAACTTAG,0,3482562
tfaE_stfE_predicted,0.1111111111111111,8,8,TGGTCCAGGTCAGCCAGTAT,0,3487971
tfaE_stfE_predicted,0.1111111111111111,8,8,TGGGTGTGGTGCGTAGCTTT,0,3491887
tfaE_stfE_predicted,0.1111111111111111,8,8,TGGGTATTTGTCTGAGTAGT,0,3495072
tfaE_stfE_predicted,0.1111111111111111,8,8,TGGGTAAAGCACCACGGACA,0,3470269
tfaE_stfE_predicted,0.1111111111111111,8,8,TGGGGTGCCTATTGCGGACT,0,3536498
tfaE_stfE_predicted,0.1111111111111111,8,8,TGGGCGCGCACATGCTCGGC,0,3502182
tfaE_stfE_predicted,0.1111111111111111,8,8,TGGGATATTGGCACAGTCGC,0,3518304
tfaE_stfE_predicted,0.1111111111111111,8,8,TGGCTCTCAGTTCCCTTTTA,0,3493142
tfaE_stfE_predicted,0.1111111111111111,8,8,TGGCTCAGATTATGCCGGAT,0,3480593
tfaE_stfE_predicted,0.1111111111111111,8,8,TGGCGTAGGTAGTAACGCCA,0,3477847
tfaE_stfE_predicted,0.1111111111111111,8,8,TGGCGGGTCAATAACTGATA,0,3494323
tfaE_stfE_predicted,0.1111111111111111,8,8,TGGCCTAATGTACCTACCTA,0,3466779
tfaE_stfE_predicted,0.1111111111111111,8,8,TGGCCCCGAAATGGGTGATT,0,3534995
tfaE_stfE_predicted,0.1111111111111111,8,8,TGGATTACCAGTGCTTTGTC,0,3482788
tfaE_stfE_predicted,0.1111111111111111,8,8,TGGATGGCCAATGCGTATTA,0,3516665
tfaE_stfE_predicted,0.1111111111111111,8,8,TGGAGACAGTACATAATGCT,0,3536677
tfaE_stfE_predicted,0.1111111111111111,8,8,TGCTTGGCCGGAACAATAAC,0,3493771
tfaE_stfE_predicted,0.1111111111111111,8,8,TGCTTCTCATAGACTACATC,0,3477660
tfaE_stfE_predicted,0.1111111111111111,8,8,TGCTGACATACGTCTGAAGT,0,3526319
tfaE_stfE_predicted,0.1111111111111111,8,8,TGCTCGAGCATGGATTTGTC,0,3537019
tfaE_stfE_predicted,0.1111111111111111,8,8,TGCTATATAACCGGGAGATC,0,3518580
tfaE_stfE_predicted,0.1111111111111111,8,8,TGCTATAGATTGCTAATAAG,0,3492733
tfaE_stfE_predicted,0.1111111111111111,8,8,TGCGTTTTGATACAGGTCGT,0,3475074
tfaE_stfE_predicted,0.1111111111111111,8,8,TGCGCTCGTTTAACTTAATT,0,3517486
tfaE_stfE_predicted,0.1111111111111111,8,8,TGCGCCTTGAACACATTTCA,0,3528651
tfaE_stfE_predicted,0.1111111111111111,8,8,TGCCTTAAGTAATGCTGTGG,0,3500680
tfaE_stfE_predicted,0.1111111111111111,8,8,TGCCTCTGGCGGTGACCACT,0,3469847
tfaE_stfE_predicted,0.1111111111111111,8,8,TGCCGTGATCAATACCGGGA,0,3495597
tfaE_stfE_predicted,0.1111111111111111,8,8,TGCCGGATGAGGCAGTGTGA,0,3514420
tfaE_stfE_predicted,0.1111111111111111,8,8,TGCCCAGTCGTAGGTCTTAC,0,3470572
tfaE_stfE_predicted,0.1111111111111111,8,8,TGCATGATCAATGAGGGTCA,0,3509967
tfaE_stfE_predicted,0.1111111111111111,8,8,TGCATCTTAACTTAGAGCTT,0,3501587
tfaE_stfE_predicted,0.1111111111111111,8,8,TGCAGTATCGCTTCATGACC,0,3491267
tfaE_stfE_predicted,0.1111111111111111,8,8,TGCACTGCGCTGCAGACAGA,0,3479428
tfaE_stfE_predicted,0.1111111111111111,8,8,TGCACTAGATTCTCAAATAC,0,3504083
tfaE_stfE_predicted,0.1111111111111111,8,8,TGCACCCACTATAATTATCT,0,3469030
tfaE_stfE_predicted,0.1111111111111111,8,8,TGATTGCCCTCATTCATGAA,0,3524929
tfaE_stfE_predicted,0.1111111111111111,8,8,TGATTCGTTAAACATCCCTG,0,3520891
tfaE_stfE_predicted,0.1111111111111111,8,8,TGATGATAAACGGATCGGTT,0,3521347
tfaE_stfE_predicted,0.1111111111111111,8,8,TGATGACTGTGGAAAGCACC,0,3538184
tfaE_stfE_predicted,0.1111111111111111,8,8,TGATATTAATGACGAGTTGT,0,3478161
tfaE_stfE_predicted,0.1111111111111111,8,8,TGAGTCGGATTCTTTAGTAA,0,3501882
tfaE_stfE_predicted,0.1111111111111111,8,8,TGAGCGATGATGACAACCAT,0,3498070
tfaE_stfE_predicted,0.1111111111111111,8,8,TGAGATGGCCCGCGCTGTGC,0,3527064
tfaE_stfE_predicted,0.1111111111111111,8,8,TGACGGCCGTTAGCTGGCGT,0,3485800
tfaE_stfE_predicted,0.1111111111111111,8,8,TGACGCGGACGGTCCGGATG,0,3540989
tfaE_stfE_predicted,0.1111111111111111,8,8,TGACCTCGTGACGTCATGAC,0,3531562
tfaE_stfE_predicted,0.1111111111111111,8,8,TGAAGGTGTGTTAGAGGTTC,0,3515443
tfaE_stfE_predicted,0.1111111111111111,8,8,TGAAGATATTCCGGCAATCG,0,3528398
tfaE_stfE_predicted,0.1111111111111111,8,8,TGAACCCAGTTGCGCGCTAG,0,3516254
tfaE_stfE_predicted,0.1111111111111111,8,8,TGAAAGGGGGGGGGAAGAAT,0,3533144
tfaE_stfE_predicted,0.1111111111111111,8,8,TCTTTTGCTAATGGGGGTAC,0,3490058
tfaE_stfE_predicted,0.1111111111111111,8,8,TCTTTTCCCGGAACGATGCG,0,3507041
tfaE_stfE_predicted,0.1111111111111111,8,8,TCTTGCTGATGAAATTAGGG,0,3477100
tfaE_stfE_predicted,0.1111111111111111,8,8,TCTTGCCTAGTGACGAAGGA,0,3512275
tfaE_stfE_predicted,0.1111111111111111,8,8,TCTTCGTTATATTGGGGCCT,0,3485966
tfaE_stfE_predicted,0.1111111111111111,8,8,TCTGTAAACTAAGTCGCGCT,0,3498582
tfaE_stfE_predicted,0.1111111111111111,8,8,TCTGCATACGTTCCTCGGTC,0,3513778
tfaE_stfE_predicted,0.1111111111111111,8,8,TCTGACCCTCCCGGCAACCT,0,3508919
tfaE_stfE_predicted,0.1111111111111111,8,8,TCTCACCAGCAGACAAAGCT,0,3495985
tfaE_stfE_predicted,0.1111111111111111,8,8,TCTATGTAACTTCCGACTTG,0,3507566
tfaE_stfE_predicted,0.1111111111111111,8,8,TCTAGTGCCGCCGGATCTAA,0,3534855
tfaE_stfE_predicted,0.1111111111111111,8,8,TCTAGCTATCGTGACTTACT,0,3538480
tfaE_stfE_predicted,0.1111111111111111,8,8,TCTAAAGTCAGGTTTTCGTC,0,3521911
tfaE_stfE_predicted,0.1111111111111111,8,8,TCGTGGCGGTAGGCTCGTCC,0,3480590
tfaE_stfE_predicted,0.1111111111111111,8,8,TCGTGCAATGGCATTCACGT,0,3512908
tfaE_stfE_predicted,0.1111111111111111,8,8,TCGTGACGATCTCAAAGGCT,0,3482335
tfaE_stfE_predicted,0.1111111111111111,8,8,TCGTATTGCAGTTTGGGAAA,0,3518935
tfaE_stfE_predicted,0.1111111111111111,8,8,TCGGTAGGAGAGGCTTGCTG,0,3528754
tfaE_stfE_predicted,0.1111111111111111,8,8,TCGGGGAGAAATCCAGGACA,0,3525235
tfaE_stfE_predicted,0.1111111111111111,8,8,TCGGCAAGAGATAAAGGTAC,0,3520164
tfaE_stfE_predicted,0.1111111111111111,8,8,TCGGACCTGGTGGTCCGTTC,0,3491508
tfaE_stfE_predicted,0.1111111111111111,8,8,TCGCTTACACCTGCCCCAAT,0,3532374
tfaE_stfE_predicted,0.1111111111111111,8,8,TCGCTCTGAAGCGATCCCGC,0,3522432
tfaE_stfE_predicted,0.1111111111111111,8,8,TCGCTAATCGGGTTATCCAG,0,3474734
tfaE_stfE_predicted,0.1111111111111111,8,8,TCGCCATCAGTGGCTCCTTA,0,3479849
tfaE_stfE_predicted,0.1111111111111111,8,8,TCGCATTTAGCCCCTTGTAT,0,3466509
tfaE_stfE_predicted,0.1111111111111111,8,8,TCGCAACGGTGTTCTCCAGG,0,3481245
tfaE_stfE_predicted,0.1111111111111111,8,8,TCGATCCCCTGGTCGGTAAG,0,3506986
tfaE_stfE_predicted,0.1111111111111111,8,8,TCGAGGCTCGCATGTGGCTG,0,3485532
tfaE_stfE_predicted,0.1111111111111111,8,8,TCGAAGTGCATGGTAATGAG,0,3479992
tfaE_stfE_predicted,0.1111111111111111,8,8,TCGAAACTCAGTAGCTCTCG,0,3533304
tfaE_stfE_predicted,0.1111111111111111,8,8,TCCTTCGTGCACTCGACTTG,0,3492438
tfaE_stfE_predicted,0.1111111111111111,8,8,TCCTGTTATTTCCCTGCAGA,0,3538028
tfaE_stfE_predicted,0.1111111111111111,8,8,TCCGGTCACTATACGTCCAT,0,3501555
tfaE_stfE_predicted,0.1111111111111111,8,8,TCCGGACTTGGGCTTCGTCC,0,3538632
tfaE_stfE_predicted,0.1111111111111111,8,8,TCCGCTACCGTGAGGGTTAC,0,3493590
tfaE_stfE_predicted,0.1111111111111111,8,8,TCCCTACATAACGGGGCCGT,0,3529292
tfaE_stfE_predicted,0.1111111111111111,8,8,TCCCCGTAGGTGCCTGATTT,0,3488334
tfaE_stfE_predicted,0.1111111111111111,8,8,TCCCCGGATACTTCAGGACG,0,3523221
tfaE_stfE_predicted,0.1111111111111111,8,8,TCCCAACAACGGTGGCTATG,0,3528906
tfaE_stfE_predicted,0.1111111111111111,8,8,TCCATTTTTTGGACGACACG,0,3510958
tfaE_stfE_predicted,0.1111111111111111,8,8,TCCAGCAAGGCGTCTGACAC,0,3533692
tfaE_stfE_predicted,0.1111111111111111,8,8,TCCACTGGCAGGTGAGCAGG,0,3473320
tfaE_stfE_predicted,0.1111111111111111,8,8,TCCACTCACCGTTTTCAGAT,0,3540843
tfaE_stfE_predicted,0.1111111111111111,8,8,TCATTCCGTGCAGGATCATG,0,3482519
tfaE_stfE_predicted,0.1111111111111111,8,8,TCATGTCGTGCCCAAGCTCT,0,3519309
tfaE_stfE_predicted,0.1111111111111111,8,8,TCATGCGAGTTTCGCAGCAA,0,3519667
tfaE_stfE_predicted,0.1111111111111111,8,8,TCAGTTAACATTGGCGATTT,0,3470604
tfaE_stfE_predicted,0.1111111111111111,8,8,TCAGTGCTGGACGTCACGTA,0,3508193
tfaE_stfE_predicted,0.1111111111111111,8,8,TCAGTCACACGGTCTAGACT,0,3480538
tfaE_stfE_predicted,0.1111111111111111,8,8,TCAGCGTTGGCGCGGCGGTA,0,3505108
tfaE_stfE_predicted,0.1111111111111111,8,8,TCAGCAGTCTATGTTTGCGA,0,3503305
tfaE_stfE_predicted,0.1111111111111111,8,8,TCAGACTGGAATTCCTCCCC,0,3514054
tfaE_stfE_predicted,0.1111111111111111,8,8,TCAGACAGCCGGTGAAGGAG,0,3483796
tfaE_stfE_predicted,0.1111111111111111,8,8,TCACTGTTTAACGACCGATC,0,3498866
tfaE_stfE_predicted,0.1111111111111111,8,8,TCACTAATGGTTTGGCCGTA,0,3488661
tfaE_stfE_predicted,0.1111111111111111,8,8,TCAAGAAATGCCAGGGTTCC,0,3493747
tfaE_stfE_predicted,0.1111111111111111,8,8,TCAACCCGATGCATTCTCAG,0,3522333
tfaE_stfE_predicted,0.1111111111111111,8,8,TCAACAAAGATGGATCAGGT,0,3518497
tfaE_stfE_predicted,0.1111111111111111,8,8,TCAAAGTTAGTCGTTTGAGC,0,3480966
tfaE_stfE_predicted,0.1111111111111111,8,8,TATTTTCCTGGGTTAACGGT,0,3483958
tfaE_stfE_predicted,0.1111111111111111,8,8,TATTTTAACCCGCTAGCAAC,0,3468037
tfaE_stfE_predicted,0.1111111111111111,8,8,TATTTCCAAATTAAATGTAT,0,3483996
tfaE_stfE_predicted,0.1111111111111111,8,8,TATTGCGCGGACAAGTTAGT,0,3531397
tfaE_stfE_predicted,0.1111111111111111,8,8,TATTGAAGAATACGGTTCTA,0,3482609
tfaE_stfE_predicted,0.1111111111111111,8,8,TATTCTCGATTAGTTGCACA,0,3492269
tfaE_stfE_predicted,0.1111111111111111,8,8,TATTCGGATTTCTGGGTTCA,0,3491876
tfaE_stfE_predicted,0.1111111111111111,8,8,TATTCGGATGTGCAGCCCTT,0,3539353
tfaE_stfE_predicted,0.1111111111111111,8,8,TATGTTCGCTCTTACCGATA,0,3495981
tfaE_stfE_predicted,0.1111111111111111,8,8,TATGGTTGCAGTTGTTCGCA,0,3532689
tfaE_stfE_predicted,0.1111111111111111,8,8,TATGCGTCCTCGTGAATGAG,0,3525120
tfaE_stfE_predicted,0.1111111111111111,8,8,TATGCACCCCTTTTCTCACA,0,3507419
tfaE_stfE_predicted,0.1111111111111111,8,8,TATCTACAGACAAGATGCAA,0,3525521
tfaE_stfE_predicted,0.1111111111111111,8,8,TATCAGGAGGTTTTGCAGGT,0,3474709
tfaE_stfE_predicted,0.1111111111111111,8,8,TATAGTCTCCTAAATCAAGT,0,3495158
tfaE_stfE_predicted,0.1111111111111111,8,8,TATAGGGTGGAGATGGATTA,0,3490243
tfaE_stfE_predicted,0.1111111111111111,8,8,TATAGAGCTCTTAAACGTGT,0,3509856
tfaE_stfE_predicted,0.1111111111111111,8,8,TATACCTTTAACCCGGACCG,0,3518220
tfaE_stfE_predicted,0.1111111111111111,8,8,TATAATTAGTTTTCAAGCGT,0,3504899
tfaE_stfE_predicted,0.1111111111111111,8,8,TAGGTTGCCCGACATTGATG,0,3506593
tfaE_stfE_predicted,0.1111111111111111,8,8,TAGGTCAACTGCAACTATAA,0,3477258
tfaE_stfE_predicted,0.1111111111111111,8,8,TAGGCTATGTTCATTCGTGG,0,3498057
tfaE_stfE_predicted,0.1111111111111111,8,8,TAGGCTAGCATCCCGCTAAA,0,3532373
tfaE_stfE_predicted,0.1111111111111111,8,8,TAGGAATAGAACGTGGCCAG,0,3531019
tfaE_stfE_predicted,0.1111111111111111,8,8,TAGCTAATCGGCTCCGGCTC,0,3511161
tfaE_stfE_predicted,0.1111111111111111,8,8,TAGCGCTATAGTCGCCGGAG,0,3503938
tfaE_stfE_predicted,0.1111111111111111,8,8,TAGCACGGCTCCGCTTTGAA,0,3517207
tfaE_stfE_predicted,0.1111111111111111,8,8,TAGATTGCAACATTGGGATC,0,3515068
tfaE_stfE_predicted,0.1111111111111111,8,8,TACTTGAGAACTGTCAACTA,0,3479841
tfaE_stfE_predicted,0.1111111111111111,8,8,TACTGTCGCACTTCGTGGTG,0,3482383
tfaE_stfE_predicted,0.1111111111111111,8,8,TACTGATGATCCTGGCAAAC,0,3494593
tfaE_stfE_predicted,0.1111111111111111,8,8,TACTCTGAGTGACGGTAATT,0,3529662
tfaE_stfE_predicted,0.1111111111111111,8,8,TACTATCGCCGTAGGCAAGC,0,3508158
tfaE_stfE_predicted,0.1111111111111111,8,8,TACTACTATCCCACGCGCGT,0,3529054
tfaE_stfE_predicted,0.1111111111111111,8,8,TACTAATGGTGCGCATTAAC,0,3468824
tfaE_stfE_predicted,0.1111111111111111,8,8,TACGGCTTATAGATCCGTCC,0,3488909
tfaE_stfE_predicted,0.1111111111111111,8,8,TACGAATCATCCCCGGCTCA,0,3471551
tfaE_stfE_predicted,0.1111111111111111,8,8,TACCGTAGCAGTCCGGCTTA,0,3507045
tfaE_stfE_predicted,0.1111111111111111,8,8,TACCCCCTATTACTATGCGT,0,3480840
tfaE_stfE_predicted,0.1111111111111111,8,8,TACCCCCCAATAGCAATGGA,0,3472455
tfaE_stfE_predicted,0.1111111111111111,8,8,TACAGAGTTCAGTATGCCCC,0,3508900
tfaE_stfE_predicted,0.1111111111111111,8,8,TACACCACCAGTTTACGAGG,0,3475301
tfaE_stfE_predicted,0.1111111111111111,8,8,TAATTGGCATCATCGCACCT,0,3481585
tfaE_stfE_predicted,0.1111111111111111,8,8,TAATTAAACAAAAATAATAG,0,3540962
tfaE_stfE_predicted,0.1111111111111111,8,8,TAATCAAATGGTTAATCGCC,0,3502045
tfaE_stfE_predicted,0.1111111111111111,8,8,TAATATCTAGTTGCATCCAG,0,3536576
tfaE_stfE_predicted,0.1111111111111111,8,8,TAATACTTATCGTTAACACA,0,3496675
tfaE_stfE_predicted,0.1111111111111111,8,8,TAATACGCTAAAATAGGGGG,0,3521777
tfaE_stfE_predicted,0.1111111111111111,8,8,TAAGGTAGGGTTTGCCGAGT,0,3541034
tfaE_stfE_predicted,0.1111111111111111,8,8,TAAGCCAACCAAACCCAATC,0,3485951
tfaE_stfE_predicted,0.1111111111111111,8,8,TAACTCCGTTATTGTAACGG,0,3483018
tfaE_stfE_predicted,0.1111111111111111,8,8,TAACTCAACAGGCCGCGTTC,0,3498992
tfaE_stfE_predicted,0.1111111111111111,8,8,TAAATCGGGTGGCAACAACT,0,3487703
tfaE_stfE_predicted,0.1111111111111111,8,8,GTTTTTACACCGTAGTGTCT,0,3501821
tfaE_stfE_predicted,0.1111111111111111,8,8,GTTTTCATGGTAGTACTCCA,0,3503983
tfaE_stfE_predicted,0.1111111111111111,8,8,GTTTCTTGACGTGTGAACGT,0,3521877
tfaE_stfE_predicted,0.1111111111111111,8,8,GTTTCTTAGCCGAGCCAATC,0,3499294
tfaE_stfE_predicted,0.1111111111111111,8,8,GTTTCTATGTCCTCATTTAG,0,3510635
tfaE_stfE_predicted,0.1111111111111111,8,8,GTTTAGTCCTAATACATCGG,0,3513761
tfaE_stfE_predicted,0.1111111111111111,8,8,GTTGTCCATACCATCTCCCA,0,3480558
tfaE_stfE_predicted,0.1111111111111111,8,8,GTTGGCGGTTCACGGAGAAA,0,3516206
tfaE_stfE_predicted,0.1111111111111111,8,8,GTTGCGCCCCTACTACAGGT,0,3471856
tfaE_stfE_predicted,0.1111111111111111,8,8,GTTGCACAACAAATCCAAGG,0,3537593
tfaE_stfE_predicted,0.1111111111111111,8,8,GTTCCGCATAACTTACTTCA,0,3479319
tfaE_stfE_predicted,0.1111111111111111,8,8,GTTCAGAATTCCACGTTTAT,0,3485942
tfaE_stfE_predicted,0.1111111111111111,8,8,GTTATTACGGCAATTACAAA,0,3511692
tfaE_stfE_predicted,0.1111111111111111,8,8,GTTATAGTGGTAACGAGTTG,0,3538039
tfaE_stfE_predicted,0.1111111111111111,8,8,GTTATACTCCTGATTATCAG,0,3512103
tfaE_stfE_predicted,0.1111111111111111,8,8,GTTAGTTACCGACCTGACTC,0,3507662
tfaE_stfE_predicted,0.1111111111111111,8,8,GTTAGTGAAGATCCACCCTT,0,3489552
tfaE_stfE_predicted,0.1111111111111111,8,8,GTTAAGTAGCCGTTTCTGAA,0,3481061
tfaE_stfE_predicted,0.1111111111111111,8,8,GTGTTTCCGCGATGCTCCGA,0,3513982
tfaE_stfE_predicted,0.1111111111111111,8,8,GTGTTCGATAAGGCGCTCAA,0,3511755
tfaE_stfE_predicted,0.1111111111111111,8,8,GTGGTATTTAAATGTTCCGG,0,3518843
tfaE_stfE_predicted,0.1111111111111111,8,8,GTGGTAACCGAGACTGAGTA,0,3503871
tfaE_stfE_predicted,0.1111111111111111,8,8,GTGGGTGCCGCGCAGGCTCT,0,3475140
tfaE_stfE_predicted,0.1111111111111111,8,8,GTGGGGTGCGCGGGGCAACG,0,3518620
tfaE_stfE_predicted,0.1111111111111111,8,8,GTGGCGCAGCGTACCAGGGC,0,3502946
tfaE_stfE_predicted,0.1111111111111111,8,8,GTGGATTTGATTGGTGCTGC,0,3529944
tfaE_stfE_predicted,0.1111111111111111,8,8,GTGCTCTTGAGAGTTCTCCA,0,3469783
tfaE_stfE_predicted,0.1111111111111111,8,8,GTGCGTCAGTTGGACGTTTG,0,3538814
tfaE_stfE_predicted,0.1111111111111111,8,8,GTGATAAAGCCTGCCGACTT,0,3484818
tfaE_stfE_predicted,0.1111111111111111,8,8,GTGAAAAATGCCATACACCT,0,3499821
tfaE_stfE_predicted,0.1111111111111111,8,8,GTCTGTATAAAGCGACATTG,0,3519277
tfaE_stfE_predicted,0.1111111111111111,8,8,GTCTGAAATTTGTCGCCCTG,0,3473723
tfaE_stfE_predicted,0.1111111111111111,8,8,GTCGTCTGTGGGAACTTATA,0,3488327
tfaE_stfE_predicted,0.1111111111111111,8,8,GTCGAGGGATCCATGTAAAA,0,3475912
tfaE_stfE_predicted,0.1111111111111111,8,8,GTCCTCGAAGCTCAGCGACT,0,3524807
tfaE_stfE_predicted,0.1111111111111111,8,8,GTCCTAGGGCCGGGTAAACT,0,3476488
tfaE_stfE_predicted,0.1111111111111111,8,8,GTCCGGGCGGATCAAGCTGA,0,3491476
tfaE_stfE_predicted,0.1111111111111111,8,8,GTCCGAGGCAGGGGTGGTAT,0,3500489
tfaE_stfE_predicted,0.1111111111111111,8,8,GTCCGAATCTAGGTAGTCCC,0,3476857
tfaE_stfE_predicted,0.1111111111111111,8,8,GTCCCGCGCCGATGATAAAC,0,3535850
tfaE_stfE_predicted,0.1111111111111111,8,8,GTCCAATTTGGTACCACACT,0,3530288
tfaE_stfE_predicted,0.1111111111111111,8,8,GTCCAATGAGGTCGTTACAA,0,3467816
tfaE_stfE_predicted,0.1111111111111111,8,8,GTCATCTCAGCCTTACCTGT,0,3514592
tfaE_stfE_predicted,0.1111111111111111,8,8,GTCATCCCGGTACGCACTAC,0,3507308
tfaE_stfE_predicted,0.1111111111111111,8,8,GTCAGTAGCAACAGGGTCTT,0,3492515
tfaE_stfE_predicted,0.1111111111111111,8,8,GTCACCTCGTACACGGGGCT,0,3524153
tfaE_stfE_predicted,0.1111111111111111,8,8,GTCAACCGCCGGATAAAGTA,0,3484598
tfaE_stfE_predicted,0.1111111111111111,8,8,GTATCGTTACCCTTATTGAA,0,3499185
tfaE_stfE_predicted,0.1111111111111111,8,8,GTATCATGGTCCAGACAACC,0,3537510
tfaE_stfE_predicted,0.1111111111111111,8,8,GTATACCGCTCGTGACCGGG,0,3522472
tfaE_stfE_predicted,0.1111111111111111,8,8,GTATAACGTAAAACTTAAAC,0,3515919
tfaE_stfE_predicted,0.1111111111111111,8,8,GTAGAGTTCAGCAGTGGTTG,0,3491850
tfaE_stfE_predicted,0.1111111111111111,8,8,GTACCGAGAAGTATGCAAGA,0,3539038
tfaE_stfE_predicted,0.1111111111111111,8,8,GTACCAGAACTAGATACCCT,0,3530392
tfaE_stfE_predicted,0.1111111111111111,8,8,GTACATGAACATTCGCGCTT,0,3466995
tfaE_stfE_predicted,0.1111111111111111,8,8,GTACACATAGTTCGGGACGT,0,3492104
tfaE_stfE_predicted,0.1111111111111111,8,8,GTAACTTGCTCCTCATGTCA,0,3528786
tfaE_stfE_predicted,0.1111111111111111,8,8,GGTTTTGCCCTAGACCCACT,0,3501360
tfaE_stfE_predicted,0.1111111111111111,8,8,GGTTTGGATAAGGACAGTGG,0,3502601
tfaE_stfE_predicted,0.1111111111111111,8,8,GGTTGGGTGAATTTAGTCAA,0,3504027
tfaE_stfE_predicted,0.1111111111111111,8,8,GGTTCTCTTAAAGCGTCATG,0,3536755
tfaE_stfE_predicted,0.1111111111111111,8,8,GGTTCTACCCACCTCCTTAA,0,3534777
tfaE_stfE_predicted,0.1111111111111111,8,8,GGTTCTAACTACCCGCGAAG,0,3517138
tfaE_stfE_predicted,0.1111111111111111,8,8,GGTTCAGGCGATTGTGTAGC,0,3513763
tfaE_stfE_predicted,0.1111111111111111,8,8,GGTTAGGCAACTTGTCTTCC,0,3483251
tfaE_stfE_predicted,0.1111111111111111,8,8,GGTTACGCTTTGAATCATAA,0,3527637
tfaE_stfE_predicted,0.1111111111111111,8,8,GGTGCTTAATTTTTTTGTAC,0,3509505
tfaE_stfE_predicted,0.1111111111111111,8,8,GGTGCTCTTAGCAGAGTCTG,0,3496446
tfaE_stfE_predicted,0.1111111111111111,8,8,GGTGCAGCCCGGGCGCAATT,0,3472705
tfaE_stfE_predicted,0.1111111111111111,8,8,GGTGATACAGATCGATACAG,0,3517259
tfaE_stfE_predicted,0.1111111111111111,8,8,GGTGAGGATCACGTACGTTC,0,3467157
tfaE_stfE_predicted,0.1111111111111111,8,8,GGTGACAGGCCAGGGATCCA,0,3474701
tfaE_stfE_predicted,0.1111111111111111,8,8,GGTCAGTTGTTAGCTATGGT,0,3483165
tfaE_stfE_predicted,0.1111111111111111,8,8,GGTAGTAGCGGACTTGGTCC,0,3504734
tfaE_stfE_predicted,0.1111111111111111,8,8,GGTACTGTTTTGGAACCTGC,0,3504875
tfaE_stfE_predicted,0.1111111111111111,8,8,GGTAATTCGTTGTTCATTAG,0,3518797
tfaE_stfE_predicted,0.1111111111111111,8,8,GGTAACCTTAAGTCTGGTCG,0,3525171
tfaE_stfE_predicted,0.1111111111111111,8,8,GGGTTTGGGCCATCAGCTGA,0,3512325
tfaE_stfE_predicted,0.1111111111111111,8,8,GGGTCTCTGGTTCTCAGTGA,0,3478891
tfaE_stfE_predicted,0.1111111111111111,8,8,GGGTCGATCGCGGGGCTGGT,0,3527610
tfaE_stfE_predicted,0.1111111111111111,8,8,GGGTATAATGCAGAGACTCG,0,3501000
tfaE_stfE_predicted,0.1111111111111111,8,8,GGGGTCGTGATTGACCTAAC,0,3489526
tfaE_stfE_predicted,0.1111111111111111,8,8,GGGGTAATACCGTGGGTCCC,0,3478291
tfaE_stfE_predicted,0.1111111111111111,8,8,GGGGGGGGTTACTTGGACGC,0,3481854
tfaE_stfE_predicted,0.1111111111111111,8,8,GGGGCTTCGTCATCGATGCG,0,3480216
tfaE_stfE_predicted,0.1111111111111111,8,8,GGGGCTCCAGTTCAGCTCGT,0,3532270
tfaE_stfE_predicted,0.1111111111111111,8,8,GGGGAACCTGCCGAGCCAGC,0,3534856
tfaE_stfE_predicted,0.1111111111111111,8,8,GGGCTTTTTGAACCCTATTG,0,3540550
tfaE_stfE_predicted,0.1111111111111111,8,8,GGGCGCGGATATTGGCTATG,0,3535516
tfaE_stfE_predicted,0.1111111111111111,8,8,GGGCGCCGACTTCCCGAACT,0,3502981
tfaE_stfE_predicted,0.1111111111111111,8,8,GGGCCGGCTCCGGGATGGGG,0,3484554
tfaE_stfE_predicted,0.1111111111111111,8,8,GGGCCAGGTTCAGGGAGGAG,0,3473172
tfaE_stfE_predicted,0.1111111111111111,8,8,GGGATTTTTGGTAATGAAAC,0,3472184
tfaE_stfE_predicted,0.1111111111111111,8,8,GGGAGTCAAACAAGCGATCT,0,3502602
tfaE_stfE_predicted,0.1111111111111111,8,8,GGCTGGACAGGGGGGCGGAG,0,3475156
tfaE_stfE_predicted,0.1111111111111111,8,8,GGCTCCACCAATCTTGGTTA,0,3519505
tfaE_stfE_predicted,0.1111111111111111,8,8,GGCTAGGGCACTCCTCACTC,0,3492639
tfaE_stfE_predicted,0.1111111111111111,8,8,GGCGTGACTTTTTTGGAATG,0,3496188
tfaE_stfE_predicted,0.1111111111111111,8,8,GGCGCGCTCGGTCAAGCCCT,0,3499035
tfaE_stfE_predicted,0.1111111111111111,8,8,GGCGCCTCACAACCCAATCA,0,3493859
tfaE_stfE_predicted,0.1111111111111111,8,8,GGCGCAACGGCAACGCGGAT,0,3473649
tfaE_stfE_predicted,0.1111111111111111,8,8,GGCCGAGGTGTCTGTATGAA,0,3472662
tfaE_stfE_predicted,0.1111111111111111,8,8,GGCCGAATCTGTAGTGGGAT,0,3521419
tfaE_stfE_predicted,0.1111111111111111,8,8,GGCCCTGCTGGCGCAACAAC,0,3472328
tfaE_stfE_predicted,0.1111111111111111,8,8,GGCCCACCGGCGGATCGAGT,0,3488134
tfaE_stfE_predicted,0.1111111111111111,8,8,GGCCAGTAGGAGGCAGCGAA,0,3488372
tfaE_stfE_predicted,0.1111111111111111,8,8,GGCATTCAGGACATCCTGCA,0,3472421
tfaE_stfE_predicted,0.1111111111111111,8,8,GGCATGTTCTGTCGGAGAGT,0,3495064
tfaE_stfE_predicted,0.1111111111111111,8,8,GGCATGAGGGTCAGTTCACT,0,3523509
tfaE_stfE_predicted,0.1111111111111111,8,8,GGCATCGGTGCCTCAGGTGA,0,3504649
tfaE_stfE_predicted,0.1111111111111111,8,8,GGCAAGAGCGTGAGCCAGCC,0,3498692
tfaE_stfE_predicted,0.1111111111111111,8,8,GGATTGGCTTTGCCTACACA,0,3467744
tfaE_stfE_predicted,0.1111111111111111,8,8,GGATGTCTTGTTCCACCTAA,0,3539264
tfaE_stfE_predicted,0.1111111111111111,8,8,GGATCCTTTGTGTAGGGATT,0,3470392
tfaE_stfE_predicted,0.1111111111111111,8,8,GGATAAGCCATTTGAGCCTA,0,3523670
tfaE_stfE_predicted,0.1111111111111111,8,8,GGAGTAGCTCATTTTTGGCG,0,3475062
tfaE_stfE_predicted,0.1111111111111111,8,8,GGAGGCTAGTCTCCGATCTG,0,3528816
tfaE_stfE_predicted,0.1111111111111111,8,8,GGAGAGATCGGGTCGTATTT,0,3510615
tfaE_stfE_predicted,0.1111111111111111,8,8,GGACTTTTGCACAACACATA,0,3511979
tfaE_stfE_predicted,0.1111111111111111,8,8,GGACTTTGATCAATATATTT,0,3533464
tfaE_stfE_predicted,0.1111111111111111,8,8,GGACTCGATATTGATAAACA,0,3526548
tfaE_stfE_predicted,0.1111111111111111,8,8,GGACGTTCCAGCAGCCCCTC,0,3528838
tfaE_stfE_predicted,0.1111111111111111,8,8,GGACGCGCTCCGCCCAGGAA,0,3518450
tfaE_stfE_predicted,0.1111111111111111,8,8,GGACGATACAAAGTGTCTCC,0,3538905
tfaE_stfE_predicted,0.1111111111111111,8,8,GGACGAGACTAACCAAACAT,0,3467804
tfaE_stfE_predicted,0.1111111111111111,8,8,GGAATTGCCCGTCACCAGAT,0,3483823
tfaE_stfE_predicted,0.1111111111111111,8,8,GGAATGTAACTTGTGTAGGT,0,3479232
tfaE_stfE_predicted,0.1111111111111111,8,8,GGAACTGCATCGCCGGTTAA,0,3536637
tfaE_stfE_predicted,0.1111111111111111,8,8,GGAACCGGTAGACCTTTGAT,0,3493146
tfaE_stfE_predicted,0.1111111111111111,8,8,GCTTTGGTGTGTTTCGACCC,0,3493968
tfaE_stfE_predicted,0.1111111111111111,8,8,GCTTGTGCTACTGTACGCTC,0,3524470
tfaE_stfE_predicted,0.1111111111111111,8,8,GCTTCTCTTAGTCGGGGCTG,0,3520848
tfaE_stfE_predicted,0.1111111111111111,8,8,GCTGATAGCGAGGACCTAGG,0,3510437
tfaE_stfE_predicted,0.1111111111111111,8,8,GCTGACCTAATTGGTTAAAC,0,3508922
tfaE_stfE_predicted,0.1111111111111111,8,8,GCTCGGCGCACGGAACGTAA,0,3492969
tfaE_stfE_predicted,0.1111111111111111,8,8,GCTCCTGAGAATCCACGTCA,0,3528400
tfaE_stfE_predicted,0.1111111111111111,8,8,GCTCCTCACCGGGGGGGAGT,0,3530726
tfaE_stfE_predicted,0.1111111111111111,8,8,GCTCCCCTACCCACGCAAAG,0,3472343
tfaE_stfE_predicted,0.1111111111111111,8,8,GCTCCACAAACACATGAATC,0,3535431
tfaE_stfE_predicted,0.1111111111111111,8,8,GCTAGGCTAAGCTCTACCAA,0,3472780
tfaE_stfE_predicted,0.1111111111111111,8,8,GCTAGGCGTGTCAATCCGAC,0,3524338
tfaE_stfE_predicted,0.1111111111111111,8,8,GCTAGGAACACGTACCTGAT,0,3485390
tfaE_stfE_predicted,0.1111111111111111,8,8,GCTAGCACGAAAGCCTCAGA,0,3483792
tfaE_stfE_predicted,0.1111111111111111,8,8,GCTACTGATGGCGGGGTCGT,0,3503455
tfaE_stfE_predicted,0.1111111111111111,8,8,GCTAATCACGGGGATTAATT,0,3468933
tfaE_stfE_predicted,0.1111111111111111,8,8,GCGTTTCTTTAGGGATTGGA,0,3513942
tfaE_stfE_predicted,0.1111111111111111,8,8,GCGTTTAACTTAACTCACAA,0,3514083
tfaE_stfE_predicted,0.1111111111111111,8,8,GCGTTCCGCCGTAGATATTT,0,3534524
tfaE_stfE_predicted,0.1111111111111111,8,8,GCGTGATTGAGACTCAAGAG,0,3476914
tfaE_stfE_predicted,0.1111111111111111,8,8,GCGTCGCGTCCACATTAGGA,0,3526497
tfaE_stfE_predicted,0.1111111111111111,8,8,GCGTCCTTAACTAAGTCAAT,0,3532352
tfaE_stfE_predicted,0.1111111111111111,8,8,GCGGTTCTGTAGTGCACTGG,0,3517864
tfaE_stfE_predicted,0.1111111111111111,8,8,GCGGGTGAATAAACAACATT,0,3509744
tfaE_stfE_predicted,0.1111111111111111,8,8,GCGGGGAGGCTGGTCTGACA,0,3477458
tfaE_stfE_predicted,0.1111111111111111,8,8,GCGGGCTAAGTAAACCGCGC,0,3515642
tfaE_stfE_predicted,0.1111111111111111,8,8,GCGGGATCAAATACAATAAT,0,3531650
tfaE_stfE_predicted,0.1111111111111111,8,8,GCGGGAAGCCGAACGGTTCG,0,3505462
tfaE_stfE_predicted,0.1111111111111111,8,8,GCGGCTCGAGCTCGCCGCCA,0,3515770
tfaE_stfE_predicted,0.1111111111111111,8,8,GCGGCGGCTACGTCGAGTTG,0,3502520
tfaE_stfE_predicted,0.1111111111111111,8,8,GCGCTTTACGTTCACCACGT,0,3507304
tfaE_stfE_predicted,0.1111111111111111,8,8,GCGCTCACGTTTATTACTTA,0,3483248
tfaE_stfE_predicted,0.1111111111111111,8,8,GCGCCTATGAGGATTTCTGA,0,3526261
tfaE_stfE_predicted,0.1111111111111111,8,8,GCGCCGGCGACTTGATGAGA,0,3520560
tfaE_stfE_predicted,0.1111111111111111,8,8,GCGCAGCCGGGCCACCACCA,0,3533060
tfaE_stfE_predicted,0.1111111111111111,8,8,GCGATTACCGTTTCGGGTCC,0,3524651
tfaE_stfE_predicted,0.1111111111111111,8,8,GCGAGTAAGTCAACTTGGGC,0,3479106
tfaE_stfE_predicted,0.1111111111111111,8,8,GCGACCCTTATCTTGTAAAG,0,3532913
tfaE_stfE_predicted,0.1111111111111111,8,8,GCGAAGCCAAGTTTAGTGAC,0,3488492
tfaE_stfE_predicted,0.1111111111111111,8,8,GCGAAAACGCAGGATCTATG,0,3523481
tfaE_stfE_predicted,0.1111111111111111,8,8,GCCTTTTTGAGTTCTTATTT,0,3531190
tfaE_stfE_predicted,0.1111111111111111,8,8,GCCTTCGGAAGAGTAGGCTC,0,3480360
tfaE_stfE_predicted,0.1111111111111111,8,8,GCCTGGGGGACCTCGCGGGT,0,3485857
tfaE_stfE_predicted,0.1111111111111111,8,8,GCCTAGCTAACTGAAAGTAG,0,3520607
tfaE_stfE_predicted,0.1111111111111111,8,8,GCCTACAATCCTATTGAATT,0,3520084
tfaE_stfE_predicted,0.1111111111111111,8,8,GCCGGGGGAGTCAAACCTTT,0,3466818
tfaE_stfE_predicted,0.1111111111111111,8,8,GCCGCCGGGATCGTTGAAGC,0,3496664
tfaE_stfE_predicted,0.1111111111111111,8,8,GCCGAGTCTCCGGAGCTATC,0,3538767
tfaE_stfE_predicted,0.1111111111111111,8,8,GCCCTTGTACAACGATTCAC,0,3520875
tfaE_stfE_predicted,0.1111111111111111,8,8,GCCCCGGAACCTGTGCTTCT,0,3538030
tfaE_stfE_predicted,0.1111111111111111,8,8,GCCAGCTCATACCTGGGAGG,0,3490895
tfaE_stfE_predicted,0.1111111111111111,8,8,GCCACGGTTTTTCCATGCAA,0,3492970
tfaE_stfE_predicted,0.1111111111111111,8,8,GCCACGGCACTCAGAATGTT,0,3503842
tfaE_stfE_predicted,0.1111111111111111,8,8,GCCAAACTTCCAGCTCTTAG,0,3490927
tfaE_stfE_predicted,0.1111111111111111,8,8,GCATTCGGGGGCGCGCGACA,0,3485453
tfaE_stfE_predicted,0.1111111111111111,8,8,GCATGTCACCCGTGCTTAGT,0,3498210
tfaE_stfE_predicted,0.1111111111111111,8,8,GCATGTATGGTGTAGCTTAG,0,3501856
tfaE_stfE_predicted,0.1111111111111111,8,8,GCATGGATATTTATAATCCT,0,3501614
tfaE_stfE_predicted,0.1111111111111111,8,8,GCATCTCATGCATGAACTAA,0,3498789
tfaE_stfE_predicted,0.1111111111111111,8,8,GCATATCGTCACAACTAATA,0,3505076
tfaE_stfE_predicted,0.1111111111111111,8,8,GCATAGGTGCGGTTGTCGAT,0,3474904
tfaE_stfE_predicted,0.1111111111111111,8,8,GCATACCCTGCGAGGGTGGT,0,3527996
tfaE_stfE_predicted,0.1111111111111111,8,8,GCAGGTTACCCCTTTAGTGA,0,3529032
tfaE_stfE_predicted,0.1111111111111111,8,8,GCAGGGTTAGTCGCACTTAA,0,3533974
tfaE_stfE_predicted,0.1111111111111111,8,8,GCAGGAGAAGAGCAGCACGG,0,3476387
tfaE_stfE_predicted,0.1111111111111111,8,8,GCAGGACACACGGAGATGCA,0,3540132
tfaE_stfE_predicted,0.1111111111111111,8,8,GCACCTACGAGGTGGGGAGA,0,3507062
tfaE_stfE_predicted,0.1111111111111111,8,8,GCACCGGGGACCAATGGGTC,0,3466599
tfaE_stfE_predicted,0.1111111111111111,8,8,GCACCCTCACAACCTGGGCG,0,3472668
tfaE_stfE_predicted,0.1111111111111111,8,8,GCACATCGGGGGACGGGAAA,0,3485826
tfaE_stfE_predicted,0.1111111111111111,8,8,GCACATATGACGTCGCCTGA,0,3472356
tfaE_stfE_predicted,0.1111111111111111,8,8,GCACAGATTATTCATGTAGA,0,3518109
tfaE_stfE_predicted,0.1111111111111111,8,8,GCACAGATGTTATCGTATCC,0,3469553
tfaE_stfE_predicted,0.1111111111111111,8,8,GCACAAGATATACTGTTTAA,0,3520817
tfaE_stfE_predicted,0.1111111111111111,8,8,GCAAGTTAGCTGCCGCGTGG,0,3517175
tfaE_stfE_predicted,0.1111111111111111,8,8,GCAAGTCCTGGACTATCGAA,0,3508777
tfaE_stfE_predicted,0.1111111111111111,8,8,GCAAGAGCTCCTCCGACAGG,0,3519428
tfaE_stfE_predicted,0.1111111111111111,8,8,GCAAAGTTACATACCCAACA,0,3535332
tfaE_stfE_predicted,0.1111111111111111,8,8,GATTTGAGGGGTCACAGCCA,0,3527839
tfaE_stfE_predicted,0.1111111111111111,8,8,GATTTCTAATCTTGATTCGA,0,3490928
tfaE_stfE_predicted,0.1111111111111111,8,8,GATTTCACCCTCCTCATAAC,0,3470785
tfaE_stfE_predicted,0.1111111111111111,8,8,GATTGTGGACAATTCTAGTC,0,3499732
tfaE_stfE_predicted,0.1111111111111111,8,8,GATTCGTTTGGCTGGGGTTA,0,3502858
tfaE_stfE_predicted,0.1111111111111111,8,8,GATTCGGGCTCAACCTGACA,0,3496094
tfaE_stfE_predicted,0.1111111111111111,8,8,GATTCGATTGAGCCCGAGAT,0,3511860
tfaE_stfE_predicted,0.1111111111111111,8,8,GATTCACCGCATTTCACCAA,0,3483434
tfaE_stfE_predicted,0.1111111111111111,8,8,GATTAACATGTAAAAGTTGC,0,3541065
tfaE_stfE_predicted,0.1111111111111111,8,8,GATGTGTTGTAGGTCGAGAC,0,3475638
tfaE_stfE_predicted,0.1111111111111111,8,8,GATGGGTCAGAAAAGGTAAG,0,3514346
tfaE_stfE_predicted,0.1111111111111111,8,8,GATGGCGCCCAAGGAGGGTA,0,3482257
tfaE_stfE_predicted,0.1111111111111111,8,8,GATGCTATGACGACGGTTTT,0,3527537
tfaE_stfE_predicted,0.1111111111111111,8,8,GATGCGGCTATACGGTGTGA,0,3523452
tfaE_stfE_predicted,0.1111111111111111,8,8,GATCTATTGTCGAAAAACAA,0,3520858
tfaE_stfE_predicted,0.1111111111111111,8,8,GATCCAGTTGCTCAGCTCTG,0,3497790
tfaE_stfE_predicted,0.1111111111111111,8,8,GATATTACCTCGAAACAGCC,0,3474758
tfaE_stfE_predicted,0.1111111111111111,8,8,GATATCCCAACAACGATAGC,0,3492843
tfaE_stfE_predicted,0.1111111111111111,8,8,GATAGAGTAACACACCTTCA,0,3531352
tfaE_stfE_predicted,0.1111111111111111,8,8,GATAGAGCGCCACAGAGTTA,0,3538636
tfaE_stfE_predicted,0.1111111111111111,8,8,GATACGGCAATAGTTCTAAA,0,3504607
tfaE_stfE_predicted,0.1111111111111111,8,8,GAGTTAGTTACGGCAAGGAT,0,3513175
tfaE_stfE_predicted,0.1111111111111111,8,8,GAGTGATAACGTTGACGTTA,0,3515455
tfaE_stfE_predicted,0.1111111111111111,8,8,GAGTGAGTGAGGTTCTACAG,0,3493737
tfaE_stfE_predicted,0.1111111111111111,8,8,GAGGTTGAGTATATGTGCTT,0,3539641
tfaE_stfE_predicted,0.1111111111111111,8,8,GAGGTTCCGACGCTCTGCGG,0,3523274
tfaE_stfE_predicted,0.1111111111111111,8,8,GAGGTTCACACACCCAGTGA,0,3496430
tfaE_stfE_predicted,0.1111111111111111,8,8,GAGGTGACGGGGCCGGCGTT,0,3500334
tfaE_stfE_predicted,0.1111111111111111,8,8,GAGGGTCGATAATGGGTTTG,0,3521918
tfaE_stfE_predicted,0.1111111111111111,8,8,GAGGCTCGGTTTCACTAGAT,0,3510171
tfaE_stfE_predicted,0.1111111111111111,8,8,GAGGAGCGAAACTTAACGTT,0,3512852
tfaE_stfE_predicted,0.1111111111111111,8,8,GAGCTTAATGCATTATGATA,0,3491371
tfaE_stfE_predicted,0.1111111111111111,8,8,GAGCTCCGTCTGGGTATTGG,0,3489155
tfaE_stfE_predicted,0.1111111111111111,8,8,GAGCGCCCCTCAGCGTCCTC,0,3519746
tfaE_stfE_predicted,0.1111111111111111,8,8,GAGCGATACTAAAGCCATTT,0,3503894
tfaE_stfE_predicted,0.1111111111111111,8,8,GAGCCTAGACTTCATACCTA,0,3500907
tfaE_stfE_predicted,0.1111111111111111,8,8,GAGCCGAGTTAATAGTTGTT,0,3517484
tfaE_stfE_predicted,0.1111111111111111,8,8,GAGCCCCGGAACGGATTTAT,0,3487578
tfaE_stfE_predicted,0.1111111111111111,8,8,GAGCCCACTACGTCAATCCG,0,3492232
tfaE_stfE_predicted,0.1111111111111111,8,8,GAGCATCATTTGATATGGGT,0,3503054
tfaE_stfE_predicted,0.1111111111111111,8,8,GAGCACCCCTTAGTACTTTG,0,3516723
tfaE_stfE_predicted,0.1111111111111111,8,8,GAGCACAGCCTATGCGCACA,0,3468285
tfaE_stfE_predicted,0.1111111111111111,8,8,GAGATGTAGGTGACGGGTCC,0,3521408
tfaE_stfE_predicted,0.1111111111111111,8,8,GAGAGGGCATCAGCAATTCT,0,3538251
tfaE_stfE_predicted,0.1111111111111111,8,8,GAGAGCAATTTCGAAGAATC,0,3518692
tfaE_stfE_predicted,0.1111111111111111,8,8,GAGACTTTGAGTGATGCACC,0,3480765
tfaE_stfE_predicted,0.1111111111111111,8,8,GAGACTGTGTGGACCTAAAG,0,3521316
tfaE_stfE_predicted,0.1111111111111111,8,8,GAGAATTCTTACTGTCACCA,0,3517537
tfaE_stfE_predicted,0.1111111111111111,8,8,GAGAACTTGTAAAACACGGT,0,3518824
tfaE_stfE_predicted,0.1111111111111111,8,8,GACTATGAGCCGTTCTTGGA,0,3526819
tfaE_stfE_predicted,0.1111111111111111,8,8,GACTACACTCCCTAGATGTT,0,3469039
tfaE_stfE_predicted,0.1111111111111111,8,8,GACGTCGGGCACATCTAACT,0,3530193
tfaE_stfE_predicted,0.1111111111111111,8,8,GACGGGCACTCGCCAGTAAA,0,3524921
tfaE_stfE_predicted,0.1111111111111111,8,8,GACGGCTCTGCTTGTTAGAT,0,3497600
tfaE_stfE_predicted,0.1111111111111111,8,8,GACCTAAACTTTATACGCGA,0,3486247
tfaE_stfE_predicted,0.1111111111111111,8,8,GACCCTGACGGGGCAGAGCC,0,3527104
tfaE_stfE_predicted,0.1111111111111111,8,8,GACAGGCCCATATTGATCAC,0,3535857
tfaE_stfE_predicted,0.1111111111111111,8,8,GACACACATTCTGGTATATC,0,3506571
tfaE_stfE_predicted,0.1111111111111111,8,8,GAATGAGCATAAACGATTAC,0,3522047
tfaE_stfE_predicted,0.1111111111111111,8,8,GAATCTACGGGCGGAGGGTA,0,3481344
tfaE_stfE_predicted,0.1111111111111111,8,8,GAAGTCAGGCGTCGGGAGTA,0,3522507
tfaE_stfE_predicted,0.1111111111111111,8,8,GAAGGTACTAGATGCAACCA,0,3525517
tfaE_stfE_predicted,0.1111111111111111,8,8,GAAGGGTCCAAGTTGGCATA,0,3509173
tfaE_stfE_predicted,0.1111111111111111,8,8,GAAGGAGAGTATTTTAGGAG,0,3514950
tfaE_stfE_predicted,0.1111111111111111,8,8,GAAGGAAAAGTTTTACGCTA,0,3513106
tfaE_stfE_predicted,0.1111111111111111,8,8,GAAGATTGGTGTCGCCGCAT,0,3470014
tfaE_stfE_predicted,0.1111111111111111,8,8,GAACTTCTACTTAGTTTACC,0,3494356
tfaE_stfE_predicted,0.1111111111111111,8,8,GAAACAATCCCGGTTTTGTT,0,3497323
tfaE_stfE_predicted,0.1111111111111111,8,8,CTTTTTCAGAGGTGCACCGA,0,3518280
tfaE_stfE_predicted,0.1111111111111111,8,8,CTTTTAATTACTAGAGCGTA,0,3486749
tfaE_stfE_predicted,0.1111111111111111,8,8,CTTTGCCAGGGCGAACGGGG,0,3536987
tfaE_stfE_predicted,0.1111111111111111,8,8,CTTTCCTATGCGTGAGCCTA,0,3505303
tfaE_stfE_predicted,0.1111111111111111,8,8,CTTTCCACGTATGTCGGGGT,0,3531150
tfaE_stfE_predicted,0.1111111111111111,8,8,CTTTATCAATCTGTTGGGAG,0,3475071
tfaE_stfE_predicted,0.1111111111111111,8,8,CTTGTCCTGCTTTGTAAGAC,0,3512537
tfaE_stfE_predicted,0.1111111111111111,8,8,CTTGGTCACGTCCCAAGGTC,0,3506088
tfaE_stfE_predicted,0.1111111111111111,8,8,CTTGGTATACTTAATTTCAT,0,3506515
tfaE_stfE_predicted,0.1111111111111111,8,8,CTTGGATTGGTTAGATAGAT,0,3483085
tfaE_stfE_predicted,0.1111111111111111,8,8,CTTGCTTAGTATTGACTCGT,0,3531591
tfaE_stfE_predicted,0.1111111111111111,8,8,CTTGCAGGCTCCATATCCGC,0,3536676
tfaE_stfE_predicted,0.1111111111111111,8,8,CTTGATTTGCGATCTAAGAA,0,3511880
tfaE_stfE_predicted,0.1111111111111111,8,8,CTTGACTTAGCCCCCCCGAG,0,3473513
tfaE_stfE_predicted,0.1111111111111111,8,8,CTTGAATGTGCGAGGCTAAG,0,3515924
tfaE_stfE_predicted,0.1111111111111111,8,8,CTTCTACGTCCCATGGTTCA,0,3496438
tfaE_stfE_predicted,0.1111111111111111,8,8,CTTCGGATACTCGTGAAGAA,0,3504285
tfaE_stfE_predicted,0.1111111111111111,8,8,CTTCGAGGGTATTATGCGGT,0,3523171
tfaE_stfE_predicted,0.1111111111111111,8,8,CTTCATGCGGAATCACTGTT,0,3505449
tfaE_stfE_predicted,0.1111111111111111,8,8,CTTCAACGCAGTACGCTATG,0,3505912
tfaE_stfE_predicted,0.1111111111111111,8,8,CTTAGACGGGGTTTTGGGCT,0,3518318
tfaE_stfE_predicted,0.1111111111111111,8,8,CTTAACCGAAGGGGTCAGAA,0,3484993
tfaE_stfE_predicted,0.1111111111111111,8,8,CTGTGGCCGCCCAGGATTGT,0,3538005
tfaE_stfE_predicted,0.1111111111111111,8,8,CTGTCTCTTGTTCGTTGCGC,0,3520286
tfaE_stfE_predicted,0.1111111111111111,8,8,CTGTCTAAGTTGTCCTCCGC,0,3481223
tfaE_stfE_predicted,0.1111111111111111,8,8,CTGTAGACTCCTTTTTGGCG,0,3491577
tfaE_stfE_predicted,0.1111111111111111,8,8,CTGGTGGCTCATTTATGACG,0,3472558
tfaE_stfE_predicted,0.1111111111111111,8,8,CTGGGCTGAAACCACAATGT,0,3535160
tfaE_stfE_predicted,0.1111111111111111,8,8,CTGGGCACAACAAAGCGCGC,0,3511327
tfaE_stfE_predicted,0.1111111111111111,8,8,CTGGGATGACAAGAAAAAGG,0,3488631
tfaE_stfE_predicted,0.1111111111111111,8,8,CTGGCGGCCAACATCTAAAA,0,3488297
tfaE_stfE_predicted,0.1111111111111111,8,8,CTGGATGCATATTTTCTACT,0,3523044
tfaE_stfE_predicted,0.1111111111111111,8,8,CTGGAACTATAATTATTTGA,0,3515229
tfaE_stfE_predicted,0.1111111111111111,8,8,CTGCTCACTATACACTGCCT,0,3531393
tfaE_stfE_predicted,0.1111111111111111,8,8,CTGCTAATTGTTTTTCGCGA,0,3470638
tfaE_stfE_predicted,0.1111111111111111,8,8,CTGCGTTATCCTCCCGACGT,0,3475752
tfaE_stfE_predicted,0.1111111111111111,8,8,CTGCCGTTGTACAGTGCCGA,0,3525152
tfaE_stfE_predicted,0.1111111111111111,8,8,CTGCCCTAAACCGGTAACAG,0,3475404
tfaE_stfE_predicted,0.1111111111111111,8,8,CTGACACTCTCATGCTCTAA,0,3532096
tfaE_stfE_predicted,0.1111111111111111,8,8,CTGAATGGCGGTGTGTGCAT,0,3518377
tfaE_stfE_predicted,0.1111111111111111,8,8,CTCTTTTCCCTTAAAAAGGG,0,3484043
tfaE_stfE_predicted,0.1111111111111111,8,8,CTCTTTGGTGTCTTACATCC,0,3492631
tfaE_stfE_predicted,0.1111111111111111,8,8,CTCTTTAACACGTCTGGAAT,0,3477544
tfaE_stfE_predicted,0.1111111111111111,8,8,CTCTGTACCGGGCGTTAGTG,0,3511864
tfaE_stfE_predicted,0.1111111111111111,8,8,CTCTCAGCTGGGTGAGGCAG,0,3476795
tfaE_stfE_predicted,0.1111111111111111,8,8,CTCGTCGTATATACCCAACT,0,3479391
tfaE_stfE_predicted,0.1111111111111111,8,8,CTCGGGTGCTATACACAGTG,0,3478239
tfaE_stfE_predicted,0.1111111111111111,8,8,CTCGGGGACCCGCCATTCAG,0,3512753
tfaE_stfE_predicted,0.1111111111111111,8,8,CTCGATGGAGGCGCTCGATG,0,3473949
tfaE_stfE_predicted,0.1111111111111111,8,8,CTCCCTTGTCTAATTTCATG,0,3522083
tfaE_stfE_predicted,0.1111111111111111,8,8,CTCCCGCAGTTTCCGCATAT,0,3525767
tfaE_stfE_predicted,0.1111111111111111,8,8,CTCCACCACATGTGATCCGA,0,3539253
tfaE_stfE_predicted,0.1111111111111111,8,8,CTCCACACCCACTCGTCGCA,0,3533936
tfaE_stfE_predicted,0.1111111111111111,8,8,CTCACGAAGGTGTCCCTTAC,0,3468356
tfaE_stfE_predicted,0.1111111111111111,8,8,CTCACATTATGAATTATATT,0,3517831
tfaE_stfE_predicted,0.1111111111111111,8,8,CTAGTCCTGTACATTCGTCA,0,3495666
tfaE_stfE_predicted,0.1111111111111111,8,8,CTAGGTCAGAAGCCAGCTCG,0,3493245
tfaE_stfE_predicted,0.1111111111111111,8,8,CTAGAGTTGAGCGTAAGTAA,0,3517490
tfaE_stfE_predicted,0.1111111111111111,8,8,CTAGAACCCCTCTTTCGGGG,0,3509459
tfaE_stfE_predicted,0.1111111111111111,8,8,CTACGTAGGGATCAGAGGGC,0,3512319
tfaE_stfE_predicted,0.1111111111111111,8,8,CTACGGAGACAGATTATTGG,0,3512478
tfaE_stfE_predicted,0.1111111111111111,8,8,CTACGAGCTTTTTTACTGGA,0,3492858
tfaE_stfE_predicted,0.1111111111111111,8,8,CTACCAGCTCGCATAGACAC,0,3500086
tfaE_stfE_predicted,0.1111111111111111,8,8,CTACATTACCGATGCCGTCG,0,3519659
tfaE_stfE_predicted,0.1111111111111111,8,8,CTACACCCGTTTTTTGGTGA,0,3506079
tfaE_stfE_predicted,0.1111111111111111,8,8,CTAATTAGATGTTCGCCGAA,0,3497654
tfaE_stfE_predicted,0.1111111111111111,8,8,CTAAATGCGCTCGAGCAGGT,0,3524396
tfaE_stfE_predicted,0.1111111111111111,8,8,CTAAATATCGCTATTTGACT,0,3485104
tfaE_stfE_predicted,0.1111111111111111,8,8,CGTTTGAAGAGCGAAACCTT,0,3521481
tfaE_stfE_predicted,0.1111111111111111,8,8,CGTTTGAAACGTAGCGCATT,0,3501996
tfaE_stfE_predicted,0.1111111111111111,8,8,CGTTTAGACCAAGAAGTTCC,0,3505871
tfaE_stfE_predicted,0.1111111111111111,8,8,CGTTGTGAAAGAGCGAAAAC,0,3481239
tfaE_stfE_predicted,0.1111111111111111,8,8,CGTTGGGTGAACCTAATTCT,0,3486679
tfaE_stfE_predicted,0.1111111111111111,8,8,CGTTGCGTTCCTGGTGTACT,0,3476657
tfaE_stfE_predicted,0.1111111111111111,8,8,CGTTCCAATCTCTGCCGCTA,0,3525150
tfaE_stfE_predicted,0.1111111111111111,8,8,CGTGTTGTAATTTTTAAAAT,0,3523842
tfaE_stfE_predicted,0.1111111111111111,8,8,CGTGTGGAGCCTTGCCGAAT,0,3483286
tfaE_stfE_predicted,0.1111111111111111,8,8,CGTGTCATAGAGCGAGGGTC,0,3492235
tfaE_stfE_predicted,0.1111111111111111,8,8,CGTGGATGCGCGTATTGTAG,0,3526169
tfaE_stfE_predicted,0.1111111111111111,8,8,CGTGCGCTCCGATGAGGGCA,0,3503669
tfaE_stfE_predicted,0.1111111111111111,8,8,CGTGCAGTATACTACTCAAG,0,3472694
tfaE_stfE_predicted,0.1111111111111111,8,8,CGTGCAGGGTTAACGTGCGG,0,3493501
tfaE_stfE_predicted,0.1111111111111111,8,8,CGTGACGCCATCCACCCGTG,0,3524476
tfaE_stfE_predicted,0.1111111111111111,8,8,CGTCTTCAAATTCATGGCAG,0,3539319
tfaE_stfE_predicted,0.1111111111111111,8,8,CGTCGTAAGCAATCCTCCGG,0,3501624
tfaE_stfE_predicted,0.1111111111111111,8,8,CGTCGCGACGACGTCATAGT,0,3531018
tfaE_stfE_predicted,0.1111111111111111,8,8,CGTCCCCAGGCTCACTATCA,0,3508221
tfaE_stfE_predicted,0.1111111111111111,8,8,CGTATTTGCGTTTAATCCGA,0,3477939
tfaE_stfE_predicted,0.1111111111111111,8,8,CGTATGGCTTGTGAAGTATA,0,3505552
tfaE_stfE_predicted,0.1111111111111111,8,8,CGGTTACTTAGGGAGATTTT,0,3515727
tfaE_stfE_predicted,0.1111111111111111,8,8,CGGTGCCGTAGAAGCACTCA,0,3511271
tfaE_stfE_predicted,0.1111111111111111,8,8,CGGTGAGAAACCCGTGGAAC,0,3479581
tfaE_stfE_predicted,0.1111111111111111,8,8,CGGTCTAGTATTCCTGCCTC,0,3528659
tfaE_stfE_predicted,0.1111111111111111,8,8,CGGTCTACCCGGCCGTCCGA,0,3532523
tfaE_stfE_predicted,0.1111111111111111,8,8,CGGTAGTATAACAGGCGAAG,0,3503147
tfaE_stfE_predicted,0.1111111111111111,8,8,CGGGTTAATGAGGGGCTGCG,0,3529830
tfaE_stfE_predicted,0.1111111111111111,8,8,CGGGTCCTGTGAATATGCGT,0,3498160
tfaE_stfE_predicted,0.1111111111111111,8,8,CGGGTATTTTGACTCGGACG,0,3494803
tfaE_stfE_predicted,0.1111111111111111,8,8,CGGGTAGAGTCAACAAGTGT,0,3497722
tfaE_stfE_predicted,0.1111111111111111,8,8,CGGGGTAGTTTTGCCGAGAT,0,3502552
tfaE_stfE_predicted,0.1111111111111111,8,8,CGGGGGTCAAGTCCAATCGA,0,3498308
tfaE_stfE_predicted,0.1111111111111111,8,8,CGGGGGAACAGTTATTTACT,0,3532397
tfaE_stfE_predicted,0.1111111111111111,8,8,CGGGACGTGCGAACCCCGTA,0,3486190
tfaE_stfE_predicted,0.1111111111111111,8,8,CGGGACAGGAGTAGCACGAA,0,3501868
tfaE_stfE_predicted,0.1111111111111111,8,8,CGGCTCGTTGCGAAGGAAAA,0,3503342
tfaE_stfE_predicted,0.1111111111111111,8,8,CGGCTAATAAGCTGCAACAC,0,3497390
tfaE_stfE_predicted,0.1111111111111111,8,8,CGGCACCCTACATGACCGTT,0,3523179
tfaE_stfE_predicted,0.1111111111111111,8,8,CGGATCGAGCGAAACTTTGT,0,3492649
tfaE_stfE_predicted,0.1111111111111111,8,8,CGGATAGGACGGGATACTTG,0,3489649
tfaE_stfE_predicted,0.1111111111111111,8,8,CGGAGGCTGAGTTGATCCAT,0,3517274
tfaE_stfE_predicted,0.1111111111111111,8,8,CGGACTCTGCTAAGGACTAG,0,3511352
tfaE_stfE_predicted,0.1111111111111111,8,8,CGCTGTTAAAGATAGAAGAG,0,3500592
tfaE_stfE_predicted,0.1111111111111111,8,8,CGCTCTTAGTGTTCCTGGCG,0,3468306
tfaE_stfE_predicted,0.1111111111111111,8,8,CGCGCGGTAACGTCAGAACA,0,3498123
tfaE_stfE_predicted,0.1111111111111111,8,8,CGCGAAGAGCCAGGAGTTGG,0,3516865
tfaE_stfE_predicted,0.1111111111111111,8,8,CGCCTCCTTAGGGTAGAGGG,0,3484058
tfaE_stfE_predicted,0.1111111111111111,8,8,CGCCCGTGCCGGACGGCGAG,0,3482303
tfaE_stfE_predicted,0.1111111111111111,8,8,CGCCCCCCGTGTGATAGATG,0,3518382
tfaE_stfE_predicted,0.1111111111111111,8,8,CGCATCGTAGCTTATTTTTT,0,3528463
tfaE_stfE_predicted,0.1111111111111111,8,8,CGCAGACTCTTCTATTAGCG,0,3518301
tfaE_stfE_predicted,0.1111111111111111,8,8,CGCACCTACCGGGTTGCCGA,0,3501586
tfaE_stfE_predicted,0.1111111111111111,8,8,CGCAAACGGTGAATGCGTTC,0,3482618
tfaE_stfE_predicted,0.1111111111111111,8,8,CGATTGCTAGCTCCTTGAAA,0,3474191
tfaE_stfE_predicted,0.1111111111111111,8,8,CGATGTCCTCGGAGGGCCAA,0,3525668
tfaE_stfE_predicted,0.1111111111111111,8,8,CGATCTCATGTGGTGGGCTG,0,3492924
tfaE_stfE_predicted,0.1111111111111111,8,8,CGATCGTCAGTAGTCGGTTA,0,3483348
tfaE_stfE_predicted,0.1111111111111111,8,8,CGATCGGCATTCTTGTGTTG,0,3479607
tfaE_stfE_predicted,0.1111111111111111,8,8,CGATAGATTACGGGGAGGCG,0,3491774
tfaE_stfE_predicted,0.1111111111111111,8,8,CGATACGTGGTGAACAATTC,0,3467879
tfaE_stfE_predicted,0.1111111111111111,8,8,CGATAAGCTACGGGACCTGG,0,3480922
tfaE_stfE_predicted,0.1111111111111111,8,8,CGAGTTCCAGCCCACGTGAG,0,3495969
tfaE_stfE_predicted,0.1111111111111111,8,8,CGAGGGGGTTATCTGCGCTT,0,3525838
tfaE_stfE_predicted,0.1111111111111111,8,8,CGAGATCTTGGCTCGATAGT,0,3522376
tfaE_stfE_predicted,0.1111111111111111,8,8,CGAGACAGCGTGGTACAGTA,0,3486220
tfaE_stfE_predicted,0.1111111111111111,8,8,CGACTCGTACGTGGTACACC,0,3470403
tfaE_stfE_predicted,0.1111111111111111,8,8,CGACATCGGCATCCCTGGTT,0,3517095
tfaE_stfE_predicted,0.1111111111111111,8,8,CGAATGCCAGGTATATGTCT,0,3504370
tfaE_stfE_predicted,0.1111111111111111,8,8,CGAACCTCCAGGAGGGCAGC,0,3518902
tfaE_stfE_predicted,0.1111111111111111,8,8,CGAAATCCAGTGTGCCGGTC,0,3530532
tfaE_stfE_predicted,0.1111111111111111,8,8,CGAAAGCGAGATTGATATGC,0,3500594
tfaE_stfE_predicted,0.1111111111111111,8,8,CCTTTATTTCATCATAAGTT,0,3536574
tfaE_stfE_predicted,0.1111111111111111,8,8,CCTTGTAAACGCTTTTTTGA,0,3528274
tfaE_stfE_predicted,0.1111111111111111,8,8,CCTTCTTCAGGAATATGCGA,0,3522996
tfaE_stfE_predicted,0.1111111111111111,8,8,CCTTCGGGGCAAGGTTATAG,0,3512838
tfaE_stfE_predicted,0.1111111111111111,8,8,CCTGTTCGCGGTCTAGTATA,0,3498273
tfaE_stfE_predicted,0.1111111111111111,8,8,CCTGGTAAGACACATTCTTA,0,3507889
tfaE_stfE_predicted,0.1111111111111111,8,8,CCTGGAAAGCGATAGTCCGG,0,3516162
tfaE_stfE_predicted,0.1111111111111111,8,8,CCTCTTCGCCCCAGGGTCAA,0,3515047
tfaE_stfE_predicted,0.1111111111111111,8,8,CCTCTACCCTCTCAAGCGGA,0,3493626
tfaE_stfE_predicted,0.1111111111111111,8,8,CCTCATCTCCGTAGGTGTAT,0,3468216
tfaE_stfE_predicted,0.1111111111111111,8,8,CCTCAGTAAACGAACTCGGG,0,3537365
tfaE_stfE_predicted,0.1111111111111111,8,8,CCTATGCGCCTGTGCACATG,0,3486013
tfaE_stfE_predicted,0.1111111111111111,8,8,CCTAGTCGATTAATAATCCC,0,3506430
tfaE_stfE_predicted,0.1111111111111111,8,8,CCTAGGCTTACCCTGTGATT,0,3482344
tfaE_stfE_predicted,0.1111111111111111,8,8,CCTACGAACGAGGGGTCAGA,0,3483103
tfaE_stfE_predicted,0.1111111111111111,8,8,CCTACAGCTGCCCGAGTAAA,0,3517352
tfaE_stfE_predicted,0.1111111111111111,8,8,CCGTTAGCCTCATGGTCTGC,0,3495230
tfaE_stfE_predicted,0.1111111111111111,8,8,CCGTGTGCTTATGATTTTCA,0,3477363
tfaE_stfE_predicted,0.1111111111111111,8,8,CCGTCAGACGACCGCTTGTA,0,3520435
tfaE_stfE_predicted,0.1111111111111111,8,8,CCGTAACGTTTAACGAAAGG,0,3486093
tfaE_stfE_predicted,0.1111111111111111,8,8,CCGGCCACTGTGAGGAGGTA,0,3529963
tfaE_stfE_predicted,0.1111111111111111,8,8,CCGGCAGGTTGTAATTTTAG,0,3520677
tfaE_stfE_predicted,0.1111111111111111,8,8,CCGGATCCTTCCGTTTAAGC,0,3494440
tfaE_stfE_predicted,0.1111111111111111,8,8,CCGCGGTAACGTCTAGATCT,0,3507806
tfaE_stfE_predicted,0.1111111111111111,8,8,CCGCATGTACGGTCAGTGCT,0,3497895
tfaE_stfE_predicted,0.1111111111111111,8,8,CCGCATATCTAATAATAAGG,0,3504564
tfaE_stfE_predicted,0.1111111111111111,8,8,CCGCAAGGTCGGGCCAATCA,0,3510226
tfaE_stfE_predicted,0.1111111111111111,8,8,CCGATGCTATCTACTTCTTG,0,3481907
tfaE_stfE_predicted,0.1111111111111111,8,8,CCGACTAGCACAGTGGCAAA,0,3477207
tfaE_stfE_predicted,0.1111111111111111,8,8,CCGAAGTTTGACTTTGAGGT,0,3524827
tfaE_stfE_predicted,0.1111111111111111,8,8,CCGAAATTAATTAGGTAGGC,0,3501181
tfaE_stfE_predicted,0.1111111111111111,8,8,CCCTGCGTCTCGCCTTTGCT,0,3484425
tfaE_stfE_predicted,0.1111111111111111,8,8,CCCGGAAGTGGGGATGCCTT,0,3534218
tfaE_stfE_predicted,0.1111111111111111,8,8,CCCGATCCTGGCTCACATCG,0,3516690
tfaE_stfE_predicted,0.1111111111111111,8,8,CCCGAACTTGAGGAGCCAGA,0,3494207
tfaE_stfE_predicted,0.1111111111111111,8,8,CCCCTAGTACGATCAGCGTT,0,3474834
tfaE_stfE_predicted,0.1111111111111111,8,8,CCCCCTGGCTTGATACGTAT,0,3527672
tfaE_stfE_predicted,0.1111111111111111,8,8,CCCCCTCACAGGAACGTCTG,0,3509467
tfaE_stfE_predicted,0.1111111111111111,8,8,CCCCCCTCGCATCACACCGC,0,3536464
tfaE_stfE_predicted,0.1111111111111111,8,8,CCCCCATGGACCAGCCGTGC,0,3509131
tfaE_stfE_predicted,0.1111111111111111,8,8,CCCCACAGCATACGGTGGGC,0,3511131
tfaE_stfE_predicted,0.1111111111111111,8,8,CCCATTTGGTCGATGTAAAG,0,3479946
tfaE_stfE_predicted,0.1111111111111111,8,8,CCCATGGATTCCAACTGGAA,0,3497461
tfaE_stfE_predicted,0.1111111111111111,8,8,CCCATCACTAATAAGGCCGA,0,3541016
tfaE_stfE_predicted,0.1111111111111111,8,8,CCCATACGAGGCTGTACTCC,0,3502705
tfaE_stfE_predicted,0.1111111111111111,8,8,CCCAGACTCACCACTCATCA,0,3535774
tfaE_stfE_predicted,0.1111111111111111,8,8,CCCAATGCCTGATTGGTTTG,0,3488763
tfaE_stfE_predicted,0.1111111111111111,8,8,CCCAATGCCGACGGGTACTT,0,3524169
tfaE_stfE_predicted,0.1111111111111111,8,8,CCATTTTTACCTGGCGATTC,0,3483358
tfaE_stfE_predicted,0.1111111111111111,8,8,CCAGTCGGCGCATCGCTTGC,0,3530033
tfaE_stfE_predicted,0.1111111111111111,8,8,CCAGGAATCCGAACTTCTAG,0,3475558
tfaE_stfE_predicted,0.1111111111111111,8,8,CCAGAGGCATAGTTGGAAAT,0,3523345
tfaE_stfE_predicted,0.1111111111111111,8,8,CCAGAAAGAAGAGAGACGAA,0,3504176
tfaE_stfE_predicted,0.1111111111111111,8,8,CCAGAAACAACACATTAAGT,0,3533684
tfaE_stfE_predicted,0.1111111111111111,8,8,CCACTAATCATGCGAACATG,0,3512519
tfaE_stfE_predicted,0.1111111111111111,8,8,CCACGTTTGTACGGGTGGTT,0,3501133
tfaE_stfE_predicted,0.1111111111111111,8,8,CCACGGTATTGCGGGTTCGA,0,3519713
tfaE_stfE_predicted,0.1111111111111111,8,8,CCACCTTCAACTTCCCTGCC,0,3530369
tfaE_stfE_predicted,0.1111111111111111,8,8,CCACCGAGTTGACACGCTGT,0,3511824
tfaE_stfE_predicted,0.1111111111111111,8,8,CCACAAAGGATGGTCGGGCA,0,3476171
tfaE_stfE_predicted,0.1111111111111111,8,8,CCAACTGGTTCAATCGCAAC,0,3495113
tfaE_stfE_predicted,0.1111111111111111,8,8,CCAACTCACCCCGGGAATGC,0,3514851
tfaE_stfE_predicted,0.1111111111111111,8,8,CCAAATTAATAAGTTCTCGT,0,3534547
tfaE_stfE_predicted,0.1111111111111111,8,8,CATTGGTAAGCAACGTAGAA,0,3528422
tfaE_stfE_predicted,0.1111111111111111,8,8,CATGGTCAAGATTAGGAATG,0,3490223
tfaE_stfE_predicted,0.1111111111111111,8,8,CATGGAGCTGGGTTAGATCA,0,3471537
tfaE_stfE_predicted,0.1111111111111111,8,8,CATGGAAGTGACCGGTACCA,0,3491505
tfaE_stfE_predicted,0.1111111111111111,8,8,CATGACTGCCGTATTGGATT,0,3488041
tfaE_stfE_predicted,0.1111111111111111,8,8,CATCTCCAAACCGTTATGGA,0,3508266
tfaE_stfE_predicted,0.1111111111111111,8,8,CATCGCTTATGGGCTGTCAC,0,3533863
tfaE_stfE_predicted,0.1111111111111111,8,8,CATCGCTACGACTTAGCTTT,0,3498825
tfaE_stfE_predicted,0.1111111111111111,8,8,CATCGAGTGGTCCGGCAGCA,0,3493699
tfaE_stfE_predicted,0.1111111111111111,8,8,CATCGAGAGGACGAAAGTAG,0,3496108
tfaE_stfE_predicted,0.1111111111111111,8,8,CATCCATGGCGCGACGTCGG,0,3530911
tfaE_stfE_predicted,0.1111111111111111,8,8,CATATTAGGGTTGATTCGAC,0,3536510
tfaE_stfE_predicted,0.1111111111111111,8,8,CATATTACATAGGATTGGTA,0,3519441
tfaE_stfE_predicted,0.1111111111111111,8,8,CATACGGACTGATGTCTGCT,0,3480553
tfaE_stfE_predicted,0.1111111111111111,8,8,CATACAAGCACCAAAGGAAA,0,3539571
tfaE_stfE_predicted,0.1111111111111111,8,8,CATAAATTGAATCGCCACCA,0,3518848
tfaE_stfE_predicted,0.1111111111111111,8,8,CAGTTAACCACGTATGGGTT,0,3500796
tfaE_stfE_predicted,0.1111111111111111,8,8,CAGTGTCTCATCGGACTTGA,0,3504973
tfaE_stfE_predicted,0.1111111111111111,8,8,CAGTGGGTCTCGCATAGGCG,0,3478124
tfaE_stfE_predicted,0.1111111111111111,8,8,CAGTGCTAGTATTCATCGTC,0,3514645
tfaE_stfE_predicted,0.1111111111111111,8,8,CAGTCTTTCTCTGAGGAAAT,0,3483170
tfaE_stfE_predicted,0.1111111111111111,8,8,CAGTCTCAACCCAAACACGA,0,3507473
tfaE_stfE_predicted,0.1111111111111111,8,8,CAGTATGTTGAGAGTATTGT,0,3524565
tfaE_stfE_predicted,0.1111111111111111,8,8,CAGGTGCATTAGGTTTCAGG,0,3510618
tfaE_stfE_predicted,0.1111111111111111,8,8,CAGGTCCAGAGAGAGCGAGT,0,3532765
tfaE_stfE_predicted,0.1111111111111111,8,8,CAGGTAGGCCAGGACTAAGA,0,3491408
tfaE_stfE_predicted,0.1111111111111111,8,8,CAGGGAGCCTTCCCGGATGG,0,3482731
tfaE_stfE_predicted,0.1111111111111111,8,8,CAGGCCAGACTTTGGGGTGT,0,3511022
tfaE_stfE_predicted,0.1111111111111111,8,8,CAGCTTGAAGGCTTTAAATC,0,3487762
tfaE_stfE_predicted,0.1111111111111111,8,8,CAGCTTCTAAGACTACCGAT,0,3519878
tfaE_stfE_predicted,0.1111111111111111,8,8,CAGCTCTCTCATGTATCCGT,0,3466872
tfaE_stfE_predicted,0.1111111111111111,8,8,CAGCCGCGCCAGCGAACTCA,0,3505619
tfaE_stfE_predicted,0.1111111111111111,8,8,CAGCCAAAACCGTTCGATCT,0,3510586
tfaE_stfE_predicted,0.1111111111111111,8,8,CAGACGCTCCAGGGCAAGGA,0,3503597
tfaE_stfE_predicted,0.1111111111111111,8,8,CACTGGACTGTGTCGTCCCC,0,3473462
tfaE_stfE_predicted,0.1111111111111111,8,8,CACTCGATGTCGGTCCCTAT,0,3530693
tfaE_stfE_predicted,0.1111111111111111,8,8,CACTCACCCCTTGGGTATAT,0,3529464
tfaE_stfE_predicted,0.1111111111111111,8,8,CACTAGCGGTCCCGATGGGT,0,3477440
tfaE_stfE_predicted,0.1111111111111111,8,8,CACTACAGGTCGTAATATTG,0,3539220
tfaE_stfE_predicted,0.1111111111111111,8,8,CACGGTTGCCAATTTTCCAC,0,3535595
tfaE_stfE_predicted,0.1111111111111111,8,8,CACGCAAGCTAAATCAACGA,0,3466653
tfaE_stfE_predicted,0.1111111111111111,8,8,CACGATGTTCGGATCCTGCA,0,3512840
tfaE_stfE_predicted,0.1111111111111111,8,8,CACGAATCCAAAAGGTCTGT,0,3484855
tfaE_stfE_predicted,0.1111111111111111,8,8,CACCGAGACATACAGTGAAC,0,3488284
tfaE_stfE_predicted,0.1111111111111111,8,8,CACCCCGGAGAGTGGAATGC,0,3502141
tfaE_stfE_predicted,0.1111111111111111,8,8,CACATTGGACTCACGGATTG,0,3478108
tfaE_stfE_predicted,0.1111111111111111,8,8,CACATACAACGTGGTTTCAT,0,3528714
tfaE_stfE_predicted,0.1111111111111111,8,8,CACACACGTTCAGGGTGGGA,0,3466954
tfaE_stfE_predicted,0.1111111111111111,8,8,CACAAGTCCCTAGCTGAGAG,0,3494786
tfaE_stfE_predicted,0.1111111111111111,8,8,CAATTCAGTTTCCGACGCGA,0,3504023
tfaE_stfE_predicted,0.1111111111111111,8,8,CAATCATTAACAAGCTGTTG,0,3471132
tfaE_stfE_predicted,0.1111111111111111,8,8,CAATACCACAGACTGGCCAT,0,3506837
tfaE_stfE_predicted,0.1111111111111111,8,8,CAAGGAAGGGAGTCAGGGCT,0,3467620
tfaE_stfE_predicted,0.1111111111111111,8,8,CAAGCTTTATGCTCATGAAA,0,3528877
tfaE_stfE_predicted,0.1111111111111111,8,8,CAAGCTCTTAATTCCCTGAC,0,3501177
tfaE_stfE_predicted,0.1111111111111111,8,8,CAAGCGGCCTGGGTTACGGC,0,3533768
tfaE_stfE_predicted,0.1111111111111111,8,8,CAAGCCTGGAGGCTAGATGA,0,3541251
tfaE_stfE_predicted,0.1111111111111111,8,8,CAAGATCTTCTACAGATCGA,0,3520742
tfaE_stfE_predicted,0.1111111111111111,8,8,CAAGAGTTCGGAATTCGTCA,0,3536584
tfaE_stfE_predicted,0.1111111111111111,8,8,CAACTGTGCAATAAGATGTC,0,3506447
tfaE_stfE_predicted,0.1111111111111111,8,8,CAACTCTGGAGAACCGGGAA,0,3511291
tfaE_stfE_predicted,0.1111111111111111,8,8,CAAATTACTGTCGGTGAGTC,0,3536686
tfaE_stfE_predicted,0.1111111111111111,8,8,CAAATCCCACACCGATGGGT,0,3528981
tfaE_stfE_predicted,0.1111111111111111,8,8,CAAAGGCGATGCTAAGATGT,0,3480699
tfaE_stfE_predicted,0.1111111111111111,8,8,CAAACTCGGAAAATGCATCG,0,3502366
tfaE_stfE_predicted,0.1111111111111111,8,8,CAAAATGTTCCACGACCACT,0,3515007
tfaE_stfE_predicted,0.1111111111111111,8,8,ATTTTTACTGCCTGCTTCAC,0,3488024
tfaE_stfE_predicted,0.1111111111111111,8,8,ATTTTCTATTCCGCTTAAAC,0,3525619
tfaE_stfE_predicted,0.1111111111111111,8,8,ATTTTCGTCTATCGATTGGT,0,3525826
tfaE_stfE_predicted,0.1111111111111111,8,8,ATTTGTTTATACCTAGGGTC,0,3511434
tfaE_stfE_predicted,0.1111111111111111,8,8,ATTTGGACATTGACCTGGCA,0,3523798
tfaE_stfE_predicted,0.1111111111111111,8,8,ATTTAATCAGTTTGAGGGGT,0,3467054
tfaE_stfE_predicted,0.1111111111111111,8,8,ATTGTTTCGTGTGCCGAGGT,0,3512065
tfaE_stfE_predicted,0.1111111111111111,8,8,ATTGGCCAACCTACTCTAAT,0,3513173
tfaE_stfE_predicted,0.1111111111111111,8,8,ATTGCTAGTCGGTTCTCCAA,0,3525464
tfaE_stfE_predicted,0.1111111111111111,8,8,ATTGCGGACTCGGGGATCTG,0,3532492
tfaE_stfE_predicted,0.1111111111111111,8,8,ATTGCGCGGTCTGAAATGTC,0,3502430
tfaE_stfE_predicted,0.1111111111111111,8,8,ATTCTAGCGCGTAAGTCACC,0,3536427
tfaE_stfE_predicted,0.1111111111111111,8,8,ATTCGTCTTACAAATTTCAT,0,3516821
tfaE_stfE_predicted,0.1111111111111111,8,8,ATTCGCGAATCGGCCCAGGC,0,3489706
tfaE_stfE_predicted,0.1111111111111111,8,8,ATTCGATTTATGATTCATGT,0,3482311
tfaE_stfE_predicted,0.1111111111111111,8,8,ATTCACAAAGATTCGGTTTG,0,3522343
tfaE_stfE_predicted,0.1111111111111111,8,8,ATTATGGAGATTCTATTCTT,0,3487866
tfaE_stfE_predicted,0.1111111111111111,8,8,ATTATGCGCGCTCATAGGGT,0,3538869
tfaE_stfE_predicted,0.1111111111111111,8,8,ATTAGGCGAGGCTAGTGATC,0,3508178
tfaE_stfE_predicted,0.1111111111111111,8,8,ATTAAGCGGTCATTCTGTCG,0,3538088
tfaE_stfE_predicted,0.1111111111111111,8,8,ATGTTCCTAGCCTCAAGGTT,0,3531723
tfaE_stfE_predicted,0.1111111111111111,8,8,ATGGTTTGAACTGTGTTATA,0,3478147
tfaE_stfE_predicted,0.1111111111111111,8,8,ATGGGTTAGCAACTGGCACG,0,3484030
tfaE_stfE_predicted,0.1111111111111111,8,8,ATGGGCAGAGGAATCTGTTA,0,3537591
tfaE_stfE_predicted,0.1111111111111111,8,8,ATGGGAAAAACATTGACCGT,0,3526944
tfaE_stfE_predicted,0.1111111111111111,8,8,ATGGAAGAAGCCCGGTCCAA,0,3518395
tfaE_stfE_predicted,0.1111111111111111,8,8,ATGCTGGCTCTAAGCACTTC,0,3467977
tfaE_stfE_predicted,0.1111111111111111,8,8,ATGCTCAACGGATATCCCAA,0,3474520
tfaE_stfE_predicted,0.1111111111111111,8,8,ATGCTAAATCCACGTTGAAT,0,3506150
tfaE_stfE_predicted,0.1111111111111111,8,8,ATGCGTAACAGTGCTATTGC,0,3498312
tfaE_stfE_predicted,0.1111111111111111,8,8,ATGCGAGGAACCATGCGGAC,0,3524339
tfaE_stfE_predicted,0.1111111111111111,8,8,ATGCAGGGATCAATGTCTTA,0,3475838
tfaE_stfE_predicted,0.1111111111111111,8,8,ATGCACCCGTGTCGTGCGGC,0,3503494
tfaE_stfE_predicted,0.1111111111111111,8,8,ATGCAAGATGTTGGGTAGTT,0,3500027
tfaE_stfE_predicted,0.1111111111111111,8,8,ATGATTAGTGGGCCTGAATA,0,3527028
tfaE_stfE_predicted,0.1111111111111111,8,8,ATGACTGAGGGCATGACTAG,0,3480022
tfaE_stfE_predicted,0.1111111111111111,8,8,ATGACTCGTGCCAATAATCT,0,3497530
tfaE_stfE_predicted,0.1111111111111111,8,8,ATGACTATGCTGATGTGGAT,0,3532834
tfaE_stfE_predicted,0.1111111111111111,8,8,ATCTTCAGACTCTAAACTAC,0,3488822
tfaE_stfE_predicted,0.1111111111111111,8,8,ATCTCCCGTTTGGGTCACGA,0,3496741
tfaE_stfE_predicted,0.1111111111111111,8,8,ATCTCACTCTGTCTGCGCCA,0,3501068
tfaE_stfE_predicted,0.1111111111111111,8,8,ATCGTAAACAACATGAGTTA,0,3501656
tfaE_stfE_predicted,0.1111111111111111,8,8,ATCGGGAACTTCGAGAGCAG,0,3477715
tfaE_stfE_predicted,0.1111111111111111,8,8,ATCGGACGTTCCAGTAACTC,0,3494923
tfaE_stfE_predicted,0.1111111111111111,8,8,ATCCTCTACTTACCGCATGT,0,3476317
tfaE_stfE_predicted,0.1111111111111111,8,8,ATCCTACCAAGAGGCCGATG,0,3537941
tfaE_stfE_predicted,0.1111111111111111,8,8,ATCCCGAGGCTTGAGGTAGA,0,3492054
tfaE_stfE_predicted,0.1111111111111111,8,8,ATCCCACCGAACCCGCTTCC,0,3489727
tfaE_stfE_predicted,0.1111111111111111,8,8,ATCCAGTCCGGCCGGGATTT,0,3529409
tfaE_stfE_predicted,0.1111111111111111,8,8,ATCCACGCGATGACGGGGCA,0,3484234
tfaE_stfE_predicted,0.1111111111111111,8,8,ATCAGTCAGACTATTTGTGG,0,3509480
tfaE_stfE_predicted,0.1111111111111111,8,8,ATCACCGCTTTCTGAGGTTA,0,3539373
tfaE_stfE_predicted,0.1111111111111111,8,8,ATCAATTCCCAAACGTCGTT,0,3494405
tfaE_stfE_predicted,0.1111111111111111,8,8,ATCAAGGATTTTCACACCCG,0,3535585
tfaE_stfE_predicted,0.1111111111111111,8,8,ATCAACGGAATAAGGTAGCC,0,3512521
tfaE_stfE_predicted,0.1111111111111111,8,8,ATATTCTGCAAGCTCGCCGA,0,3516870
tfaE_stfE_predicted,0.1111111111111111,8,8,ATATGGTCACATTGCAACAA,0,3491696
tfaE_stfE_predicted,0.1111111111111111,8,8,ATATCGGGTCTGTTCCACTA,0,3518898
tfaE_stfE_predicted,0.1111111111111111,8,8,ATATCAGTGAAGGCTCAATT,0,3476715
tfaE_stfE_predicted,0.1111111111111111,8,8,ATATAAACTGCGGCGAAGCG,0,3479996
tfaE_stfE_predicted,0.1111111111111111,8,8,ATAGTCTGGTGAGGATAGTG,0,3497890
tfaE_stfE_predicted,0.1111111111111111,8,8,ATAGACAAGACGTCACGGAA,0,3521500
tfaE_stfE_predicted,0.1111111111111111,8,8,ATAGAAATGAAACGTACCAC,0,3524327
tfaE_stfE_predicted,0.1111111111111111,8,8,ATACATCTGCCGCGTAACGT,0,3528521
tfaE_stfE_predicted,0.1111111111111111,8,8,ATAATTTAGTACGTATTGGA,0,3513287
tfaE_stfE_predicted,0.1111111111111111,8,8,ATAATCAGGCAAGAACAATT,0,3511372
tfaE_stfE_predicted,0.1111111111111111,8,8,AGTTTTTGTATAAAACTAAT,0,3483025
tfaE_stfE_predicted,0.1111111111111111,8,8,AGTTTGTGCCGCTTATGCTA,0,3476271
tfaE_stfE_predicted,0.1111111111111111,8,8,AGTTGTACACCGTGACTGTA,0,3485849
tfaE_stfE_predicted,0.1111111111111111,8,8,AGTTCACGAGTAGAATGGTC,0,3527617
tfaE_stfE_predicted,0.1111111111111111,8,8,AGTTCAAGGACTGTTTCAGA,0,3468605
tfaE_stfE_predicted,0.1111111111111111,8,8,AGTTAAGCGCGCCTTCGAAA,0,3476161
tfaE_stfE_predicted,0.1111111111111111,8,8,AGTGGCGTTTCAAGACGTAC,0,3538259
tfaE_stfE_predicted,0.1111111111111111,8,8,AGTGGACTCTTTACGGGACG,0,3519956
tfaE_stfE_predicted,0.1111111111111111,8,8,AGTGCTGGAGAATCGCGCGA,0,3517040
tfaE_stfE_predicted,0.1111111111111111,8,8,AGTGACGGTTGCGCTGGTAG,0,3487110
tfaE_stfE_predicted,0.1111111111111111,8,8,AGTCTCCGCCTTGAAGACTG,0,3512659
tfaE_stfE_predicted,0.1111111111111111,8,8,AGTCTCAACGTAAACCCCGC,0,3487504
tfaE_stfE_predicted,0.1111111111111111,8,8,AGTCAAAATCGCTGGGACGA,0,3523067
tfaE_stfE_predicted,0.1111111111111111,8,8,AGTAGATTCCCAAAGTGGAG,0,3534015
tfaE_stfE_predicted,0.1111111111111111,8,8,AGTAGATGATCGCATGTAAG,0,3494038
tfaE_stfE_predicted,0.1111111111111111,8,8,AGTACCTATGTCTAAGACAC,0,3479576
tfaE_stfE_predicted,0.1111111111111111,8,8,AGTAACCTGGCACCACTATG,0,3496449
tfaE_stfE_predicted,0.1111111111111111,8,8,AGGTTGAACCCGATCCTAGA,0,3515958
tfaE_stfE_predicted,0.1111111111111111,8,8,AGGTGTTAGGACAATAATGT,0,3471468
tfaE_stfE_predicted,0.1111111111111111,8,8,AGGTGTGAACGAAGCAACCA,0,3514167
tfaE_stfE_predicted,0.1111111111111111,8,8,AGGTGCCTCCTTCACCGGAA,0,3480926
tfaE_stfE_predicted,0.1111111111111111,8,8,AGGTAGCTCTATAGCCTCAG,0,3473152
tfaE_stfE_predicted,0.1111111111111111,8,8,AGGGTTTGCCTAGTTGCAAC,0,3509357
tfaE_stfE_predicted,0.1111111111111111,8,8,AGGGTTTATTTAGACAAAAA,0,3488467
tfaE_stfE_predicted,0.1111111111111111,8,8,AGGGTTTAAAGATATGGGAT,0,3499499
tfaE_stfE_predicted,0.1111111111111111,8,8,AGGGTTGTGACTATATATGG,0,3518158
tfaE_stfE_predicted,0.1111111111111111,8,8,AGGGTCTGTTCTCGCAGCTT,0,3529189
tfaE_stfE_predicted,0.1111111111111111,8,8,AGGGTCTCTCAGGACTCAGT,0,3474337
tfaE_stfE_predicted,0.1111111111111111,8,8,AGGGTCGATTTCCCACCCGT,0,3509472
tfaE_stfE_predicted,0.1111111111111111,8,8,AGGGTATTATTATGGTACCG,0,3492219
tfaE_stfE_predicted,0.1111111111111111,8,8,AGGGTACAATCGAATATCCT,0,3472290
tfaE_stfE_predicted,0.1111111111111111,8,8,AGGGGCTTCACACTGGGCTT,0,3525923
tfaE_stfE_predicted,0.1111111111111111,8,8,AGGGGCTAAAGCATAAGCCA,0,3491879
tfaE_stfE_predicted,0.1111111111111111,8,8,AGGCTGACGCCGCTGACATT,0,3531523
tfaE_stfE_predicted,0.1111111111111111,8,8,AGGCCATTTCAAGTAGGTGC,0,3519407
tfaE_stfE_predicted,0.1111111111111111,8,8,AGGCAACGGGTGTTGAAAAA,0,3491983
tfaE_stfE_predicted,0.1111111111111111,8,8,AGGATTGTGATGAGGATAGC,0,3531136
tfaE_stfE_predicted,0.1111111111111111,8,8,AGGATCACGTTCCCGTTGTC,0,3473797
tfaE_stfE_predicted,0.1111111111111111,8,8,AGGAGAGAGCTCTTCGCTGC,0,3506346
tfaE_stfE_predicted,0.1111111111111111,8,8,AGGAAGGTCTTCGGTTGTTC,0,3520444
tfaE_stfE_predicted,0.1111111111111111,8,8,AGGAACGTGGTGCCGCCCAC,0,3514294
tfaE_stfE_predicted,0.1111111111111111,8,8,AGCTTCGCTCGCGCGTCGCG,0,3520593
tfaE_stfE_predicted,0.1111111111111111,8,8,AGCTTCCATCGTCACTAGGT,0,3527405
tfaE_stfE_predicted,0.1111111111111111,8,8,AGCTGCTTTGGGGCAAGTAT,0,3501517
tfaE_stfE_predicted,0.1111111111111111,8,8,AGCTCCACATTGATGGCTGA,0,3537947
tfaE_stfE_predicted,0.1111111111111111,8,8,AGCTACTGTGTAGAGCCTAC,0,3479553
tfaE_stfE_predicted,0.1111111111111111,8,8,AGCTACTGCCGTTATATACG,0,3491119
tfaE_stfE_predicted,0.1111111111111111,8,8,AGCGTTCCCCTCCAGATCAA,0,3537382
tfaE_stfE_predicted,0.1111111111111111,8,8,AGCGGACCAGCCCAAAAAGG,0,3531274
tfaE_stfE_predicted,0.1111111111111111,8,8,AGCGCGTCTGCGTTTTCCGA,0,3527256
tfaE_stfE_predicted,0.1111111111111111,8,8,AGCGAGTATGCTCATAATGA,0,3493106
tfaE_stfE_predicted,0.1111111111111111,8,8,AGCGAACTTACCGCGCAGTA,0,3535927
tfaE_stfE_predicted,0.1111111111111111,8,8,AGCCGGCGCCACATGGGTTG,0,3518622
tfaE_stfE_predicted,0.1111111111111111,8,8,AGCCGGAGCTGACTGTTGCT,0,3488839
tfaE_stfE_predicted,0.1111111111111111,8,8,AGCCAGCGTGCCACATAAGC,0,3521300
tfaE_stfE_predicted,0.1111111111111111,8,8,AGCCAGAGAGTTCTCGGAAG,0,3480018
tfaE_stfE_predicted,0.1111111111111111,8,8,AGCCAAATGCTTCATGCTTA,0,3517256
tfaE_stfE_predicted,0.1111111111111111,8,8,AGCATATAGTATGCAGCCTT,0,3469551
tfaE_stfE_predicted,0.1111111111111111,8,8,AGCAATTCGACGCCTATGAG,0,3470489
tfaE_stfE_predicted,0.1111111111111111,8,8,AGATTAGTTACGCTGGTAGT,0,3479626
tfaE_stfE_predicted,0.1111111111111111,8,8,AGAGTTAAATGATCGCGTAG,0,3521503
tfaE_stfE_predicted,0.1111111111111111,8,8,AGAGTGGCGTTGGGCCGTGC,0,3540085
tfaE_stfE_predicted,0.1111111111111111,8,8,AGAGTCGTCATTGCTAACTC,0,3486579
tfaE_stfE_predicted,0.1111111111111111,8,8,AGAGTAAGGGTAGGCCATGC,0,3475718
tfaE_stfE_predicted,0.1111111111111111,8,8,AGAGGGAGAATACGGGAACA,0,3518551
tfaE_stfE_predicted,0.1111111111111111,8,8,AGAGAGGCGAGTAATAAGAT,0,3507918
tfaE_stfE_predicted,0.1111111111111111,8,8,AGAGAGCGGTAGTGTGAGCG,0,3511655
tfaE_stfE_predicted,0.1111111111111111,8,8,AGAGACTGAATAGGCGAGGC,0,3482717
tfaE_stfE_predicted,0.1111111111111111,8,8,AGAGAATCCACTCGCCCCAA,0,3536801
tfaE_stfE_predicted,0.1111111111111111,8,8,AGACGCGCGGTTGGCACCAT,0,3476717
tfaE_stfE_predicted,0.1111111111111111,8,8,AGACCTCCCCGGGCTTCTGA,0,3494348
tfaE_stfE_predicted,0.1111111111111111,8,8,AGAATTGTCCCCCTCACGCG,0,3514702
tfaE_stfE_predicted,0.1111111111111111,8,8,AGAAGGCTCCAACTGCGAAG,0,3478542
tfaE_stfE_predicted,0.1111111111111111,8,8,AGAAGCGTCAGTACAAAAGG,0,3517330
tfaE_stfE_predicted,0.1111111111111111,8,8,AGAACTGGACTATCTTCCAA,0,3475317
tfaE_stfE_predicted,0.1111111111111111,8,8,AGAAATGAGTGCTGCCAACC,0,3503164
tfaE_stfE_predicted,0.1111111111111111,8,8,ACTTTACTAAGGGCGGGGGG,0,3489163
tfaE_stfE_predicted,0.1111111111111111,8,8,ACTTGCTTGGAATATGGTTG,0,3493538
tfaE_stfE_predicted,0.1111111111111111,8,8,ACTTCCGTGGCAACCCATCC,0,3513336
tfaE_stfE_predicted,0.1111111111111111,8,8,ACTTAGATCAGCGCCCACCT,0,3483530
tfaE_stfE_predicted,0.1111111111111111,8,8,ACTTACATTTGCAGTCTATT,0,3476940
tfaE_stfE_predicted,0.1111111111111111,8,8,ACTTAAAATCGTAATAAGTA,0,3506604
tfaE_stfE_predicted,0.1111111111111111,8,8,ACTGTGGACTCTCAGGCCGT,0,3477176
tfaE_stfE_predicted,0.1111111111111111,8,8,ACTGTGGAAAACTCCGCGTT,0,3479366
tfaE_stfE_predicted,0.1111111111111111,8,8,ACTGGTCCGAAACTATAAAA,0,3499550
tfaE_stfE_predicted,0.1111111111111111,8,8,ACTGGGACATTGTTGGACCT,0,3536237
tfaE_stfE_predicted,0.1111111111111111,8,8,ACTGGCTAGACTGATGCCAC,0,3520766
tfaE_stfE_predicted,0.1111111111111111,8,8,ACTGGCAGACTCACATCGGA,0,3472770
tfaE_stfE_predicted,0.1111111111111111,8,8,ACTGCAGTCGTCCCCAGTCG,0,3537457
tfaE_stfE_predicted,0.1111111111111111,8,8,ACTGAAGGTCCGTCAATGGA,0,3501447
tfaE_stfE_predicted,0.1111111111111111,8,8,ACTCTGGGTGCTCCATAGTG,0,3494067
tfaE_stfE_predicted,0.1111111111111111,8,8,ACTCTACTTGCTTAGTAGAC,0,3506425
tfaE_stfE_predicted,0.1111111111111111,8,8,ACTCGTATGGATTACTAAGC,0,3515981
tfaE_stfE_predicted,0.1111111111111111,8,8,ACTCGTAGTTTGACGGAGGT,0,3507717
tfaE_stfE_predicted,0.1111111111111111,8,8,ACTCCACGGCATTACGAATG,0,3525642
tfaE_stfE_predicted,0.1111111111111111,8,8,ACTCATCCCCAGATCCCGTA,0,3534369
tfaE_stfE_predicted,0.1111111111111111,8,8,ACTATTGTGCTGAGGAATGC,0,3524879
tfaE_stfE_predicted,0.1111111111111111,8,8,ACTAGCGTACCCCTATGCAT,0,3535391
tfaE_stfE_predicted,0.1111111111111111,8,8,ACTACTCCCCCTGTCTTAAC,0,3479138
tfaE_stfE_predicted,0.1111111111111111,8,8,ACTAAGAATGGGTTGTTGAC,0,3504166
tfaE_stfE_predicted,0.1111111111111111,8,8,ACGTTTCCGCGTGGTCATCG,0,3467273
tfaE_stfE_predicted,0.1111111111111111,8,8,ACGTTATACGGGGTGCCAAT,0,3535965
tfaE_stfE_predicted,0.1111111111111111,8,8,ACGTGATCATTGCGCGAGAT,0,3518124
tfaE_stfE_predicted,0.1111111111111111,8,8,ACGTATTTTGTCTGAGTTCC,0,3488031
tfaE_stfE_predicted,0.1111111111111111,8,8,ACGTACTATTGACAGGAGTT,0,3529851
tfaE_stfE_predicted,0.1111111111111111,8,8,ACGTAACATCAGTTCTCTTC,0,3476362
tfaE_stfE_predicted,0.1111111111111111,8,8,ACGGTTGTTTTTAAAGTAGT,0,3534304
tfaE_stfE_predicted,0.1111111111111111,8,8,ACGGTTGGGACCCGCCCGGA,0,3519872
tfaE_stfE_predicted,0.1111111111111111,8,8,ACGGTCTTTCAGTCTGGCGC,0,3528246
tfaE_stfE_predicted,0.1111111111111111,8,8,ACGGGCCTCTCCGTGAAACA,0,3530902
tfaE_stfE_predicted,0.1111111111111111,8,8,ACGGGAGAAAGGCTGGAGAT,0,3490870
tfaE_stfE_predicted,0.1111111111111111,8,8,ACGGCTGGCAGTCGCATACT,0,3513721
tfaE_stfE_predicted,0.1111111111111111,8,8,ACGGCAAGGAATCTTGCAAT,0,3508794
tfaE_stfE_predicted,0.1111111111111111,8,8,ACGGATCAACGCCCTCCTGG,0,3504130
tfaE_stfE_predicted,0.1111111111111111,8,8,ACGGATATCCAAATCGCTAC,0,3471593
tfaE_stfE_predicted,0.1111111111111111,8,8,ACGGACACATGTCTCCACCA,0,3479245
tfaE_stfE_predicted,0.1111111111111111,8,8,ACGCTTTATGCCTGGTGAAT,0,3527200
tfaE_stfE_predicted,0.1111111111111111,8,8,ACGCTCATTCGACTGTACGC,0,3502748
tfaE_stfE_predicted,0.1111111111111111,8,8,ACGCGGTCCGTGACACTTTA,0,3474885
tfaE_stfE_predicted,0.1111111111111111,8,8,ACGCGACCAAGGGAGAGTGA,0,3492095
tfaE_stfE_predicted,0.1111111111111111,8,8,ACGCCTGGTCATAGATTACT,0,3537357
tfaE_stfE_predicted,0.1111111111111111,8,8,ACGCCCAAATAAGCGGGTCA,0,3487726
tfaE_stfE_predicted,0.1111111111111111,8,8,ACGCAATCTCCATCATGGGT,0,3530205
tfaE_stfE_predicted,0.1111111111111111,8,8,ACGCAACGCCTTCATTGTAC,0,3469539
tfaE_stfE_predicted,0.1111111111111111,8,8,ACGATGTGCCCAAGGAATCT,0,3511567
tfaE_stfE_predicted,0.1111111111111111,8,8,ACGAGCGTTGCTTCACACAA,0,3496831
tfaE_stfE_predicted,0.1111111111111111,8,8,ACGAGACGACAATTAAATCA,0,3503129
tfaE_stfE_predicted,0.1111111111111111,8,8,ACGACCGCTGTGATTGCGGC,0,3521115
tfaE_stfE_predicted,0.1111111111111111,8,8,ACGAAGCCAACCGGATCCAA,0,3515738
tfaE_stfE_predicted,0.1111111111111111,8,8,ACCTTGGAAGCTCCCACCCT,0,3483174
tfaE_stfE_predicted,0.1111111111111111,8,8,ACCTTCATCTTGAGCGTAAT,0,3529989
tfaE_stfE_predicted,0.1111111111111111,8,8,ACCTCGGCGCGCCCCAGTGT,0,3489512
tfaE_stfE_predicted,0.1111111111111111,8,8,ACCTCAGCACGGGTTGACTA,0,3497983
tfaE_stfE_predicted,0.1111111111111111,8,8,ACCGCAGTCTTTACCTGCAG,0,3534610
tfaE_stfE_predicted,0.1111111111111111,8,8,ACCGAGGGACTGGGAATGTT,0,3472259
tfaE_stfE_predicted,0.1111111111111111,8,8,ACCCTTGGGGACATATCGTG,0,3540347
tfaE_stfE_predicted,0.1111111111111111,8,8,ACCCTACGTTCTCCCGGCGC,0,3499846
tfaE_stfE_predicted,0.1111111111111111,8,8,ACCCGGAACGCGTTTCCAAT,0,3488561
tfaE_stfE_predicted,0.1111111111111111,8,8,ACCCCTCAACTGGTGCATGG,0,3536171
tfaE_stfE_predicted,0.1111111111111111,8,8,ACCCATGTTATCGCTCGGGT,0,3498032
tfaE_stfE_predicted,0.1111111111111111,8,8,ACCCACTCTACTCAATATTC,0,3489657
tfaE_stfE_predicted,0.1111111111111111,8,8,ACCAGTCTCTACCCCCGCCC,0,3503427
tfaE_stfE_predicted,0.1111111111111111,8,8,ACCAGATACCTCTGGGGCGG,0,3488085
tfaE_stfE_predicted,0.1111111111111111,8,8,ACCACTGCCTATCTTACATG,0,3524989
tfaE_stfE_predicted,0.1111111111111111,8,8,ACATGCCGCGGGCGCAGGAT,0,3488457
tfaE_stfE_predicted,0.1111111111111111,8,8,ACATATGCGTGTTAGCTGGA,0,3502805
tfaE_stfE_predicted,0.1111111111111111,8,8,ACATACAGTTGCCAAGATTT,0,3526109
tfaE_stfE_predicted,0.1111111111111111,8,8,ACAGGGAGCACCACCGCAAT,0,3496054
tfaE_stfE_predicted,0.1111111111111111,8,8,ACAGCGAACGAATGTCCCTT,0,3473985
tfaE_stfE_predicted,0.1111111111111111,8,8,ACAGCCTTTTGAGATGCATC,0,3538150
tfaE_stfE_predicted,0.1111111111111111,8,8,ACAGCAAGCATGCTACTATT,0,3477082
tfaE_stfE_predicted,0.1111111111111111,8,8,ACACGCGGTTGCAAGCTCAT,0,3474273
tfaE_stfE_predicted,0.1111111111111111,8,8,ACAAATGATTTCTCCGCCTA,0,3479734
tfaE_stfE_predicted,0.1111111111111111,8,8,ACAAATCCGTATTTAGAGTA,0,3489271
tfaE_stfE_predicted,0.1111111111111111,8,8,ACAAAGCGTTCACTAGGAAG,0,3467095
tfaE_stfE_predicted,0.1111111111111111,8,8,AATTCCCTGTCATCCGTTAT,0,3515627
tfaE_stfE_predicted,0.1111111111111111,8,8,AATTAGGCCAGATCTCCGAG,0,3514435
tfaE_stfE_predicted,0.1111111111111111,8,8,AATGGGAAGGGGTCTACAAG,0,3491684
tfaE_stfE_predicted,0.1111111111111111,8,8,AATGAAGGATCACTTAACTT,0,3478273
tfaE_stfE_predicted,0.1111111111111111,8,8,AATCTGAAGCTTATCACGGT,0,3501773
tfaE_stfE_predicted,0.1111111111111111,8,8,AATCGTCAGTGTCTTACGCC,0,3534770
tfaE_stfE_predicted,0.1111111111111111,8,8,AATCCGTATACGTTTTGCCT,0,3529709
tfaE_stfE_predicted,0.1111111111111111,8,8,AATCAAGCTGCGCACTTGAA,0,3481163
tfaE_stfE_predicted,0.1111111111111111,8,8,AATAGAAGCAGTCTGCTCTT,0,3469003
tfaE_stfE_predicted,0.1111111111111111,8,8,AATACTCGAGTGCAGTTTCC,0,3486095
tfaE_stfE_predicted,0.1111111111111111,8,8,AATAACCGCGCATATTAGGC,0,3525485
tfaE_stfE_predicted,0.1111111111111111,8,8,AAGTTGGGTCCGTCATTCTG,0,3497232
tfaE_stfE_predicted,0.1111111111111111,8,8,AAGTGCGAGGGTTCAAAGTA,0,3526553
tfaE_stfE_predicted,0.1111111111111111,8,8,AAGTCTGGATTTTGAACTGC,0,3489731
tfaE_stfE_predicted,0.1111111111111111,8,8,AAGTCCCATATCAGGTACTA,0,3505180
tfaE_stfE_predicted,0.1111111111111111,8,8,AAGGTGGCTAGTAAGTACTA,0,3528513
tfaE_stfE_predicted,0.1111111111111111,8,8,AAGGTGCCTAAAAGTCGGTA,0,3480769
tfaE_stfE_predicted,0.1111111111111111,8,8,AAGGTGAGAGAGTAGGGGCA,0,3537908
tfaE_stfE_predicted,0.1111111111111111,8,8,AAGGGGGGATCTCGTAACTC,0,3525323
tfaE_stfE_predicted,0.1111111111111111,8,8,AAGGCTAAAGATATATCTAT,0,3492686
tfaE_stfE_predicted,0.1111111111111111,8,8,AAGGATCAACGAGCTATCTT,0,3492743
tfaE_stfE_predicted,0.1111111111111111,8,8,AAGCTCGGGTAGGCACAGAA,0,3483296
tfaE_stfE_predicted,0.1111111111111111,8,8,AAGCGCATCTTAACCACCGG,0,3523889
tfaE_stfE_predicted,0.1111111111111111,8,8,AAGCGATATACGGTATCGAC,0,3512252
tfaE_stfE_predicted,0.1111111111111111,8,8,AAGATTGGACTTGGATTCAA,0,3538254
tfaE_stfE_predicted,0.1111111111111111,8,8,AAGATACTGTGCCGCATCGC,0,3500159
tfaE_stfE_predicted,0.1111111111111111,8,8,AAGAGCAAGTCCTTTCATCT,0,3471252
tfaE_stfE_predicted,0.1111111111111111,8,8,AAGACTCCAGAGCGTTCGAA,0,3513383
tfaE_stfE_predicted,0.1111111111111111,8,8,AACTTCCGTTAATCGCCCGA,0,3478029
tfaE_stfE_predicted,0.1111111111111111,8,8,AACTCGGGCAACAAGGGTCT,0,3504293
tfaE_stfE_predicted,0.1111111111111111,8,8,AACTAACAATTTTGACTTGC,0,3497203
tfaE_stfE_predicted,0.1111111111111111,8,8,AACGTTTAGATTCCGGTTCA,0,3496069
tfaE_stfE_predicted,0.1111111111111111,8,8,AACGTGAGAATGCGAATCAC,0,3509588
tfaE_stfE_predicted,0.1111111111111111,8,8,AACGACGTCGGCGCACTTGG,0,3485341
tfaE_stfE_predicted,0.1111111111111111,8,8,AACCTGGTTGATTTGAGGGT,0,3475563
tfaE_stfE_predicted,0.1111111111111111,8,8,AACCGGCATGGTGATTGAAC,0,3497980
tfaE_stfE_predicted,0.1111111111111111,8,8,AACAGTTCGTCTGTGAGGCG,0,3502244
tfaE_stfE_predicted,0.1111111111111111,8,8,AACAGCTCGGGGTCGAGTAG,0,3503978
tfaE_stfE_predicted,0.1111111111111111,8,8,AACAGATCCTTGACAATGGA,0,3508438
tfaE_stfE_predicted,0.1111111111111111,8,8,AACAACCACCGCTACAACAA,0,3485771
tfaE_stfE_predicted,0.1111111111111111,8,8,AAATTATCCCGTGAGCCAAC,0,3498396
tfaE_stfE_predicted,0.1111111111111111,8,8,AAATGGATCCATGCAAAGAC,0,3467883
tfaE_stfE_predicted,0.1111111111111111,8,8,AAATGCAGCGCGTTTAACGG,0,3536210
tfaE_stfE_predicted,0.1111111111111111,8,8,AAATATACTCAAAGTGCGTA,0,3478537
tfaE_stfE_predicted,0.1111111111111111,8,8,AAATAGGGAGTTCAAGGACA,0,3521354
tfaE_stfE_predicted,0.1111111111111111,8,8,AAAGGGCGTTACGTCATAAA,0,3533822
tfaE_stfE_predicted,0.1111111111111111,8,8,AAAGAGGCGCTCCCAAAGCC,0,3468024
tfaE_stfE_predicted,0.1111111111111111,8,8,AAACTGTATCGATCTTCGAT,0,3522814
tfaE_stfE_predicted,0.1111111111111111,8,8,AAACTGCTACTTTGAGGTTT,0,3505280
tfaE_stfE_predicted,0.1111111111111111,8,8,AAACAGAGACCATGACAATG,0,3525989
tfaE_stfE_predicted,0.1111111111111111,8,8,AAAATTTCATGGTGAAAGTA,0,3525367
tfaE_stfE_predicted,0.1111111111111111,8,8,AAAACTTTTGCGGATACGAG,0,3534713
tfaE_stfE_predicted,0.1111111111111111,8,8,AAAACACTCGCGACGACGTG,0,3540386
tfaE_stfE_predicted,0.125,7,7,TTTTTCGTCTTGTCGTCAAA,0,3528863
tfaE_stfE_predicted,0.125,7,7,TTTTGCTCGGGCAGGTGATG,0,3533463
tfaE_stfE_predicted,0.125,7,7,TTTTGCGCCCCGTTCCGAGG,0,3520958
tfaE_stfE_predicted,0.125,7,7,TTTTGCCCACATAGGGGCAG,0,3501811
tfaE_stfE_predicted,0.125,7,7,TTTTGATTGTCTACCATCTG,0,3485542
tfaE_stfE_predicted,0.125,7,7,TTTTGAGAGCCATTCTTGTG,0,3500222
tfaE_stfE_predicted,0.125,7,7,TTTTAGTTCACCCTAATACC,0,3521319
tfaE_stfE_predicted,0.125,7,7,TTTTACTCAGGCCCGGTGTA,0,3482407
tfaE_stfE_predicted,0.125,7,7,TTTGTGGTTCTTGCGCGCCA,0,3474248
tfaE_stfE_predicted,0.125,7,7,TTTGTCGGCAAAAGGATCTC,0,3483558
tfaE_stfE_predicted,0.125,7,7,TTTGTCATAAGGCAGGAGCG,0,3530324
tfaE_stfE_predicted,0.125,7,7,TTTGGGTGTAAGCATGGCAT,0,3513872
tfaE_stfE_predicted,0.125,7,7,TTTGCATGGTCAGTCAGTCG,0,3515442
tfaE_stfE_predicted,0.125,7,7,TTTGAGTTATCTACAAGTGT,0,3495757
tfaE_stfE_predicted,0.125,7,7,TTTGAATTATAAATCGCAAT,0,3487285
tfaE_stfE_predicted,0.125,7,7,TTTCTGCGTAGACGATGCGT,0,3509597
tfaE_stfE_predicted,0.125,7,7,TTTCTCATTTATTCATTCGC,0,3479360
tfaE_stfE_predicted,0.125,7,7,TTTCCGAGTCTTCAAGCGTG,0,3524871
tfaE_stfE_predicted,0.125,7,7,TTTCCAACGATGCCGCACCT,0,3485556
tfaE_stfE_predicted,0.125,7,7,TTTCAATTGGTCGTATTGAC,0,3514616
tfaE_stfE_predicted,0.125,7,7,TTTATTCAGCTGGGTAAGGC,0,3521340
tfaE_stfE_predicted,0.125,7,7,TTTATTCAGCGGGGATGCTT,0,3500821
tfaE_stfE_predicted,0.125,7,7,TTTATATCTCGAGTGCGTAC,0,3526722
tfaE_stfE_predicted,0.125,7,7,TTTAGTTACAGCTTATAGTT,0,3506922
tfaE_stfE_predicted,0.125,7,7,TTTAGCCGTGGTTTCATTCA,0,3474770
tfaE_stfE_predicted,0.125,7,7,TTTAGCACGTATCACAAACA,0,3475749
tfaE_stfE_predicted,0.125,7,7,TTTAGACGGCCCCGGTCCAG,0,3495639
tfaE_stfE_predicted,0.125,7,7,TTTACCGCTACTGGATACGT,0,3502418
tfaE_stfE_predicted,0.125,7,7,TTTAAGCATGTCGGAAGACA,0,3520922
tfaE_stfE_predicted,0.125,7,7,TTTAAAGAGGTCAGTGTAAA,0,3496805
tfaE_stfE_predicted,0.125,7,7,TTGTTCTGAATGGTACCGTT,0,3510671
tfaE_stfE_predicted,0.125,7,7,TTGTTATGGTCAGAAGATGT,0,3476666
tfaE_stfE_predicted,0.125,7,7,TTGTTAGGGGGCAAGCCCAC,0,3486933
tfaE_stfE_predicted,0.125,7,7,TTGTGGGTGAAAGTGTAATA,0,3519068
tfaE_stfE_predicted,0.125,7,7,TTGTACTTTTGTACAGTTAC,0,3486951
tfaE_stfE_predicted,0.125,7,7,TTGGTGACCAAGCCACGAGT,0,3534617
tfaE_stfE_predicted,0.125,7,7,TTGGGTCCAAAAGTGTTGTG,0,3498148
tfaE_stfE_predicted,0.125,7,7,TTGGGGCCACCAGATGTACT,0,3525325
tfaE_stfE_predicted,0.125,7,7,TTGGCGTGCTTACGATCTTC,0,3510108
tfaE_stfE_predicted,0.125,7,7,TTGGCCCGAAGATAGGTTGC,0,3534948
tfaE_stfE_predicted,0.125,7,7,TTGGCCCCAAGCTGCGGGTT,0,3508699
tfaE_stfE_predicted,0.125,7,7,TTGCTATGGACCTTGTAGGC,0,3488361
tfaE_stfE_predicted,0.125,7,7,TTGCGGGAACCCGTAGGTGG,0,3508604
tfaE_stfE_predicted,0.125,7,7,TTGCCAAAGCCCCGCCCAGC,0,3530849
tfaE_stfE_predicted,0.125,7,7,TTGCAAGGCCGAGCCGATCG,0,3514365
tfaE_stfE_predicted,0.125,7,7,TTGATCCTTTTAGTACGTCT,0,3486832
tfaE_stfE_predicted,0.125,7,7,TTGAATTGTGTAAATTGGTG,0,3493188
tfaE_stfE_predicted,0.125,7,7,TTGAAAGCCTAACTACGTGA,0,3517358
tfaE_stfE_predicted,0.125,7,7,TTCTGAACACAACACGGGGG,0,3539774
tfaE_stfE_predicted,0.125,7,7,TTCTCCTGGATAAGCATCGA,0,3518242
tfaE_stfE_predicted,0.125,7,7,TTCTCCACAAATGTAGGCAG,0,3479715
tfaE_stfE_predicted,0.125,7,7,TTCGTTAAAGCAAGCGTTCG,0,3472482
tfaE_stfE_predicted,0.125,7,7,TTCGTCGAGGTCACCGAGAA,0,3529914
tfaE_stfE_predicted,0.125,7,7,TTCGTATCAACTAGGCGGGT,0,3498050
tfaE_stfE_predicted,0.125,7,7,TTCGGGGCAACTCAAAGGAG,0,3519807
tfaE_stfE_predicted,0.125,7,7,TTCGGCGAGGAACAACCGGT,0,3492977
tfaE_stfE_predicted,0.125,7,7,TTCGCTCGTATTGGCCCTAT,0,3488140
tfaE_stfE_predicted,0.125,7,7,TTCGACCGGATGAGCTGGAG,0,3513830
tfaE_stfE_predicted,0.125,7,7,TTCCTGCTCTTCCGTTAAGA,0,3505350
tfaE_stfE_predicted,0.125,7,7,TTCCGAAGTTAACTGACCTA,0,3486264
tfaE_stfE_predicted,0.125,7,7,TTCCAGGCGATTCTGGTTAC,0,3477930
tfaE_stfE_predicted,0.125,7,7,TTCATCTGTAGCAGGTAGTC,0,3515832
tfaE_stfE_predicted,0.125,7,7,TTCAGTCACAGGAGAACGGA,0,3502808
tfaE_stfE_predicted,0.125,7,7,TTCACAGTTGACGTGTATTG,0,3485240
tfaE_stfE_predicted,0.125,7,7,TTCAAGTACGATAATCCAGA,0,3509984
tfaE_stfE_predicted,0.125,7,7,TTATGGTGAGAAACTTCCAC,0,3532588
tfaE_stfE_predicted,0.125,7,7,TTATGGGAAGTATGAATTCT,0,3467937
tfaE_stfE_predicted,0.125,7,7,TTATGGAACGAACTTCGTTC,0,3476321
tfaE_stfE_predicted,0.125,7,7,TTATCTTAGATGAATGACAA,0,3539348
tfaE_stfE_predicted,0.125,7,7,TTATCAAGTGTATGTTCCTA,0,3507012
tfaE_stfE_predicted,0.125,7,7,TTATATTACTGTATGTTACT,0,3511446
tfaE_stfE_predicted,0.125,7,7,TTATAAGTTTGGAGAGACAA,0,3514283
tfaE_stfE_predicted,0.125,7,7,TTAGGCTAGACAGGAACATA,0,3538946
tfaE_stfE_predicted,0.125,7,7,TTAGGATAGTCTGGGTGGTG,0,3537081
tfaE_stfE_predicted,0.125,7,7,TTAGCATCCGCCCACCACCT,0,3536707
tfaE_stfE_predicted,0.125,7,7,TTAGCAGCGTTGACGTTTAG,0,3495753
tfaE_stfE_predicted,0.125,7,7,TTAGACATAGCGGCTCTACA,0,3524567
tfaE_stfE_predicted,0.125,7,7,TTAGACACGGTTTGTATACA,0,3468214
tfaE_stfE_predicted,0.125,7,7,TTACTATCTCGGAAACCTCA,0,3500917
tfaE_stfE_predicted,0.125,7,7,TTACGGACTGGCAGCGCCGA,0,3527031
tfaE_stfE_predicted,0.125,7,7,TTACCTAACATTAACGTTTC,0,3485065
tfaE_stfE_predicted,0.125,7,7,TTACATTTTGCAACTCTGAC,0,3493194
tfaE_stfE_predicted,0.125,7,7,TTACATGCTGACGTTTTCTG,0,3487794
tfaE_stfE_predicted,0.125,7,7,TTACATAGAAAGCCAACTCA,0,3472837
tfaE_stfE_predicted,0.125,7,7,TTACAGTCAGGTCCTTAGCA,0,3497785
tfaE_stfE_predicted,0.125,7,7,TTACAGCGCATGATATCCGT,0,3516151
tfaE_stfE_predicted,0.125,7,7,TTACACGTCACATAGCCGCA,0,3518929
tfaE_stfE_predicted,0.125,7,7,TTAATTTCATCTGTCTGGGG,0,3526159
tfaE_stfE_predicted,0.125,7,7,TTAAGGGATTCTTTTATATT,0,3472333
tfaE_stfE_predicted,0.125,7,7,TTAACTCGTGGATATCAAAG,0,3500283
tfaE_stfE_predicted,0.125,7,7,TTAACCTTCCGTTACGTGAG,0,3471775
tfaE_stfE_predicted,0.125,7,7,TTAACAGCTCCTATCATGAC,0,3507879
tfaE_stfE_predicted,0.125,7,7,TTAAATTCTTCATTCTAGGG,0,3530484
tfaE_stfE_predicted,0.125,7,7,TTAAAGGATCACCGCTTTCA,0,3503864
tfaE_stfE_predicted,0.125,7,7,TTAAAACTCGGCTTTCGTGA,0,3533405
tfaE_stfE_predicted,0.125,7,7,TGTTTTCGTACGTTTTTGAC,0,3482947
tfaE_stfE_predicted,0.125,7,7,TGTTTTAAAAGGTAAATAAT,0,3477943
tfaE_stfE_predicted,0.125,7,7,TGTTTCTTTTCTTAGAGCTA,0,3535822
tfaE_stfE_predicted,0.125,7,7,TGTTTATCAACGGATCATGG,0,3527287
tfaE_stfE_predicted,0.125,7,7,TGTTGAGATACAAGGGATGG,0,3526952
tfaE_stfE_predicted,0.125,7,7,TGTTAGAGGCTCACGCGGGG,0,3487239
tfaE_stfE_predicted,0.125,7,7,TGTTACCTCTGCCTACACCT,0,3467874
tfaE_stfE_predicted,0.125,7,7,TGTGTTTTGGGAATACGCAG,0,3521578
tfaE_stfE_predicted,0.125,7,7,TGTGTACAGTGTAACGGCGC,0,3491003
tfaE_stfE_predicted,0.125,7,7,TGTGGTTCCCGTACACGAAA,0,3495880
tfaE_stfE_predicted,0.125,7,7,TGTGCCTGCAATTGGCTAAA,0,3532520
tfaE_stfE_predicted,0.125,7,7,TGTGCAAGCGTGGATCCCTA,0,3492791
tfaE_stfE_predicted,0.125,7,7,TGTGATCGAGTGTTAACCGG,0,3514247
tfaE_stfE_predicted,0.125,7,7,TGTGAGATGGCAACCCTGGA,0,3523986
tfaE_stfE_predicted,0.125,7,7,TGTCTTATCGTTGGGCAGCC,0,3538692
tfaE_stfE_predicted,0.125,7,7,TGTCTCACGTTGGTCTAATT,0,3493537
tfaE_stfE_predicted,0.125,7,7,TGTCGTCAACCGTTGTTTTT,0,3506813
tfaE_stfE_predicted,0.125,7,7,TGTCCTGCGCGTACGGCAAC,0,3528518
tfaE_stfE_predicted,0.125,7,7,TGTCCGTGACTAAGTTACGT,0,3504816
tfaE_stfE_predicted,0.125,7,7,TGTCATTACGGTCATTTTGT,0,3468093
tfaE_stfE_predicted,0.125,7,7,TGTCAAGGAGACCTGAGCTC,0,3533749
tfaE_stfE_predicted,0.125,7,7,TGTACTCTAGAATCGGGAAT,0,3505839
tfaE_stfE_predicted,0.125,7,7,TGTACGCTGCATGATGCCCG,0,3488091
tfaE_stfE_predicted,0.125,7,7,TGTACCTTAGAAATGCGGAC,0,3504181
tfaE_stfE_predicted,0.125,7,7,TGTACAGTCTCTGGACTGGT,0,3502262
tfaE_stfE_predicted,0.125,7,7,TGTACACGACGACGAAGGTA,0,3499417
tfaE_stfE_predicted,0.125,7,7,TGTAATGGCTTTACATGAGA,0,3498958
tfaE_stfE_predicted,0.125,7,7,TGTAAGACGAAACTAACTGA,0,3521272
tfaE_stfE_predicted,0.125,7,7,TGTAACGGCCAGTTACTTGT,0,3540478
tfaE_stfE_predicted,0.125,7,7,TGGTTGTGTTCGAAGAAGGA,0,3525876
tfaE_stfE_predicted,0.125,7,7,TGGTTATCGAATAATAAGTC,0,3523425
tfaE_stfE_predicted,0.125,7,7,TGGTCGTCGGCAGACGCCCC,0,3498784
tfaE_stfE_predicted,0.125,7,7,TGGGTGTGAATGCAAGACAT,0,3538094
tfaE_stfE_predicted,0.125,7,7,TGGGTCCACACTGCTCGGAG,0,3541133
tfaE_stfE_predicted,0.125,7,7,TGGGGTGTCTGTCGTGTTCG,0,3519182
tfaE_stfE_predicted,0.125,7,7,TGGGGTATTCGCATCTTGGT,0,3530793
tfaE_stfE_predicted,0.125,7,7,TGGGGCTGGCTGTACGAGAA,0,3523920
tfaE_stfE_predicted,0.125,7,7,TGGGGCGTGGGTCGGTGCAA,0,3500038
tfaE_stfE_predicted,0.125,7,7,TGGGGAGGACGGATACCCTA,0,3481892
tfaE_stfE_predicted,0.125,7,7,TGGGACTGTGAGGGCAGGCA,0,3480220
tfaE_stfE_predicted,0.125,7,7,TGGCTTGGCAGGAAATGTAT,0,3540722
tfaE_stfE_predicted,0.125,7,7,TGGCTCAGTATCGGCCACGA,0,3480730
tfaE_stfE_predicted,0.125,7,7,TGGCCCTTCTCTAAATTGTA,0,3467210
tfaE_stfE_predicted,0.125,7,7,TGGCATACGTTCGCGATTAG,0,3533299
tfaE_stfE_predicted,0.125,7,7,TGGATTCCCGATGGCAAGAA,0,3467382
tfaE_stfE_predicted,0.125,7,7,TGGAGGACAGCAGTACTGAC,0,3476210
tfaE_stfE_predicted,0.125,7,7,TGGACCGATATGTCCTGTTG,0,3517091
tfaE_stfE_predicted,0.125,7,7,TGCTTCATTAGTTGGCGGCT,0,3537180
tfaE_stfE_predicted,0.125,7,7,TGCTCGTCAGGACCGGTACA,0,3489931
tfaE_stfE_predicted,0.125,7,7,TGCTATGTGGCTACTTGCAT,0,3496823
tfaE_stfE_predicted,0.125,7,7,TGCGTAATCCCGAATTTTTT,0,3535849
tfaE_stfE_predicted,0.125,7,7,TGCGGATACATAGCTAAGCA,0,3533050
tfaE_stfE_predicted,0.125,7,7,TGCGCTCCAACTTAAGGTGT,0,3525661
tfaE_stfE_predicted,0.125,7,7,TGCGCATAAATATGCTAGGT,0,3537839
tfaE_stfE_predicted,0.125,7,7,TGCCTGGATGTCTCATCATA,0,3518505
tfaE_stfE_predicted,0.125,7,7,TGCCTACTATGGTGAGCCAC,0,3473225
tfaE_stfE_predicted,0.125,7,7,TGCCGCCCGGTACCGACAGC,0,3467847
tfaE_stfE_predicted,0.125,7,7,TGCCGAGTCATCGCTAATTA,0,3480508
tfaE_stfE_predicted,0.125,7,7,TGCCATGAGCGGTCGCAATT,0,3495051
tfaE_stfE_predicted,0.125,7,7,TGCATGCTGACTCATGGCTA,0,3525452
tfaE_stfE_predicted,0.125,7,7,TGCATGCGGTTACAGAGAGT,0,3469101
tfaE_stfE_predicted,0.125,7,7,TGATTTCATTCGTCAGGCAC,0,3516480
tfaE_stfE_predicted,0.125,7,7,TGATTCGGAGCGTAGTGCTT,0,3533543
tfaE_stfE_predicted,0.125,7,7,TGATCTGCAAATGACGATTT,0,3525371
tfaE_stfE_predicted,0.125,7,7,TGATAGGTCTTCTAAAAATA,0,3511510
tfaE_stfE_predicted,0.125,7,7,TGAGTTCTTCCCCAGTGTTT,0,3468976
tfaE_stfE_predicted,0.125,7,7,TGAGTTAATGGCCGACCGGG,0,3512826
tfaE_stfE_predicted,0.125,7,7,TGAGTGTATACGACCTAGCC,0,3534984
tfaE_stfE_predicted,0.125,7,7,TGAGTACGCCAGACCCACTC,0,3490709
tfaE_stfE_predicted,0.125,7,7,TGAGGGCTCCGAGGACATCT,0,3503089
tfaE_stfE_predicted,0.125,7,7,TGAGGATCCAAAGTGCGTGA,0,3536488
tfaE_stfE_predicted,0.125,7,7,TGAGCGTGTTTCACGAGATC,0,3468547
tfaE_stfE_predicted,0.125,7,7,TGAGATCTCGCGGACCCGGT,0,3518574
tfaE_stfE_predicted,0.125,7,7,TGAGAGGTCCCTCGCCTGTA,0,3503654
tfaE_stfE_predicted,0.125,7,7,TGAGAAAAGGACAAACTTGA,0,3483883
tfaE_stfE_predicted,0.125,7,7,TGACTTGGCAATGAAAAACA,0,3531758
tfaE_stfE_predicted,0.125,7,7,TGACTGTACTGGCTCTTGGA,0,3473242
tfaE_stfE_predicted,0.125,7,7,TGACTATGACTTGCGTTGGG,0,3469024
tfaE_stfE_predicted,0.125,7,7,TGACTATATAGTACTTCGAC,0,3489953
tfaE_stfE_predicted,0.125,7,7,TGACTAATAGTGAAACCAAG,0,3506315
tfaE_stfE_predicted,0.125,7,7,TGACGGGCTCTTCCAAGCTA,0,3469978
tfaE_stfE_predicted,0.125,7,7,TGACGATGAGTCTCCTCGGT,0,3481125
tfaE_stfE_predicted,0.125,7,7,TGACATACAGACTACGTGGA,0,3479270
tfaE_stfE_predicted,0.125,7,7,TGACAGAGTATACACGAGTG,0,3498150
tfaE_stfE_predicted,0.125,7,7,TGAATACCCGGGGACGAATA,0,3499759
tfaE_stfE_predicted,0.125,7,7,TGAAGTTTGGACGCGGCCTA,0,3531514
tfaE_stfE_predicted,0.125,7,7,TGAACCGGTACGGGGATCGC,0,3498118
tfaE_stfE_predicted,0.125,7,7,TCTTTTGAGCCATCTGGTAC,0,3537370
tfaE_stfE_predicted,0.125,7,7,TCTTTATGCCAGTTTACTGC,0,3490979
tfaE_stfE_predicted,0.125,7,7,TCTTTAGGACAACAGCTAGG,0,3517278
tfaE_stfE_predicted,0.125,7,7,TCTTGCTTCGAGATACCCCT,0,3512194
tfaE_stfE_predicted,0.125,7,7,TCTTCAAACGGCGTACTCGA,0,3502984
tfaE_stfE_predicted,0.125,7,7,TCTTAAGCAATAATCTGTAA,0,3502259
tfaE_stfE_predicted,0.125,7,7,TCTGTCATCTACTATCCAGG,0,3531732
tfaE_stfE_predicted,0.125,7,7,TCTGCGATAAATATCTCGAT,0,3511895
tfaE_stfE_predicted,0.125,7,7,TCTGATTGCCTGCACCACTA,0,3467168
tfaE_stfE_predicted,0.125,7,7,TCTCTCAGTGTTTTAATCGC,0,3501006
tfaE_stfE_predicted,0.125,7,7,TCTCGGCGTTCGCCCTATTG,0,3527431
tfaE_stfE_predicted,0.125,7,7,TCTCCCTTCCGGGGCATGAT,0,3513672
tfaE_stfE_predicted,0.125,7,7,TCTCCCAATGAAGGGCGCAT,0,3519453
tfaE_stfE_predicted,0.125,7,7,TCTCCATTCCCGCGTACATC,0,3478916
tfaE_stfE_predicted,0.125,7,7,TCTCAATTGCGGCTTAATCT,0,3484016
tfaE_stfE_predicted,0.125,7,7,TCTATATCGTGTGTATGGGT,0,3523580
tfaE_stfE_predicted,0.125,7,7,TCTAGGGCGCAGACGAGAAT,0,3492891
tfaE_stfE_predicted,0.125,7,7,TCTAATGATCAATGATGTTA,0,3535390
tfaE_stfE_predicted,0.125,7,7,TCTAATGAATAATAGTTACT,0,3488622
tfaE_stfE_predicted,0.125,7,7,TCTAAGAAAGCGGGAAATGC,0,3490164
tfaE_stfE_predicted,0.125,7,7,TCGTTACCATTCCACACATG,0,3531157
tfaE_stfE_predicted,0.125,7,7,TCGTTAATGCCCCGTATTAC,0,3481372
tfaE_stfE_predicted,0.125,7,7,TCGTTAAGCACACCTAACAT,0,3515441
tfaE_stfE_predicted,0.125,7,7,TCGTGTCCACTACACCTGAC,0,3539635
tfaE_stfE_predicted,0.125,7,7,TCGTCGTCGCCCACAGGCGT,0,3484630
tfaE_stfE_predicted,0.125,7,7,TCGTCAGTACGGGCGTGGGA,0,3527260
tfaE_stfE_predicted,0.125,7,7,TCGTAACTTAGTAGCTACAT,0,3473718
tfaE_stfE_predicted,0.125,7,7,TCGGTCTAGTATACCTTGTC,0,3490930
tfaE_stfE_predicted,0.125,7,7,TCGGGTTTGTGTGACGCTTA,0,3509935
tfaE_stfE_predicted,0.125,7,7,TCGGGACCGCCCTGACAAGG,0,3481375
tfaE_stfE_predicted,0.125,7,7,TCGGATATCCTGCTATGGGA,0,3516928
tfaE_stfE_predicted,0.125,7,7,TCGCTTTATCGGTTCGGCAT,0,3518603
tfaE_stfE_predicted,0.125,7,7,TCGCGGACTACGCAGTAGCA,0,3476681
tfaE_stfE_predicted,0.125,7,7,TCGCCTCGTCTCTCTTGGGG,0,3469917
tfaE_stfE_predicted,0.125,7,7,TCGCCAAGTTCTGTAATACA,0,3499257
tfaE_stfE_predicted,0.125,7,7,TCGAGCGCATGGCATGCCGC,0,3484054
tfaE_stfE_predicted,0.125,7,7,TCGACTGGACTTGTACCGGA,0,3524974
tfaE_stfE_predicted,0.125,7,7,TCGACGGTACATACAGAGGA,0,3477148
tfaE_stfE_predicted,0.125,7,7,TCGACATGACACTATACCAG,0,3508293
tfaE_stfE_predicted,0.125,7,7,TCGAATCCGGTCATGCGAAC,0,3504755
tfaE_stfE_predicted,0.125,7,7,TCGAAGTGTCGGAGCATGGC,0,3537954
tfaE_stfE_predicted,0.125,7,7,TCGAAGCCTGCTCCTAAACT,0,3531556
tfaE_stfE_predicted,0.125,7,7,TCCTTCACTTTTGTGCCCGT,0,3476713
tfaE_stfE_predicted,0.125,7,7,TCCTGATCGTCCTGGGCGAT,0,3536292
tfaE_stfE_predicted,0.125,7,7,TCCTGACTGCTCCTTTGCCA,0,3531243
tfaE_stfE_predicted,0.125,7,7,TCCTCCCATTAGGTAGTTGC,0,3478428
tfaE_stfE_predicted,0.125,7,7,TCCTCCCAGGCTACGTCCGT,0,3472626
tfaE_stfE_predicted,0.125,7,7,TCCTCAGGGCGGGCGCCGTT,0,3490356
tfaE_stfE_predicted,0.125,7,7,TCCTATGTTGCAGGACACGT,0,3486377
tfaE_stfE_predicted,0.125,7,7,TCCTACCATATCCAGACACC,0,3509358
tfaE_stfE_predicted,0.125,7,7,TCCGGTTTTAAATTTACTGG,0,3513302
tfaE_stfE_predicted,0.125,7,7,TCCCTCCCGGCCCCAAAGCT,0,3531666
tfaE_stfE_predicted,0.125,7,7,TCCCGAACAGCCTGCATCAG,0,3495343
tfaE_stfE_predicted,0.125,7,7,TCCCCTGGTCCAACTGTATG,0,3487046
tfaE_stfE_predicted,0.125,7,7,TCCCATGTCTGATAGCATGC,0,3481109
tfaE_stfE_predicted,0.125,7,7,TCCCAGGCATCGTTTTCAAG,0,3515106
tfaE_stfE_predicted,0.125,7,7,TCCCACTCTTCGACGTGTGG,0,3470397
tfaE_stfE_predicted,0.125,7,7,TCCACACTCTAGGGGGGTGG,0,3470566
tfaE_stfE_predicted,0.125,7,7,TCCAAATTCATTTGAGCCAT,0,3523782
tfaE_stfE_predicted,0.125,7,7,TCATGGTGGTTATTGCCACG,0,3498920
tfaE_stfE_predicted,0.125,7,7,TCATGAGAATGACGAAAACA,0,3537285
tfaE_stfE_predicted,0.125,7,7,TCATCAGGAAGTCTGACGGA,0,3541048
tfaE_stfE_predicted,0.125,7,7,TCAGTTCTTGTTTCCTGATA,0,3475149
tfaE_stfE_predicted,0.125,7,7,TCAGGTCTAACTTTCAACTC,0,3495821
tfaE_stfE_predicted,0.125,7,7,TCAGCTCAGAAATTCACGGT,0,3540229
tfaE_stfE_predicted,0.125,7,7,TCAGCGGAAGGGTGGGAGGG,0,3481857
tfaE_stfE_predicted,0.125,7,7,TCAGATTATGACCCGCGTGT,0,3479137
tfaE_stfE_predicted,0.125,7,7,TCACGTGTCTGTCGAATTAT,0,3522378
tfaE_stfE_predicted,0.125,7,7,TCACGGCCCCTTCCATCAAC,0,3468661
tfaE_stfE_predicted,0.125,7,7,TCACGATGCATTGCAATGTT,0,3484604
tfaE_stfE_predicted,0.125,7,7,TCACCGGCACGACTCCGCCC,0,3518299
tfaE_stfE_predicted,0.125,7,7,TCAATTAATCAGTATACATG,0,3474164
tfaE_stfE_predicted,0.125,7,7,TCAACTGTAAAAGAAAAAAT,0,3485074
tfaE_stfE_predicted,0.125,7,7,TCAACCCCCTGGGTGATATA,0,3468116
tfaE_stfE_predicted,0.125,7,7,TCAAAAATTGGGATAACACT,0,3470616
tfaE_stfE_predicted,0.125,7,7,TATTTCTTGACACAGTATCC,0,3516045
tfaE_stfE_predicted,0.125,7,7,TATTGAGTGTCTTATTTGCT,0,3496206
tfaE_stfE_predicted,0.125,7,7,TATTCGGTTTAAGGTTAGAA,0,3538919
tfaE_stfE_predicted,0.125,7,7,TATTCACCCCGTACTTCTTC,0,3499418
tfaE_stfE_predicted,0.125,7,7,TATTACTGCGCCCATCTGAG,0,3503158
tfaE_stfE_predicted,0.125,7,7,TATTAAATCAGGATCGCATG,0,3528776
tfaE_stfE_predicted,0.125,7,7,TATCTTGTCTCGGGCGTGTT,0,3488572
tfaE_stfE_predicted,0.125,7,7,TATCTTGGGAAGGGAGCGCA,0,3509352
tfaE_stfE_predicted,0.125,7,7,TATCGTTCCAGAGCGTGACG,0,3532758
tfaE_stfE_predicted,0.125,7,7,TATCCGTTTCTAGTCTCTGT,0,3506083
tfaE_stfE_predicted,0.125,7,7,TATCCGCCTCCTGCTCGGTC,0,3524046
tfaE_stfE_predicted,0.125,7,7,TATCATTCATGTAATTTTGT,0,3483728
tfaE_stfE_predicted,0.125,7,7,TATCAGAACCAAATTGTTTT,0,3534020
tfaE_stfE_predicted,0.125,7,7,TATATAGGTGCTCTATACCC,0,3524856
tfaE_stfE_predicted,0.125,7,7,TATAATTGGTTAGGCGCCAC,0,3476582
tfaE_stfE_predicted,0.125,7,7,TATAAGGAGGTAGTATGATG,0,3514433
tfaE_stfE_predicted,0.125,7,7,TATAAAAGCACCACCCCAGC,0,3521026
tfaE_stfE_predicted,0.125,7,7,TAGTTATTCTGTAAATAAAC,0,3536308
tfaE_stfE_predicted,0.125,7,7,TAGGGACTGCGAGTTTATTG,0,3540866
tfaE_stfE_predicted,0.125,7,7,TAGGCTCGATAGGTTCAGTC,0,3509276
tfaE_stfE_predicted,0.125,7,7,TAGGCCAACGCTCGTGCGAT,0,3487246
tfaE_stfE_predicted,0.125,7,7,TAGGATCGCGCGGCTCGGGA,0,3513827
tfaE_stfE_predicted,0.125,7,7,TAGGAATATGGAGAGGCTCT,0,3535649
tfaE_stfE_predicted,0.125,7,7,TAGATCCTTGAAATCTCCCA,0,3489356
tfaE_stfE_predicted,0.125,7,7,TAGAGGGAGCATCTATACCG,0,3467500
tfaE_stfE_predicted,0.125,7,7,TAGAGGCAGGTTGGATAAAC,0,3473161
tfaE_stfE_predicted,0.125,7,7,TAGAGCCTTTAAACGCTGTC,0,3498982
tfaE_stfE_predicted,0.125,7,7,TAGAGAGGGATTGCTTACCT,0,3474564
tfaE_stfE_predicted,0.125,7,7,TAGAATGGTCATGCAAGGGG,0,3540207
tfaE_stfE_predicted,0.125,7,7,TAGAACAATGGCCTAGATAG,0,3529297
tfaE_stfE_predicted,0.125,7,7,TACTGAGTTGAGACAGGCTC,0,3520873
tfaE_stfE_predicted,0.125,7,7,TACTCGGGGCTGAACAAATT,0,3501254
tfaE_stfE_predicted,0.125,7,7,TACTCACAGAAATATAACTC,0,3470699
tfaE_stfE_predicted,0.125,7,7,TACTATACAGGCAAGTCATC,0,3476655
tfaE_stfE_predicted,0.125,7,7,TACTAGGGATGCACGGCGCA,0,3516479
tfaE_stfE_predicted,0.125,7,7,TACGTGAACCTTAATCTCAG,0,3540022
tfaE_stfE_predicted,0.125,7,7,TACGGACCCCTCACTCTACG,0,3479630
tfaE_stfE_predicted,0.125,7,7,TACGCCAAGAGGCCGGCCAG,0,3488240
tfaE_stfE_predicted,0.125,7,7,TACCGGAAGGTCCCAATACC,0,3517984
tfaE_stfE_predicted,0.125,7,7,TACCGACGGGCTTGGCCGGG,0,3517421
tfaE_stfE_predicted,0.125,7,7,TACCAGTACCATTGAAGCGC,0,3510403
tfaE_stfE_predicted,0.125,7,7,TACATTTGCTCCCCATGTGT,0,3486124
tfaE_stfE_predicted,0.125,7,7,TACATCATTCATTATCGCGC,0,3500203
tfaE_stfE_predicted,0.125,7,7,TACATAAGAAGCCTTAAAGC,0,3497292
tfaE_stfE_predicted,0.125,7,7,TACAGCATTACCGCTCAAAA,0,3520441
tfaE_stfE_predicted,0.125,7,7,TACAGAATGACCGATATAAT,0,3477018
tfaE_stfE_predicted,0.125,7,7,TACAATTAAGCCAACTCGCT,0,3491987
tfaE_stfE_predicted,0.125,7,7,TACAAATAGTACGCCCGTAT,0,3530414
tfaE_stfE_predicted,0.125,7,7,TACAAAGGGCGTCAGAAAAC,0,3466860
tfaE_stfE_predicted,0.125,7,7,TAATTTGGGGCTATATCCTT,0,3522728
tfaE_stfE_predicted,0.125,7,7,TAATTCTGTCTTTGTTTGAA,0,3539491
tfaE_stfE_predicted,0.125,7,7,TAATCTCCGTTTCGAATTCT,0,3526652
tfaE_stfE_predicted,0.125,7,7,TAATAAAGTAGTGAAGCCTT,0,3526569
tfaE_stfE_predicted,0.125,7,7,TAATAAAGGAAAGTCCTTTT,0,3485648
tfaE_stfE_predicted,0.125,7,7,TAAGATACTCAATTTTCTTT,0,3537948
tfaE_stfE_predicted,0.125,7,7,TAAGAAAAGGCTCACGTAAC,0,3482101
tfaE_stfE_predicted,0.125,7,7,TAACGTAGGTTGGCATATGA,0,3538631
tfaE_stfE_predicted,0.125,7,7,TAACGGAGATGATACAAATA,0,3535237
tfaE_stfE_predicted,0.125,7,7,TAACAGTGACTTAGCGGATC,0,3532839
tfaE_stfE_predicted,0.125,7,7,TAAATGAATTTCCTGTGAAA,0,3490470
tfaE_stfE_predicted,0.125,7,7,TAAAGGAAAAGGTACGGTGA,0,3494354
tfaE_stfE_predicted,0.125,7,7,TAAACTAGAGGGTTGTTCTG,0,3537105
tfaE_stfE_predicted,0.125,7,7,TAAACCTAGCGAGCACTTAA,0,3467306
tfaE_stfE_predicted,0.125,7,7,TAAAATGCTAGCGGTGTAAA,0,3510432
tfaE_stfE_predicted,0.125,7,7,TAAAAATGGCTATGCATCAA,0,3475186
tfaE_stfE_predicted,0.125,7,7,GTTTTTTTAATTCATGTGCA,0,3467499
tfaE_stfE_predicted,0.125,7,7,GTTTGGCTTATGGGGTAATT,0,3508105
tfaE_stfE_predicted,0.125,7,7,GTTTCGGTGTCCCGTATTGC,0,3538561
tfaE_stfE_predicted,0.125,7,7,GTTTATCACAAACCTCGGTA,0,3531357
tfaE_stfE_predicted,0.125,7,7,GTTTAAGCGATTCGATTCTG,0,3532955
tfaE_stfE_predicted,0.125,7,7,GTTCGGTGCATTACGAGGAT,0,3526957
tfaE_stfE_predicted,0.125,7,7,GTTCCGACCAAGTGGAATGC,0,3504069
tfaE_stfE_predicted,0.125,7,7,GTTCAGCATAATGCCAAAGT,0,3479895
tfaE_stfE_predicted,0.125,7,7,GTTCACGTACCACAATGGCG,0,3512253
tfaE_stfE_predicted,0.125,7,7,GTTATGAGGGAGGCCGAGGG,0,3521410
tfaE_stfE_predicted,0.125,7,7,GTTATCGAAGTAGCGTTCGG,0,3489633
tfaE_stfE_predicted,0.125,7,7,GTTAGATTTATGCTGAGGGA,0,3504183
tfaE_stfE_predicted,0.125,7,7,GTTAATGTCAGTCATACCTT,0,3501611
tfaE_stfE_predicted,0.125,7,7,GTTAAGTTTATTTATTTGAT,0,3528758
tfaE_stfE_predicted,0.125,7,7,GTTAAGTTACAATATTAGTG,0,3521804
tfaE_stfE_predicted,0.125,7,7,GTGTTTTTCAATTTTCCAAT,0,3496978
tfaE_stfE_predicted,0.125,7,7,GTGTTTGATCGAATCTAGTT,0,3525400
tfaE_stfE_predicted,0.125,7,7,GTGTTGCTGCAATAGAACTT,0,3480787
tfaE_stfE_predicted,0.125,7,7,GTGTTCTCTTTCGGGCGCCT,0,3535637
tfaE_stfE_predicted,0.125,7,7,GTGTTCTCGACATTGACTAC,0,3475444
tfaE_stfE_predicted,0.125,7,7,GTGTTCTCACTATGATACGG,0,3514378
tfaE_stfE_predicted,0.125,7,7,GTGTTCTACTGTCATTACTG,0,3494159
tfaE_stfE_predicted,0.125,7,7,GTGTTCGACTTAACCCTGGA,0,3516689
tfaE_stfE_predicted,0.125,7,7,GTGTCTTATCCAAAACGAAT,0,3522680
tfaE_stfE_predicted,0.125,7,7,GTGTCGTTAGCTGAGCTATT,0,3530487
tfaE_stfE_predicted,0.125,7,7,GTGTCCTCGCTAGCAAATTG,0,3483580
tfaE_stfE_predicted,0.125,7,7,GTGTCCGTTGCTGGGGACAT,0,3528511
tfaE_stfE_predicted,0.125,7,7,GTGTATCGGGCCAACGAATC,0,3471221
tfaE_stfE_predicted,0.125,7,7,GTGTAGAGGGTGTTAACGTT,0,3534727
tfaE_stfE_predicted,0.125,7,7,GTGTAATGTCTTCCGGTACA,0,3516293
tfaE_stfE_predicted,0.125,7,7,GTGGGTTTAGATCTGGGTAG,0,3525390
tfaE_stfE_predicted,0.125,7,7,GTGCTGGGCTGACCATCTTC,0,3506095
tfaE_stfE_predicted,0.125,7,7,GTGCTATGCTTGTGGTGTGT,0,3521008
tfaE_stfE_predicted,0.125,7,7,GTGCGTGGGGCAATGGGTTT,0,3489730
tfaE_stfE_predicted,0.125,7,7,GTGCGCAAAATGAGCACCGA,0,3506423
tfaE_stfE_predicted,0.125,7,7,GTGCCGGGCTTTCGCAGACT,0,3500457
tfaE_stfE_predicted,0.125,7,7,GTGCCCGGTCAATGGAGCCA,0,3539754
tfaE_stfE_predicted,0.125,7,7,GTGCATCAATTCCCGGAGCA,0,3518451
tfaE_stfE_predicted,0.125,7,7,GTGCAGCATCCTCCTAAAGT,0,3475411
tfaE_stfE_predicted,0.125,7,7,GTGCACTGATCGCCGCATGA,0,3473586
tfaE_stfE_predicted,0.125,7,7,GTGATTCGGGAAACGTGCCC,0,3514373
tfaE_stfE_predicted,0.125,7,7,GTGATACTTTGGATAATGCT,0,3514902
tfaE_stfE_predicted,0.125,7,7,GTGATACGGGCTGAGTACTG,0,3483017
tfaE_stfE_predicted,0.125,7,7,GTGAGGCGAGCATTACTGAA,0,3468883
tfaE_stfE_predicted,0.125,7,7,GTGACCTATCCAATTACATC,0,3501361
tfaE_stfE_predicted,0.125,7,7,GTCTAGGGAAGGTAACCACA,0,3534300
tfaE_stfE_predicted,0.125,7,7,GTCTAGAGGGACAATAGTAA,0,3527396
tfaE_stfE_predicted,0.125,7,7,GTCTAAGGGCCTAAGTACCA,0,3515767
tfaE_stfE_predicted,0.125,7,7,GTCGTGGGTGGGGGGTTAAA,0,3483186
tfaE_stfE_predicted,0.125,7,7,GTCGAGGTAGCTTAGAGTGC,0,3494221
tfaE_stfE_predicted,0.125,7,7,GTCGAGAGCGTCAGAACAAC,0,3499877
tfaE_stfE_predicted,0.125,7,7,GTCCTGCTACATAAGGGACT,0,3509934
tfaE_stfE_predicted,0.125,7,7,GTCCCACGGTTCGCCATCTA,0,3495246
tfaE_stfE_predicted,0.125,7,7,GTCCATATCGCGTATACACA,0,3478442
tfaE_stfE_predicted,0.125,7,7,GTCCACGAAGCAATCTTGGC,0,3499672
tfaE_stfE_predicted,0.125,7,7,GTCCAAGCGATCATCCAAAT,0,3523524
tfaE_stfE_predicted,0.125,7,7,GTCCAAAGCTCCATCACCTT,0,3538239
tfaE_stfE_predicted,0.125,7,7,GTCATTGGCAATCTCAAAAT,0,3473691
tfaE_stfE_predicted,0.125,7,7,GTCATTCACTGTAGGATCCA,0,3505371
tfaE_stfE_predicted,0.125,7,7,GTCAGCTAAGTGCGTTGTTC,0,3507200
tfaE_stfE_predicted,0.125,7,7,GTCAGACTACACTCGCCCTT,0,3512464
tfaE_stfE_predicted,0.125,7,7,GTCACCGAGCCTCGAATTAT,0,3532660
tfaE_stfE_predicted,0.125,7,7,GTATGGGACCAGCGAGTAAT,0,3476254
tfaE_stfE_predicted,0.125,7,7,GTATCGTTCCCGATCCTGCA,0,3526120
tfaE_stfE_predicted,0.125,7,7,GTATAGATCCTAAGCACAGA,0,3478592
tfaE_stfE_predicted,0.125,7,7,GTATACTCGTGTACGTATGC,0,3487445
tfaE_stfE_predicted,0.125,7,7,GTAGTTTTGTTTACCGGCCA,0,3507653
tfaE_stfE_predicted,0.125,7,7,GTAGTACGTATCGATCTTAT,0,3535995
tfaE_stfE_predicted,0.125,7,7,GTAGGGTTAATCTTCTCCTG,0,3469124
tfaE_stfE_predicted,0.125,7,7,GTAGGAGTACGAGAAACTGA,0,3486294
tfaE_stfE_predicted,0.125,7,7,GTAGCTCCTTCTGAACCGTA,0,3535856
tfaE_stfE_predicted,0.125,7,7,GTAGCAGGTTTCATATTCAC,0,3489350
tfaE_stfE_predicted,0.125,7,7,GTAGCAATTGCCAGGTCCGT,0,3479060
tfaE_stfE_predicted,0.125,7,7,GTAGCAAAAGTGAGCAAGTT,0,3500550
tfaE_stfE_predicted,0.125,7,7,GTACGTATAATAACCTACCA,0,3536517
tfaE_stfE_predicted,0.125,7,7,GTACGATGTTTTAGCGTGAG,0,3530354
tfaE_stfE_predicted,0.125,7,7,GTACCTGGTATGCGCCTTTT,0,3529867
tfaE_stfE_predicted,0.125,7,7,GTACCCTTATTTCTTTCCAA,0,3504876
tfaE_stfE_predicted,0.125,7,7,GTACCCCGTTGACACGCGCA,0,3485622
tfaE_stfE_predicted,0.125,7,7,GTAATTTGCGATATGCCCAG,0,3513967
tfaE_stfE_predicted,0.125,7,7,GTAAGTATGGGGTGATTCGC,0,3490471
tfaE_stfE_predicted,0.125,7,7,GTAAGAACAGAGGGGAATAA,0,3480451
tfaE_stfE_predicted,0.125,7,7,GGTTTTCAGGTGAGCCGGGT,0,3498997
tfaE_stfE_predicted,0.125,7,7,GGTTGGTTTATTAGTTGCTA,0,3496810
tfaE_stfE_predicted,0.125,7,7,GGTTCACTCGCACGTCAGAT,0,3484901
tfaE_stfE_predicted,0.125,7,7,GGTTCAACTTTGCAGGAAGC,0,3499774
tfaE_stfE_predicted,0.125,7,7,GGTTACCGCGGGAACGAAAT,0,3538362
tfaE_stfE_predicted,0.125,7,7,GGTGTCACACAGTGGGACCA,0,3529950
tfaE_stfE_predicted,0.125,7,7,GGTGGGGGGCACGGATGCCA,0,3492322
tfaE_stfE_predicted,0.125,7,7,GGTGGGCAAGCGACGTAATC,0,3503552
tfaE_stfE_predicted,0.125,7,7,GGTGGCCTTATATAGGTTCA,0,3502640
tfaE_stfE_predicted,0.125,7,7,GGTGATCGTACCACCTTTAA,0,3483057
tfaE_stfE_predicted,0.125,7,7,GGTGAGGTTCTTCAATGGGG,0,3490820
tfaE_stfE_predicted,0.125,7,7,GGTGACGACTGTATCTGGCT,0,3493600
tfaE_stfE_predicted,0.125,7,7,GGTCTGCTATCGAAGTACCG,0,3514159
tfaE_stfE_predicted,0.125,7,7,GGTCCTTCAAGATGTGGAGA,0,3522731
tfaE_stfE_predicted,0.125,7,7,GGTCCTGAGTCGCAGAGACG,0,3536847
tfaE_stfE_predicted,0.125,7,7,GGTCCTAGAAGGCTGTCCAC,0,3483625
tfaE_stfE_predicted,0.125,7,7,GGTCAATTGTTACGGAGTAG,0,3515956
tfaE_stfE_predicted,0.125,7,7,GGTAGAAGCTCAGATCCAAA,0,3501105
tfaE_stfE_predicted,0.125,7,7,GGTACCTTCCGGTATCCATT,0,3467362
tfaE_stfE_predicted,0.125,7,7,GGGTTTTCTCGCAGGCCTGA,0,3519996
tfaE_stfE_predicted,0.125,7,7,GGGTTTGACCGGTTCTTTGT,0,3496649
tfaE_stfE_predicted,0.125,7,7,GGGTGTTATTGCCAACCTCT,0,3470896
tfaE_stfE_predicted,0.125,7,7,GGGTGAGTCAGATAGCATCG,0,3483161
tfaE_stfE_predicted,0.125,7,7,GGGTGAAAGTCTTGGTGAGA,0,3496524
tfaE_stfE_predicted,0.125,7,7,GGGTCCGATAGATGCACTAC,0,3501189
tfaE_stfE_predicted,0.125,7,7,GGGTCATGGGTTGCATTGGA,0,3511805
tfaE_stfE_predicted,0.125,7,7,GGGTCACGGAAGCGATTCTC,0,3470365
tfaE_stfE_predicted,0.125,7,7,GGGTAGCATCATCTTCGGTC,0,3513474
tfaE_stfE_predicted,0.125,7,7,GGGTACCCTAGTGTACCAGT,0,3522274
tfaE_stfE_predicted,0.125,7,7,GGGGGCGCGTCCGACAGGCT,0,3484130
tfaE_stfE_predicted,0.125,7,7,GGGGCTGGTGTCACATTACA,0,3538639
tfaE_stfE_predicted,0.125,7,7,GGGGCGGTTGCTGAGCCATC,0,3500192
tfaE_stfE_predicted,0.125,7,7,GGGGCAGGCTAAGACATTTA,0,3472717
tfaE_stfE_predicted,0.125,7,7,GGGGAATACCTGCTATTTGG,0,3475971
tfaE_stfE_predicted,0.125,7,7,GGGCCGGATCTAGCGTAGGA,0,3540044
tfaE_stfE_predicted,0.125,7,7,GGGCACAATCTTTATGCAGG,0,3539343
tfaE_stfE_predicted,0.125,7,7,GGGCAATACGAGTCGAATCT,0,3501780
tfaE_stfE_predicted,0.125,7,7,GGGATCCCTCGGAAGTTCTT,0,3501953
tfaE_stfE_predicted,0.125,7,7,GGGACTAGCTTCTCGAGGTA,0,3473638
tfaE_stfE_predicted,0.125,7,7,GGGACTAACTGCCGTAAGTG,0,3472562
tfaE_stfE_predicted,0.125,7,7,GGGACCCTCGATGGTCGTCA,0,3490162
tfaE_stfE_predicted,0.125,7,7,GGGAATTTGGATATGAACTC,0,3529359
tfaE_stfE_predicted,0.125,7,7,GGGAAAGATGTCCTACCTGA,0,3492113
tfaE_stfE_predicted,0.125,7,7,GGGAAAACGCTACTCGTCGT,0,3503995
tfaE_stfE_predicted,0.125,7,7,GGCTCAGGGCCGTCAGAGCA,0,3476206
tfaE_stfE_predicted,0.125,7,7,GGCGTGCTTTGGCTAGTGGT,0,3467260
tfaE_stfE_predicted,0.125,7,7,GGCGTGATTCTATCGAGAGT,0,3533314
tfaE_stfE_predicted,0.125,7,7,GGCGCAAGTTCAACTTGGTA,0,3466387
tfaE_stfE_predicted,0.125,7,7,GGCCTTAGTAGTGATCCCGA,0,3506749
tfaE_stfE_predicted,0.125,7,7,GGCCAGCAACGGTAGTGTAG,0,3522143
tfaE_stfE_predicted,0.125,7,7,GGCCACCTGCCTCGTTATAT,0,3470186
tfaE_stfE_predicted,0.125,7,7,GGCCAAACATTAGCTTGTAC,0,3473104
tfaE_stfE_predicted,0.125,7,7,GGCATTTTCAGGCTTCAAAA,0,3495120
tfaE_stfE_predicted,0.125,7,7,GGCATTGTAATAGTACTGCG,0,3518454
tfaE_stfE_predicted,0.125,7,7,GGCAGGGGCTATGAATAGAC,0,3479244
tfaE_stfE_predicted,0.125,7,7,GGCAGCCGCTATAGGTGGAT,0,3492345
tfaE_stfE_predicted,0.125,7,7,GGCAACAGTGACTGTTGCGC,0,3532798
tfaE_stfE_predicted,0.125,7,7,GGATTATGAGATTAAAATAA,0,3493551
tfaE_stfE_predicted,0.125,7,7,GGATGGAGCGGATCATACTC,0,3491500
tfaE_stfE_predicted,0.125,7,7,GGATCTGGCGCAATAAGACA,0,3533972
tfaE_stfE_predicted,0.125,7,7,GGATCGCTGGGGACCTGAAG,0,3513100
tfaE_stfE_predicted,0.125,7,7,GGATCCTTATCCATAAACGG,0,3518453
tfaE_stfE_predicted,0.125,7,7,GGATACTCTCGCCAATTATG,0,3506609
tfaE_stfE_predicted,0.125,7,7,GGATAAGTATAGCAGCGCGA,0,3529045
tfaE_stfE_predicted,0.125,7,7,GGAGTTTAATCAAAGGAAGA,0,3509280
tfaE_stfE_predicted,0.125,7,7,GGAGTACTTGTAACAACCCC,0,3527288
tfaE_stfE_predicted,0.125,7,7,GGAGCAAGCCTTCCTTGCTT,0,3531427
tfaE_stfE_predicted,0.125,7,7,GGACGGGGTACCTGCGTATA,0,3495569
tfaE_stfE_predicted,0.125,7,7,GGACATTGAACAATTTTCAG,0,3493105
tfaE_stfE_predicted,0.125,7,7,GGACATAGCATAATACCTAG,0,3526162
tfaE_stfE_predicted,0.125,7,7,GGACACGCTAAGACCCTTGC,0,3492521
tfaE_stfE_predicted,0.125,7,7,GGAATTGGGCTCCCGACAAA,0,3539314
tfaE_stfE_predicted,0.125,7,7,GGAATGCGATCCTCGGAAGA,0,3526380
tfaE_stfE_predicted,0.125,7,7,GGAAGACTTATTTAAACGGG,0,3476454
tfaE_stfE_predicted,0.125,7,7,GGAACTGCCTTAAAGGATGA,0,3468707
tfaE_stfE_predicted,0.125,7,7,GGAACGAAGAGGATCATCTA,0,3510941
tfaE_stfE_predicted,0.125,7,7,GGAAATTGGGAGTTAGAACA,0,3513720
tfaE_stfE_predicted,0.125,7,7,GCTTTCCGCGTATATGTGAA,0,3480038
tfaE_stfE_predicted,0.125,7,7,GCTTGTTTCTGTTAAGAGTC,0,3532861
tfaE_stfE_predicted,0.125,7,7,GCTTGCTCTCTACAAACTTC,0,3499368
tfaE_stfE_predicted,0.125,7,7,GCTTATGCCTGATTCATGAA,0,3519710
tfaE_stfE_predicted,0.125,7,7,GCTTACATCGAAAGAGAGTG,0,3505854
tfaE_stfE_predicted,0.125,7,7,GCTGTAGTTAAGGGTGTATG,0,3512349
tfaE_stfE_predicted,0.125,7,7,GCTGGTGCGTTCCTTGCGCT,0,3485070
tfaE_stfE_predicted,0.125,7,7,GCTGCTTGAACGACGTTATG,0,3527711
tfaE_stfE_predicted,0.125,7,7,GCTGCCGATAGTGGGCGATC,0,3478478
tfaE_stfE_predicted,0.125,7,7,GCTCCGTTGTGCATAGCGGA,0,3504702
tfaE_stfE_predicted,0.125,7,7,GCTCCGTATTCCCGACTGTG,0,3476319
tfaE_stfE_predicted,0.125,7,7,GCTCCGCACCGATGGTCCCT,0,3492773
tfaE_stfE_predicted,0.125,7,7,GCTCCCGCCCAAGGCAGACA,0,3516352
tfaE_stfE_predicted,0.125,7,7,GCTCCAGTAGACTGGTAGGC,0,3492701
tfaE_stfE_predicted,0.125,7,7,GCTCATATAGAGTTAAAGAA,0,3479619
tfaE_stfE_predicted,0.125,7,7,GCTCAACGTGATGGGTAATC,0,3496469
tfaE_stfE_predicted,0.125,7,7,GCTACGTGCGCTTTGTATAA,0,3509167
tfaE_stfE_predicted,0.125,7,7,GCTACGAATCGCGTGCACGC,0,3499137
tfaE_stfE_predicted,0.125,7,7,GCTAATGGCCCGCAGAAAAC,0,3497614
tfaE_stfE_predicted,0.125,7,7,GCGTTAACCCCTTGGTTAGT,0,3533640
tfaE_stfE_predicted,0.125,7,7,GCGTGTGGAGAGATCCGATG,0,3499537
tfaE_stfE_predicted,0.125,7,7,GCGTGCGGGGAAGGACTAAA,0,3477608
tfaE_stfE_predicted,0.125,7,7,GCGGTGTGGCCTCGCGTCAG,0,3534133
tfaE_stfE_predicted,0.125,7,7,GCGGTGACACATAGGGAAGT,0,3481381
tfaE_stfE_predicted,0.125,7,7,GCGGTCAGATCCGGGGAACT,0,3532691
tfaE_stfE_predicted,0.125,7,7,GCGGTAGCATGCCACTTTCC,0,3538958
tfaE_stfE_predicted,0.125,7,7,GCGGGTGGATGCATCACTCA,0,3539822
tfaE_stfE_predicted,0.125,7,7,GCGGGGGCGGAGTTAGGCCA,0,3484934
tfaE_stfE_predicted,0.125,7,7,GCGGGCAGATGGCACCTTAA,0,3493805
tfaE_stfE_predicted,0.125,7,7,GCGGGAGAAGGAATTGTGTT,0,3512440
tfaE_stfE_predicted,0.125,7,7,GCGGCCAGGTTATATCACTT,0,3526660
tfaE_stfE_predicted,0.125,7,7,GCGGACGAAGAATAAGGGGA,0,3504881
tfaE_stfE_predicted,0.125,7,7,GCGCTTCGAGACCTGCACTA,0,3478272
tfaE_stfE_predicted,0.125,7,7,GCGCTCGTTGAATGTCGCGG,0,3484677
tfaE_stfE_predicted,0.125,7,7,GCGCTAAATACGTCGAGGGT,0,3505167
tfaE_stfE_predicted,0.125,7,7,GCGCGTCGAACGCGTTCTCG,0,3470728
tfaE_stfE_predicted,0.125,7,7,GCGCGCGCCACGGTATAGCA,0,3470507
tfaE_stfE_predicted,0.125,7,7,GCGCCCTCTATCAACGCACG,0,3527474
tfaE_stfE_predicted,0.125,7,7,GCGCCCAGTTGCAGCGTGCT,0,3537194
tfaE_stfE_predicted,0.125,7,7,GCGCCAGTCTGCGCCGCAGC,0,3514708
tfaE_stfE_predicted,0.125,7,7,GCGCAAAGGTGCTCTCTGTC,0,3475288
tfaE_stfE_predicted,0.125,7,7,GCGATTGTGGTATTGACAGT,0,3526030
tfaE_stfE_predicted,0.125,7,7,GCGATCGGCGGACCTGCACT,0,3489106
tfaE_stfE_predicted,0.125,7,7,GCGATAAACTTTCAGTCCTT,0,3531202
tfaE_stfE_predicted,0.125,7,7,GCGAGCTCATTCTGGATACT,0,3529639
tfaE_stfE_predicted,0.125,7,7,GCGAGACACTCAGAGAAGCT,0,3493211
tfaE_stfE_predicted,0.125,7,7,GCGACGTTTTAACCGGGCGC,0,3469543
tfaE_stfE_predicted,0.125,7,7,GCCTTGAACGTCTGCTTAAA,0,3520171
tfaE_stfE_predicted,0.125,7,7,GCCGGGGGGGAGCGAGCTCG,0,3484086
tfaE_stfE_predicted,0.125,7,7,GCCGGCTGGCCACCGGACAT,0,3478977
tfaE_stfE_predicted,0.125,7,7,GCCGCTATGCCCCTTAGGCC,0,3530102
tfaE_stfE_predicted,0.125,7,7,GCCGCGTTCACAAGGTCCCG,0,3477461
tfaE_stfE_predicted,0.125,7,7,GCCGAGTTCCACGATGAGGG,0,3471213
tfaE_stfE_predicted,0.125,7,7,GCCGAAGAAGTTAACAGTTG,0,3510877
tfaE_stfE_predicted,0.125,7,7,GCCCTTTCTTAACCGAGCAG,0,3531115
tfaE_stfE_predicted,0.125,7,7,GCCCTCCCCCAGAACGCCGT,0,3487160
tfaE_stfE_predicted,0.125,7,7,GCCCTATGGGTATAAAGAGA,0,3519948
tfaE_stfE_predicted,0.125,7,7,GCCCTAGCAAAGGAGACATT,0,3499228
tfaE_stfE_predicted,0.125,7,7,GCCCGAAATCTCACAGCCCA,0,3513553
tfaE_stfE_predicted,0.125,7,7,GCCCCGGGGTACATGGTACT,0,3527497
tfaE_stfE_predicted,0.125,7,7,GCCCCGGGAGGTCTGGCCTA,0,3505518
tfaE_stfE_predicted,0.125,7,7,GCCCCGGCAAATCGAAGCCA,0,3495078
tfaE_stfE_predicted,0.125,7,7,GCCCCCTAATGGCACGCTCT,0,3496811
tfaE_stfE_predicted,0.125,7,7,GCCCCAACGGCCTGTAATAG,0,3501153
tfaE_stfE_predicted,0.125,7,7,GCCAGTTGTTCCGAAAGCAG,0,3495677
tfaE_stfE_predicted,0.125,7,7,GCCAGGTACGACATAGACAC,0,3487443
tfaE_stfE_predicted,0.125,7,7,GCCAAACGAGAGTGACGCAG,0,3472834
tfaE_stfE_predicted,0.125,7,7,GCATTAGTAGCGGCTCTAGG,0,3529661
tfaE_stfE_predicted,0.125,7,7,GCATGGCTACAGCTCATCTA,0,3471259
tfaE_stfE_predicted,0.125,7,7,GCATAGGAGTTACAACTGTA,0,3514635
tfaE_stfE_predicted,0.125,7,7,GCAGGGTCGAGGAACGACGC,0,3523883
tfaE_stfE_predicted,0.125,7,7,GCAGCCGAGCGCCTGTGTCC,0,3481849
tfaE_stfE_predicted,0.125,7,7,GCAGAGGTACAATGAAGGGA,0,3537340
tfaE_stfE_predicted,0.125,7,7,GCACTGTGACAGCCCATGCT,0,3503452
tfaE_stfE_predicted,0.125,7,7,GCACGGACAGAGCGCCGTAA,0,3473719
tfaE_stfE_predicted,0.125,7,7,GCACCTTCGGATTGCAGGCC,0,3501558
tfaE_stfE_predicted,0.125,7,7,GCACATACCTCGTGTTCGCC,0,3511361
tfaE_stfE_predicted,0.125,7,7,GCACAGGTACGCCAAACGTG,0,3476680
tfaE_stfE_predicted,0.125,7,7,GCAATGTACGTTAGCTGCGG,0,3531229
tfaE_stfE_predicted,0.125,7,7,GCAATCTTCTAAGGCAATCG,0,3518971
tfaE_stfE_predicted,0.125,7,7,GCAAGCCTCGCTACTGCATC,0,3470976
tfaE_stfE_predicted,0.125,7,7,GCAAGATGCGCCATAACTAC,0,3482239
tfaE_stfE_predicted,0.125,7,7,GCAAGACGCCCGGTTTTGGG,0,3503100
tfaE_stfE_predicted,0.125,7,7,GCAAAGTAGGCGCTGTCAAC,0,3518372
tfaE_stfE_predicted,0.125,7,7,GCAAACCCTCCATCACAACT,0,3516580
tfaE_stfE_predicted,0.125,7,7,GATTGTCCTGTTATGGGTGT,0,3539728
tfaE_stfE_predicted,0.125,7,7,GATTGGTTTAACGAGTGCGA,0,3538247
tfaE_stfE_predicted,0.125,7,7,GATTGGGAGTCTAAGTTAGT,0,3516065
tfaE_stfE_predicted,0.125,7,7,GATTGCCGTATCGCATTGAC,0,3473107
tfaE_stfE_predicted,0.125,7,7,GATTAGGACCTGGCTTGTAC,0,3532570
tfaE_stfE_predicted,0.125,7,7,GATTAAATGAACTAGACCAT,0,3524960
tfaE_stfE_predicted,0.125,7,7,GATGTACGTAAAAGATTATA,0,3474574
tfaE_stfE_predicted,0.125,7,7,GATGTACGGGCTCGGAATAA,0,3515838
tfaE_stfE_predicted,0.125,7,7,GATGAGCTGGTTGGGTAGGT,0,3468908
tfaE_stfE_predicted,0.125,7,7,GATCTATGGCAAAAAGCACA,0,3507450
tfaE_stfE_predicted,0.125,7,7,GATCTACATACCTCCCGTGC,0,3490358
tfaE_stfE_predicted,0.125,7,7,GATCTAAAACGATGCGTCTG,0,3533437
tfaE_stfE_predicted,0.125,7,7,GATCGTCCTAATGTATGGAT,0,3505020
tfaE_stfE_predicted,0.125,7,7,GATCGGCGATGTGTAATGCA,0,3481523
tfaE_stfE_predicted,0.125,7,7,GATCGGCAAGGGGTTTTATG,0,3534386
tfaE_stfE_predicted,0.125,7,7,GATCCTTAGGCAGCAAAGGG,0,3491398
tfaE_stfE_predicted,0.125,7,7,GATCCCATCCTTCCTCCTAA,0,3492097
tfaE_stfE_predicted,0.125,7,7,GATCATGGGCGACCGGATCT,0,3505151
tfaE_stfE_predicted,0.125,7,7,GATCAGTCAGTTCTCTAGCA,0,3473228
tfaE_stfE_predicted,0.125,7,7,GATATGCAGTGAGCCGATTA,0,3480931
tfaE_stfE_predicted,0.125,7,7,GATAGGTAATTTCGTAGTAA,0,3527827
tfaE_stfE_predicted,0.125,7,7,GATAGAACCGGGAGCCGTGT,0,3540039
tfaE_stfE_predicted,0.125,7,7,GATACTATCGGTGTTCAACA,0,3489557
tfaE_stfE_predicted,0.125,7,7,GAGTTTTCGACTTTGTCAGG,0,3490697
tfaE_stfE_predicted,0.125,7,7,GAGTTCTGCATGAAATTGTA,0,3493933
tfaE_stfE_predicted,0.125,7,7,GAGTGGGTAGATCTGTTTAA,0,3468124
tfaE_stfE_predicted,0.125,7,7,GAGTCGGGGCTCCGATTATC,0,3502804
tfaE_stfE_predicted,0.125,7,7,GAGTCGCGAGTGTATGCGGG,0,3515846
tfaE_stfE_predicted,0.125,7,7,GAGTCCAATAAGCACTGAAA,0,3502631
tfaE_stfE_predicted,0.125,7,7,GAGTCACTTCGGGATAGACT,0,3509219
tfaE_stfE_predicted,0.125,7,7,GAGGTTTGGGATAGGGGAGG,0,3509022
tfaE_stfE_predicted,0.125,7,7,GAGGTCACAACTTCTCCGGG,0,3532502
tfaE_stfE_predicted,0.125,7,7,GAGGGGGATGTGGACCGACC,0,3497945
tfaE_stfE_predicted,0.125,7,7,GAGGCTCACACCCTTTGTTT,0,3537546
tfaE_stfE_predicted,0.125,7,7,GAGGCCGGTTCGAAGGTCCC,0,3469308
tfaE_stfE_predicted,0.125,7,7,GAGGATTCGCAGCGACAGAA,0,3538865
tfaE_stfE_predicted,0.125,7,7,GAGCGGATATTCACAGCCAT,0,3523564
tfaE_stfE_predicted,0.125,7,7,GAGCGCATGTGGACCACCGG,0,3499875
tfaE_stfE_predicted,0.125,7,7,GAGCACCGTTTGCTCAAGCG,0,3522614
tfaE_stfE_predicted,0.125,7,7,GAGATGAACTCGTCCATGTC,0,3527656
tfaE_stfE_predicted,0.125,7,7,GAGATCGCAGACGTGATAGC,0,3525066
tfaE_stfE_predicted,0.125,7,7,GAGAGTTTGGTCTGTTTGTA,0,3479770
tfaE_stfE_predicted,0.125,7,7,GAGAGTATCAATCGGTATCC,0,3539354
tfaE_stfE_predicted,0.125,7,7,GAGAGGCCTCTCGGACGATG,0,3528085
tfaE_stfE_predicted,0.125,7,7,GAGACTACCAGCCGTGCGAG,0,3530567
tfaE_stfE_predicted,0.125,7,7,GAGACAATGCATATTGTTTT,0,3474794
tfaE_stfE_predicted,0.125,7,7,GACTTTTAACTGGTGATATA,0,3490841
tfaE_stfE_predicted,0.125,7,7,GACTGTCGGGAATCCCCGGA,0,3519438
tfaE_stfE_predicted,0.125,7,7,GACTGGGATACACTCGTAGG,0,3523256
tfaE_stfE_predicted,0.125,7,7,GACTCCGCCCGTTCGTCAAG,0,3478546
tfaE_stfE_predicted,0.125,7,7,GACTATGAAACCCCCACCTT,0,3526506
tfaE_stfE_predicted,0.125,7,7,GACCGTGCAGCTGAAAGGGT,0,3492717
tfaE_stfE_predicted,0.125,7,7,GACCCGGAGAAACGTGCAGA,0,3518367
tfaE_stfE_predicted,0.125,7,7,GACATAATTTGTCTAGAGGT,0,3505745
tfaE_stfE_predicted,0.125,7,7,GACAGCGACCGTTGGGACAC,0,3533308
tfaE_stfE_predicted,0.125,7,7,GACACTGACTGCGAGCATGG,0,3481463
tfaE_stfE_predicted,0.125,7,7,GACAACGAGCTGACCGTCGC,0,3490725
tfaE_stfE_predicted,0.125,7,7,GAATGATACCATGAGGTTCA,0,3487341
tfaE_stfE_predicted,0.125,7,7,GAATCTCCGTGCGGATGACG,0,3508354
tfaE_stfE_predicted,0.125,7,7,GAATCCGTAGAATGCATTCG,0,3514869
tfaE_stfE_predicted,0.125,7,7,GAATATGGTTACGTCCAGTA,0,3482732
tfaE_stfE_predicted,0.125,7,7,GAAGTCGGCTGCCGCGTCCT,0,3521345
tfaE_stfE_predicted,0.125,7,7,GAAGATCGTAGGAAAGAGTT,0,3519005
tfaE_stfE_predicted,0.125,7,7,GAAGAGGCGGTCGAGGTAGA,0,3533508
tfaE_stfE_predicted,0.125,7,7,GAACTACATTATCTATCGAG,0,3503527
tfaE_stfE_predicted,0.125,7,7,GAACGCTATATAACCTATTC,0,3520565
tfaE_stfE_predicted,0.125,7,7,GAACATGTGACATGTTGTGT,0,3510322
tfaE_stfE_predicted,0.125,7,7,GAACACAGCCTCGGAAATTC,0,3494679
tfaE_stfE_predicted,0.125,7,7,GAAAGGGGCACTCGGGACCA,0,3531137
tfaE_stfE_predicted,0.125,7,7,GAAAATAGCGCTTTAGGCGT,0,3481663
tfaE_stfE_predicted,0.125,7,7,CTTTTGTTGCCCCCAGGCCG,0,3515671
tfaE_stfE_predicted,0.125,7,7,CTTTTGTAGCCTCGGAGGCT,0,3485306
tfaE_stfE_predicted,0.125,7,7,CTTTCGAAAGTTGTGAGTCA,0,3491723
tfaE_stfE_predicted,0.125,7,7,CTTTATGGATATCGAAGCCA,0,3508791
tfaE_stfE_predicted,0.125,7,7,CTTTATAAAGCACAGGGCAG,0,3521107
tfaE_stfE_predicted,0.125,7,7,CTTGTTGCGGTGAGTCTGTT,0,3525982
tfaE_stfE_predicted,0.125,7,7,CTTGTTATAAACGCCTGGAA,0,3488188
tfaE_stfE_predicted,0.125,7,7,CTTGGATTATCCCGTGCATA,0,3483631
tfaE_stfE_predicted,0.125,7,7,CTTGGACGCAACTTAATTCA,0,3467434
tfaE_stfE_predicted,0.125,7,7,CTTGATTTTGTTATGTCAAT,0,3539798
tfaE_stfE_predicted,0.125,7,7,CTTCTTAAGCTCTGATGCCA,0,3510832
tfaE_stfE_predicted,0.125,7,7,CTTCTATATCTAACGGCTAG,0,3540762
tfaE_stfE_predicted,0.125,7,7,CTTCGTTGAGGACCCTACAC,0,3508800
tfaE_stfE_predicted,0.125,7,7,CTTCGGCAAATGCTGACGGG,0,3515864
tfaE_stfE_predicted,0.125,7,7,CTTCGACCACTGTGGTGTAT,0,3494154
tfaE_stfE_predicted,0.125,7,7,CTTCCTGATCGAATTCATTA,0,3531467
tfaE_stfE_predicted,0.125,7,7,CTTCCGCTCTAATTGGAGGA,0,3478530
tfaE_stfE_predicted,0.125,7,7,CTTCAGTCGCACTCCGTAGG,0,3528783
tfaE_stfE_predicted,0.125,7,7,CTTAACAATCATACACCTAT,0,3485480
tfaE_stfE_predicted,0.125,7,7,CTGTTTACGTAAGACGATCC,0,3501350
tfaE_stfE_predicted,0.125,7,7,CTGTTCACCCTAATTAACCA,0,3473034
tfaE_stfE_predicted,0.125,7,7,CTGTCCCGTAACCATTTATC,0,3525524
tfaE_stfE_predicted,0.125,7,7,CTGGTTACACCGTGAGCCGT,0,3538316
tfaE_stfE_predicted,0.125,7,7,CTGGTATAGTCGGCATAAGT,0,3475712
tfaE_stfE_predicted,0.125,7,7,CTGGGTGAAGCGTCGGCAAT,0,3479383
tfaE_stfE_predicted,0.125,7,7,CTGGCTCATGGATCAGCGAA,0,3529091
tfaE_stfE_predicted,0.125,7,7,CTGGCGCTAGCAATTGAAGC,0,3491992
tfaE_stfE_predicted,0.125,7,7,CTGGCATGAGGCGCTACTGA,0,3508914
tfaE_stfE_predicted,0.125,7,7,CTGGATATTGTAAATTAGGG,0,3483371
tfaE_stfE_predicted,0.125,7,7,CTGGAGGCTGAGATTGGGGA,0,3530628
tfaE_stfE_predicted,0.125,7,7,CTGGACGGGAAAGTACGTCC,0,3477593
tfaE_stfE_predicted,0.125,7,7,CTGCGCGCACGTCTGCAGGA,0,3539771
tfaE_stfE_predicted,0.125,7,7,CTGCCCCCGTTGGCCTCCTC,0,3536428
tfaE_stfE_predicted,0.125,7,7,CTGCATATCTATCCGGACGA,0,3525909
tfaE_stfE_predicted,0.125,7,7,CTGCAGAGGGCGGCGGTTGG,0,3468485
tfaE_stfE_predicted,0.125,7,7,CTGAGCGAAGCGTCATAAGA,0,3467256
tfaE_stfE_predicted,0.125,7,7,CTGAGATTGTCTGTCAATGA,0,3470282
tfaE_stfE_predicted,0.125,7,7,CTGACGATTTCATATTGTTA,0,3529013
tfaE_stfE_predicted,0.125,7,7,CTGAACAAAATACCTTTGGA,0,3498653
tfaE_stfE_predicted,0.125,7,7,CTCTTAATTCACCATATCTG,0,3485295
tfaE_stfE_predicted,0.125,7,7,CTCGTCATGTAGGGACGAGC,0,3498733
tfaE_stfE_predicted,0.125,7,7,CTCGCCCGTGCTTGAACAAG,0,3509119
tfaE_stfE_predicted,0.125,7,7,CTCGATTAGTTTTATCGACT,0,3488613
tfaE_stfE_predicted,0.125,7,7,CTCGATGACTGCCACCCGAG,0,3517727
tfaE_stfE_predicted,0.125,7,7,CTCACTTATTGGATTGCTAG,0,3535511
tfaE_stfE_predicted,0.125,7,7,CTCAAGCTTAAACCATCTTC,0,3517726
tfaE_stfE_predicted,0.125,7,7,CTATTTTTCGGCCTTCACAA,0,3532167
tfaE_stfE_predicted,0.125,7,7,CTATCCCAGGTTTGGTTAAG,0,3530249
tfaE_stfE_predicted,0.125,7,7,CTATATATTCGATCGGCTGA,0,3478965
tfaE_stfE_predicted,0.125,7,7,CTATAACGCCCAATAGCTGA,0,3537160
tfaE_stfE_predicted,0.125,7,7,CTATAAAGACCCGTTTCTGC,0,3467605
tfaE_stfE_predicted,0.125,7,7,CTAGTTAAAACTTGTCCTGC,0,3480586
tfaE_stfE_predicted,0.125,7,7,CTAGTAGAGTGCTCAATGAA,0,3500929
tfaE_stfE_predicted,0.125,7,7,CTAGACAGGGCACTTTCTGT,0,3470308
tfaE_stfE_predicted,0.125,7,7,CTAGAAATGCATCAACTAGG,0,3473544
tfaE_stfE_predicted,0.125,7,7,CTACTACTACCTCAAGGACA,0,3522735
tfaE_stfE_predicted,0.125,7,7,CTACGGTCACAGGGATGCTA,0,3533139
tfaE_stfE_predicted,0.125,7,7,CTACGGCCCCTTCCGGCGGG,0,3537118
tfaE_stfE_predicted,0.125,7,7,CTACAAACCCTGACTGATGC,0,3466730
tfaE_stfE_predicted,0.125,7,7,CTAATTTCCTAAATCTCTCG,0,3488169
tfaE_stfE_predicted,0.125,7,7,CTAAGGAATCAACGTACTCC,0,3520420
tfaE_stfE_predicted,0.125,7,7,CTAAGCTGAAATTAAACATA,0,3488060
tfaE_stfE_predicted,0.125,7,7,CTAACTGTCCTATACACTCC,0,3497130
tfaE_stfE_predicted,0.125,7,7,CTAACCAGGAGTTGGAATGT,0,3503690
tfaE_stfE_predicted,0.125,7,7,CTAAATATCCCAACAGGGTT,0,3485945
tfaE_stfE_predicted,0.125,7,7,CGTTTGGTCATCAAGCGTCT,0,3532618
tfaE_stfE_predicted,0.125,7,7,CGTTCCATTCTCCAGGGCTC,0,3504971
tfaE_stfE_predicted,0.125,7,7,CGTGGTTCTACGGGTAGGGT,0,3510907
tfaE_stfE_predicted,0.125,7,7,CGTGGGTTAAACGCGCGAGA,0,3531956
tfaE_stfE_predicted,0.125,7,7,CGTGCCGGACGAGGTATATG,0,3502274
tfaE_stfE_predicted,0.125,7,7,CGTCGTGCAACGATGGGAAC,0,3525571
tfaE_stfE_predicted,0.125,7,7,CGTCGTAGTTTGCCCTATCA,0,3487168
tfaE_stfE_predicted,0.125,7,7,CGTCGAAAAGAACAAGTCGT,0,3494837
tfaE_stfE_predicted,0.125,7,7,CGTCACGTTACAGTCCCGTA,0,3534821
tfaE_stfE_predicted,0.125,7,7,CGTCAAACTTACAACCTGCT,0,3471141
tfaE_stfE_predicted,0.125,7,7,CGTATGACCTGGGAGGCGGC,0,3482333
tfaE_stfE_predicted,0.125,7,7,CGTAACAAAGATGCCATCAG,0,3526111
tfaE_stfE_predicted,0.125,7,7,CGGTTTACATTGTTTGAAAC,0,3503227
tfaE_stfE_predicted,0.125,7,7,CGGTTGTGGGATATTATTTC,0,3539532
tfaE_stfE_predicted,0.125,7,7,CGGTTGAAATGGTATCGCTA,0,3487284
tfaE_stfE_predicted,0.125,7,7,CGGTTATTATAATGACCATA,0,3499023
tfaE_stfE_predicted,0.125,7,7,CGGTGGCGCCTCTGGAAACC,0,3498015
tfaE_stfE_predicted,0.125,7,7,CGGTCTGTCTCAGGATCGAT,0,3528303
tfaE_stfE_predicted,0.125,7,7,CGGTCTGCATGGGCTATAGG,0,3491068
tfaE_stfE_predicted,0.125,7,7,CGGTCCCATGTGTTTGAGGA,0,3527769
tfaE_stfE_predicted,0.125,7,7,CGGTCCAGGGGCTCTAACTA,0,3527636
tfaE_stfE_predicted,0.125,7,7,CGGTAATCCTAACAACAGGA,0,3482903
tfaE_stfE_predicted,0.125,7,7,CGGTAACATACTACTTAATC,0,3478217
tfaE_stfE_predicted,0.125,7,7,CGGGTCACCATGAGCGATGT,0,3471437
tfaE_stfE_predicted,0.125,7,7,CGGGTATTCCGACCGCCCAT,0,3480441
tfaE_stfE_predicted,0.125,7,7,CGGGGGTTCTTTGTCTATCG,0,3500425
tfaE_stfE_predicted,0.125,7,7,CGGGGGCGGCAACGTGGGCA,0,3492378
tfaE_stfE_predicted,0.125,7,7,CGGGCGAGAGCGAGACCGGT,0,3526992
tfaE_stfE_predicted,0.125,7,7,CGGCTGGCTGTGCTGGTGTA,0,3521959
tfaE_stfE_predicted,0.125,7,7,CGGCGGGGCTTAATGGAGGT,0,3533482
tfaE_stfE_predicted,0.125,7,7,CGGCCTTCACCCGGCCAGGG,0,3503573
tfaE_stfE_predicted,0.125,7,7,CGGCCATAGGGACATGCGAA,0,3490181
tfaE_stfE_predicted,0.125,7,7,CGGCACAAGGTACCGCCACG,0,3525319
tfaE_stfE_predicted,0.125,7,7,CGGATTTCCTTGGTCTCCTG,0,3472994
tfaE_stfE_predicted,0.125,7,7,CGGACAGTTTCGTTAGAAAT,0,3489443
tfaE_stfE_predicted,0.125,7,7,CGGAACAGGCGTTCAACATA,0,3487911
tfaE_stfE_predicted,0.125,7,7,CGGAAAGCCAAAGCTGGTCA,0,3486700
tfaE_stfE_predicted,0.125,7,7,CGCTGGCCCTAAGCTCCCTC,0,3506219
tfaE_stfE_predicted,0.125,7,7,CGCTCCGCAAGCCCATTGTT,0,3518679
tfaE_stfE_predicted,0.125,7,7,CGCTAACTAGCGGGGAGGTT,0,3515383
tfaE_stfE_predicted,0.125,7,7,CGCGTCGAATTAGTAGCCAG,0,3468816
tfaE_stfE_predicted,0.125,7,7,CGCGGGCCAGAAGCCAGACG,0,3488352
tfaE_stfE_predicted,0.125,7,7,CGCGGGAACGGCGCCCGCCG,0,3534088
tfaE_stfE_predicted,0.125,7,7,CGCGCCCTAATACCCGATCC,0,3476594
tfaE_stfE_predicted,0.125,7,7,CGCGCAGCAGACTTAGTCAC,0,3510502
tfaE_stfE_predicted,0.125,7,7,CGCCTCTGCCTAAGGTTTTA,0,3492864
tfaE_stfE_predicted,0.125,7,7,CGCCTCTCCTCATCAATATC,0,3496596
tfaE_stfE_predicted,0.125,7,7,CGCCCGTGAAGTCTTTGGAC,0,3467419
tfaE_stfE_predicted,0.125,7,7,CGCCACGTGCTTTGCAATCA,0,3540548
tfaE_stfE_predicted,0.125,7,7,CGCATAAGCGAGCGTTAGCT,0,3540046
tfaE_stfE_predicted,0.125,7,7,CGCAGTTGTGCACTGTTGAT,0,3490810
tfaE_stfE_predicted,0.125,7,7,CGCACTCTTGTTCTGTTGAA,0,3484974
tfaE_stfE_predicted,0.125,7,7,CGATGCGACCTTAGGTTTTG,0,3527257
tfaE_stfE_predicted,0.125,7,7,CGATGATGGCCTCTGTAGTT,0,3496462
tfaE_stfE_predicted,0.125,7,7,CGATCTCATTTACTAACATG,0,3505701
tfaE_stfE_predicted,0.125,7,7,CGATCGGTAGGTATTTTATC,0,3491365
tfaE_stfE_predicted,0.125,7,7,CGATCGGATATTGCCTACGT,0,3506400
tfaE_stfE_predicted,0.125,7,7,CGATCAACGGGGGTATGTAT,0,3535651
tfaE_stfE_predicted,0.125,7,7,CGAGTGGTCAGCCTAATTGC,0,3524003
tfaE_stfE_predicted,0.125,7,7,CGAGTGCTGGACTAAGCTTT,0,3529630
tfaE_stfE_predicted,0.125,7,7,CGAGGTTGTCTCATTTTAGA,0,3472703
tfaE_stfE_predicted,0.125,7,7,CGAGGACATCCTAATGTATT,0,3527344
tfaE_stfE_predicted,0.125,7,7,CGAGCCAAGAAGGCAGCAGA,0,3470498
tfaE_stfE_predicted,0.125,7,7,CGAGCATAGCAGGACGGTGA,0,3484537
tfaE_stfE_predicted,0.125,7,7,CGAGATGGACCGCTCGACGT,0,3535854
tfaE_stfE_predicted,0.125,7,7,CGAGATCGCTGGCGGTGCGT,0,3512629
tfaE_stfE_predicted,0.125,7,7,CGACGGGTATGTTATGTCTC,0,3483890
tfaE_stfE_predicted,0.125,7,7,CGACGCGGCATCTAGTATTC,0,3509891
tfaE_stfE_predicted,0.125,7,7,CGACGACAATAGCGCCCACT,0,3491485
tfaE_stfE_predicted,0.125,7,7,CGACAGTGTTCTCCAAGCTG,0,3531042
tfaE_stfE_predicted,0.125,7,7,CGACAAGTCGGCCCCTTTAG,0,3501135
tfaE_stfE_predicted,0.125,7,7,CGAATCTTATTTCTGCGACC,0,3482864
tfaE_stfE_predicted,0.125,7,7,CGAAGGTCACGGTTGGTACA,0,3513164
tfaE_stfE_predicted,0.125,7,7,CGAAGCTACACTCGAGTAAA,0,3538193
tfaE_stfE_predicted,0.125,7,7,CGAAGAAGTATATCCAGATC,0,3514287
tfaE_stfE_predicted,0.125,7,7,CGAAACTGCACGGTTACGAC,0,3515333
tfaE_stfE_predicted,0.125,7,7,CGAAACGAAATATTCTTGGT,0,3487927
tfaE_stfE_predicted,0.125,7,7,CCTTTCGTATCGGGCATATA,0,3486905
tfaE_stfE_predicted,0.125,7,7,CCTTGCAAGAAAGCTATAAA,0,3504355
tfaE_stfE_predicted,0.125,7,7,CCTGGATCTGCCATTTACTG,0,3530110
tfaE_stfE_predicted,0.125,7,7,CCTGGAAGGTCGTAGGGGTC,0,3528121
tfaE_stfE_predicted,0.125,7,7,CCTGCTACACCGCAATTATA,0,3467286
tfaE_stfE_predicted,0.125,7,7,CCTGCGTGTGCGCATGGCCT,0,3508376
tfaE_stfE_predicted,0.125,7,7,CCTGCACCGGTCTAGATCAT,0,3510881
tfaE_stfE_predicted,0.125,7,7,CCTGAATGTCTCATAAAAGA,0,3521734
tfaE_stfE_predicted,0.125,7,7,CCTGAAAAACGACGCTTTTT,0,3493625
tfaE_stfE_predicted,0.125,7,7,CCTCTTAACCAGGCTCCTGA,0,3498094
tfaE_stfE_predicted,0.125,7,7,CCTCGGGGGGCATCTCTGCA,0,3517516
tfaE_stfE_predicted,0.125,7,7,CCTCGGAGGGTTAAGGTGTT,0,3486572
tfaE_stfE_predicted,0.125,7,7,CCTCCTGTGAATGTGCAAGC,0,3480647
tfaE_stfE_predicted,0.125,7,7,CCTCCCGGGGTTCGAGTGCC,0,3482018
tfaE_stfE_predicted,0.125,7,7,CCTATGCCTAGGTAGTACCA,0,3537589
tfaE_stfE_predicted,0.125,7,7,CCTAGAATCCGTAAGGGAGT,0,3509964
tfaE_stfE_predicted,0.125,7,7,CCGTTGTACATACTAGATCA,0,3492915
tfaE_stfE_predicted,0.125,7,7,CCGTGTTAGTTTCGTTATCA,0,3490246
tfaE_stfE_predicted,0.125,7,7,CCGTCTAACTCCAATACTGT,0,3517045
tfaE_stfE_predicted,0.125,7,7,CCGTACGATTCTTGTAAACT,0,3536365
tfaE_stfE_predicted,0.125,7,7,CCGGTTTCCGCCTGATTCGA,0,3538269
tfaE_stfE_predicted,0.125,7,7,CCGGTTCTCCCCTTAACCGT,0,3468748
tfaE_stfE_predicted,0.125,7,7,CCGGTTAGGCAAGTGACAGA,0,3516965
tfaE_stfE_predicted,0.125,7,7,CCGGTCGGGGGTAGGCGTCC,0,3531337
tfaE_stfE_predicted,0.125,7,7,CCGGGCCGTTGACTGGGTCT,0,3495962
tfaE_stfE_predicted,0.125,7,7,CCGGGATTTTGGGACGGAAG,0,3499413
tfaE_stfE_predicted,0.125,7,7,CCGGGATTACGCCACACGAT,0,3508423
tfaE_stfE_predicted,0.125,7,7,CCGGGATAACAGGCAGACTC,0,3468677
tfaE_stfE_predicted,0.125,7,7,CCGGGACAAAAACAGAACAC,0,3540000
tfaE_stfE_predicted,0.125,7,7,CCGGCTTAGGAATACTTGGA,0,3479980
tfaE_stfE_predicted,0.125,7,7,CCGGCGACTCAGAAGTTACA,0,3529697
tfaE_stfE_predicted,0.125,7,7,CCGCTCCCCATTGAACTTGA,0,3485284
tfaE_stfE_predicted,0.125,7,7,CCGCGTTGCGGTTCGTGGCA,0,3477424
tfaE_stfE_predicted,0.125,7,7,CCGCCCGGAGGTGGAGCCCT,0,3470330
tfaE_stfE_predicted,0.125,7,7,CCCTTAGAACCTTTGCCCCT,0,3498185
tfaE_stfE_predicted,0.125,7,7,CCCTGAAGCTACAACGAGCC,0,3499369
tfaE_stfE_predicted,0.125,7,7,CCCTAGCGGGGCAGCTTGTG,0,3493689
tfaE_stfE_predicted,0.125,7,7,CCCTACTCTCTTTGGATATG,0,3496903
tfaE_stfE_predicted,0.125,7,7,CCCTACCCTGATTCATACAG,0,3505821
tfaE_stfE_predicted,0.125,7,7,CCCGGGCTCTAAGCCTGCGT,0,3468409
tfaE_stfE_predicted,0.125,7,7,CCCGCAAGTAGTATGCGACG,0,3514551
tfaE_stfE_predicted,0.125,7,7,CCCCTTTGGATGTCGTGCAT,0,3527094
tfaE_stfE_predicted,0.125,7,7,CCCCTTCATCCAAATTCGAT,0,3479051
tfaE_stfE_predicted,0.125,7,7,CCCCCGACGCTTTCTGGCTC,0,3493398
tfaE_stfE_predicted,0.125,7,7,CCCCCCTACGTAAGTTCTGA,0,3483207
tfaE_stfE_predicted,0.125,7,7,CCCCATGAGCTGCAGTGCGT,0,3489948
tfaE_stfE_predicted,0.125,7,7,CCCCAGTTGATTGTACAACT,0,3484105
tfaE_stfE_predicted,0.125,7,7,CCCCAGAGCCATTACAGGAC,0,3536082
tfaE_stfE_predicted,0.125,7,7,CCCCACGTATTTATGCGGGC,0,3502957
tfaE_stfE_predicted,0.125,7,7,CCCATCTAACGTGTTGTGAC,0,3477063
tfaE_stfE_predicted,0.125,7,7,CCCAGGGTGATACTACCTGA,0,3495851
tfaE_stfE_predicted,0.125,7,7,CCCAGGCGCGCCTAGCGACG,0,3520774
tfaE_stfE_predicted,0.125,7,7,CCCACAATAAGCAGCAGTTA,0,3470130
tfaE_stfE_predicted,0.125,7,7,CCCAAGTCCTGCAGTGACAC,0,3525419
tfaE_stfE_predicted,0.125,7,7,CCATTGGCCGTTACAAGAAT,0,3517926
tfaE_stfE_predicted,0.125,7,7,CCATTCCTTAGATCCGGTTC,0,3481886
tfaE_stfE_predicted,0.125,7,7,CCATGGTGACCAAAGGCTGT,0,3540671
tfaE_stfE_predicted,0.125,7,7,CCATGCGGATGGGCGGTTTG,0,3488623
tfaE_stfE_predicted,0.125,7,7,CCAGGTTTTAAGCTGGCTGT,0,3495182
tfaE_stfE_predicted,0.125,7,7,CCAGGCTTGTGAGCACACTG,0,3509241
tfaE_stfE_predicted,0.125,7,7,CCAGCCCAAGACCTGATGCA,0,3499763
tfaE_stfE_predicted,0.125,7,7,CCAGCAGGACCGAGCCTCAC,0,3499020
tfaE_stfE_predicted,0.125,7,7,CCAGAACGCAGCTTGGCTCA,0,3528710
tfaE_stfE_predicted,0.125,7,7,CCACTCGGGACAGTAGTCAT,0,3484770
tfaE_stfE_predicted,0.125,7,7,CCACGCATAGAATCTGGCAT,0,3514427
tfaE_stfE_predicted,0.125,7,7,CCACGATGGGTTAGGCCATT,0,3528339
tfaE_stfE_predicted,0.125,7,7,CCACCCTTTCGAAATCCCCA,0,3477128
tfaE_stfE_predicted,0.125,7,7,CCACATCATTAAGAGAATTC,0,3539942
tfaE_stfE_predicted,0.125,7,7,CCACAGAGCATAACACAAGG,0,3520367
tfaE_stfE_predicted,0.125,7,7,CCACACAACCTACACTCAAG,0,3468224
tfaE_stfE_predicted,0.125,7,7,CCACAATTGACACAGCCATG,0,3516348
tfaE_stfE_predicted,0.125,7,7,CCAATTGTTTCATGCTCGAT,0,3492539
tfaE_stfE_predicted,0.125,7,7,CCAATTGGTAACTGAAGAGA,0,3503023
tfaE_stfE_predicted,0.125,7,7,CCAATGGAACTGGGCACAGG,0,3504377
tfaE_stfE_predicted,0.125,7,7,CCAATAATAATAGCGTGACT,0,3514585
tfaE_stfE_predicted,0.125,7,7,CCAAGGAGTAAAGCCCCGAA,0,3481535
tfaE_stfE_predicted,0.125,7,7,CCAAGGAAGGAGAGAACGCC,0,3473218
tfaE_stfE_predicted,0.125,7,7,CCAAGCAGGAGTCTTAGTCT,0,3488851
tfaE_stfE_predicted,0.125,7,7,CCAACTCGGTGGGAACGCTA,0,3507357
tfaE_stfE_predicted,0.125,7,7,CCAAATTCGATAAGTTGCTC,0,3484927
tfaE_stfE_predicted,0.125,7,7,CCAAAGTTTTGGTTGGCGTG,0,3510873
tfaE_stfE_predicted,0.125,7,7,CCAAAGCCGTGAAGACTATT,0,3529624
tfaE_stfE_predicted,0.125,7,7,CCAAAGATTTAATACGACAT,0,3510775
tfaE_stfE_predicted,0.125,7,7,CATTTTGCCTTGGCTATGCG,0,3478952
tfaE_stfE_predicted,0.125,7,7,CATTGTGCCCACCTATGGTT,0,3490071
tfaE_stfE_predicted,0.125,7,7,CATTGCAGATGTGTCACTAG,0,3514302
tfaE_stfE_predicted,0.125,7,7,CATGTCGGAACTCGGCTACC,0,3538249
tfaE_stfE_predicted,0.125,7,7,CATGTAACCGGACGAAGAAC,0,3468527
tfaE_stfE_predicted,0.125,7,7,CATGCCGCCGATTCGTTCGT,0,3536304
tfaE_stfE_predicted,0.125,7,7,CATCTTGCCAAGACGCTAGA,0,3514264
tfaE_stfE_predicted,0.125,7,7,CATCTGGTTTCTAATCGGTT,0,3491096
tfaE_stfE_predicted,0.125,7,7,CATCTGATACAAATATCGGT,0,3473794
tfaE_stfE_predicted,0.125,7,7,CATCGTCCGTGATGGGGCAT,0,3489509
tfaE_stfE_predicted,0.125,7,7,CATCGTACATAGAGGGGCTC,0,3500751
tfaE_stfE_predicted,0.125,7,7,CATCGGTATCAGAGAATTTA,0,3505058
tfaE_stfE_predicted,0.125,7,7,CATCCTAGCGTTTCGACTCT,0,3474276
tfaE_stfE_predicted,0.125,7,7,CATCCCAGAGTTGTCGGGAA,0,3488601
tfaE_stfE_predicted,0.125,7,7,CATCAGTGCAACCCCTGGTA,0,3477099
tfaE_stfE_predicted,0.125,7,7,CATATATCGCCGATTCCATC,0,3491083
tfaE_stfE_predicted,0.125,7,7,CATACTACACTCGGGACGGT,0,3503974
tfaE_stfE_predicted,0.125,7,7,CAGTGTTGCCAGGGACCCCC,0,3522328
tfaE_stfE_predicted,0.125,7,7,CAGTGTCGCACGACCCGAGT,0,3510365
tfaE_stfE_predicted,0.125,7,7,CAGTGAGCCGCTTTGGGGGT,0,3524098
tfaE_stfE_predicted,0.125,7,7,CAGTAGGGGTTCTTTAAGAT,0,3484222
tfaE_stfE_predicted,0.125,7,7,CAGTACCACTGAATTGTAGA,0,3503496
tfaE_stfE_predicted,0.125,7,7,CAGTACATAGCTCGACCTTA,0,3486007
tfaE_stfE_predicted,0.125,7,7,CAGGCTTAGGATTGATGTCG,0,3524394
tfaE_stfE_predicted,0.125,7,7,CAGGCTGTCTGCTCGGATGA,0,3473239
tfaE_stfE_predicted,0.125,7,7,CAGGCTCAAAGGACGCAAGG,0,3506872
tfaE_stfE_predicted,0.125,7,7,CAGGACTTCACACTCGAATA,0,3498953
tfaE_stfE_predicted,0.125,7,7,CAGGACTCGCTTTGTTCGTT,0,3472452
tfaE_stfE_predicted,0.125,7,7,CAGGACTAATATTTATCAAG,0,3484634
tfaE_stfE_predicted,0.125,7,7,CAGCGTTAATGATCTCAAGC,0,3502055
tfaE_stfE_predicted,0.125,7,7,CAGCGGTACGGACATCGTTG,0,3487589
tfaE_stfE_predicted,0.125,7,7,CAGCGACCACCCTTGTCGGG,0,3502677
tfaE_stfE_predicted,0.125,7,7,CAGCCTGAGAAAGCATTCGA,0,3493381
tfaE_stfE_predicted,0.125,7,7,CAGATCTTGGACGAAGGACG,0,3477011
tfaE_stfE_predicted,0.125,7,7,CAGACCGAACACAGGACTTT,0,3531009
tfaE_stfE_predicted,0.125,7,7,CACTTGATTCTAGCATATTA,0,3528745
tfaE_stfE_predicted,0.125,7,7,CACTGGGAAACCTTGAAGCA,0,3498999
tfaE_stfE_predicted,0.125,7,7,CACTGGCGGTCCAGAACTCC,0,3484005
tfaE_stfE_predicted,0.125,7,7,CACTGCACTTACGGGACGCT,0,3476445
tfaE_stfE_predicted,0.125,7,7,CACTCCAATTTATCCTGGGT,0,3527154
tfaE_stfE_predicted,0.125,7,7,CACTCATCGCATGGAACACG,0,3516957
tfaE_stfE_predicted,0.125,7,7,CACTCACAACGTTCACAAAG,0,3528300
tfaE_stfE_predicted,0.125,7,7,CACTATCGCGTGCCGTTTTC,0,3514371
tfaE_stfE_predicted,0.125,7,7,CACGGGGGAACCATCTTCGC,0,3508415
tfaE_stfE_predicted,0.125,7,7,CACGCTACCCGGATGGTTTA,0,3482855
tfaE_stfE_predicted,0.125,7,7,CACGCAGCGTGTAAATAAAA,0,3472785
tfaE_stfE_predicted,0.125,7,7,CACGATCAAGGATATTGGGC,0,3536790
tfaE_stfE_predicted,0.125,7,7,CACCTTGCACCATGCGCATA,0,3521602
tfaE_stfE_predicted,0.125,7,7,CACCTAGTAGGGATCTGTCA,0,3508696
tfaE_stfE_predicted,0.125,7,7,CACCCTTACCTCTAGACCGT,0,3513625
tfaE_stfE_predicted,0.125,7,7,CACCCTCTTACTTATTCGCT,0,3497351
tfaE_stfE_predicted,0.125,7,7,CACCCGAATACATCAAGCCT,0,3468041
tfaE_stfE_predicted,0.125,7,7,CACCATTTTCCCCCCGCTGT,0,3533858
tfaE_stfE_predicted,0.125,7,7,CACCATTATCGTAGTACAAA,0,3478718
tfaE_stfE_predicted,0.125,7,7,CACATACGGCTACGGTGTAC,0,3470473
tfaE_stfE_predicted,0.125,7,7,CACAATTCGGGCGCGCTATA,0,3511830
tfaE_stfE_predicted,0.125,7,7,CACAACTACGGAATTTTTCA,0,3486657
tfaE_stfE_predicted,0.125,7,7,CAATTTCCTTGTGAATGAGA,0,3535242
tfaE_stfE_predicted,0.125,7,7,CAATGCCACGCCAGGCGCGT,0,3473064
tfaE_stfE_predicted,0.125,7,7,CAAGGGATCGGACTTCCGTG,0,3480158
tfaE_stfE_predicted,0.125,7,7,CAAGGCGGTCAATAGACGGA,0,3522219
tfaE_stfE_predicted,0.125,7,7,CAAGCCGGGGAACGATACGC,0,3485493
tfaE_stfE_predicted,0.125,7,7,CAAGAGGGACGCTCAGTTGG,0,3529396
tfaE_stfE_predicted,0.125,7,7,CAAGAAAGACATTGGAGTGG,0,3535847
tfaE_stfE_predicted,0.125,7,7,CAACTCTGAAGCCACCGGTC,0,3498440
tfaE_stfE_predicted,0.125,7,7,CAACTATCAATTTTAGCGCT,0,3498462
tfaE_stfE_predicted,0.125,7,7,CAACGTAGAAAATCCACGTT,0,3507674
tfaE_stfE_predicted,0.125,7,7,CAACGCTGATACAGCACCCT,0,3537466
tfaE_stfE_predicted,0.125,7,7,CAACCCAAGCCATGTACTAT,0,3471402
tfaE_stfE_predicted,0.125,7,7,CAACCACTTGTCATGCCGTT,0,3522894
tfaE_stfE_predicted,0.125,7,7,CAACAGCGTCATAATTCGTA,0,3525678
tfaE_stfE_predicted,0.125,7,7,CAACACTATTACTCTTCAGG,0,3474297
tfaE_stfE_predicted,0.125,7,7,CAAATATTTGTCACAAGTGC,0,3503481
tfaE_stfE_predicted,0.125,7,7,CAAACCTTGGGAGTCGGGTC,0,3514704
tfaE_stfE_predicted,0.125,7,7,CAAAACCATGTGGACGAATC,0,3469792
tfaE_stfE_predicted,0.125,7,7,ATTTTATTAGGCTTGATCCT,0,3476451
tfaE_stfE_predicted,0.125,7,7,ATTTGAAGTTAGCAGTAAGT,0,3525074
tfaE_stfE_predicted,0.125,7,7,ATTTCTTGTACAAGCAGACC,0,3481700
tfaE_stfE_predicted,0.125,7,7,ATTTCCGGCCGGCGTCACCG,0,3508897
tfaE_stfE_predicted,0.125,7,7,ATTTAAAAATTTATGGGAGG,0,3523602
tfaE_stfE_predicted,0.125,7,7,ATTGTGCGTGGATGAATGAA,0,3466982
tfaE_stfE_predicted,0.125,7,7,ATTGGTGGAAGTACTTAAAT,0,3472773
tfaE_stfE_predicted,0.125,7,7,ATTGGGACGAACTAGCTGTA,0,3477129
tfaE_stfE_predicted,0.125,7,7,ATTGGCTGGAAGCTCTATCT,0,3534688
tfaE_stfE_predicted,0.125,7,7,ATTCTCTAACCTATCCAGCG,0,3486503
tfaE_stfE_predicted,0.125,7,7,ATTCTAGAAGTGGACCAATC,0,3489410
tfaE_stfE_predicted,0.125,7,7,ATTATTTGCTAACATCGGCG,0,3485112
tfaE_stfE_predicted,0.125,7,7,ATTAGCACGGGCCGGGGCAT,0,3507190
tfaE_stfE_predicted,0.125,7,7,ATTACTTTTAAACGCAACCC,0,3482326
tfaE_stfE_predicted,0.125,7,7,ATTACTTAGACGCGTTCTCG,0,3467379
tfaE_stfE_predicted,0.125,7,7,ATTACGTCAAGCTCTGTCCT,0,3494408
tfaE_stfE_predicted,0.125,7,7,ATTAAGCTTCCCAAAATCCA,0,3521630
tfaE_stfE_predicted,0.125,7,7,ATTAACCAGATTTTGGTAGA,0,3491644
tfaE_stfE_predicted,0.125,7,7,ATTAAAGAGTTACACGTAGT,0,3466630
tfaE_stfE_predicted,0.125,7,7,ATGTCGTATCCGTGAATCTC,0,3521621
tfaE_stfE_predicted,0.125,7,7,ATGTATCGCGCGAGCTACCA,0,3524148
tfaE_stfE_predicted,0.125,7,7,ATGTAACTCAGGTTCCTGAT,0,3518844
tfaE_stfE_predicted,0.125,7,7,ATGGTGCCCAGTATTGGGGA,0,3536008
tfaE_stfE_predicted,0.125,7,7,ATGGCGGCTCCGTGATCTCG,0,3514555
tfaE_stfE_predicted,0.125,7,7,ATGGCGAACGTCAACCGCTC,0,3520671
tfaE_stfE_predicted,0.125,7,7,ATGGCCATATATAAGAGGAT,0,3518083
tfaE_stfE_predicted,0.125,7,7,ATGGCAATGTAGCGCTCTCG,0,3508184
tfaE_stfE_predicted,0.125,7,7,ATGGCAAACTTCATCAATAC,0,3474807
tfaE_stfE_predicted,0.125,7,7,ATGGACCGCTCCTGGAGAGA,0,3478829
tfaE_stfE_predicted,0.125,7,7,ATGGACAATCCAACCCTGAC,0,3509264
tfaE_stfE_predicted,0.125,7,7,ATGGAAGTTATTTCACATTT,0,3480225
tfaE_stfE_predicted,0.125,7,7,ATGCGCCGGATATGAACGCG,0,3522998
tfaE_stfE_predicted,0.125,7,7,ATGCGAGTTGCCAGGCCTGC,0,3508933
tfaE_stfE_predicted,0.125,7,7,ATGCGACCCGGTAACTCCTG,0,3514610
tfaE_stfE_predicted,0.125,7,7,ATGCGAAACAAAGTGCAAGT,0,3491874
tfaE_stfE_predicted,0.125,7,7,ATGCCTCACCGGACAGTCCT,0,3474077
tfaE_stfE_predicted,0.125,7,7,ATGATCTCATATACAGCACG,0,3522688
tfaE_stfE_predicted,0.125,7,7,ATGATCATCAGACGGCTCCC,0,3495455
tfaE_stfE_predicted,0.125,7,7,ATGATATGGGAGTTGACATA,0,3483874
tfaE_stfE_predicted,0.125,7,7,ATGAGGCCCTTCCGTCCATA,0,3533617
tfaE_stfE_predicted,0.125,7,7,ATGAAGCCCGCGCAACGATC,0,3530843
tfaE_stfE_predicted,0.125,7,7,ATCTTGAGGGTTGGGCTACT,0,3509169
tfaE_stfE_predicted,0.125,7,7,ATCTGGTCTATAGACGCGCC,0,3480068
tfaE_stfE_predicted,0.125,7,7,ATCTGGGCCGCAGACATTAA,0,3497140
tfaE_stfE_predicted,0.125,7,7,ATCTAAATGGGGCGAGGTCA,0,3539708
tfaE_stfE_predicted,0.125,7,7,ATCGTAGATAACGAGAATAG,0,3529920
tfaE_stfE_predicted,0.125,7,7,ATCGGTGTCTCTTTAAACGA,0,3522310
tfaE_stfE_predicted,0.125,7,7,ATCGGCTGTCGCTGAGTTCG,0,3537436
tfaE_stfE_predicted,0.125,7,7,ATCGGCATTCAGCATATATT,0,3499620
tfaE_stfE_predicted,0.125,7,7,ATCGGACACATACTGCTGGG,0,3502233
tfaE_stfE_predicted,0.125,7,7,ATCGCTAGCTCGTACTGTCA,0,3529050
tfaE_stfE_predicted,0.125,7,7,ATCGAGTGTGGGGTGGGTAC,0,3482330
tfaE_stfE_predicted,0.125,7,7,ATCGAAAGCGTTCGAGAGCG,0,3477751
tfaE_stfE_predicted,0.125,7,7,ATCCTGATAGCTACGATCAT,0,3537951
tfaE_stfE_predicted,0.125,7,7,ATCCCTTGCGCCGGTAAGAT,0,3468888
tfaE_stfE_predicted,0.125,7,7,ATCCCAAGCGTGGATATGAA,0,3498251
tfaE_stfE_predicted,0.125,7,7,ATCCATAGCTATCTCAGTTA,0,3534267
tfaE_stfE_predicted,0.125,7,7,ATCCAGCGTAAGAATGGTCA,0,3515828
tfaE_stfE_predicted,0.125,7,7,ATCCACTACCACTACTAGCA,0,3536741
tfaE_stfE_predicted,0.125,7,7,ATCATACATTATGAAGTACT,0,3541106
tfaE_stfE_predicted,0.125,7,7,ATCAAAGGTCCCTGCCAATT,0,3500026
tfaE_stfE_predicted,0.125,7,7,ATATTGATTTGAATTATCTG,0,3502310
tfaE_stfE_predicted,0.125,7,7,ATATTATTCTAGAGATCCAA,0,3498152
tfaE_stfE_predicted,0.125,7,7,ATATCATTCCGCCGTCCAAG,0,3482995
tfaE_stfE_predicted,0.125,7,7,ATAGTTTCGTTATCGGCCCC,0,3507701
tfaE_stfE_predicted,0.125,7,7,ATAGTTCCACCGCCAGCGCT,0,3481116
tfaE_stfE_predicted,0.125,7,7,ATAGTGCGCTCGCTATAAAC,0,3502514
tfaE_stfE_predicted,0.125,7,7,ATAGTGCCTTGATCGATTTT,0,3493543
tfaE_stfE_predicted,0.125,7,7,ATAGGGCGGTAGCCAATTAC,0,3502364
tfaE_stfE_predicted,0.125,7,7,ATAGGCTATCTGCAGTGAAC,0,3523467
tfaE_stfE_predicted,0.125,7,7,ATAGGCCAGACAATAGGGGA,0,3477232
tfaE_stfE_predicted,0.125,7,7,ATAGGCACATATTACTGGCA,0,3530016
tfaE_stfE_predicted,0.125,7,7,ATAGCTAGGAAATTGCTCCC,0,3492724
tfaE_stfE_predicted,0.125,7,7,ATAGCATGGGGTAGAGCTAA,0,3490046
tfaE_stfE_predicted,0.125,7,7,ATAGCATAAACTGGTCCGGG,0,3467220
tfaE_stfE_predicted,0.125,7,7,ATAGACATATTGCGGACCTT,0,3529893
tfaE_stfE_predicted,0.125,7,7,ATACTGATGCATTTAGTGTG,0,3501826
tfaE_stfE_predicted,0.125,7,7,ATACTATAAGCCAGTTTAAT,0,3472903
tfaE_stfE_predicted,0.125,7,7,ATACTACGCATGCTCATTCC,0,3506780
tfaE_stfE_predicted,0.125,7,7,ATACTAAGTCCGAGCCTTAG,0,3512221
tfaE_stfE_predicted,0.125,7,7,ATACGGTTAGATTCGATGTG,0,3532763
tfaE_stfE_predicted,0.125,7,7,ATACGAACCTGCCCCGCGAT,0,3532622
tfaE_stfE_predicted,0.125,7,7,ATACCAGCTGCAAAATCTGT,0,3466958
tfaE_stfE_predicted,0.125,7,7,ATACCAAGTGCCCGTCGGTT,0,3530427
tfaE_stfE_predicted,0.125,7,7,ATAACAGACCACACATGCGC,0,3475711
tfaE_stfE_predicted,0.125,7,7,AGTTGGGATCTCTCATCAAC,0,3529443
tfaE_stfE_predicted,0.125,7,7,AGTTGAGCCAACGCCGGGCG,0,3488942
tfaE_stfE_predicted,0.125,7,7,AGTTCTCGCCACGTATTAGA,0,3501071
tfaE_stfE_predicted,0.125,7,7,AGTTCATTAGCAGTGATTCC,0,3528947
tfaE_stfE_predicted,0.125,7,7,AGTTATGTCCTACGTTATGG,0,3513195
tfaE_stfE_predicted,0.125,7,7,AGTTAGGAAGTGCTTTCTGT,0,3500084
tfaE_stfE_predicted,0.125,7,7,AGTGGCCACGGTTTGGAGGA,0,3469915
tfaE_stfE_predicted,0.125,7,7,AGTCATGATTGGGCGCGTTT,0,3524848
tfaE_stfE_predicted,0.125,7,7,AGTCACTAATTTCGGAAGTC,0,3490374
tfaE_stfE_predicted,0.125,7,7,AGTAGCTACAATTCGAGATA,0,3488544
tfaE_stfE_predicted,0.125,7,7,AGTAGCGGAACGGCGGATAC,0,3506321
tfaE_stfE_predicted,0.125,7,7,AGTACACTACGATGCCTGTG,0,3531087
tfaE_stfE_predicted,0.125,7,7,AGTAACAAGGGGAATGTATC,0,3509304
tfaE_stfE_predicted,0.125,7,7,AGGTGCGCACGAAGTAACCA,0,3511516
tfaE_stfE_predicted,0.125,7,7,AGGTCGGAAGCAGCCGGAAG,0,3532953
tfaE_stfE_predicted,0.125,7,7,AGGTATCCAAACAACATCCG,0,3522309
tfaE_stfE_predicted,0.125,7,7,AGGTACCTAATGGGAGCACT,0,3538682
tfaE_stfE_predicted,0.125,7,7,AGGTACATCCCTACGTCGAA,0,3533189
tfaE_stfE_predicted,0.125,7,7,AGGTAAGTCTCTAAAAAAAT,0,3466555
tfaE_stfE_predicted,0.125,7,7,AGGGCTCTTTGGTAAAAGAA,0,3488132
tfaE_stfE_predicted,0.125,7,7,AGGGCGTAGCCTGGATATTA,0,3539563
tfaE_stfE_predicted,0.125,7,7,AGGGCCTGCGTTCCCTCGCA,0,3516686
tfaE_stfE_predicted,0.125,7,7,AGGGACGGAGAGGAAGGTCG,0,3486569
tfaE_stfE_predicted,0.125,7,7,AGGCTTTTTAGACTATTTAT,0,3493980
tfaE_stfE_predicted,0.125,7,7,AGGCTGTGTACGAGGCCATG,0,3490083
tfaE_stfE_predicted,0.125,7,7,AGGCTGATTGCGTGGGCTGG,0,3471362
tfaE_stfE_predicted,0.125,7,7,AGGCGCTTGCTCCCATTCCT,0,3524012
tfaE_stfE_predicted,0.125,7,7,AGGCCGCAGATGTGTGTCAA,0,3477659
tfaE_stfE_predicted,0.125,7,7,AGGCCCACCTATGGGAGATG,0,3467212
tfaE_stfE_predicted,0.125,7,7,AGGCCAGTACGACGCGTACC,0,3496342
tfaE_stfE_predicted,0.125,7,7,AGGCAGACCAGTACCGGGTG,0,3536717
tfaE_stfE_predicted,0.125,7,7,AGGATGGGAAGCCGCGTATC,0,3505025
tfaE_stfE_predicted,0.125,7,7,AGGATCACGTTCATGGTCCC,0,3515057
tfaE_stfE_predicted,0.125,7,7,AGGATCAAATACGAGGACAT,0,3489559
tfaE_stfE_predicted,0.125,7,7,AGGATACCAGCTGATGTATC,0,3489647
tfaE_stfE_predicted,0.125,7,7,AGGAGAAAGAATAACCCAAT,0,3535678
tfaE_stfE_predicted,0.125,7,7,AGGACCTTTTGGGATGTAAG,0,3489554
tfaE_stfE_predicted,0.125,7,7,AGGACCGCGGGCGGGCTTTC,0,3475917
tfaE_stfE_predicted,0.125,7,7,AGGAAGGAGATGGATCGAAG,0,3473217
tfaE_stfE_predicted,0.125,7,7,AGGAAGAAGCATTAAATGCT,0,3476706
tfaE_stfE_predicted,0.125,7,7,AGGAACTAGGTGTACCCTCT,0,3484937
tfaE_stfE_predicted,0.125,7,7,AGGAAACGGTTGCTTCATAA,0,3469610
tfaE_stfE_predicted,0.125,7,7,AGCTTTAAAGCCCGAAGGTG,0,3521659
tfaE_stfE_predicted,0.125,7,7,AGCTTGCACAGCAATCTGAA,0,3530292
tfaE_stfE_predicted,0.125,7,7,AGCTTCCGGTAAGAAAGACC,0,3519990
tfaE_stfE_predicted,0.125,7,7,AGCTCACTATGGAGTACGAT,0,3481920
tfaE_stfE_predicted,0.125,7,7,AGCTAGGTGGTCATGCCTCT,0,3526325
tfaE_stfE_predicted,0.125,7,7,AGCTACGGATTGTCGTCTGG,0,3505502
tfaE_stfE_predicted,0.125,7,7,AGCTACCTTCGGGTTCTCGA,0,3473507
tfaE_stfE_predicted,0.125,7,7,AGCGTTCGTGCCCGCCACTA,0,3488854
tfaE_stfE_predicted,0.125,7,7,AGCGTCAGTGCCTGGCCCCT,0,3472226
tfaE_stfE_predicted,0.125,7,7,AGCCATTCTTGTCGTCACAG,0,3478661
tfaE_stfE_predicted,0.125,7,7,AGCAGCCTCCAGTCTGTCAT,0,3522983
tfaE_stfE_predicted,0.125,7,7,AGCACGCCGAGTAGGAGGGT,0,3540807
tfaE_stfE_predicted,0.125,7,7,AGCAAGCTGTGTACAGAGCA,0,3517299
tfaE_stfE_predicted,0.125,7,7,AGCAAGAAAGTATAGAAGGG,0,3537794
tfaE_stfE_predicted,0.125,7,7,AGCAAACAGCGCTCTTGTCA,0,3532838
tfaE_stfE_predicted,0.125,7,7,AGATAGTTGGTTAGTATTGC,0,3512791
tfaE_stfE_predicted,0.125,7,7,AGAGTGGAACGAGGGCTGAT,0,3473465
tfaE_stfE_predicted,0.125,7,7,AGAGTCGTAGGGGGCCATGA,0,3499517
tfaE_stfE_predicted,0.125,7,7,AGAGCTGGTCCATAGACACA,0,3488094
tfaE_stfE_predicted,0.125,7,7,AGAGACTCCCGCACACTTTT,0,3481066
tfaE_stfE_predicted,0.125,7,7,AGACGTATTACAACCCGAGC,0,3497477
tfaE_stfE_predicted,0.125,7,7,AGACCTCACGATAGCGGTTA,0,3509221
tfaE_stfE_predicted,0.125,7,7,AGACCCATTCATTTTCAGGT,0,3472719
tfaE_stfE_predicted,0.125,7,7,AGACAGACGTGAGCCGTTCT,0,3522822
tfaE_stfE_predicted,0.125,7,7,AGACACATATTATGAATGTC,0,3511648
tfaE_stfE_predicted,0.125,7,7,AGAATTGCCGGTATACGCTG,0,3492168
tfaE_stfE_predicted,0.125,7,7,AGAATGACAGCCTATACGCG,0,3518986
tfaE_stfE_predicted,0.125,7,7,AGAAGGGAACGTAGGTGATT,0,3508541
tfaE_stfE_predicted,0.125,7,7,AGAAACGGAGTTTTCATATC,0,3484104
tfaE_stfE_predicted,0.125,7,7,AGAAAACGAGCTGCTCGTTT,0,3476617
tfaE_stfE_predicted,0.125,7,7,ACTTTTACTGTTTAGCAAAA,0,3521589
tfaE_stfE_predicted,0.125,7,7,ACTTTAAGGACAGCGGTATG,0,3468179
tfaE_stfE_predicted,0.125,7,7,ACTTGTTCTTTCTAGGTTGC,0,3510167
tfaE_stfE_predicted,0.125,7,7,ACTTGTCAACGCGCGTTCAG,0,3534336
tfaE_stfE_predicted,0.125,7,7,ACTTCTAGGACCCGTCCCGG,0,3499380
tfaE_stfE_predicted,0.125,7,7,ACTTCCACACGACACCCAGG,0,3497151
tfaE_stfE_predicted,0.125,7,7,ACTTCAGTTTCTATGCAGGA,0,3534016
tfaE_stfE_predicted,0.125,7,7,ACTGTTGCAAATATTCCCGA,0,3484512
tfaE_stfE_predicted,0.125,7,7,ACTGTCTAGCCGGATTGCAT,0,3529823
tfaE_stfE_predicted,0.125,7,7,ACTGGTCAATTATAAGTCTA,0,3496663
tfaE_stfE_predicted,0.125,7,7,ACTGGGTAGTCGAGATTATT,0,3477264
tfaE_stfE_predicted,0.125,7,7,ACTGGGGAGCCCGAATAGGA,0,3476781
tfaE_stfE_predicted,0.125,7,7,ACTGGCCTTGTCCCGTATAC,0,3525313
tfaE_stfE_predicted,0.125,7,7,ACTGCGATGAGTTTATAAGA,0,3503477
tfaE_stfE_predicted,0.125,7,7,ACTGAATAATTTGTTATTCA,0,3480448
tfaE_stfE_predicted,0.125,7,7,ACTCTTTTATCCAACGACCC,0,3486812
tfaE_stfE_predicted,0.125,7,7,ACTCTGATCACCTTAACGCT,0,3494723
tfaE_stfE_predicted,0.125,7,7,ACTCTCCTAACATAGTCTCG,0,3503183
tfaE_stfE_predicted,0.125,7,7,ACTCGCTATGACTAAAACGT,0,3485906
tfaE_stfE_predicted,0.125,7,7,ACTCGCAAGATGACAAGATA,0,3500516
tfaE_stfE_predicted,0.125,7,7,ACTCAGCCTCACGTATTCTA,0,3520840
tfaE_stfE_predicted,0.125,7,7,ACTCACTGAAGTACCGGCTG,0,3521072
tfaE_stfE_predicted,0.125,7,7,ACTATTCTAGCTTGTTGCCA,0,3519773
tfaE_stfE_predicted,0.125,7,7,ACTAGAGGTTGGAGCGAACG,0,3532776
tfaE_stfE_predicted,0.125,7,7,ACTACGTTAGTGCGAGGTAC,0,3514558
tfaE_stfE_predicted,0.125,7,7,ACTAAGCATATCAGGCGAAC,0,3506082
tfaE_stfE_predicted,0.125,7,7,ACGTGTCCGTGGTACGCAGG,0,3494079
tfaE_stfE_predicted,0.125,7,7,ACGTGGACGGAAGGCGGATG,0,3478629
tfaE_stfE_predicted,0.125,7,7,ACGTCGTGTCACGCCGTGCC,0,3517714
tfaE_stfE_predicted,0.125,7,7,ACGTCATCCGTCTAGACACA,0,3483101
tfaE_stfE_predicted,0.125,7,7,ACGGTAAGGTTGAGCTAGGC,0,3508648
tfaE_stfE_predicted,0.125,7,7,ACGGCCAAATGCGCTCAACC,0,3526759
tfaE_stfE_predicted,0.125,7,7,ACGGCAACTTATCTGAGGCC,0,3524956
tfaE_stfE_predicted,0.125,7,7,ACGGATTTTCCCAACACGCC,0,3473867
tfaE_stfE_predicted,0.125,7,7,ACGGAGCGCCTTTTCAGACG,0,3483633
tfaE_stfE_predicted,0.125,7,7,ACGCTCACTGAGCTTTTATG,0,3483597
tfaE_stfE_predicted,0.125,7,7,ACGCGCGCGCGAAGGATTCA,0,3495870
tfaE_stfE_predicted,0.125,7,7,ACGCCACTCCAACCCTCAGT,0,3504547
tfaE_stfE_predicted,0.125,7,7,ACGCACGGGTGATAGAAGTG,0,3510426
tfaE_stfE_predicted,0.125,7,7,ACGATTGGGTCCCCCTATAT,0,3482185
tfaE_stfE_predicted,0.125,7,7,ACGATTAACTGTCGTTTGTT,0,3510948
tfaE_stfE_predicted,0.125,7,7,ACGAGACGCCGTCAGCTGAA,0,3485908
tfaE_stfE_predicted,0.125,7,7,ACGAATCCAGTTTGGTCAGT,0,3499476
tfaE_stfE_predicted,0.125,7,7,ACCTTTGCGTGCTATCTGGT,0,3485389
tfaE_stfE_predicted,0.125,7,7,ACCTGAGTGCAGGTGTGCTC,0,3470227
tfaE_stfE_predicted,0.125,7,7,ACCTACCCCTTACCTTTCTG,0,3468003
tfaE_stfE_predicted,0.125,7,7,ACCGTTTGGTTTCACTAGGT,0,3467336
tfaE_stfE_predicted,0.125,7,7,ACCCTAGACCATGTTGGGAT,0,3517609
tfaE_stfE_predicted,0.125,7,7,ACCCGTAAAGGTTCGGCAAG,0,3502763
tfaE_stfE_predicted,0.125,7,7,ACCCGGCGTTTTGACAGTTC,0,3475304
tfaE_stfE_predicted,0.125,7,7,ACCCAGTCACAATGACTCAT,0,3494654
tfaE_stfE_predicted,0.125,7,7,ACCCACGTTGAAACCCAGGA,0,3528120
tfaE_stfE_predicted,0.125,7,7,ACCCACAGCAGGAATCCCAA,0,3517422
tfaE_stfE_predicted,0.125,7,7,ACCACTGGCAGGGATAAAGT,0,3497772
tfaE_stfE_predicted,0.125,7,7,ACCACGTTTACTTAACAGGT,0,3502951
tfaE_stfE_predicted,0.125,7,7,ACATTTATGCATATTTTCAT,0,3472173
tfaE_stfE_predicted,0.125,7,7,ACATTGAACCCCTGACAAGA,0,3529075
tfaE_stfE_predicted,0.125,7,7,ACATTCACGTGGGTCAAACT,0,3517816
tfaE_stfE_predicted,0.125,7,7,ACATGCAAGAGGAGAAGAAT,0,3506101
tfaE_stfE_predicted,0.125,7,7,ACAGGGGGTACGCTTTCGAC,0,3526552
tfaE_stfE_predicted,0.125,7,7,ACAGCCCCAAGGATGGTAGT,0,3500492
tfaE_stfE_predicted,0.125,7,7,ACAGCAGCACAAATAGTCCA,0,3520413
tfaE_stfE_predicted,0.125,7,7,ACAGAGTAATCTCCTCGGGG,0,3473445
tfaE_stfE_predicted,0.125,7,7,ACAGAACAAAGTACACACAA,0,3507593
tfaE_stfE_predicted,0.125,7,7,ACAGAAATGACTAACATATT,0,3494735
tfaE_stfE_predicted,0.125,7,7,ACACTCTCCTCGGGCAGGAA,0,3475943
tfaE_stfE_predicted,0.125,7,7,ACACTAGAGGGTCTATAGAC,0,3540975
tfaE_stfE_predicted,0.125,7,7,ACACCGGTTCCCCCGTACGC,0,3484514
tfaE_stfE_predicted,0.125,7,7,ACACATGAGAACGTTCAGAC,0,3518858
tfaE_stfE_predicted,0.125,7,7,ACAACGTACGGTTAGGATAC,0,3498107
tfaE_stfE_predicted,0.125,7,7,ACAACATGATTACACTTAGG,0,3481760
tfaE_stfE_predicted,0.125,7,7,AATTTTAAGCCTTCTTCATT,0,3501819
tfaE_stfE_predicted,0.125,7,7,AATTTTAAAACTGAGAATAT,0,3541164
tfaE_stfE_predicted,0.125,7,7,AATTTGGCGGGGGGTTTGCA,0,3536080
tfaE_stfE_predicted,0.125,7,7,AATTTCAGTGTTAGAGCTCC,0,3470979
tfaE_stfE_predicted,0.125,7,7,AATTTATGACAGTCCCCTCT,0,3466460
tfaE_stfE_predicted,0.125,7,7,AATTGAGTCCCTTTGCTATG,0,3508646
tfaE_stfE_predicted,0.125,7,7,AATTCGTGTGGACTTCGATC,0,3533598
tfaE_stfE_predicted,0.125,7,7,AATTCCTGATCCCTGCTACA,0,3479730
tfaE_stfE_predicted,0.125,7,7,AATTCCGGAATTTACGTGTT,0,3470134
tfaE_stfE_predicted,0.125,7,7,AATTCCCTTATAGATTAAGA,0,3508138
tfaE_stfE_predicted,0.125,7,7,AATTCAGTTTAGTCCGGTAC,0,3479714
tfaE_stfE_predicted,0.125,7,7,AATTACGGGCCGAGACCAGT,0,3508808
tfaE_stfE_predicted,0.125,7,7,AATTAATCGGGTTGTATAAA,0,3521369
tfaE_stfE_predicted,0.125,7,7,AATGTTTCACACGCGGGGTA,0,3504345
tfaE_stfE_predicted,0.125,7,7,AATGTAGAGAGGTTACGCGT,0,3468471
tfaE_stfE_predicted,0.125,7,7,AATGCCAGGTTTGGACCGTG,0,3480402
tfaE_stfE_predicted,0.125,7,7,AATGACAGGTTTATTAGTTA,0,3524345
tfaE_stfE_predicted,0.125,7,7,AATCTTGAAATGAATGTAGA,0,3492737
tfaE_stfE_predicted,0.125,7,7,AATCTGCAGGGGACGGTTTT,0,3496550
tfaE_stfE_predicted,0.125,7,7,AATCTCCGCGAAATAGTCAA,0,3475245
tfaE_stfE_predicted,0.125,7,7,AATCTATTTTCTCGCACAGT,0,3486699
tfaE_stfE_predicted,0.125,7,7,AATCGTAACAGTAATATTTT,0,3469231
tfaE_stfE_predicted,0.125,7,7,AATCGGCGGGTCACGACCTG,0,3474879
tfaE_stfE_predicted,0.125,7,7,AATCCTCAATAAAGTTGGTT,0,3488239
tfaE_stfE_predicted,0.125,7,7,AATATCGTACATGTACCTAG,0,3512588
tfaE_stfE_predicted,0.125,7,7,AATATCCGCGGTGACGGCCC,0,3484727
tfaE_stfE_predicted,0.125,7,7,AATACGTCTAGGGATTCTAG,0,3478529
tfaE_stfE_predicted,0.125,7,7,AATACGACCATGGCGCACTG,0,3529892
tfaE_stfE_predicted,0.125,7,7,AAGTTCATGTCTGCTACTGA,0,3521444
tfaE_stfE_predicted,0.125,7,7,AAGTGGCACACAGCCGAATA,0,3494052
tfaE_stfE_predicted,0.125,7,7,AAGTCTAGTAGGTTATATCC,0,3508339
tfaE_stfE_predicted,0.125,7,7,AAGTCCGGAGTATTATCACG,0,3519437
tfaE_stfE_predicted,0.125,7,7,AAGTCAGGCGAACTCGGTCG,0,3527639
tfaE_stfE_predicted,0.125,7,7,AAGTAGTGTCAAAGGATTCA,0,3486445
tfaE_stfE_predicted,0.125,7,7,AAGTACCGTACCTGCACCAC,0,3486197
tfaE_stfE_predicted,0.125,7,7,AAGGTCGAGGTCGGTGCTAG,0,3506885
tfaE_stfE_predicted,0.125,7,7,AAGGGGGGGCTTGGTTAAAA,0,3523246
tfaE_stfE_predicted,0.125,7,7,AAGGGCATTAGCGTCATCTG,0,3538068
tfaE_stfE_predicted,0.125,7,7,AAGGGATAACCGTATACTAA,0,3487668
tfaE_stfE_predicted,0.125,7,7,AAGGGACTTAACAGCGACTT,0,3521320
tfaE_stfE_predicted,0.125,7,7,AAGGGACAACGGCGTAATCA,0,3498469
tfaE_stfE_predicted,0.125,7,7,AAGGGAAAGCATGATGAATA,0,3536163
tfaE_stfE_predicted,0.125,7,7,AAGGCCGGGTTTGGGGACAT,0,3477260
tfaE_stfE_predicted,0.125,7,7,AAGGCACGCCCACGTGCTCA,0,3503613
tfaE_stfE_predicted,0.125,7,7,AAGCTATATTAAGACTTACC,0,3471251
tfaE_stfE_predicted,0.125,7,7,AAGCGGCCGAGCTCAAAGGT,0,3500154
tfaE_stfE_predicted,0.125,7,7,AAGCGAAGCCTTAGATAATG,0,3510361
tfaE_stfE_predicted,0.125,7,7,AAGCCGAGTACGCTCTCTTC,0,3517262
tfaE_stfE_predicted,0.125,7,7,AAGAGTTACCAGGACAGATT,0,3470313
tfaE_stfE_predicted,0.125,7,7,AAGAACCTTCTCCAAATTAG,0,3513261
tfaE_stfE_predicted,0.125,7,7,AAGAAATCTTAAAAGGGCCA,0,3492334
tfaE_stfE_predicted,0.125,7,7,AAGAAAGGCTGTTCTGCCGT,0,3477586
tfaE_stfE_predicted,0.125,7,7,AACTTTTCCGGCTGATAAAA,0,3534693
tfaE_stfE_predicted,0.125,7,7,AACTTAAATCGGAAAAAGAG,0,3496428
tfaE_stfE_predicted,0.125,7,7,AACTGGGAATATCGACATAA,0,3486970
tfaE_stfE_predicted,0.125,7,7,AACTCGCAAAGACGCCACCA,0,3526174
tfaE_stfE_predicted,0.125,7,7,AACTATCGGAACTAAGGTGC,0,3485950
tfaE_stfE_predicted,0.125,7,7,AACTACGAACCTTTGCCCAT,0,3510294
tfaE_stfE_predicted,0.125,7,7,AACTAATAACCTTACCATAA,0,3515339
tfaE_stfE_predicted,0.125,7,7,AACGCGTACAAAATCCGTGT,0,3469267
tfaE_stfE_predicted,0.125,7,7,AACCTTAAACTTGAATAGGA,0,3516552
tfaE_stfE_predicted,0.125,7,7,AACATCAGCAACCTTCCCTT,0,3472573
tfaE_stfE_predicted,0.125,7,7,AACATACAGTCTCTATAATA,0,3475924
tfaE_stfE_predicted,0.125,7,7,AACAGAATGCCGTTAACGCC,0,3510315
tfaE_stfE_predicted,0.125,7,7,AACACTTGTAAGCCACGCAA,0,3474202
tfaE_stfE_predicted,0.125,7,7,AACAAGCGGGGTCGTCGCTT,0,3473341
tfaE_stfE_predicted,0.125,7,7,AACAAATTATACGGAGCAGG,0,3497497
tfaE_stfE_predicted,0.125,7,7,AAATGTTCCCTAGCGTCCAG,0,3495886
tfaE_stfE_predicted,0.125,7,7,AAATGGCAACCGGTTCGGTA,0,3469766
tfaE_stfE_predicted,0.125,7,7,AAATCCGGGTGCGATTCCAA,0,3510301
tfaE_stfE_predicted,0.125,7,7,AAATAAGTGCATGAAGAATA,0,3521425
tfaE_stfE_predicted,0.125,7,7,AAAGTTTGCTTCCAGTTTTT,0,3533190
tfaE_stfE_predicted,0.125,7,7,AAAGTCCGTGGGAAGAACAC,0,3487465
tfaE_stfE_predicted,0.125,7,7,AAAGTATCCTTAAGTTCCAG,0,3506676
tfaE_stfE_predicted,0.125,7,7,AAAGGTTTCTATAGTGCTTC,0,3467293
tfaE_stfE_predicted,0.125,7,7,AAAGGTGATAGTTAGCTTAA,0,3474189
tfaE_stfE_predicted,0.125,7,7,AAAGGGCGGCCAGCGATTAC,0,3522538
tfaE_stfE_predicted,0.125,7,7,AAAGAGTAGAATGGGGCGCT,0,3501204
tfaE_stfE_predicted,0.125,7,7,AAAGAACCCACAATTGTGTA,0,3466655
tfaE_stfE_predicted,0.125,7,7,AAACTGGGCCAGCCCCCCAT,0,3496360
tfaE_stfE_predicted,0.125,7,7,AAACTGCCAGCAACTCTTCC,0,3503124
tfaE_stfE_predicted,0.125,7,7,AAACGATGGCAACGCCTAGG,0,3533298
tfaE_stfE_predicted,0.125,7,7,AAACCGATCCAGGTGCGCTT,0,3500911
tfaE_stfE_predicted,0.125,7,7,AAACAGGTCTTATGGTGTTG,0,3499765
tfaE_stfE_predicted,0.125,7,7,AAAATCTTGATTTGGGCAGC,0,3476945
tfaE_stfE_predicted,0.125,7,7,AAAATCTTCATAAACAGAGG,0,3503480
tfaE_stfE_predicted,0.125,7,7,AAAAGTGAAAAATGTAGCTT,0,3520458
tfaE_stfE_predicted,0.125,7,7,AAAAGATTGGCCGTTCATGC,0,3529788
tfaE_stfE_predicted,0.125,7,7,AAAAGAGAAGGTCGTAGGCT,0,3520480
tfaE_stfE_predicted,0.125,7,7,AAAACATTCCCAGAGGCATT,0,3523504
tfaE_stfE_predicted,0.125,7,7,AAAACACATACGGGCTCATG,0,3486238
tfaE_stfE_predicted,0.14285714285714285,6,6,TTTTTACTTCAGTTAGATGA,0,3492910
tfaE_stfE_predicted,0.14285714285714285,6,6,TTTTGCCGTGCCATCGGAGA,0,3527437
tfaE_stfE_predicted,0.14285714285714285,6,6,TTTTCCCGATGTTGGATGGT,0,3529089
tfaE_stfE_predicted,0.14285714285714285,6,6,TTTTATGACCAGTCATCGGT,0,3519152
tfaE_stfE_predicted,0.14285714285714285,6,6,TTTGTTCACTTAGATTTTCC,0,3482541
tfaE_stfE_predicted,0.14285714285714285,6,6,TTTGGCATTTAGCGTGCAAA,0,3484235
tfaE_stfE_predicted,0.14285714285714285,6,6,TTTGAGTCGTAACTCACGGC,0,3472215
tfaE_stfE_predicted,0.14285714285714285,6,6,TTTGACGCCTGGGTCGTTCC,0,3466778
tfaE_stfE_predicted,0.14285714285714285,6,6,TTTGACACTACATACCTTTA,0,3509359
tfaE_stfE_predicted,0.14285714285714285,6,6,TTTGAAGGCAACTCCCCTGT,0,3534469
tfaE_stfE_predicted,0.14285714285714285,6,6,TTTCGTCGCCAGGCGCGCGC,0,3471600
tfaE_stfE_predicted,0.14285714285714285,6,6,TTTCCGCGCCCAAGCCCTCA,0,3502064
tfaE_stfE_predicted,0.14285714285714285,6,6,TTTCAATGTGTATCCAGCTC,0,3505754
tfaE_stfE_predicted,0.14285714285714285,6,6,TTTCAAGAGCTTTCGCGTTA,0,3525761
tfaE_stfE_predicted,0.14285714285714285,6,6,TTTCAAAGCATTTAAATGTT,0,3486204
tfaE_stfE_predicted,0.14285714285714285,6,6,TTTATACTGGTTCCTTACTC,0,3508723
tfaE_stfE_predicted,0.14285714285714285,6,6,TTTAGAGTTAGTGTTCTCCC,0,3532259
tfaE_stfE_predicted,0.14285714285714285,6,6,TTTACGGATTCTCATTACCA,0,3509404
tfaE_stfE_predicted,0.14285714285714285,6,6,TTTAATCGTACATGCCGACA,0,3487256
tfaE_stfE_predicted,0.14285714285714285,6,6,TTTAATCAATTCGATGCCTC,0,3480500
tfaE_stfE_predicted,0.14285714285714285,6,6,TTGTTACTCTACTGAACGGA,0,3474338
tfaE_stfE_predicted,0.14285714285714285,6,6,TTGGGCATGGCTCAATCGTT,0,3538717
tfaE_stfE_predicted,0.14285714285714285,6,6,TTGGCACTAACTGGGCTCAA,0,3494304
tfaE_stfE_predicted,0.14285714285714285,6,6,TTGGCAAATGCTGCCGCCGT,0,3505881
tfaE_stfE_predicted,0.14285714285714285,6,6,TTGGATAGTACGATATGTCA,0,3512928
tfaE_stfE_predicted,0.14285714285714285,6,6,TTGGACAAATGTAGGTCCTA,0,3482106
tfaE_stfE_predicted,0.14285714285714285,6,6,TTGGAAGACCATTTCTTCAT,0,3478099
tfaE_stfE_predicted,0.14285714285714285,6,6,TTGGAAAAACGTATCAGTTA,0,3525407
tfaE_stfE_predicted,0.14285714285714285,6,6,TTGCTTAGGCGCTATCCCGG,0,3499304
tfaE_stfE_predicted,0.14285714285714285,6,6,TTGCTATGACGGTGGATTAT,0,3470813
tfaE_stfE_predicted,0.14285714285714285,6,6,TTGCTACCAAGTGCTCCCAT,0,3486462
tfaE_stfE_predicted,0.14285714285714285,6,6,TTGCCCCTTCTCGGCACAAC,0,3493860
tfaE_stfE_predicted,0.14285714285714285,6,6,TTGCCAGGTGTGATCCGTCG,0,3466451
tfaE_stfE_predicted,0.14285714285714285,6,6,TTGCAGGCTCGCTTTAGGCA,0,3529889
tfaE_stfE_predicted,0.14285714285714285,6,6,TTGATGCGTCATTGCGTGAT,0,3524513
tfaE_stfE_predicted,0.14285714285714285,6,6,TTGAGTCCGATGGATCAAGC,0,3528240
tfaE_stfE_predicted,0.14285714285714285,6,6,TTGAGGACGTTCGATCATGG,0,3490010
tfaE_stfE_predicted,0.14285714285714285,6,6,TTGACTGTACAGCTGAAATT,0,3514563
tfaE_stfE_predicted,0.14285714285714285,6,6,TTGAACCGGGTTAAGGGCTT,0,3525671
tfaE_stfE_predicted,0.14285714285714285,6,6,TTGAACCACGGTCTGGCGTC,0,3479315
tfaE_stfE_predicted,0.14285714285714285,6,6,TTCTTGTCAGCATTGGATAG,0,3499818
tfaE_stfE_predicted,0.14285714285714285,6,6,TTCTTGCCTCCCTGAATGAA,0,3493849
tfaE_stfE_predicted,0.14285714285714285,6,6,TTCTTGAGAGTTGGCGTAGA,0,3528063
tfaE_stfE_predicted,0.14285714285714285,6,6,TTCTTCTTACAACTCACTCA,0,3536727
tfaE_stfE_predicted,0.14285714285714285,6,6,TTCTTCACGAGGGCTTGCTG,0,3499238
tfaE_stfE_predicted,0.14285714285714285,6,6,TTCTCCAGGACTATACCTGT,0,3474130
tfaE_stfE_predicted,0.14285714285714285,6,6,TTCTCCACGCTAGGATGACA,0,3481303
tfaE_stfE_predicted,0.14285714285714285,6,6,TTCTCACGGGATCTCAGGGT,0,3490523
tfaE_stfE_predicted,0.14285714285714285,6,6,TTCGTGTCCGCGCGACAGGT,0,3498717
tfaE_stfE_predicted,0.14285714285714285,6,6,TTCGTCATGAAGGTTGACGT,0,3506603
tfaE_stfE_predicted,0.14285714285714285,6,6,TTCGTATGACTTGGGGCTTA,0,3502630
tfaE_stfE_predicted,0.14285714285714285,6,6,TTCGTAGAAAAGAACTGCGG,0,3476452
tfaE_stfE_predicted,0.14285714285714285,6,6,TTCGGTGGATAGTGTCCCAA,0,3522120
tfaE_stfE_predicted,0.14285714285714285,6,6,TTCGGGTACCCGCAGACGAA,0,3491321
tfaE_stfE_predicted,0.14285714285714285,6,6,TTCGGAGAGCTATTGCAGCA,0,3501596
tfaE_stfE_predicted,0.14285714285714285,6,6,TTCGCGTCCGAATCGCACTT,0,3532322
tfaE_stfE_predicted,0.14285714285714285,6,6,TTCGCGGGTTAAACTCAGCT,0,3486736
tfaE_stfE_predicted,0.14285714285714285,6,6,TTCGACTCGCAACGCCCATG,0,3474087
tfaE_stfE_predicted,0.14285714285714285,6,6,TTCGACCTCGGGCCATTTCG,0,3487510
tfaE_stfE_predicted,0.14285714285714285,6,6,TTCGAAAGCATTTGCCAGAG,0,3495862
tfaE_stfE_predicted,0.14285714285714285,6,6,TTCCTGGTTGGCTGGCTCAG,0,3470558
tfaE_stfE_predicted,0.14285714285714285,6,6,TTCCTCCTGTCCTAGTCATT,0,3469408
tfaE_stfE_predicted,0.14285714285714285,6,6,TTCCGGCGCGGCCCCTTTTC,0,3510156
tfaE_stfE_predicted,0.14285714285714285,6,6,TTCCGCTGTACCATTCATAC,0,3531092
tfaE_stfE_predicted,0.14285714285714285,6,6,TTCCGCCGGGTCTACGCCAA,0,3470399
tfaE_stfE_predicted,0.14285714285714285,6,6,TTCATACAACTCGTCATCGA,0,3528692
tfaE_stfE_predicted,0.14285714285714285,6,6,TTCATAAACAACCAGCCTAA,0,3532316
tfaE_stfE_predicted,0.14285714285714285,6,6,TTCAGGAATCACTTTACCTG,0,3515285
tfaE_stfE_predicted,0.14285714285714285,6,6,TTCACCTCCCCAATAGCGTA,0,3471237
tfaE_stfE_predicted,0.14285714285714285,6,6,TTCAACGTGGGGGAGCGCAA,0,3520177
tfaE_stfE_predicted,0.14285714285714285,6,6,TTCAAATGGTGACTAGCGAG,0,3526940
tfaE_stfE_predicted,0.14285714285714285,6,6,TTATTGGGCGTCCTGTGTTT,0,3529619
tfaE_stfE_predicted,0.14285714285714285,6,6,TTATTCGTAACGGGGAACAG,0,3483658
tfaE_stfE_predicted,0.14285714285714285,6,6,TTATGTTACTGCAAGGCGTC,0,3487451
tfaE_stfE_predicted,0.14285714285714285,6,6,TTATGCCGAAGGGCCAAAGA,0,3490004
tfaE_stfE_predicted,0.14285714285714285,6,6,TTATCACTGTCACTGATCCA,0,3494238
tfaE_stfE_predicted,0.14285714285714285,6,6,TTATCACCGGCGTTCCTTCA,0,3487928
tfaE_stfE_predicted,0.14285714285714285,6,6,TTATATGTTTTACAAAGAGT,0,3467484
tfaE_stfE_predicted,0.14285714285714285,6,6,TTATACGCAGAGGATAGAGC,0,3531612
tfaE_stfE_predicted,0.14285714285714285,6,6,TTAGTGGTGCACTGGGCCTT,0,3511718
tfaE_stfE_predicted,0.14285714285714285,6,6,TTAGGGACCTTTCAGGCCTA,0,3497050
tfaE_stfE_predicted,0.14285714285714285,6,6,TTAGGATTCTCATCGAAACT,0,3504412
tfaE_stfE_predicted,0.14285714285714285,6,6,TTAGCTAATCAGCCAACCCG,0,3513369
tfaE_stfE_predicted,0.14285714285714285,6,6,TTAGCCCGGTTCCTCTACGA,0,3517483
tfaE_stfE_predicted,0.14285714285714285,6,6,TTAGATCCCACGTCCGGTTC,0,3489060
tfaE_stfE_predicted,0.14285714285714285,6,6,TTACTTTTGGAGCGCAGTAC,0,3538397
tfaE_stfE_predicted,0.14285714285714285,6,6,TTACTTCAGACGGCTTTGAT,0,3516556
tfaE_stfE_predicted,0.14285714285714285,6,6,TTACTCTTGGGCAGTTGCAT,0,3474101
tfaE_stfE_predicted,0.14285714285714285,6,6,TTACGCCCTCCAGTTAGTTA,0,3536281
tfaE_stfE_predicted,0.14285714285714285,6,6,TTACCGACTTATATGGCAGA,0,3508482
tfaE_stfE_predicted,0.14285714285714285,6,6,TTACAGTCGGTGCTTGCTAG,0,3516255
tfaE_stfE_predicted,0.14285714285714285,6,6,TTACACCCCCCCCCAGTGGC,0,3510880
tfaE_stfE_predicted,0.14285714285714285,6,6,TTAAGACTCACCGCTTCGGA,0,3497200
tfaE_stfE_predicted,0.14285714285714285,6,6,TTAAAAACATATGCTGTGTC,0,3501673
tfaE_stfE_predicted,0.14285714285714285,6,6,TGTTTAGCACACGAATATTT,0,3537881
tfaE_stfE_predicted,0.14285714285714285,6,6,TGTTCTCCTTGCATTCAGGC,0,3511368
tfaE_stfE_predicted,0.14285714285714285,6,6,TGTTCTATTTGTGGTGCGAG,0,3471690
tfaE_stfE_predicted,0.14285714285714285,6,6,TGTTACAGCATACGCCAGGC,0,3489872
tfaE_stfE_predicted,0.14285714285714285,6,6,TGTGGTATGTGGCCGTCTAG,0,3487993
tfaE_stfE_predicted,0.14285714285714285,6,6,TGTGGCTGTATCGCGCGTCT,0,3505079
tfaE_stfE_predicted,0.14285714285714285,6,6,TGTGGCACTCTGGCAGTTGC,0,3509863
tfaE_stfE_predicted,0.14285714285714285,6,6,TGTGCTGGCTAACGCACCAG,0,3533864
tfaE_stfE_predicted,0.14285714285714285,6,6,TGTGCGCGTAAATATTGCTA,0,3502061
tfaE_stfE_predicted,0.14285714285714285,6,6,TGTGCACAGTCCGACTAGAG,0,3482555
tfaE_stfE_predicted,0.14285714285714285,6,6,TGTGAGCTGAACTAAAGAGC,0,3535842
tfaE_stfE_predicted,0.14285714285714285,6,6,TGTGAGACCTATAGTGCATA,0,3540196
tfaE_stfE_predicted,0.14285714285714285,6,6,TGTCCCAGAGGTCTAGTACA,0,3517008
tfaE_stfE_predicted,0.14285714285714285,6,6,TGTCCCAACAACAGCAATAT,0,3535728
tfaE_stfE_predicted,0.14285714285714285,6,6,TGTCAATGAAATCTTGGACT,0,3522180
tfaE_stfE_predicted,0.14285714285714285,6,6,TGTAGTTTAATGTCACTCTG,0,3506842
tfaE_stfE_predicted,0.14285714285714285,6,6,TGGTTATCAAGGTAAAATAC,0,3515001
tfaE_stfE_predicted,0.14285714285714285,6,6,TGGTGAAGTGAAATTGGGAT,0,3495400
tfaE_stfE_predicted,0.14285714285714285,6,6,TGGTGAACATACTGTTAAGC,0,3524695
tfaE_stfE_predicted,0.14285714285714285,6,6,TGGTCGCGAGAGGCCCCTTT,0,3507354
tfaE_stfE_predicted,0.14285714285714285,6,6,TGGTCAATCTTGGGAGGGTA,0,3526546
tfaE_stfE_predicted,0.14285714285714285,6,6,TGGTATATCGTCTGTTCAAA,0,3483721
tfaE_stfE_predicted,0.14285714285714285,6,6,TGGTATAACCATATCGACGA,0,3496225
tfaE_stfE_predicted,0.14285714285714285,6,6,TGGTAGTGCTCGAGGAAATC,0,3523031
tfaE_stfE_predicted,0.14285714285714285,6,6,TGGTAGGTCCAACTTATTGT,0,3525507
tfaE_stfE_predicted,0.14285714285714285,6,6,TGGGTCGGGCCTCAAGGGTG,0,3477417
tfaE_stfE_predicted,0.14285714285714285,6,6,TGGGGTTTAAAAAAGCGGGG,0,3532317
tfaE_stfE_predicted,0.14285714285714285,6,6,TGGGAGATCGCAAGTCACAT,0,3523264
tfaE_stfE_predicted,0.14285714285714285,6,6,TGGCTAGTCTTTAAGACCAT,0,3523985
tfaE_stfE_predicted,0.14285714285714285,6,6,TGGCTAAGGAATCCCGGATT,0,3471350
tfaE_stfE_predicted,0.14285714285714285,6,6,TGGCCGATTTTCTATATTGG,0,3512800
tfaE_stfE_predicted,0.14285714285714285,6,6,TGGCACTCTGGTAGACTTTC,0,3513624
tfaE_stfE_predicted,0.14285714285714285,6,6,TGGCAAGTATTACATGATCA,0,3518631
tfaE_stfE_predicted,0.14285714285714285,6,6,TGGCAAGATAAATCCGAGTA,0,3476705
tfaE_stfE_predicted,0.14285714285714285,6,6,TGGATCACCGCTAGATCATA,0,3535554
tfaE_stfE_predicted,0.14285714285714285,6,6,TGGACTGGGTACTTGGGCTA,0,3501129
tfaE_stfE_predicted,0.14285714285714285,6,6,TGGACCCTGGTGATACCTTC,0,3478713
tfaE_stfE_predicted,0.14285714285714285,6,6,TGGAATAACTACAATTTTCA,0,3486378
tfaE_stfE_predicted,0.14285714285714285,6,6,TGGAAAGACATGGACTCCGT,0,3499766
tfaE_stfE_predicted,0.14285714285714285,6,6,TGCTTAGTACTCGGTTGTAT,0,3503992
tfaE_stfE_predicted,0.14285714285714285,6,6,TGCTTAAGGTATATCAAACG,0,3485071
tfaE_stfE_predicted,0.14285714285714285,6,6,TGCTAGTCGCACTAAACAGT,0,3504212
tfaE_stfE_predicted,0.14285714285714285,6,6,TGCGGAGACCATCTTTGTCG,0,3470548
tfaE_stfE_predicted,0.14285714285714285,6,6,TGCGCGGCTCTGAGTAGTCT,0,3527545
tfaE_stfE_predicted,0.14285714285714285,6,6,TGCGCATATGATAGTACGCC,0,3492524
tfaE_stfE_predicted,0.14285714285714285,6,6,TGCCTGTTCAATATGTTTAG,0,3484318
tfaE_stfE_predicted,0.14285714285714285,6,6,TGCCCAACCGTAGCCAGGAG,0,3540602
tfaE_stfE_predicted,0.14285714285714285,6,6,TGCCAGAAAAGGTGACTTTG,0,3539993
tfaE_stfE_predicted,0.14285714285714285,6,6,TGCCAATGTGCGCCTCGTTA,0,3538715
tfaE_stfE_predicted,0.14285714285714285,6,6,TGCCAAGGCATACTACAACT,0,3480638
tfaE_stfE_predicted,0.14285714285714285,6,6,TGCCAAAGCGTGGGTTTTGA,0,3498990
tfaE_stfE_predicted,0.14285714285714285,6,6,TGCATGACTACAATCAAACA,0,3470012
tfaE_stfE_predicted,0.14285714285714285,6,6,TGCATATTGAGGGGTCGCTC,0,3475919
tfaE_stfE_predicted,0.14285714285714285,6,6,TGCAGTTGTTTAGTAAGGCT,0,3475243
tfaE_stfE_predicted,0.14285714285714285,6,6,TGCAGTTATGCTTTCGCCCC,0,3508932
tfaE_stfE_predicted,0.14285714285714285,6,6,TGCAGGCAACCCTTTTTTTC,0,3499349
tfaE_stfE_predicted,0.14285714285714285,6,6,TGCAGCTAGAGTCGGTCCTG,0,3501691
tfaE_stfE_predicted,0.14285714285714285,6,6,TGCACCTCCTCGTGTCCGTA,0,3506521
tfaE_stfE_predicted,0.14285714285714285,6,6,TGCACACAAGAGGCCGCACA,0,3470886
tfaE_stfE_predicted,0.14285714285714285,6,6,TGATGGGTCATGGACATTGT,0,3532262
tfaE_stfE_predicted,0.14285714285714285,6,6,TGATCGAGTCCGTCTCAGAT,0,3520892
tfaE_stfE_predicted,0.14285714285714285,6,6,TGATAGTCGTGTAGGCCCCA,0,3473252
tfaE_stfE_predicted,0.14285714285714285,6,6,TGATAAGCGGATTCTCGCTA,0,3468147
tfaE_stfE_predicted,0.14285714285714285,6,6,TGATAAATACCAAAACCAGA,0,3474956
tfaE_stfE_predicted,0.14285714285714285,6,6,TGAGTTCCCGCATTTCAAAT,0,3536247
tfaE_stfE_predicted,0.14285714285714285,6,6,TGAGGTACGCAGCTGCCTTG,0,3482179
tfaE_stfE_predicted,0.14285714285714285,6,6,TGAGATATAAATAAACCTGG,0,3477655
tfaE_stfE_predicted,0.14285714285714285,6,6,TGACTCACAGGACGTAGCTG,0,3478346
tfaE_stfE_predicted,0.14285714285714285,6,6,TGACGTTCGTCATGTGGTGA,0,3527579
tfaE_stfE_predicted,0.14285714285714285,6,6,TGACGTAACCTTTGATCCAT,0,3506347
tfaE_stfE_predicted,0.14285714285714285,6,6,TGACGGCGTAAAGCCTAAAC,0,3519744
tfaE_stfE_predicted,0.14285714285714285,6,6,TGACGGACGGAGCGCTGCCT,0,3493421
tfaE_stfE_predicted,0.14285714285714285,6,6,TGACCACTGGTGGTTGGAGT,0,3488254
tfaE_stfE_predicted,0.14285714285714285,6,6,TGACAGTGCCTCCTTTTGGA,0,3533567
tfaE_stfE_predicted,0.14285714285714285,6,6,TGACACGTTCGACGTACGAT,0,3470954
tfaE_stfE_predicted,0.14285714285714285,6,6,TGAATTACCGCTTCAACGGT,0,3507711
tfaE_stfE_predicted,0.14285714285714285,6,6,TGAACGTCAGCTGCCTGCGC,0,3466964
tfaE_stfE_predicted,0.14285714285714285,6,6,TGAAAGTAGCCGACTCAGAG,0,3493484
tfaE_stfE_predicted,0.14285714285714285,6,6,TGAAACGGTGCATACAAGTC,0,3495615
tfaE_stfE_predicted,0.14285714285714285,6,6,TCTTTGCACCAGGCACCCCT,0,3493685
tfaE_stfE_predicted,0.14285714285714285,6,6,TCTTTCAAGGATGAATCCTA,0,3515208
tfaE_stfE_predicted,0.14285714285714285,6,6,TCTTGGTTGGTAAATATATC,0,3528139
tfaE_stfE_predicted,0.14285714285714285,6,6,TCTTGGGACGTCTTTCGTAA,0,3533982
tfaE_stfE_predicted,0.14285714285714285,6,6,TCTTGGCCCGCTCTAGATTC,0,3518792
tfaE_stfE_predicted,0.14285714285714285,6,6,TCTTCACCGGGTTCACCAGT,0,3507826
tfaE_stfE_predicted,0.14285714285714285,6,6,TCTGTTCCAAGCCATTCGGA,0,3493951
tfaE_stfE_predicted,0.14285714285714285,6,6,TCTGTCGGCGAAAGAGTGTG,0,3466866
tfaE_stfE_predicted,0.14285714285714285,6,6,TCTGTACACAGAAGCTTGAC,0,3507080
tfaE_stfE_predicted,0.14285714285714285,6,6,TCTGGTTCCTAGATGCCTCA,0,3527269
tfaE_stfE_predicted,0.14285714285714285,6,6,TCTGCTCTCGGACTGCACCT,0,3512018
tfaE_stfE_predicted,0.14285714285714285,6,6,TCTGCGCTACAAGGACATAC,0,3471471
tfaE_stfE_predicted,0.14285714285714285,6,6,TCTGCCGCACGGGATGTACT,0,3497179
tfaE_stfE_predicted,0.14285714285714285,6,6,TCTGCACACGCACATGTGGG,0,3518849
tfaE_stfE_predicted,0.14285714285714285,6,6,TCTCTGACCGACCGCATTAG,0,3472607
tfaE_stfE_predicted,0.14285714285714285,6,6,TCTATTGGAGGGCTTGGTGA,0,3494574
tfaE_stfE_predicted,0.14285714285714285,6,6,TCTATTCTGACAAATATCCT,0,3480879
tfaE_stfE_predicted,0.14285714285714285,6,6,TCTATGGCACCAGAGATTGT,0,3501220
tfaE_stfE_predicted,0.14285714285714285,6,6,TCTAGGCGCTCGGTACAGTA,0,3482621
tfaE_stfE_predicted,0.14285714285714285,6,6,TCTAAGGTATCCGAATGGTC,0,3535091
tfaE_stfE_predicted,0.14285714285714285,6,6,TCGTTTTTTTTCTGGAATCT,0,3535605
tfaE_stfE_predicted,0.14285714285714285,6,6,TCGTGATGCTGATTCAGTGG,0,3537694
tfaE_stfE_predicted,0.14285714285714285,6,6,TCGTCGCGTCCCCCGATTTA,0,3475088
tfaE_stfE_predicted,0.14285714285714285,6,6,TCGGTTGTAAAGATCGGCCA,0,3494102
tfaE_stfE_predicted,0.14285714285714285,6,6,TCGGTAACTCTGGTAATGAC,0,3533524
tfaE_stfE_predicted,0.14285714285714285,6,6,TCGGTAAATCTCAGAAGAAT,0,3518504
tfaE_stfE_predicted,0.14285714285714285,6,6,TCGGGTAAAGAGGGAGTTGG,0,3484362
tfaE_stfE_predicted,0.14285714285714285,6,6,TCGGCGTCACCGAAATCAAA,0,3508479
tfaE_stfE_predicted,0.14285714285714285,6,6,TCGGCACTCCAATTGCTGGA,0,3538766
tfaE_stfE_predicted,0.14285714285714285,6,6,TCGGAAGGGCGACCCGCCGA,0,3503044
tfaE_stfE_predicted,0.14285714285714285,6,6,TCGCCTACATCCGCGCACGG,0,3486425
tfaE_stfE_predicted,0.14285714285714285,6,6,TCGCCCTTCTCTAGCGCTAA,0,3518979
tfaE_stfE_predicted,0.14285714285714285,6,6,TCGCCCTGTACGGTTAATTC,0,3467974
tfaE_stfE_predicted,0.14285714285714285,6,6,TCGCACAGGGAGCATGGGAG,0,3501451
tfaE_stfE_predicted,0.14285714285714285,6,6,TCGCACAGAGCACCAATCGT,0,3535870
tfaE_stfE_predicted,0.14285714285714285,6,6,TCGAGTACTCCTTTTGCAGT,0,3508898
tfaE_stfE_predicted,0.14285714285714285,6,6,TCGAGAGGTAGCTTACTCAA,0,3483281
tfaE_stfE_predicted,0.14285714285714285,6,6,TCGAACTTCTAGGCGAGTGC,0,3479944
tfaE_stfE_predicted,0.14285714285714285,6,6,TCGAAATGTATGACATCTGT,0,3500217
tfaE_stfE_predicted,0.14285714285714285,6,6,TCCTCCGTTAGGCCTCATTC,0,3471987
tfaE_stfE_predicted,0.14285714285714285,6,6,TCCTCATACACGCGTTCGCC,0,3525126
tfaE_stfE_predicted,0.14285714285714285,6,6,TCCGGGTGTTAGGTAAGCGC,0,3480987
tfaE_stfE_predicted,0.14285714285714285,6,6,TCCGGAACGGTCCGCGCTGG,0,3481636
tfaE_stfE_predicted,0.14285714285714285,6,6,TCCCTGTCGAAATGGAGGCG,0,3470154
tfaE_stfE_predicted,0.14285714285714285,6,6,TCCCTCCAGTGGTGAGGAAA,0,3479604
tfaE_stfE_predicted,0.14285714285714285,6,6,TCCCGTGTTGCCGCGGAACC,0,3479977
tfaE_stfE_predicted,0.14285714285714285,6,6,TCCCGTCTGTCTCGCTCCGG,0,3481003
tfaE_stfE_predicted,0.14285714285714285,6,6,TCCCGCGAATGTACGCGCAG,0,3477556
tfaE_stfE_predicted,0.14285714285714285,6,6,TCCAGCTAGTAGTGAAAGCT,0,3519820
tfaE_stfE_predicted,0.14285714285714285,6,6,TCATTTTCGCAAACATCACT,0,3536406
tfaE_stfE_predicted,0.14285714285714285,6,6,TCATTGAGGTCCATTTTCGT,0,3473987
tfaE_stfE_predicted,0.14285714285714285,6,6,TCATTATGGCCAGCATGAAT,0,3520728
tfaE_stfE_predicted,0.14285714285714285,6,6,TCATGTCAGGGTGACCGAGG,0,3488669
tfaE_stfE_predicted,0.14285714285714285,6,6,TCATGGGTGTCTAATAGATC,0,3485785
tfaE_stfE_predicted,0.14285714285714285,6,6,TCATCCGCTTCGGACTCCGA,0,3539193
tfaE_stfE_predicted,0.14285714285714285,6,6,TCATAAGGTAAATTCGACGA,0,3478656
tfaE_stfE_predicted,0.14285714285714285,6,6,TCAGTACTAATTATCCCGGC,0,3527648
tfaE_stfE_predicted,0.14285714285714285,6,6,TCAGGGTTTGTAGGGGTACG,0,3488465
tfaE_stfE_predicted,0.14285714285714285,6,6,TCAGCGTTCGCGTTATGTCC,0,3507567
tfaE_stfE_predicted,0.14285714285714285,6,6,TCAGATGGAGCACTCGGTAT,0,3468970
tfaE_stfE_predicted,0.14285714285714285,6,6,TCACTTTTGTTCACAAAGGC,0,3518690
tfaE_stfE_predicted,0.14285714285714285,6,6,TCACTGCTTAAGACGACTAA,0,3540158
tfaE_stfE_predicted,0.14285714285714285,6,6,TCACTCCACATGTTTTGTAC,0,3539533
tfaE_stfE_predicted,0.14285714285714285,6,6,TCACGTAGCTGTTAAAGCAC,0,3470825
tfaE_stfE_predicted,0.14285714285714285,6,6,TCACCGCCTACTAAAAAGAG,0,3506778
tfaE_stfE_predicted,0.14285714285714285,6,6,TCACCCGAATAGCGTGTCGT,0,3504992
tfaE_stfE_predicted,0.14285714285714285,6,6,TCAATCAAATCCAGTCCACA,0,3512833
tfaE_stfE_predicted,0.14285714285714285,6,6,TCAAGTTGTCTGCTATCGAT,0,3525594
tfaE_stfE_predicted,0.14285714285714285,6,6,TCAAGCGGTTTATTGACTAT,0,3511247
tfaE_stfE_predicted,0.14285714285714285,6,6,TCAAGCGAGCCCAGCTTGAC,0,3530578
tfaE_stfE_predicted,0.14285714285714285,6,6,TCAACCGCTGAGCTCAATTG,0,3534696
tfaE_stfE_predicted,0.14285714285714285,6,6,TCAAATTTGGGAATGCCAGC,0,3471303
tfaE_stfE_predicted,0.14285714285714285,6,6,TCAAAGTCTCCCAGTGCTTT,0,3497864
tfaE_stfE_predicted,0.14285714285714285,6,6,TATTTTAAGTACTGCTTGCA,0,3473457
tfaE_stfE_predicted,0.14285714285714285,6,6,TATTTACTATGTGCTCCGCA,0,3537618
tfaE_stfE_predicted,0.14285714285714285,6,6,TATTGTAACATCTTAGCCCT,0,3488843
tfaE_stfE_predicted,0.14285714285714285,6,6,TATTCTTTACGCTATGGACG,0,3501480
tfaE_stfE_predicted,0.14285714285714285,6,6,TATTACATTGACCACATTCC,0,3478438
tfaE_stfE_predicted,0.14285714285714285,6,6,TATTACACGCGAGACTATTA,0,3513418
tfaE_stfE_predicted,0.14285714285714285,6,6,TATTAACGTGAGTAAGTTCT,0,3526317
tfaE_stfE_predicted,0.14285714285714285,6,6,TATGTCTGTTGAAGAGACAA,0,3482930
tfaE_stfE_predicted,0.14285714285714285,6,6,TATGTAGGCTACGGGATGCA,0,3533148
tfaE_stfE_predicted,0.14285714285714285,6,6,TATGGCGACAGAGCTTCTGC,0,3529795
tfaE_stfE_predicted,0.14285714285714285,6,6,TATGGCCTTCCCACAGTAGG,0,3468710
tfaE_stfE_predicted,0.14285714285714285,6,6,TATGCGCGAGACCAACGGTA,0,3503943
tfaE_stfE_predicted,0.14285714285714285,6,6,TATGCCGTCTTGGCAAAATG,0,3514212
tfaE_stfE_predicted,0.14285714285714285,6,6,TATGCAGGCAGCCCTAGGTG,0,3513670
tfaE_stfE_predicted,0.14285714285714285,6,6,TATGACCGCTGTGTTTCTTC,0,3520482
tfaE_stfE_predicted,0.14285714285714285,6,6,TATCTGGACACCTGCTTTGT,0,3473590
tfaE_stfE_predicted,0.14285714285714285,6,6,TATCTCGTGCGGTATATGAT,0,3505409
tfaE_stfE_predicted,0.14285714285714285,6,6,TATCGTCTAGTTTAGATATG,0,3527377
tfaE_stfE_predicted,0.14285714285714285,6,6,TATCGACCCCCCAGACAGTA,0,3489636
tfaE_stfE_predicted,0.14285714285714285,6,6,TATCAGTGCTAGGGACCGGG,0,3470741
tfaE_stfE_predicted,0.14285714285714285,6,6,TATCAATCCGCCATCTATAA,0,3507084
tfaE_stfE_predicted,0.14285714285714285,6,6,TATCAAATCTGAATGAGGGG,0,3522014
tfaE_stfE_predicted,0.14285714285714285,6,6,TATAGTCAGCTGACTAGGCG,0,3488538
tfaE_stfE_predicted,0.14285714285714285,6,6,TATAGGGCTCTTACTACGTA,0,3473070
tfaE_stfE_predicted,0.14285714285714285,6,6,TATAGCTCAAACGGGACAAT,0,3511492
tfaE_stfE_predicted,0.14285714285714285,6,6,TATAGCCAATTAACACATAC,0,3523699
tfaE_stfE_predicted,0.14285714285714285,6,6,TATACGGTCTGCGCTCCTAG,0,3496057
tfaE_stfE_predicted,0.14285714285714285,6,6,TATACCGTACAGCATCGGGA,0,3503217
tfaE_stfE_predicted,0.14285714285714285,6,6,TATACCGGTATCACACCATT,0,3489786
tfaE_stfE_predicted,0.14285714285714285,6,6,TATACCCCGGGCTCGCTGAT,0,3475153
tfaE_stfE_predicted,0.14285714285714285,6,6,TAGTCCTTGGATTTTGTGGT,0,3506313
tfaE_stfE_predicted,0.14285714285714285,6,6,TAGTCCACAGTTTTAATTTG,0,3478894
tfaE_stfE_predicted,0.14285714285714285,6,6,TAGGTTCTTCGACGCATTTC,0,3506484
tfaE_stfE_predicted,0.14285714285714285,6,6,TAGGTGTTGCCTCTTATGTT,0,3527150
tfaE_stfE_predicted,0.14285714285714285,6,6,TAGGTGCAAGGGGAGATGCG,0,3540871
tfaE_stfE_predicted,0.14285714285714285,6,6,TAGGTCTAGAACTGAAGCGC,0,3534588
tfaE_stfE_predicted,0.14285714285714285,6,6,TAGGTACAGCGATACTATAC,0,3518044
tfaE_stfE_predicted,0.14285714285714285,6,6,TAGGTAACGTCAACTCGTCT,0,3470555
tfaE_stfE_predicted,0.14285714285714285,6,6,TAGGCGTCAATCAGGCTCGT,0,3492279
tfaE_stfE_predicted,0.14285714285714285,6,6,TAGGCGCACTAGGACAGCGC,0,3482510
tfaE_stfE_predicted,0.14285714285714285,6,6,TAGGCACACCTCTTCGGTCT,0,3512437
tfaE_stfE_predicted,0.14285714285714285,6,6,TAGGATTGGCGGATTATATA,0,3467242
tfaE_stfE_predicted,0.14285714285714285,6,6,TAGGATACTGTATGTCATGC,0,3502235
tfaE_stfE_predicted,0.14285714285714285,6,6,TAGGACTGAGCATGTACTAG,0,3507763
tfaE_stfE_predicted,0.14285714285714285,6,6,TAGGACATAAGCATTATAAT,0,3495415
tfaE_stfE_predicted,0.14285714285714285,6,6,TAGCTTAGGAAGAAACTATC,0,3531063
tfaE_stfE_predicted,0.14285714285714285,6,6,TAGCTTAATAATCAGCTGTA,0,3468534
tfaE_stfE_predicted,0.14285714285714285,6,6,TAGCTCTTCACAATCAAGGG,0,3532379
tfaE_stfE_predicted,0.14285714285714285,6,6,TAGCTCGGACATCGTGCAGA,0,3494508
tfaE_stfE_predicted,0.14285714285714285,6,6,TAGCTCAAGCCTTACGTGCC,0,3521669
tfaE_stfE_predicted,0.14285714285714285,6,6,TAGCAAATCCATTGCGATGA,0,3468386
tfaE_stfE_predicted,0.14285714285714285,6,6,TAGATTGACACGAAAGACGA,0,3503317
tfaE_stfE_predicted,0.14285714285714285,6,6,TAGATAATGCACAGCTCGCA,0,3500799
tfaE_stfE_predicted,0.14285714285714285,6,6,TAGAGAACAAAGGGGCAGGG,0,3513051
tfaE_stfE_predicted,0.14285714285714285,6,6,TAGACATCTTATCCCTTCCA,0,3535647
tfaE_stfE_predicted,0.14285714285714285,6,6,TAGAACGGTCAATCTTGGGG,0,3529106
tfaE_stfE_predicted,0.14285714285714285,6,6,TAGAAACACGCCATCTTGCA,0,3516693
tfaE_stfE_predicted,0.14285714285714285,6,6,TACTTCAACGCCGCTGAGGC,0,3484055
tfaE_stfE_predicted,0.14285714285714285,6,6,TACTCGCATTATATAAATAT,0,3507380
tfaE_stfE_predicted,0.14285714285714285,6,6,TACTCGCACGTAATATATAA,0,3484251
tfaE_stfE_predicted,0.14285714285714285,6,6,TACTATGTCAAAGGTATTTC,0,3532521
tfaE_stfE_predicted,0.14285714285714285,6,6,TACTAGACGATATACTCAGT,0,3513821
tfaE_stfE_predicted,0.14285714285714285,6,6,TACGTTGTAGCTTGTGCGAA,0,3515165
tfaE_stfE_predicted,0.14285714285714285,6,6,TACGTGTCAGGGTGCGTTGA,0,3537386
tfaE_stfE_predicted,0.14285714285714285,6,6,TACGTGATGCGGCTGGTAAG,0,3515957
tfaE_stfE_predicted,0.14285714285714285,6,6,TACGGAGCGTCGTAGGGGAT,0,3541024
tfaE_stfE_predicted,0.14285714285714285,6,6,TACGCGGGATAATAATGTTT,0,3519390
tfaE_stfE_predicted,0.14285714285714285,6,6,TACCCTACTTCGCCACCCGA,0,3505856
tfaE_stfE_predicted,0.14285714285714285,6,6,TACCCGTATGGTGCCGAGGC,0,3486396
tfaE_stfE_predicted,0.14285714285714285,6,6,TACCCGTATACATTAATGCA,0,3494804
tfaE_stfE_predicted,0.14285714285714285,6,6,TACCATACTCCGTTACACAA,0,3528918
tfaE_stfE_predicted,0.14285714285714285,6,6,TACCAGAAGGCTGCAAGGAC,0,3495826
tfaE_stfE_predicted,0.14285714285714285,6,6,TACATTGTCCTCAGCGCAGT,0,3483868
tfaE_stfE_predicted,0.14285714285714285,6,6,TACAAATTGGCGATCGGCTT,0,3502698
tfaE_stfE_predicted,0.14285714285714285,6,6,TACAAATGTAACAATTCGAC,0,3536974
tfaE_stfE_predicted,0.14285714285714285,6,6,TAATCTTCATGACTACTATT,0,3504145
tfaE_stfE_predicted,0.14285714285714285,6,6,TAATCTTATAACAAACGTAG,0,3479796
tfaE_stfE_predicted,0.14285714285714285,6,6,TAATCTATATGTTAGAACCT,0,3466401
tfaE_stfE_predicted,0.14285714285714285,6,6,TAATCAGACTCACGGCGTTA,0,3519229
tfaE_stfE_predicted,0.14285714285714285,6,6,TAATCACCCATTATAATCAT,0,3504851
tfaE_stfE_predicted,0.14285714285714285,6,6,TAAGGGTTCGAGGTTGAGGC,0,3479904
tfaE_stfE_predicted,0.14285714285714285,6,6,TAAGAAGACGCTGTGGTCCC,0,3491728
tfaE_stfE_predicted,0.14285714285714285,6,6,TAACTCTTTGTTGACGTTCG,0,3529223
tfaE_stfE_predicted,0.14285714285714285,6,6,TAACCTGCACCAGAGTCCCT,0,3482893
tfaE_stfE_predicted,0.14285714285714285,6,6,TAACCCATTTACTTACAATG,0,3510837
tfaE_stfE_predicted,0.14285714285714285,6,6,TAACCAACGTCCATTTACCG,0,3474566
tfaE_stfE_predicted,0.14285714285714285,6,6,TAAATACGGTGGGCGCTAAC,0,3473226
tfaE_stfE_predicted,0.14285714285714285,6,6,TAAACATCTCGTAAGGCTTT,0,3505117
tfaE_stfE_predicted,0.14285714285714285,6,6,GTTTTTGACGGTGTGGCGAG,0,3514785
tfaE_stfE_predicted,0.14285714285714285,6,6,GTTTTAGTTATGTACGTCCT,0,3496905
tfaE_stfE_predicted,0.14285714285714285,6,6,GTTTCGTCAAAAATCTAGTC,0,3518796
tfaE_stfE_predicted,0.14285714285714285,6,6,GTTTACCCTTACGTGAAGGT,0,3468366
tfaE_stfE_predicted,0.14285714285714285,6,6,GTTGTAAAGTTGCGAGTAGG,0,3497568
tfaE_stfE_predicted,0.14285714285714285,6,6,GTTGGGATTTAGGCTGACAG,0,3511043
tfaE_stfE_predicted,0.14285714285714285,6,6,GTTGGATAACCAGAATTTGT,0,3524001
tfaE_stfE_predicted,0.14285714285714285,6,6,GTTGCGTGTGCTTGCTGGAC,0,3524401
tfaE_stfE_predicted,0.14285714285714285,6,6,GTTGCCATCGCTGACGCAGG,0,3536088
tfaE_stfE_predicted,0.14285714285714285,6,6,GTTGCAGCATTTGTGGTCAC,0,3522553
tfaE_stfE_predicted,0.14285714285714285,6,6,GTTGATCTGTTGGGCCGTAT,0,3539537
tfaE_stfE_predicted,0.14285714285714285,6,6,GTTCGTAGGGGCACACGAGG,0,3479156
tfaE_stfE_predicted,0.14285714285714285,6,6,GTTCGGGGACGCCCAGAAAA,0,3495613
tfaE_stfE_predicted,0.14285714285714285,6,6,GTTCCGTATCGGTTAATAGG,0,3510511
tfaE_stfE_predicted,0.14285714285714285,6,6,GTTCACCGGTAATATGACCT,0,3515439
tfaE_stfE_predicted,0.14285714285714285,6,6,GTTCAAGTGGTCAAACTTCT,0,3517602
tfaE_stfE_predicted,0.14285714285714285,6,6,GTTAGCATGGAACCACAGCC,0,3484163
tfaE_stfE_predicted,0.14285714285714285,6,6,GTTACACTATCACGAGACAC,0,3491356
tfaE_stfE_predicted,0.14285714285714285,6,6,GTTACAATACCTTGGATACA,0,3505206
tfaE_stfE_predicted,0.14285714285714285,6,6,GTTAATTAAAGTCCCTGTAT,0,3518098
tfaE_stfE_predicted,0.14285714285714285,6,6,GTTAATGGGATATGACTCCT,0,3509584
tfaE_stfE_predicted,0.14285714285714285,6,6,GTTAAGAGTAATGGAAAGCT,0,3527653
tfaE_stfE_predicted,0.14285714285714285,6,6,GTTAAATTATAATGTTCACC,0,3536148
tfaE_stfE_predicted,0.14285714285714285,6,6,GTTAAATCCCAGGACCAGTG,0,3477851
tfaE_stfE_predicted,0.14285714285714285,6,6,GTGTGGAGGCTACACGTATC,0,3525453
tfaE_stfE_predicted,0.14285714285714285,6,6,GTGTGGACGTACCCAGGCCC,0,3530614
tfaE_stfE_predicted,0.14285714285714285,6,6,GTGTGCAGGGCTTATTATAA,0,3474071
tfaE_stfE_predicted,0.14285714285714285,6,6,GTGTCTTTTTAAGGTGAGTT,0,3523369
tfaE_stfE_predicted,0.14285714285714285,6,6,GTGTCGTGTGCAATTGTTTA,0,3505257
tfaE_stfE_predicted,0.14285714285714285,6,6,GTGTCCTGTCCTAGATGGTG,0,3496533
tfaE_stfE_predicted,0.14285714285714285,6,6,GTGTCATAACACCAAGGTCA,0,3511939
tfaE_stfE_predicted,0.14285714285714285,6,6,GTGTCAGGACGGCATCCAAC,0,3472426
tfaE_stfE_predicted,0.14285714285714285,6,6,GTGGGTGCCAACCTCAACCC,0,3481816
tfaE_stfE_predicted,0.14285714285714285,6,6,GTGGGAGAAGGTTCGTCAAG,0,3485442
tfaE_stfE_predicted,0.14285714285714285,6,6,GTGGGAATAGTAGCGGGGAC,0,3478367
tfaE_stfE_predicted,0.14285714285714285,6,6,GTGGCACACCGGGTTACCTA,0,3531846
tfaE_stfE_predicted,0.14285714285714285,6,6,GTGGAAGTACCCCCCAGGTT,0,3474375
tfaE_stfE_predicted,0.14285714285714285,6,6,GTGCTGTCTCTGTCATAAGA,0,3480688
tfaE_stfE_predicted,0.14285714285714285,6,6,GTGCGTACGTAATTTCCAGC,0,3534470
tfaE_stfE_predicted,0.14285714285714285,6,6,GTGCGGACAGGTGGTGACCA,0,3518051
tfaE_stfE_predicted,0.14285714285714285,6,6,GTGCCTTCGGATTGGGCGGA,0,3531297
tfaE_stfE_predicted,0.14285714285714285,6,6,GTGCATTAGTTCAAATACTA,0,3485909
tfaE_stfE_predicted,0.14285714285714285,6,6,GTGCACTGACCGGAAGGGCT,0,3505039
tfaE_stfE_predicted,0.14285714285714285,6,6,GTGATTCTGGCGGAAGCCGA,0,3517497
tfaE_stfE_predicted,0.14285714285714285,6,6,GTGATGTAAAATTCTCTCGT,0,3519002
tfaE_stfE_predicted,0.14285714285714285,6,6,GTGATCTCCTCCGTTACACA,0,3469682
tfaE_stfE_predicted,0.14285714285714285,6,6,GTGATAAGTTTAGTATAGCA,0,3466952
tfaE_stfE_predicted,0.14285714285714285,6,6,GTGAGTCTGTGGAAGAGTTT,0,3474744
tfaE_stfE_predicted,0.14285714285714285,6,6,GTGAGCATCCGTTTGTTGCT,0,3508943
tfaE_stfE_predicted,0.14285714285714285,6,6,GTGACCCTAGCGAGACTACT,0,3515816
tfaE_stfE_predicted,0.14285714285714285,6,6,GTGAATGGTGCATACTACCA,0,3494461
tfaE_stfE_predicted,0.14285714285714285,6,6,GTGAAGCGTGAGGCTTGCAC,0,3497420
tfaE_stfE_predicted,0.14285714285714285,6,6,GTCTTTCTGATTGGAATATG,0,3524285
tfaE_stfE_predicted,0.14285714285714285,6,6,GTCTTTAGCAGTGCACGTAG,0,3485022
tfaE_stfE_predicted,0.14285714285714285,6,6,GTCTTGTGCACCTGTCAGAT,0,3473482
tfaE_stfE_predicted,0.14285714285714285,6,6,GTCTTGCCTTACGTCCGTAT,0,3473839
tfaE_stfE_predicted,0.14285714285714285,6,6,GTCTCAGCGTCCCGGCGTGA,0,3504390
tfaE_stfE_predicted,0.14285714285714285,6,6,GTCTACGCGATTGGCCTCTA,0,3488855
tfaE_stfE_predicted,0.14285714285714285,6,6,GTCGGTGAAACAAGCTCAGT,0,3535128
tfaE_stfE_predicted,0.14285714285714285,6,6,GTCGGGACTTTCTCAACTAG,0,3477016
tfaE_stfE_predicted,0.14285714285714285,6,6,GTCGGAGAGTCAACGGGCAG,0,3509667
tfaE_stfE_predicted,0.14285714285714285,6,6,GTCGAAGCGTCTCCGGGAGA,0,3517863
tfaE_stfE_predicted,0.14285714285714285,6,6,GTCGAAAAAAGAAATTTGAA,0,3531501
tfaE_stfE_predicted,0.14285714285714285,6,6,GTCCTGCTACTACCTTTATA,0,3514714
tfaE_stfE_predicted,0.14285714285714285,6,6,GTCCTGCGTACGACTTAACT,0,3522552
tfaE_stfE_predicted,0.14285714285714285,6,6,GTCCGCTCTGGAGGTGGTAT,0,3486724
tfaE_stfE_predicted,0.14285714285714285,6,6,GTCCGCTAGCCAAATACCTT,0,3487889
tfaE_stfE_predicted,0.14285714285714285,6,6,GTCCAGGATGAACTTATCGC,0,3531715
tfaE_stfE_predicted,0.14285714285714285,6,6,GTCCAATTAGTTGCACCAAG,0,3519873
tfaE_stfE_predicted,0.14285714285714285,6,6,GTCCAACTGAGGATACAATG,0,3495752
tfaE_stfE_predicted,0.14285714285714285,6,6,GTCATTACAACGAACATCAA,0,3483995
tfaE_stfE_predicted,0.14285714285714285,6,6,GTCATGCTCGTTAACTATCT,0,3471456
tfaE_stfE_predicted,0.14285714285714285,6,6,GTCATAGTCAATTGCACAGG,0,3517384
tfaE_stfE_predicted,0.14285714285714285,6,6,GTCAGGGCGTAAAAGCGTGC,0,3535356
tfaE_stfE_predicted,0.14285714285714285,6,6,GTCACTAGAATGGTGCAACA,0,3507799
tfaE_stfE_predicted,0.14285714285714285,6,6,GTCACACTCAGCCGAGATGT,0,3539608
tfaE_stfE_predicted,0.14285714285714285,6,6,GTCAATGATCCGGCTTAGGG,0,3476734
tfaE_stfE_predicted,0.14285714285714285,6,6,GTCAAGCGCTGAATCCCACA,0,3525410
tfaE_stfE_predicted,0.14285714285714285,6,6,GTCAACCAAGAGACTCGGTC,0,3497126
tfaE_stfE_predicted,0.14285714285714285,6,6,GTCAAAGTGTGCGCAAGACG,0,3504075
tfaE_stfE_predicted,0.14285714285714285,6,6,GTATGCTGAGACGCCTTTCT,0,3483437
tfaE_stfE_predicted,0.14285714285714285,6,6,GTATGCATATTCGTAGGCGG,0,3534139
tfaE_stfE_predicted,0.14285714285714285,6,6,GTATATCATGTCGCATGGGA,0,3510977
tfaE_stfE_predicted,0.14285714285714285,6,6,GTATACCTGTGCCGCCTCGG,0,3530021
tfaE_stfE_predicted,0.14285714285714285,6,6,GTAGTGATCGCAAGGCCTCA,0,3505124
tfaE_stfE_predicted,0.14285714285714285,6,6,GTAGTCCCGCCGAGCTTTGG,0,3477259
tfaE_stfE_predicted,0.14285714285714285,6,6,GTAGTAAGCCACTGTATACG,0,3487957
tfaE_stfE_predicted,0.14285714285714285,6,6,GTAGGTAGAAACATACCGCG,0,3486806
tfaE_stfE_predicted,0.14285714285714285,6,6,GTAGGCCAGGCCGTATGAAT,0,3514875
tfaE_stfE_predicted,0.14285714285714285,6,6,GTAGCCTTACATGACTTACT,0,3467826
tfaE_stfE_predicted,0.14285714285714285,6,6,GTAGAGGGAACGAATCATGC,0,3469206
tfaE_stfE_predicted,0.14285714285714285,6,6,GTACCGAATGTTTGTTGGTC,0,3475878
tfaE_stfE_predicted,0.14285714285714285,6,6,GTACCCGCGCCTGGAAGCTG,0,3490219
tfaE_stfE_predicted,0.14285714285714285,6,6,GTACCATGTTCGTTAGTGAC,0,3475983
tfaE_stfE_predicted,0.14285714285714285,6,6,GTAATTCTAAGATAAGTGAG,0,3494713
tfaE_stfE_predicted,0.14285714285714285,6,6,GTAATTCCCATCTACTGAGT,0,3526808
tfaE_stfE_predicted,0.14285714285714285,6,6,GTAATGGCGGAGAGAGTCGG,0,3496437
tfaE_stfE_predicted,0.14285714285714285,6,6,GTAACGAAGCTGTTCCGTAT,0,3507676
tfaE_stfE_predicted,0.14285714285714285,6,6,GTAAAAGCACATTTCGAGTT,0,3521460
tfaE_stfE_predicted,0.14285714285714285,6,6,GGTTTAGTCAAGAAGAGATA,0,3477221
tfaE_stfE_predicted,0.14285714285714285,6,6,GGTTGCTTCAGTAGAAGTCT,0,3510444
tfaE_stfE_predicted,0.14285714285714285,6,6,GGTTGATATGTCCTGGCCTA,0,3475614
tfaE_stfE_predicted,0.14285714285714285,6,6,GGTTGACAGCTCGTTAGTCA,0,3506450
tfaE_stfE_predicted,0.14285714285714285,6,6,GGTTCGTGTGCCTCGATTAC,0,3516409
tfaE_stfE_predicted,0.14285714285714285,6,6,GGTTCGCTTTGTCCTTGCCG,0,3527638
tfaE_stfE_predicted,0.14285714285714285,6,6,GGTTCGCGCCCACTACCCTG,0,3474857
tfaE_stfE_predicted,0.14285714285714285,6,6,GGTTCAGACATGCCGCGGGG,0,3524437
tfaE_stfE_predicted,0.14285714285714285,6,6,GGTTAGCGGGATCACAGCAA,0,3471234
tfaE_stfE_predicted,0.14285714285714285,6,6,GGTGTTTTAAGTATTCAGTA,0,3498896
tfaE_stfE_predicted,0.14285714285714285,6,6,GGTGTTGTGTTTGTTTCTGA,0,3518651
tfaE_stfE_predicted,0.14285714285714285,6,6,GGTGTAATAACGGGTCAGTC,0,3503088
tfaE_stfE_predicted,0.14285714285714285,6,6,GGTGGTGGTTTGCCTCTTAC,0,3469458
tfaE_stfE_predicted,0.14285714285714285,6,6,GGTGGATCTTCACTTCGGGT,0,3481668
tfaE_stfE_predicted,0.14285714285714285,6,6,GGTGCCTTCGCTTTTATGCA,0,3497592
tfaE_stfE_predicted,0.14285714285714285,6,6,GGTGAACGCCTCAACGGATT,0,3519650
tfaE_stfE_predicted,0.14285714285714285,6,6,GGTCTGGTTAATATCCCCTT,0,3470647
tfaE_stfE_predicted,0.14285714285714285,6,6,GGTCGCGTGTACGTATATCG,0,3492691
tfaE_stfE_predicted,0.14285714285714285,6,6,GGTCGATTTTGCTACCTGCC,0,3489224
tfaE_stfE_predicted,0.14285714285714285,6,6,GGTCCTGATTGGGAACGCGT,0,3487667
tfaE_stfE_predicted,0.14285714285714285,6,6,GGTCCTCCGACCAGGGACAG,0,3475061
tfaE_stfE_predicted,0.14285714285714285,6,6,GGTCCGAAGTGGGGAAGGCA,0,3482461
tfaE_stfE_predicted,0.14285714285714285,6,6,GGTCACCGGCCTATGTCGTG,0,3477706
tfaE_stfE_predicted,0.14285714285714285,6,6,GGTCAACGTTTAGCACTCTT,0,3480436
tfaE_stfE_predicted,0.14285714285714285,6,6,GGTATGAGGTTTGCTTTGCA,0,3482006
tfaE_stfE_predicted,0.14285714285714285,6,6,GGTAGCTCGGAGAGAAAACG,0,3490772
tfaE_stfE_predicted,0.14285714285714285,6,6,GGTAGACGCTCGTTCGTTCC,0,3534013
tfaE_stfE_predicted,0.14285714285714285,6,6,GGTACTAATTTTTCCAACTT,0,3483056
tfaE_stfE_predicted,0.14285714285714285,6,6,GGTACGGAGTTGAAACTCCC,0,3497996
tfaE_stfE_predicted,0.14285714285714285,6,6,GGTACCCATTGCAGTTGACT,0,3470901
tfaE_stfE_predicted,0.14285714285714285,6,6,GGTAATGCGGAGACACCCAT,0,3496850
tfaE_stfE_predicted,0.14285714285714285,6,6,GGGTTGGTGCTGGGGATGAT,0,3534463
tfaE_stfE_predicted,0.14285714285714285,6,6,GGGGTTATGGTAATCTTGCG,0,3480273
tfaE_stfE_predicted,0.14285714285714285,6,6,GGGGTCACATAATTATTGTG,0,3538756
tfaE_stfE_predicted,0.14285714285714285,6,6,GGGGTATACTGAGCTCAAAC,0,3474319
tfaE_stfE_predicted,0.14285714285714285,6,6,GGGGGACTACCAGGCCGACA,0,3535433
tfaE_stfE_predicted,0.14285714285714285,6,6,GGGGGAATTACCTGCCTAGG,0,3483414
tfaE_stfE_predicted,0.14285714285714285,6,6,GGGGCGTGTGTAGTTCAGTA,0,3481703
tfaE_stfE_predicted,0.14285714285714285,6,6,GGGGCCGTCCTCACATCTCG,0,3492172
tfaE_stfE_predicted,0.14285714285714285,6,6,GGGGATAATGTTGATGTAAT,0,3517013
tfaE_stfE_predicted,0.14285714285714285,6,6,GGGCTGATATACATAAAGTA,0,3475314
tfaE_stfE_predicted,0.14285714285714285,6,6,GGGCGTGGGTTTAATGTGTA,0,3535171
tfaE_stfE_predicted,0.14285714285714285,6,6,GGGCGGCTACAGATTCTCAT,0,3531958
tfaE_stfE_predicted,0.14285714285714285,6,6,GGGCGCAGAGAGGGTGGTCT,0,3492808
tfaE_stfE_predicted,0.14285714285714285,6,6,GGGCGATACCCCCTAGCGAT,0,3507913
tfaE_stfE_predicted,0.14285714285714285,6,6,GGGCCGTCAGGGCACCATCT,0,3499282
tfaE_stfE_predicted,0.14285714285714285,6,6,GGGCCGATCCACACAGACGA,0,3537254
tfaE_stfE_predicted,0.14285714285714285,6,6,GGGCATCATAGAAGCGGGCT,0,3491640
tfaE_stfE_predicted,0.14285714285714285,6,6,GGGCACGCACTGGTAGGCTT,0,3514846
tfaE_stfE_predicted,0.14285714285714285,6,6,GGGATTATTTGGGCACTATA,0,3474600
tfaE_stfE_predicted,0.14285714285714285,6,6,GGGACTCGCTAAACGTTTTA,0,3471113
tfaE_stfE_predicted,0.14285714285714285,6,6,GGGACCGCGAGAAAGCGAAA,0,3521887
tfaE_stfE_predicted,0.14285714285714285,6,6,GGGAAACTCGACAACTTCGT,0,3475556
tfaE_stfE_predicted,0.14285714285714285,6,6,GGCTTCCCAGACTATCATAA,0,3537653
tfaE_stfE_predicted,0.14285714285714285,6,6,GGCTGGATATTGGTTAACAC,0,3488430
tfaE_stfE_predicted,0.14285714285714285,6,6,GGCTCGGTTTGACCGATCTT,0,3489449
tfaE_stfE_predicted,0.14285714285714285,6,6,GGCTCCCCGTACGGCGCGGA,0,3474651
tfaE_stfE_predicted,0.14285714285714285,6,6,GGCTATGATTAGCCAGACAT,0,3531351
tfaE_stfE_predicted,0.14285714285714285,6,6,GGCTAATTACCCATTCGGCC,0,3516112
tfaE_stfE_predicted,0.14285714285714285,6,6,GGCGTGGAACGTTGGGATGA,0,3536854
tfaE_stfE_predicted,0.14285714285714285,6,6,GGCGGGGTAATTCCGGGGTG,0,3511270
tfaE_stfE_predicted,0.14285714285714285,6,6,GGCGCTCTCAGCTGAAAGCA,0,3513729
tfaE_stfE_predicted,0.14285714285714285,6,6,GGCGCATTTGTAGTAAGGGT,0,3522592
tfaE_stfE_predicted,0.14285714285714285,6,6,GGCGATAGCAGGGTAATTTC,0,3523279
tfaE_stfE_predicted,0.14285714285714285,6,6,GGCGAGACCTACCATGCTCA,0,3471971
tfaE_stfE_predicted,0.14285714285714285,6,6,GGCCTTAGTGTATCCCACGG,0,3497778
tfaE_stfE_predicted,0.14285714285714285,6,6,GGCCTGTATGCGCGTAGAAC,0,3530547
tfaE_stfE_predicted,0.14285714285714285,6,6,GGCCTGGCAATAGCGTCCAT,0,3492974
tfaE_stfE_predicted,0.14285714285714285,6,6,GGCCTCTCGCGGATGGTTTG,0,3540169
tfaE_stfE_predicted,0.14285714285714285,6,6,GGCCGTTTTGGGCCTTGTTG,0,3471353
tfaE_stfE_predicted,0.14285714285714285,6,6,GGCCGGTAACACCGTGTCCA,0,3500259
tfaE_stfE_predicted,0.14285714285714285,6,6,GGCCGGACGGCCCGTGCGCG,0,3524315
tfaE_stfE_predicted,0.14285714285714285,6,6,GGCCCCAAGTACCCGGTGAA,0,3485269
tfaE_stfE_predicted,0.14285714285714285,6,6,GGCCATCCCCCGCAGGTAGT,0,3503739
tfaE_stfE_predicted,0.14285714285714285,6,6,GGCCATCAGTTATACGTTAC,0,3522892
tfaE_stfE_predicted,0.14285714285714285,6,6,GGCCAGAGGTTCGGAACTTC,0,3509129
tfaE_stfE_predicted,0.14285714285714285,6,6,GGCCACTCTCCTAAGTACGG,0,3521326
tfaE_stfE_predicted,0.14285714285714285,6,6,GGCCACCGTTGGCGTTCTCA,0,3532828
tfaE_stfE_predicted,0.14285714285714285,6,6,GGCACATTGCAGATTCGTAC,0,3520554
tfaE_stfE_predicted,0.14285714285714285,6,6,GGCACAATCGTTTCCAAACA,0,3527960
tfaE_stfE_predicted,0.14285714285714285,6,6,GGCACAAGCCTTCGGTCAGA,0,3529174
tfaE_stfE_predicted,0.14285714285714285,6,6,GGCAATGAGGACCGGAGTTG,0,3494916
tfaE_stfE_predicted,0.14285714285714285,6,6,GGCAAACAATGTATTGGGCC,0,3525366
tfaE_stfE_predicted,0.14285714285714285,6,6,GGATTTCTTCGGTACTGGAG,0,3529350
tfaE_stfE_predicted,0.14285714285714285,6,6,GGATGCGCATCTGATCACCG,0,3503210
tfaE_stfE_predicted,0.14285714285714285,6,6,GGATATCAGATAATGAGCAA,0,3482849
tfaE_stfE_predicted,0.14285714285714285,6,6,GGATAAGGGCTGCACCCTGA,0,3495660
tfaE_stfE_predicted,0.14285714285714285,6,6,GGAGTTGGGACAAGCCGATG,0,3497862
tfaE_stfE_predicted,0.14285714285714285,6,6,GGAGGACTTATCCGTTTCGC,0,3500811
tfaE_stfE_predicted,0.14285714285714285,6,6,GGAGGACTAGAGCCCCTTCC,0,3491780
tfaE_stfE_predicted,0.14285714285714285,6,6,GGAGCAGTTCCGCCCGGTGG,0,3514896
tfaE_stfE_predicted,0.14285714285714285,6,6,GGAGACGGATCGGTTCCAAA,0,3531795
tfaE_stfE_predicted,0.14285714285714285,6,6,GGACTTAAGGTAACTATACA,0,3510280
tfaE_stfE_predicted,0.14285714285714285,6,6,GGACTGGCTTCTGATAACCA,0,3478350
tfaE_stfE_predicted,0.14285714285714285,6,6,GGACTAAGTGGCTAAGACAT,0,3536892
tfaE_stfE_predicted,0.14285714285714285,6,6,GGACGCATGCAGGTTTAAGT,0,3472136
tfaE_stfE_predicted,0.14285714285714285,6,6,GGACGATCAGAAGGCAAGGC,0,3515675
tfaE_stfE_predicted,0.14285714285714285,6,6,GGACAATGACCCATTGGATA,0,3530245
tfaE_stfE_predicted,0.14285714285714285,6,6,GGAATCCAGGGCGACCATTG,0,3480580
tfaE_stfE_predicted,0.14285714285714285,6,6,GGAATAAAATAAACCATCAT,0,3526056
tfaE_stfE_predicted,0.14285714285714285,6,6,GGAAGATGACGCACTTCCAT,0,3482738
tfaE_stfE_predicted,0.14285714285714285,6,6,GGAACGTGATGTGCGTTGGT,0,3537260
tfaE_stfE_predicted,0.14285714285714285,6,6,GGAACGCGTGACGACGGAAC,0,3502985
tfaE_stfE_predicted,0.14285714285714285,6,6,GGAAATGGTGGAGAGGATCA,0,3494914
tfaE_stfE_predicted,0.14285714285714285,6,6,GGAAAGGCGCCCGCTTTCAA,0,3525936
tfaE_stfE_predicted,0.14285714285714285,6,6,GCTTTTAAAATATTTGCCTC,0,3533959
tfaE_stfE_predicted,0.14285714285714285,6,6,GCTTGGCTAGACGACGTACC,0,3518323
tfaE_stfE_predicted,0.14285714285714285,6,6,GCTTGCGCACAAGTTCTTTA,0,3498558
tfaE_stfE_predicted,0.14285714285714285,6,6,GCTTGATGGCCTCCCTAAAA,0,3498468
tfaE_stfE_predicted,0.14285714285714285,6,6,GCTTAGGTCACTTAGCAACC,0,3477197
tfaE_stfE_predicted,0.14285714285714285,6,6,GCTTAGCTCCATGAAATTAC,0,3471271
tfaE_stfE_predicted,0.14285714285714285,6,6,GCTTAACCATCTTCGGAGCA,0,3520456
tfaE_stfE_predicted,0.14285714285714285,6,6,GCTGTTAGCATCGGTTAGGG,0,3532172
tfaE_stfE_predicted,0.14285714285714285,6,6,GCTGTCGTACAAGATATTGG,0,3528550
tfaE_stfE_predicted,0.14285714285714285,6,6,GCTGTCAAGAAAGAATCCCG,0,3536204
tfaE_stfE_predicted,0.14285714285714285,6,6,GCTGGTTTGCGAACGTAGGA,0,3489042
tfaE_stfE_predicted,0.14285714285714285,6,6,GCTGGTTCACCGGCTACAGC,0,3510032
tfaE_stfE_predicted,0.14285714285714285,6,6,GCTGCATCGGGTACAGTTTT,0,3533542
tfaE_stfE_predicted,0.14285714285714285,6,6,GCTGACCCTGGGACAGACTA,0,3512423
tfaE_stfE_predicted,0.14285714285714285,6,6,GCTGAACTTGGGCTTTGAGG,0,3481835
tfaE_stfE_predicted,0.14285714285714285,6,6,GCTGAAAAGCGGTTGCAATA,0,3505397
tfaE_stfE_predicted,0.14285714285714285,6,6,GCTCTAAAATCCCATCACGC,0,3466896
tfaE_stfE_predicted,0.14285714285714285,6,6,GCTCGGGCGCACAAAGCGCC,0,3466718
tfaE_stfE_predicted,0.14285714285714285,6,6,GCTCGCGCGCCAGCGCCTAA,0,3474333
tfaE_stfE_predicted,0.14285714285714285,6,6,GCTCGCAAGAACTGTTTCCA,0,3536330
tfaE_stfE_predicted,0.14285714285714285,6,6,GCTCCTCATGGATACTCAGT,0,3509636
tfaE_stfE_predicted,0.14285714285714285,6,6,GCTCCGGCCACCCGCATTTG,0,3502813
tfaE_stfE_predicted,0.14285714285714285,6,6,GCTCCACAGCATATGTAGTC,0,3524970
tfaE_stfE_predicted,0.14285714285714285,6,6,GCTCAGCCTTAAACTTCGAG,0,3512096
tfaE_stfE_predicted,0.14285714285714285,6,6,GCTATAGAAGCTGAACATGT,0,3507421
tfaE_stfE_predicted,0.14285714285714285,6,6,GCTACAGTCACAAACGCAGT,0,3495083
tfaE_stfE_predicted,0.14285714285714285,6,6,GCGTTCAATACGCGTCCTCG,0,3537286
tfaE_stfE_predicted,0.14285714285714285,6,6,GCGTCTATTTAGGACGCTAC,0,3490919
tfaE_stfE_predicted,0.14285714285714285,6,6,GCGTCTAACTGTTATATCTT,0,3496435
tfaE_stfE_predicted,0.14285714285714285,6,6,GCGTCGTCTCGAGATTCTCG,0,3512104
tfaE_stfE_predicted,0.14285714285714285,6,6,GCGTCCCTAGACTCTATCAG,0,3485540
tfaE_stfE_predicted,0.14285714285714285,6,6,GCGGTAGAGTTCGCACGGCC,0,3491758
tfaE_stfE_predicted,0.14285714285714285,6,6,GCGGGTGTACGGATGTATGT,0,3496091
tfaE_stfE_predicted,0.14285714285714285,6,6,GCGGGATAGCTTAACAGGCG,0,3467052
tfaE_stfE_predicted,0.14285714285714285,6,6,GCGGACTCAGCCTGTCGGTT,0,3538758
tfaE_stfE_predicted,0.14285714285714285,6,6,GCGCTCGATCGGAGTTAGCA,0,3514887
tfaE_stfE_predicted,0.14285714285714285,6,6,GCGCGGTGATTTCTCCTGTT,0,3475130
tfaE_stfE_predicted,0.14285714285714285,6,6,GCGCGCATGCGGCCACATCA,0,3473032
tfaE_stfE_predicted,0.14285714285714285,6,6,GCGCGAACCGTGTATAGAAC,0,3513334
tfaE_stfE_predicted,0.14285714285714285,6,6,GCGCCCTCTGATAGGTTAAT,0,3477971
tfaE_stfE_predicted,0.14285714285714285,6,6,GCGATTGACCGACATGTAGT,0,3524975
tfaE_stfE_predicted,0.14285714285714285,6,6,GCGATGCTCATGACAGGCAT,0,3506755
tfaE_stfE_predicted,0.14285714285714285,6,6,GCGATAATCCCTTTTATGAG,0,3505792
tfaE_stfE_predicted,0.14285714285714285,6,6,GCGAGTCGCGTCAGCTATCT,0,3487760
tfaE_stfE_predicted,0.14285714285714285,6,6,GCGAGGTGTCGCCAGGCCAT,0,3478642
tfaE_stfE_predicted,0.14285714285714285,6,6,GCGAGGGTGGTTGATGCTGG,0,3494224
tfaE_stfE_predicted,0.14285714285714285,6,6,GCGAGGATGCACAGTTTCCA,0,3497202
tfaE_stfE_predicted,0.14285714285714285,6,6,GCGAGAAGCTGTACGAATGC,0,3499297
tfaE_stfE_predicted,0.14285714285714285,6,6,GCGACCCCCAACGAATATAC,0,3472081
tfaE_stfE_predicted,0.14285714285714285,6,6,GCGAATTTCCCGAAGATTAA,0,3535646
tfaE_stfE_predicted,0.14285714285714285,6,6,GCGAAGCTGTGCGAGGGTCA,0,3470271
tfaE_stfE_predicted,0.14285714285714285,6,6,GCCTTTTTGTAGTCCCGGGG,0,3504010
tfaE_stfE_predicted,0.14285714285714285,6,6,GCCTTATCATAAGCTGTAGC,0,3479781
tfaE_stfE_predicted,0.14285714285714285,6,6,GCCTGGGGGATAGCGGTCCT,0,3520461
tfaE_stfE_predicted,0.14285714285714285,6,6,GCCTGCAGTTCACGCCCAAA,0,3518027
tfaE_stfE_predicted,0.14285714285714285,6,6,GCCTATTCTAGGTCCAGGGG,0,3471458
tfaE_stfE_predicted,0.14285714285714285,6,6,GCCGGGCCTCACACTAACCA,0,3468884
tfaE_stfE_predicted,0.14285714285714285,6,6,GCCGGAGTTATCCTTCCAAC,0,3478340
tfaE_stfE_predicted,0.14285714285714285,6,6,GCCGCCTGCTCGATTGTATG,0,3530328
tfaE_stfE_predicted,0.14285714285714285,6,6,GCCGCATTATGCTTCAGATG,0,3513868
tfaE_stfE_predicted,0.14285714285714285,6,6,GCCGAAGTGAGGTGTTGAAT,0,3506120
tfaE_stfE_predicted,0.14285714285714285,6,6,GCCCTTCCCTGCATGGGCTA,0,3516401
tfaE_stfE_predicted,0.14285714285714285,6,6,GCCCATTGTCGGTTACTTAT,0,3477416
tfaE_stfE_predicted,0.14285714285714285,6,6,GCCCAGTCCGATAGCTTATC,0,3520291
tfaE_stfE_predicted,0.14285714285714285,6,6,GCCATATCAGGACAAATCGG,0,3515171
tfaE_stfE_predicted,0.14285714285714285,6,6,GCCACAACACGGTTCACACT,0,3535176
tfaE_stfE_predicted,0.14285714285714285,6,6,GCATGCTCCCCGGAGCCGAG,0,3527228
tfaE_stfE_predicted,0.14285714285714285,6,6,GCATGCACGGCACCTGTATG,0,3505817
tfaE_stfE_predicted,0.14285714285714285,6,6,GCATCGTTTATACCGGTAAC,0,3487665
tfaE_stfE_predicted,0.14285714285714285,6,6,GCATCAATCTTCCAGGGCAA,0,3474502
tfaE_stfE_predicted,0.14285714285714285,6,6,GCATACAAAAAAGTCGATCA,0,3472734
tfaE_stfE_predicted,0.14285714285714285,6,6,GCAGTTTAATTCCCTACCTC,0,3483413
tfaE_stfE_predicted,0.14285714285714285,6,6,GCAGTACTAAGCCCAACGCG,0,3519981
tfaE_stfE_predicted,0.14285714285714285,6,6,GCAGGCAATAGTTTTACTAG,0,3497595
tfaE_stfE_predicted,0.14285714285714285,6,6,GCAGGATACGTCGTTATTAA,0,3501999
tfaE_stfE_predicted,0.14285714285714285,6,6,GCAGAGGGCAACCTTATGGG,0,3529118
tfaE_stfE_predicted,0.14285714285714285,6,6,GCACGATGGGTCTAAATGTG,0,3524055
tfaE_stfE_predicted,0.14285714285714285,6,6,GCACCTCAGTACACTCGGGC,0,3499592
tfaE_stfE_predicted,0.14285714285714285,6,6,GCACCGGTCCGGGCATTTGA,0,3532966
tfaE_stfE_predicted,0.14285714285714285,6,6,GCACCCTCCGGTCGGGGCCA,0,3476293
tfaE_stfE_predicted,0.14285714285714285,6,6,GCAACCAGAGTAACCGGAAG,0,3534138
tfaE_stfE_predicted,0.14285714285714285,6,6,GCAAAGATACATTCCACCAC,0,3522628
tfaE_stfE_predicted,0.14285714285714285,6,6,GATTTCGCTGCGATGTTTTT,0,3499952
tfaE_stfE_predicted,0.14285714285714285,6,6,GATTCTGCCATGAGAGGGTT,0,3539713
tfaE_stfE_predicted,0.14285714285714285,6,6,GATTCGATGACAGCACCACA,0,3482382
tfaE_stfE_predicted,0.14285714285714285,6,6,GATTCCGTATAGTCTCGGTC,0,3523721
tfaE_stfE_predicted,0.14285714285714285,6,6,GATTCCCGTACACGCGCGCG,0,3513489
tfaE_stfE_predicted,0.14285714285714285,6,6,GATGTTGGAGTGATTGACGC,0,3523474
tfaE_stfE_predicted,0.14285714285714285,6,6,GATGGCAATCTCGACGCTTC,0,3503965
tfaE_stfE_predicted,0.14285714285714285,6,6,GATGCTGAATATAGTCCAAG,0,3534475
tfaE_stfE_predicted,0.14285714285714285,6,6,GATGCCCAACACACTCTCTC,0,3519810
tfaE_stfE_predicted,0.14285714285714285,6,6,GATGAGCTTCACAGCGAAAA,0,3531835
tfaE_stfE_predicted,0.14285714285714285,6,6,GATGAAAACATTTACATATG,0,3526803
tfaE_stfE_predicted,0.14285714285714285,6,6,GATCTATTGCTCTGGTATAC,0,3487175
tfaE_stfE_predicted,0.14285714285714285,6,6,GATCGGAATATACCGCACCC,0,3492584
tfaE_stfE_predicted,0.14285714285714285,6,6,GATCCTCGGCTGGGTTTTCT,0,3490794
tfaE_stfE_predicted,0.14285714285714285,6,6,GATAGTCTGCCTTCGGTACC,0,3469706
tfaE_stfE_predicted,0.14285714285714285,6,6,GATAATTCTTTGGTCTCGTC,0,3479896
tfaE_stfE_predicted,0.14285714285714285,6,6,GATAATCGTACCCGTTCCAG,0,3514981
tfaE_stfE_predicted,0.14285714285714285,6,6,GAGTTCTTTTTTCTACGCCG,0,3469549
tfaE_stfE_predicted,0.14285714285714285,6,6,GAGTTCGTGATCGCTCCTCG,0,3466790
tfaE_stfE_predicted,0.14285714285714285,6,6,GAGTTAGCTTGTGGTTCCAA,0,3535031
tfaE_stfE_predicted,0.14285714285714285,6,6,GAGTGTTGTCCTCAAATTAA,0,3510239
tfaE_stfE_predicted,0.14285714285714285,6,6,GAGTGAAAAAGCGCGGGTCG,0,3488991
tfaE_stfE_predicted,0.14285714285714285,6,6,GAGTCTAGTAAGCAAACAAG,0,3509839
tfaE_stfE_predicted,0.14285714285714285,6,6,GAGTCAGATTGAGGACAGAT,0,3505647
tfaE_stfE_predicted,0.14285714285714285,6,6,GAGGTTGGGTTCCGCCGATC,0,3477578
tfaE_stfE_predicted,0.14285714285714285,6,6,GAGGTGCGCGTGCATGTTGT,0,3490248
tfaE_stfE_predicted,0.14285714285714285,6,6,GAGGTCCCACGCTCAGGAGG,0,3491867
tfaE_stfE_predicted,0.14285714285714285,6,6,GAGGTATCAGGTTTTTAGTT,0,3541186
tfaE_stfE_predicted,0.14285714285714285,6,6,GAGGTACGTGTTACATGCTC,0,3494057
tfaE_stfE_predicted,0.14285714285714285,6,6,GAGGTAAAATTTGTCAAGGC,0,3484888
tfaE_stfE_predicted,0.14285714285714285,6,6,GAGGGTTACCCCTTTAATGT,0,3537558
tfaE_stfE_predicted,0.14285714285714285,6,6,GAGGGACATACCAGCCCCCA,0,3538199
tfaE_stfE_predicted,0.14285714285714285,6,6,GAGGATAGCTTATTGCAGCC,0,3503729
tfaE_stfE_predicted,0.14285714285714285,6,6,GAGGACCCGGGCACACTTCA,0,3471480
tfaE_stfE_predicted,0.14285714285714285,6,6,GAGCTGGATCACAATGTCGG,0,3517988
tfaE_stfE_predicted,0.14285714285714285,6,6,GAGCGTTGACGCTATCAGGA,0,3475970
tfaE_stfE_predicted,0.14285714285714285,6,6,GAGCGGTCATCTAAGGACGG,0,3503966
tfaE_stfE_predicted,0.14285714285714285,6,6,GAGCGCTAAGAGGTGCACGA,0,3506592
tfaE_stfE_predicted,0.14285714285714285,6,6,GAGATCTTGACTGGCGACAA,0,3513924
tfaE_stfE_predicted,0.14285714285714285,6,6,GAGATCGTTAGACCACTACG,0,3493482
tfaE_stfE_predicted,0.14285714285714285,6,6,GAGAGTGATGCTATACTGAC,0,3502999
tfaE_stfE_predicted,0.14285714285714285,6,6,GAGAGCGCGTGGAGTTGCAT,0,3486874
tfaE_stfE_predicted,0.14285714285714285,6,6,GAGAACGGACTGAGACGGTC,0,3484839
tfaE_stfE_predicted,0.14285714285714285,6,6,GAGAAATGGAAGATAGCTCT,0,3505269
tfaE_stfE_predicted,0.14285714285714285,6,6,GACTCTGGACAAAGTTAGTA,0,3468952
tfaE_stfE_predicted,0.14285714285714285,6,6,GACTCAAAGGCCCCGACTCG,0,3522140
tfaE_stfE_predicted,0.14285714285714285,6,6,GACTAAGCTATCTTTTATAA,0,3503066
tfaE_stfE_predicted,0.14285714285714285,6,6,GACGGTTCCATGTTTGCGGC,0,3485947
tfaE_stfE_predicted,0.14285714285714285,6,6,GACGCCATGAAATCTAAGTC,0,3534828
tfaE_stfE_predicted,0.14285714285714285,6,6,GACCGAACTTTGCTATGTTT,0,3480792
tfaE_stfE_predicted,0.14285714285714285,6,6,GACCGAACCTTAAAGAGGCT,0,3499385
tfaE_stfE_predicted,0.14285714285714285,6,6,GACCCGTGGACCTCGTTAGT,0,3504907
tfaE_stfE_predicted,0.14285714285714285,6,6,GACCCCATCAGCATGGTGGT,0,3520965
tfaE_stfE_predicted,0.14285714285714285,6,6,GACCAGTGCAATCTAGCTCG,0,3539082
tfaE_stfE_predicted,0.14285714285714285,6,6,GACCAATTCGCGCAAGGCGT,0,3492412
tfaE_stfE_predicted,0.14285714285714285,6,6,GACATCGAAGACTGCGCGCA,0,3478458
tfaE_stfE_predicted,0.14285714285714285,6,6,GACATCACGATCAATTACAG,0,3532914
tfaE_stfE_predicted,0.14285714285714285,6,6,GACATCAAAAAACTCCGTAG,0,3532058
tfaE_stfE_predicted,0.14285714285714285,6,6,GACAGTTCGGGGCGCGGGCA,0,3537302
tfaE_stfE_predicted,0.14285714285714285,6,6,GACAGTGTAGCTACAGCGTT,0,3476156
tfaE_stfE_predicted,0.14285714285714285,6,6,GACAGTCAGCAAGATCAGGG,0,3496289
tfaE_stfE_predicted,0.14285714285714285,6,6,GACACTTTTCTGAACGGACT,0,3487264
tfaE_stfE_predicted,0.14285714285714285,6,6,GACACTAAATTTCGGCTGAC,0,3524062
tfaE_stfE_predicted,0.14285714285714285,6,6,GACACCGAGGTTGCTGGTCA,0,3506488
tfaE_stfE_predicted,0.14285714285714285,6,6,GACAATTCACCATGATCGCT,0,3533381
tfaE_stfE_predicted,0.14285714285714285,6,6,GAATTTCGGAATTTTCTCCA,0,3528192
tfaE_stfE_predicted,0.14285714285714285,6,6,GAATGGCCCCAGCTGGAATT,0,3474481
tfaE_stfE_predicted,0.14285714285714285,6,6,GAATGAGCCCATGATGTAAA,0,3522618
tfaE_stfE_predicted,0.14285714285714285,6,6,GAATCCGGATGGTGGCAACC,0,3540402
tfaE_stfE_predicted,0.14285714285714285,6,6,GAATCATTGGCACTGAGGAA,0,3531930
tfaE_stfE_predicted,0.14285714285714285,6,6,GAAGGCATGGCATTCGGGGG,0,3538755
tfaE_stfE_predicted,0.14285714285714285,6,6,GAAGCGCTGTCCCGTTCAGC,0,3535943
tfaE_stfE_predicted,0.14285714285714285,6,6,GAAGCGATACAATCGGGATT,0,3538909
tfaE_stfE_predicted,0.14285714285714285,6,6,GAAGCGAACCGGCCACGGTA,0,3491918
tfaE_stfE_predicted,0.14285714285714285,6,6,GAACGGGGACTTCGTGTGGT,0,3482406
tfaE_stfE_predicted,0.14285714285714285,6,6,GAACGACAAAATGTCCAACC,0,3495503
tfaE_stfE_predicted,0.14285714285714285,6,6,GAACGAATTGTCAATGCTTA,0,3480652
tfaE_stfE_predicted,0.14285714285714285,6,6,GAACATCACCCTGTGAACTG,0,3525316
tfaE_stfE_predicted,0.14285714285714285,6,6,GAAACTATGGTGGTCGCGCC,0,3474915
tfaE_stfE_predicted,0.14285714285714285,6,6,GAAACAGTGCATATCTCCAA,0,3487386
tfaE_stfE_predicted,0.14285714285714285,6,6,GAAACAGGGCACCTAACCAT,0,3479785
tfaE_stfE_predicted,0.14285714285714285,6,6,GAAAAACATCATACTTACCT,0,3494809
tfaE_stfE_predicted,0.14285714285714285,6,6,CTTTGTGTCACATGTGCTTA,0,3478369
tfaE_stfE_predicted,0.14285714285714285,6,6,CTTTAAACTTAAAGTTATGT,0,3476177
tfaE_stfE_predicted,0.14285714285714285,6,6,CTTGTTGCACCTCTCCTTTA,0,3473914
tfaE_stfE_predicted,0.14285714285714285,6,6,CTTGTTCCGGTATTTTCAGA,0,3503335
tfaE_stfE_predicted,0.14285714285714285,6,6,CTTGTAAAGTTGGCTGAGAG,0,3540545
tfaE_stfE_predicted,0.14285714285714285,6,6,CTTGGCAGCTCCTATACGAG,0,3536467
tfaE_stfE_predicted,0.14285714285714285,6,6,CTTGGACTCTCCGATCACTC,0,3495891
tfaE_stfE_predicted,0.14285714285714285,6,6,CTTGCGGGCGGGATGCCCTA,0,3478403
tfaE_stfE_predicted,0.14285714285714285,6,6,CTTGCGAATTGACGCCCAAT,0,3488706
tfaE_stfE_predicted,0.14285714285714285,6,6,CTTGCAAAAGAGGTTTAAAA,0,3477008
tfaE_stfE_predicted,0.14285714285714285,6,6,CTTGAAGTTCAGTAAGAATG,0,3502236
tfaE_stfE_predicted,0.14285714285714285,6,6,CTTCTATAGATACAGCGCAG,0,3472073
tfaE_stfE_predicted,0.14285714285714285,6,6,CTTCGGGCTGGAACATCATA,0,3501714
tfaE_stfE_predicted,0.14285714285714285,6,6,CTTCGGGAGTTAAGGAATTT,0,3522145
tfaE_stfE_predicted,0.14285714285714285,6,6,CTTCGGAATTTCCCCAAAGA,0,3502431
tfaE_stfE_predicted,0.14285714285714285,6,6,CTTCGCTTTCTGGAGCGTGG,0,3470673
tfaE_stfE_predicted,0.14285714285714285,6,6,CTTATCGGCACTGCAACATT,0,3526426
tfaE_stfE_predicted,0.14285714285714285,6,6,CTTATAGCTTTGGCGGAGTC,0,3513788
tfaE_stfE_predicted,0.14285714285714285,6,6,CTTAGGTCATCTACCTCACA,0,3494310
tfaE_stfE_predicted,0.14285714285714285,6,6,CTTAGGGCGGTATCCAGTAG,0,3537186
tfaE_stfE_predicted,0.14285714285714285,6,6,CTTAGCCCTACCGCGTTTAA,0,3531912
tfaE_stfE_predicted,0.14285714285714285,6,6,CTTAGACCATACCAATCCTG,0,3468109
tfaE_stfE_predicted,0.14285714285714285,6,6,CTTACCTTAGCTCATCTGAA,0,3469423
tfaE_stfE_predicted,0.14285714285714285,6,6,CTTAAGCGCCGGTCCTAGAG,0,3475846
tfaE_stfE_predicted,0.14285714285714285,6,6,CTGTTCGTATATACACATGC,0,3519308
tfaE_stfE_predicted,0.14285714285714285,6,6,CTGTTAGGAAGTCTATGAGG,0,3533670
tfaE_stfE_predicted,0.14285714285714285,6,6,CTGTGGGACGAGACTTATGC,0,3475655
tfaE_stfE_predicted,0.14285714285714285,6,6,CTGTGCGAGTAGGAGCGCAA,0,3483594
tfaE_stfE_predicted,0.14285714285714285,6,6,CTGTCGTATGGGCGGTGTCG,0,3539390
tfaE_stfE_predicted,0.14285714285714285,6,6,CTGTCGAAAGCTTATCGTTA,0,3485466
tfaE_stfE_predicted,0.14285714285714285,6,6,CTGTAGGCTTAGGCTGTTCG,0,3504161
tfaE_stfE_predicted,0.14285714285714285,6,6,CTGGGACCGGGACCGGAATC,0,3466531
tfaE_stfE_predicted,0.14285714285714285,6,6,CTGGCCCGCCAGGGCTCGGT,0,3508690
tfaE_stfE_predicted,0.14285714285714285,6,6,CTGGATCCTTATATAGATGC,0,3503222
tfaE_stfE_predicted,0.14285714285714285,6,6,CTGCTCGCATTGGACCAAAC,0,3482163
tfaE_stfE_predicted,0.14285714285714285,6,6,CTGCTCACGAGCCAAAGGTT,0,3491420
tfaE_stfE_predicted,0.14285714285714285,6,6,CTGCCGGTTTAGATCCATGT,0,3504783
tfaE_stfE_predicted,0.14285714285714285,6,6,CTGCCGACTCAAACGACGTG,0,3538334
tfaE_stfE_predicted,0.14285714285714285,6,6,CTGCCAAACATATCTCGGCA,0,3471460
tfaE_stfE_predicted,0.14285714285714285,6,6,CTGCAATTCAGCAAATTAAT,0,3490276
tfaE_stfE_predicted,0.14285714285714285,6,6,CTGAGCAGTACACGCCGAGG,0,3533827
tfaE_stfE_predicted,0.14285714285714285,6,6,CTGACCCCCACTATATAGAT,0,3504478
tfaE_stfE_predicted,0.14285714285714285,6,6,CTGACAGTCCCGAAGAGCAG,0,3506282
tfaE_stfE_predicted,0.14285714285714285,6,6,CTGACAAGTTTTTTCATGCT,0,3484431
tfaE_stfE_predicted,0.14285714285714285,6,6,CTCTTAGTATCTAATGCGAC,0,3523391
tfaE_stfE_predicted,0.14285714285714285,6,6,CTCTGTGCGGGAAGGCGGAA,0,3520266
tfaE_stfE_predicted,0.14285714285714285,6,6,CTCTGGTCTATGGACTCCTA,0,3499435
tfaE_stfE_predicted,0.14285714285714285,6,6,CTCTGCTCTCTGCCAGGCCG,0,3468320
tfaE_stfE_predicted,0.14285714285714285,6,6,CTCTAACCTCGTATTACCAG,0,3506682
tfaE_stfE_predicted,0.14285714285714285,6,6,CTCTAACAATACTGCACTTA,0,3498209
tfaE_stfE_predicted,0.14285714285714285,6,6,CTCGTTGGGACGATAATCGG,0,3499974
tfaE_stfE_predicted,0.14285714285714285,6,6,CTCGTATTCGGCGGGCGCCC,0,3520915
tfaE_stfE_predicted,0.14285714285714285,6,6,CTCGTACCCCCCTGTCGGAC,0,3538022
tfaE_stfE_predicted,0.14285714285714285,6,6,CTCGGTCTAGAAGTAGTCAT,0,3499370
tfaE_stfE_predicted,0.14285714285714285,6,6,CTCGCTATCTGTTCCGGAGC,0,3538651
tfaE_stfE_predicted,0.14285714285714285,6,6,CTCGATATCACCCCTAGAGC,0,3495303
tfaE_stfE_predicted,0.14285714285714285,6,6,CTCGAGGGGTTGTGTAAAAA,0,3536255
tfaE_stfE_predicted,0.14285714285714285,6,6,CTCGAGGATCTTATCTGTTC,0,3483095
tfaE_stfE_predicted,0.14285714285714285,6,6,CTCCTTGACGCGGCCGGAAC,0,3490017
tfaE_stfE_predicted,0.14285714285714285,6,6,CTCCTGACTTTCCATTTCCG,0,3510030
tfaE_stfE_predicted,0.14285714285714285,6,6,CTCCTAGGTACCCAGTCATC,0,3512352
tfaE_stfE_predicted,0.14285714285714285,6,6,CTCCTAAGCCATAATTCAGG,0,3536797
tfaE_stfE_predicted,0.14285714285714285,6,6,CTCCGAATAGCGGGCAGTCA,0,3508430
tfaE_stfE_predicted,0.14285714285714285,6,6,CTCCCTGAGGCTGAACCGAT,0,3539552
tfaE_stfE_predicted,0.14285714285714285,6,6,CTCCCGAGGCTCCCTGGTGT,0,3472351
tfaE_stfE_predicted,0.14285714285714285,6,6,CTCCCATGCATGCTGCAAGG,0,3493418
tfaE_stfE_predicted,0.14285714285714285,6,6,CTCCCAACGTATAGTAATTG,0,3481196
tfaE_stfE_predicted,0.14285714285714285,6,6,CTCATAGTAGTGTGCTACAA,0,3505606
tfaE_stfE_predicted,0.14285714285714285,6,6,CTCAGGGAGAAAGGTTTAAC,0,3481579
tfaE_stfE_predicted,0.14285714285714285,6,6,CTCACGGATTTATAAGCCAT,0,3482064
tfaE_stfE_predicted,0.14285714285714285,6,6,CTCACCTTCGAAACGAGGCC,0,3526209
tfaE_stfE_predicted,0.14285714285714285,6,6,CTCACCGGTCGCTGTAGTAA,0,3478807
tfaE_stfE_predicted,0.14285714285714285,6,6,CTCACAGTGGGACCGGACAG,0,3473648
tfaE_stfE_predicted,0.14285714285714285,6,6,CTCAACAGGTCTGGCGGGAT,0,3508400
tfaE_stfE_predicted,0.14285714285714285,6,6,CTCAAAAGATTCAGCAACCC,0,3536252
tfaE_stfE_predicted,0.14285714285714285,6,6,CTATTGGAAAAGTCTGGAAA,0,3538099
tfaE_stfE_predicted,0.14285714285714285,6,6,CTATGCCGCTAGTACTGCAG,0,3490188
tfaE_stfE_predicted,0.14285714285714285,6,6,CTATAGGTGAGGATGAGAAA,0,3489868
tfaE_stfE_predicted,0.14285714285714285,6,6,CTAGTGAATGGGGTCATGAA,0,3513442
tfaE_stfE_predicted,0.14285714285714285,6,6,CTAGCTCCACTCGTGTACAC,0,3467479
tfaE_stfE_predicted,0.14285714285714285,6,6,CTAGCGAAAGAATGGATGCT,0,3502627
tfaE_stfE_predicted,0.14285714285714285,6,6,CTAGCCCCTAGTAAAGATGC,0,3491871
tfaE_stfE_predicted,0.14285714285714285,6,6,CTACTTCATTCTTTGCTGAC,0,3499181
tfaE_stfE_predicted,0.14285714285714285,6,6,CTACGCCAAAGAAAGGATTA,0,3510535
tfaE_stfE_predicted,0.14285714285714285,6,6,CTACCCTGGGATCCCGCTAT,0,3504178
tfaE_stfE_predicted,0.14285714285714285,6,6,CTACCAGGTTGGGGCGTAAA,0,3522182
tfaE_stfE_predicted,0.14285714285714285,6,6,CTACCAGCGCGAAGGTATAT,0,3473806
tfaE_stfE_predicted,0.14285714285714285,6,6,CTAATGTTAACCGTCTACAT,0,3516572
tfaE_stfE_predicted,0.14285714285714285,6,6,CTAATGCTGATACGGTAAGC,0,3497836
tfaE_stfE_predicted,0.14285714285714285,6,6,CTAAGCTCAAGTCGATCCGG,0,3502689
tfaE_stfE_predicted,0.14285714285714285,6,6,CTAAGACTATGCATCATCAC,0,3495363
tfaE_stfE_predicted,0.14285714285714285,6,6,CTAACGGTACGTTTTGTCAG,0,3475306
tfaE_stfE_predicted,0.14285714285714285,6,6,CTAACCCGGACGACCCTGAC,0,3509646
tfaE_stfE_predicted,0.14285714285714285,6,6,CTAACAAAGTGCACCCGTTT,0,3480447
tfaE_stfE_predicted,0.14285714285714285,6,6,CTAAATAAATGAGCGTGCCA,0,3468581
tfaE_stfE_predicted,0.14285714285714285,6,6,CGTTTGACTTCTAGCTGGAC,0,3528957
tfaE_stfE_predicted,0.14285714285714285,6,6,CGTTCTGAAAAAAAGGGGAG,0,3518000
tfaE_stfE_predicted,0.14285714285714285,6,6,CGTTATTCTAAGCTTAATAT,0,3526915
tfaE_stfE_predicted,0.14285714285714285,6,6,CGTTAGCCGGCCTGAGGAGA,0,3503870
tfaE_stfE_predicted,0.14285714285714285,6,6,CGTTAGAACTCCATTGGGGT,0,3499471
tfaE_stfE_predicted,0.14285714285714285,6,6,CGTTACATCCAACGGCCCAA,0,3503967
tfaE_stfE_predicted,0.14285714285714285,6,6,CGTTAATCATCTTACATATG,0,3538727
tfaE_stfE_predicted,0.14285714285714285,6,6,CGTTAATATGGAGGTTCGCC,0,3528952
tfaE_stfE_predicted,0.14285714285714285,6,6,CGTGCGGTGAACTGTGGTAC,0,3508094
tfaE_stfE_predicted,0.14285714285714285,6,6,CGTGCATGCTTTCCACTGGG,0,3470114
tfaE_stfE_predicted,0.14285714285714285,6,6,CGTGAGTACAAACAGCCGCT,0,3519350
tfaE_stfE_predicted,0.14285714285714285,6,6,CGTGAGCTCATCTGGTCGGT,0,3480528
tfaE_stfE_predicted,0.14285714285714285,6,6,CGTCTTTTCGCATCTACGTA,0,3522183
tfaE_stfE_predicted,0.14285714285714285,6,6,CGTCTGCCAGTCTTTAACGT,0,3482351
tfaE_stfE_predicted,0.14285714285714285,6,6,CGTCGGCATCTGGGCTGGTC,0,3514870
tfaE_stfE_predicted,0.14285714285714285,6,6,CGTCGCATGCCGTTAGCCCT,0,3476519
tfaE_stfE_predicted,0.14285714285714285,6,6,CGTCGAGAACACCCATGGAT,0,3539365
tfaE_stfE_predicted,0.14285714285714285,6,6,CGTCCGACTACAAGCGGCGT,0,3509184
tfaE_stfE_predicted,0.14285714285714285,6,6,CGTCCCCAATAACAACAAGT,0,3512815
tfaE_stfE_predicted,0.14285714285714285,6,6,CGTCACGAACCCTTGCATGT,0,3487883
tfaE_stfE_predicted,0.14285714285714285,6,6,CGTCACCCGTTCCGCAAGGG,0,3506231
tfaE_stfE_predicted,0.14285714285714285,6,6,CGTCAAAGGTAGAAGGGTGG,0,3520921
tfaE_stfE_predicted,0.14285714285714285,6,6,CGTATAGTTACAACCGAGCA,0,3505653
tfaE_stfE_predicted,0.14285714285714285,6,6,CGTAGTTTTAACTTTTAACA,0,3515513
tfaE_stfE_predicted,0.14285714285714285,6,6,CGTAGACCTACAGCAAACGT,0,3472301
tfaE_stfE_predicted,0.14285714285714285,6,6,CGTACAACATGCATTCTTAA,0,3491162
tfaE_stfE_predicted,0.14285714285714285,6,6,CGTAAGAGACCTCTTGCATA,0,3534066
tfaE_stfE_predicted,0.14285714285714285,6,6,CGTAAAGAGTAGATTAGAAT,0,3527542
tfaE_stfE_predicted,0.14285714285714285,6,6,CGGTTAACGAGCTACGCTAT,0,3516981
tfaE_stfE_predicted,0.14285714285714285,6,6,CGGTGCGTAGCGCTGGGTTC,0,3477629
tfaE_stfE_predicted,0.14285714285714285,6,6,CGGTGACCATTCATATCTAC,0,3477997
tfaE_stfE_predicted,0.14285714285714285,6,6,CGGTCTACGAGGAATAGTAG,0,3522189
tfaE_stfE_predicted,0.14285714285714285,6,6,CGGTCCCGTCGAGGCGTAGT,0,3489401
tfaE_stfE_predicted,0.14285714285714285,6,6,CGGTAAAAGAGACCTTAGTA,0,3499551
tfaE_stfE_predicted,0.14285714285714285,6,6,CGGGTTTACCAATGATAAAT,0,3507663
tfaE_stfE_predicted,0.14285714285714285,6,6,CGGGTTCTGAAACGAGACCA,0,3509319
tfaE_stfE_predicted,0.14285714285714285,6,6,CGGGTAGTCTAATGTGCGCT,0,3497212
tfaE_stfE_predicted,0.14285714285714285,6,6,CGGGTACCGTGGAGTATCAT,0,3517999
tfaE_stfE_predicted,0.14285714285714285,6,6,CGGGTAACACACAGGCGAGA,0,3524328
tfaE_stfE_predicted,0.14285714285714285,6,6,CGGGCGAAAGCGGTCGAATA,0,3517410
tfaE_stfE_predicted,0.14285714285714285,6,6,CGGGCATTTGCCGCTATCGG,0,3525980
tfaE_stfE_predicted,0.14285714285714285,6,6,CGGGCAGGGTGCAAAAGAGT,0,3513910
tfaE_stfE_predicted,0.14285714285714285,6,6,CGGCTGTCTGGTACGATCTT,0,3537012
tfaE_stfE_predicted,0.14285714285714285,6,6,CGGCGGAACATGGTCTGGCA,0,3493230
tfaE_stfE_predicted,0.14285714285714285,6,6,CGGCGCGTACCGACGGCCAG,0,3538979
tfaE_stfE_predicted,0.14285714285714285,6,6,CGGCCATCAGTCCTGGTGAT,0,3520371
tfaE_stfE_predicted,0.14285714285714285,6,6,CGGCAAAGATTGACTGTGTT,0,3533269
tfaE_stfE_predicted,0.14285714285714285,6,6,CGGAGTGGGAGACAGCTCAT,0,3477614
tfaE_stfE_predicted,0.14285714285714285,6,6,CGGAGTATTGACCTGCTCTG,0,3511700
tfaE_stfE_predicted,0.14285714285714285,6,6,CGGAGTACTGGTCCCATAGG,0,3469586
tfaE_stfE_predicted,0.14285714285714285,6,6,CGGAGAGGGTAGGTCGTGAA,0,3481110
tfaE_stfE_predicted,0.14285714285714285,6,6,CGGACTGCTTGTTAATCAAT,0,3482932
tfaE_stfE_predicted,0.14285714285714285,6,6,CGGACCGAAATCGCAAAAAA,0,3493927
tfaE_stfE_predicted,0.14285714285714285,6,6,CGGACATATCGCGCCCAGTT,0,3473224
tfaE_stfE_predicted,0.14285714285714285,6,6,CGCTTTGGATGCATGAGTTG,0,3474737
tfaE_stfE_predicted,0.14285714285714285,6,6,CGCTGATTTCGTTAAGTTAA,0,3486126
tfaE_stfE_predicted,0.14285714285714285,6,6,CGCGTTAGGTTCTGTGGGTG,0,3482086
tfaE_stfE_predicted,0.14285714285714285,6,6,CGCGTGTAGAACGGGAAAGT,0,3480740
tfaE_stfE_predicted,0.14285714285714285,6,6,CGCGTCCATGTCAATTATAA,0,3481919
tfaE_stfE_predicted,0.14285714285714285,6,6,CGCGTATTCAGTACCCACGA,0,3525593
tfaE_stfE_predicted,0.14285714285714285,6,6,CGCGGTCGCACTGCTGTAAT,0,3498416
tfaE_stfE_predicted,0.14285714285714285,6,6,CGCGGCCCGTAGCCTGCGAC,0,3527427
tfaE_stfE_predicted,0.14285714285714285,6,6,CGCGCCGCCCGATACCCTGA,0,3493593
tfaE_stfE_predicted,0.14285714285714285,6,6,CGCGAGCGTACGCATCCTAA,0,3497163
tfaE_stfE_predicted,0.14285714285714285,6,6,CGCGAAAGTCCGAGGTCTTA,0,3523043
tfaE_stfE_predicted,0.14285714285714285,6,6,CGCGAAAAATGCATAGGCGC,0,3540369
tfaE_stfE_predicted,0.14285714285714285,6,6,CGCCGCCTTTGGGTGCGCGC,0,3501769
tfaE_stfE_predicted,0.14285714285714285,6,6,CGCCCTGCCGCCTGGTAAAG,0,3480611
tfaE_stfE_predicted,0.14285714285714285,6,6,CGCCATTTCTGCTTGGATTC,0,3515724
tfaE_stfE_predicted,0.14285714285714285,6,6,CGCCAGCAACGCTTAATATT,0,3500758
tfaE_stfE_predicted,0.14285714285714285,6,6,CGCCAATGCCAAACTGAAAT,0,3468622
tfaE_stfE_predicted,0.14285714285714285,6,6,CGCAGCTCACAGAACCATGC,0,3480159
tfaE_stfE_predicted,0.14285714285714285,6,6,CGCAGCGTTGTAGAGCACGG,0,3500032
tfaE_stfE_predicted,0.14285714285714285,6,6,CGCAGCCACGTGAGGATTCA,0,3497084
tfaE_stfE_predicted,0.14285714285714285,6,6,CGCACTTACTCCATAATAGA,0,3490800
tfaE_stfE_predicted,0.14285714285714285,6,6,CGCACGCTAATCTGATAGAA,0,3526605
tfaE_stfE_predicted,0.14285714285714285,6,6,CGCAAATCCGAACAAGGAAG,0,3511207
tfaE_stfE_predicted,0.14285714285714285,6,6,CGATTTTACTGGTCATGTGT,0,3523522
tfaE_stfE_predicted,0.14285714285714285,6,6,CGATGGCTACATAATGCCCA,0,3529836
tfaE_stfE_predicted,0.14285714285714285,6,6,CGATGCTATATCTGCCGAGG,0,3529351
tfaE_stfE_predicted,0.14285714285714285,6,6,CGATGACGTCAATTAGATAT,0,3537644
tfaE_stfE_predicted,0.14285714285714285,6,6,CGATGAAAGATAGAATGCCT,0,3479285
tfaE_stfE_predicted,0.14285714285714285,6,6,CGATCTCGCGATCCGCGCCC,0,3477575
tfaE_stfE_predicted,0.14285714285714285,6,6,CGATCTAGAACTGAAGTTCC,0,3512014
tfaE_stfE_predicted,0.14285714285714285,6,6,CGATATCACGCTCTCCCTAG,0,3532750
tfaE_stfE_predicted,0.14285714285714285,6,6,CGAGGATGGTGACAACGTCC,0,3539194
tfaE_stfE_predicted,0.14285714285714285,6,6,CGAGGACAGCTTAGCAGTAA,0,3519263
tfaE_stfE_predicted,0.14285714285714285,6,6,CGAGCTTAGCTCGGGATGAA,0,3489292
tfaE_stfE_predicted,0.14285714285714285,6,6,CGAGAGGACCTGGTTAAAGT,0,3501520
tfaE_stfE_predicted,0.14285714285714285,6,6,CGACGCGACGGTCAGCCTTC,0,3532598
tfaE_stfE_predicted,0.14285714285714285,6,6,CGACCTGTATGAAGAGCTTT,0,3479650
tfaE_stfE_predicted,0.14285714285714285,6,6,CGACAATAGGGAGTATTTTC,0,3539355
tfaE_stfE_predicted,0.14285714285714285,6,6,CGAATAGCGTTTTTGCCGTT,0,3528519
tfaE_stfE_predicted,0.14285714285714285,6,6,CGAACGGATTTTGCCAATTA,0,3535443
tfaE_stfE_predicted,0.14285714285714285,6,6,CGAACCCTGATATGCCACAG,0,3539950
tfaE_stfE_predicted,0.14285714285714285,6,6,CGAAATCTCAGGCCTGCCTG,0,3533450
tfaE_stfE_predicted,0.14285714285714285,6,6,CGAAACCGAGCAAGTATAAT,0,3527428
tfaE_stfE_predicted,0.14285714285714285,6,6,CGAAAACCGGTTCTTAATAT,0,3479313
tfaE_stfE_predicted,0.14285714285714285,6,6,CGAAAAACTGGTCTCTGTAG,0,3506352
tfaE_stfE_predicted,0.14285714285714285,6,6,CCTTTCTTATTTTATGATCT,0,3508402
tfaE_stfE_predicted,0.14285714285714285,6,6,CCTTGTGAGGGCAACTTTGT,0,3511934
tfaE_stfE_predicted,0.14285714285714285,6,6,CCTTGCGCAATTAAAGAAGT,0,3502106
tfaE_stfE_predicted,0.14285714285714285,6,6,CCTTGATGCACACAAAGGGG,0,3474728
tfaE_stfE_predicted,0.14285714285714285,6,6,CCTTGAATCCCTAGGGATGC,0,3506458
tfaE_stfE_predicted,0.14285714285714285,6,6,CCTTCAAATGACAATAGTGG,0,3520469
tfaE_stfE_predicted,0.14285714285714285,6,6,CCTGTGTGCGCCAAGCCTAG,0,3506825
tfaE_stfE_predicted,0.14285714285714285,6,6,CCTGTGTAACCAGCAGCTTT,0,3522717
tfaE_stfE_predicted,0.14285714285714285,6,6,CCTGGACCAGCGCGGGCCAG,0,3520475
tfaE_stfE_predicted,0.14285714285714285,6,6,CCTGAGCGTATTCACGTTCG,0,3488595
tfaE_stfE_predicted,0.14285714285714285,6,6,CCTGAAGTGTGGGGCACTCT,0,3515491
tfaE_stfE_predicted,0.14285714285714285,6,6,CCTCTGGTACAAGGCCGGAT,0,3495288
tfaE_stfE_predicted,0.14285714285714285,6,6,CCTCCGTCGTCCCTGGTTAT,0,3500812
tfaE_stfE_predicted,0.14285714285714285,6,6,CCTCCATGACTTACCCTTTT,0,3523777
tfaE_stfE_predicted,0.14285714285714285,6,6,CCTCAGTCTTGTCGATACCA,0,3485534
tfaE_stfE_predicted,0.14285714285714285,6,6,CCTATTATTGAACCTCAATA,0,3521415
tfaE_stfE_predicted,0.14285714285714285,6,6,CCTATAAAACAGACAGCGCT,0,3470081
tfaE_stfE_predicted,0.14285714285714285,6,6,CCTAGCCCGTCTATATTGTA,0,3472453
tfaE_stfE_predicted,0.14285714285714285,6,6,CCTAAGTCATGTCTGTGAGC,0,3530544
tfaE_stfE_predicted,0.14285714285714285,6,6,CCTAACTAGATAATGATATC,0,3512676
tfaE_stfE_predicted,0.14285714285714285,6,6,CCTAAAAAGTAACAAGGCCT,0,3531423
tfaE_stfE_predicted,0.14285714285714285,6,6,CCGTTAACAGTAACGGCATT,0,3470720
tfaE_stfE_predicted,0.14285714285714285,6,6,CCGTGTTTTCGTGCATACAC,0,3524545
tfaE_stfE_predicted,0.14285714285714285,6,6,CCGTGTGAAAACTGGAACAC,0,3531096
tfaE_stfE_predicted,0.14285714285714285,6,6,CCGTGCCGGTGCTAGGCGAT,0,3499961
tfaE_stfE_predicted,0.14285714285714285,6,6,CCGTGAACTTCGGGCTCGCA,0,3498674
tfaE_stfE_predicted,0.14285714285714285,6,6,CCGTCCGTAAATCCGATATA,0,3540525
tfaE_stfE_predicted,0.14285714285714285,6,6,CCGTATGCGCCAGTATTCAG,0,3477750
tfaE_stfE_predicted,0.14285714285714285,6,6,CCGTAAGGTTACCGTCAGTA,0,3522821
tfaE_stfE_predicted,0.14285714285714285,6,6,CCGGTCGGGTTGTATACCGA,0,3490814
tfaE_stfE_predicted,0.14285714285714285,6,6,CCGGTATATTCAAGGCGTGA,0,3502859
tfaE_stfE_predicted,0.14285714285714285,6,6,CCGGGCTTGTACGGTGGACA,0,3538020
tfaE_stfE_predicted,0.14285714285714285,6,6,CCGGCGTGCCGAGGTGCTAG,0,3497165
tfaE_stfE_predicted,0.14285714285714285,6,6,CCGGCGCTCAGATTTAGATT,0,3480711
tfaE_stfE_predicted,0.14285714285714285,6,6,CCGGACGAGAACCGTACGAA,0,3508300
tfaE_stfE_predicted,0.14285714285714285,6,6,CCGCTTCAGCTTACTATGTT,0,3484164
tfaE_stfE_predicted,0.14285714285714285,6,6,CCGCCCCGCACAACGGTCGC,0,3520880
tfaE_stfE_predicted,0.14285714285714285,6,6,CCGCACAACTTTGTGGGTGT,0,3495552
tfaE_stfE_predicted,0.14285714285714285,6,6,CCGATATAGTATAGTATTTA,0,3479699
tfaE_stfE_predicted,0.14285714285714285,6,6,CCCTGTGGGTCTGGATGCTA,0,3519493
tfaE_stfE_predicted,0.14285714285714285,6,6,CCCTCGGGCAATTTCGTATG,0,3540730
tfaE_stfE_predicted,0.14285714285714285,6,6,CCCTATTGGGTCTGATGGAT,0,3511670
tfaE_stfE_predicted,0.14285714285714285,6,6,CCCTAGGCGCTCAAGTAACT,0,3521606
tfaE_stfE_predicted,0.14285714285714285,6,6,CCCTAATTTGTCGTCAAGGC,0,3536294
tfaE_stfE_predicted,0.14285714285714285,6,6,CCCGGTCTCCCGTCAATGGC,0,3506022
tfaE_stfE_predicted,0.14285714285714285,6,6,CCCGGCAAGGTCCGAGAGTG,0,3533526
tfaE_stfE_predicted,0.14285714285714285,6,6,CCCGCTCCGTTCCGAGTGCT,0,3514014
tfaE_stfE_predicted,0.14285714285714285,6,6,CCCGCCGCACCACCCTCGGA,0,3508501
tfaE_stfE_predicted,0.14285714285714285,6,6,CCCGCAATCCAGCATAAAAG,0,3517440
tfaE_stfE_predicted,0.14285714285714285,6,6,CCCCTGGCCCCGGAAGATGT,0,3535597
tfaE_stfE_predicted,0.14285714285714285,6,6,CCCCTCGCCGTCGCCCATAT,0,3468874
tfaE_stfE_predicted,0.14285714285714285,6,6,CCCCTACGAAATTAGTCCGT,0,3517075
tfaE_stfE_predicted,0.14285714285714285,6,6,CCCCGTCGATATCACAATGA,0,3509439
tfaE_stfE_predicted,0.14285714285714285,6,6,CCCCCAGGCTTTCCAGCAAG,0,3469274
tfaE_stfE_predicted,0.14285714285714285,6,6,CCCCCACAGTGTCATAACCT,0,3512742
tfaE_stfE_predicted,0.14285714285714285,6,6,CCCCAGTAGCGGTTATTCGC,0,3513836
tfaE_stfE_predicted,0.14285714285714285,6,6,CCCATGCTACACGGGCTATA,0,3479432
tfaE_stfE_predicted,0.14285714285714285,6,6,CCCATCGCAGGCGAAAGCTC,0,3512948
tfaE_stfE_predicted,0.14285714285714285,6,6,CCCAGGTCTCGGGATACCTA,0,3469445
tfaE_stfE_predicted,0.14285714285714285,6,6,CCCAACGAGTGCTTTTCTAC,0,3532867
tfaE_stfE_predicted,0.14285714285714285,6,6,CCCAAAGAATACACTAATTT,0,3527838
tfaE_stfE_predicted,0.14285714285714285,6,6,CCATTGTGTGTTATATGCTA,0,3496324
tfaE_stfE_predicted,0.14285714285714285,6,6,CCATATGTATGGTTCTTACG,0,3516084
tfaE_stfE_predicted,0.14285714285714285,6,6,CCATACGCGGGATGTAAGAC,0,3514394
tfaE_stfE_predicted,0.14285714285714285,6,6,CCATAATGAAGGCTCCAACA,0,3487527
tfaE_stfE_predicted,0.14285714285714285,6,6,CCATAATCCGCGGTTTGACT,0,3478857
tfaE_stfE_predicted,0.14285714285714285,6,6,CCAGTCTGCACCCAATTTAT,0,3478825
tfaE_stfE_predicted,0.14285714285714285,6,6,CCAGTCATATATTGTGCGGC,0,3471404
tfaE_stfE_predicted,0.14285714285714285,6,6,CCAGTAGCCCCTGTTTTTTT,0,3489368
tfaE_stfE_predicted,0.14285714285714285,6,6,CCAGGGAGGTCAATGGGATC,0,3475299
tfaE_stfE_predicted,0.14285714285714285,6,6,CCAGGAGTCTGGCTACAGTA,0,3477746
tfaE_stfE_predicted,0.14285714285714285,6,6,CCAGCTGAGGGGTTTGAAAT,0,3529171
tfaE_stfE_predicted,0.14285714285714285,6,6,CCAGCGCCCATTTGACGGGT,0,3527662
tfaE_stfE_predicted,0.14285714285714285,6,6,CCAGCCCCTGAGGCCGGCTA,0,3470103
tfaE_stfE_predicted,0.14285714285714285,6,6,CCAGATAGGTAACTGACTAG,0,3487913
tfaE_stfE_predicted,0.14285714285714285,6,6,CCAGACCAGCGCTATAAACG,0,3524162
tfaE_stfE_predicted,0.14285714285714285,6,6,CCACTCGGGGGGAGTTGGTG,0,3521660
tfaE_stfE_predicted,0.14285714285714285,6,6,CCACTCAACTGGATCCCCAA,0,3494576
tfaE_stfE_predicted,0.14285714285714285,6,6,CCACTAGGCTAATAGAGTGC,0,3525639
tfaE_stfE_predicted,0.14285714285714285,6,6,CCACTAATTCTGTATTAGTA,0,3482965
tfaE_stfE_predicted,0.14285714285714285,6,6,CCACGGGGCACAAGACCAGG,0,3524325
tfaE_stfE_predicted,0.14285714285714285,6,6,CCACGAACATGGTAACGTTT,0,3489107
tfaE_stfE_predicted,0.14285714285714285,6,6,CCACCAGAGTTTCGACGAAC,0,3472761
tfaE_stfE_predicted,0.14285714285714285,6,6,CCACATGCTTTCGTGAAACC,0,3531449
tfaE_stfE_predicted,0.14285714285714285,6,6,CCACATGAGGACTCGTTCAC,0,3479624
tfaE_stfE_predicted,0.14285714285714285,6,6,CCACAGGATGATGTTTCGGA,0,3521284
tfaE_stfE_predicted,0.14285714285714285,6,6,CCAAGGTCGGCTCGGCAAGA,0,3511715
tfaE_stfE_predicted,0.14285714285714285,6,6,CCAAATTTCACGTTCATGTT,0,3524023
tfaE_stfE_predicted,0.14285714285714285,6,6,CCAAAGCCGCAAATGCGGGA,0,3509275
tfaE_stfE_predicted,0.14285714285714285,6,6,CATTTCTTCAGAAGAGCCTC,0,3523888
tfaE_stfE_predicted,0.14285714285714285,6,6,CATTGGTAAACTATAATAGA,0,3492276
tfaE_stfE_predicted,0.14285714285714285,6,6,CATTGAAGCACGGACGAGGG,0,3526251
tfaE_stfE_predicted,0.14285714285714285,6,6,CATTCTGCTCATAGATCGCC,0,3471257
tfaE_stfE_predicted,0.14285714285714285,6,6,CATTCGTCCATAATACGAGC,0,3539878
tfaE_stfE_predicted,0.14285714285714285,6,6,CATTCACGGATTCCAACACG,0,3488019
tfaE_stfE_predicted,0.14285714285714285,6,6,CATGTTTTGTTTGTACATAA,0,3518540
tfaE_stfE_predicted,0.14285714285714285,6,6,CATGTCATACACCCAATCGA,0,3494215
tfaE_stfE_predicted,0.14285714285714285,6,6,CATGGTTATGAACCGCCCGG,0,3535296
tfaE_stfE_predicted,0.14285714285714285,6,6,CATGGATCAGAATCCAACGT,0,3525512
tfaE_stfE_predicted,0.14285714285714285,6,6,CATGCGCGCGTAACCTATTA,0,3516191
tfaE_stfE_predicted,0.14285714285714285,6,6,CATGCCAAGGGTTAATATCG,0,3489680
tfaE_stfE_predicted,0.14285714285714285,6,6,CATGCATCAAAATGCAACAA,0,3504356
tfaE_stfE_predicted,0.14285714285714285,6,6,CATGCAAGAAGTCGGATTGG,0,3477651
tfaE_stfE_predicted,0.14285714285714285,6,6,CATGAACAGGTTGGAATTGC,0,3524332
tfaE_stfE_predicted,0.14285714285714285,6,6,CATCTCAGACCACTCCTGAT,0,3510510
tfaE_stfE_predicted,0.14285714285714285,6,6,CATCTCACTTGATCAAGGTA,0,3469062
tfaE_stfE_predicted,0.14285714285714285,6,6,CATCGTCTACCTTAGCACTG,0,3533401
tfaE_stfE_predicted,0.14285714285714285,6,6,CATATGTCACGCGGTTCATT,0,3511329
tfaE_stfE_predicted,0.14285714285714285,6,6,CATAGTACTTGGAGCAGCTT,0,3482332
tfaE_stfE_predicted,0.14285714285714285,6,6,CATAACGTGTAATAGTGCAT,0,3510945
tfaE_stfE_predicted,0.14285714285714285,6,6,CAGTTTCGGAGTACCTGATA,0,3536097
tfaE_stfE_predicted,0.14285714285714285,6,6,CAGTTGTGTCAGCATTTCCA,0,3500875
tfaE_stfE_predicted,0.14285714285714285,6,6,CAGTTGAATTAATCCTGCTA,0,3466947
tfaE_stfE_predicted,0.14285714285714285,6,6,CAGTTAGTCGATTGGGCTTG,0,3494689
tfaE_stfE_predicted,0.14285714285714285,6,6,CAGTTACGGACGCCGTAGCT,0,3531659
tfaE_stfE_predicted,0.14285714285714285,6,6,CAGTGGAAGGTCTAACACTT,0,3500556
tfaE_stfE_predicted,0.14285714285714285,6,6,CAGTGCAGACGACGGTCTCT,0,3474332
tfaE_stfE_predicted,0.14285714285714285,6,6,CAGGTTTTCGCCGGGGGTCA,0,3527572
tfaE_stfE_predicted,0.14285714285714285,6,6,CAGGTGAGTTACCCTGATGG,0,3473466
tfaE_stfE_predicted,0.14285714285714285,6,6,CAGGGTGCTTGTATCACCCC,0,3500382
tfaE_stfE_predicted,0.14285714285714285,6,6,CAGGGTCTTTTTGGTGGCTA,0,3524892
tfaE_stfE_predicted,0.14285714285714285,6,6,CAGGGGTGCTTACGAAAGTC,0,3480028
tfaE_stfE_predicted,0.14285714285714285,6,6,CAGGGCTCCAACCGCCCAAC,0,3477710
tfaE_stfE_predicted,0.14285714285714285,6,6,CAGGCTCGCACACACAGTCC,0,3527864
tfaE_stfE_predicted,0.14285714285714285,6,6,CAGGCCCTGTGCTAGACAAC,0,3480874
tfaE_stfE_predicted,0.14285714285714285,6,6,CAGGACCTGGAAGCGGATCA,0,3507237
tfaE_stfE_predicted,0.14285714285714285,6,6,CAGCTTTAACTGTTCATCTC,0,3500169
tfaE_stfE_predicted,0.14285714285714285,6,6,CAGCTCTATTACTAACATAA,0,3490570
tfaE_stfE_predicted,0.14285714285714285,6,6,CAGCTACGACCTACGCTACC,0,3486678
tfaE_stfE_predicted,0.14285714285714285,6,6,CAGCTACCAACTGGCAAGTA,0,3470142
tfaE_stfE_predicted,0.14285714285714285,6,6,CAGCGTCACATGAATTTCAG,0,3514049
tfaE_stfE_predicted,0.14285714285714285,6,6,CAGCCGTGATGGCCACGGCA,0,3470245
tfaE_stfE_predicted,0.14285714285714285,6,6,CAGCCATGCGCTGCGTACCG,0,3508486
tfaE_stfE_predicted,0.14285714285714285,6,6,CAGAGGGATGAAGCGCATAG,0,3531553
tfaE_stfE_predicted,0.14285714285714285,6,6,CAGAGCCCTGGTAAGGTGCA,0,3535415
tfaE_stfE_predicted,0.14285714285714285,6,6,CAGACGGCCGGCCTGAGAAC,0,3511376
tfaE_stfE_predicted,0.14285714285714285,6,6,CAGACAACACAACAAAGACT,0,3472130
tfaE_stfE_predicted,0.14285714285714285,6,6,CAGAAGCCAAACTACATGCG,0,3515575
tfaE_stfE_predicted,0.14285714285714285,6,6,CAGAAATGACTTTGAAGTCA,0,3511205
tfaE_stfE_predicted,0.14285714285714285,6,6,CAGAAATACGATACCTTTCC,0,3487294
tfaE_stfE_predicted,0.14285714285714285,6,6,CACTCCAGTCTTGCGTTTAT,0,3502598
tfaE_stfE_predicted,0.14285714285714285,6,6,CACTCCAGCTGTTTTGGTCT,0,3476262
tfaE_stfE_predicted,0.14285714285714285,6,6,CACTAATTTGGCATTCAAAT,0,3485530
tfaE_stfE_predicted,0.14285714285714285,6,6,CACTAACTTTTAGTTGAAGA,0,3540443
tfaE_stfE_predicted,0.14285714285714285,6,6,CACGTGTCATGGGAGGTCAA,0,3505213
tfaE_stfE_predicted,0.14285714285714285,6,6,CACGGGTTCCAAAATGGAGT,0,3531031
tfaE_stfE_predicted,0.14285714285714285,6,6,CACGGGCGCAACAAAACAAT,0,3509547
tfaE_stfE_predicted,0.14285714285714285,6,6,CACGGCTCAACGTGTTCGTT,0,3468479
tfaE_stfE_predicted,0.14285714285714285,6,6,CACGGCTACACACGCAACAC,0,3492452
tfaE_stfE_predicted,0.14285714285714285,6,6,CACGCGCCACCTAATGACTG,0,3490364
tfaE_stfE_predicted,0.14285714285714285,6,6,CACGCATGGTTCGGATTTAA,0,3487338
tfaE_stfE_predicted,0.14285714285714285,6,6,CACCTAGCATTGCATCTGAA,0,3496834
tfaE_stfE_predicted,0.14285714285714285,6,6,CACCTAGAAATCGGAATGTT,0,3479797
tfaE_stfE_predicted,0.14285714285714285,6,6,CACCGGATCGTGGAGTTTCT,0,3493210
tfaE_stfE_predicted,0.14285714285714285,6,6,CACCAGCGATGCGGACTGTG,0,3515519
tfaE_stfE_predicted,0.14285714285714285,6,6,CACATTGGGCCATACTGAGA,0,3498230
tfaE_stfE_predicted,0.14285714285714285,6,6,CACATTCCTGCCAACTGCTA,0,3537474
tfaE_stfE_predicted,0.14285714285714285,6,6,CACATCAAACGTGATGGATG,0,3504708
tfaE_stfE_predicted,0.14285714285714285,6,6,CACACGCCTGTAAAGAATTT,0,3471759
tfaE_stfE_predicted,0.14285714285714285,6,6,CACAAGATCAAACTCAAACT,0,3527956
tfaE_stfE_predicted,0.14285714285714285,6,6,CAATTATGTCAACTTACGCT,0,3477910
tfaE_stfE_predicted,0.14285714285714285,6,6,CAATTAGGCTTAGTGGGCGT,0,3506611
tfaE_stfE_predicted,0.14285714285714285,6,6,CAATGCTTGAACGGGCGGAT,0,3514503
tfaE_stfE_predicted,0.14285714285714285,6,6,CAAGTTTGTGGGTTGGTACT,0,3518177
tfaE_stfE_predicted,0.14285714285714285,6,6,CAAGTTCAACTTCGTAGACG,0,3502652
tfaE_stfE_predicted,0.14285714285714285,6,6,CAAGTGGGTACGCCCGCAGG,0,3467572
tfaE_stfE_predicted,0.14285714285714285,6,6,CAAGTAGACAACATATCAGT,0,3517604
tfaE_stfE_predicted,0.14285714285714285,6,6,CAAGGGCTAGGCAGATGCGT,0,3519016
tfaE_stfE_predicted,0.14285714285714285,6,6,CAAGCTGAGTGTGGTAACGG,0,3506440
tfaE_stfE_predicted,0.14285714285714285,6,6,CAAGCTCTAATTACTAAAAC,0,3490571
tfaE_stfE_predicted,0.14285714285714285,6,6,CAAGCGGGGTTAAATATCCA,0,3477168
tfaE_stfE_predicted,0.14285714285714285,6,6,CAACTGAATCCAAGTCGCAA,0,3496904
tfaE_stfE_predicted,0.14285714285714285,6,6,CAACTCCGTTTCACATCCGA,0,3503407
tfaE_stfE_predicted,0.14285714285714285,6,6,CAACTCACCTTGTCATCGTA,0,3536787
tfaE_stfE_predicted,0.14285714285714285,6,6,CAACTATCAGGGGGCAAGAG,0,3519834
tfaE_stfE_predicted,0.14285714285714285,6,6,CAACGAGATTCGGAATATTG,0,3530336
tfaE_stfE_predicted,0.14285714285714285,6,6,CAACATCCTGGATCCTTAAC,0,3483652
tfaE_stfE_predicted,0.14285714285714285,6,6,CAACAGGCCAGAGCGTTTCT,0,3488222
tfaE_stfE_predicted,0.14285714285714285,6,6,CAACAATGAGGATTGCGCGG,0,3471786
tfaE_stfE_predicted,0.14285714285714285,6,6,CAACAACTGTATCAGCCTTA,0,3491158
tfaE_stfE_predicted,0.14285714285714285,6,6,CAAATACGCTGAAGAATACA,0,3498946
tfaE_stfE_predicted,0.14285714285714285,6,6,CAAATACATTACACCATATT,0,3487631
tfaE_stfE_predicted,0.14285714285714285,6,6,CAAACAGTCCATATTGGCAA,0,3492336
tfaE_stfE_predicted,0.14285714285714285,6,6,CAAAACACCGTTCTAGAAGC,0,3526210
tfaE_stfE_predicted,0.14285714285714285,6,6,ATTTTTTGCCAGGAGTAAGT,0,3521582
tfaE_stfE_predicted,0.14285714285714285,6,6,ATTTTACATCTGTCCTGCTT,0,3504775
tfaE_stfE_predicted,0.14285714285714285,6,6,ATTTGGTTGGACCTACGGGG,0,3501074
tfaE_stfE_predicted,0.14285714285714285,6,6,ATTTGGCGACATCGTGGTGG,0,3511117
tfaE_stfE_predicted,0.14285714285714285,6,6,ATTTGATCGTTTGCAATTCC,0,3509973
tfaE_stfE_predicted,0.14285714285714285,6,6,ATTTGATCCGGCCCGATTTA,0,3467759
tfaE_stfE_predicted,0.14285714285714285,6,6,ATTTGAGGCATTAGTGTAGG,0,3506251
tfaE_stfE_predicted,0.14285714285714285,6,6,ATTTAGGACTCAAAACCTAT,0,3523402
tfaE_stfE_predicted,0.14285714285714285,6,6,ATTTAAGTCGCGAGGACCAT,0,3483888
tfaE_stfE_predicted,0.14285714285714285,6,6,ATTGTTTGGTGTCACTGGAT,0,3517239
tfaE_stfE_predicted,0.14285714285714285,6,6,ATTGTTCGATTAAAGTACGT,0,3507122
tfaE_stfE_predicted,0.14285714285714285,6,6,ATTGTTCCATTGGTGCTCCG,0,3471738
tfaE_stfE_predicted,0.14285714285714285,6,6,ATTGGGTCGTATAGCTCGTC,0,3488624
tfaE_stfE_predicted,0.14285714285714285,6,6,ATTGGCGTTCCTTTCCCTTA,0,3511719
tfaE_stfE_predicted,0.14285714285714285,6,6,ATTGGAGTAATGTCCATCAC,0,3538341
tfaE_stfE_predicted,0.14285714285714285,6,6,ATTGCGATTGGGGAAATCCC,0,3529168
tfaE_stfE_predicted,0.14285714285714285,6,6,ATTGATTGGCCGAGCCGTCG,0,3480162
tfaE_stfE_predicted,0.14285714285714285,6,6,ATTGAGTGGCACGTGTGCCA,0,3477546
tfaE_stfE_predicted,0.14285714285714285,6,6,ATTGAGGACCCAACTTGCGT,0,3519623
tfaE_stfE_predicted,0.14285714285714285,6,6,ATTCTTGCGAACAGAGTGAG,0,3516072
tfaE_stfE_predicted,0.14285714285714285,6,6,ATTCTCGTCCGTTTGCGAGC,0,3477967
tfaE_stfE_predicted,0.14285714285714285,6,6,ATTCGTGGCTCTGCTATGTT,0,3507456
tfaE_stfE_predicted,0.14285714285714285,6,6,ATTCCGTGGCCCATGCAAAG,0,3539614
tfaE_stfE_predicted,0.14285714285714285,6,6,ATTATTGAGCTACCGGGGTC,0,3497147
tfaE_stfE_predicted,0.14285714285714285,6,6,ATTAGCTTCGGGCAGGAGCA,0,3495499
tfaE_stfE_predicted,0.14285714285714285,6,6,ATTAGCCCACACCTTGATGT,0,3480105
tfaE_stfE_predicted,0.14285714285714285,6,6,ATTAGATACGTATCGCACCT,0,3491576
tfaE_stfE_predicted,0.14285714285714285,6,6,ATTACGGTGGCCGAAATCTA,0,3495196
tfaE_stfE_predicted,0.14285714285714285,6,6,ATGTTTTACCGACTCGGCGG,0,3502774
tfaE_stfE_predicted,0.14285714285714285,6,6,ATGTTTGCTGCGAGGCTTCG,0,3473636
tfaE_stfE_predicted,0.14285714285714285,6,6,ATGTTGGGCAGGGGAAATTG,0,3480813
tfaE_stfE_predicted,0.14285714285714285,6,6,ATGTGGTTAGGCTTTTTAAG,0,3499227
tfaE_stfE_predicted,0.14285714285714285,6,6,ATGTCCGCGGGTCACGACGG,0,3540108
tfaE_stfE_predicted,0.14285714285714285,6,6,ATGGTTTCTTAATTTCCAAA,0,3471787
tfaE_stfE_predicted,0.14285714285714285,6,6,ATGGCCGAACTTCATATGAC,0,3492010
tfaE_stfE_predicted,0.14285714285714285,6,6,ATGGATAGTTTTACTACCCG,0,3540887
tfaE_stfE_predicted,0.14285714285714285,6,6,ATGCTCGTCTTCATTGTACA,0,3532489
tfaE_stfE_predicted,0.14285714285714285,6,6,ATGCGTTCAAAGACCGTCTT,0,3496976
tfaE_stfE_predicted,0.14285714285714285,6,6,ATGCGTGCAGTAACGTTCGG,0,3483739
tfaE_stfE_predicted,0.14285714285714285,6,6,ATGCGAAGATTTGCTGCGAT,0,3467978
tfaE_stfE_predicted,0.14285714285714285,6,6,ATGCCGGCCTCATAGCGGTT,0,3470678
tfaE_stfE_predicted,0.14285714285714285,6,6,ATGCAGGGGAGATACTGTAG,0,3524269
tfaE_stfE_predicted,0.14285714285714285,6,6,ATGATTTTACTCATAGCCAG,0,3474203
tfaE_stfE_predicted,0.14285714285714285,6,6,ATGATGCTCGGTTTGGGTAA,0,3519377
tfaE_stfE_predicted,0.14285714285714285,6,6,ATGAGGCTTTCACGCAGACT,0,3503979
tfaE_stfE_predicted,0.14285714285714285,6,6,ATGAGCAATCCCCTCCGGGC,0,3474514
tfaE_stfE_predicted,0.14285714285714285,6,6,ATGACTAGGGTTACGGCCCT,0,3510488
tfaE_stfE_predicted,0.14285714285714285,6,6,ATGACATCCTGGCGATTGAG,0,3532721
tfaE_stfE_predicted,0.14285714285714285,6,6,ATGAACTCGGGTAATACCAT,0,3477812
tfaE_stfE_predicted,0.14285714285714285,6,6,ATCTGCACGATAAAGAGCGG,0,3491590
tfaE_stfE_predicted,0.14285714285714285,6,6,ATCTCATGCACGATCTATCG,0,3510290
tfaE_stfE_predicted,0.14285714285714285,6,6,ATCTCAATCAGTAATCGTAG,0,3531268
tfaE_stfE_predicted,0.14285714285714285,6,6,ATCGTGAGTTCCGGTGTTGA,0,3514165
tfaE_stfE_predicted,0.14285714285714285,6,6,ATCGGCCTCAATGGAGTGTG,0,3533958
tfaE_stfE_predicted,0.14285714285714285,6,6,ATCGGAGTCTTGCGCTGACG,0,3476386
tfaE_stfE_predicted,0.14285714285714285,6,6,ATCGGACATATACCAGGGTT,0,3466726
tfaE_stfE_predicted,0.14285714285714285,6,6,ATCGCTTACGTCCTGATAAT,0,3503162
tfaE_stfE_predicted,0.14285714285714285,6,6,ATCGCGTGCTATTACTAAGG,0,3513002
tfaE_stfE_predicted,0.14285714285714285,6,6,ATCCGGGTGCCAAATACACC,0,3483488
tfaE_stfE_predicted,0.14285714285714285,6,6,ATCCCGATATTGATAAAGTA,0,3490260
tfaE_stfE_predicted,0.14285714285714285,6,6,ATCCAGGTACCCTAAGGCCT,0,3478926
tfaE_stfE_predicted,0.14285714285714285,6,6,ATCCACCACACAGTGGTTCT,0,3474505
tfaE_stfE_predicted,0.14285714285714285,6,6,ATCCAACTTCAATCCTTAAG,0,3510063
tfaE_stfE_predicted,0.14285714285714285,6,6,ATCATATCAGGGTGTTTCTC,0,3471824
tfaE_stfE_predicted,0.14285714285714285,6,6,ATCAGAGAGTTGGGGATTAC,0,3528050
tfaE_stfE_predicted,0.14285714285714285,6,6,ATCACGACGGATAAACAGGC,0,3506110
tfaE_stfE_predicted,0.14285714285714285,6,6,ATCACCTTGAGGCGGTGTTG,0,3537435
tfaE_stfE_predicted,0.14285714285714285,6,6,ATCAAGACCTAACATTTTCT,0,3509595
tfaE_stfE_predicted,0.14285714285714285,6,6,ATCAAACAGTGCGTTGGGAA,0,3538417
tfaE_stfE_predicted,0.14285714285714285,6,6,ATATGCAGTGGCTCAAACTG,0,3488187
tfaE_stfE_predicted,0.14285714285714285,6,6,ATATATAGAGTACGGTACTG,0,3528920
tfaE_stfE_predicted,0.14285714285714285,6,6,ATATACCTGCGTGGCGGGGG,0,3514439
tfaE_stfE_predicted,0.14285714285714285,6,6,ATAGTTTGGAAACGTTCGTG,0,3534613
tfaE_stfE_predicted,0.14285714285714285,6,6,ATAGTGACGTTGCGGTACTG,0,3491163
tfaE_stfE_predicted,0.14285714285714285,6,6,ATAGTCTACCGCGGCGTGAT,0,3514595
tfaE_stfE_predicted,0.14285714285714285,6,6,ATAGTCGCCCCACTCACCTG,0,3485013
tfaE_stfE_predicted,0.14285714285714285,6,6,ATAGTAAGTACGTGCGTATG,0,3537895
tfaE_stfE_predicted,0.14285714285714285,6,6,ATACGTTGTATCATACTAAC,0,3502874
tfaE_stfE_predicted,0.14285714285714285,6,6,ATACGGCGAGGACTGGAAGG,0,3509429
tfaE_stfE_predicted,0.14285714285714285,6,6,ATACGGCACTAGCAACTTTT,0,3495998
tfaE_stfE_predicted,0.14285714285714285,6,6,ATACAGTGAGGCGCCAGTTT,0,3508048
tfaE_stfE_predicted,0.14285714285714285,6,6,ATACACGTAGAAGATCGAAT,0,3487234
tfaE_stfE_predicted,0.14285714285714285,6,6,ATACAATGACAGTTGTTTAG,0,3475364
tfaE_stfE_predicted,0.14285714285714285,6,6,ATAATCCGTCCTTAAATAAT,0,3528132
tfaE_stfE_predicted,0.14285714285714285,6,6,ATAAGGCGGTATCGTTCCAA,0,3469881
tfaE_stfE_predicted,0.14285714285714285,6,6,ATAAGCGCTAAGCACAACTA,0,3518918
tfaE_stfE_predicted,0.14285714285714285,6,6,ATAACGCCCTGGCAATTACC,0,3501224
tfaE_stfE_predicted,0.14285714285714285,6,6,ATAACCGATCTCATCTCTTG,0,3487988
tfaE_stfE_predicted,0.14285714285714285,6,6,ATAAATGGGCCACATGCTGT,0,3525535
tfaE_stfE_predicted,0.14285714285714285,6,6,ATAAAGTAGGAGACCGCGTT,0,3514737
tfaE_stfE_predicted,0.14285714285714285,6,6,AGTTTGTTTGGTTAGATTGT,0,3475216
tfaE_stfE_predicted,0.14285714285714285,6,6,AGTTTCCTGCGGGAAGTTCA,0,3488675
tfaE_stfE_predicted,0.14285714285714285,6,6,AGTTGTCGGGAGGCTTGTAA,0,3529529
tfaE_stfE_predicted,0.14285714285714285,6,6,AGTTGGGTCTAAGATGGGCA,0,3484484
tfaE_stfE_predicted,0.14285714285714285,6,6,AGTTCGTTTAGGTAGACGCG,0,3535169
tfaE_stfE_predicted,0.14285714285714285,6,6,AGTTCCGAATGCTTCCTGGA,0,3468708
tfaE_stfE_predicted,0.14285714285714285,6,6,AGTTCCCTTTTACTGATTAC,0,3513858
tfaE_stfE_predicted,0.14285714285714285,6,6,AGTGTTAACCTACGCTCCGT,0,3501262
tfaE_stfE_predicted,0.14285714285714285,6,6,AGTGTATCAGCAAAATCGCT,0,3522443
tfaE_stfE_predicted,0.14285714285714285,6,6,AGTGCAGTTCCCTTATTGGG,0,3475190
tfaE_stfE_predicted,0.14285714285714285,6,6,AGTGAGTTAGACCCCATTAA,0,3476756
tfaE_stfE_predicted,0.14285714285714285,6,6,AGTGAGGAGATATCGTACAT,0,3496039
tfaE_stfE_predicted,0.14285714285714285,6,6,AGTGAGCCCATATGGAAAGC,0,3500953
tfaE_stfE_predicted,0.14285714285714285,6,6,AGTGACGTACCAAGGGACGA,0,3484595
tfaE_stfE_predicted,0.14285714285714285,6,6,AGTGACGCTTTTGATTTGAC,0,3539202
tfaE_stfE_predicted,0.14285714285714285,6,6,AGTCCTCCACTAGGATACAC,0,3477462
tfaE_stfE_predicted,0.14285714285714285,6,6,AGTCAGGGAATCGCTTCACG,0,3481606
tfaE_stfE_predicted,0.14285714285714285,6,6,AGTCACCCTTGATCGCAATC,0,3526456
tfaE_stfE_predicted,0.14285714285714285,6,6,AGTCACCCCGGGTAAACGAG,0,3484087
tfaE_stfE_predicted,0.14285714285714285,6,6,AGTATGATATGAGAGCTCAA,0,3499831
tfaE_stfE_predicted,0.14285714285714285,6,6,AGTATCCTATTCGAGGGGTC,0,3530244
tfaE_stfE_predicted,0.14285714285714285,6,6,AGTATCCCGGGGTGTTTCGT,0,3472502
tfaE_stfE_predicted,0.14285714285714285,6,6,AGTACGTGATTCGGGGCGTC,0,3473229
tfaE_stfE_predicted,0.14285714285714285,6,6,AGTACATACGAAATATGTAC,0,3507961
tfaE_stfE_predicted,0.14285714285714285,6,6,AGTACACCGGTAAGAAGTCG,0,3525740
tfaE_stfE_predicted,0.14285714285714285,6,6,AGTAATCACCTGAAGTTCAA,0,3466468
tfaE_stfE_predicted,0.14285714285714285,6,6,AGGTTTCTCAACATCGGTGT,0,3493821
tfaE_stfE_predicted,0.14285714285714285,6,6,AGGTTCACGTTTAATTAGTG,0,3472509
tfaE_stfE_predicted,0.14285714285714285,6,6,AGGTTATCCATGCGCGTGAA,0,3511217
tfaE_stfE_predicted,0.14285714285714285,6,6,AGGTGCTTAAGAAAGGCATT,0,3491409
tfaE_stfE_predicted,0.14285714285714285,6,6,AGGTGCGGCTCTGTATTGAG,0,3488265
tfaE_stfE_predicted,0.14285714285714285,6,6,AGGTCCTCGAACAAATCGTT,0,3525764
tfaE_stfE_predicted,0.14285714285714285,6,6,AGGTACCTTCACTGTCATTG,0,3509353
tfaE_stfE_predicted,0.14285714285714285,6,6,AGGGTTTATGCGAGTGCATT,0,3471616
tfaE_stfE_predicted,0.14285714285714285,6,6,AGGGTTCTCGCGAGGCTACA,0,3475839
tfaE_stfE_predicted,0.14285714285714285,6,6,AGGGTTCAATAAGTCAACGT,0,3535234
tfaE_stfE_predicted,0.14285714285714285,6,6,AGGGTTATGTTACAGCCGCT,0,3470841
tfaE_stfE_predicted,0.14285714285714285,6,6,AGGGTCTAAGTCTACTTTTT,0,3528609
tfaE_stfE_predicted,0.14285714285714285,6,6,AGGGTATGCGCGCTGTCTAT,0,3531778
tfaE_stfE_predicted,0.14285714285714285,6,6,AGGGTACCTGGAACCATCGA,0,3516263
tfaE_stfE_predicted,0.14285714285714285,6,6,AGGGGTTTGTGCACTGGCTA,0,3467569
tfaE_stfE_predicted,0.14285714285714285,6,6,AGGGGCTGCGCCACATTGGG,0,3467839
tfaE_stfE_predicted,0.14285714285714285,6,6,AGGGGCCAAGTCAACAAAAG,0,3480286
tfaE_stfE_predicted,0.14285714285714285,6,6,AGGGATCCAAGCTTCCCCTA,0,3513608
tfaE_stfE_predicted,0.14285714285714285,6,6,AGGGAGAGATTTTCCGCCCG,0,3497851
tfaE_stfE_predicted,0.14285714285714285,6,6,AGGCGGTCCAGGCTAACGTT,0,3492373
tfaE_stfE_predicted,0.14285714285714285,6,6,AGGCCCGACGCTCAACTAAT,0,3517289
tfaE_stfE_predicted,0.14285714285714285,6,6,AGGATTGATCTAGTCCAAAA,0,3490209
tfaE_stfE_predicted,0.14285714285714285,6,6,AGGATGGAGCCTAAGGCGCT,0,3512854
tfaE_stfE_predicted,0.14285714285714285,6,6,AGGAGCCGGAACTACGGGGC,0,3530769
tfaE_stfE_predicted,0.14285714285714285,6,6,AGGAGAGCTACCAGGTCGAA,0,3523340
tfaE_stfE_predicted,0.14285714285714285,6,6,AGGACCTCATGCACGGTTTA,0,3526105
tfaE_stfE_predicted,0.14285714285714285,6,6,AGGACCTCAACACAACTCCA,0,3516787
tfaE_stfE_predicted,0.14285714285714285,6,6,AGGAACTCCTTCGACGATTA,0,3484433
tfaE_stfE_predicted,0.14285714285714285,6,6,AGGAACCCTTGGCTGGGTGG,0,3519073
tfaE_stfE_predicted,0.14285714285714285,6,6,AGGAAACGTCTATGCAGTTG,0,3537724
tfaE_stfE_predicted,0.14285714285714285,6,6,AGCTTTTTACAGAGCTTGTG,0,3483713
tfaE_stfE_predicted,0.14285714285714285,6,6,AGCTGGACACTAAAGTTATT,0,3486542
tfaE_stfE_predicted,0.14285714285714285,6,6,AGCTGCGGAGTAAGGGACAC,0,3502517
tfaE_stfE_predicted,0.14285714285714285,6,6,AGCTCTCAGATGCCTGAGCC,0,3517043
tfaE_stfE_predicted,0.14285714285714285,6,6,AGCTATGAGACCCGTGAGCA,0,3511011
tfaE_stfE_predicted,0.14285714285714285,6,6,AGCGTAGTCGAAAACAGTGC,0,3483245
tfaE_stfE_predicted,0.14285714285714285,6,6,AGCGGCTACAAGGGGGGAAG,0,3514224
tfaE_stfE_predicted,0.14285714285714285,6,6,AGCGCCTAATGCCACGGAAA,0,3522377
tfaE_stfE_predicted,0.14285714285714285,6,6,AGCGCCCGATTCCAGGTTTT,0,3489738
tfaE_stfE_predicted,0.14285714285714285,6,6,AGCGCAGTTCGAGCTGAACG,0,3528708
tfaE_stfE_predicted,0.14285714285714285,6,6,AGCGAGTGCCAGGTTGCGGC,0,3474521
tfaE_stfE_predicted,0.14285714285714285,6,6,AGCCTGTCACCAAAGCAGGG,0,3504472
tfaE_stfE_predicted,0.14285714285714285,6,6,AGCCTAACATAGACGCACAA,0,3511818
tfaE_stfE_predicted,0.14285714285714285,6,6,AGCCTAACAGGAGCAAGACT,0,3534705
tfaE_stfE_predicted,0.14285714285714285,6,6,AGCCGCCTCCACATAAGGAG,0,3504551
tfaE_stfE_predicted,0.14285714285714285,6,6,AGCCGCCCGCGTCTTTAGAT,0,3494776
tfaE_stfE_predicted,0.14285714285714285,6,6,AGCCCTCTGTCGTAGCTTTA,0,3488708
tfaE_stfE_predicted,0.14285714285714285,6,6,AGCCCAGACCATCGTGGAGC,0,3518741
tfaE_stfE_predicted,0.14285714285714285,6,6,AGCCCACATTAAAGGTTTAG,0,3523244
tfaE_stfE_predicted,0.14285714285714285,6,6,AGCATGTGGTTCTGTACACG,0,3470843
tfaE_stfE_predicted,0.14285714285714285,6,6,AGCATGTGGGCTCCATTCCA,0,3541022
tfaE_stfE_predicted,0.14285714285714285,6,6,AGCATGAAGTAACCAAACAT,0,3539224
tfaE_stfE_predicted,0.14285714285714285,6,6,AGCAGCGACCAATACTCTCA,0,3531143
tfaE_stfE_predicted,0.14285714285714285,6,6,AGCACGTCGGTAGTCACGTC,0,3533886
tfaE_stfE_predicted,0.14285714285714285,6,6,AGCACGCGTATTCGACATAC,0,3503942
tfaE_stfE_predicted,0.14285714285714285,6,6,AGATTTTTGGGTGTAGGTTC,0,3483408
tfaE_stfE_predicted,0.14285714285714285,6,6,AGATTTTAGAAGACTTCGAG,0,3517147
tfaE_stfE_predicted,0.14285714285714285,6,6,AGATTTCAATCCCTTACCGT,0,3515630
tfaE_stfE_predicted,0.14285714285714285,6,6,AGATTTATAGACTTAGTAGC,0,3482867
tfaE_stfE_predicted,0.14285714285714285,6,6,AGATGCGGATCACACCTGCA,0,3517820
tfaE_stfE_predicted,0.14285714285714285,6,6,AGATCAAGGGAGGGCACCGG,0,3533466
tfaE_stfE_predicted,0.14285714285714285,6,6,AGATATAAGCGGGTGACCAT,0,3492719
tfaE_stfE_predicted,0.14285714285714285,6,6,AGATAAAAAAGCCTTATCAT,0,3484743
tfaE_stfE_predicted,0.14285714285714285,6,6,AGAGTGTTGTGTTGCCTTAC,0,3512418
tfaE_stfE_predicted,0.14285714285714285,6,6,AGAGTGTAACCGACGTCCAG,0,3524606
tfaE_stfE_predicted,0.14285714285714285,6,6,AGAGTATGGTGCGCTCCCAT,0,3524249
tfaE_stfE_predicted,0.14285714285714285,6,6,AGAGGTTCAGGTCATTTCAT,0,3506094
tfaE_stfE_predicted,0.14285714285714285,6,6,AGAGCGGGGTCCGGTCTCCC,0,3528977
tfaE_stfE_predicted,0.14285714285714285,6,6,AGAGCAGAGAGTCCCGTGAA,0,3503313
tfaE_stfE_predicted,0.14285714285714285,6,6,AGAGATAGCGCCAACTGTGG,0,3477306
tfaE_stfE_predicted,0.14285714285714285,6,6,AGACTTCGAACACGGAACTC,0,3538061
tfaE_stfE_predicted,0.14285714285714285,6,6,AGACGTAGAAGGAGATCAAT,0,3473862
tfaE_stfE_predicted,0.14285714285714285,6,6,AGACCAGGCACGAGACCGGG,0,3540468
tfaE_stfE_predicted,0.14285714285714285,6,6,AGACATGGCCTTTTGCGAGC,0,3517010
tfaE_stfE_predicted,0.14285714285714285,6,6,AGACATAAAGTCCCATTTGC,0,3536831
tfaE_stfE_predicted,0.14285714285714285,6,6,AGACAGATTCTCAATGAAGC,0,3480990
tfaE_stfE_predicted,0.14285714285714285,6,6,AGACAGAGTACGTGGGAATT,0,3513280
tfaE_stfE_predicted,0.14285714285714285,6,6,AGACACTACTTCTTCGGTAA,0,3525958
tfaE_stfE_predicted,0.14285714285714285,6,6,AGAAGTTCATAGTTGCGAAG,0,3514676
tfaE_stfE_predicted,0.14285714285714285,6,6,AGAAGGAACTAGATACTCTA,0,3490379
tfaE_stfE_predicted,0.14285714285714285,6,6,AGAAGACATTACAAGAAAGG,0,3471770
tfaE_stfE_predicted,0.14285714285714285,6,6,AGAACTCAGATCGTATCGCA,0,3499531
tfaE_stfE_predicted,0.14285714285714285,6,6,AGAACGGAGATTGTTGTAGA,0,3538180
tfaE_stfE_predicted,0.14285714285714285,6,6,AGAACACCTATGCCAGGGCG,0,3487737
tfaE_stfE_predicted,0.14285714285714285,6,6,AGAAATTGGCTCTGCCAGCG,0,3494048
tfaE_stfE_predicted,0.14285714285714285,6,6,ACTTCTGTAGCGCGAGAAAA,0,3516733
tfaE_stfE_predicted,0.14285714285714285,6,6,ACTTCCAGGAGGGCGGCGAT,0,3486071
tfaE_stfE_predicted,0.14285714285714285,6,6,ACTGGGTTAACAAACGTGAT,0,3478062
tfaE_stfE_predicted,0.14285714285714285,6,6,ACTGCAATTATAAGTCAAGA,0,3471143
tfaE_stfE_predicted,0.14285714285714285,6,6,ACTGATTGTGGCACGTAAAG,0,3520602
tfaE_stfE_predicted,0.14285714285714285,6,6,ACTGAGTGCTGGTCCGGTGC,0,3532362
tfaE_stfE_predicted,0.14285714285714285,6,6,ACTCTGTGACGGTTGTGGAT,0,3512848
tfaE_stfE_predicted,0.14285714285714285,6,6,ACTCTGGACCTTCCATCCTT,0,3512182
tfaE_stfE_predicted,0.14285714285714285,6,6,ACTCTGCCAAGGTGACACGG,0,3520243
tfaE_stfE_predicted,0.14285714285714285,6,6,ACTCTCTCGTATAGTTGCAT,0,3498989
tfaE_stfE_predicted,0.14285714285714285,6,6,ACTCCGGTAGTGCGGATGAG,0,3539742
tfaE_stfE_predicted,0.14285714285714285,6,6,ACTCACGGGAAGTCTGAGCT,0,3520463
tfaE_stfE_predicted,0.14285714285714285,6,6,ACTATGGTGTAAAGCGACCC,0,3538711
tfaE_stfE_predicted,0.14285714285714285,6,6,ACTATATCAAAAAGTGGTCT,0,3473870
tfaE_stfE_predicted,0.14285714285714285,6,6,ACTAACAATTCGGCTCATCC,0,3482857
tfaE_stfE_predicted,0.14285714285714285,6,6,ACTAAAGATACAAGTATAAA,0,3500801
tfaE_stfE_predicted,0.14285714285714285,6,6,ACGTTGTATTGCGAGGTAAT,0,3479317
tfaE_stfE_predicted,0.14285714285714285,6,6,ACGTGATTGCTTATTTAAGG,0,3494853
tfaE_stfE_predicted,0.14285714285714285,6,6,ACGTGAAGGCGTTAAGGCAT,0,3485344
tfaE_stfE_predicted,0.14285714285714285,6,6,ACGTCGTGTAGCGCCCTGGG,0,3475021
tfaE_stfE_predicted,0.14285714285714285,6,6,ACGTCGGTTTGACCGAACTG,0,3495817
tfaE_stfE_predicted,0.14285714285714285,6,6,ACGTCACATAAGTACGCGGG,0,3511992
tfaE_stfE_predicted,0.14285714285714285,6,6,ACGGGTTCATATAGGTCAGG,0,3522345
tfaE_stfE_predicted,0.14285714285714285,6,6,ACGGGGTTGCGTGGTCCTAT,0,3508538
tfaE_stfE_predicted,0.14285714285714285,6,6,ACGGCACGGGGGTTTTTGGT,0,3474995
tfaE_stfE_predicted,0.14285714285714285,6,6,ACGGATACCTGTAGATATCG,0,3482108
tfaE_stfE_predicted,0.14285714285714285,6,6,ACGGACATTTGGGGATTCTA,0,3494633
tfaE_stfE_predicted,0.14285714285714285,6,6,ACGCGGGTTCATCAGTAGTA,0,3484133
tfaE_stfE_predicted,0.14285714285714285,6,6,ACGCCCAAGGGTCCGTTATG,0,3507762
tfaE_stfE_predicted,0.14285714285714285,6,6,ACGCCACCCAGGTCTATCTA,0,3487914
tfaE_stfE_predicted,0.14285714285714285,6,6,ACGCACCCGGTACTCTGGAC,0,3471413
tfaE_stfE_predicted,0.14285714285714285,6,6,ACGAGCGGTGTCCGCGATAG,0,3473613
tfaE_stfE_predicted,0.14285714285714285,6,6,ACGAGATCTATTTTTCCAGC,0,3480094
tfaE_stfE_predicted,0.14285714285714285,6,6,ACGAGAGAGGGATTTTCCGT,0,3517680
tfaE_stfE_predicted,0.14285714285714285,6,6,ACGACTTTCACTATCCGCGT,0,3533256
tfaE_stfE_predicted,0.14285714285714285,6,6,ACGACGCAAGCTACGTTTAA,0,3485285
tfaE_stfE_predicted,0.14285714285714285,6,6,ACGACCTTTGACCAGTACTA,0,3503963
tfaE_stfE_predicted,0.14285714285714285,6,6,ACGACCGGTATCTGTTTCTG,0,3509916
tfaE_stfE_predicted,0.14285714285714285,6,6,ACGAACCCTAACGGTACTGC,0,3527098
tfaE_stfE_predicted,0.14285714285714285,6,6,ACCTTTGGGCTGCGTTGAAT,0,3534127
tfaE_stfE_predicted,0.14285714285714285,6,6,ACCTGGTTGCAGAGGGTAGC,0,3490132
tfaE_stfE_predicted,0.14285714285714285,6,6,ACCTCCGCCAATGGACGTTT,0,3469185
tfaE_stfE_predicted,0.14285714285714285,6,6,ACCGTTGCCGAAATACAGGA,0,3470089
tfaE_stfE_predicted,0.14285714285714285,6,6,ACCGTCTGAATCCATAAAAC,0,3513328
tfaE_stfE_predicted,0.14285714285714285,6,6,ACCGTACCGACCATCCGCGG,0,3487582
tfaE_stfE_predicted,0.14285714285714285,6,6,ACCGGATATAGACATGGCCT,0,3520762
tfaE_stfE_predicted,0.14285714285714285,6,6,ACCGGAGCACGTAAAAACCC,0,3485336
tfaE_stfE_predicted,0.14285714285714285,6,6,ACCGCGGATTGGTTATTCTC,0,3496974
tfaE_stfE_predicted,0.14285714285714285,6,6,ACCGCATTCCCCGTCCACGT,0,3484848
tfaE_stfE_predicted,0.14285714285714285,6,6,ACCCTACGGTCCTTAGGGAC,0,3500867
tfaE_stfE_predicted,0.14285714285714285,6,6,ACCCGAAGTGACCAGTAATA,0,3514658
tfaE_stfE_predicted,0.14285714285714285,6,6,ACCCCACTACGCGTGCCCGC,0,3494726
tfaE_stfE_predicted,0.14285714285714285,6,6,ACCCATCCTCCCATATCCCG,0,3468924
tfaE_stfE_predicted,0.14285714285714285,6,6,ACCCAGAATTTTTTGTCACG,0,3509537
tfaE_stfE_predicted,0.14285714285714285,6,6,ACCCAAATTAGACTATCATT,0,3477482
tfaE_stfE_predicted,0.14285714285714285,6,6,ACCATGGCAGATGGATCGGC,0,3487157
tfaE_stfE_predicted,0.14285714285714285,6,6,ACCAAGTCCCGTCCAATTCG,0,3478329
tfaE_stfE_predicted,0.14285714285714285,6,6,ACCAACTTTCGGGCTGTGAG,0,3468930
tfaE_stfE_predicted,0.14285714285714285,6,6,ACCAAAGAAATGGCAAGTTG,0,3508609
tfaE_stfE_predicted,0.14285714285714285,6,6,ACATGCTCCCCTATATGAAG,0,3474916
tfaE_stfE_predicted,0.14285714285714285,6,6,ACAGTTCAATTACACTAGCG,0,3531658
tfaE_stfE_predicted,0.14285714285714285,6,6,ACAGTCTTTCCACCTAACCC,0,3518633
tfaE_stfE_predicted,0.14285714285714285,6,6,ACAGTCGTCTTAAGTTTAAC,0,3508334
tfaE_stfE_predicted,0.14285714285714285,6,6,ACAGGTGCACTCTAAGAGGA,0,3522904
tfaE_stfE_predicted,0.14285714285714285,6,6,ACAGGGGGGGGTATGGTCTG,0,3527347
tfaE_stfE_predicted,0.14285714285714285,6,6,ACAGGGAACGTCTAATAACG,0,3497774
tfaE_stfE_predicted,0.14285714285714285,6,6,ACAGGAGATGTGCGACAATT,0,3538103
tfaE_stfE_predicted,0.14285714285714285,6,6,ACAGGACGTTATTCTCCTTA,0,3531055
tfaE_stfE_predicted,0.14285714285714285,6,6,ACAGAGAACGAAGCGATGTG,0,3470762
tfaE_stfE_predicted,0.14285714285714285,6,6,ACACTAGGTATTTATCCTAA,0,3527099
tfaE_stfE_predicted,0.14285714285714285,6,6,ACACGGGGACGAGGAATCGT,0,3488481
tfaE_stfE_predicted,0.14285714285714285,6,6,ACACGGGCACAGTGGCGTAA,0,3501887
tfaE_stfE_predicted,0.14285714285714285,6,6,ACACGGATAACCGACGTCAT,0,3540917
tfaE_stfE_predicted,0.14285714285714285,6,6,ACAATCAGTAACAGGGTTTG,0,3494743
tfaE_stfE_predicted,0.14285714285714285,6,6,ACAAGCGGTGTTCACCGCGG,0,3515601
tfaE_stfE_predicted,0.14285714285714285,6,6,ACAACGTCGGGACTGGTTAG,0,3531792
tfaE_stfE_predicted,0.14285714285714285,6,6,ACAACCACTGGTCGGTCCTG,0,3486239
tfaE_stfE_predicted,0.14285714285714285,6,6,ACAAATCTCGCCGTGTGCTC,0,3491466
tfaE_stfE_predicted,0.14285714285714285,6,6,ACAAAGTGCTTGTGCATCCT,0,3537661
tfaE_stfE_predicted,0.14285714285714285,6,6,ACAAAGGCTTATATTTGCAT,0,3539855
tfaE_stfE_predicted,0.14285714285714285,6,6,AATTTAGGGTTTACTGACCA,0,3466570
tfaE_stfE_predicted,0.14285714285714285,6,6,AATTGGGCATATCGAAGCAA,0,3521204
tfaE_stfE_predicted,0.14285714285714285,6,6,AATTGGGACGACGTTTGTAG,0,3470037
tfaE_stfE_predicted,0.14285714285714285,6,6,AATTGGATACCTTGTGGAGG,0,3505236
tfaE_stfE_predicted,0.14285714285714285,6,6,AATTCCGAGAGTGGTTTGTT,0,3519883
tfaE_stfE_predicted,0.14285714285714285,6,6,AATTCACTCGCCTGTGTGAC,0,3540751
tfaE_stfE_predicted,0.14285714285714285,6,6,AATGTTCGCAGATACAATGA,0,3485541
tfaE_stfE_predicted,0.14285714285714285,6,6,AATGTCCTCGGAGTTGCAGG,0,3470084
tfaE_stfE_predicted,0.14285714285714285,6,6,AATGGAAGCATCAAATTGTG,0,3497445
tfaE_stfE_predicted,0.14285714285714285,6,6,AATGCTATTTAACGACCTAT,0,3511955
tfaE_stfE_predicted,0.14285714285714285,6,6,AATGCTATGTAAGCGGAAAA,0,3469472
tfaE_stfE_predicted,0.14285714285714285,6,6,AATGCTAAGACGCTTAACGT,0,3524032
tfaE_stfE_predicted,0.14285714285714285,6,6,AATGCCGCGGGTTACTGCAA,0,3527824
tfaE_stfE_predicted,0.14285714285714285,6,6,AATGAGACTCGGCGCGTGGT,0,3533033
tfaE_stfE_predicted,0.14285714285714285,6,6,AATGACGTTTCGATCCACGC,0,3498727
tfaE_stfE_predicted,0.14285714285714285,6,6,AATCTGGGCAGTTTGTCGGT,0,3510571
tfaE_stfE_predicted,0.14285714285714285,6,6,AATCTACGTCTCGACATAAG,0,3526160
tfaE_stfE_predicted,0.14285714285714285,6,6,AATCGTCTGACCGGGTCTCT,0,3483784
tfaE_stfE_predicted,0.14285714285714285,6,6,AATCGTCCCTAGTAGGTCCA,0,3510125
tfaE_stfE_predicted,0.14285714285714285,6,6,AATCGATTTCCCGTAGCGGG,0,3537112
tfaE_stfE_predicted,0.14285714285714285,6,6,AATCACCGGCGCTTTGGACT,0,3531719
tfaE_stfE_predicted,0.14285714285714285,6,6,AATATATTTGTTTCCATATA,0,3515626
tfaE_stfE_predicted,0.14285714285714285,6,6,AATATAGTACGTCTTCTGCA,0,3514828
tfaE_stfE_predicted,0.14285714285714285,6,6,AATAAGTTGGCGTGCACATT,0,3535600
tfaE_stfE_predicted,0.14285714285714285,6,6,AATAAGCACGTAGTTGTAGA,0,3468981
tfaE_stfE_predicted,0.14285714285714285,6,6,AAGTTTGGTCCCGCCCGGCT,0,3482167
tfaE_stfE_predicted,0.14285714285714285,6,6,AAGTGTCCTCAGAGACGACT,0,3502121
tfaE_stfE_predicted,0.14285714285714285,6,6,AAGTGTACTGCTAAGCAGGT,0,3524490
tfaE_stfE_predicted,0.14285714285714285,6,6,AAGTCCTTGGACGAAGTCAA,0,3492514
tfaE_stfE_predicted,0.14285714285714285,6,6,AAGTCCACTCAGTTATGATG,0,3480641
tfaE_stfE_predicted,0.14285714285714285,6,6,AAGGTTTCTGAGTACTGTAT,0,3469991
tfaE_stfE_predicted,0.14285714285714285,6,6,AAGGTTGTGACGGGGTTGAA,0,3487834
tfaE_stfE_predicted,0.14285714285714285,6,6,AAGGTGGTCCGGTTCACCTG,0,3534155
tfaE_stfE_predicted,0.14285714285714285,6,6,AAGGTGAAAGCAAACTGTAA,0,3491855
tfaE_stfE_predicted,0.14285714285714285,6,6,AAGGTCCCCTATGCGCACAT,0,3511209
tfaE_stfE_predicted,0.14285714285714285,6,6,AAGGGGTTCTCTACAGGGAA,0,3514112
tfaE_stfE_predicted,0.14285714285714285,6,6,AAGGGGAACGAACACGGTCA,0,3530421
tfaE_stfE_predicted,0.14285714285714285,6,6,AAGGGAGATAATATTAAAAT,0,3472178
tfaE_stfE_predicted,0.14285714285714285,6,6,AAGGATGCGAGAGCTTCGTT,0,3496628
tfaE_stfE_predicted,0.14285714285714285,6,6,AAGGACGCGTTTCCCCGCAA,0,3533651
tfaE_stfE_predicted,0.14285714285714285,6,6,AAGGACGCGTGAGAAATCAA,0,3523815
tfaE_stfE_predicted,0.14285714285714285,6,6,AAGCGTCACTGGGCCGGAAA,0,3502826
tfaE_stfE_predicted,0.14285714285714285,6,6,AAGCCTGGGGATAAACCGAT,0,3499543
tfaE_stfE_predicted,0.14285714285714285,6,6,AAGCCGTTCAACCGGGGAAT,0,3474711
tfaE_stfE_predicted,0.14285714285714285,6,6,AAGCCGGTTGGTTATCCCTG,0,3494937
tfaE_stfE_predicted,0.14285714285714285,6,6,AAGCCGGCCTGTTGTCCGAC,0,3508140
tfaE_stfE_predicted,0.14285714285714285,6,6,AAGCCCTATGGCTACCCAGT,0,3532688
tfaE_stfE_predicted,0.14285714285714285,6,6,AAGCCACGACTAGGGGGCAA,0,3515934
tfaE_stfE_predicted,0.14285714285714285,6,6,AAGCATGTCGATAGGTCAGT,0,3497845
tfaE_stfE_predicted,0.14285714285714285,6,6,AAGCAGTACCGACCTCAAAT,0,3500305
tfaE_stfE_predicted,0.14285714285714285,6,6,AAGCAACTCTAATAGAAACT,0,3474780
tfaE_stfE_predicted,0.14285714285714285,6,6,AAGACAGAGGTGAGTCAATG,0,3487184
tfaE_stfE_predicted,0.14285714285714285,6,6,AAGACAAAAGCTGGAGAATT,0,3469220
tfaE_stfE_predicted,0.14285714285714285,6,6,AAGAAGCAGTATCGGCTACA,0,3473793
tfaE_stfE_predicted,0.14285714285714285,6,6,AACTTTGGACCTCAATTGCC,0,3533374
tfaE_stfE_predicted,0.14285714285714285,6,6,AACTATTTAAGCCTAGGCAG,0,3538134
tfaE_stfE_predicted,0.14285714285714285,6,6,AACTAATTTGAGGTTAACTA,0,3533679
tfaE_stfE_predicted,0.14285714285714285,6,6,AACGTGATAATGACGCAAAA,0,3485563
tfaE_stfE_predicted,0.14285714285714285,6,6,AACGTACCCAACGCGAGAGT,0,3534872
tfaE_stfE_predicted,0.14285714285714285,6,6,AACGGAATCATTTTTTAAAT,0,3467975
tfaE_stfE_predicted,0.14285714285714285,6,6,AACGCTAGATTAGCAACGCG,0,3530027
tfaE_stfE_predicted,0.14285714285714285,6,6,AACGCGGATGAACCGAAAAG,0,3528858
tfaE_stfE_predicted,0.14285714285714285,6,6,AACGCCCAGCTCAACGACGG,0,3479900
tfaE_stfE_predicted,0.14285714285714285,6,6,AACGAAAAGGGGATCTCTAA,0,3487235
tfaE_stfE_predicted,0.14285714285714285,6,6,AACCTAACAACGCGAAAGGC,0,3517583
tfaE_stfE_predicted,0.14285714285714285,6,6,AACCGGTAGCACAGCGCTTT,0,3489170
tfaE_stfE_predicted,0.14285714285714285,6,6,AACCCGGTACTATCTCGCTC,0,3521681
tfaE_stfE_predicted,0.14285714285714285,6,6,AACCCATTGGCTTTAGTTCA,0,3532873
tfaE_stfE_predicted,0.14285714285714285,6,6,AACCAGTATAGCCATTGGTC,0,3515412
tfaE_stfE_predicted,0.14285714285714285,6,6,AACAGCAGTAGGACAGCGTA,0,3486338
tfaE_stfE_predicted,0.14285714285714285,6,6,AACACGCGAATTACCTTATT,0,3503932
tfaE_stfE_predicted,0.14285714285714285,6,6,AACAAGGCCACTAGAATCTG,0,3536404
tfaE_stfE_predicted,0.14285714285714285,6,6,AACAAGCTGACTCTGCGTAT,0,3477807
tfaE_stfE_predicted,0.14285714285714285,6,6,AACAACCGCCGTTCAATAAT,0,3507023
tfaE_stfE_predicted,0.14285714285714285,6,6,AAATTAATCTTACAGTGCAT,0,3476793
tfaE_stfE_predicted,0.14285714285714285,6,6,AAATGGCCCTAATGCACACC,0,3485713
tfaE_stfE_predicted,0.14285714285714285,6,6,AAATGGAAGGTGTTGGTGTA,0,3470821
tfaE_stfE_predicted,0.14285714285714285,6,6,AAATCACACAGCCTAGGATC,0,3498316
tfaE_stfE_predicted,0.14285714285714285,6,6,AAAGTCTCTCACGGCACATA,0,3507936
tfaE_stfE_predicted,0.14285714285714285,6,6,AAAGGGACAACACGGTGGTC,0,3513503
tfaE_stfE_predicted,0.14285714285714285,6,6,AAAGCGAATTGTAGTTAGAA,0,3477662
tfaE_stfE_predicted,0.14285714285714285,6,6,AAAGATGTTCCGTTCGGATC,0,3538923
tfaE_stfE_predicted,0.14285714285714285,6,6,AAAGATGTCACAAACGCCAA,0,3529660
tfaE_stfE_predicted,0.14285714285714285,6,6,AAAGAGGCCCAGATCATCTC,0,3525273
tfaE_stfE_predicted,0.14285714285714285,6,6,AAAGAGACAAGCGGCATGAT,0,3538058
tfaE_stfE_predicted,0.14285714285714285,6,6,AAAGACCAACTAGAGTATGA,0,3486448
tfaE_stfE_predicted,0.14285714285714285,6,6,AAAGAAATGCCCGGTTCCGT,0,3524456
tfaE_stfE_predicted,0.14285714285714285,6,6,AAAGAAAGGCTACTACGGCT,0,3483195
tfaE_stfE_predicted,0.14285714285714285,6,6,AAACCTGCCACTCACAGGCA,0,3538571
tfaE_stfE_predicted,0.14285714285714285,6,6,AAACCTAAATTTTCTTGCCT,0,3493438
tfaE_stfE_predicted,0.14285714285714285,6,6,AAACCGAGATCTCGCAAGGG,0,3515076
tfaE_stfE_predicted,0.14285714285714285,6,6,AAACACTGCCCACTCACATC,0,3498352
tfaE_stfE_predicted,0.14285714285714285,6,6,AAACAAGCCGTGGGAAGCTC,0,3512898
tfaE_stfE_predicted,0.14285714285714285,6,6,AAAATTCTGCTGCTACCAAT,0,3539466
tfaE_stfE_predicted,0.14285714285714285,6,6,AAAAGGCGAAGGCCGTGGCT,0,3519678
tfaE_stfE_predicted,0.14285714285714285,6,6,AAAAGCGTTTTTGCATGGGC,0,3516744
tfaE_stfE_predicted,0.14285714285714285,6,6,AAAAGCGCGGATATTCTTCT,0,3522263
tfaE_stfE_predicted,0.14285714285714285,6,6,AAAAGCATACTTTGCGGAAC,0,3507116
tfaE_stfE_predicted,0.14285714285714285,6,6,AAAACGTGAGGATGGGTGTG,0,3539910
tfaE_stfE_predicted,0.14285714285714285,6,6,AAAACGTCTCTTTTTCAGAA,0,3468572
tfaE_stfE_predicted,0.14285714285714285,6,6,AAAACGTACGTCTAGTGCCC,0,3477935
tfaE_stfE_predicted,0.14285714285714285,6,6,AAAACGAAACTGGGAAGCCA,0,3508817
tfaE_stfE_predicted,0.14285714285714285,6,6,AAAAACGTGTTGTCTACACT,0,3502807
tfaE_stfE_predicted,0.14285714285714285,6,6,AAAAACCGATGTCGAGGGTG,0,3476566
tfaE_stfE_predicted,0.16666666666666666,5,5,TTTTCAAGGTCGTATTTCCT,0,3514384
tfaE_stfE_predicted,0.16666666666666666,5,5,TTTTAGTCCCGGAACTGGGT,0,3478899
tfaE_stfE_predicted,0.16666666666666666,5,5,TTTTACGGGTGACCTCCCCA,0,3495812
tfaE_stfE_predicted,0.16666666666666666,5,5,TTTTACAGGCTTGTTGGATC,0,3488877
tfaE_stfE_predicted,0.16666666666666666,5,5,TTTTACAGCCCGAGCACTAA,0,3528951
tfaE_stfE_predicted,0.16666666666666666,5,5,TTTGTTCAATTTACGGAGAG,0,3508093
tfaE_stfE_predicted,0.16666666666666666,5,5,TTTGTTACCGATTCATGGGA,0,3491639
tfaE_stfE_predicted,0.16666666666666666,5,5,TTTGTGCGAAGCTGCTAAAT,0,3489116
tfaE_stfE_predicted,0.16666666666666666,5,5,TTTGTAGCCTCGTGATGCGC,0,3482443
tfaE_stfE_predicted,0.16666666666666666,5,5,TTTGGGTATTTGGTAGACGA,0,3468258
tfaE_stfE_predicted,0.16666666666666666,5,5,TTTGGACCGTTGCCCCTGTC,0,3480701
tfaE_stfE_predicted,0.16666666666666666,5,5,TTTGCGTCCGCCATATTGAT,0,3491680
tfaE_stfE_predicted,0.16666666666666666,5,5,TTTGCCTGTCTCAGGCTGTT,0,3470225
tfaE_stfE_predicted,0.16666666666666666,5,5,TTTGATTAAGAAGCACGAAA,0,3501351
tfaE_stfE_predicted,0.16666666666666666,5,5,TTTGAACTAGGCAGTCTTTG,0,3510728
tfaE_stfE_predicted,0.16666666666666666,5,5,TTTCTTGGTAGTAACCTTAG,0,3468406
tfaE_stfE_predicted,0.16666666666666666,5,5,TTTCCTTGAGCGGTTTTACA,0,3467364
tfaE_stfE_predicted,0.16666666666666666,5,5,TTTCCGAATCCGAACTGTTG,0,3502756
tfaE_stfE_predicted,0.16666666666666666,5,5,TTTCCCAATGACCCTCTCCG,0,3466695
tfaE_stfE_predicted,0.16666666666666666,5,5,TTTCCAGATCATGTGGTGTC,0,3509001
tfaE_stfE_predicted,0.16666666666666666,5,5,TTTCATGCTGCGGGACCTAG,0,3516285
tfaE_stfE_predicted,0.16666666666666666,5,5,TTTCATATTAGGCAAGACCA,0,3487512
tfaE_stfE_predicted,0.16666666666666666,5,5,TTTCAGCCCCCGAGAGTATC,0,3478980
tfaE_stfE_predicted,0.16666666666666666,5,5,TTTATCATCGTGCGAGAGAT,0,3469093
tfaE_stfE_predicted,0.16666666666666666,5,5,TTTAGGGAATTAACTCACCG,0,3506026
tfaE_stfE_predicted,0.16666666666666666,5,5,TTTACACGAGGCCTGGCTCA,0,3539914
tfaE_stfE_predicted,0.16666666666666666,5,5,TTTAACAGGATAAGATCCGG,0,3478020
tfaE_stfE_predicted,0.16666666666666666,5,5,TTGTTGTTAACAGTGTAGAG,0,3481898
tfaE_stfE_predicted,0.16666666666666666,5,5,TTGTTAATCCCTGGCGTGGG,0,3470852
tfaE_stfE_predicted,0.16666666666666666,5,5,TTGTGGTACGAATCCACAAT,0,3524739
tfaE_stfE_predicted,0.16666666666666666,5,5,TTGTGGGACTCGGAAAATGA,0,3533893
tfaE_stfE_predicted,0.16666666666666666,5,5,TTGTGCAGCTACCAAGTAAA,0,3521045
tfaE_stfE_predicted,0.16666666666666666,5,5,TTGTGAGAGCTGATGGCTTT,0,3540091
tfaE_stfE_predicted,0.16666666666666666,5,5,TTGTCTACACATTGTGAGTA,0,3518893
tfaE_stfE_predicted,0.16666666666666666,5,5,TTGTCGTTCAACATACAATG,0,3525212
tfaE_stfE_predicted,0.16666666666666666,5,5,TTGTCGCTTGCACACGTTAG,0,3537135
tfaE_stfE_predicted,0.16666666666666666,5,5,TTGTCCTCGAAAGTGAGACC,0,3512195
tfaE_stfE_predicted,0.16666666666666666,5,5,TTGTCCGACTCCTCATCCAT,0,3497652
tfaE_stfE_predicted,0.16666666666666666,5,5,TTGTCAAGCCCGATCCGGAC,0,3472724
tfaE_stfE_predicted,0.16666666666666666,5,5,TTGGTTTTCGTACCGAGGAT,0,3484560
tfaE_stfE_predicted,0.16666666666666666,5,5,TTGGTTAGCCTTTTCTGATC,0,3514244
tfaE_stfE_predicted,0.16666666666666666,5,5,TTGGGCGACCCGGAGATGGT,0,3483533
tfaE_stfE_predicted,0.16666666666666666,5,5,TTGGGAAACTGTGGGTGTAC,0,3511308
tfaE_stfE_predicted,0.16666666666666666,5,5,TTGGCGTTCCCATTCTCATC,0,3493281
tfaE_stfE_predicted,0.16666666666666666,5,5,TTGGATTTTTTTGTCGTATT,0,3472580
tfaE_stfE_predicted,0.16666666666666666,5,5,TTGCTAGCAACAAAAGCCCC,0,3493382
tfaE_stfE_predicted,0.16666666666666666,5,5,TTGCGAGGTAGTGTGGTGCT,0,3534028
tfaE_stfE_predicted,0.16666666666666666,5,5,TTGCAGTGTGACTGCACCAT,0,3537701
tfaE_stfE_predicted,0.16666666666666666,5,5,TTGCACAAGCATTACTAAAT,0,3495299
tfaE_stfE_predicted,0.16666666666666666,5,5,TTGCAAAGCGTATGCCAATA,0,3509867
tfaE_stfE_predicted,0.16666666666666666,5,5,TTGATCGCCACCCTGGTAAG,0,3468599
tfaE_stfE_predicted,0.16666666666666666,5,5,TTGATCAGGGCTTGCGTATT,0,3492371
tfaE_stfE_predicted,0.16666666666666666,5,5,TTGATATAGGTGGTCCATGT,0,3479427
tfaE_stfE_predicted,0.16666666666666666,5,5,TTGAACAGGGGAGAGGGAGT,0,3535168
tfaE_stfE_predicted,0.16666666666666666,5,5,TTGAAAGCGACAGCGGTGAC,0,3491226
tfaE_stfE_predicted,0.16666666666666666,5,5,TTCTTGTCCGCAAAAAGCAA,0,3489893
tfaE_stfE_predicted,0.16666666666666666,5,5,TTCTTCTAGACTTACCTTGT,0,3506123
tfaE_stfE_predicted,0.16666666666666666,5,5,TTCTTAGTTCAACCAGGCTA,0,3511160
tfaE_stfE_predicted,0.16666666666666666,5,5,TTCTGATTGGTCTTGGGAAG,0,3479164
tfaE_stfE_predicted,0.16666666666666666,5,5,TTCTATGCCAAACGCACGAG,0,3517606
tfaE_stfE_predicted,0.16666666666666666,5,5,TTCTAGACCCCGTTTGGGTA,0,3484174
tfaE_stfE_predicted,0.16666666666666666,5,5,TTCTAATGGTAATACGGATC,0,3470496
tfaE_stfE_predicted,0.16666666666666666,5,5,TTCTAAGGTATAGGGGCGAT,0,3514504
tfaE_stfE_predicted,0.16666666666666666,5,5,TTCTAAGAACCTGGGTAGGA,0,3505219
tfaE_stfE_predicted,0.16666666666666666,5,5,TTCGGCTGAGAACTGATTTG,0,3534409
tfaE_stfE_predicted,0.16666666666666666,5,5,TTCGGCACAAGATGAACAAC,0,3481427
tfaE_stfE_predicted,0.16666666666666666,5,5,TTCGATGCCAAAAATATGCG,0,3513371
tfaE_stfE_predicted,0.16666666666666666,5,5,TTCGAGTATCTTCCCAACCC,0,3535542
tfaE_stfE_predicted,0.16666666666666666,5,5,TTCGAGGGCTAACATCGGCT,0,3490578
tfaE_stfE_predicted,0.16666666666666666,5,5,TTCGAGGATCTTGAGACGGT,0,3514741
tfaE_stfE_predicted,0.16666666666666666,5,5,TTCGAGATCTCTGTAATCAG,0,3482575
tfaE_stfE_predicted,0.16666666666666666,5,5,TTCGAAGGGCATAATTCAAC,0,3505018
tfaE_stfE_predicted,0.16666666666666666,5,5,TTCCTACCGTATCGCCTCGT,0,3519483
tfaE_stfE_predicted,0.16666666666666666,5,5,TTCCGGGCCAGAAGGTGGCC,0,3519887
tfaE_stfE_predicted,0.16666666666666666,5,5,TTCCGAGTCCATCATGTTTT,0,3505385
tfaE_stfE_predicted,0.16666666666666666,5,5,TTCCCCTAGGAGATTCTCTT,0,3531907
tfaE_stfE_predicted,0.16666666666666666,5,5,TTCCCAAGCCACGCATACAC,0,3530094
tfaE_stfE_predicted,0.16666666666666666,5,5,TTCCATCTATATTCATTACT,0,3506621
tfaE_stfE_predicted,0.16666666666666666,5,5,TTCCATCGTGGAGAATGGCG,0,3482670
tfaE_stfE_predicted,0.16666666666666666,5,5,TTCAGTGGGTCGATTACTTT,0,3523665
tfaE_stfE_predicted,0.16666666666666666,5,5,TTCAGATCAGGAGTTTGTTA,0,3490886
tfaE_stfE_predicted,0.16666666666666666,5,5,TTCAACGCTTACGATAGATC,0,3526002
tfaE_stfE_predicted,0.16666666666666666,5,5,TTATTCTCCCCGGTTCTAAT,0,3496668
tfaE_stfE_predicted,0.16666666666666666,5,5,TTATTCACCAACGCGACGAG,0,3479614
tfaE_stfE_predicted,0.16666666666666666,5,5,TTATTATGATGTAATACCTG,0,3530120
tfaE_stfE_predicted,0.16666666666666666,5,5,TTATGTGTGCATATGTTTCA,0,3523265
tfaE_stfE_predicted,0.16666666666666666,5,5,TTATGCAACCAGAGGGTACT,0,3539191
tfaE_stfE_predicted,0.16666666666666666,5,5,TTAGTTTTAGCGTGCCCAAC,0,3537078
tfaE_stfE_predicted,0.16666666666666666,5,5,TTAGTCCAGGGACTGAACCC,0,3493348
tfaE_stfE_predicted,0.16666666666666666,5,5,TTAGTATGAAGGAAGATTTG,0,3494970
tfaE_stfE_predicted,0.16666666666666666,5,5,TTAGGTGCTGGGATCTATCA,0,3468760
tfaE_stfE_predicted,0.16666666666666666,5,5,TTAGGCTGCGTACCAAACAG,0,3529592
tfaE_stfE_predicted,0.16666666666666666,5,5,TTAGGCGTACCTTGAATGCA,0,3514065
tfaE_stfE_predicted,0.16666666666666666,5,5,TTAGGATATCGTCGGTCTTG,0,3467696
tfaE_stfE_predicted,0.16666666666666666,5,5,TTAGGACTATGCCCATTGTA,0,3488074
tfaE_stfE_predicted,0.16666666666666666,5,5,TTAGGACGGTTCCCGTCATA,0,3477003
tfaE_stfE_predicted,0.16666666666666666,5,5,TTAGATGCGTCTGTATGGCC,0,3525972
tfaE_stfE_predicted,0.16666666666666666,5,5,TTAGATGCGTAGACATAGAC,0,3508811
tfaE_stfE_predicted,0.16666666666666666,5,5,TTACTGCTACTTTTCCGTCC,0,3508027
tfaE_stfE_predicted,0.16666666666666666,5,5,TTACGATACGCGCAAATATG,0,3491290
tfaE_stfE_predicted,0.16666666666666666,5,5,TTACCAGGTTGAAAACTGTG,0,3523472
tfaE_stfE_predicted,0.16666666666666666,5,5,TTAATCGCTCCATGGCCAAT,0,3471470
tfaE_stfE_predicted,0.16666666666666666,5,5,TTAACTATCATTGATGCACT,0,3507065
tfaE_stfE_predicted,0.16666666666666666,5,5,TTAACATTTAATTTGGGTGG,0,3509561
tfaE_stfE_predicted,0.16666666666666666,5,5,TTAACACCCCAGGGCGTCCT,0,3466420
tfaE_stfE_predicted,0.16666666666666666,5,5,TTAAAGGGAGAGGAAGTGTT,0,3481992
tfaE_stfE_predicted,0.16666666666666666,5,5,TGTTTTACCCGGCTCGTCAA,0,3497625
tfaE_stfE_predicted,0.16666666666666666,5,5,TGTTTGGTACCTGCCAATAA,0,3498434
tfaE_stfE_predicted,0.16666666666666666,5,5,TGTTTCGACCCCTGGAAGAG,0,3538776
tfaE_stfE_predicted,0.16666666666666666,5,5,TGTTCTGTGCGTAGGGTACC,0,3471065
tfaE_stfE_predicted,0.16666666666666666,5,5,TGTTCCCTCATAACTCCTTT,0,3508743
tfaE_stfE_predicted,0.16666666666666666,5,5,TGTTCAAGCTCCATCCATAC,0,3494662
tfaE_stfE_predicted,0.16666666666666666,5,5,TGTGTTTTCCGTATCGTGCA,0,3530749
tfaE_stfE_predicted,0.16666666666666666,5,5,TGTGCGAACTGAATATAATA,0,3538976
tfaE_stfE_predicted,0.16666666666666666,5,5,TGTGCCCCGTTATAATTGGT,0,3519202
tfaE_stfE_predicted,0.16666666666666666,5,5,TGTGCACACGCGGTGGTAAG,0,3535628
tfaE_stfE_predicted,0.16666666666666666,5,5,TGTCGGGAATGGATAATACA,0,3480537
tfaE_stfE_predicted,0.16666666666666666,5,5,TGTATTATTCATGTTGGAGC,0,3470812
tfaE_stfE_predicted,0.16666666666666666,5,5,TGTAGAATAGGACTGATTCG,0,3504290
tfaE_stfE_predicted,0.16666666666666666,5,5,TGTACAGGCAGGTAGTACTC,0,3467359
tfaE_stfE_predicted,0.16666666666666666,5,5,TGTACACCACCTGACCCTGA,0,3529121
tfaE_stfE_predicted,0.16666666666666666,5,5,TGTAATGCTGGCCCCACGAA,0,3483229
tfaE_stfE_predicted,0.16666666666666666,5,5,TGTAACACTTGGCGCACGTT,0,3474688
tfaE_stfE_predicted,0.16666666666666666,5,5,TGGTTGCGTGGCACACAGAA,0,3470073
tfaE_stfE_predicted,0.16666666666666666,5,5,TGGTCTTTAATAGCGGTCTT,0,3467300
tfaE_stfE_predicted,0.16666666666666666,5,5,TGGTCGTCATCAGCTTACAG,0,3512604
tfaE_stfE_predicted,0.16666666666666666,5,5,TGGTCATTGGAAACACTCCG,0,3480757
tfaE_stfE_predicted,0.16666666666666666,5,5,TGGTATGCTTGTCCGTGTCA,0,3485393
tfaE_stfE_predicted,0.16666666666666666,5,5,TGGTATCATTTAGCCGTTCT,0,3535389
tfaE_stfE_predicted,0.16666666666666666,5,5,TGGTACACCTCGAATGTATT,0,3521893
tfaE_stfE_predicted,0.16666666666666666,5,5,TGGTAAGCGTGGATCTATTA,0,3530318
tfaE_stfE_predicted,0.16666666666666666,5,5,TGGTAACGGCTATTGCTTAA,0,3517349
tfaE_stfE_predicted,0.16666666666666666,5,5,TGGTAAATGAGACGGATCAG,0,3476949
tfaE_stfE_predicted,0.16666666666666666,5,5,TGGGTCCGGGTGAAAAACGA,0,3481360
tfaE_stfE_predicted,0.16666666666666666,5,5,TGGGGTGTCCTGAGTAATAC,0,3515470
tfaE_stfE_predicted,0.16666666666666666,5,5,TGGGGTATGTTTAGCCTATA,0,3497321
tfaE_stfE_predicted,0.16666666666666666,5,5,TGGGCAACTGTAAAGAATGA,0,3524912
tfaE_stfE_predicted,0.16666666666666666,5,5,TGGGAGAAAGCAGCTGGAAT,0,3537835
tfaE_stfE_predicted,0.16666666666666666,5,5,TGGCTTGAGTCGCCAGAATG,0,3488602
tfaE_stfE_predicted,0.16666666666666666,5,5,TGGCTCACACACTCGACTGC,0,3486382
tfaE_stfE_predicted,0.16666666666666666,5,5,TGGCGTCCCATCGGCCATAG,0,3468963
tfaE_stfE_predicted,0.16666666666666666,5,5,TGGCGATGAGGTCTGGCGGA,0,3507270
tfaE_stfE_predicted,0.16666666666666666,5,5,TGGCCCCGTACATAGTTAGA,0,3484854
tfaE_stfE_predicted,0.16666666666666666,5,5,TGGCCCCATGTTAGCTCTAA,0,3516622
tfaE_stfE_predicted,0.16666666666666666,5,5,TGGCAGATTAAACCTAGGCA,0,3532257
tfaE_stfE_predicted,0.16666666666666666,5,5,TGGCAATTAGGAGGGTTAGT,0,3526322
tfaE_stfE_predicted,0.16666666666666666,5,5,TGGATTGGAGTGCGTACCAC,0,3477951
tfaE_stfE_predicted,0.16666666666666666,5,5,TGGAGTTCCGCTACCTGCAG,0,3514013
tfaE_stfE_predicted,0.16666666666666666,5,5,TGGAAGACAATGATGGTCCC,0,3470069
tfaE_stfE_predicted,0.16666666666666666,5,5,TGGAAAACTACTAGCGCCCA,0,3477131
tfaE_stfE_predicted,0.16666666666666666,5,5,TGCTGTGAACTTTTTCCTGT,0,3494448
tfaE_stfE_predicted,0.16666666666666666,5,5,TGCTCTTGTGTTAAACGAAA,0,3515777
tfaE_stfE_predicted,0.16666666666666666,5,5,TGCTCTTATGACCCCAGATT,0,3494912
tfaE_stfE_predicted,0.16666666666666666,5,5,TGCTCCTGTTCCTAGTAGTC,0,3489219
tfaE_stfE_predicted,0.16666666666666666,5,5,TGCTATTTAATTGGTCCTTA,0,3488395
tfaE_stfE_predicted,0.16666666666666666,5,5,TGCTAGAGCTGTGACGTAGG,0,3496855
tfaE_stfE_predicted,0.16666666666666666,5,5,TGCTACCCCTAGCCAAGCAT,0,3489838
tfaE_stfE_predicted,0.16666666666666666,5,5,TGCTAATTAAAGACGTCAAA,0,3510162
tfaE_stfE_predicted,0.16666666666666666,5,5,TGCTAAGTATTATTGCTTAA,0,3520743
tfaE_stfE_predicted,0.16666666666666666,5,5,TGCGTGTTGCCGGTGCATCT,0,3488719
tfaE_stfE_predicted,0.16666666666666666,5,5,TGCGCCTCGGGCTTCTAAAA,0,3531551
tfaE_stfE_predicted,0.16666666666666666,5,5,TGCGCACGGGCACACCAGTG,0,3537137
tfaE_stfE_predicted,0.16666666666666666,5,5,TGCGAACCGTTGCGTCAATG,0,3472016
tfaE_stfE_predicted,0.16666666666666666,5,5,TGCCTTGTGGCACTCCTCTG,0,3483545
tfaE_stfE_predicted,0.16666666666666666,5,5,TGCATTAGGATAGCAACATA,0,3492384
tfaE_stfE_predicted,0.16666666666666666,5,5,TGCAGGGGACTCTCCCGACT,0,3477720
tfaE_stfE_predicted,0.16666666666666666,5,5,TGCACCTCTTCTAAAGACTA,0,3524815
tfaE_stfE_predicted,0.16666666666666666,5,5,TGCAAACGTGACGGAAGATC,0,3523404
tfaE_stfE_predicted,0.16666666666666666,5,5,TGATTGGGTACCAGGGATCA,0,3468417
tfaE_stfE_predicted,0.16666666666666666,5,5,TGATGTTAATGTCTTACTAT,0,3507985
tfaE_stfE_predicted,0.16666666666666666,5,5,TGATGTATTATCCCAAAAGC,0,3525204
tfaE_stfE_predicted,0.16666666666666666,5,5,TGATGCGTGACAGCTTTTGC,0,3497683
tfaE_stfE_predicted,0.16666666666666666,5,5,TGATGAGCAGAAATAGAAAG,0,3497248
tfaE_stfE_predicted,0.16666666666666666,5,5,TGATCGATGTATGTTTAAGA,0,3513400
tfaE_stfE_predicted,0.16666666666666666,5,5,TGATATGCAAATAGAGTATT,0,3480575
tfaE_stfE_predicted,0.16666666666666666,5,5,TGATAGCCCAGTCTCCGGGC,0,3512520
tfaE_stfE_predicted,0.16666666666666666,5,5,TGATAGAGGCGGGACCGGTC,0,3469289
tfaE_stfE_predicted,0.16666666666666666,5,5,TGAGTACTGCGCTGTGGATC,0,3498883
tfaE_stfE_predicted,0.16666666666666666,5,5,TGAGCGGGTCCTCGGACAGT,0,3529403
tfaE_stfE_predicted,0.16666666666666666,5,5,TGAGCATTTTGGAGTATCGA,0,3506221
tfaE_stfE_predicted,0.16666666666666666,5,5,TGAGAGTCTACCCACCATAA,0,3492505
tfaE_stfE_predicted,0.16666666666666666,5,5,TGACTTTATCGGGAAAACAC,0,3474897
tfaE_stfE_predicted,0.16666666666666666,5,5,TGACTGTCTTACTTTGTGCG,0,3479720
tfaE_stfE_predicted,0.16666666666666666,5,5,TGACTCGATGGATATATCGC,0,3492976
tfaE_stfE_predicted,0.16666666666666666,5,5,TGACGTAGATAAATCGCCGT,0,3491012
tfaE_stfE_predicted,0.16666666666666666,5,5,TGACGACGACGACCGAGCAT,0,3513616
tfaE_stfE_predicted,0.16666666666666666,5,5,TGACGAAAGCAGATTAAATA,0,3539653
tfaE_stfE_predicted,0.16666666666666666,5,5,TGACATCGTCGCCGTCCGCT,0,3536708
tfaE_stfE_predicted,0.16666666666666666,5,5,TGACACCAACGGTCAGCGTC,0,3510419
tfaE_stfE_predicted,0.16666666666666666,5,5,TGACAAGTGTATCTACTCAC,0,3503900
tfaE_stfE_predicted,0.16666666666666666,5,5,TGAAAAGTTGCAATTAGTCA,0,3532977
tfaE_stfE_predicted,0.16666666666666666,5,5,TGAAAAATTTGAGACCTTGT,0,3502883
tfaE_stfE_predicted,0.16666666666666666,5,5,TCTTTACTCACGTCATACTC,0,3504348
tfaE_stfE_predicted,0.16666666666666666,5,5,TCTTGATAGGACGTGCACGT,0,3509002
tfaE_stfE_predicted,0.16666666666666666,5,5,TCTTGAACGCCACCAGGCAG,0,3466405
tfaE_stfE_predicted,0.16666666666666666,5,5,TCTTCCAGGGATTTAGGGAC,0,3495980
tfaE_stfE_predicted,0.16666666666666666,5,5,TCTTAGCTATTCCCCGATAA,0,3504865
tfaE_stfE_predicted,0.16666666666666666,5,5,TCTTAATAATACCATTGCTC,0,3516726
tfaE_stfE_predicted,0.16666666666666666,5,5,TCTGTGTGTTGCCTACTTCT,0,3540769
tfaE_stfE_predicted,0.16666666666666666,5,5,TCTGTGCACGGCCCGATTGT,0,3475584
tfaE_stfE_predicted,0.16666666666666666,5,5,TCTGGCGAAACTACTGAGAG,0,3533721
tfaE_stfE_predicted,0.16666666666666666,5,5,TCTGGAGCCGGAGGTGATTA,0,3484524
tfaE_stfE_predicted,0.16666666666666666,5,5,TCTGGAATCGACTACAAATC,0,3469853
tfaE_stfE_predicted,0.16666666666666666,5,5,TCTGCCTCGCAAACTTGTCC,0,3501987
tfaE_stfE_predicted,0.16666666666666666,5,5,TCTCGGTTACGATTGTGGCT,0,3532164
tfaE_stfE_predicted,0.16666666666666666,5,5,TCTCGGATATAGTCGAAAAT,0,3493396
tfaE_stfE_predicted,0.16666666666666666,5,5,TCTCCTTGCACAAGAGTCAA,0,3472902
tfaE_stfE_predicted,0.16666666666666666,5,5,TCTCAGACCAGCGTGTAGCG,0,3467988
tfaE_stfE_predicted,0.16666666666666666,5,5,TCTATCAGGGGTCTTAAAAT,0,3496007
tfaE_stfE_predicted,0.16666666666666666,5,5,TCTAGTGGCGCAGATTCGTC,0,3493862
tfaE_stfE_predicted,0.16666666666666666,5,5,TCTACGCTAAGGCTCATTCC,0,3466391
tfaE_stfE_predicted,0.16666666666666666,5,5,TCTAAGGGCGAGTTATAATA,0,3521344
tfaE_stfE_predicted,0.16666666666666666,5,5,TCTAACTTGTACGAGATTCA,0,3490163
tfaE_stfE_predicted,0.16666666666666666,5,5,TCGTTTGTATGGCACCTGAT,0,3519535
tfaE_stfE_predicted,0.16666666666666666,5,5,TCGTTGCTTGCTCCGACTCT,0,3488828
tfaE_stfE_predicted,0.16666666666666666,5,5,TCGTGTCAACTTACGATACC,0,3483223
tfaE_stfE_predicted,0.16666666666666666,5,5,TCGTCATCAGACGAGCCCAT,0,3482760
tfaE_stfE_predicted,0.16666666666666666,5,5,TCGTATTTAGACCGGTATTG,0,3528230
tfaE_stfE_predicted,0.16666666666666666,5,5,TCGTACTTGTCGGGCTAGCC,0,3525335
tfaE_stfE_predicted,0.16666666666666666,5,5,TCGTACGCGGAAAGGCTCAT,0,3505702
tfaE_stfE_predicted,0.16666666666666666,5,5,TCGGTGGGTCAAATTGTGGG,0,3500767
tfaE_stfE_predicted,0.16666666666666666,5,5,TCGGTGGGGTACTCGCACTC,0,3538258
tfaE_stfE_predicted,0.16666666666666666,5,5,TCGGTACGGAATCAAACAGC,0,3501829
tfaE_stfE_predicted,0.16666666666666666,5,5,TCGGGTGCGATACCGTACAC,0,3517234
tfaE_stfE_predicted,0.16666666666666666,5,5,TCGGGGGTTCAGTGGACTAT,0,3486872
tfaE_stfE_predicted,0.16666666666666666,5,5,TCGGAAATAAGGCTGTAAAC,0,3471270
tfaE_stfE_predicted,0.16666666666666666,5,5,TCGCTTTAAGGCTAGCTTAC,0,3511383
tfaE_stfE_predicted,0.16666666666666666,5,5,TCGCTTCAGTTTCCTAGCCC,0,3523106
tfaE_stfE_predicted,0.16666666666666666,5,5,TCGCTCTGATTTACGCGGAT,0,3475672
tfaE_stfE_predicted,0.16666666666666666,5,5,TCGCTCACTAGACATACAAG,0,3508395
tfaE_stfE_predicted,0.16666666666666666,5,5,TCGCTCACGCGGGTAATATT,0,3466720
tfaE_stfE_predicted,0.16666666666666666,5,5,TCGCGGATTGGTCGGCAACG,0,3522805
tfaE_stfE_predicted,0.16666666666666666,5,5,TCGCCTATGCTTGACAGTGG,0,3478639
tfaE_stfE_predicted,0.16666666666666666,5,5,TCGCCACTGGCGACCGAGTA,0,3480163
tfaE_stfE_predicted,0.16666666666666666,5,5,TCGCAGGTTTAGCCCTATGG,0,3519477
tfaE_stfE_predicted,0.16666666666666666,5,5,TCGCAGGCACAGAACATAGT,0,3520340
tfaE_stfE_predicted,0.16666666666666666,5,5,TCGATCTTCCTTTCTCAATA,0,3533253
tfaE_stfE_predicted,0.16666666666666666,5,5,TCGAGCCAACTGGATGACCA,0,3514281
tfaE_stfE_predicted,0.16666666666666666,5,5,TCGAACTCTGCGCATTATGT,0,3498986
tfaE_stfE_predicted,0.16666666666666666,5,5,TCGAAAGCTTACCCATTGAT,0,3527357
tfaE_stfE_predicted,0.16666666666666666,5,5,TCCTTGGCGGCAACCAGGGG,0,3469794
tfaE_stfE_predicted,0.16666666666666666,5,5,TCCTTCACATTACTGGGTGT,0,3477756
tfaE_stfE_predicted,0.16666666666666666,5,5,TCCTGTGGGACCCTATCTGA,0,3498553
tfaE_stfE_predicted,0.16666666666666666,5,5,TCCTGGGGGCCAGTCACGTG,0,3497981
tfaE_stfE_predicted,0.16666666666666666,5,5,TCCTGGCACCTCAGTCACTA,0,3501800
tfaE_stfE_predicted,0.16666666666666666,5,5,TCCTGGAGGTTTATCTGCCA,0,3537467
tfaE_stfE_predicted,0.16666666666666666,5,5,TCCTACAGCGGGACGGGTCC,0,3515137
tfaE_stfE_predicted,0.16666666666666666,5,5,TCCGTCGTCGAGTCTATGGC,0,3487345
tfaE_stfE_predicted,0.16666666666666666,5,5,TCCGGGCGCGATTCCTTAGA,0,3507627
tfaE_stfE_predicted,0.16666666666666666,5,5,TCCGGCGAAACCTGGGTGCC,0,3473046
tfaE_stfE_predicted,0.16666666666666666,5,5,TCCGCTCCCGCGTCCGTTCA,0,3498330
tfaE_stfE_predicted,0.16666666666666666,5,5,TCCGAGGGTTCCGACCGATA,0,3477415
tfaE_stfE_predicted,0.16666666666666666,5,5,TCCCTGTACTCTAAACAACT,0,3470832
tfaE_stfE_predicted,0.16666666666666666,5,5,TCCCTAGCCCAATACAAGAC,0,3482525
tfaE_stfE_predicted,0.16666666666666666,5,5,TCCCGCAAAGTAATGAACGG,0,3539498
tfaE_stfE_predicted,0.16666666666666666,5,5,TCCCGAAGACGTTGCGCTTG,0,3509469
tfaE_stfE_predicted,0.16666666666666666,5,5,TCCCCTTATGAGCTACCCCC,0,3532149
tfaE_stfE_predicted,0.16666666666666666,5,5,TCCCCCCTGCAACGACTAAT,0,3470475
tfaE_stfE_predicted,0.16666666666666666,5,5,TCCCCAATTAGAGGGAGCTG,0,3500481
tfaE_stfE_predicted,0.16666666666666666,5,5,TCCCATGAACTAGGTATGCC,0,3488697
tfaE_stfE_predicted,0.16666666666666666,5,5,TCCCAGTAGCCCTCAATGGC,0,3537964
tfaE_stfE_predicted,0.16666666666666666,5,5,TCCCACGCTTGTGAGGCCAT,0,3540274
tfaE_stfE_predicted,0.16666666666666666,5,5,TCCATTGATACAAGTGCTTC,0,3535848
tfaE_stfE_predicted,0.16666666666666666,5,5,TCCATGGGTCCTTCTGATCG,0,3523681
tfaE_stfE_predicted,0.16666666666666666,5,5,TCCATAACGTGACGTTTTAG,0,3474702
tfaE_stfE_predicted,0.16666666666666666,5,5,TCCACAAGTGAAATAATTTA,0,3528268
tfaE_stfE_predicted,0.16666666666666666,5,5,TCATTAGAAAACGGCCGCCT,0,3529937
tfaE_stfE_predicted,0.16666666666666666,5,5,TCATGGTTATGAGTGAATAG,0,3476833
tfaE_stfE_predicted,0.16666666666666666,5,5,TCATGATAAGTTAAGGACTA,0,3492981
tfaE_stfE_predicted,0.16666666666666666,5,5,TCATCGGGACAACGTAAATG,0,3493965
tfaE_stfE_predicted,0.16666666666666666,5,5,TCATCCGGACTATTTTGTTC,0,3485627
tfaE_stfE_predicted,0.16666666666666666,5,5,TCATCACCCTGACCACAAAA,0,3499618
tfaE_stfE_predicted,0.16666666666666666,5,5,TCATATCAGCAGGGGCGGAA,0,3524297
tfaE_stfE_predicted,0.16666666666666666,5,5,TCATAGCCCAATGCATTATC,0,3510576
tfaE_stfE_predicted,0.16666666666666666,5,5,TCATAAAATGAATCGGATGG,0,3484274
tfaE_stfE_predicted,0.16666666666666666,5,5,TCAGTATGCGGCCAATGCAA,0,3512473
tfaE_stfE_predicted,0.16666666666666666,5,5,TCAGGTCGTTGAGCCACAAG,0,3503738
tfaE_stfE_predicted,0.16666666666666666,5,5,TCAGGTCGAGAACTGGGGTG,0,3497345
tfaE_stfE_predicted,0.16666666666666666,5,5,TCAGCCTCGCGGATCCCGAT,0,3496997
tfaE_stfE_predicted,0.16666666666666666,5,5,TCAGCCTAAGGTCATTCGCG,0,3500695
tfaE_stfE_predicted,0.16666666666666666,5,5,TCAGCCCCTTCACGAGCCCA,0,3490695
tfaE_stfE_predicted,0.16666666666666666,5,5,TCAGAGGAAAACGTTCATGC,0,3502266
tfaE_stfE_predicted,0.16666666666666666,5,5,TCAGACAGTGTTCATGTGAG,0,3485768
tfaE_stfE_predicted,0.16666666666666666,5,5,TCACTTGGCCTAAAACAGAC,0,3524962
tfaE_stfE_predicted,0.16666666666666666,5,5,TCACTGTGATCGCAGGTAAC,0,3466519
tfaE_stfE_predicted,0.16666666666666666,5,5,TCACCTTGGAAAAATACGTA,0,3529177
tfaE_stfE_predicted,0.16666666666666666,5,5,TCACCGCTAAGGCAAAGAGA,0,3526934
tfaE_stfE_predicted,0.16666666666666666,5,5,TCACCGCCCTTGCGGTATGT,0,3500101
tfaE_stfE_predicted,0.16666666666666666,5,5,TCACCAGCCTGAAGCTATGC,0,3504740
tfaE_stfE_predicted,0.16666666666666666,5,5,TCACACGATTCGGCAATCAT,0,3483373
tfaE_stfE_predicted,0.16666666666666666,5,5,TCAAGATGAGATGCGGCTTG,0,3506330
tfaE_stfE_predicted,0.16666666666666666,5,5,TCAACTGAGGACGCGGGAAC,0,3541154
tfaE_stfE_predicted,0.16666666666666666,5,5,TCAAAGTAGTGGAGGTCAAT,0,3527241
tfaE_stfE_predicted,0.16666666666666666,5,5,TCAAACATGATTCGAACCCA,0,3475291
tfaE_stfE_predicted,0.16666666666666666,5,5,TCAAAAAGGTTCTTTCGCGT,0,3489532
tfaE_stfE_predicted,0.16666666666666666,5,5,TATTTTTGTCCCCGAATCCG,0,3525915
tfaE_stfE_predicted,0.16666666666666666,5,5,TATTTTCGTACCGGCCCCAC,0,3501359
tfaE_stfE_predicted,0.16666666666666666,5,5,TATTTGGGTATTTGTAGTTG,0,3521281
tfaE_stfE_predicted,0.16666666666666666,5,5,TATTTACACTCACGGGTCTA,0,3521014
tfaE_stfE_predicted,0.16666666666666666,5,5,TATTGTAGGGGGGGAATAGA,0,3523451
tfaE_stfE_predicted,0.16666666666666666,5,5,TATTCCCTGCTGGGCATGGA,0,3528129
tfaE_stfE_predicted,0.16666666666666666,5,5,TATTAGCATTCTCTGAGCGA,0,3488171
tfaE_stfE_predicted,0.16666666666666666,5,5,TATGTGGTAAGTGAAAGTCT,0,3487657
tfaE_stfE_predicted,0.16666666666666666,5,5,TATGGGCGGAAACATGCCGG,0,3523419
tfaE_stfE_predicted,0.16666666666666666,5,5,TATGCGAAAAGGAATTTCGC,0,3473153
tfaE_stfE_predicted,0.16666666666666666,5,5,TATGCATGGCCCTAATGCGC,0,3484079
tfaE_stfE_predicted,0.16666666666666666,5,5,TATGACAGATTGGCCATCCT,0,3466712
tfaE_stfE_predicted,0.16666666666666666,5,5,TATCCTCGTAGACCCGTGAT,0,3509055
tfaE_stfE_predicted,0.16666666666666666,5,5,TATCCGTACGGACAGATTTT,0,3531759
tfaE_stfE_predicted,0.16666666666666666,5,5,TATCATGGGAAGCTCGCAGA,0,3520859
tfaE_stfE_predicted,0.16666666666666666,5,5,TATCATGGATGCTTTCCCAT,0,3501244
tfaE_stfE_predicted,0.16666666666666666,5,5,TATCATAGGCGGTTCCGACG,0,3473293
tfaE_stfE_predicted,0.16666666666666666,5,5,TATATCGAGCGGTTTCCATT,0,3482765
tfaE_stfE_predicted,0.16666666666666666,5,5,TATAGTGTGGGGTCTGTGGT,0,3537095
tfaE_stfE_predicted,0.16666666666666666,5,5,TATACTAGCTTGTTGGTACT,0,3513299
tfaE_stfE_predicted,0.16666666666666666,5,5,TATACATATCACAGTGGAAC,0,3491265
tfaE_stfE_predicted,0.16666666666666666,5,5,TATAAGAAGGTGGGCTATTG,0,3523478
tfaE_stfE_predicted,0.16666666666666666,5,5,TATAACTACATCGGTCTACT,0,3481973
tfaE_stfE_predicted,0.16666666666666666,5,5,TAGTTAATGGAGATAACTCG,0,3490891
tfaE_stfE_predicted,0.16666666666666666,5,5,TAGTAGTAAAGCAAGATCCA,0,3501070
tfaE_stfE_predicted,0.16666666666666666,5,5,TAGGTGGTTAAGGTAATCGT,0,3496742
tfaE_stfE_predicted,0.16666666666666666,5,5,TAGGTGACAGTACCCAACGT,0,3470857
tfaE_stfE_predicted,0.16666666666666666,5,5,TAGGTCTGGAGCAAATGCGG,0,3519234
tfaE_stfE_predicted,0.16666666666666666,5,5,TAGGGAGCAGGCTCGTTGGG,0,3500985
tfaE_stfE_predicted,0.16666666666666666,5,5,TAGGCCGGTTTGAACAATCT,0,3529304
tfaE_stfE_predicted,0.16666666666666666,5,5,TAGGCATGCACTTCGAATCA,0,3514716
tfaE_stfE_predicted,0.16666666666666666,5,5,TAGCTACCAGCTTTCATCCG,0,3477456
tfaE_stfE_predicted,0.16666666666666666,5,5,TAGCGGTGCAAGGATTCACG,0,3467821
tfaE_stfE_predicted,0.16666666666666666,5,5,TAGCGAGGATTCTCTTGTTT,0,3537071
tfaE_stfE_predicted,0.16666666666666666,5,5,TAGCCTAGCATACTGGACGT,0,3519791
tfaE_stfE_predicted,0.16666666666666666,5,5,TAGCCCTAGAGCAGCACTCG,0,3509581
tfaE_stfE_predicted,0.16666666666666666,5,5,TAGCAGACGGACCCGAGATT,0,3491041
tfaE_stfE_predicted,0.16666666666666666,5,5,TAGATTCCGGACCCGTCCTA,0,3467704
tfaE_stfE_predicted,0.16666666666666666,5,5,TAGATCTGTCAATCTTTCCA,0,3506214
tfaE_stfE_predicted,0.16666666666666666,5,5,TAGATCTCCCATATTGGATC,0,3509179
tfaE_stfE_predicted,0.16666666666666666,5,5,TAGATCATGTCGGAAAAGCA,0,3534298
tfaE_stfE_predicted,0.16666666666666666,5,5,TAGAGCAAATCGCATATGGG,0,3485962
tfaE_stfE_predicted,0.16666666666666666,5,5,TACTTCCCTCACTGCATTCC,0,3521776
tfaE_stfE_predicted,0.16666666666666666,5,5,TACTGTGACCACGCACACGA,0,3537878
tfaE_stfE_predicted,0.16666666666666666,5,5,TACTCTCTATGTTCGCGCAT,0,3485783
tfaE_stfE_predicted,0.16666666666666666,5,5,TACTCCGCCAAAGCGTACAA,0,3501376
tfaE_stfE_predicted,0.16666666666666666,5,5,TACTAAGTGAATTTTAAGTT,0,3473447
tfaE_stfE_predicted,0.16666666666666666,5,5,TACGTTGTAGAGCCAGCTTC,0,3536353
tfaE_stfE_predicted,0.16666666666666666,5,5,TACGTTGGCTTAGGATTAAG,0,3536295
tfaE_stfE_predicted,0.16666666666666666,5,5,TACGGGTGGACTTGGCAGGC,0,3481721
tfaE_stfE_predicted,0.16666666666666666,5,5,TACGGACATTTTGGAGTGAC,0,3537912
tfaE_stfE_predicted,0.16666666666666666,5,5,TACGATACTATTGGCCGGGG,0,3538754
tfaE_stfE_predicted,0.16666666666666666,5,5,TACGAACTAATTGGTGTCGA,0,3528916
tfaE_stfE_predicted,0.16666666666666666,5,5,TACCTTTCTGTGGACCGACG,0,3472684
tfaE_stfE_predicted,0.16666666666666666,5,5,TACCGGGACTGCAAGCCATA,0,3487777
tfaE_stfE_predicted,0.16666666666666666,5,5,TACCGCTGACAAGTGCCCCG,0,3478224
tfaE_stfE_predicted,0.16666666666666666,5,5,TACCCCCGTGCGTTAAAAGG,0,3527611
tfaE_stfE_predicted,0.16666666666666666,5,5,TACATTCAGAGGATAAACGG,0,3484298
tfaE_stfE_predicted,0.16666666666666666,5,5,TACATAATAACAGGTTCCGA,0,3511354
tfaE_stfE_predicted,0.16666666666666666,5,5,TAATTAAGGACGTCTTAGCG,0,3507214
tfaE_stfE_predicted,0.16666666666666666,5,5,TAATCGTTCGCTAAGCTCTA,0,3491988
tfaE_stfE_predicted,0.16666666666666666,5,5,TAAGTCCTTTACTGAGCTGA,0,3514164
tfaE_stfE_predicted,0.16666666666666666,5,5,TAAGGCTTCGCTAGAGCGTG,0,3512589
tfaE_stfE_predicted,0.16666666666666666,5,5,TAAGGCGGTAAGTTCTGTAA,0,3529919
tfaE_stfE_predicted,0.16666666666666666,5,5,TAAGGAGAGCGCAAATGAAT,0,3498568
tfaE_stfE_predicted,0.16666666666666666,5,5,TAAGCACGATGATGTGCAAA,0,3482789
tfaE_stfE_predicted,0.16666666666666666,5,5,TAAGACGGTAAGAGTGACAG,0,3513296
tfaE_stfE_predicted,0.16666666666666666,5,5,TAAGAAGCATACACTACGCT,0,3517780
tfaE_stfE_predicted,0.16666666666666666,5,5,TAAGAACATCTACGATTCGT,0,3480962
tfaE_stfE_predicted,0.16666666666666666,5,5,TAACTAAGCTCACAACGTGA,0,3476923
tfaE_stfE_predicted,0.16666666666666666,5,5,TAACGCGGAGGCAAGCTTGC,0,3527893
tfaE_stfE_predicted,0.16666666666666666,5,5,TAACCTCGTTCAATAGTAAG,0,3513413
tfaE_stfE_predicted,0.16666666666666666,5,5,TAACCGCTACGGCTTCATGG,0,3538744
tfaE_stfE_predicted,0.16666666666666666,5,5,TAACCATACTCAACCCTAGA,0,3467709
tfaE_stfE_predicted,0.16666666666666666,5,5,TAAAGGTCTGGAAAACGATA,0,3529831
tfaE_stfE_predicted,0.16666666666666666,5,5,TAAAGAGGGACTTTACATCA,0,3506700
tfaE_stfE_predicted,0.16666666666666666,5,5,TAAACTTGCGGCGAGGGCTG,0,3497043
tfaE_stfE_predicted,0.16666666666666666,5,5,GTTTTTCGGAAAAAGCACAT,0,3483628
tfaE_stfE_predicted,0.16666666666666666,5,5,GTTTCCCGTAAATGTTAGAT,0,3540754
tfaE_stfE_predicted,0.16666666666666666,5,5,GTTTCATGGGTATTGGGCTT,0,3532682
tfaE_stfE_predicted,0.16666666666666666,5,5,GTTTATCGGAAAAATATTCT,0,3484515
tfaE_stfE_predicted,0.16666666666666666,5,5,GTTTAACTGATTGAGAGACC,0,3533930
tfaE_stfE_predicted,0.16666666666666666,5,5,GTTGTTCTGAATGTTTATGG,0,3513545
tfaE_stfE_predicted,0.16666666666666666,5,5,GTTGTCCGGATGTACTCTTT,0,3515110
tfaE_stfE_predicted,0.16666666666666666,5,5,GTTGGTGATTTTTCGCATCG,0,3510214
tfaE_stfE_predicted,0.16666666666666666,5,5,GTTGGTCCTACATACAGCTA,0,3486268
tfaE_stfE_predicted,0.16666666666666666,5,5,GTTGCCCTAGTGCTTTCAAG,0,3515632
tfaE_stfE_predicted,0.16666666666666666,5,5,GTTGAGTCTACGGGCTACTC,0,3530896
tfaE_stfE_predicted,0.16666666666666666,5,5,GTTGAGGAGCTGTCGATCAA,0,3510823
tfaE_stfE_predicted,0.16666666666666666,5,5,GTTGAGATGCCATGCTCGAA,0,3491040
tfaE_stfE_predicted,0.16666666666666666,5,5,GTTCTTGTACGGTTTCCGTA,0,3510699
tfaE_stfE_predicted,0.16666666666666666,5,5,GTTCTTCACGGCGTTGGCCT,0,3523725
tfaE_stfE_predicted,0.16666666666666666,5,5,GTTCTCTTGTCACTGATGTG,0,3472963
tfaE_stfE_predicted,0.16666666666666666,5,5,GTTCTAAGCTGGAGCTTGTC,0,3510203
tfaE_stfE_predicted,0.16666666666666666,5,5,GTTCGGGACACAAGTGTGTC,0,3522518
tfaE_stfE_predicted,0.16666666666666666,5,5,GTTCGCACTGAAATTCCCGT,0,3500603
tfaE_stfE_predicted,0.16666666666666666,5,5,GTTCCTAGCAAATGGGGGTC,0,3501621
tfaE_stfE_predicted,0.16666666666666666,5,5,GTTATGCTCCAAGTCGAGCC,0,3535557
tfaE_stfE_predicted,0.16666666666666666,5,5,GTTATCTTGAGACCCTACAC,0,3478223
tfaE_stfE_predicted,0.16666666666666666,5,5,GTTATCCGATGGCGATGATA,0,3502367
tfaE_stfE_predicted,0.16666666666666666,5,5,GTTAGTTCGCATGAGAGCTT,0,3496475
tfaE_stfE_predicted,0.16666666666666666,5,5,GTTACGTACTTAGTAATTTG,0,3471942
tfaE_stfE_predicted,0.16666666666666666,5,5,GTTACGACCCGCTACGTGAT,0,3503506
tfaE_stfE_predicted,0.16666666666666666,5,5,GTTACAGCGGAGTCAGCTCG,0,3538589
tfaE_stfE_predicted,0.16666666666666666,5,5,GTTAATGAGCTTTATTTGCG,0,3504136
tfaE_stfE_predicted,0.16666666666666666,5,5,GTTAATCTTTGTAGGGGGGG,0,3516158
tfaE_stfE_predicted,0.16666666666666666,5,5,GTTAACTTCCCGCCTAAAAC,0,3477540
tfaE_stfE_predicted,0.16666666666666666,5,5,GTGTTGTATTGTGTCACGGG,0,3495396
tfaE_stfE_predicted,0.16666666666666666,5,5,GTGTGGATCCACATTTACGT,0,3473923
tfaE_stfE_predicted,0.16666666666666666,5,5,GTGTGGACTCCCGATAGAGT,0,3475507
tfaE_stfE_predicted,0.16666666666666666,5,5,GTGTCGGTTGCCGCACAACG,0,3482107
tfaE_stfE_predicted,0.16666666666666666,5,5,GTGTCGGAAGTACCAGAGCT,0,3480281
tfaE_stfE_predicted,0.16666666666666666,5,5,GTGGTTTGTATAATTTACTC,0,3509607
tfaE_stfE_predicted,0.16666666666666666,5,5,GTGGTTAGCGTTAGATCGGA,0,3501223
tfaE_stfE_predicted,0.16666666666666666,5,5,GTGGGGGCCTATACACCGGG,0,3498915
tfaE_stfE_predicted,0.16666666666666666,5,5,GTGGGACCGGAGCTGAGTGT,0,3483013
tfaE_stfE_predicted,0.16666666666666666,5,5,GTGGATTTGCGTTACTTTAG,0,3484383
tfaE_stfE_predicted,0.16666666666666666,5,5,GTGGATAGGAGCCGTGTGTG,0,3476944
tfaE_stfE_predicted,0.16666666666666666,5,5,GTGGAGCTTGTACACTAATG,0,3484890
tfaE_stfE_predicted,0.16666666666666666,5,5,GTGCTGTTAAGACACAAAGT,0,3470148
tfaE_stfE_predicted,0.16666666666666666,5,5,GTGCGCTGAATTATAATTTC,0,3531101
tfaE_stfE_predicted,0.16666666666666666,5,5,GTGCGATTTGTGAGACCCGG,0,3470196
tfaE_stfE_predicted,0.16666666666666666,5,5,GTGCACAGATTTGTAGTTGC,0,3519743
tfaE_stfE_predicted,0.16666666666666666,5,5,GTGATTGAGATCCACCGTTG,0,3518691
tfaE_stfE_predicted,0.16666666666666666,5,5,GTGATGGAATCAGTCGATAC,0,3481804
tfaE_stfE_predicted,0.16666666666666666,5,5,GTGAGTTACTTGATAGATAA,0,3499188
tfaE_stfE_predicted,0.16666666666666666,5,5,GTGAGCGCGCATTCCTGTTC,0,3524919
tfaE_stfE_predicted,0.16666666666666666,5,5,GTGACTACCAAGCCCCCACT,0,3521343
tfaE_stfE_predicted,0.16666666666666666,5,5,GTGAATACAATCAAAAAGAC,0,3539031
tfaE_stfE_predicted,0.16666666666666666,5,5,GTCTTTAGGTTCCGTGATGT,0,3515394
tfaE_stfE_predicted,0.16666666666666666,5,5,GTCTTCGTCCCCTGGCTGAG,0,3509427
tfaE_stfE_predicted,0.16666666666666666,5,5,GTCTGGTTTCATGTTCGGTG,0,3539010
tfaE_stfE_predicted,0.16666666666666666,5,5,GTCTGGCCTTGTACCTTGTT,0,3529916
tfaE_stfE_predicted,0.16666666666666666,5,5,GTCTGGAGGATCGCATGATT,0,3496008
tfaE_stfE_predicted,0.16666666666666666,5,5,GTCTATTGTTTGCCTGTGAC,0,3494010
tfaE_stfE_predicted,0.16666666666666666,5,5,GTCGTTCTCTTTAGTGCGTG,0,3490280
tfaE_stfE_predicted,0.16666666666666666,5,5,GTCGTTCCTATGCCATCCGA,0,3525514
tfaE_stfE_predicted,0.16666666666666666,5,5,GTCGTGGACTGGTCCAGCCA,0,3470437
tfaE_stfE_predicted,0.16666666666666666,5,5,GTCGTCACGGCGAACTTAGT,0,3537042
tfaE_stfE_predicted,0.16666666666666666,5,5,GTCGGCAATCGGAATTGGAA,0,3534450
tfaE_stfE_predicted,0.16666666666666666,5,5,GTCGCTCAGTCTATAGAGTG,0,3532975
tfaE_stfE_predicted,0.16666666666666666,5,5,GTCGCTAAGAAGGTCTGCCG,0,3508484
tfaE_stfE_predicted,0.16666666666666666,5,5,GTCGAGTACCTTAAAAGCAA,0,3484220
tfaE_stfE_predicted,0.16666666666666666,5,5,GTCCTCAGGTCGCCCCAACG,0,3529654
tfaE_stfE_predicted,0.16666666666666666,5,5,GTCCCTCGCCGAAAAATCAT,0,3489566
tfaE_stfE_predicted,0.16666666666666666,5,5,GTCAGGGTAGGAGGTGACAA,0,3528862
tfaE_stfE_predicted,0.16666666666666666,5,5,GTCAGATTTTGGCGGGGCCA,0,3516620
tfaE_stfE_predicted,0.16666666666666666,5,5,GTCAATACTCGGTTTGCGTC,0,3479572
tfaE_stfE_predicted,0.16666666666666666,5,5,GTATCTGCAAATCGTCTCTA,0,3508935
tfaE_stfE_predicted,0.16666666666666666,5,5,GTATCCTGACAACACCGGCA,0,3473033
tfaE_stfE_predicted,0.16666666666666666,5,5,GTATAGCCTCATGATTACAA,0,3536732
tfaE_stfE_predicted,0.16666666666666666,5,5,GTAGTTGAGGGACCTGTGGG,0,3518442
tfaE_stfE_predicted,0.16666666666666666,5,5,GTAGTGCACCAGTAATGGCA,0,3524870
tfaE_stfE_predicted,0.16666666666666666,5,5,GTAGGGAGGCCACGTGTAGT,0,3494497
tfaE_stfE_predicted,0.16666666666666666,5,5,GTAGCCGCTGTGGCGATTTC,0,3503255
tfaE_stfE_predicted,0.16666666666666666,5,5,GTAGAGCAAGGAAGGTTCAA,0,3523792
tfaE_stfE_predicted,0.16666666666666666,5,5,GTAGAGAGGCCGGAAAGCTG,0,3479174
tfaE_stfE_predicted,0.16666666666666666,5,5,GTACTACCAGATATTACGAT,0,3531432
tfaE_stfE_predicted,0.16666666666666666,5,5,GTACGTGCTGAAATGGTTTT,0,3487374
tfaE_stfE_predicted,0.16666666666666666,5,5,GTACGTAAACAGTTTATTAA,0,3498115
tfaE_stfE_predicted,0.16666666666666666,5,5,GTACCCTATGCCGGAGATGG,0,3522619
tfaE_stfE_predicted,0.16666666666666666,5,5,GTACAAAGCAAGACCTCCGG,0,3536850
tfaE_stfE_predicted,0.16666666666666666,5,5,GTAATTTCTTCTGAATGCGA,0,3507794
tfaE_stfE_predicted,0.16666666666666666,5,5,GTAATCGAACTCTGGCCCAC,0,3513023
tfaE_stfE_predicted,0.16666666666666666,5,5,GTAAGATTGGGCTCCGAGTT,0,3522468
tfaE_stfE_predicted,0.16666666666666666,5,5,GTAAGAAATGTACGACTCTC,0,3500661
tfaE_stfE_predicted,0.16666666666666666,5,5,GTAACCTGCATGAAATCACA,0,3469214
tfaE_stfE_predicted,0.16666666666666666,5,5,GTAACCACTCTGCTTAGCTG,0,3480443
tfaE_stfE_predicted,0.16666666666666666,5,5,GGTTGGGATAGACAACTAGG,0,3521321
tfaE_stfE_predicted,0.16666666666666666,5,5,GGTTGGAGGATCTGTTTAGG,0,3500825
tfaE_stfE_predicted,0.16666666666666666,5,5,GGTTGATTCTTTCTCAGATC,0,3490251
tfaE_stfE_predicted,0.16666666666666666,5,5,GGTTGATCCAATAGGAAGCC,0,3513743
tfaE_stfE_predicted,0.16666666666666666,5,5,GGTTCTCACCCGGGTGGGTG,0,3494122
tfaE_stfE_predicted,0.16666666666666666,5,5,GGTTCGAAGGTCAAGATATA,0,3524167
tfaE_stfE_predicted,0.16666666666666666,5,5,GGTTATACGATTAGAGCTAA,0,3468399
tfaE_stfE_predicted,0.16666666666666666,5,5,GGTGTTCATGGTATGACCTT,0,3538949
tfaE_stfE_predicted,0.16666666666666666,5,5,GGTGGTGACAAACTCAGGAT,0,3512427
tfaE_stfE_predicted,0.16666666666666666,5,5,GGTGCACAGAGGGATGTTAT,0,3526870
tfaE_stfE_predicted,0.16666666666666666,5,5,GGTGATCTACCGGGGCCTTA,0,3466762
tfaE_stfE_predicted,0.16666666666666666,5,5,GGTGAGTTTTAGGGTGGTTT,0,3478534
tfaE_stfE_predicted,0.16666666666666666,5,5,GGTCTAGCTAATTCAATGCG,0,3500164
tfaE_stfE_predicted,0.16666666666666666,5,5,GGTCGTCTGTGGATGTTTCT,0,3481411
tfaE_stfE_predicted,0.16666666666666666,5,5,GGTCGGATCCAGTTTCTTTG,0,3524337
tfaE_stfE_predicted,0.16666666666666666,5,5,GGTCGCTTTAAATATAGTCA,0,3525134
tfaE_stfE_predicted,0.16666666666666666,5,5,GGTCGAACCTAGATGAACGC,0,3492870
tfaE_stfE_predicted,0.16666666666666666,5,5,GGTCGAACAGCGGGTTCTAA,0,3495496
tfaE_stfE_predicted,0.16666666666666666,5,5,GGTATGTCTCAATTTCCGCC,0,3539965
tfaE_stfE_predicted,0.16666666666666666,5,5,GGTAGTCCCATCGTAGTATA,0,3479433
tfaE_stfE_predicted,0.16666666666666666,5,5,GGTACTGTACCAAAAAGGGT,0,3492973
tfaE_stfE_predicted,0.16666666666666666,5,5,GGTACTAAATTCTCCTTTCA,0,3502060
tfaE_stfE_predicted,0.16666666666666666,5,5,GGTACCATGGGGTTACGCTG,0,3469979
tfaE_stfE_predicted,0.16666666666666666,5,5,GGTACAGCTTCTCGCGCAAC,0,3498626
tfaE_stfE_predicted,0.16666666666666666,5,5,GGTACACTTTACTCACCTAC,0,3513352
tfaE_stfE_predicted,0.16666666666666666,5,5,GGTAAGTGTAGAGAAATTAA,0,3522015
tfaE_stfE_predicted,0.16666666666666666,5,5,GGTAAGTACGGTGCAACCAG,0,3468877
tfaE_stfE_predicted,0.16666666666666666,5,5,GGTAAAACAGATTAATCATT,0,3509265
tfaE_stfE_predicted,0.16666666666666666,5,5,GGGTTCTCGTCCGCCCCATA,0,3533415
tfaE_stfE_predicted,0.16666666666666666,5,5,GGGTTATGAATAGGTAGAAC,0,3477483
tfaE_stfE_predicted,0.16666666666666666,5,5,GGGTTACGGAATAACCCGTG,0,3511840
tfaE_stfE_predicted,0.16666666666666666,5,5,GGGTGGACGCAAAATGCTGC,0,3487282
tfaE_stfE_predicted,0.16666666666666666,5,5,GGGTCTACTTGAAGGGTCGC,0,3510760
tfaE_stfE_predicted,0.16666666666666666,5,5,GGGTCCCTCAGAACCTTGCA,0,3522438
tfaE_stfE_predicted,0.16666666666666666,5,5,GGGTCCCCAGTATCTTGCTC,0,3536070
tfaE_stfE_predicted,0.16666666666666666,5,5,GGGGTTACCGAGAGTAGGCA,0,3492068
tfaE_stfE_predicted,0.16666666666666666,5,5,GGGGGCTAGGTTCTGGGACC,0,3514954
tfaE_stfE_predicted,0.16666666666666666,5,5,GGGGGCGCTGCAACGCATAT,0,3494492
tfaE_stfE_predicted,0.16666666666666666,5,5,GGGGCTTATGTCTACCCGCA,0,3517662
tfaE_stfE_predicted,0.16666666666666666,5,5,GGGGCTCTTAATGATCGTCG,0,3478809
tfaE_stfE_predicted,0.16666666666666666,5,5,GGGGCTCCAACACTATTCTC,0,3538467
tfaE_stfE_predicted,0.16666666666666666,5,5,GGGGCGGGCTTTGGTGGCGC,0,3541082
tfaE_stfE_predicted,0.16666666666666666,5,5,GGGGCCTGGTGAAATAGAAT,0,3530071
tfaE_stfE_predicted,0.16666666666666666,5,5,GGGGCAGGCTTAGTTAAAGT,0,3510632
tfaE_stfE_predicted,0.16666666666666666,5,5,GGGGCAATGCGCCTGGGTTC,0,3516405
tfaE_stfE_predicted,0.16666666666666666,5,5,GGGGAAGGTGATCGTAGCGG,0,3533028
tfaE_stfE_predicted,0.16666666666666666,5,5,GGGCTGAAGGATTTGGTCGA,0,3517254
tfaE_stfE_predicted,0.16666666666666666,5,5,GGGCTATGTCATGATTGAGC,0,3517868
tfaE_stfE_predicted,0.16666666666666666,5,5,GGGCTACCCCCAACTGCACC,0,3522179
tfaE_stfE_predicted,0.16666666666666666,5,5,GGGCGGTCCGTCCGGGTCTC,0,3504043
tfaE_stfE_predicted,0.16666666666666666,5,5,GGGCCGGGGACAATGCGGAA,0,3473981
tfaE_stfE_predicted,0.16666666666666666,5,5,GGGCATAGTGAGTGTGGGTA,0,3481799
tfaE_stfE_predicted,0.16666666666666666,5,5,GGGCATAGAACCTGGGCCTG,0,3476750
tfaE_stfE_predicted,0.16666666666666666,5,5,GGGCAGGGGCTTCTGACGGC,0,3501300
tfaE_stfE_predicted,0.16666666666666666,5,5,GGGCAGCCTACATCTTACAC,0,3477338
tfaE_stfE_predicted,0.16666666666666666,5,5,GGGCAAAGTAGAAGCGCTTA,0,3482242
tfaE_stfE_predicted,0.16666666666666666,5,5,GGGAGTCGTTCTGCACTTGG,0,3519175
tfaE_stfE_predicted,0.16666666666666666,5,5,GGGAGCTGCAGGCATAGCAA,0,3495409
tfaE_stfE_predicted,0.16666666666666666,5,5,GGGAGATAAGAATATGACCA,0,3511579
tfaE_stfE_predicted,0.16666666666666666,5,5,GGGACGATGGCCACCCAGTA,0,3511268
tfaE_stfE_predicted,0.16666666666666666,5,5,GGGACCTCAAGTCTGACGAA,0,3527211
tfaE_stfE_predicted,0.16666666666666666,5,5,GGGACCACTTGGGACTCGAT,0,3501822
tfaE_stfE_predicted,0.16666666666666666,5,5,GGGACAATCAATAGAGAGGG,0,3511696
tfaE_stfE_predicted,0.16666666666666666,5,5,GGGAAGGTTTATCAACCAAC,0,3484568
tfaE_stfE_predicted,0.16666666666666666,5,5,GGCTGTCACACCAACCCATG,0,3522373
tfaE_stfE_predicted,0.16666666666666666,5,5,GGCTGATGGCGGAAAATGAC,0,3539392
tfaE_stfE_predicted,0.16666666666666666,5,5,GGCTAGGGTTACCATCGGAC,0,3533146
tfaE_stfE_predicted,0.16666666666666666,5,5,GGCTAGCTTCCCCATGCGTA,0,3490040
tfaE_stfE_predicted,0.16666666666666666,5,5,GGCTACTGTACTCAGTCACT,0,3468456
tfaE_stfE_predicted,0.16666666666666666,5,5,GGCTAAGAGTGGTGAATCGG,0,3539229
tfaE_stfE_predicted,0.16666666666666666,5,5,GGCGTTTAGTCCGCGGGAAC,0,3469677
tfaE_stfE_predicted,0.16666666666666666,5,5,GGCGTATAATTGTTTCCATG,0,3496584
tfaE_stfE_predicted,0.16666666666666666,5,5,GGCGGTCATTATAATAGTGA,0,3534389
tfaE_stfE_predicted,0.16666666666666666,5,5,GGCGGTAACCTGGTGGGAAT,0,3530719
tfaE_stfE_predicted,0.16666666666666666,5,5,GGCGGACGGGATCGAAGCCT,0,3505054
tfaE_stfE_predicted,0.16666666666666666,5,5,GGCGATGGTGCGACAAATTT,0,3517353
tfaE_stfE_predicted,0.16666666666666666,5,5,GGCCTTGAGTGATATAAAAA,0,3481879
tfaE_stfE_predicted,0.16666666666666666,5,5,GGCCTGTTCTTACTAAAGCT,0,3522445
tfaE_stfE_predicted,0.16666666666666666,5,5,GGCCTATACATTCATTACCT,0,3502637
tfaE_stfE_predicted,0.16666666666666666,5,5,GGCCGGTATCCTAGTCCGTA,0,3479667
tfaE_stfE_predicted,0.16666666666666666,5,5,GGCCGATTGGATCGGGGTGT,0,3509732
tfaE_stfE_predicted,0.16666666666666666,5,5,GGCCACTTAAAAGTAAGTGG,0,3469273
tfaE_stfE_predicted,0.16666666666666666,5,5,GGCCACCAGGACACTTGGGT,0,3525170
tfaE_stfE_predicted,0.16666666666666666,5,5,GGCATGGTATGCTGTTGGCG,0,3482015
tfaE_stfE_predicted,0.16666666666666666,5,5,GGCATATGGACCGTGTACGT,0,3503530
tfaE_stfE_predicted,0.16666666666666666,5,5,GGCAGAGAAAGAACCAAAGA,0,3510422
tfaE_stfE_predicted,0.16666666666666666,5,5,GGCACTTAGAAAGGCCTGTC,0,3518908
tfaE_stfE_predicted,0.16666666666666666,5,5,GGCACGCTGGACGATGGTCT,0,3506084
tfaE_stfE_predicted,0.16666666666666666,5,5,GGCACAGTGGTATCCGGGAT,0,3516441
tfaE_stfE_predicted,0.16666666666666666,5,5,GGATTGTCAGCTCGCGCTCA,0,3522457
tfaE_stfE_predicted,0.16666666666666666,5,5,GGATTGCCAGAATGCCATGT,0,3528726
tfaE_stfE_predicted,0.16666666666666666,5,5,GGATTCATGCCTGCATATAA,0,3519291
tfaE_stfE_predicted,0.16666666666666666,5,5,GGATGAGGCCGGTAACTATC,0,3482660
tfaE_stfE_predicted,0.16666666666666666,5,5,GGATCTGGGACCATATTCGG,0,3475294
tfaE_stfE_predicted,0.16666666666666666,5,5,GGATCAGACAGATTGACCGT,0,3511240
tfaE_stfE_predicted,0.16666666666666666,5,5,GGATACAACCCGTGAGGCAA,0,3466406
tfaE_stfE_predicted,0.16666666666666666,5,5,GGATAAGCAGTACCTAGGTT,0,3532528
tfaE_stfE_predicted,0.16666666666666666,5,5,GGAGTGCAACCTCACCTCTC,0,3488477
tfaE_stfE_predicted,0.16666666666666666,5,5,GGAGGTCCCTTTGGTGAGCA,0,3484523
tfaE_stfE_predicted,0.16666666666666666,5,5,GGAGGGCTGTGCGACGGCGG,0,3540655
tfaE_stfE_predicted,0.16666666666666666,5,5,GGAGGCCATTGCGGGTATCT,0,3526611
tfaE_stfE_predicted,0.16666666666666666,5,5,GGACTTATGGCGGGTGGTTC,0,3523195
tfaE_stfE_predicted,0.16666666666666666,5,5,GGACGCTCGCAGGATAACCC,0,3518317
tfaE_stfE_predicted,0.16666666666666666,5,5,GGACCTCGGGCATAGTGAAG,0,3513473
tfaE_stfE_predicted,0.16666666666666666,5,5,GGACAAAAAATGCGCAAAAT,0,3500141
tfaE_stfE_predicted,0.16666666666666666,5,5,GGAATATCATTATTACGTGT,0,3531269
tfaE_stfE_predicted,0.16666666666666666,5,5,GGAAGGTAACGAACTGAGCG,0,3525765
tfaE_stfE_predicted,0.16666666666666666,5,5,GGAACTACCTTATGTGTAGT,0,3540464
tfaE_stfE_predicted,0.16666666666666666,5,5,GGAACAAACAACTACTACTT,0,3510582
tfaE_stfE_predicted,0.16666666666666666,5,5,GCTTTTCTAATGTGAGATTT,0,3504524
tfaE_stfE_predicted,0.16666666666666666,5,5,GCTTGAACACGGTTGAACCA,0,3497095
tfaE_stfE_predicted,0.16666666666666666,5,5,GCTTCGAACTGCATACTCTT,0,3501618
tfaE_stfE_predicted,0.16666666666666666,5,5,GCTGTGTTGGTTGGGGGGGC,0,3482813
tfaE_stfE_predicted,0.16666666666666666,5,5,GCTGTAAGGGCGCCAAGTAT,0,3539210
tfaE_stfE_predicted,0.16666666666666666,5,5,GCTGACGTTTCTGATGCTCG,0,3490987
tfaE_stfE_predicted,0.16666666666666666,5,5,GCTCTTAGTAAGGCCTGTAC,0,3518899
tfaE_stfE_predicted,0.16666666666666666,5,5,GCTCTGCACATCCCGCACCT,0,3478768
tfaE_stfE_predicted,0.16666666666666666,5,5,GCTCTCTCTACTATGACTGA,0,3481989
tfaE_stfE_predicted,0.16666666666666666,5,5,GCTCGTTTTCTGGACCCGCA,0,3494389
tfaE_stfE_predicted,0.16666666666666666,5,5,GCTCGGGTTGATCCTGTTAA,0,3531314
tfaE_stfE_predicted,0.16666666666666666,5,5,GCTCGGGGGCCGAGGGCCAC,0,3487763
tfaE_stfE_predicted,0.16666666666666666,5,5,GCTCGATTTGCTATTTCGTA,0,3500566
tfaE_stfE_predicted,0.16666666666666666,5,5,GCTCCGGCTATGGTTTCCCA,0,3519080
tfaE_stfE_predicted,0.16666666666666666,5,5,GCTCAACTTCGGCGGTCGCG,0,3500654
tfaE_stfE_predicted,0.16666666666666666,5,5,GCTAGTGGAGTGAGTGCGAT,0,3525762
tfaE_stfE_predicted,0.16666666666666666,5,5,GCTAGTCAGGCGGCATCTTC,0,3539782
tfaE_stfE_predicted,0.16666666666666666,5,5,GCTACACGACGTGCGCCTTG,0,3489182
tfaE_stfE_predicted,0.16666666666666666,5,5,GCTAAAGTGTTCAAGGATTC,0,3520561
tfaE_stfE_predicted,0.16666666666666666,5,5,GCTAAAGATATCCGTCTTTG,0,3483793
tfaE_stfE_predicted,0.16666666666666666,5,5,GCGTTTGTTGGGGCGTATCC,0,3509312
tfaE_stfE_predicted,0.16666666666666666,5,5,GCGTTTACCTGGAGTGCGGT,0,3485356
tfaE_stfE_predicted,0.16666666666666666,5,5,GCGTGTCGAATAGGGTGTGG,0,3524225
tfaE_stfE_predicted,0.16666666666666666,5,5,GCGTGTAATATACATTTGTT,0,3467187
tfaE_stfE_predicted,0.16666666666666666,5,5,GCGTGCGGAATATGGTGAAT,0,3475621
tfaE_stfE_predicted,0.16666666666666666,5,5,GCGTAGTGTTCCACTAAACC,0,3539534
tfaE_stfE_predicted,0.16666666666666666,5,5,GCGTACTTCCGTCGTGGGGA,0,3513697
tfaE_stfE_predicted,0.16666666666666666,5,5,GCGGTTTGGTCCCTGACCGA,0,3479871
tfaE_stfE_predicted,0.16666666666666666,5,5,GCGGTGGCTAAACGCGCTTT,0,3491492
tfaE_stfE_predicted,0.16666666666666666,5,5,GCGGGTCGTTTGATTATGGA,0,3493148
tfaE_stfE_predicted,0.16666666666666666,5,5,GCGGGGTCCGCACCGGTCAG,0,3504611
tfaE_stfE_predicted,0.16666666666666666,5,5,GCGGGCAGTTGTTCTCTGTA,0,3471053
tfaE_stfE_predicted,0.16666666666666666,5,5,GCGGCTCGACCAAGTTATCG,0,3491854
tfaE_stfE_predicted,0.16666666666666666,5,5,GCGGATGGGCAGTGAACTGG,0,3467546
tfaE_stfE_predicted,0.16666666666666666,5,5,GCGGAGTTCAAAAAAATACA,0,3517878
tfaE_stfE_predicted,0.16666666666666666,5,5,GCGGACAAGGTTGCTAATAA,0,3499541
tfaE_stfE_predicted,0.16666666666666666,5,5,GCGCTTGCAACATATGGCCT,0,3539028
tfaE_stfE_predicted,0.16666666666666666,5,5,GCGCGTTAATGTTAAGCGAA,0,3500503
tfaE_stfE_predicted,0.16666666666666666,5,5,GCGCGTTAACCAACCCCCAT,0,3521155
tfaE_stfE_predicted,0.16666666666666666,5,5,GCGCGTATTAGGTTCCTCTC,0,3482667
tfaE_stfE_predicted,0.16666666666666666,5,5,GCGCGTATGATTGAAAGGCT,0,3527311
tfaE_stfE_predicted,0.16666666666666666,5,5,GCGCGAGGGACCAGACGCGG,0,3504610
tfaE_stfE_predicted,0.16666666666666666,5,5,GCGCCGGGGATATTAAAAGA,0,3525860
tfaE_stfE_predicted,0.16666666666666666,5,5,GCGCATCCAACGGTGAAGTA,0,3522519
tfaE_stfE_predicted,0.16666666666666666,5,5,GCGATTCCTCGCACCCTCTA,0,3501439
tfaE_stfE_predicted,0.16666666666666666,5,5,GCGAGGCGTGAAGTCTATAA,0,3482554
tfaE_stfE_predicted,0.16666666666666666,5,5,GCGAGAAACATGAAAGTAGC,0,3534612
tfaE_stfE_predicted,0.16666666666666666,5,5,GCGACTTTGATCCCGTTAAA,0,3489088
tfaE_stfE_predicted,0.16666666666666666,5,5,GCCTTATCGCACGCTTATGC,0,3473372
tfaE_stfE_predicted,0.16666666666666666,5,5,GCCTAACCCTCCCATTCTTA,0,3501580
tfaE_stfE_predicted,0.16666666666666666,5,5,GCCGTTAGTCTTATAAATAA,0,3515021
tfaE_stfE_predicted,0.16666666666666666,5,5,GCCGGGAGAAAGATCATATC,0,3499845
tfaE_stfE_predicted,0.16666666666666666,5,5,GCCGGCCGTGCAGTGCGCCC,0,3523816
tfaE_stfE_predicted,0.16666666666666666,5,5,GCCGGAACTTCCGGCCTCTA,0,3493490
tfaE_stfE_predicted,0.16666666666666666,5,5,GCCGCTCTTACATGCCTATA,0,3527826
tfaE_stfE_predicted,0.16666666666666666,5,5,GCCGATTGACATGAGTGCTG,0,3475716
tfaE_stfE_predicted,0.16666666666666666,5,5,GCCGACTCTGTGTGAAGTTA,0,3521898
tfaE_stfE_predicted,0.16666666666666666,5,5,GCCCGGCTAGGCTACCCCAC,0,3512579
tfaE_stfE_predicted,0.16666666666666666,5,5,GCCCGCTAATGCAACGCGTA,0,3536189
tfaE_stfE_predicted,0.16666666666666666,5,5,GCCCGAGTGAGAGCATTTAG,0,3515769
tfaE_stfE_predicted,0.16666666666666666,5,5,GCCCGAACTGCATTTATGAG,0,3514544
tfaE_stfE_predicted,0.16666666666666666,5,5,GCCCCTCGCATCCTGAAGAT,0,3523332
tfaE_stfE_predicted,0.16666666666666666,5,5,GCCCCCTAAGCGGTATGCGT,0,3524300
tfaE_stfE_predicted,0.16666666666666666,5,5,GCCCACGGTGCCATGGACAG,0,3496309
tfaE_stfE_predicted,0.16666666666666666,5,5,GCCATGATATTAGAAGTCAA,0,3530669
tfaE_stfE_predicted,0.16666666666666666,5,5,GCCAGCAATTGAGCAAGATT,0,3514202
tfaE_stfE_predicted,0.16666666666666666,5,5,GCCAAGCAAACGACAGCGTA,0,3519360
tfaE_stfE_predicted,0.16666666666666666,5,5,GCCAACATCTGCCACATCGT,0,3535711
tfaE_stfE_predicted,0.16666666666666666,5,5,GCATTGGGGCCATACTGGGA,0,3493197
tfaE_stfE_predicted,0.16666666666666666,5,5,GCATTACCGACTTTGCGTCC,0,3482866
tfaE_stfE_predicted,0.16666666666666666,5,5,GCATGGCAGTATGTTCTTAG,0,3490180
tfaE_stfE_predicted,0.16666666666666666,5,5,GCATCAATTTAATAACTACC,0,3493212
tfaE_stfE_predicted,0.16666666666666666,5,5,GCATAATGCGCACGGGAAGA,0,3508968
tfaE_stfE_predicted,0.16666666666666666,5,5,GCAGTCGGACTAAGGCCGGA,0,3517115
tfaE_stfE_predicted,0.16666666666666666,5,5,GCAGTACCGGTAAACCCTAA,0,3533029
tfaE_stfE_predicted,0.16666666666666666,5,5,GCAGGGGGGGCTGTCAGATG,0,3494661
tfaE_stfE_predicted,0.16666666666666666,5,5,GCAGAGATCACCCGTGCTAA,0,3528251
tfaE_stfE_predicted,0.16666666666666666,5,5,GCACATTTTACAATCGGGGT,0,3537184
tfaE_stfE_predicted,0.16666666666666666,5,5,GCAATGGGACCACGAGATGG,0,3482171
tfaE_stfE_predicted,0.16666666666666666,5,5,GCAATACTGTACAAGCTCTA,0,3509644
tfaE_stfE_predicted,0.16666666666666666,5,5,GCAAGGTGGTCTCTCCCGAG,0,3477308
tfaE_stfE_predicted,0.16666666666666666,5,5,GCAAGACTGCCGTCCCCTTG,0,3479092
tfaE_stfE_predicted,0.16666666666666666,5,5,GCAAATGGCTAAATTCCAAG,0,3527713
tfaE_stfE_predicted,0.16666666666666666,5,5,GCAAATCGTATGGACCCCTC,0,3528627
tfaE_stfE_predicted,0.16666666666666666,5,5,GCAAATAGTGTAATTCGGCG,0,3506615
tfaE_stfE_predicted,0.16666666666666666,5,5,GCAAACTTGGACCCATTAAT,0,3495689
tfaE_stfE_predicted,0.16666666666666666,5,5,GCAAACGAGGCACGTGTATG,0,3490101
tfaE_stfE_predicted,0.16666666666666666,5,5,GATTGACTATTGGGGCCATT,0,3471984
tfaE_stfE_predicted,0.16666666666666666,5,5,GATTCTGATGAATCGTGTTC,0,3519629
tfaE_stfE_predicted,0.16666666666666666,5,5,GATTCGTGTGCCAAAGTCCG,0,3505452
tfaE_stfE_predicted,0.16666666666666666,5,5,GATTCGTCGAGGGATCCTTC,0,3531217
tfaE_stfE_predicted,0.16666666666666666,5,5,GATTCCTGACTGCCGTGCCA,0,3469502
tfaE_stfE_predicted,0.16666666666666666,5,5,GATTCCGAGGCCGGATATTC,0,3516306
tfaE_stfE_predicted,0.16666666666666666,5,5,GATGGGTTTGTTGATCGGAT,0,3470228
tfaE_stfE_predicted,0.16666666666666666,5,5,GATGGGGGGGAACTTACGAC,0,3516765
tfaE_stfE_predicted,0.16666666666666666,5,5,GATGCTATCCTTTAGCCGAG,0,3513719
tfaE_stfE_predicted,0.16666666666666666,5,5,GATGCGCCTGATTAGATGGT,0,3527804
tfaE_stfE_predicted,0.16666666666666666,5,5,GATGCACTGTGTAGGGTTAT,0,3524048
tfaE_stfE_predicted,0.16666666666666666,5,5,GATGACTTAGAACGATCTGG,0,3505527
tfaE_stfE_predicted,0.16666666666666666,5,5,GATGAATCGGTGCCGTAACG,0,3494590
tfaE_stfE_predicted,0.16666666666666666,5,5,GATCTGCCATTCTAACCTCT,0,3530293
tfaE_stfE_predicted,0.16666666666666666,5,5,GATCTACCCACATGCAACAC,0,3507757
tfaE_stfE_predicted,0.16666666666666666,5,5,GATCGTAGTGTGCAAACTGA,0,3495966
tfaE_stfE_predicted,0.16666666666666666,5,5,GATCGCGAATCGCTGTAGAG,0,3485260
tfaE_stfE_predicted,0.16666666666666666,5,5,GATCCTTCTCGTGTAAGTGA,0,3494082
tfaE_stfE_predicted,0.16666666666666666,5,5,GATCACCGAGATGCTCAATT,0,3484359
tfaE_stfE_predicted,0.16666666666666666,5,5,GATATCCAATCGGTTATACA,0,3500099
tfaE_stfE_predicted,0.16666666666666666,5,5,GATAGTATATATCATACCCA,0,3475740
tfaE_stfE_predicted,0.16666666666666666,5,5,GATAATACTTGACGGCATAT,0,3467713
tfaE_stfE_predicted,0.16666666666666666,5,5,GATAAGGCGATGTCACCATT,0,3504948
tfaE_stfE_predicted,0.16666666666666666,5,5,GAGTTGTGTCTAAGTGGCCG,0,3495963
tfaE_stfE_predicted,0.16666666666666666,5,5,GAGTGTAAACGCATCGCCAT,0,3526649
tfaE_stfE_predicted,0.16666666666666666,5,5,GAGTGCAGCTCCTAGCCCTG,0,3498525
tfaE_stfE_predicted,0.16666666666666666,5,5,GAGTATCTCCACCAGGTTAT,0,3494690
tfaE_stfE_predicted,0.16666666666666666,5,5,GAGTAGAGGTCACGGGTCGC,0,3530419
tfaE_stfE_predicted,0.16666666666666666,5,5,GAGTAGACTGCGTGTATCAG,0,3498566
tfaE_stfE_predicted,0.16666666666666666,5,5,GAGTACGTTTCAAGTGATAC,0,3535722
tfaE_stfE_predicted,0.16666666666666666,5,5,GAGTACATTCCAAACCAATC,0,3521663
tfaE_stfE_predicted,0.16666666666666666,5,5,GAGTAAGAACTACTACAGAG,0,3501076
tfaE_stfE_predicted,0.16666666666666666,5,5,GAGGTGTTGCTGGGATGATA,0,3509262
tfaE_stfE_predicted,0.16666666666666666,5,5,GAGGGCTTGTATTCTTTAGG,0,3485275
tfaE_stfE_predicted,0.16666666666666666,5,5,GAGGGATAACCGTATCACTG,0,3495853
tfaE_stfE_predicted,0.16666666666666666,5,5,GAGGCTAGCCACCACCTGAG,0,3484755
tfaE_stfE_predicted,0.16666666666666666,5,5,GAGGCGAGAGACTGTCTGTA,0,3469243
tfaE_stfE_predicted,0.16666666666666666,5,5,GAGCCAAGAACAAAATGTGT,0,3525164
tfaE_stfE_predicted,0.16666666666666666,5,5,GAGAGTCTATTGGATGTGGT,0,3527591
tfaE_stfE_predicted,0.16666666666666666,5,5,GAGAGATACTCCACACGACA,0,3510358
tfaE_stfE_predicted,0.16666666666666666,5,5,GAGAGAACATTTGACTCAAG,0,3486803
tfaE_stfE_predicted,0.16666666666666666,5,5,GAGACAGTACCATAGGGTTC,0,3497014
tfaE_stfE_predicted,0.16666666666666666,5,5,GAGACAGGTTGAACTTTGGC,0,3506047
tfaE_stfE_predicted,0.16666666666666666,5,5,GAGACACGCATAGACGTGGT,0,3477453
tfaE_stfE_predicted,0.16666666666666666,5,5,GAGAATGCCGACTATGGATG,0,3517829
tfaE_stfE_predicted,0.16666666666666666,5,5,GAGAAGCGAGAGAGATGGCC,0,3503547
tfaE_stfE_predicted,0.16666666666666666,5,5,GACTTTAGCAAGTAATAGAC,0,3478704
tfaE_stfE_predicted,0.16666666666666666,5,5,GACTGACAATTAGGCGACTC,0,3468776
tfaE_stfE_predicted,0.16666666666666666,5,5,GACTCACAGCCGCACGTATT,0,3536753
tfaE_stfE_predicted,0.16666666666666666,5,5,GACTATTGCCCGCCGAACGA,0,3491914
tfaE_stfE_predicted,0.16666666666666666,5,5,GACTATGGCCTGGGGTCGTA,0,3511976
tfaE_stfE_predicted,0.16666666666666666,5,5,GACGTGGGGTCACAATTCGG,0,3535779
tfaE_stfE_predicted,0.16666666666666666,5,5,GACGTAGATCCGGGTGTGGG,0,3535843
tfaE_stfE_predicted,0.16666666666666666,5,5,GACGCTACATTTCTCATTTT,0,3493202
tfaE_stfE_predicted,0.16666666666666666,5,5,GACGACTGCAACCCGGTCTA,0,3520104
tfaE_stfE_predicted,0.16666666666666666,5,5,GACCGTTGTGCAGAAAGAGT,0,3508552
tfaE_stfE_predicted,0.16666666666666666,5,5,GACATGTGAGTGTGAGTCAT,0,3473744
tfaE_stfE_predicted,0.16666666666666666,5,5,GACATAAATGCCCATTAAGG,0,3504120
tfaE_stfE_predicted,0.16666666666666666,5,5,GACACCTAAATCTTCTCCCT,0,3534530
tfaE_stfE_predicted,0.16666666666666666,5,5,GAATTCCAATCCAGGCTCCA,0,3507140
tfaE_stfE_predicted,0.16666666666666666,5,5,GAATGGGTCGATGTGAGTCC,0,3538449
tfaE_stfE_predicted,0.16666666666666666,5,5,GAATGGCCTAGGCTCGTCCT,0,3494023
tfaE_stfE_predicted,0.16666666666666666,5,5,GAATGCATACGCGCGCATAG,0,3483141
tfaE_stfE_predicted,0.16666666666666666,5,5,GAATCGCTTCTCTAGACACA,0,3508483
tfaE_stfE_predicted,0.16666666666666666,5,5,GAATAAGGACCCTCTTATAT,0,3494423
tfaE_stfE_predicted,0.16666666666666666,5,5,GAAGTCCCGTAAACTAAGAT,0,3503378
tfaE_stfE_predicted,0.16666666666666666,5,5,GAAGGTCCCGAGAGGAGGGT,0,3521554
tfaE_stfE_predicted,0.16666666666666666,5,5,GAAGGGAGAGATCCTCGGGT,0,3472364
tfaE_stfE_predicted,0.16666666666666666,5,5,GAAGATTAGGGTTGGACAAC,0,3468886
tfaE_stfE_predicted,0.16666666666666666,5,5,GAACTTAGTGATATTACGTC,0,3538418
tfaE_stfE_predicted,0.16666666666666666,5,5,GAACGCAGGCAGAAGGGCAG,0,3484322
tfaE_stfE_predicted,0.16666666666666666,5,5,GAACCGGACGGATCTGGTTG,0,3510202
tfaE_stfE_predicted,0.16666666666666666,5,5,GAACCAGGCTCAGGAAGTGA,0,3524850
tfaE_stfE_predicted,0.16666666666666666,5,5,GAACATGTAGTGTTGAAAGT,0,3482539
tfaE_stfE_predicted,0.16666666666666666,5,5,GAAATGAGTGAACCAGGATT,0,3489357
tfaE_stfE_predicted,0.16666666666666666,5,5,GAAATAGACGTTCGAAGGCA,0,3519836
tfaE_stfE_predicted,0.16666666666666666,5,5,GAAAGGCTTCGACACTCCTG,0,3517998
tfaE_stfE_predicted,0.16666666666666666,5,5,GAAACCAAGGGGCGAGTGGG,0,3489059
tfaE_stfE_predicted,0.16666666666666666,5,5,GAAAAGCGGCCGAACTTGGC,0,3486395
tfaE_stfE_predicted,0.16666666666666666,5,5,CTTTTGGATCTTTGGGGATA,0,3499786
tfaE_stfE_predicted,0.16666666666666666,5,5,CTTTTGCCCCCGAATGCCCC,0,3479116
tfaE_stfE_predicted,0.16666666666666666,5,5,CTTTTCGTCCGCCACCGTTT,0,3496395
tfaE_stfE_predicted,0.16666666666666666,5,5,CTTTGCAGGTGCACCTCACA,0,3511047
tfaE_stfE_predicted,0.16666666666666666,5,5,CTTTCTGGCACTGGTTTAAC,0,3507088
tfaE_stfE_predicted,0.16666666666666666,5,5,CTTTCCCAGCCAATCTGCAG,0,3488063
tfaE_stfE_predicted,0.16666666666666666,5,5,CTTTAGGAATTTAAAATACT,0,3487476
tfaE_stfE_predicted,0.16666666666666666,5,5,CTTTAGAATTCACCCCGGAT,0,3495293
tfaE_stfE_predicted,0.16666666666666666,5,5,CTTTACCTTAGCTCTCGGGG,0,3523104
tfaE_stfE_predicted,0.16666666666666666,5,5,CTTGTTTTGCGTCCTAAATT,0,3530703
tfaE_stfE_predicted,0.16666666666666666,5,5,CTTGTACGGCTCAGGCCTCT,0,3508390
tfaE_stfE_predicted,0.16666666666666666,5,5,CTTGGTTTACCTGGGCATAC,0,3485533
tfaE_stfE_predicted,0.16666666666666666,5,5,CTTGGGTTATGGTCTGGAGT,0,3486003
tfaE_stfE_predicted,0.16666666666666666,5,5,CTTGGAATAATTTGGCGTAT,0,3514385
tfaE_stfE_predicted,0.16666666666666666,5,5,CTTGCATTAGAGCGCGGAAC,0,3471267
tfaE_stfE_predicted,0.16666666666666666,5,5,CTTGAAACTCCGTATGCTAT,0,3514560
tfaE_stfE_predicted,0.16666666666666666,5,5,CTTCGTCCATTATTCCTATA,0,3492512
tfaE_stfE_predicted,0.16666666666666666,5,5,CTTCGGGACCATATTTCGAT,0,3494615
tfaE_stfE_predicted,0.16666666666666666,5,5,CTTCCCGCACTCAAGCGTCT,0,3470138
tfaE_stfE_predicted,0.16666666666666666,5,5,CTTCCAGGGGTTAGATTTGC,0,3485708
tfaE_stfE_predicted,0.16666666666666666,5,5,CTTCAGAGGGTGATGAGGAT,0,3494446
tfaE_stfE_predicted,0.16666666666666666,5,5,CTTATTATTCCGAATAACCA,0,3484009
tfaE_stfE_predicted,0.16666666666666666,5,5,CTTATGAGTTTGGTACAGTT,0,3486089
tfaE_stfE_predicted,0.16666666666666666,5,5,CTTAGGAAGAACCCGACCAT,0,3497293
tfaE_stfE_predicted,0.16666666666666666,5,5,CTTACGGTTCCATGGGAGCT,0,3503876
tfaE_stfE_predicted,0.16666666666666666,5,5,CTTACGAAAGCAGCAGATGA,0,3480659
tfaE_stfE_predicted,0.16666666666666666,5,5,CTTACAGTGAGGTGTTATAA,0,3467762
tfaE_stfE_predicted,0.16666666666666666,5,5,CTTACAGCGTTGAGAAGGAA,0,3506106
tfaE_stfE_predicted,0.16666666666666666,5,5,CTTACAGCCCATATGTTCCT,0,3481013
tfaE_stfE_predicted,0.16666666666666666,5,5,CTTAACGCGGTATGTCGCCC,0,3526790
tfaE_stfE_predicted,0.16666666666666666,5,5,CTGTTTATGCCTGGTACTTC,0,3482972
tfaE_stfE_predicted,0.16666666666666666,5,5,CTGTTGGTGATTAACTGGCA,0,3471476
tfaE_stfE_predicted,0.16666666666666666,5,5,CTGTGGTGTCCCATGCCAAT,0,3499366
tfaE_stfE_predicted,0.16666666666666666,5,5,CTGTCTGCTCACCTAATACC,0,3517104
tfaE_stfE_predicted,0.16666666666666666,5,5,CTGGTTTGGTTTTCCAAGGC,0,3514043
tfaE_stfE_predicted,0.16666666666666666,5,5,CTGGTTCGGTCCAACCGAAT,0,3527624
tfaE_stfE_predicted,0.16666666666666666,5,5,CTGGTTCGGCAAATAAGCTT,0,3513063
tfaE_stfE_predicted,0.16666666666666666,5,5,CTGGTGTCACATGCTGAAGG,0,3529890
tfaE_stfE_predicted,0.16666666666666666,5,5,CTGGTAGAGTGGCTGCGAGG,0,3477445
tfaE_stfE_predicted,0.16666666666666666,5,5,CTGGGGATAATCTAAACCTT,0,3483139
tfaE_stfE_predicted,0.16666666666666666,5,5,CTGGGGAAATGAACCCGAAA,0,3477042
tfaE_stfE_predicted,0.16666666666666666,5,5,CTGGAGCTCTCTGAGGCTTC,0,3497631
tfaE_stfE_predicted,0.16666666666666666,5,5,CTGGAGAAAAGGATAGGTCC,0,3531718
tfaE_stfE_predicted,0.16666666666666666,5,5,CTGCTCCACATATTAGAAGC,0,3472507
tfaE_stfE_predicted,0.16666666666666666,5,5,CTGCGTTCAGACCACAGGCA,0,3485109
tfaE_stfE_predicted,0.16666666666666666,5,5,CTGCGACAAGGCTCTGCATA,0,3473486
tfaE_stfE_predicted,0.16666666666666666,5,5,CTGCCAGAATAATGGGCCGC,0,3506268
tfaE_stfE_predicted,0.16666666666666666,5,5,CTGCATAAGAGGGAAATGGT,0,3496720
tfaE_stfE_predicted,0.16666666666666666,5,5,CTGCAAACCGGTCTATAATG,0,3474012
tfaE_stfE_predicted,0.16666666666666666,5,5,CTGACCGATAGATTTGTCTG,0,3476049
tfaE_stfE_predicted,0.16666666666666666,5,5,CTGACAGGGTTTCACGGGTA,0,3490115
tfaE_stfE_predicted,0.16666666666666666,5,5,CTCTCCTGACCAATAGCAGA,0,3475987
tfaE_stfE_predicted,0.16666666666666666,5,5,CTCTCCAAGACTCATATCGT,0,3480800
tfaE_stfE_predicted,0.16666666666666666,5,5,CTCTAGAGGATTAGTAGAGA,0,3496470
tfaE_stfE_predicted,0.16666666666666666,5,5,CTCGTTTTTGCGTGTGCTGG,0,3534113
tfaE_stfE_predicted,0.16666666666666666,5,5,CTCGGTGGCCGCAGCGCGGC,0,3478024
tfaE_stfE_predicted,0.16666666666666666,5,5,CTCGGCAGTCTTGTATTAGC,0,3471896
tfaE_stfE_predicted,0.16666666666666666,5,5,CTCGGAATGGTTAAGGAGTC,0,3519063
tfaE_stfE_predicted,0.16666666666666666,5,5,CTCGCAAGGCCAACGGTATA,0,3472239
tfaE_stfE_predicted,0.16666666666666666,5,5,CTCGATACCCTCTATGTTCA,0,3531017
tfaE_stfE_predicted,0.16666666666666666,5,5,CTCGAGCCAGTGAATTATCT,0,3482952
tfaE_stfE_predicted,0.16666666666666666,5,5,CTCCGTTTCCCGCAATGATC,0,3526190
tfaE_stfE_predicted,0.16666666666666666,5,5,CTCCGTCTACCGAATATCAA,0,3508670
tfaE_stfE_predicted,0.16666666666666666,5,5,CTCCGTAAACAGATGCGTCT,0,3516168
tfaE_stfE_predicted,0.16666666666666666,5,5,CTCCCTCGCGGATGGCTACA,0,3493493
tfaE_stfE_predicted,0.16666666666666666,5,5,CTCCCATTCCGCTCCCGCGC,0,3508999
tfaE_stfE_predicted,0.16666666666666666,5,5,CTCCAGGACATGATCTGATG,0,3523087
tfaE_stfE_predicted,0.16666666666666666,5,5,CTCCACGCGCATGCTTTCGT,0,3534069
tfaE_stfE_predicted,0.16666666666666666,5,5,CTCATACGCTTCGGAGATTA,0,3480366
tfaE_stfE_predicted,0.16666666666666666,5,5,CTCAGTGAAATCGTTCGGAC,0,3538248
tfaE_stfE_predicted,0.16666666666666666,5,5,CTCAGCGAGAGGAATGGCTT,0,3521842
tfaE_stfE_predicted,0.16666666666666666,5,5,CTCAGCCGTTAGTAAATCAC,0,3523937
tfaE_stfE_predicted,0.16666666666666666,5,5,CTCAACTGATTCTGTGCGCT,0,3530315
tfaE_stfE_predicted,0.16666666666666666,5,5,CTCAAACAAAGCGGCATTAC,0,3528507
tfaE_stfE_predicted,0.16666666666666666,5,5,CTATGTGTGCTCATGAGGGA,0,3495237
tfaE_stfE_predicted,0.16666666666666666,5,5,CTATGCTAAACATGGTCTTA,0,3506511
tfaE_stfE_predicted,0.16666666666666666,5,5,CTATGCAGATTTATGGGAGA,0,3478630
tfaE_stfE_predicted,0.16666666666666666,5,5,CTATATTGGGCGTAGCGTTC,0,3492535
tfaE_stfE_predicted,0.16666666666666666,5,5,CTATATCCAGGGCGCTGTTA,0,3540937
tfaE_stfE_predicted,0.16666666666666666,5,5,CTAGTGATGTACTACGTTCC,0,3485900
tfaE_stfE_predicted,0.16666666666666666,5,5,CTAGTAGTGTATGGGGCCTT,0,3521370
tfaE_stfE_predicted,0.16666666666666666,5,5,CTAGTAGATTTCGTACACGG,0,3477108
tfaE_stfE_predicted,0.16666666666666666,5,5,CTAGTAACCGGAAGGATGGG,0,3516820
tfaE_stfE_predicted,0.16666666666666666,5,5,CTAGGTTAGGTGTGGCTCGA,0,3530879
tfaE_stfE_predicted,0.16666666666666666,5,5,CTAGGGTATCTTCAATGACG,0,3530252
tfaE_stfE_predicted,0.16666666666666666,5,5,CTAGAATGCTGACGTCAGAT,0,3496145
tfaE_stfE_predicted,0.16666666666666666,5,5,CTAGAAGCGTATGTTGCCCG,0,3500290
tfaE_stfE_predicted,0.16666666666666666,5,5,CTACTTTGATTCGAGGTGAC,0,3537778
tfaE_stfE_predicted,0.16666666666666666,5,5,CTACTATTTTTACACTACCA,0,3519379
tfaE_stfE_predicted,0.16666666666666666,5,5,CTACGTTTGTCGTGTGCCCC,0,3517640
tfaE_stfE_predicted,0.16666666666666666,5,5,CTACGGCAAAAGCGGCGACG,0,3482939
tfaE_stfE_predicted,0.16666666666666666,5,5,CTACCTAATATATAACGCAA,0,3518570
tfaE_stfE_predicted,0.16666666666666666,5,5,CTAATGTTAAGTAATTCAGC,0,3472253
tfaE_stfE_predicted,0.16666666666666666,5,5,CTAATCATGTATGAGCACTG,0,3532860
tfaE_stfE_predicted,0.16666666666666666,5,5,CTAACTGGTTGTAGTGAATG,0,3521775
tfaE_stfE_predicted,0.16666666666666666,5,5,CTAACTAGAATCGTTAACTA,0,3478511
tfaE_stfE_predicted,0.16666666666666666,5,5,CTAAATCACCCGTTCGTGTG,0,3520359
tfaE_stfE_predicted,0.16666666666666666,5,5,CTAAACAGCCGGTTCTCCTG,0,3528601
tfaE_stfE_predicted,0.16666666666666666,5,5,CTAAAAGAACCCCCTTGAGT,0,3517377
tfaE_stfE_predicted,0.16666666666666666,5,5,CGTTTTGTATCGCTTGGAGG,0,3481414
tfaE_stfE_predicted,0.16666666666666666,5,5,CGTTTCTGGGTATGATACGG,0,3519610
tfaE_stfE_predicted,0.16666666666666666,5,5,CGTTGCGGGAGCAGTTGGAA,0,3468767
tfaE_stfE_predicted,0.16666666666666666,5,5,CGTTGCGATTCTCAAGAAAA,0,3511220
tfaE_stfE_predicted,0.16666666666666666,5,5,CGTTGCCACTCACTTATCTT,0,3487654
tfaE_stfE_predicted,0.16666666666666666,5,5,CGTTGAACCGTTTTCAGGGC,0,3491208
tfaE_stfE_predicted,0.16666666666666666,5,5,CGTTACCACCAACGTGCCCT,0,3533330
tfaE_stfE_predicted,0.16666666666666666,5,5,CGTTAAGACCCTGTGCACAT,0,3528254
tfaE_stfE_predicted,0.16666666666666666,5,5,CGTTAAAACTCCGGGTTTTA,0,3494425
tfaE_stfE_predicted,0.16666666666666666,5,5,CGTGTGATCGTATGGGTACT,0,3534193
tfaE_stfE_predicted,0.16666666666666666,5,5,CGTGGCCATGGTCGCGGAAC,0,3507444
tfaE_stfE_predicted,0.16666666666666666,5,5,CGTGGATACGGGCCGCTCGA,0,3491460
tfaE_stfE_predicted,0.16666666666666666,5,5,CGTGCGTCAAGGATATAGAA,0,3504308
tfaE_stfE_predicted,0.16666666666666666,5,5,CGTGCCCAATTATCGCCTTG,0,3484528
tfaE_stfE_predicted,0.16666666666666666,5,5,CGTGCATCCGTCGGCGTGAG,0,3539540
tfaE_stfE_predicted,0.16666666666666666,5,5,CGTCTTCCGTATAAAGGCGA,0,3501132
tfaE_stfE_predicted,0.16666666666666666,5,5,CGTCTGAGTTTCCATCATTT,0,3483071
tfaE_stfE_predicted,0.16666666666666666,5,5,CGTCTACATTCGGGGGACTC,0,3470885
tfaE_stfE_predicted,0.16666666666666666,5,5,CGTCGCCCCCCGACCCCGAT,0,3494226
tfaE_stfE_predicted,0.16666666666666666,5,5,CGTCCGTTAATTAAGAATAA,0,3519895
tfaE_stfE_predicted,0.16666666666666666,5,5,CGTCAATGAGTCGTCCTGAA,0,3472422
tfaE_stfE_predicted,0.16666666666666666,5,5,CGTCAAGTAGTATATTATCT,0,3531629
tfaE_stfE_predicted,0.16666666666666666,5,5,CGTAGTTAACGCCCCTTAAT,0,3517859
tfaE_stfE_predicted,0.16666666666666666,5,5,CGTAGAACGGTGCCGAGAGT,0,3482052
tfaE_stfE_predicted,0.16666666666666666,5,5,CGTAACCTATGAATAGAGGT,0,3532250
tfaE_stfE_predicted,0.16666666666666666,5,5,CGGTTTCTCCCGGTTGAGTG,0,3536056
tfaE_stfE_predicted,0.16666666666666666,5,5,CGGTTCGGGAGGCACTACAT,0,3487347
tfaE_stfE_predicted,0.16666666666666666,5,5,CGGTCTGTGATACCCCCTTG,0,3517389
tfaE_stfE_predicted,0.16666666666666666,5,5,CGGTCGCAACAACTGATGCG,0,3473765
tfaE_stfE_predicted,0.16666666666666666,5,5,CGGTCGATTATAAATTAGCT,0,3509642
tfaE_stfE_predicted,0.16666666666666666,5,5,CGGTCGATCCTGGCACCGCT,0,3499775
tfaE_stfE_predicted,0.16666666666666666,5,5,CGGTCCCTGAACAGATGGGG,0,3520861
tfaE_stfE_predicted,0.16666666666666666,5,5,CGGTCATTATGCAATGAACC,0,3538385
tfaE_stfE_predicted,0.16666666666666666,5,5,CGGTAACGTGGTACTTCATA,0,3529448
tfaE_stfE_predicted,0.16666666666666666,5,5,CGGGTGTGATCAGTTATGGA,0,3519356
tfaE_stfE_predicted,0.16666666666666666,5,5,CGGGTAAAGCCTACGCTGTT,0,3507788
tfaE_stfE_predicted,0.16666666666666666,5,5,CGGGGGTCTCTCCCGAAATT,0,3478702
tfaE_stfE_predicted,0.16666666666666666,5,5,CGGGGGGACTAACCAACAGG,0,3515722
tfaE_stfE_predicted,0.16666666666666666,5,5,CGGGGCGTACAGCCGTGCCT,0,3507414
tfaE_stfE_predicted,0.16666666666666666,5,5,CGGGGAAATGTGGTCTCCAG,0,3484179
tfaE_stfE_predicted,0.16666666666666666,5,5,CGGGCTCACGGTCGATGTTC,0,3530531
tfaE_stfE_predicted,0.16666666666666666,5,5,CGGGCGCCTGGTCTTCCTTG,0,3491812
tfaE_stfE_predicted,0.16666666666666666,5,5,CGGGCACAGGTCGACTGGCA,0,3467088
tfaE_stfE_predicted,0.16666666666666666,5,5,CGGGATTTTTCATAGCTAGC,0,3521453
tfaE_stfE_predicted,0.16666666666666666,5,5,CGGGAAGCGCGGCTTCAAGC,0,3495977
tfaE_stfE_predicted,0.16666666666666666,5,5,CGGCTGTGATTTACCAGGAT,0,3481671
tfaE_stfE_predicted,0.16666666666666666,5,5,CGGCTGAGCGGTTATCTTAA,0,3511571
tfaE_stfE_predicted,0.16666666666666666,5,5,CGGCTCTCGTTTGACCGGCT,0,3496392
tfaE_stfE_predicted,0.16666666666666666,5,5,CGGCGCCAGGCATTGTTCAA,0,3526703
tfaE_stfE_predicted,0.16666666666666666,5,5,CGGCCCTTATACGTCCACAT,0,3481357
tfaE_stfE_predicted,0.16666666666666666,5,5,CGGCCCTAAATCTTCTGCAT,0,3506677
tfaE_stfE_predicted,0.16666666666666666,5,5,CGGCCCGACTGTCGAGTGCA,0,3533738
tfaE_stfE_predicted,0.16666666666666666,5,5,CGGCACTCTCTCACACGATC,0,3520652
tfaE_stfE_predicted,0.16666666666666666,5,5,CGGATTAAGGCACGTACTTC,0,3538975
tfaE_stfE_predicted,0.16666666666666666,5,5,CGGATCGGTCTCATTTGAGG,0,3476080
tfaE_stfE_predicted,0.16666666666666666,5,5,CGGAGTTCCCCTAATGGTAC,0,3466408
tfaE_stfE_predicted,0.16666666666666666,5,5,CGGACTGGTACATCGAGACC,0,3476825
tfaE_stfE_predicted,0.16666666666666666,5,5,CGGACGTTGACGACTATCAG,0,3537548
tfaE_stfE_predicted,0.16666666666666666,5,5,CGGACCGTCCTTCGAGATGG,0,3537232
tfaE_stfE_predicted,0.16666666666666666,5,5,CGGAAGTCAGATTGGGATCT,0,3519940
tfaE_stfE_predicted,0.16666666666666666,5,5,CGCTTGGGCTTATCAATAAG,0,3509645
tfaE_stfE_predicted,0.16666666666666666,5,5,CGCTTCGTCGTTATCGAATA,0,3477284
tfaE_stfE_predicted,0.16666666666666666,5,5,CGCTGTTTGTTGGCAGGGTG,0,3522590
tfaE_stfE_predicted,0.16666666666666666,5,5,CGCTGTTACTGCCTACTTGC,0,3487026
tfaE_stfE_predicted,0.16666666666666666,5,5,CGCTGCAATCCAGGGGGAAA,0,3522678
tfaE_stfE_predicted,0.16666666666666666,5,5,CGCTGAGAGCGTCGGATCTC,0,3503056
tfaE_stfE_predicted,0.16666666666666666,5,5,CGCTCTTCTGACTCTAAGCG,0,3473240
tfaE_stfE_predicted,0.16666666666666666,5,5,CGCTCTGCACCTAAGAGCTT,0,3535127
tfaE_stfE_predicted,0.16666666666666666,5,5,CGCTCCGCACATGTGATATG,0,3532857
tfaE_stfE_predicted,0.16666666666666666,5,5,CGCTACGGCCGTAGATCCTT,0,3485381
tfaE_stfE_predicted,0.16666666666666666,5,5,CGCGTTATTCATAGTTCGTG,0,3476853
tfaE_stfE_predicted,0.16666666666666666,5,5,CGCGCACCAATGGGGTGGAA,0,3504288
tfaE_stfE_predicted,0.16666666666666666,5,5,CGCGAGCTAAAGTAAAGGAA,0,3478830
tfaE_stfE_predicted,0.16666666666666666,5,5,CGCGACGAAACTAGGATTGA,0,3481885
tfaE_stfE_predicted,0.16666666666666666,5,5,CGCCTGTAACAATGTGGGTC,0,3498867
tfaE_stfE_predicted,0.16666666666666666,5,5,CGCCTCCGACGGTATGTTCT,0,3518962
tfaE_stfE_predicted,0.16666666666666666,5,5,CGCCATTCCCGGTTGCTGAC,0,3499906
tfaE_stfE_predicted,0.16666666666666666,5,5,CGCCATACTTTGGTTAGAAA,0,3528363
tfaE_stfE_predicted,0.16666666666666666,5,5,CGCCAGCAAGGCAAAGGCAA,0,3517356
tfaE_stfE_predicted,0.16666666666666666,5,5,CGCATGAATATGACCTGATG,0,3494858
tfaE_stfE_predicted,0.16666666666666666,5,5,CGCATATTCATTATTGCCTA,0,3506202
tfaE_stfE_predicted,0.16666666666666666,5,5,CGCATACACTGATCCGGGGT,0,3489793
tfaE_stfE_predicted,0.16666666666666666,5,5,CGCATAAGCTATGTTAAGAG,0,3485667
tfaE_stfE_predicted,0.16666666666666666,5,5,CGCATAACCAGGAGGCATGT,0,3503536
tfaE_stfE_predicted,0.16666666666666666,5,5,CGCAGAGCATAAGGCGTTCT,0,3485481
tfaE_stfE_predicted,0.16666666666666666,5,5,CGCAGACAAAGCCACGAAAT,0,3528117
tfaE_stfE_predicted,0.16666666666666666,5,5,CGCACTTGCGGTCTATTTAT,0,3534857
tfaE_stfE_predicted,0.16666666666666666,5,5,CGCACCTCCAATACGTGGGT,0,3493067
tfaE_stfE_predicted,0.16666666666666666,5,5,CGCAAGTAGTCTGCTAGGTT,0,3538231
tfaE_stfE_predicted,0.16666666666666666,5,5,CGCAAGCTTGAGCCGGTAGG,0,3503750
tfaE_stfE_predicted,0.16666666666666666,5,5,CGATGTTGCTGCAGTTAAGC,0,3467979
tfaE_stfE_predicted,0.16666666666666666,5,5,CGATGTCGAGTCACCGAACG,0,3490959
tfaE_stfE_predicted,0.16666666666666666,5,5,CGATGAAAATCGAATACGGT,0,3536879
tfaE_stfE_predicted,0.16666666666666666,5,5,CGATATCCATGCCCTTTTTA,0,3509771
tfaE_stfE_predicted,0.16666666666666666,5,5,CGATAGCAGCGGCAACCTCT,0,3513078
tfaE_stfE_predicted,0.16666666666666666,5,5,CGATACTCGGGCAGCCGGAA,0,3515621
tfaE_stfE_predicted,0.16666666666666666,5,5,CGATACCTTTGGAGAGGGCT,0,3482436
tfaE_stfE_predicted,0.16666666666666666,5,5,CGATACACCTGGGGACCATT,0,3494550
tfaE_stfE_predicted,0.16666666666666666,5,5,CGAGTAAGTGCCGGGCAATC,0,3467670
tfaE_stfE_predicted,0.16666666666666666,5,5,CGAGGCGCGCAGTCACGGAA,0,3486652
tfaE_stfE_predicted,0.16666666666666666,5,5,CGAGGACTAGCCCCAGGCAG,0,3486522
tfaE_stfE_predicted,0.16666666666666666,5,5,CGAGCTCTCCTGGTAGACAA,0,3520294
tfaE_stfE_predicted,0.16666666666666666,5,5,CGAGATTATATTAACGATGC,0,3501561
tfaE_stfE_predicted,0.16666666666666666,5,5,CGAGAGGCTAGTTGCAACGT,0,3517568
tfaE_stfE_predicted,0.16666666666666666,5,5,CGAGACCGGTTTTTGTACCG,0,3504686
tfaE_stfE_predicted,0.16666666666666666,5,5,CGAGACCCAAGAACGAATGA,0,3497045
tfaE_stfE_predicted,0.16666666666666666,5,5,CGACCTATCACCCCGGAGCG,0,3505572
tfaE_stfE_predicted,0.16666666666666666,5,5,CGACCCTTCTCAGATGGCTT,0,3531084
tfaE_stfE_predicted,0.16666666666666666,5,5,CGACCAAAGGGCGGGCGCAT,0,3475532
tfaE_stfE_predicted,0.16666666666666666,5,5,CGACAGTCGAATGCACAAGT,0,3500774
tfaE_stfE_predicted,0.16666666666666666,5,5,CGACAGCCCACTCCTACTTA,0,3519156
tfaE_stfE_predicted,0.16666666666666666,5,5,CGAATTAGGATCAACCACTT,0,3539678
tfaE_stfE_predicted,0.16666666666666666,5,5,CGAATATGGAGGGCGATCCA,0,3531870
tfaE_stfE_predicted,0.16666666666666666,5,5,CGAATATCAGAGCAGCAGTG,0,3531418
tfaE_stfE_predicted,0.16666666666666666,5,5,CGAAGTGAGCTCTGTACTAA,0,3469965
tfaE_stfE_predicted,0.16666666666666666,5,5,CGAAGGTGCATTGTGTGAAT,0,3507154
tfaE_stfE_predicted,0.16666666666666666,5,5,CGAAGATTAGATTAATTATG,0,3474681
tfaE_stfE_predicted,0.16666666666666666,5,5,CCTTGTTATTGGTCGTACTT,0,3522102
tfaE_stfE_predicted,0.16666666666666666,5,5,CCTTGTGCTTGAAAGAGTTA,0,3512468
tfaE_stfE_predicted,0.16666666666666666,5,5,CCTTCTTTCGACCGGAATGT,0,3512817
tfaE_stfE_predicted,0.16666666666666666,5,5,CCTTCCCCCAGGGCAGCAGG,0,3533041
tfaE_stfE_predicted,0.16666666666666666,5,5,CCTGGGTAACATGCGGGATG,0,3468343
tfaE_stfE_predicted,0.16666666666666666,5,5,CCTGGGCATCGACACTAGAC,0,3492281
tfaE_stfE_predicted,0.16666666666666666,5,5,CCTGGAGGTTATGCTCGCGT,0,3467292
tfaE_stfE_predicted,0.16666666666666666,5,5,CCTGCAAATATATGCGCGGC,0,3483620
tfaE_stfE_predicted,0.16666666666666666,5,5,CCTGAGCTTTTCTCTCTGTA,0,3509210
tfaE_stfE_predicted,0.16666666666666666,5,5,CCTGAGACACAAGCGGAATC,0,3484923
tfaE_stfE_predicted,0.16666666666666666,5,5,CCTGAAGCAATCAGCGCCAG,0,3484069
tfaE_stfE_predicted,0.16666666666666666,5,5,CCTCCTAAAAGACACGGCCG,0,3477163
tfaE_stfE_predicted,0.16666666666666666,5,5,CCTCCCTCCACCGCGGTTCT,0,3506681
tfaE_stfE_predicted,0.16666666666666666,5,5,CCTCAGCTTGCTGGCGTGTA,0,3509966
tfaE_stfE_predicted,0.16666666666666666,5,5,CCTCAGATCTCCGGGTGGGC,0,3501355
tfaE_stfE_predicted,0.16666666666666666,5,5,CCTCAAGCTAGATTGAGTGC,0,3482464
tfaE_stfE_predicted,0.16666666666666666,5,5,CCTATTGATCTTGTAGAATA,0,3471214
tfaE_stfE_predicted,0.16666666666666666,5,5,CCTATGGTATTGTCTATGCT,0,3482583
tfaE_stfE_predicted,0.16666666666666666,5,5,CCTATCGGAGCCTTATCAAA,0,3473351
tfaE_stfE_predicted,0.16666666666666666,5,5,CCTATAGTGACTGTCGTATT,0,3492435
tfaE_stfE_predicted,0.16666666666666666,5,5,CCTAGCCGTATTAAATTCTT,0,3481328
tfaE_stfE_predicted,0.16666666666666666,5,5,CCTAGACATTATATTCAGGC,0,3533020
tfaE_stfE_predicted,0.16666666666666666,5,5,CCTAAATAGGTAATATTCCC,0,3513193
tfaE_stfE_predicted,0.16666666666666666,5,5,CCTAAAGATTTAACCCGGGT,0,3504497
tfaE_stfE_predicted,0.16666666666666666,5,5,CCGTCCTGGACCGTCATACC,0,3497587
tfaE_stfE_predicted,0.16666666666666666,5,5,CCGTCAAACGTATAGACCCT,0,3496010
tfaE_stfE_predicted,0.16666666666666666,5,5,CCGTATTTTGTATTTTAACC,0,3504552
tfaE_stfE_predicted,0.16666666666666666,5,5,CCGTATGTCTTTAGCTTATT,0,3511746
tfaE_stfE_predicted,0.16666666666666666,5,5,CCGTAAAGATAATCCGGCGA,0,3481284
tfaE_stfE_predicted,0.16666666666666666,5,5,CCGGGTTATGCTATCTGCAC,0,3474462
tfaE_stfE_predicted,0.16666666666666666,5,5,CCGGGAGTAGCAATTATTTG,0,3470844
tfaE_stfE_predicted,0.16666666666666666,5,5,CCGGCTGGCAGGCTGAAAAA,0,3470187
tfaE_stfE_predicted,0.16666666666666666,5,5,CCGGCATCCGAAGCCGGAAT,0,3469094
tfaE_stfE_predicted,0.16666666666666666,5,5,CCGCTCTTGGTTCCTTAAGG,0,3508182
tfaE_stfE_predicted,0.16666666666666666,5,5,CCGCTCCGGTGTTGGCGAAG,0,3473055
tfaE_stfE_predicted,0.16666666666666666,5,5,CCGCTAGCAAGAGGTATGTA,0,3522155
tfaE_stfE_predicted,0.16666666666666666,5,5,CCGCTACATCCGAAAAAACA,0,3536509
tfaE_stfE_predicted,0.16666666666666666,5,5,CCGCGGGAAGACTCTTACCT,0,3477811
tfaE_stfE_predicted,0.16666666666666666,5,5,CCGCGCATACAAGTGATTTA,0,3502000
tfaE_stfE_predicted,0.16666666666666666,5,5,CCGCCTCTGAGTGTAATGCG,0,3483027
tfaE_stfE_predicted,0.16666666666666666,5,5,CCGCCAGCCGGGTTTCAGTC,0,3504792
tfaE_stfE_predicted,0.16666666666666666,5,5,CCGATGGGCGAAGAGTGGTG,0,3526715
tfaE_stfE_predicted,0.16666666666666666,5,5,CCGATAGCTATAGAAACGTA,0,3515319
tfaE_stfE_predicted,0.16666666666666666,5,5,CCGAGATGTGGGCACGTTGT,0,3490579
tfaE_stfE_predicted,0.16666666666666666,5,5,CCCTTGTCACTTGGGGCTTG,0,3482729
tfaE_stfE_predicted,0.16666666666666666,5,5,CCCTTCATTGTTTGCCGGCT,0,3519917
tfaE_stfE_predicted,0.16666666666666666,5,5,CCCTTCATGACCCCCTCCTT,0,3485690
tfaE_stfE_predicted,0.16666666666666666,5,5,CCCTTCACGGCCCGGTATTT,0,3490436
tfaE_stfE_predicted,0.16666666666666666,5,5,CCCTGTACCGTTCATAATAT,0,3521292
tfaE_stfE_predicted,0.16666666666666666,5,5,CCCTGGACAGAGCGGACCAA,0,3498490
tfaE_stfE_predicted,0.16666666666666666,5,5,CCCTCTGTGATATCTCTCGA,0,3531752
tfaE_stfE_predicted,0.16666666666666666,5,5,CCCTCCGGGGATCATATTTT,0,3531557
tfaE_stfE_predicted,0.16666666666666666,5,5,CCCTATCTGAATGCAATCTG,0,3503968
tfaE_stfE_predicted,0.16666666666666666,5,5,CCCGTTTAACCCGATGGCAA,0,3489567
tfaE_stfE_predicted,0.16666666666666666,5,5,CCCGTTCAATAGCTCCCTGT,0,3470312
tfaE_stfE_predicted,0.16666666666666666,5,5,CCCGTGTGTCAGACTGAAAA,0,3525016
tfaE_stfE_predicted,0.16666666666666666,5,5,CCCGTGCGGTAAAGTGGACC,0,3515515
tfaE_stfE_predicted,0.16666666666666666,5,5,CCCGTGAAACACGCGCCAGA,0,3474966
tfaE_stfE_predicted,0.16666666666666666,5,5,CCCGGGGATCGCGGTGGAAA,0,3502761
tfaE_stfE_predicted,0.16666666666666666,5,5,CCCGGCCATAAGAAGTCTAG,0,3534513
tfaE_stfE_predicted,0.16666666666666666,5,5,CCCGGCACGGAGGCTCCTCA,0,3539720
tfaE_stfE_predicted,0.16666666666666666,5,5,CCCGGCAAGAACAAACGGAT,0,3509029
tfaE_stfE_predicted,0.16666666666666666,5,5,CCCGAATTCAAAAATTCTCA,0,3492395
tfaE_stfE_predicted,0.16666666666666666,5,5,CCCCTCCAATTATGCATCTT,0,3518310
tfaE_stfE_predicted,0.16666666666666666,5,5,CCCCCTGGCCTAGGTTACTT,0,3534624
tfaE_stfE_predicted,0.16666666666666666,5,5,CCCATACAGCCGGCTAAACG,0,3475595
tfaE_stfE_predicted,0.16666666666666666,5,5,CCCAGGCATCATCAATTCAC,0,3501483
tfaE_stfE_predicted,0.16666666666666666,5,5,CCCAGCATTTACGTTGGTCA,0,3516566
tfaE_stfE_predicted,0.16666666666666666,5,5,CCCAGAGAGATCGAAGAGAG,0,3531621
tfaE_stfE_predicted,0.16666666666666666,5,5,CCATGTGCCGATATTCGTAA,0,3499133
tfaE_stfE_predicted,0.16666666666666666,5,5,CCATGCCAGTTCGTCTAATC,0,3529571
tfaE_stfE_predicted,0.16666666666666666,5,5,CCATATTAAATGCTTGAACA,0,3489169
tfaE_stfE_predicted,0.16666666666666666,5,5,CCATACGGATTGAAGTGGGG,0,3476567
tfaE_stfE_predicted,0.16666666666666666,5,5,CCATACACTTGTAGCTCGCA,0,3524135
tfaE_stfE_predicted,0.16666666666666666,5,5,CCAGGTGGCTAGAGTTTTTA,0,3483425
tfaE_stfE_predicted,0.16666666666666666,5,5,CCAGGGAATTCCCGGCTCGT,0,3477601
tfaE_stfE_predicted,0.16666666666666666,5,5,CCAGGCTTAGGGCCGGTTAA,0,3508054
tfaE_stfE_predicted,0.16666666666666666,5,5,CCAGGCACGTGTCTCAACAG,0,3517663
tfaE_stfE_predicted,0.16666666666666666,5,5,CCAGGAAGATGGTATACAGG,0,3528389
tfaE_stfE_predicted,0.16666666666666666,5,5,CCAGCGGTACGAACCGCTAG,0,3488202
tfaE_stfE_predicted,0.16666666666666666,5,5,CCAGATTTGGACCCCCATAC,0,3526252
tfaE_stfE_predicted,0.16666666666666666,5,5,CCAGAGTCTGGCACGTTCAT,0,3491775
tfaE_stfE_predicted,0.16666666666666666,5,5,CCACTGGGTAGGAACGCAGC,0,3471388
tfaE_stfE_predicted,0.16666666666666666,5,5,CCACGCCCCGCTAAATAAAG,0,3496964
tfaE_stfE_predicted,0.16666666666666666,5,5,CCACGAGCTATGAAGCCGGG,0,3535325
tfaE_stfE_predicted,0.16666666666666666,5,5,CCACCTTGCCCTGCTTGCTC,0,3507187
tfaE_stfE_predicted,0.16666666666666666,5,5,CCACCCCGCATAGGCCTTGG,0,3533954
tfaE_stfE_predicted,0.16666666666666666,5,5,CCACCCCCCGCATAATGCGA,0,3504880
tfaE_stfE_predicted,0.16666666666666666,5,5,CCAATGCATGAGTTCAGTTG,0,3484722
tfaE_stfE_predicted,0.16666666666666666,5,5,CCAATAATCCCCGGCCGAAC,0,3473892
tfaE_stfE_predicted,0.16666666666666666,5,5,CCAACAGGCTCGGGTTGGAC,0,3538394
tfaE_stfE_predicted,0.16666666666666666,5,5,CCAACAAGGTGGCGTTCTGT,0,3536470
tfaE_stfE_predicted,0.16666666666666666,5,5,CCAAATTAGTGATATTGGAG,0,3476534
tfaE_stfE_predicted,0.16666666666666666,5,5,CCAAATTACGTCCTTTTGGT,0,3504354
tfaE_stfE_predicted,0.16666666666666666,5,5,CATTTTTGATGTAGAAGCGA,0,3539366
tfaE_stfE_predicted,0.16666666666666666,5,5,CATTTTTACGTTCATAATGA,0,3522968
tfaE_stfE_predicted,0.16666666666666666,5,5,CATTTCGGGCCTATCGTACA,0,3517776
tfaE_stfE_predicted,0.16666666666666666,5,5,CATTACAGGGGGGTACAAGT,0,3526139
tfaE_stfE_predicted,0.16666666666666666,5,5,CATGGGACCTATCGCTGCCC,0,3531679
tfaE_stfE_predicted,0.16666666666666666,5,5,CATGGCGTCTATAGTATGTT,0,3530685
tfaE_stfE_predicted,0.16666666666666666,5,5,CATGGCACCTAGCTAACTAG,0,3501593
tfaE_stfE_predicted,0.16666666666666666,5,5,CATGAACACTAAGATTCGCA,0,3482741
tfaE_stfE_predicted,0.16666666666666666,5,5,CATCTGCCGGCAAGGTTTCA,0,3504630
tfaE_stfE_predicted,0.16666666666666666,5,5,CATCGTGTTTAGCGTAGAAT,0,3504945
tfaE_stfE_predicted,0.16666666666666666,5,5,CATCGTGAGCTGGGGGGCGT,0,3487446
tfaE_stfE_predicted,0.16666666666666666,5,5,CATCGTATGCCGGTCAGTAC,0,3485806
tfaE_stfE_predicted,0.16666666666666666,5,5,CATCGGTGCGCAGGAGAAAC,0,3467247
tfaE_stfE_predicted,0.16666666666666666,5,5,CATCACAAATAAGTGGGCGA,0,3512267
tfaE_stfE_predicted,0.16666666666666666,5,5,CATATAAAATTACTTTTTTG,0,3539032
tfaE_stfE_predicted,0.16666666666666666,5,5,CATAGGTCTATTTAGCAGCG,0,3525324
tfaE_stfE_predicted,0.16666666666666666,5,5,CATAGGCCGTGTTAACTCGG,0,3478200
tfaE_stfE_predicted,0.16666666666666666,5,5,CATACCCCAAGTTTGCGTAG,0,3524436
tfaE_stfE_predicted,0.16666666666666666,5,5,CATACAGCATAGCGGCACAA,0,3494368
tfaE_stfE_predicted,0.16666666666666666,5,5,CATAAGGGTTCAGTGTATGG,0,3538389
tfaE_stfE_predicted,0.16666666666666666,5,5,CAGTTGCGTCCCAGACCTAT,0,3530783
tfaE_stfE_predicted,0.16666666666666666,5,5,CAGTTCACCCGTGCCTTCTA,0,3512825
tfaE_stfE_predicted,0.16666666666666666,5,5,CAGTTATAGGCCCGTCGCAG,0,3510416
tfaE_stfE_predicted,0.16666666666666666,5,5,CAGTGGCACCAAAACAAGCC,0,3523514
tfaE_stfE_predicted,0.16666666666666666,5,5,CAGTGCCGCTCCTCGCAGCT,0,3491665
tfaE_stfE_predicted,0.16666666666666666,5,5,CAGTAATTCGGGCAAGCAGT,0,3498748
tfaE_stfE_predicted,0.16666666666666666,5,5,CAGTAATGCATAACATAGAG,0,3514056
tfaE_stfE_predicted,0.16666666666666666,5,5,CAGGTTCCTGGAGAGGCGCC,0,3531228
tfaE_stfE_predicted,0.16666666666666666,5,5,CAGGTATTATCTTCGTCACG,0,3517065
tfaE_stfE_predicted,0.16666666666666666,5,5,CAGGGTAGCCGGTTTAAAGA,0,3520944
tfaE_stfE_predicted,0.16666666666666666,5,5,CAGGGCCATAATTACCGAGA,0,3494196
tfaE_stfE_predicted,0.16666666666666666,5,5,CAGGGCAGTTGAATGGGGGT,0,3496372
tfaE_stfE_predicted,0.16666666666666666,5,5,CAGGGAGAACTACTTAGTGG,0,3503926
tfaE_stfE_predicted,0.16666666666666666,5,5,CAGGAGATTGTCGGGTGTAG,0,3532866
tfaE_stfE_predicted,0.16666666666666666,5,5,CAGGACCATCACGGGCCTAA,0,3525141
tfaE_stfE_predicted,0.16666666666666666,5,5,CAGGAATTCTATTATGGCGA,0,3493999
tfaE_stfE_predicted,0.16666666666666666,5,5,CAGGAAGAAATAACTTCTGA,0,3498715
tfaE_stfE_predicted,0.16666666666666666,5,5,CAGCGTAGAGAAACAGGCAA,0,3519554
tfaE_stfE_predicted,0.16666666666666666,5,5,CAGCCTTTCGACGGCTTACA,0,3532112
tfaE_stfE_predicted,0.16666666666666666,5,5,CAGCCCGGAGAGAGGCGATT,0,3487279
tfaE_stfE_predicted,0.16666666666666666,5,5,CAGCCCAAACCCCCTTAAAG,0,3529085
tfaE_stfE_predicted,0.16666666666666666,5,5,CAGCATCAGTAGTAATGGGT,0,3475581
tfaE_stfE_predicted,0.16666666666666666,5,5,CAGATTGTAACTTAGCACTC,0,3481658
tfaE_stfE_predicted,0.16666666666666666,5,5,CAGATTAATAGAAACTGAGC,0,3481572
tfaE_stfE_predicted,0.16666666666666666,5,5,CAGAGGCGACGAAAAGTTTT,0,3540899
tfaE_stfE_predicted,0.16666666666666666,5,5,CAGACGGCCACCGCAGTACA,0,3469690
tfaE_stfE_predicted,0.16666666666666666,5,5,CAGACACGTTCTGTAGTGCA,0,3537108
tfaE_stfE_predicted,0.16666666666666666,5,5,CAGACACCTACCTAAGGATC,0,3526785
tfaE_stfE_predicted,0.16666666666666666,5,5,CACTTGGATTGTATTCAACA,0,3483331
tfaE_stfE_predicted,0.16666666666666666,5,5,CACTTGCTTCAGTCTACCAG,0,3539909
tfaE_stfE_predicted,0.16666666666666666,5,5,CACTGTGGTCTAACATTTCA,0,3527673
tfaE_stfE_predicted,0.16666666666666666,5,5,CACTCTTCTATACATAGCCT,0,3468559
tfaE_stfE_predicted,0.16666666666666666,5,5,CACTCCGCGCGGTTTGCAAT,0,3528084
tfaE_stfE_predicted,0.16666666666666666,5,5,CACTCATCTATTAGTGTGCC,0,3507603
tfaE_stfE_predicted,0.16666666666666666,5,5,CACTATACGGCTATCAAAAC,0,3479162
tfaE_stfE_predicted,0.16666666666666666,5,5,CACTAGGCACATGTAGAATG,0,3476449
tfaE_stfE_predicted,0.16666666666666666,5,5,CACTAAGGGTGTTTCTCCAT,0,3523940
tfaE_stfE_predicted,0.16666666666666666,5,5,CACGTTGGGACTGTATGGAC,0,3500496
tfaE_stfE_predicted,0.16666666666666666,5,5,CACGTTATCCTACAACATAG,0,3482439
tfaE_stfE_predicted,0.16666666666666666,5,5,CACGTGAATTAGGCGTCTAA,0,3530088
tfaE_stfE_predicted,0.16666666666666666,5,5,CACGTCTATAGGTCTAGGAT,0,3527291
tfaE_stfE_predicted,0.16666666666666666,5,5,CACGTCAAGTAGCCTTGGCT,0,3473528
tfaE_stfE_predicted,0.16666666666666666,5,5,CACGTAAGTACGGGACATAG,0,3516399
tfaE_stfE_predicted,0.16666666666666666,5,5,CACGGCTTAACCTCTTTCGT,0,3469364
tfaE_stfE_predicted,0.16666666666666666,5,5,CACGGCGTCTTCCTGCTTCT,0,3466785
tfaE_stfE_predicted,0.16666666666666666,5,5,CACGCCAGTATACCTGTACT,0,3513095
tfaE_stfE_predicted,0.16666666666666666,5,5,CACGCACGTTGTGATAAGGA,0,3522425
tfaE_stfE_predicted,0.16666666666666666,5,5,CACGATAGGGACATATCCCC,0,3470627
tfaE_stfE_predicted,0.16666666666666666,5,5,CACCGAAATGTGCCTGAATT,0,3527964
tfaE_stfE_predicted,0.16666666666666666,5,5,CACCCTGAAGTAACTACGAA,0,3466809
tfaE_stfE_predicted,0.16666666666666666,5,5,CACCCGTACGCGGTCACGGG,0,3504509
tfaE_stfE_predicted,0.16666666666666666,5,5,CACCCGATCTACAGGTCTCA,0,3486009
tfaE_stfE_predicted,0.16666666666666666,5,5,CACCATTTCATCTATACCCA,0,3517379
tfaE_stfE_predicted,0.16666666666666666,5,5,CACATGACATTGAGGTCATA,0,3508264
tfaE_stfE_predicted,0.16666666666666666,5,5,CACATCTGAACCTATGCGGC,0,3533643
tfaE_stfE_predicted,0.16666666666666666,5,5,CACACTATACCGGCATATTA,0,3507046
tfaE_stfE_predicted,0.16666666666666666,5,5,CACACCCGGGCTGTGTGACC,0,3521730
tfaE_stfE_predicted,0.16666666666666666,5,5,CACACCCACGTGCCGCTCGA,0,3491329
tfaE_stfE_predicted,0.16666666666666666,5,5,CACAAAGGTCAGTGCACGGT,0,3528023
tfaE_stfE_predicted,0.16666666666666666,5,5,CAATTTTTAACTCGCACTAA,0,3480060
tfaE_stfE_predicted,0.16666666666666666,5,5,CAATTAGCCGTAAGTGGCGT,0,3480684
tfaE_stfE_predicted,0.16666666666666666,5,5,CAATGTAAGTAGCCCCGTAC,0,3530322
tfaE_stfE_predicted,0.16666666666666666,5,5,CAATCTATCGGCATCTTCCG,0,3505737
tfaE_stfE_predicted,0.16666666666666666,5,5,CAATCAGAAAGCTCTGTCCG,0,3481938
tfaE_stfE_predicted,0.16666666666666666,5,5,CAATATAGACCACCTAACGA,0,3469091
tfaE_stfE_predicted,0.16666666666666666,5,5,CAATAAAGAGGGTTAGCCCC,0,3529525
tfaE_stfE_predicted,0.16666666666666666,5,5,CAAGTTCGAAACATGTTAAT,0,3505899
tfaE_stfE_predicted,0.16666666666666666,5,5,CAAGTGAAGGTTCGTCCGAC,0,3489265
tfaE_stfE_predicted,0.16666666666666666,5,5,CAAGTAAATGTGGTGGGATT,0,3489784
tfaE_stfE_predicted,0.16666666666666666,5,5,CAAGGCAACTTATAAGCTCT,0,3524014
tfaE_stfE_predicted,0.16666666666666666,5,5,CAAGCCGACGCACGACGCAA,0,3488123
tfaE_stfE_predicted,0.16666666666666666,5,5,CAAGCATTCGGAGAAAGCGA,0,3515123
tfaE_stfE_predicted,0.16666666666666666,5,5,CAAGAGGCTCGCGGGTAATT,0,3485137
tfaE_stfE_predicted,0.16666666666666666,5,5,CAAGAACCAAACGTCAACGT,0,3538788
tfaE_stfE_predicted,0.16666666666666666,5,5,CAACTGCTTGGGGAGTTCCC,0,3519662
tfaE_stfE_predicted,0.16666666666666666,5,5,CAACGGTTCATTGCATGGGA,0,3515945
tfaE_stfE_predicted,0.16666666666666666,5,5,CAACCATGCTGGCCCATGAA,0,3496321
tfaE_stfE_predicted,0.16666666666666666,5,5,CAACAGTTCCGGTTCGCACA,0,3516823
tfaE_stfE_predicted,0.16666666666666666,5,5,CAACACTCAGTTTGCGTGTA,0,3526055
tfaE_stfE_predicted,0.16666666666666666,5,5,CAACAAGCTATCCTCGCGAG,0,3488811
tfaE_stfE_predicted,0.16666666666666666,5,5,CAACAACCCAGGGGGCTTTC,0,3490935
tfaE_stfE_predicted,0.16666666666666666,5,5,CAAATGTTGATTTCCGAACG,0,3540552
tfaE_stfE_predicted,0.16666666666666666,5,5,CAAATGCTTCGACTATTCAG,0,3483981
tfaE_stfE_predicted,0.16666666666666666,5,5,CAAATCGCTACGAGCCACGA,0,3520661
tfaE_stfE_predicted,0.16666666666666666,5,5,CAAATCAAATCTCTAGTTGG,0,3471900
tfaE_stfE_predicted,0.16666666666666666,5,5,CAAATATAAATCTTCTCCAG,0,3524294
tfaE_stfE_predicted,0.16666666666666666,5,5,CAAATAGTCCTACAAAGCTT,0,3511930
tfaE_stfE_predicted,0.16666666666666666,5,5,CAAAGTTCTTTTAGTTTAGA,0,3479902
tfaE_stfE_predicted,0.16666666666666666,5,5,CAAAGGTGTGTTAGCTGTTA,0,3481741
tfaE_stfE_predicted,0.16666666666666666,5,5,CAAAGGTACCAGCTAAAAAT,0,3490363
tfaE_stfE_predicted,0.16666666666666666,5,5,CAAAGGATTACTTGACAATT,0,3477558
tfaE_stfE_predicted,0.16666666666666666,5,5,CAAAGATTTCATTACGGACA,0,3467673
tfaE_stfE_predicted,0.16666666666666666,5,5,CAAAAGTTTCATGGGTGTAA,0,3524082
tfaE_stfE_predicted,0.16666666666666666,5,5,CAAAAGGTGGGTAGGCTAGA,0,3531585
tfaE_stfE_predicted,0.16666666666666666,5,5,ATTTTCGATTGGTTAAAACA,0,3466515
tfaE_stfE_predicted,0.16666666666666666,5,5,ATTTTAATAAAAAGGAGGAA,0,3530513
tfaE_stfE_predicted,0.16666666666666666,5,5,ATTTAGTAAGTGGGGAGGAT,0,3506167
tfaE_stfE_predicted,0.16666666666666666,5,5,ATTTACGGGATCGTACGTCG,0,3527538
tfaE_stfE_predicted,0.16666666666666666,5,5,ATTTAAGAGTTCTAGCGGAA,0,3497942
tfaE_stfE_predicted,0.16666666666666666,5,5,ATTGTGCGGACACGCGACCT,0,3529747
tfaE_stfE_predicted,0.16666666666666666,5,5,ATTGTAGACTTAAATGAAGC,0,3485276
tfaE_stfE_predicted,0.16666666666666666,5,5,ATTGGATTTGGCGAATTGTG,0,3489932
tfaE_stfE_predicted,0.16666666666666666,5,5,ATTGCCATTAGCCCGATTGT,0,3497395
tfaE_stfE_predicted,0.16666666666666666,5,5,ATTGCCAAGAATAGCCGGCC,0,3530168
tfaE_stfE_predicted,0.16666666666666666,5,5,ATTGATCGCGCTAAACCGCA,0,3500493
tfaE_stfE_predicted,0.16666666666666666,5,5,ATTGAGGGAATTGGGCAGAG,0,3524738
tfaE_stfE_predicted,0.16666666666666666,5,5,ATTCCTGGGAGGTTTGAGGA,0,3494944
tfaE_stfE_predicted,0.16666666666666666,5,5,ATTCCCTTGACAAGAGACGC,0,3483187
tfaE_stfE_predicted,0.16666666666666666,5,5,ATTCCCCGGCAGCATCTTCA,0,3523166
tfaE_stfE_predicted,0.16666666666666666,5,5,ATTCATATTGGTTTATTCTA,0,3490683
tfaE_stfE_predicted,0.16666666666666666,5,5,ATTCATATTCGGTTATCTAC,0,3538183
tfaE_stfE_predicted,0.16666666666666666,5,5,ATTCAGATTGCCGTATAAGT,0,3483354
tfaE_stfE_predicted,0.16666666666666666,5,5,ATTCAACGACAGGGCCATTC,0,3488807
tfaE_stfE_predicted,0.16666666666666666,5,5,ATTCAAAGGCTATCCTAGCT,0,3500912
tfaE_stfE_predicted,0.16666666666666666,5,5,ATTATCCATCACGTTCTCTT,0,3481481
tfaE_stfE_predicted,0.16666666666666666,5,5,ATTAGTGGACCTGAGCCCCG,0,3525009
tfaE_stfE_predicted,0.16666666666666666,5,5,ATTAGGGTAGCGGCTGGACG,0,3482269
tfaE_stfE_predicted,0.16666666666666666,5,5,ATTAGGCAAAGATACTGTGT,0,3473079
tfaE_stfE_predicted,0.16666666666666666,5,5,ATTAGCTTTATTATCCTTCC,0,3536465
tfaE_stfE_predicted,0.16666666666666666,5,5,ATTAGAGTGACCCGGATTTA,0,3536167
tfaE_stfE_predicted,0.16666666666666666,5,5,ATTACGGAGCCAGGTAACCT,0,3470327
tfaE_stfE_predicted,0.16666666666666666,5,5,ATTACCATCTATTCTCCCAT,0,3513295
tfaE_stfE_predicted,0.16666666666666666,5,5,ATTAAGCCTTGCGAAACCAA,0,3486096
tfaE_stfE_predicted,0.16666666666666666,5,5,ATGTTCGTTATTTTATTTCT,0,3515775
tfaE_stfE_predicted,0.16666666666666666,5,5,ATGTTCCTCGTGCGCGTAAT,0,3508675
tfaE_stfE_predicted,0.16666666666666666,5,5,ATGTTAAAGCTACATTGAGT,0,3526821
tfaE_stfE_predicted,0.16666666666666666,5,5,ATGTGTGGTACCTTGTATAG,0,3501041
tfaE_stfE_predicted,0.16666666666666666,5,5,ATGTGGTCCTATACGTTACG,0,3478006
tfaE_stfE_predicted,0.16666666666666666,5,5,ATGTCTGCTCAACCTGAGCC,0,3493216
tfaE_stfE_predicted,0.16666666666666666,5,5,ATGTCACATTTTAACATATA,0,3498795
tfaE_stfE_predicted,0.16666666666666666,5,5,ATGTAATTGGATGCCTTGAC,0,3504546
tfaE_stfE_predicted,0.16666666666666666,5,5,ATGGTACGTCGGCTACTCTG,0,3482927
tfaE_stfE_predicted,0.16666666666666666,5,5,ATGGGTGTGTTATGCTGCTA,0,3538898
tfaE_stfE_predicted,0.16666666666666666,5,5,ATGGGCGCTCAGTCTGCTTT,0,3483118
tfaE_stfE_predicted,0.16666666666666666,5,5,ATGGCGGTACAAGCGAGGCT,0,3483673
tfaE_stfE_predicted,0.16666666666666666,5,5,ATGGCGCTCGGACCGCTCGC,0,3475999
tfaE_stfE_predicted,0.16666666666666666,5,5,ATGGAGCTCCAACGAGAAAA,0,3483985
tfaE_stfE_predicted,0.16666666666666666,5,5,ATGGAAGATGCACAAGGGAT,0,3496813
tfaE_stfE_predicted,0.16666666666666666,5,5,ATGCTGGTATTCGATCGTGT,0,3482514
tfaE_stfE_predicted,0.16666666666666666,5,5,ATGCTCCCCAGAGCCCATTT,0,3515726
tfaE_stfE_predicted,0.16666666666666666,5,5,ATGCGTTCAAAGCATAAGCG,0,3485850
tfaE_stfE_predicted,0.16666666666666666,5,5,ATGCACAGTCATAGGCCCCA,0,3494234
tfaE_stfE_predicted,0.16666666666666666,5,5,ATGATGCCCCAGCGTCGAGA,0,3496357
tfaE_stfE_predicted,0.16666666666666666,5,5,ATGAGTATGGCAAGCGCTTC,0,3515659
tfaE_stfE_predicted,0.16666666666666666,5,5,ATGAGGTTTTGGGTCGCCCA,0,3530139
tfaE_stfE_predicted,0.16666666666666666,5,5,ATGAGACTTGGAGCGGATAC,0,3489333
tfaE_stfE_predicted,0.16666666666666666,5,5,ATGAGACCTGCAGTGGTGCT,0,3538911
tfaE_stfE_predicted,0.16666666666666666,5,5,ATGACTTTCGTGGTTGAGGC,0,3505504
tfaE_stfE_predicted,0.16666666666666666,5,5,ATGAAGGCTGCAGACTGCTG,0,3509884
tfaE_stfE_predicted,0.16666666666666666,5,5,ATGAAGGACACGAGGCGCTT,0,3517983
tfaE_stfE_predicted,0.16666666666666666,5,5,ATGAACCGCTTAGACATATC,0,3528900
tfaE_stfE_predicted,0.16666666666666666,5,5,ATGAAACGAGAATGCCCATA,0,3503537
tfaE_stfE_predicted,0.16666666666666666,5,5,ATGAAACAATCCGTGAGGTT,0,3514971
tfaE_stfE_predicted,0.16666666666666666,5,5,ATCTTCGCAGGCGTCCTTAG,0,3487004
tfaE_stfE_predicted,0.16666666666666666,5,5,ATCTTCAAGCGCCTAGGACG,0,3477120
tfaE_stfE_predicted,0.16666666666666666,5,5,ATCTTACCTATGATGACTCG,0,3505363
tfaE_stfE_predicted,0.16666666666666666,5,5,ATCTGACGCTTGGTGCGGAG,0,3485041
tfaE_stfE_predicted,0.16666666666666666,5,5,ATCTATACTTAGTTCAGCAG,0,3494151
tfaE_stfE_predicted,0.16666666666666666,5,5,ATCGGTACATTCTTACATTA,0,3508460
tfaE_stfE_predicted,0.16666666666666666,5,5,ATCGCTTAACATGATCTCGT,0,3537915
tfaE_stfE_predicted,0.16666666666666666,5,5,ATCGCTAAGATCTAACTTTA,0,3508286
tfaE_stfE_predicted,0.16666666666666666,5,5,ATCGCCCGACCTGCTCGTTT,0,3519646
tfaE_stfE_predicted,0.16666666666666666,5,5,ATCGCACATACATGGTGTAG,0,3503370
tfaE_stfE_predicted,0.16666666666666666,5,5,ATCGAGATGATACTCCTAGT,0,3480865
tfaE_stfE_predicted,0.16666666666666666,5,5,ATCGACGTCCCCTTGCTGCT,0,3503939
tfaE_stfE_predicted,0.16666666666666666,5,5,ATCGAAGGCTGCCTTGTGAG,0,3532075
tfaE_stfE_predicted,0.16666666666666666,5,5,ATCCGTTTAGACCTGGATGA,0,3531502
tfaE_stfE_predicted,0.16666666666666666,5,5,ATCCCATAACATATAGGAAA,0,3467687
tfaE_stfE_predicted,0.16666666666666666,5,5,ATCCCACCCGGGGCTGGACA,0,3513912
tfaE_stfE_predicted,0.16666666666666666,5,5,ATCCAAGCGTAGTCGGCCTG,0,3516825
tfaE_stfE_predicted,0.16666666666666666,5,5,ATCATATGTTTAAGGCTGCA,0,3532066
tfaE_stfE_predicted,0.16666666666666666,5,5,ATCAGTAGGATACCTCTTCT,0,3502560
tfaE_stfE_predicted,0.16666666666666666,5,5,ATCAGAGCCTCGATCTATAC,0,3482073
tfaE_stfE_predicted,0.16666666666666666,5,5,ATCACCTTAGTTTAGTTGAT,0,3515967
tfaE_stfE_predicted,0.16666666666666666,5,5,ATCACAGATGTATTTATCTA,0,3519101
tfaE_stfE_predicted,0.16666666666666666,5,5,ATCAAAGAGGCGGCCGGGGA,0,3533770
tfaE_stfE_predicted,0.16666666666666666,5,5,ATATTTGTCGTGAGGCCAAC,0,3537465
tfaE_stfE_predicted,0.16666666666666666,5,5,ATATTGGCTGGAGGGGGACT,0,3484337
tfaE_stfE_predicted,0.16666666666666666,5,5,ATATTGCGGCATCGAGCGGA,0,3535104
tfaE_stfE_predicted,0.16666666666666666,5,5,ATATGAAGGACTGCGTAGAG,0,3511540
tfaE_stfE_predicted,0.16666666666666666,5,5,ATATCGGTCTTAATTACGTT,0,3471172
tfaE_stfE_predicted,0.16666666666666666,5,5,ATATCGAACCTAATAACTTT,0,3503336
tfaE_stfE_predicted,0.16666666666666666,5,5,ATATAAGTAGGTTACGCAGT,0,3516165
tfaE_stfE_predicted,0.16666666666666666,5,5,ATAGTTCCCTGATCGCTGAC,0,3520761
tfaE_stfE_predicted,0.16666666666666666,5,5,ATAGTCCTCGATTAGAGATA,0,3496692
tfaE_stfE_predicted,0.16666666666666666,5,5,ATAGGTTGAGCTCGTTGACA,0,3495795
tfaE_stfE_predicted,0.16666666666666666,5,5,ATAGGCCTGTAATAAATTAG,0,3533641
tfaE_stfE_predicted,0.16666666666666666,5,5,ATAGGACAGCTCAGGACATC,0,3502912
tfaE_stfE_predicted,0.16666666666666666,5,5,ATAGCGCTGGGTTTATTGCA,0,3482944
tfaE_stfE_predicted,0.16666666666666666,5,5,ATACTGCAGGATCCCGCTTT,0,3505680
tfaE_stfE_predicted,0.16666666666666666,5,5,ATACTAGCTGTCCCTGCTCA,0,3469729
tfaE_stfE_predicted,0.16666666666666666,5,5,ATACTAACGACGATGCATAG,0,3508784
tfaE_stfE_predicted,0.16666666666666666,5,5,ATACGTCAAAAGCTCTCCAC,0,3535370
tfaE_stfE_predicted,0.16666666666666666,5,5,ATACGTATGCCTTACGTGAT,0,3479256
tfaE_stfE_predicted,0.16666666666666666,5,5,ATACCGGCGTCGCCGTATCC,0,3523579
tfaE_stfE_predicted,0.16666666666666666,5,5,ATACCCGGACGATGGGCCCC,0,3492217
tfaE_stfE_predicted,0.16666666666666666,5,5,ATAATTTACGGGTCAGCAAT,0,3509175
tfaE_stfE_predicted,0.16666666666666666,5,5,ATAATCCGGAAGTAGATGTG,0,3475534
tfaE_stfE_predicted,0.16666666666666666,5,5,ATAATCATTTATGTGAGGGT,0,3474466
tfaE_stfE_predicted,0.16666666666666666,5,5,ATAAGGAAGCGCTACGCAAG,0,3532719
tfaE_stfE_predicted,0.16666666666666666,5,5,ATAAGAATGACTCCGGGGAC,0,3503148
tfaE_stfE_predicted,0.16666666666666666,5,5,ATAACATGTGACTGACGAGA,0,3481838
tfaE_stfE_predicted,0.16666666666666666,5,5,ATAAAGAGCGACCTCCTTGA,0,3517376
tfaE_stfE_predicted,0.16666666666666666,5,5,ATAAACGTTTACCTAGTCAT,0,3513772
tfaE_stfE_predicted,0.16666666666666666,5,5,AGTTTGGGTAAATCTCGCTC,0,3505152
tfaE_stfE_predicted,0.16666666666666666,5,5,AGTTCCCCTATGATGGCTCA,0,3539986
tfaE_stfE_predicted,0.16666666666666666,5,5,AGTTATCCTTATGATTGCGT,0,3489322
tfaE_stfE_predicted,0.16666666666666666,5,5,AGTTATATTGATCTAAATTG,0,3537506
tfaE_stfE_predicted,0.16666666666666666,5,5,AGTTAAATGCGTCCTGGTAA,0,3502185
tfaE_stfE_predicted,0.16666666666666666,5,5,AGTGTGGCAGCGTTCTCCCT,0,3476579
tfaE_stfE_predicted,0.16666666666666666,5,5,AGTGGTTATTCGTGCAGCTA,0,3529254
tfaE_stfE_predicted,0.16666666666666666,5,5,AGTGGTACCCAGTTGCTAGG,0,3503584
tfaE_stfE_predicted,0.16666666666666666,5,5,AGTGGCCCGCGGTTTACTCT,0,3516597
tfaE_stfE_predicted,0.16666666666666666,5,5,AGTGCCCAGGTTGACCCGTG,0,3526826
tfaE_stfE_predicted,0.16666666666666666,5,5,AGTGCAGCGACTCGTAGGCG,0,3487919
tfaE_stfE_predicted,0.16666666666666666,5,5,AGTGAGAGGGTTATCCCACC,0,3469767
tfaE_stfE_predicted,0.16666666666666666,5,5,AGTCTTGGATGGCGAAGCGG,0,3470623
tfaE_stfE_predicted,0.16666666666666666,5,5,AGTCTGGTTACATGGGCGGG,0,3492693
tfaE_stfE_predicted,0.16666666666666666,5,5,AGTCTATCACCTGCATGAGT,0,3522900
tfaE_stfE_predicted,0.16666666666666666,5,5,AGTCGTAGAGATTCTATTTT,0,3494518
tfaE_stfE_predicted,0.16666666666666666,5,5,AGTCGGTCTACATCTTAGCT,0,3513815
tfaE_stfE_predicted,0.16666666666666666,5,5,AGTCACAACAGTGAATGGGG,0,3470610
tfaE_stfE_predicted,0.16666666666666666,5,5,AGTCAAGATTTAGATAGTCT,0,3533776
tfaE_stfE_predicted,0.16666666666666666,5,5,AGTCAACCGACTTTGGGATA,0,3535399
tfaE_stfE_predicted,0.16666666666666666,5,5,AGTCAAAGTCATTTAATCAA,0,3489144
tfaE_stfE_predicted,0.16666666666666666,5,5,AGTATTGTTAATTTCTCCTT,0,3474844
tfaE_stfE_predicted,0.16666666666666666,5,5,AGTAGGGTCGCCACCCGCGT,0,3483681
tfaE_stfE_predicted,0.16666666666666666,5,5,AGTACGCTAACGTATGTCGT,0,3534874
tfaE_stfE_predicted,0.16666666666666666,5,5,AGGTTGTCCGATGTTGGCAT,0,3521929
tfaE_stfE_predicted,0.16666666666666666,5,5,AGGTGGGGACACGATATTTA,0,3523634
tfaE_stfE_predicted,0.16666666666666666,5,5,AGGTCGGGGAGGTGTAGGCG,0,3538201
tfaE_stfE_predicted,0.16666666666666666,5,5,AGGTCGAACGCGCGTGAGCT,0,3522196
tfaE_stfE_predicted,0.16666666666666666,5,5,AGGTCAGATTGATGTGCAAA,0,3537840
tfaE_stfE_predicted,0.16666666666666666,5,5,AGGTAGGTGTAAAAAGAAGC,0,3467029
tfaE_stfE_predicted,0.16666666666666666,5,5,AGGTACCCGCGATAGGTGCT,0,3488143
tfaE_stfE_predicted,0.16666666666666666,5,5,AGGTAAGGGCCAATGGAAAT,0,3524186
tfaE_stfE_predicted,0.16666666666666666,5,5,AGGTAAAACAGTAGTATGGG,0,3534143
tfaE_stfE_predicted,0.16666666666666666,5,5,AGGGTTTGGACAGTTATAAA,0,3512230
tfaE_stfE_predicted,0.16666666666666666,5,5,AGGGTTGTATTCAAAACGGC,0,3493627
tfaE_stfE_predicted,0.16666666666666666,5,5,AGGGTTCTTGAATAAAGCCG,0,3473451
tfaE_stfE_predicted,0.16666666666666666,5,5,AGGGATACACGACGGCGTCT,0,3489575
tfaE_stfE_predicted,0.16666666666666666,5,5,AGGGAGAGTTAGATTGCGGG,0,3479710
tfaE_stfE_predicted,0.16666666666666666,5,5,AGGCTAAAATTGAGGTATTT,0,3539620
tfaE_stfE_predicted,0.16666666666666666,5,5,AGGCGCGGCGAGTCCGGTCA,0,3506607
tfaE_stfE_predicted,0.16666666666666666,5,5,AGGCCACGTGGGGCTAGTTT,0,3469894
tfaE_stfE_predicted,0.16666666666666666,5,5,AGGCACGTGATTAGCATGTG,0,3524387
tfaE_stfE_predicted,0.16666666666666666,5,5,AGGATCACCCGAGTCGTGCA,0,3529537
tfaE_stfE_predicted,0.16666666666666666,5,5,AGGAGAACTGACGGGTAAAC,0,3528475
tfaE_stfE_predicted,0.16666666666666666,5,5,AGGACGCCACGTACTCAGCA,0,3466948
tfaE_stfE_predicted,0.16666666666666666,5,5,AGGACCTCGGCTAGTTCAGG,0,3530106
tfaE_stfE_predicted,0.16666666666666666,5,5,AGGACCCAACTAGATTGATA,0,3481255
tfaE_stfE_predicted,0.16666666666666666,5,5,AGGAAATCGAAAAGCGACAT,0,3495090
tfaE_stfE_predicted,0.16666666666666666,5,5,AGCTAGGCTATATGGACAAG,0,3536785
tfaE_stfE_predicted,0.16666666666666666,5,5,AGCTACCACCCAGCTGTTAG,0,3518167
tfaE_stfE_predicted,0.16666666666666666,5,5,AGCGTCTCTAAGCTCGTTTC,0,3528610
tfaE_stfE_predicted,0.16666666666666666,5,5,AGCGGTTGCTCATAGAACGA,0,3500909
tfaE_stfE_predicted,0.16666666666666666,5,5,AGCGGTCCAAGTCGTCCGGT,0,3495110
tfaE_stfE_predicted,0.16666666666666666,5,5,AGCGGGAATGCTCTAGCGTT,0,3495647
tfaE_stfE_predicted,0.16666666666666666,5,5,AGCCTGTCAGGTCCTTTTTA,0,3502127
tfaE_stfE_predicted,0.16666666666666666,5,5,AGCCGAAGGGTAGAACGTGG,0,3512116
tfaE_stfE_predicted,0.16666666666666666,5,5,AGCCCACACCGAACCTGAGA,0,3518498
tfaE_stfE_predicted,0.16666666666666666,5,5,AGCCACACAACGGCCGCCGA,0,3516155
tfaE_stfE_predicted,0.16666666666666666,5,5,AGCCAATAGGGAGGTTTGGA,0,3475236
tfaE_stfE_predicted,0.16666666666666666,5,5,AGCAGATGTGTAACCGAAGG,0,3483257
tfaE_stfE_predicted,0.16666666666666666,5,5,AGCAACCAGAGTGGATACGC,0,3489816
tfaE_stfE_predicted,0.16666666666666666,5,5,AGCAACAGGCGGATATAATT,0,3531410
tfaE_stfE_predicted,0.16666666666666666,5,5,AGATGGCAACCCGGTAAATG,0,3540045
tfaE_stfE_predicted,0.16666666666666666,5,5,AGATCCTGCCCGATACCGGG,0,3482552
tfaE_stfE_predicted,0.16666666666666666,5,5,AGAGGCGTATGGTAGTTAGT,0,3534146
tfaE_stfE_predicted,0.16666666666666666,5,5,AGAGGAGGCCGATCCGGTTT,0,3524471
tfaE_stfE_predicted,0.16666666666666666,5,5,AGAGGAGCAATTGTTCGGGC,0,3512189
tfaE_stfE_predicted,0.16666666666666666,5,5,AGACTTCGACTATTGGTGAG,0,3495411
tfaE_stfE_predicted,0.16666666666666666,5,5,AGACTCTGTGTTCAGGCACA,0,3510961
tfaE_stfE_predicted,0.16666666666666666,5,5,AGACTCTAGTAAGAGTGATC,0,3527468
tfaE_stfE_predicted,0.16666666666666666,5,5,AGACTCACAGATCGTGAAGT,0,3537663
tfaE_stfE_predicted,0.16666666666666666,5,5,AGACGGCGACCCCGGCCATA,0,3520515
tfaE_stfE_predicted,0.16666666666666666,5,5,AGACGCAGCTCTAGGAAATC,0,3472446
tfaE_stfE_predicted,0.16666666666666666,5,5,AGACCTCAGACGCATCCATG,0,3479860
tfaE_stfE_predicted,0.16666666666666666,5,5,AGACCAGCAGCCATTCCAGT,0,3504602
tfaE_stfE_predicted,0.16666666666666666,5,5,AGAATTTCCTGCAGAGATTG,0,3485854
tfaE_stfE_predicted,0.16666666666666666,5,5,AGAATTCGCTGGCACACTTC,0,3516761
tfaE_stfE_predicted,0.16666666666666666,5,5,AGAATTATAAAGCTCTGGGT,0,3495328
tfaE_stfE_predicted,0.16666666666666666,5,5,AGAATCAGGGCTCTCAGATG,0,3488660
tfaE_stfE_predicted,0.16666666666666666,5,5,AGAATACGCTTTGTTCCGAT,0,3497398
tfaE_stfE_predicted,0.16666666666666666,5,5,AGAAGCGCGTCGCCGTCACA,0,3533432
tfaE_stfE_predicted,0.16666666666666666,5,5,AGAAGACTGGATCCGAAACG,0,3494474
tfaE_stfE_predicted,0.16666666666666666,5,5,AGAACTCTGGCCTAGGAGGG,0,3523317
tfaE_stfE_predicted,0.16666666666666666,5,5,AGAACGGAACGAACGGGTGT,0,3472219
tfaE_stfE_predicted,0.16666666666666666,5,5,AGAACGCATGAACTTGGGAA,0,3518803
tfaE_stfE_predicted,0.16666666666666666,5,5,AGAAACCTTTAATACGTCAC,0,3529278
tfaE_stfE_predicted,0.16666666666666666,5,5,AGAAAACTATGCACGGGGAG,0,3485593
tfaE_stfE_predicted,0.16666666666666666,5,5,AGAAAACGGCAGCGTGACGT,0,3520030
tfaE_stfE_predicted,0.16666666666666666,5,5,ACTTGTCGGGCTTATCTAAG,0,3474705
tfaE_stfE_predicted,0.16666666666666666,5,5,ACTTGAATTTTAAGCACTGT,0,3520225
tfaE_stfE_predicted,0.16666666666666666,5,5,ACTTCACGGACCATACGACC,0,3512707
tfaE_stfE_predicted,0.16666666666666666,5,5,ACTTATGCGTGCCGGGTTTA,0,3500919
tfaE_stfE_predicted,0.16666666666666666,5,5,ACTTATCAACCAAACGTGCT,0,3524469
tfaE_stfE_predicted,0.16666666666666666,5,5,ACTGTTTGCTTAGCGGCTCG,0,3480584
tfaE_stfE_predicted,0.16666666666666666,5,5,ACTGTTGTATTGAACATCGC,0,3508139
tfaE_stfE_predicted,0.16666666666666666,5,5,ACTGGTTTGTTGGCCATGAA,0,3498272
tfaE_stfE_predicted,0.16666666666666666,5,5,ACTGCTTTTAGATTGCGGAT,0,3483931
tfaE_stfE_predicted,0.16666666666666666,5,5,ACTGCATTACTCTGTACCAG,0,3495024
tfaE_stfE_predicted,0.16666666666666666,5,5,ACTGAGTGCTAACCCTAGCG,0,3483876
tfaE_stfE_predicted,0.16666666666666666,5,5,ACTGAACGATGCACCCCATT,0,3531015
tfaE_stfE_predicted,0.16666666666666666,5,5,ACTCTTAAGCAAGGTCCACT,0,3479364
tfaE_stfE_predicted,0.16666666666666666,5,5,ACTCGCTGGTGATTTTACTG,0,3535472
tfaE_stfE_predicted,0.16666666666666666,5,5,ACTCGCCAGTCCGGGATGTC,0,3519507
tfaE_stfE_predicted,0.16666666666666666,5,5,ACTCCCTCACATTAGTACAA,0,3496661
tfaE_stfE_predicted,0.16666666666666666,5,5,ACTCCAGATGAGGCGTATGC,0,3500814
tfaE_stfE_predicted,0.16666666666666666,5,5,ACTCAATGGGGTCTCATTTG,0,3527874
tfaE_stfE_predicted,0.16666666666666666,5,5,ACTAATTGCCCGAATCGGTG,0,3504284
tfaE_stfE_predicted,0.16666666666666666,5,5,ACTAAATTAATTACCGGGTG,0,3466797
tfaE_stfE_predicted,0.16666666666666666,5,5,ACGTTTAAACGTGGGCATCA,0,3525589
tfaE_stfE_predicted,0.16666666666666666,5,5,ACGTTGTCGAGATCCCCAAG,0,3481181
tfaE_stfE_predicted,0.16666666666666666,5,5,ACGTATTAATCAAAAATCTG,0,3485855
tfaE_stfE_predicted,0.16666666666666666,5,5,ACGTATGCTTTAATTATTAC,0,3487517
tfaE_stfE_predicted,0.16666666666666666,5,5,ACGTATAAGTCAGGTTTGCC,0,3513331
tfaE_stfE_predicted,0.16666666666666666,5,5,ACGGTTTGATAGGGTCCTAC,0,3532440
tfaE_stfE_predicted,0.16666666666666666,5,5,ACGGTGGGTCATGTTACGAT,0,3473392
tfaE_stfE_predicted,0.16666666666666666,5,5,ACGGTCTGCGACGGGCAAAC,0,3513003
tfaE_stfE_predicted,0.16666666666666666,5,5,ACGGTATGAGAAGTTTTCAG,0,3507651
tfaE_stfE_predicted,0.16666666666666666,5,5,ACGGGTTCGAGAAGCCGCGA,0,3474243
tfaE_stfE_predicted,0.16666666666666666,5,5,ACGGCCCCTTTCGAGGTTTC,0,3502960
tfaE_stfE_predicted,0.16666666666666666,5,5,ACGGATGGTCAACCAAAGTC,0,3476275
tfaE_stfE_predicted,0.16666666666666666,5,5,ACGGATGATCCATCTCTTGA,0,3476313
tfaE_stfE_predicted,0.16666666666666666,5,5,ACGGATGAGTACAGCACGGG,0,3481376
tfaE_stfE_predicted,0.16666666666666666,5,5,ACGGACTGATAAGTTAGTAC,0,3537900
tfaE_stfE_predicted,0.16666666666666666,5,5,ACGGACGTATGGGATGCGAA,0,3535756
tfaE_stfE_predicted,0.16666666666666666,5,5,ACGGACCGTAGTTTTCTATG,0,3476958
tfaE_stfE_predicted,0.16666666666666666,5,5,ACGCTTACTCCGGGGGTATG,0,3471559
tfaE_stfE_predicted,0.16666666666666666,5,5,ACGCTAATTCCGGGTAACAT,0,3512477
tfaE_stfE_predicted,0.16666666666666666,5,5,ACGCGTAGATGCGAAAGGCA,0,3533777
tfaE_stfE_predicted,0.16666666666666666,5,5,ACGCGGTAAATTTCCACCTC,0,3469106
tfaE_stfE_predicted,0.16666666666666666,5,5,ACGCCGTAACAGACCGCGTT,0,3492399
tfaE_stfE_predicted,0.16666666666666666,5,5,ACGCCGATGTCTGACACTAG,0,3499245
tfaE_stfE_predicted,0.16666666666666666,5,5,ACGCCAGCACCTATAATACC,0,3490284
tfaE_stfE_predicted,0.16666666666666666,5,5,ACGCCACGCCGGTAGGCCCT,0,3508337
tfaE_stfE_predicted,0.16666666666666666,5,5,ACGCAGATGATTCGCGTAGC,0,3491280
tfaE_stfE_predicted,0.16666666666666666,5,5,ACGCAGATAATTAAAACCTT,0,3514179
tfaE_stfE_predicted,0.16666666666666666,5,5,ACGCAGAGCCCTCCGTGCGT,0,3494353
tfaE_stfE_predicted,0.16666666666666666,5,5,ACGCACCGCAATGAGCGGAA,0,3473340
tfaE_stfE_predicted,0.16666666666666666,5,5,ACGCACCCCCTAGAATGCAG,0,3530760
tfaE_stfE_predicted,0.16666666666666666,5,5,ACGCAAGATATTATTAACAC,0,3487710
tfaE_stfE_predicted,0.16666666666666666,5,5,ACGATCTCGCAGACGAACTT,0,3514518
tfaE_stfE_predicted,0.16666666666666666,5,5,ACGAGTGGCAAAAGTCAGAC,0,3517012
tfaE_stfE_predicted,0.16666666666666666,5,5,ACGAGGAAACATCAAGTCAT,0,3499664
tfaE_stfE_predicted,0.16666666666666666,5,5,ACGACGACGGGGCACTTAAT,0,3506577
tfaE_stfE_predicted,0.16666666666666666,5,5,ACGACCTCTGGATGTCGGGG,0,3510831
tfaE_stfE_predicted,0.16666666666666666,5,5,ACGAAACCTGGGTCACCGGG,0,3492662
tfaE_stfE_predicted,0.16666666666666666,5,5,ACCTTGTTGAAATCGTTTAA,0,3492608
tfaE_stfE_predicted,0.16666666666666666,5,5,ACCTTCTGAGTACCCCTCAC,0,3470219
tfaE_stfE_predicted,0.16666666666666666,5,5,ACCTTAGGTACATGTTTCTG,0,3510245
tfaE_stfE_predicted,0.16666666666666666,5,5,ACCTGTGTTGACCTCAATTT,0,3466643
tfaE_stfE_predicted,0.16666666666666666,5,5,ACCTAGTCACTGTTTGGGCT,0,3472686
tfaE_stfE_predicted,0.16666666666666666,5,5,ACCTACGCTACCTTCGAACC,0,3473843
tfaE_stfE_predicted,0.16666666666666666,5,5,ACCGTTATACGACGAGGCAG,0,3506563
tfaE_stfE_predicted,0.16666666666666666,5,5,ACCGTGCGCCCAACCGTTAA,0,3491207
tfaE_stfE_predicted,0.16666666666666666,5,5,ACCGTCCCGACTCTAGGGAT,0,3536172
tfaE_stfE_predicted,0.16666666666666666,5,5,ACCGGAGGGTTATGGTCAGT,0,3480035
tfaE_stfE_predicted,0.16666666666666666,5,5,ACCGAAACGATGTACGTGGC,0,3504326
tfaE_stfE_predicted,0.16666666666666666,5,5,ACCCGGCACACGGGATTTCG,0,3488289
tfaE_stfE_predicted,0.16666666666666666,5,5,ACCCCCCAGTAAACTCGATC,0,3483724
tfaE_stfE_predicted,0.16666666666666666,5,5,ACCCCCCACCCGCCCAGACT,0,3492445
tfaE_stfE_predicted,0.16666666666666666,5,5,ACCCCACAGGGCGCGACAAC,0,3476138
tfaE_stfE_predicted,0.16666666666666666,5,5,ACCCACTGTTCTATTTCCTT,0,3534820
tfaE_stfE_predicted,0.16666666666666666,5,5,ACCCACAATGCGGTTGTCCT,0,3478015
tfaE_stfE_predicted,0.16666666666666666,5,5,ACCATGTAGGAAGGAACGCA,0,3520862
tfaE_stfE_predicted,0.16666666666666666,5,5,ACCATGGGACGTGAGTCTGG,0,3484074
tfaE_stfE_predicted,0.16666666666666666,5,5,ACCATGAAGTCGAACACGAC,0,3493864
tfaE_stfE_predicted,0.16666666666666666,5,5,ACCATCAGTCTTGCTGAAAA,0,3490685
tfaE_stfE_predicted,0.16666666666666666,5,5,ACCAGCGAGTTCCGGGTAAC,0,3467130
tfaE_stfE_predicted,0.16666666666666666,5,5,ACCACGGAGGCCGGCGGGTT,0,3510089
tfaE_stfE_predicted,0.16666666666666666,5,5,ACCACGACGAACATTATAGA,0,3516901
tfaE_stfE_predicted,0.16666666666666666,5,5,ACCAACCATCAGGATACACT,0,3494186
tfaE_stfE_predicted,0.16666666666666666,5,5,ACATTGTTTACACGAAGGAG,0,3533577
tfaE_stfE_predicted,0.16666666666666666,5,5,ACATTCCCCCTGTTCCCGTG,0,3510878
tfaE_stfE_predicted,0.16666666666666666,5,5,ACATGTTTTTCAGAGATTCC,0,3526822
tfaE_stfE_predicted,0.16666666666666666,5,5,ACATGCATTTCGGACTCTAC,0,3490195
tfaE_stfE_predicted,0.16666666666666666,5,5,ACATCTGGTTCATAGCTAGA,0,3506557
tfaE_stfE_predicted,0.16666666666666666,5,5,ACATCTCCATTCTCTTGCCC,0,3529824
tfaE_stfE_predicted,0.16666666666666666,5,5,ACATATGAATGTGGGATACT,0,3538179
tfaE_stfE_predicted,0.16666666666666666,5,5,ACATAAGCCCATCAACTCTT,0,3501067
tfaE_stfE_predicted,0.16666666666666666,5,5,ACATAACTGTTACAAATGTA,0,3486133
tfaE_stfE_predicted,0.16666666666666666,5,5,ACATAACGGAACCGGGCTTT,0,3473900
tfaE_stfE_predicted,0.16666666666666666,5,5,ACAGTTTAACAAGAGAGGGA,0,3474501
tfaE_stfE_predicted,0.16666666666666666,5,5,ACAGTGAAATATCAGCTACT,0,3535087
tfaE_stfE_predicted,0.16666666666666666,5,5,ACAGTCACTGTCGCGAAATA,0,3513163
tfaE_stfE_predicted,0.16666666666666666,5,5,ACAGTCACCGCTTAGACTAA,0,3498650
tfaE_stfE_predicted,0.16666666666666666,5,5,ACAGGGTCTAACATGCTATG,0,3509340
tfaE_stfE_predicted,0.16666666666666666,5,5,ACAGGGCGATTAGGGCACTC,0,3477598
tfaE_stfE_predicted,0.16666666666666666,5,5,ACAGGCCGGGACGGGGCATG,0,3490127
tfaE_stfE_predicted,0.16666666666666666,5,5,ACAGGAGTACAAGGGTACTA,0,3520108
tfaE_stfE_predicted,0.16666666666666666,5,5,ACAGCAGTCCCAGGTTGTCG,0,3534237
tfaE_stfE_predicted,0.16666666666666666,5,5,ACACCTCGGGTCTGATCACC,0,3539488
tfaE_stfE_predicted,0.16666666666666666,5,5,ACACATAGGGTATACCACGG,0,3519145
tfaE_stfE_predicted,0.16666666666666666,5,5,ACACAGTATCATCTCTTGGA,0,3510518
tfaE_stfE_predicted,0.16666666666666666,5,5,ACAAGTCCCGAGCATGGAAA,0,3506056
tfaE_stfE_predicted,0.16666666666666666,5,5,AATTGGTCGGGTACAAGTCG,0,3478822
tfaE_stfE_predicted,0.16666666666666666,5,5,AATTCAATGATATTCGGGCA,0,3474075
tfaE_stfE_predicted,0.16666666666666666,5,5,AATTAAGACCTTGATCCGAT,0,3472968
tfaE_stfE_predicted,0.16666666666666666,5,5,AATTAACAAATAATTCAAAT,0,3515112
tfaE_stfE_predicted,0.16666666666666666,5,5,AATGTTTAACTTGCGTGTGG,0,3531664
tfaE_stfE_predicted,0.16666666666666666,5,5,AATGGTCCAAGGATCTCCGG,0,3537625
tfaE_stfE_predicted,0.16666666666666666,5,5,AATGCTTACGACTTGGCGAA,0,3537238
tfaE_stfE_predicted,0.16666666666666666,5,5,AATGCTCAGAGCCTATGGGC,0,3517579
tfaE_stfE_predicted,0.16666666666666666,5,5,AATGCCGATCATGGAGAAAA,0,3480404
tfaE_stfE_predicted,0.16666666666666666,5,5,AATGCATAGGGTGCGACAGT,0,3521333
tfaE_stfE_predicted,0.16666666666666666,5,5,AATGATGTTTGAGTAGTTTT,0,3514358
tfaE_stfE_predicted,0.16666666666666666,5,5,AATGACTTTGGCGCCCTAAA,0,3532815
tfaE_stfE_predicted,0.16666666666666666,5,5,AATGACACCTGGCTCAGGAC,0,3524883
tfaE_stfE_predicted,0.16666666666666666,5,5,AATCTGCTATTATCGATCCA,0,3514286
tfaE_stfE_predicted,0.16666666666666666,5,5,AATCTAGGCATGGTACACTA,0,3495122
tfaE_stfE_predicted,0.16666666666666666,5,5,AATCTAGCATGCAAAGCGAC,0,3502569
tfaE_stfE_predicted,0.16666666666666666,5,5,AATCTAATTCTTGGTTACCA,0,3511090
tfaE_stfE_predicted,0.16666666666666666,5,5,AATCGGTTCAGGCACTAGCA,0,3528857
tfaE_stfE_predicted,0.16666666666666666,5,5,AATCGCCCGTTAAAGTACAT,0,3502889
tfaE_stfE_predicted,0.16666666666666666,5,5,AATCATTACCGAGGGTTCTG,0,3505297
tfaE_stfE_predicted,0.16666666666666666,5,5,AATCAGAAGACGAAATGCGA,0,3515625
tfaE_stfE_predicted,0.16666666666666666,5,5,AATCAAAGTTTCGGCATGAG,0,3508493
tfaE_stfE_predicted,0.16666666666666666,5,5,AATATTTAGGGCGTGCGTTA,0,3471220
tfaE_stfE_predicted,0.16666666666666666,5,5,AATATTCGAAGACTCCGGGT,0,3510893
tfaE_stfE_predicted,0.16666666666666666,5,5,AATATGTAGCGCTTTTTTAC,0,3508437
tfaE_stfE_predicted,0.16666666666666666,5,5,AATATCATTGGAGAGACCGG,0,3482889
tfaE_stfE_predicted,0.16666666666666666,5,5,AATACGTCCTTGTGCGGGTT,0,3497853
tfaE_stfE_predicted,0.16666666666666666,5,5,AATACACGGGATTAGATATC,0,3514795
tfaE_stfE_predicted,0.16666666666666666,5,5,AATAAGATGTTAAGTTGCTT,0,3493104
tfaE_stfE_predicted,0.16666666666666666,5,5,AAGTTGTTTACACGAGGACC,0,3496726
tfaE_stfE_predicted,0.16666666666666666,5,5,AAGTTATGGTCGACTAATGG,0,3503940
tfaE_stfE_predicted,0.16666666666666666,5,5,AAGTTAATCTTGTCAAGTAT,0,3526129
tfaE_stfE_predicted,0.16666666666666666,5,5,AAGTGCCTCGACGCATCAGC,0,3481254
tfaE_stfE_predicted,0.16666666666666666,5,5,AAGTGCCCCTACGCACTGGG,0,3483527
tfaE_stfE_predicted,0.16666666666666666,5,5,AAGTCAGAACCTTGTGTCTA,0,3508333
tfaE_stfE_predicted,0.16666666666666666,5,5,AAGTATTGGGCTCGTGAGTG,0,3487917
tfaE_stfE_predicted,0.16666666666666666,5,5,AAGGTTTCGCACAGACTGGT,0,3497060
tfaE_stfE_predicted,0.16666666666666666,5,5,AAGGTTAAAGTGTACCCTGT,0,3509682
tfaE_stfE_predicted,0.16666666666666666,5,5,AAGGTGATGTTATGTTCCGA,0,3530368
tfaE_stfE_predicted,0.16666666666666666,5,5,AAGGGGAATACTCAAAGATT,0,3470476
tfaE_stfE_predicted,0.16666666666666666,5,5,AAGGGCTGCTCAAGGCGGAT,0,3525442
tfaE_stfE_predicted,0.16666666666666666,5,5,AAGGATATTGTCCTCGGATT,0,3503301
tfaE_stfE_predicted,0.16666666666666666,5,5,AAGGAATAGGCTAACAAGGG,0,3504487
tfaE_stfE_predicted,0.16666666666666666,5,5,AAGCTCTTTATCACGTACTT,0,3516227
tfaE_stfE_predicted,0.16666666666666666,5,5,AAGCTCTATTGGCAATTTTG,0,3500871
tfaE_stfE_predicted,0.16666666666666666,5,5,AAGCCCGTAATCCTAGCAAT,0,3471772
tfaE_stfE_predicted,0.16666666666666666,5,5,AAGCAGCGGTAAGCGTATTA,0,3476561
tfaE_stfE_predicted,0.16666666666666666,5,5,AAGCAGAACGAGGTTAGTGT,0,3509361
tfaE_stfE_predicted,0.16666666666666666,5,5,AAGCACACTTACGGGTGACG,0,3522450
tfaE_stfE_predicted,0.16666666666666666,5,5,AAGATTCGTTTAGCATCTCC,0,3510504
tfaE_stfE_predicted,0.16666666666666666,5,5,AAGATTAATACTAGCCTTAA,0,3477032
tfaE_stfE_predicted,0.16666666666666666,5,5,AAGATAGTCCAGTTACACTA,0,3529631
tfaE_stfE_predicted,0.16666666666666666,5,5,AAGAGGCCCCAAAGCATTTA,0,3515845
tfaE_stfE_predicted,0.16666666666666666,5,5,AAGAACTTCCTTCTATGAAG,0,3497894
tfaE_stfE_predicted,0.16666666666666666,5,5,AACTTGGTTTGCCGGGGACG,0,3490275
tfaE_stfE_predicted,0.16666666666666666,5,5,AACTTGCTTTTCCGTCGTCA,0,3530299
tfaE_stfE_predicted,0.16666666666666666,5,5,AACTGCTCGTCTCAGTTAGA,0,3506982
tfaE_stfE_predicted,0.16666666666666666,5,5,AACTACCAATTCGTGATGAT,0,3532530
tfaE_stfE_predicted,0.16666666666666666,5,5,AACGTGGGCTATCGTCGAGA,0,3480524
tfaE_stfE_predicted,0.16666666666666666,5,5,AACGTCGTGGCGGGATCGTT,0,3489728
tfaE_stfE_predicted,0.16666666666666666,5,5,AACGGTGGACGTGTCGTCAC,0,3497659
tfaE_stfE_predicted,0.16666666666666666,5,5,AACGGGGAGCATTCTTAGGA,0,3496182
tfaE_stfE_predicted,0.16666666666666666,5,5,AACGCGGGTGATAAGCGGCG,0,3506699
tfaE_stfE_predicted,0.16666666666666666,5,5,AACCTTCTGACTCGTAGCTA,0,3504500
tfaE_stfE_predicted,0.16666666666666666,5,5,AACCTAAGTGGAGCAACCGG,0,3523200
tfaE_stfE_predicted,0.16666666666666666,5,5,AACCGTTTTAAGGTTTGCCT,0,3469975
tfaE_stfE_predicted,0.16666666666666666,5,5,AACCCCAGGCCCGCTCAGGA,0,3469781
tfaE_stfE_predicted,0.16666666666666666,5,5,AACATTAGGTGAGAACTGAT,0,3518105
tfaE_stfE_predicted,0.16666666666666666,5,5,AACACGAGCGCGATAAAGTC,0,3471961
tfaE_stfE_predicted,0.16666666666666666,5,5,AACACAGTGCGGTGTGCACA,0,3505106
tfaE_stfE_predicted,0.16666666666666666,5,5,AACAACGAGGGAATTCGTTT,0,3530423
tfaE_stfE_predicted,0.16666666666666666,5,5,AAATTCCTAGCCCTGTCCAC,0,3498219
tfaE_stfE_predicted,0.16666666666666666,5,5,AAATTCAGGACCCCTTGACA,0,3503621
tfaE_stfE_predicted,0.16666666666666666,5,5,AAATGAATAAGCGCGACTGA,0,3519207
tfaE_stfE_predicted,0.16666666666666666,5,5,AAATCTATTGCTCCGCTAAC,0,3514943
tfaE_stfE_predicted,0.16666666666666666,5,5,AAAGTTCGGCAGCTTCGTGC,0,3477471
tfaE_stfE_predicted,0.16666666666666666,5,5,AAAGTACGTCCTCACTATAT,0,3501391
tfaE_stfE_predicted,0.16666666666666666,5,5,AAAGGTTAGGCTTTGCGTTC,0,3509625
tfaE_stfE_predicted,0.16666666666666666,5,5,AAAGGTGCTTGGGACCGTCA,0,3475822
tfaE_stfE_predicted,0.16666666666666666,5,5,AAAGGGTCGTCCTGCTCAGT,0,3504144
tfaE_stfE_predicted,0.16666666666666666,5,5,AAAGCTATTTAAGGGGGAAT,0,3473245
tfaE_stfE_predicted,0.16666666666666666,5,5,AAAGCGATATCCTAAGGAGA,0,3469769
tfaE_stfE_predicted,0.16666666666666666,5,5,AAAGCCAGGACCTTTTGTCG,0,3510410
tfaE_stfE_predicted,0.16666666666666666,5,5,AAAGAGGAAGAATTTGTTAA,0,3487782
tfaE_stfE_predicted,0.16666666666666666,5,5,AAAGACTCAGGCATGTATAA,0,3494728
tfaE_stfE_predicted,0.16666666666666666,5,5,AAAGAACGGTTCGCTGGGAC,0,3478694
tfaE_stfE_predicted,0.16666666666666666,5,5,AAACTCGAGGTGACCTAATC,0,3503935
tfaE_stfE_predicted,0.16666666666666666,5,5,AAACCGTGACCCTAGGCATG,0,3526218
tfaE_stfE_predicted,0.16666666666666666,5,5,AAACCGCATAGATATAGTCC,0,3538693
tfaE_stfE_predicted,0.16666666666666666,5,5,AAACCCCAATATCTTGTAGC,0,3504813
tfaE_stfE_predicted,0.16666666666666666,5,5,AAACATGGCACCGACTTGTT,0,3527798
tfaE_stfE_predicted,0.16666666666666666,5,5,AAACACTAATCGGGTGGCCT,0,3475510
tfaE_stfE_predicted,0.16666666666666666,5,5,AAAATGCTATCGGAGGTACC,0,3481798
tfaE_stfE_predicted,0.16666666666666666,5,5,AAAATGACGGAGGAGGGGGA,0,3502420
tfaE_stfE_predicted,0.16666666666666666,5,5,AAAATCTGTAACTTCCATTT,0,3521109
tfaE_stfE_predicted,0.16666666666666666,5,5,AAAATCATAACTTGGGCGAC,0,3519805
tfaE_stfE_predicted,0.16666666666666666,5,5,AAAAGTTAACGTACTTCGTC,0,3497750
tfaE_stfE_predicted,0.16666666666666666,5,5,AAAAGCTCCCGAAGAGTGAA,0,3480789
tfaE_stfE_predicted,0.16666666666666666,5,5,AAAACCCATGAACAAAATCT,0,3534812
tfaE_stfE_predicted,0.2,4,4,TTTTTTTTTTTCACCCTGTG,0,3515334
tfaE_stfE_predicted,0.2,4,4,TTTTTCATAGACCAGAGTTA,0,3514657
tfaE_stfE_predicted,0.2,4,4,TTTTGACTAAACAAATGGGA,0,3466693
tfaE_stfE_predicted,0.2,4,4,TTTTGAATTAGACCGCGTCT,0,3540549
tfaE_stfE_predicted,0.2,4,4,TTTTCTGGGGTGTAGTGCGC,0,3524064
tfaE_stfE_predicted,0.2,4,4,TTTTCCCAGTGTCGAGCCGT,0,3510047
tfaE_stfE_predicted,0.2,4,4,TTTTAATGTCATTCGGATGG,0,3495304
tfaE_stfE_predicted,0.2,4,4,TTTGTTTGATTGCGGGTAGG,0,3486795
tfaE_stfE_predicted,0.2,4,4,TTTGTGTACTCGAACGGCTA,0,3504542
tfaE_stfE_predicted,0.2,4,4,TTTGTACAGGAGGTCTCAGG,0,3487767
tfaE_stfE_predicted,0.2,4,4,TTTGGGGTTTATGGGAGGGA,0,3469241
tfaE_stfE_predicted,0.2,4,4,TTTGGGGAAAGGAATATTTG,0,3486061
tfaE_stfE_predicted,0.2,4,4,TTTGGCGCCCGATGGTCATT,0,3503113
tfaE_stfE_predicted,0.2,4,4,TTTGGCCCTATCGTTGGCTT,0,3504455
tfaE_stfE_predicted,0.2,4,4,TTTGGAGCGAACCAGGGCAA,0,3466773
tfaE_stfE_predicted,0.2,4,4,TTTGGAGAAGTGATGAACAG,0,3470602
tfaE_stfE_predicted,0.2,4,4,TTTGGAGAAGACTTGGACTA,0,3511531
tfaE_stfE_predicted,0.2,4,4,TTTGCCTCCTCAGCTCCTTC,0,3502747
tfaE_stfE_predicted,0.2,4,4,TTTGCACGAGCAGGTCGTGA,0,3518233
tfaE_stfE_predicted,0.2,4,4,TTTGACCCTGCTTTCCGGTC,0,3466830
tfaE_stfE_predicted,0.2,4,4,TTTGACATTATTATTGCCTC,0,3514953
tfaE_stfE_predicted,0.2,4,4,TTTCTTCTGTGTTACCTTTT,0,3489783
tfaE_stfE_predicted,0.2,4,4,TTTCTTACAGCGAGCCGCAA,0,3524409
tfaE_stfE_predicted,0.2,4,4,TTTCTAACTATGGGACGGCT,0,3520304
tfaE_stfE_predicted,0.2,4,4,TTTCCCGGTGTTACTCGTGC,0,3470557
tfaE_stfE_predicted,0.2,4,4,TTTCATGGGCCGAGTACTAT,0,3515712
tfaE_stfE_predicted,0.2,4,4,TTTCAGACGATTCGTGTAGG,0,3473530
tfaE_stfE_predicted,0.2,4,4,TTTCACCCCTCAATGTTACG,0,3477562
tfaE_stfE_predicted,0.2,4,4,TTTATAAGAGCGCTTCTCAC,0,3512824
tfaE_stfE_predicted,0.2,4,4,TTTAGTGCAGATCCAATCAG,0,3525766
tfaE_stfE_predicted,0.2,4,4,TTTAGGGTTCTGTGCTAATG,0,3516741
tfaE_stfE_predicted,0.2,4,4,TTTAGATCCGTTTCGGGGGA,0,3526070
tfaE_stfE_predicted,0.2,4,4,TTTACTTTGTATCGGATACA,0,3498078
tfaE_stfE_predicted,0.2,4,4,TTTACCATTCCTTGTGGAGA,0,3488090
tfaE_stfE_predicted,0.2,4,4,TTTACATCTTTGCTGGTTGT,0,3502530
tfaE_stfE_predicted,0.2,4,4,TTTAAGGCCAGGATCGCGGC,0,3529196
tfaE_stfE_predicted,0.2,4,4,TTGTTGACCTCGTTAAATGC,0,3532542
tfaE_stfE_predicted,0.2,4,4,TTGTTCAGGCTACAAACCTG,0,3533517
tfaE_stfE_predicted,0.2,4,4,TTGTTCAGACCTCGCCCCTA,0,3496519
tfaE_stfE_predicted,0.2,4,4,TTGTGAGTCTTGCGCTCCAC,0,3469905
tfaE_stfE_predicted,0.2,4,4,TTGTCACCGTCCGGGATTAA,0,3466821
tfaE_stfE_predicted,0.2,4,4,TTGGTCTGCACTGTCGGACT,0,3513911
tfaE_stfE_predicted,0.2,4,4,TTGGTCCGTCTAAGTACGTA,0,3481599
tfaE_stfE_predicted,0.2,4,4,TTGGTCACCGGCGGCTGTAT,0,3522816
tfaE_stfE_predicted,0.2,4,4,TTGGATACACTGGAGTAATG,0,3511000
tfaE_stfE_predicted,0.2,4,4,TTGGAATCGTAGGAACTAAT,0,3526496
tfaE_stfE_predicted,0.2,4,4,TTGGAAGACATCGGGGACAA,0,3478800
tfaE_stfE_predicted,0.2,4,4,TTGCTGTGGTTATCTACTAC,0,3540314
tfaE_stfE_predicted,0.2,4,4,TTGCTGATTTTGAGCTAGCC,0,3478949
tfaE_stfE_predicted,0.2,4,4,TTGCTCAGAGTGCATTGAGT,0,3520564
tfaE_stfE_predicted,0.2,4,4,TTGCAGCGCGTGACAACATC,0,3504180
tfaE_stfE_predicted,0.2,4,4,TTGCACCTTCTACGGCTAAG,0,3523650
tfaE_stfE_predicted,0.2,4,4,TTGCAAGTTAAGGTGCCGAG,0,3471107
tfaE_stfE_predicted,0.2,4,4,TTGCAACCTGTTGTGCGTGC,0,3497696
tfaE_stfE_predicted,0.2,4,4,TTGCAAACAAGTCCGCGAAG,0,3489472
tfaE_stfE_predicted,0.2,4,4,TTGATCCTCAGGAGAGTAGA,0,3486101
tfaE_stfE_predicted,0.2,4,4,TTGATCAGTGTTTCTCAAAA,0,3513238
tfaE_stfE_predicted,0.2,4,4,TTGAGTGCTTGGCGAAAAGG,0,3520629
tfaE_stfE_predicted,0.2,4,4,TTGAGTCCGCAAACATGATT,0,3511221
tfaE_stfE_predicted,0.2,4,4,TTGAGGTCGGAAGGGTCGGC,0,3474895
tfaE_stfE_predicted,0.2,4,4,TTGACGGCATTTTCTGCATA,0,3523684
tfaE_stfE_predicted,0.2,4,4,TTGACCCGTAATTCTCTTAC,0,3501849
tfaE_stfE_predicted,0.2,4,4,TTGACCATGGCACAGCCCCT,0,3475896
tfaE_stfE_predicted,0.2,4,4,TTCTTTGGTGTTGTCAGCGA,0,3493486
tfaE_stfE_predicted,0.2,4,4,TTCTTGTTCGAACGCTTCTA,0,3477533
tfaE_stfE_predicted,0.2,4,4,TTCTTGCATATACAAGGGAA,0,3495297
tfaE_stfE_predicted,0.2,4,4,TTCTTAGAGCCGACCGTTGT,0,3502998
tfaE_stfE_predicted,0.2,4,4,TTCTTAAGTATAAACCGGCC,0,3469807
tfaE_stfE_predicted,0.2,4,4,TTCTGATAGGGGTAGTAACT,0,3468667
tfaE_stfE_predicted,0.2,4,4,TTCTGAATGAGATGAAGCTC,0,3514106
tfaE_stfE_predicted,0.2,4,4,TTCTCGACATGCCGTCCCTA,0,3533025
tfaE_stfE_predicted,0.2,4,4,TTCTCCGTTAGCTTGGGGAT,0,3531405
tfaE_stfE_predicted,0.2,4,4,TTCTCACAATGGGCAATACA,0,3510373
tfaE_stfE_predicted,0.2,4,4,TTCGTTAGGCGAGCTGCGCT,0,3533783
tfaE_stfE_predicted,0.2,4,4,TTCGTGCAGCGTAGCTTGGT,0,3517696
tfaE_stfE_predicted,0.2,4,4,TTCGTCTTTACGATAGTTAG,0,3487610
tfaE_stfE_predicted,0.2,4,4,TTCGTACGCTGATTTCGAAA,0,3482126
tfaE_stfE_predicted,0.2,4,4,TTCGGGCTTGTACCCGTCAG,0,3507003
tfaE_stfE_predicted,0.2,4,4,TTCGCGGTGTAGCTGATAAA,0,3540137
tfaE_stfE_predicted,0.2,4,4,TTCGCAGCGCCGAGGCCGCT,0,3504742
tfaE_stfE_predicted,0.2,4,4,TTCGACGTTCTCCCTCCGGC,0,3477430
tfaE_stfE_predicted,0.2,4,4,TTCGACGTTAGACAAGCTCC,0,3501513
tfaE_stfE_predicted,0.2,4,4,TTCCGTACGGGCCTGTGCAA,0,3492532
tfaE_stfE_predicted,0.2,4,4,TTCCGACATCCAGACATAAA,0,3477248
tfaE_stfE_predicted,0.2,4,4,TTCCCGCGGCAGGCTACTCT,0,3507533
tfaE_stfE_predicted,0.2,4,4,TTCCCACCTTAATGCATGAA,0,3481081
tfaE_stfE_predicted,0.2,4,4,TTCCACGTGGACCCGACGGT,0,3517896
tfaE_stfE_predicted,0.2,4,4,TTCCACGGGCACTCGCTAAA,0,3527726
tfaE_stfE_predicted,0.2,4,4,TTCATTACACGTAACCGCAG,0,3489664
tfaE_stfE_predicted,0.2,4,4,TTCAGTTCTTCGTTCGAGAG,0,3528018
tfaE_stfE_predicted,0.2,4,4,TTCAGTATGAACCGTAACGT,0,3506955
tfaE_stfE_predicted,0.2,4,4,TTCAGTACACATTACGGCCG,0,3466461
tfaE_stfE_predicted,0.2,4,4,TTCACGGCAATGTACCAGCT,0,3522292
tfaE_stfE_predicted,0.2,4,4,TTCAAAGGGGGACGACCATG,0,3484319
tfaE_stfE_predicted,0.2,4,4,TTATTTGAGTTACCCTGTGG,0,3473655
tfaE_stfE_predicted,0.2,4,4,TTATGCTCTGTGAGATGGGA,0,3488698
tfaE_stfE_predicted,0.2,4,4,TTATGAACGATATCTGACGA,0,3532835
tfaE_stfE_predicted,0.2,4,4,TTATCTGTATGCGAATTTTC,0,3494924
tfaE_stfE_predicted,0.2,4,4,TTATAGCGGGAGAAGAGGGA,0,3470547
tfaE_stfE_predicted,0.2,4,4,TTATAGATATGGGCCGGCAT,0,3482478
tfaE_stfE_predicted,0.2,4,4,TTAGTTATTTGTAACAAGGG,0,3498054
tfaE_stfE_predicted,0.2,4,4,TTAGTGCTGATCGCTCATGT,0,3527312
tfaE_stfE_predicted,0.2,4,4,TTAGTACACCCGTTTCGACT,0,3502626
tfaE_stfE_predicted,0.2,4,4,TTAGGTCGGTAGCGACAGGA,0,3521569
tfaE_stfE_predicted,0.2,4,4,TTAGCTGTCTAACAGAGTGG,0,3509199
tfaE_stfE_predicted,0.2,4,4,TTAGCGTTCTTCCTGACTTA,0,3478553
tfaE_stfE_predicted,0.2,4,4,TTAGCGGGTGTTTCTATTAC,0,3505906
tfaE_stfE_predicted,0.2,4,4,TTAGCACCCTGGATTGCATA,0,3482191
tfaE_stfE_predicted,0.2,4,4,TTAGAGGTACTCCCCCCCGT,0,3525218
tfaE_stfE_predicted,0.2,4,4,TTACTGCTCGATATCTGCTA,0,3524230
tfaE_stfE_predicted,0.2,4,4,TTACTGATTCGCTGGATTCG,0,3479956
tfaE_stfE_predicted,0.2,4,4,TTACTAGGATTTTAGGGTTC,0,3484281
tfaE_stfE_predicted,0.2,4,4,TTACGTCACTTGCGTTTTGG,0,3502253
tfaE_stfE_predicted,0.2,4,4,TTACGGTGACTGAATCATTT,0,3511238
tfaE_stfE_predicted,0.2,4,4,TTACGAACCATCCGCCTAGT,0,3528469
tfaE_stfE_predicted,0.2,4,4,TTACCTTGCGAATAGAAACA,0,3493751
tfaE_stfE_predicted,0.2,4,4,TTACCGCGTGCAGGCGCCGA,0,3492099
tfaE_stfE_predicted,0.2,4,4,TTACCCACCGATCTCAAGGA,0,3528419
tfaE_stfE_predicted,0.2,4,4,TTACATGGGGTGCAGTAAAT,0,3501854
tfaE_stfE_predicted,0.2,4,4,TTACATACATCAATTCAAAT,0,3471368
tfaE_stfE_predicted,0.2,4,4,TTACAAATAGGTCTATCAGT,0,3541047
tfaE_stfE_predicted,0.2,4,4,TTAATCGGAAAATTATGCGT,0,3528603
tfaE_stfE_predicted,0.2,4,4,TTAATCACGACAAAGGCCGG,0,3512703
tfaE_stfE_predicted,0.2,4,4,TTAAAGCAATAATGAATGAA,0,3520232
tfaE_stfE_predicted,0.2,4,4,TTAAAGAAGCGGCCCTGGCT,0,3510901
tfaE_stfE_predicted,0.2,4,4,TTAAACATACTGGACACGGA,0,3499427
tfaE_stfE_predicted,0.2,4,4,TGTTTTACACTGTTTCTTGT,0,3498673
tfaE_stfE_predicted,0.2,4,4,TGTTTGCTAGATGACTGATA,0,3529248
tfaE_stfE_predicted,0.2,4,4,TGTTGTACCCTTCGCAAGCC,0,3528703
tfaE_stfE_predicted,0.2,4,4,TGTTGGTCCAGAACTCGGAG,0,3471012
tfaE_stfE_predicted,0.2,4,4,TGTTGGCGTGACGCATGCCG,0,3476876
tfaE_stfE_predicted,0.2,4,4,TGTTGACTCTTCCTTGACGA,0,3520034
tfaE_stfE_predicted,0.2,4,4,TGTTCCTATCTCGCTCGAAC,0,3528737
tfaE_stfE_predicted,0.2,4,4,TGTTAGCGCACGCGTCCTTC,0,3506469
tfaE_stfE_predicted,0.2,4,4,TGTTACGATTGTAGGTGAGA,0,3479194
tfaE_stfE_predicted,0.2,4,4,TGTTAAAAGAGAGTACAGAA,0,3520669
tfaE_stfE_predicted,0.2,4,4,TGTGTGATAAGCGATTTGCG,0,3499089
tfaE_stfE_predicted,0.2,4,4,TGTGGCGGCATTATGACGTT,0,3517647
tfaE_stfE_predicted,0.2,4,4,TGTGGAAGACCGCCGTTTGG,0,3487838
tfaE_stfE_predicted,0.2,4,4,TGTGCTTCACCAATCCAAAT,0,3487011
tfaE_stfE_predicted,0.2,4,4,TGTCGTTCTTGTCTACCATG,0,3530904
tfaE_stfE_predicted,0.2,4,4,TGTCGTCATACTGTATGTAT,0,3502473
tfaE_stfE_predicted,0.2,4,4,TGTCCCTGTTAGTGTGGCAT,0,3527284
tfaE_stfE_predicted,0.2,4,4,TGTCCCATGGAATTTCGTGC,0,3490524
tfaE_stfE_predicted,0.2,4,4,TGTCCCAGCTAAATCCACCG,0,3473805
tfaE_stfE_predicted,0.2,4,4,TGTCCAAGGCGCGACCCTTG,0,3480480
tfaE_stfE_predicted,0.2,4,4,TGTCATGCGCGCCGACGCTT,0,3516492
tfaE_stfE_predicted,0.2,4,4,TGTCACATTGATCTCACTCT,0,3480712
tfaE_stfE_predicted,0.2,4,4,TGTATGCTGGTGGCCCAACG,0,3520282
tfaE_stfE_predicted,0.2,4,4,TGTATGAGTGGCGCAGCATA,0,3537412
tfaE_stfE_predicted,0.2,4,4,TGTATCCAGACGGCTTAGTT,0,3540526
tfaE_stfE_predicted,0.2,4,4,TGTAGTCTAAGTTAAGGCCC,0,3478422
tfaE_stfE_predicted,0.2,4,4,TGTAGTCCCCGCTAAGATTT,0,3520849
tfaE_stfE_predicted,0.2,4,4,TGTAGAGCGGGGTTAAGATC,0,3500043
tfaE_stfE_predicted,0.2,4,4,TGTACCCAACCCCGCGCCGA,0,3523909
tfaE_stfE_predicted,0.2,4,4,TGTAATAAGTCTCGAGGATT,0,3522937
tfaE_stfE_predicted,0.2,4,4,TGTAAGCATGCGGCGGGTAT,0,3531554
tfaE_stfE_predicted,0.2,4,4,TGTAAGATACAGGAATAGGT,0,3476219
tfaE_stfE_predicted,0.2,4,4,TGGTTTTGTATTGGTAAAAA,0,3480039
tfaE_stfE_predicted,0.2,4,4,TGGTGCGCCCTTAGATCTGG,0,3522980
tfaE_stfE_predicted,0.2,4,4,TGGTCGTGCCCCGTGCTAAT,0,3504116
tfaE_stfE_predicted,0.2,4,4,TGGTCATGGAGAATGCCGAA,0,3527355
tfaE_stfE_predicted,0.2,4,4,TGGTATTATCCAACTCCTTA,0,3511335
tfaE_stfE_predicted,0.2,4,4,TGGTACACATAACTCGCGGG,0,3538852
tfaE_stfE_predicted,0.2,4,4,TGGGTATTCAAATGTCTTTT,0,3472336
tfaE_stfE_predicted,0.2,4,4,TGGGGGCAGGCGGACCTTGG,0,3483492
tfaE_stfE_predicted,0.2,4,4,TGGGGCTCTTCAACCTACGA,0,3504359
tfaE_stfE_predicted,0.2,4,4,TGGGGCATGCGCTGAGGCAT,0,3509385
tfaE_stfE_predicted,0.2,4,4,TGGGCTGCGTAATCCGTTTC,0,3471308
tfaE_stfE_predicted,0.2,4,4,TGGGCCAAGGGGGGTTTGGA,0,3511346
tfaE_stfE_predicted,0.2,4,4,TGGGACTCAATCTAGGTCTA,0,3487047
tfaE_stfE_predicted,0.2,4,4,TGGCTTTTAGCGTGCGCGAC,0,3510051
tfaE_stfE_predicted,0.2,4,4,TGGCGTTCACCGTAGGCCAT,0,3538077
tfaE_stfE_predicted,0.2,4,4,TGGCGGCGGACGCGGCGATT,0,3520468
tfaE_stfE_predicted,0.2,4,4,TGGCATAACAACATCCTGGG,0,3519815
tfaE_stfE_predicted,0.2,4,4,TGGCACCCTTGTTTATTTGC,0,3540243
tfaE_stfE_predicted,0.2,4,4,TGGCACATCTTGACCACGAT,0,3506937
tfaE_stfE_predicted,0.2,4,4,TGGCAAGGCATTGAACCGTT,0,3514770
tfaE_stfE_predicted,0.2,4,4,TGGCAACGTACCCTGGCGCA,0,3540898
tfaE_stfE_predicted,0.2,4,4,TGGATGAAAAGATTACGGGA,0,3532978
tfaE_stfE_predicted,0.2,4,4,TGGATAGATTATGAGCCCTC,0,3517989
tfaE_stfE_predicted,0.2,4,4,TGGAGTGACATGGCTTGAGC,0,3532233
tfaE_stfE_predicted,0.2,4,4,TGGAGGCCTACTTGATTGCC,0,3467372
tfaE_stfE_predicted,0.2,4,4,TGGAGCTGCCGGACGTAGCG,0,3533385
tfaE_stfE_predicted,0.2,4,4,TGGAGCCGGGTACCATCTAT,0,3497702
tfaE_stfE_predicted,0.2,4,4,TGGACCCCGGCCGCTATCGA,0,3501622
tfaE_stfE_predicted,0.2,4,4,TGGACATGCTCGAGGATCGA,0,3521779
tfaE_stfE_predicted,0.2,4,4,TGGAATGAACTATGGCTTTA,0,3512216
tfaE_stfE_predicted,0.2,4,4,TGCTTACCATGTTTTCTGTG,0,3485606
tfaE_stfE_predicted,0.2,4,4,TGCTGCACTCCGGGTGAAAC,0,3505846
tfaE_stfE_predicted,0.2,4,4,TGCTCTTTGAGTGATCACAT,0,3525147
tfaE_stfE_predicted,0.2,4,4,TGCTCGGCTTTTAGACTATC,0,3495530
tfaE_stfE_predicted,0.2,4,4,TGCTCGGAGATGATGTGCTG,0,3515994
tfaE_stfE_predicted,0.2,4,4,TGCTCCGAACAAGTATTTAC,0,3499701
tfaE_stfE_predicted,0.2,4,4,TGCTCCAGAGCGGGACGACT,0,3521550
tfaE_stfE_predicted,0.2,4,4,TGCTCCACGAGACAGACAAA,0,3504251
tfaE_stfE_predicted,0.2,4,4,TGCGTGAGGAAGAATTACGT,0,3482509
tfaE_stfE_predicted,0.2,4,4,TGCGTCCGGGGAGGGTGCTA,0,3479021
tfaE_stfE_predicted,0.2,4,4,TGCGTCCAAGGCCCAAAAAC,0,3499834
tfaE_stfE_predicted,0.2,4,4,TGCGGTGGTTAAGCGATACG,0,3506256
tfaE_stfE_predicted,0.2,4,4,TGCGCTTCAAACTCGCAGTA,0,3523363
tfaE_stfE_predicted,0.2,4,4,TGCGCTTACGGCAAATCGTA,0,3488958
tfaE_stfE_predicted,0.2,4,4,TGCGCCGTAACGTCAGACTT,0,3518130
tfaE_stfE_predicted,0.2,4,4,TGCCTGGAAGAGCCACTAAC,0,3512934
tfaE_stfE_predicted,0.2,4,4,TGCCTATACCTGCGGTGTAT,0,3473573
tfaE_stfE_predicted,0.2,4,4,TGCCGGGATTTGTGAACGGT,0,3530187
tfaE_stfE_predicted,0.2,4,4,TGCCGAATATTGAGGATTAC,0,3469216
tfaE_stfE_predicted,0.2,4,4,TGCCCGTAGCATTGCCAACG,0,3525362
tfaE_stfE_predicted,0.2,4,4,TGCCACCTCGACATCACGGG,0,3511532
tfaE_stfE_predicted,0.2,4,4,TGCCACACGGTGTGAATTTG,0,3497660
tfaE_stfE_predicted,0.2,4,4,TGCATGGTACAATGGCAGCC,0,3503387
tfaE_stfE_predicted,0.2,4,4,TGCATAAGAGAAACGTATGT,0,3483572
tfaE_stfE_predicted,0.2,4,4,TGCACCAACAGCGTCCTCCT,0,3510765
tfaE_stfE_predicted,0.2,4,4,TGCAAAAATCACCACCAAAA,0,3485062
tfaE_stfE_predicted,0.2,4,4,TGATTGTGGAAGCTGCCAGG,0,3471463
tfaE_stfE_predicted,0.2,4,4,TGATGTAGACAGTTCGCGTG,0,3473575
tfaE_stfE_predicted,0.2,4,4,TGATGCATGCCTGATTTTAC,0,3537758
tfaE_stfE_predicted,0.2,4,4,TGATGAGCATCGTGTACTCA,0,3491451
tfaE_stfE_predicted,0.2,4,4,TGATGACATGGTAGGTATAT,0,3486426
tfaE_stfE_predicted,0.2,4,4,TGATGAATATACGCCGGTTT,0,3479024
tfaE_stfE_predicted,0.2,4,4,TGATCTAAAGCAGGCCGAAT,0,3500483
tfaE_stfE_predicted,0.2,4,4,TGATCCGGGCTAAAGTCCTG,0,3478399
tfaE_stfE_predicted,0.2,4,4,TGATAGGCATAATGACAATT,0,3498332
tfaE_stfE_predicted,0.2,4,4,TGAGTTGCGCAGCTGGAACA,0,3525041
tfaE_stfE_predicted,0.2,4,4,TGAGTCCACTGGTACGTGCT,0,3498144
tfaE_stfE_predicted,0.2,4,4,TGAGTATAATCACCTGGCTG,0,3533843
tfaE_stfE_predicted,0.2,4,4,TGAGTAGCGAGACTCGATGG,0,3519081
tfaE_stfE_predicted,0.2,4,4,TGAGGCACCAGGATGACTAA,0,3528413
tfaE_stfE_predicted,0.2,4,4,TGACTGCCTCCGTCAAGGGG,0,3539458
tfaE_stfE_predicted,0.2,4,4,TGACGCTACCGGGCACCATA,0,3494059
tfaE_stfE_predicted,0.2,4,4,TGACGCCGGCGCCGAGATGA,0,3500215
tfaE_stfE_predicted,0.2,4,4,TGACATGGCACTGTTGCTCA,0,3516164
tfaE_stfE_predicted,0.2,4,4,TGACATAACCAGGGATCAGG,0,3511775
tfaE_stfE_predicted,0.2,4,4,TGAATCCATCGGCTACCACC,0,3500968
tfaE_stfE_predicted,0.2,4,4,TGAATATCGGGGGGCCACAA,0,3502478
tfaE_stfE_predicted,0.2,4,4,TGAAGTTGTCATCTCGTGCA,0,3540735
tfaE_stfE_predicted,0.2,4,4,TGAAGGCTACGGGCATAAGT,0,3473375
tfaE_stfE_predicted,0.2,4,4,TGAAGCTAGGTTGTCAGGCA,0,3527997
tfaE_stfE_predicted,0.2,4,4,TGAAGCAGCTCAGGCGTGCG,0,3512311
tfaE_stfE_predicted,0.2,4,4,TGAAGACAAACTGGTCCTCT,0,3522607
tfaE_stfE_predicted,0.2,4,4,TGAAGAATCGCAAAATAGTC,0,3497455
tfaE_stfE_predicted,0.2,4,4,TGAACGTTACCGTTTCTCAA,0,3520700
tfaE_stfE_predicted,0.2,4,4,TGAACCGGTGGCGCTACGAC,0,3505599
tfaE_stfE_predicted,0.2,4,4,TGAACAGTGCCATACATGTC,0,3467136
tfaE_stfE_predicted,0.2,4,4,TGAAAGTTCTCCTGTTCTAT,0,3500277
tfaE_stfE_predicted,0.2,4,4,TCTTATGCTTATGCCACAAC,0,3494248
tfaE_stfE_predicted,0.2,4,4,TCTGTTTAATAATAAGCTCT,0,3510291
tfaE_stfE_predicted,0.2,4,4,TCTGCAGAACTTGTGCAAAT,0,3537408
tfaE_stfE_predicted,0.2,4,4,TCTGAAATCACCAGATACTT,0,3494745
tfaE_stfE_predicted,0.2,4,4,TCTCTGACTGGCAATGCTCC,0,3475060
tfaE_stfE_predicted,0.2,4,4,TCTCTGACTAGCAAATAAAC,0,3526348
tfaE_stfE_predicted,0.2,4,4,TCTCTCAGCGGCGATGATAA,0,3504712
tfaE_stfE_predicted,0.2,4,4,TCTCTAGGACTCTATTACGA,0,3505559
tfaE_stfE_predicted,0.2,4,4,TCTCTAAAACACTTGAGAGT,0,3526255
tfaE_stfE_predicted,0.2,4,4,TCTCCCTCGTTACTATATCG,0,3503686
tfaE_stfE_predicted,0.2,4,4,TCTCATTTGTGGCGCTACGT,0,3539490
tfaE_stfE_predicted,0.2,4,4,TCTCATTGATCGTAAAGATT,0,3531825
tfaE_stfE_predicted,0.2,4,4,TCTATAAGCACCCACGTGAG,0,3487162
tfaE_stfE_predicted,0.2,4,4,TCTAGCGGCACATGCCATAG,0,3518548
tfaE_stfE_predicted,0.2,4,4,TCTAGAGATTGAACCAAGCT,0,3503369
tfaE_stfE_predicted,0.2,4,4,TCTAAGTTATTGCATGACCA,0,3527318
tfaE_stfE_predicted,0.2,4,4,TCTAAGCAGATACCGTCCGT,0,3520312
tfaE_stfE_predicted,0.2,4,4,TCTAACGCATCACGTAGGTG,0,3526862
tfaE_stfE_predicted,0.2,4,4,TCGTTCCCCGTGTCTATAGT,0,3522385
tfaE_stfE_predicted,0.2,4,4,TCGTTAGTGTGGCGTTTACA,0,3527710
tfaE_stfE_predicted,0.2,4,4,TCGTGTATACGGTGCATTCT,0,3486193
tfaE_stfE_predicted,0.2,4,4,TCGTGGAAGGCGTCATAGTG,0,3517945
tfaE_stfE_predicted,0.2,4,4,TCGTGCGCAAGGTAACGAGA,0,3468461
tfaE_stfE_predicted,0.2,4,4,TCGTGACGAGCATTAGATGC,0,3497635
tfaE_stfE_predicted,0.2,4,4,TCGTCTTTACCCGCAGCTAT,0,3495248
tfaE_stfE_predicted,0.2,4,4,TCGTCGAAAGCTGCTACAGA,0,3506337
tfaE_stfE_predicted,0.2,4,4,TCGTAGTGGAGAGGAACTCT,0,3528810
tfaE_stfE_predicted,0.2,4,4,TCGTAGGCTCACTTCGAGTC,0,3469219
tfaE_stfE_predicted,0.2,4,4,TCGTAGCTTTACTACGGGCA,0,3509798
tfaE_stfE_predicted,0.2,4,4,TCGGGGTGGAGGCGGGGCTT,0,3521186
tfaE_stfE_predicted,0.2,4,4,TCGGGCGGCTTCGCGGGCGC,0,3503110
tfaE_stfE_predicted,0.2,4,4,TCGGGCAGGCCCGTTAGATA,0,3529693
tfaE_stfE_predicted,0.2,4,4,TCGGCGAGGAATGCGGCCTC,0,3508616
tfaE_stfE_predicted,0.2,4,4,TCGGCCTACCGCCGCGGACC,0,3517454
tfaE_stfE_predicted,0.2,4,4,TCGCTTTTAGCCAGAGTGGA,0,3512690
tfaE_stfE_predicted,0.2,4,4,TCGCTAGGGAAAGTAGCTTG,0,3524288
tfaE_stfE_predicted,0.2,4,4,TCGCTACTAAAAACCCGACG,0,3522404
tfaE_stfE_predicted,0.2,4,4,TCGCTAATAAGGCGTTAAGT,0,3499301
tfaE_stfE_predicted,0.2,4,4,TCGCCACACCACCTAACGCG,0,3520035
tfaE_stfE_predicted,0.2,4,4,TCGCATGAGGAGGAATCGGA,0,3473155
tfaE_stfE_predicted,0.2,4,4,TCGCATAAATGTTGAAGCGA,0,3473906
tfaE_stfE_predicted,0.2,4,4,TCGCAGGGGGACCTCGCGAT,0,3493667
tfaE_stfE_predicted,0.2,4,4,TCGCAAGCGGGTAGTGCGTT,0,3504898
tfaE_stfE_predicted,0.2,4,4,TCGATACGTCAGGCTGTTTT,0,3513795
tfaE_stfE_predicted,0.2,4,4,TCGACTTGATATAGGAGACA,0,3510673
tfaE_stfE_predicted,0.2,4,4,TCGACCGATGGATCAAATCT,0,3499824
tfaE_stfE_predicted,0.2,4,4,TCGAAGGCTATATAATACTA,0,3485283
tfaE_stfE_predicted,0.2,4,4,TCGAAGGCCGTCAAGATAGT,0,3495446
tfaE_stfE_predicted,0.2,4,4,TCGAACCTTGAAGCGTCTTT,0,3483943
tfaE_stfE_predicted,0.2,4,4,TCCTTCATGTGGACATCGAT,0,3472657
tfaE_stfE_predicted,0.2,4,4,TCCTTAAGTCCGGTGGCAGA,0,3499883
tfaE_stfE_predicted,0.2,4,4,TCCTGTCGGACGGGGGGCGC,0,3540500
tfaE_stfE_predicted,0.2,4,4,TCCTGTATACTAAGAAAGAG,0,3492732
tfaE_stfE_predicted,0.2,4,4,TCCTGCAATCAGACGGAGGG,0,3505201
tfaE_stfE_predicted,0.2,4,4,TCCTCGCGTCTGATCAGAGA,0,3507998
tfaE_stfE_predicted,0.2,4,4,TCCTCGCAGGAAACCAACTT,0,3512449
tfaE_stfE_predicted,0.2,4,4,TCCTCCCTCTGAAAACGCAT,0,3526132
tfaE_stfE_predicted,0.2,4,4,TCCTCAGGGGAGAGATGTAG,0,3505812
tfaE_stfE_predicted,0.2,4,4,TCCTCAATATCCATCTTTGT,0,3536089
tfaE_stfE_predicted,0.2,4,4,TCCTATATAGGCCCATTAGG,0,3492471
tfaE_stfE_predicted,0.2,4,4,TCCTACGGTATGCACTTGAA,0,3504567
tfaE_stfE_predicted,0.2,4,4,TCCGTCAGCGTCACACCTTA,0,3507307
tfaE_stfE_predicted,0.2,4,4,TCCGTCAGATTCATTGCTAG,0,3495857
tfaE_stfE_predicted,0.2,4,4,TCCGTACGTTCCTACTCGTA,0,3505312
tfaE_stfE_predicted,0.2,4,4,TCCGGCTCTGTGCGTTAGAG,0,3526374
tfaE_stfE_predicted,0.2,4,4,TCCGCTTGGAGGTGGTATAA,0,3509985
tfaE_stfE_predicted,0.2,4,4,TCCGCAGGCGTGGAGATTTT,0,3528271
tfaE_stfE_predicted,0.2,4,4,TCCGAGTACATGTTTACAAC,0,3502752
tfaE_stfE_predicted,0.2,4,4,TCCGAGCTGGAAAAAAGGAT,0,3500005
tfaE_stfE_predicted,0.2,4,4,TCCCTCTTTTATAGATTCTC,0,3485907
tfaE_stfE_predicted,0.2,4,4,TCCCTCTAGTCCCATTACTA,0,3519824
tfaE_stfE_predicted,0.2,4,4,TCCCGTTGAGGATTATTTTC,0,3537710
tfaE_stfE_predicted,0.2,4,4,TCCCGTCCATATGATCATTT,0,3513674
tfaE_stfE_predicted,0.2,4,4,TCCCGCTCTCTAGCGTTGGT,0,3532256
tfaE_stfE_predicted,0.2,4,4,TCCCCCAATCAAACGGTTGG,0,3522649
tfaE_stfE_predicted,0.2,4,4,TCCCCCAAAACTTAACGTTA,0,3498962
tfaE_stfE_predicted,0.2,4,4,TCCCAAAGTTGTGCCGTTTT,0,3489593
tfaE_stfE_predicted,0.2,4,4,TCCATCCGCCTTCGCGAGGT,0,3478218
tfaE_stfE_predicted,0.2,4,4,TCCAGAGACCCTTAGAGTAG,0,3467609
tfaE_stfE_predicted,0.2,4,4,TCCACCAGGCCCGCAATAAT,0,3511898
tfaE_stfE_predicted,0.2,4,4,TCCACCACACGTGCCTTCTT,0,3505332
tfaE_stfE_predicted,0.2,4,4,TCCACAAGATCGCGGTAATG,0,3510625
tfaE_stfE_predicted,0.2,4,4,TCCAATTTGGACGTAGAACC,0,3529587
tfaE_stfE_predicted,0.2,4,4,TCCAATTCAGGGCATTTATT,0,3498533
tfaE_stfE_predicted,0.2,4,4,TCCAAGTTCTAGCTCCGACT,0,3473101
tfaE_stfE_predicted,0.2,4,4,TCATGGGGCGTTTTAACTAA,0,3483937
tfaE_stfE_predicted,0.2,4,4,TCATGGGGCATTACGGGACA,0,3500885
tfaE_stfE_predicted,0.2,4,4,TCATGGGCAGTCGGATTCAA,0,3499184
tfaE_stfE_predicted,0.2,4,4,TCATATATGACCAAGATGGT,0,3498745
tfaE_stfE_predicted,0.2,4,4,TCATATACGGGATGGGAGAG,0,3503543
tfaE_stfE_predicted,0.2,4,4,TCATAGACCAGTCCAAGCGA,0,3466664
tfaE_stfE_predicted,0.2,4,4,TCATACCAACCCAGACAATA,0,3515646
tfaE_stfE_predicted,0.2,4,4,TCAGTAATCGTAGCTTGTGA,0,3494568
tfaE_stfE_predicted,0.2,4,4,TCAGGGCATGGGCTGAAATT,0,3538492
tfaE_stfE_predicted,0.2,4,4,TCAGGATAAGGTACTTCATT,0,3483878
tfaE_stfE_predicted,0.2,4,4,TCAGGACCGGACAGTTGGCT,0,3502414
tfaE_stfE_predicted,0.2,4,4,TCAGCATGCCATTAAGAATT,0,3504191
tfaE_stfE_predicted,0.2,4,4,TCAGAGCTCTCCAGCAAGAG,0,3496579
tfaE_stfE_predicted,0.2,4,4,TCAGAGCTAGGGACCCGGAA,0,3536239
tfaE_stfE_predicted,0.2,4,4,TCAGAAAAGTTACACCTCGG,0,3533378
tfaE_stfE_predicted,0.2,4,4,TCACTTTAATTAGATTAGCA,0,3496753
tfaE_stfE_predicted,0.2,4,4,TCACTGCGACGATTCAAAAG,0,3532673
tfaE_stfE_predicted,0.2,4,4,TCACCTTCAGGCCCCTCGCG,0,3529918
tfaE_stfE_predicted,0.2,4,4,TCACCCTGTAACCTTTTCTC,0,3485418
tfaE_stfE_predicted,0.2,4,4,TCACCAATTAACGGGTTTAC,0,3513580
tfaE_stfE_predicted,0.2,4,4,TCACATTTCACGTGTAAGCC,0,3499066
tfaE_stfE_predicted,0.2,4,4,TCACAGGTTAAGATCGATGT,0,3526358
tfaE_stfE_predicted,0.2,4,4,TCACAGAGCGGGAGGTGGCA,0,3468355
tfaE_stfE_predicted,0.2,4,4,TCACACGATTGTCGTTAGAC,0,3523536
tfaE_stfE_predicted,0.2,4,4,TCAAGGTACCCAGCAAGCTA,0,3499873
tfaE_stfE_predicted,0.2,4,4,TCAACGGATTATCAGCACAC,0,3475441
tfaE_stfE_predicted,0.2,4,4,TCAAACGGGAATCTGCGGAA,0,3499986
tfaE_stfE_predicted,0.2,4,4,TATTTGATGCAGACACGGCG,0,3510820
tfaE_stfE_predicted,0.2,4,4,TATTTATTGTACCGGAGGGA,0,3507999
tfaE_stfE_predicted,0.2,4,4,TATTGAGCGCCTTTGACAAA,0,3538139
tfaE_stfE_predicted,0.2,4,4,TATTCTGCGTGACAACTTTT,0,3473416
tfaE_stfE_predicted,0.2,4,4,TATTATCGGGTTCAAATAGG,0,3527928
tfaE_stfE_predicted,0.2,4,4,TATTAGTCCGCGAAGGTTTG,0,3492842
tfaE_stfE_predicted,0.2,4,4,TATTAAGGTGGGTGTGCTGT,0,3499192
tfaE_stfE_predicted,0.2,4,4,TATGTACTAGCAGATGTGAC,0,3516486
tfaE_stfE_predicted,0.2,4,4,TATGTACGCTTTTGTACGGA,0,3476924
tfaE_stfE_predicted,0.2,4,4,TATGGTATCAACCTGCAACT,0,3468029
tfaE_stfE_predicted,0.2,4,4,TATGGCACGTGCAGAATCCA,0,3510954
tfaE_stfE_predicted,0.2,4,4,TATGGAAGCAATTAGGCCCA,0,3477777
tfaE_stfE_predicted,0.2,4,4,TATGCTCTTAGCGTACCAGA,0,3501602
tfaE_stfE_predicted,0.2,4,4,TATGCCTAAAAAGTTCCTCC,0,3500753
tfaE_stfE_predicted,0.2,4,4,TATGATCAGAATTGGGGTTT,0,3488473
tfaE_stfE_predicted,0.2,4,4,TATCTGCCGTGGACGCTACC,0,3510747
tfaE_stfE_predicted,0.2,4,4,TATCTCTGCCCGTCCTTCTG,0,3530552
tfaE_stfE_predicted,0.2,4,4,TATCTCTCAAAAGATTATCA,0,3492187
tfaE_stfE_predicted,0.2,4,4,TATCACTTCGTAATTTTCCA,0,3496794
tfaE_stfE_predicted,0.2,4,4,TATATTAGTGGACATAACCA,0,3506368
tfaE_stfE_predicted,0.2,4,4,TATATGGCTCGATTTCACCA,0,3474294
tfaE_stfE_predicted,0.2,4,4,TATATGCTCATGGTTTGGGT,0,3507316
tfaE_stfE_predicted,0.2,4,4,TATATATTACTGATATGGCA,0,3490241
tfaE_stfE_predicted,0.2,4,4,TATAGTCCACCTGAGATTGC,0,3487797
tfaE_stfE_predicted,0.2,4,4,TATACTTCGTCTTGTCGTTG,0,3466701
tfaE_stfE_predicted,0.2,4,4,TATACGAGTAAATACTGATG,0,3505649
tfaE_stfE_predicted,0.2,4,4,TATAAGCAGGTTGGTAAAGG,0,3519704
tfaE_stfE_predicted,0.2,4,4,TATAAACGAATTTTGTGACT,0,3483283
tfaE_stfE_predicted,0.2,4,4,TAGTGGGGCTCTCTCCACGG,0,3514502
tfaE_stfE_predicted,0.2,4,4,TAGTAGGCAGACGTTCAATG,0,3534058
tfaE_stfE_predicted,0.2,4,4,TAGGTCTCACATACCCGTGG,0,3468463
tfaE_stfE_predicted,0.2,4,4,TAGGGTTCTTTGCACGTGGC,0,3467550
tfaE_stfE_predicted,0.2,4,4,TAGGGGGTGGTCACATTAGG,0,3519220
tfaE_stfE_predicted,0.2,4,4,TAGGGCAACTCGGTCAAGTC,0,3505670
tfaE_stfE_predicted,0.2,4,4,TAGGCGGTAGATCAAGTGAT,0,3528750
tfaE_stfE_predicted,0.2,4,4,TAGGCGGCATTCGCCATAAC,0,3478526
tfaE_stfE_predicted,0.2,4,4,TAGGATCCTATGCTTTCGTG,0,3523507
tfaE_stfE_predicted,0.2,4,4,TAGGAGCTGGAAAAAAATTT,0,3481743
tfaE_stfE_predicted,0.2,4,4,TAGGAGACCTGCGGGTTATT,0,3505898
tfaE_stfE_predicted,0.2,4,4,TAGCTTCGATATGTATCACG,0,3483822
tfaE_stfE_predicted,0.2,4,4,TAGCGGTGTGGTTCGATTGA,0,3505916
tfaE_stfE_predicted,0.2,4,4,TAGCGGGAACGCTTGTGCTT,0,3490823
tfaE_stfE_predicted,0.2,4,4,TAGCCTTCGCTTATCATAAC,0,3529540
tfaE_stfE_predicted,0.2,4,4,TAGCCAGCAAATAGGATGCA,0,3499631
tfaE_stfE_predicted,0.2,4,4,TAGATTTGCGTTAGGTGTAC,0,3524388
tfaE_stfE_predicted,0.2,4,4,TAGATGTTTACGTTTGGCTA,0,3527543
tfaE_stfE_predicted,0.2,4,4,TAGATGGCCGCGCGCAATTC,0,3488871
tfaE_stfE_predicted,0.2,4,4,TAGATGGAGGGACTGAGGAT,0,3517825
tfaE_stfE_predicted,0.2,4,4,TAGATCAAGAAGTATAGGGT,0,3474990
tfaE_stfE_predicted,0.2,4,4,TAGATACTGTTCCGGTTCAA,0,3518875
tfaE_stfE_predicted,0.2,4,4,TAGAGGCAAAGCCTATCGAC,0,3531340
tfaE_stfE_predicted,0.2,4,4,TAGAGCGTAACCCCCTCGAG,0,3516007
tfaE_stfE_predicted,0.2,4,4,TAGAAGCCACACCTCGCGTA,0,3472057
tfaE_stfE_predicted,0.2,4,4,TAGAACCCAGACGACTTTGT,0,3507021
tfaE_stfE_predicted,0.2,4,4,TACTGGTTTTTGACTCCAGG,0,3491597
tfaE_stfE_predicted,0.2,4,4,TACTGCCCACAGCTAACGTA,0,3539617
tfaE_stfE_predicted,0.2,4,4,TACTCGCGTCACTCACAATC,0,3518349
tfaE_stfE_predicted,0.2,4,4,TACTAGCGTTGGGCGCCGGG,0,3512696
tfaE_stfE_predicted,0.2,4,4,TACTAGACGGAAGACCTCAA,0,3537202
tfaE_stfE_predicted,0.2,4,4,TACGGCAACCCTCAAACTTT,0,3503476
tfaE_stfE_predicted,0.2,4,4,TACGGATAAGGCGAATAAGC,0,3509271
tfaE_stfE_predicted,0.2,4,4,TACGGAGAGGTTATCTTAGC,0,3504993
tfaE_stfE_predicted,0.2,4,4,TACGGACATTGGCTTTACTT,0,3515080
tfaE_stfE_predicted,0.2,4,4,TACGCGGCCCGGATTTGCGA,0,3514419
tfaE_stfE_predicted,0.2,4,4,TACGAGTCACCTACCGGCAA,0,3497133
tfaE_stfE_predicted,0.2,4,4,TACGAGCACGCCAGTTGCCT,0,3508577
tfaE_stfE_predicted,0.2,4,4,TACCTTGCAGAAGGAAATAA,0,3523506
tfaE_stfE_predicted,0.2,4,4,TACCGTTCTTATTAGACACA,0,3515166
tfaE_stfE_predicted,0.2,4,4,TACCGCCGGAACTTGTCTAG,0,3526595
tfaE_stfE_predicted,0.2,4,4,TACCCAACCCCTGCCGTCCA,0,3483892
tfaE_stfE_predicted,0.2,4,4,TACATTCATGCCGTCCGGTC,0,3468104
tfaE_stfE_predicted,0.2,4,4,TACAGGGGCACACCCGAATC,0,3525763
tfaE_stfE_predicted,0.2,4,4,TACACACACTTTCTACCCTG,0,3479095
tfaE_stfE_predicted,0.2,4,4,TACAATCGCTGTCTGAGCCT,0,3508515
tfaE_stfE_predicted,0.2,4,4,TACAATAAAGAGCTGTAGAA,0,3491131
tfaE_stfE_predicted,0.2,4,4,TACAACCGGATTAAGTGATC,0,3539633
tfaE_stfE_predicted,0.2,4,4,TAATTCGCGATATAGTCCCA,0,3536096
tfaE_stfE_predicted,0.2,4,4,TAATTACCTATGCAATACAT,0,3499884
tfaE_stfE_predicted,0.2,4,4,TAATGGGGGTTGTTCACCTA,0,3496444
tfaE_stfE_predicted,0.2,4,4,TAATGCCCACTACCATTTAC,0,3490053
tfaE_stfE_predicted,0.2,4,4,TAATGAATAAGCTGCCAGAA,0,3486636
tfaE_stfE_predicted,0.2,4,4,TAATCGGCCCTGGATAATGT,0,3506395
tfaE_stfE_predicted,0.2,4,4,TAAGTTTGTAGTTTTAGTTC,0,3473687
tfaE_stfE_predicted,0.2,4,4,TAAGGCAGACAAAGGAATGT,0,3511495
tfaE_stfE_predicted,0.2,4,4,TAAGCTCCTCGTGGGGTAAG,0,3540475
tfaE_stfE_predicted,0.2,4,4,TAAGAGGCACTTCCGAAATC,0,3499357
tfaE_stfE_predicted,0.2,4,4,TAAGAGCTTTCTACTGTTGT,0,3486102
tfaE_stfE_predicted,0.2,4,4,TAACCTTCACTTTCTCTTAG,0,3474606
tfaE_stfE_predicted,0.2,4,4,TAACCGGGTATCCACACTTA,0,3525237
tfaE_stfE_predicted,0.2,4,4,TAACATTTAATCCTACATGC,0,3537899
tfaE_stfE_predicted,0.2,4,4,TAAATTTATGTCGCAATTAG,0,3514207
tfaE_stfE_predicted,0.2,4,4,TAAATGTTGGTTCGGCAATT,0,3520894
tfaE_stfE_predicted,0.2,4,4,TAAAGATCATAAGACGCACG,0,3513057
tfaE_stfE_predicted,0.2,4,4,TAAAGACCGTGAGGGTCTCA,0,3517066
tfaE_stfE_predicted,0.2,4,4,TAAACTATCAGCCCTACTCG,0,3466984
tfaE_stfE_predicted,0.2,4,4,TAAACTAACCGTGTATGGGG,0,3484728
tfaE_stfE_predicted,0.2,4,4,TAAAATTCCCAATACTCTAT,0,3496102
tfaE_stfE_predicted,0.2,4,4,TAAAATCAACATCTTAACCA,0,3483709
tfaE_stfE_predicted,0.2,4,4,GTTTTTTGATCTGAATGAGA,0,3524442
tfaE_stfE_predicted,0.2,4,4,GTTTTCCCTGCCAACAGCGA,0,3470325
tfaE_stfE_predicted,0.2,4,4,GTTTGCCATAGGTAACACGC,0,3471706
tfaE_stfE_predicted,0.2,4,4,GTTTCGGCCACAGCTCCGTC,0,3471719
tfaE_stfE_predicted,0.2,4,4,GTTTCCAAGACACCGGGCCT,0,3481537
tfaE_stfE_predicted,0.2,4,4,GTTTATATTTCTGACAAAGC,0,3536087
tfaE_stfE_predicted,0.2,4,4,GTTTAAACTTAGTGCAGGCG,0,3520695
tfaE_stfE_predicted,0.2,4,4,GTTGTTAAAGTTAAATGGTT,0,3494476
tfaE_stfE_predicted,0.2,4,4,GTTGGCTCGCAAGCAACAAA,0,3532933
tfaE_stfE_predicted,0.2,4,4,GTTGCGAGACGAGTAGAGGG,0,3539484
tfaE_stfE_predicted,0.2,4,4,GTTGATGAGAACGGAAGCAA,0,3513507
tfaE_stfE_predicted,0.2,4,4,GTTGAGTTACTCCGGGTGAA,0,3517216
tfaE_stfE_predicted,0.2,4,4,GTTCTAAGTATACGCCTGCT,0,3539740
tfaE_stfE_predicted,0.2,4,4,GTTCGCGGAAAATGGCACTT,0,3499496
tfaE_stfE_predicted,0.2,4,4,GTTCGAGGGTCTATGAACGG,0,3524187
tfaE_stfE_predicted,0.2,4,4,GTTCAATCCGTCCCAGGTGC,0,3497515
tfaE_stfE_predicted,0.2,4,4,GTTCAAAGTAATATGTGTTC,0,3473737
tfaE_stfE_predicted,0.2,4,4,GTTATTGAGCGCGCACTAAT,0,3488639
tfaE_stfE_predicted,0.2,4,4,GTTATGACGGTTATTGTATT,0,3470412
tfaE_stfE_predicted,0.2,4,4,GTTATCTTGCAAAGTAGGAC,0,3483423
tfaE_stfE_predicted,0.2,4,4,GTTATCAAGGCGCAACAATG,0,3526118
tfaE_stfE_predicted,0.2,4,4,GTTATCAAATGGATGTACAC,0,3471807
tfaE_stfE_predicted,0.2,4,4,GTTATATTTTTTAGTGCGGT,0,3484600
tfaE_stfE_predicted,0.2,4,4,GTTATAGTAGAAGCGAAGTA,0,3506525
tfaE_stfE_predicted,0.2,4,4,GTTAATATCCGTAACTTCGT,0,3512985
tfaE_stfE_predicted,0.2,4,4,GTTAAGCGTTACTAGACCTC,0,3478706
tfaE_stfE_predicted,0.2,4,4,GTTAACCGCCGTGAAAAACT,0,3510029
tfaE_stfE_predicted,0.2,4,4,GTTAAATGAATAGGGCTGTC,0,3538630
tfaE_stfE_predicted,0.2,4,4,GTGTTGACCGTCGATCTGAT,0,3511224
tfaE_stfE_predicted,0.2,4,4,GTGTTAATGCGTTTCGGAAG,0,3518375
tfaE_stfE_predicted,0.2,4,4,GTGTGGTATCCTGACTTCCT,0,3504241
tfaE_stfE_predicted,0.2,4,4,GTGTCTTTTTCTTGCTCCCT,0,3482172
tfaE_stfE_predicted,0.2,4,4,GTGTCTGTTTGACGGACGTC,0,3497108
tfaE_stfE_predicted,0.2,4,4,GTGTCTCCAATCAATACATA,0,3521412
tfaE_stfE_predicted,0.2,4,4,GTGTCCGCCTAGTTTCCGCC,0,3504679
tfaE_stfE_predicted,0.2,4,4,GTGTATTCAAACAGCCGCAG,0,3529700
tfaE_stfE_predicted,0.2,4,4,GTGTAGGGACGTGATCAGGT,0,3485385
tfaE_stfE_predicted,0.2,4,4,GTGTAATTACCAGAGAGACA,0,3470319
tfaE_stfE_predicted,0.2,4,4,GTGGTCTGCAACCTCGCATA,0,3538186
tfaE_stfE_predicted,0.2,4,4,GTGGCGGTTCACCAAGGTTT,0,3526876
tfaE_stfE_predicted,0.2,4,4,GTGGCCCGGTGTTAGCGTGG,0,3489677
tfaE_stfE_predicted,0.2,4,4,GTGGAATGTCAAAGCTGATA,0,3535402
tfaE_stfE_predicted,0.2,4,4,GTGCTTTTCAAGCTTTGGTT,0,3515853
tfaE_stfE_predicted,0.2,4,4,GTGCGACGCAGAACATCGGG,0,3480376
tfaE_stfE_predicted,0.2,4,4,GTGCCAGCTGCTTGCAAGGG,0,3513963
tfaE_stfE_predicted,0.2,4,4,GTGCATGTCGTCTTGCCTAT,0,3488249
tfaE_stfE_predicted,0.2,4,4,GTGCATCTATGGCACGAATT,0,3525205
tfaE_stfE_predicted,0.2,4,4,GTGCATATTCCTTTTATTAC,0,3494149
tfaE_stfE_predicted,0.2,4,4,GTGCAGGTACGAAGGGAGCT,0,3482153
tfaE_stfE_predicted,0.2,4,4,GTGATGCCTAGTCTATCTAT,0,3495300
tfaE_stfE_predicted,0.2,4,4,GTGATAATCGATAACGGGAT,0,3488126
tfaE_stfE_predicted,0.2,4,4,GTGAGGATTCTCGGCCACGT,0,3523566
tfaE_stfE_predicted,0.2,4,4,GTGACTTACGCAAACCAGAA,0,3527836
tfaE_stfE_predicted,0.2,4,4,GTGAAGACATCGTTCGGCGT,0,3513160
tfaE_stfE_predicted,0.2,4,4,GTCTGTAATTAGATCTTCGA,0,3482806
tfaE_stfE_predicted,0.2,4,4,GTCTGGTGGCCAGGTTCAGT,0,3479022
tfaE_stfE_predicted,0.2,4,4,GTCTGACGCTGCGCGGTTAC,0,3511489
tfaE_stfE_predicted,0.2,4,4,GTCTCTTCAGTGTAAAGATG,0,3497335
tfaE_stfE_predicted,0.2,4,4,GTCTCGTTAAGCCGGGTAAC,0,3498099
tfaE_stfE_predicted,0.2,4,4,GTCTCGGAGACTTGAAAGAT,0,3519075
tfaE_stfE_predicted,0.2,4,4,GTCTCATTCTCGGCTAGTTT,0,3488533
tfaE_stfE_predicted,0.2,4,4,GTCTAGTGATACAAGGGTAA,0,3467920
tfaE_stfE_predicted,0.2,4,4,GTCTACGTTGTAAAAGTACT,0,3492335
tfaE_stfE_predicted,0.2,4,4,GTCGTCGGTACAGCTAGAAC,0,3495345
tfaE_stfE_predicted,0.2,4,4,GTCGTACAGGTCCTATCGCA,0,3500726
tfaE_stfE_predicted,0.2,4,4,GTCGGTACAGAAGAAGAGTC,0,3498564
tfaE_stfE_predicted,0.2,4,4,GTCGGGTTTGTGACAAGATA,0,3511438
tfaE_stfE_predicted,0.2,4,4,GTCGCATGAAAGGACCTCGG,0,3471555
tfaE_stfE_predicted,0.2,4,4,GTCGAGGTGGCTACGCGAGG,0,3532734
tfaE_stfE_predicted,0.2,4,4,GTCGAACTGAGTCTAGGGAA,0,3494110
tfaE_stfE_predicted,0.2,4,4,GTCCTGGCTGGATTCAAGCA,0,3480439
tfaE_stfE_predicted,0.2,4,4,GTCCTGATGTGGTAGAAGGC,0,3514180
tfaE_stfE_predicted,0.2,4,4,GTCCGTTGCGTCTACGATTT,0,3494656
tfaE_stfE_predicted,0.2,4,4,GTCCGGGTTGAGCTGAGTGC,0,3473506
tfaE_stfE_predicted,0.2,4,4,GTCCGGACCCGTGGGTCTAC,0,3535705
tfaE_stfE_predicted,0.2,4,4,GTCCGCTACTCGATGCGAGT,0,3478667
tfaE_stfE_predicted,0.2,4,4,GTCCGCCGCGCCTCGGCGAA,0,3527511
tfaE_stfE_predicted,0.2,4,4,GTCCCTCGGGGAGTCTCGTG,0,3501478
tfaE_stfE_predicted,0.2,4,4,GTCCCGCGAAGAGCGTAGAT,0,3530121
tfaE_stfE_predicted,0.2,4,4,GTCCACTATACAATATCACT,0,3481347
tfaE_stfE_predicted,0.2,4,4,GTCCAACCACAGCAACGCGT,0,3514538
tfaE_stfE_predicted,0.2,4,4,GTCATCGTCCCGTCTTCTAG,0,3498512
tfaE_stfE_predicted,0.2,4,4,GTCAGTGCCTATAGTATAAT,0,3511762
tfaE_stfE_predicted,0.2,4,4,GTCAGACTAATATTGGAGTC,0,3471543
tfaE_stfE_predicted,0.2,4,4,GTCACTACAGTAGCCCAAAA,0,3500681
tfaE_stfE_predicted,0.2,4,4,GTCACATTTTTTGTGAACTA,0,3483352
tfaE_stfE_predicted,0.2,4,4,GTCAAGCAATTTGTGATTCC,0,3473029
tfaE_stfE_predicted,0.2,4,4,GTCAAGAAAACGTTCGTGAA,0,3485413
tfaE_stfE_predicted,0.2,4,4,GTCAACAAATGTCTCTCCTG,0,3469590
tfaE_stfE_predicted,0.2,4,4,GTATTTCAGTTCGGTTGCAC,0,3500001
tfaE_stfE_predicted,0.2,4,4,GTATTCTTGAGCTCCTCTAT,0,3472347
tfaE_stfE_predicted,0.2,4,4,GTATTCCTGCTTTAGCTAGC,0,3517654
tfaE_stfE_predicted,0.2,4,4,GTATGTGTTAAGTACCTTCG,0,3516374
tfaE_stfE_predicted,0.2,4,4,GTATGTATTGGTCGAAGCAA,0,3483629
tfaE_stfE_predicted,0.2,4,4,GTATGGATGTTAGACGACGT,0,3505930
tfaE_stfE_predicted,0.2,4,4,GTATCAGTAAGGGCTATGAG,0,3532775
tfaE_stfE_predicted,0.2,4,4,GTATAGGACTGCCGGATGGA,0,3489344
tfaE_stfE_predicted,0.2,4,4,GTATAATAAAGAGGTTCAAA,0,3524547
tfaE_stfE_predicted,0.2,4,4,GTAGCGGATATACCTAGCAG,0,3503011
tfaE_stfE_predicted,0.2,4,4,GTAGCGAGTTAGCGGCGGCT,0,3511941
tfaE_stfE_predicted,0.2,4,4,GTAGAGTTCCATGGTATCCT,0,3467949
tfaE_stfE_predicted,0.2,4,4,GTACAGGTGTACCGATTCCA,0,3528566
tfaE_stfE_predicted,0.2,4,4,GTACACAGAAACCGGTGTCA,0,3472300
tfaE_stfE_predicted,0.2,4,4,GTAATTTTGGAGACTGCTTC,0,3499134
tfaE_stfE_predicted,0.2,4,4,GTAATTGGAAGAGCTAGAGG,0,3510674
tfaE_stfE_predicted,0.2,4,4,GTAATGGAGCCAATTATACA,0,3520472
tfaE_stfE_predicted,0.2,4,4,GTAATGCCTTATCTGCGCCC,0,3487635
tfaE_stfE_predicted,0.2,4,4,GTAATCCATCACAGTGGGGA,0,3494078
tfaE_stfE_predicted,0.2,4,4,GTAACCCGCAATGCGATCCA,0,3527080
tfaE_stfE_predicted,0.2,4,4,GTAACCAGCGGCTGTGTTTA,0,3522874
tfaE_stfE_predicted,0.2,4,4,GTAAATTTCGTGTTTCGAGA,0,3501878
tfaE_stfE_predicted,0.2,4,4,GTAAACAATCCGAGGGGCGA,0,3480703
tfaE_stfE_predicted,0.2,4,4,GGTTTTGAGTTCCTCCATGG,0,3474804
tfaE_stfE_predicted,0.2,4,4,GGTTTTCACTATGCCACGTA,0,3503175
tfaE_stfE_predicted,0.2,4,4,GGTTGCGCACCAGGACACGG,0,3486644
tfaE_stfE_predicted,0.2,4,4,GGTTGACAGTATCGTGTGTG,0,3532602
tfaE_stfE_predicted,0.2,4,4,GGTTCCTAGACTTGGGGTGC,0,3537965
tfaE_stfE_predicted,0.2,4,4,GGTTCCCGAGAAGTATTGGC,0,3492430
tfaE_stfE_predicted,0.2,4,4,GGTTCCAGGAATGATACCAG,0,3486106
tfaE_stfE_predicted,0.2,4,4,GGTTCAGTAGATTAACACTA,0,3469621
tfaE_stfE_predicted,0.2,4,4,GGTTAGCTGGCAGAGATGCA,0,3522623
tfaE_stfE_predicted,0.2,4,4,GGTTACTTCGACGTGACGTA,0,3520002
tfaE_stfE_predicted,0.2,4,4,GGTTACTATATCAGGCCCAA,0,3467324
tfaE_stfE_predicted,0.2,4,4,GGTGTACTAATACAAAATGG,0,3486921
tfaE_stfE_predicted,0.2,4,4,GGTGGACTGAGCGCAGGCGT,0,3496942
tfaE_stfE_predicted,0.2,4,4,GGTGCTTCCGAACAGGCGCA,0,3470010
tfaE_stfE_predicted,0.2,4,4,GGTGCATCTTCATACGGTGG,0,3527297
tfaE_stfE_predicted,0.2,4,4,GGTCGATCCCGGTCGTTGAA,0,3514931
tfaE_stfE_predicted,0.2,4,4,GGTCCATGCGAACCAGCTCG,0,3512372
tfaE_stfE_predicted,0.2,4,4,GGTCCAATCCCAGTAGGAGC,0,3497205
tfaE_stfE_predicted,0.2,4,4,GGTAGTGATATCGAAGTAAA,0,3524967
tfaE_stfE_predicted,0.2,4,4,GGTAGAGCCGGGCACCAGAC,0,3477891
tfaE_stfE_predicted,0.2,4,4,GGTAGACGCCGACTCCTGTT,0,3468472
tfaE_stfE_predicted,0.2,4,4,GGTAACCGGACTTTAGGGAT,0,3468535
tfaE_stfE_predicted,0.2,4,4,GGTAAAACTCATGATGGTTT,0,3497485
tfaE_stfE_predicted,0.2,4,4,GGGTTCAGCCAGAAACAATG,0,3479464
tfaE_stfE_predicted,0.2,4,4,GGGTTATAGAACGTACGCCA,0,3490238
tfaE_stfE_predicted,0.2,4,4,GGGTGTGTTCACAAATAGGT,0,3533977
tfaE_stfE_predicted,0.2,4,4,GGGTGGCTGAAGGTTTCCTG,0,3477057
tfaE_stfE_predicted,0.2,4,4,GGGTGATTGTAGGGGCTCTA,0,3477883
tfaE_stfE_predicted,0.2,4,4,GGGTCAAAACATTTTGTCTT,0,3512626
tfaE_stfE_predicted,0.2,4,4,GGGTATTAAAAACTTTTCTC,0,3483700
tfaE_stfE_predicted,0.2,4,4,GGGTATCAAAGCTAGAATCC,0,3488790
tfaE_stfE_predicted,0.2,4,4,GGGTAGAATCTGGGCCAAAA,0,3476711
tfaE_stfE_predicted,0.2,4,4,GGGTACATGAAGCCCGTTGG,0,3505935
tfaE_stfE_predicted,0.2,4,4,GGGGTTCTAAGTCGGTAACT,0,3486024
tfaE_stfE_predicted,0.2,4,4,GGGGTGGCTGAAAACAAGTT,0,3539324
tfaE_stfE_predicted,0.2,4,4,GGGGCCGGCGTCCTAGCATA,0,3500347
tfaE_stfE_predicted,0.2,4,4,GGGGAAGCTCAGAATTCTGA,0,3488870
tfaE_stfE_predicted,0.2,4,4,GGGGAACTCCAGGTTTTCTT,0,3526143
tfaE_stfE_predicted,0.2,4,4,GGGGAAACGCCACACGAGGC,0,3516862
tfaE_stfE_predicted,0.2,4,4,GGGCTCTCGGGGGGAAAAAT,0,3468604
tfaE_stfE_predicted,0.2,4,4,GGGCTACGTATCCCAAGGAT,0,3512173
tfaE_stfE_predicted,0.2,4,4,GGGCGTCTCCTGTGGCCTCA,0,3521732
tfaE_stfE_predicted,0.2,4,4,GGGCCTTTTGAGCGTGCATA,0,3501636
tfaE_stfE_predicted,0.2,4,4,GGGCCTCCCTAGGACATTTT,0,3506753
tfaE_stfE_predicted,0.2,4,4,GGGCCACTCAACAGCAGACG,0,3469563
tfaE_stfE_predicted,0.2,4,4,GGGCATCCGAGAAGGGGTGC,0,3529401
tfaE_stfE_predicted,0.2,4,4,GGGATGTCATTGGCGAGCTG,0,3526665
tfaE_stfE_predicted,0.2,4,4,GGGATGGCAGCATACTGCGC,0,3476176
tfaE_stfE_predicted,0.2,4,4,GGGATGCATTTGATCCCGTG,0,3503680
tfaE_stfE_predicted,0.2,4,4,GGGAGTTATCATGCCATGCA,0,3482827
tfaE_stfE_predicted,0.2,4,4,GGGAGGACCGACGATGCTTA,0,3495176
tfaE_stfE_predicted,0.2,4,4,GGGAGCGTACGGAGGTGGAA,0,3511414
tfaE_stfE_predicted,0.2,4,4,GGGAGATACACTGAATTGAC,0,3514881
tfaE_stfE_predicted,0.2,4,4,GGGACTGCCCACGTGCTCAC,0,3473461
tfaE_stfE_predicted,0.2,4,4,GGGACTAAGTTGCCTTCGGC,0,3514581
tfaE_stfE_predicted,0.2,4,4,GGGACACTCATAATCGGTAT,0,3497344
tfaE_stfE_predicted,0.2,4,4,GGGACACCATCGTGAATTTC,0,3479863
tfaE_stfE_predicted,0.2,4,4,GGGAATCTTGTATGATGCGC,0,3486692
tfaE_stfE_predicted,0.2,4,4,GGGAAAGAGGAGGGGCGCGG,0,3530173
tfaE_stfE_predicted,0.2,4,4,GGCTTAGATATGTGGCGCTA,0,3504125
tfaE_stfE_predicted,0.2,4,4,GGCTGTCAGTGCATTCGTCA,0,3469167
tfaE_stfE_predicted,0.2,4,4,GGCTCTTGTCTGATTTCCAT,0,3495159
tfaE_stfE_predicted,0.2,4,4,GGCTAGTGGATAATCGGCAA,0,3519170
tfaE_stfE_predicted,0.2,4,4,GGCTAGCTATGGTGCACTGG,0,3530594
tfaE_stfE_predicted,0.2,4,4,GGCTAATATTGTACGAGAAA,0,3502404
tfaE_stfE_predicted,0.2,4,4,GGCGTATTATTGCACGTCCT,0,3477889
tfaE_stfE_predicted,0.2,4,4,GGCGGCTCAAGGTATTTGAC,0,3488609
tfaE_stfE_predicted,0.2,4,4,GGCGGCGATACCGGGTTAAG,0,3490734
tfaE_stfE_predicted,0.2,4,4,GGCGGCGAATTGAGTCTAAC,0,3467699
tfaE_stfE_predicted,0.2,4,4,GGCGCGACGTACCCTCGTCT,0,3473789
tfaE_stfE_predicted,0.2,4,4,GGCGATTTTGAGCCTCTAGC,0,3479728
tfaE_stfE_predicted,0.2,4,4,GGCGACGCCGCTGTAACACA,0,3528905
tfaE_stfE_predicted,0.2,4,4,GGCGAATGAGACAACGAGAT,0,3529116
tfaE_stfE_predicted,0.2,4,4,GGCGAAGTTCGGCGAATGGT,0,3485552
tfaE_stfE_predicted,0.2,4,4,GGCCTGCTCAGGCAGTCGGC,0,3535322
tfaE_stfE_predicted,0.2,4,4,GGCCTGCCTAGGTTGTGGCC,0,3479536
tfaE_stfE_predicted,0.2,4,4,GGCCTCGGGATAGGGGATTC,0,3493835
tfaE_stfE_predicted,0.2,4,4,GGCCTCAGTGTCCTTAGGCT,0,3475992
tfaE_stfE_predicted,0.2,4,4,GGCCTCAAATATTTTGAGCA,0,3525408
tfaE_stfE_predicted,0.2,4,4,GGCCTAAAGGTGCGCTTTAA,0,3470374
tfaE_stfE_predicted,0.2,4,4,GGCCCTGTCAGCGATAGCGT,0,3523631
tfaE_stfE_predicted,0.2,4,4,GGCCCCGTCGTACAGTGACA,0,3526657
tfaE_stfE_predicted,0.2,4,4,GGCCCCGCCACCGGGCCACA,0,3521542
tfaE_stfE_predicted,0.2,4,4,GGCCATCCACGTCCAAGTCA,0,3523051
tfaE_stfE_predicted,0.2,4,4,GGCCAGATACGGTTCAGGAC,0,3511522
tfaE_stfE_predicted,0.2,4,4,GGCATATATCTCAATATTAG,0,3508562
tfaE_stfE_predicted,0.2,4,4,GGCATAGCGCGGACGCTCTA,0,3530506
tfaE_stfE_predicted,0.2,4,4,GGCATAATGGAGAAGCTTTA,0,3517273
tfaE_stfE_predicted,0.2,4,4,GGCAGGCTTTATTGCACAGT,0,3536085
tfaE_stfE_predicted,0.2,4,4,GGCAATACTCACTCGTCACC,0,3526798
tfaE_stfE_predicted,0.2,4,4,GGATTCTTTCAGACTGGAAA,0,3472589
tfaE_stfE_predicted,0.2,4,4,GGATGGTATGCGGTCAGTCC,0,3476583
tfaE_stfE_predicted,0.2,4,4,GGATGACAGTTCTAGTAGTA,0,3502249
tfaE_stfE_predicted,0.2,4,4,GGATCTGGGAAGTTCCGGCT,0,3482614
tfaE_stfE_predicted,0.2,4,4,GGATCGTCAGAGTAAACGTG,0,3523823
tfaE_stfE_predicted,0.2,4,4,GGATCGAGCCCAGCATGCTT,0,3474014
tfaE_stfE_predicted,0.2,4,4,GGATCATCACGCAATTTTGT,0,3518661
tfaE_stfE_predicted,0.2,4,4,GGATCACGCAGCTTAATTCT,0,3478545
tfaE_stfE_predicted,0.2,4,4,GGATAATGCCGGGGCTGCCA,0,3479097
tfaE_stfE_predicted,0.2,4,4,GGAGTCGTGCGGGAAGCAGT,0,3509360
tfaE_stfE_predicted,0.2,4,4,GGAGTCCATTTCAGAATATT,0,3530874
tfaE_stfE_predicted,0.2,4,4,GGAGGTTTGTACTCAGGGCA,0,3472772
tfaE_stfE_predicted,0.2,4,4,GGAGGTCCGTCGTTTCGTCA,0,3519524
tfaE_stfE_predicted,0.2,4,4,GGAGGGGCTGGAGTCACCCT,0,3528482
tfaE_stfE_predicted,0.2,4,4,GGAGGGCATGCTGAGACCGT,0,3504041
tfaE_stfE_predicted,0.2,4,4,GGAGGAGAATAGTTGAACGG,0,3524605
tfaE_stfE_predicted,0.2,4,4,GGAGCATTATCCAGTTTAGA,0,3489227
tfaE_stfE_predicted,0.2,4,4,GGACTTCAAGACCATAAATT,0,3515691
tfaE_stfE_predicted,0.2,4,4,GGACTATTCTTGGATTTCTG,0,3523926
tfaE_stfE_predicted,0.2,4,4,GGACTATAATACACAAGTAG,0,3540352
tfaE_stfE_predicted,0.2,4,4,GGACCTCACGAACGACCCAA,0,3517124
tfaE_stfE_predicted,0.2,4,4,GGACCGCCCGAGCACGTTTT,0,3504485
tfaE_stfE_predicted,0.2,4,4,GGACCAGTAAGATTCTATAT,0,3486098
tfaE_stfE_predicted,0.2,4,4,GGACATGCGACGGACCATAA,0,3539051
tfaE_stfE_predicted,0.2,4,4,GGACATACTTATACCAGGCA,0,3538097
tfaE_stfE_predicted,0.2,4,4,GGACAGAATGTTTTATGGTT,0,3534330
tfaE_stfE_predicted,0.2,4,4,GGACAACGTATTTAAAGCAA,0,3467284
tfaE_stfE_predicted,0.2,4,4,GGAATGCCGTAAGCGGTAGA,0,3509178
tfaE_stfE_predicted,0.2,4,4,GGAATCATATCTTGGCCGCT,0,3482349
tfaE_stfE_predicted,0.2,4,4,GGAATCAGATCGGCGAGAGA,0,3507232
tfaE_stfE_predicted,0.2,4,4,GGAAGTAAAGAGCACTGCCA,0,3531614
tfaE_stfE_predicted,0.2,4,4,GGAACAAGTCAGCATTATTC,0,3510824
tfaE_stfE_predicted,0.2,4,4,GGAACAAAAACGGCTGCGTT,0,3484652
tfaE_stfE_predicted,0.2,4,4,GGAAAGAGTCATTGCACGCT,0,3512903
tfaE_stfE_predicted,0.2,4,4,GCTTTTTCCTCCGAGACCCT,0,3503758
tfaE_stfE_predicted,0.2,4,4,GCTTTACGCGATTTTTGAGC,0,3527854
tfaE_stfE_predicted,0.2,4,4,GCTTGTTCGCATGCTACTCG,0,3517202
tfaE_stfE_predicted,0.2,4,4,GCTTGGCCCGCGCCAACTGC,0,3470653
tfaE_stfE_predicted,0.2,4,4,GCTTCGGTGAAGCACTCAGT,0,3492447
tfaE_stfE_predicted,0.2,4,4,GCTTCACTGCAGGTCGCGGG,0,3495210
tfaE_stfE_predicted,0.2,4,4,GCTTAGAATGCAAGTGCGTC,0,3533509
tfaE_stfE_predicted,0.2,4,4,GCTTAAGTCCACTTGGCAGC,0,3525236
tfaE_stfE_predicted,0.2,4,4,GCTGTGTGTGGGATCAAGGT,0,3522685
tfaE_stfE_predicted,0.2,4,4,GCTGTGTGGGATGATGTCGT,0,3487274
tfaE_stfE_predicted,0.2,4,4,GCTGGCATACGCAGTGGGAT,0,3483980
tfaE_stfE_predicted,0.2,4,4,GCTGCTTAGTGGAACGTAGA,0,3467090
tfaE_stfE_predicted,0.2,4,4,GCTGCTGTTTGTATCGTGCA,0,3485447
tfaE_stfE_predicted,0.2,4,4,GCTGCGGCACACAACGAATC,0,3482472
tfaE_stfE_predicted,0.2,4,4,GCTGAGCACGTTGTAGTAGA,0,3537670
tfaE_stfE_predicted,0.2,4,4,GCTGACGGGCTGTACCCTAG,0,3496818
tfaE_stfE_predicted,0.2,4,4,GCTCGCCAACCAGGATCGGT,0,3467818
tfaE_stfE_predicted,0.2,4,4,GCTCCTCGAACTATGTCGTA,0,3499752
tfaE_stfE_predicted,0.2,4,4,GCTCCCATCGTATGTTAGAG,0,3472002
tfaE_stfE_predicted,0.2,4,4,GCTCAGTGGACAAGGCGCTA,0,3474964
tfaE_stfE_predicted,0.2,4,4,GCTCACCTATATATCGAAGG,0,3487271
tfaE_stfE_predicted,0.2,4,4,GCTCAAAGATCGAGCGGCAA,0,3515064
tfaE_stfE_predicted,0.2,4,4,GCTATTCCATTCAAGATGCA,0,3484573
tfaE_stfE_predicted,0.2,4,4,GCTATAACATCCCCATTTAT,0,3485626
tfaE_stfE_predicted,0.2,4,4,GCTAGCTGCCGGGCCTATGC,0,3538270
tfaE_stfE_predicted,0.2,4,4,GCTAGCATTATAAGCTTATC,0,3539980
tfaE_stfE_predicted,0.2,4,4,GCTACGCCGCATCGCGTTTA,0,3535592
tfaE_stfE_predicted,0.2,4,4,GCTAAGTCAAAGGTGTTCAG,0,3512472
tfaE_stfE_predicted,0.2,4,4,GCGTTTGTTCGTGCCAGTAC,0,3491122
tfaE_stfE_predicted,0.2,4,4,GCGTTGGAATCACCCTGCAT,0,3529329
tfaE_stfE_predicted,0.2,4,4,GCGTTGCGTTATCCCCCTGA,0,3486040
tfaE_stfE_predicted,0.2,4,4,GCGTTGAGGTAGGGCCCCAG,0,3467413
tfaE_stfE_predicted,0.2,4,4,GCGTGGTAATGCATGTGAGT,0,3517563
tfaE_stfE_predicted,0.2,4,4,GCGTGCCTCAATCAATAATG,0,3470218
tfaE_stfE_predicted,0.2,4,4,GCGTGAGAAGTAGCCGTGTG,0,3522004
tfaE_stfE_predicted,0.2,4,4,GCGTCTCTTCTGGCATGCCC,0,3484078
tfaE_stfE_predicted,0.2,4,4,GCGTCTCACTTGCTATAATA,0,3517435
tfaE_stfE_predicted,0.2,4,4,GCGTATCGATAACGCTCAGA,0,3511699
tfaE_stfE_predicted,0.2,4,4,GCGTAGGCCTACGACTCCAA,0,3484756
tfaE_stfE_predicted,0.2,4,4,GCGGTTTGGGAAGCCAAGGA,0,3486130
tfaE_stfE_predicted,0.2,4,4,GCGGTTGGCACAGATGAGGA,0,3528632
tfaE_stfE_predicted,0.2,4,4,GCGGTTGCACAGACTGTGGG,0,3489941
tfaE_stfE_predicted,0.2,4,4,GCGGTCAGCTAGTCCGACGA,0,3493719
tfaE_stfE_predicted,0.2,4,4,GCGGTAAGCGCAATGCTGAA,0,3523760
tfaE_stfE_predicted,0.2,4,4,GCGGGATTGGTCTCCAGGAT,0,3524696
tfaE_stfE_predicted,0.2,4,4,GCGGCACACGTGACAGTGTG,0,3478475
tfaE_stfE_predicted,0.2,4,4,GCGGATCTCAGGGCCGTCCA,0,3483962
tfaE_stfE_predicted,0.2,4,4,GCGGAGATGCGGCTGACATC,0,3540952
tfaE_stfE_predicted,0.2,4,4,GCGCTTGATTTGCTTGTATC,0,3524134
tfaE_stfE_predicted,0.2,4,4,GCGCTTCGCTGAGAGATCCC,0,3519007
tfaE_stfE_predicted,0.2,4,4,GCGCTTCGAAGTAAATCTCA,0,3527325
tfaE_stfE_predicted,0.2,4,4,GCGCTGACATTTTGGACGTA,0,3523059
tfaE_stfE_predicted,0.2,4,4,GCGCGCACGGTATAGGGTTG,0,3533328
tfaE_stfE_predicted,0.2,4,4,GCGCGATAATATAGCAGACT,0,3539699
tfaE_stfE_predicted,0.2,4,4,GCGCGACCCGTAGTGTTACC,0,3503167
tfaE_stfE_predicted,0.2,4,4,GCGCCACGCATTATCAGCGC,0,3515550
tfaE_stfE_predicted,0.2,4,4,GCGCAGCCTCGGCTGTCGGT,0,3539254
tfaE_stfE_predicted,0.2,4,4,GCGATTATTGTCAATCCTTA,0,3530137
tfaE_stfE_predicted,0.2,4,4,GCGATGCCTACTCGGACTTT,0,3509171
tfaE_stfE_predicted,0.2,4,4,GCGAGTTGTCCATTCGGGTG,0,3483012
tfaE_stfE_predicted,0.2,4,4,GCGAGGCCCAACACCCAATT,0,3508397
tfaE_stfE_predicted,0.2,4,4,GCGAGCGGAGCGCGGATAGA,0,3526837
tfaE_stfE_predicted,0.2,4,4,GCGACCAGCTAGTGTGGGTA,0,3509880
tfaE_stfE_predicted,0.2,4,4,GCCTTAAGCTATTCGGAAGC,0,3480720
tfaE_stfE_predicted,0.2,4,4,GCCTGTTAGATTATTGAAGG,0,3489871
tfaE_stfE_predicted,0.2,4,4,GCCTGCGCCGAGGTTCGCTA,0,3502373
tfaE_stfE_predicted,0.2,4,4,GCCTGCACGGCCCTGCACTC,0,3527337
tfaE_stfE_predicted,0.2,4,4,GCCTAACGGACCACGCCTTT,0,3483653
tfaE_stfE_predicted,0.2,4,4,GCCGTGATGGCGGTTCGCTT,0,3472339
tfaE_stfE_predicted,0.2,4,4,GCCGTGAAAAGTGCTAACAT,0,3492697
tfaE_stfE_predicted,0.2,4,4,GCCGTCCCTTACGTCTTGTT,0,3516962
tfaE_stfE_predicted,0.2,4,4,GCCGTAGCGCTAACAGTCTG,0,3530548
tfaE_stfE_predicted,0.2,4,4,GCCGGGTTGCAATTTTGGCA,0,3519939
tfaE_stfE_predicted,0.2,4,4,GCCGGAGCTTGCAAGATAAA,0,3519784
tfaE_stfE_predicted,0.2,4,4,GCCGCGGGATACATGGGAAG,0,3514765
tfaE_stfE_predicted,0.2,4,4,GCCGCCGTTATGAAATGTGA,0,3473198
tfaE_stfE_predicted,0.2,4,4,GCCGCCCAAGGGGAAATGAA,0,3471866
tfaE_stfE_predicted,0.2,4,4,GCCGATCTGCCTTTACTATC,0,3518176
tfaE_stfE_predicted,0.2,4,4,GCCGAGTTCTAAGTTGATTA,0,3513333
tfaE_stfE_predicted,0.2,4,4,GCCGAGGATCCGACTTTAGA,0,3479177
tfaE_stfE_predicted,0.2,4,4,GCCGAACATGTCCGGGTGCA,0,3517122
tfaE_stfE_predicted,0.2,4,4,GCCCTGTCCAAAAATCACTA,0,3518042
tfaE_stfE_predicted,0.2,4,4,GCCCCCGGCGGCATGTATTG,0,3505134
tfaE_stfE_predicted,0.2,4,4,GCCCCCACAATGGAAGCAGC,0,3481166
tfaE_stfE_predicted,0.2,4,4,GCCCAATATTCGCCAACATT,0,3469280
tfaE_stfE_predicted,0.2,4,4,GCCCAAGGGCGATCTGCAAC,0,3515340
tfaE_stfE_predicted,0.2,4,4,GCCATTCTTACTGGACTGCT,0,3540745
tfaE_stfE_predicted,0.2,4,4,GCCATTCAAGGAAGCAAGAA,0,3481665
tfaE_stfE_predicted,0.2,4,4,GCCATGAGGATTCTAGCAGT,0,3527331
tfaE_stfE_predicted,0.2,4,4,GCCACGAAGGGTTACTTCAT,0,3509860
tfaE_stfE_predicted,0.2,4,4,GCCACCGAATCGACGGAGCT,0,3473614
tfaE_stfE_predicted,0.2,4,4,GCCAAAGCATTACTTCTTAG,0,3479547
tfaE_stfE_predicted,0.2,4,4,GCCAAACAACAGCTAGGAGG,0,3505246
tfaE_stfE_predicted,0.2,4,4,GCATTTATTATACTCCCTTT,0,3487303
tfaE_stfE_predicted,0.2,4,4,GCATGGATAGCGCAAAGGTG,0,3517761
tfaE_stfE_predicted,0.2,4,4,GCATCCGTAGGTTCAAATCA,0,3486165
tfaE_stfE_predicted,0.2,4,4,GCATATGACTTGACATTGTG,0,3466950
tfaE_stfE_predicted,0.2,4,4,GCATAATGACGCGCACGTAC,0,3532723
tfaE_stfE_predicted,0.2,4,4,GCATAAGTGGCGTCCTAGCA,0,3532458
tfaE_stfE_predicted,0.2,4,4,GCAGTCCAGCCGTCAGCCTT,0,3467248
tfaE_stfE_predicted,0.2,4,4,GCAGTCAATTAGCGCAATCC,0,3487659
tfaE_stfE_predicted,0.2,4,4,GCAGGTTGAATGGGTAGGAC,0,3508771
tfaE_stfE_predicted,0.2,4,4,GCAGCGGCTCACCTAGAGCT,0,3482465
tfaE_stfE_predicted,0.2,4,4,GCAGCCCGTGCTGTTCATCG,0,3504416
tfaE_stfE_predicted,0.2,4,4,GCAGACAACACAACAGGTAG,0,3525622
tfaE_stfE_predicted,0.2,4,4,GCACTTCATCCTTGTCGCTT,0,3506397
tfaE_stfE_predicted,0.2,4,4,GCACTAATTAAGTCACAGTT,0,3493964
tfaE_stfE_predicted,0.2,4,4,GCACGTGCGTCTGTCCTCGT,0,3503112
tfaE_stfE_predicted,0.2,4,4,GCACGGGGAAAAGCACGTTT,0,3482023
tfaE_stfE_predicted,0.2,4,4,GCACCTTAGAGGTCCCGGCG,0,3522508
tfaE_stfE_predicted,0.2,4,4,GCACCGAACAGTAAGTGTCC,0,3504873
tfaE_stfE_predicted,0.2,4,4,GCACCCTGTCAGCAGGTGTA,0,3470394
tfaE_stfE_predicted,0.2,4,4,GCACATCCGCCTGTAGATTC,0,3482276
tfaE_stfE_predicted,0.2,4,4,GCACAGTAGAATTTTTTAAG,0,3481581
tfaE_stfE_predicted,0.2,4,4,GCAAGTCCAAGTTATATATG,0,3532269
tfaE_stfE_predicted,0.2,4,4,GCAACGCGAATGCTATGTGC,0,3524862
tfaE_stfE_predicted,0.2,4,4,GCAAACGCTTATAAGAGCGA,0,3489954
tfaE_stfE_predicted,0.2,4,4,GATTTTTAGCGCTAAGTATA,0,3540309
tfaE_stfE_predicted,0.2,4,4,GATTTACATATGACTAGCGA,0,3514575
tfaE_stfE_predicted,0.2,4,4,GATTGTCTCAGGCCTGAACC,0,3512063
tfaE_stfE_predicted,0.2,4,4,GATTCCTACTTAGGGCACCA,0,3517485
tfaE_stfE_predicted,0.2,4,4,GATTCACACAGAGATGATAA,0,3470753
tfaE_stfE_predicted,0.2,4,4,GATTATTTGTGAAGCCTGAT,0,3475920
tfaE_stfE_predicted,0.2,4,4,GATGGCAGAGAAAATTCGCA,0,3538616
tfaE_stfE_predicted,0.2,4,4,GATGCTTGTAGTCTCCTTAA,0,3491714
tfaE_stfE_predicted,0.2,4,4,GATGCTTCAGCCCCCCGCTG,0,3526866
tfaE_stfE_predicted,0.2,4,4,GATGCTAATTGGAAAGAAAC,0,3538164
tfaE_stfE_predicted,0.2,4,4,GATCCCGCCCATATTGGACT,0,3539564
tfaE_stfE_predicted,0.2,4,4,GATCACTTCTGCGCCGGGTG,0,3521953
tfaE_stfE_predicted,0.2,4,4,GATCACCTGCAGAAAACCAG,0,3497196
tfaE_stfE_predicted,0.2,4,4,GATCAATAGCCACGCTCGGG,0,3533937
tfaE_stfE_predicted,0.2,4,4,GATCAAGCTTTTATTGGTAA,0,3538640
tfaE_stfE_predicted,0.2,4,4,GATATCCGGTGGAGCGAATA,0,3494989
tfaE_stfE_predicted,0.2,4,4,GATACGTATTTATTGTCAAT,0,3474819
tfaE_stfE_predicted,0.2,4,4,GATACGCTGATAGTCTACCC,0,3508955
tfaE_stfE_predicted,0.2,4,4,GATACCTATTGCGCTCTGGA,0,3512460
tfaE_stfE_predicted,0.2,4,4,GATACCCGCGTTTCTGCGCT,0,3515556
tfaE_stfE_predicted,0.2,4,4,GATAAGTATTCGCAATTGCT,0,3489447
tfaE_stfE_predicted,0.2,4,4,GATAAGCAGGCGGACCAGAC,0,3479648
tfaE_stfE_predicted,0.2,4,4,GATAACTTTACCACGGGAGA,0,3494792
tfaE_stfE_predicted,0.2,4,4,GATAAAGGTCCACCTGCAGA,0,3499643
tfaE_stfE_predicted,0.2,4,4,GAGTTTTTACGCCCTCTCCA,0,3500712
tfaE_stfE_predicted,0.2,4,4,GAGTTTGACAGGGATGCGGA,0,3531207
tfaE_stfE_predicted,0.2,4,4,GAGTGGCATAGTTACTTTCC,0,3520967
tfaE_stfE_predicted,0.2,4,4,GAGTGCGAAGCCTACCGGTA,0,3518397
tfaE_stfE_predicted,0.2,4,4,GAGTGCCAGACGGTAGGCCT,0,3487953
tfaE_stfE_predicted,0.2,4,4,GAGTCTGCCCGTCACAACTT,0,3474073
tfaE_stfE_predicted,0.2,4,4,GAGTCGTTAGAACGGGATGG,0,3472375
tfaE_stfE_predicted,0.2,4,4,GAGTCCGTGCCAATGAATGG,0,3528200
tfaE_stfE_predicted,0.2,4,4,GAGTCCCGTGTTACGACAAA,0,3532097
tfaE_stfE_predicted,0.2,4,4,GAGGTTTACACCGCACGATA,0,3507435
tfaE_stfE_predicted,0.2,4,4,GAGGCGCGAATGCAATGGGT,0,3512834
tfaE_stfE_predicted,0.2,4,4,GAGGCGACCTGCGTGAGATG,0,3492448
tfaE_stfE_predicted,0.2,4,4,GAGGATTTAGTTGTGCGTAT,0,3483619
tfaE_stfE_predicted,0.2,4,4,GAGGAATGAGCTTAGGGTGC,0,3474672
tfaE_stfE_predicted,0.2,4,4,GAGCTCGTATAGGCCCGGAG,0,3469434
tfaE_stfE_predicted,0.2,4,4,GAGCGTACTCGCACGTTATA,0,3475403
tfaE_stfE_predicted,0.2,4,4,GAGCGGATTTAACGCTGGAT,0,3500993
tfaE_stfE_predicted,0.2,4,4,GAGCGAGGAATATTCCTTGA,0,3482260
tfaE_stfE_predicted,0.2,4,4,GAGCATTGGACCGAACCCGC,0,3515719
tfaE_stfE_predicted,0.2,4,4,GAGCAGGCTGTCCATGCTGA,0,3483869
tfaE_stfE_predicted,0.2,4,4,GAGCAGCTAGTTACGCTGAA,0,3540569
tfaE_stfE_predicted,0.2,4,4,GAGAGATGCGAAGCACCTCC,0,3482579
tfaE_stfE_predicted,0.2,4,4,GAGAGATCGCGAACTTGGTG,0,3481410
tfaE_stfE_predicted,0.2,4,4,GAGACTGGTTGCGGTGATCA,0,3481257
tfaE_stfE_predicted,0.2,4,4,GAGACGTGGCGGGTCAAGTG,0,3496058
tfaE_stfE_predicted,0.2,4,4,GAGAATATGGGAACCCGCGA,0,3494485
tfaE_stfE_predicted,0.2,4,4,GAGAAACAAAATTGATGCTG,0,3471981
tfaE_stfE_predicted,0.2,4,4,GACTTCTCTAACGCCCGAGC,0,3535424
tfaE_stfE_predicted,0.2,4,4,GACTGGTGTCATAGTCCCCT,0,3522876
tfaE_stfE_predicted,0.2,4,4,GACTGGACCCATCGATGTTC,0,3534497
tfaE_stfE_predicted,0.2,4,4,GACTGACCAATAAGTTACGC,0,3484957
tfaE_stfE_predicted,0.2,4,4,GACTCGTTATCCACTACTCG,0,3532135
tfaE_stfE_predicted,0.2,4,4,GACTCAGCCGGTTCAAGTGT,0,3482956
tfaE_stfE_predicted,0.2,4,4,GACTACGATATTTGGGTCCA,0,3473373
tfaE_stfE_predicted,0.2,4,4,GACTAAGGTTTATTGGACCA,0,3501934
tfaE_stfE_predicted,0.2,4,4,GACGATTGAGGACCTCCTGC,0,3534585
tfaE_stfE_predicted,0.2,4,4,GACGACAAACTGTTGGCGAT,0,3487820
tfaE_stfE_predicted,0.2,4,4,GACCTTGAGAGGGGGCGGAG,0,3516763
tfaE_stfE_predicted,0.2,4,4,GACCTCTTTTCGCAGGATAC,0,3526303
tfaE_stfE_predicted,0.2,4,4,GACCGGTCAGTGTAACTCCT,0,3525395
tfaE_stfE_predicted,0.2,4,4,GACCGGAAGCTCATTAGCTG,0,3476860
tfaE_stfE_predicted,0.2,4,4,GACCGCGCTGACTCATTCGA,0,3504243
tfaE_stfE_predicted,0.2,4,4,GACCGACATGGGGCCAGCGA,0,3471277
tfaE_stfE_predicted,0.2,4,4,GACCCGTTTGCATTCAGATC,0,3496567
tfaE_stfE_predicted,0.2,4,4,GACCAGATCGACCCTAAACT,0,3538603
tfaE_stfE_predicted,0.2,4,4,GACATTAGCGAGATGATTAT,0,3481851
tfaE_stfE_predicted,0.2,4,4,GACATCCCTATAGGATTCGT,0,3485019
tfaE_stfE_predicted,0.2,4,4,GACAGGCCTCTTTGTAACGC,0,3534311
tfaE_stfE_predicted,0.2,4,4,GACACGTAATTCCCTCGGAG,0,3533563
tfaE_stfE_predicted,0.2,4,4,GAATTTCCCGACGCTTCAGA,0,3511659
tfaE_stfE_predicted,0.2,4,4,GAATTCTCTTTCAGGTGTCT,0,3512550
tfaE_stfE_predicted,0.2,4,4,GAATTCCCTTGTGGTGCATG,0,3483298
tfaE_stfE_predicted,0.2,4,4,GAATTAGAGCGATGCCATTC,0,3524214
tfaE_stfE_predicted,0.2,4,4,GAATGGGATACCCCCTAAGG,0,3493192
tfaE_stfE_predicted,0.2,4,4,GAATACGTATGAACTTGGTA,0,3487881
tfaE_stfE_predicted,0.2,4,4,GAATACACGGTGGGCAAAAT,0,3474030
tfaE_stfE_predicted,0.2,4,4,GAAGTCGCAACGTGAGTCAT,0,3499361
tfaE_stfE_predicted,0.2,4,4,GAAGTAGTATATCTGTAAAC,0,3467116
tfaE_stfE_predicted,0.2,4,4,GAAGAGATCCGTAACTTGTG,0,3494265
tfaE_stfE_predicted,0.2,4,4,GAACTATTAGAGGCGCTAGG,0,3515010
tfaE_stfE_predicted,0.2,4,4,GAACGTTCCTTCACAGCATA,0,3512454
tfaE_stfE_predicted,0.2,4,4,GAACGTTATTATACAACGTT,0,3487461
tfaE_stfE_predicted,0.2,4,4,GAACACGACTGTTTTTATGA,0,3512463
tfaE_stfE_predicted,0.2,4,4,GAACACCAACACTGACGTAA,0,3527992
tfaE_stfE_predicted,0.2,4,4,GAAACGTACGTACCAGACAC,0,3475797
tfaE_stfE_predicted,0.2,4,4,GAAACGAGAAGAACCGTTCA,0,3471614
tfaE_stfE_predicted,0.2,4,4,GAAACACGATCCATTGTGCT,0,3511856
tfaE_stfE_predicted,0.2,4,4,GAAAAGTTGACATGCAAGGC,0,3479380
tfaE_stfE_predicted,0.2,4,4,GAAAAGACCTCATGGGACGG,0,3528229
tfaE_stfE_predicted,0.2,4,4,CTTTGTGTCTGAACCAGATA,0,3510235
tfaE_stfE_predicted,0.2,4,4,CTTTATCGTTACTACCTGGT,0,3532106
tfaE_stfE_predicted,0.2,4,4,CTTTAAGATCTGAACGGCAA,0,3496851
tfaE_stfE_predicted,0.2,4,4,CTTGTTTTCAGCTCCAGGGC,0,3527034
tfaE_stfE_predicted,0.2,4,4,CTTGTGGTGAAGATCATTTA,0,3467433
tfaE_stfE_predicted,0.2,4,4,CTTGTAAGGACATCACTTCT,0,3471721
tfaE_stfE_predicted,0.2,4,4,CTTGGTAAAACCTCAAATCT,0,3522580
tfaE_stfE_predicted,0.2,4,4,CTTGCTTTTGCAAATTCTTG,0,3519991
tfaE_stfE_predicted,0.2,4,4,CTTGCATTGCCTCAATGTAG,0,3531959
tfaE_stfE_predicted,0.2,4,4,CTTGCATCTCCTCTTTGCGG,0,3474513
tfaE_stfE_predicted,0.2,4,4,CTTCTATGATCTGACAAACC,0,3513087
tfaE_stfE_predicted,0.2,4,4,CTTCGAACCGCGTTAATTTA,0,3523659
tfaE_stfE_predicted,0.2,4,4,CTTCCTGTATGTGGTCACAA,0,3506691
tfaE_stfE_predicted,0.2,4,4,CTTCCATCGGGGCGCGAGAG,0,3525953
tfaE_stfE_predicted,0.2,4,4,CTTATTTGGGACATCAAAGT,0,3479773
tfaE_stfE_predicted,0.2,4,4,CTTATCTACGGCTCACACCC,0,3520047
tfaE_stfE_predicted,0.2,4,4,CTTAGGAGCTTATTTCCAAG,0,3467466
tfaE_stfE_predicted,0.2,4,4,CTTAGCGAGTCGCGGACCAC,0,3513569
tfaE_stfE_predicted,0.2,4,4,CTTAGCACTCTCACCGTTTA,0,3531262
tfaE_stfE_predicted,0.2,4,4,CTTACTGTATATGGCAAGAA,0,3483994
tfaE_stfE_predicted,0.2,4,4,CTTAATTATCCTTGTACGGA,0,3482506
tfaE_stfE_predicted,0.2,4,4,CTTAATGCGGATCCGCACCC,0,3509515
tfaE_stfE_predicted,0.2,4,4,CTTAAGATCGCTATTCCGAG,0,3519682
tfaE_stfE_predicted,0.2,4,4,CTTAAATCTTTCGGTCCCTT,0,3474169
tfaE_stfE_predicted,0.2,4,4,CTTAAAATCATATGGTACAC,0,3522193
tfaE_stfE_predicted,0.2,4,4,CTGTTTCTGGTCCTCTCCGC,0,3509268
tfaE_stfE_predicted,0.2,4,4,CTGTTGACTCTACGATACGA,0,3516467
tfaE_stfE_predicted,0.2,4,4,CTGTCGATAGTTACCTCTTT,0,3476744
tfaE_stfE_predicted,0.2,4,4,CTGTCAGATCTACCCGATGT,0,3524125
tfaE_stfE_predicted,0.2,4,4,CTGTCAATACCACTGATTGT,0,3475011
tfaE_stfE_predicted,0.2,4,4,CTGTACTCACGAAGAATAGG,0,3487802
tfaE_stfE_predicted,0.2,4,4,CTGTACGGTTAGGATTCATG,0,3488399
tfaE_stfE_predicted,0.2,4,4,CTGGGCTTCCGGTTTCCACA,0,3479556
tfaE_stfE_predicted,0.2,4,4,CTGGACTAACTTCACATCTT,0,3501687
tfaE_stfE_predicted,0.2,4,4,CTGGAAATTGAAGTTCAAAA,0,3484723
tfaE_stfE_predicted,0.2,4,4,CTGCTGTCACTAACATGCTC,0,3468264
tfaE_stfE_predicted,0.2,4,4,CTGCTGGGCAGCCTGTGCTG,0,3526161
tfaE_stfE_predicted,0.2,4,4,CTGCGTCTGGCGTCCGCGGC,0,3498014
tfaE_stfE_predicted,0.2,4,4,CTGCGACTCTATTGCACATT,0,3483212
tfaE_stfE_predicted,0.2,4,4,CTGCCTATATTATTGTTCGC,0,3538853
tfaE_stfE_predicted,0.2,4,4,CTGCCGTCAGCCCAGATGAC,0,3482320
tfaE_stfE_predicted,0.2,4,4,CTGCATTCTGCTGCAAGTGA,0,3497528
tfaE_stfE_predicted,0.2,4,4,CTGATCGTGCGCTCCATCGA,0,3484160
tfaE_stfE_predicted,0.2,4,4,CTGAGTGTAATATGTGTAGA,0,3480848
tfaE_stfE_predicted,0.2,4,4,CTGAGGGTATCTGGGTCAAA,0,3519136
tfaE_stfE_predicted,0.2,4,4,CTGACTTGGCTTACAGTAAA,0,3500152
tfaE_stfE_predicted,0.2,4,4,CTGACTTGCTCACTTAGCAA,0,3539345
tfaE_stfE_predicted,0.2,4,4,CTCTTTTAGGCCGTAATACC,0,3519572
tfaE_stfE_predicted,0.2,4,4,CTCTGTATCCAAACCATTTA,0,3497250
tfaE_stfE_predicted,0.2,4,4,CTCTGCTGGTTTACTTCGGA,0,3500827
tfaE_stfE_predicted,0.2,4,4,CTCTGATCCAATTCAGGGGC,0,3486415
tfaE_stfE_predicted,0.2,4,4,CTCTGAACCAGTGCTCTATG,0,3513317
tfaE_stfE_predicted,0.2,4,4,CTCTCTAGTCAGCAATGGAA,0,3490265
tfaE_stfE_predicted,0.2,4,4,CTCTCGGTCGAAAGTTACGC,0,3510003
tfaE_stfE_predicted,0.2,4,4,CTCTCAGTCGAATGGGCAAT,0,3482634
tfaE_stfE_predicted,0.2,4,4,CTCTCAATGACCGTTCCATA,0,3485616
tfaE_stfE_predicted,0.2,4,4,CTCTAATTTACCATGTATAA,0,3525782
tfaE_stfE_predicted,0.2,4,4,CTCTAAAGACCCCAATAAAT,0,3540761
tfaE_stfE_predicted,0.2,4,4,CTCTAAAACAGATGGGTCGG,0,3506833
tfaE_stfE_predicted,0.2,4,4,CTCGTTCTGGACACTTGAAT,0,3492575
tfaE_stfE_predicted,0.2,4,4,CTCGTGGTATCTCGCGCATG,0,3525239
tfaE_stfE_predicted,0.2,4,4,CTCGTCAGAACGTACTTTGA,0,3493797
tfaE_stfE_predicted,0.2,4,4,CTCGTAGTTACCCCCACTAG,0,3522038
tfaE_stfE_predicted,0.2,4,4,CTCGGTCCGCTTCTAGACTA,0,3518681
tfaE_stfE_predicted,0.2,4,4,CTCGGGTGGGCTAATATGCC,0,3533311
tfaE_stfE_predicted,0.2,4,4,CTCGGGGGAACAAGCTGGGT,0,3474818
tfaE_stfE_predicted,0.2,4,4,CTCGGCTAATTTTGGGCGAG,0,3523882
tfaE_stfE_predicted,0.2,4,4,CTCGGCGCTGTGCCCCGTGT,0,3530800
tfaE_stfE_predicted,0.2,4,4,CTCGGCGAGGCCTCGTGGGT,0,3512453
tfaE_stfE_predicted,0.2,4,4,CTCGCTTGTGTCCGTCCGAC,0,3512901
tfaE_stfE_predicted,0.2,4,4,CTCGACAATTGAACAATTCC,0,3487519
tfaE_stfE_predicted,0.2,4,4,CTCCTTGTATTGACCGAGTG,0,3498713
tfaE_stfE_predicted,0.2,4,4,CTCCTTCACACGGAGGGAAG,0,3507051
tfaE_stfE_predicted,0.2,4,4,CTCCTCCAAACATGTTGTGG,0,3496377
tfaE_stfE_predicted,0.2,4,4,CTCCGTGCTAGCAGCATAAC,0,3486649
tfaE_stfE_predicted,0.2,4,4,CTCCCCGACCCAGACGCTCG,0,3483711
tfaE_stfE_predicted,0.2,4,4,CTCCCAAGGGAAGGTTGTGA,0,3513805
tfaE_stfE_predicted,0.2,4,4,CTCCACCGGCGCCTCCGAAC,0,3474197
tfaE_stfE_predicted,0.2,4,4,CTCCACCGAGGACATACTTC,0,3485959
tfaE_stfE_predicted,0.2,4,4,CTCATGTTCCTTTAGAGATA,0,3523954
tfaE_stfE_predicted,0.2,4,4,CTCATGGACCGTGTCGCGAT,0,3473688
tfaE_stfE_predicted,0.2,4,4,CTCAGTCTTGCGATCAGCGG,0,3531838
tfaE_stfE_predicted,0.2,4,4,CTCAGAAATTAAACAAATGT,0,3485508
tfaE_stfE_predicted,0.2,4,4,CTCACGTTGTTAGCTCCACG,0,3525190
tfaE_stfE_predicted,0.2,4,4,CTCAACTTATAGAATTCTAC,0,3502773
tfaE_stfE_predicted,0.2,4,4,CTATGTTCTACGCAATCGGA,0,3505909
tfaE_stfE_predicted,0.2,4,4,CTATGGTGTTCACATCTCCC,0,3522566
tfaE_stfE_predicted,0.2,4,4,CTATGGTACCGAATCAAGAC,0,3516683
tfaE_stfE_predicted,0.2,4,4,CTATGGGCTCGCCCGGCGCG,0,3515097
tfaE_stfE_predicted,0.2,4,4,CTATCTATCTGCTGCTCGTT,0,3485474
tfaE_stfE_predicted,0.2,4,4,CTATCGTAGCTTTGGTCCTA,0,3481104
tfaE_stfE_predicted,0.2,4,4,CTATCATATACTTGTCGAAT,0,3499713
tfaE_stfE_predicted,0.2,4,4,CTATATCGGGAGCGATGTGT,0,3526331
tfaE_stfE_predicted,0.2,4,4,CTATATATCTGTCACCTCGG,0,3485444
tfaE_stfE_predicted,0.2,4,4,CTATAGGTCGTATCCCCCGG,0,3477098
tfaE_stfE_predicted,0.2,4,4,CTATAAATAACCGTGGCCCT,0,3537726
tfaE_stfE_predicted,0.2,4,4,CTAGTGCGTTTAAGACAAGA,0,3494336
tfaE_stfE_predicted,0.2,4,4,CTAGGTTGACCAAGACATTC,0,3478589
tfaE_stfE_predicted,0.2,4,4,CTAGGTTCCAATCGAGACAC,0,3490520
tfaE_stfE_predicted,0.2,4,4,CTAGGTAGGGAGCCTCTGCC,0,3468831
tfaE_stfE_predicted,0.2,4,4,CTAGATCTGAACTGGGAAAC,0,3537640
tfaE_stfE_predicted,0.2,4,4,CTAGACTGCATGAACCGATA,0,3506027
tfaE_stfE_predicted,0.2,4,4,CTACCTTGAGGCGAAGGGTT,0,3525872
tfaE_stfE_predicted,0.2,4,4,CTACCAGGTACCAGTGCAAT,0,3518346
tfaE_stfE_predicted,0.2,4,4,CTACATGAAACCACACTCCA,0,3515062
tfaE_stfE_predicted,0.2,4,4,CTACATACACTACTTGGGTG,0,3525196
tfaE_stfE_predicted,0.2,4,4,CTAATGCTCCTAGGAAGCAA,0,3504963
tfaE_stfE_predicted,0.2,4,4,CTAATCGTGATAGCAGTACT,0,3479866
tfaE_stfE_predicted,0.2,4,4,CTAAGGGGATTGTGTTCTAG,0,3482110
tfaE_stfE_predicted,0.2,4,4,CTAAGCCTCGGGGCTCCAGA,0,3498819
tfaE_stfE_predicted,0.2,4,4,CTAAAAGGCCACACGAGACT,0,3532728
tfaE_stfE_predicted,0.2,4,4,CTAAAAATCCGGAATGACGT,0,3467354
tfaE_stfE_predicted,0.2,4,4,CGTTTGGCGCCTACTACTTT,0,3522312
tfaE_stfE_predicted,0.2,4,4,CGTTTGGCCAACTACCAGTA,0,3523280
tfaE_stfE_predicted,0.2,4,4,CGTTTGCTCTCCCCCTGAGA,0,3486821
tfaE_stfE_predicted,0.2,4,4,CGTTTCGTTACCCGAAATAA,0,3515309
tfaE_stfE_predicted,0.2,4,4,CGTTTCGGTGTAAGCCCAGG,0,3509095
tfaE_stfE_predicted,0.2,4,4,CGTTTCAGGATTGAGGGAGC,0,3526558
tfaE_stfE_predicted,0.2,4,4,CGTTCGCCAGGTGAAGTCGT,0,3535490
tfaE_stfE_predicted,0.2,4,4,CGTTATCACACTTCCGTAGA,0,3516767
tfaE_stfE_predicted,0.2,4,4,CGTGGCTGACCTTCAACTAG,0,3478214
tfaE_stfE_predicted,0.2,4,4,CGTGCGATTGGGAAACTTGT,0,3501424
tfaE_stfE_predicted,0.2,4,4,CGTCTTCGATCGCGAAACCC,0,3476405
tfaE_stfE_predicted,0.2,4,4,CGTCTTAGAGGGCAACAATC,0,3518066
tfaE_stfE_predicted,0.2,4,4,CGTCTGCTCAGACTACCGTT,0,3534456
tfaE_stfE_predicted,0.2,4,4,CGTCTCCACGAATAGCCAAG,0,3518647
tfaE_stfE_predicted,0.2,4,4,CGTCTCCACCTAAACGGCTG,0,3497645
tfaE_stfE_predicted,0.2,4,4,CGTCTATGTACATCACACAG,0,3530617
tfaE_stfE_predicted,0.2,4,4,CGTCGTTGGTCGTGGTAAAG,0,3526651
tfaE_stfE_predicted,0.2,4,4,CGTCGGGGTCAAGTACGTCC,0,3475160
tfaE_stfE_predicted,0.2,4,4,CGTCCTATAGCTTCGCTGGG,0,3501313
tfaE_stfE_predicted,0.2,4,4,CGTACGTAACTCTACGGGTT,0,3518411
tfaE_stfE_predicted,0.2,4,4,CGTACGGTTGTCCTATCTCG,0,3537298
tfaE_stfE_predicted,0.2,4,4,CGTACCAGCGCTACACTGTG,0,3484806
tfaE_stfE_predicted,0.2,4,4,CGTACAAGGCATCCCCGTTA,0,3473157
tfaE_stfE_predicted,0.2,4,4,CGTAATATTGCCCGCACTTT,0,3469918
tfaE_stfE_predicted,0.2,4,4,CGTAACTGGTATTGGACCAT,0,3492533
tfaE_stfE_predicted,0.2,4,4,CGTAAAGACATTTGTCATTC,0,3489653
tfaE_stfE_predicted,0.2,4,4,CGGTTTAATGCGGCGCTATT,0,3523482
tfaE_stfE_predicted,0.2,4,4,CGGTTCGGATTAAAATAAAG,0,3492218
tfaE_stfE_predicted,0.2,4,4,CGGTTCGCACACGGATAAGA,0,3497930
tfaE_stfE_predicted,0.2,4,4,CGGTTCCCCTCTCTCAGAAG,0,3526075
tfaE_stfE_predicted,0.2,4,4,CGGTGTTTTCTGGCGCACTC,0,3540054
tfaE_stfE_predicted,0.2,4,4,CGGTGATGGGCGGAATGCTA,0,3496933
tfaE_stfE_predicted,0.2,4,4,CGGTCGGCCGTCCGGAAGAT,0,3501511
tfaE_stfE_predicted,0.2,4,4,CGGTCGCAACGTCCACAGCA,0,3516126
tfaE_stfE_predicted,0.2,4,4,CGGTCCGAATTCTTGATTCC,0,3480981
tfaE_stfE_predicted,0.2,4,4,CGGTCACCGTGAGGAAGCTA,0,3504739
tfaE_stfE_predicted,0.2,4,4,CGGTAGTACAAGCAGGCATT,0,3469838
tfaE_stfE_predicted,0.2,4,4,CGGTAATGTATGGGATGACA,0,3488562
tfaE_stfE_predicted,0.2,4,4,CGGTAAGGGCCAAGTGATAT,0,3529580
tfaE_stfE_predicted,0.2,4,4,CGGTAACCTGGGAGTTCCAT,0,3481661
tfaE_stfE_predicted,0.2,4,4,CGGGTGTCGTGCTAATTCAT,0,3503068
tfaE_stfE_predicted,0.2,4,4,CGGGTGCGCCGATACGTTGT,0,3499919
tfaE_stfE_predicted,0.2,4,4,CGGGTGCCAACAGTAGGTTG,0,3523878
tfaE_stfE_predicted,0.2,4,4,CGGGGGGTGTCCAGATTCGT,0,3491467
tfaE_stfE_predicted,0.2,4,4,CGGGGCTTGTTCGTCTGCGG,0,3513698
tfaE_stfE_predicted,0.2,4,4,CGGGCGGTCTCAGCCTTTAG,0,3490836
tfaE_stfE_predicted,0.2,4,4,CGGGCGGCCGGTTACCATGT,0,3476670
tfaE_stfE_predicted,0.2,4,4,CGGGCGGCCACAAGGTTACA,0,3467677
tfaE_stfE_predicted,0.2,4,4,CGGGCCGACACGTCGCTTTT,0,3468428
tfaE_stfE_predicted,0.2,4,4,CGGGCCCAGCAAAACTCTCA,0,3509496
tfaE_stfE_predicted,0.2,4,4,CGGGCATCCTGCCTCACCGG,0,3487584
tfaE_stfE_predicted,0.2,4,4,CGGGAACAGATCCGCTATGC,0,3521754
tfaE_stfE_predicted,0.2,4,4,CGGCGAACCATGCGTCTAAT,0,3514319
tfaE_stfE_predicted,0.2,4,4,CGGCCTTTGTAATGTAGGCA,0,3531227
tfaE_stfE_predicted,0.2,4,4,CGGCCGTCTAGCGGAGAGTG,0,3485462
tfaE_stfE_predicted,0.2,4,4,CGGCAGTGGAGGACCGTGTA,0,3529506
tfaE_stfE_predicted,0.2,4,4,CGGATCGACGGTGTATTATG,0,3477867
tfaE_stfE_predicted,0.2,4,4,CGGAGAGCGCCTCCATTATA,0,3522235
tfaE_stfE_predicted,0.2,4,4,CGGAATACGTTCATGGCCAA,0,3533853
tfaE_stfE_predicted,0.2,4,4,CGGAAGGTGGTTCCCTTCAT,0,3477047
tfaE_stfE_predicted,0.2,4,4,CGGAAATGGCGACCTGTAAC,0,3527625
tfaE_stfE_predicted,0.2,4,4,CGGAAATGACATTTCCCATA,0,3514442
tfaE_stfE_predicted,0.2,4,4,CGGAAAAATACTCTTCGTTG,0,3523897
tfaE_stfE_predicted,0.2,4,4,CGCTTTTCTAAAGAGGATGT,0,3480930
tfaE_stfE_predicted,0.2,4,4,CGCTTCCAGTTCATACCGAT,0,3524011
tfaE_stfE_predicted,0.2,4,4,CGCTTAGGTCCGAAATGAAT,0,3528106
tfaE_stfE_predicted,0.2,4,4,CGCTGTTTAACTCAGGGATC,0,3514098
tfaE_stfE_predicted,0.2,4,4,CGCTGGTTACTCCCTTGATA,0,3513194
tfaE_stfE_predicted,0.2,4,4,CGCTGGCATCGCATCGGAAT,0,3500667
tfaE_stfE_predicted,0.2,4,4,CGCTGAAAGTCGTTCGGTAG,0,3468283
tfaE_stfE_predicted,0.2,4,4,CGCTCTGTAGTACGGCGGCT,0,3536328
tfaE_stfE_predicted,0.2,4,4,CGCTATATGGACCGTCATCA,0,3501944
tfaE_stfE_predicted,0.2,4,4,CGCGTTTAGCTCTCTCCCAG,0,3500773
tfaE_stfE_predicted,0.2,4,4,CGCGTTATGTAGACCTGAAT,0,3531241
tfaE_stfE_predicted,0.2,4,4,CGCGTGAATTTGACGCGAGA,0,3502467
tfaE_stfE_predicted,0.2,4,4,CGCGGCGTGTGCATGAAACC,0,3485083
tfaE_stfE_predicted,0.2,4,4,CGCGCCATGTGGTACTGATC,0,3484485
tfaE_stfE_predicted,0.2,4,4,CGCGCCAAGAGCAAGGGCGC,0,3474475
tfaE_stfE_predicted,0.2,4,4,CGCGAAGGACTGACACAGGA,0,3471369
tfaE_stfE_predicted,0.2,4,4,CGCCTTGAATACTAGGCAAT,0,3490147
tfaE_stfE_predicted,0.2,4,4,CGCCTAAACAATTCACAATG,0,3513354
tfaE_stfE_predicted,0.2,4,4,CGCCGTCTGTACAGACGTCG,0,3475127
tfaE_stfE_predicted,0.2,4,4,CGCCGCCAGTGTGCCCAGCC,0,3529523
tfaE_stfE_predicted,0.2,4,4,CGCCGACCCGCGAACGTGGG,0,3516681
tfaE_stfE_predicted,0.2,4,4,CGCCCACGCTAATGTACTTC,0,3483495
tfaE_stfE_predicted,0.2,4,4,CGCCACTGACCGTCAGTATG,0,3539646
tfaE_stfE_predicted,0.2,4,4,CGCATTTCAATAACGTGGGG,0,3469178
tfaE_stfE_predicted,0.2,4,4,CGCATTACTGAGAACCCCGT,0,3472474
tfaE_stfE_predicted,0.2,4,4,CGCATGTGGACACAGGGATA,0,3520764
tfaE_stfE_predicted,0.2,4,4,CGCATGACCGAATCGAAAGC,0,3519241
tfaE_stfE_predicted,0.2,4,4,CGCATCGTGGGAATTGTTTA,0,3530026
tfaE_stfE_predicted,0.2,4,4,CGCAGATTGACGGCTTGGCA,0,3484769
tfaE_stfE_predicted,0.2,4,4,CGCAGATAGGGCGAACTGCC,0,3527469
tfaE_stfE_predicted,0.2,4,4,CGCAGAGGCCGCTAAGTAGT,0,3502243
tfaE_stfE_predicted,0.2,4,4,CGCACTAAGCTTGACAGGAA,0,3529657
tfaE_stfE_predicted,0.2,4,4,CGCACCGAACATTAGTAACT,0,3519367
tfaE_stfE_predicted,0.2,4,4,CGCACACGCTGACAAGCTGA,0,3532739
tfaE_stfE_predicted,0.2,4,4,CGCAAAGGGAAGTTAGGGTT,0,3517649
tfaE_stfE_predicted,0.2,4,4,CGCAAAATCACCGTGTGATA,0,3479330
tfaE_stfE_predicted,0.2,4,4,CGATTTGTAAAATAGTCGAA,0,3486926
tfaE_stfE_predicted,0.2,4,4,CGATTTACTGGGGATTCCGA,0,3511858
tfaE_stfE_predicted,0.2,4,4,CGATTGTAAGCAGAAGTTGG,0,3496936
tfaE_stfE_predicted,0.2,4,4,CGATGGGATGCTCGCGACCC,0,3514718
tfaE_stfE_predicted,0.2,4,4,CGATGCACAGCACGACAAGC,0,3488501
tfaE_stfE_predicted,0.2,4,4,CGATGCAAACCGGCGCAATG,0,3521142
tfaE_stfE_predicted,0.2,4,4,CGATGAATTACTATGGGTTC,0,3510617
tfaE_stfE_predicted,0.2,4,4,CGATCTTCTGGGCTCGCGAC,0,3480346
tfaE_stfE_predicted,0.2,4,4,CGATCGTTTGACTACGGTTG,0,3526998
tfaE_stfE_predicted,0.2,4,4,CGATCCTGTGGTAAAAGCGC,0,3531008
tfaE_stfE_predicted,0.2,4,4,CGAGTACGGCTAACCGGTAG,0,3507294
tfaE_stfE_predicted,0.2,4,4,CGAGGCGTTCGGTGAAGATC,0,3537460
tfaE_stfE_predicted,0.2,4,4,CGAGCTCAAGGTTCTCCACT,0,3496157
tfaE_stfE_predicted,0.2,4,4,CGAGATCTCTGGGGGGAATA,0,3539759
tfaE_stfE_predicted,0.2,4,4,CGACTTTACAACTCACTGCA,0,3471716
tfaE_stfE_predicted,0.2,4,4,CGACGGGATGATGTTCTAGA,0,3540192
tfaE_stfE_predicted,0.2,4,4,CGACGAATGTGTACTCACAA,0,3470259
tfaE_stfE_predicted,0.2,4,4,CGACCGGGGAACATGGGAAA,0,3515486
tfaE_stfE_predicted,0.2,4,4,CGACCGAAAATCATGAGTGC,0,3490135
tfaE_stfE_predicted,0.2,4,4,CGACAGTCATCGCGAGAGCT,0,3533234
tfaE_stfE_predicted,0.2,4,4,CGACACTGCTGGGCAAGAGT,0,3504427
tfaE_stfE_predicted,0.2,4,4,CGACACAGAGAGCTCTCGAT,0,3484627
tfaE_stfE_predicted,0.2,4,4,CGACAACGAAAAGGGGGGTA,0,3534165
tfaE_stfE_predicted,0.2,4,4,CGAATGACCCCGGGGGTGGC,0,3485110
tfaE_stfE_predicted,0.2,4,4,CGAAGCTTGATACATTAATG,0,3534716
tfaE_stfE_predicted,0.2,4,4,CGAAGAGAGATCGGCGTTTT,0,3517904
tfaE_stfE_predicted,0.2,4,4,CGAACCGCGCCCGTAGTCTG,0,3490824
tfaE_stfE_predicted,0.2,4,4,CGAAACGGTCACTCGTCTCT,0,3507428
tfaE_stfE_predicted,0.2,4,4,CGAAACGGAATGGACGGAGC,0,3467428
tfaE_stfE_predicted,0.2,4,4,CCTTTGTTTTGCCGACAAAC,0,3515238
tfaE_stfE_predicted,0.2,4,4,CCTTTCTTACTCAGATGCTA,0,3535750
tfaE_stfE_predicted,0.2,4,4,CCTTGAGGAAACCGCTGGGA,0,3475446
tfaE_stfE_predicted,0.2,4,4,CCTTCGTTGCGGTGGCTATT,0,3517385
tfaE_stfE_predicted,0.2,4,4,CCTTCGAATATTCAGTCGCT,0,3505168
tfaE_stfE_predicted,0.2,4,4,CCTTACCCTGTATTTGTGGG,0,3503962
tfaE_stfE_predicted,0.2,4,4,CCTGTACAAAGAAACCCAGA,0,3513611
tfaE_stfE_predicted,0.2,4,4,CCTGGGCGTGGGGACAACTT,0,3507345
tfaE_stfE_predicted,0.2,4,4,CCTGCAGCCTATAGGTTCGG,0,3528914
tfaE_stfE_predicted,0.2,4,4,CCTGCACTGACCTATCGAAC,0,3524637
tfaE_stfE_predicted,0.2,4,4,CCTGACGCGCGAGAGAAAAT,0,3533875
tfaE_stfE_predicted,0.2,4,4,CCTGAACGTGTGTCTCAAAC,0,3502645
tfaE_stfE_predicted,0.2,4,4,CCTCTTCGCTGAGCTTAAGG,0,3475505
tfaE_stfE_predicted,0.2,4,4,CCTCTATTTACACTGGAGGT,0,3490078
tfaE_stfE_predicted,0.2,4,4,CCTCTATCTTTCAACGGATT,0,3512531
tfaE_stfE_predicted,0.2,4,4,CCTCCGTACCCGCTGGCTCC,0,3498988
tfaE_stfE_predicted,0.2,4,4,CCTCACTTCCCGGTCCAAAG,0,3471225
tfaE_stfE_predicted,0.2,4,4,CCTATCCAGTAAGTGACGTT,0,3482936
tfaE_stfE_predicted,0.2,4,4,CCTATCCAATGTTTGACCTC,0,3496795
tfaE_stfE_predicted,0.2,4,4,CCTAGTTGGATAGGAATGCT,0,3480736
tfaE_stfE_predicted,0.2,4,4,CCTAGCAGTGTACCGTGTGT,0,3478303
tfaE_stfE_predicted,0.2,4,4,CCTACGGTCCCCTTTGCAAC,0,3539105
tfaE_stfE_predicted,0.2,4,4,CCGTTTTGCGTCAGGCCGTA,0,3517961
tfaE_stfE_predicted,0.2,4,4,CCGTTGTCCAATTAGCAGGT,0,3510695
tfaE_stfE_predicted,0.2,4,4,CCGTGGACCCTATCGTGCCA,0,3500475
tfaE_stfE_predicted,0.2,4,4,CCGTCACTCGACCGAAGCGC,0,3474883
tfaE_stfE_predicted,0.2,4,4,CCGTCACTCATCGGCTGCGT,0,3491873
tfaE_stfE_predicted,0.2,4,4,CCGTATCAATGTGCAGAGTC,0,3484504
tfaE_stfE_predicted,0.2,4,4,CCGGTTTGGAAGATGACATG,0,3533505
tfaE_stfE_predicted,0.2,4,4,CCGGTGGCGGCATTCAAGGA,0,3478766
tfaE_stfE_predicted,0.2,4,4,CCGGGTCCCATATCCGGGGG,0,3530073
tfaE_stfE_predicted,0.2,4,4,CCGGGAGGGGAGAGGCCCGG,0,3473864
tfaE_stfE_predicted,0.2,4,4,CCGGGACCAACTCCCGTGAA,0,3538689
tfaE_stfE_predicted,0.2,4,4,CCGGCAGGCAGATCTGCATT,0,3532685
tfaE_stfE_predicted,0.2,4,4,CCGCTCACCCCAATTGAACT,0,3495225
tfaE_stfE_predicted,0.2,4,4,CCGCTACTTCTGGAGTGGTG,0,3529543
tfaE_stfE_predicted,0.2,4,4,CCGCGGGTACGTGCATATAG,0,3520708
tfaE_stfE_predicted,0.2,4,4,CCGCGCTCCGGTTTGAGAAC,0,3539386
tfaE_stfE_predicted,0.2,4,4,CCGCGCCATGTGACGGTATT,0,3535745
tfaE_stfE_predicted,0.2,4,4,CCGCGCACATGCGGCCTGTA,0,3504684
tfaE_stfE_predicted,0.2,4,4,CCGCGATCATAGATAACCCC,0,3533774
tfaE_stfE_predicted,0.2,4,4,CCGCCCTGCTATAATTGCGT,0,3526624
tfaE_stfE_predicted,0.2,4,4,CCGCCCCATAATGGATGAAA,0,3509470
tfaE_stfE_predicted,0.2,4,4,CCGATTGATTTACGGTCTTT,0,3496597
tfaE_stfE_predicted,0.2,4,4,CCGATCATAAGCAGGGGTGT,0,3527021
tfaE_stfE_predicted,0.2,4,4,CCGAGTTATACCGGTGTGCA,0,3506528
tfaE_stfE_predicted,0.2,4,4,CCGAGTCGATGGCAATTGTT,0,3518188
tfaE_stfE_predicted,0.2,4,4,CCGACCCGTCTCCCCTTTCT,0,3512849
tfaE_stfE_predicted,0.2,4,4,CCGACCCAAGCTCCTTAACC,0,3503153
tfaE_stfE_predicted,0.2,4,4,CCGACAACTACTGAACACGT,0,3535732
tfaE_stfE_predicted,0.2,4,4,CCGAACCTGACGGGGCCAGT,0,3467145
tfaE_stfE_predicted,0.2,4,4,CCCTTCTTGCGCGTTGGTAA,0,3539437
tfaE_stfE_predicted,0.2,4,4,CCCTTATATGAGCTGGTTAT,0,3540863
tfaE_stfE_predicted,0.2,4,4,CCCTGTCAGAAACCCGGCAT,0,3498013
tfaE_stfE_predicted,0.2,4,4,CCCTGGCGTAGCCCTGTTTG,0,3498132
tfaE_stfE_predicted,0.2,4,4,CCCTGGCCCTCCTTTGGCGT,0,3472324
tfaE_stfE_predicted,0.2,4,4,CCCTCTTTGGCGTGACTCGA,0,3512382
tfaE_stfE_predicted,0.2,4,4,CCCTATAAGCGGAATCAGCT,0,3532679
tfaE_stfE_predicted,0.2,4,4,CCCTACTAAAATGCGTACTA,0,3485919
tfaE_stfE_predicted,0.2,4,4,CCCGTAATCCATAAGCATTA,0,3511407
tfaE_stfE_predicted,0.2,4,4,CCCGGTTCGGCATGCGGCTC,0,3471641
tfaE_stfE_predicted,0.2,4,4,CCCGGCGTAGCCCTGGGGTG,0,3534548
tfaE_stfE_predicted,0.2,4,4,CCCGGCAATAATTATATAGC,0,3475741
tfaE_stfE_predicted,0.2,4,4,CCCGAGTATGTGGTTCAAGA,0,3499946
tfaE_stfE_predicted,0.2,4,4,CCCGAAAAGGCTGGGCCGTG,0,3531344
tfaE_stfE_predicted,0.2,4,4,CCCCGGGCTGCGAGCATCAT,0,3505376
tfaE_stfE_predicted,0.2,4,4,CCCCGGATCATCCAGCGCGT,0,3533719
tfaE_stfE_predicted,0.2,4,4,CCCCGCGTCGAGGGTATTTT,0,3534982
tfaE_stfE_predicted,0.2,4,4,CCCCGATATACTGGTAGCCA,0,3484162
tfaE_stfE_predicted,0.2,4,4,CCCCACTTCCTCCGTACTTC,0,3474249
tfaE_stfE_predicted,0.2,4,4,CCCCAAAACGTGTTGCGATA,0,3475150
tfaE_stfE_predicted,0.2,4,4,CCCATTAACATTGCAACGTA,0,3525871
tfaE_stfE_predicted,0.2,4,4,CCCATCTCCCCCGGCGTGTT,0,3508506
tfaE_stfE_predicted,0.2,4,4,CCCATCCGAAAACCTGTGCC,0,3487103
tfaE_stfE_predicted,0.2,4,4,CCCATACGCCCTGCCAACCT,0,3494763
tfaE_stfE_predicted,0.2,4,4,CCCAGTGTAATCCGAACTCA,0,3515635
tfaE_stfE_predicted,0.2,4,4,CCCAGTACCAACCCTGTGTG,0,3505822
tfaE_stfE_predicted,0.2,4,4,CCCAGGTCCCGCTGCATTGA,0,3537420
tfaE_stfE_predicted,0.2,4,4,CCCAGGTCATAGTAGAGCTG,0,3520400
tfaE_stfE_predicted,0.2,4,4,CCCAGGTACCGGTCGTGCTA,0,3468186
tfaE_stfE_predicted,0.2,4,4,CCCAGCTTTCTGTTAGGATT,0,3524910
tfaE_stfE_predicted,0.2,4,4,CCCACGAGGGCAATCGGAAT,0,3479273
tfaE_stfE_predicted,0.2,4,4,CCCAAAACAAGAACGCAGGA,0,3493143
tfaE_stfE_predicted,0.2,4,4,CCATTCACAAGGAACGAAAG,0,3539055
tfaE_stfE_predicted,0.2,4,4,CCATGTTAAGGTTACGACCT,0,3493734
tfaE_stfE_predicted,0.2,4,4,CCATGTCCTCAAGATCGCTA,0,3483567
tfaE_stfE_predicted,0.2,4,4,CCATGTAGGGCTGGCAATCG,0,3518954
tfaE_stfE_predicted,0.2,4,4,CCATCGTCACTTTCCATCTA,0,3471304
tfaE_stfE_predicted,0.2,4,4,CCATCCTAACTGCACCATCA,0,3524070
tfaE_stfE_predicted,0.2,4,4,CCATCCATCTGTTAGTCGTG,0,3492105
tfaE_stfE_predicted,0.2,4,4,CCATAACACAAGGTGAAAAG,0,3522510
tfaE_stfE_predicted,0.2,4,4,CCAGTACGCGGAATAATCCA,0,3476162
tfaE_stfE_predicted,0.2,4,4,CCAGTAAAGCATGTTAGGGG,0,3526353
tfaE_stfE_predicted,0.2,4,4,CCAGGCCGAGGATTGAGATC,0,3507734
tfaE_stfE_predicted,0.2,4,4,CCAGCGGGAGGATGGATACT,0,3476367
tfaE_stfE_predicted,0.2,4,4,CCAGCGATTACTGGAAGCGC,0,3509590
tfaE_stfE_predicted,0.2,4,4,CCAGATTCGGCCACGCTGCG,0,3525867
tfaE_stfE_predicted,0.2,4,4,CCACTAGCTAGACAAGGCCT,0,3469720
tfaE_stfE_predicted,0.2,4,4,CCACGTGGTTGGTCATTTTC,0,3541026
tfaE_stfE_predicted,0.2,4,4,CCACGTACGAACGTTTTTAT,0,3502053
tfaE_stfE_predicted,0.2,4,4,CCACGGTCGAGCCCGGTATG,0,3485161
tfaE_stfE_predicted,0.2,4,4,CCACCGTTTTTAAGTCCTAA,0,3492494
tfaE_stfE_predicted,0.2,4,4,CCACCGGAAAGTAGTTAATT,0,3533216
tfaE_stfE_predicted,0.2,4,4,CCACATAGCTTCAGAAAAAA,0,3477209
tfaE_stfE_predicted,0.2,4,4,CCACAGTGGTTAGACAACGC,0,3518963
tfaE_stfE_predicted,0.2,4,4,CCAATGAAAGCTCTTCCCTA,0,3503003
tfaE_stfE_predicted,0.2,4,4,CCAAGTAGGCTCAATAGATG,0,3499739
tfaE_stfE_predicted,0.2,4,4,CCAAGGTAGCCTTTTGCGAA,0,3489758
tfaE_stfE_predicted,0.2,4,4,CCAACCCCGGGTAGAGGACG,0,3525033
tfaE_stfE_predicted,0.2,4,4,CCAAAAAGCAATCGATTACG,0,3532430
tfaE_stfE_predicted,0.2,4,4,CATTTTTTTAGGATACGAAC,0,3493794
tfaE_stfE_predicted,0.2,4,4,CATTGGATGGGATGTGCTGG,0,3512417
tfaE_stfE_predicted,0.2,4,4,CATGTGATTCTCTTGTCCAT,0,3533622
tfaE_stfE_predicted,0.2,4,4,CATGTCTGGATCCGCGTGCG,0,3494494
tfaE_stfE_predicted,0.2,4,4,CATCTGTAGGGTTCGGATGC,0,3474539
tfaE_stfE_predicted,0.2,4,4,CATCTATCCAGCATACATGG,0,3519666
tfaE_stfE_predicted,0.2,4,4,CATCGGGTTGACACATAATT,0,3479589
tfaE_stfE_predicted,0.2,4,4,CATCCAGTTAACGGCGCCCT,0,3477459
tfaE_stfE_predicted,0.2,4,4,CATCATTAGGTGGATGAGGT,0,3512119
tfaE_stfE_predicted,0.2,4,4,CATCATCAATGTTGCTGGGA,0,3471104
tfaE_stfE_predicted,0.2,4,4,CATCAGAGCTAAGACTGGTC,0,3534063
tfaE_stfE_predicted,0.2,4,4,CATCAATTTACGGTGCCAGT,0,3517804
tfaE_stfE_predicted,0.2,4,4,CATCAAGCACAGCAATTTAA,0,3494578
tfaE_stfE_predicted,0.2,4,4,CATCAAAGATGATATTGTAC,0,3512027
tfaE_stfE_predicted,0.2,4,4,CATATAGACGAGTATTGCTT,0,3534455
tfaE_stfE_predicted,0.2,4,4,CATAGAGGGCATGCCCCCTC,0,3485315
tfaE_stfE_predicted,0.2,4,4,CATACGGCGCGTATGGTTGC,0,3514928
tfaE_stfE_predicted,0.2,4,4,CATAATAGCGCGTTGGATTT,0,3504978
tfaE_stfE_predicted,0.2,4,4,CATAAGACTACCAGTCCGCG,0,3515331
tfaE_stfE_predicted,0.2,4,4,CATAAGACGAAAGATTGCGT,0,3517136
tfaE_stfE_predicted,0.2,4,4,CAGTGGAGACTTAATGCTGT,0,3513896
tfaE_stfE_predicted,0.2,4,4,CAGTGCGTAGGATCTCTCCC,0,3533705
tfaE_stfE_predicted,0.2,4,4,CAGTGCCTAAAGGCCTCGAA,0,3527843
tfaE_stfE_predicted,0.2,4,4,CAGTGACACAAAAGTCGCAA,0,3486554
tfaE_stfE_predicted,0.2,4,4,CAGTCGCCTTGAATATGCCT,0,3532145
tfaE_stfE_predicted,0.2,4,4,CAGTCACTGTTAACATGGTT,0,3484602
tfaE_stfE_predicted,0.2,4,4,CAGGGGCGTATGTGGTGCCA,0,3498917
tfaE_stfE_predicted,0.2,4,4,CAGGGCACCGCGAGGGTTTA,0,3508939
tfaE_stfE_predicted,0.2,4,4,CAGGGAGAAGGCATATATTA,0,3518053
tfaE_stfE_predicted,0.2,4,4,CAGGCACGCATCGCGGGCAA,0,3488448
tfaE_stfE_predicted,0.2,4,4,CAGGAGCCGGTACGAACAAT,0,3494808
tfaE_stfE_predicted,0.2,4,4,CAGGAAACAATCTTATGATG,0,3504890
tfaE_stfE_predicted,0.2,4,4,CAGCTATGTTGGGTTACGTG,0,3495771
tfaE_stfE_predicted,0.2,4,4,CAGCGCCCGTCCGGACAGGT,0,3517277
tfaE_stfE_predicted,0.2,4,4,CAGCCCGTGGACATGTGATC,0,3502269
tfaE_stfE_predicted,0.2,4,4,CAGCCAGTAATCCGGACACC,0,3493847
tfaE_stfE_predicted,0.2,4,4,CAGATGCAATGCCGGAGTTC,0,3477448
tfaE_stfE_predicted,0.2,4,4,CAGATCTTACGAATCCACGC,0,3492274
tfaE_stfE_predicted,0.2,4,4,CAGACGGTCAGACTTGTCGT,0,3513723
tfaE_stfE_predicted,0.2,4,4,CAGACGGCTGTTCGGCGCTC,0,3471801
tfaE_stfE_predicted,0.2,4,4,CAGAAGCGGCATGGGCATTT,0,3474745
tfaE_stfE_predicted,0.2,4,4,CAGAAACACGGCAATGTGAT,0,3500430
tfaE_stfE_predicted,0.2,4,4,CACTTTGGGCTGGGTCCGAG,0,3522156
tfaE_stfE_predicted,0.2,4,4,CACTTATGATCTAGCGTCGT,0,3496575
tfaE_stfE_predicted,0.2,4,4,CACTGATGCAACCGAGTCTA,0,3516960
tfaE_stfE_predicted,0.2,4,4,CACTGAGTAGTTTAGCCATG,0,3491170
tfaE_stfE_predicted,0.2,4,4,CACTCTGCCTTGCTAGGCGG,0,3473653
tfaE_stfE_predicted,0.2,4,4,CACTAATTCAGAGGTAGGAT,0,3526345
tfaE_stfE_predicted,0.2,4,4,CACGTCTAACGATCGACCCA,0,3526907
tfaE_stfE_predicted,0.2,4,4,CACGTCCAAAGGTGATATGT,0,3484335
tfaE_stfE_predicted,0.2,4,4,CACGGGTAGAGAGATGGTAG,0,3466806
tfaE_stfE_predicted,0.2,4,4,CACGGGACGCTAGCGCTTCG,0,3510592
tfaE_stfE_predicted,0.2,4,4,CACGCCGGATGCCTGGGGTT,0,3484823
tfaE_stfE_predicted,0.2,4,4,CACGACCTGCCTTCCGGGAG,0,3512513
tfaE_stfE_predicted,0.2,4,4,CACGAAGAATCGCATACGTG,0,3494840
tfaE_stfE_predicted,0.2,4,4,CACCCTTCTCCTTATACGGA,0,3539163
tfaE_stfE_predicted,0.2,4,4,CACCCCATGGAGCGACTATG,0,3468287
tfaE_stfE_predicted,0.2,4,4,CACCACGAGGCGACTACCTA,0,3503520
tfaE_stfE_predicted,0.2,4,4,CACCACCAAAAGAGGCATCA,0,3540145
tfaE_stfE_predicted,0.2,4,4,CACAGTGGAACGCCCGTCAC,0,3480336
tfaE_stfE_predicted,0.2,4,4,CACAGCAGGGAGGCTCGGTC,0,3510456
tfaE_stfE_predicted,0.2,4,4,CACACGTTCATGCTAGCTTT,0,3477716
tfaE_stfE_predicted,0.2,4,4,CACACGATGGCGAATTGCAG,0,3525217
tfaE_stfE_predicted,0.2,4,4,CACACGATGCATCTCAGGAC,0,3525914
tfaE_stfE_predicted,0.2,4,4,CACACAATTCCTCTTACGAA,0,3537307
tfaE_stfE_predicted,0.2,4,4,CACAAGGTACTCTTCAGGTT,0,3504210
tfaE_stfE_predicted,0.2,4,4,CACAACGTGGTTTGCGGTTT,0,3469546
tfaE_stfE_predicted,0.2,4,4,CAATTTAAAAGACATCAGTT,0,3482585
tfaE_stfE_predicted,0.2,4,4,CAATTCGGGGCACCGAGCAT,0,3480459
tfaE_stfE_predicted,0.2,4,4,CAATTATGGATACTGGACAT,0,3522521
tfaE_stfE_predicted,0.2,4,4,CAATCGGTAACCGCCAACAA,0,3520263
tfaE_stfE_predicted,0.2,4,4,CAATCCACTGGAGGAAAACA,0,3520356
tfaE_stfE_predicted,0.2,4,4,CAATATGCCTTCGAGTGTAA,0,3520114
tfaE_stfE_predicted,0.2,4,4,CAATACATTGATGCGAGTAG,0,3468956
tfaE_stfE_predicted,0.2,4,4,CAATACAAGTGCACCGAGCG,0,3514638
tfaE_stfE_predicted,0.2,4,4,CAAGTTTCCCAATCGAAATC,0,3533654
tfaE_stfE_predicted,0.2,4,4,CAAGTACAAAAGTCTCGACA,0,3529181
tfaE_stfE_predicted,0.2,4,4,CAAGGTGGTAACGGGTCCTG,0,3531047
tfaE_stfE_predicted,0.2,4,4,CAAGGTCCGCCTCAGCACAT,0,3526917
tfaE_stfE_predicted,0.2,4,4,CAAGGAGTAAGCTTAGGGAT,0,3467933
tfaE_stfE_predicted,0.2,4,4,CAAGCTCCCGGCAGCGAGCA,0,3472269
tfaE_stfE_predicted,0.2,4,4,CAAGCTCAATACAAGATTCC,0,3483947
tfaE_stfE_predicted,0.2,4,4,CAAGCGAATATAGGGGGATA,0,3481883
tfaE_stfE_predicted,0.2,4,4,CAAGCAAAGGCCGAAATCCG,0,3536051
tfaE_stfE_predicted,0.2,4,4,CAAGACAGCGCTACTGGCGT,0,3498877
tfaE_stfE_predicted,0.2,4,4,CAAGAACTCTGTAGGTGAAA,0,3527451
tfaE_stfE_predicted,0.2,4,4,CAAGAAAAGACCAAAGCATT,0,3511442
tfaE_stfE_predicted,0.2,4,4,CAACTGGCTGCTGGTTGTCA,0,3520358
tfaE_stfE_predicted,0.2,4,4,CAACTATTTTTCCGGTCCTC,0,3505166
tfaE_stfE_predicted,0.2,4,4,CAACCGGCATTCTAATGGTA,0,3528057
tfaE_stfE_predicted,0.2,4,4,CAACAATCCACCGCCTAAGA,0,3500604
tfaE_stfE_predicted,0.2,4,4,CAACAAGGGCGAACTGATCA,0,3531607
tfaE_stfE_predicted,0.2,4,4,CAAAGGGGGGGAGCAACAAG,0,3506983
tfaE_stfE_predicted,0.2,4,4,CAAACTTTGACGTCTTGCGG,0,3489492
tfaE_stfE_predicted,0.2,4,4,CAAACGGGCCTCGAGAGCGT,0,3476658
tfaE_stfE_predicted,0.2,4,4,CAAACCATTTTCATAACGTA,0,3467194
tfaE_stfE_predicted,0.2,4,4,CAAAAACACCGTGCCATTAG,0,3494269
tfaE_stfE_predicted,0.2,4,4,ATTTTCGTTGCGCAACGTGT,0,3500184
tfaE_stfE_predicted,0.2,4,4,ATTTTCCTACCCGCTCGAGA,0,3479621
tfaE_stfE_predicted,0.2,4,4,ATTTGGGTATGGGGCAGTAA,0,3504221
tfaE_stfE_predicted,0.2,4,4,ATTTGGCAACTGAATAGCCA,0,3525834
tfaE_stfE_predicted,0.2,4,4,ATTTGAGTAATAGATTGCAG,0,3496038
tfaE_stfE_predicted,0.2,4,4,ATTTCGTTATGTCCGCGTTA,0,3523342
tfaE_stfE_predicted,0.2,4,4,ATTTCAGGCGCGGGCCGGCC,0,3521948
tfaE_stfE_predicted,0.2,4,4,ATTGTATACCTGACGCCATT,0,3538691
tfaE_stfE_predicted,0.2,4,4,ATTGGTACTGTATGGGACGT,0,3540441
tfaE_stfE_predicted,0.2,4,4,ATTGGCGGAGCGAAAGTAAA,0,3470032
tfaE_stfE_predicted,0.2,4,4,ATTGCGCGTAACGACGATTA,0,3487649
tfaE_stfE_predicted,0.2,4,4,ATTGCCAACAATTAAAAACC,0,3468560
tfaE_stfE_predicted,0.2,4,4,ATTGCACCAGGGTAGGGATG,0,3491160
tfaE_stfE_predicted,0.2,4,4,ATTCTGACAGCCCATTCTCT,0,3471669
tfaE_stfE_predicted,0.2,4,4,ATTCTCCAAGCAGGGGAAGG,0,3508219
tfaE_stfE_predicted,0.2,4,4,ATTCTCAGATCTACCTTCTC,0,3540043
tfaE_stfE_predicted,0.2,4,4,ATTCTATGTAGCAGCCTGTC,0,3540271
tfaE_stfE_predicted,0.2,4,4,ATTCGTAAACACATTGGCGG,0,3523982
tfaE_stfE_predicted,0.2,4,4,ATTCCCGTTAATGTAGTAAG,0,3507647
tfaE_stfE_predicted,0.2,4,4,ATTCAATGGGGTAGGGCAGA,0,3475696
tfaE_stfE_predicted,0.2,4,4,ATTCAAGTCTACTATTAGCC,0,3489945
tfaE_stfE_predicted,0.2,4,4,ATTAGTCCTTCTTCATCGGA,0,3522308
tfaE_stfE_predicted,0.2,4,4,ATTAGGGCTATGTAGCCTGC,0,3532461
tfaE_stfE_predicted,0.2,4,4,ATTACCCCTATATTAATGTA,0,3519003
tfaE_stfE_predicted,0.2,4,4,ATTAAATGTATCCGGGCATT,0,3505550
tfaE_stfE_predicted,0.2,4,4,ATTAAACATTCTCCCGCTAA,0,3512270
tfaE_stfE_predicted,0.2,4,4,ATGTTTAAGCTGAGGCCGGC,0,3527108
tfaE_stfE_predicted,0.2,4,4,ATGTTGGAAACAGAATCCGT,0,3517731
tfaE_stfE_predicted,0.2,4,4,ATGTTCATAAAACTGGATCA,0,3533829
tfaE_stfE_predicted,0.2,4,4,ATGTGTTCTTATAATTTTTA,0,3477409
tfaE_stfE_predicted,0.2,4,4,ATGTGGGGTAGGGAAAATCA,0,3506858
tfaE_stfE_predicted,0.2,4,4,ATGTCCTGATATTCCGTGTG,0,3526299
tfaE_stfE_predicted,0.2,4,4,ATGTCCACGACCGTGTTCTG,0,3489723
tfaE_stfE_predicted,0.2,4,4,ATGTCCACCCGACTAGCTTA,0,3489639
tfaE_stfE_predicted,0.2,4,4,ATGTCAGTATGAAAGCTCTC,0,3488746
tfaE_stfE_predicted,0.2,4,4,ATGTCAATATAGATTACCTA,0,3500713
tfaE_stfE_predicted,0.2,4,4,ATGTACTGCCTTACGCGCTG,0,3480023
tfaE_stfE_predicted,0.2,4,4,ATGGTGATCAGCTGATACGA,0,3536045
tfaE_stfE_predicted,0.2,4,4,ATGGTCAAAGTTTATGGTAA,0,3490141
tfaE_stfE_predicted,0.2,4,4,ATGGTATTCAACGCAACCCA,0,3514206
tfaE_stfE_predicted,0.2,4,4,ATGGGCTTAGATTCCGGGGA,0,3474800
tfaE_stfE_predicted,0.2,4,4,ATGGCAGCTCACCAATGTAT,0,3533167
tfaE_stfE_predicted,0.2,4,4,ATGGACTATGGGAACGTCAA,0,3501382
tfaE_stfE_predicted,0.2,4,4,ATGCTATTGGGTAACCTCCT,0,3535253
tfaE_stfE_predicted,0.2,4,4,ATGCTACCGTGCCTATGGAC,0,3467348
tfaE_stfE_predicted,0.2,4,4,ATGCGGCACTAACGTCCTGA,0,3497628
tfaE_stfE_predicted,0.2,4,4,ATGCGAAAAGGGCATTACAC,0,3481679
tfaE_stfE_predicted,0.2,4,4,ATGCCGCGCTGCTCTAACAA,0,3478003
tfaE_stfE_predicted,0.2,4,4,ATGCATGAAGAGTGTCTTTG,0,3537037
tfaE_stfE_predicted,0.2,4,4,ATGATCGCGACCTGGTCTCG,0,3478159
tfaE_stfE_predicted,0.2,4,4,ATGAGCAAAGTCCAAGATTG,0,3495643
tfaE_stfE_predicted,0.2,4,4,ATGACGTACACGAAAATCAT,0,3530096
tfaE_stfE_predicted,0.2,4,4,ATGAAATCTGTATGGCGCTG,0,3476529
tfaE_stfE_predicted,0.2,4,4,ATCTGTTCTAATCACAATAA,0,3536905
tfaE_stfE_predicted,0.2,4,4,ATCTGTCGTGCTCGCACAAT,0,3479775
tfaE_stfE_predicted,0.2,4,4,ATCTGGTAAGACTTTATCTA,0,3535889
tfaE_stfE_predicted,0.2,4,4,ATCTACAACTGGCAGTAGCA,0,3539227
tfaE_stfE_predicted,0.2,4,4,ATCGTTTAGAGATCCCCGGG,0,3503860
tfaE_stfE_predicted,0.2,4,4,ATCGTGATTCCCCCTGTAGA,0,3540109
tfaE_stfE_predicted,0.2,4,4,ATCGTAATGCAGCGGTCAGA,0,3522988
tfaE_stfE_predicted,0.2,4,4,ATCGGTGAGATACTCAAATC,0,3503010
tfaE_stfE_predicted,0.2,4,4,ATCGGGTAAATGTTTTTCGT,0,3485598
tfaE_stfE_predicted,0.2,4,4,ATCGGGGAGCCTCATAGTGC,0,3472906
tfaE_stfE_predicted,0.2,4,4,ATCGCTCTGTAGCTTCGGGA,0,3479805
tfaE_stfE_predicted,0.2,4,4,ATCGCGCTCAGGGGCACATA,0,3504184
tfaE_stfE_predicted,0.2,4,4,ATCGCGATCTCGGTAGAGTC,0,3494170
tfaE_stfE_predicted,0.2,4,4,ATCGCATCGACATTGCCTAC,0,3487389
tfaE_stfE_predicted,0.2,4,4,ATCGAGCGGTCTCGGGTTAC,0,3476044
tfaE_stfE_predicted,0.2,4,4,ATCCGTGTAACGGGCGAAGT,0,3509253
tfaE_stfE_predicted,0.2,4,4,ATCCAGGGGCGTCTTCCTAT,0,3476365
tfaE_stfE_predicted,0.2,4,4,ATCATTTCGGCCGACGCGGA,0,3501904
tfaE_stfE_predicted,0.2,4,4,ATCATGAAGCTTTGGTGTAG,0,3525021
tfaE_stfE_predicted,0.2,4,4,ATCATCTTCATTGGGATCAA,0,3497413
tfaE_stfE_predicted,0.2,4,4,ATCATCGTGCGTAGAGGCCA,0,3481900
tfaE_stfE_predicted,0.2,4,4,ATCATCGAGAAAAATCACCC,0,3520731
tfaE_stfE_predicted,0.2,4,4,ATCATACACCACCTGAGGGG,0,3528698
tfaE_stfE_predicted,0.2,4,4,ATCATAATTAGCTTATAGCC,0,3479154
tfaE_stfE_predicted,0.2,4,4,ATCAGGGAGAGTCTACACTA,0,3536730
tfaE_stfE_predicted,0.2,4,4,ATCAACGGGAAACATATTAA,0,3497042
tfaE_stfE_predicted,0.2,4,4,ATCAAATCCTCTAGGCACGC,0,3529131
tfaE_stfE_predicted,0.2,4,4,ATCAAAATTTCAAGTCAACC,0,3504856
tfaE_stfE_predicted,0.2,4,4,ATATTTAGGTAAAGGCAGGC,0,3524085
tfaE_stfE_predicted,0.2,4,4,ATATTGGGTGGTCCATTCAA,0,3473154
tfaE_stfE_predicted,0.2,4,4,ATATTATTATTAGCCACATT,0,3521538
tfaE_stfE_predicted,0.2,4,4,ATATGGCCGGGATAGATTGG,0,3513668
tfaE_stfE_predicted,0.2,4,4,ATATGACTTTAAACATCGAT,0,3491806
tfaE_stfE_predicted,0.2,4,4,ATATCGAGTTCAGAACCCCT,0,3489164
tfaE_stfE_predicted,0.2,4,4,ATATCAGCTCATCTGGTCCA,0,3483155
tfaE_stfE_predicted,0.2,4,4,ATATATGTTTTGGGGCTGGC,0,3479623
tfaE_stfE_predicted,0.2,4,4,ATATAGTAAGGGGCGAGTCG,0,3471671
tfaE_stfE_predicted,0.2,4,4,ATATAAGTGGGATTGTACTT,0,3526549
tfaE_stfE_predicted,0.2,4,4,ATAGTTCGGCAGAGGACCGT,0,3493811
tfaE_stfE_predicted,0.2,4,4,ATAGTCCGGTCTTTGTCCGG,0,3535543
tfaE_stfE_predicted,0.2,4,4,ATAGGGCACGCTTACTCTAT,0,3532104
tfaE_stfE_predicted,0.2,4,4,ATAGGGATCTCTATGGGGTT,0,3483412
tfaE_stfE_predicted,0.2,4,4,ATAGGCTTGTCACCTTGACG,0,3491885
tfaE_stfE_predicted,0.2,4,4,ATAGGCCCAGTCACGGTTTT,0,3475064
tfaE_stfE_predicted,0.2,4,4,ATAGGCCAGCATTTCGGGCG,0,3499313
tfaE_stfE_predicted,0.2,4,4,ATAGGACCGTACAGCCCGCT,0,3481291
tfaE_stfE_predicted,0.2,4,4,ATAGGAATTAAACCAAGGGC,0,3518400
tfaE_stfE_predicted,0.2,4,4,ATAGCGAGAGACGGACACTA,0,3484906
tfaE_stfE_predicted,0.2,4,4,ATAGCCTCAGCAGCTCAGTC,0,3525304
tfaE_stfE_predicted,0.2,4,4,ATAGACATACTCGATTCGCT,0,3472177
tfaE_stfE_predicted,0.2,4,4,ATAGACAAAGTATACAGGGA,0,3477443
tfaE_stfE_predicted,0.2,4,4,ATACTCGTGATCAGATCAAC,0,3470989
tfaE_stfE_predicted,0.2,4,4,ATACGTGCGTTTGGAATGGC,0,3529293
tfaE_stfE_predicted,0.2,4,4,ATACGGGGGGTCGCTGCTCT,0,3476576
tfaE_stfE_predicted,0.2,4,4,ATACGCCTAGGCGTCTAGCC,0,3503684
tfaE_stfE_predicted,0.2,4,4,ATACGATAATAGAAATTATC,0,3490165
tfaE_stfE_predicted,0.2,4,4,ATACCGACCAGCCTAGTCAA,0,3474983
tfaE_stfE_predicted,0.2,4,4,ATACAGGGAATTTCGCCTGA,0,3499311
tfaE_stfE_predicted,0.2,4,4,ATACAATGGCCTGTTTCCTT,0,3525166
tfaE_stfE_predicted,0.2,4,4,ATAATAGGCTGGCGTCTTCT,0,3478375
tfaE_stfE_predicted,0.2,4,4,ATAATAAGCTGTGTAAGGGG,0,3514441
tfaE_stfE_predicted,0.2,4,4,ATAAGTTGAAATTGGTCCAG,0,3490489
tfaE_stfE_predicted,0.2,4,4,ATAACTGTGGCTATATGAGT,0,3473518
tfaE_stfE_predicted,0.2,4,4,ATAAATTACTCTTCCGGAAT,0,3524540
tfaE_stfE_predicted,0.2,4,4,ATAAAGCATGTATAAAGGCA,0,3467142
tfaE_stfE_predicted,0.2,4,4,AGTTTGGGTTTGAAATTCAC,0,3476630
tfaE_stfE_predicted,0.2,4,4,AGTTTGACCATTCGTTACTC,0,3517085
tfaE_stfE_predicted,0.2,4,4,AGTTTCCATACATTAACGTA,0,3471715
tfaE_stfE_predicted,0.2,4,4,AGTTTACTGACTAGAGTTCT,0,3499309
tfaE_stfE_predicted,0.2,4,4,AGTTGGATTATGGTCTTTGC,0,3526231
tfaE_stfE_predicted,0.2,4,4,AGTTCAAGGTTTGACCAGAG,0,3480592
tfaE_stfE_predicted,0.2,4,4,AGTTAGCCTATTATAGCCTA,0,3478381
tfaE_stfE_predicted,0.2,4,4,AGTTAGAATTGTCCGGTGGT,0,3483355
tfaE_stfE_predicted,0.2,4,4,AGTGTGCGTTCAGTAGATCC,0,3491069
tfaE_stfE_predicted,0.2,4,4,AGTGGTTCTTAGAATCGTCA,0,3470277
tfaE_stfE_predicted,0.2,4,4,AGTGGTGACTCGTTTCAAAC,0,3470244
tfaE_stfE_predicted,0.2,4,4,AGTGGGACGTAAGCTTCATT,0,3525430
tfaE_stfE_predicted,0.2,4,4,AGTGGATCTCCTCGGGTGGC,0,3492789
tfaE_stfE_predicted,0.2,4,4,AGTGGAAAGAACCACAAGTG,0,3541129
tfaE_stfE_predicted,0.2,4,4,AGTGCTCCCATTCGAGTAGT,0,3499746
tfaE_stfE_predicted,0.2,4,4,AGTGCCTCCGGTAAGGCGGA,0,3467043
tfaE_stfE_predicted,0.2,4,4,AGTGAGGTCGTATTGCTGTG,0,3516627
tfaE_stfE_predicted,0.2,4,4,AGTCGGGGTTACCGCGATAG,0,3521940
tfaE_stfE_predicted,0.2,4,4,AGTCACACTAAAAAGGTACA,0,3514464
tfaE_stfE_predicted,0.2,4,4,AGTATCGGACGGATACTCGT,0,3528921
tfaE_stfE_predicted,0.2,4,4,AGTAGGGTCGAATTTTAGAA,0,3468096
tfaE_stfE_predicted,0.2,4,4,AGTACTGGCGTGCTTAGATC,0,3527646
tfaE_stfE_predicted,0.2,4,4,AGTACCTCTAGCCAGGAATT,0,3509788
tfaE_stfE_predicted,0.2,4,4,AGTACCCGTCTAATAAGATA,0,3470078
tfaE_stfE_predicted,0.2,4,4,AGTACAGGAGCATGTGGGGG,0,3530025
tfaE_stfE_predicted,0.2,4,4,AGTAATTAGGGGAGATGGAA,0,3510044
tfaE_stfE_predicted,0.2,4,4,AGTAACTCATTCACAAAGGA,0,3485845
tfaE_stfE_predicted,0.2,4,4,AGTAACCTATGTGTCACACG,0,3509363
tfaE_stfE_predicted,0.2,4,4,AGTAAATTGGAATGCGATGC,0,3476310
tfaE_stfE_predicted,0.2,4,4,AGTAAAATTCCACCCGCGTC,0,3491570
tfaE_stfE_predicted,0.2,4,4,AGGTGGGCTACAAAGTCGCA,0,3472361
tfaE_stfE_predicted,0.2,4,4,AGGTGCCTCAGGGTTCGGTT,0,3486771
tfaE_stfE_predicted,0.2,4,4,AGGTGAGCTTCCCCTATATG,0,3479608
tfaE_stfE_predicted,0.2,4,4,AGGTGAGACATGGGTGTAGA,0,3476762
tfaE_stfE_predicted,0.2,4,4,AGGTCTATAAATGGGAGGTT,0,3510883
tfaE_stfE_predicted,0.2,4,4,AGGTATTTTCTTCGTTATTT,0,3484041
tfaE_stfE_predicted,0.2,4,4,AGGTACCGTTACGCTAAAAG,0,3477084
tfaE_stfE_predicted,0.2,4,4,AGGTAACGAAGGCGTGAATC,0,3483367
tfaE_stfE_predicted,0.2,4,4,AGGGTTTTATAGGGTCGAGC,0,3530311
tfaE_stfE_predicted,0.2,4,4,AGGGTCTCTACACCTTGCTC,0,3525775
tfaE_stfE_predicted,0.2,4,4,AGGGGCTGCTGGGTATTCAT,0,3469800
tfaE_stfE_predicted,0.2,4,4,AGGGCTTGGACTTTTCTGAA,0,3520737
tfaE_stfE_predicted,0.2,4,4,AGGGCTCCTCACCAGCTCCA,0,3466523
tfaE_stfE_predicted,0.2,4,4,AGGGAGGATGCATGCAACGC,0,3503890
tfaE_stfE_predicted,0.2,4,4,AGGGACTGTTAGTTTATCGG,0,3476015
tfaE_stfE_predicted,0.2,4,4,AGGCTTGGAATCACGTTCAC,0,3471897
tfaE_stfE_predicted,0.2,4,4,AGGCTTCCCCGAACTGGGCA,0,3527716
tfaE_stfE_predicted,0.2,4,4,AGGCGTCTCGTAGGATCGAC,0,3521194
tfaE_stfE_predicted,0.2,4,4,AGGCGCCTTTATCCGGGTTG,0,3506879
tfaE_stfE_predicted,0.2,4,4,AGGCCGCCAGGGTAGCTCGA,0,3510372
tfaE_stfE_predicted,0.2,4,4,AGGCATTGTCGTTCCTGCAT,0,3513424
tfaE_stfE_predicted,0.2,4,4,AGGCATCTGACTCGGAGGAG,0,3539126
tfaE_stfE_predicted,0.2,4,4,AGGCACCAGGGTGGAACACA,0,3536113
tfaE_stfE_predicted,0.2,4,4,AGGATTTATCTTAGGATTGA,0,3531133
tfaE_stfE_predicted,0.2,4,4,AGGAGGATTTGGATTTCACA,0,3470147
tfaE_stfE_predicted,0.2,4,4,AGGAGACTGATCATTCTATA,0,3536904
tfaE_stfE_predicted,0.2,4,4,AGGACATCCATGCTAAGGGT,0,3503410
tfaE_stfE_predicted,0.2,4,4,AGGACACGCTAAAGGTTGAT,0,3509652
tfaE_stfE_predicted,0.2,4,4,AGGAATAATGTGTCATTCAT,0,3531566
tfaE_stfE_predicted,0.2,4,4,AGCTTTGTTTCGAGACTTAC,0,3525052
tfaE_stfE_predicted,0.2,4,4,AGCTTTGTTCTCCTTACGGG,0,3492703
tfaE_stfE_predicted,0.2,4,4,AGCTTGGTACATTCCATTTA,0,3492872
tfaE_stfE_predicted,0.2,4,4,AGCTTCGTTATTCTAGGAAA,0,3492468
tfaE_stfE_predicted,0.2,4,4,AGCTTAATATGAATCATATG,0,3531537
tfaE_stfE_predicted,0.2,4,4,AGCTAATATACATCGTATAT,0,3481972
tfaE_stfE_predicted,0.2,4,4,AGCGTTACGTGACAGGCGAT,0,3534169
tfaE_stfE_predicted,0.2,4,4,AGCGTGTAAGAATTCAAGTT,0,3480411
tfaE_stfE_predicted,0.2,4,4,AGCGTCTCGAACTAGCACTC,0,3537514
tfaE_stfE_predicted,0.2,4,4,AGCGGCTCTATCAGTCGCGG,0,3489084
tfaE_stfE_predicted,0.2,4,4,AGCGCGCGGAGTGGTTTGGG,0,3478447
tfaE_stfE_predicted,0.2,4,4,AGCGCATTAAAACTGCTTAC,0,3513525
tfaE_stfE_predicted,0.2,4,4,AGCGACTCCACTATCCGGTT,0,3528253
tfaE_stfE_predicted,0.2,4,4,AGCGAAGGGATCTGGTACCA,0,3497686
tfaE_stfE_predicted,0.2,4,4,AGCCCTTTGGAGTCCGGTTT,0,3476746
tfaE_stfE_predicted,0.2,4,4,AGCCCTAGGTTTTTATGTAC,0,3531118
tfaE_stfE_predicted,0.2,4,4,AGCCCCTAAAGTACTTGGTG,0,3529842
tfaE_stfE_predicted,0.2,4,4,AGCCCCGTGAGCGCACCTCT,0,3482166
tfaE_stfE_predicted,0.2,4,4,AGCCCACTACATCAGGTCGC,0,3528237
tfaE_stfE_predicted,0.2,4,4,AGCCATGCGGTAGTCTCATA,0,3466477
tfaE_stfE_predicted,0.2,4,4,AGCCAGTGTGTGAGCTCTTG,0,3500833
tfaE_stfE_predicted,0.2,4,4,AGCCAAGCGGGGAAGTTTGA,0,3535500
tfaE_stfE_predicted,0.2,4,4,AGCATTGATCTTAAGAAACC,0,3526086
tfaE_stfE_predicted,0.2,4,4,AGCATGGGGGCTCGTCGCCC,0,3470029
tfaE_stfE_predicted,0.2,4,4,AGCAGTGAAGGCGTTCGCAG,0,3495086
tfaE_stfE_predicted,0.2,4,4,AGCAGCTTGTCATGGCAGAG,0,3467057
tfaE_stfE_predicted,0.2,4,4,AGCACTGGCGCAATAATAGA,0,3524209
tfaE_stfE_predicted,0.2,4,4,AGCACCTAAGTAGCCCTTCG,0,3478799
tfaE_stfE_predicted,0.2,4,4,AGCACCAGGCGAGTTACAAC,0,3479109
tfaE_stfE_predicted,0.2,4,4,AGCAATGCCCTACCGGGTCA,0,3495856
tfaE_stfE_predicted,0.2,4,4,AGATTCGCGAATGAGGTTAA,0,3475355
tfaE_stfE_predicted,0.2,4,4,AGATTAATTCTCCCACTGTG,0,3527014
tfaE_stfE_predicted,0.2,4,4,AGATCTACCCCGCCTCAATA,0,3482686
tfaE_stfE_predicted,0.2,4,4,AGATCGGTGCCTTATGGGGC,0,3535819
tfaE_stfE_predicted,0.2,4,4,AGATCGAGGGGAATAGTCGT,0,3525017
tfaE_stfE_predicted,0.2,4,4,AGATCATAGGTATTTCCAGA,0,3533011
tfaE_stfE_predicted,0.2,4,4,AGATATGCTGGTAATCAGCC,0,3475431
tfaE_stfE_predicted,0.2,4,4,AGATAGCATGCAGAAGCAAA,0,3516547
tfaE_stfE_predicted,0.2,4,4,AGAGATTGCCTTGCTCCACG,0,3468833
tfaE_stfE_predicted,0.2,4,4,AGAGAGCGACAGTCAGGGGG,0,3494421
tfaE_stfE_predicted,0.2,4,4,AGAGACTCCTCATCTGATAA,0,3516327
tfaE_stfE_predicted,0.2,4,4,AGACGCATATCCCGAGATTA,0,3541117
tfaE_stfE_predicted,0.2,4,4,AGACCTATCTTTTCTCTTGT,0,3479514
tfaE_stfE_predicted,0.2,4,4,AGACCAGTGAACTTCTTTAA,0,3488963
tfaE_stfE_predicted,0.2,4,4,AGACATACTAATATGCCTTG,0,3475674
tfaE_stfE_predicted,0.2,4,4,AGACACTAGCGTGGCTGACA,0,3534292
tfaE_stfE_predicted,0.2,4,4,AGAAGAACATTTCAAGTATT,0,3495983
tfaE_stfE_predicted,0.2,4,4,AGAACACCAGCTGGTTGCCA,0,3517037
tfaE_stfE_predicted,0.2,4,4,ACTTTTAGCACATCCATAAC,0,3488637
tfaE_stfE_predicted,0.2,4,4,ACTTGGCGGCGACAAATCTC,0,3479169
tfaE_stfE_predicted,0.2,4,4,ACTTGGCAAAGACGACACGT,0,3506350
tfaE_stfE_predicted,0.2,4,4,ACTTGACCATGAAACGTCTC,0,3493147
tfaE_stfE_predicted,0.2,4,4,ACTTCACTACTTTGCTCATT,0,3518058
tfaE_stfE_predicted,0.2,4,4,ACTTATATTTAGGCGAATCC,0,3524521
tfaE_stfE_predicted,0.2,4,4,ACTTACCTGAACGCTGTTAG,0,3477603
tfaE_stfE_predicted,0.2,4,4,ACTTAAACAGAAAGCCATTC,0,3476425
tfaE_stfE_predicted,0.2,4,4,ACTGTAGTCCCTGTACGTAC,0,3519494
tfaE_stfE_predicted,0.2,4,4,ACTGGAACCTGCACATTTAA,0,3468106
tfaE_stfE_predicted,0.2,4,4,ACTGCTAGAGTTTCTGGTAC,0,3518385
tfaE_stfE_predicted,0.2,4,4,ACTGAGGCTACGGCCTCGTC,0,3538985
tfaE_stfE_predicted,0.2,4,4,ACTCTGTGATTGGTAACCAG,0,3510418
tfaE_stfE_predicted,0.2,4,4,ACTCTGATACTCATTTTGAT,0,3505768
tfaE_stfE_predicted,0.2,4,4,ACTCTCGGCATGTTACGAAT,0,3521778
tfaE_stfE_predicted,0.2,4,4,ACTCTCAGCCTGGGTATGTT,0,3503463
tfaE_stfE_predicted,0.2,4,4,ACTCGGGAGGAACTAAGTAA,0,3503374
tfaE_stfE_predicted,0.2,4,4,ACTCGCTCAGTGCTAGCCAA,0,3484732
tfaE_stfE_predicted,0.2,4,4,ACTCGCAGCCGTTTGTCTAG,0,3523979
tfaE_stfE_predicted,0.2,4,4,ACTCGATCAGCGCAGTCGAC,0,3524086
tfaE_stfE_predicted,0.2,4,4,ACTCCTTTCGCAGACGGGAC,0,3471306
tfaE_stfE_predicted,0.2,4,4,ACTAGCGCCACCAATTACTC,0,3482515
tfaE_stfE_predicted,0.2,4,4,ACTACGGGTCGGGAGCAATA,0,3514979
tfaE_stfE_predicted,0.2,4,4,ACTAACTTGCATAGTCACCA,0,3525256
tfaE_stfE_predicted,0.2,4,4,ACTAAAGGGTAAAGAAAGGT,0,3500161
tfaE_stfE_predicted,0.2,4,4,ACGTTTTTGACATCACTTGT,0,3479063
tfaE_stfE_predicted,0.2,4,4,ACGTTCCGCGTGCGTACCGC,0,3508222
tfaE_stfE_predicted,0.2,4,4,ACGTTCCCTGCTCGATGCGG,0,3497715
tfaE_stfE_predicted,0.2,4,4,ACGTTAGCATCGCCTGGGTT,0,3531982
tfaE_stfE_predicted,0.2,4,4,ACGTTAAAGACCTAGTGTGA,0,3473467
tfaE_stfE_predicted,0.2,4,4,ACGTCTCTGCCTCGAGGTAA,0,3513781
tfaE_stfE_predicted,0.2,4,4,ACGTCCGCCATTTTACAATG,0,3506890
tfaE_stfE_predicted,0.2,4,4,ACGTCAGTCCCAGCCTACCA,0,3477831
tfaE_stfE_predicted,0.2,4,4,ACGTATTGACCGGGGCCACT,0,3466527
tfaE_stfE_predicted,0.2,4,4,ACGTATACATAGAGGAGACT,0,3500872
tfaE_stfE_predicted,0.2,4,4,ACGTAGGATGGAGACCAGAA,0,3509915
tfaE_stfE_predicted,0.2,4,4,ACGTAAAGACCCAGACCTGA,0,3517664
tfaE_stfE_predicted,0.2,4,4,ACGGGTGCCTCAGGCCGGCT,0,3536266
tfaE_stfE_predicted,0.2,4,4,ACGGGTCACCATCAGAGTCA,0,3492599
tfaE_stfE_predicted,0.2,4,4,ACGGGGGGTTATAGGTGTTA,0,3481514
tfaE_stfE_predicted,0.2,4,4,ACGGCGGTGGCAATAAGATA,0,3529855
tfaE_stfE_predicted,0.2,4,4,ACGGCCCCTTTCAACTCTCA,0,3517392
tfaE_stfE_predicted,0.2,4,4,ACGCTTTAAGGAGTGAGACC,0,3482785
tfaE_stfE_predicted,0.2,4,4,ACGCGAGGTGTCGGACCTCC,0,3498149
tfaE_stfE_predicted,0.2,4,4,ACGCCATCCCCGATCATGAT,0,3529413
tfaE_stfE_predicted,0.2,4,4,ACGCATCGTGCCTACTCCTA,0,3512217
tfaE_stfE_predicted,0.2,4,4,ACGCACTGCGGCCGTGCCGC,0,3525877
tfaE_stfE_predicted,0.2,4,4,ACCTTTTCCGAAAACCATCA,0,3522381
tfaE_stfE_predicted,0.2,4,4,ACCTTTTCAGATGGTGGCTG,0,3480347
tfaE_stfE_predicted,0.2,4,4,ACCTTGGCAGCCTAAGAAGA,0,3489362
tfaE_stfE_predicted,0.2,4,4,ACCTTCTATCTCTTGAACCT,0,3523995
tfaE_stfE_predicted,0.2,4,4,ACCTGGCGGTAGAGCGCAGG,0,3531465
tfaE_stfE_predicted,0.2,4,4,ACCTGGCACAGTTTACATAG,0,3476614
tfaE_stfE_predicted,0.2,4,4,ACCTGCAGTTACACTAGCGT,0,3500103
tfaE_stfE_predicted,0.2,4,4,ACCTCTCTTCGCGAACCGTT,0,3491865
tfaE_stfE_predicted,0.2,4,4,ACCGGGCTGATCTGGTAGAA,0,3536711
tfaE_stfE_predicted,0.2,4,4,ACCGCTGAAGCAGTTGATAA,0,3466608
tfaE_stfE_predicted,0.2,4,4,ACCCTGGCTTGGTGCGAGAT,0,3478220
tfaE_stfE_predicted,0.2,4,4,ACCCTAAACCTACGTGGGTA,0,3471736
tfaE_stfE_predicted,0.2,4,4,ACCCCGCTGAAGCTATAAAC,0,3512466
tfaE_stfE_predicted,0.2,4,4,ACCCATAGCTCAGTCGCACA,0,3473391
tfaE_stfE_predicted,0.2,4,4,ACCATCCGGAGTCAGAGTCC,0,3473657
tfaE_stfE_predicted,0.2,4,4,ACCAGAGTGATATGGTGGTC,0,3475651
tfaE_stfE_predicted,0.2,4,4,ACCACGTGCGTAAATACTTC,0,3484719
tfaE_stfE_predicted,0.2,4,4,ACCAATCTTAAAATGATGGT,0,3536181
tfaE_stfE_predicted,0.2,4,4,ACCAACCTGCGAGCTTAATT,0,3498200
tfaE_stfE_predicted,0.2,4,4,ACCAAAATTTTGAGGCCTCA,0,3498678
tfaE_stfE_predicted,0.2,4,4,ACATTCAGGACACGGAAAGT,0,3486289
tfaE_stfE_predicted,0.2,4,4,ACATGGCGGGAGTTAAGTTA,0,3495651
tfaE_stfE_predicted,0.2,4,4,ACATGGATCATAGGGTGAGA,0,3468202
tfaE_stfE_predicted,0.2,4,4,ACATGCCGTAGTGCAAGCTC,0,3473508
tfaE_stfE_predicted,0.2,4,4,ACATCTAGTTGACCCGACTT,0,3519380
tfaE_stfE_predicted,0.2,4,4,ACATATGTGCATTTGGTGAT,0,3518629
tfaE_stfE_predicted,0.2,4,4,ACATAGCGGTCGGATCGTCC,0,3504402
tfaE_stfE_predicted,0.2,4,4,ACAGTTCCCGGACCGTCGGT,0,3510159
tfaE_stfE_predicted,0.2,4,4,ACAGTCCTGTTCACTTTGCC,0,3504320
tfaE_stfE_predicted,0.2,4,4,ACAGTAATGGGATTTTGTTC,0,3537511
tfaE_stfE_predicted,0.2,4,4,ACAGGGTGTGGTAACATTGA,0,3540556
tfaE_stfE_predicted,0.2,4,4,ACAGCGGGGAGTGTTTCTAC,0,3537768
tfaE_stfE_predicted,0.2,4,4,ACAGATCGTTTGTTTGCTTA,0,3471993
tfaE_stfE_predicted,0.2,4,4,ACAGAGGTAGGTTAACTCCC,0,3498767
tfaE_stfE_predicted,0.2,4,4,ACACTATGTCTTGGCTTGCT,0,3519596
tfaE_stfE_predicted,0.2,4,4,ACACGTCATTAAGCTTATTG,0,3501085
tfaE_stfE_predicted,0.2,4,4,ACACCCGTTCTGATTGGAAT,0,3479809
tfaE_stfE_predicted,0.2,4,4,ACACCCGGTCTGGCGGATTA,0,3507076
tfaE_stfE_predicted,0.2,4,4,ACACAGCCAAAGGGTAGAAA,0,3470153
tfaE_stfE_predicted,0.2,4,4,ACAATGAGCTTAGTGTACTG,0,3474408
tfaE_stfE_predicted,0.2,4,4,ACAAGTTCAGGGCACACTTT,0,3509108
tfaE_stfE_predicted,0.2,4,4,ACAAATATGGTCCGATCCCA,0,3515356
tfaE_stfE_predicted,0.2,4,4,ACAAAGTGGACGGTTCATAA,0,3490496
tfaE_stfE_predicted,0.2,4,4,AATTGTCAGTTTGGCCGGGT,0,3520465
tfaE_stfE_predicted,0.2,4,4,AATTGGCGGCCCCATTCTAA,0,3503482
tfaE_stfE_predicted,0.2,4,4,AATTCATTGGTTCAGTGAAT,0,3502697
tfaE_stfE_predicted,0.2,4,4,AATTCACACTCTGACGGAAA,0,3533419
tfaE_stfE_predicted,0.2,4,4,AATTAATACTGACCGGGATA,0,3478635
tfaE_stfE_predicted,0.2,4,4,AATTAAGTCTCAGAATCGAG,0,3527272
tfaE_stfE_predicted,0.2,4,4,AATGTGAGTAACGCATCTAG,0,3539672
tfaE_stfE_predicted,0.2,4,4,AATGTGAAGTAACTTCTGCT,0,3482975
tfaE_stfE_predicted,0.2,4,4,AATGGTCATGTCAGTGGAGA,0,3497306
tfaE_stfE_predicted,0.2,4,4,AATGGTCACATCCTTTGATT,0,3504463
tfaE_stfE_predicted,0.2,4,4,AATGCTGATTTTACGGTCGC,0,3496609
tfaE_stfE_predicted,0.2,4,4,AATGCGGTCCCATCAGCCCG,0,3474806
tfaE_stfE_predicted,0.2,4,4,AATGCGCTGTGTCCTGGGGG,0,3481247
tfaE_stfE_predicted,0.2,4,4,AATGCAGACATATAAGTAAG,0,3469060
tfaE_stfE_predicted,0.2,4,4,AATGACCGTCCTAGGGAAGG,0,3532676
tfaE_stfE_predicted,0.2,4,4,AATCGTGTAACGTGGTAGAA,0,3496656
tfaE_stfE_predicted,0.2,4,4,AATCCGATAGGAAATAGATA,0,3514841
tfaE_stfE_predicted,0.2,4,4,AATCACCATTGACCTGTGTC,0,3482780
tfaE_stfE_predicted,0.2,4,4,AATCACAGGGGTGCTCTGCA,0,3538146
tfaE_stfE_predicted,0.2,4,4,AATATCCAATTGATCCATTT,0,3488605
tfaE_stfE_predicted,0.2,4,4,AATAGCGGCCGTGTCGCGAA,0,3530171
tfaE_stfE_predicted,0.2,4,4,AATACGTGCGTATCCCTGTA,0,3527000
tfaE_stfE_predicted,0.2,4,4,AATACGAGCACGAGGGCTAC,0,3473448
tfaE_stfE_predicted,0.2,4,4,AATACCTCGGTTCCGCAAGT,0,3489663
tfaE_stfE_predicted,0.2,4,4,AATACCGCTACCTTCTCGTA,0,3480691
tfaE_stfE_predicted,0.2,4,4,AAGTTTGGAACGTGCTATTA,0,3533392
tfaE_stfE_predicted,0.2,4,4,AAGTTTCACTCAGGCATGTT,0,3498855
tfaE_stfE_predicted,0.2,4,4,AAGTTAGCGGCATTTGGATT,0,3494617
tfaE_stfE_predicted,0.2,4,4,AAGTGTTACATCAGCCGCAA,0,3481584
tfaE_stfE_predicted,0.2,4,4,AAGTGCACGATGCGACGTTA,0,3530575
tfaE_stfE_predicted,0.2,4,4,AAGTCGGGGTCAGGGGTCAT,0,3503411
tfaE_stfE_predicted,0.2,4,4,AAGTCAGACGAGAGTAGTGT,0,3495261
tfaE_stfE_predicted,0.2,4,4,AAGTCAAGTATTCCTAGGAT,0,3527655
tfaE_stfE_predicted,0.2,4,4,AAGGTGAAGAGAACCTGGCC,0,3486011
tfaE_stfE_predicted,0.2,4,4,AAGGGTCGCCACGGGAAGAT,0,3485257
tfaE_stfE_predicted,0.2,4,4,AAGGGTAATCTCGAGAAGGC,0,3528146
tfaE_stfE_predicted,0.2,4,4,AAGGGAGTTAGCCTCGGATC,0,3470025
tfaE_stfE_predicted,0.2,4,4,AAGGCGGGCTTGGTATTAGT,0,3503534
tfaE_stfE_predicted,0.2,4,4,AAGGCGCCTCGCGGCGATAT,0,3494964
tfaE_stfE_predicted,0.2,4,4,AAGGAGCGACATAACCTAGG,0,3479423
tfaE_stfE_predicted,0.2,4,4,AAGCTTCTAAATTTTTCGCC,0,3509106
tfaE_stfE_predicted,0.2,4,4,AAGCTAGGTATTGCTAATAT,0,3514519
tfaE_stfE_predicted,0.2,4,4,AAGCGTGCACGAGAACCACA,0,3514375
tfaE_stfE_predicted,0.2,4,4,AAGCGTCTACTATAAAAATG,0,3526173
tfaE_stfE_predicted,0.2,4,4,AAGCGGAAGCTGTCCTATCT,0,3515090
tfaE_stfE_predicted,0.2,4,4,AAGCGCCGAGACAATCAGTC,0,3524283
tfaE_stfE_predicted,0.2,4,4,AAGCCCACACCACTTTTTTC,0,3527227
tfaE_stfE_predicted,0.2,4,4,AAGCATGACTTGAGTAGAGA,0,3484471
tfaE_stfE_predicted,0.2,4,4,AAGCACCTTATGTTGGTTTA,0,3484118
tfaE_stfE_predicted,0.2,4,4,AAGCACACGTCGTAAGTGTG,0,3509475
tfaE_stfE_predicted,0.2,4,4,AAGATACCGTGGCCGGCAGG,0,3501193
tfaE_stfE_predicted,0.2,4,4,AAGAGTAGGATCATGGGTAT,0,3524282
tfaE_stfE_predicted,0.2,4,4,AAGAGGTTGGGGAAATCGAC,0,3507580
tfaE_stfE_predicted,0.2,4,4,AAGACAGGCCAATCCTTGCT,0,3480729
tfaE_stfE_predicted,0.2,4,4,AAGAAGCAGTGAATTGAGCA,0,3503788
tfaE_stfE_predicted,0.2,4,4,AAGAACGAAAAGGTGTATAG,0,3506816
tfaE_stfE_predicted,0.2,4,4,AAGAAATAGAAACATTAGTG,0,3515782
tfaE_stfE_predicted,0.2,4,4,AAGAAACGGACGTCTCCTGC,0,3514938
tfaE_stfE_predicted,0.2,4,4,AACTTGACTATATCCCGTCA,0,3515142
tfaE_stfE_predicted,0.2,4,4,AACGTTTGCCCAAGATGGCC,0,3507376
tfaE_stfE_predicted,0.2,4,4,AACGGTCAAGGCGCGCGAAT,0,3510755
tfaE_stfE_predicted,0.2,4,4,AACGGGCACTGAACCAATAT,0,3518069
tfaE_stfE_predicted,0.2,4,4,AACGGAGGGCCATCAGTGTA,0,3484741
tfaE_stfE_predicted,0.2,4,4,AACGCTTGGTAAGGACCTTG,0,3474935
tfaE_stfE_predicted,0.2,4,4,AACGCGTTGCAATAAGTCGC,0,3501983
tfaE_stfE_predicted,0.2,4,4,AACGCCACAGAACCGATTAA,0,3481601
tfaE_stfE_predicted,0.2,4,4,AACGATAGCTGTAAGACGAC,0,3520937
tfaE_stfE_predicted,0.2,4,4,AACGACACTAACCGTGTTAG,0,3497933
tfaE_stfE_predicted,0.2,4,4,AACCTTTGCATATTCTTTAT,0,3487340
tfaE_stfE_predicted,0.2,4,4,AACCGCTACCTATCACCGCT,0,3529395
tfaE_stfE_predicted,0.2,4,4,AACCGATAAAGGGGGCACTA,0,3500011
tfaE_stfE_predicted,0.2,4,4,AACCCAGCATCGATATCATC,0,3490569
tfaE_stfE_predicted,0.2,4,4,AACCAGATAATTAAGTCCCG,0,3524959
tfaE_stfE_predicted,0.2,4,4,AACATTTTTCCTATATCGGC,0,3474822
tfaE_stfE_predicted,0.2,4,4,AACATTCCGCGAAGCCCCCA,0,3481082
tfaE_stfE_predicted,0.2,4,4,AACATAGGTAGTCAACATCG,0,3517143
tfaE_stfE_predicted,0.2,4,4,AACAGCGACAGGGAATCGGC,0,3513197
tfaE_stfE_predicted,0.2,4,4,AACAAGCCCAATGGAAAGTT,0,3490166
tfaE_stfE_predicted,0.2,4,4,AACAACTGAACTGAGTCACT,0,3487873
tfaE_stfE_predicted,0.2,4,4,AAATTTTTGGCCTTGTGGCT,0,3488554
tfaE_stfE_predicted,0.2,4,4,AAATTGCAGGACACGAACTT,0,3498042
tfaE_stfE_predicted,0.2,4,4,AAATTCTTACTGGTTGTAAA,0,3519476
tfaE_stfE_predicted,0.2,4,4,AAATGCATTAGATAGACCAC,0,3498454
tfaE_stfE_predicted,0.2,4,4,AAATATGGCTGTGAAACGGA,0,3518100
tfaE_stfE_predicted,0.2,4,4,AAAGTTTAGCGGAGTGCGAT,0,3502931
tfaE_stfE_predicted,0.2,4,4,AAAGTGACTCACTCGCGGCA,0,3527760
tfaE_stfE_predicted,0.2,4,4,AAAGTCGTAGTTCGGAGCCT,0,3480673
tfaE_stfE_predicted,0.2,4,4,AAAGTCAGAAGACGGAGTGG,0,3515152
tfaE_stfE_predicted,0.2,4,4,AAAGGTTAATTAAGAAGTGT,0,3508625
tfaE_stfE_predicted,0.2,4,4,AAAGGCGGCAAGTCGCTTAA,0,3494371
tfaE_stfE_predicted,0.2,4,4,AAAGCCATGAGTAGGGGGAT,0,3471963
tfaE_stfE_predicted,0.2,4,4,AAAGAGTATCTGGTTCTTGC,0,3485829
tfaE_stfE_predicted,0.2,4,4,AAACGTGCGATTACAGATAA,0,3530437
tfaE_stfE_predicted,0.2,4,4,AAACGCTCGCGCCACATTTC,0,3503662
tfaE_stfE_predicted,0.2,4,4,AAACGATGGACACCCGGCCG,0,3506845
tfaE_stfE_predicted,0.2,4,4,AAACCTTAAGAATATCGTGC,0,3540805
tfaE_stfE_predicted,0.2,4,4,AAACAGCGAAGCCCCGAGCA,0,3487364
tfaE_stfE_predicted,0.2,4,4,AAACACATACGGGTAGCAGT,0,3499881
tfaE_stfE_predicted,0.2,4,4,AAAATAGACGCTCGGTAAAC,0,3509042
tfaE_stfE_predicted,0.2,4,4,AAAAGAGTTCTCGAAAGTGG,0,3478606
tfaE_stfE_predicted,0.2,4,4,AAAACACTCACGTTCGGGGG,0,3498908
tfaE_stfE_predicted,0.25,3,3,TTTTGTCAAGCTTCATAATT,0,3480383
tfaE_stfE_predicted,0.25,3,3,TTTTGGGATTTAAACTTTTA,0,3484766
tfaE_stfE_predicted,0.25,3,3,TTTTGCCGTCTGCGGGTCAC,0,3509306
tfaE_stfE_predicted,0.25,3,3,TTTTGCAACGTGGAAGACTG,0,3525006
tfaE_stfE_predicted,0.25,3,3,TTTTCTGTAATACGTTCATG,0,3478166
tfaE_stfE_predicted,0.25,3,3,TTTTATTCTATCCGAACACT,0,3509888
tfaE_stfE_predicted,0.25,3,3,TTTTAATTTGGCCTCAGCCA,0,3533366
tfaE_stfE_predicted,0.25,3,3,TTTTAAGTGCTAGCCTGGAG,0,3495904
tfaE_stfE_predicted,0.25,3,3,TTTTAAATGCTGTCTTTCGT,0,3509222
tfaE_stfE_predicted,0.25,3,3,TTTGTTTGAAAGTGCTTGTT,0,3468897
tfaE_stfE_predicted,0.25,3,3,TTTGTAATATACCATAAGGT,0,3511878
tfaE_stfE_predicted,0.25,3,3,TTTGGTGCTCATTATCGAAA,0,3510785
tfaE_stfE_predicted,0.25,3,3,TTTGATTGAGTAAAACTATC,0,3473387
tfaE_stfE_predicted,0.25,3,3,TTTGATCCGCCAAACCGTAT,0,3485414
tfaE_stfE_predicted,0.25,3,3,TTTGACTAAATCTTTCTACC,0,3506633
tfaE_stfE_predicted,0.25,3,3,TTTGACGGATATCCCCAGAA,0,3500823
tfaE_stfE_predicted,0.25,3,3,TTTCTGTGTCTCGTGTAGGG,0,3533562
tfaE_stfE_predicted,0.25,3,3,TTTCTGAGAAAGTGAAAAGG,0,3507786
tfaE_stfE_predicted,0.25,3,3,TTTCGTCTTGCTCCGGTAGC,0,3477933
tfaE_stfE_predicted,0.25,3,3,TTTCGTCGGGCCTGTCGATA,0,3540142
tfaE_stfE_predicted,0.25,3,3,TTTCCTAATGGAACCTGCAG,0,3532639
tfaE_stfE_predicted,0.25,3,3,TTTCCGGTAGAAGCATCGTA,0,3507250
tfaE_stfE_predicted,0.25,3,3,TTTCCCGAGGCGGTCTGTTG,0,3468682
tfaE_stfE_predicted,0.25,3,3,TTTCATACTCGGAAGTTGAG,0,3470484
tfaE_stfE_predicted,0.25,3,3,TTTCACTGATCAGTGAATTC,0,3528286
tfaE_stfE_predicted,0.25,3,3,TTTATTCGGAACTAAATTCA,0,3470724
tfaE_stfE_predicted,0.25,3,3,TTTATGGCGAATCGTCACGA,0,3501358
tfaE_stfE_predicted,0.25,3,3,TTTATAGCGAAACCTCGACG,0,3477322
tfaE_stfE_predicted,0.25,3,3,TTTATAAGTACGATTGTCAA,0,3478740
tfaE_stfE_predicted,0.25,3,3,TTTAGCGGGCTGTTAAAGCC,0,3476668
tfaE_stfE_predicted,0.25,3,3,TTTACTAGCCTTTGTCAGTG,0,3488420
tfaE_stfE_predicted,0.25,3,3,TTTAACCGTTCAGTACTGGC,0,3514059
tfaE_stfE_predicted,0.25,3,3,TTTAACCGAAGCTTTCACCA,0,3507887
tfaE_stfE_predicted,0.25,3,3,TTTAACAAAAACGATGAGAC,0,3513212
tfaE_stfE_predicted,0.25,3,3,TTGTTTTGCCCGCGGCACAT,0,3493539
tfaE_stfE_predicted,0.25,3,3,TTGTTTGCTGTGGTGATCTT,0,3537632
tfaE_stfE_predicted,0.25,3,3,TTGTTGTCTTTATGGCAGTC,0,3507278
tfaE_stfE_predicted,0.25,3,3,TTGTTGGCAGTGGATGGTAC,0,3520767
tfaE_stfE_predicted,0.25,3,3,TTGTTGGAGTCAGGTATGGA,0,3489571
tfaE_stfE_predicted,0.25,3,3,TTGTTGAGTCCCGTGCGTTA,0,3468086
tfaE_stfE_predicted,0.25,3,3,TTGTTCTCCTACTGTGGGCA,0,3510967
tfaE_stfE_predicted,0.25,3,3,TTGTTCACCGGTACATCCGT,0,3477944
tfaE_stfE_predicted,0.25,3,3,TTGTTCAAGGAAGGGAAGAA,0,3488065
tfaE_stfE_predicted,0.25,3,3,TTGTTCAACGGAAGGAGGGC,0,3527745
tfaE_stfE_predicted,0.25,3,3,TTGTTATGGTACGATTTTTA,0,3508405
tfaE_stfE_predicted,0.25,3,3,TTGTGTGAGAACATTCAACA,0,3507579
tfaE_stfE_predicted,0.25,3,3,TTGTATGTTTAGAGACCATT,0,3487544
tfaE_stfE_predicted,0.25,3,3,TTGTATCATTCTCGCTCCCA,0,3490809
tfaE_stfE_predicted,0.25,3,3,TTGTACGTATGCAAAGGCAA,0,3502567
tfaE_stfE_predicted,0.25,3,3,TTGGTCAGAGTCGATAGTTG,0,3467031
tfaE_stfE_predicted,0.25,3,3,TTGGGGCTGCTGAGGCCCGT,0,3471108
tfaE_stfE_predicted,0.25,3,3,TTGGCTTGATGCAGCGCCTA,0,3498521
tfaE_stfE_predicted,0.25,3,3,TTGGCTGCCGTGGACTGCAA,0,3529930
tfaE_stfE_predicted,0.25,3,3,TTGGATTCCTTTGCTGGGCG,0,3534344
tfaE_stfE_predicted,0.25,3,3,TTGCTGGTTCTACTGTGCCT,0,3518746
tfaE_stfE_predicted,0.25,3,3,TTGCTGACGTATGGAAGAGT,0,3515985
tfaE_stfE_predicted,0.25,3,3,TTGCGTGATTCAGGAGACTT,0,3534174
tfaE_stfE_predicted,0.25,3,3,TTGCCTTTATCGAGTGTCCC,0,3532705
tfaE_stfE_predicted,0.25,3,3,TTGCCGGGTTCGATACGCGC,0,3516692
tfaE_stfE_predicted,0.25,3,3,TTGCCACCAGGGGTAAAGGA,0,3495766
tfaE_stfE_predicted,0.25,3,3,TTGCATGTGCTAAGCTGGGA,0,3490357
tfaE_stfE_predicted,0.25,3,3,TTGCATACAAAATGGTCTAA,0,3474468
tfaE_stfE_predicted,0.25,3,3,TTGCAGACAGCGTATTCCTA,0,3514882
tfaE_stfE_predicted,0.25,3,3,TTGATTTTTCTTGGCTCGCG,0,3472167
tfaE_stfE_predicted,0.25,3,3,TTGATACGGGTTACAGATTA,0,3530988
tfaE_stfE_predicted,0.25,3,3,TTGAGTCTCAACTCTGGCCT,0,3474244
tfaE_stfE_predicted,0.25,3,3,TTGAGCAGTCAGCGGAAGAA,0,3529043
tfaE_stfE_predicted,0.25,3,3,TTGACAGACAGGACCAGGGG,0,3518093
tfaE_stfE_predicted,0.25,3,3,TTGACACACTGCAACCACGT,0,3514662
tfaE_stfE_predicted,0.25,3,3,TTGAAGCGCGGCATCCTGCA,0,3479546
tfaE_stfE_predicted,0.25,3,3,TTGAAGAGTCAGGACAAGGA,0,3476048
tfaE_stfE_predicted,0.25,3,3,TTGAACAGACTAATAAGTGC,0,3499734
tfaE_stfE_predicted,0.25,3,3,TTGAAACCATGCAGTATTAA,0,3512529
tfaE_stfE_predicted,0.25,3,3,TTCTTTCCTCAGTGCTAACC,0,3467141
tfaE_stfE_predicted,0.25,3,3,TTCTCTGGCACCGCTTGACG,0,3539232
tfaE_stfE_predicted,0.25,3,3,TTCTCGGAGGACGTGCACCT,0,3497173
tfaE_stfE_predicted,0.25,3,3,TTCTCCGTTATGAGATAGAT,0,3507356
tfaE_stfE_predicted,0.25,3,3,TTCTCCAATATTAAAAACAA,0,3518352
tfaE_stfE_predicted,0.25,3,3,TTCTCAAACGTTCTAGTGGA,0,3523601
tfaE_stfE_predicted,0.25,3,3,TTCTATTAGTCGTACAGGGT,0,3512047
tfaE_stfE_predicted,0.25,3,3,TTCTATCTTGGGTATTTATA,0,3485449
tfaE_stfE_predicted,0.25,3,3,TTCGTTACTGCACATGAGCT,0,3475171
tfaE_stfE_predicted,0.25,3,3,TTCGTGATTGGAATCACAGG,0,3502862
tfaE_stfE_predicted,0.25,3,3,TTCGTCAACCTTCAGGAACG,0,3495974
tfaE_stfE_predicted,0.25,3,3,TTCGGTAGGCTACATAAAGT,0,3521854
tfaE_stfE_predicted,0.25,3,3,TTCGCGGTAAACTGCGACAC,0,3523072
tfaE_stfE_predicted,0.25,3,3,TTCGCGATGAATAGGCGTCC,0,3524906
tfaE_stfE_predicted,0.25,3,3,TTCGCCGCTGCCGACCGAGG,0,3503196
tfaE_stfE_predicted,0.25,3,3,TTCGCATCGGGAAGTATGGG,0,3533518
tfaE_stfE_predicted,0.25,3,3,TTCGCAATCAAGCCTGAGGC,0,3480416
tfaE_stfE_predicted,0.25,3,3,TTCGAGGCTCAGGTAACCTT,0,3526984
tfaE_stfE_predicted,0.25,3,3,TTCGAGAAATCTGCCACACA,0,3473524
tfaE_stfE_predicted,0.25,3,3,TTCCTTTTTTGGTTGGGGTC,0,3516891
tfaE_stfE_predicted,0.25,3,3,TTCCTCTGTGCCGGTGGGAC,0,3506242
tfaE_stfE_predicted,0.25,3,3,TTCCGTGAATTAGAATTATA,0,3535012
tfaE_stfE_predicted,0.25,3,3,TTCCGTCGGTGTTCACCTGT,0,3536893
tfaE_stfE_predicted,0.25,3,3,TTCCGGGGATCTTTTTTCCA,0,3537654
tfaE_stfE_predicted,0.25,3,3,TTCCGGAGAGCGAATTAAGA,0,3485819
tfaE_stfE_predicted,0.25,3,3,TTCCAGCCATTACCTGGTAA,0,3488610
tfaE_stfE_predicted,0.25,3,3,TTCCAATACCCATACGAGCC,0,3488314
tfaE_stfE_predicted,0.25,3,3,TTCAGTCCACCGTGTCCTTC,0,3504636
tfaE_stfE_predicted,0.25,3,3,TTCAGCGACGGTCGTATTTA,0,3507310
tfaE_stfE_predicted,0.25,3,3,TTCACCCTGAGGTCACATGC,0,3512384
tfaE_stfE_predicted,0.25,3,3,TTCAAGGCTTTATTGGGCTT,0,3538365
tfaE_stfE_predicted,0.25,3,3,TTCAAATAGGTGCCTTGGGG,0,3468289
tfaE_stfE_predicted,0.25,3,3,TTCAAAGGAAAAACTTCAGA,0,3499885
tfaE_stfE_predicted,0.25,3,3,TTATGTGAATAAGGTCAACA,0,3515158
tfaE_stfE_predicted,0.25,3,3,TTATGTCCGTGACTCACTCT,0,3492536
tfaE_stfE_predicted,0.25,3,3,TTATGGTCGGTACTCGGTTC,0,3494813
tfaE_stfE_predicted,0.25,3,3,TTATGGTACAGCTGGAAAAA,0,3480349
tfaE_stfE_predicted,0.25,3,3,TTATCTCAGTCCTCCGGTAG,0,3535530
tfaE_stfE_predicted,0.25,3,3,TTATCCGTGATTTGTAGCAA,0,3468672
tfaE_stfE_predicted,0.25,3,3,TTATATTATAGAGCCCGTCG,0,3505657
tfaE_stfE_predicted,0.25,3,3,TTATAGGTGGAGCAGATCGA,0,3483838
tfaE_stfE_predicted,0.25,3,3,TTAGTCTGTCAACAGCAATA,0,3530640
tfaE_stfE_predicted,0.25,3,3,TTAGGACCCTGTTTTAGTTA,0,3524610
tfaE_stfE_predicted,0.25,3,3,TTAGCAGGTCCTCACGATCT,0,3513359
tfaE_stfE_predicted,0.25,3,3,TTAGACTGATAACGAAAATG,0,3535413
tfaE_stfE_predicted,0.25,3,3,TTACTCTTTGCCATACACGA,0,3486381
tfaE_stfE_predicted,0.25,3,3,TTACTCGTCGTGATTTGCGT,0,3506588
tfaE_stfE_predicted,0.25,3,3,TTACCCTTTGCGCAGGCTAT,0,3468983
tfaE_stfE_predicted,0.25,3,3,TTAAATAGGTAGCGTGGCGA,0,3500015
tfaE_stfE_predicted,0.25,3,3,TTAAAGAGATAGGAGCGGCG,0,3521895
tfaE_stfE_predicted,0.25,3,3,TTAAACATACCAGATCCTAG,0,3495109
tfaE_stfE_predicted,0.25,3,3,TTAAAATATAGAGTGTACGA,0,3500727
tfaE_stfE_predicted,0.25,3,3,TTAAAACTGTCGAAACACCT,0,3466858
tfaE_stfE_predicted,0.25,3,3,TGTTTGGGCCATACTCCTTC,0,3488848
tfaE_stfE_predicted,0.25,3,3,TGTTGCGTCCGAGTACGTTA,0,3509465
tfaE_stfE_predicted,0.25,3,3,TGTTGAATGCCCTTTTTTCT,0,3489226
tfaE_stfE_predicted,0.25,3,3,TGTTAAAAACAATATTCAGC,0,3491791
tfaE_stfE_predicted,0.25,3,3,TGTGTCCACAGCGAATACCT,0,3529663
tfaE_stfE_predicted,0.25,3,3,TGTGGTAGTGATCCTTGGAT,0,3519860
tfaE_stfE_predicted,0.25,3,3,TGTGGTAGATATGTTATCGG,0,3479249
tfaE_stfE_predicted,0.25,3,3,TGTGGGCTCGTGAGTTTTGG,0,3472885
tfaE_stfE_predicted,0.25,3,3,TGTGGCTCGTTATGGGTAAG,0,3528622
tfaE_stfE_predicted,0.25,3,3,TGTGGAGCTCATTAGGACAT,0,3538832
tfaE_stfE_predicted,0.25,3,3,TGTGCCACCTGCAAAATGAG,0,3504556
tfaE_stfE_predicted,0.25,3,3,TGTGCCACAATCACCAACTG,0,3476773
tfaE_stfE_predicted,0.25,3,3,TGTGAAACCGCTTATGAGCA,0,3524961
tfaE_stfE_predicted,0.25,3,3,TGTCTGATTTGCCCTTCGTT,0,3469850
tfaE_stfE_predicted,0.25,3,3,TGTCTAGGGAAAGGTAGCCC,0,3513409
tfaE_stfE_predicted,0.25,3,3,TGTCTAATAGACGACCGATT,0,3477410
tfaE_stfE_predicted,0.25,3,3,TGTCGAGACGGGGTCACTCG,0,3516068
tfaE_stfE_predicted,0.25,3,3,TGTCGAATAGGTAACAGGGG,0,3487101
tfaE_stfE_predicted,0.25,3,3,TGTCAGCGCGTGAGCTACGC,0,3528241
tfaE_stfE_predicted,0.25,3,3,TGTCAACGTCGTCCTTAGGG,0,3469276
tfaE_stfE_predicted,0.25,3,3,TGTCAAATAGTGCTGGACGT,0,3510523
tfaE_stfE_predicted,0.25,3,3,TGTATTCCCACTGGTCGAAC,0,3504597
tfaE_stfE_predicted,0.25,3,3,TGTATGGACCCAGGGGAGCA,0,3511714
tfaE_stfE_predicted,0.25,3,3,TGTATCAATAGGGAGTTTCG,0,3491858
tfaE_stfE_predicted,0.25,3,3,TGTAGGATTGACGTTTGAGA,0,3520029
tfaE_stfE_predicted,0.25,3,3,TGTAGATGAATACACGTGGA,0,3473182
tfaE_stfE_predicted,0.25,3,3,TGTAGACGCAGACATTTCTC,0,3535220
tfaE_stfE_predicted,0.25,3,3,TGTACGCGCCACATTACATG,0,3502685
tfaE_stfE_predicted,0.25,3,3,TGTACAGAACTTCGGTTCAG,0,3467132
tfaE_stfE_predicted,0.25,3,3,TGTAATTGAGCGCCGACGTT,0,3485856
tfaE_stfE_predicted,0.25,3,3,TGTAATCGCTACCCACAGTG,0,3490294
tfaE_stfE_predicted,0.25,3,3,TGTAATCCGACGTTATTTGA,0,3502365
tfaE_stfE_predicted,0.25,3,3,TGGTTTTCCGCGCTATGTCT,0,3517271
tfaE_stfE_predicted,0.25,3,3,TGGTGGGCCACTGCGACAAA,0,3486641
tfaE_stfE_predicted,0.25,3,3,TGGTGCATTTTGCACCGCCA,0,3538140
tfaE_stfE_predicted,0.25,3,3,TGGTCCGCATCATCTGAGGA,0,3504847
tfaE_stfE_predicted,0.25,3,3,TGGTATAATCGTTCCGATCC,0,3530242
tfaE_stfE_predicted,0.25,3,3,TGGTAGGGTAGCAACTTGAC,0,3504076
tfaE_stfE_predicted,0.25,3,3,TGGTAGACTCTTTTAGGTGG,0,3502434
tfaE_stfE_predicted,0.25,3,3,TGGGTTAGCTAGGGAATTAC,0,3532131
tfaE_stfE_predicted,0.25,3,3,TGGGTGTCCAATTCATACAG,0,3507797
tfaE_stfE_predicted,0.25,3,3,TGGGTGCCGCGACTTGTGAA,0,3473761
tfaE_stfE_predicted,0.25,3,3,TGGGTCTAAGAAGGTCTAGA,0,3511615
tfaE_stfE_predicted,0.25,3,3,TGGGTAGGCCTATTTATTTC,0,3501001
tfaE_stfE_predicted,0.25,3,3,TGGGGGGTCACCGGTGTGAG,0,3507026
tfaE_stfE_predicted,0.25,3,3,TGGGGGAGGAGACCACCACA,0,3488611
tfaE_stfE_predicted,0.25,3,3,TGGGGGAATCCGCTGTCCTT,0,3524832
tfaE_stfE_predicted,0.25,3,3,TGGGGCTTCTTTGGGAAAAA,0,3537301
tfaE_stfE_predicted,0.25,3,3,TGGGGCAGTTCCATCTCAGT,0,3504550
tfaE_stfE_predicted,0.25,3,3,TGGGCTGATCCGGCTATCGC,0,3470633
tfaE_stfE_predicted,0.25,3,3,TGGGCCTCTGATCTTTCGGG,0,3475094
tfaE_stfE_predicted,0.25,3,3,TGGGATCGTGCGGAGTTTTG,0,3521337
tfaE_stfE_predicted,0.25,3,3,TGGGATCCCGGTCTCATATC,0,3501625
tfaE_stfE_predicted,0.25,3,3,TGGGATATTAGTTTCTCGTG,0,3475895
tfaE_stfE_predicted,0.25,3,3,TGGCTTCGCCCTTACGTGAC,0,3507738
tfaE_stfE_predicted,0.25,3,3,TGGCTGCAAACGGTTTAAGT,0,3538687
tfaE_stfE_predicted,0.25,3,3,TGGCTAATAGGGCTTCTGGA,0,3530781
tfaE_stfE_predicted,0.25,3,3,TGGCGAACTTCTCACGCGTC,0,3486884
tfaE_stfE_predicted,0.25,3,3,TGGCCGCTGAGCGGTCAGGG,0,3492799
tfaE_stfE_predicted,0.25,3,3,TGGCCCTGTAGTGGCAGGTC,0,3474650
tfaE_stfE_predicted,0.25,3,3,TGGCACCTCTGTAAGTGCGT,0,3501681
tfaE_stfE_predicted,0.25,3,3,TGGATTATACCGTCTCTACT,0,3516091
tfaE_stfE_predicted,0.25,3,3,TGGATGAATGTGCAACTGAT,0,3525645
tfaE_stfE_predicted,0.25,3,3,TGGATGAAGTAGCTTTCACA,0,3501816
tfaE_stfE_predicted,0.25,3,3,TGGAGTCGGGTTGAGTAAGG,0,3504032
tfaE_stfE_predicted,0.25,3,3,TGGAGCTTGATACCCGAATT,0,3529972
tfaE_stfE_predicted,0.25,3,3,TGGAGCGTGGTGGTAATCCA,0,3509223
tfaE_stfE_predicted,0.25,3,3,TGCTGTCTTATAGCATACGT,0,3529387
tfaE_stfE_predicted,0.25,3,3,TGCTGCGGAAACCAGCCGAC,0,3532218
tfaE_stfE_predicted,0.25,3,3,TGCTACATGCACCAAGCTAC,0,3504080
tfaE_stfE_predicted,0.25,3,3,TGCGTTCACAAGATTAGAGT,0,3477166
tfaE_stfE_predicted,0.25,3,3,TGCGTTAAGCAAGACCTAGT,0,3469471
tfaE_stfE_predicted,0.25,3,3,TGCGTGTGCGTGCAGCCGGG,0,3468637
tfaE_stfE_predicted,0.25,3,3,TGCGGATGGAGCATTGAAGA,0,3532628
tfaE_stfE_predicted,0.25,3,3,TGCGAGTAGGGCTGGCCGGG,0,3520781
tfaE_stfE_predicted,0.25,3,3,TGCCTTCACAGATTCCCGTT,0,3533677
tfaE_stfE_predicted,0.25,3,3,TGCCTATAGACTTTATGCGT,0,3499010
tfaE_stfE_predicted,0.25,3,3,TGCCACCGGACTAGAACACA,0,3479654
tfaE_stfE_predicted,0.25,3,3,TGCATCAGGACGGCTGTTCA,0,3491584
tfaE_stfE_predicted,0.25,3,3,TGCAGTGTATGAATCATACT,0,3513159
tfaE_stfE_predicted,0.25,3,3,TGCACGCAGAGTAGTGGCAT,0,3500926
tfaE_stfE_predicted,0.25,3,3,TGCAATGCATAAGTGATTTT,0,3492853
tfaE_stfE_predicted,0.25,3,3,TGATTTCCACGTACCAGCGA,0,3468088
tfaE_stfE_predicted,0.25,3,3,TGATTATTATTTTCTAGATC,0,3520466
tfaE_stfE_predicted,0.25,3,3,TGATGTGTCTACGTCCGAAA,0,3516967
tfaE_stfE_predicted,0.25,3,3,TGATGGGCCAATCTCTGGAT,0,3494955
tfaE_stfE_predicted,0.25,3,3,TGATCGGGGGTGAGACCGGC,0,3515192
tfaE_stfE_predicted,0.25,3,3,TGATAGGAATTCTCATTCGT,0,3479628
tfaE_stfE_predicted,0.25,3,3,TGATAGATCGTATCTGTAGT,0,3523325
tfaE_stfE_predicted,0.25,3,3,TGATAATTGGATGCATGGAA,0,3483015
tfaE_stfE_predicted,0.25,3,3,TGAGGTCTATTCCCTGTACA,0,3537317
tfaE_stfE_predicted,0.25,3,3,TGAGGGTAGCGTGATGCCGG,0,3493758
tfaE_stfE_predicted,0.25,3,3,TGAGGATTTTCCCTGCTAAA,0,3490359
tfaE_stfE_predicted,0.25,3,3,TGAGGATTTATACCAGAATT,0,3534909
tfaE_stfE_predicted,0.25,3,3,TGAGCGCCTGGCCGGCGCCT,0,3477577
tfaE_stfE_predicted,0.25,3,3,TGAGAGTCAGGCGAAAGAAA,0,3488008
tfaE_stfE_predicted,0.25,3,3,TGAGACTTTTATGTTCACGC,0,3528316
tfaE_stfE_predicted,0.25,3,3,TGAGACTCTATATCCGACTC,0,3501531
tfaE_stfE_predicted,0.25,3,3,TGACTTCTTATGGACTTGAC,0,3522367
tfaE_stfE_predicted,0.25,3,3,TGACTGCATTGAAAACTGAA,0,3540447
tfaE_stfE_predicted,0.25,3,3,TGACTAGTTTTGAGGGTGTA,0,3481119
tfaE_stfE_predicted,0.25,3,3,TGACTAAAACTACTGCGTGC,0,3533026
tfaE_stfE_predicted,0.25,3,3,TGACCTGGGTCGGTGTAGAT,0,3508842
tfaE_stfE_predicted,0.25,3,3,TGACCCAAAGCAAGCCACTA,0,3522146
tfaE_stfE_predicted,0.25,3,3,TGACCACAGTCTTTGGGCAT,0,3510179
tfaE_stfE_predicted,0.25,3,3,TGACATCAAGATAGTACAGT,0,3500033
tfaE_stfE_predicted,0.25,3,3,TGACAGTCCGAGAAGCAATA,0,3479355
tfaE_stfE_predicted,0.25,3,3,TGACAGCTTTCCCTATCACC,0,3482253
tfaE_stfE_predicted,0.25,3,3,TGAATTGACTGTACGGTAAG,0,3524524
tfaE_stfE_predicted,0.25,3,3,TGAATTCGCAGAGGCCGACT,0,3511095
tfaE_stfE_predicted,0.25,3,3,TGAATACAGATGGGGTGGCG,0,3472784
tfaE_stfE_predicted,0.25,3,3,TGAAGCTCTGGTACATGCCT,0,3502132
tfaE_stfE_predicted,0.25,3,3,TGAAGCCCGTTCAGATTCTA,0,3484473
tfaE_stfE_predicted,0.25,3,3,TGAAGCAACCCTACCGGAAA,0,3528736
tfaE_stfE_predicted,0.25,3,3,TGAACGTGCCACTTTTCGGT,0,3521148
tfaE_stfE_predicted,0.25,3,3,TGAACGGGTTCAAGACATTT,0,3498773
tfaE_stfE_predicted,0.25,3,3,TCTTTGGGGGTCGAGCGTTA,0,3537230
tfaE_stfE_predicted,0.25,3,3,TCTTTGGAGCTTTGCTGGGC,0,3540036
tfaE_stfE_predicted,0.25,3,3,TCTTTGCACGTTGGTGTCCT,0,3474961
tfaE_stfE_predicted,0.25,3,3,TCTTTATGCGTAGTTGTTAA,0,3517814
tfaE_stfE_predicted,0.25,3,3,TCTTTAGCAGCGGGGGACTG,0,3510704
tfaE_stfE_predicted,0.25,3,3,TCTTGATTAGCGGGGTATAC,0,3511365
tfaE_stfE_predicted,0.25,3,3,TCTTCTTTCTCATGCCGTTT,0,3473370
tfaE_stfE_predicted,0.25,3,3,TCTTCTTCGGTGGGTAAGTC,0,3506735
tfaE_stfE_predicted,0.25,3,3,TCTTCTGTACTGTTGACTCC,0,3471461
tfaE_stfE_predicted,0.25,3,3,TCTTCGGTTCTTGCCGTTTC,0,3497283
tfaE_stfE_predicted,0.25,3,3,TCTTCATGATTGTGTTTAGT,0,3520375
tfaE_stfE_predicted,0.25,3,3,TCTTATTCTCGCTCGCGTTA,0,3532657
tfaE_stfE_predicted,0.25,3,3,TCTTATGACGGACTTATCTG,0,3487307
tfaE_stfE_predicted,0.25,3,3,TCTTAAAGGGTGGTCACTAG,0,3468049
tfaE_stfE_predicted,0.25,3,3,TCTGTTCGAGCGCGTGTTGA,0,3515763
tfaE_stfE_predicted,0.25,3,3,TCTGGGTCAGATACTCGTCC,0,3492752
tfaE_stfE_predicted,0.25,3,3,TCTGGGAAGGTGATAACTCT,0,3520784
tfaE_stfE_predicted,0.25,3,3,TCTGGATACTGCGTAGACTA,0,3522160
tfaE_stfE_predicted,0.25,3,3,TCTGCCTCAGAACTGCTACT,0,3471219
tfaE_stfE_predicted,0.25,3,3,TCTGAACACCGTAGCCCTTT,0,3488896
tfaE_stfE_predicted,0.25,3,3,TCTGAAAGCTAGCTGGCCTC,0,3501732
tfaE_stfE_predicted,0.25,3,3,TCTCTTAGGTTGCATACTAT,0,3478969
tfaE_stfE_predicted,0.25,3,3,TCTCTAAGCCGGACTACTGC,0,3477450
tfaE_stfE_predicted,0.25,3,3,TCTCGGTAGGGCCGTCGCCT,0,3538899
tfaE_stfE_predicted,0.25,3,3,TCTCGGCATTATTTGCACAA,0,3539645
tfaE_stfE_predicted,0.25,3,3,TCTCGACTGGCTTCTCAGGG,0,3506388
tfaE_stfE_predicted,0.25,3,3,TCTCCTGAGATGGGCGAGGC,0,3533447
tfaE_stfE_predicted,0.25,3,3,TCTCCCTATTAGGATGTGCA,0,3534840
tfaE_stfE_predicted,0.25,3,3,TCTCATAGTCGTTCGAGACA,0,3518314
tfaE_stfE_predicted,0.25,3,3,TCTCATACATGGCTCTGAAT,0,3498335
tfaE_stfE_predicted,0.25,3,3,TCTCACATACAAATCAAAGA,0,3516520
tfaE_stfE_predicted,0.25,3,3,TCTCAATTTAGACGTTGGTT,0,3476163
tfaE_stfE_predicted,0.25,3,3,TCTCAACCCCTTAATGAATA,0,3508359
tfaE_stfE_predicted,0.25,3,3,TCTATATCCGCTTACAACTG,0,3514050
tfaE_stfE_predicted,0.25,3,3,TCTACCTAGGATAAGTTGCA,0,3504088
tfaE_stfE_predicted,0.25,3,3,TCTAATTAGATGATAGACAG,0,3529739
tfaE_stfE_predicted,0.25,3,3,TCTAATGGTCTTAAAGTACC,0,3490245
tfaE_stfE_predicted,0.25,3,3,TCTAAGATTGGAACAGCGGG,0,3517890
tfaE_stfE_predicted,0.25,3,3,TCTAACACTTGCCTTTCTGT,0,3502015
tfaE_stfE_predicted,0.25,3,3,TCGTTGTTAGCCCTTCGCGG,0,3538980
tfaE_stfE_predicted,0.25,3,3,TCGTGTTAGTCATGGGGATG,0,3509545
tfaE_stfE_predicted,0.25,3,3,TCGTGTACGACATTCTATAT,0,3467253
tfaE_stfE_predicted,0.25,3,3,TCGTGATCTTAGCTATAAGG,0,3490560
tfaE_stfE_predicted,0.25,3,3,TCGTGAGCTTCGCGGCGCGT,0,3509968
tfaE_stfE_predicted,0.25,3,3,TCGTCTCAATAAAGTTGAAT,0,3515111
tfaE_stfE_predicted,0.25,3,3,TCGTCACCTGCTCGAGTGGA,0,3539397
tfaE_stfE_predicted,0.25,3,3,TCGTAGATCGTATAGCTGAA,0,3513916
tfaE_stfE_predicted,0.25,3,3,TCGTACACAGGTCATGAGGC,0,3518534
tfaE_stfE_predicted,0.25,3,3,TCGTAATTATCGATCTAGCC,0,3502596
tfaE_stfE_predicted,0.25,3,3,TCGTAAGGTCCGCGTATACC,0,3474584
tfaE_stfE_predicted,0.25,3,3,TCGGTTTGGTATACAGCCGT,0,3507891
tfaE_stfE_predicted,0.25,3,3,TCGGTGTCTAGGCCGGCCCC,0,3520597
tfaE_stfE_predicted,0.25,3,3,TCGGGTATCGTCCTCGTAAA,0,3536041
tfaE_stfE_predicted,0.25,3,3,TCGGGAGGCAGGATCAGCGA,0,3487226
tfaE_stfE_predicted,0.25,3,3,TCGGCTTCCGGATTAGGTTG,0,3503451
tfaE_stfE_predicted,0.25,3,3,TCGGCGGGGATCTCTGAGGG,0,3479918
tfaE_stfE_predicted,0.25,3,3,TCGGCCTACCTGCTGACTAA,0,3510918
tfaE_stfE_predicted,0.25,3,3,TCGGCAGGCGGATACTAAGT,0,3497858
tfaE_stfE_predicted,0.25,3,3,TCGGCACAGTTGCATCTTTT,0,3524603
tfaE_stfE_predicted,0.25,3,3,TCGCTCCCGAGTGTTCGCCA,0,3487839
tfaE_stfE_predicted,0.25,3,3,TCGCGTGCAGTGGTTCGTTA,0,3530927
tfaE_stfE_predicted,0.25,3,3,TCGCGACCAATATACACACA,0,3482678
tfaE_stfE_predicted,0.25,3,3,TCGCCTGGTTTGGTACCAAA,0,3506031
tfaE_stfE_predicted,0.25,3,3,TCGCCCTAGCTGAATCCGGA,0,3509640
tfaE_stfE_predicted,0.25,3,3,TCGCATTGCCCTCCCATCGC,0,3484683
tfaE_stfE_predicted,0.25,3,3,TCGCAATCTTTGGGCTTGTC,0,3508289
tfaE_stfE_predicted,0.25,3,3,TCGACCTAAACCTGAACTGG,0,3505040
tfaE_stfE_predicted,0.25,3,3,TCGAACTACACTGAGGCGCG,0,3469930
tfaE_stfE_predicted,0.25,3,3,TCGAACACCCAAGAGGTCTA,0,3491080
tfaE_stfE_predicted,0.25,3,3,TCGAAATTTATCAGGCTTAC,0,3529692
tfaE_stfE_predicted,0.25,3,3,TCGAAATTCACTCCTATATA,0,3466649
tfaE_stfE_predicted,0.25,3,3,TCGAAACCAGAAGACAGATT,0,3496683
tfaE_stfE_predicted,0.25,3,3,TCCTTATTGTCTGTTTCTAG,0,3471177
tfaE_stfE_predicted,0.25,3,3,TCCTGGGAGTGTATTGGCGG,0,3469608
tfaE_stfE_predicted,0.25,3,3,TCCTCTTGCGAAGAGTCTAG,0,3475758
tfaE_stfE_predicted,0.25,3,3,TCCTCACATCCGTGTGACTC,0,3525954
tfaE_stfE_predicted,0.25,3,3,TCCTATTTGCAGGCATAAGC,0,3522971
tfaE_stfE_predicted,0.25,3,3,TCCTACAACCGACTGAGACG,0,3473275
tfaE_stfE_predicted,0.25,3,3,TCCTAATACATTCGCTCCTT,0,3499627
tfaE_stfE_predicted,0.25,3,3,TCCTAAGGTGTATCAAGTTA,0,3523448
tfaE_stfE_predicted,0.25,3,3,TCCGTGTGCCCTTTTCCTCT,0,3510633
tfaE_stfE_predicted,0.25,3,3,TCCGTCACCTAGCTCATACT,0,3532922
tfaE_stfE_predicted,0.25,3,3,TCCGGCTGGTTAAGCATATA,0,3486159
tfaE_stfE_predicted,0.25,3,3,TCCGCTCTATGGCGTATCTC,0,3536261
tfaE_stfE_predicted,0.25,3,3,TCCGCTAAAGTTAATCGTAG,0,3539040
tfaE_stfE_predicted,0.25,3,3,TCCGATGTAAAATTTGCTTT,0,3474271
tfaE_stfE_predicted,0.25,3,3,TCCGAGGACTTATCGATCGG,0,3496065
tfaE_stfE_predicted,0.25,3,3,TCCCTGGACGGATCCAGCCC,0,3477354
tfaE_stfE_predicted,0.25,3,3,TCCCTCGGCGCAGGTCAGAC,0,3486136
tfaE_stfE_predicted,0.25,3,3,TCCCGTGCGAAAGCGGCATA,0,3498265
tfaE_stfE_predicted,0.25,3,3,TCCCCCGAAAACCTATATAC,0,3520372
tfaE_stfE_predicted,0.25,3,3,TCCCAATTAGGGATGTGGCC,0,3472638
tfaE_stfE_predicted,0.25,3,3,TCCATTCCATGCGCCTACAA,0,3468755
tfaE_stfE_predicted,0.25,3,3,TCCAGGGTGCTAGAGTCTGT,0,3493790
tfaE_stfE_predicted,0.25,3,3,TCCAGGCCAAACCTGGCTAG,0,3472915
tfaE_stfE_predicted,0.25,3,3,TCCAGCTCAACTAATCTTGT,0,3522454
tfaE_stfE_predicted,0.25,3,3,TCCAGCCACGCTATCCTTCC,0,3489054
tfaE_stfE_predicted,0.25,3,3,TCCAGAGGGTCGCGTCGTGC,0,3539692
tfaE_stfE_predicted,0.25,3,3,TCCAGAGGCTATTCGACACC,0,3480204
tfaE_stfE_predicted,0.25,3,3,TCCACCGGCTGTATTTAAAT,0,3504580
tfaE_stfE_predicted,0.25,3,3,TCCACCGGAAATCTGATGGC,0,3537946
tfaE_stfE_predicted,0.25,3,3,TCCACATTCAGGGGAGACTA,0,3512079
tfaE_stfE_predicted,0.25,3,3,TCCAAGGGGTGAGCTCCAGC,0,3506737
tfaE_stfE_predicted,0.25,3,3,TCATTACTTTAAATTATATA,0,3540067
tfaE_stfE_predicted,0.25,3,3,TCATGGCACGTTGCCCCTCA,0,3510605
tfaE_stfE_predicted,0.25,3,3,TCATCTTCACGACCTATTGC,0,3539230
tfaE_stfE_predicted,0.25,3,3,TCATCGCAGGAAGCTACCGT,0,3511497
tfaE_stfE_predicted,0.25,3,3,TCATCCCCAGTCTACGGACA,0,3539481
tfaE_stfE_predicted,0.25,3,3,TCATCAAGTTTTGGCTGGAG,0,3519071
tfaE_stfE_predicted,0.25,3,3,TCAGTGCTAAACCACCTGCC,0,3495838
tfaE_stfE_predicted,0.25,3,3,TCAGTCTTTTGAAACCGTTA,0,3525557
tfaE_stfE_predicted,0.25,3,3,TCAGTCCGGAAGCAAGTAAG,0,3510346
tfaE_stfE_predicted,0.25,3,3,TCAGTATGCTAGTTATGAGA,0,3535956
tfaE_stfE_predicted,0.25,3,3,TCAGTACACTCCCCCGGGTC,0,3525447
tfaE_stfE_predicted,0.25,3,3,TCAGAGACACTGACCGCGTT,0,3537235
tfaE_stfE_predicted,0.25,3,3,TCAGACGCCAAACCGCTTGG,0,3512293
tfaE_stfE_predicted,0.25,3,3,TCACTGGAAATGTTACCTTT,0,3481246
tfaE_stfE_predicted,0.25,3,3,TCACTCTGGGGAGTAAGTGA,0,3502814
tfaE_stfE_predicted,0.25,3,3,TCACTCTAGTACCAGATGGT,0,3519444
tfaE_stfE_predicted,0.25,3,3,TCACGTGGAAGGGCCTTATG,0,3535690
tfaE_stfE_predicted,0.25,3,3,TCACCGCTCGGTTGGTCCTG,0,3484654
tfaE_stfE_predicted,0.25,3,3,TCACCCCCTAGCGTAGTTCA,0,3504434
tfaE_stfE_predicted,0.25,3,3,TCACCACAGCCGTTGTTGTG,0,3513562
tfaE_stfE_predicted,0.25,3,3,TCAAGTACCCCCAGTCGAAG,0,3538450
tfaE_stfE_predicted,0.25,3,3,TCAACTGAAACCAAAGGTTC,0,3469246
tfaE_stfE_predicted,0.25,3,3,TCAAACGCTGCGGCACAATC,0,3519252
tfaE_stfE_predicted,0.25,3,3,TCAAACCCTACCTCTCCAGT,0,3535969
tfaE_stfE_predicted,0.25,3,3,TATTTTGCCCAAATCTCGTG,0,3538607
tfaE_stfE_predicted,0.25,3,3,TATTTTCTACTAGGGCAGAT,0,3489684
tfaE_stfE_predicted,0.25,3,3,TATTTATGGAGCCTGAGATC,0,3539429
tfaE_stfE_predicted,0.25,3,3,TATTTAGATTCAGCTCGATT,0,3515449
tfaE_stfE_predicted,0.25,3,3,TATTTAGAAGCGCTTGTTCT,0,3493843
tfaE_stfE_predicted,0.25,3,3,TATTTACCAAATACCGGGTG,0,3529617
tfaE_stfE_predicted,0.25,3,3,TATTGCATAGTTTGAGCTCA,0,3502989
tfaE_stfE_predicted,0.25,3,3,TATTGACAAATGATAGGTCA,0,3490816
tfaE_stfE_predicted,0.25,3,3,TATTCGTGCTCATGAATTCA,0,3540438
tfaE_stfE_predicted,0.25,3,3,TATTCGCATACTGTAGATCC,0,3539828
tfaE_stfE_predicted,0.25,3,3,TATTCCTTTCGGGGGAGAAC,0,3527712
tfaE_stfE_predicted,0.25,3,3,TATTCCCCCCAGACTATATA,0,3510756
tfaE_stfE_predicted,0.25,3,3,TATTCAGGCCCTACGAGACC,0,3473984
tfaE_stfE_predicted,0.25,3,3,TATTAGTTTGGGGCACGGAC,0,3517862
tfaE_stfE_predicted,0.25,3,3,TATTACAGCGCTCTATCAGT,0,3501760
tfaE_stfE_predicted,0.25,3,3,TATTAAGCTACCTTATGCGC,0,3511499
tfaE_stfE_predicted,0.25,3,3,TATTAAGAGGGCTTGTGCCA,0,3504283
tfaE_stfE_predicted,0.25,3,3,TATGTATAATCCGGAAATTT,0,3536449
tfaE_stfE_predicted,0.25,3,3,TATGGTCAGGAATGGCCAGG,0,3503927
tfaE_stfE_predicted,0.25,3,3,TATGGCTATGCGACATCGAT,0,3496972
tfaE_stfE_predicted,0.25,3,3,TATCTTAATTCGCATCTAAA,0,3519549
tfaE_stfE_predicted,0.25,3,3,TATCTGGGACGTAAGTCAAT,0,3528941
tfaE_stfE_predicted,0.25,3,3,TATCGAGGTGGACTCTTTTC,0,3490813
tfaE_stfE_predicted,0.25,3,3,TATCCCTAAAGGTCCAATGT,0,3534531
tfaE_stfE_predicted,0.25,3,3,TATCATGCCCACAATCCACT,0,3505741
tfaE_stfE_predicted,0.25,3,3,TATCAGGAAGGTATCATGGT,0,3513199
tfaE_stfE_predicted,0.25,3,3,TATCAACGCGATCCACGGGT,0,3467589
tfaE_stfE_predicted,0.25,3,3,TATATTCGGTTCTCCCGCCG,0,3486481
tfaE_stfE_predicted,0.25,3,3,TATATGGAATAACAAAGTTC,0,3468894
tfaE_stfE_predicted,0.25,3,3,TATATGCGCCATATTGTAAT,0,3537338
tfaE_stfE_predicted,0.25,3,3,TATATCAGCGTGTGCTAAAC,0,3467030
tfaE_stfE_predicted,0.25,3,3,TATAGTTTCCATGATGTTGC,0,3473058
tfaE_stfE_predicted,0.25,3,3,TATAGTAAGCAAGAAATCGT,0,3541089
tfaE_stfE_predicted,0.25,3,3,TATAGCGCCAGTTTTGAGTT,0,3497204
tfaE_stfE_predicted,0.25,3,3,TATACTCAGAGCGGACGGAC,0,3519717
tfaE_stfE_predicted,0.25,3,3,TATACCACAACGTGTTCGTA,0,3474873
tfaE_stfE_predicted,0.25,3,3,TATAATGGAGATGCGCTTAG,0,3507645
tfaE_stfE_predicted,0.25,3,3,TATAAGACTTGGGAAGTTGC,0,3536792
tfaE_stfE_predicted,0.25,3,3,TAGGCGTTCTGTCCGTACGC,0,3516249
tfaE_stfE_predicted,0.25,3,3,TAGCTGCGGCAGGAATATAT,0,3474366
tfaE_stfE_predicted,0.25,3,3,TAGCGGAATTTCAGGGCGCT,0,3473685
tfaE_stfE_predicted,0.25,3,3,TAGCGCTACTGCGCGGTCGG,0,3511091
tfaE_stfE_predicted,0.25,3,3,TAGCCAATGGACGTGCAAGC,0,3486169
tfaE_stfE_predicted,0.25,3,3,TAGCATTGTCACGACACATC,0,3511656
tfaE_stfE_predicted,0.25,3,3,TAGCAAGACAATATCGCCAC,0,3484466
tfaE_stfE_predicted,0.25,3,3,TAGAGGGGACAGATGGCATG,0,3473808
tfaE_stfE_predicted,0.25,3,3,TAGAGGCTCGATATTCACCA,0,3529467
tfaE_stfE_predicted,0.25,3,3,TAGAGGACTAGCAAGTACTA,0,3511080
tfaE_stfE_predicted,0.25,3,3,TAGAGATAGGATGGTTAGGC,0,3495712
tfaE_stfE_predicted,0.25,3,3,TAGAGACATCTGAAGAGCCC,0,3536731
tfaE_stfE_predicted,0.25,3,3,TACTTGTCGTTGGCTAACGA,0,3501012
tfaE_stfE_predicted,0.25,3,3,TACTTGTAAGAATTATTCTC,0,3468107
tfaE_stfE_predicted,0.25,3,3,TACTCCGAGCCGGTCGCCAC,0,3498206
tfaE_stfE_predicted,0.25,3,3,TACGTGATAACCTCGCATAC,0,3514367
tfaE_stfE_predicted,0.25,3,3,TACGGAGATAGGGACGCCAT,0,3501850
tfaE_stfE_predicted,0.25,3,3,TACGCCTCCCCAGTTGCTTA,0,3483233
tfaE_stfE_predicted,0.25,3,3,TACGCCGCTAACCCGGTTAA,0,3486188
tfaE_stfE_predicted,0.25,3,3,TACGCCCGTCCATGCTGCTT,0,3470322
tfaE_stfE_predicted,0.25,3,3,TACGCCAATGTTAATCCATC,0,3515384
tfaE_stfE_predicted,0.25,3,3,TACGAATGCCGGTCCTAGCC,0,3536256
tfaE_stfE_predicted,0.25,3,3,TACCTCGTGTTATAAATTTA,0,3470612
tfaE_stfE_predicted,0.25,3,3,TACCCGCCTTTACATACGGT,0,3469801
tfaE_stfE_predicted,0.25,3,3,TACCCCGCACAGTCGCAGTG,0,3518688
tfaE_stfE_predicted,0.25,3,3,TACCCCCTGGGGAGCCCTGA,0,3517305
tfaE_stfE_predicted,0.25,3,3,TACCCCAGGAGAGCCCGAAC,0,3534135
tfaE_stfE_predicted,0.25,3,3,TACCACAAGAGTAAGTAGGG,0,3491917
tfaE_stfE_predicted,0.25,3,3,TACATGTATTTCAACTTGGG,0,3526492
tfaE_stfE_predicted,0.25,3,3,TACATGATATCCTACGGTAT,0,3497251
tfaE_stfE_predicted,0.25,3,3,TACATCATGGGCTTAGTATG,0,3540097
tfaE_stfE_predicted,0.25,3,3,TACAGTTGCAGGCTCTAATA,0,3527308
tfaE_stfE_predicted,0.25,3,3,TACAGGAAATTCGATTGTGC,0,3503101
tfaE_stfE_predicted,0.25,3,3,TACAGCAGTACTTCCCAGCA,0,3488282
tfaE_stfE_predicted,0.25,3,3,TACACGGGACAAGAGTATAG,0,3485663
tfaE_stfE_predicted,0.25,3,3,TACACCCACGGTCTCGTTTC,0,3488712
tfaE_stfE_predicted,0.25,3,3,TAATTTGCAGGATCGTGTGC,0,3520734
tfaE_stfE_predicted,0.25,3,3,TAATTGCTTACATACTCCGG,0,3484025
tfaE_stfE_predicted,0.25,3,3,TAATGTTATATGCGCGGTAC,0,3515819
tfaE_stfE_predicted,0.25,3,3,TAATGTCCTGTGTCTAATAT,0,3500868
tfaE_stfE_predicted,0.25,3,3,TAATCGATTTAAATTCAACT,0,3470370
tfaE_stfE_predicted,0.25,3,3,TAATCATCGGTGGCCGGCCC,0,3469762
tfaE_stfE_predicted,0.25,3,3,TAATAACCATATGCCGCGTC,0,3483390
tfaE_stfE_predicted,0.25,3,3,TAAGTAGGTACCAAAGTACC,0,3524631
tfaE_stfE_predicted,0.25,3,3,TAAGGCGTTCTGTAAGGGGG,0,3481634
tfaE_stfE_predicted,0.25,3,3,TAAGACATGACGGCACATTT,0,3510039
tfaE_stfE_predicted,0.25,3,3,TAACTGTGCCAGACCCTACA,0,3471898
tfaE_stfE_predicted,0.25,3,3,TAACTCGATGCCACGCTCGG,0,3481517
tfaE_stfE_predicted,0.25,3,3,TAACTATTATGGGAGAGTTA,0,3477325
tfaE_stfE_predicted,0.25,3,3,TAACTATGAGTCATGGGAAC,0,3496654
tfaE_stfE_predicted,0.25,3,3,TAACGTGTGCAATTGTAGTT,0,3478871
tfaE_stfE_predicted,0.25,3,3,TAACCACATGCACGGCGACA,0,3496180
tfaE_stfE_predicted,0.25,3,3,TAACAAGCCATGGAGTGCGC,0,3467710
tfaE_stfE_predicted,0.25,3,3,TAAAGAAAGTAATGAAGGAG,0,3540120
tfaE_stfE_predicted,0.25,3,3,TAAAATACATTTCTAACAGG,0,3541157
tfaE_stfE_predicted,0.25,3,3,TAAAAACCCTGCGTGGGTTT,0,3507801
tfaE_stfE_predicted,0.25,3,3,GTTTTTGGGGTGGCATATGT,0,3488717
tfaE_stfE_predicted,0.25,3,3,GTTTTGCAGTTCAGAGGAAT,0,3507957
tfaE_stfE_predicted,0.25,3,3,GTTTTAGGACGGCGTCCCTT,0,3486242
tfaE_stfE_predicted,0.25,3,3,GTTTGGTAAACATATTCCAA,0,3529193
tfaE_stfE_predicted,0.25,3,3,GTTTGGATACAAAATTCCTG,0,3527682
tfaE_stfE_predicted,0.25,3,3,GTTTGCTCGAAGACACTTTG,0,3504839
tfaE_stfE_predicted,0.25,3,3,GTTTGCGTTCACTCCGATAC,0,3521137
tfaE_stfE_predicted,0.25,3,3,GTTTGCAAGTTCCAGGAGCT,0,3477457
tfaE_stfE_predicted,0.25,3,3,GTTTGAACGGGAGAAAGTAG,0,3498587
tfaE_stfE_predicted,0.25,3,3,GTTTCCGAGTACAGCACAGT,0,3490457
tfaE_stfE_predicted,0.25,3,3,GTTTAAGCGGGGAGGATCCG,0,3500006
tfaE_stfE_predicted,0.25,3,3,GTTGTGCGCTATTAGGGCGC,0,3511587
tfaE_stfE_predicted,0.25,3,3,GTTGTATCGCGGGACGGTAT,0,3511887
tfaE_stfE_predicted,0.25,3,3,GTTGGACGGCATGAGATAAC,0,3506629
tfaE_stfE_predicted,0.25,3,3,GTTGATTAAAGCTACGGTAA,0,3480100
tfaE_stfE_predicted,0.25,3,3,GTTGAGTTCAGCGTCTACGC,0,3528088
tfaE_stfE_predicted,0.25,3,3,GTTGAGTATGTAAAGAGACT,0,3529633
tfaE_stfE_predicted,0.25,3,3,GTTGAGGAGGTATGCACACG,0,3513203
tfaE_stfE_predicted,0.25,3,3,GTTGAGAAAATATATTAACT,0,3483934
tfaE_stfE_predicted,0.25,3,3,GTTGACATATTTTGTGAGCA,0,3528119
tfaE_stfE_predicted,0.25,3,3,GTTCTAGCTATGCTTGCCTG,0,3532695
tfaE_stfE_predicted,0.25,3,3,GTTCGTTGGTCTTCCATCTC,0,3505392
tfaE_stfE_predicted,0.25,3,3,GTTCGGAAGCCCTCCTCATG,0,3520271
tfaE_stfE_predicted,0.25,3,3,GTTCATAGACTAGGTAGGAC,0,3488745
tfaE_stfE_predicted,0.25,3,3,GTTCACTGGCTGTGCAACCC,0,3487125
tfaE_stfE_predicted,0.25,3,3,GTTATGTGCCTAGGTATAAG,0,3488181
tfaE_stfE_predicted,0.25,3,3,GTTATGGGTCGATGATAAAG,0,3496052
tfaE_stfE_predicted,0.25,3,3,GTTATGCCTCCGAAGTTCGG,0,3518931
tfaE_stfE_predicted,0.25,3,3,GTTATCGCTGTTTTAATTGA,0,3536173
tfaE_stfE_predicted,0.25,3,3,GTTATAGGTTGAAATCTGAA,0,3507016
tfaE_stfE_predicted,0.25,3,3,GTTAGTTACGTAGGAAAAGA,0,3473184
tfaE_stfE_predicted,0.25,3,3,GTTAATCGCACCAAAATGCC,0,3538192
tfaE_stfE_predicted,0.25,3,3,GTTAAACCGAGGACCAGTAA,0,3501842
tfaE_stfE_predicted,0.25,3,3,GTGTTGAATCTCGCTTAGCA,0,3482971
tfaE_stfE_predicted,0.25,3,3,GTGTTCGCCTACCAAGACGT,0,3497656
tfaE_stfE_predicted,0.25,3,3,GTGTGTGAACGATACCGATG,0,3472574
tfaE_stfE_predicted,0.25,3,3,GTGTGTAAGATCCTGCTATA,0,3506222
tfaE_stfE_predicted,0.25,3,3,GTGTGGATGCGAAACGCCTA,0,3469048
tfaE_stfE_predicted,0.25,3,3,GTGTGGATCCCTAACGGATA,0,3520296
tfaE_stfE_predicted,0.25,3,3,GTGTCTGACATAGCTACCGC,0,3509859
tfaE_stfE_predicted,0.25,3,3,GTGTCCGCAACGTCCTTCGG,0,3498215
tfaE_stfE_predicted,0.25,3,3,GTGTCAGAACATACAAGTTA,0,3496062
tfaE_stfE_predicted,0.25,3,3,GTGTATGCGCCGCCAGTTAC,0,3478993
tfaE_stfE_predicted,0.25,3,3,GTGTACCCAGTTGACGAAGG,0,3516880
tfaE_stfE_predicted,0.25,3,3,GTGGTTTATATACCTTAAAT,0,3477153
tfaE_stfE_predicted,0.25,3,3,GTGGTTATGAGTTTTAATGC,0,3485031
tfaE_stfE_predicted,0.25,3,3,GTGGTGGTATTCTCCCAAGA,0,3497459
tfaE_stfE_predicted,0.25,3,3,GTGGTGCGCGGTCAACCGTA,0,3508083
tfaE_stfE_predicted,0.25,3,3,GTGGTGATGTCGCTAGTATT,0,3483479
tfaE_stfE_predicted,0.25,3,3,GTGGTAATACAACTAGAAGG,0,3491747
tfaE_stfE_predicted,0.25,3,3,GTGGGTTCCACACCAAGGTG,0,3498101
tfaE_stfE_predicted,0.25,3,3,GTGGGGTGGGTGAAAAATTA,0,3529324
tfaE_stfE_predicted,0.25,3,3,GTGGGGTGAAAACTTTTGGG,0,3511537
tfaE_stfE_predicted,0.25,3,3,GTGGGGCAAAACGAAAGGGT,0,3532214
tfaE_stfE_predicted,0.25,3,3,GTGGGCTATTGTTCGGGTGT,0,3488701
tfaE_stfE_predicted,0.25,3,3,GTGGGATCTGCTTCGTTTGC,0,3473642
tfaE_stfE_predicted,0.25,3,3,GTGGCACATGTAAGATAGGA,0,3489810
tfaE_stfE_predicted,0.25,3,3,GTGGATTCGTCGCCTGTGAA,0,3509591
tfaE_stfE_predicted,0.25,3,3,GTGGAGCCCGTAGACTCCGA,0,3529984
tfaE_stfE_predicted,0.25,3,3,GTGGAAACTTTAGGGCGTTG,0,3519720
tfaE_stfE_predicted,0.25,3,3,GTGCTTTGTCCGCACAGATC,0,3522691
tfaE_stfE_predicted,0.25,3,3,GTGCGCGGTCGGCTTGTTAT,0,3536857
tfaE_stfE_predicted,0.25,3,3,GTGCGCAGCAACCTGGCTCC,0,3528427
tfaE_stfE_predicted,0.25,3,3,GTGCATGTACTACAAGAAGC,0,3478930
tfaE_stfE_predicted,0.25,3,3,GTGCAGCGAATTTGCCATAA,0,3475933
tfaE_stfE_predicted,0.25,3,3,GTGCACTATGCCCACCGGTA,0,3491973
tfaE_stfE_predicted,0.25,3,3,GTGATTATACAACGCGCACT,0,3497943
tfaE_stfE_predicted,0.25,3,3,GTGATGAATAAGTTAGCTGT,0,3494237
tfaE_stfE_predicted,0.25,3,3,GTGATCGTAGAGGCCGTCGG,0,3496374
tfaE_stfE_predicted,0.25,3,3,GTGATCCCCTCGTTTCTGTA,0,3470506
tfaE_stfE_predicted,0.25,3,3,GTGAGTCCTGGGGGGTCCTA,0,3520535
tfaE_stfE_predicted,0.25,3,3,GTGAGGACAGTTCAAATCGC,0,3477249
tfaE_stfE_predicted,0.25,3,3,GTGAGCTGCTACTTTTAAGA,0,3499878
tfaE_stfE_predicted,0.25,3,3,GTGAGCTCCCAACTCTAACG,0,3518555
tfaE_stfE_predicted,0.25,3,3,GTGAGCTATTGTGGTAATCC,0,3487872
tfaE_stfE_predicted,0.25,3,3,GTGAGCCAGGCAAGCCTTAA,0,3540481
tfaE_stfE_predicted,0.25,3,3,GTGACCAAGACCGGCGGATG,0,3518820
tfaE_stfE_predicted,0.25,3,3,GTGAATATTCTATCATAGAC,0,3486574
tfaE_stfE_predicted,0.25,3,3,GTGAATAACACTCCGTGGTG,0,3492474
tfaE_stfE_predicted,0.25,3,3,GTCTTGCTGGGTAATGGACC,0,3497243
tfaE_stfE_predicted,0.25,3,3,GTCTTCATAGCTATCCGAAG,0,3497428
tfaE_stfE_predicted,0.25,3,3,GTCTCTCCGTAGGAGACCTT,0,3500975
tfaE_stfE_predicted,0.25,3,3,GTCTCGACCCAGCCAAGTAT,0,3471160
tfaE_stfE_predicted,0.25,3,3,GTCTAGACGGAGGCGGGCTC,0,3534988
tfaE_stfE_predicted,0.25,3,3,GTCTACGCCAAGTACTGGTC,0,3495250
tfaE_stfE_predicted,0.25,3,3,GTCTACGAAACTCGGACAAA,0,3482877
tfaE_stfE_predicted,0.25,3,3,GTCTAACGCTTTCCAGTGCG,0,3499626
tfaE_stfE_predicted,0.25,3,3,GTCGCTTTAACTGGGAGACT,0,3507241
tfaE_stfE_predicted,0.25,3,3,GTCGAGCCGATTCATACATG,0,3531407
tfaE_stfE_predicted,0.25,3,3,GTCGACCGCTCTAAGGGGGG,0,3515440
tfaE_stfE_predicted,0.25,3,3,GTCCTTTCCGACGATAGAAC,0,3518932
tfaE_stfE_predicted,0.25,3,3,GTCCTATTGTTTCGCATCCC,0,3492364
tfaE_stfE_predicted,0.25,3,3,GTCCCTAGTGCCCAGTTGGG,0,3469102
tfaE_stfE_predicted,0.25,3,3,GTCCCGGAATTACTGAAGGC,0,3467934
tfaE_stfE_predicted,0.25,3,3,GTCCATTGTCTACAACATCT,0,3523825
tfaE_stfE_predicted,0.25,3,3,GTCCACGAGGGGTGACGAGA,0,3529694
tfaE_stfE_predicted,0.25,3,3,GTCATGGTTGGTGCCTGGCA,0,3476108
tfaE_stfE_predicted,0.25,3,3,GTCATCTAATGGATTGGCCA,0,3481762
tfaE_stfE_predicted,0.25,3,3,GTCATACGGGCCTGCCACCT,0,3534891
tfaE_stfE_predicted,0.25,3,3,GTCAGTACAAGCCCTCCCAT,0,3501091
tfaE_stfE_predicted,0.25,3,3,GTCAGGAGTTTGTTTCTCAA,0,3523468
tfaE_stfE_predicted,0.25,3,3,GTCAGCATTGGGTATTTGGT,0,3496859
tfaE_stfE_predicted,0.25,3,3,GTCAACGATCGCTAGGTGCA,0,3489379
tfaE_stfE_predicted,0.25,3,3,GTCAAATCGGGCGCGTTCCT,0,3483074
tfaE_stfE_predicted,0.25,3,3,GTATTTGAGAATATATGGTA,0,3502136
tfaE_stfE_predicted,0.25,3,3,GTATGTTAACACGTCGAAAT,0,3514845
tfaE_stfE_predicted,0.25,3,3,GTATGTCTTGACCGTATGAT,0,3468666
tfaE_stfE_predicted,0.25,3,3,GTATCGTCGAATGTGATATA,0,3521160
tfaE_stfE_predicted,0.25,3,3,GTATCAATATTCATAAGAGA,0,3498353
tfaE_stfE_predicted,0.25,3,3,GTAGTCGGCCAGGGTCATCT,0,3535913
tfaE_stfE_predicted,0.25,3,3,GTAGGTAGCCGGGCATAGGG,0,3538633
tfaE_stfE_predicted,0.25,3,3,GTAGGCCAAGACGGCGGCGA,0,3469802
tfaE_stfE_predicted,0.25,3,3,GTAGCTCCCAAATCTGGAGA,0,3522796
tfaE_stfE_predicted,0.25,3,3,GTAGCTAGGGCCACGGTCGC,0,3513610
tfaE_stfE_predicted,0.25,3,3,GTAGCGAGTCGTCCCGTTTT,0,3478841
tfaE_stfE_predicted,0.25,3,3,GTAGAAAGGCCGCGGGTATC,0,3529872
tfaE_stfE_predicted,0.25,3,3,GTACTAGCTAGGGGTACCCT,0,3526981
tfaE_stfE_predicted,0.25,3,3,GTACGACGATGTACGACCCA,0,3479357
tfaE_stfE_predicted,0.25,3,3,GTACATGGGTATGTTCTACA,0,3468946
tfaE_stfE_predicted,0.25,3,3,GTAATTGCAAGGAGGAACTA,0,3537499
tfaE_stfE_predicted,0.25,3,3,GTAATATGCGTAGAATCGTA,0,3502704
tfaE_stfE_predicted,0.25,3,3,GTAATACCAGAAGGGTCGAG,0,3510098
tfaE_stfE_predicted,0.25,3,3,GTAAGTATCGCACATTGATG,0,3488911
tfaE_stfE_predicted,0.25,3,3,GTAAGTACAGCGAGCGGGCC,0,3479422
tfaE_stfE_predicted,0.25,3,3,GTAACTTCCCCTGACCACGA,0,3479712
tfaE_stfE_predicted,0.25,3,3,GTAACGCGGCGAAGTAAGGA,0,3480311
tfaE_stfE_predicted,0.25,3,3,GTAACGCGACAGCGGAGTAC,0,3528996
tfaE_stfE_predicted,0.25,3,3,GTAACCACACGTGGTTACTT,0,3506240
tfaE_stfE_predicted,0.25,3,3,GTAAATTGCGTTGTTGTTGC,0,3474492
tfaE_stfE_predicted,0.25,3,3,GTAAACTGAAAACGTGAGGC,0,3489230
tfaE_stfE_predicted,0.25,3,3,GGTTTGATAACTTTATGCCA,0,3466680
tfaE_stfE_predicted,0.25,3,3,GGTTGAGAACAATCCAAAAC,0,3516271
tfaE_stfE_predicted,0.25,3,3,GGTTGAATTGTCTAGCGAGG,0,3479969
tfaE_stfE_predicted,0.25,3,3,GGTTCAGGATCGTTTTCTTA,0,3500990
tfaE_stfE_predicted,0.25,3,3,GGTTATTTACAGTCGAACAA,0,3496938
tfaE_stfE_predicted,0.25,3,3,GGTTAGGTGCACTGGTGTCG,0,3474892
tfaE_stfE_predicted,0.25,3,3,GGTTACGAGCTACACTTCAT,0,3517502
tfaE_stfE_predicted,0.25,3,3,GGTGTTGGAAGCCGATAACC,0,3506889
tfaE_stfE_predicted,0.25,3,3,GGTGTTAGTCTGCTACGCGA,0,3534620
tfaE_stfE_predicted,0.25,3,3,GGTGGGTTAACTTCTGGGAT,0,3518623
tfaE_stfE_predicted,0.25,3,3,GGTGGGTGGGGGTTGCCCTG,0,3537809
tfaE_stfE_predicted,0.25,3,3,GGTGCGTTTGGACCTCAGTG,0,3486272
tfaE_stfE_predicted,0.25,3,3,GGTGCGATTGCAACTGTGCG,0,3477947
tfaE_stfE_predicted,0.25,3,3,GGTGCACTATTTGTCTATGG,0,3495014
tfaE_stfE_predicted,0.25,3,3,GGTGATAAGAGGGCAAGCCT,0,3504735
tfaE_stfE_predicted,0.25,3,3,GGTCTTGGCCCGAACTACTA,0,3525296
tfaE_stfE_predicted,0.25,3,3,GGTCTGGACAAAAGAAGGCT,0,3510972
tfaE_stfE_predicted,0.25,3,3,GGTCTCCACAAAATAGTCCT,0,3519408
tfaE_stfE_predicted,0.25,3,3,GGTCGTCGATACTGGCGGCT,0,3471057
tfaE_stfE_predicted,0.25,3,3,GGTCGTCCATCATAAGTATC,0,3491666
tfaE_stfE_predicted,0.25,3,3,GGTCGCATGCAACCAGCGGT,0,3495007
tfaE_stfE_predicted,0.25,3,3,GGTCCTTGCGGCAAGGTAAG,0,3491554
tfaE_stfE_predicted,0.25,3,3,GGTCCTAGCCGATATAGCAC,0,3499293
tfaE_stfE_predicted,0.25,3,3,GGTCCGCACATCGGCAGGCA,0,3517221
tfaE_stfE_predicted,0.25,3,3,GGTCCGACTCTTGTCCGTCT,0,3487208
tfaE_stfE_predicted,0.25,3,3,GGTCCAACGTATATCGCCCG,0,3480125
tfaE_stfE_predicted,0.25,3,3,GGTCACCGACCTAGGCTAAC,0,3535491
tfaE_stfE_predicted,0.25,3,3,GGTCACAAGCCAGACTCGGA,0,3537890
tfaE_stfE_predicted,0.25,3,3,GGTATGAGCCTTAACCAGCT,0,3493759
tfaE_stfE_predicted,0.25,3,3,GGTAGTTTAAAAGGGCACTA,0,3535299
tfaE_stfE_predicted,0.25,3,3,GGTAGGCTGTTGCCTAGCAA,0,3488083
tfaE_stfE_predicted,0.25,3,3,GGGTTTGTGGTACAGATGGC,0,3474491
tfaE_stfE_predicted,0.25,3,3,GGGTTTGTACAAGTTGCAAT,0,3509057
tfaE_stfE_predicted,0.25,3,3,GGGTTGGCTGACGGAAAGGG,0,3491147
tfaE_stfE_predicted,0.25,3,3,GGGTGTTGCGAATGGTAGAC,0,3471274
tfaE_stfE_predicted,0.25,3,3,GGGTGGACGGCGGGCCGCAG,0,3508090
tfaE_stfE_predicted,0.25,3,3,GGGTGCTGATGTATTCAAAA,0,3490539
tfaE_stfE_predicted,0.25,3,3,GGGTCGGAGTGAGTCGGAGT,0,3539294
tfaE_stfE_predicted,0.25,3,3,GGGTCCTGGCCGCCCCTGCT,0,3515387
tfaE_stfE_predicted,0.25,3,3,GGGTAGCCTCTGATTTCGCT,0,3530632
tfaE_stfE_predicted,0.25,3,3,GGGTACTGCCTCATGGAGCA,0,3499212
tfaE_stfE_predicted,0.25,3,3,GGGTACCAAATGGCGAACCA,0,3510614
tfaE_stfE_predicted,0.25,3,3,GGGTAATACGGAAAACGTTA,0,3479104
tfaE_stfE_predicted,0.25,3,3,GGGGGTGTACGCGCCTCTAC,0,3536124
tfaE_stfE_predicted,0.25,3,3,GGGGGCAAAAAGAGTCGCCT,0,3511914
tfaE_stfE_predicted,0.25,3,3,GGGGAGCGGCTGGATATATC,0,3479661
tfaE_stfE_predicted,0.25,3,3,GGGGAGATTGGAAGGGCTTA,0,3485160
tfaE_stfE_predicted,0.25,3,3,GGGCGGTGACGAATCACGTC,0,3495199
tfaE_stfE_predicted,0.25,3,3,GGGCGCCCCTCTTCTCAGTG,0,3515162
tfaE_stfE_predicted,0.25,3,3,GGGCCTGCGCTCCGATTCGG,0,3521274
tfaE_stfE_predicted,0.25,3,3,GGGCCAACGTACGTCGCTAG,0,3517257
tfaE_stfE_predicted,0.25,3,3,GGGCATTAAAGGGACATTGG,0,3481624
tfaE_stfE_predicted,0.25,3,3,GGGCAATGGGATATTAGCCG,0,3534929
tfaE_stfE_predicted,0.25,3,3,GGGATCACATAGTATCAAGA,0,3513979
tfaE_stfE_predicted,0.25,3,3,GGGATATTCCTGCCCGGCGA,0,3506998
tfaE_stfE_predicted,0.25,3,3,GGGATAGAAGGTGCTACCGG,0,3523383
tfaE_stfE_predicted,0.25,3,3,GGGAGTTCGGCGGCATTATC,0,3524698
tfaE_stfE_predicted,0.25,3,3,GGGAGGGGCGGGGATTGGCT,0,3508701
tfaE_stfE_predicted,0.25,3,3,GGGACTCTCGCCTAGGGCTA,0,3516083
tfaE_stfE_predicted,0.25,3,3,GGGACCCCTTGGCCAACCTG,0,3520994
tfaE_stfE_predicted,0.25,3,3,GGGAATCTGAACTGGCATAT,0,3519816
tfaE_stfE_predicted,0.25,3,3,GGGAATAGGGCGTGACCAGT,0,3477785
tfaE_stfE_predicted,0.25,3,3,GGGAAGTTTCTCTTTTAAGC,0,3523682
tfaE_stfE_predicted,0.25,3,3,GGGAAAAAGTCTTACTCACC,0,3472728
tfaE_stfE_predicted,0.25,3,3,GGCTTGACTCGCGTACGTGG,0,3495201
tfaE_stfE_predicted,0.25,3,3,GGCTTAACTCATGTTTCGAG,0,3538565
tfaE_stfE_predicted,0.25,3,3,GGCTGATACCACTTGGGTAT,0,3473588
tfaE_stfE_predicted,0.25,3,3,GGCTGAAAGTTAAAATAGGA,0,3468250
tfaE_stfE_predicted,0.25,3,3,GGCTCTTTAGCCAACATGGG,0,3524636
tfaE_stfE_predicted,0.25,3,3,GGCTCCGAGATCGGAGATGC,0,3469789
tfaE_stfE_predicted,0.25,3,3,GGCGTCGCCGTTATTATAGT,0,3486346
tfaE_stfE_predicted,0.25,3,3,GGCGTACAGGCCGGTGTTCA,0,3501963
tfaE_stfE_predicted,0.25,3,3,GGCGGTTAGAAAGGACCGAG,0,3532827
tfaE_stfE_predicted,0.25,3,3,GGCGGTGCGGAGAATAATAC,0,3503497
tfaE_stfE_predicted,0.25,3,3,GGCGGGACCCTTGCAAAGAC,0,3489235
tfaE_stfE_predicted,0.25,3,3,GGCGCTATCCATAATGACAG,0,3525192
tfaE_stfE_predicted,0.25,3,3,GGCGCCGGCGGGAAAGGAAA,0,3506526
tfaE_stfE_predicted,0.25,3,3,GGCGCCGACGTTAAAGTTCC,0,3529127
tfaE_stfE_predicted,0.25,3,3,GGCGCCCTCCTTTACTCCAT,0,3485796
tfaE_stfE_predicted,0.25,3,3,GGCGAATATTAGTAGCCCGG,0,3517099
tfaE_stfE_predicted,0.25,3,3,GGCCTCTATATGAAGACATT,0,3505446
tfaE_stfE_predicted,0.25,3,3,GGCCTATTAAATAGCGCACC,0,3515020
tfaE_stfE_predicted,0.25,3,3,GGCCTATCGAATGGGATTTA,0,3524527
tfaE_stfE_predicted,0.25,3,3,GGCCGGCCGATGGTGGAAAG,0,3518960
tfaE_stfE_predicted,0.25,3,3,GGCCGACGTCGTCCCTCACA,0,3508915
tfaE_stfE_predicted,0.25,3,3,GGCCACAAGGCCGGGCAGTT,0,3507890
tfaE_stfE_predicted,0.25,3,3,GGCCAATCAAACGGGTGGCA,0,3487137
tfaE_stfE_predicted,0.25,3,3,GGCCAAGCTACACGTCAATT,0,3508020
tfaE_stfE_predicted,0.25,3,3,GGCATGTGGGGTAAACATGA,0,3527613
tfaE_stfE_predicted,0.25,3,3,GGCAGTGCTCGCACGAGGCT,0,3509466
tfaE_stfE_predicted,0.25,3,3,GGCAGCCAGACAAAGCTCTG,0,3538036
tfaE_stfE_predicted,0.25,3,3,GGCACGTTTGTATTGTGCGC,0,3490421
tfaE_stfE_predicted,0.25,3,3,GGCACCGGGCACGCGGCACG,0,3519536
tfaE_stfE_predicted,0.25,3,3,GGCACATCTTGCGCCAGCCG,0,3510123
tfaE_stfE_predicted,0.25,3,3,GGCAAAACTGTAAGTCATGT,0,3470226
tfaE_stfE_predicted,0.25,3,3,GGATTGTCTGTTTATTGTTC,0,3466782
tfaE_stfE_predicted,0.25,3,3,GGATTACTCATACATTTTTG,0,3476678
tfaE_stfE_predicted,0.25,3,3,GGATTAATCCCGGTGCTTAC,0,3472569
tfaE_stfE_predicted,0.25,3,3,GGATGTGGCCTAGCGGGAGC,0,3522428
tfaE_stfE_predicted,0.25,3,3,GGATGTGAGCGGACGAAAGG,0,3526054
tfaE_stfE_predicted,0.25,3,3,GGATCTGCCCACAACTTACT,0,3531610
tfaE_stfE_predicted,0.25,3,3,GGATCTATAGTGCTCGCTTC,0,3471689
tfaE_stfE_predicted,0.25,3,3,GGATAGTTAAAGACAGTTCT,0,3521716
tfaE_stfE_predicted,0.25,3,3,GGAGTTTCCCCTCGCAGAGC,0,3523971
tfaE_stfE_predicted,0.25,3,3,GGAGTGACACCATCAAGGTT,0,3496146
tfaE_stfE_predicted,0.25,3,3,GGAGGGTGTCCTATGAACCC,0,3532245
tfaE_stfE_predicted,0.25,3,3,GGAGGGACGTTAGGGTGGGG,0,3472704
tfaE_stfE_predicted,0.25,3,3,GGAGCTTGAATGGGTAACCG,0,3477314
tfaE_stfE_predicted,0.25,3,3,GGAGCGCTAGCATACTGGGA,0,3510884
tfaE_stfE_predicted,0.25,3,3,GGAGCCCGATTCAGGGTTCC,0,3521301
tfaE_stfE_predicted,0.25,3,3,GGAGCAGTGTCGGTGGTTTT,0,3517284
tfaE_stfE_predicted,0.25,3,3,GGAGAATAACTTGCTATGAT,0,3507320
tfaE_stfE_predicted,0.25,3,3,GGACTTTTTCTCCCTCCTCA,0,3520839
tfaE_stfE_predicted,0.25,3,3,GGACTCAGGCGTTCTTAGAC,0,3528325
tfaE_stfE_predicted,0.25,3,3,GGACTACAGTGCTCCACTTT,0,3505459
tfaE_stfE_predicted,0.25,3,3,GGACCGGAAGATATAGAGAA,0,3532778
tfaE_stfE_predicted,0.25,3,3,GGACCGACTTACGTATAGAG,0,3528592
tfaE_stfE_predicted,0.25,3,3,GGACAGCTTCTCGATTTGCA,0,3528015
tfaE_stfE_predicted,0.25,3,3,GGACACCTCTTAATGGAGGA,0,3540845
tfaE_stfE_predicted,0.25,3,3,GGAATTTCAGCTGGGAGGAA,0,3499535
tfaE_stfE_predicted,0.25,3,3,GGAATCTGCTTGGCTTACTC,0,3476267
tfaE_stfE_predicted,0.25,3,3,GGAATCCGCGCAGGGGGAGG,0,3522736
tfaE_stfE_predicted,0.25,3,3,GGAAGTATCATTGGAGATCT,0,3523178
tfaE_stfE_predicted,0.25,3,3,GGAAGCTTACTACCGTTCAA,0,3487670
tfaE_stfE_predicted,0.25,3,3,GGAAGCAATGTTCAAAGCGA,0,3503224
tfaE_stfE_predicted,0.25,3,3,GGAAACGGATTGAGGTCGGT,0,3503637
tfaE_stfE_predicted,0.25,3,3,GCTTGCCTGCGTAATAGGCA,0,3468316
tfaE_stfE_predicted,0.25,3,3,GCTTGCAAACGGACTGCTTC,0,3487939
tfaE_stfE_predicted,0.25,3,3,GCTTCAGTTAAAGGAGGACA,0,3522965
tfaE_stfE_predicted,0.25,3,3,GCTTAGGTCTGAGAACTTTT,0,3474999
tfaE_stfE_predicted,0.25,3,3,GCTGTATTTCTGCTGTCACG,0,3523586
tfaE_stfE_predicted,0.25,3,3,GCTGGGTAGACTAGCCCTTC,0,3522161
tfaE_stfE_predicted,0.25,3,3,GCTGGAGAGCCCGAAGATAA,0,3478069
tfaE_stfE_predicted,0.25,3,3,GCTGCGGAGACGCTATGGGG,0,3506901
tfaE_stfE_predicted,0.25,3,3,GCTGCGCACGTAAATACTAT,0,3499871
tfaE_stfE_predicted,0.25,3,3,GCTGATTTGAAAGAGGGTTT,0,3502891
tfaE_stfE_predicted,0.25,3,3,GCTGATGTTTACTTGCTGAT,0,3483524
tfaE_stfE_predicted,0.25,3,3,GCTGAAGGCGGGCTTGTGTG,0,3475414
tfaE_stfE_predicted,0.25,3,3,GCTGAAAGCAGTTACTTGAG,0,3517494
tfaE_stfE_predicted,0.25,3,3,GCTCTTGTCTCGTGGTGCTC,0,3509478
tfaE_stfE_predicted,0.25,3,3,GCTCTGCCCGCCCGTTTGAT,0,3512482
tfaE_stfE_predicted,0.25,3,3,GCTCTGAGACGGGACATACT,0,3538478
tfaE_stfE_predicted,0.25,3,3,GCTCGGTCAAGCAGCCAGAG,0,3540617
tfaE_stfE_predicted,0.25,3,3,GCTCGCTAATTATTCGGAAG,0,3487651
tfaE_stfE_predicted,0.25,3,3,GCTCCTGGAGACTAATAGAT,0,3482115
tfaE_stfE_predicted,0.25,3,3,GCTCCGTAAGCATTGGCTGT,0,3486205
tfaE_stfE_predicted,0.25,3,3,GCTCAAACGCAGATCCTACG,0,3487811
tfaE_stfE_predicted,0.25,3,3,GCTATACTACCCCCATTCCC,0,3512524
tfaE_stfE_predicted,0.25,3,3,GCTAGAGTTCACGTAATAGC,0,3521901
tfaE_stfE_predicted,0.25,3,3,GCTAGAGCATGGTGAGGTCT,0,3491801
tfaE_stfE_predicted,0.25,3,3,GCTACAGAAACACAAGCCGA,0,3540390
tfaE_stfE_predicted,0.25,3,3,GCTAATCCAGTTTGTCGGAC,0,3517020
tfaE_stfE_predicted,0.25,3,3,GCTAACGAGGGCAATGCTTC,0,3475125
tfaE_stfE_predicted,0.25,3,3,GCTAACACGGAAAGGTAATA,0,3490521
tfaE_stfE_predicted,0.25,3,3,GCTAAAGCCAGGAGGTGTAA,0,3517374
tfaE_stfE_predicted,0.25,3,3,GCTAAACCGGCGACTGGCTA,0,3480268
tfaE_stfE_predicted,0.25,3,3,GCGTGTAGGAGGACGAATAG,0,3524259
tfaE_stfE_predicted,0.25,3,3,GCGTGGGGAGGTGCCCTGAT,0,3474015
tfaE_stfE_predicted,0.25,3,3,GCGTGGATGATGATCATCCT,0,3475801
tfaE_stfE_predicted,0.25,3,3,GCGTGCTTGTGCACCAATCT,0,3489048
tfaE_stfE_predicted,0.25,3,3,GCGTGATACACAACGTCTTT,0,3533681
tfaE_stfE_predicted,0.25,3,3,GCGTCGAGAACGAGGCGTAA,0,3539644
tfaE_stfE_predicted,0.25,3,3,GCGTATGCACCGTGAAGTCA,0,3512152
tfaE_stfE_predicted,0.25,3,3,GCGTAGTCTCGTGCGTAGAT,0,3529357
tfaE_stfE_predicted,0.25,3,3,GCGTACCTGAGCTTACCGAA,0,3537178
tfaE_stfE_predicted,0.25,3,3,GCGTACAATACAGAGGACCT,0,3481728
tfaE_stfE_predicted,0.25,3,3,GCGGTTGGGTATGGGCCGGA,0,3516565
tfaE_stfE_predicted,0.25,3,3,GCGGTTGCACGTTCAAACAC,0,3535888
tfaE_stfE_predicted,0.25,3,3,GCGGTGTGTCCGAAGCGCCA,0,3505266
tfaE_stfE_predicted,0.25,3,3,GCGGGTTGCAAAGGTTGTTC,0,3533388
tfaE_stfE_predicted,0.25,3,3,GCGGGGGCGCCCCAGGACAT,0,3525527
tfaE_stfE_predicted,0.25,3,3,GCGGGGAGCGCATCGTTACT,0,3474415
tfaE_stfE_predicted,0.25,3,3,GCGGGCCGAAGGTTGTGTTG,0,3502075
tfaE_stfE_predicted,0.25,3,3,GCGGCTCGATTCGATCGCCT,0,3500846
tfaE_stfE_predicted,0.25,3,3,GCGGCGATTCCGGCGTTCTA,0,3517350
tfaE_stfE_predicted,0.25,3,3,GCGGACCGGTAGCTGACTTT,0,3495563
tfaE_stfE_predicted,0.25,3,3,GCGGACAAATACCAAAAAAG,0,3534342
tfaE_stfE_predicted,0.25,3,3,GCGGAATAAATACTCGACCT,0,3495696
tfaE_stfE_predicted,0.25,3,3,GCGGAAACGTGTACATTTCA,0,3529072
tfaE_stfE_predicted,0.25,3,3,GCGCTTTTCTGGCATGATGC,0,3473487
tfaE_stfE_predicted,0.25,3,3,GCGCTTTCTCGGCGTGGCTT,0,3471948
tfaE_stfE_predicted,0.25,3,3,GCGCTTCTTAGTCAGCGCAT,0,3522987
tfaE_stfE_predicted,0.25,3,3,GCGCTAGCCCGGGGTTTACG,0,3490269
tfaE_stfE_predicted,0.25,3,3,GCGCGGTGCCGCCGTGAACT,0,3533498
tfaE_stfE_predicted,0.25,3,3,GCGCGAGCAAACACTTGTGG,0,3509008
tfaE_stfE_predicted,0.25,3,3,GCGCGAAGGTGATTGGACTT,0,3496510
tfaE_stfE_predicted,0.25,3,3,GCGCGAAGACTGATGTATGG,0,3498710
tfaE_stfE_predicted,0.25,3,3,GCGCCATGTAATATAACTGC,0,3483097
tfaE_stfE_predicted,0.25,3,3,GCGCAGCAAGATACCCGCGG,0,3488142
tfaE_stfE_predicted,0.25,3,3,GCGCACACAATGCAGAAGCA,0,3481884
tfaE_stfE_predicted,0.25,3,3,GCGCAAACGTAGGGCCGTAT,0,3481770
tfaE_stfE_predicted,0.25,3,3,GCGAGGCTAATACCCGAGGT,0,3509661
tfaE_stfE_predicted,0.25,3,3,GCGAGCTCAGTGGACAAGTT,0,3470378
tfaE_stfE_predicted,0.25,3,3,GCGAGATTCGACCCTTCCTA,0,3531095
tfaE_stfE_predicted,0.25,3,3,GCGAGAGAGGGTCAAACTTT,0,3503588
tfaE_stfE_predicted,0.25,3,3,GCGAGACCATATTGTCCAAA,0,3511449
tfaE_stfE_predicted,0.25,3,3,GCGACCTGCTCAGCTTCGAG,0,3513548
tfaE_stfE_predicted,0.25,3,3,GCGAAGCTACTGCGGCAGCA,0,3483601
tfaE_stfE_predicted,0.25,3,3,GCGAAGAGTATCCATGTAAA,0,3532717
tfaE_stfE_predicted,0.25,3,3,GCGAACTCTGGGATCATGGG,0,3486135
tfaE_stfE_predicted,0.25,3,3,GCCTTTGTGAACAAGTTGGT,0,3471363
tfaE_stfE_predicted,0.25,3,3,GCCTTGTCACAAAACGCCGA,0,3516770
tfaE_stfE_predicted,0.25,3,3,GCCTGTTAAGTCTCCGCTGG,0,3526004
tfaE_stfE_predicted,0.25,3,3,GCCTGTCATTGGCGAAATGT,0,3480822
tfaE_stfE_predicted,0.25,3,3,GCCTGGAGTCCTGGTGCCCA,0,3499235
tfaE_stfE_predicted,0.25,3,3,GCCTACTCAGCTACCGCGCG,0,3500629
tfaE_stfE_predicted,0.25,3,3,GCCTACGGGGGGCTTCATTA,0,3510087
tfaE_stfE_predicted,0.25,3,3,GCCGGTAGGAGGTGGATTAC,0,3534709
tfaE_stfE_predicted,0.25,3,3,GCCGGGCATAATAGCGAAGT,0,3479017
tfaE_stfE_predicted,0.25,3,3,GCCGGCCGCATGGGGGCGGG,0,3534474
tfaE_stfE_predicted,0.25,3,3,GCCGGAAATGGATATCTTCG,0,3525370
tfaE_stfE_predicted,0.25,3,3,GCCGCTTCACAATAGCGTCC,0,3507814
tfaE_stfE_predicted,0.25,3,3,GCCGCCTAACAAAACGAATG,0,3470231
tfaE_stfE_predicted,0.25,3,3,GCCGCAGAAATACTATGCTG,0,3497007
tfaE_stfE_predicted,0.25,3,3,GCCGAGCAACTGAAAAGTTG,0,3503577
tfaE_stfE_predicted,0.25,3,3,GCCGACTTGAGATCTTTCCA,0,3530588
tfaE_stfE_predicted,0.25,3,3,GCCCTAAGGGAATAAGGTGC,0,3479479
tfaE_stfE_predicted,0.25,3,3,GCCCGGTCCCGTAGCCGGCC,0,3531422
tfaE_stfE_predicted,0.25,3,3,GCCCGGCGTCTAACCAAGAA,0,3514766
tfaE_stfE_predicted,0.25,3,3,GCCCGCTACTACCGTGAGGG,0,3516896
tfaE_stfE_predicted,0.25,3,3,GCCCCGCGTTAAAGAGTCGC,0,3522568
tfaE_stfE_predicted,0.25,3,3,GCCCATCTGTCACTGGGCAA,0,3518733
tfaE_stfE_predicted,0.25,3,3,GCCCACGGTCATATAAAGAC,0,3531503
tfaE_stfE_predicted,0.25,3,3,GCCCACCCGCGGTGATGGGA,0,3471723
tfaE_stfE_predicted,0.25,3,3,GCCCAAACTGTACTCGGGCT,0,3518790
tfaE_stfE_predicted,0.25,3,3,GCCATTCCGGCGGCCTAGAT,0,3513062
tfaE_stfE_predicted,0.25,3,3,GCCATAGGTGGGTACGAGAT,0,3511234
tfaE_stfE_predicted,0.25,3,3,GCCAGTGTGACTTTGAAATG,0,3535643
tfaE_stfE_predicted,0.25,3,3,GCCAGCCAGTGTGTTCGGCA,0,3504081
tfaE_stfE_predicted,0.25,3,3,GCCACTGCCCTCCGCCGGTA,0,3487319
tfaE_stfE_predicted,0.25,3,3,GCCACCGTCTTCCGTGTTTT,0,3486026
tfaE_stfE_predicted,0.25,3,3,GCATTAGGTATTATAATTTT,0,3534815
tfaE_stfE_predicted,0.25,3,3,GCATTAAGGTGTTCCCGGTT,0,3486100
tfaE_stfE_predicted,0.25,3,3,GCATGCTTCACCCCCAGAAC,0,3492963
tfaE_stfE_predicted,0.25,3,3,GCATCTAATTAAATACAAGA,0,3472499
tfaE_stfE_predicted,0.25,3,3,GCATCAGTGATAAGCCCGTC,0,3502635
tfaE_stfE_predicted,0.25,3,3,GCATCAGGTCTTTAATGCCA,0,3496288
tfaE_stfE_predicted,0.25,3,3,GCATAATCTGTGTGGGAAGA,0,3536426
tfaE_stfE_predicted,0.25,3,3,GCATAAGGGGCGACAATGAT,0,3537852
tfaE_stfE_predicted,0.25,3,3,GCAGTGAAACGCATACTTGT,0,3531655
tfaE_stfE_predicted,0.25,3,3,GCAGGTTCATATTAGGCAAT,0,3499382
tfaE_stfE_predicted,0.25,3,3,GCAGGTCGGTCTGGACATCG,0,3468873
tfaE_stfE_predicted,0.25,3,3,GCAGGTACTCCGTAGCGTTG,0,3497141
tfaE_stfE_predicted,0.25,3,3,GCAGGCGCCATGTCACTTAG,0,3520087
tfaE_stfE_predicted,0.25,3,3,GCAGAGACCAGTTGATCAGC,0,3485545
tfaE_stfE_predicted,0.25,3,3,GCAGACGTAGGGTGCCTCTG,0,3482004
tfaE_stfE_predicted,0.25,3,3,GCACTTGGACAAGTGACGCA,0,3489946
tfaE_stfE_predicted,0.25,3,3,GCACTGTTACTGACTACATG,0,3534569
tfaE_stfE_predicted,0.25,3,3,GCACATTAACTTAGTGAGTT,0,3471299
tfaE_stfE_predicted,0.25,3,3,GCAATCGCTTTTTGATCGTA,0,3537883
tfaE_stfE_predicted,0.25,3,3,GCAATAAAGGAGGGGATCTT,0,3500530
tfaE_stfE_predicted,0.25,3,3,GCAAGCTGTCTGGACGGGCT,0,3505157
tfaE_stfE_predicted,0.25,3,3,GCAAGCAAGGCACGTGAATT,0,3485967
tfaE_stfE_predicted,0.25,3,3,GCAAGAGTGCTGCCAAAGAA,0,3495765
tfaE_stfE_predicted,0.25,3,3,GCAACTTTTTTGTCCAGGTT,0,3534509
tfaE_stfE_predicted,0.25,3,3,GATTTTCCGACGTTTCGCCC,0,3470511
tfaE_stfE_predicted,0.25,3,3,GATTTATACAACAAGCAGGC,0,3509220
tfaE_stfE_predicted,0.25,3,3,GATTTAGAGAGCAGTGACGA,0,3500669
tfaE_stfE_predicted,0.25,3,3,GATTTACTCTGAGATAGCCA,0,3509961
tfaE_stfE_predicted,0.25,3,3,GATTGTTTCCGAAACTCCCT,0,3506675
tfaE_stfE_predicted,0.25,3,3,GATTGTTTACGGGTGACTGC,0,3526754
tfaE_stfE_predicted,0.25,3,3,GATTGTAAAACAAACCGTGG,0,3507143
tfaE_stfE_predicted,0.25,3,3,GATTGGTCTATAGCTTCCAT,0,3481250
tfaE_stfE_predicted,0.25,3,3,GATTGATATGACGTCCTGGA,0,3523578
tfaE_stfE_predicted,0.25,3,3,GATTGAGAACTACGTATAGA,0,3526879
tfaE_stfE_predicted,0.25,3,3,GATTCTACGATTGGGAAAGC,0,3521971
tfaE_stfE_predicted,0.25,3,3,GATTCGAGTTGGCCGATTTG,0,3494683
tfaE_stfE_predicted,0.25,3,3,GATTCGAACAACCACCTAGT,0,3531877
tfaE_stfE_predicted,0.25,3,3,GATTCAGTAGTTGTTCGTAA,0,3488183
tfaE_stfE_predicted,0.25,3,3,GATTATGCGTTAAACTCTGG,0,3515472
tfaE_stfE_predicted,0.25,3,3,GATTAGGTGTGTGATCGGTC,0,3484932
tfaE_stfE_predicted,0.25,3,3,GATTAGGGGAGACGGCAAAC,0,3485746
tfaE_stfE_predicted,0.25,3,3,GATTACGACAATGACTCCGA,0,3471825
tfaE_stfE_predicted,0.25,3,3,GATTAAGTCATGCGTCCCAA,0,3524075
tfaE_stfE_predicted,0.25,3,3,GATTAAACGCATCCTGTCCC,0,3494612
tfaE_stfE_predicted,0.25,3,3,GATGTTCCAATGCGTATCCT,0,3533158
tfaE_stfE_predicted,0.25,3,3,GATGTACCATGTATGATGTT,0,3537246
tfaE_stfE_predicted,0.25,3,3,GATGGGACCCGGCGAAACAG,0,3531595
tfaE_stfE_predicted,0.25,3,3,GATGGACCAGTCTGATTCGA,0,3535694
tfaE_stfE_predicted,0.25,3,3,GATGAAGTAGTTTGTACTTG,0,3480884
tfaE_stfE_predicted,0.25,3,3,GATCTGCGATCGAGTGGGCA,0,3481373
tfaE_stfE_predicted,0.25,3,3,GATCTATCAATCGTTAGCTA,0,3500171
tfaE_stfE_predicted,0.25,3,3,GATCGGAGTTGTTATTTAAC,0,3534154
tfaE_stfE_predicted,0.25,3,3,GATCCTATTTGTTTCTCACT,0,3485183
tfaE_stfE_predicted,0.25,3,3,GATCCGATTTTGGTAAGTTC,0,3507077
tfaE_stfE_predicted,0.25,3,3,GATCCACGGGTTGGGCGAGG,0,3531717
tfaE_stfE_predicted,0.25,3,3,GATCATCTTGATGGTCTATG,0,3532643
tfaE_stfE_predicted,0.25,3,3,GATCAGGAGAGGGCTAGGGG,0,3487354
tfaE_stfE_predicted,0.25,3,3,GATCACGGAAGTCCAGACGG,0,3473967
tfaE_stfE_predicted,0.25,3,3,GATATTCCAATAAGTTTAAT,0,3513689
tfaE_stfE_predicted,0.25,3,3,GATATGTAGAGCGCTTCGAT,0,3490437
tfaE_stfE_predicted,0.25,3,3,GATATGTAATAGATTTTATT,0,3498153
tfaE_stfE_predicted,0.25,3,3,GATATCCCATTCATTGATAA,0,3490543
tfaE_stfE_predicted,0.25,3,3,GATATCAACTGATTTGCCCT,0,3513438
tfaE_stfE_predicted,0.25,3,3,GATATAGCCAACCCACGCCC,0,3487051
tfaE_stfE_predicted,0.25,3,3,GATATAGAGCATAAGTGCAT,0,3527965
tfaE_stfE_predicted,0.25,3,3,GATAGGCATCTCACTTACCA,0,3500218
tfaE_stfE_predicted,0.25,3,3,GATAACTATGAGTTGAAAGG,0,3520045
tfaE_stfE_predicted,0.25,3,3,GATAACATATATTAAAGTGT,0,3524830
tfaE_stfE_predicted,0.25,3,3,GAGTTTAAGTACGTCTTTAC,0,3519139
tfaE_stfE_predicted,0.25,3,3,GAGTTGATTCACTAACGGCA,0,3535289
tfaE_stfE_predicted,0.25,3,3,GAGTTAGAAAAGAGAGAGCA,0,3503290
tfaE_stfE_predicted,0.25,3,3,GAGTGGTTACACCGGATTGA,0,3536592
tfaE_stfE_predicted,0.25,3,3,GAGTGGTATCGGGCTAAAAT,0,3504182
tfaE_stfE_predicted,0.25,3,3,GAGTGCTCCCGTCGTAGCTA,0,3537023
tfaE_stfE_predicted,0.25,3,3,GAGTGCCGAGGTTGCACATA,0,3533183
tfaE_stfE_predicted,0.25,3,3,GAGTCGGGGTCCGTTCGCTA,0,3504661
tfaE_stfE_predicted,0.25,3,3,GAGTAGGTTCACTGCTTGTC,0,3468423
tfaE_stfE_predicted,0.25,3,3,GAGTAATTTCATCGTAACCG,0,3503063
tfaE_stfE_predicted,0.25,3,3,GAGGCTGGATGCACGCAACC,0,3535539
tfaE_stfE_predicted,0.25,3,3,GAGGCTCACAAGACATCTCT,0,3512171
tfaE_stfE_predicted,0.25,3,3,GAGGCGGTAAATGTGGTTAA,0,3526323
tfaE_stfE_predicted,0.25,3,3,GAGGCCCTAAAGTGCGCGTC,0,3497685
tfaE_stfE_predicted,0.25,3,3,GAGGACGGCTTTAAAGGCTA,0,3515242
tfaE_stfE_predicted,0.25,3,3,GAGCGTTGCGTGCAAATGCC,0,3519473
tfaE_stfE_predicted,0.25,3,3,GAGCGTCGAGATAGACAACT,0,3524619
tfaE_stfE_predicted,0.25,3,3,GAGCGAGTGCTAACCCCGTT,0,3531598
tfaE_stfE_predicted,0.25,3,3,GAGCGAAAGCGTGGGACCCT,0,3530492
tfaE_stfE_predicted,0.25,3,3,GAGCCTACGACTCGTCATTA,0,3538437
tfaE_stfE_predicted,0.25,3,3,GAGCCGGTTATTTTGTGGCG,0,3506386
tfaE_stfE_predicted,0.25,3,3,GAGCCGACTGGGAACTCCCA,0,3493595
tfaE_stfE_predicted,0.25,3,3,GAGCCACCTCCTGCAGAATG,0,3480165
tfaE_stfE_predicted,0.25,3,3,GAGCATTTACGTCTTCATGT,0,3527342
tfaE_stfE_predicted,0.25,3,3,GAGCAGGAGTGCGACCGTAT,0,3516053
tfaE_stfE_predicted,0.25,3,3,GAGCAGCCAGCAAGGTCTAA,0,3538391
tfaE_stfE_predicted,0.25,3,3,GAGCAGATGCGCTACTCAGT,0,3476941
tfaE_stfE_predicted,0.25,3,3,GAGATAAGTCGCACGTTTCT,0,3519203
tfaE_stfE_predicted,0.25,3,3,GAGAGCGTCGGATATGTTCG,0,3510956
tfaE_stfE_predicted,0.25,3,3,GAGAGCGCGGAGACCAGCGT,0,3502943
tfaE_stfE_predicted,0.25,3,3,GAGAGCGAAGGGTACGCTGA,0,3488388
tfaE_stfE_predicted,0.25,3,3,GAGACCGTAAGTCAATTAAG,0,3489890
tfaE_stfE_predicted,0.25,3,3,GAGAAATTATGGCGGGTCAT,0,3502720
tfaE_stfE_predicted,0.25,3,3,GACTTTGGCCACTCTTGGAA,0,3468251
tfaE_stfE_predicted,0.25,3,3,GACTTAGAACCTTGTCTCAT,0,3539984
tfaE_stfE_predicted,0.25,3,3,GACTTAATATGTAAGACCTA,0,3493791
tfaE_stfE_predicted,0.25,3,3,GACTGTTGATTTGTGGAGCG,0,3525875
tfaE_stfE_predicted,0.25,3,3,GACTGTGTAAATGCCTGGCG,0,3510056
tfaE_stfE_predicted,0.25,3,3,GACTGTCAGATGTCACTGTT,0,3537583
tfaE_stfE_predicted,0.25,3,3,GACTGCCCACCCGGATCAAT,0,3490603
tfaE_stfE_predicted,0.25,3,3,GACTGCCACCATTTAATCCT,0,3531966
tfaE_stfE_predicted,0.25,3,3,GACTGCACAATCCGGCATCC,0,3493476
tfaE_stfE_predicted,0.25,3,3,GACTCCACGACAGCTTAGGC,0,3539813
tfaE_stfE_predicted,0.25,3,3,GACTATGTCCGAGCGCGAGC,0,3504540
tfaE_stfE_predicted,0.25,3,3,GACTACTACAAATAGTGAGT,0,3534575
tfaE_stfE_predicted,0.25,3,3,GACGTGTGGGTGAGCGTGGG,0,3490588
tfaE_stfE_predicted,0.25,3,3,GACGTCATAATATTCACAAC,0,3477152
tfaE_stfE_predicted,0.25,3,3,GACGGGCAAGGCCAGGTGTT,0,3481899
tfaE_stfE_predicted,0.25,3,3,GACGGGAAGTCCGGCGAGTT,0,3540824
tfaE_stfE_predicted,0.25,3,3,GACGCGGACGCCCGAATCAT,0,3523565
tfaE_stfE_predicted,0.25,3,3,GACCGTCTTGCATGTGATTG,0,3485268
tfaE_stfE_predicted,0.25,3,3,GACCGGCAGACGTACGGTGG,0,3514836
tfaE_stfE_predicted,0.25,3,3,GACCGCTGTAGATTTATTTG,0,3539201
tfaE_stfE_predicted,0.25,3,3,GACCGAACACTTTTGATGAC,0,3477208
tfaE_stfE_predicted,0.25,3,3,GACCCTGGGGCGAGGAAGAA,0,3519669
tfaE_stfE_predicted,0.25,3,3,GACCCTCTACTCTTAACTGG,0,3519011
tfaE_stfE_predicted,0.25,3,3,GACCACAACATACAAATCTG,0,3494364
tfaE_stfE_predicted,0.25,3,3,GACAGTTCGTGATTTACGTC,0,3531184
tfaE_stfE_predicted,0.25,3,3,GACACTGCCATAGGCTGCCC,0,3477612
tfaE_stfE_predicted,0.25,3,3,GACACTAGCATTACTTAGGA,0,3477494
tfaE_stfE_predicted,0.25,3,3,GACACACAGAATGACACCGG,0,3500757
tfaE_stfE_predicted,0.25,3,3,GACAAAGAAACCAGCCTGCA,0,3484026
tfaE_stfE_predicted,0.25,3,3,GAATTACAATAGTGGATATT,0,3524089
tfaE_stfE_predicted,0.25,3,3,GAATGCTATCGTCTCGCACA,0,3499802
tfaE_stfE_predicted,0.25,3,3,GAATATAGTAGCGCTGCAGT,0,3518136
tfaE_stfE_predicted,0.25,3,3,GAATAATATTTTCCGGGTAC,0,3476763
tfaE_stfE_predicted,0.25,3,3,GAAGGTTGGCTCGAAGGCTC,0,3504367
tfaE_stfE_predicted,0.25,3,3,GAAGGGTAAACCCCGTTAAC,0,3485525
tfaE_stfE_predicted,0.25,3,3,GAAGGACCGAAAGTGGAAAG,0,3514245
tfaE_stfE_predicted,0.25,3,3,GAAGCTGTTTAGGGCCACCC,0,3495758
tfaE_stfE_predicted,0.25,3,3,GAAGCGTAACTGGCCTGCAG,0,3505879
tfaE_stfE_predicted,0.25,3,3,GAAGAAACGCCCAATCTATG,0,3495027
tfaE_stfE_predicted,0.25,3,3,GAACTTCTCCAGTCCGCAGC,0,3476312
tfaE_stfE_predicted,0.25,3,3,GAACTCTGCCACGGCCGACA,0,3528561
tfaE_stfE_predicted,0.25,3,3,GAACTCGGGCTGCTCTCCTT,0,3469601
tfaE_stfE_predicted,0.25,3,3,GAACGCCGAATGTGTTCAGT,0,3469976
tfaE_stfE_predicted,0.25,3,3,GAACGCCCACTTCGAACCCA,0,3506952
tfaE_stfE_predicted,0.25,3,3,GAACGATCAAGTCGAGTTGT,0,3501395
tfaE_stfE_predicted,0.25,3,3,GAACATCTGACCACAAATCT,0,3468611
tfaE_stfE_predicted,0.25,3,3,GAACACCTAAAGACAAGGTC,0,3511582
tfaE_stfE_predicted,0.25,3,3,GAAATTCTAACGCCTTTTCG,0,3512842
tfaE_stfE_predicted,0.25,3,3,GAAATTAGTTCAACGTTATT,0,3467381
tfaE_stfE_predicted,0.25,3,3,GAAATGCTAGCAGAGCTAGG,0,3518689
tfaE_stfE_predicted,0.25,3,3,GAAATACGAACCTCCATTGA,0,3501688
tfaE_stfE_predicted,0.25,3,3,GAAAGCGCCAAACGCACGTT,0,3467283
tfaE_stfE_predicted,0.25,3,3,GAAAAAGGGTTCTTCGGACG,0,3480894
tfaE_stfE_predicted,0.25,3,3,CTTTTGAACGGGGTGTTTAC,0,3538714
tfaE_stfE_predicted,0.25,3,3,CTTTGTGATGCAACTGGAAC,0,3500612
tfaE_stfE_predicted,0.25,3,3,CTTTGTGAATCGGTACGGGA,0,3480312
tfaE_stfE_predicted,0.25,3,3,CTTTGAAGTAACTCTCCAGC,0,3490185
tfaE_stfE_predicted,0.25,3,3,CTTTCACGTTTATATCTCAT,0,3524792
tfaE_stfE_predicted,0.25,3,3,CTTGTACCGGCAAATGTCGT,0,3488349
tfaE_stfE_predicted,0.25,3,3,CTTGTACCGACGTACATAGT,0,3487089
tfaE_stfE_predicted,0.25,3,3,CTTGGCCTTGTGATAGCCAG,0,3474714
tfaE_stfE_predicted,0.25,3,3,CTTGGATCATTACGTATAAC,0,3489005
tfaE_stfE_predicted,0.25,3,3,CTTGGACGCGGTCCAAGACT,0,3513557
tfaE_stfE_predicted,0.25,3,3,CTTGCGATATAACGGAAAAT,0,3500432
tfaE_stfE_predicted,0.25,3,3,CTTGACGGTGTCTTGGTTTA,0,3527732
tfaE_stfE_predicted,0.25,3,3,CTTGACGACGATACCGCTGA,0,3523729
tfaE_stfE_predicted,0.25,3,3,CTTGAAATCGTACACTCGGT,0,3524765
tfaE_stfE_predicted,0.25,3,3,CTTCTGCGTAAACCAACAAA,0,3483875
tfaE_stfE_predicted,0.25,3,3,CTTCTCAGATCCCGAACGGC,0,3475700
tfaE_stfE_predicted,0.25,3,3,CTTCGGCCCAGTCTTTAGTC,0,3492673
tfaE_stfE_predicted,0.25,3,3,CTTCCTCGCTACCTCGGCTG,0,3506516
tfaE_stfE_predicted,0.25,3,3,CTTCAGCAAATAGTCGAGTT,0,3537970
tfaE_stfE_predicted,0.25,3,3,CTTCAAGGAAAGCCCAGATT,0,3501990
tfaE_stfE_predicted,0.25,3,3,CTTAGTTTTGTGGGGGCTGA,0,3480333
tfaE_stfE_predicted,0.25,3,3,CTTAGTCCTAATTACATACA,0,3517455
tfaE_stfE_predicted,0.25,3,3,CTTAGATGGGGCTGCAACGC,0,3534194
tfaE_stfE_predicted,0.25,3,3,CTTACCGGTAGTGTCTAAGT,0,3523893
tfaE_stfE_predicted,0.25,3,3,CTTAATCAACTTCCGCGGTA,0,3488179
tfaE_stfE_predicted,0.25,3,3,CTGTTTACCGTAACGAAATG,0,3501011
tfaE_stfE_predicted,0.25,3,3,CTGTTGTAGGGAGGAATGGT,0,3540440
tfaE_stfE_predicted,0.25,3,3,CTGTTGCTTAATTCATACAT,0,3471483
tfaE_stfE_predicted,0.25,3,3,CTGTTATCCATGGTCGAGAT,0,3514733
tfaE_stfE_predicted,0.25,3,3,CTGTTACAGCGAGTTCAACT,0,3520176
tfaE_stfE_predicted,0.25,3,3,CTGTGTGACCCACCGTACGT,0,3533404
tfaE_stfE_predicted,0.25,3,3,CTGTGTAGGGATTGGCCGTG,0,3529582
tfaE_stfE_predicted,0.25,3,3,CTGTCCGGGCCAAGTCTCTA,0,3486900
tfaE_stfE_predicted,0.25,3,3,CTGTCCCTCAAGTAAGCATC,0,3527962
tfaE_stfE_predicted,0.25,3,3,CTGTCAAACACCGGGAGGGA,0,3468621
tfaE_stfE_predicted,0.25,3,3,CTGTAGGGTCTAACGCGTAT,0,3487521
tfaE_stfE_predicted,0.25,3,3,CTGTAGAAGGGAGTAACTTG,0,3533571
tfaE_stfE_predicted,0.25,3,3,CTGGTTGGTATTGATATTAA,0,3473456
tfaE_stfE_predicted,0.25,3,3,CTGGGGCTTGTGAGCCTAGC,0,3509627
tfaE_stfE_predicted,0.25,3,3,CTGGGACAGACCTGGCCATG,0,3532935
tfaE_stfE_predicted,0.25,3,3,CTGGCGGGAGGTTCCGCTTT,0,3523091
tfaE_stfE_predicted,0.25,3,3,CTGGATGCTTTGGAGGCTCA,0,3471260
tfaE_stfE_predicted,0.25,3,3,CTGGAATTAGTTCCTTCCGT,0,3520977
tfaE_stfE_predicted,0.25,3,3,CTGGAAGTCCCGCAGGGCTC,0,3513958
tfaE_stfE_predicted,0.25,3,3,CTGGAACGGCTGGAAGCTGG,0,3489205
tfaE_stfE_predicted,0.25,3,3,CTGCTGGAACGGAAGCATGT,0,3515386
tfaE_stfE_predicted,0.25,3,3,CTGCTCTAGAAAACGGGATT,0,3487570
tfaE_stfE_predicted,0.25,3,3,CTGCTACCCCGGGGACCATC,0,3538883
tfaE_stfE_predicted,0.25,3,3,CTGCGTATAACCGTGTGTAC,0,3503474
tfaE_stfE_predicted,0.25,3,3,CTGCGGCATGCTGTCTAATG,0,3488771
tfaE_stfE_predicted,0.25,3,3,CTGCGCTGGGCGGTGTATTA,0,3490021
tfaE_stfE_predicted,0.25,3,3,CTGCCAAGGTAGGAAACCGT,0,3495439
tfaE_stfE_predicted,0.25,3,3,CTGCATTGGAGAGTTTAAGG,0,3522938
tfaE_stfE_predicted,0.25,3,3,CTGCATGGCCTGCACTCAAC,0,3474242
tfaE_stfE_predicted,0.25,3,3,CTGCACGGAGGTAACTGCTC,0,3526079
tfaE_stfE_predicted,0.25,3,3,CTGCACATCAGAACAACGCC,0,3538395
tfaE_stfE_predicted,0.25,3,3,CTGATTCTGTGTAGATCCGG,0,3497425
tfaE_stfE_predicted,0.25,3,3,CTGATGACTAATCGTTGGTA,0,3486439
tfaE_stfE_predicted,0.25,3,3,CTGATCCCGGGCCTTTTAGT,0,3536573
tfaE_stfE_predicted,0.25,3,3,CTGATAGGCACGTGCAGCGC,0,3533442
tfaE_stfE_predicted,0.25,3,3,CTGAGTTTAAGTATGGCCTG,0,3506424
tfaE_stfE_predicted,0.25,3,3,CTGAGGGCGATTGCGTACGC,0,3533877
tfaE_stfE_predicted,0.25,3,3,CTGAGGAGTTAGTCTCCGAT,0,3478192
tfaE_stfE_predicted,0.25,3,3,CTGAGCACATGAGAAACCCA,0,3471871
tfaE_stfE_predicted,0.25,3,3,CTGAGAGAACTTACGCGCGT,0,3495839
tfaE_stfE_predicted,0.25,3,3,CTGACTGCAACCAGTCCGAC,0,3485454
tfaE_stfE_predicted,0.25,3,3,CTGACGGGTTTAATCGCATG,0,3493160
tfaE_stfE_predicted,0.25,3,3,CTGACGGCAACATACTCGAC,0,3469290
tfaE_stfE_predicted,0.25,3,3,CTGACATGATTACCTGGGAA,0,3484483
tfaE_stfE_predicted,0.25,3,3,CTGAATGACTAATGTAGCCA,0,3501675
tfaE_stfE_predicted,0.25,3,3,CTGAACTTTGGCAAGTTTAT,0,3528038
tfaE_stfE_predicted,0.25,3,3,CTCTTAACTGGAGTATGACT,0,3524584
tfaE_stfE_predicted,0.25,3,3,CTCTGTTCGCAGCACAAGTG,0,3526529
tfaE_stfE_predicted,0.25,3,3,CTCTGCCGTTCGGGTCGCGC,0,3472064
tfaE_stfE_predicted,0.25,3,3,CTCTCGTCGCTAAGTTTACG,0,3522532
tfaE_stfE_predicted,0.25,3,3,CTCTCGCCGGTCCGCTCTTC,0,3532184
tfaE_stfE_predicted,0.25,3,3,CTCTCACCTTAGTGACGCTA,0,3470332
tfaE_stfE_predicted,0.25,3,3,CTCTAATCCTGGTACCCACT,0,3522059
tfaE_stfE_predicted,0.25,3,3,CTCGTTGAGTCTAACATCCA,0,3475266
tfaE_stfE_predicted,0.25,3,3,CTCGGTGCGATCCAAGGTTA,0,3501073
tfaE_stfE_predicted,0.25,3,3,CTCGGGTAACTAACTATCGC,0,3521924
tfaE_stfE_predicted,0.25,3,3,CTCGGCACTGGATTTTGCAT,0,3468574
tfaE_stfE_predicted,0.25,3,3,CTCGAAAGCCCAATAACTAA,0,3473603
tfaE_stfE_predicted,0.25,3,3,CTCGAAACGTGCCATTGGCA,0,3492386
tfaE_stfE_predicted,0.25,3,3,CTCCTTTATCAATGTCTTTA,0,3486345
tfaE_stfE_predicted,0.25,3,3,CTCCGTCCAATCTAATGTCT,0,3499557
tfaE_stfE_predicted,0.25,3,3,CTCCGAGGAGAAGCGTAAGT,0,3495882
tfaE_stfE_predicted,0.25,3,3,CTCCCGTCTCAGGGTTCACT,0,3537379
tfaE_stfE_predicted,0.25,3,3,CTCCCGAGGCCGCGCTAGAG,0,3496623
tfaE_stfE_predicted,0.25,3,3,CTCCACATCTTATTGGGACT,0,3467514
tfaE_stfE_predicted,0.25,3,3,CTCATTATGATGACTCGTCC,0,3480358
tfaE_stfE_predicted,0.25,3,3,CTCATGGAATGAGACGGGTA,0,3521622
tfaE_stfE_predicted,0.25,3,3,CTCATACAGGAATAAAGCGG,0,3539382
tfaE_stfE_predicted,0.25,3,3,CTCAGTTTGTACCTGCTCTA,0,3498790
tfaE_stfE_predicted,0.25,3,3,CTCAGGGTCTGTGGATCACA,0,3504709
tfaE_stfE_predicted,0.25,3,3,CTCAGGGGAATAAGAATGTT,0,3476152
tfaE_stfE_predicted,0.25,3,3,CTCACGTACTTCATTCGTTG,0,3520551
tfaE_stfE_predicted,0.25,3,3,CTCACACCCGTCGCGCCAAT,0,3509224
tfaE_stfE_predicted,0.25,3,3,CTCAATATTCCCGGGTATTG,0,3478974
tfaE_stfE_predicted,0.25,3,3,CTCAAGCAGCGGGTCAGATA,0,3513779
tfaE_stfE_predicted,0.25,3,3,CTCAAAGGTAGCACGTCTCT,0,3485212
tfaE_stfE_predicted,0.25,3,3,CTCAAACCGGCACTCGGTAT,0,3481063
tfaE_stfE_predicted,0.25,3,3,CTCAAAATAAACTACGAAGA,0,3495067
tfaE_stfE_predicted,0.25,3,3,CTATTCAGCTCCTCCGATAG,0,3482527
tfaE_stfE_predicted,0.25,3,3,CTATGTTTCTGCAGGACTCG,0,3502803
tfaE_stfE_predicted,0.25,3,3,CTATGGGTTTAGTTACTCAG,0,3535892
tfaE_stfE_predicted,0.25,3,3,CTATGGGGGTCTCACGGATT,0,3520322
tfaE_stfE_predicted,0.25,3,3,CTATGGCACGCTGGACAATT,0,3471556
tfaE_stfE_predicted,0.25,3,3,CTATCCAAGCATCTGTCTAA,0,3479837
tfaE_stfE_predicted,0.25,3,3,CTATATACACGGAAATATTG,0,3473753
tfaE_stfE_predicted,0.25,3,3,CTATACCTAATATGATCAAG,0,3517009
tfaE_stfE_predicted,0.25,3,3,CTAGTATTATCAGTGGGAGT,0,3538707
tfaE_stfE_predicted,0.25,3,3,CTAGGGCACCCCTTCAACGC,0,3527348
tfaE_stfE_predicted,0.25,3,3,CTAGGACCATGATTTTATAT,0,3536864
tfaE_stfE_predicted,0.25,3,3,CTAGATCGGTCCGTGCACTT,0,3528956
tfaE_stfE_predicted,0.25,3,3,CTAGAGTTGCTGCAGCATAT,0,3491030
tfaE_stfE_predicted,0.25,3,3,CTAGAGCATCGTAGCGGAGG,0,3505434
tfaE_stfE_predicted,0.25,3,3,CTACGTGGCCGCTCGGCGCT,0,3521718
tfaE_stfE_predicted,0.25,3,3,CTACGGTAACAGCTAGAGGC,0,3531270
tfaE_stfE_predicted,0.25,3,3,CTACGAATGGGATTGTGGGT,0,3475931
tfaE_stfE_predicted,0.25,3,3,CTACAGCATAGACGTGATGT,0,3470079
tfaE_stfE_predicted,0.25,3,3,CTACACCAGTGGAATATCCT,0,3502307
tfaE_stfE_predicted,0.25,3,3,CTAATCGGTTACCCGGCCAA,0,3540471
tfaE_stfE_predicted,0.25,3,3,CTAATAGGAACTATTGGTTA,0,3537380
tfaE_stfE_predicted,0.25,3,3,CTAAATTCAAGAGTGCATTG,0,3509375
tfaE_stfE_predicted,0.25,3,3,CTAAACTGAATGCGGGAATA,0,3500506
tfaE_stfE_predicted,0.25,3,3,CTAAAAGCGATGTATAGACA,0,3504951
tfaE_stfE_predicted,0.25,3,3,CTAAAACTTATTAAAATTAA,0,3536585
tfaE_stfE_predicted,0.25,3,3,CGTTTCTCGAGGGCGAGCGT,0,3526233
tfaE_stfE_predicted,0.25,3,3,CGTTTATCCAGTAATAGTGG,0,3524659
tfaE_stfE_predicted,0.25,3,3,CGTTGGTATCTATGTCACCT,0,3505203
tfaE_stfE_predicted,0.25,3,3,CGTTGGGTTCACTGAAATGT,0,3511295
tfaE_stfE_predicted,0.25,3,3,CGTTGAGGACATGTATTTGT,0,3519443
tfaE_stfE_predicted,0.25,3,3,CGTTCCTTCAGGCTCTGTGA,0,3500510
tfaE_stfE_predicted,0.25,3,3,CGTTATGCGTGCTAGGGCCA,0,3537814
tfaE_stfE_predicted,0.25,3,3,CGTTATCAGTTACGTATGGT,0,3484206
tfaE_stfE_predicted,0.25,3,3,CGTTAGGATGTCTTATTGTG,0,3510830
tfaE_stfE_predicted,0.25,3,3,CGTTACTTTTAATCGTCCCA,0,3492058
tfaE_stfE_predicted,0.25,3,3,CGTTAATGATGACCTGGGTA,0,3472798
tfaE_stfE_predicted,0.25,3,3,CGTGTATACAAAGGAGAAGT,0,3479370
tfaE_stfE_predicted,0.25,3,3,CGTGTAGGCTTGAATGGGGT,0,3528136
tfaE_stfE_predicted,0.25,3,3,CGTGGGCGCGCGTATTACGG,0,3496511
tfaE_stfE_predicted,0.25,3,3,CGTGAGTACTTGTCGCTTTT,0,3483166
tfaE_stfE_predicted,0.25,3,3,CGTGACTGAATAGCATAGTT,0,3507934
tfaE_stfE_predicted,0.25,3,3,CGTGACAATTGCGCAGGTCA,0,3529246
tfaE_stfE_predicted,0.25,3,3,CGTCTTTCCTATTGGAGCCT,0,3485512
tfaE_stfE_predicted,0.25,3,3,CGTCTGTGTACCATGTTATG,0,3530558
tfaE_stfE_predicted,0.25,3,3,CGTCTAAAGTCATCTCCGGT,0,3533506
tfaE_stfE_predicted,0.25,3,3,CGTCGTCGCGTGGTTTTGGA,0,3526990
tfaE_stfE_predicted,0.25,3,3,CGTCGGAAATCCAGGATGCA,0,3497273
tfaE_stfE_predicted,0.25,3,3,CGTCCGGAGGTCGGGTGTAA,0,3527361
tfaE_stfE_predicted,0.25,3,3,CGTCATCTCTTGAGAGTATT,0,3488377
tfaE_stfE_predicted,0.25,3,3,CGTCAGCTTTTTAGTAGTAT,0,3526911
tfaE_stfE_predicted,0.25,3,3,CGTCAGAGAATAGTCGTGAC,0,3509041
tfaE_stfE_predicted,0.25,3,3,CGTATGACGTGCTGCTATCT,0,3518120
tfaE_stfE_predicted,0.25,3,3,CGTATAGAGACACAGCAAGT,0,3490949
tfaE_stfE_predicted,0.25,3,3,CGTAGGTTTACGAACTCTCG,0,3495543
tfaE_stfE_predicted,0.25,3,3,CGTAGGCTCTATTACGCATT,0,3530847
tfaE_stfE_predicted,0.25,3,3,CGTAGCCAGAGCGTTGATCC,0,3530415
tfaE_stfE_predicted,0.25,3,3,CGTAGCAGTACAGGCGTACC,0,3493750
tfaE_stfE_predicted,0.25,3,3,CGTAGAGTATCCCCGCATTA,0,3530587
tfaE_stfE_predicted,0.25,3,3,CGTAATTGTGTCAAAGGGCT,0,3523830
tfaE_stfE_predicted,0.25,3,3,CGTAATCCCAATTGCATTGC,0,3484636
tfaE_stfE_predicted,0.25,3,3,CGTAACAGCGCTTCGTCCGG,0,3520365
tfaE_stfE_predicted,0.25,3,3,CGGTTTCGTCACTTTACGAT,0,3495364
tfaE_stfE_predicted,0.25,3,3,CGGTTCCCACGAGGTCCAGT,0,3527017
tfaE_stfE_predicted,0.25,3,3,CGGTTAGGTGGGGCCAACTC,0,3539529
tfaE_stfE_predicted,0.25,3,3,CGGTTACGACGAGGTGCCTC,0,3513016
tfaE_stfE_predicted,0.25,3,3,CGGTGTGACGAGCTAAAAAA,0,3489852
tfaE_stfE_predicted,0.25,3,3,CGGTGGCACGAGCGCGTGCA,0,3526697
tfaE_stfE_predicted,0.25,3,3,CGGTGCGCTCGGCTTTCCCA,0,3516496
tfaE_stfE_predicted,0.25,3,3,CGGTGAGAGGTGATTACGTA,0,3525070
tfaE_stfE_predicted,0.25,3,3,CGGTCGCCTCCCGAGCTACA,0,3523030
tfaE_stfE_predicted,0.25,3,3,CGGTCCCGTCCATGCTTTGA,0,3505505
tfaE_stfE_predicted,0.25,3,3,CGGTATGCGGACTGCGCGAT,0,3512624
tfaE_stfE_predicted,0.25,3,3,CGGTAAGCGGTCTGCACTTA,0,3532624
tfaE_stfE_predicted,0.25,3,3,CGGGTAGTTGCAGGACTCCC,0,3535221
tfaE_stfE_predicted,0.25,3,3,CGGGGGTAGCTTTTTGTAAT,0,3469547
tfaE_stfE_predicted,0.25,3,3,CGGGGGCTATTTCTTTCGAG,0,3518447
tfaE_stfE_predicted,0.25,3,3,CGGGCTTACACGGGTAAGCG,0,3516268
tfaE_stfE_predicted,0.25,3,3,CGGGCTCCGGCCGCGCTTAG,0,3491275
tfaE_stfE_predicted,0.25,3,3,CGGGCTCCACAAAGCCTATG,0,3473405
tfaE_stfE_predicted,0.25,3,3,CGGGATAATCCCTACTAAAC,0,3490732
tfaE_stfE_predicted,0.25,3,3,CGGGAGGGCGGGAACAAACA,0,3473529
tfaE_stfE_predicted,0.25,3,3,CGGGACTCTTACCTATAGCC,0,3500306
tfaE_stfE_predicted,0.25,3,3,CGGGACAGCTTATCCGCGGT,0,3495587
tfaE_stfE_predicted,0.25,3,3,CGGGAAACCACCGTTGGGAT,0,3509923
tfaE_stfE_predicted,0.25,3,3,CGGCTCACGTGAGATCGCTG,0,3514767
tfaE_stfE_predicted,0.25,3,3,CGGCATCCTAGCGGTCTAGG,0,3482116
tfaE_stfE_predicted,0.25,3,3,CGGCATACAATGAATGGGAA,0,3534293
tfaE_stfE_predicted,0.25,3,3,CGGCAGAATTTCCGGGCTTT,0,3509116
tfaE_stfE_predicted,0.25,3,3,CGGCACCGAATTACTTCAAA,0,3501387
tfaE_stfE_predicted,0.25,3,3,CGGCAAGACAATGTATCAAG,0,3527069
tfaE_stfE_predicted,0.25,3,3,CGGATTTCCGAATTCACGTC,0,3500950
tfaE_stfE_predicted,0.25,3,3,CGGATTCAAATGACATGCGG,0,3530620
tfaE_stfE_predicted,0.25,3,3,CGGATTATTTGTGCCGATTG,0,3512356
tfaE_stfE_predicted,0.25,3,3,CGGATGAGGGTAACGTCAGG,0,3483574
tfaE_stfE_predicted,0.25,3,3,CGGATCTCACATGCAACGAT,0,3477845
tfaE_stfE_predicted,0.25,3,3,CGGATCCCTACTACGGTGGT,0,3489696
tfaE_stfE_predicted,0.25,3,3,CGGATAAGAATTGACTTACC,0,3506495
tfaE_stfE_predicted,0.25,3,3,CGGAGATTGGCCTTTAGGTG,0,3522995
tfaE_stfE_predicted,0.25,3,3,CGGACTATCGGAGCCCACAG,0,3499480
tfaE_stfE_predicted,0.25,3,3,CGGACAATCGTAGACATCGG,0,3518060
tfaE_stfE_predicted,0.25,3,3,CGGAAGGTTGTATATCTAGC,0,3501929
tfaE_stfE_predicted,0.25,3,3,CGCTTCTTTGACACGTGGAC,0,3493340
tfaE_stfE_predicted,0.25,3,3,CGCTGGGTACATGCAAACTG,0,3533694
tfaE_stfE_predicted,0.25,3,3,CGCTGGCAACATTTCAATTA,0,3522163
tfaE_stfE_predicted,0.25,3,3,CGCTGAGATGGACTACATGG,0,3517960
tfaE_stfE_predicted,0.25,3,3,CGCTAGGCATGCCACCGGAG,0,3483347
tfaE_stfE_predicted,0.25,3,3,CGCTAACAGCCGTTAGAACT,0,3482516
tfaE_stfE_predicted,0.25,3,3,CGCGTGGTACCTGTAGTCGG,0,3493253
tfaE_stfE_predicted,0.25,3,3,CGCGGCTCCTCCAGGTGCAA,0,3472049
tfaE_stfE_predicted,0.25,3,3,CGCGGCGAAGCCTTTTACAT,0,3492749
tfaE_stfE_predicted,0.25,3,3,CGCGGATTGGGTTCTGCTCT,0,3529020
tfaE_stfE_predicted,0.25,3,3,CGCGCGTACTCATCGTTATA,0,3474641
tfaE_stfE_predicted,0.25,3,3,CGCGAGGATTCAGCTGGATG,0,3533276
tfaE_stfE_predicted,0.25,3,3,CGCGAGCTGGCGCCCCTCTC,0,3523864
tfaE_stfE_predicted,0.25,3,3,CGCGAATGTGGCACATCGGC,0,3482485
tfaE_stfE_predicted,0.25,3,3,CGCGAACGCGCCAAAGTGGT,0,3495229
tfaE_stfE_predicted,0.25,3,3,CGCCTCCAGTGTATCATTAT,0,3467486
tfaE_stfE_predicted,0.25,3,3,CGCCGTCGTTACTCTGAATG,0,3531651
tfaE_stfE_predicted,0.25,3,3,CGCCGCTCCTGGAGCCCAAC,0,3532674
tfaE_stfE_predicted,0.25,3,3,CGCCGCCGTCGTATCCACTG,0,3469899
tfaE_stfE_predicted,0.25,3,3,CGCCGAGGCCGGCAGAACGC,0,3492905
tfaE_stfE_predicted,0.25,3,3,CGCCCTTGATTCTTCGTCGA,0,3486297
tfaE_stfE_predicted,0.25,3,3,CGCCCACAAAAGCACATCAG,0,3518360
tfaE_stfE_predicted,0.25,3,3,CGCCAGAAGGGCTACTATGC,0,3496553
tfaE_stfE_predicted,0.25,3,3,CGCCACCGGCGCACCGGGAG,0,3510515
tfaE_stfE_predicted,0.25,3,3,CGCATGTCGATGCTTTGAAG,0,3486327
tfaE_stfE_predicted,0.25,3,3,CGCAGTTTCCCTGTGTATCG,0,3509049
tfaE_stfE_predicted,0.25,3,3,CGCACGCGGCTGGAATTCTC,0,3520352
tfaE_stfE_predicted,0.25,3,3,CGCACCATTCACGTGCATTG,0,3470677
tfaE_stfE_predicted,0.25,3,3,CGCAATATGACTCCACGGAC,0,3508369
tfaE_stfE_predicted,0.25,3,3,CGCAACTACTGGGCGCTATG,0,3536900
tfaE_stfE_predicted,0.25,3,3,CGCAACTACTGCACCCAAAG,0,3528520
tfaE_stfE_predicted,0.25,3,3,CGCAACGAACCCGGCACGAA,0,3500813
tfaE_stfE_predicted,0.25,3,3,CGCAACAAACAATGCAAAGG,0,3492011
tfaE_stfE_predicted,0.25,3,3,CGATTCGTTACAGAATCATC,0,3532042
tfaE_stfE_predicted,0.25,3,3,CGATGTAAATGCGCAACGGG,0,3509266
tfaE_stfE_predicted,0.25,3,3,CGATGCTCGCCCGTTTGAAA,0,3522949
tfaE_stfE_predicted,0.25,3,3,CGATCGTGGCACTACCAGCG,0,3505691
tfaE_stfE_predicted,0.25,3,3,CGATCCATCACTCGGACATG,0,3495513
tfaE_stfE_predicted,0.25,3,3,CGATCATTTTTGAGAGGATA,0,3523802
tfaE_stfE_predicted,0.25,3,3,CGATCAACGATTCTACGATC,0,3493963
tfaE_stfE_predicted,0.25,3,3,CGATATGACGAGGTCGTCCA,0,3480339
tfaE_stfE_predicted,0.25,3,3,CGAGTTCCCGGGCTAATATT,0,3505604
tfaE_stfE_predicted,0.25,3,3,CGAGTCGAGATCCACCCCTT,0,3483129
tfaE_stfE_predicted,0.25,3,3,CGAGGAGATGTTTTCAGCGA,0,3496861
tfaE_stfE_predicted,0.25,3,3,CGAGATGTTCTATGTGCTAT,0,3486888
tfaE_stfE_predicted,0.25,3,3,CGAGAGCGCGCCCGCCCACA,0,3528155
tfaE_stfE_predicted,0.25,3,3,CGACTGTAGGTAGATAAGGT,0,3468035
tfaE_stfE_predicted,0.25,3,3,CGACTATTGTACTTGTGCTG,0,3488381
tfaE_stfE_predicted,0.25,3,3,CGACGCCGAGATCATTTCGG,0,3490702
tfaE_stfE_predicted,0.25,3,3,CGACGAGGCCTTTGGGAGCA,0,3523604
tfaE_stfE_predicted,0.25,3,3,CGACCGGCCAGTCTTTTCCG,0,3493358
tfaE_stfE_predicted,0.25,3,3,CGACCGAGGACAATGCTTAT,0,3491367
tfaE_stfE_predicted,0.25,3,3,CGACAAACGTTGGTTACGAT,0,3487994
tfaE_stfE_predicted,0.25,3,3,CGAATTGGGTCAAAATACAC,0,3505500
tfaE_stfE_predicted,0.25,3,3,CGAATACTAAAGCACGTACG,0,3534224
tfaE_stfE_predicted,0.25,3,3,CGAAGTGCCGGGTGTACCAA,0,3471507
tfaE_stfE_predicted,0.25,3,3,CGAAGTGACCCTTATCTACC,0,3528307
tfaE_stfE_predicted,0.25,3,3,CGAAGGACTATGTTCTCGTA,0,3508191
tfaE_stfE_predicted,0.25,3,3,CGAAGCCGGAAGAATCGTTC,0,3536183
tfaE_stfE_predicted,0.25,3,3,CGAAGATCCTGGTCAGCAAA,0,3540931
tfaE_stfE_predicted,0.25,3,3,CGAACTTAAACTTTTAGACC,0,3506685
tfaE_stfE_predicted,0.25,3,3,CGAAATGGTCATCTGAGTAG,0,3497298
tfaE_stfE_predicted,0.25,3,3,CGAAACTATAAGTCCGTACC,0,3480187
tfaE_stfE_predicted,0.25,3,3,CGAAACCGTGTTGACTGGTT,0,3467480
tfaE_stfE_predicted,0.25,3,3,CCTTTACGCAGCTGTGCCTA,0,3480466
tfaE_stfE_predicted,0.25,3,3,CCTTGCTCGGGACATCCGCG,0,3484477
tfaE_stfE_predicted,0.25,3,3,CCTTATCTCTCGCCGATCAG,0,3512386
tfaE_stfE_predicted,0.25,3,3,CCTTACAAATGTTAGGGTAC,0,3505531
tfaE_stfE_predicted,0.25,3,3,CCTGTGAGGGGCCAACTCAG,0,3470266
tfaE_stfE_predicted,0.25,3,3,CCTGTCTCATTGCATTAACG,0,3518079
tfaE_stfE_predicted,0.25,3,3,CCTGGTACTTTAGTTGTACT,0,3505602
tfaE_stfE_predicted,0.25,3,3,CCTGCTCCCATAGTGTTCAA,0,3487730
tfaE_stfE_predicted,0.25,3,3,CCTGCGTTGATGAATAACTG,0,3521216
tfaE_stfE_predicted,0.25,3,3,CCTGCGTATGGCTAGTGTTA,0,3472622
tfaE_stfE_predicted,0.25,3,3,CCTGCGGGTTGCGTCCATTG,0,3529719
tfaE_stfE_predicted,0.25,3,3,CCTGCCCTCGTAATCCACTC,0,3531633
tfaE_stfE_predicted,0.25,3,3,CCTGAACGCTTGAGCATGGA,0,3471135
tfaE_stfE_predicted,0.25,3,3,CCTCTTGGTAGACTTGCTCG,0,3525457
tfaE_stfE_predicted,0.25,3,3,CCTCTCGAGCCCGAAGCTAT,0,3509200
tfaE_stfE_predicted,0.25,3,3,CCTCGTGTTACTACTTCCTA,0,3474076
tfaE_stfE_predicted,0.25,3,3,CCTCGTATCTTCAGCTGTTA,0,3484295
tfaE_stfE_predicted,0.25,3,3,CCTCGAGATTCCTCGTAAAA,0,3533896
tfaE_stfE_predicted,0.25,3,3,CCTCCTGTTAGCGTTTCTCA,0,3514797
tfaE_stfE_predicted,0.25,3,3,CCTCACGAGGGCCGGACTAA,0,3477485
tfaE_stfE_predicted,0.25,3,3,CCTCACAAGTAAGGCTCCCG,0,3498559
tfaE_stfE_predicted,0.25,3,3,CCTATTTTAGCCTCACACTT,0,3507804
tfaE_stfE_predicted,0.25,3,3,CCTATTTGTTAGTGTGCGAA,0,3522217
tfaE_stfE_predicted,0.25,3,3,CCTAGTCGGCGAACGGTACA,0,3469050
tfaE_stfE_predicted,0.25,3,3,CCTAGGCATATGCTAAATGT,0,3497280
tfaE_stfE_predicted,0.25,3,3,CCTAGCTGAATTGGTTCTCC,0,3513995
tfaE_stfE_predicted,0.25,3,3,CCTAGCATCGAATTAACTTA,0,3491324
tfaE_stfE_predicted,0.25,3,3,CCTAGATTGCCGGGTCTGAC,0,3473741
tfaE_stfE_predicted,0.25,3,3,CCTACTGTGAACTGTTTGAG,0,3511609
tfaE_stfE_predicted,0.25,3,3,CCTACTCGCCTTTGAGCAAG,0,3518272
tfaE_stfE_predicted,0.25,3,3,CCTACCGTCTCTCGATCCGA,0,3490752
tfaE_stfE_predicted,0.25,3,3,CCTAAGCAATGCGTCTCTCG,0,3535132
tfaE_stfE_predicted,0.25,3,3,CCGTTAGCATTTGCCCTGCA,0,3476586
tfaE_stfE_predicted,0.25,3,3,CCGTGGAGTAATATTTATAG,0,3502802
tfaE_stfE_predicted,0.25,3,3,CCGTGATCGCTTAACTATCC,0,3491730
tfaE_stfE_predicted,0.25,3,3,CCGTAGTTTTTGCTGGTTCA,0,3528083
tfaE_stfE_predicted,0.25,3,3,CCGTAGCCTCGGGAGATTCC,0,3537426
tfaE_stfE_predicted,0.25,3,3,CCGTAAGACAGAGCACGCGC,0,3483788
tfaE_stfE_predicted,0.25,3,3,CCGGTTCCAGGTGGTCCATT,0,3524073
tfaE_stfE_predicted,0.25,3,3,CCGGGGTGCGACATCGGTTT,0,3536176
tfaE_stfE_predicted,0.25,3,3,CCGGGACAGCATGTGCATAC,0,3532380
tfaE_stfE_predicted,0.25,3,3,CCGGCGTCGCGACACACCTC,0,3512164
tfaE_stfE_predicted,0.25,3,3,CCGGCCTATGTACTTTCACG,0,3518020
tfaE_stfE_predicted,0.25,3,3,CCGGCAGAGGTCCGACATCG,0,3486201
tfaE_stfE_predicted,0.25,3,3,CCGGATAACGTTTTTGAAGA,0,3521960
tfaE_stfE_predicted,0.25,3,3,CCGGAGTTATTGAACGTGTG,0,3520055
tfaE_stfE_predicted,0.25,3,3,CCGCTTATTACTCTTAGAAC,0,3539107
tfaE_stfE_predicted,0.25,3,3,CCGCTGTATTAATCGCCTGC,0,3512522
tfaE_stfE_predicted,0.25,3,3,CCGCTAACATCTCGGGTGTC,0,3520056
tfaE_stfE_predicted,0.25,3,3,CCGCGGCATCTTTGACGGGA,0,3502835
tfaE_stfE_predicted,0.25,3,3,CCGCGCCTTGTTTCGCGTAC,0,3523318
tfaE_stfE_predicted,0.25,3,3,CCGCGCCTCGCTCGTCATCC,0,3484327
tfaE_stfE_predicted,0.25,3,3,CCGCCTCTTGTATCTGAGAT,0,3491617
tfaE_stfE_predicted,0.25,3,3,CCGCCCTCCGATAGTTATTT,0,3533536
tfaE_stfE_predicted,0.25,3,3,CCGCAAAGCAGGGGTAAACA,0,3513425
tfaE_stfE_predicted,0.25,3,3,CCGATTGGTGCCCTAATAAT,0,3508419
tfaE_stfE_predicted,0.25,3,3,CCGATTCAGCATGACGCCTA,0,3491205
tfaE_stfE_predicted,0.25,3,3,CCGAGTCGCAGGAGTATGTA,0,3519691
tfaE_stfE_predicted,0.25,3,3,CCGAGCGCATTCAACGGAGC,0,3475282
tfaE_stfE_predicted,0.25,3,3,CCGAGCAGGTTCAGCTGCCG,0,3507478
tfaE_stfE_predicted,0.25,3,3,CCGACGCTCTTCGGGTTTGC,0,3505092
tfaE_stfE_predicted,0.25,3,3,CCGAATATAAAGGCCGCGTT,0,3476256
tfaE_stfE_predicted,0.25,3,3,CCGAAACGATGGTTCTGTCT,0,3526598
tfaE_stfE_predicted,0.25,3,3,CCCTTTCTTATGAAATGAGT,0,3489457
tfaE_stfE_predicted,0.25,3,3,CCCTTCTCAGTCCGTGTAAG,0,3481431
tfaE_stfE_predicted,0.25,3,3,CCCTTATGAACTGTGGACCG,0,3497194
tfaE_stfE_predicted,0.25,3,3,CCCTGGACAAGAGAGTGTCC,0,3491221
tfaE_stfE_predicted,0.25,3,3,CCCTCTGCCGCGGCAGAACT,0,3519904
tfaE_stfE_predicted,0.25,3,3,CCCTCGTTGGTTTTGCTAAG,0,3536615
tfaE_stfE_predicted,0.25,3,3,CCCTCGTCTCAGGGGATTTA,0,3482812
tfaE_stfE_predicted,0.25,3,3,CCCTCACAGGTGCTCACCAG,0,3472640
tfaE_stfE_predicted,0.25,3,3,CCCTCAAGTGTCGCAGAGCC,0,3482800
tfaE_stfE_predicted,0.25,3,3,CCCTATTTGGGTAAGCGCTT,0,3497272
tfaE_stfE_predicted,0.25,3,3,CCCTAGGGGCCTATATTGCT,0,3478533
tfaE_stfE_predicted,0.25,3,3,CCCTAGCCTATTCTCCTCTC,0,3511744
tfaE_stfE_predicted,0.25,3,3,CCCTACCAACGGTTCGCCCA,0,3487938
tfaE_stfE_predicted,0.25,3,3,CCCTAAGGTGGATTTGCGTT,0,3530499
tfaE_stfE_predicted,0.25,3,3,CCCTAACTGACCGTGTGATT,0,3475372
tfaE_stfE_predicted,0.25,3,3,CCCGTAATTACAATAACAAA,0,3484129
tfaE_stfE_predicted,0.25,3,3,CCCGCTTGCAACAACGGCAA,0,3513940
tfaE_stfE_predicted,0.25,3,3,CCCGCGACAGGTACTTGAAT,0,3475650
tfaE_stfE_predicted,0.25,3,3,CCCGCCGTGATGTTGGTACT,0,3508457
tfaE_stfE_predicted,0.25,3,3,CCCCTGTTGAGTCAGACGGA,0,3482476
tfaE_stfE_predicted,0.25,3,3,CCCCTAACCTACTACATGGC,0,3497723
tfaE_stfE_predicted,0.25,3,3,CCCCGTACCACGTAGAGTAT,0,3502387
tfaE_stfE_predicted,0.25,3,3,CCCCGCCGCTCTCTTAAGTA,0,3489495
tfaE_stfE_predicted,0.25,3,3,CCCCGCCGAAGTACATACCA,0,3533850
tfaE_stfE_predicted,0.25,3,3,CCCCGAACCTGGAATCACCT,0,3512839
tfaE_stfE_predicted,0.25,3,3,CCCCCTCTATACCCTGGCAT,0,3493972
tfaE_stfE_predicted,0.25,3,3,CCCCCGTAACGCATTAGGCG,0,3478067
tfaE_stfE_predicted,0.25,3,3,CCCCCACGCCGGAACGGTAG,0,3494076
tfaE_stfE_predicted,0.25,3,3,CCCCATCCCCACCGTAGTTT,0,3534280
tfaE_stfE_predicted,0.25,3,3,CCCCAGGTGTACATCGTAGT,0,3504018
tfaE_stfE_predicted,0.25,3,3,CCCCAGCACCGGATAAGCAA,0,3488857
tfaE_stfE_predicted,0.25,3,3,CCCATTGCGAAACTAGCAGT,0,3472966
tfaE_stfE_predicted,0.25,3,3,CCCATGGTACTCCGGTTTAG,0,3517428
tfaE_stfE_predicted,0.25,3,3,CCCATGAGTGGCTCGGCCAT,0,3538922
tfaE_stfE_predicted,0.25,3,3,CCCATCAGGCAACTTCCACC,0,3486741
tfaE_stfE_predicted,0.25,3,3,CCCATCAAACATTTCACGCG,0,3501530
tfaE_stfE_predicted,0.25,3,3,CCCAAGAGGAATCTCGAGGT,0,3473251
tfaE_stfE_predicted,0.25,3,3,CCATTGATGGATAAGCGAGT,0,3520651
tfaE_stfE_predicted,0.25,3,3,CCATTATTGTCTGAAAAGCA,0,3530833
tfaE_stfE_predicted,0.25,3,3,CCATTACTCGCCCAGTCCCA,0,3523112
tfaE_stfE_predicted,0.25,3,3,CCATGGGTGTGCTCGACAGA,0,3516873
tfaE_stfE_predicted,0.25,3,3,CCATGGCACCTCAGCGTGAA,0,3536514
tfaE_stfE_predicted,0.25,3,3,CCATAATGCATACGAGACAT,0,3497222
tfaE_stfE_predicted,0.25,3,3,CCAGGTCCAAAGCCGAGAGG,0,3531791
tfaE_stfE_predicted,0.25,3,3,CCAGGACCCCGAAATAAGCT,0,3494287
tfaE_stfE_predicted,0.25,3,3,CCAGGACCATTATAAAGCAA,0,3533315
tfaE_stfE_predicted,0.25,3,3,CCAGGACACTAAAGGGGATT,0,3483188
tfaE_stfE_predicted,0.25,3,3,CCAGCTAGACCACGTCTAGT,0,3527921
tfaE_stfE_predicted,0.25,3,3,CCAGCGTGCGCGTCATGCAG,0,3519051
tfaE_stfE_predicted,0.25,3,3,CCAGCAACGCGTCCAGACGG,0,3525348
tfaE_stfE_predicted,0.25,3,3,CCAGACGCCAGCTAGTGTCA,0,3516439
tfaE_stfE_predicted,0.25,3,3,CCAGACATTCGCATCATGGT,0,3519892
tfaE_stfE_predicted,0.25,3,3,CCAGAACCCGGGGGTGATAC,0,3532272
tfaE_stfE_predicted,0.25,3,3,CCACTCCACAAACAGTTTAA,0,3518207
tfaE_stfE_predicted,0.25,3,3,CCACGGCCTCCACCCGGGAC,0,3513971
tfaE_stfE_predicted,0.25,3,3,CCACCGCCAACGAAGGTGCA,0,3493629
tfaE_stfE_predicted,0.25,3,3,CCACCCACTTCGTCGGGGCG,0,3487309
tfaE_stfE_predicted,0.25,3,3,CCACATCTTGTGCAATCGAA,0,3476521
tfaE_stfE_predicted,0.25,3,3,CCACAGAGAGCATGCGCTCC,0,3523881
tfaE_stfE_predicted,0.25,3,3,CCACAATGGCTGAGAGCCAT,0,3474597
tfaE_stfE_predicted,0.25,3,3,CCAATCGGCAGCTCTAGATC,0,3503625
tfaE_stfE_predicted,0.25,3,3,CCAATATTTGTTGTGCTTTG,0,3511763
tfaE_stfE_predicted,0.25,3,3,CCAATAAGTTATACCAGGTA,0,3530441
tfaE_stfE_predicted,0.25,3,3,CCAACTTGTGAGGGCGGACG,0,3519406
tfaE_stfE_predicted,0.25,3,3,CCAACTGAGCTCTATACGAG,0,3526761
tfaE_stfE_predicted,0.25,3,3,CCAAAACTTCAGCCGTATGC,0,3523116
tfaE_stfE_predicted,0.25,3,3,CATTTTTGGACAGGGAATGC,0,3497166
tfaE_stfE_predicted,0.25,3,3,CATTTAGGGGGTACTGCACA,0,3479732
tfaE_stfE_predicted,0.25,3,3,CATTGTCACTTCCCGTATGG,0,3492530
tfaE_stfE_predicted,0.25,3,3,CATTGATCGGCCGGTACCGG,0,3486365
tfaE_stfE_predicted,0.25,3,3,CATTGATCACTTCGCACAAG,0,3500553
tfaE_stfE_predicted,0.25,3,3,CATTGATCAAAGGGGTTGAA,0,3474181
tfaE_stfE_predicted,0.25,3,3,CATTCCTTTAACTTACGGCA,0,3492650
tfaE_stfE_predicted,0.25,3,3,CATTCATACGAACACGTATT,0,3472561
tfaE_stfE_predicted,0.25,3,3,CATTCACACACATGATCTGC,0,3531680
tfaE_stfE_predicted,0.25,3,3,CATTAGAGTGTTGATGACTT,0,3517673
tfaE_stfE_predicted,0.25,3,3,CATTACAGGGTACACAAGCT,0,3529979
tfaE_stfE_predicted,0.25,3,3,CATGTTAGAATTCATACAGG,0,3498657
tfaE_stfE_predicted,0.25,3,3,CATGTCTTGCTGGGTCCATT,0,3473641
tfaE_stfE_predicted,0.25,3,3,CATGGTGATGAAACTTCTCC,0,3487709
tfaE_stfE_predicted,0.25,3,3,CATGGTGATACTGTATCACT,0,3524620
tfaE_stfE_predicted,0.25,3,3,CATGGATGGGAGTACGAATC,0,3505200
tfaE_stfE_predicted,0.25,3,3,CATGGATGCTATTCCTTCAA,0,3529854
tfaE_stfE_predicted,0.25,3,3,CATGCGAAGAACGTGATGCG,0,3533317
tfaE_stfE_predicted,0.25,3,3,CATGATGTTGTTCACCGGGT,0,3508301
tfaE_stfE_predicted,0.25,3,3,CATGAGGGCGTAAGCCCAAT,0,3523687
tfaE_stfE_predicted,0.25,3,3,CATCTTGGAACGTCATCAGG,0,3476726
tfaE_stfE_predicted,0.25,3,3,CATCGTTGGGGTCACCAGCA,0,3525516
tfaE_stfE_predicted,0.25,3,3,CATCGGTACCCCAAACTGGT,0,3477806
tfaE_stfE_predicted,0.25,3,3,CATCGCACTTATCTCTATGC,0,3498236
tfaE_stfE_predicted,0.25,3,3,CATCCTGTGTCAACGGCGCG,0,3509853
tfaE_stfE_predicted,0.25,3,3,CATCCTGCAATTGTCCTAGG,0,3524622
tfaE_stfE_predicted,0.25,3,3,CATCCGGAAGCAGATGGGAC,0,3529123
tfaE_stfE_predicted,0.25,3,3,CATCCCGGCAATGTATCTGC,0,3485535
tfaE_stfE_predicted,0.25,3,3,CATCCCCTTGAGGCCCGCGT,0,3482347
tfaE_stfE_predicted,0.25,3,3,CATCCAGCACTGTAGTGCCG,0,3516725
tfaE_stfE_predicted,0.25,3,3,CATCATTTAAATATTCAAAT,0,3468222
tfaE_stfE_predicted,0.25,3,3,CATATCCAATTCCGCCCTAC,0,3526297
tfaE_stfE_predicted,0.25,3,3,CATATACATCTTCAGAACGA,0,3515357
tfaE_stfE_predicted,0.25,3,3,CATAGGGCGCTCCAGTACGA,0,3481594
tfaE_stfE_predicted,0.25,3,3,CATAGCAATCCGATCGCAGC,0,3504937
tfaE_stfE_predicted,0.25,3,3,CATACAAGTAACTAGGGCTC,0,3501304
tfaE_stfE_predicted,0.25,3,3,CATAATCCGACGGGAGTCCG,0,3523302
tfaE_stfE_predicted,0.25,3,3,CATAACCAGTACATTAGTAT,0,3502267
tfaE_stfE_predicted,0.25,3,3,CAGTTGCCGTCAGGAATAAG,0,3527774
tfaE_stfE_predicted,0.25,3,3,CAGTTAACGCATTGCGAGTA,0,3528374
tfaE_stfE_predicted,0.25,3,3,CAGTCTCGTTGCCAACGGTG,0,3506647
tfaE_stfE_predicted,0.25,3,3,CAGTATCTTATTGCACTGCC,0,3539412
tfaE_stfE_predicted,0.25,3,3,CAGTAGTAGGTTTTCTGTAA,0,3504096
tfaE_stfE_predicted,0.25,3,3,CAGTACGCCGTGGCTCTCGT,0,3483732
tfaE_stfE_predicted,0.25,3,3,CAGTACATCTGCAATAGCTT,0,3472222
tfaE_stfE_predicted,0.25,3,3,CAGTAACTCAGTAAGGGTAG,0,3477305
tfaE_stfE_predicted,0.25,3,3,CAGTAAAATGCTACCCTGCT,0,3515113
tfaE_stfE_predicted,0.25,3,3,CAGGGGCGTTGAAGAACTAG,0,3504386
tfaE_stfE_predicted,0.25,3,3,CAGGGCTGGGATGACCCGAA,0,3471688
tfaE_stfE_predicted,0.25,3,3,CAGGGCGACTCGGCTCCCCC,0,3525307
tfaE_stfE_predicted,0.25,3,3,CAGGGACTGGAGTATGGGCG,0,3500289
tfaE_stfE_predicted,0.25,3,3,CAGGGACGCAATAGAGTGCC,0,3490081
tfaE_stfE_predicted,0.25,3,3,CAGGCTTCGGTTAATGATCC,0,3523470
tfaE_stfE_predicted,0.25,3,3,CAGGCTCTTGCCGGGTAAAA,0,3513305
tfaE_stfE_predicted,0.25,3,3,CAGGATGGGGTACTGATACA,0,3475015
tfaE_stfE_predicted,0.25,3,3,CAGGAGTTTGCGTCCACGCT,0,3521604
tfaE_stfE_predicted,0.25,3,3,CAGGAATGAGTCCCGAATCA,0,3508370
tfaE_stfE_predicted,0.25,3,3,CAGCTTATAACAGATTCTGG,0,3525889
tfaE_stfE_predicted,0.25,3,3,CAGCTGTCTACCCGGACAGA,0,3472685
tfaE_stfE_predicted,0.25,3,3,CAGCTCGTAGACTTAGATGA,0,3526061
tfaE_stfE_predicted,0.25,3,3,CAGCGTCTATTGGAAAAGGT,0,3476772
tfaE_stfE_predicted,0.25,3,3,CAGCGGTTGTCCGCATGATT,0,3526057
tfaE_stfE_predicted,0.25,3,3,CAGCCTGGGTCTATAGTTGT,0,3475126
tfaE_stfE_predicted,0.25,3,3,CAGATTAATCAGTAGAGCAT,0,3471557
tfaE_stfE_predicted,0.25,3,3,CAGATGCTTGCATTCTTGCA,0,3483430
tfaE_stfE_predicted,0.25,3,3,CAGATGACGTTGTCGAGTAG,0,3468975
tfaE_stfE_predicted,0.25,3,3,CAGATCACCACCCCAATAAC,0,3516529
tfaE_stfE_predicted,0.25,3,3,CAGAGGTTTAGTGTACGATT,0,3518625
tfaE_stfE_predicted,0.25,3,3,CAGACTTTTACGCGGCCCCT,0,3492644
tfaE_stfE_predicted,0.25,3,3,CAGAAGCGTCAAATCGCTGC,0,3526749
tfaE_stfE_predicted,0.25,3,3,CAGAACGTACGCACCCGACC,0,3519130
tfaE_stfE_predicted,0.25,3,3,CAGAAATTTCTATCCGATTC,0,3522984
tfaE_stfE_predicted,0.25,3,3,CACTTTTTCATCGCAGTGCA,0,3535445
tfaE_stfE_predicted,0.25,3,3,CACTTTAGGATCAACTTAGA,0,3487069
tfaE_stfE_predicted,0.25,3,3,CACTTAGTGACCCCCCGCCA,0,3527156
tfaE_stfE_predicted,0.25,3,3,CACTGTTGCGGTATGTTAGC,0,3535108
tfaE_stfE_predicted,0.25,3,3,CACTGTGTGATATCTGCCAT,0,3475990
tfaE_stfE_predicted,0.25,3,3,CACTGGGCGAGTGCCATTAA,0,3506092
tfaE_stfE_predicted,0.25,3,3,CACTGAGATTAAATTGATGC,0,3531993
tfaE_stfE_predicted,0.25,3,3,CACTCGGATTCTTCGTTGTA,0,3485610
tfaE_stfE_predicted,0.25,3,3,CACTCAGTCGCTAAATTGTA,0,3510548
tfaE_stfE_predicted,0.25,3,3,CACTATAGGTCGGCGATGTC,0,3486999
tfaE_stfE_predicted,0.25,3,3,CACTACCTGATCACTCTGAT,0,3528788
tfaE_stfE_predicted,0.25,3,3,CACGTGATGGCAGTCTGTAA,0,3534105
tfaE_stfE_predicted,0.25,3,3,CACGTCGTTCATCGGCTACT,0,3520540
tfaE_stfE_predicted,0.25,3,3,CACGTAAATGTTCCACCCTC,0,3486723
tfaE_stfE_predicted,0.25,3,3,CACGGACCAGGCCAGCCCAG,0,3507614
tfaE_stfE_predicted,0.25,3,3,CACGCTCTCGGCTTGTGGCC,0,3512290
tfaE_stfE_predicted,0.25,3,3,CACGATCGTGCGAGTTTGTG,0,3498500
tfaE_stfE_predicted,0.25,3,3,CACGAGGACGCGCTACTGCT,0,3540551
tfaE_stfE_predicted,0.25,3,3,CACCTCTAAGTTCAAAGTGC,0,3470909
tfaE_stfE_predicted,0.25,3,3,CACCTACGACTATATAGATA,0,3526137
tfaE_stfE_predicted,0.25,3,3,CACCGGGAGTGGCATCGGGT,0,3499745
tfaE_stfE_predicted,0.25,3,3,CACCGGACGTCAGGTGAGAA,0,3493853
tfaE_stfE_predicted,0.25,3,3,CACCGGAACCCGAAATGTAG,0,3466603
tfaE_stfE_predicted,0.25,3,3,CACCGAGCCGACCCTCGACA,0,3534492
tfaE_stfE_predicted,0.25,3,3,CACCGACGTGGGCTTTAATG,0,3509666
tfaE_stfE_predicted,0.25,3,3,CACCCGGAGTCCCTACCGTG,0,3467870
tfaE_stfE_predicted,0.25,3,3,CACCCGCGCGGAAGGATCAG,0,3516858
tfaE_stfE_predicted,0.25,3,3,CACCCCAACTCAATGCAGCG,0,3491705
tfaE_stfE_predicted,0.25,3,3,CACCCACAGTGGTTTCAAAC,0,3515711
tfaE_stfE_predicted,0.25,3,3,CACCAGTCGTCGTCGCACAA,0,3519395
tfaE_stfE_predicted,0.25,3,3,CACCAACACGTTCCCGTCTC,0,3520470
tfaE_stfE_predicted,0.25,3,3,CACCAAAATACAGATGACGC,0,3504680
tfaE_stfE_predicted,0.25,3,3,CACATGGGAGCTGGTATCGT,0,3502914
tfaE_stfE_predicted,0.25,3,3,CACAGTCGGAGCATATGGAT,0,3482066
tfaE_stfE_predicted,0.25,3,3,CACACTGGACACTGACTCGC,0,3522372
tfaE_stfE_predicted,0.25,3,3,CACACGCCCAAGCCGTTTCT,0,3500966
tfaE_stfE_predicted,0.25,3,3,CACACCGCATTTTTGTTTGG,0,3527283
tfaE_stfE_predicted,0.25,3,3,CACACAGCATACCCGACCAA,0,3509399
tfaE_stfE_predicted,0.25,3,3,CACAAGGCTGTGTCTAGGGA,0,3525899
tfaE_stfE_predicted,0.25,3,3,CACAAGATGATAGGCCACAT,0,3512326
tfaE_stfE_predicted,0.25,3,3,CAATTGAGGGTTCCTTATTA,0,3523040
tfaE_stfE_predicted,0.25,3,3,CAATTGAGCTATACTTCTTA,0,3481664
tfaE_stfE_predicted,0.25,3,3,CAATTGAATTCCAAACATAA,0,3474938
tfaE_stfE_predicted,0.25,3,3,CAATGTTCGAAGCACCACCC,0,3532986
tfaE_stfE_predicted,0.25,3,3,CAATGCCGGTGGGGTTAGAG,0,3488617
tfaE_stfE_predicted,0.25,3,3,CAATGCCACGACATTGTCAA,0,3494897
tfaE_stfE_predicted,0.25,3,3,CAATGATAGCTCCTCTATAA,0,3513921
tfaE_stfE_predicted,0.25,3,3,CAATCTTTCACCACCCCACA,0,3533981
tfaE_stfE_predicted,0.25,3,3,CAATCTCTCTCGGAGTCATT,0,3529051
tfaE_stfE_predicted,0.25,3,3,CAATCGGATTACAGCTATAA,0,3490812
tfaE_stfE_predicted,0.25,3,3,CAATCAAGCGAGGAAATGAT,0,3521846
tfaE_stfE_predicted,0.25,3,3,CAATATAGGATTTCACCTGA,0,3473384
tfaE_stfE_predicted,0.25,3,3,CAATACATCCAAAACCCTAA,0,3499135
tfaE_stfE_predicted,0.25,3,3,CAAGTTACATCGTGTCCTGT,0,3517303
tfaE_stfE_predicted,0.25,3,3,CAAGTGGACGCCATATGTTC,0,3519396
tfaE_stfE_predicted,0.25,3,3,CAAGTCCTGCTTCTGACAGG,0,3539000
tfaE_stfE_predicted,0.25,3,3,CAAGGTTTAGTGTAGCAAGA,0,3537428
tfaE_stfE_predicted,0.25,3,3,CAAGGGAGATCATCTCGATC,0,3489619
tfaE_stfE_predicted,0.25,3,3,CAAGCTGTTTAGGTGCTCCC,0,3484805
tfaE_stfE_predicted,0.25,3,3,CAAGATTGTAGGTGAATTTT,0,3490024
tfaE_stfE_predicted,0.25,3,3,CAAGACACGGCTGAATATTT,0,3471737
tfaE_stfE_predicted,0.25,3,3,CAACTTTCAACTCGGTTTCC,0,3466660
tfaE_stfE_predicted,0.25,3,3,CAACTTACTTTGCATCGTTA,0,3481232
tfaE_stfE_predicted,0.25,3,3,CAACTCAATGCTGGTTGATA,0,3535598
tfaE_stfE_predicted,0.25,3,3,CAACGTGGCTCCGTGCCTTT,0,3541113
tfaE_stfE_predicted,0.25,3,3,CAACCTCCGGCGCAATTCTT,0,3513831
tfaE_stfE_predicted,0.25,3,3,CAACCATTCCTTGATGAGAG,0,3500607
tfaE_stfE_predicted,0.25,3,3,CAACATCTTCAGGAATGGTG,0,3517210
tfaE_stfE_predicted,0.25,3,3,CAACATCACTGGAGGGCCAA,0,3538563
tfaE_stfE_predicted,0.25,3,3,CAAATCTCTCATGCTCCGAA,0,3511211
tfaE_stfE_predicted,0.25,3,3,CAAATAGACTGTCAATAGAT,0,3539786
tfaE_stfE_predicted,0.25,3,3,CAAAGTACCGTGACATTAGT,0,3535764
tfaE_stfE_predicted,0.25,3,3,CAAAGCAGGCGGTTGCCGCA,0,3525520
tfaE_stfE_predicted,0.25,3,3,CAAACTTTGCATGGGCGACA,0,3534994
tfaE_stfE_predicted,0.25,3,3,CAAAAGTTGACCTTGGACCC,0,3499707
tfaE_stfE_predicted,0.25,3,3,CAAAAGCTCTAACAGGATTT,0,3489268
tfaE_stfE_predicted,0.25,3,3,ATTTTCAGTTGCAGGGCCAT,0,3538560
tfaE_stfE_predicted,0.25,3,3,ATTTGTATAGAAAAACTCAA,0,3531801
tfaE_stfE_predicted,0.25,3,3,ATTTGACAGTGACAAACTCC,0,3508650
tfaE_stfE_predicted,0.25,3,3,ATTTCTAGGTGCCGACGCGA,0,3488713
tfaE_stfE_predicted,0.25,3,3,ATTTCAACAATTCACATTGA,0,3466601
tfaE_stfE_predicted,0.25,3,3,ATTTCAAAGTGTCAGTTTAG,0,3506139
tfaE_stfE_predicted,0.25,3,3,ATTTATATGTAGTTTTTGCT,0,3520213
tfaE_stfE_predicted,0.25,3,3,ATTGTAAGATGACTTTAATC,0,3493394
tfaE_stfE_predicted,0.25,3,3,ATTGGTCCTCCGCTAGATAA,0,3522307
tfaE_stfE_predicted,0.25,3,3,ATTGGCCACCTGGGCTCTGC,0,3489157
tfaE_stfE_predicted,0.25,3,3,ATTGGATGACAGATATTTGA,0,3518643
tfaE_stfE_predicted,0.25,3,3,ATTGCGTCTGACGGCCGGCT,0,3510225
tfaE_stfE_predicted,0.25,3,3,ATTGAGAACGGGTGGCAAGA,0,3490434
tfaE_stfE_predicted,0.25,3,3,ATTGACTACTTGAAGTACCA,0,3512784
tfaE_stfE_predicted,0.25,3,3,ATTGAATTCCTATGCATCGT,0,3475877
tfaE_stfE_predicted,0.25,3,3,ATTCTGTGAGGGGCCTGTCG,0,3491713
tfaE_stfE_predicted,0.25,3,3,ATTCTAGGAGTAACCTGTGC,0,3538010
tfaE_stfE_predicted,0.25,3,3,ATTCCGTCTCGCTATAGGTA,0,3490325
tfaE_stfE_predicted,0.25,3,3,ATTCCCTTAAGCATACTTTC,0,3486725
tfaE_stfE_predicted,0.25,3,3,ATTATGCAGGAGCCGGTTCA,0,3505383
tfaE_stfE_predicted,0.25,3,3,ATTATACAGTTACGATCGGA,0,3534373
tfaE_stfE_predicted,0.25,3,3,ATTAGTATGAAAAAACAGAT,0,3477890
tfaE_stfE_predicted,0.25,3,3,ATTAGAGGCACAGATATCAT,0,3477090
tfaE_stfE_predicted,0.25,3,3,ATTAGAGCCCCTCTTCCAGG,0,3512636
tfaE_stfE_predicted,0.25,3,3,ATTACACCCTCGGGTTCAAA,0,3531299
tfaE_stfE_predicted,0.25,3,3,ATGTTGGTCAAAGTAAGGCT,0,3530321
tfaE_stfE_predicted,0.25,3,3,ATGTTCTTTGCGGCTGGGTA,0,3479275
tfaE_stfE_predicted,0.25,3,3,ATGTTAACCCTTAGTCACTA,0,3471138
tfaE_stfE_predicted,0.25,3,3,ATGTCACATGCAACGATTGA,0,3466446
tfaE_stfE_predicted,0.25,3,3,ATGTAGCCTACCTCACACTT,0,3486889
tfaE_stfE_predicted,0.25,3,3,ATGTACGCTTTACAACCACC,0,3494468
tfaE_stfE_predicted,0.25,3,3,ATGTACAGGTGCGACATGTA,0,3478596
tfaE_stfE_predicted,0.25,3,3,ATGTAAGCATTTCTTGGGTA,0,3494684
tfaE_stfE_predicted,0.25,3,3,ATGTAACTCATCTGTTTTGG,0,3508765
tfaE_stfE_predicted,0.25,3,3,ATGGTTATAGCAATGACTCC,0,3527994
tfaE_stfE_predicted,0.25,3,3,ATGGTGGCGACACACTGGCT,0,3503170
tfaE_stfE_predicted,0.25,3,3,ATGGTGACCAGGCTCGTTCT,0,3495939
tfaE_stfE_predicted,0.25,3,3,ATGGGTTTAAATTCTATTCG,0,3510163
tfaE_stfE_predicted,0.25,3,3,ATGGGGGTGAAGTTCACGTT,0,3488059
tfaE_stfE_predicted,0.25,3,3,ATGGGAGAAGTACCTTGGCA,0,3498912
tfaE_stfE_predicted,0.25,3,3,ATGGCTTAATTTGGCCCAGT,0,3489156
tfaE_stfE_predicted,0.25,3,3,ATGGCGAGTGACGGCAATAA,0,3471420
tfaE_stfE_predicted,0.25,3,3,ATGGATTACGACCTTAAGGG,0,3540306
tfaE_stfE_predicted,0.25,3,3,ATGGAGCACAGCGGAAGATC,0,3537845
tfaE_stfE_predicted,0.25,3,3,ATGGACGTTTAGTCGCGAAT,0,3539453
tfaE_stfE_predicted,0.25,3,3,ATGCTGCGTTGTGTTCGCAA,0,3510303
tfaE_stfE_predicted,0.25,3,3,ATGCGCAATGTCGTCACTAG,0,3511737
tfaE_stfE_predicted,0.25,3,3,ATGCCGTTACGATGGGTTTA,0,3475639
tfaE_stfE_predicted,0.25,3,3,ATGCCCTGAACATTTATTAT,0,3520542
tfaE_stfE_predicted,0.25,3,3,ATGCCCAGCTCCTAATTGTT,0,3482950
tfaE_stfE_predicted,0.25,3,3,ATGCACATGGCTGGGTTGGG,0,3492934
tfaE_stfE_predicted,0.25,3,3,ATGATTCCGACCGATGTAGA,0,3523319
tfaE_stfE_predicted,0.25,3,3,ATGATGTCGCGCAAGCAGAC,0,3517158
tfaE_stfE_predicted,0.25,3,3,ATGATCAAAGGGTCCTTCCC,0,3478953
tfaE_stfE_predicted,0.25,3,3,ATGAGTATCTTGTGAGCTGA,0,3488780
tfaE_stfE_predicted,0.25,3,3,ATGAGCGTCGCTTTTGTCGA,0,3499797
tfaE_stfE_predicted,0.25,3,3,ATGAATACGCAGCTTGGGGT,0,3488406
tfaE_stfE_predicted,0.25,3,3,ATCTTGGTAAACGCATTGTG,0,3507312
tfaE_stfE_predicted,0.25,3,3,ATCTTACACTCGGACCGCCA,0,3474335
tfaE_stfE_predicted,0.25,3,3,ATCTGTTTTATAGTGGCTTC,0,3482454
tfaE_stfE_predicted,0.25,3,3,ATCTGTAGCGGTGGGATTAA,0,3531266
tfaE_stfE_predicted,0.25,3,3,ATCTCGGTCCCCTTCCAAGA,0,3480156
tfaE_stfE_predicted,0.25,3,3,ATCTCAGAGAAAAGAGTGCT,0,3491901
tfaE_stfE_predicted,0.25,3,3,ATCTCAACAGGTTGCGTGAC,0,3498714
tfaE_stfE_predicted,0.25,3,3,ATCGGTAAACGGAGCCGCGG,0,3467063
tfaE_stfE_predicted,0.25,3,3,ATCGGGCAAATTGCCATCCA,0,3507518
tfaE_stfE_predicted,0.25,3,3,ATCGGGATAATTTGACTGGC,0,3474945
tfaE_stfE_predicted,0.25,3,3,ATCGCCTAGGGGAGAGGAGG,0,3477736
tfaE_stfE_predicted,0.25,3,3,ATCGCCGCGATATCCACCTT,0,3520583
tfaE_stfE_predicted,0.25,3,3,ATCGATTAGTAACCCGCGGT,0,3540513
tfaE_stfE_predicted,0.25,3,3,ATCGACGCCCTAAGTACCCT,0,3479326
tfaE_stfE_predicted,0.25,3,3,ATCCTAGCAGTCTGCCAAGC,0,3506418
tfaE_stfE_predicted,0.25,3,3,ATCCGAATAACCAACATCCG,0,3499381
tfaE_stfE_predicted,0.25,3,3,ATCCGAAATCGCACTATGTG,0,3502574
tfaE_stfE_predicted,0.25,3,3,ATCCCGTACATAATTTTCAA,0,3487601
tfaE_stfE_predicted,0.25,3,3,ATCCCCGTTACGGCAGGGCC,0,3494645
tfaE_stfE_predicted,0.25,3,3,ATCCATTTATCGTAGGTCTT,0,3507964
tfaE_stfE_predicted,0.25,3,3,ATCCATTAACATGGTCCTGG,0,3493297
tfaE_stfE_predicted,0.25,3,3,ATCCATCAATAGTATTGTGT,0,3535276
tfaE_stfE_predicted,0.25,3,3,ATCATGAGTGCATCTGGATC,0,3539744
tfaE_stfE_predicted,0.25,3,3,ATCAGGAGGTTATACACTTC,0,3500437
tfaE_stfE_predicted,0.25,3,3,ATCAGACCGGCATGCATGTA,0,3486285
tfaE_stfE_predicted,0.25,3,3,ATCAAGGTACAATGGGAGGC,0,3528746
tfaE_stfE_predicted,0.25,3,3,ATATGATGTTCTACGACGGG,0,3485614
tfaE_stfE_predicted,0.25,3,3,ATATCTTCGAAGGAGGTAGC,0,3482467
tfaE_stfE_predicted,0.25,3,3,ATATCGCGGCCCCTAGAGCT,0,3498362
tfaE_stfE_predicted,0.25,3,3,ATATCCGTGCTGGGCCGGAC,0,3534064
tfaE_stfE_predicted,0.25,3,3,ATATACAGTATTTAGTTAGT,0,3508511
tfaE_stfE_predicted,0.25,3,3,ATAGTGTGGGGATCCGTACA,0,3469416
tfaE_stfE_predicted,0.25,3,3,ATAGGCCCCTGCGATCACCC,0,3508685
tfaE_stfE_predicted,0.25,3,3,ATAGCAGGACCTGGGAGCTT,0,3526403
tfaE_stfE_predicted,0.25,3,3,ATAGATTGTGCGCATGGGAA,0,3481648
tfaE_stfE_predicted,0.25,3,3,ATAGACTGCCGATTATAAAA,0,3522447
tfaE_stfE_predicted,0.25,3,3,ATAGAAAAAGGCATTCTTGC,0,3509735
tfaE_stfE_predicted,0.25,3,3,ATACGCCTTTGGCGGTTACG,0,3479687
tfaE_stfE_predicted,0.25,3,3,ATACGAAGTGACAGATTGTT,0,3483515
tfaE_stfE_predicted,0.25,3,3,ATACCATTGCAGCTGAGAGC,0,3540806
tfaE_stfE_predicted,0.25,3,3,ATACCACCGGTCGAAGCGTT,0,3501635
tfaE_stfE_predicted,0.25,3,3,ATACAGTGAGGTAGAAGCTC,0,3484648
tfaE_stfE_predicted,0.25,3,3,ATACAGCGTCGTTAGAGAAG,0,3468363
tfaE_stfE_predicted,0.25,3,3,ATACAATAGCCTTTGTCCAA,0,3523595
tfaE_stfE_predicted,0.25,3,3,ATAATTGAGAGACGAGTATC,0,3481356
tfaE_stfE_predicted,0.25,3,3,ATAATGCCGACAGTCTGCGA,0,3511290
tfaE_stfE_predicted,0.25,3,3,ATAATCTCACAAGATTCGGC,0,3540797
tfaE_stfE_predicted,0.25,3,3,ATAATAGCCAAGCATAAAAA,0,3475701
tfaE_stfE_predicted,0.25,3,3,ATAAGTAAGGTGATTTTAGG,0,3485673
tfaE_stfE_predicted,0.25,3,3,ATAAGCGGGCGATGGGCTCT,0,3499093
tfaE_stfE_predicted,0.25,3,3,ATAAGCCGGTTGCTACCGTG,0,3511646
tfaE_stfE_predicted,0.25,3,3,ATAACCAACCACCCTTGTAA,0,3493133
tfaE_stfE_predicted,0.25,3,3,ATAACATCCAAGTCTCCTAT,0,3526886
tfaE_stfE_predicted,0.25,3,3,ATAACAGAGGGCACCGTTCG,0,3525462
tfaE_stfE_predicted,0.25,3,3,ATAAATGGCTCATATCATGT,0,3514256
tfaE_stfE_predicted,0.25,3,3,ATAAAGCTTGTCACTGCTGG,0,3468931
tfaE_stfE_predicted,0.25,3,3,ATAAAGACCTCCCAATGTCT,0,3512931
tfaE_stfE_predicted,0.25,3,3,AGTTTTGGCGAAAGGGAGGC,0,3501541
tfaE_stfE_predicted,0.25,3,3,AGTTGGTCAGGGAGCAGAGT,0,3476828
tfaE_stfE_predicted,0.25,3,3,AGTTGCCGAGCAAAGTTGGT,0,3513055
tfaE_stfE_predicted,0.25,3,3,AGTTGAGAGTAGTCCTTTGT,0,3509431
tfaE_stfE_predicted,0.25,3,3,AGTTCTGGAAACAAGTGTTT,0,3511210
tfaE_stfE_predicted,0.25,3,3,AGTTCGTGGCCGCACAGTGC,0,3520930
tfaE_stfE_predicted,0.25,3,3,AGTTCGGTGGGGGCTTCGGC,0,3526873
tfaE_stfE_predicted,0.25,3,3,AGTTCGCTATCAAACACACG,0,3485538
tfaE_stfE_predicted,0.25,3,3,AGTTAGTACGATCCGTTGAA,0,3506940
tfaE_stfE_predicted,0.25,3,3,AGTTAACCAGAGGACCGCCG,0,3521627
tfaE_stfE_predicted,0.25,3,3,AGTGTCTTCCCCGAGGATGG,0,3517605
tfaE_stfE_predicted,0.25,3,3,AGTGTCGCGAGATGCCAGAC,0,3533209
tfaE_stfE_predicted,0.25,3,3,AGTGTCCTTGACTGTTGTCA,0,3529526
tfaE_stfE_predicted,0.25,3,3,AGTGTAGGGTGGTATGCAGT,0,3477762
tfaE_stfE_predicted,0.25,3,3,AGTGGTCATGGGCGTTTCAC,0,3531571
tfaE_stfE_predicted,0.25,3,3,AGTGCACTCATAACGTGCTA,0,3487058
tfaE_stfE_predicted,0.25,3,3,AGTGAAGGGCGTTTCACGTT,0,3473629
tfaE_stfE_predicted,0.25,3,3,AGTCTTCGGGTTCGCCCATC,0,3515390
tfaE_stfE_predicted,0.25,3,3,AGTCTAGTTATTAGGGTTTC,0,3471454
tfaE_stfE_predicted,0.25,3,3,AGTCGGGTCCATACGCTTGC,0,3539877
tfaE_stfE_predicted,0.25,3,3,AGTCGGGTCCAGAGCGGCTC,0,3509870
tfaE_stfE_predicted,0.25,3,3,AGTCGGGCAACTTTGATTTC,0,3540862
tfaE_stfE_predicted,0.25,3,3,AGTCCCTGCCGCCGGCTATG,0,3512274
tfaE_stfE_predicted,0.25,3,3,AGTCCAGACGCTTCAAGATG,0,3540050
tfaE_stfE_predicted,0.25,3,3,AGTCCAACGGCTTAAGTCAT,0,3474241
tfaE_stfE_predicted,0.25,3,3,AGTCATGATAATTTCTTTCT,0,3489961
tfaE_stfE_predicted,0.25,3,3,AGTCATAATGAAGGCGAGAT,0,3507384
tfaE_stfE_predicted,0.25,3,3,AGTATATGTAGTATTCAGTT,0,3493971
tfaE_stfE_predicted,0.25,3,3,AGTAGTAACGGAGCGCGAGC,0,3495598
tfaE_stfE_predicted,0.25,3,3,AGTAGGTCCTATTTTAACAA,0,3500485
tfaE_stfE_predicted,0.25,3,3,AGTAGATCCCTAAAGGCCAA,0,3522517
tfaE_stfE_predicted,0.25,3,3,AGTAGAAGCCTCCAGGTGGG,0,3507252
tfaE_stfE_predicted,0.25,3,3,AGTAATAAGGGCGGTTTCCA,0,3467349
tfaE_stfE_predicted,0.25,3,3,AGTAAACAAGCAAATGCCGA,0,3506220
tfaE_stfE_predicted,0.25,3,3,AGGTTATGTGCGCCACTTAT,0,3519088
tfaE_stfE_predicted,0.25,3,3,AGGTCGTATCGTAAATCCCC,0,3474894
tfaE_stfE_predicted,0.25,3,3,AGGTAGACTAGGTTGTTAAT,0,3477436
tfaE_stfE_predicted,0.25,3,3,AGGTAAGGTGAAGCCCTGCG,0,3513776
tfaE_stfE_predicted,0.25,3,3,AGGTAACCGACAACTTGTCT,0,3500806
tfaE_stfE_predicted,0.25,3,3,AGGGGATCCGGTATGTAGCT,0,3536882
tfaE_stfE_predicted,0.25,3,3,AGGGCGATTGAAACGGCGTA,0,3504650
tfaE_stfE_predicted,0.25,3,3,AGGGCACCGACCGTTATGCA,0,3493379
tfaE_stfE_predicted,0.25,3,3,AGGGATTGATTATATATTTG,0,3540115
tfaE_stfE_predicted,0.25,3,3,AGGGATATTCAATATCAGTA,0,3478485
tfaE_stfE_predicted,0.25,3,3,AGGGAGTGGCGGCGGCAAGC,0,3491782
tfaE_stfE_predicted,0.25,3,3,AGGGAAGACATGGCTCTTGT,0,3535196
tfaE_stfE_predicted,0.25,3,3,AGGGAACGAGGGGACATGGA,0,3497100
tfaE_stfE_predicted,0.25,3,3,AGGCTTTTGCGCATTGTACC,0,3528577
tfaE_stfE_predicted,0.25,3,3,AGGCTTTAGCAGTCATTCGA,0,3514935
tfaE_stfE_predicted,0.25,3,3,AGGCTTCACCGTACCGGTAA,0,3494309
tfaE_stfE_predicted,0.25,3,3,AGGCTTATTTACGTGAGGGT,0,3536469
tfaE_stfE_predicted,0.25,3,3,AGGCGTCTAAAGAGGACGGG,0,3475185
tfaE_stfE_predicted,0.25,3,3,AGGCGTCATACGCAGTGTTT,0,3510031
tfaE_stfE_predicted,0.25,3,3,AGGCGGTAAGAGCTGCTTAA,0,3504918
tfaE_stfE_predicted,0.25,3,3,AGGCGGTAAACAAACGCGTG,0,3540864
tfaE_stfE_predicted,0.25,3,3,AGGCGGAGTGAGAACAAATA,0,3472472
tfaE_stfE_predicted,0.25,3,3,AGGCCTTCGTAAACCATCGG,0,3500685
tfaE_stfE_predicted,0.25,3,3,AGGCCGTCGATGTGGGGATA,0,3513500
tfaE_stfE_predicted,0.25,3,3,AGGCCGGTGACACATTTATG,0,3521773
tfaE_stfE_predicted,0.25,3,3,AGGCCCTCGCTAGCCTCGAG,0,3478674
tfaE_stfE_predicted,0.25,3,3,AGGCCCTCAGGGTGTTTCGA,0,3507420
tfaE_stfE_predicted,0.25,3,3,AGGCCATACGGCCGGAACTC,0,3494235
tfaE_stfE_predicted,0.25,3,3,AGGCACAGGACCATTACCTA,0,3516111
tfaE_stfE_predicted,0.25,3,3,AGGATCAAATATGCTAGGTA,0,3481240
tfaE_stfE_predicted,0.25,3,3,AGGATACCATGGGACATGTT,0,3523871
tfaE_stfE_predicted,0.25,3,3,AGGAGGCCCCAGGGGTTTCA,0,3537606
tfaE_stfE_predicted,0.25,3,3,AGGACCGTGCGGCCACCTTC,0,3507781
tfaE_stfE_predicted,0.25,3,3,AGGACACGGTACATGTAGCC,0,3537134
tfaE_stfE_predicted,0.25,3,3,AGGAAGGGGCACCAATGAAT,0,3471967
tfaE_stfE_predicted,0.25,3,3,AGGAAGCAGAGTGGGACCCA,0,3483375
tfaE_stfE_predicted,0.25,3,3,AGGAAGAGGGTGTGTGCCTT,0,3489963
tfaE_stfE_predicted,0.25,3,3,AGGAACCGTTACCGGATAAC,0,3491980
tfaE_stfE_predicted,0.25,3,3,AGGAAAGCGGACATGGGCTA,0,3531057
tfaE_stfE_predicted,0.25,3,3,AGCTTCATCCGTCGTATTTC,0,3518291
tfaE_stfE_predicted,0.25,3,3,AGCTCGGCTGCTTGTTCTAT,0,3477085
tfaE_stfE_predicted,0.25,3,3,AGCTCATCTCAGTCCTCGAT,0,3498833
tfaE_stfE_predicted,0.25,3,3,AGCTCAGTATCTTCAGAGGG,0,3490239
tfaE_stfE_predicted,0.25,3,3,AGCTATCTTCGAAACACGAA,0,3502948
tfaE_stfE_predicted,0.25,3,3,AGCTATACGGTAGAGGATGG,0,3477201
tfaE_stfE_predicted,0.25,3,3,AGCTAGGGCTCTCCATGCAC,0,3506584
tfaE_stfE_predicted,0.25,3,3,AGCTACCCACAGAATTAGGG,0,3468606
tfaE_stfE_predicted,0.25,3,3,AGCGTCACGAGGGTTCCGGT,0,3486301
tfaE_stfE_predicted,0.25,3,3,AGCGGTGTATCACAGGACCT,0,3507207
tfaE_stfE_predicted,0.25,3,3,AGCGGCGAACGATAAGGTCT,0,3523622
tfaE_stfE_predicted,0.25,3,3,AGCGGATATACAGCTGTGCA,0,3477648
tfaE_stfE_predicted,0.25,3,3,AGCGGAAAGAGCCTACATGA,0,3516388
tfaE_stfE_predicted,0.25,3,3,AGCGCTTGTCGTGTGTCAGT,0,3539189
tfaE_stfE_predicted,0.25,3,3,AGCGCTGAGCCGTAAACAGC,0,3520467
tfaE_stfE_predicted,0.25,3,3,AGCGCCAGTTACGACGTAAT,0,3521534
tfaE_stfE_predicted,0.25,3,3,AGCCTTTCATCAGCGGCAGT,0,3476207
tfaE_stfE_predicted,0.25,3,3,AGCCCTGTGGAGCAAAACAT,0,3512341
tfaE_stfE_predicted,0.25,3,3,AGCCCTGAATTCTGCCGGCC,0,3533824
tfaE_stfE_predicted,0.25,3,3,AGCCCCCCGGGAACTGGATT,0,3490999
tfaE_stfE_predicted,0.25,3,3,AGCCAAAGGGAATTTGCTCT,0,3528616
tfaE_stfE_predicted,0.25,3,3,AGCCAAAAGGCAATCTCTCA,0,3495781
tfaE_stfE_predicted,0.25,3,3,AGCATGCATAAAGGGGAGAT,0,3515771
tfaE_stfE_predicted,0.25,3,3,AGCATAGTCTATGACAAATA,0,3523662
tfaE_stfE_predicted,0.25,3,3,AGCAGTAAATCGCTGACTGT,0,3517622
tfaE_stfE_predicted,0.25,3,3,AGCAGCTTTGCCGCCAATGA,0,3498269
tfaE_stfE_predicted,0.25,3,3,AGCACTGGGCGGTCGTGTAA,0,3482376
tfaE_stfE_predicted,0.25,3,3,AGCACGCGTGATGTTCTCTT,0,3532611
tfaE_stfE_predicted,0.25,3,3,AGCACCGCCTCCCCGAAGTA,0,3482196
tfaE_stfE_predicted,0.25,3,3,AGCACCGATGAGCGTCGTGT,0,3520546
tfaE_stfE_predicted,0.25,3,3,AGCAAACCAGCGATCCTTTT,0,3536378
tfaE_stfE_predicted,0.25,3,3,AGATTCCGCGCGCGAATTGC,0,3527420
tfaE_stfE_predicted,0.25,3,3,AGATGGAGTGACGAGCGAAA,0,3481590
tfaE_stfE_predicted,0.25,3,3,AGATAGATACTGGCAGTACT,0,3527292
tfaE_stfE_predicted,0.25,3,3,AGATAGAATGGCATCCAGGA,0,3514550
tfaE_stfE_predicted,0.25,3,3,AGATACGAAGTAACGCGCTG,0,3489471
tfaE_stfE_predicted,0.25,3,3,AGATACATAGTTAGTGCGAG,0,3491126
tfaE_stfE_predicted,0.25,3,3,AGATACAACTTTATTTACGG,0,3534087
tfaE_stfE_predicted,0.25,3,3,AGAGTTGACCCGGCAACATA,0,3526307
tfaE_stfE_predicted,0.25,3,3,AGAGTTCAATTCTACCTTCT,0,3535917
tfaE_stfE_predicted,0.25,3,3,AGAGTGCAAAATAGCCTTTC,0,3522751
tfaE_stfE_predicted,0.25,3,3,AGAGGTTGGCTGGACCAGGA,0,3491984
tfaE_stfE_predicted,0.25,3,3,AGAGGTCGCCCTTCTCTCGG,0,3515847
tfaE_stfE_predicted,0.25,3,3,AGAGGATCGACTACAACGAC,0,3478875
tfaE_stfE_predicted,0.25,3,3,AGAGCTCTGACGTCATCTTC,0,3528555
tfaE_stfE_predicted,0.25,3,3,AGAGATCCCCGTTTGGTCGA,0,3473488
tfaE_stfE_predicted,0.25,3,3,AGAGAGCACAGCGCTCTCGG,0,3508102
tfaE_stfE_predicted,0.25,3,3,AGACTGGTAGCCAGACCTGG,0,3539265
tfaE_stfE_predicted,0.25,3,3,AGACCTTTACGGTAGGATCA,0,3498580
tfaE_stfE_predicted,0.25,3,3,AGACAATTCTCCAAGGAGCA,0,3492602
tfaE_stfE_predicted,0.25,3,3,AGACAAACTGCGGAAAAGAT,0,3510933
tfaE_stfE_predicted,0.25,3,3,AGAATCGGTCACAAGATGAC,0,3499596
tfaE_stfE_predicted,0.25,3,3,AGAATAATAGACGTCCCGGG,0,3512738
tfaE_stfE_predicted,0.25,3,3,AGAACTGGCTAGTGACAACG,0,3493156
tfaE_stfE_predicted,0.25,3,3,AGAACTCTTGTTTGGGGTTA,0,3486047
tfaE_stfE_predicted,0.25,3,3,AGAACGGTCCGCAGTACTTG,0,3491732
tfaE_stfE_predicted,0.25,3,3,AGAACCATGAAGTCTGGTCA,0,3536357
tfaE_stfE_predicted,0.25,3,3,AGAAATGGTTATGAAAGCAT,0,3508845
tfaE_stfE_predicted,0.25,3,3,AGAAAACCGATTGTGTTGGT,0,3468350
tfaE_stfE_predicted,0.25,3,3,ACTTTCGTTGGCGCAAGTAT,0,3540938
tfaE_stfE_predicted,0.25,3,3,ACTTTCGCTTTACTGCAGGA,0,3530325
tfaE_stfE_predicted,0.25,3,3,ACTTGGGCCTAGTGCTGCCT,0,3478668
tfaE_stfE_predicted,0.25,3,3,ACTTCGTGAAATATGCTTTG,0,3534091
tfaE_stfE_predicted,0.25,3,3,ACTTCGGCTAATTTCCCCCT,0,3520856
tfaE_stfE_predicted,0.25,3,3,ACTTCGCCTCGGCCATCAAT,0,3541201
tfaE_stfE_predicted,0.25,3,3,ACTTCCAACATTCAGACATA,0,3529783
tfaE_stfE_predicted,0.25,3,3,ACTTCATAACGGAATCCAAC,0,3492844
tfaE_stfE_predicted,0.25,3,3,ACTTCACATACACTACGATT,0,3521725
tfaE_stfE_predicted,0.25,3,3,ACTTAAATACGACTCACCGT,0,3516663
tfaE_stfE_predicted,0.25,3,3,ACTGTGGAATATTGGGGCTT,0,3520334
tfaE_stfE_predicted,0.25,3,3,ACTGTGAACATGTTGTAAAA,0,3493596
tfaE_stfE_predicted,0.25,3,3,ACTGTATGAAGGCACCGTAG,0,3471167
tfaE_stfE_predicted,0.25,3,3,ACTGTACGGCACCACGATGG,0,3467737
tfaE_stfE_predicted,0.25,3,3,ACTGCGGTCATGAGCACTCA,0,3526214
tfaE_stfE_predicted,0.25,3,3,ACTGCCGGAGGGGGCGTTGT,0,3496590
tfaE_stfE_predicted,0.25,3,3,ACTCTTATTAATATCTGTAT,0,3512616
tfaE_stfE_predicted,0.25,3,3,ACTCTTAGTATGAGAATGTG,0,3475698
tfaE_stfE_predicted,0.25,3,3,ACTCTCGCTGCAAAGAATCC,0,3473672
tfaE_stfE_predicted,0.25,3,3,ACTCGATCGCGGCCAAACTA,0,3518975
tfaE_stfE_predicted,0.25,3,3,ACTCGATATCAACAGGAGTC,0,3530867
tfaE_stfE_predicted,0.25,3,3,ACTCCTACCTCAGTCAATTT,0,3532543
tfaE_stfE_predicted,0.25,3,3,ACTCCGGTACTACCATGGTA,0,3525244
tfaE_stfE_predicted,0.25,3,3,ACTCCCACTTCATAACCTTA,0,3491772
tfaE_stfE_predicted,0.25,3,3,ACTCAAGAGGCGCGGGTTTC,0,3478199
tfaE_stfE_predicted,0.25,3,3,ACTCAACCCCGGCGATCCCC,0,3486470
tfaE_stfE_predicted,0.25,3,3,ACTATTAACTGCACCCCGTG,0,3479656
tfaE_stfE_predicted,0.25,3,3,ACTATATGGCCCATCGTGTT,0,3533483
tfaE_stfE_predicted,0.25,3,3,ACTAGGGGTTATGTGAGGGC,0,3503878
tfaE_stfE_predicted,0.25,3,3,ACTAATGTAAGCTCGTCTTA,0,3527424
tfaE_stfE_predicted,0.25,3,3,ACTAACAGGCGTTCAGTCGC,0,3525398
tfaE_stfE_predicted,0.25,3,3,ACTAAATGACGCCTGGTCAC,0,3495452
tfaE_stfE_predicted,0.25,3,3,ACGTTTGCTAACCTCCTTAG,0,3506950
tfaE_stfE_predicted,0.25,3,3,ACGTTCTGGAGAATCGGGAC,0,3510374
tfaE_stfE_predicted,0.25,3,3,ACGTTCGAGGTGGATCCACG,0,3506340
tfaE_stfE_predicted,0.25,3,3,ACGTTCCGAATCCGAATGCT,0,3505514
tfaE_stfE_predicted,0.25,3,3,ACGTGTAGGTCATTGTTCCG,0,3511554
tfaE_stfE_predicted,0.25,3,3,ACGTGATGGAGACTGCGTTC,0,3512359
tfaE_stfE_predicted,0.25,3,3,ACGTGACGCGCGAAATAGGT,0,3485689
tfaE_stfE_predicted,0.25,3,3,ACGTGAAGCACTCTATTTCA,0,3514198
tfaE_stfE_predicted,0.25,3,3,ACGTGAAATCAAATGTACAT,0,3476242
tfaE_stfE_predicted,0.25,3,3,ACGTCATAAAAAAACGGCGG,0,3477362
tfaE_stfE_predicted,0.25,3,3,ACGTCACTCTTTTTGGAGTG,0,3472217
tfaE_stfE_predicted,0.25,3,3,ACGTCACCCTTAACTGACAG,0,3495066
tfaE_stfE_predicted,0.25,3,3,ACGGTGCCACGTGCGGAGGT,0,3468467
tfaE_stfE_predicted,0.25,3,3,ACGGTCGTGGCAACTACGCA,0,3517981
tfaE_stfE_predicted,0.25,3,3,ACGGGGAGGCCGTTTGCGCT,0,3533619
tfaE_stfE_predicted,0.25,3,3,ACGGGAAAATATTATAGATT,0,3488603
tfaE_stfE_predicted,0.25,3,3,ACGGCTGAGGAAACCAAGGA,0,3512161
tfaE_stfE_predicted,0.25,3,3,ACGGCCCGGCTGTGAACCTC,0,3486639
tfaE_stfE_predicted,0.25,3,3,ACGGCCAACCGAAGTGATCG,0,3509062
tfaE_stfE_predicted,0.25,3,3,ACGGCAAGACGTCGTTACTG,0,3529898
tfaE_stfE_predicted,0.25,3,3,ACGCTTGTTGCATCTGAGAT,0,3508715
tfaE_stfE_predicted,0.25,3,3,ACGCTCAACCGCCCACGCTA,0,3507594
tfaE_stfE_predicted,0.25,3,3,ACGCGACCATTCTCCTTGCG,0,3533096
tfaE_stfE_predicted,0.25,3,3,ACGCCGATTGTCACGTGCCT,0,3512929
tfaE_stfE_predicted,0.25,3,3,ACGCATCATACTTATGTCGT,0,3538945
tfaE_stfE_predicted,0.25,3,3,ACGCAACAAAGAGCAACGTC,0,3528690
tfaE_stfE_predicted,0.25,3,3,ACGATGTGGATCTTTCGTAC,0,3518545
tfaE_stfE_predicted,0.25,3,3,ACGATGCCGGTCCCTGTCAG,0,3466552
tfaE_stfE_predicted,0.25,3,3,ACGATCTATAGATGCGTTAA,0,3485536
tfaE_stfE_predicted,0.25,3,3,ACGATCGTTAATAATTTCCG,0,3528606
tfaE_stfE_predicted,0.25,3,3,ACGATCAGTGGACAGCAAAA,0,3467788
tfaE_stfE_predicted,0.25,3,3,ACGATATCTTTGTACCTCTG,0,3488320
tfaE_stfE_predicted,0.25,3,3,ACGAGTGCACGTTTGTGAAA,0,3523796
tfaE_stfE_predicted,0.25,3,3,ACGAGTGACTGCATCCTTAG,0,3481903
tfaE_stfE_predicted,0.25,3,3,ACGAGTCCACGGCTTATCAA,0,3477089
tfaE_stfE_predicted,0.25,3,3,ACGACTCTCTCGAGGTCCAC,0,3511698
tfaE_stfE_predicted,0.25,3,3,ACGACAGAACCTTGACTCCC,0,3527466
tfaE_stfE_predicted,0.25,3,3,ACGACAATCTCCCTGCGCTT,0,3494580
tfaE_stfE_predicted,0.25,3,3,ACGAAGCTCTGGTGCAGAGG,0,3498296
tfaE_stfE_predicted,0.25,3,3,ACGAAGACATATAAGATACA,0,3499723
tfaE_stfE_predicted,0.25,3,3,ACGAACGCACGTATTAGGCA,0,3476415
tfaE_stfE_predicted,0.25,3,3,ACGAACCCACGTCCAAAGCT,0,3538442
tfaE_stfE_predicted,0.25,3,3,ACCTTCACAGTCCCCTGCAG,0,3509514
tfaE_stfE_predicted,0.25,3,3,ACCTGTAATGGGACTGCGGT,0,3538620
tfaE_stfE_predicted,0.25,3,3,ACCTGGGTTGTAATGGTAGT,0,3499879
tfaE_stfE_predicted,0.25,3,3,ACCTGGACAGGTGCTTGGCT,0,3486777
tfaE_stfE_predicted,0.25,3,3,ACCTGCCACAAATGACGTCA,0,3520290
tfaE_stfE_predicted,0.25,3,3,ACCTGAGGTCCGCCTAATGC,0,3472993
tfaE_stfE_predicted,0.25,3,3,ACCTGAGATCGATGAGGGGA,0,3470528
tfaE_stfE_predicted,0.25,3,3,ACCTCATGTCAAGTCTTCGC,0,3479856
tfaE_stfE_predicted,0.25,3,3,ACCTATGAGCCCCATGAGTA,0,3533312
tfaE_stfE_predicted,0.25,3,3,ACCTACGCTGATCTAAGTTA,0,3467922
tfaE_stfE_predicted,0.25,3,3,ACCTAAGCGCGCTTCGACTA,0,3470190
tfaE_stfE_predicted,0.25,3,3,ACCGTTGAGCTAATGGTACG,0,3488864
tfaE_stfE_predicted,0.25,3,3,ACCGTGGAGACATCCCAATT,0,3537859
tfaE_stfE_predicted,0.25,3,3,ACCGTGCTCGCTCTTGTGTT,0,3532555
tfaE_stfE_predicted,0.25,3,3,ACCGGGAAAGGACATTGCAC,0,3518265
tfaE_stfE_predicted,0.25,3,3,ACCGGCATATGATAGAAGGT,0,3492023
tfaE_stfE_predicted,0.25,3,3,ACCGGAGTCATATTTAATTC,0,3531868
tfaE_stfE_predicted,0.25,3,3,ACCGCCAGACCAGACCTAAT,0,3493200
tfaE_stfE_predicted,0.25,3,3,ACCGCATTTCCGTTTCAGTA,0,3502741
tfaE_stfE_predicted,0.25,3,3,ACCGCATACTCAATACCTGA,0,3509639
tfaE_stfE_predicted,0.25,3,3,ACCGAGGGCGCTATCTCCGT,0,3474313
tfaE_stfE_predicted,0.25,3,3,ACCCTTGCCTGGGTTAGTTC,0,3469722
tfaE_stfE_predicted,0.25,3,3,ACCCTTCAGTATCGGAAACA,0,3501183
tfaE_stfE_predicted,0.25,3,3,ACCCTAACTCGTCTTATCCA,0,3532967
tfaE_stfE_predicted,0.25,3,3,ACCCCGGTTCTTAAATACTT,0,3539267
tfaE_stfE_predicted,0.25,3,3,ACCCCGGATCAGGCGAAAAA,0,3507760
tfaE_stfE_predicted,0.25,3,3,ACCCCGAGCTTCGGGTGCCG,0,3529716
tfaE_stfE_predicted,0.25,3,3,ACCCCGAAGTGTCGCAGGCC,0,3508195
tfaE_stfE_predicted,0.25,3,3,ACCCCCTCTGGTTTGACTCT,0,3482354
tfaE_stfE_predicted,0.25,3,3,ACCCCACTAGCCCCTGATTC,0,3479858
tfaE_stfE_predicted,0.25,3,3,ACCCAGTCACTTTGTAGGGT,0,3496271
tfaE_stfE_predicted,0.25,3,3,ACCCAGCAGTGTAATTCCAA,0,3530365
tfaE_stfE_predicted,0.25,3,3,ACCCACCACAGGCTCATGGG,0,3527581
tfaE_stfE_predicted,0.25,3,3,ACCATGTAAGGTAAGCCTCT,0,3507240
tfaE_stfE_predicted,0.25,3,3,ACCATCGGGACCTAGATCAA,0,3473207
tfaE_stfE_predicted,0.25,3,3,ACCACTTTGCGTACTGTGTC,0,3491354
tfaE_stfE_predicted,0.25,3,3,ACATTCCCTTCCATCGGTCT,0,3496373
tfaE_stfE_predicted,0.25,3,3,ACATGGTGACTAATGCGTCC,0,3519271
tfaE_stfE_predicted,0.25,3,3,ACATGCTTTGTACTCGTTTA,0,3536250
tfaE_stfE_predicted,0.25,3,3,ACATGCTCCTGCATGCATTC,0,3480872
tfaE_stfE_predicted,0.25,3,3,ACATCGTTTCCTTGCGCTGC,0,3502559
tfaE_stfE_predicted,0.25,3,3,ACATCGAGCTCTGGTGGCAC,0,3534144
tfaE_stfE_predicted,0.25,3,3,ACATCAGATCGACACTGAAA,0,3513239
tfaE_stfE_predicted,0.25,3,3,ACATATTGAATTACAATCTG,0,3539112
tfaE_stfE_predicted,0.25,3,3,ACAGTTTTGCACAGCTTATT,0,3471400
tfaE_stfE_predicted,0.25,3,3,ACAGTGAAGACTTAGGCGAC,0,3513598
tfaE_stfE_predicted,0.25,3,3,ACAGTAACTATTGCTGTACA,0,3502309
tfaE_stfE_predicted,0.25,3,3,ACAGGTGCTAATCTGGCCTT,0,3477574
tfaE_stfE_predicted,0.25,3,3,ACAGGTCTGCGTACTCCAAA,0,3483102
tfaE_stfE_predicted,0.25,3,3,ACAGGGGTTAAGTGCCGGCG,0,3529964
tfaE_stfE_predicted,0.25,3,3,ACAGGCGCTTACGCTGCCTA,0,3501623
tfaE_stfE_predicted,0.25,3,3,ACAGCTCCGCGTAAGCGACC,0,3527674
tfaE_stfE_predicted,0.25,3,3,ACAGCGGCGCGCATCGATCA,0,3517683
tfaE_stfE_predicted,0.25,3,3,ACAGATATGTGACTATCATG,0,3509530
tfaE_stfE_predicted,0.25,3,3,ACAGAAGTACATTGAGGCAA,0,3534305
tfaE_stfE_predicted,0.25,3,3,ACACTCGCGTTGCCTCGTTT,0,3488138
tfaE_stfE_predicted,0.25,3,3,ACACTACAGGATCGCTTTGC,0,3509596
tfaE_stfE_predicted,0.25,3,3,ACACGTTTCTGCATCTAACT,0,3522739
tfaE_stfE_predicted,0.25,3,3,ACACCTCACAGGTATCCTGG,0,3518457
tfaE_stfE_predicted,0.25,3,3,ACACCGGCATGTTTATTCAG,0,3516819
tfaE_stfE_predicted,0.25,3,3,ACACAATCGACAGGGTTGCA,0,3533793
tfaE_stfE_predicted,0.25,3,3,ACACAAGTGCAAGTCCTATG,0,3506265
tfaE_stfE_predicted,0.25,3,3,ACAATTTCCCGTATGGTGAT,0,3472439
tfaE_stfE_predicted,0.25,3,3,ACAATTAAGTGATGAGCCTG,0,3469233
tfaE_stfE_predicted,0.25,3,3,ACAATGGGTGATTTTCTGGT,0,3500688
tfaE_stfE_predicted,0.25,3,3,ACAAGTGATGTGGGACTGAT,0,3509809
tfaE_stfE_predicted,0.25,3,3,ACAAGCTTACATTTATTAAG,0,3472286
tfaE_stfE_predicted,0.25,3,3,ACAAGCGCTCCGGACGTCGA,0,3519247
tfaE_stfE_predicted,0.25,3,3,ACAACTGTCATCTCGAGGCT,0,3469611
tfaE_stfE_predicted,0.25,3,3,ACAACTGCCAGATACTCCTA,0,3536782
tfaE_stfE_predicted,0.25,3,3,ACAACGCATGCGGAACCCCT,0,3478775
tfaE_stfE_predicted,0.25,3,3,ACAACGACTATAGCTCCAAT,0,3471629
tfaE_stfE_predicted,0.25,3,3,ACAACGAATCGAGGTGAAGG,0,3534947
tfaE_stfE_predicted,0.25,3,3,ACAAATCAGAGCTTCCGGTA,0,3528236
tfaE_stfE_predicted,0.25,3,3,ACAAAGTCCATACGGAAACT,0,3522141
tfaE_stfE_predicted,0.25,3,3,ACAAAAATTTGCTTCAAACG,0,3468256
tfaE_stfE_predicted,0.25,3,3,AATTTTAGAATTACACGAAG,0,3509959
tfaE_stfE_predicted,0.25,3,3,AATTTAAAACGGTCGGGATC,0,3508888
tfaE_stfE_predicted,0.25,3,3,AATTGTTTCCCAAAACTGGG,0,3535869
tfaE_stfE_predicted,0.25,3,3,AATTGTGCCGTTCTATCTCG,0,3488599
tfaE_stfE_predicted,0.25,3,3,AATTGGACGGGGATATCCCT,0,3482164
tfaE_stfE_predicted,0.25,3,3,AATTGCACAGGGTAGCGCAT,0,3476413
tfaE_stfE_predicted,0.25,3,3,AATTGCAAGCACCGTCCATC,0,3472783
tfaE_stfE_predicted,0.25,3,3,AATTCTTTTATAGTAGTTTG,0,3486604
tfaE_stfE_predicted,0.25,3,3,AATTCGAATCCTAGCTCAAT,0,3540951
tfaE_stfE_predicted,0.25,3,3,AATTATCGATTTGACTACGA,0,3486411
tfaE_stfE_predicted,0.25,3,3,AATTACGCAGGAGGCTATTA,0,3484186
tfaE_stfE_predicted,0.25,3,3,AATGTAGGTGGTGATTCTAC,0,3474884
tfaE_stfE_predicted,0.25,3,3,AATGGTACACAGTACCTCAC,0,3515074
tfaE_stfE_predicted,0.25,3,3,AATGGCTGGAGTCATTCAGG,0,3500663
tfaE_stfE_predicted,0.25,3,3,AATGGAGCTAGTCCTACACT,0,3532435
tfaE_stfE_predicted,0.25,3,3,AATGCGCAGTACCTCCGAGG,0,3483864
tfaE_stfE_predicted,0.25,3,3,AATGCCATCAATTTGTGTGC,0,3486048
tfaE_stfE_predicted,0.25,3,3,AATGAGACGAATAGAACGTC,0,3514058
tfaE_stfE_predicted,0.25,3,3,AATCTTGTTGTTTAAGTGTG,0,3534441
tfaE_stfE_predicted,0.25,3,3,AATCTCGTTATTTTATCATC,0,3467693
tfaE_stfE_predicted,0.25,3,3,AATCTACGCTATGTCAGATA,0,3472232
tfaE_stfE_predicted,0.25,3,3,AATCGGCCCCCGGCTTCTCA,0,3500964
tfaE_stfE_predicted,0.25,3,3,AATCGATCGACTGGAGATTT,0,3513870
tfaE_stfE_predicted,0.25,3,3,AATCAGGCGTCGATATCTGA,0,3540128
tfaE_stfE_predicted,0.25,3,3,AATCAATAAGCGGGCACCAT,0,3537233
tfaE_stfE_predicted,0.25,3,3,AATATTACTACCTTACTACT,0,3496345
tfaE_stfE_predicted,0.25,3,3,AATATGCCTCGGACTATGCC,0,3523680
tfaE_stfE_predicted,0.25,3,3,AATAGCGCCAAGGCCTGGTA,0,3507101
tfaE_stfE_predicted,0.25,3,3,AATAGAGAGGTTGTTTCATA,0,3536414
tfaE_stfE_predicted,0.25,3,3,AATACTATGTGATCCGCGGT,0,3470407
tfaE_stfE_predicted,0.25,3,3,AATACGGGCGACGCTGTGGC,0,3503155
tfaE_stfE_predicted,0.25,3,3,AATAATCATAACGTCGTAAT,0,3503549
tfaE_stfE_predicted,0.25,3,3,AATAAGTAACTCGTACGAGA,0,3473666
tfaE_stfE_predicted,0.25,3,3,AAGTTCGCCAGCCTAAGAGA,0,3519575
tfaE_stfE_predicted,0.25,3,3,AAGTGTACCGAGATTCAGTG,0,3497704
tfaE_stfE_predicted,0.25,3,3,AAGTGCAGCTGACTGACAAC,0,3499067
tfaE_stfE_predicted,0.25,3,3,AAGTGCACGTCACACGATCT,0,3473169
tfaE_stfE_predicted,0.25,3,3,AAGTGATGGTCGGAGAGTCA,0,3515275
tfaE_stfE_predicted,0.25,3,3,AAGTCCTGGTGGTGGCTGGT,0,3474663
tfaE_stfE_predicted,0.25,3,3,AAGTCAAGTTAACCTAGAAT,0,3484442
tfaE_stfE_predicted,0.25,3,3,AAGTAGAAACGAAGTTGCTG,0,3528034
tfaE_stfE_predicted,0.25,3,3,AAGTAAAATGCTCGCGAGAT,0,3492579
tfaE_stfE_predicted,0.25,3,3,AAGGTTCCAAAAGGACGTCG,0,3502325
tfaE_stfE_predicted,0.25,3,3,AAGGTTATACCTCGTAGGAG,0,3475209
tfaE_stfE_predicted,0.25,3,3,AAGGTCTGCCCTCCGGATGC,0,3491103
tfaE_stfE_predicted,0.25,3,3,AAGGTATCAAATACGGAAGA,0,3517390
tfaE_stfE_predicted,0.25,3,3,AAGGGTTAGCAACAGCAGAA,0,3480523
tfaE_stfE_predicted,0.25,3,3,AAGGGCTACCGATTACGTGG,0,3532842
tfaE_stfE_predicted,0.25,3,3,AAGGGCCGTACGTGCTTTGG,0,3538303
tfaE_stfE_predicted,0.25,3,3,AAGGGCAGGGGTCACGGACG,0,3532010
tfaE_stfE_predicted,0.25,3,3,AAGGCTAGATTGGGAAAGCG,0,3491127
tfaE_stfE_predicted,0.25,3,3,AAGGCCGAGGCAGGAAAAAT,0,3506884
tfaE_stfE_predicted,0.25,3,3,AAGGATTACTGTGTCAAAGA,0,3533422
tfaE_stfE_predicted,0.25,3,3,AAGGAAAGCGTAATTTTCCT,0,3476456
tfaE_stfE_predicted,0.25,3,3,AAGCTGCAAATGGCGAGATG,0,3515842
tfaE_stfE_predicted,0.25,3,3,AAGCTGACTTCGTTACACTG,0,3523600
tfaE_stfE_predicted,0.25,3,3,AAGCTAGAGAAGTTACAGGA,0,3536636
tfaE_stfE_predicted,0.25,3,3,AAGCTACGGCCACAAGCTTA,0,3485265
tfaE_stfE_predicted,0.25,3,3,AAGCGTTATCGCGAGCGGTA,0,3509105
tfaE_stfE_predicted,0.25,3,3,AAGCGTGGACGGAGTTCCCT,0,3532122
tfaE_stfE_predicted,0.25,3,3,AAGCGGATCTGGAACGGCAG,0,3534439
tfaE_stfE_predicted,0.25,3,3,AAGCGGAGCTTCCGTTTAAA,0,3504646
tfaE_stfE_predicted,0.25,3,3,AAGCGCAGGCAGTTGTCAAC,0,3490007
tfaE_stfE_predicted,0.25,3,3,AAGCGAGCATTGTCTTTGCC,0,3528249
tfaE_stfE_predicted,0.25,3,3,AAGCGAGACGTAACTGCCTC,0,3476410
tfaE_stfE_predicted,0.25,3,3,AAGCATTGGTGTTATTATCA,0,3467000
tfaE_stfE_predicted,0.25,3,3,AAGCAGTTTGATCCCCATAA,0,3501032
tfaE_stfE_predicted,0.25,3,3,AAGCACGTCCGAGTGTAATT,0,3508854
tfaE_stfE_predicted,0.25,3,3,AAGCAAGCAGCAAGGGGAGT,0,3533823
tfaE_stfE_predicted,0.25,3,3,AAGAGGCTTAAACTTATATA,0,3496555
tfaE_stfE_predicted,0.25,3,3,AAGAGAGGCGCGCTTGGCTT,0,3536523
tfaE_stfE_predicted,0.25,3,3,AAGACGTGAGGATGTATGCG,0,3530236
tfaE_stfE_predicted,0.25,3,3,AAGACCCAAGGGGCGTCAAA,0,3533519
tfaE_stfE_predicted,0.25,3,3,AAGACATACCTCCAGTCCTT,0,3472080
tfaE_stfE_predicted,0.25,3,3,AACTTGTCGCGTAGGAATAA,0,3531341
tfaE_stfE_predicted,0.25,3,3,AACTTCTATAGAAAACGTCC,0,3507058
tfaE_stfE_predicted,0.25,3,3,AACTTATCTTCAGGCGTGTT,0,3486189
tfaE_stfE_predicted,0.25,3,3,AACTTAAGCGGCCGCACCCT,0,3488117
tfaE_stfE_predicted,0.25,3,3,AACTTAAAATTGGTGCGTTC,0,3534141
tfaE_stfE_predicted,0.25,3,3,AACTGTAAGCAACTTTCAAT,0,3507210
tfaE_stfE_predicted,0.25,3,3,AACTCTTAACGCAGGTTCAC,0,3481524
tfaE_stfE_predicted,0.25,3,3,AACTCAATGGGTGCCTGAAG,0,3528982
tfaE_stfE_predicted,0.25,3,3,AACTATGGCTTATAGTACTC,0,3476406
tfaE_stfE_predicted,0.25,3,3,AACGTCTACTTACAAAAAAG,0,3521474
tfaE_stfE_predicted,0.25,3,3,AACGTAGGTACGTGATGTTA,0,3488067
tfaE_stfE_predicted,0.25,3,3,AACGGGCAACGTGTGGGGTG,0,3493660
tfaE_stfE_predicted,0.25,3,3,AACGCCGTCTTAACGAGGTA,0,3535002
tfaE_stfE_predicted,0.25,3,3,AACGCAGTTGCACTAACATC,0,3504878
tfaE_stfE_predicted,0.25,3,3,AACGCAGATTCAGTACATGT,0,3479409
tfaE_stfE_predicted,0.25,3,3,AACGATTTGACGCGGCTAAG,0,3512154
tfaE_stfE_predicted,0.25,3,3,AACGACTCGAGGAACTTCCA,0,3467993
tfaE_stfE_predicted,0.25,3,3,AACGAAGTAGTATAATTCAT,0,3489104
tfaE_stfE_predicted,0.25,3,3,AACGAAACAAAATATCGTTA,0,3469023
tfaE_stfE_predicted,0.25,3,3,AACCTTTAACCTAATACTTT,0,3479102
tfaE_stfE_predicted,0.25,3,3,AACCTCAATGACTAGACCGA,0,3535378
tfaE_stfE_predicted,0.25,3,3,AACCGGCTGGCAACCACAGC,0,3535260
tfaE_stfE_predicted,0.25,3,3,AACCGGAGAAGTGGAATAGC,0,3475477
tfaE_stfE_predicted,0.25,3,3,AACCGCCAGGATAACCGACC,0,3518466
tfaE_stfE_predicted,0.25,3,3,AACCCCGTGACATTTCGCTC,0,3515267
tfaE_stfE_predicted,0.25,3,3,AACCCCGATTACACGGCGAC,0,3538081
tfaE_stfE_predicted,0.25,3,3,AACCCATACCGCAAGCATCT,0,3512517
tfaE_stfE_predicted,0.25,3,3,AACCCACGGAACTTTATCTG,0,3510320
tfaE_stfE_predicted,0.25,3,3,AACCATCGGTCAGCATTGTA,0,3471782
tfaE_stfE_predicted,0.25,3,3,AACCAGCCGACTAGCGAATT,0,3521247
tfaE_stfE_predicted,0.25,3,3,AACCACAATCGGTGTTCTAC,0,3513760
tfaE_stfE_predicted,0.25,3,3,AACATGGCAGCGTACCCAGA,0,3516320
tfaE_stfE_predicted,0.25,3,3,AACATCAACAGCAGGGACCC,0,3531815
tfaE_stfE_predicted,0.25,3,3,AACATACTCAAGGTACTGCT,0,3488899
tfaE_stfE_predicted,0.25,3,3,AACAGCCCAAGAGCGTAATT,0,3469771
tfaE_stfE_predicted,0.25,3,3,AACACGTCAACTGAAGAAGG,0,3504361
tfaE_stfE_predicted,0.25,3,3,AACACAGTGCAAGCCTTTGG,0,3470892
tfaE_stfE_predicted,0.25,3,3,AACAATCCGGAGCTTCTTTG,0,3521780
tfaE_stfE_predicted,0.25,3,3,AACAAGTCTGTGTCTTCGAT,0,3481987
tfaE_stfE_predicted,0.25,3,3,AAATGGGGGTTGAGTTTTAT,0,3479068
tfaE_stfE_predicted,0.25,3,3,AAATGGGGGATACGACCTTC,0,3512113
tfaE_stfE_predicted,0.25,3,3,AAATCACCAGTCGCGGGTTA,0,3530521
tfaE_stfE_predicted,0.25,3,3,AAATACTATTTGCCCTCACA,0,3513337
tfaE_stfE_predicted,0.25,3,3,AAAGTCCGCGAGCGGCATGG,0,3539685
tfaE_stfE_predicted,0.25,3,3,AAAGTCAGTACCCACTCTGG,0,3509384
tfaE_stfE_predicted,0.25,3,3,AAAGTCAGGCAACAGGCAAC,0,3488435
tfaE_stfE_predicted,0.25,3,3,AAAGGATTCGGGTTCATGAC,0,3491789
tfaE_stfE_predicted,0.25,3,3,AAAGCGCCCGCGCCTACACC,0,3532843
tfaE_stfE_predicted,0.25,3,3,AAAGCAGGAGCCTAATCCAC,0,3496460
tfaE_stfE_predicted,0.25,3,3,AAAGCAAAGTTGACGGTCGT,0,3517366
tfaE_stfE_predicted,0.25,3,3,AAAGATGCCTCTGGCCATAG,0,3482696
tfaE_stfE_predicted,0.25,3,3,AAAGAGACGGAATAGCACCT,0,3472000
tfaE_stfE_predicted,0.25,3,3,AAAGACGCGACTGCTGGATG,0,3536012
tfaE_stfE_predicted,0.25,3,3,AAAGAAATCGAGATAGTCTC,0,3478286
tfaE_stfE_predicted,0.25,3,3,AAACTCCTTTGAACTGTGTC,0,3534490
tfaE_stfE_predicted,0.25,3,3,AAACGGTGCTGAGCATTTAT,0,3501583
tfaE_stfE_predicted,0.25,3,3,AAACGGGGTGACACATATTT,0,3499839
tfaE_stfE_predicted,0.25,3,3,AAACGCACTAATCTGTCAGG,0,3525284
tfaE_stfE_predicted,0.25,3,3,AAACCAGTAGCGCGGTTACT,0,3499324
tfaE_stfE_predicted,0.25,3,3,AAACATTCGAAGGTGTGGAC,0,3540368
tfaE_stfE_predicted,0.25,3,3,AAACAGTTTATAGGCGGTAT,0,3539598
tfaE_stfE_predicted,0.25,3,3,AAAATGAGGGCTTCTGACGG,0,3516768
tfaE_stfE_predicted,0.25,3,3,AAAAGGATCTCCATTGCGTC,0,3502963
tfaE_stfE_predicted,0.25,3,3,AAAAGCCTTCTGCGAACCGG,0,3474620
tfaE_stfE_predicted,0.25,3,3,AAAACTCTACATCCCCGGAG,0,3515277
tfaE_stfE_predicted,0.25,3,3,AAAACCAATGCCCGAGGACC,0,3469583
tfaE_stfE_predicted,0.25,3,3,AAAACATTGAAAAGGCGGGA,0,3509589
tfaE_stfE_predicted,0.25,3,3,AAAAAACTGCTGCCAGGAAT,0,3501677
tfaE_stfE_predicted,0.3333333333333333,2,2,TTTTTTTTCTCAGAGAACCC,0,3501323
tfaE_stfE_predicted,0.3333333333333333,2,2,TTTTTTTGTCCTTCGTACAC,0,3532433
tfaE_stfE_predicted,0.3333333333333333,2,2,TTTTTGTGAATATTCTTCTT,0,3540414
tfaE_stfE_predicted,0.3333333333333333,2,2,TTTTTCATAACGTGGCGCTT,0,3481676
tfaE_stfE_predicted,0.3333333333333333,2,2,TTTTGTGGTTCTGTCATTGT,0,3472557
tfaE_stfE_predicted,0.3333333333333333,2,2,TTTTGCCCCTGCCTCGTCTG,0,3472103
tfaE_stfE_predicted,0.3333333333333333,2,2,TTTTATAAGGATGAGTATTC,0,3534928
tfaE_stfE_predicted,0.3333333333333333,2,2,TTTGTTCAGGGAGTGTTACA,0,3533289
tfaE_stfE_predicted,0.3333333333333333,2,2,TTTGTGGGCTCGATACATAT,0,3523236
tfaE_stfE_predicted,0.3333333333333333,2,2,TTTGTAGCCGATGGAACTGA,0,3510546
tfaE_stfE_predicted,0.3333333333333333,2,2,TTTGGCCTCCTCCCGCGTAG,0,3532577
tfaE_stfE_predicted,0.3333333333333333,2,2,TTTGGAATAGCATTAAAACG,0,3530198
tfaE_stfE_predicted,0.3333333333333333,2,2,TTTGCTTATTTCTCGTATTT,0,3494600
tfaE_stfE_predicted,0.3333333333333333,2,2,TTTGCTAACAGACTGGGACT,0,3510034
tfaE_stfE_predicted,0.3333333333333333,2,2,TTTGCGTTGCCGAAAGATGG,0,3530674
tfaE_stfE_predicted,0.3333333333333333,2,2,TTTGCGCAGATGGGCTTATC,0,3538474
tfaE_stfE_predicted,0.3333333333333333,2,2,TTTGCAAGATCACCCTCCGT,0,3517822
tfaE_stfE_predicted,0.3333333333333333,2,2,TTTGACCCAATATACCTATG,0,3521828
tfaE_stfE_predicted,0.3333333333333333,2,2,TTTGAAGTCTCAGTGTCACC,0,3518228
tfaE_stfE_predicted,0.3333333333333333,2,2,TTTGAACGGGTGCGTAACCG,0,3539546
tfaE_stfE_predicted,0.3333333333333333,2,2,TTTCTTGGACACACTAACCT,0,3504082
tfaE_stfE_predicted,0.3333333333333333,2,2,TTTCTTACTGCCCGCATTCC,0,3476037
tfaE_stfE_predicted,0.3333333333333333,2,2,TTTCTGTAAGCGTGACGTAG,0,3512946
tfaE_stfE_predicted,0.3333333333333333,2,2,TTTCTCACTTAGTTCTTGTC,0,3503851
tfaE_stfE_predicted,0.3333333333333333,2,2,TTTCGGAACTGCCCGCATAG,0,3528198
tfaE_stfE_predicted,0.3333333333333333,2,2,TTTCCTGGGGCCAAACGTGT,0,3488720
tfaE_stfE_predicted,0.3333333333333333,2,2,TTTCCTCCGTCTTTATTTTG,0,3513619
tfaE_stfE_predicted,0.3333333333333333,2,2,TTTCCGCTTGTTGATTTCAG,0,3531222
tfaE_stfE_predicted,0.3333333333333333,2,2,TTTCCGAGGGACTGTTTGTA,0,3523625
tfaE_stfE_predicted,0.3333333333333333,2,2,TTTCCCAGGCCACTCACATC,0,3488699
tfaE_stfE_predicted,0.3333333333333333,2,2,TTTCCAACTTACCGTTTATG,0,3486004
tfaE_stfE_predicted,0.3333333333333333,2,2,TTTCATGTCACAAGAAGTCT,0,3528658
tfaE_stfE_predicted,0.3333333333333333,2,2,TTTCACGTTGCGTTCAGGTT,0,3490304
tfaE_stfE_predicted,0.3333333333333333,2,2,TTTATTTGGATCTGAGTCGT,0,3503442
tfaE_stfE_predicted,0.3333333333333333,2,2,TTTATCCCTCGTACGTTTAG,0,3474524
tfaE_stfE_predicted,0.3333333333333333,2,2,TTTATATTAGTATTATCGAA,0,3537031
tfaE_stfE_predicted,0.3333333333333333,2,2,TTTATAGTTAGCTCACTAAT,0,3523114
tfaE_stfE_predicted,0.3333333333333333,2,2,TTTAGTCCCGACTAGACGAC,0,3473678
tfaE_stfE_predicted,0.3333333333333333,2,2,TTTAGGCCCTTGATCCTGCA,0,3511019
tfaE_stfE_predicted,0.3333333333333333,2,2,TTTAGACGTATGTTCAAACT,0,3531608
tfaE_stfE_predicted,0.3333333333333333,2,2,TTTAGAAGGGCTAACTCCAA,0,3503104
tfaE_stfE_predicted,0.3333333333333333,2,2,TTTACTTGTAAATTCGTACA,0,3511904
tfaE_stfE_predicted,0.3333333333333333,2,2,TTTACTGGCCTAATATGCCT,0,3526072
tfaE_stfE_predicted,0.3333333333333333,2,2,TTTACGATTGTCCACTTGGC,0,3512788
tfaE_stfE_predicted,0.3333333333333333,2,2,TTTAACCCTCATGCCGAAAA,0,3491143
tfaE_stfE_predicted,0.3333333333333333,2,2,TTGTTTTTCGTTATAGCTAA,0,3488715
tfaE_stfE_predicted,0.3333333333333333,2,2,TTGTTGTGATTTGGCGGTAA,0,3487276
tfaE_stfE_predicted,0.3333333333333333,2,2,TTGTTGGGTCTCTGTTTGAT,0,3485996
tfaE_stfE_predicted,0.3333333333333333,2,2,TTGTTAGAACCCACATCTCG,0,3536744
tfaE_stfE_predicted,0.3333333333333333,2,2,TTGTTAAATATTTAGGACTG,0,3483361
tfaE_stfE_predicted,0.3333333333333333,2,2,TTGTGGATGGGGCCTGAGTT,0,3484790
tfaE_stfE_predicted,0.3333333333333333,2,2,TTGTCCCCGAACGTAGGATG,0,3496653
tfaE_stfE_predicted,0.3333333333333333,2,2,TTGTCCAATCCTGCTCCAGA,0,3536314
tfaE_stfE_predicted,0.3333333333333333,2,2,TTGTCATCGTTTTCTCGCCG,0,3514184
tfaE_stfE_predicted,0.3333333333333333,2,2,TTGTCAGCGCGGGGGTTCTA,0,3510351
tfaE_stfE_predicted,0.3333333333333333,2,2,TTGTATCCCGTGCAGATTGA,0,3537584
tfaE_stfE_predicted,0.3333333333333333,2,2,TTGTAGTTGAGGATTAATCT,0,3489360
tfaE_stfE_predicted,0.3333333333333333,2,2,TTGGTTTCCTGAATGTTGAA,0,3532633
tfaE_stfE_predicted,0.3333333333333333,2,2,TTGGTGTTAATGGAAGAATA,0,3477460
tfaE_stfE_predicted,0.3333333333333333,2,2,TTGGGTAGGTTATCTGTAAT,0,3474370
tfaE_stfE_predicted,0.3333333333333333,2,2,TTGGGGCACAGTCAGATTAG,0,3502522
tfaE_stfE_predicted,0.3333333333333333,2,2,TTGGCGCACAGATCCAACTG,0,3495581
tfaE_stfE_predicted,0.3333333333333333,2,2,TTGGCATTGGGGTTCCATAA,0,3528055
tfaE_stfE_predicted,0.3333333333333333,2,2,TTGGAAGGATGCAAAAAAAA,0,3488598
tfaE_stfE_predicted,0.3333333333333333,2,2,TTGCTGTGTTCAGGAAAAAA,0,3468348
tfaE_stfE_predicted,0.3333333333333333,2,2,TTGCTGGAACCAAAGGATCC,0,3473760
tfaE_stfE_predicted,0.3333333333333333,2,2,TTGCTCTGACCTAGAACATT,0,3530675
tfaE_stfE_predicted,0.3333333333333333,2,2,TTGCTCTAACTGAGCACCTC,0,3495829
tfaE_stfE_predicted,0.3333333333333333,2,2,TTGCGGCTATAATCGCACTA,0,3539117
tfaE_stfE_predicted,0.3333333333333333,2,2,TTGCGCCTCTGAATACGGTT,0,3515852
tfaE_stfE_predicted,0.3333333333333333,2,2,TTGCGCATTCCAAGGCGCGC,0,3512369
tfaE_stfE_predicted,0.3333333333333333,2,2,TTGCCCAGATCTGTCTGATG,0,3520486
tfaE_stfE_predicted,0.3333333333333333,2,2,TTGCATACCAAAATTGCATC,0,3501698
tfaE_stfE_predicted,0.3333333333333333,2,2,TTGCACCACGTCGTGATTGA,0,3495198
tfaE_stfE_predicted,0.3333333333333333,2,2,TTGCAAACATGGTGATTTTT,0,3507189
tfaE_stfE_predicted,0.3333333333333333,2,2,TTGATTTTATGGAAACTTGC,0,3470655
tfaE_stfE_predicted,0.3333333333333333,2,2,TTGATACCTATTCAACCCCG,0,3485172
tfaE_stfE_predicted,0.3333333333333333,2,2,TTGAGGTCCTTCGCGTTTAT,0,3503658
tfaE_stfE_predicted,0.3333333333333333,2,2,TTGAGGGCCGAGCAAAGCTT,0,3528089
tfaE_stfE_predicted,0.3333333333333333,2,2,TTGAGGCAATTTAAGGACTC,0,3539443
tfaE_stfE_predicted,0.3333333333333333,2,2,TTGACATACGGTATGTCCAC,0,3489926
tfaE_stfE_predicted,0.3333333333333333,2,2,TTGAATGCGGTACCGGTGGT,0,3502899
tfaE_stfE_predicted,0.3333333333333333,2,2,TTGAATCCGGATACGTTCGA,0,3498872
tfaE_stfE_predicted,0.3333333333333333,2,2,TTGAACTCTGCTACAGAATA,0,3500834
tfaE_stfE_predicted,0.3333333333333333,2,2,TTCTTGACTATGGTGTACAT,0,3478410
tfaE_stfE_predicted,0.3333333333333333,2,2,TTCTTGACCCGGTCTTGGCG,0,3473005
tfaE_stfE_predicted,0.3333333333333333,2,2,TTCTTCTGACCCAGAAATCA,0,3493366
tfaE_stfE_predicted,0.3333333333333333,2,2,TTCTTCGTTTTCGGATTTAA,0,3538211
tfaE_stfE_predicted,0.3333333333333333,2,2,TTCTTACTGCCTCGACCCTG,0,3506339
tfaE_stfE_predicted,0.3333333333333333,2,2,TTCTATAATCTATCACAGCT,0,3499743
tfaE_stfE_predicted,0.3333333333333333,2,2,TTCTACGGTAAAGTTAGTCG,0,3518306
tfaE_stfE_predicted,0.3333333333333333,2,2,TTCTACCCACCGCCGAGTCA,0,3472793
tfaE_stfE_predicted,0.3333333333333333,2,2,TTCGTTGTTTGGAGCGTTGA,0,3495532
tfaE_stfE_predicted,0.3333333333333333,2,2,TTCGTATTCGATTAGAGGTG,0,3477887
tfaE_stfE_predicted,0.3333333333333333,2,2,TTCGGGTTCAACAATAGTTG,0,3476981
tfaE_stfE_predicted,0.3333333333333333,2,2,TTCGGGTCGGCTACTGCCCA,0,3520497
tfaE_stfE_predicted,0.3333333333333333,2,2,TTCGGCGCATCGCCTTTCGT,0,3529182
tfaE_stfE_predicted,0.3333333333333333,2,2,TTCGGCAATACGGTGGCGAG,0,3498481
tfaE_stfE_predicted,0.3333333333333333,2,2,TTCGCTACGGGCAGGAAATC,0,3514579
tfaE_stfE_predicted,0.3333333333333333,2,2,TTCGCGGCTTCTTACACAAC,0,3519700
tfaE_stfE_predicted,0.3333333333333333,2,2,TTCGCGGAACGGAGGGCCTC,0,3520968
tfaE_stfE_predicted,0.3333333333333333,2,2,TTCGCAACCACCTCCTCAAT,0,3474028
tfaE_stfE_predicted,0.3333333333333333,2,2,TTCCTTTGTGCCGCCAAGAT,0,3478677
tfaE_stfE_predicted,0.3333333333333333,2,2,TTCCTGGACGCTTATAAGGA,0,3475929
tfaE_stfE_predicted,0.3333333333333333,2,2,TTCCTCCCGGAGGCTTCTAC,0,3484127
tfaE_stfE_predicted,0.3333333333333333,2,2,TTCCTAGAGCTTTGCGTACC,0,3504257
tfaE_stfE_predicted,0.3333333333333333,2,2,TTCCTAACGACCGTACGTAC,0,3468541
tfaE_stfE_predicted,0.3333333333333333,2,2,TTCCGCCACTTTCTCGTAGG,0,3530533
tfaE_stfE_predicted,0.3333333333333333,2,2,TTCCGATTAGAGGCCCAGGG,0,3492415
tfaE_stfE_predicted,0.3333333333333333,2,2,TTCCCTGGAAGTGCAATCAA,0,3505084
tfaE_stfE_predicted,0.3333333333333333,2,2,TTCCCGTAATAGTGTGTGCC,0,3468696
tfaE_stfE_predicted,0.3333333333333333,2,2,TTCCATATTCACACTCAAAC,0,3539829
tfaE_stfE_predicted,0.3333333333333333,2,2,TTCCAATGGCGTGACGGGCT,0,3467254
tfaE_stfE_predicted,0.3333333333333333,2,2,TTCCAACCGGGCCTCGACGA,0,3529294
tfaE_stfE_predicted,0.3333333333333333,2,2,TTCATCACAATACCCGGGGA,0,3482518
tfaE_stfE_predicted,0.3333333333333333,2,2,TTCAGTCTGTAGGTAGTGAT,0,3479736
tfaE_stfE_predicted,0.3333333333333333,2,2,TTCACTACCTGAAACGGAGG,0,3475948
tfaE_stfE_predicted,0.3333333333333333,2,2,TTCACGCCCGAGACATCGCT,0,3471305
tfaE_stfE_predicted,0.3333333333333333,2,2,TTCACCAACGTAAAGAACCC,0,3474246
tfaE_stfE_predicted,0.3333333333333333,2,2,TTCACATGCCAGTTCTGTTC,0,3505474
tfaE_stfE_predicted,0.3333333333333333,2,2,TTCAACGAAAGGTTTCAAGC,0,3498736
tfaE_stfE_predicted,0.3333333333333333,2,2,TTCAACCGAATGGGATCCAG,0,3492920
tfaE_stfE_predicted,0.3333333333333333,2,2,TTCAACCACATTGTAAGCCC,0,3513825
tfaE_stfE_predicted,0.3333333333333333,2,2,TTCAAACTAATAGTACAGAT,0,3516380
tfaE_stfE_predicted,0.3333333333333333,2,2,TTATTGCAGTAATGAATCAG,0,3490174
tfaE_stfE_predicted,0.3333333333333333,2,2,TTATTAACCGGATTTAGCAG,0,3479165
tfaE_stfE_predicted,0.3333333333333333,2,2,TTATGTCGTCCCGTCGTCAC,0,3515431
tfaE_stfE_predicted,0.3333333333333333,2,2,TTATGGTCCAACAAATAAAC,0,3524281
tfaE_stfE_predicted,0.3333333333333333,2,2,TTATGGATTAGTCTTGCGAA,0,3470292
tfaE_stfE_predicted,0.3333333333333333,2,2,TTATCATAGTTTGAACCTAT,0,3502754
tfaE_stfE_predicted,0.3333333333333333,2,2,TTATAGTAAACCCGGTTAAC,0,3536628
tfaE_stfE_predicted,0.3333333333333333,2,2,TTATAGGTGCCTTCCTCTAA,0,3522248
tfaE_stfE_predicted,0.3333333333333333,2,2,TTATACCGGCTTCTGGAGGC,0,3475279
tfaE_stfE_predicted,0.3333333333333333,2,2,TTAGTCCCGAGTGGTTGTTC,0,3482261
tfaE_stfE_predicted,0.3333333333333333,2,2,TTAGTAGGACTCGTAACGGC,0,3511055
tfaE_stfE_predicted,0.3333333333333333,2,2,TTAGGTTCAGTCTGGAAGAG,0,3540684
tfaE_stfE_predicted,0.3333333333333333,2,2,TTAGGTGGACTTCGCACGAC,0,3529585
tfaE_stfE_predicted,0.3333333333333333,2,2,TTAGGTGATCTACCGTCTAG,0,3535568
tfaE_stfE_predicted,0.3333333333333333,2,2,TTAGGTCGTGCAGAAGGGGT,0,3467312
tfaE_stfE_predicted,0.3333333333333333,2,2,TTAGGTCAGCAAGAATGTTA,0,3489995
tfaE_stfE_predicted,0.3333333333333333,2,2,TTAGGTATCGTGGTCGATTC,0,3486660
tfaE_stfE_predicted,0.3333333333333333,2,2,TTAGGCCTTGGCTACAGTTT,0,3475588
tfaE_stfE_predicted,0.3333333333333333,2,2,TTAGGCAAATCACAAAGTCT,0,3493655
tfaE_stfE_predicted,0.3333333333333333,2,2,TTAGGACTACCAGCTGGAGG,0,3484221
tfaE_stfE_predicted,0.3333333333333333,2,2,TTAGCTAAAAAGGGGCGTCT,0,3499446
tfaE_stfE_predicted,0.3333333333333333,2,2,TTAGCCTTTACGCTACTGAA,0,3477712
tfaE_stfE_predicted,0.3333333333333333,2,2,TTAGCATTTGATGGGAGGGA,0,3520287
tfaE_stfE_predicted,0.3333333333333333,2,2,TTAGATAGTCGTAAGATACG,0,3480305
tfaE_stfE_predicted,0.3333333333333333,2,2,TTAGAGTGATTATAGGTCCG,0,3472957
tfaE_stfE_predicted,0.3333333333333333,2,2,TTAGAGGTTTCAATATTCTG,0,3524944
tfaE_stfE_predicted,0.3333333333333333,2,2,TTACTAATACTGAAATTGGC,0,3511493
tfaE_stfE_predicted,0.3333333333333333,2,2,TTACGTTTGATCTCCAGGAA,0,3530554
tfaE_stfE_predicted,0.3333333333333333,2,2,TTACGTTTCTTCTAGTGGGT,0,3514296
tfaE_stfE_predicted,0.3333333333333333,2,2,TTACGTGCTCAGCGGGTTAA,0,3487650
tfaE_stfE_predicted,0.3333333333333333,2,2,TTACCTTGGGTCGGCAGGTA,0,3533741
tfaE_stfE_predicted,0.3333333333333333,2,2,TTACCCTTCAGGGCTAGCTA,0,3490146
tfaE_stfE_predicted,0.3333333333333333,2,2,TTACATCCGATGTCTTATCT,0,3478898
tfaE_stfE_predicted,0.3333333333333333,2,2,TTACAACCGATTGTACTATT,0,3518793
tfaE_stfE_predicted,0.3333333333333333,2,2,TTAATGCAAGACGCTTCCGA,0,3502058
tfaE_stfE_predicted,0.3333333333333333,2,2,TTAATGAGTACAGAGGGTGA,0,3496814
tfaE_stfE_predicted,0.3333333333333333,2,2,TTAATCCTAATAGGAGAGAG,0,3479026
tfaE_stfE_predicted,0.3333333333333333,2,2,TTAATCAATGGCCGGCCTGT,0,3481351
tfaE_stfE_predicted,0.3333333333333333,2,2,TTAATACGAGAACGCAATGC,0,3492690
tfaE_stfE_predicted,0.3333333333333333,2,2,TTAAGGTTGGGAATCAGACT,0,3530212
tfaE_stfE_predicted,0.3333333333333333,2,2,TTAAGGCCTATCAAGGGCTG,0,3501023
tfaE_stfE_predicted,0.3333333333333333,2,2,TTAAGATCTGGGGATGATTC,0,3470834
tfaE_stfE_predicted,0.3333333333333333,2,2,TTAAGAGACTCCTTAAATCC,0,3536086
tfaE_stfE_predicted,0.3333333333333333,2,2,TTAAATTCGCGAATTACAGT,0,3500606
tfaE_stfE_predicted,0.3333333333333333,2,2,TTAAATGGGCATTCTTTGTC,0,3508031
tfaE_stfE_predicted,0.3333333333333333,2,2,TTAAAATTCATGTACAAGCG,0,3522773
tfaE_stfE_predicted,0.3333333333333333,2,2,TGTTTCCCATGAGAATGTAC,0,3508429
tfaE_stfE_predicted,0.3333333333333333,2,2,TGTTTAATACAGGTGCCGCT,0,3507728
tfaE_stfE_predicted,0.3333333333333333,2,2,TGTTGTGTTTGTAACTGCTA,0,3470131
tfaE_stfE_predicted,0.3333333333333333,2,2,TGTTGTACAGACAGTAACGT,0,3487855
tfaE_stfE_predicted,0.3333333333333333,2,2,TGTTGACGGTTCAACCTCCC,0,3503209
tfaE_stfE_predicted,0.3333333333333333,2,2,TGTTGACATCTAGTACACCT,0,3474581
tfaE_stfE_predicted,0.3333333333333333,2,2,TGTTCGGGCATGCGATTAGC,0,3497338
tfaE_stfE_predicted,0.3333333333333333,2,2,TGTTATCCGGAGAACAAGGA,0,3524302
tfaE_stfE_predicted,0.3333333333333333,2,2,TGTGGGTACTGCCGGGCGTT,0,3484051
tfaE_stfE_predicted,0.3333333333333333,2,2,TGTGGGGCCTTGGTATTTTA,0,3504935
tfaE_stfE_predicted,0.3333333333333333,2,2,TGTGGGAAAATCGTAGTCAG,0,3528790
tfaE_stfE_predicted,0.3333333333333333,2,2,TGTGCTGACGCCCGGAATTC,0,3530932
tfaE_stfE_predicted,0.3333333333333333,2,2,TGTGCGCATAGCTTAATCTT,0,3517910
tfaE_stfE_predicted,0.3333333333333333,2,2,TGTGAATTCAATAAGCCTTA,0,3486312
tfaE_stfE_predicted,0.3333333333333333,2,2,TGTGAAAAAGGATCTAAAAC,0,3485107
tfaE_stfE_predicted,0.3333333333333333,2,2,TGTCTGTTAGCAGGAGTGTA,0,3496789
tfaE_stfE_predicted,0.3333333333333333,2,2,TGTCTGATGGATTATCTACG,0,3489795
tfaE_stfE_predicted,0.3333333333333333,2,2,TGTCTCGGATGTGTCGATAT,0,3478600
tfaE_stfE_predicted,0.3333333333333333,2,2,TGTCGTTCCGCGCGCTATCT,0,3497437
tfaE_stfE_predicted,0.3333333333333333,2,2,TGTCGAGCCTACATGCGCAT,0,3536506
tfaE_stfE_predicted,0.3333333333333333,2,2,TGTCCCGCAAATACCATGGG,0,3537458
tfaE_stfE_predicted,0.3333333333333333,2,2,TGTCCAATGAGATCGTTACG,0,3532175
tfaE_stfE_predicted,0.3333333333333333,2,2,TGTCAGTGGCCCCACTGGTC,0,3538739
tfaE_stfE_predicted,0.3333333333333333,2,2,TGTCAGATACTACCGCCATC,0,3467976
tfaE_stfE_predicted,0.3333333333333333,2,2,TGTCAAATCACGGCAGCCTT,0,3517937
tfaE_stfE_predicted,0.3333333333333333,2,2,TGTATATGTCGCATTGACGC,0,3495501
tfaE_stfE_predicted,0.3333333333333333,2,2,TGTATAACCGTATCTGTATA,0,3523766
tfaE_stfE_predicted,0.3333333333333333,2,2,TGTACGTGATCTACGTCTCT,0,3494043
tfaE_stfE_predicted,0.3333333333333333,2,2,TGTACCCACAGAGTATATAA,0,3539160
tfaE_stfE_predicted,0.3333333333333333,2,2,TGTACATTGGGCTACCGTAG,0,3510306
tfaE_stfE_predicted,0.3333333333333333,2,2,TGTAATTCTCCCTGAGGTAT,0,3470615
tfaE_stfE_predicted,0.3333333333333333,2,2,TGTAATAGCAAGGGGCATAC,0,3482612
tfaE_stfE_predicted,0.3333333333333333,2,2,TGTAAGTGTAGCTAATGACT,0,3498605
tfaE_stfE_predicted,0.3333333333333333,2,2,TGGTTGGACAACAATTTCTA,0,3525456
tfaE_stfE_predicted,0.3333333333333333,2,2,TGGTGGCCCCGATTGGAGCT,0,3485704
tfaE_stfE_predicted,0.3333333333333333,2,2,TGGTGCGGATTTATCGCATA,0,3517445
tfaE_stfE_predicted,0.3333333333333333,2,2,TGGTGAGTGCTACGGGGGCA,0,3532962
tfaE_stfE_predicted,0.3333333333333333,2,2,TGGTCTTTTCGCACTTAAAA,0,3511808
tfaE_stfE_predicted,0.3333333333333333,2,2,TGGTCTATGGCATATTTCTC,0,3525625
tfaE_stfE_predicted,0.3333333333333333,2,2,TGGTCGAGGATCCACCAATG,0,3490572
tfaE_stfE_predicted,0.3333333333333333,2,2,TGGTCCCCCAGGCTTGCCGA,0,3481756
tfaE_stfE_predicted,0.3333333333333333,2,2,TGGTCCACACGATTCGATGT,0,3486389
tfaE_stfE_predicted,0.3333333333333333,2,2,TGGTCAGTATGATCATTATT,0,3488472
tfaE_stfE_predicted,0.3333333333333333,2,2,TGGTCAGCGGACGGGATTTC,0,3528191
tfaE_stfE_predicted,0.3333333333333333,2,2,TGGTATGCGGCATTGGTAAC,0,3477455
tfaE_stfE_predicted,0.3333333333333333,2,2,TGGGTTGGGACCACGGTTAT,0,3536276
tfaE_stfE_predicted,0.3333333333333333,2,2,TGGGTTCGTGAAAATATTCG,0,3507057
tfaE_stfE_predicted,0.3333333333333333,2,2,TGGGTGCCGGCGATATTGAC,0,3466986
tfaE_stfE_predicted,0.3333333333333333,2,2,TGGGGGGTTGTAAAGGAACA,0,3504204
tfaE_stfE_predicted,0.3333333333333333,2,2,TGGGGGATTTCTAACCCACT,0,3492980
tfaE_stfE_predicted,0.3333333333333333,2,2,TGGGCTAATGTACTCAGATC,0,3525591
tfaE_stfE_predicted,0.3333333333333333,2,2,TGGGCGTACAGTCTGGGGTG,0,3522254
tfaE_stfE_predicted,0.3333333333333333,2,2,TGGGCGCCGATCCTGCAAAG,0,3533614
tfaE_stfE_predicted,0.3333333333333333,2,2,TGGGACGTTCAGTACCCGAT,0,3469544
tfaE_stfE_predicted,0.3333333333333333,2,2,TGGGAAGTCAGACGAGTCGG,0,3529217
tfaE_stfE_predicted,0.3333333333333333,2,2,TGGCTGTATTCGATGTCAGG,0,3480468
tfaE_stfE_predicted,0.3333333333333333,2,2,TGGCTCGGCCCGTCACCGCG,0,3472270
tfaE_stfE_predicted,0.3333333333333333,2,2,TGGCGTCCCCGGTGGTACAA,0,3513206
tfaE_stfE_predicted,0.3333333333333333,2,2,TGGCGGGCTAAGGATTCAAA,0,3517380
tfaE_stfE_predicted,0.3333333333333333,2,2,TGGCGCAGCGAGTATCCTTA,0,3526716
tfaE_stfE_predicted,0.3333333333333333,2,2,TGGCGAAGCATAGCACAACG,0,3512371
tfaE_stfE_predicted,0.3333333333333333,2,2,TGGCCGTAAATGCGATTTGA,0,3505408
tfaE_stfE_predicted,0.3333333333333333,2,2,TGGCCACCTATATGTCATTG,0,3523418
tfaE_stfE_predicted,0.3333333333333333,2,2,TGGCAGCGGTCAGGCGGGAC,0,3495996
tfaE_stfE_predicted,0.3333333333333333,2,2,TGGATTGCCTTTATTGGGTG,0,3474517
tfaE_stfE_predicted,0.3333333333333333,2,2,TGGATTAGTTCTGACGTATT,0,3491412
tfaE_stfE_predicted,0.3333333333333333,2,2,TGGATCTTATTGAGGACAGA,0,3511575
tfaE_stfE_predicted,0.3333333333333333,2,2,TGGATAACCAGTCTGCGTTT,0,3506239
tfaE_stfE_predicted,0.3333333333333333,2,2,TGGAGGTGAATTCTGGTTGT,0,3516890
tfaE_stfE_predicted,0.3333333333333333,2,2,TGGAGGAAAACTGGTTTCTA,0,3508152
tfaE_stfE_predicted,0.3333333333333333,2,2,TGGACCAACGACTTTTTCCC,0,3525364
tfaE_stfE_predicted,0.3333333333333333,2,2,TGGACACCGTAGATTTTTCA,0,3471066
tfaE_stfE_predicted,0.3333333333333333,2,2,TGGAATGGGTCCAGAGTAAT,0,3519401
tfaE_stfE_predicted,0.3333333333333333,2,2,TGGAAGGTATCCAGCTGGCT,0,3503461
tfaE_stfE_predicted,0.3333333333333333,2,2,TGCTTGCTCCTCCTTGTCCC,0,3499090
tfaE_stfE_predicted,0.3333333333333333,2,2,TGCTTACATAAATAGATAAG,0,3535186
tfaE_stfE_predicted,0.3333333333333333,2,2,TGCTGGCCCTAGAGTCAGGT,0,3500082
tfaE_stfE_predicted,0.3333333333333333,2,2,TGCTGGACATATTTACTATT,0,3521328
tfaE_stfE_predicted,0.3333333333333333,2,2,TGCTCCTAACTCGTACCTAA,0,3516313
tfaE_stfE_predicted,0.3333333333333333,2,2,TGCTCCGCGAACGGCGGACT,0,3512296
tfaE_stfE_predicted,0.3333333333333333,2,2,TGCTCATACTGCGCGTAGAG,0,3475951
tfaE_stfE_predicted,0.3333333333333333,2,2,TGCTCAGGTGATTCCCAGAG,0,3521728
tfaE_stfE_predicted,0.3333333333333333,2,2,TGCTCAATTTGAAGGTCAGG,0,3495968
tfaE_stfE_predicted,0.3333333333333333,2,2,TGCTATCGTTCGCTCAGAGT,0,3536079
tfaE_stfE_predicted,0.3333333333333333,2,2,TGCTATATTGATCCATGATT,0,3488968
tfaE_stfE_predicted,0.3333333333333333,2,2,TGCTATACGCTACACCAATT,0,3479139
tfaE_stfE_predicted,0.3333333333333333,2,2,TGCTACGGTTGTCCTCGTGA,0,3491532
tfaE_stfE_predicted,0.3333333333333333,2,2,TGCTACAGATTTAAGAAGCT,0,3469104
tfaE_stfE_predicted,0.3333333333333333,2,2,TGCGTTCATTCCTAATGTGT,0,3506573
tfaE_stfE_predicted,0.3333333333333333,2,2,TGCGTATTAGGTTGGCCGGA,0,3527408
tfaE_stfE_predicted,0.3333333333333333,2,2,TGCGCGTGGCGGACAACCAT,0,3468310
tfaE_stfE_predicted,0.3333333333333333,2,2,TGCGCAGGACCGCGATGTGA,0,3528867
tfaE_stfE_predicted,0.3333333333333333,2,2,TGCGATACGTAGGATCAAGG,0,3507195
tfaE_stfE_predicted,0.3333333333333333,2,2,TGCGAAGTTTTTGGCTTTAG,0,3476722
tfaE_stfE_predicted,0.3333333333333333,2,2,TGCCTTAATTCCTGAAGCGA,0,3478114
tfaE_stfE_predicted,0.3333333333333333,2,2,TGCCTGTGTAGCACCGTCAT,0,3470106
tfaE_stfE_predicted,0.3333333333333333,2,2,TGCCTCACCGGTTTTATCAT,0,3522819
tfaE_stfE_predicted,0.3333333333333333,2,2,TGCCGCATAGCTTTGATAAG,0,3467376
tfaE_stfE_predicted,0.3333333333333333,2,2,TGCCGAGTGGCCTATTAGGG,0,3467424
tfaE_stfE_predicted,0.3333333333333333,2,2,TGCCCTTCCCTAAGACCCGC,0,3506230
tfaE_stfE_predicted,0.3333333333333333,2,2,TGCCCTTAGTGTGGCACTAC,0,3489369
tfaE_stfE_predicted,0.3333333333333333,2,2,TGCCCTATAGGATGGCCATT,0,3505425
tfaE_stfE_predicted,0.3333333333333333,2,2,TGCCACGTTATTCCGGTTAT,0,3535259
tfaE_stfE_predicted,0.3333333333333333,2,2,TGCATTCTTAGCCAGCGTTT,0,3474777
tfaE_stfE_predicted,0.3333333333333333,2,2,TGCAGTATCCCTCGATCAAA,0,3474369
tfaE_stfE_predicted,0.3333333333333333,2,2,TGCACTTAGGGCCTGCGGGT,0,3519100
tfaE_stfE_predicted,0.3333333333333333,2,2,TGCACTGCCGAATAAATCGC,0,3474304
tfaE_stfE_predicted,0.3333333333333333,2,2,TGCAATCCGCCATTCGTAAA,0,3514806
tfaE_stfE_predicted,0.3333333333333333,2,2,TGCAAGTTAATCCTGATACT,0,3501694
tfaE_stfE_predicted,0.3333333333333333,2,2,TGCAACTTACTCATCTTGGT,0,3531987
tfaE_stfE_predicted,0.3333333333333333,2,2,TGCAAACGTAAGTTTGGTGC,0,3502850
tfaE_stfE_predicted,0.3333333333333333,2,2,TGATTGCGGCACTGAGAAAG,0,3473567
tfaE_stfE_predicted,0.3333333333333333,2,2,TGATTCGCGAACCAATGTAC,0,3489024
tfaE_stfE_predicted,0.3333333333333333,2,2,TGATTCCACCTGAACGGATC,0,3494332
tfaE_stfE_predicted,0.3333333333333333,2,2,TGATGAACGGCAGCAATGTC,0,3484323
tfaE_stfE_predicted,0.3333333333333333,2,2,TGATCTGTTTTCCCAGAGAA,0,3500172
tfaE_stfE_predicted,0.3333333333333333,2,2,TGATCTGGATTTTAGTAAAT,0,3535903
tfaE_stfE_predicted,0.3333333333333333,2,2,TGATCCGCTTGTGCATAAGA,0,3474585
tfaE_stfE_predicted,0.3333333333333333,2,2,TGATATCGCAGAAAGGCCCC,0,3485652
tfaE_stfE_predicted,0.3333333333333333,2,2,TGATAATCAAGGTTAACGAT,0,3529132
tfaE_stfE_predicted,0.3333333333333333,2,2,TGAGTGCCATACATGCGGGA,0,3486339
tfaE_stfE_predicted,0.3333333333333333,2,2,TGAGTAAGGTCAATTTCATT,0,3536371
tfaE_stfE_predicted,0.3333333333333333,2,2,TGAGGTGATCGTGAGAACAC,0,3471109
tfaE_stfE_predicted,0.3333333333333333,2,2,TGAGCTTACGTGTATACCTT,0,3498803
tfaE_stfE_predicted,0.3333333333333333,2,2,TGAGCGAGCTTGTAGTTAAA,0,3475022
tfaE_stfE_predicted,0.3333333333333333,2,2,TGAGCATGGACTACTAGGAG,0,3466622
tfaE_stfE_predicted,0.3333333333333333,2,2,TGACTTCGAAATAACGGTAC,0,3518341
tfaE_stfE_predicted,0.3333333333333333,2,2,TGACTATTAATCGGGAGTCA,0,3492155
tfaE_stfE_predicted,0.3333333333333333,2,2,TGACGGTAGGGTAACCGGGA,0,3509743
tfaE_stfE_predicted,0.3333333333333333,2,2,TGACCGTGCCTAGCGCAAGT,0,3528975
tfaE_stfE_predicted,0.3333333333333333,2,2,TGACATGAGATTTGCACGGA,0,3517204
tfaE_stfE_predicted,0.3333333333333333,2,2,TGAATTCACCAAGTTAACGT,0,3482381
tfaE_stfE_predicted,0.3333333333333333,2,2,TGAAGTTAGCGTGACTGTGT,0,3478628
tfaE_stfE_predicted,0.3333333333333333,2,2,TGAAGGCGTGAAGGCTGCAT,0,3467946
tfaE_stfE_predicted,0.3333333333333333,2,2,TGAAGGCCCATGAAGTGAAA,0,3526051
tfaE_stfE_predicted,0.3333333333333333,2,2,TGAAGGAAAGCTAGAAGAAG,0,3483023
tfaE_stfE_predicted,0.3333333333333333,2,2,TGAACTGCACTCTTTGGTGG,0,3502799
tfaE_stfE_predicted,0.3333333333333333,2,2,TGAACGTACCTTCGCCAAAC,0,3488744
tfaE_stfE_predicted,0.3333333333333333,2,2,TGAACAAGTCTCTTTTTTGA,0,3488310
tfaE_stfE_predicted,0.3333333333333333,2,2,TGAAATGGGGCTACAGGCTT,0,3514285
tfaE_stfE_predicted,0.3333333333333333,2,2,TGAAAACACCGCTCCACCGT,0,3495488
tfaE_stfE_predicted,0.3333333333333333,2,2,TCTTTTGTAACTAACAGTAC,0,3532578
tfaE_stfE_predicted,0.3333333333333333,2,2,TCTTTGCTTGGTATATCTTG,0,3508348
tfaE_stfE_predicted,0.3333333333333333,2,2,TCTTGCTCCCACACACTCAA,0,3535977
tfaE_stfE_predicted,0.3333333333333333,2,2,TCTTGAGGATCATAAGGCGT,0,3500677
tfaE_stfE_predicted,0.3333333333333333,2,2,TCTTCCACGAGCGATTAGAT,0,3517446
tfaE_stfE_predicted,0.3333333333333333,2,2,TCTTAGGACTCCAAGACTTT,0,3496998
tfaE_stfE_predicted,0.3333333333333333,2,2,TCTGTAAATGGTGTACCTGC,0,3538927
tfaE_stfE_predicted,0.3333333333333333,2,2,TCTGGATCGGCCACTCGTAC,0,3473962
tfaE_stfE_predicted,0.3333333333333333,2,2,TCTGGAAACATAAAAAAAAA,0,3538213
tfaE_stfE_predicted,0.3333333333333333,2,2,TCTGCTATTGACAACCTTCA,0,3472107
tfaE_stfE_predicted,0.3333333333333333,2,2,TCTGCGGGTCCTGCCGAAGA,0,3503327
tfaE_stfE_predicted,0.3333333333333333,2,2,TCTGCCTTTTTGGGTTGAGT,0,3536774
tfaE_stfE_predicted,0.3333333333333333,2,2,TCTGCAACTGGGCATCGGCT,0,3528476
tfaE_stfE_predicted,0.3333333333333333,2,2,TCTGATTTACTGGAATCTCT,0,3482444
tfaE_stfE_predicted,0.3333333333333333,2,2,TCTCTGGAACAAGCATGTCC,0,3478659
tfaE_stfE_predicted,0.3333333333333333,2,2,TCTCGCGACCAAGCATTGAT,0,3531866
tfaE_stfE_predicted,0.3333333333333333,2,2,TCTCCCGGGCGGAACTGCAA,0,3497800
tfaE_stfE_predicted,0.3333333333333333,2,2,TCTCATCCAACGGTGTGAAA,0,3472584
tfaE_stfE_predicted,0.3333333333333333,2,2,TCTCATAAGGATGCAAGATA,0,3533771
tfaE_stfE_predicted,0.3333333333333333,2,2,TCTCAGTTTTTAGACATGAG,0,3484377
tfaE_stfE_predicted,0.3333333333333333,2,2,TCTCAGAGGCTAGAAGAGTG,0,3469148
tfaE_stfE_predicted,0.3333333333333333,2,2,TCTCACAGAAACCCCCGCTT,0,3513660
tfaE_stfE_predicted,0.3333333333333333,2,2,TCTATTCCGCGCGGGGAATG,0,3472890
tfaE_stfE_predicted,0.3333333333333333,2,2,TCTAGCGTGCTGGACCACCA,0,3476535
tfaE_stfE_predicted,0.3333333333333333,2,2,TCTAGCAGCATCCGTGCCAA,0,3497125
tfaE_stfE_predicted,0.3333333333333333,2,2,TCTACGGGATCACTAGGTGT,0,3498247
tfaE_stfE_predicted,0.3333333333333333,2,2,TCTACGCCTCCCTTTTCTGC,0,3504549
tfaE_stfE_predicted,0.3333333333333333,2,2,TCTAATCTAAAGGATCAGCC,0,3494132
tfaE_stfE_predicted,0.3333333333333333,2,2,TCTAAAGGAATAGTGACTTC,0,3538468
tfaE_stfE_predicted,0.3333333333333333,2,2,TCGTTTAGTTAGTAGTCGCA,0,3525401
tfaE_stfE_predicted,0.3333333333333333,2,2,TCGTTAATTTACTCGAGGGA,0,3471329
tfaE_stfE_predicted,0.3333333333333333,2,2,TCGTGAACACCGTTTGTCGT,0,3509344
tfaE_stfE_predicted,0.3333333333333333,2,2,TCGTCCCATTGAGGTAGCAT,0,3538742
tfaE_stfE_predicted,0.3333333333333333,2,2,TCGTAGGGGGCTCGCCGTAA,0,3468304
tfaE_stfE_predicted,0.3333333333333333,2,2,TCGTAGCCCCGAGGAGTACG,0,3490592
tfaE_stfE_predicted,0.3333333333333333,2,2,TCGTAATGTGCATCGTACAA,0,3483539
tfaE_stfE_predicted,0.3333333333333333,2,2,TCGTAAGACACCGAGCAACA,0,3470855
tfaE_stfE_predicted,0.3333333333333333,2,2,TCGGGGTAGTGCCCACCGTG,0,3527953
tfaE_stfE_predicted,0.3333333333333333,2,2,TCGGGCCAGTATGATGGGAC,0,3527441
tfaE_stfE_predicted,0.3333333333333333,2,2,TCGGGATTTGGAGCATAGTA,0,3524342
tfaE_stfE_predicted,0.3333333333333333,2,2,TCGGGATCCGGATGGGGTCC,0,3510035
tfaE_stfE_predicted,0.3333333333333333,2,2,TCGGGAAACACAGGCGCACA,0,3466439
tfaE_stfE_predicted,0.3333333333333333,2,2,TCGGCAAATAAAAGCTACAT,0,3529642
tfaE_stfE_predicted,0.3333333333333333,2,2,TCGGATCAAGGACAGTGGCC,0,3504753
tfaE_stfE_predicted,0.3333333333333333,2,2,TCGGAAGGAATCCTCCGAGT,0,3539444
tfaE_stfE_predicted,0.3333333333333333,2,2,TCGCTTCTACCGTGCCGCCT,0,3504503
tfaE_stfE_predicted,0.3333333333333333,2,2,TCGCTGTGTGGGTCTCAAGC,0,3489748
tfaE_stfE_predicted,0.3333333333333333,2,2,TCGCTGTGTAACCAGCTCTA,0,3515731
tfaE_stfE_predicted,0.3333333333333333,2,2,TCGCTATGCGCTTCAATGTC,0,3529875
tfaE_stfE_predicted,0.3333333333333333,2,2,TCGCGATCATAATTACTAAT,0,3471741
tfaE_stfE_predicted,0.3333333333333333,2,2,TCGCCGGCGGACAGAGGACG,0,3537988
tfaE_stfE_predicted,0.3333333333333333,2,2,TCGCCCAAACGCACCGTGAA,0,3487781
tfaE_stfE_predicted,0.3333333333333333,2,2,TCGCCAACTCTGACGACCAT,0,3481266
tfaE_stfE_predicted,0.3333333333333333,2,2,TCGCAGTTCCGCGAACGCTT,0,3531458
tfaE_stfE_predicted,0.3333333333333333,2,2,TCGCAGATCTGCAGATATCT,0,3494796
tfaE_stfE_predicted,0.3333333333333333,2,2,TCGATCACAGTGCACGGGTG,0,3500720
tfaE_stfE_predicted,0.3333333333333333,2,2,TCGATAAACCTCGGTTCTTG,0,3527350
tfaE_stfE_predicted,0.3333333333333333,2,2,TCGAGCCCACAAGGTACGAC,0,3479393
tfaE_stfE_predicted,0.3333333333333333,2,2,TCGACATACAATCAGGATCT,0,3532810
tfaE_stfE_predicted,0.3333333333333333,2,2,TCGAATTTTAGGATGCCTTA,0,3501093
tfaE_stfE_predicted,0.3333333333333333,2,2,TCGAACGATGTTATTAACTT,0,3499478
tfaE_stfE_predicted,0.3333333333333333,2,2,TCCTTAGGTGGATACAGGCA,0,3478664
tfaE_stfE_predicted,0.3333333333333333,2,2,TCCTGTTATTCGTTGGTATG,0,3530791
tfaE_stfE_predicted,0.3333333333333333,2,2,TCCTGTCCGGAGGGCATAAT,0,3469644
tfaE_stfE_predicted,0.3333333333333333,2,2,TCCTGGGCGACGGTTCGTCT,0,3480298
tfaE_stfE_predicted,0.3333333333333333,2,2,TCCTGGGACGCTCTAGCCGG,0,3500949
tfaE_stfE_predicted,0.3333333333333333,2,2,TCCTGATATCTCACTGCTGG,0,3522344
tfaE_stfE_predicted,0.3333333333333333,2,2,TCCTACTTAAAACTTCGGTA,0,3525674
tfaE_stfE_predicted,0.3333333333333333,2,2,TCCGTTTGGGGTGCGGACTA,0,3540305
tfaE_stfE_predicted,0.3333333333333333,2,2,TCCGGTAGGTTGAGCCCGGC,0,3491074
tfaE_stfE_predicted,0.3333333333333333,2,2,TCCGGCCAGCAGGTAACTTT,0,3485383
tfaE_stfE_predicted,0.3333333333333333,2,2,TCCGCTAAAATGATCGTATC,0,3487868
tfaE_stfE_predicted,0.3333333333333333,2,2,TCCGCCTTCAGTTCAAAGGA,0,3535406
tfaE_stfE_predicted,0.3333333333333333,2,2,TCCGCAGGAAGCGACTGAAG,0,3525720
tfaE_stfE_predicted,0.3333333333333333,2,2,TCCGCAATCAGATTCTCTAA,0,3492120
tfaE_stfE_predicted,0.3333333333333333,2,2,TCCGACAGGGTGAGTATCGT,0,3467893
tfaE_stfE_predicted,0.3333333333333333,2,2,TCCGAACTGGTAAGGCCGGC,0,3514473
tfaE_stfE_predicted,0.3333333333333333,2,2,TCCCTTGTCCGTATATTCCT,0,3534051
tfaE_stfE_predicted,0.3333333333333333,2,2,TCCCTGAGCTCTCAAGCAAA,0,3507281
tfaE_stfE_predicted,0.3333333333333333,2,2,TCCCTATATCGAGGGATAAA,0,3505336
tfaE_stfE_predicted,0.3333333333333333,2,2,TCCCTAGAGACACGTCACAT,0,3476268
tfaE_stfE_predicted,0.3333333333333333,2,2,TCCCCTCCAGGGTGTTTATT,0,3470287
tfaE_stfE_predicted,0.3333333333333333,2,2,TCCCAGATAGAGCGGCTAAT,0,3509795
tfaE_stfE_predicted,0.3333333333333333,2,2,TCCCAATGAATTATTTCAGA,0,3485246
tfaE_stfE_predicted,0.3333333333333333,2,2,TCCCAATATCTTAAGGTGTT,0,3515667
tfaE_stfE_predicted,0.3333333333333333,2,2,TCCCAAGTTCCGGTACTACA,0,3480082
tfaE_stfE_predicted,0.3333333333333333,2,2,TCCCAACATTTTTTTGTAAG,0,3504450
tfaE_stfE_predicted,0.3333333333333333,2,2,TCCATCCCGGGCTTGGTAAA,0,3511121
tfaE_stfE_predicted,0.3333333333333333,2,2,TCCATATTATGATCAGGGTT,0,3525035
tfaE_stfE_predicted,0.3333333333333333,2,2,TCCAGAGCTTGAGTAGTAGC,0,3493893
tfaE_stfE_predicted,0.3333333333333333,2,2,TCCACAAGGCCCGTCTCATT,0,3521132
tfaE_stfE_predicted,0.3333333333333333,2,2,TCATTTTTCACCCATGACAG,0,3516433
tfaE_stfE_predicted,0.3333333333333333,2,2,TCATTTCGCCATAGGGTGAT,0,3488192
tfaE_stfE_predicted,0.3333333333333333,2,2,TCATTATTCCACCAGTATGT,0,3494047
tfaE_stfE_predicted,0.3333333333333333,2,2,TCATTAAGGGCAAAACAGTA,0,3486541
tfaE_stfE_predicted,0.3333333333333333,2,2,TCATTAAGGGAGTTGTCAAG,0,3517479
tfaE_stfE_predicted,0.3333333333333333,2,2,TCATCTTCTTTCCTTAATAG,0,3521599
tfaE_stfE_predicted,0.3333333333333333,2,2,TCATCGGTACCGATCGCAGC,0,3494062
tfaE_stfE_predicted,0.3333333333333333,2,2,TCAGTGCAATATACACTGTC,0,3533040
tfaE_stfE_predicted,0.3333333333333333,2,2,TCAGTGAGATGGACAACCAT,0,3504175
tfaE_stfE_predicted,0.3333333333333333,2,2,TCAGTCGTCACTAAGAATGA,0,3525022
tfaE_stfE_predicted,0.3333333333333333,2,2,TCAGTCCTTTTGCCCTGTCT,0,3524035
tfaE_stfE_predicted,0.3333333333333333,2,2,TCAGTCACGCGGGACCGTTA,0,3539743
tfaE_stfE_predicted,0.3333333333333333,2,2,TCAGGAAGTTGTCCAAGTAA,0,3482393
tfaE_stfE_predicted,0.3333333333333333,2,2,TCAGGAAGGCATGGGCTCCC,0,3491975
tfaE_stfE_predicted,0.3333333333333333,2,2,TCAGCGCTAATAGGAACGGA,0,3496263
tfaE_stfE_predicted,0.3333333333333333,2,2,TCAGATTTATGGGCAGAGCC,0,3482345
tfaE_stfE_predicted,0.3333333333333333,2,2,TCAGATTAATTCGGCATTCA,0,3521074
tfaE_stfE_predicted,0.3333333333333333,2,2,TCAGACTCCCCCAGCGTGCC,0,3536562
tfaE_stfE_predicted,0.3333333333333333,2,2,TCACTGGCAGGGTATTAGAA,0,3499172
tfaE_stfE_predicted,0.3333333333333333,2,2,TCACTCTGCCCAGGCGTAGA,0,3510282
tfaE_stfE_predicted,0.3333333333333333,2,2,TCACGTGGGGGCACGGTTAA,0,3529945
tfaE_stfE_predicted,0.3333333333333333,2,2,TCACGTGCGCCGATAAATTA,0,3487688
tfaE_stfE_predicted,0.3333333333333333,2,2,TCACGTCGATGACGATGGGG,0,3536166
tfaE_stfE_predicted,0.3333333333333333,2,2,TCACGCTGAATCGCTCGATT,0,3484091
tfaE_stfE_predicted,0.3333333333333333,2,2,TCACCCTAATAAGTGCCCTA,0,3521407
tfaE_stfE_predicted,0.3333333333333333,2,2,TCACCCCCGACATACGAATA,0,3486170
tfaE_stfE_predicted,0.3333333333333333,2,2,TCACACAAGGAGTCCACGCG,0,3483409
tfaE_stfE_predicted,0.3333333333333333,2,2,TCACAATAGGGAAACTAAGT,0,3483498
tfaE_stfE_predicted,0.3333333333333333,2,2,TCACAAAGCGACGAGGTTGA,0,3515146
tfaE_stfE_predicted,0.3333333333333333,2,2,TCAATTGCTTCAACTACCGT,0,3520096
tfaE_stfE_predicted,0.3333333333333333,2,2,TCAATTCAGGGTTTGTGTAG,0,3483022
tfaE_stfE_predicted,0.3333333333333333,2,2,TCAATGTAGTTAGACTTACG,0,3524655
tfaE_stfE_predicted,0.3333333333333333,2,2,TCAATGCGTCGGTGGTGCTT,0,3523712
tfaE_stfE_predicted,0.3333333333333333,2,2,TCAATCCGCTACATGAGTAG,0,3476274
tfaE_stfE_predicted,0.3333333333333333,2,2,TCAATAATCCGGGCCAGCAA,0,3509322
tfaE_stfE_predicted,0.3333333333333333,2,2,TCAAGAGGTAATTTATACTC,0,3500729
tfaE_stfE_predicted,0.3333333333333333,2,2,TCAACTGCGAAATTTTCTCA,0,3499233
tfaE_stfE_predicted,0.3333333333333333,2,2,TCAACCATGGGGACCAGCCA,0,3482577
tfaE_stfE_predicted,0.3333333333333333,2,2,TCAACATGCGGCATATTATA,0,3472645
tfaE_stfE_predicted,0.3333333333333333,2,2,TCAAAGGTTGAATGCACAGT,0,3484622
tfaE_stfE_predicted,0.3333333333333333,2,2,TCAAAGCGTGCTCCTGTGTT,0,3506814
tfaE_stfE_predicted,0.3333333333333333,2,2,TCAAACGGTCCGGCTTCGCA,0,3502386
tfaE_stfE_predicted,0.3333333333333333,2,2,TCAAAACAGTTATCACCCAC,0,3474293
tfaE_stfE_predicted,0.3333333333333333,2,2,TATTTACGGCATATTTGGTT,0,3482740
tfaE_stfE_predicted,0.3333333333333333,2,2,TATTGGGGTCTTATGTGGAT,0,3536397
tfaE_stfE_predicted,0.3333333333333333,2,2,TATTGGCTGGCGGTGATGAA,0,3505472
tfaE_stfE_predicted,0.3333333333333333,2,2,TATTGCCAAGCCGACGATGC,0,3475248
tfaE_stfE_predicted,0.3333333333333333,2,2,TATTCAGGCTGTATGCCTTA,0,3525374
tfaE_stfE_predicted,0.3333333333333333,2,2,TATTATATTCCCTTATAATC,0,3484569
tfaE_stfE_predicted,0.3333333333333333,2,2,TATTAGGCGGGCACTCCGGA,0,3513355
tfaE_stfE_predicted,0.3333333333333333,2,2,TATTACACCAACTTACATTT,0,3471302
tfaE_stfE_predicted,0.3333333333333333,2,2,TATGTGGTATGTGATGACCT,0,3515628
tfaE_stfE_predicted,0.3333333333333333,2,2,TATGTCTGTCAATCGAAGAG,0,3517668
tfaE_stfE_predicted,0.3333333333333333,2,2,TATGGTGACAGACTCCGGAA,0,3486810
tfaE_stfE_predicted,0.3333333333333333,2,2,TATGGCCGCTGGCCTTATAT,0,3525930
tfaE_stfE_predicted,0.3333333333333333,2,2,TATGGATTCTTTTCGAATCT,0,3505925
tfaE_stfE_predicted,0.3333333333333333,2,2,TATGCTCATATGTACGCATA,0,3525687
tfaE_stfE_predicted,0.3333333333333333,2,2,TATGATTTCTGGTTTAACGA,0,3483871
tfaE_stfE_predicted,0.3333333333333333,2,2,TATGATTGATATCACGCCCG,0,3521307
tfaE_stfE_predicted,0.3333333333333333,2,2,TATGATAGTGAATCGCATAT,0,3470596
tfaE_stfE_predicted,0.3333333333333333,2,2,TATGAGGCTCATCGACAAAC,0,3531045
tfaE_stfE_predicted,0.3333333333333333,2,2,TATGACTCCCCCCTTATTGG,0,3532985
tfaE_stfE_predicted,0.3333333333333333,2,2,TATGACCCGGACGTAACGAT,0,3510640
tfaE_stfE_predicted,0.3333333333333333,2,2,TATCTTACTGAGGCGGACAG,0,3507442
tfaE_stfE_predicted,0.3333333333333333,2,2,TATCGTGCTAACGGAAGCCT,0,3486153
tfaE_stfE_predicted,0.3333333333333333,2,2,TATCGCTTTAGCCGGACGCA,0,3505114
tfaE_stfE_predicted,0.3333333333333333,2,2,TATCGCATGTCAGTAGGTCG,0,3510914
tfaE_stfE_predicted,0.3333333333333333,2,2,TATCGCACGCAGATATTGGT,0,3510244
tfaE_stfE_predicted,0.3333333333333333,2,2,TATCCTAGAGGGGATCAACG,0,3473006
tfaE_stfE_predicted,0.3333333333333333,2,2,TATCCATGGTCGCGTTAACG,0,3507431
tfaE_stfE_predicted,0.3333333333333333,2,2,TATCAGCAGAAACTCGCGAT,0,3526514
tfaE_stfE_predicted,0.3333333333333333,2,2,TATATGCGTGGATGAAATTC,0,3532790
tfaE_stfE_predicted,0.3333333333333333,2,2,TATATCGGTCTAACCTAATG,0,3477825
tfaE_stfE_predicted,0.3333333333333333,2,2,TATATCCGCAGAAGTCTAAG,0,3472447
tfaE_stfE_predicted,0.3333333333333333,2,2,TATAGGTCCTTAAAGTTCAA,0,3495991
tfaE_stfE_predicted,0.3333333333333333,2,2,TATAGGGGGGAGGTCTCATA,0,3505858
tfaE_stfE_predicted,0.3333333333333333,2,2,TATAGCGCTTGGCCGTAGAT,0,3515598
tfaE_stfE_predicted,0.3333333333333333,2,2,TATACGAGAATAATCGTCAG,0,3475363
tfaE_stfE_predicted,0.3333333333333333,2,2,TATACATATTTCAGTGAACA,0,3511889
tfaE_stfE_predicted,0.3333333333333333,2,2,TAGTTCTAGCGGACGACGGC,0,3480943
tfaE_stfE_predicted,0.3333333333333333,2,2,TAGTACATTTACAGTTTTAA,0,3531167
tfaE_stfE_predicted,0.3333333333333333,2,2,TAGGGTATCGCTCAGGTAAG,0,3520779
tfaE_stfE_predicted,0.3333333333333333,2,2,TAGGGGCTATTACAAGGCTA,0,3498225
tfaE_stfE_predicted,0.3333333333333333,2,2,TAGGGGCATGGGTGTCAGTC,0,3489277
tfaE_stfE_predicted,0.3333333333333333,2,2,TAGGCGCGTGCGGGTTGCAA,0,3486813
tfaE_stfE_predicted,0.3333333333333333,2,2,TAGGAACAACTTGACACACA,0,3500165
tfaE_stfE_predicted,0.3333333333333333,2,2,TAGCTGATATGTTTATCTGA,0,3480115
tfaE_stfE_predicted,0.3333333333333333,2,2,TAGCTCCAGTCCGCTCGCAA,0,3531050
tfaE_stfE_predicted,0.3333333333333333,2,2,TAGCTCAGGGGGGTATGTAG,0,3506651
tfaE_stfE_predicted,0.3333333333333333,2,2,TAGCGGCAGAGATCCGAACA,0,3473325
tfaE_stfE_predicted,0.3333333333333333,2,2,TAGCGGAAAATGACGCCGAT,0,3520603
tfaE_stfE_predicted,0.3333333333333333,2,2,TAGCGCTTTCTATTGGGATG,0,3491193
tfaE_stfE_predicted,0.3333333333333333,2,2,TAGCGAGGTAAGTAAGCCTC,0,3492096
tfaE_stfE_predicted,0.3333333333333333,2,2,TAGCCTGTATTCTCGAAATT,0,3527116
tfaE_stfE_predicted,0.3333333333333333,2,2,TAGCCTGGGGATCCTGCGGT,0,3473463
tfaE_stfE_predicted,0.3333333333333333,2,2,TAGCCTATCTAGAAGCGCGA,0,3478951
tfaE_stfE_predicted,0.3333333333333333,2,2,TAGCCTATCGTTATTCTAGC,0,3478444
tfaE_stfE_predicted,0.3333333333333333,2,2,TAGCCGAGCGTCGGCAAGGC,0,3512350
tfaE_stfE_predicted,0.3333333333333333,2,2,TAGCCCTTATTATGGACAGC,0,3484995
tfaE_stfE_predicted,0.3333333333333333,2,2,TAGCAGTGGTCGGTTCTATC,0,3517200
tfaE_stfE_predicted,0.3333333333333333,2,2,TAGCACCTTTGACAGCGGCA,0,3501897
tfaE_stfE_predicted,0.3333333333333333,2,2,TAGCAACCAGCCACCCGACC,0,3492216
tfaE_stfE_predicted,0.3333333333333333,2,2,TAGATCCCTGGATTTCGCAG,0,3484208
tfaE_stfE_predicted,0.3333333333333333,2,2,TAGATACACAAATGCAATAG,0,3479200
tfaE_stfE_predicted,0.3333333333333333,2,2,TAGAGTTCAGAGGTGGGAAA,0,3532690
tfaE_stfE_predicted,0.3333333333333333,2,2,TAGAGTAGTATGGGCGGCGC,0,3479112
tfaE_stfE_predicted,0.3333333333333333,2,2,TAGAGAGGTAACAGATCCGA,0,3522864
tfaE_stfE_predicted,0.3333333333333333,2,2,TAGAGAGGATCGGGTGACGT,0,3504022
tfaE_stfE_predicted,0.3333333333333333,2,2,TAGAAACTTTTTGACGGCAA,0,3497806
tfaE_stfE_predicted,0.3333333333333333,2,2,TAGAAACAAAGTAGTGCGCA,0,3524232
tfaE_stfE_predicted,0.3333333333333333,2,2,TACTTTGGCAGTGGCTCCAG,0,3522176
tfaE_stfE_predicted,0.3333333333333333,2,2,TACTTGTGCTTTAAATGCGC,0,3491249
tfaE_stfE_predicted,0.3333333333333333,2,2,TACTTGTGAACAAAAGTAAA,0,3526825
tfaE_stfE_predicted,0.3333333333333333,2,2,TACTTGGGCTTCCTATCGTT,0,3468302
tfaE_stfE_predicted,0.3333333333333333,2,2,TACTTATAATATGGTAATTG,0,3535901
tfaE_stfE_predicted,0.3333333333333333,2,2,TACTGCTGGCCTTTCACATC,0,3499678
tfaE_stfE_predicted,0.3333333333333333,2,2,TACTCCGAGCTACTGCTAGT,0,3485805
tfaE_stfE_predicted,0.3333333333333333,2,2,TACTACGTAACGCTACCTAT,0,3478963
tfaE_stfE_predicted,0.3333333333333333,2,2,TACTACGAATGGCAACATAG,0,3497679
tfaE_stfE_predicted,0.3333333333333333,2,2,TACTACCGCTGTAGGATCCA,0,3538741
tfaE_stfE_predicted,0.3333333333333333,2,2,TACTAATATTCTTAGGTTGG,0,3516069
tfaE_stfE_predicted,0.3333333333333333,2,2,TACGTTAGAGGAGATGGTGT,0,3500960
tfaE_stfE_predicted,0.3333333333333333,2,2,TACGTAGGAATCACATATCC,0,3520259
tfaE_stfE_predicted,0.3333333333333333,2,2,TACGGTGGGCAATGTGGGTC,0,3530359
tfaE_stfE_predicted,0.3333333333333333,2,2,TACGGGGGCGATATGCTGAG,0,3497055
tfaE_stfE_predicted,0.3333333333333333,2,2,TACGGCTCGCGATTAAATCA,0,3523282
tfaE_stfE_predicted,0.3333333333333333,2,2,TACGGCGGTAAGCAAGACTC,0,3492516
tfaE_stfE_predicted,0.3333333333333333,2,2,TACCTTCAACTCTAACCGCA,0,3507994
tfaE_stfE_predicted,0.3333333333333333,2,2,TACCTGGGTGGACTTATAAA,0,3468987
tfaE_stfE_predicted,0.3333333333333333,2,2,TACCTATATCTTGTTGTAAA,0,3538540
tfaE_stfE_predicted,0.3333333333333333,2,2,TACCTATATCCAAATAGTCG,0,3535708
tfaE_stfE_predicted,0.3333333333333333,2,2,TACCGGCGCAGGACTGTTTG,0,3498892
tfaE_stfE_predicted,0.3333333333333333,2,2,TACCGCAGTATCTCGGACAT,0,3505594
tfaE_stfE_predicted,0.3333333333333333,2,2,TACCGCAAATGACGCTATGT,0,3495509
tfaE_stfE_predicted,0.3333333333333333,2,2,TACCCGCACCTGGTAGCGCG,0,3527998
tfaE_stfE_predicted,0.3333333333333333,2,2,TACCCCTAGGATGATTTACC,0,3480994
tfaE_stfE_predicted,0.3333333333333333,2,2,TACCATGAAAGATTAATAGT,0,3467656
tfaE_stfE_predicted,0.3333333333333333,2,2,TACATGGTTCTATCGTACCG,0,3496214
tfaE_stfE_predicted,0.3333333333333333,2,2,TACAGTATCAGTTCGATGCC,0,3481251
tfaE_stfE_predicted,0.3333333333333333,2,2,TACAGCGCCCATTTTTCATG,0,3526011
tfaE_stfE_predicted,0.3333333333333333,2,2,TACACGTGTTCAAACCATCA,0,3508022
tfaE_stfE_predicted,0.3333333333333333,2,2,TACACCGGCTCAGGAAAAAG,0,3473801
tfaE_stfE_predicted,0.3333333333333333,2,2,TACACCACCTACCTACCGGT,0,3521486
tfaE_stfE_predicted,0.3333333333333333,2,2,TACAAAGGACGGAACCGCGT,0,3523752
tfaE_stfE_predicted,0.3333333333333333,2,2,TAATTATGTTGATATGGCTG,0,3474561
tfaE_stfE_predicted,0.3333333333333333,2,2,TAATCCGTCAGGACAGGTTG,0,3481908
tfaE_stfE_predicted,0.3333333333333333,2,2,TAATCATCTTCGTCTGGGGG,0,3493195
tfaE_stfE_predicted,0.3333333333333333,2,2,TAATCACAGTCGCGCGCAAT,0,3470021
tfaE_stfE_predicted,0.3333333333333333,2,2,TAATAGAACCGCAATATGAC,0,3515943
tfaE_stfE_predicted,0.3333333333333333,2,2,TAAGTCCGGACGGGTGGGTA,0,3531319
tfaE_stfE_predicted,0.3333333333333333,2,2,TAAGGTCGCGCCACCAGACT,0,3513006
tfaE_stfE_predicted,0.3333333333333333,2,2,TAAGGGTAAGGGTGGGTTCG,0,3504099
tfaE_stfE_predicted,0.3333333333333333,2,2,TAAGAATTAGTATAGCTGTT,0,3537770
tfaE_stfE_predicted,0.3333333333333333,2,2,TAACTATTACGGTAGGATCA,0,3515865
tfaE_stfE_predicted,0.3333333333333333,2,2,TAACGGAAAACCGTGCCAGT,0,3524473
tfaE_stfE_predicted,0.3333333333333333,2,2,TAACGAAGGTCCAATTGCGA,0,3535759
tfaE_stfE_predicted,0.3333333333333333,2,2,TAACCTTGCCGCATAGCCTA,0,3497343
tfaE_stfE_predicted,0.3333333333333333,2,2,TAACCTCTACTGTGCAGAAC,0,3491210
tfaE_stfE_predicted,0.3333333333333333,2,2,TAACCTAGACGGACCAATAT,0,3512940
tfaE_stfE_predicted,0.3333333333333333,2,2,TAACCGTCTTCTACGAGTGC,0,3487892
tfaE_stfE_predicted,0.3333333333333333,2,2,TAACCGAGATGAAGTGGTAC,0,3534150
tfaE_stfE_predicted,0.3333333333333333,2,2,TAACCAAGAAAGACTGTCAA,0,3483162
tfaE_stfE_predicted,0.3333333333333333,2,2,TAACATGTTAAACGGGGGGA,0,3482087
tfaE_stfE_predicted,0.3333333333333333,2,2,TAACATGGCGATAGCGGTAC,0,3484740
tfaE_stfE_predicted,0.3333333333333333,2,2,TAACAATGGGTACTGGTCGT,0,3506686
tfaE_stfE_predicted,0.3333333333333333,2,2,TAACAATCAATTTCCGGGTT,0,3495253
tfaE_stfE_predicted,0.3333333333333333,2,2,TAAATGTGAAAAGGTCTCAT,0,3486164
tfaE_stfE_predicted,0.3333333333333333,2,2,TAAATGCGTATTAAGTACTG,0,3487513
tfaE_stfE_predicted,0.3333333333333333,2,2,TAAATCGAGAAAATTGAAGG,0,3521800
tfaE_stfE_predicted,0.3333333333333333,2,2,TAAAGTGGTGCTTCACGATC,0,3533119
tfaE_stfE_predicted,0.3333333333333333,2,2,TAAAGTGCCCCTACCTTCCC,0,3508901
tfaE_stfE_predicted,0.3333333333333333,2,2,TAAAGGGACACTCATTGGGC,0,3499268
tfaE_stfE_predicted,0.3333333333333333,2,2,TAAACTTGATCCTTCTATGG,0,3496452
tfaE_stfE_predicted,0.3333333333333333,2,2,TAAACGTTAATATTCCGCGG,0,3533345
tfaE_stfE_predicted,0.3333333333333333,2,2,TAAACGCTCCTGGGCGTTAG,0,3479458
tfaE_stfE_predicted,0.3333333333333333,2,2,TAAACCGGTAGCGTCGAGCT,0,3513918
tfaE_stfE_predicted,0.3333333333333333,2,2,TAAACACGCATTGACCAGGC,0,3515297
tfaE_stfE_predicted,0.3333333333333333,2,2,TAAAAGTCCACTGGCCTCTC,0,3501631
tfaE_stfE_predicted,0.3333333333333333,2,2,TAAAAAGGGTATATGTCCAG,0,3532099
tfaE_stfE_predicted,0.3333333333333333,2,2,GTTTTGTAAGACAGGAGGGT,0,3488818
tfaE_stfE_predicted,0.3333333333333333,2,2,GTTTTCTAATTGTGCAATTG,0,3476094
tfaE_stfE_predicted,0.3333333333333333,2,2,GTTTTCCCAGCACTCTATCT,0,3500883
tfaE_stfE_predicted,0.3333333333333333,2,2,GTTTGGGTTCCTTAACAATT,0,3523368
tfaE_stfE_predicted,0.3333333333333333,2,2,GTTTGCATCCAAGTGCGACT,0,3498466
tfaE_stfE_predicted,0.3333333333333333,2,2,GTTTGAGCGGATATTGCCCC,0,3533127
tfaE_stfE_predicted,0.3333333333333333,2,2,GTTTCGACTTCGGAAGCGCA,0,3537721
tfaE_stfE_predicted,0.3333333333333333,2,2,GTTTAGACACATACTTGTTC,0,3525911
tfaE_stfE_predicted,0.3333333333333333,2,2,GTTTACGGTCTGGGCATGAT,0,3488468
tfaE_stfE_predicted,0.3333333333333333,2,2,GTTTACCAATTTGGGAAAAT,0,3470157
tfaE_stfE_predicted,0.3333333333333333,2,2,GTTTAACGTTTGCAAGCGCG,0,3531338
tfaE_stfE_predicted,0.3333333333333333,2,2,GTTGTCTTGTGACATAGACC,0,3485924
tfaE_stfE_predicted,0.3333333333333333,2,2,GTTGTCCCTAATTCTAAGCC,0,3473838
tfaE_stfE_predicted,0.3333333333333333,2,2,GTTGGTCCCGATGGTCGGGG,0,3530473
tfaE_stfE_predicted,0.3333333333333333,2,2,GTTGGTCATGTTACGACTCT,0,3483641
tfaE_stfE_predicted,0.3333333333333333,2,2,GTTGGGGTCCATCCACCGAA,0,3511747
tfaE_stfE_predicted,0.3333333333333333,2,2,GTTGGATAATTACGTTTGCC,0,3510947
tfaE_stfE_predicted,0.3333333333333333,2,2,GTTGCTCGTCTAACTAATAT,0,3486243
tfaE_stfE_predicted,0.3333333333333333,2,2,GTTGCTAGAATATATGCCAA,0,3501379
tfaE_stfE_predicted,0.3333333333333333,2,2,GTTGCGTTTAGGAGACAGTG,0,3474659
tfaE_stfE_predicted,0.3333333333333333,2,2,GTTGCCATGTATCTAACGTA,0,3529025
tfaE_stfE_predicted,0.3333333333333333,2,2,GTTGATCGTTCACCATGGGG,0,3477081
tfaE_stfE_predicted,0.3333333333333333,2,2,GTTCGTTCTCGCGGACCCGT,0,3531253
tfaE_stfE_predicted,0.3333333333333333,2,2,GTTCGTATGCTTAAATTCAC,0,3507720
tfaE_stfE_predicted,0.3333333333333333,2,2,GTTCGAAGTGCCAAACTAGG,0,3531714
tfaE_stfE_predicted,0.3333333333333333,2,2,GTTCATGGCATACCGGCCTA,0,3530731
tfaE_stfE_predicted,0.3333333333333333,2,2,GTTCATCAATGTTTTACGGT,0,3492702
tfaE_stfE_predicted,0.3333333333333333,2,2,GTTCATAGTAGACAACTCTC,0,3478212
tfaE_stfE_predicted,0.3333333333333333,2,2,GTTCACTAACATAGAATTCT,0,3467147
tfaE_stfE_predicted,0.3333333333333333,2,2,GTTCAAGGGGTAGTCCAGGG,0,3491092
tfaE_stfE_predicted,0.3333333333333333,2,2,GTTATTCTCTTATGACACGG,0,3525666
tfaE_stfE_predicted,0.3333333333333333,2,2,GTTATGTGTTACGTTCGTGC,0,3513676
tfaE_stfE_predicted,0.3333333333333333,2,2,GTTATGGGCGTGCTTGCTCT,0,3502188
tfaE_stfE_predicted,0.3333333333333333,2,2,GTTATGGACAATGACACAAT,0,3487764
tfaE_stfE_predicted,0.3333333333333333,2,2,GTTATCCTACTTTTTCGTCT,0,3499100
tfaE_stfE_predicted,0.3333333333333333,2,2,GTTATATCTACATTCTTGAG,0,3525946
tfaE_stfE_predicted,0.3333333333333333,2,2,GTTAGTTCATGTCAGTGAGG,0,3501626
tfaE_stfE_predicted,0.3333333333333333,2,2,GTTAGTGCCACGCTAGAGGA,0,3539681
tfaE_stfE_predicted,0.3333333333333333,2,2,GTTAGGAAAACATTACACTG,0,3518841
tfaE_stfE_predicted,0.3333333333333333,2,2,GTTACCCCTACGGAACATAG,0,3531091
tfaE_stfE_predicted,0.3333333333333333,2,2,GTTACAAACCAAAGGTTGTA,0,3519021
tfaE_stfE_predicted,0.3333333333333333,2,2,GTTACAAAATCAAATTCTTC,0,3526597
tfaE_stfE_predicted,0.3333333333333333,2,2,GTTAATTGTACAGACCCCAG,0,3494644
tfaE_stfE_predicted,0.3333333333333333,2,2,GTTAAATACCTATCAACGAG,0,3508410
tfaE_stfE_predicted,0.3333333333333333,2,2,GTGTTTGCTGAAGAGGTTGG,0,3534616
tfaE_stfE_predicted,0.3333333333333333,2,2,GTGTTTCAAAGACTGCTATA,0,3531282
tfaE_stfE_predicted,0.3333333333333333,2,2,GTGTTGATTACCTCATAATT,0,3471130
tfaE_stfE_predicted,0.3333333333333333,2,2,GTGTTACGGCAATACCGATA,0,3515529
tfaE_stfE_predicted,0.3333333333333333,2,2,GTGTTACAAGGAGATATGGA,0,3482684
tfaE_stfE_predicted,0.3333333333333333,2,2,GTGTGTATTGCTCCCATTGC,0,3479819
tfaE_stfE_predicted,0.3333333333333333,2,2,GTGTGTAATTGAGTCTTCAC,0,3507009
tfaE_stfE_predicted,0.3333333333333333,2,2,GTGTGGCACATTATCCTTCG,0,3496711
tfaE_stfE_predicted,0.3333333333333333,2,2,GTGTGAGAATACTTGGCCAA,0,3517171
tfaE_stfE_predicted,0.3333333333333333,2,2,GTGTCCGAATAATGGAGCCT,0,3508358
tfaE_stfE_predicted,0.3333333333333333,2,2,GTGTACCTTCTCTGTGTTAT,0,3531364
tfaE_stfE_predicted,0.3333333333333333,2,2,GTGTACAGAGGATTTCGTAG,0,3533941
tfaE_stfE_predicted,0.3333333333333333,2,2,GTGGTATTATTGTGAGATTC,0,3528182
tfaE_stfE_predicted,0.3333333333333333,2,2,GTGGGTGCTCGGTCAAAGGT,0,3494208
tfaE_stfE_predicted,0.3333333333333333,2,2,GTGGGCTTGCACTGCTCGGC,0,3489260
tfaE_stfE_predicted,0.3333333333333333,2,2,GTGGGCGGACCTCGCGAATA,0,3536811
tfaE_stfE_predicted,0.3333333333333333,2,2,GTGGGCCCTACGCTTCGGCA,0,3486412
tfaE_stfE_predicted,0.3333333333333333,2,2,GTGGGATTTTTTGGCGGTCG,0,3500486
tfaE_stfE_predicted,0.3333333333333333,2,2,GTGGCGTCCTACTCCTGCTA,0,3524350
tfaE_stfE_predicted,0.3333333333333333,2,2,GTGGCCCAACGTGGTTTCAT,0,3503911
tfaE_stfE_predicted,0.3333333333333333,2,2,GTGGATAAAATACGAATATA,0,3475204
tfaE_stfE_predicted,0.3333333333333333,2,2,GTGGAGACAATACTTACTCT,0,3528671
tfaE_stfE_predicted,0.3333333333333333,2,2,GTGCTTCTAGGGTCTACTAG,0,3503881
tfaE_stfE_predicted,0.3333333333333333,2,2,GTGCTTCCGGGCAGGCGTAC,0,3492031
tfaE_stfE_predicted,0.3333333333333333,2,2,GTGCTGGGAGATCGGTTCAA,0,3480096
tfaE_stfE_predicted,0.3333333333333333,2,2,GTGCGCTCCGCTTGTCGCGT,0,3510888
tfaE_stfE_predicted,0.3333333333333333,2,2,GTGCCTGTTTTGGTAATGGT,0,3512837
tfaE_stfE_predicted,0.3333333333333333,2,2,GTGCCTACCGTGTTCAGGCA,0,3505011
tfaE_stfE_predicted,0.3333333333333333,2,2,GTGCCAGGGCGAAAACGTCA,0,3500668
tfaE_stfE_predicted,0.3333333333333333,2,2,GTGCACTCAAAGCGTTACAG,0,3494326
tfaE_stfE_predicted,0.3333333333333333,2,2,GTGCAAACGTTGGGAGCGAT,0,3505980
tfaE_stfE_predicted,0.3333333333333333,2,2,GTGATTTCTTGAGGCACCAG,0,3519845
tfaE_stfE_predicted,0.3333333333333333,2,2,GTGATCGGGTCTCCGTTCCC,0,3479722
tfaE_stfE_predicted,0.3333333333333333,2,2,GTGATCACGGGTGACGGAGT,0,3505048
tfaE_stfE_predicted,0.3333333333333333,2,2,GTGAGGACTTCGAGAACGTA,0,3501326
tfaE_stfE_predicted,0.3333333333333333,2,2,GTGACTGTTTTACTCCCTTC,0,3468526
tfaE_stfE_predicted,0.3333333333333333,2,2,GTGACTCATTCATTCTGCCT,0,3483744
tfaE_stfE_predicted,0.3333333333333333,2,2,GTGACGTACTCCAGATCGAT,0,3502950
tfaE_stfE_predicted,0.3333333333333333,2,2,GTGACGAGCCGCGGTCACGC,0,3473526
tfaE_stfE_predicted,0.3333333333333333,2,2,GTGACCCACTCCCCTCCGGA,0,3481873
tfaE_stfE_predicted,0.3333333333333333,2,2,GTGACAGTTCATTCCAGCTG,0,3513169
tfaE_stfE_predicted,0.3333333333333333,2,2,GTGACAGCGGATAATGGCGG,0,3474704
tfaE_stfE_predicted,0.3333333333333333,2,2,GTGAAGTGCATCTCAGATAA,0,3532571
tfaE_stfE_predicted,0.3333333333333333,2,2,GTGAAGGGGCGACGGCGCAG,0,3518798
tfaE_stfE_predicted,0.3333333333333333,2,2,GTCTGCACATTCACTGTAGT,0,3505797
tfaE_stfE_predicted,0.3333333333333333,2,2,GTCTCCCACCCCAGGTATGT,0,3530897
tfaE_stfE_predicted,0.3333333333333333,2,2,GTCTCCCAAACCGTCAAACC,0,3481468
tfaE_stfE_predicted,0.3333333333333333,2,2,GTCTATCGAGGTGAGTCTAA,0,3477261
tfaE_stfE_predicted,0.3333333333333333,2,2,GTCTAAAGCAGACGGCGAAG,0,3537598
tfaE_stfE_predicted,0.3333333333333333,2,2,GTCGCTGTTTCGAGTTTCCT,0,3533048
tfaE_stfE_predicted,0.3333333333333333,2,2,GTCGCGTTCATTGATTACGC,0,3482058
tfaE_stfE_predicted,0.3333333333333333,2,2,GTCGCGGGCGGATATGCGCG,0,3509234
tfaE_stfE_predicted,0.3333333333333333,2,2,GTCGAGGAAACGGGCCGGTC,0,3533999
tfaE_stfE_predicted,0.3333333333333333,2,2,GTCCTTGTGGGCTTACAATT,0,3498996
tfaE_stfE_predicted,0.3333333333333333,2,2,GTCCTGAGCGTTCCGTTACA,0,3493380
tfaE_stfE_predicted,0.3333333333333333,2,2,GTCCTCATTGGAAGTCCGCA,0,3485824
tfaE_stfE_predicted,0.3333333333333333,2,2,GTCCTAGATGTTAAATATCG,0,3523779
tfaE_stfE_predicted,0.3333333333333333,2,2,GTCCTAACGCCCTAAGGCGA,0,3511391
tfaE_stfE_predicted,0.3333333333333333,2,2,GTCCCTATCATCAGGGTGCT,0,3474644
tfaE_stfE_predicted,0.3333333333333333,2,2,GTCCCAGAACGAAACGTTTG,0,3532181
tfaE_stfE_predicted,0.3333333333333333,2,2,GTCCACCTGCGTTTAAGTGT,0,3536370
tfaE_stfE_predicted,0.3333333333333333,2,2,GTCCAAACGGGTGCTTTACG,0,3490799
tfaE_stfE_predicted,0.3333333333333333,2,2,GTCATTTGTAGGCAGATTGA,0,3528928
tfaE_stfE_predicted,0.3333333333333333,2,2,GTCATTTAAATGGCGCGGCT,0,3527281
tfaE_stfE_predicted,0.3333333333333333,2,2,GTCATTAGTACACGCTGCAG,0,3519571
tfaE_stfE_predicted,0.3333333333333333,2,2,GTCATCTTGAAATATAGCAG,0,3513691
tfaE_stfE_predicted,0.3333333333333333,2,2,GTCATATTAGTTTTCCTCGC,0,3472174
tfaE_stfE_predicted,0.3333333333333333,2,2,GTCACGCTGAGTGAATCCCG,0,3508314
tfaE_stfE_predicted,0.3333333333333333,2,2,GTCAAGAGCGGACAGCGGCC,0,3492849
tfaE_stfE_predicted,0.3333333333333333,2,2,GTCAACGGGCTGTATAGCTT,0,3518853
tfaE_stfE_predicted,0.3333333333333333,2,2,GTATTTCTCCCCCATATCGT,0,3520974
tfaE_stfE_predicted,0.3333333333333333,2,2,GTATTAAATCCGGCGGTCAT,0,3533045
tfaE_stfE_predicted,0.3333333333333333,2,2,GTATGGCAAATAGCAATGCA,0,3492787
tfaE_stfE_predicted,0.3333333333333333,2,2,GTATGAGACGATCATGACCT,0,3516569
tfaE_stfE_predicted,0.3333333333333333,2,2,GTATGACCGGGTTACACGCT,0,3511771
tfaE_stfE_predicted,0.3333333333333333,2,2,GTATCTTGCACTTCCAGGGA,0,3494675
tfaE_stfE_predicted,0.3333333333333333,2,2,GTATCCGACCTGGCAATATA,0,3469186
tfaE_stfE_predicted,0.3333333333333333,2,2,GTATATTATAACCCGGCTGG,0,3485234
tfaE_stfE_predicted,0.3333333333333333,2,2,GTAGTTTGGGAGAAAAACTT,0,3540073
tfaE_stfE_predicted,0.3333333333333333,2,2,GTAGGGTGTCCCGTTAGGCA,0,3513060
tfaE_stfE_predicted,0.3333333333333333,2,2,GTAGGCATAGTTCACGTGCT,0,3518215
tfaE_stfE_predicted,0.3333333333333333,2,2,GTAGGCACTCGCGGTGACAA,0,3533534
tfaE_stfE_predicted,0.3333333333333333,2,2,GTAGCTTAGTGTCAATATAA,0,3534094
tfaE_stfE_predicted,0.3333333333333333,2,2,GTAGCTGTCGTTCTCGACCA,0,3514347
tfaE_stfE_predicted,0.3333333333333333,2,2,GTAGCTGAGCGCATAGCGCG,0,3519244
tfaE_stfE_predicted,0.3333333333333333,2,2,GTAGCCCTCGTAAGCTACTT,0,3498203
tfaE_stfE_predicted,0.3333333333333333,2,2,GTAGCATGCGCGTATTTTAT,0,3468725
tfaE_stfE_predicted,0.3333333333333333,2,2,GTAGATCATACACGCGACGA,0,3500653
tfaE_stfE_predicted,0.3333333333333333,2,2,GTAGAGCTACATGATAAGAA,0,3527407
tfaE_stfE_predicted,0.3333333333333333,2,2,GTAGACTATGCCATATTCTA,0,3471678
tfaE_stfE_predicted,0.3333333333333333,2,2,GTAGACTACGAGAAACTCTA,0,3534472
tfaE_stfE_predicted,0.3333333333333333,2,2,GTAGACTAACAGGAGGAGAA,0,3540075
tfaE_stfE_predicted,0.3333333333333333,2,2,GTAGACCGATGTGAGTCTTC,0,3471841
tfaE_stfE_predicted,0.3333333333333333,2,2,GTACTTTAATGTATGAGTGA,0,3534153
tfaE_stfE_predicted,0.3333333333333333,2,2,GTACTGTTTACCGCCATAGC,0,3490819
tfaE_stfE_predicted,0.3333333333333333,2,2,GTACTACGAATCATAGCATA,0,3503174
tfaE_stfE_predicted,0.3333333333333333,2,2,GTACGTGCGCGTGCGTCGCG,0,3510509
tfaE_stfE_predicted,0.3333333333333333,2,2,GTACGGCTCTGGCATCCAAT,0,3468473
tfaE_stfE_predicted,0.3333333333333333,2,2,GTACGACAGCAGGTAAGTGA,0,3488000
tfaE_stfE_predicted,0.3333333333333333,2,2,GTACCGTATACTCTATCGCG,0,3473180
tfaE_stfE_predicted,0.3333333333333333,2,2,GTACCGGGGTGACTTTCGAA,0,3514124
tfaE_stfE_predicted,0.3333333333333333,2,2,GTACCAAAAGGGAAGATCAG,0,3489171
tfaE_stfE_predicted,0.3333333333333333,2,2,GTACACGAAGATACCAGTAT,0,3515070
tfaE_stfE_predicted,0.3333333333333333,2,2,GTAATTATGTATTGGGAGAA,0,3489655
tfaE_stfE_predicted,0.3333333333333333,2,2,GTAATCTTTAGGTTCTACCC,0,3466637
tfaE_stfE_predicted,0.3333333333333333,2,2,GTAAGTGTTTAGATTGAGTG,0,3497311
tfaE_stfE_predicted,0.3333333333333333,2,2,GTAAGTAGTGGGGAGAGGCT,0,3469603
tfaE_stfE_predicted,0.3333333333333333,2,2,GTAAGATCCCTCCCATATAA,0,3520627
tfaE_stfE_predicted,0.3333333333333333,2,2,GTAACGACGGAAGAAACCTT,0,3541225
tfaE_stfE_predicted,0.3333333333333333,2,2,GTAAATGGTAATTCCACCAG,0,3501846
tfaE_stfE_predicted,0.3333333333333333,2,2,GTAAAGAACAAGTACACATA,0,3484394
tfaE_stfE_predicted,0.3333333333333333,2,2,GGTTTGACTAGAGCGAACTC,0,3508540
tfaE_stfE_predicted,0.3333333333333333,2,2,GGTTGTCAAGCACGCTCTGG,0,3474221
tfaE_stfE_predicted,0.3333333333333333,2,2,GGTTGGTACTGACCTTACGT,0,3488436
tfaE_stfE_predicted,0.3333333333333333,2,2,GGTTCTAACGGCGCCTAGAG,0,3507137
tfaE_stfE_predicted,0.3333333333333333,2,2,GGTTCCTGGATTTCTTCAGC,0,3523775
tfaE_stfE_predicted,0.3333333333333333,2,2,GGTTCCCACATCGTGAGGTC,0,3475915
tfaE_stfE_predicted,0.3333333333333333,2,2,GGTTCCAAGGTCTTGGTGCA,0,3538514
tfaE_stfE_predicted,0.3333333333333333,2,2,GGTTCAATTTCACCTGGAAC,0,3476806
tfaE_stfE_predicted,0.3333333333333333,2,2,GGTTAGTCTCGCCAGGCCCT,0,3516356
tfaE_stfE_predicted,0.3333333333333333,2,2,GGTGTGGGAGGGGATTCCTT,0,3519741
tfaE_stfE_predicted,0.3333333333333333,2,2,GGTGTGCTGATCCTATTTTT,0,3526430
tfaE_stfE_predicted,0.3333333333333333,2,2,GGTGTCAGCGGTGTGCTCCC,0,3518694
tfaE_stfE_predicted,0.3333333333333333,2,2,GGTGGGTTGATTAGGCGTTT,0,3538551
tfaE_stfE_predicted,0.3333333333333333,2,2,GGTGGAGATCTTAGAATTTA,0,3508025
tfaE_stfE_predicted,0.3333333333333333,2,2,GGTGGACCCTCCGCAGGCTA,0,3525829
tfaE_stfE_predicted,0.3333333333333333,2,2,GGTGCCTTTCGGCGACTTTG,0,3476862
tfaE_stfE_predicted,0.3333333333333333,2,2,GGTGATTACAGCTCGAATCT,0,3491328
tfaE_stfE_predicted,0.3333333333333333,2,2,GGTGACCAATTGGCCGACGC,0,3536630
tfaE_stfE_predicted,0.3333333333333333,2,2,GGTCTGGGGGGTGTTAGAAA,0,3535677
tfaE_stfE_predicted,0.3333333333333333,2,2,GGTCTGCATCTAGCGCATAC,0,3531731
tfaE_stfE_predicted,0.3333333333333333,2,2,GGTCTCGTGGTGTATCTACT,0,3479058
tfaE_stfE_predicted,0.3333333333333333,2,2,GGTCGTGGTTTCGTCATAGG,0,3516573
tfaE_stfE_predicted,0.3333333333333333,2,2,GGTCGCTAAGCTCCCCTTGT,0,3530454
tfaE_stfE_predicted,0.3333333333333333,2,2,GGTCGAATCTTTTCTCTAAG,0,3537021
tfaE_stfE_predicted,0.3333333333333333,2,2,GGTCCGTAACAGAGGCCCAG,0,3513935
tfaE_stfE_predicted,0.3333333333333333,2,2,GGTCCCCTCCGAATACTCGT,0,3483335
tfaE_stfE_predicted,0.3333333333333333,2,2,GGTCATTTGAGAAAACTGAC,0,3479456
tfaE_stfE_predicted,0.3333333333333333,2,2,GGTCATATTCAATGACGAAT,0,3466926
tfaE_stfE_predicted,0.3333333333333333,2,2,GGTCAGGGGAGCAACTTCTT,0,3525270
tfaE_stfE_predicted,0.3333333333333333,2,2,GGTCAGGCTGGGCGAGCTGA,0,3536903
tfaE_stfE_predicted,0.3333333333333333,2,2,GGTCAAACCGCTTGACATAT,0,3492739
tfaE_stfE_predicted,0.3333333333333333,2,2,GGTATTTGTGAGAGAGGCGA,0,3499255
tfaE_stfE_predicted,0.3333333333333333,2,2,GGTATCGTCATTCCGCTTCG,0,3467028
tfaE_stfE_predicted,0.3333333333333333,2,2,GGTATCCAAGGACCTATTTG,0,3490381
tfaE_stfE_predicted,0.3333333333333333,2,2,GGTATAGGTACTCCCTCAAA,0,3508179
tfaE_stfE_predicted,0.3333333333333333,2,2,GGTATAGAAACACGCGAATT,0,3534940
tfaE_stfE_predicted,0.3333333333333333,2,2,GGTAGTCGTTATCGTATAAA,0,3514110
tfaE_stfE_predicted,0.3333333333333333,2,2,GGTAGGGAGGTATGACTTTG,0,3521952
tfaE_stfE_predicted,0.3333333333333333,2,2,GGTAGCGACTTGTGTATACT,0,3483966
tfaE_stfE_predicted,0.3333333333333333,2,2,GGTAGAGGGCGTTTTCCGCA,0,3514933
tfaE_stfE_predicted,0.3333333333333333,2,2,GGTAGAATACGCGACGGGCG,0,3532631
tfaE_stfE_predicted,0.3333333333333333,2,2,GGTACCCGGGTGGCCTAGAT,0,3510165
tfaE_stfE_predicted,0.3333333333333333,2,2,GGTACATAAGGCAGCAGTAC,0,3504482
tfaE_stfE_predicted,0.3333333333333333,2,2,GGTACAGGCCGGTTCCATTG,0,3525338
tfaE_stfE_predicted,0.3333333333333333,2,2,GGGTTGACCACGTAGATGAG,0,3474643
tfaE_stfE_predicted,0.3333333333333333,2,2,GGGTTCAGCTAAGCGAATAA,0,3528049
tfaE_stfE_predicted,0.3333333333333333,2,2,GGGTTATTCGGGAACTTATC,0,3474854
tfaE_stfE_predicted,0.3333333333333333,2,2,GGGTTATGAAGCCTAGATGT,0,3535028
tfaE_stfE_predicted,0.3333333333333333,2,2,GGGTGTCTAATTCGACACCG,0,3530049
tfaE_stfE_predicted,0.3333333333333333,2,2,GGGTGGCCAAATAACTGACA,0,3486012
tfaE_stfE_predicted,0.3333333333333333,2,2,GGGTGCCACGTACCTCCAAG,0,3529001
tfaE_stfE_predicted,0.3333333333333333,2,2,GGGTCGATTAAACTGTCACT,0,3502383
tfaE_stfE_predicted,0.3333333333333333,2,2,GGGTCAAAATCACCAATACT,0,3475966
tfaE_stfE_predicted,0.3333333333333333,2,2,GGGTAGGCATAATATTGCTA,0,3534813
tfaE_stfE_predicted,0.3333333333333333,2,2,GGGTAATTAATTTCTATTGA,0,3498080
tfaE_stfE_predicted,0.3333333333333333,2,2,GGGTAACGTGTGAGGCTCCG,0,3538780
tfaE_stfE_predicted,0.3333333333333333,2,2,GGGGTTTCTTCGTTGTCGTT,0,3535601
tfaE_stfE_predicted,0.3333333333333333,2,2,GGGGTTAGTGGCATGGGCGC,0,3490576
tfaE_stfE_predicted,0.3333333333333333,2,2,GGGGTGCGTGTACTATCGCC,0,3500633
tfaE_stfE_predicted,0.3333333333333333,2,2,GGGGTCGCCTTGATGGTCAT,0,3535997
tfaE_stfE_predicted,0.3333333333333333,2,2,GGGGTCGCCGGTTCCGGTAC,0,3501061
tfaE_stfE_predicted,0.3333333333333333,2,2,GGGGTAATGCATCCAGTAAT,0,3490495
tfaE_stfE_predicted,0.3333333333333333,2,2,GGGGGCCAACGCGTAATGAG,0,3487849
tfaE_stfE_predicted,0.3333333333333333,2,2,GGGGGCACTCCGGTTGGTAA,0,3481902
tfaE_stfE_predicted,0.3333333333333333,2,2,GGGGCTACGCATGATCAAGC,0,3511703
tfaE_stfE_predicted,0.3333333333333333,2,2,GGGGCGCCCTTTTTTCCCAG,0,3508911
tfaE_stfE_predicted,0.3333333333333333,2,2,GGGGCCGCTGTGTGGGTATA,0,3517949
tfaE_stfE_predicted,0.3333333333333333,2,2,GGGGCCCTCAGCTTTCGTTT,0,3529197
tfaE_stfE_predicted,0.3333333333333333,2,2,GGGGCATGCACTGCTGTAGA,0,3479522
tfaE_stfE_predicted,0.3333333333333333,2,2,GGGGCAATGGAAAAGAGCAG,0,3537255
tfaE_stfE_predicted,0.3333333333333333,2,2,GGGGATGCACTGTCCGAAAA,0,3524621
tfaE_stfE_predicted,0.3333333333333333,2,2,GGGGAAGTTAAAGCCGGGTG,0,3503417
tfaE_stfE_predicted,0.3333333333333333,2,2,GGGCTTAGCTTGGGTGCTCG,0,3482026
tfaE_stfE_predicted,0.3333333333333333,2,2,GGGCTAACAGCCAATCCCTG,0,3508740
tfaE_stfE_predicted,0.3333333333333333,2,2,GGGCTAAAAGCCGTCATCAT,0,3522912
tfaE_stfE_predicted,0.3333333333333333,2,2,GGGCGGATCGGGTGTAGCCT,0,3511959
tfaE_stfE_predicted,0.3333333333333333,2,2,GGGCCGCGACTCATGTATAG,0,3490923
tfaE_stfE_predicted,0.3333333333333333,2,2,GGGCATCTCACGCGGCTATT,0,3540282
tfaE_stfE_predicted,0.3333333333333333,2,2,GGGCACATGGCAACGATCTT,0,3484103
tfaE_stfE_predicted,0.3333333333333333,2,2,GGGCAAGCGCTCCGCGCGGT,0,3540418
tfaE_stfE_predicted,0.3333333333333333,2,2,GGGATACTCGGATTAACATA,0,3472687
tfaE_stfE_predicted,0.3333333333333333,2,2,GGGAGTCCAGCTGTTATGGT,0,3491919
tfaE_stfE_predicted,0.3333333333333333,2,2,GGGAGGTAGACGACTCCGAT,0,3503495
tfaE_stfE_predicted,0.3333333333333333,2,2,GGGAGCGTGTTTACAGATCG,0,3533857
tfaE_stfE_predicted,0.3333333333333333,2,2,GGGACTGGTAAAGTTGCAGA,0,3508688
tfaE_stfE_predicted,0.3333333333333333,2,2,GGGACGAGGGTATTTGCGGG,0,3474352
tfaE_stfE_predicted,0.3333333333333333,2,2,GGGAATGAAGCGGAGGACGG,0,3538702
tfaE_stfE_predicted,0.3333333333333333,2,2,GGCTTTATGAATCCACTTCC,0,3537704
tfaE_stfE_predicted,0.3333333333333333,2,2,GGCTTCCGGCTTATTAGACT,0,3489556
tfaE_stfE_predicted,0.3333333333333333,2,2,GGCTTAAGATTCTACGTGAA,0,3500083
tfaE_stfE_predicted,0.3333333333333333,2,2,GGCTTAAATAAGATGTTATA,0,3491491
tfaE_stfE_predicted,0.3333333333333333,2,2,GGCTGCGGTCAGGAGGGCGT,0,3491029
tfaE_stfE_predicted,0.3333333333333333,2,2,GGCTATAAGTAAGCCGACTT,0,3512016
tfaE_stfE_predicted,0.3333333333333333,2,2,GGCTAGTATGTCTATTTCGA,0,3478486
tfaE_stfE_predicted,0.3333333333333333,2,2,GGCTACGGTCGTGCTGCTCC,0,3538379
tfaE_stfE_predicted,0.3333333333333333,2,2,GGCTAATCTCCGCTATGGAC,0,3493701
tfaE_stfE_predicted,0.3333333333333333,2,2,GGCGTTGAGGCGCCCCAACA,0,3499669
tfaE_stfE_predicted,0.3333333333333333,2,2,GGCGTGGCTCCCTAATCCAA,0,3533016
tfaE_stfE_predicted,0.3333333333333333,2,2,GGCGTCGGCGGATACAGGGA,0,3515633
tfaE_stfE_predicted,0.3333333333333333,2,2,GGCGTAATTTTTGAGCTGGC,0,3515241
tfaE_stfE_predicted,0.3333333333333333,2,2,GGCGGTTGAGGTGTCGTGAT,0,3529229
tfaE_stfE_predicted,0.3333333333333333,2,2,GGCGGCCGCCTTCATTGTGG,0,3471060
tfaE_stfE_predicted,0.3333333333333333,2,2,GGCGCCTGATCTCGCGCAAG,0,3492540
tfaE_stfE_predicted,0.3333333333333333,2,2,GGCGCCCTAACCTAAACCCC,0,3487232
tfaE_stfE_predicted,0.3333333333333333,2,2,GGCGATTTTCTTGTAATGAG,0,3488988
tfaE_stfE_predicted,0.3333333333333333,2,2,GGCGATGTTAATTTGCAAAT,0,3511963
tfaE_stfE_predicted,0.3333333333333333,2,2,GGCGAATGGCTAGGTGGTGC,0,3525621
tfaE_stfE_predicted,0.3333333333333333,2,2,GGCGAACCGGCGTCCTTCCC,0,3537921
tfaE_stfE_predicted,0.3333333333333333,2,2,GGCCTGGAAAGCATATCCTT,0,3476041
tfaE_stfE_predicted,0.3333333333333333,2,2,GGCCTAATAATGCAAGTCTC,0,3516008
tfaE_stfE_predicted,0.3333333333333333,2,2,GGCCGGTGATACAAAGGCCT,0,3485654
tfaE_stfE_predicted,0.3333333333333333,2,2,GGCCATTACGAGTTATTAAT,0,3518526
tfaE_stfE_predicted,0.3333333333333333,2,2,GGCCATAGGTCGGACCTTAC,0,3523863
tfaE_stfE_predicted,0.3333333333333333,2,2,GGCCAGATCTCCTACATCAT,0,3472840
tfaE_stfE_predicted,0.3333333333333333,2,2,GGCCAAGTGACTCGAAGGGA,0,3510889
tfaE_stfE_predicted,0.3333333333333333,2,2,GGCATTCGTACCCGTGCGGC,0,3495727
tfaE_stfE_predicted,0.3333333333333333,2,2,GGCATGACACCAACTCGGTA,0,3539719
tfaE_stfE_predicted,0.3333333333333333,2,2,GGCATACCAAACCAGACCAG,0,3541143
tfaE_stfE_predicted,0.3333333333333333,2,2,GGCAGTCTATGGGCTTAAAC,0,3477507
tfaE_stfE_predicted,0.3333333333333333,2,2,GGCAGCCTTCCAGCCACATG,0,3534405
tfaE_stfE_predicted,0.3333333333333333,2,2,GGCAGACAGTAAAGGACGCT,0,3507715
tfaE_stfE_predicted,0.3333333333333333,2,2,GGCACCTATTAAGTCAGATG,0,3498948
tfaE_stfE_predicted,0.3333333333333333,2,2,GGCACCGACCCGACCGATGG,0,3466528
tfaE_stfE_predicted,0.3333333333333333,2,2,GGCACAATGAAATGCAACGT,0,3528572
tfaE_stfE_predicted,0.3333333333333333,2,2,GGCAAGTCAACTATTGCGTA,0,3519622
tfaE_stfE_predicted,0.3333333333333333,2,2,GGCAACCTGAGGCAGGGGTG,0,3540431
tfaE_stfE_predicted,0.3333333333333333,2,2,GGATTTCTCGCTGGAATAAT,0,3478451
tfaE_stfE_predicted,0.3333333333333333,2,2,GGATTGATCTGGACCTGAGT,0,3510675
tfaE_stfE_predicted,0.3333333333333333,2,2,GGATTGATCCGAGTACCTAC,0,3470837
tfaE_stfE_predicted,0.3333333333333333,2,2,GGATGTTTCCTCTGCCCCAG,0,3475043
tfaE_stfE_predicted,0.3333333333333333,2,2,GGATGGGACTGCGCGGTTGT,0,3536327
tfaE_stfE_predicted,0.3333333333333333,2,2,GGATGCGTGTTGAAAGCGGA,0,3537717
tfaE_stfE_predicted,0.3333333333333333,2,2,GGATCTCTGAGCTGTTAGTG,0,3491368
tfaE_stfE_predicted,0.3333333333333333,2,2,GGATCCGACCGCTGGCACGC,0,3528082
tfaE_stfE_predicted,0.3333333333333333,2,2,GGATATGTCCGCCATTGGGA,0,3470710
tfaE_stfE_predicted,0.3333333333333333,2,2,GGATATGGGGTTCGTAACAT,0,3536348
tfaE_stfE_predicted,0.3333333333333333,2,2,GGATAGGGGCTTCGCGATTC,0,3497412
tfaE_stfE_predicted,0.3333333333333333,2,2,GGATACGGAGGTGTGCCGTA,0,3507346
tfaE_stfE_predicted,0.3333333333333333,2,2,GGATACCCGTATCTGATACT,0,3538645
tfaE_stfE_predicted,0.3333333333333333,2,2,GGATAAACTTTCAACGTCGG,0,3489880
tfaE_stfE_predicted,0.3333333333333333,2,2,GGAGTCTTTCATACCAGCTA,0,3511566
tfaE_stfE_predicted,0.3333333333333333,2,2,GGAGTCCACGATTATTTGAC,0,3471676
tfaE_stfE_predicted,0.3333333333333333,2,2,GGAGGCAGTCCCGCACTTAC,0,3482703
tfaE_stfE_predicted,0.3333333333333333,2,2,GGAGCCTCGTCACCGACCAT,0,3486300
tfaE_stfE_predicted,0.3333333333333333,2,2,GGAGCCGTGCATAGACTACT,0,3510398
tfaE_stfE_predicted,0.3333333333333333,2,2,GGAGCATGGCGAGAGGAGCA,0,3528218
tfaE_stfE_predicted,0.3333333333333333,2,2,GGAGCAAAAGTGACTGGGGT,0,3498484
tfaE_stfE_predicted,0.3333333333333333,2,2,GGAGAGTTTCATCTGTATAC,0,3508981
tfaE_stfE_predicted,0.3333333333333333,2,2,GGAGAGGTAGACGAGGGAAT,0,3507881
tfaE_stfE_predicted,0.3333333333333333,2,2,GGACTTATCATATGGATTGC,0,3540656
tfaE_stfE_predicted,0.3333333333333333,2,2,GGACTTAAATGGGCAGTATA,0,3532383
tfaE_stfE_predicted,0.3333333333333333,2,2,GGACTGTTCGGCGCGCTGAT,0,3507156
tfaE_stfE_predicted,0.3333333333333333,2,2,GGACTGACTGGATTTAACTC,0,3492225
tfaE_stfE_predicted,0.3333333333333333,2,2,GGACTCCTCCATGGGAATCC,0,3537070
tfaE_stfE_predicted,0.3333333333333333,2,2,GGACGAGCACATCTATTTTT,0,3476612
tfaE_stfE_predicted,0.3333333333333333,2,2,GGACGAATGGCCGCCTCGCA,0,3469234
tfaE_stfE_predicted,0.3333333333333333,2,2,GGACGAAGGTCGGCCCGGCC,0,3525223
tfaE_stfE_predicted,0.3333333333333333,2,2,GGACCTTCGTAACTCTGGTG,0,3468033
tfaE_stfE_predicted,0.3333333333333333,2,2,GGACCTCCTACTTGTCTCAC,0,3487221
tfaE_stfE_predicted,0.3333333333333333,2,2,GGACCGCACCCTGACGTAAC,0,3531477
tfaE_stfE_predicted,0.3333333333333333,2,2,GGACAGGATTCAAAATCGAT,0,3478400
tfaE_stfE_predicted,0.3333333333333333,2,2,GGACAGGAATTGGATGAAGT,0,3533866
tfaE_stfE_predicted,0.3333333333333333,2,2,GGACAAGTTGTAGACATGTG,0,3477859
tfaE_stfE_predicted,0.3333333333333333,2,2,GGAATTGTGAGTAATGCTGG,0,3532742
tfaE_stfE_predicted,0.3333333333333333,2,2,GGAATGCGATGTAATGTGTA,0,3530104
tfaE_stfE_predicted,0.3333333333333333,2,2,GGAATCTCAGGGTATTCGAC,0,3498797
tfaE_stfE_predicted,0.3333333333333333,2,2,GGAATCGGGGGCCAACTTCC,0,3513681
tfaE_stfE_predicted,0.3333333333333333,2,2,GGAAGTGATTTGACAATTAT,0,3524819
tfaE_stfE_predicted,0.3333333333333333,2,2,GGAAGTCTTTAGGCCGTGCG,0,3527401
tfaE_stfE_predicted,0.3333333333333333,2,2,GGAAGGGCGTACCTGTTAAG,0,3490098
tfaE_stfE_predicted,0.3333333333333333,2,2,GGAAGGGAGATGGGCCTGTC,0,3489592
tfaE_stfE_predicted,0.3333333333333333,2,2,GGAACCGTCGTCCGTAACAT,0,3499833
tfaE_stfE_predicted,0.3333333333333333,2,2,GGAAAGATGGGCAGTTAAGG,0,3541058
tfaE_stfE_predicted,0.3333333333333333,2,2,GGAAACTTGATACATGACAT,0,3521993
tfaE_stfE_predicted,0.3333333333333333,2,2,GGAAACTATCTAGCCCACGT,0,3531951
tfaE_stfE_predicted,0.3333333333333333,2,2,GGAAAAGGTACGCGATCATA,0,3480248
tfaE_stfE_predicted,0.3333333333333333,2,2,GCTTTCGAGAAAGGCTGCCA,0,3520841
tfaE_stfE_predicted,0.3333333333333333,2,2,GCTTTCGAAGCCTACTGCTC,0,3480965
tfaE_stfE_predicted,0.3333333333333333,2,2,GCTTGTTACGTCTCCCCCTT,0,3503053
tfaE_stfE_predicted,0.3333333333333333,2,2,GCTTCTTACTTTTGTTGGGC,0,3540767
tfaE_stfE_predicted,0.3333333333333333,2,2,GCTTCTAGAAGCCTTGCGGC,0,3479966
tfaE_stfE_predicted,0.3333333333333333,2,2,GCTTCGCGCTCCGCGCAGTC,0,3510722
tfaE_stfE_predicted,0.3333333333333333,2,2,GCTTCCTGAGGGGCTTCTCG,0,3473267
tfaE_stfE_predicted,0.3333333333333333,2,2,GCTTCCTACTGGTTACCTGT,0,3520777
tfaE_stfE_predicted,0.3333333333333333,2,2,GCTTCAAGTGTGTGCCGACC,0,3540035
tfaE_stfE_predicted,0.3333333333333333,2,2,GCTTCAACCCGCGCGGAAAC,0,3506754
tfaE_stfE_predicted,0.3333333333333333,2,2,GCTTACAGGTTTAGGTTCGG,0,3483521
tfaE_stfE_predicted,0.3333333333333333,2,2,GCTGTTGATAGGTGTCTGGC,0,3526421
tfaE_stfE_predicted,0.3333333333333333,2,2,GCTGTCTGTTTTTAACTGGA,0,3494060
tfaE_stfE_predicted,0.3333333333333333,2,2,GCTGGTAGCCGGGCTTGGAC,0,3498313
tfaE_stfE_predicted,0.3333333333333333,2,2,GCTGGGTCGGCGGGCCTACG,0,3516349
tfaE_stfE_predicted,0.3333333333333333,2,2,GCTGGCTCATATGCGACCTG,0,3467161
tfaE_stfE_predicted,0.3333333333333333,2,2,GCTGCGGCCTGAGTTTTCAA,0,3532125
tfaE_stfE_predicted,0.3333333333333333,2,2,GCTGCGAGGGTCCGTATCCC,0,3531094
tfaE_stfE_predicted,0.3333333333333333,2,2,GCTGACGTTGCCGATGTTTA,0,3487231
tfaE_stfE_predicted,0.3333333333333333,2,2,GCTCTGGAGCTATTGATGAC,0,3479258
tfaE_stfE_predicted,0.3333333333333333,2,2,GCTCTGAGGCATAGTCCGGC,0,3506566
tfaE_stfE_predicted,0.3333333333333333,2,2,GCTCGTTGGGGACAAAGACG,0,3488957
tfaE_stfE_predicted,0.3333333333333333,2,2,GCTCGGTCGGCAATTATGGG,0,3468128
tfaE_stfE_predicted,0.3333333333333333,2,2,GCTCGCGCTCCCAGTAACAG,0,3492098
tfaE_stfE_predicted,0.3333333333333333,2,2,GCTCGCAGCATGCCAGCTCA,0,3479062
tfaE_stfE_predicted,0.3333333333333333,2,2,GCTCGAGTGCCCTAGTAGGT,0,3497111
tfaE_stfE_predicted,0.3333333333333333,2,2,GCTCCCTTTCGACTATCTTT,0,3520216
tfaE_stfE_predicted,0.3333333333333333,2,2,GCTCCACGCGTGTAGCGTCA,0,3526684
tfaE_stfE_predicted,0.3333333333333333,2,2,GCTCCAACTTAGCCGGTAAA,0,3514839
tfaE_stfE_predicted,0.3333333333333333,2,2,GCTCATACGAGAGCACTCGT,0,3477950
tfaE_stfE_predicted,0.3333333333333333,2,2,GCTCAGCCGCGAGAGGTTGC,0,3478122
tfaE_stfE_predicted,0.3333333333333333,2,2,GCTATGGGGGGCGTCGCTAA,0,3538937
tfaE_stfE_predicted,0.3333333333333333,2,2,GCTAGTGGGTGGTATATTGG,0,3505320
tfaE_stfE_predicted,0.3333333333333333,2,2,GCTAGCAGATATATGACATC,0,3487961
tfaE_stfE_predicted,0.3333333333333333,2,2,GCTACCAGAGAGAAGTCGGG,0,3478748
tfaE_stfE_predicted,0.3333333333333333,2,2,GCTAATATACAACTTAAATT,0,3517739
tfaE_stfE_predicted,0.3333333333333333,2,2,GCTAAGACATTGTTCCGTGT,0,3525101
tfaE_stfE_predicted,0.3333333333333333,2,2,GCTAACGGACGTATTATCAT,0,3529019
tfaE_stfE_predicted,0.3333333333333333,2,2,GCTAAATCTAAAGTCAAGAG,0,3467688
tfaE_stfE_predicted,0.3333333333333333,2,2,GCTAAATACTGCCGTCAAGG,0,3521477
tfaE_stfE_predicted,0.3333333333333333,2,2,GCTAAAGCATGTGTACGGAG,0,3528545
tfaE_stfE_predicted,0.3333333333333333,2,2,GCGTTTCAACGTCCAGGATT,0,3499412
tfaE_stfE_predicted,0.3333333333333333,2,2,GCGTTGAAATCTAGGCCTAT,0,3483080
tfaE_stfE_predicted,0.3333333333333333,2,2,GCGTGTTATAATACGTGTGT,0,3538160
tfaE_stfE_predicted,0.3333333333333333,2,2,GCGTGGTGACATAGCTCGAC,0,3492332
tfaE_stfE_predicted,0.3333333333333333,2,2,GCGTGGGTCAACCACCGGTT,0,3485517
tfaE_stfE_predicted,0.3333333333333333,2,2,GCGTGGGTACGCTAGAAGAC,0,3510720
tfaE_stfE_predicted,0.3333333333333333,2,2,GCGTGCGATCGCCGGATATA,0,3535629
tfaE_stfE_predicted,0.3333333333333333,2,2,GCGTCTTTCGAAGATTCTTA,0,3474183
tfaE_stfE_predicted,0.3333333333333333,2,2,GCGTCTTGTACACGCCGAGG,0,3539434
tfaE_stfE_predicted,0.3333333333333333,2,2,GCGTCCACCGGCGTGGCTTT,0,3534780
tfaE_stfE_predicted,0.3333333333333333,2,2,GCGTAGGGGTACTGCTCCAG,0,3508074
tfaE_stfE_predicted,0.3333333333333333,2,2,GCGTACTGAATGCTACAAGA,0,3479739
tfaE_stfE_predicted,0.3333333333333333,2,2,GCGTAAGCAATCCTGTCGGT,0,3537540
tfaE_stfE_predicted,0.3333333333333333,2,2,GCGGTCCATTACAAAGGTGT,0,3514339
tfaE_stfE_predicted,0.3333333333333333,2,2,GCGGTAATTCAGACGTTTCA,0,3499665
tfaE_stfE_predicted,0.3333333333333333,2,2,GCGGGGCTACGTAATGATCA,0,3495437
tfaE_stfE_predicted,0.3333333333333333,2,2,GCGGGGATTACGTAATTCCC,0,3492647
tfaE_stfE_predicted,0.3333333333333333,2,2,GCGGGCACCATCAATAACGA,0,3511730
tfaE_stfE_predicted,0.3333333333333333,2,2,GCGGGATGAGTGTGACGAAG,0,3537251
tfaE_stfE_predicted,0.3333333333333333,2,2,GCGGGATCGCCCGGGCACCG,0,3503163
tfaE_stfE_predicted,0.3333333333333333,2,2,GCGGCACGCGCCGGTGGGAT,0,3506909
tfaE_stfE_predicted,0.3333333333333333,2,2,GCGGAGTTTACTTATATCTT,0,3482991
tfaE_stfE_predicted,0.3333333333333333,2,2,GCGCTCAGGTCATTCGGATG,0,3531029
tfaE_stfE_predicted,0.3333333333333333,2,2,GCGCTACTTCCTGGGATGAG,0,3531549
tfaE_stfE_predicted,0.3333333333333333,2,2,GCGCCTGACAGACCCTAAAG,0,3505850
tfaE_stfE_predicted,0.3333333333333333,2,2,GCGCCCATCTCAATCTCAGC,0,3524150
tfaE_stfE_predicted,0.3333333333333333,2,2,GCGCCAGTTGGCTCTATGAA,0,3503971
tfaE_stfE_predicted,0.3333333333333333,2,2,GCGCCAGGTTCGCACCTGAT,0,3479226
tfaE_stfE_predicted,0.3333333333333333,2,2,GCGCAGGGTAAACGTCTCAG,0,3485346
tfaE_stfE_predicted,0.3333333333333333,2,2,GCGCAGATGGGATAAAGGGG,0,3482511
tfaE_stfE_predicted,0.3333333333333333,2,2,GCGCAACTGAGTCTACGTCT,0,3538101
tfaE_stfE_predicted,0.3333333333333333,2,2,GCGATGATAAAGAGGGTTCG,0,3538462
tfaE_stfE_predicted,0.3333333333333333,2,2,GCGAGAGCGCTTTCATATCC,0,3527533
tfaE_stfE_predicted,0.3333333333333333,2,2,GCGACCCGACGGAAGAACCC,0,3496992
tfaE_stfE_predicted,0.3333333333333333,2,2,GCGAATTACGATGACTTTCG,0,3539915
tfaE_stfE_predicted,0.3333333333333333,2,2,GCGAAGACGGCTATACCCGG,0,3534443
tfaE_stfE_predicted,0.3333333333333333,2,2,GCGAACGGATTGGGGAGGCT,0,3487774
tfaE_stfE_predicted,0.3333333333333333,2,2,GCCTTGGACTAAGTGTCATT,0,3515850
tfaE_stfE_predicted,0.3333333333333333,2,2,GCCTTGCGAATTATGCCTAA,0,3498465
tfaE_stfE_predicted,0.3333333333333333,2,2,GCCTTCGGGCTGGAACGTAC,0,3475845
tfaE_stfE_predicted,0.3333333333333333,2,2,GCCTTACTAGCATACGTGTA,0,3515524
tfaE_stfE_predicted,0.3333333333333333,2,2,GCCTTACCGTAATGCTAGAT,0,3472612
tfaE_stfE_predicted,0.3333333333333333,2,2,GCCTAGCATACTCTAACTTT,0,3523571
tfaE_stfE_predicted,0.3333333333333333,2,2,GCCTACAGAAGCCATTAGTG,0,3478961
tfaE_stfE_predicted,0.3333333333333333,2,2,GCCGTTTTGTGTCAGCGGTT,0,3485141
tfaE_stfE_predicted,0.3333333333333333,2,2,GCCGTGAAGTTCGGCTCCCA,0,3493247
tfaE_stfE_predicted,0.3333333333333333,2,2,GCCGTCATCCCGCAGAGAAA,0,3480938
tfaE_stfE_predicted,0.3333333333333333,2,2,GCCGTAGAAGAAGTGAAGCG,0,3538812
tfaE_stfE_predicted,0.3333333333333333,2,2,GCCGGTGCAGTTAAAGCGTT,0,3505345
tfaE_stfE_predicted,0.3333333333333333,2,2,GCCGGTAAGGCCATTGTTAA,0,3500716
tfaE_stfE_predicted,0.3333333333333333,2,2,GCCGCCATCGGGAATGAAGG,0,3483623
tfaE_stfE_predicted,0.3333333333333333,2,2,GCCGATGCAAAAGACGTCAT,0,3527277
tfaE_stfE_predicted,0.3333333333333333,2,2,GCCGACGTCACGAATATCAT,0,3471291
tfaE_stfE_predicted,0.3333333333333333,2,2,GCCCTTGATGCATAGACGCC,0,3500175
tfaE_stfE_predicted,0.3333333333333333,2,2,GCCCTTATCTGCGTTATGCT,0,3521212
tfaE_stfE_predicted,0.3333333333333333,2,2,GCCCTGGCATCTTTGACGTA,0,3499312
tfaE_stfE_predicted,0.3333333333333333,2,2,GCCCTCTGGCCGGCGGGAGG,0,3502577
tfaE_stfE_predicted,0.3333333333333333,2,2,GCCCGAGTGAGACCAGCGCG,0,3481533
tfaE_stfE_predicted,0.3333333333333333,2,2,GCCCGAGCTTAAAACTGTTG,0,3528696
tfaE_stfE_predicted,0.3333333333333333,2,2,GCCCAGTCCACTCGCGTCTA,0,3537727
tfaE_stfE_predicted,0.3333333333333333,2,2,GCCCAGTAGACATAGGTAGG,0,3517179
tfaE_stfE_predicted,0.3333333333333333,2,2,GCCATCAGGGACAGGGTCCG,0,3478590
tfaE_stfE_predicted,0.3333333333333333,2,2,GCCAGGCAGGCGGAAATCAC,0,3525466
tfaE_stfE_predicted,0.3333333333333333,2,2,GCCACGCACTCCTTCACTCG,0,3501078
tfaE_stfE_predicted,0.3333333333333333,2,2,GCCAATTTTTGTATGGGAAT,0,3523508
tfaE_stfE_predicted,0.3333333333333333,2,2,GCCAATTTTCAAGGGCGGAC,0,3479982
tfaE_stfE_predicted,0.3333333333333333,2,2,GCCAAGTGCATACGTCGCGC,0,3469215
tfaE_stfE_predicted,0.3333333333333333,2,2,GCCAAATATGCGCGGTTTCT,0,3510289
tfaE_stfE_predicted,0.3333333333333333,2,2,GCCAAACAGCAGTTTTTGCT,0,3492016
tfaE_stfE_predicted,0.3333333333333333,2,2,GCATGAGCGACAACGCGAAA,0,3475885
tfaE_stfE_predicted,0.3333333333333333,2,2,GCATGAGCAGATGAATAGGA,0,3481704
tfaE_stfE_predicted,0.3333333333333333,2,2,GCATCTGTCAAGGTTCCTAT,0,3526707
tfaE_stfE_predicted,0.3333333333333333,2,2,GCATCGGGTAGCTAGAACCA,0,3483654
tfaE_stfE_predicted,0.3333333333333333,2,2,GCATCCAATTTACGGTCAGG,0,3537917
tfaE_stfE_predicted,0.3333333333333333,2,2,GCATACATTCCATACCCACA,0,3527670
tfaE_stfE_predicted,0.3333333333333333,2,2,GCAGTGCCCGGTTCCAGAGT,0,3488299
tfaE_stfE_predicted,0.3333333333333333,2,2,GCAGTATGTACGGTATAGGA,0,3491155
tfaE_stfE_predicted,0.3333333333333333,2,2,GCAGGTTTAGCACGCACCTT,0,3509037
tfaE_stfE_predicted,0.3333333333333333,2,2,GCAGGCAGTTCCCTCTCGAC,0,3479877
tfaE_stfE_predicted,0.3333333333333333,2,2,GCAGCTGTTATTGGGCACGG,0,3537800
tfaE_stfE_predicted,0.3333333333333333,2,2,GCAGCGTTCGGAATTATTAG,0,3499715
tfaE_stfE_predicted,0.3333333333333333,2,2,GCAGATTGAGGCGTGGCTGG,0,3532483
tfaE_stfE_predicted,0.3333333333333333,2,2,GCAGATGCTCACCAGGAGGG,0,3472411
tfaE_stfE_predicted,0.3333333333333333,2,2,GCAGACGGTGAATACTCGCA,0,3537083
tfaE_stfE_predicted,0.3333333333333333,2,2,GCAGAATGAGAGAAGCGGAC,0,3491525
tfaE_stfE_predicted,0.3333333333333333,2,2,GCACTTCTAAAGGGCGACGA,0,3482815
tfaE_stfE_predicted,0.3333333333333333,2,2,GCACTTATCAATTAAACTAC,0,3516489
tfaE_stfE_predicted,0.3333333333333333,2,2,GCACTGCCACGCGTACAGGT,0,3497236
tfaE_stfE_predicted,0.3333333333333333,2,2,GCACTCAACTCCAATTCTGA,0,3493852
tfaE_stfE_predicted,0.3333333333333333,2,2,GCACCGCGAATATTTGGCAT,0,3467331
tfaE_stfE_predicted,0.3333333333333333,2,2,GCACCATGAAGGGGGCATCA,0,3492642
tfaE_stfE_predicted,0.3333333333333333,2,2,GCACCAGGTCCTGTGGTTAC,0,3480976
tfaE_stfE_predicted,0.3333333333333333,2,2,GCAATGGTCACCATGGGGTG,0,3492945
tfaE_stfE_predicted,0.3333333333333333,2,2,GCAATCACAATATCTTGGCG,0,3505021
tfaE_stfE_predicted,0.3333333333333333,2,2,GCAAGATGGATTAATAAAGT,0,3471374
tfaE_stfE_predicted,0.3333333333333333,2,2,GCAAGAGTGCTCTGGATGAC,0,3537547
tfaE_stfE_predicted,0.3333333333333333,2,2,GCAACTTACAGTATTGCACT,0,3523724
tfaE_stfE_predicted,0.3333333333333333,2,2,GCAACGTAGACACACAGAGG,0,3529406
tfaE_stfE_predicted,0.3333333333333333,2,2,GCAACGGCAGTATCGAGTTG,0,3536472
tfaE_stfE_predicted,0.3333333333333333,2,2,GCAACGCGACCCAGGCTACG,0,3537177
tfaE_stfE_predicted,0.3333333333333333,2,2,GCAACACGCACCTGCGATGT,0,3466410
tfaE_stfE_predicted,0.3333333333333333,2,2,GCAAATCAAGTACGTTATGA,0,3487799
tfaE_stfE_predicted,0.3333333333333333,2,2,GATTTGAGGTGCCAACAGGA,0,3523190
tfaE_stfE_predicted,0.3333333333333333,2,2,GATTGCCATGGATGGGTTAT,0,3530194
tfaE_stfE_predicted,0.3333333333333333,2,2,GATTCCTTGGGGTGTGGGAG,0,3525558
tfaE_stfE_predicted,0.3333333333333333,2,2,GATTATGGACACGTGTTAGG,0,3530072
tfaE_stfE_predicted,0.3333333333333333,2,2,GATTAGTGGGAGAATAGGAT,0,3521246
tfaE_stfE_predicted,0.3333333333333333,2,2,GATTAGACGACATATGCCGA,0,3511919
tfaE_stfE_predicted,0.3333333333333333,2,2,GATTACAACCTTCGGGAGAT,0,3472012
tfaE_stfE_predicted,0.3333333333333333,2,2,GATGTGCGGCTTATCGACGT,0,3529282
tfaE_stfE_predicted,0.3333333333333333,2,2,GATGTCCGAAGTGCTGTCCG,0,3484209
tfaE_stfE_predicted,0.3333333333333333,2,2,GATGGGCTATGGTGATTAAT,0,3519759
tfaE_stfE_predicted,0.3333333333333333,2,2,GATGGACGGGACGCAGCAAT,0,3497989
tfaE_stfE_predicted,0.3333333333333333,2,2,GATGATTATGCTGGTGTCTC,0,3485760
tfaE_stfE_predicted,0.3333333333333333,2,2,GATGACCAGCACATCTACAA,0,3511294
tfaE_stfE_predicted,0.3333333333333333,2,2,GATGAATTTGCGGCAGGACT,0,3500096
tfaE_stfE_predicted,0.3333333333333333,2,2,GATCTGTGTCCGATCCATGT,0,3468493
tfaE_stfE_predicted,0.3333333333333333,2,2,GATCTCGAGGAAGCCCAATG,0,3486674
tfaE_stfE_predicted,0.3333333333333333,2,2,GATCTAATTAGAGGTGCCCG,0,3491084
tfaE_stfE_predicted,0.3333333333333333,2,2,GATCCTAGAGGAAAGCCGAA,0,3479237
tfaE_stfE_predicted,0.3333333333333333,2,2,GATCCGGCATTGTTATGAGA,0,3496529
tfaE_stfE_predicted,0.3333333333333333,2,2,GATCCAGGCTTGACCGGCCC,0,3481717
tfaE_stfE_predicted,0.3333333333333333,2,2,GATCCAAGCTCTGCCATATT,0,3489248
tfaE_stfE_predicted,0.3333333333333333,2,2,GATCAGTGGGAGACCGGCCA,0,3503159
tfaE_stfE_predicted,0.3333333333333333,2,2,GATCAGGAAAAGCTGACATG,0,3470648
tfaE_stfE_predicted,0.3333333333333333,2,2,GATATCCAACCGGATTGGGG,0,3533469
tfaE_stfE_predicted,0.3333333333333333,2,2,GATATAGCGGGAATTGTAAG,0,3488618
tfaE_stfE_predicted,0.3333333333333333,2,2,GATAGTATTTTTCGGAGGTA,0,3499365
tfaE_stfE_predicted,0.3333333333333333,2,2,GATAGCTCTGTGGTCGTCCC,0,3540622
tfaE_stfE_predicted,0.3333333333333333,2,2,GATAGAGCGCAGGTCAGTGG,0,3535305
tfaE_stfE_predicted,0.3333333333333333,2,2,GATAGAGCACGGAGTAGGGC,0,3471589
tfaE_stfE_predicted,0.3333333333333333,2,2,GATAATTGCTGGCAGACGTT,0,3478548
tfaE_stfE_predicted,0.3333333333333333,2,2,GATAATACGGGTTACTGATG,0,3499722
tfaE_stfE_predicted,0.3333333333333333,2,2,GATAAGGCGGAAACCTTGGT,0,3536179
tfaE_stfE_predicted,0.3333333333333333,2,2,GATAACCCCAGTTACTCGCA,0,3515907
tfaE_stfE_predicted,0.3333333333333333,2,2,GAGTTTTTGGAGACTTTAAA,0,3506891
tfaE_stfE_predicted,0.3333333333333333,2,2,GAGTTGCCAGACTTAGTCCC,0,3471970
tfaE_stfE_predicted,0.3333333333333333,2,2,GAGTGTCATGATTACGGTGT,0,3483872
tfaE_stfE_predicted,0.3333333333333333,2,2,GAGTGCGCCGTAGTTTACGC,0,3507917
tfaE_stfE_predicted,0.3333333333333333,2,2,GAGTCACGGACGGTAACGAT,0,3468178
tfaE_stfE_predicted,0.3333333333333333,2,2,GAGTACGCGCCTTCCAGTCT,0,3488379
tfaE_stfE_predicted,0.3333333333333333,2,2,GAGGTTAAAACGGTATTAGG,0,3527022
tfaE_stfE_predicted,0.3333333333333333,2,2,GAGGTGTCCAGGAAAGTCAG,0,3468094
tfaE_stfE_predicted,0.3333333333333333,2,2,GAGGTAACAGTTCTAGAGAG,0,3521279
tfaE_stfE_predicted,0.3333333333333333,2,2,GAGGCAAGCCCCCGTATCCG,0,3473903
tfaE_stfE_predicted,0.3333333333333333,2,2,GAGGCAAAGCCTTCCCAAGT,0,3530645
tfaE_stfE_predicted,0.3333333333333333,2,2,GAGGATGAGTGACCTAAGAT,0,3512590
tfaE_stfE_predicted,0.3333333333333333,2,2,GAGGAGTCGCCACCTATACC,0,3501229
tfaE_stfE_predicted,0.3333333333333333,2,2,GAGCTTGCAAAGTTGGGAAG,0,3498278
tfaE_stfE_predicted,0.3333333333333333,2,2,GAGCTGCGGGTGGTATCAAA,0,3521051
tfaE_stfE_predicted,0.3333333333333333,2,2,GAGCTACAGCGTGCACATTG,0,3504200
tfaE_stfE_predicted,0.3333333333333333,2,2,GAGCTACAATTCGTAGTCAA,0,3508111
tfaE_stfE_predicted,0.3333333333333333,2,2,GAGCTAACGTCTTTGTCTCG,0,3516219
tfaE_stfE_predicted,0.3333333333333333,2,2,GAGCGGTGATTCACCTGCTA,0,3497123
tfaE_stfE_predicted,0.3333333333333333,2,2,GAGCCACATCCTAGTCTACG,0,3528423
tfaE_stfE_predicted,0.3333333333333333,2,2,GAGCACGCGAGTCAGTTTAC,0,3531139
tfaE_stfE_predicted,0.3333333333333333,2,2,GAGAGGTTGGAGTGTAGACG,0,3509529
tfaE_stfE_predicted,0.3333333333333333,2,2,GAGAGGTATCGTCATCGATT,0,3530779
tfaE_stfE_predicted,0.3333333333333333,2,2,GAGACGTGGGTATCGGGCAC,0,3480029
tfaE_stfE_predicted,0.3333333333333333,2,2,GAGACGCGCAAATCCTGTAT,0,3481722
tfaE_stfE_predicted,0.3333333333333333,2,2,GAGAATGAGGCCGGCGGCAT,0,3480293
tfaE_stfE_predicted,0.3333333333333333,2,2,GAGAACACGCTGAAATGCAT,0,3521714
tfaE_stfE_predicted,0.3333333333333333,2,2,GACTGCTTGGGGCATCGGGG,0,3527933
tfaE_stfE_predicted,0.3333333333333333,2,2,GACTCGTCCAATCGTTCGAA,0,3488033
tfaE_stfE_predicted,0.3333333333333333,2,2,GACTCCTGGTTAAACGCACG,0,3505529
tfaE_stfE_predicted,0.3333333333333333,2,2,GACTCCCGGGCTTAACACCA,0,3533214
tfaE_stfE_predicted,0.3333333333333333,2,2,GACTATTTATTGCGCCATTT,0,3484388
tfaE_stfE_predicted,0.3333333333333333,2,2,GACGTAGTGAGTTCATGGAC,0,3499981
tfaE_stfE_predicted,0.3333333333333333,2,2,GACGGGAACGGTAAATGTCT,0,3485585
tfaE_stfE_predicted,0.3333333333333333,2,2,GACGAGATCTGAGGGCGACA,0,3521488
tfaE_stfE_predicted,0.3333333333333333,2,2,GACGACTGTCTTGGTACTGC,0,3532671
tfaE_stfE_predicted,0.3333333333333333,2,2,GACGAATGAGGGTCCGTCCT,0,3481235
tfaE_stfE_predicted,0.3333333333333333,2,2,GACGAAGCTAGTTGTCCGTG,0,3538783
tfaE_stfE_predicted,0.3333333333333333,2,2,GACCTCCGGTGCTCAGTTCC,0,3488656
tfaE_stfE_predicted,0.3333333333333333,2,2,GACCCTCATCAAAATACTCT,0,3479061
tfaE_stfE_predicted,0.3333333333333333,2,2,GACCCGAATGCTACAGACGG,0,3538015
tfaE_stfE_predicted,0.3333333333333333,2,2,GACCACCCTGGATCTGACCT,0,3528683
tfaE_stfE_predicted,0.3333333333333333,2,2,GACAGGTCTTTGCTCTCGTT,0,3484987
tfaE_stfE_predicted,0.3333333333333333,2,2,GACAGGTCTCTTGGACACGC,0,3478402
tfaE_stfE_predicted,0.3333333333333333,2,2,GACAGGGAGTTCGGGGACAT,0,3492503
tfaE_stfE_predicted,0.3333333333333333,2,2,GACAGGCACATTGCTTAAAA,0,3477906
tfaE_stfE_predicted,0.3333333333333333,2,2,GACACTGCATACCATTTGAA,0,3491502
tfaE_stfE_predicted,0.3333333333333333,2,2,GACACTCTCGACTCCGAGCT,0,3471424
tfaE_stfE_predicted,0.3333333333333333,2,2,GACACGGCTCATGACTCAGT,0,3498034
tfaE_stfE_predicted,0.3333333333333333,2,2,GACACCCGTTCGACGCACAT,0,3479975
tfaE_stfE_predicted,0.3333333333333333,2,2,GACACAAAACGAAGGGTAGT,0,3520350
tfaE_stfE_predicted,0.3333333333333333,2,2,GACAATAAATCTTGTCGTTA,0,3503824
tfaE_stfE_predicted,0.3333333333333333,2,2,GACAACTGATCCGCAGAGAA,0,3501127
tfaE_stfE_predicted,0.3333333333333333,2,2,GACAAACTCGCTGGTTGGGT,0,3473667
tfaE_stfE_predicted,0.3333333333333333,2,2,GAATTGGAGTCGTGTGTGTA,0,3506701
tfaE_stfE_predicted,0.3333333333333333,2,2,GAATTGCAATCATATTTGGT,0,3501533
tfaE_stfE_predicted,0.3333333333333333,2,2,GAATTGATTGTCTGTATCAT,0,3489536
tfaE_stfE_predicted,0.3333333333333333,2,2,GAATTAGTGAAGCTCGTTAA,0,3483634
tfaE_stfE_predicted,0.3333333333333333,2,2,GAATGGGAAGAAACATCCTC,0,3486523
tfaE_stfE_predicted,0.3333333333333333,2,2,GAATGCCTGCATCCATACCT,0,3509617
tfaE_stfE_predicted,0.3333333333333333,2,2,GAATCGAAGCAGCTCTGCTC,0,3507661
tfaE_stfE_predicted,0.3333333333333333,2,2,GAAGTTCTGAACCCATGGGT,0,3478503
tfaE_stfE_predicted,0.3333333333333333,2,2,GAAGTATACGTTAAGGAGGG,0,3476739
tfaE_stfE_predicted,0.3333333333333333,2,2,GAAGGGCTTTGTGAGGGGAC,0,3533430
tfaE_stfE_predicted,0.3333333333333333,2,2,GAAGGAGCATCATTCGTATG,0,3495292
tfaE_stfE_predicted,0.3333333333333333,2,2,GAAGCTATAGGACTCTTACC,0,3485168
tfaE_stfE_predicted,0.3333333333333333,2,2,GAAGCACCTCCCTTCAAAAA,0,3476595
tfaE_stfE_predicted,0.3333333333333333,2,2,GAACTTCTAAAAGTCAAGAA,0,3479413
tfaE_stfE_predicted,0.3333333333333333,2,2,GAACTGTTTGGTAGGCGCGG,0,3483660
tfaE_stfE_predicted,0.3333333333333333,2,2,GAACTCAATGTGGCCCACTA,0,3483422
tfaE_stfE_predicted,0.3333333333333333,2,2,GAACGTATGTATTAGAGGTA,0,3509858
tfaE_stfE_predicted,0.3333333333333333,2,2,GAACGGCGGGATCTCGTACG,0,3482243
tfaE_stfE_predicted,0.3333333333333333,2,2,GAACGCGCTCCTAATAGTGG,0,3503156
tfaE_stfE_predicted,0.3333333333333333,2,2,GAACCTTACATGGGCTAGCT,0,3488884
tfaE_stfE_predicted,0.3333333333333333,2,2,GAACATTCACGGTCGCAAGG,0,3485292
tfaE_stfE_predicted,0.3333333333333333,2,2,GAACAGAGCCGCATGGGTAA,0,3474074
tfaE_stfE_predicted,0.3333333333333333,2,2,GAACACACTTAGTCTAGTAT,0,3512225
tfaE_stfE_predicted,0.3333333333333333,2,2,GAACACAAGGGCGACCGGGT,0,3490064
tfaE_stfE_predicted,0.3333333333333333,2,2,GAAATGCGTTTTAACTAGCA,0,3471335
tfaE_stfE_predicted,0.3333333333333333,2,2,GAAAGTAATCCTATCATATC,0,3482711
tfaE_stfE_predicted,0.3333333333333333,2,2,GAAAGGGGTTTTTGCTAGCA,0,3473828
tfaE_stfE_predicted,0.3333333333333333,2,2,GAAAGCCCCTTTCATCTTGT,0,3495342
tfaE_stfE_predicted,0.3333333333333333,2,2,GAAAGCAAAGACGCGCTGGT,0,3481435
tfaE_stfE_predicted,0.3333333333333333,2,2,GAAACTACTAACGGGGCCGA,0,3523101
tfaE_stfE_predicted,0.3333333333333333,2,2,GAAAATAGTTTGGTCTTTAT,0,3472933
tfaE_stfE_predicted,0.3333333333333333,2,2,GAAAACGTTCAAGTCGTTAA,0,3531500
tfaE_stfE_predicted,0.3333333333333333,2,2,GAAAAATTCCTTCACTTCAG,0,3468576
tfaE_stfE_predicted,0.3333333333333333,2,2,CTTTTTCGTAACGATAACTA,0,3529876
tfaE_stfE_predicted,0.3333333333333333,2,2,CTTTGTGCGACCGTGTTTCG,0,3526829
tfaE_stfE_predicted,0.3333333333333333,2,2,CTTTGCTAGCTAGATGGTGT,0,3527027
tfaE_stfE_predicted,0.3333333333333333,2,2,CTTTCGTGACCGACGCCATT,0,3514576
tfaE_stfE_predicted,0.3333333333333333,2,2,CTTTACACGTTGGTAGAATA,0,3518461
tfaE_stfE_predicted,0.3333333333333333,2,2,CTTTAATAATCGAAAAGAAG,0,3513811
tfaE_stfE_predicted,0.3333333333333333,2,2,CTTTAAAATTCTTTCTTCCA,0,3488956
tfaE_stfE_predicted,0.3333333333333333,2,2,CTTGTTGAATTTTTGCCAGT,0,3485334
tfaE_stfE_predicted,0.3333333333333333,2,2,CTTGTTAGGGGTAGGAGGCT,0,3522901
tfaE_stfE_predicted,0.3333333333333333,2,2,CTTGTCGGTGGTCTTTGGTC,0,3497684
tfaE_stfE_predicted,0.3333333333333333,2,2,CTTGTCCCACTAATGTGGTT,0,3497529
tfaE_stfE_predicted,0.3333333333333333,2,2,CTTGTAGCTGGAACATCAAG,0,3499922
tfaE_stfE_predicted,0.3333333333333333,2,2,CTTGTACCTAGAACTAACTC,0,3534365
tfaE_stfE_predicted,0.3333333333333333,2,2,CTTGGTCGATCGGTTACGAA,0,3470137
tfaE_stfE_predicted,0.3333333333333333,2,2,CTTGAGTGTAGTCGCTCTCG,0,3522512
tfaE_stfE_predicted,0.3333333333333333,2,2,CTTGACAGGGTTGGACGGGG,0,3525080
tfaE_stfE_predicted,0.3333333333333333,2,2,CTTGAATTCAGTGCAAAAGT,0,3541161
tfaE_stfE_predicted,0.3333333333333333,2,2,CTTCTGCTTGAACTCGGTAG,0,3485835
tfaE_stfE_predicted,0.3333333333333333,2,2,CTTCTGCTTCGGTATAAGTG,0,3497431
tfaE_stfE_predicted,0.3333333333333333,2,2,CTTCTGCAAGCCTATATTTG,0,3526453
tfaE_stfE_predicted,0.3333333333333333,2,2,CTTCGGTAGTAAAGAACACA,0,3502261
tfaE_stfE_predicted,0.3333333333333333,2,2,CTTCGGCGTCACGTTCAAAC,0,3496815
tfaE_stfE_predicted,0.3333333333333333,2,2,CTTCGGCAACCGGCTGGAGA,0,3480539
tfaE_stfE_predicted,0.3333333333333333,2,2,CTTCCTTATAACAACCACAG,0,3505700
tfaE_stfE_predicted,0.3333333333333333,2,2,CTTCCTGCGACTGCGTTTAA,0,3504146
tfaE_stfE_predicted,0.3333333333333333,2,2,CTTCCTCTGACAATGCACTG,0,3490217
tfaE_stfE_predicted,0.3333333333333333,2,2,CTTCCTCGTGTAGTTCCAAG,0,3519148
tfaE_stfE_predicted,0.3333333333333333,2,2,CTTCCAGATTCCGTGCCGCG,0,3476938
tfaE_stfE_predicted,0.3333333333333333,2,2,CTTCCACACTGGCAATCATT,0,3510127
tfaE_stfE_predicted,0.3333333333333333,2,2,CTTCCAATAGGTGCGCGAGT,0,3537615
tfaE_stfE_predicted,0.3333333333333333,2,2,CTTCATCAGTACAACATCGT,0,3468077
tfaE_stfE_predicted,0.3333333333333333,2,2,CTTCAGGTCAAGACCTTGCG,0,3500443
tfaE_stfE_predicted,0.3333333333333333,2,2,CTTCACCCCCCACTGCGCGC,0,3506028
tfaE_stfE_predicted,0.3333333333333333,2,2,CTTCACAGATAACAATACAA,0,3536766
tfaE_stfE_predicted,0.3333333333333333,2,2,CTTATTCCCCAGATCACCCT,0,3474503
tfaE_stfE_predicted,0.3333333333333333,2,2,CTTAGCGCTGTGTTCAAAAC,0,3476316
tfaE_stfE_predicted,0.3333333333333333,2,2,CTTACGGCGTGCCCTGTATA,0,3531339
tfaE_stfE_predicted,0.3333333333333333,2,2,CTTAAAGTGGGTTGCTTCCT,0,3512841
tfaE_stfE_predicted,0.3333333333333333,2,2,CTTAAAACGGCCACGTATAG,0,3480036
tfaE_stfE_predicted,0.3333333333333333,2,2,CTGTCCGCTTCGACTGCATG,0,3495420
tfaE_stfE_predicted,0.3333333333333333,2,2,CTGTCAAGTCCGTTCAGACT,0,3522726
tfaE_stfE_predicted,0.3333333333333333,2,2,CTGTAGCAAGTCCCGGAGTG,0,3479014
tfaE_stfE_predicted,0.3333333333333333,2,2,CTGTAAGGCTAGACCAAGGA,0,3531064
tfaE_stfE_predicted,0.3333333333333333,2,2,CTGTAAATCTTCAGATCCGG,0,3510688
tfaE_stfE_predicted,0.3333333333333333,2,2,CTGGTGCCAGTACGAGATGC,0,3509670
tfaE_stfE_predicted,0.3333333333333333,2,2,CTGGGCGTAAACCTTGCCAT,0,3476863
tfaE_stfE_predicted,0.3333333333333333,2,2,CTGGGAGAGCCCGTTACGGA,0,3527720
tfaE_stfE_predicted,0.3333333333333333,2,2,CTGGCTGGGCATATTAATTA,0,3523902
tfaE_stfE_predicted,0.3333333333333333,2,2,CTGGCCGGGGCGCTACGAGC,0,3530432
tfaE_stfE_predicted,0.3333333333333333,2,2,CTGGCCCACCTTAACTGTAT,0,3540753
tfaE_stfE_predicted,0.3333333333333333,2,2,CTGGAGTTGGAACCTCTTAG,0,3523968
tfaE_stfE_predicted,0.3333333333333333,2,2,CTGCTGAACTGGGCGTTGCC,0,3509656
tfaE_stfE_predicted,0.3333333333333333,2,2,CTGCTCATTTATGGGCATCT,0,3468354
tfaE_stfE_predicted,0.3333333333333333,2,2,CTGCGTCGATCTCCGGTGTA,0,3521362
tfaE_stfE_predicted,0.3333333333333333,2,2,CTGCCGGCCGATGCACTTCT,0,3521380
tfaE_stfE_predicted,0.3333333333333333,2,2,CTGCCACACTTATAACCAGG,0,3488198
tfaE_stfE_predicted,0.3333333333333333,2,2,CTGCATCGGTCGCTACATCA,0,3516510
tfaE_stfE_predicted,0.3333333333333333,2,2,CTGCACTTATTCTACGTAAT,0,3526113
tfaE_stfE_predicted,0.3333333333333333,2,2,CTGATTCGCGTGTTGTTTGG,0,3532311
tfaE_stfE_predicted,0.3333333333333333,2,2,CTGATCTTACTAGAGCACTG,0,3496911
tfaE_stfE_predicted,0.3333333333333333,2,2,CTGATCGGTTTGACCCGGTT,0,3502263
tfaE_stfE_predicted,0.3333333333333333,2,2,CTGATAGGGGCCGGAGATGT,0,3499832
tfaE_stfE_predicted,0.3333333333333333,2,2,CTGAGATGGTCTCGCATTTG,0,3515774
tfaE_stfE_predicted,0.3333333333333333,2,2,CTGACTCGAGGGCAGTCGGA,0,3492801
tfaE_stfE_predicted,0.3333333333333333,2,2,CTGACGGTTTTACTTGAGGT,0,3526213
tfaE_stfE_predicted,0.3333333333333333,2,2,CTGACGCCTCTGGAAGTAGT,0,3516247
tfaE_stfE_predicted,0.3333333333333333,2,2,CTGACCTGGGTGCCGCATAG,0,3540409
tfaE_stfE_predicted,0.3333333333333333,2,2,CTGAATGAGTAGATAATGAG,0,3525836
tfaE_stfE_predicted,0.3333333333333333,2,2,CTCTTACGTTGAGGAACCAG,0,3525182
tfaE_stfE_predicted,0.3333333333333333,2,2,CTCTGGCTGCAACCCTAGTA,0,3530730
tfaE_stfE_predicted,0.3333333333333333,2,2,CTCTGAGTTTTCAGCGCACG,0,3537848
tfaE_stfE_predicted,0.3333333333333333,2,2,CTCTCGGAGAGCTGGGAAGT,0,3518871
tfaE_stfE_predicted,0.3333333333333333,2,2,CTCTCGCTCTGCGCAACCGG,0,3497129
tfaE_stfE_predicted,0.3333333333333333,2,2,CTCTCGAGACATACTCGTGA,0,3540197
tfaE_stfE_predicted,0.3333333333333333,2,2,CTCTCGAAGAAAGCCATTTT,0,3483604
tfaE_stfE_predicted,0.3333333333333333,2,2,CTCTACTGGCTGAATCGTTC,0,3541015
tfaE_stfE_predicted,0.3333333333333333,2,2,CTCGTCATTAAATATATGGG,0,3498309
tfaE_stfE_predicted,0.3333333333333333,2,2,CTCGTCAGCAGCCGATTTCC,0,3477803
tfaE_stfE_predicted,0.3333333333333333,2,2,CTCGGGCAAACGATCACGGT,0,3470183
tfaE_stfE_predicted,0.3333333333333333,2,2,CTCGGCTTAAATGATAGTTA,0,3481043
tfaE_stfE_predicted,0.3333333333333333,2,2,CTCGGCAAGAGCGTCCCACC,0,3468653
tfaE_stfE_predicted,0.3333333333333333,2,2,CTCGCCTAGGAATTTCCTGA,0,3541241
tfaE_stfE_predicted,0.3333333333333333,2,2,CTCGCAGTTAATATCAACGA,0,3540049
tfaE_stfE_predicted,0.3333333333333333,2,2,CTCGAGAGTGTTTTACTTTG,0,3473612
tfaE_stfE_predicted,0.3333333333333333,2,2,CTCCTTGTCGTCACGAGTGG,0,3500750
tfaE_stfE_predicted,0.3333333333333333,2,2,CTCCTGGCACTGGCGCGGGG,0,3497779
tfaE_stfE_predicted,0.3333333333333333,2,2,CTCCTAATAACAAATCGTAA,0,3494433
tfaE_stfE_predicted,0.3333333333333333,2,2,CTCCTAAAGTTATTAAAAAT,0,3487712
tfaE_stfE_predicted,0.3333333333333333,2,2,CTCCGGGTGATCAGAATATA,0,3470210
tfaE_stfE_predicted,0.3333333333333333,2,2,CTCCGATCTCGAACCTCTCG,0,3477420
tfaE_stfE_predicted,0.3333333333333333,2,2,CTCCGAGCTGGGCGTTACCA,0,3476882
tfaE_stfE_predicted,0.3333333333333333,2,2,CTCCCTAGGCTGAGTACGTT,0,3524768
tfaE_stfE_predicted,0.3333333333333333,2,2,CTCCATCGCCATTGAAATTG,0,3536538
tfaE_stfE_predicted,0.3333333333333333,2,2,CTCCAGGAAGCGGATAGTTC,0,3509004
tfaE_stfE_predicted,0.3333333333333333,2,2,CTCCAGATCCATCTCGCTTA,0,3519449
tfaE_stfE_predicted,0.3333333333333333,2,2,CTCCAAGCTTATGACTCAGC,0,3470252
tfaE_stfE_predicted,0.3333333333333333,2,2,CTCCAACAGCGCACGACCAT,0,3510328
tfaE_stfE_predicted,0.3333333333333333,2,2,CTCATGACTGTCCCGGGGCT,0,3494657
tfaE_stfE_predicted,0.3333333333333333,2,2,CTCATGAACGTATGATCTGC,0,3482084
tfaE_stfE_predicted,0.3333333333333333,2,2,CTCATCTTTCGTGCTTGTCG,0,3526910
tfaE_stfE_predicted,0.3333333333333333,2,2,CTCATCGAGACATGGTCCCA,0,3488168
tfaE_stfE_predicted,0.3333333333333333,2,2,CTCATAGCGGCCTCCGTGGG,0,3540597
tfaE_stfE_predicted,0.3333333333333333,2,2,CTCAGCCGTAGGGTGGCCAC,0,3511171
tfaE_stfE_predicted,0.3333333333333333,2,2,CTCAGCACGGGTTTGTCTCT,0,3512673
tfaE_stfE_predicted,0.3333333333333333,2,2,CTCACACATCAAGTATTGCC,0,3472109
tfaE_stfE_predicted,0.3333333333333333,2,2,CTCAATATAATGGACACGCG,0,3491396
tfaE_stfE_predicted,0.3333333333333333,2,2,CTCAAGGACAAAATTCATCT,0,3493384
tfaE_stfE_predicted,0.3333333333333333,2,2,CTCAACGGCCGTCATTGTTT,0,3508377
tfaE_stfE_predicted,0.3333333333333333,2,2,CTATTTGAGCGGAGTTGGTG,0,3525473
tfaE_stfE_predicted,0.3333333333333333,2,2,CTATTTCAGGGCAACAAAGG,0,3500426
tfaE_stfE_predicted,0.3333333333333333,2,2,CTATTCTCCACCTTGCACAA,0,3510479
tfaE_stfE_predicted,0.3333333333333333,2,2,CTATTCCATGCCGGAACTGC,0,3484324
tfaE_stfE_predicted,0.3333333333333333,2,2,CTATTATAAACAATGCGGAA,0,3529522
tfaE_stfE_predicted,0.3333333333333333,2,2,CTATGCGCAGTAAAGGAGTG,0,3494277
tfaE_stfE_predicted,0.3333333333333333,2,2,CTATGATCACGATTGGTAAA,0,3486431
tfaE_stfE_predicted,0.3333333333333333,2,2,CTATCTGTCACGGTAGGATC,0,3498268
tfaE_stfE_predicted,0.3333333333333333,2,2,CTATCCATACTCTGGGGACT,0,3531420
tfaE_stfE_predicted,0.3333333333333333,2,2,CTATCAATAGCTTCACGGGT,0,3510593
tfaE_stfE_predicted,0.3333333333333333,2,2,CTATATATGCTGCTTATTCA,0,3526668
tfaE_stfE_predicted,0.3333333333333333,2,2,CTATATACCCTCGAAGTGCG,0,3520079
tfaE_stfE_predicted,0.3333333333333333,2,2,CTATATAAATTCATAACAAT,0,3514177
tfaE_stfE_predicted,0.3333333333333333,2,2,CTATAGAGGCTATGCGTTGG,0,3531994
tfaE_stfE_predicted,0.3333333333333333,2,2,CTAGTTAAGTAGAAGGACAG,0,3500532
tfaE_stfE_predicted,0.3333333333333333,2,2,CTAGTCTTCAGCGTTCTTCA,0,3492356
tfaE_stfE_predicted,0.3333333333333333,2,2,CTAGTCGTGGATCATGACAG,0,3508024
tfaE_stfE_predicted,0.3333333333333333,2,2,CTAGTACCAGATGTTAAGAA,0,3523710
tfaE_stfE_predicted,0.3333333333333333,2,2,CTAGTAAAAGGAGTTGTTTG,0,3481205
tfaE_stfE_predicted,0.3333333333333333,2,2,CTAGGTTCCAGGCGGTCAGA,0,3474838
tfaE_stfE_predicted,0.3333333333333333,2,2,CTAGCGGGATACCTGTCGCC,0,3531400
tfaE_stfE_predicted,0.3333333333333333,2,2,CTAGAGGCACGCGCCCGAGT,0,3503160
tfaE_stfE_predicted,0.3333333333333333,2,2,CTAGACTGCTGCTCTAGACA,0,3474207
tfaE_stfE_predicted,0.3333333333333333,2,2,CTACTTCGTGAACCTCAGGA,0,3489854
tfaE_stfE_predicted,0.3333333333333333,2,2,CTACTGCGTATCGTAGTACC,0,3479779
tfaE_stfE_predicted,0.3333333333333333,2,2,CTACTGCCACGCACAAGTGG,0,3519475
tfaE_stfE_predicted,0.3333333333333333,2,2,CTACTGAAACGTCCAAGTAT,0,3537310
tfaE_stfE_predicted,0.3333333333333333,2,2,CTACGCCAGAATCAAGCCGT,0,3525263
tfaE_stfE_predicted,0.3333333333333333,2,2,CTACCGGCCGGATCTTTCGA,0,3470777
tfaE_stfE_predicted,0.3333333333333333,2,2,CTACATGTACCCCCTAGCTT,0,3494586
tfaE_stfE_predicted,0.3333333333333333,2,2,CTACAGGACTTTTCCCAAAG,0,3466487
tfaE_stfE_predicted,0.3333333333333333,2,2,CTAATCCAATTCGGTTAGCG,0,3500378
tfaE_stfE_predicted,0.3333333333333333,2,2,CTAATAGTGGTCAACCAACT,0,3532826
tfaE_stfE_predicted,0.3333333333333333,2,2,CTAAGTGCTGGCGCATTGTG,0,3479505
tfaE_stfE_predicted,0.3333333333333333,2,2,CTAAGATTAACCGACTCAAG,0,3525077
tfaE_stfE_predicted,0.3333333333333333,2,2,CTAACTTGTTGTATGGCTCG,0,3533462
tfaE_stfE_predicted,0.3333333333333333,2,2,CTAAAGTTCGGTAAAGTAGT,0,3490414
tfaE_stfE_predicted,0.3333333333333333,2,2,CGTTTTCCGTGTGTGACTCC,0,3510435
tfaE_stfE_predicted,0.3333333333333333,2,2,CGTTTACAGCTGGATACGCA,0,3530974
tfaE_stfE_predicted,0.3333333333333333,2,2,CGTTGCTCCAGCATCTCAGA,0,3471422
tfaE_stfE_predicted,0.3333333333333333,2,2,CGTTCCGTTTGCGGGCTGAA,0,3525486
tfaE_stfE_predicted,0.3333333333333333,2,2,CGTTACTCCCTTTTGGAGAG,0,3474803
tfaE_stfE_predicted,0.3333333333333333,2,2,CGTTAAGCTTAACATACCCT,0,3501840
tfaE_stfE_predicted,0.3333333333333333,2,2,CGTGTTTTCCCGGTCTTGAT,0,3522761
tfaE_stfE_predicted,0.3333333333333333,2,2,CGTGTTACGCGCAGGCCGTG,0,3494445
tfaE_stfE_predicted,0.3333333333333333,2,2,CGTGTGTCGCCGACTCTGCT,0,3482297
tfaE_stfE_predicted,0.3333333333333333,2,2,CGTGTGCTGGTCGCATCACG,0,3519971
tfaE_stfE_predicted,0.3333333333333333,2,2,CGTGTACCACTGTGCACTAA,0,3480288
tfaE_stfE_predicted,0.3333333333333333,2,2,CGTGGTATGTTACAGTATAT,0,3494230
tfaE_stfE_predicted,0.3333333333333333,2,2,CGTGGGAGACGCCACCGCAA,0,3530294
tfaE_stfE_predicted,0.3333333333333333,2,2,CGTGGCTCGTTGACCGGTAT,0,3528657
tfaE_stfE_predicted,0.3333333333333333,2,2,CGTGGCTAGGTAATGACTAA,0,3473374
tfaE_stfE_predicted,0.3333333333333333,2,2,CGTGGCCAATATCATACAGT,0,3534697
tfaE_stfE_predicted,0.3333333333333333,2,2,CGTGCTAGAGGTAGTCATGG,0,3501039
tfaE_stfE_predicted,0.3333333333333333,2,2,CGTGATTATTGGATCTGCTC,0,3508806
tfaE_stfE_predicted,0.3333333333333333,2,2,CGTGATCCCACCGCTACCTA,0,3539234
tfaE_stfE_predicted,0.3333333333333333,2,2,CGTGATACTCCCCATGTTCT,0,3505185
tfaE_stfE_predicted,0.3333333333333333,2,2,CGTGACTCCCAAAGTTTAGT,0,3513001
tfaE_stfE_predicted,0.3333333333333333,2,2,CGTCTTCACGCGAACGTGCG,0,3536599
tfaE_stfE_predicted,0.3333333333333333,2,2,CGTCTGACAGACTGATATTC,0,3526244
tfaE_stfE_predicted,0.3333333333333333,2,2,CGTCTCTCTAGTAGGTCCGT,0,3533900
tfaE_stfE_predicted,0.3333333333333333,2,2,CGTCTCTAGGTGCGCCTTTT,0,3497624
tfaE_stfE_predicted,0.3333333333333333,2,2,CGTCGTGTCTGTTCCCTTGA,0,3517678
tfaE_stfE_predicted,0.3333333333333333,2,2,CGTCGTGGTCGGACTCTACG,0,3494311
tfaE_stfE_predicted,0.3333333333333333,2,2,CGTCGGGTTTCGGTTTCTAG,0,3523412
tfaE_stfE_predicted,0.3333333333333333,2,2,CGTCCGTACATACGCGGTTC,0,3496565
tfaE_stfE_predicted,0.3333333333333333,2,2,CGTCCCGCAGCATGCAAAGT,0,3471426
tfaE_stfE_predicted,0.3333333333333333,2,2,CGTCCAGCAATTCGGACGTT,0,3492229
tfaE_stfE_predicted,0.3333333333333333,2,2,CGTCCACTAAACTTCGAAGG,0,3486280
tfaE_stfE_predicted,0.3333333333333333,2,2,CGTCCAAGCTAGGAGCACGG,0,3483484
tfaE_stfE_predicted,0.3333333333333333,2,2,CGTCAGTCACTCTACTGATA,0,3502428
tfaE_stfE_predicted,0.3333333333333333,2,2,CGTCAGGCCCGGCATGTGGG,0,3466390
tfaE_stfE_predicted,0.3333333333333333,2,2,CGTCAACGGGAACATACCTA,0,3531451
tfaE_stfE_predicted,0.3333333333333333,2,2,CGTATGGAGCTTTGCGACAG,0,3501532
tfaE_stfE_predicted,0.3333333333333333,2,2,CGTATGCCAATTTTAATCCT,0,3483382
tfaE_stfE_predicted,0.3333333333333333,2,2,CGTATCGCTCCAGCATTTGT,0,3538926
tfaE_stfE_predicted,0.3333333333333333,2,2,CGTACTATAAACTAAGGTGA,0,3515528
tfaE_stfE_predicted,0.3333333333333333,2,2,CGTAAGACGAGCGTCTCGCT,0,3470155
tfaE_stfE_predicted,0.3333333333333333,2,2,CGTAAGACCCGGGGATGCTC,0,3502303
tfaE_stfE_predicted,0.3333333333333333,2,2,CGTAAATTGACCCATTCGGC,0,3497139
tfaE_stfE_predicted,0.3333333333333333,2,2,CGTAAATGTGGGCGCCGTAA,0,3480046
tfaE_stfE_predicted,0.3333333333333333,2,2,CGGTTTCCGTCTCACTAGTA,0,3513637
tfaE_stfE_predicted,0.3333333333333333,2,2,CGGTTAAGCGTCTAAGCCGA,0,3481580
tfaE_stfE_predicted,0.3333333333333333,2,2,CGGTGTGCGGTCAAGCAATA,0,3523248
tfaE_stfE_predicted,0.3333333333333333,2,2,CGGTGTCTCATATCATGGCA,0,3531121
tfaE_stfE_predicted,0.3333333333333333,2,2,CGGTGTCAGGTTCCGGCTTG,0,3505668
tfaE_stfE_predicted,0.3333333333333333,2,2,CGGTGGGTCGGTCCATGCGA,0,3480031
tfaE_stfE_predicted,0.3333333333333333,2,2,CGGTGGCACCCGTGCGGACA,0,3503363
tfaE_stfE_predicted,0.3333333333333333,2,2,CGGTGGAGTCCAGCTAAACA,0,3472978
tfaE_stfE_predicted,0.3333333333333333,2,2,CGGTCTTAAGCTGGAAGGGC,0,3474817
tfaE_stfE_predicted,0.3333333333333333,2,2,CGGTCTGGGGTCACTATGCT,0,3536138
tfaE_stfE_predicted,0.3333333333333333,2,2,CGGTCGTTTCCGGTGCAGGG,0,3485583
tfaE_stfE_predicted,0.3333333333333333,2,2,CGGTCGGGTTCGCCACACCA,0,3535788
tfaE_stfE_predicted,0.3333333333333333,2,2,CGGTCCTTGCCGTGTCCCGA,0,3500106
tfaE_stfE_predicted,0.3333333333333333,2,2,CGGTCATGTCCTCACCGGGC,0,3501508
tfaE_stfE_predicted,0.3333333333333333,2,2,CGGTCAACGTTCTCCAGACT,0,3498576
tfaE_stfE_predicted,0.3333333333333333,2,2,CGGTATGGTCACCTGCCCGT,0,3532237
tfaE_stfE_predicted,0.3333333333333333,2,2,CGGGTGGCCTAAATGCTAAG,0,3490052
tfaE_stfE_predicted,0.3333333333333333,2,2,CGGGTAAACCGGTCAAGGAG,0,3531052
tfaE_stfE_predicted,0.3333333333333333,2,2,CGGGGGTCAGGATCTCACGC,0,3520000
tfaE_stfE_predicted,0.3333333333333333,2,2,CGGGGCACTTGTACAGACAC,0,3492233
tfaE_stfE_predicted,0.3333333333333333,2,2,CGGGCGTCGATAGCTCCCAC,0,3481803
tfaE_stfE_predicted,0.3333333333333333,2,2,CGGGCGGCGAGATGTGTACG,0,3504266
tfaE_stfE_predicted,0.3333333333333333,2,2,CGGGCAACATTTTAACAAAG,0,3490993
tfaE_stfE_predicted,0.3333333333333333,2,2,CGGGATCAGGTTTTTTGGGC,0,3476514
tfaE_stfE_predicted,0.3333333333333333,2,2,CGGGATAAGCTAGAGCGGGC,0,3495429
tfaE_stfE_predicted,0.3333333333333333,2,2,CGGGACGAGACTCGGCGGAG,0,3540345
tfaE_stfE_predicted,0.3333333333333333,2,2,CGGCTTTGTAAACCGGCTTG,0,3479719
tfaE_stfE_predicted,0.3333333333333333,2,2,CGGCTGAACTATGATTCGAA,0,3521213
tfaE_stfE_predicted,0.3333333333333333,2,2,CGGCTCTGCTCGTTGTCATT,0,3527974
tfaE_stfE_predicted,0.3333333333333333,2,2,CGGCTAACTATTGGTCTGTA,0,3487851
tfaE_stfE_predicted,0.3333333333333333,2,2,CGGCGGGGCGCCACACCCCT,0,3479439
tfaE_stfE_predicted,0.3333333333333333,2,2,CGGCGCATTTTCGTTAAGTC,0,3468466
tfaE_stfE_predicted,0.3333333333333333,2,2,CGGCGAAATTTGGACTACGC,0,3474372
tfaE_stfE_predicted,0.3333333333333333,2,2,CGGCCCAGGGTTACGCTCTT,0,3520970
tfaE_stfE_predicted,0.3333333333333333,2,2,CGGCCACGCGACCTTACGCG,0,3487817
tfaE_stfE_predicted,0.3333333333333333,2,2,CGGCATGTTCGTCCTGGTAG,0,3490912
tfaE_stfE_predicted,0.3333333333333333,2,2,CGGCAGTGAGGAACGCAGCG,0,3499624
tfaE_stfE_predicted,0.3333333333333333,2,2,CGGCAGAGGACGCTCCGATA,0,3472654
tfaE_stfE_predicted,0.3333333333333333,2,2,CGGCAAAACCTTTTGAAGCC,0,3475910
tfaE_stfE_predicted,0.3333333333333333,2,2,CGGATCTGATTGGATCCACT,0,3536960
tfaE_stfE_predicted,0.3333333333333333,2,2,CGGAGATGCAACATTTGCAG,0,3509943
tfaE_stfE_predicted,0.3333333333333333,2,2,CGGACTTACCCCGAATTCTT,0,3518439
tfaE_stfE_predicted,0.3333333333333333,2,2,CGGAATTTAGGAGCCAACGC,0,3538441
tfaE_stfE_predicted,0.3333333333333333,2,2,CGGAATTAATCGTAAGCAGG,0,3509820
tfaE_stfE_predicted,0.3333333333333333,2,2,CGGAAGGGAGTATGTGATCC,0,3529191
tfaE_stfE_predicted,0.3333333333333333,2,2,CGGAACGCAGATACGCTCAT,0,3538026
tfaE_stfE_predicted,0.3333333333333333,2,2,CGGAACAGAGGTTTTGACTT,0,3502625
tfaE_stfE_predicted,0.3333333333333333,2,2,CGCTTCTGCCCCCGCATCTG,0,3468292
tfaE_stfE_predicted,0.3333333333333333,2,2,CGCTTCTCGACTCCAGCCTA,0,3474208
tfaE_stfE_predicted,0.3333333333333333,2,2,CGCTGTGCCCAAGGGTCCGC,0,3480596
tfaE_stfE_predicted,0.3333333333333333,2,2,CGCTGCTCGACAAGGTTAAC,0,3517787
tfaE_stfE_predicted,0.3333333333333333,2,2,CGCTGCGTCGTTTTTTGATA,0,3486401
tfaE_stfE_predicted,0.3333333333333333,2,2,CGCGTCCCGCTCGATCAAAC,0,3500008
tfaE_stfE_predicted,0.3333333333333333,2,2,CGCGGGTCTTTAATCCCTTC,0,3491943
tfaE_stfE_predicted,0.3333333333333333,2,2,CGCGGCTACCGTGTCGGGCG,0,3527654
tfaE_stfE_predicted,0.3333333333333333,2,2,CGCGCTCGTCTATCGTCGCT,0,3525135
tfaE_stfE_predicted,0.3333333333333333,2,2,CGCGCGGTATGAGGGCCAAG,0,3491073
tfaE_stfE_predicted,0.3333333333333333,2,2,CGCGCGAAAGCGTGTAACGT,0,3471722
tfaE_stfE_predicted,0.3333333333333333,2,2,CGCGCCGATAAGCGAGCCAA,0,3515411
tfaE_stfE_predicted,0.3333333333333333,2,2,CGCGACAGTTAGCTATACCC,0,3493844
tfaE_stfE_predicted,0.3333333333333333,2,2,CGCGACAATGTCGTGGCAGC,0,3482782
tfaE_stfE_predicted,0.3333333333333333,2,2,CGCCTACGGTAGTTGTTTAC,0,3500190
tfaE_stfE_predicted,0.3333333333333333,2,2,CGCCGTCGTAGAGATAAATG,0,3473541
tfaE_stfE_predicted,0.3333333333333333,2,2,CGCCGATCTGCTTAATCTCC,0,3514683
tfaE_stfE_predicted,0.3333333333333333,2,2,CGCCAGAAGGGTATAACAGA,0,3518957
tfaE_stfE_predicted,0.3333333333333333,2,2,CGCCACGACACGTGGACAAT,0,3513257
tfaE_stfE_predicted,0.3333333333333333,2,2,CGCATTAGATGTAGGGAATA,0,3484170
tfaE_stfE_predicted,0.3333333333333333,2,2,CGCATATATCTATTCCAGAG,0,3506438
tfaE_stfE_predicted,0.3333333333333333,2,2,CGCAGGTACGTGACAAGTGT,0,3494002
tfaE_stfE_predicted,0.3333333333333333,2,2,CGCAGGGCCGAGTCGTGAAT,0,3484547
tfaE_stfE_predicted,0.3333333333333333,2,2,CGCAGGACTCACCAATCAGA,0,3489312
tfaE_stfE_predicted,0.3333333333333333,2,2,CGCAGCGTGTGCCAACCGTT,0,3486571
tfaE_stfE_predicted,0.3333333333333333,2,2,CGCACTAACATGCCCGCCCT,0,3501428
tfaE_stfE_predicted,0.3333333333333333,2,2,CGCACGTCGTTCTCAGAACA,0,3522369
tfaE_stfE_predicted,0.3333333333333333,2,2,CGCACAATCCGAGCTACAGG,0,3522683
tfaE_stfE_predicted,0.3333333333333333,2,2,CGCAACAGTCCACCGTGCCT,0,3483163
tfaE_stfE_predicted,0.3333333333333333,2,2,CGCAAATCGTGATGAGCGGC,0,3470129
tfaE_stfE_predicted,0.3333333333333333,2,2,CGATCACAAATCCGGGCTCT,0,3493356
tfaE_stfE_predicted,0.3333333333333333,2,2,CGATATGTGAGGCTGCAACT,0,3492852
tfaE_stfE_predicted,0.3333333333333333,2,2,CGATATCTTCGTAAAAGGTC,0,3493223
tfaE_stfE_predicted,0.3333333333333333,2,2,CGATACGAGTGGACCACCTC,0,3508407
tfaE_stfE_predicted,0.3333333333333333,2,2,CGATAATAAGGTTAGTTGTG,0,3494200
tfaE_stfE_predicted,0.3333333333333333,2,2,CGAGTTTCAGTCGCAGTCTA,0,3523751
tfaE_stfE_predicted,0.3333333333333333,2,2,CGAGTCGTTTTTCCGGTCCA,0,3475400
tfaE_stfE_predicted,0.3333333333333333,2,2,CGAGTAGACGGGTTCGCCAG,0,3483210
tfaE_stfE_predicted,0.3333333333333333,2,2,CGAGGCACGACCAAGGATAT,0,3536767
tfaE_stfE_predicted,0.3333333333333333,2,2,CGAGCGGAGCCAGAGCTTGA,0,3519501
tfaE_stfE_predicted,0.3333333333333333,2,2,CGAGCGCTGAGGGTCGATAA,0,3513669
tfaE_stfE_predicted,0.3333333333333333,2,2,CGAGCGCGCAGGTGCCACAT,0,3477953
tfaE_stfE_predicted,0.3333333333333333,2,2,CGAGAGTCCACGCGATGTAA,0,3513353
tfaE_stfE_predicted,0.3333333333333333,2,2,CGAGAGGTGTACTATATACT,0,3477356
tfaE_stfE_predicted,0.3333333333333333,2,2,CGAGACGATGTGCCAACGGG,0,3502833
tfaE_stfE_predicted,0.3333333333333333,2,2,CGACTTGCCACGCTCCTGAG,0,3470992
tfaE_stfE_predicted,0.3333333333333333,2,2,CGACTGCACTCTGTTGATTG,0,3516764
tfaE_stfE_predicted,0.3333333333333333,2,2,CGACTCGTTACCGACCGACG,0,3467192
tfaE_stfE_predicted,0.3333333333333333,2,2,CGACGGTCTTGAGTCGTGGA,0,3472541
tfaE_stfE_predicted,0.3333333333333333,2,2,CGACGCGTTGCCATTTAGCC,0,3490472
tfaE_stfE_predicted,0.3333333333333333,2,2,CGACGCGCGCGGGGTTCAAC,0,3495306
tfaE_stfE_predicted,0.3333333333333333,2,2,CGACGAGTGATAATAGAGGT,0,3536999
tfaE_stfE_predicted,0.3333333333333333,2,2,CGACCCATGTTTGGTATGTA,0,3492057
tfaE_stfE_predicted,0.3333333333333333,2,2,CGACCATTTCTTTTCTGTGC,0,3541039
tfaE_stfE_predicted,0.3333333333333333,2,2,CGACATTCCAAAGGAGTCCC,0,3512988
tfaE_stfE_predicted,0.3333333333333333,2,2,CGACATTCAAAGAACTAGCC,0,3469830
tfaE_stfE_predicted,0.3333333333333333,2,2,CGACATTACTTGGCGGACTG,0,3493562
tfaE_stfE_predicted,0.3333333333333333,2,2,CGACACCTCTAGTGTTAGTG,0,3469785
tfaE_stfE_predicted,0.3333333333333333,2,2,CGACAATCTGACAGTACCAA,0,3477474
tfaE_stfE_predicted,0.3333333333333333,2,2,CGACAAGCTTGCCAGTCACA,0,3477666
tfaE_stfE_predicted,0.3333333333333333,2,2,CGAATTTAGTTGTCCTGCTT,0,3485827
tfaE_stfE_predicted,0.3333333333333333,2,2,CGAATGCTATCCGAAGCAAC,0,3478641
tfaE_stfE_predicted,0.3333333333333333,2,2,CGAATCGGATACCTAGCGCC,0,3518553
tfaE_stfE_predicted,0.3333333333333333,2,2,CGAAGGACGATTCCGCCGTG,0,3540498
tfaE_stfE_predicted,0.3333333333333333,2,2,CGAAGCACCCCGTCAGTAGG,0,3494958
tfaE_stfE_predicted,0.3333333333333333,2,2,CGAAGAGGCTTCCTTCCCGG,0,3521927
tfaE_stfE_predicted,0.3333333333333333,2,2,CGAAAACGCGGTGGGCCGAC,0,3483638
tfaE_stfE_predicted,0.3333333333333333,2,2,CCTTTTAGAGTTTCTAAAAT,0,3467611
tfaE_stfE_predicted,0.3333333333333333,2,2,CCTTTATATCATACGATCGT,0,3479884
tfaE_stfE_predicted,0.3333333333333333,2,2,CCTTCGAACGTTCATAACCT,0,3499303
tfaE_stfE_predicted,0.3333333333333333,2,2,CCTTCGAAATGTTCTTTTCG,0,3501549
tfaE_stfE_predicted,0.3333333333333333,2,2,CCTTCAAACGGAGTGGGCCG,0,3501003
tfaE_stfE_predicted,0.3333333333333333,2,2,CCTTACTCCAGGTGCATCGG,0,3516333
tfaE_stfE_predicted,0.3333333333333333,2,2,CCTTACCAGCTAGGTACGGT,0,3504364
tfaE_stfE_predicted,0.3333333333333333,2,2,CCTGTCGCGACACGTACAGT,0,3509857
tfaE_stfE_predicted,0.3333333333333333,2,2,CCTGTCCAAGTTCCAATAAG,0,3531062
tfaE_stfE_predicted,0.3333333333333333,2,2,CCTGTACCCGGCGACCGACT,0,3512208
tfaE_stfE_predicted,0.3333333333333333,2,2,CCTGCTGGACGTGGCATGAT,0,3520788
tfaE_stfE_predicted,0.3333333333333333,2,2,CCTGCTCTGCGCACTTTTCG,0,3520019
tfaE_stfE_predicted,0.3333333333333333,2,2,CCTGCAGTTGCCCCTACCGA,0,3525806
tfaE_stfE_predicted,0.3333333333333333,2,2,CCTGATTCCAATACCGTCAG,0,3483060
tfaE_stfE_predicted,0.3333333333333333,2,2,CCTGACCCTCCAGGCGATAT,0,3487505
tfaE_stfE_predicted,0.3333333333333333,2,2,CCTGAAAGATATTAGCGTTC,0,3525921
tfaE_stfE_predicted,0.3333333333333333,2,2,CCTCTGGGGTGTTTATCTAC,0,3515231
tfaE_stfE_predicted,0.3333333333333333,2,2,CCTCGGAGAAACATGCACCT,0,3537940
tfaE_stfE_predicted,0.3333333333333333,2,2,CCTCGCGTGTTGTGGGCATG,0,3504117
tfaE_stfE_predicted,0.3333333333333333,2,2,CCTCGCCCACACCCGACTCC,0,3521561
tfaE_stfE_predicted,0.3333333333333333,2,2,CCTCCTGGGTATCGAGAAAG,0,3531990
tfaE_stfE_predicted,0.3333333333333333,2,2,CCTCCGTCTAGGACAGCCTG,0,3515198
tfaE_stfE_predicted,0.3333333333333333,2,2,CCTCCGGCCTTGCTCTGACC,0,3536307
tfaE_stfE_predicted,0.3333333333333333,2,2,CCTCAGAGTCTGGAGTAGAG,0,3495743
tfaE_stfE_predicted,0.3333333333333333,2,2,CCTATTAAGATTTGGTCGAG,0,3484772
tfaE_stfE_predicted,0.3333333333333333,2,2,CCTATCCGTCCATGTCCAAC,0,3476847
tfaE_stfE_predicted,0.3333333333333333,2,2,CCTAGGCTATCCACCAGTTC,0,3487434
tfaE_stfE_predicted,0.3333333333333333,2,2,CCTAGCGATGGGCTGCCATC,0,3485191
tfaE_stfE_predicted,0.3333333333333333,2,2,CCTAGCGAAGGAACAAGTCC,0,3487263
tfaE_stfE_predicted,0.3333333333333333,2,2,CCTACTGGCAGCGGAATCAC,0,3513964
tfaE_stfE_predicted,0.3333333333333333,2,2,CCTACTCATAGATGGCCGGC,0,3509235
tfaE_stfE_predicted,0.3333333333333333,2,2,CCTACATCCTGAACCCCTTT,0,3503263
tfaE_stfE_predicted,0.3333333333333333,2,2,CCTAATGGGGCAATGTCCAC,0,3516456
tfaE_stfE_predicted,0.3333333333333333,2,2,CCTAACGTAAGTTGTCAAGC,0,3535497
tfaE_stfE_predicted,0.3333333333333333,2,2,CCTAACGCAGGTCCCACGCA,0,3529000
tfaE_stfE_predicted,0.3333333333333333,2,2,CCTAAATAGTTTGTTAGCCT,0,3531816
tfaE_stfE_predicted,0.3333333333333333,2,2,CCGTTTATTCCAACTGAACG,0,3531440
tfaE_stfE_predicted,0.3333333333333333,2,2,CCGTTGCGAAGTAATAACAA,0,3501450
tfaE_stfE_predicted,0.3333333333333333,2,2,CCGTGTAGAATAATAGATCT,0,3518277
tfaE_stfE_predicted,0.3333333333333333,2,2,CCGTGCTTAAAATACGATCA,0,3484339
tfaE_stfE_predicted,0.3333333333333333,2,2,CCGTCTCATCGTAGGCATTA,0,3498212
tfaE_stfE_predicted,0.3333333333333333,2,2,CCGTCAGGTAGATTTGCAAT,0,3478890
tfaE_stfE_predicted,0.3333333333333333,2,2,CCGTATCATTTCATATCCAT,0,3535066
tfaE_stfE_predicted,0.3333333333333333,2,2,CCGTAGAGATACTCAGTCTT,0,3527668
tfaE_stfE_predicted,0.3333333333333333,2,2,CCGTACAGAAACCCGCACGC,0,3480401
tfaE_stfE_predicted,0.3333333333333333,2,2,CCGTAATTGTCTAAGGAGCT,0,3530197
tfaE_stfE_predicted,0.3333333333333333,2,2,CCGGTTGACAAGGCGTCTCT,0,3538002
tfaE_stfE_predicted,0.3333333333333333,2,2,CCGGTGTCACGAGTTTCACC,0,3521233
tfaE_stfE_predicted,0.3333333333333333,2,2,CCGGTCCAAATTGTTGCTCT,0,3494606
tfaE_stfE_predicted,0.3333333333333333,2,2,CCGGTACACCATTTCAAGGG,0,3500709
tfaE_stfE_predicted,0.3333333333333333,2,2,CCGGGTCACTATGCAAATGC,0,3485984
tfaE_stfE_predicted,0.3333333333333333,2,2,CCGGGGTTTAGCACTTGCAG,0,3468082
tfaE_stfE_predicted,0.3333333333333333,2,2,CCGGGCGCCCTTTCGGTGGT,0,3476624
tfaE_stfE_predicted,0.3333333333333333,2,2,CCGGGCAATTGGTGCCTTAA,0,3467075
tfaE_stfE_predicted,0.3333333333333333,2,2,CCGGGAAGTCCCATACGCGC,0,3477211
tfaE_stfE_predicted,0.3333333333333333,2,2,CCGGCGTTGTCTTTATTCTT,0,3519871
tfaE_stfE_predicted,0.3333333333333333,2,2,CCGGCGGAATAAAGGCCCGT,0,3529743
tfaE_stfE_predicted,0.3333333333333333,2,2,CCGGCCTGTTGGCTGCCGCG,0,3476164
tfaE_stfE_predicted,0.3333333333333333,2,2,CCGGCCTCGTTAGGACCAGG,0,3471181
tfaE_stfE_predicted,0.3333333333333333,2,2,CCGGCCCGAGACTCAGCCAG,0,3534667
tfaE_stfE_predicted,0.3333333333333333,2,2,CCGGCAGGTCCGATTTCCTG,0,3540202
tfaE_stfE_predicted,0.3333333333333333,2,2,CCGCTGCTTAATGCGCACTA,0,3538947
tfaE_stfE_predicted,0.3333333333333333,2,2,CCGCTCTCCCATGCCCGTCT,0,3475344
tfaE_stfE_predicted,0.3333333333333333,2,2,CCGCTACACCGTCCCCTCCG,0,3499136
tfaE_stfE_predicted,0.3333333333333333,2,2,CCGCGGTATGTCATACAGTT,0,3522766
tfaE_stfE_predicted,0.3333333333333333,2,2,CCGCGGCCTGGGACCGCGTC,0,3495526
tfaE_stfE_predicted,0.3333333333333333,2,2,CCGCGGCCGCACCGTTAGTT,0,3531919
tfaE_stfE_predicted,0.3333333333333333,2,2,CCGCGCCGGTGGAGTGCGGG,0,3538363
tfaE_stfE_predicted,0.3333333333333333,2,2,CCGCGCAATACACATAGTCT,0,3477596
tfaE_stfE_predicted,0.3333333333333333,2,2,CCGCGAAAACGAGATGTCCA,0,3506218
tfaE_stfE_predicted,0.3333333333333333,2,2,CCGCCTCAGGGTGACGGGGT,0,3499243
tfaE_stfE_predicted,0.3333333333333333,2,2,CCGCCGGGAAATTGCTGGGT,0,3489462
tfaE_stfE_predicted,0.3333333333333333,2,2,CCGCAAGTTTATAGCACTAC,0,3539823
tfaE_stfE_predicted,0.3333333333333333,2,2,CCGATTGAGGACCTTTAGTC,0,3523357
tfaE_stfE_predicted,0.3333333333333333,2,2,CCGATGGTCTGGAGAGTCAC,0,3506399
tfaE_stfE_predicted,0.3333333333333333,2,2,CCGATGACTCGGGAAGACCG,0,3536844
tfaE_stfE_predicted,0.3333333333333333,2,2,CCGATCCGAGCAGATTCCCA,0,3510508
tfaE_stfE_predicted,0.3333333333333333,2,2,CCGATAGGTGTCATGCTTAA,0,3535162
tfaE_stfE_predicted,0.3333333333333333,2,2,CCGAGTCCCACCACCTGCCA,0,3501307
tfaE_stfE_predicted,0.3333333333333333,2,2,CCGAGGGGGGGTCGCAGTGG,0,3508524
tfaE_stfE_predicted,0.3333333333333333,2,2,CCGAGCGGTGAAGACTGGAC,0,3486545
tfaE_stfE_predicted,0.3333333333333333,2,2,CCGAGCATATAAGCTAACCT,0,3517840
tfaE_stfE_predicted,0.3333333333333333,2,2,CCGAGAGATGCCTCAGCCTT,0,3516876
tfaE_stfE_predicted,0.3333333333333333,2,2,CCGACCGGGGCACGGGCAAG,0,3493465
tfaE_stfE_predicted,0.3333333333333333,2,2,CCGAAGTTAAATGTGGAGAG,0,3480370
tfaE_stfE_predicted,0.3333333333333333,2,2,CCGAAGGTTGTCCATATGCC,0,3510128
tfaE_stfE_predicted,0.3333333333333333,2,2,CCGAAAGCAAGATTTCGATT,0,3531216
tfaE_stfE_predicted,0.3333333333333333,2,2,CCGAAAAGCATGCCATAATA,0,3515350
tfaE_stfE_predicted,0.3333333333333333,2,2,CCCTTGAGAAAGTTTGACGT,0,3495179
tfaE_stfE_predicted,0.3333333333333333,2,2,CCCTTAGTGCCACGGCACCC,0,3480464
tfaE_stfE_predicted,0.3333333333333333,2,2,CCCTGCGATGGTTTCCGACA,0,3497636
tfaE_stfE_predicted,0.3333333333333333,2,2,CCCTCTCACCTGAGTTTGTT,0,3476394
tfaE_stfE_predicted,0.3333333333333333,2,2,CCCTCCATGAACCATCTGCG,0,3499229
tfaE_stfE_predicted,0.3333333333333333,2,2,CCCTATTCAGAGTATGTTTT,0,3523057
tfaE_stfE_predicted,0.3333333333333333,2,2,CCCTACCCCCCGAGCGCCAG,0,3524430
tfaE_stfE_predicted,0.3333333333333333,2,2,CCCTAAGTGAAATTCTATTA,0,3481611
tfaE_stfE_predicted,0.3333333333333333,2,2,CCCGTCATATATCGACGAAG,0,3528474
tfaE_stfE_predicted,0.3333333333333333,2,2,CCCGTACTGAACGCATAATG,0,3467746
tfaE_stfE_predicted,0.3333333333333333,2,2,CCCGTAAACCATATACTTCC,0,3487998
tfaE_stfE_predicted,0.3333333333333333,2,2,CCCGGTGTCTACAGGAAGAA,0,3513298
tfaE_stfE_predicted,0.3333333333333333,2,2,CCCGGGAGCATAAGGGTATA,0,3475138
tfaE_stfE_predicted,0.3333333333333333,2,2,CCCGATATAACAGAGAAATA,0,3506229
tfaE_stfE_predicted,0.3333333333333333,2,2,CCCGATAAACGCCAAAGGAT,0,3510058
tfaE_stfE_predicted,0.3333333333333333,2,2,CCCGAAGGCAAGCGTGGAGG,0,3521162
tfaE_stfE_predicted,0.3333333333333333,2,2,CCCCTATCCAGGTCGCCGTC,0,3494441
tfaE_stfE_predicted,0.3333333333333333,2,2,CCCCGCTGTAGGGACAGACA,0,3534941
tfaE_stfE_predicted,0.3333333333333333,2,2,CCCCCTCTTAGATGCCACTC,0,3473272
tfaE_stfE_predicted,0.3333333333333333,2,2,CCCCCATGGACGATAGGTGA,0,3534521
tfaE_stfE_predicted,0.3333333333333333,2,2,CCCCAGGGAAGGGCCGGAAA,0,3525859
tfaE_stfE_predicted,0.3333333333333333,2,2,CCCCACTTACAATCAGCATT,0,3495100
tfaE_stfE_predicted,0.3333333333333333,2,2,CCCCACCAGTGCCGCCACGG,0,3476771
tfaE_stfE_predicted,0.3333333333333333,2,2,CCCCAACCTTTGGGCGATTC,0,3471810
tfaE_stfE_predicted,0.3333333333333333,2,2,CCCAGAGGTTACGTCCTTAG,0,3513769
tfaE_stfE_predicted,0.3333333333333333,2,2,CCCACGCGACCCATCTAACC,0,3534796
tfaE_stfE_predicted,0.3333333333333333,2,2,CCCACGATTTGCTCGCCGTC,0,3491138
tfaE_stfE_predicted,0.3333333333333333,2,2,CCCACCTTGCTTATGACTTG,0,3481916
tfaE_stfE_predicted,0.3333333333333333,2,2,CCCACAGTGCACCCATGGTA,0,3500597
tfaE_stfE_predicted,0.3333333333333333,2,2,CCCAAGTACTACCATGGGTT,0,3511154
tfaE_stfE_predicted,0.3333333333333333,2,2,CCCAAGCGCCATGGCGCCAG,0,3535004
tfaE_stfE_predicted,0.3333333333333333,2,2,CCATTGGCCATGAAGATATA,0,3519551
tfaE_stfE_predicted,0.3333333333333333,2,2,CCATTGAAAGCGCTGCAAAC,0,3474461
tfaE_stfE_predicted,0.3333333333333333,2,2,CCATTCTTACCACGCGATGG,0,3504004
tfaE_stfE_predicted,0.3333333333333333,2,2,CCATTAATACGGGCGGACAA,0,3514446
tfaE_stfE_predicted,0.3333333333333333,2,2,CCATGTCTGGAAATCTGCCA,0,3498575
tfaE_stfE_predicted,0.3333333333333333,2,2,CCATGGTGCTCACGAGGTAA,0,3520293
tfaE_stfE_predicted,0.3333333333333333,2,2,CCATGGCGGGTAAGAACTAG,0,3498311
tfaE_stfE_predicted,0.3333333333333333,2,2,CCATGATGGTTGGTATCACG,0,3469849
tfaE_stfE_predicted,0.3333333333333333,2,2,CCATCCGCGTCTATGAATCT,0,3509634
tfaE_stfE_predicted,0.3333333333333333,2,2,CCATAGACCTACCAACCAAC,0,3511158
tfaE_stfE_predicted,0.3333333333333333,2,2,CCATACGTAGCTCAAGAAAC,0,3517898
tfaE_stfE_predicted,0.3333333333333333,2,2,CCATACGCCTTCCTCCCCTT,0,3539050
tfaE_stfE_predicted,0.3333333333333333,2,2,CCAGTTGTACTGTTGTGGAA,0,3519256
tfaE_stfE_predicted,0.3333333333333333,2,2,CCAGGTAGACTAGGGTCTTG,0,3510849
tfaE_stfE_predicted,0.3333333333333333,2,2,CCAGGGAGAAACCTTCTTCT,0,3510152
tfaE_stfE_predicted,0.3333333333333333,2,2,CCAGGCTAGTGCAGATGACG,0,3479424
tfaE_stfE_predicted,0.3333333333333333,2,2,CCAGGAAGCCCCTCGGCCTA,0,3507537
tfaE_stfE_predicted,0.3333333333333333,2,2,CCAGCTCAACACACTGGATG,0,3518281
tfaE_stfE_predicted,0.3333333333333333,2,2,CCAGATTATTATTCACACGT,0,3540112
tfaE_stfE_predicted,0.3333333333333333,2,2,CCAGAGTGCACCCCTCATTT,0,3473025
tfaE_stfE_predicted,0.3333333333333333,2,2,CCAGAGGAAAAGTGCCACGA,0,3518240
tfaE_stfE_predicted,0.3333333333333333,2,2,CCAGACAGCGAAGAGTTGGG,0,3488953
tfaE_stfE_predicted,0.3333333333333333,2,2,CCAGAATCGACCTTGGCGGT,0,3534355
tfaE_stfE_predicted,0.3333333333333333,2,2,CCACTTTCATAAAATGGTCT,0,3527358
tfaE_stfE_predicted,0.3333333333333333,2,2,CCACTACCGCTAACACAGCG,0,3526503
tfaE_stfE_predicted,0.3333333333333333,2,2,CCACGGGCGGAGTTTCCATT,0,3519701
tfaE_stfE_predicted,0.3333333333333333,2,2,CCACGATGCAGTATCCGAGG,0,3466903
tfaE_stfE_predicted,0.3333333333333333,2,2,CCACGAGCTACTACATGGAA,0,3488539
tfaE_stfE_predicted,0.3333333333333333,2,2,CCACGAGCGCAGGGAATGGC,0,3466470
tfaE_stfE_predicted,0.3333333333333333,2,2,CCACCTCCTCATTCCCGGCA,0,3487732
tfaE_stfE_predicted,0.3333333333333333,2,2,CCACCGTTCATCCATGCTCA,0,3518444
tfaE_stfE_predicted,0.3333333333333333,2,2,CCACCCTGCCGCAAGTTTAG,0,3468280
tfaE_stfE_predicted,0.3333333333333333,2,2,CCACATTGTGTTACCAATAA,0,3507719
tfaE_stfE_predicted,0.3333333333333333,2,2,CCAATCTGTTCTGTTAGTAC,0,3527472
tfaE_stfE_predicted,0.3333333333333333,2,2,CCAATCCGGAGCTAAGTTAG,0,3519869
tfaE_stfE_predicted,0.3333333333333333,2,2,CCAATATGAATTTAAAGTCT,0,3478610
tfaE_stfE_predicted,0.3333333333333333,2,2,CCAAGTTTCGCGGAAGACGG,0,3502359
tfaE_stfE_predicted,0.3333333333333333,2,2,CCAAATTCTGGTGAAGGATG,0,3497993
tfaE_stfE_predicted,0.3333333333333333,2,2,CCAAATACGTACTGTAGCCT,0,3522686
tfaE_stfE_predicted,0.3333333333333333,2,2,CCAAACATAGCCCGCGTAAT,0,3537033
tfaE_stfE_predicted,0.3333333333333333,2,2,CATTTACATATCGTGCTAGT,0,3483120
tfaE_stfE_predicted,0.3333333333333333,2,2,CATTTAACAGCTCCTCAGGC,0,3478763
tfaE_stfE_predicted,0.3333333333333333,2,2,CATTGCCTTCAGAAATGTAG,0,3529782
tfaE_stfE_predicted,0.3333333333333333,2,2,CATTGAAGAACGTGGCAGAG,0,3508001
tfaE_stfE_predicted,0.3333333333333333,2,2,CATTCGGCTTTTTATCATTC,0,3522774
tfaE_stfE_predicted,0.3333333333333333,2,2,CATTCGACGCCAGTTGGAAG,0,3488445
tfaE_stfE_predicted,0.3333333333333333,2,2,CATTCCGACGACGGTTGGAA,0,3501644
tfaE_stfE_predicted,0.3333333333333333,2,2,CATTACAATTCTGTGGAAAT,0,3520284
tfaE_stfE_predicted,0.3333333333333333,2,2,CATTAAGGGGTTGAGCGGTC,0,3526253
tfaE_stfE_predicted,0.3333333333333333,2,2,CATGTTTCACATTTATAAGT,0,3504115
tfaE_stfE_predicted,0.3333333333333333,2,2,CATGTTGCGCACTCGCTATT,0,3466436
tfaE_stfE_predicted,0.3333333333333333,2,2,CATGTTCCCCTTTGTGTATC,0,3526613
tfaE_stfE_predicted,0.3333333333333333,2,2,CATGTTAACAAGTAGGCTTG,0,3495259
tfaE_stfE_predicted,0.3333333333333333,2,2,CATGTGGGCCTCAAAAACTT,0,3534114
tfaE_stfE_predicted,0.3333333333333333,2,2,CATGCTTTTGTAAAACGTTA,0,3481123
tfaE_stfE_predicted,0.3333333333333333,2,2,CATGCCCGTCCATTGATAAT,0,3509821
tfaE_stfE_predicted,0.3333333333333333,2,2,CATGCAAATACCACGATGCG,0,3536368
tfaE_stfE_predicted,0.3333333333333333,2,2,CATGACCCCTCCCTTGAATA,0,3514512
tfaE_stfE_predicted,0.3333333333333333,2,2,CATGAAGTGATTGGGGCAGG,0,3512856
tfaE_stfE_predicted,0.3333333333333333,2,2,CATCTTCTGTCGTAGCCGGG,0,3526541
tfaE_stfE_predicted,0.3333333333333333,2,2,CATCTGCGTGTGTTGCCTTC,0,3471714
tfaE_stfE_predicted,0.3333333333333333,2,2,CATCGTTTTAATTGACTCAA,0,3485569
tfaE_stfE_predicted,0.3333333333333333,2,2,CATCGGTGATATATATCCTC,0,3497671
tfaE_stfE_predicted,0.3333333333333333,2,2,CATCGACATAACAGGGTCCC,0,3481909
tfaE_stfE_predicted,0.3333333333333333,2,2,CATCCTCTTGCCTTTGTGAG,0,3485582
tfaE_stfE_predicted,0.3333333333333333,2,2,CATCCGGGGTCGAAATCATG,0,3469514
tfaE_stfE_predicted,0.3333333333333333,2,2,CATCAGTGTGCCCAAGCAGT,0,3489302
tfaE_stfE_predicted,0.3333333333333333,2,2,CATCAAAAAATGCGATCATA,0,3480032
tfaE_stfE_predicted,0.3333333333333333,2,2,CATATAGGCCCTCGGTACGT,0,3532006
tfaE_stfE_predicted,0.3333333333333333,2,2,CATATAAACGACGGCGGGGT,0,3473652
tfaE_stfE_predicted,0.3333333333333333,2,2,CATAGGTCTTATCATGTAAT,0,3477191
tfaE_stfE_predicted,0.3333333333333333,2,2,CATAGCGGTGGGCTCGGTAG,0,3511618
tfaE_stfE_predicted,0.3333333333333333,2,2,CATAGAGTCCTGGAAGGCAT,0,3506217
tfaE_stfE_predicted,0.3333333333333333,2,2,CATAAGTATGGGTAATGCAA,0,3524650
tfaE_stfE_predicted,0.3333333333333333,2,2,CAGTTTCTCATTATTGAATT,0,3510118
tfaE_stfE_predicted,0.3333333333333333,2,2,CAGTTGTACAGGCATTAGGC,0,3493296
tfaE_stfE_predicted,0.3333333333333333,2,2,CAGTTCCGTACGTCAGTGAA,0,3528495
tfaE_stfE_predicted,0.3333333333333333,2,2,CAGTGGTAAACCTCCGTACA,0,3508204
tfaE_stfE_predicted,0.3333333333333333,2,2,CAGTGCGGAAATGCCAGTAA,0,3475642
tfaE_stfE_predicted,0.3333333333333333,2,2,CAGTCGCTTACAGGATCAAC,0,3477204
tfaE_stfE_predicted,0.3333333333333333,2,2,CAGTCCACTCCCAGACAACC,0,3472224
tfaE_stfE_predicted,0.3333333333333333,2,2,CAGTATGTCGTGCGTGGTTG,0,3516739
tfaE_stfE_predicted,0.3333333333333333,2,2,CAGTAACGACATAGAGCCCC,0,3497107
tfaE_stfE_predicted,0.3333333333333333,2,2,CAGGTGGATTTGAGTCGTAG,0,3510739
tfaE_stfE_predicted,0.3333333333333333,2,2,CAGGGTTAATAGCTCAGTAT,0,3526455
tfaE_stfE_predicted,0.3333333333333333,2,2,CAGGCTGGTCCTGGGCCAGC,0,3494017
tfaE_stfE_predicted,0.3333333333333333,2,2,CAGGCCCTCTTGCTTTCTCG,0,3537299
tfaE_stfE_predicted,0.3333333333333333,2,2,CAGGATTTGGCGCGGGCTTC,0,3497523
tfaE_stfE_predicted,0.3333333333333333,2,2,CAGGATGTGGGTTATCTGCG,0,3523471
tfaE_stfE_predicted,0.3333333333333333,2,2,CAGGATGTCACTATTCTCGT,0,3472693
tfaE_stfE_predicted,0.3333333333333333,2,2,CAGGAGGCGACGCACACACA,0,3536003
tfaE_stfE_predicted,0.3333333333333333,2,2,CAGCTGGGCGATCTATATTA,0,3527078
tfaE_stfE_predicted,0.3333333333333333,2,2,CAGCTGAGTTATGTTACCTA,0,3531570
tfaE_stfE_predicted,0.3333333333333333,2,2,CAGCGGCAGTGGAAGATGAG,0,3510544
tfaE_stfE_predicted,0.3333333333333333,2,2,CAGCGGACGGCTATATCGTT,0,3477898
tfaE_stfE_predicted,0.3333333333333333,2,2,CAGCCTTACCGGCGCCCCCC,0,3474059
tfaE_stfE_predicted,0.3333333333333333,2,2,CAGCCCCGTGGTCACGGCCA,0,3474662
tfaE_stfE_predicted,0.3333333333333333,2,2,CAGCCATTTGTGTTGTCCTA,0,3495623
tfaE_stfE_predicted,0.3333333333333333,2,2,CAGCAGATAGACGCCGATAT,0,3516773
tfaE_stfE_predicted,0.3333333333333333,2,2,CAGCAACATATCTGAAACTA,0,3472370
tfaE_stfE_predicted,0.3333333333333333,2,2,CAGATATCTCTCGAGGGCGT,0,3523216
tfaE_stfE_predicted,0.3333333333333333,2,2,CAGATATATTGGTGGAGGTT,0,3473958
tfaE_stfE_predicted,0.3333333333333333,2,2,CAGAGCCACTCCTTCAGCGC,0,3538879
tfaE_stfE_predicted,0.3333333333333333,2,2,CAGACCCGAGTTATCGAAGA,0,3525776
tfaE_stfE_predicted,0.3333333333333333,2,2,CAGAACTGAACACTGCGTAG,0,3468221
tfaE_stfE_predicted,0.3333333333333333,2,2,CAGAACGCCCGCGTATCTCT,0,3491095
tfaE_stfE_predicted,0.3333333333333333,2,2,CAGAAAATACCATCCACGCT,0,3495130
tfaE_stfE_predicted,0.3333333333333333,2,2,CACTTTTAGCCAGTTTTAAA,0,3519890
tfaE_stfE_predicted,0.3333333333333333,2,2,CACTTGGCACCGATCTCGGG,0,3514051
tfaE_stfE_predicted,0.3333333333333333,2,2,CACTTCAGAGGAAGCGCGTA,0,3493867
tfaE_stfE_predicted,0.3333333333333333,2,2,CACTGCTGAATCGGCATGAG,0,3508387
tfaE_stfE_predicted,0.3333333333333333,2,2,CACTGCCAGCATTCGGGTCC,0,3471088
tfaE_stfE_predicted,0.3333333333333333,2,2,CACTGAAATAGTACACAACT,0,3496990
tfaE_stfE_predicted,0.3333333333333333,2,2,CACTCATAACCTAGTCAGGT,0,3539584
tfaE_stfE_predicted,0.3333333333333333,2,2,CACTATTTGACGGTGGTAAA,0,3502177
tfaE_stfE_predicted,0.3333333333333333,2,2,CACTACACAATGCTGGATTG,0,3515944
tfaE_stfE_predicted,0.3333333333333333,2,2,CACGTTGGGTTGTGTTCGCG,0,3470651
tfaE_stfE_predicted,0.3333333333333333,2,2,CACGTTGAGCGAAAAATTGG,0,3514015
tfaE_stfE_predicted,0.3333333333333333,2,2,CACGTGCCCGGGAAGGACGT,0,3539170
tfaE_stfE_predicted,0.3333333333333333,2,2,CACGTGATGACTCGGCTATA,0,3507576
tfaE_stfE_predicted,0.3333333333333333,2,2,CACGTAATGGCGATATCCTC,0,3475899
tfaE_stfE_predicted,0.3333333333333333,2,2,CACGGTGAAGCCGGCACCCT,0,3525188
tfaE_stfE_predicted,0.3333333333333333,2,2,CACGCGGGGGGATCCTCATT,0,3470897
tfaE_stfE_predicted,0.3333333333333333,2,2,CACGCGACTGAAGTTGGAAA,0,3514987
tfaE_stfE_predicted,0.3333333333333333,2,2,CACGAGGCGCGAGGCTGCTT,0,3533173
tfaE_stfE_predicted,0.3333333333333333,2,2,CACGAATATTTGCGGGCCTA,0,3509846
tfaE_stfE_predicted,0.3333333333333333,2,2,CACCTGACTCTATTTCGCTT,0,3516811
tfaE_stfE_predicted,0.3333333333333333,2,2,CACCTGACGATTGAGTTAGT,0,3536580
tfaE_stfE_predicted,0.3333333333333333,2,2,CACCTACGTTCTTCCCGGCA,0,3535468
tfaE_stfE_predicted,0.3333333333333333,2,2,CACCTACGTCTCAGACTAGG,0,3507920
tfaE_stfE_predicted,0.3333333333333333,2,2,CACCGCCTGAATATAACTTG,0,3534473
tfaE_stfE_predicted,0.3333333333333333,2,2,CACCGCCGCCGTCATAGAGT,0,3527032
tfaE_stfE_predicted,0.3333333333333333,2,2,CACCGAGCGGGGTATCAAGT,0,3481186
tfaE_stfE_predicted,0.3333333333333333,2,2,CACCCGCCGGTAAAAGGAAC,0,3476390
tfaE_stfE_predicted,0.3333333333333333,2,2,CACCCGCAGTGATACCTGCT,0,3540587
tfaE_stfE_predicted,0.3333333333333333,2,2,CACCCCGACCGTTATGAGCT,0,3501936
tfaE_stfE_predicted,0.3333333333333333,2,2,CACCCATGTAATCCCGAGGT,0,3471466
tfaE_stfE_predicted,0.3333333333333333,2,2,CACCAGAAAACTTGTGTTCA,0,3516875
tfaE_stfE_predicted,0.3333333333333333,2,2,CACCAAGATGTACGCGCTCC,0,3504764
tfaE_stfE_predicted,0.3333333333333333,2,2,CACATTCGCTCGACGGCCTA,0,3507882
tfaE_stfE_predicted,0.3333333333333333,2,2,CACATGCTGGGGTTGTTGAT,0,3476135
tfaE_stfE_predicted,0.3333333333333333,2,2,CACATGAACCGTGCAGTTTG,0,3473108
tfaE_stfE_predicted,0.3333333333333333,2,2,CACATACCTCGCTTGCGACA,0,3505758
tfaE_stfE_predicted,0.3333333333333333,2,2,CACAGGCGCATCAGCTCGGA,0,3500036
tfaE_stfE_predicted,0.3333333333333333,2,2,CACAGACCCATGAGAGCGAA,0,3512895
tfaE_stfE_predicted,0.3333333333333333,2,2,CACAGACACCACGCAATAGA,0,3477318
tfaE_stfE_predicted,0.3333333333333333,2,2,CACAGAAGATCGGATAGTGG,0,3486330
tfaE_stfE_predicted,0.3333333333333333,2,2,CACACCTGACGTGGGGCGAC,0,3532540
tfaE_stfE_predicted,0.3333333333333333,2,2,CACAAAGTTGAAAAGCCCCA,0,3498936
tfaE_stfE_predicted,0.3333333333333333,2,2,CAATTTGTTCTGAGCTGATC,0,3476216
tfaE_stfE_predicted,0.3333333333333333,2,2,CAATTGTGATGCTCTGCCCC,0,3511286
tfaE_stfE_predicted,0.3333333333333333,2,2,CAATGGCTTGGTACGCTTTG,0,3501900
tfaE_stfE_predicted,0.3333333333333333,2,2,CAATGGATCTCAAAAGCTCA,0,3466820
tfaE_stfE_predicted,0.3333333333333333,2,2,CAATGATATAATCTTTTTTG,0,3531088
tfaE_stfE_predicted,0.3333333333333333,2,2,CAATGAAGTTTAAAGTATAA,0,3471628
tfaE_stfE_predicted,0.3333333333333333,2,2,CAATCAGTCAGCGTATGATA,0,3494557
tfaE_stfE_predicted,0.3333333333333333,2,2,CAATATGTGTAACTAATATT,0,3506286
tfaE_stfE_predicted,0.3333333333333333,2,2,CAATATGACTACGCTCTACG,0,3522963
tfaE_stfE_predicted,0.3333333333333333,2,2,CAATACGGACCTAGCTGACT,0,3477046
tfaE_stfE_predicted,0.3333333333333333,2,2,CAAGTTCCCTCACTGGGCAT,0,3495173
tfaE_stfE_predicted,0.3333333333333333,2,2,CAAGTGATGTTTCTTAGATC,0,3524123
tfaE_stfE_predicted,0.3333333333333333,2,2,CAAGTCACTACGTGTTGACA,0,3506683
tfaE_stfE_predicted,0.3333333333333333,2,2,CAAGCTGCGTAGTGTCCGAG,0,3510512
tfaE_stfE_predicted,0.3333333333333333,2,2,CAACGTACCCGGCGAACCGC,0,3519853
tfaE_stfE_predicted,0.3333333333333333,2,2,CAACGAGGTCAAAAATCTAT,0,3502200
tfaE_stfE_predicted,0.3333333333333333,2,2,CAACGACTCCGTGGATCCGT,0,3496665
tfaE_stfE_predicted,0.3333333333333333,2,2,CAACGACTATTGATCCTACT,0,3534161
tfaE_stfE_predicted,0.3333333333333333,2,2,CAACGAAGGAGCTGTTAATT,0,3467244
tfaE_stfE_predicted,0.3333333333333333,2,2,CAACCTCATAGGATTGTTAA,0,3529251
tfaE_stfE_predicted,0.3333333333333333,2,2,CAACCGTACGTAATTAATTG,0,3538424
tfaE_stfE_predicted,0.3333333333333333,2,2,CAACCGCCCTCCCTTGAATC,0,3500770
tfaE_stfE_predicted,0.3333333333333333,2,2,CAACCGATTGCGCGCCGGGG,0,3524151
tfaE_stfE_predicted,0.3333333333333333,2,2,CAACCGACTACAGAGTTTGG,0,3528338
tfaE_stfE_predicted,0.3333333333333333,2,2,CAACCCTAAACTCAGGTTGT,0,3534376
tfaE_stfE_predicted,0.3333333333333333,2,2,CAACATTTACGATTGGAAGG,0,3510049
tfaE_stfE_predicted,0.3333333333333333,2,2,CAACAAAGGGGGAGCGTATC,0,3519880
tfaE_stfE_predicted,0.3333333333333333,2,2,CAAATTTCGATGAGGTCTCT,0,3494005
tfaE_stfE_predicted,0.3333333333333333,2,2,CAAATGTTGCTGGCTAGCCA,0,3497479
tfaE_stfE_predicted,0.3333333333333333,2,2,CAAATAGGACAACCATTCGA,0,3514967
tfaE_stfE_predicted,0.3333333333333333,2,2,CAAACATTGCCTCTATCCAC,0,3528081
tfaE_stfE_predicted,0.3333333333333333,2,2,CAAAATAGGATACTAGGCAA,0,3473402
tfaE_stfE_predicted,0.3333333333333333,2,2,CAAAAGTTCGCATTCGAGTC,0,3486638
tfaE_stfE_predicted,0.3333333333333333,2,2,ATTTTTTAGGTAATAAGACG,0,3518347
tfaE_stfE_predicted,0.3333333333333333,2,2,ATTTTTCTATACTTGCGCCA,0,3475965
tfaE_stfE_predicted,0.3333333333333333,2,2,ATTTTTATGCTTACATGACC,0,3486099
tfaE_stfE_predicted,0.3333333333333333,2,2,ATTTTTAAGTTCCTTGTAAA,0,3516959
tfaE_stfE_predicted,0.3333333333333333,2,2,ATTTTGTCCGCTCGCCATGG,0,3507718
tfaE_stfE_predicted,0.3333333333333333,2,2,ATTTTGCATATTGTGTGGCT,0,3473090
tfaE_stfE_predicted,0.3333333333333333,2,2,ATTTTCGGCCAGCGAGCGGA,0,3499475
tfaE_stfE_predicted,0.3333333333333333,2,2,ATTTTATGAGTTACGACTTC,0,3487598
tfaE_stfE_predicted,0.3333333333333333,2,2,ATTTTATCTCAGGGGTATAA,0,3503618
tfaE_stfE_predicted,0.3333333333333333,2,2,ATTTGTTATCATGAAGGTAG,0,3507418
tfaE_stfE_predicted,0.3333333333333333,2,2,ATTTGTGCCCAGGTCCGTCA,0,3523813
tfaE_stfE_predicted,0.3333333333333333,2,2,ATTTGCTTTTTACGTATGGA,0,3501019
tfaE_stfE_predicted,0.3333333333333333,2,2,ATTTGCATGCTCTAGTCTGC,0,3475202
tfaE_stfE_predicted,0.3333333333333333,2,2,ATTTGAAGTTTTATGAGACG,0,3528158
tfaE_stfE_predicted,0.3333333333333333,2,2,ATTTCTTGCCCGCCTTAAGA,0,3514545
tfaE_stfE_predicted,0.3333333333333333,2,2,ATTTCTGGTGACCAAGTGTT,0,3515609
tfaE_stfE_predicted,0.3333333333333333,2,2,ATTTATCAGCGAATCAATTG,0,3531409
tfaE_stfE_predicted,0.3333333333333333,2,2,ATTTAGTTGTCAAGCTAAGC,0,3515916
tfaE_stfE_predicted,0.3333333333333333,2,2,ATTTAGGTATACATGGCTAA,0,3519736
tfaE_stfE_predicted,0.3333333333333333,2,2,ATTTACCTCTGCATATTTAT,0,3537237
tfaE_stfE_predicted,0.3333333333333333,2,2,ATTGTTGTCTGAGGTACGTT,0,3506835
tfaE_stfE_predicted,0.3333333333333333,2,2,ATTGTTGAATCGGTAAGAGC,0,3495489
tfaE_stfE_predicted,0.3333333333333333,2,2,ATTGTCTCACGACGGCCCAC,0,3472859
tfaE_stfE_predicted,0.3333333333333333,2,2,ATTGTCAACATTCAACTTCC,0,3483295
tfaE_stfE_predicted,0.3333333333333333,2,2,ATTGGTGCGAGAATAGTTTA,0,3512035
tfaE_stfE_predicted,0.3333333333333333,2,2,ATTGCCCTGGCGTTGGCTCA,0,3528437
tfaE_stfE_predicted,0.3333333333333333,2,2,ATTGCCACCCAGCATTGTTA,0,3503528
tfaE_stfE_predicted,0.3333333333333333,2,2,ATTGCATTTGCCACGTTGCC,0,3535709
tfaE_stfE_predicted,0.3333333333333333,2,2,ATTCTCTTTAGTTAGGTGTG,0,3527465
tfaE_stfE_predicted,0.3333333333333333,2,2,ATTCTCACACCCGAGAGGGA,0,3500337
tfaE_stfE_predicted,0.3333333333333333,2,2,ATTCTACATGGGGGTAACGG,0,3495705
tfaE_stfE_predicted,0.3333333333333333,2,2,ATTCGGTACGGTGTTAATTC,0,3470726
tfaE_stfE_predicted,0.3333333333333333,2,2,ATTCGCAAGCCGAGGGATCT,0,3496246
tfaE_stfE_predicted,0.3333333333333333,2,2,ATTCGATGTTTCGGTAGAAC,0,3529306
tfaE_stfE_predicted,0.3333333333333333,2,2,ATTCCGATGAATGGTGATTC,0,3474727
tfaE_stfE_predicted,0.3333333333333333,2,2,ATTCAGGACACCATCTCTGT,0,3539679
tfaE_stfE_predicted,0.3333333333333333,2,2,ATTATTCACTCACGTGGGGG,0,3473515
tfaE_stfE_predicted,0.3333333333333333,2,2,ATTATGAGGTCACGGGCTTG,0,3495367
tfaE_stfE_predicted,0.3333333333333333,2,2,ATTATCCGTTTTTGCGAACT,0,3538999
tfaE_stfE_predicted,0.3333333333333333,2,2,ATTATATCAGTGACCATGGA,0,3499767
tfaE_stfE_predicted,0.3333333333333333,2,2,ATTAGGCGGCCTATTAGACA,0,3496884
tfaE_stfE_predicted,0.3333333333333333,2,2,ATTAGCTGTGCTACAGCCTT,0,3480793
tfaE_stfE_predicted,0.3333333333333333,2,2,ATTAGCATGGGGTTTGGGTA,0,3539305
tfaE_stfE_predicted,0.3333333333333333,2,2,ATTACTGAATGACCCGAATA,0,3519260
tfaE_stfE_predicted,0.3333333333333333,2,2,ATTACGTGATTAGAGCCGTC,0,3499510
tfaE_stfE_predicted,0.3333333333333333,2,2,ATTAATCGAGCGGGGGCCGT,0,3532641
tfaE_stfE_predicted,0.3333333333333333,2,2,ATTAAGTACCCAGCCTGTTG,0,3505584
tfaE_stfE_predicted,0.3333333333333333,2,2,ATTAAGATACTGTCGGTGGT,0,3520707
tfaE_stfE_predicted,0.3333333333333333,2,2,ATTAAGAGAGCACCAAATCT,0,3488563
tfaE_stfE_predicted,0.3333333333333333,2,2,ATTAACGTAAAAAGCCGGTC,0,3538029
tfaE_stfE_predicted,0.3333333333333333,2,2,ATTAAAGTTTTATAGGAATA,0,3490789
tfaE_stfE_predicted,0.3333333333333333,2,2,ATGTTGCTTATCTAGTAGGC,0,3471906
tfaE_stfE_predicted,0.3333333333333333,2,2,ATGTGTGCTTGACTTGGAAA,0,3501002
tfaE_stfE_predicted,0.3333333333333333,2,2,ATGTGATGCCAACAGTTAAA,0,3533510
tfaE_stfE_predicted,0.3333333333333333,2,2,ATGTCGCGGTGTGCTCACCT,0,3504467
tfaE_stfE_predicted,0.3333333333333333,2,2,ATGTCCAACTCGGCCTGCCT,0,3534829
tfaE_stfE_predicted,0.3333333333333333,2,2,ATGTACCAGTGAGGAGCGAT,0,3467537
tfaE_stfE_predicted,0.3333333333333333,2,2,ATGGTTGGCACCCGCCTTGC,0,3497852
tfaE_stfE_predicted,0.3333333333333333,2,2,ATGGTTCGAGTCTGGCAGCA,0,3473176
tfaE_stfE_predicted,0.3333333333333333,2,2,ATGGTTAGTTAGGCTCAAGG,0,3504016
tfaE_stfE_predicted,0.3333333333333333,2,2,ATGGTTACCTTTTTGCCTCG,0,3492137
tfaE_stfE_predicted,0.3333333333333333,2,2,ATGGTGTCCTGGTGACAAGT,0,3506688
tfaE_stfE_predicted,0.3333333333333333,2,2,ATGGTAGGTTCTGGCGCGGT,0,3482019
tfaE_stfE_predicted,0.3333333333333333,2,2,ATGGGTTGAAAAGAGAGGCC,0,3531382
tfaE_stfE_predicted,0.3333333333333333,2,2,ATGGGGATTTGTGCAGGCGA,0,3506103
tfaE_stfE_predicted,0.3333333333333333,2,2,ATGGGAACTCAATCACACGA,0,3466624
tfaE_stfE_predicted,0.3333333333333333,2,2,ATGGCTTAGTTAAGGGATAA,0,3471602
tfaE_stfE_predicted,0.3333333333333333,2,2,ATGGCTGTGGGGTGAAGTTT,0,3513148
tfaE_stfE_predicted,0.3333333333333333,2,2,ATGGCCTGGGTTCTTTCGGT,0,3497426
tfaE_stfE_predicted,0.3333333333333333,2,2,ATGGCCAGAGCTGGCGTCCT,0,3521675
tfaE_stfE_predicted,0.3333333333333333,2,2,ATGGATCCATCGGGCTGTCG,0,3508098
tfaE_stfE_predicted,0.3333333333333333,2,2,ATGGATCCAGCAATTGACCC,0,3491203
tfaE_stfE_predicted,0.3333333333333333,2,2,ATGGATATGATCCTAGTTTT,0,3535358
tfaE_stfE_predicted,0.3333333333333333,2,2,ATGGAAAGAGTGTAAACGAC,0,3488663
tfaE_stfE_predicted,0.3333333333333333,2,2,ATGCTGTTCGTCCGCTCCTG,0,3473362
tfaE_stfE_predicted,0.3333333333333333,2,2,ATGCTCAGAGTGTGACATGT,0,3483231
tfaE_stfE_predicted,0.3333333333333333,2,2,ATGCTATCGTTGACTCAGGC,0,3508340
tfaE_stfE_predicted,0.3333333333333333,2,2,ATGCTAAGAAGGTCACCGCT,0,3491294
tfaE_stfE_predicted,0.3333333333333333,2,2,ATGCGAATGAGTGGATCAAC,0,3468249
tfaE_stfE_predicted,0.3333333333333333,2,2,ATGCCAGTTAGTTGAATCGG,0,3467936
tfaE_stfE_predicted,0.3333333333333333,2,2,ATGCAGAGACCGGGACGCTA,0,3484233
tfaE_stfE_predicted,0.3333333333333333,2,2,ATGCACATGGCAGTAAACGA,0,3479434
tfaE_stfE_predicted,0.3333333333333333,2,2,ATGCACAAATTTACTTCCTG,0,3525570
tfaE_stfE_predicted,0.3333333333333333,2,2,ATGATTTAATGACGTTTAGT,0,3505793
tfaE_stfE_predicted,0.3333333333333333,2,2,ATGAGGTTTGTGATTCACGT,0,3487707
tfaE_stfE_predicted,0.3333333333333333,2,2,ATGACGCCGTCGCCCACCCA,0,3495943
tfaE_stfE_predicted,0.3333333333333333,2,2,ATGACATGCTTTTCTAGAAA,0,3484891
tfaE_stfE_predicted,0.3333333333333333,2,2,ATCTTTAGAAAGATTGGCCT,0,3526112
tfaE_stfE_predicted,0.3333333333333333,2,2,ATCTTGTTTACAACCCAAGT,0,3530259
tfaE_stfE_predicted,0.3333333333333333,2,2,ATCTTATTCCAGGTTTTGGT,0,3471590
tfaE_stfE_predicted,0.3333333333333333,2,2,ATCTTAATAGTACTGAAGAA,0,3490932
tfaE_stfE_predicted,0.3333333333333333,2,2,ATCTGGGTTCGACGTTTGGA,0,3498420
tfaE_stfE_predicted,0.3333333333333333,2,2,ATCTGAATTGCTGGGACCAA,0,3510017
tfaE_stfE_predicted,0.3333333333333333,2,2,ATCTCAGTTGAAAACCTTAG,0,3468095
tfaE_stfE_predicted,0.3333333333333333,2,2,ATCTAGTAACCCGGTTTAAA,0,3500673
tfaE_stfE_predicted,0.3333333333333333,2,2,ATCTACTAGGGCCTAGCAAT,0,3518307
tfaE_stfE_predicted,0.3333333333333333,2,2,ATCTACCGTTATTCCACCGA,0,3495474
tfaE_stfE_predicted,0.3333333333333333,2,2,ATCGTTTCTGTCAGGCCAAG,0,3513511
tfaE_stfE_predicted,0.3333333333333333,2,2,ATCGTAGTCCTGTGAGCGTG,0,3522042
tfaE_stfE_predicted,0.3333333333333333,2,2,ATCGGTGAGGCGGGCGCAGT,0,3480796
tfaE_stfE_predicted,0.3333333333333333,2,2,ATCGGTAACCAGGCAGCTCA,0,3476460
tfaE_stfE_predicted,0.3333333333333333,2,2,ATCGGAAAGACCGCATAATG,0,3506558
tfaE_stfE_predicted,0.3333333333333333,2,2,ATCGCTTGGTGAAATACATG,0,3516924
tfaE_stfE_predicted,0.3333333333333333,2,2,ATCGAATCTCTAGCCCCTAG,0,3481287
tfaE_stfE_predicted,0.3333333333333333,2,2,ATCCTTCAGCTAGACCTTGC,0,3501886
tfaE_stfE_predicted,0.3333333333333333,2,2,ATCCTGTAATTTTTCAGCGC,0,3527647
tfaE_stfE_predicted,0.3333333333333333,2,2,ATCCTGGTAGTGCTTGACGT,0,3489166
tfaE_stfE_predicted,0.3333333333333333,2,2,ATCCTGCTGATTCGTGTTCA,0,3516888
tfaE_stfE_predicted,0.3333333333333333,2,2,ATCCTCGGGACAAATCTGAG,0,3531920
tfaE_stfE_predicted,0.3333333333333333,2,2,ATCCGCGAGCTTTGTAACTG,0,3492067
tfaE_stfE_predicted,0.3333333333333333,2,2,ATCCGACCCCCATCCACGGA,0,3522721
tfaE_stfE_predicted,0.3333333333333333,2,2,ATCCGAAGCTACAGGACTTC,0,3498109
tfaE_stfE_predicted,0.3333333333333333,2,2,ATCCCACTTGACGCTTGCAG,0,3478060
tfaE_stfE_predicted,0.3333333333333333,2,2,ATCCAGGTCAGGATGATCTG,0,3511944
tfaE_stfE_predicted,0.3333333333333333,2,2,ATCCAGATACTTTTATGGGG,0,3529817
tfaE_stfE_predicted,0.3333333333333333,2,2,ATCCACTTCCAAGACACTAG,0,3503554
tfaE_stfE_predicted,0.3333333333333333,2,2,ATCATCGACCATTCCCAGAC,0,3485694
tfaE_stfE_predicted,0.3333333333333333,2,2,ATCAGGCTACGACGGGACGC,0,3479056
tfaE_stfE_predicted,0.3333333333333333,2,2,ATCAGATTCATATAAGCTCG,0,3502415
tfaE_stfE_predicted,0.3333333333333333,2,2,ATCACTGTACGGTGTACACC,0,3502446
tfaE_stfE_predicted,0.3333333333333333,2,2,ATCACACATGCTAAATACTG,0,3469143
tfaE_stfE_predicted,0.3333333333333333,2,2,ATCAATGGTTCCGGTCTTAG,0,3486069
tfaE_stfE_predicted,0.3333333333333333,2,2,ATCAATAAAGGTGGCTAGGA,0,3483897
tfaE_stfE_predicted,0.3333333333333333,2,2,ATCAAGGCTCTCAATTGGTG,0,3533446
tfaE_stfE_predicted,0.3333333333333333,2,2,ATCAACCGAAATGTTTTCAA,0,3522349
tfaE_stfE_predicted,0.3333333333333333,2,2,ATATTTGGTTAGTTTTCGGT,0,3522174
tfaE_stfE_predicted,0.3333333333333333,2,2,ATATTGTTGCTCAAGGGACT,0,3538994
tfaE_stfE_predicted,0.3333333333333333,2,2,ATATTCCGGCCAAAGCAAAA,0,3479323
tfaE_stfE_predicted,0.3333333333333333,2,2,ATATGTTCCAGTAGGCCATT,0,3468130
tfaE_stfE_predicted,0.3333333333333333,2,2,ATATGGACGTCTGATGGAAA,0,3511668
tfaE_stfE_predicted,0.3333333333333333,2,2,ATATGGACACACCAGGACTA,0,3535386
tfaE_stfE_predicted,0.3333333333333333,2,2,ATATGCGCCTAGGTTATACT,0,3491688
tfaE_stfE_predicted,0.3333333333333333,2,2,ATATGAAAGTTGTGTCAGAA,0,3520712
tfaE_stfE_predicted,0.3333333333333333,2,2,ATATCGAGAGGGGTACGAGG,0,3472392
tfaE_stfE_predicted,0.3333333333333333,2,2,ATAGTTTCACTGGGATTTAT,0,3518813
tfaE_stfE_predicted,0.3333333333333333,2,2,ATAGTCACGCTCAAATCGAT,0,3481901
tfaE_stfE_predicted,0.3333333333333333,2,2,ATAGGGTGGAGATGTCGGTG,0,3511067
tfaE_stfE_predicted,0.3333333333333333,2,2,ATAGGGTAACCTATGCGTTG,0,3484507
tfaE_stfE_predicted,0.3333333333333333,2,2,ATAGCTGATTTCGCAGTGAA,0,3503285
tfaE_stfE_predicted,0.3333333333333333,2,2,ATAGAGCATCACTTACGATA,0,3490354
tfaE_stfE_predicted,0.3333333333333333,2,2,ATACTCGCTTTGTCCTCTGC,0,3466529
tfaE_stfE_predicted,0.3333333333333333,2,2,ATACGTTTACGCTATAATGC,0,3514543
tfaE_stfE_predicted,0.3333333333333333,2,2,ATACGTACGACTTGCCGACC,0,3507406
tfaE_stfE_predicted,0.3333333333333333,2,2,ATACGCCCGGAATCAGCCAT,0,3476814
tfaE_stfE_predicted,0.3333333333333333,2,2,ATACGAGTGATTAGCACCTC,0,3478532
tfaE_stfE_predicted,0.3333333333333333,2,2,ATACCTGTGCGCCATTGATC,0,3494085
tfaE_stfE_predicted,0.3333333333333333,2,2,ATACAGAGCCATCCGCTTCG,0,3536174
tfaE_stfE_predicted,0.3333333333333333,2,2,ATACACGGGTTTAGCATCTG,0,3477413
tfaE_stfE_predicted,0.3333333333333333,2,2,ATAATTTCTGGGTCCAGGCA,0,3527952
tfaE_stfE_predicted,0.3333333333333333,2,2,ATAATGGTTGTAAACAAAAC,0,3536438
tfaE_stfE_predicted,0.3333333333333333,2,2,ATAATGGAGAAGTCCGTCCA,0,3523046
tfaE_stfE_predicted,0.3333333333333333,2,2,ATAATGCCGGGATCCTCTGA,0,3532091
tfaE_stfE_predicted,0.3333333333333333,2,2,ATAAGAGTTATCTTGTCTTC,0,3494930
tfaE_stfE_predicted,0.3333333333333333,2,2,ATAAGAGAATAATAGCCCAT,0,3511114
tfaE_stfE_predicted,0.3333333333333333,2,2,ATAAGAACCAGGAGTGTACT,0,3476455
tfaE_stfE_predicted,0.3333333333333333,2,2,ATAACACAAGCATCGTGTGT,0,3479166
tfaE_stfE_predicted,0.3333333333333333,2,2,ATAAATGCACGGCCATCCGC,0,3527329
tfaE_stfE_predicted,0.3333333333333333,2,2,ATAAAGTCGATATGCGGTAC,0,3533547
tfaE_stfE_predicted,0.3333333333333333,2,2,ATAAAGGGTATTCATCCTGG,0,3512470
tfaE_stfE_predicted,0.3333333333333333,2,2,ATAAACACATTCCCTAAGCG,0,3478643
tfaE_stfE_predicted,0.3333333333333333,2,2,ATAAAACCGTCTAAGACAGC,0,3533500
tfaE_stfE_predicted,0.3333333333333333,2,2,AGTTTTGGATAACTTACGGT,0,3536140
tfaE_stfE_predicted,0.3333333333333333,2,2,AGTTTGAAACCCGGTCCGCG,0,3519522
tfaE_stfE_predicted,0.3333333333333333,2,2,AGTTTCTCCGAGGGGGAGCT,0,3531315
tfaE_stfE_predicted,0.3333333333333333,2,2,AGTTTCATCCAATAACCTGA,0,3481683
tfaE_stfE_predicted,0.3333333333333333,2,2,AGTTTATGGATCATGGTTTA,0,3469420
tfaE_stfE_predicted,0.3333333333333333,2,2,AGTTGATCTCGTCCTGGGAA,0,3514748
tfaE_stfE_predicted,0.3333333333333333,2,2,AGTTCTAAAGCTCTGCCCCC,0,3495430
tfaE_stfE_predicted,0.3333333333333333,2,2,AGTTCGGACGCGTCCCCCCT,0,3475239
tfaE_stfE_predicted,0.3333333333333333,2,2,AGTTATCGGTGTCCGGAAGA,0,3508216
tfaE_stfE_predicted,0.3333333333333333,2,2,AGTTAAAAATGCGCTTTACT,0,3473092
tfaE_stfE_predicted,0.3333333333333333,2,2,AGTGTTCTGATTCGCGTTCA,0,3520234
tfaE_stfE_predicted,0.3333333333333333,2,2,AGTGTCTAACTGCTTGTACG,0,3499977
tfaE_stfE_predicted,0.3333333333333333,2,2,AGTGTCACCACAGCGAGGGT,0,3535034
tfaE_stfE_predicted,0.3333333333333333,2,2,AGTGCGCTTGCGCGTGCTGC,0,3478627
tfaE_stfE_predicted,0.3333333333333333,2,2,AGTGCGAAGAGGGAGCTCTG,0,3538361
tfaE_stfE_predicted,0.3333333333333333,2,2,AGTGAGATCTTTCAACGGGA,0,3503993
tfaE_stfE_predicted,0.3333333333333333,2,2,AGTCTGTAAGGGGACTTCCC,0,3489831
tfaE_stfE_predicted,0.3333333333333333,2,2,AGTCTAGGGACACAGAGGGA,0,3514004
tfaE_stfE_predicted,0.3333333333333333,2,2,AGTCGTATTGTCATATCCGG,0,3527718
tfaE_stfE_predicted,0.3333333333333333,2,2,AGTCGGTAATGCGGACACTC,0,3500847
tfaE_stfE_predicted,0.3333333333333333,2,2,AGTCGGAACGGCACAATCGA,0,3536531
tfaE_stfE_predicted,0.3333333333333333,2,2,AGTCCGGACTTCCTTGTTAA,0,3535409
tfaE_stfE_predicted,0.3333333333333333,2,2,AGTCCGCTCTGCGTCCTCTC,0,3496159
tfaE_stfE_predicted,0.3333333333333333,2,2,AGTCCCCTTCCGGTGGCGTG,0,3522972
tfaE_stfE_predicted,0.3333333333333333,2,2,AGTCCAGGGATCGCGTTGTC,0,3524015
tfaE_stfE_predicted,0.3333333333333333,2,2,AGTCAGGTGAGGGTATAAGT,0,3498455
tfaE_stfE_predicted,0.3333333333333333,2,2,AGTATTCACGCTGCAAAGAC,0,3537283
tfaE_stfE_predicted,0.3333333333333333,2,2,AGTATAGGGACCGGCGGCTT,0,3527011
tfaE_stfE_predicted,0.3333333333333333,2,2,AGTATAATTTGGGCTCTGCC,0,3517087
tfaE_stfE_predicted,0.3333333333333333,2,2,AGTATAATCTAGTGTCTCGT,0,3540626
tfaE_stfE_predicted,0.3333333333333333,2,2,AGTACTTTTCCCCCCGGCGT,0,3540084
tfaE_stfE_predicted,0.3333333333333333,2,2,AGTACGAACGGTTTCACCAC,0,3500316
tfaE_stfE_predicted,0.3333333333333333,2,2,AGTACAATAGCAAGTACTAG,0,3536184
tfaE_stfE_predicted,0.3333333333333333,2,2,AGGTGTGGACGCATTTTCTC,0,3523994
tfaE_stfE_predicted,0.3333333333333333,2,2,AGGTGTAGAATCGATGATAC,0,3484797
tfaE_stfE_predicted,0.3333333333333333,2,2,AGGTGGAAGGATCAGTCTTG,0,3528239
tfaE_stfE_predicted,0.3333333333333333,2,2,AGGTCTTCGAGTAAGAGCGC,0,3489744
tfaE_stfE_predicted,0.3333333333333333,2,2,AGGTCTGTGTCGTAAGAGTT,0,3504548
tfaE_stfE_predicted,0.3333333333333333,2,2,AGGTCGGGGGTTAACTGATC,0,3474756
tfaE_stfE_predicted,0.3333333333333333,2,2,AGGTCCCGCGTGAACCGTAA,0,3511491
tfaE_stfE_predicted,0.3333333333333333,2,2,AGGTCACTTTTTACAGGGGG,0,3472715
tfaE_stfE_predicted,0.3333333333333333,2,2,AGGTATTTCGGCCTGTTCCT,0,3515337
tfaE_stfE_predicted,0.3333333333333333,2,2,AGGTAACAGCAATGCCCACA,0,3514101
tfaE_stfE_predicted,0.3333333333333333,2,2,AGGGTTCTACTGGTAGGACA,0,3531291
tfaE_stfE_predicted,0.3333333333333333,2,2,AGGGTGAAGCCAAGTTGTCA,0,3471982
tfaE_stfE_predicted,0.3333333333333333,2,2,AGGGTCCAACAGCCCTACCA,0,3518248
tfaE_stfE_predicted,0.3333333333333333,2,2,AGGGTATCACCCGGCTCCAC,0,3480602
tfaE_stfE_predicted,0.3333333333333333,2,2,AGGGGTTAATCACCTGCCGG,0,3515989
tfaE_stfE_predicted,0.3333333333333333,2,2,AGGGGGTAAGTGCGTTACAA,0,3520794
tfaE_stfE_predicted,0.3333333333333333,2,2,AGGGGGGAAATTGCACGATA,0,3538917
tfaE_stfE_predicted,0.3333333333333333,2,2,AGGGCTCTAATTTTAGTTCT,0,3473397
tfaE_stfE_predicted,0.3333333333333333,2,2,AGGGCGCTCTAAGGATCGCC,0,3467817
tfaE_stfE_predicted,0.3333333333333333,2,2,AGGGCGAAAGTGCACAGATT,0,3475930
tfaE_stfE_predicted,0.3333333333333333,2,2,AGGGCAAATGAATAATGGAT,0,3494232
tfaE_stfE_predicted,0.3333333333333333,2,2,AGGGATACTTCTCGCAGAAG,0,3481393
tfaE_stfE_predicted,0.3333333333333333,2,2,AGGGACGACTTGATATGAAC,0,3476965
tfaE_stfE_predicted,0.3333333333333333,2,2,AGGGAAGCCGACTTGGTTTT,0,3498436
tfaE_stfE_predicted,0.3333333333333333,2,2,AGGGAAAGTCCCATTGCCGA,0,3539599
tfaE_stfE_predicted,0.3333333333333333,2,2,AGGGAAACCAACTTCATGTT,0,3469217
tfaE_stfE_predicted,0.3333333333333333,2,2,AGGCTTGCATACGGGCTAGA,0,3508944
tfaE_stfE_predicted,0.3333333333333333,2,2,AGGCTTCGGAACTGCTCACG,0,3529476
tfaE_stfE_predicted,0.3333333333333333,2,2,AGGCTGGACGATCACGCGGT,0,3488367
tfaE_stfE_predicted,0.3333333333333333,2,2,AGGCTCCATCATGTGGCTCA,0,3472620
tfaE_stfE_predicted,0.3333333333333333,2,2,AGGCGACGGGTTCCTTAACA,0,3526787
tfaE_stfE_predicted,0.3333333333333333,2,2,AGGCCTTCAGACCAGGCTTC,0,3483469
tfaE_stfE_predicted,0.3333333333333333,2,2,AGGCCATTCGGAATCAGGTG,0,3522192
tfaE_stfE_predicted,0.3333333333333333,2,2,AGGCATATAAAGACCTTCCT,0,3523245
tfaE_stfE_predicted,0.3333333333333333,2,2,AGGCAGGTGGACTTACGACA,0,3494885
tfaE_stfE_predicted,0.3333333333333333,2,2,AGGCAGGGGCCAGTCCCCCA,0,3540037
tfaE_stfE_predicted,0.3333333333333333,2,2,AGGATTGCTCAACTGTTCCG,0,3467716
tfaE_stfE_predicted,0.3333333333333333,2,2,AGGATTGACGAGTAGGACAC,0,3479497
tfaE_stfE_predicted,0.3333333333333333,2,2,AGGATCCTGTTCTCACTCTT,0,3538830
tfaE_stfE_predicted,0.3333333333333333,2,2,AGGAGGTGGGATTAATCTAT,0,3514726
tfaE_stfE_predicted,0.3333333333333333,2,2,AGGAGGGGACCGGGCATCGC,0,3499482
tfaE_stfE_predicted,0.3333333333333333,2,2,AGGAGCAGTAGACTCTAGCA,0,3475449
tfaE_stfE_predicted,0.3333333333333333,2,2,AGGACTGCTCGTTCAGAATG,0,3498336
tfaE_stfE_predicted,0.3333333333333333,2,2,AGGACTATCGGTCATTGGGC,0,3488078
tfaE_stfE_predicted,0.3333333333333333,2,2,AGGACTAAGTCCGAAAGCAA,0,3472416
tfaE_stfE_predicted,0.3333333333333333,2,2,AGGACGATATATCACCCATT,0,3487805
tfaE_stfE_predicted,0.3333333333333333,2,2,AGGACATCCGGTATCGAGGT,0,3518779
tfaE_stfE_predicted,0.3333333333333333,2,2,AGGAAGTGGAGGGACGCCTC,0,3517834
tfaE_stfE_predicted,0.3333333333333333,2,2,AGGAACGCCTGCCTGTTTCT,0,3496293
tfaE_stfE_predicted,0.3333333333333333,2,2,AGGAACGATAAGAAACAGGG,0,3509716
tfaE_stfE_predicted,0.3333333333333333,2,2,AGGAACCCCGTGCACGGAAA,0,3472948
tfaE_stfE_predicted,0.3333333333333333,2,2,AGGAACATGGGGCGGAGTTG,0,3503638
tfaE_stfE_predicted,0.3333333333333333,2,2,AGCTTTCGATTTGCCCGTAA,0,3497154
tfaE_stfE_predicted,0.3333333333333333,2,2,AGCTGCACTCGCATCACTAG,0,3472225
tfaE_stfE_predicted,0.3333333333333333,2,2,AGCTGACCTTTTTGTCACGC,0,3508852
tfaE_stfE_predicted,0.3333333333333333,2,2,AGCTCACATATAATTTCCCA,0,3512846
tfaE_stfE_predicted,0.3333333333333333,2,2,AGCTCAAGGCTTCGGTCTTC,0,3493856
tfaE_stfE_predicted,0.3333333333333333,2,2,AGCTATCACAGACTAAGACA,0,3505869
tfaE_stfE_predicted,0.3333333333333333,2,2,AGCTACCCATAGTTGCGATG,0,3474828
tfaE_stfE_predicted,0.3333333333333333,2,2,AGCTACACAATGTTCAAATC,0,3530362
tfaE_stfE_predicted,0.3333333333333333,2,2,AGCGTCGCTGGGAAAAAGTC,0,3486326
tfaE_stfE_predicted,0.3333333333333333,2,2,AGCGGGCTCTCAATCCAATT,0,3514769
tfaE_stfE_predicted,0.3333333333333333,2,2,AGCGGCGAGTCGGAGGCATT,0,3473820
tfaE_stfE_predicted,0.3333333333333333,2,2,AGCGCCTGAACAGTCACCTC,0,3490034
tfaE_stfE_predicted,0.3333333333333333,2,2,AGCGCCCTCTTGGAGGCGCT,0,3509937
tfaE_stfE_predicted,0.3333333333333333,2,2,AGCGATCATGGAACCATCGA,0,3507784
tfaE_stfE_predicted,0.3333333333333333,2,2,AGCCTGGTTGTCGTTGCCCT,0,3518037
tfaE_stfE_predicted,0.3333333333333333,2,2,AGCCTGGGTGCGTCCTCGGA,0,3468601
tfaE_stfE_predicted,0.3333333333333333,2,2,AGCCTGCAAGAAGGATTCTT,0,3509334
tfaE_stfE_predicted,0.3333333333333333,2,2,AGCCTAATAACCTTCACATT,0,3469343
tfaE_stfE_predicted,0.3333333333333333,2,2,AGCCGGGCCACATCATTGTA,0,3470876
tfaE_stfE_predicted,0.3333333333333333,2,2,AGCCGCTTCAGCGGACCGTC,0,3515820
tfaE_stfE_predicted,0.3333333333333333,2,2,AGCCCTGTCCGTCCAAGAGA,0,3496921
tfaE_stfE_predicted,0.3333333333333333,2,2,AGCCCATCGAGATTGGGGAT,0,3488926
tfaE_stfE_predicted,0.3333333333333333,2,2,AGCCCACAGCTGGCAAGTCA,0,3473798
tfaE_stfE_predicted,0.3333333333333333,2,2,AGCCACAGAGGCCTCCTCAA,0,3496854
tfaE_stfE_predicted,0.3333333333333333,2,2,AGCCACACAGCTGGGAGTTA,0,3519668
tfaE_stfE_predicted,0.3333333333333333,2,2,AGCATTCCGTAGGCGTTGGG,0,3533244
tfaE_stfE_predicted,0.3333333333333333,2,2,AGCATCAAAGGACCTCCATT,0,3527569
tfaE_stfE_predicted,0.3333333333333333,2,2,AGCAGTCGTCATTGTCCGTG,0,3518339
tfaE_stfE_predicted,0.3333333333333333,2,2,AGCACTCAGACGCGACGCTT,0,3520313
tfaE_stfE_predicted,0.3333333333333333,2,2,AGCACCTGTGAGACCATGGA,0,3540768
tfaE_stfE_predicted,0.3333333333333333,2,2,AGCAACGATTTAAAAAGATG,0,3503344
tfaE_stfE_predicted,0.3333333333333333,2,2,AGATTGAGCTCCCGGAATTT,0,3522095
tfaE_stfE_predicted,0.3333333333333333,2,2,AGATTCGAAATCACTCCTGA,0,3518039
tfaE_stfE_predicted,0.3333333333333333,2,2,AGATTATGGTTCAATTATGA,0,3492718
tfaE_stfE_predicted,0.3333333333333333,2,2,AGATGCGGTCAGACCTGACA,0,3498116
tfaE_stfE_predicted,0.3333333333333333,2,2,AGATCTCTGCGGAACTGAGC,0,3485963
tfaE_stfE_predicted,0.3333333333333333,2,2,AGATCGTATGGCGTAATGGC,0,3501172
tfaE_stfE_predicted,0.3333333333333333,2,2,AGATCGCCGGAGCAGTTGGC,0,3494541
tfaE_stfE_predicted,0.3333333333333333,2,2,AGAGTTTCCCTGCGTTTCGT,0,3529635
tfaE_stfE_predicted,0.3333333333333333,2,2,AGAGTCGTTCTCCGGGGTTC,0,3476701
tfaE_stfE_predicted,0.3333333333333333,2,2,AGAGGCTTTTGCACCGGCCT,0,3531225
tfaE_stfE_predicted,0.3333333333333333,2,2,AGAGGCATGGTCGATTTTAT,0,3495899
tfaE_stfE_predicted,0.3333333333333333,2,2,AGAGCTATGACCGGGTCTCT,0,3503292
tfaE_stfE_predicted,0.3333333333333333,2,2,AGAGCCTTTCGCTCCCCCCC,0,3508500
tfaE_stfE_predicted,0.3333333333333333,2,2,AGAGCCTATGGAGTGGAGGG,0,3525029
tfaE_stfE_predicted,0.3333333333333333,2,2,AGAGCACAGACCCTTTCGCT,0,3477616
tfaE_stfE_predicted,0.3333333333333333,2,2,AGAGAGGTTCTCTATATACA,0,3539037
tfaE_stfE_predicted,0.3333333333333333,2,2,AGAGACTCAACTGTCTACTC,0,3504886
tfaE_stfE_predicted,0.3333333333333333,2,2,AGAGAACATCTGGCTTCACT,0,3489466
tfaE_stfE_predicted,0.3333333333333333,2,2,AGACTCCAGGCCAACACAGT,0,3491891
tfaE_stfE_predicted,0.3333333333333333,2,2,AGACTCACTGTGTGGGTGTT,0,3492695
tfaE_stfE_predicted,0.3333333333333333,2,2,AGACTCAAGAGTTTAGCTGG,0,3501972
tfaE_stfE_predicted,0.3333333333333333,2,2,AGACTACAAGAACTAAAGGG,0,3493206
tfaE_stfE_predicted,0.3333333333333333,2,2,AGACGCGACGACTTTGGTTG,0,3485028
tfaE_stfE_predicted,0.3333333333333333,2,2,AGACGATAGTAGATAGTTTT,0,3480045
tfaE_stfE_predicted,0.3333333333333333,2,2,AGACCATGCGCGCTATACTC,0,3524754
tfaE_stfE_predicted,0.3333333333333333,2,2,AGACACACTGATAGTAACGA,0,3525696
tfaE_stfE_predicted,0.3333333333333333,2,2,AGAATTTAATTCACCCCGTA,0,3524329
tfaE_stfE_predicted,0.3333333333333333,2,2,AGAATGGGCTTGTACACCCC,0,3526122
tfaE_stfE_predicted,0.3333333333333333,2,2,AGAATCCATGTATTAGCGCA,0,3483175
tfaE_stfE_predicted,0.3333333333333333,2,2,AGAAGTGGCAGCCAGATGTT,0,3530298
tfaE_stfE_predicted,0.3333333333333333,2,2,AGAAGGAGAGATGAGGTTCT,0,3482653
tfaE_stfE_predicted,0.3333333333333333,2,2,AGAACTCCTTGGCGCACATC,0,3469982
tfaE_stfE_predicted,0.3333333333333333,2,2,AGAACTAAATATCCCTGGTA,0,3506674
tfaE_stfE_predicted,0.3333333333333333,2,2,AGAACCGCCCCATTGTAGCT,0,3500937
tfaE_stfE_predicted,0.3333333333333333,2,2,AGAAAGTGAAACCGCGTGCA,0,3531615
tfaE_stfE_predicted,0.3333333333333333,2,2,ACTTTGGAGGGGGACGGCAT,0,3471865
tfaE_stfE_predicted,0.3333333333333333,2,2,ACTTTAGTCTCGAGGCTGTG,0,3528256
tfaE_stfE_predicted,0.3333333333333333,2,2,ACTTTACATCGGTGCAAAAC,0,3513414
tfaE_stfE_predicted,0.3333333333333333,2,2,ACTTGGAACTAAGGAACGGC,0,3481971
tfaE_stfE_predicted,0.3333333333333333,2,2,ACTTGCTACGGATAACAAAC,0,3480525
tfaE_stfE_predicted,0.3333333333333333,2,2,ACTTGCGTAGGCCACGTTTG,0,3533265
tfaE_stfE_predicted,0.3333333333333333,2,2,ACTTATTAGATAGTCACTGA,0,3494577
tfaE_stfE_predicted,0.3333333333333333,2,2,ACTTAGCCTGTAATGCAGGC,0,3529699
tfaE_stfE_predicted,0.3333333333333333,2,2,ACTGGTAACTGTGTCTCATG,0,3466856
tfaE_stfE_predicted,0.3333333333333333,2,2,ACTGGGTTACATGAAGTACA,0,3471692
tfaE_stfE_predicted,0.3333333333333333,2,2,ACTGGGGATGGTTAGTAGGG,0,3501388
tfaE_stfE_predicted,0.3333333333333333,2,2,ACTGCCTCTATGTAAGAGAC,0,3528565
tfaE_stfE_predicted,0.3333333333333333,2,2,ACTGCCCAGCGGGGTCCATT,0,3484843
tfaE_stfE_predicted,0.3333333333333333,2,2,ACTGCATGCTGAGCAAGGCA,0,3510620
tfaE_stfE_predicted,0.3333333333333333,2,2,ACTGACCGGGTGGGTCACGT,0,3502812
tfaE_stfE_predicted,0.3333333333333333,2,2,ACTGACCACATCATGTGGGA,0,3527840
tfaE_stfE_predicted,0.3333333333333333,2,2,ACTGAACAGCGGGTCTGAGA,0,3541130
tfaE_stfE_predicted,0.3333333333333333,2,2,ACTCTGGCACTGGGTAAGGA,0,3535362
tfaE_stfE_predicted,0.3333333333333333,2,2,ACTCGTGCCACTTGACAGCT,0,3508547
tfaE_stfE_predicted,0.3333333333333333,2,2,ACTCGCACACTCGAATGGAC,0,3480967
tfaE_stfE_predicted,0.3333333333333333,2,2,ACTCCGGAGCGCAAGCTCCC,0,3527583
tfaE_stfE_predicted,0.3333333333333333,2,2,ACTCAAGAGCGGATTTGATA,0,3515028
tfaE_stfE_predicted,0.3333333333333333,2,2,ACTATTCCAGTCTAGATTTC,0,3493799
tfaE_stfE_predicted,0.3333333333333333,2,2,ACTATTAATGATGTTCGTGA,0,3483643
tfaE_stfE_predicted,0.3333333333333333,2,2,ACTATATACGGGTTTCAAGA,0,3482604
tfaE_stfE_predicted,0.3333333333333333,2,2,ACTACTTACGGGTCCAACTT,0,3483376
tfaE_stfE_predicted,0.3333333333333333,2,2,ACTACGATTATCTGCAAACT,0,3492886
tfaE_stfE_predicted,0.3333333333333333,2,2,ACTAAGCGCTGGCCCGCTGT,0,3487604
tfaE_stfE_predicted,0.3333333333333333,2,2,ACGTTTTGGAGTGGAACCCC,0,3478280
tfaE_stfE_predicted,0.3333333333333333,2,2,ACGTTCAATGATTGAGTAAA,0,3506420
tfaE_stfE_predicted,0.3333333333333333,2,2,ACGTTAGGCGAATGGGAGGA,0,3496447
tfaE_stfE_predicted,0.3333333333333333,2,2,ACGTGCTACGCTCAGCGGGT,0,3540615
tfaE_stfE_predicted,0.3333333333333333,2,2,ACGTCTGTGCGCAAGTGAGG,0,3535403
tfaE_stfE_predicted,0.3333333333333333,2,2,ACGTCTCGCACTTGATCAGA,0,3518316
tfaE_stfE_predicted,0.3333333333333333,2,2,ACGTCGTTATCCGCGTCCGT,0,3490549
tfaE_stfE_predicted,0.3333333333333333,2,2,ACGTCGGTCTGGCAAGGCGT,0,3481926
tfaE_stfE_predicted,0.3333333333333333,2,2,ACGTCCAGATCAGGCCCTGC,0,3466758
tfaE_stfE_predicted,0.3333333333333333,2,2,ACGTCATTCTTACGTCTCGG,0,3467009
tfaE_stfE_predicted,0.3333333333333333,2,2,ACGTCATATACTCGTATTCC,0,3487396
tfaE_stfE_predicted,0.3333333333333333,2,2,ACGTCAGCTAATTCGCCGGG,0,3531089
tfaE_stfE_predicted,0.3333333333333333,2,2,ACGGGCATGTGGAGAAGGTT,0,3539545
tfaE_stfE_predicted,0.3333333333333333,2,2,ACGGATGTGAACCATAGGCT,0,3470185
tfaE_stfE_predicted,0.3333333333333333,2,2,ACGGAGTTCGCGGGCCGTTT,0,3511479
tfaE_stfE_predicted,0.3333333333333333,2,2,ACGGAGTGCGACAGTAGTGC,0,3496284
tfaE_stfE_predicted,0.3333333333333333,2,2,ACGGACGAAAGTCGATTCAA,0,3522433
tfaE_stfE_predicted,0.3333333333333333,2,2,ACGGAAATCAGCTCATTGCC,0,3520897
tfaE_stfE_predicted,0.3333333333333333,2,2,ACGCTCTCAAAACCAGGTCT,0,3497277
tfaE_stfE_predicted,0.3333333333333333,2,2,ACGCGTGGGAAAGGAGGAAA,0,3509214
tfaE_stfE_predicted,0.3333333333333333,2,2,ACGCGTGAAGGCACGTCAGT,0,3499310
tfaE_stfE_predicted,0.3333333333333333,2,2,ACGCGGGATGGACTTGCGTG,0,3536474
tfaE_stfE_predicted,0.3333333333333333,2,2,ACGCGGACTGTTCTATGGGG,0,3531769
tfaE_stfE_predicted,0.3333333333333333,2,2,ACGCGAGGAAAGTAATAAAT,0,3478901
tfaE_stfE_predicted,0.3333333333333333,2,2,ACGCCTTGACGCTCATTAGG,0,3509688
tfaE_stfE_predicted,0.3333333333333333,2,2,ACGCATAGGTAGATTATCTG,0,3510689
tfaE_stfE_predicted,0.3333333333333333,2,2,ACGATGTTGTGGCATATGGT,0,3472169
tfaE_stfE_predicted,0.3333333333333333,2,2,ACGATGGAAGCTGCAGCCAG,0,3509648
tfaE_stfE_predicted,0.3333333333333333,2,2,ACGATACGGCGTACCACAGC,0,3524642
tfaE_stfE_predicted,0.3333333333333333,2,2,ACGACGAAAGAAATCGTTAT,0,3528228
tfaE_stfE_predicted,0.3333333333333333,2,2,ACGAATACTTATGACCATGA,0,3521711
tfaE_stfE_predicted,0.3333333333333333,2,2,ACGAATACCGTTTATGCCTT,0,3469489
tfaE_stfE_predicted,0.3333333333333333,2,2,ACGAAGCGCTAGAGCCATCT,0,3533933
tfaE_stfE_predicted,0.3333333333333333,2,2,ACGAAAGCCAGGTCGCGCGA,0,3520793
tfaE_stfE_predicted,0.3333333333333333,2,2,ACCTTGTGTCCCATTTGAAC,0,3480512
tfaE_stfE_predicted,0.3333333333333333,2,2,ACCTTAATCTTCAAAGTGGG,0,3514891
tfaE_stfE_predicted,0.3333333333333333,2,2,ACCTGTGTCACAAGGACCAT,0,3524474
tfaE_stfE_predicted,0.3333333333333333,2,2,ACCTGGTGGCTTTCTAGATG,0,3492316
tfaE_stfE_predicted,0.3333333333333333,2,2,ACCTGAACAAATGGAGCTTA,0,3514108
tfaE_stfE_predicted,0.3333333333333333,2,2,ACCTCTACAGTCGCGGGGTT,0,3478959
tfaE_stfE_predicted,0.3333333333333333,2,2,ACCTCGTGGCTCAAGACCTG,0,3494137
tfaE_stfE_predicted,0.3333333333333333,2,2,ACCTCCTATGGTCTCAGCAT,0,3531814
tfaE_stfE_predicted,0.3333333333333333,2,2,ACCTCACGTAGACGGTTCGT,0,3531978
tfaE_stfE_predicted,0.3333333333333333,2,2,ACCTCACCGTGTCGTACTCT,0,3484576
tfaE_stfE_predicted,0.3333333333333333,2,2,ACCTATTTCCGAGTCCTCAT,0,3523932
tfaE_stfE_predicted,0.3333333333333333,2,2,ACCTATATTAGGACGGCTCA,0,3520033
tfaE_stfE_predicted,0.3333333333333333,2,2,ACCTAGTCGATCCCGGGGCA,0,3541173
tfaE_stfE_predicted,0.3333333333333333,2,2,ACCTAGGCCGTCCATACGGG,0,3493169
tfaE_stfE_predicted,0.3333333333333333,2,2,ACCTAGCGCTGGGTACAGTT,0,3501346
tfaE_stfE_predicted,0.3333333333333333,2,2,ACCGTGTTGCACGTTAGTCA,0,3534695
tfaE_stfE_predicted,0.3333333333333333,2,2,ACCGTGCGTCCGCGGTGCGA,0,3466663
tfaE_stfE_predicted,0.3333333333333333,2,2,ACCGGTTGGACCGCACCTCC,0,3522737
tfaE_stfE_predicted,0.3333333333333333,2,2,ACCGCTCAGTCGTAGCACCT,0,3517163
tfaE_stfE_predicted,0.3333333333333333,2,2,ACCGCGGTGTTCTGAGTCGG,0,3473329
tfaE_stfE_predicted,0.3333333333333333,2,2,ACCGCGCACAATGAGAATGA,0,3483287
tfaE_stfE_predicted,0.3333333333333333,2,2,ACCGCCCGAGGGTATTTCCA,0,3521505
tfaE_stfE_predicted,0.3333333333333333,2,2,ACCGATCGATCCATTAAGTG,0,3537934
tfaE_stfE_predicted,0.3333333333333333,2,2,ACCCTGGTGCATAGTTTTAC,0,3527072
tfaE_stfE_predicted,0.3333333333333333,2,2,ACCCGTGCCTGGCCAACACG,0,3478324
tfaE_stfE_predicted,0.3333333333333333,2,2,ACCCGTGAGGCTAAGTCGTT,0,3507324
tfaE_stfE_predicted,0.3333333333333333,2,2,ACCCGGCTAAGGCATATCAC,0,3500896
tfaE_stfE_predicted,0.3333333333333333,2,2,ACCCGGCCTTCGTTTCTCAG,0,3499983
tfaE_stfE_predicted,0.3333333333333333,2,2,ACCCGGAGTAACACTCTTGT,0,3514973
tfaE_stfE_predicted,0.3333333333333333,2,2,ACCCGCCTATGCATGCCACA,0,3504446
tfaE_stfE_predicted,0.3333333333333333,2,2,ACCCGCCGAGGGACCGGTTG,0,3510843
tfaE_stfE_predicted,0.3333333333333333,2,2,ACCCCTGCGCAGGGAAACAT,0,3518700
tfaE_stfE_predicted,0.3333333333333333,2,2,ACCCCCACAGCTCATCAGCT,0,3536170
tfaE_stfE_predicted,0.3333333333333333,2,2,ACCCCACGATCGGTGTCTAT,0,3519355
tfaE_stfE_predicted,0.3333333333333333,2,2,ACCCACCGGCCATCAACTGC,0,3533129
tfaE_stfE_predicted,0.3333333333333333,2,2,ACCCAAGGCCAGCTTGACAT,0,3501431
tfaE_stfE_predicted,0.3333333333333333,2,2,ACCATCCGCGCACGTTACGT,0,3504545
tfaE_stfE_predicted,0.3333333333333333,2,2,ACCATATAGTTTGCAACGGT,0,3475081
tfaE_stfE_predicted,0.3333333333333333,2,2,ACCATAGGGACTGTGGGTGA,0,3502027
tfaE_stfE_predicted,0.3333333333333333,2,2,ACCAGCCACCCCAATACACT,0,3533675
tfaE_stfE_predicted,0.3333333333333333,2,2,ACCACTGGAGCTCCCTCGAC,0,3492972
tfaE_stfE_predicted,0.3333333333333333,2,2,ACCACCGCGGCGGAATTTAC,0,3513731
tfaE_stfE_predicted,0.3333333333333333,2,2,ACATTTTATTCGCTTCGGAC,0,3495160
tfaE_stfE_predicted,0.3333333333333333,2,2,ACATTGGTCCAACTGTTTAC,0,3482005
tfaE_stfE_predicted,0.3333333333333333,2,2,ACATTGCCTATTTCTGTCCT,0,3539987
tfaE_stfE_predicted,0.3333333333333333,2,2,ACATTCTTAAGTGTAGGTCC,0,3482661
tfaE_stfE_predicted,0.3333333333333333,2,2,ACATTCGGCTTTTCCTGTGT,0,3503763
tfaE_stfE_predicted,0.3333333333333333,2,2,ACATTCACGCGTTCCACTAG,0,3489958
tfaE_stfE_predicted,0.3333333333333333,2,2,ACATTATGTTCCTGTGTTGG,0,3513079
tfaE_stfE_predicted,0.3333333333333333,2,2,ACATTACTAAGTTAAGCCAG,0,3497076
tfaE_stfE_predicted,0.3333333333333333,2,2,ACATTAAGGGTAACACTTGA,0,3513372
tfaE_stfE_predicted,0.3333333333333333,2,2,ACATGACCCCAATGTGTTCA,0,3483585
tfaE_stfE_predicted,0.3333333333333333,2,2,ACATCTCTAGGCATCCGTAC,0,3471211
tfaE_stfE_predicted,0.3333333333333333,2,2,ACATCTAAGTACACAGCTGG,0,3505170
tfaE_stfE_predicted,0.3333333333333333,2,2,ACATCGGTGCTAACGATCGT,0,3509215
tfaE_stfE_predicted,0.3333333333333333,2,2,ACATCCAGATCTTGCACAGG,0,3519299
tfaE_stfE_predicted,0.3333333333333333,2,2,ACATATCTTAGATGCAAAGA,0,3509432
tfaE_stfE_predicted,0.3333333333333333,2,2,ACATAGTAGCCCGGCCTCTC,0,3536217
tfaE_stfE_predicted,0.3333333333333333,2,2,ACATAGCATGAATTGCAAAG,0,3479551
tfaE_stfE_predicted,0.3333333333333333,2,2,ACATAATATGCAAGACTCGA,0,3502291
tfaE_stfE_predicted,0.3333333333333333,2,2,ACAGTGTACGATAGAACCCA,0,3527166
tfaE_stfE_predicted,0.3333333333333333,2,2,ACAGGTACCCGGTTGCCAAT,0,3494410
tfaE_stfE_predicted,0.3333333333333333,2,2,ACAGATTCCGCTGCGGTGGT,0,3508738
tfaE_stfE_predicted,0.3333333333333333,2,2,ACAGATAACGTCGCACGCGC,0,3530048
tfaE_stfE_predicted,0.3333333333333333,2,2,ACAGAGATCTATAACTACTC,0,3527093
tfaE_stfE_predicted,0.3333333333333333,2,2,ACAGAATAGCTAGGAGTAAG,0,3519093
tfaE_stfE_predicted,0.3333333333333333,2,2,ACACGGATCTCTCTGATACA,0,3510402
tfaE_stfE_predicted,0.3333333333333333,2,2,ACACGCCCACCGAAATCTCG,0,3502319
tfaE_stfE_predicted,0.3333333333333333,2,2,ACACCTCCACGCGTTATCCA,0,3518320
tfaE_stfE_predicted,0.3333333333333333,2,2,ACACCTATCGGTTACACCGA,0,3503751
tfaE_stfE_predicted,0.3333333333333333,2,2,ACACCCTAGTAACGCGGCAG,0,3471534
tfaE_stfE_predicted,0.3333333333333333,2,2,ACACCATACAAATACTTATC,0,3526545
tfaE_stfE_predicted,0.3333333333333333,2,2,ACACCACTTCTTCTGCGAAG,0,3508843
tfaE_stfE_predicted,0.3333333333333333,2,2,ACACACGTCAGGGTCGCCTC,0,3502819
tfaE_stfE_predicted,0.3333333333333333,2,2,ACACACGGGCCAGACACGGG,0,3478853
tfaE_stfE_predicted,0.3333333333333333,2,2,ACACACATATGAAGGGAACT,0,3512295
tfaE_stfE_predicted,0.3333333333333333,2,2,ACACAATTATTACTTGGAGT,0,3518645
tfaE_stfE_predicted,0.3333333333333333,2,2,ACACAAAGCCTCAAGCCTCA,0,3507511
tfaE_stfE_predicted,0.3333333333333333,2,2,ACAATCAGTCTTCTATACGC,0,3505852
tfaE_stfE_predicted,0.3333333333333333,2,2,ACAATAGCCTACGAGCAAAC,0,3501903
tfaE_stfE_predicted,0.3333333333333333,2,2,ACAAGTCGCACAGGACTTTC,0,3485443
tfaE_stfE_predicted,0.3333333333333333,2,2,ACAAGGGGCGGGCTAATGGT,0,3490420
tfaE_stfE_predicted,0.3333333333333333,2,2,ACAAGGACAACCGACCCCCG,0,3482469
tfaE_stfE_predicted,0.3333333333333333,2,2,ACAAGCACCCTCTGCATGTC,0,3482623
tfaE_stfE_predicted,0.3333333333333333,2,2,ACAAGCAATCAGCCCAATCG,0,3474891
tfaE_stfE_predicted,0.3333333333333333,2,2,ACAACTGACCGGCGATCTCC,0,3529818
tfaE_stfE_predicted,0.3333333333333333,2,2,ACAAATCAAGGCTATCACAG,0,3530681
tfaE_stfE_predicted,0.3333333333333333,2,2,ACAAAAAACCGCACGGTTCA,0,3530312
tfaE_stfE_predicted,0.3333333333333333,2,2,AATTTTAGGGATTGGGTAGA,0,3491927
tfaE_stfE_predicted,0.3333333333333333,2,2,AATTTCTTGGACGATATTTC,0,3475076
tfaE_stfE_predicted,0.3333333333333333,2,2,AATTGTTCAGCCGCTTGTGA,0,3519643
tfaE_stfE_predicted,0.3333333333333333,2,2,AATTGCAAAGGGGAGTTGTA,0,3500224
tfaE_stfE_predicted,0.3333333333333333,2,2,AATTCGGGAGATATCTTTCA,0,3536605
tfaE_stfE_predicted,0.3333333333333333,2,2,AATTCGATGATCGGATAGGA,0,3483957
tfaE_stfE_predicted,0.3333333333333333,2,2,AATTCACGATGCCTTGCTCG,0,3512580
tfaE_stfE_predicted,0.3333333333333333,2,2,AATTATTGGATCATGGCTGA,0,3483926
tfaE_stfE_predicted,0.3333333333333333,2,2,AATTAGTGTGGGACGTCTGG,0,3503229
tfaE_stfE_predicted,0.3333333333333333,2,2,AATTACGAATGACAGATTGC,0,3540842
tfaE_stfE_predicted,0.3333333333333333,2,2,AATTAATGTTCGCATTCCAC,0,3518302
tfaE_stfE_predicted,0.3333333333333333,2,2,AATTAAGCCATTGGCCTGCA,0,3504678
tfaE_stfE_predicted,0.3333333333333333,2,2,AATGTTAAAACGTGAGTGAG,0,3492075
tfaE_stfE_predicted,0.3333333333333333,2,2,AATGTACATAAGCTGTGAGT,0,3482958
tfaE_stfE_predicted,0.3333333333333333,2,2,AATGGTTGTAAGTTGTCTGG,0,3490905
tfaE_stfE_predicted,0.3333333333333333,2,2,AATGGTCTGGACTGTATTCA,0,3479069
tfaE_stfE_predicted,0.3333333333333333,2,2,AATGGACTCCGTGAGATGTA,0,3484594
tfaE_stfE_predicted,0.3333333333333333,2,2,AATGCAGGTGTTGCCGTAAT,0,3505944
tfaE_stfE_predicted,0.3333333333333333,2,2,AATGATTAGTTTAACGGGAT,0,3535045
tfaE_stfE_predicted,0.3333333333333333,2,2,AATGAGGGCTAGTAAGGCTG,0,3513869
tfaE_stfE_predicted,0.3333333333333333,2,2,AATGAAATATTGAGAATCTA,0,3538871
tfaE_stfE_predicted,0.3333333333333333,2,2,AATCTGTTCCACAGGAGATG,0,3538885
tfaE_stfE_predicted,0.3333333333333333,2,2,AATCTGATCACGCGCCGAAC,0,3517205
tfaE_stfE_predicted,0.3333333333333333,2,2,AATCTGAGTAGAGAGGGCCT,0,3515742
tfaE_stfE_predicted,0.3333333333333333,2,2,AATCGTCTCACAAAACCGAA,0,3493275
tfaE_stfE_predicted,0.3333333333333333,2,2,AATCGCCATACTTCGGGTTA,0,3493167
tfaE_stfE_predicted,0.3333333333333333,2,2,AATCCTCGTTCTGGTAAGGT,0,3505660
tfaE_stfE_predicted,0.3333333333333333,2,2,AATCCTCGTAACTGGGACGC,0,3483555
tfaE_stfE_predicted,0.3333333333333333,2,2,AATCCTCAGATCACATGCTG,0,3518107
tfaE_stfE_predicted,0.3333333333333333,2,2,AATCCGAACAAATTGCTTGT,0,3527643
tfaE_stfE_predicted,0.3333333333333333,2,2,AATCAACAGACCTCAGGCGT,0,3483433
tfaE_stfE_predicted,0.3333333333333333,2,2,AATATCTGATTCCCCTCGCC,0,3520552
tfaE_stfE_predicted,0.3333333333333333,2,2,AATATAACGGGGTGCAATAG,0,3534023
tfaE_stfE_predicted,0.3333333333333333,2,2,AATAGTGTTGGTACTGGGGT,0,3505815
tfaE_stfE_predicted,0.3333333333333333,2,2,AATAGTGGGGAAGAATTGGA,0,3531813
tfaE_stfE_predicted,0.3333333333333333,2,2,AATACGCAGGTTGCATTACG,0,3513029
tfaE_stfE_predicted,0.3333333333333333,2,2,AATACCAACTTGTGCAGATC,0,3514572
tfaE_stfE_predicted,0.3333333333333333,2,2,AATACAAACCACATGATTAG,0,3501152
tfaE_stfE_predicted,0.3333333333333333,2,2,AATAATACCCACTAACTGTA,0,3524486
tfaE_stfE_predicted,0.3333333333333333,2,2,AAGTTTGCCAGTATTGCTTG,0,3513568
tfaE_stfE_predicted,0.3333333333333333,2,2,AAGTTGTCCTGGCCAGCCTT,0,3496107
tfaE_stfE_predicted,0.3333333333333333,2,2,AAGTTGCCGGACAAGCACAC,0,3468045
tfaE_stfE_predicted,0.3333333333333333,2,2,AAGTTCCTGCTGGAAGCACT,0,3468876
tfaE_stfE_predicted,0.3333333333333333,2,2,AAGTGTAAACTATGTAATAA,0,3481693
tfaE_stfE_predicted,0.3333333333333333,2,2,AAGTCTATAAGGATCTCCAG,0,3535549
tfaE_stfE_predicted,0.3333333333333333,2,2,AAGTCGGAAAGGTTTTGGTG,0,3486962
tfaE_stfE_predicted,0.3333333333333333,2,2,AAGTCCCCCGCAGTAAGCGA,0,3498950
tfaE_stfE_predicted,0.3333333333333333,2,2,AAGTCCAGTCGAATGCTCTA,0,3500961
tfaE_stfE_predicted,0.3333333333333333,2,2,AAGTAGTACTGAGCAATGTT,0,3474860
tfaE_stfE_predicted,0.3333333333333333,2,2,AAGGTGGCGTCCTAGTCATT,0,3491402
tfaE_stfE_predicted,0.3333333333333333,2,2,AAGGTGCATTATAAACATTA,0,3508082
tfaE_stfE_predicted,0.3333333333333333,2,2,AAGGGTACTAGGATTATTGC,0,3518278
tfaE_stfE_predicted,0.3333333333333333,2,2,AAGGGGGTTCCTTCGGAATC,0,3486819
tfaE_stfE_predicted,0.3333333333333333,2,2,AAGGGCGGACCGCTCTTTAT,0,3468556
tfaE_stfE_predicted,0.3333333333333333,2,2,AAGGGCGAAACGAATCGGGG,0,3487795
tfaE_stfE_predicted,0.3333333333333333,2,2,AAGGGACTCAAGGATCCAGT,0,3495885
tfaE_stfE_predicted,0.3333333333333333,2,2,AAGGCTTGCTGCAACTATCT,0,3467289
tfaE_stfE_predicted,0.3333333333333333,2,2,AAGGCGCTCGGTCCCCCAGT,0,3470935
tfaE_stfE_predicted,0.3333333333333333,2,2,AAGGCCGGATTCTTGAGAAG,0,3510119
tfaE_stfE_predicted,0.3333333333333333,2,2,AAGGCAGACCGTTATACTAT,0,3493240
tfaE_stfE_predicted,0.3333333333333333,2,2,AAGGATTCCATAAGGCGCAG,0,3488704
tfaE_stfE_predicted,0.3333333333333333,2,2,AAGGATATACTCTATAAGGT,0,3537198
tfaE_stfE_predicted,0.3333333333333333,2,2,AAGGAGGTGACGGCCGGGAG,0,3500537
tfaE_stfE_predicted,0.3333333333333333,2,2,AAGGACAGGCGTAGGACCTA,0,3530254
tfaE_stfE_predicted,0.3333333333333333,2,2,AAGGACACTCATGGCGAAGA,0,3530891
tfaE_stfE_predicted,0.3333333333333333,2,2,AAGCTTCCTCCGTTCGCTCC,0,3525008
tfaE_stfE_predicted,0.3333333333333333,2,2,AAGCTCCCTTGCGGGGGCCA,0,3485264
tfaE_stfE_predicted,0.3333333333333333,2,2,AAGCTAGGCACGTACCCGAG,0,3532808
tfaE_stfE_predicted,0.3333333333333333,2,2,AAGCGGCCTAAACGCAAAGG,0,3490348
tfaE_stfE_predicted,0.3333333333333333,2,2,AAGCGGACCGGCGGCTATGT,0,3523790
tfaE_stfE_predicted,0.3333333333333333,2,2,AAGCGCTACCGTAGCTTGGT,0,3539395
tfaE_stfE_predicted,0.3333333333333333,2,2,AAGCGATTTAACGCATTTAA,0,3536789
tfaE_stfE_predicted,0.3333333333333333,2,2,AAGCAGCAGAGGCCGGAATA,0,3468125
tfaE_stfE_predicted,0.3333333333333333,2,2,AAGCACTCCTAGGCCTCCTC,0,3498718
tfaE_stfE_predicted,0.3333333333333333,2,2,AAGATTGTCACGGAGTTTCA,0,3532733
tfaE_stfE_predicted,0.3333333333333333,2,2,AAGAGTCAAAAGCACTGAGT,0,3536545
tfaE_stfE_predicted,0.3333333333333333,2,2,AAGAGGTTATGATAGTTGGT,0,3512009
tfaE_stfE_predicted,0.3333333333333333,2,2,AAGAGCTATCGGCTGGTTCA,0,3538071
tfaE_stfE_predicted,0.3333333333333333,2,2,AAGACTTGCAAGAAAGAATG,0,3532921
tfaE_stfE_predicted,0.3333333333333333,2,2,AAGACTCGACCAGATTTTGC,0,3537324
tfaE_stfE_predicted,0.3333333333333333,2,2,AAGACGAAGAACAAATGTTC,0,3509679
tfaE_stfE_predicted,0.3333333333333333,2,2,AAGAATCGCCCATTGGGGGG,0,3467676
tfaE_stfE_predicted,0.3333333333333333,2,2,AAGAAGCAAAAGTGCACTGG,0,3539923
tfaE_stfE_predicted,0.3333333333333333,2,2,AAGAAGAGATTCTAGGCTCC,0,3482051
tfaE_stfE_predicted,0.3333333333333333,2,2,AAGAAACGGACAGCACATGG,0,3524455
tfaE_stfE_predicted,0.3333333333333333,2,2,AACTTGGATAACGGTATTTT,0,3528541
tfaE_stfE_predicted,0.3333333333333333,2,2,AACTTGATGCACTGGATCTG,0,3519320
tfaE_stfE_predicted,0.3333333333333333,2,2,AACTTGATCAGGGTATTATC,0,3483522
tfaE_stfE_predicted,0.3333333333333333,2,2,AACTTAGAGTCCTCTGCTTT,0,3468882
tfaE_stfE_predicted,0.3333333333333333,2,2,AACTGTTGCTGTGGCGTGCT,0,3530248
tfaE_stfE_predicted,0.3333333333333333,2,2,AACTGTCCAGGTTATAGAAA,0,3520837
tfaE_stfE_predicted,0.3333333333333333,2,2,AACTGGATGCAGCTCGGCAT,0,3484849
tfaE_stfE_predicted,0.3333333333333333,2,2,AACTGCCTCGAGAAATTAAT,0,3524078
tfaE_stfE_predicted,0.3333333333333333,2,2,AACTCTAAATCACACGGTCG,0,3541239
tfaE_stfE_predicted,0.3333333333333333,2,2,AACTAGGTTTTTTGGTAAGT,0,3479238
tfaE_stfE_predicted,0.3333333333333333,2,2,AACGTAGGAGTAAACAGTAT,0,3479585
tfaE_stfE_predicted,0.3333333333333333,2,2,AACGGTGAGCCCTTTTGGGC,0,3513198
tfaE_stfE_predicted,0.3333333333333333,2,2,AACGGTATTCTCTAACATAC,0,3496730
tfaE_stfE_predicted,0.3333333333333333,2,2,AACGGGTTAGGGAGTTGCGA,0,3524333
tfaE_stfE_predicted,0.3333333333333333,2,2,AACGGGCGACGCTCGATGCA,0,3518586
tfaE_stfE_predicted,0.3333333333333333,2,2,AACGGAACGGATGGGCGTCA,0,3507147
tfaE_stfE_predicted,0.3333333333333333,2,2,AACGCGTTGTATTTGGATAC,0,3501642
tfaE_stfE_predicted,0.3333333333333333,2,2,AACGCCCGGGTACTCTAAAT,0,3482348
tfaE_stfE_predicted,0.3333333333333333,2,2,AACGAGAATTCAGTCATCAC,0,3526181
tfaE_stfE_predicted,0.3333333333333333,2,2,AACGACGACATTGGCCGATC,0,3532356
tfaE_stfE_predicted,0.3333333333333333,2,2,AACGAAACGTCTTTCGGGGG,0,3535430
tfaE_stfE_predicted,0.3333333333333333,2,2,AACCTTGGTCTAGGAGACGA,0,3484817
tfaE_stfE_predicted,0.3333333333333333,2,2,AACCTAGATCTGGGCTGTTT,0,3505699
tfaE_stfE_predicted,0.3333333333333333,2,2,AACCTAACCACTCCCTCTCG,0,3485832
tfaE_stfE_predicted,0.3333333333333333,2,2,AACCGGACACACTAAAATGC,0,3532519
tfaE_stfE_predicted,0.3333333333333333,2,2,AACCGCATGTATTAGCCCAG,0,3509647
tfaE_stfE_predicted,0.3333333333333333,2,2,AACCCTGTTGGAAGATGGTA,0,3495128
tfaE_stfE_predicted,0.3333333333333333,2,2,AACCCTCGCCAGGTGTACGA,0,3536417
tfaE_stfE_predicted,0.3333333333333333,2,2,AACCCGGGCCAGGGGCAGCT,0,3495950
tfaE_stfE_predicted,0.3333333333333333,2,2,AACCCGACTAACTCCAGAAC,0,3472565
tfaE_stfE_predicted,0.3333333333333333,2,2,AACCCCTAGGGCACGCAGAC,0,3477774
tfaE_stfE_predicted,0.3333333333333333,2,2,AACATTCTGCCATTTCATAG,0,3483999
tfaE_stfE_predicted,0.3333333333333333,2,2,AACATTCCTTACTTATAACT,0,3535489
tfaE_stfE_predicted,0.3333333333333333,2,2,AACATTCCACACTACCTGAG,0,3490773
tfaE_stfE_predicted,0.3333333333333333,2,2,AACATCACACCAACCGACGT,0,3506764
tfaE_stfE_predicted,0.3333333333333333,2,2,AACAGACGCTTGTGCGTAGG,0,3517808
tfaE_stfE_predicted,0.3333333333333333,2,2,AACAGACAGGATCATAAGCC,0,3528231
tfaE_stfE_predicted,0.3333333333333333,2,2,AACACCATAAAAATTAGAAA,0,3476550
tfaE_stfE_predicted,0.3333333333333333,2,2,AACACACATTAACCTGACAA,0,3532486
tfaE_stfE_predicted,0.3333333333333333,2,2,AACAATGATTCGAACGGAGA,0,3508983
tfaE_stfE_predicted,0.3333333333333333,2,2,AACAAGATTTGCGCTGAGTA,0,3525955
tfaE_stfE_predicted,0.3333333333333333,2,2,AACAACGGTATCAGCAAGGG,0,3538339
tfaE_stfE_predicted,0.3333333333333333,2,2,AACAAAATATTGGACTGAAA,0,3499935
tfaE_stfE_predicted,0.3333333333333333,2,2,AAATTGGGGATATCGGTGGG,0,3506185
tfaE_stfE_predicted,0.3333333333333333,2,2,AAATTGATCCTATGGCGCCT,0,3511876
tfaE_stfE_predicted,0.3333333333333333,2,2,AAATTCTATCAGTTCCGACA,0,3476038
tfaE_stfE_predicted,0.3333333333333333,2,2,AAATTACTTACTTCCGGCTG,0,3500051
tfaE_stfE_predicted,0.3333333333333333,2,2,AAATGGATTGTATAATTATA,0,3517990
tfaE_stfE_predicted,0.3333333333333333,2,2,AAATGCCCGGAAAGAGATCC,0,3484302
tfaE_stfE_predicted,0.3333333333333333,2,2,AAATCTTTAAACAACTCCTT,0,3492640
tfaE_stfE_predicted,0.3333333333333333,2,2,AAATCGGTTCAACTCCGGCA,0,3532239
tfaE_stfE_predicted,0.3333333333333333,2,2,AAATCCATCCTCAGCGCCTA,0,3501199
tfaE_stfE_predicted,0.3333333333333333,2,2,AAATACGTTACCCGAGCTTT,0,3507739
tfaE_stfE_predicted,0.3333333333333333,2,2,AAAGTTGGTGCGGTCATCAG,0,3534567
tfaE_stfE_predicted,0.3333333333333333,2,2,AAAGTGGCCACGCAGGCTGG,0,3494192
tfaE_stfE_predicted,0.3333333333333333,2,2,AAAGTCCCGCGTATGTCCTG,0,3537485
tfaE_stfE_predicted,0.3333333333333333,2,2,AAAGTATAACACTTGTTTTT,0,3481055
tfaE_stfE_predicted,0.3333333333333333,2,2,AAAGCTAGGTGTCCGCCCCC,0,3490418
tfaE_stfE_predicted,0.3333333333333333,2,2,AAAGACATCTGAGTGAGGGT,0,3482973
tfaE_stfE_predicted,0.3333333333333333,2,2,AAACTTTTGCGCAGATTCCT,0,3489729
tfaE_stfE_predicted,0.3333333333333333,2,2,AAACTAATCTGCATGTGTGG,0,3514374
tfaE_stfE_predicted,0.3333333333333333,2,2,AAACGTTTCGGTTCTCGTTG,0,3498366
tfaE_stfE_predicted,0.3333333333333333,2,2,AAACGCGGTACCATCTCTCT,0,3491620
tfaE_stfE_predicted,0.3333333333333333,2,2,AAACAAGTCGTTGCACGTGA,0,3519485
tfaE_stfE_predicted,0.3333333333333333,2,2,AAACAAGCCCGGGAGTATGA,0,3506255
tfaE_stfE_predicted,0.3333333333333333,2,2,AAACAACAGGGGCTGACGTT,0,3497103
tfaE_stfE_predicted,0.3333333333333333,2,2,AAAATCGTCCCGGCCGCTGC,0,3475210
tfaE_stfE_predicted,0.3333333333333333,2,2,AAAAACCATCGATGAACTCG,0,3488532
tfaE_stfE_predicted,0.5,1,1,TTTTTTTTCAACTCGTGTAA,0,3470955
tfaE_stfE_predicted,0.5,1,1,TTTTTTGCAGAATACGCTAC,0,3523380
tfaE_stfE_predicted,0.5,1,1,TTTTTGTCTATTTACCTTAG,0,3469855
tfaE_stfE_predicted,0.5,1,1,TTTTTGATTCAACCCCTTGC,0,3498873
tfaE_stfE_predicted,0.5,1,1,TTTTGGGGACAGTTGTCTAG,0,3480869
tfaE_stfE_predicted,0.5,1,1,TTTTGGCCATGGAAACGTCC,0,3520960
tfaE_stfE_predicted,0.5,1,1,TTTTGCTGCGTCCATCCCTT,0,3486278
tfaE_stfE_predicted,0.5,1,1,TTTTGAAAGCTTTCAGTGAA,0,3496037
tfaE_stfE_predicted,0.5,1,1,TTTTCCAGTGATACCGACCA,0,3484589
tfaE_stfE_predicted,0.5,1,1,TTTTCCACATTGATGGCACT,0,3506768
tfaE_stfE_predicted,0.5,1,1,TTTTATCCTAGCCGGTGCAT,0,3526017
tfaE_stfE_predicted,0.5,1,1,TTTTAGGGATGTCTATTAAC,0,3503382
tfaE_stfE_predicted,0.5,1,1,TTTTAGCGACGAAGGATAAG,0,3536362
tfaE_stfE_predicted,0.5,1,1,TTTTAGCGACCCGGCCGGGA,0,3495854
tfaE_stfE_predicted,0.5,1,1,TTTTACATTTTAGCCGGGTA,0,3469866
tfaE_stfE_predicted,0.5,1,1,TTTGTTGTAGCGAGCGAGTA,0,3532378
tfaE_stfE_predicted,0.5,1,1,TTTGTGGCGTGACAAGTGGT,0,3477465
tfaE_stfE_predicted,0.5,1,1,TTTGTCTTAACGGAGGCCTG,0,3531267
tfaE_stfE_predicted,0.5,1,1,TTTGGTGTGGTAGAGAGATG,0,3494672
tfaE_stfE_predicted,0.5,1,1,TTTGGGCACTAGAGCTTTTT,0,3474528
tfaE_stfE_predicted,0.5,1,1,TTTGCTCATAGGGTGCTTAT,0,3470182
tfaE_stfE_predicted,0.5,1,1,TTTGCCTCGTACGTAAGATG,0,3520676
tfaE_stfE_predicted,0.5,1,1,TTTGCCGGATCGGAAGCGAC,0,3485968
tfaE_stfE_predicted,0.5,1,1,TTTGCACGTAGCTTCGCGAA,0,3512467
tfaE_stfE_predicted,0.5,1,1,TTTGATACCTGATCACCTCT,0,3505293
tfaE_stfE_predicted,0.5,1,1,TTTGAACCCTTTAACCTAAC,0,3481302
tfaE_stfE_predicted,0.5,1,1,TTTCTGATATGTATAAAATC,0,3503213
tfaE_stfE_predicted,0.5,1,1,TTTCTCTCGATTCTCAGAAA,0,3482953
tfaE_stfE_predicted,0.5,1,1,TTTCTAGCTATTATGGATAG,0,3518477
tfaE_stfE_predicted,0.5,1,1,TTTCGACGCTGCAGTACTGG,0,3521783
tfaE_stfE_predicted,0.5,1,1,TTTCCTCCAAATTACATGCC,0,3494131
tfaE_stfE_predicted,0.5,1,1,TTTCCGTGGACCAATTTGAT,0,3482662
tfaE_stfE_predicted,0.5,1,1,TTTCCGGCATGCTGCAGCTA,0,3536384
tfaE_stfE_predicted,0.5,1,1,TTTCCCTTCACGATTCCAAA,0,3527102
tfaE_stfE_predicted,0.5,1,1,TTTCCCTCACGCAGGTAAGG,0,3500531
tfaE_stfE_predicted,0.5,1,1,TTTCCCGATTCCGACAACCT,0,3474311
tfaE_stfE_predicted,0.5,1,1,TTTCCCGAGTTCGAGCTAAC,0,3493218
tfaE_stfE_predicted,0.5,1,1,TTTCCCCGATACAGCGTAGC,0,3521736
tfaE_stfE_predicted,0.5,1,1,TTTCCCCGAAGGGTTTCGGA,0,3497799
tfaE_stfE_predicted,0.5,1,1,TTTCACTACTATTTCTGATC,0,3484052
tfaE_stfE_predicted,0.5,1,1,TTTCACAGGCGTAGCTATGG,0,3499024
tfaE_stfE_predicted,0.5,1,1,TTTCAATCGGGTCTCATGTT,0,3525399
tfaE_stfE_predicted,0.5,1,1,TTTATTCGTGCTTAGTTCGT,0,3512339
tfaE_stfE_predicted,0.5,1,1,TTTATGGCAATTAATCCTGC,0,3495814
tfaE_stfE_predicted,0.5,1,1,TTTATACTTGGCCGCCTAAG,0,3489240
tfaE_stfE_predicted,0.5,1,1,TTTAGCTTAACCCGTCGTAT,0,3540106
tfaE_stfE_predicted,0.5,1,1,TTTAGAGACGGATCCCGTCT,0,3522168
tfaE_stfE_predicted,0.5,1,1,TTTACGATGATGGTCCCCAT,0,3504933
tfaE_stfE_predicted,0.5,1,1,TTTACCGCGGGCAACAAATA,0,3507932
tfaE_stfE_predicted,0.5,1,1,TTTAACTTACCCCATAGGCT,0,3540199
tfaE_stfE_predicted,0.5,1,1,TTTAACGACTTTCGGCGGGA,0,3525056
tfaE_stfE_predicted,0.5,1,1,TTTAACCAAAACGCAGGGAG,0,3536964
tfaE_stfE_predicted,0.5,1,1,TTTAAAGGATACTCGCAGCT,0,3494998
tfaE_stfE_predicted,0.5,1,1,TTGTTCGTCGTTAACTGCTA,0,3506061
tfaE_stfE_predicted,0.5,1,1,TTGTTCCGGTTTCCATCTAC,0,3538262
tfaE_stfE_predicted,0.5,1,1,TTGTTAGTTAAGAAATGTTA,0,3531761
tfaE_stfE_predicted,0.5,1,1,TTGTGTTTACAGGTCTGATT,0,3535495
tfaE_stfE_predicted,0.5,1,1,TTGTGCTTAGTGGTCGCATG,0,3523972
tfaE_stfE_predicted,0.5,1,1,TTGTCGGCCGGGTGTTCTTA,0,3484165
tfaE_stfE_predicted,0.5,1,1,TTGTCACAAATGTACAAAAG,0,3510021
tfaE_stfE_predicted,0.5,1,1,TTGTATATCCATGGAACTTA,0,3486823
tfaE_stfE_predicted,0.5,1,1,TTGTAACCGGTAGTGGCAAC,0,3476573
tfaE_stfE_predicted,0.5,1,1,TTGTAAAGCGTAGGTGTGGG,0,3516488
tfaE_stfE_predicted,0.5,1,1,TTGGTTGACTGATCGTGTAA,0,3494195
tfaE_stfE_predicted,0.5,1,1,TTGGTGGTGGCGAAGGCTTT,0,3471077
tfaE_stfE_predicted,0.5,1,1,TTGGTATGGGACCTTCCGAC,0,3497240
tfaE_stfE_predicted,0.5,1,1,TTGGGTGAATAGCGCATTCC,0,3491204
tfaE_stfE_predicted,0.5,1,1,TTGGGGGAGCGGCCCACGTC,0,3523783
tfaE_stfE_predicted,0.5,1,1,TTGGCGTCGGAATGCATTTC,0,3491449
tfaE_stfE_predicted,0.5,1,1,TTGGCCGTGTCGCCCGCAAA,0,3537226
tfaE_stfE_predicted,0.5,1,1,TTGGCAACGAAATTTGGGAC,0,3495239
tfaE_stfE_predicted,0.5,1,1,TTGGATAAATCCATTGCCAT,0,3469627
tfaE_stfE_predicted,0.5,1,1,TTGGAAGGATGGGGTCCAGG,0,3484584
tfaE_stfE_predicted,0.5,1,1,TTGGAAGCCCATTTTAGCGG,0,3472947
tfaE_stfE_predicted,0.5,1,1,TTGCTGTTTGTTTGCGTTAC,0,3481806
tfaE_stfE_predicted,0.5,1,1,TTGCTGCGGGTGTGACGAGA,0,3518686
tfaE_stfE_predicted,0.5,1,1,TTGCTCATATACATGATCCG,0,3468654
tfaE_stfE_predicted,0.5,1,1,TTGCTAGGGAGCGGCTCATG,0,3508404
tfaE_stfE_predicted,0.5,1,1,TTGCTAACGATTATCGCGCT,0,3520111
tfaE_stfE_predicted,0.5,1,1,TTGCGGCGTTTGCCTCGGGG,0,3533085
tfaE_stfE_predicted,0.5,1,1,TTGCGACCAAATAGAGCCAG,0,3470420
tfaE_stfE_predicted,0.5,1,1,TTGCGACACGTCGGTGCTTC,0,3474707
tfaE_stfE_predicted,0.5,1,1,TTGCCTGTCTATGGAAAGGA,0,3521722
tfaE_stfE_predicted,0.5,1,1,TTGCCGTTTTTGTCGTATCA,0,3506357
tfaE_stfE_predicted,0.5,1,1,TTGCCGGGCCACTAACCCCC,0,3511671
tfaE_stfE_predicted,0.5,1,1,TTGCCCACCACTTGGTGATC,0,3491786
tfaE_stfE_predicted,0.5,1,1,TTGCAGATATATTCCGCAAT,0,3535229
tfaE_stfE_predicted,0.5,1,1,TTGCAATGACACGGCACCAC,0,3490801
tfaE_stfE_predicted,0.5,1,1,TTGATGTCGGTTTAATTGTC,0,3471314
tfaE_stfE_predicted,0.5,1,1,TTGATGCGTGCAGACACAAC,0,3505844
tfaE_stfE_predicted,0.5,1,1,TTGATGACATAGGAACGTAA,0,3477238
tfaE_stfE_predicted,0.5,1,1,TTGATACCGCGCCGTGTAAT,0,3516747
tfaE_stfE_predicted,0.5,1,1,TTGAGGGGAACATTAGCTAT,0,3530750
tfaE_stfE_predicted,0.5,1,1,TTGAGGATCCTCTCTCGTCT,0,3504059
tfaE_stfE_predicted,0.5,1,1,TTGACGTTCGCTCGTGCCCT,0,3478397
tfaE_stfE_predicted,0.5,1,1,TTGACCAATCGCTTGTTGGC,0,3477814
tfaE_stfE_predicted,0.5,1,1,TTGACATGATTGGCCTCGAA,0,3524652
tfaE_stfE_predicted,0.5,1,1,TTGACAGAGTGCTAGGGTGA,0,3483063
tfaE_stfE_predicted,0.5,1,1,TTGACACACAAGGAGATCGG,0,3501079
tfaE_stfE_predicted,0.5,1,1,TTGAATACGCACACAAGACC,0,3508398
tfaE_stfE_predicted,0.5,1,1,TTGAAGTAGAGAAGTAAATT,0,3467453
tfaE_stfE_predicted,0.5,1,1,TTGAAATAGGACCGGTTTAT,0,3515385
tfaE_stfE_predicted,0.5,1,1,TTCTTCTTATCGACTGGCTG,0,3490108
tfaE_stfE_predicted,0.5,1,1,TTCTTATGCGAGGGGGAAAG,0,3517771
tfaE_stfE_predicted,0.5,1,1,TTCTGCTAGTAGCTGTGAGA,0,3495721
tfaE_stfE_predicted,0.5,1,1,TTCTGACGATCGGATTACCA,0,3517513
tfaE_stfE_predicted,0.5,1,1,TTCTCTCCGCTTAACTTGCG,0,3471008
tfaE_stfE_predicted,0.5,1,1,TTCTCAGTCTCAGTCATGTT,0,3467560
tfaE_stfE_predicted,0.5,1,1,TTCTAGGGACACATAATAGC,0,3493908
tfaE_stfE_predicted,0.5,1,1,TTCTACGGCTATTCACCAGG,0,3517818
tfaE_stfE_predicted,0.5,1,1,TTCTACGGATGCTAGTCGCC,0,3507031
tfaE_stfE_predicted,0.5,1,1,TTCTAACTCCGTGAGCATTA,0,3522555
tfaE_stfE_predicted,0.5,1,1,TTCTAACTAACGAACGACGT,0,3512376
tfaE_stfE_predicted,0.5,1,1,TTCGTTTTAAACATGGGCCT,0,3475647
tfaE_stfE_predicted,0.5,1,1,TTCGTGCCGCTATCGATGTG,0,3499979
tfaE_stfE_predicted,0.5,1,1,TTCGTACATTGTATATGTGA,0,3499280
tfaE_stfE_predicted,0.5,1,1,TTCGGTCTCACCCTAAACAT,0,3517861
tfaE_stfE_predicted,0.5,1,1,TTCGGGAAACGCCGCTATGT,0,3511555
tfaE_stfE_predicted,0.5,1,1,TTCGCTCACATGTGACTTTG,0,3513574
tfaE_stfE_predicted,0.5,1,1,TTCGCATTCGTCCGTTTTGC,0,3529167
tfaE_stfE_predicted,0.5,1,1,TTCGCATACTCTTCCTACTA,0,3523167
tfaE_stfE_predicted,0.5,1,1,TTCGAGTGAGATGAACGCCA,0,3535392
tfaE_stfE_predicted,0.5,1,1,TTCGACGCGAATTAGCATGG,0,3522974
tfaE_stfE_predicted,0.5,1,1,TTCGACCAGGTGGTAATGAT,0,3536258
tfaE_stfE_predicted,0.5,1,1,TTCGAACGCACTTCTAGACC,0,3508284
tfaE_stfE_predicted,0.5,1,1,TTCCTTCTCGGGGTTTAAGG,0,3530978
tfaE_stfE_predicted,0.5,1,1,TTCCTGATTTCGCGCTATTC,0,3469153
tfaE_stfE_predicted,0.5,1,1,TTCCTACCCCGCTCCCGGGA,0,3492013
tfaE_stfE_predicted,0.5,1,1,TTCCGTAGCCCTAGACGTAG,0,3480648
tfaE_stfE_predicted,0.5,1,1,TTCCGGAGGGCTCAGAGATT,0,3534633
tfaE_stfE_predicted,0.5,1,1,TTCCGCCTCATTCAAGGAGG,0,3470479
tfaE_stfE_predicted,0.5,1,1,TTCCGACCCATGACAATAAG,0,3468387
tfaE_stfE_predicted,0.5,1,1,TTCCCCCCCTCGGATCTAAA,0,3467887
tfaE_stfE_predicted,0.5,1,1,TTCCCATCGCTACTTGGCTG,0,3471264
tfaE_stfE_predicted,0.5,1,1,TTCCATAGCAGCACTTTAAA,0,3474832
tfaE_stfE_predicted,0.5,1,1,TTCCAACGGCCTCATCGTAT,0,3484980
tfaE_stfE_predicted,0.5,1,1,TTCATGATTCGTGTAGCAGA,0,3524909
tfaE_stfE_predicted,0.5,1,1,TTCATGATATTGGGAGCACA,0,3511036
tfaE_stfE_predicted,0.5,1,1,TTCATCGTCGGGCTGACTAG,0,3481224
tfaE_stfE_predicted,0.5,1,1,TTCACACACAAACAACCTTT,0,3472054
tfaE_stfE_predicted,0.5,1,1,TTCAATATCGGGAACCTCCC,0,3508951
tfaE_stfE_predicted,0.5,1,1,TTCAAGTTCGGATTCGTCGC,0,3483341
tfaE_stfE_predicted,0.5,1,1,TTCAAGGGACCCATTTGGGT,0,3502146
tfaE_stfE_predicted,0.5,1,1,TTATTAGCCGCCATAGACCC,0,3482553
tfaE_stfE_predicted,0.5,1,1,TTATGCTTTAGGGTTGGCTG,0,3514492
tfaE_stfE_predicted,0.5,1,1,TTATCTCCATATCTTCTCTA,0,3515253
tfaE_stfE_predicted,0.5,1,1,TTATCAAGGTGGTAGGGCCA,0,3487880
tfaE_stfE_predicted,0.5,1,1,TTATAGTTCTATTCAACGCG,0,3506138
tfaE_stfE_predicted,0.5,1,1,TTATAGTACTTGTAACGAGG,0,3509445
tfaE_stfE_predicted,0.5,1,1,TTATAGGGCACTAAATTTGA,0,3480462
tfaE_stfE_predicted,0.5,1,1,TTATAAGTCAGGCGCGTCGA,0,3480646
tfaE_stfE_predicted,0.5,1,1,TTAGTGGGACGATATCACTA,0,3511589
tfaE_stfE_predicted,0.5,1,1,TTAGTAAGTCAAAACTTGTG,0,3519342
tfaE_stfE_predicted,0.5,1,1,TTAGGTTCCTGCCTGTGCTG,0,3495754
tfaE_stfE_predicted,0.5,1,1,TTAGGGGTCAGCAACCGACT,0,3503689
tfaE_stfE_predicted,0.5,1,1,TTAGCTTCGGGCGCGAGATG,0,3489708
tfaE_stfE_predicted,0.5,1,1,TTAGCTCGAAGCAGGTTCAT,0,3478294
tfaE_stfE_predicted,0.5,1,1,TTAGCGTCCTCGCCTCCACT,0,3500687
tfaE_stfE_predicted,0.5,1,1,TTAGCCACGCTGCTCCGGGT,0,3491441
tfaE_stfE_predicted,0.5,1,1,TTAGCACGCAAAACCCGGCA,0,3528029
tfaE_stfE_predicted,0.5,1,1,TTAGACATGGACCTATCTCT,0,3475569
tfaE_stfE_predicted,0.5,1,1,TTACTTATGACCCTGGTATT,0,3496276
tfaE_stfE_predicted,0.5,1,1,TTACTCGTAGTAAGAGTTCT,0,3503869
tfaE_stfE_predicted,0.5,1,1,TTACTCATTAGATATGGTGT,0,3470439
tfaE_stfE_predicted,0.5,1,1,TTACGGGGGTAAAGGGTAGC,0,3481839
tfaE_stfE_predicted,0.5,1,1,TTACGGGGGCCATGAGAGTT,0,3468658
tfaE_stfE_predicted,0.5,1,1,TTACGGATCGCATGCGTTCG,0,3521897
tfaE_stfE_predicted,0.5,1,1,TTACGCCGCTCACGAATTGC,0,3473479
tfaE_stfE_predicted,0.5,1,1,TTACCCTTATCTACTACTAT,0,3469680
tfaE_stfE_predicted,0.5,1,1,TTACCCAGCGTTTACTGCAA,0,3492527
tfaE_stfE_predicted,0.5,1,1,TTACCATGTGAAGCAGTACA,0,3487888
tfaE_stfE_predicted,0.5,1,1,TTAAGGCCATCTGTGCCTCA,0,3511010
tfaE_stfE_predicted,0.5,1,1,TTAAGCTGACAGTAACCGGG,0,3482942
tfaE_stfE_predicted,0.5,1,1,TTAACTTCGTGCAACGTTTG,0,3513232
tfaE_stfE_predicted,0.5,1,1,TTAACTAGAGCTTGGAGCAG,0,3514005
tfaE_stfE_predicted,0.5,1,1,TTAACGGACTGAGTAAACCT,0,3491567
tfaE_stfE_predicted,0.5,1,1,TTAACATCTGCGCACACAGT,0,3482584
tfaE_stfE_predicted,0.5,1,1,TTAAATTGGACAATTCGCTC,0,3528324
tfaE_stfE_predicted,0.5,1,1,TTAAAGAGGTTCGCGTCGGA,0,3482264
tfaE_stfE_predicted,0.5,1,1,TTAAACATCCTTCATGCAGC,0,3535426
tfaE_stfE_predicted,0.5,1,1,TGTTTGCTCGCGTAATTGTG,0,3538403
tfaE_stfE_predicted,0.5,1,1,TGTTTCGGGACGGTGACAGG,0,3510969
tfaE_stfE_predicted,0.5,1,1,TGTTTCACTTGAAATAACAG,0,3476076
tfaE_stfE_predicted,0.5,1,1,TGTTTACTCCGTAATTCGGC,0,3536586
tfaE_stfE_predicted,0.5,1,1,TGTTGGGGTTAATTTGCCTT,0,3535860
tfaE_stfE_predicted,0.5,1,1,TGTTGGACCTACTTTCCCCA,0,3527232
tfaE_stfE_predicted,0.5,1,1,TGTTGACGGACCTTTATGTC,0,3518576
tfaE_stfE_predicted,0.5,1,1,TGTTGAAATGACAGTCTTGA,0,3519698
tfaE_stfE_predicted,0.5,1,1,TGTTCGCACATCGGTTTCGG,0,3495601
tfaE_stfE_predicted,0.5,1,1,TGTTCCGTCAGAGTGATGGC,0,3529195
tfaE_stfE_predicted,0.5,1,1,TGTTCAATCCACGTTTCTCT,0,3513389
tfaE_stfE_predicted,0.5,1,1,TGTGTTTCACGTGTAGCGCT,0,3467581
tfaE_stfE_predicted,0.5,1,1,TGTGTTTAATTCGGCATTAC,0,3470088
tfaE_stfE_predicted,0.5,1,1,TGTGTGGAGAAAAGCCGGTC,0,3489650
tfaE_stfE_predicted,0.5,1,1,TGTGTGCTTACATAATTCAT,0,3467678
tfaE_stfE_predicted,0.5,1,1,TGTGTCCCCGCATATTATAG,0,3525459
tfaE_stfE_predicted,0.5,1,1,TGTGTAACTCAGCAGGTTCC,0,3491276
tfaE_stfE_predicted,0.5,1,1,TGTGCTGAGAGCCCGATAGG,0,3539139
tfaE_stfE_predicted,0.5,1,1,TGTGCGGCCGTGGCCATCCC,0,3522057
tfaE_stfE_predicted,0.5,1,1,TGTGCGCCTTGGCAAGGCTG,0,3512782
tfaE_stfE_predicted,0.5,1,1,TGTGATCCGGCTAACGATAT,0,3540269
tfaE_stfE_predicted,0.5,1,1,TGTGAGATGAGCTTGGAATC,0,3515368
tfaE_stfE_predicted,0.5,1,1,TGTGAATCATGCGAGCGGTG,0,3495875
tfaE_stfE_predicted,0.5,1,1,TGTGAAGACTACAGTCTTTT,0,3483998
tfaE_stfE_predicted,0.5,1,1,TGTGAACCTCACACTTCCGT,0,3495180
tfaE_stfE_predicted,0.5,1,1,TGTCTTCCGTTGCCCGGGAT,0,3502700
tfaE_stfE_predicted,0.5,1,1,TGTCTACGAGCATGTGCTCT,0,3498300
tfaE_stfE_predicted,0.5,1,1,TGTCTAAATTCATTATACGT,0,3532714
tfaE_stfE_predicted,0.5,1,1,TGTCGCGCGCGCCCATCCGG,0,3501348
tfaE_stfE_predicted,0.5,1,1,TGTCGATGCTAGTGCCGTTA,0,3539099
tfaE_stfE_predicted,0.5,1,1,TGTCGAACGCCACGAGGGGC,0,3467026
tfaE_stfE_predicted,0.5,1,1,TGTCCGCTCCAAGAGTATCG,0,3470597
tfaE_stfE_predicted,0.5,1,1,TGTCCACCGGCAGGGGGAAC,0,3519368
tfaE_stfE_predicted,0.5,1,1,TGTCATAGTTTCAACGGGTG,0,3466826
tfaE_stfE_predicted,0.5,1,1,TGTATTTCGTGGGTCATCCC,0,3506824
tfaE_stfE_predicted,0.5,1,1,TGTATATAGCACGCAGGCAC,0,3506991
tfaE_stfE_predicted,0.5,1,1,TGTACACTAGCTGTCTCGTT,0,3467935
tfaE_stfE_predicted,0.5,1,1,TGTAATGTAAAACTCAGCAG,0,3517056
tfaE_stfE_predicted,0.5,1,1,TGTAAGCTGTATGAAGTGGG,0,3489109
tfaE_stfE_predicted,0.5,1,1,TGTAAGACAACTCCGCTAGG,0,3540034
tfaE_stfE_predicted,0.5,1,1,TGTAACTTTAAAGCCAGGCG,0,3496129
tfaE_stfE_predicted,0.5,1,1,TGTAAAGTTACTGATACCTC,0,3471349
tfaE_stfE_predicted,0.5,1,1,TGTAAACTCACCGCGATCCG,0,3495507
tfaE_stfE_predicted,0.5,1,1,TGTAAACCAGAAACTCTAGG,0,3535473
tfaE_stfE_predicted,0.5,1,1,TGTAAAATATGCACGGCGAA,0,3523726
tfaE_stfE_predicted,0.5,1,1,TGGTTTTGAGTCGTGTCTCC,0,3488997
tfaE_stfE_predicted,0.5,1,1,TGGTTGCTCGGTGTAACATA,0,3516868
tfaE_stfE_predicted,0.5,1,1,TGGTTGCACGTGCAGCTAGA,0,3486282
tfaE_stfE_predicted,0.5,1,1,TGGTTGATCGGTGGGTAAGC,0,3469237
tfaE_stfE_predicted,0.5,1,1,TGGTTCGGATCCACAAGAGG,0,3538245
tfaE_stfE_predicted,0.5,1,1,TGGTTCGGAGCAATTGGCTT,0,3500839
tfaE_stfE_predicted,0.5,1,1,TGGTTAAATTGTACCAGATA,0,3468052
tfaE_stfE_predicted,0.5,1,1,TGGTGTCCCAGATTGTAAGT,0,3537568
tfaE_stfE_predicted,0.5,1,1,TGGTGTCATGATCCGACCTT,0,3477957
tfaE_stfE_predicted,0.5,1,1,TGGTGGGTTTCGACTAGACC,0,3507470
tfaE_stfE_predicted,0.5,1,1,TGGTGCGTCACCTAGAGAGC,0,3488076
tfaE_stfE_predicted,0.5,1,1,TGGTGATTGAGTTTGGAAGA,0,3487442
tfaE_stfE_predicted,0.5,1,1,TGGTGAAGAGATGTTAACAT,0,3520256
tfaE_stfE_predicted,0.5,1,1,TGGTCGCTAGCTCGGGCTGA,0,3518476
tfaE_stfE_predicted,0.5,1,1,TGGTATTCCTCTACGCACGT,0,3475352
tfaE_stfE_predicted,0.5,1,1,TGGTATTACGAGTCATATAT,0,3504350
tfaE_stfE_predicted,0.5,1,1,TGGTAGTGTGCGGCGGACTT,0,3502996
tfaE_stfE_predicted,0.5,1,1,TGGGTCGGCAAACCAGTCAG,0,3513998
tfaE_stfE_predicted,0.5,1,1,TGGGTCACGGCTCTGATCCT,0,3505614
tfaE_stfE_predicted,0.5,1,1,TGGGTACTGTTCGATAGGGA,0,3479006
tfaE_stfE_predicted,0.5,1,1,TGGGTACCTGGGGGTCAGTA,0,3524262
tfaE_stfE_predicted,0.5,1,1,TGGGGTCGTACCTTGAGCGG,0,3538078
tfaE_stfE_predicted,0.5,1,1,TGGGCTTGTACCGGGTACCG,0,3515866
tfaE_stfE_predicted,0.5,1,1,TGGGCTGAGCCACATGCCTC,0,3519654
tfaE_stfE_predicted,0.5,1,1,TGGGCGGACGTCCTTGAGGG,0,3523173
tfaE_stfE_predicted,0.5,1,1,TGGGCCTTGTTACAGTCGGT,0,3513168
tfaE_stfE_predicted,0.5,1,1,TGGGCAACTTAGTCGTTGAA,0,3535748
tfaE_stfE_predicted,0.5,1,1,TGGGAGTTGGTGCGACGATA,0,3540398
tfaE_stfE_predicted,0.5,1,1,TGGGAGCAGTCGCAATAGCA,0,3466425
tfaE_stfE_predicted,0.5,1,1,TGGGACTGATCTAATGCTAA,0,3498280
tfaE_stfE_predicted,0.5,1,1,TGGCTCTTACAGGGTGTTAC,0,3520568
tfaE_stfE_predicted,0.5,1,1,TGGCGAGTATTTATATAGGA,0,3468879
tfaE_stfE_predicted,0.5,1,1,TGGCCGGGGTGCAATTGCAA,0,3528276
tfaE_stfE_predicted,0.5,1,1,TGGCCCAACGACGGGCTCCA,0,3532634
tfaE_stfE_predicted,0.5,1,1,TGGCACTCTGGTGGGGATCG,0,3517692
tfaE_stfE_predicted,0.5,1,1,TGGCACAACAGGCTGGGTCT,0,3471433
tfaE_stfE_predicted,0.5,1,1,TGGCAACTTCCAAATTTGTA,0,3505221
tfaE_stfE_predicted,0.5,1,1,TGGATTATGGGGGGAGGATA,0,3533890
tfaE_stfE_predicted,0.5,1,1,TGGAGGAAAACGCGTCAGGC,0,3522707
tfaE_stfE_predicted,0.5,1,1,TGGAATCTGCTCGTCCACGA,0,3483280
tfaE_stfE_predicted,0.5,1,1,TGGAAGATGCTGGATTAAAC,0,3511814
tfaE_stfE_predicted,0.5,1,1,TGGAACGGCGTCGTCGCCCA,0,3475359
tfaE_stfE_predicted,0.5,1,1,TGGAAATCATCCACGTTTGT,0,3529347
tfaE_stfE_predicted,0.5,1,1,TGCTTGTACCTTCATAACTA,0,3477763
tfaE_stfE_predicted,0.5,1,1,TGCTTCGAGGGTAAGCTAAG,0,3524059
tfaE_stfE_predicted,0.5,1,1,TGCTTAGGCCAAACGTGTTC,0,3521450
tfaE_stfE_predicted,0.5,1,1,TGCTGCTTCTGTCCATACCT,0,3508058
tfaE_stfE_predicted,0.5,1,1,TGCTCAACACTCCTATTCGC,0,3485828
tfaE_stfE_predicted,0.5,1,1,TGCTAGCAAACCGCAGAGTG,0,3477990
tfaE_stfE_predicted,0.5,1,1,TGCTACGGGGCATCAAGCCT,0,3503303
tfaE_stfE_predicted,0.5,1,1,TGCGTGTACGAATGTAACAC,0,3524133
tfaE_stfE_predicted,0.5,1,1,TGCGTGCACACGTGACACAT,0,3503533
tfaE_stfE_predicted,0.5,1,1,TGCGTCTAATTAGTCACAGC,0,3532720
tfaE_stfE_predicted,0.5,1,1,TGCGTCGATGAATCGCCCAG,0,3490929
tfaE_stfE_predicted,0.5,1,1,TGCGTCCAGACCCGCAAACA,0,3470344
tfaE_stfE_predicted,0.5,1,1,TGCGGGTTAGGGTGTGGGAT,0,3528289
tfaE_stfE_predicted,0.5,1,1,TGCGCTTACGTGTGACCTAT,0,3502429
tfaE_stfE_predicted,0.5,1,1,TGCGCGAACGTCGGCCGTTA,0,3527392
tfaE_stfE_predicted,0.5,1,1,TGCGCCACATACGCTGGTGG,0,3471910
tfaE_stfE_predicted,0.5,1,1,TGCGCAAGACCATCTGCTGA,0,3466618
tfaE_stfE_predicted,0.5,1,1,TGCCTTTGTGGGAATCTGCG,0,3470961
tfaE_stfE_predicted,0.5,1,1,TGCCTTTGGTTAATATAGAG,0,3480995
tfaE_stfE_predicted,0.5,1,1,TGCCTTCCTCATTTACACCA,0,3480279
tfaE_stfE_predicted,0.5,1,1,TGCCGTCATTGGACTACCTA,0,3496376
tfaE_stfE_predicted,0.5,1,1,TGCCCTTCATTCATGTCATT,0,3482468
tfaE_stfE_predicted,0.5,1,1,TGCCCTCCGGTTAAGGAGTA,0,3519765
tfaE_stfE_predicted,0.5,1,1,TGCCCTAAGAGTCGGGAGCT,0,3514549
tfaE_stfE_predicted,0.5,1,1,TGCCCACCGAATATCGCGTT,0,3526066
tfaE_stfE_predicted,0.5,1,1,TGCCCAATTAACGACAGATT,0,3497601
tfaE_stfE_predicted,0.5,1,1,TGCCATGATAAAATGAGATG,0,3528377
tfaE_stfE_predicted,0.5,1,1,TGCCATAGTTGGTAGGGTCT,0,3475066
tfaE_stfE_predicted,0.5,1,1,TGCCAAACCTGACAATCACT,0,3479778
tfaE_stfE_predicted,0.5,1,1,TGCATTCGGCAATTGCCAGG,0,3517653
tfaE_stfE_predicted,0.5,1,1,TGCATCATGGATTTAGTTTC,0,3507995
tfaE_stfE_predicted,0.5,1,1,TGCATATGGACGCAGCCTTA,0,3476774
tfaE_stfE_predicted,0.5,1,1,TGCAGTGCCGCAAAGTGGCC,0,3512896
tfaE_stfE_predicted,0.5,1,1,TGCAGTACACGATCCCAATT,0,3473663
tfaE_stfE_predicted,0.5,1,1,TGCACCGGAAATGAAAGCAC,0,3536038
tfaE_stfE_predicted,0.5,1,1,TGCAAGGTCTCATCGATTTT,0,3471780
tfaE_stfE_predicted,0.5,1,1,TGCAACGTTTTAGAATAGGG,0,3507197
tfaE_stfE_predicted,0.5,1,1,TGCAAAAGCTCTGTCAGGAT,0,3481914
tfaE_stfE_predicted,0.5,1,1,TGATTTTAGCCTGTCCAAGT,0,3515837
tfaE_stfE_predicted,0.5,1,1,TGATTTCGCCAGGGTGCACC,0,3525807
tfaE_stfE_predicted,0.5,1,1,TGATTAGGAAGACAACCCTT,0,3490258
tfaE_stfE_predicted,0.5,1,1,TGATCGAGAGGTGGCGGAAT,0,3471819
tfaE_stfE_predicted,0.5,1,1,TGATCCCTCCTACGAAATAC,0,3517646
tfaE_stfE_predicted,0.5,1,1,TGATATGATATCTGTGTTTG,0,3540811
tfaE_stfE_predicted,0.5,1,1,TGATATCCTGGTGTTTCATA,0,3471750
tfaE_stfE_predicted,0.5,1,1,TGATATACATGCTCAGTCGG,0,3540837
tfaE_stfE_predicted,0.5,1,1,TGATAGATCCGGCCGATTCG,0,3535994
tfaE_stfE_predicted,0.5,1,1,TGAGTCCCAGGACGTCCCAG,0,3477988
tfaE_stfE_predicted,0.5,1,1,TGAGTAACGCCAACAATCTG,0,3474901
tfaE_stfE_predicted,0.5,1,1,TGAGCAAACTGCCGAGAGTT,0,3481525
tfaE_stfE_predicted,0.5,1,1,TGAGAGTATCATGGTTCACC,0,3499299
tfaE_stfE_predicted,0.5,1,1,TGAGAATCCCAGCATGTAAT,0,3494035
tfaE_stfE_predicted,0.5,1,1,TGAGAAAATATGCCCCCGCG,0,3469906
tfaE_stfE_predicted,0.5,1,1,TGACTCGTGTAGAGGACCCC,0,3536205
tfaE_stfE_predicted,0.5,1,1,TGACCCTCGCCTGAGCGTAA,0,3476179
tfaE_stfE_predicted,0.5,1,1,TGACATCCACCCCGTTAGCT,0,3481702
tfaE_stfE_predicted,0.5,1,1,TGAATTTCAATTCAAGACCT,0,3467310
tfaE_stfE_predicted,0.5,1,1,TGAATCGGCACAGGACGACG,0,3468780
tfaE_stfE_predicted,0.5,1,1,TGAATACGTAGGCGTTAGTG,0,3486251
tfaE_stfE_predicted,0.5,1,1,TGAAGGAAGCTATAACTTAA,0,3499703
tfaE_stfE_predicted,0.5,1,1,TGAACTACACATAATTGGAT,0,3511556
tfaE_stfE_predicted,0.5,1,1,TGAACCTAGGCTTGCCTTCT,0,3467227
tfaE_stfE_predicted,0.5,1,1,TGAAAGACAATACAGCCGTC,0,3532864
tfaE_stfE_predicted,0.5,1,1,TGAAACCAGATCGTACATGA,0,3470990
tfaE_stfE_predicted,0.5,1,1,TGAAACCAAAATGACATTCT,0,3521327
tfaE_stfE_predicted,0.5,1,1,TCTTTTAACGGCCATCAGTG,0,3530286
tfaE_stfE_predicted,0.5,1,1,TCTTTGTTTGAAGTGCAGAC,0,3480841
tfaE_stfE_predicted,0.5,1,1,TCTTTAAAGTACGCGGACAA,0,3490425
tfaE_stfE_predicted,0.5,1,1,TCTTGGATTCAGCAACGCGA,0,3497906
tfaE_stfE_predicted,0.5,1,1,TCTTGCTGAGTTTATCGGGT,0,3477169
tfaE_stfE_predicted,0.5,1,1,TCTTGCAAGACAAAGATCGC,0,3481969
tfaE_stfE_predicted,0.5,1,1,TCTTGATGCAGTCAGCCCTG,0,3491971
tfaE_stfE_predicted,0.5,1,1,TCTTACGCTGTTCACAGGAA,0,3493976
tfaE_stfE_predicted,0.5,1,1,TCTTACACGCAAAATGTATC,0,3520020
tfaE_stfE_predicted,0.5,1,1,TCTTAAGGGGGTGCGGGTTT,0,3532954
tfaE_stfE_predicted,0.5,1,1,TCTGTTGATTGATAAACCGT,0,3480054
tfaE_stfE_predicted,0.5,1,1,TCTGTGGAGGATCGCTAGAG,0,3479793
tfaE_stfE_predicted,0.5,1,1,TCTGTCTTGCTAGCATGAAG,0,3486497
tfaE_stfE_predicted,0.5,1,1,TCTGTCAAGAGCGCTGCTAA,0,3511288
tfaE_stfE_predicted,0.5,1,1,TCTGTAATTGCAGAACTGGG,0,3516153
tfaE_stfE_predicted,0.5,1,1,TCTGGTGCACGGTGCATTAA,0,3522147
tfaE_stfE_predicted,0.5,1,1,TCTGGTCTACTAAAGGAACG,0,3488115
tfaE_stfE_predicted,0.5,1,1,TCTGGCCCCGCTGAATTCTA,0,3475270
tfaE_stfE_predicted,0.5,1,1,TCTGGACAAGGTAAGTGTCC,0,3494605
tfaE_stfE_predicted,0.5,1,1,TCTGCGGATTATTAGTTCCG,0,3466677
tfaE_stfE_predicted,0.5,1,1,TCTGCGCTTTCCGGGAAGGG,0,3475018
tfaE_stfE_predicted,0.5,1,1,TCTGACATTATCGTGAGAAC,0,3533901
tfaE_stfE_predicted,0.5,1,1,TCTCTTACTAGCCTATTTGG,0,3535364
tfaE_stfE_predicted,0.5,1,1,TCTCTTAAATCTAGTGGCAT,0,3491741
tfaE_stfE_predicted,0.5,1,1,TCTCTCAAACAAGATCCCTC,0,3493857
tfaE_stfE_predicted,0.5,1,1,TCTCGTGGTGGTTGTTATGG,0,3516866
tfaE_stfE_predicted,0.5,1,1,TCTCGTACGCCGGGACCATC,0,3473948
tfaE_stfE_predicted,0.5,1,1,TCTCGTAAGGCGTTCTTAGC,0,3484093
tfaE_stfE_predicted,0.5,1,1,TCTCGCCGTCATAACTTGCG,0,3469909
tfaE_stfE_predicted,0.5,1,1,TCTCGCCCCCAAATCCGGAT,0,3527147
tfaE_stfE_predicted,0.5,1,1,TCTCGAGGACTATGTGCAGC,0,3479465
tfaE_stfE_predicted,0.5,1,1,TCTCCGCAAGTCACACCACA,0,3503415
tfaE_stfE_predicted,0.5,1,1,TCTCCAGCTGCTTAAGCCCC,0,3469181
tfaE_stfE_predicted,0.5,1,1,TCTCATGAGACACGGTTTGT,0,3479392
tfaE_stfE_predicted,0.5,1,1,TCTCAGTTCACTCTAATGTG,0,3469605
tfaE_stfE_predicted,0.5,1,1,TCTAGGTCCGCTTCACAAAG,0,3531183
tfaE_stfE_predicted,0.5,1,1,TCTACGAAAACAGAGGGGTG,0,3518004
tfaE_stfE_predicted,0.5,1,1,TCTACCCAGTATGTCTGAGT,0,3502133
tfaE_stfE_predicted,0.5,1,1,TCTAATATGATGTGGACGTA,0,3501786
tfaE_stfE_predicted,0.5,1,1,TCTAAGGAAGCAAAAGATCC,0,3470613
tfaE_stfE_predicted,0.5,1,1,TCTAAAACCTAACGTTTTCA,0,3487170
tfaE_stfE_predicted,0.5,1,1,TCGTTTCTGACAGCATGAGT,0,3526269
tfaE_stfE_predicted,0.5,1,1,TCGTTTATGCTTCATTAAAG,0,3481172
tfaE_stfE_predicted,0.5,1,1,TCGTTTATATCTTTGCTGGT,0,3524778
tfaE_stfE_predicted,0.5,1,1,TCGTTGCTCGGACAGGGTAG,0,3523088
tfaE_stfE_predicted,0.5,1,1,TCGTTCCTTCATTCAATAGG,0,3522828
tfaE_stfE_predicted,0.5,1,1,TCGTGGGACCGGCGCTTTAT,0,3517387
tfaE_stfE_predicted,0.5,1,1,TCGTGGGAAACGTGTCTGAT,0,3499725
tfaE_stfE_predicted,0.5,1,1,TCGTGCGGCGGGCATAGCAG,0,3470944
tfaE_stfE_predicted,0.5,1,1,TCGTGACTACTCCTGGAGGT,0,3478234
tfaE_stfE_predicted,0.5,1,1,TCGTGACTAACGGGTGGCGT,0,3482285
tfaE_stfE_predicted,0.5,1,1,TCGTCCGTTAGTCTCACTTC,0,3531573
tfaE_stfE_predicted,0.5,1,1,TCGTCACTCGGTTGATGGCA,0,3539753
tfaE_stfE_predicted,0.5,1,1,TCGTATGGTGTCCTTGCCTT,0,3475469
tfaE_stfE_predicted,0.5,1,1,TCGGTGTAGGCCCCTAGCAA,0,3501991
tfaE_stfE_predicted,0.5,1,1,TCGGTGCGGTTCTACTGCGA,0,3498071
tfaE_stfE_predicted,0.5,1,1,TCGGTGATCGTCCGTCGTGG,0,3478557
tfaE_stfE_predicted,0.5,1,1,TCGGTCCGAGACTTCTAGCT,0,3479670
tfaE_stfE_predicted,0.5,1,1,TCGGTACTGCGCTATTTCCT,0,3530063
tfaE_stfE_predicted,0.5,1,1,TCGGTACAGCTCCACCGGTC,0,3506182
tfaE_stfE_predicted,0.5,1,1,TCGGTAAGAAGGGGAGATTC,0,3499638
tfaE_stfE_predicted,0.5,1,1,TCGGGTTGGCTAAATCAGTC,0,3476332
tfaE_stfE_predicted,0.5,1,1,TCGGGAGGTTGGCAGGGCAG,0,3494860
tfaE_stfE_predicted,0.5,1,1,TCGGCGAAGTCGTACTTTAC,0,3483640
tfaE_stfE_predicted,0.5,1,1,TCGGATTGCTGGAGCATAGG,0,3524201
tfaE_stfE_predicted,0.5,1,1,TCGGAGTCCGTTTACCGACA,0,3486097
tfaE_stfE_predicted,0.5,1,1,TCGGAGGTAGGGTACGGGGA,0,3504448
tfaE_stfE_predicted,0.5,1,1,TCGGAACTCCAGACGGTCCC,0,3499479
tfaE_stfE_predicted,0.5,1,1,TCGCTGGAGAACATGATGGA,0,3493858
tfaE_stfE_predicted,0.5,1,1,TCGCGCTCACCCCTGTAGCT,0,3494274
tfaE_stfE_predicted,0.5,1,1,TCGCGCGGAATGGACATAAC,0,3486155
tfaE_stfE_predicted,0.5,1,1,TCGCCGGAGTATTTACCTCT,0,3515347
tfaE_stfE_predicted,0.5,1,1,TCGCCCGCGTGTAGGCAGTT,0,3535548
tfaE_stfE_predicted,0.5,1,1,TCGCCCGCATTTTCTATCTT,0,3524239
tfaE_stfE_predicted,0.5,1,1,TCGCCCGAGAGGCCAAATCG,0,3539320
tfaE_stfE_predicted,0.5,1,1,TCGATCGCATTTTTTGAGAC,0,3475583
tfaE_stfE_predicted,0.5,1,1,TCGATAGTCTCTTGCCCAAG,0,3480354
tfaE_stfE_predicted,0.5,1,1,TCGAGTAGTAGCATTATGAG,0,3522470
tfaE_stfE_predicted,0.5,1,1,TCGAGGTTCACCATCTTCCG,0,3538187
tfaE_stfE_predicted,0.5,1,1,TCGAGGGCGGCGAAGCGTAC,0,3516280
tfaE_stfE_predicted,0.5,1,1,TCGAGATTGGAATGCGTAAA,0,3490780
tfaE_stfE_predicted,0.5,1,1,TCGACTAACACCGCGAGGGT,0,3502091
tfaE_stfE_predicted,0.5,1,1,TCGACGCTGGCAAAGCGGTG,0,3479397
tfaE_stfE_predicted,0.5,1,1,TCGACGCTAGACCGGCCCGA,0,3482181
tfaE_stfE_predicted,0.5,1,1,TCCTTGCCTGCTCATACTGT,0,3488509
tfaE_stfE_predicted,0.5,1,1,TCCTGGGAGCAGGTACTCTT,0,3520223
tfaE_stfE_predicted,0.5,1,1,TCCTCTCCCACTCCGATGCA,0,3534095
tfaE_stfE_predicted,0.5,1,1,TCCTCTAAGAACTGTCAATG,0,3506938
tfaE_stfE_predicted,0.5,1,1,TCCTCAGGGTAGCCTGTGTA,0,3528035
tfaE_stfE_predicted,0.5,1,1,TCCTACTGGATTATTGGCCT,0,3494755
tfaE_stfE_predicted,0.5,1,1,TCCTACGGGGGTTAAACTCC,0,3490055
tfaE_stfE_predicted,0.5,1,1,TCCTACCTGAGTCCCTTGCT,0,3482742
tfaE_stfE_predicted,0.5,1,1,TCCTAATCGAGATCCGCATC,0,3540048
tfaE_stfE_predicted,0.5,1,1,TCCGGTCGTTTCGTCTCCGT,0,3520366
tfaE_stfE_predicted,0.5,1,1,TCCGGGTCGGCCTGCTGTAG,0,3477026
tfaE_stfE_predicted,0.5,1,1,TCCGGGAGTCATAGGTGGGA,0,3467326
tfaE_stfE_predicted,0.5,1,1,TCCGGGAGCCCCTAGGGATG,0,3522505
tfaE_stfE_predicted,0.5,1,1,TCCGGGAAGTAAGAGTTGGG,0,3496500
tfaE_stfE_predicted,0.5,1,1,TCCGGCGCGGAAGAATTGGC,0,3499182
tfaE_stfE_predicted,0.5,1,1,TCCGATCTTCCCGGCTTCCC,0,3511751
tfaE_stfE_predicted,0.5,1,1,TCCGACTTTTGTCTTTGAGT,0,3489895
tfaE_stfE_predicted,0.5,1,1,TCCCTTTTTGTGTTAGGTGC,0,3501368
tfaE_stfE_predicted,0.5,1,1,TCCCTTCACTGTAACGATCA,0,3532677
tfaE_stfE_predicted,0.5,1,1,TCCCTCGGGATGACGGGATA,0,3540629
tfaE_stfE_predicted,0.5,1,1,TCCCGGGAACGACTGTGGAA,0,3499248
tfaE_stfE_predicted,0.5,1,1,TCCCCAGGAAAAGGAGTTTA,0,3481551
tfaE_stfE_predicted,0.5,1,1,TCCCAGTAGAAACAGTCGTG,0,3485671
tfaE_stfE_predicted,0.5,1,1,TCCCAGATATTGTATAGCAA,0,3540295
tfaE_stfE_predicted,0.5,1,1,TCCCAACGTTGACCAACCAT,0,3499262
tfaE_stfE_predicted,0.5,1,1,TCCATTGTCTTTCGGATTGA,0,3512291
tfaE_stfE_predicted,0.5,1,1,TCCATGGTTCCTTCAGAGCA,0,3511593
tfaE_stfE_predicted,0.5,1,1,TCCATGCGAAGGTTACACGC,0,3519026
tfaE_stfE_predicted,0.5,1,1,TCCATCGGTGTGCTTCTGCC,0,3486557
tfaE_stfE_predicted,0.5,1,1,TCCATAGATTAACCTGAAGC,0,3473379
tfaE_stfE_predicted,0.5,1,1,TCCATACCGTCCGGCATAAC,0,3481976
tfaE_stfE_predicted,0.5,1,1,TCCAGGCCCTCAGTACGTAG,0,3516710
tfaE_stfE_predicted,0.5,1,1,TCCAGAGACAGTGTTGGGCT,0,3472789
tfaE_stfE_predicted,0.5,1,1,TCCACCGGCCTGTTCTCCAG,0,3534438
tfaE_stfE_predicted,0.5,1,1,TCCAAGTCAGGCCGACTTCC,0,3499870
tfaE_stfE_predicted,0.5,1,1,TCCAAGCTGCAGGAGTTATT,0,3507893
tfaE_stfE_predicted,0.5,1,1,TCCAAGCAGATCACACTCAA,0,3505457
tfaE_stfE_predicted,0.5,1,1,TCCAACACCGTGTGACGGGT,0,3509610
tfaE_stfE_predicted,0.5,1,1,TCCAAATCGTATCGGGGAAG,0,3526298
tfaE_stfE_predicted,0.5,1,1,TCATTGGCATGTAATTCTAT,0,3494252
tfaE_stfE_predicted,0.5,1,1,TCATTGCTGGCGCTCCTGTT,0,3497629
tfaE_stfE_predicted,0.5,1,1,TCATGTGTCGTGCATTGTTC,0,3508248
tfaE_stfE_predicted,0.5,1,1,TCATGGACCACTTCGTATAT,0,3479898
tfaE_stfE_predicted,0.5,1,1,TCATGCCTCGCGGCCGGTTC,0,3517721
tfaE_stfE_predicted,0.5,1,1,TCATGAATCATATCTGACGT,0,3506622
tfaE_stfE_predicted,0.5,1,1,TCATCCGGGGGTTTACAAAT,0,3497789
tfaE_stfE_predicted,0.5,1,1,TCATCCATTGCAGGGTCTGC,0,3470594
tfaE_stfE_predicted,0.5,1,1,TCATCAGTATAAATGGGAGT,0,3527455
tfaE_stfE_predicted,0.5,1,1,TCATCAATTCTGACAAGACA,0,3500206
tfaE_stfE_predicted,0.5,1,1,TCATACTTATGGGAAGCTCG,0,3489842
tfaE_stfE_predicted,0.5,1,1,TCATACCTACATTCTCCTGG,0,3522316
tfaE_stfE_predicted,0.5,1,1,TCATACAATTTTGTACTCCC,0,3495412
tfaE_stfE_predicted,0.5,1,1,TCATAACCTGATCCGAACGT,0,3530845
tfaE_stfE_predicted,0.5,1,1,TCATAAACTTAAGCTGGCCC,0,3504600
tfaE_stfE_predicted,0.5,1,1,TCAGTGGGACATGAAAGCTT,0,3468598
tfaE_stfE_predicted,0.5,1,1,TCAGTGATCTGTTCACTCTC,0,3520168
tfaE_stfE_predicted,0.5,1,1,TCAGGTTTATGCAACTTTGA,0,3533528
tfaE_stfE_predicted,0.5,1,1,TCAGGTGCGGAGCGCTTGTT,0,3520258
tfaE_stfE_predicted,0.5,1,1,TCAGGTGAGCAGGTCAGGAA,0,3474034
tfaE_stfE_predicted,0.5,1,1,TCAGGGTCTCTTGACTTGGT,0,3509868
tfaE_stfE_predicted,0.5,1,1,TCAGATAAGTTAAGGTAGCG,0,3471812
tfaE_stfE_predicted,0.5,1,1,TCAGAATAGAGACAACGAAA,0,3474199
tfaE_stfE_predicted,0.5,1,1,TCACTTCTGCGTTTGGGTGC,0,3515844
tfaE_stfE_predicted,0.5,1,1,TCACTCCCCGCCATTATCTT,0,3486224
tfaE_stfE_predicted,0.5,1,1,TCACTCCAGTGGCGCATGGA,0,3495928
tfaE_stfE_predicted,0.5,1,1,TCACGTTCGAAGCGAGTAAG,0,3495669
tfaE_stfE_predicted,0.5,1,1,TCACCTAAGGAGAGATGACA,0,3526115
tfaE_stfE_predicted,0.5,1,1,TCACAGGGATCGGCTCGGCA,0,3487468
tfaE_stfE_predicted,0.5,1,1,TCACACCGCCCAGTACCGTT,0,3521548
tfaE_stfE_predicted,0.5,1,1,TCACAAAACCTACTAAAAAT,0,3469365
tfaE_stfE_predicted,0.5,1,1,TCAATCTGTATTTAATGCCC,0,3472769
tfaE_stfE_predicted,0.5,1,1,TCAAGGCTATCGCAACTGCT,0,3496067
tfaE_stfE_predicted,0.5,1,1,TCAAGCTAGACCCCGCCGTC,0,3477707
tfaE_stfE_predicted,0.5,1,1,TCAAGCATGGCCCCCGAGGT,0,3471197
tfaE_stfE_predicted,0.5,1,1,TCAACCAGCATCTAGTCAGT,0,3490025
tfaE_stfE_predicted,0.5,1,1,TCAAAATTTGAGGCAATTGA,0,3539684
tfaE_stfE_predicted,0.5,1,1,TCAAAAGGGTACACTCTGGG,0,3505751
tfaE_stfE_predicted,0.5,1,1,TATTTGCAGTAGGCAACTTC,0,3495790
tfaE_stfE_predicted,0.5,1,1,TATTTGCAAAACTTCAGCGA,0,3504651
tfaE_stfE_predicted,0.5,1,1,TATTTAACTTTATGCACTCT,0,3540740
tfaE_stfE_predicted,0.5,1,1,TATTGTCGTGAAAATATGTT,0,3471998
tfaE_stfE_predicted,0.5,1,1,TATTGTCACATGCTATAGCA,0,3500211
tfaE_stfE_predicted,0.5,1,1,TATTGCACTGACCCGTGCTG,0,3479688
tfaE_stfE_predicted,0.5,1,1,TATTGAGTGTATCTGACTTA,0,3529265
tfaE_stfE_predicted,0.5,1,1,TATTATCATACGCTCTCTAT,0,3537355
tfaE_stfE_predicted,0.5,1,1,TATTAGCAAGCATCCACCGG,0,3527782
tfaE_stfE_predicted,0.5,1,1,TATTACTATTCGCGGGTCTA,0,3503731
tfaE_stfE_predicted,0.5,1,1,TATGTGGATGTCGGATTGCG,0,3515100
tfaE_stfE_predicted,0.5,1,1,TATGTGCCTACGATGATCTC,0,3494339
tfaE_stfE_predicted,0.5,1,1,TATGGGTTGGGCATTCATCC,0,3538274
tfaE_stfE_predicted,0.5,1,1,TATGGGGTGCTGGCGTAGGA,0,3525199
tfaE_stfE_predicted,0.5,1,1,TATGGATAGAGGCCAGTCCT,0,3487460
tfaE_stfE_predicted,0.5,1,1,TATGCCATGGCTAACTAATG,0,3501619
tfaE_stfE_predicted,0.5,1,1,TATGCATGGACTACAACCCG,0,3537597
tfaE_stfE_predicted,0.5,1,1,TATGCAAAGTAGTGTTATTA,0,3539773
tfaE_stfE_predicted,0.5,1,1,TATGAGCAGCGTCCATTTGT,0,3475455
tfaE_stfE_predicted,0.5,1,1,TATGACTAGGACACTCCGGG,0,3478449
tfaE_stfE_predicted,0.5,1,1,TATGACAAAGAGTGTACATT,0,3500866
tfaE_stfE_predicted,0.5,1,1,TATGAAGTGACAAAGACTAG,0,3533644
tfaE_stfE_predicted,0.5,1,1,TATGAACGGTATCTGGCGCA,0,3494123
tfaE_stfE_predicted,0.5,1,1,TATCTGGATGTTGATGAGCA,0,3537622
tfaE_stfE_predicted,0.5,1,1,TATCTCAGCCGGGATATTTA,0,3524261
tfaE_stfE_predicted,0.5,1,1,TATCTATGGGTCACAATATG,0,3513497
tfaE_stfE_predicted,0.5,1,1,TATCTAGGCGGGTTTACGGA,0,3496833
tfaE_stfE_predicted,0.5,1,1,TATCGTAGTCCGAAGTAGGG,0,3507482
tfaE_stfE_predicted,0.5,1,1,TATCGCGAAACGGGGCTAGG,0,3482626
tfaE_stfE_predicted,0.5,1,1,TATCATGTCAAGCTCTATCA,0,3482328
tfaE_stfE_predicted,0.5,1,1,TATCATGCGACGGATGACAT,0,3511833
tfaE_stfE_predicted,0.5,1,1,TATCAGTACCATTAGGCGGT,0,3503254
tfaE_stfE_predicted,0.5,1,1,TATATTTAGTGGACGGTGAC,0,3537862
tfaE_stfE_predicted,0.5,1,1,TATATTCTGCAAGATCGCGT,0,3491443
tfaE_stfE_predicted,0.5,1,1,TATATTACGACACCCGTTTT,0,3469223
tfaE_stfE_predicted,0.5,1,1,TATATCGTCTTCGATTTTCC,0,3509606
tfaE_stfE_predicted,0.5,1,1,TATATAGAACGCTTCAGATA,0,3484730
tfaE_stfE_predicted,0.5,1,1,TATATACCGAAACTTGTCTG,0,3494658
tfaE_stfE_predicted,0.5,1,1,TATAGTGCGCTCTGCTAAGG,0,3536471
tfaE_stfE_predicted,0.5,1,1,TATAGTCCCACTGGCGTGCT,0,3496718
tfaE_stfE_predicted,0.5,1,1,TATAGGGTTCGGCCTCTTAT,0,3485718
tfaE_stfE_predicted,0.5,1,1,TATAGCCAGGGGATTCATGA,0,3483415
tfaE_stfE_predicted,0.5,1,1,TATAATTCGGGCACTCTGGG,0,3518342
tfaE_stfE_predicted,0.5,1,1,TATAATCGCCACCCTCTAAC,0,3479757
tfaE_stfE_predicted,0.5,1,1,TATAAGCCACGGAGCTTGGA,0,3475501
tfaE_stfE_predicted,0.5,1,1,TAGTACCCACGTTCCAAATT,0,3532715
tfaE_stfE_predicted,0.5,1,1,TAGTAAGGATTGCTCAAGAG,0,3514462
tfaE_stfE_predicted,0.5,1,1,TAGGTTAGGGTCAAACGAGA,0,3534319
tfaE_stfE_predicted,0.5,1,1,TAGGTGTGCTCTGGAATGCA,0,3509573
tfaE_stfE_predicted,0.5,1,1,TAGGTCTTGGCCGCCGCGGA,0,3505808
tfaE_stfE_predicted,0.5,1,1,TAGGTCGTAGGAATTTATTT,0,3520347
tfaE_stfE_predicted,0.5,1,1,TAGGGTTCCAGGCGCTCGAT,0,3522727
tfaE_stfE_predicted,0.5,1,1,TAGGGCGCCAACCGGTAGAT,0,3497904
tfaE_stfE_predicted,0.5,1,1,TAGGGCATGGTGCGGGATAG,0,3502755
tfaE_stfE_predicted,0.5,1,1,TAGGCCTTCCGGTTAAAAAT,0,3484219
tfaE_stfE_predicted,0.5,1,1,TAGGCACAATGTTATTAGGT,0,3479888
tfaE_stfE_predicted,0.5,1,1,TAGGATAGCTTAACCAGGGT,0,3526237
tfaE_stfE_predicted,0.5,1,1,TAGGAGGTTCGTGACGAGTC,0,3479727
tfaE_stfE_predicted,0.5,1,1,TAGGAACCACAGATCCAGAC,0,3507396
tfaE_stfE_predicted,0.5,1,1,TAGCTTTTCACAATCGCTGC,0,3524744
tfaE_stfE_predicted,0.5,1,1,TAGCTTAAATCCGTTCCTTA,0,3532645
tfaE_stfE_predicted,0.5,1,1,TAGCTCAGTGGTGAACAAAG,0,3499327
tfaE_stfE_predicted,0.5,1,1,TAGCGTTGCCCTTCAACAAA,0,3527201
tfaE_stfE_predicted,0.5,1,1,TAGCGTCTATATCCACTTGA,0,3499420
tfaE_stfE_predicted,0.5,1,1,TAGCGGGACGCAGGAATCCA,0,3515790
tfaE_stfE_predicted,0.5,1,1,TAGCGAGAATTTTATGATGA,0,3466536
tfaE_stfE_predicted,0.5,1,1,TAGCCCGCCCCATACTACAC,0,3509582
tfaE_stfE_predicted,0.5,1,1,TAGCACACGCTTTTTATCGA,0,3512864
tfaE_stfE_predicted,0.5,1,1,TAGCAATAATGCTCAACCAG,0,3487853
tfaE_stfE_predicted,0.5,1,1,TAGATTTAACTATCGTTCAT,0,3515821
tfaE_stfE_predicted,0.5,1,1,TAGATTAGCACCTGCGGCCA,0,3503898
tfaE_stfE_predicted,0.5,1,1,TAGATGTGTGAAGTTATCAG,0,3514508
tfaE_stfE_predicted,0.5,1,1,TAGATGAAGAGTCCGTCGTA,0,3480752
tfaE_stfE_predicted,0.5,1,1,TAGATCCTGCCCCTAGAAGA,0,3468324
tfaE_stfE_predicted,0.5,1,1,TAGACGACTCATTAGCCTCT,0,3499363
tfaE_stfE_predicted,0.5,1,1,TAGAATTTCTAGATGGTCAG,0,3527177
tfaE_stfE_predicted,0.5,1,1,TAGAACATTTGTAAGGTGAT,0,3515055
tfaE_stfE_predicted,0.5,1,1,TAGAAAGCGGCTCCCATCAG,0,3514739
tfaE_stfE_predicted,0.5,1,1,TAGAAACATTCGGGGTGATG,0,3489458
tfaE_stfE_predicted,0.5,1,1,TACTTGCAAAGGTGTACTAG,0,3528804
tfaE_stfE_predicted,0.5,1,1,TACTGTCACGAGGATGGCTA,0,3506510
tfaE_stfE_predicted,0.5,1,1,TACTGCAGCCTAGCACGCTC,0,3473254
tfaE_stfE_predicted,0.5,1,1,TACTCGTGGCGTGACATCCC,0,3538740
tfaE_stfE_predicted,0.5,1,1,TACTATCAGGTTTCTGCCGG,0,3486496
tfaE_stfE_predicted,0.5,1,1,TACTACCTAATAGCGGGGAA,0,3473818
tfaE_stfE_predicted,0.5,1,1,TACTACAAAGGCTTTCAGAG,0,3539033
tfaE_stfE_predicted,0.5,1,1,TACTAATATGATTTCGAGAG,0,3484832
tfaE_stfE_predicted,0.5,1,1,TACTAACGTGTGTGTCTGAG,0,3523731
tfaE_stfE_predicted,0.5,1,1,TACGTTGTCCGTCCCAACGC,0,3486916
tfaE_stfE_predicted,0.5,1,1,TACGTGTCAGGGGAACTTGG,0,3538995
tfaE_stfE_predicted,0.5,1,1,TACGTGATGATTGAATAGTT,0,3502764
tfaE_stfE_predicted,0.5,1,1,TACGGGATTACCGACATTTT,0,3468804
tfaE_stfE_predicted,0.5,1,1,TACGGGATCACACGACCACC,0,3530616
tfaE_stfE_predicted,0.5,1,1,TACGGATAAGCAGGCTCGAC,0,3467246
tfaE_stfE_predicted,0.5,1,1,TACGATACAGCTGAAAGTTG,0,3528650
tfaE_stfE_predicted,0.5,1,1,TACGATAATACTTCATTGGC,0,3497080
tfaE_stfE_predicted,0.5,1,1,TACGAGGCAGCTAAGATATC,0,3471183
tfaE_stfE_predicted,0.5,1,1,TACGAAGCGCTGATTGCCAG,0,3480236
tfaE_stfE_predicted,0.5,1,1,TACCTGGTAATTTAACTTCC,0,3533497
tfaE_stfE_predicted,0.5,1,1,TACCTGCCAAAGCCGCGAGT,0,3500877
tfaE_stfE_predicted,0.5,1,1,TACCGTAACGTCAGTGACTA,0,3503466
tfaE_stfE_predicted,0.5,1,1,TACCCTAGTCTGAACCATAA,0,3476419
tfaE_stfE_predicted,0.5,1,1,TACCCTAATCGTACCAGAAG,0,3495906
tfaE_stfE_predicted,0.5,1,1,TACCCGGCCTCCGAAATGGT,0,3510857
tfaE_stfE_predicted,0.5,1,1,TACCCAGTCTATTCCAATAG,0,3531913
tfaE_stfE_predicted,0.5,1,1,TACCATTTAGCGTCTAGCAT,0,3471733
tfaE_stfE_predicted,0.5,1,1,TACCATGCAGCCTCCAGGTT,0,3529968
tfaE_stfE_predicted,0.5,1,1,TACATATCAAGCTCTTTCTA,0,3480332
tfaE_stfE_predicted,0.5,1,1,TACATACTGTTTCAAAATAT,0,3484629
tfaE_stfE_predicted,0.5,1,1,TACATAATTGTGGATAGTGA,0,3468392
tfaE_stfE_predicted,0.5,1,1,TACAATGACTGCGGGGGCTA,0,3527148
tfaE_stfE_predicted,0.5,1,1,TACAACTAATTGGGCATCTG,0,3467370
tfaE_stfE_predicted,0.5,1,1,TACAAAGATGTCGCCGTCGG,0,3499242
tfaE_stfE_predicted,0.5,1,1,TAATTTATGGTTCCTGCAGG,0,3484226
tfaE_stfE_predicted,0.5,1,1,TAATTGGCGACTCAATCGGC,0,3515393
tfaE_stfE_predicted,0.5,1,1,TAATTCGCATGCGTTTACTT,0,3491727
tfaE_stfE_predicted,0.5,1,1,TAATTCATGCTATGAGAATT,0,3502632
tfaE_stfE_predicted,0.5,1,1,TAATGTTAGGCAGAGGCGTT,0,3514423
tfaE_stfE_predicted,0.5,1,1,TAATGTGCGCCAGACATGTA,0,3473525
tfaE_stfE_predicted,0.5,1,1,TAATGGCAGCGAATCGAAAC,0,3535706
tfaE_stfE_predicted,0.5,1,1,TAATGCTATTCAACGGTAGC,0,3486427
tfaE_stfE_predicted,0.5,1,1,TAATCCCGTAACATATTAAG,0,3489450
tfaE_stfE_predicted,0.5,1,1,TAATCCAGTCTCGCTACCTA,0,3496204
tfaE_stfE_predicted,0.5,1,1,TAATAGTTGCGCCTCACCCT,0,3485472
tfaE_stfE_predicted,0.5,1,1,TAAGTTCAAGCCATAGAAAG,0,3481122
tfaE_stfE_predicted,0.5,1,1,TAAGTGGGCTGTTCGAGCAA,0,3525789
tfaE_stfE_predicted,0.5,1,1,TAAGTGGCCCCTAGACCAAG,0,3495035
tfaE_stfE_predicted,0.5,1,1,TAAGTACGATTGTCGTAAAA,0,3501590
tfaE_stfE_predicted,0.5,1,1,TAAGTAAATATGGACTTAGT,0,3516853
tfaE_stfE_predicted,0.5,1,1,TAAGGTGGCTCTGTTCTTGA,0,3507330
tfaE_stfE_predicted,0.5,1,1,TAAGGAAATACTCGTGCCTT,0,3535957
tfaE_stfE_predicted,0.5,1,1,TAAGCTATCTTAGAATGCAT,0,3535333
tfaE_stfE_predicted,0.5,1,1,TAAGCTATCGTGCGTGCATA,0,3530838
tfaE_stfE_predicted,0.5,1,1,TAAGCGTTATCCTCATTACG,0,3493703
tfaE_stfE_predicted,0.5,1,1,TAAGATCGGATATTGACCAA,0,3508910
tfaE_stfE_predicted,0.5,1,1,TAAGAAATGAGGTACCAACA,0,3485792
tfaE_stfE_predicted,0.5,1,1,TAACGTCCTCTGCAACACGA,0,3472774
tfaE_stfE_predicted,0.5,1,1,TAACGCGCGGAGAATACGGA,0,3516497
tfaE_stfE_predicted,0.5,1,1,TAACCCAGCTAGCTTCACTT,0,3526219
tfaE_stfE_predicted,0.5,1,1,TAACCATCTATCAACTTGTA,0,3536323
tfaE_stfE_predicted,0.5,1,1,TAACACATAATCAGCGTCTA,0,3505868
tfaE_stfE_predicted,0.5,1,1,TAACAACTTGTGGCCATCAG,0,3496192
tfaE_stfE_predicted,0.5,1,1,TAAATTAAGGAGAACTTTTA,0,3525303
tfaE_stfE_predicted,0.5,1,1,TAAAGGATGAGTCGTGGGTT,0,3477864
tfaE_stfE_predicted,0.5,1,1,TAAACTGACAGCATCGTTTG,0,3486230
tfaE_stfE_predicted,0.5,1,1,TAAACGTTCAGGCAGTCATC,0,3535992
tfaE_stfE_predicted,0.5,1,1,TAAACATCGCCTTGACATGT,0,3509181
tfaE_stfE_predicted,0.5,1,1,GTTTTGGCTCAAATGAATGA,0,3518013
tfaE_stfE_predicted,0.5,1,1,GTTTTGGCAACCATTACCGA,0,3479235
tfaE_stfE_predicted,0.5,1,1,GTTTTACGTGTAACCCACAC,0,3475242
tfaE_stfE_predicted,0.5,1,1,GTTTGTGGTATTGTTGACAG,0,3536246
tfaE_stfE_predicted,0.5,1,1,GTTTGGTCGCGTACTAAAGA,0,3494358
tfaE_stfE_predicted,0.5,1,1,GTTTGCCGAACGAACCATCT,0,3515226
tfaE_stfE_predicted,0.5,1,1,GTTTGCCACACAGTCAGACT,0,3539266
tfaE_stfE_predicted,0.5,1,1,GTTTCGTATATTGGTGGCTA,0,3539135
tfaE_stfE_predicted,0.5,1,1,GTTTCGTAGGTTCGGTGATA,0,3538608
tfaE_stfE_predicted,0.5,1,1,GTTTCGCGACGCGATACTAC,0,3491647
tfaE_stfE_predicted,0.5,1,1,GTTTCGCAAGATGTCCACGG,0,3524973
tfaE_stfE_predicted,0.5,1,1,GTTTCCTTGTACGGTGGGTA,0,3502594
tfaE_stfE_predicted,0.5,1,1,GTTTCCGCGAGTCGAGGACG,0,3517097
tfaE_stfE_predicted,0.5,1,1,GTTTCATTGGTCAGATTCTA,0,3527183
tfaE_stfE_predicted,0.5,1,1,GTTTATCCCCCAGAATGTCT,0,3502841
tfaE_stfE_predicted,0.5,1,1,GTTTAGCTCGAGCAGATGAG,0,3501577
tfaE_stfE_predicted,0.5,1,1,GTTTACCGGAAATTGATGGC,0,3530192
tfaE_stfE_predicted,0.5,1,1,GTTTACACGAATTAGCGATC,0,3498405
tfaE_stfE_predicted,0.5,1,1,GTTTACACACGGACCATCCC,0,3469358
tfaE_stfE_predicted,0.5,1,1,GTTTAATCCCCGTGCGATGG,0,3470076
tfaE_stfE_predicted,0.5,1,1,GTTTAACGGACAGTCCCTGG,0,3476993
tfaE_stfE_predicted,0.5,1,1,GTTTAACGGAAGCCTGTTTT,0,3535591
tfaE_stfE_predicted,0.5,1,1,GTTGTTCGGGTCTCTAAACA,0,3501234
tfaE_stfE_predicted,0.5,1,1,GTTGTTCCGATGGTCGTATT,0,3485457
tfaE_stfE_predicted,0.5,1,1,GTTGTTCAGATAAGCAGATT,0,3531914
tfaE_stfE_predicted,0.5,1,1,GTTGGCGCAGGCCGTTTCGA,0,3529519
tfaE_stfE_predicted,0.5,1,1,GTTGGCGATTAAACGGTGTC,0,3521492
tfaE_stfE_predicted,0.5,1,1,GTTGGATACCACGTTGGGCC,0,3528907
tfaE_stfE_predicted,0.5,1,1,GTTGGAACCTAGACAATTAT,0,3510827
tfaE_stfE_predicted,0.5,1,1,GTTGCCGGTAACGCGCAGTG,0,3501616
tfaE_stfE_predicted,0.5,1,1,GTTGCCAATGTTGTGGATAA,0,3532925
tfaE_stfE_predicted,0.5,1,1,GTTGCAGAGATGTGCTACCA,0,3516885
tfaE_stfE_predicted,0.5,1,1,GTTCTCAGACCGTCAATTCC,0,3507349
tfaE_stfE_predicted,0.5,1,1,GTTCTATATATGCGATTGCC,0,3535519
tfaE_stfE_predicted,0.5,1,1,GTTCTAGTCAAAAATGTTGG,0,3473009
tfaE_stfE_predicted,0.5,1,1,GTTCTACATGCCCTCATATA,0,3473679
tfaE_stfE_predicted,0.5,1,1,GTTCGTCAGTACATCCATGA,0,3498302
tfaE_stfE_predicted,0.5,1,1,GTTCGGCTACTCATTAATTG,0,3493236
tfaE_stfE_predicted,0.5,1,1,GTTCGCGGGGTTAGATTTCA,0,3511828
tfaE_stfE_predicted,0.5,1,1,GTTCGCAGATTCCTGAGTCA,0,3466605
tfaE_stfE_predicted,0.5,1,1,GTTCGATCTGGCCTGTGCTC,0,3471323
tfaE_stfE_predicted,0.5,1,1,GTTCCGGTGAGAACGTACGT,0,3508448
tfaE_stfE_predicted,0.5,1,1,GTTCCGAACGGTGTCTTCAC,0,3497868
tfaE_stfE_predicted,0.5,1,1,GTTCCGAAATTTGTTCTTAA,0,3512679
tfaE_stfE_predicted,0.5,1,1,GTTCCCTGAACACGCGTCAT,0,3499738
tfaE_stfE_predicted,0.5,1,1,GTTCCATGAGCGATCGTCAT,0,3516863
tfaE_stfE_predicted,0.5,1,1,GTTCACACGCTTCAGCACTA,0,3499530
tfaE_stfE_predicted,0.5,1,1,GTTCAAGCTTTCGTTATACA,0,3515808
tfaE_stfE_predicted,0.5,1,1,GTTATTAATATCTCGCATCC,0,3533410
tfaE_stfE_predicted,0.5,1,1,GTTATCGAATACATGTAGAA,0,3510352
tfaE_stfE_predicted,0.5,1,1,GTTATAGTAAGGCGGGTGCC,0,3476818
tfaE_stfE_predicted,0.5,1,1,GTTATAGCGAAGGTGAATAT,0,3518374
tfaE_stfE_predicted,0.5,1,1,GTTATAGAGCTAGATTCGCG,0,3498406
tfaE_stfE_predicted,0.5,1,1,GTTAGAGGTGGTCTTTTCTC,0,3529028
tfaE_stfE_predicted,0.5,1,1,GTTACTGTATCAGCATGGGA,0,3467093
tfaE_stfE_predicted,0.5,1,1,GTTACTGATAAAAAGCTAAC,0,3508490
tfaE_stfE_predicted,0.5,1,1,GTTACTCGAAAGCTAAATAC,0,3504422
tfaE_stfE_predicted,0.5,1,1,GTTAACTGGTACGGGGTAAG,0,3508259
tfaE_stfE_predicted,0.5,1,1,GTTAAATGACTGATACAGAC,0,3493639
tfaE_stfE_predicted,0.5,1,1,GTGTTAGCTTCTGAACCTTT,0,3534678
tfaE_stfE_predicted,0.5,1,1,GTGTGGTCGATGGTAGTTCT,0,3541172
tfaE_stfE_predicted,0.5,1,1,GTGTGCAGGCATCCAAGACA,0,3502949
tfaE_stfE_predicted,0.5,1,1,GTGTCTCGTATAGCCATGTA,0,3533938
tfaE_stfE_predicted,0.5,1,1,GTGTCGGCTATCTTTGCGAG,0,3539104
tfaE_stfE_predicted,0.5,1,1,GTGTCGGATGAGTGCATTCT,0,3526171
tfaE_stfE_predicted,0.5,1,1,GTGTCCTCCGCGTGTATAAG,0,3489878
tfaE_stfE_predicted,0.5,1,1,GTGTCCGGATTTCAGTGGGT,0,3529947
tfaE_stfE_predicted,0.5,1,1,GTGTCAGTAGGCCGGCTTTG,0,3507259
tfaE_stfE_predicted,0.5,1,1,GTGTATGGTGATCTTTGATG,0,3523722
tfaE_stfE_predicted,0.5,1,1,GTGTAAATTGTAGTCTGAGG,0,3524196
tfaE_stfE_predicted,0.5,1,1,GTGGTCTTTCGAACAAGGGA,0,3532168
tfaE_stfE_predicted,0.5,1,1,GTGGTCCAAGATCGTCAGAG,0,3503059
tfaE_stfE_predicted,0.5,1,1,GTGGTACTGTAGTAAAAGGT,0,3508961
tfaE_stfE_predicted,0.5,1,1,GTGGTAATTCAGATATTTTT,0,3527525
tfaE_stfE_predicted,0.5,1,1,GTGGGTTGCGGAATTAGATT,0,3540869
tfaE_stfE_predicted,0.5,1,1,GTGGGAGAAGAGGTAATCAT,0,3497134
tfaE_stfE_predicted,0.5,1,1,GTGGGACAGGCAGCGAGCAT,0,3524074
tfaE_stfE_predicted,0.5,1,1,GTGGCTCATTTCTCGTCCCC,0,3512789
tfaE_stfE_predicted,0.5,1,1,GTGGCGTAGAGATTTGTCAA,0,3538596
tfaE_stfE_predicted,0.5,1,1,GTGGCCTTAACGGTGTACCG,0,3477049
tfaE_stfE_predicted,0.5,1,1,GTGGCATCTTCCACAGCCTC,0,3501922
tfaE_stfE_predicted,0.5,1,1,GTGGACAACCGACTACCAAG,0,3474343
tfaE_stfE_predicted,0.5,1,1,GTGGAAACTGGATGTCATAC,0,3507724
tfaE_stfE_predicted,0.5,1,1,GTGCTGATGAGTCTGTAAGG,0,3530804
tfaE_stfE_predicted,0.5,1,1,GTGCTCCGATCAGGCTTGAT,0,3482435
tfaE_stfE_predicted,0.5,1,1,GTGCTCCCCGGCGAGGGAAC,0,3538143
tfaE_stfE_predicted,0.5,1,1,GTGCTACGAACCTCCGCCGA,0,3475012
tfaE_stfE_predicted,0.5,1,1,GTGCGCTACGACTATTATGA,0,3509886
tfaE_stfE_predicted,0.5,1,1,GTGCGCGTGACCCTCCTGTT,0,3470846
tfaE_stfE_predicted,0.5,1,1,GTGCGATCATGTGCAAGTGG,0,3510634
tfaE_stfE_predicted,0.5,1,1,GTGCGACTCAGGGTACCCCT,0,3484369
tfaE_stfE_predicted,0.5,1,1,GTGCCGGACCTCTAGTCATG,0,3506882
tfaE_stfE_predicted,0.5,1,1,GTGCATTTTCTTACATGGAT,0,3468112
tfaE_stfE_predicted,0.5,1,1,GTGCATGTCATTATGGGACC,0,3473940
tfaE_stfE_predicted,0.5,1,1,GTGCACCCAGGCTAAAATGG,0,3494473
tfaE_stfE_predicted,0.5,1,1,GTGCAACCAGATGTTGGAGT,0,3493724
tfaE_stfE_predicted,0.5,1,1,GTGCAAAGTACTCCCATTTG,0,3477390
tfaE_stfE_predicted,0.5,1,1,GTGATTGCGATTACAGATAA,0,3482694
tfaE_stfE_predicted,0.5,1,1,GTGATATCCAACCAAGGACT,0,3532327
tfaE_stfE_predicted,0.5,1,1,GTGATAGAGGATATCCTATA,0,3512318
tfaE_stfE_predicted,0.5,1,1,GTGAGCTGGACGTCTGGGCT,0,3518786
tfaE_stfE_predicted,0.5,1,1,GTGAGAGTTCAGGACACATC,0,3509814
tfaE_stfE_predicted,0.5,1,1,GTGACCGTCACGACACATCA,0,3486531
tfaE_stfE_predicted,0.5,1,1,GTGACCCAGTATTAGTGCGT,0,3527410
tfaE_stfE_predicted,0.5,1,1,GTGACAATTCTTTGGTATCT,0,3481582
tfaE_stfE_predicted,0.5,1,1,GTCTTTCCGGGACTGCCAGA,0,3488338
tfaE_stfE_predicted,0.5,1,1,GTCTTCGGAGAACGAGCCGG,0,3489093
tfaE_stfE_predicted,0.5,1,1,GTCTTCATCGGAGCTCCAGG,0,3525670
tfaE_stfE_predicted,0.5,1,1,GTCTTATAGTCCTACCGTAC,0,3510490
tfaE_stfE_predicted,0.5,1,1,GTCTTAGTAGCGGGGATGGC,0,3504947
tfaE_stfE_predicted,0.5,1,1,GTCTGTTGCGGTCACGGACT,0,3485621
tfaE_stfE_predicted,0.5,1,1,GTCTGCAACATTACGCTTTA,0,3519371
tfaE_stfE_predicted,0.5,1,1,GTCTGAGATGTTACAATATC,0,3501891
tfaE_stfE_predicted,0.5,1,1,GTCTCCTCGCAAGATACGGA,0,3521945
tfaE_stfE_predicted,0.5,1,1,GTCTCCCACGAAGCAAAGTG,0,3489969
tfaE_stfE_predicted,0.5,1,1,GTCTCATAGTCTAAAAACGC,0,3531654
tfaE_stfE_predicted,0.5,1,1,GTCTATTACAAGAGGGAGTT,0,3517810
tfaE_stfE_predicted,0.5,1,1,GTCTATAGTCCTGTTGCATC,0,3533142
tfaE_stfE_predicted,0.5,1,1,GTCTATACGAAGTGAGGTGG,0,3496852
tfaE_stfE_predicted,0.5,1,1,GTCGTTAGCTACGATTCCTA,0,3470745
tfaE_stfE_predicted,0.5,1,1,GTCGTGAGGTCCGGCTTGCG,0,3472510
tfaE_stfE_predicted,0.5,1,1,GTCGTATAGCTCCTGGTGCG,0,3509995
tfaE_stfE_predicted,0.5,1,1,GTCGGTCAGCAGTCGAAATT,0,3522734
tfaE_stfE_predicted,0.5,1,1,GTCGCTGGGTATACAGACAG,0,3538289
tfaE_stfE_predicted,0.5,1,1,GTCGCCGTATGGAGATCCAG,0,3506832
tfaE_stfE_predicted,0.5,1,1,GTCCTGGAACCCCCATATTT,0,3515591
tfaE_stfE_predicted,0.5,1,1,GTCCTGACACTTGCTCACAG,0,3507914
tfaE_stfE_predicted,0.5,1,1,GTCCTAGGTTTCGAAATAAC,0,3466642
tfaE_stfE_predicted,0.5,1,1,GTCCTAGGATTATTCTGGTC,0,3480295
tfaE_stfE_predicted,0.5,1,1,GTCCGGAAGGGTTCGACTTT,0,3468846
tfaE_stfE_predicted,0.5,1,1,GTCCGCCCCAAAGACCTTTG,0,3477290
tfaE_stfE_predicted,0.5,1,1,GTCCCTTTCAGACAGTCAAG,0,3469700
tfaE_stfE_predicted,0.5,1,1,GTCCCGACCAGATTCACAGG,0,3479463
tfaE_stfE_predicted,0.5,1,1,GTCCCCGTAAAGGACCAAGT,0,3531263
tfaE_stfE_predicted,0.5,1,1,GTCCATGGCCATTCTTTGCA,0,3516256
tfaE_stfE_predicted,0.5,1,1,GTCCACGAGTAGTGGGACAT,0,3523803
tfaE_stfE_predicted,0.5,1,1,GTCCAACGCAGGGGCTTTCG,0,3538198
tfaE_stfE_predicted,0.5,1,1,GTCATCGCCGTAACTAGCCA,0,3540833
tfaE_stfE_predicted,0.5,1,1,GTCATCCGGAGGGGCCAGCG,0,3520054
tfaE_stfE_predicted,0.5,1,1,GTCACATGGTGGAAAAAGGT,0,3523974
tfaE_stfE_predicted,0.5,1,1,GTCAACCGAGCTTCGCCAAT,0,3533434
tfaE_stfE_predicted,0.5,1,1,GTATTCTCAGAATCCTGAGC,0,3539924
tfaE_stfE_predicted,0.5,1,1,GTATTACCCTTGAGTGGAAT,0,3525717
tfaE_stfE_predicted,0.5,1,1,GTATGGCTTTGTAATCATAT,0,3468076
tfaE_stfE_predicted,0.5,1,1,GTATGGAGGATTCTACGGGA,0,3484430
tfaE_stfE_predicted,0.5,1,1,GTATGAACACCACACCCGAA,0,3535324
tfaE_stfE_predicted,0.5,1,1,GTATCTTTAAGTGCTAGGAC,0,3482085
tfaE_stfE_predicted,0.5,1,1,GTATAGTTTGACTGGCCATC,0,3486091
tfaE_stfE_predicted,0.5,1,1,GTATAGCGCGCCGCTAGTGC,0,3520434
tfaE_stfE_predicted,0.5,1,1,GTAGTGACTTCAATCCGACG,0,3512105
tfaE_stfE_predicted,0.5,1,1,GTAGTGACCTGCGCCGACGG,0,3525770
tfaE_stfE_predicted,0.5,1,1,GTAGTCACGCCGTGCGTGAG,0,3529514
tfaE_stfE_predicted,0.5,1,1,GTAGTATAGTCTCCTCCCAC,0,3499460
tfaE_stfE_predicted,0.5,1,1,GTAGGTCTTTCGGCACTGCC,0,3468105
tfaE_stfE_predicted,0.5,1,1,GTAGGTCAGACAGGACTTTT,0,3490402
tfaE_stfE_predicted,0.5,1,1,GTAGCTTTACGATAGCTTTG,0,3471956
tfaE_stfE_predicted,0.5,1,1,GTAGATTTCATGAGAACATT,0,3539048
tfaE_stfE_predicted,0.5,1,1,GTAGATCCTAAACGACAGCG,0,3504573
tfaE_stfE_predicted,0.5,1,1,GTAGAGGCGCCGTTTGCAAA,0,3500155
tfaE_stfE_predicted,0.5,1,1,GTACTTAGTAGCTGGATCGT,0,3536756
tfaE_stfE_predicted,0.5,1,1,GTACTCGGTATTACACAGGG,0,3491642
tfaE_stfE_predicted,0.5,1,1,GTACTAACCCCAATGTCCCT,0,3531628
tfaE_stfE_predicted,0.5,1,1,GTACGTGGTAAAACTGAGAG,0,3495855
tfaE_stfE_predicted,0.5,1,1,GTACGCTACCTGGGTCCTTA,0,3472707
tfaE_stfE_predicted,0.5,1,1,GTACGCGACATGGATCGGTA,0,3477955
tfaE_stfE_predicted,0.5,1,1,GTACATGCCTTTAGTTTGGT,0,3521501
tfaE_stfE_predicted,0.5,1,1,GTACAGGGTCGCTCAACGTA,0,3481211
tfaE_stfE_predicted,0.5,1,1,GTAATTTAGCCTCCCGGCCT,0,3496562
tfaE_stfE_predicted,0.5,1,1,GTAAGGGGTGATGTGGAGCC,0,3480535
tfaE_stfE_predicted,0.5,1,1,GTAACTCTCTGTTGCAAACA,0,3527238
tfaE_stfE_predicted,0.5,1,1,GTAACGTTATCGATCAGAGT,0,3503431
tfaE_stfE_predicted,0.5,1,1,GTAACGGCTCGAACACTCGA,0,3473281
tfaE_stfE_predicted,0.5,1,1,GTAACGATTTATCTGAGGTT,0,3524653
tfaE_stfE_predicted,0.5,1,1,GTAAATAAGCTCTCACGCAG,0,3489534
tfaE_stfE_predicted,0.5,1,1,GTAAAGCTAATATGAGTTTA,0,3528424
tfaE_stfE_predicted,0.5,1,1,GTAAAGATTCCCTCCCGCTT,0,3498875
tfaE_stfE_predicted,0.5,1,1,GTAAAGACTGTTACGTACAG,0,3521762
tfaE_stfE_predicted,0.5,1,1,GTAAAATGTCGTTGAAAGAC,0,3532791
tfaE_stfE_predicted,0.5,1,1,GGTTTGATAGCGACCAGCTC,0,3514436
tfaE_stfE_predicted,0.5,1,1,GGTTTCGACCATGCCGGCGT,0,3478915
tfaE_stfE_predicted,0.5,1,1,GGTTTAAGCTGAAATTTGGT,0,3496004
tfaE_stfE_predicted,0.5,1,1,GGTTTAACCCGGTTAGTTGT,0,3473880
tfaE_stfE_predicted,0.5,1,1,GGTTGGGATAGACAACTAGC,0,3521342
tfaE_stfE_predicted,0.5,1,1,GGTTGGCATTATACTATCCG,0,3477826
tfaE_stfE_predicted,0.5,1,1,GGTTGGACGTTCCCCGGGAT,0,3532137
tfaE_stfE_predicted,0.5,1,1,GGTTGACTAACTGTTTTTAA,0,3475756
tfaE_stfE_predicted,0.5,1,1,GGTTGACGGTGGCGCTGGCT,0,3468872
tfaE_stfE_predicted,0.5,1,1,GGTTCTATTCCCGCTACTGG,0,3534964
tfaE_stfE_predicted,0.5,1,1,GGTTATGTCTATTAGGGCTT,0,3524298
tfaE_stfE_predicted,0.5,1,1,GGTTAGCCTTTCCGGGCTTT,0,3497159
tfaE_stfE_predicted,0.5,1,1,GGTTACACGGCCAGTTAGGA,0,3532283
tfaE_stfE_predicted,0.5,1,1,GGTTAATTGAACTCAAAAGG,0,3487959
tfaE_stfE_predicted,0.5,1,1,GGTGTTAGTAGGCGATAGGG,0,3471129
tfaE_stfE_predicted,0.5,1,1,GGTGTGCCATCCGTGGCCTC,0,3502382
tfaE_stfE_predicted,0.5,1,1,GGTGTATGGCGGTTTCAGTA,0,3492285
tfaE_stfE_predicted,0.5,1,1,GGTGTAGACATTTGAACTCA,0,3524607
tfaE_stfE_predicted,0.5,1,1,GGTGGGATGGATTCCTTAGA,0,3534027
tfaE_stfE_predicted,0.5,1,1,GGTGGCTTGTTTGCCCGGGA,0,3531576
tfaE_stfE_predicted,0.5,1,1,GGTGGCGGTTATGCTCGACT,0,3494321
tfaE_stfE_predicted,0.5,1,1,GGTGGAATGTTCACATGTCA,0,3468982
tfaE_stfE_predicted,0.5,1,1,GGTGCTCACTATCAACCCGC,0,3487890
tfaE_stfE_predicted,0.5,1,1,GGTGATCCAGCCGAGCTCGA,0,3469555
tfaE_stfE_predicted,0.5,1,1,GGTGACGCACACTAGCTCCG,0,3478663
tfaE_stfE_predicted,0.5,1,1,GGTGAAATTCTCATCTTACA,0,3497690
tfaE_stfE_predicted,0.5,1,1,GGTCTTAATCTGAGTAAATT,0,3483731
tfaE_stfE_predicted,0.5,1,1,GGTCTAGGATGTGCGAAGCC,0,3506739
tfaE_stfE_predicted,0.5,1,1,GGTCTAGCCTGATTCGCTGT,0,3515841
tfaE_stfE_predicted,0.5,1,1,GGTCGGGCACGTTCCGGGGT,0,3495172
tfaE_stfE_predicted,0.5,1,1,GGTCGAGGAGCGTGGTCAGG,0,3490808
tfaE_stfE_predicted,0.5,1,1,GGTCCTCGTCACTCCCGAGT,0,3483426
tfaE_stfE_predicted,0.5,1,1,GGTCCTCAGGACCTCCGCTG,0,3494652
tfaE_stfE_predicted,0.5,1,1,GGTCCTCACGTCACCGGCCG,0,3467085
tfaE_stfE_predicted,0.5,1,1,GGTCCACTTTCGCGAGTAAA,0,3496440
tfaE_stfE_predicted,0.5,1,1,GGTCCACTCTTTGACCTATT,0,3531950
tfaE_stfE_predicted,0.5,1,1,GGTCCACACTCTAGGTATAG,0,3485660
tfaE_stfE_predicted,0.5,1,1,GGTCATTGAGAATGTTAGGA,0,3536004
tfaE_stfE_predicted,0.5,1,1,GGTCATGCGACGGGGTGGCT,0,3529335
tfaE_stfE_predicted,0.5,1,1,GGTCATAGTTCCGAGCCGCC,0,3484120
tfaE_stfE_predicted,0.5,1,1,GGTCATAGTCCGTTCATCTT,0,3501306
tfaE_stfE_predicted,0.5,1,1,GGTATTTTACCGCGTATCGA,0,3530818
tfaE_stfE_predicted,0.5,1,1,GGTATGAGGACCACCTCCGG,0,3493705
tfaE_stfE_predicted,0.5,1,1,GGTATCAAATCATATTCCAT,0,3484936
tfaE_stfE_predicted,0.5,1,1,GGTATATCTGATATGTAAGG,0,3539261
tfaE_stfE_predicted,0.5,1,1,GGTAGGTTAATTACTTGGTG,0,3539216
tfaE_stfE_predicted,0.5,1,1,GGTAGGGAAAAGCGATGGCG,0,3473556
tfaE_stfE_predicted,0.5,1,1,GGTAGCGCACTGCCCGACTT,0,3527244
tfaE_stfE_predicted,0.5,1,1,GGTACCGTAGGATATCATCT,0,3498350
tfaE_stfE_predicted,0.5,1,1,GGTACCGCGTCGTGGTAATG,0,3497984
tfaE_stfE_predicted,0.5,1,1,GGTAAGTTCACCGTCCTCGT,0,3469249
tfaE_stfE_predicted,0.5,1,1,GGTAAGCTCCAGGCAGATGC,0,3505428
tfaE_stfE_predicted,0.5,1,1,GGGTTTTTATTCAAAGGAGG,0,3497809
tfaE_stfE_predicted,0.5,1,1,GGGTTGCGGGGTGACATGGT,0,3468740
tfaE_stfE_predicted,0.5,1,1,GGGTTCATCAAGACGCTCTG,0,3482940
tfaE_stfE_predicted,0.5,1,1,GGGTTATCCTCTTGGAGGAT,0,3514932
tfaE_stfE_predicted,0.5,1,1,GGGTTATCCGCCGCTCATTT,0,3467311
tfaE_stfE_predicted,0.5,1,1,GGGTGTACACTTGGCCTTGC,0,3503861
tfaE_stfE_predicted,0.5,1,1,GGGTGGTTTAACTGCTATAG,0,3485603
tfaE_stfE_predicted,0.5,1,1,GGGTGGCTCTGTGAAACCCG,0,3499705
tfaE_stfE_predicted,0.5,1,1,GGGTGAGAGGGTCCGCGCCA,0,3533067
tfaE_stfE_predicted,0.5,1,1,GGGTCGCTTACGTCAGCATG,0,3490838
tfaE_stfE_predicted,0.5,1,1,GGGTCACGTTATTACTTTAA,0,3539669
tfaE_stfE_predicted,0.5,1,1,GGGTATCTGTGCTTCGTCAA,0,3508876
tfaE_stfE_predicted,0.5,1,1,GGGTACGGGAAGGTTCGTCC,0,3509122
tfaE_stfE_predicted,0.5,1,1,GGGTACGCCGTATGGGATTT,0,3533165
tfaE_stfE_predicted,0.5,1,1,GGGTAATTCAACGGACCACA,0,3481460
tfaE_stfE_predicted,0.5,1,1,GGGTAACAGCTTTTGGCGTG,0,3500873
tfaE_stfE_predicted,0.5,1,1,GGGGTTGTCGATGTTAAATA,0,3494530
tfaE_stfE_predicted,0.5,1,1,GGGGTCTATACGTATAAGCT,0,3538044
tfaE_stfE_predicted,0.5,1,1,GGGGTCCTTGCAAGGGCCGA,0,3472592
tfaE_stfE_predicted,0.5,1,1,GGGGGTTCAGAGACGCACTA,0,3527977
tfaE_stfE_predicted,0.5,1,1,GGGGGTCTGGATAGCCGGAC,0,3507378
tfaE_stfE_predicted,0.5,1,1,GGGGGATTTCGGGATCAGCC,0,3502270
tfaE_stfE_predicted,0.5,1,1,GGGGCTCCGCTCTCATATAC,0,3535914
tfaE_stfE_predicted,0.5,1,1,GGGGCAACCGAAGTGCGCAT,0,3486861
tfaE_stfE_predicted,0.5,1,1,GGGGATAGGTCACCTACAAG,0,3479088
tfaE_stfE_predicted,0.5,1,1,GGGGACCCCGCCGTTTTTTT,0,3509804
tfaE_stfE_predicted,0.5,1,1,GGGCTTTGGCACTGGACGCA,0,3521158
tfaE_stfE_predicted,0.5,1,1,GGGCTGTGCAGCGTACCAAC,0,3498259
tfaE_stfE_predicted,0.5,1,1,GGGCTGTCAGTGGCCATGCT,0,3490687
tfaE_stfE_predicted,0.5,1,1,GGGCTGGCGCTCAACTTACG,0,3536504
tfaE_stfE_predicted,0.5,1,1,GGGCTATCGAACACACGAGG,0,3519038
tfaE_stfE_predicted,0.5,1,1,GGGCGTATTCATGTCTCCAG,0,3497467
tfaE_stfE_predicted,0.5,1,1,GGGCGTAGTTTATATCAACA,0,3503249
tfaE_stfE_predicted,0.5,1,1,GGGCGCCGGAGAGTAGTCGT,0,3476379
tfaE_stfE_predicted,0.5,1,1,GGGCCGGGATTTCTGCTCAC,0,3499911
tfaE_stfE_predicted,0.5,1,1,GGGCATTTCGCGTCAGACGG,0,3513796
tfaE_stfE_predicted,0.5,1,1,GGGCATTATCACGGAGTCAA,0,3473611
tfaE_stfE_predicted,0.5,1,1,GGGCAGGCGCAATGTGGCAG,0,3495294
tfaE_stfE_predicted,0.5,1,1,GGGCAGCTCTACTGGATTAG,0,3504758
tfaE_stfE_predicted,0.5,1,1,GGGCAGATCAGCTTAACACT,0,3471889
tfaE_stfE_predicted,0.5,1,1,GGGCAATTCACGTGTTCGCG,0,3526498
tfaE_stfE_predicted,0.5,1,1,GGGCAACGTTTTTAATTGCA,0,3525247
tfaE_stfE_predicted,0.5,1,1,GGGATGCTCGCAAGCGGAGT,0,3506360
tfaE_stfE_predicted,0.5,1,1,GGGATCCAAACGGCCCTTCT,0,3525289
tfaE_stfE_predicted,0.5,1,1,GGGATAGTTTAAGCATCTCG,0,3474474
tfaE_stfE_predicted,0.5,1,1,GGGAGTGTCATGAACTTTAT,0,3489256
tfaE_stfE_predicted,0.5,1,1,GGGAGGTCTTATGTGAATGG,0,3484909
tfaE_stfE_predicted,0.5,1,1,GGGACCGACATAGCTAGCAT,0,3476957
tfaE_stfE_predicted,0.5,1,1,GGGAATGGCGGCGTAGGGTG,0,3504929
tfaE_stfE_predicted,0.5,1,1,GGGAAGGCTATAAAGGTCGT,0,3494077
tfaE_stfE_predicted,0.5,1,1,GGCTTTTATACGGTATGCTG,0,3540520
tfaE_stfE_predicted,0.5,1,1,GGCTTTGTCAAGGTTTGTAC,0,3540778
tfaE_stfE_predicted,0.5,1,1,GGCTTTAAGTGCGCTGTTAT,0,3485116
tfaE_stfE_predicted,0.5,1,1,GGCTTCCCCTGTGCTATGGT,0,3471731
tfaE_stfE_predicted,0.5,1,1,GGCTTCCACGGGTTAGTGTT,0,3468397
tfaE_stfE_predicted,0.5,1,1,GGCTTAGCGAGCTACCTCAC,0,3532216
tfaE_stfE_predicted,0.5,1,1,GGCTGTCCGAATGGCGGAGA,0,3493542
tfaE_stfE_predicted,0.5,1,1,GGCTGGGAGAGGGGCACCAT,0,3466514
tfaE_stfE_predicted,0.5,1,1,GGCTGCCTTTACGCGGTGTC,0,3493738
tfaE_stfE_predicted,0.5,1,1,GGCTGATTAGCGGTCACGTG,0,3480271
tfaE_stfE_predicted,0.5,1,1,GGCTGAGATAGATGCGTAAT,0,3492991
tfaE_stfE_predicted,0.5,1,1,GGCTCTGGTTCGTAACGAGT,0,3510622
tfaE_stfE_predicted,0.5,1,1,GGCTCGTGAATACATCGTCG,0,3534454
tfaE_stfE_predicted,0.5,1,1,GGCTCGGCTTATACTACGTG,0,3480267
tfaE_stfE_predicted,0.5,1,1,GGCTCGCCCACTTTAACTGG,0,3523967
tfaE_stfE_predicted,0.5,1,1,GGCTCCGCCAAGGATGACGT,0,3477464
tfaE_stfE_predicted,0.5,1,1,GGCTCAAATTACACATAGGT,0,3473571
tfaE_stfE_predicted,0.5,1,1,GGCTATCTACGCAATTCTAA,0,3526783
tfaE_stfE_predicted,0.5,1,1,GGCTAATCATTCACTGTGGT,0,3528278
tfaE_stfE_predicted,0.5,1,1,GGCGGTCTCAAGCGTTGCCC,0,3529187
tfaE_stfE_predicted,0.5,1,1,GGCGGGCCACGTAGTAAGTC,0,3512190
tfaE_stfE_predicted,0.5,1,1,GGCGGCTTTAGTTCTCTATC,0,3534902
tfaE_stfE_predicted,0.5,1,1,GGCGGATATCAAGACTCGTC,0,3536786
tfaE_stfE_predicted,0.5,1,1,GGCGGAGTCAGCCTTGAAAC,0,3466711
tfaE_stfE_predicted,0.5,1,1,GGCGCTGCGGATTTGTCGCC,0,3490535
tfaE_stfE_predicted,0.5,1,1,GGCGCCTAAAGAACCGGAGT,0,3508406
tfaE_stfE_predicted,0.5,1,1,GGCGCCCAAATTATATATTC,0,3523035
tfaE_stfE_predicted,0.5,1,1,GGCGCAGTTCAGAGGTACAG,0,3517285
tfaE_stfE_predicted,0.5,1,1,GGCGATCCTCTCCAACTGGA,0,3521135
tfaE_stfE_predicted,0.5,1,1,GGCGAGGCATATAATTTAGG,0,3504319
tfaE_stfE_predicted,0.5,1,1,GGCGAGATGGTGTGCCGCCT,0,3488039
tfaE_stfE_predicted,0.5,1,1,GGCGAATGCTCGCGCTCCGC,0,3515101
tfaE_stfE_predicted,0.5,1,1,GGCCTGAACTCCATAATGCT,0,3478490
tfaE_stfE_predicted,0.5,1,1,GGCCTAGGGTTCATTTACCG,0,3492221
tfaE_stfE_predicted,0.5,1,1,GGCCGGTGACAGTGTACGGT,0,3472731
tfaE_stfE_predicted,0.5,1,1,GGCCCGTCAGTCAGCCCCCC,0,3525508
tfaE_stfE_predicted,0.5,1,1,GGCCCCTTGCGACTGTGACA,0,3523267
tfaE_stfE_predicted,0.5,1,1,GGCCCCAGTTCAGTCGCATA,0,3518383
tfaE_stfE_predicted,0.5,1,1,GGCCATCAGTCGGGATTCGC,0,3519546
tfaE_stfE_predicted,0.5,1,1,GGCCACTTGTCAACAGCTAA,0,3536657
tfaE_stfE_predicted,0.5,1,1,GGCCACAAGGGTGCCCCCCA,0,3475196
tfaE_stfE_predicted,0.5,1,1,GGCATGCAACGACGCGCGGC,0,3539041
tfaE_stfE_predicted,0.5,1,1,GGCATGATTAGATAGGAGAG,0,3481199
tfaE_stfE_predicted,0.5,1,1,GGCATCTCCCGAATCTCTCC,0,3533557
tfaE_stfE_predicted,0.5,1,1,GGCATCGTTGAGTCGTTCCA,0,3476372
tfaE_stfE_predicted,0.5,1,1,GGCATCAGCCCGATTATAAG,0,3493164
tfaE_stfE_predicted,0.5,1,1,GGCATACAGCTGGACTTTTG,0,3518587
tfaE_stfE_predicted,0.5,1,1,GGCAGTGGTGCCTATTAGTC,0,3508416
tfaE_stfE_predicted,0.5,1,1,GGCAGATCAACGGAGAGCTC,0,3523374
tfaE_stfE_predicted,0.5,1,1,GGCAGACTTGCGGAAACGAC,0,3540932
tfaE_stfE_predicted,0.5,1,1,GGCACCTAGGAGACGCGCTC,0,3468533
tfaE_stfE_predicted,0.5,1,1,GGCACCTACAAAAGAAGGAC,0,3504186
tfaE_stfE_predicted,0.5,1,1,GGCACCATCAGCTTTGCACT,0,3504057
tfaE_stfE_predicted,0.5,1,1,GGCACATAGACCAATCTGCC,0,3501184
tfaE_stfE_predicted,0.5,1,1,GGCACAGGTGTTAGGCCAAT,0,3525690
tfaE_stfE_predicted,0.5,1,1,GGCAACACACTATTTCCAAT,0,3490883
tfaE_stfE_predicted,0.5,1,1,GGATTTTCGCCGCATACCAC,0,3517354
tfaE_stfE_predicted,0.5,1,1,GGATTTCCGACCAACCTCCG,0,3501168
tfaE_stfE_predicted,0.5,1,1,GGATTATTTACATTCGCGCT,0,3470273
tfaE_stfE_predicted,0.5,1,1,GGATTAGAACATTGTCATGT,0,3490433
tfaE_stfE_predicted,0.5,1,1,GGATGTTCAGCCACACCGTT,0,3510279
tfaE_stfE_predicted,0.5,1,1,GGATGCTTGATGGTGTGGTG,0,3479550
tfaE_stfE_predicted,0.5,1,1,GGATGATAGGCTAGGCTGAT,0,3493917
tfaE_stfE_predicted,0.5,1,1,GGATGAGTATGGGCTCGCCT,0,3486347
tfaE_stfE_predicted,0.5,1,1,GGATCGCATAAATAGCTCTT,0,3489966
tfaE_stfE_predicted,0.5,1,1,GGATCCCCTCGACATCTGAC,0,3519958
tfaE_stfE_predicted,0.5,1,1,GGATATCAACCTCTAGTTAA,0,3470198
tfaE_stfE_predicted,0.5,1,1,GGATAATTGTGACGGCTCTA,0,3505486
tfaE_stfE_predicted,0.5,1,1,GGATAATAGCTTTAAATATT,0,3523358
tfaE_stfE_predicted,0.5,1,1,GGATAAACCTGTACGCTCTT,0,3525106
tfaE_stfE_predicted,0.5,1,1,GGAGTCACGACGAGGCGGCC,0,3540240
tfaE_stfE_predicted,0.5,1,1,GGAGGGGATTAGCCTTAGAG,0,3526813
tfaE_stfE_predicted,0.5,1,1,GGAGGGGAGTGTGGGTGCCA,0,3519699
tfaE_stfE_predicted,0.5,1,1,GGAGGAAACTCGTCATGGGT,0,3482236
tfaE_stfE_predicted,0.5,1,1,GGAGCCCTGACTCTGGTAAG,0,3483866
tfaE_stfE_predicted,0.5,1,1,GGAGATTAGCCCGCTGGGCG,0,3528559
tfaE_stfE_predicted,0.5,1,1,GGAGAGGCATAACGCGCTCA,0,3501869
tfaE_stfE_predicted,0.5,1,1,GGAGACGGATAAAATCAAAC,0,3480181
tfaE_stfE_predicted,0.5,1,1,GGAGACATCCCGTTTACGGC,0,3478907
tfaE_stfE_predicted,0.5,1,1,GGACTTGAAACACTACATAA,0,3501110
tfaE_stfE_predicted,0.5,1,1,GGACTGAAGCCAATATCGAA,0,3468263
tfaE_stfE_predicted,0.5,1,1,GGACGGGGGGCAAGCTATCT,0,3540873
tfaE_stfE_predicted,0.5,1,1,GGACGCCTAGGTCTCGTCGG,0,3516049
tfaE_stfE_predicted,0.5,1,1,GGACGCCATTCAGGGAGATA,0,3527510
tfaE_stfE_predicted,0.5,1,1,GGACCATGTATGGTTGCAAG,0,3492383
tfaE_stfE_predicted,0.5,1,1,GGACATCTATGCCTGCGCTT,0,3525341
tfaE_stfE_predicted,0.5,1,1,GGACACATGAGATACGAAGT,0,3505814
tfaE_stfE_predicted,0.5,1,1,GGACAAGAATCTGGTACGGG,0,3468537
tfaE_stfE_predicted,0.5,1,1,GGAAGTAGCAGTCAACGGTC,0,3500456
tfaE_stfE_predicted,0.5,1,1,GGAAGATCTTCATAAATGTA,0,3526796
tfaE_stfE_predicted,0.5,1,1,GGAAGAGTCCTCAAGTACCA,0,3479527
tfaE_stfE_predicted,0.5,1,1,GGAACGTTCCAGTTGCCAAG,0,3474409
tfaE_stfE_predicted,0.5,1,1,GGAACGCGGTCATAGGTATC,0,3490485
tfaE_stfE_predicted,0.5,1,1,GGAACGAGAATAGTGCAGCG,0,3503736
tfaE_stfE_predicted,0.5,1,1,GGAACGACTCCCCGTCAAGG,0,3469022
tfaE_stfE_predicted,0.5,1,1,GGAACCTCGAATCTTGAGCT,0,3471726
tfaE_stfE_predicted,0.5,1,1,GGAAATCTGCCGCTGGAACA,0,3492862
tfaE_stfE_predicted,0.5,1,1,GGAAAATGCGGGGGGCCGTC,0,3479954
tfaE_stfE_predicted,0.5,1,1,GGAAAAGCGATTGAGTTAGA,0,3508295
tfaE_stfE_predicted,0.5,1,1,GCTTTTACATGAAGTACGAG,0,3508052
tfaE_stfE_predicted,0.5,1,1,GCTTGTCTATGATCCGCAGT,0,3517474
tfaE_stfE_predicted,0.5,1,1,GCTTGGGTTAGCAAACTACG,0,3538141
tfaE_stfE_predicted,0.5,1,1,GCTTGATACCTCCCTCCTCT,0,3518846
tfaE_stfE_predicted,0.5,1,1,GCTTCGAAATACGCTCCCCA,0,3485238
tfaE_stfE_predicted,0.5,1,1,GCTTAGGGCGCCGGAAGTAA,0,3496819
tfaE_stfE_predicted,0.5,1,1,GCTTACTAGAACGTTCCGGC,0,3491067
tfaE_stfE_predicted,0.5,1,1,GCTTACGGACGCGTCAGCTT,0,3495274
tfaE_stfE_predicted,0.5,1,1,GCTGTTCCGTCGCTTAGTCC,0,3513560
tfaE_stfE_predicted,0.5,1,1,GCTGTCACGCAAGTCGATGG,0,3475511
tfaE_stfE_predicted,0.5,1,1,GCTGGGTTTCTATCGACGCG,0,3504770
tfaE_stfE_predicted,0.5,1,1,GCTGGCATGATAGATCGGAT,0,3537360
tfaE_stfE_predicted,0.5,1,1,GCTGGCATAACGGGATTTCG,0,3478837
tfaE_stfE_predicted,0.5,1,1,GCTGGAGCGTAGTAAGTTGC,0,3489630
tfaE_stfE_predicted,0.5,1,1,GCTGCGTGCGTACACTAACT,0,3466503
tfaE_stfE_predicted,0.5,1,1,GCTGATGTGCGGGCAGGAAT,0,3488415
tfaE_stfE_predicted,0.5,1,1,GCTCTCTTGCGGAAGAAGGA,0,3477137
tfaE_stfE_predicted,0.5,1,1,GCTCCTACTCAGTATGGTAC,0,3515938
tfaE_stfE_predicted,0.5,1,1,GCTCCGGCAGTCTCTCGATT,0,3507729
tfaE_stfE_predicted,0.5,1,1,GCTCCCTTCCTACGTTACGC,0,3471360
tfaE_stfE_predicted,0.5,1,1,GCTCCCGTTATCCTGCACTC,0,3491269
tfaE_stfE_predicted,0.5,1,1,GCTCCCCGCTCACGGTGTGC,0,3498515
tfaE_stfE_predicted,0.5,1,1,GCTCCATGACCGGACCAGAC,0,3526176
tfaE_stfE_predicted,0.5,1,1,GCTCCAGAAATTGCGAGAAA,0,3501214
tfaE_stfE_predicted,0.5,1,1,GCTCACAAGCGCAAGCTGGT,0,3500484
tfaE_stfE_predicted,0.5,1,1,GCTCAAGACCGTAGCCAAGC,0,3470822
tfaE_stfE_predicted,0.5,1,1,GCTAGCCTCGTGCTATATCT,0,3532429
tfaE_stfE_predicted,0.5,1,1,GCTAGCAAGCTCACTAGGCG,0,3487311
tfaE_stfE_predicted,0.5,1,1,GCTACTGCGTATCCTCGTTG,0,3493979
tfaE_stfE_predicted,0.5,1,1,GCTACTCCAGTTCGGAACTT,0,3517535
tfaE_stfE_predicted,0.5,1,1,GCTACAATCCGATGTAGAGG,0,3502013
tfaE_stfE_predicted,0.5,1,1,GCTAACTATATCCTCCGCTT,0,3537645
tfaE_stfE_predicted,0.5,1,1,GCTAAAACCAAAGACCCGTT,0,3470735
tfaE_stfE_predicted,0.5,1,1,GCGTTTTGGAAGCATACAGG,0,3474344
tfaE_stfE_predicted,0.5,1,1,GCGTTGACAAAATGGAGTTC,0,3496932
tfaE_stfE_predicted,0.5,1,1,GCGTTAGGCGAGTCAACGCG,0,3520547
tfaE_stfE_predicted,0.5,1,1,GCGTTACTGGGTAACGGTAT,0,3519531
tfaE_stfE_predicted,0.5,1,1,GCGTGCTATGGAACCAGAGA,0,3500772
tfaE_stfE_predicted,0.5,1,1,GCGTCGATGAATGAATAACA,0,3475293
tfaE_stfE_predicted,0.5,1,1,GCGTCCACGTAGTTGCTCCG,0,3490915
tfaE_stfE_predicted,0.5,1,1,GCGTCCACACGTCCGAGGGG,0,3528656
tfaE_stfE_predicted,0.5,1,1,GCGTCAACTAATGTAAGACC,0,3538660
tfaE_stfE_predicted,0.5,1,1,GCGGTATTGGTAAATGGTAT,0,3476075
tfaE_stfE_predicted,0.5,1,1,GCGGGTTCCTCTCTATGGGT,0,3494417
tfaE_stfE_predicted,0.5,1,1,GCGGGCGGTGCCCCCACGTT,0,3476842
tfaE_stfE_predicted,0.5,1,1,GCGGGAACATTTTAGAATGG,0,3495935
tfaE_stfE_predicted,0.5,1,1,GCGGCTCCATCACGCACGCG,0,3517150
tfaE_stfE_predicted,0.5,1,1,GCGGCTCATCTAGCTTGAAA,0,3525984
tfaE_stfE_predicted,0.5,1,1,GCGGCCCGTTCTTTATCATG,0,3537424
tfaE_stfE_predicted,0.5,1,1,GCGGCCAAAACTGCCTCGCT,0,3528299
tfaE_stfE_predicted,0.5,1,1,GCGGATTTCTTCATGGTAGA,0,3526550
tfaE_stfE_predicted,0.5,1,1,GCGGAGGGGCTATGCCAAGG,0,3500056
tfaE_stfE_predicted,0.5,1,1,GCGGAGCAGCTATATGTGGT,0,3481519
tfaE_stfE_predicted,0.5,1,1,GCGCTCGTGGACAACTCCCC,0,3527500
tfaE_stfE_predicted,0.5,1,1,GCGCTCGGAGTCATTGGCAC,0,3482658
tfaE_stfE_predicted,0.5,1,1,GCGCTATAGCCCTACTGGAA,0,3535687
tfaE_stfE_predicted,0.5,1,1,GCGCGTCCGTATTGCTCCTT,0,3517616
tfaE_stfE_predicted,0.5,1,1,GCGCGGTGAAGACGATGTGG,0,3500268
tfaE_stfE_predicted,0.5,1,1,GCGCGGGTCTCATCCAAAAA,0,3511586
tfaE_stfE_predicted,0.5,1,1,GCGCGCTAACTCAGATTCTA,0,3532480
tfaE_stfE_predicted,0.5,1,1,GCGCCTTGATATGCGACGTG,0,3527771
tfaE_stfE_predicted,0.5,1,1,GCGCCTCGCTTATGAGGCGC,0,3487037
tfaE_stfE_predicted,0.5,1,1,GCGCCGTCGGTTCAAATCAG,0,3496098
tfaE_stfE_predicted,0.5,1,1,GCGCATAGGCTCAACTCGAA,0,3467327
tfaE_stfE_predicted,0.5,1,1,GCGCAAGCAGGTTACTTCTT,0,3484236
tfaE_stfE_predicted,0.5,1,1,GCGATCTCAGCTCCGAGGTG,0,3485733
tfaE_stfE_predicted,0.5,1,1,GCGATCGCAGGGCGCCGACT,0,3538095
tfaE_stfE_predicted,0.5,1,1,GCGATCCTGCTAGCTTGGGG,0,3523188
tfaE_stfE_predicted,0.5,1,1,GCGATATGTGCAGTTATTAA,0,3534315
tfaE_stfE_predicted,0.5,1,1,GCGAGTCAAACACTTATGCG,0,3506055
tfaE_stfE_predicted,0.5,1,1,GCGAGATGTGCCAATCACAT,0,3504751
tfaE_stfE_predicted,0.5,1,1,GCGAGATGAATCCGAGACTA,0,3498438
tfaE_stfE_predicted,0.5,1,1,GCGACATCAGCGTCAGGTTT,0,3490872
tfaE_stfE_predicted,0.5,1,1,GCGAAGGTGGTTAGCTCGGA,0,3530590
tfaE_stfE_predicted,0.5,1,1,GCGAAGAGAGCTGTGGTGAT,0,3483520
tfaE_stfE_predicted,0.5,1,1,GCGAACTCCAAAATAATAAG,0,3473644
tfaE_stfE_predicted,0.5,1,1,GCGAAACATTTCTGCCTTTC,0,3522770
tfaE_stfE_predicted,0.5,1,1,GCCTTTGGTGCGGCCGGACT,0,3514511
tfaE_stfE_predicted,0.5,1,1,GCCTTCTGAACCCATTGGTG,0,3483642
tfaE_stfE_predicted,0.5,1,1,GCCTGCCTCGGTCACACGGC,0,3475079
tfaE_stfE_predicted,0.5,1,1,GCCTATCGGCGCAAGGAAAC,0,3524092
tfaE_stfE_predicted,0.5,1,1,GCCTACTTATTTCACTGTCC,0,3486158
tfaE_stfE_predicted,0.5,1,1,GCCTAAAGAGGAGCGAGGCT,0,3477656
tfaE_stfE_predicted,0.5,1,1,GCCGTTCTCTTAAAAGGCAT,0,3496358
tfaE_stfE_predicted,0.5,1,1,GCCGTGAAGACGAGTGGATC,0,3514272
tfaE_stfE_predicted,0.5,1,1,GCCGCTGAACCTATCCTAGC,0,3488099
tfaE_stfE_predicted,0.5,1,1,GCCGCACAGCGGATTCTCCT,0,3478334
tfaE_stfE_predicted,0.5,1,1,GCCGCAAGTAACTCAGAGGA,0,3525534
tfaE_stfE_predicted,0.5,1,1,GCCGAAGCACGTGGCCACGC,0,3534128
tfaE_stfE_predicted,0.5,1,1,GCCCTTCTAAAACCCGGCGT,0,3500499
tfaE_stfE_predicted,0.5,1,1,GCCCTCTGGGCGAACCACAT,0,3512932
tfaE_stfE_predicted,0.5,1,1,GCCCTCTATGAGAGGTATTG,0,3472663
tfaE_stfE_predicted,0.5,1,1,GCCCGCCGAATAGCTCATAC,0,3469824
tfaE_stfE_predicted,0.5,1,1,GCCCGCAGATAGATAGGTTG,0,3505247
tfaE_stfE_predicted,0.5,1,1,GCCCCCTACTTCCATGAATC,0,3479939
tfaE_stfE_predicted,0.5,1,1,GCCCACAATCATGTGGGCTA,0,3516736
tfaE_stfE_predicted,0.5,1,1,GCCATGTCGTGTGTGAGAGG,0,3536093
tfaE_stfE_predicted,0.5,1,1,GCCATGATTGGTCTTCAACG,0,3493283
tfaE_stfE_predicted,0.5,1,1,GCCAGTCGTCGTCTGGAGGC,0,3483123
tfaE_stfE_predicted,0.5,1,1,GCCAGGTTTGGAATACACTG,0,3536298
tfaE_stfE_predicted,0.5,1,1,GCCACGTAGAGGGGACGGGT,0,3536791
tfaE_stfE_predicted,0.5,1,1,GCCACGAAGAACTACGAGAA,0,3496779
tfaE_stfE_predicted,0.5,1,1,GCCACCTACTATATGATTGG,0,3488913
tfaE_stfE_predicted,0.5,1,1,GCCACCGCGGTTCTGATTCA,0,3515072
tfaE_stfE_predicted,0.5,1,1,GCCACCCGGGAAATATGCGG,0,3478789
tfaE_stfE_predicted,0.5,1,1,GCCAATCGTTGACGCATGTT,0,3511816
tfaE_stfE_predicted,0.5,1,1,GCCAAGCCCTGCCGCATGGC,0,3504246
tfaE_stfE_predicted,0.5,1,1,GCATTTTCTGCCTAAGCGAA,0,3470223
tfaE_stfE_predicted,0.5,1,1,GCATTTTCGGATATCACTAC,0,3492587
tfaE_stfE_predicted,0.5,1,1,GCATTTCAACGGCGGTGCCC,0,3536162
tfaE_stfE_predicted,0.5,1,1,GCATTGTGTTTACTTGAAGT,0,3479140
tfaE_stfE_predicted,0.5,1,1,GCATTCTGAGTAATAATGGT,0,3510935
tfaE_stfE_predicted,0.5,1,1,GCATTCCGTCCCAGTGCCCC,0,3511476
tfaE_stfE_predicted,0.5,1,1,GCATGCCTTCAGAAATCCCC,0,3473739
tfaE_stfE_predicted,0.5,1,1,GCATGAGGGTTAAGACGCAG,0,3496856
tfaE_stfE_predicted,0.5,1,1,GCATCCGTTCGTGTCATAAT,0,3503568
tfaE_stfE_predicted,0.5,1,1,GCATCAGTCCGAGATAACAT,0,3478655
tfaE_stfE_predicted,0.5,1,1,GCATCAACGTTGTTCGACGT,0,3519567
tfaE_stfE_predicted,0.5,1,1,GCATATGAACATAACAATCG,0,3521367
tfaE_stfE_predicted,0.5,1,1,GCATATCAAACGCTGTTAAG,0,3518547
tfaE_stfE_predicted,0.5,1,1,GCATACGGCCGTTCTACCCA,0,3488568
tfaE_stfE_predicted,0.5,1,1,GCAGTTCATGGGCTAGCTCT,0,3507924
tfaE_stfE_predicted,0.5,1,1,GCAGTTAACCTTGGACCATC,0,3530390
tfaE_stfE_predicted,0.5,1,1,GCAGTGTCGGCTTCTGTGCA,0,3502250
tfaE_stfE_predicted,0.5,1,1,GCAGTGACGTATCGCAGGTC,0,3523664
tfaE_stfE_predicted,0.5,1,1,GCAGTAATACTACAGCTATA,0,3531660
tfaE_stfE_predicted,0.5,1,1,GCAGGTGTAGCGCTCTTGGC,0,3509051
tfaE_stfE_predicted,0.5,1,1,GCAGGGGGCGTGCGATGCAC,0,3483861
tfaE_stfE_predicted,0.5,1,1,GCAGCTCTCATTATTTACCC,0,3503975
tfaE_stfE_predicted,0.5,1,1,GCAGATGTCCTCCCAGGCGG,0,3528525
tfaE_stfE_predicted,0.5,1,1,GCAGAGTTATTATGACTGCG,0,3508997
tfaE_stfE_predicted,0.5,1,1,GCAGAGGACCGTGGACAGGG,0,3497391
tfaE_stfE_predicted,0.5,1,1,GCAGACTTCTCCTGGAATGT,0,3524833
tfaE_stfE_predicted,0.5,1,1,GCAGACTCTCCAGGTCACTA,0,3477505
tfaE_stfE_predicted,0.5,1,1,GCAGACCCGCACAGAACAAT,0,3524392
tfaE_stfE_predicted,0.5,1,1,GCACTTGATCAAACTACCGT,0,3500634
tfaE_stfE_predicted,0.5,1,1,GCACTTACCGCTGGTCCGTA,0,3531700
tfaE_stfE_predicted,0.5,1,1,GCACGTTAGTAGCTCTGCAG,0,3484239
tfaE_stfE_predicted,0.5,1,1,GCACGTCGTCTCCTCGCTGC,0,3499485
tfaE_stfE_predicted,0.5,1,1,GCACGACCTTCTTTCGGAGG,0,3483058
tfaE_stfE_predicted,0.5,1,1,GCACCTTCTTGCTTCGGACA,0,3533435
tfaE_stfE_predicted,0.5,1,1,GCACCTTCTTAACATTGAAT,0,3480991
tfaE_stfE_predicted,0.5,1,1,GCACCGGGCATGCAGTTCCT,0,3473159
tfaE_stfE_predicted,0.5,1,1,GCACACTGTGAACGATACTC,0,3496657
tfaE_stfE_predicted,0.5,1,1,GCACACGTCAAAATGAGCTT,0,3491861
tfaE_stfE_predicted,0.5,1,1,GCAATTCTGGCCCTGAATGG,0,3478175
tfaE_stfE_predicted,0.5,1,1,GCAATTCAGCATGGAGTGTC,0,3494362
tfaE_stfE_predicted,0.5,1,1,GCAATGTGAAGGGCTGCTGC,0,3468051
tfaE_stfE_predicted,0.5,1,1,GCAATGGCTGTCTGTTTCAG,0,3511826
tfaE_stfE_predicted,0.5,1,1,GCAAGGTCTATGAAGTAGCT,0,3481946
tfaE_stfE_predicted,0.5,1,1,GCAAGGGCTTCCCCGCGTGT,0,3502990
tfaE_stfE_predicted,0.5,1,1,GCAAGAGCATGCCCCTACCG,0,3481575
tfaE_stfE_predicted,0.5,1,1,GCAACCGCTGCTGGACCCTC,0,3524212
tfaE_stfE_predicted,0.5,1,1,GCAACAGTACCGTATCAGCT,0,3525384
tfaE_stfE_predicted,0.5,1,1,GCAACAGAGTGACAGCATGG,0,3476707
tfaE_stfE_predicted,0.5,1,1,GCAAATTCCTCAGAAAGGGA,0,3530644
tfaE_stfE_predicted,0.5,1,1,GCAAAGTGCGCCCGTACGAC,0,3478493
tfaE_stfE_predicted,0.5,1,1,GCAAAGACGTATTGACGTCA,0,3470060
tfaE_stfE_predicted,0.5,1,1,GCAAACTAGGGCTAAAGACG,0,3513234
tfaE_stfE_predicted,0.5,1,1,GCAAAATGCACGTCGCATAC,0,3473602
tfaE_stfE_predicted,0.5,1,1,GATTTGGCGGCAACCTACAA,0,3470595
tfaE_stfE_predicted,0.5,1,1,GATTTGCGCACAATCGTTTC,0,3500533
tfaE_stfE_predicted,0.5,1,1,GATTTCACGATAACAAACCA,0,3515532
tfaE_stfE_predicted,0.5,1,1,GATTGTGGTACACCGGCGAA,0,3479923
tfaE_stfE_predicted,0.5,1,1,GATTGGCTTTCCCTCGTCGT,0,3494696
tfaE_stfE_predicted,0.5,1,1,GATTGGAGGAAAGGCCTACG,0,3504989
tfaE_stfE_predicted,0.5,1,1,GATTGCAACAACGGGACAGT,0,3539452
tfaE_stfE_predicted,0.5,1,1,GATTCAGATTCATCGAGAGC,0,3478804
tfaE_stfE_predicted,0.5,1,1,GATTCACTGTTTAAAAATTT,0,3516073
tfaE_stfE_predicted,0.5,1,1,GATTATTTACGAGGGGCGCG,0,3469469
tfaE_stfE_predicted,0.5,1,1,GATTAGGGGTTTTTGCATAC,0,3525548
tfaE_stfE_predicted,0.5,1,1,GATTACCTAGGTTGTTGTAT,0,3506320
tfaE_stfE_predicted,0.5,1,1,GATTACCCGTCGGTCGGCGG,0,3491757
tfaE_stfE_predicted,0.5,1,1,GATGTCCACCCAACTCGGAA,0,3488700
tfaE_stfE_predicted,0.5,1,1,GATGTACTGGTTTAATCAGG,0,3472293
tfaE_stfE_predicted,0.5,1,1,GATGGGTATAGTGAAGTTCG,0,3518387
tfaE_stfE_predicted,0.5,1,1,GATGGGGGTGGTGAACTCAC,0,3482560
tfaE_stfE_predicted,0.5,1,1,GATGGGATCAAACCCGCCAC,0,3530127
tfaE_stfE_predicted,0.5,1,1,GATGGAACTTCTGAGTACCT,0,3541059
tfaE_stfE_predicted,0.5,1,1,GATGCTGTGTGCCCGGTTGC,0,3474506
tfaE_stfE_predicted,0.5,1,1,GATGCGGTGTACCAAAGCTA,0,3523829
tfaE_stfE_predicted,0.5,1,1,GATGCCAACCCACAGGGGAG,0,3478148
tfaE_stfE_predicted,0.5,1,1,GATGAGGGAGCATTAAAGTC,0,3478427
tfaE_stfE_predicted,0.5,1,1,GATCTTTAAAAGTGCTATTC,0,3496467
tfaE_stfE_predicted,0.5,1,1,GATCTTAAGTCCCCCGCACC,0,3503489
tfaE_stfE_predicted,0.5,1,1,GATCTCTTCCCGGATACGCA,0,3467682
tfaE_stfE_predicted,0.5,1,1,GATCTATTCTTAGTGCTAGT,0,3515952
tfaE_stfE_predicted,0.5,1,1,GATCTATCTGTCGGGCTTCC,0,3503048
tfaE_stfE_predicted,0.5,1,1,GATCGGGGTGTCAATGAGCG,0,3535233
tfaE_stfE_predicted,0.5,1,1,GATCGGCATCGGTGTTGCGC,0,3469874
tfaE_stfE_predicted,0.5,1,1,GATCGCCCTTAAGTCCTCTC,0,3484618
tfaE_stfE_predicted,0.5,1,1,GATCAATTGAGATCCGGTTT,0,3530714
tfaE_stfE_predicted,0.5,1,1,GATATGTATTTCAACCTTTA,0,3507768
tfaE_stfE_predicted,0.5,1,1,GATATGAGAAGTGGTTTCTT,0,3526781
tfaE_stfE_predicted,0.5,1,1,GATATATATGGGAAAAGGAG,0,3473358
tfaE_stfE_predicted,0.5,1,1,GATATAGATTGGAAAATCAA,0,3475065
tfaE_stfE_predicted,0.5,1,1,GATAGGTCGTTCTCGCCTAT,0,3534483
tfaE_stfE_predicted,0.5,1,1,GATAGGTAGGGTTAGTTAAT,0,3514781
tfaE_stfE_predicted,0.5,1,1,GATAGGAATACATCGTGTAT,0,3530589
tfaE_stfE_predicted,0.5,1,1,GATAGAAGAGAGTATGATAT,0,3537552
tfaE_stfE_predicted,0.5,1,1,GATACGCCCGGGACTCTTGT,0,3502413
tfaE_stfE_predicted,0.5,1,1,GATAAGTCAAGACGTGATAG,0,3510336
tfaE_stfE_predicted,0.5,1,1,GATAAGCGATCTTGCGTAGA,0,3488989
tfaE_stfE_predicted,0.5,1,1,GATAAAGCCCGAGAACTCGG,0,3467361
tfaE_stfE_predicted,0.5,1,1,GAGTTGCAAGTCGCAAACCA,0,3537764
tfaE_stfE_predicted,0.5,1,1,GAGTGGTCCAATTATGCATG,0,3531284
tfaE_stfE_predicted,0.5,1,1,GAGTGCTTGCAACAAGTTTA,0,3483586
tfaE_stfE_predicted,0.5,1,1,GAGTCTATTAGTGTAGCACA,0,3536572
tfaE_stfE_predicted,0.5,1,1,GAGTATCCCTGGCCACCCAC,0,3486535
tfaE_stfE_predicted,0.5,1,1,GAGTATATCATGAATGCCTA,0,3530563
tfaE_stfE_predicted,0.5,1,1,GAGTAGTTCTGAACAATGCG,0,3496177
tfaE_stfE_predicted,0.5,1,1,GAGTAGCGTGATACAATCAC,0,3472725
tfaE_stfE_predicted,0.5,1,1,GAGGTTCTGCGCTTTTGATC,0,3515227
tfaE_stfE_predicted,0.5,1,1,GAGGTCTATGAATACCAATA,0,3498216
tfaE_stfE_predicted,0.5,1,1,GAGGTCGAGATCAGTCCACC,0,3531152
tfaE_stfE_predicted,0.5,1,1,GAGGTCCAGGCAGGAGGGGA,0,3522031
tfaE_stfE_predicted,0.5,1,1,GAGGGTAATGAAACTTCATA,0,3483540
tfaE_stfE_predicted,0.5,1,1,GAGGGGCCGCTTAGACGGAG,0,3494962
tfaE_stfE_predicted,0.5,1,1,GAGGGGACCAGCGTTGATTA,0,3486218
tfaE_stfE_predicted,0.5,1,1,GAGGGAGATCACAGCACTTA,0,3484161
tfaE_stfE_predicted,0.5,1,1,GAGGCTCCAGCAAGCCGGAA,0,3467999
tfaE_stfE_predicted,0.5,1,1,GAGGAGCGGCTGCCGGTTTC,0,3471953
tfaE_stfE_predicted,0.5,1,1,GAGCTTAACCGACTGTGACC,0,3496771
tfaE_stfE_predicted,0.5,1,1,GAGCGTTATGTCGTTTGGCT,0,3500180
tfaE_stfE_predicted,0.5,1,1,GAGCGTGTAAAGCTGAGCGA,0,3469541
tfaE_stfE_predicted,0.5,1,1,GAGCGTCAGATAGGTTATGC,0,3540055
tfaE_stfE_predicted,0.5,1,1,GAGCGGTGCGACGTAGCTTG,0,3527208
tfaE_stfE_predicted,0.5,1,1,GAGCGGGTTGTATTCGGCGT,0,3505433
tfaE_stfE_predicted,0.5,1,1,GAGCGGCGACTTGTAAGACA,0,3530085
tfaE_stfE_predicted,0.5,1,1,GAGCGCGGTACACTTTTGTA,0,3498593
tfaE_stfE_predicted,0.5,1,1,GAGCATGCCGTGGTGCTCAT,0,3534457
tfaE_stfE_predicted,0.5,1,1,GAGCAATCAAGCTACTTGAC,0,3472617
tfaE_stfE_predicted,0.5,1,1,GAGCAACTCGAAAGAGAGTG,0,3538070
tfaE_stfE_predicted,0.5,1,1,GAGATGCTCATAGATAATGA,0,3509287
tfaE_stfE_predicted,0.5,1,1,GAGATCCGTATTCGGAGCAC,0,3515118
tfaE_stfE_predicted,0.5,1,1,GAGATCCCTTTCCGGAATTC,0,3519344
tfaE_stfE_predicted,0.5,1,1,GAGATCAACAGGATTGACTG,0,3528815
tfaE_stfE_predicted,0.5,1,1,GAGAGAGGATTAAGGCTCTA,0,3527589
tfaE_stfE_predicted,0.5,1,1,GAGAGACTCATTTAGACGTT,0,3530144
tfaE_stfE_predicted,0.5,1,1,GAGACTCTCGACAGCCCTGC,0,3489929
tfaE_stfE_predicted,0.5,1,1,GAGACCTGGGCTGGAGGTGT,0,3537775
tfaE_stfE_predicted,0.5,1,1,GAGACCGCCATAGACTTAGG,0,3476397
tfaE_stfE_predicted,0.5,1,1,GAGAATTAAATTTTGGTCTG,0,3492654
tfaE_stfE_predicted,0.5,1,1,GAGAATGTATAACGTCCGTA,0,3503318
tfaE_stfE_predicted,0.5,1,1,GACTTTCCTAACAGTATTTA,0,3473681
tfaE_stfE_predicted,0.5,1,1,GACTTGTAGAACACTGTGTC,0,3519537
tfaE_stfE_predicted,0.5,1,1,GACTTGGTTGGCAAAACGGG,0,3491350
tfaE_stfE_predicted,0.5,1,1,GACTTGAACTCGTCCCCACG,0,3491035
tfaE_stfE_predicted,0.5,1,1,GACTTCTGACCTTAGGCCGG,0,3474112
tfaE_stfE_predicted,0.5,1,1,GACTCTCAAGCAGTCATCTC,0,3468763
tfaE_stfE_predicted,0.5,1,1,GACTCGGCGAGAAAACCAGG,0,3475704
tfaE_stfE_predicted,0.5,1,1,GACTCCACGTACATGCGTTT,0,3481843
tfaE_stfE_predicted,0.5,1,1,GACTCCAAATCGCCCCAGCG,0,3494980
tfaE_stfE_predicted,0.5,1,1,GACTACTATGCGCAGCAGTA,0,3480929
tfaE_stfE_predicted,0.5,1,1,GACTAACTCGCTCCCACAAG,0,3483159
tfaE_stfE_predicted,0.5,1,1,GACTAACCCAAGAGCGTCTG,0,3529821
tfaE_stfE_predicted,0.5,1,1,GACGTTCGGGCTCCAAAGAC,0,3536837
tfaE_stfE_predicted,0.5,1,1,GACGTGTGATTGTAGTCATG,0,3518823
tfaE_stfE_predicted,0.5,1,1,GACGTGGTTCACGTATTCGG,0,3479839
tfaE_stfE_predicted,0.5,1,1,GACGTCCAAAGCAAGCACGA,0,3526296
tfaE_stfE_predicted,0.5,1,1,GACGTAAGCATCGTGTTAGG,0,3466607
tfaE_stfE_predicted,0.5,1,1,GACGGTAGGCTTGAAGGTGC,0,3506416
tfaE_stfE_predicted,0.5,1,1,GACGGTACCAGGGTTGTGGC,0,3478650
tfaE_stfE_predicted,0.5,1,1,GACGGGAATAGTAGGTTGTC,0,3499194
tfaE_stfE_predicted,0.5,1,1,GACGGAGGACAGTGCACCCA,0,3481531
tfaE_stfE_predicted,0.5,1,1,GACGGACATTAGTTAGTGAC,0,3517935
tfaE_stfE_predicted,0.5,1,1,GACGCTGGAAGTCTGCCAGC,0,3484287
tfaE_stfE_predicted,0.5,1,1,GACGCTGCTTGTAGCTAGCA,0,3480367
tfaE_stfE_predicted,0.5,1,1,GACGCCTGGTATCTGATTAT,0,3522098
tfaE_stfE_predicted,0.5,1,1,GACGCCGGTTCATCGCTACG,0,3494418
tfaE_stfE_predicted,0.5,1,1,GACGCAGCCCTTTCCGGGAA,0,3503334
tfaE_stfE_predicted,0.5,1,1,GACGACTTAATATACTGAAA,0,3468141
tfaE_stfE_predicted,0.5,1,1,GACCTTAGTCCCAGGATGGA,0,3499059
tfaE_stfE_predicted,0.5,1,1,GACCTGATCGTGATGGGCTT,0,3511140
tfaE_stfE_predicted,0.5,1,1,GACCTCGATAAAGAGCCCGA,0,3537972
tfaE_stfE_predicted,0.5,1,1,GACCGGGGCGCCACTGGGAT,0,3538350
tfaE_stfE_predicted,0.5,1,1,GACCGGATGGTCCGGGCCCA,0,3513472
tfaE_stfE_predicted,0.5,1,1,GACCATGCACCGTCTGGTCA,0,3516419
tfaE_stfE_predicted,0.5,1,1,GACCAGCGCTGATCGAGTTC,0,3521271
tfaE_stfE_predicted,0.5,1,1,GACCAAGGCGGTTTTCGACT,0,3535170
tfaE_stfE_predicted,0.5,1,1,GACAGTCTTAGCTTGAATCG,0,3497207
tfaE_stfE_predicted,0.5,1,1,GACAGCGCTCCGTGCCCATG,0,3505229
tfaE_stfE_predicted,0.5,1,1,GACAGATTTCCGTCGTGAAA,0,3488190
tfaE_stfE_predicted,0.5,1,1,GACACATGGGGAATAGATGA,0,3498769
tfaE_stfE_predicted,0.5,1,1,GACAAGCCGTTCTCACCACA,0,3476079
tfaE_stfE_predicted,0.5,1,1,GACAACACACGGCCCAATTG,0,3509752
tfaE_stfE_predicted,0.5,1,1,GAATGTGTTGTACGGAGAGG,0,3499028
tfaE_stfE_predicted,0.5,1,1,GAATGTGCTTATGGGGCCAC,0,3469992
tfaE_stfE_predicted,0.5,1,1,GAATGTCCTCCTTAAGAAAT,0,3468609
tfaE_stfE_predicted,0.5,1,1,GAATGTCCCAATATTCCGAA,0,3487270
tfaE_stfE_predicted,0.5,1,1,GAATGCCCCAATCGCACACT,0,3469278
tfaE_stfE_predicted,0.5,1,1,GAATGCACGGGATTCACCCT,0,3508522
tfaE_stfE_predicted,0.5,1,1,GAATCTCGATCTTTGCGATA,0,3525908
tfaE_stfE_predicted,0.5,1,1,GAATCGTCACCGCTCACGTC,0,3518941
tfaE_stfE_predicted,0.5,1,1,GAATCGCAATCATGCTGGTC,0,3517311
tfaE_stfE_predicted,0.5,1,1,GAATCCCAACCGCTATGTGG,0,3496598
tfaE_stfE_predicted,0.5,1,1,GAATAATCGTCATGTGCACC,0,3481237
tfaE_stfE_predicted,0.5,1,1,GAAGTTCGTCGTACGGCAAG,0,3539154
tfaE_stfE_predicted,0.5,1,1,GAAGTGAGTACAGTCAACAC,0,3513623
tfaE_stfE_predicted,0.5,1,1,GAAGTGACGCTCCCCACATG,0,3480651
tfaE_stfE_predicted,0.5,1,1,GAAGTAGGACTTAAATTTGC,0,3503501
tfaE_stfE_predicted,0.5,1,1,GAAGTAGCAGCCGCATCGGA,0,3481062
tfaE_stfE_predicted,0.5,1,1,GAAGGATCCACAGCCTCTGT,0,3534075
tfaE_stfE_predicted,0.5,1,1,GAAGGACAAGCGGTCCACAC,0,3535962
tfaE_stfE_predicted,0.5,1,1,GAAGCGTCCTGCACACCCTT,0,3475847
tfaE_stfE_predicted,0.5,1,1,GAAGCGAGTAGTGTTGTCCG,0,3522324
tfaE_stfE_predicted,0.5,1,1,GAAGCAGGGTTGTAGCGGAT,0,3505135
tfaE_stfE_predicted,0.5,1,1,GAAGCACGGCCTGGAGGCGA,0,3530782
tfaE_stfE_predicted,0.5,1,1,GAAGCAATCAGCGGTTAACT,0,3520986
tfaE_stfE_predicted,0.5,1,1,GAAGATTAAGTTGTCGATAT,0,3514421
tfaE_stfE_predicted,0.5,1,1,GAAGACTTCCGTTGTCCAGC,0,3516429
tfaE_stfE_predicted,0.5,1,1,GAACTGGGAAAGGCTTGATG,0,3492119
tfaE_stfE_predicted,0.5,1,1,GAACGTCGAAATCACGGCGA,0,3486642
tfaE_stfE_predicted,0.5,1,1,GAACGGCAACGTTCCCTTGT,0,3481060
tfaE_stfE_predicted,0.5,1,1,GAACGAGGTGAGCAATGGTC,0,3532264
tfaE_stfE_predicted,0.5,1,1,GAACGACTCTGCCAACCCGT,0,3504879
tfaE_stfE_predicted,0.5,1,1,GAACCGGTACTTGGGGTCAC,0,3475463
tfaE_stfE_predicted,0.5,1,1,GAACAGCTGGGCAGCCCTGA,0,3516685
tfaE_stfE_predicted,0.5,1,1,GAACACTGAGCTGTTATAAC,0,3482035
tfaE_stfE_predicted,0.5,1,1,GAACACAGCAGAACGGGGTA,0,3508892
tfaE_stfE_predicted,0.5,1,1,GAACACACGATCTTGGTTTG,0,3525945
tfaE_stfE_predicted,0.5,1,1,GAACAAGTAAAACATGGATT,0,3516120
tfaE_stfE_predicted,0.5,1,1,GAACAAGAGTACACCTATTC,0,3468904
tfaE_stfE_predicted,0.5,1,1,GAAATTTCTACCTCTGTATG,0,3473913
tfaE_stfE_predicted,0.5,1,1,GAAATGCATAGCCGACGGCA,0,3485232
tfaE_stfE_predicted,0.5,1,1,GAAATGAGCCAGAGCCCATG,0,3525472
tfaE_stfE_predicted,0.5,1,1,GAAATAAAGCCATGCACAAG,0,3525451
tfaE_stfE_predicted,0.5,1,1,GAAAGGTGGATACGTTATGG,0,3523389
tfaE_stfE_predicted,0.5,1,1,GAAAGGATGTAACTTTATAG,0,3538978
tfaE_stfE_predicted,0.5,1,1,GAAAGCCGCTGAGCTCGGAC,0,3530034
tfaE_stfE_predicted,0.5,1,1,GAAACTCGCCACCGGGGAGG,0,3523679
tfaE_stfE_predicted,0.5,1,1,GAAACATCAGAGGCTGTGGG,0,3517548
tfaE_stfE_predicted,0.5,1,1,GAAAACGGGCGTCTGCCAGG,0,3498305
tfaE_stfE_predicted,0.5,1,1,CTTTTCGCTGCTTCCTATAG,0,3512526
tfaE_stfE_predicted,0.5,1,1,CTTTGGTTTCTGATCAATCT,0,3475972
tfaE_stfE_predicted,0.5,1,1,CTTTGCCGTTGTTACGTATC,0,3479767
tfaE_stfE_predicted,0.5,1,1,CTTTGAGGACACCACAGTTC,0,3485546
tfaE_stfE_predicted,0.5,1,1,CTTTGACATATAATACGGAC,0,3539441
tfaE_stfE_predicted,0.5,1,1,CTTTCTTAATTGTTTCCCCC,0,3519474
tfaE_stfE_predicted,0.5,1,1,CTTTCGGCTTCCGTGCCGGT,0,3497350
tfaE_stfE_predicted,0.5,1,1,CTTTCCCGTTCGGAAACCAA,0,3519689
tfaE_stfE_predicted,0.5,1,1,CTTTATTTTGGACAGAATCC,0,3514181
tfaE_stfE_predicted,0.5,1,1,CTTTATTTAGACTAGCCAGA,0,3530557
tfaE_stfE_predicted,0.5,1,1,CTTTATAAACTCCGTGCAGG,0,3475649
tfaE_stfE_predicted,0.5,1,1,CTTTACGGCGTGTTTTGTGT,0,3474588
tfaE_stfE_predicted,0.5,1,1,CTTTAAGCGTCGCTGCCTGG,0,3495317
tfaE_stfE_predicted,0.5,1,1,CTTGTTTTATCACCCTTTAC,0,3492363
tfaE_stfE_predicted,0.5,1,1,CTTGTCATAGTCGCCTCCAC,0,3483751
tfaE_stfE_predicted,0.5,1,1,CTTGTCAGGCAAAATCAGTG,0,3475748
tfaE_stfE_predicted,0.5,1,1,CTTGTCACGGTTCATTACTC,0,3479908
tfaE_stfE_predicted,0.5,1,1,CTTGTATCAAGATGGTCGCC,0,3495687
tfaE_stfE_predicted,0.5,1,1,CTTGTAAACACTCTTCAACT,0,3527734
tfaE_stfE_predicted,0.5,1,1,CTTGGTACTGATCGTGTTTT,0,3521946
tfaE_stfE_predicted,0.5,1,1,CTTGGCTTACAGTGAGCCTA,0,3477109
tfaE_stfE_predicted,0.5,1,1,CTTGCATAAATACAGTAGTG,0,3496000
tfaE_stfE_predicted,0.5,1,1,CTTGAATTTTTTTCAAGTCT,0,3492593
tfaE_stfE_predicted,0.5,1,1,CTTCTTAAACATATAGCGAG,0,3522845
tfaE_stfE_predicted,0.5,1,1,CTTCGGTCCTTCGTCGCCTG,0,3508669
tfaE_stfE_predicted,0.5,1,1,CTTCGCGGTTACGTGCTGCG,0,3484895
tfaE_stfE_predicted,0.5,1,1,CTTCCTACATAAAGTTACTG,0,3482960
tfaE_stfE_predicted,0.5,1,1,CTTCCACAACCACATATAGA,0,3533712
tfaE_stfE_predicted,0.5,1,1,CTTCATCTCTGGCCTGGTGT,0,3475901
tfaE_stfE_predicted,0.5,1,1,CTTCAGTTAGGAATGTCCTA,0,3513422
tfaE_stfE_predicted,0.5,1,1,CTTCAGGAAGTGGGACGGAT,0,3500080
tfaE_stfE_predicted,0.5,1,1,CTTCAAGTCCGTATCTGGAC,0,3478290
tfaE_stfE_predicted,0.5,1,1,CTTATGAATGATGGGTCTGC,0,3516124
tfaE_stfE_predicted,0.5,1,1,CTTATCGAGCAAACAGGTAG,0,3532707
tfaE_stfE_predicted,0.5,1,1,CTTATACCACGGCAAGTATG,0,3529578
tfaE_stfE_predicted,0.5,1,1,CTTAGTCTTGGGTTTATACG,0,3497928
tfaE_stfE_predicted,0.5,1,1,CTTAGTCAACCAAGGACAAG,0,3477468
tfaE_stfE_predicted,0.5,1,1,CTTAGATCTAAACATTCGCT,0,3467718
tfaE_stfE_predicted,0.5,1,1,CTTACCTGCAGTTACAGGTT,0,3485992
tfaE_stfE_predicted,0.5,1,1,CTTACCTATCATACGACACC,0,3469151
tfaE_stfE_predicted,0.5,1,1,CTTACATATGGACTACGACC,0,3522071
tfaE_stfE_predicted,0.5,1,1,CTTAAAAGAAGAGAGTGTCA,0,3524875
tfaE_stfE_predicted,0.5,1,1,CTGTTTCAGAAACCCCGGAA,0,3523890
tfaE_stfE_predicted,0.5,1,1,CTGTTTATTGTAAAAGTGAA,0,3534137
tfaE_stfE_predicted,0.5,1,1,CTGTGTCCGTAGAAATTCTT,0,3492034
tfaE_stfE_predicted,0.5,1,1,CTGTGGTTGCGGGAGTTTGT,0,3503221
tfaE_stfE_predicted,0.5,1,1,CTGTGCTTGTGTCTTACAAG,0,3529955
tfaE_stfE_predicted,0.5,1,1,CTGTGATCCCGTGCACCTGA,0,3475443
tfaE_stfE_predicted,0.5,1,1,CTGTGAAGCCAACAACATGC,0,3506930
tfaE_stfE_predicted,0.5,1,1,CTGTCTTGGATTATATCCTG,0,3514465
tfaE_stfE_predicted,0.5,1,1,CTGTCGAGATTAGAAAGGTA,0,3530539
tfaE_stfE_predicted,0.5,1,1,CTGTATTGAATGATTTAAGC,0,3519755
tfaE_stfE_predicted,0.5,1,1,CTGTATAGAGGCTTGTGTCG,0,3486811
tfaE_stfE_predicted,0.5,1,1,CTGTAGTCTATCTAGACAGT,0,3513559
tfaE_stfE_predicted,0.5,1,1,CTGTAGATGCCCAGCATAGG,0,3493442
tfaE_stfE_predicted,0.5,1,1,CTGTACAGAATATTGTCTTG,0,3501060
tfaE_stfE_predicted,0.5,1,1,CTGTAAGCTGTGTGTGGGTT,0,3467565
tfaE_stfE_predicted,0.5,1,1,CTGGTTTTACAGCCTGTGTG,0,3503538
tfaE_stfE_predicted,0.5,1,1,CTGGTCGCAACCCTTGGCGG,0,3482523
tfaE_stfE_predicted,0.5,1,1,CTGGGCTTCCGGGCTTGTTC,0,3470537
tfaE_stfE_predicted,0.5,1,1,CTGGGCCTTGATCCATCGGC,0,3495174
tfaE_stfE_predicted,0.5,1,1,CTGGGAGAGTCCGTGTGGTA,0,3477105
tfaE_stfE_predicted,0.5,1,1,CTGGGACCACGGAAGCTAGT,0,3475514
tfaE_stfE_predicted,0.5,1,1,CTGGCGTGCAGATTATCCCA,0,3498914
tfaE_stfE_predicted,0.5,1,1,CTGGCGCGAATAGTGTCGCG,0,3506224
tfaE_stfE_predicted,0.5,1,1,CTGGATCGTGACCCTAGTTG,0,3477146
tfaE_stfE_predicted,0.5,1,1,CTGGAGTGCCGAACACATCG,0,3501028
tfaE_stfE_predicted,0.5,1,1,CTGGAGGAATCCTCACACGA,0,3495934
tfaE_stfE_predicted,0.5,1,1,CTGGACGACTCCCACGGGGG,0,3508566
tfaE_stfE_predicted,0.5,1,1,CTGGAATATAGTCGGATCAA,0,3541111
tfaE_stfE_predicted,0.5,1,1,CTGCTGGGGTTCGGCTATCT,0,3489624
tfaE_stfE_predicted,0.5,1,1,CTGCTATCACCCCGATGTGG,0,3469526
tfaE_stfE_predicted,0.5,1,1,CTGCGTGGGTCATTCGCGAG,0,3529333
tfaE_stfE_predicted,0.5,1,1,CTGCGAACGCTGCTCTCAAT,0,3473930
tfaE_stfE_predicted,0.5,1,1,CTGCCGTTGGCTACGCTCTC,0,3496491
tfaE_stfE_predicted,0.5,1,1,CTGCCGGAGGCCCATACTCT,0,3529616
tfaE_stfE_predicted,0.5,1,1,CTGCCCGGCCTAGACGATGA,0,3536891
tfaE_stfE_predicted,0.5,1,1,CTGCCATGCCGTTTTATTTT,0,3532794
tfaE_stfE_predicted,0.5,1,1,CTGCAACCGGGGGCGCCAGA,0,3509790
tfaE_stfE_predicted,0.5,1,1,CTGATGCACCAAACGGGGGA,0,3514053
tfaE_stfE_predicted,0.5,1,1,CTGATACAGGCAAAAGTTAT,0,3523866
tfaE_stfE_predicted,0.5,1,1,CTGAGTTGCACATACGCGAC,0,3515780
tfaE_stfE_predicted,0.5,1,1,CTGAGTATCTTAGATAATCG,0,3509664
tfaE_stfE_predicted,0.5,1,1,CTGAGCTACCTCAGAGGGCA,0,3525832
tfaE_stfE_predicted,0.5,1,1,CTGAGCCGTCATGACAGCTT,0,3518350
tfaE_stfE_predicted,0.5,1,1,CTGAGATATCCAGCGAGTCC,0,3534765
tfaE_stfE_predicted,0.5,1,1,CTGACTCCGAGTTAGGGTAC,0,3466740
tfaE_stfE_predicted,0.5,1,1,CTGAACTGAGAAGTAGCTCA,0,3508211
tfaE_stfE_predicted,0.5,1,1,CTGAACGAGAAACTCGGACG,0,3496124
tfaE_stfE_predicted,0.5,1,1,CTGAAAGTTATTATCGCTAT,0,3482083
tfaE_stfE_predicted,0.5,1,1,CTCTTTCATCGTTCTCGGGA,0,3501089
tfaE_stfE_predicted,0.5,1,1,CTCTTTAGCCTTGGCCGGCG,0,3520485
tfaE_stfE_predicted,0.5,1,1,CTCTTGTTGCAGTTTTTGCT,0,3514230
tfaE_stfE_predicted,0.5,1,1,CTCTTACTAGCCCTTACAGG,0,3474715
tfaE_stfE_predicted,0.5,1,1,CTCTTACGTTACCCTGCAGC,0,3471105
tfaE_stfE_predicted,0.5,1,1,CTCTGTGTTGTACTACCCGA,0,3523450
tfaE_stfE_predicted,0.5,1,1,CTCTGGCGGATCCATCTATC,0,3471989
tfaE_stfE_predicted,0.5,1,1,CTCTGCGCATTCTTCGGAAA,0,3486696
tfaE_stfE_predicted,0.5,1,1,CTCTGCCTATCCAGCGCCTG,0,3471995
tfaE_stfE_predicted,0.5,1,1,CTCTGCCAGAAGGTAGTGTT,0,3517111
tfaE_stfE_predicted,0.5,1,1,CTCTGAAGTACAGATGGATT,0,3506132
tfaE_stfE_predicted,0.5,1,1,CTCTAGGTAAGCGATACAAA,0,3512202
tfaE_stfE_predicted,0.5,1,1,CTCTACGGGTTCGGGACGGA,0,3513243
tfaE_stfE_predicted,0.5,1,1,CTCGTGTGGGAGGGGGAGTA,0,3538913
tfaE_stfE_predicted,0.5,1,1,CTCGTGCCGGGGTCGCGGGA,0,3492914
tfaE_stfE_predicted,0.5,1,1,CTCGCCTAAAGGGCGAGTGC,0,3515730
tfaE_stfE_predicted,0.5,1,1,CTCGCCCCCGTACCATGTAA,0,3539969
tfaE_stfE_predicted,0.5,1,1,CTCGCAAGACCCGGTATCAG,0,3474455
tfaE_stfE_predicted,0.5,1,1,CTCGATGCAGCACCAGACTA,0,3476819
tfaE_stfE_predicted,0.5,1,1,CTCGATAAACCTGAAGGTAA,0,3530857
tfaE_stfE_predicted,0.5,1,1,CTCGAGGCGCCTGAACTGCA,0,3488378
tfaE_stfE_predicted,0.5,1,1,CTCCTGAAAGGACTCGGGAC,0,3522565
tfaE_stfE_predicted,0.5,1,1,CTCCTCTAACGCAAGTTCCA,0,3505387
tfaE_stfE_predicted,0.5,1,1,CTCCGTGATTGCGAAGGTAA,0,3521106
tfaE_stfE_predicted,0.5,1,1,CTCCGTAATAATTCGGAATG,0,3485548
tfaE_stfE_predicted,0.5,1,1,CTCCGGAGCGCGGTTGGCGG,0,3475641
tfaE_stfE_predicted,0.5,1,1,CTCCGCTATTAAGAGCGAAT,0,3506422
tfaE_stfE_predicted,0.5,1,1,CTCCGCGTGGAAACTGTCAT,0,3530373
tfaE_stfE_predicted,0.5,1,1,CTCCGCGCACTACGGGAACT,0,3487192
tfaE_stfE_predicted,0.5,1,1,CTCCGCCCGTAGTCACCTTG,0,3501125
tfaE_stfE_predicted,0.5,1,1,CTCCCGACTGCGACCCCTAG,0,3472100
tfaE_stfE_predicted,0.5,1,1,CTCCCCGTGCACCAGATCAG,0,3493446
tfaE_stfE_predicted,0.5,1,1,CTCCATGAAATCACCTTTGC,0,3540354
tfaE_stfE_predicted,0.5,1,1,CTCCATCATTTTGAGACGCT,0,3472101
tfaE_stfE_predicted,0.5,1,1,CTCCAGAAAATAGTGCGTCT,0,3532905
tfaE_stfE_predicted,0.5,1,1,CTCCAAACTAGACTGTCTTC,0,3513365
tfaE_stfE_predicted,0.5,1,1,CTCATTGTACCCACACTTGG,0,3471529
tfaE_stfE_predicted,0.5,1,1,CTCATTGCTTCATGCAGGGT,0,3530855
tfaE_stfE_predicted,0.5,1,1,CTCATGTATGAGAACCTGAC,0,3510581
tfaE_stfE_predicted,0.5,1,1,CTCATGGCAGTGGACAGCAG,0,3492523
tfaE_stfE_predicted,0.5,1,1,CTCATGAGCAGATTTGGTGT,0,3517851
tfaE_stfE_predicted,0.5,1,1,CTCATCTATAAGTAATGGGA,0,3495832
tfaE_stfE_predicted,0.5,1,1,CTCATACAGTACTAACCGGG,0,3512999
tfaE_stfE_predicted,0.5,1,1,CTCAGGTTCTGGGACACTTC,0,3502255
tfaE_stfE_predicted,0.5,1,1,CTCAGATATCAGAAGTGCCA,0,3483807
tfaE_stfE_predicted,0.5,1,1,CTCACCCCTTTTGTCCCGGG,0,3539801
tfaE_stfE_predicted,0.5,1,1,CTCACATATGAGATAATGTG,0,3522320
tfaE_stfE_predicted,0.5,1,1,CTCACAGTCGGGAGGGGTAA,0,3494670
tfaE_stfE_predicted,0.5,1,1,CTATTTGACTCTATGAAACT,0,3482245
tfaE_stfE_predicted,0.5,1,1,CTATTTATGAGCGGACTATT,0,3490015
tfaE_stfE_predicted,0.5,1,1,CTATTACTGATTACACGTCT,0,3531044
tfaE_stfE_predicted,0.5,1,1,CTATGGGGCCACTGTGATGG,0,3510415
tfaE_stfE_predicted,0.5,1,1,CTATGATGATCTCGGCAACT,0,3525729
tfaE_stfE_predicted,0.5,1,1,CTATGAGCGGTTCTTTTATC,0,3491411
tfaE_stfE_predicted,0.5,1,1,CTATCGCACATAGTGTCCCT,0,3502237
tfaE_stfE_predicted,0.5,1,1,CTATCCTGTCTCTATAACTA,0,3519664
tfaE_stfE_predicted,0.5,1,1,CTATCATCGATAAATTTTTT,0,3478263
tfaE_stfE_predicted,0.5,1,1,CTATATATTGATTAGACTTT,0,3532282
tfaE_stfE_predicted,0.5,1,1,CTATAATCCGGGAGTGTGAT,0,3480160
tfaE_stfE_predicted,0.5,1,1,CTAGTGATCCTAGTTTTCTT,0,3505487
tfaE_stfE_predicted,0.5,1,1,CTAGGTACCGAGTCGCCACG,0,3495688
tfaE_stfE_predicted,0.5,1,1,CTAGGGTGGGACTCAGCAGG,0,3471744
tfaE_stfE_predicted,0.5,1,1,CTAGGCGTCCGGTCCTCGGC,0,3513275
tfaE_stfE_predicted,0.5,1,1,CTAGGCCGGCACTCTTCCCT,0,3495482
tfaE_stfE_predicted,0.5,1,1,CTAGGACGACGGCCACAATG,0,3493565
tfaE_stfE_predicted,0.5,1,1,CTAGCTTTTCTGCGAAGGAT,0,3490311
tfaE_stfE_predicted,0.5,1,1,CTAGCCGCTCGGCGTTGGAC,0,3476663
tfaE_stfE_predicted,0.5,1,1,CTACGTTTAAGGCATAAGCT,0,3468965
tfaE_stfE_predicted,0.5,1,1,CTACGGAACAGCGACATTTA,0,3474821
tfaE_stfE_predicted,0.5,1,1,CTACATTGAAACGGTGATTC,0,3524737
tfaE_stfE_predicted,0.5,1,1,CTACATATGGGTATGCCGTG,0,3492850
tfaE_stfE_predicted,0.5,1,1,CTACACTGCGCCCTGTCGTA,0,3538987
tfaE_stfE_predicted,0.5,1,1,CTACACCGGCTTTGCACAGT,0,3495542
tfaE_stfE_predicted,0.5,1,1,CTACAACAAGCAACATCTCA,0,3481662
tfaE_stfE_predicted,0.5,1,1,CTAATTCTTCGACCAAGACA,0,3508181
tfaE_stfE_predicted,0.5,1,1,CTAAGGCGTCTTGCAGTGAA,0,3468820
tfaE_stfE_predicted,0.5,1,1,CTAACGGAATCGCGCTTGCT,0,3500754
tfaE_stfE_predicted,0.5,1,1,CTAAATCTAGGAATTCGTAA,0,3503683
tfaE_stfE_predicted,0.5,1,1,CTAAAGCGGGGGGGGCAGAC,0,3481450
tfaE_stfE_predicted,0.5,1,1,CTAAAGCGACCGTCCCTGCG,0,3491463
tfaE_stfE_predicted,0.5,1,1,CTAAAACATAGCACTTTAGG,0,3479099
tfaE_stfE_predicted,0.5,1,1,CGTTTTTAGAAGATGATTTG,0,3518067
tfaE_stfE_predicted,0.5,1,1,CGTTTTTAACGCCAGTACGT,0,3523612
tfaE_stfE_predicted,0.5,1,1,CGTTTGGTGAGATACTTTCT,0,3531238
tfaE_stfE_predicted,0.5,1,1,CGTTTAGCTCTCTTTGGCCA,0,3479812
tfaE_stfE_predicted,0.5,1,1,CGTTGTAAATCGGGTTTAAA,0,3529188
tfaE_stfE_predicted,0.5,1,1,CGTTCGGCGTTCCCGTCGAG,0,3475881
tfaE_stfE_predicted,0.5,1,1,CGTTATGACATAGGTTCATT,0,3498805
tfaE_stfE_predicted,0.5,1,1,CGTGTTGTCAGGTACTCGGC,0,3492301
tfaE_stfE_predicted,0.5,1,1,CGTGTTAGTCACAACATCCC,0,3478289
tfaE_stfE_predicted,0.5,1,1,CGTGTGGGCCACGCTGAGGC,0,3526864
tfaE_stfE_predicted,0.5,1,1,CGTGTCGGGTAGAAGTCGTA,0,3513515
tfaE_stfE_predicted,0.5,1,1,CGTGTCGGGCAACTTGGAAG,0,3506727
tfaE_stfE_predicted,0.5,1,1,CGTGTCATCCGTGGTGACAA,0,3520492
tfaE_stfE_predicted,0.5,1,1,CGTGTACCACCTACCGAGAT,0,3476951
tfaE_stfE_predicted,0.5,1,1,CGTGGTGCTGCTGGCCGAAC,0,3538931
tfaE_stfE_predicted,0.5,1,1,CGTGGTCCCTATAAATACAC,0,3487996
tfaE_stfE_predicted,0.5,1,1,CGTGGGGTGTCTAGGTTGAA,0,3536856
tfaE_stfE_predicted,0.5,1,1,CGTGCTCGCGATTCTGGAGT,0,3475625
tfaE_stfE_predicted,0.5,1,1,CGTGCGGGAAAGCCTCTCCA,0,3480723
tfaE_stfE_predicted,0.5,1,1,CGTGCCTCCTGCGGGTACCC,0,3500572
tfaE_stfE_predicted,0.5,1,1,CGTGATGAAGGGTAGTCCTG,0,3494161
tfaE_stfE_predicted,0.5,1,1,CGTCTTCTTAGTGCTCTTGG,0,3501747
tfaE_stfE_predicted,0.5,1,1,CGTCTCAAGGGCTTGGCTAC,0,3495191
tfaE_stfE_predicted,0.5,1,1,CGTCTACGGTCATATTGCAA,0,3474617
tfaE_stfE_predicted,0.5,1,1,CGTCGAAGTATGTGAGCAAT,0,3515122
tfaE_stfE_predicted,0.5,1,1,CGTCCGTATCTAAGTCAATT,0,3489799
tfaE_stfE_predicted,0.5,1,1,CGTCCCTAATTTATAAAGTG,0,3468756
tfaE_stfE_predicted,0.5,1,1,CGTCCCATATGATAGATGAT,0,3521422
tfaE_stfE_predicted,0.5,1,1,CGTCATGAGTCGTTAGTTAT,0,3526493
tfaE_stfE_predicted,0.5,1,1,CGTCACTGCTCGCAGGCGAC,0,3520063
tfaE_stfE_predicted,0.5,1,1,CGTCACACGTATGTCGTACA,0,3517141
tfaE_stfE_predicted,0.5,1,1,CGTATTCGGTTCTGAGCAGA,0,3514276
tfaE_stfE_predicted,0.5,1,1,CGTATTCCCGGAATAACCCA,0,3475010
tfaE_stfE_predicted,0.5,1,1,CGTACTAAAACGGCGGAGTC,0,3523170
tfaE_stfE_predicted,0.5,1,1,CGTACGAATGAGTACACGGT,0,3521532
tfaE_stfE_predicted,0.5,1,1,CGTACCGAGCAATAACGTAC,0,3533141
tfaE_stfE_predicted,0.5,1,1,CGTAAATAGCACTAAAGACA,0,3467137
tfaE_stfE_predicted,0.5,1,1,CGGTGGGTCACGTTTAATAA,0,3501771
tfaE_stfE_predicted,0.5,1,1,CGGTGGGTATATCGCGACCC,0,3518800
tfaE_stfE_predicted,0.5,1,1,CGGTGGAGTATTGAGAGAAA,0,3516351
tfaE_stfE_predicted,0.5,1,1,CGGTGCGCCCTTCTTTTCTT,0,3516110
tfaE_stfE_predicted,0.5,1,1,CGGTGACCGATCTACGAACG,0,3498359
tfaE_stfE_predicted,0.5,1,1,CGGTCTCATATGACCAGTGT,0,3488666
tfaE_stfE_predicted,0.5,1,1,CGGTCTAGTAATTCCGGGAC,0,3517724
tfaE_stfE_predicted,0.5,1,1,CGGTCCAGACTCTGCCCTAG,0,3517024
tfaE_stfE_predicted,0.5,1,1,CGGTCATCAGCGCGGTTAGA,0,3533989
tfaE_stfE_predicted,0.5,1,1,CGGTAGATCTGGATATAGGA,0,3515991
tfaE_stfE_predicted,0.5,1,1,CGGGTTGCATCTCCAGTCAG,0,3467770
tfaE_stfE_predicted,0.5,1,1,CGGGTTATGACTGATTGTGC,0,3513567
tfaE_stfE_predicted,0.5,1,1,CGGGTTAGCCTTTGGGGCGA,0,3514899
tfaE_stfE_predicted,0.5,1,1,CGGGTTAGACAAGTCGGCGT,0,3541032
tfaE_stfE_predicted,0.5,1,1,CGGGGAGGGGTTATGAGTTG,0,3538384
tfaE_stfE_predicted,0.5,1,1,CGGGCGGGACAATGAGAGAA,0,3480685
tfaE_stfE_predicted,0.5,1,1,CGGGCGCTCCCGGTTATGAA,0,3521206
tfaE_stfE_predicted,0.5,1,1,CGGGCAGTCAATGTAGCGAC,0,3534943
tfaE_stfE_predicted,0.5,1,1,CGGGCAGGGGTACGACGATC,0,3503107
tfaE_stfE_predicted,0.5,1,1,CGGGAGACTTGCCATAGTCT,0,3511133
tfaE_stfE_predicted,0.5,1,1,CGGGACCAGCAATAGTCCTG,0,3539148
tfaE_stfE_predicted,0.5,1,1,CGGGACCAAACATTGAGGAA,0,3515189
tfaE_stfE_predicted,0.5,1,1,CGGGAATCGATGGGATATAC,0,3529474
tfaE_stfE_predicted,0.5,1,1,CGGGAACCGCACAATTTAGG,0,3514695
tfaE_stfE_predicted,0.5,1,1,CGGCTTGTTATCGGCAGTTG,0,3508346
tfaE_stfE_predicted,0.5,1,1,CGGCTGGACGACACGCCTTA,0,3489611
tfaE_stfE_predicted,0.5,1,1,CGGCTGCGCCGCTCATATCT,0,3527097
tfaE_stfE_predicted,0.5,1,1,CGGCTGCCCCTCCTTCACAC,0,3511451
tfaE_stfE_predicted,0.5,1,1,CGGCGTTTCCTTGAATGAGC,0,3489790
tfaE_stfE_predicted,0.5,1,1,CGGCGTGTCGCCGGGCGAGC,0,3530186
tfaE_stfE_predicted,0.5,1,1,CGGCGTGGGAGTAGGTAAGT,0,3486214
tfaE_stfE_predicted,0.5,1,1,CGGCGCTTCAGGACTGTACG,0,3496906
tfaE_stfE_predicted,0.5,1,1,CGGCGCGTACTCACGTATTC,0,3506184
tfaE_stfE_predicted,0.5,1,1,CGGCGCACTTCCAGCGAATT,0,3536982
tfaE_stfE_predicted,0.5,1,1,CGGCGACCACTTTGGGAAAC,0,3531122
tfaE_stfE_predicted,0.5,1,1,CGGCCTTCTAGGATAGGCGT,0,3496093
tfaE_stfE_predicted,0.5,1,1,CGGCCCACATGCTAGAATAC,0,3481402
tfaE_stfE_predicted,0.5,1,1,CGGCCATACTGCTTATCACT,0,3502203
tfaE_stfE_predicted,0.5,1,1,CGGCCACTTCCTATACCGGC,0,3501430
tfaE_stfE_predicted,0.5,1,1,CGGCATTCTAGCCTGCCTAA,0,3510411
tfaE_stfE_predicted,0.5,1,1,CGGCAGATCACTAAACAGGG,0,3519097
tfaE_stfE_predicted,0.5,1,1,CGGCACGCAGATGTTGGTGA,0,3539667
tfaE_stfE_predicted,0.5,1,1,CGGATTGATCGCCCTTTCGG,0,3519176
tfaE_stfE_predicted,0.5,1,1,CGGATTAGGAGTCCATCGAA,0,3532431
tfaE_stfE_predicted,0.5,1,1,CGGATGGGGTGTGGTAAAGG,0,3471966
tfaE_stfE_predicted,0.5,1,1,CGGAGGCTTGACGTTGAGCA,0,3512273
tfaE_stfE_predicted,0.5,1,1,CGGAGGCAGGAGGTTCTGCC,0,3486651
tfaE_stfE_predicted,0.5,1,1,CGGAGCTTGATGTAGGATAT,0,3522955
tfaE_stfE_predicted,0.5,1,1,CGGAGCGTCGAAGTTCGTGG,0,3540759
tfaE_stfE_predicted,0.5,1,1,CGGAGACTGGCCACAGTTCA,0,3486654
tfaE_stfE_predicted,0.5,1,1,CGGACTTACCTCTTCCCTTA,0,3532398
tfaE_stfE_predicted,0.5,1,1,CGGACGACCCATTGGTTTGG,0,3537875
tfaE_stfE_predicted,0.5,1,1,CGGACCGCAACCCGTAAAGT,0,3512286
tfaE_stfE_predicted,0.5,1,1,CGGAAACTGTATCATTCCTC,0,3534242
tfaE_stfE_predicted,0.5,1,1,CGCTTTTTTGGTTCGCGTAC,0,3509897
tfaE_stfE_predicted,0.5,1,1,CGCTTGTCCGTGGCTGATCC,0,3468875
tfaE_stfE_predicted,0.5,1,1,CGCTTGTCCGCCAGAGTGAA,0,3504838
tfaE_stfE_predicted,0.5,1,1,CGCTTGGAGTATCGTATACG,0,3473401
tfaE_stfE_predicted,0.5,1,1,CGCTTCAGGATCTTAACAGG,0,3535395
tfaE_stfE_predicted,0.5,1,1,CGCTTATTTTTTACAAGACT,0,3490553
tfaE_stfE_predicted,0.5,1,1,CGCTTAACCCGGGCTAGGAA,0,3472424
tfaE_stfE_predicted,0.5,1,1,CGCTGCTTATCCATTGTGTA,0,3534532
tfaE_stfE_predicted,0.5,1,1,CGCTGATCCCTAAGTTTCAA,0,3514488
tfaE_stfE_predicted,0.5,1,1,CGCTGAGTGGTACTTCTATA,0,3500118
tfaE_stfE_predicted,0.5,1,1,CGCTCTGACTTCGATCGTAT,0,3531845
tfaE_stfE_predicted,0.5,1,1,CGCTCCACCGTTTCGCCCAG,0,3493624
tfaE_stfE_predicted,0.5,1,1,CGCTCAGGGACGGTCAATCA,0,3483887
tfaE_stfE_predicted,0.5,1,1,CGCTCAAGAGGATCAATCCA,0,3479844
tfaE_stfE_predicted,0.5,1,1,CGCTAGCTGCGCCCCGGGTC,0,3479098
tfaE_stfE_predicted,0.5,1,1,CGCTACCTGCTCTCTCGGCT,0,3486959
tfaE_stfE_predicted,0.5,1,1,CGCTACCAGGGCACCACTTC,0,3530174
tfaE_stfE_predicted,0.5,1,1,CGCTACATCTATGGTACTAC,0,3495013
tfaE_stfE_predicted,0.5,1,1,CGCGTTATATCTATTCAAGG,0,3531616
tfaE_stfE_predicted,0.5,1,1,CGCGTGAGAACATAGCAAGG,0,3499782
tfaE_stfE_predicted,0.5,1,1,CGCGGGGTAGATCCCAACTG,0,3504140
tfaE_stfE_predicted,0.5,1,1,CGCGGGCGGACGGAGTTCGG,0,3482188
tfaE_stfE_predicted,0.5,1,1,CGCGCGCAAGTGGAAGGCAG,0,3534659
tfaE_stfE_predicted,0.5,1,1,CGCGCCAAAGTCATTCCACA,0,3494659
tfaE_stfE_predicted,0.5,1,1,CGCGCATGGTTAACTACGCA,0,3537738
tfaE_stfE_predicted,0.5,1,1,CGCGATCGTAACGAAAAAAT,0,3534152
tfaE_stfE_predicted,0.5,1,1,CGCGAAACACCACCCGGTAT,0,3485723
tfaE_stfE_predicted,0.5,1,1,CGCCTTCCGGCAGAAGTTCA,0,3512633
tfaE_stfE_predicted,0.5,1,1,CGCCGTTTACGCTTCAATGT,0,3510112
tfaE_stfE_predicted,0.5,1,1,CGCCGGGAGCGTTCAACGGC,0,3487387
tfaE_stfE_predicted,0.5,1,1,CGCCGCGGTACATTCATTAT,0,3506534
tfaE_stfE_predicted,0.5,1,1,CGCCGATTCGTCGTGGGCCC,0,3511822
tfaE_stfE_predicted,0.5,1,1,CGCCGAGGGTAGCAGACCTG,0,3496603
tfaE_stfE_predicted,0.5,1,1,CGCCCATGCCTGATATAGCT,0,3526489
tfaE_stfE_predicted,0.5,1,1,CGCCCATAGGCGGCTCTCTA,0,3539241
tfaE_stfE_predicted,0.5,1,1,CGCCACAATTTCCGGTTGGC,0,3496918
tfaE_stfE_predicted,0.5,1,1,CGCATCGTGTTAGAGCACCA,0,3508853
tfaE_stfE_predicted,0.5,1,1,CGCAGTTCTGAGGAAATCTC,0,3490491
tfaE_stfE_predicted,0.5,1,1,CGCAGCCGGGCGGACCACAA,0,3506610
tfaE_stfE_predicted,0.5,1,1,CGCAGCCGCGCACACGATCC,0,3528383
tfaE_stfE_predicted,0.5,1,1,CGCAGACAGGCTTCAGCAGT,0,3467151
tfaE_stfE_predicted,0.5,1,1,CGCACGTCAATCGGAAATGT,0,3488545
tfaE_stfE_predicted,0.5,1,1,CGCACGCAGCAGCAGTCCGG,0,3509599
tfaE_stfE_predicted,0.5,1,1,CGCACCCCACGCGAGTGGAC,0,3493801
tfaE_stfE_predicted,0.5,1,1,CGCAATAACACATGTATCTA,0,3534523
tfaE_stfE_predicted,0.5,1,1,CGCAAGAGGGCTAGCGTCAC,0,3484520
tfaE_stfE_predicted,0.5,1,1,CGCAACGGTATGTCATACTG,0,3487093
tfaE_stfE_predicted,0.5,1,1,CGCAAAGGGTACGAAGACTC,0,3492997
tfaE_stfE_predicted,0.5,1,1,CGATTTCTATCACAACGCGA,0,3527609
tfaE_stfE_predicted,0.5,1,1,CGATTTACAAGAAAGTTGAT,0,3479040
tfaE_stfE_predicted,0.5,1,1,CGATTGCGGTCATGAGGTTA,0,3498435
tfaE_stfE_predicted,0.5,1,1,CGATTCTATCCGGTTTAAGT,0,3498354
tfaE_stfE_predicted,0.5,1,1,CGATTCCTCTTCAGGTTTGT,0,3531695
tfaE_stfE_predicted,0.5,1,1,CGATCGTCCCGAGCCCTGGT,0,3502857
tfaE_stfE_predicted,0.5,1,1,CGATCGATTGTCTACTGTTC,0,3519638
tfaE_stfE_predicted,0.5,1,1,CGATCCAGGTCTCGGGTTCC,0,3528022
tfaE_stfE_predicted,0.5,1,1,CGATACTTTGCAAGCACACT,0,3488312
tfaE_stfE_predicted,0.5,1,1,CGATAATCCCGGTCCCTATT,0,3492051
tfaE_stfE_predicted,0.5,1,1,CGAGTTGGGATCATCAGCAA,0,3483112
tfaE_stfE_predicted,0.5,1,1,CGAGTCGGGTCGCTTTTCTA,0,3530455
tfaE_stfE_predicted,0.5,1,1,CGAGTAGTCGTGATTAGAAC,0,3505592
tfaE_stfE_predicted,0.5,1,1,CGAGGTCAGTTTGTAGGGAC,0,3471377
tfaE_stfE_predicted,0.5,1,1,CGAGGGATGTGGAACCTCTT,0,3496630
tfaE_stfE_predicted,0.5,1,1,CGAGGCCTGGCGATCATTAC,0,3537300
tfaE_stfE_predicted,0.5,1,1,CGAGATAAAGACGGCGTATG,0,3536278
tfaE_stfE_predicted,0.5,1,1,CGAGAGGCACTAAAACGTGA,0,3488124
tfaE_stfE_predicted,0.5,1,1,CGAGAAAGTACGACGTTAGG,0,3472241
tfaE_stfE_predicted,0.5,1,1,CGACTGAGCGGCACATTTGC,0,3538671
tfaE_stfE_predicted,0.5,1,1,CGACTCCGTGTTTGGCTTGT,0,3505845
tfaE_stfE_predicted,0.5,1,1,CGACTATACGTCACCTACAA,0,3485973
tfaE_stfE_predicted,0.5,1,1,CGACTAGACTGTGTGCACAC,0,3508399
tfaE_stfE_predicted,0.5,1,1,CGACTAAAAGGACGCCAGGC,0,3480102
tfaE_stfE_predicted,0.5,1,1,CGACGCGGCTATTTATCCAT,0,3490963
tfaE_stfE_predicted,0.5,1,1,CGACGCGAAGGGCGTCAGGA,0,3487874
tfaE_stfE_predicted,0.5,1,1,CGACGACTATGAGCATAGAG,0,3522639
tfaE_stfE_predicted,0.5,1,1,CGACCTTATGCACCTTGCGT,0,3476429
tfaE_stfE_predicted,0.5,1,1,CGACCGTGTGATCTCTTGAT,0,3526931
tfaE_stfE_predicted,0.5,1,1,CGACCGGTGAGGGGGCAAGT,0,3533736
tfaE_stfE_predicted,0.5,1,1,CGACCAGTCTGAAAATGCCA,0,3500470
tfaE_stfE_predicted,0.5,1,1,CGACACGCCTTCGAAATCCG,0,3524207
tfaE_stfE_predicted,0.5,1,1,CGAAGTTAGTGGGCAGGTAG,0,3532279
tfaE_stfE_predicted,0.5,1,1,CGAAGTGAGGGGCTGTCCCT,0,3507587
tfaE_stfE_predicted,0.5,1,1,CGAAGGTGACAATACTTTTC,0,3486731
tfaE_stfE_predicted,0.5,1,1,CGAAGAAGCGACTTCTGAGT,0,3496617
tfaE_stfE_predicted,0.5,1,1,CGAACTCTTGTAGGTAAGAG,0,3481764
tfaE_stfE_predicted,0.5,1,1,CGAACGAAACACTGTCAGGC,0,3506881
tfaE_stfE_predicted,0.5,1,1,CGAACCTCAACAGTGCCCTA,0,3503238
tfaE_stfE_predicted,0.5,1,1,CGAACACTTGATCCCGGAGG,0,3492444
tfaE_stfE_predicted,0.5,1,1,CGAAATGCAACGATCTTCTC,0,3539275
tfaE_stfE_predicted,0.5,1,1,CGAAACTTTAAGACATAGAT,0,3478505
tfaE_stfE_predicted,0.5,1,1,CCTTTACCGCTTTGTGCGGG,0,3486728
tfaE_stfE_predicted,0.5,1,1,CCTTTAAATAACCGGATGTC,0,3531926
tfaE_stfE_predicted,0.5,1,1,CCTTGTTTCAAAAGGTATTA,0,3479802
tfaE_stfE_predicted,0.5,1,1,CCTTGTTCAGTGGGATCATC,0,3479386
tfaE_stfE_predicted,0.5,1,1,CCTTGACTAGATGTCTGGCA,0,3518475
tfaE_stfE_predicted,0.5,1,1,CCTTCTAATGATCCATTGTA,0,3480126
tfaE_stfE_predicted,0.5,1,1,CCTTCGCTGGTAAAACCGGG,0,3469213
tfaE_stfE_predicted,0.5,1,1,CCTTCGCTAGGTAGTTCCTT,0,3494766
tfaE_stfE_predicted,0.5,1,1,CCTTCCGGTATCGAAAAGGC,0,3497083
tfaE_stfE_predicted,0.5,1,1,CCTTATACCTTTGAAAGCCT,0,3506624
tfaE_stfE_predicted,0.5,1,1,CCTTAATTCCTCGATTATCT,0,3470377
tfaE_stfE_predicted,0.5,1,1,CCTTAACCTTCGGGGGCAAT,0,3513156
tfaE_stfE_predicted,0.5,1,1,CCTGTGTGGACTGTATTCTC,0,3541245
tfaE_stfE_predicted,0.5,1,1,CCTGTGTATAAGGCTCAAGG,0,3471316
tfaE_stfE_predicted,0.5,1,1,CCTGTGCTTAGCGAATAGAT,0,3502248
tfaE_stfE_predicted,0.5,1,1,CCTGGGGACTTCCTCCTCAC,0,3503741
tfaE_stfE_predicted,0.5,1,1,CCTGCTATATCGCCCAGTGA,0,3474145
tfaE_stfE_predicted,0.5,1,1,CCTGATTACGGTCTTGCGTG,0,3471535
tfaE_stfE_predicted,0.5,1,1,CCTGATGGTACAAAAGTCTG,0,3471490
tfaE_stfE_predicted,0.5,1,1,CCTGATGGCATGCCTCACTC,0,3469977
tfaE_stfE_predicted,0.5,1,1,CCTGACGAACAACATTATGA,0,3467032
tfaE_stfE_predicted,0.5,1,1,CCTGACAAACTACGGTCGTC,0,3480733
tfaE_stfE_predicted,0.5,1,1,CCTGAAACAGTTCGGTGTAT,0,3485790
tfaE_stfE_predicted,0.5,1,1,CCTCTTCGTTAAATACATGT,0,3478380
tfaE_stfE_predicted,0.5,1,1,CCTCTTCCACGGCGGAACAT,0,3526559
tfaE_stfE_predicted,0.5,1,1,CCTCTGGTGGCTTTAGCTCA,0,3520609
tfaE_stfE_predicted,0.5,1,1,CCTCTGCGCATTACAACGTC,0,3478570
tfaE_stfE_predicted,0.5,1,1,CCTCTACCTCCGTGATCAGA,0,3474968
tfaE_stfE_predicted,0.5,1,1,CCTCGTGTATGGTCAGGATA,0,3513066
tfaE_stfE_predicted,0.5,1,1,CCTCGTGCTCTGGAGGGCAA,0,3516776
tfaE_stfE_predicted,0.5,1,1,CCTCGACTGTTCTAAAACTG,0,3495944
tfaE_stfE_predicted,0.5,1,1,CCTCCTTTTTGGAGTGAGTG,0,3529279
tfaE_stfE_predicted,0.5,1,1,CCTCCTGTGGCACTCCCAGC,0,3510838
tfaE_stfE_predicted,0.5,1,1,CCTCCGGTCTGACGGCGAGA,0,3483726
tfaE_stfE_predicted,0.5,1,1,CCTCCATGAAGCGTGCTAAG,0,3507385
tfaE_stfE_predicted,0.5,1,1,CCTCCACACGGCTGTTCGTT,0,3480472
tfaE_stfE_predicted,0.5,1,1,CCTCCAATAAAGCCTGGAAT,0,3533027
tfaE_stfE_predicted,0.5,1,1,CCTCAGTTAGTGAGTTCTAG,0,3520502
tfaE_stfE_predicted,0.5,1,1,CCTCAGCGCGATCGCTGTTT,0,3494270
tfaE_stfE_predicted,0.5,1,1,CCTCACGGCACGTGATGTTT,0,3511519
tfaE_stfE_predicted,0.5,1,1,CCTATTTTATCCAGCTGCAT,0,3518308
tfaE_stfE_predicted,0.5,1,1,CCTATGAACCTTTGGCTCGC,0,3501599
tfaE_stfE_predicted,0.5,1,1,CCTAGTTTTCCTTGCACCCT,0,3497021
tfaE_stfE_predicted,0.5,1,1,CCTAGTTCCGCTATCGATAC,0,3475218
tfaE_stfE_predicted,0.5,1,1,CCTAGTTCACCACAGATAGG,0,3494147
tfaE_stfE_predicted,0.5,1,1,CCTAGTGCTACTCCAGGAAG,0,3489114
tfaE_stfE_predicted,0.5,1,1,CCTACAGATGGTTGCGCAAT,0,3533852
tfaE_stfE_predicted,0.5,1,1,CCTAATGAACGGTTGCGCGC,0,3499536
tfaE_stfE_predicted,0.5,1,1,CCTAACTGTCTCGGGTATCA,0,3529354
tfaE_stfE_predicted,0.5,1,1,CCTAAAGGTACGCTAGCTTT,0,3475926
tfaE_stfE_predicted,0.5,1,1,CCGTTTGACTTCCGGCAACC,0,3532661
tfaE_stfE_predicted,0.5,1,1,CCGTTGCAGCGGACGTATTG,0,3491079
tfaE_stfE_predicted,0.5,1,1,CCGTTCGTTTTTCTCCGCTT,0,3537872
tfaE_stfE_predicted,0.5,1,1,CCGTGAGGACTACTCAATGC,0,3473468
tfaE_stfE_predicted,0.5,1,1,CCGTCTCTTTCGTGGTACTA,0,3473689
tfaE_stfE_predicted,0.5,1,1,CCGTCGATAATCTCGTATCG,0,3523183
tfaE_stfE_predicted,0.5,1,1,CCGTCATAGGAATATCAATT,0,3509196
tfaE_stfE_predicted,0.5,1,1,CCGTATTTAGTAATTCACAC,0,3467398
tfaE_stfE_predicted,0.5,1,1,CCGTATAAATCAAGAAAGAT,0,3501005
tfaE_stfE_predicted,0.5,1,1,CCGGTTATATCTTAATGTAT,0,3532094
tfaE_stfE_predicted,0.5,1,1,CCGGTAGCTCCGGGAAGCCA,0,3476320
tfaE_stfE_predicted,0.5,1,1,CCGGGTGTACGTGTAATGAC,0,3536136
tfaE_stfE_predicted,0.5,1,1,CCGGGGGATCCAAAGTCAAT,0,3501144
tfaE_stfE_predicted,0.5,1,1,CCGGGCTAGACTTAAACGGC,0,3528911
tfaE_stfE_predicted,0.5,1,1,CCGGGATGAAAGCTTGTGAC,0,3469678
tfaE_stfE_predicted,0.5,1,1,CCGGGAGTCAACCTCGCGAG,0,3538387
tfaE_stfE_predicted,0.5,1,1,CCGGGACAGAGTGTCATGGA,0,3533195
tfaE_stfE_predicted,0.5,1,1,CCGGCGGAACAAAGAGCATA,0,3489118
tfaE_stfE_predicted,0.5,1,1,CCGCTTGTAGTTGGCCCCGA,0,3510573
tfaE_stfE_predicted,0.5,1,1,CCGCTTACAAAAATATCACG,0,3503665
tfaE_stfE_predicted,0.5,1,1,CCGCTCGCAGGACACACCTT,0,3477245
tfaE_stfE_predicted,0.5,1,1,CCGCTCGCAGACGGTTCGGA,0,3490567
tfaE_stfE_predicted,0.5,1,1,CCGCTACATATCCTTAAAAT,0,3536229
tfaE_stfE_predicted,0.5,1,1,CCGCGCGCTTTCTACCTAGT,0,3490172
tfaE_stfE_predicted,0.5,1,1,CCGCGCCGGGTTACCTATGA,0,3518863
tfaE_stfE_predicted,0.5,1,1,CCGCCTTGCGCCATGCGGAT,0,3514834
tfaE_stfE_predicted,0.5,1,1,CCGCCTCCTTCTTAACCGAA,0,3513347
tfaE_stfE_predicted,0.5,1,1,CCGCCCTACCTAAAACAGTG,0,3483773
tfaE_stfE_predicted,0.5,1,1,CCGCCAGGGCCTCCCCGTGG,0,3506439
tfaE_stfE_predicted,0.5,1,1,CCGCATTTTGAATGTGTATC,0,3468498
tfaE_stfE_predicted,0.5,1,1,CCGCATGGTTTTGTTGGCGC,0,3518515
tfaE_stfE_predicted,0.5,1,1,CCGCATCGTCATAATTAGGG,0,3493221
tfaE_stfE_predicted,0.5,1,1,CCGCACCACGGATGCGAAGT,0,3521858
tfaE_stfE_predicted,0.5,1,1,CCGCACAGTCGCCGCTGAGT,0,3509386
tfaE_stfE_predicted,0.5,1,1,CCGCAATTGTAGCCAGATAA,0,3491043
tfaE_stfE_predicted,0.5,1,1,CCGATTGTATTTTTGGGAAG,0,3494973
tfaE_stfE_predicted,0.5,1,1,CCGATAGACTTCGAGGCCAT,0,3499019
tfaE_stfE_predicted,0.5,1,1,CCGAGACGACTCTGCGGCGA,0,3500538
tfaE_stfE_predicted,0.5,1,1,CCGACTCTTTCCAGTTATCG,0,3523822
tfaE_stfE_predicted,0.5,1,1,CCGACCTCGCGCTCCCTCTT,0,3490936
tfaE_stfE_predicted,0.5,1,1,CCGACCGGATCATGTCTCCA,0,3534484
tfaE_stfE_predicted,0.5,1,1,CCGACACCATTCTAGGACCC,0,3507468
tfaE_stfE_predicted,0.5,1,1,CCGAATTGAGGGGTGCCGGA,0,3519914
tfaE_stfE_predicted,0.5,1,1,CCGAAAGTCAAGAAGGAACA,0,3474752
tfaE_stfE_predicted,0.5,1,1,CCCTGTTCGTTAGCCTCTCC,0,3469956
tfaE_stfE_predicted,0.5,1,1,CCCTGTCTATAGGCATAGGT,0,3471901
tfaE_stfE_predicted,0.5,1,1,CCCTGTCAGTGGCGCGTAAT,0,3521000
tfaE_stfE_predicted,0.5,1,1,CCCTGGGTTTTATATTTTAT,0,3509212
tfaE_stfE_predicted,0.5,1,1,CCCTGGCGGTTCTTCAGATT,0,3508598
tfaE_stfE_predicted,0.5,1,1,CCCTCTACTCGAGTTGCGGC,0,3514432
tfaE_stfE_predicted,0.5,1,1,CCCTCGATGAAGTCAGTCAA,0,3486199
tfaE_stfE_predicted,0.5,1,1,CCCTCGACAACCAGAAAAAT,0,3541175
tfaE_stfE_predicted,0.5,1,1,CCCTCAGTTGACGACTCTAG,0,3502102
tfaE_stfE_predicted,0.5,1,1,CCCTATCTGGCTACTAATCA,0,3537369
tfaE_stfE_predicted,0.5,1,1,CCCTAAGAACCTTGTGGGTG,0,3531663
tfaE_stfE_predicted,0.5,1,1,CCCGTGGCCATTAGATATCC,0,3489553
tfaE_stfE_predicted,0.5,1,1,CCCGTCATCTGTTAGACCCG,0,3532114
tfaE_stfE_predicted,0.5,1,1,CCCGTCATCGAGATATGATT,0,3518163
tfaE_stfE_predicted,0.5,1,1,CCCGTATAAGCGGTGGGCCA,0,3516769
tfaE_stfE_predicted,0.5,1,1,CCCGGTGATATGCAATCGAC,0,3523420
tfaE_stfE_predicted,0.5,1,1,CCCGGTACACCCTGCCCAGA,0,3538564
tfaE_stfE_predicted,0.5,1,1,CCCGGACTACAACCTACCAG,0,3491024
tfaE_stfE_predicted,0.5,1,1,CCCGCTTAGACGGAGTAAAG,0,3470016
tfaE_stfE_predicted,0.5,1,1,CCCGCGAAGAGTAGCGACGA,0,3524808
tfaE_stfE_predicted,0.5,1,1,CCCGCAGAGACATCCAGTAC,0,3519313
tfaE_stfE_predicted,0.5,1,1,CCCGCACCTTTGATCACAAA,0,3521197
tfaE_stfE_predicted,0.5,1,1,CCCGATTCGTTCCTTATCAC,0,3467607
tfaE_stfE_predicted,0.5,1,1,CCCGAGCACGGAACAGACAT,0,3521566
tfaE_stfE_predicted,0.5,1,1,CCCGACTATACTGATTAATA,0,3527186
tfaE_stfE_predicted,0.5,1,1,CCCCTGCTTGATCGTCAATT,0,3538868
tfaE_stfE_predicted,0.5,1,1,CCCCGTCTGACTATTGCGCA,0,3471284
tfaE_stfE_predicted,0.5,1,1,CCCCGGCAGTCTAATCACCA,0,3508591
tfaE_stfE_predicted,0.5,1,1,CCCCGCGGGCTCCGCCCAAA,0,3478228
tfaE_stfE_predicted,0.5,1,1,CCCCGCATGCCAAAGTGCTG,0,3499534
tfaE_stfE_predicted,0.5,1,1,CCCCGAGTCTGCTCGTGTTC,0,3502892
tfaE_stfE_predicted,0.5,1,1,CCCCGACGGGGTTGCAAGGC,0,3492943
tfaE_stfE_predicted,0.5,1,1,CCCCCTTGTAATAGCGGCGT,0,3535136
tfaE_stfE_predicted,0.5,1,1,CCCCCTTGCGCTACGGCAAC,0,3522746
tfaE_stfE_predicted,0.5,1,1,CCCCCGCTTTGCCTTTGAAC,0,3513170
tfaE_stfE_predicted,0.5,1,1,CCCCCCTTTTAGACGTACCT,0,3529128
tfaE_stfE_predicted,0.5,1,1,CCCCCCCTTCCTCGCTGCGG,0,3510900
tfaE_stfE_predicted,0.5,1,1,CCCCAGTGGCGGTATGTCCA,0,3470151
tfaE_stfE_predicted,0.5,1,1,CCCCACCGCGACTCTATAAT,0,3524272
tfaE_stfE_predicted,0.5,1,1,CCCAGCTACCCTATGGAAGC,0,3482680
tfaE_stfE_predicted,0.5,1,1,CCCAGATTCGACACTGCGCT,0,3534580
tfaE_stfE_predicted,0.5,1,1,CCCACGATGCTCTCTCATCC,0,3526588
tfaE_stfE_predicted,0.5,1,1,CCCACCCGCGTTGATAAGAG,0,3533583
tfaE_stfE_predicted,0.5,1,1,CCCACCAGGACGTGTGCCGG,0,3513628
tfaE_stfE_predicted,0.5,1,1,CCCACATATAGAGAATTTAT,0,3495068
tfaE_stfE_predicted,0.5,1,1,CCCAATGCATGCATGATGTA,0,3539937
tfaE_stfE_predicted,0.5,1,1,CCCAACCTGTCCTGGTTGCT,0,3540755
tfaE_stfE_predicted,0.5,1,1,CCATTGGGTATACGAACCAT,0,3489732
tfaE_stfE_predicted,0.5,1,1,CCATGTCGAGTGTTTATGTT,0,3492874
tfaE_stfE_predicted,0.5,1,1,CCATGTCCCATACTATGACT,0,3500374
tfaE_stfE_predicted,0.5,1,1,CCATGTAGAACGAGTTCTAA,0,3522581
tfaE_stfE_predicted,0.5,1,1,CCATGGGACGAGAGAGATGA,0,3540321
tfaE_stfE_predicted,0.5,1,1,CCATGGCACGTAAGCTCGTC,0,3501080
tfaE_stfE_predicted,0.5,1,1,CCATGCTTGTCACGCCAACC,0,3527425
tfaE_stfE_predicted,0.5,1,1,CCATGCTGGGCTTATTCGCC,0,3535830
tfaE_stfE_predicted,0.5,1,1,CCATGCTGCCAATACTGTGA,0,3502077
tfaE_stfE_predicted,0.5,1,1,CCATGAGTAATTCACCTTTG,0,3478382
tfaE_stfE_predicted,0.5,1,1,CCATCTTATGCCTGGGGGCG,0,3466784
tfaE_stfE_predicted,0.5,1,1,CCATCGGGCTCAACGCTAAA,0,3515734
tfaE_stfE_predicted,0.5,1,1,CCATCGCTTTATGGGTTGCC,0,3514170
tfaE_stfE_predicted,0.5,1,1,CCATCCCGCGAACGTCACCA,0,3471613
tfaE_stfE_predicted,0.5,1,1,CCATCAGCGAATTAGTGTAA,0,3510955
tfaE_stfE_predicted,0.5,1,1,CCATCAGAGGCTTTAGGCCT,0,3508902
tfaE_stfE_predicted,0.5,1,1,CCATACTCATGACTGGGTCT,0,3525045
tfaE_stfE_predicted,0.5,1,1,CCATACAGGTGTTTCCAGAC,0,3504248
tfaE_stfE_predicted,0.5,1,1,CCATAATGGGTACTGGAGAA,0,3517641
tfaE_stfE_predicted,0.5,1,1,CCATAAGCAGTTTACCTACG,0,3523819
tfaE_stfE_predicted,0.5,1,1,CCATAACGGGAGGTATGCCG,0,3469078
tfaE_stfE_predicted,0.5,1,1,CCAGTGGCATTAACCAGACG,0,3514248
tfaE_stfE_predicted,0.5,1,1,CCAGTATTGCCGGGTTTCCT,0,3502684
tfaE_stfE_predicted,0.5,1,1,CCAGGTGACTGGTGATAGAT,0,3512431
tfaE_stfE_predicted,0.5,1,1,CCAGGTAGATCCCTAATCCT,0,3522702
tfaE_stfE_predicted,0.5,1,1,CCAGGGGCGGCACAACTGCT,0,3537028
tfaE_stfE_predicted,0.5,1,1,CCAGGGAAGGCTTCGTGACG,0,3491318
tfaE_stfE_predicted,0.5,1,1,CCAGGACGAGTGCGTGTCGT,0,3529527
tfaE_stfE_predicted,0.5,1,1,CCAGCTGACGTGCGAGAGTG,0,3521416
tfaE_stfE_predicted,0.5,1,1,CCAGCATTTTCGACTCCTGA,0,3508382
tfaE_stfE_predicted,0.5,1,1,CCAGATGCACACGGGCGCTG,0,3511533
tfaE_stfE_predicted,0.5,1,1,CCAGAATGGCCTCTAAGTGA,0,3482463
tfaE_stfE_predicted,0.5,1,1,CCACCTGTTTTGCGAGGGTT,0,3522515
tfaE_stfE_predicted,0.5,1,1,CCACCTGAACGGATGGGTTT,0,3473071
tfaE_stfE_predicted,0.5,1,1,CCACAGTGGACGTACACTGC,0,3479143
tfaE_stfE_predicted,0.5,1,1,CCAATTGGGTTCGTGATACA,0,3502426
tfaE_stfE_predicted,0.5,1,1,CCAATTGGGGAATCCTGAAA,0,3495424
tfaE_stfE_predicted,0.5,1,1,CCAATTCCATGCAATTGCGG,0,3500471
tfaE_stfE_predicted,0.5,1,1,CCAATCGTTACCGCATGGGT,0,3538464
tfaE_stfE_predicted,0.5,1,1,CCAATCGAGTTTAAAACACG,0,3469707
tfaE_stfE_predicted,0.5,1,1,CCAATCCCGCGATGCGAATG,0,3491881
tfaE_stfE_predicted,0.5,1,1,CCAAGGGGTAACGATGCGGT,0,3507590
tfaE_stfE_predicted,0.5,1,1,CCAAGGCCGGGAAGCGGGGT,0,3504921
tfaE_stfE_predicted,0.5,1,1,CCAACGACGATCCGGGTTGC,0,3494360
tfaE_stfE_predicted,0.5,1,1,CCAAATTAGAGTATATTCAG,0,3525861
tfaE_stfE_predicted,0.5,1,1,CCAAATATTTAATGGGCGAA,0,3540446
tfaE_stfE_predicted,0.5,1,1,CATTTGGACGTTCGCTGATC,0,3468184
tfaE_stfE_predicted,0.5,1,1,CATTTCTATCGAAGTACCGG,0,3509556
tfaE_stfE_predicted,0.5,1,1,CATTTAGGTCGCGTCTTTGG,0,3518740
tfaE_stfE_predicted,0.5,1,1,CATTTACCTTTATCATTGTG,0,3492918
tfaE_stfE_predicted,0.5,1,1,CATTGTTCCAGTCCTCCCAC,0,3491578
tfaE_stfE_predicted,0.5,1,1,CATTGTGTTGGGAGCCCTGC,0,3505913
tfaE_stfE_predicted,0.5,1,1,CATTGTCATGGCATAAACAT,0,3511038
tfaE_stfE_predicted,0.5,1,1,CATTGGGCACTCGGTAGAAG,0,3512794
tfaE_stfE_predicted,0.5,1,1,CATTCTGCTCGGAATCCCGT,0,3486885
tfaE_stfE_predicted,0.5,1,1,CATTCTAGGCATTTGAACTG,0,3500916
tfaE_stfE_predicted,0.5,1,1,CATTCGCGATTCGGCTTTTT,0,3474428
tfaE_stfE_predicted,0.5,1,1,CATTCGAATGCTTTACCTTT,0,3474723
tfaE_stfE_predicted,0.5,1,1,CATTCGAATCTGCATCCCGT,0,3515286
tfaE_stfE_predicted,0.5,1,1,CATTCAGCTCCATACTAATG,0,3530370
tfaE_stfE_predicted,0.5,1,1,CATTAGTGCAGGAATCTGGG,0,3502479
tfaE_stfE_predicted,0.5,1,1,CATGTTAATGTTGTCAAGTC,0,3481642
tfaE_stfE_predicted,0.5,1,1,CATGTGAGTAAACTAAGGGA,0,3517946
tfaE_stfE_predicted,0.5,1,1,CATGTCAGTTTGAGCCAGCC,0,3486008
tfaE_stfE_predicted,0.5,1,1,CATGTATTTTCAGAAACGAC,0,3486755
tfaE_stfE_predicted,0.5,1,1,CATGGTTAGAGGCTGTTATC,0,3519215
tfaE_stfE_predicted,0.5,1,1,CATGGTGCCATTCGGTTTCC,0,3497347
tfaE_stfE_predicted,0.5,1,1,CATGGCTGGGAGAAGCAATG,0,3491357
tfaE_stfE_predicted,0.5,1,1,CATGGCACAGGTGCCCGGGT,0,3534089
tfaE_stfE_predicted,0.5,1,1,CATGCGCGCAACGTGAAGAG,0,3521581
tfaE_stfE_predicted,0.5,1,1,CATGCCGCATATCGATAAAA,0,3490274
tfaE_stfE_predicted,0.5,1,1,CATGCCATCGATAGCACCGG,0,3516505
tfaE_stfE_predicted,0.5,1,1,CATGCAGTTACATAGTCTGT,0,3530931
tfaE_stfE_predicted,0.5,1,1,CATCTGTTTCTCAATTTGAT,0,3532697
tfaE_stfE_predicted,0.5,1,1,CATCGTATAGAATATACACA,0,3509519
tfaE_stfE_predicted,0.5,1,1,CATCGGATGAGATGCAAGGG,0,3468025
tfaE_stfE_predicted,0.5,1,1,CATCGCCATATCCGTTGGAC,0,3534196
tfaE_stfE_predicted,0.5,1,1,CATCGAGGGCCGCTATGGAT,0,3467568
tfaE_stfE_predicted,0.5,1,1,CATCCTGGGGCTTCATTCCG,0,3479700
tfaE_stfE_predicted,0.5,1,1,CATCCGCTGGCAGGTCTTTC,0,3474149
tfaE_stfE_predicted,0.5,1,1,CATCCGACGCGAGATACTTG,0,3484673
tfaE_stfE_predicted,0.5,1,1,CATCACTTGTATTCTTACTT,0,3504517
tfaE_stfE_predicted,0.5,1,1,CATATGCTAGCACGTATATA,0,3521336
tfaE_stfE_predicted,0.5,1,1,CATATGATTAGGAAGGATCA,0,3531447
tfaE_stfE_predicted,0.5,1,1,CATATCCGTGCTGGAGACGT,0,3512212
tfaE_stfE_predicted,0.5,1,1,CATATACCGAGTCAGTTCGC,0,3508802
tfaE_stfE_predicted,0.5,1,1,CATATACCATCATTTGTCTT,0,3498887
tfaE_stfE_predicted,0.5,1,1,CATAGTGCCGGCCGACCAAA,0,3486281
tfaE_stfE_predicted,0.5,1,1,CATAGTCGCTCTTACGCTCC,0,3526427
tfaE_stfE_predicted,0.5,1,1,CATAGGTGCGTACAGTCAAT,0,3490151
tfaE_stfE_predicted,0.5,1,1,CATAGGAATGAAGAAATACT,0,3503250
tfaE_stfE_predicted,0.5,1,1,CATAGCTGAGGGCTCTCCGT,0,3532877
tfaE_stfE_predicted,0.5,1,1,CATACGTGGGTCGAGCTATG,0,3466799
tfaE_stfE_predicted,0.5,1,1,CATACAACTTCGATCCGGGG,0,3527101
tfaE_stfE_predicted,0.5,1,1,CATAAAATTCGTTAGTGTAG,0,3528041
tfaE_stfE_predicted,0.5,1,1,CAGTTTCGGCGGCAATCTCC,0,3468639
tfaE_stfE_predicted,0.5,1,1,CAGTTTCGAACGTCCCATCA,0,3496457
tfaE_stfE_predicted,0.5,1,1,CAGTTGGTCTTTGTTGAGGC,0,3469270
tfaE_stfE_predicted,0.5,1,1,CAGTTGACAACAGGTATTGA,0,3468836
tfaE_stfE_predicted,0.5,1,1,CAGTTCAATTCCCCTGCTAG,0,3537321
tfaE_stfE_predicted,0.5,1,1,CAGTTACAGAAACTGCCCTC,0,3538773
tfaE_stfE_predicted,0.5,1,1,CAGTGTATCCTGCCATTACT,0,3485467
tfaE_stfE_predicted,0.5,1,1,CAGTGGTGTGACAGTACTCA,0,3478956
tfaE_stfE_predicted,0.5,1,1,CAGTGCGAAACACATCACAA,0,3494621
tfaE_stfE_predicted,0.5,1,1,CAGTAGAATCTTGGAATGGT,0,3480533
tfaE_stfE_predicted,0.5,1,1,CAGTACAGACTTGAGTGCAT,0,3512256
tfaE_stfE_predicted,0.5,1,1,CAGTAATCGCGGGTGAGAAG,0,3494817
tfaE_stfE_predicted,0.5,1,1,CAGGTCTGCAACAATTGAGT,0,3474223
tfaE_stfE_predicted,0.5,1,1,CAGGTCCTTAACTCTCCAAT,0,3531475
tfaE_stfE_predicted,0.5,1,1,CAGGTCCGCGAGTTATTACA,0,3509770
tfaE_stfE_predicted,0.5,1,1,CAGGTACGTTCGTCCGTCAC,0,3537183
tfaE_stfE_predicted,0.5,1,1,CAGGGTACCAGAAACCGCAG,0,3471954
tfaE_stfE_predicted,0.5,1,1,CAGGGGTATGGTAGCCCGGA,0,3478076
tfaE_stfE_predicted,0.5,1,1,CAGGGGTAGTTGAGCCTTTC,0,3526448
tfaE_stfE_predicted,0.5,1,1,CAGGGGATGCCGCCCCCAAC,0,3486501
tfaE_stfE_predicted,0.5,1,1,CAGGGCGGTTTCAGAATTGA,0,3478855
tfaE_stfE_predicted,0.5,1,1,CAGGGAAAACCGATGTGCGC,0,3494646
tfaE_stfE_predicted,0.5,1,1,CAGGATTTTTCTGGATGCTA,0,3497348
tfaE_stfE_predicted,0.5,1,1,CAGGATCTGGCGCAACCAGT,0,3511435
tfaE_stfE_predicted,0.5,1,1,CAGGAGCAAAATCGAGTACC,0,3520319
tfaE_stfE_predicted,0.5,1,1,CAGCTTCACTGAATGGCGGA,0,3537541
tfaE_stfE_predicted,0.5,1,1,CAGCGCGCACTGAAGCTGTC,0,3476046
tfaE_stfE_predicted,0.5,1,1,CAGCGCAGCATAAATTTCAC,0,3518946
tfaE_stfE_predicted,0.5,1,1,CAGCCGAACAACCAAGAACG,0,3531452
tfaE_stfE_predicted,0.5,1,1,CAGCCCTACACGTTTCTGGA,0,3508676
tfaE_stfE_predicted,0.5,1,1,CAGCAACCCTGGATCGTAGT,0,3513185
tfaE_stfE_predicted,0.5,1,1,CAGCAAACTAACATGCCACA,0,3524522
tfaE_stfE_predicted,0.5,1,1,CAGATTGCTAACAGTCGCTG,0,3487964
tfaE_stfE_predicted,0.5,1,1,CAGATCGCCACCGTCCCGCG,0,3475634
tfaE_stfE_predicted,0.5,1,1,CAGAGTATATGTAAGTCTAG,0,3521657
tfaE_stfE_predicted,0.5,1,1,CAGAGGCGCAGGCTGTTCCT,0,3529856
tfaE_stfE_predicted,0.5,1,1,CAGAGCGGGGGACTTTACAG,0,3525409
tfaE_stfE_predicted,0.5,1,1,CAGAGATAGTGGGTGAGATC,0,3525617
tfaE_stfE_predicted,0.5,1,1,CAGAGAAAATATGGTTAGAT,0,3498390
tfaE_stfE_predicted,0.5,1,1,CAGACCGTTCCCGAGTGCAA,0,3527473
tfaE_stfE_predicted,0.5,1,1,CAGACCGACTCCACCTATTG,0,3494352
tfaE_stfE_predicted,0.5,1,1,CAGACATTTAGGCACACCGT,0,3529708
tfaE_stfE_predicted,0.5,1,1,CACTGGGCGGAATTGGAGGT,0,3540030
tfaE_stfE_predicted,0.5,1,1,CACTGGCGATGATTTGGCGA,0,3494183
tfaE_stfE_predicted,0.5,1,1,CACTCTATCAGTTAAGAGCC,0,3527499
tfaE_stfE_predicted,0.5,1,1,CACTCGCTCAATAGTTTTCA,0,3480708
tfaE_stfE_predicted,0.5,1,1,CACTCCAAGATTGGTCTAGC,0,3501407
tfaE_stfE_predicted,0.5,1,1,CACTAGGACCCACCCTAAGT,0,3537459
tfaE_stfE_predicted,0.5,1,1,CACTACTGTAATACGTCTTA,0,3537473
tfaE_stfE_predicted,0.5,1,1,CACTAATGTGAAAACAGGAT,0,3533037
tfaE_stfE_predicted,0.5,1,1,CACGGGTAAGTGTGACGTAT,0,3493923
tfaE_stfE_predicted,0.5,1,1,CACGGCGGAGTTCCGGCTTT,0,3478219
tfaE_stfE_predicted,0.5,1,1,CACGCAAAAATGAGTGACCA,0,3498120
tfaE_stfE_predicted,0.5,1,1,CACGATTCGCCCCGAAACAG,0,3483706
tfaE_stfE_predicted,0.5,1,1,CACGAGGGGTCATTGTTACC,0,3475624
tfaE_stfE_predicted,0.5,1,1,CACGACGCAAACAATCATGG,0,3530512
tfaE_stfE_predicted,0.5,1,1,CACGAATTCCTTATACGAAT,0,3467391
tfaE_stfE_predicted,0.5,1,1,CACGAATTCCAAGTTCCCCT,0,3538863
tfaE_stfE_predicted,0.5,1,1,CACCTGCGGCGGTTTGCTGG,0,3497008
tfaE_stfE_predicted,0.5,1,1,CACCTACTGAAATATGTCAA,0,3493153
tfaE_stfE_predicted,0.5,1,1,CACCTACCAGAGTCTGTTAA,0,3482331
tfaE_stfE_predicted,0.5,1,1,CACCGTGTACCTCACCGCGG,0,3490232
tfaE_stfE_predicted,0.5,1,1,CACCGTCTTCATCTCTCAGA,0,3539085
tfaE_stfE_predicted,0.5,1,1,CACCGATAGGGCTAAGATAA,0,3481421
tfaE_stfE_predicted,0.5,1,1,CACCGACAAGTCTCCACTAG,0,3528811
tfaE_stfE_predicted,0.5,1,1,CACCCGTGCTTCAGCCAAGG,0,3484951
tfaE_stfE_predicted,0.5,1,1,CACCCATTTAATCTCTATTC,0,3533507
tfaE_stfE_predicted,0.5,1,1,CACATTCGAAAACTCCCAAT,0,3482251
tfaE_stfE_predicted,0.5,1,1,CACAGGGAAACGCACCAGCT,0,3532683
tfaE_stfE_predicted,0.5,1,1,CACAGAGCTCACTGTCTTGA,0,3528113
tfaE_stfE_predicted,0.5,1,1,CACAGAGCGCTGATGACACA,0,3505380
tfaE_stfE_predicted,0.5,1,1,CACAACCGCACGCTACAACA,0,3492141
tfaE_stfE_predicted,0.5,1,1,CAATTTTGAATTTGTTTTTT,0,3487096
tfaE_stfE_predicted,0.5,1,1,CAATTGCTTATATTGTGATA,0,3519579
tfaE_stfE_predicted,0.5,1,1,CAATTGCAGGTGGTACCGAA,0,3502407
tfaE_stfE_predicted,0.5,1,1,CAATTCGCAAACGAGCATCT,0,3501269
tfaE_stfE_predicted,0.5,1,1,CAATTCAGGCTCGGCACGGT,0,3491982
tfaE_stfE_predicted,0.5,1,1,CAATGTTCGTCTTGGCTTAT,0,3534249
tfaE_stfE_predicted,0.5,1,1,CAATGTCCATCGCGTCCGAA,0,3485293
tfaE_stfE_predicted,0.5,1,1,CAATGCTATCATCGCAAAGG,0,3524056
tfaE_stfE_predicted,0.5,1,1,CAATGAGTCCAGGAAGCGGC,0,3517765
tfaE_stfE_predicted,0.5,1,1,CAATCGGGCCTCATTCCAAA,0,3535381
tfaE_stfE_predicted,0.5,1,1,CAATCGCTCTCCAGGCGGAA,0,3537820
tfaE_stfE_predicted,0.5,1,1,CAATCAAATTCCGGTAGTTC,0,3522859
tfaE_stfE_predicted,0.5,1,1,CAATATGTGACATCTATTGT,0,3534478
tfaE_stfE_predicted,0.5,1,1,CAATATGGGTCCCGTAAGAT,0,3502650
tfaE_stfE_predicted,0.5,1,1,CAATAGTTGAGGGTGAGGAG,0,3474137
tfaE_stfE_predicted,0.5,1,1,CAATAGTGACGGTTATCATG,0,3520395
tfaE_stfE_predicted,0.5,1,1,CAAGTTCGACTGTCGGGCAG,0,3536742
tfaE_stfE_predicted,0.5,1,1,CAAGGTAGTCGCAGAGACGT,0,3475063
tfaE_stfE_predicted,0.5,1,1,CAAGGGCAGGTGAGCACCAC,0,3498503
tfaE_stfE_predicted,0.5,1,1,CAAGGGAAGTACGGGTAGGG,0,3467885
tfaE_stfE_predicted,0.5,1,1,CAAGCGTCCGGATCATATAC,0,3514906
tfaE_stfE_predicted,0.5,1,1,CAAGCGTACGGTTCTCGTCC,0,3484828
tfaE_stfE_predicted,0.5,1,1,CAAGCGTACGACAACCCCGT,0,3520248
tfaE_stfE_predicted,0.5,1,1,CAAGCCAGACGGTTGCAGCG,0,3493875
tfaE_stfE_predicted,0.5,1,1,CAAGAGGGCAGCCTGGTTTG,0,3529183
tfaE_stfE_predicted,0.5,1,1,CAAGACTGATAGTAGGCGCC,0,3530995
tfaE_stfE_predicted,0.5,1,1,CAAGACGCCGGAAATGGCCC,0,3535725
tfaE_stfE_predicted,0.5,1,1,CAACTACGTTTTCACTTTGT,0,3528843
tfaE_stfE_predicted,0.5,1,1,CAACGTTTCGTGCGAAACAT,0,3516596
tfaE_stfE_predicted,0.5,1,1,CAACGTTCCAACCGAGAAGT,0,3531231
tfaE_stfE_predicted,0.5,1,1,CAACGTGCTGTGATTTTAGT,0,3508236
tfaE_stfE_predicted,0.5,1,1,CAACGTGATCGCGCAAGCCA,0,3536889
tfaE_stfE_predicted,0.5,1,1,CAACGAATGCGTATACGCTT,0,3530916
tfaE_stfE_predicted,0.5,1,1,CAACCTCTCGTATTCCAAGA,0,3507266
tfaE_stfE_predicted,0.5,1,1,CAACCTCCAAGATCAATCAG,0,3534398
tfaE_stfE_predicted,0.5,1,1,CAACATCTCGCTAGGTGGTG,0,3472302
tfaE_stfE_predicted,0.5,1,1,CAACAGGCCAGCGGGGAGAC,0,3490080
tfaE_stfE_predicted,0.5,1,1,CAAATTGAGACTTCCACCGA,0,3538067
tfaE_stfE_predicted,0.5,1,1,CAAATTCGGGTAGGAGGTTT,0,3524705
tfaE_stfE_predicted,0.5,1,1,CAAATGAGAGTCATGTCCAG,0,3516150
tfaE_stfE_predicted,0.5,1,1,CAAATCGGGGCATCTAGTCG,0,3472794
tfaE_stfE_predicted,0.5,1,1,CAAAGTATATCGCGTATCAT,0,3491272
tfaE_stfE_predicted,0.5,1,1,CAAACAGACCTCCATGCTGT,0,3492476
tfaE_stfE_predicted,0.5,1,1,CAAAAGGAGATCACTGGTAA,0,3485513
tfaE_stfE_predicted,0.5,1,1,ATTTTTCATGCAACTTTGTG,0,3479240
tfaE_stfE_predicted,0.5,1,1,ATTTTTATGATTGTACCGAT,0,3477154
tfaE_stfE_predicted,0.5,1,1,ATTTTTAAAGCACCCTCATA,0,3477808
tfaE_stfE_predicted,0.5,1,1,ATTTTCCGGAAAGTAGCTTT,0,3496943
tfaE_stfE_predicted,0.5,1,1,ATTTGTTGCATTCCCCTTTA,0,3475778
tfaE_stfE_predicted,0.5,1,1,ATTTGTGGCTTTGCTCTCAC,0,3534846
tfaE_stfE_predicted,0.5,1,1,ATTTGCCAGCACCGAAAGTC,0,3534338
tfaE_stfE_predicted,0.5,1,1,ATTTGACAGCGCTCCTCGGG,0,3516518
tfaE_stfE_predicted,0.5,1,1,ATTTCTTACGCTCGATTCAT,0,3476324
tfaE_stfE_predicted,0.5,1,1,ATTTCCGGGTAAGTCGAATT,0,3515539
tfaE_stfE_predicted,0.5,1,1,ATTTCATAACGGTCGGGACC,0,3489231
tfaE_stfE_predicted,0.5,1,1,ATTTCAACGTGTCTTCGGAA,0,3536752
tfaE_stfE_predicted,0.5,1,1,ATTTATTTAAGGATCAAGCG,0,3499729
tfaE_stfE_predicted,0.5,1,1,ATTTATACTTCTTCGCTCAC,0,3467527
tfaE_stfE_predicted,0.5,1,1,ATTTAATGCGTAGCGGGTCA,0,3513770
tfaE_stfE_predicted,0.5,1,1,ATTGTATCTTCTAGACTGTG,0,3539882
tfaE_stfE_predicted,0.5,1,1,ATTGGTGATAAATGTGGCGC,0,3484979
tfaE_stfE_predicted,0.5,1,1,ATTGGCATGCCGCTCCAGGG,0,3484792
tfaE_stfE_predicted,0.5,1,1,ATTGCTCGTTTCACTTCCTT,0,3475598
tfaE_stfE_predicted,0.5,1,1,ATTGCTCCTCTAAAGGCGTT,0,3535173
tfaE_stfE_predicted,0.5,1,1,ATTGCCCTTCGCGATTAAGG,0,3501516
tfaE_stfE_predicted,0.5,1,1,ATTGATTGCATGCGCCTGCG,0,3510658
tfaE_stfE_predicted,0.5,1,1,ATTGAGGTGTTCGGTTGGGA,0,3511006
tfaE_stfE_predicted,0.5,1,1,ATTGAGGTGTTACCGAATGC,0,3519322
tfaE_stfE_predicted,0.5,1,1,ATTGAGGTCGCAGGTTCGGC,0,3530611
tfaE_stfE_predicted,0.5,1,1,ATTGAGGGAAGAATCAGGCC,0,3506156
tfaE_stfE_predicted,0.5,1,1,ATTGAGCGACAGCTTTGGTC,0,3512265
tfaE_stfE_predicted,0.5,1,1,ATTGACTGTGCCGTTAATGT,0,3516648
tfaE_stfE_predicted,0.5,1,1,ATTGAATGATTATAGCCCTG,0,3515669
tfaE_stfE_predicted,0.5,1,1,ATTGAACGTAATGCTAACCT,0,3481842
tfaE_stfE_predicted,0.5,1,1,ATTCTTCTGGGCCAATCCGA,0,3473378
tfaE_stfE_predicted,0.5,1,1,ATTCGGTACTCACGACGGGA,0,3468659
tfaE_stfE_predicted,0.5,1,1,ATTCGGAGGGAGTTTATCCA,0,3532048
tfaE_stfE_predicted,0.5,1,1,ATTCGCGATGCAGCTGACGG,0,3512681
tfaE_stfE_predicted,0.5,1,1,ATTCGATCGGGTCCCCCTGA,0,3497793
tfaE_stfE_predicted,0.5,1,1,ATTCGACGACCAAGTCCTCC,0,3536094
tfaE_stfE_predicted,0.5,1,1,ATTCCTTCGGAGAGCACAGG,0,3500569
tfaE_stfE_predicted,0.5,1,1,ATTCCACCTCATCATGATTC,0,3520847
tfaE_stfE_predicted,0.5,1,1,ATTCATTTACTGGGCATAAT,0,3476587
tfaE_stfE_predicted,0.5,1,1,ATTCAGCGTAGTGCGCATTG,0,3525935
tfaE_stfE_predicted,0.5,1,1,ATTCAGCCAACGAGTCTATG,0,3501180
tfaE_stfE_predicted,0.5,1,1,ATTCAGAGGGGGAACCATGG,0,3467045
tfaE_stfE_predicted,0.5,1,1,ATTATTTGACCAAGGTCGTT,0,3484685
tfaE_stfE_predicted,0.5,1,1,ATTATTCTGGTCATCCAGTA,0,3503230
tfaE_stfE_predicted,0.5,1,1,ATTATTATGTTAGGGCTTCC,0,3534140
tfaE_stfE_predicted,0.5,1,1,ATTATGTCCTAGAGGCAAAC,0,3530679
tfaE_stfE_predicted,0.5,1,1,ATTATGGTGCATCTATCTTA,0,3540127
tfaE_stfE_predicted,0.5,1,1,ATTATATGGACGAATCGGGT,0,3520590
tfaE_stfE_predicted,0.5,1,1,ATTATACTAGAAAAAGTACG,0,3517591
tfaE_stfE_predicted,0.5,1,1,ATTAGGGTTCCTATGAGTTA,0,3501902
tfaE_stfE_predicted,0.5,1,1,ATTAGGACATATGTGGTGTC,0,3478405
tfaE_stfE_predicted,0.5,1,1,ATTAGCTCACGGAAATTACA,0,3484109
tfaE_stfE_predicted,0.5,1,1,ATTAGAAGCCCCTGACCCGT,0,3499450
tfaE_stfE_predicted,0.5,1,1,ATTACCCGCCTTCAGTTGGA,0,3537371
tfaE_stfE_predicted,0.5,1,1,ATTAAATCAGGCGTGTTTTA,0,3513915
tfaE_stfE_predicted,0.5,1,1,ATGTTTCCGTGAGCTGGACA,0,3532388
tfaE_stfE_predicted,0.5,1,1,ATGTTGGACATCGCCGAGGC,0,3513172
tfaE_stfE_predicted,0.5,1,1,ATGTTATCATACCGTCAAAC,0,3539169
tfaE_stfE_predicted,0.5,1,1,ATGTGGGTCTGGCCTGGACA,0,3519545
tfaE_stfE_predicted,0.5,1,1,ATGTGGGAATACTGGGGGAC,0,3471853
tfaE_stfE_predicted,0.5,1,1,ATGTGGGAAGAGTCGCCCAG,0,3536781
tfaE_stfE_predicted,0.5,1,1,ATGTGGCCTGAGGCGGATGC,0,3506853
tfaE_stfE_predicted,0.5,1,1,ATGTCTCCGGACCAGTAGAA,0,3501440
tfaE_stfE_predicted,0.5,1,1,ATGTCCGGTCGTGGGGCCGG,0,3506324
tfaE_stfE_predicted,0.5,1,1,ATGTCCGCCCTCGACCCTTG,0,3507923
tfaE_stfE_predicted,0.5,1,1,ATGTCAATGTTGGAGGTCAT,0,3517512
tfaE_stfE_predicted,0.5,1,1,ATGTCAACGGCTGTAGGCTG,0,3490049
tfaE_stfE_predicted,0.5,1,1,ATGTAAGATACTAGAATCTA,0,3530156
tfaE_stfE_predicted,0.5,1,1,ATGTAACCAGGCGTCGTCAG,0,3495290
tfaE_stfE_predicted,0.5,1,1,ATGGTTTTAGGCAGTTCTAT,0,3519052
tfaE_stfE_predicted,0.5,1,1,ATGGTTAGTCGAGGCGGAAG,0,3511093
tfaE_stfE_predicted,0.5,1,1,ATGGTGGCCTAACAGTCAAG,0,3530461
tfaE_stfE_predicted,0.5,1,1,ATGGTGGACACATAATAAGG,0,3504420
tfaE_stfE_predicted,0.5,1,1,ATGGTCGGACTTTCGCCGAC,0,3535528
tfaE_stfE_predicted,0.5,1,1,ATGGTATCACTGAAGCTAAG,0,3487779
tfaE_stfE_predicted,0.5,1,1,ATGGGGTCTCGTAAGTCTCG,0,3478824
tfaE_stfE_predicted,0.5,1,1,ATGGGCTCACGCTTCCAGAA,0,3499422
tfaE_stfE_predicted,0.5,1,1,ATGGGAGGATTATACAATGT,0,3469902
tfaE_stfE_predicted,0.5,1,1,ATGGGACAGCCTGAAGTCAA,0,3526163
tfaE_stfE_predicted,0.5,1,1,ATGGCTTTCGTTCCCCCGAA,0,3490834
tfaE_stfE_predicted,0.5,1,1,ATGGCTCTAGAATTCTAACC,0,3501130
tfaE_stfE_predicted,0.5,1,1,ATGGCCTGCATTACACCATG,0,3518456
tfaE_stfE_predicted,0.5,1,1,ATGGCCTCGCTTAGGTTCCG,0,3486934
tfaE_stfE_predicted,0.5,1,1,ATGGCCGTGTGGAGGGCCTT,0,3525333
tfaE_stfE_predicted,0.5,1,1,ATGGCACAAACCAATGTCTA,0,3526513
tfaE_stfE_predicted,0.5,1,1,ATGGCAAGAAATAGTATAGT,0,3516860
tfaE_stfE_predicted,0.5,1,1,ATGGATCAGGGCCTGTTATT,0,3535999
tfaE_stfE_predicted,0.5,1,1,ATGGAGTCACGCCTAGGGAT,0,3496585
tfaE_stfE_predicted,0.5,1,1,ATGGAACAAGCACTTGTCCT,0,3538550
tfaE_stfE_predicted,0.5,1,1,ATGGAAAATCTGTTGCCATG,0,3500315
tfaE_stfE_predicted,0.5,1,1,ATGCTTTATGGACAAAAGGT,0,3517214
tfaE_stfE_predicted,0.5,1,1,ATGCTTCCCAGCGTCTGTTC,0,3497483
tfaE_stfE_predicted,0.5,1,1,ATGCTGGTTTTAACCACAAT,0,3494647
tfaE_stfE_predicted,0.5,1,1,ATGCTATGGTGGCACGGTTC,0,3487322
tfaE_stfE_predicted,0.5,1,1,ATGCTAATATTATTTCTTTC,0,3491616
tfaE_stfE_predicted,0.5,1,1,ATGCGTCAAAGTTTGCGCAT,0,3471155
tfaE_stfE_predicted,0.5,1,1,ATGCGGGCCACGCCACAAGA,0,3497681
tfaE_stfE_predicted,0.5,1,1,ATGCGGAGTTCAATACTCAG,0,3520186
tfaE_stfE_predicted,0.5,1,1,ATGCGAGACCTATGCGTGGG,0,3521782
tfaE_stfE_predicted,0.5,1,1,ATGCCTTCTGCAAATGAGAT,0,3480919
tfaE_stfE_predicted,0.5,1,1,ATGCCTGTGCCTGTTCCCGG,0,3492178
tfaE_stfE_predicted,0.5,1,1,ATGCCGGTAAATAAGCAAGC,0,3492377
tfaE_stfE_predicted,0.5,1,1,ATGCCGGGATTAGGGTCTAG,0,3474392
tfaE_stfE_predicted,0.5,1,1,ATGCCACTTATAAATATCGG,0,3507112
tfaE_stfE_predicted,0.5,1,1,ATGCATTGTACTCTATTACA,0,3482990
tfaE_stfE_predicted,0.5,1,1,ATGCATCAGCATTGCGCAAT,0,3487581
tfaE_stfE_predicted,0.5,1,1,ATGCATATCTGCACTAGACG,0,3508033
tfaE_stfE_predicted,0.5,1,1,ATGCACATGTGCCTCAGCGC,0,3477357
tfaE_stfE_predicted,0.5,1,1,ATGCAACGCCCGTGGATAGG,0,3468950
tfaE_stfE_predicted,0.5,1,1,ATGCAAATATTATTACTGCA,0,3501941
tfaE_stfE_predicted,0.5,1,1,ATGATTAAATGGCTTGATGG,0,3537637
tfaE_stfE_predicted,0.5,1,1,ATGATAGTCTGTCAGACGTT,0,3479989
tfaE_stfE_predicted,0.5,1,1,ATGAGTTGCAAAGTCGAAAT,0,3511765
tfaE_stfE_predicted,0.5,1,1,ATGAGTCTTCCTCACGAATA,0,3518311
tfaE_stfE_predicted,0.5,1,1,ATGAGGCCGCCCGGCAGCTA,0,3485380
tfaE_stfE_predicted,0.5,1,1,ATGAGCGTGGTGTACAATTC,0,3498731
tfaE_stfE_predicted,0.5,1,1,ATGAGAGGATAGTTTAGTAC,0,3516248
tfaE_stfE_predicted,0.5,1,1,ATGACTGTGAAGGACCCTTT,0,3521785
tfaE_stfE_predicted,0.5,1,1,ATGACGCCACCTAAGGGCAT,0,3479018
tfaE_stfE_predicted,0.5,1,1,ATGAAAAATAGTCTTGGCCA,0,3476069
tfaE_stfE_predicted,0.5,1,1,ATCTTGGACTTGTTGGGCGG,0,3495418
tfaE_stfE_predicted,0.5,1,1,ATCTTGCGAGACGCCTTAGG,0,3479384
tfaE_stfE_predicted,0.5,1,1,ATCTTCTGGTCAGGACTCGT,0,3505511
tfaE_stfE_predicted,0.5,1,1,ATCTTAGCCGTCATCTCCGG,0,3517734
tfaE_stfE_predicted,0.5,1,1,ATCTGTGGCTCTGTGGTTCG,0,3523623
tfaE_stfE_predicted,0.5,1,1,ATCTGCGACGAAGCGGTATC,0,3510575
tfaE_stfE_predicted,0.5,1,1,ATCTGCATGACGACTCTGGG,0,3534093
tfaE_stfE_predicted,0.5,1,1,ATCTGCATATTTGAGTTAAC,0,3530103
tfaE_stfE_predicted,0.5,1,1,ATCTCTGTCACACGGCAACG,0,3487511
tfaE_stfE_predicted,0.5,1,1,ATCTCTCTTATTCGGTGATG,0,3518012
tfaE_stfE_predicted,0.5,1,1,ATCTCTCCGCCCACTGTGTT,0,3507014
tfaE_stfE_predicted,0.5,1,1,ATCTCGAAGGCCAATGTAGG,0,3527236
tfaE_stfE_predicted,0.5,1,1,ATCTCACTCTACCTTTAAGA,0,3475399
tfaE_stfE_predicted,0.5,1,1,ATCTATGTGTTGTGGGGAAC,0,3491753
tfaE_stfE_predicted,0.5,1,1,ATCTAACCCCTAGCTCCGAG,0,3513732
tfaE_stfE_predicted,0.5,1,1,ATCGTTAACCCTAGGTTCTT,0,3533397
tfaE_stfE_predicted,0.5,1,1,ATCGTCTAAGGTATATCTCG,0,3528841
tfaE_stfE_predicted,0.5,1,1,ATCGTCACAGATAGCAGAGT,0,3480482
tfaE_stfE_predicted,0.5,1,1,ATCGGTCAGACGTTAGGGTC,0,3522205
tfaE_stfE_predicted,0.5,1,1,ATCGGTACTCAGGGCTACTA,0,3526117
tfaE_stfE_predicted,0.5,1,1,ATCGGGGTATAGACCACCAA,0,3535747
tfaE_stfE_predicted,0.5,1,1,ATCGGCCAGACCTTTGAATA,0,3471139
tfaE_stfE_predicted,0.5,1,1,ATCGCCGGCCAGTACTTCTG,0,3472763
tfaE_stfE_predicted,0.5,1,1,ATCGACCTGCGTCAAGGTGC,0,3487530
tfaE_stfE_predicted,0.5,1,1,ATCGACCAGTAAGCGGACTT,0,3466956
tfaE_stfE_predicted,0.5,1,1,ATCGACATTAATCCAAGTGA,0,3520772
tfaE_stfE_predicted,0.5,1,1,ATCGAATACTCAGAGCGCTT,0,3539652
tfaE_stfE_predicted,0.5,1,1,ATCCGTATTTAGAGTTCAGG,0,3485739
tfaE_stfE_predicted,0.5,1,1,ATCCGTAACGAGGCAAGGAT,0,3480986
tfaE_stfE_predicted,0.5,1,1,ATCCGGAAAGATTGAAGCAA,0,3524627
tfaE_stfE_predicted,0.5,1,1,ATCCGCTACGGAGGGAGAAC,0,3529515
tfaE_stfE_predicted,0.5,1,1,ATCCGAACTCGTTAAATACT,0,3470907
tfaE_stfE_predicted,0.5,1,1,ATCCCTTTACGGAAGGGGAA,0,3534551
tfaE_stfE_predicted,0.5,1,1,ATCCCATGCGCCGTCCGATC,0,3467837
tfaE_stfE_predicted,0.5,1,1,ATCCCATAGTAAGGACTGGC,0,3481072
tfaE_stfE_predicted,0.5,1,1,ATCCCAATCTACGGCGGGTC,0,3504376
tfaE_stfE_predicted,0.5,1,1,ATCCACGTCAACATTGGTGT,0,3524546
tfaE_stfE_predicted,0.5,1,1,ATCATTTGAGACCTTCCTGG,0,3496013
tfaE_stfE_predicted,0.5,1,1,ATCATGGACATCCACCGCGC,0,3468722
tfaE_stfE_predicted,0.5,1,1,ATCATCCTCAGTCGCGGCCT,0,3528749
tfaE_stfE_predicted,0.5,1,1,ATCATAGTAGGGCCACTTTT,0,3513526
tfaE_stfE_predicted,0.5,1,1,ATCAGGACACCAAGTCGGCG,0,3507068
tfaE_stfE_predicted,0.5,1,1,ATCAGCCGATCCGCGCCCAG,0,3533155
tfaE_stfE_predicted,0.5,1,1,ATCAGAGCCATTCATTTTGG,0,3527372
tfaE_stfE_predicted,0.5,1,1,ATCACTACCTGAGACACGAT,0,3528864
tfaE_stfE_predicted,0.5,1,1,ATCACATTGTAACGGATGCA,0,3528902
tfaE_stfE_predicted,0.5,1,1,ATCAACTGCGCCACTGTGTT,0,3526617
tfaE_stfE_predicted,0.5,1,1,ATCAACGCGGTTAACACATC,0,3480805
tfaE_stfE_predicted,0.5,1,1,ATCAAATGCGTAGCCCTTAC,0,3535249
tfaE_stfE_predicted,0.5,1,1,ATATGTTAGGGGTTTACAAG,0,3531093
tfaE_stfE_predicted,0.5,1,1,ATATGGCCTTATCACGACAC,0,3517174
tfaE_stfE_predicted,0.5,1,1,ATATGGATGCGTACCTCGCT,0,3514418
tfaE_stfE_predicted,0.5,1,1,ATATCAAGCACCTGCCTAAT,0,3492300
tfaE_stfE_predicted,0.5,1,1,ATATATCTGTTTTTCGGCGG,0,3528963
tfaE_stfE_predicted,0.5,1,1,ATATAGGCAGTACATTCCGT,0,3473337
tfaE_stfE_predicted,0.5,1,1,ATATACCGTCACGTTACTCA,0,3528695
tfaE_stfE_predicted,0.5,1,1,ATAGTGCGCAATACAATCAC,0,3518134
tfaE_stfE_predicted,0.5,1,1,ATAGTGAAGGGGTGAACGAC,0,3523606
tfaE_stfE_predicted,0.5,1,1,ATAGGCGAACTTCATAGCCT,0,3511975
tfaE_stfE_predicted,0.5,1,1,ATAGGCAGTAAGCCAGATTC,0,3479408
tfaE_stfE_predicted,0.5,1,1,ATAGGCAAGATTGGTCCTAG,0,3524887
tfaE_stfE_predicted,0.5,1,1,ATAGGATCGCAACGCCCAAG,0,3478563
tfaE_stfE_predicted,0.5,1,1,ATAGCTCGCGTCTTACCGGG,0,3477203
tfaE_stfE_predicted,0.5,1,1,ATAGCGTTATGGGATCCATG,0,3526012
tfaE_stfE_predicted,0.5,1,1,ATAGCGCGGACAATCCGGAT,0,3472366
tfaE_stfE_predicted,0.5,1,1,ATAGCCTAGAAGGCATTTAA,0,3484774
tfaE_stfE_predicted,0.5,1,1,ATAGCCACACGTTTTGTGCC,0,3523463
tfaE_stfE_predicted,0.5,1,1,ATAGCAAGACGCTTGTTTCG,0,3530642
tfaE_stfE_predicted,0.5,1,1,ATAGATTGCCATGAGGCCAA,0,3518650
tfaE_stfE_predicted,0.5,1,1,ATAGAAGGTCTTGCTGTTAC,0,3509102
tfaE_stfE_predicted,0.5,1,1,ATACTTTTGGGGGAGATGTG,0,3513521
tfaE_stfE_predicted,0.5,1,1,ATACTTCCTCAGACTTGTAG,0,3472501
tfaE_stfE_predicted,0.5,1,1,ATACTGTTGGAACACGTGAT,0,3501371
tfaE_stfE_predicted,0.5,1,1,ATACTCCGGGAGGCTGAGAG,0,3516404
tfaE_stfE_predicted,0.5,1,1,ATACTACGGCCAAAGCAATG,0,3510943
tfaE_stfE_predicted,0.5,1,1,ATACGGGTACGACAACTTGG,0,3480823
tfaE_stfE_predicted,0.5,1,1,ATACGGAAGGCCCCCGTCTC,0,3537720
tfaE_stfE_predicted,0.5,1,1,ATACGACAGCAAGACCATCG,0,3504104
tfaE_stfE_predicted,0.5,1,1,ATACCGCGTGCGTTCCTTGC,0,3535039
tfaE_stfE_predicted,0.5,1,1,ATACCAGAGACCGCATAGCA,0,3485035
tfaE_stfE_predicted,0.5,1,1,ATAATTCGCTGGCTCAGGTT,0,3517788
tfaE_stfE_predicted,0.5,1,1,ATAATGGAGGCGGAACAGGC,0,3539502
tfaE_stfE_predicted,0.5,1,1,ATAAGTTGTAATCTACCTTG,0,3514583
tfaE_stfE_predicted,0.5,1,1,ATAAGGGAACGGCGACTGAG,0,3505243
tfaE_stfE_predicted,0.5,1,1,ATAAGGACCGTTCTAGCGTC,0,3520415
tfaE_stfE_predicted,0.5,1,1,ATAAGCTCTGATCTATTTAA,0,3533231
tfaE_stfE_predicted,0.5,1,1,ATAAGATCGGGACACGGATC,0,3533970
tfaE_stfE_predicted,0.5,1,1,ATAAACCCGCATTCACAATA,0,3474021
tfaE_stfE_predicted,0.5,1,1,ATAAAATGCAGTCTAACGGA,0,3470894
tfaE_stfE_predicted,0.5,1,1,ATAAAACTTAGATGGGGCAA,0,3490043
tfaE_stfE_predicted,0.5,1,1,AGTTTTTCCTCCATACTGAT,0,3495872
tfaE_stfE_predicted,0.5,1,1,AGTTTGAGCATATAGACCAG,0,3494351
tfaE_stfE_predicted,0.5,1,1,AGTTTAATATCGGGAGCACT,0,3494965
tfaE_stfE_predicted,0.5,1,1,AGTTCTCACCATGCGCAAGT,0,3512074
tfaE_stfE_predicted,0.5,1,1,AGTTCGACCGGCAAGGACCT,0,3470527
tfaE_stfE_predicted,0.5,1,1,AGTTCCGTGGAGGTCGATAA,0,3506232
tfaE_stfE_predicted,0.5,1,1,AGTTATCTGTTGTTCTCTCA,0,3476186
tfaE_stfE_predicted,0.5,1,1,AGTTAGGAGTTGAAGAATGA,0,3509165
tfaE_stfE_predicted,0.5,1,1,AGTGTTACCGCATCGAAAAC,0,3532359
tfaE_stfE_predicted,0.5,1,1,AGTGTGTGCATTGATAGGAG,0,3510092
tfaE_stfE_predicted,0.5,1,1,AGTGTGGAGAAAGACCAATC,0,3524500
tfaE_stfE_predicted,0.5,1,1,AGTGTATATTGGGCCGGTAT,0,3524586
tfaE_stfE_predicted,0.5,1,1,AGTGGCGTACTCGCTGACTC,0,3507391
tfaE_stfE_predicted,0.5,1,1,AGTGGCCTCGTTGGTTGTTC,0,3514728
tfaE_stfE_predicted,0.5,1,1,AGTGGCCTAAGGCCCTAAAA,0,3538757
tfaE_stfE_predicted,0.5,1,1,AGTGGCCGTCGCTCCTCTTG,0,3522918
tfaE_stfE_predicted,0.5,1,1,AGTGGACAGAAATCTTTAAG,0,3473520
tfaE_stfE_predicted,0.5,1,1,AGTGGACAAGCGCAGACGAC,0,3513401
tfaE_stfE_predicted,0.5,1,1,AGTGCTCATTGTTACCGGTT,0,3480545
tfaE_stfE_predicted,0.5,1,1,AGTGCAGGCCTGAACTTCAG,0,3502890
tfaE_stfE_predicted,0.5,1,1,AGTGCACTCGTGAATATGGA,0,3490906
tfaE_stfE_predicted,0.5,1,1,AGTGATCTTATGTGCCTTGT,0,3515003
tfaE_stfE_predicted,0.5,1,1,AGTGATAATGCACGATTAAT,0,3478892
tfaE_stfE_predicted,0.5,1,1,AGTGAGACTATTATGGAACA,0,3490945
tfaE_stfE_predicted,0.5,1,1,AGTCTTACGACTTGCAATGC,0,3466890
tfaE_stfE_predicted,0.5,1,1,AGTCTCACAGATCCTAGTGT,0,3498023
tfaE_stfE_predicted,0.5,1,1,AGTCTACGAGGGTGTTCAGG,0,3517671
tfaE_stfE_predicted,0.5,1,1,AGTCTAATGAACACACTCGC,0,3523259
tfaE_stfE_predicted,0.5,1,1,AGTCGTGCCTCTACACAACG,0,3485655
tfaE_stfE_predicted,0.5,1,1,AGTCGGCGGTATAACGGGGA,0,3504687
tfaE_stfE_predicted,0.5,1,1,AGTCGCAAGAGTGACATCCA,0,3481176
tfaE_stfE_predicted,0.5,1,1,AGTCGATGGGCGCCCTAGTT,0,3470346
tfaE_stfE_predicted,0.5,1,1,AGTCCCAAGGGACGCGATTC,0,3541127
tfaE_stfE_predicted,0.5,1,1,AGTCCATCTGTTTTCCCGGA,0,3497787
tfaE_stfE_predicted,0.5,1,1,AGTCAGCCCCGCAAGTGCGA,0,3483217
tfaE_stfE_predicted,0.5,1,1,AGTCACGAGAGACGGTGAGA,0,3527221
tfaE_stfE_predicted,0.5,1,1,AGTCACCAAAGTCTGGGGGT,0,3492037
tfaE_stfE_predicted,0.5,1,1,AGTCACAAAGCTCAATTGGA,0,3503057
tfaE_stfE_predicted,0.5,1,1,AGTCAATCTACTACGAGTTC,0,3520701
tfaE_stfE_predicted,0.5,1,1,AGTCAAGGTAGCATACATAC,0,3471076
tfaE_stfE_predicted,0.5,1,1,AGTATGGGAAGTCATAGCAG,0,3471894
tfaE_stfE_predicted,0.5,1,1,AGTATCCCGTACCTCTTTCG,0,3484975
tfaE_stfE_predicted,0.5,1,1,AGTATCATGGAATTCAAGAT,0,3530772
tfaE_stfE_predicted,0.5,1,1,AGTAGTACGCACAACATTGC,0,3526305
tfaE_stfE_predicted,0.5,1,1,AGTAGAGCCCTCGGAAAGCT,0,3528924
tfaE_stfE_predicted,0.5,1,1,AGTAGAAGAGTACTCTCTTT,0,3509398
tfaE_stfE_predicted,0.5,1,1,AGTACTGTCGGTTCTATCAG,0,3503773
tfaE_stfE_predicted,0.5,1,1,AGTACGCACCGATATCAGGG,0,3466645
tfaE_stfE_predicted,0.5,1,1,AGTACGAGGGATGTGTGTCT,0,3487091
tfaE_stfE_predicted,0.5,1,1,AGTACATACGCAGCGCCCCG,0,3506085
tfaE_stfE_predicted,0.5,1,1,AGTAATAACATGTTAAAACC,0,3468818
tfaE_stfE_predicted,0.5,1,1,AGTAAGCCTATGGCGACCTC,0,3527861
tfaE_stfE_predicted,0.5,1,1,AGGTTATCAAGAAAACAAGA,0,3536389
tfaE_stfE_predicted,0.5,1,1,AGGTGGCTAAGAATTTGTTT,0,3471558
tfaE_stfE_predicted,0.5,1,1,AGGTGGCGTCACACGACGAC,0,3532129
tfaE_stfE_predicted,0.5,1,1,AGGTGCGGGTATCCGATTTA,0,3524574
tfaE_stfE_predicted,0.5,1,1,AGGTGCATTTGCCGGTTTGG,0,3488915
tfaE_stfE_predicted,0.5,1,1,AGGTCGTGAGCAATGCTATG,0,3531041
tfaE_stfE_predicted,0.5,1,1,AGGTCGTCGAAGGGGAGCAC,0,3477771
tfaE_stfE_predicted,0.5,1,1,AGGTCGCAGGGCTTAACATC,0,3512814
tfaE_stfE_predicted,0.5,1,1,AGGTCCGGCCCTAGCGCGCG,0,3538988
tfaE_stfE_predicted,0.5,1,1,AGGTCCGGACGGAATGATCC,0,3505813
tfaE_stfE_predicted,0.5,1,1,AGGTAATCTATGAGGAAGAG,0,3500267
tfaE_stfE_predicted,0.5,1,1,AGGTAACCGGTTCCTAAGGA,0,3516877
tfaE_stfE_predicted,0.5,1,1,AGGTAAAACCCCCACAACTG,0,3474697
tfaE_stfE_predicted,0.5,1,1,AGGGTTTTCCGGAGCTAGGT,0,3537002
tfaE_stfE_predicted,0.5,1,1,AGGGTGTTTGCCATAGCACG,0,3513434
tfaE_stfE_predicted,0.5,1,1,AGGGTGCCATGGAGACTAGG,0,3475648
tfaE_stfE_predicted,0.5,1,1,AGGGTCACCAAGGGACGGGT,0,3487583
tfaE_stfE_predicted,0.5,1,1,AGGGTATATAACGACCGGGA,0,3480598
tfaE_stfE_predicted,0.5,1,1,AGGGTAGAAAAACGGTGCAC,0,3511467
tfaE_stfE_predicted,0.5,1,1,AGGGGTCGCTACGTCACTAG,0,3521977
tfaE_stfE_predicted,0.5,1,1,AGGGGGCATCAGACAGCGTC,0,3528787
tfaE_stfE_predicted,0.5,1,1,AGGGGGATGTCGGGTTGCTC,0,3503944
tfaE_stfE_predicted,0.5,1,1,AGGGGCGGCAAGGATGATGG,0,3480690
tfaE_stfE_predicted,0.5,1,1,AGGGGCAACATCCTCTATTT,0,3485670
tfaE_stfE_predicted,0.5,1,1,AGGGGACCTCGGGGGAGAAA,0,3507683
tfaE_stfE_predicted,0.5,1,1,AGGGCGTTTTAGTCTATTAC,0,3501433
tfaE_stfE_predicted,0.5,1,1,AGGGCGGTACAACTAGCGGC,0,3508894
tfaE_stfE_predicted,0.5,1,1,AGGGCAGATGGCCGACATTG,0,3516874
tfaE_stfE_predicted,0.5,1,1,AGGGCACAAGAACGAGATTA,0,3510356
tfaE_stfE_predicted,0.5,1,1,AGGGATAAACTTGCTACCCC,0,3500352
tfaE_stfE_predicted,0.5,1,1,AGGGAGTTGGTACGGTGCTT,0,3500707
tfaE_stfE_predicted,0.5,1,1,AGGGACGATGTAATCAAACA,0,3528824
tfaE_stfE_predicted,0.5,1,1,AGGGAATGAAAGCATGGCAA,0,3470701
tfaE_stfE_predicted,0.5,1,1,AGGCTCCTTGCAGATAGCTA,0,3540688
tfaE_stfE_predicted,0.5,1,1,AGGCTCCTACCTTACATATA,0,3524880
tfaE_stfE_predicted,0.5,1,1,AGGCTATTACGAAGAGTTGT,0,3519508
tfaE_stfE_predicted,0.5,1,1,AGGCGCCGATCTTCCATTAA,0,3485531
tfaE_stfE_predicted,0.5,1,1,AGGCGACCGAACAAGTGAAT,0,3489671
tfaE_stfE_predicted,0.5,1,1,AGGCCAATGCATTACAAAAC,0,3538116
tfaE_stfE_predicted,0.5,1,1,AGGCCAACCGGATAGTCATA,0,3469675
tfaE_stfE_predicted,0.5,1,1,AGGCACATATAAAATTTTCG,0,3491940
tfaE_stfE_predicted,0.5,1,1,AGGATTGACTACGCCAGGAT,0,3483882
tfaE_stfE_predicted,0.5,1,1,AGGATTCGTGTCTTATGAGG,0,3501149
tfaE_stfE_predicted,0.5,1,1,AGGATGAGTATAAAGCCTAC,0,3514401
tfaE_stfE_predicted,0.5,1,1,AGGAGCTGCCATCTGACAGA,0,3495603
tfaE_stfE_predicted,0.5,1,1,AGGAGCGGCTATCGTCTCCT,0,3503355
tfaE_stfE_predicted,0.5,1,1,AGGACGTAGGCGGACACGGG,0,3497404
tfaE_stfE_predicted,0.5,1,1,AGGACATCAGAGACGTACGT,0,3497201
tfaE_stfE_predicted,0.5,1,1,AGGACAATAAACCCTACTCT,0,3469279
tfaE_stfE_predicted,0.5,1,1,AGGAACTCGCTGTACGCTTT,0,3494259
tfaE_stfE_predicted,0.5,1,1,AGGAAAGCACTGCCATCTCA,0,3507767
tfaE_stfE_predicted,0.5,1,1,AGCTTGTTTAATTCGCTTTT,0,3495127
tfaE_stfE_predicted,0.5,1,1,AGCTTGTGAGGCCCCGCGGT,0,3539242
tfaE_stfE_predicted,0.5,1,1,AGCTTCTTACATTACGGCCT,0,3501518
tfaE_stfE_predicted,0.5,1,1,AGCTTCTAGTTGGCTCACGA,0,3502010
tfaE_stfE_predicted,0.5,1,1,AGCTTCGGTGTATATATCGG,0,3486585
tfaE_stfE_predicted,0.5,1,1,AGCTGTCCCCGCGGGCGAAG,0,3480744
tfaE_stfE_predicted,0.5,1,1,AGCTGGCGGGCCACAGTGCC,0,3485073
tfaE_stfE_predicted,0.5,1,1,AGCTCTAGGGTCCTGAGAAT,0,3484556
tfaE_stfE_predicted,0.5,1,1,AGCTAACAAGTACACTGGTG,0,3511712
tfaE_stfE_predicted,0.5,1,1,AGCGTTAATACTGTTTCGAT,0,3537359
tfaE_stfE_predicted,0.5,1,1,AGCGTGCTGCACGAAACTCG,0,3507886
tfaE_stfE_predicted,0.5,1,1,AGCGTGAGCGGATTATGGCG,0,3487944
tfaE_stfE_predicted,0.5,1,1,AGCGTCGGGAGTTGGTCAGA,0,3511627
tfaE_stfE_predicted,0.5,1,1,AGCGTCCACAAACCACACTG,0,3500375
tfaE_stfE_predicted,0.5,1,1,AGCGGTGTGGCAATCCCTAC,0,3491218
tfaE_stfE_predicted,0.5,1,1,AGCGGTCTAAGGGGAACCGA,0,3520078
tfaE_stfE_predicted,0.5,1,1,AGCGGTCAACTTATGTCTTA,0,3529398
tfaE_stfE_predicted,0.5,1,1,AGCGGTACCCCGATTCTTTG,0,3524400
tfaE_stfE_predicted,0.5,1,1,AGCGGATCATCCGAAGGGTA,0,3538942
tfaE_stfE_predicted,0.5,1,1,AGCGCCCGAGCATTCAGCTC,0,3499978
tfaE_stfE_predicted,0.5,1,1,AGCGCAGGCCAGGCTTCGTT,0,3538672
tfaE_stfE_predicted,0.5,1,1,AGCGCACACGCGTACTTGCC,0,3525140
tfaE_stfE_predicted,0.5,1,1,AGCGAGCTTGTGGTCCTGCG,0,3486375
tfaE_stfE_predicted,0.5,1,1,AGCGAGACCAGCGCGCCGGC,0,3532333
tfaE_stfE_predicted,0.5,1,1,AGCCTTGTTAGACAGGTTGA,0,3540642
tfaE_stfE_predicted,0.5,1,1,AGCCTCAATCTCTTGATGAC,0,3538325
tfaE_stfE_predicted,0.5,1,1,AGCCGTGGTATAGCTATCTG,0,3511371
tfaE_stfE_predicted,0.5,1,1,AGCCGGGAGTTATAATACTC,0,3504496
tfaE_stfE_predicted,0.5,1,1,AGCCGACGGATGCGGGCTTA,0,3521914
tfaE_stfE_predicted,0.5,1,1,AGCCCTAAAGTCTAATCTAT,0,3517541
tfaE_stfE_predicted,0.5,1,1,AGCCCGGATGAGATCACTAG,0,3473802
tfaE_stfE_predicted,0.5,1,1,AGCCATAAGTATACGAGGTG,0,3528173
tfaE_stfE_predicted,0.5,1,1,AGCCACCGGGCACCAGGATG,0,3478817
tfaE_stfE_predicted,0.5,1,1,AGCCAAGCTACCATGTGTTG,0,3488867
tfaE_stfE_predicted,0.5,1,1,AGCCAACTACCACCCAAACC,0,3510442
tfaE_stfE_predicted,0.5,1,1,AGCCAAATCGATCCTTGGAT,0,3526580
tfaE_stfE_predicted,0.5,1,1,AGCATTTTCTGAATTCCTAG,0,3531457
tfaE_stfE_predicted,0.5,1,1,AGCATGCATAAAGGGGATTA,0,3515793
tfaE_stfE_predicted,0.5,1,1,AGCATCGATGTGAGGGCGTA,0,3524296
tfaE_stfE_predicted,0.5,1,1,AGCATAACTGCCCCGACGAG,0,3506152
tfaE_stfE_predicted,0.5,1,1,AGCATAAAGACACACTATGA,0,3483848
tfaE_stfE_predicted,0.5,1,1,AGCAGTCCGGGGCCAGGGTA,0,3540618
tfaE_stfE_predicted,0.5,1,1,AGCAGGGTACTAGACGTGGT,0,3473369
tfaE_stfE_predicted,0.5,1,1,AGCAGCACCAATAATGGACG,0,3476068
tfaE_stfE_predicted,0.5,1,1,AGCACTTTCCAAATATCCGA,0,3494324
tfaE_stfE_predicted,0.5,1,1,AGCACCTTGGAGGAATCAAA,0,3489520
tfaE_stfE_predicted,0.5,1,1,AGCACACATGAAGACGACCT,0,3500252
tfaE_stfE_predicted,0.5,1,1,AGCACAACAGCGTGGTCAAG,0,3540872
tfaE_stfE_predicted,0.5,1,1,AGCAAATAAGGACTGGAGGC,0,3519740
tfaE_stfE_predicted,0.5,1,1,AGATTTATATCTTCCGTCTT,0,3502241
tfaE_stfE_predicted,0.5,1,1,AGATTGGAAGGCATGTTCAC,0,3482757
tfaE_stfE_predicted,0.5,1,1,AGATCATTACTCTCAATTTG,0,3515525
tfaE_stfE_predicted,0.5,1,1,AGATATCTTGATTGACAGTG,0,3470900
tfaE_stfE_predicted,0.5,1,1,AGAGTTATACCGTATGGACC,0,3539035
tfaE_stfE_predicted,0.5,1,1,AGAGTACTTAATAACCGGGA,0,3487384
tfaE_stfE_predicted,0.5,1,1,AGAGTAACAACCGGACCCGT,0,3526399
tfaE_stfE_predicted,0.5,1,1,AGAGGCTAAAAAGTATTTGT,0,3488303
tfaE_stfE_predicted,0.5,1,1,AGAGGCCGATTTTAAGTACG,0,3475590
tfaE_stfE_predicted,0.5,1,1,AGAGGACATGGGAATAATCG,0,3509267
tfaE_stfE_predicted,0.5,1,1,AGAGCGGGATCCTGGACGTA,0,3500384
tfaE_stfE_predicted,0.5,1,1,AGAGCAGAGATTTCCGCATT,0,3532594
tfaE_stfE_predicted,0.5,1,1,AGAGAATGATTGAATCATGT,0,3538685
tfaE_stfE_predicted,0.5,1,1,AGACTTAGAGAGGGGTCTAA,0,3537215
tfaE_stfE_predicted,0.5,1,1,AGACTGCACAAAAGAGCGTA,0,3509201
tfaE_stfE_predicted,0.5,1,1,AGACTCGTCACATCTGGCAC,0,3541228
tfaE_stfE_predicted,0.5,1,1,AGACGCGACGTAAGGTAAGC,0,3480418
tfaE_stfE_predicted,0.5,1,1,AGACGCCCTCTTCATGTGTG,0,3513491
tfaE_stfE_predicted,0.5,1,1,AGACCTCTCTCGGGTCATCG,0,3526053
tfaE_stfE_predicted,0.5,1,1,AGACCGACAATAGGTCCCCG,0,3488849
tfaE_stfE_predicted,0.5,1,1,AGACATACTGTCGATCCATT,0,3519672
tfaE_stfE_predicted,0.5,1,1,AGACAATAGTAATCAAGTTA,0,3526780
tfaE_stfE_predicted,0.5,1,1,AGAATTCAATTCCCAGTCGC,0,3486104
tfaE_stfE_predicted,0.5,1,1,AGAATGGTCGGAAAAATTTA,0,3524240
tfaE_stfE_predicted,0.5,1,1,AGAATGGACACCGTTTAGCG,0,3530930
tfaE_stfE_predicted,0.5,1,1,AGAATCGCAGGGAGGCAAGC,0,3508798
tfaE_stfE_predicted,0.5,1,1,AGAATCGACAGATGACTGCC,0,3475552
tfaE_stfE_predicted,0.5,1,1,AGAAGGAGAGTCACCTTATG,0,3520212
tfaE_stfE_predicted,0.5,1,1,AGAACCGTAGCTTATACTGG,0,3501779
tfaE_stfE_predicted,0.5,1,1,AGAAATGCTCTTCATGCTTG,0,3506345
tfaE_stfE_predicted,0.5,1,1,AGAAATATTTTAGTCTCTTA,0,3489962
tfaE_stfE_predicted,0.5,1,1,AGAAAGTATTAACTATCTTA,0,3537942
tfaE_stfE_predicted,0.5,1,1,AGAAAGCCCGTTTTATGACT,0,3489715
tfaE_stfE_predicted,0.5,1,1,AGAAAAGGTGCGGCCGCAGA,0,3486465
tfaE_stfE_predicted,0.5,1,1,AGAAAACGGTATAAGTTCGA,0,3509038
tfaE_stfE_predicted,0.5,1,1,ACTTTGAGCCACGGTGGGAT,0,3505418
tfaE_stfE_predicted,0.5,1,1,ACTTTCATTTGAAAGAGGAT,0,3502246
tfaE_stfE_predicted,0.5,1,1,ACTTCTTGGGCGAACTCGGC,0,3513075
tfaE_stfE_predicted,0.5,1,1,ACTTCCTTGCGCTCACGCGA,0,3498310
tfaE_stfE_predicted,0.5,1,1,ACTTAAAGTTCAGATAAGGA,0,3502519
tfaE_stfE_predicted,0.5,1,1,ACTGTTTGTAACATAACCAT,0,3478569
tfaE_stfE_predicted,0.5,1,1,ACTGTGCAACGAGTTGCCAC,0,3486244
tfaE_stfE_predicted,0.5,1,1,ACTGTAGACCACCGCAGGGT,0,3480406
tfaE_stfE_predicted,0.5,1,1,ACTGGTCTGTGCGGGGTCTC,0,3531159
tfaE_stfE_predicted,0.5,1,1,ACTGGTAGCATAGCTAAGTT,0,3472014
tfaE_stfE_predicted,0.5,1,1,ACTGGATTAGACTTTTACAA,0,3533832
tfaE_stfE_predicted,0.5,1,1,ACTGGAGTCAAGGGGGACTC,0,3485910
tfaE_stfE_predicted,0.5,1,1,ACTGCTTCGATAGCTTTAAG,0,3534285
tfaE_stfE_predicted,0.5,1,1,ACTGCTTACATTAATTGCTT,0,3478745
tfaE_stfE_predicted,0.5,1,1,ACTGCTCTTAGTCAGCTAAA,0,3535691
tfaE_stfE_predicted,0.5,1,1,ACTGCTAAGAAATCACCATA,0,3536639
tfaE_stfE_predicted,0.5,1,1,ACTGACTAATCTAGAAATCA,0,3536035
tfaE_stfE_predicted,0.5,1,1,ACTGAATGCGTCTCTCCCTA,0,3473181
tfaE_stfE_predicted,0.5,1,1,ACTGAACCCGACATACGAAT,0,3519162
tfaE_stfE_predicted,0.5,1,1,ACTGAAACTAAGGCGGTTAG,0,3471762
tfaE_stfE_predicted,0.5,1,1,ACTCTTGTGAGGGCATTTCG,0,3491327
tfaE_stfE_predicted,0.5,1,1,ACTCTGACCGTCGCATTACA,0,3506720
tfaE_stfE_predicted,0.5,1,1,ACTCTACGTACTACAGTGAA,0,3486924
tfaE_stfE_predicted,0.5,1,1,ACTCTACGGCATCCACTCAG,0,3527397
tfaE_stfE_predicted,0.5,1,1,ACTCTACCCTGGGTTAGGTA,0,3484444
tfaE_stfE_predicted,0.5,1,1,ACTCGTGACGTAGCTCCATG,0,3495222
tfaE_stfE_predicted,0.5,1,1,ACTCGCCATTTATGAGTGAT,0,3486157
tfaE_stfE_predicted,0.5,1,1,ACTCGCAACCGTCCTAGCCT,0,3468453
tfaE_stfE_predicted,0.5,1,1,ACTCGAGTCCGCAATTGCAG,0,3474823
tfaE_stfE_predicted,0.5,1,1,ACTCCTCTCTGTGTGTTAAC,0,3490254
tfaE_stfE_predicted,0.5,1,1,ACTCCGGTATACAACAGGGT,0,3481408
tfaE_stfE_predicted,0.5,1,1,ACTCCCAGCGGCCCCGGCAA,0,3539205
tfaE_stfE_predicted,0.5,1,1,ACTCAAACTGGATAGGCTAT,0,3501442
tfaE_stfE_predicted,0.5,1,1,ACTATTTTGGTATCAGGTGA,0,3472777
tfaE_stfE_predicted,0.5,1,1,ACTATTAGTTGTTATTTGGA,0,3517105
tfaE_stfE_predicted,0.5,1,1,ACTATTAGCTTGGCGCTAAT,0,3477369
tfaE_stfE_predicted,0.5,1,1,ACTATGTTATAAGTCTTGTT,0,3525266
tfaE_stfE_predicted,0.5,1,1,ACTATCGGTAAAGTACGGTT,0,3475842
tfaE_stfE_predicted,0.5,1,1,ACTATCGGGCGAGACAGGAT,0,3480061
tfaE_stfE_predicted,0.5,1,1,ACTATAAAGAAAACAAAACA,0,3521738
tfaE_stfE_predicted,0.5,1,1,ACTACACCTTCTTCAATGTA,0,3466534
tfaE_stfE_predicted,0.5,1,1,ACTAAAATTGGACGGGGCTA,0,3520200
tfaE_stfE_predicted,0.5,1,1,ACGTTGCGTATGAAACTTGT,0,3509017
tfaE_stfE_predicted,0.5,1,1,ACGTTCTTGAAACTCCGTAT,0,3511245
tfaE_stfE_predicted,0.5,1,1,ACGTTCAAACTGCCTGAAGT,0,3531827
tfaE_stfE_predicted,0.5,1,1,ACGTTAGGTTCGTCTATAGT,0,3488429
tfaE_stfE_predicted,0.5,1,1,ACGTGCGCCTTGGGATAGCA,0,3531356
tfaE_stfE_predicted,0.5,1,1,ACGTGAGTCCGTAAATTAAA,0,3471626
tfaE_stfE_predicted,0.5,1,1,ACGTCTGCTCGTTTCGAGAA,0,3516550
tfaE_stfE_predicted,0.5,1,1,ACGTCGAAAATGTACAAAAC,0,3540738
tfaE_stfE_predicted,0.5,1,1,ACGTCCGCGCGCGTAGAACG,0,3531215
tfaE_stfE_predicted,0.5,1,1,ACGTCCACTGGCAGGATGCC,0,3479064
tfaE_stfE_predicted,0.5,1,1,ACGTAGGTGGATCCGCTATA,0,3516827
tfaE_stfE_predicted,0.5,1,1,ACGGTTCAAGTGAAATCTGG,0,3530444
tfaE_stfE_predicted,0.5,1,1,ACGGTGCATTTAGGTTCATG,0,3537157
tfaE_stfE_predicted,0.5,1,1,ACGGGGGTACTGTGGTTCGT,0,3474257
tfaE_stfE_predicted,0.5,1,1,ACGGGGAACAATCCAATGGG,0,3501712
tfaE_stfE_predicted,0.5,1,1,ACGGGCGATGCAGAGTTCAA,0,3487661
tfaE_stfE_predicted,0.5,1,1,ACGGCGTTAGACTTCGTGAC,0,3511203
tfaE_stfE_predicted,0.5,1,1,ACGGCCCGCTATATGTCGAA,0,3511411
tfaE_stfE_predicted,0.5,1,1,ACGGCATTTCTAGTAATATT,0,3471818
tfaE_stfE_predicted,0.5,1,1,ACGGATTACGCGTCTAAGAG,0,3475158
tfaE_stfE_predicted,0.5,1,1,ACGGAGCGCAATCCTGAAGC,0,3469336
tfaE_stfE_predicted,0.5,1,1,ACGGACTTGGAGGCGTATAC,0,3477094
tfaE_stfE_predicted,0.5,1,1,ACGGACGTGATGTTTAGTCG,0,3512866
tfaE_stfE_predicted,0.5,1,1,ACGCTTGGTAGACCAATATA,0,3513396
tfaE_stfE_predicted,0.5,1,1,ACGCTAGGCTCGCATTCCCC,0,3508435
tfaE_stfE_predicted,0.5,1,1,ACGCGGTTAATGAGATATTA,0,3470842
tfaE_stfE_predicted,0.5,1,1,ACGCGGGGCTTGCTAGGAGG,0,3502961
tfaE_stfE_predicted,0.5,1,1,ACGCGCTTTGGGTCGCGCTA,0,3522617
tfaE_stfE_predicted,0.5,1,1,ACGCGCCTCTGTACCCAATC,0,3510451
tfaE_stfE_predicted,0.5,1,1,ACGCCGCACAAAATGCCTAC,0,3535046
tfaE_stfE_predicted,0.5,1,1,ACGCCCTGCTCACCTGTATA,0,3505942
tfaE_stfE_predicted,0.5,1,1,ACGCCAGGGTTAAGTGAAAA,0,3477316
tfaE_stfE_predicted,0.5,1,1,ACGCCAGGGCAGTCCGGCAG,0,3517061
tfaE_stfE_predicted,0.5,1,1,ACGCATATGTCTATTACGGG,0,3471936
tfaE_stfE_predicted,0.5,1,1,ACGCAGCGTTGCATGCTGGT,0,3476335
tfaE_stfE_predicted,0.5,1,1,ACGATGTCGTGGGATGTGTG,0,3525676
tfaE_stfE_predicted,0.5,1,1,ACGATAGTAATCCTCTAGGT,0,3478648
tfaE_stfE_predicted,0.5,1,1,ACGAGTCGTCGAGGGCTGTA,0,3517651
tfaE_stfE_predicted,0.5,1,1,ACGAGCAATGGCCGAGGGGA,0,3487128
tfaE_stfE_predicted,0.5,1,1,ACGACAGATCTGATACGCCA,0,3510462
tfaE_stfE_predicted,0.5,1,1,ACGAATTTAAGATTTTTGTA,0,3503681
tfaE_stfE_predicted,0.5,1,1,ACCTTTTTCAGTACAAAAAT,0,3532308
tfaE_stfE_predicted,0.5,1,1,ACCTTGCCGTAGGTACCCCA,0,3481917
tfaE_stfE_predicted,0.5,1,1,ACCTTGATCGTCAGGATATC,0,3505512
tfaE_stfE_predicted,0.5,1,1,ACCTGTGTCCGGCTAATCCA,0,3468321
tfaE_stfE_predicted,0.5,1,1,ACCTGTGCTATTGGGTATTA,0,3528115
tfaE_stfE_predicted,0.5,1,1,ACCTGCAAAGAGTCGAAGCG,0,3471196
tfaE_stfE_predicted,0.5,1,1,ACCTGATTGTTCCCTCGGGG,0,3491462
tfaE_stfE_predicted,0.5,1,1,ACCTCCGCGCGTGGCCCCTC,0,3535633
tfaE_stfE_predicted,0.5,1,1,ACCTCATCGTAATGGTAATT,0,3530701
tfaE_stfE_predicted,0.5,1,1,ACCTACGATCCCTCCGACAT,0,3513067
tfaE_stfE_predicted,0.5,1,1,ACCGTGTTATACCATAGTCA,0,3477040
tfaE_stfE_predicted,0.5,1,1,ACCGTCTGGCCTGGTCAACC,0,3506213
tfaE_stfE_predicted,0.5,1,1,ACCGTAAACTAGGGTTCATT,0,3537114
tfaE_stfE_predicted,0.5,1,1,ACCGGTGCTCTTTCGGATGG,0,3496292
tfaE_stfE_predicted,0.5,1,1,ACCGGTGCGACCGCTTCTTG,0,3472742
tfaE_stfE_predicted,0.5,1,1,ACCGGTAACCGTGTTATAAT,0,3479783
tfaE_stfE_predicted,0.5,1,1,ACCGGGCGACACTTGTATCA,0,3490568
tfaE_stfE_predicted,0.5,1,1,ACCGGCCCACCAAAGCTCTT,0,3537592
tfaE_stfE_predicted,0.5,1,1,ACCGCTTGATTTCTGCGAGG,0,3525104
tfaE_stfE_predicted,0.5,1,1,ACCGCGAACTGATCCCTTTA,0,3469770
tfaE_stfE_predicted,0.5,1,1,ACCGAGCGTACGCACATTGA,0,3467805
tfaE_stfE_predicted,0.5,1,1,ACCGAAGTGTTTGTAATAAC,0,3531300
tfaE_stfE_predicted,0.5,1,1,ACCCTTCGAATCTTAAAGGT,0,3474922
tfaE_stfE_predicted,0.5,1,1,ACCCTTAGTTCTACCCCACG,0,3478374
tfaE_stfE_predicted,0.5,1,1,ACCCTGAGTGGTATGGGCCG,0,3500588
tfaE_stfE_predicted,0.5,1,1,ACCCTCCATAGTCCAGGGGC,0,3523918
tfaE_stfE_predicted,0.5,1,1,ACCCTATGGTATGGGCTACT,0,3511266
tfaE_stfE_predicted,0.5,1,1,ACCCTAACAGCTCTGTAGGT,0,3491889
tfaE_stfE_predicted,0.5,1,1,ACCCGGTATGAGGGCTGCCA,0,3489262
tfaE_stfE_predicted,0.5,1,1,ACCCGGAACTCAGGAACTAG,0,3506143
tfaE_stfE_predicted,0.5,1,1,ACCCGCTCGCAGAACCCATT,0,3502022
tfaE_stfE_predicted,0.5,1,1,ACCCGCACACGGCGTCTTAG,0,3472117
tfaE_stfE_predicted,0.5,1,1,ACCCGACTAGAAAGTGACTA,0,3518546
tfaE_stfE_predicted,0.5,1,1,ACCCCTTGCAAGTCGGTTAT,0,3482650
tfaE_stfE_predicted,0.5,1,1,ACCCCACTCTCGCACTGGAC,0,3504901
tfaE_stfE_predicted,0.5,1,1,ACCCCAACCTGTCGCAGCTC,0,3470074
tfaE_stfE_predicted,0.5,1,1,ACCCATGCCAACCACCCCAT,0,3538392
tfaE_stfE_predicted,0.5,1,1,ACCCAGAGTTAGGCGTTCGT,0,3499286
tfaE_stfE_predicted,0.5,1,1,ACCCACTTTAATCAGCATCG,0,3496183
tfaE_stfE_predicted,0.5,1,1,ACCCACTTGATGTTGTTGGT,0,3491273
tfaE_stfE_predicted,0.5,1,1,ACCAGTCTGCGCCCTTGTGC,0,3489486
tfaE_stfE_predicted,0.5,1,1,ACCACCTGGGGGCGTTTCGC,0,3490791
tfaE_stfE_predicted,0.5,1,1,ACCACCGTTGCTCAGGGCTT,0,3513765
tfaE_stfE_predicted,0.5,1,1,ACCAACGCTCGGTCCACTAA,0,3519854
tfaE_stfE_predicted,0.5,1,1,ACCAAATGATTGTCAGGAGT,0,3535320
tfaE_stfE_predicted,0.5,1,1,ACATTTCGGTGCCATTAACA,0,3530133
tfaE_stfE_predicted,0.5,1,1,ACATTGTGGCGGGGGCCGGT,0,3487969
tfaE_stfE_predicted,0.5,1,1,ACATTGGGTGTTTGCTCAAC,0,3486290
tfaE_stfE_predicted,0.5,1,1,ACATTCGTCAATGCGGCGTG,0,3502749
tfaE_stfE_predicted,0.5,1,1,ACATGGCATAGCCGAGTGTA,0,3504419
tfaE_stfE_predicted,0.5,1,1,ACATCTTGGCCCTCCATGCA,0,3500265
tfaE_stfE_predicted,0.5,1,1,ACATCTGGTCTTCAGGCATC,0,3502678
tfaE_stfE_predicted,0.5,1,1,ACATACTCGGACAGGCGAAG,0,3528655
tfaE_stfE_predicted,0.5,1,1,ACATAAGTACTTTCCGACCG,0,3498772
tfaE_stfE_predicted,0.5,1,1,ACAGTTGTCCAATTTCCTCG,0,3484530
tfaE_stfE_predicted,0.5,1,1,ACAGTTACGCATCACGTAAC,0,3515848
tfaE_stfE_predicted,0.5,1,1,ACAGTGTATCTTGCCGTTCG,0,3495565
tfaE_stfE_predicted,0.5,1,1,ACAGTCGTCGAGCGTAGTAT,0,3480601
tfaE_stfE_predicted,0.5,1,1,ACAGTCCTTGGTAGGTTTTT,0,3500030
tfaE_stfE_predicted,0.5,1,1,ACAGGGGTACTCAATGATCT,0,3498419
tfaE_stfE_predicted,0.5,1,1,ACAGGCTCCCCTGTTGCTCA,0,3534085
tfaE_stfE_predicted,0.5,1,1,ACAGCGCGAAGTTCTGAAGG,0,3517867
tfaE_stfE_predicted,0.5,1,1,ACAGCCCGAGTTCCTAACGA,0,3513766
tfaE_stfE_predicted,0.5,1,1,ACAGCATAGTAGTGGACGGT,0,3525828
tfaE_stfE_predicted,0.5,1,1,ACAGCAGGTAACCCGTAATC,0,3509508
tfaE_stfE_predicted,0.5,1,1,ACAGATTAATTTGACTTGAG,0,3528554
tfaE_stfE_predicted,0.5,1,1,ACACTGGAGTCTCTGCCAAC,0,3537199
tfaE_stfE_predicted,0.5,1,1,ACACTGCCCAAAACTTGTCC,0,3506385
tfaE_stfE_predicted,0.5,1,1,ACACTCTAGAACCGAATATC,0,3524293
tfaE_stfE_predicted,0.5,1,1,ACACTACTGACGGAAGTATC,0,3470026
tfaE_stfE_predicted,0.5,1,1,ACACGTCTGGTGTATACATT,0,3518440
tfaE_stfE_predicted,0.5,1,1,ACACGATCTGCCCCCAGAAG,0,3471414
tfaE_stfE_predicted,0.5,1,1,ACACGATCGAATCAACCATC,0,3508606
tfaE_stfE_predicted,0.5,1,1,ACACCTTGGTTGCGCCTTTT,0,3479110
tfaE_stfE_predicted,0.5,1,1,ACACCTAGACTCATGCAATA,0,3486802
tfaE_stfE_predicted,0.5,1,1,ACACCATTATGGCCTGCTAA,0,3530823
tfaE_stfE_predicted,0.5,1,1,ACACCATGACAACCGCTGCT,0,3467333
tfaE_stfE_predicted,0.5,1,1,ACACCACAACTAATAACGGA,0,3473634
tfaE_stfE_predicted,0.5,1,1,ACACACCAGAGAGCATCGGC,0,3531398
tfaE_stfE_predicted,0.5,1,1,ACAATGCCGGCCTAGATCAA,0,3529088
tfaE_stfE_predicted,0.5,1,1,ACAAGTGCTCAGGTGACCGA,0,3539700
tfaE_stfE_predicted,0.5,1,1,ACAAGGATACGGTCCTGCTA,0,3517302
tfaE_stfE_predicted,0.5,1,1,ACAAGCAGCGCTCTATAGGT,0,3527927
tfaE_stfE_predicted,0.5,1,1,ACAACGAAACGGTCATCGCT,0,3507599
tfaE_stfE_predicted,0.5,1,1,ACAACCGGAGGATCGCGAAC,0,3468100
tfaE_stfE_predicted,0.5,1,1,ACAACCCATTAGGAGTTTTC,0,3535938
tfaE_stfE_predicted,0.5,1,1,ACAAATATCCGCAGAGCACC,0,3482067
tfaE_stfE_predicted,0.5,1,1,ACAAAGTCTGATACAGACTC,0,3517199
tfaE_stfE_predicted,0.5,1,1,ACAAAGATCCGATGAGGTCC,0,3481185
tfaE_stfE_predicted,0.5,1,1,ACAAACATTTTAGCCCCGAA,0,3524523
tfaE_stfE_predicted,0.5,1,1,AATTTTGCTCGACTGCCGAC,0,3474962
tfaE_stfE_predicted,0.5,1,1,AATTTTATCAATATATATAC,0,3504779
tfaE_stfE_predicted,0.5,1,1,AATTTTAGGGTACGAACTGC,0,3472373
tfaE_stfE_predicted,0.5,1,1,AATTTTAATTCTAACACATT,0,3519269
tfaE_stfE_predicted,0.5,1,1,AATTTGTTTGCCCCACAATC,0,3506434
tfaE_stfE_predicted,0.5,1,1,AATTTGGGTCCACCGATGTA,0,3535805
tfaE_stfE_predicted,0.5,1,1,AATTTCATAGGTGGACCTGA,0,3485032
tfaE_stfE_predicted,0.5,1,1,AATTGTTTGTCTCGGCCGGC,0,3512739
tfaE_stfE_predicted,0.5,1,1,AATTGGTTACTTACGTATGT,0,3511998
tfaE_stfE_predicted,0.5,1,1,AATTGACATTCGTCTGAAAA,0,3467768
tfaE_stfE_predicted,0.5,1,1,AATTGAAGCCACGGAGGTGG,0,3472350
tfaE_stfE_predicted,0.5,1,1,AATTCGCTCACTCGTATCAG,0,3519512
tfaE_stfE_predicted,0.5,1,1,AATTCCCACCTTTCGACGTA,0,3504310
tfaE_stfE_predicted,0.5,1,1,AATTCCATGTGATTCCGCGG,0,3534308
tfaE_stfE_predicted,0.5,1,1,AATTCATTTAGCATAGAGGT,0,3479725
tfaE_stfE_predicted,0.5,1,1,AATTCAATCTCGTTGCCAGA,0,3525852
tfaE_stfE_predicted,0.5,1,1,AATTATTGCTGAGACTTATT,0,3533203
tfaE_stfE_predicted,0.5,1,1,AATTACCTGGAGTTTTGGGC,0,3528670
tfaE_stfE_predicted,0.5,1,1,AATTAAATTAAGTGACCTCC,0,3490937
tfaE_stfE_predicted,0.5,1,1,AATTAAAACAAAAAGACACT,0,3491897
tfaE_stfE_predicted,0.5,1,1,AATGTTCACTTACTCACACA,0,3535264
tfaE_stfE_predicted,0.5,1,1,AATGTGTTGTGCCTACACTG,0,3528974
tfaE_stfE_predicted,0.5,1,1,AATGTCTGGAGGAGCCAGAT,0,3494020
tfaE_stfE_predicted,0.5,1,1,AATGTATCCAGATTTCGAGC,0,3474186
tfaE_stfE_predicted,0.5,1,1,AATGGGGAGGGCGACAACTG,0,3467368
tfaE_stfE_predicted,0.5,1,1,AATGCCGTGAGGAACCCGGC,0,3485613
tfaE_stfE_predicted,0.5,1,1,AATGCATGCTGGAATGTCAC,0,3533073
tfaE_stfE_predicted,0.5,1,1,AATGATTTGTACTTTTAAAT,0,3529575
tfaE_stfE_predicted,0.5,1,1,AATGATTTCTGGTACAGTAT,0,3535626
tfaE_stfE_predicted,0.5,1,1,AATGATCTTGTCAACATAAA,0,3482390
tfaE_stfE_predicted,0.5,1,1,AATGAGCTAGACAATACGTC,0,3530672
tfaE_stfE_predicted,0.5,1,1,AATCTTCATGGCCAATTAGC,0,3513080
tfaE_stfE_predicted,0.5,1,1,AATCTAACGCGACGCAGACT,0,3526572
tfaE_stfE_predicted,0.5,1,1,AATCGTTACCTCGGTCCCGG,0,3504380
tfaE_stfE_predicted,0.5,1,1,AATCGTCTCATCAGCCCTGA,0,3494413
tfaE_stfE_predicted,0.5,1,1,AATCGGTTATATTCGCCAAT,0,3511530
tfaE_stfE_predicted,0.5,1,1,AATCGGATTAAGGAGGAAAA,0,3528020
tfaE_stfE_predicted,0.5,1,1,AATCGATGACGACAGAGTGT,0,3493892
tfaE_stfE_predicted,0.5,1,1,AATCGAAAAGGTTAGAACAT,0,3481242
tfaE_stfE_predicted,0.5,1,1,AATCCTCTAACCCCATTAGC,0,3499179
tfaE_stfE_predicted,0.5,1,1,AATCCTACGTTGTGCATGTT,0,3478927
tfaE_stfE_predicted,0.5,1,1,AATCCCTATCTTGGCGGGGA,0,3488339
tfaE_stfE_predicted,0.5,1,1,AATCAGCGTCTCTCCTGTGT,0,3488291
tfaE_stfE_predicted,0.5,1,1,AATCACGTAATCTATGCAAT,0,3539268
tfaE_stfE_predicted,0.5,1,1,AATATTTTGACTGTTTTTTT,0,3528053
tfaE_stfE_predicted,0.5,1,1,AATATGGCCCTATACCATTT,0,3504352
tfaE_stfE_predicted,0.5,1,1,AATATCGCAAGTTTACTCTA,0,3534811
tfaE_stfE_predicted,0.5,1,1,AATAGTCGCCTGGACTCCTC,0,3499837
tfaE_stfE_predicted,0.5,1,1,AATAGGAACAACGGAAGGCC,0,3522684
tfaE_stfE_predicted,0.5,1,1,AATAGCTTGACCTAATCAGG,0,3483024
tfaE_stfE_predicted,0.5,1,1,AATAGCAAGTTGGCGCACTT,0,3491517
tfaE_stfE_predicted,0.5,1,1,AAGTTCTTGGATGGGCGCGT,0,3540284
tfaE_stfE_predicted,0.5,1,1,AAGTTCCTCCTTGGAGCAAC,0,3477355
tfaE_stfE_predicted,0.5,1,1,AAGTTACGTCTTCTCAGGAC,0,3476768
tfaE_stfE_predicted,0.5,1,1,AAGTGTGGACGTCAAGGTAA,0,3519683
tfaE_stfE_predicted,0.5,1,1,AAGTGCTTCCTTACCACGGA,0,3538588
tfaE_stfE_predicted,0.5,1,1,AAGTGCCGTATACAGGCAAA,0,3506544
tfaE_stfE_predicted,0.5,1,1,AAGTGATACTACTGATATGC,0,3495107
tfaE_stfE_predicted,0.5,1,1,AAGTGATAAATATGCTTCTA,0,3510516
tfaE_stfE_predicted,0.5,1,1,AAGTACTCAGCAGAATTGGG,0,3518542
tfaE_stfE_predicted,0.5,1,1,AAGTAAGGTGCGGCGAAGGA,0,3529953
tfaE_stfE_predicted,0.5,1,1,AAGGGTGCTCGTAGGCCTCC,0,3488118
tfaE_stfE_predicted,0.5,1,1,AAGGGGCACCCTACAAATGA,0,3493855
tfaE_stfE_predicted,0.5,1,1,AAGGGACAGTGGGGCACTCT,0,3501645
tfaE_stfE_predicted,0.5,1,1,AAGGGAAAGCTTTAATTTGC,0,3537245
tfaE_stfE_predicted,0.5,1,1,AAGGCCTAACAGGAGGTTAA,0,3523395
tfaE_stfE_predicted,0.5,1,1,AAGGCCAAGTTGCTCGCTAG,0,3469945
tfaE_stfE_predicted,0.5,1,1,AAGGATGTTATCGTCGCAGA,0,3533556
tfaE_stfE_predicted,0.5,1,1,AAGGATCCGTAACGAGCTGT,0,3488027
tfaE_stfE_predicted,0.5,1,1,AAGGAGTTCGTATGCGCCAA,0,3487972
tfaE_stfE_predicted,0.5,1,1,AAGGACCGGCGCAAAAGATC,0,3484223
tfaE_stfE_predicted,0.5,1,1,AAGCTATGCGATAGCGAAGA,0,3496515
tfaE_stfE_predicted,0.5,1,1,AAGCGGTTGGGTTAAAGAGC,0,3539536
tfaE_stfE_predicted,0.5,1,1,AAGCGGTGACCTAATCTCCA,0,3502122
tfaE_stfE_predicted,0.5,1,1,AAGCGCTTCCCTTCAGTGAG,0,3470481
tfaE_stfE_predicted,0.5,1,1,AAGCGCTGGCCAACTTCCAG,0,3516745
tfaE_stfE_predicted,0.5,1,1,AAGCGATGGGATGCTCGTTG,0,3488432
tfaE_stfE_predicted,0.5,1,1,AAGCGAGGTCTTGAGCTTCA,0,3513010
tfaE_stfE_predicted,0.5,1,1,AAGCGAGCGATCACTTCGTA,0,3469224
tfaE_stfE_predicted,0.5,1,1,AAGCGAAGGACGGCTTAAAG,0,3481475
tfaE_stfE_predicted,0.5,1,1,AAGCCTCAGTATCACGCTAT,0,3466631
tfaE_stfE_predicted,0.5,1,1,AAGCCGCGGTACGTGATGTG,0,3468175
tfaE_stfE_predicted,0.5,1,1,AAGCCCCTGGGGGGAAAGGA,0,3507365
tfaE_stfE_predicted,0.5,1,1,AAGCCCCTAAGCTACCTAGA,0,3518525
tfaE_stfE_predicted,0.5,1,1,AAGCAGGGTGACGGGACCGA,0,3480232
tfaE_stfE_predicted,0.5,1,1,AAGCACTTTGCCGGACAGCC,0,3518693
tfaE_stfE_predicted,0.5,1,1,AAGCACATTCATACGGGAAA,0,3481650
tfaE_stfE_predicted,0.5,1,1,AAGATTTGAATTGCACATCA,0,3477403
tfaE_stfE_predicted,0.5,1,1,AAGATGCCTAGTGACTGAAC,0,3498983
tfaE_stfE_predicted,0.5,1,1,AAGATGAGTCAACTTCACAA,0,3529392
tfaE_stfE_predicted,0.5,1,1,AAGATGAAGTTGGGCCATTA,0,3514407
tfaE_stfE_predicted,0.5,1,1,AAGAGACCAGCGGGACTCTG,0,3532824
tfaE_stfE_predicted,0.5,1,1,AAGAGACACCGCTAGGCTAT,0,3522326
tfaE_stfE_predicted,0.5,1,1,AAGAGAATGACACCGACCCT,0,3512495
tfaE_stfE_predicted,0.5,1,1,AAGAGAACGGCACCGGTATC,0,3506306
tfaE_stfE_predicted,0.5,1,1,AAGACCTGGGGTGACATGAC,0,3494312
tfaE_stfE_predicted,0.5,1,1,AAGACCACACCTAATGGTAC,0,3509881
tfaE_stfE_predicted,0.5,1,1,AAGACAATCTGGGAGGGCTA,0,3497427
tfaE_stfE_predicted,0.5,1,1,AAGAAGTTTCCTGTAACCTC,0,3519199
tfaE_stfE_predicted,0.5,1,1,AAGAAGGTAACAGAAATCTA,0,3526423
tfaE_stfE_predicted,0.5,1,1,AACTTCTGGGGGATTGTGTA,0,3489018
tfaE_stfE_predicted,0.5,1,1,AACTTCGATCCGCTGAGAGT,0,3484261
tfaE_stfE_predicted,0.5,1,1,AACTGTCGTATCCATATCTA,0,3505248
tfaE_stfE_predicted,0.5,1,1,AACTGCACGCAGAAATTTCC,0,3491976
tfaE_stfE_predicted,0.5,1,1,AACTCTGCCATTTCTCATAC,0,3490962
tfaE_stfE_predicted,0.5,1,1,AACTCGGGGTGTCGCTTCTG,0,3487289
tfaE_stfE_predicted,0.5,1,1,AACTCGATCAACGATAAGAG,0,3531156
tfaE_stfE_predicted,0.5,1,1,AACTCAAACCCTCATTCCAT,0,3481847
tfaE_stfE_predicted,0.5,1,1,AACTCAAAACACAACCTCCC,0,3509092
tfaE_stfE_predicted,0.5,1,1,AACTATAACGGCTCAATCTT,0,3527012
tfaE_stfE_predicted,0.5,1,1,AACGTATACCATCACGTACC,0,3478535
tfaE_stfE_predicted,0.5,1,1,AACGGGTTACTATAAAGCTT,0,3530629
tfaE_stfE_predicted,0.5,1,1,AACGGGGACACCTGGATAGC,0,3504718
tfaE_stfE_predicted,0.5,1,1,AACGGGCTAGGATTTCCGTA,0,3515823
tfaE_stfE_predicted,0.5,1,1,AACGCGGCAATTGTAGTGCC,0,3528595
tfaE_stfE_predicted,0.5,1,1,AACGCGCCACCAATCGATCT,0,3521205
tfaE_stfE_predicted,0.5,1,1,AACGCATTAGGTCGTTAACG,0,3467778
tfaE_stfE_predicted,0.5,1,1,AACGCAGTTTCATGTATTGT,0,3481064
tfaE_stfE_predicted,0.5,1,1,AACGCAACCAGCGAGAAGTC,0,3503526
tfaE_stfE_predicted,0.5,1,1,AACGAGGCTAACTGGCCGAG,0,3511705
tfaE_stfE_predicted,0.5,1,1,AACGACCTAGGATGTCTGTG,0,3471313
tfaE_stfE_predicted,0.5,1,1,AACGAATGGACAGAGAACTA,0,3507507
tfaE_stfE_predicted,0.5,1,1,AACGAACCCCTAGTTGGACC,0,3531399
tfaE_stfE_predicted,0.5,1,1,AACCTGCGGGGTGTTTCGTA,0,3490590
tfaE_stfE_predicted,0.5,1,1,AACCTGCGCTTCTTATCACC,0,3532904
tfaE_stfE_predicted,0.5,1,1,AACCTACCTTCCATTTCATA,0,3496193
tfaE_stfE_predicted,0.5,1,1,AACCGCGTATAGATGTCCTT,0,3493770
tfaE_stfE_predicted,0.5,1,1,AACCGATCGTTTATGTCGCA,0,3482208
tfaE_stfE_predicted,0.5,1,1,AACCCTTGCCAGATAATCGT,0,3533344
tfaE_stfE_predicted,0.5,1,1,AACCCGCGAGTTATATCATA,0,3539121
tfaE_stfE_predicted,0.5,1,1,AACCCGCGAGCTCGGATTGC,0,3495879
tfaE_stfE_predicted,0.5,1,1,AACCCATTGGGTATTCATGG,0,3477350
tfaE_stfE_predicted,0.5,1,1,AACCCACACCAGATTCGCAA,0,3472929
tfaE_stfE_predicted,0.5,1,1,AACCAGGGACGATCAACGCT,0,3502824
tfaE_stfE_predicted,0.5,1,1,AACCACATCAGGCGGAGGCG,0,3481173
tfaE_stfE_predicted,0.5,1,1,AACCAACGGCATGATTTATG,0,3481162
tfaE_stfE_predicted,0.5,1,1,AACCAACACAAAACCGACGT,0,3527354
tfaE_stfE_predicted,0.5,1,1,AACATTGGCTGCATTTATAT,0,3483343
tfaE_stfE_predicted,0.5,1,1,AACATAGCATGGATCGTGGT,0,3500317
tfaE_stfE_predicted,0.5,1,1,AACAGTGGAGCAGGTCAACA,0,3530973
tfaE_stfE_predicted,0.5,1,1,AACAGTCGGAATCGGACCCT,0,3512534
tfaE_stfE_predicted,0.5,1,1,AACAGGTGTGGCTTAACATG,0,3522863
tfaE_stfE_predicted,0.5,1,1,AACAGATTGCAGACGCTAGA,0,3536212
tfaE_stfE_predicted,0.5,1,1,AACAGACCCGGTGCCGTCGT,0,3492240
tfaE_stfE_predicted,0.5,1,1,AACACACGCAATTAAGTTGC,0,3507236
tfaE_stfE_predicted,0.5,1,1,AACACAAGTTGGTACAGCTT,0,3506499
tfaE_stfE_predicted,0.5,1,1,AACACAAACCCTTAAGTCTG,0,3496453
tfaE_stfE_predicted,0.5,1,1,AACAAGCGGGCTATGACTTG,0,3468821
tfaE_stfE_predicted,0.5,1,1,AACAAGACGTGATACGCGCG,0,3489115
tfaE_stfE_predicted,0.5,1,1,AACAAATTGGTCACCCACGC,0,3503740
tfaE_stfE_predicted,0.5,1,1,AACAAAAACGATTGGTTCGG,0,3469554
tfaE_stfE_predicted,0.5,1,1,AAATTGGGCGAGCATCCAGA,0,3498025
tfaE_stfE_predicted,0.5,1,1,AAATTGACGCACTGAAATAG,0,3516344
tfaE_stfE_predicted,0.5,1,1,AAATTCTGGCATGGCCGGGA,0,3506135
tfaE_stfE_predicted,0.5,1,1,AAATTCTAATGTAACACAAC,0,3469864
tfaE_stfE_predicted,0.5,1,1,AAATTAATCTATCTTTTGTT,0,3531559
tfaE_stfE_predicted,0.5,1,1,AAATGTCCTGGGGGATATTC,0,3480019
tfaE_stfE_predicted,0.5,1,1,AAATGGCCCCGCAGATTGGG,0,3538304
tfaE_stfE_predicted,0.5,1,1,AAATGCTATTCCTTACGAGT,0,3510917
tfaE_stfE_predicted,0.5,1,1,AAATGAGAATGCAGGCGCGT,0,3530131
tfaE_stfE_predicted,0.5,1,1,AAATCTTTGGGTACATGCCA,0,3468837
tfaE_stfE_predicted,0.5,1,1,AAATCTCCCATCACTCGCGC,0,3478536
tfaE_stfE_predicted,0.5,1,1,AAATACGGGGACCTAGGGGG,0,3525441
tfaE_stfE_predicted,0.5,1,1,AAATAAACGTTGCGCTCAGC,0,3502357
tfaE_stfE_predicted,0.5,1,1,AAATAAAAGTGCCACTTCGA,0,3491414
tfaE_stfE_predicted,0.5,1,1,AAAGTTCTCTCTGTGGTTAG,0,3536226
tfaE_stfE_predicted,0.5,1,1,AAAGGTGCGCACCAGATACC,0,3518734
tfaE_stfE_predicted,0.5,1,1,AAAGGGATCCGAGGACTTAT,0,3467827
tfaE_stfE_predicted,0.5,1,1,AAAGGATCTTGGCTACCCCT,0,3503765
tfaE_stfE_predicted,0.5,1,1,AAAGGACGGATTACCTCAGT,0,3516589
tfaE_stfE_predicted,0.5,1,1,AAAGATTGATGAGGGGTTCT,0,3485228
tfaE_stfE_predicted,0.5,1,1,AAAGAGCCGGTGTCGAACCG,0,3487050
tfaE_stfE_predicted,0.5,1,1,AAACTTTGACTCTTGGCCTC,0,3498771
tfaE_stfE_predicted,0.5,1,1,AAACTTGAGGGTACTAGCGG,0,3541178
tfaE_stfE_predicted,0.5,1,1,AAACTTCTTCAACGTGTCCT,0,3532686
tfaE_stfE_predicted,0.5,1,1,AAACGTGTATGCGACTATTA,0,3517877
tfaE_stfE_predicted,0.5,1,1,AAACGGTCAGATCACACGAT,0,3539609
tfaE_stfE_predicted,0.5,1,1,AAACCCTACCGTGTCCCTGT,0,3518171
tfaE_stfE_predicted,0.5,1,1,AAACCAGTAAAACTCACCCA,0,3484682
tfaE_stfE_predicted,0.5,1,1,AAACCACCTTGGACCCGTAG,0,3503924
tfaE_stfE_predicted,0.5,1,1,AAACATATGAGTCTTTGGTA,0,3529062
tfaE_stfE_predicted,0.5,1,1,AAACAGGACGTAATCGTTAC,0,3470845
tfaE_stfE_predicted,0.5,1,1,AAACAACGTCGTGGAGGCGC,0,3513056
tfaE_stfE_predicted,0.5,1,1,AAAATTCGGAAGATCAGGAC,0,3509413
tfaE_stfE_predicted,0.5,1,1,AAAATGCCGGCAGTGCTGAC,0,3483509
tfaE_stfE_predicted,0.5,1,1,AAAATCCTAAGCGAGACTCT,0,3508641
tfaE_stfE_predicted,0.5,1,1,AAAATACATGTTATGAACTA,0,3539260
tfaE_stfE_predicted,0.5,1,1,AAAAGGAGATGACAAACTGG,0,3485456
tfaE_stfE_predicted,0.5,1,1,AAAAGAGTTCTTCTATAACA,0,3483718
tfaE_stfE_predicted,0.5,1,1,AAAACTACCTCTTGGAGTTA,0,3507069
tfaE_stfE_predicted,0.5,1,1,AAAACAGAAAGGCGTATCGT,0,3532263
tfaE_stfE_predicted,0.5,1,1,AAAAAGGTGTAGTGTACATA,0,3528823
tfaE_stfE_predicted,0.5,1,1,AAAAAGAGTAGGTGCGCATC,0,3504544
tfaE_stfE_predicted,0.5,1,1,AAAAAATCTAAAATTCTATG,0,3510559
tfaE_stfE_predicted,153.0,152,0,TAATGGGCTGGACGGCTACG,152,3527796
tfaE_stfE_predicted,150.0,149,0,CACAGCCGATCCCCTTACGA,149,3487278
tfaE_stfE_predicted,132.0,131,0,AGGAACAGAAAACACAGTAC,131,3502725
tfaE_stfE_predicted,121.0,120,0,TCCCTAATATTGCCGAAGGT,120,3505096
tfaE_stfE_predicted,104.0,103,0,TCATCACTCAGCGGCCTTCA,103,3503780
tfaE_stfE_predicted,104.0,103,0,ATTTTGGCCTTTGTGTGGTA,103,3512259
tfaE_stfE_predicted,97.0,96,0,CGGTTGCCACGGTCAAAAGT,96,3472147
tfaE_stfE_predicted,93.0,92,0,AGTATCCGGTGATGAGCTTA,92,3535991
tfaE_stfE_predicted,90.0,89,0,TGTCAGCCCTGTTTGCCTGA,89,3504729
tfaE_stfE_predicted,90.0,89,0,GTAACTGGAAAAAAAGCCGT,89,3510472
tfaE_stfE_predicted,87.0,86,0,AGGAGGTAAGCTTCCCTTCC,86,3466464
tfaE_stfE_predicted,85.0,84,0,CCTCTGTGCAACTGAGTCAA,84,3470538
tfaE_stfE_predicted,83.0,82,0,AACTTGCAAAGTCAAAAGTC,82,3484811
tfaE_stfE_predicted,77.0,76,0,TCGAAGCCGGAGGTCCGTGT,76,3512064
tfaE_stfE_predicted,77.0,76,0,GTAGTCTCTAGACCTACGAT,76,3510513
tfaE_stfE_predicted,70.0,69,0,ACAGTCGTGACCAGCTTACC,69,3480816
tfaE_stfE_predicted,67.0,66,0,TATCAATACGTTACCCTCCT,66,3482118
tfaE_stfE_predicted,65.0,64,0,AACATTGCTCGGTCAAGGGC,64,3517462
tfaE_stfE_predicted,63.0,62,0,AACTTGAAGAGCAGGCTCCA,62,3527470
tfaE_stfE_predicted,62.0,61,0,AAGAATTCATTCTTCTATCC,61,3491952
tfaE_stfE_predicted,59.0,58,0,ACGTACGGTGCAGATTTAGT,58,3522849
tfaE_stfE_predicted,55.0,54,0,GAGATTAACGTCAATACGAA,54,3483787
tfaE_stfE_predicted,55.0,54,0,ACGAATTGGGCTGCGAAGTA,54,3506318
tfaE_stfE_predicted,51.0,50,0,CGACAATTCCCCAGATTCTG,50,3499276
tfaE_stfE_predicted,49.0,48,0,TTAGCAATGATACGGTGCTG,48,3499932
tfaE_stfE_predicted,48.0,47,0,ACGTGCGCCATGCGGCTCTC,47,3502071
tfaE_stfE_predicted,48.0,47,0,ACCCGCTATACTATAACCTT,47,3520357
tfaE_stfE_predicted,43.0,42,0,CAGATACCGTAACTTCAATA,42,3508218
tfaE_stfE_predicted,41.0,40,0,TCATACCCAGAACAATCACC,40,3502686
tfaE_stfE_predicted,40.0,39,0,TACTTTGCTGTCAGTAGTCC,39,3520479
tfaE_stfE_predicted,40.0,39,0,TAACCAAACTATATCATCAG,39,3522621
tfaE_stfE_predicted,36.0,35,0,GCTGGTCCCGGTCTTCAATA,35,3514939
tfaE_stfE_predicted,30.0,29,0,TCAAAGTAGGATTACTAAAG,29,3511130
tfaE_stfE_predicted,30.0,29,0,ACTACCTTTAATTTGCGACT,29,3489296
tfaE_stfE_predicted,21.0,20,0,GCATTTCTAGACCTTCACCT,20,3528480
tfaE_stfE_predicted,21.0,20,0,AGGACATACTTGCCGGGCGA,20,3474472
tfaE_stfE_predicted,9.0,8,0,TGGTATCCTCCTCTCTCCTT,8,3508046
tfaE_stfE_predicted,3.0,2,0,GGAGGTCATCATTAGTGCTT,2,3467511
tfaE_stfE_predicted,2.0,1,0,TCCTATAACTGATCTCGTGC,1,3476799
tfaE_stfE_predicted,2.0,1,0,TCAGACTAGAGTTGAAGTTA,1,3513712
tfaE_stfE_predicted,2.0,1,0,TAGCACGAAGTTTCGTGAGT,1,3483070
tfaE_stfE_predicted,2.0,1,0,GGTGTTCTGTCTAGAGAGCT,1,3502341
tfaE_stfE_predicted,2.0,1,0,GATAATCGTGTACATACAGG,1,3499769
tfaE_stfE_predicted,2.0,1,0,GAGGTTTATAACACATCAAT,1,3493116
tfaE_stfE_predicted,2.0,1,0,GAATTCTAAGATTAAGCGGA,1,3537404
tfaE_stfE_predicted,2.0,1,0,GAATTAATTATGTTTGGCTC,1,3533580
tfaE_stfE_predicted,2.0,1,0,GAAGCTCAAGACCCGACGCG,1,3521263
tfaE_stfE_predicted,2.0,1,0,CGTTTATTGAGACTCTTTGC,1,3539531
tfaE_stfE_predicted,2.0,1,0,CGTGAGGCCTGTTATAATGG,1,3516199
tfaE_stfE_predicted,2.0,1,0,CCTTGATACTTAGGACATAT,1,3516879
tfaE_stfE_predicted,2.0,1,0,CCTCACGAAATCTGCGCCTT,1,3523794
tfaE_stfE_predicted,2.0,1,0,CCGGTGTCATCAGACAGCTA,1,3509180
tfaE_stfE_predicted,2.0,1,0,CCCAATTCGCAACGGGCGGT,1,3466828
tfaE_stfE_predicted,2.0,1,0,CATTTAACGTAAAAATCTCG,1,3503087
tfaE_stfE_predicted,2.0,1,0,ATATTCTGGCGTGACATAGA,1,3535223
tfaE_stfE_predicted,2.0,1,0,AGGGCGGTTCTAGGAAATTT,1,3478078
tfaE_stfE_predicted,2.0,1,0,ACTGGCACTGGTATTCTCAA,1,3475555
tfaE_stfE_predicted,2.0,1,0,ACGCTCGGTGGCCGCCACAC,1,3498821
tfaE_stfE_predicted,2.0,1,0,ACGAGAATTCGGCACGGGAA,1,3480941
tfaE_stfE_predicted,2.0,1,0,ACAGGTTATCTAAGATTCGA,1,3506348
tfaE_stfE_predicted,2.0,1,0,AACTCCAAACCACTGCGCGG,1,3501081
