name,relative_counts,ct,ct_0,barcode,ct_1,barcode_ind
araCp,0.14056654195617316,4266,3741,GCGGAAGGGTTTAGCTTAGA,525,530140
araCp,0.762278978388998,895,508,CTTTCAGGAAGTTCACCATC,387,550983
araCp,0.41350210970464135,333,236,CCGGACGAGCAGGCGGCGGT,97,526025
araCp,0.6576576576576577,366,221,AGCCCCTCTATAAGTTGTTT,145,526736
araCp,2.6838709677419357,569,154,TGTCTCCCGGATTCTTTTCA,415,526653
araCp,2.5970149253731343,480,133,AGACTACCACTGTAAATAGT,347,545178
araCp,0.8461538461538461,238,129,CGGAGCGGGGTTCCTCACCA,109,559663
araCp,0.90625,242,127,GACCCTCGTAGCTGATTACA,115,540938
araCp,0.8503937007874016,233,126,CGTACATTCCGTTGGGCCAG,107,549470
araCp,0.3951612903225806,171,123,GCTACCGAGCGTTCTGTGGT,48,526180
araCp,1.0,244,122,CCTGTTTTTTCAGTTTGAAT,122,527194
araCp,0.5666666666666667,186,119,AGCTGGCTTTAAGAGGGGCA,67,526005
araCp,3.0840336134453783,484,118,TAACTGAATGGTAACAGGTA,366,526441
araCp,0.8636363636363636,203,109,AGGAGGACTCAAAGAAGAGT,94,568629
araCp,1.1553398058252426,220,102,GAAGATTCGTTAATCGTCGC,118,577927
araCp,0.8921568627450981,191,101,TCTGTGGTCGTGGTTGAGGT,90,542260
araCp,0.0196078431372549,102,101,AGAGTCACCGAATGTGAGTT,1,539024
araCp,0.0594059405940594,105,100,CCTGTGAGTCAGGCATGAGA,5,541304
araCp,1.2323232323232323,219,98,TCTACACACGCTGTTGCGGT,121,533607
araCp,0.696969696969697,166,98,ATTATGCAATAGTATTTCAT,68,540223
araCp,1.6224489795918366,255,97,GACCTCATTTTTCTAATTAA,158,554712
araCp,0.020618556701030927,97,96,AGACGCATCGAACATGAGAT,1,533961
araCp,0.020618556701030927,97,96,ACGGATATGCCAGGTGGCAT,1,557411
araCp,0.020833333333333332,96,95,TGTCGCGGCCCCAAAATGAT,1,556728
araCp,0.02127659574468085,94,93,GGTAACTCTTTTGCTTTCTC,1,587924
araCp,0.425531914893617,132,93,GACATGATACGGCGCGTGGA,39,526366
araCp,0.03296703296703297,92,90,TTTGTATTCGCTGAATCCAC,2,531543
araCp,0.989010989010989,179,90,TCAATACTTCTAGACGATAA,89,543109
araCp,0.022222222222222223,90,89,CGGGGCGTGCGGCGGTCAGG,1,592586
araCp,0.6818181818181818,146,87,GTGGCGTACCTGTCCCATGT,59,526924
araCp,1.0574712643678161,177,86,TTTGGCTGAGGCGTCGGGCA,91,543979
araCp,2.6588235294117646,309,84,TGAACGAAGTATTGGCGCTT,225,570970
araCp,1.1529411764705881,181,84,CGTCCAATTCCGCGAAGGAA,97,581501
araCp,0.5714285714285714,130,83,GATCCGTGGACAGCCGGTAC,47,548348
araCp,3.4761904761904763,374,83,GACAGGCTTTAGGGTTTAGA,291,529740
araCp,0.023809523809523808,84,83,CAAAGGTCTGCAGTCATTAG,1,544947
araCp,0.023809523809523808,84,83,AATAGGGTGGCAGTGATCGA,1,583567
araCp,0.40963855421686746,115,82,TGCTATATTCATAACGTTCT,33,533166
araCp,1.25,178,79,TCTGGTACGATGCCCTCTTT,99,526390
araCp,2.9,310,79,TAGAGCGGTCTCGAGGGGCA,231,577929
araCp,0.9125,151,79,CGTTCGCATGCCCTCCGAAG,72,574493
araCp,0.8076923076923077,139,77,TAGCCTGCCAATTGGGGAAA,62,529317
araCp,1.3974358974358974,185,77,ACGGCATCCCCTGGTGCAAC,108,544697
araCp,0.025974025974025976,77,76,GGCCTGTGACACGGGCATAT,1,551549
araCp,0.025974025974025976,77,76,GCACCGATAATGATTATCTT,1,526596
araCp,0.025974025974025976,77,76,AACAAGGTCAGCCGCCAGAT,1,540463
araCp,0.5263157894736842,114,75,GATAACATCCTTAGTTTCCT,39,572418
araCp,0.3026315789473684,97,75,CTTAGTTGCGGTCAAGGTCC,22,544791
araCp,1.0,148,74,CTAGTTTTTCGTTGTGGTTG,74,534287
araCp,0.72,127,74,CCCCAGTTCCGAAACAGGGA,53,548686
araCp,0.7567567567567568,128,73,AGACATTGCTCCTAGCATGT,55,593711
araCp,1.095890410958904,151,72,TCTAGCGTAATTACGAAAAA,79,568678
araCp,1.2876712328767124,165,72,AACCAGGGGGTCCTACCCTA,93,558919
araCp,0.20833333333333334,85,71,GAGTCTGAGCGTGTCATTTA,14,561992
araCp,1.4166666666666667,172,71,CTTCAGTTACACTTTTACCA,101,584891
araCp,5.611111111111111,474,71,CAGACCACATCCTGGAACAT,403,577394
araCp,0.027777777777777776,72,71,ATGAAGATAGACAGTATCTT,1,538130
araCp,1.4583333333333333,175,71,AGTATGGATTGCACCCGGCC,104,595649
araCp,1.8732394366197183,202,70,GTAAGGTCGTAGCGGCAAAT,132,542753
araCp,1.5774647887323943,181,70,AAGTTGCCATGTATCCTTAA,111,566110
araCp,0.02857142857142857,70,69,TGCATGGTGCGGAATCGATA,1,545308
araCp,1.6714285714285715,185,69,TCAAAGGCGGAAACTTAAGA,116,550106
araCp,0.9285714285714286,133,69,TACCCACGGGGACGCTTCGT,64,597349
araCp,0.02857142857142857,70,69,GGGCTATTCGCTCTACACCA,1,554089
araCp,0.028985507246376812,69,68,GCCACGTATTGAAACAACGG,1,557412
araCp,7.942028985507246,615,68,ATGCTTATCATCATGAGCTG,547,534606
araCp,0.028985507246376812,69,68,ACGTTCTCTGCCGGTTGAAG,1,531578
araCp,1.318840579710145,158,68,ACGGCTAAAGTAGTTCCGGA,90,546384
araCp,2.8823529411764706,262,67,CGCTCCACCGTGGACGCGGT,195,552357
araCp,0.029411764705882353,68,67,AGATGTCTTACAGAAGGACT,1,539649
araCp,0.9850746268656716,131,66,GCGTTGTCGAGCCAAAAGCC,65,526319
araCp,2.484848484848485,228,65,TGTGCCACTTAGTTACAGCT,163,537676
araCp,0.5606060606060606,101,65,GTCAACTCCGAAGGACACAC,36,566901
araCp,1.196969696969697,143,65,AGCGGTGATCTGGCGAGCGA,78,588839
araCp,1.7384615384615385,176,64,TTATCCATTTCCTGCAATTT,112,525667
araCp,0.046153846153846156,66,64,ATTGAGTTTGCACCTCCAGA,2,580143
araCp,1.46875,156,63,TTGCTTGGGAGCTGCGTATC,93,528207
araCp,2.421875,217,63,TGGTCCAACGTATCGCTTCT,154,554053
araCp,1.96875,188,63,TACTAGGCCACCTGGAGTCA,125,589745
araCp,0.140625,71,63,GGCGCGACGGATATCCGTCC,8,542587
araCp,1.34375,148,63,GCCGGGATCTTTCTCACAAG,85,575633
araCp,0.71875,108,63,GCAAATACAGTCCTCCACTT,45,572849
araCp,0.78125,112,63,GATAGCATGGTGAACTGCCA,49,525533
araCp,4.859375,373,63,CAGCGCGATCACGTTCACGT,310,543960
araCp,1.71875,172,63,CAAACAGTCCCTTGGAGTGT,109,561839
araCp,0.828125,115,63,AGTGTGGGACGCCAGGCGTT,52,534903
araCp,0.6349206349206349,101,62,TCGGAGATTGATTCTCTCGT,39,531035
araCp,0.9523809523809523,121,62,TACGGATAGACCACCTCATT,59,528280
araCp,1.7936507936507937,174,62,CTCTGGATCATTTATTGACT,112,587221
araCp,2.064516129032258,188,61,TTGGATATACCAACACCAAG,127,571619
araCp,1.4838709677419355,152,61,CAGTTCGTGGGATCAGGAAA,91,536317
araCp,0.7903225806451613,109,61,ACTTCCGGTCCTCCTATCAC,48,577591
araCp,9.483870967741936,648,61,ACGACCGGAGCTCCGGTGAT,587,531324
araCp,0.03225806451612903,62,61,ACAATCGTAACGCTTGAACA,1,577789
araCp,1.180327868852459,131,60,TCGTGAAATCAACTCAGGCT,71,546949
araCp,2.1639344262295084,191,60,TCCCGTTGTTCCACGGCGGT,131,550486
araCp,0.4918032786885246,89,60,CTTAAGTGTGGGGGCAACGA,29,565497
araCp,1.540983606557377,153,60,CCGTAACCAAAACTATAACT,93,569792
araCp,3.0655737704918034,246,60,CCCATACGTTTCAGTGTGAA,186,576798
araCp,0.21666666666666667,71,59,TCGATAACCCTAAACGTTGA,12,528125
araCp,0.03333333333333333,60,59,CTACTCCGAAGCCTCGCATT,1,567942
araCp,2.1333333333333333,186,59,CCTATGCTTTAAATTTCCGC,127,555993
araCp,0.03333333333333333,60,59,ACGCCCTCGGGTCCTGGTCC,1,562014
araCp,0.5932203389830508,92,58,TCACTACTCAAGTCTGCGAT,34,538690
araCp,2.2203389830508473,188,58,CGCACTGTTCCCGAGCGACA,130,542613
araCp,3.3559322033898304,255,58,AAAGCAACACGTTAAACGAA,197,525529
araCp,1.6206896551724137,150,57,TTACTGCCCCATAGAGCAAT,93,528212
araCp,0.6551724137931034,94,57,TCACTGTTGGGCGGGAATAT,37,541337
araCp,0.034482758620689655,58,57,TACCTTCAGACTGGAACACT,1,570918
araCp,0.034482758620689655,58,57,AGATGCGGGGGGGAATGCTT,1,583534
araCp,1.3859649122807018,134,56,TGGTAGGAGGGTATTGCGTA,78,537022
araCp,1.2280701754385965,125,56,GTTGTGTCTGAGCTCGGCAG,69,532811
araCp,0.03508771929824561,57,56,GATTTAAGATTAAAGCGCAA,1,574040
araCp,0.38596491228070173,77,56,CATCTCAGCTAGGTATCGAA,21,529116
araCp,0.03571428571428571,56,55,TGATGACAGCGAGCGGTTAC,1,599008
araCp,2.2857142857142856,182,55,TCGCTGGCCGGGAAAAACAA,127,565932
araCp,0.03571428571428571,56,55,TCCTACTAATGGCAAGGATA,1,535419
araCp,0.05357142857142857,57,55,CAAGTAAAGGAAGGCACTCA,2,562384
araCp,1.8928571428571428,160,55,ATAATAGTGTGGTGAGCAGG,105,551868
araCp,1.5272727272727273,137,54,TATGAGAGCGCCAGCGCTTT,83,569337
araCp,1.981818181818182,162,54,GTCTGCAACTCTTCCCCGGA,108,545135
araCp,0.03636363636363636,55,54,GAAGGCCGTACTATCACTTT,1,549708
araCp,2.2,174,54,CTGTTTATACGAGTAACCAT,120,542941
araCp,3.9454545454545453,270,54,CTACGCCACCACTCTAGACA,216,537761
araCp,0.03636363636363636,55,54,CAGAGTTCAGTTTCTGCTGA,1,525882
araCp,6.254545454545455,397,54,AGGGTAGGCCAAATCCATGC,343,583779
araCp,2.074074074074074,164,53,GGTTTCGACGAGGGGGGAAA,111,551205
araCp,0.037037037037037035,54,53,GGGCGAGGAACGCGAGTCGT,1,572730
araCp,1.962962962962963,158,53,GAAAATTGCTTGCTGGCGCG,105,540553
araCp,0.037037037037037035,54,53,CCACGAGTACTGGACAAGAA,1,525954
araCp,2.0185185185185186,161,53,ATAAGAGAGTACCACCTCAT,108,584621
araCp,2.2962962962962963,176,53,AGTCCAGACACCCCTGGGCA,123,531962
araCp,13.12962962962963,761,53,AGTAGGACTACTGATCGCAA,708,528955
araCp,0.037037037037037035,54,53,AAACAAGTTTTCTCAATCAG,1,567253
araCp,1.0188679245283019,105,52,TCAATTGATCGCTTAATCAT,53,596595
araCp,0.03773584905660377,53,52,GTAACAAATTGCTGCCAATG,1,540856
araCp,2.452830188679245,181,52,GCCCCGCGCCGCATTGCGGA,129,529012
araCp,0.3018867924528302,67,52,GACTTGATACCCTGGATCAC,15,526857
araCp,1.1132075471698113,110,52,CTGTTAGCCCCATTCACCTT,58,560511
araCp,0.03773584905660377,53,52,CGCTAGCATTTCTCGGGGAT,1,572727
araCp,2.5283018867924527,185,52,ATTGCATGGTAGATGAGGAA,133,556260
araCp,1.3461538461538463,120,51,TTTTTGGCATCCGATTCAAG,69,527289
araCp,2.3461538461538463,172,51,TTCAAGCAAATTTCATGGAT,121,530104
araCp,0.6923076923076923,86,51,TCATGTCTACTAAGGTCGCG,35,544997
araCp,1.6346153846153846,135,51,GCGGATGAAGATATGGGCAT,84,597027
araCp,0.38461538461538464,70,51,GCAATCTGCCCCTATGGCGC,19,579631
araCp,1.1346153846153846,109,51,CACCCGACTAGAAAAGAACT,58,600388
araCp,2.5,180,51,AGGCAGCTTTTTCACACATC,129,545834
araCp,2.423076923076923,176,51,AGCGGAGCGGTTCAGCCCCG,125,540769
araCp,1.8653846153846154,147,51,AACCGTCCCCATTTCATTAT,96,540596
araCp,0.0392156862745098,51,50,TTGTTCCCGCAGAATGACAT,1,586583
araCp,0.0392156862745098,51,50,TCTGAGTAATACGAAACATG,1,528319
araCp,1.2941176470588236,115,50,GTCCCCAAGCTATAAGAGGT,65,571304
araCp,0.5098039215686274,75,50,GGTCGGACCCACATCATAAG,25,580933
araCp,0.058823529411764705,52,50,GCCTCACGATGAAGTCTAAT,2,598530
araCp,2.235294117647059,163,50,CTGGAGGCTCGGGACGAAAG,113,595253
araCp,0.0392156862745098,51,50,CACTTACTGGAGCACTCTGG,1,581620
araCp,0.45098039215686275,72,50,AGATCGTCCAGGTGAACCTA,22,583183
araCp,1.411764705882353,121,50,AGACAAGCAGTTCGTACGGG,71,545084
araCp,1.0392156862745099,102,50,ACGCGAGGACGGGTTTTGTG,52,588715
araCp,1.62,129,49,TCGCGGGCCACTGCCCTAAG,80,557120
araCp,0.04,50,49,TACGTGTGGTGTGAGTTAGA,1,567749
araCp,0.42,69,49,TACCATCCATGTGGTGTTGT,20,602311
araCp,0.06,51,49,GTCCATCGGCTTATGCAAAT,2,526186
araCp,0.52,74,49,GGTCATACAGGCCTGCCTAC,25,546511
araCp,1.68,132,49,GGTCACTGCAGGTCCAGCGA,83,596831
araCp,0.04,50,49,GCCATCTGTACCCCTTCTCA,1,543650
araCp,0.04,50,49,CTGCAGATGAGGCGTACGTG,1,588959
araCp,6.02,349,49,CGTGAATTGGTACATGTAAA,300,546840
araCp,1.04,100,49,CGGGAATTTCTCCGAAAACA,51,557917
araCp,1.8,138,49,AAACCGGAAGACACTCCGTT,89,585380
araCp,1.163265306122449,104,48,TTTCGGGCTAAGATTCATAT,56,541935
araCp,2.2448979591836733,157,48,TCAGAGCAAAATCACGCATA,109,548222
araCp,1.5714285714285714,124,48,TACCCTGATTGTTTTGTTGT,76,542439
araCp,1.2448979591836735,108,48,CGAGACACGCGTACCGGACT,60,542371
araCp,0.46938775510204084,70,48,AGCCAGGATAGTAGGGCTAG,22,558745
araCp,0.08163265306122448,51,48,ACCTGCGACACGGCTTGTAT,3,579910
araCp,0.8163265306122449,87,48,ACATTTGCGGTGGCTTGCCT,39,584083
araCp,1.5,118,47,TGGTGCGCGTAAGACCCATA,71,528425
araCp,0.041666666666666664,48,47,GTCTTTACGGTAACATTACT,1,574683
araCp,0.0625,49,47,GAAGGTTAGTCGGTGGGCAA,2,565175
araCp,2.1875,151,47,CCTCCGCACCGTGTAGATTA,104,531869
araCp,1.9791666666666667,141,47,CAGCCCGCTATATTGAAGGT,94,530503
araCp,1.9375,139,47,CAGACTGATGACCGAAGTCA,92,539874
araCp,0.041666666666666664,48,47,ACAAGCGAACAGCATGGAAA,1,588255
araCp,4.0638297872340425,236,46,TAAATAAATTCATACAGCCT,190,536830
araCp,0.0425531914893617,47,46,GTAGCGTACTGATGGGTTTA,1,568529
araCp,1.7446808510638299,127,46,GGGCTTTTTCATACATCTAA,81,547159
araCp,0.0425531914893617,47,46,GGCGTGGTTGCCGCTCCGTA,1,538725
araCp,2.148936170212766,146,46,GCAGCATCCGCCTCTCCTGT,100,537665
araCp,4.340425531914893,249,46,GATTGCTCCTGAGGAGTGCC,203,600354
araCp,0.0425531914893617,47,46,CTCGTGCCGTACAGGGGAGT,1,579561
araCp,0.9574468085106383,90,46,CTATTCTGAGTCCCGTTTAG,44,527149
araCp,7.297872340425532,388,46,CGTTCACAGTCGTAGTCGTG,342,551721
araCp,1.4893617021276595,115,46,CCTTCAATGATGCAATTGCT,69,528926
araCp,0.19148936170212766,54,46,CAGGGGGGTAGGTCGGCCAG,8,599081
araCp,0.0425531914893617,47,46,ACAACACGAGCGCAGCCTGA,1,595295
araCp,0.0425531914893617,47,46,AATGGCGAGTATTACGCCTT,1,544207
araCp,2.74468085106383,174,46,AAGCATTTGTCTTACACTAT,128,561729
araCp,4.891304347826087,269,45,TTTCAGTCATGCTTCTGGCG,224,529715
araCp,0.41304347826086957,63,45,TGTACTTATACCTACAGACC,18,587901
araCp,0.043478260869565216,46,45,TGATGAGGCTATTCCAAGTG,1,588658
araCp,1.8695652173913044,130,45,TAGGAGACCAGTTTCTCGTA,85,579697
araCp,0.782608695652174,80,45,GTATCGCTAAGTCTTCATTT,35,576753
araCp,0.5217391304347826,68,45,GGGTCACGTTGGGTTTTTCT,23,566962
araCp,1.9130434782608696,132,45,GCGCTCGAACAACGCTTCAC,87,528485
araCp,0.043478260869565216,46,45,GCATTGGTCGTAGAGATGCT,1,593120
araCp,0.9782608695652174,89,45,CGTAAGGTTCGTGGTACAAC,44,550485
araCp,4.217391304347826,238,45,CCTGTCTTTATTAAAATTCT,193,570086
araCp,1.7826086956521738,126,45,CCCTGTCAGGCTACGCCAAA,81,589199
araCp,1.2391304347826086,101,45,CCAAGCATCAAGTCTCATCT,56,548163
araCp,3.8043478260869565,219,45,ATCCAAAGTGACAGGGCGCT,174,561678
araCp,0.06521739130434782,47,45,AGACGAAAAAGCTTCGTATA,2,556855
araCp,3.577777777777778,204,44,TGGCTGCTAGTATCGTGTCT,160,559596
araCp,1.6222222222222222,116,44,TGATGGCGGCAGTGAGCGGA,72,532467
araCp,2.466666666666667,154,44,TCACGATTTCATGATCGCGA,110,576518
araCp,0.044444444444444446,45,44,CACCACCGTCTCAGGGAACT,1,582956
araCp,0.044444444444444446,45,44,ATTGAGGGAGCCAATATAAA,1,529832
araCp,2.466666666666667,154,44,ACACATTGGGTATCATAGAT,110,575437
araCp,1.8222222222222222,125,44,AATCTTCAGTTATAGGCTTC,81,536683
araCp,0.8181818181818182,78,43,TTAGACACGGGTGCAGAAAT,35,525539
araCp,1.0681818181818181,89,43,GGCTGTATCAGTCACCAGGT,46,578228
araCp,6.0227272727272725,307,43,CTTGGGCGCAGTGGCCAATG,264,528789
araCp,1.6818181818181819,116,43,CGTCCTCAGCGCACCGGGTT,73,580572
araCp,0.045454545454545456,44,43,CGTATGCCATCAGTTTATGA,1,572532
araCp,1.0909090909090908,90,43,CCGTTTTCCCCCCTTACCCG,47,544268
araCp,1.7954545454545454,121,43,CCGGTCAAAAACCGTGCTGT,78,540939
araCp,0.045454545454545456,44,43,AGGGTACTCAAGATTTATTT,1,539145
araCp,0.045454545454545456,44,43,AGATCCGGTTAGATGCAGCG,1,554938
araCp,0.046511627906976744,43,42,TGGACGAGCCTAAATGTTCG,1,552240
araCp,0.046511627906976744,43,42,GTGGCGGACTTTTGGTCCCT,1,573959
araCp,0.06976744186046512,44,42,GTATCTTCCCCGCGGGCGTG,2,547086
araCp,0.046511627906976744,43,42,GTACCTGCAAGATCTCCTAT,1,580797
araCp,1.4883720930232558,105,42,GCAGGAATATATTTTTACAT,63,547548
araCp,2.4186046511627906,145,42,GAGACCCGAAGCAGATAGCT,103,569328
araCp,2.697674418604651,157,42,GAACTATTTCCGACACGTGA,115,570815
araCp,0.046511627906976744,43,42,GAAACTCCATTGAATCGGCT,1,576708
araCp,0.046511627906976744,43,42,CTGCTCGGCAATGAGCTTTA,1,572121
araCp,1.9534883720930232,125,42,CGTCCGAGGCGCTACTATAG,83,560712
araCp,2.813953488372093,162,42,CATAGGGACTCGTGTGGTCA,120,576301
araCp,13.976744186046512,642,42,CATACCTCATGGTGTGCGTA,600,561545
araCp,0.046511627906976744,43,42,CAATCCGCTCAGGGAATGTA,1,547795
araCp,2.395348837209302,144,42,AGTTTCAAGGGGGAATCGGC,102,566265
araCp,0.046511627906976744,43,42,AGGCTGACATCGTGGGAATA,1,586520
araCp,0.046511627906976744,43,42,AGGAACTATGCAAACGACTG,1,540269
araCp,0.37209302325581395,57,42,AGCTCTTTAAATAGATTTAG,15,567159
araCp,0.046511627906976744,43,42,ACTCGCCCTCCAATTTCAGC,1,568480
araCp,2.4651162790697674,147,42,ACCAGGGAGGACAGGACTAA,105,544750
araCp,0.09523809523809523,44,41,TGTAACGGGGACCTCGAGTT,3,540854
araCp,1.2380952380952381,92,41,TGCGCCGCTGAGCTAGGCTG,51,566362
araCp,2.4285714285714284,142,41,TAGGCTCCGGTGGCCCCAAG,101,550340
araCp,0.047619047619047616,42,41,TACACTGAAGGGCAGCGCGG,1,528424
araCp,0.047619047619047616,42,41,GTGTCTGGCGTGTGTTATGA,1,566734
araCp,2.6666666666666665,152,41,GGCGGTGTGGGCATCCGTAT,111,574324
araCp,0.07142857142857142,43,41,CTACGGATGTTCGAGCTGAG,2,530052
araCp,0.8095238095238095,74,41,ATTCCGTATAGTCTGATTCT,33,558349
araCp,0.04878048780487805,41,40,TTGCCATGAACTATGGAATA,1,562714
araCp,0.04878048780487805,41,40,TCGATTATTACATGCCCAGT,1,603234
araCp,0.04878048780487805,41,40,GTTAGCCACGACTTAATGGT,1,546917
araCp,2.341463414634146,135,40,GGACCCTGCATCCGACGGAC,95,592913
araCp,2.8536585365853657,156,40,GCGTAAGCCGTTGAGCGGTA,116,569903
araCp,0.04878048780487805,41,40,GCAGTCCTGGGGTGCGCATT,1,541571
araCp,0.04878048780487805,41,40,CGGGCATTGTCTTACTGTCA,1,528574
araCp,2.731707317073171,151,40,CGCTGGCCCTACTAAGCGTG,111,530108
araCp,0.8048780487804879,72,40,CAGTGAGCGATGCAGGCCCC,32,536253
araCp,3.1951219512195124,170,40,CAGGACCGGAGTCGTGCGAG,130,602515
araCp,0.04878048780487805,41,40,ATTTCAACCTGCGAATTCAT,1,528570
araCp,2.0,121,40,AGGACCCACCCTCGTATGAA,81,545628
araCp,10.560975609756097,472,40,AGCCTTCAGCAAAGCGCGGA,432,541532
araCp,1.45,96,39,TTTTGTTTTGTCAAAATACT,57,558139
araCp,4.6,222,39,TTGTTAAGAGCGACCCGACG,183,595289
araCp,1.15,84,39,TCGCGCCGTTCACCTTGTTA,45,603398
araCp,1.45,96,39,GTCGAAATCCCACTCTCATG,57,529897
araCp,0.775,69,39,GAGAAAGCCGTGTGCGGACC,30,566853
araCp,0.05,40,39,GAGAAACGGGTGCACTTCTG,1,535571
araCp,0.275,49,39,CCAAGCTCCCTACATCGGCT,10,539652
araCp,4.975,237,39,CAGAGGTACGTCATCCGTGA,198,587635
araCp,2.65,144,39,CACCTTACCCTGTGCACATT,105,544204
araCp,0.9,74,39,CAATGAACGAGTATTCGAGT,35,553391
araCp,2.275,129,39,ACAACGATCGCCAGAGGCTG,90,591171
araCp,7.410256410256411,326,38,TTTCGCTCCTCCGAGGCCGT,288,529721
araCp,2.4615384615384617,133,38,TTTACGCCGAAGTCTGGGAT,95,574327
araCp,0.05128205128205128,39,38,TGCAACTAGGTTGGGTACCT,1,578349
araCp,1.8461538461538463,109,38,TGAGACATTAAGGCTCTGCG,71,600510
araCp,2.2564102564102564,125,38,TCAGGGATGAGAGAAGCTCA,87,559622
araCp,1.358974358974359,90,38,GCATGGCCGAGCGTTAACTG,52,546503
araCp,9.205128205128204,396,38,CGCTTTAGCTGACTCGGGAC,358,577449
araCp,2.6666666666666665,141,38,CCCGGGTAAGAGATGGATTG,103,569242
araCp,5.897435897435898,267,38,AGTCAACCGCGCCCGTTGTG,229,538793
araCp,5.923076923076923,268,38,AGGGTAGCCCATTGTTGTAT,230,526470
araCp,9.076923076923077,391,38,ACCGAGTGTTGACTCAGGAT,353,529177
araCp,2.3846153846153846,130,38,AACTGCTTTCGACTAACACA,92,542671
araCp,1.435897435897436,93,38,AAACTCGGGTAACAAGGGCA,55,582601
araCp,0.9473684210526315,72,37,TTAATCTCTGACCCCAACTT,35,566880
araCp,2.763157894736842,141,37,TCCTGTTTGTCTCTATTTGA,104,598945
araCp,2.9473684210526314,148,37,TCCATCACCTAAAAGAGGAA,111,601577
araCp,2.526315789473684,132,37,TATTCCCCGGTATATGACCA,95,552515
araCp,3.1842105263157894,157,37,TATGTAGAAGTGTGCTTACT,120,548287
araCp,0.3684210526315789,50,37,TAATTCAAAGACCCCATCTT,13,572783
araCp,2.710526315789474,139,37,TAAATAAGCCTCCCACGTGC,102,531238
araCp,0.05263157894736842,38,37,GTGGCGATGGTTCAGGGTTG,1,533658
araCp,1.763157894736842,103,37,GTAAAGAAGCCTTGGTCGAA,66,598079
araCp,2.3684210526315788,126,37,GGTCATTGGCTCGGCATTGA,89,600129
araCp,0.05263157894736842,38,37,GGGGTCAGTGCCTGTAGACA,1,592912
araCp,0.05263157894736842,38,37,GGAGCCTCATCCATGGGAGA,1,577593
araCp,0.05263157894736842,38,37,GCGCGACCCTATGCGGATTG,1,549345
araCp,2.263157894736842,122,37,GCCATATGGAATATAGCAGG,85,527057
araCp,0.05263157894736842,38,37,GACCTCGACACTGATGATTA,1,595333
araCp,0.5,55,37,CTTAGTTATACGCTCCATTC,18,560575
araCp,8.210526315789474,348,37,CTGAGGCTCCGAATAGAACG,311,552553
araCp,2.3157894736842106,124,37,CGTAACCGGGAAAATCCCAG,87,552046
araCp,0.07894736842105263,39,37,CGGCACAGGCAGCGAGCGTT,2,568990
araCp,2.473684210526316,130,37,CGAGTCTATTTCGTACCAGT,93,567395
araCp,3.526315789473684,170,37,CCAGGATTTAGAGCCAGCCA,133,526445
araCp,1.368421052631579,88,37,ATCGAGGGTACTTGTAAGGT,51,590061
araCp,5.2368421052631575,235,37,AGTGCAGCGGGCTACTGACC,198,531074
araCp,2.8947368421052633,146,37,ACGCGATCGTAATATCCGAT,109,551673
araCp,0.05263157894736842,38,37,ACGAGCTCCGACGGTAGGAG,1,599386
araCp,1.2894736842105263,85,37,AACTCCATATTGCTGCTCTA,48,566824
araCp,0.05263157894736842,38,37,AACGTTCTGCCGGGTTTGAT,1,544315
araCp,0.05263157894736842,38,37,AAATAGCATGGACCTATAAT,1,555346
araCp,2.2972972972972974,120,36,TTGTTCATCGGGGAATCGGA,84,535841
araCp,0.05405405405405406,37,36,TGCATGAACCTTCTAATTAG,1,576457
araCp,0.05405405405405406,37,36,TCCTCAACATGATGATTTAT,1,563757
araCp,2.081081081081081,112,36,GTTTTTCATACGTAAGAACT,76,543064
araCp,6.5675675675675675,278,36,GTTGTCGATTCAAGCTGACA,242,592435
araCp,1.6486486486486487,96,36,GTTGATAGGCCGTACGGACA,60,539244
araCp,2.4594594594594597,126,36,GTGGTCCTATCCTTTATAAA,90,530506
araCp,0.05405405405405406,37,36,GAGAGCGCTAACTATTTGCA,1,575750
araCp,2.972972972972973,145,36,CTTCAGTTCAATCTCCAAAG,109,575108
araCp,2.4054054054054053,124,36,CTGCTTGGCTTCCTATATTT,88,575017
araCp,2.324324324324324,121,36,CTCCAAGGCTCGACGAGAAT,85,552752
araCp,0.05405405405405406,37,36,CTATAGCTGTGTATGATTAA,1,582148
araCp,2.675675675675676,134,36,CCTGTGAGAATTGGTCGGAT,98,526193
araCp,0.05405405405405406,37,36,CCCCTTTGTGAGCTCGTACA,1,591018
araCp,5.972972972972973,256,36,CCCCTTGAACCCATTTAAAA,220,532664
araCp,0.6756756756756757,60,36,CCAACGTGCCCGTTCAATGT,24,577695
araCp,3.135135135135135,151,36,ATTCCGTACCAGTCGTCGGA,115,582330
araCp,0.08108108108108109,38,36,AGTGTAATTGCGTAAGTGCA,2,587051
araCp,0.05405405405405406,37,36,AGCAGGACACGAGCTTGACG,1,532499
araCp,3.5675675675675675,167,36,ACACACTCGGAAAAGCATCT,131,565382
araCp,0.05405405405405406,37,36,ACACAAAAGGCGTCCGGCAA,1,529850
araCp,1.1111111111111112,74,35,TTTGCAGGCAAAAACAGGAC,39,596835
araCp,7.472222222222222,303,35,TTAATTAACTCCCAGTCTAT,268,571219
araCp,0.05555555555555555,36,35,TCAAAGAAGTGTCGCGGTCT,1,556472
araCp,2.3055555555555554,117,35,TAGCCAGCCAACAGGCGTAT,82,540958
araCp,0.08333333333333333,37,35,TAGCAAGGGGTCATTTGATG,2,571337
araCp,1.5277777777777777,89,35,GTGTGGTACTCCTTTAATTC,54,592873
araCp,0.05555555555555555,36,35,GTGGTGTTACGCGTTTATTA,1,526764
araCp,0.19444444444444445,41,35,GTCAAATGCTTCCATCAAGA,6,576710
araCp,3.111111111111111,146,35,GGGGACAGTCGCGACGTATA,111,570450
araCp,2.6944444444444446,131,35,GGCGTCGCGGGACAGCTTTA,96,547366
araCp,0.08333333333333333,37,35,GAGCCTCGATCCGCGCAGTA,2,577742
araCp,2.2222222222222223,114,35,GACTATTAGACAGCTTTAGA,79,543044
araCp,2.388888888888889,120,35,GAAATGTCGATGCGAAATCA,85,583321
araCp,12.63888888888889,489,35,CTTTATGTTGATGATCAAAT,454,534605
araCp,0.05555555555555555,36,35,CAAAACGTAAGTACCATCGT,1,574682
araCp,0.6944444444444444,59,35,ATGTGATTGGGGACTTTATC,24,564531
araCp,0.05555555555555555,36,35,ATCTTACTTGCATCTATAAG,1,544156
araCp,0.05555555555555555,36,35,AGCCTTCGTGCGGCCTCTTA,1,587422
araCp,3.9722222222222223,177,35,ACTGCGACAAAGGAACCCGA,142,551340
araCp,2.1944444444444446,113,35,ACTCCAGAGCTTCTGGGCAT,78,595488
araCp,3.0,142,35,ACCAAGTAGAGGTCACTTCT,107,547186
araCp,2.611111111111111,128,35,AAGTTGCTGACTTAAGGGAA,93,559748
araCp,0.08333333333333333,37,35,AAGGATAGTCCGACGCCTGC,2,598598
araCp,1.3142857142857143,79,34,TTTGTCACCCATTCGTATTC,45,557810
araCp,2.7714285714285714,130,34,TTGGCCTATGCTTTATTTAT,96,561598
araCp,0.05714285714285714,35,34,TGACGGGGGTTTCCCGACAT,1,550374
araCp,2.6285714285714286,125,34,TCTGACGTAATGATCGCTAT,91,577521
araCp,0.05714285714285714,35,34,TCGTCCTTTCCGAAATCCTA,1,596487
araCp,0.8,61,34,TCGGTGTACGCTCAAACATT,27,597293
araCp,0.05714285714285714,35,34,TCGATGCCGCCCTTGGGGTG,1,559656
araCp,4.6571428571428575,196,34,TCAAAATAACATGCCTCACG,162,555938
araCp,0.05714285714285714,35,34,TATAGGATACTCGAACGGCC,1,531631
araCp,0.6857142857142857,57,34,TAGGCTTTTAATCGAGTTAC,23,569878
araCp,0.05714285714285714,35,34,GGTACGAGGCGCCGTTAAGT,1,591688
araCp,0.05714285714285714,35,34,GGGGCAAGTACCTCACACTC,1,595006
araCp,0.6,54,34,GGCTGTTTCCTTTGGTTGGT,20,546126
araCp,1.6285714285714286,90,34,GCTACGTATCATAAGTTGAC,56,529247
araCp,0.08571428571428572,36,34,GCGTAGTCCTTCTACTGGGC,2,597030
araCp,0.05714285714285714,35,34,GCAATGTTAGAAATGGCGAT,1,563906
araCp,1.5714285714285714,88,34,GATGGGACATTCAATTGTGA,54,596868
araCp,2.1714285714285713,109,34,CTTGTACCCACCTACAATAT,75,530148
araCp,0.05714285714285714,35,34,CTGCAGACGTCCCAGGATCT,1,594912
araCp,0.05714285714285714,35,34,CTCGTGGCCGACCATTCATG,1,573735
araCp,2.8285714285714287,132,34,CGTTCTCCTCACTTGACGCC,98,580674
araCp,3.142857142857143,143,34,CGGTCAGTACTTGACTGTAT,109,537852
araCp,3.4285714285714284,153,34,CGCGGGAACAGTTCGATCCT,119,595842
araCp,0.05714285714285714,35,34,CGCATTACCATGTCACTCGT,1,534986
araCp,0.05714285714285714,35,34,CGCATCGTAAATCCATTTGC,1,553894
araCp,2.4,117,34,CATCATAGTGGTCAGTTAAA,83,528285
araCp,3.1714285714285713,144,34,CACGTCCTTAGATCTGCATA,110,569885
araCp,17.65714285714286,651,34,CACAGTTCCGTCCTCATCAG,617,530231
araCp,1.2,75,34,ATTTACCAGATACCTCACGA,41,538330
araCp,0.05714285714285714,35,34,ACAGTAGCTATGGGAATGCT,1,525757
araCp,1.0,66,33,TTATTGCGCCCGCTTTGTCT,33,576400
araCp,0.058823529411764705,34,33,TGGCGACGTATGGATTGAAT,1,592726
araCp,6.676470588235294,259,33,TGGATCAAGTTGGATAGTGC,226,534119
araCp,0.058823529411764705,34,33,TGCCTTCGAACCAGGTTCAT,1,542584
araCp,2.5588235294117645,119,33,TCTTGGAGTTCCCGCTGAAG,86,602998
araCp,0.058823529411764705,34,33,TATGACGCAAGCATAGAAAT,1,582267
araCp,0.9117647058823529,63,33,GTTCTGACTGTTCGTTGAAG,30,576571
araCp,4.029411764705882,169,33,GTGGTGTCCTTTTTGACTGA,136,535941
araCp,3.6470588235294117,156,33,GTAACCAAATCTAAGGGGGT,123,575110
araCp,3.235294117647059,142,33,GGTTCATACTGCTAATAACG,109,577942
araCp,0.058823529411764705,34,33,GCTGGTGGTTCTCAGGGGGC,1,551722
araCp,14.647058823529411,530,33,GCGCGCCCGAAGCACAAGTC,497,602864
araCp,3.8529411764705883,163,33,GACGGCAAAAAGCTTATAGT,130,573817
araCp,6.4411764705882355,251,33,GACAGGGGATAACGTTCAGA,218,597467
araCp,1.2941176470588236,76,33,CGTCTAGGCGCGATGTGTAT,43,587653
araCp,0.058823529411764705,34,33,CGCTCGTAAGGATAGAACTA,1,541938
araCp,0.058823529411764705,34,33,CATCTAGGTCTTCCGCTCGT,1,543239
araCp,3.2941176470588234,144,33,CAGCCCTACGGAGAGCATAC,111,565664
araCp,3.3529411764705883,146,33,CACAGGTGGCCCACTATGTG,113,534839
araCp,3.176470588235294,140,33,CAATGTGAGGTGATAAACAC,107,561806
araCp,0.058823529411764705,34,33,CAAGAGACGCGAAGATCAGA,1,545291
araCp,2.3823529411764706,113,33,ATTGGAGTCCCGATTGCCGT,80,530893
araCp,1.6764705882352942,89,33,ATGTCGTGCTACTGTGGCAT,56,530877
araCp,0.058823529411764705,34,33,ATCAGGTAGGTGACAACTGA,1,536481
araCp,2.7941176470588234,127,33,AGATCACATGATATGGTCGA,94,536378
araCp,2.264705882352941,109,33,ACCAGTAAGAACGGGTGGTA,76,544765
araCp,3.0,134,33,AATACAGCTGCGAGAATTCT,101,553086
araCp,0.20588235294117646,39,33,AAGAACGAACGTACGACCGT,6,574330
araCp,1.2941176470588236,76,33,AACCCGAACTACCAAAGCGC,43,564891
araCp,0.9696969696969697,63,32,TTTGACAGCTATTCCAATGC,31,527959
araCp,4.454545454545454,178,32,TTTCCGGGGATGTGATTTTT,146,533734
araCp,0.06060606060606061,33,32,TTTACCCAAATAAGGATATG,1,596873
araCp,0.06060606060606061,33,32,TTCGTATAATCGTATAAGGT,1,540694
araCp,2.6666666666666665,119,32,TTACATAGGCTAAGGGAACA,87,584313
araCp,1.303030303030303,74,32,TGAACTTTCAAAACACTCAT,42,569142
araCp,0.06060606060606061,33,32,TATGTCGCAGAGTGGGCAAG,1,569980
araCp,4.787878787878788,189,32,TATGTCAGGACGGATTGGAA,157,587227
araCp,3.303030303030303,140,32,TATAATTCACTTCGGTCGAG,108,535782
araCp,21.272727272727273,733,32,TAATTCGGCGCGGTCGTTTA,701,531348
araCp,0.06060606060606061,33,32,TAACGGAAGTTTTATAGGTT,1,550864
araCp,3.696969696969697,153,32,GGCTTTCTCGCTAATGTCAG,121,601471
araCp,0.06060606060606061,33,32,GGACGTGTGATACGATTTCA,1,528615
araCp,0.06060606060606061,33,32,GCTCACTCTCTGTTCAATGG,1,543664
araCp,3.4242424242424243,144,32,GCGTGCATCGCCTCGGCGCA,112,567420
araCp,1.9090909090909092,94,32,GCGACTAAAAAGACTGAGTT,62,577020
araCp,1.8484848484848484,92,32,GCCCCGTTCCCGCAATTTAT,60,600147
araCp,1.0606060606060606,66,32,GAAGTCGGGTAATAGCGAAC,34,559658
araCp,1.6363636363636365,85,32,CGTGGAAACTCATATAAAAG,53,573167
araCp,2.6666666666666665,119,32,CCGGTCCGTAGGCTTGTGCT,87,566438
araCp,5.9393939393939394,227,32,CCACTGTTTACAATGTGTCA,195,530230
araCp,0.06060606060606061,33,32,CAAATCGTAGCTATGCGGAC,1,544317
araCp,3.303030303030303,140,32,ATCCTGTTAGGCCTGCTGAT,108,534009
araCp,4.878787878787879,192,32,AGTACACGCACTCGCTGCTG,160,562595
araCp,2.3636363636363638,109,32,AGTAAAGCCCTTCAGGCCAA,77,550685
araCp,0.45454545454545453,46,32,AGGGCATTGTCGTCAGCCAA,14,542437
araCp,2.515151515151515,114,32,AGCTTCCCACAATGCGTGTA,82,575742
araCp,0.06060606060606061,33,32,AGATTCTTGTCATGGCGTGG,1,535027
araCp,2.3333333333333335,108,32,AGACCGACTTACCGGCGGGT,76,554784
araCp,2.242424242424242,105,32,ACTGAGATAAGCGAGAATAT,73,555296
araCp,0.30303030303030304,41,32,ACGTGATTCAGGACGAAATT,9,573385
araCp,0.06060606060606061,33,32,ACGGGACCATACCTTTCTGT,1,545510
araCp,1.3636363636363635,76,32,ACGCGTATGGCTTAGGACGA,44,572486
araCp,0.06060606060606061,33,32,ACAAGTAGGATACAACAGGT,1,597579
araCp,0.0625,32,31,TTGTCGATACAACGTCTGCC,1,543056
araCp,0.0625,32,31,TGCTCAGTCAGGTACCGCTG,1,561253
araCp,3.375,138,31,TGCGGCATCAGAATTTAAAA,107,555674
araCp,3.8125,152,31,TCGGGGGTCCTTACGGACCA,121,560573
araCp,3.9375,156,31,TCGATGAAGCTTAAAGCTTT,125,549881
araCp,0.0625,32,31,GTGTACGCGATTCATGTTAC,1,559750
araCp,0.875,58,31,GTGCAGAAAGTTTCTTATTG,27,573334
araCp,0.96875,61,31,GTCTGTAGGTCCGCACTAAG,30,564716
araCp,3.28125,135,31,GTCGCACGGTATTTGTCGGA,104,564619
araCp,2.09375,97,31,GGTCCGCTAGCGAGACAGTA,66,566979
araCp,3.8125,152,31,GGCGGGATTCTCATATGAAC,121,553951
araCp,0.09375,33,31,GGACGGCATCAGAGCAATTT,2,541789
araCp,0.0625,32,31,GCGACCTGTTGGGGGTATAA,1,582725
araCp,0.0625,32,31,GAACCTCATCAAAGAACCTT,1,532296
araCp,1.15625,67,31,CGTATGTGTGCCTAGCCCGT,36,549768
araCp,3.71875,149,31,CGGTCACTGAGGCTAAATTG,118,556944
araCp,1.59375,81,31,CGCGCTTATCCAGCGCAGTG,50,527153
araCp,0.0625,32,31,CCGCTCAGGCATTAATGCTA,1,548820
araCp,0.0625,32,31,CCCGGAAGTAATGTAAAGGG,1,535463
araCp,0.0625,32,31,CACTCAATATGGTTACGAAT,1,555570
araCp,0.0625,32,31,CAAATTGAGGGTCCGGAATC,1,555196
araCp,2.1875,100,31,ATGAGGAGCTAAAGTGGACA,69,576659
araCp,1.0625,64,31,AGTGTTACATCCTCGTTCTT,33,552221
araCp,2.90625,123,31,AGTAGTCCCTCCCTCAAGCA,92,564221
araCp,0.0625,32,31,AGCGAAGTGCCCCGCCCTTC,1,555803
araCp,1.1875,68,31,AGCACTATTAGAGGCCTCCT,37,600426
araCp,0.0625,32,31,ACCACATAGATTTTAATCGC,1,552411
araCp,0.0625,32,31,AAATATACCAAGCATGTAAT,1,560324
araCp,1.65625,83,31,AAAGCGCTTGCGCTGGATGC,52,584139
araCp,2.774193548387097,115,30,TTTGATCCTTAACCTTCCAG,85,548488
araCp,0.16129032258064516,34,30,TTTATCGAAGGGTCTGAGTG,4,553281
araCp,1.8064516129032258,85,30,TTTAGCGCTGACGCATTAGA,55,545602
araCp,0.06451612903225806,31,30,TGTTGCTCGATACACCCGTA,1,560194
araCp,2.5161290322580645,107,30,TGTCAGTTTATATGGTAAGT,77,551728
araCp,4.064516129032258,155,30,TGCTATTGCCTCAGCACAAT,125,598195
araCp,3.838709677419355,148,30,TCTATGTAGATATTGATTAT,118,560050
araCp,1.903225806451613,88,30,TCTAGATAACAGTAAGTCTA,58,556257
araCp,2.193548387096774,97,30,TATTAAGCCATGTGATACTT,67,535140
araCp,0.06451612903225806,31,30,TATCTGTAGTGTCTTACGTT,1,570139
araCp,2.2903225806451615,100,30,TACTTCTATTCAGTCTTGAA,70,597534
araCp,0.06451612903225806,31,30,TACGCGCCTCGCCAATCATA,1,568858
araCp,3.3870967741935485,134,30,GTGCGTTTGTCCAAGCGGAT,104,571366
araCp,6.548387096774194,232,30,GTACTGGCTCTTTTTTCCAT,202,576795
araCp,10.67741935483871,360,30,GGTTGCGCAGAGGAAGCAAT,330,575326
araCp,0.06451612903225806,31,30,GGGTTAACACAGTATCCACT,1,601721
araCp,1.6774193548387097,81,30,GGATTGAGCGGCTTCTGGGT,51,556114
araCp,0.06451612903225806,31,30,GGATAGCAATTCAATGCCTT,1,537361
araCp,0.3548387096774194,40,30,GCACAGCGTCAGTCCGTGGC,10,546489
araCp,1.3548387096774193,71,30,GCACAATCAGGTGTAATGGG,41,539992
araCp,0.8387096774193549,55,30,GCAACTCTATTTGAAGAAAT,25,599299
araCp,3.967741935483871,152,30,GACTTGCGGGGTAGGTCGGC,122,579175
araCp,3.838709677419355,148,30,CTTGACATACTGGTTGAACG,118,533881
araCp,0.06451612903225806,31,30,CTTCAGGTGACTGATTCGGT,1,534825
araCp,6.0,215,30,CTAGCCTAACAGGTACGCCA,185,530147
araCp,7.354838709677419,257,30,CTAAGATAACTTCGAACTCT,227,539136
araCp,0.0967741935483871,32,30,CGGGAAGTGCTGACAATAGA,2,597407
araCp,0.06451612903225806,31,30,CGGATGAATGAACCCTGTAC,1,557034
araCp,0.7419354838709677,52,30,CAGATCGCAGGACCCTGTGG,22,575328
araCp,3.3225806451612905,132,30,ATAAACACAATGCAAGGGCT,102,527497
araCp,2.838709677419355,117,30,AGGTACGTCCCTCTCCATTG,87,569877
araCp,8.096774193548388,280,30,ACTAGGGTGATTCTTCGACC,250,588806
araCp,0.06451612903225806,31,30,ACCGTTCCTTACCATACGGT,1,569216
araCp,2.774193548387097,115,30,ACCATTCTTACACGGAAATT,85,587380
araCp,0.06451612903225806,31,30,AATAAGATCTCCGCACGTGA,1,583323
araCp,1.8709677419354838,87,30,AAATGGGGAATCTTTCGGCA,57,558750
araCp,0.06666666666666667,30,29,TTGTGCCGGCATATACCGCG,1,569375
araCp,0.06666666666666667,30,29,TTAGAAGCAAACGTGTATTC,1,538439
araCp,0.7,49,29,TGGAGCACAGAATCGGAGTA,20,596492
araCp,3.1,121,29,TCGCCCCAACCGAAAAACCT,92,533547
araCp,0.06666666666666667,30,29,TCGACAAGAGCTGCATTATG,1,554882
araCp,0.06666666666666667,30,29,GGTAGTCAGGGGTACGCCTT,1,590706
araCp,0.06666666666666667,30,29,GGACCAGACGATCTTTCTAG,1,547904
araCp,0.2,34,29,GCTCACGTCCCTATACCGAT,5,565931
araCp,0.06666666666666667,30,29,GCTAGCCGTAAGGTTAAGCG,1,547884
araCp,3.6,136,29,GCGCGTACCGACGGTCTCTA,107,531286
araCp,0.06666666666666667,30,29,GCCGGGTTGGTCTGTGGGGG,1,584727
araCp,0.06666666666666667,30,29,GCAGTAGACGGAGGCACGGA,1,535778
araCp,8.0,268,29,GCACTTGGTTAGGATTAACA,239,571100
araCp,0.06666666666666667,30,29,GATTGTCTTTCCGATTTCAG,1,555195
araCp,0.06666666666666667,30,29,GATGAGGCCCATACTGCAAG,1,561071
araCp,1.2666666666666666,66,29,GAGGCTTGACCCAATCTCAC,37,577806
araCp,0.06666666666666667,30,29,GACGAGATACCCCTTGGGCT,1,590446
araCp,3.8,142,29,CTGGGCTCCGGGAGGTTTTT,113,597468
araCp,4.333333333333333,158,29,CGGGCTTGGGTACAGCTGCA,129,551865
araCp,0.06666666666666667,30,29,CGCCTGAAAGACTGGACACT,1,532660
araCp,2.3666666666666667,99,29,CGCACTTGCTCAAGGTATGT,70,584392
araCp,3.933333333333333,146,29,CGACTGAAAGAGGAATAATT,117,583013
araCp,4.933333333333334,176,29,CGACCCCGGTGTACCCAAGA,147,555598
araCp,2.7333333333333334,110,29,CCGTAAACAACACATGTCCC,81,569330
araCp,7.2,244,29,CCGGTATGTTAGCTCAGGGA,215,586685
araCp,0.06666666666666667,30,29,CCGCAATGAGGACATCAGAG,1,543364
araCp,0.2,34,29,CATGACTGTATCCCGTGCTA,5,570757
araCp,0.06666666666666667,30,29,CAGCGTAGTATCCTAATTCA,1,563261
araCp,1.5666666666666667,75,29,CACATTCTCAGTGGGTCAAC,46,597778
araCp,0.06666666666666667,30,29,CAAACGACGCCTGCAACGAC,1,592812
araCp,0.06666666666666667,30,29,ATTGTTGTCCGCCGGCGAAT,1,594933
araCp,1.2,64,29,ATCCAAAGGGACCGCCCTCG,35,589891
araCp,1.6666666666666667,78,29,AGCAGGAAAGTAAGCACCTA,49,563018
araCp,0.1,31,29,AGATTCCGTCTCGCGCACTA,2,539839
araCp,3.7666666666666666,141,29,ACGCGGTGCAGCATGCCCGG,112,560626
araCp,0.1,31,29,ACAGCATATGCCTTACTCAC,2,550861
araCp,1.0666666666666667,60,29,AAGGAGGCAATTGTCAACCT,31,561743
araCp,0.10344827586206896,30,28,TTTGATTCGCGAGGCTATGA,2,596643
araCp,3.9310344827586206,141,28,TTGAGTTCCAACAACGTGCT,113,534641
araCp,3.8275862068965516,138,28,TTCGCGTTTCATTACTTGTT,110,546425
araCp,2.206896551724138,91,28,TTCGAAGATCAGGTAGAAAT,63,589610
araCp,34.86206896551724,1038,28,TCGACCGATGGACACGTCCT,1010,589684
araCp,11.137931034482758,350,28,TCCACTTTAGATTGTGAGAA,322,528953
araCp,0.06896551724137931,29,28,TCAATCTCCGCCGAACCGTG,1,577207
araCp,0.06896551724137931,29,28,TATATACTATTACGCGGCAT,1,548687
araCp,3.6551724137931036,133,28,TACCTTCGGCATCGATCCGA,105,542197
araCp,0.3793103448275862,38,28,TAATGGGTGTGTAGGTTGGT,10,592316
araCp,1.4482758620689655,69,28,GTTTAATCCCACGCGTCCCA,41,526559
araCp,0.7586206896551724,49,28,GTTCTTACTAGGTGCGCCTA,21,539107
araCp,0.3448275862068966,37,28,GTGTGTTTTGTGACCTATAG,9,527202
araCp,0.10344827586206896,30,28,GTGTGAAGGCTACGCGCAAG,2,572761
araCp,3.793103448275862,137,28,GTACGTGATCACCCATAGTG,109,588341
araCp,2.2758620689655173,93,28,GGGTAGCCTATCCGCTGCGG,65,598481
araCp,3.103448275862069,117,28,GGCCTCTTATGCCTTAGAGA,89,544093
araCp,0.9310344827586207,54,28,GGCCCCGTACTCGGCCTGTA,26,584312
araCp,0.06896551724137931,29,28,GACTCCCGGGGCCGAACTTC,1,589255
araCp,29.79310344827586,891,28,GAACTTCCTGGAGCCCCTGT,863,541427
araCp,0.27586206896551724,35,28,CTTGTACATCGAAACGAAAC,7,574790
araCp,0.10344827586206896,30,28,CTGTGGGCCTACACTGACCA,2,550026
araCp,7.448275862068965,243,28,CTCATTTCGTGAAAAAATGA,215,595771
araCp,3.793103448275862,137,28,CGTCTTCATTAGGATGACCG,109,578446
araCp,4.448275862068965,156,28,CGGGTTCGCACAAGATGCAT,128,551812
araCp,0.06896551724137931,29,28,CGGCGTGAGAGGGGGACGTA,1,554510
araCp,11.10344827586207,349,28,CGGATATCCACGGCTTTGAG,321,529178
araCp,4.344827586206897,153,28,CCGAGCTTATTTTCCAACCG,125,594449
araCp,1.5517241379310345,72,28,CCAGATTCAGGTGTAGTCAA,44,535891
araCp,0.06896551724137931,29,28,CATCTAGCTGAAAGCGGGCT,1,584440
araCp,1.4482758620689655,69,28,CAGTGTTCGTCCAGGTCGTA,41,532685
araCp,16.724137931034484,512,28,CAGGCTGGTGTGTGTGGAGT,484,556648
araCp,2.0,85,28,CAAACGCTTTGTCTATTCAA,57,557999
araCp,3.7241379310344827,135,28,ATTTTCTAGGTTGATGCATG,107,532870
araCp,0.06896551724137931,29,28,ATCCATTCAGGCAGACCCTG,1,560444
araCp,3.6206896551724137,132,28,AGACCGCGGAGACGAGAGAT,104,593934
araCp,2.413793103448276,97,28,AGAAAGGTGTCTCTGGGTCA,69,599856
araCp,1.2758620689655173,64,28,ACCTTCAAAGACTAACCACA,36,561923
araCp,3.0689655172413794,116,28,ACCATTGTCGTCCTGGCGCG,88,557991
araCp,2.9310344827586206,112,28,ACAGCTTCTTCCCCGTAACA,84,592392
araCp,0.06896551724137931,29,28,AAGTTTACCGTTTGAGTGCA,1,591300
araCp,0.06896551724137931,29,28,AACTGTCGGGTAGCTAAAAT,1,538986
araCp,0.06896551724137931,29,28,AACTCGGCTACAGTGCGGTA,1,536461
araCp,3.5714285714285716,126,27,TTTCTTCACTGTGTGACGGG,99,596105
araCp,2.857142857142857,106,27,TTTCCAGGTTCCAGGTCGGG,79,555470
araCp,4.107142857142857,141,27,TTGTTCTAGTGAACTCAAAA,114,597356
araCp,3.857142857142857,134,27,TGCCGGCTCGATAATTATAC,107,597406
araCp,2.75,103,27,TCAGGAACTTTAGACGATCG,76,551341
araCp,2.9642857142857144,109,27,TCAAAATTCTTTAGTCTGGA,82,583455
araCp,1.6785714285714286,73,27,TACCGATAGCCGGGCAAGTA,46,541979
araCp,2.25,89,27,GTTTATCGCAGGCCGCATAC,62,541808
araCp,4.25,145,27,GTCAGGAATGGTCCTAGCAT,118,542434
araCp,3.25,117,27,GGCTTTTCGTGTAGTGACTA,90,568675
araCp,0.07142857142857142,28,27,GCTGCAACCTTCTACGTACG,1,538542
araCp,0.07142857142857142,28,27,GAGGCCCAATTTCCATCATG,1,542532
araCp,3.607142857142857,127,27,CTGTGAAGGAACCAGGGCCA,100,533612
araCp,0.07142857142857142,28,27,CGTTTCGGGGGTACCCGCTA,1,534528
araCp,2.0,82,27,CGCTCTCCTCGCAATCGTTT,55,572740
araCp,0.5357142857142857,41,27,CGACAGTTTCCGTAGTGGTA,14,566812
araCp,1.0357142857142858,55,27,CATCCTGTTCCTTGAGGTTG,28,603533
araCp,3.9642857142857144,137,27,CACCACGTTAGTATCATTAG,110,545601
araCp,0.07142857142857142,28,27,ATGATGGAGCTAGAACAGTT,1,583879
araCp,0.07142857142857142,28,27,ATACAACTTAACCACTGAGT,1,531483
araCp,1.9642857142857142,81,27,ACTCGTTACTCCATAGTAGA,54,553124
araCp,0.07142857142857142,28,27,ACCTGGCTGAAACGCCGTGT,1,566855
araCp,0.7857142857142857,48,27,ACATATGCATAGTTAGAAAC,21,548406
araCp,3.892857142857143,135,27,AAAAATCATTGCTATGCGGC,108,569921
araCp,3.037037037037037,107,26,TTTTGACACGGGCTAATCCA,81,537763
araCp,0.14814814814814814,29,26,TTGAATTTCTAAGCCGCTTA,3,546868
araCp,0.07407407407407407,27,26,TGGTCACAGGAGCTCTTGAA,1,530378
araCp,4.111111111111111,136,26,TGAACGTAGAGTGTGTTAAG,110,574537
araCp,2.5925925925925926,95,26,TCTGCGTGAGGTCGCCAGTC,69,529778
araCp,0.14814814814814814,29,26,TCGTAAATCGTTCGTGCCTC,3,565329
araCp,0.07407407407407407,27,26,TCGGTCTCACACTGTTCCTA,1,554295
araCp,5.222222222222222,166,26,TCCGCACAAAATATCAGACC,140,531905
araCp,0.07407407407407407,27,26,TCCGAGGGTTAGGACGCTCA,1,542947
araCp,0.07407407407407407,27,26,TCCATCGAAATAAATTTGAA,1,541258
araCp,0.07407407407407407,27,26,TATACTCTTCGACGCGCATG,1,559308
araCp,0.07407407407407407,27,26,TAGCTATTGCTCGGCGGCAA,1,528708
araCp,3.2222222222222223,112,26,TAAGCTACTGGAAATCCTAA,86,577195
araCp,1.7037037037037037,71,26,TAAATTGGTGTTCTCATAAG,45,555248
araCp,3.1481481481481484,110,26,GTTGTACGAGATACTTGGTG,84,555546
araCp,5.592592592592593,176,26,GTGTTTCTGACTTGTGCGTA,150,553185
araCp,0.07407407407407407,27,26,GTGTGTGTCCACAGACAAAA,1,577939
araCp,0.07407407407407407,27,26,GTATGCGCGGAGTACGGCAA,1,592998
araCp,0.5925925925925926,41,26,GGGTGCTTATTAGGAGCACT,15,528358
araCp,0.07407407407407407,27,26,GGGAAACAGCCATATGCATT,1,545531
araCp,2.4814814814814814,92,26,GGCTTTAATCAGGGCGAGGA,66,583793
araCp,2.5185185185185186,93,26,GCTACTTACCAGGTCGCTCT,67,568759
araCp,3.8518518518518516,129,26,GCCGGCAGTAACGCTAACGC,103,552610
araCp,0.07407407407407407,27,26,GCAGTCAGGATCCCATGCTT,1,579933
araCp,0.8518518518518519,48,26,GATTGTAATGAAACGATCCC,22,551395
araCp,4.148148148148148,137,26,CTGGTGGATCAAGTTATCAG,111,577369
araCp,0.07407407407407407,27,26,CTGGACGTTCGCGTAACGAT,1,537331
araCp,1.962962962962963,78,26,CTCTCATGTTGCTTGTCGCA,52,551689
araCp,4.814814814814815,155,26,CTCCTTAAAGTTGCAGATTA,129,579672
araCp,4.296296296296297,141,26,CTACGTTACCGACCGGAAAA,115,563784
araCp,10.333333333333334,304,26,CTAAGTTAGGATTTCCATCA,278,561550
araCp,3.7777777777777777,127,26,CGTTCCGTTCGTCCGCGCCA,101,588000
araCp,0.07407407407407407,27,26,CGGTTGTGTTTAGATTGAAG,1,552443
araCp,0.6296296296296297,42,26,CGATTGGCTCACGTGTAAAT,16,555792
araCp,4.666666666666667,151,26,CCATCCTCGGATACTCAGCT,125,551126
araCp,0.07407407407407407,27,26,CCACGTGGCAGGTGACCGGA,1,551256
araCp,0.07407407407407407,27,26,CATATCATGGCACGTCATAT,1,529118
araCp,3.5185185185185186,120,26,CAGTGTTCCGCCTGTACATA,94,581245
araCp,0.07407407407407407,27,26,CACATTCCGGCAAGGCTCCC,1,561785
araCp,0.07407407407407407,27,26,CAATCACGCATTCTGGATGA,1,545183
araCp,3.6666666666666665,124,26,ATTTCGACACGATCGCTTTG,98,538579
araCp,6.2592592592592595,194,26,ATCCGTGTATGAAGTAATTT,168,571564
araCp,0.07407407407407407,27,26,ATCACACCTCGCAGGCTAGA,1,575434
araCp,4.888888888888889,157,26,ATATCGGGCGGATTCCTTAA,131,553249
araCp,0.1111111111111111,28,26,AGTGACCGGGGGTGATGTAC,2,550027
araCp,0.07407407407407407,27,26,AGAGCCACTTGAGGTAGCGT,1,595205
araCp,0.48148148148148145,38,26,ACATGGGGTACTTAAATTAT,12,532155
araCp,0.4230769230769231,35,25,TTTCTTCGATAACTCTCTTG,10,577341
araCp,0.07692307692307693,26,25,TGAGGTACGATACACCACAT,1,537335
araCp,6.0,180,25,TGACAATCATATTCCGTGAA,155,543140
araCp,2.3076923076923075,84,25,TCTTAAAGTATCTGGCTTGT,59,550424
araCp,5.961538461538462,179,25,TCGTTTAAAGTGCCGGAGAA,154,589203
araCp,2.1538461538461537,80,25,TCAGTACATATAAGGTGACA,55,529617
araCp,1.5384615384615385,64,25,TACACATCTAATGATTAGCG,39,582674
araCp,0.07692307692307693,26,25,TAACTCACTATTTAGGGCTT,1,525743
araCp,0.15384615384615385,28,25,GTTGTATGCGGATTGAGCGC,3,559545
araCp,0.07692307692307693,26,25,GTCTTGCTGGTCGAATCGGT,1,596759
araCp,1.0384615384615385,51,25,GTAGTCGCTGGCAGGTGCTT,26,553598
araCp,0.07692307692307693,26,25,GCTGCAGATTTAGCACCCAT,1,564049
araCp,2.8846153846153846,99,25,GCGACGGCGCTGATGTAGTT,74,583641
araCp,7.1923076923076925,211,25,GCCAAGCTGAAAGACCGGTC,186,573767
araCp,5.038461538461538,155,25,GAAATTACGCTAAGCAAGGA,130,555791
araCp,0.07692307692307693,26,25,CTCAATTCCCTTGGGTATCC,1,575106
araCp,0.07692307692307693,26,25,CTAATCACTTTCCTGGTGGT,1,534665
araCp,2.6923076923076925,94,25,CGGGATCAAACTGGACTGGA,69,571778
araCp,20.0,544,25,CGATGGGAAAGGGTAGTCAG,519,602851
araCp,0.23076923076923078,30,25,CCTGTGCGCCGGCTATGCGT,5,534725
araCp,1.9615384615384615,75,25,CCGTGAAAGTATTTCGTTTT,50,580418
araCp,0.11538461538461539,27,25,CCGTAGAACGCGTTCGGGCT,2,584110
araCp,0.07692307692307693,26,25,CCGCGTCGTATACAGCCCAT,1,533389
araCp,1.1923076923076923,55,25,CCACGTAAATTATTTAAGAA,30,534359
araCp,0.19230769230769232,29,25,CCAAATTCCAGGCGCTGGTG,4,533443
araCp,0.07692307692307693,26,25,CATAGAGCCGACGCCTGCAG,1,549409
araCp,0.07692307692307693,26,25,CATAATGTATAGTGCTCGGT,1,573491
araCp,0.07692307692307693,26,25,CAGATTGGGACATCCTTTGT,1,601274
araCp,1.3846153846153846,60,25,CAGAGGCCCTTATGTTCCTG,35,576047
araCp,1.9615384615384615,75,25,CACTAAGCTGCCCTCGGATC,50,543563
araCp,0.07692307692307693,26,25,CACGTGCTGTGAATTCAGAG,1,563200
araCp,2.3076923076923075,84,25,ATTTTTATGTTAGTGGCTGC,59,597775
araCp,1.0769230769230769,52,25,AGTTCTTGTGTATACTTTCA,27,531751
araCp,2.3846153846153846,86,25,AGCGTAAGCGCATATAACTA,61,565110
araCp,4.8076923076923075,149,25,AGAGTTTTGGTGTGGCCAAG,124,587918
araCp,0.07692307692307693,26,25,AGAAGAATCGCCTCAGATTG,1,572545
araCp,4.076923076923077,130,25,ACCCCAAAGGTATATGGACA,105,573123
araCp,1.5769230769230769,65,25,ACATATTTTGGAACATTGGA,40,557628
araCp,8.73076923076923,251,25,ACAACGATTGACCTCGGGCA,226,529372
araCp,3.6923076923076925,120,25,AAGTCTGGCAAGGGCGAGGA,95,574273
araCp,0.07692307692307693,26,25,AAGCGCAGGAAAGGATCCAA,1,585353
araCp,1.6923076923076923,68,25,AAGCAGCGTCGCGGATGTTC,43,574626
araCp,0.7307692307692307,43,25,AAGAAGCTTGGGCAAGAACC,18,531866
araCp,0.07692307692307693,26,25,AACAGTCTGGGGAATATGAT,1,540173
araCp,4.653846153846154,145,25,AACAGGTCGGTATCCACATC,120,601994
araCp,4.230769230769231,134,25,AAACACACGGTTAAATGATA,109,541061
araCp,0.07692307692307693,26,25,AAAAAAACCTCCTGCTTGTG,1,596886
araCp,0.08,25,24,TTTTCTTACACGCGCTGAGT,1,555995
araCp,2.24,79,24,TTGGCCTGACCGACGGTGTG,55,585499
araCp,7.52,211,24,TTATGAAGAGCTGAAGGTCC,187,550558
araCp,2.68,90,24,TGTTTGTTAGCGGATGGTCA,66,572747
araCp,3.96,122,24,TGGCAATTGCCGTCGTCTCG,98,548451
araCp,2.56,87,24,TGCTGGTGCTCAAGGGACAG,63,549464
araCp,3.76,117,24,TGCACGACCGTTATTCGAGG,93,602374
araCp,5.56,162,24,TCGGAATCGGAGAGCGACCT,138,573719
araCp,0.08,25,24,TCGCGTTCTCTGGTGGTCTC,1,540748
araCp,1.88,70,24,TCCGATATGCTTTCAATGCA,46,528624
araCp,0.08,25,24,TCAGGAACTTCTTGAGTGCT,1,586800
araCp,2.92,96,24,TATATAGCGAAGTTTGAGGA,72,589601
araCp,0.16,27,24,TAAGCTAAAGTGTTCTCATA,3,545898
araCp,7.0,198,24,GTTATATTTCCGAGGAGCGA,174,572534
araCp,1.12,51,24,GGTTCCGAGAAGCTTAGGAC,27,550841
araCp,0.4,33,24,GGTGGATACTAATGCGGTCT,9,556589
araCp,2.0,73,24,GGGAAATGTGGCGAGCCTCT,49,543363
araCp,5.24,154,24,GCGGGATGTAAGGGGGGTTG,130,536771
araCp,0.12,26,24,GCATGTTCAGGCATAACAGA,2,584569
araCp,1.76,67,24,GCAATCGGACGATAATCCAT,43,577934
araCp,2.92,96,24,GATCTATCTACTTCACACAA,72,573073
araCp,0.08,25,24,GAGACACGGTAGCGATAGCT,1,599973
araCp,4.44,134,24,GAATCCGAAAGTCAACAATC,110,530569
araCp,0.08,25,24,CTATTTGTGCTTTCCACGGT,1,600655
araCp,17.08,450,24,CTATTATTCAGGACTGAATA,426,576378
araCp,0.12,26,24,CGGGGCGGACAGGGGAAGTG,2,546405
araCp,0.08,25,24,CGACTAACTCACTCTGCCAA,1,593081
araCp,1.84,69,24,CCTGCTACATGAGAGCTATT,45,557563
araCp,2.12,76,24,ATTCTGCCACTGAGACCGTG,52,540464
araCp,4.48,135,24,ATGTAAGCTGGGAGGCCACG,111,558477
araCp,13.08,350,24,ATAGTTAATGACTTAGACTT,326,535880
araCp,3.76,117,24,AGGCAAGGGATAGTAACAAA,93,590649
araCp,0.08,25,24,AGATCTGGCTTAGCGTGGAT,1,551238
araCp,2.24,79,24,ACTGCTGGTCGGGGGACCGG,55,560490
araCp,1.24,54,24,ACGTCGGTACCATAGTGTAA,30,572539
araCp,0.84,44,24,ACAGATAATCATGGATTGGA,20,543492
araCp,0.08,25,24,AAACGGGCAGGAGCTTATCT,1,594467
araCp,1.9583333333333333,69,23,TTTAGGTTTTGGATTACCCT,46,597672
araCp,3.375,103,23,TTGTGCCTATATAGCTTACT,80,562784
araCp,2.25,76,23,TTCTCTTACACTGTAGGGTA,53,602160
araCp,0.08333333333333333,24,23,TGTCCAGAGTCATATTCCCG,1,584461
araCp,3.4583333333333335,105,23,TGTACTCTCGTGTGAGATGC,82,553665
araCp,0.08333333333333333,24,23,TGCTTCCTTGCGCAACGTCA,1,550811
araCp,2.5833333333333335,84,23,TCTGAAAAATAGACATTGCA,61,558752
araCp,3.75,112,23,TCGCAGTGGTTCTACTTGTG,89,599211
araCp,0.08333333333333333,24,23,TCGACTCCCCGGTTCGACAG,1,575627
araCp,0.08333333333333333,24,23,TACTTTGGTCCTGGTCTTAG,1,543145
araCp,3.75,112,23,TAACAACTCCTTCAAGTAGA,89,545843
araCp,3.0416666666666665,95,23,GTGTGTAGGAGCTACGTGTA,72,593342
araCp,2.3333333333333335,78,23,GTGGCTAGTACGGCTCGGAT,55,585826
araCp,4.291666666666667,125,23,GTACGAAACACATTTAAGTC,102,526142
araCp,0.25,28,23,GGTTTCCATGTCAATCGGTA,5,589198
araCp,0.08333333333333333,24,23,GGTCGAAGGAAGCGAACGAT,1,549766
araCp,0.08333333333333333,24,23,GGTAAGTTACGGTTTACATA,1,588021
araCp,7.75,208,23,GGGCTGTCAAATCATCGAGA,185,556591
araCp,3.1666666666666665,98,23,GGAATTAGCTTCCAACGGCA,75,537414
araCp,1.75,64,23,GCTTTCCGACCGGGGCGGGT,41,527728
araCp,6.791666666666667,185,23,GAGGCTATGATTGCTAGTGA,162,527295
araCp,2.1666666666666665,74,23,GAGGCGAATCGAGACCCTTT,51,575940
araCp,0.08333333333333333,24,23,GAGGATGTAGGGAAGATTTT,1,580219
araCp,0.08333333333333333,24,23,GACAGGCCTTCGAACGCGAT,1,587592
araCp,14.083333333333334,360,23,GAATTACTGTTTGTCAACAT,337,566397
araCp,1.5833333333333333,60,23,GAAGCTATCGTCTCGGTGCC,37,596429
araCp,4.083333333333333,120,23,CTGCCGTATACATGAGGAGA,97,536551
araCp,3.9166666666666665,116,23,CTGCAGTATAGGTCACTTTA,93,526125
araCp,0.08333333333333333,24,23,CTGAGTCCCAAACCCAGGCG,1,560386
araCp,0.08333333333333333,24,23,CTGAATGGGGATCTCACTCA,1,577590
araCp,0.08333333333333333,24,23,CTCTTAGACCGGGCGCGATT,1,546181
araCp,0.08333333333333333,24,23,CTCGGTTTACTATAAGGGTT,1,593722
araCp,5.208333333333333,147,23,CTATACCCTTGTGAAATGTA,124,583768
araCp,0.125,25,23,CGTCTACGCGCAATCCTCAT,2,557339
araCp,2.0,70,23,CGCGTCGTGGGACACACACA,47,547343
araCp,0.08333333333333333,24,23,CGACTCGCAGGTGATATAGG,1,534288
araCp,0.08333333333333333,24,23,CCTTTATAAGCGAAAGACGT,1,595784
araCp,5.541666666666667,155,23,CCGTAGACGCAGGTCTTTGG,132,555536
araCp,3.75,112,23,CCGATCAGCGCCTTCTGCGC,89,544746
araCp,0.08333333333333333,24,23,CCGAAAGGGTATGTGACGGA,1,566662
araCp,1.3333333333333333,54,23,CAGAATGGGGTGGACAGTCG,31,594785
araCp,8.625,229,23,CAAGCATGGCTCTTATGCGC,206,596832
araCp,8.541666666666666,227,23,CAACGTGACATGGAATGGAT,204,559123
araCp,5.125,145,23,ATTGCCGTACCGCGACGACA,122,570747
araCp,12.125,313,23,ATGTCAAAACTCTGCAATGG,290,537787
araCp,5.291666666666667,149,23,ATAGACGATGATTCTCTCTG,126,568341
araCp,0.08333333333333333,24,23,ATAACTTCGGGCCTGTACCG,1,526368
araCp,8.083333333333334,216,23,AGCTTGTCACTAAATATGGT,193,547754
araCp,3.8333333333333335,114,23,AGCCGCGGGTGCTGTGCGTT,91,577256
araCp,3.7916666666666665,113,23,AGCCCCGACCACAGCGATGT,90,530640
araCp,5.5,154,23,AGATTCCCTAGTTTGGCATA,131,558686
araCp,0.08333333333333333,24,23,ACTTGTTCTTTTGGTCCGGA,1,569224
araCp,6.708333333333333,183,23,ACTCAATCTCAGATACCTCA,160,548450
araCp,1.125,49,23,ACCTAAGGGGACTATTAAGG,26,534064
araCp,2.5833333333333335,84,23,ACCGCTGACGTGACTTATCA,61,550963
araCp,9.375,247,23,ACATGCCAGAGCCATGCTAC,224,554106
araCp,4.5,130,23,ACAGTGTCGGTGCCCCTCCG,107,595979
araCp,7.583333333333333,204,23,AATTGTTCACTCCCGATACA,181,565058
araCp,0.08333333333333333,24,23,AATGAACGTCGTAGCCATAG,1,555343
araCp,4.0,118,23,AACTCCGGATTGGACCGTCA,95,586939
araCp,3.125,97,23,AACCATCCTCTGGTCAGCTT,74,535221
araCp,5.333333333333333,150,23,AAATGGCTCGAAGCCGTCAT,127,541980
araCp,0.08695652173913043,23,22,TTCCGGGAAAGTGCATTCCT,1,572551
araCp,7.478260869565218,193,22,TGGCGGCAAGGAGCTTGATT,171,575322
araCp,5.043478260869565,137,22,TGGCCGTTTATGTACGACCT,115,552260
araCp,3.0869565217391304,92,22,TGGAGTGTCAGGTTCTCGAA,70,570302
araCp,3.9130434782608696,111,22,TGCATCAATATGTAGCTCGC,89,564277
araCp,4.869565217391305,133,22,TGCAATAACGGACCGCGTCA,111,567331
araCp,0.08695652173913043,23,22,TCGTGGAAACCGGTCGCTTT,1,553184
araCp,0.21739130434782608,26,22,TCGACAGCGGGCTAATGGAT,4,559870
araCp,11.304347826086957,281,22,TAGGGTCCTGATGTTCGTGA,259,600512
araCp,4.608695652173913,127,22,GTGAAGGGCCCCTCTTATCA,105,548489
araCp,0.08695652173913043,23,22,GTCTTACAAACTAGCGCGCA,1,557437
araCp,1.173913043478261,48,22,GTCAAAGCGGCAGCACAGGG,26,559989
araCp,5.478260869565218,147,22,GTATCGCATGGCCGGACGGC,125,550344
araCp,4.521739130434782,125,22,GTAGTTTGTCGAACTAAGAA,103,565056
araCp,0.08695652173913043,23,22,GGTTGGCCTGTGATGATCAC,1,558521
araCp,0.08695652173913043,23,22,GGTAATTGGCGGTACACGCG,1,543768
araCp,0.13043478260869565,24,22,GGCATGGTACCTCAAATTGG,2,580226
araCp,3.4782608695652173,101,22,GATTATGAGGTAAGTGTCTC,79,589259
araCp,0.08695652173913043,23,22,GATGTCAGGAGGTAGTCGGA,1,544894
araCp,2.3043478260869565,74,22,GATACGAGTCGTTTCGGGTA,52,568991
araCp,0.4782608695652174,32,22,GAGCGCCACGGTGTACCCCA,10,569581
araCp,3.5217391304347827,102,22,GACTCACCATATGCCCTGAG,80,576711
araCp,2.0434782608695654,68,22,GACCCGCCCCCGGTGTGAGA,46,582769
araCp,0.17391304347826086,25,22,GACAGCACGGTACGTTTGCC,3,585016
araCp,5.3478260869565215,144,22,CTTGACGCCATCACCGGGGT,122,532480
araCp,4.608695652173913,127,22,CTGTTTCGCTCATGGGACGA,105,582955
araCp,8.434782608695652,215,22,CTATCCCTGAGAGCTTTGTG,193,594833
araCp,0.08695652173913043,23,22,CGGCTTGGATGGAGTATAGC,1,572704
araCp,1.608695652173913,58,22,CGACTGCGCTGCAACGATCG,36,603048
araCp,4.521739130434782,125,22,CGACAACTCACTATCTCAGT,103,528720
araCp,4.739130434782608,130,22,CCTTAGGGGTCAATGGCCTA,108,556206
araCp,4.478260869565218,124,22,CCGCGATCTTGAAACTTTAA,102,581130
araCp,9.130434782608695,231,22,CCGATGCCGTGAATGCATAT,209,569073
araCp,0.08695652173913043,23,22,CCGATAATTCTATAGGTCCT,1,573066
araCp,4.521739130434782,125,22,ATGTCGTGGGTGCTGGACTA,103,563153
araCp,3.9565217391304346,112,22,ATCACCAGTTGCATTCCTGT,90,573815
araCp,0.08695652173913043,23,22,ATATGCGAACCCTTTACCTC,1,555677
araCp,1.0434782608695652,45,22,AGTTGCCTACCATTATCTCT,23,532606
araCp,0.08695652173913043,23,22,AGGTTCTGGGTAATTAGGCC,1,556207
araCp,0.08695652173913043,23,22,AGAAAACGGGTTGTCACAGA,1,596494
araCp,0.08695652173913043,23,22,ACTGCACTCAAGCCCTTCTC,1,537545
araCp,2.0,67,22,ACTCGCATACTCGCCGATTC,45,539808
araCp,0.08695652173913043,23,22,ACGGCTAACAGTAAGGACTA,1,562566
araCp,19.73913043478261,475,22,ACACCCATGATCTACCTAAT,453,596153
araCp,0.08695652173913043,23,22,AATAGCTTTTAAGGGGCATT,1,589917
araCp,11.695652173913043,290,22,AAGGGAAAATCCTCGTTTAC,268,558379
araCp,5.217391304347826,141,22,AAATTGATCCTCGCCAGATG,119,592495
araCp,0.13636363636363635,23,21,TTTTTAATGGCATCCTACGA,2,555943
araCp,4.136363636363637,111,21,TTTGGCCAAAACGGGGAACC,90,561731
araCp,0.09090909090909091,22,21,TTGTCAGCGACTCTTGCCGT,1,554642
araCp,3.909090909090909,106,21,TTGTATCCGCCCGGTGGGTG,85,587978
araCp,4.590909090909091,121,21,TTCGATACAATAATTGTTAA,100,588713
araCp,1.4545454545454546,52,21,TTAGTCAGTATGGAATATCT,31,534382
araCp,2.409090909090909,73,21,TTACTCGGCTCCAGTGGGAT,52,586828
araCp,0.09090909090909091,22,21,TTAAAACTGTTGTGCCTCAT,1,540861
araCp,5.181818181818182,134,21,TGGAGTCGTATCGCCAGGAT,113,529164
araCp,0.09090909090909091,22,21,TGGACGACAAGAGTCAGGCC,1,547021
araCp,7.863636363636363,193,21,TGGAAGGGCCTTCAGGCTCG,172,600355
araCp,31.59090909090909,715,21,TGACCAGGAATGCTATACTC,694,531325
araCp,0.13636363636363635,23,21,TCTGTATACATTAAAGCGAG,2,566984
araCp,3.227272727272727,91,21,TCTATTCTAATCCAATCCCA,70,584143
araCp,4.090909090909091,110,21,TCCAATTAGTTCAACTACCT,89,525680
araCp,7.136363636363637,177,21,TATTGGGGTTACCTATTAGT,156,576868
araCp,0.09090909090909091,22,21,TACCGGCGCGAGGTGCGCTA,1,550785
araCp,0.09090909090909091,22,21,GTTTTGACCACGTTCATTGA,1,580071
araCp,3.6363636363636362,100,21,GTTTAGGTTTATCATTCTAC,79,576664
araCp,0.09090909090909091,22,21,GTTCCATACAAAGTAGTCTT,1,544793
araCp,1.0454545454545454,43,21,GTGCGGCGCACTTCGCTATT,22,525892
araCp,0.8636363636363636,39,21,GTCTCCTATAGAACTGTTGT,18,585696
araCp,0.09090909090909091,22,21,GTCGCTACAGTTGGCGGAGT,1,534674
araCp,0.09090909090909091,22,21,GTCGCGAGGGTGTCAAGAGA,1,546627
araCp,0.09090909090909091,22,21,GTATGTCTGAAGTTATGAGT,1,595844
araCp,3.8181818181818183,104,21,GGTACGATTTTCCTGACTAA,83,539000
araCp,5.2272727272727275,135,21,GGGCTTCAACTTGAGTTACT,114,543614
araCp,6.454545454545454,162,21,GCGGGTGTGGTGGGAAAAAA,141,530158
araCp,0.5454545454545454,32,21,GCCCGGGTAATCCGGGATAA,11,565842
araCp,4.2727272727272725,114,21,GCACTCACCAGCTGTTATAG,93,537274
araCp,0.22727272727272727,25,21,GATCCTTGAGTTATTAAAAG,4,560509
araCp,0.09090909090909091,22,21,GAGATTAGACCATCCTAAGC,1,590447
araCp,0.5,31,21,GAAAAACCTCCTTGCCCCGG,10,529770
araCp,2.409090909090909,73,21,CTTATTTCACTCAACCCAAT,52,582959
araCp,0.09090909090909091,22,21,CTGGGAAATGACCAACCCGC,1,575546
araCp,0.09090909090909091,22,21,CTGGATACATCAGAGATCTA,1,578787
araCp,0.09090909090909091,22,21,CTCTGGAGAAGGGGGTAATA,1,588972
araCp,0.09090909090909091,22,21,CTCGGTTACGATCAGGTAGG,1,598152
araCp,8.727272727272727,212,21,CTCCTTTTAAGGTTTGTACG,191,553520
araCp,0.09090909090909091,22,21,CTCCTCCCTACATGTAATTT,1,584936
araCp,10.818181818181818,258,21,CTATGAGTGATAGTTTATCG,237,571681
araCp,4.545454545454546,120,21,CTACATCGCCCATGGGTTCG,99,591304
araCp,0.09090909090909091,22,21,CGTGAGGAATCTAGGAGCTG,1,579884
araCp,2.727272727272727,80,21,CGGTAGCTGGCCCCTCCACG,59,543725
araCp,32.59090909090909,737,21,CGGATGATAACAAGAACTAA,716,589669
araCp,4.136363636363637,111,21,CGATCCGCGCCTTGTGACAA,90,558107
araCp,0.5,31,21,CGACGTTCACAAAGGAGATT,10,600010
araCp,4.2272727272727275,113,21,CCTTACTAGTGCGACAACCA,92,545974
araCp,12.681818181818182,299,21,CCTAGGGCCAGACCATAACT,278,586686
araCp,0.09090909090909091,22,21,CCGGACATGAGGATGCTGAT,1,573521
araCp,0.09090909090909091,22,21,CCCTACGGGGACGGAACGCA,1,545149
araCp,0.09090909090909091,22,21,CCCAAGGGCTGTAGGAACAG,1,542854
araCp,4.409090909090909,117,21,CATGGCGCGCGAGATTAAAT,96,526708
araCp,3.0,86,21,CAGTTGAGGGTGTTTAGTTT,65,559865
araCp,0.09090909090909091,22,21,CAAACGGCGGAACGGCACAG,1,545990
araCp,6.136363636363637,155,21,ATGTACGTCCTCCGAGCCAG,134,575740
araCp,2.727272727272727,80,21,AGTTACTGTGCCGTGATATT,59,577608
araCp,5.363636363636363,138,21,AGTCTTGGAACTATGTTAAT,117,534463
araCp,0.13636363636363635,23,21,AGGAGGCTAAACAATCGAGA,2,591508
araCp,0.8636363636363636,39,21,AGCTGAGCTGTTCTTTGCAA,18,561916
araCp,1.4545454545454546,52,21,AGCAGGCTATCGCGAGGGCG,31,552141
araCp,0.09090909090909091,22,21,AATATCTCAGGAGTGCGTAG,1,535083
araCp,5.7727272727272725,147,21,AACCAATAGACCTCCTCCGA,126,595444
araCp,3.0952380952380953,84,20,TTTGATTCTTACAACGCCAT,64,566385
araCp,6.9523809523809526,165,20,TTGCGGGCACCAGAATTCAA,145,572278
araCp,5.571428571428571,136,20,TTGACCAAATCTAGTACCCC,116,588299
araCp,5.523809523809524,135,20,TTCGCTTCCTGATCCCGTCA,115,546184
araCp,6.333333333333333,152,20,TGGGGAGACGCGGGCACTCT,132,571493
araCp,4.428571428571429,112,20,TGCTCAGGTGTTCAGCGGGA,92,532349
araCp,4.666666666666667,117,20,TGCGTATGCAGAAGAATCGA,97,553250
araCp,3.2857142857142856,88,20,TGCGCTTCCCGCGCAACGGT,68,530232
araCp,3.857142857142857,100,20,TGATGCCTATGCTTTGTAAA,80,551826
araCp,0.09523809523809523,21,20,TGAGATGCGAACCATTCACG,1,557488
araCp,3.0,82,20,TGAACGATCGTGCCCTAGCC,62,599434
araCp,5.190476190476191,128,20,TCCCCCAGAGAGATAGGTCC,108,545444
araCp,5.095238095238095,126,20,TCAGCTTGTTTCTTGCAATA,106,529092
araCp,3.761904761904762,98,20,TCACTCCTTCGGCCGCTTCT,78,545441
araCp,0.38095238095238093,27,20,TATGTCACCTCGTATCCCTG,7,565423
araCp,2.4285714285714284,70,20,TAGGTCTGCCATTACGTATG,50,546548
araCp,0.09523809523809523,21,20,TACGAACCCGGATTTCGGTT,1,564859
araCp,14.095238095238095,315,20,TAATGAGGTCCGTACTACAT,295,579119
araCp,1.3333333333333333,47,20,TAAAGTTGTTGGAGCCTAGG,27,559820
araCp,7.095238095238095,168,20,GTTGGTCTAGCCGGGTCAGG,148,537409
araCp,0.09523809523809523,21,20,GTTGAAGGCATGTATGGATT,1,561342
araCp,1.619047619047619,53,20,GGAGGGTTTTTGGTATCCAT,33,550366
araCp,4.190476190476191,107,20,GCTGTATGTCCTGGATGCAA,87,581943
araCp,0.09523809523809523,21,20,GCCTCGAAGCACGCGTGATT,1,570133
araCp,0.09523809523809523,21,20,GCAAATGTCGCAGTCCGGAG,1,599251
araCp,0.09523809523809523,21,20,GAGTCATTGGAGTGTAATTA,1,590289
araCp,0.09523809523809523,21,20,GAGAGTACAGGGTGTACAAC,1,583509
araCp,8.619047619047619,200,20,GACCGTAGAATTTACCCTTT,180,553863
araCp,4.476190476190476,113,20,GAACAGGGTCTCTAATTCCT,93,562215
araCp,0.09523809523809523,21,20,CTGGGGTCAAAATAGCTTTT,1,552997
araCp,4.238095238095238,108,20,CTGCAATACGAACGAACCGA,88,531802
araCp,2.857142857142857,79,20,CTCGGCTCGTTCATGGCTAT,59,528954
araCp,7.904761904761905,185,20,CTCCGTTTTGTGAGAAACAT,165,576799
araCp,0.09523809523809523,21,20,CTACTAAGGAGATTGTACTA,1,576144
araCp,3.4285714285714284,91,20,CGATTCAATCAGTTAACCAC,71,594699
araCp,0.14285714285714285,22,20,CCTAGCAATTGATTATACTT,2,601479
araCp,0.09523809523809523,21,20,CATCTTAGAAAGACGGCGGG,1,562886
araCp,5.142857142857143,127,20,CAGTGGTTCCGCTCGTAAAC,107,548595
araCp,5.619047619047619,137,20,CACCACTAGCTGTTAAGTCA,117,569916
araCp,8.857142857142858,205,20,ATTTCTGGCAATGCAATTTA,185,528797
araCp,0.09523809523809523,21,20,ATTGCTGGACTTAGAACAAA,1,554058
araCp,12.333333333333334,278,20,ATGTGCAGATCAGGCGATAT,258,553234
araCp,4.285714285714286,109,20,ATCCGGAGAGCCAATAGGCC,89,525553
araCp,4.714285714285714,118,20,ATCAAGGGTGAGCATGGGAC,98,539950
araCp,4.571428571428571,115,20,AGTCTGACTTTGTTGTCACC,95,575524
araCp,10.380952380952381,237,20,AGTCTATTGTACACTGCGAA,217,534612
araCp,0.14285714285714285,22,20,AGGCCTAGAAACAGATGGAA,2,562776
araCp,0.09523809523809523,21,20,AGCGTGAAGATTGTTGTCAA,1,549014
araCp,3.9047619047619047,101,20,AGAGCGCCACATAATGAACT,81,600401
araCp,8.142857142857142,190,20,ACTTCGAACGGGTAAAAAAT,170,530608
araCp,0.09523809523809523,21,20,ACGTTCGATACAGCAGAAAA,1,562277
araCp,3.8095238095238093,99,20,AATCGCATACGCGATTGTGT,79,531960
araCp,4.476190476190476,113,20,AAGCGTAAGTCCCGCTAAGC,93,554212
araCp,1.8571428571428572,58,20,AAGCCGTGCCTATATAGGGT,38,586392
araCp,6.285714285714286,151,20,AACGGATATAGTAGGATTGT,131,541892
araCp,6.619047619047619,158,20,AAATTGCGAGCGCAGTTCAT,138,575339
araCp,2.7142857142857144,76,20,AAAGTGTCTCAGTAGATGGT,56,542544
araCp,3.95,97,19,TTTTGTTGAAGCGATCATCA,78,574453
araCp,0.1,20,19,TTTGCGTCTATCAAATCAGC,1,586493
araCp,0.1,20,19,TTTAAGCAGGCTGCTATTGT,1,576679
araCp,3.3,84,19,TTGGAGGCAACAAGCGCTCT,65,541200
araCp,0.1,20,19,TTGCTCGAGCACGAATAACT,1,558925
araCp,2.55,69,19,TTCTTGTAAGAAATCCTAGA,50,559311
araCp,3.55,89,19,TTCATCTGTTTAACTGTATA,70,533104
araCp,2.15,61,19,TTAGCAAAAGTCTGTGCGGT,42,541594
araCp,0.1,20,19,TTACGCTAGCTCGCCAGCGA,1,588459
araCp,10.9,236,19,TTAATCCGAACGATTACTAA,217,537794
araCp,4.2,102,19,TTAAGTATCTAAGCAATTTA,83,592819
araCp,5.5,128,19,TGGGGCACAAATAAGGAGTT,109,541371
araCp,5.05,119,19,TGATGATCCCGCCGTCTTTT,100,554402
araCp,1.25,43,19,TGAGGCCCCGAGGAGGCTCA,24,541274
araCp,0.1,20,19,TCTTAGCTCATTGTGTACAT,1,559072
araCp,1.45,47,19,TCTATTCCTTTGTTCACGTG,28,597390
araCp,3.25,83,19,TCGTTTCGGATGCGTGATAC,64,567297
araCp,9.3,204,19,TCCGGTTGTTGAGTTGCCTG,185,560671
araCp,0.1,20,19,TCACCCCTAAGAAAGGATTA,1,539026
araCp,6.65,151,19,TAGCGTCTAGTCTGCAAGCA,132,569577
araCp,0.1,20,19,TAGAGGTCCGTTCGTCTACG,1,579515
araCp,0.1,20,19,TACGCACGAGAGTAACGTCA,1,600514
araCp,0.3,24,19,TAAGTACTTCACAGGACCAT,5,536108
araCp,0.1,20,19,TAAGCTGCGGGACGCCCCGT,1,562825
araCp,5.45,127,19,GTTGTGTCCTCCACGTCACG,108,577433
araCp,8.8,194,19,GTTGTGCCCGGCGTTTTTGA,175,562382
araCp,0.1,20,19,GTTCCCTTAAGAAGAATTTT,1,557768
araCp,5.25,123,19,GTTATTGTCCAGGACACCCA,104,566569
araCp,1.6,50,19,GTCGTCCTTGGAGAATACAG,31,565972
araCp,9.45,207,19,GTCAAGGCACGCCAACGGTT,188,529180
araCp,6.4,146,19,GTATCCAGTGGTGTACTTCA,127,561881
araCp,0.1,20,19,GGTCAGATTGACAGATCCCA,1,547101
araCp,6.45,147,19,GGTACGGCCGTCTTAACCCA,128,536103
araCp,0.1,20,19,GGCTGGGCATTACTGTGAAA,1,553581
araCp,0.1,20,19,GGCGCCCAATCGATTGATGT,1,552305
araCp,6.15,141,19,GCTAAACTGCTTACATGGAT,122,530688
araCp,6.15,141,19,GCGGACGAGGTTGCGCTGGG,122,558269
araCp,1.75,53,19,GCGCAGGGGAAGAGGTAAAA,34,565606
araCp,5.95,137,19,GCGAGCGTCTAAGCGGGAGA,118,593090
araCp,4.35,105,19,GCAGAGTATATTCATCTTTA,86,560510
araCp,0.1,20,19,GACTCAAACGACAACCGGCA,1,529494
araCp,8.9,196,19,GAAGGTTCTCTCAGTTCTTA,177,543196
araCp,0.1,20,19,CTTGATCGCGGAAGCTTCAA,1,563653
araCp,5.75,133,19,CTGGCCGCCGGTCTGCGCGA,114,551347
araCp,2.55,69,19,CTGCCGATTCATACCTTAGC,50,562610
araCp,5.85,135,19,CGTTATGTTATAGACGGCCA,116,552750
araCp,0.1,20,19,CGTCCATCAGGGCAACAATA,1,528314
araCp,6.05,139,19,CGTATGGCACTGGCCAGTAG,120,586938
araCp,4.85,115,19,CCTTCAAGTAGCTATCCATT,96,543963
araCp,0.1,20,19,CCGCGGACCTCGTCACAGCA,1,529994
araCp,0.15,21,19,CCCGCTCATGGAAGTGGATA,2,589100
araCp,5.3,124,19,CCAGAGACTTGTCACAGACG,105,547160
araCp,0.1,20,19,CATTACCGCCCGTCGGGGAT,1,575632
araCp,0.1,20,19,CACCTCCCGGTAGGATTTAA,1,534921
araCp,0.15,21,19,ATGTCGGGCAACTCCACGAA,2,579565
araCp,5.75,133,19,ATGGTGATATAGACTAATGT,114,600372
araCp,3.15,81,19,ATGATTACCAACCTGCGAGA,62,546053
araCp,0.1,20,19,ATCACTGAATCGTTGCGCTC,1,529717
araCp,1.55,49,19,ATAACTTGTAGCCGAGTAAT,30,545838
araCp,0.1,20,19,AGTGTTCGCAGCGTCAGCCG,1,565066
araCp,0.1,20,19,AGTAACTTGTCTGCCAAGAT,1,591238
araCp,2.0,58,19,AGGGTAAGCTTGCCTATCGT,39,558242
araCp,4.5,108,19,AGGCAATGGCCTCGGTAGGA,89,569578
araCp,0.1,20,19,AGCCCTAAGTATTTGGTGGT,1,566494
araCp,0.1,20,19,AGATCGGCACGATGGCACTG,1,572367
araCp,3.4,86,19,ACTTGGGCCATCGCCCACAC,67,579679
araCp,16.95,357,19,ACTAGCTAAGGCTCTTAAAG,338,594862
araCp,4.65,111,19,ACTACCATAGCTTATACTAG,92,586081
araCp,1.5,48,19,ACGAAATGCAAGCGGTCCTG,29,582152
araCp,6.7,152,19,ACATGCACCCACCAGCCAAT,133,526371
araCp,0.1,20,19,ACAGCCGTAGCGTCAACGGT,1,584087
araCp,6.65,151,19,AATTGAACCAAGATATGGTA,132,556661
araCp,5.55,129,19,AATGGCGGCAAAGCTTATTA,110,544185
araCp,3.6,90,19,AAATAAAAGTAGATCCCGCA,71,583773
araCp,1.6842105263157894,49,18,TTTTTTTCTGGGATGAGTTC,31,577214
araCp,0.10526315789473684,19,18,TTTTCTCCGAATCTCTAACT,1,588902
araCp,2.4210526315789473,63,18,TTGTTCGGCTCTAGAGGCCT,45,532701
araCp,2.6842105263157894,68,18,TTAGTATTACTGGCGATCGA,50,602576
araCp,2.8421052631578947,71,18,TGGGGAACTTGAATCTAAAT,53,555902
araCp,5.2105263157894735,116,18,TCTAAACTGGCGTGTCCGAG,98,553273
araCp,0.10526315789473684,19,18,TCGGGGCAACTGGGATTGCG,1,534680
araCp,0.10526315789473684,19,18,TCAGTGATTGAGACTTTTTA,1,551678
araCp,4.473684210526316,102,18,TATTGGCATGCTAAGTATTG,84,553950
araCp,4.473684210526316,102,18,TATAAGCCGGAAACCTCCTA,84,581499
araCp,4.105263157894737,95,18,TAGGGCGGGGATGGAACTTC,77,569853
araCp,9.526315789473685,198,18,TAGATGAGCTAACACGGCCC,180,583012
araCp,3.6315789473684212,86,18,TACACAAATCATAGATAATC,68,552300
araCp,4.368421052631579,100,18,GTTACCACGTGTGATATGAT,82,572283
araCp,1.263157894736842,41,18,GTGACAGCCGATCCGCCCGG,23,576863
araCp,0.10526315789473684,19,18,GGTCAACGCGCAGTTGATGT,1,529251
araCp,0.10526315789473684,19,18,GGGTTGGATATTACGTCTTC,1,556451
araCp,3.3157894736842106,80,18,GGAACGCGAGGTCCTCGAGT,62,546862
araCp,0.10526315789473684,19,18,GCGTCGAAAGTAATCGAATA,1,557389
araCp,5.2105263157894735,116,18,GCGGCAAGCGCAAGGCATCA,98,593402
araCp,4.0,93,18,GCGGATCCTTTTCGATTCAT,75,537899
araCp,0.10526315789473684,19,18,GCCATAGAGAGCTGTTCACT,1,544905
araCp,1.631578947368421,48,18,GAGCGCTGATAACACTGGGC,30,533032
araCp,3.473684210526316,83,18,GAAATCAACCAGGCCCCTTA,65,578114
araCp,3.3684210526315788,81,18,CTTGTGGAGCGGTTAACTTT,63,593260
araCp,10.105263157894736,209,18,CTTGAATCATAACTCTTTTT,191,587423
araCp,24.526315789473685,483,18,CTTAAATGCGACGGAAGGAG,465,546841
araCp,2.473684210526316,64,18,CTCGCGGTGCCGTCCGCGTG,46,595443
araCp,2.5789473684210527,66,18,CTCCTGAATCAATTGCCTTA,48,591638
araCp,3.3684210526315788,81,18,CTCCAACAGCAACTCCAAAG,63,563585
araCp,2.0,55,18,CTATAACGTCCCCTACTTTA,37,559339
araCp,5.2631578947368425,117,18,CGTTCCTAGCGGCCACGGTT,99,567680
araCp,3.526315789473684,84,18,CGTCCGGGACACTGCCCGGG,66,533270
araCp,0.10526315789473684,19,18,CGGTAGGGATGATCCCTCGG,1,573027
araCp,0.10526315789473684,19,18,CGCGTCCGGAAGCTTGTGGC,1,561177
araCp,5.157894736842105,115,18,CGCCACGATTCGCACGAAGG,97,595004
araCp,5.7368421052631575,126,18,CCGTGGATTCATTCAGTCTC,108,596008
araCp,0.10526315789473684,19,18,CCGTCCTACTTTCGCGCGTA,1,540392
araCp,0.10526315789473684,19,18,CCGTAGCAGCGGGACATAAG,1,533554
araCp,1.105263157894737,38,18,CCCGAGGTAAAAGGAGGATA,20,578743
araCp,2.0,55,18,CCCCATTCGGAAAGTTCCAT,37,570532
araCp,4.7894736842105265,108,18,CCATTAGGATCGCGTCTGTA,90,526026
araCp,0.10526315789473684,19,18,CCATGCGCTCTATTAGACCA,1,577338
araCp,8.31578947368421,175,18,CATGGGCGAGCCGGTAGCTG,157,579111
araCp,4.2105263157894735,97,18,CAGTTTAAACGACGGGCGCA,79,553952
araCp,2.5789473684210527,66,18,CAGGGGCCGAGCATACTCTA,48,594463
araCp,4.421052631578948,101,18,CAGGGAGTACCGAAGAACGT,83,583730
araCp,6.2631578947368425,136,18,CAGAGCGGGAGATTGACTTC,118,601379
araCp,7.526315789473684,160,18,CAAACTCGGATTGATTTCCA,142,584844
araCp,6.157894736842105,134,18,ATGTGTCGATATACAGGCCA,116,564013
araCp,0.7368421052631579,31,18,ATGTATCTACCTCGAAGATA,13,538795
araCp,4.631578947368421,105,18,ATCCTCGTGTGAACGTCAGT,87,574233
araCp,3.736842105263158,88,18,ATCATCGGAACCTGACGTAG,70,552559
araCp,3.9473684210526314,92,18,ATATGGTCGCCGATCAGGTC,74,553239
araCp,0.10526315789473684,19,18,AGTTAGGGATCTTTACTCTG,1,541782
araCp,1.736842105263158,50,18,AGGCATTCTAGGGAAGATAA,32,572002
araCp,3.789473684210526,89,18,AGCGCTACAAGCTTGGCAGG,71,577258
araCp,5.315789473684211,118,18,AGCCGTACGTTATAAGTGCC,100,549282
araCp,0.10526315789473684,19,18,AGCATCACAAACACGTTAGG,1,555378
araCp,0.10526315789473684,19,18,AGATGCCGTCGGGTTCTGGC,1,570826
araCp,0.15789473684210525,20,18,ACCTATCAGTCGTGGACAAG,2,586805
araCp,2.736842105263158,69,18,ACATTACTCGTGAGACGCAA,51,587972
araCp,0.9473684210526315,35,18,ACACTCGTCCACCGTTGCGG,17,550561
araCp,6.894736842105263,148,18,AATCGAGGATTTGTAGCCAA,130,561542
araCp,0.10526315789473684,19,18,AATCACCCCGAGACCTTGAG,1,565819
araCp,4.833333333333333,103,17,TTGTACGAATTCGATTTTGT,86,551248
araCp,7.111111111111111,144,17,TTGATCAGCCGTCAGGCGAA,127,587854
araCp,6.222222222222222,128,17,TTCGGATAGGAGATTCGCGA,111,550341
araCp,5.777777777777778,120,17,TTAACCAGCTCAGACGGTTA,103,592315
araCp,0.1111111111111111,18,17,TGGGGGGTTTCGGCTTGTTT,1,600143
araCp,0.1111111111111111,18,17,TGCCAAATCGTTAGGCGGAT,1,585557
araCp,3.388888888888889,77,17,TGATGCGGGGGCCACAAAAT,60,592679
araCp,0.1111111111111111,18,17,TCGAGGTATTCAAAACTACA,1,554513
araCp,0.1111111111111111,18,17,TCCTCTGCGAGTTCACCCTA,1,587551
araCp,10.61111111111111,207,17,TCATACCGAGAACTGGAAGA,190,535576
araCp,0.1111111111111111,18,17,TATAAACATGAGGCTACGCA,1,541109
araCp,6.611111111111111,135,17,TACGTAAAAGATAGCGTAGA,118,577552
araCp,0.1111111111111111,18,17,TACCGGCAGCCTAAACGGTT,1,542787
araCp,3.2777777777777777,75,17,TACCACCCATGGGCGTACTT,58,546721
araCp,0.1111111111111111,18,17,TAACAAGGAAACGACATTGA,1,586592
araCp,1.5,43,17,TAAATATTACTTACAAGTGA,26,537343
araCp,6.666666666666667,136,17,TAAAGAGCACCGCCAAGCAT,119,599349
araCp,6.5,133,17,GTCTATGTCCACCGTCTAAG,116,569725
araCp,0.7777777777777778,30,17,GTCAAGGATCATCTAGGGGA,13,554475
araCp,0.16666666666666666,19,17,GTATAACTCTCTCCATTTGT,2,583132
araCp,5.055555555555555,107,17,GTAGCCGCCGCTCTCGATGG,90,526206
araCp,0.1111111111111111,18,17,GGGTCTCTATAAGACAGCTA,1,571902
araCp,7.444444444444445,150,17,GGGGAGCGCCTGAGCCCTAC,133,536619
araCp,8.555555555555555,170,17,GGATTTTTCACTGTCTAGGG,153,534669
araCp,5.888888888888889,122,17,GGAAGGATGTAAGTAAACAA,105,532853
araCp,7.5,151,17,GCTGGTTGCTCGGTCAAGGG,134,565559
araCp,6.0,124,17,GCGAGTACCCGGCCGGAACG,107,530240
araCp,0.1111111111111111,18,17,GCCGAACTCATCTGATAGTC,1,526444
araCp,1.4444444444444444,42,17,GCCCCGACTGGAAGGCGTGT,25,539612
araCp,0.1111111111111111,18,17,GCAAAGCGACCTTGCGTGGT,1,546629
araCp,9.11111111111111,180,17,GATCCTTTGTCTATGGCTAG,163,577046
araCp,0.1111111111111111,18,17,GAGGTCGGGCTGGGCTCCAA,1,573021
araCp,21.27777777777778,399,17,GACTTGATAGCGGCACACCT,382,531343
araCp,0.1111111111111111,18,17,GACCTTCACAATCCGCGCAT,1,570508
araCp,7.111111111111111,144,17,GAAGTTACGCGCACCAAAGG,127,576362
araCp,2.2222222222222223,56,17,CTATTGACGTTTATTTGTTA,39,585582
araCp,3.3333333333333335,76,17,CTACCCCCAAAGACGATCTG,59,590709
araCp,2.6666666666666665,64,17,CGTAGCGTATCTCGTTTTCG,47,569062
araCp,5.5,115,17,CGCGCAGGATCTATGACACC,98,536480
araCp,7.777777777777778,156,17,CGCAGGCTGTGAGCGTCCGG,139,530670
araCp,15.166666666666666,289,17,CCGGGTGGTCCTCCGGGTGT,272,594839
araCp,0.1111111111111111,18,17,CCGATCCCGGTAGTGTGGCT,1,562884
araCp,1.3333333333333333,40,17,CATAATGTGGGTTTCAAAAA,23,567092
araCp,0.1111111111111111,18,17,CAGCATGGATTACACGCTGA,1,541263
araCp,0.1111111111111111,18,17,CACAGCGTATGAACAGACCG,1,531868
araCp,0.1111111111111111,18,17,CACACGAGCGAGTGCACTTC,1,549063
araCp,0.1111111111111111,18,17,ATTATACCTCCTAGCGTGTA,1,581733
araCp,5.611111111111111,117,17,ATCGGATTAGGTGCGGCATG,100,535879
araCp,0.3333333333333333,22,17,ATACTCAAGTGTCACGAGCA,5,541429
araCp,2.888888888888889,68,17,AGTCAGAGGCCAAACAAGGT,51,579359
araCp,3.888888888888889,86,17,AGTATGATGTGGACAACGAC,69,603243
araCp,5.0,106,17,AGCTTGAAAGAAGAGATGTC,89,589065
araCp,3.3333333333333335,76,17,AGCCCCGGGCAATCCAGTTA,59,564093
araCp,7.0,142,17,AGATAAATTTTGGGTATATT,125,559460
araCp,0.1111111111111111,18,17,AGAGGTTGAACAATCTAAGT,1,537434
araCp,2.2222222222222223,56,17,AGACCTTTTTAACTTACTGC,39,572031
araCp,2.7777777777777777,66,17,ACTCCTGAGTATGTGCGTCT,49,594614
araCp,0.1111111111111111,18,17,ACGTAAGAGACATTAATAGA,1,572059
araCp,3.3333333333333335,76,17,ACGCATGGTACTGGCTGCAG,59,545732
araCp,4.888888888888889,104,17,ACACTTGCTCGCCTCGACAG,87,543148
araCp,0.1111111111111111,18,17,AATCATGTCTCGTATCTAAG,1,599383
araCp,5.5,115,17,AACCGGCGACGGTTCTGTAC,98,556936
araCp,2.7222222222222223,65,17,AAATCTGAGCCCTATGCGAT,48,565108
araCp,0.11764705882352941,17,16,TTTCGCCGGTATCATGTCTT,1,598926
araCp,7.352941176470588,140,16,TTTAGGGAGCGTTGCTGCGG,124,530889
araCp,4.9411764705882355,99,16,TTGTGTAGTCCATGTGTGAC,83,528795
araCp,0.11764705882352941,17,16,TTGCGTAAGACGGGCTCCGG,1,568063
araCp,0.11764705882352941,17,16,TTACTCGCAAACTAATAAAG,1,598020
araCp,0.11764705882352941,17,16,TGGTAGCCTTCACCAAGATC,1,562214
araCp,0.11764705882352941,17,16,TGCAATGCCTGACGCGGATA,1,550890
araCp,5.470588235294118,108,16,TCGCCCAGGGTCGCCATAGA,92,597477
araCp,1.0588235294117647,33,16,TCCGGCGTATCGTTATGTAT,17,526448
araCp,0.11764705882352941,17,16,TATCGGTCCGACTTTAGGTT,1,573240
araCp,0.11764705882352941,17,16,TAGTGAATGGCCTTCATGGA,1,529408
araCp,1.4705882352941178,40,16,TAACATCATAGGTTTCTTTT,24,552126
araCp,0.11764705882352941,17,16,GTGCGTTCTCAAGTTAAGTT,1,580311
araCp,6.0588235294117645,118,16,GTCTGGCAGTCTGCTCAACG,102,525577
araCp,6.705882352941177,129,16,GTCATATTTACCGGCAACCG,113,569219
araCp,0.11764705882352941,17,16,GTCAGCCCGGCTATCGGCGT,1,579569
araCp,0.11764705882352941,17,16,GTAGTCCACAAGGCACAGCA,1,601223
araCp,0.4117647058823529,22,16,GGTTTCACACCCATGTGGCT,6,580520
araCp,0.11764705882352941,17,16,GGTGCAGTCGAATTTAACCA,1,602044
araCp,4.823529411764706,97,16,GGGTTTTGCGCACAATCAAG,81,550673
araCp,0.11764705882352941,17,16,GGGTACTGCTCTGACGCACA,1,539137
araCp,25.764705882352942,453,16,GGCTTACTCTCAGACGGCGT,437,575320
araCp,1.0588235294117647,33,16,GGCGCGCACCTAAACAACTA,17,595498
araCp,5.470588235294118,108,16,GCTCGCCTATGAGCCCTATA,92,593228
araCp,5.647058823529412,111,16,GCTATAATGGTTGCTTTTTT,95,558898
araCp,4.176470588235294,86,16,GCTAGTCAGGCCATTCTAGC,70,543663
araCp,0.17647058823529413,18,16,GCTAGACAGCCGGAGTTTCT,2,568069
araCp,7.117647058823529,136,16,GCGCCCCGAGGACCCCGTGG,120,541370
araCp,0.11764705882352941,17,16,GCCTAGGAAAGTGTGGACCC,1,563605
araCp,0.29411764705882354,20,16,GCCGCTCGCTGGTGAGGTAT,4,556384
araCp,32.588235294117645,569,16,GATTTACTCGAATGAGGCTA,553,535917
araCp,6.411764705882353,124,16,GATGATCGAGCCCGTGGCTA,108,595964
araCp,0.11764705882352941,17,16,GAGGGAGCGGACGTCGATGC,1,564264
araCp,0.11764705882352941,17,16,GAGAAATGGAGGTAGGGCGG,1,574820
araCp,0.11764705882352941,17,16,GACCATAGGCGTCAGGGTCC,1,566595
araCp,6.235294117647059,121,16,GAAGTTCTACACATGGTGAT,105,589169
araCp,8.882352941176471,166,16,GAACCCCCGATACAAAAGTT,150,569958
araCp,5.529411764705882,109,16,GAAAGGCAGACCGTGCCTCG,93,532185
araCp,0.17647058823529413,18,16,CTTCACTAAGCATTCCAGGA,2,596122
araCp,4.882352941176471,98,16,CTAATCCTGGCGCGCGACAT,82,526745
araCp,0.11764705882352941,17,16,CGTTTTGTATAATTGCGAGT,1,555808
araCp,2.0,49,16,CGTTAGAGTATGCTCAAATA,33,586950
araCp,0.11764705882352941,17,16,CGTGTGGGCTTGCGAAAGGA,1,554001
araCp,0.11764705882352941,17,16,CGTGCTCGTGCGTGATAGCT,1,537786
araCp,3.411764705882353,73,16,CGAGCGCTATGAATTGCGTA,57,573316
araCp,3.9411764705882355,82,16,CGAGATCTTCCTGCCTGTGT,66,584060
araCp,0.11764705882352941,17,16,CGACCGTGTTCCCGATCGGG,1,556874
araCp,0.11764705882352941,17,16,CCTCCCGAGCAACTGGGTCT,1,554587
araCp,1.2352941176470589,36,16,CCTCAGCCGATTCATCCGTA,20,572067
araCp,6.176470588235294,120,16,CCTAAGCGCTGTCAAACGCT,104,578507
araCp,6.411764705882353,124,16,CCGGAAGCCGCTTGGATTCA,108,588764
araCp,1.7647058823529411,45,16,CCGCCTTGAAACCGAGACAA,29,537724
araCp,2.588235294117647,59,16,CCCTGCCGATGAAAAGGCGT,43,596817
araCp,3.176470588235294,69,16,CCCGTATATTCGAAAAGTTA,53,568997
araCp,0.11764705882352941,17,16,CCCGGTCTAATAATCTTCAG,1,580613
araCp,6.705882352941177,129,16,CCAGGACTAAAGCCGGCTCG,113,537225
araCp,4.529411764705882,92,16,CCAAGTCGCACCCGGTCATT,76,568725
araCp,1.0,32,16,CAGGCCAGATAAGAGTTATG,16,579642
araCp,4.117647058823529,85,16,CAATCCCGTGTGAGAGTGGG,69,548157
araCp,6.647058823529412,128,16,CAAGCGTACGAGTCATCAGA,112,597776
araCp,0.11764705882352941,17,16,CAAAGTGGAGGAAGCGACGA,1,578864
araCp,0.11764705882352941,17,16,ATTCGACATGCGTATAGTTA,1,560340
araCp,6.0,117,16,ATGTTTATCCCAGGCTCGGA,101,587057
araCp,5.764705882352941,113,16,ATGTGCCCATGGGTCTAGAG,97,575301
araCp,0.11764705882352941,17,16,ATGTCTGTGATTGTCTATAG,1,531285
araCp,0.17647058823529413,18,16,ATGTAGAATCATCTTTACTT,2,577723
araCp,13.176470588235293,239,16,ATGAGCCCGTTACTATGGGT,223,565419
araCp,0.11764705882352941,17,16,ATCATCAGTGCGTCAGGAAA,1,595783
araCp,0.11764705882352941,17,16,ATCAGGAGTTCTCATGTAAA,1,535139
araCp,8.529411764705882,160,16,AGTTCTGGTTTGGGGAAATA,144,597723
araCp,8.117647058823529,153,16,AGTTATTTCCTCGTGTGGTA,137,575146
araCp,2.9411764705882355,65,16,AGTAGAAGTTAAGGTACCTG,49,577460
araCp,7.411764705882353,141,16,AGGGCATGACTCCGATCATG,125,569440
araCp,22.058823529411764,390,16,AGCTCAACAGTCTTAAGGGT,374,528792
araCp,2.411764705882353,56,16,AGCGCTCTTTGAGATGGATG,40,536842
araCp,5.647058823529412,111,16,AGACAAAGGAAGCGGCGATC,95,548436
araCp,8.0,151,16,ACTGGATACACAGCCAAGGA,135,591160
araCp,0.17647058823529413,18,16,ACTCCAAAGCCAATCGTGAA,2,557286
araCp,0.7058823529411765,27,16,ACTAATATATATTCCAGATC,11,568171
araCp,2.9411764705882355,65,16,ACCCTCTAACTCCTTTGAAT,49,595455
araCp,0.11764705882352941,17,16,ACATAACCGCAGTGCAATAA,1,602959
araCp,0.8823529411764706,30,16,ACACCCTAAAGCTTGCTTGA,14,587252
araCp,21.0,372,16,ACACCCGAGTGCTTTTAAGA,356,551756
araCp,7.764705882352941,147,16,ACAAGCCCTTAGGTAGGGCA,131,558397
araCp,0.11764705882352941,17,16,AATTGGTTGTGTGGTATTTA,1,572758
araCp,2.0,49,16,AATCTCGTCTTTTAACAGTG,33,554888
araCp,0.11764705882352941,17,16,AAGACATCCCTTAATCTATT,1,557830
araCp,6.882352941176471,132,16,AAACCTAACTATGTGGCTGA,116,542373
araCp,1.6470588235294117,43,16,AAAATTGGGGTTGTAGCTTA,27,596556
araCp,3.5,70,15,TTTACCGTCGCATCCGATAA,55,582843
araCp,5.625,104,15,TTACGGACTACGTTTCCCAA,89,546340
araCp,5.9375,109,15,TGTGTGTTGGAAGTGTTCTA,94,568576
araCp,5.5,102,15,TGTGTGCGGGACGGCATAAC,87,558157
araCp,18.0,302,15,TGGCTGCCTCGTGTGACTCG,287,588826
araCp,7.8125,139,15,TGGCAATGGCACGGGCTGTC,124,528796
araCp,20.0,334,15,TGGCAACATCGTCTCCAGTG,319,585451
araCp,0.1875,17,15,TGGATTCGCTCGATGTAAAT,2,560333
araCp,8.875,156,15,TGCTTCAAGTCCCACTACAA,141,595286
araCp,0.125,16,15,TGCGTGGAAAGTTGGTTAAT,1,528312
araCp,6.375,116,15,TGCCGAGCTTTAAGGTTTCA,101,530048
araCp,0.125,16,15,TGCACTTGCACGATTGGGAA,1,597771
araCp,2.9375,61,15,TGCAATACATCGATCTTGCG,46,559614
araCp,0.125,16,15,TGATATGGGTTGCCTACGAA,1,585700
araCp,6.375,116,15,TCTGTCCTCCCCAGACTCCT,101,585693
araCp,0.125,16,15,TCGAGTTGCAGGCCTAGAAT,1,571349
araCp,1.0625,31,15,TCGAGGCAGCCAAACACGTT,16,550021
araCp,3.5,70,15,TCAATCCGCACGTCTCCGAC,55,542769
araCp,6.6875,121,15,TAATCCTCGCGTGAAATTAA,106,556405
araCp,12.3125,211,15,TAATAGCTAAAATCGGCATT,196,564557
araCp,0.125,16,15,TAACTATAATCGACTACAGA,1,536396
araCp,28.1875,465,15,TAACCAACTCGGATGTCGAA,450,553235
araCp,5.5,102,15,GTTCGAATACAAGCAAGGTT,87,574590
araCp,0.125,16,15,GTTATGCCCTGCCCAGTACG,1,537631
araCp,7.75,138,15,GTGTCCTGGTGATCATGGCA,123,555250
araCp,0.1875,17,15,GTCAGTCATGCTTATGGGCT,2,548910
araCp,3.3125,67,15,GTCAATTTGCCAGCGGACAT,52,572235
araCp,5.0,94,15,GTAGGACATGAAACCTGCTG,79,600480
araCp,6.5625,119,15,GGGTCAGCCCGAGTACGAAG,104,548412
araCp,1.8125,43,15,GGGGGCCAGCAGATCGGCGT,28,560455
araCp,10.5625,183,15,GGGCTATCCGCTGTAGACGC,168,600441
araCp,6.75,122,15,GGGCGTAGAGCAAGACAGGT,107,528497
araCp,12.875,220,15,GGCTGTAACATATAAGATTC,205,594856
araCp,1.6875,41,15,GGCGATCCCGCTACTGAACT,26,554174
araCp,6.5,118,15,GGCCTGTGGATCGATTCGTA,103,592438
araCp,24.3125,403,15,GCGTTCGGGTCCTTTACCTT,388,528799
araCp,0.125,16,15,GCGCGTGATTGTTCACCTTG,1,528069
araCp,0.125,16,15,GATCTATGTCTGCAAAGTCG,1,585243
araCp,3.8125,75,15,GATAAGATTGTTATCACGGT,60,561221
araCp,0.125,16,15,GACGGGTGCAACTGCGTGAA,1,584316
araCp,0.125,16,15,GACCGTAGAACAATTGTGTC,1,525951
araCp,2.625,56,15,GAACGAAATTGACAAGCACA,41,560184
araCp,23.75,394,15,CTTCAGTCAAATAAACTTAT,379,528488
araCp,0.125,16,15,CTGACAGGTTCTGGGGATAG,1,534060
araCp,0.125,16,15,CTCCCCACAGGGCATTTCTG,1,587169
araCp,11.3125,195,15,CTCCACTGTCCGTTCTCACG,180,585685
araCp,0.125,16,15,CTCATCTGACACAGACTATG,1,542562
araCp,3.5625,71,15,CTATGTTCTACAGTTGGACT,56,541777
araCp,0.125,16,15,CTAAAAGGGGTTCAGGGTGT,1,572304
araCp,6.3125,115,15,CGGGCCACTTTAAGCATATA,100,549029
araCp,4.75,90,15,CGCGGGCTGATCTGACGGAA,75,547022
araCp,2.0625,47,15,CGCGGCAAGCCTCTGGCGGT,32,592376
araCp,13.125,224,15,CGATGCAATCGGGAGATGCC,209,562117
araCp,0.125,16,15,CGAAATTTTAGGATGTTTGA,1,556416
araCp,2.875,60,15,CCTGTGTATGTGTTAGGAAC,45,567063
araCp,10.9375,189,15,CCTGTCCCGCTCGTACGAGT,174,594830
araCp,7.625,136,15,CCGAACGAGCCCTGACGAGC,121,571992
araCp,8.125,144,15,CCATATGGGACTCCGACCGG,129,541993
araCp,2.1875,49,15,CATTACTGAGAGGGTATCCA,34,546141
araCp,13.125,224,15,CATGATTCAGGATAGGTTCC,209,597789
araCp,0.125,16,15,CATCTGTTTCGGGGGGGGCG,1,567630
araCp,3.8125,75,15,CAGTCAATAGCAGAGTAGGA,60,565584
araCp,0.125,16,15,CAGTAACCACACAGGCTCAA,1,593316
araCp,5.125,96,15,CACTGAGTTGGGCATCATAC,81,602154
araCp,0.125,16,15,CACTAAAGAGGGGTACAGGG,1,553996
araCp,0.1875,17,15,CACGGTTCGAGATAGGGAGT,2,578013
araCp,16.8125,283,15,CACGCCCGACCTTCGACAGA,268,575305
araCp,0.1875,17,15,CACATACTCTTTTCCGGTTT,2,548459
araCp,6.5,118,15,ATGTGGGTGCTAGACCTGCT,103,586307
araCp,0.125,16,15,ATGTCATCCTGTGGCGCTTC,1,594678
araCp,2.0625,47,15,ATGCCAGGCTCGACGCCGTA,32,585133
araCp,0.125,16,15,ATGCAGACAGCATATTTGGA,1,542557
araCp,11.875,204,15,ATGATATTTTCGCGCATCTT,189,569052
araCp,6.0625,111,15,ATCAGTTTGTGCTAAACTCT,96,581771
araCp,15.25,258,15,AGTTGTACTACCCAAGAAGC,243,584441
araCp,0.125,16,15,AGTTCCAGTAGGAGATTATG,1,589066
araCp,0.125,16,15,AGCAGACTGCTATTTAAGCG,1,593538
araCp,6.9375,125,15,AGATGTCTAATAGTATCCGA,110,541339
araCp,5.4375,101,15,AGAGTGCGCCTAGTTGACAC,86,528672
araCp,6.0625,111,15,AGAGCACCGGACCGTCAACT,96,590753
araCp,0.125,16,15,ACGTCTAATTGGGGGACCCT,1,584949
araCp,7.375,132,15,ACGCGGAAGTTACGGGTAGT,117,587833
araCp,0.125,16,15,AATAACATGAGAAGAGTTCT,1,535569
araCp,0.125,16,15,AAAATAAGTAAAAGAAGCCA,1,585026
araCp,7.466666666666667,125,14,TTGACAGTGCTACCTTCTCC,111,544727
araCp,0.13333333333333333,15,14,TTACTGGGATGATCCGGTGA,1,574180
araCp,5.266666666666667,92,14,TGTCTTCATCGAGCCTCGGT,78,603435
araCp,0.13333333333333333,15,14,TGTCAAACTTAGGACAGATT,1,533664
araCp,0.13333333333333333,15,14,TGCTGAAGCCTTATTCTCCT,1,589620
araCp,0.13333333333333333,15,14,TGAGATTCTTTCGGGGGCAG,1,582147
araCp,0.13333333333333333,15,14,TGACGCTTTCATCCATCGGC,1,587257
araCp,6.0,103,14,TCTTTGGGAAATGCCCCGGT,89,539140
araCp,6.666666666666667,113,14,TCGTCACTGTTCTTACTTTG,99,546424
araCp,0.7333333333333333,24,14,TCCGCTACACCATTACCTCG,10,552119
araCp,0.13333333333333333,15,14,TCCCTGGCCGGCCATCTTTA,1,566336
araCp,2.933333333333333,57,14,TCCAAATAGGTTTGATCGGA,43,540013
araCp,6.066666666666666,104,14,TATCCGATGGAAATTGTCGT,90,526277
araCp,5.666666666666667,98,14,TAGGACGTAAGGCAACGCGA,84,582120
araCp,1.9333333333333333,42,14,TAGACGGCGGCTTCGAACTG,28,581117
araCp,7.333333333333333,123,14,TACCGTTGACCGATTTCCAT,109,539196
araCp,2.3333333333333335,48,14,TAAGGGGAGTCGCAGGTATA,34,538080
araCp,4.066666666666666,74,14,TAAATTTTAAAAGCCCCGGC,60,533841
araCp,7.0,118,14,GTTCGGCAGCACACCAGCCG,104,535591
araCp,6.666666666666667,113,14,GTTAAGCCTAAGCAATTTGC,99,586502
araCp,6.066666666666666,104,14,GTGGCTGCTAAAGGGTGGCC,90,555916
araCp,7.066666666666666,119,14,GGCCTCTATCGCAGGAGGCA,105,587224
araCp,0.13333333333333333,15,14,GGCATTGTCAAGCGTGGGCT,1,557817
araCp,7.2,121,14,GGCACACCAGGGCTTGGGAA,107,544013
araCp,0.13333333333333333,15,14,GGAGTTAACTAGCTCCCATT,1,589070
araCp,7.066666666666666,119,14,GGACCTCCCCTGTATCTAAT,105,596398
araCp,0.13333333333333333,15,14,GGACCATAATCCGGTGAATA,1,597790
araCp,0.13333333333333333,15,14,GCTAAGACATGTGAAATGTG,1,552549
araCp,0.13333333333333333,15,14,GCGAGTAGTAACCGTGAGTA,1,603618
araCp,0.13333333333333333,15,14,GCCTACTCGACCCGCACGTA,1,595158
araCp,12.733333333333333,204,14,GCCATTTCCGATCCCCGCCT,190,548796
araCp,0.13333333333333333,15,14,GCAGTGAGCTGGTTTCCGTT,1,542912
araCp,5.466666666666667,95,14,GCACGATGAGCTTACATATG,81,586258
araCp,8.0,133,14,GATTCTCACATCCTAAAAGC,119,560735
araCp,7.133333333333334,120,14,GAGGTGCAATCGACATGCAT,106,584438
araCp,4.466666666666667,80,14,GAATGGGTGGTAGGCCAATT,66,584295
araCp,0.13333333333333333,15,14,GAAATGGTATTAGCGAGCTC,1,584451
araCp,10.8,175,14,GAAAGGCCTAGTGCGTGACA,161,547010
araCp,0.13333333333333333,15,14,GAAAAGCCCCATGGAGGCCT,1,580644
araCp,7.6,127,14,GAAAACAGCCACTCGTAACC,113,557920
araCp,7.666666666666667,128,14,CTTGAATGGGATGCGTAGTA,114,550554
araCp,18.333333333333332,288,14,CTGGTGGGCCGACAAGCAAT,274,576381
araCp,7.466666666666667,125,14,CTCTGAACATAGATTCCTAC,111,554937
araCp,2.3333333333333335,48,14,CTCTCCTCTTCCAGTCATTA,34,543061
araCp,0.13333333333333333,15,14,CTACTGCTTCGCCACTGTCC,1,549296
araCp,6.4,109,14,CTACACTAAGCTGCTGGTGA,95,535500
araCp,3.933333333333333,72,14,CGTGACTTGGGCCGAGATCT,58,554398
araCp,0.13333333333333333,15,14,CGTATGGGGCAATCCTGCAG,1,593558
araCp,7.266666666666667,122,14,CGGGGCTGTATTCCTAAATC,108,587656
araCp,3.6,67,14,CGGGCTCTGAAAACAGCTCG,53,603025
araCp,7.8,130,14,CGAGCCTCAGACAATTTCAT,116,576862
araCp,2.466666666666667,50,14,CCTTCGTATAATGTAACTAT,36,573693
araCp,3.8666666666666667,71,14,CCTGTTGCCTAGGTGGGGAG,57,551055
araCp,6.4,109,14,CCTCCAAAGCAGGTGGACAT,95,602124
araCp,18.733333333333334,294,14,CCGTTGGCGTTGCGGTGAAT,280,592859
araCp,0.13333333333333333,15,14,CCCATCAACCGATCCTGTGC,1,576111
araCp,4.133333333333334,75,14,CATGTGCTCTGTGACCCTCA,61,571987
araCp,21.2,331,14,CACGAATGTCAGCGTAGAGT,317,528788
araCp,1.2,31,14,ATTCTCAGTCTATCGACCAA,17,585205
araCp,8.133333333333333,135,14,ATGGCTAGCCAAGGGGAGGG,121,556638
araCp,7.533333333333333,126,14,ATGAGGGCGAGTCAAGTGCA,112,561848
araCp,11.066666666666666,179,14,ATCTCTTCGCACAGCCACAA,165,540043
araCp,0.13333333333333333,15,14,ATCTAATTAACTAACGTCCC,1,551750
araCp,13.266666666666667,212,14,ATCCACGGCCATCAAGAGGT,198,560656
araCp,0.13333333333333333,15,14,ATCACCACATGCCCAGAGTG,1,531871
araCp,0.13333333333333333,15,14,ATACATAACAGGGGTACAAT,1,567995
araCp,0.13333333333333333,15,14,AGTGAAAATGGACGATAGTC,1,567612
araCp,0.13333333333333333,15,14,AGGTGCTTAGGCGGAGGATC,1,602506
araCp,3.8666666666666667,71,14,AGGGTCAGGTTGCCAAACGC,57,529375
araCp,0.13333333333333333,15,14,AGGCACAGTTGAAGCTATGA,1,574596
araCp,1.4666666666666666,35,14,AGATATCGTTACCATAAACT,21,593314
araCp,1.5333333333333334,36,14,AGAACTTAGCACCCCGCCTT,22,530667
araCp,6.2,106,14,ACTTATGCCAATGCGTTGTG,92,544626
araCp,2.0,43,14,ACGAACAAGCAATCCATCAA,29,562498
araCp,5.533333333333333,96,14,ACCGGACGTCGCACCTTGGT,82,558427
araCp,5.866666666666666,101,14,ACCGACTTCGGGACGACAAT,87,560739
araCp,6.533333333333333,111,14,ACCATCTGGCGGGTACTAGA,97,529900
araCp,0.13333333333333333,15,14,ACCAAGAATTGGCCGTAAAT,1,536856
araCp,3.933333333333333,72,14,ACACGATCGTGAACGGTGAC,58,558713
araCp,5.066666666666666,89,14,AATCCGATCCGCGATCCGCC,75,593490
araCp,3.6,67,14,AATCAAAGGTGGTTGCACAC,53,560724
araCp,0.13333333333333333,15,14,AACGAGAATTTCCCTTACTT,1,574866
araCp,1.5333333333333334,36,14,AAAGTCAGCGTGGCCTCTCA,22,588241
araCp,6.066666666666666,104,14,AAAGAGGTCGGGCTCCAATT,90,584315
araCp,13.733333333333333,219,14,AAACCCTATTGGCTAGCGCT,205,534624
araCp,1.6666666666666667,38,14,AAAAGGAACTAATGTTACTA,24,541094
araCp,6.428571428571429,102,13,TTTGGTGATCGATCGGTAAT,89,550028
araCp,0.21428571428571427,15,13,TTTGCTTTCGCGCGACTCGG,2,544715
araCp,1.5714285714285714,34,13,TTTCGCGGCAAAGCATTTCC,21,601361
araCp,17.285714285714285,254,13,TTTCCCTCACCTATAATTGC,241,579117
araCp,0.14285714285714285,14,13,TTTCACAATCGGGATGTTCG,1,546168
araCp,0.14285714285714285,14,13,TTGGGTGGTATCGTTCGCTT,1,576986
araCp,0.14285714285714285,14,13,TTGCCAATTGCTCCTGGTCT,1,602298
araCp,6.857142857142857,108,13,TTCTAAGAGTACCCTGACGG,95,540217
araCp,17.142857142857142,252,13,TTATATGAGGGGTCTGGGTC,239,601979
araCp,11.357142857142858,171,13,TGTTGTTAATCCTCAACCAT,158,556639
araCp,3.7857142857142856,65,13,TGTGTCTAGGCATTCTGGTT,52,533873
araCp,7.785714285714286,121,13,TGTGCGTAGGGGACTACGAA,108,595058
araCp,3.2857142857142856,58,13,TGGTTCGGGAGATCAAGTAA,45,594277
araCp,6.214285714285714,99,13,TGGGCTTTGACGACAAGGGC,86,534989
araCp,7.642857142857143,119,13,TGGATCTGCGGGGCGGTGAT,106,562843
araCp,0.14285714285714285,14,13,TGGAGGCCAAGTATGTGCTC,1,553883
araCp,19.285714285714285,282,13,TGGACTATGGTTGTAAATAA,269,558382
araCp,0.14285714285714285,14,13,TCGAGACTAAGGAGGAATGT,1,525927
araCp,4.642857142857143,77,13,TCGACCCCGCTAATGCAACA,64,536857
araCp,5.642857142857143,91,13,TCCGTGATCCTGGACAATCA,78,597008
araCp,4.357142857142857,73,13,TATTAGGGGATGCTCAGTCG,60,580690
araCp,16.785714285714285,247,13,TATGTAGGTTCGATACTTCT,234,569896
araCp,0.14285714285714285,14,13,GTCTTTGCCGCTGTAGGGTA,1,579107
araCp,6.0,96,13,GTCCCAGACGCCTTATATTC,83,581852
araCp,4.642857142857143,77,13,GTAACGGGCTTGCCTTTCAC,64,598933
araCp,8.642857142857142,133,13,GGTCGATACAGAAGTTAGGT,120,570329
araCp,0.2857142857142857,16,13,GGTCACCCTATTAAGAGCCT,3,594100
araCp,4.642857142857143,77,13,GGGTCAGGTTTTTATCGGTT,64,530898
araCp,17.214285714285715,253,13,GGCCGAGCCATTAAGCACGT,240,528956
araCp,8.0,124,13,GCTTTATAAACCAGAATACC,111,593588
araCp,0.14285714285714285,14,13,GCTTCCACTTTGACTGCGTG,1,554349
araCp,0.14285714285714285,14,13,GCTGGAAACGGGGGCACCTC,1,593076
araCp,13.785714285714286,205,13,GCTCAGATCTACAGGAGGCC,192,561553
araCp,7.0,110,13,GCCAGTCAGTTACGGCCCGC,97,544806
araCp,0.14285714285714285,14,13,GCCAAAGAATAAAGCCCAAG,1,559864
araCp,0.14285714285714285,14,13,GATTCGAGCTTGAGAGGGTC,1,601804
araCp,0.14285714285714285,14,13,GAGTCATGCCGCACGAACAC,1,545319
araCp,5.214285714285714,85,13,GACTACGGCAGAGTGATCGC,72,546277
araCp,0.14285714285714285,14,13,GAAGAACCTAGCGTATTCCT,1,563481
araCp,4.857142857142857,80,13,CTTCGATTTGTTACACAGCT,67,529254
araCp,0.14285714285714285,14,13,CTGAAACATCAATCACGGAG,1,557919
araCp,9.142857142857142,140,13,CTCTTAGTGGAAGGGTCTGA,127,558819
araCp,6.857142857142857,108,13,CTCGTTTCGTTCGACTGGAG,95,560192
araCp,17.714285714285715,260,13,CGTAATTCGGAGCTCGATCA,247,574534
araCp,0.14285714285714285,14,13,CGTAAAGTGGGGAATTGAAA,1,546849
araCp,3.4285714285714284,60,13,CGGTAAACCCTCAAGCGTAC,47,594832
araCp,5.357142857142857,87,13,CGGAGGCCTCCTTATAAGAT,74,577725
araCp,0.14285714285714285,14,13,CGCTCCTAACCTCGGGCGCG,1,580970
araCp,0.14285714285714285,14,13,CGCAAGTAACGGTAACCCAC,1,600980
araCp,8.428571428571429,130,13,CGATACGAAGGCCGAGCCAA,117,580800
araCp,5.785714285714286,93,13,CCTTGATTTAGTGTTTTCTA,80,561184
araCp,0.14285714285714285,14,13,CCCTATGGGTTGATGGAATT,1,578511
araCp,0.14285714285714285,14,13,CCATTCCAGTTCGGGAGGAG,1,564162
araCp,0.14285714285714285,14,13,CCATATGTGTACTGCACATC,1,598030
araCp,4.142857142857143,70,13,CCAATGGTTAAACATTCTAG,57,546121
araCp,3.642857142857143,63,13,CCAATATTTAAGCTGCTATT,50,602091
araCp,4.928571428571429,81,13,CATTTTCGATCGTTACTCCT,68,556350
araCp,6.642857142857143,105,13,CATGGGGGAGAATTGATATG,92,527817
araCp,44.285714285714285,632,13,CATAGGTGCGTTGCACCGCG,619,531344
araCp,0.5714285714285714,20,13,CAGTTTCGGTCGCAAACCTT,7,581861
araCp,9.0,138,13,CACTATGGCTATTTTTCCAT,125,530119
araCp,4.571428571428571,76,13,CACCGCCTTTGTCAGCGCGG,63,592729
araCp,0.14285714285714285,14,13,CAATCTGTGAGATCGAGAGG,1,540390
araCp,5.214285714285714,85,13,CAAGTTCCAAAGTCCTAGCG,72,568056
araCp,0.14285714285714285,14,13,CAAGCGTCGGATATTCGCAG,1,549059
araCp,2.9285714285714284,53,13,ATTCTAGGGGCTAAGTCAGA,40,547840
araCp,7.785714285714286,121,13,ATTAGATTTACTTATACTGA,108,586675
araCp,5.285714285714286,86,13,ATTACCGTGCCCTGCTCGAA,73,541334
araCp,0.14285714285714285,14,13,ATTAATATCGCAGATCGCAT,1,526056
araCp,9.0,138,13,ATGGTAATCGAATTCGCGAG,125,533126
araCp,0.14285714285714285,14,13,ATCCGAAATAGCACTGAAAG,1,564269
araCp,0.14285714285714285,14,13,ATACTGTCTCGTCCAAGGAT,1,575430
araCp,6.714285714285714,106,13,ATAAGTTTAATTAATTTGTT,93,601230
araCp,0.5714285714285714,20,13,ATAAATGCGGCTTGGTCTCT,7,548774
araCp,0.14285714285714285,14,13,AGGTAACAGCATCACACCCT,1,601121
araCp,2.0714285714285716,41,13,AGCCGTTCTGGACCGAATTC,28,577365
araCp,4.285714285714286,72,13,AGACTTCCCGCCATGGCGAA,59,573871
araCp,0.14285714285714285,14,13,AGACCGCCATACCAAAGTAT,1,546193
araCp,0.14285714285714285,14,13,ACTGGGAAAGCCTCCAATCG,1,546422
araCp,5.0,82,13,ACTCGATACTATTGTTGTCT,69,591458
araCp,0.14285714285714285,14,13,ACGTTCCAGCAAGAGCCCCC,1,579865
araCp,0.14285714285714285,14,13,ACGCCCAGGTAGGAGTCGGG,1,586151
araCp,9.0,138,13,ACCCGCTACCGCCCTGGAAT,125,601793
araCp,1.9285714285714286,39,13,ACCAACCGTATGGTCAATGA,26,577500
araCp,2.142857142857143,42,13,ACACGGCACAGCTGTGTCTA,29,593600
araCp,8.428571428571429,130,13,AATTTCTACATACGTGGATA,117,546528
araCp,4.785714285714286,79,13,AATTGATAGGCGCTCTCCAG,66,579204
araCp,0.14285714285714285,14,13,AATTGAGTCCTAACCAGGTT,1,570998
araCp,9.5,145,13,AATAGGGCGTACTGTAACTG,132,569588
araCp,0.14285714285714285,14,13,AATAGGATTTAACTCCGCGT,1,578882
araCp,2.357142857142857,45,13,AAGCGGAAAGCAGGAGAAAC,32,541537
araCp,0.14285714285714285,14,13,AACGGATTATCTGTGCCCGT,1,584971
araCp,12.214285714285714,183,13,AACCGTGCACGTGGGCCGAC,170,553037
araCp,5.0,82,13,AACCGGCGGCCAGACTGGAA,69,537089
araCp,5.642857142857143,91,13,AACCCGATCCTGTAAATACT,78,576804
araCp,8.857142857142858,136,13,AAAGGTAGTAGTAAGCTGGT,123,590920
araCp,8.923076923076923,127,12,TTGCCGTACGACTATCTATA,115,571127
araCp,5.230769230769231,79,12,TTCGGAGTGTGTGCCTCATG,67,531213
araCp,0.5384615384615384,18,12,TTACTTACGGAACCCAGCAA,6,546338
araCp,0.15384615384615385,13,12,TTACCGGACCTGTACTTGAA,1,534162
araCp,6.230769230769231,92,12,TGTTTCACTTCGTTGTGTTA,80,526264
araCp,9.076923076923077,129,12,TGCGGCAGGCTTCGTCTGTG,117,546465
araCp,1.1538461538461537,26,12,TCTTTAACTTTACGTCGTAG,14,574792
araCp,1.0769230769230769,25,12,TCTTATGGCAGCATAGGCGA,13,537776
araCp,6.0,89,12,TCTGAATATCAACATACCGA,77,540588
araCp,0.23076923076923078,14,12,TCCTTCAACATGAACTAAGC,2,530612
araCp,0.15384615384615385,13,12,TCCCGATATCCGTCCGTCAA,1,553485
araCp,4.6923076923076925,72,12,TCCAGGAGGGCTGGTGGCGT,60,568339
araCp,7.384615384615385,107,12,TAAACTGTTGCACCATGGCA,95,538134
araCp,3.6923076923076925,59,12,GTTCGCGGCGATCACCCCCT,47,561129
araCp,6.923076923076923,101,12,GTTCAGGTAAGATGCCAGGA,89,572195
araCp,6.3076923076923075,93,12,GTTATACTTCTGCGAACTTT,81,571383
araCp,0.15384615384615385,13,12,GTCAAAGTTCCCACAAGCGT,1,597060
araCp,5.3076923076923075,80,12,GTATGAAAAGGGCTTTGTCG,68,599389
araCp,9.615384615384615,136,12,GTATACTGTCGGTAAGTCCA,124,533113
araCp,3.6923076923076925,59,12,GTATACGAATTCCTCATTCA,47,579403
araCp,8.0,115,12,GTAGCCCGTAGTGAATGTCA,103,596653
araCp,4.153846153846154,65,12,GTAATGCGTGGCTACGCACT,53,556636
araCp,0.15384615384615385,13,12,GGTTCGGTGCCTTAGATTGT,1,586967
araCp,4.6923076923076925,72,12,GGGTGTGCACGACGACGGCG,60,559618
araCp,7.461538461538462,108,12,GGGGACAATTCTGTGCGATT,96,592442
araCp,9.076923076923077,129,12,GGATAACTTTTAGGGTGAAG,117,584310
araCp,2.923076923076923,49,12,GGAAGCAGTAGCCCAAGGAC,37,554292
araCp,0.15384615384615385,13,12,GCTTTCCTGGGATTGTCTCG,1,564866
araCp,9.076923076923077,129,12,GCGTCCCCTCACTGTTCTCC,117,556703
araCp,0.15384615384615385,13,12,GCGTCATTGTTAGGGAAGCA,1,592222
araCp,8.615384615384615,123,12,GCCACGTGCTACACGGGTTC,111,557156
araCp,0.15384615384615385,13,12,GCAAAAACCAGGTCTTCCCT,1,591049
araCp,0.15384615384615385,13,12,GAGGTTTCCATGCGGGGTGA,1,563852
araCp,0.15384615384615385,13,12,GAGCAAAACGCGTAGAAGGT,1,544048
araCp,7.0,102,12,GACTGTTTCTACTAGAGATG,90,595343
araCp,0.15384615384615385,13,12,GACTCCTGCAGTCGTACTGG,1,589207
araCp,3.230769230769231,53,12,GACGTTAGCCAACATAACCC,41,583871
araCp,18.23076923076923,248,12,GAATCTGTGGTGATCTTATT,236,603643
araCp,6.6923076923076925,98,12,GAAATGTCTTTGGTTAGTTA,86,587842
araCp,0.15384615384615385,13,12,CTTACTTTTGAATGTATATA,1,561783
araCp,33.23076923076923,443,12,CTGTCCATGGGTATCGGAAA,431,528794
araCp,4.538461538461538,70,12,CTGGTAAAGGGTGGGTAGTT,58,558401
araCp,9.076923076923077,129,12,CTGCGCTGGTGTTAAAGCGC,117,561140
araCp,0.15384615384615385,13,12,CTGCCTGGCCCTACCTCTTC,1,555802
araCp,0.15384615384615385,13,12,CTGAGTTAGTACATGAGAAG,1,544055
araCp,2.5384615384615383,44,12,CTGAACGGTTCGGTAGAATG,32,588761
araCp,5.153846153846154,78,12,CTCACTATTGAGAGTGACCT,66,555822
araCp,4.3076923076923075,67,12,CTAGAAGGAAGCCACGCTCT,55,569215
araCp,2.0,37,12,CTAAATCGGGTTGTTTGTTG,25,575084
araCp,1.0769230769230769,25,12,CGTAACCGTAAGTCGGACAA,13,600018
araCp,0.15384615384615385,13,12,CGGTTAGGGCACACTCGCAT,1,532240
araCp,0.15384615384615385,13,12,CGGTAAGGCATAAACGCATA,1,566573
araCp,0.15384615384615385,13,12,CGGGTCACATTAAGTAGGGT,1,580919
araCp,11.692307692307692,163,12,CGGGGTTCTAGCATCCTCTG,151,575333
araCp,1.6153846153846154,32,12,CGCTAGCCATCCCCTCGTAT,20,538229
araCp,0.15384615384615385,13,12,CGCATTCCTGCCATGGGCTA,1,534858
araCp,14.923076923076923,205,12,CGACTCGATCTTGTTTACCT,193,574592
araCp,8.76923076923077,125,12,CCTTGTTCGGCCCCATTAGA,113,571140
araCp,8.538461538461538,122,12,CCGGTATGGAGTCTGTGAGT,110,591756
araCp,0.15384615384615385,13,12,CCGCCCTCTACACCCGGCGA,1,563344
araCp,6.3076923076923075,93,12,CCGCAGTGGGTTTCTGCACT,81,558247
araCp,10.0,141,12,CCCTTGGGTGAACCTTCGGA,129,532857
araCp,0.15384615384615385,13,12,CCCCGCCTCTGACCAGAGAG,1,599545
araCp,10.538461538461538,148,12,CCAACAGGCCCGATTGCCCG,136,563727
araCp,0.15384615384615385,13,12,CAGTGGCACAGCTATTGACG,1,545743
araCp,16.846153846153847,230,12,CAGCTTACATAGCTGGTAAT,218,591763
araCp,5.461538461538462,82,12,CACTTCCTCCATGGTTTACG,70,577976
araCp,0.15384615384615385,13,12,CACAGTTTCATCGTTTATCC,1,541807
araCp,6.384615384615385,94,12,CAAGGCCTCGGTACGATTAA,82,564053
araCp,0.15384615384615385,13,12,ATTGGTTAGGCACTGAGAGG,1,580018
araCp,0.5384615384615384,18,12,ATGTACCCAAAGGCTGATAG,6,583479
araCp,2.6153846153846154,45,12,ATGCCTATTGCCCAATATGC,33,586826
araCp,2.4615384615384617,43,12,ATGCAGGATACGCGACCAAT,31,565982
araCp,0.15384615384615385,13,12,ATCATTTACACGCTGTAGTT,1,574527
araCp,6.538461538461538,96,12,ATATGTCCAAGAACCGTCGT,84,554617
araCp,8.538461538461538,122,12,ATAGGGAGCAACTACAATTG,110,534432
araCp,8.615384615384615,123,12,ATAGCGGCGGTACTCAGCGT,111,588441
araCp,3.769230769230769,60,12,ATACATAGTACCCTGACCTT,48,576896
araCp,0.15384615384615385,13,12,AGGGGATTCAAACAGTGCCT,1,597682
araCp,0.3076923076923077,15,12,AGGGAGAGAACATGGTACTT,3,528980
araCp,0.15384615384615385,13,12,AGCTTGCGTCATCCTAAATG,1,541346
araCp,2.769230769230769,47,12,AGATCCTCAACGGGCAACCT,35,575369
araCp,5.153846153846154,78,12,AGACTTACGAGGATACCCCC,66,578881
araCp,6.6923076923076925,98,12,ACTCACGTGGGGAGCTCATC,86,544752
araCp,1.7692307692307692,34,12,ACGGGTCGATCTTCTCATTA,22,530237
araCp,8.846153846153847,126,12,ACCTGTTTGAGCCAAACGTT,114,594337
araCp,9.846153846153847,139,12,ACCTAACATGCCCGGTAAGT,127,589551
araCp,23.615384615384617,318,12,ACCGTGAGGGGCGTTCTGCT,306,576357
araCp,5.230769230769231,79,12,ACCGAGTTTGTGGGATCGTG,67,584318
araCp,7.615384615384615,110,12,ACCAAAGCGTAACGGTACCC,98,571243
araCp,6.538461538461538,96,12,AATCTCGGTACCCTTCATTG,84,572734
araCp,0.15384615384615385,13,12,AAGTTAAATCTTCTGTCCAT,1,576517
araCp,5.615384615384615,84,12,AAGCCGGGTGGCATCAAGAC,72,526229
araCp,3.8461538461538463,61,12,AACCTTTCCAAACACGTGAA,49,574667
araCp,17.53846153846154,239,12,AACCTGCGGGGGCAGCTGAG,227,541525
araCp,0.15384615384615385,13,12,AACCGCTTAAAGCCAACGAA,1,590133
araCp,5.083333333333333,71,11,TTTTCCTGCTCCGTACCAAC,60,584150
araCp,3.0833333333333335,47,11,TTTGCGTAAGCAGGGCATTT,36,541431
araCp,0.3333333333333333,14,11,TTGGCTGTATGTACTCATTC,3,568286
araCp,2.6666666666666665,42,11,TTCCGGTTCCGTCCCTCTCT,31,544670
araCp,9.25,121,11,TTACCTCGTATAACGAGTTC,110,598261
araCp,8.833333333333334,116,11,TTAAGTAAAGGGACATCCAT,105,527080
araCp,0.16666666666666666,12,11,TTAAATGTGGACTCACTGCT,1,534611
araCp,4.75,67,11,TGCTCTCTTTTGGGTGATTA,56,596448
araCp,0.16666666666666666,12,11,TGCACCACGGGACCTTGTCT,1,592702
araCp,0.16666666666666666,12,11,TGATTACCTATGGTTTCACA,1,566702
araCp,0.16666666666666666,12,11,TGAGTTTGGGCCGAGGTGCT,1,555310
araCp,2.6666666666666665,42,11,TGAGGTCGTATGTATCGAAT,31,554347
araCp,10.0,130,11,TCTTGGTAGGATGATGCCGA,119,596187
araCp,7.583333333333333,101,11,TCTGAGAGTTTAGGCGGATC,90,592319
araCp,12.083333333333334,155,11,TCTCTCGCGTGAATCAAGAA,144,560191
araCp,8.583333333333334,113,11,TCTATCGGGGATGATAGGGT,102,587243
araCp,0.16666666666666666,12,11,TCGAGGCAGGCTTAGTCATA,1,578844
araCp,0.16666666666666666,12,11,TCCTTGGATTCTGTTCAGGC,1,557397
araCp,0.16666666666666666,12,11,TATGAAAGACCGATTTTGAG,1,539320
araCp,0.6666666666666666,18,11,TACCCTGACAAGATCTGATC,7,528523
araCp,0.16666666666666666,12,11,TACAACTTGTAGTTCACGTG,1,538143
araCp,6.583333333333333,89,11,TAAGGGAGTCTATCGAGAGG,78,527566
araCp,0.16666666666666666,12,11,GTCTCTATGCTACGTTCATA,1,563480
araCp,9.5,124,11,GTCCCCCGAAATATTGTCCC,113,533012
araCp,9.583333333333334,125,11,GTCCATCGATATCGGCTTGT,114,527292
araCp,5.5,76,11,GTATTAGCATTTAATCGTTC,65,577275
araCp,0.16666666666666666,12,11,GTAACTGAATACGTTTGGGT,1,559872
araCp,4.0,58,11,GGTCGTCATGACAGCTCTTC,47,557342
araCp,22.666666666666668,282,11,GGTCACGGCGACGTGCCGAG,271,562463
araCp,0.16666666666666666,12,11,GGCTGCGAAAACCTATAAAT,1,558261
araCp,10.5,136,11,GGACCATGATCATTTGTATT,125,592574
araCp,9.333333333333334,122,11,GGAACTTGTCAATTCCGATT,111,578865
araCp,0.16666666666666666,12,11,GGAAACTTTATGCATGTGGT,1,536407
araCp,18.5,232,11,GCTCCTTACTGCATAGCCCT,221,579573
araCp,0.16666666666666666,12,11,GCGTATTGGTTCTTATACTT,1,569970
araCp,1.0833333333333333,23,11,GCGCGGAGCGTGAATTTAGT,12,588843
araCp,1.25,25,11,GCGCCAGGCCTCAAGAGTTA,14,600359
araCp,10.083333333333334,131,11,GCGAGTGGCTGCCCATATCG,120,548057
araCp,10.0,130,11,GACGGCACCTATACCTCCCA,119,593044
araCp,6.583333333333333,89,11,GACAGCTATATATCCTGAAT,78,546455
araCp,7.416666666666667,99,11,GAATTTGGACCAACTTAAAA,88,596057
araCp,6.75,91,11,GAACAACCACCCCTATCAGT,80,594844
araCp,0.16666666666666666,12,11,CTTAGCAGCAGGATTCGATA,1,554625
araCp,12.833333333333334,164,11,CTTAAACGGGAGTCCTACAA,153,560734
araCp,11.0,142,11,CTGAAAGCCGTTGTTGCCCC,131,567809
araCp,9.916666666666666,129,11,CTGAAAATCGTCTCCCCGCT,118,537352
araCp,11.5,148,11,CTAGGGCACGCCCCGCTCGA,137,541116
araCp,8.666666666666666,114,11,CTAGGCACACTGTGAAGTTT,103,594981
araCp,0.16666666666666666,12,11,CGTTCCCAATCTGGTAGATT,1,562164
araCp,6.25,85,11,CGTTCATAGAAAGGAAATAA,74,546439
araCp,10.5,136,11,CGGGGACCGGTACTAGATTG,125,583868
araCp,7.416666666666667,99,11,CGGGAGTTATATGTCGAGTA,88,537774
araCp,0.16666666666666666,12,11,CGGAGTCGGCTACTTTGAGA,1,531094
araCp,7.583333333333333,101,11,CGCGGCTCTCACCTCTCTGT,90,589991
araCp,6.5,88,11,CGCCCCATTCTGGATTATGC,77,544097
araCp,14.583333333333334,185,11,CGCATGGGGCGCAGTGTCCG,174,535903
araCp,17.916666666666668,225,11,CCTGGGATTCGGACATACCT,214,529722
araCp,4.916666666666667,69,11,CCTGGACTGGGTGCCCGGGT,58,585030
araCp,9.583333333333334,125,11,CCTAGTTAGATTCGTGGTTG,114,556688
araCp,0.16666666666666666,12,11,CCGAAGGTGGATCCAGCATA,1,563543
araCp,2.25,37,11,CCCTAAAGGGACTGTTTAGG,26,526267
araCp,2.8333333333333335,44,11,CATCCCACTAGGTGCGCCGA,33,541460
araCp,7.416666666666667,99,11,CATATAGAAACACCTACGAC,88,533035
araCp,5.666666666666667,78,11,CAGTAGATTGTGTCCTATGA,67,598891
araCp,8.75,115,11,CACCCGTACGAGCTGTTAAT,104,571625
araCp,0.5833333333333334,17,11,CAATTGCCCGGGGATGACTC,6,552064
araCp,25.25,313,11,CAAGCGGCAGTGGGCGATAG,302,528970
araCp,0.16666666666666666,12,11,CAAGATTTGTATGATGCTAG,1,555793
araCp,0.25,13,11,CAAATCGAAAGAGGCTCGCT,2,594686
araCp,8.166666666666666,108,11,CAAAGAGGGAGAAGATACCT,97,552692
araCp,4.75,67,11,ATGTTTTCCGAGGGCTTCGT,56,574487
araCp,0.16666666666666666,12,11,ATGTGCCAGACCACTTTTTT,1,569051
araCp,0.16666666666666666,12,11,ATGGGTTGGTGATAAACTCG,1,567240
araCp,4.666666666666667,66,11,ATGGGCCTAATAGGCCTAAT,55,580313
araCp,4.75,67,11,ATGATTCGCGATTAGCCAGT,56,568064
araCp,10.25,133,11,ATCGCATTAGGGGGTGCACG,122,577154
araCp,4.583333333333333,65,11,ATCCATAAGATACTTTTGTG,54,529332
araCp,0.16666666666666666,12,11,ATAGAGGTTCGTCAAAGAAT,1,566456
araCp,0.16666666666666666,12,11,AGTTCGTAAACGTCCCAGCG,1,528494
araCp,0.16666666666666666,12,11,AGTTCCCAGTGTGGTCCAGG,1,559677
araCp,11.5,148,11,AGTTAAAATGGCCCCATGCT,137,531327
araCp,0.16666666666666666,12,11,AGTGCTCGGGTCTGGCATAT,1,531762
araCp,0.5833333333333334,17,11,AGGCCCTCTATAAGTTGTTT,6,526796
araCp,0.16666666666666666,12,11,AGGAGGGATCCTTTAGGATT,1,533640
araCp,11.5,148,11,AGACGTGGGTTGATTAATTA,137,548772
araCp,0.16666666666666666,12,11,AGACCAGCTTCGTGACAAGT,1,533040
araCp,6.416666666666667,87,11,ACTTGATGTGCTAGAAGTAT,76,554800
araCp,0.16666666666666666,12,11,ACTGAACGCGGTTTACGATT,1,580076
araCp,7.083333333333333,95,11,ACTCGATGTTGCATGGGTTC,84,543962
araCp,4.666666666666667,66,11,ACTCCACGAAGTGACGGAAT,55,577155
araCp,5.25,73,11,ACGTTTTGGGCTATCTATGA,62,527759
araCp,4.75,67,11,ACGTTAGGGCGGCGCTCTCT,56,572426
araCp,9.5,124,11,ACGTGTCTGCGCGATTCTAT,113,541576
araCp,4.916666666666667,69,11,ACGTAGTTACACCTTGGCAA,58,532618
araCp,7.166666666666667,96,11,ACGGTAAGTCGCCCTCGCCT,85,602598
araCp,1.1666666666666667,24,11,ACATTTTCACTTCGGACAGA,13,574464
araCp,8.833333333333334,116,11,AACGAACTACCTACAAGGCT,105,601652
araCp,4.545454545454546,59,10,TTTTTTCACTCTCATCTCGA,49,537492
araCp,7.7272727272727275,94,10,TTTAGAACCGGGTAACCCGA,84,566139
araCp,4.636363636363637,60,10,TTGCTTTTATGCCTACCGGC,50,574562
araCp,3.8181818181818183,51,10,TTCTATCCGGCTTCATTGCA,41,548230
araCp,9.818181818181818,117,10,TGTTAATCGTAGGGCTCGTC,107,578086
araCp,2.6363636363636362,38,10,TGTGGTCCCTGTGCCCGGTC,28,564817
araCp,9.181818181818182,110,10,TGGGATTCCGCCCTACACTG,100,581617
araCp,9.363636363636363,112,10,TGCTTGACTACCTGTGAATG,102,541198
araCp,11.363636363636363,134,10,TGCAAATATTGATTATGACA,124,538852
araCp,3.8181818181818183,51,10,TGATTTGGTCCCTTAGTTGT,41,556963
araCp,8.818181818181818,106,10,TGAGCCTTGTTTTCAAGACT,96,587348
araCp,5.363636363636363,68,10,TCTGCATTCTCCTCGGGAGG,58,564810
araCp,0.18181818181818182,11,10,TCTCTTCGGGAAACGTCAGT,1,560621
araCp,5.090909090909091,65,10,TCTATTATTATGTTACGGCC,55,534232
araCp,3.3636363636363638,46,10,TCCTTGGCAGTGGGGTAGGG,36,588827
araCp,0.18181818181818182,11,10,TCCTGACCGACTTTGGGTTC,1,533732
araCp,0.18181818181818182,11,10,TCATAAGACATGGACTGCCT,1,576809
araCp,0.2727272727272727,12,10,TATTCTTACATAGTGCCCTA,2,577197
araCp,3.1818181818181817,44,10,TATGTAAGCTGGTAAAGGAT,34,530801
araCp,11.636363636363637,137,10,TATCGAAAGATTCCGCCATT,127,575986
araCp,0.18181818181818182,11,10,TATCATCACTCCATGTTGAT,1,583093
araCp,0.18181818181818182,11,10,TACCCCTGAATCTAGTAGTA,1,601103
araCp,7.818181818181818,95,10,TAACCAAAACTCGTCGCCAG,85,574945
araCp,6.818181818181818,84,10,GTTGCTCTCAGAGCGTCGGT,74,596529
araCp,0.18181818181818182,11,10,GTTAGTGTACGACCGCCTTC,1,559114
araCp,0.18181818181818182,11,10,GTGTTCACATTTCGATGTGT,1,593753
araCp,60.72727272727273,677,10,GTGTGGTGCCCAATGGATGA,667,535883
araCp,0.18181818181818182,11,10,GTGTGGGGGAGAACATTGAT,1,570120
araCp,4.2727272727272725,56,10,GTGCCACGACCGAAATGCCC,46,586262
araCp,7.090909090909091,87,10,GTGCAGTTAATGCCTATATT,77,532390
araCp,0.18181818181818182,11,10,GTGAACCCAAGTCTTAATCT,1,566333
araCp,13.181818181818182,154,10,GTCGGGAAACACGCTCGATT,144,532156
araCp,8.636363636363637,104,10,GTCGCGAGCACGGTATAACG,94,595259
araCp,9.545454545454545,114,10,GTCCGGTGCTGTTAGTTACT,104,526664
araCp,0.18181818181818182,11,10,GGTAGGCATTTATATCAGTT,1,565926
araCp,10.090909090909092,120,10,GGTAAAGCAATCAACGGTTT,110,591050
araCp,7.2727272727272725,89,10,GGGTTCTACGCACACGAGTT,79,549984
araCp,9.727272727272727,116,10,GGGCTTTTTGTCTAGTCCTC,106,583059
araCp,0.18181818181818182,11,10,GGGCGGACGTGATAAACTAA,1,602465
araCp,3.6363636363636362,49,10,GGGCAAGGCATTTACCTTAC,39,570775
araCp,2.1818181818181817,33,10,GGCGTGACAACTATCGGTGG,23,575438
araCp,22.545454545454547,257,10,GGAGCTCGATTAGGGCTCTC,247,550775
araCp,2.6363636363636362,38,10,GGAATCTGTAGCCACACCGC,28,536673
araCp,2.4545454545454546,36,10,GCGATCTGATTGATCTCGTC,26,540808
araCp,0.18181818181818182,11,10,GCCGGGGCTTACAAGGGATG,1,581159
araCp,6.909090909090909,85,10,GCCCTCCCTCTGGGGTAGAC,75,588272
araCp,7.545454545454546,92,10,GCCATACTAACCCACTTTGG,82,595302
araCp,0.18181818181818182,11,10,GCCATAATGCCAGGGACTTC,1,596516
araCp,7.818181818181818,95,10,GCCACGGAACAGAGCTACGT,85,599264
araCp,0.18181818181818182,11,10,GCACTTCGCGTACGCGCGTG,1,556856
araCp,10.454545454545455,124,10,GATTCTCCTGTAGCGAGACG,114,537424
araCp,0.18181818181818182,11,10,GATATCCACCACTGTAAGGT,1,542767
araCp,0.18181818181818182,11,10,GACGTTCAACTTGCCGAGTG,1,546339
araCp,0.18181818181818182,11,10,GAAAATTTGGACTCATCGTA,1,530455
araCp,21.363636363636363,244,10,CTGTCCCCCGGTGCGTGTAC,234,556692
araCp,7.454545454545454,91,10,CTGTATTTATAACGTGTACG,81,545509
araCp,5.090909090909091,65,10,CTGTATGTTCAAATGCTCCT,55,540650
araCp,0.18181818181818182,11,10,CTGTAAGGTTTATTTAAAGC,1,537544
araCp,12.0,141,10,CTGCGGCGAGGCAATTGAAA,131,584140
araCp,11.818181818181818,139,10,CTGCCGATTGGGAGCCTTAT,129,567465
araCp,6.363636363636363,79,10,CTCCGTAGCATTAGCTCAGA,69,546436
araCp,4.363636363636363,57,10,CGTAGTGAAATAGGTTTAAA,47,594860
araCp,8.090909090909092,98,10,CGGCTTAATGCGGCATCTTC,88,561682
araCp,0.18181818181818182,11,10,CGCGACGCCTCGATGGAGAT,1,545239
araCp,14.272727272727273,166,10,CGCCCTGAGGTCTGTCAAAT,156,546847
araCp,10.090909090909092,120,10,CGAATGTCCCCTATACTTTA,110,574398
araCp,0.36363636363636365,13,10,CCTCGGGTACTCGCGCACTA,3,586947
araCp,0.18181818181818182,11,10,CCTAACGAGCGAGTGGAGGA,1,578338
araCp,7.2727272727272725,89,10,CCGCACGGAGGCATGATGCG,79,530051
araCp,9.818181818181818,117,10,CCCTTGTGTGTTCCGGGAAT,107,566568
araCp,0.18181818181818182,11,10,CCCCCTAAAACTAGGCTCAA,1,586140
araCp,10.727272727272727,127,10,CCATTGGGGGAGTCGGCACA,117,572376
araCp,9.909090909090908,118,10,CCATTGGGACGGGTGTGATC,108,574271
araCp,3.1818181818181817,44,10,CCATACTTAAGTTTTTCTCA,34,581800
araCp,0.6363636363636364,16,10,CCATACTCCTTAACGTCCCC,6,552552
araCp,6.545454545454546,81,10,CATTGTATAGCTAACACCGT,71,534639
araCp,0.18181818181818182,11,10,CATCGCGTGACAGCTTGAAG,1,602297
araCp,8.636363636363637,104,10,CATCAGGCTCAGAGACGGTC,94,531972
araCp,7.0,86,10,CAGTTCATACTGCACTGTAG,76,586887
araCp,0.18181818181818182,11,10,CAGTTAAATCTTACGTTCTC,1,569058
araCp,4.636363636363637,60,10,CAGGCTTGGAGGAGACGACT,50,560533
araCp,0.18181818181818182,11,10,CAGGCACCGCAACTGAGATA,1,561182
araCp,0.2727272727272727,12,10,CAGCAACCTCACTGCCCTGA,2,533685
araCp,0.18181818181818182,11,10,CAGAGTCTATTTACTTGAAG,1,566266
araCp,0.18181818181818182,11,10,CACCGCGATATTCTTTGTAC,1,596569
araCp,5.2727272727272725,67,10,ATTTGCTGGGCATCAAGCAG,57,557823
araCp,12.545454545454545,147,10,ATTTGCATCGCATGCATGAG,137,559103
araCp,10.363636363636363,123,10,ATTCGGGTGCTGTTAATACT,113,538937
araCp,2.3636363636363638,35,10,ATGTTCCGGTCGAAAATCGC,25,570010
araCp,15.909090909090908,184,10,ATGGTGCTCGGCATGAGCCA,174,576876
araCp,0.18181818181818182,11,10,ATGGGTTTTAACCCAGGCTC,1,526050
araCp,5.363636363636363,68,10,ATATCTGATTCCTAGTCCAT,58,557585
araCp,0.18181818181818182,11,10,ATATAAACGCGTTCTATAAG,1,576906
araCp,11.636363636363637,137,10,AGGTATTGGAACCATACAAT,127,556982
araCp,5.090909090909091,65,10,AGGTAGATGTCTGCCTCATT,55,579907
araCp,0.18181818181818182,11,10,AGGGGGACTATGACTGGAAT,1,547975
araCp,0.18181818181818182,11,10,AGGAAGAGGGGGCAAGCCCA,1,567358
araCp,9.0,108,10,AGCTCCTTCTAACAGCCTAA,98,577401
araCp,0.18181818181818182,11,10,AGCTACTGTCTCCTTCGCGA,1,583391
araCp,0.18181818181818182,11,10,AGCAATGGTGTCGTTCTGCC,1,560658
araCp,0.18181818181818182,11,10,AGATCTAGGCCCTACTGATT,1,547229
araCp,0.18181818181818182,11,10,AGAGCGGTGCCTAAGTTAAA,1,555307
araCp,0.18181818181818182,11,10,ACTGAGTCGCAACTTACCTT,1,556437
araCp,9.909090909090908,118,10,ACTCGGACCCTATACAATAC,108,529500
araCp,8.363636363636363,101,10,ACTACTCATGAGCAGTCGAA,91,585392
araCp,0.18181818181818182,11,10,ACTACGCGTCGCTGTACTAA,1,582560
araCp,7.363636363636363,90,10,ACGTGATGTTATTCGCATAA,80,566018
araCp,0.18181818181818182,11,10,ACATCCGATGATAATGTTCG,1,529206
araCp,7.090909090909091,87,10,ACAAGGGCAGTACACTCGGT,77,551331
araCp,11.272727272727273,133,10,AATTCGCCTACTCTCCTTTC,123,529371
araCp,0.18181818181818182,11,10,AAGTCGTACTCATGACAGGC,1,578154
araCp,9.454545454545455,113,10,AAGGGCGTAGGGATTATTTA,103,534677
araCp,1.0,20,10,AAGCCTTGGCCCATCTTCTA,10,600671
araCp,0.18181818181818182,11,10,AACCGAAGTGCATGGCCGAT,1,529056
araCp,0.18181818181818182,11,10,AAATTTTCTGCGCCAAAAAT,1,537702
araCp,6.5,73,9,TTTCGACTCAGAATGGACCT,64,546203
araCp,8.4,92,9,TTTAATAGTCGTGAGGTGGT,83,560398
araCp,0.2,10,9,TTGTCCACTCTTGCCCACAT,1,540295
araCp,25.5,263,9,TTGGACCCTCGGCGACGCGA,254,526656
araCp,0.2,10,9,TTGCGGTAGGCAAGCCTACT,1,571506
araCp,14.0,148,9,TTGACCCGCCATTCGTTCTG,139,535887
araCp,2.4,32,9,TTCCTTGCCCTGTTTAGTTT,23,549857
araCp,8.3,91,9,TTAGCAAACCTGCCCTAAAC,82,574870
araCp,10.0,108,9,TTAACATAGCGGAGTTACAG,99,576467
araCp,12.0,128,9,TTAAAGTCGTCATCCCCAAT,119,568095
araCp,0.2,10,9,TGTTCGATCCCTACTCCGCT,1,561379
araCp,9.7,105,9,TGTTACGGCCCTAAATATAT,96,573729
araCp,12.1,129,9,TGGGCTCTATATTAGGCTCT,120,541222
araCp,26.3,271,9,TGGCAGAAGATAGAAGGCGA,262,542904
araCp,0.2,10,9,TGGACGTCACTCGCTGCTTA,1,557812
araCp,5.3,61,9,TGGACGGACGGACAGAGGGG,52,526889
araCp,11.8,126,9,TGCTTGGGGGACTGACGCGC,117,576875
araCp,8.0,88,9,TGACCGCCGCCGGAAGTCCA,79,546349
araCp,0.2,10,9,TGACAGCCTCTGTTATGTAC,1,525814
araCp,8.5,93,9,TCTTCACGTCGTGGTGCAAC,84,528805
araCp,8.9,97,9,TCTCAAATTAATCTATGCGT,88,596443
araCp,7.2,80,9,TCGATTTCCATATGAACGCA,71,592448
araCp,0.2,10,9,TCATAAAACGAGCGTGGGTA,1,582564
araCp,7.4,82,9,TCACAGTAGTTTGGTGATGC,73,545160
araCp,13.3,141,9,TATTATTTGCACAGGACTCA,132,538834
araCp,5.8,66,9,TAGCTAAAGTGTGAGGAACG,57,550289
araCp,8.7,95,9,TAGCGTCCCGTATCCGAGGC,86,601797
araCp,7.4,82,9,TAGCCAGCGCCTGACTTCTA,73,597824
araCp,4.0,48,9,TAGCATTAGCAAGTGGTTCG,39,596269
araCp,12.2,130,9,TACTGTCTTGTCCTCCGAAG,121,572798
araCp,0.2,10,9,TACTGTACATTAATGCGGCC,1,597871
araCp,0.2,10,9,TACGCATCCGCGACTCCAGC,1,579094
araCp,1.7,25,9,TACCGGCTATTCTCATTGAC,16,576557
araCp,17.6,184,9,TAAATTGGATCGAAACTTAC,175,535663
araCp,6.7,75,9,GTTGTTTGTAATATTTCGAA,66,550707
araCp,0.2,10,9,GTCTCATACCTCTCGGGCCG,1,586100
araCp,4.4,52,9,GTATACAAAAGACTGCATGG,43,540987
araCp,17.5,183,9,GTAGGGCAGCTACTAGACAT,174,530101
araCp,2.8,36,9,GTAACAGATCTTCCGAATAC,27,565302
araCp,0.2,10,9,GGTTGCAAGCCCGAAAGGAT,1,592371
araCp,0.2,10,9,GGTGCCCGCGCTTATCAGTT,1,568589
araCp,9.3,101,9,GGTATGCGAGACGGAAGCCT,92,596655
araCp,8.6,94,9,GGCTAACGGCTCGGTCGAGG,85,546251
araCp,6.3,71,9,GGCGGGCACCTTAAGGGGGG,62,552299
araCp,9.9,107,9,GGCCGGACCCAGGACTTCAG,98,577592
araCp,2.9,37,9,GGAGTGGTACGAGGGGTATA,28,588718
araCp,5.7,65,9,GGAGGGCGAGACTAAATGTT,56,566404
araCp,7.7,85,9,GGAAGAGGTGAGTGCCTATG,76,576800
araCp,7.1,79,9,GCTTTAACACGTGACAGCGG,70,601574
araCp,6.2,70,9,GCTCGTCTAAGGTAGGTATG,61,563820
araCp,11.7,125,9,GCGGCGCTCCAGGCTTGTGT,116,551471
araCp,0.2,10,9,GCGCCATTGCACATGGCGCT,1,540690
araCp,0.2,10,9,GCGACTGGTCTGACGGGATA,1,558413
araCp,8.5,93,9,GCGACCACACTGCAGTACTG,84,528825
araCp,4.1,49,9,GCCATTTGTGGATAACTCTT,40,575662
araCp,26.6,274,9,GCCAGAAAATATTGGGTGAG,265,593660
araCp,15.5,163,9,GCATACGTCCGGGCACTCCT,154,529185
araCp,4.8,56,9,GCAAAGTGGGAGAGCGACGC,47,529120
araCp,16.4,172,9,GATTTCTTACAGGCTGTTAG,163,602917
araCp,18.6,194,9,GATTAATGCCGACCCCGTAA,185,571620
araCp,9.4,102,9,GATGTCAAATGCGTCCTGTA,93,544955
araCp,11.0,118,9,GATCCGTACCATCGGGGTTG,109,568419
araCp,6.9,77,9,GAGCAGAGACTTAACCCTTT,68,536277
araCp,3.4,42,9,GACTTGTCTGCGTACCTAGT,33,589373
araCp,0.2,10,9,CTTCTAATCCGGTATTGTCA,1,547547
araCp,0.2,10,9,CTGACCTCGGGCCTGTGGTG,1,582758
araCp,3.4,42,9,CTCGGTATCCGACACAGGTG,33,561819
araCp,11.3,121,9,CTCCGAATCGCTTCGCACTA,112,561573
araCp,5.1,59,9,CGTTCACCATAGGAGCCGTG,50,525573
araCp,4.9,57,9,CGGGAGGAAGACGGGTTAAT,48,563684
araCp,12.1,129,9,CGGATGGTCACCTCTTTATT,120,546194
araCp,3.8,46,9,CGAGAGAGCACTAAGACATA,37,592459
araCp,0.2,10,9,CGACGTCTCTCAAGTGTCGG,1,584820
araCp,10.1,109,9,CCTTTTCACGATAGATTTTA,100,573766
araCp,0.2,10,9,CCGGCGGTACAGCAGCTTTC,1,568426
araCp,0.2,10,9,CCCTGCCATAGGGATTGCGC,1,555616
araCp,12.1,129,9,CCCTGAGTATGATCGGATCC,120,540341
araCp,8.2,90,9,CCCCTGATTGCAGATCTCGT,81,576879
araCp,0.2,10,9,CCATGACTTGATCGGTAAGA,1,540710
araCp,11.4,122,9,CCATAATGGATTTGCAGATT,113,558333
araCp,0.2,10,9,CCAACCACTGCTCGTCAGGA,1,571050
araCp,1.6,24,9,CATTACGAAAAGATTTTTGG,15,543814
araCp,0.2,10,9,CATGTTGCAAGAGGACTTGT,1,561302
araCp,12.5,133,9,CATAGGGCAATAAATCTCAA,124,553245
araCp,0.2,10,9,CACTCTCTTACGGTCGTGAG,1,574372
araCp,7.2,80,9,CACCGATCAGTAGAATGTGT,71,555973
araCp,7.2,80,9,CACAATCTTCAACCCGTCGT,71,602166
araCp,5.0,58,9,CAATCTTGAGCATGTTGGTT,49,544179
araCp,9.8,106,9,CAAGGCACGTACATAATGTA,97,562456
araCp,10.6,114,9,ATTAGGAGCTTCGCAGGTGG,105,593488
araCp,0.2,10,9,ATGGATCTTTATTAATGTCA,1,560717
araCp,10.4,112,9,ATGCTCCTAGATTGGGAAAA,103,574593
araCp,4.8,56,9,ATCTAACTTCCTTCGTCTCT,47,577343
araCp,10.9,117,9,ATATGTCCTTTAACTAAGTA,108,584142
araCp,11.4,122,9,AGTACCCAGGTGGGAATGGA,113,597517
araCp,31.0,318,9,AGGATCCATCTGACACGAAG,309,546843
araCp,5.7,65,9,AGCCTAAATATGGGCGTTGC,56,548349
araCp,3.1,39,9,AGCATATGAACGCGCACCTG,30,546131
araCp,13.9,147,9,AGATCACTATGGGTGCGCGC,138,544726
araCp,11.0,118,9,AGAGCTGGATATTCGTCGCC,109,530446
araCp,0.2,10,9,AGACGTTCTGTTCCTATCCT,1,562174
araCp,0.2,10,9,AGACCGTATACAGGATCTTA,1,563688
araCp,0.2,10,9,AGAAGTGGTCAATTAAGTTC,1,580929
araCp,10.4,112,9,ACTACCCGTAATTCCAAACT,103,547030
araCp,0.2,10,9,ACCAACGTGACGTTGGGGCT,1,540542
araCp,5.2,60,9,ACACATCATCCTTGGGGTAG,51,589992
araCp,2.3,31,9,AATACATTAGTTGAACCAGC,22,537261
araCp,0.2,10,9,AAGGCACTTACGCTTGGCGA,1,548180
araCp,24.8,256,9,AAGCGCTATAGTAATGATTA,247,565930
araCp,8.5,93,9,AAGAATCGCTGTCGAGTTCT,84,598648
araCp,16.4,172,9,AAAGGCCGAATCGATACAGG,163,541042
araCp,4.222222222222222,45,8,TTTTTATAGCGCACCTACTA,37,563564
araCp,1.3333333333333333,19,8,TTTTGGGATACCAAACTACA,11,555139
araCp,0.2222222222222222,9,8,TTGTTTCCTAATTATTGGAG,1,549198
araCp,7.333333333333333,73,8,TTGTCGGGAGTTTCTATCAG,65,570743
araCp,23.666666666666668,220,8,TTGGGCCGTTTCGTTTAACA,212,590060
araCp,0.2222222222222222,9,8,TTGATAGCTTCCGTGCATAC,1,593176
araCp,5.666666666666667,58,8,TTCGTTGGGAAAACGCATGC,50,591597
araCp,13.88888888888889,132,8,TTACTTGGCCCGTCTCGCGA,124,539162
araCp,0.2222222222222222,9,8,TGTACTCTACTTCGAATCTT,1,583731
araCp,12.777777777777779,122,8,TGGTCTCGCGCCCCCCCGCG,114,531143
araCp,0.3333333333333333,10,8,TGGCAAATATTGCAGTAAGG,2,592600
araCp,0.2222222222222222,9,8,TGGACGTTTTATATTGATGC,1,571846
araCp,9.777777777777779,95,8,TGCTGCCAGTAATGAGGTAG,87,578101
araCp,5.444444444444445,56,8,TGATTTCAACTTGTGAAAGT,48,584314
araCp,0.2222222222222222,9,8,TGAGCCACCGATCTCGGGAG,1,530167
araCp,0.2222222222222222,9,8,TGAGAGACTTCTATGTTTCT,1,545137
araCp,1.8888888888888888,24,8,TGAAGGCTAGGGAATTGGTC,16,541554
araCp,5.888888888888889,60,8,TCTTCTAGATAATTCCGTTT,52,544448
araCp,0.2222222222222222,9,8,TCTGTTAACATGGCGAACTA,1,600376
araCp,0.2222222222222222,9,8,TCTGCATAAACGGGTCGAGA,1,603125
araCp,0.2222222222222222,9,8,TCGTTCAGTTCGTTATGGAT,1,571634
araCp,2.3333333333333335,28,8,TCGCAGTTCGGTTGTCACCC,20,594126
araCp,0.2222222222222222,9,8,TCCATTATCTTATACCCGAT,1,597424
araCp,0.2222222222222222,9,8,TCAGACCAATCTGAGAAGTG,1,574021
araCp,14.555555555555555,138,8,TCAACCAGTGTCGAGGCTAG,130,596568
araCp,8.333333333333334,82,8,TATTGTGGTTAGCGGTACCC,74,566433
araCp,5.666666666666667,58,8,TATGTGAAAGGTAGGTTCCT,50,550378
araCp,0.2222222222222222,9,8,TAGGCCAACGGATATTAAGC,1,548551
araCp,12.555555555555555,120,8,TAGAGAATTTTGACCTTCGA,112,585820
araCp,6.222222222222222,63,8,TACAATTCTACATAAACACA,55,588358
araCp,0.2222222222222222,9,8,GTTTGGATCGATCAATTTGT,1,581881
araCp,0.2222222222222222,9,8,GTTTGAATATATAAAGTCCA,1,561738
araCp,0.2222222222222222,9,8,GTTCCTAATCTTCGAGGAGT,1,575371
araCp,3.4444444444444446,38,8,GTGGTCAAGCATGGGTAGCC,30,534640
araCp,12.777777777777779,122,8,GTGATAGACCCCACAACCTA,114,584137
araCp,5.888888888888889,60,8,GTCTGGTACTGTTCCGTTCT,52,598961
araCp,0.2222222222222222,9,8,GTCGCAGGCCTGGTGGTCCT,1,585865
araCp,0.2222222222222222,9,8,GTATCATAGTTTAGTGGGAT,1,560193
araCp,14.444444444444445,137,8,GGTGGTACTCATAACCAAGT,129,603326
araCp,10.11111111111111,98,8,GGTCTGTTCTAGCATCGATG,90,530249
araCp,0.2222222222222222,9,8,GGTAAACCTACCATGAGCAA,1,542196
araCp,0.2222222222222222,9,8,GGGTAGAATAAACAGTAGGA,1,569536
araCp,16.11111111111111,152,8,GGGTACAGCGCAACACATAA,144,556284
araCp,0.2222222222222222,9,8,GGCTGTGTAGCAAGTTTAGA,1,589379
araCp,4.888888888888889,51,8,GGCTCGACGTTGATACTCGA,43,532037
araCp,14.0,133,8,GGACAGTCGGGACTCTGGAA,125,551450
araCp,6.222222222222222,63,8,GGAACGGACCTGCCTCAGAG,55,582793
araCp,0.2222222222222222,9,8,GATGCGTGTTAGTACCCGCT,1,602610
araCp,23.333333333333332,217,8,GATCATAAAACATGGTAGCA,209,564981
araCp,2.3333333333333335,28,8,GATACAACGCATCGCTCGGA,20,548519
araCp,8.0,79,8,GAGGAGATCTAAGCGCTGTG,71,572828
araCp,1.7777777777777777,23,8,GAGCTATTCCGAAGGATTTT,15,525763
araCp,0.2222222222222222,9,8,GACACGCACGGACACATATA,1,574182
araCp,0.4444444444444444,11,8,GACACATCGTAGGTTGGTAT,3,579764
araCp,8.555555555555555,84,8,GAATTCACGCGATTTCATGA,76,565762
araCp,1.0,16,8,GAATCAGATACAGCCCCGTG,8,594230
araCp,0.2222222222222222,9,8,GAAGCGTGCAGTAGATTGGA,1,585168
araCp,5.444444444444445,56,8,CTTTAGAGCCAAGTCATGGT,48,531392
araCp,11.666666666666666,112,8,CTTCGACCGACTCGTGCGTT,104,577837
araCp,0.2222222222222222,9,8,CTTATGTTCACAGGGACCAG,1,528220
araCp,2.2222222222222223,27,8,CTGTATAAGCTTGGGCCCGT,19,579165
araCp,4.555555555555555,48,8,CTCTCACCGATAAGAGGGTT,40,545179
araCp,0.5555555555555556,12,8,CTCCTTAGGATGCTCAGTAT,4,582142
araCp,3.3333333333333335,37,8,CTCCAATTATCCCAGCCGTA,29,528558
araCp,0.2222222222222222,9,8,CTCAGTCAACAATAGTTAGA,1,547989
araCp,0.2222222222222222,9,8,CTATTAGAGTCAGTACTGTC,1,578267
araCp,3.3333333333333335,37,8,CTAACAATTATTTCTAGGCT,29,577172
araCp,10.11111111111111,98,8,CGTTGTTGCTCGTGGTGACA,90,551777
araCp,4.0,43,8,CGTTCTCATGGTTGATGCAT,35,603402
araCp,11.555555555555555,111,8,CGTAACGAAGTCTCATGGGT,103,543627
araCp,10.777777777777779,104,8,CGGGGACGCCCCTTAGACCA,96,567513
araCp,0.2222222222222222,9,8,CGCATCTATCATCGCGGTGG,1,534067
araCp,9.88888888888889,96,8,CGATTTCATTTATAATGGAA,88,547559
araCp,9.11111111111111,89,8,CCTTCAGTTGAAGACGCATC,81,531813
araCp,11.88888888888889,114,8,CCTAATTAATACGCAAGCCC,106,568540
araCp,7.0,70,8,CCGTAAAGACCATCACAATG,62,594505
araCp,0.2222222222222222,9,8,CCGGTCTACGCCAGTTGGCC,1,575538
araCp,0.2222222222222222,9,8,CCCTCTAGCTGATACATACT,1,561681
araCp,8.555555555555555,84,8,CCCGGCCCCCTTCCACCTGA,76,533815
araCp,0.2222222222222222,9,8,CCAGGGACTCTGTAGAGGTC,1,531198
araCp,8.88888888888889,87,8,CATTCCTAGTGGAACCAACA,79,531080
araCp,20.555555555555557,192,8,CATCTCCTTACTTCTGGCTC,184,598426
araCp,2.0,25,8,CAGGTCCCAGCCCGCCCCCG,17,558264
araCp,13.444444444444445,128,8,CAGACACCTAAGGACTCCCA,120,570786
araCp,0.2222222222222222,9,8,CAATATGACACGGACGGGCA,1,600855
araCp,0.2222222222222222,9,8,CAATAGTCTTTAACATCGCG,1,549055
araCp,29.666666666666668,274,8,ATTTCGACCGCAAATAGCGA,266,562101
araCp,6.222222222222222,63,8,ATTATCACCCCCTCCTCGTA,55,578559
araCp,6.222222222222222,63,8,ATCTCCCTGTATCTAGCGTG,55,553147
araCp,15.222222222222221,144,8,ATCACGAGGCTGGCCGGTGC,136,587228
araCp,20.666666666666668,193,8,ATATTCGGCCGGGTGTGCGT,185,529183
araCp,9.333333333333334,91,8,ATATGCGAGGAAGGAAGTAT,83,548258
araCp,0.2222222222222222,9,8,ATAGGTAAGTTGGAGGATGT,1,553132
araCp,0.2222222222222222,9,8,ATAAACCGATAGACGCGCAG,1,577125
araCp,7.444444444444445,74,8,AGGACCGGCATTATGGGCGT,66,574594
araCp,12.666666666666666,121,8,AGCACGTACGGCGATGGATC,113,602999
araCp,6.777777777777778,68,8,AGATTTATCAATTTACAATT,60,526407
araCp,3.0,34,8,AGATGGTTACCACGAGTGCT,26,597050
araCp,12.222222222222221,117,8,AGACCGTCCCGCTGAACTTC,109,590247
araCp,10.555555555555555,102,8,ACTAACCTTAGACTAATGTA,94,525574
araCp,0.2222222222222222,9,8,ACCTGAAGGTGTATTTGACG,1,578611
araCp,11.88888888888889,114,8,ACCGCTTAGTCATCGGTCTT,106,579118
araCp,6.333333333333333,64,8,ACCAACATGTCCGGAGGAAA,56,570678
araCp,10.333333333333334,100,8,ACATCAATATAGCTCGCGTG,92,545376
araCp,0.2222222222222222,9,8,ACATATAGCTTAACGGGGCA,1,567122
araCp,0.2222222222222222,9,8,ACAGTCTATGTCCGGGGTTA,1,533628
araCp,0.2222222222222222,9,8,ACAATGTTAAAGGACAATGT,1,586174
araCp,9.555555555555555,93,8,ACAAAGGGGTACAGATACGT,85,576318
araCp,0.2222222222222222,9,8,AATCTTGGGACCGAGAAGAT,1,555670
araCp,14.0,133,8,AAGTGCCTCGGGTAGACAGG,125,603642
araCp,0.2222222222222222,9,8,AAGTCAAGTTGCGTGTGAGG,1,536828
araCp,0.2222222222222222,9,8,AAAGGGTACTGCCTTCAATG,1,602049
araCp,12.88888888888889,123,8,AAACTTTAATACAGTGAGTG,115,556804
araCp,31.88888888888889,294,8,AAACGTAGGTCGCTATCGGC,286,589675
araCp,5.777777777777778,59,8,AAACGGTCCCACAGTATGGT,51,547845
araCp,6.0,61,8,AAAATATACATGTACTGAGC,53,576410
araCp,0.25,8,7,TTTTATCTAAGCGCTTCCAT,1,551400
araCp,11.375,97,7,TTGAACGAAAAGTGTCAGCA,90,569880
araCp,6.5,58,7,TTCTGTCGCGCACGCGGGGC,51,545375
araCp,6.125,55,7,TTCGAAATGTTTATCGTTCC,48,538042
araCp,8.375,73,7,TGTCCTGAAATGAGGGCCAC,66,593963
araCp,0.25,8,7,TGGGAGGGCTTATGTACCAA,1,562326
araCp,10.625,91,7,TGGCCTGTGTGTACTCTGTT,84,549628
araCp,0.25,8,7,TGAATGTTTTAGGGTACAGT,1,546401
araCp,8.375,73,7,TCTTAGAACGGCTTCATCCC,66,594857
araCp,30.625,251,7,TCTAGTTCATTGTTGGTCTA,244,527972
araCp,0.25,8,7,TCGTAGGCAAAGAGAGGCTC,1,589324
araCp,9.0,78,7,TCGCTTCGCAGCGCAGGAAC,71,596351
araCp,0.25,8,7,TCCTAGTAACAGAGCAAACC,1,546125
araCp,0.25,8,7,TCCATGTCGGGACCATAATT,1,573575
araCp,4.125,39,7,TCCAGCGCCCAGGTTCGGAA,32,548492
araCp,8.75,76,7,TCAACACGTGGTCTATAAGG,69,551744
araCp,10.0,86,7,TCAAACAGTTAGGGCGTATT,79,551754
araCp,0.25,8,7,TATGGTAAGGAGTGCTTAAT,1,564979
araCp,6.0,54,7,TATCGTCCCCTTAGGGAAGT,47,530020
araCp,12.25,104,7,TAGAATACAGTCCGTTGATT,97,563954
araCp,11.0,94,7,TACTAGGGTGAAGTCTGGCC,87,558387
araCp,0.25,8,7,TACGCCGCGTCGAGCCTGGG,1,540632
araCp,0.25,8,7,TACCATTAAATGCTTATCTC,1,550632
araCp,0.375,9,7,TAAAAAAATGGTTTGGGTAG,2,539673
araCp,6.25,56,7,GTTGAGCGGTTGCACAGGAC,49,533125
araCp,0.25,8,7,GTTCGGCCGAGCTAAAGAAT,1,546485
araCp,10.625,91,7,GTGGGTCCGGATATCCAGAG,84,552773
araCp,0.25,8,7,GTGACAGGGAGCATATGCTT,1,577478
araCp,0.25,8,7,GTGAACGGGGGAGGAAGTCT,1,591403
araCp,7.375,65,7,GTCTTTCAGGCTTACGTCTG,58,544326
araCp,0.25,8,7,GTCTGTCGCCATGATCGGCA,1,554624
araCp,28.625,235,7,GTCTAGGTAGACACAGGTTA,228,558400
araCp,0.25,8,7,GTCGTCGCGGGACCCGCGTT,1,579662
araCp,25.875,213,7,GTACCTTCCTAGAACATTAC,206,579558
araCp,13.5,114,7,GTAACTGGGCTAGAAGTATT,107,557691
araCp,0.25,8,7,GTAAAACACTAATTAGCGGA,1,589411
araCp,7.5,66,7,GGTGCCCTCGTGGAATCCCG,59,602857
araCp,35.625,291,7,GGTCTTCGCGTCTGTTACTC,284,530106
araCp,0.25,8,7,GGTCCAATCACGCACTGTCT,1,529016
araCp,11.625,99,7,GGTAGCTTTGAGTAATGGAC,92,596289
araCp,5.5,50,7,GGGGGAATAGGATCACCTTT,43,599099
araCp,0.25,8,7,GGCTCGAGCCCTCTTCAAGG,1,588462
araCp,24.0,198,7,GGCGTTTTAATGCCTGCGCG,191,529205
araCp,6.875,61,7,GGAGAAGAATATTCGGGCGG,54,562098
araCp,0.25,8,7,GGAAGCCTCGCCGGGTCGTC,1,556600
araCp,0.25,8,7,GCGTCCCCGTCTTTCCTGCA,1,549864
araCp,9.75,84,7,GCGCATAACTAAGATTGTTA,77,569422
araCp,5.875,53,7,GCCCCCCCTAGGGTTTCAAC,46,534233
araCp,12.25,104,7,GCACCGGAGGATGGCCCGTC,97,551727
araCp,0.25,8,7,GATGGTACGCTAATTTCCTT,1,572447
araCp,15.5,130,7,GATAGATATGGCTTGTCATG,123,542784
araCp,12.5,106,7,GAGTTAGACGGCCGGCTACT,99,569905
araCp,0.25,8,7,GAGGTACCTGGCCTGACGCC,1,595746
araCp,0.25,8,7,GACTCAGGGTACCGAGGATG,1,580430
araCp,7.5,66,7,GACCCAAGTGCTCAATTTTT,59,549295
araCp,11.625,99,7,GAATATTCAACACACTCCTT,92,574631
araCp,10.375,89,7,CTTTTTATCACACACGCAGC,82,600163
araCp,13.875,117,7,CTTTCGCACATCGCGCCGTG,110,559986
araCp,0.25,8,7,CTTAACCGTATGCAAGGGGT,1,553613
araCp,11.625,99,7,CTGTAGTCGTAACTGGTTCG,92,549461
araCp,13.5,114,7,CTGCATTTCGACCTCCTTTA,107,525696
araCp,2.0,22,7,CTGAACAGGACAAGTTCAAT,15,545799
araCp,26.0,214,7,CTCGCGGCAGATGTGGACTA,207,558396
araCp,29.75,244,7,CTCCGGCGACCACACGCCGG,237,528976
araCp,6.625,59,7,CTCCAAGAATCTAGCCTGAA,52,548768
araCp,4.0,38,7,CTCATCCAGCGTGGGGGGTA,31,576823
araCp,1.5,18,7,CTATCCTTCTTTAACGAACT,11,526620
araCp,0.25,8,7,CGTTGGGCGCTATTCAACAT,1,594438
araCp,1.5,18,7,CGTTGAATCTTCCTGTGAAG,11,549084
araCp,6.125,55,7,CGTTAAAATGAGGGCGCCCA,48,594835
araCp,18.5,154,7,CGTGTTCACTACCGTGAGAT,147,534616
araCp,1.125,15,7,CGTCCCACAGCCCGATGCTG,8,585829
araCp,0.25,8,7,CGGAATGCTTGCCCCAATGG,1,572980
araCp,8.125,71,7,CGCTTGGGTGTTATGGATCT,64,590803
araCp,30.375,249,7,CGCTACTACTCCGGGGAATG,242,587146
araCp,0.25,8,7,CGCATGTGTAGTACGTCTGT,1,528944
araCp,0.25,8,7,CCTAGTTGTGGATTAGGCAA,1,549443
araCp,17.75,148,7,CCTAAGGGGCCTGCTTTGAG,141,556009
araCp,0.25,8,7,CCGGTTCATTAACGGCGTCA,1,586645
araCp,6.25,56,7,CCGGTCTTTACGTTTGAAGT,49,593245
araCp,2.875,29,7,CCGCAATTAATCAGAACGCC,22,551324
araCp,5.625,51,7,CCGCAAGATCGGCCGACAAA,44,586962
araCp,14.75,124,7,CCGAGTTTAAAACAGTAAAA,117,547745
araCp,9.625,83,7,CCGAATCCCAGCGTACGCTT,76,566401
araCp,4.25,40,7,CCCCCGGGGACACTCCCCTT,33,553099
araCp,19.875,165,7,CCCCCCTGACCCTTACACTA,158,528139
araCp,22.25,184,7,CATAGAATTACTCCGTCTTG,177,569940
araCp,8.0,70,7,CATAACGGGGGCGACCCCAA,63,603396
araCp,10.75,92,7,CAGTTGTAAATGTCAACTCT,85,582856
araCp,7.75,68,7,CACGTGTTCCATCAGGTCCT,61,570152
araCp,7.25,64,7,CAACTGGCGGTTGTTATCCT,57,581408
araCp,0.25,8,7,ATTTACCAGCGCTGTGGGCA,1,581240
araCp,0.375,9,7,ATCCGATGTTCTTTAGCCGT,2,574275
araCp,52.875,429,7,ATATACTGCTCGCAGACGTT,422,596151
araCp,0.25,8,7,ATAGTATAGGAATCGGGGCG,1,583517
araCp,52.875,429,7,AGTTTTGAGTGGCGTTAGAC,422,589671
araCp,0.25,8,7,AGTGAAGTCTAGGAATGCTC,1,568711
araCp,12.75,108,7,AGGCGAATGCCGATCAGGTG,101,577476
araCp,13.375,113,7,AGCGGAGAAATGGCCAGGGT,106,599156
araCp,12.0,102,7,AGATGTTGATTAGGTCCGAA,95,569928
araCp,9.625,83,7,AGATCTATTAGATGTGGTTT,76,588821
araCp,6.75,60,7,AGAGTGGGGCATAAGAATCT,53,576344
araCp,12.375,105,7,ACTTAATCAAGTCGATACGA,98,580153
araCp,4.375,41,7,ACGCACCGTGCAATGATCCT,34,589264
araCp,21.375,177,7,ACGCAAAACTTGGAGGGCTT,170,579135
araCp,26.0,214,7,ACATTAGAGATAACTCCGTC,207,559226
araCp,3.875,37,7,ACAGGAAGAAGTGAAGCGGC,30,551873
araCp,6.125,55,7,ACAATCATTAGGCTCTGCTA,48,580924
araCp,78.25,632,7,AATTTGTATTGGAAGTTGAT,625,602860
araCp,15.25,128,7,AATTAACCGCCAGGGATAAG,121,588082
araCp,4.375,41,7,AACTGAGCGAATTGCGCCAC,34,528385
araCp,3.625,35,7,AACATGTTAGCCATCGACTT,28,571114
araCp,3.875,37,7,AAATTAAACTGGGTCGTAAA,30,576880
araCp,14.125,119,7,AAATGAGGGGCACCTGTCCA,112,568940
araCp,0.5,10,7,AAAGAGAACAAGGTTGAAGT,3,550349
araCp,16.142857142857142,118,6,TTTTGCATCTCGACGCCTAT,112,528902
araCp,0.2857142857142857,7,6,TTTATTAATTGCTCCGGAAT,1,574297
araCp,20.714285714285715,150,6,TTTACTTGATGCGTCGCCTA,144,538136
araCp,7.142857142857143,55,6,TTGGGTAGCTCGTTCACGTG,49,550314
araCp,5.428571428571429,43,6,TTGCTAATTTCATCACGAGT,37,538991
araCp,4.285714285714286,35,6,TTGCGAATGGGAGAGACGAA,29,529198
araCp,0.2857142857142857,7,6,TTGAGATCTAGGGCCACTAA,1,536287
araCp,14.142857142857142,104,6,TTCTTTATGAAGCAAATACC,98,539305
araCp,4.285714285714286,35,6,TTCTTAAGAGGCCCGATGTT,29,560667
araCp,0.2857142857142857,7,6,TTCTCAGTGCATGGATGGCA,1,585574
araCp,6.142857142857143,48,6,TTCAAACGGGCCGGGGAACA,42,572360
araCp,3.2857142857142856,28,6,TTACGTAAACCTCCTACCAT,22,540352
araCp,16.857142857142858,123,6,TGTTATCCTGTAAATTCCCT,117,530107
araCp,0.7142857142857143,10,6,TGATCGCCTAGGGTAAAGTG,4,583206
araCp,31.571428571428573,226,6,TGAACTCATAGATGACACGC,220,545788
araCp,0.2857142857142857,7,6,TGAAAAGGTTATTCCATATA,1,572033
araCp,20.142857142857142,146,6,TCTGATGACCAATGCGGTCC,140,548813
araCp,14.285714285714286,105,6,TCGTTAGCGACTACCTATGC,99,562058
araCp,13.0,96,6,TCGCGTTAGTTCAGAAATTT,90,586353
araCp,6.0,47,6,TCATCATGAACGTCATGTCA,41,539106
araCp,8.571428571428571,65,6,TCACTGTTCGTACCCGCAGC,59,602850
araCp,0.2857142857142857,7,6,TATGGGCTCTTTTCAGCACC,1,561560
araCp,0.2857142857142857,7,6,TAGCGAAACTTAGCTTATCA,1,546011
araCp,0.2857142857142857,7,6,TAGCAGGTCAGGCTCCAGCA,1,572116
araCp,16.714285714285715,122,6,TAGAAACGCACCTTGATAAT,116,553094
araCp,5.428571428571429,43,6,TAATCACTTATGTCCTCAGG,37,559555
araCp,16.142857142857142,118,6,TAAACCGCACAACTCCGCGC,112,572505
araCp,13.857142857142858,102,6,GTTACTCACCCCCTCGCGCT,96,537810
araCp,7.142857142857143,55,6,GTGGGGCTCTGGCCGAGCAT,49,539055
araCp,10.571428571428571,79,6,GTCGTGACCCGAGTCTGCCG,73,578306
araCp,15.571428571428571,114,6,GTCGTAGATCATGCACTCTT,108,552252
araCp,0.8571428571428571,11,6,GTCCCTCTTGCGACCCTCAG,5,572572
araCp,13.857142857142858,102,6,GTATTGCATCATTCCATGAC,96,564620
araCp,15.857142857142858,116,6,GTACCCTGGGGAGATGCACA,110,603201
araCp,9.285714285714286,70,6,GGTTGTTGGTCACAGCGGAG,64,564251
araCp,0.2857142857142857,7,6,GGTTGACAAATTAAGTCAAT,1,595437
araCp,23.142857142857142,167,6,GGTGTTTTACGGAAGAGCGC,161,580428
araCp,0.2857142857142857,7,6,GGTACGACTTGATTGCGCGT,1,569846
araCp,33.42857142857143,239,6,GGGTGTACTGCGAATAAGGA,233,535882
araCp,11.428571428571429,85,6,GGGCTTCCCAAACGGGAATG,79,537338
araCp,15.714285714285714,115,6,GGCAGCGCAGTTCATGGTTG,109,595408
araCp,1.5714285714285714,16,6,GGAGTGGAGTTTTACGTAGT,10,558377
araCp,15.285714285714286,112,6,GGACTCACCTACTAGCGGTT,106,557855
araCp,1.5714285714285714,16,6,GCTGAAATCCGGGCGCCCGG,10,603209
araCp,11.142857142857142,83,6,GCTCAGCTTCATCATGGTTT,77,564103
araCp,0.2857142857142857,7,6,GCTCAAAAAGCAGGCGCCCA,1,534685
araCp,0.2857142857142857,7,6,GCGTGGCTATATCTTATCGA,1,596976
araCp,3.5714285714285716,30,6,GCGTCGTTCGCGAGCCCAAA,24,525618
araCp,4.857142857142857,39,6,GCGGTCGTTTGTACTGAGGC,33,581237
araCp,0.2857142857142857,7,6,GCGACGATCTCCTTACGCCA,1,584976
araCp,10.571428571428571,79,6,GCCTTAAAATTAACGGAAGT,73,565983
araCp,0.42857142857142855,8,6,GCCGGTCAGACGAAAGTAGC,2,547972
araCp,9.571428571428571,72,6,GCCCCGTCCACTGAACTGCA,66,536157
araCp,0.2857142857142857,7,6,GATCTAGTCTCGTCGGACTG,1,595300
araCp,16.285714285714285,119,6,GAGCATGTGTTGTTTACGGA,113,526455
araCp,0.2857142857142857,7,6,GAGCACCAGAAATTTAAACA,1,562019
araCp,0.5714285714285714,9,6,GAGACGGGTACTTCCTGTCT,3,562052
araCp,13.571428571428571,100,6,GACTATGATATACGTTCCTT,94,603015
araCp,10.0,75,6,GACGAGGATAACTCGTTTCC,69,537027
araCp,7.142857142857143,55,6,GACCTAGTAGCGGCCGGGGC,49,529176
araCp,13.857142857142858,102,6,CTTTATACAAAGGCCCAATA,96,535568
araCp,0.2857142857142857,7,6,CTGGAATGGTTCATAAACGA,1,589396
araCp,9.571428571428571,72,6,CTGAATGCGACGATGCATGG,66,594769
araCp,20.285714285714285,147,6,CTCCTCTAATAATGCCATTT,141,578415
araCp,20.142857142857142,146,6,CTATCATATGGCTGCGGCCG,140,577566
araCp,8.142857142857142,62,6,CTAATCGTCTGCCGTGAAAA,56,580079
araCp,11.571428571428571,86,6,CTAACCCTACATTAAGTTTG,80,562863
araCp,14.285714285714286,105,6,CGTCCGCTAGGCCTTGTCAA,99,603147
araCp,1.2857142857142858,14,6,CGGGGTCGAAAACGCTTTGA,8,573579
araCp,0.2857142857142857,7,6,CGGACTTAAATTACTTGATC,1,587569
araCp,9.428571428571429,71,6,CGCCGGAACGGGCGAAACAA,65,566053
araCp,18.571428571428573,135,6,CGACTATCACCCATGGGAAA,129,597681
araCp,23.0,166,6,CCTGGACTAATATTCACCGA,160,543324
araCp,0.2857142857142857,7,6,CCCTCCCTATTCTTATTATG,1,583081
araCp,20.714285714285715,150,6,CCCGTACTGTCGGGAAATTC,144,552564
araCp,9.142857142857142,69,6,CCAATTACAGAGTTTTTGTT,63,548923
araCp,0.2857142857142857,7,6,CATGCGTCTGGATGCAACGT,1,545181
araCp,12.428571428571429,92,6,CAGATAAAAGTGCGAAACGA,86,579140
araCp,9.571428571428571,72,6,CAGAACCCGTCATATCAAAA,66,594499
araCp,0.2857142857142857,7,6,CACGCCATGAACAGGAAATG,1,564909
araCp,8.0,61,6,CACGAGCTGGAAGCATACAG,55,542210
araCp,0.2857142857142857,7,6,CAAATGCCGAACGCTGTTCG,1,602795
araCp,8.571428571428571,65,6,ATTGAGACAGTTAGCTACGT,59,576079
araCp,0.2857142857142857,7,6,ATTACCCAACAGCTAGGGAT,1,561164
araCp,0.2857142857142857,7,6,ATGTCATCTGTACACCAACC,1,542170
araCp,13.857142857142858,102,6,ATGGTAGACGGACTATGCTA,96,554181
araCp,5.0,40,6,ATGCTTAGCAGTAACGGTTC,34,587112
araCp,7.857142857142857,60,6,ATGCATGCGGCTTGGAACTT,54,590424
araCp,0.2857142857142857,7,6,ATCTTACCAAGCCCTGAGAA,1,550348
araCp,0.2857142857142857,7,6,ATAATTTTTCATCTTGTCTC,1,571175
araCp,18.0,131,6,ATAAACTGGGCATGTCTCCC,125,566255
araCp,9.571428571428571,72,6,AGTTAAAATGCGAATCGGAC,66,562292
araCp,17.0,124,6,AGTCGCATGCCGTGGGTGGA,118,529214
araCp,0.2857142857142857,7,6,AGTCCTTGTTTACCTGCATA,1,532684
araCp,15.0,110,6,AGTAAGTTTACAAACAGAGG,104,528904
araCp,0.2857142857142857,7,6,AGGTCGGTAAAATAGGTCAA,1,585850
araCp,6.142857142857143,48,6,AGGGTCCAGTCATTTGCGCT,42,584175
araCp,0.2857142857142857,7,6,AGGAGAGAATCTCAAAGGAT,1,541796
araCp,4.285714285714286,35,6,AGCGTTCGTAAAGTGGACAC,29,528807
araCp,0.2857142857142857,7,6,AGCGCCTATCACCACAACGT,1,549538
araCp,0.2857142857142857,7,6,AGAACAACCCCCTGGGGAGC,1,533286
araCp,0.2857142857142857,7,6,ACGTTGAGAGACGGCGCATG,1,544903
araCp,12.142857142857142,90,6,ACGTAGAATAGTTATTCAGT,84,536692
araCp,7.285714285714286,56,6,ACGCTTCATGCCGATTTGCG,50,576186
araCp,0.2857142857142857,7,6,ACATCTCTCAAATAAACAGT,1,532536
araCp,19.571428571428573,142,6,ACAGTGAGGGGCAATGCACG,136,569971
araCp,6.285714285714286,49,6,AATTCTCGGCATCAGAGGGA,43,543988
araCp,0.2857142857142857,7,6,AATTCAAATAGCCTGCGGGA,1,577866
araCp,17.428571428571427,127,6,AATGGCACCGTCGTTTCCAA,121,598679
araCp,16.0,117,6,AATCTTGTATGTGGATGTCC,111,603318
araCp,0.2857142857142857,7,6,AATATCTTTAGGTGTCTCCT,1,546730
araCp,0.2857142857142857,7,6,AATAAACACGCTTGTTCCGC,1,585854
araCp,9.285714285714286,70,6,AACTGCGCTCAGTCGCGTAT,64,603414
araCp,17.857142857142858,130,6,AAATCACGATGCAGGAACGG,124,531326
araCp,30.0,215,6,AAACTATTAAGCACGCCCGC,209,539498
araCp,12.714285714285714,94,6,AAACCTGGGACGGATCATAA,88,594622
araCp,11.5,73,5,TTTTGTACAATGGATTCTCA,68,553252
araCp,5.166666666666667,35,5,TTTTGGTCGCGATGGTAAAT,30,600851
araCp,7.333333333333333,48,5,TTTGGGGTTGTAGCGGTCTT,43,528507
araCp,10.333333333333334,66,5,TTTACCCAGACGGCCTTAGC,61,580817
araCp,7.166666666666667,47,5,TTGTAGATTAAACCAGTATT,42,540768
araCp,0.3333333333333333,6,5,TTGGGTTACGGCCCCTGTGA,1,549238
araCp,11.5,73,5,TTCCCAGGAAATGTAACCGG,68,589681
araCp,0.5,7,5,TTCAATGTATAATCGCGTGG,2,547163
araCp,4.833333333333333,33,5,TTATATGCTTACATACTTAA,28,576984
araCp,34.666666666666664,212,5,TTATAGGCGGCGCCGCTAAG,207,549679
araCp,69.16666666666667,419,5,TTATAATCCCAATACACGGA,414,541563
araCp,18.0,112,5,TTACTATGAAGCAATATAGT,107,545018
araCp,2.0,16,5,TGTGTAATCCTCCCGGAGAT,11,534735
araCp,11.666666666666666,74,5,TGTAGTGGCGAACGGTCCAT,69,545652
araCp,19.333333333333332,120,5,TGGGTAATTTAACGTCCTTT,115,540796
araCp,2.0,16,5,TGGACCCTGTACTTACCACA,11,582504
araCp,0.3333333333333333,6,5,TGCTCACAGGAAGAATCGAG,1,564818
araCp,0.3333333333333333,6,5,TGCCATCTCCTTTACATTAC,1,586499
araCp,32.666666666666664,200,5,TGAGTTTTTCCTTCAATTCG,195,587230
araCp,15.5,97,5,TGAGAACTTCCATGGCCTTC,92,561547
araCp,11.333333333333334,72,5,TCTTTTGGAACTAAATCTGT,67,588470
araCp,0.3333333333333333,6,5,TCTTAGAAAACCAAGCAGTT,1,555953
araCp,17.666666666666668,110,5,TCGTACTGCCGGCGGGATGG,105,531361
araCp,16.666666666666668,104,5,TCGGACTGGACGAGCCGAAT,99,561552
araCp,9.833333333333334,63,5,TCGCACAGTGACGCGCTCAT,58,573762
araCp,0.3333333333333333,6,5,TCGATAATATATCGTCTAAC,1,533623
araCp,67.33333333333333,408,5,TCGACGGGGCCTTCTCAACA,403,528787
araCp,19.166666666666668,119,5,TCGAACATGAATGGGTCCTT,114,536362
araCp,0.3333333333333333,6,5,TCCCACAGATGCTGCCATTA,1,559766
araCp,8.0,52,5,TCATGGTTCAGCGATTCTAG,47,546224
araCp,0.3333333333333333,6,5,TATTGAGAGTTGATAATTCC,1,599676
araCp,10.5,67,5,TATGTAGCCGACACCAATAG,62,556893
araCp,8.0,52,5,TAATTGTAAAAGACGCTCGT,47,532676
araCp,0.3333333333333333,6,5,TAACCCAACCCGGATTCGGC,1,561029
araCp,10.5,67,5,GTCTTACCGACAGCGGGCGA,62,559903
araCp,0.3333333333333333,6,5,GTCCCTAGACCAGTGGCCTT,1,587134
araCp,18.0,112,5,GTCAATGCACGAAGCACTCA,107,579116
araCp,12.666666666666666,80,5,GTAGATACTGACTGTGACGG,75,574702
araCp,0.3333333333333333,6,5,GGTCATAATCTCAACTAATT,1,535520
araCp,9.5,61,5,GGGGATAGGAGACCAGTCTT,56,602419
araCp,19.833333333333332,123,5,GGCTTTGGCATCGCAGACGC,118,531073
araCp,11.5,73,5,GGCCAGACCTCGGAAATCGG,68,580283
araCp,0.3333333333333333,6,5,GGCACAGCGATCACCACGTC,1,584702
araCp,9.833333333333334,63,5,GGAGAGTTTAACCCGGTGTG,58,603331
araCp,14.5,91,5,GGACGCCGCGCCGGGGCGTC,86,581487
araCp,16.833333333333332,105,5,GGACCCGCAAGCATCGGAAG,100,561548
araCp,0.8333333333333334,9,5,GCGGGTATTCCGAGGGCGCT,4,600773
araCp,19.0,118,5,GCAGTCAGTTATTAAAAATG,113,576348
araCp,0.3333333333333333,6,5,GCAAATCCTAGAATGATTCT,1,554856
araCp,0.3333333333333333,6,5,GATTAGTCTCTCGGTCGCGG,1,603359
araCp,8.333333333333334,54,5,GAGACAGTCCGGCTCATGAT,49,534397
araCp,7.333333333333333,48,5,GACCGGCGGTTGATTAGCGC,43,598017
araCp,15.0,94,5,GAACGATTTCGATGTAAGGA,89,528960
araCp,0.3333333333333333,6,5,GAAACACATGTCGCGGCTTG,1,531323
araCp,10.333333333333334,66,5,CTTCTCAACCTAAGCTGGAC,61,537565
araCp,19.166666666666668,119,5,CTTAACTGAATCTCCGATTG,114,592016
araCp,3.6666666666666665,26,5,CTTAACACTATCACAGTCCG,21,544211
araCp,41.0,250,5,CTGTTTAAACGGCGGTCTTA,245,591769
araCp,29.666666666666668,182,5,CTGTGTTTCAGCTACAATGC,177,550567
araCp,19.166666666666668,119,5,CTGGGAAGAGTATGTCCATA,114,572527
araCp,19.5,121,5,CTGAAATGATTGAGGGGACG,116,543944
araCp,3.6666666666666665,26,5,CTCTACTCCCGGCTTGCGGT,21,556684
araCp,10.833333333333334,69,5,CTCATTTATTTTAGAGCAAT,64,589263
araCp,15.5,97,5,CTAGCGTTCCTAAGGCCCCT,92,575752
araCp,0.3333333333333333,6,5,CTACTACAATTGGATTTCAA,1,585540
araCp,12.666666666666666,80,5,CTACGAAAGGGGTTAAGGCA,75,570702
araCp,0.3333333333333333,6,5,CTACACAACAAGCTCATCCT,1,565065
araCp,0.3333333333333333,6,5,CGTCTCAGTAGTCCGATTAC,1,569466
araCp,0.3333333333333333,6,5,CGTACCCAGTGTTGCTACGA,1,570330
araCp,0.3333333333333333,6,5,CGGGCAGTAGTTAACTGCTC,1,593104
araCp,11.166666666666666,71,5,CGGGATAATTAGATAGCAGA,66,530114
araCp,15.666666666666666,98,5,CGCCATGGCCGTGGATACCA,93,574285
araCp,0.3333333333333333,6,5,CGATTCACGGGGCATGTAGA,1,537783
araCp,0.3333333333333333,6,5,CGAGAGTAGCTGCCGACATA,1,541208
araCp,0.3333333333333333,6,5,CGACGACAAACTTGTATCCA,1,573251
araCp,0.3333333333333333,6,5,CCCTTTTTAACTTATTTACT,1,532236
araCp,8.0,52,5,CCCTTTAGAGTCCTCTTCAA,47,558420
araCp,23.333333333333332,144,5,CCCTTAGGTTATCTCCCCAA,139,598285
araCp,20.833333333333332,129,5,CCCGCCGGCTCCATTGTTTT,124,528866
araCp,8.0,52,5,CCCGCAGTGCTCCGACAATA,47,590608
araCp,0.6666666666666666,8,5,CCCGATGGATTCTGGTTCGA,3,536419
araCp,12.5,79,5,CCCGAGTCTATGCGATCTTA,74,574591
araCp,21.166666666666668,131,5,CCCGAACAGCAGGCGGGCTT,126,579434
araCp,0.3333333333333333,6,5,CCCAAGAATGCTCCAGGAGT,1,553043
araCp,20.166666666666668,125,5,CCATCAACCCCTGTCTAATA,120,579080
araCp,0.5,7,5,CCAAGTGTTCTAATGGTATC,2,587340
araCp,19.5,121,5,CCAAGTCCGTTTTAGATCGG,116,579517
araCp,0.3333333333333333,6,5,CAGGGTACAGGACACTTCGA,1,546433
araCp,0.3333333333333333,6,5,CACGACTGGGATTCACCAAT,1,527301
araCp,23.833333333333332,147,5,CACAGTGCTCTTTAATCCTG,142,573790
araCp,0.5,7,5,CACAGCCTTATACCATATAT,2,542590
araCp,17.0,106,5,CACAATCGTGTAGACGGCTA,101,545617
araCp,0.3333333333333333,6,5,CAAGGTCCTTGCAGTTCAAT,1,540078
araCp,0.5,7,5,ATGGCACCTCGACTGCTACT,2,529779
araCp,0.3333333333333333,6,5,ATGGAGTGCGCGTTGGGTAA,1,577935
araCp,14.0,88,5,ATCGACTAGCCAGCCGGCAG,83,541447
araCp,0.3333333333333333,6,5,ATCACCTCCAGAAATCGTTA,1,534684
araCp,0.3333333333333333,6,5,ATCACCGGGTGACGTTCCTT,1,572538
araCp,14.833333333333334,93,5,ATATCTACAGTGCGCAAAAA,88,526275
araCp,17.5,109,5,ATAGCATACATCCGCGGGTG,104,571400
araCp,3.0,22,5,ATACCATATCGATTAGGAAG,17,587788
araCp,0.3333333333333333,6,5,ATAACTCGTTTCAGCACCAT,1,527524
araCp,5.5,37,5,AGTTGGTTACTCGTGGGTTG,32,560190
araCp,13.666666666666666,86,5,AGTCCAGGTAGTACATCCGT,81,540879
araCp,20.0,124,5,AGGTCTAACTATAAGGGAAC,119,530138
araCp,0.3333333333333333,6,5,AGGTCAGAACCGATGTAGGA,1,531027
araCp,22.5,139,5,AGGACACACTTGCCATCAGT,134,531043
araCp,16.833333333333332,105,5,AGCTACAGCGCGTAAACCTG,100,574354
araCp,0.5,7,5,AGATCGACGGGTACTTCCAG,2,527869
araCp,0.3333333333333333,6,5,AGATAAGTTAGCCAAGGCAT,1,592111
araCp,0.3333333333333333,6,5,AGAGTTATACCGCCTGGATG,1,577194
araCp,19.333333333333332,120,5,AGAGTCTTAAGCGCCTTGCC,115,554180
araCp,0.3333333333333333,6,5,ACTCGATTCAAGTGGTGATT,1,590698
araCp,0.3333333333333333,6,5,ACTCCTGAAGATGTTTCTTG,1,596687
araCp,15.333333333333334,96,5,ACGTGATTGCGCCCCAATTA,91,593562
araCp,31.5,193,5,ACGTCTTGGGGGGTATTAGT,188,575366
araCp,1.5,13,5,ACGCTGGATTAACACGAATG,8,526012
araCp,0.5,7,5,ACGCCAATTGTCTGAACAGT,2,531494
araCp,3.3333333333333335,24,5,ACCTGCATTGATCTCGCCTT,19,591764
araCp,0.3333333333333333,6,5,ACAGCGTGTAAACATATCTT,1,581410
araCp,3.8333333333333335,27,5,ACACTTCAACCGTACCGTAT,22,603012
araCp,0.3333333333333333,6,5,AATCATGGAACGTAAGAGTC,1,545793
araCp,0.3333333333333333,6,5,AAGTCCTTCCTGGGCGTTGT,1,589903
araCp,22.833333333333332,141,5,AACGCACGCCCTGACGACGG,136,553237
araCp,14.0,73,4,TTTGAACGCTGGCATCTTGT,69,539226
araCp,12.2,64,4,TTTAGTAGTAGTACGGCTTA,60,562870
araCp,9.4,50,4,TTGGTCCTAAGGTCTGAGCT,46,587703
araCp,21.6,111,4,TTACCGCCTTGCGAATCTCG,107,594311
araCp,40.0,203,4,TTACACCTAGCACAGTTCGA,199,567954
araCp,13.6,71,4,TGCGACAGCGATGAAGAACG,67,597530
araCp,35.8,182,4,TGCCTGTGTCGGAGAAGTAG,178,545871
araCp,0.4,5,4,TGATGTAGTAAGAGGAGCTA,1,570891
araCp,0.4,5,4,TGACGGTGTTGCCACGGAGA,1,571329
araCp,0.4,5,4,TCTTTTAGTCCTAATCTTTC,1,603699
araCp,12.0,63,4,TCTTGTTGGGGATGTTACGT,59,548605
araCp,24.8,127,4,TCGGTCCTTGTCGTACAGTA,123,601487
araCp,0.4,5,4,TCGGGATGAGTGGATTCCTC,1,536405
araCp,17.2,89,4,TCATGTTCGTTACTTCCTGA,85,595963
araCp,0.4,5,4,TCATAACTTATGGACTGCCA,1,532735
araCp,21.6,111,4,TCAGTCGGCCCAACCTAAAG,107,550566
araCp,3.8,22,4,TCAAGCTTCAGAGTGGTGCA,18,586892
araCp,26.2,134,4,TCAACCTACATTGAAATACC,130,554109
araCp,21.0,108,4,TATTGGGGATGTACCGGAGA,104,548877
araCp,41.6,211,4,TATTCGCGCAACCAAAGCCG,207,541538
araCp,22.8,117,4,TATGCCGTAGTTTGCAAATA,113,529186
araCp,17.0,88,4,TAGTCTGGAATGACACGGAA,84,550209
araCp,16.0,83,4,TACTCGTATTAGACTACCAA,79,598460
araCp,18.8,97,4,TACACCAATGAGCGTGTCGC,93,576885
araCp,29.4,150,4,TAAGTCACGTCGCCGCTGAG,146,552099
araCp,38.0,193,4,TAACGCAAAAACCGTCATGG,189,589714
araCp,9.6,51,4,GTTTCTGCGGGCGCTAGCTG,47,596007
araCp,0.4,5,4,GTTCCCTGAGAAGGTCGCAT,1,578388
araCp,47.0,238,4,GTTCATATCTAAACACAACT,234,531333
araCp,41.8,212,4,GTTATCCAGAAATAGGGATA,208,529184
araCp,18.0,93,4,GTCCCGGAGGCCTCCCTAAC,89,599351
araCp,0.4,5,4,GTCATTCTTCACACCTGCCC,1,580148
araCp,12.4,65,4,GTCAGCGCAGAGTTTTCGGA,61,564383
araCp,40.0,203,4,GTAGCCGCTCCTGTTGTCGC,199,550200
araCp,18.0,93,4,GTACAGAGATTCTGTAGTTC,89,597773
araCp,22.2,114,4,GGTTGATTTGTCGCCAAAAT,110,576884
araCp,0.4,5,4,GGTTAAATGGGGGATATTCA,1,556525
araCp,47.8,242,4,GGTAGGCTTCATAAAAATCA,238,548782
araCp,16.6,86,4,GGGCCTCTCCGATGACGTCA,82,589083
araCp,0.4,5,4,GGCCTCATACTGGCACAATT,1,578715
araCp,0.4,5,4,GGCACCGATTCAAGCGATTT,1,594589
araCp,0.4,5,4,GGAGGCTGCGATGGGATGGT,1,535999
araCp,19.2,99,4,GGAAGCTGTAGGAACCAGCC,95,542717
araCp,23.2,119,4,GCGAACAAGATTTTCCGTTC,115,556168
araCp,25.2,129,4,GCCTGCAGACGCTCCGAGTC,125,556142
araCp,0.4,5,4,GCATCTGCCGTTCTTATGTT,1,543824
araCp,21.6,111,4,GCAGAGAGGGGACGTAATCC,107,560777
araCp,12.0,63,4,GCAAGCGCGCACTTCCCCCC,59,533169
araCp,19.8,102,4,GATTCTATGTTTGAACAGTT,98,559191
araCp,19.8,102,4,GAGGCTTTACCATGTAGCAA,98,554454
araCp,6.0,33,4,GAGCCATACAGCAGCCGCCT,29,587143
araCp,0.6,6,4,GAGAGGCCAATCTTAGCCCT,2,559952
araCp,0.4,5,4,GACGGGAATAGGCTACAGTT,1,540556
araCp,0.4,5,4,GACCAGACTGTCCCTTTCAT,1,557251
araCp,9.8,52,4,GAAGGTTTAGAGGGAAAAAT,48,576871
araCp,18.0,93,4,GAAGACTGGACGACATCGTA,89,535906
araCp,7.0,38,4,GAACAAAACGTATGGCACAC,34,558767
araCp,26.0,133,4,GAAATACAAGAGAATCATAG,129,564536
araCp,18.4,95,4,CTTTGTAGTCAATGCAGCCC,91,598928
araCp,17.6,91,4,CTGTTTCCCCCTGAGTAAAC,87,566257
araCp,25.6,131,4,CTGTGCGGTGCGACGTACAT,127,536715
araCp,19.6,101,4,CTCCGCATACTTACCTTTTC,97,546795
araCp,22.6,116,4,CTCACGGAGTACTGCAGCAT,112,579931
araCp,1.8,12,4,CTATGAACTCCTGAGGTTGC,8,566969
araCp,21.0,108,4,CTAGCAAGGCGGCAGGGTCA,104,570926
araCp,37.2,189,4,CGTGCGTTGATAACTCCTCG,185,528815
araCp,0.4,5,4,CGTCCGACCAGTAAAAATGG,1,554842
araCp,7.4,40,4,CGGGTAACCGGTTCCGCCGT,36,600043
araCp,20.2,104,4,CGGCTTTTCTGCGTCGGTGG,100,577481
araCp,17.0,88,4,CGGCGGTCGAGCAGCACCGC,84,534603
araCp,25.6,131,4,CGCTGGTCTTACTGCGTATT,127,596162
araCp,22.2,114,4,CGATTTACGTTTAATTCGTT,110,545819
araCp,21.6,111,4,CGATAGTAGCGAGGTAACTT,107,553199
araCp,14.6,76,4,CCTCGTTTAGTAATTTCACG,72,529716
araCp,21.8,112,4,CCGGTTATTGCTCTGGACAG,108,546628
araCp,19.8,102,4,CCAACCTTACCGGGGTTGAC,98,529194
araCp,0.4,5,4,CATGCGAATGTGTCGCCCGA,1,551253
araCp,31.8,162,4,CACCAGCTTTGCCCTCACAC,158,603320
araCp,32.8,167,4,CAATCGAGGTTGCTAGTAAC,163,535890
araCp,10.2,54,4,CAACAGTCTCTTCACTTACC,50,529142
araCp,14.0,73,4,CAAAGGTTATGTCCTGTTGT,69,581031
araCp,0.4,5,4,CAAAAAGACGCGCGTCGGAG,1,600011
araCp,11.2,59,4,ATTCTAAAAACGCGATCATA,55,536439
araCp,9.0,48,4,ATTAGATCCACGAGTGCACC,44,561544
araCp,17.4,90,4,ATTACCAATCTGTATATGGG,86,587239
araCp,0.6,6,4,ATGATTAAAACCAGGTGCCC,2,525700
araCp,0.4,5,4,ATAGGTCTTAAGGTACGAAA,1,589580
araCp,0.4,5,4,ATACAGATCAACGGATTTTG,1,595969
araCp,0.4,5,4,ATAATGACGTCAGAAGCTAG,1,584404
araCp,8.6,46,4,AGGCGTCTATATGGCAGCTG,42,551725
araCp,10.8,57,4,AGCCCGGGCGGGTCCCATTA,53,587973
araCp,23.8,122,4,AGCACTCGAGGATCGGTCAT,118,581361
araCp,0.4,5,4,AGATCACGCCTAATTAAGGC,1,547927
araCp,0.4,5,4,AGAGGATATGGCCGTCCGCT,1,563673
araCp,0.4,5,4,AGAGCATAAGGTTGTACAAA,1,574406
araCp,8.4,45,4,AGAACCGTACAGTTTAGAAG,41,528957
araCp,10.0,53,4,ACTCCACGTTCTACATCTTC,49,573649
araCp,13.0,68,4,ACGTCTACCGGTCGAAATTA,64,599850
araCp,24.6,126,4,ACGCAATTTAGGATCTCGGA,122,540168
araCp,47.2,239,4,ACCGTCGTAGTCACTAATTA,235,575341
araCp,0.4,5,4,ACCGCTGGAACAGTCGATCC,1,584330
araCp,11.8,62,4,ACCCACGGCCAGTAAGCTAT,58,541378
araCp,11.0,58,4,ACATTTTGGACGTATGCAAA,54,590758
araCp,12.4,65,4,ACAGGGATACTTTCATTTTG,61,546842
araCp,0.4,5,4,ACAGCGTTTCACAGTGTTTT,1,531128
araCp,9.6,51,4,ACACTCGGTGAGGAAGATTT,47,596154
araCp,51.6,261,4,ACACTACTCTTTATCCCGAA,257,597820
araCp,0.4,5,4,AAGGGAAACCGACCCAGCAA,1,585917
araCp,0.4,5,4,AAGCGTTTGCAATTGAATAT,1,576407
araCp,0.4,5,4,AACTCCCAATTACCTAGACG,1,548071
araCp,17.6,91,4,AACGGTTCGACCGCTCCAAT,87,529197
araCp,0.4,5,4,AACGCACGTCATGAGAGGAT,1,584484
araCp,6.0,33,4,AACCGCCCTCGAAGACGAAT,29,546845
araCp,0.5,4,3,TTTTCAACTATATGAGCCCT,1,568903
araCp,18.5,76,3,TTTGGTGACTTCAGCAGGAT,73,529760
araCp,26.25,107,3,TTTCCGGTCCTAGTTAAGAC,104,579580
araCp,27.25,111,3,TTGCTAAGGTGTCCGTTTCC,108,528972
araCp,21.25,87,3,TTGCGTTGTTCCTAGTCCTT,84,562792
araCp,7.75,33,3,TTGCAGTGAACTGAGAATCA,30,578345
araCp,0.5,4,3,TTGATGCGCGATGCCTCAAT,1,578040
araCp,0.5,4,3,TTCTGGACGGAACGCCCTCG,1,544530
araCp,42.5,172,3,TTCCTCATCGGCTTAAACAT,169,592473
araCp,0.5,4,3,TTATGATATATCTACACTGC,1,567368
araCp,22.25,91,3,TTAAGAGATTTCAGACCTCA,88,553533
araCp,0.5,4,3,TGTGGTCGCGCATCGGCAAT,1,537285
araCp,1.0,6,3,TGTCTGCCGGATTCTTTTCA,3,526731
araCp,85.75,345,3,TGGGTTGTGGGGATGACTCA,342,589674
araCp,20.75,85,3,TGGCCGGGATTCCCGGCTGA,82,546686
araCp,17.25,71,3,TGCCTTATGAGACGGTCGTC,68,537816
araCp,6.75,29,3,TGAACTGGGCAATGGGGCCT,26,594849
araCp,28.25,115,3,TCGTAGTAAAACCTACCTAC,112,594855
araCp,0.5,4,3,TCCTTCCATCCCTCGTACCT,1,526087
araCp,16.5,68,3,TCCGTTCCCTTTAAAGCGCA,65,589713
araCp,23.0,94,3,TCCCGTTTGTGATCCGGAGT,91,546743
araCp,40.5,164,3,TCCAACGAAGTAGAAAATTA,161,589691
araCp,1.25,7,3,TCAGCGAAAACCGCAAGAGC,4,539657
araCp,6.5,28,3,TCACGCAGGGCTCCTCTCTT,25,594532
araCp,10.0,42,3,TCAAACTATAGGGCTGGGAT,39,593746
araCp,0.5,4,3,TAGCATAGCCAAAAAGACCG,1,546851
araCp,93.75,377,3,TAGAGGTACCGCGGGCTAGG,374,531332
araCp,0.5,4,3,TAGAAGCCGGACCAAGCAGG,1,536072
araCp,0.75,5,3,TACGTCTACAACATCATGGA,2,601311
araCp,49.75,201,3,TACGTAAGCAAGGGGGACGA,198,558389
araCp,30.25,123,3,TACGAATATGGATTATAGTG,120,525824
araCp,0.5,4,3,TAAGTTACTGATCTGTGATT,1,592327
araCp,1.0,6,3,TAAGGGTTGGGCAAGACGCC,3,584133
araCp,72.25,291,3,GTTTCTAGCCCCGTTATATT,288,579125
araCp,0.5,4,3,GTTGTGATGGCCCGAGCCAC,1,599355
araCp,0.5,4,3,GTTGAAATACTTTACATAAC,1,570181
araCp,9.25,39,3,GTTCATCGACGAGCAAATAC,36,564048
araCp,25.75,105,3,GTTAAAGTTTGCACATTGGA,102,583894
araCp,0.5,4,3,GTGTCCGGGCTATGGTATAG,1,581576
araCp,21.75,89,3,GTGCTTTCGATAATATGCTT,86,585407
araCp,26.25,107,3,GTCTCCTATGCCCCGAACGC,104,550614
araCp,1.5,8,3,GTCTCAGTTGGGCTGATGCA,5,554310
araCp,0.5,4,3,GTCAGGATTGTAGTGTGGAT,1,550355
araCp,24.75,101,3,GTATCGCTACCGACTGCTAA,98,548773
araCp,0.5,4,3,GTAGGAGTTGACCGGACAAT,1,570614
araCp,31.0,126,3,GTACACTGCGGATCTAAACC,123,574995
araCp,18.0,74,3,GGTTGTGCTTAGATCTCCCC,71,560404
araCp,4.75,21,3,GGTTCATTCAACGACTTATT,18,568068
araCp,31.5,128,3,GGTAGGGGGCTTGTCGGATA,125,558047
araCp,0.5,4,3,GGCGGGTTCTGGGGCGGATC,1,573946
araCp,28.0,114,3,GGCGGATCCAAGTTCGAGTA,111,587249
araCp,6.0,26,3,GGCCGCATAATACTGCAGGT,23,565413
araCp,16.75,69,3,GGATAACAAATCCGAGTCAG,66,594366
araCp,31.0,126,3,GGAAGAGCGACTGCTACTGC,123,564433
araCp,2.75,13,3,GCGGAAGACCGTCATCTCAC,10,547347
araCp,21.5,88,3,GCCGGTCCGGCCTGCACTGG,85,528793
araCp,2.25,11,3,GCACTATCGGAAGGGCCGTA,8,589537
araCp,0.5,4,3,GATTACCAGCCAGAGTTAAT,1,526080
araCp,26.0,106,3,GAGATGTTTTGCTAGCTAGA,103,529208
araCp,27.5,112,3,GACAACGGGCGCACGTACTG,109,593685
araCp,0.5,4,3,CTTATCTCGCGCCCCGTCGC,1,560617
araCp,17.25,71,3,CTGTTAGTGTCATCTTGTCT,68,534982
araCp,1.25,7,3,CTGTCTTGTAAATGTGAATG,4,544014
araCp,25.75,105,3,CTGTCGGCTTAACTAGATTG,102,588805
araCp,0.75,5,3,CTGTCCCTTGGTCGGTTGAC,2,545274
araCp,85.0,342,3,CTCCAGTTTTCCAAACCCTC,339,531336
araCp,32.0,130,3,CTCACCCAGGCGGAACGCCA,127,574252
araCp,0.5,4,3,CTAGCGCACGACTTCGAGAA,1,530896
araCp,0.5,4,3,CGTTGAGGGGATGCTGTCTC,1,564701
araCp,0.5,4,3,CGGGTCCGCTCAATTGGCTG,1,527569
araCp,17.0,70,3,CGGACTAACCTAACGGACAT,67,582966
araCp,26.5,108,3,CGCGCTGTCTATTCTAGCTT,105,529755
araCp,5.5,24,3,CGATATACCCCCAGTGATGT,21,532780
araCp,0.5,4,3,CGATAGAAAACCTTGCCGGT,1,585489
araCp,20.5,84,3,CCGGTCAAGTGGGCTGGTGC,81,564643
araCp,54.0,218,3,CCGCTATTTATGACAGTATA,215,531580
araCp,25.25,103,3,CCATCTATCTCTCCCTTTGC,100,603009
araCp,39.5,160,3,CATACCCAGTTAGACTATAG,157,597769
araCp,0.5,4,3,CAGGTCGCCAGTAAAAGTTG,1,540326
araCp,38.25,155,3,CAGACTTAGAGGACCCGAGT,152,603319
araCp,11.25,47,3,ATTTCTAGTTGGCCGTGCGA,44,583403
araCp,30.0,122,3,ATTCTGAAAGAACGGTTTGA,119,526364
araCp,33.5,136,3,ATTCCGCCGTAGCAGTTCGA,133,591784
araCp,31.0,126,3,ATTCAGGCTTGGGTCCCTTT,123,579859
araCp,11.0,46,3,ATTCACGCTAAGGAAGAGAG,43,549335
araCp,23.5,96,3,ATGGGGATAAAGTGAGGCAA,93,576349
araCp,21.5,88,3,ATGATGCACGCCCGATGAAG,85,580627
araCp,0.5,4,3,ATCGATATGAACGACCAGCT,1,585769
araCp,7.0,30,3,AGTTACCCGAGCCGTACCTA,27,561327
araCp,27.25,111,3,AGTCTCATAGCCGCCAATTC,108,562048
araCp,0.5,4,3,AGGGCCACTTCTATGTATCT,1,578300
araCp,24.0,98,3,AGGCGGATTCGGAAGCTGAT,95,548780
araCp,29.25,119,3,AGGATACGCTGCGTTTGACG,116,576346
araCp,15.25,63,3,AGGAGATGGTCGTCGCAGCT,60,575300
araCp,25.25,103,3,AGCTAAAGTACATGCGCGAT,100,588418
araCp,76.0,306,3,AGAGACATATATTTGAGACG,303,596188
araCp,25.0,102,3,AGAAAACGAGATGATTCCAG,99,530459
araCp,14.0,58,3,ACCCGTCGAATAGGACGTTT,55,589706
araCp,0.5,4,3,ACATCTCAGCGGTCCATTGA,1,586201
araCp,0.5,4,3,ACATCCTTGGGTAGCGCTGA,1,593668
araCp,14.25,59,3,ACAACGTCCATAATTAAAAA,56,552786
araCp,59.5,240,3,AATGTGTGGGGTTCACCGCA,237,575319
araCp,13.5,56,3,AAGTCCGGCGACGTATTGAC,53,547968
araCp,30.75,125,3,AAGGCATCCCGCGAAGTTCG,122,554619
araCp,0.5,4,3,AAGAGGGCATATATCAGAGA,1,600810
araCp,0.6666666666666666,3,2,TTTGGTATGTATAGAATAAG,1,570344
araCp,24.666666666666668,75,2,TTGTGCGCCCATGGTCGCAA,73,530982
araCp,17.0,52,2,TTGTCGTCATAGCGTGCATA,50,559950
araCp,0.6666666666666666,3,2,TTGCTCTCTCTTTTAGGGTT,1,570318
araCp,0.6666666666666666,3,2,TTGCAGTACTTATACTACCC,1,550112
araCp,4.0,13,2,TTCGACCAGGGTCCATCCCT,11,585457
araCp,0.6666666666666666,3,2,TTCCCGACCTCCTTCAGTCT,1,594502
araCp,13.333333333333334,41,2,TTAGGCAATACGATCCGATA,39,595980
araCp,24.333333333333332,74,2,TGTAGGAGTACGTTGCGGGT,72,534647
araCp,16.0,49,2,TGGCTCTATTGCAAGTAAGT,47,557140
araCp,0.6666666666666666,3,2,TGGCCGTCTACGGTGCGCGC,1,530054
araCp,0.6666666666666666,3,2,TGCAGCTAAAGTTACTGATT,1,596413
araCp,23.666666666666668,72,2,TCTGATCGAATACGCTCTCA,70,589685
araCp,12.666666666666666,39,2,TCTCGGAGAGTTACGGCTCT,37,576435
araCp,0.6666666666666666,3,2,TCGGGCGTCTTGGTCCATCG,1,557997
araCp,0.6666666666666666,3,2,TCGCGATTCTGGTAAAAGGC,1,556219
araCp,0.6666666666666666,3,2,TCCCGAAAATCTCAGCAACC,1,543756
araCp,30.666666666666668,93,2,TCCACCTAAGTTGTAGCCTG,91,589529
araCp,45.666666666666664,138,2,TCATGATTAGTCGTTCGTTA,136,585460
araCp,35.666666666666664,108,2,TCACATCCCAATTAGTCGGT,106,540640
araCp,23.333333333333332,71,2,TATCGATTCTGTCTAAGAAT,69,592446
araCp,0.6666666666666666,3,2,TATCCCAAGTGTTTTATTCC,1,597205
araCp,18.666666666666668,57,2,TAGGTCTCAGGGGAGATCCA,55,540702
araCp,31.666666666666668,96,2,TAGCCCAATGGTTGTCGTTT,94,579919
araCp,0.6666666666666666,3,2,TAGAAGGTATAGGTTGGTAC,1,573463
araCp,30.333333333333332,92,2,TACCCAAATTAGATGGTCTT,90,602853
araCp,0.6666666666666666,3,2,TAAGAAAAGGTCTGCTGGCG,1,591648
araCp,29.0,88,2,TAAATTAATACTCTGAAGAA,86,576567
araCp,38.333333333333336,116,2,TAAACACCTTTGGCCACAAT,114,553974
araCp,15.666666666666666,48,2,GTTAATCATTCCCGAGTTGT,46,582586
araCp,68.33333333333333,206,2,GTGTACATTATATGGTACAT,204,589672
araCp,47.333333333333336,143,2,GTGTAACCCCGTCTGCCTAA,141,595546
araCp,0.6666666666666666,3,2,GTGGAATTCGGGAAGTTAAT,1,594335
araCp,29.666666666666668,90,2,GTGCTTCCGGAGCCCGTGAT,88,596150
araCp,20.0,61,2,GTCAGTTGAGGGCACTAAGG,59,583936
araCp,0.6666666666666666,3,2,GTACCAGCTCGTGGAGCTCC,1,579937
araCp,31.333333333333332,95,2,GTAAAAATGAAGCCCTATAT,93,593205
araCp,22.666666666666668,69,2,GGTTAAAGCAAGTTGGTCAG,67,596103
araCp,0.6666666666666666,3,2,GGTCTCAGGATAATCCAACA,1,588759
araCp,27.333333333333332,83,2,GGTCTATAGGATAATGGGGC,81,596149
araCp,0.6666666666666666,3,2,GGGGCGGGACCTGAAAAACT,1,570737
araCp,29.333333333333332,89,2,GGCCTGCTAGAGACCAGCCA,87,560845
araCp,21.333333333333332,65,2,GCGCTTGAGGAATATCGTCT,63,575064
araCp,30.0,91,2,GCCTACTACGCAAGTTCATG,89,577868
araCp,32.333333333333336,98,2,GCCGCCTTCAGATAGTTCAC,96,596404
araCp,36.333333333333336,110,2,GCATCTCTTGCGGCAGAAGA,108,547316
araCp,0.6666666666666666,3,2,GCAGAGTGCAAGTCTTCCAC,1,539396
araCp,0.6666666666666666,3,2,GATGGGATGAGATTGAACGG,1,594069
araCp,27.666666666666668,84,2,GACTACGGAGATGACTAGAG,82,553093
araCp,37.666666666666664,114,2,GACGCTGTTAGGGACCAGAC,112,536809
araCp,0.6666666666666666,3,2,GACCCGCCCCCGGTGTGAGT,1,582791
araCp,33.0,100,2,GAAGCAAGCGTTCCCTCGTG,98,530516
araCp,30.0,91,2,CTTTCATTCTGTCGTGGAAT,89,554623
araCp,24.0,73,2,CTGTAGGGCAAATACCGAAT,71,594840
araCp,4.666666666666667,15,2,CTCGGAGCTTGTGCATGCAG,13,594831
araCp,24.666666666666668,75,2,CTCCACTTGGACTAGAAACA,73,526563
araCp,0.6666666666666666,3,2,CTCAACGCGCCATCATAGTA,1,569167
araCp,33.333333333333336,101,2,CTACCCGTATACTTGATCTT,99,583031
araCp,57.333333333333336,173,2,CTAACTGTACTCGTTCTACC,171,556651
araCp,0.6666666666666666,3,2,CGTTCGAATTGAGGTGTGGC,1,578224
araCp,28.333333333333332,86,2,CGGCATTTTTTTTTCAAAAA,84,528812
araCp,21.0,64,2,CGGATAGTAATCTTACGAGA,62,542436
araCp,35.333333333333336,107,2,CGCCTTGCGCATGAGGGTGC,105,588810
araCp,47.0,142,2,CGAGGGCCGTGAAAGAGCGT,140,594864
araCp,42.333333333333336,128,2,CGAGGGACGCACCCAGACGA,126,568312
araCp,24.0,73,2,CGAGCATGTGCCCTTCACTC,71,551430
araCp,40.333333333333336,122,2,CCTAGCGGTTATTTCACGGT,120,597367
araCp,14.0,43,2,CCGAGGTTAATGTTCTATGG,41,562124
araCp,0.6666666666666666,3,2,CCCTGATGCGAGCCACCAGT,1,567622
araCp,0.6666666666666666,3,2,CCATGCCCCGGTAGCCGGAT,1,576374
araCp,78.0,235,2,CCAAAGAGAAAGTCTCGGTC,233,576813
araCp,11.0,34,2,CATGTTAAGAGCGCCTTCAG,32,557228
araCp,7.333333333333333,23,2,CATCGCATGACCAACATTGA,21,565397
araCp,41.0,124,2,CAGACGGCTACACGCTGCAG,122,553247
araCp,24.0,73,2,CAAGGAAGGGGGAGCGTATT,71,582642
araCp,16.333333333333332,50,2,ATTGTATAGTGGTGAGACGT,48,535884
araCp,1.6666666666666667,6,2,ATTGATAAACACTTTAGAAG,4,557131
araCp,24.333333333333332,74,2,ATTGAGACACTCTCATTAGC,72,596990
araCp,0.6666666666666666,3,2,ATTCCCAATGCGAACACCTA,1,602786
araCp,25.333333333333332,77,2,ATTCAGTGCGGAAGTCATTT,75,554622
araCp,38.666666666666664,117,2,ATTAACTGTCTTACAGGTAG,115,576345
araCp,0.6666666666666666,3,2,ATGTGATCCGCACTGACAAG,1,579906
araCp,30.333333333333332,92,2,ATGCTACATCGGATCGCATT,90,571616
araCp,0.6666666666666666,3,2,ATCCCGCATTACAGAGCAAA,1,534843
araCp,4.666666666666667,15,2,ATATCCTTTATCCCACTCTG,13,530095
araCp,37.0,112,2,ATATCCAGCCGTGCAGGCTA,110,566277
araCp,14.333333333333334,44,2,ATATATATGTGGAAGGAATG,42,529224
araCp,33.333333333333336,101,2,ATACGGCAATCAGTGGAGAC,99,534630
araCp,30.0,91,2,AGTTTTACAATTGGGAGGGC,89,596186
araCp,31.333333333333332,95,2,AGTATACATGGACTGGGTTT,93,599584
araCp,0.6666666666666666,3,2,AGGCTAAAATAATTGCTTCA,1,569995
araCp,34.666666666666664,105,2,AGAGTACCAGGCCATCGCAA,103,570541
araCp,8.666666666666666,27,2,AGACTTCTAACTTTCGGTAA,25,595066
araCp,1.0,4,2,AGACTACCACTGTAACTAGT,2,545197
araCp,0.6666666666666666,3,2,ACTTGGGGGTGATGACGCTA,1,593568
araCp,40.0,121,2,ACGTTATTAGCAAGCGCTGT,119,529252
araCp,29.333333333333332,89,2,ACGGACCGTTATCCCTTTTA,87,596157
araCp,0.6666666666666666,3,2,ACGATAGACATTGGTTTGAG,1,582844
araCp,8.333333333333334,26,2,ACCTAATGCATAACCCTTGG,24,597845
araCp,29.333333333333332,89,2,ACCTAATCCCCTGGTGTACA,87,541955
araCp,39.333333333333336,119,2,ACCTAATAGTTGATATCTTC,117,566021
araCp,0.6666666666666666,3,2,ACATGTAACATTGGGCGCTA,1,600677
araCp,11.666666666666666,36,2,AATTGGAAACACGGGTCAAT,34,554486
araCp,24.666666666666668,75,2,AATGGTCCCACGGATGTGCA,73,537800
araCp,2.0,7,2,AAGGAGACGTAGGGCTTTCG,5,593414
araCp,0.6666666666666666,3,2,AAGATACTAAAACGCATACG,1,537888
araCp,40.666666666666664,123,2,AACTGAATTTTCCGTAACGA,121,578498
araCp,58.333333333333336,176,2,AACGGAAATGGTTCCCGCAA,174,573097
araCp,55.5,111,1,TTAGGTGTGTGTTTCACGCC,110,542497
araCp,48.0,96,1,TTAAGCTGCTGTTTACGTGG,95,536899
araCp,61.0,122,1,TGTTCTGTGATGGGGAGGTG,121,531340
araCp,42.0,84,1,TGTTAGTGATCGTCTAGGGG,83,585856
araCp,58.0,116,1,TGTACGAGCATAGAATGAGA,115,596163
araCp,1.0,2,1,TGGGGTGGGTATGTCGTATC,1,598106
araCp,1.0,2,1,TGAGAAAAGACTTATCCTTT,1,582069
araCp,54.5,109,1,TGACTTGACATCAGTCCCCG,108,594476
araCp,3.5,7,1,TGAACAAATACGTCCCTCCA,6,580020
araCp,42.0,84,1,TCTAGAGGTGCCGTTGAATC,83,528627
araCp,31.0,62,1,TCGGTTAAGTGTGAAGATTT,61,564496
araCp,1.0,2,1,TCGGTCATAGCGAGTGCGCA,1,577832
araCp,1.0,2,1,TCGCTAGGAGCGGATAGCTT,1,537596
araCp,49.5,99,1,TCGCCGCGGTGTGGTATATT,98,544980
araCp,14.0,28,1,TCGATAGCACCATATGGACA,27,550426
araCp,35.5,71,1,TCCTTCTTTTTCAGGTTTGG,70,567758
araCp,14.5,29,1,TCCTACGCAAGGACAGGGCC,28,594886
araCp,27.5,55,1,TCATTGTTGTTTAAAATTAA,54,536275
araCp,26.0,52,1,TCAGGTCGGTAGTGGCCCAG,51,550627
araCp,38.5,77,1,TATCCAATGGCAAGAATAAT,76,529720
araCp,66.0,132,1,TACTCGTAATGCTTACAGGA,131,528840
araCp,1.0,2,1,TACCGTTACGGTTTGTGTTT,1,583083
araCp,47.5,95,1,TAATGCTAGGCAGCTGCGAT,94,575474
araCp,17.5,35,1,TAACTAGCGGTCTCAATCCA,34,575323
araCp,1.0,2,1,TAAATGATTCGGGTTAAGTC,1,578521
araCp,12.0,24,1,GTTACACTCCGGGGGGGAAA,23,600453
araCp,1.0,2,1,GTGGTACAGACGGCACCTTA,1,538180
araCp,1.0,2,1,GTGCTGCACTGACTGCTTCG,1,578905
araCp,51.5,103,1,GTGCGTAGGGTCCCAAGTCC,102,568947
araCp,1.0,2,1,GTCGTTTGAAACGCTTAGTT,1,532383
araCp,30.0,60,1,GTCGCGGCAAGGGAAATGCC,59,531339
araCp,4.5,9,1,GTCAGACTTCTCCCTCTTTG,8,583892
araCp,1.0,2,1,GTATACCTGATAACTCTTCA,1,555161
araCp,1.5,3,1,GGTTTCCGAAGGGGAATTCA,2,529025
araCp,1.0,2,1,GGTTAGACACCGAAGTTATC,1,556673
araCp,1.0,2,1,GGTTAGAAGGACAGAGCGGC,1,579108
araCp,38.0,76,1,GGGTTTATAAGATAATCCAT,75,578900
araCp,1.0,2,1,GGGGGCCGGAGCGAGACAAG,1,536882
araCp,35.5,71,1,GGCCTGACACTCTGTATTCT,70,529199
araCp,26.0,52,1,GGCCCTGTATTATTGGTTAG,51,556657
araCp,1.0,2,1,GGCAATGAATCACTCATTTA,1,575639
araCp,2.5,5,1,GCTTAACTTGGAAAGACCTT,4,573528
araCp,1.0,2,1,GCTCGGCCAGACTCATCACA,1,591119
araCp,27.5,55,1,GCGGATAGGGAAACCTAATT,54,589700
araCp,78.5,157,1,GCGCGGTCTCCTTGTTGAAA,156,532297
araCp,78.0,156,1,GCATTGAAGTTGCCTTGGCC,155,602947
araCp,39.5,79,1,GATGTTGCATCTACGGGTGG,78,529336
araCp,29.0,58,1,GATGGTTCCTTATAATCGTA,57,530952
araCp,1.0,2,1,GATGATCGCTTCACATCAAA,1,560368
araCp,70.0,140,1,GATCATAGTAGATCTACCAT,139,538667
araCp,73.0,146,1,GATCAGAGAAAAGATCGATG,145,559553
araCp,81.5,163,1,GAGGCACCGACAACTGAAAC,162,530117
araCp,6.0,12,1,GAGGATCCTCAGTATGCTAT,11,530057
araCp,1.0,2,1,GACGATCAAAGCAGTCTCTG,1,590409
araCp,49.5,99,1,GACCAGGTGCTTAAGGCCGG,98,581502
araCp,1.0,2,1,GACAAAACTTACTATCTCGT,1,530960
araCp,1.0,2,1,CTTGGGCGCGAATACAACCA,1,549131
araCp,44.5,89,1,CTGTCGTGAAGTTTACAAGA,88,562097
araCp,24.5,49,1,CTGCGCGGCGGTTTGGTGAT,48,565435
araCp,77.0,154,1,CTCTGATGTTGGGTCAGCCG,153,579916
araCp,7.5,15,1,CTATGATAGTCATGCTGCCT,14,540321
araCp,28.5,57,1,CTACCTGTCTTAATGCAGTC,56,578699
araCp,11.0,22,1,CTACCAGTTTCTCGATCGCC,21,559812
araCp,1.0,2,1,CTACACATCTGCATGTTGCG,1,533824
araCp,54.5,109,1,CTAATGGTACAGTGCCTAAA,108,570368
araCp,37.5,75,1,CGTCGGTCCTCGGTTACCAG,74,582691
araCp,1.0,2,1,CGGGTCCCAAATCGGATGTC,1,590226
araCp,66.0,132,1,CGCCATGAAGTCCGGTATAA,131,546550
araCp,60.0,120,1,CGAAGTCTGAGAACGCGTAT,119,601791
araCp,48.0,96,1,CCTGGCATACTCAGTCCCCA,95,566808
araCp,1.0,2,1,CCTGACCCTTTTATTCGGTA,1,561503
araCp,56.0,112,1,CCGTTTCAGTCATCCGTTGG,111,598526
araCp,20.5,41,1,CCGGACCGGTACGCTTTTGG,40,552905
araCp,41.0,82,1,CCGACCGCCCACTCGAACGG,81,602659
araCp,43.5,87,1,CCCCACGAGATCGATGGAGC,86,550297
araCp,1.0,2,1,CCCAGAGGTCAGTTACCAAA,1,534689
araCp,12.0,24,1,CCATGCCCTACCCATCCTCT,23,569403
araCp,64.0,128,1,CCATCCACAAGTAAGGCTAG,127,591315
araCp,67.5,135,1,CCAACCGTCATTCTAAAACT,134,585447
araCp,1.0,2,1,CATGGCTTATCGCTTACGAT,1,574541
araCp,1.0,2,1,CATCACCAAGGAGGGCTAAT,1,580112
araCp,50.0,100,1,CAGCCTAAACGTGTAAGTAA,99,592445
araCp,8.5,17,1,CACTCGGTGGGGGGGTTGTC,16,571823
araCp,50.0,100,1,CACCCCATTTCGTCGCTACA,99,554524
araCp,30.0,60,1,CAATAATTCCGTACCTCTGT,59,526671
araCp,47.0,94,1,CAAACTCATTCGGGCTCGCA,93,597938
araCp,19.5,39,1,ATTCTGGAGGGTGGTGGTTT,38,578059
araCp,1.0,2,1,ATTCCACTCTTTGAGAAGAA,1,585152
araCp,1.0,2,1,ATTACGCTACACGGAATCAT,1,558279
araCp,1.0,2,1,ATGATAAGAGATTAGGTCGG,1,592436
araCp,1.0,2,1,ATCCAAGGAATTCCTGCACT,1,597206
araCp,15.5,31,1,ATCATTTGAACATTGGCCGT,30,583026
araCp,33.0,66,1,ATCACGCGGAAAATGTGCCC,65,534626
araCp,1.0,2,1,ATAGTAGCCACGTATACTCA,1,556340
araCp,55.0,110,1,ATACAATGGAGCATTAACTC,109,532690
araCp,1.0,2,1,ATAAATAACAGGTCCTGTTC,1,533683
araCp,1.0,2,1,AGTTATGGCTTCCTCCTCCT,1,589509
araCp,48.5,97,1,AGGGCAGCAGCCGCTTACGT,96,556643
araCp,55.5,111,1,AGCGAAGTTATTACAGGGTG,110,591759
araCp,16.0,32,1,AGATTTCCATTAGCGCTCCG,31,578045
araCp,119.5,239,1,AGAGCTGTGTTGGGACGGAA,238,578812
araCp,35.5,71,1,AGAAATTACACTATGACCAA,70,569135
araCp,1.0,2,1,ACTGGTCAGAGGCAGGTAGT,1,543062
araCp,58.5,117,1,ACTGAGGTGCGTAGCACCTT,116,580377
araCp,1.0,2,1,ACGTCATACTCTCGGGATAA,1,570777
araCp,38.5,77,1,ACGCAACTGTGCGATAGGAA,76,583791
araCp,64.5,129,1,ACCGTTAATAGAGACATCCC,128,558188
araCp,57.5,115,1,ACCATTTCTGCGTAACCAGG,114,580896
araCp,58.0,116,1,ACATTCGTAACCGTCCACAC,115,552002
araCp,16.5,33,1,ACATTAGGAAACAAGGCAGT,32,571360
araCp,1.0,2,1,AAGTCTCCGGAAACGTACAC,1,541434
araCp,19.0,38,1,AACTGCCTTCCTGTTGACTC,37,541548
araCp,124.0,248,1,AACTCTAGACAGTTTCGCTA,247,592454
araCp,1.0,2,1,AAATTCACATTTGAGCTGTA,1,544238
araCp,0.006666666666666667,149,149,TGAGGGGTAGACACCGGTGG,0,527096
araCp,0.0070921985815602835,140,140,AGCCAGTGGAATAAGCCCAT,0,572801
araCp,0.00819672131147541,121,121,AGCCAGACAGGAGGAGTGTC,0,537946
araCp,0.008620689655172414,115,115,GTAGGTGCGGGCGGAAATAC,0,526316
araCp,0.008849557522123894,112,112,CCAGGATATGGACCGTCGAA,0,538242
araCp,0.008928571428571428,111,111,TGAAGGGCAATTAACTTGTG,0,533095
araCp,0.009009009009009009,110,110,GTCTGGATGATTTTCGTACA,0,568066
araCp,0.009259259259259259,107,107,CTGCATAACCGTCTCCTGTC,0,540888
araCp,0.009433962264150943,105,105,TTCTAACGGCGCTTGGGCCA,0,533455
araCp,0.009433962264150943,105,105,TCCTAGTCGAGCCGTCTCTA,0,568939
araCp,0.009523809523809525,104,104,CCCCTCAGAACGAGCTACAG,0,570078
araCp,0.009615384615384616,103,103,GCTGTGTTAAGGAATTTCGA,0,592532
araCp,0.009615384615384616,103,103,CGCAGCCTGTGGCGCCGCTA,0,529492
araCp,0.009708737864077669,102,102,GCTTAGTGGCCATTCTCGCA,0,570284
araCp,0.010526315789473684,94,94,GGGTCGCACACCCCAGCCCA,0,536006
araCp,0.010752688172043012,92,92,CACACAAGTAGGCCGAATTG,0,540165
araCp,0.010869565217391304,91,91,AGGAACCCCTATTACTGCCA,0,528281
araCp,0.011111111111111112,89,89,CAATTTTTCCAGTCGGGGGC,0,587480
araCp,0.011235955056179775,88,88,TACGGGGGAAGTAGGCTAAT,0,560977
araCp,0.011494252873563218,86,86,GAACCCCCAGACCCAGTAGA,0,567228
araCp,0.011627906976744186,85,85,GGTTGAATACCACAGCTTCC,0,578314
araCp,0.011764705882352941,84,84,CTACGGGACCGGCATCCAAG,0,571212
araCp,0.011904761904761904,83,83,TTTTGAGCAATATCCACGCA,0,551853
araCp,0.011904761904761904,83,83,CACGTGGCCGGTTGGGCTAC,0,583678
araCp,0.011904761904761904,83,83,ACGGCGTAGGGTTAGAATGA,0,576658
araCp,0.012048192771084338,82,82,TGCATATTGCGCTGTTGTCT,0,546051
araCp,0.012195121951219513,81,81,ATACTTATCGACAATATCTG,0,563708
araCp,0.012345679012345678,80,80,TGCGGGGGTATAGACATCTG,0,546660
araCp,0.012345679012345678,80,80,CGTTCATGGAACAGGTCACA,0,576465
araCp,0.012658227848101266,78,78,CAAGAAGCGACAGTTACAGA,0,573523
araCp,0.012658227848101266,78,78,AGCTCGTAGCTGCGCGGCTG,0,542556
araCp,0.012658227848101266,78,78,ACCATTTGTGATTACACACA,0,525566
araCp,0.012658227848101266,78,78,AAACGGGGCACCGCAGACGT,0,569293
araCp,0.01282051282051282,77,77,GGCCCAGGTTGCCTCCTTGT,0,540533
araCp,0.013157894736842105,75,75,GTTGGCTATTGCGCATTCGA,0,563712
araCp,0.013157894736842105,75,75,CTCAGGATCTTACTGCCCGT,0,546784
araCp,0.013157894736842105,75,75,CGGGGTGTAGTACCAGTCTT,0,570389
araCp,0.013157894736842105,75,75,ATTCATGCCTGAGTCAGCGA,0,559802
araCp,0.013333333333333334,74,74,TTGTTACCACGATCGCCGCA,0,547550
araCp,0.013333333333333334,74,74,GTACCTCCCGGACCTTATGT,0,526317
araCp,0.013333333333333334,74,74,GCATTCCGCATCTCAAGGAG,0,539104
araCp,0.013333333333333334,74,74,ACTGATTCCCGTCGTCGCCA,0,530671
araCp,0.013513513513513514,73,73,TACAAGAGATATGTAGGCTA,0,560481
araCp,0.013513513513513514,73,73,CGGTTTTATGTCCCAAGCCT,0,576939
araCp,0.013513513513513514,73,73,CCGACTGTATACCGGGTACG,0,536067
araCp,0.013513513513513514,73,73,CCCGGACATGAGGATGACGT,0,532603
araCp,0.013513513513513514,73,73,AAGGGACATAGCTTCAGAAA,0,565658
araCp,0.0136986301369863,72,72,GGCTGGTCGAACGGTTCACT,0,535619
araCp,0.0136986301369863,72,72,GGACCATAGCGTCGGATTAA,0,562328
araCp,0.0136986301369863,72,72,GCATCAAGGCCGTGGGCGAA,0,592483
araCp,0.014084507042253521,70,70,CGCTTGCGTGCGAGCATGAT,0,530874
araCp,0.014084507042253521,70,70,ACGCGAATGGGCCTGCTTTA,0,544444
araCp,0.014492753623188406,68,68,TCTGGTGGCGCTACTCAAAC,0,527199
araCp,0.014492753623188406,68,68,TCGCTATCGGATTTCTCTAT,0,551053
araCp,0.014492753623188406,68,68,CTTCGAAGCAACTTGTCAGT,0,554400
araCp,0.014492753623188406,68,68,CTGCGACTTAGGCTCAGACA,0,569787
araCp,0.014492753623188406,68,68,CTATAGCTTCAAGGAATATA,0,527603
araCp,0.014492753623188406,68,68,CAGACTCATGAGCCCAAGCA,0,565656
araCp,0.014705882352941176,67,67,TTGCCTCTGTTTAGGAAGTT,0,584037
araCp,0.014705882352941176,67,67,AATTTAGTGTGCGTGGCGCA,0,527604
araCp,0.014925373134328358,66,66,TTTAACCCGCTGGGGGGACA,0,538641
araCp,0.014925373134328358,66,66,TCAGACAGCCATCATCTAGA,0,531232
araCp,0.014925373134328358,66,66,GTGGATTGGGAAGTCGGTCT,0,547087
araCp,0.014925373134328358,66,66,GGGTAACTAACTGTATCGGT,0,541197
araCp,0.014925373134328358,66,66,GCTGCAGCGCCCTTAGATTG,0,542755
araCp,0.014925373134328358,66,66,ATGCGCAGGGACTCTCGGGT,0,542830
araCp,0.014925373134328358,66,66,ATCTCTTGAGGCAAGCTGTA,0,541479
araCp,0.014925373134328358,66,66,AGTCTGAGCGTAGTTTGTAA,0,535614
araCp,0.014925373134328358,66,66,AGAGAACCAGAGCTGGGAAA,0,558174
araCp,0.014925373134328358,66,66,AACCGACCATGATATCGGCC,0,527672
araCp,0.015151515151515152,65,65,GGGCAGGACTCCCGGTCGAT,0,560131
araCp,0.015151515151515152,65,65,CGAATCGTTGCGCTGCGAGA,0,540335
araCp,0.015151515151515152,65,65,CATGCATAAGGTCTTGGGTA,0,533340
araCp,0.015384615384615385,64,64,GTGGTGTCACGGGCCACAGA,0,551233
araCp,0.015384615384615385,64,64,CTTATAAAAACGTGGTAAGT,0,531610
araCp,0.015384615384615385,64,64,CTAAAAGAGTTAGATTTGAA,0,549349
araCp,0.015384615384615385,64,64,CCACAGCTTTGATAAACAAA,0,525737
araCp,0.015384615384615385,64,64,CAGTAAGAGACAAAACTCAT,0,570500
araCp,0.015384615384615385,64,64,ACCGAGTAAGTAACCAGTCT,0,574791
araCp,0.015625,63,63,GGGCAGCAGCGCTCTTATAG,0,538324
araCp,0.015625,63,63,CCCCTGGCGTGTTCCGCCTT,0,560618
araCp,0.015625,63,63,AGGTCCAGGCTACGGTGGCT,0,537704
araCp,0.015873015873015872,62,62,TGGCAGTGGAGAGTCGTCTC,0,559616
araCp,0.015873015873015872,62,62,TACTTATTGACTACGATCAG,0,531071
araCp,0.015873015873015872,62,62,GTGATGCCGTCAAATAATGG,0,544158
araCp,0.015873015873015872,62,62,GGCTGTTTCGCACCTATGAC,0,537547
araCp,0.015873015873015872,62,62,GCAAGGGATGGAGGGCTGTG,0,553198
araCp,0.015873015873015872,62,62,CGTGAATGAGCGTACGGGCT,0,598923
araCp,0.016129032258064516,61,61,TTGTTGTCTGTCACAGTTGT,0,537325
araCp,0.016129032258064516,61,61,TTACGACCAACCACAGGGTA,0,589457
araCp,0.016129032258064516,61,61,TCCAATCCCCTGGGTCAAAT,0,542899
araCp,0.016129032258064516,61,61,GGGTAAGTGGACTACCCAAA,0,569494
araCp,0.016129032258064516,61,61,CGGCGGATTTAAATACCCTT,0,538897
araCp,0.016129032258064516,61,61,ACTCTAACCGTTCTTGTCGT,0,531365
araCp,0.01639344262295082,60,60,TTAGGACGCGTCGAGCATTG,0,569376
araCp,0.01639344262295082,60,60,GGCTTAGCATATCGTGCCTT,0,577493
araCp,0.01639344262295082,60,60,CCGTTGGTTAATAACAAATG,0,553348
araCp,0.01639344262295082,60,60,ATTGTACTCGAGGCACCCGT,0,528161
araCp,0.01639344262295082,60,60,ACAGTATGCGGCCTCAGGTG,0,573067
araCp,0.016666666666666666,59,59,TGGCCGGGCTACTTGTCGGT,0,578788
araCp,0.016666666666666666,59,59,TGCGCGACCTTATAGGGTTA,0,552108
araCp,0.016666666666666666,59,59,CGTTCGGTGACGAACTTGCA,0,537947
araCp,0.016666666666666666,59,59,CGTGTCGCGAACTCGATTTG,0,546257
araCp,0.016666666666666666,59,59,CGCACAGGAGGGCATATGTC,0,590923
araCp,0.016666666666666666,59,59,ATGTAATACCGGGCTCTAGA,0,544699
araCp,0.016666666666666666,59,59,ATCCAAGGGGGTCTTGCGAT,0,567556
araCp,0.016666666666666666,59,59,ACGCCGCCCATGGGCGTTTA,0,541210
araCp,0.016666666666666666,59,59,AAGCGTCGGGACCAGGGTTA,0,582059
araCp,0.016666666666666666,59,59,AAATCAATATACATACACGG,0,533927
araCp,0.01694915254237288,58,58,TCGAGCGGAGCTGATCGGTT,0,569115
araCp,0.01694915254237288,58,58,GTCGTACCTCTGTCAAATGC,0,539182
araCp,0.01694915254237288,58,58,GCGGTCCCATGTGAGCCCCT,0,570582
araCp,0.01694915254237288,58,58,CGAGAAGGTGTGTACATCAA,0,567236
araCp,0.01694915254237288,58,58,CCATGCTGGTGGCGGATACT,0,548578
araCp,0.01694915254237288,58,58,CCAGTTTCTTAGTACGTTTC,0,586543
araCp,0.01694915254237288,58,58,CATCTGGTATCCCACAGAAT,0,570740
araCp,0.01694915254237288,58,58,CAGCCACATTCGCAACTCGC,0,532604
araCp,0.01694915254237288,58,58,ACCTTCAACGTGAGGTAGAA,0,588133
araCp,0.017241379310344827,57,57,TTAACCCAAACTCGTATTAA,0,527430
araCp,0.017241379310344827,57,57,TGCAATTGTCGAAACCGGGT,0,584396
araCp,0.017241379310344827,57,57,TCCCATATCCTACCCACATC,0,564816
araCp,0.017241379310344827,57,57,TCCAGTGAGATCCCGCTGTG,0,531865
araCp,0.017241379310344827,57,57,TCAGCCTTCGATCCCGCTGC,0,538207
araCp,0.017241379310344827,57,57,GTTCTACCCCCGGTCCTTTA,0,541096
araCp,0.017241379310344827,57,57,GCTACTTACTCCGGATAAAC,0,558616
araCp,0.017241379310344827,57,57,GACTCCGGCGGAGAATGAAT,0,530875
araCp,0.017241379310344827,57,57,CGGCGCTACACGGCTTGGGA,0,535454
araCp,0.017241379310344827,57,57,CAATGTCTCTTAGCCGGGCA,0,581420
araCp,0.017241379310344827,57,57,AAGGACATTGCAGAAATGTT,0,602577
araCp,0.017543859649122806,56,56,TTGGTGCGAGTTCTTCGGGT,0,587861
araCp,0.017543859649122806,56,56,TTGCTCGCTCGTCAATAGAT,0,560332
araCp,0.017543859649122806,56,56,TCATAGAACCGGAGAGATGG,0,530445
araCp,0.017543859649122806,56,56,GTCAGCTACAAATCCGAGCA,0,587734
araCp,0.017543859649122806,56,56,GCACCAGGGTGAAGACTTTA,0,581572
araCp,0.017543859649122806,56,56,CGCGTTGAGATTGTCTGGTG,0,591706
araCp,0.017543859649122806,56,56,CAAGATGATACGTCATCAAA,0,577104
araCp,0.017543859649122806,56,56,ATAGTCTGCAGCTACCGAGT,0,554401
araCp,0.017543859649122806,56,56,ACTTTTAAAAAGTCAACCTT,0,578018
araCp,0.017543859649122806,56,56,AACTGGGAGTCATAGGCGGA,0,594334
araCp,0.017857142857142856,55,55,TTGGTTTTTCTGTACTTGAG,0,560789
araCp,0.017857142857142856,55,55,TTGCGGATCTTCGGGCCTTT,0,540855
araCp,0.017857142857142856,55,55,TTCGAAATCAATGCATACGC,0,591301
araCp,0.017857142857142856,55,55,GGGTTTCCATATATGACGGT,0,539288
araCp,0.017857142857142856,55,55,GCGGTCTTACCGACATCTTT,0,561249
araCp,0.017857142857142856,55,55,CGGTCCTCCATCACCGTGAT,0,574455
araCp,0.017857142857142856,55,55,CGGACTTCCTTTACTGCGAC,0,568992
araCp,0.017857142857142856,55,55,CCGCGCATTACAGGTCATCA,0,598025
araCp,0.017857142857142856,55,55,ATGTCGAAGTTCGGAATTGA,0,530666
araCp,0.017857142857142856,55,55,ATGGCATTGGACGGTTTTCA,0,528443
araCp,0.017857142857142856,55,55,AGCTCTGCTGTTCTAGAGTG,0,531127
araCp,0.017857142857142856,55,55,AAGGTCGCCTAACATGGATT,0,531867
araCp,0.01818181818181818,54,54,TGGTGACATTCAGAAATAGG,0,547292
araCp,0.01818181818181818,54,54,TACCGATGTCTCGAGAGTCA,0,527014
araCp,0.01818181818181818,54,54,GTTGAGCCGGACCGAGTAGA,0,549532
araCp,0.01818181818181818,54,54,GTCTCTTATGCAGCTCCGAA,0,562930
araCp,0.01818181818181818,54,54,GCGGTCACCACGCAAAACCA,0,539443
araCp,0.01818181818181818,54,54,CTGCGTAGTCGATGGTGCTG,0,538425
araCp,0.01818181818181818,54,54,CGCGACGGTTGCGAAAACTC,0,585528
araCp,0.01818181818181818,54,54,CAGTTCTCGTCCACTCAACG,0,543205
araCp,0.01818181818181818,54,54,CAGTAACACCATGTGGCAAT,0,551189
araCp,0.01818181818181818,54,54,CAGCGACACACACGACCCAT,0,578789
araCp,0.01818181818181818,54,54,CAACATTAGTACATTTGGAT,0,565993
araCp,0.01818181818181818,54,54,ATGACTTTCAATATTTACGA,0,540466
araCp,0.01818181818181818,54,54,AGACGAGGTGTGGTCGAACA,0,551188
araCp,0.01818181818181818,54,54,AACGTCGGCAGTATTTGCTT,0,567355
araCp,0.018518518518518517,53,53,TCTCTACGTATAAAACGCTT,0,531012
araCp,0.018518518518518517,53,53,GTTTCCGTACCGATGGGTAC,0,600308
araCp,0.018518518518518517,53,53,GGCGGCCCTAGGCAGACCCG,0,550492
araCp,0.018518518518518517,53,53,GGCAACGCAGTATTTCGTAC,0,552397
araCp,0.018518518518518517,53,53,GAACATGGAGAAGCTCTCCT,0,527224
araCp,0.018518518518518517,53,53,CTCGAATGGGATTAACGACA,0,569112
araCp,0.018518518518518517,53,53,CGTCACGAGTCGTTCCTGGT,0,526495
araCp,0.018518518518518517,53,53,ATCTACTAATGCGATCTGGC,0,543144
araCp,0.018518518518518517,53,53,AGTGCTTCCCTAGGTATTAT,0,586588
araCp,0.018518518518518517,53,53,AAAGCACTGTCCTTTTTGTA,0,554676
araCp,0.018867924528301886,52,52,GGTCCGGGGAGGGTGGTGCT,0,540862
araCp,0.018867924528301886,52,52,GGGTTCCGGGAAGGGCGCAG,0,545307
araCp,0.018867924528301886,52,52,GGGGCATCCTCAAGACGGCG,0,592058
araCp,0.018867924528301886,52,52,GGCCCCGCGTGTGAGAGCGT,0,552608
araCp,0.018867924528301886,52,52,GCATTACGTGTTTTTCAGTA,0,543449
araCp,0.018867924528301886,52,52,CGGGGCTGCTCCCGACGACT,0,541785
araCp,0.018867924528301886,52,52,CAACTAATCTTGTACTCATT,0,577745
araCp,0.018867924528301886,52,52,ATTTAACTCGCAACGCACAG,0,583179
araCp,0.018867924528301886,52,52,AGACCGGCACCAATGGAAAA,0,595597
araCp,0.018867924528301886,52,52,ACATTTGCCCCCACCGTGAA,0,542361
araCp,0.019230769230769232,51,51,TTCGAGCGTTACAATTAAGT,0,545902
araCp,0.019230769230769232,51,51,TGTCCGCAGTCAGTTCCTCT,0,594794
araCp,0.019230769230769232,51,51,TGCGTCGCATTATGATCCAT,0,549769
araCp,0.019230769230769232,51,51,GTAAAGCGTAACGGTCATTG,0,541386
araCp,0.019230769230769232,51,51,GGTCTGATCGATTTGACCAC,0,559319
araCp,0.019230769230769232,51,51,GGGAGCAGCGGTTTTGCTCC,0,553478
araCp,0.019230769230769232,51,51,GGAAGGTTTCGAGGTGTATG,0,586651
araCp,0.019230769230769232,51,51,GCGTGCGACCGGCAAGGCCC,0,547591
araCp,0.019230769230769232,51,51,GCAGGGCTACACGGGTCCGG,0,601585
araCp,0.019230769230769232,51,51,GATCGGGTGAGCTGAGATTC,0,573640
araCp,0.019230769230769232,51,51,GAAGGAACTGGCGCACAGTG,0,543013
araCp,0.019230769230769232,51,51,GAAATTCCACTGTAACAGTA,0,562928
araCp,0.019230769230769232,51,51,CTTGTAAGTCGTGGAGTGCG,0,557427
araCp,0.019230769230769232,51,51,CTCTATACTGTTGCTCGAAG,0,568627
araCp,0.019230769230769232,51,51,CCTGCGACGTCACTTCGGGA,0,573432
araCp,0.019230769230769232,51,51,CCGGAGACTAGGAGCAAGTG,0,563907
araCp,0.019230769230769232,51,51,CCACTTACTCTCATCGATAA,0,530728
araCp,0.019230769230769232,51,51,AGGATTTAGGACCGATAATG,0,554399
araCp,0.019230769230769232,51,51,ACGCTGCGTTACGGTTTCGT,0,589597
araCp,0.019230769230769232,51,51,AACGACAAAAGGTGGATCTT,0,536568
araCp,0.0196078431372549,50,50,TTCGCTTCCCTAAGGCGCTC,0,528654
araCp,0.0196078431372549,50,50,TTATCCATCGACATCCACGC,0,544945
araCp,0.0196078431372549,50,50,TGTAGGTTCATACGTTCAGT,0,598675
araCp,0.0196078431372549,50,50,TCGTCCGTATACCATTGTCA,0,597373
araCp,0.0196078431372549,50,50,TCATGCCGCTTATTGTCCCG,0,546717
araCp,0.0196078431372549,50,50,TCAGGCTTTCTCTTACGCAT,0,538728
araCp,0.0196078431372549,50,50,GTCCTCACATAGCTGATAGA,0,556549
araCp,0.0196078431372549,50,50,GGGTAAGATTCCTTGTTAGT,0,545440
araCp,0.0196078431372549,50,50,GCGTACTTTGAAATATCGAT,0,568671
araCp,0.0196078431372549,50,50,GCACGGATGGGTCAAGTTTT,0,537705
araCp,0.0196078431372549,50,50,GCAAGTCGAGTTTATACGAA,0,588349
araCp,0.0196078431372549,50,50,CCGTGTCAGTGCACGACGCT,0,589994
araCp,0.0196078431372549,50,50,ATTGCGGTGAATCACTTATT,0,594616
araCp,0.0196078431372549,50,50,ATCAGACTAATCTACTAGAA,0,568357
araCp,0.0196078431372549,50,50,ACTGCTACTACATAGCGGAA,0,547730
araCp,0.0196078431372549,50,50,ACAGTACAAGTGTGATCATG,0,526812
araCp,0.0196078431372549,50,50,AACTGGGAACATGGGCGATA,0,554711
araCp,0.0196078431372549,50,50,AACATCCTGCAGACACAGAT,0,549395
araCp,0.02,49,49,TTAATCGCACTCGGCTCTTG,0,564102
araCp,0.02,49,49,TGACGCATCTCATCCTGGTG,0,543753
araCp,0.02,49,49,TAACTAAAGCTTTTGGGCGT,0,599363
araCp,0.02,49,49,GTCTTACAGCTGAAGAACCG,0,594155
araCp,0.02,49,49,GGACCGGCGCTTGTAGAAGT,0,600420
araCp,0.02,49,49,GCGACCCTATTCGTAGAGTA,0,561335
araCp,0.02,49,49,GAGTTCCGTCAATATTGATA,0,551208
araCp,0.02,49,49,GAGACCCAAGCATAGAACTA,0,578791
araCp,0.02,49,49,CGTTTTTTAAATGTAATCCA,0,565177
araCp,0.02,49,49,CGTCTTGTGGGAATAAATGT,0,554325
araCp,0.02,49,49,CCCTTCATAAGGAGAGAAAC,0,575181
araCp,0.02,49,49,CCCGCGTGTTGCCGCAATTA,0,578657
araCp,0.02,49,49,CCCCTGCGGCTATTGCGGTA,0,579444
araCp,0.02,49,49,CCCCTGCACGGCTGAATTGC,0,531532
araCp,0.02,49,49,CACGTACAAGGTATTTATAG,0,537715
araCp,0.02,49,49,AGTCATATCTCTGATACCCA,0,593782
araCp,0.02,49,49,AGCCCGAAAGGTACGCGAGG,0,588424
araCp,0.02,49,49,AATCCCCACTACGGATAGGT,0,534791
araCp,0.02,49,49,AATCACGCCTGCCAGACTCA,0,538243
araCp,0.02040816326530612,48,48,TTGGTGGCTACTCGGAAAGA,0,583724
araCp,0.02040816326530612,48,48,TTATGAGTCAATTGAGGGTT,0,549174
araCp,0.02040816326530612,48,48,TTAGGGGCTTATGTTCGTGT,0,548954
araCp,0.02040816326530612,48,48,TGGTGGTGTTCGCGAGGGAG,0,539105
araCp,0.02040816326530612,48,48,TCTCTCGTCTCCGATCGTGT,0,576474
araCp,0.02040816326530612,48,48,GGGTCGGCAGACTGCGAGCC,0,525562
araCp,0.02040816326530612,48,48,GCGCAGGTGGCTTGACCCGT,0,572164
araCp,0.02040816326530612,48,48,CTTCGGCACAAAAATTGGAA,0,576757
araCp,0.02040816326530612,48,48,CTGTTGGGTGTAAGCGGGGT,0,545803
araCp,0.02040816326530612,48,48,CTGTCCGATGGACTGATGAC,0,546621
araCp,0.02040816326530612,48,48,CCCGTAGGAGCCGAAACTGT,0,600668
araCp,0.02040816326530612,48,48,ATGCATAGGCCTGGACATCG,0,540943
araCp,0.02040816326530612,48,48,ACTAAAGCAATCCCTTATTG,0,542357
araCp,0.02040816326530612,48,48,ACGGAGAACGTGAATTTCTT,0,540654
araCp,0.02040816326530612,48,48,ACATGAAAAGTCTAACAAAG,0,569709
araCp,0.02040816326530612,48,48,ACAGCTGTCATGTCATGGTG,0,554210
araCp,0.02040816326530612,48,48,ACAGAATGAGAGGAGACAGA,0,576247
araCp,0.020833333333333332,47,47,TTTGTTTTTTTGAATAGTCA,0,532494
araCp,0.020833333333333332,47,47,TTGTTGGTTGCGTCTTTAAT,0,530380
araCp,0.020833333333333332,47,47,TTGACCGTCGTCAAGACTTT,0,543448
araCp,0.020833333333333332,47,47,TTATTTAGGCGGAAAGCGCG,0,571159
araCp,0.020833333333333332,47,47,TGTGTGGGCAGGGCGGATAA,0,602626
araCp,0.020833333333333332,47,47,TGGCAAGGGATACTCATGAC,0,558621
araCp,0.020833333333333332,47,47,TCTAATCGATGTTCATTGAC,0,601219
araCp,0.020833333333333332,47,47,TACTCTATAGGCATACTGAA,0,529968
araCp,0.020833333333333332,47,47,GTGATGCGACTTGCCAGATA,0,578942
araCp,0.020833333333333332,47,47,GGGTCAAGTTGGCCCAAAGC,0,526401
araCp,0.020833333333333332,47,47,GGGATGAGGCACGGTCGTAT,0,546185
araCp,0.020833333333333332,47,47,GCCTTATTGACGCAGATCAT,0,550137
araCp,0.020833333333333332,47,47,GATTCCTACAGATGGGGGAG,0,553570
araCp,0.020833333333333332,47,47,GAAATCCAAGAGGGTTTGAG,0,588596
araCp,0.020833333333333332,47,47,CTGGTTGATTACAGGGATAT,0,565822
araCp,0.020833333333333332,47,47,CTGCCCCGTGGATAATGAAG,0,581048
araCp,0.020833333333333332,47,47,CTCCACGTCACGTAGACACA,0,582321
araCp,0.020833333333333332,47,47,CGTCTCAGTCAGATGGCGAA,0,570336
araCp,0.020833333333333332,47,47,CGGTGGCACTTATAGCGCTC,0,590080
araCp,0.020833333333333332,47,47,CGGTGCCGGTGTAGGCCGGG,0,545786
araCp,0.020833333333333332,47,47,CGGCATATGCCTGGCGGATA,0,532287
araCp,0.020833333333333332,47,47,CCGGTGGATTCTTCATGGGA,0,577974
araCp,0.020833333333333332,47,47,CCGGTACCGTCATGATTTGA,0,603401
araCp,0.020833333333333332,47,47,CCAATAAGATTCTCTACAGG,0,571308
araCp,0.020833333333333332,47,47,CAGTAGACTGCTCTGGTAAT,0,554547
araCp,0.020833333333333332,47,47,CAGCGTTCAGGGCAAACACT,0,597033
araCp,0.020833333333333332,47,47,ATTAGAGACAATTGCCCCTA,0,581168
araCp,0.020833333333333332,47,47,ATAACATGAGTGGTATTTCT,0,539383
araCp,0.020833333333333332,47,47,AGGACGCTCCCGTCAGGGAT,0,538195
araCp,0.020833333333333332,47,47,AGACGGCGTGCAACGCTACT,0,573175
araCp,0.02127659574468085,46,46,TTATGCATGCAGAGGACATT,0,558690
araCp,0.02127659574468085,46,46,TCTCGCCAAGGTAAGTCGTA,0,553877
araCp,0.02127659574468085,46,46,TCACAATGCAATCGATCTAT,0,569679
araCp,0.02127659574468085,46,46,TAGAGGGGCAAATTTCGTCA,0,592201
araCp,0.02127659574468085,46,46,TAGAAGGACCGTAAAATAAC,0,578512
araCp,0.02127659574468085,46,46,TAATAAATGATCCAAGCGGA,0,535633
araCp,0.02127659574468085,46,46,GGCTGCAGTCGGTCCTACGC,0,536539
araCp,0.02127659574468085,46,46,GGCACTACCCAACTGAGAGA,0,531801
araCp,0.02127659574468085,46,46,GCCCACCATTTTTAGCAGAC,0,537765
araCp,0.02127659574468085,46,46,GCAAAGCCGGAAGTGAACGG,0,564003
araCp,0.02127659574468085,46,46,GAGCAGATGGCCAGGCGTTG,0,550016
araCp,0.02127659574468085,46,46,GAGACGGCAAAGCCTCGCTG,0,567939
araCp,0.02127659574468085,46,46,CTAAAAACGAGAAATATCTG,0,568139
araCp,0.02127659574468085,46,46,CGGAAAGTATAATTGCTCTA,0,554468
araCp,0.02127659574468085,46,46,CCGTATGGATCCGTTACCCG,0,570573
araCp,0.02127659574468085,46,46,CCAATTGAGCTTTACTAACA,0,539741
araCp,0.02127659574468085,46,46,CATTGACTGATTAGTTCCGT,0,543885
araCp,0.02127659574468085,46,46,ATCAGGCATTCGTGTCTAGA,0,577107
araCp,0.02127659574468085,46,46,AGGGCTCCGCGCGCAATCCG,0,533276
araCp,0.02127659574468085,46,46,ACTGGTGCAAATCATCAGTA,0,546678
araCp,0.02127659574468085,46,46,ACATACATCACCTGATTGAA,0,570472
araCp,0.02127659574468085,46,46,AACCGTTGCTAGAACTCAAG,0,533884
araCp,0.021739130434782608,45,45,TCACCTATATTCCAAGGACT,0,585911
araCp,0.021739130434782608,45,45,TAACCTAGCCGTGAGCCACT,0,532118
araCp,0.021739130434782608,45,45,GTTAGGAAACGCACGCGAAA,0,579209
araCp,0.021739130434782608,45,45,GCTTTAGGTTGAAGTTTGAC,0,527025
araCp,0.021739130434782608,45,45,GCGCATAAGCTTGGCATAAT,0,593954
araCp,0.021739130434782608,45,45,GCAGTGCTGGGCTATGATGT,0,555811
araCp,0.021739130434782608,45,45,GATCCACGTTAATCGGTTGC,0,576464
araCp,0.021739130434782608,45,45,GAGGCCAGGGACGCAGGTGG,0,536322
araCp,0.021739130434782608,45,45,GAACCCTCGTAGTTATGCCT,0,551054
araCp,0.021739130434782608,45,45,GAAAATTAAACGAAGCCGAT,0,529686
araCp,0.021739130434782608,45,45,CTGTACAATCTCGAAGAACA,0,581592
araCp,0.021739130434782608,45,45,CTGGTGAACCGGTATGATTC,0,536959
araCp,0.021739130434782608,45,45,CTCGGCTAGGACGCCCGAGG,0,543898
araCp,0.021739130434782608,45,45,CGGGAAAACTCAATTTAAAT,0,528655
araCp,0.021739130434782608,45,45,CGAGGCTTGACCAATCGAAT,0,594340
araCp,0.021739130434782608,45,45,CGACCCTGAAGAGTCAACCT,0,535939
araCp,0.021739130434782608,45,45,CCTGCAGACTGTTTCAGGCA,0,601678
araCp,0.021739130434782608,45,45,CCTAGGTGCCATTCAGGTTG,0,551647
araCp,0.021739130434782608,45,45,CAGGTGCCTATATTCCACGC,0,599982
araCp,0.021739130434782608,45,45,ATGCCAGCTCCCTTTCCAAT,0,540481
araCp,0.021739130434782608,45,45,ATAGGACGTATGTGAACGAA,0,559115
araCp,0.021739130434782608,45,45,AGCCCCGGGGTCCTGATCAT,0,590705
araCp,0.021739130434782608,45,45,ACGGTCCGTGGGTACTGGAA,0,531482
araCp,0.021739130434782608,45,45,AATGTTCGCACATCTGGATA,0,549231
araCp,0.022222222222222223,44,44,TTGTCTTGGGTAAGTGCGTC,0,576580
araCp,0.022222222222222223,44,44,TCACTACCGCACCGTTGTGG,0,562638
araCp,0.022222222222222223,44,44,GTTTGGGCACGTTGCGAGAA,0,555137
araCp,0.022222222222222223,44,44,GTCGTCTTCAGTGGTCCCAT,0,591605
araCp,0.022222222222222223,44,44,GGTGCTATATGCCCCTTTAA,0,557422
araCp,0.022222222222222223,44,44,GGCTCTGCATGCCCTGAGAA,0,536409
araCp,0.022222222222222223,44,44,GCCGATCGCGCACCATGGAC,0,543673
araCp,0.022222222222222223,44,44,GACCTTTACAGCGAAAGTTA,0,568372
araCp,0.022222222222222223,44,44,CTGTTAGCGACGTAAATGCC,0,593738
araCp,0.022222222222222223,44,44,CTATGAGAGCGAGAATCCTA,0,596869
araCp,0.022222222222222223,44,44,CCCGGTGTTCGGTGATGGAC,0,555205
araCp,0.022222222222222223,44,44,CCATGATTCAAACTAATCAA,0,557356
araCp,0.022222222222222223,44,44,CCAGGCCGAGCCATGAGAAA,0,542980
araCp,0.022222222222222223,44,44,CAACGATAATGTGGTTGGAT,0,545889
araCp,0.022222222222222223,44,44,AAGCGACATATTGATCGATC,0,566364
araCp,0.022222222222222223,44,44,AACCTTTTGAACAGTTTCAT,0,573345
araCp,0.022222222222222223,44,44,AACCCCTGACTAGCCGGACT,0,561856
araCp,0.022727272727272728,43,43,TTTGTGATTTATAATGGGCG,0,568461
araCp,0.022727272727272728,43,43,TTGCAACATGTGGAGCACGT,0,541661
araCp,0.022727272727272728,43,43,TCAAGTGCTCTGTGACTACA,0,539873
araCp,0.022727272727272728,43,43,TATGAGGCATCCAGGATGCT,0,571252
araCp,0.022727272727272728,43,43,GTAGACCTGTTGTACAGTTC,0,600554
araCp,0.022727272727272728,43,43,GGTAACGTCGCCTAGCTTAT,0,564448
araCp,0.022727272727272728,43,43,GGGTCGGTTGGGGGATAGGA,0,538099
araCp,0.022727272727272728,43,43,GAACTACCGCTGGTCCAAAT,0,536004
araCp,0.022727272727272728,43,43,GAAACAGCATCGCTAGCACA,0,594342
araCp,0.022727272727272728,43,43,CTGGGAATGGTTCTGTACTC,0,602186
araCp,0.022727272727272728,43,43,CTGCATCAGCGCGCTGTAGG,0,538079
araCp,0.022727272727272728,43,43,CTACTGTCGAGGAAACCAGT,0,548700
araCp,0.022727272727272728,43,43,CTACCGTCAGTACCGGTCTT,0,582659
araCp,0.022727272727272728,43,43,CGTCGTCATCGTTATGACTG,0,582561
araCp,0.022727272727272728,43,43,CGCGTTGAAGTGACAGCGAC,0,558903
araCp,0.022727272727272728,43,43,CCTCGAAGTGAATAAGGACT,0,547348
araCp,0.022727272727272728,43,43,CCTAAGCCCTTTGGCTCAAT,0,541606
araCp,0.022727272727272728,43,43,CCCCTCGATTTTTATTTAAG,0,532544
araCp,0.022727272727272728,43,43,CAGACCCGTACCCGCCGGGT,0,545395
araCp,0.022727272727272728,43,43,ATCTCCGTAAATCCGGTTAG,0,532854
araCp,0.022727272727272728,43,43,ATCGCATAAGGGCGCGCTAA,0,551517
araCp,0.022727272727272728,43,43,ATACACGCGTGGATGTCTCT,0,595051
araCp,0.022727272727272728,43,43,AGGGTCCAGTTACCACGGCT,0,580577
araCp,0.022727272727272728,43,43,AGGCAACGAAGCTAATGGCT,0,532424
araCp,0.022727272727272728,43,43,AGGAGGCAGAAGACAAGAAT,0,557413
araCp,0.022727272727272728,43,43,AGCGCGAGCAGATCAGATAG,0,531124
araCp,0.022727272727272728,43,43,AGATCACAACGGTCGGTGTA,0,551620
araCp,0.022727272727272728,43,43,AGAGCGGTTCGGGTTACAAG,0,572423
araCp,0.022727272727272728,43,43,ACGCGAGCTTTTCTCAAGGA,0,538479
araCp,0.022727272727272728,43,43,AATCCTCACTGCGCCCCATC,0,566312
araCp,0.022727272727272728,43,43,AAGAGCAGTGACGTGACGTT,0,561427
araCp,0.022727272727272728,43,43,AAAAGGGTAGTATATTTGTT,0,550049
araCp,0.023255813953488372,42,42,TTACATGAAATGTTTCCCAC,0,568636
araCp,0.023255813953488372,42,42,TGTGGTACTTTCAACGATTC,0,566217
araCp,0.023255813953488372,42,42,TGGCGTTTATCAGGGATCAG,0,585137
araCp,0.023255813953488372,42,42,TGATGCGTTTCCTCCCTTCA,0,528056
araCp,0.023255813953488372,42,42,TATCGGTTAGCGCCAAGGTC,0,573226
araCp,0.023255813953488372,42,42,GCGGGAGAACCCATCTTGAT,0,545897
araCp,0.023255813953488372,42,42,GCCTTGTCCACGCGCACTCA,0,555537
araCp,0.023255813953488372,42,42,GCCAAGCTCGCCTACTTATA,0,546186
araCp,0.023255813953488372,42,42,GACTTTGTGCGGTTTATCAT,0,558141
araCp,0.023255813953488372,42,42,CGCAGATGATTTAGAAGGGA,0,552166
araCp,0.023255813953488372,42,42,CGACACTCGATCCTAAGGAC,0,599883
araCp,0.023255813953488372,42,42,CCGTGAAGACAGAGCGTTAA,0,564080
araCp,0.023255813953488372,42,42,CCCTAGGATCGATCGCTCCT,0,550507
araCp,0.023255813953488372,42,42,CCCGTTCGGAAACAAAAGGT,0,530270
araCp,0.023255813953488372,42,42,CCCCCGTCGCATAGGCGAAC,0,531419
araCp,0.023255813953488372,42,42,CAGTCTGTGGGATTGACTCA,0,563910
araCp,0.023255813953488372,42,42,CAACAGGTGGCAGTCGAGAG,0,555026
araCp,0.023255813953488372,42,42,CAAATCGGAGCTGTCACACA,0,546950
araCp,0.023255813953488372,42,42,ATCTATGGTAGCCGACTGCG,0,575116
araCp,0.023255813953488372,42,42,AGACAGAGGACCACTGAATG,0,566151
araCp,0.023255813953488372,42,42,ACTTGAGACCAGCTGGCAGT,0,574698
araCp,0.023255813953488372,42,42,ACCCATACCTTTCACTAGAA,0,566561
araCp,0.023255813953488372,42,42,ACCACATGAGTCAGATCGTG,0,557341
araCp,0.023255813953488372,42,42,ACATTTTAAAGTCAAAAGGA,0,558175
araCp,0.023255813953488372,42,42,AATTTATAGGGGTCTGGGGT,0,602341
araCp,0.023809523809523808,41,41,TTCCGTTGTACGGAGTTCCA,0,558052
araCp,0.023809523809523808,41,41,TTAGATGGGCAGGTCCTAAG,0,555144
araCp,0.023809523809523808,41,41,TTACGCCCTGTCCTCTCACA,0,538843
araCp,0.023809523809523808,41,41,TTAATCCAGTTGGGATGAAT,0,540634
araCp,0.023809523809523808,41,41,TCCTTATGACTCTCTTACGA,0,554776
araCp,0.023809523809523808,41,41,TCCCTTTGTGAACTCGGACT,0,548289
araCp,0.023809523809523808,41,41,TAGATTTTTGGAGTTGCAAA,0,526394
araCp,0.023809523809523808,41,41,TAAGTCTGGGTATTGCCTCA,0,545719
araCp,0.023809523809523808,41,41,GTTAGGTCCCAACAGTTCTC,0,536972
araCp,0.023809523809523808,41,41,GTGTCTGCAATTCACAGTAC,0,556118
araCp,0.023809523809523808,41,41,GGGGACGGTTTTGTTTGGGA,0,545725
araCp,0.023809523809523808,41,41,GGCAGCTACCGGGCGAGGGT,0,548754
araCp,0.023809523809523808,41,41,GCACAGGTAGAGCGCGAGTC,0,537479
araCp,0.023809523809523808,41,41,GCAATAGGCCATCACTTGTA,0,586983
araCp,0.023809523809523808,41,41,GCAAGAGAAAAGGAACCTCT,0,549868
araCp,0.023809523809523808,41,41,GAGAACTCCACATAATTGCA,0,526741
araCp,0.023809523809523808,41,41,GAAGGCAGAGTTTGCGGAAA,0,551128
araCp,0.023809523809523808,41,41,CGTCACCCCGCGTCCAGACA,0,584482
araCp,0.023809523809523808,41,41,CGGGGTCACCGTCTATCTGT,0,558688
araCp,0.023809523809523808,41,41,CGCCGGCTGCGAAATGACAA,0,537666
araCp,0.023809523809523808,41,41,CGCCAATACAACAGGGTGCG,0,585496
araCp,0.023809523809523808,41,41,CGAAATGCGCGCGCGAAAAT,0,542716
araCp,0.023809523809523808,41,41,CCTGTTGGCTCGCAGTTTTA,0,557805
araCp,0.023809523809523808,41,41,CCGGGGCTTCGGGGAGTATC,0,541092
araCp,0.023809523809523808,41,41,CCACTTAGCGGCCCGATCCA,0,546908
araCp,0.023809523809523808,41,41,CAGGGTGCATATATTGACAT,0,559648
araCp,0.023809523809523808,41,41,CAGGGAATGTATCCTACGGC,0,595480
araCp,0.023809523809523808,41,41,CACCCTGGCTTTAGAGGGGT,0,535453
araCp,0.023809523809523808,41,41,ATTTAGTTATGGTAGGTGCA,0,571310
araCp,0.023809523809523808,41,41,ATACGGTATGCGAGGAATAT,0,546329
araCp,0.023809523809523808,41,41,ATACACGGTCAGGTAAGGTT,0,599839
araCp,0.023809523809523808,41,41,ATACACAGAGATATCGGTGT,0,548480
araCp,0.023809523809523808,41,41,AGAGGCTTAACGCACGTCGC,0,553126
araCp,0.023809523809523808,41,41,ACTATCCAAAGCAGCCACGT,0,576767
araCp,0.023809523809523808,41,41,ACGGCACAGACCACACGCAG,0,538478
araCp,0.023809523809523808,41,41,ACCTCAACCCGCTCGTGTAC,0,554094
araCp,0.023809523809523808,41,41,ACAGCCCATTGGCTTACCGT,0,549449
araCp,0.023809523809523808,41,41,AACCGCGCTGGTGTCACGTA,0,536775
araCp,0.024390243902439025,40,40,TTGAAGCAGACGGTCGTATT,0,547880
araCp,0.024390243902439025,40,40,TTATTGGTATTGGTCATTCC,0,543200
araCp,0.024390243902439025,40,40,TGTTTAATATGGTCCTCGAG,0,592624
araCp,0.024390243902439025,40,40,TGTAGCGTGGGTACAATTAC,0,543665
araCp,0.024390243902439025,40,40,TGGTAATGGAAACCAAAAGC,0,561336
araCp,0.024390243902439025,40,40,TGGCGAAGAGCAGCCTTTCA,0,592856
araCp,0.024390243902439025,40,40,TGCGGCCCCACTTATGAAGA,0,562522
araCp,0.024390243902439025,40,40,TGCCTCCAAACTGCACGGTT,0,528492
araCp,0.024390243902439025,40,40,TGCCGGGGAGGTACAAAGTA,0,533099
araCp,0.024390243902439025,40,40,TGAGGCTAGACCCTTGGGTG,0,556341
araCp,0.024390243902439025,40,40,TCAAGGTGTAGCCTAGGCGC,0,570640
araCp,0.024390243902439025,40,40,TATTCCGTGGGTTTTGCGCA,0,576519
araCp,0.024390243902439025,40,40,GGGTGCACGTAAGCCTCGGA,0,586553
araCp,0.024390243902439025,40,40,GGCAGAGATACACATTAGAG,0,564763
araCp,0.024390243902439025,40,40,GCTTATGAAGCGCCCTGTAC,0,532423
araCp,0.024390243902439025,40,40,GCTGGGCATCACAGGATTCC,0,548960
araCp,0.024390243902439025,40,40,GCTGATTCGAAATCTCGGGA,0,601495
araCp,0.024390243902439025,40,40,GCTGAGATGGGAGCACATGT,0,548911
araCp,0.024390243902439025,40,40,GCTCACCCTTCCCCGGTTAT,0,572671
araCp,0.024390243902439025,40,40,GCGGAAGCTTCAGCTAAAGA,0,538923
araCp,0.024390243902439025,40,40,GAGTTTGCTTGCGATTAGTC,0,558696
araCp,0.024390243902439025,40,40,CTTCTGTATAGGAATGACGT,0,535401
araCp,0.024390243902439025,40,40,CTCTGTTAGGCTGGTTGTGT,0,598076
araCp,0.024390243902439025,40,40,CGTTATGTTATCGCACCGCG,0,599937
araCp,0.024390243902439025,40,40,CGTCATAACAGTTATATATG,0,570281
araCp,0.024390243902439025,40,40,CGGTGAATGTTGGTCCCCAC,0,566959
araCp,0.024390243902439025,40,40,CGGAAAATTCCGATCGGAAA,0,577696
araCp,0.024390243902439025,40,40,CGATCCCATCATTCGGGAGT,0,601494
araCp,0.024390243902439025,40,40,CGAGTACTCAGGTCACGTCA,0,582303
araCp,0.024390243902439025,40,40,CCGCTGCGCTAAAGGGCGTA,0,549856
araCp,0.024390243902439025,40,40,CCCGCGCCGTGTGAACGCAA,0,541784
araCp,0.024390243902439025,40,40,CATATGTGAATAAGGTCGCT,0,574867
araCp,0.024390243902439025,40,40,CAAGGGCTCTGAAGTTCCTA,0,529024
araCp,0.024390243902439025,40,40,ATTCGTTCCGATACACGCCA,0,546786
araCp,0.024390243902439025,40,40,ATATTCATGAGCTATCCACC,0,543159
araCp,0.024390243902439025,40,40,ATACTGCATGACGGACGGCC,0,558899
araCp,0.024390243902439025,40,40,AGAGGTTAGCGGGCGATATG,0,578692
araCp,0.024390243902439025,40,40,ACCCACTGGCATAAGGCAAG,0,560665
araCp,0.024390243902439025,40,40,ACAACACAAATCGCATGTAT,0,538248
araCp,0.024390243902439025,40,40,ACAAATGATTGCTAGAGGAA,0,575061
araCp,0.024390243902439025,40,40,AATGGACCCCGAAAAGATAA,0,595440
araCp,0.024390243902439025,40,40,AAGCACCAGGTTGAACTCTG,0,562647
araCp,0.025,39,39,TTGGAACGGGCGAGTAGAAC,0,543054
araCp,0.025,39,39,TTCTTGCATTAGCCGTACTT,0,546780
araCp,0.025,39,39,TGCGTACAAGCAAAGTAGAT,0,557452
araCp,0.025,39,39,TGCCGTAGAAGGACGCAATG,0,542949
araCp,0.025,39,39,TCGGCTGAGCGACCGGAGTA,0,529960
araCp,0.025,39,39,TCGGACGTACATACAATCGT,0,596557
araCp,0.025,39,39,TCCAGGAAGAAATCTTCGGG,0,583674
araCp,0.025,39,39,TAGGAGTCTGGGTAGCTACC,0,568856
araCp,0.025,39,39,TAGCGGGTCCGATTAGAGGC,0,537024
araCp,0.025,39,39,GTATCGTTCGGATGGAGAGC,0,588408
araCp,0.025,39,39,GTAAAAGTCGGGTTTAGGAA,0,566216
araCp,0.025,39,39,GGTACACGCCCTCCGCTGTT,0,536541
araCp,0.025,39,39,GGGGATGCCTCTTGATCAAA,0,542321
araCp,0.025,39,39,GGGCCTCAAATAACATAAGA,0,559057
araCp,0.025,39,39,GGATATCAGGTGCTCAACAA,0,594194
araCp,0.025,39,39,GGAATCAGTTTCGCAGGCAA,0,562321
araCp,0.025,39,39,GCTTTTCCTACGCTACTTAA,0,558527
araCp,0.025,39,39,GCTTGGTGCTGTTGCTCACA,0,531544
araCp,0.025,39,39,GCGTACATTGCGCAAAGTTA,0,563006
araCp,0.025,39,39,GCATTTTCTAGCGTAGGTTT,0,549656
araCp,0.025,39,39,GAGGGCACTCTGTTCTGGTC,0,569297
araCp,0.025,39,39,GACACGGACACGGTCACTAT,0,602000
araCp,0.025,39,39,GACAAGGGTCCAAGATGGTG,0,551052
araCp,0.025,39,39,CTGGATGTGCAGACGCTGTA,0,597509
araCp,0.025,39,39,CTGAGGTTTCGCACGGGTCT,0,557149
araCp,0.025,39,39,CGTGTTAGGGCTCTGTCAAT,0,535779
araCp,0.025,39,39,CGGTTATCAAGCGATCCACT,0,546910
araCp,0.025,39,39,CGCACCCACTGAACAGTAGG,0,561007
araCp,0.025,39,39,CCGGAAACAATTATCTGCGT,0,537481
araCp,0.025,39,39,CAGGCCTGAGTAACCACTTC,0,541981
araCp,0.025,39,39,CAGGCCGTCAGGCGTGCTCT,0,566709
araCp,0.025,39,39,CAATGCGGCCGCCGGGGAAC,0,527010
araCp,0.025,39,39,CAACGGTATAGTCCAGTTAT,0,593055
araCp,0.025,39,39,ATTTCTCCCGAAGCACGGAC,0,539990
araCp,0.025,39,39,ATCCGCAAAGAGGCTGAACA,0,529490
araCp,0.025,39,39,AGTCTGGAGGGCGAAGGGTC,0,535565
araCp,0.025,39,39,AGGGAACTCGGGTAGCTCGA,0,596263
araCp,0.025,39,39,AGGACCCACTGAGCTTCAAC,0,558851
araCp,0.025,39,39,AGCCCATACAGAGCAGACGA,0,561601
araCp,0.025,39,39,AGAAATAATAGCAATCAAGT,0,580859
araCp,0.025,39,39,ACCCCAGTGATGGATGTATG,0,570585
araCp,0.025,39,39,AAGAGGGGGTAACTGGTCGT,0,574179
araCp,0.025,39,39,AACGAACGTGCCTCGCGCAT,0,542190
araCp,0.025,39,39,AACATCCTTTATAGTCTACT,0,561073
araCp,0.025,39,39,AACAAAGACGTCTCGCAGGT,0,586788
araCp,0.02564102564102564,38,38,TTTCAAGGTAACAGCAGATA,0,530732
araCp,0.02564102564102564,38,38,TTCGCTCCAAGAGGATGCGA,0,565107
araCp,0.02564102564102564,38,38,TGTCCCGAAGGAGGCGGCCA,0,570996
araCp,0.02564102564102564,38,38,TGTATTCGGTGGCAAGCGTA,0,537329
araCp,0.02564102564102564,38,38,TGGATCAGAGCACCGAGTCT,0,541800
araCp,0.02564102564102564,38,38,TGCGACCCGAAACGTCAGCA,0,601977
araCp,0.02564102564102564,38,38,TCTTTAGGGACCCAGCTCAG,0,588714
araCp,0.02564102564102564,38,38,TCTGGCAACGTATGCTGCAT,0,586143
araCp,0.02564102564102564,38,38,TCGTAGGGACTCTGGGCCAG,0,596320
araCp,0.02564102564102564,38,38,TCAGGGATAGGGCTGCGTCA,0,591444
araCp,0.02564102564102564,38,38,TCAGAGCCATCGTCGCACAT,0,579159
araCp,0.02564102564102564,38,38,TATTCATAAGAATCTCCAAG,0,586790
araCp,0.02564102564102564,38,38,TACAGTGCACAATTTGCCGT,0,556220
araCp,0.02564102564102564,38,38,GTGGGAGTGAAACATCGGTC,0,538691
araCp,0.02564102564102564,38,38,GTGGAGGTAGTTTGCAAGCT,0,589277
araCp,0.02564102564102564,38,38,GTCTTTGCCAGGACCACGCT,0,527863
araCp,0.02564102564102564,38,38,GTCCACGGTAATCCGTTGGA,0,591131
araCp,0.02564102564102564,38,38,GGCCGGGATGATAACCCCGT,0,573483
araCp,0.02564102564102564,38,38,GGACAGAACTGGTTGAACTC,0,570390
araCp,0.02564102564102564,38,38,GCACAATGTTCTCTAGCATG,0,558533
araCp,0.02564102564102564,38,38,GATATAGCTCTGTAGCTCCA,0,562885
araCp,0.02564102564102564,38,38,GAGGTGCCCCTCGGGTCATC,0,577273
araCp,0.02564102564102564,38,38,GAGCGCAGCCGATGTCCATG,0,559491
araCp,0.02564102564102564,38,38,GAAGATTTGTCCGGTAGCAA,0,573651
araCp,0.02564102564102564,38,38,CATGGGAACCCTCGTACTAT,0,574901
araCp,0.02564102564102564,38,38,CATATACACGATCAGGAGTA,0,560666
araCp,0.02564102564102564,38,38,CAGATAGACGCGACTTGGGT,0,581688
araCp,0.02564102564102564,38,38,ATTCCATCTCCGGTTGACAA,0,584822
araCp,0.02564102564102564,38,38,ATCGTGTTTTATTGGTACTG,0,533540
araCp,0.02564102564102564,38,38,ATAAACATCCCTCGGCCGCT,0,549257
araCp,0.02564102564102564,38,38,AGAGGAGCGACATGAAACGA,0,584759
araCp,0.02564102564102564,38,38,ACTGGGTGCAGCCGATTGTT,0,566602
araCp,0.02564102564102564,38,38,ACGACTGCGGAGGATCGGGT,0,554881
araCp,0.02564102564102564,38,38,ACAAGTACGTCGTAGGTGTC,0,537633
araCp,0.02564102564102564,38,38,AAGTGTCCTAGGGAGTTATA,0,575467
araCp,0.02564102564102564,38,38,AAGGGTCGGGAATAGAGACA,0,576944
araCp,0.02564102564102564,38,38,AAGCAGGGTAACGCTTTGTA,0,563270
araCp,0.02564102564102564,38,38,AAAGCCTCAGGATTGAGGAT,0,542849
araCp,0.02631578947368421,37,37,TTTCATAGATCTAGAGGGCT,0,528164
araCp,0.02631578947368421,37,37,TTAACTCAGAGACGGAACGG,0,551520
araCp,0.02631578947368421,37,37,TGTTTTCGCCACTACCTGGC,0,580581
araCp,0.02631578947368421,37,37,TGTAGGTGTCTCACACGGTA,0,568462
araCp,0.02631578947368421,37,37,TGGTTCTAAGTAAGCTCGGA,0,540391
araCp,0.02631578947368421,37,37,TGGCCTTCGACTGCGGCTCA,0,585615
araCp,0.02631578947368421,37,37,TGCAGCTAAACAGGTAGGGT,0,567893
araCp,0.02631578947368421,37,37,TGATGAAGCCAGGCACTACT,0,579167
araCp,0.02631578947368421,37,37,TCTCACCCGGGAGCATGGTT,0,590335
araCp,0.02631578947368421,37,37,TCGGAATGTAGGGCGATACG,0,529999
araCp,0.02631578947368421,37,37,TCGAACGTGTGTGTGAGGCA,0,533440
araCp,0.02631578947368421,37,37,TCATTCGAGTATTGTTTGGA,0,587428
araCp,0.02631578947368421,37,37,TCAACGCCGTCCAACTAAAT,0,565802
araCp,0.02631578947368421,37,37,TATCGAGGACGCTTGCATTA,0,548652
araCp,0.02631578947368421,37,37,TACGCTTCAGGCAAGCGGCA,0,557415
araCp,0.02631578947368421,37,37,TAATGGTCCTGGCTGTCAGT,0,553591
araCp,0.02631578947368421,37,37,TAAAATGAATGCCGGATACG,0,546952
araCp,0.02631578947368421,37,37,GTGGGCCGATTCCAGAACAG,0,532496
araCp,0.02631578947368421,37,37,GTGCTCATAGGAAGGCTCGA,0,596307
araCp,0.02631578947368421,37,37,GTCGCTCATATCGAAGGCAG,0,564668
araCp,0.02631578947368421,37,37,GTCCCGTGTAAGCGAGTAAA,0,578797
araCp,0.02631578947368421,37,37,GGTATGCATGTGTGCGTCAT,0,529491
araCp,0.02631578947368421,37,37,GGGTGTGTGCGTGATACCAC,0,530943
araCp,0.02631578947368421,37,37,GCTTTAACGCCTTGCCCGAG,0,537333
araCp,0.02631578947368421,37,37,GCTCCGGCCGTGGGACGTAT,0,599105
araCp,0.02631578947368421,37,37,GCGTTAATAGAGGTTCCTGA,0,574460
araCp,0.02631578947368421,37,37,GCGTGGCTGTCTGGTGTGGG,0,554209
araCp,0.02631578947368421,37,37,GCACTCAGATAAGAACATCA,0,573113
araCp,0.02631578947368421,37,37,GAGATCAAGATGCGGCACTT,0,588076
araCp,0.02631578947368421,37,37,GACGCACGGCCCGCCGTGGG,0,544155
araCp,0.02631578947368421,37,37,CTCCCGGTGGCGCTAAATAG,0,542183
araCp,0.02631578947368421,37,37,CTCCCATGCGCATACTCAGT,0,545069
araCp,0.02631578947368421,37,37,CTCACCGGTCTCAAGAGATA,0,568670
araCp,0.02631578947368421,37,37,CTATGCCTAAGTCCCAGATA,0,555314
araCp,0.02631578947368421,37,37,CTATCTTGTTGCACGGGATT,0,577763
araCp,0.02631578947368421,37,37,CTATCACTTTGGAGATCAGA,0,552810
araCp,0.02631578947368421,37,37,CGTTGCCAGCCAACGGTTAT,0,575466
araCp,0.02631578947368421,37,37,CGGGCCTTACCAATGCCTCT,0,530950
araCp,0.02631578947368421,37,37,CGATTTCGAGGGCTAACGCA,0,545605
araCp,0.02631578947368421,37,37,CCTGGACGTTCGATTGAAAA,0,552815
araCp,0.02631578947368421,37,37,CCGTTCTTTAGCTAAATGGC,0,534004
araCp,0.02631578947368421,37,37,CCGGGGTTCGCGGAGGATAT,0,600766
araCp,0.02631578947368421,37,37,CCGCGGGGCCGACCGTCTGT,0,540218
araCp,0.02631578947368421,37,37,CCCGTGTCTTTTGGGTATAA,0,560326
araCp,0.02631578947368421,37,37,CCACTAGCATAAAACGGGAA,0,537216
araCp,0.02631578947368421,37,37,CCAAAGCATATAGCAATCCA,0,539025
araCp,0.02631578947368421,37,37,CAGGTATCAAGCCCGTGTTG,0,573402
araCp,0.02631578947368421,37,37,CAGCGGACGATTTTTGACCT,0,575115
araCp,0.02631578947368421,37,37,CACTCCGGGAGTCGGACCCG,0,548223
araCp,0.02631578947368421,37,37,CACCGCCACTCCGCCGATGA,0,527594
araCp,0.02631578947368421,37,37,CAACGGCATTCGATAAAAGG,0,580571
araCp,0.02631578947368421,37,37,ATTCGTCCAACCGGGAATTA,0,544792
araCp,0.02631578947368421,37,37,ATGAGCTGGCGGAGATTCTA,0,533338
araCp,0.02631578947368421,37,37,ATAGTCCAGCGCCACGGTCT,0,561432
araCp,0.02631578947368421,37,37,AGTGCATTCTGCCAGAGGTT,0,574289
araCp,0.02631578947368421,37,37,AGGACAAATGAGTGATGCCA,0,534416
araCp,0.02631578947368421,37,37,AGAACTACTGACCAACTCGG,0,575980
araCp,0.02631578947368421,37,37,ACTAAGTAGCATCTGTCACC,0,535429
araCp,0.02631578947368421,37,37,ACCGCAATATCTAACCTTAA,0,534005
araCp,0.02631578947368421,37,37,ACCGACAGGCGAGTCGGATC,0,598201
araCp,0.02631578947368421,37,37,AATAGGTTTACCGATTCATA,0,597465
araCp,0.02631578947368421,37,37,AATACGGGAATTCTGGTTCA,0,568530
araCp,0.02631578947368421,37,37,AACACTGGCTACTTGGCCGT,0,599579
araCp,0.02631578947368421,37,37,AACACCCAAGCAGCAACGGT,0,555538
araCp,0.02702702702702703,36,36,TTCAATATGATTCAATTTTG,0,527015
araCp,0.02702702702702703,36,36,TGTGCGTTGAGTGTGTCTAC,0,535088
araCp,0.02702702702702703,36,36,TGGTGCCAGTGTGCTTGGCT,0,570991
araCp,0.02702702702702703,36,36,TGGCTACAGCCAATTTGCGT,0,533269
araCp,0.02702702702702703,36,36,TGGAGGCGCTTGGCCCAGCA,0,602656
araCp,0.02702702702702703,36,36,TGCTTAAGGAATTGTAATGT,0,538020
araCp,0.02702702702702703,36,36,TGCACAAGGAGGCCGCTGGT,0,563201
araCp,0.02702702702702703,36,36,TGAGGAGCAAGACGCGTAAG,0,591813
araCp,0.02702702702702703,36,36,TCTGTCCTGCTCCCAGTACT,0,543564
araCp,0.02702702702702703,36,36,TCGTTGGTCGATTTTTACTA,0,548694
araCp,0.02702702702702703,36,36,TCGGTCTCCAAATAGCAGGC,0,572540
araCp,0.02702702702702703,36,36,TCGCGAGCTCGGACTAGGGG,0,598015
araCp,0.02702702702702703,36,36,TCCCAACGAAGCTTAAGATG,0,563900
araCp,0.02702702702702703,36,36,TCAATTACTTGATCGATTTA,0,546286
araCp,0.02702702702702703,36,36,TAGATTACAATGAGGAAGGT,0,571248
araCp,0.02702702702702703,36,36,GTTTTGGAGTCTGGCAGGCA,0,551318
araCp,0.02702702702702703,36,36,GTTCAGGCACTGGTTTGAAA,0,537332
araCp,0.02702702702702703,36,36,GTGTGCGTCTATCAGAGTAT,0,557761
araCp,0.02702702702702703,36,36,GTGAGCAGGTCTAGCAGCCA,0,596762
araCp,0.02702702702702703,36,36,GTCAGTAAGGAGCCGGAATG,0,576243
araCp,0.02702702702702703,36,36,GGGGTGATGAACGGTTAAAA,0,531754
araCp,0.02702702702702703,36,36,GGGGCATGAGCAGCGTTGGT,0,540885
araCp,0.02702702702702703,36,36,GGGCAGTAACTCCATTCCGT,0,602151
araCp,0.02702702702702703,36,36,GGCAGGCATGAGCTGGTGCA,0,602046
araCp,0.02702702702702703,36,36,GGAGCTTGGAACTGCGACCG,0,564005
araCp,0.02702702702702703,36,36,GCTCAGCCCCACATTATATG,0,538328
araCp,0.02702702702702703,36,36,GATCACCGCTCTCCCCGCAG,0,533632
araCp,0.02702702702702703,36,36,GAGGGGGTTGCTAATATGTA,0,525563
araCp,0.02702702702702703,36,36,GACGACAGCCGTTTCGTGGT,0,546328
araCp,0.02702702702702703,36,36,GAAGCCATGTAACCCCATCC,0,584909
araCp,0.02702702702702703,36,36,GAACCACGGGGCGGCGTGTT,0,538899
araCp,0.02702702702702703,36,36,CTTTGTAATATGGAGCACCA,0,563711
araCp,0.02702702702702703,36,36,CTGCGTTAAGAATACGGCTA,0,534786
araCp,0.02702702702702703,36,36,CTCTGCCTTGGCACTACTTA,0,574322
araCp,0.02702702702702703,36,36,CTCCGGACACGAGGGACGTA,0,579707
araCp,0.02702702702702703,36,36,CTATGCTCCATTGCGGGTTA,0,564715
araCp,0.02702702702702703,36,36,CGCCCTTTAAGAAGACCAGT,0,539142
araCp,0.02702702702702703,36,36,CGACCTACTAGGCAGGTCGT,0,599918
araCp,0.02702702702702703,36,36,CCGGCGCGGGACGAATGCCA,0,583143
araCp,0.02702702702702703,36,36,CCGAGGCCATACGGACGTCG,0,555884
araCp,0.02702702702702703,36,36,CCCCCCGCAGTAAATAAAAC,0,527016
araCp,0.02702702702702703,36,36,CCAGGCTAGCTTTTTCTGCC,0,585486
araCp,0.02702702702702703,36,36,CAGGTCACTTGACGACTTAT,0,531632
araCp,0.02702702702702703,36,36,ATTGGTCCCGGTCACTTAAA,0,566267
araCp,0.02702702702702703,36,36,ATCTCGACCCTGCAAAGTCA,0,533165
araCp,0.02702702702702703,36,36,AGTGGGCCTGGGCGAATTGT,0,528734
araCp,0.02702702702702703,36,36,AGGTTTATTTGCGATCTCAC,0,599234
araCp,0.02702702702702703,36,36,AGGGTTTTGTGGTCCGCAGC,0,587286
araCp,0.02702702702702703,36,36,AGGAGAGCACTTATTAGGTG,0,556441
araCp,0.02702702702702703,36,36,AGCAAGTGGTAGGTGGGATA,0,557807
araCp,0.02702702702702703,36,36,ACACTGATCGGACACCTTAA,0,588160
araCp,0.02702702702702703,36,36,ACAAAATTCAGTTATACGAG,0,539989
araCp,0.02702702702702703,36,36,AATTGAAGCAGAGAGCTCTA,0,583231
araCp,0.02702702702702703,36,36,AAGATTGTGCTGGAGGTCCG,0,581320
araCp,0.027777777777777776,35,35,TTGTGGTTTTAGGCCCTTTC,0,589260
araCp,0.027777777777777776,35,35,TTGGACCGGTGCCGTTGAGT,0,537340
araCp,0.027777777777777776,35,35,TTGGACATCACGGATTCTCG,0,527689
araCp,0.027777777777777776,35,35,TTCTCCGCTAACCGCTTAGA,0,588584
araCp,0.027777777777777776,35,35,TGTTTGGCAAATTGGAACTA,0,553050
araCp,0.027777777777777776,35,35,TGTATAGAACTCCCCTAATA,0,546189
araCp,0.027777777777777776,35,35,TCTAGATTGACCATACTTCA,0,574418
araCp,0.027777777777777776,35,35,TCGATAATCCAGCCGGCTAA,0,582373
araCp,0.027777777777777776,35,35,TCATTACCGAATTGCCCTTC,0,558986
araCp,0.027777777777777776,35,35,TATTCCGGACAAAAGCTCTG,0,534380
araCp,0.027777777777777776,35,35,TATAGGTATTGCTGTCTTTT,0,574686
araCp,0.027777777777777776,35,35,TATAGCCGCATCATTAATCG,0,594137
araCp,0.027777777777777776,35,35,TAGGCACGTAGCTGGGGTAC,0,574934
araCp,0.027777777777777776,35,35,TAGCAAGCCCGGCGATATGT,0,555893
araCp,0.027777777777777776,35,35,TAACTACAGACACTGTTATC,0,580993
araCp,0.027777777777777776,35,35,TAAAGGCTATTTTCTTGTGT,0,547608
araCp,0.027777777777777776,35,35,GTTGGCGAATATCCCCAGTA,0,526496
araCp,0.027777777777777776,35,35,GTGTGTGCGAAGGAGTTTAC,0,552876
araCp,0.027777777777777776,35,35,GTCCTTGTGCAGAGGTTCTA,0,561838
araCp,0.027777777777777776,35,35,GGGGTTGTACAGATTTGGAT,0,566704
araCp,0.027777777777777776,35,35,GGGCGGGACACTTCCTTGGA,0,573508
araCp,0.027777777777777776,35,35,GGCCGTCATTTTTTGCACGC,0,559107
araCp,0.027777777777777776,35,35,GGAGCCGTCCAGTAACCCGC,0,602152
araCp,0.027777777777777776,35,35,GGAAAAGTGGACTCACGACC,0,591538
araCp,0.027777777777777776,35,35,GCTTGAAACTTAACTTTATC,0,574471
araCp,0.027777777777777776,35,35,GCTGGAATGGTGTAAGGCGG,0,533665
araCp,0.027777777777777776,35,35,GCGCAACCTCCGTACGGGAC,0,592680
araCp,0.027777777777777776,35,35,GCATATGGTGAGATTGTAGA,0,557976
araCp,0.027777777777777776,35,35,GATGGTGTTGAATATGCAAT,0,587581
araCp,0.027777777777777776,35,35,GAGGGGGAATCGTCTATACG,0,551816
araCp,0.027777777777777776,35,35,GAGAAAACGATTTGGACGTA,0,545451
araCp,0.027777777777777776,35,35,GACTTTTGTGTACACACGCC,0,535984
araCp,0.027777777777777776,35,35,GAAATCAAAGGTAGACAGAG,0,580857
araCp,0.027777777777777776,35,35,CTTGCTTTTGACTGCCTGAG,0,559751
araCp,0.027777777777777776,35,35,CTGTTGAAATGGTGGAATGA,0,598627
araCp,0.027777777777777776,35,35,CTGCCGTTTAATGGGTTAAC,0,561748
araCp,0.027777777777777776,35,35,CTGCCAACGGATTCGGCATA,0,564857
araCp,0.027777777777777776,35,35,CGTAGATCACAGAGTCAGGA,0,600135
araCp,0.027777777777777776,35,35,CGCAAATCCCGGCCCACATG,0,558093
araCp,0.027777777777777776,35,35,CGATTCGTGGTGAGACAGAT,0,581673
araCp,0.027777777777777776,35,35,CGAGTGTAGTTCTGACACTA,0,590614
araCp,0.027777777777777776,35,35,CGAGTCACGTATACTGTGTT,0,532798
araCp,0.027777777777777776,35,35,CGACACGATAGTCTACAGGG,0,571165
araCp,0.027777777777777776,35,35,CCTATGACGTATCAAAACGA,0,601116
araCp,0.027777777777777776,35,35,CCTAAATGCTCACGGCCATA,0,533385
araCp,0.027777777777777776,35,35,CCGTGACGGCCGTGCTCACC,0,575969
araCp,0.027777777777777776,35,35,CCCGCATCAATCCGCCACCT,0,583771
araCp,0.027777777777777776,35,35,CCCATGGATAAATATCAGAA,0,569710
araCp,0.027777777777777776,35,35,CCATACCAGCCCGAGCGTGG,0,551960
araCp,0.027777777777777776,35,35,CATCTTCGTGTAAGGTGAAG,0,584764
araCp,0.027777777777777776,35,35,CACATACGGCTACGCTTCTA,0,592813
araCp,0.027777777777777776,35,35,CAATTTCGTTAACCGGATAT,0,546679
araCp,0.027777777777777776,35,35,CAAGGGTTCGGAGTGTAGAG,0,561910
araCp,0.027777777777777776,35,35,CAACCTCTCGTTGCAAGTGT,0,548554
araCp,0.027777777777777776,35,35,ATGTTATCGGGTGCCTCCAA,0,549520
araCp,0.027777777777777776,35,35,ATGTGGACAGAGATTCTCCA,0,526864
araCp,0.027777777777777776,35,35,ATGAGTTCGCGGGGGAAGAC,0,529962
araCp,0.027777777777777776,35,35,ATGAAACGTACATTACGGTC,0,589414
araCp,0.027777777777777776,35,35,ATCTAGAATAAGCGAGTCCA,0,568211
araCp,0.027777777777777776,35,35,ATATACTTGGCTCACAGGTA,0,570761
araCp,0.027777777777777776,35,35,AGCGTGAGTAACGCGATAGT,0,554120
araCp,0.027777777777777776,35,35,AGACGGGCGTATCAAACCCT,0,563811
araCp,0.027777777777777776,35,35,ACGGGATGGTCTGCTAACAT,0,554884
araCp,0.027777777777777776,35,35,ACATTAGGGTGTTGATGCGT,0,591682
araCp,0.027777777777777776,35,35,AATTCGGCGCAGCCGGGCAA,0,592150
araCp,0.027777777777777776,35,35,AAGTATTGCAAATTGGATGA,0,571172
araCp,0.027777777777777776,35,35,AAGCATAGTAGTGAACTTCT,0,586435
araCp,0.02857142857142857,34,34,TTTTAGTTGCTAGTGCAGAG,0,538576
araCp,0.02857142857142857,34,34,TTTCTTAACGCTTACCCAAG,0,575414
araCp,0.02857142857142857,34,34,TTGTCTGCACGGACTTGGAC,0,576244
araCp,0.02857142857142857,34,34,TTCTCTCCTGTACACTGGAA,0,544551
araCp,0.02857142857142857,34,34,TTCGACGGGGCCGAGGTCAG,0,578024
araCp,0.02857142857142857,34,34,TTCCCAATGACTGACCCACC,0,563392
araCp,0.02857142857142857,34,34,TTAAATCAAGTGCATTGACG,0,541716
araCp,0.02857142857142857,34,34,TGTAGAAGAAATACTGTCAT,0,574244
araCp,0.02857142857142857,34,34,TGGAACAAACGAGATACCTG,0,548553
araCp,0.02857142857142857,34,34,TGCGGCTTTGCTTATCCCAA,0,565345
araCp,0.02857142857142857,34,34,TGAGTCCACTGCACCGTGAA,0,562305
araCp,0.02857142857142857,34,34,TCTTTGATTATATGCGTGCA,0,549172
araCp,0.02857142857142857,34,34,TCCACTGCTTGCTAATAGGA,0,591309
araCp,0.02857142857142857,34,34,TCACTCGGGCAATTCCCGAT,0,533342
araCp,0.02857142857142857,34,34,TATCGCCGTAGTAACGGACA,0,569198
araCp,0.02857142857142857,34,34,TAATGTCGGGCAGGATGAAA,0,557229
araCp,0.02857142857142857,34,34,TAATGCGTGCTCCCACCCAC,0,558194
araCp,0.02857142857142857,34,34,GTTTCCAATCGTCTCCAATC,0,562661
araCp,0.02857142857142857,34,34,GTGTGAATGGTGGGCGAGGC,0,560583
araCp,0.02857142857142857,34,34,GTGGGTTGCCTCTCGCCCTC,0,595198
araCp,0.02857142857142857,34,34,GTGCTCATAAGACAGTTGAT,0,584682
araCp,0.02857142857142857,34,34,GTATGTCATACGCACCACGC,0,598424
araCp,0.02857142857142857,34,34,GTACAGCCATATTCATCGCA,0,562389
araCp,0.02857142857142857,34,34,GGCTTGATGTATCCTGTGGT,0,572047
araCp,0.02857142857142857,34,34,GGCAACGCGTGCAAACATGA,0,543204
araCp,0.02857142857142857,34,34,GGAAATGAAGCCTCATACGG,0,533442
araCp,0.02857142857142857,34,34,GCTGCTATGTGGCACAAGAC,0,590120
araCp,0.02857142857142857,34,34,GCTCCCGGAATAGAGGGTGT,0,578940
araCp,0.02857142857142857,34,34,GCTATCTTTGCGCTATGACT,0,570525
araCp,0.02857142857142857,34,34,GCGGGGTGGGATACATTCGC,0,533662
araCp,0.02857142857142857,34,34,GATTGAACTCTTCTGTCCTT,0,535359
araCp,0.02857142857142857,34,34,GATGTACGTCACGTTCGGTA,0,544794
araCp,0.02857142857142857,34,34,GAGCGCCTTGTGTGACACAA,0,534079
araCp,0.02857142857142857,34,34,GAGCACACGAGTGCGTTGGA,0,582437
araCp,0.02857142857142857,34,34,GAAGAGGGGCCTGTTGCCTA,0,566693
araCp,0.02857142857142857,34,34,GAAGACAAGCATATTGACAT,0,544552
araCp,0.02857142857142857,34,34,GAACTCGGAAGCTAACGAAT,0,530729
araCp,0.02857142857142857,34,34,CTTCGGATTTAATAGACCCA,0,565564
araCp,0.02857142857142857,34,34,CTTATTCCCAATCGGTCGGT,0,571777
araCp,0.02857142857142857,34,34,CTGTGTCTATCAGGGCACAA,0,542273
araCp,0.02857142857142857,34,34,CTGGCAGGAAGATAATAGAT,0,530793
araCp,0.02857142857142857,34,34,CTCAAAACAGCAAGCTAGAA,0,554736
araCp,0.02857142857142857,34,34,CGTGGTGCTTGCTAGATATG,0,546048
araCp,0.02857142857142857,34,34,CGGTTTGCCCAGAGACATGA,0,526992
araCp,0.02857142857142857,34,34,CGGAACAGGTCAGACACTTT,0,582516
araCp,0.02857142857142857,34,34,CGCGATTCGCCCAGGGATAT,0,559169
araCp,0.02857142857142857,34,34,CGATAGTCAGGCATCTCCGG,0,540870
araCp,0.02857142857142857,34,34,CGACCGCTGAACAAGCTTTG,0,561354
araCp,0.02857142857142857,34,34,CGACAACCTATCGTTCAAAC,0,571772
araCp,0.02857142857142857,34,34,CCGTGTTCCATTGGCAGACA,0,551129
araCp,0.02857142857142857,34,34,CCGCCTGTCGTAGGCCGTGT,0,585342
araCp,0.02857142857142857,34,34,CCGAGATACGTCAAACTTAT,0,547650
araCp,0.02857142857142857,34,34,CCCGAGTGTCTCTGTGGTGC,0,576304
araCp,0.02857142857142857,34,34,CCAGTTTGAACAACAGGCAG,0,536371
araCp,0.02857142857142857,34,34,CCACCTAACGTACTGAATTC,0,597684
araCp,0.02857142857142857,34,34,CCAATCGCGACCTGAAATCT,0,577492
araCp,0.02857142857142857,34,34,ATTACCTTGGGCATCCAAAG,0,544897
araCp,0.02857142857142857,34,34,ATGTACTGCTCGTTCTAACT,0,527288
araCp,0.02857142857142857,34,34,ATCGGGCTTCTATGGGTTCA,0,527242
araCp,0.02857142857142857,34,34,ATCGAAGATCCCAAGGACTT,0,538194
araCp,0.02857142857142857,34,34,AGTACTAGACATAGAGCTGA,0,538648
araCp,0.02857142857142857,34,34,AGGAATTGTGGTTCTGTTAA,0,558104
araCp,0.02857142857142857,34,34,AGCCAGAAGTTAGCCATTTG,0,526601
araCp,0.02857142857142857,34,34,AGCAGCATAACGTTATGGAG,0,540106
araCp,0.02857142857142857,34,34,ACTGAATGGTAAATAAGTGA,0,588022
araCp,0.02857142857142857,34,34,ACTATAGCGCTAGAGAGAGT,0,599893
araCp,0.02857142857142857,34,34,ACGTGATTTTGTGTCGGTAA,0,529150
araCp,0.02857142857142857,34,34,ACGTCGGGGCTTCACAAAGA,0,577982
araCp,0.02857142857142857,34,34,ACGGAGGGCTGGTAACCTGT,0,583236
araCp,0.02857142857142857,34,34,ACCGTGTTTGATAATTCAGG,0,541088
araCp,0.02857142857142857,34,34,ACCGTGGATTTGATGCTAGC,0,535179
araCp,0.02857142857142857,34,34,AATGGCCTGTCCTGCTCCGT,0,534663
araCp,0.02857142857142857,34,34,AATGCACATACATCTGGGAT,0,562725
araCp,0.02857142857142857,34,34,AATCAGTGCTGCGCTACGGT,0,560968
araCp,0.02857142857142857,34,34,AAGACGCTGAAGTGAGCCGT,0,531038
araCp,0.029411764705882353,33,33,TTTGTTGTCATCAGAATCGA,0,530942
araCp,0.029411764705882353,33,33,TTTAATCTGTGACGTCTTTA,0,548229
araCp,0.029411764705882353,33,33,TTGTTGGATACTTGTAGATA,0,583772
araCp,0.029411764705882353,33,33,TTGCGTATGTGTGGAATTTG,0,554827
araCp,0.029411764705882353,33,33,TGTAAAGAGCCATACGGCTT,0,538325
araCp,0.029411764705882353,33,33,TGGTTAGAAGTACTTGACTC,0,550286
araCp,0.029411764705882353,33,33,TGGGCTGATGCGCACCCAGA,0,554092
araCp,0.029411764705882353,33,33,TGGACTGCGGCCTAAGCGGT,0,543203
araCp,0.029411764705882353,33,33,TGCTGCAATCGTGCATATGC,0,551027
araCp,0.029411764705882353,33,33,TGCGATATGAGGCTATTTCG,0,580574
araCp,0.029411764705882353,33,33,TGCCTCTGGCGTATTCGCTT,0,584407
araCp,0.029411764705882353,33,33,TGCCTCTCCCGGTGCTAGTT,0,597667
araCp,0.029411764705882353,33,33,TCTGTTAGTGCATGGCCAAC,0,577264
araCp,0.029411764705882353,33,33,TCTGTGGTTAGTGCCTGATA,0,572705
araCp,0.029411764705882353,33,33,TCTGGCTACATTAGCGCCAT,0,564484
araCp,0.029411764705882353,33,33,TCTCGTCGTTAGAGTGTTTG,0,542339
araCp,0.029411764705882353,33,33,TCGCAGTGTAAACCGGGCAT,0,567801
araCp,0.029411764705882353,33,33,TCGCACGTCCATTAGGGGAT,0,575527
araCp,0.029411764705882353,33,33,TCCGAGGCTCTCGTCCCGGA,0,555883
araCp,0.029411764705882353,33,33,TCCCTCGAGTCCATTGGTCT,0,582104
araCp,0.029411764705882353,33,33,TATTGGTTACGTTAAAAAAG,0,528211
araCp,0.029411764705882353,33,33,TATTGAGTCCCCAGCGAGGA,0,569835
araCp,0.029411764705882353,33,33,TATCCCACTAAATGTTGGAT,0,540268
araCp,0.029411764705882353,33,33,TACTTGGACAGACAGTACTG,0,562654
araCp,0.029411764705882353,33,33,TAAGTGTGAGCTGCAATACA,0,582621
araCp,0.029411764705882353,33,33,TAAGGGTCCAATCAGGGACA,0,597525
araCp,0.029411764705882353,33,33,TAAGCGTTTCGTCTTGCGTC,0,574185
araCp,0.029411764705882353,33,33,TAAGCGGATAAAAATCCCGT,0,554213
araCp,0.029411764705882353,33,33,TAAGACTCACGAACAGTTGG,0,598359
araCp,0.029411764705882353,33,33,GTTGGGCAATGGCCGGTTAT,0,559499
araCp,0.029411764705882353,33,33,GTCTATAAATTGTCTCGTCT,0,584969
araCp,0.029411764705882353,33,33,GTAATGACGTTGTATGCTCC,0,567785
araCp,0.029411764705882353,33,33,GGTCGTTTCCAGGGGGATTA,0,539103
araCp,0.029411764705882353,33,33,GGGGCTTGTTGTAGCAGTGT,0,570594
araCp,0.029411764705882353,33,33,GGGCTGATCTTGAAGCGCAA,0,556330
araCp,0.029411764705882353,33,33,GGGCAGGCATTTTCTTCGGT,0,600082
araCp,0.029411764705882353,33,33,GGAAATACTAAACGTTTAAC,0,565061
araCp,0.029411764705882353,33,33,GCGTAAGTAGTTTGTCTGGT,0,543400
araCp,0.029411764705882353,33,33,GCGCTTTTCCATTCTAAGAA,0,549885
araCp,0.029411764705882353,33,33,GCGCAGCTCCCAGTTTAAAA,0,562265
araCp,0.029411764705882353,33,33,GCAGTTGTTTTGGAAGCTGC,0,552814
araCp,0.029411764705882353,33,33,GATAACATTAGGCCCTCACT,0,597136
araCp,0.029411764705882353,33,33,GACTCTACAGACGACGTCAA,0,527609
araCp,0.029411764705882353,33,33,GACTAGCTTGCTTTTCATAC,0,554477
araCp,0.029411764705882353,33,33,GACCACCGGTTTCGGCCAAC,0,566215
araCp,0.029411764705882353,33,33,GACCAACCGCCCAAGCCCCT,0,585686
araCp,0.029411764705882353,33,33,GAATAATGCCCGAGCTGTTG,0,538431
araCp,0.029411764705882353,33,33,GAAGGTCGTCTTCCGTTGGT,0,582667
araCp,0.029411764705882353,33,33,GAAGGGGGAACAGTTTTCAG,0,583707
araCp,0.029411764705882353,33,33,CTTCCAGTCCATATTACTTG,0,551681
araCp,0.029411764705882353,33,33,CTCGGTGGCCGTGAGGTCCT,0,554953
araCp,0.029411764705882353,33,33,CGTTAATTCGAGGCCCCATT,0,539371
araCp,0.029411764705882353,33,33,CGACTAGGCTGCGAAGGTCA,0,565558
araCp,0.029411764705882353,33,33,CGAAATGAGCAACCTGATTT,0,540983
araCp,0.029411764705882353,33,33,CCGCCTATTAGGAACGTACT,0,557260
araCp,0.029411764705882353,33,33,CCGCCAGGGCTATGCAGAGG,0,576481
araCp,0.029411764705882353,33,33,CCCGCGTACGTCAGCGCTAT,0,560984
araCp,0.029411764705882353,33,33,CCCAAGCCTCATATCACTTC,0,583184
araCp,0.029411764705882353,33,33,CATGATGCAATAGAACGGCT,0,534542
araCp,0.029411764705882353,33,33,CATCATACTGTACACGGGTT,0,555658
araCp,0.029411764705882353,33,33,CAGGCGCTGGTTAAAGGTTG,0,591584
araCp,0.029411764705882353,33,33,CAGCCACTCCGAGCAACCGT,0,542140
araCp,0.029411764705882353,33,33,CACTTAACTTGAGAGGGAGA,0,570385
araCp,0.029411764705882353,33,33,CACACCTATCGCTGTCCTCA,0,548080
araCp,0.029411764705882353,33,33,ATGACCCCGGAAGAATCCTG,0,579501
araCp,0.029411764705882353,33,33,ATCTGTTAGTCAGGCAATTC,0,543605
araCp,0.029411764705882353,33,33,ATATGCTTTATCACGCCAGT,0,549346
araCp,0.029411764705882353,33,33,ATAGGTCCGGAAGAGAAAAA,0,581985
araCp,0.029411764705882353,33,33,AGTCCATTTCCGCATGAATA,0,564884
araCp,0.029411764705882353,33,33,AGGTCGGGGGCAGGCATATC,0,539022
araCp,0.029411764705882353,33,33,AGGGCCTGTGTAAGCCACAG,0,569346
araCp,0.029411764705882353,33,33,AGGATCTAGTACTATTCTGT,0,553354
araCp,0.029411764705882353,33,33,AGCGCGCCTGAGTGCCCTTT,0,529039
araCp,0.029411764705882353,33,33,AGAGTCTGATGTCATACTGT,0,525883
araCp,0.029411764705882353,33,33,ACTCCCAGATGCTGTTGTCC,0,530010
araCp,0.029411764705882353,33,33,ACGGAGCCCGGATGATCGGG,0,569186
araCp,0.029411764705882353,33,33,AAGTAAGGGTTCCATTTCAT,0,530876
araCp,0.029411764705882353,33,33,AAGGTCGGCGCACGGTTTGT,0,596829
araCp,0.029411764705882353,33,33,AAGGAGTATGGCATTTCATC,0,582262
araCp,0.029411764705882353,33,33,AACCTGGGACTTGAGGAAGA,0,581386
araCp,0.029411764705882353,33,33,AACCAGGCATCAATTACGAG,0,539381
araCp,0.029411764705882353,33,33,AACAGGGTGGTATGAATCAT,0,582305
araCp,0.029411764705882353,33,33,AAATGCACCACATGGCATAA,0,546052
araCp,0.030303030303030304,32,32,TTTTTATCGGATAATTTTCA,0,578218
araCp,0.030303030303030304,32,32,TTCTAGGGGGAGGGCAATGT,0,596317
araCp,0.030303030303030304,32,32,TTCGTTAACCGGTGGTCCAT,0,587357
araCp,0.030303030303030304,32,32,TTCCACAAGTTTCTACTTAG,0,589044
araCp,0.030303030303030304,32,32,TTACGCTGGCTCGGGTTTTG,0,538427
araCp,0.030303030303030304,32,32,TGTGTCGTCCTCTAGGAAGT,0,549785
araCp,0.030303030303030304,32,32,TGTCAGGTCACCCGGAGTTT,0,599812
araCp,0.030303030303030304,32,32,TGCACCCCAGTTACGTTACT,0,540793
araCp,0.030303030303030304,32,32,TGAGATTAATTTTGGAACGT,0,551588
araCp,0.030303030303030304,32,32,TGACATAGGAAGTAGAACTA,0,557414
araCp,0.030303030303030304,32,32,TCTAATCGCCTCGTGTTTTA,0,532290
araCp,0.030303030303030304,32,32,TCGAGGTGCACCTTTAAGGA,0,551064
araCp,0.030303030303030304,32,32,TCCTCGCTCCGCACGTCGAG,0,548598
araCp,0.030303030303030304,32,32,TCCAGGCTCTATCAGATCAA,0,559101
araCp,0.030303030303030304,32,32,TCACCCGGTCTGAGTAAGCA,0,529018
araCp,0.030303030303030304,32,32,TATTTCTTAGCTTGACACAC,0,548970
araCp,0.030303030303030304,32,32,TATGTAGTATTGGAAGTGGT,0,593706
araCp,0.030303030303030304,32,32,TATAGGCTTAGCCATTTCTG,0,556937
araCp,0.030303030303030304,32,32,TAGCAATCATTGGAAAGTTT,0,601741
araCp,0.030303030303030304,32,32,TACAGGTGGTTTTGTTCCTG,0,539190
araCp,0.030303030303030304,32,32,TAAAACAGCAGATCGATAGA,0,584565
araCp,0.030303030303030304,32,32,GTTTGATTATGTCGTTACGC,0,531875
araCp,0.030303030303030304,32,32,GTTGGGCAACTAAGGGTTTA,0,581282
araCp,0.030303030303030304,32,32,GTCAGGGAGTGAAGCGGTCT,0,551243
araCp,0.030303030303030304,32,32,GTACGGGTAACACGAGTCTA,0,574890
araCp,0.030303030303030304,32,32,GGGGACAGTCTACAGTTCGA,0,540166
araCp,0.030303030303030304,32,32,GGCGTGAGAAATCCCATTGT,0,528154
araCp,0.030303030303030304,32,32,GGCGAAGGCATGTTAATTCC,0,578525
araCp,0.030303030303030304,32,32,GGCACCAGCTTTCAGGCAAT,0,529964
araCp,0.030303030303030304,32,32,GCTGCGGTATCCAATCGATA,0,592996
araCp,0.030303030303030304,32,32,GCTCTGTTTCCAAGAAGACC,0,571427
araCp,0.030303030303030304,32,32,GCTATCGAGGTGTTGCCGCT,0,529143
araCp,0.030303030303030304,32,32,GCGAGCAGTGGGACACTATA,0,593757
araCp,0.030303030303030304,32,32,GCCTGGGCTACTATGTGCGT,0,563008
araCp,0.030303030303030304,32,32,GCCCCGCTGCTCAGCTCCGG,0,595001
araCp,0.030303030303030304,32,32,GCAGGTGAGTATGTTGTTCA,0,590621
araCp,0.030303030303030304,32,32,GATTTAACCGGAAGAATGGA,0,549173
araCp,0.030303030303030304,32,32,GATCAGGCGCCGCTCTCTAA,0,559654
araCp,0.030303030303030304,32,32,GAGTGGGCTTTATGCATAGG,0,525899
araCp,0.030303030303030304,32,32,GAGCGGGAGTGCGACTAGAG,0,581993
araCp,0.030303030303030304,32,32,GAAGTATCTTGGCAGCACTA,0,576406
araCp,0.030303030303030304,32,32,CTTGGCGATTAAGTCTCGCA,0,596644
araCp,0.030303030303030304,32,32,CTTGGAGCGATGAATGAAGC,0,529627
araCp,0.030303030303030304,32,32,CTTCTTCAAGGTGTAGACAG,0,584736
araCp,0.030303030303030304,32,32,CTTAACCTGGAACAAGTGTC,0,597248
araCp,0.030303030303030304,32,32,CTGCACCGGAAGGTCTTCTC,0,586138
araCp,0.030303030303030304,32,32,CTGAATTGCGTGCCGCGCTG,0,600136
araCp,0.030303030303030304,32,32,CTCCTTCGTTCTGTCCACGA,0,590942
araCp,0.030303030303030304,32,32,CTAAGTGTTCACAGGTAGAT,0,571828
araCp,0.030303030303030304,32,32,CGTGAGTGTTTCGTCATATT,0,568227
araCp,0.030303030303030304,32,32,CGGATGCTGGGTCGAATATA,0,574935
araCp,0.030303030303030304,32,32,CGCGAGTTCGATGGCTCTTG,0,544756
araCp,0.030303030303030304,32,32,CGCAGTAACAGCTTTCTGCG,0,582139
araCp,0.030303030303030304,32,32,CCGGTTCCTGTGAAGGATTC,0,530142
araCp,0.030303030303030304,32,32,CCGCATAGACGCAAGCAACT,0,583449
araCp,0.030303030303030304,32,32,CCGACGGCGCTCACATGTCG,0,550862
araCp,0.030303030303030304,32,32,CCGACAGAGCTTTGCCTTCT,0,542534
araCp,0.030303030303030304,32,32,CCCCCATTCACGCAGCTCAC,0,599919
araCp,0.030303030303030304,32,32,CCATTTCTATGATGTTACGT,0,527221
araCp,0.030303030303030304,32,32,CCAGAACAAAAAGGCCACCT,0,532369
araCp,0.030303030303030304,32,32,CAACCGAGCGCCGGTGGAAA,0,602234
araCp,0.030303030303030304,32,32,ATTTGTCGGTGCTCTTCGTC,0,585892
araCp,0.030303030303030304,32,32,ATTGACATCGGTGCGGCTAT,0,582308
araCp,0.030303030303030304,32,32,ATTACGTAGTGCCATCGCTT,0,568137
araCp,0.030303030303030304,32,32,ATGTAGCTTAAGAGGCCAAA,0,566809
araCp,0.030303030303030304,32,32,ATGCAGTACAAGGACTACAC,0,585012
araCp,0.030303030303030304,32,32,AGTTTCTCGTACGTGTCATG,0,537891
araCp,0.030303030303030304,32,32,AGTTCAGCGCTGCTATCACG,0,570819
araCp,0.030303030303030304,32,32,AGTGCGTCTCCGCTGTACCG,0,579437
araCp,0.030303030303030304,32,32,AGTCCAATAGTTCATGCATA,0,556258
araCp,0.030303030303030304,32,32,AGCGCCATAGGCAACAGGTG,0,533757
araCp,0.030303030303030304,32,32,AGACATCGGGCCATCAGGCG,0,586041
araCp,0.030303030303030304,32,32,ACGTCCCGCACCTGAGCGCG,0,536342
araCp,0.030303030303030304,32,32,ACGTAGATTATGTACTCTCT,0,562362
araCp,0.030303030303030304,32,32,ACACTCACAGGAGGTTAAGA,0,544887
araCp,0.030303030303030304,32,32,ACACCGCGCATGGCTAGCCT,0,531086
araCp,0.030303030303030304,32,32,ACACAATACCTGGATTTCTA,0,562856
araCp,0.030303030303030304,32,32,AATGTTTAAGTGACTCAATT,0,580801
araCp,0.030303030303030304,32,32,AATCGTGATTCCAGTACAAG,0,568288
araCp,0.030303030303030304,32,32,AATAGGTCACTTTAGGCCTA,0,535377
araCp,0.030303030303030304,32,32,AAGCTCAGATCCTGTGAAGA,0,584783
araCp,0.030303030303030304,32,32,AACTAAAGGTGTAGCCCCAG,0,603249
araCp,0.030303030303030304,32,32,AACCCCATATACCTTAACTA,0,540746
araCp,0.030303030303030304,32,32,AAAGCTTGTATGTGAGGGCA,0,528299
araCp,0.03125,31,31,TTGTATTGGTTTAGCAGGCT,0,552654
araCp,0.03125,31,31,TTGGATATATAACATTACCA,0,599754
araCp,0.03125,31,31,TTCCCTGACTTCACGCCCTC,0,559953
araCp,0.03125,31,31,TTCATATCAAAGCCTCTTAT,0,591692
araCp,0.03125,31,31,TTAGGGCCTTTTCTGAATTG,0,581424
araCp,0.03125,31,31,TTAGAACTCCGCGTACGCGT,0,550408
araCp,0.03125,31,31,TTAATGACGAGGCCAAAGTT,0,542946
araCp,0.03125,31,31,TGTTCACGGTTATATCGCAT,0,533179
araCp,0.03125,31,31,TGTGGGGTCGGGCTAGCCTT,0,533613
araCp,0.03125,31,31,TGGAGGTCGGTCTTGGAGCG,0,583770
araCp,0.03125,31,31,TGCGTAGCGGATTCTCGTGA,0,558425
araCp,0.03125,31,31,TGCGTACGCAGGTACAACGT,0,553540
araCp,0.03125,31,31,TGACTGGGGAACTAAAGGAT,0,548479
araCp,0.03125,31,31,TGACAAGCGTTTCACCGTTA,0,591690
araCp,0.03125,31,31,TGAATGCCCTTATAATGAAT,0,558720
araCp,0.03125,31,31,TCGGATGCGACTCACGCATA,0,577554
araCp,0.03125,31,31,TCCGCTAAGTGAGGGCACCC,0,559268
araCp,0.03125,31,31,TCACGCGCGTTAAACAGGGA,0,550929
araCp,0.03125,31,31,TCAAGTACCATCTGTTAAAG,0,565332
araCp,0.03125,31,31,TAGATTCAGTCGAAAATTCG,0,554047
araCp,0.03125,31,31,TACCAAGGTCATTACTTCTA,0,530791
araCp,0.03125,31,31,TACACCGCTCTCAAGCAACT,0,594966
araCp,0.03125,31,31,TAATAGCTGATATCTAGTCT,0,570150
araCp,0.03125,31,31,TAAGTTCATTTTGTATCGAA,0,530006
araCp,0.03125,31,31,TAAGCGGGAAGGCTCCTGGA,0,564789
araCp,0.03125,31,31,TAACAAAGCAGGCACTCTAG,0,532816
araCp,0.03125,31,31,GTTCTGGAGCACCCCGACCA,0,562681
araCp,0.03125,31,31,GTGTACGTGCGCCACAAGTT,0,584830
araCp,0.03125,31,31,GTGGTCTCAGGAGGATTCGA,0,553411
araCp,0.03125,31,31,GTATATGTACGTCCCTGCGA,0,536482
araCp,0.03125,31,31,GTACTAGCCTCTACCCCGCT,0,555350
araCp,0.03125,31,31,GGTTAAATCGGCGTTCAGGT,0,549652
araCp,0.03125,31,31,GGTATAACTAAAAGTGATCA,0,598920
araCp,0.03125,31,31,GGGCAACGGCCGGGAAATCT,0,579065
araCp,0.03125,31,31,GGCGCCACGCCATCAGCCGT,0,550625
araCp,0.03125,31,31,GGCGACGCTCGCCCCGATGA,0,569654
araCp,0.03125,31,31,GGCCCTGGTGGTTACAATTA,0,539894
araCp,0.03125,31,31,GGCAACCAAAGGCTGAATCC,0,530496
araCp,0.03125,31,31,GGATTCTTAGGGAACGTTAG,0,599818
araCp,0.03125,31,31,GGACTCGAAGAACCACGTAG,0,538600
araCp,0.03125,31,31,GCCGCGTATTGACAGGTGCA,0,571722
araCp,0.03125,31,31,GCCCAGAAGCCACCTTAACA,0,584967
araCp,0.03125,31,31,GCCATATAGTTCGCCTTATT,0,541480
araCp,0.03125,31,31,GCAGGAGATCGGGGTTTACG,0,548912
araCp,0.03125,31,31,GATGCTAGATTCGAGTGGGC,0,564065
araCp,0.03125,31,31,GAGGGCCTACTGGGCTGTGT,0,534021
araCp,0.03125,31,31,GACTGCATTGGAGTCCTGTG,0,603356
araCp,0.03125,31,31,GACCCATGTCTTACTCGGAA,0,534145
araCp,0.03125,31,31,CTTGTGGGTCCCAGGAGAGC,0,601175
araCp,0.03125,31,31,CTGGCGGTATTTGGTGTCTT,0,552570
araCp,0.03125,31,31,CTCGGACGCTACAAACCACT,0,592396
araCp,0.03125,31,31,CTCACCTACATGTACGAGGT,0,569793
araCp,0.03125,31,31,CTATTCAGTGTGCAACTATA,0,574931
araCp,0.03125,31,31,CTATAGTATCACTACGGGGC,0,544904
araCp,0.03125,31,31,CGGTAATAGTGCTTAACATA,0,563388
araCp,0.03125,31,31,CGGGGGCGTCTCGCGCGAAG,0,532515
araCp,0.03125,31,31,CGCTAGTGAACTTTTCAGAG,0,532711
araCp,0.03125,31,31,CGCGCCCGATATAATAGAGG,0,539669
araCp,0.03125,31,31,CGCGAGTTACCGGGATCGAA,0,590081
araCp,0.03125,31,31,CCGGCGCCGCCTTAGCTCCT,0,597434
araCp,0.03125,31,31,CCGGAACTATCGCGTCCTAT,0,548072
araCp,0.03125,31,31,CCGCCTATGTAAGCCTTACA,0,525668
araCp,0.03125,31,31,CCCCCAGAAGACGGTCGGAT,0,554588
araCp,0.03125,31,31,CCCAGAAGGCTGAAAATTGA,0,569289
araCp,0.03125,31,31,CCAGGGGACGGAGAGACGCA,0,532942
araCp,0.03125,31,31,CATGGGGCTACGCCCGACTG,0,531369
araCp,0.03125,31,31,CATCCTGTTTGCACACCTCA,0,592214
araCp,0.03125,31,31,CAGTCCTAGCGTGGCACCAA,0,564060
araCp,0.03125,31,31,CAGGACACGGTACCTCGCAG,0,585697
araCp,0.03125,31,31,CAGAACCCATTTTCAGAGGT,0,598377
araCp,0.03125,31,31,CACGGGACGTGGCCGGGATG,0,564621
araCp,0.03125,31,31,CAATCTCGTTCGAGTTCCTA,0,602790
araCp,0.03125,31,31,ATGTCAAGGACAGACTCGTT,0,596893
araCp,0.03125,31,31,ATGGTGATACGCGAGCCCGA,0,525967
araCp,0.03125,31,31,ATGCAAGAATTACCGTCGAG,0,570922
araCp,0.03125,31,31,ATGATCGCCATTGGCCACGA,0,588950
araCp,0.03125,31,31,ATATAGGCCCCGATTCATGA,0,562185
araCp,0.03125,31,31,AGTCAACCGATGTAAGACTA,0,540639
araCp,0.03125,31,31,AGGTCCCATAGCTCAGCCCA,0,571488
araCp,0.03125,31,31,AGAGGGTAGGGTACGGGCTA,0,573642
araCp,0.03125,31,31,ACGGTACAAGTATGAAAGTA,0,572284
araCp,0.03125,31,31,ACGCATCTTGTGGTGGCCGA,0,532605
araCp,0.03125,31,31,ACCATCGCGTGCTGTCATTA,0,565827
araCp,0.03125,31,31,ACCAACCCCCAAGTCTTTTA,0,601480
araCp,0.03125,31,31,AAGCGAGTTGCTGGGCATGT,0,542106
araCp,0.03125,31,31,AACCTGCAAGGCTGTATTGA,0,579301
araCp,0.03125,31,31,AACCGCGACCTGCGTTACGA,0,531536
araCp,0.03225806451612903,30,30,TTTTCGGATACTCGTTCCTG,0,565561
araCp,0.03225806451612903,30,30,TTTCTTCCAGCGTAGATGGA,0,539375
araCp,0.03225806451612903,30,30,TTTACAGTCAGAGCTGGGAC,0,536160
araCp,0.03225806451612903,30,30,TTTAACTGCGGATCTTGCCA,0,597421
araCp,0.03225806451612903,30,30,TTGTTCCTTTTTAGTAACTT,0,560993
araCp,0.03225806451612903,30,30,TTGGGACGGTTCCGGGGCGG,0,544205
araCp,0.03225806451612903,30,30,TTGCCACTAGGCATTGTAAG,0,550197
araCp,0.03225806451612903,30,30,TGGCAACGCTACCACCAGAA,0,599992
araCp,0.03225806451612903,30,30,TGGAGCATCCGACTGAGGCG,0,594254
araCp,0.03225806451612903,30,30,TGCCCCCGTTAGCTGTGGGT,0,575739
araCp,0.03225806451612903,30,30,TGCCAGTAGACAGTAATTGC,0,571905
araCp,0.03225806451612903,30,30,TGATTATTTCGAGCAACAGT,0,582162
araCp,0.03225806451612903,30,30,TCCTGGCAACTTGCTGCGCA,0,526029
araCp,0.03225806451612903,30,30,TCATCTCCTGTCACGGGGGA,0,560508
araCp,0.03225806451612903,30,30,TCACTGATAGGAAGGCAGCA,0,526133
araCp,0.03225806451612903,30,30,TCAAAAAGAACTAGGGCAGC,0,592685
araCp,0.03225806451612903,30,30,TAGGCAATTATCCCTGGCAA,0,551936
araCp,0.03225806451612903,30,30,TAGCGGTCCAAGCTCGGAAG,0,567444
araCp,0.03225806451612903,30,30,TAACGGGCTGTTGACGAAGG,0,567605
araCp,0.03225806451612903,30,30,GTCGCGTACCGTCGTATCGC,0,546096
araCp,0.03225806451612903,30,30,GTATAAGATGGTATTGCACT,0,587862
araCp,0.03225806451612903,30,30,GGTCTTAGGCGGGGGCATGT,0,595256
araCp,0.03225806451612903,30,30,GGGTAGTTGTCAAAATTTTA,0,535618
araCp,0.03225806451612903,30,30,GGGGTATTCTCCGGGTTGCA,0,572965
araCp,0.03225806451612903,30,30,GGGCAATAAACGGCTAGATC,0,527215
araCp,0.03225806451612903,30,30,GGGAAGACTTTACCTCCAGA,0,527475
araCp,0.03225806451612903,30,30,GGCTTGAGGGTGCACCTTTC,0,560909
araCp,0.03225806451612903,30,30,GGCGTGGGACGTAGATAACA,0,558824
araCp,0.03225806451612903,30,30,GGACCGGCCGTCGTGCGAAT,0,573505
araCp,0.03225806451612903,30,30,GGACATAAATTAGACCCTTG,0,570925
araCp,0.03225806451612903,30,30,GCTGGGTTATGTTAGACAAA,0,540468
araCp,0.03225806451612903,30,30,GCTGACAGACGGCGAAGGTC,0,574230
araCp,0.03225806451612903,30,30,GCCGAATGACCGACAATAAA,0,546864
araCp,0.03225806451612903,30,30,GATTTACCAATTACGTAATT,0,564343
araCp,0.03225806451612903,30,30,GAGTCTTACGATAGACGCTT,0,549959
araCp,0.03225806451612903,30,30,GAGCAGAGAGGAGCTGCAGT,0,595147
araCp,0.03225806451612903,30,30,GACGCGCGGGCCATCGGGAT,0,603366
araCp,0.03225806451612903,30,30,GAATTTGAAAGGGCCTTAGC,0,550489
araCp,0.03225806451612903,30,30,GAAACTCCACGTCCGTTTAC,0,585993
araCp,0.03225806451612903,30,30,CTTCCGGGCTGTTCCATGGA,0,579162
araCp,0.03225806451612903,30,30,CTGAGAGTCCAATAGGAGCT,0,559454
araCp,0.03225806451612903,30,30,CTCCCCTGTTGGGAATACAA,0,555027
araCp,0.03225806451612903,30,30,CTAGGGGATCTGCGCCTCAG,0,535985
araCp,0.03225806451612903,30,30,CTAATTCCTTTACCTATCGA,0,566645
araCp,0.03225806451612903,30,30,CTAAGCACACATTTTGTGAC,0,575107
araCp,0.03225806451612903,30,30,CGTTAAATGCACACGGCATA,0,536264
araCp,0.03225806451612903,30,30,CGTCCGATAAGTCATACTCA,0,590340
araCp,0.03225806451612903,30,30,CGGGCTCTAAGAGGCGTTCT,0,565637
araCp,0.03225806451612903,30,30,CGCGTTATGATCCCGCTTAT,0,564885
araCp,0.03225806451612903,30,30,CGATACGCACGATATGGGAT,0,531075
araCp,0.03225806451612903,30,30,CGAGGGCAAACAACTCGACA,0,552909
araCp,0.03225806451612903,30,30,CGACCTGGAATCCATCGGCT,0,556064
araCp,0.03225806451612903,30,30,CGACCCGCCCCATGACTGGT,0,602090
araCp,0.03225806451612903,30,30,CCTGCACCCGGACTGAACAC,0,580218
araCp,0.03225806451612903,30,30,CCGTGATTCAGAGTTTTTAG,0,536206
araCp,0.03225806451612903,30,30,CCGATTACGTTATAGCTTTG,0,591536
araCp,0.03225806451612903,30,30,CCAGTCGGCAGAGTGAGTCG,0,597670
araCp,0.03225806451612903,30,30,CCAGCCCCATCGAATGTTGT,0,576703
araCp,0.03225806451612903,30,30,CCACAAACCAGCCTTGAGTT,0,545645
araCp,0.03225806451612903,30,30,CCAATGGAACTTCGATTGTC,0,577021
araCp,0.03225806451612903,30,30,CCAAAAGCATCTTCAGTGTT,0,600923
araCp,0.03225806451612903,30,30,CATGTTAAGGGATTCTATTG,0,533549
araCp,0.03225806451612903,30,30,CATCAGGGGGCGCCAATCCC,0,545212
araCp,0.03225806451612903,30,30,CATAACCCTCGTACATTTGT,0,556939
araCp,0.03225806451612903,30,30,CAGGTACCACATAACGATTC,0,564266
araCp,0.03225806451612903,30,30,CACGCGGTTTCAATGTTTGG,0,563554
araCp,0.03225806451612903,30,30,CAATAACTTTTGGCAGCGTA,0,530330
araCp,0.03225806451612903,30,30,CAAGGCGTTCCTGCAAAAGC,0,536096
araCp,0.03225806451612903,30,30,CAAGATGCTTAGTTCACCTG,0,542192
araCp,0.03225806451612903,30,30,ATTGTTAAAACGGATCCACG,0,540389
araCp,0.03225806451612903,30,30,ATTGCCAGGCTGAGTAAGCG,0,546542
araCp,0.03225806451612903,30,30,ATGCAATATTCCGCATTATG,0,593783
araCp,0.03225806451612903,30,30,ATCGGCCTCTCTACATTTAG,0,538797
araCp,0.03225806451612903,30,30,ATATCTGTCACTCCGAAAAG,0,557703
araCp,0.03225806451612903,30,30,ATAGTGGAGTCACGTACGTT,0,572813
araCp,0.03225806451612903,30,30,ATACTCCCTGGAATGACGTA,0,574651
araCp,0.03225806451612903,30,30,AGTTCCGGAGTTTTGGTATA,0,561078
araCp,0.03225806451612903,30,30,AGGGAACTCCCTGTGAGCAA,0,588905
araCp,0.03225806451612903,30,30,ACTGGCCATACGTGCGTGCG,0,550779
araCp,0.03225806451612903,30,30,ACTGGCACGAGCGGTATATG,0,589922
araCp,0.03225806451612903,30,30,ACTGGAGCGGGGAGAATTGA,0,556951
araCp,0.03225806451612903,30,30,ACTAGCTATTTTCACTTTCG,0,539958
araCp,0.03225806451612903,30,30,ACGCTAGTGTAATGAACCCT,0,594715
araCp,0.03225806451612903,30,30,ACCGGGAAATGAACGACGAT,0,530747
araCp,0.03225806451612903,30,30,ACACTGAGGAGGCGAGTCTC,0,554410
araCp,0.03225806451612903,30,30,AATTCACAGCCTCTGCGATA,0,533210
araCp,0.03225806451612903,30,30,AAGTTCTCCGAAGACAAGAC,0,543902
araCp,0.03225806451612903,30,30,AAGTACGAGACGTATCAGTT,0,544507
araCp,0.03225806451612903,30,30,AAGCTTGTTCGCAACCTGGC,0,575255
araCp,0.03225806451612903,30,30,AAGCGAAAACTACCTGGTAC,0,556719
araCp,0.03225806451612903,30,30,AAGAGTGTAACTACCACTTG,0,601162
araCp,0.03225806451612903,30,30,AACGTATTCGCGCAAGTCTG,0,561130
araCp,0.03225806451612903,30,30,AACGCGACGACTTGATACGG,0,566065
araCp,0.03225806451612903,30,30,AACCATAGGGGAATGTCAGG,0,545091
araCp,0.03333333333333333,29,29,TTTTTCCTTAGAGCCCCGAT,0,598541
araCp,0.03333333333333333,29,29,TTTGAGCAGCAATTGTTGGT,0,594893
araCp,0.03333333333333333,29,29,TTTCTATAAGTCGCATTTGT,0,563253
araCp,0.03333333333333333,29,29,TTGTTTCCGGCCGTCTCGCG,0,528896
araCp,0.03333333333333333,29,29,TTGTTGCGATGAGATGAAGT,0,554474
araCp,0.03333333333333333,29,29,TTCTCTGCGAGCCTGAGACG,0,583676
araCp,0.03333333333333333,29,29,TTCGCGCATCTGTTTCCATG,0,534666
araCp,0.03333333333333333,29,29,TTCCTGGGGTAGTAATAGTT,0,534501
araCp,0.03333333333333333,29,29,TTACGGTACATTCAAACGGG,0,541876
araCp,0.03333333333333333,29,29,TTAAGCGGTACTACATGGAC,0,598105
araCp,0.03333333333333333,29,29,TGTGTTCATGAGAACTGTCG,0,576754
araCp,0.03333333333333333,29,29,TGGTTGGAAGAAGGACCTAT,0,583388
araCp,0.03333333333333333,29,29,TGGGTGATTTCAATAACAGA,0,549010
araCp,0.03333333333333333,29,29,TGGCTCGCCAATATTAAACT,0,584827
araCp,0.03333333333333333,29,29,TGGAAAGCATTCGCCTTTTA,0,529562
araCp,0.03333333333333333,29,29,TGCTGTATTGTGGCTACGGA,0,570207
araCp,0.03333333333333333,29,29,TGCGCACCAGAGACACAGAT,0,551186
araCp,0.03333333333333333,29,29,TGCCCCCCGCAGCATACATA,0,564445
araCp,0.03333333333333333,29,29,TGAATATTCACAGCTCAATT,0,570140
araCp,0.03333333333333333,29,29,TCTAACGCTGGTTGGTTCAG,0,527873
araCp,0.03333333333333333,29,29,TCGTTTTTATACGTAGGCGG,0,555700
araCp,0.03333333333333333,29,29,TCGGTGTCACCGAGTTATCG,0,598204
araCp,0.03333333333333333,29,29,TCGGACTTTGCACAAACGGT,0,572436
araCp,0.03333333333333333,29,29,TCGCTGATTACAGCACTAAT,0,540228
araCp,0.03333333333333333,29,29,TCGCCCTTCGGCACGATCCC,0,561606
araCp,0.03333333333333333,29,29,TCGCATTGACAAGAGGCTTT,0,539372
araCp,0.03333333333333333,29,29,TCGAACAGCGTTAGGATTTA,0,529245
araCp,0.03333333333333333,29,29,TCCAATGAAAGTTAACTTAA,0,528534
araCp,0.03333333333333333,29,29,TCACATCGAGCAGGTAGGAG,0,540327
araCp,0.03333333333333333,29,29,TATTGTGGCATACCAGCCCA,0,580676
araCp,0.03333333333333333,29,29,TATCCATAAGGAAGCCCGCA,0,566925
araCp,0.03333333333333333,29,29,TAGACAAAAAGCAGCGATCT,0,555348
araCp,0.03333333333333333,29,29,TACTACCGCCACTCACTGTA,0,539298
araCp,0.03333333333333333,29,29,TACGCTTCCAATGCCATTTT,0,563518
araCp,0.03333333333333333,29,29,TACGATCATTCAGGAGTCCA,0,583620
araCp,0.03333333333333333,29,29,TACCAGTGTCAGTGGGTTTA,0,541996
araCp,0.03333333333333333,29,29,TACATCGGATGCCAATCGGC,0,554526
araCp,0.03333333333333333,29,29,TAATTCTTTGTATTACTTTT,0,579435
araCp,0.03333333333333333,29,29,TAAGCGGAGCGGTCTACAGA,0,537773
araCp,0.03333333333333333,29,29,GTGTATCTTGGATGTGGTAT,0,536964
araCp,0.03333333333333333,29,29,GTCCGGTATTCGTAGGGGCA,0,531425
araCp,0.03333333333333333,29,29,GTCAACAGACACTAGATCCA,0,582374
araCp,0.03333333333333333,29,29,GGTGATAAATTGCGTACATA,0,558635
araCp,0.03333333333333333,29,29,GGGCGCCTATCAGGCACCAG,0,533794
araCp,0.03333333333333333,29,29,GGCGCCTCAACCGCAAATTT,0,568210
araCp,0.03333333333333333,29,29,GGACCGCCAATCTTACGGGT,0,563118
araCp,0.03333333333333333,29,29,GGAACTCGTGAACACTCTAG,0,572424
araCp,0.03333333333333333,29,29,GCTCTCAGTATCTAGATCAC,0,535258
araCp,0.03333333333333333,29,29,GCTCAATTGCATACGCAACT,0,537551
araCp,0.03333333333333333,29,29,GCGTCAGGCGAACGTATATA,0,600979
araCp,0.03333333333333333,29,29,GCGAGCGAGGAAAACGTGGA,0,537432
araCp,0.03333333333333333,29,29,GCGAAACAATCTTAACCTGG,0,526497
araCp,0.03333333333333333,29,29,GCCCTGTTTAGGGATGTAGG,0,564260
araCp,0.03333333333333333,29,29,GCACATTATAGGCAACTCGC,0,581376
araCp,0.03333333333333333,29,29,GATGTCGGCAGGCGTAACAG,0,583200
araCp,0.03333333333333333,29,29,GATCATACCCAGGTTAATAT,0,560447
araCp,0.03333333333333333,29,29,GAGTGACGTTGCGCACCTTG,0,540695
araCp,0.03333333333333333,29,29,GAGCGCCGAATGGGCTTTTG,0,591019
araCp,0.03333333333333333,29,29,GACTGGCCGCTCGCATGCGT,0,551087
araCp,0.03333333333333333,29,29,GACTCATGGGCTCAGTACGA,0,585069
araCp,0.03333333333333333,29,29,GACTAGATCAGGGAGTGCGG,0,583087
araCp,0.03333333333333333,29,29,GACGATTCTCACCAGTAGAC,0,562514
araCp,0.03333333333333333,29,29,GAATAGGCTGTGAGTCGGGG,0,564895
araCp,0.03333333333333333,29,29,CTTTCCCCTGGGTCCCATAG,0,528055
araCp,0.03333333333333333,29,29,CTTGACGTAAGTGGCGGTGT,0,590782
araCp,0.03333333333333333,29,29,CTTAGGGCAAAACTCTAAGT,0,531421
araCp,0.03333333333333333,29,29,CTGTTTTAGCGGAGTTCTTG,0,529028
araCp,0.03333333333333333,29,29,CTGCGTGGGTGGGTGGAACT,0,575007
araCp,0.03333333333333333,29,29,CTGAGCTTCGATCGCCTTAG,0,553283
araCp,0.03333333333333333,29,29,CTCCGACCCCCGAGCCGAAA,0,560151
araCp,0.03333333333333333,29,29,CTATGACACTATAGATACTT,0,561080
araCp,0.03333333333333333,29,29,CTAACCAATATTCGATTGCG,0,527511
araCp,0.03333333333333333,29,29,CGTCTAGGGTTGTGAATCGT,0,572931
araCp,0.03333333333333333,29,29,CGTCCGTCCTCACGCCGGCT,0,592930
araCp,0.03333333333333333,29,29,CGTCAGTGGAGGGCTTGAAT,0,541878
araCp,0.03333333333333333,29,29,CGGGTCGGAGGGGTAATTTA,0,579826
araCp,0.03333333333333333,29,29,CGGCCCGGGCTACTTTATTG,0,531487
araCp,0.03333333333333333,29,29,CGGATGCCGTTAGTGAACAT,0,582809
araCp,0.03333333333333333,29,29,CGCTCGCCATCCTTTCGCGG,0,593232
araCp,0.03333333333333333,29,29,CGCCGGAGCCGTTAATTCTA,0,588945
araCp,0.03333333333333333,29,29,CGCATAGCGCTGGTGCAGCC,0,549800
araCp,0.03333333333333333,29,29,CGATTCAGGTAATTGATACA,0,586736
araCp,0.03333333333333333,29,29,CCTGACGCAAGGTCCAGGCT,0,526384
araCp,0.03333333333333333,29,29,CCCGCCACGTGGGAACATTG,0,599005
araCp,0.03333333333333333,29,29,CCAGCTTCAAATACCGTGTG,0,570459
araCp,0.03333333333333333,29,29,CATGAACGCTCAGAGTAAGT,0,526972
araCp,0.03333333333333333,29,29,CATAATGAGCCCTATAGGCT,0,542397
araCp,0.03333333333333333,29,29,CAGTACCGTCAAAACCATCC,0,552102
araCp,0.03333333333333333,29,29,CAGAGCTGTCTTGAGTATCG,0,585623
araCp,0.03333333333333333,29,29,CACAACCAGTCTCCAACAGA,0,545208
araCp,0.03333333333333333,29,29,CACAAACTCCGGGATCAGCG,0,536766
araCp,0.03333333333333333,29,29,CAACTGCATTACAGTCGAAC,0,530442
araCp,0.03333333333333333,29,29,CAACGCAGCGTCATTGGATT,0,600316
araCp,0.03333333333333333,29,29,ATTTGTTCGGTCTAGAAGTC,0,578973
araCp,0.03333333333333333,29,29,ATGTGCAAGCGACTTAGCAT,0,573567
araCp,0.03333333333333333,29,29,ATGGGTATGGATATAAAGTA,0,598576
araCp,0.03333333333333333,29,29,ATGCCGAGCTCCTGCGGCAT,0,559168
araCp,0.03333333333333333,29,29,ATCCAGGCACCCATGGCAAT,0,533341
araCp,0.03333333333333333,29,29,ATCAGATAAGTCCATTTGAG,0,541718
araCp,0.03333333333333333,29,29,AGTGGCAAGGTGCTTCACAG,0,573776
araCp,0.03333333333333333,29,29,AGTGCTTACGTGACCGGCCA,0,533610
araCp,0.03333333333333333,29,29,AGTCTCCTTGGACTTCGGTG,0,560459
araCp,0.03333333333333333,29,29,AGTCCAAAGATTGCGGACCC,0,539533
araCp,0.03333333333333333,29,29,AGGGCTCTTGGGACCAGATA,0,567165
araCp,0.03333333333333333,29,29,AGGCCTCGGGCTGTCTTCAG,0,536319
araCp,0.03333333333333333,29,29,ACTACCGTTTCTTCAGGTTA,0,535464
araCp,0.03333333333333333,29,29,ACCTCCTATCCATGAGCCTT,0,593108
araCp,0.03333333333333333,29,29,ACCGCCAGTGATCGGTGTGT,0,591864
araCp,0.03333333333333333,29,29,ACCCTGATATGCAGAGGCGG,0,570833
araCp,0.03333333333333333,29,29,ACCAAGGGTGCTACTTAGGA,0,598232
araCp,0.03333333333333333,29,29,ACATGTATACGTCGCTGGAC,0,599714
araCp,0.03333333333333333,29,29,ACATGCCCCGGGTAGGTTGC,0,537502
araCp,0.03333333333333333,29,29,ACATCCGACAAAACCTTTGA,0,562932
araCp,0.03333333333333333,29,29,ACAATTGGGTAATTACCCTT,0,575436
araCp,0.03333333333333333,29,29,ACAAGGAGTGTTCGCTAATC,0,567903
araCp,0.03333333333333333,29,29,AATGCACGGTCGCGCCAGTT,0,532964
araCp,0.03333333333333333,29,29,AATACGAACTACAGTCTGTG,0,577255
araCp,0.03333333333333333,29,29,AAGTGTTAAGAAAAATAGCG,0,595005
araCp,0.03333333333333333,29,29,AAGGTGAAGATTCAGCAGTA,0,599384
araCp,0.03333333333333333,29,29,AACGCCAAATACCATTGATA,0,560837
araCp,0.03333333333333333,29,29,AACACGCCCAAAGGTGAAAA,0,586741
araCp,0.03333333333333333,29,29,AAATCTTGCCTGCCTATTGG,0,537328
araCp,0.03333333333333333,29,29,AAAGATATACAATGCGTGAG,0,566922
araCp,0.03333333333333333,29,29,AAACCAGCTGCGACGCTTGT,0,541097
araCp,0.034482758620689655,28,28,TTGCTAAAGTGAGTCCTCTG,0,575867
araCp,0.034482758620689655,28,28,TTGCGCTTAAGCACGCGCTA,0,568244
araCp,0.034482758620689655,28,28,TTGATTGATTTGATTTACGT,0,586569
araCp,0.034482758620689655,28,28,TTATGTTACGCGAGGGACAG,0,563397
araCp,0.034482758620689655,28,28,TTATCGAATCGAAGCCACGC,0,548657
araCp,0.034482758620689655,28,28,TGGAGTGGAGTTCAAACTTA,0,585722
araCp,0.034482758620689655,28,28,TGGAAGTTTATCAAGTCTAA,0,584730
araCp,0.034482758620689655,28,28,TGCTGGGCGGGACCCCGTTT,0,568418
araCp,0.034482758620689655,28,28,TGCCGTTACGCCTTGCCCGA,0,537488
araCp,0.034482758620689655,28,28,TGCCATCAAGTAGCGCCTTG,0,536410
araCp,0.034482758620689655,28,28,TGATAGAGATAAGCCGGGTA,0,553761
araCp,0.034482758620689655,28,28,TCGTGACGAGGCGCAAGCGA,0,557468
araCp,0.034482758620689655,28,28,TCGCTCAACCTAGCTGTTGT,0,535402
araCp,0.034482758620689655,28,28,TCCTCGTGCCCACGCGGTCA,0,586440
araCp,0.034482758620689655,28,28,TCATTTTCTAAAGTCACGTG,0,587490
araCp,0.034482758620689655,28,28,TCATTTAGCAGATGGATGAG,0,585184
araCp,0.034482758620689655,28,28,TCATGTTGATTTATCCTCAT,0,548407
araCp,0.034482758620689655,28,28,TCACGCCCTGACTCTCGACG,0,599410
araCp,0.034482758620689655,28,28,TCAATGAGAGTAAGGGAAGG,0,553127
araCp,0.034482758620689655,28,28,TATCATTCCGTTAAATGTAC,0,569194
araCp,0.034482758620689655,28,28,TAGAGTGCAACGCGGGAAGA,0,531498
araCp,0.034482758620689655,28,28,TAGACATCGAGTGCTTCACA,0,534831
araCp,0.034482758620689655,28,28,TACATCTATGGATCCCGCTA,0,576399
araCp,0.034482758620689655,28,28,TAATAGTCCATAATCAAGAA,0,546634
araCp,0.034482758620689655,28,28,TAAGGGCTGGGCGTGTTTAC,0,592070
araCp,0.034482758620689655,28,28,TAAAGCTGATGCTGCGGAGG,0,554404
araCp,0.034482758620689655,28,28,GTTAGCCGCTGGCAGTTATG,0,526852
araCp,0.034482758620689655,28,28,GTGTTTAGCGTACGATAGCG,0,556051
araCp,0.034482758620689655,28,28,GTGTTGTAAGGTCATCCTGC,0,531837
araCp,0.034482758620689655,28,28,GTGCTCCGGCAGCATCACGT,0,528941
araCp,0.034482758620689655,28,28,GTGCGATCTAGCGAGCTGTA,0,537555
araCp,0.034482758620689655,28,28,GTGAGCTGCCGTCCCCGCAT,0,533353
araCp,0.034482758620689655,28,28,GTCGTCATGGGGTCATCCTC,0,545138
araCp,0.034482758620689655,28,28,GTATTGTCACCATCTGACCG,0,598678
araCp,0.034482758620689655,28,28,GGTAGTACGGGAAGGTTTGT,0,589432
araCp,0.034482758620689655,28,28,GGGTTAGATGCGAGAGTGGA,0,528657
araCp,0.034482758620689655,28,28,GGGAAGTATGCAGCGTACCC,0,532119
araCp,0.034482758620689655,28,28,GGAGAAATTGGGTGAGTAAA,0,536545
araCp,0.034482758620689655,28,28,GCGCTATTGCAACACGTTGG,0,591817
araCp,0.034482758620689655,28,28,GCGAGGCAGGGCGGTTTCCA,0,555604
araCp,0.034482758620689655,28,28,GCCGTGCAGTGAAACCCCCA,0,548359
araCp,0.034482758620689655,28,28,GCCCGGAGCTTTTGATGGAC,0,547349
araCp,0.034482758620689655,28,28,GCCATAGGTTCACGTAAATA,0,531132
araCp,0.034482758620689655,28,28,GCACCGGAAGCTAGGGATAG,0,529318
araCp,0.034482758620689655,28,28,GAGGCTCGGATATCTGGCGT,0,534167
araCp,0.034482758620689655,28,28,GAGGCAGGCCTAGGCAGAAA,0,584192
araCp,0.034482758620689655,28,28,GACGTAGCTTTGTTTTCGGA,0,526527
araCp,0.034482758620689655,28,28,CTTTTGCCCAGTCGCAGCTC,0,560519
araCp,0.034482758620689655,28,28,CTTGGACAGAGTTCCCGTTT,0,532391
araCp,0.034482758620689655,28,28,CTGGGGAACCTTGATGGCGA,0,590917
araCp,0.034482758620689655,28,28,CTCCGACCACTACTTTGAAA,0,600070
araCp,0.034482758620689655,28,28,CGTAGGCCGAGCCGAATTTA,0,579402
araCp,0.034482758620689655,28,28,CGGTTAGGCTAATGCGCCCA,0,565176
araCp,0.034482758620689655,28,28,CGGGTCGCATGGGTCCAAAC,0,585907
araCp,0.034482758620689655,28,28,CGCTAGCCGACCGCACTCTC,0,574397
araCp,0.034482758620689655,28,28,CGCCACTTGAATTGGAGTTA,0,562393
araCp,0.034482758620689655,28,28,CGAGATTAGAGCTTTGGTTA,0,529274
araCp,0.034482758620689655,28,28,CGAAAAGTTTTTGGATGAGC,0,599886
araCp,0.034482758620689655,28,28,CCGTAATCCTCATCCATGTT,0,564316
araCp,0.034482758620689655,28,28,CCGCAAAGGTCCCGCACGGT,0,543057
araCp,0.034482758620689655,28,28,CCCTGGTTGGACAGGTTTAG,0,548165
araCp,0.034482758620689655,28,28,CCCTATCAGTGTCGCCATCG,0,535467
araCp,0.034482758620689655,28,28,CCAGATCCTCGGCACGACAA,0,537629
araCp,0.034482758620689655,28,28,CCACGTGAGCAAACGCATAG,0,571774
araCp,0.034482758620689655,28,28,CCAACGGCCGTGTCCTACCT,0,552986
araCp,0.034482758620689655,28,28,CCAACACGGGCTGATCGTAT,0,526322
araCp,0.034482758620689655,28,28,CATTTTGCGGGGTCTAGACT,0,552957
araCp,0.034482758620689655,28,28,CATTCAAAAATCATGACAAA,0,544898
araCp,0.034482758620689655,28,28,CATGGGGCAGCCCCACATTA,0,541918
araCp,0.034482758620689655,28,28,CATGGAAAAAGAGGTTCGGT,0,551323
araCp,0.034482758620689655,28,28,CATGAAGCGCCAGTCCCTGA,0,565804
araCp,0.034482758620689655,28,28,CAGGTTTCTCCAATTGGATG,0,533524
araCp,0.034482758620689655,28,28,CAGGATGCCCTACCACACGA,0,528375
araCp,0.034482758620689655,28,28,CAGGAAGGGGTAGCTACCGT,0,529526
araCp,0.034482758620689655,28,28,CAGCCGGTGCCAGCCCCATG,0,559455
araCp,0.034482758620689655,28,28,CACGGACGGCCATTATTAAG,0,539919
araCp,0.034482758620689655,28,28,CAAAGCCTCGATGTTATAAT,0,599526
araCp,0.034482758620689655,28,28,ATGTGCGTGACAACGCACCA,0,541887
araCp,0.034482758620689655,28,28,ATGTGAATAGGGGTTTAACT,0,537271
araCp,0.034482758620689655,28,28,ATGGTTTGGCTAGTTTAGTA,0,590755
araCp,0.034482758620689655,28,28,ATGGTGCGAGCGTTCTCGGA,0,552092
araCp,0.034482758620689655,28,28,ATGATTAGACAGTATACCGT,0,559650
araCp,0.034482758620689655,28,28,ATCTAATGGGCACGGTAGCT,0,529459
araCp,0.034482758620689655,28,28,ATCGTTATAATTCGGGGAGG,0,566591
araCp,0.034482758620689655,28,28,ATCGCCATCCTATGGAAAAA,0,543539
araCp,0.034482758620689655,28,28,ATCCCGATGTATTAGGACCG,0,529029
araCp,0.034482758620689655,28,28,ATATTTCGGCACGCATGCCA,0,534237
araCp,0.034482758620689655,28,28,ATATTCAAAAGCTAGAGGCA,0,537044
araCp,0.034482758620689655,28,28,ATAAAATGGCTGCATTTAAG,0,566260
araCp,0.034482758620689655,28,28,AGTTTGATAGAGCAGCTGTA,0,580910
araCp,0.034482758620689655,28,28,AGTCCTCGGCGAAAATGATT,0,559384
araCp,0.034482758620689655,28,28,AGTACGTTGTAAGCTCGACA,0,555354
araCp,0.034482758620689655,28,28,AGGTCGTGCCGTTTGTTCAG,0,543864
araCp,0.034482758620689655,28,28,AGGCCTCGGCCAATGAAACC,0,561985
araCp,0.034482758620689655,28,28,AGGATCGCATGATAGGTATT,0,582169
araCp,0.034482758620689655,28,28,AGATTTTACGTTAGGAAAAA,0,580229
araCp,0.034482758620689655,28,28,AGAGGCACGCGTCACTGCAT,0,539289
araCp,0.034482758620689655,28,28,AGACAAAGATATCCGAACTG,0,552353
araCp,0.034482758620689655,28,28,ACTTGCATCCGAAAGACTTA,0,532503
araCp,0.034482758620689655,28,28,ACGATTGTATCCAGGAATAT,0,558227
araCp,0.034482758620689655,28,28,ACGATACGCGCGTGAAGGAC,0,579404
araCp,0.034482758620689655,28,28,ACCACGTCTAGGGCTACGCT,0,599086
araCp,0.034482758620689655,28,28,ACCAACTAGCACTGGGGCCT,0,595283
araCp,0.034482758620689655,28,28,ACATCCTAATATAGGAGCCA,0,572799
araCp,0.034482758620689655,28,28,ACAGATCAAGTTATGAACTT,0,531295
araCp,0.034482758620689655,28,28,AATTGGTGTATCTGTTTCTC,0,558556
araCp,0.034482758620689655,28,28,AATGGGTCAGGGCGTGCCTC,0,562540
araCp,0.034482758620689655,28,28,AATCGTTGGACGCATAAGGT,0,540940
araCp,0.034482758620689655,28,28,AAGTGAGTGACCATGGACAC,0,547013
araCp,0.034482758620689655,28,28,AAGAGGCTGATTACGAGATA,0,586786
araCp,0.034482758620689655,28,28,AAGAGCGGAAAGGTTCGCGG,0,569832
araCp,0.034482758620689655,28,28,AACTAAGTTGGGCACTATTG,0,560460
araCp,0.034482758620689655,28,28,AACGGCCTCATGCCAGTCTA,0,596536
araCp,0.034482758620689655,28,28,AAATTCCGAATACACTCATT,0,549310
araCp,0.034482758620689655,28,28,AAATCGGGTTGTCACATCCA,0,550640
araCp,0.034482758620689655,28,28,AAAGCGTGCGGGCCAGTGGT,0,530668
araCp,0.034482758620689655,28,28,AAACACCATACGCACGAGAA,0,551394
araCp,0.03571428571428571,27,27,TTTTCGCCATAGCGGACTAC,0,552173
araCp,0.03571428571428571,27,27,TTGTGGGGGAAATACTTAGC,0,558019
araCp,0.03571428571428571,27,27,TTCTATCGAGTGAGTCTAAT,0,583058
araCp,0.03571428571428571,27,27,TTCACCCAGATGTGGGACAT,0,539377
araCp,0.03571428571428571,27,27,TTCAAATTCCCACTCTCACT,0,558617
araCp,0.03571428571428571,27,27,TTATTAATGTGAACACCACA,0,540276
araCp,0.03571428571428571,27,27,TTACTGGTGGGATCACGTCA,0,536738
araCp,0.03571428571428571,27,27,TGTTCGCCGTATAATCGATA,0,575561
araCp,0.03571428571428571,27,27,TGTGTGGTGTGAGTTTCAAG,0,535957
araCp,0.03571428571428571,27,27,TGTCCTTCGTGAAGCATATC,0,544262
araCp,0.03571428571428571,27,27,TGGTCAATCGCCGGTCTGAC,0,542693
araCp,0.03571428571428571,27,27,TGGGCTAACCGCCAATTGCG,0,577930
araCp,0.03571428571428571,27,27,TGGAGCCGCCTTTTCGGTCC,0,567508
araCp,0.03571428571428571,27,27,TGCGCACCTCGTTGGGTACT,0,547096
araCp,0.03571428571428571,27,27,TGAGGCTCCCCGGACGACCT,0,564624
araCp,0.03571428571428571,27,27,TGACGCGTGTTCCAGATCCC,0,538898
araCp,0.03571428571428571,27,27,TGAACCAACCGAATAGGCTA,0,529601
araCp,0.03571428571428571,27,27,TGAAACATACGACGCAACCA,0,559621
araCp,0.03571428571428571,27,27,TCGGGTCGTGATGCCCAACT,0,573285
araCp,0.03571428571428571,27,27,TCGGGACCCGCCAAAAGTAT,0,569493
araCp,0.03571428571428571,27,27,TCGGGAACTGTGCTTGAAAT,0,532043
araCp,0.03571428571428571,27,27,TCGCTAGTGCAAAAATTTCC,0,588065
araCp,0.03571428571428571,27,27,TCGATGCCGCCGTCGTGTGT,0,588513
araCp,0.03571428571428571,27,27,TCGATCCTTTCGGGGAAACA,0,536606
araCp,0.03571428571428571,27,27,TCCCGTTGGGGATAGCCGCT,0,599975
araCp,0.03571428571428571,27,27,TCCAGCAAAGTTCCCTGGCT,0,552396
araCp,0.03571428571428571,27,27,TAGTGTGGGATCATAAGGAA,0,525531
araCp,0.03571428571428571,27,27,TAGACACACCCGCGGCTGTG,0,569626
araCp,0.03571428571428571,27,27,TACTTATCCAGGGACGGCAA,0,594376
araCp,0.03571428571428571,27,27,TACCCTGAGCGTTCGATTGT,0,563856
araCp,0.03571428571428571,27,27,TAATGCATCTCAATCGCCCG,0,532545
araCp,0.03571428571428571,27,27,TAATAGGGTGTTGGAAAGTT,0,549935
araCp,0.03571428571428571,27,27,TAACTATCTGATCCTTCTGC,0,562603
araCp,0.03571428571428571,27,27,TAACAATGTCCGAACGTGCT,0,538577
araCp,0.03571428571428571,27,27,GTTTCTTCTAAATCCCAGAA,0,566594
araCp,0.03571428571428571,27,27,GTTGTAGTTGTGCGGTGGCA,0,540589
araCp,0.03571428571428571,27,27,GTGATCGCGCTCGTTTGCAT,0,530507
araCp,0.03571428571428571,27,27,GTCCAGGCTACGTGCTACAG,0,526598
araCp,0.03571428571428571,27,27,GTCATGGTCGTGCCTATATT,0,591689
araCp,0.03571428571428571,27,27,GGTTGACTTTCGGGTCGTGC,0,538872
araCp,0.03571428571428571,27,27,GGTGTCTGTTCAAACGTAAG,0,533504
araCp,0.03571428571428571,27,27,GGTCCTACTCCAGGGGACGA,0,581681
araCp,0.03571428571428571,27,27,GGTAACTCAGACGTACTGGT,0,534003
araCp,0.03571428571428571,27,27,GGGCGTGACCAATATTTCTC,0,581062
araCp,0.03571428571428571,27,27,GGGCGTATGGGGCAAAGAAA,0,529021
araCp,0.03571428571428571,27,27,GGCTTTAGATCATGAGCTCA,0,560969
araCp,0.03571428571428571,27,27,GGCGGCACACTAACCTAAAT,0,539250
araCp,0.03571428571428571,27,27,GGATTTCGGATCCAATATGA,0,593968
araCp,0.03571428571428571,27,27,GGATCGTAAATACCCAGGGG,0,526558
araCp,0.03571428571428571,27,27,GGATAGCGACTGTTGAGTCT,0,576598
araCp,0.03571428571428571,27,27,GGACAGGACGGTCCTTTTAT,0,533176
araCp,0.03571428571428571,27,27,GGAAGGCCGGAAACAGTAAC,0,598880
araCp,0.03571428571428571,27,27,GCTGACAAGAGACAGTGAAG,0,565598
araCp,0.03571428571428571,27,27,GCTCCGTTTCGCTGGTAGCC,0,533448
araCp,0.03571428571428571,27,27,GCGGCTGCGTTCCGGGTAAA,0,557811
araCp,0.03571428571428571,27,27,GCGGCCGCAAGGGGGACCCG,0,533722
araCp,0.03571428571428571,27,27,GCCCGCTTTCGTGGCACAGT,0,600271
araCp,0.03571428571428571,27,27,GCAGCGAGCGAGTGCTGTAT,0,570387
araCp,0.03571428571428571,27,27,GCACGCGGATAGAGGGTGCA,0,558430
araCp,0.03571428571428571,27,27,GCAAAACAAAGCGGACGATT,0,530887
araCp,0.03571428571428571,27,27,GACCTTGCCTCATTACGCGT,0,527730
araCp,0.03571428571428571,27,27,GACCTCTTAACTGAGCTGAT,0,579979
araCp,0.03571428571428571,27,27,GAATGGGGATTAGCTTTCGG,0,593034
araCp,0.03571428571428571,27,27,CTTCATGTGATTGCGCCGTT,0,529047
araCp,0.03571428571428571,27,27,CTCGGCTATACTTTCATAAG,0,591414
araCp,0.03571428571428571,27,27,CTCAAGATGTCAGCCCCCTG,0,534474
araCp,0.03571428571428571,27,27,CGTCAGGCATCCGTCAGGCA,0,572974
araCp,0.03571428571428571,27,27,CGGAGAGTGTCCGATCAGGC,0,551245
araCp,0.03571428571428571,27,27,CGGACTTCCGAATCCGATGA,0,586602
araCp,0.03571428571428571,27,27,CGCTTAGGTAGTCGATTGCG,0,576463
araCp,0.03571428571428571,27,27,CGAACATGGCGAGCCGCAGG,0,550095
araCp,0.03571428571428571,27,27,CCTTAGGAACATGTTCTCGT,0,577713
araCp,0.03571428571428571,27,27,CCTGCCATGCCAATGAGGTT,0,556854
araCp,0.03571428571428571,27,27,CCGTCCGCCTGGTCATATAA,0,527673
araCp,0.03571428571428571,27,27,CCGATCGCAATTAGGCATTT,0,554234
araCp,0.03571428571428571,27,27,CCGATATGACATCGCCGTTA,0,563223
araCp,0.03571428571428571,27,27,CCGAACCCTCCTATGATAAT,0,577106
araCp,0.03571428571428571,27,27,CCCGGTCTTCAAATCCGCTG,0,599911
araCp,0.03571428571428571,27,27,CCCAATGTGCAGAAATTATA,0,528162
araCp,0.03571428571428571,27,27,CCAGGGTTCATACGTTCCGC,0,540134
araCp,0.03571428571428571,27,27,CCAACACGGTGTAGCATGTC,0,575113
araCp,0.03571428571428571,27,27,CATTTTGCAAGTAGCATGTT,0,545975
araCp,0.03571428571428571,27,27,CATTTTATCTTGATCATAAA,0,584400
araCp,0.03571428571428571,27,27,CAGTTGGTGAGGTTACGTGG,0,583326
araCp,0.03571428571428571,27,27,CAGTGGTGTCATTGCGAGGC,0,584980
araCp,0.03571428571428571,27,27,CAGTAGTGAGTGTTCGGAGA,0,580979
araCp,0.03571428571428571,27,27,CAGGGTGTGTTTATCTTTAT,0,595851
araCp,0.03571428571428571,27,27,CAGCGCCCATGAATGAAATC,0,531843
araCp,0.03571428571428571,27,27,CAGAGAGATCACTCTATTGT,0,545085
araCp,0.03571428571428571,27,27,CACTTACGCTGCATTACTGA,0,551484
araCp,0.03571428571428571,27,27,CACTGGACGAATTGGCTGGT,0,564276
araCp,0.03571428571428571,27,27,CACTCCGGGGCAGTACGCTT,0,527446
araCp,0.03571428571428571,27,27,CACGCTGTTGTTTCACATGG,0,567811
araCp,0.03571428571428571,27,27,CACCGGCCAGACGAGGCCAG,0,560615
araCp,0.03571428571428571,27,27,CAATTGCCTAGGACCTGACT,0,569243
araCp,0.03571428571428571,27,27,CAACTCCATAGTGAAGGACT,0,549889
araCp,0.03571428571428571,27,27,CAACTACGTAAAGCTCTATG,0,544561
araCp,0.03571428571428571,27,27,CAAAAGGGTCGCTTAGCTGC,0,537543
araCp,0.03571428571428571,27,27,ATTGCAAGAGGATACGAAAC,0,594706
araCp,0.03571428571428571,27,27,ATGTGCCTCAGCATCGACCA,0,557925
araCp,0.03571428571428571,27,27,ATGTCCATCATTCCGTTGAA,0,544481
araCp,0.03571428571428571,27,27,ATGCCCCAGATCCTCGAGAT,0,552266
araCp,0.03571428571428571,27,27,ATGACCCCCGTCGCCCAGCC,0,559108
araCp,0.03571428571428571,27,27,ATCTGCAAGTTCCGTTTCCA,0,543255
araCp,0.03571428571428571,27,27,ATCTCTAGAGATATCCTGGT,0,545082
araCp,0.03571428571428571,27,27,ATATTTCCAAGCTATGTGGC,0,595059
araCp,0.03571428571428571,27,27,ATATCTGTTCGGGTAGCGAC,0,559805
araCp,0.03571428571428571,27,27,ATATCCGTTACCTTTCCAGA,0,551235
araCp,0.03571428571428571,27,27,ATAGTGGAGCCTACGAAGTT,0,596423
araCp,0.03571428571428571,27,27,ATAATGCCCCAATCTCGAAC,0,533172
araCp,0.03571428571428571,27,27,AGTTCCACTTTACCAATTGG,0,592264
araCp,0.03571428571428571,27,27,AGCTTGCGAGGAATATCGAG,0,570820
araCp,0.03571428571428571,27,27,AGCTCGTCGGATAGGTGAAG,0,592040
araCp,0.03571428571428571,27,27,AGCGGGATCGCGCATACCCT,0,535082
araCp,0.03571428571428571,27,27,AGCGCCTGTACACGTACGGG,0,567790
araCp,0.03571428571428571,27,27,AGCCCTTGCTGATTGAAAGT,0,536324
araCp,0.03571428571428571,27,27,AGCACTCAGGTGGGCGATTA,0,572291
araCp,0.03571428571428571,27,27,AGATAGTGCAAGGGAACTCT,0,531612
araCp,0.03571428571428571,27,27,AGACGACCCTCGGATGAAGT,0,599019
araCp,0.03571428571428571,27,27,AGAATAGAGTTTCCCCTTTT,0,545508
araCp,0.03571428571428571,27,27,ACTCCCAGTTGTCAAATTGG,0,567787
araCp,0.03571428571428571,27,27,ACGTTGTTTCGGTAGCCCGC,0,558114
araCp,0.03571428571428571,27,27,ACCTATGCCTAATTTGGAGT,0,581843
araCp,0.03571428571428571,27,27,ACCGCGTCTCGAGGCAGTTT,0,571826
araCp,0.03571428571428571,27,27,ACCGAATCGGCCTTTGGAGA,0,555032
araCp,0.03571428571428571,27,27,ACCCAACAGATGTGACACAA,0,558265
araCp,0.03571428571428571,27,27,ACCAGGCTAGGGAAGAACGA,0,587056
araCp,0.03571428571428571,27,27,ACAGATTCGATGGGAATCGC,0,536207
araCp,0.03571428571428571,27,27,AATTCTGAGATAAAATTCAA,0,579968
araCp,0.03571428571428571,27,27,AATATTGTCATACATGGTAA,0,551815
araCp,0.03571428571428571,27,27,AAGTTCAATAGTGCTACATG,0,556722
araCp,0.03571428571428571,27,27,AAGTAATCCACACGGTCTAG,0,534792
araCp,0.03571428571428571,27,27,AAGGTAAATGTGGGACGTAT,0,537099
araCp,0.03571428571428571,27,27,AAACTGCATAGATGCCGAAC,0,597738
araCp,0.037037037037037035,26,26,TTTGTGGGTTGACGAGGGCA,0,586889
araCp,0.037037037037037035,26,26,TTTGAGGATCGACAACGAAC,0,558615
araCp,0.037037037037037035,26,26,TTGCGCTTGAGCCACAACTT,0,573647
araCp,0.037037037037037035,26,26,TTCAGGAGTGGTCGGTCCTC,0,589603
araCp,0.037037037037037035,26,26,TTATTCTGCTCCTCGACGGT,0,570591
araCp,0.037037037037037035,26,26,TTAACCTGCAGCAAAGGACA,0,581500
araCp,0.037037037037037035,26,26,TGTTCCATATAGTAAATCTT,0,546118
araCp,0.037037037037037035,26,26,TGTCGCAATGGGCGATACTG,0,556209
araCp,0.037037037037037035,26,26,TGTCCTGTACCTTCACGCTT,0,563548
araCp,0.037037037037037035,26,26,TGTCACATAGTGGTACAAGG,0,533451
araCp,0.037037037037037035,26,26,TGTCAACAGCTGGGTTCCGA,0,568492
araCp,0.037037037037037035,26,26,TGTATCGCTCGGTCTCGCCT,0,550618
araCp,0.037037037037037035,26,26,TGTAGTGTGGCGGCCTCCGG,0,538019
araCp,0.037037037037037035,26,26,TGTAAGTTGTCTTAACCGCA,0,557467
araCp,0.037037037037037035,26,26,TGGGGATTTGCGAGTGCGCA,0,569838
araCp,0.037037037037037035,26,26,TGGGAATCAGTCGGTGCTCG,0,601478
araCp,0.037037037037037035,26,26,TGGAGGAGCATGTATGCATT,0,557809
araCp,0.037037037037037035,26,26,TCTTAGAATCAGTAGTCAAG,0,594935
araCp,0.037037037037037035,26,26,TCTGCTACGCATCTGAGTTA,0,534347
araCp,0.037037037037037035,26,26,TCTATTAACAAATGTCACTA,0,562951
araCp,0.037037037037037035,26,26,TCGGAGGGTGACTAACGGAT,0,577201
araCp,0.037037037037037035,26,26,TCAGTAAGCTCGTTTCGCAT,0,563761
araCp,0.037037037037037035,26,26,TCACGCAGTCAAAGGAGATG,0,602525
araCp,0.037037037037037035,26,26,TATCGCAGCATACGCCATAC,0,560726
araCp,0.037037037037037035,26,26,TATCCCGGGCAGGGTAGAGA,0,567064
araCp,0.037037037037037035,26,26,TAGGCGTGAAGAATATGGAA,0,528071
araCp,0.037037037037037035,26,26,TAGGCCAGCCCTCTGAACTC,0,570507
araCp,0.037037037037037035,26,26,TAGCAGTACGCAGAAATTTG,0,593168
araCp,0.037037037037037035,26,26,TAGATACGAGCATCACGTTT,0,542754
araCp,0.037037037037037035,26,26,TACTCCATCGAACCATGGGA,0,565801
araCp,0.037037037037037035,26,26,TACCTCTGATAGAAGTAAAA,0,577871
araCp,0.037037037037037035,26,26,TAAGTGTTTGTCGAGCCCGG,0,595492
araCp,0.037037037037037035,26,26,TAAATGGTTTTGCGGTGCTA,0,590530
araCp,0.037037037037037035,26,26,GTTGAGCCGACTTCTATAAT,0,560563
araCp,0.037037037037037035,26,26,GTGTGGTATAGTACCGGGAC,0,570518
araCp,0.037037037037037035,26,26,GTGGGGTCCATGCCGAGTGT,0,556720
araCp,0.037037037037037035,26,26,GTGGAAGTAGGGGGAGTTCA,0,590456
araCp,0.037037037037037035,26,26,GTGAGTCTCAGCAGTGACGA,0,581411
araCp,0.037037037037037035,26,26,GTCTAAAGTAAGCGAACTAT,0,535660
araCp,0.037037037037037035,26,26,GTCATTTGAACAAAAAGTAT,0,535403
araCp,0.037037037037037035,26,26,GTATTGCTCAGGGAGTGTAA,0,575836
araCp,0.037037037037037035,26,26,GTAGCGACCTCCTAAAACGC,0,586961
araCp,0.037037037037037035,26,26,GTAAAACGCAAGAGTAAGGT,0,560057
araCp,0.037037037037037035,26,26,GGTTGCGGGCAGGTCCCTTA,0,588072
araCp,0.037037037037037035,26,26,GGTTATCCAGAGTTGGCCTC,0,561181
araCp,0.037037037037037035,26,26,GGTTAGCTGGTTCAAACAAC,0,559655
araCp,0.037037037037037035,26,26,GGTGAGAAGTTCGTATTCTG,0,591345
araCp,0.037037037037037035,26,26,GGTCTGTGTAATTTAGGGAC,0,529460
araCp,0.037037037037037035,26,26,GGGTGTTGTACAATCCGGTA,0,583246
araCp,0.037037037037037035,26,26,GGGTCGATCTCCAGCGTGAT,0,535561
araCp,0.037037037037037035,26,26,GGGATAACGTCCTCAGCTCT,0,536156
araCp,0.037037037037037035,26,26,GGCTCCGCGTAAGATGCTAG,0,542113
araCp,0.037037037037037035,26,26,GGCACTTGTACCGATGGACT,0,530331
araCp,0.037037037037037035,26,26,GGCAACAGTTGATCCACAAT,0,570748
araCp,0.037037037037037035,26,26,GGATCTGTTCCTATACTCGA,0,548596
araCp,0.037037037037037035,26,26,GGAGGTTTGATGTAGCTCGC,0,566435
araCp,0.037037037037037035,26,26,GGAGAAGCGAGGTGTGAGAT,0,577060
araCp,0.037037037037037035,26,26,GGAAATAGCAAATTGTCGTT,0,555534
araCp,0.037037037037037035,26,26,GGAAAACCGGCTCTCAGTCC,0,564114
araCp,0.037037037037037035,26,26,GCTTGCTATACGCGGTCATA,0,582040
araCp,0.037037037037037035,26,26,GCTGTTCCTGAGGGGGATGG,0,537143
araCp,0.037037037037037035,26,26,GCGTGGCCACCCTCCGGTGT,0,554939
araCp,0.037037037037037035,26,26,GCGTCCTTTGTTACGCGCGT,0,533181
araCp,0.037037037037037035,26,26,GCGCTCACCTACGCCTATCG,0,531192
araCp,0.037037037037037035,26,26,GCGACCCGAAGTTCCTCTAG,0,588907
araCp,0.037037037037037035,26,26,GCCTATGGGCGTGTGACCCA,0,542914
araCp,0.037037037037037035,26,26,GCAGTACACCGCTGTATGGG,0,545505
araCp,0.037037037037037035,26,26,GCAGCGATAGGCGGTAATTG,0,545722
araCp,0.037037037037037035,26,26,GCAGATGGAGTCAATGTACG,0,531229
araCp,0.037037037037037035,26,26,GCACCGTGGTAGTAATGAGA,0,528714
araCp,0.037037037037037035,26,26,GATTTCCGCCGCATACCGGC,0,574036
araCp,0.037037037037037035,26,26,GACGGTGAGTCTTCCTGGGT,0,603526
araCp,0.037037037037037035,26,26,GACCATACGCAGATAGACTA,0,537092
araCp,0.037037037037037035,26,26,GACAGTCTATGACGTCACTC,0,574743
araCp,0.037037037037037035,26,26,GAAGATCAGGTCATCCCAAC,0,600546
araCp,0.037037037037037035,26,26,GAACTTTACCCACTATATAA,0,596519
araCp,0.037037037037037035,26,26,GAAAGTCCCCCAGCCCGCGT,0,535842
araCp,0.037037037037037035,26,26,GAAAATCGAGCCTTGACACG,0,594828
araCp,0.037037037037037035,26,26,GAAAAGGGGGGGCCACACAG,0,577153
araCp,0.037037037037037035,26,26,CTGTGAGTATAGGGAGTGCA,0,533951
araCp,0.037037037037037035,26,26,CTCGTTCAGCGAAGATTTAC,0,551589
araCp,0.037037037037037035,26,26,CTCGGGCGTTTTTGTAATCT,0,530826
araCp,0.037037037037037035,26,26,CTCCATGTTCTTCGTGGTCT,0,563542
araCp,0.037037037037037035,26,26,CTATCACAGTTATTCTAGAC,0,559337
araCp,0.037037037037037035,26,26,CTAGTGGGCTCATCGCGGAG,0,580105
araCp,0.037037037037037035,26,26,CTAGGGGGAGCCGTTGTACA,0,532045
araCp,0.037037037037037035,26,26,CTAGCGGTTGATGGGATCTT,0,566044
araCp,0.037037037037037035,26,26,CGTGGAGTTAGATAGGACTG,0,603195
araCp,0.037037037037037035,26,26,CGGTTTCACGATGTATAGAT,0,578383
araCp,0.037037037037037035,26,26,CGGCGTGCTATAAGTCTTTG,0,561618
araCp,0.037037037037037035,26,26,CGGAGAAGTACCCACGATTC,0,573290
araCp,0.037037037037037035,26,26,CGCGCCCAACAAGTTACCTA,0,553421
araCp,0.037037037037037035,26,26,CGCCGAGCTGAGTAACGATG,0,568761
araCp,0.037037037037037035,26,26,CGCCCGGTCCGATACATCAT,0,538948
araCp,0.037037037037037035,26,26,CCTCAAGGTCCTTAACGGAT,0,568465
araCp,0.037037037037037035,26,26,CCTACGAACCCTTATCAGGT,0,541666
araCp,0.037037037037037035,26,26,CCGGATATGAAAGTAATTCA,0,575692
araCp,0.037037037037037035,26,26,CCCGTTAAGTTAGTTTGTGT,0,540635
araCp,0.037037037037037035,26,26,CCCAAATTGCAGATAGCTTA,0,552405
araCp,0.037037037037037035,26,26,CATGCGACTGGTGGTAGCTA,0,598449
araCp,0.037037037037037035,26,26,CAGAGTACGTCGGCTGCCAT,0,600464
araCp,0.037037037037037035,26,26,CACGTCGTAGGCTCTTGACT,0,570571
araCp,0.037037037037037035,26,26,CACCCTGGGCCGTCGAGAAT,0,541484
araCp,0.037037037037037035,26,26,ATTTAATGCGCGAAGTCATT,0,540687
araCp,0.037037037037037035,26,26,ATCTGGAGAGGCATATTTCA,0,568206
araCp,0.037037037037037035,26,26,ATCGCATAGAATCTCTCGAT,0,589024
araCp,0.037037037037037035,26,26,ATCATATTAAACCGGGAAAA,0,557129
araCp,0.037037037037037035,26,26,ATCATAATGGCCATGCGGGA,0,553353
araCp,0.037037037037037035,26,26,ATATCCTAGGCGCAAGGTGA,0,541958
araCp,0.037037037037037035,26,26,ATACTAACATACACGTAGCC,0,587073
araCp,0.037037037037037035,26,26,ATAAGAGGGACATGGCCCAA,0,551875
araCp,0.037037037037037035,26,26,AGTGTCTGGGACACCGCCCT,0,540395
araCp,0.037037037037037035,26,26,AGTCTACGGGGAATGAGACG,0,536919
araCp,0.037037037037037035,26,26,AGGGAAAGACTAGGCATCCC,0,527720
araCp,0.037037037037037035,26,26,AGGCGCAGCACATACACGCT,0,541884
araCp,0.037037037037037035,26,26,AGCTGACCAGTCGGCCCAGC,0,526968
araCp,0.037037037037037035,26,26,AGCCGACGCGAGAGTGCTTT,0,544639
araCp,0.037037037037037035,26,26,AGCATCGTAGGGTTTGGCGA,0,595294
araCp,0.037037037037037035,26,26,AGACTTTCGGACCTTACCTA,0,581612
araCp,0.037037037037037035,26,26,ACTTTGCGGCTTGTTAAAAA,0,589201
araCp,0.037037037037037035,26,26,ACTTGCATTACGGAGTGCAA,0,530790
araCp,0.037037037037037035,26,26,ACGGAGCAATTCCCTCTCAG,0,555940
araCp,0.037037037037037035,26,26,ACCTCGGAGGGAAAGAGAGA,0,570178
araCp,0.037037037037037035,26,26,ACATAATCCGGTCCCTGTGT,0,541338
araCp,0.037037037037037035,26,26,ACAAGTCATGCAACTTGGAC,0,562541
araCp,0.037037037037037035,26,26,AATGGTCTGTGGTCACTAGA,0,547058
araCp,0.037037037037037035,26,26,AATCGGCGTTATTTTTGCGA,0,556949
araCp,0.037037037037037035,26,26,AATAAGCATCGTGGTTAGAA,0,583902
araCp,0.037037037037037035,26,26,AAGTCCCATGCCACATTATA,0,581762
araCp,0.037037037037037035,26,26,AAGTCAGGCATCTCTGATAA,0,575477
araCp,0.037037037037037035,26,26,AAGCGTATTTGTCATAGAAG,0,585531
araCp,0.037037037037037035,26,26,AAGCACCCAAGAGATGGGTG,0,533019
araCp,0.037037037037037035,26,26,AAAGGGTCTCAACTGGCCGG,0,545235
araCp,0.037037037037037035,26,26,AAACAGGGGTGACACGGCTT,0,585302
araCp,0.038461538461538464,25,25,TTTCTCGAGGCTCGAGTGAT,0,565933
araCp,0.038461538461538464,25,25,TTTCGGCTGTGCACATGCCA,0,537548
araCp,0.038461538461538464,25,25,TTCTTCAGTCAAATTGGGTA,0,568141
araCp,0.038461538461538464,25,25,TTCCAGCCTCTATACATGGC,0,563255
araCp,0.038461538461538464,25,25,TTCAAATGTTACTCAGCCTT,0,562503
araCp,0.038461538461538464,25,25,TTATTGTAAGAAGGAGGCGA,0,550694
araCp,0.038461538461538464,25,25,TTAGTCTGTTGCAGAACAGT,0,583536
araCp,0.038461538461538464,25,25,TTAGGGTGCTGTATGAACTA,0,599750
araCp,0.038461538461538464,25,25,TTAATCGATAGTTCTCGTGA,0,565496
araCp,0.038461538461538464,25,25,TGTGAGTCGAAGCCCTCAAT,0,566521
araCp,0.038461538461538464,25,25,TGGGAAAAGATACGTTAATC,0,528733
araCp,0.038461538461538464,25,25,TGGATCCGGAGCATGATGTT,0,553022
araCp,0.038461538461538464,25,25,TGGAGTCACAACGGCTTACG,0,590188
araCp,0.038461538461538464,25,25,TGAGAGTCTCTCAGGGCTTG,0,563345
araCp,0.038461538461538464,25,25,TGACTTCATGTAAGCAGTCT,0,539880
araCp,0.038461538461538464,25,25,TGACTGTCAAACGAATATGA,0,575938
araCp,0.038461538461538464,25,25,TGACTCTACGGCGCATAACA,0,544757
araCp,0.038461538461538464,25,25,TCTCACGACCGGATCACCGT,0,526182
araCp,0.038461538461538464,25,25,TCTATTCTGGGTAGCATCCA,0,583282
araCp,0.038461538461538464,25,25,TCGTAATACTCCTGCGTGCA,0,566935
araCp,0.038461538461538464,25,25,TCGGCTAAAGAGTACTTTTG,0,595335
araCp,0.038461538461538464,25,25,TCCGGTACATCGAAAAGTAT,0,571670
araCp,0.038461538461538464,25,25,TCCCCCGACAAGCACATTTT,0,564259
araCp,0.038461538461538464,25,25,TCCACCCAGAACTGAGGTTA,0,534307
araCp,0.038461538461538464,25,25,TCATTCTAGACAACCGACAT,0,579964
araCp,0.038461538461538464,25,25,TCAGCGGGGCGAGCCTAAAA,0,549170
araCp,0.038461538461538464,25,25,TCAAATTAAGGAGTGCCTCA,0,581158
araCp,0.038461538461538464,25,25,TAGGCATGTATGACATTAGT,0,555038
araCp,0.038461538461538464,25,25,TAGAAACCAGTTAACAGCGT,0,580725
araCp,0.038461538461538464,25,25,TACTTGATGTCAAAAACCTA,0,560840
araCp,0.038461538461538464,25,25,TACATGCTATTACCGGAGAG,0,562864
araCp,0.038461538461538464,25,25,TACAGAGACCGTATATCTAG,0,542256
araCp,0.038461538461538464,25,25,TAATTCTGATAGGCCGAGAC,0,585377
araCp,0.038461538461538464,25,25,TAATCCATCGATTGCTAGCG,0,540104
araCp,0.038461538461538464,25,25,GTTTCCGGTGCTTTGCGTCT,0,600061
araCp,0.038461538461538464,25,25,GTTGGTAGCAAGGAAAGAAG,0,579356
araCp,0.038461538461538464,25,25,GTTCGGCGTTGCGACACTTA,0,526890
araCp,0.038461538461538464,25,25,GTTAGCTACATCAGCAGACC,0,537151
araCp,0.038461538461538464,25,25,GTGTCGCACTATGGGAATCC,0,540598
araCp,0.038461538461538464,25,25,GTGCGGATAGCTTCACATGA,0,599808
araCp,0.038461538461538464,25,25,GTGCAGACTCCGAGAGCTAT,0,547014
araCp,0.038461538461538464,25,25,GTCTGAGAGCTTAGATGAAT,0,544918
araCp,0.038461538461538464,25,25,GTCCTTAACACTAACGTCGT,0,538081
araCp,0.038461538461538464,25,25,GTCCGACGAACAAGATAAGA,0,588157
araCp,0.038461538461538464,25,25,GTCATGAACGAATGCTCCAC,0,551813
araCp,0.038461538461538464,25,25,GTCAACGGTTAAATGCCGGT,0,536179
araCp,0.038461538461538464,25,25,GTATAGGAAAGGGGCCACCA,0,559664
araCp,0.038461538461538464,25,25,GTAGTACCTGATTTTAACAT,0,597035
araCp,0.038461538461538464,25,25,GTAGATGCAGAGTTGAACTT,0,545737
araCp,0.038461538461538464,25,25,GTACTCGCGGGCTCCAGATA,0,540046
araCp,0.038461538461538464,25,25,GTAAACAATGACCACAAATT,0,543256
araCp,0.038461538461538464,25,25,GGTTCATTCCCTAGCGTCAA,0,570917
araCp,0.038461538461538464,25,25,GGTGGTACCGTATCTGCAGT,0,592989
araCp,0.038461538461538464,25,25,GGTACCCGGTGCATTGTGGA,0,557351
araCp,0.038461538461538464,25,25,GGGTCTGCCCTGCCCTACAA,0,545671
araCp,0.038461538461538464,25,25,GGGGTCACCAGCAGGTCCCT,0,536686
araCp,0.038461538461538464,25,25,GGGCTGATAAGGCATTTCCG,0,553287
araCp,0.038461538461538464,25,25,GGGCTAAGAAATAGGCTCAT,0,545011
araCp,0.038461538461538464,25,25,GGGCCACAGCTATACATGAG,0,586680
araCp,0.038461538461538464,25,25,GGGAGTTCTCCTGTTTGTTA,0,566899
araCp,0.038461538461538464,25,25,GGGAAGAAGAACTCGCGGTG,0,571912
araCp,0.038461538461538464,25,25,GGCTTGATCTTCATAGGAAT,0,600356
araCp,0.038461538461538464,25,25,GGCCTCACCCGTTGGCTTGG,0,589754
araCp,0.038461538461538464,25,25,GGCCCGAAGCAAAAACGTTG,0,597518
araCp,0.038461538461538464,25,25,GGATGACACATCGGCATCAT,0,591409
araCp,0.038461538461538464,25,25,GGATAGATAGACATGCGTTA,0,585768
araCp,0.038461538461538464,25,25,GGAGTGCTGCTGGGCACCAA,0,546233
araCp,0.038461538461538464,25,25,GGACCCCCGGTATGCCGGCA,0,526443
araCp,0.038461538461538464,25,25,GGAAAGCGGCACATCGCGGA,0,549653
araCp,0.038461538461538464,25,25,GGAAAGAACTTTGGGGTACC,0,529614
araCp,0.038461538461538464,25,25,GGAAAATCGGACTCGATAAC,0,544210
araCp,0.038461538461538464,25,25,GCTAAACGGGCAGCTTTCGG,0,552245
araCp,0.038461538461538464,25,25,GCGATACGTATTAAGTTCAA,0,576074
araCp,0.038461538461538464,25,25,GCCTATCATTAGCGGGATCA,0,549814
araCp,0.038461538461538464,25,25,GCCCGCTTGGGTACGAAGTT,0,568187
araCp,0.038461538461538464,25,25,GCCAGTTTGGTCCGGACGAC,0,574684
araCp,0.038461538461538464,25,25,GATTTGCACGCGTAAGTAAT,0,528487
araCp,0.038461538461538464,25,25,GATCTTTATACATTTCGCTT,0,573655
araCp,0.038461538461538464,25,25,GAGTTGAGCGCGTGCAAGGC,0,583334
araCp,0.038461538461538464,25,25,GAGTCTTTTGGTCTTCAAAG,0,586944
araCp,0.038461538461538464,25,25,GAGGTCCTGTCAGTACCTTG,0,575930
araCp,0.038461538461538464,25,25,GAGGGAATACGGAACACCAT,0,528395
araCp,0.038461538461538464,25,25,GAGGAGTTGTTTAGAAAAGG,0,559102
araCp,0.038461538461538464,25,25,GAGCGCCGACACAATTTTAT,0,553988
araCp,0.038461538461538464,25,25,GAATTCGCCTATAAAAGGGC,0,587726
araCp,0.038461538461538464,25,25,GAACCTAGGGGTTCTAGTCT,0,552878
araCp,0.038461538461538464,25,25,CTTCGTATTCTTTATTTGGA,0,589202
araCp,0.038461538461538464,25,25,CTTAGATATACAGCTTGTCA,0,559880
araCp,0.038461538461538464,25,25,CTTAACCAGAACAAACTCTA,0,565420
araCp,0.038461538461538464,25,25,CTGGATCCTAGCGCTTCACT,0,552518
araCp,0.038461538461538464,25,25,CTGACAACTCGTCTTCAAGT,0,547977
araCp,0.038461538461538464,25,25,CTCTCTGTAGACTGAAACCT,0,583181
araCp,0.038461538461538464,25,25,CTCAGAGGAATCTCCGAGCA,0,549562
araCp,0.038461538461538464,25,25,CTCAATGAGCCTCGGCACTA,0,599176
araCp,0.038461538461538464,25,25,CTATACGCCAGGATCTTTAC,0,592855
araCp,0.038461538461538464,25,25,CTAGCGACCAGTGGACGTTA,0,587723
araCp,0.038461538461538464,25,25,CTACCCCACGGTTTAGAGCA,0,586238
araCp,0.038461538461538464,25,25,CTAATGGCCGATGAACAGGT,0,550431
araCp,0.038461538461538464,25,25,CTAAGCGGTTGCTCACATGC,0,562297
araCp,0.038461538461538464,25,25,CGTTCACAGTGTGAGCTTTA,0,599774
araCp,0.038461538461538464,25,25,CGTTACGCAAGTCACCACTA,0,586436
araCp,0.038461538461538464,25,25,CGTCAGCGTACCTATCCTGG,0,573652
araCp,0.038461538461538464,25,25,CGTAGATTCATAGGCATCAT,0,589795
araCp,0.038461538461538464,25,25,CGTAGACGTCTATCACTCCC,0,531904
araCp,0.038461538461538464,25,25,CGGCTAGATCATTAGGAGAC,0,577870
araCp,0.038461538461538464,25,25,CGGCATGAGTTGTGCACTGT,0,598315
araCp,0.038461538461538464,25,25,CGCGGAAATAATGACTGAAT,0,569721
araCp,0.038461538461538464,25,25,CGCCAATGAGGACTTAAAAC,0,565605
araCp,0.038461538461538464,25,25,CGAAAAGATATCACGCTCAA,0,533265
araCp,0.038461538461538464,25,25,CCTGTATTTGTGTCTGACTG,0,594358
araCp,0.038461538461538464,25,25,CCTAAAATCGGTCTCCCGCA,0,563475
araCp,0.038461538461538464,25,25,CCGAGGACAGATGAATGGCA,0,571424
araCp,0.038461538461538464,25,25,CCCTGGTAAGCAGGCGTGTT,0,599048
araCp,0.038461538461538464,25,25,CCCACAATGGGAATCATACC,0,579208
araCp,0.038461538461538464,25,25,CCATTTTCTTTATAGAAATT,0,578790
araCp,0.038461538461538464,25,25,CCATTATTGGCCCCCGGTTC,0,581728
araCp,0.038461538461538464,25,25,CATTGAGGGCACTACAACAA,0,548174
araCp,0.038461538461538464,25,25,CATTGAACGGATCGGCGGCG,0,580326
araCp,0.038461538461538464,25,25,CATTAGTGACTGTCCCGCTA,0,591165
araCp,0.038461538461538464,25,25,CATATAGTTGCGTATCTAGC,0,560682
araCp,0.038461538461538464,25,25,CATAATGAGTGACCGTTATA,0,559556
araCp,0.038461538461538464,25,25,CAGGTATACATCAAATAGGT,0,540760
araCp,0.038461538461538464,25,25,CAGCATGGACGTCTCCGACA,0,597921
araCp,0.038461538461538464,25,25,CAGAAACGGAGTTGGTTGAA,0,582839
araCp,0.038461538461538464,25,25,CAAACCTCTCTTCTTTTAGT,0,552095
araCp,0.038461538461538464,25,25,ATTTTACAGACTCAAACTTT,0,566042
araCp,0.038461538461538464,25,25,ATGTGAGCTCCGAGTATCTA,0,601233
araCp,0.038461538461538464,25,25,ATGTCGAACTGATAGAGCGA,0,582882
araCp,0.038461538461538464,25,25,ATCGTTTCAGTGCAAAACCT,0,598815
araCp,0.038461538461538464,25,25,ATCCGAGACAATCTGGTAAT,0,584921
araCp,0.038461538461538464,25,25,ATCAGGGGTGTCTCGTCTAG,0,569239
araCp,0.038461538461538464,25,25,ATACTTGGGGAAGATTGTTT,0,540761
araCp,0.038461538461538464,25,25,AGTTGTGTCCTGCGTGATAA,0,528013
araCp,0.038461538461538464,25,25,AGTCACAACAGCTTCTGTCA,0,540399
araCp,0.038461538461538464,25,25,AGGTTCCGGATCCGACTCGT,0,551521
araCp,0.038461538461538464,25,25,AGGTCCGAGCTGATAACTAC,0,574195
araCp,0.038461538461538464,25,25,AGGATAGAGAGATGTGAATT,0,572421
araCp,0.038461538461538464,25,25,AGGACCGGGGGCACAGATTT,0,537158
araCp,0.038461538461538464,25,25,AGCGGACCAACTTTACGGCT,0,538556
araCp,0.038461538461538464,25,25,AGCGACGAGGACTTACGTAA,0,540540
araCp,0.038461538461538464,25,25,AGCCGCGATAGGCCTGCCAT,0,564265
araCp,0.038461538461538464,25,25,AGCATTCGCCCGGTGGATTG,0,574423
araCp,0.038461538461538464,25,25,AGCAATGTATTATCCCTTTT,0,579008
araCp,0.038461538461538464,25,25,AGCAAATTAGTGGAGCGTAT,0,537948
araCp,0.038461538461538464,25,25,AGATAATCATGATCGCAATC,0,536835
araCp,0.038461538461538464,25,25,AGAGACTTACAAGCATACGT,0,583685
araCp,0.038461538461538464,25,25,ACTAGAATGAAGAAAATGGT,0,535789
araCp,0.038461538461538464,25,25,ACTAATGGATTCCACATATA,0,533896
araCp,0.038461538461538464,25,25,ACCTGTAACTATTGTTTCGT,0,571361
araCp,0.038461538461538464,25,25,ACCTGGGCATTTTCCATCCG,0,587638
araCp,0.038461538461538464,25,25,ACAGGGATTCACGGCGGTAC,0,572178
araCp,0.038461538461538464,25,25,ACACTAAATAGAGCTGTCAT,0,586587
araCp,0.038461538461538464,25,25,AAGCTGATATGATAATAAGC,0,573829
araCp,0.038461538461538464,25,25,AAGAATGATGCCGGAGGTGT,0,590038
araCp,0.038461538461538464,25,25,AACGCGGTCGTTGTACAACA,0,527960
araCp,0.038461538461538464,25,25,AAACGCTGAATGGGCATTGG,0,586963
araCp,0.038461538461538464,25,25,AAACCCTTATTTCACGGGGA,0,559666
araCp,0.04,24,24,TTTTAGGAGAGGGACATCTG,0,554515
araCp,0.04,24,24,TTTGTGTCTTGGTGAAGGTT,0,581927
araCp,0.04,24,24,TTTGATTTGAGTCTGGGGGT,0,529014
araCp,0.04,24,24,TTTGACGTTTGATCGGACCT,0,581845
araCp,0.04,24,24,TTTAAAGCCATCCCGATGTC,0,557819
araCp,0.04,24,24,TTGTCCCTTATGAGGGTACT,0,532878
araCp,0.04,24,24,TTCGTCATAGAACCTTTGGT,0,539685
araCp,0.04,24,24,TTCGATATTGTCTCAAAGTC,0,553857
araCp,0.04,24,24,TTCGATAGTTGAAAACCCTA,0,545835
araCp,0.04,24,24,TTCGACCGGCCCCGTCAGAT,0,599619
araCp,0.04,24,24,TTCCACAGTCCATATAATCT,0,591353
araCp,0.04,24,24,TTCCAAGTCGAACGTCTCAT,0,560786
araCp,0.04,24,24,TTAGGGAAGAGTCGGAAAAT,0,556782
araCp,0.04,24,24,TTAAGGTCATGTATGAGGGC,0,588719
araCp,0.04,24,24,TGTAAAGCTTGAAAGATGGA,0,575415
araCp,0.04,24,24,TGGTTCAGAGTGCACAATGT,0,546731
araCp,0.04,24,24,TGCGTAGGACTCACGAGGGT,0,602253
araCp,0.04,24,24,TGCGACCACAAAACCGTGTG,0,582153
araCp,0.04,24,24,TGCCTCATGAGACGGCGTAA,0,530408
araCp,0.04,24,24,TGAGTCATAAATCAGAAGAA,0,578972
araCp,0.04,24,24,TGAGGGGCTTTGCAAACGTG,0,577928
araCp,0.04,24,24,TGACTTTGCTATAACTCGTA,0,593404
araCp,0.04,24,24,TGACCGTGGAGTGAGACGTC,0,539650
araCp,0.04,24,24,TCGTAGGGTGATGATGCTCT,0,537350
araCp,0.04,24,24,TCGCTCTGGAATAGACCCAC,0,587625
araCp,0.04,24,24,TCGCGTTAGAAGTGGTAGCG,0,547842
araCp,0.04,24,24,TCGAGCTGAAGGTGTCCGTA,0,582846
araCp,0.04,24,24,TCCTGAATGCATTCTGCTCC,0,557368
araCp,0.04,24,24,TCCGTGTATAGGCAGAAACT,0,528066
araCp,0.04,24,24,TCCGGTGTGCGTGGGGATGT,0,529798
araCp,0.04,24,24,TCCGGGGGAGTAAGTTGATG,0,592722
araCp,0.04,24,24,TCATCGTCGATAGGTATTTG,0,561842
araCp,0.04,24,24,TCAAGGGGATTCGACAGTTC,0,585495
araCp,0.04,24,24,TCAACGGCAGGGACTGTAGA,0,577043
araCp,0.04,24,24,TATCTTGTCATCGCGGTATC,0,559761
araCp,0.04,24,24,TATCAGCCCCTGCCCACGAA,0,533698
araCp,0.04,24,24,TATAGGAAGTTAGTCCTTTG,0,549773
araCp,0.04,24,24,TAGCCCTGATGATCCTGATG,0,526853
araCp,0.04,24,24,TAGAGTCTATTGTGGCTCTA,0,566882
araCp,0.04,24,24,TACTATTCAAGGTCCTCGTC,0,584774
araCp,0.04,24,24,TACATGCCCAAACCTCCCGG,0,552519
araCp,0.04,24,24,TAAGTGGTAACTGGTTAGCA,0,563560
araCp,0.04,24,24,TAAGCGCGACAGAGCAAGAG,0,541689
araCp,0.04,24,24,GTTGACTCTCCGGTCTCTAG,0,526597
araCp,0.04,24,24,GTTCATAGAAAATCGCACTG,0,550813
araCp,0.04,24,24,GTTATCGCAACAGGAGAGAC,0,588181
araCp,0.04,24,24,GTTAAGCACGGTAAGCGCTG,0,531704
araCp,0.04,24,24,GTTAAATTTGGGTCCTACCC,0,599551
araCp,0.04,24,24,GTCATACGAGGTCTTAACAT,0,545763
araCp,0.04,24,24,GTCAGACAGATCCCCATTTG,0,541663
araCp,0.04,24,24,GTATGCCACTAAATTCGTCT,0,555024
araCp,0.04,24,24,GGTCAGCAGAAAAGCAAATA,0,547614
araCp,0.04,24,24,GGGGTGGACGAGTTTCCGAA,0,532427
araCp,0.04,24,24,GGGGCCTGGGTCTTGCAACA,0,543450
araCp,0.04,24,24,GGGGAGGACGGGACAATGCC,0,581848
araCp,0.04,24,24,GGGCGAATTTCCAGGCGCTG,0,534399
araCp,0.04,24,24,GGATGGTTCAGTATGTGTAT,0,568852
araCp,0.04,24,24,GGAATATAAGAGCGGCCCAG,0,548599
araCp,0.04,24,24,GGAAGCTCCGTCGGGATGGG,0,600915
araCp,0.04,24,24,GCTGCGTCAGCGCGGTCAAA,0,561513
araCp,0.04,24,24,GCTCGGTATAGACTGTATAT,0,581541
araCp,0.04,24,24,GCGGTATGCGTTGAGGCAAA,0,542943
araCp,0.04,24,24,GCGCTTGGTTCCTGCCGAAT,0,553661
araCp,0.04,24,24,GCGAATCAGCACTTAATTCC,0,535791
araCp,0.04,24,24,GCCCTGATCCCGGGTGTCCG,0,601182
araCp,0.04,24,24,GCATAATACCGTGGAAAACA,0,538724
araCp,0.04,24,24,GCAGTTTCAACCCTTGCGTT,0,528542
araCp,0.04,24,24,GCAGCACTTCTCAAGTCAAG,0,581020
araCp,0.04,24,24,GCACTGCGGGCTATCCTGCT,0,536840
araCp,0.04,24,24,GATTTAGGTCCAACCATGGG,0,590779
araCp,0.04,24,24,GATGCACCAATGGTTTCGGG,0,586695
araCp,0.04,24,24,GATGATTCCGTGGGGGATAG,0,567608
araCp,0.04,24,24,GATCAAGACTCAGCGTCAAG,0,527443
araCp,0.04,24,24,GATATACGGTGCTGGTATGT,0,567684
araCp,0.04,24,24,GAGTCCTCTGTCAACCGTTG,0,588592
araCp,0.04,24,24,GAGTCAATGCGGAGTTCATA,0,534405
araCp,0.04,24,24,GACCAAGTCGTGAGTGCACA,0,580860
araCp,0.04,24,24,GAATAGTCCGTGTCGATTTG,0,566634
araCp,0.04,24,24,GAAGTCGTCCAAGACATCAT,0,528431
araCp,0.04,24,24,GAAGACGCAGTGCAGCGCGA,0,548689
araCp,0.04,24,24,CTGGTACCTTTGTGTCTCGC,0,559381
araCp,0.04,24,24,CTGAAGCGTTGTACCCGTTG,0,563124
araCp,0.04,24,24,CTGAAAAGTATTGTTGTAAG,0,573152
araCp,0.04,24,24,CTCTACCGCGGTGTGTCGGA,0,564821
araCp,0.04,24,24,CTCGTTACACTGTGAAAGCC,0,587190
araCp,0.04,24,24,CTCGGGGCTAAACCGGCCGT,0,570087
araCp,0.04,24,24,CTCCCCCGGCGTTGCGCAGA,0,601723
araCp,0.04,24,24,CTCCATAGGTTTGGCGGCCT,0,552761
araCp,0.04,24,24,CTAGGAGTAATACGGTCAGT,0,556553
araCp,0.04,24,24,CTAGCGATCGGCAGGAAAAT,0,548619
araCp,0.04,24,24,CGTCCTACTTAGAAACATCT,0,543321
araCp,0.04,24,24,CGGTTGCACACTCCATCGTC,0,535035
araCp,0.04,24,24,CGGTATAACATTGAACGGAA,0,528208
araCp,0.04,24,24,CGGTACGGTATCGGCTTAAT,0,592379
araCp,0.04,24,24,CGGCGTGTCCGATACACAAT,0,576401
araCp,0.04,24,24,CGGATACCACCCCCCTCATA,0,558802
araCp,0.04,24,24,CGCTGCACCCGTCAATCGAT,0,579059
araCp,0.04,24,24,CGCTACTCCTGCCAAAGCTC,0,577231
araCp,0.04,24,24,CGCGGCCACGGAGACGGCAA,0,588766
araCp,0.04,24,24,CGCCAGAAGTCTTGTATTCT,0,552524
araCp,0.04,24,24,CGATGGTGCCTACTGTGCTA,0,593137
araCp,0.04,24,24,CGACAGCGTTCTGGGCAGTA,0,601107
araCp,0.04,24,24,CCTTTGTATTGTTTAAATGA,0,530948
araCp,0.04,24,24,CCTCACTAGGATATTTCTGT,0,530297
araCp,0.04,24,24,CCTCACCCAGGGCAATTACT,0,596306
araCp,0.04,24,24,CCTCAAAACACCTGGGGTAT,0,558009
araCp,0.04,24,24,CCTACATGCGAAATCACGAA,0,568150
araCp,0.04,24,24,CCGTGGGGACAGTAGTTCCA,0,567621
araCp,0.04,24,24,CCGTGCTAAGGTTTATATAA,0,598620
araCp,0.04,24,24,CCGGTCATTCTGTAAAACAG,0,565887
araCp,0.04,24,24,CCGCACCCAGTGTAAGTAGT,0,546650
araCp,0.04,24,24,CCGAGTTTGGGAACGTACAA,0,582449
araCp,0.04,24,24,CCGAGTGTCAATCAAACGGC,0,561986
araCp,0.04,24,24,CCCTGTATATCTCAGTAAGC,0,542150
araCp,0.04,24,24,CCCTGCTGTAACCGCGATCA,0,548503
araCp,0.04,24,24,CCCGGCCAGGCAGCTCAAGC,0,601974
araCp,0.04,24,24,CCCGCAGGTGACATCCATTC,0,581297
araCp,0.04,24,24,CCCACGCTCTTCCGGACGGG,0,586799
araCp,0.04,24,24,CCAGTCCGTGAGCATCAACC,0,544133
araCp,0.04,24,24,CATTTCCAAGCCGAATAACA,0,556465
araCp,0.04,24,24,CATGGGTCCACAGGACACCA,0,559600
araCp,0.04,24,24,CATCCACCCATCAAGGCTTG,0,553765
araCp,0.04,24,24,CATCATTTATTCTCGTCTGT,0,571177
araCp,0.04,24,24,CAGTGGGCTGTCTACAGAGC,0,602485
araCp,0.04,24,24,CAGTGGAATAGTACCCGTTG,0,555912
araCp,0.04,24,24,CAGGTGGACAGGTCTTATGA,0,560176
araCp,0.04,24,24,CAGCCATCCATGCTGACTGT,0,585144
araCp,0.04,24,24,CACGCGGAATCTAACGTACA,0,549394
araCp,0.04,24,24,CACCCATCGAAGGGTCGAGG,0,548026
araCp,0.04,24,24,CACATTAGGTCGCAGGGCCT,0,595626
araCp,0.04,24,24,CACACACGGCGGCATCTTTG,0,539185
araCp,0.04,24,24,CAATGTTACGTACGTATCTT,0,595340
araCp,0.04,24,24,CAATAATCCACATATCTTCA,0,602730
araCp,0.04,24,24,CAATAAACAGGAGAAGCGGA,0,595600
araCp,0.04,24,24,CAACAACCCCAGGTCAGAAA,0,529441
araCp,0.04,24,24,CAAATCTAGTGTCAAGCATA,0,589459
araCp,0.04,24,24,CAAAGGCTGTCCGAGTATTA,0,577157
araCp,0.04,24,24,CAAACCTGTTTTTCCACGAA,0,539183
araCp,0.04,24,24,CAAAATTGTATGATAATGGC,0,567397
araCp,0.04,24,24,CAAAAAGACATGCCTCTAGG,0,594791
araCp,0.04,24,24,ATTGCGTGATAACCGTGCCT,0,554733
araCp,0.04,24,24,ATTCTCTCAGACGAACTATA,0,585513
araCp,0.04,24,24,ATTCAGCCCGGGGATTTAGT,0,567481
araCp,0.04,24,24,ATGGTATCCCGTATTGCAGA,0,603395
araCp,0.04,24,24,ATGCTATCCTTACGCGTGAT,0,577622
araCp,0.04,24,24,ATGCGCGGCGCGAAACCTTT,0,538839
araCp,0.04,24,24,ATCGCGTTACTAAAAGCGGA,0,531284
araCp,0.04,24,24,ATCCGCTGCTAGGATGACCT,0,587290
araCp,0.04,24,24,ATACTCAAGAGTGTGATATA,0,564952
araCp,0.04,24,24,AGTGGGACTTGATCTATCGT,0,532077
araCp,0.04,24,24,AGTGCCTTGCAGTTAGGTAA,0,568337
araCp,0.04,24,24,AGGTAAGGGGGGTGGACTAA,0,545386
araCp,0.04,24,24,AGGGCTACCAACATTTTTGA,0,598473
araCp,0.04,24,24,AGGCGAGAAGCTTGTCGATT,0,564956
araCp,0.04,24,24,AGGAAGACATTAGCCTGTTT,0,566173
araCp,0.04,24,24,AGCTATTGCTGATTGTGAAA,0,533186
araCp,0.04,24,24,AGCCGGGACTTTTTCCAGGA,0,538091
araCp,0.04,24,24,AGCCACGAGCATTGTGTAAC,0,586349
araCp,0.04,24,24,AGAGGTCTTCGTGTGTAGGG,0,529496
araCp,0.04,24,24,AGAGCCACTGACGGAGATGA,0,567996
araCp,0.04,24,24,ACTATCGGTCATCGTTACTT,0,563905
araCp,0.04,24,24,ACTAATATGCTCATCACGGG,0,561028
araCp,0.04,24,24,ACGTTAATCTACGTGGATCC,0,600479
araCp,0.04,24,24,ACGGGTAAATTAGAGGCGAC,0,552584
araCp,0.04,24,24,ACGCTAATAAGGCTCCATTG,0,542616
araCp,0.04,24,24,ACGCGTAACTATGGGCTGGA,0,551660
araCp,0.04,24,24,ACCTACAGAAGAGGAGGATT,0,584257
araCp,0.04,24,24,ACCGCATAACCGGACCAACA,0,576621
araCp,0.04,24,24,ACCCACAGCCCCTGCCCAAT,0,572113
araCp,0.04,24,24,ACCATCAACGCTGCTGGGCA,0,558759
araCp,0.04,24,24,ACCACGTAAGCGTATCCGAG,0,564191
araCp,0.04,24,24,ACATCCTGTAGGAACTCTAA,0,571546
araCp,0.04,24,24,ACAGGGAGTACGATTCTAGC,0,559066
araCp,0.04,24,24,ACAGGAGTACTTAACTGGTA,0,546544
araCp,0.04,24,24,ACAGAATACTTATAGGCCTA,0,567604
araCp,0.04,24,24,ACACAATCCCGCTGAACCGA,0,531538
araCp,0.04,24,24,ACAAGTTTCACGCACAAAAT,0,564006
araCp,0.04,24,24,AATGCACTCTCTTGTGACGT,0,531747
araCp,0.04,24,24,AATAATTGCTCAACTAGGAT,0,563117
araCp,0.04,24,24,AAGGTCACTCCATCTTCAAT,0,547549
araCp,0.04,24,24,AAGCGGGATTCCAGACTCGT,0,579164
araCp,0.04,24,24,AAGCCATCGCGGTACTTGCA,0,545037
araCp,0.04,24,24,AAGAGTGTGCCGGAAACGAA,0,546882
araCp,0.04,24,24,AAGAGGGGCTAACTTCTGCC,0,563959
araCp,0.04,24,24,AACCTATCGTTGTATATGGA,0,542036
araCp,0.04,24,24,AAACTGAGAGGATATAGCTT,0,557227
araCp,0.041666666666666664,23,23,TTTTTATCTCACTGAATCAA,0,600064
araCp,0.041666666666666664,23,23,TTGTGCCTGGCTATTTATCA,0,584147
araCp,0.041666666666666664,23,23,TTGCGAGCAGTGTACGACCA,0,592344
araCp,0.041666666666666664,23,23,TTGCCCAATCGAACTTCTCC,0,585134
araCp,0.041666666666666664,23,23,TTGAGTACCGACACATCCTG,0,562356
araCp,0.041666666666666664,23,23,TTGACTGGACCTGATTGCGT,0,590871
araCp,0.041666666666666664,23,23,TTGACGTCGAAGGACAATTG,0,583866
araCp,0.041666666666666664,23,23,TTCTGAGGAATGATAGGGAT,0,568672
araCp,0.041666666666666664,23,23,TTACGTTACACTCGTGGGAT,0,566436
araCp,0.041666666666666664,23,23,TTAAGGCAAACACACAAAAT,0,532628
araCp,0.041666666666666664,23,23,TGTGGCGGCAACTACCGGCA,0,600919
araCp,0.041666666666666664,23,23,TGTAACGTGCTGGCGAAGGC,0,539965
araCp,0.041666666666666664,23,23,TGGTTATTTGCCGAAGGAGT,0,550764
araCp,0.041666666666666664,23,23,TGGTACGACTCCGGGGCGGT,0,592382
araCp,0.041666666666666664,23,23,TGCTTTTACCTAAAGACCAT,0,575977
araCp,0.041666666666666664,23,23,TGCTTGTGGTGGTGATTTAG,0,580806
araCp,0.041666666666666664,23,23,TGCTGCCTCTTAAGCGCCAA,0,568536
araCp,0.041666666666666664,23,23,TGCTGAGAAAAGTGGCGCGT,0,588392
araCp,0.041666666666666664,23,23,TGCTCCAAGGTTCGTCGGCA,0,542954
araCp,0.041666666666666664,23,23,TGCGACTTTGAAATGGCAGT,0,547227
araCp,0.041666666666666664,23,23,TGCCGTGCCAGAAGCGTGGA,0,583889
araCp,0.041666666666666664,23,23,TGCATCATCGCACAGGTTCT,0,601394
araCp,0.041666666666666664,23,23,TGCATAAATGGATCTTTGGA,0,595861
araCp,0.041666666666666664,23,23,TGCAACAGCGGCTGCATGGG,0,584324
araCp,0.041666666666666664,23,23,TGACCTAGTAGGTACTGGAT,0,543398
araCp,0.041666666666666664,23,23,TGAACTCAAAGGGAGGCTGT,0,535257
araCp,0.041666666666666664,23,23,TCTTCTCTTAACATTACCGA,0,590602
araCp,0.041666666666666664,23,23,TCTGTCGCACTCTTGACTCA,0,544747
araCp,0.041666666666666664,23,23,TCTGCTATTTTCAGGACTCT,0,560716
araCp,0.041666666666666664,23,23,TCTCGCAGGAATGTTAGATG,0,546680
araCp,0.041666666666666664,23,23,TCTCAAATTCGTTGTTATTA,0,581573
araCp,0.041666666666666664,23,23,TCGTTGCGGTATCCTGGCTT,0,529149
araCp,0.041666666666666664,23,23,TCGTACAAGCATGCTGGGTT,0,594697
araCp,0.041666666666666664,23,23,TCGCCGAGCGACAAGGTTTG,0,568347
araCp,0.041666666666666664,23,23,TCGAAGCAAGGTTCACGCAT,0,531613
araCp,0.041666666666666664,23,23,TCCGCAGCGTAGACCTTAGT,0,566322
araCp,0.041666666666666664,23,23,TCCCAGGTAGGCCCAGGCCC,0,580647
araCp,0.041666666666666664,23,23,TCATCTCCGATCACATTCGC,0,568008
araCp,0.041666666666666664,23,23,TCAGATGGCTTCCCTTGTCT,0,550678
araCp,0.041666666666666664,23,23,TCACGACCACGTCACTTTAA,0,572546
araCp,0.041666666666666664,23,23,TATGTTGAACCTTTCCAATA,0,566823
araCp,0.041666666666666664,23,23,TATAACCGAAGATATAGAAT,0,584823
araCp,0.041666666666666664,23,23,TAGGTACTCAAACAAAAAAC,0,526075
araCp,0.041666666666666664,23,23,TACGGGGCAGATTAGGACTG,0,543146
araCp,0.041666666666666664,23,23,TACGAGTATCGCCTGTAATG,0,540550
araCp,0.041666666666666664,23,23,TAAGCTGGCGGGCGCAGTCC,0,595068
araCp,0.041666666666666664,23,23,TAAGCGGTCCAGTTGAGTTA,0,527568
araCp,0.041666666666666664,23,23,TAACCGTCGCAGTAGTACTG,0,565179
araCp,0.041666666666666664,23,23,GTGTTTGGGCTTCCTCGATT,0,539437
araCp,0.041666666666666664,23,23,GTGTAGATGACTGATCCGCA,0,581782
araCp,0.041666666666666664,23,23,GTGGCTATTTGTGCAATTCT,0,573168
araCp,0.041666666666666664,23,23,GTGGCCGCGCTTGGCACAGT,0,528080
araCp,0.041666666666666664,23,23,GTGCGTTTGGTTGTTAATAA,0,557225
araCp,0.041666666666666664,23,23,GTGCGGAGAGTAACAAATAA,0,549687
araCp,0.041666666666666664,23,23,GTGATTCCGGATCTTGCGGT,0,544232
araCp,0.041666666666666664,23,23,GTCCTATATATGGGAAACTG,0,544069
araCp,0.041666666666666664,23,23,GTAGTAACTCGAAACGACTT,0,529243
araCp,0.041666666666666664,23,23,GTACTAATTAAGCGACTGCC,0,534461
araCp,0.041666666666666664,23,23,GTACGGGCCGATGTTATGGT,0,536321
araCp,0.041666666666666664,23,23,GTAAGGCTCCACACCGTGTG,0,600312
araCp,0.041666666666666664,23,23,GGTAGTAATGGTTCATTTTT,0,577877
araCp,0.041666666666666664,23,23,GGGTGAGGACCTTCGTACCA,0,570999
araCp,0.041666666666666664,23,23,GGGGGAGGCTAGTTGTATAG,0,572507
araCp,0.041666666666666664,23,23,GGGGCTCCGTAATTCTGGAT,0,589228
araCp,0.041666666666666664,23,23,GGGCCGACGCAGCACGTGCC,0,526740
araCp,0.041666666666666664,23,23,GGGAGACGCATGAAATTCTT,0,579166
araCp,0.041666666666666664,23,23,GGGAGACAAAGGTGCTAGCC,0,585813
araCp,0.041666666666666664,23,23,GGGAACGCGTTAATCTAGAC,0,537485
araCp,0.041666666666666664,23,23,GGCTACTGTGGCTTGGTCAC,0,589799
araCp,0.041666666666666664,23,23,GGCCATGTTACGTCTGACGT,0,543964
araCp,0.041666666666666664,23,23,GGATTTCTTGCTACCTATAG,0,543483
araCp,0.041666666666666664,23,23,GGACTTCGAAACGGCGAGTC,0,530792
araCp,0.041666666666666664,23,23,GCTTTTAAATACTGGGATAA,0,566493
araCp,0.041666666666666664,23,23,GCTCTTAATCATCGAGGAGA,0,597401
araCp,0.041666666666666664,23,23,GCTAGAGAAAAAAAGCGCCA,0,559225
araCp,0.041666666666666664,23,23,GCGGTGGGCGTGGCAAAAGA,0,603250
araCp,0.041666666666666664,23,23,GCGACGCTAGTCAACTGCAA,0,567118
araCp,0.041666666666666664,23,23,GCCTTGTGGAGTTATCCAGC,0,592674
araCp,0.041666666666666664,23,23,GCCGCTCTGACCTATCATCA,0,534464
araCp,0.041666666666666664,23,23,GCCCGACCGGCGGATGGTTA,0,599981
araCp,0.041666666666666664,23,23,GCCATCGGGGGCTTTGCGAG,0,581358
araCp,0.041666666666666664,23,23,GCAGTTGGGTAGTTGACAAA,0,580926
araCp,0.041666666666666664,23,23,GCACCCTTACCCATGCGCCA,0,529776
araCp,0.041666666666666664,23,23,GAGCCGGGTGCCGAGTTCTG,0,553525
araCp,0.041666666666666664,23,23,GAAGGCGGTGTTCCTTCAGT,0,600067
araCp,0.041666666666666664,23,23,GAAATATGATCCTCACGGAA,0,564207
araCp,0.041666666666666664,23,23,GAAAGTGATCCTGAAATGTA,0,546534
araCp,0.041666666666666664,23,23,CTTCGGGTTGTGAAGGCGCA,0,591361
araCp,0.041666666666666664,23,23,CTGTGATCCTAGTATGGCAT,0,550036
araCp,0.041666666666666664,23,23,CTGGCATGATACGCTACACA,0,536845
araCp,0.041666666666666664,23,23,CTGCTAGTTGATCTATATTG,0,555153
araCp,0.041666666666666664,23,23,CTGCCGATTCCACGCGGCTA,0,554666
araCp,0.041666666666666664,23,23,CTGCATTGTGGCAGTTGAGT,0,555718
araCp,0.041666666666666664,23,23,CTCGCTCGTGTAGGTATTTT,0,537031
araCp,0.041666666666666664,23,23,CTACCCGCTACGTTATGTAT,0,598200
araCp,0.041666666666666664,23,23,CTAATTCCTTCTGCCTATCT,0,526539
araCp,0.041666666666666664,23,23,CGTGTATCTGTTATGATGGG,0,577361
araCp,0.041666666666666664,23,23,CGTGCGTCTTCCACACCTAC,0,555760
araCp,0.041666666666666664,23,23,CGGTTCGACATCGAATACCT,0,576191
araCp,0.041666666666666664,23,23,CGGTCTTGGGCCAGGATGCA,0,555762
araCp,0.041666666666666664,23,23,CGGGTCAATTAGGAGGCCTC,0,598170
araCp,0.041666666666666664,23,23,CGGGGCCGCCCTCAGTGCCA,0,535187
araCp,0.041666666666666664,23,23,CGGGGATACACATTCTGCGT,0,597839
araCp,0.041666666666666664,23,23,CGGGCGTCACCTGTCGATAT,0,558536
araCp,0.041666666666666664,23,23,CGGGCCAAACTAGAATCGGG,0,537720
araCp,0.041666666666666664,23,23,CGCCAGTGATCTAGATAGTA,0,572285
araCp,0.041666666666666664,23,23,CGCCAAAATAGCTGTCACAT,0,587483
araCp,0.041666666666666664,23,23,CGAATCACGTGTACCGATTT,0,541932
araCp,0.041666666666666664,23,23,CCTTAAATAAGAACAATGAG,0,534505
araCp,0.041666666666666664,23,23,CCTCGAATCTTAGTCGGCAG,0,562790
araCp,0.041666666666666664,23,23,CCGTGTCGATCCTGCCGTCT,0,540229
araCp,0.041666666666666664,23,23,CCGTATTGACGTCATGTCGA,0,562413
araCp,0.041666666666666664,23,23,CCGTACCCAGACCAGGAGCC,0,565755
araCp,0.041666666666666664,23,23,CCGATACTATGGACTGGTTA,0,567227
araCp,0.041666666666666664,23,23,CCGAACCGGCTACTTGTTCC,0,566961
araCp,0.041666666666666664,23,23,CCAGGACTGTCGCGCTTGCT,0,562076
araCp,0.041666666666666664,23,23,CCAATATTAGGCATGCATTT,0,563016
araCp,0.041666666666666664,23,23,CATGTATCTGTCCCCTCAAA,0,586299
araCp,0.041666666666666664,23,23,CATGGTCGCGAGCTCTCTCC,0,587299
araCp,0.041666666666666664,23,23,CATGCTTGCCTGCTTCCTGA,0,572293
araCp,0.041666666666666664,23,23,CAGTGAACGGTCTCGTCGAT,0,599606
araCp,0.041666666666666664,23,23,CAGTATATGGGCACGCGTGA,0,602517
araCp,0.041666666666666664,23,23,CAGGCAACCATGGCTGCTGA,0,588862
araCp,0.041666666666666664,23,23,CAGGAACTTGCTTAGTCACA,0,575471
araCp,0.041666666666666664,23,23,CAGCTGTTCGACGGCACCTC,0,557490
araCp,0.041666666666666664,23,23,CAGCGCGGCGACCCAAGCGT,0,525888
araCp,0.041666666666666664,23,23,CAGCCAGAGTACCCCCCCTA,0,574278
araCp,0.041666666666666664,23,23,CAGCATAGCGTTCTCTGGCA,0,561000
araCp,0.041666666666666664,23,23,CACATCATCAATCTCGGGCA,0,586451
araCp,0.041666666666666664,23,23,CAATCCAAAGAGGTGGAGTA,0,558424
araCp,0.041666666666666664,23,23,CAACGGTGCTCAATAATTTA,0,529095
araCp,0.041666666666666664,23,23,CAACGCTCTTAGCGGACGAA,0,557930
araCp,0.041666666666666664,23,23,CAACAGAGAGAGAAAAACTC,0,570394
araCp,0.041666666666666664,23,23,CAAACTCGCAAACCTATGGA,0,554889
araCp,0.041666666666666664,23,23,CAAAATACAGCTCCGTGTCA,0,547085
araCp,0.041666666666666664,23,23,ATGTTCGGGACGGTTCAGAG,0,536318
araCp,0.041666666666666664,23,23,ATGTGTAACGGCTCTCCGGT,0,578312
araCp,0.041666666666666664,23,23,ATGTCCAAGTTCAGGATGTG,0,573072
araCp,0.041666666666666664,23,23,ATGGGGAACGTGTAGATCGT,0,525790
araCp,0.041666666666666664,23,23,ATGGGATCCTGTAACGCTTC,0,597289
araCp,0.041666666666666664,23,23,ATGCCCGACCGTGCGCCTAA,0,539294
araCp,0.041666666666666664,23,23,ATATCGTCCCAGGCATCTTG,0,554978
araCp,0.041666666666666664,23,23,ATATAGATACAACATGTGCT,0,562452
araCp,0.041666666666666664,23,23,ATATAATAAGTGTAGGCAGA,0,583344
araCp,0.041666666666666664,23,23,ATAGGTTCTATCCTGGTGCT,0,552931
araCp,0.041666666666666664,23,23,ATACATACGCGTAATCATTT,0,593780
araCp,0.041666666666666664,23,23,ATAATTTTCTATTAGATCAA,0,541747
araCp,0.041666666666666664,23,23,ATAAATAAGGAGCACTAGAG,0,549665
araCp,0.041666666666666664,23,23,AGTTCGGAGGGACTCATAAG,0,542533
araCp,0.041666666666666664,23,23,AGTCAGCGCAGTCTACGTAA,0,557421
araCp,0.041666666666666664,23,23,AGTATCTGCGCCCCCTACCC,0,553128
araCp,0.041666666666666664,23,23,AGTAGGCACGTGAACCAGCT,0,533201
araCp,0.041666666666666664,23,23,AGGTTACCTGGAATTGAAAA,0,557293
araCp,0.041666666666666664,23,23,AGGTGCAGCGGGTTCTTGGC,0,544979
araCp,0.041666666666666664,23,23,AGGGTGGGCGCTCCGCTATG,0,549964
araCp,0.041666666666666664,23,23,AGGGTAGACGGTGAAATCAC,0,601722
araCp,0.041666666666666664,23,23,AGGGCTTGACACCTCCTAGA,0,577697
araCp,0.041666666666666664,23,23,AGGCCACCTCGGTTTCATTG,0,580533
araCp,0.041666666666666664,23,23,AGCTCGGAACTATTCTTTAA,0,527021
araCp,0.041666666666666664,23,23,AGCGCTATGTCTGGAGGGAT,0,577620
araCp,0.041666666666666664,23,23,AGCCCTCCGCATAAGGCTAA,0,586257
araCp,0.041666666666666664,23,23,AGATCTACATTCCCTTATGT,0,562645
araCp,0.041666666666666664,23,23,AGATAGGAGTTGACGAAGCG,0,576583
araCp,0.041666666666666664,23,23,AGAGGAGGACGTGTCTTCCG,0,554101
araCp,0.041666666666666664,23,23,AGACCATCCATTCGCGTGAA,0,538095
araCp,0.041666666666666664,23,23,AGAACTTCTATGGCGCTTGT,0,546298
araCp,0.041666666666666664,23,23,AGAACGACAAATATTTCATA,0,532450
araCp,0.041666666666666664,23,23,ACTTGCACCAAGGGCACCAT,0,547764
araCp,0.041666666666666664,23,23,ACGTTTCGATATTCTCAGTT,0,588458
araCp,0.041666666666666664,23,23,ACGTGATTGGCGCGCTCAGA,0,561165
araCp,0.041666666666666664,23,23,ACGCCATGTCGGCCGGTCTA,0,537041
araCp,0.041666666666666664,23,23,ACGCAGTAACAGGCCGCCCG,0,570204
araCp,0.041666666666666664,23,23,ACGACCGTTGGATGAACTGG,0,555142
araCp,0.041666666666666664,23,23,ACCGGGTTCGGCTGCCAAAT,0,525828
araCp,0.041666666666666664,23,23,ACAGGTAACACGACTCGGAA,0,578054
araCp,0.041666666666666664,23,23,ACAATGTGTTCACTGCTTGG,0,529787
araCp,0.041666666666666664,23,23,AATGGGGACACGCCGTTGTT,0,576096
araCp,0.041666666666666664,23,23,AATGCACCGTCAGGCCCAGA,0,528392
araCp,0.041666666666666664,23,23,AATCATATGCGCGTATTGGC,0,544505
araCp,0.041666666666666664,23,23,AATCACAACGGGACTACAAT,0,550641
araCp,0.041666666666666664,23,23,AAGGTTAGGTTCTCTGATAT,0,548867
araCp,0.041666666666666664,23,23,AAGCTCAGGCTTGAAGCAAA,0,555197
araCp,0.041666666666666664,23,23,AAGCGCCCGCGTCCTATGAT,0,584940
araCp,0.041666666666666664,23,23,AACTGAGTCCGCCCTTCAGA,0,565876
araCp,0.041666666666666664,23,23,AACGACAAGTATAGAAAACG,0,576617
araCp,0.041666666666666664,23,23,AACCTACCAGAAGTCATCAG,0,555886
araCp,0.041666666666666664,23,23,AAATTACCATATCGCTCAGT,0,540534
araCp,0.041666666666666664,23,23,AAATCTCAGGGTAGTTCTTT,0,557482
araCp,0.041666666666666664,23,23,AAATCCTACTAACTATCCTA,0,590451
araCp,0.041666666666666664,23,23,AAACGGCAACACCACTACTC,0,552858
araCp,0.041666666666666664,23,23,AAAAGTTTGTCTTCACAGTC,0,576667
araCp,0.043478260869565216,22,22,TTTTTCCAAGAATGCCGACA,0,568989
araCp,0.043478260869565216,22,22,TTTTCCGCGACGTGAAGGCC,0,586397
araCp,0.043478260869565216,22,22,TTTGTAGTTCCTCAGGTACA,0,570485
araCp,0.043478260869565216,22,22,TTTCAGCCTGTCATCTCGCT,0,572137
araCp,0.043478260869565216,22,22,TTGTAACAATGAATCAACAG,0,582606
araCp,0.043478260869565216,22,22,TTGGTTTACCTGTGTCTGGT,0,540124
araCp,0.043478260869565216,22,22,TTGCCGGCAAGCGCGTTATC,0,599615
araCp,0.043478260869565216,22,22,TTCTGTATTTTCTATACTAG,0,586930
araCp,0.043478260869565216,22,22,TTATCAGTAAAGGTATTGTT,0,567448
araCp,0.043478260869565216,22,22,TTACCCTAGCATCATGTGAG,0,566165
araCp,0.043478260869565216,22,22,TTACAATATTATCGGTTCCT,0,593816
araCp,0.043478260869565216,22,22,TTAATGGAGGGCGTGCACTC,0,571567
araCp,0.043478260869565216,22,22,TTAATCTCCTTCCGAAACCC,0,588337
araCp,0.043478260869565216,22,22,TTAACGTGTAGGTGGCTTCG,0,556905
araCp,0.043478260869565216,22,22,TGTTTACATCCCAAACAACA,0,601437
araCp,0.043478260869565216,22,22,TGTTGTAGGATTGTCTCGTG,0,575701
araCp,0.043478260869565216,22,22,TGTTCTGAGGAATGATCACT,0,578419
araCp,0.043478260869565216,22,22,TGTTAGTCGGGGTGTAGACC,0,600800
araCp,0.043478260869565216,22,22,TGTCGAAGAGGCCTAAGTAG,0,577009
araCp,0.043478260869565216,22,22,TGTCCGTGCCGGATCGGTAG,0,537978
araCp,0.043478260869565216,22,22,TGTACCGCATGGGACCTAGA,0,589752
araCp,0.043478260869565216,22,22,TGGGGTGCGTCTAAACATTG,0,542107
araCp,0.043478260869565216,22,22,TGGCTCTGCAGCGTAGCTTA,0,599725
araCp,0.043478260869565216,22,22,TGGACAAGCCTCAGGGGTGT,0,536532
araCp,0.043478260869565216,22,22,TGGAATGCCGTACCGCATGA,0,578836
araCp,0.043478260869565216,22,22,TGGAACCAAACAGTTTGGCA,0,540590
araCp,0.043478260869565216,22,22,TGGAAAACCACCGGCCAGAA,0,561688
araCp,0.043478260869565216,22,22,TGCTTCGGCCCCGGTAACGC,0,587081
araCp,0.043478260869565216,22,22,TGCCAGTTCCCAACGTCGTA,0,586874
araCp,0.043478260869565216,22,22,TGCAGGCTACGGCGACCGTA,0,528136
araCp,0.043478260869565216,22,22,TGAGGTCGAGCGAGGGCGAC,0,536689
araCp,0.043478260869565216,22,22,TGAGGGTTTCAGATACATGC,0,530673
araCp,0.043478260869565216,22,22,TGAGGCACGATCGACCGATA,0,596060
araCp,0.043478260869565216,22,22,TGAATAAACCAGTGTATGCT,0,550097
araCp,0.043478260869565216,22,22,TGAACCTTCCGTCACACGCT,0,565666
araCp,0.043478260869565216,22,22,TCTGGTGGTCGCGGCCTACG,0,554786
araCp,0.043478260869565216,22,22,TCTCGGTCACGCTCACCGAA,0,570971
araCp,0.043478260869565216,22,22,TCGTTCAAATAACAGGGCCA,0,591751
araCp,0.043478260869565216,22,22,TCGGTTCTGCACACTGAACA,0,596302
araCp,0.043478260869565216,22,22,TCGCGCTACGTGCAGTCTAG,0,549681
araCp,0.043478260869565216,22,22,TCCTACTAGCGGTTATGGGT,0,544583
araCp,0.043478260869565216,22,22,TCCCCGCTTATCACTTCCAA,0,532724
araCp,0.043478260869565216,22,22,TCATTTAACTCCGTGCTGGT,0,560441
araCp,0.043478260869565216,22,22,TCAGAAACTCTTGGACTTTA,0,596612
araCp,0.043478260869565216,22,22,TCACCGAGGGCATCGAGGCA,0,548701
araCp,0.043478260869565216,22,22,TCACAGATTTGCCCGTATAT,0,546160
araCp,0.043478260869565216,22,22,TCAACAGTCTATTGGAGGTA,0,593981
araCp,0.043478260869565216,22,22,TATGGATTGCTAATCTTAAT,0,580858
araCp,0.043478260869565216,22,22,TATGCCCACTCCTGGGCCAT,0,579739
araCp,0.043478260869565216,22,22,TATCGTTCTAATCGCGGGAC,0,548299
araCp,0.043478260869565216,22,22,TAGGCCACTGGACATCACCA,0,543619
araCp,0.043478260869565216,22,22,TAGCAAGGTTCCTTGGTACG,0,590645
araCp,0.043478260869565216,22,22,TAGAGCATTGGCGCCATGCT,0,581710
araCp,0.043478260869565216,22,22,TACTTATTATGAGGGCTATA,0,530675
araCp,0.043478260869565216,22,22,TACTGGAGCACGCCAAATAT,0,543844
araCp,0.043478260869565216,22,22,TACTGAATTAGATTTAAGCA,0,600313
araCp,0.043478260869565216,22,22,TAATGTCAGCTCGGGACGGT,0,556165
araCp,0.043478260869565216,22,22,TAATGTAGTTATGGCCCCAG,0,593284
araCp,0.043478260869565216,22,22,TAATCACGTGTCGTCGAACG,0,550818
araCp,0.043478260869565216,22,22,TAAGCGTTTAGGCCCGTTCC,0,565230
araCp,0.043478260869565216,22,22,TAAGAATTGGTCTGCCCGAA,0,526411
araCp,0.043478260869565216,22,22,TAACCTCCAAGCCGCGATTG,0,584915
araCp,0.043478260869565216,22,22,GTTCACCAAAGTTCCACACG,0,535304
araCp,0.043478260869565216,22,22,GTTAGCTGAGACGGTAGAAA,0,549559
araCp,0.043478260869565216,22,22,GTGTTAGACACCGTTAAACA,0,556475
araCp,0.043478260869565216,22,22,GTGTGATGGAGCGGATGTTT,0,578025
araCp,0.043478260869565216,22,22,GTGGTGTGGTCTTGCGTCTT,0,582511
araCp,0.043478260869565216,22,22,GTCGAGCACTCCTCAACTTT,0,593407
araCp,0.043478260869565216,22,22,GTCCCAGGCACTGCGGAGAC,0,599078
araCp,0.043478260869565216,22,22,GTCACGTAGTTCGGAGAACG,0,597606
araCp,0.043478260869565216,22,22,GTATTGCGTTGGCTGAGTAT,0,603117
araCp,0.043478260869565216,22,22,GTATTCGATATGAAGGACTT,0,538125
araCp,0.043478260869565216,22,22,GTATGAGCACACTTGCTTCT,0,532725
araCp,0.043478260869565216,22,22,GTAGGCTCGAGAAAAATGGT,0,577302
araCp,0.043478260869565216,22,22,GTACTACGATGGTTACCGCT,0,537266
araCp,0.043478260869565216,22,22,GTAATCGCAAGTGTTTAGTG,0,585066
araCp,0.043478260869565216,22,22,GTAAGGGTCTTGCAGGCCCA,0,542901
araCp,0.043478260869565216,22,22,GGTACTCTCAGTCCTCCGCA,0,566924
araCp,0.043478260869565216,22,22,GGGTCGTAGCCCATGGACAA,0,569509
araCp,0.043478260869565216,22,22,GGGGGCTACTCCTCACAGTG,0,585985
araCp,0.043478260869565216,22,22,GGGGCCGACGTATCTCTACA,0,564869
araCp,0.043478260869565216,22,22,GGGCTCGACACGGGCCTTTC,0,540109
araCp,0.043478260869565216,22,22,GGGCATTCGCCTAGGTTCTA,0,555601
araCp,0.043478260869565216,22,22,GGCGAGGCAAGCACGGGCAA,0,541376
araCp,0.043478260869565216,22,22,GGCCGATGCCCGGGCACAAT,0,542905
araCp,0.043478260869565216,22,22,GGCAAGTTTAAAAACTAAAC,0,572766
araCp,0.043478260869565216,22,22,GGAGGGCGGCGGACGGGGTG,0,594017
araCp,0.043478260869565216,22,22,GGACCCCTCTAACGCATGTT,0,550410
araCp,0.043478260869565216,22,22,GGACAGTTACTATATAGGAC,0,555798
araCp,0.043478260869565216,22,22,GCTATGCCTCTTGGTGTTTA,0,550009
araCp,0.043478260869565216,22,22,GCTAATAGCCGCTCGGCTAG,0,538647
araCp,0.043478260869565216,22,22,GCGGCATACCGAAAGGTCTT,0,563657
araCp,0.043478260869565216,22,22,GCGCGTAGGTGGCTTATGCG,0,603357
araCp,0.043478260869565216,22,22,GCGAGTTCTTCGGCGTACGC,0,547902
araCp,0.043478260869565216,22,22,GCGAACCAGATGGGTACTGG,0,570100
araCp,0.043478260869565216,22,22,GCCTCGGCGGTAGAATCAAT,0,542688
araCp,0.043478260869565216,22,22,GCCGTTGAAGCCTGGGATTT,0,598579
araCp,0.043478260869565216,22,22,GCCGGCCGACCAGGAATCTA,0,543164
araCp,0.043478260869565216,22,22,GCCGAGGTTAAAACGCGTTA,0,540195
araCp,0.043478260869565216,22,22,GCCCCATTAATGCGCAAGCC,0,529421
araCp,0.043478260869565216,22,22,GCCAGTAGGCGGAGGTGCGG,0,586088
araCp,0.043478260869565216,22,22,GCCACAAGTGCCATATTTCT,0,530947
araCp,0.043478260869565216,22,22,GCATCACCGGGAGCGAAGGT,0,565941
araCp,0.043478260869565216,22,22,GCATACCTTCCTGGTGGACA,0,526996
araCp,0.043478260869565216,22,22,GCAGGAGGACTCAACAAGCA,0,589071
araCp,0.043478260869565216,22,22,GCAGCTAGAAAATCTCGCCA,0,591254
araCp,0.043478260869565216,22,22,GCAGACTTCAGCGCCCCTAA,0,564193
araCp,0.043478260869565216,22,22,GATGCTATCCGGTTGAATTG,0,564461
araCp,0.043478260869565216,22,22,GATCGAGGGTCCGGCGGTTG,0,534787
araCp,0.043478260869565216,22,22,GAGACAGCGCTGTTAGGACA,0,553423
araCp,0.043478260869565216,22,22,GACTCTTGAGGTTAATCATA,0,545072
araCp,0.043478260869565216,22,22,GACCTCACCAGTATCTCTTC,0,595602
araCp,0.043478260869565216,22,22,GACCCTTTGAGGACACTCCC,0,547507
araCp,0.043478260869565216,22,22,GACATAATCGCATGCTGCTG,0,563269
araCp,0.043478260869565216,22,22,GAATCAGGGAGTGGACCAGA,0,589099
araCp,0.043478260869565216,22,22,GAAGGACCTTCGAGGTATTC,0,569014
araCp,0.043478260869565216,22,22,GAAGATAAGTGTCTAAAACT,0,533930
araCp,0.043478260869565216,22,22,GAACGGGCGTTATGGGGCGG,0,555543
araCp,0.043478260869565216,22,22,GAACCGCTTGGGGTCGTAGT,0,552063
araCp,0.043478260869565216,22,22,GAACAGAGGTCTGAATTAAT,0,536764
araCp,0.043478260869565216,22,22,CTTCATTCCGTGCTGACAAG,0,566442
araCp,0.043478260869565216,22,22,CTGGGCACATGTCGCCACAT,0,560911
araCp,0.043478260869565216,22,22,CTGCCGTGGTCAGCCTACGT,0,584049
araCp,0.043478260869565216,22,22,CTGAAGAGACTGACGTCCAC,0,582222
araCp,0.043478260869565216,22,22,CTCATGAATCTTCGAAATCG,0,525568
araCp,0.043478260869565216,22,22,CTCATCGTAGCTTATACCCA,0,540857
araCp,0.043478260869565216,22,22,CTATTCCCAGCGCTCGGTGG,0,572185
araCp,0.043478260869565216,22,22,CTATGCGCTGTGCTCAGCGA,0,538088
araCp,0.043478260869565216,22,22,CTAGGACGGAACAGGTAACA,0,555292
araCp,0.043478260869565216,22,22,CTACGTTTTGGCGGGTGAAA,0,596992
araCp,0.043478260869565216,22,22,CTACGTAACAAGTCAAGTGA,0,559393
araCp,0.043478260869565216,22,22,CGGGGTATGATCGGGACTCG,0,545068
araCp,0.043478260869565216,22,22,CGGGGAGAAAAGTGTAAACT,0,526854
araCp,0.043478260869565216,22,22,CGGGATGTTTCTGATGGTGT,0,556120
araCp,0.043478260869565216,22,22,CGGCCACAGGTCAAGGAACA,0,587080
araCp,0.043478260869565216,22,22,CGGAGGGGCTCGGGTACTTA,0,591102
araCp,0.043478260869565216,22,22,CGGAATTTAAGGATTTGAAC,0,560579
araCp,0.043478260869565216,22,22,CGCTCGTTGGACGGTCACTT,0,560915
araCp,0.043478260869565216,22,22,CGCGCATAGCGAGTAACTGG,0,543214
araCp,0.043478260869565216,22,22,CGCGAACGCCTATACAGACC,0,570285
araCp,0.043478260869565216,22,22,CGCCGTTGATTGCTAATTCC,0,566483
araCp,0.043478260869565216,22,22,CGCCCATCAGAATACGGGAG,0,552811
araCp,0.043478260869565216,22,22,CGAGTCTTTAATAGGCAAAG,0,537327
araCp,0.043478260869565216,22,22,CGACGGCTTCCGCCCAAGAT,0,596528
araCp,0.043478260869565216,22,22,CGACCTCAATATTGAGTGAT,0,595658
araCp,0.043478260869565216,22,22,CGAATACGTTCATTTTGTGT,0,576042
araCp,0.043478260869565216,22,22,CCTCTACCATTTTAATCATG,0,557641
araCp,0.043478260869565216,22,22,CCTATGGTTCAACGATATGG,0,542359
araCp,0.043478260869565216,22,22,CCTACCCTGGGCGCAGGTTA,0,596768
araCp,0.043478260869565216,22,22,CCGGGTGATCGGCAAGTGGA,0,580632
araCp,0.043478260869565216,22,22,CCGGCCTTTGTTAAATCTAA,0,526984
araCp,0.043478260869565216,22,22,CCGACGTGTCGGACTTCAGA,0,588602
araCp,0.043478260869565216,22,22,CCCATTTATGGTGAGATAAT,0,592780
araCp,0.043478260869565216,22,22,CCACTAGCTATATCACTAAT,0,582041
araCp,0.043478260869565216,22,22,CCACACCTTCCACTCTCTGT,0,587765
araCp,0.043478260869565216,22,22,CATGTCTCGTTGAAGCCCCT,0,591946
araCp,0.043478260869565216,22,22,CATGATTGTTAAAATGCTGT,0,588331
araCp,0.043478260869565216,22,22,CATGACTATTGTCGGGTTAC,0,543353
araCp,0.043478260869565216,22,22,CATCGATATTCGAATAAGGA,0,596305
araCp,0.043478260869565216,22,22,CATATCGGTGAAGACAGCTA,0,533015
araCp,0.043478260869565216,22,22,CAGGTTACTAATAAGCGTTG,0,599664
araCp,0.043478260869565216,22,22,CAGGTCACAGTGGAGGACTA,0,547841
araCp,0.043478260869565216,22,22,CAGAGGACACAGGCCAGTTA,0,574329
araCp,0.043478260869565216,22,22,CAGACCTGTATAAACTCCTG,0,602648
araCp,0.043478260869565216,22,22,CAGAATGTAGAAGTTGGAAG,0,589151
araCp,0.043478260869565216,22,22,CACTTCACTGCCTATGTAAA,0,548690
araCp,0.043478260869565216,22,22,CACGTACCGTCCGCGGGATA,0,598161
araCp,0.043478260869565216,22,22,CACCATGCGAGGATTTACCT,0,555887
araCp,0.043478260869565216,22,22,CACACTTGTGATATGGAAAG,0,557873
araCp,0.043478260869565216,22,22,CAATGAAGGCGACGACCAGT,0,576933
araCp,0.043478260869565216,22,22,CAATAATAAAATAGGGAACT,0,562940
araCp,0.043478260869565216,22,22,CAAATCGTCTGCACCCCCTG,0,593727
araCp,0.043478260869565216,22,22,ATTTGTTTTTGTTCAGTGCT,0,549013
araCp,0.043478260869565216,22,22,ATTGCGCTTATCAGGTGGAT,0,601811
araCp,0.043478260869565216,22,22,ATTGATGGCTGAAGATAAAT,0,559507
araCp,0.043478260869565216,22,22,ATTCTTAACACGCACCGGAT,0,565104
araCp,0.043478260869565216,22,22,ATTATGTTTCGGCCGCACGC,0,540794
araCp,0.043478260869565216,22,22,ATTACAGTCTAGTCAATAGA,0,528428
araCp,0.043478260869565216,22,22,ATGTGGGACTCCTGTCGTTA,0,570011
araCp,0.043478260869565216,22,22,ATGTAAAGGGCCACTTGACA,0,573417
araCp,0.043478260869565216,22,22,ATCTGCTGGTTGTAGGCAAC,0,599621
araCp,0.043478260869565216,22,22,ATCTCGTCTTGGGGGCAAAT,0,593678
araCp,0.043478260869565216,22,22,ATCTAGGGCAAGATAGGCAT,0,552769
araCp,0.043478260869565216,22,22,ATATCAATTAACCGCATATA,0,582886
araCp,0.043478260869565216,22,22,ATACAGATAATCCGCCCCAT,0,541341
araCp,0.043478260869565216,22,22,ATACACTGGCTCCACGCCGG,0,563009
araCp,0.043478260869565216,22,22,AGTGTAGATTAACAATGCGT,0,534084
araCp,0.043478260869565216,22,22,AGTGGGCAGCAAAGAAGATC,0,582441
araCp,0.043478260869565216,22,22,AGTGATGACACCTCGGGTTT,0,556150
araCp,0.043478260869565216,22,22,AGTATGCCGCGGCAAGCGGA,0,539384
araCp,0.043478260869565216,22,22,AGGTGATGGTTTCGGGGAAT,0,599954
araCp,0.043478260869565216,22,22,AGGTCAGAACGAAAGTCTAG,0,562639
araCp,0.043478260869565216,22,22,AGGGCGCCTAACGCTTGGTA,0,598937
araCp,0.043478260869565216,22,22,AGCTGGCAACTTTGTAAATA,0,530377
araCp,0.043478260869565216,22,22,AGCTCAGCAACAATAGGTAG,0,547788
araCp,0.043478260869565216,22,22,AGATCTGATAACATTCATTG,0,539138
araCp,0.043478260869565216,22,22,AGAGACGGCTTGCTGGTTAT,0,582301
araCp,0.043478260869565216,22,22,AGACTCACCGTTAATGGAGG,0,538382
araCp,0.043478260869565216,22,22,ACTTTGCTTGTGCACCGACA,0,556034
araCp,0.043478260869565216,22,22,ACTTCTTACTTTATGGTATT,0,536960
araCp,0.043478260869565216,22,22,ACTCGGACATCAGTCAAAAT,0,540131
araCp,0.043478260869565216,22,22,ACTCGCACAGTGGGTCAACT,0,552246
araCp,0.043478260869565216,22,22,ACGTAGTGGACCGGCAACGA,0,554332
araCp,0.043478260869565216,22,22,ACGGTCCTGGAAAGGTCCGT,0,542003
araCp,0.043478260869565216,22,22,ACGCCGAAGTTTGTAACTAG,0,574896
araCp,0.043478260869565216,22,22,ACCTCATTACGCTGCCCTAA,0,526849
araCp,0.043478260869565216,22,22,ACCGTGGGATTTGTCATGTA,0,602574
araCp,0.043478260869565216,22,22,ACCCCGTAATGGACAATTGA,0,546242
araCp,0.043478260869565216,22,22,ACCCACCGCGGAATCTTAGT,0,590086
araCp,0.043478260869565216,22,22,ACATCTGCATATGTGCTCCT,0,553298
araCp,0.043478260869565216,22,22,ACACCCATAATGCGTAAGAG,0,601647
araCp,0.043478260869565216,22,22,ACAATTGCTAGCTTTTCGTT,0,580316
araCp,0.043478260869565216,22,22,ACAAGTGTCAAAAAAAATAT,0,579035
araCp,0.043478260869565216,22,22,ACAAACCGTGATCCGATCAA,0,590756
araCp,0.043478260869565216,22,22,ACAAACCCCGGGAATACAAT,0,590208
araCp,0.043478260869565216,22,22,AATTTCATGAAGACTGACAT,0,593425
araCp,0.043478260869565216,22,22,AATTTAGGTTCTTAGCTATA,0,575888
araCp,0.043478260869565216,22,22,AATTCCTACTAGGGCGGGCA,0,556110
araCp,0.043478260869565216,22,22,AATGAAGTCCAGGTCGTTGC,0,598624
araCp,0.043478260869565216,22,22,AAGTATTATGGACGAGAATG,0,526077
araCp,0.043478260869565216,22,22,AAGTACTTTCCATTCGCCTG,0,578562
araCp,0.043478260869565216,22,22,AAGTAAGCTCAGACAAGACC,0,525793
araCp,0.043478260869565216,22,22,AAGGGGTTATTACCGTACCG,0,602191
araCp,0.043478260869565216,22,22,AAGGACGGGCTCTAATAGTT,0,588083
araCp,0.043478260869565216,22,22,AAGCGCCCGACTCATTTCCA,0,577520
araCp,0.043478260869565216,22,22,AAGCCCCAGTCTCGAGTAGA,0,579005
araCp,0.043478260869565216,22,22,AAGAACGCAGTAGGCGGGTT,0,550303
araCp,0.043478260869565216,22,22,AACGGCAAACTACCGGGCAG,0,549232
araCp,0.043478260869565216,22,22,AACATAGTCAGTGACAGTGA,0,595439
araCp,0.043478260869565216,22,22,AAAGTTCTTGTGAAATCGTT,0,531072
araCp,0.043478260869565216,22,22,AAACTATTGCCTGGGCAATT,0,550733
araCp,0.043478260869565216,22,22,AAAAGGAGTAATGATTCCAA,0,551451
araCp,0.045454545454545456,21,21,TTTTGTGAGGGGGCTGCCGG,0,579354
araCp,0.045454545454545456,21,21,TTTCTCATTTGTAGGACGCA,0,581676
araCp,0.045454545454545456,21,21,TTTCGCGGAGTTACTTACAG,0,602304
araCp,0.045454545454545456,21,21,TTTCCGTGGACTTACCCAGG,0,543729
araCp,0.045454545454545456,21,21,TTTACTCCCTTACAAGGGGT,0,527103
araCp,0.045454545454545456,21,21,TTGCTTAGACCTTCTTATAG,0,566665
araCp,0.045454545454545456,21,21,TTGATATATTTTGAAGTTGG,0,596713
araCp,0.045454545454545456,21,21,TTGACTTTCAAGATTGGGTT,0,578726
araCp,0.045454545454545456,21,21,TTCGGTCTCATGGACTAATT,0,573395
araCp,0.045454545454545456,21,21,TTCATAGAGATAAAAAGATT,0,565513
araCp,0.045454545454545456,21,21,TTCAGGCTCGAGTAGGGGTT,0,603140
araCp,0.045454545454545456,21,21,TTATCAGGGCAGGCGTCAAG,0,600805
araCp,0.045454545454545456,21,21,TTAGTTTCCGGATACCTTAA,0,559324
araCp,0.045454545454545456,21,21,TTAAAGTCAAGGGCGCTCGT,0,539038
araCp,0.045454545454545456,21,21,TGTCGTCCATTAAGAGTTCT,0,601180
araCp,0.045454545454545456,21,21,TGTCCTAGTATGCGGGATAA,0,589556
araCp,0.045454545454545456,21,21,TGTAGGGACCACATAAGGGT,0,564678
araCp,0.045454545454545456,21,21,TGGTCTGTATTCCGGATACG,0,576719
araCp,0.045454545454545456,21,21,TGGGTGAGATCAAGGTGAGT,0,596214
araCp,0.045454545454545456,21,21,TGGACGTACAGAATACTCAG,0,590334
araCp,0.045454545454545456,21,21,TGCGTCATGCACGGCGAGCG,0,542222
araCp,0.045454545454545456,21,21,TGAGGTCACCGTAATGGATA,0,537728
araCp,0.045454545454545456,21,21,TGAGGATATAATCACGATTG,0,598770
araCp,0.045454545454545456,21,21,TGAGAAACCCTCAAAGCGGC,0,550427
araCp,0.045454545454545456,21,21,TGACCACGTTGGCCGGTTGT,0,528533
araCp,0.045454545454545456,21,21,TGAAGTAGAGGTCCCCGGAT,0,579709
araCp,0.045454545454545456,21,21,TCTTCGCCCGGGTTACGTAT,0,534829
araCp,0.045454545454545456,21,21,TCTATGTTTTTTCTGATTCA,0,599667
araCp,0.045454545454545456,21,21,TCGGGCGAGACAGTGAATGC,0,559810
araCp,0.045454545454545456,21,21,TCGGCGATTCATGCTACAGG,0,538496
araCp,0.045454545454545456,21,21,TCGGACGCATGCGAAACTGT,0,546953
araCp,0.045454545454545456,21,21,TCGATTCAATGCGGTGCGAG,0,562168
araCp,0.045454545454545456,21,21,TCCTGGGGTGCACTGCTTCA,0,573824
araCp,0.045454545454545456,21,21,TCCTGCTTTTCGAGACTCGT,0,568584
araCp,0.045454545454545456,21,21,TCCTCCGGTGGGCAATACTG,0,592200
araCp,0.045454545454545456,21,21,TCCCATAGGGTGAATTCTGT,0,537035
araCp,0.045454545454545456,21,21,TCCATGAAGCTTGATTAGTC,0,568749
araCp,0.045454545454545456,21,21,TCAGGAAGCTCAGATCCCAT,0,553063
araCp,0.045454545454545456,21,21,TCAGACGCAGATCTGCGACA,0,536254
araCp,0.045454545454545456,21,21,TCACGACTCTTCGAGTATGT,0,582957
araCp,0.045454545454545456,21,21,TCAACAGGGTTGGGTAAATG,0,595662
araCp,0.045454545454545456,21,21,TATAGTAAAGCCGCCGTTTG,0,568673
araCp,0.045454545454545456,21,21,TATAAAGGATTACGGGTCTA,0,587053
araCp,0.045454545454545456,21,21,TAGGTTGAAGGGATATTCTT,0,533449
araCp,0.045454545454545456,21,21,TACGAGGTGAGACTTAGTCA,0,569383
araCp,0.045454545454545456,21,21,TAATGGACACATAGCTCGCC,0,589395
araCp,0.045454545454545456,21,21,TAATAATGTACGAGTCAGTT,0,580998
araCp,0.045454545454545456,21,21,TAAGGCTAGAACGGATGGTT,0,565509
araCp,0.045454545454545456,21,21,TAAATGCGTCATGAGGGCGA,0,594760
araCp,0.045454545454545456,21,21,GTTTTCTAGTGCCCCGGTCT,0,548887
araCp,0.045454545454545456,21,21,GTTTGTAAGTCATGTATCAC,0,570920
araCp,0.045454545454545456,21,21,GTGTCTGACGAATGACTTCT,0,533343
araCp,0.045454545454545456,21,21,GTGTACGCGCATTGCACGGA,0,542669
araCp,0.045454545454545456,21,21,GTGGTTAGAATGCGAAGCTT,0,558922
araCp,0.045454545454545456,21,21,GTGCTCATGATTAGACCAAA,0,600438
araCp,0.045454545454545456,21,21,GTGATTCTTGCACTATTGAA,0,569145
araCp,0.045454545454545456,21,21,GTGACCGGCGGAAGCATGGA,0,571835
araCp,0.045454545454545456,21,21,GTCTTAGTAAAAGTGGATTT,0,556784
araCp,0.045454545454545456,21,21,GTCGCACTGTCTCCGCTAAG,0,537762
araCp,0.045454545454545456,21,21,GTCGAGGCAACGTTCGGTGT,0,535456
araCp,0.045454545454545456,21,21,GTCCTACGGTCGGACACAGA,0,547652
araCp,0.045454545454545456,21,21,GTCCAGAGACCACCGGATGT,0,587128
araCp,0.045454545454545456,21,21,GTCCAATTGAGCCATTTACG,0,598100
araCp,0.045454545454545456,21,21,GTATGAGTAGTGGCAAGACT,0,581157
araCp,0.045454545454545456,21,21,GTACATACCCTGAAGAAGTG,0,583497
araCp,0.045454545454545456,21,21,GGTTGCATAAGCTGGTTTAT,0,548346
araCp,0.045454545454545456,21,21,GGTTAAGCTCGGGTGGTGAT,0,590403
araCp,0.045454545454545456,21,21,GGTGTCGCCGAATGCGCTCT,0,573117
araCp,0.045454545454545456,21,21,GGTGGTAAACTGGACCTTAA,0,580146
araCp,0.045454545454545456,21,21,GGTCGCGAGCAATTTTCGGG,0,580225
araCp,0.045454545454545456,21,21,GGGTGGCCATTTTCGTCGCC,0,531644
araCp,0.045454545454545456,21,21,GGGGTAAGCCAGTGAGGAGA,0,575016
araCp,0.045454545454545456,21,21,GGGGAAACGATTATCGCGTT,0,571305
araCp,0.045454545454545456,21,21,GGGAGGTGAACGATCGAGAG,0,572694
araCp,0.045454545454545456,21,21,GGCAACAACACACCGGCTAG,0,600057
araCp,0.045454545454545456,21,21,GGAATTTCGGCCGAGCTTAG,0,594232
araCp,0.045454545454545456,21,21,GGAAGAGCATGAGCTTTGTG,0,576574
araCp,0.045454545454545456,21,21,GCTTTTCCTACGCTACGTTA,0,558543
araCp,0.045454545454545456,21,21,GCTTAGAGCAAATACTACAA,0,575044
araCp,0.045454545454545456,21,21,GCTGTAGGCCTAGGCTATTT,0,557752
araCp,0.045454545454545456,21,21,GCTCCAGACGGACCGCAGGT,0,553329
araCp,0.045454545454545456,21,21,GCTACCATGTATAGCTAGTA,0,584898
araCp,0.045454545454545456,21,21,GCGTTTTAGAGTAACTATTA,0,597243
araCp,0.045454545454545456,21,21,GCGAGGGGACGTTATACCCC,0,587427
araCp,0.045454545454545456,21,21,GCGAATCGAGGTCATACCGT,0,577089
araCp,0.045454545454545456,21,21,GCCGTCAGCTAGAGGTTTCG,0,540689
araCp,0.045454545454545456,21,21,GCCGGGGGTGACGCACAACG,0,543201
araCp,0.045454545454545456,21,21,GCCGGCATGCCATAAGGAAA,0,596264
araCp,0.045454545454545456,21,21,GCCGCCCTCTATGCGTTACA,0,598938
araCp,0.045454545454545456,21,21,GCCATCTTCGTAAGCCAGTC,0,533568
araCp,0.045454545454545456,21,21,GCATTTCGGTCTGAGGCATG,0,589751
araCp,0.045454545454545456,21,21,GCAGTGCCGCAGGTTGAGGC,0,597241
araCp,0.045454545454545456,21,21,GCAGGCACAGTGGGCGATCG,0,576931
araCp,0.045454545454545456,21,21,GCAGAGGAATCTGACGGTGG,0,547727
araCp,0.045454545454545456,21,21,GCACCTATCGGTCCAAGAAC,0,594896
araCp,0.045454545454545456,21,21,GCAATTCACGACTGAGCCAG,0,542733
araCp,0.045454545454545456,21,21,GATGGGGCAAGCACCTGGGG,0,541007
araCp,0.045454545454545456,21,21,GATCTTAGCGACTATATGGT,0,548418
araCp,0.045454545454545456,21,21,GAGTTTGAAGAGCACCCGTC,0,538359
araCp,0.045454545454545456,21,21,GAGTGCCAAGTGTCATGTTC,0,569495
araCp,0.045454545454545456,21,21,GAGCTCCCTCTGATTGGAGC,0,557714
araCp,0.045454545454545456,21,21,GAGCAGTTTCATGTGAGCTG,0,560623
araCp,0.045454545454545456,21,21,GAGACGATAGCTAATAGCCT,0,573715
araCp,0.045454545454545456,21,21,GACTCGCACTAATAGAACTT,0,590622
araCp,0.045454545454545456,21,21,GACTCACGTACGACAACCTC,0,579538
araCp,0.045454545454545456,21,21,GACTAAAGAAAAGTAAACCT,0,573232
araCp,0.045454545454545456,21,21,GAATTTCCCAGGGCGCCTAT,0,588240
araCp,0.045454545454545456,21,21,GAATGTTATCGGCACCATGG,0,544830
araCp,0.045454545454545456,21,21,GAATGAGCGTCTAGGTAGCT,0,542494
araCp,0.045454545454545456,21,21,GAAGCTATTGATCCAAATTG,0,535144
araCp,0.045454545454545456,21,21,GAACACAAGTATCTGTGGGG,0,528307
araCp,0.045454545454545456,21,21,CTTCCTGTCGAATTCAGGAA,0,596884
araCp,0.045454545454545456,21,21,CTTAGGAAATGTAGGTCTAC,0,551187
araCp,0.045454545454545456,21,21,CTTAATATTGATACACTGCC,0,580573
araCp,0.045454545454545456,21,21,CTGTTTAGGTGCAATCCGCC,0,538252
araCp,0.045454545454545456,21,21,CTGGTTGCCGTTGGATTCGG,0,545182
araCp,0.045454545454545456,21,21,CTGGTGTTCCGCACTGCGAG,0,598128
araCp,0.045454545454545456,21,21,CTGCGCCCACTAATCATCGG,0,552399
araCp,0.045454545454545456,21,21,CTGAGTGTTCAATTAATAGT,0,594341
araCp,0.045454545454545456,21,21,CTCTTAAGCCATGCGAGTCC,0,578309
araCp,0.045454545454545456,21,21,CTCGGAAACTATTCGAGCTG,0,580369
araCp,0.045454545454545456,21,21,CTCCGCGGGTGTTTATATAT,0,551130
araCp,0.045454545454545456,21,21,CTCCAGTTTCTCAACAGCTA,0,570570
araCp,0.045454545454545456,21,21,CTATCGCTATTCGCACGTGG,0,591162
araCp,0.045454545454545456,21,21,CTAGACGGCAATTCGGTACT,0,539846
araCp,0.045454545454545456,21,21,CGTTACGTGTAGCCTTTCGC,0,530143
araCp,0.045454545454545456,21,21,CGTGTAGAATACCACACCAG,0,586869
araCp,0.045454545454545456,21,21,CGTCTTCCGGCCGTATTAGC,0,594062
araCp,0.045454545454545456,21,21,CGTCGAGGTGTGGATTTAGT,0,593661
araCp,0.045454545454545456,21,21,CGGTGATTAGGCAAAGGTTA,0,591402
araCp,0.045454545454545456,21,21,CGGCCCTCAAATCTGTTGAT,0,560741
araCp,0.045454545454545456,21,21,CGGAGTTGCACCCGTCCCGG,0,571166
araCp,0.045454545454545456,21,21,CGGAATTAACAGTTTGCCAG,0,536502
araCp,0.045454545454545456,21,21,CGCTAGGGTAGCTTCAGGTT,0,584402
araCp,0.045454545454545456,21,21,CGCTAAGACCCCGACCGGCT,0,536792
araCp,0.045454545454545456,21,21,CGCCTAGTTCGCGCGGTTTA,0,559674
araCp,0.045454545454545456,21,21,CGCACAAGTAAGATAAGACC,0,552611
araCp,0.045454545454545456,21,21,CGATAGATTCGAGTCGCCTG,0,549596
araCp,0.045454545454545456,21,21,CGAGTCTAAACAACGGTAGC,0,586193
araCp,0.045454545454545456,21,21,CGAAATGACCAAGATGATGA,0,538244
araCp,0.045454545454545456,21,21,CCTTCTCACTATCTCTGGTG,0,592325
araCp,0.045454545454545456,21,21,CCTGTAACTCACCCAGGGCT,0,558806
araCp,0.045454545454545456,21,21,CCTATGCCATAGCCGTCTTC,0,554536
araCp,0.045454545454545456,21,21,CCGTCGAACAGAGTAAGCAT,0,549648
araCp,0.045454545454545456,21,21,CCGGTAGCTCAGACAAACTT,0,586079
araCp,0.045454545454545456,21,21,CCGGACGCGCCAGGGGGGCC,0,544462
araCp,0.045454545454545456,21,21,CCGCACACTCATCCTGGCGG,0,584072
araCp,0.045454545454545456,21,21,CCGAGTTAAATGATGACGGG,0,580640
araCp,0.045454545454545456,21,21,CCATAAATGGTGAGTCCGTC,0,533578
araCp,0.045454545454545456,21,21,CCAGTATCATTTCACGCGTT,0,571834
araCp,0.045454545454545456,21,21,CCACCATAGGCCGCCTTTAC,0,530735
araCp,0.045454545454545456,21,21,CCACATTTGGGAAATCAAAC,0,552306
araCp,0.045454545454545456,21,21,CATGCAAACACCAACCCTCA,0,587107
araCp,0.045454545454545456,21,21,CATATTTGTTTTGTTGCTAC,0,542329
araCp,0.045454545454545456,21,21,CATATACATCGTCGTTCACG,0,530156
araCp,0.045454545454545456,21,21,CAGTTCACCCTTCCCCGCTC,0,595151
araCp,0.045454545454545456,21,21,CAGTGGTGTTAGCGGGGCAA,0,553788
araCp,0.045454545454545456,21,21,CAGGTACGTACTTGCTTCGT,0,555498
araCp,0.045454545454545456,21,21,CAGCAACTCGCCCCTTGACG,0,581235
araCp,0.045454545454545456,21,21,CACTGGAGTGCACTCTTCTT,0,531838
araCp,0.045454545454545456,21,21,CACGTCTAGTAGCATAAGCG,0,596396
araCp,0.045454545454545456,21,21,CACGTCAAGCCATATAGTTA,0,562837
araCp,0.045454545454545456,21,21,CAACGTCTATCTTGACGGCA,0,579589
araCp,0.045454545454545456,21,21,CAAACATTGGACTGAGTTAA,0,566810
araCp,0.045454545454545456,21,21,CAAAAAATAGGGCTATAGGT,0,593203
araCp,0.045454545454545456,21,21,ATTGCGTTCGCAGTTAGTTC,0,573324
araCp,0.045454545454545456,21,21,ATTGCGCTTACGGTGTTGCA,0,568732
araCp,0.045454545454545456,21,21,ATTGATTGCCACCGCCCATA,0,537341
araCp,0.045454545454545456,21,21,ATTGATCATGTAAGAAAGGT,0,560004
araCp,0.045454545454545456,21,21,ATTGAAAAATATGAGACTCG,0,546779
araCp,0.045454545454545456,21,21,ATTCTAATCCCCCAACGCTA,0,533812
araCp,0.045454545454545456,21,21,ATGTTAGAGACGGTAAAGGT,0,599488
araCp,0.045454545454545456,21,21,ATGTAGACCCAGGGCCGCTC,0,557870
araCp,0.045454545454545456,21,21,ATGGGCTAAGGGGGTAATTG,0,553990
araCp,0.045454545454545456,21,21,ATGCTGGTGACCGGAGAATA,0,589862
araCp,0.045454545454545456,21,21,ATGCGTCGAGGAATGACCGA,0,569963
araCp,0.045454545454545456,21,21,ATGCCTTAAATATCAAGGTA,0,572115
araCp,0.045454545454545456,21,21,ATGCATTTAGACCTTTCTCT,0,531746
araCp,0.045454545454545456,21,21,ATGATTATCTTTATGAGGCA,0,533644
araCp,0.045454545454545456,21,21,ATGAGGCTGCCCGCGAAAGG,0,529680
araCp,0.045454545454545456,21,21,ATCTTGATGCAAAACTGGTA,0,528878
araCp,0.045454545454545456,21,21,ATCGAGGTGAATCGCACAGC,0,539535
araCp,0.045454545454545456,21,21,ATCCAACGGCCGGGTGTATA,0,574687
araCp,0.045454545454545456,21,21,ATATGGCTCTCCTATGACCA,0,541881
araCp,0.045454545454545456,21,21,ATATCCCCAGGGAGTCTCCA,0,560654
araCp,0.045454545454545456,21,21,ATATACAGTCTGTGTACGAA,0,595805
araCp,0.045454545454545456,21,21,ATACTTGGCCTGATCCAAGC,0,569684
araCp,0.045454545454545456,21,21,ATAACATGGTTCTCCTTGAT,0,591644
araCp,0.045454545454545456,21,21,AGTTGCCGTGGGTGCAACGC,0,589981
araCp,0.045454545454545456,21,21,AGTCTGGAACTTGCCTGCAG,0,552703
araCp,0.045454545454545456,21,21,AGTCGATGGGGTACACAGTA,0,544220
araCp,0.045454545454545456,21,21,AGTAGTTTCTTAGTGGTAGA,0,590122
araCp,0.045454545454545456,21,21,AGGGTATTTCAATGCCGTGC,0,585821
araCp,0.045454545454545456,21,21,AGGCTCGTGCGGATTGAACG,0,580054
araCp,0.045454545454545456,21,21,AGGATAAATGAACGGTATGG,0,561275
araCp,0.045454545454545456,21,21,AGGAGTCCTGAGGTTAGCAT,0,551878
araCp,0.045454545454545456,21,21,AGCTTCATGTGCGGAGGGGG,0,553651
araCp,0.045454545454545456,21,21,AGCTCCCATTCTATACCCAT,0,587969
araCp,0.045454545454545456,21,21,AGCCCCGGCTAAATAATATA,0,541008
araCp,0.045454545454545456,21,21,AGCATGATGGGAACAAAGGT,0,595350
araCp,0.045454545454545456,21,21,AGCAACTCCCACGCGGACAA,0,558105
araCp,0.045454545454545456,21,21,AGACAGGGAAGGGCACCAGT,0,598281
araCp,0.045454545454545456,21,21,ACTTTAATAACGCGATGACT,0,546246
araCp,0.045454545454545456,21,21,ACTCGGGGTGTCAGCAGTGT,0,552035
araCp,0.045454545454545456,21,21,ACTCCTCTGCTCCCGACGGT,0,527981
araCp,0.045454545454545456,21,21,ACGTTGGTTGTCCCCCACTC,0,587667
araCp,0.045454545454545456,21,21,ACGGCCAATGTTATTGGTCA,0,590837
araCp,0.045454545454545456,21,21,ACGGCATAGGGTAAGGGTGT,0,563904
araCp,0.045454545454545456,21,21,ACGCGTGCGCCCGAGTTAAT,0,572171
araCp,0.045454545454545456,21,21,ACGCGGTTATCGTTATCGAT,0,601377
araCp,0.045454545454545456,21,21,ACGATTCTCCTCGGCCAGTC,0,575869
araCp,0.045454545454545456,21,21,ACGACTCCATAGGTCCGTTA,0,563072
araCp,0.045454545454545456,21,21,ACCTCCGGTTATTTATCCCC,0,598040
araCp,0.045454545454545456,21,21,ACATGGGGTCAGTTGTAGCG,0,550686
araCp,0.045454545454545456,21,21,ACATGGATTTGATGCAGCAA,0,537204
araCp,0.045454545454545456,21,21,ACAGCATTTTACTGCCCGTA,0,596215
araCp,0.045454545454545456,21,21,ACACCGTATTTCTTCCTCAC,0,565754
araCp,0.045454545454545456,21,21,AATTTCCAGCCCAGTCGTTC,0,591455
araCp,0.045454545454545456,21,21,AATTAAGTACTAGCGCGACG,0,586635
araCp,0.045454545454545456,21,21,AATCCGGACATCCTATGGCA,0,555702
araCp,0.045454545454545456,21,21,AATCCGATACAAAGAGGATT,0,539031
araCp,0.045454545454545456,21,21,AATCACGTCCCGGGGCGCGA,0,596054
araCp,0.045454545454545456,21,21,AAGTACGCACTGTAACATTA,0,581110
araCp,0.045454545454545456,21,21,AAGATGCGGCCGCAACGAGC,0,587977
araCp,0.045454545454545456,21,21,AACTCTACATGGTGGTGATC,0,560983
araCp,0.045454545454545456,21,21,AACTAAGGGTATTTGCGGAA,0,564977
araCp,0.045454545454545456,21,21,AACGTTTTTTGTTCCTACGC,0,554108
araCp,0.045454545454545456,21,21,AACGGATAATTGCGTGGACT,0,545894
araCp,0.045454545454545456,21,21,AACCTCCTTTCAATGGCAAC,0,551496
araCp,0.045454545454545456,21,21,AACCTCCCCTGCGAATAACA,0,567829
araCp,0.045454545454545456,21,21,AACCGCTCCTGGAAGCGTTT,0,550815
araCp,0.045454545454545456,21,21,AACAGACCGTGAATAGTGTC,0,580415
araCp,0.045454545454545456,21,21,AAAGGGGGATTGATGCCTCG,0,588316
araCp,0.045454545454545456,21,21,AAACCGATTCATAGAAGACT,0,558224
araCp,0.047619047619047616,20,20,TTTTAATTTCGGTCCATTAA,0,529966
araCp,0.047619047619047616,20,20,TTTATTGCGTCCGCATTACT,0,568346
araCp,0.047619047619047616,20,20,TTTACTGCTCGTCTTTATAC,0,549879
araCp,0.047619047619047616,20,20,TTTAAGAAGTGTCACATCAG,0,584622
araCp,0.047619047619047616,20,20,TTCTCGGGTCGGTAAAGCAA,0,550520
araCp,0.047619047619047616,20,20,TTCGAGACTTACAGAGGCAG,0,602031
araCp,0.047619047619047616,20,20,TTCCGTTTCGACTAAAACTT,0,565994
araCp,0.047619047619047616,20,20,TTCAGGCTAGATATACGCAT,0,554360
araCp,0.047619047619047616,20,20,TTATGTTGCTACCCCACAGT,0,581674
araCp,0.047619047619047616,20,20,TTAGTATCAATCCCCAACGA,0,549286
araCp,0.047619047619047616,20,20,TTAGCATGGTAGTGCTGTCC,0,570886
araCp,0.047619047619047616,20,20,TTACCGTGTTGAAAGTTCTA,0,571197
araCp,0.047619047619047616,20,20,TTAACCAGCCTAATCCGTAG,0,581734
araCp,0.047619047619047616,20,20,TGTGTATCGAACTTTAGGTA,0,597626
araCp,0.047619047619047616,20,20,TGTGAGACGGCGAATCGGAA,0,601268
araCp,0.047619047619047616,20,20,TGTGAAGGTTAAGGGACAAT,0,543966
araCp,0.047619047619047616,20,20,TGTCGCATTTCTAAGCGTTC,0,526027
araCp,0.047619047619047616,20,20,TGTAGTAAATTGGTTTGCAT,0,552105
araCp,0.047619047619047616,20,20,TGTACCAGGTCAGCTGTGGT,0,552097
araCp,0.047619047619047616,20,20,TGGTAACAGACTACACCCAA,0,565443
araCp,0.047619047619047616,20,20,TGGCAGATCTCGGAGCAATC,0,548814
araCp,0.047619047619047616,20,20,TGCTGTAGCAAGTTGCCGCG,0,577079
araCp,0.047619047619047616,20,20,TGCTCGGGGTGTCTTCCGTA,0,581007
araCp,0.047619047619047616,20,20,TGCCATAGAACTTTGAATCA,0,556466
araCp,0.047619047619047616,20,20,TGATGGGTTACACAATCAAC,0,561893
araCp,0.047619047619047616,20,20,TGATCTGTAGTTTATCGACC,0,538730
araCp,0.047619047619047616,20,20,TGATCTGGTACCCAACCGCA,0,597441
araCp,0.047619047619047616,20,20,TGAGTCAGTGTATCCTCGGT,0,552626
araCp,0.047619047619047616,20,20,TGAGGGAGCACCATAACTGA,0,594681
araCp,0.047619047619047616,20,20,TGAACAGCTCAGGAAAGTTG,0,588762
araCp,0.047619047619047616,20,20,TCTCTCAGTAAGCCAATAAA,0,527741
araCp,0.047619047619047616,20,20,TCTCCTTAGCGAGTACTTTT,0,569007
araCp,0.047619047619047616,20,20,TCTAGTAGTACAGCCTAATG,0,593958
araCp,0.047619047619047616,20,20,TCGTTAAGGGTACAGATGTA,0,528721
araCp,0.047619047619047616,20,20,TCGTGCATAGGGGAACTCGA,0,597741
araCp,0.047619047619047616,20,20,TCGCGTTCTCTGGTTAAATG,0,560881
araCp,0.047619047619047616,20,20,TCCTAAGTCTTGGACAACAA,0,573683
araCp,0.047619047619047616,20,20,TCCGGCTTTGGCATCATCGT,0,568223
araCp,0.047619047619047616,20,20,TCCGACAAATAAGGGTCCTA,0,558793
araCp,0.047619047619047616,20,20,TCCCGGCGTTCGTTCAGTGT,0,599614
araCp,0.047619047619047616,20,20,TCATTTTTAGTGCTGTCCTC,0,536068
araCp,0.047619047619047616,20,20,TCATCTCGTTAAAACATAGC,0,546543
araCp,0.047619047619047616,20,20,TCATACGGAATTTGGAACTT,0,552457
araCp,0.047619047619047616,20,20,TCAGTCTACGCGCGTAATGG,0,530842
araCp,0.047619047619047616,20,20,TCAGAGACTCGAACCGGCCG,0,588969
araCp,0.047619047619047616,20,20,TCACTTTTAGGATCTCACGT,0,600883
araCp,0.047619047619047616,20,20,TATGATCGGCACATAAACGT,0,594263
araCp,0.047619047619047616,20,20,TATGAACGCTCGACCGAATC,0,555485
araCp,0.047619047619047616,20,20,TATCCGATACGTCTCGTCAT,0,569428
araCp,0.047619047619047616,20,20,TAGGTCCTAAACGAGCACAC,0,586585
araCp,0.047619047619047616,20,20,TAGCTCGATGCGGACGCTTC,0,568851
araCp,0.047619047619047616,20,20,TAGCGCCTAGCGTTGGATCA,0,563305
araCp,0.047619047619047616,20,20,TAGAATGTTCAGGCTCCGTC,0,554239
araCp,0.047619047619047616,20,20,TACGGCCTTAAAATCTCACA,0,562163
araCp,0.047619047619047616,20,20,TACGAATGGTGGCTAGCTTG,0,537856
araCp,0.047619047619047616,20,20,TACATTTAAAGGAGCCCACC,0,571000
araCp,0.047619047619047616,20,20,TACATGGTCGGGGGCTAGGG,0,558984
araCp,0.047619047619047616,20,20,TACATCGCTGTAATCGGAAC,0,591161
araCp,0.047619047619047616,20,20,TACAGGCCCAGAGGTAGGTT,0,567609
araCp,0.047619047619047616,20,20,TAAGCCCATCGCATAGTCCC,0,556112
araCp,0.047619047619047616,20,20,TAACTCGAAGGCTCGACGAA,0,573296
araCp,0.047619047619047616,20,20,TAACATGGATGTGAATCCTA,0,551265
araCp,0.047619047619047616,20,20,GTTTTCTAACGGCGGTGGTC,0,539436
araCp,0.047619047619047616,20,20,GTTTGCCGAAATCGACATAC,0,549606
araCp,0.047619047619047616,20,20,GTTTAAGTCCAGGGAAGAGT,0,547605
araCp,0.047619047619047616,20,20,GTTAAATCAGCATGTCTGCA,0,601110
araCp,0.047619047619047616,20,20,GTGATCCATCTGATTCCATA,0,540536
araCp,0.047619047619047616,20,20,GTGAATATAAGAATGTGATC,0,559202
araCp,0.047619047619047616,20,20,GTCTATTAGTCGCTCCCAGT,0,587724
araCp,0.047619047619047616,20,20,GTCCTGTACGCCGTCGGTAG,0,598390
araCp,0.047619047619047616,20,20,GTCCCTTGCCGGAACGCACG,0,560051
araCp,0.047619047619047616,20,20,GTCCAACCGGAGCATAGGGT,0,589068
araCp,0.047619047619047616,20,20,GTATTGACTACGTGACCCAC,0,560914
araCp,0.047619047619047616,20,20,GTATGCGGTTTCAGCCAGGA,0,555316
araCp,0.047619047619047616,20,20,GTATAGTTATTTCTTGCAGT,0,586394
araCp,0.047619047619047616,20,20,GTAGACTCGTTGGGCTGCAA,0,549375
araCp,0.047619047619047616,20,20,GGTGGGCGTGGTTGTCCCGT,0,601123
araCp,0.047619047619047616,20,20,GGTAATCAGGACGAGACCTG,0,577766
araCp,0.047619047619047616,20,20,GGGTAGCACAGATTCACATA,0,581736
araCp,0.047619047619047616,20,20,GGGGTCTGGGCTTAGGGCGT,0,551694
araCp,0.047619047619047616,20,20,GGGGGGCAAAGCGGAGTCTA,0,556359
araCp,0.047619047619047616,20,20,GGGGATGGGGACGGACTCCT,0,571824
araCp,0.047619047619047616,20,20,GGGCGTGCAGGCGTTTGTTC,0,590964
araCp,0.047619047619047616,20,20,GGGAAAATCTTAGCTCGGTT,0,582731
araCp,0.047619047619047616,20,20,GGCGTGTCGCGCCGCCAGGG,0,556542
araCp,0.047619047619047616,20,20,GGCGACACTGTCGGTCTGCA,0,539651
araCp,0.047619047619047616,20,20,GGCCTACGGCCAGCCATTTC,0,581494
araCp,0.047619047619047616,20,20,GGCCGACAGTGAGGCGGGAT,0,600286
araCp,0.047619047619047616,20,20,GGCCACTCTCGGGAGGGGAG,0,543007
araCp,0.047619047619047616,20,20,GGCATAATAATACGAGGTTT,0,564860
araCp,0.047619047619047616,20,20,GGCAGGTCTCGGGGTCGCCA,0,540179
araCp,0.047619047619047616,20,20,GGCAAGACATCACCCACAAT,0,579026
araCp,0.047619047619047616,20,20,GGCAACTCATGGGATCTGCA,0,575217
araCp,0.047619047619047616,20,20,GGATACAGAATGAAAGAGTT,0,538689
araCp,0.047619047619047616,20,20,GGATAACTTGGGAAACCAAG,0,546427
araCp,0.047619047619047616,20,20,GGAGTTACCTTAGAGGCAGA,0,531017
araCp,0.047619047619047616,20,20,GGACCGCTATATGTGCCCGC,0,580576
araCp,0.047619047619047616,20,20,GGACCCCCACTCCCAAAACA,0,531628
araCp,0.047619047619047616,20,20,GGACACAGGTATCGATTAAG,0,595841
araCp,0.047619047619047616,20,20,GGAAGCATGAACTCAATCGT,0,553238
araCp,0.047619047619047616,20,20,GGAAAGTCAGCTATGGCCCC,0,581269
araCp,0.047619047619047616,20,20,GCTTATGTGTTCCGCTGTTG,0,554003
araCp,0.047619047619047616,20,20,GCGTCACTTCGTGAAGCTCA,0,529412
araCp,0.047619047619047616,20,20,GCCTGTCATTTTAGGTTCGG,0,540336
araCp,0.047619047619047616,20,20,GCCTACATTGAGGGTCGTGA,0,552620
araCp,0.047619047619047616,20,20,GCCGTTTCAGTAATTGTCAA,0,583689
araCp,0.047619047619047616,20,20,GCCGCACGTCGGTTATGCAT,0,554936
araCp,0.047619047619047616,20,20,GCCCCGAAAGGTAATGGGGG,0,527309
araCp,0.047619047619047616,20,20,GCCATATAACTGTGGAGATG,0,550020
araCp,0.047619047619047616,20,20,GCAGTTATTGAGGTTGCCTT,0,556289
araCp,0.047619047619047616,20,20,GCACTTCGCACGACGAAGCT,0,535780
araCp,0.047619047619047616,20,20,GCACAGCAGACTTGTTCGTT,0,541684
araCp,0.047619047619047616,20,20,GCAATCAGGCCATGCCACAT,0,593087
araCp,0.047619047619047616,20,20,GATTATCCCCTATTCTGTTC,0,565116
araCp,0.047619047619047616,20,20,GATGGCGGGTCGGGACACAG,0,602156
araCp,0.047619047619047616,20,20,GATCTCGGGTCAGGCCGTAG,0,576538
araCp,0.047619047619047616,20,20,GATAAAGAGTTCACCCAGTC,0,576302
araCp,0.047619047619047616,20,20,GAGTCTTACCAATTTGCCGC,0,529677
araCp,0.047619047619047616,20,20,GAGTCGCAGTTACACGGGGA,0,578648
araCp,0.047619047619047616,20,20,GAGGTAGACTCCATTTGTAC,0,526420
araCp,0.047619047619047616,20,20,GAGGCTCCTTTCGTGCACTT,0,527797
araCp,0.047619047619047616,20,20,GAGCTATCGCACTGCTAACA,0,598762
araCp,0.047619047619047616,20,20,GAGCAGCCCCGACGCATCTC,0,543799
araCp,0.047619047619047616,20,20,GAGAGTAACCTCGCGGGTCG,0,557033
araCp,0.047619047619047616,20,20,GACGTCGGGAGGCATCCAAC,0,526988
araCp,0.047619047619047616,20,20,GACGACAGGTAGATCTTAAT,0,587908
araCp,0.047619047619047616,20,20,GAATCTGTTACGTAAGTGCT,0,585381
araCp,0.047619047619047616,20,20,GAATAGTTATCGGCGACCGA,0,529800
araCp,0.047619047619047616,20,20,GAATAGGATACGTTGGGTGC,0,532122
araCp,0.047619047619047616,20,20,GAACTCTGAAGTTAAGCGCA,0,569500
araCp,0.047619047619047616,20,20,GAAAACAGAACTTGTCTTTT,0,589155
araCp,0.047619047619047616,20,20,CTTGCTGCATCGGGGTCTAT,0,530260
araCp,0.047619047619047616,20,20,CTTGACGTATTTATTGTGCA,0,530407
araCp,0.047619047619047616,20,20,CTTCCACTTCGGTTCCAGCT,0,578147
araCp,0.047619047619047616,20,20,CTTATATGTGGCCTAAGAAA,0,578082
araCp,0.047619047619047616,20,20,CTTAGACGCAGGGTGCGCGC,0,597996
araCp,0.047619047619047616,20,20,CTTACTTGACATGTATGGCT,0,603109
araCp,0.047619047619047616,20,20,CTGTTGATCAAGTGAGAGTA,0,596520
araCp,0.047619047619047616,20,20,CTGTTCCGACTCCTGTGTAT,0,593914
araCp,0.047619047619047616,20,20,CTGGGGTGTGAACGAGATGA,0,597975
araCp,0.047619047619047616,20,20,CTGGCACTAGCTGCCCGTCA,0,595143
araCp,0.047619047619047616,20,20,CTGCTAGCAAGAATTGGTTT,0,549450
araCp,0.047619047619047616,20,20,CTGCGATCTACTTACCCAGA,0,556342
araCp,0.047619047619047616,20,20,CTGAGATAGCTAGTGCATCT,0,544095
araCp,0.047619047619047616,20,20,CTCTTGCTTTAGAAGACGCG,0,597869
araCp,0.047619047619047616,20,20,CTCATTCCCCTGAAGGTACT,0,578868
araCp,0.047619047619047616,20,20,CTCATGCCGCATGGGCGGTC,0,560449
araCp,0.047619047619047616,20,20,CTATTGCTGCGTGTAGTCAG,0,602458
araCp,0.047619047619047616,20,20,CTATGATCTAGATTAAAGGT,0,591747
araCp,0.047619047619047616,20,20,CTATCACGCGCAATTCATCT,0,526036
araCp,0.047619047619047616,20,20,CTAGCTCGGGGTCGTGTGGT,0,526059
araCp,0.047619047619047616,20,20,CTACGGCCACCTGCTAAGTA,0,553285
araCp,0.047619047619047616,20,20,CTACGAGCCCGAGCTGACGG,0,589990
araCp,0.047619047619047616,20,20,CTAATATTGAAACTCTTAAA,0,588537
araCp,0.047619047619047616,20,20,CTAAAATGGCCATAATGCAG,0,560979
araCp,0.047619047619047616,20,20,CGTTTGAACCCACTGATGAA,0,591305
araCp,0.047619047619047616,20,20,CGTCCCGTTTCTTTTATGCA,0,569341
araCp,0.047619047619047616,20,20,CGGTGCTACTAACCACGTGC,0,554093
araCp,0.047619047619047616,20,20,CGGTCGACGGGTCCTTGATT,0,575764
araCp,0.047619047619047616,20,20,CGGGTCCCCGCACGAGTGTC,0,593235
araCp,0.047619047619047616,20,20,CGGGCCGAGGAGGATGAATG,0,560632
araCp,0.047619047619047616,20,20,CGGCAGTTTACGCCTATTCT,0,583985
araCp,0.047619047619047616,20,20,CGCGCTGCTAAGGTGTGATT,0,547790
araCp,0.047619047619047616,20,20,CGCATGTAATCAGGCTCAAC,0,590134
araCp,0.047619047619047616,20,20,CGCACATGTGCGGGAAGAAT,0,594415
araCp,0.047619047619047616,20,20,CGCAATCCATCGTTAGAGAC,0,586552
araCp,0.047619047619047616,20,20,CGATACGGATCTTTGTCGGC,0,575941
araCp,0.047619047619047616,20,20,CGAGGAGTGGGCCCTTCCGC,0,549478
araCp,0.047619047619047616,20,20,CGACCTTTAGGCGGTAATTG,0,548156
araCp,0.047619047619047616,20,20,CGAATATATGAGACTCGGCA,0,561344
araCp,0.047619047619047616,20,20,CCTGTCAGCTCTCTCGTGGC,0,532049
araCp,0.047619047619047616,20,20,CCTGGTCTCGCTATGCAAGG,0,592260
araCp,0.047619047619047616,20,20,CCTGCTTTCAAAGCTGCACA,0,595331
araCp,0.047619047619047616,20,20,CCTGACATGTCAATAACGTT,0,594280
araCp,0.047619047619047616,20,20,CCTCGGGTCCCCAAGCACGG,0,550514
araCp,0.047619047619047616,20,20,CCTCGCATGAAGCAGTTTGT,0,575005
araCp,0.047619047619047616,20,20,CCTCCAGTTTATCTCGACAT,0,568377
araCp,0.047619047619047616,20,20,CCGTGTGCCGAGATTTGTGC,0,579474
araCp,0.047619047619047616,20,20,CCGTCAGGTAGTGGGTGTGA,0,556476
araCp,0.047619047619047616,20,20,CCGGGGCTGCGCTGAATCGA,0,596220
araCp,0.047619047619047616,20,20,CCCTGGAGCATGAAGCGCGG,0,575562
araCp,0.047619047619047616,20,20,CCCGGGATTGACGGATTCGG,0,567611
araCp,0.047619047619047616,20,20,CCCGAAGGCTGTTCCCAAAA,0,592636
araCp,0.047619047619047616,20,20,CCCCCCAATAATGTGTGCTT,0,578539
araCp,0.047619047619047616,20,20,CCCAAGAGCGTCGTTCGTAT,0,540883
araCp,0.047619047619047616,20,20,CCATCTTGGATCCGTCGAGC,0,571108
araCp,0.047619047619047616,20,20,CCATCTCAGCAGAGAGCGTC,0,537478
araCp,0.047619047619047616,20,20,CCAGGGATTCAGCTTAGCAA,0,577642
araCp,0.047619047619047616,20,20,CCAGCACTAGATCCCAGCGG,0,593485
araCp,0.047619047619047616,20,20,CCACGAGAGTTCTACTGAAG,0,588648
araCp,0.047619047619047616,20,20,CCAAGTTAAACCGAGAGAAA,0,544999
araCp,0.047619047619047616,20,20,CCAACGCTCCGCGCTTGTTT,0,565118
araCp,0.047619047619047616,20,20,CATGTGGCCTTCTACGGCTA,0,570758
araCp,0.047619047619047616,20,20,CATGCCCCCCGGCTCTGGTA,0,554151
araCp,0.047619047619047616,20,20,CATCACTACGGCCTCAAGAG,0,551522
araCp,0.047619047619047616,20,20,CATATGCGGAATTGCCTGTA,0,590733
araCp,0.047619047619047616,20,20,CATACTGCGCATAGACGTGT,0,540231
araCp,0.047619047619047616,20,20,CATAAGGTGGAAGTTGAGCG,0,602775
araCp,0.047619047619047616,20,20,CAGGGTGCATCATATTAGTA,0,534924
araCp,0.047619047619047616,20,20,CAGATCCAAAGTGGCCGGTA,0,584042
araCp,0.047619047619047616,20,20,CAGACCTAATCCACATCCTG,0,594943
araCp,0.047619047619047616,20,20,CACGGAAGACGATGAGATTC,0,543652
araCp,0.047619047619047616,20,20,CACATGTTGTTCAAGCTATG,0,526928
araCp,0.047619047619047616,20,20,CACATCTCTCGGGTCCACAT,0,599781
araCp,0.047619047619047616,20,20,CACAGGCTGCAGCCAATCAA,0,589118
araCp,0.047619047619047616,20,20,CACAGCACACATGCACGAAC,0,558546
araCp,0.047619047619047616,20,20,CACAAGTCGTACATTATAGC,0,562499
araCp,0.047619047619047616,20,20,CAATGGCGTTTTTGAACGAT,0,563245
araCp,0.047619047619047616,20,20,CAACTTGGCCATGTGCGACG,0,542333
araCp,0.047619047619047616,20,20,CAACGTGCGAAGTGCGACCA,0,593732
araCp,0.047619047619047616,20,20,ATTTGGCCTTTGCGGTAATG,0,525787
araCp,0.047619047619047616,20,20,ATTGGCGGTCCCCACCAAGT,0,571423
araCp,0.047619047619047616,20,20,ATTGCCGGTATGGAATCCGA,0,577983
araCp,0.047619047619047616,20,20,ATTGACGGTTGTCCCGTCCA,0,578605
araCp,0.047619047619047616,20,20,ATTGAAAAGCATCAACAGGA,0,573069
araCp,0.047619047619047616,20,20,ATTCGCACGTTAAGGGAGGG,0,600250
araCp,0.047619047619047616,20,20,ATTCGAGAAGAGTACACTCT,0,564863
araCp,0.047619047619047616,20,20,ATTCCCAACGCTATCATTTT,0,527678
araCp,0.047619047619047616,20,20,ATTAGTTTAATGGCGATACA,0,552233
araCp,0.047619047619047616,20,20,ATGTTGCGTTACAGGGCCTT,0,594731
araCp,0.047619047619047616,20,20,ATGGTCCGTACGTTGGCTCC,0,566150
araCp,0.047619047619047616,20,20,ATGCTCGTTACCTCTGCCCA,0,600253
araCp,0.047619047619047616,20,20,ATGCGCTTCGGTCCGCTAGT,0,566077
araCp,0.047619047619047616,20,20,ATGCATCTCCTGCGAGGGAC,0,578687
araCp,0.047619047619047616,20,20,ATGCAGATGAGTTTAATCGT,0,571898
araCp,0.047619047619047616,20,20,ATGATGGCATGTGATGGGGG,0,584319
araCp,0.047619047619047616,20,20,ATCTTTCTATACGAATCTTA,0,569342
araCp,0.047619047619047616,20,20,ATCTGCAAAAATACAATCCA,0,532164
araCp,0.047619047619047616,20,20,ATCGTTTCGTTTCTGTAACG,0,549860
araCp,0.047619047619047616,20,20,ATCGTAGCAGTGTCCACGCA,0,600540
araCp,0.047619047619047616,20,20,ATCGGAAAGGCATAGACGAT,0,571009
araCp,0.047619047619047616,20,20,ATCGAGGACCGTAGTAGCGT,0,580314
araCp,0.047619047619047616,20,20,ATCCCCTCTCAAGAGGAGGT,0,538836
araCp,0.047619047619047616,20,20,ATCATTATATTTGAAATTAC,0,555083
araCp,0.047619047619047616,20,20,ATCACTGAGCGATATGTTGC,0,543615
araCp,0.047619047619047616,20,20,ATCAAGACGCGTATTGTATA,0,574685
araCp,0.047619047619047616,20,20,ATATGGGGCGTTCGTTACCT,0,555471
araCp,0.047619047619047616,20,20,ATATCATCCTCTAAATAAGG,0,566156
araCp,0.047619047619047616,20,20,ATAGTGTCTGCTTGACGTGT,0,598321
araCp,0.047619047619047616,20,20,ATAGGGACGGGAGCATGACC,0,593491
araCp,0.047619047619047616,20,20,ATACGTAGTACCCACGGTTT,0,590882
araCp,0.047619047619047616,20,20,ATACAAAACTTCGGAGGGCG,0,573122
araCp,0.047619047619047616,20,20,AGTGCGCATGTGAAAGACAT,0,541204
araCp,0.047619047619047616,20,20,AGGGTTGATCCATGAGCGCA,0,568338
araCp,0.047619047619047616,20,20,AGGGTTCGTATGGGTGGCGC,0,579769
araCp,0.047619047619047616,20,20,AGGCGGCTTATCTGGCATAT,0,563771
araCp,0.047619047619047616,20,20,AGGCCTATGGTGCCCGACTC,0,574695
araCp,0.047619047619047616,20,20,AGGATGTGGGCACGGAACGT,0,549915
araCp,0.047619047619047616,20,20,AGGATCTCAAACAACAGGTT,0,575979
araCp,0.047619047619047616,20,20,AGGAGAACCTTGTTTGTCAT,0,563129
araCp,0.047619047619047616,20,20,AGGACTCCACTCTGATGGTT,0,586149
araCp,0.047619047619047616,20,20,AGCTTCGAACGCGTCCTCAT,0,595764
araCp,0.047619047619047616,20,20,AGCGGGGCTGCACCGAATTG,0,542046
araCp,0.047619047619047616,20,20,AGCCGGAGACGTAGGTGTGA,0,570639
araCp,0.047619047619047616,20,20,AGATGATGTTTACACTCATT,0,584398
araCp,0.047619047619047616,20,20,AGAGCACCCCATACGAATGT,0,545199
araCp,0.047619047619047616,20,20,AGAACTTCTGTTGTTCACAC,0,544445
araCp,0.047619047619047616,20,20,ACTTATGAGCTAAGCCTTGG,0,597577
araCp,0.047619047619047616,20,20,ACTCTACACAGTCCGTCCTA,0,555145
araCp,0.047619047619047616,20,20,ACTCGGGCACAGAAACGCTG,0,585646
araCp,0.047619047619047616,20,20,ACTCCAAATGGAGATACTAC,0,584642
araCp,0.047619047619047616,20,20,ACTATTCTGTCAGAGATTAA,0,588665
araCp,0.047619047619047616,20,20,ACGTATCGGCACGAAAGTCG,0,528277
araCp,0.047619047619047616,20,20,ACGCTCCACTGGTTTCGTGC,0,543224
araCp,0.047619047619047616,20,20,ACGACGGTGCGCAATACTCG,0,565684
araCp,0.047619047619047616,20,20,ACCTATTGAGACAGCGTGCT,0,550346
araCp,0.047619047619047616,20,20,ACCTAGGCTTCGCCAGCTAA,0,579309
araCp,0.047619047619047616,20,20,ACCGCCGGGGAGAGTATAAG,0,568690
araCp,0.047619047619047616,20,20,ACCCGGATCCGACTTTTGAA,0,588963
araCp,0.047619047619047616,20,20,ACAGTGCGTCTACAGGCCCG,0,543834
araCp,0.047619047619047616,20,20,ACAGCTGATCAGATCTGACA,0,544319
araCp,0.047619047619047616,20,20,ACAAGCAGTAAAACCGGGAT,0,532549
araCp,0.047619047619047616,20,20,ACAACTATCGACTAGCCGTA,0,593261
araCp,0.047619047619047616,20,20,AATTTGCTTCAGACCTGCGT,0,559815
araCp,0.047619047619047616,20,20,AATTCCGGAAGCTTACCCGA,0,579564
araCp,0.047619047619047616,20,20,AATCAACCGTCGTCTGGGTA,0,559806
araCp,0.047619047619047616,20,20,AATAGCTTAGAGCAGCGTAA,0,567150
araCp,0.047619047619047616,20,20,AAGTGGCCATAAATTACACT,0,579912
araCp,0.047619047619047616,20,20,AAGGCTTTCACTGGACTTTC,0,597613
araCp,0.047619047619047616,20,20,AAGGATGGTGACAGGGACCA,0,529860
araCp,0.047619047619047616,20,20,AAGCGGTGTGTGGGCATCGA,0,527887
araCp,0.047619047619047616,20,20,AAGAGATTCGACTGCTTTCA,0,550945
araCp,0.047619047619047616,20,20,AACTTCACCACCTCTTCCCC,0,546302
araCp,0.047619047619047616,20,20,AACTGGAAAATTTGCCAAGT,0,528844
araCp,0.047619047619047616,20,20,AACTATTATAGCGCGCTAAC,0,545445
araCp,0.047619047619047616,20,20,AACGCTGGCTCATCTTTAAC,0,529635
araCp,0.047619047619047616,20,20,AACGAATCCCGGTCAGCGAC,0,588556
araCp,0.047619047619047616,20,20,AACCGGGTGGGCCACTGCGG,0,557048
araCp,0.047619047619047616,20,20,AACAGAGTGTCAGTTATACA,0,548556
araCp,0.05,19,19,TTTTACCGATGATGGCGACA,0,565498
araCp,0.05,19,19,TTTGGCTCCTTACTGTCGGA,0,561183
araCp,0.05,19,19,TTTCGCCTCTTTCGTGCCCG,0,581928
araCp,0.05,19,19,TTTACTATTGGCACCAGGCG,0,592754
araCp,0.05,19,19,TTGGTCTGGCAGGGGAGACA,0,528282
araCp,0.05,19,19,TTGGTAAAGTTACGCACAAA,0,558530
araCp,0.05,19,19,TTGCTAGTTAGCGCCGGGAT,0,560440
araCp,0.05,19,19,TTGCGGTGGCGCAGGTTAAG,0,570919
araCp,0.05,19,19,TTGAGCCATCGAATCTGTTC,0,602580
araCp,0.05,19,19,TTCTTGGACGTTGCTTGGCG,0,548123
araCp,0.05,19,19,TTCTTAGGTATCAACTCATG,0,535787
araCp,0.05,19,19,TTCTGAAATTTAAACTTGAA,0,593406
araCp,0.05,19,19,TTCGCTCGCGGCGAGAGTTA,0,591865
araCp,0.05,19,19,TTCAGGGTACAAGCTGGCTA,0,526881
araCp,0.05,19,19,TTCAGAAAGTGTTGTGTCCA,0,548791
araCp,0.05,19,19,TTATCACATCCCCTGCTCTT,0,552517
araCp,0.05,19,19,TTATCAAGCTACGCTATCCA,0,548236
araCp,0.05,19,19,TTAGGCAGTACCGGGCAAAA,0,591568
araCp,0.05,19,19,TTAAGTGTTCTTTCATGTAC,0,582505
araCp,0.05,19,19,TTAAGCAACCGGTCAGTTCC,0,538914
araCp,0.05,19,19,TGTCGGTAAGCGCCGGACGC,0,571179
araCp,0.05,19,19,TGTCATTGCCCATCACGCTA,0,539546
araCp,0.05,19,19,TGGGGCTAGGTTAGTCGGCG,0,530945
araCp,0.05,19,19,TGGGCGGTACTTCCGCAGAG,0,569077
araCp,0.05,19,19,TGGCTTGAGCGTGGTCACGT,0,548077
araCp,0.05,19,19,TGGCCCCGAACGACGCATGG,0,571693
araCp,0.05,19,19,TGCTCCGAACCCGTCAGTGT,0,573260
araCp,0.05,19,19,TGCAGATATTAGAATCGATC,0,580163
araCp,0.05,19,19,TGCAAGCATCACAACTAGCA,0,540930
araCp,0.05,19,19,TGATTTCGTGGCTTATATAC,0,550488
araCp,0.05,19,19,TGATATCTATAAGGCGGCCC,0,540180
araCp,0.05,19,19,TGAATGATATTGCGATACCG,0,551971
araCp,0.05,19,19,TGAATCTACCGAAAGTAGAT,0,540271
araCp,0.05,19,19,TGAAGATCATGGTACTTCTT,0,596087
araCp,0.05,19,19,TCTTACCTTCTAGCTCACAT,0,598591
araCp,0.05,19,19,TCTGGCCATGTTTGCTTGCA,0,588875
araCp,0.05,19,19,TCTATAATATCACCACAGAA,0,579405
araCp,0.05,19,19,TCTACGTGCTCATTGGCATG,0,597488
araCp,0.05,19,19,TCGTTTGTCCACCGCAGAGC,0,539662
araCp,0.05,19,19,TCGGTATCGTGACGACAGAC,0,581575
araCp,0.05,19,19,TCGCCTATCACGATCGGCAT,0,551871
araCp,0.05,19,19,TCGAAACGATCGACGGTTAA,0,565341
araCp,0.05,19,19,TCCTGGAGCATATGTCGTAA,0,559685
araCp,0.05,19,19,TCCTCAACAACGATGTGATA,0,580222
araCp,0.05,19,19,TCCATGTGAAGATACCCGCA,0,575569
araCp,0.05,19,19,TCAGGGGGTTGCTAACCTGA,0,554718
araCp,0.05,19,19,TCAACGCCACTTAGGGTCGT,0,527162
araCp,0.05,19,19,TCAAAGAAGTTGTAGTCTCC,0,545213
araCp,0.05,19,19,TATTGTATTTCGTACGGTTT,0,598766
araCp,0.05,19,19,TATTCTAAGGTCTTAGATTA,0,553860
araCp,0.05,19,19,TATGGAAAAAACGTTTGTGC,0,574992
araCp,0.05,19,19,TATCTAACAGCATACAAAAA,0,599160
araCp,0.05,19,19,TATCGAGGTCGCACCGTTGT,0,587304
araCp,0.05,19,19,TATCCTAGGATAAATAAAGT,0,533168
araCp,0.05,19,19,TATAGATCCCGTGGCAGGAC,0,581570
araCp,0.05,19,19,TAGGGAAACCCCACTCCTAA,0,560807
araCp,0.05,19,19,TACTGCCGGTCGAGAAATTA,0,537563
araCp,0.05,19,19,TACGACGGCTAGTTTATATG,0,571522
araCp,0.05,19,19,TACAGAGGCAACTGAAGCTA,0,554520
araCp,0.05,19,19,TACAATGGATCTTCACAGGT,0,543818
araCp,0.05,19,19,TAATTGCTCATGCCGTTGAT,0,591680
araCp,0.05,19,19,TAATCACGGAAGGTGGATTA,0,528151
araCp,0.05,19,19,TAAGCTCTACTCCTTTTGTA,0,593438
araCp,0.05,19,19,TAAGATAGTTTTGATGCCCG,0,531102
araCp,0.05,19,19,GTTGTAATCGATCGCGCTAA,0,582838
araCp,0.05,19,19,GTTGAGCGGCTCAAGTCAAT,0,536268
araCp,0.05,19,19,GTTCCGGGTCCCAACACTCA,0,525755
araCp,0.05,19,19,GTTCATGGGGGCTTCAAGTG,0,536099
araCp,0.05,19,19,GTGTGGTTGCAATTTATGCA,0,559314
araCp,0.05,19,19,GTGGGACAATAGATATATAA,0,547861
araCp,0.05,19,19,GTGGCACAGGTTAGGCGCTT,0,568371
araCp,0.05,19,19,GTGCTGGAGTCTCTGAGATC,0,554478
araCp,0.05,19,19,GTCGTATGGGGCTATAGCCG,0,593289
araCp,0.05,19,19,GTCCCATTCCTCATTTCGAA,0,553372
araCp,0.05,19,19,GTCACCTCTACTTTCACGAT,0,595762
araCp,0.05,19,19,GTATGATGTCAGATTCCCAT,0,543043
araCp,0.05,19,19,GTAGGTTCTAAGTGCCTTCC,0,536870
araCp,0.05,19,19,GTACAGTTATGCGGCTCTCT,0,598440
araCp,0.05,19,19,GTAATCGCATGGGCTAATAC,0,529678
araCp,0.05,19,19,GTAATATGCATGCGAGTCGC,0,537890
araCp,0.05,19,19,GGTTAGCTTCTAAAACAAGG,0,559744
araCp,0.05,19,19,GGTGTATCCTGTTTAAACCA,0,563915
araCp,0.05,19,19,GGTGGGCGGACTCGATCAGT,0,544265
araCp,0.05,19,19,GGTGATTAGGGTCCACGCAG,0,599057
araCp,0.05,19,19,GGTCCCGATGTGTACAGGCT,0,548457
araCp,0.05,19,19,GGTCAGGCAAGGAGAGATAA,0,589607
araCp,0.05,19,19,GGTAGGCGCAATGCCTGTAT,0,599304
araCp,0.05,19,19,GGTACGCAGACCGAAAAGAT,0,579368
araCp,0.05,19,19,GGTACCCGTTCGGTCTCGCG,0,592986
araCp,0.05,19,19,GGTACAGGATAATCAAAGGT,0,544949
araCp,0.05,19,19,GGGTATGAATAAAGGGCGTC,0,546970
araCp,0.05,19,19,GGGGGTAACTTCAAGTTCGT,0,578509
araCp,0.05,19,19,GGGGCGTGGAGAATCTCCAA,0,602303
araCp,0.05,19,19,GGGCGCGAAAGTGACGTTCA,0,575489
araCp,0.05,19,19,GGCGACAATGGGGTAGCAAG,0,551319
araCp,0.05,19,19,GGATCGGTCGTGGGTCATAT,0,597245
araCp,0.05,19,19,GGATAAGCTCTCACCTGATG,0,565298
araCp,0.05,19,19,GGAGTTTCACAAACCCGGGA,0,564889
araCp,0.05,19,19,GGAGTCACCTCACCCACGGT,0,543491
araCp,0.05,19,19,GGAGACAAGACTTTGGTATA,0,582953
araCp,0.05,19,19,GGAACTAAGTGGGTTTCACT,0,564552
araCp,0.05,19,19,GGAAAGCCCCGACCAAATTC,0,547405
araCp,0.05,19,19,GCTGGACGCCCGCGCCGGAG,0,537489
araCp,0.05,19,19,GCTCTATCGAGAACTCAGAT,0,560352
araCp,0.05,19,19,GCGTCCATGTGGCAAGAAAT,0,578136
araCp,0.05,19,19,GCGTCAACCCGTTCGCTTTT,0,590573
araCp,0.05,19,19,GCGGAGTCAGGTTCGTCCAC,0,587344
araCp,0.05,19,19,GCGGAAGTGGGCCTTAAAAG,0,591829
araCp,0.05,19,19,GCGCATCACGGTTTTTTACC,0,594380
araCp,0.05,19,19,GCCATACGATGATAAACAGG,0,559459
araCp,0.05,19,19,GCAGATTGCGTGACACTGAA,0,533661
araCp,0.05,19,19,GCAACCGAGGCTTGTCTTAC,0,549181
araCp,0.05,19,19,GATTTTCTGCTGAAAATCTC,0,554098
araCp,0.05,19,19,GATTCGGAGATGATGTAACT,0,591114
araCp,0.05,19,19,GATGGCGCTTATCAGCCGGC,0,552453
araCp,0.05,19,19,GATGAGTCGGTCGTCCTGGG,0,577353
araCp,0.05,19,19,GAGTAGTTGGACCATTTTAC,0,582879
araCp,0.05,19,19,GAGCCTCGGACTTTAACGTT,0,562827
araCp,0.05,19,19,GAGACTCTTGATACCGAGAT,0,528546
araCp,0.05,19,19,GACTGTGGCTAACCCAACCC,0,565168
araCp,0.05,19,19,GACTGCGCACCCCGCGTTCA,0,545209
araCp,0.05,19,19,GACTAGCGTGACCTCCACGT,0,546549
araCp,0.05,19,19,GACGAAGAGTTCTTTTCAGT,0,540328
araCp,0.05,19,19,GACAGGGTAGAGGGGGAGGA,0,571380
araCp,0.05,19,19,GAAGCTGCACTTTCAAAGCA,0,550557
araCp,0.05,19,19,GAAAGACCACCGCGTAGTCT,0,543067
araCp,0.05,19,19,CTTTAGTCAGAATTGGTGAA,0,560913
araCp,0.05,19,19,CTTATGGTTTATATTAAAAC,0,560501
araCp,0.05,19,19,CTTATACGGAAATCATGATA,0,545202
araCp,0.05,19,19,CTTACAAAATCTCCACGATC,0,592869
araCp,0.05,19,19,CTGGGATCTAACGTGCTCAC,0,561131
araCp,0.05,19,19,CTGGACTTATGTCGCCACAT,0,534549
araCp,0.05,19,19,CTGCGGTAATGGTGATTGCG,0,526655
araCp,0.05,19,19,CTGCGACGGCACACTCATCC,0,555380
araCp,0.05,19,19,CTGCCTTGGTTGTCTGGAGC,0,549767
araCp,0.05,19,19,CTGCCGTAAATACTTTGTAT,0,580823
araCp,0.05,19,19,CTGCAAAAGCTCTGAGCCTC,0,530562
araCp,0.05,19,19,CTGATGAGGGGACATCCAAA,0,557712
araCp,0.05,19,19,CTCGGTGATTAACGTATGAT,0,547449
araCp,0.05,19,19,CTCGGGTACGTAGCCGCTGT,0,558900
araCp,0.05,19,19,CTCGACATCCGGTCATCGCA,0,559811
araCp,0.05,19,19,CTCATCGATGCGGGAATGCA,0,525753
araCp,0.05,19,19,CTATTGTTGAAGGGTCCGCG,0,551962
araCp,0.05,19,19,CTATGAGCAGATCCGTAGAG,0,539464
araCp,0.05,19,19,CTATACCAAGCTTAGAAGTA,0,550730
araCp,0.05,19,19,CTACGACAAGGATCTCTATT,0,554090
araCp,0.05,19,19,CGTTCCATCGCGTCCCTCCC,0,551585
araCp,0.05,19,19,CGTGGATAGACGATGTCTCG,0,556540
araCp,0.05,19,19,CGTGCTTTGAAGCTCATCAC,0,542117
araCp,0.05,19,19,CGTGCAGATAGATGAGACTA,0,542777
araCp,0.05,19,19,CGTCAAAAGGGGGTAGGAGA,0,563606
araCp,0.05,19,19,CGGTGTCGCCAGAGGCCCTT,0,526071
araCp,0.05,19,19,CGGTAGCATTTCCAGTACGC,0,530756
araCp,0.05,19,19,CGGGTTGTCTACCGCTGTAC,0,600776
araCp,0.05,19,19,CGGGGCAGGCGACGGTTGCT,0,572563
araCp,0.05,19,19,CGGGAAGTCGCACACGCTTA,0,589473
araCp,0.05,19,19,CGGAGCTCTTGCGAATAACC,0,593095
araCp,0.05,19,19,CGCTTACAACCGGTGTGCAA,0,570529
araCp,0.05,19,19,CGCTGACCGCGGGCGACTCA,0,554346
araCp,0.05,19,19,CGCTCACCGGAGTTTCAAGA,0,554512
araCp,0.05,19,19,CGCTAGGTTCTACCAAAGGT,0,557032
araCp,0.05,19,19,CGCCTTGGCGATCTTTTGAT,0,536773
araCp,0.05,19,19,CGCATGCATACGGGTACTGT,0,585559
araCp,0.05,19,19,CGCAGTGGCATCGATAAATA,0,571011
araCp,0.05,19,19,CGCACGGATTGGAAGGTCTG,0,590548
araCp,0.05,19,19,CGCACAGTGCGCGCATCCGG,0,532552
araCp,0.05,19,19,CGATTGGTATGGGTCTCAGT,0,578019
araCp,0.05,19,19,CGATCCTTTGCGTCACTCGG,0,586038
araCp,0.05,19,19,CGACTTGGTGCGTTCTGTGA,0,539415
araCp,0.05,19,19,CGACCCAGTTGTGTTATATG,0,580471
araCp,0.05,19,19,CGAATGGAGTTCGTGCGAGA,0,569652
araCp,0.05,19,19,CCTATTGGCGGAACAGTATC,0,559945
araCp,0.05,19,19,CCTATTAGCGCTTCGGTCGG,0,558434
araCp,0.05,19,19,CCTAGGTTCTGAGCTTTGAT,0,580042
araCp,0.05,19,19,CCTACTTGGGAATGACTTAT,0,531291
araCp,0.05,19,19,CCGTCCGGTCTAAGTGCAAT,0,578421
araCp,0.05,19,19,CCGGACGGGAAGGGCGTGAG,0,536834
araCp,0.05,19,19,CCGATAGGGGGCCATACCAA,0,568217
araCp,0.05,19,19,CCGAGTTATAGGCGGGAACG,0,591668
araCp,0.05,19,19,CCCTTTTTGATCTGTCTTGT,0,592601
araCp,0.05,19,19,CCCTCATTCTGATTGGAAAG,0,580592
araCp,0.05,19,19,CCCTAGATCTCGTCATAAGT,0,591405
araCp,0.05,19,19,CCCGCCCAGGCTTCCACGTT,0,576663
araCp,0.05,19,19,CCCCCTCCCCACACCGCGTT,0,558765
araCp,0.05,19,19,CCCCATGGATGGGCTTCAAT,0,580865
araCp,0.05,19,19,CCCAGAAAACGCGTTTGAAT,0,545136
araCp,0.05,19,19,CCAGTTCTGCATAGCCCGGA,0,585814
araCp,0.05,19,19,CCAGGCAGTACGCGGCCGTA,0,579216
araCp,0.05,19,19,CCACCCTTTATACCAAACAT,0,541673
araCp,0.05,19,19,CCACATGCCCGATTCGTAAC,0,549678
araCp,0.05,19,19,CCAACTATCCCGCGTCCGAG,0,588289
araCp,0.05,19,19,CCAACACGGTCAGGCCAATT,0,579886
araCp,0.05,19,19,CATTTGGCGCTATTTTTCCA,0,578983
araCp,0.05,19,19,CATTGTTTGTAGACTGTTTT,0,598375
araCp,0.05,19,19,CATTATCTGTCCCGAACTCG,0,556727
araCp,0.05,19,19,CATACCTGCTAGGTAATTCA,0,569443
araCp,0.05,19,19,CAGGATTGCTTAGCGCGAGA,0,575756
araCp,0.05,19,19,CAGCCTGGCTCTAGGGTAGT,0,601709
araCp,0.05,19,19,CAGCATGTGGTTGCTCGGGG,0,568497
araCp,0.05,19,19,CAGCAAGTAAAGGACCGTGT,0,591105
araCp,0.05,19,19,CAGAATCCATGATTTGGTAT,0,553984
araCp,0.05,19,19,CACTAGGCTGGGATCATCAT,0,541780
araCp,0.05,19,19,CACCGGCACTCCCGTACTCG,0,585341
araCp,0.05,19,19,CACAGGTCGCAATCCGATTG,0,576983
araCp,0.05,19,19,CACACGCAAGTCCACCTTCG,0,542340
araCp,0.05,19,19,CAATATAGGGCACAAGATTA,0,546255
araCp,0.05,19,19,CAACGGTATGGTTTCGCATG,0,568422
araCp,0.05,19,19,CAAAGTGCGCCCCCGAAGTA,0,532862
araCp,0.05,19,19,CAAACGACGGGGTTTGAAAT,0,552325
araCp,0.05,19,19,ATTTTTTGAGTGCCGCAGGA,0,574459
araCp,0.05,19,19,ATTTTATGCTTGTAGGCTCA,0,534902
araCp,0.05,19,19,ATTGCGGCCATCAGTTGAAT,0,529049
araCp,0.05,19,19,ATTACTCAGAAGTGGTATAT,0,543514
araCp,0.05,19,19,ATGGTGTTCATGTGTTAACA,0,573379
araCp,0.05,19,19,ATGGGACAGCCCGATAGAGT,0,575142
araCp,0.05,19,19,ATGCCCACTAAAGCATCGCA,0,532343
araCp,0.05,19,19,ATGCCAAGAAGAGACGACTT,0,601650
araCp,0.05,19,19,ATGAGCCAAAATCTAGAACA,0,563391
araCp,0.05,19,19,ATCTATGTTCATGTCCGAGT,0,538482
araCp,0.05,19,19,ATCTAACGGAACAAGCCGTT,0,575807
araCp,0.05,19,19,ATCGTAGTATGTCTAAGGCT,0,544998
araCp,0.05,19,19,ATCGGAGCCCGGTGCTGATG,0,545840
araCp,0.05,19,19,ATCCTGCTTATCTATTGGTC,0,537882
araCp,0.05,19,19,ATCAGCCGCAATTCCGTAAA,0,582315
araCp,0.05,19,19,ATCACAAATAGATCAACTTT,0,553349
araCp,0.05,19,19,ATAGCAGTACGCTACCCTCT,0,593791
araCp,0.05,19,19,ATACTGCGACGCCTGCTACA,0,593593
araCp,0.05,19,19,ATACCTGTGCTATGGTGGGA,0,594002
araCp,0.05,19,19,AGTTACTGTGCCAGTACTGA,0,593521
araCp,0.05,19,19,AGTGAGTTGCGACAGCAAAG,0,531484
araCp,0.05,19,19,AGTGAACAGGGATTCTCCCC,0,531134
araCp,0.05,19,19,AGTCTGTGCATGCTCAATTT,0,539186
araCp,0.05,19,19,AGTCTGAGTGTAGCCCGCGT,0,561998
araCp,0.05,19,19,AGTCCCACCTGGATTCGTTA,0,599955
araCp,0.05,19,19,AGGCTGCTCGCCACATTACT,0,599436
araCp,0.05,19,19,AGGAGTGACTATCGCTTGCA,0,527974
araCp,0.05,19,19,AGGAGTACACACACAGGGAG,0,542492
araCp,0.05,19,19,AGGAAATCCTTAGCCACGGA,0,566562
araCp,0.05,19,19,AGCTGACTGCGATTGCACTT,0,556373
araCp,0.05,19,19,AGCGTTTGAACATTGTAGGC,0,531363
araCp,0.05,19,19,AGCGGAGCCGCAGGCTGATC,0,580713
araCp,0.05,19,19,AGCCATATATGAGCGCCATC,0,552686
araCp,0.05,19,19,AGCCAAAGGACGCGTCGAGG,0,590836
araCp,0.05,19,19,AGCAGCGAGATTATGGGCGT,0,571702
araCp,0.05,19,19,AGCAACTTTTCAAGAGCCCA,0,573675
araCp,0.05,19,19,AGAGTCAAACGCCATTTGTT,0,573070
araCp,0.05,19,19,AGAGCTACCCTGGAGATTGT,0,570196
araCp,0.05,19,19,AGAGCCCACAAGGTAAAAGG,0,557472
araCp,0.05,19,19,AGAGACCACGTACGCTGGGG,0,544336
araCp,0.05,19,19,AGAGAAATGATAATACATTT,0,541798
araCp,0.05,19,19,AGAATGATTGCGTTTCAATG,0,602334
araCp,0.05,19,19,ACTGCATGGGGGCGACAATT,0,539290
araCp,0.05,19,19,ACGTGTCAACCAGAACTTGG,0,531485
araCp,0.05,19,19,ACGGGTCATTCCGCGTAGAA,0,585252
araCp,0.05,19,19,ACGCCGTAAATACGCGTGGA,0,560304
araCp,0.05,19,19,ACGAATCATGCATGCCGACA,0,563121
araCp,0.05,19,19,ACCTAACATGGAGGTTATCT,0,598075
araCp,0.05,19,19,ACCGCTTCACACGTTCACAC,0,565663
araCp,0.05,19,19,ACCGACTTCTCATTCCAGGG,0,556302
araCp,0.05,19,19,ACCATTGGTTGGCTCCTGGT,0,581513
araCp,0.05,19,19,ACCAGAGCATTACAGAGTGA,0,585890
araCp,0.05,19,19,ACATGTTTTACCTCAAGGAA,0,596757
araCp,0.05,19,19,ACATCTAGGGTCTTGGGCTA,0,550022
araCp,0.05,19,19,ACAGGGAGTTATTGGATGCT,0,554102
araCp,0.05,19,19,ACACTGATAGCGTTTCGCCA,0,549454
araCp,0.05,19,19,AATTCTGCTTAGTTTCTGAA,0,568757
araCp,0.05,19,19,AATTCGTCTCATGCTCCTCG,0,567438
araCp,0.05,19,19,AATTCGCACTCTTACGGAGA,0,598865
araCp,0.05,19,19,AATGTGGCCCAGCTTCAAAG,0,534133
araCp,0.05,19,19,AATGCTACCGTGCGTGTTTC,0,533678
araCp,0.05,19,19,AATGCACTACTGCCCGGGTT,0,526869
araCp,0.05,19,19,AATATGTATTAAGCCTGAGC,0,571838
araCp,0.05,19,19,AATATGGACCTTGACCTAGA,0,556593
araCp,0.05,19,19,AATATAGTACCGGTACATGT,0,573116
araCp,0.05,19,19,AATAGGCTGAAAGACCCATG,0,548484
araCp,0.05,19,19,AATAATTTCTTGTTCGCAGC,0,551475
araCp,0.05,19,19,AAGTGGGAGTCCTGCATGAA,0,568067
araCp,0.05,19,19,AAGTGAACGAGATTAGGACC,0,585254
araCp,0.05,19,19,AAGTATCGGCTCAAGCAACT,0,562046
araCp,0.05,19,19,AAGGGCGTATCGCGTAGCTG,0,535413
araCp,0.05,19,19,AAGGGAGAGTTCTAGGCAGC,0,555567
araCp,0.05,19,19,AAGGATCTGCCCGGTCTAGC,0,556721
araCp,0.05,19,19,AAGAACTGAGTATTCGTCAC,0,535959
araCp,0.05,19,19,AACTTTAGCCATCAACGCTA,0,553514
araCp,0.05,19,19,AACTCGCTTACATCCATATT,0,565126
araCp,0.05,19,19,AACTCCTAAATGCATTGGAA,0,564871
araCp,0.05,19,19,AACGAATTCTCCGTTCTAGG,0,526967
araCp,0.05,19,19,AACCAGAAAGAACTTCGGCG,0,544628
araCp,0.05,19,19,AACAATAAGGCAACAGCTGA,0,543026
araCp,0.05,19,19,AAATTTTCCCTCGAAAAGTG,0,597623
araCp,0.05,19,19,AAATCGGCTAGTCGTTTGGT,0,554533
araCp,0.05,19,19,AAATCCATGTTATAGTGTCA,0,584760
araCp,0.05,19,19,AAAGGTTTTGCGGGTTGATT,0,570700
araCp,0.05,19,19,AAAGCTTCCTCGGCTCATTT,0,591407
araCp,0.05,19,19,AAACTAATTAGGGAGACTGG,0,542139
araCp,0.05,19,19,AAACACTACACCTATACTTA,0,527043
araCp,0.05,19,19,AAAAATAATTGCTTTCCCCA,0,601616
araCp,0.05263157894736842,18,18,TTTGGGGAGCTTCGACCCTA,0,587773
araCp,0.05263157894736842,18,18,TTTGGGCGGTCAGGCGGGGC,0,588365
araCp,0.05263157894736842,18,18,TTTCTATCGCATCGTCCGGT,0,552607
araCp,0.05263157894736842,18,18,TTTCGTGGTCCCCAAATCAA,0,549064
araCp,0.05263157894736842,18,18,TTTATCTCGGCACGCAATCT,0,588088
araCp,0.05263157894736842,18,18,TTTACTATACCTCCCCAAGG,0,599828
araCp,0.05263157894736842,18,18,TTTAATGCACTCGGGAAGCC,0,535312
araCp,0.05263157894736842,18,18,TTTAACGAAGTAGTAACCTA,0,594685
araCp,0.05263157894736842,18,18,TTGTGTCAGCACTTATGTCA,0,545723
araCp,0.05263157894736842,18,18,TTGGGCTGGACGGGGTCGGA,0,580890
araCp,0.05263157894736842,18,18,TTGCTAGATTACTGCATGGG,0,552167
araCp,0.05263157894736842,18,18,TTGCGATACTTGCACCCACT,0,559462
araCp,0.05263157894736842,18,18,TTGATCTGATGGAACGGCGC,0,574392
araCp,0.05263157894736842,18,18,TTCCGCCGGCAGTATCGTGC,0,566440
araCp,0.05263157894736842,18,18,TTCATCACAGTTTGACTGTG,0,537373
araCp,0.05263157894736842,18,18,TTCAGGTAGATCTATGTCGC,0,571452
araCp,0.05263157894736842,18,18,TTCAATGTCTGGCCATGATG,0,585299
araCp,0.05263157894736842,18,18,TTATCTCTTGATGCTGCGAT,0,554709
araCp,0.05263157894736842,18,18,TTATCCCGACTGCCGAAATC,0,601820
araCp,0.05263157894736842,18,18,TTAGGCCTCTTCGCTAGACC,0,569155
araCp,0.05263157894736842,18,18,TTACTTCTCAGTACTTGGAC,0,549413
araCp,0.05263157894736842,18,18,TTAACTACGTCCCCGAGGGT,0,551283
araCp,0.05263157894736842,18,18,TGTGCCATGTTGTTTGATAT,0,548495
araCp,0.05263157894736842,18,18,TGTCGGACGCACAGCGGGCA,0,557464
araCp,0.05263157894736842,18,18,TGTCCCACAGCACACTTCAT,0,554514
araCp,0.05263157894736842,18,18,TGTAAGGGTCAGACCGTCTA,0,568944
araCp,0.05263157894736842,18,18,TGGGCTTTGGTGGATCTGTA,0,527831
araCp,0.05263157894736842,18,18,TGGGATAGTGCCACATGATC,0,570251
araCp,0.05263157894736842,18,18,TGGCGTTGTATGTCGGCGAG,0,590658
araCp,0.05263157894736842,18,18,TGGCACGTAGAAATAAGAAT,0,562178
araCp,0.05263157894736842,18,18,TGGATCAAACGCCTTCCTAG,0,537023
araCp,0.05263157894736842,18,18,TGGAGCGTCGCCGGTGTCTT,0,598188
araCp,0.05263157894736842,18,18,TGCTCGTGGACTAGGATAAC,0,532468
araCp,0.05263157894736842,18,18,TGCCCAGATTCCAAGTGGTG,0,567452
araCp,0.05263157894736842,18,18,TGCATGTGGCGTGTATTTAC,0,566570
araCp,0.05263157894736842,18,18,TGCAGGTCGTGTCGTTTTCA,0,539774
araCp,0.05263157894736842,18,18,TGCAGGATCAGACACACCAT,0,550628
araCp,0.05263157894736842,18,18,TGATCTGGGCCGCGGTCACA,0,556039
araCp,0.05263157894736842,18,18,TGACGTCACTCTTCTTCGAT,0,557410
araCp,0.05263157894736842,18,18,TCTGTCCTCCCGCTTAACGA,0,583747
araCp,0.05263157894736842,18,18,TCTCACGATGACGGCGTAGT,0,584557
araCp,0.05263157894736842,18,18,TCTAGGCGCATCAAAGTAAT,0,548345
araCp,0.05263157894736842,18,18,TCTACGAAACACGAAACTTT,0,580264
araCp,0.05263157894736842,18,18,TCGTCTAGGTGTTTATGTTG,0,581106
araCp,0.05263157894736842,18,18,TCGGCTGGGGATATACTCTC,0,590047
araCp,0.05263157894736842,18,18,TCGATCATCTACAGTCGCGT,0,582663
araCp,0.05263157894736842,18,18,TCCTGGCTATGAGCGACCGC,0,559884
araCp,0.05263157894736842,18,18,TCCTGCGTGCGTGCTCCACT,0,552143
araCp,0.05263157894736842,18,18,TCCTGCATAATCAAGGACGT,0,581680
araCp,0.05263157894736842,18,18,TCCGAGTCCGCGGAACGCGT,0,568854
araCp,0.05263157894736842,18,18,TCCCACTGATATATGACACA,0,527435
araCp,0.05263157894736842,18,18,TCATCTCGCCGGGCACAAGG,0,542668
araCp,0.05263157894736842,18,18,TCAGTATGGTTTTGGGAAAC,0,588391
araCp,0.05263157894736842,18,18,TCAAGCATGACTGGCCCACA,0,570015
araCp,0.05263157894736842,18,18,TATTGGTGAACGGTGCTCTG,0,565635
araCp,0.05263157894736842,18,18,TATCACGGCTCGTGCGGAAG,0,544694
araCp,0.05263157894736842,18,18,TATACGGTTAGCCTAGCGAG,0,547158
araCp,0.05263157894736842,18,18,TAGGCGGATAACGTTATGGT,0,544832
araCp,0.05263157894736842,18,18,TAGCAGGAGGAGGGACAGTA,0,568469
araCp,0.05263157894736842,18,18,TAGAGGATGCTTAAATGATA,0,576147
araCp,0.05263157894736842,18,18,TACTGGCACTTATCCAAGCT,0,593651
araCp,0.05263157894736842,18,18,TACTGCTTATGCCATGAGGT,0,542900
araCp,0.05263157894736842,18,18,TACGGCTCGGCCAATCCGGA,0,597923
araCp,0.05263157894736842,18,18,TACCGCAGTCAGCTACAGAA,0,583466
araCp,0.05263157894736842,18,18,TACCCGGTGGGCGTGGGTAT,0,536786
araCp,0.05263157894736842,18,18,TACACAACTTGCCACGTGTG,0,566365
araCp,0.05263157894736842,18,18,TAATTCGCGTGCTAGTGTGG,0,587389
araCp,0.05263157894736842,18,18,TAAGTATTTGCATAGTGTTG,0,551148
araCp,0.05263157894736842,18,18,TAAGGCTTAGCCGGTTTGAG,0,548082
araCp,0.05263157894736842,18,18,TAAGGCCCCACCGAGGCGTA,0,534675
araCp,0.05263157894736842,18,18,TAAGCCCGTTGTTATGTGAT,0,564199
araCp,0.05263157894736842,18,18,GTTTTCATATTGCATTCTGT,0,595479
araCp,0.05263157894736842,18,18,GTTTGGTCAACCGGGCAGCA,0,585906
araCp,0.05263157894736842,18,18,GTTTATGCTCACGGTTCTGA,0,593726
araCp,0.05263157894736842,18,18,GTTTACACAGTGGAATACGT,0,571110
araCp,0.05263157894736842,18,18,GTTGCAGCTCCCGATGCACG,0,595657
araCp,0.05263157894736842,18,18,GTTCTGGACCGAATGCGCTT,0,577720
araCp,0.05263157894736842,18,18,GTTCATGGACCTGTTTTATA,0,565928
araCp,0.05263157894736842,18,18,GTTACAGATACGGTCGCTAG,0,538927
araCp,0.05263157894736842,18,18,GTGTTAGCAATCGGGGTGTG,0,539374
araCp,0.05263157894736842,18,18,GTGGTGAGTCGTCCCCACCA,0,574454
araCp,0.05263157894736842,18,18,GTGGGTTCGACGCTGGACTC,0,529381
araCp,0.05263157894736842,18,18,GTGGGCAATTGGTCCGCGTG,0,571982
araCp,0.05263157894736842,18,18,GTGGGAGAATTAACCCGAAG,0,530606
araCp,0.05263157894736842,18,18,GTGGATCGCTGGTATGCCGC,0,535798
araCp,0.05263157894736842,18,18,GTGACTATAGGCATGCACTG,0,586489
araCp,0.05263157894736842,18,18,GTCTCCACGGACAGCAAATA,0,539762
araCp,0.05263157894736842,18,18,GTCGGTATGAGCATCGGATG,0,555033
araCp,0.05263157894736842,18,18,GTCCGACCCACGGCCTCTGC,0,538829
araCp,0.05263157894736842,18,18,GTCAAAGTAATTTTCCCCTA,0,526603
araCp,0.05263157894736842,18,18,GTATTGGCGGAGCGGTGCTT,0,571618
araCp,0.05263157894736842,18,18,GTATTGCGTGGACCTGTGAT,0,541124
araCp,0.05263157894736842,18,18,GTATTCATAAACTGCCACCA,0,531727
araCp,0.05263157894736842,18,18,GTACTCCTGAAACATTACGT,0,591467
araCp,0.05263157894736842,18,18,GGTTCGCAGCTTTACACGGA,0,600127
araCp,0.05263157894736842,18,18,GGTAGGACTTGTTTTAGAGA,0,550210
araCp,0.05263157894736842,18,18,GGTACGTTTGAATCTCGCAG,0,558648
araCp,0.05263157894736842,18,18,GGGTGGTTCTAGGCATGTGG,0,591011
araCp,0.05263157894736842,18,18,GGGTGCCCTCGAAGTATGAA,0,581201
araCp,0.05263157894736842,18,18,GGGTGATACGGCAGTGACGT,0,569144
araCp,0.05263157894736842,18,18,GGGGGATTCAATCGTTAACT,0,579433
araCp,0.05263157894736842,18,18,GGGGAACTTTTTGGCGAGAT,0,526827
araCp,0.05263157894736842,18,18,GGGCGGATCTTCCAGGAAGG,0,559267
araCp,0.05263157894736842,18,18,GGGAGTCACATCTTTAGCTT,0,550649
araCp,0.05263157894736842,18,18,GGCTGTGCTTCTTTCCGGAG,0,601384
araCp,0.05263157894736842,18,18,GGCTCAGATATAACTATAGG,0,557295
araCp,0.05263157894736842,18,18,GGCGCACGTTGCAAACGCCA,0,580534
araCp,0.05263157894736842,18,18,GGCGAGGGGCGAACTTACAA,0,567510
araCp,0.05263157894736842,18,18,GGCCTACTTACTACGTCGAA,0,572688
araCp,0.05263157894736842,18,18,GGCCAAGTGTAGTGTTTGAG,0,546264
araCp,0.05263157894736842,18,18,GGCACCACCCTTTCCACGCA,0,535805
araCp,0.05263157894736842,18,18,GGCAATGATGCTGTCTACCG,0,598151
araCp,0.05263157894736842,18,18,GGATGTAGATTATTCGCTCT,0,569713
araCp,0.05263157894736842,18,18,GGATGGCTATATGCCGTCCA,0,594554
araCp,0.05263157894736842,18,18,GGATCGCTGTCGCGCACGAA,0,538903
araCp,0.05263157894736842,18,18,GGACCTCGCCCATACTCGCT,0,550360
araCp,0.05263157894736842,18,18,GGACAGATGAAAAGTTTTGC,0,545904
araCp,0.05263157894736842,18,18,GGACAGAGGCCGCCGTATTG,0,571313
araCp,0.05263157894736842,18,18,GGAAGAATCTGTTACCGATG,0,575864
araCp,0.05263157894736842,18,18,GGAAATGGGTATTCTGTCCG,0,599597
araCp,0.05263157894736842,18,18,GGAAAAGGGAATCACAATAA,0,544526
araCp,0.05263157894736842,18,18,GCTTTAATTAAGATAACGCA,0,591760
araCp,0.05263157894736842,18,18,GCTATAACCATGCTGGCTGT,0,598394
araCp,0.05263157894736842,18,18,GCTAGAGCGTAGAAGGTTCA,0,572566
araCp,0.05263157894736842,18,18,GCGTTGGGCGGTGGGCTCCT,0,527380
araCp,0.05263157894736842,18,18,GCGGTAACGTTTTCCTAAAT,0,599002
araCp,0.05263157894736842,18,18,GCGACGAAGCTCGTGGAAGT,0,539248
araCp,0.05263157894736842,18,18,GCCTGCTTAGGCATTCTGGA,0,563389
araCp,0.05263157894736842,18,18,GCCTGAATAGAAGCGCACAG,0,572697
araCp,0.05263157894736842,18,18,GCCCGTTACCCTGCGACGTC,0,587178
araCp,0.05263157894736842,18,18,GCCCATTTTTTGCTACCCGC,0,565708
araCp,0.05263157894736842,18,18,GCCACTTCTCCAATCGACGA,0,526181
araCp,0.05263157894736842,18,18,GCATCTACTTGCATCACACG,0,533461
araCp,0.05263157894736842,18,18,GCATACTCGATGCTAATTGT,0,570993
araCp,0.05263157894736842,18,18,GCAGTGACTTGGCTTTAAGC,0,550802
araCp,0.05263157894736842,18,18,GCACGGAGTCCGATAATAAT,0,583835
araCp,0.05263157894736842,18,18,GCACCTTCGAGCTGATTATG,0,558066
araCp,0.05263157894736842,18,18,GCAAGGTTGCCGTATCCGCT,0,594330
araCp,0.05263157894736842,18,18,GCAAACTCTAGATTTTTAGG,0,569831
araCp,0.05263157894736842,18,18,GATTTAAAACCGTCCGATCT,0,598730
araCp,0.05263157894736842,18,18,GATTGGAGAGACTATAGAAT,0,558277
araCp,0.05263157894736842,18,18,GATGCTTATCTACAAAGCCG,0,598150
araCp,0.05263157894736842,18,18,GAGTAAAATACCATGCTATT,0,552004
araCp,0.05263157894736842,18,18,GAGGTAACGACGACACCGCA,0,582841
araCp,0.05263157894736842,18,18,GAGGCCGTTCAACACCACTA,0,544624
araCp,0.05263157894736842,18,18,GAGGACAGGAGGTAACCGGT,0,540809
araCp,0.05263157894736842,18,18,GAGCTGGGACGGTAGAGACC,0,525670
araCp,0.05263157894736842,18,18,GAGCTCGCGACGGCTACGCA,0,599756
araCp,0.05263157894736842,18,18,GAGCATGGTGGTCTCCAGCC,0,563430
araCp,0.05263157894736842,18,18,GAGACTTTACAGTAGTCGAT,0,542324
araCp,0.05263157894736842,18,18,GAGACTTAGTAGGTGTATAT,0,579634
araCp,0.05263157894736842,18,18,GACTTGTTCCCGTCCAGGTG,0,538757
araCp,0.05263157894736842,18,18,GACTTGGGCATGTAGTTTTA,0,531616
araCp,0.05263157894736842,18,18,GACTACCGGATGAATCACGC,0,573400
araCp,0.05263157894736842,18,18,GACGTGTGCTATAATAAAGA,0,551153
araCp,0.05263157894736842,18,18,GACGGTGCTGCGCCGGATGA,0,587285
araCp,0.05263157894736842,18,18,GACCGCAACCTGACAGGTGG,0,569613
araCp,0.05263157894736842,18,18,GACCGAATAATGTAATACGA,0,579455
araCp,0.05263157894736842,18,18,GACATCCGGAGTGCAGTTTG,0,552992
araCp,0.05263157894736842,18,18,GACAGCGGGCGCGCGCTCTA,0,574872
araCp,0.05263157894736842,18,18,GAAGCAGGCCCAAAAATGCA,0,570760
araCp,0.05263157894736842,18,18,GAAATTCCTATCAGTCATTC,0,552879
araCp,0.05263157894736842,18,18,GAAATAGGATGTTCGAAGTA,0,586139
araCp,0.05263157894736842,18,18,CTTTGTTACCTAAGAAACTG,0,575540
araCp,0.05263157894736842,18,18,CTTTCAACAACCTCACTTTA,0,578463
araCp,0.05263157894736842,18,18,CTTGATCACCGAATACACAA,0,553414
araCp,0.05263157894736842,18,18,CTTGACTTTTAAGTGCGGGG,0,554073
araCp,0.05263157894736842,18,18,CTTCCAAAGGGAGTGGTCAC,0,570012
araCp,0.05263157894736842,18,18,CTGTAAGCCCGATCGCGTTG,0,599759
araCp,0.05263157894736842,18,18,CTGGCGTACGATCGATCACA,0,602028
araCp,0.05263157894736842,18,18,CTGGCGGGCATTTAGAGCAT,0,552817
araCp,0.05263157894736842,18,18,CTGGCCCACACCATCCCTGG,0,595921
araCp,0.05263157894736842,18,18,CTGCGATAAGCTACTCAACA,0,563440
araCp,0.05263157894736842,18,18,CTGCCGGAAGGATCTAAGAA,0,585665
araCp,0.05263157894736842,18,18,CTCTGCTGTTCGTACTCCAG,0,556940
araCp,0.05263157894736842,18,18,CTCCTTAAAGGGATATATTT,0,597294
araCp,0.05263157894736842,18,18,CTAGATGCCACCTCGCACAA,0,596771
araCp,0.05263157894736842,18,18,CTACTCAAGTTGCAAGGAGC,0,572365
araCp,0.05263157894736842,18,18,CTACATGTTATTGGGCCGTG,0,529896
araCp,0.05263157894736842,18,18,CTAAGGTCCCAACTTCGTGC,0,549929
araCp,0.05263157894736842,18,18,CTAACCGAATAGCACAATGA,0,591389
araCp,0.05263157894736842,18,18,CTAACACAGACGTCAGAGTC,0,540187
araCp,0.05263157894736842,18,18,CTAAAAGATGTTAGAGGCAT,0,555761
araCp,0.05263157894736842,18,18,CGTGCATACAATGGTCCTAT,0,580136
araCp,0.05263157894736842,18,18,CGTGCAGCTGGGTCGCTTTG,0,565180
araCp,0.05263157894736842,18,18,CGTCTAAATGGAGATCATGT,0,560396
araCp,0.05263157894736842,18,18,CGTAGTACGGCTGATCTAGA,0,578537
araCp,0.05263157894736842,18,18,CGTAGCATGCTGCAGGTTTC,0,578039
araCp,0.05263157894736842,18,18,CGTACCTCTAGGTAAAGGAT,0,594231
araCp,0.05263157894736842,18,18,CGGTGAAGACGCCATCAGTA,0,589027
araCp,0.05263157894736842,18,18,CGGGTACAAATTTAGGCATC,0,587443
araCp,0.05263157894736842,18,18,CGGGGATTGACCTACAGCTA,0,534262
araCp,0.05263157894736842,18,18,CGGGCCGACTCGTTGACCGG,0,561447
araCp,0.05263157894736842,18,18,CGGCTTATGCGGCGTAACTC,0,551194
araCp,0.05263157894736842,18,18,CGGCTGGAGTTGAACCGGCT,0,581914
araCp,0.05263157894736842,18,18,CGGCTGCAGCGGTGCCGCTA,0,532920
araCp,0.05263157894736842,18,18,CGGCGGAGCCCGTCCTATCA,0,549940
araCp,0.05263157894736842,18,18,CGCTTTCGGACTCGAAAATC,0,545316
araCp,0.05263157894736842,18,18,CGCTTAGTCTCCACGGGTGC,0,596697
araCp,0.05263157894736842,18,18,CGCTGTTTGTGCGGTTTTCT,0,549122
araCp,0.05263157894736842,18,18,CGCTGCCACGCGTTGGGAAG,0,536703
araCp,0.05263157894736842,18,18,CGCTCGCGTTTACGTGACGC,0,525564
araCp,0.05263157894736842,18,18,CGCGTTGGTAGAGCACACAG,0,528710
araCp,0.05263157894736842,18,18,CGCGCTCGGGAATATTGCAG,0,548894
araCp,0.05263157894736842,18,18,CGCCACTGTGCAGAATAGGC,0,600977
araCp,0.05263157894736842,18,18,CGATTTTCTTTTATCAAACT,0,590117
araCp,0.05263157894736842,18,18,CGATTTTAGAGGCGACTCGA,0,549397
araCp,0.05263157894736842,18,18,CGATTGTAAACTCCTTTCGG,0,537267
araCp,0.05263157894736842,18,18,CGAGGGTCCATGAGGAAGTG,0,566226
araCp,0.05263157894736842,18,18,CGAGGGGCTTCGAAAGATTG,0,548351
araCp,0.05263157894736842,18,18,CGAGAGTCTACACTAGGAAT,0,554328
araCp,0.05263157894736842,18,18,CGACTACGTGGGCCATCAGG,0,597664
araCp,0.05263157894736842,18,18,CGACGTAAGTACGTGTGACT,0,562912
araCp,0.05263157894736842,18,18,CGAATAGTTAATAGCGGTGA,0,528535
araCp,0.05263157894736842,18,18,CGAACCATCGGCATAAAGTC,0,560568
araCp,0.05263157894736842,18,18,CGAAAGTTCGGCAGGGATGT,0,569542
araCp,0.05263157894736842,18,18,CCTTATCGGCCAAGAGATCG,0,574556
araCp,0.05263157894736842,18,18,CCTCTCGGTGGCTACCATTA,0,541732
araCp,0.05263157894736842,18,18,CCTAGGACGCTGACATGCGA,0,535330
araCp,0.05263157894736842,18,18,CCTAAGAGCAATATAGATCC,0,544316
araCp,0.05263157894736842,18,18,CCGGAGTGAAGACAGAACCT,0,555429
araCp,0.05263157894736842,18,18,CCGAGTGGCACCTCTGGACG,0,542944
araCp,0.05263157894736842,18,18,CCGAGCTCACTGGACATTAG,0,563562
araCp,0.05263157894736842,18,18,CCGAAGTGCTCCACCTCCTC,0,562500
araCp,0.05263157894736842,18,18,CCCTTTATACACCTGCGCAT,0,538905
araCp,0.05263157894736842,18,18,CCCTGCCACCGCACAGCTGT,0,568208
araCp,0.05263157894736842,18,18,CCCTCCCACTCAACGCTTCA,0,594688
araCp,0.05263157894736842,18,18,CCCGTTGATGGACGATGTGT,0,528617
araCp,0.05263157894736842,18,18,CCCCCCCTGTGCAAACGCGA,0,574894
araCp,0.05263157894736842,18,18,CCATGCCGGCCCACCGTGGT,0,562345
araCp,0.05263157894736842,18,18,CCAGTGAGATAGCGATGACT,0,525740
araCp,0.05263157894736842,18,18,CCAGTAGCGGGGCTGCGTGT,0,558674
araCp,0.05263157894736842,18,18,CCAGAGGCCTAACAACTTCC,0,533334
araCp,0.05263157894736842,18,18,CCACTTCGCGGGTACGATAT,0,551876
araCp,0.05263157894736842,18,18,CCAAGTCGTGATACTCCATC,0,597284
araCp,0.05263157894736842,18,18,CATGTAGAAAACTGCACGGT,0,560461
araCp,0.05263157894736842,18,18,CATCTCCATTCACGTCGAGG,0,577551
araCp,0.05263157894736842,18,18,CATCTAATTGGCAGCTTAAT,0,574461
araCp,0.05263157894736842,18,18,CATCGCGGCGGACGCTTGAC,0,561609
araCp,0.05263157894736842,18,18,CATCCCATGGTAAAGGACTA,0,545088
araCp,0.05263157894736842,18,18,CATCATCTGAGTTTTGCGCT,0,565063
araCp,0.05263157894736842,18,18,CAGTCTGAGCACTCTCCCAA,0,590281
araCp,0.05263157894736842,18,18,CAGTACAGACACTCTTGCAT,0,593756
araCp,0.05263157894736842,18,18,CAGGGTTGCCAAGCACCACT,0,569175
araCp,0.05263157894736842,18,18,CAGGGCCTTCGTGTGGCACA,0,536414
araCp,0.05263157894736842,18,18,CAGCCAACATTGAGTGCACT,0,583125
araCp,0.05263157894736842,18,18,CAGATCATCCACATGCCATT,0,596330
araCp,0.05263157894736842,18,18,CAGAAGGTTTAACCTATCAT,0,547903
araCp,0.05263157894736842,18,18,CAGAAAGTGGTCTCATGGAT,0,533669
araCp,0.05263157894736842,18,18,CACGCTCTCTCCACGGGTCA,0,592259
araCp,0.05263157894736842,18,18,CACGAGTGAGGGTGTAACAA,0,537521
araCp,0.05263157894736842,18,18,CACATTAAAGATATCGAGCT,0,595687
araCp,0.05263157894736842,18,18,CACAAGAATGTCTCCGTATA,0,601815
araCp,0.05263157894736842,18,18,CAATCCGCCCACGTCTATAG,0,587059
araCp,0.05263157894736842,18,18,CAAGCTTGGGTACCGCGCGT,0,549866
araCp,0.05263157894736842,18,18,CAAGCGAATTGCTTAGTCTT,0,602165
araCp,0.05263157894736842,18,18,CAAGCAAGTAAGTCCCCCCA,0,573912
araCp,0.05263157894736842,18,18,CAAGAGACAGGACTGCCCTA,0,552196
araCp,0.05263157894736842,18,18,CAACGCCTAATGTTTACGCT,0,547505
araCp,0.05263157894736842,18,18,CAACCAGCCAGAGTATTCCG,0,542044
araCp,0.05263157894736842,18,18,CAACCACGTGCTTACGGATA,0,526739
araCp,0.05263157894736842,18,18,CAAAGGGGGCGTAGGTGGAC,0,587238
araCp,0.05263157894736842,18,18,ATTTCGAACTGAACAGCCGG,0,591521
araCp,0.05263157894736842,18,18,ATTGGTGTGCTTATTATAGA,0,595334
araCp,0.05263157894736842,18,18,ATTGGAGCTAATGGCTCCCT,0,535006
araCp,0.05263157894736842,18,18,ATTACTGGGAATGATGCCCT,0,588086
araCp,0.05263157894736842,18,18,ATGTTTCACTTGGGGTCGCC,0,557746
araCp,0.05263157894736842,18,18,ATGTTAACGCTGGTTGTAAG,0,578380
araCp,0.05263157894736842,18,18,ATGTGTGTTACAGCGCCTGG,0,567222
araCp,0.05263157894736842,18,18,ATGGGTGCCACAAGGTACAG,0,546234
araCp,0.05263157894736842,18,18,ATGGGTAGTAACGTTTCCAT,0,603406
araCp,0.05263157894736842,18,18,ATGGGCGAATCAGAGATGGG,0,553767
araCp,0.05263157894736842,18,18,ATGGAAGTGCGGTCTGGTGC,0,549661
araCp,0.05263157894736842,18,18,ATGCGGACAGTGAAGCAGCT,0,551924
araCp,0.05263157894736842,18,18,ATGATGGACAGCGACGATTG,0,575126
araCp,0.05263157894736842,18,18,ATCTCGCCGGTCATGCGCGG,0,563482
araCp,0.05263157894736842,18,18,ATCTATAGGGGCCACGGTTG,0,564831
araCp,0.05263157894736842,18,18,ATCTATAAACTGTCCTAGGC,0,573788
araCp,0.05263157894736842,18,18,ATCTACATAGAATCAGATAC,0,575495
araCp,0.05263157894736842,18,18,ATCGTCGTTACATGGGCGAA,0,588932
araCp,0.05263157894736842,18,18,ATCGGTCGGCATGGCTTCAT,0,539742
araCp,0.05263157894736842,18,18,ATCGGAGTCGAGCAAAACTT,0,577621
araCp,0.05263157894736842,18,18,ATCGAACGTCACTCTGTTGC,0,564623
araCp,0.05263157894736842,18,18,ATCCTGTTCTCGATCAACGG,0,527159
araCp,0.05263157894736842,18,18,ATCCGACAACGGCTCTTAGA,0,566801
araCp,0.05263157894736842,18,18,ATCAGCCCGAGATGAGGGTT,0,538259
araCp,0.05263157894736842,18,18,ATAAGGAACCGGCGAGGCTA,0,592629
araCp,0.05263157894736842,18,18,AGTTCAGGTTTTACGCCTAC,0,581319
araCp,0.05263157894736842,18,18,AGTCAAAGCAAATCTTACCA,0,539032
araCp,0.05263157894736842,18,18,AGTAGACCTGCTTGTCCTCA,0,534806
araCp,0.05263157894736842,18,18,AGGTATTAGCTCGTGACCAA,0,571910
araCp,0.05263157894736842,18,18,AGGCCCCGTGGCTCCCTATT,0,537557
araCp,0.05263157894736842,18,18,AGGATTGAGGGATCAGATGA,0,547859
araCp,0.05263157894736842,18,18,AGGAGATTTAGGCTTAATAT,0,551942
araCp,0.05263157894736842,18,18,AGCTATCGCGGTGTAGCGGG,0,544096
araCp,0.05263157894736842,18,18,AGCTAATACGATGGTCTACG,0,541573
araCp,0.05263157894736842,18,18,AGCGTATTACGAATGGCACC,0,553095
araCp,0.05263157894736842,18,18,AGCCCTGTAAGAGCTCTAAT,0,586737
araCp,0.05263157894736842,18,18,AGCCACGCTATAAGAGAGGT,0,578334
araCp,0.05263157894736842,18,18,AGCAGATATACCTAGGGCCT,0,577631
araCp,0.05263157894736842,18,18,AGATGAACAGTGTCGTCAAT,0,563404
araCp,0.05263157894736842,18,18,ACTTCGGGGTATGACTGCCC,0,596554
araCp,0.05263157894736842,18,18,ACTTCACGGTCTTCGGGACT,0,597932
araCp,0.05263157894736842,18,18,ACTGTAGAAGGTGGTCCGCG,0,601477
araCp,0.05263157894736842,18,18,ACTCTTGATGCTATACAGCG,0,597969
araCp,0.05263157894736842,18,18,ACTAACCCCTTGGAGTGACT,0,598866
araCp,0.05263157894736842,18,18,ACGTAGCGCTAGCGAAGGAT,0,595330
araCp,0.05263157894736842,18,18,ACGGTCGAGACGGGTAGTCA,0,542917
araCp,0.05263157894736842,18,18,ACGCAGGCAAGTGCTGCGTT,0,594624
araCp,0.05263157894736842,18,18,ACGAGGATGGCCGCGTGGAA,0,544487
araCp,0.05263157894736842,18,18,ACGACGCTGCGACTTGAGTT,0,537569
araCp,0.05263157894736842,18,18,ACCTTCGTCCGCCGCAGTAA,0,544698
araCp,0.05263157894736842,18,18,ACCTAAGGCAATTATCCAGA,0,595654
araCp,0.05263157894736842,18,18,ACCCTACTGACTATCTAGTG,0,580642
araCp,0.05263157894736842,18,18,ACCAGTGGATAACATCCCGT,0,561185
araCp,0.05263157894736842,18,18,ACCACTCGACGAGGCAGCAG,0,587588
araCp,0.05263157894736842,18,18,AATTCTGGCTGATTCTCAAA,0,528364
araCp,0.05263157894736842,18,18,AATTAGGCGTCTCAGAAACC,0,580025
araCp,0.05263157894736842,18,18,AATGCCGCAAAATACTGTGT,0,537121
araCp,0.05263157894736842,18,18,AATCGAGTATGCGTAGCTCA,0,586104
araCp,0.05263157894736842,18,18,AATCACCCCGTGGGATCTGA,0,537964
araCp,0.05263157894736842,18,18,AATAAAACTTGTGGAGCCAT,0,600799
araCp,0.05263157894736842,18,18,AAGGTAATCCCGGCTCTCGT,0,585555
araCp,0.05263157894736842,18,18,AAGGGTTGATCTATTGAGTG,0,557168
araCp,0.05263157894736842,18,18,AAGCTGCCGACGTTCGCGTG,0,580273
araCp,0.05263157894736842,18,18,AAGCGTGTGGGATACTTTTA,0,576432
araCp,0.05263157894736842,18,18,AAGATGTACACCCACGGGAT,0,561773
araCp,0.05263157894736842,18,18,AAGAGCACAGACGGTAAATC,0,537560
araCp,0.05263157894736842,18,18,AAGAGATAGCAGCGTTGGCT,0,566171
araCp,0.05263157894736842,18,18,AAGAGAGTGTATTGGGCTTA,0,589270
araCp,0.05263157894736842,18,18,AACTCGAGCATGGATGACGA,0,576872
araCp,0.05263157894736842,18,18,AACGTTCCGGGAGGCAGTTA,0,570817
araCp,0.05263157894736842,18,18,AACGGAAGGGTTTTGATCGG,0,544213
araCp,0.05263157894736842,18,18,AACATAACCTCTGTCTCGTC,0,550682
araCp,0.05263157894736842,18,18,AACAGGTTGCGGAGACGTAA,0,569579
araCp,0.05263157894736842,18,18,AACAGGGGGTAGTGCCAGGT,0,569084
araCp,0.05263157894736842,18,18,AACACGAGCAGATGTGAATC,0,570643
araCp,0.05263157894736842,18,18,AAAGTCGTCAAGATGCGTAC,0,596217
araCp,0.05263157894736842,18,18,AAAGGTTTCACCTAGTGCGG,0,557808
araCp,0.05263157894736842,18,18,AAAGACCGAACAATGGATAC,0,574801
araCp,0.05263157894736842,18,18,AAACTTCACGTGAATCTCAA,0,602225
araCp,0.05263157894736842,18,18,AAAAATTGGCTAACGTATAG,0,551667
araCp,0.05263157894736842,18,18,AAAAACTGCGCTGAGTTAAT,0,535992
araCp,0.05555555555555555,17,17,TTTTTGAAGTGCATGTGCGC,0,588019
araCp,0.05555555555555555,17,17,TTTTGCTTCAGGCCTAGTTT,0,599922
araCp,0.05555555555555555,17,17,TTTTCCACTTCGGCTAGTAT,0,533394
araCp,0.05555555555555555,17,17,TTTGAGGAAGTTGGGAATGA,0,571721
araCp,0.05555555555555555,17,17,TTTATGATAAACGGCGGGTG,0,542708
araCp,0.05555555555555555,17,17,TTGTTACAGCAATATAGTCT,0,575109
araCp,0.05555555555555555,17,17,TTGCATCTGGTCTAGTCGAA,0,534922
araCp,0.05555555555555555,17,17,TTGATTAGGGTGGCTCTCGT,0,553621
araCp,0.05555555555555555,17,17,TTGAGTTAGTTCTTGTGTTT,0,563909
araCp,0.05555555555555555,17,17,TTGAGGTTCAGAAGGAAGCT,0,544625
araCp,0.05555555555555555,17,17,TTGACTTTATTGGTCTGTCT,0,541617
araCp,0.05555555555555555,17,17,TTCTTTCATAGAACATCAGG,0,531692
araCp,0.05555555555555555,17,17,TTCTGGCTCGAGACGAGGTA,0,591411
araCp,0.05555555555555555,17,17,TTCGTTGCATAGCCGGATGT,0,567105
araCp,0.05555555555555555,17,17,TTCGAAGGGAGCAAACGTCC,0,582302
araCp,0.05555555555555555,17,17,TTCCGTTTCGTTGACTGGTC,0,599385
araCp,0.05555555555555555,17,17,TTCCGTGCGCCCTAGGGATG,0,545721
araCp,0.05555555555555555,17,17,TTCCGCAGAAGGCTTCTCTG,0,568865
araCp,0.05555555555555555,17,17,TTCCCACAGCGGGTTCCGCT,0,599884
araCp,0.05555555555555555,17,17,TTCCACATCTTTCCAGTTAT,0,549321
araCp,0.05555555555555555,17,17,TTCAAGGATGTCAAAAGAGA,0,594898
araCp,0.05555555555555555,17,17,TTATACTTCGGGGTTCTACA,0,540325
araCp,0.05555555555555555,17,17,TTAGCTCCAGCTCAAGTATT,0,547169
araCp,0.05555555555555555,17,17,TTACTGATTAGAAGTGTTAT,0,564916
araCp,0.05555555555555555,17,17,TGTTACTGGATCATGTGACT,0,572666
araCp,0.05555555555555555,17,17,TGTCTAGATCCCCCACAAGT,0,572169
araCp,0.05555555555555555,17,17,TGGTATAACTTGAGTTGGTA,0,585717
araCp,0.05555555555555555,17,17,TGGGTGAACAGCGGAGCTTT,0,558926
araCp,0.05555555555555555,17,17,TGGCCCTGCCACCGCACCTG,0,581514
araCp,0.05555555555555555,17,17,TGGCCACGTCCTCATTGGTG,0,548654
araCp,0.05555555555555555,17,17,TGGCAACATTATACTTAGGC,0,592225
araCp,0.05555555555555555,17,17,TGGAGTTGTCGGCTAACGTC,0,549682
araCp,0.05555555555555555,17,17,TGGACTTCGCTGGCAGAGCC,0,529685
araCp,0.05555555555555555,17,17,TGGACAATACGAGAAAGGCA,0,596981
araCp,0.05555555555555555,17,17,TGGAAGGGACAGTAGCACTA,0,536553
araCp,0.05555555555555555,17,17,TGGAACTAGGGGTTGGTATT,0,535390
araCp,0.05555555555555555,17,17,TGCGGGGTGTTGGTTGTAGT,0,548600
araCp,0.05555555555555555,17,17,TGCGGATCAGAGTTGATACA,0,572541
araCp,0.05555555555555555,17,17,TGCGGAGCGACCGCTTGCCT,0,548233
araCp,0.05555555555555555,17,17,TGCATGGGAACTACTGGTTT,0,591431
araCp,0.05555555555555555,17,17,TGCAGGACCCACTACCCTTG,0,586729
araCp,0.05555555555555555,17,17,TGCACGTTGCGTCCTGGGGT,0,534246
araCp,0.05555555555555555,17,17,TGATTGGGCGGATCCCATCT,0,555799
araCp,0.05555555555555555,17,17,TGATTGCAGGTGCCGGTAGT,0,572860
araCp,0.05555555555555555,17,17,TGATGATGCCGGCTATATCA,0,595305
araCp,0.05555555555555555,17,17,TGAGTCAGCGTCACTCGGAG,0,566108
araCp,0.05555555555555555,17,17,TGACGTGTCGGGCCGGGGGT,0,560335
araCp,0.05555555555555555,17,17,TGACCTCAAGACGAGCCATA,0,533349
araCp,0.05555555555555555,17,17,TGAATCGTACGCCAGTACTC,0,539432
araCp,0.05555555555555555,17,17,TGAATCCCTGACAGCACACA,0,573084
araCp,0.05555555555555555,17,17,TCTTTACACTAATAATGTTG,0,599149
araCp,0.05555555555555555,17,17,TCTGGCGGGTAAGAGTCTGC,0,572988
araCp,0.05555555555555555,17,17,TCTCAGGTCTGGGGTTCGAA,0,563941
araCp,0.05555555555555555,17,17,TCGGTCCATAGAGTTCGACA,0,544388
araCp,0.05555555555555555,17,17,TCGGTCACTTCTCCTGTCAT,0,526876
araCp,0.05555555555555555,17,17,TCGGCGACCGCATCGTTTAA,0,555633
araCp,0.05555555555555555,17,17,TCGACAGGTCGGGGGACTAT,0,544217
araCp,0.05555555555555555,17,17,TCCTTCTTTAATTCATCCTA,0,568463
araCp,0.05555555555555555,17,17,TCCGACCCCTTGTACGAGTA,0,587054
araCp,0.05555555555555555,17,17,TCCATGTCTTCTGGTAACTT,0,572803
araCp,0.05555555555555555,17,17,TCATTTGACTCTAAGGTGAG,0,585494
araCp,0.05555555555555555,17,17,TCATAAGTGTATGCCCTGAA,0,551677
araCp,0.05555555555555555,17,17,TCACATCCTACAAGTACACG,0,555138
araCp,0.05555555555555555,17,17,TATGGGTTCGACAAGATCTA,0,562266
araCp,0.05555555555555555,17,17,TATCTACGCATGCTAAAAAA,0,544170
araCp,0.05555555555555555,17,17,TATATTGCCGAGGCGCCTTA,0,540666
araCp,0.05555555555555555,17,17,TATATACCCCTTTAGGCTAT,0,586154
araCp,0.05555555555555555,17,17,TAGGCGCTCCTCTATTGTGT,0,535102
araCp,0.05555555555555555,17,17,TAGGCCTAAATGCGGTTGTT,0,597114
araCp,0.05555555555555555,17,17,TAGGACTTAAGCCACCGCAC,0,571260
araCp,0.05555555555555555,17,17,TAGGAATTGGGCGCGCGGAA,0,588062
araCp,0.05555555555555555,17,17,TAGCTTGAAGGGGTACAATT,0,586875
araCp,0.05555555555555555,17,17,TAGCCTATCCTATGAAGCTC,0,563137
araCp,0.05555555555555555,17,17,TAGCCCGTGGCGTGATAAAG,0,558476
araCp,0.05555555555555555,17,17,TAGCATCCTATAATGTGAAT,0,543322
araCp,0.05555555555555555,17,17,TAGATTACGGCTCCAAATGC,0,535493
araCp,0.05555555555555555,17,17,TAGACCCGGTAAACCGCTTA,0,568138
araCp,0.05555555555555555,17,17,TAGAAGGCGGTCTCCAAAAT,0,577025
araCp,0.05555555555555555,17,17,TACTGGGAAAGACATAAGGA,0,558981
araCp,0.05555555555555555,17,17,TACCTACACGTCAAACGGTT,0,550138
araCp,0.05555555555555555,17,17,TACCCTGGTCGCAACTGCAT,0,561038
araCp,0.05555555555555555,17,17,TACCAGCAGGTTCACCGATC,0,584255
araCp,0.05555555555555555,17,17,TACATAACTATTTCGACCGA,0,546055
araCp,0.05555555555555555,17,17,TACACACTTCGGATTTGCTC,0,525904
araCp,0.05555555555555555,17,17,TAATTTGAGCAGAAAGCGGG,0,535560
araCp,0.05555555555555555,17,17,TAATCGCACTTATAATATAG,0,581002
araCp,0.05555555555555555,17,17,TAAGAGTAGTGGTTTTAAGC,0,581124
araCp,0.05555555555555555,17,17,TAACGCGGCGGACCCAAGAT,0,582170
araCp,0.05555555555555555,17,17,TAACGCGCCGCGGCAAATAA,0,538098
araCp,0.05555555555555555,17,17,TAACCCTAGCCAGCCCCCAA,0,576405
araCp,0.05555555555555555,17,17,TAAAAGTGGAGCGAAAACCC,0,582850
araCp,0.05555555555555555,17,17,GTTTGGCATACTTGGGGCAT,0,538856
araCp,0.05555555555555555,17,17,GTTGTTGGTAGCTCACGTTG,0,557826
araCp,0.05555555555555555,17,17,GTTGGTGGGTGGCGGTACAT,0,550462
araCp,0.05555555555555555,17,17,GTTGGCGGTCCGTAAGCCGC,0,568699
araCp,0.05555555555555555,17,17,GTTCTCCGATAACTATGCAG,0,553937
araCp,0.05555555555555555,17,17,GTTATATTTACTCTCAATCG,0,595563
araCp,0.05555555555555555,17,17,GTGTGCACTAACGCATCCTG,0,567565
araCp,0.05555555555555555,17,17,GTGTCCAGATTGGGTACCAG,0,576724
araCp,0.05555555555555555,17,17,GTGGCTACGGGGAAGAGGCA,0,571170
araCp,0.05555555555555555,17,17,GTGGCCGTCGTGCCGTCATT,0,551664
araCp,0.05555555555555555,17,17,GTGGCAACTCCAGGCTTGAA,0,584153
araCp,0.05555555555555555,17,17,GTGCGGAAGAACTAAGTTCT,0,578458
araCp,0.05555555555555555,17,17,GTGCCCAAAAGAGCCTCTTA,0,595795
araCp,0.05555555555555555,17,17,GTGCAAGATAACCTCTCTTG,0,532388
araCp,0.05555555555555555,17,17,GTGACCGCACTTTAAATCAT,0,543761
araCp,0.05555555555555555,17,17,GTCGGTCAAGAAAGTCCTAG,0,550149
araCp,0.05555555555555555,17,17,GTCGGAACACGGATGTGGCG,0,596780
araCp,0.05555555555555555,17,17,GTCGCCGGCGCAGTTCTGTA,0,579654
araCp,0.05555555555555555,17,17,GTCCGCTGTATGTGTGATAA,0,541790
araCp,0.05555555555555555,17,17,GTCCAGCCTCCAATGGGAGG,0,542852
araCp,0.05555555555555555,17,17,GTATCGGTAGAGGTGGCTGG,0,575258
araCp,0.05555555555555555,17,17,GTAGCATGCGACCCGTGTAG,0,567682
araCp,0.05555555555555555,17,17,GGTTGGCATTGTTGCGTGAA,0,583568
araCp,0.05555555555555555,17,17,GGTTGATTGCGTTTCAGGGA,0,587940
araCp,0.05555555555555555,17,17,GGTTATAGCTTGGCAAACGT,0,547570
araCp,0.05555555555555555,17,17,GGTTAGCTTGTCGAACGAAA,0,565743
araCp,0.05555555555555555,17,17,GGTCTACCCAGGGACAATAT,0,542955
araCp,0.05555555555555555,17,17,GGTCCGTGGCCACAAGACAG,0,583233
araCp,0.05555555555555555,17,17,GGTCACAGGTGGGAAGCCTA,0,594487
araCp,0.05555555555555555,17,17,GGTACCGGTTCGGTCCCCTG,0,600314
araCp,0.05555555555555555,17,17,GGTAAATACTGCCTGATCCA,0,571788
araCp,0.05555555555555555,17,17,GGGTGTCACGGGGAGGCAGA,0,558754
araCp,0.05555555555555555,17,17,GGGTCGTCGGATGACAACCG,0,547447
araCp,0.05555555555555555,17,17,GGGGGGGCCGGCATTCAAGG,0,561920
araCp,0.05555555555555555,17,17,GGGGCAGTAGTAGGGCGGCA,0,599977
araCp,0.05555555555555555,17,17,GGGCGCACCCTTTTCTAATA,0,601368
araCp,0.05555555555555555,17,17,GGGCACACCACCAGCCCGAT,0,539860
araCp,0.05555555555555555,17,17,GGGAGCTAAATCCTCGAGGC,0,556054
araCp,0.05555555555555555,17,17,GGGAATTCGCTCATGTAATG,0,562678
araCp,0.05555555555555555,17,17,GGGAAGGTCGCCAGGCAGGC,0,569416
araCp,0.05555555555555555,17,17,GGCGGCCGAAACACGCCACA,0,539709
araCp,0.05555555555555555,17,17,GGCGATCCAGGACTTTTTTA,0,541989
araCp,0.05555555555555555,17,17,GGCGACGATTACACCATGGA,0,603046
araCp,0.05555555555555555,17,17,GGCACTTCTCAAGCCTGTCA,0,544108
araCp,0.05555555555555555,17,17,GGATGACGAAAGCGCCACGT,0,571856
araCp,0.05555555555555555,17,17,GGATACAAATATGGGTTATC,0,580582
araCp,0.05555555555555555,17,17,GGAGTATGTTATTATGGCGG,0,527540
araCp,0.05555555555555555,17,17,GGAGGCGTCTTTGTGACAAT,0,530838
araCp,0.05555555555555555,17,17,GGAGCGACCTGGCTTTTACC,0,576763
araCp,0.05555555555555555,17,17,GGAGAAGTGCCTACTTGGCT,0,599678
araCp,0.05555555555555555,17,17,GGACAGCTATAGCTGGCAGA,0,537330
araCp,0.05555555555555555,17,17,GGAATGATCCGGGATCGGTC,0,562050
araCp,0.05555555555555555,17,17,GCTTGATCGGCCTCCGTCTG,0,580584
araCp,0.05555555555555555,17,17,GCTCGGTCTCTTAGCAGGCA,0,561036
araCp,0.05555555555555555,17,17,GCTATATCGGACCGGCCGGT,0,593859
araCp,0.05555555555555555,17,17,GCGTACGGACCTTTAGACTT,0,559322
araCp,0.05555555555555555,17,17,GCGTACGCGTGTGCCGCGAA,0,584763
araCp,0.05555555555555555,17,17,GCGTAACCCTATAGCGGGTC,0,571689
araCp,0.05555555555555555,17,17,GCGGCGTACTTGGGAACTGC,0,549247
araCp,0.05555555555555555,17,17,GCGGACTTTTGCACGATTAG,0,575634
araCp,0.05555555555555555,17,17,GCGCGTTAGACGCATACGCA,0,548955
araCp,0.05555555555555555,17,17,GCCTTCTTTACTCGCCAATG,0,580021
araCp,0.05555555555555555,17,17,GCCTGTTCATCCAATATATG,0,558482
araCp,0.05555555555555555,17,17,GCCTCACTAGTCGGAGATTC,0,593802
araCp,0.05555555555555555,17,17,GCCCCTGCAGTAGATCGGTG,0,602195
araCp,0.05555555555555555,17,17,GCATCCCATGTGACGAGATA,0,555433
araCp,0.05555555555555555,17,17,GCAGGGGATGTGGTCAATGC,0,535474
araCp,0.05555555555555555,17,17,GCAGGCGGATCATTAGGAGA,0,562929
araCp,0.05555555555555555,17,17,GCACTTAAACAGGCGTCAAA,0,563383
araCp,0.05555555555555555,17,17,GATTTTGGTATTCTGCGTTG,0,555146
araCp,0.05555555555555555,17,17,GATGTGCGATTCTTGTTAGA,0,530333
araCp,0.05555555555555555,17,17,GATGGACCAAGCGGTACTAT,0,603151
araCp,0.05555555555555555,17,17,GATCTCACGCAAGGAATCTG,0,553590
araCp,0.05555555555555555,17,17,GATCACAAGTACCCAAGCGT,0,593862
araCp,0.05555555555555555,17,17,GATATGAGACGCGGGCGATA,0,559306
araCp,0.05555555555555555,17,17,GATATATTGTGTACAAAGTT,0,576566
araCp,0.05555555555555555,17,17,GATAGGTTTACTGCCTGGAT,0,590919
araCp,0.05555555555555555,17,17,GATAGGCAATTACGCGGTGT,0,528715
araCp,0.05555555555555555,17,17,GAGTATCCGCACTACCGGAC,0,568748
araCp,0.05555555555555555,17,17,GAGTAGAGAGTGACGCTTGT,0,578340
araCp,0.05555555555555555,17,17,GAGTACCCAATTTACATACA,0,546919
araCp,0.05555555555555555,17,17,GAGTACAGTCTCGAGCGCAG,0,593917
araCp,0.05555555555555555,17,17,GAGGTATAGGGGACAGGCAT,0,593419
araCp,0.05555555555555555,17,17,GAGGCTGACATGGCGGTACA,0,567827
araCp,0.05555555555555555,17,17,GAGGATAACGGGGTAAGGGA,0,551481
araCp,0.05555555555555555,17,17,GAGCAAGAGAACAGTGATGT,0,536611
araCp,0.05555555555555555,17,17,GAGATTACACATGCCACGTG,0,530944
araCp,0.05555555555555555,17,17,GAGACATACCGCGCATGGCA,0,544387
araCp,0.05555555555555555,17,17,GACTCTCATTCGGGGTTCGA,0,576014
araCp,0.05555555555555555,17,17,GACGTCGTATCAAGGCGAAT,0,546491
araCp,0.05555555555555555,17,17,GACCAGACAAACAGGAGTTA,0,569851
araCp,0.05555555555555555,17,17,GACAGACTGACTGCTTTTAC,0,559702
araCp,0.05555555555555555,17,17,GACACTATTACGTCCGTCTC,0,594627
araCp,0.05555555555555555,17,17,GACAAAGGATACCCTGAGCT,0,549068
araCp,0.05555555555555555,17,17,GAAGGCTTCAACGCTGGGTC,0,573725
araCp,0.05555555555555555,17,17,GAAGGACCCTCGGGCCAGGA,0,572780
araCp,0.05555555555555555,17,17,GAAGACTTCTGGAGAATTTG,0,536100
araCp,0.05555555555555555,17,17,GAACGAAGTCGCCGAGAAAT,0,578817
araCp,0.05555555555555555,17,17,GAAACGGGGCAGTGTATGAA,0,581535
araCp,0.05555555555555555,17,17,GAAACGGAGAAGGCCATACT,0,601072
araCp,0.05555555555555555,17,17,GAAAATGTTGCAGGGATTCC,0,578887
araCp,0.05555555555555555,17,17,CTTTTAGACATAGGATACAT,0,541795
araCp,0.05555555555555555,17,17,CTTTGTTTCGGACTTCGGTA,0,598931
araCp,0.05555555555555555,17,17,CTTTAAATGTCATAGACGGG,0,568941
araCp,0.05555555555555555,17,17,CTTGTAAAAGCTATTCTACA,0,588063
araCp,0.05555555555555555,17,17,CTTGGCTCGGTGACGGTTAC,0,536427
araCp,0.05555555555555555,17,17,CTTGAATGAGTCAGGGTGCT,0,571935
araCp,0.05555555555555555,17,17,CTTCGTTTCCGATTTGTAGA,0,597476
araCp,0.05555555555555555,17,17,CTTCGTGAACCATCAGCTAT,0,539656
araCp,0.05555555555555555,17,17,CTTCGTAAAGGGATACGGGG,0,590065
araCp,0.05555555555555555,17,17,CTTCACAGACAGATTAGAAC,0,538534
araCp,0.05555555555555555,17,17,CTTAACCGCAAATCTTTTGA,0,567233
araCp,0.05555555555555555,17,17,CTGTGAGCCTGGCGAACGCT,0,530389
araCp,0.05555555555555555,17,17,CTGTGACTTTGGTTCCGCGT,0,556164
araCp,0.05555555555555555,17,17,CTGTATGGGCGGTTATAATG,0,571118
araCp,0.05555555555555555,17,17,CTGGGCATCGCAGGGAGCAT,0,567558
araCp,0.05555555555555555,17,17,CTGGCGTCAGGTTAGAGCTG,0,542953
araCp,0.05555555555555555,17,17,CTCGCATAGGCATCAGCCAG,0,591234
araCp,0.05555555555555555,17,17,CTCGAGGCTGATCACGGAAA,0,584729
araCp,0.05555555555555555,17,17,CTATTCGACACCAACGTGCT,0,539696
araCp,0.05555555555555555,17,17,CTATAACTTCGGTAAATAAT,0,551959
araCp,0.05555555555555555,17,17,CTAGCCTATGGACCGAGCGA,0,536374
araCp,0.05555555555555555,17,17,CTAGCCGTTTGCAAATCAAA,0,582318
araCp,0.05555555555555555,17,17,CTACCTGGAATTATTCGCTG,0,537205
araCp,0.05555555555555555,17,17,CTAATCCCTGGGGGTTTGCA,0,569111
araCp,0.05555555555555555,17,17,CTAATCATACCCTCATTCTG,0,581625
araCp,0.05555555555555555,17,17,CTAAGCATCGTTATGTATGG,0,597026
araCp,0.05555555555555555,17,17,CTAAAATAGAGCTGAACCTT,0,553352
araCp,0.05555555555555555,17,17,CGTTTACTCTAAGGTGGTGA,0,571429
araCp,0.05555555555555555,17,17,CGTTCGGTGACCCTCCTGCA,0,564432
araCp,0.05555555555555555,17,17,CGTTACCGACCCAATTAGGA,0,554371
araCp,0.05555555555555555,17,17,CGTGCAGAAGGCAGTCATGT,0,547448
araCp,0.05555555555555555,17,17,CGTGATAGCGCAATCGATTC,0,565239
araCp,0.05555555555555555,17,17,CGTCATGATGTTTGGAGTTG,0,543251
araCp,0.05555555555555555,17,17,CGTATGGCAGTGGTCGTTGC,0,541057
araCp,0.05555555555555555,17,17,CGTACTGCGGACTGCAAGCA,0,584895
araCp,0.05555555555555555,17,17,CGGGGCAGTTACCTCGGTCA,0,540922
araCp,0.05555555555555555,17,17,CGGGATGTACATCGGTGCTT,0,544040
araCp,0.05555555555555555,17,17,CGGCTAAGATGCCCAGATTA,0,552323
araCp,0.05555555555555555,17,17,CGGACGGCTATCAAGTGTGA,0,538535
araCp,0.05555555555555555,17,17,CGGACGCCGTCGAGGATGTG,0,537220
araCp,0.05555555555555555,17,17,CGGACCCAGTCACCGGACAG,0,603276
araCp,0.05555555555555555,17,17,CGCTTGTCAAGGGAATGGTT,0,542907
araCp,0.05555555555555555,17,17,CGCGTCATGCGATTTTCAAA,0,588846
araCp,0.05555555555555555,17,17,CGCGACTCGGTGTGACTATA,0,527020
araCp,0.05555555555555555,17,17,CGCACATTAAAAACATGCAA,0,575249
araCp,0.05555555555555555,17,17,CGATTGTCGTCGTGGGAGCT,0,590853
araCp,0.05555555555555555,17,17,CGATTCTTACTAGGGCGACA,0,559801
araCp,0.05555555555555555,17,17,CGATAGTCGGCCTTCCTATA,0,550953
araCp,0.05555555555555555,17,17,CGAGTATAGAAGATTTGTGA,0,579307
araCp,0.05555555555555555,17,17,CGAGCTCTGAGTTGCCCAAG,0,570451
araCp,0.05555555555555555,17,17,CGAGCAGCATTAGTATTTGT,0,548552
araCp,0.05555555555555555,17,17,CGACGCATATGTGAGTGAGG,0,582766
araCp,0.05555555555555555,17,17,CGACGCACGGCCGGGGGCTT,0,581626
araCp,0.05555555555555555,17,17,CGAATGGGTAATATATCATA,0,529320
araCp,0.05555555555555555,17,17,CCTTTACTCAAGGGAAACTG,0,600237
araCp,0.05555555555555555,17,17,CCTTATGCAGGTCGGCCGAC,0,565807
araCp,0.05555555555555555,17,17,CCTGGTTAATTGGGGTAAAA,0,600089
araCp,0.05555555555555555,17,17,CCTGGGGTCACTGGGAAATA,0,562555
araCp,0.05555555555555555,17,17,CCTGGACGTCGTTGACTTTG,0,567009
araCp,0.05555555555555555,17,17,CCTGACGTCTATGACACGGC,0,559537
araCp,0.05555555555555555,17,17,CCGTTCCATTGAATCATGAA,0,570882
araCp,0.05555555555555555,17,17,CCGTCAACCTTACGTTTCGA,0,543058
araCp,0.05555555555555555,17,17,CCGGAGATTGAGACCGAAGC,0,578660
araCp,0.05555555555555555,17,17,CCGCCCTATATATGTATGAT,0,577788
araCp,0.05555555555555555,17,17,CCGACAGCTCATTGGTCTTT,0,570656
araCp,0.05555555555555555,17,17,CCGACAAGGGCAGCCGTTGC,0,530002
araCp,0.05555555555555555,17,17,CCCTTGTCCTAGCGTAGTGC,0,566154
araCp,0.05555555555555555,17,17,CCCTTATATCCCCATATGGT,0,566972
araCp,0.05555555555555555,17,17,CCCGGGTGGACATGTGGCAG,0,601903
araCp,0.05555555555555555,17,17,CCCGGGTGACCCCCGACTCG,0,599134
araCp,0.05555555555555555,17,17,CCCGCTAGGGCGAGCTTATC,0,585690
araCp,0.05555555555555555,17,17,CCCACCTAGTGATCGGTGCA,0,532470
araCp,0.05555555555555555,17,17,CCATCACGGGGTTGAGATTT,0,558457
araCp,0.05555555555555555,17,17,CCAGTTTGTACCGCTGACTG,0,551598
araCp,0.05555555555555555,17,17,CCAGCACAGTCTTCAATTCT,0,531420
araCp,0.05555555555555555,17,17,CCACTTGATGTCGCGCTTAG,0,573381
araCp,0.05555555555555555,17,17,CCACTAAATAAGCTGCGATA,0,582677
araCp,0.05555555555555555,17,17,CCAATTTCGCGCACTATGAT,0,603676
araCp,0.05555555555555555,17,17,CATCCTGGGGGAGGAAATGG,0,562323
araCp,0.05555555555555555,17,17,CATATAATGGATGTAACGAA,0,579718
araCp,0.05555555555555555,17,17,CATAGGGATGGACGTCCTTC,0,557971
araCp,0.05555555555555555,17,17,CATAGAATTCTTGAATGGAA,0,571495
araCp,0.05555555555555555,17,17,CATAAATCTCAAAGCGGGTA,0,577379
araCp,0.05555555555555555,17,17,CAGTTGGGGATTTATGAACG,0,589310
araCp,0.05555555555555555,17,17,CAGGAGGGGGTACTGCGTCG,0,534182
araCp,0.05555555555555555,17,17,CAGCAGGAAGTTCTTGGCCG,0,559647
araCp,0.05555555555555555,17,17,CAGAAATACAATGGGGAAGT,0,543583
araCp,0.05555555555555555,17,17,CACTTTCCGGTCCGAGCTCG,0,595438
araCp,0.05555555555555555,17,17,CACTTGGGACTATGTCGCTA,0,544553
araCp,0.05555555555555555,17,17,CACTGCGGGACCATATTTGG,0,537853
araCp,0.05555555555555555,17,17,CACGTGGAAATTAGTACCTT,0,558436
araCp,0.05555555555555555,17,17,CACGCTGGCCCATTTTTCTA,0,532389
araCp,0.05555555555555555,17,17,CACGCACGCGAGCTCAAAGA,0,566960
araCp,0.05555555555555555,17,17,CACCATATTGAAGCCTGACC,0,543704
araCp,0.05555555555555555,17,17,CACATGGCCGGCTTAGACTG,0,547887
araCp,0.05555555555555555,17,17,CACAATGTTCAACGTCATTC,0,580047
araCp,0.05555555555555555,17,17,CAAGCCTACTCCTCAGTATG,0,594618
araCp,0.05555555555555555,17,17,CAACGAGAGTATGGAAGCCG,0,578553
araCp,0.05555555555555555,17,17,ATTTTAACATCTGGGCTCAG,0,537949
araCp,0.05555555555555555,17,17,ATTGTTGCCAACATACAGAC,0,564742
araCp,0.05555555555555555,17,17,ATTCTTTAAGCACACTGGAT,0,587111
araCp,0.05555555555555555,17,17,ATTCTAGGAAATCTTCACTT,0,579763
araCp,0.05555555555555555,17,17,ATTCGTGAGGTTCGTTGAAA,0,565566
araCp,0.05555555555555555,17,17,ATTCCTGGGAGAGACTACGA,0,551321
araCp,0.05555555555555555,17,17,ATTCCAGCGAAGAAGCAGGC,0,573163
araCp,0.05555555555555555,17,17,ATTAAATAATCTGACCTATA,0,596006
araCp,0.05555555555555555,17,17,ATGTTCAAATTCGCATTAAC,0,526391
araCp,0.05555555555555555,17,17,ATGTCAGTAGACGGTAGCGC,0,527290
araCp,0.05555555555555555,17,17,ATGGCTAAGTAACAGTCGCA,0,557226
araCp,0.05555555555555555,17,17,ATGCTTGAGTTATTGTCGCA,0,581677
araCp,0.05555555555555555,17,17,ATGATTCGTTAAGTCCGGCC,0,555996
araCp,0.05555555555555555,17,17,ATGATCCAACTCGACCGCAT,0,581855
araCp,0.05555555555555555,17,17,ATGAGTAGCTGTTCACAGGT,0,555992
araCp,0.05555555555555555,17,17,ATGACTGGCTATCCCAACCA,0,537064
araCp,0.05555555555555555,17,17,ATCTAGTCACGAAAGAATAA,0,573945
araCp,0.05555555555555555,17,17,ATCGGTTACGTGAGACTGTC,0,566719
araCp,0.05555555555555555,17,17,ATCGGGCAGTAGTACCGAGT,0,600852
araCp,0.05555555555555555,17,17,ATCGCATGGTGTGATTGACT,0,534781
araCp,0.05555555555555555,17,17,ATCCTTCAGGTATCCAGATG,0,529284
araCp,0.05555555555555555,17,17,ATCCGAGGGGCTTTGGCCCT,0,566966
araCp,0.05555555555555555,17,17,ATCCCGAGGGGGTTGGTAAG,0,554023
araCp,0.05555555555555555,17,17,ATCCAAGTATTAGGGGGAAG,0,536765
araCp,0.05555555555555555,17,17,ATAGTCTTTTAGATATGACC,0,578318
araCp,0.05555555555555555,17,17,ATACGCCAACTCGAAGCGGA,0,589604
araCp,0.05555555555555555,17,17,ATAAAACCGATGCATTGTAT,0,567940
araCp,0.05555555555555555,17,17,AGTTGCATGGAGGTTACGTT,0,588066
araCp,0.05555555555555555,17,17,AGTCTGATTGGTTAGTGAAA,0,548083
araCp,0.05555555555555555,17,17,AGTCCTTGTCGTTATGAATG,0,552556
araCp,0.05555555555555555,17,17,AGTATACTGATTCTTCAAAT,0,573119
araCp,0.05555555555555555,17,17,AGTAGGCAATACACTTCGCT,0,548812
araCp,0.05555555555555555,17,17,AGTACGCCTGGGGCGTGGGT,0,549203
araCp,0.05555555555555555,17,17,AGTAAGGCTTATTTCTTGGA,0,530404
araCp,0.05555555555555555,17,17,AGGTTGTTACCAAATTCGTT,0,538215
araCp,0.05555555555555555,17,17,AGGGTGTACATTGGATATGA,0,530827
araCp,0.05555555555555555,17,17,AGGGTCCAAATCGCACCGGC,0,585812
araCp,0.05555555555555555,17,17,AGGGGGCATTTGATGGTCGC,0,543883
araCp,0.05555555555555555,17,17,AGGGACTTGGGTCCGAACAA,0,558520
araCp,0.05555555555555555,17,17,AGGCGTGGGTTTTGTACTTA,0,556867
araCp,0.05555555555555555,17,17,AGGCGTCTGCACATGTTCAC,0,572892
araCp,0.05555555555555555,17,17,AGGCGAGTGCGCAATCGGTG,0,592278
araCp,0.05555555555555555,17,17,AGGCATGATATCGTAACCAA,0,535092
araCp,0.05555555555555555,17,17,AGGAGGCGACGTTAGGGCGG,0,554182
araCp,0.05555555555555555,17,17,AGGAGGAAGTGCGTCAAAGC,0,603248
araCp,0.05555555555555555,17,17,AGGAAGAACTGTTTGATGAG,0,560569
araCp,0.05555555555555555,17,17,AGGAAAGAGCACTCTGTTTG,0,567797
araCp,0.05555555555555555,17,17,AGCTGTATTCGATGGGTAAG,0,558758
araCp,0.05555555555555555,17,17,AGCTACCCAGCTTACCGATT,0,552516
araCp,0.05555555555555555,17,17,AGCGATCGACAGCGTTTACG,0,603577
araCp,0.05555555555555555,17,17,AGCGACTGCCCGGGTCTGAT,0,572286
araCp,0.05555555555555555,17,17,AGCCCAGTAATATCATGAGG,0,557640
araCp,0.05555555555555555,17,17,AGCCAACGTGAGGGGTTCGG,0,536212
araCp,0.05555555555555555,17,17,AGCAGTGTAGATTCCGGGGT,0,594140
araCp,0.05555555555555555,17,17,AGCAATGACAGAACCAATCT,0,554720
araCp,0.05555555555555555,17,17,AGCAAAAGCCGGAGTTATTG,0,598771
araCp,0.05555555555555555,17,17,AGATCTGCTAATTGGCATAA,0,576834
araCp,0.05555555555555555,17,17,AGAATTTCCCTCCCGGGCGG,0,540535
araCp,0.05555555555555555,17,17,AGAATTCGCGTACTTATGTT,0,530788
araCp,0.05555555555555555,17,17,AGAAATATCACGTAGCAAAA,0,587460
araCp,0.05555555555555555,17,17,AGAAAGTCTATCGGAACTCA,0,599827
araCp,0.05555555555555555,17,17,ACTTTTATGGGCTACTGATA,0,548232
araCp,0.05555555555555555,17,17,ACTTGGGGGGGACCGTTCAG,0,589541
araCp,0.05555555555555555,17,17,ACTCGCGACATCTTATCGTT,0,562716
araCp,0.05555555555555555,17,17,ACTAGGATGCGTCACAGCGA,0,586465
araCp,0.05555555555555555,17,17,ACTAGCTGTTAGGTGAGGTA,0,570592
araCp,0.05555555555555555,17,17,ACGGCCGGTCCTCGTACGTT,0,544458
araCp,0.05555555555555555,17,17,ACGCCAGTTGACCGGTTTTT,0,583295
araCp,0.05555555555555555,17,17,ACGCCAATCAGTACTGGCGC,0,591442
araCp,0.05555555555555555,17,17,ACGCATTTCAATGCTGGTAA,0,590901
araCp,0.05555555555555555,17,17,ACCTGATGTATGAGGGAGCA,0,600054
araCp,0.05555555555555555,17,17,ACCGGCCGAGCCCGGGAGAT,0,535669
araCp,0.05555555555555555,17,17,ACCGAGGATCGATTTCGTGT,0,550884
araCp,0.05555555555555555,17,17,ACCCCATGGAGTGCGGGAAT,0,563717
araCp,0.05555555555555555,17,17,ACCCAGAGACACAATCGTCG,0,597669
araCp,0.05555555555555555,17,17,ACATGCGGTCCTAAGACTTA,0,587076
araCp,0.05555555555555555,17,17,ACATGATCATGTGAACAGTA,0,569788
araCp,0.05555555555555555,17,17,ACAGGTGATTGGAATAATTC,0,534153
araCp,0.05555555555555555,17,17,ACAGGAGCATCAATAGGCTT,0,544703
araCp,0.05555555555555555,17,17,ACAGGAAAGTGCGTTTAACA,0,547242
araCp,0.05555555555555555,17,17,ACACTGCTGAATGCATATAA,0,584845
araCp,0.05555555555555555,17,17,ACACTGCGCGATTTCCTAGG,0,590834
araCp,0.05555555555555555,17,17,ACACATTACAAGTAACTGTC,0,603283
araCp,0.05555555555555555,17,17,ACAACACTATAGAGCTTTCG,0,562047
araCp,0.05555555555555555,17,17,AATTTAAGGATTGCCTACTT,0,557443
araCp,0.05555555555555555,17,17,AATTTAAGCTGACACTAGGA,0,590279
araCp,0.05555555555555555,17,17,AATTGAGCCCCACTGCCGAA,0,590583
araCp,0.05555555555555555,17,17,AATTCACTAAGGCTGGCGAG,0,572317
araCp,0.05555555555555555,17,17,AATGCCATGGGAGCTCCACG,0,541910
araCp,0.05555555555555555,17,17,AATAATACAACCAACTAAAC,0,534151
araCp,0.05555555555555555,17,17,AAGTCGGGACCGATGCAACA,0,601178
araCp,0.05555555555555555,17,17,AAGGCTCTCACATTATATGT,0,551051
araCp,0.05555555555555555,17,17,AAGGACTCCGTTCATACCCG,0,543590
araCp,0.05555555555555555,17,17,AAGCAGCAAGTTGTGAGGCC,0,528711
araCp,0.05555555555555555,17,17,AAGATTCCGTCTCACACCGG,0,593785
araCp,0.05555555555555555,17,17,AAGACGAGAGTCCAGTCGCA,0,551735
araCp,0.05555555555555555,17,17,AACTTTATATCGTAATAGGT,0,571655
araCp,0.05555555555555555,17,17,AACACAATGAATTCCATGAG,0,528532
araCp,0.05555555555555555,17,17,AAACTTACATCACCTTTGAG,0,575923
araCp,0.05555555555555555,17,17,AAAAACATATGTTCGTTCTC,0,576468
araCp,0.058823529411764705,16,16,TTTTTCTCTAAAAACGTCGA,0,554339
araCp,0.058823529411764705,16,16,TTTGTGTCCACATTAGATAA,0,598567
araCp,0.058823529411764705,16,16,TTTGTGGTTCGCTGCGTAAT,0,542063
araCp,0.058823529411764705,16,16,TTTGGCGTCTACGCACGAGC,0,559500
araCp,0.058823529411764705,16,16,TTTGGCGGATCTCAGAGTCC,0,533287
araCp,0.058823529411764705,16,16,TTTAATCAGACATTCTCGGA,0,535940
araCp,0.058823529411764705,16,16,TTGGGTATTACCTACTGTTT,0,590766
araCp,0.058823529411764705,16,16,TTGGGCACAAACGGAAGTTG,0,580472
araCp,0.058823529411764705,16,16,TTGATTCGACCTCAATTATC,0,574941
araCp,0.058823529411764705,16,16,TTCGCCGTAGGACCCAAACT,0,599407
araCp,0.058823529411764705,16,16,TTCCGCGGCAAAACCCTCTC,0,556978
araCp,0.058823529411764705,16,16,TTCAGGGGTAGTCAGAAAAA,0,578225
araCp,0.058823529411764705,16,16,TTCACTTGAGAAACGCTCAA,0,581682
araCp,0.058823529411764705,16,16,TTAAATAGGAGTTTTGATCA,0,555964
araCp,0.058823529411764705,16,16,TGTTTTTGGGGGGACACAAA,0,532672
araCp,0.058823529411764705,16,16,TGTTCAGGAAGCGATACGCT,0,549351
araCp,0.058823529411764705,16,16,TGTCAAAGGTTGATTGGTAG,0,588712
araCp,0.058823529411764705,16,16,TGGTGTGGGCGATACTCAAG,0,574232
araCp,0.058823529411764705,16,16,TGGTCGTCCAACGAAAGTTG,0,544239
araCp,0.058823529411764705,16,16,TGGTATTATGGATGCGTAAG,0,564278
araCp,0.058823529411764705,16,16,TGGGCGTGCGGTGTGTACGT,0,601366
araCp,0.058823529411764705,16,16,TGGATCTGAATACAGGTTCA,0,568535
araCp,0.058823529411764705,16,16,TGGAATATGCGCACAGGCTA,0,560978
araCp,0.058823529411764705,16,16,TGCCGAAGAATGTGACAAAA,0,565334
araCp,0.058823529411764705,16,16,TGCAGTTCTGTTCCTGCGCA,0,554521
araCp,0.058823529411764705,16,16,TGCAGGTTGGTGCGGAGACG,0,535773
araCp,0.058823529411764705,16,16,TGATTTCCAATGGGCTTGGA,0,558198
araCp,0.058823529411764705,16,16,TGATGCGAACTCGTGCCTAG,0,525748
araCp,0.058823529411764705,16,16,TGAGGTGAAACTATGTTCTT,0,597359
araCp,0.058823529411764705,16,16,TGAGCATTGACACTAAGACA,0,556470
araCp,0.058823529411764705,16,16,TGAAGGTACAAACGTTGGCC,0,555823
araCp,0.058823529411764705,16,16,TCTTTGACTACCCGTATTAA,0,547012
araCp,0.058823529411764705,16,16,TCTGTTATCATTCCAGTCCT,0,588655
araCp,0.058823529411764705,16,16,TCTGTGTCAGCAGGCGTAAA,0,559400
araCp,0.058823529411764705,16,16,TCTGTGCAATCAACATACGG,0,546490
araCp,0.058823529411764705,16,16,TCTCCTAACGAATCTCTGCC,0,571425
araCp,0.058823529411764705,16,16,TCTCATGATGTCAGAGAGAC,0,540065
araCp,0.058823529411764705,16,16,TCTCAGACTTCCATTGCTTC,0,564856
araCp,0.058823529411764705,16,16,TCGGCGGTAGTTGAATCTCT,0,574314
araCp,0.058823529411764705,16,16,TCGGCCCCGAAAGGCTATAT,0,598745
araCp,0.058823529411764705,16,16,TCGCTTCTCCTATAATAGTG,0,545720
araCp,0.058823529411764705,16,16,TCGCGTTTGTCTCATCAAAA,0,567502
araCp,0.058823529411764705,16,16,TCGCACCATAGCGATGCCCA,0,562598
araCp,0.058823529411764705,16,16,TCGAGGAATAAGTCCCCAGT,0,585909
araCp,0.058823529411764705,16,16,TCGAGCGTCCCCACTGGGCA,0,596786
araCp,0.058823529411764705,16,16,TCGACGTAATTCGAAGTCAG,0,533268
araCp,0.058823529411764705,16,16,TCGAACCTAATAATCGTTGA,0,530150
araCp,0.058823529411764705,16,16,TCCTGTCACTTAACACGTGT,0,542360
araCp,0.058823529411764705,16,16,TCCTGCGTGCAGACGAGGTT,0,574654
araCp,0.058823529411764705,16,16,TCCTCTAACCGAAAATCCGC,0,578646
araCp,0.058823529411764705,16,16,TCCTATAATTGACCGGAACA,0,560283
araCp,0.058823529411764705,16,16,TCCTAACACCCGGAATTATG,0,537439
araCp,0.058823529411764705,16,16,TCCGCAACCGCGTTTCGCCG,0,535265
araCp,0.058823529411764705,16,16,TCCCGGGTTTGAGCCACTAG,0,534764
araCp,0.058823529411764705,16,16,TCCAGTTAAATCAGGGTCCT,0,582958
araCp,0.058823529411764705,16,16,TCCAAGGAATACGAACAAAA,0,567618
araCp,0.058823529411764705,16,16,TCATTCTAAAGGAAAACCCT,0,559678
araCp,0.058823529411764705,16,16,TCATCATAGATAAACATTAC,0,555088
araCp,0.058823529411764705,16,16,TCACGGTTTAGGCACCCCAT,0,600098
araCp,0.058823529411764705,16,16,TCACAATGGATATCGAACCT,0,587430
araCp,0.058823529411764705,16,16,TCAAGGGGGTTATTAGCGAA,0,550523
araCp,0.058823529411764705,16,16,TCAAAGTGCGTGGTTCTACA,0,539191
araCp,0.058823529411764705,16,16,TATTCATGTCCTCCTGTCAT,0,574874
araCp,0.058823529411764705,16,16,TATGCAGTGGCTACGACATA,0,598949
araCp,0.058823529411764705,16,16,TATCTGATTGAAGTTTGTAG,0,533369
araCp,0.058823529411764705,16,16,TATCTGAAGGACATGAACCT,0,531250
araCp,0.058823529411764705,16,16,TATCCGGTTTACAACCGTAT,0,589312
araCp,0.058823529411764705,16,16,TAGGGGTCGAGACATGGAAT,0,591377
araCp,0.058823529411764705,16,16,TAGGGATGTTCTGATGTGCG,0,578693
araCp,0.058823529411764705,16,16,TAGCGCGTTCAGTATCATCC,0,594033
araCp,0.058823529411764705,16,16,TAGATATGGGAGCGAGCGAC,0,571454
araCp,0.058823529411764705,16,16,TAGATAATGATATTAGAATT,0,596827
araCp,0.058823529411764705,16,16,TAGAGGGACCCATAAACATC,0,559758
araCp,0.058823529411764705,16,16,TAGACTACGCATCTCCAACA,0,545747
araCp,0.058823529411764705,16,16,TAGACAGGCAATCGAGTCTA,0,547141
araCp,0.058823529411764705,16,16,TACTAGCGCAGCATACAGCT,0,555158
araCp,0.058823529411764705,16,16,TACGTACGTGGACATGCGAT,0,546737
araCp,0.058823529411764705,16,16,TACGGGCACCTAGCCGGACA,0,547470
araCp,0.058823529411764705,16,16,TACGGGACAATTCTAAATTG,0,538085
araCp,0.058823529411764705,16,16,TACGGACTGTATACACTTGT,0,550433
araCp,0.058823529411764705,16,16,TACGCTGGGTCGAAGAGCGG,0,597513
araCp,0.058823529411764705,16,16,TACGCCTCGGGGGCTGAATG,0,600422
araCp,0.058823529411764705,16,16,TACATAAGGTGGGGGGCCCT,0,575945
araCp,0.058823529411764705,16,16,TAACTTCTCGCGAATGACGT,0,589596
araCp,0.058823529411764705,16,16,TAACGTGGTCATAAATCACA,0,539300
araCp,0.058823529411764705,16,16,TAACGCGAGTTTGTAGTGAA,0,595937
araCp,0.058823529411764705,16,16,TAAAGCGCGCAAAGTACGAC,0,576476
araCp,0.058823529411764705,16,16,GTTGCCTCCTACGAGTGGTT,0,531870
araCp,0.058823529411764705,16,16,GTTCTTTCGTCAATCACCGG,0,583232
araCp,0.058823529411764705,16,16,GTTCCGTAAATGCCTGCTAG,0,588361
araCp,0.058823529411764705,16,16,GTTCCAGCACGTAGACGTCA,0,572170
araCp,0.058823529411764705,16,16,GTTCATTTGCACACTGGGAA,0,552819
araCp,0.058823529411764705,16,16,GTTAGCTCGAATACGACTTT,0,588025
araCp,0.058823529411764705,16,16,GTGTGCTCGCCTGGTAATTC,0,567004
araCp,0.058823529411764705,16,16,GTGTCGCAATCAGGAACTGG,0,594365
araCp,0.058823529411764705,16,16,GTGGGATGACAACGCTTTAA,0,563040
araCp,0.058823529411764705,16,16,GTGCTCTGGTAACACGCCGC,0,552093
araCp,0.058823529411764705,16,16,GTGATCCATTTCGGTAGAGA,0,537113
araCp,0.058823529411764705,16,16,GTGACACCATCCACTGAACT,0,561889
araCp,0.058823529411764705,16,16,GTCTTGCAGAGAGAGAGTAC,0,549404
araCp,0.058823529411764705,16,16,GTCTTCGTATATCCGGGTCG,0,538703
araCp,0.058823529411764705,16,16,GTCTGTAATCATTTTTGATA,0,569975
araCp,0.058823529411764705,16,16,GTCTGCTTTATGCGGAGAGA,0,541523
araCp,0.058823529411764705,16,16,GTCCTGCCTTCCTCGGTCCA,0,558932
araCp,0.058823529411764705,16,16,GTCCCGCGCTTGGATTAAAC,0,579704
araCp,0.058823529411764705,16,16,GTCCCATGAATGGCTTGCCA,0,556857
araCp,0.058823529411764705,16,16,GTCACTCTGATTTTAGTCAT,0,564721
araCp,0.058823529411764705,16,16,GTATGTGGTTCTAGCAGCTA,0,569385
araCp,0.058823529411764705,16,16,GTATCACTGTTCAGAGTGTG,0,545559
araCp,0.058823529411764705,16,16,GTAGCGGAGTACGCAAAATT,0,536259
araCp,0.058823529411764705,16,16,GTACATGCCTTAAAACTTTT,0,555763
araCp,0.058823529411764705,16,16,GTAACGGCCGGTTCCCGCAA,0,595483
araCp,0.058823529411764705,16,16,GGTTTTCCCAAGGTCTCTTC,0,591529
araCp,0.058823529411764705,16,16,GGTGTAGATCGGCTTTCTAC,0,536002
araCp,0.058823529411764705,16,16,GGTGACTTGGGTACATCCTT,0,602369
araCp,0.058823529411764705,16,16,GGTCCTCCGTTAGGACCCGA,0,542322
araCp,0.058823529411764705,16,16,GGTCAAACGTTCACATCGGC,0,527964
araCp,0.058823529411764705,16,16,GGTAACCCCGACCCGCTTAA,0,558341
araCp,0.058823529411764705,16,16,GGGTTCCGCGTATGCTTCAA,0,560749
araCp,0.058823529411764705,16,16,GGGTCAGGGTGCCGCCTACG,0,536962
araCp,0.058823529411764705,16,16,GGGGGACGCCGCCCGCGCAA,0,544313
araCp,0.058823529411764705,16,16,GGGCATTCCAAGCTCGGCTG,0,573789
araCp,0.058823529411764705,16,16,GGGCAAGATGTCACCCCAGG,0,570044
araCp,0.058823529411764705,16,16,GGGATGAGTAAGGATGGTGT,0,588141
araCp,0.058823529411764705,16,16,GGGAACAGTTTGTCACACCC,0,563005
araCp,0.058823529411764705,16,16,GGCTGCAGCGCTAATGTTAC,0,592151
araCp,0.058823529411764705,16,16,GGCTCATAAGACTGTCTCTG,0,533770
araCp,0.058823529411764705,16,16,GGCTAGTTATGGGTGGCCAA,0,569918
araCp,0.058823529411764705,16,16,GGCTACGACAATTCCTGCTC,0,584835
araCp,0.058823529411764705,16,16,GGCGAATCTTCAAGCCATAT,0,551519
araCp,0.058823529411764705,16,16,GGCCTGGGTCATGTTTGCGA,0,543500
araCp,0.058823529411764705,16,16,GGATGTTCGGAACGGGCCAC,0,537028
araCp,0.058823529411764705,16,16,GGAGCTCTGTAGTCGTGGTG,0,559683
araCp,0.058823529411764705,16,16,GGAACAATGTGATCCGCATC,0,537884
araCp,0.058823529411764705,16,16,GCTGGACATATCTTTATCTA,0,587087
araCp,0.058823529411764705,16,16,GCTGCGGACGTCAGTGGTCC,0,550415
araCp,0.058823529411764705,16,16,GCTGAGGCCATGGGCTGAAA,0,585109
araCp,0.058823529411764705,16,16,GCTCAGTCAGGATCTGGAAA,0,541779
araCp,0.058823529411764705,16,16,GCTCACGAAAATTGCCTAAT,0,576802
araCp,0.058823529411764705,16,16,GCTCACCGGTCAACATATTG,0,576163
araCp,0.058823529411764705,16,16,GCGTTCTTCAAACGTCATGA,0,582804
araCp,0.058823529411764705,16,16,GCGTTAAGATCCGCTGGCTG,0,593395
araCp,0.058823529411764705,16,16,GCGTGGCGTTCACAACCTCC,0,585903
araCp,0.058823529411764705,16,16,GCGTACAGCATGACAGGCTG,0,574735
araCp,0.058823529411764705,16,16,GCGGTGCCAATGAGCCTAGG,0,598798
araCp,0.058823529411764705,16,16,GCGGAGGTATGCTCTCGGTA,0,557730
araCp,0.058823529411764705,16,16,GCGGAACAGCCCTGTCCATT,0,577269
araCp,0.058823529411764705,16,16,GCGCTCTTTATTAGGATGGC,0,575995
araCp,0.058823529411764705,16,16,GCGCCAGCTTTGGTGCCTAT,0,531459
araCp,0.058823529411764705,16,16,GCGATGCGGGACACGCCACG,0,537270
araCp,0.058823529411764705,16,16,GCGACCTCGCCCGGTTTGGT,0,593604
araCp,0.058823529411764705,16,16,GCGAAGTCTGCATCCTCCGA,0,598572
araCp,0.058823529411764705,16,16,GCCTACATGAAAGTAAGCCT,0,530395
araCp,0.058823529411764705,16,16,GCCGACAAAAGTATCCATGA,0,597883
araCp,0.058823529411764705,16,16,GCCGAAATCGCTGGGACTCC,0,547613
araCp,0.058823529411764705,16,16,GCCCAGACCCCTTACTTGGA,0,545798
araCp,0.058823529411764705,16,16,GCCACGGTTGTCGAGGTCCT,0,587106
araCp,0.058823529411764705,16,16,GCAGTCATTAGAGAATTTAG,0,553813
araCp,0.058823529411764705,16,16,GCAGCGCTGATGTTTAATCA,0,577287
araCp,0.058823529411764705,16,16,GCAGCCCACGACCTGCATTT,0,551124
araCp,0.058823529411764705,16,16,GATTATTAATGGTCAACCCT,0,581418
araCp,0.058823529411764705,16,16,GATGACGCACTATGATCTTG,0,581911
araCp,0.058823529411764705,16,16,GATGAACCTAGAGGAGAGTA,0,555396
araCp,0.058823529411764705,16,16,GATAGGGTTTTGTAAAATCT,0,527308
araCp,0.058823529411764705,16,16,GAGTTTGTCACATTGATAGG,0,563483
araCp,0.058823529411764705,16,16,GAGTGAAAGCATGAATTTCA,0,533100
araCp,0.058823529411764705,16,16,GAGTATTAGCGGGGACTTAG,0,535460
araCp,0.058823529411764705,16,16,GAGTAAATAATTGTAGTCAA,0,571040
araCp,0.058823529411764705,16,16,GAGGCGATTGGTGTATAGCG,0,552356
araCp,0.058823529411764705,16,16,GAGGCCGGTAGGTGTACGAG,0,558348
araCp,0.058823529411764705,16,16,GAGCCCTTGAGTTAACTGCT,0,597288
araCp,0.058823529411764705,16,16,GAGATCTATCATACATGATT,0,585762
araCp,0.058823529411764705,16,16,GAGACTGTTCCGGCTGTCGT,0,591450
araCp,0.058823529411764705,16,16,GACTAGCGCCTTGACCCGAG,0,577756
araCp,0.058823529411764705,16,16,GACGTTGATAACCAGTCGTA,0,598480
araCp,0.058823529411764705,16,16,GACGTAGAACCATCTATGGT,0,528572
araCp,0.058823529411764705,16,16,GACGCCAGAGAGTGAGCCAT,0,593923
araCp,0.058823529411764705,16,16,GACATGTGGCTCCAAGCGTA,0,598461
araCp,0.058823529411764705,16,16,GACAACATGTTGTCGTGGAA,0,555618
araCp,0.058823529411764705,16,16,GAAGTGTATGCATCAGAATG,0,535850
araCp,0.058823529411764705,16,16,GAACGTGCTGGGGCTACATT,0,585923
araCp,0.058823529411764705,16,16,GAACCCCGTGCGCTACAGGA,0,554959
araCp,0.058823529411764705,16,16,GAACAATCCAAACCTTGGCT,0,532807
araCp,0.058823529411764705,16,16,GAAATCGTTTCCGCGGCGTT,0,594304
araCp,0.058823529411764705,16,16,GAAAGGGCCTCTGACTACGT,0,567351
araCp,0.058823529411764705,16,16,GAAAGGCAGGCATCATCTGA,0,556605
araCp,0.058823529411764705,16,16,CTTTCTCTCTTTCAGATAGG,0,561035
araCp,0.058823529411764705,16,16,CTTTCCGGTTCCTAGCACGC,0,564279
araCp,0.058823529411764705,16,16,CTTGTTTCATGGTTGCGATT,0,602289
araCp,0.058823529411764705,16,16,CTTGGGACGCTCCTTGATTA,0,547819
araCp,0.058823529411764705,16,16,CTTGGAGACATAAAGAATAT,0,557289
araCp,0.058823529411764705,16,16,CTTGAGGATGCACGCTCGGA,0,546300
araCp,0.058823529411764705,16,16,CTTCTAGCCTTAAAGGGACG,0,542187
araCp,0.058823529411764705,16,16,CTTCGCTGTGTTTACCACGC,0,529561
araCp,0.058823529411764705,16,16,CTTAGGACGGCCTCGTCGGA,0,586726
araCp,0.058823529411764705,16,16,CTGTGAGAACCCGCAGCGGG,0,570383
araCp,0.058823529411764705,16,16,CTGTCTACAAGAATGTTTAG,0,584735
araCp,0.058823529411764705,16,16,CTGGAAATTGCCCCGTGGTC,0,558176
araCp,0.058823529411764705,16,16,CTGGAAAACAGTAATTTCAC,0,542185
araCp,0.058823529411764705,16,16,CTCTGGAGGAGCGTGCGTCA,0,568645
araCp,0.058823529411764705,16,16,CTCTACTTCCTTCTTATTCG,0,534543
araCp,0.058823529411764705,16,16,CTCCTAGGAATCGAAGAAGA,0,591099
araCp,0.058823529411764705,16,16,CTCAGGTGATGTTCGTGGAG,0,585492
araCp,0.058823529411764705,16,16,CTATGGCTGTGCCGCTTGGA,0,594973
araCp,0.058823529411764705,16,16,CTATGCCCGGTGACAGATAG,0,596877
araCp,0.058823529411764705,16,16,CTATGAAAGAGGCAGACGGC,0,596865
araCp,0.058823529411764705,16,16,CTAGGCGTCGAGTCTATCCT,0,535183
araCp,0.058823529411764705,16,16,CTAGAAGCAGGGAAACAAAG,0,593320
araCp,0.058823529411764705,16,16,CTACGACCAGGAGACTTCAC,0,533581
araCp,0.058823529411764705,16,16,CTAAAGATTAGTAACGGAAT,0,549119
araCp,0.058823529411764705,16,16,CGTTTGTATCTTACTTACCA,0,549633
araCp,0.058823529411764705,16,16,CGTGAACATCGTGAAACGGG,0,555885
araCp,0.058823529411764705,16,16,CGTCCCTTAGGTCAATACAA,0,591652
araCp,0.058823529411764705,16,16,CGTATGCTTGTTATTCTATT,0,570417
araCp,0.058823529411764705,16,16,CGGTGGCCCACCGTGTACCT,0,601105
araCp,0.058823529411764705,16,16,CGGTCGGGGCCATCTGGGGT,0,527682
araCp,0.058823529411764705,16,16,CGGTACCCCGAGGAGTAAAG,0,566816
araCp,0.058823529411764705,16,16,CGGGTGAAGGCACGTCGCGT,0,603674
araCp,0.058823529411764705,16,16,CGGGTATGCGCAGACGGTTC,0,530519
araCp,0.058823529411764705,16,16,CGGGGAATATGTGGCACGCC,0,570370
araCp,0.058823529411764705,16,16,CGGCGGGGTTACAATTCAGA,0,570871
araCp,0.058823529411764705,16,16,CGGATCCTACTGGGGGGTAT,0,597873
araCp,0.058823529411764705,16,16,CGGAGCCGAATAACGGGACA,0,534637
araCp,0.058823529411764705,16,16,CGGAGAGAAGCGACAGCTTA,0,563484
araCp,0.058823529411764705,16,16,CGGACCGGCAGTGAGCATCA,0,541091
araCp,0.058823529411764705,16,16,CGCGGGTATGTTCGGGCAGG,0,581765
araCp,0.058823529411764705,16,16,CGCGCGGTGCCACGCTGGCT,0,539663
araCp,0.058823529411764705,16,16,CGCGATCTCTTCTCCGAGGG,0,599175
araCp,0.058823529411764705,16,16,CGCGACGCCCCTAGTCTACA,0,563920
araCp,0.058823529411764705,16,16,CGCCTAGTCGCCCCGGGTAA,0,585999
araCp,0.058823529411764705,16,16,CGCCCATTCCTGTTGCGTAG,0,529023
araCp,0.058823529411764705,16,16,CGCCACGGATTAACGCTCAT,0,599348
araCp,0.058823529411764705,16,16,CGCAGAGCTGTACTCCTCGT,0,535371
araCp,0.058823529411764705,16,16,CGAGTATCTGCGAGCCGGGC,0,550679
araCp,0.058823529411764705,16,16,CGAGAGTGGTTAAAACCTTG,0,564140
araCp,0.058823529411764705,16,16,CGACTGGAGAGCAAGAATTC,0,597574
araCp,0.058823529411764705,16,16,CGACGTCTGTGATAACAGTA,0,558619
araCp,0.058823529411764705,16,16,CGAATTTTGATACTCCGTTC,0,565744
araCp,0.058823529411764705,16,16,CCTTTGCTTCTTCGAGGCTA,0,558620
araCp,0.058823529411764705,16,16,CCTTCTTTGGGGCCTGTAAG,0,584183
araCp,0.058823529411764705,16,16,CCTGTGCTGGAGTCACTAAG,0,560804
araCp,0.058823529411764705,16,16,CCTGGGTGACTAACCTGGGA,0,592013
araCp,0.058823529411764705,16,16,CCTGCATGGTTACACGCGGA,0,549192
araCp,0.058823529411764705,16,16,CCTCCACAGCTAGGTTTGTG,0,528383
araCp,0.058823529411764705,16,16,CCTCAACTAAGGCTCACCTG,0,563714
araCp,0.058823529411764705,16,16,CCTAAGGCTATGCCATTAGG,0,568369
araCp,0.058823529411764705,16,16,CCGGGTGCGCGACTGGAACT,0,537535
araCp,0.058823529411764705,16,16,CCGGAGCCTTGAAAGATTTC,0,550359
araCp,0.058823529411764705,16,16,CCGATCTCTCTTAAGATCCA,0,581730
araCp,0.058823529411764705,16,16,CCGAGCTCATGACGCTCGGG,0,552265
araCp,0.058823529411764705,16,16,CCCTTAGTAACAGAGTAGTT,0,526057
araCp,0.058823529411764705,16,16,CCCGTTCCATTATGGTGTAG,0,569708
araCp,0.058823529411764705,16,16,CCCGCTATAAGTCTCGGATA,0,572070
araCp,0.058823529411764705,16,16,CCCCTAATGGGATATACCGC,0,530746
araCp,0.058823529411764705,16,16,CCCCCGGATCCCGGATTCTG,0,529335
araCp,0.058823529411764705,16,16,CCCCAGGTATATTTAGTTAC,0,528995
araCp,0.058823529411764705,16,16,CCCAGCCCTGCGTGGAATCT,0,575695
araCp,0.058823529411764705,16,16,CCATTAGAATACTTTATAGG,0,594420
araCp,0.058823529411764705,16,16,CCATGGGAGACTGAATAGGT,0,528716
araCp,0.058823529411764705,16,16,CCATCTCGCGAGTCAACTCG,0,533498
araCp,0.058823529411764705,16,16,CCATCCGGATGCTCATTGTG,0,556590
araCp,0.058823529411764705,16,16,CCAAATGTGATAGATCTCCA,0,555372
araCp,0.058823529411764705,16,16,CATTGATAAGTAGCGTGGAC,0,552889
araCp,0.058823529411764705,16,16,CATTCTATTAGTTCTATGTG,0,527675
araCp,0.058823529411764705,16,16,CATTATCTGAGGGATAGTCG,0,567792
araCp,0.058823529411764705,16,16,CATGGGCTAGGTTCGGCGGC,0,569966
araCp,0.058823529411764705,16,16,CATGGATACTTAATGAGTCC,0,540832
araCp,0.058823529411764705,16,16,CATGATACGCCCCGTTCTGT,0,559819
araCp,0.058823529411764705,16,16,CATGATAATTACCGGGACCT,0,551607
araCp,0.058823529411764705,16,16,CATGAGTTAGTTGAGAAGCT,0,597920
araCp,0.058823529411764705,16,16,CATCTTACTGTTTGCAAATA,0,568088
araCp,0.058823529411764705,16,16,CATAGAGACTAGGGCCAGGC,0,598308
araCp,0.058823529411764705,16,16,CAGTAAAGGTCCTGAATATG,0,538428
araCp,0.058823529411764705,16,16,CAGTAAACTCAAGATCTCTA,0,535085
araCp,0.058823529411764705,16,16,CAGGTTGCATCCAGTAGCCA,0,555790
araCp,0.058823529411764705,16,16,CAGGGGTATCGTGGTCACCA,0,539999
araCp,0.058823529411764705,16,16,CAGCGTCTCACAATGTCGGC,0,558614
araCp,0.058823529411764705,16,16,CAGCGGCCTGCGTGCGCCCT,0,530611
araCp,0.058823529411764705,16,16,CAGACAAGTTCACGACGCGG,0,550373
araCp,0.058823529411764705,16,16,CACTCGCGTTTTAATAGAGT,0,563809
araCp,0.058823529411764705,16,16,CACTCACGGTCATACGCCGT,0,548172
araCp,0.058823529411764705,16,16,CACTAAAGCCGTGATTAGGC,0,588233
araCp,0.058823529411764705,16,16,CACGGGGGAGCCGATAAGCA,0,535480
araCp,0.058823529411764705,16,16,CACGGCCCTGAAGGATTCTG,0,530199
araCp,0.058823529411764705,16,16,CACGATTCTCCTACCAGTGT,0,526511
araCp,0.058823529411764705,16,16,CACCTTCCCAGCCAAAGTAC,0,537887
araCp,0.058823529411764705,16,16,CACCGGGTTCGGTGTAGCGT,0,545446
araCp,0.058823529411764705,16,16,CACATCCCGTCTGCTGGTCA,0,538695
araCp,0.058823529411764705,16,16,CAATTTGTCCCCCAGATGTC,0,534189
araCp,0.058823529411764705,16,16,CAAGTAGAGGTAAATTAATA,0,582379
araCp,0.058823529411764705,16,16,CAAGGGGCTACCGCTAAACG,0,534757
araCp,0.058823529411764705,16,16,CAACTGTGCGGGTGATAGCT,0,577027
araCp,0.058823529411764705,16,16,CAACGCATCGATCGCGGAGA,0,585411
araCp,0.058823529411764705,16,16,CAACGAGTGCGAATCGGCTT,0,570214
araCp,0.058823529411764705,16,16,ATTTGCACGAGGGCCACACT,0,572508
araCp,0.058823529411764705,16,16,ATTTCCGGCTTTGCCGGAAT,0,532075
araCp,0.058823529411764705,16,16,ATTGGGTAGGTCCTCCGATC,0,542675
araCp,0.058823529411764705,16,16,ATTGCCCAATGTATCTTAGT,0,526372
araCp,0.058823529411764705,16,16,ATTAGTATTCCTTGCATTAC,0,571458
araCp,0.058823529411764705,16,16,ATGTCGTCATTGGTAGGGGA,0,597250
araCp,0.058823529411764705,16,16,ATGGGGGTCGTAGTCAGGTA,0,556024
araCp,0.058823529411764705,16,16,ATGGCAGTCTTGCAAGGCTT,0,558022
araCp,0.058823529411764705,16,16,ATGGCAGACGAACGATACGT,0,557727
araCp,0.058823529411764705,16,16,ATGGAGCACTCGGGCTCAGA,0,532741
araCp,0.058823529411764705,16,16,ATGATATGCAGATATGAGCT,0,572197
araCp,0.058823529411764705,16,16,ATGAGATTAACCGACACGGG,0,526555
araCp,0.058823529411764705,16,16,ATGACCCCGGGATGCACGCT,0,584914
araCp,0.058823529411764705,16,16,ATCTTTACTCAGTTCGACAG,0,577797
araCp,0.058823529411764705,16,16,ATCTGCAAGCCTAGAGTTGA,0,537263
araCp,0.058823529411764705,16,16,ATCGGCATACTTTTCAGCTT,0,555907
araCp,0.058823529411764705,16,16,ATCCGGACGATGAATCCACG,0,559164
araCp,0.058823529411764705,16,16,ATCACACAATACGTATTGTA,0,530869
araCp,0.058823529411764705,16,16,ATATGTTCGCACCGAGGGAG,0,528062
araCp,0.058823529411764705,16,16,ATAGTACTCTCGCACTGTTG,0,547734
araCp,0.058823529411764705,16,16,ATACATCAACCGCATCGGTT,0,574290
araCp,0.058823529411764705,16,16,ATAATGTTTGAAGGAGCATA,0,558991
araCp,0.058823529411764705,16,16,ATAATGAGGAAGTGAGCGTT,0,532234
araCp,0.058823529411764705,16,16,ATAACTCTCCTTACCACCTA,0,582375
araCp,0.058823529411764705,16,16,AGTGCCGGGTTCCGTACGGC,0,539701
araCp,0.058823529411764705,16,16,AGTGATTCAAGGGCAATACA,0,573955
araCp,0.058823529411764705,16,16,AGTAGGCCGAGCTCACAAGG,0,553759
araCp,0.058823529411764705,16,16,AGGTAATCGTTGGCGGGCAA,0,570827
araCp,0.058823529411764705,16,16,AGGGGGGAGCCGGCATACAT,0,546235
araCp,0.058823529411764705,16,16,AGGGGCACCCTGAAACGTAT,0,575628
araCp,0.058823529411764705,16,16,AGGCGTGAATTAACGTTAAT,0,527340
araCp,0.058823529411764705,16,16,AGGCCAAAGGCTCACTCTTT,0,567857
araCp,0.058823529411764705,16,16,AGGAGAGGGTTTAACGTAGG,0,554471
araCp,0.058823529411764705,16,16,AGCGAGTTGTGGAGTACTCA,0,557942
araCp,0.058823529411764705,16,16,AGCCCCCTTCGTGCGGTTAA,0,598396
araCp,0.058823529411764705,16,16,AGCAATTCTATGGCCGCGAA,0,559962
araCp,0.058823529411764705,16,16,AGCAATGTCAATGGCAGGAG,0,571104
araCp,0.058823529411764705,16,16,AGCAAATTTCCGCGTCTCGA,0,581888
araCp,0.058823529411764705,16,16,AGCAAAGTTTCAGTATGGTG,0,567627
araCp,0.058823529411764705,16,16,AGATTCGTCTTAGACTCAGA,0,545892
araCp,0.058823529411764705,16,16,AGAGTTGAAAGCGCTCACTC,0,529653
araCp,0.058823529411764705,16,16,AGAGTTAGCGAGATAAGTCG,0,575417
araCp,0.058823529411764705,16,16,AGAGTCGTCCGGTTTAGCCG,0,547451
araCp,0.058823529411764705,16,16,AGAGTCCATTTTGTAGCGGA,0,546398
araCp,0.058823529411764705,16,16,AGAGGGTGATTCACCACACT,0,532884
araCp,0.058823529411764705,16,16,AGAGCGTCCATGACACTAGA,0,602879
araCp,0.058823529411764705,16,16,AGAGCACCGCTGCTAGGTAC,0,552244
araCp,0.058823529411764705,16,16,AGACACAGGATGGTCACCGT,0,599186
araCp,0.058823529411764705,16,16,AGAATACAGGAAGATCCGGG,0,548562
araCp,0.058823529411764705,16,16,AGAAAGTATCCACTGAGTGG,0,556480
araCp,0.058823529411764705,16,16,AGAAAACGATTTCCGTTGTA,0,549544
araCp,0.058823529411764705,16,16,ACTTGCCCGGCCGACACGGG,0,596696
araCp,0.058823529411764705,16,16,ACTTCTTAGAGTGATGCGGA,0,567440
araCp,0.058823529411764705,16,16,ACTTCAGGCTGCGCATTTGT,0,527291
araCp,0.058823529411764705,16,16,ACTGGATTAAGGTTCAAGAA,0,580265
araCp,0.058823529411764705,16,16,ACTCGGATAACAGGACTTCA,0,567386
araCp,0.058823529411764705,16,16,ACTCATAGAATTTCACAATA,0,579559
araCp,0.058823529411764705,16,16,ACTATGGTCTTTAAAAGAAG,0,555259
araCp,0.058823529411764705,16,16,ACTATAAGCACTGACACCTT,0,525697
araCp,0.058823529411764705,16,16,ACTAGAGAGTGCATGGCCTT,0,573761
araCp,0.058823529411764705,16,16,ACGTTAGGATGAGTTGTCAG,0,535313
araCp,0.058823529411764705,16,16,ACGTGGGAGGGTGTATGGCA,0,577633
araCp,0.058823529411764705,16,16,ACGTACCTAAACCCCCTCGC,0,578750
araCp,0.058823529411764705,16,16,ACGATCTTCGCTCTGGCACA,0,558423
araCp,0.058823529411764705,16,16,ACGAGGGTCTGCTGAGTTCT,0,571369
araCp,0.058823529411764705,16,16,ACGAGCGTATTGTACCCATC,0,560744
araCp,0.058823529411764705,16,16,ACCTTTGATTGTAAGTGCTG,0,536690
araCp,0.058823529411764705,16,16,ACCTGAGATAGATTGAACAA,0,591303
araCp,0.058823529411764705,16,16,ACCGTCAGATTAGAAGCAAG,0,576045
araCp,0.058823529411764705,16,16,ACCGGGTCCTGTTTTCAGAC,0,545467
araCp,0.058823529411764705,16,16,ACCGCCTGCAGTTACAGAAA,0,540698
araCp,0.058823529411764705,16,16,ACCGCATCTTTTCGGGTCAT,0,584500
araCp,0.058823529411764705,16,16,ACCCTTTCGTTTCCTATGGA,0,531546
araCp,0.058823529411764705,16,16,ACCATCTTCCCTCTCGGAGA,0,541283
araCp,0.058823529411764705,16,16,ACCAAGTTAAGCGTTCAAGT,0,532295
araCp,0.058823529411764705,16,16,ACATTTATCGTGGCGCTCCC,0,575828
araCp,0.058823529411764705,16,16,ACATGTACATATATGGCTTG,0,575246
araCp,0.058823529411764705,16,16,ACACATTTAAACGGCAAACC,0,585929
araCp,0.058823529411764705,16,16,ACACACCTAACGAGGCCATA,0,576412
araCp,0.058823529411764705,16,16,AATGATTCTTTTAAACTACA,0,573447
araCp,0.058823529411764705,16,16,AATGAGTCTGAATAATCTCG,0,600074
araCp,0.058823529411764705,16,16,AATCGTTGTTCATGCTGGTT,0,591164
araCp,0.058823529411764705,16,16,AATCGCCTGGGTGTGGAAGA,0,534231
araCp,0.058823529411764705,16,16,AATACGCAAGATTGTAGTTA,0,557759
araCp,0.058823529411764705,16,16,AAGTCCTAAGGACCAGCAGA,0,570765
araCp,0.058823529411764705,16,16,AAGGTAGTCTAGTCAGGCTG,0,562765
araCp,0.058823529411764705,16,16,AAGGGTTGCGAGTTATTCAC,0,529276
araCp,0.058823529411764705,16,16,AAGGCGCTGTGATTATGTTA,0,568140
araCp,0.058823529411764705,16,16,AAGCTTATCTATATGGAAAT,0,576946
araCp,0.058823529411764705,16,16,AAGCTGGACTCAGTACTACA,0,566920
araCp,0.058823529411764705,16,16,AAGCTGCTTGGGACTGCACT,0,538107
araCp,0.058823529411764705,16,16,AAGCCCCCTCATCAGCGCTC,0,537438
araCp,0.058823529411764705,16,16,AACTGGGCGCCACCGTGCAA,0,559804
araCp,0.058823529411764705,16,16,AACTCGGCCGGGTACACGTG,0,561732
araCp,0.058823529411764705,16,16,AACGCGGTCCATCAGAGGAA,0,560639
araCp,0.058823529411764705,16,16,AACGATGATCTGTCATGAAT,0,538203
araCp,0.058823529411764705,16,16,AACCGCCGCCACGATTCCTC,0,530242
araCp,0.058823529411764705,16,16,AACCCCCTGTTTTCACCGCG,0,547802
araCp,0.058823529411764705,16,16,AACCCATCATCTAACCCCTG,0,544795
araCp,0.058823529411764705,16,16,AACCAGCGGATTCGGCGGAG,0,548000
araCp,0.058823529411764705,16,16,AACATAAGGAGCGGAAGGGT,0,591591
araCp,0.058823529411764705,16,16,AACAGTGTATGTGCAAAGCC,0,539292
araCp,0.058823529411764705,16,16,AAAGTTACATTACGTTCAAT,0,603536
araCp,0.058823529411764705,16,16,AAAGGCATGAATTGAATATG,0,532546
araCp,0.058823529411764705,16,16,AAACTTAATATTTCACGAAC,0,583797
araCp,0.058823529411764705,16,16,AAACTAAGAATTTAATGATA,0,564875
araCp,0.058823529411764705,16,16,AAACAGCGTTTAGTCAATCA,0,564629
araCp,0.0625,15,15,TTTTGTGTTTAAGTGAGGCT,0,555252
araCp,0.0625,15,15,TTTTCGCTTGCGTTTCATTC,0,560973
araCp,0.0625,15,15,TTTTACCCAGATCATAGCAT,0,555160
araCp,0.0625,15,15,TTTGGTAGAATTTTAAGCTG,0,581263
araCp,0.0625,15,15,TTTGCCCACCTTATCTTAAG,0,568353
araCp,0.0625,15,15,TTTCTTTACAACCTAGTGCC,0,552687
araCp,0.0625,15,15,TTTCCCATGCTGGTCTGGAC,0,601582
araCp,0.0625,15,15,TTTCCCATCGCCCGGGACCT,0,565753
araCp,0.0625,15,15,TTTCAATAGCCCACGAAATG,0,602170
araCp,0.0625,15,15,TTTAGGTTGTCCGCCCCGGA,0,573644
araCp,0.0625,15,15,TTTAGAGCAGATTCGGCTGC,0,587589
araCp,0.0625,15,15,TTGTGCACGCTCAAGGGCCA,0,559910
araCp,0.0625,15,15,TTGGTCTCTGGTCTGTTCCA,0,580266
araCp,0.0625,15,15,TTGGCAGCGGACCTCGATTG,0,593093
araCp,0.0625,15,15,TTGGACCAATGACGTAAATT,0,598376
araCp,0.0625,15,15,TTGCTGGCGGAGGGACGCAA,0,548419
araCp,0.0625,15,15,TTGCGCGTTGCCCCTAGGAG,0,577973
araCp,0.0625,15,15,TTGCACAAAACTTCATCGAA,0,602953
araCp,0.0625,15,15,TTGATTGCGGTTCAAGCATT,0,580996
araCp,0.0625,15,15,TTCTGTAAACGTTGGTGTAT,0,578748
araCp,0.0625,15,15,TTCTCTGATCTCACACCGAG,0,558156
araCp,0.0625,15,15,TTCGCAGCAGCGTAGTGGCA,0,544842
araCp,0.0625,15,15,TTCCTGGCGCGTAGCGGGGC,0,558262
araCp,0.0625,15,15,TTCCTGCAAGCTAATACCAA,0,536607
araCp,0.0625,15,15,TTCCCGGCGGACCCGTTCCT,0,589206
araCp,0.0625,15,15,TTATTGCGGTAGATATAATA,0,532997
araCp,0.0625,15,15,TTAGTCAGACACAAATGAAA,0,578980
araCp,0.0625,15,15,TTAGCAAGACAAGAGACAGA,0,528059
araCp,0.0625,15,15,TTACGCGAAGCGCCGTGCAA,0,567714
araCp,0.0625,15,15,TTAAATAACATTAGTATAGT,0,592900
araCp,0.0625,15,15,TTAAAACTGGGTTGTTCTCA,0,565134
araCp,0.0625,15,15,TGTTTTAGGTGGATTATGAG,0,542683
araCp,0.0625,15,15,TGTTTGGGTGTGTAATCCTT,0,594766
araCp,0.0625,15,15,TGTTTGAGAATTCAGAGACA,0,601444
araCp,0.0625,15,15,TGTTGCCTGGCCCACCTTTC,0,597436
araCp,0.0625,15,15,TGTTGATGCGCTGCGTAAAC,0,545217
araCp,0.0625,15,15,TGTTACGTATAGGGCAGATC,0,581414
araCp,0.0625,15,15,TGTGGAGGATGCCAGTCAGT,0,599786
araCp,0.0625,15,15,TGTGCAACTGCTCATGCTAT,0,584089
araCp,0.0625,15,15,TGTCTGACATAGTACGATAT,0,588559
araCp,0.0625,15,15,TGTCGCATGACAATCTATCA,0,537360
araCp,0.0625,15,15,TGTCCGGGCCAAAGGCATGT,0,553076
araCp,0.0625,15,15,TGTCAAGCGCGTCGTTCTGC,0,590116
araCp,0.0625,15,15,TGTAATTAGATCTGAAACTG,0,531395
araCp,0.0625,15,15,TGTAACAAGTCTAGTACCTT,0,554214
araCp,0.0625,15,15,TGGTTCTCACTAGATGCGTC,0,556546
araCp,0.0625,15,15,TGGTTCAGTTTCCAACTATA,0,528284
araCp,0.0625,15,15,TGGTTATCATAAAGTGGGCG,0,600031
araCp,0.0625,15,15,TGGTGTTCTGTACGTCCCTT,0,535142
araCp,0.0625,15,15,TGGTGAACGGGGCGGCTCTC,0,551966
araCp,0.0625,15,15,TGGGGTTTTGTTTCATTCGG,0,525810
araCp,0.0625,15,15,TGGGGTTAGATTATATTATA,0,549414
araCp,0.0625,15,15,TGGGCAACGCCATGAAGCAA,0,526569
araCp,0.0625,15,15,TGGCGATACTATCTGGCTGC,0,557473
araCp,0.0625,15,15,TGGCACCGGTGCATGTTCTA,0,584561
araCp,0.0625,15,15,TGGATTCACGCATACAAGCA,0,577719
araCp,0.0625,15,15,TGGACGAATTTATGGTTTAG,0,549933
araCp,0.0625,15,15,TGCTTAGTGAGACTTCCGAT,0,534926
araCp,0.0625,15,15,TGCGCTAGGGATCAAGGTCG,0,597195
araCp,0.0625,15,15,TGCGCCCGTGGGACGCTCCA,0,551374
araCp,0.0625,15,15,TGCGCAAGACCAACGCGCGA,0,537207
araCp,0.0625,15,15,TGCGCAACGACGCAGGATAT,0,586731
araCp,0.0625,15,15,TGCCTATTAATCGATATAAC,0,551168
araCp,0.0625,15,15,TGCCGCCACAGGCGGCCAGT,0,559752
araCp,0.0625,15,15,TGCCAGTTTAAGAGACTCAA,0,535038
araCp,0.0625,15,15,TGCCACCAGTGTTGGTATGC,0,602384
araCp,0.0625,15,15,TGCATTCTTTGCCGAAGCCA,0,577278
araCp,0.0625,15,15,TGCAGATATCTGCTAACTAC,0,539864
araCp,0.0625,15,15,TGCAGACAATGATAGGGCTT,0,580793
araCp,0.0625,15,15,TGCAAGCTTATACTGTCGGC,0,558267
araCp,0.0625,15,15,TGATGTTGAAGTCCACTCCA,0,542679
araCp,0.0625,15,15,TGATGGAGCTTATGCAATAA,0,599988
araCp,0.0625,15,15,TGAGGGTACTATGCGACCCT,0,554710
araCp,0.0625,15,15,TGAGCTATCACATAAAAATA,0,532126
araCp,0.0625,15,15,TGACGTAGCTAATCTAAATC,0,601204
araCp,0.0625,15,15,TGACCTTGGGAGCCGGATGT,0,577213
araCp,0.0625,15,15,TCTTCCAGGGGATCCTCAAT,0,534358
araCp,0.0625,15,15,TCTTCAACCGCGCTCACAGG,0,601717
araCp,0.0625,15,15,TCTGGGGACCGCACGCCCTG,0,542948
araCp,0.0625,15,15,TCTGCGAGGGGGTAGTCAGG,0,527731
araCp,0.0625,15,15,TCTCGGCGCATGTCACGTTT,0,577782
araCp,0.0625,15,15,TCTAGTACAGTCGGTTGACC,0,575694
araCp,0.0625,15,15,TCTAGCAACACATAACTTTA,0,554525
araCp,0.0625,15,15,TCTAATCCGCAGTGCTGAAA,0,527892
araCp,0.0625,15,15,TCTAAGGAGGTGCATTAGCA,0,538001
araCp,0.0625,15,15,TCGTTCTGTAACTGTGAATG,0,545846
araCp,0.0625,15,15,TCGTTCAAAAAACGGTCCGC,0,551136
araCp,0.0625,15,15,TCGTGGTAACGAGGTCTGAT,0,540277
araCp,0.0625,15,15,TCGTATTTACCTGATACATT,0,554529
araCp,0.0625,15,15,TCGGCTGGGTATATTTGGAT,0,600244
araCp,0.0625,15,15,TCGCCGGTCGTTTACGCTCC,0,559316
araCp,0.0625,15,15,TCGCCATTGCAACTAAAACA,0,575991
araCp,0.0625,15,15,TCGCCACGCGGTTTGCTACT,0,550674
araCp,0.0625,15,15,TCGCAAGTTGTGGGTAATTG,0,595412
araCp,0.0625,15,15,TCGAGGCCATTCCGTCTTAG,0,542631
araCp,0.0625,15,15,TCGAATGCTATATAGGGCAA,0,544459
araCp,0.0625,15,15,TCCTGCAGAGCGCTTCTGCT,0,550422
araCp,0.0625,15,15,TCCTAGCTTCATTCTTCTTG,0,534724
araCp,0.0625,15,15,TCCGTTCGAGGGTGTACAAC,0,550511
araCp,0.0625,15,15,TCCCTAAGTTGTGGGTCAGC,0,545429
araCp,0.0625,15,15,TCCCCCCCCTTATCTCAGGT,0,546196
araCp,0.0625,15,15,TCCCCACCTTGTGTCTATAT,0,542418
araCp,0.0625,15,15,TCCATGGGATGCGGTGGGTC,0,570692
araCp,0.0625,15,15,TCCATGCTGGTTCCCAGCGT,0,582304
araCp,0.0625,15,15,TCCAAGTACCGGTATGGAAG,0,579011
araCp,0.0625,15,15,TCATTCGACTCCTTTCGTGG,0,562767
araCp,0.0625,15,15,TCATGTTCGTCGAACCGTGT,0,595145
araCp,0.0625,15,15,TCATGGCCATCCATAGCGCG,0,578342
araCp,0.0625,15,15,TCATAATAGTTGACAGTGGC,0,550204
araCp,0.0625,15,15,TCAGGAAGAAATCTCACATG,0,562411
araCp,0.0625,15,15,TCAGCTCGTGACTTAATAAG,0,554697
araCp,0.0625,15,15,TCACTGCAACCATGGGCTGA,0,559501
araCp,0.0625,15,15,TCACTGACCAGAGTCTCGGT,0,556792
araCp,0.0625,15,15,TCACTAAGCCCTTACGTGTG,0,557701
araCp,0.0625,15,15,TCACCCACTGGCCCGTTCCC,0,560321
araCp,0.0625,15,15,TCACACGACGGCAATATACG,0,573446
araCp,0.0625,15,15,TCAAGAACAGAGCGGTGTAT,0,569450
araCp,0.0625,15,15,TATTGGAAAATGTCAGAGCT,0,572932
araCp,0.0625,15,15,TATTCTTTGTGATGCACTTT,0,570947
araCp,0.0625,15,15,TATTCACCTGTTGATTAGTT,0,601655
araCp,0.0625,15,15,TATGTCATTCAATTTTCCGA,0,542764
araCp,0.0625,15,15,TATGCGAATCGGCCGTTTAA,0,558522
araCp,0.0625,15,15,TATCTCGACTCAAACTCAAC,0,564307
araCp,0.0625,15,15,TATCGAGTGGTTCGTATACT,0,570234
araCp,0.0625,15,15,TATCCCTAGGTTTTTAGTGA,0,557037
araCp,0.0625,15,15,TATACACCTCGACCGTCCTG,0,602337
araCp,0.0625,15,15,TATAAAGGGCAATCAGACGA,0,575375
araCp,0.0625,15,15,TAGTTTGTTGCATAGTCAGA,0,591051
araCp,0.0625,15,15,TAGGCCGCAACGGGTAAGTA,0,531748
araCp,0.0625,15,15,TACTTTCTGGTCCTCGCTAT,0,601586
araCp,0.0625,15,15,TACTATACCAGCTCTGGATT,0,590618
araCp,0.0625,15,15,TACTAGGCTTCCTGCCAGTT,0,527431
araCp,0.0625,15,15,TACGGGGTCCTAAACATCAT,0,560059
araCp,0.0625,15,15,TACGGAAGGGCAGAGATACA,0,560661
araCp,0.0625,15,15,TACGCAGGGTTCCAAGAGTT,0,528298
araCp,0.0625,15,15,TACCTCACCAGAGCATTGTA,0,554537
araCp,0.0625,15,15,TACCAGGGGACAGGTCGTGT,0,577570
araCp,0.0625,15,15,TACATCAGGACTCATCGGAG,0,541107
araCp,0.0625,15,15,TACATAGGAAGTTCACCTAT,0,586634
araCp,0.0625,15,15,TACAGGATCTTTCAGTCATG,0,576670
araCp,0.0625,15,15,TACACATTTCAACTGGGCGT,0,531021
araCp,0.0625,15,15,TACAAGAGATCACAAGCTTT,0,574837
araCp,0.0625,15,15,TAATTCATAGACATCGGCGA,0,560139
araCp,0.0625,15,15,TAATTATCAAGCCAGTCAAG,0,597919
araCp,0.0625,15,15,TAATGTGAGCCTCCGGTGAT,0,542050
araCp,0.0625,15,15,TAATGGTTGAAAGGGTGAAG,0,574403
araCp,0.0625,15,15,TAATGGGGTAATGCGGTTCA,0,535147
araCp,0.0625,15,15,TAATGCGATCACTCTCCTAC,0,537496
araCp,0.0625,15,15,TAAGTGTGTCAATACAACGG,0,542138
araCp,0.0625,15,15,TAAGGTCGTAGCTACCGAAG,0,558551
araCp,0.0625,15,15,TAACCTTAGCAGTAGTTATG,0,552218
araCp,0.0625,15,15,TAACCTCCTCTTGGCGCGGA,0,593543
araCp,0.0625,15,15,GTTTCACAAAGCTGATAGGG,0,574911
araCp,0.0625,15,15,GTTTAGGTTTGATTCGCTAT,0,545141
araCp,0.0625,15,15,GTTGTGAACTAAACCAACAT,0,533355
araCp,0.0625,15,15,GTTCTGTCACGTCAAATAGA,0,571025
araCp,0.0625,15,15,GTTCCACAGTAGTTTGTCCT,0,562270
araCp,0.0625,15,15,GTTATTTTACATGTGTTAGA,0,588854
araCp,0.0625,15,15,GTTACTGTAACGGCGCGCAT,0,559753
araCp,0.0625,15,15,GTGTAGGTTCTATGAAATCG,0,587446
araCp,0.0625,15,15,GTGTAAGCCCAATACGACTC,0,586117
araCp,0.0625,15,15,GTGGGAAGCAGCGCTCGGAG,0,525941
araCp,0.0625,15,15,GTGCTACATACCGGACTTGG,0,528709
araCp,0.0625,15,15,GTCTCGGCTTGATCGGGTTG,0,593714
araCp,0.0625,15,15,GTCTCAGAAGAAGAGTAAAC,0,599717
araCp,0.0625,15,15,GTCGTGTACCGAACTTAAGA,0,541941
araCp,0.0625,15,15,GTCGGTTTAATCTGCTTGTT,0,538785
araCp,0.0625,15,15,GTCGATGCCCGAGCGTAGTC,0,541133
araCp,0.0625,15,15,GTCCCGATACGGCAGGCCAA,0,582545
araCp,0.0625,15,15,GTCATGAAAACAATTCTGTT,0,549603
araCp,0.0625,15,15,GTCACCACTCGGAAAGTGGC,0,564854
araCp,0.0625,15,15,GTCACCAACTGTATAACAGC,0,590282
araCp,0.0625,15,15,GTATGGCCGTGCCGCTTGGA,0,567231
araCp,0.0625,15,15,GTATGAGTTGCCTTCGCACC,0,527097
araCp,0.0625,15,15,GTATCGGCTATCCGCCGCCT,0,575998
araCp,0.0625,15,15,GTACAAACCGGATGTTTTTT,0,535138
araCp,0.0625,15,15,GGTTTAGAATGCTACATGAT,0,545251
araCp,0.0625,15,15,GGTCGTTCGGACGGTATCGG,0,578223
araCp,0.0625,15,15,GGTCCGATGAGGGTAGAATA,0,595172
araCp,0.0625,15,15,GGTAGTATTATGATTCGGAG,0,529331
araCp,0.0625,15,15,GGTAGGGAAGTGTTGGCCCT,0,591012
araCp,0.0625,15,15,GGTAGCCAAAGGGCACGTTA,0,530168
araCp,0.0625,15,15,GGTACATCCGTCTCAGGCTT,0,549543
araCp,0.0625,15,15,GGTAATGCCGCGGGCATCAT,0,582526
araCp,0.0625,15,15,GGTAACCAGAATGGCCAACT,0,532607
araCp,0.0625,15,15,GGTAAAACTGAGTCCAGCGT,0,602310
araCp,0.0625,15,15,GGGTTGATGCATAACTGTGG,0,544425
araCp,0.0625,15,15,GGGTCGATAGTGGTTGGCGA,0,548409
araCp,0.0625,15,15,GGGTAACCGGTTTACGTCTC,0,595153
araCp,0.0625,15,15,GGGCTTATGTCTACACCGTA,0,576321
araCp,0.0625,15,15,GGGCCAACTTACATTCGTTC,0,594042
araCp,0.0625,15,15,GGGAGTTCCTCGCGAAAGGA,0,582891
araCp,0.0625,15,15,GGCTGTCGTGATTTCGGCCC,0,535007
araCp,0.0625,15,15,GGCCCGCGCCCAGATTCTGT,0,589112
araCp,0.0625,15,15,GGCCAGGGTATGCCTTTTAA,0,537480
araCp,0.0625,15,15,GGCAGAAGCCGCAACAGCCG,0,570941
araCp,0.0625,15,15,GGCACCTTGGTCGTTAGACG,0,595165
araCp,0.0625,15,15,GGCAAATCGGGCTTTACGTA,0,541985
araCp,0.0625,15,15,GGATTGGCAGCATGAGCACG,0,581127
araCp,0.0625,15,15,GGATGACCTGGTTTGCTGAT,0,553523
araCp,0.0625,15,15,GGAGGTAAAACCATTATCAG,0,527518
araCp,0.0625,15,15,GGAGATCCCGTCAAGAAATT,0,563380
araCp,0.0625,15,15,GGAGAAAGCGTAAAACCTAT,0,550745
araCp,0.0625,15,15,GGACGTTGCAAATTATCTGT,0,549803
araCp,0.0625,15,15,GGACGTGACCAAGATCTAGT,0,533733
araCp,0.0625,15,15,GGACGTCGGGGTTTACCTTA,0,581623
araCp,0.0625,15,15,GGACCTGTACCCGCCCACCC,0,553015
araCp,0.0625,15,15,GGAATACAGGAATCGCCAAA,0,533552
araCp,0.0625,15,15,GCTTTATCCGTGCGCTTCAA,0,590125
araCp,0.0625,15,15,GCTTGTTTATGATGGACAGA,0,599390
araCp,0.0625,15,15,GCTTCCGTCTTTACCGACTG,0,571161
araCp,0.0625,15,15,GCTGTGTTACCCAAGTACGC,0,573819
araCp,0.0625,15,15,GCTGTCATAAGTGGCGTGGC,0,545062
araCp,0.0625,15,15,GCTCAATCTAGACCCCCTGG,0,542627
araCp,0.0625,15,15,GCTAACCTGAGCAAACCAGC,0,556050
araCp,0.0625,15,15,GCGTGTTTAACTGGGGTGGT,0,542368
araCp,0.0625,15,15,GCGTGGGGCGTATCTTGGTC,0,549711
araCp,0.0625,15,15,GCGTCTACGCATGGGGGATG,0,558248
araCp,0.0625,15,15,GCGTCGTCTCAACTAACGGA,0,550323
araCp,0.0625,15,15,GCGTCAAGGTAATACTCGTC,0,545080
araCp,0.0625,15,15,GCGGTATACTAAGGTCAAGT,0,577790
araCp,0.0625,15,15,GCGGGCCTGAAAGTTTCTAT,0,538089
araCp,0.0625,15,15,GCGGCCACGACAGCGGGCCT,0,581948
araCp,0.0625,15,15,GCGGCATGGCCGTGCTTAAG,0,548569
araCp,0.0625,15,15,GCGCGGTAATAGGCCCCTTT,0,592276
araCp,0.0625,15,15,GCGCCTCGGCGATTGAAGGT,0,585156
araCp,0.0625,15,15,GCGATTACCGCCTCTTGCTC,0,579711
araCp,0.0625,15,15,GCGATGCACTGGCGTGTAGC,0,583320
araCp,0.0625,15,15,GCCTAACGGGGGCTCATCAA,0,551399
araCp,0.0625,15,15,GCCGCGGCCCGGCCTATTCC,0,552577
araCp,0.0625,15,15,GCCGCGCGAGGGGTCCTCGC,0,603200
araCp,0.0625,15,15,GCCGCGCACGCAGCACGTGA,0,566724
araCp,0.0625,15,15,GCCCTCACTCCGAAATGTCC,0,567329
araCp,0.0625,15,15,GCCCGTCTGTTTGCCTCAGA,0,534025
araCp,0.0625,15,15,GCCCGCGCTTTTCAGTGTTG,0,573833
araCp,0.0625,15,15,GCCAGTATGTAGCCTAATAA,0,547661
araCp,0.0625,15,15,GCCACCGAACGTCGTGGCAT,0,583461
araCp,0.0625,15,15,GCATCGCTACGAACCACAAC,0,533674
araCp,0.0625,15,15,GCATCAGATCAAAAAACCGA,0,591323
araCp,0.0625,15,15,GCAGTAGAGGGGTCACTAAG,0,538558
araCp,0.0625,15,15,GCAGCTACACCTGGCAGGTC,0,570694
araCp,0.0625,15,15,GCAGAGGATGTAGTGTGAAT,0,568351
araCp,0.0625,15,15,GCACGGGGATCTAAGAGACA,0,539462
araCp,0.0625,15,15,GCACCCCCAACTATCGTGGC,0,548127
araCp,0.0625,15,15,GCAATAGTGGACAAATGGCC,0,554563
araCp,0.0625,15,15,GCAAGCGTACTCAATCACGT,0,600628
araCp,0.0625,15,15,GATTCCCGGTAGGAGAACTA,0,538831
araCp,0.0625,15,15,GATTAGTGTTACATCTGCTG,0,548658
araCp,0.0625,15,15,GATGATACGTTTCAGGCTAT,0,536943
araCp,0.0625,15,15,GATCTGCTCGCGTTTCATCA,0,530888
araCp,0.0625,15,15,GATCGCGTCTTCACTAACTC,0,527195
araCp,0.0625,15,15,GATATTAATTGCGCAGATTT,0,560592
araCp,0.0625,15,15,GAGGTCACAATATTATGATA,0,561076
araCp,0.0625,15,15,GAGGGGACTACTTGGGAGGG,0,545755
araCp,0.0625,15,15,GAGGCGTAGCGATTTGAAGT,0,598890
araCp,0.0625,15,15,GACGTGAGTGGGGTAGTGGA,0,597740
araCp,0.0625,15,15,GACGCCAAAGTGGCTAGGCA,0,573578
araCp,0.0625,15,15,GACCCCACAAATTTGCGCTC,0,593403
araCp,0.0625,15,15,GACCAGAGACAAATTCCCAG,0,568682
araCp,0.0625,15,15,GACATACGCGGACCACGGAA,0,597287
araCp,0.0625,15,15,GACAGCGCTTTGAAAAGGAC,0,579706
araCp,0.0625,15,15,GAATTGGTCGGGACATTTTA,0,569146
araCp,0.0625,15,15,GAATTGCTATTCGCGCGTCC,0,542505
araCp,0.0625,15,15,GAATAATGTTTTTCCAACAG,0,560971
araCp,0.0625,15,15,GAAGTTTATTCACATAGGAA,0,591443
araCp,0.0625,15,15,GAAGCTCAGACCTTGGTTGT,0,533140
araCp,0.0625,15,15,GAAGAATTGTACAATGATAC,0,561605
araCp,0.0625,15,15,GAACTGGCCCCTCCCTGTAA,0,542363
araCp,0.0625,15,15,GAACTATCTTCTACGGCTAA,0,562406
araCp,0.0625,15,15,GAACCTTTCGTACGCGAATA,0,553815
araCp,0.0625,15,15,GAAATTTCATAGGAGACGTA,0,593720
araCp,0.0625,15,15,GAAAATTGCTTAAGTTGCAG,0,545516
araCp,0.0625,15,15,CTTTTATGCCAACGCTCCCA,0,533117
araCp,0.0625,15,15,CTTTGCTCTAAAAAAGCCTT,0,570814
araCp,0.0625,15,15,CTTTCAGTGATCGTAACCGT,0,588393
araCp,0.0625,15,15,CTTGTTGATTTTATCAATGA,0,551244
araCp,0.0625,15,15,CTTGGACAATGACACTCTGT,0,577979
araCp,0.0625,15,15,CTTCGGGTGTGATTCCACCA,0,594894
araCp,0.0625,15,15,CTTCGATGTTTGGCCACAGT,0,568942
araCp,0.0625,15,15,CTGTTGCAACGTATGAGTAG,0,560323
araCp,0.0625,15,15,CTGTCCGTACCTCGTATTCT,0,532306
araCp,0.0625,15,15,CTGTACTGTGCTGTATCCAC,0,598086
araCp,0.0625,15,15,CTGGGTTGAACTCCACGTAG,0,544325
araCp,0.0625,15,15,CTGCGCTATCACAAGCCTTA,0,602162
araCp,0.0625,15,15,CTGCGCGGAGGGCACTGCGA,0,586691
araCp,0.0625,15,15,CTGCCGCTCTTAGAGGACGT,0,579169
araCp,0.0625,15,15,CTGCCGACAGGGACCTGCTT,0,527640
araCp,0.0625,15,15,CTGATCCTCCCGGGTAGCCT,0,544797
araCp,0.0625,15,15,CTGAACGGTTCAAACTCGTG,0,597109
araCp,0.0625,15,15,CTCTTAGGCTTTCGATGCGA,0,562455
araCp,0.0625,15,15,CTCTGTGTCTCTAATTCGAG,0,583982
araCp,0.0625,15,15,CTCTCCGATTTCCATCTGGT,0,534297
araCp,0.0625,15,15,CTCTACACGCGGGCACCACC,0,568943
araCp,0.0625,15,15,CTCGTTCCTATCCACTTTAA,0,598680
araCp,0.0625,15,15,CTCCCGGGCCGAGTGATGTA,0,536700
araCp,0.0625,15,15,CTCATTACCCACGGAAAACA,0,568147
araCp,0.0625,15,15,CTCAGCGTCCGTGACGGTCT,0,582888
araCp,0.0625,15,15,CTATGGAATACGTAAGAAAC,0,531804
araCp,0.0625,15,15,CTATCCCCCAATAGAATATG,0,580277
araCp,0.0625,15,15,CTAGGTAATTAGCCGGTTAT,0,535093
araCp,0.0625,15,15,CTAGGAGAGACATGGGATCC,0,588562
araCp,0.0625,15,15,CTAGACGCGCCAGAACAAGA,0,542211
araCp,0.0625,15,15,CTAGAAACTCTCTAGGGGAG,0,592656
araCp,0.0625,15,15,CTACGTCGATTCGGCTGTAC,0,559126
araCp,0.0625,15,15,CGTTTTCCCCTTTGGAGCTA,0,577286
araCp,0.0625,15,15,CGTTGCACTACGGCTGTGTG,0,529805
araCp,0.0625,15,15,CGTGTTATCCCGTAAACAAT,0,573164
araCp,0.0625,15,15,CGTGTCCCGCGTACAGGCGG,0,590720
araCp,0.0625,15,15,CGTGGGTGTCATTTCACTAA,0,540592
araCp,0.0625,15,15,CGTGGCTGCATGTACTCACT,0,588588
araCp,0.0625,15,15,CGTGACTAGGTAGGAAAAGG,0,541147
araCp,0.0625,15,15,CGGTGAGACTCGACACGTTT,0,576535
araCp,0.0625,15,15,CGGTCAGTATATTTTCCATT,0,587385
araCp,0.0625,15,15,CGGGGGCAGGCAATGGTTGT,0,544064
araCp,0.0625,15,15,CGGGCACTTTTACAGAAGCA,0,599343
araCp,0.0625,15,15,CGGCTTTTAAGAGCGGTAAA,0,560551
araCp,0.0625,15,15,CGGCTCTAGTAGAGGCAGCG,0,539836
araCp,0.0625,15,15,CGGCAACATGCGAAAGTTAC,0,531649
araCp,0.0625,15,15,CGGATGCAAGAACCTACCCA,0,546201
araCp,0.0625,15,15,CGGATCACGGTCCCTCAACC,0,601613
araCp,0.0625,15,15,CGGAACCATGCCCATCATCG,0,557700
araCp,0.0625,15,15,CGGAAACCTATTGCACGACA,0,542075
araCp,0.0625,15,15,CGCTGAGACCGGCGCTCGCT,0,576866
araCp,0.0625,15,15,CGCTAGTTGGCGAGCAGGGA,0,578619
araCp,0.0625,15,15,CGCGTATCCCAACGGTTCGA,0,596088
araCp,0.0625,15,15,CGCGAATGTCCGGTTTTCTC,0,552241
araCp,0.0625,15,15,CGCCTGTTATTAATTGCACC,0,552826
araCp,0.0625,15,15,CGCCCCTCTCCCCGACAGTG,0,537962
araCp,0.0625,15,15,CGCCAAGCCACCATAGGCAT,0,570405
araCp,0.0625,15,15,CGCATACACGCCGTACTAAT,0,544634
araCp,0.0625,15,15,CGCATAAAGCATACAAAAGG,0,589835
araCp,0.0625,15,15,CGCAGCTTGAGGCCCCCTGT,0,589033
araCp,0.0625,15,15,CGATCGTCAGCCCATTGCAA,0,550812
araCp,0.0625,15,15,CGATAACGTGGTGATTCTGA,0,554103
araCp,0.0625,15,15,CGAGTTCATGTTGGTTTTGA,0,582565
araCp,0.0625,15,15,CGAGTGTACTCAATAACTAT,0,569116
araCp,0.0625,15,15,CGAGAAGGTATATTCGATAT,0,588048
araCp,0.0625,15,15,CGACGCCTTCTATGAGGTCT,0,532602
araCp,0.0625,15,15,CGAAATACGTTCAATATGAG,0,552663
araCp,0.0625,15,15,CCTTTGTCGGAACCTACAAT,0,584978
araCp,0.0625,15,15,CCTTTCTCTTGAAATTTCGC,0,560967
araCp,0.0625,15,15,CCTGTCGGCGGGTATGCACT,0,562322
araCp,0.0625,15,15,CCTGCATGAAAATTAAAGCA,0,566486
araCp,0.0625,15,15,CCTGATTGGGAAGGAACCTA,0,552239
araCp,0.0625,15,15,CCTCTGGCACGCACTATGAA,0,531755
araCp,0.0625,15,15,CCTCCCGACGTTTCTGTTCG,0,549425
araCp,0.0625,15,15,CCTATACGCGTGGGAGGGAG,0,567737
araCp,0.0625,15,15,CCTAGGGATGATCGAAGGGC,0,569127
araCp,0.0625,15,15,CCGTTGGATTCTTGATGAAT,0,575211
araCp,0.0625,15,15,CCGTGTCTCGCGTAGGACCG,0,529732
araCp,0.0625,15,15,CCGTGTCACACTGCGTCGTT,0,586252
araCp,0.0625,15,15,CCGTGCTATGCTCGTTAGAT,0,526217
araCp,0.0625,15,15,CCGTCCTCGGCTCGCCGTCT,0,591541
araCp,0.0625,15,15,CCGTACCCAACATGGCTCCC,0,534502
araCp,0.0625,15,15,CCGGTCAAAGCTTAAGTTTG,0,527102
araCp,0.0625,15,15,CCGCTGGTCCAGTACGCAGG,0,549537
araCp,0.0625,15,15,CCGCTCGGGAAGTAAAAAAA,0,546002
araCp,0.0625,15,15,CCGCTACATCGACAGGTCCA,0,536968
araCp,0.0625,15,15,CCGCGTTACAAGCTTTGGAA,0,547089
araCp,0.0625,15,15,CCGATCTTTGTACAGGCTGC,0,588493
araCp,0.0625,15,15,CCCTCCCAACTACAATGTTG,0,561360
araCp,0.0625,15,15,CCCTAGAGCTATTATTACGA,0,567888
araCp,0.0625,15,15,CCCGTCCAAGGGATTTCGTA,0,549558
araCp,0.0625,15,15,CCCGGAAGGAGACCATCTAA,0,588541
araCp,0.0625,15,15,CCCGCACATGTTAGTGCGTG,0,601390
araCp,0.0625,15,15,CCCGAACGAAAGGCACTAGC,0,562167
araCp,0.0625,15,15,CCCCACCGGCCAGTGATTTT,0,531041
araCp,0.0625,15,15,CCCATCCGGCAATTGCTTAA,0,555794
araCp,0.0625,15,15,CCCAATTATGCACCTCGCGG,0,571566
araCp,0.0625,15,15,CCCAAAATGGAGCTTGACTA,0,543764
araCp,0.0625,15,15,CCATGTCGCCACCTTCTCAC,0,542404
araCp,0.0625,15,15,CCATGGCTCCGTAATGATTT,0,589316
araCp,0.0625,15,15,CCATCTTCCATGTGATCGGG,0,600272
araCp,0.0625,15,15,CCAGGCCACATTGCGACGGT,0,550195
araCp,0.0625,15,15,CCAGCTTTTGTTTCGCTTTG,0,531711
araCp,0.0625,15,15,CCACGCTGTTAGTGGGTCCA,0,541948
araCp,0.0625,15,15,CCAACGAAATCGGATATCAG,0,603154
araCp,0.0625,15,15,CATTACCCAAGTCCAAAAGT,0,535989
araCp,0.0625,15,15,CATGTGGGGTCCGATATAGC,0,600981
araCp,0.0625,15,15,CATGGACGAGCCCATCCAAT,0,600430
araCp,0.0625,15,15,CATCGTTTGTCAATTCGGCT,0,532548
araCp,0.0625,15,15,CATCAAACTTATGGGTGAGG,0,567074
araCp,0.0625,15,15,CAGCTGTGTCCGAGCCGCGG,0,581126
araCp,0.0625,15,15,CAGCGGACGGACGGCCAGAT,0,536928
araCp,0.0625,15,15,CACTCATGGCGTAATCCGGT,0,546352
araCp,0.0625,15,15,CACGAGTGTCTGCACGCGGC,0,525681
araCp,0.0625,15,15,CACCGCCCGTAAACTACTCA,0,530508
araCp,0.0625,15,15,CACAGTAAGTAATTACTTGT,0,537860
araCp,0.0625,15,15,CACAGATAGGCACGTCTCGG,0,586444
araCp,0.0625,15,15,CACAACGTTTCAGAGCCTAA,0,593159
araCp,0.0625,15,15,CAAGTCGGCCGACGCGCCTT,0,532162
araCp,0.0625,15,15,CAAGGAGCAGGCTGTCGCGT,0,525536
araCp,0.0625,15,15,CAACGGCAACATGCTGAATA,0,535114
araCp,0.0625,15,15,ATTTTTGCACTCGGCTTTGC,0,557347
araCp,0.0625,15,15,ATTTATGGATCGACTCTAAT,0,548411
araCp,0.0625,15,15,ATTGGCACCTTCAAGGCTCA,0,593534
araCp,0.0625,15,15,ATTGGAGGGTCGTTCCATAT,0,600201
araCp,0.0625,15,15,ATTGATAGCTGGAGGAATCT,0,590775
araCp,0.0625,15,15,ATTCTGTCAATATACTAGGG,0,531422
araCp,0.0625,15,15,ATTCGGTTAAATACGTACCC,0,568700
araCp,0.0625,15,15,ATTCGAATGCTCGCAAGTGA,0,541744
araCp,0.0625,15,15,ATTCACCTAAGGGGGACGGT,0,589309
araCp,0.0625,15,15,ATTATGCTACTTTATGCGCT,0,554795
araCp,0.0625,15,15,ATGCTCGGACACGGTTGTAA,0,548075
araCp,0.0625,15,15,ATGCTCATCCTATGCGAGAC,0,541668
araCp,0.0625,15,15,ATGCGGTGTGAGTCTTGCGA,0,565286
araCp,0.0625,15,15,ATGCCACTGTGAGGGCTACA,0,542617
araCp,0.0625,15,15,ATGAGTTAGAGACATATTTG,0,544263
araCp,0.0625,15,15,ATGACTCCGGGGATTTATAT,0,570206
araCp,0.0625,15,15,ATGAACACATGCCAGAGACA,0,543610
araCp,0.0625,15,15,ATCTCCGCGATAGGTGTTTA,0,570637
araCp,0.0625,15,15,ATCGGTGGGTGCATACTGCA,0,546781
araCp,0.0625,15,15,ATCGAATGTAATTAGAGTCT,0,529901
araCp,0.0625,15,15,ATCCTCCCAAGAAACAGATG,0,601436
araCp,0.0625,15,15,ATCCAATCTCTCTCGGCTTT,0,602827
araCp,0.0625,15,15,ATCAGTCTTAGGCGTCACTG,0,547342
araCp,0.0625,15,15,ATCAGCACATCACCAGCAGC,0,589028
araCp,0.0625,15,15,ATATCGGCGGCGAGATGTCA,0,574878
araCp,0.0625,15,15,ATATCCCACTATGAGCTTCT,0,569114
araCp,0.0625,15,15,ATATAGTGGTCGGTGTTACG,0,563547
araCp,0.0625,15,15,ATAGTTCGTTAGGATTCAAG,0,549958
araCp,0.0625,15,15,ATAGTAGCAATCCGTGTAAA,0,574267
araCp,0.0625,15,15,ATAGGAGCATAGAGGTTCCT,0,540600
araCp,0.0625,15,15,ATACGTAAGTACCAACATGG,0,528929
araCp,0.0625,15,15,ATACGAAAACTGACCACATC,0,585348
araCp,0.0625,15,15,ATACCAATCCGATCACGAGC,0,593832
araCp,0.0625,15,15,ATAATCTGGTTCTTATAAGG,0,528489
araCp,0.0625,15,15,ATAAGTTACTAGCGTAGGGG,0,560288
araCp,0.0625,15,15,ATAAGTCAGTGACCCCAATA,0,565327
araCp,0.0625,15,15,AGTTCGTTGTTCATTATAAT,0,601280
araCp,0.0625,15,15,AGTGGTGTGATCCGGTCGGA,0,564203
araCp,0.0625,15,15,AGTGGTCCTCCGCTTGCCTG,0,576246
araCp,0.0625,15,15,AGTGGCTTCTCGGGACAGTT,0,592334
araCp,0.0625,15,15,AGTGCAAATCGACCCAGGCG,0,549861
araCp,0.0625,15,15,AGTACTTGTAACCATCCAGT,0,586542
araCp,0.0625,15,15,AGTACCGCATGGGAGACTCC,0,537987
araCp,0.0625,15,15,AGGTATTCCAGTAAGTTTCT,0,528725
araCp,0.0625,15,15,AGGTAACGCGCAAGGGATGT,0,547074
araCp,0.0625,15,15,AGGTAACAATGCAAGTTGTG,0,586896
araCp,0.0625,15,15,AGGGGTAGCCTTACCCATAG,0,573169
araCp,0.0625,15,15,AGGGGACCGGATACGGGTTA,0,549312
araCp,0.0625,15,15,AGGGCTGCTCTTGGAAGTCT,0,534857
araCp,0.0625,15,15,AGGGCAAAGGCCTTGCATGA,0,553791
araCp,0.0625,15,15,AGGCTAGGTGCTGTACCCCC,0,530271
araCp,0.0625,15,15,AGGCCGTTCCCTATTATCGC,0,531809
araCp,0.0625,15,15,AGGAACTAATGGGTACAACG,0,592267
araCp,0.0625,15,15,AGCTCTCCCACAGATATCTC,0,580590
araCp,0.0625,15,15,AGCTACAGAACGACCGGATT,0,580366
araCp,0.0625,15,15,AGCGCTAATGTACATGTTGG,0,525673
araCp,0.0625,15,15,AGCAGTATCCCAGGCTCAGG,0,557990
araCp,0.0625,15,15,AGCACAGGCGGCACCAAGCG,0,600329
araCp,0.0625,15,15,AGATGTACAGCAGGGTTCCT,0,553858
araCp,0.0625,15,15,AGAGTTATGTAGCCCCCTAT,0,553053
araCp,0.0625,15,15,AGAGTTAGGCCTTGTGCCTA,0,591949
araCp,0.0625,15,15,AGAGTATTGGTCCTAGGGTC,0,575252
araCp,0.0625,15,15,AGAGAATGTACCAGGCCAGA,0,553286
araCp,0.0625,15,15,AGACAGCGATCGAATGATCA,0,583129
araCp,0.0625,15,15,AGAATAAGTCATCTAGACCT,0,601022
araCp,0.0625,15,15,ACTTGTCATAAGGAATGACC,0,563612
araCp,0.0625,15,15,ACTTCCGCGGAATTTTAATA,0,525552
araCp,0.0625,15,15,ACTGGTTCCGAGAGACGCTT,0,581770
araCp,0.0625,15,15,ACTCGGGAGCTATGTCTAGG,0,584528
araCp,0.0625,15,15,ACTCGAGAACAGTGAATACT,0,551076
araCp,0.0625,15,15,ACTCGACCCGCCCAGAGTAG,0,568999
araCp,0.0625,15,15,ACTATCAACCTGTGTCGTGT,0,581468
araCp,0.0625,15,15,ACGTCTCAGTCGTGGGAAAT,0,526043
araCp,0.0625,15,15,ACGTATGGGCATTTCCGATA,0,566378
araCp,0.0625,15,15,ACGGTTCAGAAGTACTGATG,0,552362
araCp,0.0625,15,15,ACGGTAGAACCCTGTGCAGC,0,569887
araCp,0.0625,15,15,ACGGGTTTGGACGGGAGTAG,0,552629
araCp,0.0625,15,15,ACGGAGAGCCCAGAACGCCG,0,544224
araCp,0.0625,15,15,ACGCAAGGAGCGCAAGTGTA,0,590611
araCp,0.0625,15,15,ACGCAAGCAGTTGTCTGAAC,0,581947
araCp,0.0625,15,15,ACGACAAGTGCGCACGCAGA,0,534150
araCp,0.0625,15,15,ACCTTAGAGGCAGTCCGGAT,0,527510
araCp,0.0625,15,15,ACCGCTAGGGCATCCATGTG,0,562901
araCp,0.0625,15,15,ACCGACCAGTCGCAAATCAC,0,602590
araCp,0.0625,15,15,ACCCTCAGAGGGGGTTTACG,0,564858
araCp,0.0625,15,15,ACCCATGTTAGAGTACGTGT,0,567997
araCp,0.0625,15,15,ACCCATGCGAGCGCACATAC,0,544944
araCp,0.0625,15,15,ACCATTAAGTCGCTATGCTC,0,537358
araCp,0.0625,15,15,ACATTCTCTGGAACTTACGT,0,572550
araCp,0.0625,15,15,ACAGGCCCACCTGAATCTAA,0,571500
araCp,0.0625,15,15,ACAGCTCAGTTCACCGGGAA,0,557381
araCp,0.0625,15,15,ACACTGGAGTATGTGGGCTA,0,572306
araCp,0.0625,15,15,ACACTCGCTTCGTAGACGCC,0,530761
araCp,0.0625,15,15,ACACGTGTTGATTTTAGCTC,0,543651
araCp,0.0625,15,15,ACACCTGACCCTTCCTTACA,0,544956
araCp,0.0625,15,15,ACACCGCGCGCTCACACCTA,0,535301
araCp,0.0625,15,15,ACAACTTTTCAAATCCTTAC,0,581918
araCp,0.0625,15,15,ACAACATACTACCTGTAATG,0,543397
araCp,0.0625,15,15,ACAACACGTAGGCAGTTTTA,0,544640
araCp,0.0625,15,15,ACAAAGGCTCAGGTCTTCTG,0,551328
araCp,0.0625,15,15,AATTTTCGTCTTAGATTTAT,0,540169
araCp,0.0625,15,15,AATGTTTGAATTGCCCGAAG,0,555245
araCp,0.0625,15,15,AATGTTACTGCTAGCACAAT,0,557363
araCp,0.0625,15,15,AATGTAATTGTTGCTAGCTG,0,544142
araCp,0.0625,15,15,AATGCCATAGGCCTCGCTGT,0,598585
araCp,0.0625,15,15,AATCGGGGCAATACCGGACG,0,537305
araCp,0.0625,15,15,AAGTTTAAGCCCAGGTCTGC,0,588417
araCp,0.0625,15,15,AAGTATGGGGTGAGCAGTCT,0,576252
araCp,0.0625,15,15,AAGGGGAAAAGTCTGTCCAT,0,570146
araCp,0.0625,15,15,AAGCGCTCGAATGGCTAAAA,0,564446
araCp,0.0625,15,15,AAGCCGCTAGGACGGACCTG,0,543649
araCp,0.0625,15,15,AAGCACTCCGGGAGCCCGTT,0,588397
araCp,0.0625,15,15,AAGACAAAAGCGCTACCTTG,0,587930
araCp,0.0625,15,15,AAGAATGGGGGATGGTAATA,0,595847
araCp,0.0625,15,15,AACTGGGAAGATATGCTTCG,0,602396
araCp,0.0625,15,15,AACGTTTAGGCTCTTGTTCT,0,573874
araCp,0.0625,15,15,AACGCCGCGGAATTCCGTAG,0,568285
araCp,0.0625,15,15,AACGATACATTAAGTCCTTT,0,571447
araCp,0.0625,15,15,AACATAATCAGATTAGCAGT,0,533209
araCp,0.0625,15,15,AACAGTGAGCCACTGCTAAG,0,538384
araCp,0.0625,15,15,AACAATTTATGCCCTAGGAG,0,542358
araCp,0.0625,15,15,AACAAATATTCTTAGATTGA,0,571356
araCp,0.0625,15,15,AAATATTGAGAGTGACCACG,0,555473
araCp,0.0625,15,15,AAATATCAGGCTGGAACGAG,0,585640
araCp,0.0625,15,15,AAAGTGCTGCATGTCGTGAG,0,548235
araCp,0.0625,15,15,AAAGCTCGGGTAACGGCACG,0,579015
araCp,0.0625,15,15,AAAGCCGCCCTCTCCGTTGT,0,556152
araCp,0.0625,15,15,AAAGATTTCACTATAAGTTT,0,563357
araCp,0.0625,15,15,AAACTTATGTATTCCTTGGG,0,580142
araCp,0.0625,15,15,AAACTGGCACTATCTTATCG,0,565942
araCp,0.0625,15,15,AAACGCCTCCAGGTACGGTT,0,596230
araCp,0.0625,15,15,AAACACCTTCGGCTCACTTG,0,559349
araCp,0.06666666666666667,14,14,TTTGCTCAGCGGAGATCCTC,0,563143
araCp,0.06666666666666667,14,14,TTTCAGTTCGCCACCAAACA,0,584424
araCp,0.06666666666666667,14,14,TTTAAGTTTCGCCACACGGC,0,583333
araCp,0.06666666666666667,14,14,TTGTCGGCTTAATCGCAATT,0,570399
araCp,0.06666666666666667,14,14,TTGGTCTCTCCCGAGCGGGG,0,582423
araCp,0.06666666666666667,14,14,TTGGCAGACCGCCTCGCTGG,0,531018
araCp,0.06666666666666667,14,14,TTGCGAGTTGCAGAGTCTCT,0,526045
araCp,0.06666666666666667,14,14,TTGCCTTCTCCTCTCCCCGC,0,542380
araCp,0.06666666666666667,14,14,TTGCCGAACGGACTGATATT,0,588221
araCp,0.06666666666666667,14,14,TTGCATTATGATCACGCTAA,0,547018
araCp,0.06666666666666667,14,14,TTGCAGGAGATATCTCCGGG,0,545203
araCp,0.06666666666666667,14,14,TTGAGGTTATAAGCCCGGAC,0,561188
araCp,0.06666666666666667,14,14,TTGACGTTACTAAAGTGCCT,0,594240
araCp,0.06666666666666667,14,14,TTGACGCCGTTGGCGGTAGA,0,597514
araCp,0.06666666666666667,14,14,TTCTGGCGTCATTGCACGAC,0,534398
araCp,0.06666666666666667,14,14,TTCGGTGTCCGGGTGCGGCG,0,594078
araCp,0.06666666666666667,14,14,TTCGGTATATTTATACATCT,0,543362
araCp,0.06666666666666667,14,14,TTCGATCCTGTATCTCTCTA,0,594201
araCp,0.06666666666666667,14,14,TTCCGCCCTCAGGCCTTGGA,0,529622
araCp,0.06666666666666667,14,14,TTCCCTTGGGATGGCCTATT,0,546625
araCp,0.06666666666666667,14,14,TTCCCGGGCGGGAATTAGCA,0,579347
araCp,0.06666666666666667,14,14,TTCAATATCCCCCGTGTTTG,0,551889
araCp,0.06666666666666667,14,14,TTATGAGCAGTAGTGCATGA,0,562723
araCp,0.06666666666666667,14,14,TTAGTGTGCTGTTATACCTA,0,547263
araCp,0.06666666666666667,14,14,TTAGGAACCAGAATCGTCAT,0,544836
araCp,0.06666666666666667,14,14,TTAGCCTCGGCAAACTCTAC,0,560454
araCp,0.06666666666666667,14,14,TTACACAGGTGGTCACAGCT,0,533457
araCp,0.06666666666666667,14,14,TTAAGACTCAATTCTCGGGG,0,554530
araCp,0.06666666666666667,14,14,TGTTTTTATTTCCAGCCCCC,0,582377
araCp,0.06666666666666667,14,14,TGTTTCGTGTATGGGACTAA,0,537764
araCp,0.06666666666666667,14,14,TGTTGTACGGTCACCGCATG,0,532294
araCp,0.06666666666666667,14,14,TGTTGCTATCGATAATCTAA,0,540167
araCp,0.06666666666666667,14,14,TGTCTGTGGTATCGGGGTTA,0,588176
araCp,0.06666666666666667,14,14,TGTAATGTTGGGGCTCGTCC,0,553903
araCp,0.06666666666666667,14,14,TGGTGCCGGAGGGTGCACGC,0,581348
araCp,0.06666666666666667,14,14,TGGTCTTTTATGCAATTTTC,0,551746
araCp,0.06666666666666667,14,14,TGGTCGCACCGAAATCCATG,0,543264
araCp,0.06666666666666667,14,14,TGGTACAGCGCAGAAGGTGC,0,569727
araCp,0.06666666666666667,14,14,TGGTAACGACCGGAGGGGAA,0,587291
araCp,0.06666666666666667,14,14,TGGGACGATGTATCGACTTG,0,594735
araCp,0.06666666666666667,14,14,TGGCTACTCGGAAGAGCTTC,0,584455
araCp,0.06666666666666667,14,14,TGGCAGATCATGTGCTATCG,0,588420
araCp,0.06666666666666667,14,14,TGGAGAGCTCCCACCTTATA,0,587790
araCp,0.06666666666666667,14,14,TGGACCGGCTTCAGGAAATG,0,532060
araCp,0.06666666666666667,14,14,TGGACCCACAATTGCAGCTC,0,558312
araCp,0.06666666666666667,14,14,TGCGCGACAGGAATCAACAG,0,593002
araCp,0.06666666666666667,14,14,TGCCTCAGCTGGACTACAAT,0,578984
araCp,0.06666666666666667,14,14,TGCCCCGGTACGGGGGAATG,0,584538
araCp,0.06666666666666667,14,14,TGAGGTAACATTTTTGGGGT,0,558000
araCp,0.06666666666666667,14,14,TGAGGAACCAGGTAACACGG,0,594429
araCp,0.06666666666666667,14,14,TGACGAAGGGTGCGCTCGTG,0,534801
araCp,0.06666666666666667,14,14,TGAATCGATGTTAGAATTGT,0,579867
araCp,0.06666666666666667,14,14,TCTTGCGCGGTAGGATAGGG,0,586266
araCp,0.06666666666666667,14,14,TCTGGGGAGAGCTTTCGTAG,0,551651
araCp,0.06666666666666667,14,14,TCTCTTGGCCGAAGCAGCTT,0,598132
araCp,0.06666666666666667,14,14,TCTCTTCGACGGCGGGAAGT,0,554048
araCp,0.06666666666666667,14,14,TCTCTACCGCCAGCGGCACA,0,580384
araCp,0.06666666666666667,14,14,TCTCGCCCACATTATTACAC,0,580911
araCp,0.06666666666666667,14,14,TCTATTCTCTCGGTTTGGAA,0,568897
araCp,0.06666666666666667,14,14,TCTACAAGTTCCCGCCGCAG,0,537193
araCp,0.06666666666666667,14,14,TCTAACGGCAGTGCCGTTGC,0,554161
araCp,0.06666666666666667,14,14,TCGTTGACACAAGTCTCAAC,0,528389
araCp,0.06666666666666667,14,14,TCGTTCAAACGTTCCCGCTT,0,576073
araCp,0.06666666666666667,14,14,TCGTCAGCTGCAATGCTAAG,0,588557
araCp,0.06666666666666667,14,14,TCGGTTTCCCTCCAGCGGGT,0,598108
araCp,0.06666666666666667,14,14,TCGGTTAATTTATAATTATT,0,539743
araCp,0.06666666666666667,14,14,TCGCGGTCTATATAAACACT,0,538269
araCp,0.06666666666666667,14,14,TCGCGATCTTCGATTTTATG,0,548874
araCp,0.06666666666666667,14,14,TCGCCTAGGTGTATGGTAGG,0,559310
araCp,0.06666666666666667,14,14,TCGCCACTCATAAGGACAAC,0,568483
araCp,0.06666666666666667,14,14,TCCTGCTGGCGTACTATCAA,0,533022
araCp,0.06666666666666667,14,14,TCCTCTGGTTAGAAGACGTA,0,600770
araCp,0.06666666666666667,14,14,TCCGGTCTCGATTTCCGAAC,0,539655
araCp,0.06666666666666667,14,14,TCCGGAGAGGAAAATACATA,0,599663
araCp,0.06666666666666667,14,14,TCCGAAGTATAATCCTCACT,0,573533
araCp,0.06666666666666667,14,14,TCCCAAATAGGTCTGGCGGA,0,581050
araCp,0.06666666666666667,14,14,TCCATAAACTGACTGTATAA,0,542216
araCp,0.06666666666666667,14,14,TCCACTCCTTCACTGTAGAT,0,593839
araCp,0.06666666666666667,14,14,TCCAAGCGAATTGCACACGT,0,553519
araCp,0.06666666666666667,14,14,TCATACGGTTTCTCCGGCCA,0,569859
araCp,0.06666666666666667,14,14,TCAGGTGACCTTCGCTATCG,0,569612
araCp,0.06666666666666667,14,14,TCAGGGGTATGTCTGAACAC,0,578970
araCp,0.06666666666666667,14,14,TCAGCCAAGGCCCTCGGAGT,0,585518
araCp,0.06666666666666667,14,14,TCAGCACTTGCGACCTGACT,0,600808
araCp,0.06666666666666667,14,14,TCAGCACGAAATGCAAGCCT,0,574416
araCp,0.06666666666666667,14,14,TCACAAAGGATGTCCTATGG,0,600973
araCp,0.06666666666666667,14,14,TCAATTGTAAGGCGTCAAGC,0,527362
araCp,0.06666666666666667,14,14,TCAATTAGAAGCTCTTTGAA,0,577145
araCp,0.06666666666666667,14,14,TCAACTGCAAATTCCTGTCT,0,590089
araCp,0.06666666666666667,14,14,TCAACTCGATGTATCATCTC,0,560296
araCp,0.06666666666666667,14,14,TATTAGCGCACACGCGCTTC,0,590610
araCp,0.06666666666666667,14,14,TATGTCTCACTCTTAATGGT,0,563412
araCp,0.06666666666666667,14,14,TATGCTATAACCTCTTGTGG,0,578800
araCp,0.06666666666666667,14,14,TATATCGCGTGGATTACCTG,0,531753
araCp,0.06666666666666667,14,14,TATATCCGCTCGACCCGAAC,0,532940
araCp,0.06666666666666667,14,14,TATAAGAGCACAGCGTAAAT,0,565694
araCp,0.06666666666666667,14,14,TAGGGGCCGAAGGGGTTGCA,0,546254
araCp,0.06666666666666667,14,14,TAGGCCGCGGGTGTTCGTTA,0,554911
araCp,0.06666666666666667,14,14,TAGGATTTGTTTGGTAATGG,0,563926
araCp,0.06666666666666667,14,14,TAGGACCCGGCATGACACTT,0,566258
araCp,0.06666666666666667,14,14,TAGCTGGCTGAGCCCAATTA,0,525830
araCp,0.06666666666666667,14,14,TAGCCTCACTTAACTAGACG,0,528218
araCp,0.06666666666666667,14,14,TAGATGATATACGGAGGCGC,0,545237
araCp,0.06666666666666667,14,14,TAGAGCAAATCGCCATGATA,0,584900
araCp,0.06666666666666667,14,14,TACTGTAGTTATTGGTTTGA,0,555030
araCp,0.06666666666666667,14,14,TACGTCATTGACTATGCTTA,0,566588
araCp,0.06666666666666667,14,14,TACGGAGTCCCGACGCTTCT,0,590287
araCp,0.06666666666666667,14,14,TACGCTATGGTCTCCGTCGT,0,600602
araCp,0.06666666666666667,14,14,TACGAACGCCCCGATATAGG,0,536025
araCp,0.06666666666666667,14,14,TACCGCGTTTTCATCGAAGG,0,532426
araCp,0.06666666666666667,14,14,TACATTACGGCACGGTCGTC,0,587335
araCp,0.06666666666666667,14,14,TACATAGATATTTGTCTTTC,0,588668
araCp,0.06666666666666667,14,14,TAATTGGGACGGGTGTAGAG,0,602385
araCp,0.06666666666666667,14,14,TAATACCCTGACCAACAATT,0,594291
araCp,0.06666666666666667,14,14,TAATAACGAAGATGAGATGG,0,552462
araCp,0.06666666666666667,14,14,TAAGTGCCCCCACTATTATC,0,533877
araCp,0.06666666666666667,14,14,TAAGGGGACAAGGCAACGGA,0,558058
araCp,0.06666666666666667,14,14,TAAAGGTATCAGTAATCAAG,0,571626
araCp,0.06666666666666667,14,14,GTTTTTAACAGGTCCAAGCA,0,542287
araCp,0.06666666666666667,14,14,GTTTACTCTCGATAACATTA,0,551254
araCp,0.06666666666666667,14,14,GTTTAAATCGGGGGAAACGG,0,590359
araCp,0.06666666666666667,14,14,GTTGTTCTCATATACGATCC,0,546064
araCp,0.06666666666666667,14,14,GTTGTGCGCATTAACCTACG,0,542959
araCp,0.06666666666666667,14,14,GTTGGACCACAGTAAGGAGT,0,569719
araCp,0.06666666666666667,14,14,GTTGCATAAAGGTATGCGCC,0,568511
araCp,0.06666666666666667,14,14,GTTCTTACGCGAGACCCCTA,0,533205
araCp,0.06666666666666667,14,14,GTTCTAAGCGGATTTATCCA,0,528851
araCp,0.06666666666666667,14,14,GTTCAATTGTTTATTGTGAT,0,567462
araCp,0.06666666666666667,14,14,GTTCAATCACCTTCTAGGGT,0,556789
araCp,0.06666666666666667,14,14,GTTATTTACTGTATCCTTAC,0,594218
araCp,0.06666666666666667,14,14,GTTAGTGCAAACCTTAATTG,0,589418
araCp,0.06666666666666667,14,14,GTTAGGATGGGGCACGCAGA,0,602665
araCp,0.06666666666666667,14,14,GTTACCAGAATTAGGTGTCT,0,563130
araCp,0.06666666666666667,14,14,GTTAAATGAGGGGCTTTACA,0,542749
araCp,0.06666666666666667,14,14,GTGTCAATTACAACGATCAT,0,540127
araCp,0.06666666666666667,14,14,GTGGGTGTAGATACATCCTG,0,583261
araCp,0.06666666666666667,14,14,GTGGACTACAGTGGGAGCTA,0,575760
araCp,0.06666666666666667,14,14,GTGCTTTCTGTATTATCGTT,0,559882
araCp,0.06666666666666667,14,14,GTGCGTTGGCATTTAAACAT,0,567548
araCp,0.06666666666666667,14,14,GTGCCAGTCTCCCGTCCAAA,0,565010
araCp,0.06666666666666667,14,14,GTCTGATCTTTCCTTAGGAA,0,540697
araCp,0.06666666666666667,14,14,GTCGTGGTTATGGTTCTCAG,0,554470
araCp,0.06666666666666667,14,14,GTCCCACGTCCACGAGTAGT,0,596825
araCp,0.06666666666666667,14,14,GTCCAGTTTATGTGAGACAT,0,598433
araCp,0.06666666666666667,14,14,GTCAGAGCGTTTGTGGATCT,0,570677
araCp,0.06666666666666667,14,14,GTATTAGATTATGGATTCTC,0,567947
araCp,0.06666666666666667,14,14,GTACTACACGGAACCATTGT,0,571443
araCp,0.06666666666666667,14,14,GTACCGGGTTGATATTGTAA,0,601798
araCp,0.06666666666666667,14,14,GTACATCGTGGCACATCTGA,0,565565
araCp,0.06666666666666667,14,14,GTACACGCGACCCAGTAGAG,0,568167
araCp,0.06666666666666667,14,14,GTAAACCATAAAGCTGGGGT,0,599480
araCp,0.06666666666666667,14,14,GGTTATAAAGGGTATTTTGG,0,539781
araCp,0.06666666666666667,14,14,GGTTACTTTTATAGAAGATC,0,596876
araCp,0.06666666666666667,14,14,GGTTAACCATTGCTCAGGAC,0,567291
araCp,0.06666666666666667,14,14,GGTGGACTGATTACGCAACT,0,539243
araCp,0.06666666666666667,14,14,GGTGATCGACAATTTGCTCA,0,558852
araCp,0.06666666666666667,14,14,GGTGACACGCGTTAATGCCA,0,551179
araCp,0.06666666666666667,14,14,GGTCCCTCAAGCGATATCAT,0,563119
araCp,0.06666666666666667,14,14,GGTCCCCGCGAAGGTACCAG,0,592517
araCp,0.06666666666666667,14,14,GGTCATGAACTCCATGTGAA,0,555474
araCp,0.06666666666666667,14,14,GGTCAACGGTGGACACCTCA,0,558724
araCp,0.06666666666666667,14,14,GGTATACGTTTTCTCGACGA,0,593121
araCp,0.06666666666666667,14,14,GGTAGGTGGAGACGTAAGCT,0,529973
araCp,0.06666666666666667,14,14,GGGTCCGTGACGCTACGTGT,0,554345
araCp,0.06666666666666667,14,14,GGGGGGACGGTGTCTAACGG,0,592735
araCp,0.06666666666666667,14,14,GGGAGTAATCTTGACTGTTG,0,596563
araCp,0.06666666666666667,14,14,GGGACTAAATCGGCTACAGA,0,598699
araCp,0.06666666666666667,14,14,GGGACACGGGCCTTGGGGGC,0,566886
araCp,0.06666666666666667,14,14,GGGAATGCAGGACATCACAG,0,531228
araCp,0.06666666666666667,14,14,GGCTTAAAATCGGCGGGTCG,0,567442
araCp,0.06666666666666667,14,14,GGCTCGGGCCTGTGGGAATA,0,575537
araCp,0.06666666666666667,14,14,GGCTAGACAATGGAGTCGAA,0,578804
araCp,0.06666666666666667,14,14,GGCGGCCCCTTTTGTTGGAA,0,596775
araCp,0.06666666666666667,14,14,GGCGCATAGGTTTAACGAGA,0,585248
araCp,0.06666666666666667,14,14,GGCCCGACGCACCCTCGTCA,0,598686
araCp,0.06666666666666667,14,14,GGCACTCGTATCGAGCGCTT,0,566644
araCp,0.06666666666666667,14,14,GGATGTGAGGCACCTTCATC,0,561074
araCp,0.06666666666666667,14,14,GGAGGCTAGTTCCGACATAT,0,556983
araCp,0.06666666666666667,14,14,GGACGCCTGGTGTCAGGGTC,0,553607
araCp,0.06666666666666667,14,14,GGACCTCATTTCCGGGAATC,0,533105
araCp,0.06666666666666667,14,14,GGACATTGACCGGCCAATAA,0,567890
araCp,0.06666666666666667,14,14,GCTTTACCGGTTCTTTCCAA,0,544623
araCp,0.06666666666666667,14,14,GCTTAGAGCAACTCACACTC,0,536470
araCp,0.06666666666666667,14,14,GCTTACCGTACGAGATTTTA,0,548242
araCp,0.06666666666666667,14,14,GCTGCGACGTGGGGGCAATG,0,545257
araCp,0.06666666666666667,14,14,GCTACAAGGTGGCGCACCCA,0,603194
araCp,0.06666666666666667,14,14,GCTAAGCTATCTGCCAACTC,0,550087
araCp,0.06666666666666667,14,14,GCGTTCAGGGATCTTCCGAG,0,581663
araCp,0.06666666666666667,14,14,GCGGGTCGATAACCTTGACA,0,537433
araCp,0.06666666666666667,14,14,GCGGGGTGCACGTGGCACGG,0,590844
araCp,0.06666666666666667,14,14,GCGGCGTGAAGAAGAATCGA,0,531011
araCp,0.06666666666666667,14,14,GCGGCGTCCAAACGCACGTA,0,543221
araCp,0.06666666666666667,14,14,GCGGCCCCTTGGTATTGTAG,0,557975
araCp,0.06666666666666667,14,14,GCGGATAAGTTTGTCGTATC,0,573030
araCp,0.06666666666666667,14,14,GCGCACGAGCCGGCACTACC,0,542255
araCp,0.06666666666666667,14,14,GCGATGTCGCTCGATAAGGG,0,586631
araCp,0.06666666666666667,14,14,GCGAGGCAATTACCCAAAGT,0,527030
araCp,0.06666666666666667,14,14,GCGAACGCAAAGAGGCCGAC,0,556539
araCp,0.06666666666666667,14,14,GCCTAAAACCGGTAAGAGTT,0,603441
araCp,0.06666666666666667,14,14,GCCCATCAATGGTCCTCCAT,0,598569
araCp,0.06666666666666667,14,14,GCCAGTCTGCAGCGTTCCAT,0,548538
araCp,0.06666666666666667,14,14,GCCAGTATCCTCGGGGTAGA,0,563916
araCp,0.06666666666666667,14,14,GCCAATTCAATGCTTACGGC,0,576041
araCp,0.06666666666666667,14,14,GCATATCGTTTTGACTCGGT,0,578522
araCp,0.06666666666666667,14,14,GCATATATTTGCGACAATCA,0,592626
araCp,0.06666666666666667,14,14,GCAGCCGAATTAGACCAGGC,0,575804
araCp,0.06666666666666667,14,14,GCAGATCCGGGCCCATGGGT,0,568072
araCp,0.06666666666666667,14,14,GCACGGGATAAAAAGTGTAT,0,526367
araCp,0.06666666666666667,14,14,GCACGATGTTGCACTCCCGT,0,575112
araCp,0.06666666666666667,14,14,GCACACACACGGCAACATCA,0,554482
araCp,0.06666666666666667,14,14,GCAAGGATCCATACTCTCCG,0,534286
araCp,0.06666666666666667,14,14,GATCGGGGGTTTATTAGATT,0,551566
araCp,0.06666666666666667,14,14,GATCCAACGCAAATTGCATC,0,594675
araCp,0.06666666666666667,14,14,GATCAACGCCGGTGGTGCGT,0,550885
araCp,0.06666666666666667,14,14,GATATAAGACCATCTATAGG,0,567362
araCp,0.06666666666666667,14,14,GATAAGGGTATAGCAAGCTA,0,602582
araCp,0.06666666666666667,14,14,GAGGTCTGACACTATTAATC,0,540061
araCp,0.06666666666666667,14,14,GAGGGGGTATGATAGCATTG,0,555648
araCp,0.06666666666666667,14,14,GAGGGACACTACAACAGATC,0,563122
araCp,0.06666666666666667,14,14,GAGGCGACACATGGCCAGCT,0,582310
araCp,0.06666666666666667,14,14,GAGCCGTAACATTTGTGCGA,0,598472
araCp,0.06666666666666667,14,14,GAGAAGCACGCCATGCTACA,0,597137
araCp,0.06666666666666667,14,14,GACTCCCTAGTGACGCTTAG,0,570337
araCp,0.06666666666666667,14,14,GACCGGTCCCCAATCCGGTA,0,536337
araCp,0.06666666666666667,14,14,GACCATTCTATGTTACATTA,0,548926
araCp,0.06666666666666667,14,14,GACATAAGTCCACTGTCAAT,0,540718
araCp,0.06666666666666667,14,14,GACAGGTCACATGTAGTAAG,0,571840
araCp,0.06666666666666667,14,14,GAATAGTGTGCGAAAACAGG,0,543668
araCp,0.06666666666666667,14,14,GAAGGTAGGTGTGGGGGTCC,0,556787
araCp,0.06666666666666667,14,14,GAAGCTGCTGGGGGGCTTCA,0,549079
araCp,0.06666666666666667,14,14,GAACTGCAGTCCTAAGAGGT,0,563658
araCp,0.06666666666666667,14,14,GAACGGTCTACGAGACGGAC,0,561744
araCp,0.06666666666666667,14,14,GAACCCAGCACAACTGACTT,0,544612
araCp,0.06666666666666667,14,14,GAAAATATTCCGCCCGCGTG,0,588110
araCp,0.06666666666666667,14,14,GAAAAGTTGTTTGGGATGCA,0,547202
araCp,0.06666666666666667,14,14,CTTTCATGACTGACGCGGAT,0,579965
araCp,0.06666666666666667,14,14,CTTGTACCTTATAATGCTCA,0,578513
araCp,0.06666666666666667,14,14,CTTGGGCAACCTACGAATCC,0,567084
araCp,0.06666666666666667,14,14,CTTGCTGCGAGGGGGGGCGC,0,583775
araCp,0.06666666666666667,14,14,CTTGCCGCAAGCAACAAGGC,0,560870
araCp,0.06666666666666667,14,14,CTTGATTCTTGGTACGCGTG,0,587856
araCp,0.06666666666666667,14,14,CTTCTACTCACCCCCAGTCT,0,528925
araCp,0.06666666666666667,14,14,CTTCGGTACCACTTCGATTC,0,546911
araCp,0.06666666666666667,14,14,CTTATATTCATTGGATACCT,0,542145
araCp,0.06666666666666667,14,14,CTTAGAGCCGTGGTATCCTT,0,589494
araCp,0.06666666666666667,14,14,CTTACTTACTTGACAGCCAG,0,564136
araCp,0.06666666666666667,14,14,CTTAATGTTCTTGACACCAA,0,602772
araCp,0.06666666666666667,14,14,CTGTTAGCGCCGCGACTTAA,0,602115
araCp,0.06666666666666667,14,14,CTGTCTGCAGCAAATCGTCT,0,546722
araCp,0.06666666666666667,14,14,CTGTCGATAAAAGCGTCTGC,0,534526
araCp,0.06666666666666667,14,14,CTGTCAACGTGTGGTAATGC,0,555031
araCp,0.06666666666666667,14,14,CTGTACCGTCAGATTGTTTT,0,527328
araCp,0.06666666666666667,14,14,CTGTAAAAAGTCCTCTCTGG,0,574833
araCp,0.06666666666666667,14,14,CTGGTGGACGGTTCGTAGAC,0,542205
araCp,0.06666666666666667,14,14,CTGGTCTTATGGCATCAGGC,0,579466
araCp,0.06666666666666667,14,14,CTGCGCCTCCCTGCGTACTG,0,528248
araCp,0.06666666666666667,14,14,CTGACTGGGCTACCGGGTGG,0,571043
araCp,0.06666666666666667,14,14,CTGAACGTCAAATCACTGTG,0,552320
araCp,0.06666666666666667,14,14,CTCTCTTTCTTGAACTTGCA,0,568842
araCp,0.06666666666666667,14,14,CTCTACTTTCGTGACGCTTA,0,532955
araCp,0.06666666666666667,14,14,CTCGTGTAAGGAAAACTGAT,0,556468
araCp,0.06666666666666667,14,14,CTCGCGAGAGGAAGTCTAAT,0,593197
araCp,0.06666666666666667,14,14,CTCGCACCTTCGATGTATCA,0,549106
araCp,0.06666666666666667,14,14,CTCGATTTTGTGGACCTGCA,0,528168
araCp,0.06666666666666667,14,14,CTCCCGCAGTAGCGCTGGTG,0,546326
araCp,0.06666666666666667,14,14,CTCCCATATAGGTTGCAAGG,0,571904
araCp,0.06666666666666667,14,14,CTCATGCTCGGCGCGACCAT,0,560278
araCp,0.06666666666666667,14,14,CTCATCAGCTAGCACCGGGA,0,551086
araCp,0.06666666666666667,14,14,CTATTCGGCGGGAAAATATA,0,574241
araCp,0.06666666666666667,14,14,CTATCGGCGTGCCGTCTGGT,0,542327
araCp,0.06666666666666667,14,14,CTAGTTACCAGGATGGGCCT,0,589292
araCp,0.06666666666666667,14,14,CTACGGAGTGCCAGGACGGC,0,566432
araCp,0.06666666666666667,14,14,CTACGCCTTCGACATTCGCG,0,590348
araCp,0.06666666666666667,14,14,CTACAAAGTACGTTGGCTAT,0,541627
araCp,0.06666666666666667,14,14,CTAATTAGGGTATTGAAGTA,0,536433
araCp,0.06666666666666667,14,14,CTAAGCGGACTCCTCCCCGT,0,543712
araCp,0.06666666666666667,14,14,CGTTTGTCACATAAAGGCCT,0,601954
araCp,0.06666666666666667,14,14,CGTTTACGTCGCACGGTTCG,0,529499
araCp,0.06666666666666667,14,14,CGTTGGATCGGTCAGATAGT,0,597130
araCp,0.06666666666666667,14,14,CGTTGCTCAGCGGCAGATCG,0,533608
araCp,0.06666666666666667,14,14,CGTTCACGAGTCACTCCGCA,0,567624
araCp,0.06666666666666667,14,14,CGTTAAGGGGGTTCAATTGT,0,550620
araCp,0.06666666666666667,14,14,CGTGTAAAGGGGTAATTTCC,0,549420
araCp,0.06666666666666667,14,14,CGTGGGTTGCGGTTGACCAA,0,539005
araCp,0.06666666666666667,14,14,CGTGGATACTAAACCCGGAG,0,598936
araCp,0.06666666666666667,14,14,CGTGCGAAAAGATAGGCCAC,0,569504
araCp,0.06666666666666667,14,14,CGTGAGAGAACTGTTATGAA,0,574399
araCp,0.06666666666666667,14,14,CGTAGCGCGCCGCCGGCAAT,0,555373
araCp,0.06666666666666667,14,14,CGTAGCCGGAAGGGGAATTA,0,533609
araCp,0.06666666666666667,14,14,CGGTTTTTCGGTTGTGGTCC,0,564105
araCp,0.06666666666666667,14,14,CGGTTGAAACGATGCGTTTG,0,546197
araCp,0.06666666666666667,14,14,CGGTTACTTGGCTATACGTC,0,592531
araCp,0.06666666666666667,14,14,CGGTCAACTGGTCAATGCTT,0,531079
araCp,0.06666666666666667,14,14,CGGGCTAGACATCGGGGCAG,0,559946
araCp,0.06666666666666667,14,14,CGGGATGCGGAGGACATAGG,0,567970
araCp,0.06666666666666667,14,14,CGGCTTCTGTGGTAATTGCC,0,567080
araCp,0.06666666666666667,14,14,CGGAGATGATAATCCCTCTC,0,560236
araCp,0.06666666666666667,14,14,CGGAAAACAAGCTATTGATG,0,547907
araCp,0.06666666666666667,14,14,CGCTAGATCCTTTCAGTCTT,0,549115
araCp,0.06666666666666667,14,14,CGCGCCCCGCACGAAAGAGG,0,579771
araCp,0.06666666666666667,14,14,CGCGATCGGCTCAACCGGAA,0,556127
araCp,0.06666666666666667,14,14,CGCGAGAGAATCAGTCGGGC,0,587968
araCp,0.06666666666666667,14,14,CGCCGGGAAACTTCACAAAG,0,549458
araCp,0.06666666666666667,14,14,CGCCGGCATAAGGTATCGGG,0,553129
araCp,0.06666666666666667,14,14,CGCATAGTTCATTGTATTCA,0,566932
araCp,0.06666666666666667,14,14,CGCACTAAAGTCCGTAGCGT,0,534006
araCp,0.06666666666666667,14,14,CGCACCTAAAAAGCGCCATT,0,546569
araCp,0.06666666666666667,14,14,CGCAATAAGATAAGGAGCCA,0,539887
araCp,0.06666666666666667,14,14,CGATTCGGTAAAAAATAAAT,0,597155
araCp,0.06666666666666667,14,14,CGATGGGGCTATGGGTTACC,0,558618
araCp,0.06666666666666667,14,14,CGATCCGTGCAAGTTCGTAC,0,529547
araCp,0.06666666666666667,14,14,CGATCAGTCGGCTTCAACGT,0,539321
araCp,0.06666666666666667,14,14,CGATATGTCTGCTGAGCCAA,0,540538
araCp,0.06666666666666667,14,14,CGAGTGTCAGTAGTTCATCC,0,592928
araCp,0.06666666666666667,14,14,CGAGCACTTGAGGGCAGTGG,0,580340
araCp,0.06666666666666667,14,14,CGAGAATTAGGCCTGTGACT,0,553084
araCp,0.06666666666666667,14,14,CGACCAGCCGAATACAGGCA,0,537032
araCp,0.06666666666666667,14,14,CGAAGACAACCGTTAGATCA,0,545439
araCp,0.06666666666666667,14,14,CCTTTAAGTATCGGAGCTTG,0,598400
araCp,0.06666666666666667,14,14,CCTTCGCCATTCCGAAATAA,0,532276
araCp,0.06666666666666667,14,14,CCTTAGTAATATATTGTACT,0,536165
araCp,0.06666666666666667,14,14,CCTGTTGGTCACAAAGGCGT,0,580994
araCp,0.06666666666666667,14,14,CCTGTGAGATGCTTAGGCAG,0,568437
araCp,0.06666666666666667,14,14,CCTGCTGCGGCTTGTTTAAG,0,551526
araCp,0.06666666666666667,14,14,CCTGCCACGATACAATACAA,0,597404
araCp,0.06666666666666667,14,14,CCTCCTATGCGACCTAGAGG,0,601074
araCp,0.06666666666666667,14,14,CCTCACAGATTTTCGCATGT,0,603143
araCp,0.06666666666666667,14,14,CCTATTAGTGCGGTGTGTCC,0,532967
araCp,0.06666666666666667,14,14,CCTATCTCAGTCCGAGCCGT,0,553030
araCp,0.06666666666666667,14,14,CCTACCGAATACGTACACCT,0,527211
araCp,0.06666666666666667,14,14,CCGTTCTTGGCAAAATTCTC,0,571507
araCp,0.06666666666666667,14,14,CCGTCGCTCATTCGTGCTAG,0,534705
araCp,0.06666666666666667,14,14,CCGTAAGCTACGAGAAGCAT,0,550638
araCp,0.06666666666666667,14,14,CCGCTTGTATCGAGAATGAC,0,579189
araCp,0.06666666666666667,14,14,CCGCTTAAGATTTATACAAC,0,559264
araCp,0.06666666666666667,14,14,CCGACATTAGTTCACTATTG,0,594950
araCp,0.06666666666666667,14,14,CCGAAATGGACGCGATTATT,0,567703
araCp,0.06666666666666667,14,14,CCCTAAAAAGAGTCACTCGA,0,574377
araCp,0.06666666666666667,14,14,CCCCGACCCCGAGTGCCCAG,0,568591
araCp,0.06666666666666667,14,14,CCCAGGATCATGCTGGTATT,0,549372
araCp,0.06666666666666667,14,14,CCCACCGAAACTCTCGGGGC,0,540427
araCp,0.06666666666666667,14,14,CCATGTTCACTTGTAGCCTA,0,602058
araCp,0.06666666666666667,14,14,CCATGTGCCTCAGCGTTGTC,0,589802
araCp,0.06666666666666667,14,14,CCATGTCGCGCGCGAATAGA,0,560958
araCp,0.06666666666666667,14,14,CCATGGGTAAGCAGTACAGA,0,598957
araCp,0.06666666666666667,14,14,CCATCACCCAGATGCAACCC,0,567791
araCp,0.06666666666666667,14,14,CCATATTACGTTCCTGTGCA,0,568857
araCp,0.06666666666666667,14,14,CCATAGGACCCGTCGGGGAT,0,541825
araCp,0.06666666666666667,14,14,CCAGTCCTCGGTGGATGGTA,0,603272
araCp,0.06666666666666667,14,14,CCAGTATGGGATCTGCTACA,0,559995
araCp,0.06666666666666667,14,14,CCAGGGTCTGTACTGAAATA,0,599301
araCp,0.06666666666666667,14,14,CCAGAATTACAGTCGGGGCT,0,536184
araCp,0.06666666666666667,14,14,CCACTAGGAGACTATTGACA,0,560936
araCp,0.06666666666666667,14,14,CCACCGCAGATAGGTCACGA,0,600290
araCp,0.06666666666666667,14,14,CCAAAAGGGTTGTTTACATC,0,537713
araCp,0.06666666666666667,14,14,CATTCTCATATGGTGTCTCA,0,586863
araCp,0.06666666666666667,14,14,CATTAGTACTCACTAAGTAG,0,575427
araCp,0.06666666666666667,14,14,CATGTGGAACTGTATGTCAG,0,576312
araCp,0.06666666666666667,14,14,CATGTGATCAACCCAGGCCA,0,533120
araCp,0.06666666666666667,14,14,CATGAGCGCGTTAAAAAGAC,0,597090
araCp,0.06666666666666667,14,14,CATCGTATTATTTAACCTCT,0,583193
araCp,0.06666666666666667,14,14,CATCAGAACTTGTCTACAAT,0,595345
araCp,0.06666666666666667,14,14,CATATGGAGGCTTGGTAGTT,0,529327
araCp,0.06666666666666667,14,14,CAGTATAGAAGCCATCTTGT,0,576125
araCp,0.06666666666666667,14,14,CAGGGTCTTCTTCTCTGCGT,0,581459
araCp,0.06666666666666667,14,14,CAGGCCGTTTGGACCAAAGC,0,546127
araCp,0.06666666666666667,14,14,CAGGAACTGAGTAAGCTCTC,0,541982
araCp,0.06666666666666667,14,14,CAGAAGGATTATCTGTAAGA,0,590940
araCp,0.06666666666666667,14,14,CACTTAATCTCGGCACCTTG,0,544851
araCp,0.06666666666666667,14,14,CACTATTAGAGGAGTCGGTA,0,566321
araCp,0.06666666666666667,14,14,CACTATATCTAAGCCTCTAC,0,573780
araCp,0.06666666666666667,14,14,CACGTTCCTGGCCGCGGTGT,0,572634
araCp,0.06666666666666667,14,14,CACGGTTATGCGCTCTATCA,0,559892
araCp,0.06666666666666667,14,14,CACGAGGAGTCAACGGGCGG,0,559406
araCp,0.06666666666666667,14,14,CACCACATGAGGAGAGGTTG,0,547794
araCp,0.06666666666666667,14,14,CACATTAATTGAAGTGCTCT,0,537144
araCp,0.06666666666666667,14,14,CACATGTGTGTTCCGCGTGA,0,577355
araCp,0.06666666666666667,14,14,CACATACAAAGTTTTCGCGC,0,578173
araCp,0.06666666666666667,14,14,CACACATACAGCCGTGTGAT,0,528656
araCp,0.06666666666666667,14,14,CAATGGGCCGAACTTGGGAT,0,580966
araCp,0.06666666666666667,14,14,CAATACCACCGATAGAGCAT,0,556597
araCp,0.06666666666666667,14,14,CAAGTTCACGTTGTGATTCT,0,529608
araCp,0.06666666666666667,14,14,CAAGGTGTACGCAGGGGATT,0,554516
araCp,0.06666666666666667,14,14,CAAGGCTAGACCACCTATCT,0,556361
araCp,0.06666666666666667,14,14,CAAGCCCCATGAGACTGTAC,0,556268
araCp,0.06666666666666667,14,14,CAACCAATGTTTGTCAGGAG,0,533045
araCp,0.06666666666666667,14,14,CAACACCAGCGTGGTAAGGT,0,546058
araCp,0.06666666666666667,14,14,CAAATGTGCGTGCAGGAGAA,0,575696
araCp,0.06666666666666667,14,14,ATTGTGAACGGTGCGTAACA,0,587643
araCp,0.06666666666666667,14,14,ATTGGGGTCATCTATTTCCA,0,590209
araCp,0.06666666666666667,14,14,ATTGGCCGCATGTCCTTGAA,0,549330
araCp,0.06666666666666667,14,14,ATTGCATTTAGACGATAGAT,0,589025
araCp,0.06666666666666667,14,14,ATTGATAAGAACCGACAGTA,0,555157
araCp,0.06666666666666667,14,14,ATTCTAATTTGACGGCACCT,0,591440
araCp,0.06666666666666667,14,14,ATTCCCATTGAGTTCATATA,0,583802
araCp,0.06666666666666667,14,14,ATTATAAGCACGTACTACCA,0,551763
araCp,0.06666666666666667,14,14,ATTAGCAGGACGCTACTACT,0,581868
araCp,0.06666666666666667,14,14,ATTACGAGATAGCGCGGTGT,0,579905
araCp,0.06666666666666667,14,14,ATTAAGGCTCAGAAATAAAA,0,575114
araCp,0.06666666666666667,14,14,ATTAAATATAAGGTGGGCAA,0,568205
araCp,0.06666666666666667,14,14,ATGTTTTGCTAATCTCCGCT,0,565665
araCp,0.06666666666666667,14,14,ATGTTGCGGGGCAATCCCTA,0,565622
araCp,0.06666666666666667,14,14,ATGTCTCACGCACAAGGGGT,0,589926
araCp,0.06666666666666667,14,14,ATGGTGCGCCGGGGGCTCTT,0,585277
araCp,0.06666666666666667,14,14,ATGGCTTGCCATGTTGCGAC,0,588851
araCp,0.06666666666666667,14,14,ATGGACCCTTGGTAGCGATT,0,594482
araCp,0.06666666666666667,14,14,ATGGAATACAAATGCCCCTA,0,593991
araCp,0.06666666666666667,14,14,ATGCGGGGATAGTCATTCGT,0,556845
araCp,0.06666666666666667,14,14,ATGCCACGGCTTAAGAAAAT,0,538549
araCp,0.06666666666666667,14,14,ATGCACCTCTCGGCTCTCTG,0,562881
araCp,0.06666666666666667,14,14,ATGAGCGTCCAAGCCTGCCT,0,530501
araCp,0.06666666666666667,14,14,ATGAAGCAAGGTTAGGTTTT,0,572633
araCp,0.06666666666666667,14,14,ATCTTATGGGATAACAGCTA,0,595218
araCp,0.06666666666666667,14,14,ATCTGTATGAGTTTAAATCC,0,559798
araCp,0.06666666666666667,14,14,ATCTGGTCTTCTACATACAG,0,526141
araCp,0.06666666666666667,14,14,ATCTAAGGGGTGTGCAAAGA,0,545093
araCp,0.06666666666666667,14,14,ATCTAAGCCCCGATGGGGTC,0,588925
araCp,0.06666666666666667,14,14,ATCGGCAAGGACTTACCTAA,0,593916
araCp,0.06666666666666667,14,14,ATCGGACAAGCCATTCGCCA,0,563013
araCp,0.06666666666666667,14,14,ATCGAGGCCATTAGTGGGGT,0,572232
araCp,0.06666666666666667,14,14,ATCAGTTTGCACTTGTGGAT,0,557378
araCp,0.06666666666666667,14,14,ATCACTCGAATAGGCAGACC,0,569943
araCp,0.06666666666666667,14,14,ATATTAGAAGACAGGGGGTT,0,563866
araCp,0.06666666666666667,14,14,ATATCGTTCTTTATCCCAAA,0,534935
araCp,0.06666666666666667,14,14,ATATCAGGACAGGAGCATAA,0,562605
araCp,0.06666666666666667,14,14,ATAGCCGCTAAAGTTGCACT,0,527047
araCp,0.06666666666666667,14,14,ATAGCCCAGGGAACTCCGGG,0,562269
araCp,0.06666666666666667,14,14,ATAGAGTCCCTTTACCTCAG,0,552532
araCp,0.06666666666666667,14,14,ATAGAACTCTTTGTGCCATT,0,591069
araCp,0.06666666666666667,14,14,ATAATCGGTTTGCTGTTACA,0,595347
araCp,0.06666666666666667,14,14,ATAAATATACAAAAGGATAC,0,555603
araCp,0.06666666666666667,14,14,AGTTTCCATACGTGCTATTA,0,551690
araCp,0.06666666666666667,14,14,AGTTGTGCGACAGCGATCAC,0,557840
araCp,0.06666666666666667,14,14,AGTTGAGAATCGCTATGAAG,0,540340
araCp,0.06666666666666667,14,14,AGTGGCATTGTGGCCGCAAC,0,595154
araCp,0.06666666666666667,14,14,AGTGGACTACTTTACAAGTG,0,536609
araCp,0.06666666666666667,14,14,AGTGCGTCCGTCGGCCTACG,0,536008
araCp,0.06666666666666667,14,14,AGTGCGGTTCCTGTTCATGG,0,562738
araCp,0.06666666666666667,14,14,AGTGACAACGCATCGGCTTG,0,536616
araCp,0.06666666666666667,14,14,AGTCGTTCAGAAAAGTCGAG,0,576188
araCp,0.06666666666666667,14,14,AGTCCGGGCTCAGCTAGAGT,0,595922
araCp,0.06666666666666667,14,14,AGTAGTCGGTATGAATTTAG,0,595252
araCp,0.06666666666666667,14,14,AGGTTGTCTCGTCGTAGTGT,0,587399
araCp,0.06666666666666667,14,14,AGGTCCATCCGACAGGTCTA,0,586626
araCp,0.06666666666666667,14,14,AGGGTTATTTAGACTGCCAA,0,591653
araCp,0.06666666666666667,14,14,AGGGTTATTCTAAAAGTTGA,0,590444
araCp,0.06666666666666667,14,14,AGGGTATTAGGCTGTAGTGT,0,566729
araCp,0.06666666666666667,14,14,AGGGGCTCGCGTGACTGTTG,0,590683
araCp,0.06666666666666667,14,14,AGGCTTGATAACAGTAGCCC,0,579636
araCp,0.06666666666666667,14,14,AGGCGGAACTGATAAAGTAT,0,543210
araCp,0.06666666666666667,14,14,AGGCGCACTGTCCACCCTCG,0,552140
araCp,0.06666666666666667,14,14,AGGCCGCTAAATCGGCCGGT,0,563159
araCp,0.06666666666666667,14,14,AGGCCGCCTCATCCCAAAGC,0,601010
araCp,0.06666666666666667,14,14,AGGCCACATACACGGGACAT,0,586644
araCp,0.06666666666666667,14,14,AGGCAGCCTAAGGACGATGG,0,594729
araCp,0.06666666666666667,14,14,AGGAGTAATTTCTGCTACGG,0,589158
araCp,0.06666666666666667,14,14,AGGAGCTAACATAATATACA,0,537777
araCp,0.06666666666666667,14,14,AGGACGGATTCTGTGTCAGA,0,550606
araCp,0.06666666666666667,14,14,AGGAAGCACTTTTCGTGTTT,0,526515
araCp,0.06666666666666667,14,14,AGCTTCTTCTGGCGCTTGGC,0,596486
araCp,0.06666666666666667,14,14,AGCTTACGGTAGTTCTGTTC,0,542838
araCp,0.06666666666666667,14,14,AGCTGCGTCTAACGACCTGT,0,555628
araCp,0.06666666666666667,14,14,AGCTCATGGCACGCGTCTGA,0,548707
araCp,0.06666666666666667,14,14,AGCTCAAGATTAGGTAACGT,0,576213
araCp,0.06666666666666667,14,14,AGCTAGGCAGCAAGTCCTCT,0,599662
araCp,0.06666666666666667,14,14,AGCGGTGATGGCCTGGCTAA,0,562224
araCp,0.06666666666666667,14,14,AGCGCAAATTAAGGCTACAT,0,530681
araCp,0.06666666666666667,14,14,AGCGAGGAGTCACTCACGGT,0,545944
araCp,0.06666666666666667,14,14,AGCGAGAACTGATGAAAGAG,0,583249
araCp,0.06666666666666667,14,14,AGCCTGGTATGAGTGGGTTT,0,556808
araCp,0.06666666666666667,14,14,AGCCCAGAATGCTTTCGGGA,0,530786
araCp,0.06666666666666667,14,14,AGCCAAATTAGAATGCACAA,0,581731
araCp,0.06666666666666667,14,14,AGCCAAAGTGCCAGTGCCAT,0,543774
araCp,0.06666666666666667,14,14,AGCACTGTAGCTACCCAGTT,0,558339
araCp,0.06666666666666667,14,14,AGATGGCGTACGTACTGAAT,0,573288
araCp,0.06666666666666667,14,14,AGATGGACGGAATGCGAGTG,0,600066
araCp,0.06666666666666667,14,14,AGATACTTCTTCGTGCTTCA,0,567700
araCp,0.06666666666666667,14,14,AGAGGTCTACCTGCCCTGTA,0,589748
araCp,0.06666666666666667,14,14,AGAGCTTCCAAGACCGATTA,0,573441
araCp,0.06666666666666667,14,14,AGAACCGCGTAACCCTGGTT,0,573266
araCp,0.06666666666666667,14,14,ACTTCGAATAAGAGCTCATG,0,526600
araCp,0.06666666666666667,14,14,ACTGGATCCAAACAATTGGA,0,574552
araCp,0.06666666666666667,14,14,ACTCTACCCAGGTCTTTCCC,0,561274
araCp,0.06666666666666667,14,14,ACTCGTGCACCTTTGAAAGC,0,544591
araCp,0.06666666666666667,14,14,ACTATATCGTCGCTGTAAGG,0,585698
araCp,0.06666666666666667,14,14,ACTAACGAACTCTATGAGGT,0,574846
araCp,0.06666666666666667,14,14,ACGTCCCCGTGGTTTACGTT,0,574694
araCp,0.06666666666666667,14,14,ACGTCAGCGCAAGCCCTTGA,0,588504
araCp,0.06666666666666667,14,14,ACGGCATTTGTCTTGTCCAG,0,594197
araCp,0.06666666666666667,14,14,ACGGCAAAGATCAGCTGATA,0,538985
araCp,0.06666666666666667,14,14,ACGCGGTCTAACGGGCTACT,0,584460
araCp,0.06666666666666667,14,14,ACGCGATTGGATCGCTATAA,0,553558
araCp,0.06666666666666667,14,14,ACGACGTACCATACCAGAGT,0,546729
araCp,0.06666666666666667,14,14,ACCCTCCATATTCTGAGGTC,0,575978
araCp,0.06666666666666667,14,14,ACCCTAATTACGGTCATTCG,0,580657
araCp,0.06666666666666667,14,14,ACCCGGCCCTACGTGATACT,0,536125
araCp,0.06666666666666667,14,14,ACCCCAATTCACACGATAAC,0,547623
araCp,0.06666666666666667,14,14,ACCACAGTCCACCTTGTTAT,0,562381
araCp,0.06666666666666667,14,14,ACATGGCGGTGAAAGCGTGG,0,576954
araCp,0.06666666666666667,14,14,ACATCTGTCTGCACCTTCTC,0,567330
araCp,0.06666666666666667,14,14,ACATAGACCCGGGTGCTTAA,0,567516
araCp,0.06666666666666667,14,14,ACAGGAAGTCGTTAAAGGCT,0,576347
araCp,0.06666666666666667,14,14,ACAGCCGAGGCGTTGCGTTT,0,587864
araCp,0.06666666666666667,14,14,ACACCATCATCCTGGCTAGC,0,567644
araCp,0.06666666666666667,14,14,AATTTGGGCGGCGATGGATG,0,543414
araCp,0.06666666666666667,14,14,AATAAAAAGCTGGGGCCATG,0,532587
araCp,0.06666666666666667,14,14,AAGTTTCCTTCATCCTATAG,0,578937
araCp,0.06666666666666667,14,14,AAGTGACCGGTTCACAACCT,0,551870
araCp,0.06666666666666667,14,14,AAGTAATGCCGTCAAGCTCT,0,595821
araCp,0.06666666666666667,14,14,AAGCGTTTCTTGGCAGCTGA,0,556248
araCp,0.06666666666666667,14,14,AAGCATCTGTTGTACGTAAA,0,597772
araCp,0.06666666666666667,14,14,AAGATCTTCAATGTGTTCCC,0,576482
araCp,0.06666666666666667,14,14,AAGATCGCGACTAGGAAATA,0,564719
araCp,0.06666666666666667,14,14,AAGAGCAATCGAGGACGTGG,0,589800
araCp,0.06666666666666667,14,14,AAGAATTATCCTATTCAGAC,0,528498
araCp,0.06666666666666667,14,14,AAGAAATGCACTAAGCGTCG,0,565016
araCp,0.06666666666666667,14,14,AACTTCCAAAGCGGAGCCAT,0,548292
araCp,0.06666666666666667,14,14,AACTTAGAAGCCTTTAAATT,0,597988
araCp,0.06666666666666667,14,14,AACTGCGCTTCAGACCGGCT,0,562914
araCp,0.06666666666666667,14,14,AACTGATCGCAACAGCGGGT,0,537549
araCp,0.06666666666666667,14,14,AACTCTAAACGGCGCAACCT,0,556560
araCp,0.06666666666666667,14,14,AACTACAATTTTCGCGGGCA,0,532517
araCp,0.06666666666666667,14,14,AACGTGCCAGGCGGTTCATG,0,558730
araCp,0.06666666666666667,14,14,AACGTACATTCATGTGTCAA,0,581238
araCp,0.06666666666666667,14,14,AACGCACCTACCAACGGATT,0,546321
araCp,0.06666666666666667,14,14,AACGAAGTTCTTGCTCCTGG,0,549698
araCp,0.06666666666666667,14,14,AACGAAAAGACGCGTGAATT,0,585031
araCp,0.06666666666666667,14,14,AAATGTTTCTCCCAATAAAT,0,570611
araCp,0.06666666666666667,14,14,AAATGTACTTCGACCACTCC,0,581994
araCp,0.06666666666666667,14,14,AAATATCGCGGTTAGCGGCA,0,546426
araCp,0.06666666666666667,14,14,AAACGGTATCCATGAACAGA,0,572829
araCp,0.06666666666666667,14,14,AAACGCTAGACATGTCCCTT,0,563651
araCp,0.06666666666666667,14,14,AAAATAATGTGTCCTGACAG,0,540108
araCp,0.06666666666666667,14,14,AAAACGAGGGACTAACTAAC,0,527035
araCp,0.07142857142857142,13,13,TTTTGGCCAAGTTTAGGTTT,0,580051
araCp,0.07142857142857142,13,13,TTTTCTGAGGTGTTCCCATT,0,527107
araCp,0.07142857142857142,13,13,TTTGCAGCACACGTGCTCGG,0,533073
araCp,0.07142857142857142,13,13,TTTGAACTACCTCTGGGGCT,0,598074
araCp,0.07142857142857142,13,13,TTTCAAGCTTGCACGCTGTC,0,571327
araCp,0.07142857142857142,13,13,TTTAAGCCTAGAGTTCTCCT,0,582474
araCp,0.07142857142857142,13,13,TTGTTGCTAAACCTTCATAT,0,563942
araCp,0.07142857142857142,13,13,TTGTGATAAACAGGAATTAT,0,593269
araCp,0.07142857142857142,13,13,TTGTCCGTCCGTCCATCCCG,0,602575
araCp,0.07142857142857142,13,13,TTGGTAGTGCTACCACCCTG,0,528215
araCp,0.07142857142857142,13,13,TTGGTAACTGCTTGAATAGC,0,589935
araCp,0.07142857142857142,13,13,TTGCTACCAGTGAACTTAGA,0,561611
araCp,0.07142857142857142,13,13,TTGCAGGGATATCAAAGGCA,0,529696
araCp,0.07142857142857142,13,13,TTGATTCAATAACCTAAGAG,0,589125
araCp,0.07142857142857142,13,13,TTGATGTCCAAAATACCGTC,0,540627
araCp,0.07142857142857142,13,13,TTCTTACCTAGCAACACTTA,0,581109
araCp,0.07142857142857142,13,13,TTCTGTTTCATTATTTCGTC,0,532551
araCp,0.07142857142857142,13,13,TTCTGTAGACGCTAAAATAC,0,544854
araCp,0.07142857142857142,13,13,TTCTGACAAAACTTCGACTC,0,597370
araCp,0.07142857142857142,13,13,TTCTATAATACGTGAATACT,0,558809
araCp,0.07142857142857142,13,13,TTCTAGGTAACAGCGGTACA,0,538033
araCp,0.07142857142857142,13,13,TTCGTGGGACCGGGGAACAC,0,562741
araCp,0.07142857142857142,13,13,TTCGCCGGCTCGTTTTAATC,0,601325
araCp,0.07142857142857142,13,13,TTCGAGCACAGCGCCCGGTC,0,597252
araCp,0.07142857142857142,13,13,TTCCGTACATGTGCGTCAGT,0,541257
araCp,0.07142857142857142,13,13,TTCCATGTCACCTGTATGTC,0,582217
araCp,0.07142857142857142,13,13,TTCCAGGCTACCGGTGCTCA,0,552911
araCp,0.07142857142857142,13,13,TTCATAATTACGTGCCGCGT,0,549350
araCp,0.07142857142857142,13,13,TTCAAACCTAACCGTCGTTT,0,588663
araCp,0.07142857142857142,13,13,TTATTGTGTGCACAGAAGGT,0,570590
araCp,0.07142857142857142,13,13,TTATGCATCACTGGCGGATA,0,566386
araCp,0.07142857142857142,13,13,TTATCAGATTAACGAGGGAT,0,556618
araCp,0.07142857142857142,13,13,TTAGGAAGAACGCTCAACTG,0,573139
araCp,0.07142857142857142,13,13,TTAGCCGACCATCTGGTGAT,0,542291
araCp,0.07142857142857142,13,13,TTACGGGTGGTGAGGATAGG,0,571668
araCp,0.07142857142857142,13,13,TTACGGATACAACTCTGTTT,0,562386
araCp,0.07142857142857142,13,13,TTAATCTAAGCCGTTGATGC,0,573284
araCp,0.07142857142857142,13,13,TGTTTGGATTCATTCACCTC,0,600574
araCp,0.07142857142857142,13,13,TGTGTATCCGAGGTAGTAAT,0,559379
araCp,0.07142857142857142,13,13,TGTCGTAAGATGTAAGACGA,0,560392
araCp,0.07142857142857142,13,13,TGTAGGAGCCCTACTCATCA,0,569619
araCp,0.07142857142857142,13,13,TGTACCCAGGTGAGGCGGCA,0,542041
araCp,0.07142857142857142,13,13,TGTACCAGGCAGGCATAGAT,0,550729
araCp,0.07142857142857142,13,13,TGTAACTACCAGGTTTCGTT,0,570409
araCp,0.07142857142857142,13,13,TGGTTGCTATGACCGGTTAA,0,584259
araCp,0.07142857142857142,13,13,TGGTTACCAGGGTTGAAAGG,0,541213
araCp,0.07142857142857142,13,13,TGGTCTAGATTGCACGTCTA,0,585298
araCp,0.07142857142857142,13,13,TGGTCCCGACGCCGTCATAA,0,565749
araCp,0.07142857142857142,13,13,TGGGGGGTAATAGTTCAATC,0,584629
araCp,0.07142857142857142,13,13,TGGGCCTCCGATAGGGTGTA,0,590082
araCp,0.07142857142857142,13,13,TGGGATCGGTTAAATCTTCT,0,575536
araCp,0.07142857142857142,13,13,TGGCTTTAGATAGTTAAATG,0,532471
araCp,0.07142857142857142,13,13,TGGCTAATGGTCCATGTAGA,0,555631
araCp,0.07142857142857142,13,13,TGGCGTCCGGGTACAGCATT,0,571483
araCp,0.07142857142857142,13,13,TGGCGGGATCGGAGGCTGTG,0,554829
araCp,0.07142857142857142,13,13,TGGCCAAACGGCCCGCGTGA,0,537029
araCp,0.07142857142857142,13,13,TGGATTGACCTCCTTGGCTG,0,553812
araCp,0.07142857142857142,13,13,TGGAGTCTTATGGGAGGGGT,0,546253
araCp,0.07142857142857142,13,13,TGCTGATCGATTGCCTATTA,0,556133
araCp,0.07142857142857142,13,13,TGCTAATTCGAGACCACGCT,0,576705
araCp,0.07142857142857142,13,13,TGCGTTATGGTTCAGAACGA,0,538645
araCp,0.07142857142857142,13,13,TGCGGACCCCAATGAGGCTT,0,600711
araCp,0.07142857142857142,13,13,TGCGCCGCCTTAGTCTATCA,0,570898
araCp,0.07142857142857142,13,13,TGCCGGCTGTGGCTCTTAAC,0,547456
araCp,0.07142857142857142,13,13,TGCCCACGTTATGCCAGGGT,0,581366
araCp,0.07142857142857142,13,13,TGCATTATAGACCTCAAGAA,0,579628
araCp,0.07142857142857142,13,13,TGCATGGCATAATTCACCCC,0,533682
araCp,0.07142857142857142,13,13,TGATCATGCCCTTTTCGACT,0,557231
araCp,0.07142857142857142,13,13,TGATCACCGGAGTTCTCGTC,0,574344
araCp,0.07142857142857142,13,13,TGAGTCCAGTAAGTCCTATT,0,558260
araCp,0.07142857142857142,13,13,TGAGCCCAGTGTCGGCTGGT,0,596789
araCp,0.07142857142857142,13,13,TGACTAAGTTTTAGCATCAA,0,592946
araCp,0.07142857142857142,13,13,TGACGAATTAATAACAATAA,0,578705
araCp,0.07142857142857142,13,13,TGACCTACAAGAAACGCTCG,0,539440
araCp,0.07142857142857142,13,13,TGAAGGGGTACAGCATCGAT,0,560919
araCp,0.07142857142857142,13,13,TGAACCTGAGGCGCGATTAA,0,556482
araCp,0.07142857142857142,13,13,TGAAACTCGTGATAGCAGGG,0,526819
araCp,0.07142857142857142,13,13,TCTTTGTGAGGACTAAGTTC,0,544599
araCp,0.07142857142857142,13,13,TCTTAACCCCACGTGGCAAC,0,557344
araCp,0.07142857142857142,13,13,TCTCCAACCTACTCTGCCGT,0,539400
araCp,0.07142857142857142,13,13,TCTAGAGCAAGATGTGGGAG,0,561914
araCp,0.07142857142857142,13,13,TCTAGAGAGCTTGTTCAAGG,0,547881
araCp,0.07142857142857142,13,13,TCTAATGCGACCTGGGAGCG,0,566592
araCp,0.07142857142857142,13,13,TCTAACTCACTTGCGCTTGC,0,598688
araCp,0.07142857142857142,13,13,TCGTTCTAAAAAAGAGTAGG,0,537020
araCp,0.07142857142857142,13,13,TCGTATACAGGTTCTCTAGC,0,587608
araCp,0.07142857142857142,13,13,TCGGTGTCGCTCGAAGGGCA,0,561917
araCp,0.07142857142857142,13,13,TCGGCGACCTAAAAGACATT,0,557145
araCp,0.07142857142857142,13,13,TCGATTGGTGCGCGCTATAA,0,600609
araCp,0.07142857142857142,13,13,TCCTCGAAACAGAGGTTCAA,0,559218
araCp,0.07142857142857142,13,13,TCCTATAACATCGCGGCCGT,0,592816
araCp,0.07142857142857142,13,13,TCCCGGGGGACGAGGTCAAC,0,577980
araCp,0.07142857142857142,13,13,TCCCGAGTAACATTTCATCC,0,566951
araCp,0.07142857142857142,13,13,TCCCCGGTCGCAGTATCCCA,0,595160
araCp,0.07142857142857142,13,13,TCCATGCTTGAGAAAAATGC,0,558523
araCp,0.07142857142857142,13,13,TCCAGCGGGTAATGACGTAT,0,550019
araCp,0.07142857142857142,13,13,TCCACGTGGGAGCGAACGGA,0,580682
araCp,0.07142857142857142,13,13,TCATTGACTTAGTGATAGGT,0,542574
araCp,0.07142857142857142,13,13,TCATTCGAGATCTGCCTCGA,0,537357
araCp,0.07142857142857142,13,13,TCATTATATTATTCTATACG,0,573853
araCp,0.07142857142857142,13,13,TCATCTTTGTCAAGTATACC,0,554824
araCp,0.07142857142857142,13,13,TCAGTCAATTTAGGGGAGTT,0,552988
araCp,0.07142857142857142,13,13,TCAGTACCTCGACATCGGAT,0,566332
araCp,0.07142857142857142,13,13,TCAGGGTATTAGTCCAAAAA,0,589865
araCp,0.07142857142857142,13,13,TCAGCTCGCACGGCACGCAC,0,541340
araCp,0.07142857142857142,13,13,TCAGCGTTCCACACAATGAT,0,531255
araCp,0.07142857142857142,13,13,TCACTTCTTTACACACTTTC,0,562793
araCp,0.07142857142857142,13,13,TCAATCTGTCTAGCGCAGAG,0,575674
araCp,0.07142857142857142,13,13,TCAAACGCCCTATAGGCTCA,0,588423
araCp,0.07142857142857142,13,13,TATTACGTTTGTTAGAAAAA,0,541344
araCp,0.07142857142857142,13,13,TATTACATGTCGCAGCCAAA,0,529773
araCp,0.07142857142857142,13,13,TATTAATCCGGGCAGTCAAT,0,528322
araCp,0.07142857142857142,13,13,TATGTAACCCATCTGCCTGT,0,553321
araCp,0.07142857142857142,13,13,TATGCGTCCCTTCGGGGAAA,0,602585
araCp,0.07142857142857142,13,13,TATCTGCCGTGGCCATACGT,0,560289
araCp,0.07142857142857142,13,13,TATCGGAGATTGTTCATCAA,0,532557
araCp,0.07142857142857142,13,13,TATCGGACGAGCAGGAGCAA,0,542328
araCp,0.07142857142857142,13,13,TATCCGTGGAGATGCCCTCT,0,532158
araCp,0.07142857142857142,13,13,TATAGCCGAGCAAAACAGAG,0,552413
araCp,0.07142857142857142,13,13,TAGTTCCGGGATCGTTACCT,0,578145
araCp,0.07142857142857142,13,13,TAGTCCGAAGTAGCCAGAAG,0,601573
araCp,0.07142857142857142,13,13,TAGGTTATGTCGGGCTTTCA,0,594384
araCp,0.07142857142857142,13,13,TAGGTCTTATCGAGTAAGCT,0,583130
araCp,0.07142857142857142,13,13,TAGGCGGTCTTGGCCTGTGG,0,561494
araCp,0.07142857142857142,13,13,TAGGCAGGGGGTTCTGTCGT,0,592383
araCp,0.07142857142857142,13,13,TAGCTGTTGGCGACCTGAGG,0,560130
araCp,0.07142857142857142,13,13,TAGCTGCGCGGCTTTTTTCT,0,557760
araCp,0.07142857142857142,13,13,TAGCGCGCCCTGACCTCTGC,0,569433
araCp,0.07142857142857142,13,13,TAGCCTCCTCTTCTAGCTTT,0,551299
araCp,0.07142857142857142,13,13,TAGCATCTAGGGACAAGTGT,0,555455
araCp,0.07142857142857142,13,13,TAGCACGCGGAATGCGAACT,0,561742
araCp,0.07142857142857142,13,13,TAGAGCGCGTTACAAGATTC,0,596005
araCp,0.07142857142857142,13,13,TAGAGAGTTCGACCGGCGTG,0,537523
araCp,0.07142857142857142,13,13,TAGACTGTCCGTGGGTCTTT,0,550252
araCp,0.07142857142857142,13,13,TAGAAGAGCCTCGCACAGTT,0,582257
araCp,0.07142857142857142,13,13,TAGAACTCTTTTGCCTGCGT,0,528660
araCp,0.07142857142857142,13,13,TAGAAACCGGCTCATGGCGT,0,550559
araCp,0.07142857142857142,13,13,TACTGTCAGCATTATGTTGT,0,587658
araCp,0.07142857142857142,13,13,TACTGCAAGGTCCGCGTTGT,0,577597
araCp,0.07142857142857142,13,13,TACTCTGGTCACCAAGGGTC,0,600566
araCp,0.07142857142857142,13,13,TACTCCCAGGTGTACTTGCA,0,592160
araCp,0.07142857142857142,13,13,TACGATTGAAAAGCGGTCAA,0,553480
araCp,0.07142857142857142,13,13,TACGAGTCCCGCTCAGGCGT,0,525936
araCp,0.07142857142857142,13,13,TACCCAGCACCCTCCGCTTG,0,531158
araCp,0.07142857142857142,13,13,TACAACTGCGGCTCTCTTGC,0,526885
araCp,0.07142857142857142,13,13,TAATTTCGGTCAGTTGGACA,0,543418
araCp,0.07142857142857142,13,13,TAAGTACACGGCGGTAGCAG,0,539246
araCp,0.07142857142857142,13,13,TAAGCCAGCTAATCTTTAGT,0,564865
araCp,0.07142857142857142,13,13,TAAATCGCCAATAGTTAGCT,0,544629
araCp,0.07142857142857142,13,13,TAAACATGACCGAGCCTTGC,0,593641
araCp,0.07142857142857142,13,13,TAAAATACCGAACCAGACGA,0,553122
araCp,0.07142857142857142,13,13,GTTTGTGTAAAGGACGAGGT,0,585831
araCp,0.07142857142857142,13,13,GTTGTGAAATATTCCCCGGA,0,577799
araCp,0.07142857142857142,13,13,GTTGGACCTCCATATCTCTA,0,573318
araCp,0.07142857142857142,13,13,GTTGCGATCGGGCATCTTCT,0,538642
araCp,0.07142857142857142,13,13,GTTGCCGGGGCATTACCAGG,0,601313
araCp,0.07142857142857142,13,13,GTTCATTCGGTAACATCGTT,0,582225
araCp,0.07142857142857142,13,13,GTTATCTAAACCCGAGGTGT,0,540688
araCp,0.07142857142857142,13,13,GTGTGATTTACAGACGATCC,0,575526
araCp,0.07142857142857142,13,13,GTGTCACTAGCGAGATCTAT,0,591104
araCp,0.07142857142857142,13,13,GTGTACACACGAGACCCCTT,0,549529
araCp,0.07142857142857142,13,13,GTGGTTTATGACCCCAAGGT,0,539505
araCp,0.07142857142857142,13,13,GTGGCTTATATCTCTCTAGA,0,578337
araCp,0.07142857142857142,13,13,GTGCTAATGAAACGAACTAC,0,564215
araCp,0.07142857142857142,13,13,GTGCTAAAGTTGTGCTACTT,0,600502
araCp,0.07142857142857142,13,13,GTGCAATGTGTAAGCCCGAA,0,555347
araCp,0.07142857142857142,13,13,GTGATGGGTCGATCACTGGC,0,528875
araCp,0.07142857142857142,13,13,GTGAGGTCCGCCCATGAAAA,0,593010
araCp,0.07142857142857142,13,13,GTGAGGGCGTTCACCTGGAG,0,579430
araCp,0.07142857142857142,13,13,GTGACCCAAACGCGGCCCCT,0,545893
araCp,0.07142857142857142,13,13,GTGAATTTTGGAAGGCGCTT,0,529468
araCp,0.07142857142857142,13,13,GTGAAAGCACTAAGGGATGT,0,549867
araCp,0.07142857142857142,13,13,GTCTGTACCGCGCAACAGTA,0,590579
araCp,0.07142857142857142,13,13,GTCTGGGTCGCGAGGTTTTT,0,603678
araCp,0.07142857142857142,13,13,GTCTCTTCGCGTGGGGCCGA,0,533673
araCp,0.07142857142857142,13,13,GTCTATTGTAATGCAGGCGA,0,561345
araCp,0.07142857142857142,13,13,GTCGTACCAAATATCGGTAC,0,580486
araCp,0.07142857142857142,13,13,GTCGCCTGACACTTTGTGAA,0,537354
araCp,0.07142857142857142,13,13,GTCGCCCCCGACCTCAGAGA,0,545415
araCp,0.07142857142857142,13,13,GTCGAGGGACGACAGATAAT,0,595553
araCp,0.07142857142857142,13,13,GTCGAAGCTTCTATGATCGT,0,567005
araCp,0.07142857142857142,13,13,GTCCTTGTGAGGCAAGTTTA,0,540872
araCp,0.07142857142857142,13,13,GTCCAGTCGTCTTCACCAAA,0,573916
araCp,0.07142857142857142,13,13,GTCATACTGGTCAATAATAC,0,578644
araCp,0.07142857142857142,13,13,GTCAATACCATTTACGTATG,0,540044
araCp,0.07142857142857142,13,13,GTCAATACACCTATTGGCAA,0,540202
araCp,0.07142857142857142,13,13,GTATGTGTCCGTCTTACTAT,0,559074
araCp,0.07142857142857142,13,13,GTATAGACCGCTGACAGCGG,0,584529
araCp,0.07142857142857142,13,13,GTAGGATCTAGCGCGTCGAT,0,537026
araCp,0.07142857142857142,13,13,GTAGATCCGGCAGCAAATAC,0,556557
araCp,0.07142857142857142,13,13,GTAGATACTATAACCTTAAG,0,537344
araCp,0.07142857142857142,13,13,GTACGAAAGTTGCAGCCGTA,0,554553
araCp,0.07142857142857142,13,13,GTACCATACATTTTCATCTA,0,527452
araCp,0.07142857142857142,13,13,GTAATCTTCCGGCGGTAATA,0,544702
araCp,0.07142857142857142,13,13,GTAATCCGCGAGTCAGGTTT,0,529100
araCp,0.07142857142857142,13,13,GGTGGTGAGCAGCGCTGTAT,0,595083
araCp,0.07142857142857142,13,13,GGTGGCGAGGGGTATCTCGT,0,575285
araCp,0.07142857142857142,13,13,GGTGATGTCCATGGCACGAG,0,598690
araCp,0.07142857142857142,13,13,GGTGAGTTCATGTCGTCTCC,0,530563
araCp,0.07142857142857142,13,13,GGTCGTTGGGAATCACTGTC,0,549798
araCp,0.07142857142857142,13,13,GGTCCTTGGTTTATGTGGGT,0,601130
araCp,0.07142857142857142,13,13,GGTCATCCGCGTGTGCTGCG,0,573171
araCp,0.07142857142857142,13,13,GGTAACATCCGGGGGCACGA,0,601389
araCp,0.07142857142857142,13,13,GGGGGATCGCATCATGCGTC,0,538983
araCp,0.07142857142857142,13,13,GGGGCTGGGAAGACGAGTGA,0,536823
araCp,0.07142857142857142,13,13,GGGGATCTGAACTCGTTTAC,0,561082
araCp,0.07142857142857142,13,13,GGGGAAACCGAGGACCTATC,0,567526
araCp,0.07142857142857142,13,13,GGGACCCGGCGACCAATTCA,0,555477
araCp,0.07142857142857142,13,13,GGCTTTCAAAAGGCGTTTAA,0,593200
araCp,0.07142857142857142,13,13,GGCTCGCGGTCAAACCTAGT,0,589760
araCp,0.07142857142857142,13,13,GGCCTCCGCATTGACGGGTA,0,574094
araCp,0.07142857142857142,13,13,GGCCGAGGAATGGATTCGGT,0,589101
araCp,0.07142857142857142,13,13,GGCCCGCGCTCTACGTCACC,0,582371
araCp,0.07142857142857142,13,13,GGCATGGCTGTCTACAGGCT,0,544664
araCp,0.07142857142857142,13,13,GGCAGCGACAAGTGACAGTA,0,560669
araCp,0.07142857142857142,13,13,GGATTCGTTGCACGTATGTG,0,582336
araCp,0.07142857142857142,13,13,GGATGAAACAACGTGATGAG,0,599837
araCp,0.07142857142857142,13,13,GGATCTTGAGAACCCGGGTC,0,581383
araCp,0.07142857142857142,13,13,GGAGTCCCTTACCAATTTGC,0,534386
araCp,0.07142857142857142,13,13,GGAGTATATACATCGACAGT,0,592627
araCp,0.07142857142857142,13,13,GGAGGTGAATATTTAGACCG,0,530690
araCp,0.07142857142857142,13,13,GGAGGGAAGTGTACCGTGAA,0,527724
araCp,0.07142857142857142,13,13,GGACTGGATCTCAGAGACAT,0,553501
araCp,0.07142857142857142,13,13,GGACGTCACCGCTCGGCATG,0,543758
araCp,0.07142857142857142,13,13,GGACGCCCGTGATTCAGTGA,0,549451
araCp,0.07142857142857142,13,13,GGACCGCCTTTCTAACTTGA,0,582517
araCp,0.07142857142857142,13,13,GGACCCTACCTTCCATTACA,0,566375
araCp,0.07142857142857142,13,13,GGAATAATTCGCCGTGTATA,0,572593
araCp,0.07142857142857142,13,13,GGAACAACGTGGAGCCCTTC,0,579072
araCp,0.07142857142857142,13,13,GCTGTTAAGCTAGAGACTGA,0,551874
araCp,0.07142857142857142,13,13,GCTGTCCTACCCGCTAGTAT,0,531076
araCp,0.07142857142857142,13,13,GCTGTCAGTTCCATACACTT,0,592538
araCp,0.07142857142857142,13,13,GCTGGTTTGTGTACGTATTG,0,555599
araCp,0.07142857142857142,13,13,GCTGGCCCATACGCATCGTG,0,531170
araCp,0.07142857142857142,13,13,GCTGCTCGCGCGACTCAGGT,0,587906
araCp,0.07142857142857142,13,13,GCTCCGTCAGAAGTACCCGG,0,584930
araCp,0.07142857142857142,13,13,GCTCATTCGGTCTGGTAAGC,0,540105
araCp,0.07142857142857142,13,13,GCTACCTCTTGTTTAGAAAT,0,535790
araCp,0.07142857142857142,13,13,GCGGTACACCTGTTAACCCG,0,588533
araCp,0.07142857142857142,13,13,GCGGGCATTGCCTATCTGTC,0,529361
araCp,0.07142857142857142,13,13,GCGGATGGGGTCGAGGCTAT,0,581258
araCp,0.07142857142857142,13,13,GCGCTTGCCATCTCGTGGAT,0,548744
araCp,0.07142857142857142,13,13,GCGCTTACACGCATCTTCTT,0,587425
araCp,0.07142857142857142,13,13,GCGCGCCAACGCTGAGGGGT,0,547610
araCp,0.07142857142857142,13,13,GCGCAATCGCTGTGTATTTT,0,541793
araCp,0.07142857142857142,13,13,GCGATGCAGCTGCTTTGGAG,0,594985
araCp,0.07142857142857142,13,13,GCGAGATCCATCCCCCGGCT,0,543888
araCp,0.07142857142857142,13,13,GCGACTAGGCCTAGCCTCGA,0,528768
araCp,0.07142857142857142,13,13,GCGAATCCCGGTATCACGGC,0,582662
araCp,0.07142857142857142,13,13,GCCTGCAACGTCTTCTAACG,0,586385
araCp,0.07142857142857142,13,13,GCCTATAGGCTCTTTTCATT,0,583395
araCp,0.07142857142857142,13,13,GCCGCTTGTAGCCACCGCCA,0,530955
araCp,0.07142857142857142,13,13,GCCGCGGTGCGTGGAGATCT,0,540547
araCp,0.07142857142857142,13,13,GCCAGGGTTGTTTCCAATTT,0,544942
araCp,0.07142857142857142,13,13,GCCAGAGCTCGAAATGAGGT,0,537881
araCp,0.07142857142857142,13,13,GCATTCACACACGTCCGTAC,0,553983
araCp,0.07142857142857142,13,13,GCATCCACAATAGACTCAGC,0,577648
araCp,0.07142857142857142,13,13,GCAGCAGCAAGGGAGATACC,0,599011
araCp,0.07142857142857142,13,13,GCACGGCGAGGACCCGAGGC,0,533127
araCp,0.07142857142857142,13,13,GCAACTCAGTGGATCTTCAG,0,528935
araCp,0.07142857142857142,13,13,GATTAGCTTGTTTGCTGCAA,0,560743
araCp,0.07142857142857142,13,13,GATGGAGATACCACATCCCG,0,582407
araCp,0.07142857142857142,13,13,GATGGACCTCCTTTCCTTGA,0,552985
araCp,0.07142857142857142,13,13,GATGGACCAAAAACAGCCTG,0,556737
araCp,0.07142857142857142,13,13,GATAGGGGAAGAATTTCGTG,0,556343
araCp,0.07142857142857142,13,13,GATAGCAGGGCATGTCAGAT,0,592914
araCp,0.07142857142857142,13,13,GATAATTCACAACCTCAGTC,0,537152
araCp,0.07142857142857142,13,13,GAGTACTTAAAAGTTGAGCC,0,559027
araCp,0.07142857142857142,13,13,GAGGTAACTGAACCATCCAA,0,577841
araCp,0.07142857142857142,13,13,GAGGGTCTTCTCTGTTCATT,0,550345
araCp,0.07142857142857142,13,13,GAGGGCGCATCCAGAACTAC,0,595168
araCp,0.07142857142857142,13,13,GAGGGACAGACCCGCGGGCT,0,585351
araCp,0.07142857142857142,13,13,GAGGCTTTATGCAAGGTCTC,0,602347
araCp,0.07142857142857142,13,13,GAGGCCAAAGACTGAATTGG,0,559554
araCp,0.07142857142857142,13,13,GAGAGGGTCCGAGAAAGGCC,0,575722
araCp,0.07142857142857142,13,13,GAGAGGCTACAAACTGGTGA,0,570080
araCp,0.07142857142857142,13,13,GAGACTAGGTAGATCCGGTA,0,583882
araCp,0.07142857142857142,13,13,GAGACCGGGAATGTTCAGGG,0,581773
araCp,0.07142857142857142,13,13,GACTCTGGTCATGTGCAACC,0,531542
araCp,0.07142857142857142,13,13,GACGCGGCTTTGCCTAGGGC,0,537025
araCp,0.07142857142857142,13,13,GACCGATGGTTTGTTTAATG,0,584683
araCp,0.07142857142857142,13,13,GACCCCCCCCGAGGGGCTTC,0,530901
araCp,0.07142857142857142,13,13,GACCACGGACCGTCTAGTTC,0,567899
araCp,0.07142857142857142,13,13,GACAATATACTAGCTCCCTA,0,590486
araCp,0.07142857142857142,13,13,GACAAGCTCTGTGTATATCC,0,601803
araCp,0.07142857142857142,13,13,GAATTTAGCATCCAGTTAAT,0,598221
araCp,0.07142857142857142,13,13,GAATTGTGACATACGAGATT,0,533642
araCp,0.07142857142857142,13,13,GAATGGGTGCCAAAGCCGTT,0,571627
araCp,0.07142857142857142,13,13,GAATGCGATATCGATGTCAG,0,534842
araCp,0.07142857142857142,13,13,GAATCGTTTCCGTTAGTTTT,0,556790
araCp,0.07142857142857142,13,13,GAAGTCTAAGAATTCTTCAA,0,546852
araCp,0.07142857142857142,13,13,GAACTTTCTTTGAAACGTAG,0,567619
araCp,0.07142857142857142,13,13,GAACTCCGGACATAGTTTAG,0,556113
araCp,0.07142857142857142,13,13,GAACGCTAACTAGAGTCCCA,0,556629
araCp,0.07142857142857142,13,13,GAACGAGACTCACTGCTTAA,0,557562
araCp,0.07142857142857142,13,13,GAACCTTTCCAGCATAAGTT,0,590473
araCp,0.07142857142857142,13,13,GAACCTGGTAAGCTTGTATT,0,526188
araCp,0.07142857142857142,13,13,GAAAGTTTTCCAGGTCTGCG,0,599345
araCp,0.07142857142857142,13,13,GAAACTATTGTGCAAGCGGA,0,542364
araCp,0.07142857142857142,13,13,GAAACACGTGTTTCGGAAAT,0,555602
araCp,0.07142857142857142,13,13,GAAAAGGTATGTTTGGAATG,0,546428
araCp,0.07142857142857142,13,13,CTTTGGGTGTGTCGGCTATC,0,537047
araCp,0.07142857142857142,13,13,CTTTGGGAATGGGACTAGAA,0,526899
araCp,0.07142857142857142,13,13,CTTTCCCGCCGCACTGGCTA,0,598689
araCp,0.07142857142857142,13,13,CTTTAGCTGTTCAAGGGGTT,0,528072
araCp,0.07142857142857142,13,13,CTTTAAAGTACCAGATGGAG,0,551125
araCp,0.07142857142857142,13,13,CTTGGGACAGAAATCGGAGC,0,579462
araCp,0.07142857142857142,13,13,CTTGCTAACCTTCCAGTAGT,0,531693
araCp,0.07142857142857142,13,13,CTTCGGCACCGGACTTCAAG,0,558243
araCp,0.07142857142857142,13,13,CTTCGAGTTCGGTGCTGGTA,0,577350
araCp,0.07142857142857142,13,13,CTTCCAGCTAAATGGTCGGA,0,569113
araCp,0.07142857142857142,13,13,CTTCACAGGCTCTCGAGGTT,0,594967
araCp,0.07142857142857142,13,13,CTTCAACTCTTGGACTCATT,0,588020
araCp,0.07142857142857142,13,13,CTTATGTGGATAGATAAAGG,0,528197
araCp,0.07142857142857142,13,13,CTTACATGGAGGCACTACGT,0,570038
araCp,0.07142857142857142,13,13,CTGTTAAGCGGGACAACAAT,0,556807
araCp,0.07142857142857142,13,13,CTGTCCCGGCATTCATCTCA,0,562247
araCp,0.07142857142857142,13,13,CTGGGGTCGCCAGGTCCACT,0,589600
araCp,0.07142857142857142,13,13,CTGGCGTAGCTTTTTGTAGT,0,558249
araCp,0.07142857142857142,13,13,CTGGAGTTTACCAGATAGTA,0,565816
araCp,0.07142857142857142,13,13,CTGGAGGAGACATACTAGCT,0,573037
araCp,0.07142857142857142,13,13,CTGGAGCGGTCTAATTGACA,0,576570
araCp,0.07142857142857142,13,13,CTGCTGCATGTGCTCTTAGG,0,555908
araCp,0.07142857142857142,13,13,CTGCGGGTTTATCGAAAATG,0,550512
araCp,0.07142857142857142,13,13,CTGCGGATAGATCTTGTACA,0,603561
araCp,0.07142857142857142,13,13,CTGCAGCCTGCGAACGGTAT,0,546249
araCp,0.07142857142857142,13,13,CTCTTCCGCGTTAGCAGTGT,0,534236
araCp,0.07142857142857142,13,13,CTCGGGCGCAGAGTCACCAA,0,567245
araCp,0.07142857142857142,13,13,CTCGGCTTTCGAAAGGGACT,0,552965
araCp,0.07142857142857142,13,13,CTCCGTGTACTTGGGAACAG,0,543812
araCp,0.07142857142857142,13,13,CTCCAGGTGAAGCGGAAACT,0,602894
araCp,0.07142857142857142,13,13,CTATCCTATAGGGTAGTGAA,0,573124
araCp,0.07142857142857142,13,13,CTATACACTACCTATGAGCA,0,525896
araCp,0.07142857142857142,13,13,CTAGTTGAAACATAACATCC,0,547398
araCp,0.07142857142857142,13,13,CTAGGTGCCCACGGTTTTGC,0,553186
araCp,0.07142857142857142,13,13,CTAGGGATCTAAAAGTGGCG,0,575463
araCp,0.07142857142857142,13,13,CTACGAGTGAAAGACCATCT,0,526124
araCp,0.07142857142857142,13,13,CTAACTATGATCGAGGATTT,0,552262
araCp,0.07142857142857142,13,13,CGTTTAAACATGGCGGAGGT,0,577802
araCp,0.07142857142857142,13,13,CGTTGAGCCAATTTGGATCA,0,573656
araCp,0.07142857142857142,13,13,CGTGTGCTTGTGCAACATAA,0,548601
araCp,0.07142857142857142,13,13,CGTGCAACTTGACACGTGGC,0,576787
araCp,0.07142857142857142,13,13,CGTCCGTTGGGTAGATTTGT,0,555246
araCp,0.07142857142857142,13,13,CGTCCCGCGAACGCAATTAT,0,595144
araCp,0.07142857142857142,13,13,CGTCAGAGCAATACGGGTGT,0,576934
araCp,0.07142857142857142,13,13,CGTCAACACTGTGTCTGTCA,0,583286
araCp,0.07142857142857142,13,13,CGTATGGAGTAATGCCGGAG,0,591277
araCp,0.07142857142857142,13,13,CGGGTTCGTGGTGGGCTAGA,0,600484
araCp,0.07142857142857142,13,13,CGGGACGCGACCATAGCGTT,0,526064
araCp,0.07142857142857142,13,13,CGGCCTTCTGTGTGGGAGTA,0,531852
araCp,0.07142857142857142,13,13,CGGAAAGCGAGGTCGGTCAT,0,598935
araCp,0.07142857142857142,13,13,CGGAAAAAGCTTGCACCAGA,0,578468
araCp,0.07142857142857142,13,13,CGCTTGTCATGTCGGCGTAC,0,563221
araCp,0.07142857142857142,13,13,CGCTGGGCAGTGCTGATCGG,0,559395
araCp,0.07142857142857142,13,13,CGCTCAGGAGGGGGGTGTGC,0,557121
araCp,0.07142857142857142,13,13,CGCTATACGTGCAGGCCAGT,0,549392
araCp,0.07142857142857142,13,13,CGCGTTGCAGCTTGTTTGCC,0,594228
araCp,0.07142857142857142,13,13,CGCGTTCTGGCGGCAATTAG,0,584470
araCp,0.07142857142857142,13,13,CGCGTAGCCTTATGTTGTTC,0,581510
araCp,0.07142857142857142,13,13,CGCGGGGAGAGTCCGATATG,0,547525
araCp,0.07142857142857142,13,13,CGCGCTGGGAGCCGCGGAAT,0,566144
araCp,0.07142857142857142,13,13,CGCGCAACAGTCTTATTTGA,0,584077
araCp,0.07142857142857142,13,13,CGCGAGTGCCCAAGGTCGTT,0,528373
araCp,0.07142857142857142,13,13,CGCGACCGACCGGATCACAG,0,592284
araCp,0.07142857142857142,13,13,CGCGAAAAACCCAGAGTAAT,0,542068
araCp,0.07142857142857142,13,13,CGCCTTTTACTCGTGGGATG,0,569615
araCp,0.07142857142857142,13,13,CGCCAGAATCCTACGAGTTT,0,594279
araCp,0.07142857142857142,13,13,CGCACTTCTTGTGCACCCGC,0,601095
araCp,0.07142857142857142,13,13,CGCAAGGAGGTTTGGCTGTA,0,554231
araCp,0.07142857142857142,13,13,CGATCCATATAAACTGCGAT,0,531774
araCp,0.07142857142857142,13,13,CGATATGTCGGACCTGTCGT,0,547238
araCp,0.07142857142857142,13,13,CGAGTGATAGCAGCATACTG,0,563549
araCp,0.07142857142857142,13,13,CGAGGCCAGAGGATAGCAAA,0,563613
araCp,0.07142857142857142,13,13,CGAGCTTGCTAGTCTGCACC,0,540961
araCp,0.07142857142857142,13,13,CGACCGTGTAACATTTCACC,0,533272
araCp,0.07142857142857142,13,13,CGACAATGAAGACATACGGA,0,526278
araCp,0.07142857142857142,13,13,CGAACCCCGATCTTCGCGTG,0,573995
araCp,0.07142857142857142,13,13,CGAAAGTACCAATTTCTCGC,0,535698
araCp,0.07142857142857142,13,13,CGAAAACTGAACATGACAAA,0,587778
araCp,0.07142857142857142,13,13,CCTTTGCCCGCATTTGGTAG,0,542277
araCp,0.07142857142857142,13,13,CCTTTCTCGCGATCTTACGT,0,549784
araCp,0.07142857142857142,13,13,CCTTTATGGTCATCGTCCTG,0,563903
araCp,0.07142857142857142,13,13,CCTTGGTGTTTTTACAGTTT,0,538911
araCp,0.07142857142857142,13,13,CCTTGACTATCAAGGCTTCA,0,553436
araCp,0.07142857142857142,13,13,CCTTCATCGGTAGCACGTGC,0,529703
araCp,0.07142857142857142,13,13,CCTGCGTCTCTATAGACCGT,0,570693
araCp,0.07142857142857142,13,13,CCTGCGGGGATCCGCTAACT,0,553953
araCp,0.07142857142857142,13,13,CCTCATTCGAGAACAGAAGT,0,576480
araCp,0.07142857142857142,13,13,CCTCAGATGGACCTAAGGCA,0,541361
araCp,0.07142857142857142,13,13,CCTATTTTCGAGACCACCTC,0,572120
araCp,0.07142857142857142,13,13,CCTAGCATGTGTAATCCCTA,0,547607
araCp,0.07142857142857142,13,13,CCTAATTGCTGTTGTGTCCG,0,580484
araCp,0.07142857142857142,13,13,CCTAATGCGTAGGGACGGCG,0,589838
araCp,0.07142857142857142,13,13,CCGTTCCGCAAACTATACCA,0,546015
araCp,0.07142857142857142,13,13,CCGTCCTATTGCGAATCACT,0,531287
araCp,0.07142857142857142,13,13,CCGTCCCCAGATAAGGAGAT,0,539876
araCp,0.07142857142857142,13,13,CCGTCAACATTAGATTACGA,0,540929
araCp,0.07142857142857142,13,13,CCGGTAACCGCCTTCAATAC,0,536810
araCp,0.07142857142857142,13,13,CCGGCTGGGGTGGTTTATGT,0,584917
araCp,0.07142857142857142,13,13,CCGATTAGCCTAAATCCGCT,0,528451
araCp,0.07142857142857142,13,13,CCGAGGTGCGTCAGGGGCAT,0,575528
araCp,0.07142857142857142,13,13,CCGAGATGTTAGCGTGCGTT,0,541232
araCp,0.07142857142857142,13,13,CCGACGCTCTCTGTGCAGCA,0,565392
araCp,0.07142857142857142,13,13,CCCTGGCGGTTTCTTCTATC,0,560663
araCp,0.07142857142857142,13,13,CCCGTTAGAGCTACAGCAAA,0,575716
araCp,0.07142857142857142,13,13,CCCGGCAGTGCTTCTGGGCG,0,532555
araCp,0.07142857142857142,13,13,CCCGCCTTCAACCGATTGGG,0,576308
araCp,0.07142857142857142,13,13,CCCCACATCAACTCACGTGT,0,556387
araCp,0.07142857142857142,13,13,CCATTAAAAAGAGACCGCGG,0,588344
araCp,0.07142857142857142,13,13,CCATCATCGCCTCAGTCGAT,0,586144
araCp,0.07142857142857142,13,13,CCATACTGCGTCGGGTCGTT,0,590027
araCp,0.07142857142857142,13,13,CCAGACAAGCCGATGGTTAC,0,597395
araCp,0.07142857142857142,13,13,CCACTTACTAATATCGAGGG,0,601166
araCp,0.07142857142857142,13,13,CCACTATTTGTGTCACCGCA,0,546554
araCp,0.07142857142857142,13,13,CCACCTTCTCTTGCTGAGAC,0,532177
araCp,0.07142857142857142,13,13,CCACCGCGTCATATGACGAC,0,572241
araCp,0.07142857142857142,13,13,CCAATTTACCGAAGTCTGCA,0,588662
araCp,0.07142857142857142,13,13,CCAAAGATCTTAGAGGGAAT,0,532163
araCp,0.07142857142857142,13,13,CATTCTGACCTCAATGATGA,0,602531
araCp,0.07142857142857142,13,13,CATGTCCTAACGTAATCCTC,0,562921
araCp,0.07142857142857142,13,13,CATGGATAGACTCAGTTGTG,0,598053
araCp,0.07142857142857142,13,13,CATGCTTGGACCTTGATGCG,0,551933
araCp,0.07142857142857142,13,13,CATCGGGGTGATATATGCAA,0,538915
araCp,0.07142857142857142,13,13,CATAGGGCGGTCATATTAAA,0,595183
araCp,0.07142857142857142,13,13,CAGTGGTGATAGGGTAAGCG,0,583774
araCp,0.07142857142857142,13,13,CAGTCGTACGGGTCGGCAAA,0,552633
araCp,0.07142857142857142,13,13,CAGGCGACGACACGACAAGA,0,577093
araCp,0.07142857142857142,13,13,CAGCTACACGGGGCTCTAAA,0,595788
araCp,0.07142857142857142,13,13,CAGCAAACACGTCGAGGAAC,0,544839
araCp,0.07142857142857142,13,13,CAGAATACAAAAACAATAAT,0,556471
araCp,0.07142857142857142,13,13,CACTTGGATCTCCATTCTAT,0,585070
araCp,0.07142857142857142,13,13,CACGCACCGCTTAGAGGGCT,0,597730
araCp,0.07142857142857142,13,13,CACCTAATGTATGAGGTGTT,0,542702
araCp,0.07142857142857142,13,13,CACCTAAAAGTCATGGGAGG,0,557876
araCp,0.07142857142857142,13,13,CACCGGAAACGTTCATCGAC,0,558371
araCp,0.07142857142857142,13,13,CACCGACTTGTCGAGTCAAC,0,577665
araCp,0.07142857142857142,13,13,CACCAATCTATGAGGCGATG,0,554811
araCp,0.07142857142857142,13,13,CACAGCTGTGGGATTTATAT,0,572233
araCp,0.07142857142857142,13,13,CACAGCCTGGCCCACGAGGC,0,558439
araCp,0.07142857142857142,13,13,CACAGCCCTTCGTTGCCAGG,0,581471
araCp,0.07142857142857142,13,13,CAATGTTAAGCCGTAAGCAT,0,587784
araCp,0.07142857142857142,13,13,CAATCTGCTCTCGGAGCGTG,0,527500
araCp,0.07142857142857142,13,13,CAATCGTTGACATTGTTCGA,0,546656
araCp,0.07142857142857142,13,13,CAATCGTCCCTGGGTGCGCA,0,569897
araCp,0.07142857142857142,13,13,CAAGGAACCGTCAACTGGAA,0,595351
araCp,0.07142857142857142,13,13,CAACAGTGATCCTGCCTACA,0,562711
araCp,0.07142857142857142,13,13,CAACAGGGGTAATGCTGCAG,0,590846
araCp,0.07142857142857142,13,13,CAAACGTGCTGATGCTGATC,0,573077
araCp,0.07142857142857142,13,13,CAAACGCATAATTACAAGAC,0,567613
araCp,0.07142857142857142,13,13,ATTTTCTGTTTCTCGGAAGC,0,598206
araCp,0.07142857142857142,13,13,ATTTTCCCAGTGCGACATTG,0,563496
araCp,0.07142857142857142,13,13,ATTTCTTGTTTAGGCTTCTT,0,561741
araCp,0.07142857142857142,13,13,ATTTACGAGCGGTTCCTCTT,0,586198
araCp,0.07142857142857142,13,13,ATTTAAATGGTACAGTCAAG,0,581926
araCp,0.07142857142857142,13,13,ATTGTGATGGTACGGCTGTC,0,526270
araCp,0.07142857142857142,13,13,ATTGGTACCCAGTGAAGTGG,0,528664
araCp,0.07142857142857142,13,13,ATTCTTCCGCATAATATGTC,0,560566
araCp,0.07142857142857142,13,13,ATTATCAAGTACAGAGCTAT,0,542203
araCp,0.07142857142857142,13,13,ATTATATTACTCCTCGTTCT,0,536914
araCp,0.07142857142857142,13,13,ATTAGTTTTATGTGCACTGT,0,566652
araCp,0.07142857142857142,13,13,ATTAGCTGTCTTCTAGGCGC,0,555047
araCp,0.07142857142857142,13,13,ATGTTTACTTGACTTAAATG,0,529772
araCp,0.07142857142857142,13,13,ATGTCGCAGCAACTACATTT,0,590893
araCp,0.07142857142857142,13,13,ATGGGGGTCCGCGCTCAAGA,0,598166
araCp,0.07142857142857142,13,13,ATGGACCGTGCGCTGTTAGA,0,560309
araCp,0.07142857142857142,13,13,ATGCTGCAGCTTTGACCTTA,0,577589
araCp,0.07142857142857142,13,13,ATGATGAGTACGTTGATTGT,0,586733
araCp,0.07142857142857142,13,13,ATCTTGCATGGAAGACGAAT,0,540913
araCp,0.07142857142857142,13,13,ATCTAAGTTGCGCGTTGGCC,0,574332
araCp,0.07142857142857142,13,13,ATCGGATACCGATGTGCGAT,0,527442
araCp,0.07142857142857142,13,13,ATCGCGTATGATGACCATAT,0,568746
araCp,0.07142857142857142,13,13,ATCGCAGCTCGCACAGGCGG,0,552204
araCp,0.07142857142857142,13,13,ATCATCGGGTATATTGCCCG,0,541297
araCp,0.07142857142857142,13,13,ATCACAATAGTCTTTCTAAA,0,553772
araCp,0.07142857142857142,13,13,ATCAAGTAGTATCCGCGGGT,0,554828
araCp,0.07142857142857142,13,13,ATATTACTTCGGTGCGTAAT,0,555863
araCp,0.07142857142857142,13,13,ATATGTATCTTAGCACCAGA,0,573181
araCp,0.07142857142857142,13,13,ATATGGGTACGTAGAAGGCG,0,544758
araCp,0.07142857142857142,13,13,ATATGCATATGACGATTCTG,0,527067
araCp,0.07142857142857142,13,13,ATATCACATCCCACTGCCCA,0,532228
araCp,0.07142857142857142,13,13,ATATAGGCTCGTACAGCATA,0,553323
araCp,0.07142857142857142,13,13,ATAGCTTCATTCGGGACCAT,0,534681
araCp,0.07142857142857142,13,13,ATAGCACTTGGCAGATTGCT,0,557881
araCp,0.07142857142857142,13,13,ATAGCACTCTATGGCGGGTA,0,581072
araCp,0.07142857142857142,13,13,ATAGATGGGCTCACTGCTGG,0,535066
araCp,0.07142857142857142,13,13,ATAGACCCCTAAACCCGCGT,0,560409
araCp,0.07142857142857142,13,13,ATACGCGCCGAGGCCTGCCC,0,551312
araCp,0.07142857142857142,13,13,ATACGCCAGTCCTCTGTCTT,0,538385
araCp,0.07142857142857142,13,13,ATACCCCGCTAAAAGGGTAA,0,598077
araCp,0.07142857142857142,13,13,ATAATTTTTGCAGTATGGAT,0,591642
araCp,0.07142857142857142,13,13,AGTTTACAAGGGACCACGGT,0,561877
araCp,0.07142857142857142,13,13,AGTTCAGGAGACTCAGCCAC,0,585990
araCp,0.07142857142857142,13,13,AGTGTTGATGGATTCAACTG,0,557573
araCp,0.07142857142857142,13,13,AGTGGCCCTGATAAGGCGAT,0,535677
araCp,0.07142857142857142,13,13,AGTGGAATTCGGCGTTGATT,0,579676
araCp,0.07142857142857142,13,13,AGTGGAAAGTCCGATCCCCG,0,529419
araCp,0.07142857142857142,13,13,AGTGCTGTAAGCGAATTCTG,0,556858
araCp,0.07142857142857142,13,13,AGTGAGTTAATTAAGGGCCA,0,547400
araCp,0.07142857142857142,13,13,AGTCTCACAGCTTCCTCGGT,0,530689
araCp,0.07142857142857142,13,13,AGTCTAGTACCAGACGGCTT,0,548956
araCp,0.07142857142857142,13,13,AGTCGGCTTTTGCTGAGAAA,0,580476
araCp,0.07142857142857142,13,13,AGTCCCTCTATAGAAGGTAA,0,532069
araCp,0.07142857142857142,13,13,AGTCACAACTTCTCGACTAA,0,557974
araCp,0.07142857142857142,13,13,AGTAGTGATCCAAAAAGCTA,0,566482
araCp,0.07142857142857142,13,13,AGTACAGGCAGGCCCAGTAC,0,593506
araCp,0.07142857142857142,13,13,AGTAATTACCCTGACGGACG,0,576520
araCp,0.07142857142857142,13,13,AGTAAGCTTTCAGCCCGTAG,0,545997
araCp,0.07142857142857142,13,13,AGGTAGCTTGGATTAGATAC,0,539624
araCp,0.07142857142857142,13,13,AGGGTTTCTTCTAACATTGG,0,557466
araCp,0.07142857142857142,13,13,AGGGGGTGAAGACTGGACTT,0,557938
araCp,0.07142857142857142,13,13,AGGGGAACGGGCACGCTCGA,0,557358
araCp,0.07142857142857142,13,13,AGGGCTGTCGCAGGTCGTTA,0,568382
araCp,0.07142857142857142,13,13,AGGGCCTTAGCCTTCCGTGT,0,576082
araCp,0.07142857142857142,13,13,AGGGCCGAAGCTGTACGAAC,0,600083
araCp,0.07142857142857142,13,13,AGGGCCAGGGTCGAATCTGG,0,562115
araCp,0.07142857142857142,13,13,AGGGAATCAGTGTTTATCCC,0,554226
araCp,0.07142857142857142,13,13,AGGCTGCATTGGATCAGATC,0,542670
araCp,0.07142857142857142,13,13,AGGCATTTGTTTGGTAAAGG,0,534550
araCp,0.07142857142857142,13,13,AGGCAGACTTCTTAGGTTGT,0,527076
araCp,0.07142857142857142,13,13,AGGAGATTCAGACGCCGGCA,0,602460
araCp,0.07142857142857142,13,13,AGGAGATTACCTTGAGGGAC,0,532881
araCp,0.07142857142857142,13,13,AGGAGAGTGCGGGCTTGGGC,0,579880
araCp,0.07142857142857142,13,13,AGGACCAGGCAGAGTGAACT,0,564660
araCp,0.07142857142857142,13,13,AGCTTTAACCCAGGAGCACT,0,598646
araCp,0.07142857142857142,13,13,AGCTTTAAATTGCTTCAATA,0,535687
araCp,0.07142857142857142,13,13,AGCTTGGGGGATAGTTCACA,0,589262
araCp,0.07142857142857142,13,13,AGCTCTGCGATGGAAGCCAT,0,595786
araCp,0.07142857142857142,13,13,AGCGCGAGCATCTGGCCAGA,0,530730
araCp,0.07142857142857142,13,13,AGCGCGACTGAGCGGGGGAC,0,552170
araCp,0.07142857142857142,13,13,AGCCAGTCGTTATTTAACTT,0,576083
araCp,0.07142857142857142,13,13,AGCCAAAGTAGGTCCAAACG,0,576190
araCp,0.07142857142857142,13,13,AGCAACCCACTGCATAGTGT,0,574739
araCp,0.07142857142857142,13,13,AGATTGCAACCCCCGTGCAA,0,543709
araCp,0.07142857142857142,13,13,AGATTAAGTATGCCCATTAG,0,580921
araCp,0.07142857142857142,13,13,AGATTAAAGGACACATTAAA,0,533974
araCp,0.07142857142857142,13,13,AGAAGGAATACCCCGCGGGT,0,561195
araCp,0.07142857142857142,13,13,ACTTTACGAGTAATAGATAG,0,579971
araCp,0.07142857142857142,13,13,ACTTGAAATTCGGTGCATGC,0,558902
araCp,0.07142857142857142,13,13,ACTCCTACATCTAATGAAGG,0,543769
araCp,0.07142857142857142,13,13,ACTCCGTGGTGGTTGCCGAC,0,583456
araCp,0.07142857142857142,13,13,ACTAGCACAGACGGGGACGA,0,599166
araCp,0.07142857142857142,13,13,ACGTTGTGTCAGTATCACCA,0,567723
araCp,0.07142857142857142,13,13,ACGTTCTGGCGTGTCCCCAT,0,582056
araCp,0.07142857142857142,13,13,ACGTGCAACATTGTAAGCGA,0,574692
araCp,0.07142857142857142,13,13,ACGTCAACGCCGGATTAAGT,0,562512
araCp,0.07142857142857142,13,13,ACGTAGATTGTGGGACGACC,0,543606
araCp,0.07142857142857142,13,13,ACGTAATCTTATGCAGGCAT,0,586637
araCp,0.07142857142857142,13,13,ACGGTCGATATCCGTGAACC,0,572165
araCp,0.07142857142857142,13,13,ACGGTCATTTGGAAGTCACT,0,579212
araCp,0.07142857142857142,13,13,ACGGTAAGTGATAATCTCTA,0,547225
araCp,0.07142857142857142,13,13,ACGGCATGCGGGGGTCGTCC,0,536679
araCp,0.07142857142857142,13,13,ACGCGGCTCCCGTATGTTTC,0,540026
araCp,0.07142857142857142,13,13,ACGCCTCGGGTTCAAGCAGC,0,589258
araCp,0.07142857142857142,13,13,ACGCCATCTGAAATGAAGAA,0,600790
araCp,0.07142857142857142,13,13,ACGATCGTACGGAAGTTCAC,0,559770
araCp,0.07142857142857142,13,13,ACGATAAGTTGGTGTAAAGC,0,598327
araCp,0.07142857142857142,13,13,ACGAGATCCCACAAGCTGAG,0,591820
araCp,0.07142857142857142,13,13,ACCTCAGCCCTGTCTGACTG,0,538039
araCp,0.07142857142857142,13,13,ACCTATTGGGTTAGGGTGCA,0,572189
araCp,0.07142857142857142,13,13,ACCCGTTAGGCTTGATAAGT,0,559660
araCp,0.07142857142857142,13,13,ACCCAGTCCTCCGCGGTGTA,0,586589
araCp,0.07142857142857142,13,13,ACCCACGTTATTGTCAAATC,0,576459
araCp,0.07142857142857142,13,13,ACCAATACAGCCCATATTCG,0,559266
araCp,0.07142857142857142,13,13,ACAGTAGGCTGAATCGTGTC,0,584254
araCp,0.07142857142857142,13,13,ACACGTCGCTACGTAGATCC,0,574229
araCp,0.07142857142857142,13,13,ACACGGAGAGGGTATTGATT,0,574286
araCp,0.07142857142857142,13,13,ACACCTAGACAGGGTATATA,0,563139
araCp,0.07142857142857142,13,13,ACAATTTGGTCAAATGGTCT,0,555692
araCp,0.07142857142857142,13,13,ACAAACTGCGCAGGAAAGGT,0,596415
araCp,0.07142857142857142,13,13,AATTGAAGTTAGAAAAAGTT,0,572008
araCp,0.07142857142857142,13,13,AATTCATGATGCCTATCGGT,0,578816
araCp,0.07142857142857142,13,13,AATTATTACGGTTGGCCGTT,0,573964
araCp,0.07142857142857142,13,13,AATGTCTTAGGAAGATAGTT,0,579570
araCp,0.07142857142857142,13,13,AATGCCGAGCACGCAACGTC,0,559041
araCp,0.07142857142857142,13,13,AATGAGGCCTGAACTTCGAA,0,597830
araCp,0.07142857142857142,13,13,AATCTAGTTTTCATTCGAAA,0,541737
araCp,0.07142857142857142,13,13,AATATTTCCTGGAACCCCAT,0,580108
araCp,0.07142857142857142,13,13,AATAGGTGATCCTGCGGAAG,0,583539
araCp,0.07142857142857142,13,13,AATACTGGCCGGTTCTGTTC,0,580343
araCp,0.07142857142857142,13,13,AATACGGTGTAGCAAAACAA,0,547336
araCp,0.07142857142857142,13,13,AAGTCCTAGGCCTTACATCA,0,580421
araCp,0.07142857142857142,13,13,AAGTATACGTCCGAGGCCAT,0,589554
araCp,0.07142857142857142,13,13,AAGTAGAAGTACGTGAGTAT,0,569002
araCp,0.07142857142857142,13,13,AAGGTCAGGTTATCTGTCAC,0,545309
araCp,0.07142857142857142,13,13,AAGGGTTCGAGGGCCATAGG,0,583060
araCp,0.07142857142857142,13,13,AAGGGTACCTTAAGTAGCGG,0,583185
araCp,0.07142857142857142,13,13,AAGGGCGCCATGGTTACGCA,0,551252
araCp,0.07142857142857142,13,13,AAGGAGATATGTCTAGCCGG,0,545242
araCp,0.07142857142857142,13,13,AAGCCGATGGTTACCCCAGT,0,551613
araCp,0.07142857142857142,13,13,AAGCATCGAAGTTACCTATC,0,545001
araCp,0.07142857142857142,13,13,AACTTTCGATGTCAGCAGGG,0,526567
araCp,0.07142857142857142,13,13,AACTACTATTCGCGATGTAA,0,599896
araCp,0.07142857142857142,13,13,AACGTTGGCAGGTGCCGCTC,0,545651
araCp,0.07142857142857142,13,13,AACGGTGACACCGAGCTGGC,0,593589
araCp,0.07142857142857142,13,13,AACAGCTAGATTGGAACTCG,0,601104
araCp,0.07142857142857142,13,13,AAATATTTGGACTGAAAGAG,0,555299
araCp,0.07142857142857142,13,13,AAAGAATAGTGAAGGCCCGG,0,555375
araCp,0.07142857142857142,13,13,AAACAAGGGTGTACCCGCGC,0,593172
araCp,0.07142857142857142,13,13,AAACAACGATTCTGCAACTA,0,572731
araCp,0.07692307692307693,12,12,TTTTTCTGGTCCAGGTCCCA,0,531947
araCp,0.07692307692307693,12,12,TTTTAGGGAACCGACCCGGT,0,550695
araCp,0.07692307692307693,12,12,TTTTAACCGTGCTGATATCT,0,541095
araCp,0.07692307692307693,12,12,TTTGTGCAGTCAAACCTCCT,0,553593
araCp,0.07692307692307693,12,12,TTTGGAACAGGACGGCGTAT,0,603574
araCp,0.07692307692307693,12,12,TTTGCGCCGGAATAATACAT,0,564950
araCp,0.07692307692307693,12,12,TTTCTGGCCGAAGCAATAGC,0,537908
araCp,0.07692307692307693,12,12,TTTCGGTAGATGGGGGTTGA,0,533206
araCp,0.07692307692307693,12,12,TTTCGACTACCCATGGGAGG,0,581579
araCp,0.07692307692307693,12,12,TTTCCTCCGTATAGGATTCC,0,536038
araCp,0.07692307692307693,12,12,TTTCCGAAGCACTGTGATCT,0,570873
araCp,0.07692307692307693,12,12,TTTCACATCATCGAATGGCC,0,549853
araCp,0.07692307692307693,12,12,TTTATTAACGTACAAAAGTT,0,556135
araCp,0.07692307692307693,12,12,TTTATGCCGAGCCCTTTGGA,0,595957
araCp,0.07692307692307693,12,12,TTTATAAGCACAGGTCGTGC,0,547657
araCp,0.07692307692307693,12,12,TTTACTTTGTAACGGCAAAC,0,583065
araCp,0.07692307692307693,12,12,TTTACGGCTTTCATCCAAAA,0,597630
araCp,0.07692307692307693,12,12,TTTAACGGTCCCAATTGTCA,0,540279
araCp,0.07692307692307693,12,12,TTGTTTCACGTACGTTAGAT,0,538250
araCp,0.07692307692307693,12,12,TTGTGGACTGCTCTGTGCGC,0,541513
araCp,0.07692307692307693,12,12,TTGTCGGACGGCGACATGTC,0,590342
araCp,0.07692307692307693,12,12,TTGGCTACGCTAAAATGCGT,0,594212
araCp,0.07692307692307693,12,12,TTGGCGTTGTTAGTCCGCGA,0,559444
araCp,0.07692307692307693,12,12,TTGGCACTTCTAACTATCCA,0,526893
araCp,0.07692307692307693,12,12,TTCTCACAGAATAGAAGAAC,0,582266
araCp,0.07692307692307693,12,12,TTCGCCACGGTATGGAGCAT,0,571897
araCp,0.07692307692307693,12,12,TTCCTCGTGGTCTACCCTAA,0,554940
araCp,0.07692307692307693,12,12,TTCCCGCGAGAGGAAAGAGG,0,546893
araCp,0.07692307692307693,12,12,TTCCACGAGAGTACGTGGAA,0,544828
araCp,0.07692307692307693,12,12,TTCACTGTACCTAAATTAAT,0,572118
araCp,0.07692307692307693,12,12,TTCAATAAGTAAGATAGCGG,0,591511
araCp,0.07692307692307693,12,12,TTATTTTTTAATCAGTCATC,0,560279
araCp,0.07692307692307693,12,12,TTATTGCCGGAGGAGGTAGC,0,603400
araCp,0.07692307692307693,12,12,TTATCGATCAACGTTTACAT,0,529636
araCp,0.07692307692307693,12,12,TTATACATCGCCTCCAAGCA,0,549553
araCp,0.07692307692307693,12,12,TTACCGACGAGTTACACAGA,0,603239
araCp,0.07692307692307693,12,12,TTACCCGAGGCCGAAGGCGT,0,553301
araCp,0.07692307692307693,12,12,TTAATCCAGAGATCTGGGGT,0,580061
araCp,0.07692307692307693,12,12,TTAATATGGTGTTTGAGTTG,0,555199
araCp,0.07692307692307693,12,12,TTAAATCTGCCAGCGTTCTC,0,526136
araCp,0.07692307692307693,12,12,TGTTTGTAAACGAGCGCCAT,0,583510
araCp,0.07692307692307693,12,12,TGTTTCCCGGGACTTGAAAA,0,534357
araCp,0.07692307692307693,12,12,TGTTGTGCGCCAGTACAACT,0,564007
araCp,0.07692307692307693,12,12,TGTTGTCCGGAACTCATTTG,0,563550
araCp,0.07692307692307693,12,12,TGTTCTCTACCGGTGACTCG,0,585410
araCp,0.07692307692307693,12,12,TGTTCTCGTCAAAATCCGGG,0,537709
araCp,0.07692307692307693,12,12,TGTGCTCATGGAAGTCCCGA,0,587730
araCp,0.07692307692307693,12,12,TGTGCTAGAGGTCTCTGTTA,0,555491
araCp,0.07692307692307693,12,12,TGTGCGATTTCCTTAATGAT,0,563395
araCp,0.07692307692307693,12,12,TGTGATGTCTGTCACCTTTT,0,584045
araCp,0.07692307692307693,12,12,TGTCTCCCAAGCGCCCATTG,0,579698
araCp,0.07692307692307693,12,12,TGTCACTGTCTCGCATATCA,0,590339
araCp,0.07692307692307693,12,12,TGTAGATTCCAAGTATCGCG,0,582150
araCp,0.07692307692307693,12,12,TGTAGAAGCGGAGACGAGCG,0,602735
araCp,0.07692307692307693,12,12,TGTACTCAGCACCACATAGA,0,550100
araCp,0.07692307692307693,12,12,TGTACGTACCATATAATCTT,0,549180
araCp,0.07692307692307693,12,12,TGTACGCCGGGTCACAGACA,0,562599
araCp,0.07692307692307693,12,12,TGGTCATTGACCAACAGATT,0,555812
araCp,0.07692307692307693,12,12,TGGGGTGTCCGGCAAATAAA,0,568623
araCp,0.07692307692307693,12,12,TGGGGTGACACGGAGGCAGG,0,561603
araCp,0.07692307692307693,12,12,TGGGGCATTAGTTCCTTTCG,0,556174
araCp,0.07692307692307693,12,12,TGGGCCTTAGACAACTACAG,0,557734
araCp,0.07692307692307693,12,12,TGGGCATGTGGGCACGTTAC,0,569334
araCp,0.07692307692307693,12,12,TGGCAGATTCGGATGACGGC,0,599295
araCp,0.07692307692307693,12,12,TGGCAAACTACCGCCTACTT,0,592203
araCp,0.07692307692307693,12,12,TGGACGGCGCTGAACTATAC,0,568747
araCp,0.07692307692307693,12,12,TGGAATTCGATAGTATACTG,0,572893
araCp,0.07692307692307693,12,12,TGGAACTTTTGCTCGGTTTC,0,560155
araCp,0.07692307692307693,12,12,TGCTGGTCCGCCGCCGATGA,0,549904
araCp,0.07692307692307693,12,12,TGCTGACATCGGTATGCAAA,0,554826
araCp,0.07692307692307693,12,12,TGCTACCCCGCGCAGCTCGC,0,544320
araCp,0.07692307692307693,12,12,TGCGGTCCATTGCAAGAGAT,0,599252
araCp,0.07692307692307693,12,12,TGCGGCGGTTCGCGGTGGGG,0,549363
araCp,0.07692307692307693,12,12,TGCGACTCCTAGGAGATAAA,0,600813
araCp,0.07692307692307693,12,12,TGCCGCCGCCAGACAATTTT,0,587116
araCp,0.07692307692307693,12,12,TGCAGCTTAGGCGGTACTCG,0,599181
araCp,0.07692307692307693,12,12,TGCAGATACCATCGGAAGAC,0,556271
araCp,0.07692307692307693,12,12,TGCACTAAAGCGGTATAAAC,0,594591
araCp,0.07692307692307693,12,12,TGCAATGAATAAAGTCCTTT,0,570357
araCp,0.07692307692307693,12,12,TGATGCGGCAGGAGCAGGGT,0,601904
araCp,0.07692307692307693,12,12,TGATGACTTGTCGCGTGGGA,0,547344
araCp,0.07692307692307693,12,12,TGATAAATCGAGCGTAAGAA,0,525693
araCp,0.07692307692307693,12,12,TGAGGGTTCCCGCCGCTCGC,0,537440
araCp,0.07692307692307693,12,12,TGAGCTTCTCACGGGCACAC,0,587334
araCp,0.07692307692307693,12,12,TGACGTTCTCCCCCAGTCAT,0,573062
araCp,0.07692307692307693,12,12,TGACCGCCGAAATTCCCGCT,0,550150
araCp,0.07692307692307693,12,12,TGACCGCCCGGTCTGAGCTC,0,540476
araCp,0.07692307692307693,12,12,TGAACCGAATAAGCCGGCAT,0,575765
araCp,0.07692307692307693,12,12,TCTTTCCATTACGGTGGAAC,0,549260
araCp,0.07692307692307693,12,12,TCTTTCACCAATAATGGAGC,0,530749
araCp,0.07692307692307693,12,12,TCTTGTTAAAATCTTACTCA,0,536095
araCp,0.07692307692307693,12,12,TCTGCGGTGCTTGCTATGAC,0,582792
araCp,0.07692307692307693,12,12,TCTGCGAGTAGGTAAAATAC,0,527313
araCp,0.07692307692307693,12,12,TCTCTAACAGTGGTATCTAG,0,594680
araCp,0.07692307692307693,12,12,TCTCAGACCGGCCGCCTCCG,0,594383
araCp,0.07692307692307693,12,12,TCTATCAAGATGACCCAGCC,0,549899
araCp,0.07692307692307693,12,12,TCTAGACCAGAGGTTAGGCT,0,592995
araCp,0.07692307692307693,12,12,TCGTTGTTAGCGAGCAGATA,0,556479
araCp,0.07692307692307693,12,12,TCGTTGCGCTCTTTCTCAGT,0,580098
araCp,0.07692307692307693,12,12,TCGTAATAAGAAAACCCGGT,0,584306
araCp,0.07692307692307693,12,12,TCGGTTTCGTCGAGTTACCA,0,576675
araCp,0.07692307692307693,12,12,TCGGGTTTGGTACTTCCAGG,0,575758
araCp,0.07692307692307693,12,12,TCGGGTGGAGCGGTCGCACT,0,593253
araCp,0.07692307692307693,12,12,TCGGGGGACCGAGAAAGAGA,0,602294
araCp,0.07692307692307693,12,12,TCGGCTGCTTTGAGCAGTTA,0,545800
araCp,0.07692307692307693,12,12,TCGGATATCCGGGACCTAAC,0,599810
araCp,0.07692307692307693,12,12,TCGGAGAGAATATCAGACCA,0,583494
araCp,0.07692307692307693,12,12,TCGCGATACCCCCATTCAAT,0,542513
araCp,0.07692307692307693,12,12,TCGCCATATGGGGTTCTTCA,0,546968
araCp,0.07692307692307693,12,12,TCGCATACTAGGCAAGACAT,0,561495
araCp,0.07692307692307693,12,12,TCGCAGCGAAATAAAGATTT,0,595850
araCp,0.07692307692307693,12,12,TCGATAAAGGGTCCGCCAGC,0,554223
araCp,0.07692307692307693,12,12,TCGAGTCCTATGAGACTATA,0,545324
araCp,0.07692307692307693,12,12,TCGAGGTTTACCTCGCGTCA,0,532425
araCp,0.07692307692307693,12,12,TCCTTAATGTACCACTCGTT,0,570016
araCp,0.07692307692307693,12,12,TCCGTTTGCAAGCGGAGGTA,0,595925
araCp,0.07692307692307693,12,12,TCCGAAGGGGGTTTCCGTCA,0,555438
araCp,0.07692307692307693,12,12,TCCCTAGTGTGATAAATTGT,0,574699
araCp,0.07692307692307693,12,12,TCCCGCCCCGCTAACGTAGC,0,593437
araCp,0.07692307692307693,12,12,TCCAGTTCCCCGCGAGGGAT,0,595064
araCp,0.07692307692307693,12,12,TCCAGCAATGATTGATAGTT,0,564483
araCp,0.07692307692307693,12,12,TCCAAGGTTTGGTATTTTGG,0,561840
araCp,0.07692307692307693,12,12,TCATACCATCCCTTCTGAAT,0,565610
araCp,0.07692307692307693,12,12,TCAGGTTCGCCTTAACCCAT,0,583838
araCp,0.07692307692307693,12,12,TCAGGTATGCCAGTCCGCGC,0,578244
araCp,0.07692307692307693,12,12,TCAGGGTGTGCAGCTCAAAA,0,534381
araCp,0.07692307692307693,12,12,TCAGGGCATTCTGTTCGAGC,0,547103
araCp,0.07692307692307693,12,12,TCAGCGGACGGCGCTCGATA,0,561045
araCp,0.07692307692307693,12,12,TCAGATCTAGCGTATCTTCC,0,539473
araCp,0.07692307692307693,12,12,TCAATTTGGGCTATCGTCTC,0,537043
araCp,0.07692307692307693,12,12,TCAAATGTGGCTGTGCACTG,0,554780
araCp,0.07692307692307693,12,12,TCAAATATGCTTATGTGGTA,0,583807
araCp,0.07692307692307693,12,12,TCAAAACCTCTAAGGAGAAA,0,556650
araCp,0.07692307692307693,12,12,TATTTGGAGGTCCAGTGAGT,0,529978
araCp,0.07692307692307693,12,12,TATTTATATACTTCATAACG,0,550274
araCp,0.07692307692307693,12,12,TATTGGGTATACGTTTGGAG,0,578490
araCp,0.07692307692307693,12,12,TATTACGATAGAATTCCAAT,0,600238
araCp,0.07692307692307693,12,12,TATGGGTTTTGTGAGGCATA,0,537510
araCp,0.07692307692307693,12,12,TATGCGAACATCTACATGCC,0,573321
araCp,0.07692307692307693,12,12,TAGTTTACATCCTTCTGTAC,0,537175
araCp,0.07692307692307693,12,12,TAGCCCAGGTTTCGCGTAGT,0,562453
araCp,0.07692307692307693,12,12,TAGCAGAAGTCGTTCGATGT,0,566515
araCp,0.07692307692307693,12,12,TAGCAAGAAAACCGGAAGCA,0,555059
araCp,0.07692307692307693,12,12,TAGAGTTGCCAGAGCCTAGT,0,561109
araCp,0.07692307692307693,12,12,TAGAGCAATATTGAGATCTT,0,562731
araCp,0.07692307692307693,12,12,TAGACTGTAGTGCTTAGACA,0,580419
araCp,0.07692307692307693,12,12,TAGAACACTAGGGTGGTTTA,0,578794
araCp,0.07692307692307693,12,12,TAGAAAATTCCGGATGCGCT,0,570101
araCp,0.07692307692307693,12,12,TACTTTAGCTCATGCGCAAG,0,593921
araCp,0.07692307692307693,12,12,TACTGGGCAATACGGCATTA,0,562824
araCp,0.07692307692307693,12,12,TACGGGTATGAACCGTTAGC,0,553500
araCp,0.07692307692307693,12,12,TACGGGATTAGTTGAGACCA,0,531640
araCp,0.07692307692307693,12,12,TACGATACGATGCTGTCTAT,0,546075
araCp,0.07692307692307693,12,12,TACCGACTGTTTCAATCTCG,0,583241
araCp,0.07692307692307693,12,12,TAATGGTGTACAAACGTAAT,0,543365
araCp,0.07692307692307693,12,12,TAATGCATGATGTGATAAGA,0,540701
araCp,0.07692307692307693,12,12,TAATGCAGCGCACCACAATT,0,531703
araCp,0.07692307692307693,12,12,TAATCTCTAGATATATTCAG,0,577801
araCp,0.07692307692307693,12,12,TAAGTAGCCCACCTCAGAAA,0,560457
araCp,0.07692307692307693,12,12,TAAGATCATAACGTACGCGC,0,584840
araCp,0.07692307692307693,12,12,TAAGATAGCAATCTCCCCTA,0,529157
araCp,0.07692307692307693,12,12,TAACTGCGGCGCATCGTGGA,0,547314
araCp,0.07692307692307693,12,12,TAACTCCGAGTAGCGCGAGA,0,527213
araCp,0.07692307692307693,12,12,TAAATTCCGTCTAGCGTCAG,0,558756
araCp,0.07692307692307693,12,12,TAAATGAATCATCCAGGTGC,0,552989
araCp,0.07692307692307693,12,12,TAAAGTGTACTTAGCTACAA,0,529633
araCp,0.07692307692307693,12,12,TAAAGCGCTGGGTCTCTTTT,0,586544
araCp,0.07692307692307693,12,12,GTTTTCTGTAAGCGGTGGCG,0,553417
araCp,0.07692307692307693,12,12,GTTTCCCCACCCGCGAAGGC,0,546492
araCp,0.07692307692307693,12,12,GTTGCCTTGAACTCGACTGT,0,555349
araCp,0.07692307692307693,12,12,GTTCGATCAGAATGTCACGA,0,585870
araCp,0.07692307692307693,12,12,GTTCAGCTAGGAACGGTTCT,0,582457
araCp,0.07692307692307693,12,12,GTTAGCTAACTGATCGCATT,0,559315
araCp,0.07692307692307693,12,12,GTTAATACGATTACTCGGAC,0,595535
araCp,0.07692307692307693,12,12,GTGTTGGAGATTGAGTTACT,0,569890
araCp,0.07692307692307693,12,12,GTGTTCCACGAACCTGACGG,0,540609
araCp,0.07692307692307693,12,12,GTGTGAGTTATACCGAAAGT,0,576525
araCp,0.07692307692307693,12,12,GTGTAAGGTAGACAGCGCGA,0,582230
araCp,0.07692307692307693,12,12,GTGGGCAAACGGGTGTTAGT,0,580898
araCp,0.07692307692307693,12,12,GTGGAGCGCTTTCAGGGCAT,0,537503
araCp,0.07692307692307693,12,12,GTGCTTGACGACATTTTACA,0,525569
araCp,0.07692307692307693,12,12,GTGCGATGGCTGGCGGCTCG,0,538853
araCp,0.07692307692307693,12,12,GTGCCTCCATTCAAAAAGGG,0,570860
araCp,0.07692307692307693,12,12,GTGATTGCGACTGTCGGTTC,0,571895
araCp,0.07692307692307693,12,12,GTGATATCGGTATGGCGGGG,0,531974
araCp,0.07692307692307693,12,12,GTGACGTTAAAGTATGGATT,0,529413
araCp,0.07692307692307693,12,12,GTCTTGTGTTCACCGAATCC,0,573429
araCp,0.07692307692307693,12,12,GTCTGTAAAATCCCAAGAAA,0,533202
araCp,0.07692307692307693,12,12,GTCTAGTCGCACATTGTTCC,0,592216
araCp,0.07692307692307693,12,12,GTCGTTTGCGAGACGGGGCA,0,587109
araCp,0.07692307692307693,12,12,GTCGTTACATGTCCCACTCG,0,554694
araCp,0.07692307692307693,12,12,GTCGGTAATGATCAGGCCAC,0,556356
araCp,0.07692307692307693,12,12,GTCGGATAGATAAGGACGTA,0,565601
araCp,0.07692307692307693,12,12,GTCGCTGTATAGTGGGCAAT,0,554779
araCp,0.07692307692307693,12,12,GTCCGTCAACGACTGGACGG,0,596590
araCp,0.07692307692307693,12,12,GTCCATGATTAATGTGTACA,0,559987
araCp,0.07692307692307693,12,12,GTAGGCCAAAAGCCTTATAC,0,527019
araCp,0.07692307692307693,12,12,GTAGCCTAGTCCCCGAGTGT,0,554781
araCp,0.07692307692307693,12,12,GTAGATTCAACGGCCGCCGA,0,577193
araCp,0.07692307692307693,12,12,GTAGAACAGCAGATTGCGAC,0,598028
araCp,0.07692307692307693,12,12,GTACTAAGCGTTTAAGTGCC,0,555281
araCp,0.07692307692307693,12,12,GTAAAAGTAGGTTCGTATGT,0,546692
araCp,0.07692307692307693,12,12,GGTTTGGCGCAGCTTTCAAT,0,585296
araCp,0.07692307692307693,12,12,GGTGGCATCATGGCCTGAAT,0,543412
araCp,0.07692307692307693,12,12,GGTCTAGCATGGTTATTATC,0,579300
araCp,0.07692307692307693,12,12,GGTCGTTCTAACATTCGAGG,0,531381
araCp,0.07692307692307693,12,12,GGTCCACTGCGTGACGCATA,0,554064
araCp,0.07692307692307693,12,12,GGTCATAAACCTAAAATTCC,0,584695
araCp,0.07692307692307693,12,12,GGTATTCACTGCATTGGTCG,0,569481
araCp,0.07692307692307693,12,12,GGTACACGGTGGTCTTGTAA,0,584901
araCp,0.07692307692307693,12,12,GGTAATTACATGACTGCTTG,0,580481
araCp,0.07692307692307693,12,12,GGGTGAGGGGACCGCTGAGG,0,573571
araCp,0.07692307692307693,12,12,GGGTCTATACTACTGGTCTT,0,575180
araCp,0.07692307692307693,12,12,GGGTCCTCAACTATTGAGAA,0,527249
araCp,0.07692307692307693,12,12,GGGGTGGTCGTCCAGCTAAC,0,537628
araCp,0.07692307692307693,12,12,GGGGGCATTGCTCGTCCTGT,0,563808
araCp,0.07692307692307693,12,12,GGGGCTCACATCCTTTTATT,0,546325
araCp,0.07692307692307693,12,12,GGGGCAGAAGGGACATGGAT,0,591168
araCp,0.07692307692307693,12,12,GGGCCTGTGGCAGCGAGCTT,0,578445
araCp,0.07692307692307693,12,12,GGGCCGGCCGCGTATTTCGC,0,529745
araCp,0.07692307692307693,12,12,GGGAGTCTGAGTTTCATTAC,0,574533
araCp,0.07692307692307693,12,12,GGGAGTCGAATAATGGAGCT,0,545207
araCp,0.07692307692307693,12,12,GGCTAAGTCTGCTCATACGC,0,527562
araCp,0.07692307692307693,12,12,GGCCTTGTTTTCCTCAAACT,0,554668
araCp,0.07692307692307693,12,12,GGCCGTAAAGACTCTAGAAC,0,593712
araCp,0.07692307692307693,12,12,GGCCCCCCAGTTATCGTCGT,0,575046
araCp,0.07692307692307693,12,12,GGCCACAGGGCGCGCTGATG,0,588670
araCp,0.07692307692307693,12,12,GGCATTCTGGAGTTTCACTG,0,591551
araCp,0.07692307692307693,12,12,GGCATGCCTGTTATCTACTC,0,579731
araCp,0.07692307692307693,12,12,GGCATCCGACTAGCACATTC,0,586640
araCp,0.07692307692307693,12,12,GGCATAGTTTAAGCAATTCT,0,567457
araCp,0.07692307692307693,12,12,GGCAGAATACACAGAGCTTC,0,574885
araCp,0.07692307692307693,12,12,GGCAATTCGGGACCATGAGA,0,600062
araCp,0.07692307692307693,12,12,GGCAAGCGCACCGGAGCACG,0,526427
araCp,0.07692307692307693,12,12,GGATTTAGGGTTTTGCACTG,0,546393
araCp,0.07692307692307693,12,12,GGATGTTTCGAGTTGCGAAG,0,567446
araCp,0.07692307692307693,12,12,GGATACCTTACCTGAACGAG,0,579630
araCp,0.07692307692307693,12,12,GGAGGTAGTTGACAGTCCCG,0,599344
araCp,0.07692307692307693,12,12,GGAGGCTGGGCACCCGGTTA,0,590780
araCp,0.07692307692307693,12,12,GGACGTTATGGTCCGAATCC,0,583156
araCp,0.07692307692307693,12,12,GGACCTGCGCGAGGTAGGAT,0,595889
araCp,0.07692307692307693,12,12,GGACCCACGTGCTCGGTGTA,0,556323
araCp,0.07692307692307693,12,12,GGAATCCTCGGACGGTTGTC,0,555341
araCp,0.07692307692307693,12,12,GGAATAAAGTTGTCTGTAGA,0,585642
araCp,0.07692307692307693,12,12,GCTTTTCGCATATAGCTCTA,0,575462
araCp,0.07692307692307693,12,12,GCTTCACTAAGTCTGAGAGG,0,525973
araCp,0.07692307692307693,12,12,GCTGAGAAATAACGACCCGT,0,564670
araCp,0.07692307692307693,12,12,GCTCTGGGTTCGCGAAAAGT,0,565998
araCp,0.07692307692307693,12,12,GCTCCAAAGAGTTCCTTGTG,0,555690
araCp,0.07692307692307693,12,12,GCTCAGGGCCGTCAGGTGAT,0,534201
araCp,0.07692307692307693,12,12,GCTATCAGGACCTCTGGCGC,0,554178
araCp,0.07692307692307693,12,12,GCTACCGCGAGCATGCGGCT,0,545139
araCp,0.07692307692307693,12,12,GCGTTGCAGGACGTTTGTGA,0,558938
araCp,0.07692307692307693,12,12,GCGTGTAGGGATAAAGGGGA,0,542191
araCp,0.07692307692307693,12,12,GCGTCTTTTAATGGGGCGAC,0,529145
araCp,0.07692307692307693,12,12,GCGGGTCAACGTCAAAGGCG,0,588338
araCp,0.07692307692307693,12,12,GCGGGGACGGGGAGCCCTAA,0,565946
araCp,0.07692307692307693,12,12,GCGGGCGCGTGACACCTCTG,0,551092
araCp,0.07692307692307693,12,12,GCGGGAGTGGTCGCCAAGAC,0,575468
araCp,0.07692307692307693,12,12,GCGGCGTGGCCACCTTACGA,0,535069
araCp,0.07692307692307693,12,12,GCGGCGACTCGAGCGGAGAT,0,578366
araCp,0.07692307692307693,12,12,GCGCCCCTTTTATACTGTCA,0,553155
araCp,0.07692307692307693,12,12,GCGATTAGCTCTTTCTCTAG,0,527223
araCp,0.07692307692307693,12,12,GCGAGAGAGAAGCACGTGTT,0,562296
araCp,0.07692307692307693,12,12,GCGACCCAAACTCATCCAAG,0,532316
araCp,0.07692307692307693,12,12,GCCTCGTACTCGGATTCTCA,0,550193
araCp,0.07692307692307693,12,12,GCCTCGCAAGTACTTGGGTG,0,563674
araCp,0.07692307692307693,12,12,GCCTACGGATTCAGCGAGGG,0,538815
araCp,0.07692307692307693,12,12,GCCGCTAGGTCCTGATATAT,0,584625
araCp,0.07692307692307693,12,12,GCCATATACGCCATCTTCGC,0,600317
araCp,0.07692307692307693,12,12,GCATTGTACGGGTTGAGGTT,0,586806
araCp,0.07692307692307693,12,12,GCATTGGTACGTACATATGC,0,593333
araCp,0.07692307692307693,12,12,GCATTGACTACTACATTCGA,0,542591
araCp,0.07692307692307693,12,12,GCATGGAGGCCTGTGATCGT,0,538977
araCp,0.07692307692307693,12,12,GCATCGTTGCTACCCCGGAC,0,598617
araCp,0.07692307692307693,12,12,GCAGTAGGTCGGGACAGTTT,0,586157
araCp,0.07692307692307693,12,12,GCAGGGATCCTCACTCTGCA,0,537716
araCp,0.07692307692307693,12,12,GCAGGCGACCACGGCGAAAG,0,583574
araCp,0.07692307692307693,12,12,GCACAGCCACGTATGATTGA,0,576462
araCp,0.07692307692307693,12,12,GCAATATCAGGAACTCGAGC,0,533348
araCp,0.07692307692307693,12,12,GCAAGTGGCTAACCTGTTAA,0,532317
araCp,0.07692307692307693,12,12,GCAACCTCGATGGCAAGAGT,0,562412
araCp,0.07692307692307693,12,12,GCAACCAATGGGAGGGCATA,0,576193
araCp,0.07692307692307693,12,12,GATGGGCGGCTGATTTGTAG,0,526747
araCp,0.07692307692307693,12,12,GATGCCGACGATAAGTGTAT,0,561263
araCp,0.07692307692307693,12,12,GATGCCACTTTACCGGGCTC,0,602290
araCp,0.07692307692307693,12,12,GATGCAATTTCTCGTTTCGG,0,585378
araCp,0.07692307692307693,12,12,GATGAACTGGTGCCAAAGAT,0,589561
araCp,0.07692307692307693,12,12,GATCGAGCACTGCGGTCTAA,0,548691
araCp,0.07692307692307693,12,12,GATAATGTGCAAGTAGGCAA,0,537701
araCp,0.07692307692307693,12,12,GAGTGCAGCGTTCCGCTACC,0,543208
araCp,0.07692307692307693,12,12,GAGGTTCCAACACATCAGGA,0,565573
araCp,0.07692307692307693,12,12,GAGGGCTCGTAGTATTGGGA,0,554051
araCp,0.07692307692307693,12,12,GAGGACGTGCTCTAGGCTGG,0,562944
araCp,0.07692307692307693,12,12,GAGCCTGTCTATATGTAGAC,0,601337
araCp,0.07692307692307693,12,12,GAGCCGGTGTGACAGAAACT,0,535945
araCp,0.07692307692307693,12,12,GAGCCCCAGATCTGTAGACA,0,565183
araCp,0.07692307692307693,12,12,GAGCATCGAGCTGGTCCTTT,0,545785
araCp,0.07692307692307693,12,12,GAGACTACTCGGGAATAAGA,0,531433
araCp,0.07692307692307693,12,12,GAGACCAGGAGTCCGAGCAG,0,569749
araCp,0.07692307692307693,12,12,GACTGGAGAGCCACAAGTGT,0,590126
araCp,0.07692307692307693,12,12,GACTACGCCTGGTGCGGCGT,0,550440
araCp,0.07692307692307693,12,12,GACGTCGGCCGGTACGTTTG,0,595683
araCp,0.07692307692307693,12,12,GACGCAGGAGTTTCGTGGTC,0,578447
araCp,0.07692307692307693,12,12,GACCGTCCTGCCCTGGTGAG,0,571525
araCp,0.07692307692307693,12,12,GACCGAAGCCGATGTGGTGC,0,534320
araCp,0.07692307692307693,12,12,GACCATGAGTCAGCCCTCTA,0,578985
araCp,0.07692307692307693,12,12,GACACGCGAAGTAAATTTAA,0,593298
araCp,0.07692307692307693,12,12,GAATCTCCAAGTTGGATTAC,0,559503
araCp,0.07692307692307693,12,12,GAATCACGTCTCCTACTTCT,0,597615
araCp,0.07692307692307693,12,12,GAATAGCCTCTCGGCACGGT,0,540152
araCp,0.07692307692307693,12,12,GAAGCGCACCTGCCGACTTG,0,546866
araCp,0.07692307692307693,12,12,GAAGATGGCGCGCCCTTTAT,0,571650
araCp,0.07692307692307693,12,12,GAACCTAGGCCGAGTACTTT,0,564416
araCp,0.07692307692307693,12,12,GAACCGGCGCGAACCGCTAA,0,549862
araCp,0.07692307692307693,12,12,GAACAGGGCCTAAAGCGTCT,0,536270
araCp,0.07692307692307693,12,12,GAAAAGCGGTTCCGGCGGAG,0,548128
araCp,0.07692307692307693,12,12,CTTTAGTACCCTCAGATCGT,0,587664
araCp,0.07692307692307693,12,12,CTTGTGGGTGGGGTGAGCGA,0,544649
araCp,0.07692307692307693,12,12,CTTGTGGGACCTAAACCGAC,0,571723
araCp,0.07692307692307693,12,12,CTTCTTGATGATATAACTAG,0,581207
araCp,0.07692307692307693,12,12,CTTATGCCGAATTAGTTCGG,0,586759
araCp,0.07692307692307693,12,12,CTTAATACATGAATCCCTTT,0,590365
araCp,0.07692307692307693,12,12,CTGTGTCGGATAGAGTAGTT,0,547905
araCp,0.07692307692307693,12,12,CTGGTCGTGCGCGACGACTT,0,538448
araCp,0.07692307692307693,12,12,CTGGACCCTAACCTGGCTAC,0,566048
araCp,0.07692307692307693,12,12,CTGGACAGTTAAGCGTGGGT,0,526808
araCp,0.07692307692307693,12,12,CTGCTTGGGTCTGGTTCTCG,0,544556
araCp,0.07692307692307693,12,12,CTGCGGCCCCAGCACATAGG,0,555795
araCp,0.07692307692307693,12,12,CTGACGTGTGCTAATTTTTT,0,599388
araCp,0.07692307692307693,12,12,CTCTGTTGACGGTTGCTGGT,0,577875
araCp,0.07692307692307693,12,12,CTCTGTGTTTAGCACTAACT,0,578845
araCp,0.07692307692307693,12,12,CTCTGGGCCTCAATCTACTA,0,569277
araCp,0.07692307692307693,12,12,CTCGTGAGCGCAATATGATG,0,551147
araCp,0.07692307692307693,12,12,CTCGGAGCTTCGTACCAAGT,0,537784
araCp,0.07692307692307693,12,12,CTCGACTTTTGTTAAGTTAG,0,593033
araCp,0.07692307692307693,12,12,CTCCGACTCGGGGTATTCAG,0,594479
araCp,0.07692307692307693,12,12,CTCAGTCACTGATTGAGGGA,0,595146
araCp,0.07692307692307693,12,12,CTCAGCTTCACTGGATTGCC,0,588292
araCp,0.07692307692307693,12,12,CTCAAGGGGCTACATTTCTC,0,589866
araCp,0.07692307692307693,12,12,CTATCTACACGACAACGTAT,0,567018
araCp,0.07692307692307693,12,12,CTATCAATCGGTTTGGAGCC,0,538999
araCp,0.07692307692307693,12,12,CTATATCAAGGCAGAGTCGG,0,536784
araCp,0.07692307692307693,12,12,CTAGGTTTAATATGTTCTGC,0,550254
araCp,0.07692307692307693,12,12,CTAGGGACATATTGTTTACG,0,558646
araCp,0.07692307692307693,12,12,CTAGCCCCCTAGACATTTCA,0,601101
araCp,0.07692307692307693,12,12,CTAGATAGCCCTCCCCGAGT,0,575865
araCp,0.07692307692307693,12,12,CTACGTCAGGCTAAGGAAGA,0,555888
araCp,0.07692307692307693,12,12,CTAATCTAGACTGTAGTTAA,0,537142
araCp,0.07692307692307693,12,12,CTAAACACCAGAGTGTCTAC,0,562288
araCp,0.07692307692307693,12,12,CGTTCATAGACCGAGCTAGT,0,555377
araCp,0.07692307692307693,12,12,CGTTCAATCAATTTAGGTGT,0,591556
araCp,0.07692307692307693,12,12,CGTTATCGGTTCTCACCAGG,0,546350
araCp,0.07692307692307693,12,12,CGTGTGTTCCGCTGCAAGTG,0,531193
araCp,0.07692307692307693,12,12,CGTGGTGTCGCTAACGGCAG,0,579079
araCp,0.07692307692307693,12,12,CGTGGGAGGCGCTAGGTAGA,0,546136
araCp,0.07692307692307693,12,12,CGTGATCGTTTGATGACTCT,0,539065
araCp,0.07692307692307693,12,12,CGTATGTACGACATGGTTCT,0,554473
araCp,0.07692307692307693,12,12,CGTAGTGGACGTCAATGATA,0,540396
araCp,0.07692307692307693,12,12,CGTAGTATACTGAGGACCTG,0,593797
araCp,0.07692307692307693,12,12,CGTAGCAAGGTCTTTACAGT,0,574239
araCp,0.07692307692307693,12,12,CGTACGTTACAGCAGGCGAC,0,553875
araCp,0.07692307692307693,12,12,CGTACACCTTCGTACTTTCA,0,569852
araCp,0.07692307692307693,12,12,CGTAATGTGGAGGTGCGTGG,0,601839
araCp,0.07692307692307693,12,12,CGGTTGAAAGGAACTGTTAT,0,549714
araCp,0.07692307692307693,12,12,CGGTTCCGGCACCAGGAACA,0,565612
araCp,0.07692307692307693,12,12,CGGTGACAGAGTTTTAATTC,0,531366
araCp,0.07692307692307693,12,12,CGGTCGATGGCAAGCTTCAC,0,584824
araCp,0.07692307692307693,12,12,CGGTCATCTACTAGAGGAGA,0,585171
araCp,0.07692307692307693,12,12,CGGTCAGCGCCCAGAATCTC,0,540642
araCp,0.07692307692307693,12,12,CGGGGGCGTATCTATGCTCA,0,560721
araCp,0.07692307692307693,12,12,CGGGGGACGCTTGCAATTCA,0,567550
araCp,0.07692307692307693,12,12,CGGGCCAACAGTCGCACCCT,0,581441
araCp,0.07692307692307693,12,12,CGGGCAATAGTAACGCTGAG,0,544622
araCp,0.07692307692307693,12,12,CGGGATTGTAGGATCAAAGG,0,586599
araCp,0.07692307692307693,12,12,CGGCTTCCTTTTGAAGCACA,0,551344
araCp,0.07692307692307693,12,12,CGGCCCTAGAGGGCACGCTG,0,533446
araCp,0.07692307692307693,12,12,CGGCCCAAACAACTTGCTTA,0,537900
araCp,0.07692307692307693,12,12,CGGATTTTCTTCCCAATGAC,0,551534
araCp,0.07692307692307693,12,12,CGGATGGCTTTCGTTTTTGT,0,559128
araCp,0.07692307692307693,12,12,CGGATGCTCGGCGATTTGCG,0,557542
araCp,0.07692307692307693,12,12,CGGACGAGGTAAGATAAGAA,0,548561
araCp,0.07692307692307693,12,12,CGGACCGCCTCAGCGAGTAT,0,554528
araCp,0.07692307692307693,12,12,CGCTGTATTTAGCGTGTATC,0,588339
araCp,0.07692307692307693,12,12,CGCTGCGTACACACAAGGTG,0,553622
araCp,0.07692307692307693,12,12,CGCTCGTCCGTCCGTTTGGA,0,592723
araCp,0.07692307692307693,12,12,CGCGGGTAAGCCGCACGCTA,0,595857
araCp,0.07692307692307693,12,12,CGCGCCTTGTCTGACGGCTA,0,591911
araCp,0.07692307692307693,12,12,CGCGACGGGCGGTTAGACAA,0,565501
araCp,0.07692307692307693,12,12,CGCCTTTGGTCAGTTCCAAT,0,555150
araCp,0.07692307692307693,12,12,CGCCGGAATCTACAGTTGCA,0,548919
araCp,0.07692307692307693,12,12,CGCCGCAGGTCTGCAGTGTG,0,563089
araCp,0.07692307692307693,12,12,CGCCGACATTGGGTACCTAT,0,568821
araCp,0.07692307692307693,12,12,CGCCGAATGGCCAAGAATGT,0,540181
araCp,0.07692307692307693,12,12,CGCATTGCTACCGGACGTCA,0,598792
araCp,0.07692307692307693,12,12,CGCATGCATCAGCCGGTAAC,0,599995
araCp,0.07692307692307693,12,12,CGCACTCGCGAGTATGGAAG,0,569393
araCp,0.07692307692307693,12,12,CGATGGAGCTCTAACAGAAT,0,548302
araCp,0.07692307692307693,12,12,CGATACCAACCGGGCCGCAA,0,597131
araCp,0.07692307692307693,12,12,CGATACATTTGATTCCGCGC,0,541093
araCp,0.07692307692307693,12,12,CGAGGTCTTATCGAACCGGG,0,602625
araCp,0.07692307692307693,12,12,CGAGATCCTGTGACCAAACG,0,576498
araCp,0.07692307692307693,12,12,CGACGCCGGTTCGCGGTCCG,0,540859
araCp,0.07692307692307693,12,12,CGACGATGCATGCCCGAATT,0,589868
araCp,0.07692307692307693,12,12,CGACAAGACCCCTTCTCACT,0,559208
araCp,0.07692307692307693,12,12,CGAATGGACAGACAGGTAGA,0,529411
araCp,0.07692307692307693,12,12,CGAATAAGCCTTTGAAATGT,0,544650
araCp,0.07692307692307693,12,12,CCTTTCCACGATTTAAATGT,0,576717
araCp,0.07692307692307693,12,12,CCTTGGCTTTTAACATATGA,0,599347
araCp,0.07692307692307693,12,12,CCTTGAATAGCCGAGATGAT,0,548293
araCp,0.07692307692307693,12,12,CCTTCTTCGTGATCGGGCGA,0,569964
araCp,0.07692307692307693,12,12,CCTTAGGTTTTACCACGCCG,0,535715
araCp,0.07692307692307693,12,12,CCTGGGAGGTGACGACTCCG,0,559426
araCp,0.07692307692307693,12,12,CCTCTGCAAAATTTTCTTGT,0,532951
araCp,0.07692307692307693,12,12,CCTCGTTACCGAACGGTTCA,0,595048
araCp,0.07692307692307693,12,12,CCTCCTAGTTGGGTAACCCC,0,536961
araCp,0.07692307692307693,12,12,CCTCACCAAAGGATCGTAAT,0,567638
araCp,0.07692307692307693,12,12,CCTAGCCGTCTGGAGGAAAT,0,545653
araCp,0.07692307692307693,12,12,CCGTGCATCAGCAAGAGATA,0,562646
araCp,0.07692307692307693,12,12,CCGTGAGCCCAACCTACCCG,0,598428
araCp,0.07692307692307693,12,12,CCGTCTATAATACATGCCAT,0,595087
araCp,0.07692307692307693,12,12,CCGTACCGCCGTCTCATGGT,0,589051
araCp,0.07692307692307693,12,12,CCGTACACTCAGACATTCTC,0,550570
araCp,0.07692307692307693,12,12,CCGGCTAGTCGAGCGACTGA,0,535198
araCp,0.07692307692307693,12,12,CCGGCATCAAGGCGCATCAG,0,540280
araCp,0.07692307692307693,12,12,CCGGACCGAACTAAGACGTT,0,603681
araCp,0.07692307692307693,12,12,CCGCTGGTGTTAGTGCGGAT,0,595664
araCp,0.07692307692307693,12,12,CCGCGCTACCAATTAGTTAG,0,543791
araCp,0.07692307692307693,12,12,CCGCCTCTTTCTTGTCGTAG,0,593707
araCp,0.07692307692307693,12,12,CCGCCCAAATATGCTACTGT,0,565290
araCp,0.07692307692307693,12,12,CCGCATGTTTATTTGGCAGA,0,599926
araCp,0.07692307692307693,12,12,CCGCAACCTGAGTGGCAATT,0,593961
araCp,0.07692307692307693,12,12,CCGAGTGACATCCAGCGTTT,0,548440
araCp,0.07692307692307693,12,12,CCGAGGAAGGCATCTAAGGA,0,537430
araCp,0.07692307692307693,12,12,CCGAAAAATTCCTGTCCCAG,0,561438
araCp,0.07692307692307693,12,12,CCCCGTAAAACAATGTACCT,0,602785
araCp,0.07692307692307693,12,12,CCCCGGCTGCCTCATGACGG,0,558343
araCp,0.07692307692307693,12,12,CCCCCCTGGAGGATCGCTGG,0,594892
araCp,0.07692307692307693,12,12,CCCCACACCCGGCGCACCTC,0,600863
araCp,0.07692307692307693,12,12,CCCATGACGACCGCAGATAT,0,557130
araCp,0.07692307692307693,12,12,CCCACGCTTTCGTTATCTAT,0,584926
araCp,0.07692307692307693,12,12,CCATTCATTCTGGCCACTAG,0,573764
araCp,0.07692307692307693,12,12,CCATGGATCTAAGTACTACT,0,537146
araCp,0.07692307692307693,12,12,CCATCGGGTTCCTTCCGACC,0,594971
araCp,0.07692307692307693,12,12,CCATCGATGGGTCCTTCGAG,0,547801
araCp,0.07692307692307693,12,12,CCATATCGTGGGTGGCTTTA,0,531598
araCp,0.07692307692307693,12,12,CCATAACATTCTCTGGTCAT,0,545205
araCp,0.07692307692307693,12,12,CCAGTCCATGGCCCGATCAC,0,587170
araCp,0.07692307692307693,12,12,CCAGCAGCTGAGATTTGACT,0,551622
araCp,0.07692307692307693,12,12,CCAGAAAGGAAAAGTCCGGT,0,546810
araCp,0.07692307692307693,12,12,CCACGCTGATGGAGGATTAT,0,583893
araCp,0.07692307692307693,12,12,CCACCATAAATATTGATTCT,0,590341
araCp,0.07692307692307693,12,12,CCACATCGAAGAGAGACTCT,0,574623
araCp,0.07692307692307693,12,12,CCAAGAGTTGCCGATCCAAA,0,530394
araCp,0.07692307692307693,12,12,CATGTTTGTGAATGGTGGTC,0,531541
araCp,0.07692307692307693,12,12,CATGCATGAAAGTAATGATC,0,549827
araCp,0.07692307692307693,12,12,CATCGAAGAGTGTGAAACTT,0,602954
araCp,0.07692307692307693,12,12,CATCCTGAATAGGAAAGATG,0,550205
araCp,0.07692307692307693,12,12,CATCCAGTATGTCTCGGTCC,0,595914
araCp,0.07692307692307693,12,12,CATCATATTGGATGCCTACC,0,579172
araCp,0.07692307692307693,12,12,CATCAGCACACAACCATTTA,0,542387
araCp,0.07692307692307693,12,12,CATATGCGCTGGGAAACGTC,0,581675
araCp,0.07692307692307693,12,12,CATATATACAACGGCAGCTT,0,566705
araCp,0.07692307692307693,12,12,CATACGAAGACGTCAGTCCG,0,558987
araCp,0.07692307692307693,12,12,CATAAGTGCGTCGGGTTTGT,0,588500
araCp,0.07692307692307693,12,12,CAGGGGTAGCCGTGCAGCCA,0,554237
araCp,0.07692307692307693,12,12,CAGGGGCTACCCTAATAGTC,0,555379
araCp,0.07692307692307693,12,12,CAGGCAGGTGGAGCAACTTT,0,554716
araCp,0.07692307692307693,12,12,CAGCTATCGGGCCAGATCTT,0,534061
araCp,0.07692307692307693,12,12,CAGCGGTGATAGGTTCGTAA,0,544107
araCp,0.07692307692307693,12,12,CAGCCCCTAGATTCTTGGGG,0,577810
araCp,0.07692307692307693,12,12,CAGAGCGAGGGCAAAGGGGA,0,587904
araCp,0.07692307692307693,12,12,CAGAATTGTGCCACCTATTA,0,543269
araCp,0.07692307692307693,12,12,CACTTTCATAGAATATGTGG,0,562004
araCp,0.07692307692307693,12,12,CACTGAATTAGACTGCTGCT,0,555327
araCp,0.07692307692307693,12,12,CACTCGTAAACCCCCATTGA,0,563495
araCp,0.07692307692307693,12,12,CACTCGAATTTCGGTGCCTC,0,585360
araCp,0.07692307692307693,12,12,CACGGAGCATCTGTGAAGGC,0,548129
araCp,0.07692307692307693,12,12,CACGATTTCATACCAAAGCC,0,591381
araCp,0.07692307692307693,12,12,CACGATACCAACTGAAGCAA,0,551741
araCp,0.07692307692307693,12,12,CACCTCGCCTCAGGGGCTGT,0,594233
araCp,0.07692307692307693,12,12,CACCCGTGTATGCTTATAAA,0,570838
araCp,0.07692307692307693,12,12,CACCCAATAATACGTAAACG,0,574404
araCp,0.07692307692307693,12,12,CACATGAATGTTCATCACGA,0,591188
araCp,0.07692307692307693,12,12,CACACGGTTCGAACTGTAAA,0,535182
araCp,0.07692307692307693,12,12,CAATGCAGCCCTGTGCCATA,0,552423
araCp,0.07692307692307693,12,12,CAAGGTTACGGCAAGTGGAG,0,545052
araCp,0.07692307692307693,12,12,CAAGGCATGGGGGGTAGTGG,0,550835
araCp,0.07692307692307693,12,12,CAAGATATGGGTCAGTCACT,0,590946
araCp,0.07692307692307693,12,12,CAAGACATCGATTCGTGTGT,0,542515
araCp,0.07692307692307693,12,12,CAACTGGGAGCTCCTTTCCG,0,562847
araCp,0.07692307692307693,12,12,CAACCCTTCTGGGAATCTAT,0,603155
araCp,0.07692307692307693,12,12,CAAAGTGGCTGGGATCACCT,0,591563
araCp,0.07692307692307693,12,12,CAAAGATGAGGATATACCTA,0,570609
araCp,0.07692307692307693,12,12,ATTTGGGGTGGTTATTTCTG,0,577178
araCp,0.07692307692307693,12,12,ATTTCCGCCATTAGGCATTC,0,559756
araCp,0.07692307692307693,12,12,ATTTACAGCCCTAGCGCCCA,0,583783
araCp,0.07692307692307693,12,12,ATTGCTCGTCGTTATGGAGC,0,540652
araCp,0.07692307692307693,12,12,ATTGCGTGTAGGGGCTAATA,0,545403
araCp,0.07692307692307693,12,12,ATTGCGAGGCAACCCACTAA,0,601921
araCp,0.07692307692307693,12,12,ATTCAAATAATCATGCCGAC,0,569731
araCp,0.07692307692307693,12,12,ATTATTGCTCTTCGGCTTCG,0,544902
araCp,0.07692307692307693,12,12,ATTATATAGTTTGATAGCAG,0,579661
araCp,0.07692307692307693,12,12,ATTACAGCCTGTTCAGCGCC,0,537095
araCp,0.07692307692307693,12,12,ATGTTGGTACGCTTCGGGGA,0,572925
araCp,0.07692307692307693,12,12,ATGTTAATCTCTCGCTTGTG,0,536646
araCp,0.07692307692307693,12,12,ATGTCTACAGTCAAACAGTA,0,580521
araCp,0.07692307692307693,12,12,ATGTCATGTGAATGAATCAT,0,602728
araCp,0.07692307692307693,12,12,ATGGTTCTTGTAGAGTGTCA,0,600742
araCp,0.07692307692307693,12,12,ATGGTGATGGATTTGCTGAT,0,596823
araCp,0.07692307692307693,12,12,ATGCGTCGCGCCATGGTATG,0,548100
araCp,0.07692307692307693,12,12,ATGCCTCAGGGTCGGCGGAA,0,587060
araCp,0.07692307692307693,12,12,ATGCCGCATATCACAAGTAT,0,593185
araCp,0.07692307692307693,12,12,ATGAGTTTTAAACTAGAGTA,0,575571
araCp,0.07692307692307693,12,12,ATGACGAGGGGCAGACCAAA,0,549675
araCp,0.07692307692307693,12,12,ATGAATAACGGGCCGCCGGT,0,534294
araCp,0.07692307692307693,12,12,ATCTTCGCGAGGCCGGGTAA,0,540331
araCp,0.07692307692307693,12,12,ATCTCTGCTTACAAGAAATA,0,595434
araCp,0.07692307692307693,12,12,ATCTACAGTGGCTCGCTAAT,0,534555
araCp,0.07692307692307693,12,12,ATCGGTAGAGAAGTATATCA,0,569845
araCp,0.07692307692307693,12,12,ATCGGAAACTGAATCACTAT,0,572945
araCp,0.07692307692307693,12,12,ATCGAGTCCAATTGAAAGGG,0,568062
araCp,0.07692307692307693,12,12,ATCCGCGACAAAACAGGGTC,0,556307
araCp,0.07692307692307693,12,12,ATCAGTCGCGTTGTAACCTG,0,550361
araCp,0.07692307692307693,12,12,ATCAGGAGCCTGTGCTGTCC,0,580648
araCp,0.07692307692307693,12,12,ATCAGATCGCGTAGTCAGGT,0,555829
araCp,0.07692307692307693,12,12,ATATCCTAACTTGGTAGCAA,0,553482
araCp,0.07692307692307693,12,12,ATATATTGGTAGAAAATTTG,0,578651
araCp,0.07692307692307693,12,12,ATAGTCCTGCCCGAAAATGG,0,567560
araCp,0.07692307692307693,12,12,ATAGGCTGTTACGAATGCCA,0,550263
araCp,0.07692307692307693,12,12,ATACGATATTTCTAGAAAGT,0,554179
araCp,0.07692307692307693,12,12,ATACATACTCTCCCAGTGAG,0,594927
araCp,0.07692307692307693,12,12,ATAATAAGAGACCACTCCAG,0,557567
araCp,0.07692307692307693,12,12,ATAACATATGGTGAACTGCT,0,556458
araCp,0.07692307692307693,12,12,AGTTTTTATGTTCCGACATT,0,536158
araCp,0.07692307692307693,12,12,AGTTTTTAAAGAACGGTTTT,0,564718
araCp,0.07692307692307693,12,12,AGTTTGATGGTGGCCTCCGT,0,573809
araCp,0.07692307692307693,12,12,AGTTTACACTCAAGATGTCC,0,529324
araCp,0.07692307692307693,12,12,AGTTCCCTCTCCCACCCGCC,0,593264
araCp,0.07692307692307693,12,12,AGTGTGATTTTGCGGACAGT,0,558901
araCp,0.07692307692307693,12,12,AGTGGTTCAACTTTAGAGAT,0,576056
araCp,0.07692307692307693,12,12,AGTGATGGAGACCGGGCCAA,0,535087
araCp,0.07692307692307693,12,12,AGTGAAAGGGCTCCCAATCC,0,527617
araCp,0.07692307692307693,12,12,AGTCTTACCCCGCTTTCGAA,0,567332
araCp,0.07692307692307693,12,12,AGTCTCTTTGCGGGTGTAAG,0,533940
araCp,0.07692307692307693,12,12,AGTCCTGGCCATATGTTAAC,0,535400
araCp,0.07692307692307693,12,12,AGTCCCTATCGACAGGTAGA,0,546860
araCp,0.07692307692307693,12,12,AGTATTTAGCGCCCACTAGC,0,596840
araCp,0.07692307692307693,12,12,AGTATACCTACACCCGTCAT,0,526945
araCp,0.07692307692307693,12,12,AGTAAGGGTCCAGGCTCCTT,0,546967
araCp,0.07692307692307693,12,12,AGTAACGCTATGGTTTGGGG,0,595867
araCp,0.07692307692307693,12,12,AGGTTTCTTTTTAGATCGGT,0,587935
araCp,0.07692307692307693,12,12,AGGTTGCTTCCCTTAATTCA,0,542903
araCp,0.07692307692307693,12,12,AGGTTAGTGATGACTTATGT,0,559692
araCp,0.07692307692307693,12,12,AGGTGGGTTTATGCATCGGC,0,558091
araCp,0.07692307692307693,12,12,AGGTGGCGAGTAGTCCACGT,0,561787
araCp,0.07692307692307693,12,12,AGGGGATGATCTCCATTACA,0,565178
araCp,0.07692307692307693,12,12,AGGCGTGTCCGCGAACACCT,0,564708
araCp,0.07692307692307693,12,12,AGGCGTAGACCGCAGGTCAG,0,581364
araCp,0.07692307692307693,12,12,AGGCCCAACGTGCCGAAGAT,0,561176
araCp,0.07692307692307693,12,12,AGGAGGGGGGTATTCCAGAG,0,596283
araCp,0.07692307692307693,12,12,AGGAGCCCACGGTAGAACAT,0,582574
araCp,0.07692307692307693,12,12,AGGAGACAGCAGCTGACATT,0,528126
araCp,0.07692307692307693,12,12,AGCTAGGTGAAATTTCCCTA,0,551527
araCp,0.07692307692307693,12,12,AGCTACGCGGCCAAATTAGT,0,596480
araCp,0.07692307692307693,12,12,AGCGCGGGTACGGTTAGCAA,0,586984
araCp,0.07692307692307693,12,12,AGCGCCGTGACGTTAAGGGA,0,569064
araCp,0.07692307692307693,12,12,AGCGCCGGGGCGGGCGTAAC,0,600280
araCp,0.07692307692307693,12,12,AGCGCCGAATGGCTGCCCGC,0,588849
araCp,0.07692307692307693,12,12,AGCGCCATTGCATTTAACCT,0,525638
araCp,0.07692307692307693,12,12,AGCAGCGCGCCTGCCGCTAC,0,532723
araCp,0.07692307692307693,12,12,AGCACGAAAGCCGGCTGGTC,0,535234
araCp,0.07692307692307693,12,12,AGATATGAAAGGGAGTTCGG,0,574504
araCp,0.07692307692307693,12,12,AGAGGCTATGACGGGTGTGA,0,549620
araCp,0.07692307692307693,12,12,AGACTCAGGCTACAAGCGGC,0,541933
araCp,0.07692307692307693,12,12,AGACGAAAATTCTTGCTTGT,0,535300
araCp,0.07692307692307693,12,12,AGAATCAACGATGCAGGGTA,0,574693
araCp,0.07692307692307693,12,12,AGAACGCGGAGCGCCACCGT,0,590256
araCp,0.07692307692307693,12,12,AGAAAACCGTCAGTTGCTTA,0,549303
araCp,0.07692307692307693,12,12,ACTTGTAGCAGTAGTCAAGG,0,590754
araCp,0.07692307692307693,12,12,ACTTGATGGCTCTTGATGGG,0,559329
araCp,0.07692307692307693,12,12,ACTTAAGGTGGGCCAAGAAC,0,536756
araCp,0.07692307692307693,12,12,ACTGTGTGTACGTGACGGCA,0,588597
araCp,0.07692307692307693,12,12,ACTGTACAGCGGAGAGAGTT,0,552899
araCp,0.07692307692307693,12,12,ACTGCGCCCGGTCTACAGCT,0,579081
araCp,0.07692307692307693,12,12,ACTGAGCTTTGCACAGGTCC,0,553648
araCp,0.07692307692307693,12,12,ACTCGAAAGTAAACAGGCGC,0,590286
araCp,0.07692307692307693,12,12,ACTCACTGCGATTTCCACAT,0,562350
araCp,0.07692307692307693,12,12,ACGTTGTTACAGACGGTAGT,0,584490
araCp,0.07692307692307693,12,12,ACGTTCCGTCGTCCGGGCTG,0,555297
araCp,0.07692307692307693,12,12,ACGTCGGAACCATTCCTGAC,0,568228
araCp,0.07692307692307693,12,12,ACGTATTGGCATACGGTAGA,0,540918
araCp,0.07692307692307693,12,12,ACGGCAACGCTGGCCCGAGG,0,589200
araCp,0.07692307692307693,12,12,ACGGAGACACAAACCCGGAG,0,588231
araCp,0.07692307692307693,12,12,ACGGACGCAAGAGAGGATGT,0,529415
araCp,0.07692307692307693,12,12,ACGCCCACGGGTGTAAAAAT,0,530626
araCp,0.07692307692307693,12,12,ACGCAATGACAGCCCGGGAG,0,560287
araCp,0.07692307692307693,12,12,ACGATGCCGCGGTCTCCTGC,0,554523
araCp,0.07692307692307693,12,12,ACGATCTAGGTACTCTCGAG,0,598033
araCp,0.07692307692307693,12,12,ACCTAAATGGGTAATCGTTT,0,590396
araCp,0.07692307692307693,12,12,ACCGTGTGGTTGGGCAGTCC,0,563885
araCp,0.07692307692307693,12,12,ACCGCGAGTGATTCCCGCAT,0,553650
araCp,0.07692307692307693,12,12,ACCCCGGTGACAACGAGGTT,0,576818
araCp,0.07692307692307693,12,12,ACCCATTGAGGGCAAAGGTG,0,602661
araCp,0.07692307692307693,12,12,ACCAGTTTGGCAGTTTCACG,0,558537
araCp,0.07692307692307693,12,12,ACCAGGTGAACGAAGCGACG,0,527287
araCp,0.07692307692307693,12,12,ACCACGGCCTACCAAGCTGT,0,596866
araCp,0.07692307692307693,12,12,ACCACGATCGTACTGCATAA,0,580448
araCp,0.07692307692307693,12,12,ACATGGTGCCCGGTCTGTAG,0,592638
araCp,0.07692307692307693,12,12,ACAGTGATCAAAGGCTCTAC,0,563947
araCp,0.07692307692307693,12,12,ACAGCGTCCCTTCGCTACCA,0,566276
araCp,0.07692307692307693,12,12,ACAGAAGGCGGGCGCCAGCA,0,560585
araCp,0.07692307692307693,12,12,ACACCTGGTGTGGAACAGTA,0,574482
araCp,0.07692307692307693,12,12,ACACCCAAAGATATATGTAA,0,525629
araCp,0.07692307692307693,12,12,ACACAACTTCAAACGGGCGT,0,580939
araCp,0.07692307692307693,12,12,ACAATGGCTTATTGACGTGG,0,586897
araCp,0.07692307692307693,12,12,ACAAGTTGGAATGTGTCGGC,0,530349
araCp,0.07692307692307693,12,12,ACAAGATAGAGGATGCCGGA,0,570944
araCp,0.07692307692307693,12,12,ACAACGAGTTTAATAGGGGA,0,572004
araCp,0.07692307692307693,12,12,ACAACAACGGTTGGGGCGAG,0,576942
araCp,0.07692307692307693,12,12,AATTGGTTGTTGATTGATAA,0,567512
araCp,0.07692307692307693,12,12,AATTACTCAACCAGAAGAAA,0,550441
araCp,0.07692307692307693,12,12,AATGTGACGTCTGGCAAAAC,0,598320
araCp,0.07692307692307693,12,12,AATGCTCGTGCCACACGATC,0,532611
araCp,0.07692307692307693,12,12,AATCTCACGTCGGCATAGTT,0,578617
araCp,0.07692307692307693,12,12,AATCCTGTGATTATACGGGT,0,583780
araCp,0.07692307692307693,12,12,AATCCACAGAGACCACTCCG,0,583579
araCp,0.07692307692307693,12,12,AATATGAAACACCGTGTACG,0,556904
araCp,0.07692307692307693,12,12,AATAGTTGCGCCCAGGACTT,0,565763
araCp,0.07692307692307693,12,12,AAGTTACCGTTCTGGCTGAA,0,599489
araCp,0.07692307692307693,12,12,AAGTGTGAGTGCTGGAAGCG,0,557371
araCp,0.07692307692307693,12,12,AAGTCCGTTATCCTGCAGCC,0,564146
araCp,0.07692307692307693,12,12,AAGTATCTTTCGGACGATGC,0,602783
araCp,0.07692307692307693,12,12,AAGGTCCTATCGACTGGATA,0,544033
araCp,0.07692307692307693,12,12,AAGGCCTAAGGAACGTAGGG,0,593536
araCp,0.07692307692307693,12,12,AAGCGTGACATCACTCTCGC,0,550784
araCp,0.07692307692307693,12,12,AAGCATCGACCTGCTTCCGG,0,536484
araCp,0.07692307692307693,12,12,AAGCAGGGGCGCTGTCTCTA,0,598282
araCp,0.07692307692307693,12,12,AAGCACGGGACAGACGCAGT,0,602443
araCp,0.07692307692307693,12,12,AACTGGTCGTTTGTTTGTGA,0,560718
araCp,0.07692307692307693,12,12,AACTGGATTAAGCGTATAAG,0,553574
araCp,0.07692307692307693,12,12,AACTGAAAGTTATGGTTCAC,0,555833
araCp,0.07692307692307693,12,12,AACGTGCCGATTTCCACCTC,0,571027
araCp,0.07692307692307693,12,12,AACGGGGACCGGGTGAAACA,0,538014
araCp,0.07692307692307693,12,12,AACGCGTGTCGTAATGCCCT,0,569592
araCp,0.07692307692307693,12,12,AACCTAAATGAGATAGACTG,0,542687
araCp,0.07692307692307693,12,12,AACCGTAGGTGAAGAGCATA,0,586693
araCp,0.07692307692307693,12,12,AACCATCGGGTCAAATGGGT,0,526209
araCp,0.07692307692307693,12,12,AACCACTTACGATCGAAGAC,0,546951
araCp,0.07692307692307693,12,12,AACATGGGATAGCCTGAATG,0,564147
araCp,0.07692307692307693,12,12,AACAGTTTGGGCAATATACC,0,545733
araCp,0.07692307692307693,12,12,AACAGGAGTCTACTGTTGGA,0,598127
araCp,0.07692307692307693,12,12,AACAAAATCGTTTGAGATTG,0,599109
araCp,0.07692307692307693,12,12,AAATCAGCGATGATATAAGT,0,566895
araCp,0.07692307692307693,12,12,AAATACCCCGGGCAACCACT,0,532357
araCp,0.07692307692307693,12,12,AAAGTTTTCCGCTTAGGCCA,0,570766
araCp,0.07692307692307693,12,12,AAAGTTGCTACTAGGGGGTG,0,550401
araCp,0.07692307692307693,12,12,AAAGGGGTGTCAGTTGGGCG,0,544550
araCp,0.07692307692307693,12,12,AAAGGATCTCCGTAATTTGT,0,577820
araCp,0.07692307692307693,12,12,AAAGCGCCTGGAAACACTTT,0,537065
araCp,0.07692307692307693,12,12,AAACGTTGCCGCCGCGTATA,0,567167
araCp,0.07692307692307693,12,12,AAACCATCCGAGAGCATGAC,0,590527
araCp,0.07692307692307693,12,12,AAACCAAAGAGGCCGTTTCA,0,588113
araCp,0.07692307692307693,12,12,AAACATGTATGTGGGTGTCG,0,587326
araCp,0.07692307692307693,12,12,AAACAGTCATTAGCGACATC,0,570538
araCp,0.07692307692307693,12,12,AAACACCGCTGTCAAGTGTA,0,548611
araCp,0.07692307692307693,12,12,AAAAGTGGCTTGGCCTATCA,0,568489
araCp,0.07692307692307693,12,12,AAAAGGATAAGGGTTAGTCT,0,563280
araCp,0.08333333333333333,11,11,TTTTTTTGTGGAACATTACT,0,534480
araCp,0.08333333333333333,11,11,TTTTTTTCTTCGAGGACCGC,0,573650
araCp,0.08333333333333333,11,11,TTTTTTATTACGTTGCGTTA,0,600243
araCp,0.08333333333333333,11,11,TTTTGCACGGTTCGTTTCTA,0,563135
araCp,0.08333333333333333,11,11,TTTTAGTAACACGACAAGCA,0,560475
araCp,0.08333333333333333,11,11,TTTGTATTCGGGGGCATGCT,0,534723
araCp,0.08333333333333333,11,11,TTTGATCAGATATTTGTGAG,0,528958
araCp,0.08333333333333333,11,11,TTTGATATCAGTCGTGGGAC,0,543705
araCp,0.08333333333333333,11,11,TTTCTTAGCATCGGCCAGGT,0,540977
araCp,0.08333333333333333,11,11,TTTCTTACGAGGTCCCCAGG,0,565599
araCp,0.08333333333333333,11,11,TTTCATGTACCTTTAACCGG,0,562064
araCp,0.08333333333333333,11,11,TTTACTTGTAGCTTTGGCGA,0,590118
araCp,0.08333333333333333,11,11,TTTACGCAGTAAAGGCTCTT,0,583242
araCp,0.08333333333333333,11,11,TTTAACGTGTAGTCTCAGAG,0,564572
araCp,0.08333333333333333,11,11,TTGTCTCGTTTCGAGTTCTC,0,528169
araCp,0.08333333333333333,11,11,TTGTCGGAGTTAGTTATGGC,0,551869
araCp,0.08333333333333333,11,11,TTGTCGCGGCCGCTAAGTCA,0,548415
araCp,0.08333333333333333,11,11,TTGTAGGCCTATTTAAATAT,0,562399
araCp,0.08333333333333333,11,11,TTGTACATCCTGATCAGTTA,0,584092
araCp,0.08333333333333333,11,11,TTGTACACGAATCAGGGGAA,0,544098
araCp,0.08333333333333333,11,11,TTGTAAAGATCTAGCTGCCA,0,534800
araCp,0.08333333333333333,11,11,TTGGGGGCGAACGTGTATCA,0,567804
araCp,0.08333333333333333,11,11,TTGGGGCTCCCTAGAGTCCG,0,584341
araCp,0.08333333333333333,11,11,TTGGGGACCGTTTCGTTTGA,0,574740
araCp,0.08333333333333333,11,11,TTGGAGTCGATGTAGGATCG,0,537771
araCp,0.08333333333333333,11,11,TTGCGCTTTAAGCATACGCT,0,564384
araCp,0.08333333333333333,11,11,TTGCCTAGTACTGCGTGTCC,0,537682
araCp,0.08333333333333333,11,11,TTGCCGTGCCCTCAGATGGT,0,593699
araCp,0.08333333333333333,11,11,TTGCAATACAATAGGATACC,0,554483
araCp,0.08333333333333333,11,11,TTCTATTAATCAACGCACGA,0,598171
araCp,0.08333333333333333,11,11,TTCGTGAGGAACACAACGAT,0,599831
araCp,0.08333333333333333,11,11,TTCGGCCAGGCGGAACGCGG,0,577522
araCp,0.08333333333333333,11,11,TTCGCCTTGAACTGGGCAAC,0,525614
araCp,0.08333333333333333,11,11,TTCCTTGCTGTTCTAAGGCC,0,538726
araCp,0.08333333333333333,11,11,TTCCGTTAGTCCAAGGAATT,0,588073
araCp,0.08333333333333333,11,11,TTATTAATAACTGCTGTTGC,0,596772
araCp,0.08333333333333333,11,11,TTATTAAGTTAGGTTGCTTA,0,602029
araCp,0.08333333333333333,11,11,TTATGTGCAGCCGAGTGCCT,0,540429
araCp,0.08333333333333333,11,11,TTATGGCCCTCCCCTGCAAA,0,541967
araCp,0.08333333333333333,11,11,TTATCGGCCAGCTGCCAATT,0,577496
araCp,0.08333333333333333,11,11,TTATCGCCTTACGGATTCGC,0,552041
araCp,0.08333333333333333,11,11,TTATCCTATGTACGGTTGGT,0,595905
araCp,0.08333333333333333,11,11,TTATATACAGCGAGGAGACT,0,564815
araCp,0.08333333333333333,11,11,TTAGTTACCGGCTGATATAT,0,569540
araCp,0.08333333333333333,11,11,TTAGACCGGGTAATATTCGA,0,536348
araCp,0.08333333333333333,11,11,TTACGGCACCGTCCCCGTCC,0,548159
araCp,0.08333333333333333,11,11,TTACGGACACGTTTGTACAC,0,553998
araCp,0.08333333333333333,11,11,TTACCTTGCAGCCCCAGTGG,0,532510
araCp,0.08333333333333333,11,11,TTACCCGGATGACCTCTCAA,0,542790
araCp,0.08333333333333333,11,11,TTACACACGCCATGGGGCGG,0,581176
araCp,0.08333333333333333,11,11,TTACAACCTAGTTTGCCGCA,0,581953
araCp,0.08333333333333333,11,11,TTAATGTGTATCGAAAGAGT,0,559863
araCp,0.08333333333333333,11,11,TTAACGAGTGACCACTTTCT,0,565671
araCp,0.08333333333333333,11,11,TTAAAATCAGGGTGCAGTCC,0,530674
araCp,0.08333333333333333,11,11,TGTTTGCCCACGTTGTCCAA,0,552877
araCp,0.08333333333333333,11,11,TGTTTAGCGGTAGCTCCAAA,0,603247
araCp,0.08333333333333333,11,11,TGTTATTTTGATCCGTAAAT,0,542148
araCp,0.08333333333333333,11,11,TGTGTTTTACACTGCCTCAT,0,587760
araCp,0.08333333333333333,11,11,TGTGTCTAAAGAGGAGCTTA,0,530214
araCp,0.08333333333333333,11,11,TGTGTAGCAGCTTTATGCCC,0,554721
araCp,0.08333333333333333,11,11,TGTGGGTAGTCTTAAAGAGT,0,579973
araCp,0.08333333333333333,11,11,TGTCTGCCTGATCGCCGTGC,0,546191
araCp,0.08333333333333333,11,11,TGTCATTGAAAGGACTATGA,0,577345
araCp,0.08333333333333333,11,11,TGTATTAAGATAAGAGGGAT,0,595830
araCp,0.08333333333333333,11,11,TGGTTGGGGTCCGGACCGCT,0,564062
araCp,0.08333333333333333,11,11,TGGTTGGATATCCCGTTTGG,0,545979
araCp,0.08333333333333333,11,11,TGGTGTTGTTGCCTAAGCGT,0,588434
araCp,0.08333333333333333,11,11,TGGTAAGCCCACCACTTTAA,0,567301
araCp,0.08333333333333333,11,11,TGGGTATTTGTAGTAGGAAG,0,568632
araCp,0.08333333333333333,11,11,TGGGTAAATACCGTGTCACC,0,548288
araCp,0.08333333333333333,11,11,TGGGAGCAGACGTGGTACTC,0,567229
araCp,0.08333333333333333,11,11,TGGCTCCGCCCAGTCAGCTC,0,600605
araCp,0.08333333333333333,11,11,TGGCGTTGCCGTCGAAAATA,0,603065
araCp,0.08333333333333333,11,11,TGGATACGGTCGCACGGGGG,0,599006
araCp,0.08333333333333333,11,11,TGGAGTGAACTAATGAAGAG,0,583211
araCp,0.08333333333333333,11,11,TGGAGCCCTCGAGCAGTGGA,0,555695
araCp,0.08333333333333333,11,11,TGGACGGACCTCAATAAATC,0,557587
araCp,0.08333333333333333,11,11,TGGACGCGTGCGGAGAAAAT,0,590011
araCp,0.08333333333333333,11,11,TGGAATATCTTTGCTTGCCA,0,584502
araCp,0.08333333333333333,11,11,TGCTTAAGTGTTTAGGGTGG,0,546236
araCp,0.08333333333333333,11,11,TGCTCACCGGTGAAGCTAAC,0,536133
araCp,0.08333333333333333,11,11,TGCGTCGTCATCTCTGGATT,0,599017
araCp,0.08333333333333333,11,11,TGCGGCTGGTTCCCCAGGGC,0,535556
araCp,0.08333333333333333,11,11,TGCGAGATTGTCGCTTACTC,0,553589
araCp,0.08333333333333333,11,11,TGCGAATTTTTCTCCGTTTC,0,538717
araCp,0.08333333333333333,11,11,TGCGAAATATGTCTTGCGAT,0,526994
araCp,0.08333333333333333,11,11,TGCCTTCCCAAGGGGCGTAT,0,587383
araCp,0.08333333333333333,11,11,TGCCTGGGATCAACAGTACC,0,576206
araCp,0.08333333333333333,11,11,TGCCTGGACATGATGACCCA,0,543989
araCp,0.08333333333333333,11,11,TGCCAGGTACGTGTTTCCCG,0,577247
araCp,0.08333333333333333,11,11,TGCCACACATGATTAGCTCT,0,563004
araCp,0.08333333333333333,11,11,TGATGTTTTACGCGAGTGGA,0,597225
araCp,0.08333333333333333,11,11,TGATGTATCGGGTACAACGC,0,600424
araCp,0.08333333333333333,11,11,TGATGACTCTACGTGCTGGT,0,545449
araCp,0.08333333333333333,11,11,TGATCACTGCGAGTCGCTTG,0,563265
araCp,0.08333333333333333,11,11,TGATCAAAGACAACGAGCGC,0,537501
araCp,0.08333333333333333,11,11,TGACGAACGTTTGTGAGGGA,0,590079
araCp,0.08333333333333333,11,11,TGAATCACAAAGCTACACGA,0,555750
araCp,0.08333333333333333,11,11,TGAAGGGATAGATTCCTTGA,0,556079
araCp,0.08333333333333333,11,11,TGAAGCTCACCTAGAGGAGT,0,549536
araCp,0.08333333333333333,11,11,TGAACTATATGATGTTTAAT,0,578792
araCp,0.08333333333333333,11,11,TGAAAGCTGCCACGGTTCTC,0,531775
araCp,0.08333333333333333,11,11,TCTTCTTCGTTCGCTGTCGT,0,590168
araCp,0.08333333333333333,11,11,TCTTCATCTTAAGCTCTACA,0,597609
araCp,0.08333333333333333,11,11,TCTTACCGTTTATTGTAGTC,0,575482
araCp,0.08333333333333333,11,11,TCTGGATAGGATAAAAATTC,0,532381
araCp,0.08333333333333333,11,11,TCTATGTCGCGTGTGCCCGA,0,584847
araCp,0.08333333333333333,11,11,TCTATGCGAGGGGATTAGGG,0,601225
araCp,0.08333333333333333,11,11,TCTAGTTCAGTCCTCCCAAG,0,546800
araCp,0.08333333333333333,11,11,TCGTTCTCACAATAGCCTCA,0,588760
araCp,0.08333333333333333,11,11,TCGTTCGTCGCATCTACAGC,0,560199
araCp,0.08333333333333333,11,11,TCGTGGTGGTCATCTTCACG,0,542624
araCp,0.08333333333333333,11,11,TCGTGATTGGTCCCGTTTAA,0,577188
araCp,0.08333333333333333,11,11,TCGTCTTTAGTTTTGGGGGT,0,576839
araCp,0.08333333333333333,11,11,TCGTACCGGGATCATACACA,0,582226
araCp,0.08333333333333333,11,11,TCGGTTAACCAGGAAGCTAG,0,588363
araCp,0.08333333333333333,11,11,TCGGTGGCAGCTATCGTGTG,0,531235
araCp,0.08333333333333333,11,11,TCGGTACCCCCTGATACGGT,0,542589
araCp,0.08333333333333333,11,11,TCGGTACAGGTCTTAACACG,0,579375
araCp,0.08333333333333333,11,11,TCGGAATTACAGCCCTGCAG,0,538200
araCp,0.08333333333333333,11,11,TCGCTACCAGGCAAATCTGT,0,598365
araCp,0.08333333333333333,11,11,TCGCGGTGGTATCCCTGTCG,0,533096
araCp,0.08333333333333333,11,11,TCGCCTCTCTGCGTCCAACT,0,542114
araCp,0.08333333333333333,11,11,TCGCAGGTTTCTAGTGGCGA,0,559483
araCp,0.08333333333333333,11,11,TCGCAACTTAAACTGTCTTG,0,578747
araCp,0.08333333333333333,11,11,TCCTCTTAGTGAGTGCATAG,0,598093
araCp,0.08333333333333333,11,11,TCCTCTGGCGTTTGTCTGTA,0,586389
araCp,0.08333333333333333,11,11,TCCTCCTAGGGGTCAGTCAG,0,545986
araCp,0.08333333333333333,11,11,TCCGTTCCTTCCTAATTTCT,0,536380
araCp,0.08333333333333333,11,11,TCCGCGTCCATAGGTTCTCG,0,573490
araCp,0.08333333333333333,11,11,TCCGCGGTTCGTAACGGTTA,0,537617
araCp,0.08333333333333333,11,11,TCCGAGGCCGGCCATACCCA,0,545334
araCp,0.08333333333333333,11,11,TCCCGGACCTTGGCCTCGTG,0,562672
araCp,0.08333333333333333,11,11,TCCCACCTAACGGTGACTCT,0,566113
araCp,0.08333333333333333,11,11,TCCATCAATAAATCTCTATA,0,551515
araCp,0.08333333333333333,11,11,TCCAAGCAACGGTAACACAC,0,550088
araCp,0.08333333333333333,11,11,TCCAAAAATACATCGTCTCC,0,529011
araCp,0.08333333333333333,11,11,TCATGTATCGGCACGGTGTC,0,542248
araCp,0.08333333333333333,11,11,TCAGTTTAAAGATTATTACG,0,561015
araCp,0.08333333333333333,11,11,TCAGTGTGGCAAATGGAATA,0,553143
araCp,0.08333333333333333,11,11,TCAGGGGGGTGCTGGGAGGA,0,589543
araCp,0.08333333333333333,11,11,TCACTGTGCTGAGGGATAGT,0,571445
araCp,0.08333333333333333,11,11,TCACAGGGGGATTTCAAGAC,0,535555
araCp,0.08333333333333333,11,11,TCAATTCCGTAGGGGGTCCA,0,601819
araCp,0.08333333333333333,11,11,TCAAGCTCTAGATCGCGGTG,0,600262
araCp,0.08333333333333333,11,11,TATTAGGGTGGACCGTTGCC,0,591696
araCp,0.08333333333333333,11,11,TATTAAATCATGAGACACAC,0,529657
araCp,0.08333333333333333,11,11,TATGGGTTGAAATGGGGATA,0,603054
araCp,0.08333333333333333,11,11,TATGCAGGCGTGTTTCGCGG,0,555910
araCp,0.08333333333333333,11,11,TATCGCCTGCTGATTCCACA,0,534837
araCp,0.08333333333333333,11,11,TATCGACACGATTCTCGCGA,0,543484
araCp,0.08333333333333333,11,11,TATCCTGCATCAGCGGATAC,0,541170
araCp,0.08333333333333333,11,11,TATCCTGAGCCTGTTGTGCT,0,537574
araCp,0.08333333333333333,11,11,TATACCCATGGACTCGGACT,0,578367
araCp,0.08333333333333333,11,11,TATACACCTGGACGGTAGTA,0,563309
araCp,0.08333333333333333,11,11,TATAAGGCAATTGCCCGGTT,0,589611
araCp,0.08333333333333333,11,11,TAGGTGAGGGACAAGGGCGC,0,589929
araCp,0.08333333333333333,11,11,TAGGCAGTCGGGTTGCTTTG,0,552066
araCp,0.08333333333333333,11,11,TAGGCACGAGCTTAGCCCGC,0,558623
araCp,0.08333333333333333,11,11,TAGGATCTTTTATTCAGCCA,0,588368
araCp,0.08333333333333333,11,11,TAGGAGTTCTATTTAGCGAG,0,564291
araCp,0.08333333333333333,11,11,TAGCGGTCACCGCCCGTAAT,0,595791
araCp,0.08333333333333333,11,11,TAGATACCGTAACGGGTGGG,0,550986
araCp,0.08333333333333333,11,11,TAGAGGTTCGTAGTCCCACT,0,550342
araCp,0.08333333333333333,11,11,TAGACGGCCGCCGATTAGTA,0,530145
araCp,0.08333333333333333,11,11,TAGACCGAACTATATGCATA,0,582433
araCp,0.08333333333333333,11,11,TACTGCCCTGTGAGGCGCGG,0,553412
araCp,0.08333333333333333,11,11,TACTCTGACTACCCGATACA,0,585393
araCp,0.08333333333333333,11,11,TACTCTCCAATAACTGGGAG,0,538127
araCp,0.08333333333333333,11,11,TACCTTTTAAGCGGTATGGA,0,582895
araCp,0.08333333333333333,11,11,TACCCGGGCTCAATGGGTGC,0,564004
araCp,0.08333333333333333,11,11,TACCCACGTGGGCTCATACG,0,590887
araCp,0.08333333333333333,11,11,TACAGGAGGTTCTGAACGGG,0,576565
araCp,0.08333333333333333,11,11,TACACGTGCAGTCATACAAG,0,532252
araCp,0.08333333333333333,11,11,TACACATGCAAAAGGACTAG,0,573460
araCp,0.08333333333333333,11,11,TACAACAAAATTGGAACACC,0,567234
araCp,0.08333333333333333,11,11,TAATCCACTATCTAGGGCGA,0,590404
araCp,0.08333333333333333,11,11,TAATAATGACACAACACAAC,0,547578
araCp,0.08333333333333333,11,11,TAAGCGATGGACCTCGGAAT,0,563615
araCp,0.08333333333333333,11,11,TAACGGCACTCTCAATGCAG,0,564755
araCp,0.08333333333333333,11,11,TAACGCCCACAGTAGAATCC,0,557621
araCp,0.08333333333333333,11,11,TAACAGGTGCGGCCGCTCGC,0,534667
araCp,0.08333333333333333,11,11,TAAATTGGTGGTGACGGCTA,0,559767
araCp,0.08333333333333333,11,11,TAAATTCTGGCATGGCAGGT,0,533364
araCp,0.08333333333333333,11,11,GTTTGCTAGAGATAAAGCGA,0,542981
araCp,0.08333333333333333,11,11,GTTTCGAGCCTCCACAGCTC,0,558072
araCp,0.08333333333333333,11,11,GTTTCATGCAAGTCACGTGG,0,581775
araCp,0.08333333333333333,11,11,GTTTACTCTTAAGGGGATCG,0,530026
araCp,0.08333333333333333,11,11,GTTTAAGCCCCGCCATACGT,0,565884
araCp,0.08333333333333333,11,11,GTTGTGGTCTGCCGACCACG,0,581322
araCp,0.08333333333333333,11,11,GTTGGGTCTTCCCCTAGGCG,0,544484
araCp,0.08333333333333333,11,11,GTTGCGCCCAGGTGTGGAAT,0,565119
araCp,0.08333333333333333,11,11,GTTGCATTTGCCTGTCTAAT,0,599554
araCp,0.08333333333333333,11,11,GTTCTGGCGCTTTGGCGGGA,0,597320
araCp,0.08333333333333333,11,11,GTTCTCACAGGCATGTAGCG,0,538463
araCp,0.08333333333333333,11,11,GTTCGTTATGGTACGTCTAC,0,576592
araCp,0.08333333333333333,11,11,GTTCGCCCCATTTGCAAACA,0,554555
araCp,0.08333333333333333,11,11,GTTCAACATCTGTTGACAGA,0,549930
araCp,0.08333333333333333,11,11,GTTATTGGACCTTCTGAAGG,0,555057
araCp,0.08333333333333333,11,11,GTTATGAAGTACTATGACAT,0,549660
araCp,0.08333333333333333,11,11,GTTAGGTGGTCAGCTCGGCG,0,552034
araCp,0.08333333333333333,11,11,GTTACCTCTCGGGTAGCACA,0,563396
araCp,0.08333333333333333,11,11,GTGTGTTGATTCTTCATTGT,0,601718
araCp,0.08333333333333333,11,11,GTGTGCGGCATACGGTGATG,0,533891
araCp,0.08333333333333333,11,11,GTGTGCAGCTCGTGACCTTA,0,583516
araCp,0.08333333333333333,11,11,GTGTATTTTAAGCCCCTTGC,0,599640
araCp,0.08333333333333333,11,11,GTGTAAGTGTACTACCAGTT,0,588530
araCp,0.08333333333333333,11,11,GTGGAGGCCCGAATCGTACA,0,572028
araCp,0.08333333333333333,11,11,GTGCGCGTGAACTCTGTCTT,0,531927
araCp,0.08333333333333333,11,11,GTGACCTTCAGGAACAGCCT,0,528553
araCp,0.08333333333333333,11,11,GTGAAGACGAGTTACTGAAA,0,527419
araCp,0.08333333333333333,11,11,GTCTTAACGGTCCCACTAAA,0,600338
araCp,0.08333333333333333,11,11,GTCTCTTACGTTCGTGCATG,0,559377
araCp,0.08333333333333333,11,11,GTCTATTAACCGTAGAATCG,0,540329
araCp,0.08333333333333333,11,11,GTCTATCGGTCCCAGACCAC,0,567187
araCp,0.08333333333333333,11,11,GTCTAACACCGGGCATCTGA,0,532429
araCp,0.08333333333333333,11,11,GTCGTGCACCGCCTTTAATA,0,594222
araCp,0.08333333333333333,11,11,GTCCTGAATACGGCCAACTG,0,569118
araCp,0.08333333333333333,11,11,GTCCGTGGAGTAATTAGCGA,0,533470
araCp,0.08333333333333333,11,11,GTCCGCACCAGGCAGGTCTG,0,585306
araCp,0.08333333333333333,11,11,GTCCCTCCCCGCTAGGCATG,0,529428
araCp,0.08333333333333333,11,11,GTCAGTACCCCCCCATTACT,0,537967
araCp,0.08333333333333333,11,11,GTCACTATGCGCGTGCGGAA,0,533907
araCp,0.08333333333333333,11,11,GTCACAGCACGCACCAGTAG,0,532616
araCp,0.08333333333333333,11,11,GTATTCCACTCTAAGTCCCA,0,601030
araCp,0.08333333333333333,11,11,GTATGGGACACTCCAAGGGT,0,550816
araCp,0.08333333333333333,11,11,GTATCCGTATCCGAATAGCA,0,534782
araCp,0.08333333333333333,11,11,GTATCCGGATTAGCACCGCG,0,601637
araCp,0.08333333333333333,11,11,GTATACCTTGAATTTGTGTT,0,541897
araCp,0.08333333333333333,11,11,GTATAACTCCTAATTTTTCC,0,586083
araCp,0.08333333333333333,11,11,GTATAAATTCGGGGCACGGC,0,587137
araCp,0.08333333333333333,11,11,GTAGGTATGCAGCGCCAGGG,0,589043
araCp,0.08333333333333333,11,11,GTAGGCACGCTTGCGTGTCC,0,532326
araCp,0.08333333333333333,11,11,GTAGCTGGTTGTCTGATGTC,0,551963
araCp,0.08333333333333333,11,11,GTACTGTGTGCGGAGCGGAG,0,601743
araCp,0.08333333333333333,11,11,GTAATGGCAGGGGTAAGCAG,0,563553
araCp,0.08333333333333333,11,11,GTAATATGAGAAGTTGCCAA,0,555549
araCp,0.08333333333333333,11,11,GTAATACTCGCCAACGTGGA,0,599397
araCp,0.08333333333333333,11,11,GTAAGGGCACTCGCCCCTTA,0,530946
araCp,0.08333333333333333,11,11,GGTTTACGGCCGACTTCATC,0,562502
araCp,0.08333333333333333,11,11,GGTTGGCCCAGAGTGTAAGT,0,549042
araCp,0.08333333333333333,11,11,GGTTACCATGGTTCGACAAT,0,555724
araCp,0.08333333333333333,11,11,GGTGGGCCATGGAGAAGGGA,0,530895
araCp,0.08333333333333333,11,11,GGTGCGTCGGTTACCGTCTA,0,568229
araCp,0.08333333333333333,11,11,GGTGAGTTGCAGGCAACCAA,0,581080
araCp,0.08333333333333333,11,11,GGTCGATAGCGCACATGCGG,0,559828
araCp,0.08333333333333333,11,11,GGTATATTGGGGAGCAGAGA,0,560853
araCp,0.08333333333333333,11,11,GGTAGGTTAATTGGAACAAG,0,595477
araCp,0.08333333333333333,11,11,GGTAGGAACCCGGATGGCCA,0,584419
araCp,0.08333333333333333,11,11,GGTACGTGCAGGCGTAAAGT,0,577524
araCp,0.08333333333333333,11,11,GGTACGCCTCTGAAGGAGAT,0,573005
araCp,0.08333333333333333,11,11,GGTACGAACTATTGTAGAAA,0,601915
araCp,0.08333333333333333,11,11,GGGTGATAAATCTAAGGTTT,0,548708
araCp,0.08333333333333333,11,11,GGGTATTGCTGAACCTTCAA,0,572292
araCp,0.08333333333333333,11,11,GGGTACTAGGCCTGGGCGCT,0,563074
araCp,0.08333333333333333,11,11,GGGCTGCAGTGGTCAACGGT,0,574282
araCp,0.08333333333333333,11,11,GGGCACCTGCCCGAAGGGCA,0,561270
araCp,0.08333333333333333,11,11,GGGATTTCGTACAGGCGTCG,0,557158
araCp,0.08333333333333333,11,11,GGGATTGAAACGTTGACGAC,0,587841
araCp,0.08333333333333333,11,11,GGGATACTTTACTGTTTGAT,0,570342
araCp,0.08333333333333333,11,11,GGGACTGCGATATCAACTAT,0,555362
araCp,0.08333333333333333,11,11,GGGACTCCCTCTAGGCTTAT,0,542057
araCp,0.08333333333333333,11,11,GGCTGTGTAGTCTATTTTTG,0,531655
araCp,0.08333333333333333,11,11,GGCTGCGTATAAACAAGACC,0,538794
araCp,0.08333333333333333,11,11,GGCTCTCATACCGGACATGA,0,564414
araCp,0.08333333333333333,11,11,GGCTATCCGGCAGAGCGCGA,0,526232
araCp,0.08333333333333333,11,11,GGCGTTAGCGGTGCGTTTAA,0,539744
araCp,0.08333333333333333,11,11,GGCGCGAACATGTACTGCCA,0,601673
araCp,0.08333333333333333,11,11,GGCGCAGCCGTACAGTAGGT,0,589297
araCp,0.08333333333333333,11,11,GGCGACTGAAATACGCGCCT,0,591956
araCp,0.08333333333333333,11,11,GGCCTTGGAAACGATCATTT,0,539260
araCp,0.08333333333333333,11,11,GGCATTGAAAACAGAGCATG,0,581049
araCp,0.08333333333333333,11,11,GGCATGAGACCGATTAATAC,0,597882
araCp,0.08333333333333333,11,11,GGCAGGCACCCGCACACTCA,0,558018
araCp,0.08333333333333333,11,11,GGATGTGCTTGTGTCAAATC,0,525598
araCp,0.08333333333333333,11,11,GGATGCCAGTTTCACAGGAG,0,556421
araCp,0.08333333333333333,11,11,GGATACCAGGGTTTGTTGAA,0,555143
araCp,0.08333333333333333,11,11,GGAGGCCCTTTGTATAATGA,0,560974
araCp,0.08333333333333333,11,11,GGACTTGACCCCAAAGTCTA,0,549659
araCp,0.08333333333333333,11,11,GGACCCCCTCGCGTTATTAT,0,549147
araCp,0.08333333333333333,11,11,GGACATGGCTCATTTGTTTG,0,575927
araCp,0.08333333333333333,11,11,GGAATACGGCCGCGTCGTCT,0,541115
araCp,0.08333333333333333,11,11,GGAACGAACTTGTGTAGTGA,0,562727
araCp,0.08333333333333333,11,11,GCTTTCCCATTAGACACCAC,0,556038
araCp,0.08333333333333333,11,11,GCTTTCCATATAGGCCATAA,0,595881
araCp,0.08333333333333333,11,11,GCTTTAGTTGGCGGCCCAGA,0,559117
araCp,0.08333333333333333,11,11,GCTTGTTCCCCACAGCGTAT,0,552780
araCp,0.08333333333333333,11,11,GCTTGGTTGTTAAACAGTGG,0,548564
araCp,0.08333333333333333,11,11,GCTTGAAGAACACGCCGCTA,0,582632
araCp,0.08333333333333333,11,11,GCTTCGCGCGTAATGGAGTA,0,551151
araCp,0.08333333333333333,11,11,GCTTACCACAGGCCATTACA,0,584631
araCp,0.08333333333333333,11,11,GCTGGATCGACTGCGTATGC,0,537013
araCp,0.08333333333333333,11,11,GCTGCCCCACCTAATGGCCA,0,564268
araCp,0.08333333333333333,11,11,GCTCTAGCTGTTTTCGAGAA,0,551665
araCp,0.08333333333333333,11,11,GCTCCCGAGCGCCCGCCCAA,0,569301
araCp,0.08333333333333333,11,11,GCTATGTATTGGATTCCCAG,0,581191
araCp,0.08333333333333333,11,11,GCTAGAAGTAGACACGGTGG,0,584677
araCp,0.08333333333333333,11,11,GCTACTCAAATACAGCTGGA,0,596532
araCp,0.08333333333333333,11,11,GCTACCACTAGCTGCTTCGA,0,548483
araCp,0.08333333333333333,11,11,GCTACATTCTCAAGATCTTG,0,546059
araCp,0.08333333333333333,11,11,GCGTTTATATCTCCTATTGG,0,569968
araCp,0.08333333333333333,11,11,GCGTGGTTAAGCGGACCGCA,0,535141
araCp,0.08333333333333333,11,11,GCGGGCTTCTAATAGAGCCC,0,561179
araCp,0.08333333333333333,11,11,GCGGCGAGCGAAAGGTGAGT,0,542935
araCp,0.08333333333333333,11,11,GCGGCATAATTTCAGGTAAG,0,586660
araCp,0.08333333333333333,11,11,GCGGAACTAAGATGGCTCGT,0,596489
araCp,0.08333333333333333,11,11,GCGCAGCCGTAACAAATCTA,0,573029
araCp,0.08333333333333333,11,11,GCGCAAGGTTATGCTTTATT,0,563477
araCp,0.08333333333333333,11,11,GCGCAAGACGCTGACTGGAT,0,582126
araCp,0.08333333333333333,11,11,GCGCAAATCACCGCCTCGGT,0,596139
araCp,0.08333333333333333,11,11,GCGAGACACGGAGTTACCCC,0,600235
araCp,0.08333333333333333,11,11,GCGACCAGAATATTACGACG,0,593131
araCp,0.08333333333333333,11,11,GCGACATGCCTATGTATTTA,0,593078
araCp,0.08333333333333333,11,11,GCGAAACGTGATAGGAAAAA,0,602833
araCp,0.08333333333333333,11,11,GCGAAAATAAGGGCACTTCT,0,588716
araCp,0.08333333333333333,11,11,GCCTATTTTATGAGCACAGC,0,576953
araCp,0.08333333333333333,11,11,GCCGTTTGTAGATGGCTAAT,0,596304
araCp,0.08333333333333333,11,11,GCCGTACACGCCTGGCAGCG,0,578088
araCp,0.08333333333333333,11,11,GCCGCCACAGAGTACACGGT,0,564336
araCp,0.08333333333333333,11,11,GCCCGTGTACTCGACATTAT,0,535477
araCp,0.08333333333333333,11,11,GCCCCACAGGTAGGGTAAAA,0,582905
araCp,0.08333333333333333,11,11,GCCAGGTCCGGTGAGAGGCA,0,590418
araCp,0.08333333333333333,11,11,GCCAAGCAATAGAATTCCCA,0,530502
araCp,0.08333333333333333,11,11,GCCAACGGGGTTCGGGCGAT,0,576242
araCp,0.08333333333333333,11,11,GCCAAATGGTGGGTGGCTCA,0,544683
araCp,0.08333333333333333,11,11,GCATGTTACCGGTATCTGGA,0,597244
araCp,0.08333333333333333,11,11,GCATCCTGAGCATGGTACTA,0,549301
araCp,0.08333333333333333,11,11,GCATCATAATGTACCTACAT,0,594026
araCp,0.08333333333333333,11,11,GCAGTCTTACGCCCGACTGA,0,578208
araCp,0.08333333333333333,11,11,GCAGGAAATGAAATGTTAGT,0,540882
araCp,0.08333333333333333,11,11,GCACTTTGCCTTGAGCAGGT,0,563609
araCp,0.08333333333333333,11,11,GCACTGGTCCTTGAAGTGAC,0,565752
araCp,0.08333333333333333,11,11,GCACGGGAATCGTTATGGCT,0,563868
araCp,0.08333333333333333,11,11,GCACCATGAATCCATATATG,0,559323
araCp,0.08333333333333333,11,11,GCACACTTGTGGAATAGGGA,0,581729
araCp,0.08333333333333333,11,11,GCACACTGTAGGGCAAAGCG,0,578753
araCp,0.08333333333333333,11,11,GCACACGCATCCCGTCTCCC,0,533742
araCp,0.08333333333333333,11,11,GCAATGTGCAACGTCGTACT,0,560129
araCp,0.08333333333333333,11,11,GCAATGTCTATACGGAACCG,0,527212
araCp,0.08333333333333333,11,11,GCAAGTGGGGCGTTTAGCAT,0,553025
araCp,0.08333333333333333,11,11,GCAAGCGGCTGCTACATAAC,0,592391
araCp,0.08333333333333333,11,11,GCAAGCAGGGAACCGCGCCA,0,601918
araCp,0.08333333333333333,11,11,GATTTTGCCCTGCTGGGAAT,0,564347
araCp,0.08333333333333333,11,11,GATTGGGTAGACCGCTGTAT,0,569735
araCp,0.08333333333333333,11,11,GATTAGCAATGGTCCTCACC,0,589863
araCp,0.08333333333333333,11,11,GATGGCGAAGAGAAGGAGCT,0,567681
araCp,0.08333333333333333,11,11,GATGGCCACGCTTTAGGTAC,0,565992
araCp,0.08333333333333333,11,11,GATGCGGGGTAGGATCTTGA,0,579112
araCp,0.08333333333333333,11,11,GATGATCCAACAATGAAGCG,0,580371
araCp,0.08333333333333333,11,11,GATCCGCGTTAGCACCTCCT,0,559358
araCp,0.08333333333333333,11,11,GATCACGGGTCACATATGTT,0,587594
araCp,0.08333333333333333,11,11,GATATTCAATTTCGAGCCGC,0,543655
araCp,0.08333333333333333,11,11,GATAAACTTGCCCGTAATGT,0,578819
araCp,0.08333333333333333,11,11,GAGTTCCGATTGTTGCATGG,0,567126
araCp,0.08333333333333333,11,11,GAGTCGGCGTGCGTAGGTAG,0,532273
araCp,0.08333333333333333,11,11,GAGCGTATTGCGCTCACATT,0,549251
araCp,0.08333333333333333,11,11,GAGCGAGTGTTACGGGTCGA,0,532393
araCp,0.08333333333333333,11,11,GAGCATCCCACTAAGCACGA,0,576873
araCp,0.08333333333333333,11,11,GAGCATATGGGAATCGCTCA,0,569601
araCp,0.08333333333333333,11,11,GAGATTAGCCTACATGTTCT,0,571071
araCp,0.08333333333333333,11,11,GAGACATACCCGGAGGGGTT,0,595557
araCp,0.08333333333333333,11,11,GACTTTATTCTGTGGCCCGA,0,560272
araCp,0.08333333333333333,11,11,GACTTAATGGTCATACCGTC,0,562264
araCp,0.08333333333333333,11,11,GACTGCCAAGGCGAAGTCCT,0,575178
araCp,0.08333333333333333,11,11,GACTAGCGCTTATCTCACAG,0,581484
araCp,0.08333333333333333,11,11,GACGTAATTGTCACTGGATG,0,558993
araCp,0.08333333333333333,11,11,GACGCGGTAATGAATATCCC,0,603684
araCp,0.08333333333333333,11,11,GACGAGCAGGTAGAGCCGGT,0,582070
araCp,0.08333333333333333,11,11,GACCTTTGCCTTGGAAATTG,0,564770
araCp,0.08333333333333333,11,11,GACATCCGGCACACGCTCGC,0,557992
araCp,0.08333333333333333,11,11,GACATATCCTTAGGGCAGCA,0,577829
araCp,0.08333333333333333,11,11,GACACCCGTGAACACTTTTT,0,564036
araCp,0.08333333333333333,11,11,GACAACTGACTCGGACAGTA,0,573581
araCp,0.08333333333333333,11,11,GAATTTAGAAGCTATGGATT,0,573039
araCp,0.08333333333333333,11,11,GAATGCTTTTTATTTCTTGT,0,574868
araCp,0.08333333333333333,11,11,GAATGAGTCTCGAAGTGCGT,0,527506
araCp,0.08333333333333333,11,11,GAATATGTTGTAGAGTACTT,0,557715
araCp,0.08333333333333333,11,11,GAAGTCTCGCGGATAACGTT,0,540193
araCp,0.08333333333333333,11,11,GAAGTAGAACGCCACTCGCC,0,558504
araCp,0.08333333333333333,11,11,GAAGGCACACTCAAGAAAGG,0,539993
araCp,0.08333333333333333,11,11,GAAGGACTTCCATTGGAATA,0,566811
araCp,0.08333333333333333,11,11,GAAGAATTTCAACGTTAGTC,0,547011
araCp,0.08333333333333333,11,11,GAACAAGAATAGAACGATTA,0,555556
araCp,0.08333333333333333,11,11,GAAAGTCTGACCTGACGGGG,0,553288
araCp,0.08333333333333333,11,11,GAAAATTGCGAGACCTCTAG,0,594674
araCp,0.08333333333333333,11,11,CTTTTGTAGCTCAAATAAAC,0,586978
araCp,0.08333333333333333,11,11,CTTTTACAATACGACGCGCG,0,575464
araCp,0.08333333333333333,11,11,CTTTGATGAGAGAATCATTT,0,589163
araCp,0.08333333333333333,11,11,CTTTAGGGTTGTCCTAATCC,0,541006
araCp,0.08333333333333333,11,11,CTTTAAACAAAAGGCCTGTT,0,554285
araCp,0.08333333333333333,11,11,CTTGGGTGGTGCCTCATGGG,0,571431
araCp,0.08333333333333333,11,11,CTTGCTTGGTTACAAGAGTA,0,543399
araCp,0.08333333333333333,11,11,CTTGCTGGATTAGGTGATCA,0,571827
araCp,0.08333333333333333,11,11,CTTGCATGTTTATCTTACTC,0,587381
araCp,0.08333333333333333,11,11,CTTCTTAGCCAAACAGGACA,0,527098
araCp,0.08333333333333333,11,11,CTTCGCAAGGTGCGGGTAGG,0,555029
araCp,0.08333333333333333,11,11,CTTATACAATTTCACTCGGC,0,537846
araCp,0.08333333333333333,11,11,CTTAGATCCTGACTAATGTC,0,529658
araCp,0.08333333333333333,11,11,CTTACGCTCGGGGTGTTGAC,0,583999
araCp,0.08333333333333333,11,11,CTTACCCGTCCTAGCAAGGA,0,594655
araCp,0.08333333333333333,11,11,CTTACACCAGCCAAGCTGTG,0,562750
araCp,0.08333333333333333,11,11,CTGTCTGCGACATAGCTGGT,0,555202
araCp,0.08333333333333333,11,11,CTGGGACGGCGTGGGAAAGG,0,589501
araCp,0.08333333333333333,11,11,CTGGCATTAAAGGTAGCATC,0,586047
araCp,0.08333333333333333,11,11,CTGGAAGCGGATACATTCGC,0,577888
araCp,0.08333333333333333,11,11,CTGCATATTTCAAGGTGAGG,0,539557
araCp,0.08333333333333333,11,11,CTGCAATGCCACGCCAATGA,0,591112
araCp,0.08333333333333333,11,11,CTGATCTATGCCGCCCCAAG,0,541430
araCp,0.08333333333333333,11,11,CTGATATGTTCTTCTACGCC,0,545329
araCp,0.08333333333333333,11,11,CTGAGGACCACCTATTGATC,0,593919
araCp,0.08333333333333333,11,11,CTGAAAACAGAATGGTCCGG,0,558360
araCp,0.08333333333333333,11,11,CTCTTTCACAAAGTGTCTTA,0,561918
araCp,0.08333333333333333,11,11,CTCTGGGGCTTATTCATTGT,0,587296
araCp,0.08333333333333333,11,11,CTCTATCAACTCGAAGCTAT,0,527364
araCp,0.08333333333333333,11,11,CTCTAGCGCAAGTTGTAGGC,0,585201
araCp,0.08333333333333333,11,11,CTCGTTCGGTAATTTAGATC,0,588457
araCp,0.08333333333333333,11,11,CTCGTATAGCTGGGCAGGTT,0,573962
araCp,0.08333333333333333,11,11,CTCGGTGATGTAGTTTGGTG,0,593497
araCp,0.08333333333333333,11,11,CTCGGAGAGCTAATAACGAG,0,598693
araCp,0.08333333333333333,11,11,CTCGCCTGGCGGTCTATATT,0,571635
araCp,0.08333333333333333,11,11,CTCCTTGGCGCGGTGCTGTC,0,586321
araCp,0.08333333333333333,11,11,CTCCTCCTAATAGGAGGAAG,0,543708
araCp,0.08333333333333333,11,11,CTCCACAGCCCGACCGGAAA,0,549233
araCp,0.08333333333333333,11,11,CTCAGGCAAGGTCGATTCGA,0,572117
araCp,0.08333333333333333,11,11,CTATTTGGCATTGTCCCCAA,0,552942
araCp,0.08333333333333333,11,11,CTATATTTCTTTGTTGGCAG,0,542721
araCp,0.08333333333333333,11,11,CTAGGTGCCCCTATAGTAAC,0,562861
araCp,0.08333333333333333,11,11,CTAGGGAGACTGATAGCATG,0,553176
araCp,0.08333333333333333,11,11,CTACTTAATGTTAGTGGCGT,0,587975
araCp,0.08333333333333333,11,11,CTAATCAAGTACTTCCCTCA,0,598385
araCp,0.08333333333333333,11,11,CTAAGGGTCAAAAATACGAT,0,589045
araCp,0.08333333333333333,11,11,CTAAGCATTAGGGAACGCTA,0,579298
araCp,0.08333333333333333,11,11,CTAACTTTGCTCCAAAACTC,0,584617
araCp,0.08333333333333333,11,11,CTAAATGCATGGCGTCTGAG,0,556262
araCp,0.08333333333333333,11,11,CTAAAGTGGCGTACACGCCT,0,576994
araCp,0.08333333333333333,11,11,CGTTTGTCATGGCACCCGTA,0,543039
araCp,0.08333333333333333,11,11,CGTTCTAGCATCCAGCGGGA,0,569054
araCp,0.08333333333333333,11,11,CGTTCAGAGCCACGAATCGC,0,554107
araCp,0.08333333333333333,11,11,CGTTATATAGAATTTCTCTA,0,590443
araCp,0.08333333333333333,11,11,CGTGTTGGAAATCGTGTTTA,0,596397
araCp,0.08333333333333333,11,11,CGTGTGCTGTCGCAAATATT,0,545550
araCp,0.08333333333333333,11,11,CGTGGTCGAGTCGTCACCGT,0,570773
araCp,0.08333333333333333,11,11,CGTGGAGGCCAGATAACTCC,0,559199
araCp,0.08333333333333333,11,11,CGTGATTGCGAGTCGTCTCA,0,581382
araCp,0.08333333333333333,11,11,CGTCTTAGCGATCACTGCAT,0,602036
araCp,0.08333333333333333,11,11,CGTCGCCAGCGCATGCCCGC,0,588205
araCp,0.08333333333333333,11,11,CGTCCCCAATCCAGGATGGT,0,538550
araCp,0.08333333333333333,11,11,CGTCCAACGAGGCTGCAAGT,0,589415
araCp,0.08333333333333333,11,11,CGTATAGCCAGCATCAGCAA,0,591832
araCp,0.08333333333333333,11,11,CGTAGCTGATAGATTTGCCC,0,560988
araCp,0.08333333333333333,11,11,CGTACGACGGTGTTCGAGGA,0,585011
araCp,0.08333333333333333,11,11,CGTAACAAGTTACGCGATTC,0,542493
araCp,0.08333333333333333,11,11,CGGTTCAGTCTATAGGCGTA,0,534607
araCp,0.08333333333333333,11,11,CGGTTACTGTGCTAAGGGAA,0,545750
araCp,0.08333333333333333,11,11,CGGTCAGCTCTTTTCAAGGC,0,586251
araCp,0.08333333333333333,11,11,CGGTATGCCTCAAACACACG,0,570767
araCp,0.08333333333333333,11,11,CGGGGAACATTCTCATTCGA,0,594166
araCp,0.08333333333333333,11,11,CGGGCTTTCCTAATCTAATG,0,566888
araCp,0.08333333333333333,11,11,CGGCGGTGGAGAGAAGGACT,0,536265
araCp,0.08333333333333333,11,11,CGGCGGCATGCGAGCAGATT,0,540826
araCp,0.08333333333333333,11,11,CGGCGCCTGGGTTTGACGAG,0,553509
araCp,0.08333333333333333,11,11,CGGCGAGGAGTTTTTTATAA,0,550652
araCp,0.08333333333333333,11,11,CGGACTATGCGTCGGTCTTA,0,544100
araCp,0.08333333333333333,11,11,CGGACCGGGAGGCTAGGATA,0,578526
araCp,0.08333333333333333,11,11,CGGAATGCGCCTAAACACAA,0,536906
araCp,0.08333333333333333,11,11,CGGAAGTGCACGTTGGAACA,0,538299
araCp,0.08333333333333333,11,11,CGGAAGATCGCAATATGTTA,0,579557
araCp,0.08333333333333333,11,11,CGCTGCACGAAGGGGCCGGA,0,556516
araCp,0.08333333333333333,11,11,CGCTAGTCAGTCCTGGTTAG,0,529556
araCp,0.08333333333333333,11,11,CGCCGTTAGTAGTTGAATTA,0,568090
araCp,0.08333333333333333,11,11,CGCCGTGAAAGGCTAACAGA,0,585832
araCp,0.08333333333333333,11,11,CGCCGGATCTGAGTAATTTA,0,547358
araCp,0.08333333333333333,11,11,CGCCGGAGCATATGAAATAG,0,588809
araCp,0.08333333333333333,11,11,CGCCACCTATCACCAGGTTC,0,558225
araCp,0.08333333333333333,11,11,CGCATGATAGTACGGGGATG,0,599726
araCp,0.08333333333333333,11,11,CGATTGCTGGTCGGGCAGAT,0,544176
araCp,0.08333333333333333,11,11,CGATTCTCTAATAACATTCC,0,570213
araCp,0.08333333333333333,11,11,CGATACTATAAATGTGGTGC,0,535305
araCp,0.08333333333333333,11,11,CGAGTGGACAAGTGGTTCTG,0,564566
araCp,0.08333333333333333,11,11,CGAGGGTGCCTCCTAAGTTC,0,561450
araCp,0.08333333333333333,11,11,CGAGCCGCGGTCATATCCGT,0,552614
araCp,0.08333333333333333,11,11,CGAGAGTCCTTTGCATAATT,0,578448
araCp,0.08333333333333333,11,11,CGACTGGCGTTGTCGTACAG,0,537554
araCp,0.08333333333333333,11,11,CGACTAATTGTGGCAGTCCG,0,528747
araCp,0.08333333333333333,11,11,CGACGAGGATGGGATAGAGG,0,561449
araCp,0.08333333333333333,11,11,CGACAGTAAGGTTTCTTCGG,0,579308
araCp,0.08333333333333333,11,11,CGAATTGCAGAAGGTTAGGG,0,564454
araCp,0.08333333333333333,11,11,CGAAACGCGCATAAGGTTGA,0,603244
araCp,0.08333333333333333,11,11,CCTTTTATGCGTAGTGGGCT,0,602508
araCp,0.08333333333333333,11,11,CCTTGATTAGGCTCGCGGTA,0,534916
araCp,0.08333333333333333,11,11,CCTTCTGTAGAATAATTTGA,0,597350
araCp,0.08333333333333333,11,11,CCTTCGCTGAACTACATCAT,0,560616
araCp,0.08333333333333333,11,11,CCTTCCAGGTAGTTTATTTG,0,579535
araCp,0.08333333333333333,11,11,CCTGGCGGCCAGGCGAGTCC,0,544066
araCp,0.08333333333333333,11,11,CCTGAAGGGGCACACACGGT,0,576063
araCp,0.08333333333333333,11,11,CCTCCAATGTCAGAGCCGAC,0,539247
araCp,0.08333333333333333,11,11,CCTCATCTCTGTCACAGCAA,0,575111
araCp,0.08333333333333333,11,11,CCTCAACCTTGGGGCTTAAG,0,526778
araCp,0.08333333333333333,11,11,CCTATTTGGAATCCGTTAGC,0,580164
araCp,0.08333333333333333,11,11,CCTACGCTCCGTGTCTAGCA,0,600413
araCp,0.08333333333333333,11,11,CCTAAGGTTCGATTCCAATT,0,551415
araCp,0.08333333333333333,11,11,CCGTGTGCTCTTTCAGGCCA,0,578533
araCp,0.08333333333333333,11,11,CCGTGGTCCGTCCGGCACCT,0,547020
araCp,0.08333333333333333,11,11,CCGTCAATCAAGTAGCGAAT,0,565803
araCp,0.08333333333333333,11,11,CCGTATTTAAATTAGTAGTT,0,528845
araCp,0.08333333333333333,11,11,CCGGTGTCGCCGGTCCGCTA,0,532669
araCp,0.08333333333333333,11,11,CCGGCCAGCGTCACATCAAT,0,534154
araCp,0.08333333333333333,11,11,CCCTATACAATGTTAACGTG,0,547588
araCp,0.08333333333333333,11,11,CCCTAGGGCATTCTCGCCCT,0,557973
araCp,0.08333333333333333,11,11,CCCGTTTATAATGTGTGCTT,0,550776
araCp,0.08333333333333333,11,11,CCCGTCTCTCACTATGCCTG,0,526074
araCp,0.08333333333333333,11,11,CCCGGTCCGGCGTACCTCGG,0,585208
araCp,0.08333333333333333,11,11,CCCGGGGTCTGTGCTGAAAG,0,533697
araCp,0.08333333333333333,11,11,CCCCTTTAATTTATGCGTAC,0,544753
araCp,0.08333333333333333,11,11,CCCCCGACGGGCTAGTTGTC,0,575223
araCp,0.08333333333333333,11,11,CCCCAGTGATCGAGCATGAG,0,540981
araCp,0.08333333333333333,11,11,CCCATTCGGCAATTCCCTAC,0,532495
araCp,0.08333333333333333,11,11,CCCATCGACTAATGCTTAGC,0,561600
araCp,0.08333333333333333,11,11,CCCATAATCGACTCGGGAAT,0,558929
araCp,0.08333333333333333,11,11,CCCAGTAGGAGCTCGGCTTA,0,560137
araCp,0.08333333333333333,11,11,CCATTTTTTTGTGACGAGTT,0,565237
araCp,0.08333333333333333,11,11,CCATTGATGACGGGCAGTCT,0,562640
araCp,0.08333333333333333,11,11,CCATTCCAAAGCTTGGCTCT,0,571574
araCp,0.08333333333333333,11,11,CCATGACTGCTAGCTTCATG,0,558662
araCp,0.08333333333333333,11,11,CCAGTTTTTGAAAATCGCCA,0,568349
araCp,0.08333333333333333,11,11,CCAGTTTGCGTTGGAACCCA,0,554004
araCp,0.08333333333333333,11,11,CCAGGATGTATTAACTCGCT,0,545034
araCp,0.08333333333333333,11,11,CCAGCGGAATCCTTTCCCTG,0,542619
araCp,0.08333333333333333,11,11,CCAGCACTAGGCACGTCAGG,0,556659
araCp,0.08333333333333333,11,11,CCAGACTGTTCATATCAAAC,0,531423
araCp,0.08333333333333333,11,11,CCAGACATAGCAGAGCTCCA,0,588828
araCp,0.08333333333333333,11,11,CCACGCCCGAATGCAGAGTA,0,555204
araCp,0.08333333333333333,11,11,CCACGAGGCTAGTTCTGGAT,0,573997
araCp,0.08333333333333333,11,11,CCAATTACATTTCATTCACA,0,559942
araCp,0.08333333333333333,11,11,CCAAAGGGGGAATTTAGGTT,0,545073
araCp,0.08333333333333333,11,11,CCAAAGAGCCCCGACTTAAT,0,555476
araCp,0.08333333333333333,11,11,CATTTTAGCTAGGCAAGGCG,0,542637
araCp,0.08333333333333333,11,11,CATTGCATGTCTAGGCTTAT,0,563505
araCp,0.08333333333333333,11,11,CATTCATTAACAGTTAACGT,0,603397
araCp,0.08333333333333333,11,11,CATTAATACCAGTACGGGCA,0,559602
araCp,0.08333333333333333,11,11,CATTAACAGGTAGAGACCGT,0,569182
araCp,0.08333333333333333,11,11,CATGGCGCGCGCCCTCGGGA,0,531189
araCp,0.08333333333333333,11,11,CATGCAAGTAAGTCTAGTTT,0,536794
araCp,0.08333333333333333,11,11,CATGACAAGCGTTCTGTCGT,0,578100
araCp,0.08333333333333333,11,11,CATCTGAGGTGCCAGCGTGG,0,581761
araCp,0.08333333333333333,11,11,CATCGTTTTTACCACACGGT,0,553762
araCp,0.08333333333333333,11,11,CATCCGCGCGAGCGAATCGA,0,557926
araCp,0.08333333333333333,11,11,CATCCCTTTCCGGTCCTGTG,0,585382
araCp,0.08333333333333333,11,11,CATATATATCAGGTCGCACT,0,586551
araCp,0.08333333333333333,11,11,CATAGGGGGCAGTGGGCATA,0,533964
araCp,0.08333333333333333,11,11,CAGTTTGTCCCATAGTCATG,0,555939
araCp,0.08333333333333333,11,11,CAGTTGAATTGACCACAACC,0,542979
araCp,0.08333333333333333,11,11,CAGTGCGTGCCTGTATGCTG,0,594257
araCp,0.08333333333333333,11,11,CAGTGCATGTCTCAGTTCAG,0,599155
araCp,0.08333333333333333,11,11,CAGTGCATCGGTCAGATTTA,0,542109
araCp,0.08333333333333333,11,11,CAGTCTTTTAGGCACTACTA,0,600767
araCp,0.08333333333333333,11,11,CAGTCTAGCTGTGATGCGGC,0,546202
araCp,0.08333333333333333,11,11,CAGTCGTTATTCATTATGGC,0,587075
araCp,0.08333333333333333,11,11,CAGGTCTAGATCAAAAAGCC,0,582389
araCp,0.08333333333333333,11,11,CAGGGGTCATTCTTTTGTCC,0,598531
araCp,0.08333333333333333,11,11,CAGGGAGCATTAAGGACATA,0,592527
araCp,0.08333333333333333,11,11,CAGGCTCCGCCGACCAACTA,0,586884
araCp,0.08333333333333333,11,11,CAGCCTCCACGGCGGCATCA,0,526115
araCp,0.08333333333333333,11,11,CAGCCCATCGGTGTCACGTT,0,578601
araCp,0.08333333333333333,11,11,CAGAGGAGGCCCGCCGAGGG,0,588152
araCp,0.08333333333333333,11,11,CACTTATGTAGGGAGAGGCT,0,540620
araCp,0.08333333333333333,11,11,CACTTAGCGAACAGCCACGG,0,595356
araCp,0.08333333333333333,11,11,CACTGTCCTGGTGCCCGGTG,0,560843
araCp,0.08333333333333333,11,11,CACTCGAGGGACGTATGTGC,0,571617
araCp,0.08333333333333333,11,11,CACGCGGTCGGAAATGACTA,0,570974
araCp,0.08333333333333333,11,11,CACGATGGCCGGTTTGCCGG,0,566051
araCp,0.08333333333333333,11,11,CACCGTGTGGGCTAAGTCAC,0,580495
araCp,0.08333333333333333,11,11,CACCGTATTCGGACAATTTT,0,566292
araCp,0.08333333333333333,11,11,CACACCGCGTCTCACCGAAT,0,530736
araCp,0.08333333333333333,11,11,CACAATTCCCGAGATGCAAA,0,536672
araCp,0.08333333333333333,11,11,CACAAACAGCCCAAAACTTT,0,558854
araCp,0.08333333333333333,11,11,CAATTTAAGCGGGGAGGTAG,0,572157
araCp,0.08333333333333333,11,11,CAATGTAATGGAAGCATGAG,0,577504
araCp,0.08333333333333333,11,11,CAATGACTCTGGGAGGAAGG,0,538044
araCp,0.08333333333333333,11,11,CAAGTCTCCATTGTCAGGTG,0,552701
araCp,0.08333333333333333,11,11,CAAGCCACCGAAGTTTGAGA,0,525884
araCp,0.08333333333333333,11,11,CAAGAACGCTCTCTGGTCGT,0,561451
araCp,0.08333333333333333,11,11,CAACTAAAACCCTATTCAGC,0,577494
araCp,0.08333333333333333,11,11,CAACGTATGGTTTTGGCTCA,0,541203
araCp,0.08333333333333333,11,11,CAACGGTGCGCAGTAGTCCG,0,592633
araCp,0.08333333333333333,11,11,CAACAGGAAACATCCCGATG,0,563858
araCp,0.08333333333333333,11,11,CAACAGCCGAGGTTTACAGC,0,527077
araCp,0.08333333333333333,11,11,CAACAAACCACCGCTCCTCA,0,578335
araCp,0.08333333333333333,11,11,CAAAGCATTGTGGTTGCGGA,0,530959
araCp,0.08333333333333333,11,11,CAAAATGGTAGATATGCACG,0,578221
araCp,0.08333333333333333,11,11,CAAAAAGGCGCACACCCAGA,0,574041
araCp,0.08333333333333333,11,11,ATTTTGGCCACCTTGAACTC,0,558485
araCp,0.08333333333333333,11,11,ATTTGGTCATGTCGCGCTAG,0,536105
araCp,0.08333333333333333,11,11,ATTTCCGCGCCCTAAAGTGT,0,590922
araCp,0.08333333333333333,11,11,ATTGTTTAAGGCGAATGTGA,0,526037
araCp,0.08333333333333333,11,11,ATTGTGTGGGACAAGGTACC,0,553758
araCp,0.08333333333333333,11,11,ATTGAGCATACCCCTCCATT,0,575015
araCp,0.08333333333333333,11,11,ATTCTATTACAGGGGTAGAG,0,587479
araCp,0.08333333333333333,11,11,ATTCTAAGGAAGCAGGCTGT,0,574542
araCp,0.08333333333333333,11,11,ATTCGGCAGGGGGAGCCAGC,0,600361
araCp,0.08333333333333333,11,11,ATTCGCGAAACGCGGTCGCA,0,579963
araCp,0.08333333333333333,11,11,ATTCGATAGCGTTAGATGCT,0,549713
araCp,0.08333333333333333,11,11,ATTCGAGGGAGCATCGACTT,0,589757
araCp,0.08333333333333333,11,11,ATTCCTAGCTGGTCTTGTCA,0,531938
araCp,0.08333333333333333,11,11,ATTCCGGTTAATTTGAACCC,0,561353
araCp,0.08333333333333333,11,11,ATTATTAAGCGGTATGCTTT,0,595558
araCp,0.08333333333333333,11,11,ATTAGCTCTGGCTAGGTGGG,0,600251
araCp,0.08333333333333333,11,11,ATTAGCATACAGACGTTAAT,0,594752
araCp,0.08333333333333333,11,11,ATTACTATTCTATTGGATAG,0,562065
araCp,0.08333333333333333,11,11,ATGTTACAATCAGAACGCTG,0,556464
araCp,0.08333333333333333,11,11,ATGTCTTTCCATTGTGCTGC,0,587547
araCp,0.08333333333333333,11,11,ATGTCTGCGGGAGGACATCA,0,586822
araCp,0.08333333333333333,11,11,ATGTAGTTATCGCCGTGAGG,0,585343
araCp,0.08333333333333333,11,11,ATGTAGTAAATATGCCGGTG,0,531694
araCp,0.08333333333333333,11,11,ATGTAGAGCCCTTCTGTTGG,0,594138
araCp,0.08333333333333333,11,11,ATGTAAGAGTTCCCGCAGTT,0,563127
araCp,0.08333333333333333,11,11,ATGGTATTCTCCGCGGCCGA,0,567539
araCp,0.08333333333333333,11,11,ATGGTAATGGCGGTCTGCAA,0,543889
araCp,0.08333333333333333,11,11,ATGGGCTATAAAATGGGTAA,0,559283
araCp,0.08333333333333333,11,11,ATGGCCGTGTAAGTAGTGAC,0,578344
araCp,0.08333333333333333,11,11,ATGCGGTGAACGAGCAATAG,0,560334
araCp,0.08333333333333333,11,11,ATGCGAATAGAAGTATTCTG,0,557224
araCp,0.08333333333333333,11,11,ATGAGACCAACCCCAGCCCT,0,532208
araCp,0.08333333333333333,11,11,ATGACAAGGCAACGACCATG,0,578149
araCp,0.08333333333333333,11,11,ATCTGGTACATGATCGCCAT,0,531579
araCp,0.08333333333333333,11,11,ATCTGGAAGAGCGGAAGGTG,0,547664
araCp,0.08333333333333333,11,11,ATCTATGTCGTGATCGACCA,0,589022
araCp,0.08333333333333333,11,11,ATCTAAACAAAGCGGTTTCC,0,580281
araCp,0.08333333333333333,11,11,ATCGGTAAGGAATTGGTATA,0,546792
araCp,0.08333333333333333,11,11,ATCGGGGACTGAGCACCCAT,0,566324
araCp,0.08333333333333333,11,11,ATCGCTTCGAGCCTGTAACG,0,591052
araCp,0.08333333333333333,11,11,ATCGCCGGGATCTGGCCTCG,0,603050
araCp,0.08333333333333333,11,11,ATCGCCCTGGGCTACTCGGC,0,542714
araCp,0.08333333333333333,11,11,ATCGCACCTTACATTATGGC,0,531010
araCp,0.08333333333333333,11,11,ATCCGACGACGCCTTGACGA,0,548167
araCp,0.08333333333333333,11,11,ATCCGAACAAGAGACGGTGC,0,546348
araCp,0.08333333333333333,11,11,ATCATTATACCTACAGACAC,0,587639
araCp,0.08333333333333333,11,11,ATCACTCTTCTCTTGGGAAG,0,603145
araCp,0.08333333333333333,11,11,ATCACGGTGCAATGCCCTCC,0,550895
araCp,0.08333333333333333,11,11,ATATGTCTTAACCGAAAAGT,0,555572
araCp,0.08333333333333333,11,11,ATATATCTCTGTTCTACTAC,0,582385
araCp,0.08333333333333333,11,11,ATATACGAATTCGACCATAG,0,556718
araCp,0.08333333333333333,11,11,ATAGTCCCGATTGGAGTGGT,0,529774
araCp,0.08333333333333333,11,11,ATAGGGTACATCGACATCGC,0,584442
araCp,0.08333333333333333,11,11,ATAGCAACCCCTCATTAATC,0,551373
araCp,0.08333333333333333,11,11,ATAGACATAATTCTTGCTAT,0,556945
araCp,0.08333333333333333,11,11,ATACTACTTTCTAGTTGCCC,0,583404
araCp,0.08333333333333333,11,11,ATACCTAGATCTATCCCATT,0,559563
araCp,0.08333333333333333,11,11,ATACCAGATGGTCATGGTGT,0,541885
araCp,0.08333333333333333,11,11,ATACAATTCTGTTCGCAACA,0,590777
araCp,0.08333333333333333,11,11,ATAAGAAGGTAATGAGCATT,0,553806
araCp,0.08333333333333333,11,11,AGTTTTTCAAGAACGCGCAT,0,534017
araCp,0.08333333333333333,11,11,AGTTTTCGGGATCTTGAGCA,0,533726
araCp,0.08333333333333333,11,11,AGTTGAATGGTCTTAAACGT,0,536705
araCp,0.08333333333333333,11,11,AGTTACGCAACGGGCAAAAA,0,587350
araCp,0.08333333333333333,11,11,AGTTAATGTTTTGCTACTCA,0,597031
araCp,0.08333333333333333,11,11,AGTGTTACAAATCACTACTG,0,598888
araCp,0.08333333333333333,11,11,AGTGGTAGATATCACGGTTG,0,592322
araCp,0.08333333333333333,11,11,AGTGCGACGAGAATGAACAA,0,566805
araCp,0.08333333333333333,11,11,AGTCTCAGGTTGAATCTTGT,0,592060
araCp,0.08333333333333333,11,11,AGTCAAAGGTTTACGACTGG,0,530335
araCp,0.08333333333333333,11,11,AGTACGCGCTTATAACTGCC,0,586604
araCp,0.08333333333333333,11,11,AGTACCAGAAGACTGGCGGT,0,545518
araCp,0.08333333333333333,11,11,AGGTCGAGATGACGACAGCC,0,579078
araCp,0.08333333333333333,11,11,AGGTAAGCAATTTCAGTGTA,0,538718
araCp,0.08333333333333333,11,11,AGGGTCCTTGTGTTGCCCGG,0,584829
araCp,0.08333333333333333,11,11,AGGGGTGAAAGTCCGTGAGG,0,558378
araCp,0.08333333333333333,11,11,AGGGCCTACGTTCTATTCGC,0,582166
araCp,0.08333333333333333,11,11,AGGGATACACACGGATTGTG,0,527175
araCp,0.08333333333333333,11,11,AGGGACATCTGATGTATCCA,0,601750
araCp,0.08333333333333333,11,11,AGGCTGCCTTTAAAGCTGAT,0,581645
araCp,0.08333333333333333,11,11,AGGCGGCATACGATGTTCTT,0,558136
araCp,0.08333333333333333,11,11,AGGCGATGGCGGAGGGGTTA,0,603610
araCp,0.08333333333333333,11,11,AGGCCCTTATATGGCATTGT,0,571569
araCp,0.08333333333333333,11,11,AGGATCTTTGCAAGTTGGTT,0,525584
araCp,0.08333333333333333,11,11,AGGAAGCCTCAACGGCGTCG,0,594375
araCp,0.08333333333333333,11,11,AGGAACCGTGACGCGATGCT,0,552203
araCp,0.08333333333333333,11,11,AGCTTCTGATCCAGCGCATA,0,595296
araCp,0.08333333333333333,11,11,AGCTGCCGATGATGTGTAGG,0,569883
araCp,0.08333333333333333,11,11,AGCTGAACATTTTCGGCATC,0,525676
araCp,0.08333333333333333,11,11,AGCTCCTAGTACTGTTTACT,0,554232
araCp,0.08333333333333333,11,11,AGCGTTTACTTATAATGTAG,0,588172
araCp,0.08333333333333333,11,11,AGCGGTCCGTAATTTATCCG,0,579847
araCp,0.08333333333333333,11,11,AGCGGAAAGGTTTTTCTGCA,0,567030
araCp,0.08333333333333333,11,11,AGCGATTGAGTCCTTAATAC,0,591096
araCp,0.08333333333333333,11,11,AGCAGTTCTTCGCCTCGGCT,0,534622
araCp,0.08333333333333333,11,11,AGCACGATCACTTTTAGGGA,0,553611
araCp,0.08333333333333333,11,11,AGATTATTGGTCGCTCGCGG,0,585105
araCp,0.08333333333333333,11,11,AGATGCTCGGCGTACCCCCT,0,528061
araCp,0.08333333333333333,11,11,AGATCAGCGACATTATCGTC,0,579002
araCp,0.08333333333333333,11,11,AGATCAAGGCTTAGACACGT,0,552689
araCp,0.08333333333333333,11,11,AGAGGGACTACCAGTGACGT,0,549037
araCp,0.08333333333333333,11,11,AGAGCACCTAAGTCGTCCTT,0,551822
araCp,0.08333333333333333,11,11,AGAGATTTACGGGGATGCCT,0,589423
araCp,0.08333333333333333,11,11,AGACGCAGAGTCCTCACAGT,0,568344
araCp,0.08333333333333333,11,11,AGACACACGTTGTAGACGCT,0,599848
araCp,0.08333333333333333,11,11,AGAATCGTTCAATGGTTCAG,0,559203
araCp,0.08333333333333333,11,11,ACTTTATGGAGTGATGTAAG,0,561381
araCp,0.08333333333333333,11,11,ACTTGGGAGTCGTAGTAGAT,0,582140
araCp,0.08333333333333333,11,11,ACTTCTGAACGTAGGAATTC,0,532434
araCp,0.08333333333333333,11,11,ACTCTGACCAAATTATGGGG,0,589376
araCp,0.08333333333333333,11,11,ACTCGTCAAAAAAGTGATTC,0,569305
araCp,0.08333333333333333,11,11,ACTCGACAGGAAACAACGTG,0,545335
araCp,0.08333333333333333,11,11,ACTACTATAAAGTTCCAACC,0,537345
araCp,0.08333333333333333,11,11,ACTACTAGAGGCTTGTCGGT,0,594287
araCp,0.08333333333333333,11,11,ACTACGGCTTCCAGCGTATC,0,550907
araCp,0.08333333333333333,11,11,ACTAATACCCCGTCCAATTG,0,565869
araCp,0.08333333333333333,11,11,ACGTCTACGGCACGCGTTGA,0,534827
araCp,0.08333333333333333,11,11,ACGTAAGTTGATGTTTGGGA,0,527935
araCp,0.08333333333333333,11,11,ACGGTTCAGGGGCGCAATTC,0,599294
araCp,0.08333333333333333,11,11,ACGGGCTTTCTACCACCAGT,0,585772
araCp,0.08333333333333333,11,11,ACGGCTCACGGCGTCTAACC,0,541090
araCp,0.08333333333333333,11,11,ACGGAGAGCCCGCGTAGACA,0,586648
araCp,0.08333333333333333,11,11,ACGCTAGAGTTCGTGTCTGT,0,583648
araCp,0.08333333333333333,11,11,ACGCGTACGCTGTAGTACTT,0,558687
araCp,0.08333333333333333,11,11,ACGCCGATCCTGTAGGTGGG,0,580023
araCp,0.08333333333333333,11,11,ACGCCCCGGTACGTCCACGA,0,530122
araCp,0.08333333333333333,11,11,ACGCATTAGTGCACAAGCAT,0,587298
araCp,0.08333333333333333,11,11,ACGATGTCCGTACTGAGCAT,0,537893
araCp,0.08333333333333333,11,11,ACGACTCCTCGGAGCTCGGT,0,548609
araCp,0.08333333333333333,11,11,ACGACCAACCGCTATAATTG,0,558337
araCp,0.08333333333333333,11,11,ACGAAGGGGAATAGAGTCCA,0,602670
araCp,0.08333333333333333,11,11,ACCTGGCTCAGATACACAGT,0,569435
araCp,0.08333333333333333,11,11,ACCTGCAGATTTTGACCCAA,0,536852
araCp,0.08333333333333333,11,11,ACCTAGACATTTCGGTGAAG,0,582660
araCp,0.08333333333333333,11,11,ACCGTCCTTGAACTTTGCAA,0,564012
araCp,0.08333333333333333,11,11,ACCGGTGAGTACGGGCCGTT,0,560390
araCp,0.08333333333333333,11,11,ACCGATCGAATAATCGCGCC,0,587785
araCp,0.08333333333333333,11,11,ACCCTCCATCACCCTCGGCT,0,539675
araCp,0.08333333333333333,11,11,ACCCCGTGAACCCGAGACAA,0,546288
araCp,0.08333333333333333,11,11,ACCCAACAACATCGATAACA,0,556111
araCp,0.08333333333333333,11,11,ACCAGGTGTGTGCGCGCGTT,0,582186
araCp,0.08333333333333333,11,11,ACCAGAGTTACGAGGCAGGC,0,560445
araCp,0.08333333333333333,11,11,ACAGTTGGTCATCTTTAACT,0,556783
araCp,0.08333333333333333,11,11,ACAGGTCCGCATCGAGGTTC,0,559276
araCp,0.08333333333333333,11,11,ACAGGTCCCGATTAAACGGC,0,600360
araCp,0.08333333333333333,11,11,ACAGCTTTTTTGAAACTGAC,0,578084
araCp,0.08333333333333333,11,11,ACAGAGGGCTCCCTTTACTT,0,592809
araCp,0.08333333333333333,11,11,ACACTGGCGAATCGGGATCG,0,543585
araCp,0.08333333333333333,11,11,ACACGCAGGAGGGGTTCAAC,0,532959
araCp,0.08333333333333333,11,11,ACACCGTACGTATGCGACAA,0,548822
araCp,0.08333333333333333,11,11,ACAATTGTAAGTTGAGGCAG,0,540858
araCp,0.08333333333333333,11,11,ACAAGCAATCCAGGCCGTCG,0,561433
araCp,0.08333333333333333,11,11,ACAACCACAAGTGACGCCGC,0,601493
araCp,0.08333333333333333,11,11,AATGGTATCAAATCTAAAGG,0,593347
araCp,0.08333333333333333,11,11,AATGGGCACATGGGTCAATA,0,547621
araCp,0.08333333333333333,11,11,AATGGACAATTCGGCAACCC,0,531025
araCp,0.08333333333333333,11,11,AATGCGCTCTTGTGTCATCA,0,576756
araCp,0.08333333333333333,11,11,AATGACGGCTATTGTAATCT,0,531983
araCp,0.08333333333333333,11,11,AATGACATGTTGCCAGGGCT,0,559712
araCp,0.08333333333333333,11,11,AATGACAAAGGCACTTTCCA,0,583019
araCp,0.08333333333333333,11,11,AATCATAGCGTACAGTTTCC,0,573071
araCp,0.08333333333333333,11,11,AATAGGTACAAGACTCTGGC,0,568204
araCp,0.08333333333333333,11,11,AAGTTTAATCAGTATACGAT,0,601332
araCp,0.08333333333333333,11,11,AAGTGACTTTCTGAGGATTG,0,592266
araCp,0.08333333333333333,11,11,AAGTCTTTCCAGGTGCTAGG,0,577196
araCp,0.08333333333333333,11,11,AAGTATGAAATTGGCATAAC,0,583686
araCp,0.08333333333333333,11,11,AAGGTCAAGCCAGACTGGTC,0,566363
araCp,0.08333333333333333,11,11,AAGGGGGCCATTCCCTTGGC,0,594737
araCp,0.08333333333333333,11,11,AAGGCCTAGACGTTCCCAGG,0,591890
araCp,0.08333333333333333,11,11,AAGCTCGAAGTGCTGGGAGA,0,531952
araCp,0.08333333333333333,11,11,AAGAGCATTATCACGCGGGC,0,569582
araCp,0.08333333333333333,11,11,AAGACCTCCTAGTGGACGGT,0,593591
araCp,0.08333333333333333,11,11,AAGAAGTCTTTTGAAAATTG,0,581997
araCp,0.08333333333333333,11,11,AAGAAGGTTGATCAGCGGGG,0,528486
araCp,0.08333333333333333,11,11,AACTGTCCAGCATTTTCGTC,0,570098
araCp,0.08333333333333333,11,11,AACGGCAGGTAATGATCCCG,0,600437
araCp,0.08333333333333333,11,11,AACGGACACTATTCTCAGAT,0,557054
araCp,0.08333333333333333,11,11,AACGAAAACCGTGACCAGAT,0,571099
araCp,0.08333333333333333,11,11,AACCTGACGAGAAAAGATTT,0,536489
araCp,0.08333333333333333,11,11,AACCGCTACATTCATGAGCA,0,565191
araCp,0.08333333333333333,11,11,AACCCTAAGTTATGTGTCGT,0,549347
araCp,0.08333333333333333,11,11,AACCACTGATGCGGCCAGGG,0,539941
araCp,0.08333333333333333,11,11,AACAATGTTGTCGATTTGAT,0,569634
araCp,0.08333333333333333,11,11,AACAAGGATAGTCTCTCGGT,0,534350
araCp,0.08333333333333333,11,11,AAATGTCCTCAAGCCTCTTA,0,580231
araCp,0.08333333333333333,11,11,AAATGACCCCCAATCATCAT,0,567012
araCp,0.08333333333333333,11,11,AAATCGTCGTGCGCCTGAAG,0,575646
araCp,0.08333333333333333,11,11,AAATCCTTTGGTCCCTCATT,0,532750
araCp,0.08333333333333333,11,11,AAATAATCACTGTGATTTTG,0,560400
araCp,0.08333333333333333,11,11,AAAGGCGAAAATTCAAGTAT,0,591656
araCp,0.08333333333333333,11,11,AAAGGAGCCAATATCGGTAA,0,584911
araCp,0.08333333333333333,11,11,AAAGAGCCTAGATCCTCTTT,0,588632
araCp,0.08333333333333333,11,11,AAACTCCGCGATAAAGTCTT,0,529079
araCp,0.08333333333333333,11,11,AAACTCAAGGTTGCGACGAG,0,547370
araCp,0.08333333333333333,11,11,AAACGTCGCTGGTTTAGCGT,0,602459
araCp,0.09090909090909091,10,10,TTTTTTAGAACCAGAAAACA,0,588980
araCp,0.09090909090909091,10,10,TTTTGGCCACCCGGTGAAAA,0,578169
araCp,0.09090909090909091,10,10,TTTTGAGAATTAAGCAAGCC,0,528519
araCp,0.09090909090909091,10,10,TTTTATTATAGGTTGATTAT,0,543840
araCp,0.09090909090909091,10,10,TTTTAAGGCGTCAGCTTTTT,0,529099
araCp,0.09090909090909091,10,10,TTTTAAAAGGCGGCAACACG,0,583992
araCp,0.09090909090909091,10,10,TTTGTGCCGAGTCCTGCCTA,0,581143
araCp,0.09090909090909091,10,10,TTTGCGCAGCTAGCGTGTAG,0,590876
araCp,0.09090909090909091,10,10,TTTGCATTCGCCATATTGAG,0,544749
araCp,0.09090909090909091,10,10,TTTCTGTAGGTCCTCTCGAT,0,553389
araCp,0.09090909090909091,10,10,TTTCATGAGTCTGATTAGAA,0,566763
araCp,0.09090909090909091,10,10,TTTCAAAGAATAAGGTCACG,0,596420
araCp,0.09090909090909091,10,10,TTTATTTACCACGTTTACCA,0,526737
araCp,0.09090909090909091,10,10,TTTATACAGGGAGTAAGCAG,0,556122
araCp,0.09090909090909091,10,10,TTTAGTCCTGGGAGCAGGGA,0,532759
araCp,0.09090909090909091,10,10,TTTAGGCGGTACAATAGCAA,0,531636
araCp,0.09090909090909091,10,10,TTTAATGGCACACTGTAACC,0,590417
araCp,0.09090909090909091,10,10,TTGTTGGGTGATATAGACGT,0,544223
araCp,0.09090909090909091,10,10,TTGTTGAAAGGGGCAACGAA,0,603254
araCp,0.09090909090909091,10,10,TTGTTCCCAAAAAATTGTAT,0,549234
araCp,0.09090909090909091,10,10,TTGTTAGAGAACCAAGAGAC,0,579306
araCp,0.09090909090909091,10,10,TTGTACATAGCCGCATCGAC,0,571047
araCp,0.09090909090909091,10,10,TTGGTTCACGGGACGTCAAT,0,574915
araCp,0.09090909090909091,10,10,TTGGGGTATGCACAAACGGT,0,600686
araCp,0.09090909090909091,10,10,TTGGAGAATAGCCAGATAGG,0,531957
araCp,0.09090909090909091,10,10,TTGCTGAGATTCAAAAAAGA,0,583729
araCp,0.09090909090909091,10,10,TTGCTAGGAACGTAGTGAGT,0,572053
araCp,0.09090909090909091,10,10,TTGCGTGGAGGGACGTAAAC,0,592945
araCp,0.09090909090909091,10,10,TTGCGAGTCTTTCGGATCCC,0,576139
araCp,0.09090909090909091,10,10,TTGCCTTCCCATCCTCATAT,0,543813
araCp,0.09090909090909091,10,10,TTGAACATCTAGGCTTCGAG,0,565604
araCp,0.09090909090909091,10,10,TTCTTGCCCCGTTCTCAGTT,0,549626
araCp,0.09090909090909091,10,10,TTCTTCCGCACAGTATAACA,0,530712
araCp,0.09090909090909091,10,10,TTCTGTTGTTTCATTTCCAG,0,531430
araCp,0.09090909090909091,10,10,TTCTGTGAGGATCTCTAAGT,0,555962
araCp,0.09090909090909091,10,10,TTCTGTAAAACCTTGTACAT,0,537854
araCp,0.09090909090909091,10,10,TTCTAGACCAAGAGTTTATT,0,566274
araCp,0.09090909090909091,10,10,TTCTAAGGTATCTGGAAAAA,0,573135
araCp,0.09090909090909091,10,10,TTCGTTGTGAGCTCTGGATC,0,545180
araCp,0.09090909090909091,10,10,TTCGTTCACGGACGCTTCCA,0,535688
araCp,0.09090909090909091,10,10,TTCGTTCAAGGCACCGGTAT,0,587780
araCp,0.09090909090909091,10,10,TTCGTGTGAGTAGAGCATGA,0,526971
araCp,0.09090909090909091,10,10,TTCGGCGGCAGGGAACTGGG,0,559527
araCp,0.09090909090909091,10,10,TTCGGCATCTCCGATGTGGT,0,563912
araCp,0.09090909090909091,10,10,TTCCCCTTCAGCCTAACTAT,0,577198
araCp,0.09090909090909091,10,10,TTCCCCACAATGCATGTGCA,0,539899
araCp,0.09090909090909091,10,10,TTCAGGGTCGCTCAAGTGCG,0,549188
araCp,0.09090909090909091,10,10,TTCAGACACTTAATAGTTTG,0,571831
araCp,0.09090909090909091,10,10,TTCACGCTCTGCACTTTATG,0,595714
araCp,0.09090909090909091,10,10,TTATTTGACTATGAGTAGGT,0,554002
araCp,0.09090909090909091,10,10,TTATGGGATTCTCGCTTATT,0,572228
araCp,0.09090909090909091,10,10,TTATACCCTACGGTTTTGCT,0,567166
araCp,0.09090909090909091,10,10,TTAGGAGCGCACGTACATTC,0,547105
araCp,0.09090909090909091,10,10,TTAGCACTAGCCATTTGAGA,0,535243
araCp,0.09090909090909091,10,10,TTACGTAATAAGCATCGCCG,0,598570
araCp,0.09090909090909091,10,10,TTAATGGTTCGTAATACATG,0,551250
araCp,0.09090909090909091,10,10,TTAAGTTCTTTTTAGTTTGG,0,551352
araCp,0.09090909090909091,10,10,TTAAGGGTCTCCGGTTCTAA,0,526974
araCp,0.09090909090909091,10,10,TTAACTGTTAGCATCGGCTC,0,571869
araCp,0.09090909090909091,10,10,TTAAATTATGGACAGGAATA,0,530830
araCp,0.09090909090909091,10,10,TGTTCACCGTGCGCGCAGTG,0,577362
araCp,0.09090909090909091,10,10,TGTGTTGCGGGTGGCGTTTC,0,577661
araCp,0.09090909090909091,10,10,TGTGTGTCAACTCGGCACGT,0,598869
araCp,0.09090909090909091,10,10,TGTCTGCGGGTTTACATTGA,0,591645
araCp,0.09090909090909091,10,10,TGTCTCCGCCGCATATAGGA,0,557789
araCp,0.09090909090909091,10,10,TGTCGGACATTACGGGGGCT,0,529639
araCp,0.09090909090909091,10,10,TGTATTATTGACGTCTTCTT,0,594890
araCp,0.09090909090909091,10,10,TGTAGGTTCAGTGGAGCTCT,0,540838
araCp,0.09090909090909091,10,10,TGTAGCTGGAAATTTAACGG,0,545204
araCp,0.09090909090909091,10,10,TGTACGAGCTTATAGAATCG,0,575315
araCp,0.09090909090909091,10,10,TGTACATAGGTCCCCTCGGA,0,603717
araCp,0.09090909090909091,10,10,TGGTAGAGACACTTGGACGT,0,536610
araCp,0.09090909090909091,10,10,TGGTAAGTACGCTCCGTAGT,0,551723
araCp,0.09090909090909091,10,10,TGGGTTTTGTTGGATACTGT,0,561546
araCp,0.09090909090909091,10,10,TGGGTTCTCGTATATCGGTG,0,554249
araCp,0.09090909090909091,10,10,TGGGCTCGCATCCTACCAAT,0,571677
araCp,0.09090909090909091,10,10,TGGGATTACCTACTGAACTA,0,562943
araCp,0.09090909090909091,10,10,TGGGAGCCGCATGAGCCTGA,0,549058
araCp,0.09090909090909091,10,10,TGGATCTGGTTAAACGCTCA,0,589290
araCp,0.09090909090909091,10,10,TGGATAGATGGCGCTATAAT,0,581739
araCp,0.09090909090909091,10,10,TGGAGCGTCACATGCGGCCA,0,588558
araCp,0.09090909090909091,10,10,TGCTCATATGGTAGTGTCGT,0,553479
araCp,0.09090909090909091,10,10,TGCTAACATAACTAATGCGG,0,551513
araCp,0.09090909090909091,10,10,TGCGTTTACATGGCTATCAT,0,550103
araCp,0.09090909090909091,10,10,TGCGCGGGAACACCGCTCCA,0,581413
araCp,0.09090909090909091,10,10,TGCGCACATCGGGGGTGCTC,0,588656
araCp,0.09090909090909091,10,10,TGCCATAAGGGTTCTGATAC,0,559224
araCp,0.09090909090909091,10,10,TGCCAGATTCTAATATGCTA,0,544036
araCp,0.09090909090909091,10,10,TGCACTTCAGGTCACAGGGA,0,601320
araCp,0.09090909090909091,10,10,TGCACGGGTCTTAGCTGTTG,0,572177
araCp,0.09090909090909091,10,10,TGCACGAAGAGAGGTCAGGT,0,538441
araCp,0.09090909090909091,10,10,TGCACAACTAGAGCAGCAAA,0,530005
araCp,0.09090909090909091,10,10,TGATTCAATCGCCGGAGCAG,0,593891
araCp,0.09090909090909091,10,10,TGATTATTAGTTGCTGTACA,0,531709
araCp,0.09090909090909091,10,10,TGATGGAGTATGTGCACTCC,0,540342
araCp,0.09090909090909091,10,10,TGAGCCTTGAATACTCGGTC,0,581162
araCp,0.09090909090909091,10,10,TGAGCAATGGGCCGGATCGT,0,555961
araCp,0.09090909090909091,10,10,TGAGAGAGCAGACACGGGTG,0,559028
araCp,0.09090909090909091,10,10,TGACCGCTTTGGCACCCTAT,0,566661
araCp,0.09090909090909091,10,10,TGACCGCGATCCTCAGCGGC,0,540236
araCp,0.09090909090909091,10,10,TGACCCTGCGTCGAAGCAGT,0,573529
araCp,0.09090909090909091,10,10,TGAAGACGAAAGTCCACAGA,0,566566
araCp,0.09090909090909091,10,10,TGAACGTTCATGCTATATAT,0,583119
araCp,0.09090909090909091,10,10,TGAACAAAACCTAGAGTACG,0,557346
araCp,0.09090909090909091,10,10,TCTTGTCCCAGGCATACAAG,0,560337
araCp,0.09090909090909091,10,10,TCTTGGAAGCGGGATAGTAA,0,588652
araCp,0.09090909090909091,10,10,TCTTGCGTCGGCAATCAAGA,0,529094
araCp,0.09090909090909091,10,10,TCTTCATAGAGTCGAAGACG,0,545198
araCp,0.09090909090909091,10,10,TCTGCTGCGTCCTTGTCGGT,0,574715
araCp,0.09090909090909091,10,10,TCTCTTTACGGTGGGTCAGA,0,581854
araCp,0.09090909090909091,10,10,TCTCGTGAACATTGTAAGAT,0,590110
araCp,0.09090909090909091,10,10,TCTCGGCATGTAGGACAGCT,0,533279
araCp,0.09090909090909091,10,10,TCTCGCATGGGTTCCTTGAT,0,539587
araCp,0.09090909090909091,10,10,TCTCAGACTCGACTAACTAC,0,549428
araCp,0.09090909090909091,10,10,TCTAGGGAGCCAAATGTGTG,0,585077
araCp,0.09090909090909091,10,10,TCTAACCTAAAGGTACCGAA,0,535921
araCp,0.09090909090909091,10,10,TCGTTCATACAGGTAGTTGG,0,536908
araCp,0.09090909090909091,10,10,TCGTCTCCTGCTAGACGGAC,0,582885
araCp,0.09090909090909091,10,10,TCGTATTTTTATACGTAGGT,0,589389
araCp,0.09090909090909091,10,10,TCGGCATGGGAACATAAATG,0,578677
araCp,0.09090909090909091,10,10,TCGGACGCATCGAACCCTTA,0,550741
araCp,0.09090909090909091,10,10,TCGCTTTTGCCCAAGCGCAA,0,596315
araCp,0.09090909090909091,10,10,TCGCGTACGGTTCTAGTTTT,0,559341
araCp,0.09090909090909091,10,10,TCGCGACGGTCTGTACACGT,0,590971
araCp,0.09090909090909091,10,10,TCGCCTGGGAAAAGCAAGAT,0,578520
araCp,0.09090909090909091,10,10,TCGCCCGGTGGCAACAAGGT,0,573024
araCp,0.09090909090909091,10,10,TCGAGTCAGCTGGTATGGAA,0,602583
araCp,0.09090909090909091,10,10,TCGAGACTAGCCTCGAACGC,0,573023
araCp,0.09090909090909091,10,10,TCGACAACAGACCGTACAGT,0,525911
araCp,0.09090909090909091,10,10,TCGAAGTCTGATACTGGTGT,0,596733
araCp,0.09090909090909091,10,10,TCCTTATTCTGAGTAGACTG,0,598434
araCp,0.09090909090909091,10,10,TCCTCTCTGATTGGATGGCC,0,584769
araCp,0.09090909090909091,10,10,TCCTCGCATGTCATTAACAG,0,602335
araCp,0.09090909090909091,10,10,TCCGGTCACCATACTGCGGT,0,542220
araCp,0.09090909090909091,10,10,TCCGGTACATGGTTGGACAG,0,527457
araCp,0.09090909090909091,10,10,TCCGGGGTCCGCATCTCTCT,0,550347
araCp,0.09090909090909091,10,10,TCCGCTGCCGTTTGCTATAC,0,595748
araCp,0.09090909090909091,10,10,TCCCTTAGGAGCACATGAAA,0,562433
araCp,0.09090909090909091,10,10,TCCCGTGTAAACTTTATTAT,0,554348
araCp,0.09090909090909091,10,10,TCCCGTAGGGTCGATGAATC,0,565424
araCp,0.09090909090909091,10,10,TCCATTTTGGCGTTATATGA,0,586114
araCp,0.09090909090909091,10,10,TCCACTAGGGAGCATCCAGT,0,582813
araCp,0.09090909090909091,10,10,TCCACAAAACAGTCCGGACC,0,586632
araCp,0.09090909090909091,10,10,TCCAATATCGGTGATCCGAT,0,554987
araCp,0.09090909090909091,10,10,TCCAAGACAACGGGATAGGG,0,601491
araCp,0.09090909090909091,10,10,TCATTTTACAGGGCCCAGGG,0,592632
araCp,0.09090909090909091,10,10,TCATTACAGTAAAGGCTGCA,0,531908
araCp,0.09090909090909091,10,10,TCAGTTCGGGCACAGACAAG,0,560736
araCp,0.09090909090909091,10,10,TCAGAGTTAAGAGACTGTGT,0,546496
araCp,0.09090909090909091,10,10,TCACTGGTGCGTCAGGCTTC,0,536682
araCp,0.09090909090909091,10,10,TCACGGACCGACTCGGCTTA,0,582726
araCp,0.09090909090909091,10,10,TCACCTACATAGCCACAAGA,0,552690
araCp,0.09090909090909091,10,10,TCAATAAGCATCTCGGACTA,0,578986
araCp,0.09090909090909091,10,10,TCAAAGCTTCACTATCCTGG,0,536963
araCp,0.09090909090909091,10,10,TCAAACTACAGCTGAGATCA,0,599088
araCp,0.09090909090909091,10,10,TCAAAATCCCCGAACCAGTG,0,571821
araCp,0.09090909090909091,10,10,TATTCAGACTGAGCCGCGCT,0,540219
araCp,0.09090909090909091,10,10,TATTATGTGTTGGTTTTTCT,0,584010
araCp,0.09090909090909091,10,10,TATTAGCACCCGAGCCGCAA,0,590591
araCp,0.09090909090909091,10,10,TATGGACTATGTGCTGAGCT,0,565690
araCp,0.09090909090909091,10,10,TATCTTTTGTTCAGGGTGAC,0,590223
araCp,0.09090909090909091,10,10,TATCTGACGCTAAAGGAATC,0,559957
araCp,0.09090909090909091,10,10,TATCTAATGCCTCCTTATGC,0,551998
araCp,0.09090909090909091,10,10,TATCCACCGAGTAGCGAATC,0,582847
araCp,0.09090909090909091,10,10,TATCCAACTTCCGTGAGTTT,0,546004
araCp,0.09090909090909091,10,10,TATCCAAACATTTCAGAATA,0,560857
araCp,0.09090909090909091,10,10,TATCAGAAATATTAGAATAT,0,561132
araCp,0.09090909090909091,10,10,TATATGACGCATTAGAGCCT,0,557282
araCp,0.09090909090909091,10,10,TATAATACATGAGTGCGAGA,0,593781
araCp,0.09090909090909091,10,10,TATAACTGCGCGAACTATCA,0,554055
araCp,0.09090909090909091,10,10,TAGGTGTTCCGTCCTCAGGT,0,538349
araCp,0.09090909090909091,10,10,TAGGGTGTTTCACGAGCAAA,0,584768
araCp,0.09090909090909091,10,10,TAGGGGAGGCGCCTATTTTA,0,601671
araCp,0.09090909090909091,10,10,TAGGCTATCCTACATCGGGG,0,547612
araCp,0.09090909090909091,10,10,TAGGCAATTGCGGTATCTAA,0,540230
araCp,0.09090909090909091,10,10,TAGGATTCCTGAACCGGAAG,0,548002
araCp,0.09090909090909091,10,10,TAGGACGCCTTCAGAAAATT,0,577184
araCp,0.09090909090909091,10,10,TACTTTCAGGAGCCTGATGA,0,572425
araCp,0.09090909090909091,10,10,TACTTGTCCGGATGCCGGAG,0,558908
araCp,0.09090909090909091,10,10,TACGGCCTGGCACTCCATCT,0,556300
araCp,0.09090909090909091,10,10,TACGCATCATTCTAACCACC,0,539884
araCp,0.09090909090909091,10,10,TACGAAGTAATGTATCCTCT,0,579439
araCp,0.09090909090909091,10,10,TACGAAGCTGTTGGTCCTTT,0,530571
araCp,0.09090909090909091,10,10,TACCTGTGTATCGGGAGCGT,0,530321
araCp,0.09090909090909091,10,10,TACCTCTCCAAGCGCGGCGC,0,591942
araCp,0.09090909090909091,10,10,TACCATTCCTGCAGATAGAA,0,557238
araCp,0.09090909090909091,10,10,TACAATGCGCGGACACCGTA,0,574038
araCp,0.09090909090909091,10,10,TAATTCAGATGGAGTTTAAG,0,542453
araCp,0.09090909090909091,10,10,TAATTCAAGGGCCGAGGGAT,0,528739
araCp,0.09090909090909091,10,10,TAATCTGCATAGCGAGTGAG,0,566929
araCp,0.09090909090909091,10,10,TAATCATTGAGCCCTCAAGA,0,552106
araCp,0.09090909090909091,10,10,TAATACGGGTACGCACCAGT,0,588356
araCp,0.09090909090909091,10,10,TAAGTTCTAACTCACTCAAG,0,531581
araCp,0.09090909090909091,10,10,TAAGGTCAAACCCATCCCTA,0,530347
araCp,0.09090909090909091,10,10,TAACCCTCGGCATACGTTCA,0,585694
araCp,0.09090909090909091,10,10,TAAATTCGGAGTCGGTAACT,0,581846
araCp,0.09090909090909091,10,10,TAAACAGCAACAGTATAGGA,0,555039
araCp,0.09090909090909091,10,10,TAAAAGTAGTGGTTACCGCG,0,570515
araCp,0.09090909090909091,10,10,GTTGTACTCACCCCTACAAT,0,539303
araCp,0.09090909090909091,10,10,GTTGGATCAGATAAGTTATA,0,583073
araCp,0.09090909090909091,10,10,GTTGCCGGCGAGTCTAAGGA,0,571315
araCp,0.09090909090909091,10,10,GTTCACCGCATATTTGAGAA,0,557569
araCp,0.09090909090909091,10,10,GTTAAGAGGTCGCAGAGTGC,0,533285
araCp,0.09090909090909091,10,10,GTGTATTTAGTTTAAGAGCA,0,557364
araCp,0.09090909090909091,10,10,GTGTAATTTCAGGATCTATG,0,526035
araCp,0.09090909090909091,10,10,GTGGGCTTATTGTAAGACAT,0,527122
araCp,0.09090909090909091,10,10,GTGGCTAATCGACCCGCTGC,0,525657
araCp,0.09090909090909091,10,10,GTGGATGTGCCCCCAAAAGC,0,572504
araCp,0.09090909090909091,10,10,GTGGACCAAATCGCCACAAT,0,531500
araCp,0.09090909090909091,10,10,GTGCGTGATATGAGCGCGGC,0,586347
araCp,0.09090909090909091,10,10,GTGCCACGGGCGGAACTCGA,0,542656
araCp,0.09090909090909091,10,10,GTGATATTAGTTGAATGCGT,0,564751
araCp,0.09090909090909091,10,10,GTGATAGTACTTCTACAGAC,0,584800
araCp,0.09090909090909091,10,10,GTGACAACAGAACATAGGTA,0,539977
araCp,0.09090909090909091,10,10,GTGAATTCTACTCTTTGAGT,0,593080
araCp,0.09090909090909091,10,10,GTGAACAAGGCCCGAATTTT,0,602527
araCp,0.09090909090909091,10,10,GTCTTGTTGCTGTTAGTGAA,0,569716
araCp,0.09090909090909091,10,10,GTCTGCTCCCTTGAATCCCA,0,580379
araCp,0.09090909090909091,10,10,GTCTGCGAGAAGTCAGGACC,0,585691
araCp,0.09090909090909091,10,10,GTCGGTCGCCGGGTCGAACA,0,584534
araCp,0.09090909090909091,10,10,GTCGCACGCACTCGAACTAA,0,565872
araCp,0.09090909090909091,10,10,GTCCTTATCGCGTAGGCTCA,0,538738
araCp,0.09090909090909091,10,10,GTCCGGATTCGGGGGCAGGC,0,575254
araCp,0.09090909090909091,10,10,GTCCGATGGGAATGCTCGAC,0,537883
araCp,0.09090909090909091,10,10,GTCATGTGAAGAATTCATAG,0,552926
araCp,0.09090909090909091,10,10,GTCAGCATATAATTTAGCCC,0,555497
araCp,0.09090909090909091,10,10,GTCACGACTCAATTATCATG,0,574919
araCp,0.09090909090909091,10,10,GTATCTGACTAATTTCTTGA,0,574079
araCp,0.09090909090909091,10,10,GTATCGCGGAGAGATTTGGT,0,565353
araCp,0.09090909090909091,10,10,GTAGTAGTCTAACCGTCAGG,0,569339
araCp,0.09090909090909091,10,10,GTAGGCTATGATAGAGTATT,0,548237
araCp,0.09090909090909091,10,10,GTAGGACCATCGCCTCAGCT,0,578414
araCp,0.09090909090909091,10,10,GTAGATAAGAGTGGAGCAGT,0,590212
araCp,0.09090909090909091,10,10,GTACGCGCAAATGCAAGCTT,0,530609
araCp,0.09090909090909091,10,10,GTACGAGTCCTGTGCGGTCA,0,577251
araCp,0.09090909090909091,10,10,GTACGAACCCACACATTGGC,0,533738
araCp,0.09090909090909091,10,10,GTAAGTCAATACCACTAACT,0,538984
araCp,0.09090909090909091,10,10,GTAAGTAGGGGTGGATGGCA,0,597249
araCp,0.09090909090909091,10,10,GTAAAACGCAAGTGTCAATT,0,601365
araCp,0.09090909090909091,10,10,GTAAAAACGTGAGGTAGCGA,0,590317
araCp,0.09090909090909091,10,10,GGTTTTTCGCGCGATGTAAA,0,587787
araCp,0.09090909090909091,10,10,GGTTTGGGGTAAATCGTAGC,0,565812
araCp,0.09090909090909091,10,10,GGTTGCCTTTCTCGATTTGG,0,585297
araCp,0.09090909090909091,10,10,GGTTGACATGTTTACCAGTA,0,556474
araCp,0.09090909090909091,10,10,GGTTCGCGGAGACATCATCC,0,590725
araCp,0.09090909090909091,10,10,GGTTCAATACGTATCAATCC,0,536101
araCp,0.09090909090909091,10,10,GGTTATCACTACCCGGCTTC,0,544408
araCp,0.09090909090909091,10,10,GGTTAGAGGTGTATAGATGA,0,540967
araCp,0.09090909090909091,10,10,GGTGTGGAAGTACTTAGTAG,0,538591
araCp,0.09090909090909091,10,10,GGTGAGCAAATGTTCACAAC,0,568466
araCp,0.09090909090909091,10,10,GGTGAAGTCAGTTGATGTTG,0,590606
araCp,0.09090909090909091,10,10,GGTCTCGACTTTATTGATCT,0,576157
araCp,0.09090909090909091,10,10,GGTCGAAATGCCTTGCGCAA,0,548219
araCp,0.09090909090909091,10,10,GGTCCTATTAATAGGACAGA,0,547622
araCp,0.09090909090909091,10,10,GGTCCGGCGCACAAAGGAAG,0,596761
araCp,0.09090909090909091,10,10,GGTCCACGACCGGGTGGGAT,0,534028
araCp,0.09090909090909091,10,10,GGTAGTTGGGCCTATCTTTG,0,547646
araCp,0.09090909090909091,10,10,GGTAGAGATAAGAGTAGAAC,0,525956
araCp,0.09090909090909091,10,10,GGTAACCGACCATGGCTACT,0,543659
araCp,0.09090909090909091,10,10,GGTAACAAGTGCTTCGGCCT,0,582181
araCp,0.09090909090909091,10,10,GGTAAAATAAGCTTCTCTAC,0,549577
araCp,0.09090909090909091,10,10,GGGTTCGGCGTGGTTGTATG,0,600849
araCp,0.09090909090909091,10,10,GGGTCGGGGTGGCCGTGGTT,0,548508
araCp,0.09090909090909091,10,10,GGGTAGGTAAGTAGATTGTC,0,546662
araCp,0.09090909090909091,10,10,GGGGGTTCAGAAACTGAACT,0,548613
araCp,0.09090909090909091,10,10,GGGGGTTATGATCTACGATG,0,588591
araCp,0.09090909090909091,10,10,GGGGGCGTGACTTTGGGTCA,0,600446
araCp,0.09090909090909091,10,10,GGGGATGCGTCGAACCGATT,0,540472
araCp,0.09090909090909091,10,10,GGGCTTAAACCGGCACCGAT,0,553365
araCp,0.09090909090909091,10,10,GGGCTGCCTAGGGCTACCAC,0,558054
araCp,0.09090909090909091,10,10,GGGCTAGTTAAAGTCCACGG,0,541877
araCp,0.09090909090909091,10,10,GGGCGTGAAGCACGCCAGGG,0,601388
araCp,0.09090909090909091,10,10,GGGCGCTTGGGGCGTCATGT,0,580109
araCp,0.09090909090909091,10,10,GGGCCAATGTGGACCATTAT,0,585816
araCp,0.09090909090909091,10,10,GGGCAGTAGCCACTGGAACA,0,589274
araCp,0.09090909090909091,10,10,GGGCACAGCGACACTCCGGA,0,552301
araCp,0.09090909090909091,10,10,GGGCAAGCGAAAACTCGTTA,0,536671
araCp,0.09090909090909091,10,10,GGGATAATGACAACCCGGGA,0,530152
araCp,0.09090909090909091,10,10,GGGAGTGTTCTCCTTTACCG,0,574193
araCp,0.09090909090909091,10,10,GGGACGGCTATCCCAGTGCC,0,546498
araCp,0.09090909090909091,10,10,GGCTGGACCATTTGTAGCTT,0,532632
araCp,0.09090909090909091,10,10,GGCTCCCGATTAAGGAATAT,0,572565
araCp,0.09090909090909091,10,10,GGCTAGCGCGCCCCGAGGAG,0,560186
araCp,0.09090909090909091,10,10,GGCGGTTCGCGACCCGTGAC,0,591457
araCp,0.09090909090909091,10,10,GGCGGGGCTAGCGACGGGCT,0,555651
araCp,0.09090909090909091,10,10,GGCGCGCAGAAGTGGGATTA,0,594064
araCp,0.09090909090909091,10,10,GGCGCAGAGCATCGTCGAGA,0,581594
araCp,0.09090909090909091,10,10,GGCGAGCGGATGAGATGCTA,0,525589
araCp,0.09090909090909091,10,10,GGCCTAGTGGGTTCACGCCA,0,587669
araCp,0.09090909090909091,10,10,GGCCATGAAATTTCCCAGGC,0,570243
araCp,0.09090909090909091,10,10,GGCCAAGAACATAGCCCGTG,0,602371
araCp,0.09090909090909091,10,10,GGCATTACTTTGACATTTAA,0,586414
araCp,0.09090909090909091,10,10,GGCATAATAGGGGGGGTGAT,0,538702
araCp,0.09090909090909091,10,10,GGCAGAGTTGCAGATTGTTC,0,546054
araCp,0.09090909090909091,10,10,GGCACACCACGGAATTGCCG,0,586486
araCp,0.09090909090909091,10,10,GGATTATTCCACGGTAGTAC,0,528612
araCp,0.09090909090909091,10,10,GGATGTCGGATCCCGGCAGT,0,559325
araCp,0.09090909090909091,10,10,GGATCCGCTGTTATTGCTAG,0,572441
araCp,0.09090909090909091,10,10,GGATATTAGCATCCAGGTAA,0,590455
araCp,0.09090909090909091,10,10,GGATAGTTTCCATTGAGTAG,0,526379
araCp,0.09090909090909091,10,10,GGAGGTGATTTCAGGAGGCA,0,551883
araCp,0.09090909090909091,10,10,GGAGGCGGTAGAACCGCTCA,0,558798
araCp,0.09090909090909091,10,10,GGAGCCACAGGGCTACAGCA,0,527398
araCp,0.09090909090909091,10,10,GGAGATTAGTGCCGCTTGGT,0,529504
araCp,0.09090909090909091,10,10,GGACTGAACAGTCAGAATTC,0,590715
araCp,0.09090909090909091,10,10,GGACTACTATGACGGTGTAA,0,587537
araCp,0.09090909090909091,10,10,GGACGCCTTATAACCGTTTC,0,598157
araCp,0.09090909090909091,10,10,GGACCCGCTTATCCTGGGGT,0,533653
araCp,0.09090909090909091,10,10,GGACAATATTCGATTGAGAG,0,545742
araCp,0.09090909090909091,10,10,GGAAGCTCACAAACGTCACT,0,602624
araCp,0.09090909090909091,10,10,GGAAGATACAAGTGGATACG,0,570286
araCp,0.09090909090909091,10,10,GGAACCTGCTGATGTCGGTC,0,531860
araCp,0.09090909090909091,10,10,GCTTTAGGAACGCCCGACAT,0,566223
araCp,0.09090909090909091,10,10,GCTGTGGTGGACTATAATAC,0,556123
araCp,0.09090909090909091,10,10,GCTGCTCCAACCCACACCCT,0,538833
araCp,0.09090909090909091,10,10,GCTGCGAGAGAGTCCGCACA,0,578148
araCp,0.09090909090909091,10,10,GCTCTGATTTTGGCACGCAG,0,557994
araCp,0.09090909090909091,10,10,GCTCTCGTGGTATACTGTAA,0,547807
araCp,0.09090909090909091,10,10,GCTCACTAGAAACTAATTGA,0,603465
araCp,0.09090909090909091,10,10,GCTAGGTATGAAGGCTGGAA,0,582058
araCp,0.09090909090909091,10,10,GCGTTTGAAGCCACTAAGGT,0,553778
araCp,0.09090909090909091,10,10,GCGTTATGTACGAGGCACTA,0,541804
araCp,0.09090909090909091,10,10,GCGTCTTTGGGCATCGAAGA,0,551258
araCp,0.09090909090909091,10,10,GCGTATTGTTAGCTATGATT,0,551662
araCp,0.09090909090909091,10,10,GCGTAGGCCGCACCTTGTCT,0,585086
araCp,0.09090909090909091,10,10,GCGGGTTTACCGGGTCTAGT,0,585572
araCp,0.09090909090909091,10,10,GCGGGTCACGTGAGCCTCCT,0,548931
araCp,0.09090909090909091,10,10,GCGGCAATATCGAGTTCTTT,0,572176
araCp,0.09090909090909091,10,10,GCGGAGCTTCCGCAGAGCTA,0,558853
araCp,0.09090909090909091,10,10,GCGGAAGTACATGCGACCAC,0,588947
araCp,0.09090909090909091,10,10,GCGCTTGTTACGGGGTAAAG,0,578767
araCp,0.09090909090909091,10,10,GCGCCGCCGAACTTACGTAC,0,536967
araCp,0.09090909090909091,10,10,GCGCAGGAAGGAGTCATATG,0,559087
araCp,0.09090909090909091,10,10,GCGAGTAACTACCCTGGGAC,0,589398
araCp,0.09090909090909091,10,10,GCGAATTGTGATGATCGCCA,0,563385
araCp,0.09090909090909091,10,10,GCGAACTTACAACAGACCGC,0,588252
araCp,0.09090909090909091,10,10,GCGAACCAATACGGAACTAA,0,558012
araCp,0.09090909090909091,10,10,GCCTGTCTCTGTAACATGCC,0,556794
araCp,0.09090909090909091,10,10,GCCGTAATGGGGTACCAGTG,0,593652
araCp,0.09090909090909091,10,10,GCCGGGCGCGGACGGAATTC,0,531039
araCp,0.09090909090909091,10,10,GCCGGACGGATAATATGGCT,0,585719
araCp,0.09090909090909091,10,10,GCCGCGGGGGTATTTATTCA,0,542151
araCp,0.09090909090909091,10,10,GCCCTTATACTACTTTTAGC,0,528188
araCp,0.09090909090909091,10,10,GCCCGGCTGGGTGTGACCTA,0,556263
araCp,0.09090909090909091,10,10,GCCCCACAAGTTGCCGTCGG,0,526815
araCp,0.09090909090909091,10,10,GCCCACTAATTGAAGTGCTA,0,589918
araCp,0.09090909090909091,10,10,GCCAGTAGCCAATCTGTGGA,0,540001
araCp,0.09090909090909091,10,10,GCCAGAACTGTCGAGGGCGA,0,540344
araCp,0.09090909090909091,10,10,GCATGGAAATGTTAGGGAAC,0,553524
araCp,0.09090909090909091,10,10,GCATCTGACGACCGGTATTT,0,548529
araCp,0.09090909090909091,10,10,GCATCGATCCGGATGCCTTA,0,567270
araCp,0.09090909090909091,10,10,GCATCCGGCCTAAGACGGGT,0,586207
araCp,0.09090909090909091,10,10,GCAGTACCAGAGGTTCCGCC,0,548705
araCp,0.09090909090909091,10,10,GCAGGGCGAGCATGACTTCT,0,555699
araCp,0.09090909090909091,10,10,GCAGCGCAAAAGCTAGATTA,0,539584
araCp,0.09090909090909091,10,10,GCAGATGTACTAAGTGCATG,0,569836
araCp,0.09090909090909091,10,10,GCACTTAGGACGTAATTACC,0,601443
araCp,0.09090909090909091,10,10,GCACGCTCGGATATCTCTAC,0,600765
araCp,0.09090909090909091,10,10,GCACCAAATCGAACTCCAAA,0,581631
araCp,0.09090909090909091,10,10,GCACACCATCGGCGTGGCGC,0,575248
araCp,0.09090909090909091,10,10,GCAATTGTCAATCGTGTGCA,0,577086
araCp,0.09090909090909091,10,10,GCAATGTAGTGAAGGTAGGT,0,530573
araCp,0.09090909090909091,10,10,GCAAGTCTGTGTCGTACGGA,0,589040
araCp,0.09090909090909091,10,10,GCAACCCGACTCTAAGGGTG,0,588253
araCp,0.09090909090909091,10,10,GCAAACATCATGGTCAGGAA,0,576950
araCp,0.09090909090909091,10,10,GATTGAAACCAGTTATCGTA,0,529289
araCp,0.09090909090909091,10,10,GATTATAGAATCCGCCAACT,0,578319
araCp,0.09090909090909091,10,10,GATGTTAGTGGTGTCCCGGC,0,542768
araCp,0.09090909090909091,10,10,GATGTCATAAGGCCATCGCA,0,550889
araCp,0.09090909090909091,10,10,GATGTAGACAGTAGGTGATA,0,563929
araCp,0.09090909090909091,10,10,GATGGCTTTCTCTACCCGAC,0,549316
araCp,0.09090909090909091,10,10,GATGGCCCGAGAGTTAAAAC,0,577867
araCp,0.09090909090909091,10,10,GATCGCTCCAAAGGTTGGAG,0,569249
araCp,0.09090909090909091,10,10,GATCCCTTTATCGGGATTCC,0,585529
araCp,0.09090909090909091,10,10,GATCAGTGGGACGGTGAACA,0,575798
araCp,0.09090909090909091,10,10,GATAGAGACGAGTTTGGGAA,0,529501
araCp,0.09090909090909091,10,10,GATACCACAGGAAAACGAAA,0,548350
araCp,0.09090909090909091,10,10,GATAAGGTTTTCTAGAAGCG,0,560450
araCp,0.09090909090909091,10,10,GAGTTAGTAGAGTGGAATCG,0,569711
araCp,0.09090909090909091,10,10,GAGTGGACGTTTAAGTGCAG,0,527320
araCp,0.09090909090909091,10,10,GAGTGAGGCCGTCGTTTGGG,0,599449
araCp,0.09090909090909091,10,10,GAGTATCGTGAAGATGTCCG,0,540183
araCp,0.09090909090909091,10,10,GAGGTTCGGTCGGATCAACC,0,544800
araCp,0.09090909090909091,10,10,GAGGCGCATTAGGATAGCAT,0,594067
araCp,0.09090909090909091,10,10,GAGGCACTTATCATGGGGTG,0,530915
araCp,0.09090909090909091,10,10,GAGCTGTGAGTCGGTGAGTA,0,530510
araCp,0.09090909090909091,10,10,GAGCCCGAATAATAGCTCTT,0,573634
araCp,0.09090909090909091,10,10,GAGCCCACCTATGGCGTAGG,0,553141
araCp,0.09090909090909091,10,10,GAGCAGTCTTATTTGTATGA,0,528147
araCp,0.09090909090909091,10,10,GAGATAGGCCATGACCGTAG,0,553210
araCp,0.09090909090909091,10,10,GAGAGTGTCACCGAAGGTGT,0,527438
araCp,0.09090909090909091,10,10,GAGAGTATGGTTCTTGTGCA,0,577403
araCp,0.09090909090909091,10,10,GAGAATCCAAAGCTTCGCGT,0,559964
araCp,0.09090909090909091,10,10,GAGAAAGTTGGCAACTTACT,0,527062
araCp,0.09090909090909091,10,10,GACTTTGACTGTTAAGGATG,0,591231
araCp,0.09090909090909091,10,10,GACTTGTTGGATTGGAGAAT,0,572946
araCp,0.09090909090909091,10,10,GACTGCTTTTCGATCGGTAA,0,596379
araCp,0.09090909090909091,10,10,GACTCCCATTGACACCACTG,0,564107
araCp,0.09090909090909091,10,10,GACTATCTGCCACGAAGTCT,0,594740
araCp,0.09090909090909091,10,10,GACTAGAAAAGTAACGTTGG,0,583465
araCp,0.09090909090909091,10,10,GACGTGTGCTATTCTACCAG,0,533813
araCp,0.09090909090909091,10,10,GACGTAAACCAGCTCATGCA,0,552647
araCp,0.09090909090909091,10,10,GACGGCCAAATAAAATACTA,0,545878
araCp,0.09090909090909091,10,10,GACGATCTACCTAGAGGTGG,0,542459
araCp,0.09090909090909091,10,10,GACCTTTCGACGAACGGATG,0,571012
araCp,0.09090909090909091,10,10,GACCGCACGGAGTTGAAGGG,0,544901
araCp,0.09090909090909091,10,10,GACCGATCTTCAGTGGTTCA,0,531967
araCp,0.09090909090909091,10,10,GACCCCGTTCAAGATTGGTT,0,534467
araCp,0.09090909090909091,10,10,GACCCATTCAGGGCTAGTGC,0,552403
araCp,0.09090909090909091,10,10,GACAAGGTTTAACGGGACAG,0,528803
araCp,0.09090909090909091,10,10,GACAAAGGCCATTATATTAA,0,584325
araCp,0.09090909090909091,10,10,GAATTCTCGTGGTGGTGCCA,0,577019
araCp,0.09090909090909091,10,10,GAATTCAGAATACGATAAGG,0,585901
araCp,0.09090909090909091,10,10,GAATTCAATTAGAGAATTCA,0,601659
araCp,0.09090909090909091,10,10,GAATTATATTTTATTTCGAT,0,564910
araCp,0.09090909090909091,10,10,GAATTAGTTGTGCGGAGAGG,0,554535
araCp,0.09090909090909091,10,10,GAATGGTACTTTTATGGAAA,0,593263
araCp,0.09090909090909091,10,10,GAATCAGCTCACCTACCAGA,0,530676
araCp,0.09090909090909091,10,10,GAATAACTCTCTCAGCAGGT,0,572742
araCp,0.09090909090909091,10,10,GAAGTAGACCGGGGAGGGAT,0,537552
araCp,0.09090909090909091,10,10,GAAGCCTCGATAAGGACGAG,0,550732
araCp,0.09090909090909091,10,10,GAAGCCTACAAAAAGTACCT,0,580940
araCp,0.09090909090909091,10,10,GAAGCCAGTTTAGCATCTCG,0,590171
araCp,0.09090909090909091,10,10,GAAGAGGCTTTATACGGCCA,0,568345
araCp,0.09090909090909091,10,10,GAACTGTCCACAATTACCGA,0,553862
araCp,0.09090909090909091,10,10,GAACTAGGACTACAAAAAAA,0,541014
araCp,0.09090909090909091,10,10,GAACGGAGTGTTACAAACGG,0,592272
araCp,0.09090909090909091,10,10,GAACGATGTCCTAGGTCTTA,0,534564
araCp,0.09090909090909091,10,10,GAACCTTATTGTAAGCGCCC,0,543892
araCp,0.09090909090909091,10,10,GAACCAACTCGCACGACTAT,0,591107
araCp,0.09090909090909091,10,10,GAAATCCCGATAGCTTTGGC,0,573440
araCp,0.09090909090909091,10,10,GAAATATGGGCGGTTGGCGG,0,537497
araCp,0.09090909090909091,10,10,GAAAGCTCGGATGGGAGCGT,0,578961
araCp,0.09090909090909091,10,10,GAAACTCGCAAAGCGGCGCC,0,581913
araCp,0.09090909090909091,10,10,GAAAAGGGCGGATCCAGCGA,0,556670
araCp,0.09090909090909091,10,10,CTTTTATACAGCGTCCACCA,0,578803
araCp,0.09090909090909091,10,10,CTTTGCTGTCGGTTAGTATG,0,589475
araCp,0.09090909090909091,10,10,CTTTGAAATAGGGTTACCAA,0,590765
araCp,0.09090909090909091,10,10,CTTTATCAAGGACGTCCTTA,0,539879
araCp,0.09090909090909091,10,10,CTTTAGGTCGCGGATACTTT,0,543816
araCp,0.09090909090909091,10,10,CTTGTATCTTAGTAGGGGTA,0,585684
araCp,0.09090909090909091,10,10,CTTGGTGGCTAAGTAGGGCA,0,599484
araCp,0.09090909090909091,10,10,CTTGGGTAGCGTGTGTGGGA,0,544029
araCp,0.09090909090909091,10,10,CTTGGGCGACACGCAACACT,0,591095
araCp,0.09090909090909091,10,10,CTTGCGTGTAGGTACGTGAG,0,533954
araCp,0.09090909090909091,10,10,CTTGATCAACTTTAATTCTC,0,546068
araCp,0.09090909090909091,10,10,CTTGACGTATGCGCCAACCA,0,553355
araCp,0.09090909090909091,10,10,CTTCAGCCGACCAAAATTCT,0,583396
araCp,0.09090909090909091,10,10,CTTCACGGGATCGGACATCA,0,560090
araCp,0.09090909090909091,10,10,CTGTTTTCGTTGGGGCAGCC,0,538057
araCp,0.09090909090909091,10,10,CTGTTTAAAGGGTCACACCA,0,558519
araCp,0.09090909090909091,10,10,CTGTGAAGTCTGCACGATAG,0,534240
araCp,0.09090909090909091,10,10,CTGTAAATTACCCCAGACGT,0,580174
araCp,0.09090909090909091,10,10,CTGGGATACGTTTCCTGCAA,0,587247
araCp,0.09090909090909091,10,10,CTGGGAGATAGGAGCGGTGC,0,543829
araCp,0.09090909090909091,10,10,CTGGGACTGCATATTCTCGC,0,567077
araCp,0.09090909090909091,10,10,CTGGCTAGGCTAGATCTCTG,0,543560
araCp,0.09090909090909091,10,10,CTGCGGGAGGGACAAGTCAG,0,543897
araCp,0.09090909090909091,10,10,CTGCAAAGGTAGATTCAGCC,0,560338
araCp,0.09090909090909091,10,10,CTGACTCCTCTCTAGCTGAT,0,574375
araCp,0.09090909090909091,10,10,CTCTGTGAGCACTCGTAGCG,0,540333
araCp,0.09090909090909091,10,10,CTCTGACTCGGTATTTCGAT,0,540572
araCp,0.09090909090909091,10,10,CTCTGACATCATTACCCCAT,0,548815
araCp,0.09090909090909091,10,10,CTCTATCTGAAGTAGTTCCA,0,598940
araCp,0.09090909090909091,10,10,CTCTAAACTTCTCTTCAGGG,0,568237
araCp,0.09090909090909091,10,10,CTCGACGCAGGGGGCAACGT,0,578422
araCp,0.09090909090909091,10,10,CTCCGTTTGGCCTTTGAACT,0,563575
araCp,0.09090909090909091,10,10,CTCCGTTCCGGGGGCTGTGT,0,563982
araCp,0.09090909090909091,10,10,CTCCCTAGAGTTGTGGGTTT,0,598634
araCp,0.09090909090909091,10,10,CTCCAACCAGCTAACAGGCC,0,551604
araCp,0.09090909090909091,10,10,CTCCAAATCCGAAGATTCGG,0,564997
araCp,0.09090909090909091,10,10,CTCACACGAGGAGGCTTGGA,0,535225
araCp,0.09090909090909091,10,10,CTCAATAACCCCCTTCACCA,0,587293
araCp,0.09090909090909091,10,10,CTATTTGATCCTGGTAGCTG,0,571459
araCp,0.09090909090909091,10,10,CTATGTCCAAAGATTCGGGT,0,553484
araCp,0.09090909090909091,10,10,CTATGAATCGATCGATGGGA,0,568001
araCp,0.09090909090909091,10,10,CTAGGTCTATAGCCGGTTAG,0,536763
araCp,0.09090909090909091,10,10,CTAGGGCACCGGGTGGTCTC,0,526873
araCp,0.09090909090909091,10,10,CTAGCTGGGCTGTCTTGGTC,0,528571
araCp,0.09090909090909091,10,10,CTAGCGATCTCGACATGGTA,0,558937
araCp,0.09090909090909091,10,10,CTAGAGTTTGTACTGTCCTT,0,575989
araCp,0.09090909090909091,10,10,CTACGGCTGAGGACAGATAC,0,598018
araCp,0.09090909090909091,10,10,CTACGCATGATCTAAGGGAG,0,547796
araCp,0.09090909090909091,10,10,CTACCCAGTTCGTGCGTCAT,0,560538
araCp,0.09090909090909091,10,10,CTACATTTCGCGAAACCCGT,0,571041
araCp,0.09090909090909091,10,10,CTAACTGGAGCGGTTGCGGA,0,587733
araCp,0.09090909090909091,10,10,CTAAATCACGATTCTTAAGA,0,548816
araCp,0.09090909090909091,10,10,CTAAAGGCCGTAATGTCACA,0,551334
araCp,0.09090909090909091,10,10,CGTGTCGCACGCGTTACGGA,0,540562
araCp,0.09090909090909091,10,10,CGTGGGCTGAAATCTGAGCA,0,593752
araCp,0.09090909090909091,10,10,CGTGGGCGGCATAATTCAGT,0,558146
araCp,0.09090909090909091,10,10,CGTGCGCAGAGCGGTCAGGA,0,585524
araCp,0.09090909090909091,10,10,CGTGATCTCCTTGTAAATCG,0,537206
araCp,0.09090909090909091,10,10,CGTCGGCATGGCTTAACCCT,0,554789
araCp,0.09090909090909091,10,10,CGTATGTCGTAGGATGCGCC,0,539528
araCp,0.09090909090909091,10,10,CGTAGCAGTAGTACAAGCTT,0,550156
araCp,0.09090909090909091,10,10,CGTACCATTTTTAGCCCTCT,0,565668
araCp,0.09090909090909091,10,10,CGTACCAGATGTTATCAGCA,0,554406
araCp,0.09090909090909091,10,10,CGTAAATTTAACGTTTGCTA,0,579770
araCp,0.09090909090909091,10,10,CGTAAAATTCCTGCTGGGTA,0,525674
araCp,0.09090909090909091,10,10,CGGTTGCCCGGATCCAGTAA,0,585415
araCp,0.09090909090909091,10,10,CGGTGGCATCTATAAGTATT,0,568893
araCp,0.09090909090909091,10,10,CGGTGAACGTCCGTGTGAAG,0,590881
araCp,0.09090909090909091,10,10,CGGTCGCTACGAGTCGTTGG,0,545952
araCp,0.09090909090909091,10,10,CGGTCATAAACGAGGGGCCA,0,578939
araCp,0.09090909090909091,10,10,CGGGGTGCACCATCGTTATC,0,575702
araCp,0.09090909090909091,10,10,CGGGGTCGTGCGCACTACTC,0,561473
araCp,0.09090909090909091,10,10,CGGGGTACAGGCCAAGAGAG,0,535502
araCp,0.09090909090909091,10,10,CGGGGCTGTGTGGTACCCCT,0,572482
araCp,0.09090909090909091,10,10,CGGGCTACCCCGATTCAAAT,0,586633
araCp,0.09090909090909091,10,10,CGGGCAATCAAATTCTCACA,0,599632
araCp,0.09090909090909091,10,10,CGGCTTCGTTGGGGATTCAG,0,527536
araCp,0.09090909090909091,10,10,CGGCGTTCCGTAATCGTTAT,0,572180
araCp,0.09090909090909091,10,10,CGGCGCGACCACCGTACTAC,0,586066
araCp,0.09090909090909091,10,10,CGGCACCAAAGAGCAGCTCA,0,563724
araCp,0.09090909090909091,10,10,CGGCAACTTTCATACTGCAA,0,591060
araCp,0.09090909090909091,10,10,CGGAGTCGAATAATAGAGAC,0,592851
araCp,0.09090909090909091,10,10,CGGAGGTATACAAAGCTTAG,0,600007
araCp,0.09090909090909091,10,10,CGGAGCTCGCCCATTTCGTG,0,531553
araCp,0.09090909090909091,10,10,CGCTTCACCGAACGAAACAG,0,537227
araCp,0.09090909090909091,10,10,CGCTGGGCGGCGTGTACCTT,0,530469
araCp,0.09090909090909091,10,10,CGCTGGGCCCCTGCCCCGAT,0,563362
araCp,0.09090909090909091,10,10,CGCTCGCTACGAGTGATCTC,0,570764
araCp,0.09090909090909091,10,10,CGCTCCTAATGTCAACACCT,0,570706
araCp,0.09090909090909091,10,10,CGCTCAAGTTCTGTAGATGG,0,546963
araCp,0.09090909090909091,10,10,CGCTATCCTGGGGGGGGCAT,0,536473
araCp,0.09090909090909091,10,10,CGCGTCCACTAATATATGAG,0,552115
araCp,0.09090909090909091,10,10,CGCGTCAGGCGTGTGGCCTA,0,555469
araCp,0.09090909090909091,10,10,CGCGTATCTAATCAAATTCC,0,539426
araCp,0.09090909090909091,10,10,CGCGCATTCACCGGTTGTCA,0,564725
araCp,0.09090909090909091,10,10,CGCCTTCAGAGCCTTTTACC,0,602277
araCp,0.09090909090909091,10,10,CGCCCCTCTCTATACCTCCC,0,530514
araCp,0.09090909090909091,10,10,CGCAGGGATGATAGTATTAC,0,538141
araCp,0.09090909090909091,10,10,CGCAATTCACCAGCGATCTA,0,571850
araCp,0.09090909090909091,10,10,CGCAAAGCTCTGACTTAGGC,0,572745
araCp,0.09090909090909091,10,10,CGATTAGTCGTCCATGCAAC,0,527481
araCp,0.09090909090909091,10,10,CGAGTAAAGAGCGGTACCAG,0,547792
araCp,0.09090909090909091,10,10,CGAGGTGATGACCAGGGGTA,0,537996
araCp,0.09090909090909091,10,10,CGAGGAATAATCTTCAATGA,0,599976
araCp,0.09090909090909091,10,10,CGAGAGTCCGTAGTTCCTTA,0,552960
araCp,0.09090909090909091,10,10,CGACTGAGCTTTGATCCGGG,0,525575
araCp,0.09090909090909091,10,10,CGACGGTCAGGGAATGGCCA,0,601973
araCp,0.09090909090909091,10,10,CGACCTTGGAACTTCCACTC,0,582823
araCp,0.09090909090909091,10,10,CGAATGAGATAAAATTCCGT,0,594968
araCp,0.09090909090909091,10,10,CGAATATGAGCTTCCTCTGA,0,570224
araCp,0.09090909090909091,10,10,CGAAGGGGCCGATTCTCACC,0,587910
araCp,0.09090909090909091,10,10,CGAAAGCTAGAGCAGAATTT,0,548354
araCp,0.09090909090909091,10,10,CCTTTTCTGATTGTTCCAGT,0,531696
araCp,0.09090909090909091,10,10,CCTTTGTTCCAGCATTACAT,0,545526
araCp,0.09090909090909091,10,10,CCTTGACGGGGTGCCCTAGC,0,526183
araCp,0.09090909090909091,10,10,CCTTCGAGACTAAATGTCAA,0,570650
araCp,0.09090909090909091,10,10,CCTTCAAGACTATGAATGTC,0,569902
araCp,0.09090909090909091,10,10,CCTTAGGCCTTACGTGAGCG,0,576043
araCp,0.09090909090909091,10,10,CCTGGGCCGAGTGGGGTTCT,0,558757
araCp,0.09090909090909091,10,10,CCTGGCAAGGAGCTTGAGCC,0,569498
araCp,0.09090909090909091,10,10,CCTGCCTTTAAGCAGTGCCA,0,556131
araCp,0.09090909090909091,10,10,CCTCTAATTAGAGACGTTAA,0,551004
araCp,0.09090909090909091,10,10,CCTCGTTGGTCATAGGATGA,0,600661
araCp,0.09090909090909091,10,10,CCTCCGACAGCTTCGAGGGG,0,571781
araCp,0.09090909090909091,10,10,CCTCCCCGGAACCGCTACAT,0,543817
araCp,0.09090909090909091,10,10,CCTCCCCCATGGGCCTGACA,0,591972
araCp,0.09090909090909091,10,10,CCTCACCCATTCGTGCCGGG,0,592878
araCp,0.09090909090909091,10,10,CCTATTTGAGCCGACTCGGT,0,595604
araCp,0.09090909090909091,10,10,CCTATTCAGAACGGGTTTCG,0,585319
araCp,0.09090909090909091,10,10,CCTATAGCAGATTTGTAAGT,0,541660
araCp,0.09090909090909091,10,10,CCTACCGTCCCGGCCGCGAC,0,539719
araCp,0.09090909090909091,10,10,CCGTTTAAAGGATTTTGGTG,0,556473
araCp,0.09090909090909091,10,10,CCGTAGGGGGCGCCACTCCA,0,538669
araCp,0.09090909090909091,10,10,CCGGTGACAACCCTGAGACA,0,588079
araCp,0.09090909090909091,10,10,CCGGTCCCTGAAAATGATGG,0,531531
araCp,0.09090909090909091,10,10,CCGGGGTGCTGCCAATTTTC,0,595069
araCp,0.09090909090909091,10,10,CCGGGATTGGTAGTCCTGGG,0,531490
araCp,0.09090909090909091,10,10,CCGGACTGGGGGTCGTGGAA,0,595876
araCp,0.09090909090909091,10,10,CCGGAACTTGGGCCTACTTA,0,597995
araCp,0.09090909090909091,10,10,CCGCAAGCAGGGGCCTGGTT,0,560448
araCp,0.09090909090909091,10,10,CCGCAAATACCGAACAACGT,0,569965
araCp,0.09090909090909091,10,10,CCGAGGTGTGACGCTACGTG,0,593008
araCp,0.09090909090909091,10,10,CCGAAAGGCGGGAGTTAAGG,0,533740
araCp,0.09090909090909091,10,10,CCCTGTCGGGGAAACCGCGC,0,597353
araCp,0.09090909090909091,10,10,CCCGTTTCCGGACCATCGAG,0,603413
araCp,0.09090909090909091,10,10,CCCGTCGTTTCCTGTGCCCA,0,538538
araCp,0.09090909090909091,10,10,CCCGTATGTGTGACCCTAGC,0,587597
araCp,0.09090909090909091,10,10,CCCGGGCAGATTGGTAGTGT,0,583867
araCp,0.09090909090909091,10,10,CCCGCCTAACGTCACAGCGA,0,564120
araCp,0.09090909090909091,10,10,CCCGCCAGTGTCATAACCGC,0,598268
araCp,0.09090909090909091,10,10,CCCCTGGGAAACCGTAACAG,0,563202
araCp,0.09090909090909091,10,10,CCCCGCGAACAATCAATGGC,0,596517
araCp,0.09090909090909091,10,10,CCCCATCCAATGAACGCGCT,0,529679
araCp,0.09090909090909091,10,10,CCCCAGTATTGTCCGGTGGT,0,559601
araCp,0.09090909090909091,10,10,CCCATGTCCCGTCAGAGCGC,0,558004
araCp,0.09090909090909091,10,10,CCCAGCCCGGGGAGCCTTTA,0,558335
araCp,0.09090909090909091,10,10,CCATTCTCCGGGAGTCGGTT,0,584422
araCp,0.09090909090909091,10,10,CCATTCCTGTCGGAAAAGCC,0,601589
araCp,0.09090909090909091,10,10,CCAGCTCTCTGCGGAAGGTA,0,591681
araCp,0.09090909090909091,10,10,CCACTCGGGTTTGGGTTCGA,0,579803
araCp,0.09090909090909091,10,10,CCACGTGGTTACCAACTGTT,0,590575
araCp,0.09090909090909091,10,10,CCACGGGCAACCGCCCCAAG,0,562867
araCp,0.09090909090909091,10,10,CCAATCGTTAGGTAGCTCAC,0,544555
araCp,0.09090909090909091,10,10,CCAATATCTGATAGGGCAGT,0,549988
araCp,0.09090909090909091,10,10,CCAACAGTATGTTGCTCAAT,0,541375
araCp,0.09090909090909091,10,10,CCAAACATTGATCCCGATCT,0,581922
araCp,0.09090909090909091,10,10,CATTTTCGGGTCGTGAACTT,0,602125
araCp,0.09090909090909091,10,10,CATTTGGCGCTTAATTCTCC,0,561365
araCp,0.09090909090909091,10,10,CATTTCAGTTGTCTTTTGAG,0,587591
araCp,0.09090909090909091,10,10,CATTGGGACAATCACAAAGT,0,536161
araCp,0.09090909090909091,10,10,CATTCGAGTCGAACGCGGGC,0,596101
araCp,0.09090909090909091,10,10,CATTCCTCGACCAAGACTGC,0,595918
araCp,0.09090909090909091,10,10,CATTAACAAATCTTGAGCTT,0,560437
araCp,0.09090909090909091,10,10,CATCTTAGCCGGCGGGGACA,0,525786
araCp,0.09090909090909091,10,10,CATCGGTAACTCCATGAATG,0,566341
araCp,0.09090909090909091,10,10,CATCCGATCAGGCGGTGGAG,0,581920
araCp,0.09090909090909091,10,10,CATCCCTCCCGGAGAGCTAG,0,564104
araCp,0.09090909090909091,10,10,CATCAGCGCCAGCCACCCGG,0,573297
araCp,0.09090909090909091,10,10,CATATCAGGCTCGCGTATAA,0,549528
araCp,0.09090909090909091,10,10,CATAAATCTGGCGTGTCGCG,0,595859
araCp,0.09090909090909091,10,10,CAGTTTAACGCCTAGAGTCA,0,588134
araCp,0.09090909090909091,10,10,CAGTGTCTGGGTCCCGGCAT,0,592732
araCp,0.09090909090909091,10,10,CAGTCTGGTTCTTTTTCCAG,0,527732
araCp,0.09090909090909091,10,10,CAGGTTCCCTCGGCACTATA,0,569834
araCp,0.09090909090909091,10,10,CAGGTTACAATCCAGATCGA,0,590954
araCp,0.09090909090909091,10,10,CAGGTGCGGAACTGCCTATC,0,537101
araCp,0.09090909090909091,10,10,CAGGGTAAAGAGCTGGTTCG,0,528426
araCp,0.09090909090909091,10,10,CAGGGCGAACAATAAATGGA,0,587496
araCp,0.09090909090909091,10,10,CAGGCACGGGAGGTTTGTTC,0,598806
araCp,0.09090909090909091,10,10,CAGGCACCCCGTTCATGCCC,0,593277
araCp,0.09090909090909091,10,10,CAGGATGAGGAAATGTGCCA,0,602114
araCp,0.09090909090909091,10,10,CAGGAAAGCCATTGCGCCAG,0,575122
araCp,0.09090909090909091,10,10,CAGCGCGAGACGCCCGGATG,0,526911
araCp,0.09090909090909091,10,10,CAGCCGAGGACAATTTCCGG,0,556612
araCp,0.09090909090909091,10,10,CAGCACATATCCGTGCACGG,0,555703
araCp,0.09090909090909091,10,10,CAGATTACAATCGGTAGCTG,0,542378
araCp,0.09090909090909091,10,10,CAGATGACTTTATCGCAAGA,0,581986
araCp,0.09090909090909091,10,10,CAGAAATAGTCATTTGTTAA,0,575612
araCp,0.09090909090909091,10,10,CACTTGACTGACCGGGTATG,0,530275
araCp,0.09090909090909091,10,10,CACTTACAACCGTTGAGGAT,0,559568
araCp,0.09090909090909091,10,10,CACTGTTTTTCTAAGCGTGT,0,568786
araCp,0.09090909090909091,10,10,CACTGCGATCCTGGGTGAGA,0,597553
araCp,0.09090909090909091,10,10,CACGGGAGCGCTCTGATGAA,0,591870
araCp,0.09090909090909091,10,10,CACGGAGTGTAACTAATGAT,0,573434
araCp,0.09090909090909091,10,10,CACGCGGACATTCTCCGGAA,0,553868
araCp,0.09090909090909091,10,10,CACGAGTGGCCTTGATATGA,0,579285
araCp,0.09090909090909091,10,10,CACGACTAGAACCCATCCTT,0,590458
araCp,0.09090909090909091,10,10,CACGAAAGTAGGCATTGGAC,0,551958
araCp,0.09090909090909091,10,10,CACCTTTGCTTGAGTGCAGG,0,595869
araCp,0.09090909090909091,10,10,CACCTCGGCATTTCGGTGGT,0,594465
araCp,0.09090909090909091,10,10,CACCGGAGATCCACTACGGG,0,568860
araCp,0.09090909090909091,10,10,CACCGAGCACATGTGGGGGT,0,591346
araCp,0.09090909090909091,10,10,CACCCTCGAGGGGAACGCTG,0,576044
araCp,0.09090909090909091,10,10,CACCCATGGGCAACGGAGAC,0,569049
araCp,0.09090909090909091,10,10,CACCAGTGAGGGTTCTGTTT,0,563068
araCp,0.09090909090909091,10,10,CACATTAAGGCTACGCTGGA,0,576340
araCp,0.09090909090909091,10,10,CACATCACCATAGGATGTAT,0,603083
araCp,0.09090909090909091,10,10,CACATACGCCGGACTCTAAT,0,544031
araCp,0.09090909090909091,10,10,CACACGTTAGTAACACAAAA,0,565830
araCp,0.09090909090909091,10,10,CACAAGGTTGACCGACTGGA,0,600450
araCp,0.09090909090909091,10,10,CACAACGTTGCAAGCTGCAA,0,591602
araCp,0.09090909090909091,10,10,CAATCCTAAAAGTGGCTGTA,0,580370
araCp,0.09090909090909091,10,10,CAATATAGTGTACAGGCGAG,0,539697
araCp,0.09090909090909091,10,10,CAATAAGGGGGTTACGTGCT,0,558008
araCp,0.09090909090909091,10,10,CAAGTATCTCCGCGCGGTGT,0,584553
araCp,0.09090909090909091,10,10,CAAGGGCCTACACAGGTCGC,0,582604
araCp,0.09090909090909091,10,10,CAAGGCCCATAGTACTCTAG,0,583679
araCp,0.09090909090909091,10,10,CAAGCTGGAGGGTTCATCTA,0,575063
araCp,0.09090909090909091,10,10,CAAGAGGTTGTTAATAGAGA,0,559533
araCp,0.09090909090909091,10,10,CAACTCTCAGTTGTGCTTCA,0,555369
araCp,0.09090909090909091,10,10,CAACCTTATAACTAATACGG,0,591828
araCp,0.09090909090909091,10,10,CAACCGGGTTAGGGCATCAG,0,528491
araCp,0.09090909090909091,10,10,CAACCGAGGGCCGCTTGGGG,0,526934
araCp,0.09090909090909091,10,10,CAACACGGTTCGGGAAAAAT,0,534383
araCp,0.09090909090909091,10,10,CAAACATTATCAGGACGTGT,0,525530
araCp,0.09090909090909091,10,10,CAAAATACATTGTCTTAGCC,0,554267
araCp,0.09090909090909091,10,10,ATTTTCTGGTGGAGTTTAGG,0,585155
araCp,0.09090909090909091,10,10,ATTTGGTAACGGTTGCGCGC,0,546846
araCp,0.09090909090909091,10,10,ATTTGATTTACATACTCTCA,0,560474
araCp,0.09090909090909091,10,10,ATTTCCTAAATAGGCACCTT,0,529903
araCp,0.09090909090909091,10,10,ATTTCATAGTCGGTTGAGTG,0,588129
araCp,0.09090909090909091,10,10,ATTTAGATATGGTTATTGGC,0,549869
araCp,0.09090909090909091,10,10,ATTTAGAGCGTCATGTTCGC,0,602529
araCp,0.09090909090909091,10,10,ATTGGCTATGTGTAGATTGC,0,603279
araCp,0.09090909090909091,10,10,ATTGCGCGTTTGATTTTATA,0,573305
araCp,0.09090909090909091,10,10,ATTGCGATACATAGAAGATA,0,530951
araCp,0.09090909090909091,10,10,ATTCTGGCCACTGGGGATCA,0,581695
araCp,0.09090909090909091,10,10,ATTCGGACCCCATCTAGACT,0,555023
araCp,0.09090909090909091,10,10,ATTCAGGGCGAGTGGCACCG,0,556829
araCp,0.09090909090909091,10,10,ATTATATTATAGTTAGGTAC,0,600134
araCp,0.09090909090909091,10,10,ATGTATTCATTAAATAGACA,0,556989
araCp,0.09090909090909091,10,10,ATGGTCGCGGCGAGGCGACA,0,530961
araCp,0.09090909090909091,10,10,ATGGGTTATCAGTTGGTACT,0,550287
araCp,0.09090909090909091,10,10,ATGGGTTATAGTCTGCCGGA,0,585620
araCp,0.09090909090909091,10,10,ATGGGGGCATGACTGCGGTC,0,528434
araCp,0.09090909090909091,10,10,ATGGCCCAGTCAAACCGGGG,0,598162
araCp,0.09090909090909091,10,10,ATGGCAGAACCTATTGGGCT,0,546266
araCp,0.09090909090909091,10,10,ATGGAGGTCGCCCGCGTCTC,0,594797
araCp,0.09090909090909091,10,10,ATGCTGCTTCGTTTCATCAG,0,584559
araCp,0.09090909090909091,10,10,ATGCTCGGCAAGGTCGGAGG,0,565075
araCp,0.09090909090909091,10,10,ATGCTATTGTCTACCTGGCG,0,527742
araCp,0.09090909090909091,10,10,ATGCTAGCACCGTCGGGACA,0,576758
araCp,0.09090909090909091,10,10,ATGCGGGCGAAGAAAAACAA,0,526160
araCp,0.09090909090909091,10,10,ATGCCAACATAGTAACCTTG,0,570388
araCp,0.09090909090909091,10,10,ATGCCAACAGATTTTCTGCA,0,563325
araCp,0.09090909090909091,10,10,ATGCACAGAGCACGCGTGGA,0,598790
araCp,0.09090909090909091,10,10,ATGAAATGATGCTTTAAAAG,0,534303
araCp,0.09090909090909091,10,10,ATCTTTTTGCTCTTAGGCCT,0,538830
araCp,0.09090909090909091,10,10,ATCTTCGGCGGGATGCCTAC,0,567806
araCp,0.09090909090909091,10,10,ATCTCAGGCATTAGCAGTGT,0,532609
araCp,0.09090909090909091,10,10,ATCGTGGAGTGAATTGGCGG,0,580263
araCp,0.09090909090909091,10,10,ATCGCCGCTTGTCTGGAATT,0,537669
araCp,0.09090909090909091,10,10,ATCGACTCGCTGAGTCCACA,0,595316
araCp,0.09090909090909091,10,10,ATCCTTCCTATACAAAGTCG,0,531663
araCp,0.09090909090909091,10,10,ATCCGACGGTATACGTTCTC,0,550731
araCp,0.09090909090909091,10,10,ATCCCTTATGCTCCGATTCC,0,558700
araCp,0.09090909090909091,10,10,ATCCCCTAGGGCTGAGACTT,0,550455
araCp,0.09090909090909091,10,10,ATCATCATTCTCATAGTTTA,0,576202
araCp,0.09090909090909091,10,10,ATCAGATGGGATTCAGGGAC,0,559749
araCp,0.09090909090909091,10,10,ATCAGAGGGTGTTACTACGG,0,529630
araCp,0.09090909090909091,10,10,ATCACTAACTCCGTCTATTT,0,591097
araCp,0.09090909090909091,10,10,ATATGCTTTTAGATGTGAGG,0,549657
araCp,0.09090909090909091,10,10,ATATGATCCTGTCGTGAAAA,0,583578
araCp,0.09090909090909091,10,10,ATATAAAACGAAAGAAAAGG,0,548660
araCp,0.09090909090909091,10,10,ATAGTTAGTCCGCGGTGTTT,0,592948
araCp,0.09090909090909091,10,10,ATAGTGCATTTCAGTGTTCT,0,568716
araCp,0.09090909090909091,10,10,ATAGTCAAGTGCTAGGGATC,0,540948
araCp,0.09090909090909091,10,10,ATAGGGGGCTGAGCCAGCGA,0,528658
araCp,0.09090909090909091,10,10,ATAGCTGGATCCTTTGATCG,0,593288
araCp,0.09090909090909091,10,10,ATAGCGGTTATCCATACGTC,0,540224
araCp,0.09090909090909091,10,10,ATACACGAGTTACTTTCGGG,0,554331
araCp,0.09090909090909091,10,10,ATACAAGCACGGGTTACAGG,0,592606
araCp,0.09090909090909091,10,10,ATAATTGAGGCACGTGCGGT,0,544890
araCp,0.09090909090909091,10,10,ATAAGGCTCTCGCCAAAACC,0,541270
araCp,0.09090909090909091,10,10,ATAACTAGCTGCAAGTTATA,0,537163
araCp,0.09090909090909091,10,10,ATAAAGTCGAATTGAGATTA,0,572875
araCp,0.09090909090909091,10,10,AGTTTTACTCGGTTCTGCGA,0,548618
araCp,0.09090909090909091,10,10,AGTTGCCGCCATGCCCCCAC,0,597045
araCp,0.09090909090909091,10,10,AGTTCTTAGGAGGTACTGGT,0,571129
araCp,0.09090909090909091,10,10,AGTTATCCATGTAACGAACG,0,574812
araCp,0.09090909090909091,10,10,AGTTAGTATCGTAGGTACCC,0,555564
araCp,0.09090909090909091,10,10,AGTGGTGTAATGGAGCGCCT,0,599817
araCp,0.09090909090909091,10,10,AGTGGTAGACTTGTGGTCCA,0,527840
araCp,0.09090909090909091,10,10,AGTGGTACACAGGATTAATA,0,588682
araCp,0.09090909090909091,10,10,AGTGGAGCTTCGCCCTGAAG,0,562651
araCp,0.09090909090909091,10,10,AGTGCTGCGTGTCAAATGCC,0,553362
araCp,0.09090909090909091,10,10,AGTGCCTCGTTTTACACCCG,0,541044
araCp,0.09090909090909091,10,10,AGTGCAGACCGACGACACAG,0,560884
araCp,0.09090909090909091,10,10,AGTGCAGAAGGAATTGTTCG,0,589766
araCp,0.09090909090909091,10,10,AGTCTCCACTCAGCCACTCA,0,548579
araCp,0.09090909090909091,10,10,AGTCATCTTGGCGTATCCGT,0,585726
araCp,0.09090909090909091,10,10,AGTCATACGCCCATCTTCAG,0,601098
araCp,0.09090909090909091,10,10,AGTATTGGTGTTCGCCAATA,0,589602
araCp,0.09090909090909091,10,10,AGTAGGCCCTGTCTTACTCA,0,563340
araCp,0.09090909090909091,10,10,AGTAGAACTAGGTCTAAGAA,0,579646
araCp,0.09090909090909091,10,10,AGTACACAGGGCTATTTATA,0,587414
araCp,0.09090909090909091,10,10,AGGTATATGCTTAAGCAGCT,0,541719
araCp,0.09090909090909091,10,10,AGGTAGCACAGACTTCTCCA,0,576530
araCp,0.09090909090909091,10,10,AGGGGACAACATCCGTAACC,0,540591
araCp,0.09090909090909091,10,10,AGGCGGCCTAGAGGGGTAAC,0,601631
araCp,0.09090909090909091,10,10,AGGCCCGGATTATGTGTGTC,0,572166
araCp,0.09090909090909091,10,10,AGGCATCGCATATTATATTA,0,566368
araCp,0.09090909090909091,10,10,AGGCACAAAAACCCTTTCAA,0,556056
araCp,0.09090909090909091,10,10,AGGATGGGATGTGTTCATAT,0,595843
araCp,0.09090909090909091,10,10,AGGACAGGTGTAGCGTATAT,0,597554
araCp,0.09090909090909091,10,10,AGGACAAGGGAGCTGTCAGG,0,594932
araCp,0.09090909090909091,10,10,AGGAAGCAGTCGCATTGTAA,0,543185
araCp,0.09090909090909091,10,10,AGCTTGCAAGCTAGATAACT,0,591316
araCp,0.09090909090909091,10,10,AGCTTCTCAAAGGCCCGGTA,0,551085
araCp,0.09090909090909091,10,10,AGCTTCAACCAAGAGGCGAC,0,572372
araCp,0.09090909090909091,10,10,AGCTTATTCAGAGCCAAAAT,0,544485
araCp,0.09090909090909091,10,10,AGCTGCGATGCCGTCGTCAT,0,548927
araCp,0.09090909090909091,10,10,AGCTATGAAAAACATAGGTC,0,552466
araCp,0.09090909090909091,10,10,AGCGATTGAGTCAAGGGAAA,0,586254
araCp,0.09090909090909091,10,10,AGCGAGAAAAGTCCACGTAC,0,576981
araCp,0.09090909090909091,10,10,AGCGAACACCACATCAGTGA,0,589468
araCp,0.09090909090909091,10,10,AGCCTTGCAGCGTTTCGCGT,0,542217
araCp,0.09090909090909091,10,10,AGCCGTGATCGGATAGCATC,0,586259
araCp,0.09090909090909091,10,10,AGCCGCATGAAGTCCAGCAA,0,554490
araCp,0.09090909090909091,10,10,AGCCCGGTCCTCTCGGTGCC,0,547892
araCp,0.09090909090909091,10,10,AGCCACTCCTGAGGGGAGGC,0,562934
araCp,0.09090909090909091,10,10,AGCCACACACTTAGGTGGTC,0,550306
araCp,0.09090909090909091,10,10,AGCATTTAAGGGTCCACGAT,0,582068
araCp,0.09090909090909091,10,10,AGCAGAAGCCGTCTCGGGTA,0,592221
araCp,0.09090909090909091,10,10,AGCAAGGGCTACACGCTCCA,0,592502
araCp,0.09090909090909091,10,10,AGCAAAACATTTCTACTGAT,0,574983
araCp,0.09090909090909091,10,10,AGATTCTCCGTAGAGTGTAT,0,585488
araCp,0.09090909090909091,10,10,AGATTCCGTTCGCCGACCGC,0,550939
araCp,0.09090909090909091,10,10,AGATTCACAAGTTTAGTAGA,0,525812
araCp,0.09090909090909091,10,10,AGATGTGACTTATGCCAATA,0,552956
araCp,0.09090909090909091,10,10,AGATGGCCATTTCGCGCGGC,0,544288
araCp,0.09090909090909091,10,10,AGATGGAGGTGCCCGTCAGT,0,551888
araCp,0.09090909090909091,10,10,AGAGTTGAGCTCCGGCCACA,0,597508
araCp,0.09090909090909091,10,10,AGAGGCCTAGACCAATAGCC,0,557294
araCp,0.09090909090909091,10,10,AGAGCTGGCGCCTAACGTGG,0,532800
araCp,0.09090909090909091,10,10,AGAGCTCGTTTAAGGAGTCA,0,595569
araCp,0.09090909090909091,10,10,AGAGCTCCCACGTTTAAACT,0,582883
araCp,0.09090909090909091,10,10,AGACATGCTCAAGTGCATAC,0,526447
araCp,0.09090909090909091,10,10,AGAATTAATCACCGCTGAAT,0,588955
araCp,0.09090909090909091,10,10,AGAATGGCACGACGATTCAC,0,574645
araCp,0.09090909090909091,10,10,ACTTCTGCATGAAGGATCAC,0,529961
araCp,0.09090909090909091,10,10,ACTTAGGTAGTAGTTCAAAT,0,526798
araCp,0.09090909090909091,10,10,ACTTACGCCTGAATTCCCAT,0,531965
araCp,0.09090909090909091,10,10,ACTTAATCTGGATTTGAAAC,0,535987
araCp,0.09090909090909091,10,10,ACTTAACTAACGTCAAAGAT,0,581254
araCp,0.09090909090909091,10,10,ACTGCTCAGCTCACTAGAAG,0,528318
araCp,0.09090909090909091,10,10,ACTGAACAACTTGGTATTGG,0,595219
araCp,0.09090909090909091,10,10,ACTCTGCTGGAATCTTGACG,0,566256
araCp,0.09090909090909091,10,10,ACTCTCTAGCCGAATGTTAC,0,538989
araCp,0.09090909090909091,10,10,ACTCTAAACGGGGCAACACA,0,557125
araCp,0.09090909090909091,10,10,ACTCGGTGACCCAGAACTTC,0,572141
araCp,0.09090909090909091,10,10,ACTATTGCGAGACGTAAAAT,0,595785
araCp,0.09090909090909091,10,10,ACTACCGGCGTCCTAATGAT,0,537915
araCp,0.09090909090909091,10,10,ACTAACTCAGCGGAGACGCC,0,531533
araCp,0.09090909090909091,10,10,ACGTTCTTTAGGAGCCCACT,0,558489
araCp,0.09090909090909091,10,10,ACGTGCCTTACGGTAGGTGA,0,602490
araCp,0.09090909090909091,10,10,ACGTGCATCGGCTTCGCACA,0,531006
araCp,0.09090909090909091,10,10,ACGTAGGCGAATAGGTGCAG,0,577209
araCp,0.09090909090909091,10,10,ACGGCACAAGAGGTTAGTAC,0,575177
araCp,0.09090909090909091,10,10,ACGGATCGACCGGAACTGTG,0,575905
araCp,0.09090909090909091,10,10,ACGGACGCCATGAATGCAAT,0,575745
araCp,0.09090909090909091,10,10,ACGCCTGCGTAAGATTAAGG,0,550104
araCp,0.09090909090909091,10,10,ACGCCCCCTATTTCACAAAG,0,555547
araCp,0.09090909090909091,10,10,ACGCAATCAGCCTCGGAACT,0,540904
araCp,0.09090909090909091,10,10,ACGATTTGAAGAGTTGTTGT,0,573613
araCp,0.09090909090909091,10,10,ACGATTCGCTTCAAGCTATG,0,572972
araCp,0.09090909090909091,10,10,ACGAGTAGGGCGCGTGCCTA,0,602725
araCp,0.09090909090909091,10,10,ACGAAGAACGGTCAAGCGGT,0,589410
araCp,0.09090909090909091,10,10,ACCTTAGGTTATAGCGTTAT,0,584015
araCp,0.09090909090909091,10,10,ACCTGCTCCTCACCAAAGTC,0,549654
araCp,0.09090909090909091,10,10,ACCGTACATCGAAGGCCAAG,0,599940
araCp,0.09090909090909091,10,10,ACCGGTCTTTCGGCGTACGC,0,565071
araCp,0.09090909090909091,10,10,ACCGGAACTCCCGAATTACA,0,574116
araCp,0.09090909090909091,10,10,ACCGAAACTCGCAAGCTACA,0,549928
araCp,0.09090909090909091,10,10,ACCCTTTAGCATGTTGGAGT,0,531221
araCp,0.09090909090909091,10,10,ACCCTTGTCATACTTCTGCC,0,574098
araCp,0.09090909090909091,10,10,ACCCTACTACTTACAAACCA,0,545613
araCp,0.09090909090909091,10,10,ACCCTAAGCAAAGCTATAAG,0,574283
araCp,0.09090909090909091,10,10,ACCCGGACAAGATCAGCCAC,0,569296
araCp,0.09090909090909091,10,10,ACCCCAGGCTCACACTACAA,0,600779
araCp,0.09090909090909091,10,10,ACCCAAGTCTTTTCCCTGTC,0,588153
araCp,0.09090909090909091,10,10,ACCATGTGCCCATTATACTC,0,533195
araCp,0.09090909090909091,10,10,ACCATACAGGGCGATTCCCA,0,580216
araCp,0.09090909090909091,10,10,ACCAGGCCCAATTCCACTGC,0,557644
araCp,0.09090909090909091,10,10,ACCAAGGCGTTTGAGGAATG,0,529975
araCp,0.09090909090909091,10,10,ACCAACGCTTGTCTTCGCAA,0,535559
araCp,0.09090909090909091,10,10,ACAGTATCAATAGTAAATAA,0,593788
araCp,0.09090909090909091,10,10,ACAGTAGAAGCGAAAGTTCG,0,541136
araCp,0.09090909090909091,10,10,ACAGGAATACCATCCTATCA,0,579322
araCp,0.09090909090909091,10,10,ACACGTGGGAATGTGACCAA,0,529974
araCp,0.09090909090909091,10,10,ACACGGTGAGTTTAAATCTG,0,544893
araCp,0.09090909090909091,10,10,ACAAGGATTTATCGTCAAAT,0,596094
araCp,0.09090909090909091,10,10,ACAAGCTCGTTCATTCAAGT,0,527059
araCp,0.09090909090909091,10,10,AATTTAGTCTGCTATGAAAC,0,528577
araCp,0.09090909090909091,10,10,AATTGAAACATTGAAATTTT,0,573866
araCp,0.09090909090909091,10,10,AATTCTAACTTATTCGCCGA,0,583028
araCp,0.09090909090909091,10,10,AATTCGCTTGCATCCTAATA,0,571440
araCp,0.09090909090909091,10,10,AATTATCAGAACGTATGTGC,0,562267
araCp,0.09090909090909091,10,10,AATGGTAGGGTTCGTCCGAC,0,571833
araCp,0.09090909090909091,10,10,AATGCAACATAACATCCCGT,0,541358
araCp,0.09090909090909091,10,10,AATCGGGGTGATCTAACTAA,0,599124
araCp,0.09090909090909091,10,10,AATCGGCCGTTCCTAGGTCG,0,526742
araCp,0.09090909090909091,10,10,AATCCTTTGCCGACCTGGCA,0,558653
araCp,0.09090909090909091,10,10,AATCATATAAGTGCCTTAGG,0,581571
araCp,0.09090909090909091,10,10,AATAGGACCGTTTACGAGGT,0,538920
araCp,0.09090909090909091,10,10,AATACCTTCCTGTGTAACTG,0,542757
araCp,0.09090909090909091,10,10,AATACCATAGAGGCGGATTT,0,589964
araCp,0.09090909090909091,10,10,AATACATTCAGTAGCCGTTC,0,533031
araCp,0.09090909090909091,10,10,AAGTTTGGAACTTCAACTAG,0,586763
araCp,0.09090909090909091,10,10,AAGTTTACCTGCTCGCGTCA,0,564267
araCp,0.09090909090909091,10,10,AAGTCCACGCGCGCCGGTAC,0,564109
araCp,0.09090909090909091,10,10,AAGGTGTCACATGTATGTCC,0,602416
araCp,0.09090909090909091,10,10,AAGGTCTAACGGTCCCTCTC,0,558627
araCp,0.09090909090909091,10,10,AAGGTCCCTAGTTCAGTACT,0,600991
araCp,0.09090909090909091,10,10,AAGGTATTGTGCGCACACTC,0,535953
araCp,0.09090909090909091,10,10,AAGGGCTAGCGTCGCCGTTA,0,595720
araCp,0.09090909090909091,10,10,AAGGATTACTGCCAATCGAC,0,564892
araCp,0.09090909090909091,10,10,AAGCTGGATCAGTAAGTTTA,0,531596
araCp,0.09090909090909091,10,10,AAGCGTGTTTGTATACGTGC,0,536315
araCp,0.09090909090909091,10,10,AAGCGGTTTGGGTGCAGGCG,0,534198
araCp,0.09090909090909091,10,10,AAGCGCCAGCCGCAGCCAGA,0,579888
araCp,0.09090909090909091,10,10,AAGCGAATGGATTAAGACCA,0,526210
araCp,0.09090909090909091,10,10,AAGAGTGACAGTTAGGGTAC,0,558983
araCp,0.09090909090909091,10,10,AAGAATAAACAAATCATGCG,0,558380
araCp,0.09090909090909091,10,10,AACTCATTCCCAAGCCATCG,0,582105
araCp,0.09090909090909091,10,10,AACGGGCGCCAGGCAGAGTA,0,585219
araCp,0.09090909090909091,10,10,AACGCAGTCTATTATTTGGT,0,564312
araCp,0.09090909090909091,10,10,AACCTCTTGTGGGCCGCCAT,0,597619
araCp,0.09090909090909091,10,10,AACCGTGTGGCCGAACCCAT,0,599151
araCp,0.09090909090909091,10,10,AACATCCTGGTTGCGGCTAA,0,525818
araCp,0.09090909090909091,10,10,AACAAAAAAGCGGGGACTTC,0,538741
araCp,0.09090909090909091,10,10,AAATTTGACCCTCTCTTAAC,0,581388
araCp,0.09090909090909091,10,10,AAATGACACTGTGAGGGCAA,0,553685
araCp,0.09090909090909091,10,10,AAATCCAGGGTAAAATCTTA,0,582312
araCp,0.09090909090909091,10,10,AAAGTCTAGTTTTCCAGTTT,0,602245
araCp,0.09090909090909091,10,10,AAAGGGCTGGAGGGCGTGAG,0,528333
araCp,0.09090909090909091,10,10,AAAGGGCTCATACTTATTCC,0,533016
araCp,0.09090909090909091,10,10,AAAGGCAAATGGGGCCATTC,0,575416
araCp,0.09090909090909091,10,10,AAAGACGAATTTAAGGTGAG,0,574035
araCp,0.09090909090909091,10,10,AAAGACCCTAGGCATCGCGA,0,576505
araCp,0.09090909090909091,10,10,AAACTCGTGCTATTGGACAA,0,528165
araCp,0.09090909090909091,10,10,AAACTATGCCAAAGACACTC,0,554397
araCp,0.09090909090909091,10,10,AAACTAGCTTCGTCGCTAAG,0,579000
araCp,0.09090909090909091,10,10,AAACAACACACTTTAAGGAT,0,539777
araCp,0.09090909090909091,10,10,AAAAGTAATGTGTCTATGGT,0,547065
araCp,0.09090909090909091,10,10,AAAACGGTATCCCAGCAGTT,0,602393
araCp,0.09090909090909091,10,10,AAAAACTGTAGGGGTCTCGA,0,549963
araCp,0.1,9,9,TTTTTTCCTACAGCCCTATA,0,561730
araCp,0.1,9,9,TTTTATCGGACTCCTCCGGA,0,566584
araCp,0.1,9,9,TTTTACGGAATCTCAACGGT,0,535342
araCp,0.1,9,9,TTTTAAGGAACCAGGCTAAG,0,597865
araCp,0.1,9,9,TTTGGTATGGCAAACAAGAT,0,561191
araCp,0.1,9,9,TTTGGACGCAGCACTTGGTT,0,545791
araCp,0.1,9,9,TTTGCGGTACGCAGGCGACT,0,529606
araCp,0.1,9,9,TTTGAGAAAGGTAACCGGAT,0,578033
araCp,0.1,9,9,TTTCTGTCCTCGGGCGAGGT,0,527753
araCp,0.1,9,9,TTTCTGGAACCTAGCTCGAA,0,559949
araCp,0.1,9,9,TTTCCGACACTTTTGCTGGC,0,579344
araCp,0.1,9,9,TTTCCCTAGCAATTAGCGCA,0,590763
araCp,0.1,9,9,TTTCACAAGGTAGAGGACAG,0,570649
araCp,0.1,9,9,TTTATGACTCGGGGCGTAAC,0,539252
araCp,0.1,9,9,TTTACGAGGTACGGGCACCT,0,578799
araCp,0.1,9,9,TTTACCGAGGTTATAGGGAA,0,555608
araCp,0.1,9,9,TTGTTCGTGGCAGGCGCATT,0,590243
araCp,0.1,9,9,TTGTGTGGGTTAAAAAGGAA,0,536767
araCp,0.1,9,9,TTGTGACAGCGGGAATGGCT,0,542816
araCp,0.1,9,9,TTGGGTCGCCTTAGGGGGCG,0,591947
araCp,0.1,9,9,TTGGGCTACTCCACACGGAC,0,541578
araCp,0.1,9,9,TTGGGCAGTAGGTTTCGGAT,0,557704
araCp,0.1,9,9,TTGGCGGCAATCGAGGGGTA,0,578431
araCp,0.1,9,9,TTGCTGGGGTTATGGATTCT,0,547170
araCp,0.1,9,9,TTGCTATCTATGGGCCTCTG,0,554330
araCp,0.1,9,9,TTGCCTGTTAAGCCGGCGCT,0,551249
araCp,0.1,9,9,TTGAATAGGCTACCCAGAAC,0,570232
araCp,0.1,9,9,TTCTTTTACAGGGCACGAAT,0,535562
araCp,0.1,9,9,TTCTTCCATGGTGTAGGAAT,0,594241
araCp,0.1,9,9,TTCTGGTAGGTAGTTATGGA,0,536330
araCp,0.1,9,9,TTCTCGTCGTCTGATTACCG,0,527302
araCp,0.1,9,9,TTCTACTGAACATACCCCTA,0,566890
araCp,0.1,9,9,TTCTAAAACTTTTAAATTCA,0,593857
araCp,0.1,9,9,TTCGTGTTAGTTTTTTGAAG,0,540537
araCp,0.1,9,9,TTCGGCGGTGTCCAGCGCGA,0,542475
araCp,0.1,9,9,TTCGAGGGGACGTGACGCCT,0,574413
araCp,0.1,9,9,TTCGAATTATACATGGAACA,0,574897
araCp,0.1,9,9,TTCGAATCGTGCTCCCCGCT,0,560316
araCp,0.1,9,9,TTCCGCATGCAACGCATATT,0,588238
araCp,0.1,9,9,TTCCATGCCAATTAGGAGGT,0,551343
araCp,0.1,9,9,TTCCACGTAATAATGGGTAC,0,543207
araCp,0.1,9,9,TTCATTTGCAGTTCTCCTCA,0,569678
araCp,0.1,9,9,TTCATCGAGGGAGTGTGTCG,0,588348
araCp,0.1,9,9,TTCATAATGCAAATTGCTTG,0,530151
araCp,0.1,9,9,TTCAGGCGAGCAGGGACAGT,0,560351
araCp,0.1,9,9,TTCACATTTGGGATCTTTTC,0,586395
araCp,0.1,9,9,TTATTCTAGGATACAGTTAT,0,584082
araCp,0.1,9,9,TTATTAGCGCCATGAGTCAG,0,590729
araCp,0.1,9,9,TTATCTCGTTACCATATCTG,0,547009
araCp,0.1,9,9,TTAGGAACAGTGGCACCTCA,0,557770
araCp,0.1,9,9,TTAGCAAGCCTAGCCAGCGG,0,543730
araCp,0.1,9,9,TTACTAACCTGTAGCCAGAG,0,566445
araCp,0.1,9,9,TTACGGATCGCTATAACTCC,0,562281
araCp,0.1,9,9,TTACCCGTAAAAATTGTGCG,0,566079
araCp,0.1,9,9,TTACATATGCCCATGTACCC,0,525750
araCp,0.1,9,9,TTACAATTACGACTGTTCGG,0,571246
araCp,0.1,9,9,TTAATTAGTTTACGCTCGGT,0,550369
araCp,0.1,9,9,TTAATAGGGTCACCGCATCA,0,547620
araCp,0.1,9,9,TTAAGTACCGGCCGGGGTAG,0,568164
araCp,0.1,9,9,TTAAGGTTTATCGTTGAAGA,0,526399
araCp,0.1,9,9,TTAAAGCGTCCTCAACACAT,0,526199
araCp,0.1,9,9,TTAAAGCAGCCCACACAGTC,0,596021
araCp,0.1,9,9,TGTTTGGGTTGTAGTGGGTG,0,568220
araCp,0.1,9,9,TGTTTAATTATGTGAGACAA,0,597338
araCp,0.1,9,9,TGTTCTTTCCGGCCGGCAAT,0,582440
araCp,0.1,9,9,TGTTCCACCACGATGGGACG,0,572091
araCp,0.1,9,9,TGTTATTAGCGAGGAGGACG,0,595422
araCp,0.1,9,9,TGTTAAGACTTGACAGTAGA,0,559792
araCp,0.1,9,9,TGTGCTCATGCCTGGTTTTA,0,544796
araCp,0.1,9,9,TGTGCAGCAACGCGGGGACA,0,558769
araCp,0.1,9,9,TGTGATTCCATTCCCGGTAT,0,562007
araCp,0.1,9,9,TGTGAGTTGATTTGCCAATC,0,548880
araCp,0.1,9,9,TGTGAATATGGCGCACTATT,0,544495
araCp,0.1,9,9,TGTCGTCTGTGGTGGACTCA,0,543669
araCp,0.1,9,9,TGTCAAAGGCCAAGAACTGC,0,596648
araCp,0.1,9,9,TGTATTTCCCCGGACCGTGG,0,537961
araCp,0.1,9,9,TGTAAGCGCGACCCAGTTTC,0,601183
araCp,0.1,9,9,TGGTTCCGTTTGGGTTCGGT,0,538857
araCp,0.1,9,9,TGGTGCTGTGTAACCCTAAG,0,575795
araCp,0.1,9,9,TGGTCTCTCGATCTGGATTA,0,553769
araCp,0.1,9,9,TGGTCGGAGTCTTGTTCTAA,0,601275
araCp,0.1,9,9,TGGTCGGAAGAGTAACCATT,0,571568
araCp,0.1,9,9,TGGTCGCGGTAATAGTACAA,0,590734
araCp,0.1,9,9,TGGTCCGTCCTTGCCTATTA,0,563666
araCp,0.1,9,9,TGGTAACCTAGGAGGCAGAG,0,582331
araCp,0.1,9,9,TGGGAGGGGCAATAGCCCAG,0,587292
araCp,0.1,9,9,TGGCTCTTACGTTCTATTGC,0,582258
araCp,0.1,9,9,TGGCGGGGCTGGAGTAACCT,0,598388
araCp,0.1,9,9,TGGCCGCTATGACAGGTTAC,0,573506
araCp,0.1,9,9,TGGCCAGACACAAGAGGCGA,0,536693
araCp,0.1,9,9,TGCTTTTGGACGGGACTGAC,0,545314
araCp,0.1,9,9,TGCTGGTATTGCCGGATCTC,0,535224
araCp,0.1,9,9,TGCTGCATTTCAGGACCGAA,0,545731
araCp,0.1,9,9,TGCTGAAATTGGGGGCTGAA,0,526402
araCp,0.1,9,9,TGCTAAACATTGGCTAGTAG,0,535037
araCp,0.1,9,9,TGCGTGTTTCCCATTACGCA,0,532585
araCp,0.1,9,9,TGCGGCAACATCTAGTCTCT,0,529575
araCp,0.1,9,9,TGCGATTGTGTTACTATCAC,0,581768
araCp,0.1,9,9,TGCATGAAACCAGGGAATGT,0,550110
araCp,0.1,9,9,TGCACAATGGATCCGATCGT,0,585414
araCp,0.1,9,9,TGCAAATAGGGGGATTGGTT,0,544291
araCp,0.1,9,9,TGCAAAGTTTGCACTTCAGA,0,530049
araCp,0.1,9,9,TGATTAATAAACCGAGGTCT,0,558805
araCp,0.1,9,9,TGATCGAGCTTCGATGGCTT,0,531496
araCp,0.1,9,9,TGATAGGTTAGATTCAGAGC,0,587431
araCp,0.1,9,9,TGATAAACGACGTCGTCTCA,0,585714
araCp,0.1,9,9,TGAGTGCCGAGTACGGTCAC,0,591308
araCp,0.1,9,9,TGAGGCTGTCCCGCGCTCCT,0,565808
araCp,0.1,9,9,TGAGCCCGGATCCGTATGGT,0,533546
araCp,0.1,9,9,TGAGACTGGCCCTAGCAACA,0,567606
araCp,0.1,9,9,TGAGACATCCCTTACATCAA,0,528927
araCp,0.1,9,9,TGACTTTTCCTAAGGTTTTG,0,540057
araCp,0.1,9,9,TGACTACTTAATATTGGCGA,0,551927
araCp,0.1,9,9,TGACGCTTTCGTTTTGCATA,0,565426
araCp,0.1,9,9,TGACCCAGGTCTCCCGTTAA,0,530911
araCp,0.1,9,9,TGAATACTCATATCCTGGGT,0,538344
araCp,0.1,9,9,TGAAGTAAGAGCGCGTGCGC,0,545909
araCp,0.1,9,9,TGAAACCGGACCCGTTTGGT,0,573114
araCp,0.1,9,9,TCTTTTCCACACCGATCTCT,0,584985
araCp,0.1,9,9,TCTTCACCCCTCTGAGTAGC,0,542851
araCp,0.1,9,9,TCTTAGGCTTGTGGGTGTAT,0,581596
araCp,0.1,9,9,TCTGGTTCACGATTTGTTGT,0,538598
araCp,0.1,9,9,TCTGGAACAATCCCGGGTTT,0,578355
araCp,0.1,9,9,TCTGCGGGTAAGGCCTATAG,0,542146
araCp,0.1,9,9,TCTGAGCCATTTATTTTTGC,0,580912
araCp,0.1,9,9,TCTCCGAGGCAAACGACATC,0,555679
araCp,0.1,9,9,TCTCCAGTACCGCGTCACGG,0,559676
araCp,0.1,9,9,TCTCACCGCTTCGTGTGTGA,0,543731
araCp,0.1,9,9,TCTATCACGGTGATACCTTA,0,573532
araCp,0.1,9,9,TCTAGAATTATCGAGTGCAG,0,557372
araCp,0.1,9,9,TCTAAGTCATTGCCGGTCGG,0,562228
araCp,0.1,9,9,TCTAAGGGGTCAGAGAGGGA,0,594795
araCp,0.1,9,9,TCGTTCTAGACCAACACCCC,0,568287
araCp,0.1,9,9,TCGTGTCCCCTTTCGACGAC,0,580874
araCp,0.1,9,9,TCGTGCTCGGCAGAAATTAC,0,572665
araCp,0.1,9,9,TCGTCTGGTTGATCTGAACG,0,581075
araCp,0.1,9,9,TCGTCTAACCGTAGATGGGT,0,533872
araCp,0.1,9,9,TCGTCGTACGCTAAGCATGC,0,573793
araCp,0.1,9,9,TCGGTTCTGTTATTCTTAGT,0,537519
araCp,0.1,9,9,TCGGTGTGCGGCGGCCCAAA,0,595610
araCp,0.1,9,9,TCGGGGCCATGACCCAACTC,0,594338
araCp,0.1,9,9,TCGGGGCAGCGAAGTCATGT,0,586919
araCp,0.1,9,9,TCGCTGCGGCTTATCATCAT,0,598488
araCp,0.1,9,9,TCGCCTCTAGCAGGGTTTGT,0,526271
araCp,0.1,9,9,TCGCCCAACAGATATTCATT,0,542161
araCp,0.1,9,9,TCGCAAGCAGGAAGCCTATT,0,585537
araCp,0.1,9,9,TCGATAAGCTGGCCAACCAG,0,559598
araCp,0.1,9,9,TCGATAACTCACAATGGTGG,0,599131
araCp,0.1,9,9,TCGAGGGGAAACCCAGAATG,0,597037
araCp,0.1,9,9,TCGAGGAATGCTTTTCGGTC,0,586730
araCp,0.1,9,9,TCGACCTGGCGATGGGAGAC,0,527365
araCp,0.1,9,9,TCGAATAATGTTATGACTAA,0,563259
araCp,0.1,9,9,TCGAACTTTTGGTCAAACTT,0,572393
araCp,0.1,9,9,TCCTTCATCTATTCTCGTAT,0,533739
araCp,0.1,9,9,TCCTCTCAAGATCTCGCGGC,0,565687
araCp,0.1,9,9,TCCGTAGGGTGATGGGCTCG,0,588213
araCp,0.1,9,9,TCCGGTTGGCTGCCACCCGG,0,574756
araCp,0.1,9,9,TCCGGCATAAGGTGTACTAA,0,526936
araCp,0.1,9,9,TCCGGCACGTCGTTGGTGCC,0,600665
araCp,0.1,9,9,TCCGACACTAAACGTGGGTA,0,601080
araCp,0.1,9,9,TCCCGTATGCACTGCCTTGG,0,590224
araCp,0.1,9,9,TCCCGGGCTTTTGGCATGAA,0,561845
araCp,0.1,9,9,TCCCGGAAACATTGGCAATC,0,562918
araCp,0.1,9,9,TCCCAGTAGCCGGCGTGCCT,0,539749
araCp,0.1,9,9,TCCCAGCGTCGGTCCAGGAT,0,550999
araCp,0.1,9,9,TCCCAACGGTAGCCAACGGT,0,550934
araCp,0.1,9,9,TCCATCATGGATAACTAGGG,0,531015
araCp,0.1,9,9,TCCATCAAGGATAGCATCGT,0,528132
araCp,0.1,9,9,TCCACCCGTTGAAAACAACG,0,566884
araCp,0.1,9,9,TCCAACTGGCGATACAGCGG,0,566692
araCp,0.1,9,9,TCATTTGCGACAAGCCCTTT,0,603440
araCp,0.1,9,9,TCATTCACCGGCGTACTCGG,0,542864
araCp,0.1,9,9,TCATGCGGAAACTTCTCTCC,0,580934
araCp,0.1,9,9,TCATCTCTAGTCCAGCTAGT,0,558163
araCp,0.1,9,9,TCATCGTCCAATTGAACACC,0,540512
araCp,0.1,9,9,TCATACGATGAGTCAAGCAT,0,546760
araCp,0.1,9,9,TCATAACTCCAAAGACGGTC,0,573166
araCp,0.1,9,9,TCAGTGCAGCGATCCGTTAT,0,586320
araCp,0.1,9,9,TCAGTCTTCGTTTGAACACG,0,544175
araCp,0.1,9,9,TCAGCTGCCACCAAGCGAAG,0,579733
araCp,0.1,9,9,TCAGCGCTTCGCGAAACTAC,0,546844
araCp,0.1,9,9,TCAGCCGTTAATATCCGATT,0,602426
araCp,0.1,9,9,TCAGCACTCCACCGCCACGT,0,566587
araCp,0.1,9,9,TCACTTCGGGTAGTTACAGG,0,544042
araCp,0.1,9,9,TCACGGGGGGTCCACCGCTG,0,553606
araCp,0.1,9,9,TCACGGAACATAGAACCCAC,0,586965
araCp,0.1,9,9,TCACCGTTCTATTACGGGCA,0,551242
araCp,0.1,9,9,TCACCACCGACATTTGGATC,0,603354
araCp,0.1,9,9,TCAAGGGCATATGTGACAGA,0,582665
araCp,0.1,9,9,TCAAGGCTTCGCAAAGATAG,0,543680
araCp,0.1,9,9,TCAACCGGCAACAGGTGTAA,0,562201
araCp,0.1,9,9,TATTTCTGCGGCGGTTTTGC,0,556592
araCp,0.1,9,9,TATTTAACTTCTTATGGGAC,0,577747
araCp,0.1,9,9,TATTATTACAGCGCTGTGCT,0,588957
araCp,0.1,9,9,TATGTATATTGGGACGGGAC,0,589433
araCp,0.1,9,9,TATGGGTGCCCAGTAGACAC,0,546285
araCp,0.1,9,9,TATGGACTTACGCGTGAAGT,0,556191
araCp,0.1,9,9,TATGGAAATCTAGTATGGTA,0,559636
araCp,0.1,9,9,TATGCTCGACATGATCCCAT,0,577726
araCp,0.1,9,9,TATGCAGACGAGGTATTCAG,0,538992
araCp,0.1,9,9,TATGACCACGCAGACTTGCC,0,561562
araCp,0.1,9,9,TATGACAAATCGGAGTGTCT,0,554834
araCp,0.1,9,9,TATCCGGCACTCGAATACGA,0,538649
araCp,0.1,9,9,TATCATTGCATACTCTAGGA,0,597851
araCp,0.1,9,9,TATATGAACACTCGACCCGC,0,581618
araCp,0.1,9,9,TATACATGGTCCAATAACTG,0,569174
araCp,0.1,9,9,TATAATATCTTGCAGCTAGT,0,548663
araCp,0.1,9,9,TAGTCATCCCCACTCACGAT,0,574092
araCp,0.1,9,9,TAGGTGGGATGATAGACTTG,0,554229
araCp,0.1,9,9,TAGGTCACAGTTGATCATGA,0,585271
araCp,0.1,9,9,TAGGGGTGTTGAGTATTCAG,0,598209
araCp,0.1,9,9,TAGGCAACTAAGGGATTCCC,0,538114
araCp,0.1,9,9,TAGGAATTCGAGTCAGATGC,0,603421
araCp,0.1,9,9,TAGCGGCCGCAAACAAGGCT,0,562888
araCp,0.1,9,9,TAGCCGCAAAAGGGGCAGCA,0,549497
araCp,0.1,9,9,TAGCCCTGTTCGGCGCAGCA,0,576253
araCp,0.1,9,9,TAGCATCCTGGGAACCAGGG,0,537051
araCp,0.1,9,9,TAGCAAGCCGGAAAGGATTT,0,542634
araCp,0.1,9,9,TAGATTAGAGGCCCGTATAT,0,541610
araCp,0.1,9,9,TAGATGGGTGCTAAGTTGAG,0,593332
araCp,0.1,9,9,TAGACGACGACCACGCGAAC,0,547164
araCp,0.1,9,9,TAGAATGCAATGCGCGAGCC,0,593335
araCp,0.1,9,9,TACTTATACGATAGATCTTG,0,580269
araCp,0.1,9,9,TACTGGTAACCGACGTTGTT,0,540604
araCp,0.1,9,9,TACTCCTGCGGCGTGCAACA,0,564955
araCp,0.1,9,9,TACGGATTTTATGTTTTAAG,0,583021
araCp,0.1,9,9,TACGCGGTACTGGTTGGGAC,0,558927
araCp,0.1,9,9,TACGCGCGGTTTCATTCCGG,0,576509
araCp,0.1,9,9,TACATTTTATTTCAACTCAT,0,600816
araCp,0.1,9,9,TACATGCGCGGTGTTCATCC,0,563268
araCp,0.1,9,9,TACATCATCCACGCCGTGCG,0,577028
araCp,0.1,9,9,TACACGGGGTCGTACAACGC,0,565765
araCp,0.1,9,9,TAATTTGGGCGAGTTCTCTA,0,573389
araCp,0.1,9,9,TAATTGCGTAGCACTACCTG,0,584846
araCp,0.1,9,9,TAATTCCCATTCTTGCTCAG,0,562172
araCp,0.1,9,9,TAATCGGTTACGGACTTAGT,0,561003
araCp,0.1,9,9,TAATAGCTCCTTCGTTCTAA,0,586630
araCp,0.1,9,9,TAAGTGATGTGAGAGACTGG,0,580526
araCp,0.1,9,9,TAAGGTGACCCGGCCCTCGG,0,548636
araCp,0.1,9,9,TAAGCCTAGTTGCCTTGAAC,0,561607
araCp,0.1,9,9,TAAGATGATCGCTCCTTTCT,0,554669
araCp,0.1,9,9,TAAGAGTCGCTCACGATTTC,0,550814
araCp,0.1,9,9,TAACGGATCGTCAGTTAGGG,0,580272
araCp,0.1,9,9,TAACCTGATAGGCAACAAAT,0,583643
araCp,0.1,9,9,TAACCCCGGGTCATCATAGA,0,537431
araCp,0.1,9,9,TAACACTGTGCCATTAGTGA,0,578213
araCp,0.1,9,9,TAAAGTTGGGAGTCTATTTA,0,582410
araCp,0.1,9,9,TAAAAGCCAATGCGCATACT,0,553878
araCp,0.1,9,9,GTTTCCGGTCGCTATGGAAT,0,573568
araCp,0.1,9,9,GTTGGCATTCTCTTGGTCGT,0,564078
araCp,0.1,9,9,GTTCTTGGTGAGCCGAAGGC,0,553364
araCp,0.1,9,9,GTTCGTAGCCTTAATTGGAT,0,546122
araCp,0.1,9,9,GTTCGGTCGAGCGCATTGCG,0,559613
araCp,0.1,9,9,GTTCGCAGCGGGTGCCTCTG,0,584906
araCp,0.1,9,9,GTTCGAGAGGTTGACTGTTC,0,551269
araCp,0.1,9,9,GTTCCAATTGGAAACCCAGT,0,588270
araCp,0.1,9,9,GTTCAGACTACGGGCCATAG,0,599780
araCp,0.1,9,9,GTTCACCCTATAGGGACCGA,0,535823
araCp,0.1,9,9,GTTAAGTGCGCTGTGCACTT,0,563123
araCp,0.1,9,9,GTGTTGAGGGTCTCTAAACT,0,570246
araCp,0.1,9,9,GTGTTACGATGAAGACGAAT,0,543046
araCp,0.1,9,9,GTGTTAAGGACCAGGCCTTT,0,538124
araCp,0.1,9,9,GTGTGTGAAACCCGGGTTGA,0,600188
araCp,0.1,9,9,GTGTGCCCAAGGATAGGTAA,0,581108
araCp,0.1,9,9,GTGTGCATAATTCGAATAAT,0,547921
araCp,0.1,9,9,GTGTATCAAAGATCCGATTA,0,540428
araCp,0.1,9,9,GTGTAATTTTATTGACACGA,0,572741
araCp,0.1,9,9,GTGGTTTGGGTATGGGTTTT,0,527862
araCp,0.1,9,9,GTGGACGGTCTACTGATCAG,0,526799
araCp,0.1,9,9,GTGCTCCCGACAAAGGCGCA,0,583235
araCp,0.1,9,9,GTGCGTACCATTTCAATTCT,0,596488
araCp,0.1,9,9,GTGCGAGCACGACTGTGATC,0,588946
araCp,0.1,9,9,GTGATTGCAGAACGATTTTG,0,540049
araCp,0.1,9,9,GTGATGTACGGATTGCTCAC,0,557820
araCp,0.1,9,9,GTGAGTAGGCTCGTGTCCCG,0,592975
araCp,0.1,9,9,GTGACGGGGGATGCCCTATA,0,567943
araCp,0.1,9,9,GTGACGCGGAACAGTTTGCT,0,539748
araCp,0.1,9,9,GTGACAGAACTGACGCAATA,0,567322
araCp,0.1,9,9,GTGAAGGCAGTTACGTCTGA,0,566109
araCp,0.1,9,9,GTCTGAATCGTTAGAGGTTG,0,549012
araCp,0.1,9,9,GTCCTGCCCTCCGTAGATAG,0,540273
araCp,0.1,9,9,GTCCGGCCCTCTGTTGGACT,0,532855
araCp,0.1,9,9,GTCCGCCAAGGGCCACTTGA,0,536975
araCp,0.1,9,9,GTCCGAAGGAGGTCAAGTAG,0,540648
araCp,0.1,9,9,GTCCCTTTCAGGCGGGCATC,0,586283
araCp,0.1,9,9,GTCCCCGATTTGCTGAAATA,0,571785
araCp,0.1,9,9,GTCCCCCACACGTGGTCCCA,0,550948
araCp,0.1,9,9,GTCCCCAGTATCACAATCAT,0,527166
araCp,0.1,9,9,GTCATCAATGGGCACACGCG,0,580420
araCp,0.1,9,9,GTCATAAAAATAGTTATTGA,0,573147
araCp,0.1,9,9,GTCAGATCCGGCGGACTGGC,0,560016
araCp,0.1,9,9,GTATGGGTGGATTTTTGTGG,0,568691
araCp,0.1,9,9,GTATCGGCCATTGACACACA,0,587010
araCp,0.1,9,9,GTAGTTCCGCCATGAAGCGC,0,575182
araCp,0.1,9,9,GTAGGGTTTAGGGGGTCAGA,0,576696
araCp,0.1,9,9,GTAGCGTCCTCCCATATACT,0,552255
araCp,0.1,9,9,GTACGCTGTATTTACTTATG,0,539761
araCp,0.1,9,9,GTACCAAAGGGACAAGAAAA,0,571042
araCp,0.1,9,9,GTAACTGACGATAGTGAAGA,0,577484
araCp,0.1,9,9,GGTTGATACGTAAGGAACGG,0,549054
araCp,0.1,9,9,GGTTCTCCTTGTACGGCATC,0,579966
araCp,0.1,9,9,GGTTCGACTGTCCATATTCG,0,572226
araCp,0.1,9,9,GGTTCCGTCATATGCCGATC,0,596600
araCp,0.1,9,9,GGTTCAATTAACGACAACGA,0,555425
araCp,0.1,9,9,GGTTATCTTTGTGCCCGGGG,0,529783
araCp,0.1,9,9,GGTTAAGACATGCTGAAAGT,0,534719
araCp,0.1,9,9,GGTGTACATTCATATAGTTC,0,529414
araCp,0.1,9,9,GGTGGTGGACCCGTATTACG,0,542281
araCp,0.1,9,9,GGTGGTGCCAAGCTGCTATG,0,552484
araCp,0.1,9,9,GGTGCCTACGGCATCTCCAA,0,579329
araCp,0.1,9,9,GGTCTGTCCGGTAGAGGGAT,0,563855
araCp,0.1,9,9,GGTCGCGCCGGGGAGCTAAC,0,541503
araCp,0.1,9,9,GGTCGCGAGCGGGTTGTCGG,0,556301
araCp,0.1,9,9,GGTCCTCAGAAACTGGGATT,0,592846
araCp,0.1,9,9,GGTCCAGGAGGACGACTTCA,0,578343
araCp,0.1,9,9,GGTCATAGCGGTTGCGATGA,0,578604
araCp,0.1,9,9,GGTCACGCTACATCAGCTCA,0,573736
araCp,0.1,9,9,GGTCAATCCTAGGTGGCCAA,0,600024
araCp,0.1,9,9,GGTCAACGATCGACCCTTGT,0,599465
araCp,0.1,9,9,GGTCAACCTTGGCTTAAGTA,0,534152
araCp,0.1,9,9,GGTATGTATCATTGTAAGGA,0,598177
araCp,0.1,9,9,GGTATCCTTAGCGTGCGGAA,0,564984
araCp,0.1,9,9,GGTATATATTTAGGGCGCTC,0,545089
araCp,0.1,9,9,GGTAGGCTTACGTAGGGTAG,0,574247
araCp,0.1,9,9,GGGTATCGCCTTGATTTCTA,0,536094
araCp,0.1,9,9,GGGGTTAAATCGAGAGGCGG,0,549533
araCp,0.1,9,9,GGGGGGTCTATGCCGTAACT,0,539151
araCp,0.1,9,9,GGGGGCTACCGTTCACTTCA,0,578482
araCp,0.1,9,9,GGGGGATAGTGGAGCCTCAG,0,526599
araCp,0.1,9,9,GGGGCGATGTTGCAAAAACT,0,539954
araCp,0.1,9,9,GGGGCCTTGTCCCAACCTTA,0,585417
araCp,0.1,9,9,GGGGCATTGTGGATTCATCC,0,570458
araCp,0.1,9,9,GGGGATTCTGTTGAGACGTC,0,535193
araCp,0.1,9,9,GGGGAGAGTTGCGGAGTGAT,0,546725
araCp,0.1,9,9,GGGCTTCTCTTAATGAAATG,0,590902
araCp,0.1,9,9,GGGCGGTGTGAATCTTTTGT,0,586787
araCp,0.1,9,9,GGGCGGAATTGGGTGGAAAT,0,566318
araCp,0.1,9,9,GGGCATGTCTGAGTTCGCGA,0,586973
araCp,0.1,9,9,GGGACTTGACAGTCCTATTA,0,580641
araCp,0.1,9,9,GGCTATTGGGGCATGAATAG,0,603529
araCp,0.1,9,9,GGCTATGTGTTTTCCAGGGG,0,535090
araCp,0.1,9,9,GGCGTGCGACATTAGGGTGT,0,540113
araCp,0.1,9,9,GGCGTGAGGGCGCAACGAAA,0,568112
araCp,0.1,9,9,GGCGTATCATCGAGTAAGGG,0,566340
araCp,0.1,9,9,GGCCTGTGGCACAGCCCATG,0,567007
araCp,0.1,9,9,GGCCGGGCGTTGGAATTGTC,0,573773
araCp,0.1,9,9,GGCCGCTGGGCGAGAGCGCG,0,597863
araCp,0.1,9,9,GGCCCGCACACAAGGCTAAA,0,581987
araCp,0.1,9,9,GGCCCGAGTTCCTTCCGACT,0,571490
araCp,0.1,9,9,GGCCATATATAGTTCCCGCT,0,580965
araCp,0.1,9,9,GGCAGGCGGACAGTACTCGA,0,587343
araCp,0.1,9,9,GGCACTGTATCGAATCAACA,0,531914
araCp,0.1,9,9,GGCACGGTCTATGCTCATTT,0,575926
araCp,0.1,9,9,GGCACCGGGTTCAAACGGCC,0,567287
araCp,0.1,9,9,GGCACCCTAATGACTTCCTA,0,564556
araCp,0.1,9,9,GGCACATTCTTGCGGTTCAA,0,570841
araCp,0.1,9,9,GGCACACGTTCGTATCAGGA,0,565124
araCp,0.1,9,9,GGCAATGATTTTAAATTTTA,0,546593
araCp,0.1,9,9,GGATTATCGCTTCGTCGATC,0,590001
araCp,0.1,9,9,GGATGAGCTGACATGTCTAC,0,567794
araCp,0.1,9,9,GGAGGCCTCTGCGTCTACAA,0,533441
araCp,0.1,9,9,GGAGCTCGCGAAGAATATTG,0,568370
araCp,0.1,9,9,GGAGAGATCAGTAACGACCC,0,529689
araCp,0.1,9,9,GGAGACTTCCGCATTCTATA,0,582164
araCp,0.1,9,9,GGACTGAGTTATATCACCTG,0,543656
araCp,0.1,9,9,GGACTACGAGCTTGAGATAC,0,591306
araCp,0.1,9,9,GGACCCTGGCCCTGAAAGAG,0,549535
araCp,0.1,9,9,GGACCCACCTACATACAACC,0,575629
araCp,0.1,9,9,GGACATACCCGTCACTGCCC,0,541788
araCp,0.1,9,9,GGACACATGCAGTGAGGGCA,0,588334
araCp,0.1,9,9,GGAATTGCAATAAGAACCCT,0,526044
araCp,0.1,9,9,GGAAGGCGGGAGTGCTCTTA,0,563156
araCp,0.1,9,9,GGAACTTCGGCCGGCTCTAT,0,530515
araCp,0.1,9,9,GCTTTTACGCCTGACTGGCT,0,561638
araCp,0.1,9,9,GCTTTGGGTCTATAGCAGCT,0,581465
araCp,0.1,9,9,GCTTTGAATGGCTAGTGACC,0,574746
araCp,0.1,9,9,GCTTGGGCATCTTGGCCTTA,0,526034
araCp,0.1,9,9,GCTTGGATTAATCCTCGGCA,0,559328
araCp,0.1,9,9,GCTTCTGGACAGGCTTCACT,0,541937
araCp,0.1,9,9,GCTTCAGAAGAAATTTCCAG,0,570992
araCp,0.1,9,9,GCTTAGCCGTTAAAGAGCTG,0,526453
araCp,0.1,9,9,GCTTACTCAGTATACTTGAG,0,587489
araCp,0.1,9,9,GCTGCGGATCCAGGGTGACG,0,535284
araCp,0.1,9,9,GCTCTCATGTCTCCAGCTTG,0,547876
araCp,0.1,9,9,GCTCTATCTACAGATGCACG,0,556019
araCp,0.1,9,9,GCTCGTCGAGGGAGACGCCC,0,602296
araCp,0.1,9,9,GCTCGACTCATGGTTCTCCT,0,601120
araCp,0.1,9,9,GCTCCGCTTTATAATAGGTT,0,602336
araCp,0.1,9,9,GCTCCAAGGAGGAGTTGAAA,0,533110
araCp,0.1,9,9,GCTATGCGGCACCGTTCCTA,0,544180
araCp,0.1,9,9,GCTATCTGGCGTGCTCGAAT,0,531014
araCp,0.1,9,9,GCTATACCGAGATAACTTCA,0,579908
araCp,0.1,9,9,GCTAAAGTGGTCGTTGGGGA,0,557590
araCp,0.1,9,9,GCGTTATTGAACCATTGCAA,0,564957
araCp,0.1,9,9,GCGTTACTAGGACGCCTGGA,0,543714
araCp,0.1,9,9,GCGTGTGACTAACTAGCAAT,0,592642
araCp,0.1,9,9,GCGTCTGGCAGATCAGGTGT,0,572183
araCp,0.1,9,9,GCGTCCAGCTGTTGTGGATA,0,527620
araCp,0.1,9,9,GCGTATTCCCGGGCACGTGT,0,594426
araCp,0.1,9,9,GCGGTTCCTACACGCAAATC,0,556573
araCp,0.1,9,9,GCGGTCCGGTCAATTAGCAT,0,567029
araCp,0.1,9,9,GCGGTCCGGAGCACGATAAA,0,574291
araCp,0.1,9,9,GCGGTAGGGTCAAGGCAGTA,0,598260
araCp,0.1,9,9,GCGGTAATTGCCACGCACCA,0,599087
araCp,0.1,9,9,GCGGGCGCCCCATGGCTGTT,0,534185
araCp,0.1,9,9,GCGGCAGGTCTATAGTAGCT,0,533219
araCp,0.1,9,9,GCGATGTGTTATCCGCTTAG,0,563131
araCp,0.1,9,9,GCGAGTCTATGGTGCCGGGC,0,593915
araCp,0.1,9,9,GCGAGTCTACTCACGCACTT,0,596664
araCp,0.1,9,9,GCGAGGCCAGCTCGAGAAGA,0,532560
araCp,0.1,9,9,GCCTTCCGACATGCAGCCCT,0,595538
araCp,0.1,9,9,GCCTTAGCATGAGTTCTAGA,0,595670
araCp,0.1,9,9,GCCTGCCGTATCGCCACCCG,0,560923
araCp,0.1,9,9,GCCTCTGCTGTTCGAAGTGC,0,543848
araCp,0.1,9,9,GCCTCAAGCTTGTACGCGAA,0,549311
araCp,0.1,9,9,GCCTAGCTCAGGTCCATCGT,0,571044
araCp,0.1,9,9,GCCGTTGCCTATGTCATAAA,0,565299
araCp,0.1,9,9,GCCCTCTAGTTGCCCGGCCT,0,535462
araCp,0.1,9,9,GCCATAGCCAGCAGCACAAT,0,560636
araCp,0.1,9,9,GCCATACTAGGCTCCAATTG,0,529502
araCp,0.1,9,9,GCCAGGGATTTATGCCTTAA,0,541279
araCp,0.1,9,9,GCCAGCGGCTCCGCGCTTTT,0,574323
araCp,0.1,9,9,GCCAAACGCCTTTGGATCTG,0,547259
araCp,0.1,9,9,GCATTCATATTCGTTTGTTT,0,575799
araCp,0.1,9,9,GCATGAATTAGCCGCTTCGT,0,539746
araCp,0.1,9,9,GCATCTTAGATACTTAGCTA,0,589176
araCp,0.1,9,9,GCATAGTACAGGCGGTTAGT,0,590710
araCp,0.1,9,9,GCATACCTGACTTGATCCGT,0,574914
araCp,0.1,9,9,GCATACCCGGGCAACATGCC,0,584841
araCp,0.1,9,9,GCAGTTAATAGAGTTGAGTC,0,589960
araCp,0.1,9,9,GCAGCGTATAGCACGAATCC,0,530073
araCp,0.1,9,9,GCAGAGGAACAATATTACGA,0,525580
araCp,0.1,9,9,GCACAGGTTACTCCAGTTCT,0,566448
araCp,0.1,9,9,GCACAAGCATGGGTGCTGAG,0,558630
araCp,0.1,9,9,GATTATGTTGGCGGGGTCGG,0,600365
araCp,0.1,9,9,GATGTTCAGGATAGATTCTC,0,539991
araCp,0.1,9,9,GATGGTCCAAAACTTGAGCT,0,572990
araCp,0.1,9,9,GATGGTAACATGTTGGGCCA,0,533456
araCp,0.1,9,9,GATGGGTAAACTAGAATGAA,0,540097
araCp,0.1,9,9,GATGCATATGATGCTTTCAT,0,555092
araCp,0.1,9,9,GATCTTCTTCGTCTAAATTG,0,552456
araCp,0.1,9,9,GATCTTATGGCGTACCTGCA,0,599171
araCp,0.1,9,9,GATCTGAGATTTAACCGATT,0,590085
araCp,0.1,9,9,GATCAAACGTGTTTACTTCC,0,544754
araCp,0.1,9,9,GATAGTTGCAAACATAATGC,0,579246
araCp,0.1,9,9,GATAGTCTTTTTACGTACCA,0,579710
araCp,0.1,9,9,GAGTCGTGTCTCAATATATA,0,558447
araCp,0.1,9,9,GAGTATGAAGGGCACGTCCT,0,529298
araCp,0.1,9,9,GAGTATAAAAAGCGAGTTGC,0,581242
araCp,0.1,9,9,GAGTAGCTACATTGGCAGCT,0,525609
araCp,0.1,9,9,GAGTAGAGAACCATGCCTCT,0,576264
araCp,0.1,9,9,GAGTACATTGTCGGAGCATA,0,559464
araCp,0.1,9,9,GAGGTGTCCGTTCCAAAACG,0,591371
araCp,0.1,9,9,GAGGGGGTACAGCAACTCAA,0,567818
araCp,0.1,9,9,GAGGCTACCCCAGTTTCAAA,0,601978
araCp,0.1,9,9,GAGGAGCCACGGATACGCGC,0,592817
araCp,0.1,9,9,GAGCTTTATCGAGTTTTCAC,0,552098
araCp,0.1,9,9,GAGCGCCCGATATCAAGTAC,0,542258
araCp,0.1,9,9,GAGCCTGGGGCGTCTGTTAG,0,586217
araCp,0.1,9,9,GAGCCCCTTAGTGGCGGTAT,0,568704
araCp,0.1,9,9,GAGATAAGTCTATGCGTTCC,0,559649
araCp,0.1,9,9,GAGACTTCAATAGCTATCCC,0,601831
araCp,0.1,9,9,GAGACGACGACCGGACATTG,0,556872
araCp,0.1,9,9,GACGTTTATACATCCGAAGC,0,544264
araCp,0.1,9,9,GACGTGACACCTTTTTGGAA,0,589719
araCp,0.1,9,9,GACGTCTGAGCCGAATGTAT,0,555490
araCp,0.1,9,9,GACGCTGGGGCTACAATAAC,0,553123
araCp,0.1,9,9,GACGAGTCAGATTGCGCGTT,0,533943
araCp,0.1,9,9,GACCGGGCCTGGATCATTAC,0,599733
araCp,0.1,9,9,GACCCTATAGAGACGCAATA,0,574755
araCp,0.1,9,9,GACCATAGGAAGATCAGAAT,0,579367
araCp,0.1,9,9,GACCAAGATCTGCGGATCAA,0,564294
araCp,0.1,9,9,GACAGATATCAGAAGACGCA,0,549150
araCp,0.1,9,9,GACACATTGGGAATTACGAA,0,533130
araCp,0.1,9,9,GACACAGGTGTATCGCCCTA,0,545281
araCp,0.1,9,9,GACAAAAGCTCGACTCTGAC,0,599106
araCp,0.1,9,9,GAATGTTGTATCGATAGATA,0,560710
araCp,0.1,9,9,GAATGCGTACACAAGATTTG,0,537954
araCp,0.1,9,9,GAAGTGCCGTATCGAAATTT,0,562643
araCp,0.1,9,9,GAAGGTCCCTGGGGCTCAGT,0,546740
araCp,0.1,9,9,GAAGCATCCAATCAGTAAGT,0,564258
araCp,0.1,9,9,GAACGGCAGCGGAAATACAA,0,578278
araCp,0.1,9,9,GAACGGATGACTTGCAAGTA,0,597133
araCp,0.1,9,9,GAACACGGCATAGGACTCAG,0,585618
araCp,0.1,9,9,GAACACCGGCTAGAGACTAA,0,568243
araCp,0.1,9,9,GAACAATCGGAAAATCGGTC,0,591267
araCp,0.1,9,9,GAAATGCTGCTTCGTGGTTC,0,548452
araCp,0.1,9,9,GAAAGAGTCAAGCTTTGCCC,0,595502
araCp,0.1,9,9,GAAACTCATATTTAAGAGTT,0,591324
araCp,0.1,9,9,GAAAAAAATTAGGGCGCCGC,0,557624
araCp,0.1,9,9,CTTTTTTGGTGATCGTGCGA,0,546166
araCp,0.1,9,9,CTTTATTGCATCGTGCGTCG,0,582880
araCp,0.1,9,9,CTTTAATAGCGGTCAATACT,0,573968
araCp,0.1,9,9,CTTTAACACGGGGGCGGACA,0,583431
araCp,0.1,9,9,CTTGTCCACTTATTGATCGG,0,581589
araCp,0.1,9,9,CTTGGGATATTATGCTCAAC,0,586468
araCp,0.1,9,9,CTTGGCGTTTGGACCAAAGC,0,572301
araCp,0.1,9,9,CTTGGCCAGGTTGGTTCGCT,0,557350
araCp,0.1,9,9,CTTGGCAGTTTTCGCACTGC,0,585431
araCp,0.1,9,9,CTTGCGTCCCCTTACCAACA,0,544215
araCp,0.1,9,9,CTTGAGTGGCGAATGGAAAA,0,538265
araCp,0.1,9,9,CTTGAGACAATCATTATCGT,0,553907
araCp,0.1,9,9,CTTGAATAGATAAGAAAGGC,0,558153
araCp,0.1,9,9,CTTCCATAAGCGGCCTGTCT,0,578000
araCp,0.1,9,9,CTTCCACCCCCTCTACTTAA,0,584691
araCp,0.1,9,9,CTTATTGCCCCGGTAAGTTT,0,545921
araCp,0.1,9,9,CTTAGCGTAGCGTTCTGAGC,0,587732
araCp,0.1,9,9,CTGTCGGCGCCTGGGAAGAA,0,579236
araCp,0.1,9,9,CTGTATCGGGGGAGTACCGA,0,543112
araCp,0.1,9,9,CTGGCCCGCTACCGGACGCG,0,536328
araCp,0.1,9,9,CTGCCAGTGCCACGTCCGAA,0,526800
araCp,0.1,9,9,CTGAGTTACCGAATCTAAGC,0,568995
araCp,0.1,9,9,CTGAAACTCGACAAGAGTAG,0,525957
araCp,0.1,9,9,CTCTGGTGCTAGAAGGCCGA,0,564280
araCp,0.1,9,9,CTCTGATCATCTATGTTAAA,0,589341
araCp,0.1,9,9,CTCGGAAAACATTGCAGGTT,0,550772
araCp,0.1,9,9,CTCGAGTTTTGCAAACTCAG,0,599197
araCp,0.1,9,9,CTCGAACGCATAACATCGTA,0,602185
araCp,0.1,9,9,CTCCTCAAAGACCACGGAGT,0,581550
araCp,0.1,9,9,CTCCTATTAAGCTCTCAAGG,0,586654
araCp,0.1,9,9,CTCCCCGGAGCCCATCGCAA,0,559004
araCp,0.1,9,9,CTCCAGTGGACGCCACGAGG,0,531773
araCp,0.1,9,9,CTCATCGTGCGTATTAGCGA,0,569969
araCp,0.1,9,9,CTCATCGAAGGTCCGCGTTA,0,603612
araCp,0.1,9,9,CTCAACATAATCCTAGTCTT,0,585622
araCp,0.1,9,9,CTATTTCTGACATAGGCGTG,0,535488
araCp,0.1,9,9,CTATGCGCATTAAATGGACG,0,544826
araCp,0.1,9,9,CTATAGTATGGACGCTGCAC,0,581466
araCp,0.1,9,9,CTAGGTGTTACGTTATAGGG,0,576209
araCp,0.1,9,9,CTAGGGTCTCGGCCCCCTGG,0,559878
araCp,0.1,9,9,CTAGCGTCCACGGTCCTCTT,0,530532
araCp,0.1,9,9,CTACCCTTAACAACAAGCCT,0,534298
araCp,0.1,9,9,CTACAATGTTGACCACAGAT,0,573881
araCp,0.1,9,9,CTAAGTCTCCTGAACATATG,0,543209
araCp,0.1,9,9,CTAAACTGTTTACCCTATGA,0,547092
araCp,0.1,9,9,CGTTTGTACATGTAGACTAA,0,585347
araCp,0.1,9,9,CGTTTGGCTGCGTCAGGAAG,0,552359
araCp,0.1,9,9,CGTTGGGAACACCAGATTAT,0,538122
araCp,0.1,9,9,CGTTGCCGCAGCATCGAGGT,0,546884
araCp,0.1,9,9,CGTTCAGGCTCGTTCAACGT,0,545646
araCp,0.1,9,9,CGTTAGCTCCATCTATAACC,0,578685
araCp,0.1,9,9,CGTTACGATACAGCGAGATA,0,535426
araCp,0.1,9,9,CGTGTCCCTCTAGATCCGAA,0,597449
araCp,0.1,9,9,CGTGGAGATCGCCTTAGCGC,0,543147
araCp,0.1,9,9,CGTGCGTTCGAGCACTATCT,0,587585
araCp,0.1,9,9,CGTGAGAAAGGCGTCGCACA,0,565991
araCp,0.1,9,9,CGTCGTGCGGACTCTTGACC,0,544621
araCp,0.1,9,9,CGTCCAGGCATCGCACCGTG,0,526666
araCp,0.1,9,9,CGTCAATACCACCTAGGCCA,0,583815
araCp,0.1,9,9,CGTATAGCCATTCGACGAGT,0,574082
araCp,0.1,9,9,CGTACGCTCGGTGTAGTAGT,0,571254
araCp,0.1,9,9,CGTAAGTAACATAGGCCGGC,0,558941
araCp,0.1,9,9,CGGTTCTGTAACATCTGTTC,0,592536
araCp,0.1,9,9,CGGTAAGAATATCGCTACTT,0,534008
araCp,0.1,9,9,CGGGCGTGGTTAGTCTAGTA,0,555946
araCp,0.1,9,9,CGGGCCTCGCTGATTGGGGT,0,529605
araCp,0.1,9,9,CGGGATCCGTTCAGACCCCT,0,575565
araCp,0.1,9,9,CGGGATACGGGAATGCGGTC,0,555683
araCp,0.1,9,9,CGGCTGAATACCTGTATTGT,0,594953
araCp,0.1,9,9,CGGCACTTCTAGGTAGAAAC,0,593876
araCp,0.1,9,9,CGGCACAGACAGTAAGCCTC,0,545727
araCp,0.1,9,9,CGGATTGAAATAGCACTTAT,0,525834
araCp,0.1,9,9,CGGAGCTTCTGACAGTTAGG,0,584308
araCp,0.1,9,9,CGCTGCGGTTGTTCATGAGT,0,592592
araCp,0.1,9,9,CGCTCCCTACTGTAACGCGT,0,530450
araCp,0.1,9,9,CGCGGATTTATACGATCGGC,0,603322
araCp,0.1,9,9,CGCGGATCGACCTATCTTAT,0,534071
araCp,0.1,9,9,CGCGCTTATACATCTGACTC,0,566452
araCp,0.1,9,9,CGCGCGCAGTGTGCCAGTCT,0,586271
araCp,0.1,9,9,CGCGAGAGAAATCCTTTGCT,0,556002
araCp,0.1,9,9,CGCGACGCTGGTACCTAAGG,0,542621
araCp,0.1,9,9,CGCCGCTCGGTTTAGGTATT,0,547180
araCp,0.1,9,9,CGCCCACCGGTGCTTCTTCC,0,582950
araCp,0.1,9,9,CGCATTTGTCTCGCCTACCA,0,595697
araCp,0.1,9,9,CGCATTGTAGAACACTTGTT,0,559374
araCp,0.1,9,9,CGCAGGGGATCAGGTTAGCG,0,542756
araCp,0.1,9,9,CGCACCGCGCTAAGATTACT,0,544725
araCp,0.1,9,9,CGCAATTGTACCTCCAAGCA,0,573785
araCp,0.1,9,9,CGATCGACGCGGACTTTTGC,0,583622
araCp,0.1,9,9,CGAGTACGCGTTCGCACGTT,0,539202
araCp,0.1,9,9,CGAGGTTCGACTATGTACAA,0,578710
araCp,0.1,9,9,CGAGATGATCAATGGCTCCT,0,571227
araCp,0.1,9,9,CGACTGTTTTAAATACGCTT,0,548865
araCp,0.1,9,9,CGACTCTGTTACAACCCGAA,0,599764
araCp,0.1,9,9,CGACGTACAGCCCCAGGTCC,0,595835
araCp,0.1,9,9,CGACGCTGGTCCAACCATTT,0,591954
araCp,0.1,9,9,CGACGCTAGGGTATGGTCGC,0,576642
araCp,0.1,9,9,CGACCTGAATGCATATTACT,0,580723
araCp,0.1,9,9,CGACACTTCCCCAAAACCAA,0,552171
araCp,0.1,9,9,CGACACGGGCTGCGCAGACG,0,546681
araCp,0.1,9,9,CGACAACAACGAACTATGTT,0,563863
araCp,0.1,9,9,CGAATATCAGGGCAACAAAT,0,591233
araCp,0.1,9,9,CGAACGACTGTACTCTGAGA,0,528100
araCp,0.1,9,9,CGAACCGAATCGGACGCAAA,0,553486
araCp,0.1,9,9,CGAAAGTCTGTGCTTAAATG,0,556463
araCp,0.1,9,9,CGAAAAAGCCTAGCGCGGCT,0,547233
araCp,0.1,9,9,CCTTTGCGCCGGCTTGGTGT,0,552186
araCp,0.1,9,9,CCTTCTCGGCAGCGCTTACA,0,593937
araCp,0.1,9,9,CCTTCGCCGGAGCCCAGATC,0,570681
araCp,0.1,9,9,CCTTAGGAAGTGAACCATGC,0,589614
araCp,0.1,9,9,CCTTACATAATTACTGCAGT,0,529921
araCp,0.1,9,9,CCTGTGTCTGTGTTCGGTGT,0,584251
araCp,0.1,9,9,CCTGGTTTGCAGCGTGTGAC,0,555492
araCp,0.1,9,9,CCTGGCCCTGTCCATACTGA,0,570017
araCp,0.1,9,9,CCTGCTAATCGGGCGAGTAA,0,568833
araCp,0.1,9,9,CCTGCCGCTTGAAGTCTCTT,0,557646
araCp,0.1,9,9,CCTGATTGTTCAAGTATTCT,0,595339
araCp,0.1,9,9,CCTGAGTGCTTAAAGCCAGC,0,553866
araCp,0.1,9,9,CCTGAAATCAGCACGACTTT,0,531374
araCp,0.1,9,9,CCTCTCATGAGGGTCTTGTG,0,602373
araCp,0.1,9,9,CCTCGGGACGAGGGTGGTCG,0,576752
araCp,0.1,9,9,CCTCGAAGGTAACCAGTCGG,0,570338
araCp,0.1,9,9,CCTCAGCTTGCGTACATCAG,0,536452
araCp,0.1,9,9,CCGTTGTGTACAAAATTTCT,0,541575
araCp,0.1,9,9,CCGTTAGTGCTGATCCTTCG,0,568170
araCp,0.1,9,9,CCGTGTCACGCTCTCACAAG,0,564798
araCp,0.1,9,9,CCGTGGTGCAAGCTATTGCT,0,576769
araCp,0.1,9,9,CCGTCTATCAACGTCATGGG,0,542116
araCp,0.1,9,9,CCGTACTCTACCTAGGGACG,0,596652
araCp,0.1,9,9,CCGTAACAGCTGTAGGCATT,0,569505
araCp,0.1,9,9,CCGGTGGATCAGGTCCGCAG,0,555342
araCp,0.1,9,9,CCGGTACTTTATCCATGATG,0,570536
araCp,0.1,9,9,CCGGGTCGGACGAATCTAGG,0,556119
araCp,0.1,9,9,CCGGGTATCCGTTGCGCGCA,0,569050
araCp,0.1,9,9,CCGGCATCGATTGAGCCGCG,0,575781
araCp,0.1,9,9,CCGCGACCGCTAGGATACAG,0,568607
araCp,0.1,9,9,CCGCCGGTTGTCCGTATCCA,0,591365
araCp,0.1,9,9,CCGATAAATAACCGGCCAGG,0,565465
araCp,0.1,9,9,CCGACTGGCTGCCAAATGCG,0,551996
araCp,0.1,9,9,CCGACCTAGGCTTATACCGA,0,535185
araCp,0.1,9,9,CCCTTGCTGGTATCTTGAAT,0,579163
araCp,0.1,9,9,CCCTGCTAAGTACCTTACTG,0,576222
araCp,0.1,9,9,CCCTGACCAGTGGTATGTCT,0,590336
araCp,0.1,9,9,CCCGTGGCTGTGAATTATAT,0,599525
araCp,0.1,9,9,CCCGTCCTAGACATAACTGT,0,600920
araCp,0.1,9,9,CCCGCAGGCAATTGGAAGAT,0,535418
araCp,0.1,9,9,CCCGAAATCTGGATACCTGT,0,526152
araCp,0.1,9,9,CCCCTCCATTTAGGCCGGAG,0,565292
araCp,0.1,9,9,CCCCGGCACAACGAGTGTAT,0,525579
araCp,0.1,9,9,CCCCGATCGGGCACCTGCAA,0,589827
araCp,0.1,9,9,CCCCCGTCCCCTAGCAGATC,0,562571
araCp,0.1,9,9,CCCAGGTTTTAACCTACAAC,0,539389
araCp,0.1,9,9,CCCAGGCTGCTCTGTGCTCC,0,597966
araCp,0.1,9,9,CCCACCTATGGGAATGAGTT,0,594165
araCp,0.1,9,9,CCATTGTAGGTTGCGGCGCT,0,573485
araCp,0.1,9,9,CCATTCCCTGGATTGTTTGT,0,577811
araCp,0.1,9,9,CCATGATAAATGCTTTACAG,0,551997
araCp,0.1,9,9,CCATCTTACAGGGGAATTAA,0,561735
araCp,0.1,9,9,CCATCTGAGCAAGGTACATG,0,590104
araCp,0.1,9,9,CCATCACCCAGGGGGATTCT,0,530163
araCp,0.1,9,9,CCAGGACGGTCAGGACCCGT,0,586868
araCp,0.1,9,9,CCAGCTGCTTGCTCGCGTTT,0,551944
araCp,0.1,9,9,CCAGACCTGAGCCATCGAGT,0,536770
araCp,0.1,9,9,CCACTCACGCCAGTTTTAGA,0,560469
araCp,0.1,9,9,CCACCAGGAGGCACTCGGGT,0,566881
araCp,0.1,9,9,CCACAGAAGCTTTGGTGCTC,0,576194
araCp,0.1,9,9,CCAATTTCTTGCAACTAAGC,0,580607
araCp,0.1,9,9,CCAAGAGATGCATAGTCAAC,0,572866
araCp,0.1,9,9,CATTTTCCAGTCGTAATTGG,0,558982
araCp,0.1,9,9,CATTTCGTGTTATGTATAGT,0,530454
araCp,0.1,9,9,CATTTATTTCAGTCGGATCT,0,583738
araCp,0.1,9,9,CATTCTCGACGCTCTCTCTG,0,575881
araCp,0.1,9,9,CATTAAGCCCTCACATCTCG,0,549460
araCp,0.1,9,9,CATGTAAGAGCACGTCCCAT,0,551241
araCp,0.1,9,9,CATGGGCGTATGGCGACTAT,0,540941
araCp,0.1,9,9,CATGGCTTGGTTCACGCATT,0,563278
araCp,0.1,9,9,CATGCTTAGTGCCTCGTGGA,0,548590
araCp,0.1,9,9,CATGCTCGATATGACAGGAC,0,546718
araCp,0.1,9,9,CATGAATTCTCGTACACCGA,0,551357
araCp,0.1,9,9,CATCTCTAACGATACCGGCC,0,598133
araCp,0.1,9,9,CATCTCATCTTGGCAGGTTT,0,575937
araCp,0.1,9,9,CATCTAGGCGGATCCCGTGA,0,560723
araCp,0.1,9,9,CATCGCGGAACCCAGCGGTA,0,598324
araCp,0.1,9,9,CATACTTCTGGTCCTTTGGT,0,596012
araCp,0.1,9,9,CATACGCAAAATTATTTCTA,0,591554
araCp,0.1,9,9,CATAATGTTAGGACAGCGAT,0,560912
araCp,0.1,9,9,CAGTTTCATGGAGTCTGACA,0,529676
araCp,0.1,9,9,CAGTGGGCGTGGAGCAATGT,0,570602
araCp,0.1,9,9,CAGTGAAATGGGCAATTGAG,0,572249
araCp,0.1,9,9,CAGTATAAGGTCTGGGCAGG,0,560852
araCp,0.1,9,9,CAGTACGCTACACTAGCTTT,0,552001
araCp,0.1,9,9,CAGGTAGCGCCATTTCCGTT,0,597375
araCp,0.1,9,9,CAGGGGCCTTTTACTTAACC,0,599460
araCp,0.1,9,9,CAGGGGAGCTGCGGCTACGA,0,584326
araCp,0.1,9,9,CAGGGCCTCTCGCACAAGCA,0,602027
araCp,0.1,9,9,CAGGCGCCAAGCTGACGAAT,0,551680
araCp,0.1,9,9,CAGGAGTTTGGAAGGGGTGA,0,539433
araCp,0.1,9,9,CAGCTTTGGCCAATCTGGCA,0,587903
araCp,0.1,9,9,CAGCGGATAATGGCCGGATA,0,564841
araCp,0.1,9,9,CAGCACGGAGATCTGTCTAT,0,563293
araCp,0.1,9,9,CAGATAATGTCTACGATCAC,0,559659
araCp,0.1,9,9,CAGAACGTTGGCGCGCCCCA,0,595539
araCp,0.1,9,9,CACTGACCCATGCGGCACTC,0,561004
araCp,0.1,9,9,CACTCTCACTCCGCTGCTCT,0,587911
araCp,0.1,9,9,CACTCCTCGGACATGCTCCC,0,545454
araCp,0.1,9,9,CACGTGGCTTAAACGTCAGG,0,600807
araCp,0.1,9,9,CACGGACCAAGTGAACTTCA,0,601006
araCp,0.1,9,9,CACCTCGACCGAGCGTCCTA,0,540875
araCp,0.1,9,9,CACCCCGGGGATTTAATAGA,0,548915
araCp,0.1,9,9,CACATTTGCTTCTCTGTGTC,0,581853
araCp,0.1,9,9,CACATTGCAAACCGGACAGC,0,527397
araCp,0.1,9,9,CACAGAGTATAATGCCGGGT,0,527303
araCp,0.1,9,9,CACACCCAATTAAGATTCTA,0,597351
araCp,0.1,9,9,CACAAGAGCGGGGAAAAACA,0,546413
araCp,0.1,9,9,CAATTGGGTGAAAGTCATTT,0,584776
araCp,0.1,9,9,CAATGGTAAATAGCGGTCTT,0,541499
araCp,0.1,9,9,CAATGCGTTGATCTTCGGGA,0,589278
araCp,0.1,9,9,CAATCGAGCGTCATAGTTCT,0,545514
araCp,0.1,9,9,CAATATGGGCTCAAATTTGC,0,532263
araCp,0.1,9,9,CAAGGGTCATTGCATAGGCG,0,568695
araCp,0.1,9,9,CAAGGAAACGCTCTAGGAGT,0,543042
araCp,0.1,9,9,CAAGCCTTTTGTCTCTAGAG,0,586562
araCp,0.1,9,9,CAAGCATTGACCCACGGGTA,0,599012
araCp,0.1,9,9,CAAGATGTAGCCGAGATTAT,0,572800
araCp,0.1,9,9,CAACGTCCGGACTTAATGTA,0,578982
araCp,0.1,9,9,CAACATTGAACTGGTCTGCT,0,598873
araCp,0.1,9,9,CAAATCTACTCACATTCACT,0,558639
araCp,0.1,9,9,CAAAGTCCTTGCAGAACTCG,0,562001
araCp,0.1,9,9,CAAAGACAAGTCATTCTTTA,0,580659
araCp,0.1,9,9,CAAACGACAAGGAACCGAGT,0,528414
araCp,0.1,9,9,CAAAACGCCATAGCAGGAAT,0,530400
araCp,0.1,9,9,ATTTCTTTTACGCACTCTAT,0,574236
araCp,0.1,9,9,ATTTCTTCCACATTTCCTAC,0,578237
araCp,0.1,9,9,ATTTCGGTGGAGAGTTGCTT,0,557283
araCp,0.1,9,9,ATTTAGTGGCCTCCGCGCGG,0,595913
araCp,0.1,9,9,ATTGTTGCCAGCCGGTTTTC,0,557171
araCp,0.1,9,9,ATTGCCAACAGGTAGATGAG,0,573120
araCp,0.1,9,9,ATTGAGCTTGAGGCTGGGCA,0,560587
araCp,0.1,9,9,ATTGAACCTATCCCCTTGTC,0,587909
araCp,0.1,9,9,ATTACCCCGCTTTACGGGAG,0,582339
araCp,0.1,9,9,ATTAAGCGTAGTAATAAATC,0,580435
araCp,0.1,9,9,ATGTTCACCGGTTGCAAATC,0,530579
araCp,0.1,9,9,ATGTGGGAGCGCAAATGGTT,0,534289
araCp,0.1,9,9,ATGTGATCGCATCAGCCACT,0,595727
araCp,0.1,9,9,ATGTACTCGTCTCCTGTTCA,0,596725
araCp,0.1,9,9,ATGGGTGCACTTTGACAGTT,0,586391
araCp,0.1,9,9,ATGGCGAACGAGTTCAGTGA,0,547099
araCp,0.1,9,9,ATGGATACAGAGCTGCGGCA,0,585997
araCp,0.1,9,9,ATGGACATCCCGCGACAACC,0,539527
araCp,0.1,9,9,ATGCGTAAAGTCCTACTTGG,0,600327
araCp,0.1,9,9,ATGCGCTACGCCGGGACCCT,0,548617
araCp,0.1,9,9,ATGCGCCTGTACAACTAGGT,0,566699
araCp,0.1,9,9,ATGCGAGCGCTCATTTTTTG,0,559360
araCp,0.1,9,9,ATGCATATGGCACGTCTATG,0,579776
araCp,0.1,9,9,ATGCACGCATGGTCGGTCAT,0,600667
araCp,0.1,9,9,ATGCAATCACGTGCGCGCCA,0,545643
araCp,0.1,9,9,ATGACAAATTGCACTCAGTA,0,546863
araCp,0.1,9,9,ATCTGCTGTGTTTTTTTAGA,0,526818
araCp,0.1,9,9,ATCTGCTGATGACAGGCACC,0,598692
araCp,0.1,9,9,ATCTCGTCAGGATAAACTAT,0,561031
araCp,0.1,9,9,ATCTCAAGTCTCGGACTCAC,0,529250
araCp,0.1,9,9,ATCTAAGTATGAAAACTCTC,0,591240
araCp,0.1,9,9,ATCGTTCCAGGACACCTAGT,0,600220
araCp,0.1,9,9,ATCGGCACCCTGTTAACAAC,0,544267
araCp,0.1,9,9,ATCGAGTTTTGTTCGTCCGT,0,562166
araCp,0.1,9,9,ATCGAGTTTAAAGCGATTCT,0,603476
araCp,0.1,9,9,ATCGAGATGAACGTTGTCCA,0,552195
araCp,0.1,9,9,ATCGAGATACTCGACAGAAA,0,559206
araCp,0.1,9,9,ATCCTGGCCGTCAGCACTAA,0,602300
araCp,0.1,9,9,ATCCGTCATCCGCTTAGTCT,0,593725
araCp,0.1,9,9,ATCCCCTCCAGCTCCGACGC,0,574348
araCp,0.1,9,9,ATCCAACGGATGCCTGGGTT,0,561339
araCp,0.1,9,9,ATCATATTCAAAGTGACGGT,0,602727
araCp,0.1,9,9,ATCAGATTTGATACGATAGT,0,596680
araCp,0.1,9,9,ATCAAGAGCCCACTATAAGG,0,550037
araCp,0.1,9,9,ATCAACGATGTACCCGGGTC,0,567693
araCp,0.1,9,9,ATATTGCCGGAACGCCGCCT,0,587486
araCp,0.1,9,9,ATATTCGGGAGAAAATCGGA,0,555941
araCp,0.1,9,9,ATATATTAAACCGTACGTAT,0,527522
araCp,0.1,9,9,ATATATGAGCTAAACGTAGT,0,586565
araCp,0.1,9,9,ATATAGAGTGAATCACCGCC,0,564122
araCp,0.1,9,9,ATAGTCAACTTCTAAGATGG,0,533931
araCp,0.1,9,9,ATAGTACCGCAGTGAACGTA,0,557586
araCp,0.1,9,9,ATAGGTGGCCCAATTAAAAC,0,586001
araCp,0.1,9,9,ATAGCCTGGTTGACTTCTGG,0,545978
araCp,0.1,9,9,ATAGCATTAGATGGCGGGTA,0,544985
araCp,0.1,9,9,ATAGAGACCGTTGACCGCTA,0,564504
araCp,0.1,9,9,ATACGTGTCAACTTTTATTC,0,546195
araCp,0.1,9,9,ATACGCATGCGGAATAATCG,0,533174
araCp,0.1,9,9,ATACCTATTCTAATGCCGGA,0,544348
araCp,0.1,9,9,ATACAGGTCTCCCACCCATA,0,537798
araCp,0.1,9,9,ATAATTAAGTCGAGAACGCA,0,543860
araCp,0.1,9,9,ATAATCTATCAAACTTCGAA,0,536557
araCp,0.1,9,9,ATAAAGGGAGTATCACAGGG,0,551880
araCp,0.1,9,9,ATAAAAAAGGGTATCGGCAA,0,583569
araCp,0.1,9,9,AGTTGCGTTCTTTCGTTCAA,0,570821
araCp,0.1,9,9,AGTTGCCAGTACAAGGCTAT,0,541240
araCp,0.1,9,9,AGTTATGGGTGGCATTCCCC,0,599979
araCp,0.1,9,9,AGTTAAGTATGTAGGGTACT,0,601224
araCp,0.1,9,9,AGTTAAATTCTAGGGTTAGT,0,597306
araCp,0.1,9,9,AGTGTTGTCCAGATGCGAAG,0,568950
araCp,0.1,9,9,AGTGGAGCTTTTTGCCGACG,0,536071
araCp,0.1,9,9,AGTGCACGTGCTTCTTTGAA,0,565165
araCp,0.1,9,9,AGTCCGTCGCCTTGTTCAAG,0,579429
araCp,0.1,9,9,AGTCCACCCCAGCGTCTACA,0,533454
araCp,0.1,9,9,AGTCACGTTAACTCTACAAA,0,538736
araCp,0.1,9,9,AGTATATCCTAAATGGCGAA,0,559573
araCp,0.1,9,9,AGTAGACGGATGATGCATAA,0,553910
araCp,0.1,9,9,AGTACCGGCATTTCGGCTAT,0,543149
araCp,0.1,9,9,AGTAATATATGTGAGTATCT,0,584265
araCp,0.1,9,9,AGTAAGCTAAGTATGACTCC,0,560752
araCp,0.1,9,9,AGGTTGTGAAAGTTTTGAGC,0,536841
araCp,0.1,9,9,AGGTGGTTCGAGCGGTAATC,0,535498
araCp,0.1,9,9,AGGTCACCTGTTGTGAGCCT,0,546067
araCp,0.1,9,9,AGGTAGACCAGCTGACTCGC,0,592781
araCp,0.1,9,9,AGGGTCCACCGACGGATCGT,0,561429
araCp,0.1,9,9,AGGGTATTCTGGGGACGTAA,0,568840
araCp,0.1,9,9,AGGGCTATGGTGTTCCGGGT,0,568021
araCp,0.1,9,9,AGGGACTTGGTTAATTTATT,0,586801
araCp,0.1,9,9,AGGCGTTTCAGTTGTAGGCA,0,592921
araCp,0.1,9,9,AGGCGGCGTTCTCATTCGAT,0,591880
araCp,0.1,9,9,AGGCCGCTCACATAATATAA,0,587512
araCp,0.1,9,9,AGGCCCATGAACGTAACCGT,0,595501
araCp,0.1,9,9,AGGCATCAGTGGTGGAGGAT,0,550234
araCp,0.1,9,9,AGGAGTGTAATCTGACCGAT,0,567837
araCp,0.1,9,9,AGGAGCCACCGAGTTAAGGC,0,559997
araCp,0.1,9,9,AGGACTTGGCTAACAAAGTT,0,563583
araCp,0.1,9,9,AGGAAAGCGTTGGGAAACGT,0,587997
araCp,0.1,9,9,AGCTGCTTCATAACTTGAGG,0,564972
araCp,0.1,9,9,AGCTATGCTAGCCAGTAAAA,0,578877
araCp,0.1,9,9,AGCTACCCCGAGTTTAGCTT,0,547045
araCp,0.1,9,9,AGCGTTTGGTATCAGAAATT,0,601401
araCp,0.1,9,9,AGCGATTCTTCTGGGCTTAC,0,544161
araCp,0.1,9,9,AGCGAAGGAGGGGGTCGCGG,0,531584
araCp,0.1,9,9,AGCCTTCACGCAGCAGGTGC,0,531217
araCp,0.1,9,9,AGCCTGGAGTGTCAAACATA,0,545396
araCp,0.1,9,9,AGCCCTTACTCTTGTTCGTA,0,566041
araCp,0.1,9,9,AGCAGGCTCGTATAAGGTAG,0,530141
araCp,0.1,9,9,AGCAGCTGTCGGAAAAACCT,0,534798
araCp,0.1,9,9,AGCACCGAAACCTTAGTGTA,0,593338
araCp,0.1,9,9,AGCAATGTACGTCCAATAGA,0,601181
araCp,0.1,9,9,AGATGATCGGTAAAGGCGTG,0,553385
araCp,0.1,9,9,AGAGTTCCAGCATCGAGGAC,0,571381
araCp,0.1,9,9,AGAGTGGCGGGCTCTGATTT,0,582794
araCp,0.1,9,9,AGAGGCGTGTATGAGTAGCC,0,558345
araCp,0.1,9,9,AGAGGCCAGAAACGGATATA,0,586625
araCp,0.1,9,9,AGAGAGTGAGGCAATTGCGT,0,587872
araCp,0.1,9,9,AGACTTTAGCGGCCAACCTT,0,533759
araCp,0.1,9,9,AGACTGTGCCCTAGCCCACT,0,566987
araCp,0.1,9,9,AGACTATAAAAAGGGCTTTA,0,526108
araCp,0.1,9,9,AGACTAAGCGAGATGAATTA,0,558755
araCp,0.1,9,9,AGAATAGTATTATTGGCACT,0,542718
araCp,0.1,9,9,AGAAGTGGTGGTAAAACACA,0,547276
araCp,0.1,9,9,AGAAGCATTTGAACGCTGCC,0,601483
araCp,0.1,9,9,AGAAGAGGCTAACAAGAACC,0,545699
araCp,0.1,9,9,AGAACGTATCTTTTTCACTT,0,543658
araCp,0.1,9,9,AGAACGCGCGGGTGGCCCAT,0,549950
araCp,0.1,9,9,AGAACCTTTCCAGCCGGGGG,0,548921
araCp,0.1,9,9,AGAAATATGGGGGCGATGGC,0,543699
araCp,0.1,9,9,ACTTTCGTGATGCACCATAT,0,544304
araCp,0.1,9,9,ACTTTCCCAAAGCCTGGGGA,0,560048
araCp,0.1,9,9,ACTTGCGATCCGCCGTAAAT,0,581628
araCp,0.1,9,9,ACTTCTCTTCCACGTGATGG,0,580312
araCp,0.1,9,9,ACTTCGTAGCATCCTGGTGT,0,589532
araCp,0.1,9,9,ACTGGTCGGGATACAACATA,0,590312
araCp,0.1,9,9,ACTGGGGTTGGGAGGTGTGG,0,551891
araCp,0.1,9,9,ACTGGGACATACCCTAATAT,0,534849
araCp,0.1,9,9,ACTGCCACGCTGGGCCCGAC,0,528984
araCp,0.1,9,9,ACTGACTGATTTTGCAACTG,0,549789
araCp,0.1,9,9,ACTGAAACACGGGGTGGATG,0,562351
araCp,0.1,9,9,ACTCTGATACGTCCCCAATA,0,561428
araCp,0.1,9,9,ACTCTAATGCCCCATGCCCT,0,543124
araCp,0.1,9,9,ACTCGTAGGTCGTGTACTGA,0,537213
araCp,0.1,9,9,ACTCAGGCTGTTAAGTGTTG,0,537584
araCp,0.1,9,9,ACTAGCTCCAGTCCCACTCA,0,551056
araCp,0.1,9,9,ACTAAACAACGGTGGCTGCG,0,601207
araCp,0.1,9,9,ACGTGCGCAAATAAGGTCTT,0,598335
araCp,0.1,9,9,ACGTCCGTTTTGGTGTAGTC,0,549534
araCp,0.1,9,9,ACGTCATAGTTGGGTGAGGA,0,589881
araCp,0.1,9,9,ACGGTAAGATTATGGTACCT,0,562192
araCp,0.1,9,9,ACGGGAAGTCTTACGCCCCC,0,567646
araCp,0.1,9,9,ACGGCGTTTTTTTTAGCGTA,0,569706
araCp,0.1,9,9,ACGGATATCTGCAGTTGGCA,0,584704
araCp,0.1,9,9,ACGGACAATCTTTGGGGCTG,0,597116
araCp,0.1,9,9,ACGCTCGGCTGGGCCAAGGA,0,529420
araCp,0.1,9,9,ACGCTCACTGGTCATGTATA,0,542012
araCp,0.1,9,9,ACGCGTCTAACGGTGAGTCT,0,572401
araCp,0.1,9,9,ACGCGGTACTACCGGTAGGC,0,533439
araCp,0.1,9,9,ACGCGGATGTTTAGCCCCGA,0,595485
araCp,0.1,9,9,ACGCATTTAGTCTGTCTGAC,0,589609
araCp,0.1,9,9,ACGCACTCAACAGTGTCCTT,0,575838
araCp,0.1,9,9,ACGAGTGAAATTACCGCATT,0,585822
araCp,0.1,9,9,ACGAGGTGCCCCACTATAAA,0,561081
araCp,0.1,9,9,ACGAGAGCTGTAGAAGAAAA,0,535044
araCp,0.1,9,9,ACGAATGTCAGCCTAGGATT,0,566231
araCp,0.1,9,9,ACGAAGACGGACTGGGGAAA,0,601842
araCp,0.1,9,9,ACCGTTGCGGACATTTTACC,0,557834
araCp,0.1,9,9,ACCCGGTCAAAAAATCAACG,0,590309
araCp,0.1,9,9,ACCCGGACCGCCTAAAATTT,0,526535
araCp,0.1,9,9,ACCCCAACGTATCCGCCGAA,0,594987
araCp,0.1,9,9,ACCAGTCAATGACAACTGGG,0,540898
araCp,0.1,9,9,ACCAGCGTCACGCGCGTGAT,0,529905
araCp,0.1,9,9,ACCACAACGAGGGAGATAAG,0,595003
araCp,0.1,9,9,ACATTAGAATAGACGATGCG,0,573724
araCp,0.1,9,9,ACATGTTTTTATAGTAGGTT,0,552168
araCp,0.1,9,9,ACATGCTTCTGCCCGCCTAC,0,556265
araCp,0.1,9,9,ACATGCTGCACCCATTCAAC,0,537203
araCp,0.1,9,9,ACATCCATCCCGTGAGGGTA,0,591583
araCp,0.1,9,9,ACATATCGTGTCGAGCCGCA,0,593281
araCp,0.1,9,9,ACATACCTTTTTTTAGCCGT,0,587174
araCp,0.1,9,9,ACAGTGTGTTCTTTTTCCGC,0,538835
araCp,0.1,9,9,ACAGGCGCGGTTAGCTGTAA,0,537506
araCp,0.1,9,9,ACAGCTTAGAGAAACTGTAC,0,599313
araCp,0.1,9,9,ACAGACAAACTCAGTGTTTT,0,584765
araCp,0.1,9,9,ACACCCGTGTGGAAAACTGT,0,603282
araCp,0.1,9,9,ACACCCGGCTGTTTAACCGT,0,572918
araCp,0.1,9,9,ACACCAGGGAGCTGGGACAC,0,559505
araCp,0.1,9,9,ACACATGTCTGCCGTAGTCA,0,603246
araCp,0.1,9,9,ACAACGGGGTTCAGCGGGGT,0,534022
araCp,0.1,9,9,ACAAACCTCGGCTCCGCTCT,0,576600
araCp,0.1,9,9,AATTTTTCCCAGGATCGGAG,0,561178
araCp,0.1,9,9,AATTTGTATAACGAATGTGC,0,531293
araCp,0.1,9,9,AATTGTTGGATTTTTGGGAA,0,548656
araCp,0.1,9,9,AATTGTGATCTCGCAGTGGT,0,543770
araCp,0.1,9,9,AATTGGGATATTCTCAGGAA,0,597622
araCp,0.1,9,9,AATTAGTTTAAACTTGTAAA,0,528846
araCp,0.1,9,9,AATGTTTGATTTTTGTCGCC,0,570291
araCp,0.1,9,9,AATGTCGTCCTAGGGAGACA,0,576342
araCp,0.1,9,9,AATGGTCCGAACGCGGTCGG,0,536617
araCp,0.1,9,9,AATGCGGGGTCGCGTGTTAA,0,591514
araCp,0.1,9,9,AATGCCTGACCGGAGATATT,0,584401
araCp,0.1,9,9,AATGATCGACCGTAGGGGGT,0,581809
araCp,0.1,9,9,AATGAGTATGCACAGGTGTA,0,575933
araCp,0.1,9,9,AATCTGTTCACTTATCAAGA,0,591585
araCp,0.1,9,9,AATCTGTCAGTACTGAGATG,0,561733
araCp,0.1,9,9,AATCTCGCAATATGGTACCA,0,569518
araCp,0.1,9,9,AATCGGCACAGAGCAGCTCT,0,601374
araCp,0.1,9,9,AATCGATCAGATTACGATAT,0,534950
araCp,0.1,9,9,AATCGACAAACATGCGTGTT,0,557898
araCp,0.1,9,9,AATCATCATACCTCATTTCC,0,550956
araCp,0.1,9,9,AATCAGTGTTCTTTTATGTG,0,588720
araCp,0.1,9,9,AATATGATAGCGCCCTTTCC,0,546356
araCp,0.1,9,9,AATAGATAGTACATGCTAAT,0,539494
araCp,0.1,9,9,AATAAGGTATGCTCTAACGC,0,591715
araCp,0.1,9,9,AAGTTTTTCTGTGGAGTGGG,0,527608
araCp,0.1,9,9,AAGTTTGGAACTCATACCGG,0,552012
araCp,0.1,9,9,AAGTGAAGAACGGAGCGATT,0,554007
araCp,0.1,9,9,AAGTCGGATTGCGGTACCCA,0,565575
araCp,0.1,9,9,AAGTAGTATTCGCGGTACGA,0,563960
araCp,0.1,9,9,AAGTAGCTTAACTCTATACA,0,536974
araCp,0.1,9,9,AAGGTTAAAAGACAAGACGC,0,550213
araCp,0.1,9,9,AAGGTCAAGCTTCGGAATCG,0,593364
araCp,0.1,9,9,AAGGGGTCAAGCAGGACAGT,0,556126
araCp,0.1,9,9,AAGGATTTAACTTCGTCAAA,0,569538
araCp,0.1,9,9,AAGGACCATTTTATATGCAT,0,549601
araCp,0.1,9,9,AAGCTCGGATACTGCCACCA,0,582190
araCp,0.1,9,9,AAGCGCGCACCTAAGATCGC,0,529019
araCp,0.1,9,9,AAGCGAGTACATTAAGGTGG,0,597039
araCp,0.1,9,9,AAGCCCTGTATACATCATCG,0,592162
araCp,0.1,9,9,AAGCACCATTTAGTCTACGA,0,592516
araCp,0.1,9,9,AAGCAAAGTCGTATGAATCA,0,528573
araCp,0.1,9,9,AAGATAGGGTTACTCAATAA,0,578958
araCp,0.1,9,9,AAGAGAAGGCCGTATTTTAC,0,597211
araCp,0.1,9,9,AAGAATGGTACAAATGGGAG,0,552006
araCp,0.1,9,9,AAGAACACCTTGGAATAAAC,0,582145
araCp,0.1,9,9,AACTTCGTTAAGCATGGTGT,0,547016
araCp,0.1,9,9,AACTGTTAAAGTGCGTAAGA,0,527482
araCp,0.1,9,9,AACTCGCTGGTCCACGACGT,0,550089
araCp,0.1,9,9,AACTCGACGTTCTAGAAGGA,0,546299
araCp,0.1,9,9,AACTCCTAGCGAGATATCCT,0,602619
araCp,0.1,9,9,AACGATTCAATTCTGGTAGT,0,539090
araCp,0.1,9,9,AACCATGGTCTGCCGAAGCT,0,561941
araCp,0.1,9,9,AACAGATCTGGTAGGGAAGT,0,531013
araCp,0.1,9,9,AACAAGCGCAGTCTCGCAAT,0,588220
araCp,0.1,9,9,AAATTGTGAATCTCTATCTG,0,543993
araCp,0.1,9,9,AAATTCGGTTGACTCGGACT,0,566696
araCp,0.1,9,9,AAATGGTCGCAAGTCCCAGT,0,538347
araCp,0.1,9,9,AAATGGGTCTTACATCATGC,0,556625
araCp,0.1,9,9,AAATGGCCGGCCCGCACAGC,0,538483
araCp,0.1,9,9,AAATGGACGGGGGATCTAAT,0,595566
araCp,0.1,9,9,AAATCGTCACGTACGAATTG,0,575256
araCp,0.1,9,9,AAATAGTGTCCACCCAAGAA,0,551401
araCp,0.1,9,9,AAATAATGGCCCAGGGCTTG,0,574187
araCp,0.1,9,9,AAAGCAGAGCGGGTACAATA,0,563381
araCp,0.1,9,9,AAAGAACTTCTAGGGTTGCC,0,597998
araCp,0.1,9,9,AAACTCGTATCTTATAATCA,0,553097
araCp,0.1,9,9,AAACGTTTTCTGCGCGCAAT,0,565257
araCp,0.1,9,9,AAACGTGGCCTAAGGATCAG,0,550616
araCp,0.1,9,9,AAACCTCGGCTACGTTTACA,0,550938
araCp,0.1,9,9,AAAATTAAGCGACTTATCCT,0,556966
araCp,0.1,9,9,AAAATACGTTAATTTACGGC,0,582445
araCp,0.1111111111111111,8,8,TTTTGGAATAAGAAGTCGAA,0,566893
araCp,0.1111111111111111,8,8,TTTTCGCGTCGCCAAATACA,0,547226
araCp,0.1111111111111111,8,8,TTTGTCTATTGCTTTCTTAT,0,546296
araCp,0.1111111111111111,8,8,TTTGTATCACGTCGTCCAAA,0,565330
araCp,0.1111111111111111,8,8,TTTGGATTGGATGACCCACA,0,592678
araCp,0.1111111111111111,8,8,TTTGGACACCTAGGAGAATC,0,553187
araCp,0.1111111111111111,8,8,TTTGATGAGTATTGAAGGCC,0,527889
araCp,0.1111111111111111,8,8,TTTGAAACAGGAGAAGGTTT,0,596037
araCp,0.1111111111111111,8,8,TTTCTGAGGTAAAGTTTCGT,0,556988
araCp,0.1111111111111111,8,8,TTTCTACAGAAGGGCAGCAT,0,579217
araCp,0.1111111111111111,8,8,TTTCTAACGGTGGACGACAC,0,538062
araCp,0.1111111111111111,8,8,TTTCGTGCTACTACGTCTGA,0,580522
araCp,0.1111111111111111,8,8,TTTCGCTTGCCTCCCCTTAA,0,574123
araCp,0.1111111111111111,8,8,TTTCCTCGGCCAGTATCTTT,0,594136
araCp,0.1111111111111111,8,8,TTTCCGTTGTCCCCTTCGTG,0,554010
araCp,0.1111111111111111,8,8,TTTCCCATCATGGAGGGGTT,0,580546
araCp,0.1111111111111111,8,8,TTTCATGCGTTAAGCAAAAT,0,540716
araCp,0.1111111111111111,8,8,TTTCAGTATGTAATACTGCA,0,544072
araCp,0.1111111111111111,8,8,TTTCAAGTTCTGACAGGATT,0,572686
araCp,0.1111111111111111,8,8,TTTATGACGGATCCTAGGTC,0,536981
araCp,0.1111111111111111,8,8,TTTAGGTGCACGGCCTATTC,0,558385
araCp,0.1111111111111111,8,8,TTTAGGCGAACCCTCGAAAG,0,571215
araCp,0.1111111111111111,8,8,TTGTCGGGAGACTTAGCATA,0,578658
araCp,0.1111111111111111,8,8,TTGTCGATGAGACCCCATTT,0,535191
araCp,0.1111111111111111,8,8,TTGTAATCAGCCTTCCCGGG,0,527207
araCp,0.1111111111111111,8,8,TTGTAAACTGACGGCTTAGG,0,538401
araCp,0.1111111111111111,8,8,TTGGTTTGTGCCTTCTCACA,0,547895
araCp,0.1111111111111111,8,8,TTGGTGTTTCACTGCACATA,0,558656
araCp,0.1111111111111111,8,8,TTGGTACATAGGTGGAGTGT,0,558155
araCp,0.1111111111111111,8,8,TTGGGTGTTGAATCCTCTTG,0,527037
araCp,0.1111111111111111,8,8,TTGGGTGATCGCCTTGTTGG,0,567069
araCp,0.1111111111111111,8,8,TTGGGCCCCGCAGCAACCTC,0,594035
araCp,0.1111111111111111,8,8,TTGGAAATTACATTGGACGA,0,580612
araCp,0.1111111111111111,8,8,TTGCTCCGGGGAAGGCACGT,0,582806
araCp,0.1111111111111111,8,8,TTGCGTATAATATCAGGAGT,0,554091
araCp,0.1111111111111111,8,8,TTGCCCAGACCCCCTTGTCC,0,592181
araCp,0.1111111111111111,8,8,TTGCATTCGTTTGCCACGAC,0,563262
araCp,0.1111111111111111,8,8,TTGCAGAAAAGGGAATTCCT,0,582055
araCp,0.1111111111111111,8,8,TTGAGTTTTGGGTTGAACAA,0,581277
araCp,0.1111111111111111,8,8,TTGAGTTCTTCATTATTTAC,0,556658
araCp,0.1111111111111111,8,8,TTGAGTCGATCCGCATAGTC,0,573566
araCp,0.1111111111111111,8,8,TTGACCCGTTAGCTTCAGCT,0,535294
araCp,0.1111111111111111,8,8,TTGACAGGTGGCTAATTCGG,0,544627
araCp,0.1111111111111111,8,8,TTGAAATAAATTTAAGACCA,0,579520
araCp,0.1111111111111111,8,8,TTCTTTAGCCTTCGCCAAAC,0,565939
araCp,0.1111111111111111,8,8,TTCTTGATCGCTGTTGCTCG,0,541574
araCp,0.1111111111111111,8,8,TTCTTCCTACCGTGTTTCGT,0,568773
araCp,0.1111111111111111,8,8,TTCGTTGTTGCCTTTCGGGT,0,544151
araCp,0.1111111111111111,8,8,TTCGTGTGCTGATCCTGCAG,0,550054
araCp,0.1111111111111111,8,8,TTCGTGACCCATACTTCCAT,0,562147
araCp,0.1111111111111111,8,8,TTCGTAAGTTGAGGTTGGGT,0,550221
araCp,0.1111111111111111,8,8,TTCGCAAGCAGTGTGGAGAT,0,598834
araCp,0.1111111111111111,8,8,TTCGACACTACTGGCAGGGT,0,580930
araCp,0.1111111111111111,8,8,TTCGAATTTATGCTTCGGAT,0,550911
araCp,0.1111111111111111,8,8,TTCCGGTGGCTGTGAGAGGT,0,564072
araCp,0.1111111111111111,8,8,TTCCCACAACTGGGAAAACA,0,541676
araCp,0.1111111111111111,8,8,TTCAGTGACAGTCATGTTAT,0,532834
araCp,0.1111111111111111,8,8,TTCAGTAATTGGGAAAATCT,0,582316
araCp,0.1111111111111111,8,8,TTCACCGCTTATGACCCGGA,0,563675
araCp,0.1111111111111111,8,8,TTATTGTACGCATATGTCAG,0,532402
araCp,0.1111111111111111,8,8,TTATTCTTAACTCAAATGTT,0,540394
araCp,0.1111111111111111,8,8,TTATCTAAACGTTGGTATCC,0,537284
araCp,0.1111111111111111,8,8,TTAGGACGGCACTTAGTGTA,0,585145
araCp,0.1111111111111111,8,8,TTAGCGTGGTGGAGTAGTAA,0,532948
araCp,0.1111111111111111,8,8,TTAGACTCTTTATAGGTGTT,0,579702
araCp,0.1111111111111111,8,8,TTAGAACTCGACTACTCGTA,0,554713
araCp,0.1111111111111111,8,8,TTACCCTCAAAAATCAAGCA,0,602073
araCp,0.1111111111111111,8,8,TTACCAGAGGGTTGCTTTGG,0,573456
araCp,0.1111111111111111,8,8,TTACATATGAGTATGGCTCT,0,530083
araCp,0.1111111111111111,8,8,TTAATTGCAGACCCGATACC,0,585047
araCp,0.1111111111111111,8,8,TTAAGTCGCGCGACAGCGGG,0,590735
araCp,0.1111111111111111,8,8,TTAACTCAAAAGCGCGCCCG,0,556425
araCp,0.1111111111111111,8,8,TTAAAGCGGCCATGTCCTAG,0,533551
araCp,0.1111111111111111,8,8,TGTTTGGACGACCACTTCAG,0,549072
araCp,0.1111111111111111,8,8,TGTTTGGAAATAACAGCGCG,0,588055
araCp,0.1111111111111111,8,8,TGTTTGCTGTCGAGACAAAC,0,544450
araCp,0.1111111111111111,8,8,TGTTCTCTTTGGAGACGAGA,0,528644
araCp,0.1111111111111111,8,8,TGTTCTCAAACTGACCGGAT,0,594887
araCp,0.1111111111111111,8,8,TGTTCCATGTTGACCAAAGA,0,579358
araCp,0.1111111111111111,8,8,TGTTCAAGATTTGTACCGTG,0,599617
araCp,0.1111111111111111,8,8,TGTTAGTGGGTCGTATCAGG,0,584832
araCp,0.1111111111111111,8,8,TGTTAGGAGCATGATCGCAA,0,558885
araCp,0.1111111111111111,8,8,TGTTAGAGCCAGTACTTTAG,0,538754
araCp,0.1111111111111111,8,8,TGTGTCTAGACAAACTTAGA,0,557469
araCp,0.1111111111111111,8,8,TGTGTCCTGTGCGGTTAGGG,0,553435
araCp,0.1111111111111111,8,8,TGTGTCAGAGATAGCCTCGG,0,600876
araCp,0.1111111111111111,8,8,TGTGGTCAGCTGTGAGCATT,0,575955
araCp,0.1111111111111111,8,8,TGTGGCGTCAGGATCGTAAA,0,599225
araCp,0.1111111111111111,8,8,TGTGGCGAAGCATTAATGGC,0,533695
araCp,0.1111111111111111,8,8,TGTCTGTAGCCTAGGGATCA,0,561715
araCp,0.1111111111111111,8,8,TGTAGGTATAATCGCTTAAT,0,553864
araCp,0.1111111111111111,8,8,TGTAGGCCTTAACTCTAGGA,0,547828
araCp,0.1111111111111111,8,8,TGTAGATAGGACCTTGGCGG,0,571250
araCp,0.1111111111111111,8,8,TGTACGCACATACGCATCTC,0,538837
araCp,0.1111111111111111,8,8,TGTAATACGTTCTTAGGCTT,0,583655
araCp,0.1111111111111111,8,8,TGTAAGTTCGGTCGCTCTGA,0,584674
araCp,0.1111111111111111,8,8,TGTAAGTGACTGTCGGATGG,0,528541
araCp,0.1111111111111111,8,8,TGGTTAGGGAAGGTTGGCGC,0,572362
araCp,0.1111111111111111,8,8,TGGTGCATATTACCCAAAGG,0,568720
araCp,0.1111111111111111,8,8,TGGTCTTCGCCTCCTGTAAA,0,601323
araCp,0.1111111111111111,8,8,TGGTATAAAAGGGTTCACTA,0,569121
araCp,0.1111111111111111,8,8,TGGTAGGCTTTCCCAGCTAA,0,558147
araCp,0.1111111111111111,8,8,TGGTACATCATCCACTTCTC,0,554724
araCp,0.1111111111111111,8,8,TGGGTGAGGGCCGTGTACCC,0,589880
araCp,0.1111111111111111,8,8,TGGGCTCATTCAGGAAGCGA,0,531367
araCp,0.1111111111111111,8,8,TGGGCCATTCGGCACATGCA,0,549183
araCp,0.1111111111111111,8,8,TGGGCCAATAACCACTCACA,0,554446
araCp,0.1111111111111111,8,8,TGGGATAGGGCTGTATACCC,0,532889
araCp,0.1111111111111111,8,8,TGGGAAAAACCGGGTTGGTG,0,535307
araCp,0.1111111111111111,8,8,TGGCGGCTAGCGTCTGCAAA,0,551587
araCp,0.1111111111111111,8,8,TGGCGACGTGCAGCAATTAA,0,528616
araCp,0.1111111111111111,8,8,TGGCCGGCTCTCATGGCCAA,0,536612
araCp,0.1111111111111111,8,8,TGGACACTGGCACTGCCTCA,0,565875
araCp,0.1111111111111111,8,8,TGCTTAACTACACAACGATT,0,535227
araCp,0.1111111111111111,8,8,TGCTAGCATCCGAATAATCG,0,583570
araCp,0.1111111111111111,8,8,TGCGAACGTACTACCACACT,0,527200
araCp,0.1111111111111111,8,8,TGCCTCCGGGTGCATCTGTG,0,579522
araCp,0.1111111111111111,8,8,TGCCAGCAGTTAGGAGTGAG,0,529353
araCp,0.1111111111111111,8,8,TGCATGCCCCGTTCGCGGTG,0,532333
araCp,0.1111111111111111,8,8,TGCAGTGTGATGCACCTAGT,0,530636
araCp,0.1111111111111111,8,8,TGCAGCCTCAACCCCACGGC,0,530241
araCp,0.1111111111111111,8,8,TGCACCACATAAAATGTCTA,0,550389
araCp,0.1111111111111111,8,8,TGCAACTAACTTTTATGTTA,0,538974
araCp,0.1111111111111111,8,8,TGATTTTCGTTAGAAAGCGC,0,575863
araCp,0.1111111111111111,8,8,TGATTGATTAGTTGTACATC,0,596312
araCp,0.1111111111111111,8,8,TGATTACACGACGCCGCTCA,0,602313
araCp,0.1111111111111111,8,8,TGAGTATCAATATAGTGTGA,0,537706
araCp,0.1111111111111111,8,8,TGAGGGGACCAGAGTGCTTC,0,560494
araCp,0.1111111111111111,8,8,TGAGCGTATCGCGTTTCGCG,0,575957
araCp,0.1111111111111111,8,8,TGAGATGGTTTCCTACGTGC,0,566153
araCp,0.1111111111111111,8,8,TGAGAGACACATTACAAAAA,0,543896
araCp,0.1111111111111111,8,8,TGACATCCGGGGACCCGGAT,0,555818
araCp,0.1111111111111111,8,8,TGAATAGCCCTATGGGTTTT,0,564137
araCp,0.1111111111111111,8,8,TGAAGTCAGTTAGACAGTTG,0,546850
araCp,0.1111111111111111,8,8,TGAAACCCCAACGACTGGTG,0,531698
araCp,0.1111111111111111,8,8,TCTTTTAGGGAGTTAGCTTT,0,574435
araCp,0.1111111111111111,8,8,TCTTTGTACAGGGCCTGCGT,0,541064
araCp,0.1111111111111111,8,8,TCTTTCGTGTTCCGGCTGCG,0,530047
araCp,0.1111111111111111,8,8,TCTTCATTGCTAGGAGCAAA,0,535487
araCp,0.1111111111111111,8,8,TCTGTAAAATGGGTCATCTT,0,554773
araCp,0.1111111111111111,8,8,TCTGCTTCGACAGTGAAGCG,0,582399
araCp,0.1111111111111111,8,8,TCTCTTGCGCAGAATTTTCA,0,567073
araCp,0.1111111111111111,8,8,TCTCTAAAAACTATAAGTAG,0,540795
araCp,0.1111111111111111,8,8,TCTCGGCCTCTAGGGTACTA,0,529114
araCp,0.1111111111111111,8,8,TCTCCTAGAGCTAAAATGTT,0,549781
araCp,0.1111111111111111,8,8,TCTCCGTGAACTGTCAGGTA,0,592839
araCp,0.1111111111111111,8,8,TCTCCGGTGCATTACCCGGG,0,543402
araCp,0.1111111111111111,8,8,TCTCCCCAGGCTCATACGGA,0,561276
araCp,0.1111111111111111,8,8,TCTCATCGATGGCCCACTCT,0,557631
araCp,0.1111111111111111,8,8,TCTCAGTTCGAGCCGCCTAC,0,597423
araCp,0.1111111111111111,8,8,TCTCAGTGGGCCATGGATGA,0,569841
araCp,0.1111111111111111,8,8,TCTCAACAAACGTTGCCTCT,0,533718
araCp,0.1111111111111111,8,8,TCTAGATATCCCTTATATGT,0,544482
araCp,0.1111111111111111,8,8,TCTACGTAGTGCATGTCCGC,0,554242
araCp,0.1111111111111111,8,8,TCTAAAGGCCAGGCTGCAGG,0,561687
araCp,0.1111111111111111,8,8,TCGTTAAGTGGTTCAGGTTA,0,539146
araCp,0.1111111111111111,8,8,TCGTGTTAATACGGAACTAA,0,534728
araCp,0.1111111111111111,8,8,TCGTCTTCCCTTCCTCTTAA,0,526770
araCp,0.1111111111111111,8,8,TCGTCTCAAGGAGTGGAGAT,0,544502
araCp,0.1111111111111111,8,8,TCGGTGTGCTATGACGTTTG,0,564675
araCp,0.1111111111111111,8,8,TCGGTGGCAGCCAGAGGCGC,0,564672
araCp,0.1111111111111111,8,8,TCGGGTAAATACCATTCCTT,0,581506
araCp,0.1111111111111111,8,8,TCGGGGTGACAGGCAGGGTT,0,551396
araCp,0.1111111111111111,8,8,TCGGGCATACGCTTTATGGT,0,573965
araCp,0.1111111111111111,8,8,TCGGGATACAAGTACCTAAC,0,535369
araCp,0.1111111111111111,8,8,TCGGCTGTATGAAGAGGACA,0,574875
araCp,0.1111111111111111,8,8,TCGGCCTGAGATGGAATTGA,0,570295
araCp,0.1111111111111111,8,8,TCGCTGGGCGGTGTGTGACT,0,579639
araCp,0.1111111111111111,8,8,TCGCCGTACGCGTACAGTGA,0,567789
araCp,0.1111111111111111,8,8,TCGCACACACGCTGTACTGG,0,591845
araCp,0.1111111111111111,8,8,TCGAGTTTGGGTACGACCCC,0,525773
araCp,0.1111111111111111,8,8,TCGAGCCGCGAGTAGTGTAC,0,561888
araCp,0.1111111111111111,8,8,TCGACTCAACATATGACAAA,0,547161
araCp,0.1111111111111111,8,8,TCGAATATTCGATCATTTTC,0,526507
araCp,0.1111111111111111,8,8,TCCTTGATCTGAATCCAGAT,0,546192
araCp,0.1111111111111111,8,8,TCCTTACGTCTAACCCTATA,0,570099
araCp,0.1111111111111111,8,8,TCCTGGACATAATTCAAATC,0,574292
araCp,0.1111111111111111,8,8,TCCTGCCCTCCCGAGAAGTA,0,538178
araCp,0.1111111111111111,8,8,TCCTGACGCCTGCACGTAAA,0,557754
araCp,0.1111111111111111,8,8,TCCGTTCCACCTTTCGCAAA,0,560921
araCp,0.1111111111111111,8,8,TCCGAATCAAAGATTAGTTG,0,546130
araCp,0.1111111111111111,8,8,TCCCATCATAGCCTCTTGGT,0,595141
araCp,0.1111111111111111,8,8,TCCCAACGAGAAACTTACCC,0,547854
araCp,0.1111111111111111,8,8,TCCATTTTTGGCCCGAGGGA,0,574700
araCp,0.1111111111111111,8,8,TCCATACAGAATTTGCACCC,0,551838
araCp,0.1111111111111111,8,8,TCCACCCGAGTTAGCTTCAG,0,574789
araCp,0.1111111111111111,8,8,TCATACTTTAGGGCCTGCAT,0,603697
araCp,0.1111111111111111,8,8,TCATAACTGGATGTCTTTGC,0,541102
araCp,0.1111111111111111,8,8,TCATAAATTAAAGCCTAATT,0,553510
araCp,0.1111111111111111,8,8,TCAGGACTTGTTGTTTTCGG,0,570074
araCp,0.1111111111111111,8,8,TCAGCGACCAGTGGCGGTGA,0,566970
araCp,0.1111111111111111,8,8,TCAGCAGCTCTTACCGCTTG,0,563366
araCp,0.1111111111111111,8,8,TCAGCAATTAGTGCGGATAG,0,578141
araCp,0.1111111111111111,8,8,TCAGAGCCGGCCGGACGCTG,0,597931
araCp,0.1111111111111111,8,8,TCACTATTCCAAGATCCAAT,0,576720
araCp,0.1111111111111111,8,8,TCACGTTTTCGTGGGGATTT,0,587646
araCp,0.1111111111111111,8,8,TCACCCTTTTCACCACCCAA,0,564263
araCp,0.1111111111111111,8,8,TCACCCGAACAAACGCTTTT,0,542792
araCp,0.1111111111111111,8,8,TCAAGAAAGGATCAAGCAAG,0,533660
araCp,0.1111111111111111,8,8,TCAACAACGAGCGATCCTAT,0,539882
araCp,0.1111111111111111,8,8,TATTTTTAACCTGTGGCACT,0,583924
araCp,0.1111111111111111,8,8,TATTGAACCTGCCGGAGTTT,0,555227
araCp,0.1111111111111111,8,8,TATTGAACAAAGAGGATGAT,0,527040
araCp,0.1111111111111111,8,8,TATTAGCGAAGGTTGGATTA,0,555303
araCp,0.1111111111111111,8,8,TATGTGCATAGCTTACGGCA,0,538026
araCp,0.1111111111111111,8,8,TATGTATTGGAGTGGGTTTC,0,555607
araCp,0.1111111111111111,8,8,TATGGGGCTCGCACTCCCGG,0,535718
araCp,0.1111111111111111,8,8,TATGGCCGGTAGGTGGCAGT,0,599116
araCp,0.1111111111111111,8,8,TATGCTGCAATCAGGTGACC,0,567623
araCp,0.1111111111111111,8,8,TATGACAGACATAGCATGCT,0,538653
araCp,0.1111111111111111,8,8,TATGAACATAAATGAGGTCC,0,592212
araCp,0.1111111111111111,8,8,TATCATGGGTACATTTTCGT,0,596647
araCp,0.1111111111111111,8,8,TATATCGCCACGAATTGAGA,0,595691
araCp,0.1111111111111111,8,8,TATATATAACTCGGAGACCC,0,566567
araCp,0.1111111111111111,8,8,TATATAAAGTCCAGCGGATT,0,558709
araCp,0.1111111111111111,8,8,TATAGGGTCCTAGATGTGGT,0,534909
araCp,0.1111111111111111,8,8,TATACGACGACTGTGAACTT,0,548304
araCp,0.1111111111111111,8,8,TATAACAATTGGATTCGATC,0,563260
araCp,0.1111111111111111,8,8,TAGTACCGCACATGTTGTTC,0,589598
araCp,0.1111111111111111,8,8,TAGGGGGTAACCTGTACGCT,0,592691
araCp,0.1111111111111111,8,8,TAGGGATACCCCTTGATCGG,0,584267
araCp,0.1111111111111111,8,8,TAGGATCTCTGGTCGATCAC,0,600252
araCp,0.1111111111111111,8,8,TAGGACATTTCAGCGTTGTT,0,526746
araCp,0.1111111111111111,8,8,TAGCTCACTCTTGCAATATA,0,564339
araCp,0.1111111111111111,8,8,TAGCCCGGGCCGCTCGGTTA,0,578028
araCp,0.1111111111111111,8,8,TAGCACCCCTTAGCAAGTTG,0,542908
araCp,0.1111111111111111,8,8,TAGCAAACATACGTCAACAC,0,586929
araCp,0.1111111111111111,8,8,TAGAGCACAAGGGTCACATT,0,574520
araCp,0.1111111111111111,8,8,TAGACTGTCAGAAAAAATGT,0,569623
araCp,0.1111111111111111,8,8,TAGACAGATGGGCGCCCGGG,0,567699
araCp,0.1111111111111111,8,8,TAGAAGTACGGGAGACGTTA,0,592987
araCp,0.1111111111111111,8,8,TAGAAGAGTCGCCAATCTTG,0,591032
araCp,0.1111111111111111,8,8,TACGGGGAGTAGGACTAAGT,0,542010
araCp,0.1111111111111111,8,8,TACGATGATCTCCCTGCCGA,0,578416
araCp,0.1111111111111111,8,8,TACCTGCCACGCGGAAAGAA,0,566391
araCp,0.1111111111111111,8,8,TACCTACTCTAAGCTGCGTC,0,586796
araCp,0.1111111111111111,8,8,TACCGGACGTCCGTTCCAAT,0,562059
araCp,0.1111111111111111,8,8,TACCCGGTACCTCATTGTGT,0,540284
araCp,0.1111111111111111,8,8,TACATTGTGGAGTGGGTATT,0,570816
araCp,0.1111111111111111,8,8,TACATATGAAGGACAGCAAA,0,530832
araCp,0.1111111111111111,8,8,TACAGTTGTTGCTCCCCTCT,0,591579
araCp,0.1111111111111111,8,8,TACAGTTATGGTGCATGGTA,0,590660
araCp,0.1111111111111111,8,8,TACAGCAGACAGACGTGACC,0,539670
araCp,0.1111111111111111,8,8,TACAGATGGGGATGTTACCT,0,536936
araCp,0.1111111111111111,8,8,TACAGATCGTCAGTTGCGTC,0,603003
araCp,0.1111111111111111,8,8,TACACTTGGCTGCCGGGGCT,0,582160
araCp,0.1111111111111111,8,8,TAATTCACATGCTCGTTACT,0,554747
araCp,0.1111111111111111,8,8,TAATCAAGGAGATGGTACGG,0,536777
araCp,0.1111111111111111,8,8,TAAGGAATCGGAGTAGAACC,0,582684
araCp,0.1111111111111111,8,8,TAAGCATCAGGTTTTGTATG,0,597989
araCp,0.1111111111111111,8,8,TAAGATATCTTGGGTAAGCT,0,559961
araCp,0.1111111111111111,8,8,TAAGATATACCAGTCACGCG,0,537869
araCp,0.1111111111111111,8,8,TAACTGATAATCTCATTCCA,0,565800
araCp,0.1111111111111111,8,8,TAACTATGAATACTTGCGCC,0,559088
araCp,0.1111111111111111,8,8,TAACGGTGTCATAAGCGTTT,0,590726
araCp,0.1111111111111111,8,8,TAACGCTTTTACACCTAGCC,0,564125
araCp,0.1111111111111111,8,8,TAACCTGGACTACCATCGGG,0,587798
araCp,0.1111111111111111,8,8,TAACAACTAGCACGTCTAAG,0,601160
araCp,0.1111111111111111,8,8,TAACAAACGTTCCTCACGGG,0,563407
araCp,0.1111111111111111,8,8,TAAATTCGCAGTTATTTTCA,0,566807
araCp,0.1111111111111111,8,8,TAAATCAAACACAGTCAGCA,0,557306
araCp,0.1111111111111111,8,8,TAAAGCGTGCTAATGAGTGT,0,529920
araCp,0.1111111111111111,8,8,TAAACTCGAGGAGCAGAAAA,0,577516
araCp,0.1111111111111111,8,8,TAAACGTGCTTTACGTGTAA,0,526855
araCp,0.1111111111111111,8,8,TAAAACGGCACCGGTATGGC,0,554597
araCp,0.1111111111111111,8,8,GTTTGCACCGTACCGACATA,0,556270
araCp,0.1111111111111111,8,8,GTTTCTTCATAATTATACTT,0,541373
araCp,0.1111111111111111,8,8,GTTTCTGGGTGATTTTGCTG,0,539109
araCp,0.1111111111111111,8,8,GTTTCATGCCCAACGCATAT,0,546765
araCp,0.1111111111111111,8,8,GTTGTTTACAGTCCTGTCCT,0,588870
araCp,0.1111111111111111,8,8,GTTGTTACGCGGCGCATTCA,0,533310
araCp,0.1111111111111111,8,8,GTTGTAAGGAGTCTTATGTG,0,579881
araCp,0.1111111111111111,8,8,GTTGGGAAGGGATTTTCATG,0,592919
araCp,0.1111111111111111,8,8,GTTCTGGCATGGCTAGCACG,0,574985
araCp,0.1111111111111111,8,8,GTTCTATAGCTTCCAAGACA,0,592675
araCp,0.1111111111111111,8,8,GTTCGGGTCAGAGACGAACG,0,590219
araCp,0.1111111111111111,8,8,GTTCACTGCTTATTTTGTTG,0,534688
araCp,0.1111111111111111,8,8,GTTCACGATTTCTCTACCGA,0,547475
araCp,0.1111111111111111,8,8,GTTCACCGCCAACCCGGGGT,0,571188
araCp,0.1111111111111111,8,8,GTTATTTCGCTAATGAAGGC,0,548832
araCp,0.1111111111111111,8,8,GTTACTGCTCAAGCCGGCAA,0,527216
araCp,0.1111111111111111,8,8,GTTACGCTCTCGGAGACAAC,0,538906
araCp,0.1111111111111111,8,8,GTTACCTTCGTTAGCGGTGA,0,567833
araCp,0.1111111111111111,8,8,GTGTTGGTGGGCCTCTAGTC,0,555531
araCp,0.1111111111111111,8,8,GTGTTCTGAGGTTGTGTAAT,0,545912
araCp,0.1111111111111111,8,8,GTGTTAGACTAACAGCGAAT,0,548920
araCp,0.1111111111111111,8,8,GTGTCCGTTGGCACCGCCTA,0,572971
araCp,0.1111111111111111,8,8,GTGTAGGGTAGCTAAATGCT,0,595490
araCp,0.1111111111111111,8,8,GTGGTAAGTTTGTGGCGGTA,0,566698
araCp,0.1111111111111111,8,8,GTGGGGGGTTTACCGATACG,0,594902
araCp,0.1111111111111111,8,8,GTGGCCATCGGGCTAACATA,0,532498
araCp,0.1111111111111111,8,8,GTGCATTCGTTGGTCTGTCT,0,527627
araCp,0.1111111111111111,8,8,GTGCATAGCTCTATCCACGA,0,526469
araCp,0.1111111111111111,8,8,GTGCAGACATGGGGGAGGCT,0,529965
araCp,0.1111111111111111,8,8,GTGCACTTCTTTGGAACCTC,0,597036
araCp,0.1111111111111111,8,8,GTGCAAGTTGATAGGATCGC,0,558990
araCp,0.1111111111111111,8,8,GTGATCCATGTTCAGACTTT,0,527168
araCp,0.1111111111111111,8,8,GTCTTGTGAGGCTATGCTGA,0,566599
araCp,0.1111111111111111,8,8,GTCTGTCCTCTATTCTGATT,0,591640
araCp,0.1111111111111111,8,8,GTCTATGGTTGAGAACTTCC,0,597484
araCp,0.1111111111111111,8,8,GTCGTATCCGTAGGTGTTCT,0,567695
araCp,0.1111111111111111,8,8,GTCGCCGACCGGGCCTTCGA,0,550933
araCp,0.1111111111111111,8,8,GTCGCATTCGTACGGACTAG,0,598687
araCp,0.1111111111111111,8,8,GTCGATCCACCGCCGGCCCT,0,586048
araCp,0.1111111111111111,8,8,GTCGAAATTATTCCCGCATT,0,552880
araCp,0.1111111111111111,8,8,GTCCAGTCACAGGTATGTCT,0,569802
araCp,0.1111111111111111,8,8,GTCCAAGCCCTTCGATCAGG,0,526678
araCp,0.1111111111111111,8,8,GTCATGAGGGCAGTACGTTG,0,570406
araCp,0.1111111111111111,8,8,GTCATATATTATTGACATGA,0,550299
araCp,0.1111111111111111,8,8,GTCAGCAGCGATGGTAGGCT,0,547387
araCp,0.1111111111111111,8,8,GTATTTGTATATGCGTTAGG,0,551977
araCp,0.1111111111111111,8,8,GTATTGGGCCTTAATGAGTC,0,554036
araCp,0.1111111111111111,8,8,GTATTCGGTACAGAGAACTG,0,572777
araCp,0.1111111111111111,8,8,GTATTCAACTAAATAGTGGA,0,526673
araCp,0.1111111111111111,8,8,GTATGATTAACGGATTTAGT,0,574769
araCp,0.1111111111111111,8,8,GTATCACGATAATGTTAGTC,0,595104
araCp,0.1111111111111111,8,8,GTAGTTTTATTGCTCTGGAT,0,548393
araCp,0.1111111111111111,8,8,GTAGCTGTTATGATAGGAAG,0,593252
araCp,0.1111111111111111,8,8,GTAGATGTGTCATTCTCAAT,0,602926
araCp,0.1111111111111111,8,8,GTAGATATACCTTGGCCCAC,0,580928
araCp,0.1111111111111111,8,8,GTACTTCCCAGATGACGGGA,0,555673
araCp,0.1111111111111111,8,8,GTACTGTACGCCACCTTTTC,0,556889
araCp,0.1111111111111111,8,8,GTACTGACATGTGCTTTGGC,0,586629
araCp,0.1111111111111111,8,8,GTACGAGACTGGGTCGTGGT,0,586205
araCp,0.1111111111111111,8,8,GTACCCTCCAAAATCATCCA,0,546995
araCp,0.1111111111111111,8,8,GTACATGTAGATGTCATCAC,0,542585
araCp,0.1111111111111111,8,8,GTACATATTAAAGCAACAAT,0,583776
araCp,0.1111111111111111,8,8,GTAATGGATGTAGGCATATA,0,565285
araCp,0.1111111111111111,8,8,GTAATCAACCCGATCCCGGC,0,560526
araCp,0.1111111111111111,8,8,GTAAGCGTGCGATGTAGTTC,0,565401
araCp,0.1111111111111111,8,8,GTAAGAAAACCTGGCCATGG,0,596760
araCp,0.1111111111111111,8,8,GTAACTCAGGGGGGCACGTA,0,601473
araCp,0.1111111111111111,8,8,GTAAAAGCCGCGCCATCTCG,0,532615
araCp,0.1111111111111111,8,8,GGTTTTTACTTGACTTGCTG,0,538931
araCp,0.1111111111111111,8,8,GGTTTGCAATAGAGTGACTT,0,599354
araCp,0.1111111111111111,8,8,GGTTGCGTGCCAAGCCTTTA,0,538586
araCp,0.1111111111111111,8,8,GGTTATAGCAGGGTTTGTAG,0,585080
araCp,0.1111111111111111,8,8,GGTTACCGTCCAACTGTTGG,0,525601
araCp,0.1111111111111111,8,8,GGTTAAGGCAAAATGTGTTA,0,558638
araCp,0.1111111111111111,8,8,GGTGCTCAAAAGCGTCGTTC,0,533437
araCp,0.1111111111111111,8,8,GGTGAGGAGAACCATTTTAA,0,545948
araCp,0.1111111111111111,8,8,GGTGAGCGGACCGGGCTTCA,0,540009
araCp,0.1111111111111111,8,8,GGTGACTACCGGGCGAGCGG,0,563421
araCp,0.1111111111111111,8,8,GGTCGTTTGCAGGAAGAGAG,0,581955
araCp,0.1111111111111111,8,8,GGTCGGCATTGTCGCATATG,0,542163
araCp,0.1111111111111111,8,8,GGTCGGCAGACTGTTTTACT,0,589456
araCp,0.1111111111111111,8,8,GGTCCTATCCCTGTATCCCA,0,563943
araCp,0.1111111111111111,8,8,GGTCAAGACTATGGTGGGGA,0,598357
araCp,0.1111111111111111,8,8,GGTATCGCACGGTGCCGTCT,0,529734
araCp,0.1111111111111111,8,8,GGTATCACGGTTCAATCGGA,0,581272
araCp,0.1111111111111111,8,8,GGTATATCATATGGGCACAA,0,576716
araCp,0.1111111111111111,8,8,GGTAGCGATATACTCCTCCA,0,538255
araCp,0.1111111111111111,8,8,GGTAACTGTATTTCAGCTTT,0,578034
araCp,0.1111111111111111,8,8,GGGTGGGCGTAGTTTGTCCC,0,588340
araCp,0.1111111111111111,8,8,GGGTGGCATAGGTCCTGAAC,0,572969
araCp,0.1111111111111111,8,8,GGGTGGACGTCGGTGACGGC,0,602603
araCp,0.1111111111111111,8,8,GGGTGAGACCATTTGTGTGG,0,575630
araCp,0.1111111111111111,8,8,GGGTAGGGATAAATCGGGAG,0,553571
araCp,0.1111111111111111,8,8,GGGTACGCATGCGAGGCGCA,0,537577
araCp,0.1111111111111111,8,8,GGGGTCCCTCCTTATATTGA,0,540685
araCp,0.1111111111111111,8,8,GGGGTAGAGGTGGTGAGGGA,0,580052
araCp,0.1111111111111111,8,8,GGGGGGGCTTCGACTGGTAG,0,582890
araCp,0.1111111111111111,8,8,GGGGGCCTGGAATGTGGTGG,0,544473
araCp,0.1111111111111111,8,8,GGGGGACAGAGGGGGTCCTT,0,572431
araCp,0.1111111111111111,8,8,GGGGGACAAATCTGCATCCA,0,543406
araCp,0.1111111111111111,8,8,GGGGCAATAAGGACGGCTGG,0,594147
araCp,0.1111111111111111,8,8,GGGGAGGCTCCCGTTTAGGA,0,588496
araCp,0.1111111111111111,8,8,GGGCGTAATCGCCGATTTGT,0,581051
araCp,0.1111111111111111,8,8,GGGCCGGAGGTGTTCTGAGT,0,550044
araCp,0.1111111111111111,8,8,GGGCATCCAGAAACTGATAC,0,600415
araCp,0.1111111111111111,8,8,GGGCATAAGCGGGCTGCAGG,0,582091
araCp,0.1111111111111111,8,8,GGGACTTTTCAGAGGGATCA,0,602414
araCp,0.1111111111111111,8,8,GGGACATTTGGGTGCGCTGG,0,571669
araCp,0.1111111111111111,8,8,GGCTTTAGGCACATGTGAAC,0,530255
araCp,0.1111111111111111,8,8,GGCTTCGAAATCTCAAAAAT,0,564784
araCp,0.1111111111111111,8,8,GGCTGCGATCCCGGGAGCGA,0,554130
araCp,0.1111111111111111,8,8,GGCTCGAATAGGGGATCTAT,0,591827
araCp,0.1111111111111111,8,8,GGCTCAGCCGTGCTGACTGT,0,564992
araCp,0.1111111111111111,8,8,GGCTAGGTGTTTACAGGAGA,0,540935
araCp,0.1111111111111111,8,8,GGCTAGCCAATCTTATGGGT,0,577026
araCp,0.1111111111111111,8,8,GGCTAATCCGTCGCATTCTC,0,565813
araCp,0.1111111111111111,8,8,GGCGTTTGCGGGTTTCTGCG,0,534221
araCp,0.1111111111111111,8,8,GGCGTCTGCTGGCCAGAATA,0,525576
araCp,0.1111111111111111,8,8,GGCGGTGTAATGCCATTATT,0,562882
araCp,0.1111111111111111,8,8,GGCGGGCAATTTTGCAACGC,0,562186
araCp,0.1111111111111111,8,8,GGCGGCCGACTCATGGGTAT,0,583976
araCp,0.1111111111111111,8,8,GGCCTTTTTAACTCACCATC,0,561091
araCp,0.1111111111111111,8,8,GGCCTGAATAATAGTACGTT,0,585506
araCp,0.1111111111111111,8,8,GGCCAGGCTCCAGGCGGAGT,0,563492
araCp,0.1111111111111111,8,8,GGCAGGAGGTCAGCTCTCCG,0,529147
araCp,0.1111111111111111,8,8,GGATTCGGAGAGTAATATGT,0,548930
araCp,0.1111111111111111,8,8,GGATTAGATTAAGCCTTCAA,0,545836
araCp,0.1111111111111111,8,8,GGATGTCCCGTCGGGCCTTG,0,593517
araCp,0.1111111111111111,8,8,GGATGGAGAATACGGGATGT,0,565973
araCp,0.1111111111111111,8,8,GGATCCATGTTACCGCTTTT,0,597464
araCp,0.1111111111111111,8,8,GGAGTCTAGTGCAGGCCCAA,0,548487
araCp,0.1111111111111111,8,8,GGAGTAGAAATGACCAGTAA,0,534426
araCp,0.1111111111111111,8,8,GGAGATCCACGGGGGAGCTC,0,543996
araCp,0.1111111111111111,8,8,GGAGACGGTCGGTCACGACC,0,587390
araCp,0.1111111111111111,8,8,GGAGACATATATCACGGACA,0,541012
araCp,0.1111111111111111,8,8,GGACTATTCTTATATGGCCC,0,577094
araCp,0.1111111111111111,8,8,GGACGGAGGTAGCTTTTTGG,0,598392
araCp,0.1111111111111111,8,8,GGACGCGGCGTCAGCGTGTA,0,571173
araCp,0.1111111111111111,8,8,GGACGAAGTGAAGCAAGAGA,0,536425
araCp,0.1111111111111111,8,8,GGAACGATAGTCTCACGGTT,0,566771
araCp,0.1111111111111111,8,8,GGAACAGCTGACGGCCTTGT,0,569553
araCp,0.1111111111111111,8,8,GCTTTTTGCAGTGTCTGCAG,0,571584
araCp,0.1111111111111111,8,8,GCTTTGGTAAAGAGTGAGAC,0,586546
araCp,0.1111111111111111,8,8,GCTTTGCCTTTTCCTTAACA,0,560803
araCp,0.1111111111111111,8,8,GCTTTATCTTGAGCCGGTGA,0,574551
araCp,0.1111111111111111,8,8,GCTTACGGCTCCCACAGGCA,0,539075
araCp,0.1111111111111111,8,8,GCTGCAGTGACCCTCGGTTA,0,534038
araCp,0.1111111111111111,8,8,GCTGAGTAACTACCTTTCGT,0,584649
araCp,0.1111111111111111,8,8,GCTGAGAAGCACTATCGAAT,0,591340
araCp,0.1111111111111111,8,8,GCTGACAGAGGGCCATCTTA,0,555832
araCp,0.1111111111111111,8,8,GCTCTCTAGGGCGAAAAGCG,0,597281
araCp,0.1111111111111111,8,8,GCTCTATAGGGTAATTACTA,0,590297
araCp,0.1111111111111111,8,8,GCTCGTGAGAATAGCTTCGT,0,548256
araCp,0.1111111111111111,8,8,GCTCCCAGAAACCTTACCTG,0,565343
araCp,0.1111111111111111,8,8,GCTCAGAGGATTAGGGGTAT,0,598309
araCp,0.1111111111111111,8,8,GCTCACGATCAAGCAGCTCG,0,550562
araCp,0.1111111111111111,8,8,GCTATCTCCATGGTCTGTAG,0,531290
araCp,0.1111111111111111,8,8,GCTAGCGGCAACAGCATGAG,0,548546
araCp,0.1111111111111111,8,8,GCTAAGTTCATCAAGAGTTA,0,583743
araCp,0.1111111111111111,8,8,GCTAAGTAGATCCAGTCGGA,0,596425
araCp,0.1111111111111111,8,8,GCGTTTAAGGTAGGGCCATA,0,537232
araCp,0.1111111111111111,8,8,GCGTAGATGAGCGACAATGA,0,525672
araCp,0.1111111111111111,8,8,GCGTAAACGTGTGCTCATTT,0,548081
araCp,0.1111111111111111,8,8,GCGGTCCACGGTCATATCAA,0,567285
araCp,0.1111111111111111,8,8,GCGGGTTCGTATTATAGGCA,0,589640
araCp,0.1111111111111111,8,8,GCGGATCGCTTGTTCAATAG,0,591010
araCp,0.1111111111111111,8,8,GCGGATCGAAAATGACCTGC,0,587859
araCp,0.1111111111111111,8,8,GCGGATATTAAACTCTCCCT,0,563785
araCp,0.1111111111111111,8,8,GCGCCGGGCGGTAGAGCGAT,0,590445
araCp,0.1111111111111111,8,8,GCGCCAGGAGTATTGATAAA,0,585782
araCp,0.1111111111111111,8,8,GCGCATGATATCGTTTAGGC,0,584448
araCp,0.1111111111111111,8,8,GCGCACTAATCGCTCCTGAA,0,595848
araCp,0.1111111111111111,8,8,GCGCACACATTACCTGAGTA,0,583927
araCp,0.1111111111111111,8,8,GCGCAAAGTGTGGACTCGCA,0,592390
araCp,0.1111111111111111,8,8,GCGATAGTCTTACATGTTTA,0,596102
araCp,0.1111111111111111,8,8,GCGAGAGAACAGTAATTCTA,0,572850
araCp,0.1111111111111111,8,8,GCGACGTCTTTCATTACCGT,0,561346
araCp,0.1111111111111111,8,8,GCGACGAAATGTCAAAGACT,0,528862
araCp,0.1111111111111111,8,8,GCGAAACAATCCTCGGATGA,0,541081
araCp,0.1111111111111111,8,8,GCCTTTTTATGTTCCAGGAT,0,573383
araCp,0.1111111111111111,8,8,GCCTTGTAGTCTTCAAAGGC,0,556259
araCp,0.1111111111111111,8,8,GCCTTGACTCCCGGTCTATG,0,526259
araCp,0.1111111111111111,8,8,GCCTGGGGTATCCAAGAAGA,0,536988
araCp,0.1111111111111111,8,8,GCCTGGGCCGCTGGTACGTA,0,585779
araCp,0.1111111111111111,8,8,GCCTCTATGGAAGAGCATAC,0,549572
araCp,0.1111111111111111,8,8,GCCTCGTGACCTTAACAAAG,0,541604
araCp,0.1111111111111111,8,8,GCCTACTTGCGATCTGGAGG,0,549858
araCp,0.1111111111111111,8,8,GCCGTGGCATTTATGTCTCT,0,591654
araCp,0.1111111111111111,8,8,GCCGTCCAGCACGGGTAGGA,0,588520
araCp,0.1111111111111111,8,8,GCCGGGGGAGCAGTCTGTAT,0,546926
araCp,0.1111111111111111,8,8,GCCGGGCTGTCTAAGGAGTG,0,534841
araCp,0.1111111111111111,8,8,GCCGGCTGGAGGGCTTTAGC,0,593508
araCp,0.1111111111111111,8,8,GCCGGCCTGTCCAGCAGCGT,0,582167
araCp,0.1111111111111111,8,8,GCCGGATTACCGTACGATCG,0,525623
araCp,0.1111111111111111,8,8,GCCGACGACCCATGCCGTAA,0,566186
araCp,0.1111111111111111,8,8,GCCGACAGCGGTTGGCGTCT,0,584994
araCp,0.1111111111111111,8,8,GCCGAACTACCTCTTTCCCG,0,556033
araCp,0.1111111111111111,8,8,GCCCTGTTATCTGTATCCGG,0,580997
araCp,0.1111111111111111,8,8,GCCCGTGGTCATACTCCGGC,0,582143
araCp,0.1111111111111111,8,8,GCCCGCGAAACTGTTACCGT,0,602193
araCp,0.1111111111111111,8,8,GCCCATGCGTTCACATTTGC,0,557995
araCp,0.1111111111111111,8,8,GCCATGACAGGTGGACTCGT,0,537667
araCp,0.1111111111111111,8,8,GCCAGGGAGATTCTGCCATA,0,540868
araCp,0.1111111111111111,8,8,GCCACTGCGAATATACCCTC,0,583451
araCp,0.1111111111111111,8,8,GCCAATAGCCAATATATAGC,0,581458
araCp,0.1111111111111111,8,8,GCCAAAGCCCCCGAGACTGT,0,548308
araCp,0.1111111111111111,8,8,GCATTCAGTCACGTGGGGTT,0,572743
araCp,0.1111111111111111,8,8,GCATGGAGGTCTCAGAGCAT,0,540771
araCp,0.1111111111111111,8,8,GCATCTATGGTCCCAAAGAA,0,552754
araCp,0.1111111111111111,8,8,GCATACATGTTACGTAGGTC,0,560208
araCp,0.1111111111111111,8,8,GCAGTTTATCGAGACCGCGG,0,525754
araCp,0.1111111111111111,8,8,GCAGGGGCTCGAACAACACA,0,536491
araCp,0.1111111111111111,8,8,GCAGCTATCACGATGTATAT,0,526738
araCp,0.1111111111111111,8,8,GCACTTTCAACATGGCGGTT,0,545240
araCp,0.1111111111111111,8,8,GCACTGGGGTGGAAGTCATG,0,558178
araCp,0.1111111111111111,8,8,GCACGTGCGTGTCCGTCCTG,0,527683
araCp,0.1111111111111111,8,8,GCACGTAGAGGCAAAGAACT,0,536618
araCp,0.1111111111111111,8,8,GCAAGTTTCCAAAATCGAAA,0,557775
araCp,0.1111111111111111,8,8,GCAAGCACAGGTTATGACAA,0,548353
araCp,0.1111111111111111,8,8,GATTTTTCCCGTAACAATAT,0,597540
araCp,0.1111111111111111,8,8,GATTTTGATCTTAATCGTCT,0,531993
araCp,0.1111111111111111,8,8,GATTGATTGTATGCCATACA,0,547167
araCp,0.1111111111111111,8,8,GATTCGTCCTACCTGCATTG,0,526375
araCp,0.1111111111111111,8,8,GATTAGTTTTTCACTGTCAT,0,593737
araCp,0.1111111111111111,8,8,GATGGTATAGGAATTTGGCT,0,569712
araCp,0.1111111111111111,8,8,GATGGGATGCTTTGGCGGCA,0,535846
araCp,0.1111111111111111,8,8,GATGGGAGGAAAGCCGATGG,0,547780
araCp,0.1111111111111111,8,8,GATGGCATGAAGGGACACCA,0,555112
araCp,0.1111111111111111,8,8,GATGGAGCCCTTCTTTAACT,0,562336
araCp,0.1111111111111111,8,8,GATGCCAACCGGACCCCAAT,0,569022
araCp,0.1111111111111111,8,8,GATGCATCGCGGCACGACTG,0,562284
araCp,0.1111111111111111,8,8,GATGCACTTCAGGAGTATCG,0,572048
araCp,0.1111111111111111,8,8,GATGATCCGCACAGAGGTTA,0,590839
araCp,0.1111111111111111,8,8,GATGACGTTAATCTAGGGAA,0,603436
araCp,0.1111111111111111,8,8,GATCTATCGTCGTCTAATTA,0,571217
araCp,0.1111111111111111,8,8,GATCGTCTTTTATTACGGGT,0,577161
araCp,0.1111111111111111,8,8,GATCAGTTGCGAAAAGCAGT,0,537603
araCp,0.1111111111111111,8,8,GATCAGTGTCTTAGCGTTTC,0,562942
araCp,0.1111111111111111,8,8,GATCACGGGGTAAACAGACC,0,582563
araCp,0.1111111111111111,8,8,GATATTACTACCTTTTGTTA,0,579774
araCp,0.1111111111111111,8,8,GAGTGGGTTCTTATGAACCC,0,581915
araCp,0.1111111111111111,8,8,GAGTGCACGTCCCGCCGATC,0,539654
araCp,0.1111111111111111,8,8,GAGTGAAGTAGATATGTTAG,0,569149
araCp,0.1111111111111111,8,8,GAGTAACCGGGCAGGTTTCA,0,600838
araCp,0.1111111111111111,8,8,GAGCTTCGTGATACAGCCGT,0,544386
araCp,0.1111111111111111,8,8,GAGCGTCTGGTTGGGGGGTC,0,554065
araCp,0.1111111111111111,8,8,GAGCGGGGTCAACCGTATAT,0,584670
araCp,0.1111111111111111,8,8,GAGCCGCGAGGATCGTCTCA,0,555220
araCp,0.1111111111111111,8,8,GAGCCCCCAACATCCCGTAT,0,593715
araCp,0.1111111111111111,8,8,GAGATGCATTGACGGCGCGG,0,569176
araCp,0.1111111111111111,8,8,GAGATATCCACGCTCAGAGA,0,568578
araCp,0.1111111111111111,8,8,GAGAGTTTCGGGCTCCATCG,0,592157
araCp,0.1111111111111111,8,8,GAGAGCTGCGCGTCACCTCG,0,530561
araCp,0.1111111111111111,8,8,GAGACAATCGACCTAGATGC,0,531243
araCp,0.1111111111111111,8,8,GACTTGCTGAGGCAGCTGCT,0,598016
araCp,0.1111111111111111,8,8,GACTTCGATTCCACCCTTCA,0,572668
araCp,0.1111111111111111,8,8,GACTGGGCCGGCCTGACGAA,0,537586
araCp,0.1111111111111111,8,8,GACTCGGTGACTAGGGTCGT,0,597583
araCp,0.1111111111111111,8,8,GACTAGTGTCTGGATTCCAT,0,550822
araCp,0.1111111111111111,8,8,GACTAGCGCCGGCAATCGGC,0,563427
araCp,0.1111111111111111,8,8,GACGTGGTCGAGCCCCCAAC,0,526905
araCp,0.1111111111111111,8,8,GACGTCCTGCAGCTACGATG,0,581902
araCp,0.1111111111111111,8,8,GACGGCACTGGAGAAACATT,0,541356
araCp,0.1111111111111111,8,8,GACGCACCAGCTCGCAATTC,0,569366
araCp,0.1111111111111111,8,8,GACCTCCCCCGCAACAGGAT,0,599792
araCp,0.1111111111111111,8,8,GACCGGAAGTTCATAAGTGA,0,546120
araCp,0.1111111111111111,8,8,GACCACAGAGCACTTAAATT,0,542334
araCp,0.1111111111111111,8,8,GACCAATTAAACCTCTACAG,0,588967
araCp,0.1111111111111111,8,8,GACATATATTCAAGCTCGCT,0,547443
araCp,0.1111111111111111,8,8,GACAATAGAATTCAGAGCTG,0,578095
araCp,0.1111111111111111,8,8,GAATTGGCAACCGATAGTAA,0,599815
araCp,0.1111111111111111,8,8,GAATGACCATCGGTGATGAA,0,557710
araCp,0.1111111111111111,8,8,GAATAGGACTTTACAGTGTC,0,567096
araCp,0.1111111111111111,8,8,GAATAAGGTGGTGAGATCCT,0,574396
araCp,0.1111111111111111,8,8,GAAGGACCAGTCACGGTCCA,0,588853
araCp,0.1111111111111111,8,8,GAAGCGTTCCTCGGAGGACG,0,579775
araCp,0.1111111111111111,8,8,GAAGCAAGGGTATAGCTTCA,0,553955
araCp,0.1111111111111111,8,8,GAAGAGCTCGTTGCATCGTG,0,562735
araCp,0.1111111111111111,8,8,GAACGACAAGTGGCCAGTCA,0,585965
araCp,0.1111111111111111,8,8,GAACCCGGCGCGCGATGATC,0,536036
araCp,0.1111111111111111,8,8,GAACATACCAGGTCCGATAC,0,557041
araCp,0.1111111111111111,8,8,GAACACCATACAATACTCGA,0,593317
araCp,0.1111111111111111,8,8,GAAATGCACTCTGCAGTCCC,0,601990
araCp,0.1111111111111111,8,8,GAAATGACAAATGAATCACC,0,558494
araCp,0.1111111111111111,8,8,GAAAGATAGTCTGTCAGCGA,0,579721
araCp,0.1111111111111111,8,8,GAAAGAGGTAGCCACGGTCT,0,580258
araCp,0.1111111111111111,8,8,CTTTTCCGGGTGGCACCTTA,0,590832
araCp,0.1111111111111111,8,8,CTTTGCAATGGTCTCGCCCA,0,572537
araCp,0.1111111111111111,8,8,CTTTCAGGGAACTAGGGGTG,0,550943
araCp,0.1111111111111111,8,8,CTTGGGAATGTCCATACCCA,0,526753
araCp,0.1111111111111111,8,8,CTTGACAACCATAGCTAGAA,0,542180
araCp,0.1111111111111111,8,8,CTTCTGTATATCCAGAGGCC,0,561203
araCp,0.1111111111111111,8,8,CTTCGTGCCGTCAGATGGTC,0,567302
araCp,0.1111111111111111,8,8,CTTCCTCCGCGGATCTTAAA,0,550736
araCp,0.1111111111111111,8,8,CTTCAGGTATCCATTGATCA,0,552268
araCp,0.1111111111111111,8,8,CTTCACCGAGGTGCTTCTAA,0,552766
araCp,0.1111111111111111,8,8,CTTATTAGGTGATTTGTCCT,0,542855
araCp,0.1111111111111111,8,8,CTTACCTTACCTCATGTTCA,0,572502
araCp,0.1111111111111111,8,8,CTTACCCTATTGTAGGCGTC,0,548693
araCp,0.1111111111111111,8,8,CTTAATGGAACGTAAAGTCA,0,554066
araCp,0.1111111111111111,8,8,CTTAACGACCTAACCATAAC,0,535334
araCp,0.1111111111111111,8,8,CTGTTTTCAACGCACTGCTT,0,569248
araCp,0.1111111111111111,8,8,CTGTGTTTGAGAGATCTCAC,0,556309
araCp,0.1111111111111111,8,8,CTGTCATATCCTTGAGTCAA,0,564261
araCp,0.1111111111111111,8,8,CTGTACTATGTCTTTAATTT,0,545614
araCp,0.1111111111111111,8,8,CTGGTCATCGCCACCTGGCC,0,600922
araCp,0.1111111111111111,8,8,CTGGGTCATTCCGTTGAACG,0,568240
araCp,0.1111111111111111,8,8,CTGGCTTAAACTATCGGTGC,0,583401
araCp,0.1111111111111111,8,8,CTGGCATTCGTATTAGGCGG,0,573367
araCp,0.1111111111111111,8,8,CTGCTTCGAGTTCCTGTGAC,0,554810
araCp,0.1111111111111111,8,8,CTGCTTACGATAGCCTTAGT,0,557863
araCp,0.1111111111111111,8,8,CTGCTTACCTGTACCAGACA,0,532451
araCp,0.1111111111111111,8,8,CTGCTCGTTGGCCCTAATCC,0,549060
araCp,0.1111111111111111,8,8,CTGCGTGTTATCCATCATTG,0,592943
araCp,0.1111111111111111,8,8,CTGCGCCTGGTTATACTACT,0,546387
araCp,0.1111111111111111,8,8,CTGCCTGGTTTGGGTGGTTT,0,582949
araCp,0.1111111111111111,8,8,CTGCCGAGTGATCTAAGCTA,0,571796
araCp,0.1111111111111111,8,8,CTGATGGACCACTAGAGGAA,0,570834
araCp,0.1111111111111111,8,8,CTGAGTCGTTGTAGAGAAAA,0,561619
araCp,0.1111111111111111,8,8,CTGAGCTTGCTCCTCACGAG,0,538917
araCp,0.1111111111111111,8,8,CTGAGCCTATTGGTTCCTCG,0,554748
araCp,0.1111111111111111,8,8,CTGAGCCCTAAGTCGCGGAT,0,556389
araCp,0.1111111111111111,8,8,CTGACAAGCGATAATCCATA,0,547368
araCp,0.1111111111111111,8,8,CTGAAGTCATCGAAAGAGGA,0,568054
araCp,0.1111111111111111,8,8,CTGAAGGGCATAGGACACTC,0,543493
araCp,0.1111111111111111,8,8,CTGAACCCAGTAGACACAAT,0,583253
araCp,0.1111111111111111,8,8,CTCTTTGGTCACCGTGATAT,0,572726
araCp,0.1111111111111111,8,8,CTCTTCACATCTCCTGACTG,0,574355
araCp,0.1111111111111111,8,8,CTCTGCTCGGGGTCAGCAAA,0,576940
araCp,0.1111111111111111,8,8,CTCTGCGAAACTCTCATTAA,0,532146
araCp,0.1111111111111111,8,8,CTCTGAAATTTCTGCGATGA,0,531429
araCp,0.1111111111111111,8,8,CTCGTTTTCCCAACGGAAAA,0,577212
araCp,0.1111111111111111,8,8,CTCGCACGTGAGGGATTCCA,0,556348
araCp,0.1111111111111111,8,8,CTCCTCATACGCCGGATATG,0,549722
araCp,0.1111111111111111,8,8,CTCCGCGAACGGACCTTTCT,0,599732
araCp,0.1111111111111111,8,8,CTCCAGACCTATCTCCCCGG,0,536377
araCp,0.1111111111111111,8,8,CTCCACGCTCAGAACCGTCT,0,580365
araCp,0.1111111111111111,8,8,CTCCACCCGGCGTGACGAGT,0,541990
araCp,0.1111111111111111,8,8,CTCCACACGGCCAGGATCGC,0,525942
araCp,0.1111111111111111,8,8,CTCATGAGTGTATCCGACAA,0,538519
araCp,0.1111111111111111,8,8,CTCATAGGGTCTGTTTACGT,0,559119
araCp,0.1111111111111111,8,8,CTCATAATCCACCTAGCTCA,0,562969
araCp,0.1111111111111111,8,8,CTCAGTTGGCGAAACTTTTC,0,543270
araCp,0.1111111111111111,8,8,CTCAGGTAGTGTCCTATACA,0,598996
araCp,0.1111111111111111,8,8,CTCAGGGTTTCTGTAAATCT,0,575934
araCp,0.1111111111111111,8,8,CTCAGGCACGATTTACCCCT,0,547724
araCp,0.1111111111111111,8,8,CTCAGCACCTTCGGTCTGTA,0,596444
araCp,0.1111111111111111,8,8,CTCAGATTTTAAAGCTAGAC,0,600634
araCp,0.1111111111111111,8,8,CTCACGGGATATTGTGTGAC,0,556084
araCp,0.1111111111111111,8,8,CTCACATGCTGATACTGGTA,0,528981
araCp,0.1111111111111111,8,8,CTATTCAGTTTTCGATTGCG,0,577743
araCp,0.1111111111111111,8,8,CTATCCGGACGAAGGCCGGT,0,538632
araCp,0.1111111111111111,8,8,CTATCCCTGAAAAATGCAGT,0,550639
araCp,0.1111111111111111,8,8,CTATATTCATTCTGGACTAT,0,598383
araCp,0.1111111111111111,8,8,CTAGCGCGCTAACCAGGACA,0,564201
araCp,0.1111111111111111,8,8,CTAGCAGCACTATTCGTACA,0,548893
araCp,0.1111111111111111,8,8,CTACTAGCTTCAGGGATTGC,0,548091
araCp,0.1111111111111111,8,8,CTACGTTCCAGGGTGATCAG,0,540300
araCp,0.1111111111111111,8,8,CTACGGGGGTTAACTACTGT,0,558442
araCp,0.1111111111111111,8,8,CTACGCAGAATACATTAGAC,0,555681
araCp,0.1111111111111111,8,8,CTACGAGGCCTGTGATTATA,0,593326
araCp,0.1111111111111111,8,8,CTACACATCGCCAAGACGCG,0,580519
araCp,0.1111111111111111,8,8,CTACAAGTTTGTCAATTAAC,0,544099
araCp,0.1111111111111111,8,8,CTAAGTGCCATCTCACGTAT,0,603227
araCp,0.1111111111111111,8,8,CTAAATATACGAGCTAGTCC,0,557060
araCp,0.1111111111111111,8,8,CTAAATACTGCCGCTACTCT,0,553506
araCp,0.1111111111111111,8,8,CTAAACCTACCTCCAAATAG,0,580029
araCp,0.1111111111111111,8,8,CGTTTTTTTTGAATGGTAGA,0,535634
araCp,0.1111111111111111,8,8,CGTTTCGTTTCGGACTGGGT,0,570050
araCp,0.1111111111111111,8,8,CGTTTCCGACTCCCTGCTCA,0,563650
araCp,0.1111111111111111,8,8,CGTTCGGTCAAGGACGATAT,0,560397
araCp,0.1111111111111111,8,8,CGTTCGGCTTGCTTTCTGTT,0,530861
araCp,0.1111111111111111,8,8,CGTTCGCGACGTCACCAGTG,0,590781
araCp,0.1111111111111111,8,8,CGTTCGAAAAGACTCTGTCC,0,543685
araCp,0.1111111111111111,8,8,CGTTCATAAACAACGAAACG,0,549931
araCp,0.1111111111111111,8,8,CGTTATGGGAAATTTTTTTA,0,594628
araCp,0.1111111111111111,8,8,CGTTAGGCCAACGGGACTGG,0,596267
araCp,0.1111111111111111,8,8,CGTGTCCGCCACGATTAGCA,0,538245
araCp,0.1111111111111111,8,8,CGTGCGATTGAGGCCAGGTA,0,603049
araCp,0.1111111111111111,8,8,CGTGATCCTCTCAGCGGTAA,0,555847
araCp,0.1111111111111111,8,8,CGTCTTTTGAGGTCGCTCAT,0,564159
araCp,0.1111111111111111,8,8,CGTCTCTGTCCCCGGTCGGT,0,572369
araCp,0.1111111111111111,8,8,CGTCTCTCGGCTTCCATCTC,0,573378
araCp,0.1111111111111111,8,8,CGTCGCCAAACATTAATCCA,0,578647
araCp,0.1111111111111111,8,8,CGTCCTACGTGCGCTTGAGG,0,560866
araCp,0.1111111111111111,8,8,CGTCCGGGGAAGCCTTAAGT,0,530894
araCp,0.1111111111111111,8,8,CGTCAGCGCCGCTCCAGATA,0,597770
araCp,0.1111111111111111,8,8,CGTCACGGCTCCAACACTCG,0,574400
araCp,0.1111111111111111,8,8,CGTATTACATTATTCTGCCA,0,540487
araCp,0.1111111111111111,8,8,CGTAGCTACGGCTAAGCTAT,0,599095
araCp,0.1111111111111111,8,8,CGTAATTACGTGTTACATAG,0,576313
araCp,0.1111111111111111,8,8,CGTAATAAACGTTAGACAGA,0,526870
araCp,0.1111111111111111,8,8,CGTAACACTCTGGGGCACTC,0,574189
araCp,0.1111111111111111,8,8,CGTAAACTCAAACGCACTAC,0,592486
araCp,0.1111111111111111,8,8,CGGTTCGTTCGTACGACCAC,0,600105
araCp,0.1111111111111111,8,8,CGGTTATTGTCTAGTGCGTT,0,593739
araCp,0.1111111111111111,8,8,CGGTGCACTGATATACGCAT,0,584408
araCp,0.1111111111111111,8,8,CGGTCTGATATCGGGGAATA,0,537749
araCp,0.1111111111111111,8,8,CGGTAAGGAAGTTGAGCGAA,0,557241
araCp,0.1111111111111111,8,8,CGGGTGCAGTTCGATGTTTG,0,539739
araCp,0.1111111111111111,8,8,CGGGTAGGAGGCGCTCGTCT,0,566721
araCp,0.1111111111111111,8,8,CGGGTACGTCCTCAGTAAAT,0,594450
araCp,0.1111111111111111,8,8,CGGGGTACAGCGCAGATCTC,0,579182
araCp,0.1111111111111111,8,8,CGGGCAGGGATCAGAGTCAC,0,526660
araCp,0.1111111111111111,8,8,CGGGCAGATAGGATATGTGT,0,537504
araCp,0.1111111111111111,8,8,CGGGATCTGTGGGAGGTCTG,0,539951
araCp,0.1111111111111111,8,8,CGGCGGCAGCGATGCCGGAC,0,540338
araCp,0.1111111111111111,8,8,CGGCGCCCATTTCCATCGTG,0,530511
araCp,0.1111111111111111,8,8,CGGCCCCTATAGTATGGTTG,0,559221
araCp,0.1111111111111111,8,8,CGGCAGACTCATAGTCTTGA,0,599549
araCp,0.1111111111111111,8,8,CGGCACTTGAATAGAAACGT,0,554787
araCp,0.1111111111111111,8,8,CGGAATTTCCCCTTCTCTCC,0,529842
araCp,0.1111111111111111,8,8,CGGAAGATTCATACGTACAT,0,527006
araCp,0.1111111111111111,8,8,CGGAACATGAGATTGAGGCA,0,535358
araCp,0.1111111111111111,8,8,CGCTTTCTCGGATTCCTTTA,0,557480
araCp,0.1111111111111111,8,8,CGCTGACCACACCAAGACAT,0,535259
araCp,0.1111111111111111,8,8,CGCTCCTAATCCGGATTTGG,0,585425
araCp,0.1111111111111111,8,8,CGCTACTGTGGTATGACCGC,0,562771
araCp,0.1111111111111111,8,8,CGCGTTTCAGTTTGCGTAAT,0,533528
araCp,0.1111111111111111,8,8,CGCGTAGGACTCAACGATAA,0,590064
araCp,0.1111111111111111,8,8,CGCGGTTTTTAACTGTATAG,0,552990
araCp,0.1111111111111111,8,8,CGCGGCGCTCGACGGGAGCA,0,547913
araCp,0.1111111111111111,8,8,CGCGATTGGGAAGATAGTGA,0,550778
araCp,0.1111111111111111,8,8,CGCGAGGAAGAAACAAATCC,0,576796
araCp,0.1111111111111111,8,8,CGCCCTGGGACGGCATAATA,0,557307
araCp,0.1111111111111111,8,8,CGCCCGAATCCAATTTAGAA,0,582558
araCp,0.1111111111111111,8,8,CGCCAGTATTAAAAGCCAGG,0,594704
araCp,0.1111111111111111,8,8,CGCCACCCAAAGGGTCAGAG,0,591360
araCp,0.1111111111111111,8,8,CGATTTATACAATCTCGAGT,0,539417
araCp,0.1111111111111111,8,8,CGATTATGAGTCTGGATTTA,0,573584
araCp,0.1111111111111111,8,8,CGATTAGGACGCGGTGCATT,0,532131
araCp,0.1111111111111111,8,8,CGATATAGACAAGGTCTGTT,0,592552
araCp,0.1111111111111111,8,8,CGAGTTTCTGACTTGATGAG,0,599404
araCp,0.1111111111111111,8,8,CGAGTTTCGGCGCATTCACA,0,592227
araCp,0.1111111111111111,8,8,CGAGTTCTTTTAAGCAACCG,0,587655
araCp,0.1111111111111111,8,8,CGAGTGCCAAGTATGTGATT,0,529462
araCp,0.1111111111111111,8,8,CGAGCACTTATTTTAAACCG,0,536542
araCp,0.1111111111111111,8,8,CGACGGATGGCCGTACGTTC,0,596561
araCp,0.1111111111111111,8,8,CGACGGACTAACGACACTCG,0,590179
araCp,0.1111111111111111,8,8,CGAATGTAAGGCTATGACAA,0,534159
araCp,0.1111111111111111,8,8,CGAATGGAGAGGCGCAAAGT,0,550528
araCp,0.1111111111111111,8,8,CGAATATTAATTAGCGCCGT,0,559024
araCp,0.1111111111111111,8,8,CGAATAGTATTCTGTATACA,0,556959
araCp,0.1111111111111111,8,8,CGAAGACCGCTAGATGACCA,0,545517
araCp,0.1111111111111111,8,8,CGAACGATAAGTTCCTAGCA,0,568908
araCp,0.1111111111111111,8,8,CGAACCAAAAGTGTGGACTC,0,547134
araCp,0.1111111111111111,8,8,CGAACATATGACAACCGACC,0,551976
araCp,0.1111111111111111,8,8,CGAACACATAAGCGAGTTTT,0,533949
araCp,0.1111111111111111,8,8,CGAAAACCGGCAGTCACAGT,0,570721
araCp,0.1111111111111111,8,8,CCTTTCGTGCTCTCGCGGTT,0,552612
araCp,0.1111111111111111,8,8,CCTTTCGTCGTCGTTACAAC,0,531152
araCp,0.1111111111111111,8,8,CCTTGCCAACATTCTGTCCA,0,590170
araCp,0.1111111111111111,8,8,CCTTGATGTCGCCTCTCACC,0,589771
araCp,0.1111111111111111,8,8,CCTTACCCCGGCACTGCTAG,0,557010
araCp,0.1111111111111111,8,8,CCTTACCAGATGTGGAACGA,0,596892
araCp,0.1111111111111111,8,8,CCTGTCGGCAAAAGGGTACA,0,541686
araCp,0.1111111111111111,8,8,CCTGTCCAAACAGCCGGTGC,0,593533
araCp,0.1111111111111111,8,8,CCTGCCTCGCACGGCTGAAC,0,548725
araCp,0.1111111111111111,8,8,CCTCTTACTTTCGCGCTTCT,0,562653
araCp,0.1111111111111111,8,8,CCTCGGCAGTATCCGAGCGG,0,602617
araCp,0.1111111111111111,8,8,CCTCATCTAGGTCTATAATC,0,592156
araCp,0.1111111111111111,8,8,CCTATGTAAGCCCGAGTGAC,0,552527
araCp,0.1111111111111111,8,8,CCTATGGCGTTTATTACTAC,0,549287
araCp,0.1111111111111111,8,8,CCTAGGTCTAATAGCCTCTC,0,530709
araCp,0.1111111111111111,8,8,CCGTTTCTCCACATTGTAAC,0,600834
araCp,0.1111111111111111,8,8,CCGTTCAGGTAAGTATATAT,0,602338
araCp,0.1111111111111111,8,8,CCGTGTTGATCCGGGTCTCA,0,548889
araCp,0.1111111111111111,8,8,CCGTGACCCGACTTTGGTCA,0,582397
araCp,0.1111111111111111,8,8,CCGGTTCGTTATAAAGAAGG,0,571979
araCp,0.1111111111111111,8,8,CCGGGGTCATTTAGAGAGAT,0,587315
araCp,0.1111111111111111,8,8,CCGGATCCACAAATAGGCTT,0,532473
araCp,0.1111111111111111,8,8,CCGGATCAAGTCGCTTTATG,0,545252
araCp,0.1111111111111111,8,8,CCGGAATTCTACCACAGCCG,0,547506
araCp,0.1111111111111111,8,8,CCGCTGTGAAGGCCTACCGT,0,535874
araCp,0.1111111111111111,8,8,CCGCTCCAGGTATTCCACTG,0,549709
araCp,0.1111111111111111,8,8,CCGCGTCGTCGCCCTAATAC,0,567705
araCp,0.1111111111111111,8,8,CCGCGAGACTGCCAGATAAT,0,584123
araCp,0.1111111111111111,8,8,CCGAGATCGCATAAACTTTA,0,560141
araCp,0.1111111111111111,8,8,CCGACACACTGCCCCCGCCA,0,572368
araCp,0.1111111111111111,8,8,CCGACAAGTAATCAGTGCGT,0,558275
araCp,0.1111111111111111,8,8,CCGAACCATCGTTCGGTCAA,0,577203
araCp,0.1111111111111111,8,8,CCCTGCCATTGGCAGACTCG,0,587052
araCp,0.1111111111111111,8,8,CCCTCAGGGACCTTTTTTAG,0,534754
araCp,0.1111111111111111,8,8,CCCGTTTTTTGTTCCCAAGA,0,602493
araCp,0.1111111111111111,8,8,CCCGTCGTGAGTGCTCATTC,0,546200
araCp,0.1111111111111111,8,8,CCCGGTGTAAATGCACCCAG,0,526663
araCp,0.1111111111111111,8,8,CCCGGACTAGGACTTAACGA,0,525692
araCp,0.1111111111111111,8,8,CCCGCATAGCACCCACTAGG,0,565520
araCp,0.1111111111111111,8,8,CCCCGTCTAGGAAATGTTTA,0,578807
araCp,0.1111111111111111,8,8,CCCCGCGTCAGCATGTGAAC,0,579521
araCp,0.1111111111111111,8,8,CCCATTATGTGTAGTCTTTC,0,589495
araCp,0.1111111111111111,8,8,CCCAGTCTACCACAACCTCG,0,579410
araCp,0.1111111111111111,8,8,CCCACTGAGGGTTTATTTTC,0,602120
araCp,0.1111111111111111,8,8,CCCACAAAGGAGCGAATGGC,0,585390
araCp,0.1111111111111111,8,8,CCCAAGCTGCGGTGATAGTG,0,568624
araCp,0.1111111111111111,8,8,CCATTTCTTCTTCCGTCATA,0,539512
araCp,0.1111111111111111,8,8,CCATTCCGCGTGCATCATCA,0,532430
araCp,0.1111111111111111,8,8,CCATGCAAATTTCGTTATTC,0,530899
araCp,0.1111111111111111,8,8,CCATGACTCTCCCGCCACTG,0,549403
araCp,0.1111111111111111,8,8,CCATCTATCATTTCCCCTGG,0,592377
araCp,0.1111111111111111,8,8,CCATATTTCACGGACATTCG,0,577261
araCp,0.1111111111111111,8,8,CCAGGGCGGTCCTGGGCGGA,0,580927
araCp,0.1111111111111111,8,8,CCAGGCCTGATGCGTGAAGT,0,573476
araCp,0.1111111111111111,8,8,CCAGCGTGGAGTAAGTAGAG,0,579885
araCp,0.1111111111111111,8,8,CCACCTGTAAAACGTCCATA,0,559871
araCp,0.1111111111111111,8,8,CCAAGTTCCTTGCCCCCGGC,0,545724
araCp,0.1111111111111111,8,8,CCAAATGTAAGTCTCCAGGG,0,551536
araCp,0.1111111111111111,8,8,CCAAAACTACTCGACGGCTC,0,542672
araCp,0.1111111111111111,8,8,CATTTTTCCTCAATCAATAC,0,530672
araCp,0.1111111111111111,8,8,CATTTAACTGCACTTCCTTA,0,550418
araCp,0.1111111111111111,8,8,CATTGGCGTCATGGATCGGT,0,542736
araCp,0.1111111111111111,8,8,CATTGAGCCGAGCTGTCCTA,0,576878
araCp,0.1111111111111111,8,8,CATTCCCAGAATTGTCTCAA,0,570018
araCp,0.1111111111111111,8,8,CATTACGCAAACACGACTGT,0,556145
araCp,0.1111111111111111,8,8,CATGTCACTTGGGTGTTGCC,0,573430
araCp,0.1111111111111111,8,8,CATGGTTTAGGGTCGGTTTT,0,553522
araCp,0.1111111111111111,8,8,CATGGATACGGGGTAGTCTT,0,540054
araCp,0.1111111111111111,8,8,CATGCTCACGACTCATCCCG,0,553188
araCp,0.1111111111111111,8,8,CATCTGTTGTTCTCATTTTA,0,569807
araCp,0.1111111111111111,8,8,CATCTCGTCGTTTGAAATAT,0,602675
araCp,0.1111111111111111,8,8,CATCGTCAGACGATCGGTTT,0,527644
araCp,0.1111111111111111,8,8,CATCCATTGGCCCGATACTT,0,578603
araCp,0.1111111111111111,8,8,CATCAGGGAAGGAGTATCGT,0,550868
araCp,0.1111111111111111,8,8,CATCAATCTAATACTTGAAC,0,598319
araCp,0.1111111111111111,8,8,CATCAAAGTGTATCAGCCAG,0,533910
araCp,0.1111111111111111,8,8,CATATCTGGGAGAACCCTGG,0,587994
araCp,0.1111111111111111,8,8,CATAGTTGAGGACGACTTTG,0,547806
araCp,0.1111111111111111,8,8,CATACAACTGGGGGCACTCG,0,547121
araCp,0.1111111111111111,8,8,CAGTTTAGGTTCTAGCTCTA,0,601042
araCp,0.1111111111111111,8,8,CAGTGGGTTGGGCGAGCCGA,0,543157
araCp,0.1111111111111111,8,8,CAGGGTTTTACATGTTAACT,0,550555
araCp,0.1111111111111111,8,8,CAGCTCCCTGTGTGGGGATT,0,556947
araCp,0.1111111111111111,8,8,CAGCTATTGTTTCGGCCATA,0,539255
araCp,0.1111111111111111,8,8,CAGCGTCGGACTACCGTCCA,0,565490
araCp,0.1111111111111111,8,8,CAGCCCGGATAAAGATCAAA,0,534830
araCp,0.1111111111111111,8,8,CAGCAGTTAGTCGAATTGAG,0,552009
araCp,0.1111111111111111,8,8,CAGCAACTATCCGCCTGACT,0,561347
araCp,0.1111111111111111,8,8,CAGCAACCTCAGCGGCCCGG,0,568420
araCp,0.1111111111111111,8,8,CAGCAAATGTGTCAACATTG,0,593065
araCp,0.1111111111111111,8,8,CAGATGTCGTTGGTGGATTC,0,573184
araCp,0.1111111111111111,8,8,CAGATGTCCGGGGGGACAAT,0,577530
araCp,0.1111111111111111,8,8,CAGATCCCGAGGCCACCTCT,0,528429
araCp,0.1111111111111111,8,8,CAGAGTCTCTATTGGTGGTG,0,559560
araCp,0.1111111111111111,8,8,CAGAGCAAACAAGCGACTTG,0,597610
araCp,0.1111111111111111,8,8,CAGAACGAGCTAGGAAGAGA,0,590138
araCp,0.1111111111111111,8,8,CACTGGGGGTAGAACTCAAA,0,543150
araCp,0.1111111111111111,8,8,CACGTGACAGCGTCCTTGGC,0,560731
araCp,0.1111111111111111,8,8,CACGAGGCGGCCAGCTACAA,0,544164
araCp,0.1111111111111111,8,8,CACGAGCCGCTAGAATGTGA,0,594023
araCp,0.1111111111111111,8,8,CACCTACGAACGTCTTCGGT,0,592810
araCp,0.1111111111111111,8,8,CACCGATAAAGGAATGAACT,0,563497
araCp,0.1111111111111111,8,8,CACCAAACTACATAGCATGA,0,550645
araCp,0.1111111111111111,8,8,CACAGCGCGTATTGCTCAGG,0,541849
araCp,0.1111111111111111,8,8,CACAAAGCGGCGTAGCCCTC,0,585517
araCp,0.1111111111111111,8,8,CAATTCCCTGGTGACCCCAG,0,569906
araCp,0.1111111111111111,8,8,CAATGTTCCGCTGATTGAGG,0,562597
araCp,0.1111111111111111,8,8,CAATGTGTCAATAATACCGG,0,599013
araCp,0.1111111111111111,8,8,CAATCCGTTGATTGCTGCCC,0,545014
araCp,0.1111111111111111,8,8,CAAGGTGCCCTAATGCCTTC,0,532646
araCp,0.1111111111111111,8,8,CAAGGAGGTGGCGGAAGTGC,0,566971
araCp,0.1111111111111111,8,8,CAAGCTGTAGATCCTGCTAG,0,589153
araCp,0.1111111111111111,8,8,CAACTAGACGATCCAAGGTA,0,585081
araCp,0.1111111111111111,8,8,CAACGCGATAAATTCGATGT,0,527747
araCp,0.1111111111111111,8,8,CAACCTGATACGAATTTCTA,0,565261
araCp,0.1111111111111111,8,8,CAACCCATTATTGCTTCTGG,0,541310
araCp,0.1111111111111111,8,8,CAACACGGCAAGCCCTCCTC,0,554545
araCp,0.1111111111111111,8,8,CAAATATGCACCTGGTACTT,0,541159
araCp,0.1111111111111111,8,8,CAAAGCTCATTAAGATTCCT,0,538214
araCp,0.1111111111111111,8,8,ATTTTTGTATGAGACCATCT,0,534293
araCp,0.1111111111111111,8,8,ATTTTTCAGAGCCCTTTAAA,0,553675
araCp,0.1111111111111111,8,8,ATTTTCACACGGTCGTCAAT,0,584327
araCp,0.1111111111111111,8,8,ATTTTCAATGACACAGGAGG,0,585423
araCp,0.1111111111111111,8,8,ATTTTAGTCTCCAACCCCCA,0,583785
araCp,0.1111111111111111,8,8,ATTTTAAGTCTACGGCCTAT,0,527758
araCp,0.1111111111111111,8,8,ATTTGTGACCCGAGCTGCGG,0,532729
araCp,0.1111111111111111,8,8,ATTTGGTGGTACTAGGTATT,0,584611
araCp,0.1111111111111111,8,8,ATTTGAATAGGCGACACGTT,0,539195
araCp,0.1111111111111111,8,8,ATTTCCGCTTGGGAAGTTGG,0,591871
araCp,0.1111111111111111,8,8,ATTTCCCTGGTACCTGGCGA,0,567289
araCp,0.1111111111111111,8,8,ATTGTGTCCTCATTACAGGC,0,535254
araCp,0.1111111111111111,8,8,ATTGTGGGTCACCGGTTGTA,0,552460
araCp,0.1111111111111111,8,8,ATTGGTCCCCGTTCCTGTGT,0,548491
araCp,0.1111111111111111,8,8,ATTGGACCAAACTTTCCGTA,0,572614
araCp,0.1111111111111111,8,8,ATTCTTGACTCAACCTGGGT,0,538459
araCp,0.1111111111111111,8,8,ATTCGTCATACTGTCAGCCA,0,527387
araCp,0.1111111111111111,8,8,ATTCGGTAAAACGAACCTCA,0,555727
araCp,0.1111111111111111,8,8,ATTCGCTTCCGAGCTAGGAA,0,601028
araCp,0.1111111111111111,8,8,ATTCGCGATGAAGTCTCAAT,0,542370
araCp,0.1111111111111111,8,8,ATTCGATGCCAGGCACATGT,0,558101
araCp,0.1111111111111111,8,8,ATTCAAAACATTAAACTCGT,0,558907
araCp,0.1111111111111111,8,8,ATTATTCAAGCGGGGATGCT,0,562416
araCp,0.1111111111111111,8,8,ATTAGGGGTTCTATATGCAA,0,538618
araCp,0.1111111111111111,8,8,ATTACGTTTAGGCTTTATTT,0,557509
araCp,0.1111111111111111,8,8,ATTACGCGCAGCAGGCGGTA,0,575856
araCp,0.1111111111111111,8,8,ATTACCCACATTTCCTGCAT,0,558462
araCp,0.1111111111111111,8,8,ATTAACTGTCATTTGGTAGC,0,541050
araCp,0.1111111111111111,8,8,ATGTTCAAGTGGGCGAAGAG,0,541377
araCp,0.1111111111111111,8,8,ATGTGTACTTTGATGTGTTA,0,550126
araCp,0.1111111111111111,8,8,ATGTCCACGAGGCCTCTTAT,0,584856
araCp,0.1111111111111111,8,8,ATGTACGGTAAACGACAGCC,0,589794
araCp,0.1111111111111111,8,8,ATGGTGAAGCTGCTTTTCAA,0,584803
araCp,0.1111111111111111,8,8,ATGGGTTTCTAACTAACTGT,0,579788
araCp,0.1111111111111111,8,8,ATGGGTCGGCTCATCTAATC,0,573487
araCp,0.1111111111111111,8,8,ATGGGCTCGCTGCTGTCAGG,0,585135
araCp,0.1111111111111111,8,8,ATGGATATATAATTAGGGCG,0,530279
araCp,0.1111111111111111,8,8,ATGGACACAATAGCCATCCA,0,596363
araCp,0.1111111111111111,8,8,ATGCGTGCCAGGACCCCTAT,0,539541
araCp,0.1111111111111111,8,8,ATGCGAAGGTCTTAAACCTA,0,526501
araCp,0.1111111111111111,8,8,ATGCAAATTTTGTCGCACTC,0,544657
araCp,0.1111111111111111,8,8,ATGATGCTGCTTCCATTAAT,0,569810
araCp,0.1111111111111111,8,8,ATGATATGCCGATATCGGGG,0,561771
araCp,0.1111111111111111,8,8,ATGATAAATATGGCTAGTTT,0,558226
araCp,0.1111111111111111,8,8,ATGAGCTATCACTTAGATAT,0,589959
araCp,0.1111111111111111,8,8,ATGACGAGGTGTTGTTCTAC,0,580671
araCp,0.1111111111111111,8,8,ATGAATTAAGTTAATGCGGT,0,547839
araCp,0.1111111111111111,8,8,ATCTTTTGATTAGTTGTAAC,0,536862
araCp,0.1111111111111111,8,8,ATCTTATAGTGATCAGTGAC,0,545890
araCp,0.1111111111111111,8,8,ATCTGACCGGAACAGTATGA,0,559265
araCp,0.1111111111111111,8,8,ATCGTCGATAGCTCGGGACA,0,543906
araCp,0.1111111111111111,8,8,ATCGTACTACGCGAGGGCTG,0,602134
araCp,0.1111111111111111,8,8,ATCGGAGTGCTCGCACTCAA,0,575697
araCp,0.1111111111111111,8,8,ATCGGAATTAATGTCTGCGC,0,577211
araCp,0.1111111111111111,8,8,ATCGCCCAGGGTCGCTGAGC,0,577328
araCp,0.1111111111111111,8,8,ATCGCAATAGGCCTCGCGAC,0,545020
araCp,0.1111111111111111,8,8,ATCGACCCGCAGCTGGCGGC,0,593813
araCp,0.1111111111111111,8,8,ATCCTGTCAGACTCTAGTAG,0,584848
araCp,0.1111111111111111,8,8,ATCAGATCTATAGGTTACAA,0,577809
araCp,0.1111111111111111,8,8,ATCACTTTTAGTCCTAAGGA,0,592724
araCp,0.1111111111111111,8,8,ATCACCAATGCCATCGACGC,0,577718
araCp,0.1111111111111111,8,8,ATCAACCGCCAGACAAGTAG,0,566745
araCp,0.1111111111111111,8,8,ATATGGTATGGTTGTGTCCC,0,585926
araCp,0.1111111111111111,8,8,ATATGGGATAGCGACTCCAG,0,542200
araCp,0.1111111111111111,8,8,ATATGCTTAATCACGTTAGC,0,527338
araCp,0.1111111111111111,8,8,ATATGAGCGCCAACCATGGG,0,572427
araCp,0.1111111111111111,8,8,ATATCTGTCCTGCACTGCAT,0,558535
araCp,0.1111111111111111,8,8,ATATCTAAAACTCTTTTGCA,0,562079
araCp,0.1111111111111111,8,8,ATATACGGAATCACTCAGCC,0,602569
araCp,0.1111111111111111,8,8,ATAGTTTCAAAACGCTTCAA,0,563488
araCp,0.1111111111111111,8,8,ATAGTGTCTTCGGCTACTCA,0,603204
araCp,0.1111111111111111,8,8,ATAGTCTTATGTGAGATAAG,0,592485
araCp,0.1111111111111111,8,8,ATAGGGGCTAGCAGGCGAGG,0,570744
araCp,0.1111111111111111,8,8,ATAGACACGTTGGTCTCGCA,0,602423
araCp,0.1111111111111111,8,8,ATACGTAATCGTGGGCGTGA,0,600884
araCp,0.1111111111111111,8,8,ATACGGTTGACTTAGGCAAG,0,569660
araCp,0.1111111111111111,8,8,ATACGCGGGAAGGGGGACCG,0,557353
araCp,0.1111111111111111,8,8,ATACCTCTACAGTGGCGGAT,0,600932
araCp,0.1111111111111111,8,8,ATACCAGGGAAACCTACAAA,0,548429
araCp,0.1111111111111111,8,8,ATACACTTTTCGAGCAGTGA,0,567732
araCp,0.1111111111111111,8,8,ATACACTCAGATCGCCCCCA,0,541893
araCp,0.1111111111111111,8,8,ATAATTGGTATTAGCCCTTC,0,590217
araCp,0.1111111111111111,8,8,ATAATGGAAATGTTCCCTAA,0,535589
araCp,0.1111111111111111,8,8,ATAATCGCAGTACGCAGAAT,0,536166
araCp,0.1111111111111111,8,8,ATAACTTGACCTGGATTAAA,0,532329
araCp,0.1111111111111111,8,8,ATAACGTCTGCTATGGTGGA,0,541206
araCp,0.1111111111111111,8,8,ATAAATCACGTTTACACGCA,0,598808
araCp,0.1111111111111111,8,8,ATAAACCAGTGTCAAAAGGC,0,557046
araCp,0.1111111111111111,8,8,AGTTTACCGAGCTGGTTTTG,0,602457
araCp,0.1111111111111111,8,8,AGTTGTTTTGGATCATCTTC,0,594596
araCp,0.1111111111111111,8,8,AGTTGCTTCGGTAGGAGAAC,0,583201
araCp,0.1111111111111111,8,8,AGTTCAATTAGATTTGTCGT,0,568968
araCp,0.1111111111111111,8,8,AGTTATCTCCAATGCCATTC,0,539403
araCp,0.1111111111111111,8,8,AGTGTTGATATGTGGCGTGG,0,562547
araCp,0.1111111111111111,8,8,AGTGTGCGCACCGGTCACTG,0,593180
araCp,0.1111111111111111,8,8,AGTGTGACGTTTGTTGGCCT,0,564749
araCp,0.1111111111111111,8,8,AGTGTATTGAACTCAATAGT,0,538546
araCp,0.1111111111111111,8,8,AGTGGTACCCAGGCAGTCGT,0,528679
araCp,0.1111111111111111,8,8,AGTGCTCGATCGCTTGTTGC,0,585898
araCp,0.1111111111111111,8,8,AGTGCGACGGACCACAGCTA,0,599834
araCp,0.1111111111111111,8,8,AGTCGCGCCCCTGTTTACTC,0,535615
araCp,0.1111111111111111,8,8,AGTCCCCCCTTTTACGAACT,0,541345
araCp,0.1111111111111111,8,8,AGTACCGGATTACAATGGAA,0,599073
araCp,0.1111111111111111,8,8,AGTAATTTGTCGGGGGGATC,0,564709
araCp,0.1111111111111111,8,8,AGTAAGTTGACTAACGACGT,0,576821
araCp,0.1111111111111111,8,8,AGGTTGCCGGGCTTGATCGA,0,558770
araCp,0.1111111111111111,8,8,AGGTCCCGCGGGCAGGCTTG,0,541288
araCp,0.1111111111111111,8,8,AGGTCCACACGATTCTCTCC,0,582973
araCp,0.1111111111111111,8,8,AGGTCATATCTTCGGGTCCA,0,564127
araCp,0.1111111111111111,8,8,AGGTATCACCCAACTCTGTG,0,549583
araCp,0.1111111111111111,8,8,AGGTATAATCGTTGAAGGCT,0,569431
araCp,0.1111111111111111,8,8,AGGTAGCTAGGCTTGCACGT,0,533668
araCp,0.1111111111111111,8,8,AGGTACTGGGGGAACCAAAA,0,557747
araCp,0.1111111111111111,8,8,AGGTACTATGACATTCTGCT,0,593860
araCp,0.1111111111111111,8,8,AGGTACCCTAGGGCGCGGAG,0,578476
araCp,0.1111111111111111,8,8,AGGTAAGAGACGGGCGTATG,0,530238
araCp,0.1111111111111111,8,8,AGGTAAATTAGCAGGCTAGG,0,540956
araCp,0.1111111111111111,8,8,AGGGTATGAGTGCTAGCTGG,0,596524
araCp,0.1111111111111111,8,8,AGGGGTATGAACGATGCGTA,0,528537
araCp,0.1111111111111111,8,8,AGGGGTAGCAGTATGGAAAG,0,587637
araCp,0.1111111111111111,8,8,AGGGGTACTCACTACTATGA,0,567694
araCp,0.1111111111111111,8,8,AGGGATCTGGCCCCAGTTTA,0,561891
araCp,0.1111111111111111,8,8,AGGCTGACCATGGGCTGATT,0,547172
araCp,0.1111111111111111,8,8,AGGCGTTGATCCTAGCCGAC,0,566576
araCp,0.1111111111111111,8,8,AGGCGGCTGTCATGCAGTAT,0,547516
araCp,0.1111111111111111,8,8,AGGCCGTTTTGCCTGCCACG,0,532621
araCp,0.1111111111111111,8,8,AGGCCACGCAGCACGTAATG,0,556662
araCp,0.1111111111111111,8,8,AGGCATATTCGCTTGAGACT,0,562279
araCp,0.1111111111111111,8,8,AGGATCGATTCCTTTGGGCA,0,572984
araCp,0.1111111111111111,8,8,AGGAGTGTCTCGGTGGTCAG,0,529495
araCp,0.1111111111111111,8,8,AGGAGACTAAATCGAATGAT,0,541727
araCp,0.1111111111111111,8,8,AGGAGAACTTAGAACGCTTA,0,597563
araCp,0.1111111111111111,8,8,AGGACTCCGATATGTACAAG,0,552454
araCp,0.1111111111111111,8,8,AGGACTAAAGCAGGTATTGG,0,538805
araCp,0.1111111111111111,8,8,AGGACGTATCCGAGAGGCCA,0,585251
araCp,0.1111111111111111,8,8,AGGAACGTCCGGTGCCTTCC,0,548414
araCp,0.1111111111111111,8,8,AGCTCCCTGTTTACATAATT,0,603270
araCp,0.1111111111111111,8,8,AGCTCAAGCACCTGGGCACG,0,567256
araCp,0.1111111111111111,8,8,AGCGTTGGTCCTAAGGCGTG,0,546799
araCp,0.1111111111111111,8,8,AGCGTTCCGCTTGGCAGGAT,0,543117
araCp,0.1111111111111111,8,8,AGCGCTGAGGGGGTAAGAAG,0,566897
araCp,0.1111111111111111,8,8,AGCGCAGATCGCTACCAATA,0,549157
araCp,0.1111111111111111,8,8,AGCGACATCGTATGGCTCCA,0,569148
araCp,0.1111111111111111,8,8,AGCCTGGGTTATCCCCTTTG,0,570878
araCp,0.1111111111111111,8,8,AGCCTGCGCTCCAGGGACCT,0,597637
araCp,0.1111111111111111,8,8,AGCCTGAGTTGACACGGCCT,0,556635
araCp,0.1111111111111111,8,8,AGCCAATCCCGGCGCTATAG,0,567158
araCp,0.1111111111111111,8,8,AGCATGAGTTAGCCACGTCC,0,554857
araCp,0.1111111111111111,8,8,AGCAGCCCACCCTCAACGTT,0,576207
araCp,0.1111111111111111,8,8,AGCAGATAGTCTTTTTATGA,0,527083
araCp,0.1111111111111111,8,8,AGATTCTTGCCCACTGCGTT,0,583909
araCp,0.1111111111111111,8,8,AGATTAAAATAGCCGGAAAC,0,590346
araCp,0.1111111111111111,8,8,AGATGTTTCCGTGGGGTTGG,0,556915
araCp,0.1111111111111111,8,8,AGATGTGCGTGAAGGTCCCT,0,540118
araCp,0.1111111111111111,8,8,AGATGTCGTTGACCAATCAA,0,579579
araCp,0.1111111111111111,8,8,AGATGATGAGTCGAAGCCTA,0,538811
araCp,0.1111111111111111,8,8,AGATAGTGGAGATTGAACCA,0,578869
araCp,0.1111111111111111,8,8,AGAGTGCAAAGATGACTGGG,0,534155
araCp,0.1111111111111111,8,8,AGAGGAATAAAGCAGGTTGA,0,542064
araCp,0.1111111111111111,8,8,AGAGCGTCTGCCTCGATGAG,0,569904
araCp,0.1111111111111111,8,8,AGAGCGACGAAAGTTGGAAT,0,581417
araCp,0.1111111111111111,8,8,AGAGCACGTCCAACCGCGAT,0,574988
araCp,0.1111111111111111,8,8,AGAGACAGGCGGTAGGTGGA,0,534250
araCp,0.1111111111111111,8,8,AGACTCCCCGTCTAGCGGAT,0,527329
araCp,0.1111111111111111,8,8,AGACGGTTGGGCGCACGCCA,0,542712
araCp,0.1111111111111111,8,8,AGACGAGACGTCCGTGACCA,0,594021
araCp,0.1111111111111111,8,8,AGACCTCAGTAGACAGACAT,0,594066
araCp,0.1111111111111111,8,8,AGACAATGGAGCAGATTTGA,0,584965
araCp,0.1111111111111111,8,8,AGAATCTCTTCACGGGGCAA,0,542037
araCp,0.1111111111111111,8,8,AGAAGGCATGACTATATAGT,0,525746
araCp,0.1111111111111111,8,8,AGAAGCGCTACAGAACTCTA,0,593866
araCp,0.1111111111111111,8,8,AGAAGACCTCAAGCCTCGAA,0,581536
araCp,0.1111111111111111,8,8,ACTTGCCGCTTAACGTGGTT,0,561316
araCp,0.1111111111111111,8,8,ACTTATAGATCTGGGATCAG,0,526843
araCp,0.1111111111111111,8,8,ACTTAGGGGTTAATTTTAAT,0,578155
araCp,0.1111111111111111,8,8,ACTTAAGCTTTGTGGGCATA,0,552728
araCp,0.1111111111111111,8,8,ACTTAACGAGGAGGCGCTCC,0,537365
araCp,0.1111111111111111,8,8,ACTGGATGTCAGCGCGAAAG,0,575654
araCp,0.1111111111111111,8,8,ACTGCTATTACCTCGCGAAA,0,545808
araCp,0.1111111111111111,8,8,ACTGATGGCTTCCAGATTTC,0,540066
araCp,0.1111111111111111,8,8,ACTCGGTCGAGTGGAACAAA,0,559284
araCp,0.1111111111111111,8,8,ACTCCCCAACGGGGTTGTCA,0,534908
araCp,0.1111111111111111,8,8,ACTCATCCAGGGCTGGTCTT,0,570572
araCp,0.1111111111111111,8,8,ACTAAATGCAGGGGCTCTAT,0,531925
araCp,0.1111111111111111,8,8,ACGTTTATTGTGGCCAGTCA,0,547562
araCp,0.1111111111111111,8,8,ACGTTCCCTGTATTTCGGTA,0,548377
araCp,0.1111111111111111,8,8,ACGTGTCCTCTGCTCGAGCT,0,547033
araCp,0.1111111111111111,8,8,ACGTGGACGATACTGCGAGG,0,535308
araCp,0.1111111111111111,8,8,ACGTGACGCACGGCCATAAC,0,534556
araCp,0.1111111111111111,8,8,ACGTGAACGTCCCTAGTAGC,0,592950
araCp,0.1111111111111111,8,8,ACGTATGATAAATGACCGTA,0,568796
araCp,0.1111111111111111,8,8,ACGTAAACACTAGAGTCAGC,0,549651
araCp,0.1111111111111111,8,8,ACGGTGCAATGAAGATTGGT,0,549104
araCp,0.1111111111111111,8,8,ACGGGTTTCGTCGTTACCAA,0,572811
araCp,0.1111111111111111,8,8,ACGGGTCTTCGCATTCTTGG,0,590933
araCp,0.1111111111111111,8,8,ACGGGCGATCCACCACTCCT,0,554374
araCp,0.1111111111111111,8,8,ACGCTGGTTCTCTCTTACCT,0,592677
araCp,0.1111111111111111,8,8,ACGCGTATTGTCAGTTCACT,0,601771
araCp,0.1111111111111111,8,8,ACGCGGGTATCCATGCCGCC,0,579638
araCp,0.1111111111111111,8,8,ACGCGATCTCCGACTCCTAT,0,562557
araCp,0.1111111111111111,8,8,ACGCCGGGTGGAAAGTTATG,0,567486
araCp,0.1111111111111111,8,8,ACGCACAACTGCGTACGAAT,0,569922
araCp,0.1111111111111111,8,8,ACGACCATTTAATCTTCGAC,0,530784
araCp,0.1111111111111111,8,8,ACGAACCATTCTTATGAGGA,0,599836
araCp,0.1111111111111111,8,8,ACCTCGGAGTATTTGGTACC,0,552483
araCp,0.1111111111111111,8,8,ACCTCGAGACTGCAATTTAA,0,562657
araCp,0.1111111111111111,8,8,ACCTCCTACGGGATTCGCGC,0,578281
araCp,0.1111111111111111,8,8,ACCTCCATCTGTCCGGCTCC,0,588199
araCp,0.1111111111111111,8,8,ACCTCAAATATTCCGCCGAT,0,593837
araCp,0.1111111111111111,8,8,ACCGTCAGTGATATCAATGT,0,601632
araCp,0.1111111111111111,8,8,ACCGTCACAATTAGGTGATT,0,594587
araCp,0.1111111111111111,8,8,ACCGGGGCCTGTAATAGAGC,0,592202
araCp,0.1111111111111111,8,8,ACCGGGCGGAACAACTTGTG,0,555009
araCp,0.1111111111111111,8,8,ACCGCGATGCGTTAAAATGG,0,576666
araCp,0.1111111111111111,8,8,ACCGCGAACGAATCTGTTTC,0,553064
araCp,0.1111111111111111,8,8,ACCGAAACCTGTAGCACGGT,0,527113
araCp,0.1111111111111111,8,8,ACCCCCACCGCATCTAAAAC,0,568409
araCp,0.1111111111111111,8,8,ACCATCACCAGTGAAACGAT,0,561198
araCp,0.1111111111111111,8,8,ACCAGTGATGGGAGGAAGGG,0,603251
araCp,0.1111111111111111,8,8,ACCAACTCTCGCCACGATAA,0,553869
araCp,0.1111111111111111,8,8,ACATTACGCTGTCCAAATGG,0,579452
araCp,0.1111111111111111,8,8,ACATGGGTCGGCCCTGGAAT,0,532907
araCp,0.1111111111111111,8,8,ACATGCACACTGACTGCTGT,0,603274
araCp,0.1111111111111111,8,8,ACATCTTCAAAAGGATCGGA,0,527072
araCp,0.1111111111111111,8,8,ACATAATTCAACGTGCTTGC,0,534500
araCp,0.1111111111111111,8,8,ACAGCGGCTAGGGCATAAAT,0,584372
araCp,0.1111111111111111,8,8,ACAGCCCGATTTATATTGGA,0,550633
araCp,0.1111111111111111,8,8,ACAGCATGACGCGGCTGATC,0,584679
araCp,0.1111111111111111,8,8,ACAGAGCTCGAAATGGAGGA,0,563476
araCp,0.1111111111111111,8,8,ACACGACAACGTCACGACGG,0,570645
araCp,0.1111111111111111,8,8,ACAATAGAAGATTTTACATA,0,535844
araCp,0.1111111111111111,8,8,ACAAGATTGCTGGGGGCCTA,0,585013
araCp,0.1111111111111111,8,8,ACAACAATTACTGATGGTTC,0,592336
araCp,0.1111111111111111,8,8,AATTTTTTGGCCATGACTGG,0,534074
araCp,0.1111111111111111,8,8,AATTTTGTACTTTGCCCGCA,0,537362
araCp,0.1111111111111111,8,8,AATTTTAAGGCGATAATTGT,0,568474
araCp,0.1111111111111111,8,8,AATTTCCAACTCGGAGCACT,0,550468
araCp,0.1111111111111111,8,8,AATTTACCAGGTCCTGCTCG,0,540641
araCp,0.1111111111111111,8,8,AATTGAAGACGTAGACTGCT,0,595353
araCp,0.1111111111111111,8,8,AATTCTCCATTATGGATGTT,0,533777
araCp,0.1111111111111111,8,8,AATTATCACGATACTGGGTC,0,565109
araCp,0.1111111111111111,8,8,AATTACGGACTATCTAAGCG,0,573492
araCp,0.1111111111111111,8,8,AATGGCCGAGTAAGTCCTAG,0,553820
araCp,0.1111111111111111,8,8,AATGCAATTGTTGAAGACCC,0,552623
araCp,0.1111111111111111,8,8,AATGAGTCATAGCCACTTCC,0,591958
araCp,0.1111111111111111,8,8,AATCGTGATCCTTACTTTGT,0,547765
araCp,0.1111111111111111,8,8,AATCGGTTGCCTTTCGCGGC,0,588472
araCp,0.1111111111111111,8,8,AATCCGCGTAAAGGTAGCAA,0,559035
araCp,0.1111111111111111,8,8,AATATAGAGACCTCCGCGAT,0,564064
araCp,0.1111111111111111,8,8,AATAGGCTACAGGATGCAAG,0,592944
araCp,0.1111111111111111,8,8,AAGTTGACAGCGCGAACGAA,0,547148
araCp,0.1111111111111111,8,8,AAGTTATAGGCCGTTGCCAA,0,530845
araCp,0.1111111111111111,8,8,AAGTCTACAGCAACCCAGTG,0,597300
araCp,0.1111111111111111,8,8,AAGTCCATTGTCTTAGTCAT,0,579980
araCp,0.1111111111111111,8,8,AAGTCACTGTTCGCAGTCAG,0,538644
araCp,0.1111111111111111,8,8,AAGTATCGATGATGGAATCG,0,570530
araCp,0.1111111111111111,8,8,AAGGTTCGGAGACGTACCAG,0,602968
araCp,0.1111111111111111,8,8,AAGGGGGGATAGCATTGATC,0,533529
araCp,0.1111111111111111,8,8,AAGGGCTTCGCTAGCTCCTT,0,556556
araCp,0.1111111111111111,8,8,AAGCAGGTTAACGTGCGGGT,0,551932
araCp,0.1111111111111111,8,8,AAGATAGCCGCAATACTTGG,0,589909
araCp,0.1111111111111111,8,8,AAGATAATTATTTTACGGCA,0,590813
araCp,0.1111111111111111,8,8,AAGAGTGCCTGTGCGACTCT,0,592716
araCp,0.1111111111111111,8,8,AACTTTTCCTGAGTCACTCG,0,549246
araCp,0.1111111111111111,8,8,AACTTGGGCTACAACCTCGG,0,581708
araCp,0.1111111111111111,8,8,AACTGCTGACTCAGGACGCT,0,568974
araCp,0.1111111111111111,8,8,AACTGAAGGTAGTTGAAGTG,0,599627
araCp,0.1111111111111111,8,8,AACTACCTTTCTTAGCAATC,0,571168
araCp,0.1111111111111111,8,8,AACTAACGATCTCTGCTCTA,0,529789
araCp,0.1111111111111111,8,8,AACGTTCTTAATTTCTCTAT,0,581701
araCp,0.1111111111111111,8,8,AACGCAATGTTATAGCTAAA,0,572920
araCp,0.1111111111111111,8,8,AACGATTCGGCCCGAAGGAC,0,528106
araCp,0.1111111111111111,8,8,AACGAGACGACGGTTTGGCC,0,567826
araCp,0.1111111111111111,8,8,AACCCTTGTTAACATGGAAA,0,594982
araCp,0.1111111111111111,8,8,AACCAGGGACGACTCGAGAG,0,543292
araCp,0.1111111111111111,8,8,AACCACTCGGGGTGCTGCGG,0,603704
araCp,0.1111111111111111,8,8,AACACCCATCACTCTGGGGT,0,566191
araCp,0.1111111111111111,8,8,AAATTTCTGCTCACAGCACG,0,556997
araCp,0.1111111111111111,8,8,AAATTACTCGTGGCGATGTC,0,536437
araCp,0.1111111111111111,8,8,AAATGGGGAGACACAGAGTA,0,580159
araCp,0.1111111111111111,8,8,AAATGCTCTCACTCAGAAAC,0,569653
araCp,0.1111111111111111,8,8,AAATGCCTTCATTTAGGAGA,0,526191
araCp,0.1111111111111111,8,8,AAATCGGCAAGTCCCAGTGG,0,535567
araCp,0.1111111111111111,8,8,AAAGTTGTGATACAAGCTCA,0,588838
araCp,0.1111111111111111,8,8,AAAGTGCATAATGCGGCCCT,0,535704
araCp,0.1111111111111111,8,8,AAAGTACCCTGAATCGAAAA,0,541721
araCp,0.1111111111111111,8,8,AAAGACTTGTCTTTTCGAAT,0,564842
araCp,0.1111111111111111,8,8,AAAGAAGGTATGAATGCTTG,0,530024
araCp,0.1111111111111111,8,8,AAACTTGCCAAACTGTGCCT,0,542193
araCp,0.1111111111111111,8,8,AAACTCTCCCTGTGACTCCC,0,549716
araCp,0.1111111111111111,8,8,AAACCTTCCTGTCTTATGTA,0,532941
araCp,0.1111111111111111,8,8,AAAATTTGTTTTTCACTGCA,0,592179
araCp,0.1111111111111111,8,8,AAAATTGGTGCTAGTGCTTA,0,593255
araCp,0.1111111111111111,8,8,AAAAGGCAGTTCCGGGTTGA,0,561765
araCp,0.1111111111111111,8,8,AAAAGAAAAACAGGTTGTTA,0,534384
araCp,0.1111111111111111,8,8,AAAACTGTGCCCAGGCCACC,0,591243
araCp,0.125,7,7,TTTTTCTCGCAGATGACGAA,0,548098
araCp,0.125,7,7,TTTTTCAACTTATCAAGATT,0,579239
araCp,0.125,7,7,TTTTTATCAAGGAAATTCAC,0,525821
araCp,0.125,7,7,TTTTGGAGTGCGCTGGGTTA,0,530144
araCp,0.125,7,7,TTTTGCTTGAATGCTGGGAC,0,546507
araCp,0.125,7,7,TTTTGCTCTCCGTGTGTTCC,0,552172
araCp,0.125,7,7,TTTTGCGCAACGGATATAAT,0,594024
araCp,0.125,7,7,TTTTCTATGGGCAGATTGAG,0,567831
araCp,0.125,7,7,TTTTAAACTGTGAGGGGCAA,0,557578
araCp,0.125,7,7,TTTGTGAAATGAGCCGCATG,0,552756
araCp,0.125,7,7,TTTGGTCTTCGTGTTAAACA,0,560798
araCp,0.125,7,7,TTTGGGGGCATGGACTGAGC,0,545512
araCp,0.125,7,7,TTTGGCCTCGAGATCAACGA,0,570644
araCp,0.125,7,7,TTTGGAACTGTCCCAGTCAG,0,566963
araCp,0.125,7,7,TTTGCGATGATTACTTCTAA,0,547382
araCp,0.125,7,7,TTTGCGACTCAGAGTCCGAA,0,546057
araCp,0.125,7,7,TTTGAAAGTGATCCTCATAC,0,527150
araCp,0.125,7,7,TTTCGGCAGGTAAAGTGTAT,0,552640
araCp,0.125,7,7,TTTCCTCACCGGGCGTATAA,0,567819
araCp,0.125,7,7,TTTCCTATCAGGGGGCTCTC,0,557419
araCp,0.125,7,7,TTTATCTCTCTCGTGGGAAA,0,561922
araCp,0.125,7,7,TTTAGTAAAGTAAGGGTCGT,0,569353
araCp,0.125,7,7,TTTACCTCGGGTGCAGCAAA,0,548727
araCp,0.125,7,7,TTTAACGGGAATGCAAAGAA,0,550648
araCp,0.125,7,7,TTTAAACCTGCATACTGATG,0,583056
araCp,0.125,7,7,TTGTTGTCAGCATTGATGGC,0,572256
araCp,0.125,7,7,TTGTTGAATACGTTCTTGCA,0,574009
araCp,0.125,7,7,TTGTGTTTCTACTTTGATCG,0,547897
araCp,0.125,7,7,TTGTCGATTTCAATAGGGTT,0,569107
araCp,0.125,7,7,TTGTCCTCTCGGGTAGCTAC,0,569408
araCp,0.125,7,7,TTGTAGGTTGACGCCGATTG,0,586356
araCp,0.125,7,7,TTGTACATATGTCGTGCATT,0,570945
araCp,0.125,7,7,TTGGGACAACTTAGATAACT,0,590572
araCp,0.125,7,7,TTGGCGAATGCAGGTCTGCG,0,538765
araCp,0.125,7,7,TTGGCCGTAAGGACACTCTG,0,545712
araCp,0.125,7,7,TTGCTGTGCAGCTCTTCGTA,0,568709
araCp,0.125,7,7,TTGCTGTCCCTGTAATGTAC,0,588432
araCp,0.125,7,7,TTGCTGTAACCCGCTGGAAC,0,584132
araCp,0.125,7,7,TTGCGTAATACAGCTCACAT,0,555480
araCp,0.125,7,7,TTGCGCAACATTCACTACAA,0,536702
araCp,0.125,7,7,TTGCCATAGCATACAAATTT,0,598453
araCp,0.125,7,7,TTGCCAACAATATTTTTGTA,0,540469
araCp,0.125,7,7,TTGACGTTGGTTGGACCAGG,0,586214
araCp,0.125,7,7,TTCTTTATGCGACTTTTTCT,0,542951
araCp,0.125,7,7,TTCTTAGGTATAAGCAAGAT,0,565380
araCp,0.125,7,7,TTCTCTTCGAGGTACTCCAA,0,535184
araCp,0.125,7,7,TTCTCGACGGGCACGCATAT,0,557748
araCp,0.125,7,7,TTCTAGACTAAATGTTTGGC,0,569720
araCp,0.125,7,7,TTCTACCTGTAACTGGGATG,0,560659
araCp,0.125,7,7,TTCTAAGCGGTAGTCGGTAG,0,567014
araCp,0.125,7,7,TTCGGTGACTCTAAGTTCTT,0,599440
araCp,0.125,7,7,TTCGGGGGTTGTCATACTTT,0,588473
araCp,0.125,7,7,TTCGGACCCCCGGAGCAAAG,0,552285
araCp,0.125,7,7,TTCGCGCGATTTTCGGATGT,0,563088
araCp,0.125,7,7,TTCGACCTCTTTATTCCAAT,0,525905
araCp,0.125,7,7,TTCGACAGCCGTTAGTAAGG,0,562693
araCp,0.125,7,7,TTCCCTGGCGGTAGGCCTTT,0,555682
araCp,0.125,7,7,TTCCACGAGGATGGATATCT,0,586439
araCp,0.125,7,7,TTCAGTGGTCCTGGCTAAAA,0,547983
araCp,0.125,7,7,TTCAGGACTGGAGATGCCGC,0,561395
araCp,0.125,7,7,TTCACCGAAACCACAGAACG,0,538313
araCp,0.125,7,7,TTCAATCTTGAGTTCAATGC,0,535383
araCp,0.125,7,7,TTCAAGAAGTTAAGATGTGG,0,577910
araCp,0.125,7,7,TTATTTAGGTCAGACACATA,0,593194
araCp,0.125,7,7,TTATGATTTCCCATGGAAGT,0,541196
araCp,0.125,7,7,TTATGAACATTAAATCTGAG,0,580917
araCp,0.125,7,7,TTATCTGGCCTGAAGGTCCT,0,599927
araCp,0.125,7,7,TTATCTGCATATTTAGAGTA,0,547031
araCp,0.125,7,7,TTAGTCGGCGTCAGGCTAAA,0,580999
araCp,0.125,7,7,TTAGTCGAACCGCTGCGACC,0,553764
araCp,0.125,7,7,TTAGGCTTAAGTATCCGAAT,0,584446
araCp,0.125,7,7,TTAGCTAGCAGGATGTGTCG,0,527751
araCp,0.125,7,7,TTAGCAAGGGCTCGACTTGT,0,591610
araCp,0.125,7,7,TTACTGATCATGGGACCGGG,0,540318
araCp,0.125,7,7,TTACTATCTCACAACTTTGG,0,538838
araCp,0.125,7,7,TTACTATATAGTTTGATATG,0,552634
araCp,0.125,7,7,TTACGCGAATTGGGCACGTG,0,544157
araCp,0.125,7,7,TTACCCTGAATGGAGCTCAG,0,567337
araCp,0.125,7,7,TTACCCACTAAAAGAGATTG,0,560443
araCp,0.125,7,7,TTAATCCGAAACGGTGTGAC,0,576140
araCp,0.125,7,7,TTAAGGATCGGCTGCCGCGA,0,566713
araCp,0.125,7,7,TTAACTGGTAGCATGGAAAC,0,544392
araCp,0.125,7,7,TTAAACGTTCGGCGTACGCC,0,544333
araCp,0.125,7,7,TTAAAAACTTCTGCTTTGCA,0,541286
araCp,0.125,7,7,TGTTCGATTGCCACTCGCGC,0,586237
araCp,0.125,7,7,TGTTCATTCGGGGATGGATA,0,592598
araCp,0.125,7,7,TGTTCACTTTCGGCGACGTG,0,598525
araCp,0.125,7,7,TGTTCAAACAATACCAGGCG,0,573128
araCp,0.125,7,7,TGTTATACGAATACCGGGGT,0,563254
araCp,0.125,7,7,TGTTAGGGAACTGCAACTCA,0,581415
araCp,0.125,7,7,TGTTAGCAATATAAGCGCGG,0,579647
araCp,0.125,7,7,TGTTAACTTTCGGATTAATC,0,539671
araCp,0.125,7,7,TGTGTCATTACTACTGCTGC,0,570334
araCp,0.125,7,7,TGTCTAGACAGCCCTGCCAT,0,563290
araCp,0.125,7,7,TGTCGGACTTCTCTTAAGTG,0,538411
araCp,0.125,7,7,TGTCCATATCCGTTACTGGA,0,546262
araCp,0.125,7,7,TGTATGAACCCGTGTATTTG,0,550298
araCp,0.125,7,7,TGTATCTTAAGAACGAGGTG,0,563403
araCp,0.125,7,7,TGTATCGTAGATAACGTCTC,0,545740
araCp,0.125,7,7,TGTAGTCGAGGTGTGGTTAG,0,569746
araCp,0.125,7,7,TGTAGGGGCAAAAGGGGATT,0,536516
araCp,0.125,7,7,TGTAGCCCAAGGTTCTACAA,0,587742
araCp,0.125,7,7,TGTACGGGGAAAAGGACCCT,0,541618
araCp,0.125,7,7,TGTACCATTAAGTGTCAGAA,0,576205
araCp,0.125,7,7,TGTAACTCGGGTTGGTCGTA,0,546782
araCp,0.125,7,7,TGGTAGACATATTGCTCTTA,0,582005
araCp,0.125,7,7,TGGTAACCTCCGCATCCCTC,0,535146
araCp,0.125,7,7,TGGGTTGCGCATCAACGCCA,0,577645
araCp,0.125,7,7,TGGGTTATATTCCAGATTCC,0,557592
araCp,0.125,7,7,TGGGTGCCACTCCGTTTCGT,0,554452
araCp,0.125,7,7,TGGGTAAGTCTAGGGCAGCA,0,573645
araCp,0.125,7,7,TGGGACGGGGAATAGATATA,0,573525
araCp,0.125,7,7,TGGGACATATACCTTAGACT,0,586315
araCp,0.125,7,7,TGGCGAAAAGCTGTGTAAAA,0,528662
araCp,0.125,7,7,TGGCCACATGAAGGGCACGT,0,587827
araCp,0.125,7,7,TGGCACGAAGGGGAGTTCAG,0,546208
araCp,0.125,7,7,TGGATTCAGGGGTAGGTCAT,0,602122
araCp,0.125,7,7,TGGATTATCACACCCAGGTC,0,573283
araCp,0.125,7,7,TGGATCTAGCCTCTCAGCTT,0,597042
araCp,0.125,7,7,TGCTTGTGCTTTATGCATAG,0,586250
araCp,0.125,7,7,TGCTTGCTGCTGAGTCAATG,0,591453
araCp,0.125,7,7,TGCTGGCCCTCAGGCACGCC,0,562016
araCp,0.125,7,7,TGCGTAGTTCATTGAGCCCT,0,531441
araCp,0.125,7,7,TGCGGCCGCTTCGGGTTAAA,0,595223
araCp,0.125,7,7,TGCGGAACACAAGCATTAGT,0,579254
araCp,0.125,7,7,TGCCAGGAGGTAGTTTCCAG,0,584831
araCp,0.125,7,7,TGCATACGTATGTCTCGATC,0,599646
araCp,0.125,7,7,TGCACGTGCATGCGTATAAA,0,565997
araCp,0.125,7,7,TGCAAGAAGTACTCTGCATG,0,526031
araCp,0.125,7,7,TGCAAATAGTCGGTCTAAGC,0,550487
araCp,0.125,7,7,TGATGCAAGGTCTGCGTGTT,0,528645
araCp,0.125,7,7,TGATGCAAAAATTCCGACCA,0,582603
araCp,0.125,7,7,TGATGAGTGTTTGCGGTACA,0,590531
araCp,0.125,7,7,TGATCGGTCAGAACAGCAGT,0,535431
araCp,0.125,7,7,TGAGCTACGAAACAGCGTTA,0,600392
araCp,0.125,7,7,TGAGCGCATGCAACACGTGA,0,590381
araCp,0.125,7,7,TGAGCATTTGCAACTGAAGA,0,538440
araCp,0.125,7,7,TGACGAGCTATATAAGCTCG,0,576833
araCp,0.125,7,7,TGACGAGCCCGCGATAGGGA,0,587587
araCp,0.125,7,7,TGACCTTAAGACGCTATCAG,0,555624
araCp,0.125,7,7,TGACCGTTACAGTGGGCGCC,0,593820
araCp,0.125,7,7,TGACCCGTACACACCTGAGT,0,588109
araCp,0.125,7,7,TGACACATTGTCAAAGAGAG,0,535264
araCp,0.125,7,7,TGACAAACCAAGTTTTGAAC,0,598470
araCp,0.125,7,7,TGAAGCCGGCACGTACTTCG,0,572512
araCp,0.125,7,7,TGAAGCACCTTGTCGGACGG,0,543537
araCp,0.125,7,7,TGAACTTCGCTAATGAGTTC,0,570332
araCp,0.125,7,7,TGAAATTCCAGACGAAGCTT,0,600371
araCp,0.125,7,7,TGAAATACTCGATACATTGA,0,602776
araCp,0.125,7,7,TGAAAATATTTTTTGAGCAG,0,533811
araCp,0.125,7,7,TCTTTTTTAACGTTCGGTGG,0,599074
araCp,0.125,7,7,TCTTTCGGAGTAAAACGCTT,0,595777
araCp,0.125,7,7,TCTTGCTCAAAGTCCAGGCT,0,573915
araCp,0.125,7,7,TCTTCATTCCTCTATCTGAT,0,540240
araCp,0.125,7,7,TCTTAAGACGTTTCCTGTCT,0,569701
araCp,0.125,7,7,TCTGTTGGGCTTAGAAAAAA,0,544671
araCp,0.125,7,7,TCTGGCTTATTCTTCCATCA,0,541138
araCp,0.125,7,7,TCTGGAAAGAGAAATGCCAA,0,589105
araCp,0.125,7,7,TCTGCTCATTCTTTGAGATG,0,588840
araCp,0.125,7,7,TCTGCCCGGTAGCCAGCCAA,0,534537
araCp,0.125,7,7,TCTGCAACGGTCCCGCGTGA,0,529794
araCp,0.125,7,7,TCTCTTGCTGTGGTGTACAT,0,589039
araCp,0.125,7,7,TCTCTGCCCCCTAATCGCAT,0,534315
araCp,0.125,7,7,TCTCGGCGGCGATGATATGG,0,572967
araCp,0.125,7,7,TCTCCAGAGGCAGCGGGGAT,0,563768
araCp,0.125,7,7,TCTCATCGTCAAATATGTAG,0,542269
araCp,0.125,7,7,TCTCAATCTGTTCGCGATAG,0,555597
araCp,0.125,7,7,TCTAGTTTGAACCTGTTATT,0,599152
araCp,0.125,7,7,TCTAGTGGTCAAACAGTAGC,0,537902
araCp,0.125,7,7,TCTACGTCTCAACGAGTGGC,0,554883
araCp,0.125,7,7,TCTACCAGCTCACAGTTTGT,0,557832
araCp,0.125,7,7,TCGTTTTTTGAAGGCGTGGT,0,600786
araCp,0.125,7,7,TCGTTTGCTCCGCCGACTCT,0,540571
araCp,0.125,7,7,TCGTTATGAAATGCCGAATG,0,587434
araCp,0.125,7,7,TCGTGCGATAGGTCGTTGCA,0,531936
araCp,0.125,7,7,TCGTATCTATCATCTAACTG,0,558268
araCp,0.125,7,7,TCGTATAAACCTAACTTGAA,0,600140
araCp,0.125,7,7,TCGGGGGGTAGGGTTCCGTA,0,593786
araCp,0.125,7,7,TCGGCTGGCAATATGAGACG,0,566896
araCp,0.125,7,7,TCGGACGCATAACTCCTAAT,0,538365
araCp,0.125,7,7,TCGGAATCTATTTGAGGTCA,0,590859
araCp,0.125,7,7,TCGGAACGTTATCGCAGGAA,0,545241
araCp,0.125,7,7,TCGCTCACACGTCTTTCGGG,0,570641
araCp,0.125,7,7,TCGCTAGGTGGTAACTCCTG,0,599869
araCp,0.125,7,7,TCGCGCTGGGCCACTTAGAC,0,562069
araCp,0.125,7,7,TCGCCGCCGCGCCTGAAGAG,0,538029
araCp,0.125,7,7,TCGCACGATAAACATCAAAG,0,540314
araCp,0.125,7,7,TCGAGGAACGTAAGTCAACT,0,591559
araCp,0.125,7,7,TCGAGCCAATATCGTCGGGT,0,594772
araCp,0.125,7,7,TCGAATTAACCGCCGATTTT,0,564271
araCp,0.125,7,7,TCCTGGGAGCTACGGTGCCA,0,598636
araCp,0.125,7,7,TCCTCCTGGGATCAGGGAAG,0,580864
araCp,0.125,7,7,TCCGTCTGACTATGGGCAAC,0,576811
araCp,0.125,7,7,TCCGGGAGGGTTACTTATAC,0,537573
araCp,0.125,7,7,TCCGGCCATAGAATGGCGGT,0,593163
araCp,0.125,7,7,TCCGCACTTCGAAATAATTA,0,580913
araCp,0.125,7,7,TCCCTGTTTCGGTCTCCGCT,0,564375
araCp,0.125,7,7,TCCCTGCTTGGGGGACAACA,0,597447
araCp,0.125,7,7,TCCCGATCGCGCGGCACTTG,0,564921
araCp,0.125,7,7,TCCCCGGGTGTATACGAACT,0,561134
araCp,0.125,7,7,TCCCCAGCCAGCCAGCCCCG,0,536326
araCp,0.125,7,7,TCCATCCTTCGAACATATAC,0,556428
araCp,0.125,7,7,TCCAGGGCTAGAACACTCGA,0,542215
araCp,0.125,7,7,TCCACCCTGCTACGTGGGCA,0,586550
araCp,0.125,7,7,TCCACCAAGCGGATGTATAT,0,567547
araCp,0.125,7,7,TCCAACGTGCCGAGTTTTGT,0,595753
araCp,0.125,7,7,TCATTCGCAAGCCGCGTCCA,0,535034
araCp,0.125,7,7,TCATTAGAAGCCGCACTGAA,0,527646
araCp,0.125,7,7,TCATGTAGGGGAATTATACT,0,548208
araCp,0.125,7,7,TCATGGGTCAGTGATAGCAA,0,566817
araCp,0.125,7,7,TCATGCAGGCCGTTTTCATT,0,576060
araCp,0.125,7,7,TCATCTGCTCAAAGCGTAGA,0,583127
araCp,0.125,7,7,TCATCGCGAGTTAGTGCCTT,0,583189
araCp,0.125,7,7,TCATCCATGGAGCGACGCGA,0,572830
araCp,0.125,7,7,TCATAGGGCAGCGTTAATCT,0,577815
araCp,0.125,7,7,TCAGTTCTTTATGGGTTCGA,0,573569
araCp,0.125,7,7,TCAGATCCATGCATAATCAA,0,532634
araCp,0.125,7,7,TCAGAGGGGGAACAGCCCCT,0,595344
araCp,0.125,7,7,TCAGAGGCGAACGCTTAAAG,0,550515
araCp,0.125,7,7,TCACTCGGGGCTCTCAATAC,0,597699
araCp,0.125,7,7,TCACGCACACGGGTGAAGAA,0,537578
araCp,0.125,7,7,TCACGAGAAGGTTGGAACTT,0,537157
araCp,0.125,7,7,TCACCCCCGTACGCGTGTGA,0,568128
araCp,0.125,7,7,TCACAAGCAGTAATATGTTA,0,544570
araCp,0.125,7,7,TCAATTGATGATCCATCGAA,0,593723
araCp,0.125,7,7,TCAATTATTAAGCTGGTCAG,0,565197
araCp,0.125,7,7,TCAATGACGCAGTTGCGGCC,0,566116
araCp,0.125,7,7,TATTTCCCCCGGCGGCTCTC,0,568598
araCp,0.125,7,7,TATTGCTGCATCCAGGTGGG,0,559419
araCp,0.125,7,7,TATTATTTACCATCGCTGCG,0,570216
araCp,0.125,7,7,TATGTGTTAAGTGGCCGCAA,0,566261
araCp,0.125,7,7,TATGGGCATCGCCAATCGTG,0,559927
araCp,0.125,7,7,TATGCCCTTGATAATCCATA,0,531913
araCp,0.125,7,7,TATGATGATTAGCCTGAGAT,0,551203
araCp,0.125,7,7,TATGAATGTTCTTTTTGCGA,0,530190
araCp,0.125,7,7,TATGAACTGGGTATCAGGCC,0,601238
araCp,0.125,7,7,TATCTAATGACGCGTCGTAA,0,575637
araCp,0.125,7,7,TATCGCCTACCACACGTACG,0,533466
araCp,0.125,7,7,TATCCCTTACATTCGAATAT,0,586350
araCp,0.125,7,7,TATCCAGACGTGATAGGTAG,0,545668
araCp,0.125,7,7,TATCATGTGGTAGGACTTAA,0,601240
araCp,0.125,7,7,TATCAAGGCAGGGGACGCGC,0,574176
araCp,0.125,7,7,TATATGGATCCAGGAGCGGT,0,570533
araCp,0.125,7,7,TATAGCTTGGTCTGTTTGAG,0,542541
araCp,0.125,7,7,TAGGTACCTTTTGTAAGTTG,0,598812
araCp,0.125,7,7,TAGGGGTGCTCTCTCTTAAG,0,527704
araCp,0.125,7,7,TAGGGGACCCTGCTGCAGCT,0,566484
araCp,0.125,7,7,TAGGGATCTGCAAATACTGC,0,558711
araCp,0.125,7,7,TAGGAATGGACCGTATAGGT,0,534090
araCp,0.125,7,7,TAGCTGGCAAGTGTAGAATG,0,548158
araCp,0.125,7,7,TAGCTCTCTGGCACGTGGGT,0,563774
araCp,0.125,7,7,TAGCTACGGCGCGTACCTTT,0,571529
araCp,0.125,7,7,TAGCGGGTTAAGATGAGGCA,0,551370
araCp,0.125,7,7,TAGCGACCTGCGGTAAAAGG,0,572728
araCp,0.125,7,7,TAGCCCTCCCACTGTATAAA,0,528589
araCp,0.125,7,7,TAGCAAAGTGGTCCATATGG,0,571783
araCp,0.125,7,7,TAGATTCTCACCTACGTAAA,0,539461
araCp,0.125,7,7,TAGATGACAGTCGTGACTGT,0,527366
araCp,0.125,7,7,TAGAGGCATTTAGCAGAGGT,0,576335
araCp,0.125,7,7,TAGAGACTCAAGTCTTGCAT,0,579062
araCp,0.125,7,7,TAGACGGATGGAAACACCAG,0,539388
araCp,0.125,7,7,TAGAAACCGCTTTCCGGCGA,0,541954
araCp,0.125,7,7,TAGAAAAAGCCTCTTGGTCA,0,527026
araCp,0.125,7,7,TACTTGTCCGATCGCCGGAA,0,560067
araCp,0.125,7,7,TACTGCAAGTTGTACACGTT,0,569327
araCp,0.125,7,7,TACTCGAATTCAATTGTGTC,0,577634
araCp,0.125,7,7,TACGTTAAACAAGTCTGACC,0,539048
araCp,0.125,7,7,TACGTACTGTTTGGACTGTC,0,547655
araCp,0.125,7,7,TACGGTTCGTGCCCGACTGG,0,572006
araCp,0.125,7,7,TACGGCGACGCATGGCTAGG,0,530622
araCp,0.125,7,7,TACGGAACAGACACGTCGGG,0,566046
araCp,0.125,7,7,TACGCGGTCTTTGATTCGAC,0,534915
araCp,0.125,7,7,TACGCAACAGAACGAGAAGT,0,528224
araCp,0.125,7,7,TACCCCCGATCCGAGCTGGA,0,549127
araCp,0.125,7,7,TACCATGGTTAACTGGTGCG,0,551234
araCp,0.125,7,7,TACACTTTGTAGAGCCTAGT,0,590616
araCp,0.125,7,7,TACAATTACGTAAAGACGGA,0,549965
araCp,0.125,7,7,TACAATAAAACATTGACATT,0,570503
araCp,0.125,7,7,TAATTGACGGCGCGCTCATG,0,559002
araCp,0.125,7,7,TAATGTGTTTGATAGTTACC,0,532490
araCp,0.125,7,7,TAATGTAGGCGAATGCCTAA,0,577030
araCp,0.125,7,7,TAATCGGACCGCACATGGAT,0,602306
araCp,0.125,7,7,TAATATGCAACAGGAACGCA,0,594695
araCp,0.125,7,7,TAATACTCATCAATCCTGGA,0,603306
araCp,0.125,7,7,TAAGTGAGCCTCTCAGGTCA,0,568793
araCp,0.125,7,7,TAAGTAGAAAAGTCCACTAG,0,526605
araCp,0.125,7,7,TAAGGGACATTACAACAGGC,0,570842
araCp,0.125,7,7,TAAGGAGCGGACTCAAGTGG,0,538045
araCp,0.125,7,7,TAAGCGGTACGAGGTCAGCC,0,551811
araCp,0.125,7,7,TAAGCGCTGGAACCAGTCAA,0,579512
araCp,0.125,7,7,TAAGCGAGAGCCAAACGCTA,0,603685
araCp,0.125,7,7,TAAGCCTAACCGGAGTCAAC,0,535731
araCp,0.125,7,7,TAAGACGCGAGATAGCGGTG,0,553867
araCp,0.125,7,7,TAACTGTGCCTCATCGGCGA,0,556641
araCp,0.125,7,7,TAACTCACAGTGTCATGCGG,0,603255
araCp,0.125,7,7,TAACGAGCGTTTCAATTGTA,0,548842
araCp,0.125,7,7,TAAATTAATACCATCTCCAA,0,548876
araCp,0.125,7,7,TAAAGGGGCAAGGTCCTGAA,0,565620
araCp,0.125,7,7,TAAAGCATGAATCTGGGCCT,0,566163
araCp,0.125,7,7,TAAACTGTCCGACACGCGAC,0,584381
araCp,0.125,7,7,TAAAATTTGTTCCAGATGCG,0,582283
araCp,0.125,7,7,TAAAATCCTTGCACAGCCGA,0,526132
araCp,0.125,7,7,GTTTTTCACCAACTGAAGAT,0,545142
araCp,0.125,7,7,GTTTTGAGACAGGCGCACGG,0,526033
araCp,0.125,7,7,GTTTGAGCAGACGGTCATTA,0,594281
araCp,0.125,7,7,GTTTCTAGATTGGGGTCAAG,0,588258
araCp,0.125,7,7,GTTTCGGATAGTTTCACAGG,0,583290
araCp,0.125,7,7,GTTTAAGTCTAAGTTCCGGT,0,544109
araCp,0.125,7,7,GTTGTGTTTTCGGTGTTGTC,0,595375
araCp,0.125,7,7,GTTGGGTGCCCAAATATTCA,0,580815
araCp,0.125,7,7,GTTGGAGGCTCGGGTGTATG,0,547725
araCp,0.125,7,7,GTTGGAGACACTCCCCGCGG,0,585643
araCp,0.125,7,7,GTTGCGCCCCCGCAGATAAT,0,556543
araCp,0.125,7,7,GTTGATTCTCCGAGTATCGA,0,526061
araCp,0.125,7,7,GTTGAGCACTATGCTGGTAA,0,598129
araCp,0.125,7,7,GTTCTGCTTGTGCCGAAAGG,0,558780
araCp,0.125,7,7,GTTCGAGTACGTTACACCCT,0,591347
araCp,0.125,7,7,GTTCATAAACATAATGGTTC,0,578106
araCp,0.125,7,7,GTTATCTTACGACACGATGC,0,539660
araCp,0.125,7,7,GTTAGCCAAACTATGAATGG,0,575805
araCp,0.125,7,7,GTTAGAATATGAGTGAGGAA,0,574002
araCp,0.125,7,7,GTTACTACTGGTCGCGGCCA,0,528398
araCp,0.125,7,7,GTGTTACGACCGAGCCATCA,0,545741
araCp,0.125,7,7,GTGTGTCAAGGCCATAGCTT,0,599306
araCp,0.125,7,7,GTGTCGCCTTAGCTTGTATT,0,528303
araCp,0.125,7,7,GTGTCAGCCAGATAGATGGA,0,592484
araCp,0.125,7,7,GTGTAGGGCAGATTAGCCTT,0,563212
araCp,0.125,7,7,GTGGGTGATGACAGACGCAG,0,530056
araCp,0.125,7,7,GTGGGTAGCTTCTTTCGAAG,0,533430
araCp,0.125,7,7,GTGGGCTTTAATTCGTACCT,0,547354
araCp,0.125,7,7,GTGGGCCACATATGCAAGGA,0,593989
araCp,0.125,7,7,GTGGGATCGATCGCTATTAT,0,527152
araCp,0.125,7,7,GTGGCAATGCCTATGTGCGT,0,548543
araCp,0.125,7,7,GTGGATGTGCGTGGGGATCA,0,537721
araCp,0.125,7,7,GTGGAGTTCTCCAGCAGCGC,0,591094
araCp,0.125,7,7,GTGCTCGGCACAGGATATGA,0,594581
araCp,0.125,7,7,GTGCGCGACGCCATTGCCAT,0,564958
araCp,0.125,7,7,GTGCCGACATTTATACTTCT,0,533167
araCp,0.125,7,7,GTGATCGTTACGGTGATACC,0,579577
araCp,0.125,7,7,GTGAGTTCAGCCTAACGGTA,0,558506
araCp,0.125,7,7,GTGAGGGCGGTGCCGGGAAT,0,529293
araCp,0.125,7,7,GTGAATGCTGTCTACCCGGG,0,531881
araCp,0.125,7,7,GTGAAGCCGTCTCCAGTTAA,0,566631
araCp,0.125,7,7,GTGAACTTTTTATCCAGTCG,0,538083
araCp,0.125,7,7,GTCTTTGCCGTAGTTTCTTT,0,580388
araCp,0.125,7,7,GTCTTGGATTTTTATGAAGA,0,586563
araCp,0.125,7,7,GTCTTCGACACGCATTCTCC,0,533945
araCp,0.125,7,7,GTCTATTATAAACTCGTTCT,0,580677
araCp,0.125,7,7,GTCTATCTGTACACGTTTGC,0,546252
araCp,0.125,7,7,GTCGTGATCGTGCCTTGGAT,0,545515
araCp,0.125,7,7,GTCGTATCCCGTATTGGTGC,0,575647
araCp,0.125,7,7,GTCGGCGTGGACCTGTTTTG,0,603008
araCp,0.125,7,7,GTCGGCCTAACTGTTGTTTA,0,537562
araCp,0.125,7,7,GTCGAGTCCGTCGGATGGTT,0,541049
araCp,0.125,7,7,GTCCGCACTTGTGAGAACAG,0,590362
araCp,0.125,7,7,GTCCAATGCACTTTATCGCG,0,537208
araCp,0.125,7,7,GTCATTAAAACGCTAGGTAC,0,556272
araCp,0.125,7,7,GTCAATCGTTAATAAGCGTG,0,564210
araCp,0.125,7,7,GTCAAGGTGCGTAACATCTA,0,543607
araCp,0.125,7,7,GTATGTCAGCTACTCTCCAC,0,568362
araCp,0.125,7,7,GTATAGTATGGGTACGTACC,0,542622
araCp,0.125,7,7,GTATAGATATATAACGATAT,0,571244
araCp,0.125,7,7,GTATAGACAACGGCTTTAAG,0,599339
araCp,0.125,7,7,GTAGTGCGGGTTGTGTGACG,0,574736
araCp,0.125,7,7,GTAGTACCGACGAGAGTCCA,0,565826
araCp,0.125,7,7,GTAGGCTTTGGGTTATATGT,0,601106
araCp,0.125,7,7,GTAGCTATTGGCCATAGTAA,0,556839
araCp,0.125,7,7,GTAGCAACCTTTAAGCGCCC,0,586195
araCp,0.125,7,7,GTAGATAATATACAGGTCTA,0,577528
araCp,0.125,7,7,GTAGAGCCATACCTGGAAAC,0,540578
araCp,0.125,7,7,GTAGAACTATGAAAGTGACA,0,568144
araCp,0.125,7,7,GTACCCTGGCTTGCTACCAT,0,552278
araCp,0.125,7,7,GTACACATTGCCCATTGCTC,0,555977
araCp,0.125,7,7,GTAATTCTTTATCCTTGCGT,0,533109
araCp,0.125,7,7,GTAATTCCTTATATCTACTT,0,533266
araCp,0.125,7,7,GTAATTAGATCTGCTCCTGT,0,583180
araCp,0.125,7,7,GTAAGTGGTACCAATCAGAG,0,595580
araCp,0.125,7,7,GTAACTAGATAATGTAGATC,0,542443
araCp,0.125,7,7,GTAAAAACTCACGCAACAAG,0,582800
araCp,0.125,7,7,GGTTGCGTAACTTAGGGGCT,0,537016
araCp,0.125,7,7,GGTTGCGACTCGTATATTTT,0,560578
araCp,0.125,7,7,GGTTGCAGCACCGCGGTCGT,0,557933
araCp,0.125,7,7,GGTGTCCCCATCGCGTTTCG,0,601234
araCp,0.125,7,7,GGTGGACCTAGAGAGTCCGA,0,565669
araCp,0.125,7,7,GGTGAGGACGCTAGACCGTA,0,554760
araCp,0.125,7,7,GGTCTTCGACGGTGAAAATT,0,526981
araCp,0.125,7,7,GGTCCTGAATCGGGACGTCT,0,580702
araCp,0.125,7,7,GGTAGGAGCTAAGTATCAGT,0,541110
araCp,0.125,7,7,GGTAGGAATAGTTTCGGCAG,0,570642
araCp,0.125,7,7,GGTACCCCGTCTCCCGGAAG,0,587860
araCp,0.125,7,7,GGGTTTCGCGGCGATGTTAG,0,588909
araCp,0.125,7,7,GGGTTTCCGCTTGCCTTTGT,0,563812
araCp,0.125,7,7,GGGTTCCGAACAACAGAAAA,0,557993
araCp,0.125,7,7,GGGTGCCCTCCAGAGCTGTT,0,593147
araCp,0.125,7,7,GGGTCTCCCAAGTGCGGCCT,0,592189
araCp,0.125,7,7,GGGTCCGTGCTTAGTGCACT,0,581165
araCp,0.125,7,7,GGGTAATGGCGCGCAGGAGA,0,587388
araCp,0.125,7,7,GGGGTCATTTCGAGCCGCTT,0,554326
araCp,0.125,7,7,GGGGCAGCATGAGTCGGTCG,0,531923
araCp,0.125,7,7,GGGGAGGATACATATGGTCC,0,552352
araCp,0.125,7,7,GGGGACCGTTTGTTGGCGAG,0,570463
araCp,0.125,7,7,GGGGACCATCGCGAGCCGGG,0,554621
araCp,0.125,7,7,GGGGACAAGGGTTTATGTGT,0,591152
araCp,0.125,7,7,GGGGAAGATAGGCACAGAAA,0,603000
araCp,0.125,7,7,GGGCTCCTTCAACAGTCAAC,0,586523
araCp,0.125,7,7,GGGCTCCATAACCATGGTAA,0,591025
araCp,0.125,7,7,GGGCTAAACTCGACTTTTTC,0,549080
araCp,0.125,7,7,GGGCGCAAGATATTTTTGCA,0,601786
araCp,0.125,7,7,GGGCCAGCATAGTCGTACTA,0,588177
araCp,0.125,7,7,GGGCAGCCGAGGCTGGGGTG,0,558905
araCp,0.125,7,7,GGGCACTTTACGAATCAAAT,0,539297
araCp,0.125,7,7,GGGATTGGGTGATTGTGGGT,0,578530
araCp,0.125,7,7,GGGATTCGCCTCTCCGTCGG,0,533932
araCp,0.125,7,7,GGGAGCATATGGGTTTCATC,0,531930
araCp,0.125,7,7,GGGACCTGGCGGTTCTTGTA,0,581469
araCp,0.125,7,7,GGCTTCCCCGAGTCCGTAAA,0,540051
araCp,0.125,7,7,GGCTTACCGTGGAAACGATC,0,537864
araCp,0.125,7,7,GGCTGGGACGAGAAGACGTG,0,550151
araCp,0.125,7,7,GGCTGCAGTTGCTATAATTT,0,594761
araCp,0.125,7,7,GGCTATCTCGAGCGATGGAG,0,537034
araCp,0.125,7,7,GGCTAAATTGTACACACTGA,0,593191
araCp,0.125,7,7,GGCGTTTGGTCGGGTACGAT,0,525571
araCp,0.125,7,7,GGCGTCCACCAACCTCGAAA,0,535202
araCp,0.125,7,7,GGCGTAAAGCTAGGTTCGAT,0,542011
araCp,0.125,7,7,GGCGCGACTGCGGCTTCTGG,0,576404
araCp,0.125,7,7,GGCGCATTAGTATTCTCTTG,0,526698
araCp,0.125,7,7,GGCCGTGGTGGACTTGGGGC,0,526007
araCp,0.125,7,7,GGCCGCGAATCCCTAGTGTC,0,587440
araCp,0.125,7,7,GGCCAGTTAGCTGGCTGAAA,0,536495
araCp,0.125,7,7,GGCAGCAAGGCTCACCGGCA,0,560514
araCp,0.125,7,7,GGCACTTTAATCCGGTTATT,0,536677
araCp,0.125,7,7,GGCAATCAGTCGGCAGCAGT,0,537553
araCp,0.125,7,7,GGCAAGAGAACCGGGCGCCC,0,543000
araCp,0.125,7,7,GGCAACATGATACTATCATG,0,553378
araCp,0.125,7,7,GGATTTCAATTGTGGCACTG,0,536543
araCp,0.125,7,7,GGATTGCTATTAGTGGTAAT,0,563276
araCp,0.125,7,7,GGAGCTAATCTAACTTTATA,0,548713
araCp,0.125,7,7,GGAGCTAACTTAGCGGCCAT,0,583952
araCp,0.125,7,7,GGACGTTGAAAAGGACGAAC,0,600784
araCp,0.125,7,7,GGACAAGCCGGTTCTAAAAT,0,599658
araCp,0.125,7,7,GGAATGGGGGCCCGGCGCGA,0,573148
araCp,0.125,7,7,GGAATCGTGTCGAGTATCAA,0,556580
araCp,0.125,7,7,GGAATCAGCCGCATATGGAC,0,565060
araCp,0.125,7,7,GGAAGGCCCCGTTGGAAGCC,0,538907
araCp,0.125,7,7,GGAAGCTGGGATGTTGTCAT,0,570158
araCp,0.125,7,7,GGAAATTCCTAGACGCTGCC,0,556827
araCp,0.125,7,7,GGAAACGCCGATTCGTCGCT,0,570857
araCp,0.125,7,7,GCTTTCTAAGAAAAAGCCCT,0,550623
araCp,0.125,7,7,GCTTTCGGTTATTATTAAGA,0,581799
araCp,0.125,7,7,GCTTAATGTTAAACATAGCC,0,548405
araCp,0.125,7,7,GCTTAATAGGGAGACTAAGA,0,591101
araCp,0.125,7,7,GCTGGTTTGAGCACGCTTCA,0,584551
araCp,0.125,7,7,GCTGGCAACCGGTTGTTTAC,0,554778
araCp,0.125,7,7,GCTGATGTTTCATAGTGAGA,0,543772
araCp,0.125,7,7,GCTCGTGCAGAGAGCCGCGT,0,530379
araCp,0.125,7,7,GCTCGAGCGCGAGGTATGCT,0,593292
araCp,0.125,7,7,GCTCAGATCTAAGCCATTGA,0,561041
araCp,0.125,7,7,GCTCACTTACTACCGCCAAC,0,555714
araCp,0.125,7,7,GCTATTCAAGCTCCATCAGT,0,529103
araCp,0.125,7,7,GCTAGTTGCGTCACCCATGG,0,586748
araCp,0.125,7,7,GCTAGGAGTACGACACGTTT,0,553039
araCp,0.125,7,7,GCTAGCGGTCCTCTACTGGT,0,603409
araCp,0.125,7,7,GCTAGACTAACCACCTTTAC,0,590407
araCp,0.125,7,7,GCTAACTCCCACTCTGCGCA,0,598210
araCp,0.125,7,7,GCGTTAGATTTCCCTGGGCC,0,561368
araCp,0.125,7,7,GCGTGGCGCTTTCTAAGCCC,0,586467
araCp,0.125,7,7,GCGTGCGAGAGACAAACGCG,0,581795
araCp,0.125,7,7,GCGTGAGTTCATGAATTCCC,0,590916
araCp,0.125,7,7,GCGTCTTATAAGGTAAGTCG,0,546390
araCp,0.125,7,7,GCGTCAACCAGGCGTTCTCG,0,568960
araCp,0.125,7,7,GCGGTTTGATGTGTCGTCAT,0,588409
araCp,0.125,7,7,GCGGTTACACAGAACTCATT,0,550773
araCp,0.125,7,7,GCGGGTGTGGCAATAAGATC,0,555901
araCp,0.125,7,7,GCGGCGTTTCCTCTGATACC,0,577263
araCp,0.125,7,7,GCGCTTAAACTGCGGCGTCC,0,553526
araCp,0.125,7,7,GCGCGCCGGGCCTAATTGTA,0,585542
araCp,0.125,7,7,GCGCGAACGCGCTCGAGACT,0,565451
araCp,0.125,7,7,GCGCCGTTGTGTGTTCTCTC,0,548365
araCp,0.125,7,7,GCGATTAGCCAGCGAACACT,0,537892
araCp,0.125,7,7,GCGATCATGCATTATCACGG,0,578137
araCp,0.125,7,7,GCGAGGCATCTTAATCGCAA,0,581956
araCp,0.125,7,7,GCGAGCAAGCACTCAGTGCA,0,543257
araCp,0.125,7,7,GCGACTATAGTACGGATGAC,0,554977
araCp,0.125,7,7,GCGACGGGGGTCAATGAGAA,0,548961
araCp,0.125,7,7,GCGACCGAGGCTTACAACGT,0,544569
araCp,0.125,7,7,GCGAAAGGAGGAAGGTCCCT,0,579139
araCp,0.125,7,7,GCCTTGGGCAGGGGTGTGTT,0,570014
araCp,0.125,7,7,GCCTTAGTAGCATAATAGTG,0,545620
araCp,0.125,7,7,GCCTTACGCCATTACTCAAC,0,572071
araCp,0.125,7,7,GCCTCTTACAAACTCAATTA,0,591643
araCp,0.125,7,7,GCCTAGGGGGCTAATATTAG,0,538800
araCp,0.125,7,7,GCCGTCATGAAGCATTTCTT,0,560855
araCp,0.125,7,7,GCCGCTGACTTACCATTAAT,0,551063
araCp,0.125,7,7,GCCCTTCCCCCTGAGGCCCA,0,580794
araCp,0.125,7,7,GCCCTTACGCAGTCTGTCCT,0,570549
araCp,0.125,7,7,GCCCTGCGCAGGCGGGAGTC,0,581679
araCp,0.125,7,7,GCCCGTCGTCAGAGCCGACG,0,560362
araCp,0.125,7,7,GCCCGCGTTGGGCAATTGTA,0,528932
araCp,0.125,7,7,GCCCCGAAATAGACGTATGG,0,571152
araCp,0.125,7,7,GCCCCCGGACAAACTGCTTC,0,558332
araCp,0.125,7,7,GCCCAATGCGGTCGTGGCTC,0,525602
araCp,0.125,7,7,GCCATCCTCTTCCCTGAGAT,0,582625
araCp,0.125,7,7,GCCATCCAATGGAGCTAATG,0,543631
araCp,0.125,7,7,GCCATAGGGAGGATCATTGA,0,562173
araCp,0.125,7,7,GCCAGCATGCAGGATGCGAG,0,549852
araCp,0.125,7,7,GCATTGTTGCATGTATGGGT,0,577880
araCp,0.125,7,7,GCATCACTCTCATGACTCGA,0,581690
araCp,0.125,7,7,GCATCACAGTGTGCTATTTT,0,576051
araCp,0.125,7,7,GCAGTCTATGGTTTGTTCGT,0,533308
araCp,0.125,7,7,GCAGGGGACTACAACTTGTT,0,530017
araCp,0.125,7,7,GCAGATTATATACTTTGAAC,0,565609
araCp,0.125,7,7,GCAGATGTATATTTCAGTTA,0,558985
araCp,0.125,7,7,GCACCCCCGCGGGGCTAGCA,0,572871
araCp,0.125,7,7,GCACATTTTTGCTTTCGTGT,0,554941
araCp,0.125,7,7,GCAATTCTACTTTTACAGGG,0,559045
araCp,0.125,7,7,GCAATGCAACGTAGAATTTC,0,601713
araCp,0.125,7,7,GCAATAGCTTGAAGGGGGCA,0,603051
araCp,0.125,7,7,GCAACGTTACGATAGGATAT,0,571914
araCp,0.125,7,7,GCAACGTCGAGAAAGCTGGC,0,562063
araCp,0.125,7,7,GCAAAATATGATCGTTCGAG,0,600439
araCp,0.125,7,7,GATTTTAACAGTTCGGTGAT,0,530076
araCp,0.125,7,7,GATTTACTTAGCGGGCTATA,0,567688
araCp,0.125,7,7,GATTTACGGGGGTTTAAATC,0,561928
araCp,0.125,7,7,GATTGGTTCACACTTTACCC,0,559757
araCp,0.125,7,7,GATTCAGAGAATTTACAGTT,0,556515
araCp,0.125,7,7,GATTACGTCAAAACTTCCTC,0,530850
araCp,0.125,7,7,GATGTGATGCTTCCCCGACT,0,541132
araCp,0.125,7,7,GATGTCTGTGTATAAACGAA,0,576922
araCp,0.125,7,7,GATGGTGGCTTTGAACGTGA,0,528408
araCp,0.125,7,7,GATGGTAGCCAATTCACCAG,0,577430
araCp,0.125,7,7,GATGGCACTACCGGCATATT,0,537441
araCp,0.125,7,7,GATGCGGTGTGCGCCCATTG,0,545128
araCp,0.125,7,7,GATGCGCTGAACCATGAAAC,0,540011
araCp,0.125,7,7,GATGAGACTATTTACAGGTT,0,585285
araCp,0.125,7,7,GATGAATAAATTGAGCCTCA,0,563591
araCp,0.125,7,7,GATCGGGTAGTAAAGCGACA,0,532173
araCp,0.125,7,7,GATCGCTCACACGGTCCATT,0,593413
araCp,0.125,7,7,GATCGAGACTTGGCCCATGT,0,553202
araCp,0.125,7,7,GATCGAATACGTTGTTCCAT,0,537493
araCp,0.125,7,7,GATCCGGGTACGTCGTTCGG,0,600270
araCp,0.125,7,7,GATCCCGTCCTTTTAAGGAA,0,578515
araCp,0.125,7,7,GATCCCGGGGATCTAATCAT,0,597700
araCp,0.125,7,7,GATCAAGAGGACTACGGAGA,0,585061
araCp,0.125,7,7,GATCAACCTACAGTCCCTCT,0,557774
araCp,0.125,7,7,GATAGTCCTTCCAGCATTGG,0,544799
araCp,0.125,7,7,GATACGCCGGGATTCACCTT,0,542711
araCp,0.125,7,7,GATACGATTCTCTCGCTGAA,0,572729
araCp,0.125,7,7,GATAATCAGCATGCCCGTAC,0,536698
araCp,0.125,7,7,GATAATCAACTAAATTCTGA,0,548720
araCp,0.125,7,7,GAGTTTCTCGGATAAATTTC,0,553450
araCp,0.125,7,7,GAGTGGGAAACGTGACAGTA,0,545845
araCp,0.125,7,7,GAGTCGGTGTTGTGCGAAGA,0,564129
araCp,0.125,7,7,GAGTCATCTTCATTCGCGGC,0,559026
araCp,0.125,7,7,GAGGTGCAGTCGTGTCCCTG,0,584250
araCp,0.125,7,7,GAGGGTGTCAAACTGATTCT,0,554554
araCp,0.125,7,7,GAGGGTGCCCAACTTTACAT,0,561991
araCp,0.125,7,7,GAGGGATTTGTAGCTTAGAT,0,572483
araCp,0.125,7,7,GAGGGAGAGGTCAGAAGACG,0,574538
araCp,0.125,7,7,GAGGGACATTTGTGTTGATG,0,537091
araCp,0.125,7,7,GAGGCTCTTTAGCTATATTG,0,531985
araCp,0.125,7,7,GAGCTGGCCCACAACAAGAA,0,567388
araCp,0.125,7,7,GAGCGGCGATCCGGATACGC,0,545746
araCp,0.125,7,7,GAGCCGTCCAGGGTTTCTAA,0,584705
araCp,0.125,7,7,GAGCCATTGCATATCGGTAT,0,529844
araCp,0.125,7,7,GAGCATTCATTCTACGACAT,0,565944
araCp,0.125,7,7,GAGATTAGCGTGGGTGTACA,0,549837
araCp,0.125,7,7,GAGATCGGGCGTAGGTTATA,0,557056
araCp,0.125,7,7,GAGAGATGGCGGACGATTCA,0,576370
araCp,0.125,7,7,GACTTCGCGCTACAACTTAA,0,549575
araCp,0.125,7,7,GACTGTTTAACTAGAGTTTA,0,596298
araCp,0.125,7,7,GACTCCGAAGCGGCATTCGA,0,538904
araCp,0.125,7,7,GACGGTCCTATTTTACTTGA,0,554632
araCp,0.125,7,7,GACGCCATTCGGACGCAGAT,0,589677
araCp,0.125,7,7,GACCTCTTGCAGGAAAAAGG,0,597466
araCp,0.125,7,7,GACCTCCTTAGACCGCAGAC,0,558676
araCp,0.125,7,7,GACAGTTATGTTTCCAGGGT,0,583910
araCp,0.125,7,7,GACAGGCGCTAAGACTCATA,0,556299
araCp,0.125,7,7,GACAAGTCGTGTGGGAAGGA,0,561911
araCp,0.125,7,7,GACAAGAGGGACAGACTTCG,0,543957
araCp,0.125,7,7,GAATGTCTATTAGCGGTTTA,0,537672
araCp,0.125,7,7,GAATGGAGCGTAAGCTCGGA,0,558772
araCp,0.125,7,7,GAATGATAGCATCCAAGCGC,0,537849
araCp,0.125,7,7,GAATACAGGGCATTGGATAT,0,573438
araCp,0.125,7,7,GAAGGTCCATCGCTAGTGTT,0,583117
araCp,0.125,7,7,GAAGGGTTCACCTGAGGCGT,0,600340
araCp,0.125,7,7,GAAGGATTCAAGGTCTGAGA,0,584443
araCp,0.125,7,7,GAAGGACCATGCCCACTCCA,0,543513
araCp,0.125,7,7,GAAGCGAACAGGCTTGAGAC,0,543152
araCp,0.125,7,7,GAAGATGTTCTGGTGCCCCC,0,542929
araCp,0.125,7,7,GAAGACTACCGTCTCCGCAT,0,558777
araCp,0.125,7,7,GAACTTCAGGTTGCCGGACA,0,585536
araCp,0.125,7,7,GAACCGTCACAGACTGTTTC,0,585345
araCp,0.125,7,7,GAACATCGTCGCACAAGAAG,0,591147
araCp,0.125,7,7,GAAATATATACTGGCCGATC,0,546293
araCp,0.125,7,7,GAAAGTGGGTGAGGCTTGTA,0,601614
araCp,0.125,7,7,GAAAGTGCCTGCGTTAGGTT,0,573873
araCp,0.125,7,7,GAAAGCAGGGGTTCCTGTCG,0,545330
araCp,0.125,7,7,GAAACTCATGAAAGAAACCC,0,530293
araCp,0.125,7,7,GAAACCCTGGGTAATGATTG,0,526234
araCp,0.125,7,7,GAAAACAGACATCGTATAAA,0,571896
araCp,0.125,7,7,CTTTTTGATCGACTTTCTCC,0,560052
araCp,0.125,7,7,CTTTTTGAGGGCAACCTACG,0,549396
araCp,0.125,7,7,CTTTTGGAAGATGTACGTGG,0,596872
araCp,0.125,7,7,CTTTGTAAGTCAGAGGACAA,0,528376
araCp,0.125,7,7,CTTTCTCAGGGGCGCAATAC,0,564014
araCp,0.125,7,7,CTTTCTAATTACCGCAGCGC,0,566927
araCp,0.125,7,7,CTTTACAATACAGACGCACC,0,571499
araCp,0.125,7,7,CTTGGTTCTGTATTAGTAGT,0,571180
araCp,0.125,7,7,CTTGCCTCACCCAGCACTCT,0,542419
araCp,0.125,7,7,CTTGAGAGGTAACGAGAGAG,0,592858
araCp,0.125,7,7,CTTCGTATACAGTCGAATGG,0,563350
araCp,0.125,7,7,CTTCGGAGAGCTGACGTCCA,0,535212
araCp,0.125,7,7,CTTCGAGCGTGATCTTGCAT,0,550829
araCp,0.125,7,7,CTTCATTGAACGTTAGCCGC,0,543366
araCp,0.125,7,7,CTTCATATGAGTGGGCAGTG,0,560951
araCp,0.125,7,7,CTTATGACTCGCCATACGCC,0,539259
araCp,0.125,7,7,CTTATCCTGAGTCAACTGCA,0,564084
araCp,0.125,7,7,CTTAGGGATGACCGCTCCTG,0,536788
araCp,0.125,7,7,CTTAAATATCCGGGAGAGTT,0,597974
araCp,0.125,7,7,CTGTGACGGATCGCTCAACG,0,592449
araCp,0.125,7,7,CTGTCGCCAGAGGAGGGGCA,0,579530
araCp,0.125,7,7,CTGTCGAAGCCATCGTGCCA,0,593939
araCp,0.125,7,7,CTGTATACTACGCGTGCACC,0,568455
araCp,0.125,7,7,CTGTAGACAGTACACAGAAA,0,561880
araCp,0.125,7,7,CTGTAGAAGTGGCGAGCGGT,0,576504
araCp,0.125,7,7,CTGGTGCATGTCACCGGTAA,0,584779
araCp,0.125,7,7,CTGGTCTTCGGGAGCATACG,0,550735
araCp,0.125,7,7,CTGGGTTAGGAGGGAAAGGA,0,584771
araCp,0.125,7,7,CTGGGTCGTTGCCTTGGGGG,0,576982
araCp,0.125,7,7,CTGGGGGGCTCCACACCATC,0,531016
araCp,0.125,7,7,CTGGGCATGGGTGACCGGTA,0,547862
araCp,0.125,7,7,CTGGCTACTTTGCGTCGCGC,0,553046
araCp,0.125,7,7,CTGGCTAATTGAACAGCCAA,0,599629
araCp,0.125,7,7,CTGGCGCATTGTTTTCACAT,0,569982
araCp,0.125,7,7,CTGCTGCACATATACCGCCT,0,550363
araCp,0.125,7,7,CTGCATGCCGATGGTAGTAA,0,575566
araCp,0.125,7,7,CTGATGCTGTTATCGAAGGG,0,583464
araCp,0.125,7,7,CTGATACATATTTGCTGAAT,0,532617
araCp,0.125,7,7,CTGATACACTAACAGGTTTC,0,588510
araCp,0.125,7,7,CTGAGGTTGTCTTATGTTGT,0,535101
araCp,0.125,7,7,CTGAGAGTCCAATTGGAGCT,0,559494
araCp,0.125,7,7,CTGACCTCTTCAACCATGTC,0,555925
araCp,0.125,7,7,CTGACAGTCAGGGAATCATG,0,560277
araCp,0.125,7,7,CTGACAACTGAAGAAGCTGC,0,535228
araCp,0.125,7,7,CTCTTGAGCATCATTTGAGA,0,578528
araCp,0.125,7,7,CTCTCCCCGGTAAAGGTGGG,0,539889
araCp,0.125,7,7,CTCTCAGCAGTTAGGGCAAT,0,548301
araCp,0.125,7,7,CTCGGTCTGCATGAGAAGCC,0,594775
araCp,0.125,7,7,CTCCTTTGTTTCGATGAATT,0,574751
araCp,0.125,7,7,CTCCGTCTTCCGTAAGCGCT,0,603105
araCp,0.125,7,7,CTCCAACCCGCCAGTCATGG,0,598876
araCp,0.125,7,7,CTCATCCGTACGTCTTCCCC,0,580158
araCp,0.125,7,7,CTCAGGCAGGAGAAGTGCTT,0,591951
araCp,0.125,7,7,CTCAGCCATTACGGAAGGCA,0,536181
araCp,0.125,7,7,CTCAAGTAGGCTCAACATCC,0,567392
araCp,0.125,7,7,CTCAAGAATACGACTTAGGG,0,549488
araCp,0.125,7,7,CTCAAAGAGTTGTTGATTAT,0,598942
araCp,0.125,7,7,CTCAAACGCGTCATCAGTAG,0,540905
araCp,0.125,7,7,CTATTTACACTTTCGAATCT,0,545167
araCp,0.125,7,7,CTATTGTGCGGAAAGGGCTT,0,591995
araCp,0.125,7,7,CTATTGATTAATAGCTCGGA,0,576203
araCp,0.125,7,7,CTATCCCAGTCCGTAAAGGA,0,581478
araCp,0.125,7,7,CTAGGTTACGTGGTATGTAT,0,576712
araCp,0.125,7,7,CTAGGCATAGGTAGCCATTT,0,531767
araCp,0.125,7,7,CTAGCTGCGCAAGTGAATCG,0,588105
araCp,0.125,7,7,CTAGCGTTGGGCATGCTGCT,0,589082
araCp,0.125,7,7,CTAGCGCGAGTACAGTCACT,0,527963
araCp,0.125,7,7,CTAGCATTTTATGGGAAGTA,0,554344
araCp,0.125,7,7,CTAGATATAGTCAACGAGTA,0,546206
araCp,0.125,7,7,CTAGAGTGGCAGTGTCAACG,0,588717
araCp,0.125,7,7,CTACTGACATCTATTGAGGG,0,553958
araCp,0.125,7,7,CTACCCCCCAATCTGCCAAC,0,588844
araCp,0.125,7,7,CTACATGATCTACTGTGTAT,0,566501
araCp,0.125,7,7,CTACAGTAAGACATTCACGC,0,600896
araCp,0.125,7,7,CTACAGGCTCAATAAGCAAG,0,589749
araCp,0.125,7,7,CTACAGATTCTGAACTATAC,0,569714
araCp,0.125,7,7,CTACACTGTTAAACGGTTCC,0,566199
araCp,0.125,7,7,CTACAAGCGTCAAATAGATA,0,570076
araCp,0.125,7,7,CTAATAGGACGGGGCGACGT,0,587936
araCp,0.125,7,7,CTAAGCCGAGAGCGTGGTGT,0,597806
araCp,0.125,7,7,CTAACCATGGGAGTGCAGTA,0,593077
araCp,0.125,7,7,CTAACAGGTCAGCATGAACC,0,602415
araCp,0.125,7,7,CGTTTGTCATCCTCCTAACT,0,555260
araCp,0.125,7,7,CGTTGCGCCGGTGCAAGTAG,0,574800
araCp,0.125,7,7,CGTTCATCATTGGTCTGCCT,0,549917
araCp,0.125,7,7,CGTGTTTTTAGGGCCGCGGC,0,574794
araCp,0.125,7,7,CGTGTAACCATCAATAATAA,0,557773
araCp,0.125,7,7,CGTGGTCCTGAAAAGCGGTG,0,556353
araCp,0.125,7,7,CGTGGGTGAGTGACATCGAC,0,548597
araCp,0.125,7,7,CGTGCTGTTTCGCCTAGCTG,0,571444
araCp,0.125,7,7,CGTCGGACGTCCATATAATC,0,581525
araCp,0.125,7,7,CGTCCTTGACGATTCGCATT,0,542942
araCp,0.125,7,7,CGTCCCTTCCCGGCGTTGCT,0,531248
araCp,0.125,7,7,CGTCCATCCGGGCGAGTGAT,0,525756
araCp,0.125,7,7,CGTAGTTGCTTGCGTGGTAA,0,531642
araCp,0.125,7,7,CGTAGAATCATTACTACCGG,0,570475
araCp,0.125,7,7,CGTACTCAAGCCCCATCGAG,0,562902
araCp,0.125,7,7,CGTACGAGAGCGGTAACCCT,0,598893
araCp,0.125,7,7,CGTAAGAAGAGTGGCTCCAG,0,563691
araCp,0.125,7,7,CGGTGGCATATGAATATGTA,0,560220
araCp,0.125,7,7,CGGTAATATCTGCAGTTCAT,0,573094
araCp,0.125,7,7,CGGGTGGCTTCTCATCCAAC,0,564766
araCp,0.125,7,7,CGGGTGGATAGTTAATGCTA,0,531851
araCp,0.125,7,7,CGGGTCTTTTTTGTGGTTCG,0,531819
araCp,0.125,7,7,CGGGTCGTGCTTTAAGGCGT,0,564964
araCp,0.125,7,7,CGGGTCATACTCCTCCTAGA,0,601916
araCp,0.125,7,7,CGGGTAGGCTTTGAATTCTG,0,529620
araCp,0.125,7,7,CGGGGCGGTGTTCCAGGTAC,0,583701
araCp,0.125,7,7,CGGGCTAGTCTCGTAAGTTC,0,586931
araCp,0.125,7,7,CGGGCGGTGCAGCAGGTGGG,0,598095
araCp,0.125,7,7,CGGGCCACGACGCGCTCCCA,0,574490
araCp,0.125,7,7,CGGCTTGGAGCTAGGCTTAA,0,526398
araCp,0.125,7,7,CGGCTGGTGCAAGTCAAATG,0,534561
araCp,0.125,7,7,CGGCTGCATATTCTCGAAGA,0,580154
araCp,0.125,7,7,CGGCTCATAGTGTCCGTACT,0,577167
araCp,0.125,7,7,CGGCGGGTGAGAGAGCCTAT,0,600326
araCp,0.125,7,7,CGGCGAGCACTACGGTAAGT,0,551509
araCp,0.125,7,7,CGGCGAAACAGGCGGCTATT,0,580439
araCp,0.125,7,7,CGGCATGTACTAAGTCGGCA,0,600801
araCp,0.125,7,7,CGGCATCCTGATATTCTACG,0,586101
araCp,0.125,7,7,CGGCAAAATCTGGTTTAATT,0,597559
araCp,0.125,7,7,CGGATGGCCCTACGCACATG,0,568055
araCp,0.125,7,7,CGGAGGAGATTTCACTTGGG,0,595084
araCp,0.125,7,7,CGGACGGCAGGGATACCTTA,0,539275
araCp,0.125,7,7,CGGACAGCTCTGACGCATAT,0,562872
araCp,0.125,7,7,CGGAATCGCTCATATTTTTT,0,561945
araCp,0.125,7,7,CGGAATACAATACGCGGGTG,0,537912
araCp,0.125,7,7,CGGAAGGCGTTCGGGGACAG,0,598307
araCp,0.125,7,7,CGCTTCTTAGGGGTCTTTGT,0,580473
araCp,0.125,7,7,CGCTTCTCACGTACGGCGAG,0,577421
araCp,0.125,7,7,CGCTGTGGCACGTGAAACTT,0,589763
araCp,0.125,7,7,CGCTGCACTACACCGGTGAA,0,550046
araCp,0.125,7,7,CGCTGACTCGGAATCAGCCT,0,554673
araCp,0.125,7,7,CGCTCGAGTCCTACCCTCCG,0,570075
araCp,0.125,7,7,CGCTCCCTCAAGCACTCTAA,0,601796
araCp,0.125,7,7,CGCTCAGACTCAGCAGCATA,0,554099
araCp,0.125,7,7,CGCTCAATCCGATCAGGATG,0,564828
araCp,0.125,7,7,CGCTATTCTAGAACGTGGTT,0,546471
araCp,0.125,7,7,CGCGTCCGGTAAGGGTAGCT,0,569547
araCp,0.125,7,7,CGCGTACGCTGGATCACAAG,0,575608
araCp,0.125,7,7,CGCGCTGGATGACATTCGGA,0,563857
araCp,0.125,7,7,CGCGCGGCTGGCTCATGGAC,0,558749
araCp,0.125,7,7,CGCGCCGACAGCGAGCTCGG,0,527434
araCp,0.125,7,7,CGCGCAGCCGCACGCATCGC,0,599508
araCp,0.125,7,7,CGCCTGACTCACTCGAACCA,0,592108
araCp,0.125,7,7,CGCCCTCGTAAATGTGACAT,0,535848
araCp,0.125,7,7,CGCCCGGGGAAGCATGTGTA,0,547359
araCp,0.125,7,7,CGCCAGTCTGATAACCAGTA,0,584737
araCp,0.125,7,7,CGCCACAAATGATTCATGAC,0,555606
araCp,0.125,7,7,CGCAGAGAAGGCGTGGGTTA,0,575877
araCp,0.125,7,7,CGCACTGTTGTTTTAGCAGC,0,591806
araCp,0.125,7,7,CGCAATCACTATGTCCTTAC,0,579357
araCp,0.125,7,7,CGCAACTAGGTCAACGAGTG,0,530447
araCp,0.125,7,7,CGATCGATGCTCGCGACAGA,0,566225
araCp,0.125,7,7,CGATCACATTTTGAGAAGCA,0,526749
araCp,0.125,7,7,CGATAAGTGATTACGGATTA,0,561094
araCp,0.125,7,7,CGAGGAGATGCACACACCTG,0,587866
araCp,0.125,7,7,CGAGGACTGCGCGCCTCCCA,0,543909
araCp,0.125,7,7,CGAGCAGAAGCTGAAGATTT,0,553191
araCp,0.125,7,7,CGAGATCTCAAACATCTCTC,0,595293
araCp,0.125,7,7,CGACGCTAGGATCCCGATGA,0,567061
araCp,0.125,7,7,CGACCCGGAGAGTTGCGACG,0,545339
araCp,0.125,7,7,CGAATATCCCGATCTGAGAA,0,559075
araCp,0.125,7,7,CGAAGGAGAGAAAAGAACCC,0,601432
araCp,0.125,7,7,CGAACTCAATGTTACCTTTT,0,569434
araCp,0.125,7,7,CGAACGCGAGGCTGGTTCAG,0,556057
araCp,0.125,7,7,CGAACCAGGAAGGGGTTAGC,0,601542
araCp,0.125,7,7,CCTTTGGATTCAGAAGGCAT,0,531793
araCp,0.125,7,7,CCTTCGCATGGCCAAGAATC,0,536483
araCp,0.125,7,7,CCTTCAACCGCGTCTTTCAT,0,579057
araCp,0.125,7,7,CCTTACTCAAAATTAGAGTT,0,573760
araCp,0.125,7,7,CCTGTGATTGCGCGTGGACT,0,555588
araCp,0.125,7,7,CCTGTCGTGTCTTCGCAATG,0,557686
araCp,0.125,7,7,CCTGTACGGCTTGTAGCTTA,0,526805
araCp,0.125,7,7,CCTGGTATTCCATGGAATAA,0,562748
araCp,0.125,7,7,CCTGGGTCGCGCATGAGTGC,0,551322
araCp,0.125,7,7,CCTGGAAAGGCACTCCCACC,0,578265
araCp,0.125,7,7,CCTCTTGGGGCACCGTATTA,0,564975
araCp,0.125,7,7,CCTCTCGATGGCCACGGTTA,0,530012
araCp,0.125,7,7,CCTATGCGTGGTAAATCATT,0,598091
araCp,0.125,7,7,CCTATATATGGTCATGTGCC,0,556053
araCp,0.125,7,7,CCTAGTAACGTTAGAAGCGA,0,591438
araCp,0.125,7,7,CCTAGATCTGCCGTATGGCC,0,542570
araCp,0.125,7,7,CCTACGTTAAGTCTGGGTCC,0,580523
araCp,0.125,7,7,CCGTTGGGGGTAGGTGCCGC,0,576135
araCp,0.125,7,7,CCGTGCGGTTGACATGGACG,0,554664
araCp,0.125,7,7,CCGTCAGGCTTATGTTACCT,0,536503
araCp,0.125,7,7,CCGTAGTTTGCGGTAAGAGA,0,545007
araCp,0.125,7,7,CCGTAAGGGGGGATAGGTAA,0,555174
araCp,0.125,7,7,CCGGTCGAGGGGATGAATCT,0,593336
araCp,0.125,7,7,CCGGCTTCCCCGGCCATAAG,0,581107
araCp,0.125,7,7,CCGCCGTTGGTGTACTACCT,0,532068
araCp,0.125,7,7,CCGCCGGGTGAGACGGTCGC,0,585761
araCp,0.125,7,7,CCGATTGGACGGGTAGCGGG,0,599442
araCp,0.125,7,7,CCGATGACGCCTTCCAAGGT,0,528372
araCp,0.125,7,7,CCGATCGACTCAGCAGCGCT,0,583460
araCp,0.125,7,7,CCGATATGATGTCTACTGAC,0,599633
araCp,0.125,7,7,CCGACTAACTGCGGAACCTC,0,578775
araCp,0.125,7,7,CCGAAGATACCTTATCGTGA,0,563730
araCp,0.125,7,7,CCCTCAAGTAAGTCAGCAGA,0,556023
araCp,0.125,7,7,CCCGGGCTTGTCTCGACTTA,0,590083
araCp,0.125,7,7,CCCGCCTTAACGGGTCGATG,0,535235
araCp,0.125,7,7,CCCGCAGAGGACATCTCAGC,0,548722
araCp,0.125,7,7,CCCGATGGAAGGACGGAGTT,0,588781
araCp,0.125,7,7,CCCGACAGAAGAAAACTTCA,0,577573
araCp,0.125,7,7,CCCCTGTTCTAGAGCTCTCC,0,540477
araCp,0.125,7,7,CCCCTGCGTGAAGGAATTGT,0,570874
araCp,0.125,7,7,CCCCGCGCATTCGCCGAACC,0,583394
araCp,0.125,7,7,CCCCGAGACGCACCGAAAAG,0,589384
araCp,0.125,7,7,CCCCCATCTACTAGCGTAGA,0,538436
araCp,0.125,7,7,CCCATGTGGCTTCAACTTTA,0,595233
araCp,0.125,7,7,CCCATATCGGGGCGTTTTCA,0,574181
araCp,0.125,7,7,CCCAGCTATCGCGCTCCCGA,0,557141
araCp,0.125,7,7,CCCACTTGCCGCCGACCTCA,0,542289
araCp,0.125,7,7,CCCACTGGAGATTGGACGCG,0,567820
araCp,0.125,7,7,CCATGGGCTATCCCTGACTG,0,573026
araCp,0.125,7,7,CCATGGAAACAAGGAGGGGT,0,544672
araCp,0.125,7,7,CCATCTGTCGGAAAGGCACC,0,569232
araCp,0.125,7,7,CCATCCGGTAAAGGGGCCAA,0,541352
araCp,0.125,7,7,CCATCCCGAGAACTGTACAA,0,540365
araCp,0.125,7,7,CCATCACTCCATCAACTTTA,0,600493
araCp,0.125,7,7,CCAGTTATTTCTTGTGAAAC,0,539113
araCp,0.125,7,7,CCAGTGCTGAGGACGGGGTT,0,597520
araCp,0.125,7,7,CCAGTCTGCCGGTTGCCGGC,0,532974
araCp,0.125,7,7,CCAGTCCGAATATGTGCCGG,0,548825
araCp,0.125,7,7,CCAGGTGGTCTCAATCGCAA,0,585987
araCp,0.125,7,7,CCAGCGCCGAATGTCCCCAA,0,533506
araCp,0.125,7,7,CCAGATAGTGTCCCGGAGCC,0,564212
araCp,0.125,7,7,CCACTGGGATAACTTTCTTA,0,544409
araCp,0.125,7,7,CCACGTAGGCGTCGAGGCTC,0,535525
araCp,0.125,7,7,CCACGACCCGAACCCAAGTC,0,538543
araCp,0.125,7,7,CCACCCCCGAGGAAGGGTTA,0,525703
araCp,0.125,7,7,CCACAGTCCGGGAGTTGTCA,0,526932
araCp,0.125,7,7,CCAATCTGTCAACCCGGTCT,0,572708
araCp,0.125,7,7,CCAAGAATGGCTCTGCATCA,0,539435
araCp,0.125,7,7,CCAACTACGAGGTAAGAGAA,0,530840
araCp,0.125,7,7,CCAACCGCGAAAAGGGTGGG,0,599623
araCp,0.125,7,7,CCAACCGAGCCGGATCACAC,0,534219
araCp,0.125,7,7,CCAACCCCCCGTAAAAGGCT,0,600549
araCp,0.125,7,7,CCAAAGAACTTGCCGCTGGC,0,549818
araCp,0.125,7,7,CATTTTCCTAGGTGTTGTAG,0,584195
araCp,0.125,7,7,CATTTATATGTGTTTGGCCA,0,569005
araCp,0.125,7,7,CATTTAAAACGGGTATACGG,0,547956
araCp,0.125,7,7,CATTGTGTAGCGAGTGGCTA,0,568650
araCp,0.125,7,7,CATTGGGCGTGAGTTCATAG,0,591866
araCp,0.125,7,7,CATTCTGGTCCCCACTCGCA,0,532864
araCp,0.125,7,7,CATTAGTGGTATGGAGCGGG,0,525943
araCp,0.125,7,7,CATGTCTACGCCTCGATTGT,0,597968
araCp,0.125,7,7,CATGGCCCACGGGCATGAGC,0,577080
araCp,0.125,7,7,CATGGAGGTGTTAACGAGGC,0,599791
araCp,0.125,7,7,CATGGACACCGGGATCCCGT,0,531977
araCp,0.125,7,7,CATGAGCGATACAAGTCATC,0,566381
araCp,0.125,7,7,CATGAGAGGGTATGCGCGGT,0,566727
araCp,0.125,7,7,CATCTGATGTTTGAGGGATT,0,534238
araCp,0.125,7,7,CATCTGATCAAGGAAGTATT,0,529349
araCp,0.125,7,7,CATCTCCCCGCCAGCTTCAT,0,591170
araCp,0.125,7,7,CATCTACTTGAATTCACATC,0,540299
araCp,0.125,7,7,CATCGTTTGCGAGCCCTTGT,0,587300
araCp,0.125,7,7,CATCAGCCTGGCTTCGATTT,0,553502
araCp,0.125,7,7,CATCACCCTGTATCCTTCAT,0,552996
araCp,0.125,7,7,CATCACCATCTACAGAGGAC,0,590879
araCp,0.125,7,7,CATCACAGTATTACGCAGCT,0,557527
araCp,0.125,7,7,CATAGAATAGATTTTTTTGT,0,576290
araCp,0.125,7,7,CATAACCACCAAGATAAAGC,0,596311
araCp,0.125,7,7,CAGTCCACAGACCCTTAGCA,0,559825
araCp,0.125,7,7,CAGTAATGAATCGCCCCCCA,0,598459
araCp,0.125,7,7,CAGGTATACGGACCTGGGAA,0,538769
araCp,0.125,7,7,CAGGGGGATGCGCTTCTATA,0,525916
araCp,0.125,7,7,CAGGCATAGGGATAGATCTC,0,529833
araCp,0.125,7,7,CAGGCACCGCGCTTGAGGCA,0,598137
araCp,0.125,7,7,CAGCGCTGAATAGACCCCTT,0,572542
araCp,0.125,7,7,CAGCCCAATAAACCTCAGTC,0,567252
araCp,0.125,7,7,CAGAGCAATGTTAACTAGAT,0,552711
araCp,0.125,7,7,CAGACCCTGGTTACCCTATC,0,559212
araCp,0.125,7,7,CAGACAGAATCTGGGCGGTG,0,533501
araCp,0.125,7,7,CAGAACACGTTGTAAGTACT,0,574622
araCp,0.125,7,7,CACTGCCGGCGCGCTGCTTT,0,558428
araCp,0.125,7,7,CACTGACTCGTCCCTTACCT,0,591805
araCp,0.125,7,7,CACTCTGAATGTTTCCGGGT,0,555309
araCp,0.125,7,7,CACGTGGTGCTATCCCCGCT,0,577786
araCp,0.125,7,7,CACGGTATAAAATATCTGCC,0,593158
araCp,0.125,7,7,CACGGTAACTCCGACCCTAG,0,527624
araCp,0.125,7,7,CACGGGAAGTTGCGGGGACA,0,576640
araCp,0.125,7,7,CACGCTCGGGCCTTCGGGGG,0,567346
araCp,0.125,7,7,CACGCCTGGGGATATATCTA,0,580228
araCp,0.125,7,7,CACGCAGGTAGATCAAATCG,0,583417
araCp,0.125,7,7,CACGCAGAGGATAATGACGC,0,528086
araCp,0.125,7,7,CACGATCAATGACCAAACCT,0,570910
araCp,0.125,7,7,CACCTTGATGGAGTCTGTTG,0,593784
araCp,0.125,7,7,CACCCTATCGCTGAAGGGTA,0,592992
araCp,0.125,7,7,CACCCGACTGTAATGACGCA,0,576575
araCp,0.125,7,7,CACCCCGAACTGGATACTGT,0,601617
araCp,0.125,7,7,CACATTAGTGGCGTGTGTCA,0,598705
araCp,0.125,7,7,CACAGTTACACATTGGGAGC,0,571001
araCp,0.125,7,7,CACAGTAGGATTGGAGTGTG,0,529919
araCp,0.125,7,7,CACAGAGCGGGAACGTCTTG,0,540951
araCp,0.125,7,7,CACAGACTAAAAAAGTGCGG,0,575819
araCp,0.125,7,7,CACACTAATTGTCTGAGGCA,0,545479
araCp,0.125,7,7,CACACATTTAGGGCTCTCTA,0,540798
araCp,0.125,7,7,CACACACGGTGCGCATATCC,0,558440
araCp,0.125,7,7,CAATTCGTTTGAAATTGAAA,0,568010
araCp,0.125,7,7,CAATCTATCCGAGATGATCC,0,593971
araCp,0.125,7,7,CAATCGGTAGTTTAGCGAAG,0,586744
araCp,0.125,7,7,CAATAACTGGGTCCCTAAGA,0,531805
araCp,0.125,7,7,CAAGTAGAGCGCATGTACCG,0,599490
araCp,0.125,7,7,CAAGGCGTCATCGAGGCTCG,0,538434
araCp,0.125,7,7,CAAGCCAGTTTAAAAAGCTA,0,593495
araCp,0.125,7,7,CAAGATGGCTTTGACTAGGC,0,548974
araCp,0.125,7,7,CAAGATGGATGAGAAGGATA,0,540726
araCp,0.125,7,7,CAACTGAACAGATCCCGTTT,0,574037
araCp,0.125,7,7,CAACGATCACATGGTGGGCA,0,592002
araCp,0.125,7,7,CAACCGCGTTAGCAGCGCGT,0,599438
araCp,0.125,7,7,CAACCCGTTGGGAATTTCGA,0,575829
araCp,0.125,7,7,CAAAGTATTAGATTCGTATT,0,571654
araCp,0.125,7,7,CAAAGCGTGGATCGAGGCCT,0,542252
araCp,0.125,7,7,CAAAGAGAGGGGCCAACATT,0,585084
araCp,0.125,7,7,CAAACTGTTGATAGTTACTG,0,582571
araCp,0.125,7,7,CAAACAACGGAAAACTAGGG,0,558647
araCp,0.125,7,7,ATTTGGACTTTCATCAAGCT,0,526051
araCp,0.125,7,7,ATTTATGCGTTCGGTCGTAG,0,583551
araCp,0.125,7,7,ATTTATCGTTCCATCGGGGG,0,578166
araCp,0.125,7,7,ATTTACTTTCGTTTTGCCCA,0,536985
araCp,0.125,7,7,ATTTAAAACACGTCAACTTT,0,584367
araCp,0.125,7,7,ATTTAAAAATTCCCCCGATT,0,554307
araCp,0.125,7,7,ATTGGATAGTCAAGTCAAGT,0,586082
araCp,0.125,7,7,ATTGCTTGTCGTGAATATTT,0,578105
araCp,0.125,7,7,ATTGCTTGCAGATGCGTTGA,0,588350
araCp,0.125,7,7,ATTGCAGGGTTCCTTTTAGT,0,529634
araCp,0.125,7,7,ATTGAAGCATACCTCCTTCG,0,563081
araCp,0.125,7,7,ATTCCCACAGGAACACACCA,0,548352
araCp,0.125,7,7,ATTCCAACTACTTCTGGTAG,0,529169
araCp,0.125,7,7,ATTCACCGATTAGACGATCG,0,537448
araCp,0.125,7,7,ATTATTTAGTCGTAGTTATG,0,564144
araCp,0.125,7,7,ATTAGTGGGGTCGGGCTACG,0,590785
araCp,0.125,7,7,ATTAGCTAGAATACTCTGCG,0,583068
araCp,0.125,7,7,ATTACTGAGGCGCCAGAGTC,0,542857
araCp,0.125,7,7,ATTAATGCAATGGGCGATCT,0,536026
araCp,0.125,7,7,ATGTTCCGGGGTCCGTAGCA,0,555200
araCp,0.125,7,7,ATGTTAAGAGATGTCGATAA,0,560399
araCp,0.125,7,7,ATGTCAGTTAGCCTTCAGCC,0,530987
araCp,0.125,7,7,ATGTATAAGCCGAACTGGTT,0,549239
araCp,0.125,7,7,ATGTAGAATGACTCTCGAAG,0,575067
araCp,0.125,7,7,ATGGGTAGTTGGGCGAATCA,0,580688
araCp,0.125,7,7,ATGGGCGGTCTAATGAAGCT,0,594427
araCp,0.125,7,7,ATGGGATGTGGCGTTGGCCT,0,546675
araCp,0.125,7,7,ATGGATGTGAGGGGAGTAAA,0,579700
araCp,0.125,7,7,ATGCTATAATTCCTCCAGTT,0,583354
araCp,0.125,7,7,ATGCGTGAACGCGTCAAACT,0,530800
araCp,0.125,7,7,ATGCCTTCCGGCGCTAGTCA,0,568299
araCp,0.125,7,7,ATGCAAAATCGCTCGAGGTA,0,596649
araCp,0.125,7,7,ATGATGTCACTGACCTCAAT,0,558746
araCp,0.125,7,7,ATGATGGTTAAGGATGTAAA,0,581249
araCp,0.125,7,7,ATGAGGCTCGTCAACAAGCC,0,528641
araCp,0.125,7,7,ATGAACCGTCGCGTAATTGC,0,537872
araCp,0.125,7,7,ATGAAATTGTCCACTCGACC,0,531643
araCp,0.125,7,7,ATCTTTCCATCAGCCGGCGG,0,528767
araCp,0.125,7,7,ATCTTGCCATAGTAGAGATT,0,563958
araCp,0.125,7,7,ATCTGTTGGGTCATATTGTA,0,539878
araCp,0.125,7,7,ATCTGCAAGTAAAGGCCCAT,0,549870
araCp,0.125,7,7,ATCTCTCTGCAGCTTGGCGG,0,528964
araCp,0.125,7,7,ATCGTGTACCCGATGTAGAC,0,575614
araCp,0.125,7,7,ATCCTTGTATGAGGAGCCGG,0,536676
araCp,0.125,7,7,ATCCGAATAACGGGGCAGCG,0,589319
araCp,0.125,7,7,ATCCAGGCCAGCCTGGCGTA,0,597160
araCp,0.125,7,7,ATCAGCATGGGTAAGTCTGT,0,582263
araCp,0.125,7,7,ATCAAGTGTCTACCGAGACA,0,594088
araCp,0.125,7,7,ATCAAATTAGGGGGAATCGG,0,562889
araCp,0.125,7,7,ATATGATGAATGCCGCATTT,0,531234
araCp,0.125,7,7,ATATCTCAAACTCAACGTTT,0,583713
araCp,0.125,7,7,ATATAGGGTTAATAAGTAAT,0,543973
araCp,0.125,7,7,ATAGGCGCCGCCCTATGAAT,0,529559
araCp,0.125,7,7,ATACGGTGTGTTTTGCAGAT,0,553296
araCp,0.125,7,7,ATACGGTCCATGGAGTGACT,0,537264
araCp,0.125,7,7,ATACGAGACTAGTAGCAATT,0,544761
araCp,0.125,7,7,ATACCCTCGGCGACGGCCCA,0,550982
araCp,0.125,7,7,ATACCAATGCTTCAAAATTC,0,587779
araCp,0.125,7,7,ATACAGTATACAAAGAAATA,0,589296
araCp,0.125,7,7,ATACAGCGATTGAGTTGAGC,0,543997
araCp,0.125,7,7,ATACAATAGCACACAGGTGT,0,584893
araCp,0.125,7,7,ATAATGTACAGTGCAGTAAA,0,569437
araCp,0.125,7,7,ATAACTATCGCTAAGCCAAA,0,588215
araCp,0.125,7,7,ATAACATGGTTAAATAGACG,0,542823
araCp,0.125,7,7,AGTTTTCATTTTTCCTCTTC,0,580672
araCp,0.125,7,7,AGTTTCATCTGTCCGTTCGG,0,535455
araCp,0.125,7,7,AGTTTAGTGATCGCAAGGAT,0,543653
araCp,0.125,7,7,AGTTCACATGGGTGGTAAAC,0,566814
araCp,0.125,7,7,AGTTACAGAGTCTGGGGAGC,0,537906
araCp,0.125,7,7,AGTGTGGTCTCCATATGTTA,0,597838
araCp,0.125,7,7,AGTGGCTACCCGTGGGCGTC,0,585530
araCp,0.125,7,7,AGTGCGTTAAGGAACCATTA,0,598314
araCp,0.125,7,7,AGTGCCCGGGCACGGGACAG,0,582840
araCp,0.125,7,7,AGTGCCAATTCTTGATTGCT,0,550880
araCp,0.125,7,7,AGTGCATATTTTATAGGGCG,0,564019
araCp,0.125,7,7,AGTGATAATGTCACTTATGG,0,565918
araCp,0.125,7,7,AGTGAGCCAGTACGAAGGGA,0,546060
araCp,0.125,7,7,AGTCTTATCCTGCCTACATG,0,570454
araCp,0.125,7,7,AGTCTCGGTGCATCGCCATT,0,572679
araCp,0.125,7,7,AGTCGTTCACCTAGTCTTAA,0,566498
araCp,0.125,7,7,AGTCGCGCAAGTCCGTATCT,0,527445
araCp,0.125,7,7,AGTCCGGCGTTCATGAGGAA,0,552881
araCp,0.125,7,7,AGTCAACCGGTAATGTTAGG,0,592596
araCp,0.125,7,7,AGTATGTCGTGATAGCAAGC,0,540474
araCp,0.125,7,7,AGTAGTTAGCTCTGGAGAGG,0,552219
araCp,0.125,7,7,AGTACATGACCCGGGTATCA,0,593836
araCp,0.125,7,7,AGGTTCGTGAACGGGCCAGC,0,561193
araCp,0.125,7,7,AGGTTAAAGCATGGGGTCGC,0,576573
araCp,0.125,7,7,AGGTGTTGTGCCTTCTAATT,0,578022
araCp,0.125,7,7,AGGTGTAGGTAGGGCATAGT,0,584635
araCp,0.125,7,7,AGGTGCCGGTTGTCACCTGT,0,558924
araCp,0.125,7,7,AGGTCGCCGGAGCGGGAAAG,0,595761
araCp,0.125,7,7,AGGTATCGGGCGAGTTGCGG,0,554954
araCp,0.125,7,7,AGGTAGCTATCATCCAGCAC,0,557264
araCp,0.125,7,7,AGGGTTTAAGCAGTCTCCAG,0,561925
araCp,0.125,7,7,AGGGTTCCGTGGGACTGGGG,0,539493
araCp,0.125,7,7,AGGGGCACGCTTGAGTGATT,0,565344
araCp,0.125,7,7,AGGGCTGGCTCTGCCCCTGG,0,552421
araCp,0.125,7,7,AGGGCCATCAGTCCACTCAG,0,546933
araCp,0.125,7,7,AGGGAGGGATGGGTTGTATC,0,584476
araCp,0.125,7,7,AGGGAATTCTGGGGGTCAGG,0,576988
araCp,0.125,7,7,AGGGAACAGGGCTGTGAGGA,0,591180
araCp,0.125,7,7,AGGCTAGGTCGTATTGACCA,0,559775
araCp,0.125,7,7,AGGCTACTGGGGATGGTATG,0,548372
araCp,0.125,7,7,AGGCGGCCGCCCCATGGTTC,0,563544
araCp,0.125,7,7,AGGCCCGGAGAGGCGGAAGC,0,592746
araCp,0.125,7,7,AGGCCCACTGTACTTAGTAA,0,597049
araCp,0.125,7,7,AGGCATAATTACAGTCTAAG,0,565325
araCp,0.125,7,7,AGGCACTTAATTTTATACTA,0,546907
araCp,0.125,7,7,AGGCAACCGAAATGCGGAGT,0,546132
araCp,0.125,7,7,AGGATTTGCCCTATACCGAA,0,584182
araCp,0.125,7,7,AGGATTGGTGGTCAATTGTA,0,564625
araCp,0.125,7,7,AGGATTCGGTGGAGTCATTA,0,600059
araCp,0.125,7,7,AGGATCCCATAACATGCGTA,0,562652
araCp,0.125,7,7,AGGAGATTCAAGGGGTATTT,0,541481
araCp,0.125,7,7,AGGACTTATCTCTAGATAGC,0,547556
araCp,0.125,7,7,AGGACTCAGGATACGGTTTA,0,556415
araCp,0.125,7,7,AGGACCCTTGACCAAATTAC,0,571621
araCp,0.125,7,7,AGGAAAGTTACTGTACATCC,0,567814
araCp,0.125,7,7,AGCTCTACACCAAACGTGCA,0,535872
araCp,0.125,7,7,AGCTCGCATACTTTCAGTGC,0,543084
araCp,0.125,7,7,AGCTCACACTGGCTTTCCTT,0,543839
araCp,0.125,7,7,AGCTAAATATTGTACGGGTT,0,591996
araCp,0.125,7,7,AGCGGCGGCTGCTCTTGTAT,0,570894
araCp,0.125,7,7,AGCGGCCTGGTGAGTTAAGT,0,530828
araCp,0.125,7,7,AGCGGCAAGGAGAACTAACT,0,563779
araCp,0.125,7,7,AGCGAAATTTCACTTGTCTA,0,565358
araCp,0.125,7,7,AGCCTCCAGTCGGCCAAGGT,0,536208
araCp,0.125,7,7,AGCCGGTCTCACGATCAGCC,0,545513
araCp,0.125,7,7,AGCCCTGAAGCTTTTGCAGA,0,570148
araCp,0.125,7,7,AGCCATAATCCTTCCACCCT,0,535137
araCp,0.125,7,7,AGCCAACACTCTCCCTGATA,0,592061
araCp,0.125,7,7,AGCATGGGGTTCACGTCTGT,0,570365
araCp,0.125,7,7,AGCATGCGCGCAAGACCCAT,0,553010
araCp,0.125,7,7,AGCATAGGCCCAACCCTAGA,0,593084
araCp,0.125,7,7,AGCAGCTTCAGTGCACAAAC,0,539143
araCp,0.125,7,7,AGCAGCCGTTATGGTCCGGG,0,568534
araCp,0.125,7,7,AGCACTTAAGGATGACCCAA,0,525738
araCp,0.125,7,7,AGCACGACCGTAGAATACAT,0,564728
araCp,0.125,7,7,AGCACAAACGCATTGTTAGG,0,533215
araCp,0.125,7,7,AGCAAGTAAACAATTGACTC,0,532308
araCp,0.125,7,7,AGATGAACTGGGTGGGCTCG,0,551058
araCp,0.125,7,7,AGATCTCAGACGTCTCCGAG,0,564194
araCp,0.125,7,7,AGAGGGTCGCAGTACCTCAC,0,547230
araCp,0.125,7,7,AGAGGAACGCTAAGCTCTGT,0,578214
araCp,0.125,7,7,AGAGCGTGATCATTTTATGC,0,565295
araCp,0.125,7,7,AGAGCGGGTTGGCCGTAGAA,0,579712
araCp,0.125,7,7,AGAGAGCTTATGCCAGCGAA,0,538211
araCp,0.125,7,7,AGACTCTGTTGAAGCAACTA,0,548775
araCp,0.125,7,7,AGACTCAAGCTGTCATCCTG,0,527371
araCp,0.125,7,7,AGACTACGCCGGGATGCAGA,0,573924
araCp,0.125,7,7,AGAAGCGGGCGTTTATCGGG,0,601241
araCp,0.125,7,7,ACTTTTCTGTTAGGGGGCAA,0,551165
araCp,0.125,7,7,ACTTTGTGAACTCCAAGGCA,0,600547
araCp,0.125,7,7,ACTTTCACATAAAATTGGTG,0,585113
araCp,0.125,7,7,ACTTGTTCACACCGCGATTG,0,554184
araCp,0.125,7,7,ACTTCTCTAGCATTTTCTCT,0,540123
araCp,0.125,7,7,ACTTCTAGTTGAAAATGAAC,0,530016
araCp,0.125,7,7,ACTTCACGAGACGTGTCATA,0,542982
araCp,0.125,7,7,ACTGTGCCGACGGACTGCAT,0,595650
araCp,0.125,7,7,ACTGCAGCGGGAGTGCAGTA,0,583036
araCp,0.125,7,7,ACTGATGCACTTTCGGAATG,0,547987
araCp,0.125,7,7,ACTCTTTTTTGGATCAAGAG,0,546493
araCp,0.125,7,7,ACTCTGAGTAGTCCGTTCTA,0,550734
araCp,0.125,7,7,ACTCTCCGTCGTAAACAATT,0,587582
araCp,0.125,7,7,ACTCGTTGCTGCCCCGCCGT,0,540138
araCp,0.125,7,7,ACTCGAGCCAGGTAGCACTT,0,549061
araCp,0.125,7,7,ACTCCATAGGCAAATCCTAG,0,585300
araCp,0.125,7,7,ACTCAATGCCCTATCAATGA,0,559219
araCp,0.125,7,7,ACTATTGGGTCCACATTTGA,0,589744
araCp,0.125,7,7,ACTATAACATGTCGAGTACT,0,556786
araCp,0.125,7,7,ACTACGCTCCATTTGCATTC,0,551591
araCp,0.125,7,7,ACTAAATTAGGTCCAGACAA,0,578091
araCp,0.125,7,7,ACGTTTGTCCTCGGACGTCA,0,553045
araCp,0.125,7,7,ACGTGGTTTGAGCCAGGAGT,0,562180
araCp,0.125,7,7,ACGTGGAACCCCCATCGTTG,0,540821
araCp,0.125,7,7,ACGTGAGATGTACCGCGCAA,0,586883
araCp,0.125,7,7,ACGTCCTGCTTCAACCTAAG,0,534224
araCp,0.125,7,7,ACGTCCCCGATTCTGGCAAC,0,595601
araCp,0.125,7,7,ACGTACAGTTCAAAAGTGAC,0,597861
araCp,0.125,7,7,ACGGTACACCCTCGCTCCAC,0,598878
araCp,0.125,7,7,ACGGCATGATAGCTCCATGT,0,545606
araCp,0.125,7,7,ACGGAATGGTAGCAGTTTAT,0,580104
araCp,0.125,7,7,ACGCTAGCCCTGTGTTAAGA,0,536373
araCp,0.125,7,7,ACGCGGTCAAGGGCTACCGT,0,544068
araCp,0.125,7,7,ACGCCTATGAAAGTTCCTTA,0,538553
araCp,0.125,7,7,ACGCAGCTCCTGGAGGCCCA,0,594764
araCp,0.125,7,7,ACGCAAGAATGTAATCGATG,0,528620
araCp,0.125,7,7,ACGCAAATCATAAGCGCTAA,0,568081
araCp,0.125,7,7,ACGACACGCGTACGTCTGGC,0,560056
araCp,0.125,7,7,ACGAACCTTTGTCTTCGGTC,0,581822
araCp,0.125,7,7,ACGAAATGTCCCTGGTTAAT,0,601136
araCp,0.125,7,7,ACGAAATGGAGGCCCGACAG,0,539752
araCp,0.125,7,7,ACCTTATTCTCTTCCAATAT,0,528020
araCp,0.125,7,7,ACCTGGCTGTTCGTTACCGG,0,563763
araCp,0.125,7,7,ACCTAGTTATAGTGCCTTTG,0,553580
araCp,0.125,7,7,ACCGGGATACGTGAAGGCAA,0,569508
araCp,0.125,7,7,ACCGCGGGTGTGTCCTGCAA,0,573031
araCp,0.125,7,7,ACCGCCCAGGAATGAGAACT,0,596870
araCp,0.125,7,7,ACCGCCACGGCGAGTTGGGG,0,530159
araCp,0.125,7,7,ACCGACCCAGCTTAAAGCAT,0,559762
araCp,0.125,7,7,ACCGACAAGACGTAGGCTAT,0,598361
araCp,0.125,7,7,ACCCTAGGGCATTCGAGTAG,0,545159
araCp,0.125,7,7,ACCCACAACTGACGGGTATG,0,535112
araCp,0.125,7,7,ACCATCTCCCGCTCTGGCTC,0,594690
araCp,0.125,7,7,ACCATAAAAGAAGAGATCGT,0,583550
araCp,0.125,7,7,ACCAGGTAAATAATTGCTTT,0,551397
araCp,0.125,7,7,ACCAGCGCGCCTAAAAAAAT,0,532322
araCp,0.125,7,7,ACCAGACGTAGTGAGTTTAC,0,560531
araCp,0.125,7,7,ACCAGAACTACATCAGGGTA,0,532181
araCp,0.125,7,7,ACATGTTAGACGCGGATTCC,0,549987
araCp,0.125,7,7,ACATGTCCCCGGAGACGTGG,0,558747
araCp,0.125,7,7,ACATGGTCAGCATCGCCATA,0,602886
araCp,0.125,7,7,ACATGCGAGGGCTCACCGTG,0,565596
araCp,0.125,7,7,ACATCTACGGCCCTAAGAGC,0,596974
araCp,0.125,7,7,ACATCCCGGTACGGAAGCGG,0,594336
araCp,0.125,7,7,ACATCATTGGACTCTTGGCA,0,554131
araCp,0.125,7,7,ACATACCGTGCGTCCGCCCA,0,550966
araCp,0.125,7,7,ACAGTTGTTACACCGATGAT,0,584801
araCp,0.125,7,7,ACAGTACTCTACATACCTCA,0,551262
araCp,0.125,7,7,ACAGATTAGTTATAACGTCA,0,586590
araCp,0.125,7,7,ACACTCATGTGCAGTGAGGG,0,540205
araCp,0.125,7,7,ACACGCTTGGTCCACGATTT,0,548969
araCp,0.125,7,7,ACACCGTTCAATTACGGTCA,0,554519
araCp,0.125,7,7,ACACATGTGCGTCGTAGCTG,0,594522
araCp,0.125,7,7,ACACAGCGGCCCAGTTGCCT,0,556938
araCp,0.125,7,7,ACAATGAAATGTCTTGCCCA,0,540637
araCp,0.125,7,7,ACAAGTCACGGCATTATGGG,0,529970
araCp,0.125,7,7,ACAAGATACAAGTTCAGTCA,0,553816
araCp,0.125,7,7,ACAACGTGGTTAATCGGTGG,0,536603
araCp,0.125,7,7,ACAACCATCGTACTACTTTT,0,549937
araCp,0.125,7,7,ACAAAAAACGATGAGATCAA,0,581745
araCp,0.125,7,7,AATTTGCGGTACAGTGGCCA,0,553052
araCp,0.125,7,7,AATTTCCATAATTGTGAAAA,0,569294
araCp,0.125,7,7,AATTGATGGATCATCGCGTC,0,574749
araCp,0.125,7,7,AATTGACTACCCATGTCGGT,0,530248
araCp,0.125,7,7,AATTCTGACGTGACTGCATA,0,573200
araCp,0.125,7,7,AATTCTAGCACCTGGTGGTC,0,578583
araCp,0.125,7,7,AATTCAACTAGGATTTACAA,0,552812
araCp,0.125,7,7,AATGTAGCTTTCTGGGCGAC,0,541934
araCp,0.125,7,7,AATGGTTCAACAGTAAGTAG,0,566323
araCp,0.125,7,7,AATGGTTAGTGAGCCAACCC,0,546827
araCp,0.125,7,7,AATGCGATGGTGGCGTTTTT,0,594774
araCp,0.125,7,7,AATGCCTCCGTAGGGTGCGC,0,599189
araCp,0.125,7,7,AATGCCAGTGGGTCATATAC,0,530385
araCp,0.125,7,7,AATGCATTTCCCGATGGGGG,0,561766
araCp,0.125,7,7,AATGACGTACAGCTTAGACT,0,560167
araCp,0.125,7,7,AATCGTCCGTGACAGTGGTA,0,573726
araCp,0.125,7,7,AATCGGGTCTTCCCATGTTA,0,536325
araCp,0.125,7,7,AATCGGCGCCTGTTTTTGCA,0,593597
araCp,0.125,7,7,AATCGCGCTCCAAGGAACAA,0,586322
araCp,0.125,7,7,AATCCTCTTACACAGGTAGT,0,559948
araCp,0.125,7,7,AATCCATTTAAAACTTTTTA,0,601367
araCp,0.125,7,7,AATATCACGATGCTCATACT,0,574467
araCp,0.125,7,7,AATATATGGGGCTACCCGGC,0,537279
araCp,0.125,7,7,AATAGTTACCGGCAAATAGC,0,538218
araCp,0.125,7,7,AATAGCGAGGACCTGCCAGT,0,576502
araCp,0.125,7,7,AATAGATGGTGCGTCCGAAA,0,586809
araCp,0.125,7,7,AATAGACACCATATAGAACA,0,559672
araCp,0.125,7,7,AATACCTCTCCTTGCGTCTC,0,526171
araCp,0.125,7,7,AATAATTTAACGTAGGCGGC,0,530684
araCp,0.125,7,7,AATAACACTCAGGGTGAGTG,0,601108
araCp,0.125,7,7,AATAACACGTTCGAATCGTC,0,557983
araCp,0.125,7,7,AAGTTCTCAGCCCTGTCCAA,0,589566
araCp,0.125,7,7,AAGTCTTCGGTTTTTAGAGT,0,538749
araCp,0.125,7,7,AAGGTTGCCCTACGTGTGAA,0,543351
araCp,0.125,7,7,AAGGTCGCGACCCAGTTTTT,0,601231
araCp,0.125,7,7,AAGGTCGATTTACCCGGTAA,0,576668
araCp,0.125,7,7,AAGGGCATCCCTTCGGTGTA,0,565929
araCp,0.125,7,7,AAGGGAACAGGAGGCACCAA,0,579737
araCp,0.125,7,7,AAGGAGTTCCGGTGTGTTGA,0,585896
araCp,0.125,7,7,AAGCTGCCCGCGAATGACTA,0,570466
araCp,0.125,7,7,AAGCGTAGGTCGCCGAAGTC,0,581114
araCp,0.125,7,7,AAGCGAACAATAGTATAGTC,0,578333
araCp,0.125,7,7,AAGATTTGCATACAAGGCTT,0,579842
araCp,0.125,7,7,AAGATCCCCTTTTCGAAGAA,0,550930
araCp,0.125,7,7,AAGATCAAACAGTAGAATAA,0,555557
araCp,0.125,7,7,AAGAGCCCGGCTATCTGGAA,0,572072
araCp,0.125,7,7,AAGAATTCCAATTAGGGTTG,0,532917
araCp,0.125,7,7,AACTTATATGAGGGGGCACT,0,535657
araCp,0.125,7,7,AACTGTCATACGGATTCGAC,0,603415
araCp,0.125,7,7,AACTGTATGCTGCCAGTATG,0,590412
araCp,0.125,7,7,AACTGCGCTTTCGGGGTTAT,0,566052
araCp,0.125,7,7,AACGGTGTAACAGGTTTTGA,0,554112
araCp,0.125,7,7,AACGGCGTGCGTGACGTGCT,0,551185
araCp,0.125,7,7,AACGGAGGGGAGATTGACAG,0,544916
araCp,0.125,7,7,AACCTCAACCGGACAAGGAC,0,595840
araCp,0.125,7,7,AACCGTTCTCGCCACGGTAG,0,571789
araCp,0.125,7,7,AACCGTGAGAGAAGTCTTTT,0,601322
araCp,0.125,7,7,AACCGGTCGTGGGTCATTGA,0,533319
araCp,0.125,7,7,AACCGCATTGCGGGGTTCTG,0,600653
araCp,0.125,7,7,AACCCGCCCGAAATGACAGC,0,590676
araCp,0.125,7,7,AACCATTATTCTCCTTGGGT,0,564482
araCp,0.125,7,7,AACCACATAGAGATTTCATC,0,561235
araCp,0.125,7,7,AACATGGGAGTGTCGCGTTC,0,582909
araCp,0.125,7,7,AACAGTCCTGGCAGGAGCTT,0,599523
araCp,0.125,7,7,AACAGTAATGAGTGTGCCGT,0,595349
araCp,0.125,7,7,AACACCGAGCGATGAGCGAA,0,586556
araCp,0.125,7,7,AACACCATTCACCCTGATAT,0,544322
araCp,0.125,7,7,AAATTGTCCGTGGAAGGGCG,0,542581
araCp,0.125,7,7,AAATTCTCACTTTCGGGCGA,0,570221
araCp,0.125,7,7,AAATCAGCCGGGCGACGGGA,0,528763
araCp,0.125,7,7,AAATCAGATCGACACAGAAC,0,560727
araCp,0.125,7,7,AAATAAGAATACTACAAGAT,0,542923
araCp,0.125,7,7,AAAGTCATTTAGAAGCTGTT,0,584141
araCp,0.125,7,7,AAAGGAATGCACTTAACAAT,0,544053
araCp,0.125,7,7,AAAGCAACCAGATTCAGCTG,0,532172
araCp,0.125,7,7,AAACTCCAACACGTCCGGTT,0,601579
araCp,0.125,7,7,AAACGCGTAGTATGGGATTG,0,595301
araCp,0.125,7,7,AAACCGCAACGGGAGCTCGA,0,527382
araCp,0.125,7,7,AAACCCCAGATCGGGAGTCT,0,588666
araCp,0.125,7,7,AAACATCTCAAGAATTTTGG,0,566635
araCp,0.125,7,7,AAACATCGCTCTGCAGTCTT,0,602096
araCp,0.125,7,7,AAACAGGATGGGATGTGAAG,0,587560
araCp,0.125,7,7,AAAACTCCCCGTTAGTCGAG,0,586096
araCp,0.125,7,7,AAAACGGCAAACCATTGATC,0,532062
araCp,0.125,7,7,AAAACAGGGGTCCTTGTATT,0,566045
araCp,0.125,7,7,AAAACAATAGACAACAAAAT,0,597736
araCp,0.125,7,7,AAAACAAACCAGCTCAGAGC,0,597716
araCp,0.14285714285714285,6,6,TTTTGTGATGTACGATCCTT,0,559223
araCp,0.14285714285714285,6,6,TTTTGTATTGGTGGTCTCCA,0,577090
araCp,0.14285714285714285,6,6,TTTGTGCTATCCTTTACCCA,0,576210
araCp,0.14285714285714285,6,6,TTTGTCCAGTACTACCTCTT,0,556099
araCp,0.14285714285714285,6,6,TTTGTATTATTTAGAAGCCC,0,544045
araCp,0.14285714285714285,6,6,TTTGTATCCCGCTAAGTAGA,0,562797
araCp,0.14285714285714285,6,6,TTTGGGATCTGTAAGGTTGC,0,527809
araCp,0.14285714285714285,6,6,TTTGGCCTCCCAGGAGCATG,0,579302
araCp,0.14285714285714285,6,6,TTTGGAGACTCCGCTGTGGC,0,594038
araCp,0.14285714285714285,6,6,TTTGCCTTCTTTTAGCAAGA,0,565632
araCp,0.14285714285714285,6,6,TTTGATAGGTCGGCACCCAC,0,566302
araCp,0.14285714285714285,6,6,TTTGACAATTAAGCTATTGG,0,545078
araCp,0.14285714285714285,6,6,TTTCTAAGCGCTGGCTAGGT,0,598131
araCp,0.14285714285714285,6,6,TTTCGTACGCCTGAATTTAC,0,538261
araCp,0.14285714285714285,6,6,TTTCCGCTCAACCATGCCGT,0,529589
araCp,0.14285714285714285,6,6,TTTCACAGCATGATGAGATT,0,563681
araCp,0.14285714285714285,6,6,TTTATACAGGCGCCTAGACC,0,587863
araCp,0.14285714285714285,6,6,TTTAGGAAGGGATTACCGCG,0,529931
araCp,0.14285714285714285,6,6,TTTACCCTCCTGTCAAGAGT,0,573384
araCp,0.14285714285714285,6,6,TTTAATGTGTGTCTCATGTG,0,590425
araCp,0.14285714285714285,6,6,TTGTTCCCTGTCATATTGCA,0,588411
araCp,0.14285714285714285,6,6,TTGTGGCTCTATTGTTAACT,0,584480
araCp,0.14285714285714285,6,6,TTGTGAAGCAGGCGCGTGTG,0,535260
araCp,0.14285714285714285,6,6,TTGTGAAACGCGCTAAGCAG,0,598134
araCp,0.14285714285714285,6,6,TTGTCTGGATATTGTTATGG,0,534356
araCp,0.14285714285714285,6,6,TTGTAGTTGAAAGGATCAGC,0,563625
araCp,0.14285714285714285,6,6,TTGTAGTCTAATCTCTAGTA,0,560230
araCp,0.14285714285714285,6,6,TTGTAGGAGAATGACCAGCC,0,582057
araCp,0.14285714285714285,6,6,TTGTAGAGCCTCTACAGCCC,0,567441
araCp,0.14285714285714285,6,6,TTGGTTTAGTTGCGTTGATA,0,553013
araCp,0.14285714285714285,6,6,TTGGTCGAGAGCCATGGGAC,0,530731
araCp,0.14285714285714285,6,6,TTGGTATTTCTTGCCTGTTA,0,599447
araCp,0.14285714285714285,6,6,TTGGTACTCTTGCCGTACAG,0,526706
araCp,0.14285714285714285,6,6,TTGGGCGAATCAAAAGGTCC,0,559759
araCp,0.14285714285714285,6,6,TTGGCTGGGTAAGGGTAATA,0,553144
araCp,0.14285714285714285,6,6,TTGGCTCACACGCCGCCGGG,0,552691
araCp,0.14285714285714285,6,6,TTGGCGTTTGGTGTCTATAG,0,537436
araCp,0.14285714285714285,6,6,TTGGCCGTCCGCAGCTTGAC,0,538390
araCp,0.14285714285714285,6,6,TTGGATGAAGTGCAGAAACG,0,587294
araCp,0.14285714285714285,6,6,TTGGATCATACAAGACGCTA,0,583873
araCp,0.14285714285714285,6,6,TTGGACGTAAAGGTGCGGCT,0,568977
araCp,0.14285714285714285,6,6,TTGGAAGGCACTGTGGTGAG,0,568058
araCp,0.14285714285714285,6,6,TTGCTAGCCGTGCACGTGAA,0,601657
araCp,0.14285714285714285,6,6,TTGCGTGAGGTTCTGCTCTC,0,544486
araCp,0.14285714285714285,6,6,TTGCGACCAGCGACTGACAC,0,601402
araCp,0.14285714285714285,6,6,TTGCCAGTGGTACAAGCAGT,0,568340
araCp,0.14285714285714285,6,6,TTGCAAATAAGGATTAAAAC,0,527070
araCp,0.14285714285714285,6,6,TTGCAAAGTAGTACTCGTTA,0,555774
araCp,0.14285714285714285,6,6,TTGATACCCTAATTCTGATA,0,567095
araCp,0.14285714285714285,6,6,TTGAGTACCTCCGTGTTCTT,0,537580
araCp,0.14285714285714285,6,6,TTGAGACCTCTAAAGTCAAC,0,574204
araCp,0.14285714285714285,6,6,TTCTCGTGGTAGGCTGTTCC,0,589412
araCp,0.14285714285714285,6,6,TTCTCATCAACTGATCGAAT,0,593973
araCp,0.14285714285714285,6,6,TTCTATGGTCAAGTAGTCGG,0,599793
araCp,0.14285714285714285,6,6,TTCTATAGATCCTAGCTGCT,0,597399
araCp,0.14285714285714285,6,6,TTCTATACCCGTCAGAATGT,0,587634
araCp,0.14285714285714285,6,6,TTCTACCGTCGCGAGCGGCC,0,544266
araCp,0.14285714285714285,6,6,TTCTAACGAAATAGACAGGG,0,534292
araCp,0.14285714285714285,6,6,TTCGTGATTAACACGCTTTG,0,549969
araCp,0.14285714285714285,6,6,TTCGGTTCAGTATATTGGTT,0,579889
araCp,0.14285714285714285,6,6,TTCGGCATAAAGGGATCTGA,0,561851
araCp,0.14285714285714285,6,6,TTCGAGTAAAGGCGTCACAG,0,580711
araCp,0.14285714285714285,6,6,TTCGACTACGCTATGCAAAA,0,579513
araCp,0.14285714285714285,6,6,TTCCTTCATTGGCCGTACTA,0,565349
araCp,0.14285714285714285,6,6,TTCCTAGGATTTCCTATACG,0,548868
araCp,0.14285714285714285,6,6,TTCCTAGATCGCATCTGGCG,0,579084
araCp,0.14285714285714285,6,6,TTCCGTCACACGATTCGGAC,0,540274
araCp,0.14285714285714285,6,6,TTCCGGCTGACGCCCGGAAC,0,528067
araCp,0.14285714285714285,6,6,TTCCGACGGACATCCACTCT,0,579071
araCp,0.14285714285714285,6,6,TTCCATTTAGGCCTCACTGT,0,583210
araCp,0.14285714285714285,6,6,TTCCAGCGATGGTCGAGGCA,0,556375
araCp,0.14285714285714285,6,6,TTCATGCGGCTGGCACCACG,0,566224
araCp,0.14285714285714285,6,6,TTCATCGGAAGGGATTAAGA,0,533768
araCp,0.14285714285714285,6,6,TTCATACGGCTCTGAGCTCA,0,600998
araCp,0.14285714285714285,6,6,TTCACTCATTACGGCAGAGA,0,549085
araCp,0.14285714285714285,6,6,TTCAAGCTAAGAATCGTGAG,0,596654
araCp,0.14285714285714285,6,6,TTCAACGTGTATTAGTCATG,0,527158
araCp,0.14285714285714285,6,6,TTATTTGCGGGAAGTCAAAC,0,557311
araCp,0.14285714285714285,6,6,TTATTGACGTCCACCGGTTA,0,564537
araCp,0.14285714285714285,6,6,TTATTGACGCGCCAAATATC,0,569826
araCp,0.14285714285714285,6,6,TTATTCGTCATTTACGTAAC,0,526128
araCp,0.14285714285714285,6,6,TTATGCTAGATCTTAGTATG,0,583573
araCp,0.14285714285714285,6,6,TTATGCCCCGTATGACAAGG,0,567641
araCp,0.14285714285714285,6,6,TTATCTAACCTGTATGTAAA,0,543114
araCp,0.14285714285714285,6,6,TTATATTAGTCACGTGTGGT,0,583538
araCp,0.14285714285714285,6,6,TTATATCGGGATATCACAGC,0,537630
araCp,0.14285714285714285,6,6,TTATATAAAGTATGAGTGGG,0,585773
araCp,0.14285714285714285,6,6,TTATAGATGCCAATCCCGGA,0,599238
araCp,0.14285714285714285,6,6,TTATACGTACCTCGCATGTA,0,552309
araCp,0.14285714285714285,6,6,TTAGTGAGTGCTTGGTGGCC,0,601656
araCp,0.14285714285714285,6,6,TTAGTGACTTAACGAGAGCG,0,552273
araCp,0.14285714285714285,6,6,TTAGGAAGTTGCAATCGTGA,0,571182
araCp,0.14285714285714285,6,6,TTAGCTGTGATATATTTCTG,0,532230
araCp,0.14285714285714285,6,6,TTAGCCCCAGAGGCATAAGT,0,587301
araCp,0.14285714285714285,6,6,TTAGAGGTAAATGGATCGAA,0,564671
araCp,0.14285714285714285,6,6,TTACGCCTGATCATCAAGTT,0,564197
araCp,0.14285714285714285,6,6,TTACCTCGATTAACTTTGCA,0,574514
araCp,0.14285714285714285,6,6,TTACATCAGGCAGCTCCCAT,0,576766
araCp,0.14285714285714285,6,6,TTAAGAAACCCTAAACTTTG,0,588910
araCp,0.14285714285714285,6,6,TTAACTCCTCCATGGATTGG,0,529497
araCp,0.14285714285714285,6,6,TTAACCCAGTTATCTGATTG,0,587156
araCp,0.14285714285714285,6,6,TTAACATAGCTCAACGGAGT,0,562903
araCp,0.14285714285714285,6,6,TTAAATGAAGCGAGCAAAAG,0,582184
araCp,0.14285714285714285,6,6,TTAAATCAGGACCTCCGGAT,0,572294
araCp,0.14285714285714285,6,6,TTAAACGGAGCGTGTCGGAT,0,535656
araCp,0.14285714285714285,6,6,TGTTTTAGGTCGTGGAAGGG,0,552408
araCp,0.14285714285714285,6,6,TGTTGCAGTAGTTGTAGGCT,0,582465
araCp,0.14285714285714285,6,6,TGTTGCAACGTGTATCGTGG,0,562394
araCp,0.14285714285714285,6,6,TGTTCGGCTTGTGCGGCATT,0,537766
araCp,0.14285714285714285,6,6,TGTTCGAATGTGAATGCACG,0,542535
araCp,0.14285714285714285,6,6,TGTTATTCGGTGAGATGTCT,0,566055
araCp,0.14285714285714285,6,6,TGTTAGTGAGAGCTAATGGG,0,582602
araCp,0.14285714285714285,6,6,TGTGGGCTTAACTATTGATT,0,533981
araCp,0.14285714285714285,6,6,TGTGGGACGCTACGCGAGTG,0,564306
araCp,0.14285714285714285,6,6,TGTGATATGGCTAAGTAAAT,0,557979
araCp,0.14285714285714285,6,6,TGTCTATTGTAGATCATACC,0,537483
araCp,0.14285714285714285,6,6,TGTCGTGGAAACGCGAAGGC,0,540804
araCp,0.14285714285714285,6,6,TGTCCGGGGCCTTGATCCTG,0,587105
araCp,0.14285714285714285,6,6,TGTCACAAGCCCGTACACTG,0,567839
araCp,0.14285714285714285,6,6,TGTATGGTCAGTGTGGGAAG,0,543569
araCp,0.14285714285714285,6,6,TGGTTCGATAGCTATCGAGT,0,550494
araCp,0.14285714285714285,6,6,TGGTGGCTGACACCCCATTT,0,598397
araCp,0.14285714285714285,6,6,TGGTGAAAGTTATGTAGTGG,0,534768
araCp,0.14285714285714285,6,6,TGGTCTCGTACGACACCTTG,0,601243
araCp,0.14285714285714285,6,6,TGGTAGGGTGATCAGGTTAA,0,575873
araCp,0.14285714285714285,6,6,TGGTAGCTTTCTCGTTTTCG,0,581847
araCp,0.14285714285714285,6,6,TGGGTTATGGATCTAATGTA,0,561101
araCp,0.14285714285714285,6,6,TGGGGTTGTCTGACATCCGT,0,595621
araCp,0.14285714285714285,6,6,TGGGGTCACCAGGGCGTTTA,0,567822
araCp,0.14285714285714285,6,6,TGGGCTCGCGTGCACCCAGC,0,542465
araCp,0.14285714285714285,6,6,TGGGATTTCGACAGCAACTA,0,572439
araCp,0.14285714285714285,6,6,TGGGATTTAGTTCGTTGTGT,0,594599
araCp,0.14285714285714285,6,6,TGGGACTCACACACTGTGTC,0,565927
araCp,0.14285714285714285,6,6,TGGCTCGGCCTCAGACATGT,0,546955
araCp,0.14285714285714285,6,6,TGGCGCAGTGGCTCGGAACC,0,581236
araCp,0.14285714285714285,6,6,TGGCCTCTCTCAGTGGTCAC,0,540864
araCp,0.14285714285714285,6,6,TGGCATGAGTTAGCGTCCAC,0,537850
araCp,0.14285714285714285,6,6,TGGATTTCTTTTGCGCGAAT,0,561812
araCp,0.14285714285714285,6,6,TGGATTCCGCTGCATCGAGT,0,533493
araCp,0.14285714285714285,6,6,TGGATTCAGATCTACGCGTA,0,593809
araCp,0.14285714285714285,6,6,TGGATAAAAAGCCTTCCAGT,0,529032
araCp,0.14285714285714285,6,6,TGGACGTCCCGTACACCTCA,0,567194
araCp,0.14285714285714285,6,6,TGGACGCGCCAAAAACTTTC,0,566844
araCp,0.14285714285714285,6,6,TGCTTGTATCACAGCCGACC,0,564714
araCp,0.14285714285714285,6,6,TGCGGACTGTCCGAAGAGCA,0,558760
araCp,0.14285714285714285,6,6,TGCGCTCTCGCCCCATCTGC,0,554992
araCp,0.14285714285714285,6,6,TGCGCACTAGGGAGTCCTGT,0,568261
araCp,0.14285714285714285,6,6,TGCGAAATACCTCCTGTTAG,0,598222
araCp,0.14285714285714285,6,6,TGCCTTAGACGCACTCTCTT,0,580241
araCp,0.14285714285714285,6,6,TGCCAGATTTAATACACGTA,0,544585
araCp,0.14285714285714285,6,6,TGCCAAATGCCCTTGTACGA,0,585570
araCp,0.14285714285714285,6,6,TGCATTGGTTGCACAGGCTG,0,548458
araCp,0.14285714285714285,6,6,TGCAGTACCCTGGTGACTGA,0,548175
araCp,0.14285714285714285,6,6,TGCAGCCCGATCACCGCCAT,0,582268
araCp,0.14285714285714285,6,6,TGCAATTAATGGCGCTATCA,0,558179
araCp,0.14285714285714285,6,6,TGCAATAGCTGTTGCAGTAA,0,579176
araCp,0.14285714285714285,6,6,TGATTTCATTCCTCCCAGGT,0,577849
araCp,0.14285714285714285,6,6,TGATGAGTAGAGCAGTAGGT,0,579652
araCp,0.14285714285714285,6,6,TGATCTAGTCGTCTTAGGGG,0,552465
araCp,0.14285714285714285,6,6,TGATCGCTATTGACGGACAT,0,585164
araCp,0.14285714285714285,6,6,TGATCCGTTCTATGAATGGT,0,553456
araCp,0.14285714285714285,6,6,TGATCCGGTGTCTTATGGGA,0,544496
araCp,0.14285714285714285,6,6,TGATCAGCGTAGCAGTTGCA,0,598026
araCp,0.14285714285714285,6,6,TGAGTTAATGGGAATTGATA,0,563275
araCp,0.14285714285714285,6,6,TGAGTGTCTGGCCCTGCACC,0,582506
araCp,0.14285714285714285,6,6,TGAGTATCCTAGTCTCAGTA,0,530011
araCp,0.14285714285714285,6,6,TGAGGTAGGTAGACAGGGTA,0,574560
araCp,0.14285714285714285,6,6,TGAGGGGTAGTCACCGGTGG,0,527141
araCp,0.14285714285714285,6,6,TGAGCTCACTTCCCGATTTT,0,530885
araCp,0.14285714285714285,6,6,TGAGACAGCATTTGTTACAG,0,595236
araCp,0.14285714285714285,6,6,TGACGTTCACGAACGCGCGG,0,570397
araCp,0.14285714285714285,6,6,TGACGATTAGACTCGCGGCG,0,576661
araCp,0.14285714285714285,6,6,TGACGATTAATACGCGCATT,0,578524
araCp,0.14285714285714285,6,6,TGACATGAGGCGGCAAAGAT,0,527806
araCp,0.14285714285714285,6,6,TGACATCGATAGGTTTTGCG,0,546239
araCp,0.14285714285714285,6,6,TGAATTTTTGGCCTGCTGGA,0,542937
araCp,0.14285714285714285,6,6,TGAATTGATTAATGAAGGTA,0,566820
araCp,0.14285714285714285,6,6,TGAAGGAACCGGTGATGAAC,0,587941
araCp,0.14285714285714285,6,6,TGAAGATTGCGCCGGTGGAG,0,570655
araCp,0.14285714285714285,6,6,TGAAATGGTTATGACAACAG,0,555613
araCp,0.14285714285714285,6,6,TCTTCTCGTGGGATTGGCAT,0,551478
araCp,0.14285714285714285,6,6,TCTTCGTTGACTCAAGGACC,0,570239
araCp,0.14285714285714285,6,6,TCTTCGGTCTAAGCCATTGG,0,595655
araCp,0.14285714285714285,6,6,TCTTCGGATCCGTCACTCAG,0,565120
araCp,0.14285714285714285,6,6,TCTTATGCTTTCTATTGGAA,0,595778
araCp,0.14285714285714285,6,6,TCTTAGCGGTACTAATATTC,0,582768
araCp,0.14285714285714285,6,6,TCTTAAAGGAGGAAATTGAC,0,568907
araCp,0.14285714285714285,6,6,TCTGTTCGCGTCCGGGATCT,0,528539
araCp,0.14285714285714285,6,6,TCTGTATTAGCCGGGTCTAT,0,560584
araCp,0.14285714285714285,6,6,TCTGGGTCCCTCCGCCCCTT,0,538092
araCp,0.14285714285714285,6,6,TCTGGGTATAGAGGAGAGGT,0,589108
araCp,0.14285714285714285,6,6,TCTGGGCTCGTCGTGCAAGA,0,529660
araCp,0.14285714285714285,6,6,TCTGGGCCACAAGGTTCTGA,0,539849
araCp,0.14285714285714285,6,6,TCTGCGCACGAGCACGCAGG,0,539444
araCp,0.14285714285714285,6,6,TCTGCGATATGTTTATCCAT,0,545143
araCp,0.14285714285714285,6,6,TCTGCAAGCGGAGGTTCAAC,0,586141
araCp,0.14285714285714285,6,6,TCTGATACGGGTAGGGCATT,0,597102
araCp,0.14285714285714285,6,6,TCTCCAGTCTTGGCTCGAAT,0,559821
araCp,0.14285714285714285,6,6,TCTATAAATGACGATGATCA,0,593852
araCp,0.14285714285714285,6,6,TCTAGGTGAATTTGGCGGAC,0,584009
araCp,0.14285714285714285,6,6,TCTAGGAATCACACCGCGTG,0,586479
araCp,0.14285714285714285,6,6,TCTAGACTGACATAGTAAGG,0,600335
araCp,0.14285714285714285,6,6,TCTACTAATTCGTATCTCTT,0,586547
araCp,0.14285714285714285,6,6,TCTACCGGGAGCGTCTTCTT,0,575850
araCp,0.14285714285714285,6,6,TCGTTTTAAACGTATGACAT,0,568708
araCp,0.14285714285714285,6,6,TCGTCTAAGCGAATAGCGAT,0,578756
araCp,0.14285714285714285,6,6,TCGTAGGCAAACGTGCGTTG,0,526714
araCp,0.14285714285714285,6,6,TCGGGCATGGGCATTCAAGC,0,600630
araCp,0.14285714285714285,6,6,TCGGCGATACGACTACTCAA,0,596999
araCp,0.14285714285714285,6,6,TCGCTTGAAGGTTCTGCAGT,0,551368
araCp,0.14285714285714285,6,6,TCGATTTGCGGGTGCGTTGA,0,576999
araCp,0.14285714285714285,6,6,TCGACGTCGAAAGCGTGTGT,0,540287
araCp,0.14285714285714285,6,6,TCGACAAAAAAACAGGTGGT,0,534940
araCp,0.14285714285714285,6,6,TCGAAAATTCCGCGCAGCCT,0,540249
araCp,0.14285714285714285,6,6,TCCTTTAGTATCGGGCTGCC,0,577768
araCp,0.14285714285714285,6,6,TCCGGGGGGAAACCTCGTGT,0,584979
araCp,0.14285714285714285,6,6,TCCGGGAGCGAATACGATCA,0,542466
araCp,0.14285714285714285,6,6,TCCGAGTGCTAGCACGGGAT,0,558813
araCp,0.14285714285714285,6,6,TCCGAGATGTAGGGGGTTGT,0,581363
araCp,0.14285714285714285,6,6,TCCGACACGTACCACATAAC,0,591592
araCp,0.14285714285714285,6,6,TCCGAATCTATGATGTGTAC,0,567913
araCp,0.14285714285714285,6,6,TCCCGGTGCCTCTTACACAG,0,569390
araCp,0.14285714285714285,6,6,TCCCAGACCACGTCACGTGC,0,571519
araCp,0.14285714285714285,6,6,TCCCAACAAGGTGTAAAGGC,0,576417
araCp,0.14285714285714285,6,6,TCCATTGGAACCACGCTGGA,0,527066
araCp,0.14285714285714285,6,6,TCCATCCGGGTATCGCTGAA,0,591110
araCp,0.14285714285714285,6,6,TCCAGGGCTGGCGACCACAT,0,571449
araCp,0.14285714285714285,6,6,TCCAGCGTAGATTAGCCGAA,0,544394
araCp,0.14285714285714285,6,6,TCCACGCAGTGACGACGGAG,0,575658
araCp,0.14285714285714285,6,6,TCCAAGGTGTCGCGTCGCGT,0,591072
araCp,0.14285714285714285,6,6,TCCAAGGGCATTTCTCTTGG,0,594389
araCp,0.14285714285714285,6,6,TCATGTTTTACTTAATAAAA,0,527311
araCp,0.14285714285714285,6,6,TCATGTATTCTTACAGGACC,0,541828
araCp,0.14285714285714285,6,6,TCATGCATACGGCACACCAA,0,565472
araCp,0.14285714285714285,6,6,TCATGCAGCGAAATGCTAAG,0,569274
araCp,0.14285714285714285,6,6,TCATCCTAGTTCAACGGTAA,0,598912
araCp,0.14285714285714285,6,6,TCATAGAGACCGCTTACGTC,0,544701
araCp,0.14285714285714285,6,6,TCATACGCAGGGTCCAATAT,0,528761
araCp,0.14285714285714285,6,6,TCAGTTACGCATCCCCAGGT,0,543417
araCp,0.14285714285714285,6,6,TCAGTGTCGGTTCTTGTCGT,0,553197
araCp,0.14285714285714285,6,6,TCAGTACGATTTTTTGGCGA,0,602097
araCp,0.14285714285714285,6,6,TCAGGTCTCATAGAACGGAC,0,588198
araCp,0.14285714285714285,6,6,TCAGGGTTAGGCTTCGGGTC,0,547457
araCp,0.14285714285714285,6,6,TCAGCTGTCCCAAGCAAATC,0,527561
araCp,0.14285714285714285,6,6,TCAGCTGGGAAAACTTCTAT,0,528179
araCp,0.14285714285714285,6,6,TCAGAAGCCAGTAGTGCCAG,0,535208
araCp,0.14285714285714285,6,6,TCACTCGGCAGCACTCGGTC,0,536446
araCp,0.14285714285714285,6,6,TCACTCCCAGTGCTTATGCG,0,597317
araCp,0.14285714285714285,6,6,TCACGTCACGGGCGCACTTT,0,600463
araCp,0.14285714285714285,6,6,TCACGGGCGGAGCATGATAA,0,544286
araCp,0.14285714285714285,6,6,TCACCGCTTGTCGGGGACGG,0,563386
araCp,0.14285714285714285,6,6,TCACCATTGCTTCCGTAATT,0,545527
araCp,0.14285714285714285,6,6,TCACCACACGTTGGCCGTTT,0,552452
araCp,0.14285714285714285,6,6,TCACATAGAAGTAACATCGT,0,583632
araCp,0.14285714285714285,6,6,TCAATTGATCTACCACGCTA,0,574957
araCp,0.14285714285714285,6,6,TCAATGGAAGGCAGTATGAA,0,537703
araCp,0.14285714285714285,6,6,TCAATACTTGGCGTCAGGTG,0,588236
araCp,0.14285714285714285,6,6,TCAAGCTCAACGCTACTGCT,0,568892
araCp,0.14285714285714285,6,6,TATTTTGGGAAGAGTGAACG,0,528214
araCp,0.14285714285714285,6,6,TATTTTGAAGCGGTTGGATC,0,562010
araCp,0.14285714285714285,6,6,TATTTACAAGCATCTTCTGA,0,548307
araCp,0.14285714285714285,6,6,TATTCGTTGCGGGTGCCCTA,0,526091
araCp,0.14285714285714285,6,6,TATTATACAGCAGATCTCCG,0,548869
araCp,0.14285714285714285,6,6,TATTAGCGGTCGTTATGGAG,0,538491
araCp,0.14285714285714285,6,6,TATGGTACTGCGTAGATGCC,0,540645
araCp,0.14285714285714285,6,6,TATGCCTCGGGTGAGCCCCC,0,545046
araCp,0.14285714285714285,6,6,TATGCCGAATAGAGGTAGAT,0,578234
araCp,0.14285714285714285,6,6,TATGCCATAGCACGCCGATA,0,597322
araCp,0.14285714285714285,6,6,TATGAGCAACATTTTTAAAA,0,561351
araCp,0.14285714285714285,6,6,TATGACAGGATCCGACGTTG,0,532438
araCp,0.14285714285714285,6,6,TATCGTTCGTGTCAAGGCAT,0,577901
araCp,0.14285714285714285,6,6,TATCGTTAATTTTTTATTGA,0,560001
araCp,0.14285714285714285,6,6,TATCGGGATCGTCGAAGACT,0,551211
araCp,0.14285714285714285,6,6,TATCATATGTCAAAACGTTA,0,537298
araCp,0.14285714285714285,6,6,TATCAGGTATAAGTACAAGA,0,593229
araCp,0.14285714285714285,6,6,TATCACTCGCTGTCTTTAGA,0,566434
araCp,0.14285714285714285,6,6,TATATGCAGTCGTTGTACAT,0,557988
araCp,0.14285714285714285,6,6,TATATCCGGCCCGCCAAGAC,0,569231
araCp,0.14285714285714285,6,6,TATAGTTTGGCGGTCTCTGC,0,593415
araCp,0.14285714285714285,6,6,TATAGTGGACTGCTTGTGTG,0,582773
araCp,0.14285714285714285,6,6,TATAGTAGGCATATAAAAGC,0,555353
araCp,0.14285714285714285,6,6,TATAGGTCATTACCCGCACC,0,591683
araCp,0.14285714285714285,6,6,TATAGGCATTACTGGGCCGG,0,552223
araCp,0.14285714285714285,6,6,TATACATGAACCGCACGTTG,0,540017
araCp,0.14285714285714285,6,6,TAGTGCCGGAACGCGGAATA,0,566195
araCp,0.14285714285714285,6,6,TAGTCCCTCGGTGAGAGTCA,0,543676
araCp,0.14285714285714285,6,6,TAGGGAAGAATGTCTGGACG,0,590474
araCp,0.14285714285714285,6,6,TAGGCGTGGCGTCGTATGGC,0,558284
araCp,0.14285714285714285,6,6,TAGGCGTGACGTGTAACCCG,0,576132
araCp,0.14285714285714285,6,6,TAGGCCCGCATGCTGTGTCT,0,573512
araCp,0.14285714285714285,6,6,TAGGCAATCCTTTTCATCGA,0,594151
araCp,0.14285714285714285,6,6,TAGGATACACCGTGCACGCA,0,546388
araCp,0.14285714285714285,6,6,TAGCGTAGCCCATGCTCGCC,0,568751
araCp,0.14285714285714285,6,6,TAGCGCTACTGCATAACTCT,0,545841
araCp,0.14285714285714285,6,6,TAGCCCCCTCCATTTGCGAC,0,592925
araCp,0.14285714285714285,6,6,TAGAAGAAAGATGTGACGTG,0,553110
araCp,0.14285714285714285,6,6,TAGAAATGTGCTAGGGTATA,0,554173
araCp,0.14285714285714285,6,6,TACTTCACACTTTGTAATAT,0,555094
araCp,0.14285714285714285,6,6,TACTGCCCAGGGACGCGTAG,0,535783
araCp,0.14285714285714285,6,6,TACTCGTTCAAAAACTGAGT,0,529907
araCp,0.14285714285714285,6,6,TACTAGCAAAAGGTGGTGCA,0,533102
araCp,0.14285714285714285,6,6,TACTACGTTTGCTGTTATGC,0,573586
araCp,0.14285714285714285,6,6,TACTACCTTCGTGGATGTCA,0,576797
araCp,0.14285714285714285,6,6,TACGTCCCAGCTCGTTTCAG,0,598384
araCp,0.14285714285714285,6,6,TACGTACGTGCCGTTCCCTT,0,550012
araCp,0.14285714285714285,6,6,TACGGGCTAGAGGAGGGATC,0,591191
araCp,0.14285714285714285,6,6,TACGCGGGTTTCGACTATCT,0,584359
araCp,0.14285714285714285,6,6,TACGACGTGACCGCTCAGAC,0,579511
araCp,0.14285714285714285,6,6,TACGAAACTTCACAGGGGTG,0,536238
araCp,0.14285714285714285,6,6,TACCGGTGGCTTTGCCCAGC,0,535039
araCp,0.14285714285714285,6,6,TACCGGGCATCTCCCAAAAG,0,574989
araCp,0.14285714285714285,6,6,TACCGCAAAACTCAGCCTCA,0,545895
araCp,0.14285714285714285,6,6,TACCATGTTTTAGCGGAGTC,0,564394
araCp,0.14285714285714285,6,6,TACATCCAGTGCTATGCGGC,0,593861
araCp,0.14285714285714285,6,6,TACAATAGCAGCAAGTCAGT,0,564282
araCp,0.14285714285714285,6,6,TACAACAGGACTGGTCTGTA,0,578142
araCp,0.14285714285714285,6,6,TACAAATAGTTATGAGAAGC,0,594595
araCp,0.14285714285714285,6,6,TAATTTGGGGAGCGCTTTTA,0,539386
araCp,0.14285714285714285,6,6,TAATTCATACTTCGGCGCAG,0,593547
araCp,0.14285714285714285,6,6,TAATGGATCGCCGGAGGCTT,0,592292
araCp,0.14285714285714285,6,6,TAATAAAAACTACTGAGTGA,0,529418
araCp,0.14285714285714285,6,6,TAAGTCTTAAAAGTGAGCAG,0,532235
araCp,0.14285714285714285,6,6,TAAGGGCGTGGAGCAAGGGG,0,587789
araCp,0.14285714285714285,6,6,TAAGGCTCATACGGAGCACA,0,582503
araCp,0.14285714285714285,6,6,TAAGGCCGATTTCTTTCCCT,0,577594
araCp,0.14285714285714285,6,6,TAAGGCAGTCCCGTAACGTT,0,538225
araCp,0.14285714285714285,6,6,TAAGCTGTCTTCAAGCGAGA,0,532739
araCp,0.14285714285714285,6,6,TAAGCATTAGTACTTGGGCA,0,531583
araCp,0.14285714285714285,6,6,TAACGTGGCTAGTATGCATG,0,533101
araCp,0.14285714285714285,6,6,TAACGGTCATGTGTACTGGG,0,530797
araCp,0.14285714285714285,6,6,TAACCGTAAAGGGAGGGATA,0,574712
araCp,0.14285714285714285,6,6,TAAATGGTCAGAGCGAGTTT,0,584114
araCp,0.14285714285714285,6,6,TAAATCTAGCCGGGTGTCTG,0,562553
araCp,0.14285714285714285,6,6,TAAAGTGACATGAGTACCGG,0,539837
araCp,0.14285714285714285,6,6,TAAAGGCCCCTCCCAGGCTT,0,591348
araCp,0.14285714285714285,6,6,TAAACGCGGAAGTCTCCTGC,0,536327
araCp,0.14285714285714285,6,6,TAAACACGGTTTATATTATG,0,573455
araCp,0.14285714285714285,6,6,TAAACACCAGGGTTCGTGTC,0,551530
araCp,0.14285714285714285,6,6,TAAAATGCGCCGACGGGGCG,0,588090
araCp,0.14285714285714285,6,6,GTTTTTTACATGTTAGGTAT,0,538902
araCp,0.14285714285714285,6,6,GTTTTGTAGGTCCTAGCAAA,0,525965
araCp,0.14285714285714285,6,6,GTTTTCGGGGCCACACCCCA,0,554948
araCp,0.14285714285714285,6,6,GTTTTAGAAGCAATGTAGTT,0,580224
araCp,0.14285714285714285,6,6,GTTTGTGTAGGGTAAGCGCT,0,568365
araCp,0.14285714285714285,6,6,GTTTCGGTCTAATCTAAATT,0,544829
araCp,0.14285714285714285,6,6,GTTTCGACGTCGGGGATAAG,0,554714
araCp,0.14285714285714285,6,6,GTTTACTATCGTGCCGTAAC,0,547563
araCp,0.14285714285714285,6,6,GTTGGGCAGTATAATTGGGG,0,574955
araCp,0.14285714285714285,6,6,GTTGGCAGTATTGATTCGGC,0,544113
araCp,0.14285714285714285,6,6,GTTGAGCTAAACATTGAGGT,0,569180
araCp,0.14285714285714285,6,6,GTTGAACGGCAAACACCAGA,0,561993
araCp,0.14285714285714285,6,6,GTTCTCACCGATCGCGCACA,0,548466
araCp,0.14285714285714285,6,6,GTTCGAAGTCAACATAACGG,0,573403
araCp,0.14285714285714285,6,6,GTTCCAAGTACATAGAAGGA,0,595232
araCp,0.14285714285714285,6,6,GTTCCAACTACAATCCTTTC,0,597047
araCp,0.14285714285714285,6,6,GTTCACCACGCGGACGGGAT,0,548909
araCp,0.14285714285714285,6,6,GTTAGCGTTATGATCAATAT,0,570712
araCp,0.14285714285714285,6,6,GTTACGCATTGACCCAGAAC,0,526039
araCp,0.14285714285714285,6,6,GTTACAAGGACTACTGAACA,0,538774
araCp,0.14285714285714285,6,6,GTTAATCTAGTTTACGATTT,0,560133
araCp,0.14285714285714285,6,6,GTGTTTCTGATCGGTTAGCA,0,602777
araCp,0.14285714285714285,6,6,GTGTTGCCACCTGAGTCCAT,0,592352
araCp,0.14285714285714285,6,6,GTGTTCGTTGGGACGGGCAA,0,555078
araCp,0.14285714285714285,6,6,GTGTTCAGACCCGGTTCATA,0,592616
araCp,0.14285714285714285,6,6,GTGTTAGCGGTTTACGCCTA,0,596010
araCp,0.14285714285714285,6,6,GTGTGTGTCGGCATAGATCA,0,568848
araCp,0.14285714285714285,6,6,GTGTCTATAGCGGGAAGGAT,0,588621
araCp,0.14285714285714285,6,6,GTGGTTTAATATTAGCAGTG,0,584370
araCp,0.14285714285714285,6,6,GTGGCAATCAGCACCGCCCG,0,558059
araCp,0.14285714285714285,6,6,GTGGATCAGCTCGCAAAGAC,0,535302
araCp,0.14285714285714285,6,6,GTGGATCAAAAACCCGTGCG,0,542761
araCp,0.14285714285714285,6,6,GTGCGTTAAGTGTGTCAGTT,0,591113
araCp,0.14285714285714285,6,6,GTGCGCCGATATTTGTGTTT,0,539170
araCp,0.14285714285714285,6,6,GTGCGAAGCTCACCGATGAA,0,526204
araCp,0.14285714285714285,6,6,GTGCCACTCGTAAATCGTGG,0,575826
araCp,0.14285714285714285,6,6,GTGCACACATGCCCACTTGT,0,602562
araCp,0.14285714285714285,6,6,GTGACTAGGCAGACGCCCAG,0,536971
araCp,0.14285714285714285,6,6,GTGAAATGCGTATACCTTTC,0,534732
araCp,0.14285714285714285,6,6,GTGAAACATTAATCCATCCC,0,594196
araCp,0.14285714285714285,6,6,GTCTTCTAATCGGGCCTAAT,0,529650
araCp,0.14285714285714285,6,6,GTCTTAGAACTAAGGGGTTT,0,547007
araCp,0.14285714285714285,6,6,GTCTGTGTTTGGCCAACGAT,0,585091
araCp,0.14285714285714285,6,6,GTCTGGACGGTGTGATTATG,0,587118
araCp,0.14285714285714285,6,6,GTCTCAAGCCGCATCGTCCA,0,560999
araCp,0.14285714285714285,6,6,GTCTAGGATGGCCCTAGGTG,0,594394
araCp,0.14285714285714285,6,6,GTCGAGGAGTTTCGGGGGTA,0,590596
araCp,0.14285714285714285,6,6,GTCGAAGTCGTTTAGCGGAA,0,531090
araCp,0.14285714285714285,6,6,GTCCTGAGCGCATATTTAAG,0,535326
araCp,0.14285714285714285,6,6,GTCCGCATAACCAGGTGTGC,0,591804
araCp,0.14285714285714285,6,6,GTCCGATGCGGGTGAAGTAG,0,541799
araCp,0.14285714285714285,6,6,GTCAGCAGAAGAAGGTGTGA,0,575117
araCp,0.14285714285714285,6,6,GTCAGACTACCCTTAGTGTA,0,561362
araCp,0.14285714285714285,6,6,GTCACCCCATACGAAGGTAC,0,600889
araCp,0.14285714285714285,6,6,GTCAACCGACGCTAACGTAC,0,552243
araCp,0.14285714285714285,6,6,GTATTTCGCGCAACGGAATG,0,552702
araCp,0.14285714285714285,6,6,GTATTCGTGTTTTGCTTGGG,0,547684
araCp,0.14285714285714285,6,6,GTATCTTCCATGATACCTAA,0,558549
araCp,0.14285714285714285,6,6,GTATCACGCTGATGGTTAAA,0,583341
araCp,0.14285714285714285,6,6,GTATACCATACGACGACGTC,0,544270
araCp,0.14285714285714285,6,6,GTAGTTCACATTGGACCACA,0,525945
araCp,0.14285714285714285,6,6,GTAGGTCAACATCTTGGGAC,0,592273
araCp,0.14285714285714285,6,6,GTAGGATGACTTTTTCGAGT,0,585924
araCp,0.14285714285714285,6,6,GTAGCTAAAGTGTGCTCTTG,0,573132
araCp,0.14285714285714285,6,6,GTACTCAGAAGCACAGAGCG,0,599112
araCp,0.14285714285714285,6,6,GTACGACTGAGTCGGATGTA,0,527526
araCp,0.14285714285714285,6,6,GTACCCAGAAATTGGATTGC,0,554025
araCp,0.14285714285714285,6,6,GTACAGCAGATGCGCTTAGA,0,535387
araCp,0.14285714285714285,6,6,GTACAGATCTTACTGATGTG,0,573967
araCp,0.14285714285714285,6,6,GTAATTTGCGTTGGGCCCTC,0,548160
araCp,0.14285714285714285,6,6,GTAATTTACTCTTCTTTCTA,0,549370
araCp,0.14285714285714285,6,6,GTAATAATCCTGTGAGACAA,0,571581
araCp,0.14285714285714285,6,6,GTAAGCACGGTAGGAAGCGC,0,568004
araCp,0.14285714285714285,6,6,GTAACGTGATGTTCTGATGA,0,551700
araCp,0.14285714285714285,6,6,GTAACGGCGTCGCGTTCTCT,0,596572
araCp,0.14285714285714285,6,6,GGTTTGTATAAAGCTGCGGC,0,589217
araCp,0.14285714285714285,6,6,GGTTGGTGTTTCTCGTGTCA,0,568348
araCp,0.14285714285714285,6,6,GGTTGCCATGAAACGGTCTT,0,592683
araCp,0.14285714285714285,6,6,GGTTGACCCCGAGTAGCAAA,0,585704
araCp,0.14285714285714285,6,6,GGTTCTGATCAATAATGCGG,0,600065
araCp,0.14285714285714285,6,6,GGTTCAGACTATTTGCTTTG,0,556278
araCp,0.14285714285714285,6,6,GGTGTCAATTGACCACCCGA,0,536384
araCp,0.14285714285714285,6,6,GGTGGCAGGGTGCATAATTT,0,534912
araCp,0.14285714285714285,6,6,GGTGCTTACGTGGATAATTT,0,565597
araCp,0.14285714285714285,6,6,GGTGCGTTCATCGCTCGTCA,0,547162
araCp,0.14285714285714285,6,6,GGTGATAGGTCGGGTTCGGG,0,569656
araCp,0.14285714285714285,6,6,GGTGACCCAAAATCCGGGCG,0,550742
araCp,0.14285714285714285,6,6,GGTCGTACTACAAGTTCCAT,0,540901
araCp,0.14285714285714285,6,6,GGTCCCGCCTACCGAAAGGT,0,532538
araCp,0.14285714285714285,6,6,GGTCAGGCTTGGCTGGCCGT,0,534979
araCp,0.14285714285714285,6,6,GGTATTTTTATAGGGATACT,0,541284
araCp,0.14285714285714285,6,6,GGTATAACACGTATATTTTG,0,590918
araCp,0.14285714285714285,6,6,GGTAGTTGGTAGCCTCGGCC,0,591357
araCp,0.14285714285714285,6,6,GGTAGGCCGAGTCTAAAACT,0,529265
araCp,0.14285714285714285,6,6,GGTAGGAAGAAGTCGTGATA,0,547728
araCp,0.14285714285714285,6,6,GGTACGACACTTTGCGGTAT,0,547569
araCp,0.14285714285714285,6,6,GGTACCTCGCCGGACCTGAC,0,554054
araCp,0.14285714285714285,6,6,GGTAACCTCGCTTATGTCTA,0,581173
araCp,0.14285714285714285,6,6,GGGTTTATAGCCCTGCCCGA,0,553997
araCp,0.14285714285714285,6,6,GGGTTCCTACTAATAGACCC,0,586075
araCp,0.14285714285714285,6,6,GGGTGGGGGCCCATCGCTAT,0,598782
araCp,0.14285714285714285,6,6,GGGTGAGTCCCGCAGAACTC,0,535861
araCp,0.14285714285714285,6,6,GGGTGACCCTCGTTCATACC,0,546309
araCp,0.14285714285714285,6,6,GGGTCTTAATTCTAGCCAGA,0,549336
araCp,0.14285714285714285,6,6,GGGTCTCTCTATAAACAGGT,0,562911
araCp,0.14285714285714285,6,6,GGGTCACCAATTTAGTTGGT,0,599666
araCp,0.14285714285714285,6,6,GGGTCAAACTGTTAATTTGT,0,561212
araCp,0.14285714285714285,6,6,GGGTATATGTTGCGAACTGG,0,595974
araCp,0.14285714285714285,6,6,GGGTAGTTGGATTGCGGAAA,0,575003
araCp,0.14285714285714285,6,6,GGGTAATGGATGCGAGATCC,0,559020
araCp,0.14285714285714285,6,6,GGGGTTTCCATACAACGAGA,0,574998
araCp,0.14285714285714285,6,6,GGGGTTGTCAGATTTAGATT,0,594803
araCp,0.14285714285714285,6,6,GGGGTGAATCTGTTCTAATC,0,595075
araCp,0.14285714285714285,6,6,GGGGTAGTAGTGTTGGTAAG,0,585815
araCp,0.14285714285714285,6,6,GGGGGTCAGAACTATCGGCC,0,532303
araCp,0.14285714285714285,6,6,GGGGGGTATCCTTCTGGCGT,0,552137
araCp,0.14285714285714285,6,6,GGGGCGAAAGCCCGTCTGCA,0,527606
araCp,0.14285714285714285,6,6,GGGGAGCTCAGGGTTTACTC,0,556004
araCp,0.14285714285714285,6,6,GGGGACGGAGGGGGACACGG,0,565806
araCp,0.14285714285714285,6,6,GGGCTGACAGAAACAATCAC,0,534029
araCp,0.14285714285714285,6,6,GGGCTAAATTCGCACCTATA,0,601073
araCp,0.14285714285714285,6,6,GGGCGCTCCCAGCCTTTGCC,0,560458
araCp,0.14285714285714285,6,6,GGGCGCCGGTACTCAGTGTT,0,551995
araCp,0.14285714285714285,6,6,GGGCGATTGGTAGATACCCA,0,592143
araCp,0.14285714285714285,6,6,GGGCCCAAGAGAACGGTTAG,0,599862
araCp,0.14285714285714285,6,6,GGGCCATGCTGTTATGATTG,0,578081
araCp,0.14285714285714285,6,6,GGGATCTCAGACGAGGATAT,0,563614
araCp,0.14285714285714285,6,6,GGGATAATTCAATTGTCAGG,0,556231
araCp,0.14285714285714285,6,6,GGGACACAGCAACTAAATTA,0,534981
araCp,0.14285714285714285,6,6,GGGAACGGAGGCGGACAGTC,0,587961
araCp,0.14285714285714285,6,6,GGCTTATCAGCAGTTGCAAC,0,529020
araCp,0.14285714285714285,6,6,GGCTGGAAATTGAGCAATGC,0,527679
araCp,0.14285714285714285,6,6,GGCTCTATACAATTGGATAG,0,576311
araCp,0.14285714285714285,6,6,GGCTCGGACTTACTGTGGGT,0,540278
araCp,0.14285714285714285,6,6,GGCTAGGTCCATAATCTATC,0,596232
araCp,0.14285714285714285,6,6,GGCGGCGCTGGACACACCAT,0,552036
araCp,0.14285714285714285,6,6,GGCGCTGCTCCTACAGCAAC,0,599165
araCp,0.14285714285714285,6,6,GGCGCAGATCCCATCGGTGC,0,546881
araCp,0.14285714285714285,6,6,GGCGCACTATTAAAGGTTAT,0,592654
araCp,0.14285714285714285,6,6,GGCGAAAAGACTGGGGGTGT,0,554848
araCp,0.14285714285714285,6,6,GGCCGGCGTCAGCACATACT,0,600150
araCp,0.14285714285714285,6,6,GGCCGCGGGGCCAATTCCTG,0,555446
araCp,0.14285714285714285,6,6,GGCCCGGGATAAGACCTTAG,0,527304
araCp,0.14285714285714285,6,6,GGCATTCGTACCCTATTGGA,0,551931
araCp,0.14285714285714285,6,6,GGCATGTATACATTCCAAGC,0,543236
araCp,0.14285714285714285,6,6,GGCACCGCCCTCTTGATAGT,0,561257
araCp,0.14285714285714285,6,6,GGCAAGCCCTCTCGAGTCGT,0,590773
araCp,0.14285714285714285,6,6,GGATTTGTAGTCCGTTAATG,0,570806
araCp,0.14285714285714285,6,6,GGATTTACCTCATCACGTCC,0,570403
araCp,0.14285714285714285,6,6,GGATTCATATTCGTTTGTTT,0,575801
araCp,0.14285714285714285,6,6,GGATTCATATTATGAGACCT,0,569953
araCp,0.14285714285714285,6,6,GGATGCTGAAGGGAGCTAGT,0,569881
araCp,0.14285714285714285,6,6,GGATCTACAGAGAACTTACC,0,600673
araCp,0.14285714285714285,6,6,GGATCGCAGGAGCCGACCTT,0,559653
araCp,0.14285714285714285,6,6,GGATAGCTGCAGTATATTAG,0,531614
araCp,0.14285714285714285,6,6,GGATAGCAGTAGACAAGTCG,0,597403
araCp,0.14285714285714285,6,6,GGATACATTGTCCCAGACCT,0,590041
araCp,0.14285714285714285,6,6,GGAGTTTATAAGAGGATAAG,0,580110
araCp,0.14285714285714285,6,6,GGAGTCGTGCTCTATATTTA,0,553957
araCp,0.14285714285714285,6,6,GGAGTATGATATCCTAACGG,0,551239
araCp,0.14285714285714285,6,6,GGAGGTAGGCCTTGAGTATG,0,538489
araCp,0.14285714285714285,6,6,GGAGCCGGAACGCCTAGACT,0,552406
araCp,0.14285714285714285,6,6,GGAGCATCATGCGACCTCAA,0,542000
araCp,0.14285714285714285,6,6,GGAGATTTTGTTCGGGCGCA,0,602026
araCp,0.14285714285714285,6,6,GGACGCAGCTACACGGAGCT,0,583288
araCp,0.14285714285714285,6,6,GGACCGAGCACTATTAGATG,0,529688
araCp,0.14285714285714285,6,6,GGACAGTATACTCACGTGAT,0,573121
araCp,0.14285714285714285,6,6,GGAATGAACATGCCGACCAA,0,586163
araCp,0.14285714285714285,6,6,GGAATCTGACGGTAATAGGG,0,542362
araCp,0.14285714285714285,6,6,GGAATATTTATTATGTGGGG,0,595666
araCp,0.14285714285714285,6,6,GGAATACGGGGACACGGTTA,0,529060
araCp,0.14285714285714285,6,6,GGAAGGGCGAAGTCCCCTAG,0,528505
araCp,0.14285714285714285,6,6,GCTTTTTTAGGGGGTTGTAG,0,592294
araCp,0.14285714285714285,6,6,GCTTGACAGAACACACTCTT,0,585215
araCp,0.14285714285714285,6,6,GCTTCCGAAGCGCCCTATCC,0,562511
araCp,0.14285714285714285,6,6,GCTTCCCATAGCTAGGGCGG,0,533406
araCp,0.14285714285714285,6,6,GCTTCCAAACGACCGGGGGA,0,602875
araCp,0.14285714285714285,6,6,GCTTAACCCAAGTACATAAT,0,574357
araCp,0.14285714285714285,6,6,GCTGTTGGAACATTGGGTCT,0,560670
araCp,0.14285714285714285,6,6,GCTGTCTCTCGTGCATTAAC,0,572179
araCp,0.14285714285714285,6,6,GCTGTACGAGAAATCAGTCA,0,565856
araCp,0.14285714285714285,6,6,GCTGGGGACTCGGGGTTGTA,0,551476
araCp,0.14285714285714285,6,6,GCTGAACCGCCCCTCAATTC,0,589657
araCp,0.14285714285714285,6,6,GCTCGTTACCTAAAGGAGAA,0,540185
araCp,0.14285714285714285,6,6,GCTCGAGGTCTAAAAGAAAC,0,598205
araCp,0.14285714285714285,6,6,GCTCCCGCAATGAAATAATC,0,569786
araCp,0.14285714285714285,6,6,GCTCATACGGTAAGAATTTG,0,588503
araCp,0.14285714285714285,6,6,GCTCAGAAACGGACGAGTGA,0,536340
araCp,0.14285714285714285,6,6,GCTAACTCTAGATCCACGGT,0,563390
araCp,0.14285714285714285,6,6,GCTAACATGTAGTGACACCA,0,544028
araCp,0.14285714285714285,6,6,GCGTTTTTATCTCTGTAACG,0,570981
araCp,0.14285714285714285,6,6,GCGTGCGCAAACAAAGGATC,0,585028
araCp,0.14285714285714285,6,6,GCGTCAGGCGCATTTGTTGA,0,587722
araCp,0.14285714285714285,6,6,GCGTCAATATGAGGGAAATA,0,552543
araCp,0.14285714285714285,6,6,GCGTAGAGATATGTAGAAAA,0,562712
araCp,0.14285714285714285,6,6,GCGGTGGCTACAAGAGGTAG,0,529101
araCp,0.14285714285714285,6,6,GCGGTGCTATTATCGACCTA,0,540815
araCp,0.14285714285714285,6,6,GCGGGCTAGCTATGGTGACA,0,576964
araCp,0.14285714285714285,6,6,GCGGGCAGAGCCAGGCTTGC,0,545284
araCp,0.14285714285714285,6,6,GCGGGAACCCATCCGGTAAT,0,545802
araCp,0.14285714285714285,6,6,GCGGCATCAACAGTTGGAAG,0,545315
araCp,0.14285714285714285,6,6,GCGGAAGTTGAAAATGCGGA,0,565328
araCp,0.14285714285714285,6,6,GCGCGCGGTGCAGAGGATGT,0,582985
araCp,0.14285714285714285,6,6,GCGCGATTCCCATGTAGCTA,0,563426
araCp,0.14285714285714285,6,6,GCGCCTATGGACCGACGTAT,0,580149
araCp,0.14285714285714285,6,6,GCGCAGATCATACCAAATCA,0,530739
araCp,0.14285714285714285,6,6,GCGAGGAAGTCGCCGACAAC,0,585508
araCp,0.14285714285714285,6,6,GCGACAATCATCAGGAAACA,0,532992
araCp,0.14285714285714285,6,6,GCCTTTCGCCCATGAGGCGT,0,601912
araCp,0.14285714285714285,6,6,GCCTTATTCAGAGGTAGCCA,0,536422
araCp,0.14285714285714285,6,6,GCCTCGCATTACAGGCGGGT,0,564600
araCp,0.14285714285714285,6,6,GCCTCAACTCTTGGTTACAT,0,570927
araCp,0.14285714285714285,6,6,GCCTACGAATAGCTGACCCA,0,582155
araCp,0.14285714285714285,6,6,GCCTAATGCCTTCAGAGCTT,0,550753
araCp,0.14285714285714285,6,6,GCCGTCAAAGAGGCACGACT,0,547558
araCp,0.14285714285714285,6,6,GCCGTAACTCAGCGCGATTC,0,579975
araCp,0.14285714285714285,6,6,GCCGCCGCCACAAGACTACT,0,554861
araCp,0.14285714285714285,6,6,GCCCTATAATAGAGTGGTCG,0,578532
araCp,0.14285714285714285,6,6,GCCCGGATATGGTTTTCTGT,0,577109
araCp,0.14285714285714285,6,6,GCCCGGAACCAAACATTAGA,0,557566
araCp,0.14285714285714285,6,6,GCCCGAAACATCTTGGCATC,0,527744
araCp,0.14285714285714285,6,6,GCCCAAAGACTGGAACGCGG,0,561692
araCp,0.14285714285714285,6,6,GCCATTCGGGAATGTTAACT,0,543488
araCp,0.14285714285714285,6,6,GCCATTAGCAAAGCAGACGC,0,571160
araCp,0.14285714285714285,6,6,GCCAGTTATGAGTAGCGCGC,0,577081
araCp,0.14285714285714285,6,6,GCCAGCGTTGTCAACGTCTT,0,540806
araCp,0.14285714285714285,6,6,GCCAAGGGGGGTAGTAGGCT,0,569842
araCp,0.14285714285714285,6,6,GCCAACGTGGGCCATAACGA,0,597970
araCp,0.14285714285714285,6,6,GCATTTCAACGAGTGAAAAC,0,583316
araCp,0.14285714285714285,6,6,GCATTCTCTCACGTCCGGCA,0,570672
araCp,0.14285714285714285,6,6,GCATTACGCGCATAGGCTAC,0,568679
araCp,0.14285714285714285,6,6,GCATGTCCGGAGCAGGGCTA,0,525741
araCp,0.14285714285714285,6,6,GCATGGGGCGCATGGTGATT,0,560403
araCp,0.14285714285714285,6,6,GCATAAAGACAGAGGGTGAT,0,577906
araCp,0.14285714285714285,6,6,GCAGCAGGTGCTCTGCCTCC,0,572490
araCp,0.14285714285714285,6,6,GCAGAAAGACGCTATCCTCT,0,570897
araCp,0.14285714285714285,6,6,GCACGTGACAAAACGGCCTC,0,567686
araCp,0.14285714285714285,6,6,GCACGCATTCCCGTTCGGGG,0,575076
araCp,0.14285714285714285,6,6,GCACCCACTCACCACGACGT,0,554414
araCp,0.14285714285714285,6,6,GCACATTTAGCTATTGCCAT,0,596500
araCp,0.14285714285714285,6,6,GCACATTATCGCGCTGCTCT,0,560203
araCp,0.14285714285714285,6,6,GCAATCTCTGGCCGCCAATG,0,573911
araCp,0.14285714285714285,6,6,GCAAGGGTTAAGTTTTGCGA,0,536104
araCp,0.14285714285714285,6,6,GCAAGCGGCAGGTTATCAGA,0,583248
araCp,0.14285714285714285,6,6,GCAAATTGTTTGCTTAAGCA,0,560894
araCp,0.14285714285714285,6,6,GCAAAAAGCTTGGCACCTCT,0,553413
araCp,0.14285714285714285,6,6,GATTTTTTACCGAATTCTCT,0,538432
araCp,0.14285714285714285,6,6,GATTTAAGGGACTAACTTCA,0,572063
araCp,0.14285714285714285,6,6,GATTACGGCTGAAGAGTGTG,0,574976
araCp,0.14285714285714285,6,6,GATGTGCTTTGCTCGCCCCT,0,544030
araCp,0.14285714285714285,6,6,GATGTGCATCATTTGACCCT,0,585503
araCp,0.14285714285714285,6,6,GATGGTTAGGGCCGTAGGGT,0,564876
araCp,0.14285714285714285,6,6,GATGGCTACTGATAGTAGCG,0,529868
araCp,0.14285714285714285,6,6,GATGGACACTCGCGTGCAAG,0,589793
araCp,0.14285714285714285,6,6,GATGCCTAAAGCTGCTGCTG,0,561285
araCp,0.14285714285714285,6,6,GATGAGGGAATGGGCGTAGA,0,543787
araCp,0.14285714285714285,6,6,GATCCAATGCCTTGGAGACA,0,599509
araCp,0.14285714285714285,6,6,GATCACCAGACAGGCCGTTC,0,575982
araCp,0.14285714285714285,6,6,GATCAAGGCGGTATATGTAT,0,556685
araCp,0.14285714285714285,6,6,GATCAAGCGCGGGCTGGAAT,0,597826
araCp,0.14285714285714285,6,6,GATAGAGCGTATAACGAAGT,0,601789
araCp,0.14285714285714285,6,6,GATACTCAATGTGTAAAACA,0,601380
araCp,0.14285714285714285,6,6,GATACGATGATCAATTTAAG,0,590828
araCp,0.14285714285714285,6,6,GATACCTTGGTTACGTGGGC,0,539062
araCp,0.14285714285714285,6,6,GATAATGATTTTCGACTAAT,0,595447
araCp,0.14285714285714285,6,6,GATAAGAATTTTTTCTGGCG,0,557300
araCp,0.14285714285714285,6,6,GATAAATCATTCCACGGCAA,0,598387
araCp,0.14285714285714285,6,6,GAGTTCTTGCCACGGTCCGT,0,536556
araCp,0.14285714285714285,6,6,GAGTTAAGAGGTAAAGGAGC,0,530908
araCp,0.14285714285714285,6,6,GAGTGTAATGTCGAACGCAG,0,579618
araCp,0.14285714285714285,6,6,GAGTCGGGCTCTAGATGTAC,0,603164
araCp,0.14285714285714285,6,6,GAGTCGATGAATTATACCTC,0,549874
araCp,0.14285714285714285,6,6,GAGGTGTTATCCACTGATCT,0,580416
araCp,0.14285714285714285,6,6,GAGGTGCCACAACGTGACAA,0,526015
araCp,0.14285714285714285,6,6,GAGGTGCAATAATCGTTCCG,0,547743
araCp,0.14285714285714285,6,6,GAGGGTCTCAGCTGTTTTGG,0,591471
araCp,0.14285714285714285,6,6,GAGGGAAGTAACCGCTGGAA,0,531966
araCp,0.14285714285714285,6,6,GAGGCGCGGCAACCTAGCGC,0,533347
araCp,0.14285714285714285,6,6,GAGCTCGACTTGGTGTTTCC,0,583680
araCp,0.14285714285714285,6,6,GAGCTAACCTAAACTCCATG,0,597986
araCp,0.14285714285714285,6,6,GAGCGTTCATGTCAGTCCAA,0,566268
araCp,0.14285714285714285,6,6,GAGCCTGCTACTTCTACCAC,0,562857
araCp,0.14285714285714285,6,6,GAGCCTATTCGCGAAATGAA,0,550658
araCp,0.14285714285714285,6,6,GAGCCCCTTCACAGGTCGGA,0,600734
araCp,0.14285714285714285,6,6,GAGATGCGAGCTGGGGACAC,0,600931
araCp,0.14285714285714285,6,6,GAGATCCGAGAGAGCCCAGG,0,601482
araCp,0.14285714285714285,6,6,GAGACCTAGCCGATACTGGT,0,599342
araCp,0.14285714285714285,6,6,GAGAACCTCGACCGGTAAGG,0,529616
araCp,0.14285714285714285,6,6,GACTTAGTGACCTTTGGCAG,0,536722
araCp,0.14285714285714285,6,6,GACTGGCACTGCAAGGTACT,0,569438
araCp,0.14285714285714285,6,6,GACTCTGGATTGAAGTTGGT,0,566585
araCp,0.14285714285714285,6,6,GACTCGATTATAGATTGAAT,0,563107
araCp,0.14285714285714285,6,6,GACTCCGCTAACTACTCATT,0,591016
araCp,0.14285714285714285,6,6,GACTCCCACTCCGTATCCGA,0,547851
araCp,0.14285714285714285,6,6,GACTATTTTTTTATCAGCGG,0,600814
araCp,0.14285714285714285,6,6,GACGTGCATAGAGGCAGATG,0,585515
araCp,0.14285714285714285,6,6,GACGGTTAAAGTCTAAATGT,0,538443
araCp,0.14285714285714285,6,6,GACGGGACATTTTTTATTGG,0,564633
araCp,0.14285714285714285,6,6,GACGGATGAGACCTCGCCCA,0,537711
araCp,0.14285714285714285,6,6,GACGGAGTGCAAGCCTCTCC,0,601152
araCp,0.14285714285714285,6,6,GACGATGCCTCGTCCGGGAC,0,558151
araCp,0.14285714285714285,6,6,GACGATACGAACGTTAGGAT,0,527883
araCp,0.14285714285714285,6,6,GACCTGACGCGATGATTCCG,0,550180
araCp,0.14285714285714285,6,6,GACCGGTCTCGCAACAGTCT,0,585781
araCp,0.14285714285714285,6,6,GACCGGCACAGAATGCCCTC,0,548410
araCp,0.14285714285714285,6,6,GACCACTGGAGCGAACAATG,0,583789
araCp,0.14285714285714285,6,6,GACATACGGACCCGAAAAGC,0,541017
araCp,0.14285714285714285,6,6,GACACTTTTTAGCGCGACCT,0,582970
araCp,0.14285714285714285,6,6,GACACGCGCATAGGTCAAGG,0,586627
araCp,0.14285714285714285,6,6,GACAATATTTAAGCCAATCG,0,553242
araCp,0.14285714285714285,6,6,GACAACGCGCAACCACCGTC,0,544483
araCp,0.14285714285714285,6,6,GAATTAAGAGTGTACAAGTT,0,542641
araCp,0.14285714285714285,6,6,GAATCGTCAAAGTACGAACT,0,535712
araCp,0.14285714285714285,6,6,GAAGTGGCATAGTCCGGCCT,0,588703
araCp,0.14285714285714285,6,6,GAAGTCGTCTACCTCTATAA,0,548984
araCp,0.14285714285714285,6,6,GAAGTCAGGCCCGTTGCCAG,0,561679
araCp,0.14285714285714285,6,6,GAAGGGTACTACCTCGGTCG,0,545910
araCp,0.14285714285714285,6,6,GAAGGAAAACCTGCCTACCC,0,564959
araCp,0.14285714285714285,6,6,GAAGCTATCCGGAGAGCAAG,0,526865
araCp,0.14285714285714285,6,6,GAAGACTTCCGCCGCGTAGG,0,545378
araCp,0.14285714285714285,6,6,GAACGATCAGCAGTGTCTTT,0,568952
araCp,0.14285714285714285,6,6,GAACCCAACTTCACGCCGTA,0,554517
araCp,0.14285714285714285,6,6,GAACAGCATGCGTGTCCGCT,0,602729
araCp,0.14285714285714285,6,6,GAAATCCTGCGTTAGGAGGC,0,560836
araCp,0.14285714285714285,6,6,GAAAGTGCGAGGGTAACGAT,0,563209
araCp,0.14285714285714285,6,6,GAAAGGGACTGTCAATCCAA,0,592676
araCp,0.14285714285714285,6,6,CTTTTTTACTGAAAATCAGT,0,533381
araCp,0.14285714285714285,6,6,CTTTTTCCACAGGATTAGCG,0,588354
araCp,0.14285714285714285,6,6,CTTTTAACCCTCCTTCGTGA,0,576995
araCp,0.14285714285714285,6,6,CTTTTAAAACCAGTAATCCT,0,603698
araCp,0.14285714285714285,6,6,CTTTCACCGCCCGACTCGTA,0,593088
araCp,0.14285714285714285,6,6,CTTTAGCTCCCTCTGTCATG,0,580223
araCp,0.14285714285714285,6,6,CTTGTTTAGGCACTGATAGA,0,592697
araCp,0.14285714285714285,6,6,CTTGTGTGTGAGTCTTTGAT,0,566298
araCp,0.14285714285714285,6,6,CTTGTGGCACGAAGCGAAGT,0,529902
araCp,0.14285714285714285,6,6,CTTGGTGGGGCACTCTGCGA,0,587125
araCp,0.14285714285714285,6,6,CTTGGGTGGGAAAGGTTGTG,0,531390
araCp,0.14285714285714285,6,6,CTTGGGGCACGGAGACACAC,0,568681
araCp,0.14285714285714285,6,6,CTTGGCAGATACTTATTGGT,0,580446
araCp,0.14285714285714285,6,6,CTTGGCAGACCAAACCAAAT,0,562011
araCp,0.14285714285714285,6,6,CTTGGACTGGTGACGTCGAG,0,572690
araCp,0.14285714285714285,6,6,CTTGCAATATAATCGGGGTC,0,602308
araCp,0.14285714285714285,6,6,CTTGAAAGGCTCTGTGCGTA,0,549126
araCp,0.14285714285714285,6,6,CTTCTTTTGTGATGGTGTTT,0,586490
araCp,0.14285714285714285,6,6,CTTCTATAAGCTGACGTGAA,0,597057
araCp,0.14285714285714285,6,6,CTTCGTTCTGAGGGCAGCCT,0,596408
araCp,0.14285714285714285,6,6,CTTCGCAGGGTTGAGAACCC,0,551325
araCp,0.14285714285714285,6,6,CTTCCTAGGAAGGGGTGTGA,0,570391
araCp,0.14285714285714285,6,6,CTTCCCTTGACTCGAGTTGA,0,574681
araCp,0.14285714285714285,6,6,CTTCCCCATGTGAGGTCTCT,0,535645
araCp,0.14285714285714285,6,6,CTTCACTCCCTGCAGTCGGC,0,580588
araCp,0.14285714285714285,6,6,CTTACTAGGAATCGTTCGGA,0,559944
araCp,0.14285714285714285,6,6,CTTACCATGCCCGTCTGCTC,0,534995
araCp,0.14285714285714285,6,6,CTTAACTGGCAGGCTAATGA,0,549477
araCp,0.14285714285714285,6,6,CTGTTTCATTGTTTACCTGA,0,564051
araCp,0.14285714285714285,6,6,CTGTTAATTGAATAGTGGGG,0,541043
araCp,0.14285714285714285,6,6,CTGTGCATTACCCTTGCCTT,0,558129
araCp,0.14285714285714285,6,6,CTGTCTTACCAGCCGGCGCG,0,564421
araCp,0.14285714285714285,6,6,CTGTATCCGTGCCGCACACA,0,585498
araCp,0.14285714285714285,6,6,CTGTAGCCCATCCGTGGGTA,0,527240
araCp,0.14285714285714285,6,6,CTGTACGCGGTCGCGGAATG,0,572396
araCp,0.14285714285714285,6,6,CTGTACCAGGCGTTCTTATC,0,539877
araCp,0.14285714285714285,6,6,CTGGTTCTTTACGGGCAGAC,0,539049
araCp,0.14285714285714285,6,6,CTGGTGGAAAGGGAATACGC,0,583511
araCp,0.14285714285714285,6,6,CTGGGTCAATTATCGGCAGT,0,582326
araCp,0.14285714285714285,6,6,CTGGGAGCTCTGTTTTAAGT,0,583876
araCp,0.14285714285714285,6,6,CTGGGAGCAGCGATTATTAC,0,537215
araCp,0.14285714285714285,6,6,CTGGCGTGGCTGAGCGTATC,0,598422
araCp,0.14285714285714285,6,6,CTGGATTTTTTAATGGCGGA,0,586270
araCp,0.14285714285714285,6,6,CTGCTCAGAATGGACTAAGG,0,561343
araCp,0.14285714285714285,6,6,CTGCTATGCTCCTGAAAGCT,0,577816
araCp,0.14285714285714285,6,6,CTGCGGCCCCATACTAAGGT,0,590344
araCp,0.14285714285714285,6,6,CTGCCCTTACCCCTGGGCAG,0,566111
araCp,0.14285714285714285,6,6,CTGCATGCATGCAGAATTTC,0,558450
araCp,0.14285714285714285,6,6,CTGATATGTTAAATCCTATT,0,603579
araCp,0.14285714285714285,6,6,CTGAGGGTCCGGAACGCCAT,0,558431
araCp,0.14285714285714285,6,6,CTGACGATTAGGCGGTGGCT,0,595400
araCp,0.14285714285714285,6,6,CTGAAGGAGCGCCCACATCA,0,599532
araCp,0.14285714285714285,6,6,CTCTTTGTCTGCTAAACGTC,0,538909
araCp,0.14285714285714285,6,6,CTCTTAACCCTTGGCGACGT,0,575011
araCp,0.14285714285714285,6,6,CTCTTAAACTGGTGCTTTTG,0,541994
araCp,0.14285714285714285,6,6,CTCTGATGGGGTGAAACAAG,0,576413
araCp,0.14285714285714285,6,6,CTCTCCTCCGCGTTCCTAAT,0,579819
araCp,0.14285714285714285,6,6,CTCTATTTGGAAATCTTGCG,0,549148
araCp,0.14285714285714285,6,6,CTCTATTGAGTCAAGTTATC,0,537958
araCp,0.14285714285714285,6,6,CTCTAGCTCGCTTTAACTCA,0,582861
araCp,0.14285714285714285,6,6,CTCTAGCGACTATATAGGCT,0,559383
araCp,0.14285714285714285,6,6,CTCTACGGTGAATCGAGGGT,0,582607
araCp,0.14285714285714285,6,6,CTCTAACCAGTACGCGCTCT,0,593005
araCp,0.14285714285714285,6,6,CTCGTTTTGAGGCGCTATGA,0,581180
araCp,0.14285714285714285,6,6,CTCGTTAAGAGAATCCTGAC,0,591711
araCp,0.14285714285714285,6,6,CTCGTGGTCGAAGACTATCT,0,587601
araCp,0.14285714285714285,6,6,CTCGGCAATGCTCCTTTAGC,0,576704
araCp,0.14285714285714285,6,6,CTCGCCAAACTGCAGTACGG,0,528313
araCp,0.14285714285714285,6,6,CTCGCAAGCGGACCGCTATT,0,601805
araCp,0.14285714285714285,6,6,CTCGAGGTTTTATATCGTTT,0,537417
araCp,0.14285714285714285,6,6,CTCGAATATGCCTCCTCCTA,0,530283
araCp,0.14285714285714285,6,6,CTCGAACATATTTTCTCTTA,0,584189
araCp,0.14285714285714285,6,6,CTCCTTAGCAGCTACAACGG,0,572277
araCp,0.14285714285714285,6,6,CTCCTTACGACAGTCGGTGG,0,583584
araCp,0.14285714285714285,6,6,CTCCTACTGGCGAACGGTGC,0,545457
araCp,0.14285714285714285,6,6,CTCCCAGTGATTTGGGGGCT,0,578950
araCp,0.14285714285714285,6,6,CTCCACGCACCCCGGAAGTC,0,572852
araCp,0.14285714285714285,6,6,CTCATTGGCGAACACTCGAT,0,576065
araCp,0.14285714285714285,6,6,CTCATGGTTGTAGTACGACT,0,597425
araCp,0.14285714285714285,6,6,CTCAGTAGGCAGACTCGGTT,0,563479
araCp,0.14285714285714285,6,6,CTCAGTAAGTCGCTACACAG,0,563410
araCp,0.14285714285714285,6,6,CTCAAGGTGTTGGTCTATGC,0,542184
araCp,0.14285714285714285,6,6,CTATTCTGGCGTGATCTAAT,0,589038
araCp,0.14285714285714285,6,6,CTATGAAGGAAGTATGGAGT,0,603449
araCp,0.14285714285714285,6,6,CTATCCGCCTCGCGGACACA,0,563289
araCp,0.14285714285714285,6,6,CTATAGAGCCGTTATGCTGT,0,558569
araCp,0.14285714285714285,6,6,CTATAGAAGTTAGTACTGAT,0,589606
araCp,0.14285714285714285,6,6,CTATACATTGGATACTGGTG,0,566164
araCp,0.14285714285714285,6,6,CTATAAACGTTAAAGTGGGT,0,528689
araCp,0.14285714285714285,6,6,CTAGTGACTCAGCTTATTAA,0,582284
araCp,0.14285714285714285,6,6,CTAGCAGTCGCTCGAAACGT,0,603288
araCp,0.14285714285714285,6,6,CTACGGCGGGCCTCTCCGGT,0,595016
araCp,0.14285714285714285,6,6,CTAATGAAGGAGTGTGTTCT,0,600342
araCp,0.14285714285714285,6,6,CTAATAATGTAGTTGCGGAG,0,545206
araCp,0.14285714285714285,6,6,CTAAGACTGAGAGACTGTAA,0,571276
araCp,0.14285714285714285,6,6,CTAAGAAACGCTGGGCGGGA,0,594259
araCp,0.14285714285714285,6,6,CGTTTCCGGCAGCGGCGCGG,0,581655
araCp,0.14285714285714285,6,6,CGTTTAAGGGACCAGGATGT,0,531020
araCp,0.14285714285714285,6,6,CGTTGTACTGGAGTATGTAT,0,530917
araCp,0.14285714285714285,6,6,CGTTATGCTGCACGCCTGAG,0,578602
araCp,0.14285714285714285,6,6,CGTTATCACGACCACAAGGA,0,555371
araCp,0.14285714285714285,6,6,CGTTAAACCCCCGGCGGGCA,0,554265
araCp,0.14285714285714285,6,6,CGTGTTTGCAGCTATATTAG,0,590178
araCp,0.14285714285714285,6,6,CGTGTCGTGAGATCAGAGTC,0,599025
araCp,0.14285714285714285,6,6,CGTGGAGGGCCTCAGGTAGG,0,579768
araCp,0.14285714285714285,6,6,CGTGGACGGGTTAACTAGGT,0,559312
araCp,0.14285714285714285,6,6,CGTGCGTTAACAAGTCTCGA,0,567335
araCp,0.14285714285714285,6,6,CGTGCCCTAACCCACTCCGC,0,589538
araCp,0.14285714285714285,6,6,CGTCTGGTGGTGAGCCCTGC,0,550040
araCp,0.14285714285714285,6,6,CGTCGTGAAATATGCGAACG,0,554062
araCp,0.14285714285714285,6,6,CGTCGCTAGTGTCAACCTGC,0,572361
araCp,0.14285714285714285,6,6,CGTCCTCATTTACTTGCAGT,0,525725
araCp,0.14285714285714285,6,6,CGTATGACGTATTTAATGGA,0,565896
araCp,0.14285714285714285,6,6,CGTAGTCAAGTCTTTCGAGG,0,565234
araCp,0.14285714285714285,6,6,CGTACCGAGCGTGCGAGGAA,0,575286
araCp,0.14285714285714285,6,6,CGTACATTCGGCTCCTACGC,0,601740
araCp,0.14285714285714285,6,6,CGTACATCCTACGCAGAAGG,0,528400
araCp,0.14285714285714285,6,6,CGTACAAGTGGGTCACACCA,0,568581
araCp,0.14285714285714285,6,6,CGGTTATGCAACGAGGCATT,0,567148
araCp,0.14285714285714285,6,6,CGGTGGCATCCGCTTATGGG,0,560976
araCp,0.14285714285714285,6,6,CGGTGCCCATGAATGAGTTT,0,597443
araCp,0.14285714285714285,6,6,CGGTCTCGGACCTGTAAGCG,0,593392
araCp,0.14285714285714285,6,6,CGGTCGTCAGATAATTATTG,0,581697
araCp,0.14285714285714285,6,6,CGGTCGGTAGACATGAGCCT,0,542367
araCp,0.14285714285714285,6,6,CGGTCCCCACATCAACAGCA,0,557932
araCp,0.14285714285714285,6,6,CGGTCATGGTGGGGCTGCTT,0,581273
araCp,0.14285714285714285,6,6,CGGTCAGGGTGTGGGGCTGC,0,603058
araCp,0.14285714285714285,6,6,CGGTATTCAAAAGACAAGAT,0,552303
araCp,0.14285714285714285,6,6,CGGGTTTTCTGCCGTTGCTC,0,575208
araCp,0.14285714285714285,6,6,CGGGTTCTGTAACGGTCCTT,0,603002
araCp,0.14285714285714285,6,6,CGGGTGGTTAACGGCCTAGT,0,582443
araCp,0.14285714285714285,6,6,CGGGTATTATACGCGTCCAG,0,603726
araCp,0.14285714285714285,6,6,CGGGGGCATGTAACGCCATA,0,543404
araCp,0.14285714285714285,6,6,CGGGGCGACCTTGCATAAGG,0,552314
araCp,0.14285714285714285,6,6,CGGGACATTTATAGGGCATA,0,560565
araCp,0.14285714285714285,6,6,CGGCTCGGTCGAAGTCAAAT,0,601923
araCp,0.14285714285714285,6,6,CGGCGTGGCAGTTGTTACAC,0,532254
araCp,0.14285714285714285,6,6,CGGCGCTGGTCCAGCTTCAC,0,531492
araCp,0.14285714285714285,6,6,CGGCGCTAATTGGAGATCAC,0,597578
araCp,0.14285714285714285,6,6,CGGCGCCAAAGCAGCTGGAA,0,592625
araCp,0.14285714285714285,6,6,CGGCCTGCGAAGTGCCGGGT,0,542253
araCp,0.14285714285714285,6,6,CGGCCTCTGGAGAGAGCTGA,0,549356
araCp,0.14285714285714285,6,6,CGGCCAGAGATTTTTACTTA,0,593186
araCp,0.14285714285714285,6,6,CGGCAGCGCAAGAAATTTAT,0,560010
araCp,0.14285714285714285,6,6,CGGATGTGTAGGCTGACTGG,0,571579
araCp,0.14285714285714285,6,6,CGGAGGAGGGATAATAGACT,0,553416
araCp,0.14285714285714285,6,6,CGGAAGCATTCCTGGGAGCT,0,580988
araCp,0.14285714285714285,6,6,CGCTTTGTCAGTGAACTGCA,0,555796
araCp,0.14285714285714285,6,6,CGCTTAGCGCGGGTCCGTAC,0,543498
araCp,0.14285714285714285,6,6,CGCTGGTACGGTTATAATGT,0,552113
araCp,0.14285714285714285,6,6,CGCTGACACGACAACGAGGT,0,539150
araCp,0.14285714285714285,6,6,CGCTCTCCTTATCGAAGGGA,0,528334
araCp,0.14285714285714285,6,6,CGCTCACGTCCTGTCAGGGA,0,579225
araCp,0.14285714285714285,6,6,CGCTAGCCAGGACGTGGCCA,0,596009
araCp,0.14285714285714285,6,6,CGCTACTTCGACTGGCATAT,0,591502
araCp,0.14285714285714285,6,6,CGCTACTCTACCGAGAGTCC,0,546287
araCp,0.14285714285714285,6,6,CGCTACGGAACATCACGTGG,0,603078
araCp,0.14285714285714285,6,6,CGCGCAGCCTAATATACTCA,0,531690
araCp,0.14285714285714285,6,6,CGCGAGCCGCCTTCATGCAG,0,571608
araCp,0.14285714285714285,6,6,CGCGACTATCCATCTTTCTA,0,532765
araCp,0.14285714285714285,6,6,CGCGACAGCTTTACGGTCCG,0,571502
araCp,0.14285714285714285,6,6,CGCCTGCCGCATAAGTCGCT,0,547883
araCp,0.14285714285714285,6,6,CGCCGTCTTCCGATCTTAAC,0,555707
araCp,0.14285714285714285,6,6,CGCCCCTGCGTAACTCTTAT,0,577735
araCp,0.14285714285714285,6,6,CGCCAAAGCCCAGAACGCCG,0,590369
araCp,0.14285714285714285,6,6,CGCATCTTTTAGTACCAAGA,0,570209
araCp,0.14285714285714285,6,6,CGCAGTCTTACAACTACTAG,0,586142
araCp,0.14285714285714285,6,6,CGCAGGCTTTGACCACAAGT,0,568902
araCp,0.14285714285714285,6,6,CGCACTGTTCGCTGTCAAAT,0,547353
araCp,0.14285714285714285,6,6,CGCAAGTAAGCTTTCTTACC,0,579841
araCp,0.14285714285714285,6,6,CGCAAGGTTGGGGTCAGTTA,0,533629
araCp,0.14285714285714285,6,6,CGATTTTGGCAATGTGTGAG,0,531019
araCp,0.14285714285714285,6,6,CGATTTGATCTTTGATAAAT,0,594227
araCp,0.14285714285714285,6,6,CGATTAGCTCGTGGATGCAG,0,533659
araCp,0.14285714285714285,6,6,CGATGTACGTCACCGGTGGA,0,552677
araCp,0.14285714285714285,6,6,CGATCGCTGTAATAGCCTCA,0,526690
araCp,0.14285714285714285,6,6,CGATAAGGTGGGAGGGCAAA,0,527610
araCp,0.14285714285714285,6,6,CGATAAGGGATCCTGGACCA,0,583472
araCp,0.14285714285714285,6,6,CGAGTGGTCGGCGCGACATT,0,596526
araCp,0.14285714285714285,6,6,CGAGGTTCGGGAGCAAGGAT,0,564487
araCp,0.14285714285714285,6,6,CGAGGTCAAAGGATATGCGA,0,595883
araCp,0.14285714285714285,6,6,CGAGCTCACGAGCAGTGGAT,0,535674
araCp,0.14285714285714285,6,6,CGAGCACGAAGGAGGAAAGC,0,549599
araCp,0.14285714285714285,6,6,CGACCTTCATGTGACAAGGA,0,527363
araCp,0.14285714285714285,6,6,CGACCTCAGGATCAGCATGT,0,582255
araCp,0.14285714285714285,6,6,CGACCATGACGTACCTCGCA,0,561267
araCp,0.14285714285714285,6,6,CGACCAAATCTATCGGCTTT,0,592818
araCp,0.14285714285714285,6,6,CGACATGAATTGTGCTGTGT,0,567835
araCp,0.14285714285714285,6,6,CGACAGGGAATATTTCGTAC,0,535781
araCp,0.14285714285714285,6,6,CGACAAAGGGGACAGGTGAA,0,570741
araCp,0.14285714285714285,6,6,CGAATTTCAGTTGGGCCTGG,0,536781
araCp,0.14285714285714285,6,6,CGAAGCCACGTCCCTTGATA,0,565514
araCp,0.14285714285714285,6,6,CGAACGTGGATCTACCGGGC,0,584862
araCp,0.14285714285714285,6,6,CGAACGGATGTACGCTTGTT,0,598732
araCp,0.14285714285714285,6,6,CGAACCGGGACACCGCGGAT,0,536487
araCp,0.14285714285714285,6,6,CGAAATTTTCGCTGGCCTTG,0,549408
araCp,0.14285714285714285,6,6,CGAAAGCTGCGCACAAGGTA,0,586877
araCp,0.14285714285714285,6,6,CGAAACGTAGTACGGGGTTG,0,588780
araCp,0.14285714285714285,6,6,CCTTGTTGACGTAGGTTGTA,0,583564
araCp,0.14285714285714285,6,6,CCTTCTATCACATGTTTGTA,0,575498
araCp,0.14285714285714285,6,6,CCTGTCATACAATGGAAAGG,0,540362
araCp,0.14285714285714285,6,6,CCTGGAGGAAATAATTCTAT,0,558351
araCp,0.14285714285714285,6,6,CCTGCTACCGGGGGTCCCTT,0,548632
araCp,0.14285714285714285,6,6,CCTGATAGTCGAATTCGGTC,0,536490
araCp,0.14285714285714285,6,6,CCTGAGTGCTCGCACGTGCG,0,538354
araCp,0.14285714285714285,6,6,CCTGAGGCAGGAATTGAAAC,0,531919
araCp,0.14285714285714285,6,6,CCTGAAAGTACACGGTTGTC,0,537408
araCp,0.14285714285714285,6,6,CCTCGGTACGGGAGTTAGAT,0,532620
araCp,0.14285714285714285,6,6,CCTCGCGCGTTCATGTCGTA,0,556897
araCp,0.14285714285714285,6,6,CCTACAACGATGGACCCGCT,0,582369
araCp,0.14285714285714285,6,6,CCTAAGGGCGATCAATTTGT,0,569187
araCp,0.14285714285714285,6,6,CCTAACGGTTTCCTGAGCGG,0,532986
araCp,0.14285714285714285,6,6,CCGTGTGCGGACCAGGTGGA,0,535986
araCp,0.14285714285714285,6,6,CCGTGGTCAGACGGCTCGTC,0,567869
araCp,0.14285714285714285,6,6,CCGTGCCAATGGGACAATAT,0,581515
araCp,0.14285714285714285,6,6,CCGTGAACACGACGGTTTGT,0,592321
araCp,0.14285714285714285,6,6,CCGTCTTCCAAAATCCTCGA,0,546695
araCp,0.14285714285714285,6,6,CCGTCTAGTAACCCACGTCA,0,565674
araCp,0.14285714285714285,6,6,CCGTCGGTTGGCAACCTCAT,0,543065
araCp,0.14285714285714285,6,6,CCGTAATCGGTCTACGATTG,0,549770
araCp,0.14285714285714285,6,6,CCGGGTCGGACTCTCCGTTT,0,563138
araCp,0.14285714285714285,6,6,CCGGGGGTCTGGCAATTGCG,0,566697
araCp,0.14285714285714285,6,6,CCGGGCTAAAATTACGCGCT,0,603273
araCp,0.14285714285714285,6,6,CCGGATGTGATAGGGCTTGG,0,586638
araCp,0.14285714285714285,6,6,CCGGATGCCGGGCGCCAACA,0,550490
araCp,0.14285714285714285,6,6,CCGCTCTCGGCAGAGATGTC,0,546960
araCp,0.14285714285714285,6,6,CCGCCATTTGTTCCTGGCAT,0,546685
araCp,0.14285714285714285,6,6,CCGCCAAAGCTAGTACAAGC,0,559947
araCp,0.14285714285714285,6,6,CCGCATTGGTCATCATATCT,0,535518
araCp,0.14285714285714285,6,6,CCGCACTGGATAGTATTTCG,0,602878
araCp,0.14285714285714285,6,6,CCGCAAATCCTTCCGTCTAC,0,594807
araCp,0.14285714285714285,6,6,CCGATTAGCTTCGACACTTC,0,560464
araCp,0.14285714285714285,6,6,CCGATTAAGTAGGGCAATGC,0,570077
araCp,0.14285714285714285,6,6,CCGATGTAAGGGTCATGGCA,0,588089
araCp,0.14285714285714285,6,6,CCGAGGTCCGTCGGTGACGG,0,588860
araCp,0.14285714285714285,6,6,CCGAGCTGTGATGATCGCCT,0,528724
araCp,0.14285714285714285,6,6,CCGAGAGCCGCGAGCGGCGT,0,559569
araCp,0.14285714285714285,6,6,CCGAACGGTCTCGACAATGG,0,575247
araCp,0.14285714285714285,6,6,CCCTTTTACAACGAGGGCAT,0,540393
araCp,0.14285714285714285,6,6,CCCTGTTTCCCCATCGCAAC,0,542695
araCp,0.14285714285714285,6,6,CCCTGGGTATGTGCCAATCG,0,601746
araCp,0.14285714285714285,6,6,CCCTGGGATCTGTAAAATAC,0,575421
araCp,0.14285714285714285,6,6,CCCTGCACACATCCCTGGGG,0,567914
araCp,0.14285714285714285,6,6,CCCTAGCGTGAATTTTTTAA,0,546073
araCp,0.14285714285714285,6,6,CCCTAACCGAGGTTTAAGCT,0,566379
araCp,0.14285714285714285,6,6,CCCGTAGTGGTACGAAATAT,0,598316
araCp,0.14285714285714285,6,6,CCCGGTCCGTCCAACCCTAA,0,583630
araCp,0.14285714285714285,6,6,CCCGAGGCTCGCCCGCAGGA,0,539308
araCp,0.14285714285714285,6,6,CCCGAACTTAGCAGTCATTG,0,591921
araCp,0.14285714285714285,6,6,CCCCTTAAACTCGCGCGCAC,0,530949
araCp,0.14285714285714285,6,6,CCCCGCCTTGGGACATGCCT,0,534423
araCp,0.14285714285714285,6,6,CCCCCTTTTCATTTCGGATG,0,602778
araCp,0.14285714285714285,6,6,CCCCCCTCTGCAGCAAAACA,0,591714
araCp,0.14285714285714285,6,6,CCCCACTTTGTCGTTGGTAT,0,536798
araCp,0.14285714285714285,6,6,CCCCAATATCCCGGAGAGCT,0,547097
araCp,0.14285714285714285,6,6,CCCCAAGGGCGTCTCGTGCT,0,569457
araCp,0.14285714285714285,6,6,CCCACTTGGCGGCTGAGTAA,0,534570
araCp,0.14285714285714285,6,6,CCCACGATACTACATCCTGT,0,587636
araCp,0.14285714285714285,6,6,CCATTGCGGGACAGGCAAAA,0,526946
araCp,0.14285714285714285,6,6,CCATGTACACACTACTCGGT,0,551001
araCp,0.14285714285714285,6,6,CCATGAGCACGACACAATCA,0,600200
araCp,0.14285714285714285,6,6,CCAGTTATCTAGTTTGAAGC,0,548610
araCp,0.14285714285714285,6,6,CCAGAAGGTTTACTGCAATA,0,555577
araCp,0.14285714285714285,6,6,CCAGAAGCGCAAGGCACCCC,0,602524
araCp,0.14285714285714285,6,6,CCACTACAAAACAGTCGGAA,0,564273
araCp,0.14285714285714285,6,6,CCAATCGCCCATCGTGGTCC,0,589869
araCp,0.14285714285714285,6,6,CCAATCACTTCTTGTTCGAT,0,586990
araCp,0.14285714285714285,6,6,CCAAGAATCATTCAAATAAC,0,534353
araCp,0.14285714285714285,6,6,CCAACATGTCCCGCGGGTTC,0,534795
araCp,0.14285714285714285,6,6,CCAAATGAATCTCAATATAA,0,551349
araCp,0.14285714285714285,6,6,CCAAAGGGGAAACCCACCGA,0,538043
araCp,0.14285714285714285,6,6,CCAAAGCGCAGTCCTGAACG,0,528183
araCp,0.14285714285714285,6,6,CATTTCTTTTGAACGGACAA,0,526755
araCp,0.14285714285714285,6,6,CATTTCGGCGGCCGGCCTGT,0,549569
araCp,0.14285714285714285,6,6,CATTTACAGGAGTACATTGC,0,539201
araCp,0.14285714285714285,6,6,CATTGTAGTGCATATATAGC,0,550452
araCp,0.14285714285714285,6,6,CATTGGTCCGGCCCTTTGTG,0,572220
araCp,0.14285714285714285,6,6,CATTGCGATGGTAAAGACTT,0,555999
araCp,0.14285714285714285,6,6,CATTGAATCGCCAAAGGGGG,0,542100
araCp,0.14285714285714285,6,6,CATTCGTGGCTAAAGTGCCA,0,601490
araCp,0.14285714285714285,6,6,CATTATGTGTGTCTCCTGGT,0,592163
araCp,0.14285714285714285,6,6,CATTAGGCAATATATGGGTG,0,551332
araCp,0.14285714285714285,6,6,CATGTCCTTTTATGTAGCGT,0,588985
araCp,0.14285714285714285,6,6,CATGTACGCAAATCTCTAGG,0,562454
araCp,0.14285714285714285,6,6,CATGGTTTTTACTGGAGCTG,0,538731
araCp,0.14285714285714285,6,6,CATGGCTCTCCGCTGAGCCG,0,601825
araCp,0.14285714285714285,6,6,CATGGCGTCTTAGTTCATCT,0,584190
araCp,0.14285714285714285,6,6,CATGCTGAATCCTAGTCCGA,0,583208
araCp,0.14285714285714285,6,6,CATGCACGTGAGGGGACTGG,0,597536
araCp,0.14285714285714285,6,6,CATGAGTGAACGCGAGCACT,0,561281
araCp,0.14285714285714285,6,6,CATGAGGTCTCGGGGTTTAC,0,567410
araCp,0.14285714285714285,6,6,CATCCTTGAGAGTTTTATCG,0,540400
araCp,0.14285714285714285,6,6,CATCCTATAGAGAGTCGGTC,0,538490
araCp,0.14285714285714285,6,6,CATCCCACCGAGTAGTCAGA,0,553438
araCp,0.14285714285714285,6,6,CATATAGCAGGCCGCACGCA,0,583293
araCp,0.14285714285714285,6,6,CATAGTTTACCAAAATGGTA,0,567759
araCp,0.14285714285714285,6,6,CATAGTAACGCATTAGAGTG,0,530229
araCp,0.14285714285714285,6,6,CATAGCCATTTGCATGTCTC,0,564734
araCp,0.14285714285714285,6,6,CAGTTTTCGGGCCACCGTAG,0,573484
araCp,0.14285714285714285,6,6,CAGTTGTAACCGGTGATACG,0,573597
araCp,0.14285714285714285,6,6,CAGTTCTTCTCGTTGTTAGA,0,562182
araCp,0.14285714285714285,6,6,CAGTGTGTTATACATGGTGC,0,533736
araCp,0.14285714285714285,6,6,CAGTGGTCTGATACAATTAC,0,602249
araCp,0.14285714285714285,6,6,CAGTCTGGGCCATTATTTTA,0,557612
araCp,0.14285714285714285,6,6,CAGTCTAAACACAAACCGTT,0,570901
araCp,0.14285714285714285,6,6,CAGTATAGTTTCAGTTATGG,0,574973
araCp,0.14285714285714285,6,6,CAGTAGTCATGGATTTAATA,0,554851
araCp,0.14285714285714285,6,6,CAGTACGTTGACTGATCATG,0,569214
araCp,0.14285714285714285,6,6,CAGTAACCTTGCACTGTGTA,0,569156
araCp,0.14285714285714285,6,6,CAGGTGAGGCGTGCACTATT,0,564113
araCp,0.14285714285714285,6,6,CAGGTCTCCCTTACCTTCGG,0,590524
araCp,0.14285714285714285,6,6,CAGGGGAAAACATGAGGCGA,0,562110
araCp,0.14285714285714285,6,6,CAGGGAAACCCGTGCGGCTA,0,576315
araCp,0.14285714285714285,6,6,CAGGCTAGGGGCATGAGCCC,0,555611
araCp,0.14285714285714285,6,6,CAGGACCCCAAGTAAATCCT,0,599118
araCp,0.14285714285714285,6,6,CAGCTGTCGCTTGACCCAAT,0,566078
araCp,0.14285714285714285,6,6,CAGCTAGTCGGCTTACTGTC,0,528743
araCp,0.14285714285714285,6,6,CAGCGTGGCAGGCTAGCCAG,0,583146
araCp,0.14285714285714285,6,6,CAGCGTGGACATTTCCATGG,0,581435
araCp,0.14285714285714285,6,6,CAGCGATCCAACCCTTACTT,0,559765
araCp,0.14285714285714285,6,6,CAGCCGGCGCTTCGTTTATA,0,566389
araCp,0.14285714285714285,6,6,CAGCATTAGCAAGCGTGTAG,0,553213
araCp,0.14285714285714285,6,6,CAGACTCCCTGGACGATCAC,0,578981
araCp,0.14285714285714285,6,6,CAGAAGTTTTTGGATCTGTT,0,575827
araCp,0.14285714285714285,6,6,CAGAAAGGAGCTTTGGCATC,0,534290
araCp,0.14285714285714285,6,6,CACTGACGCAGTACGGTTAC,0,533928
araCp,0.14285714285714285,6,6,CACTAACAGCATAGAACAGC,0,528746
araCp,0.14285714285714285,6,6,CACGGTAACGTGGTGGTGTT,0,565417
araCp,0.14285714285714285,6,6,CACCTAAAGTAGACCATACC,0,558803
araCp,0.14285714285714285,6,6,CACCCGATACCCCACGGGCG,0,561138
araCp,0.14285714285714285,6,6,CACCCATGGCATAAGCCTCG,0,582954
araCp,0.14285714285714285,6,6,CACCAGTAAACGACGGAAGC,0,582089
araCp,0.14285714285714285,6,6,CACCAGGCACTGGAGCCCTG,0,550290
araCp,0.14285714285714285,6,6,CACCAAAGGCTTATATACGT,0,577395
araCp,0.14285714285714285,6,6,CACAGAGAAGCCATCCTGAT,0,540117
araCp,0.14285714285714285,6,6,CACACCACTGCGATTTGAGG,0,555345
araCp,0.14285714285714285,6,6,CACAATTGCCTCTGCGGCAG,0,587055
araCp,0.14285714285714285,6,6,CACAATCCGGTTTAGTGAAA,0,531252
araCp,0.14285714285714285,6,6,CAATTTGCGGTAAGATTTAG,0,526219
araCp,0.14285714285714285,6,6,CAATTTCGCGTCCAACTACA,0,568770
araCp,0.14285714285714285,6,6,CAATTTCATTCAAACCTCCA,0,540827
araCp,0.14285714285714285,6,6,CAATGACCTAGTGCCGGGAA,0,581262
araCp,0.14285714285714285,6,6,CAATAGTGGACAGGGATTGA,0,584041
araCp,0.14285714285714285,6,6,CAAGTTCTGCCGGAAATGCG,0,597768
araCp,0.14285714285714285,6,6,CAAGTAGACCTGTTCATAGG,0,582183
araCp,0.14285714285714285,6,6,CAAGTAAGACGTGAAAACAA,0,595766
araCp,0.14285714285714285,6,6,CAAGGAGTGGATCGGCAAGC,0,564355
araCp,0.14285714285714285,6,6,CAAGCACGAGTAGACATAAG,0,532121
araCp,0.14285714285714285,6,6,CAACTCCCGGCGTCCACAGA,0,532918
araCp,0.14285714285714285,6,6,CAACGGGAACCCTCTTTAAT,0,598306
araCp,0.14285714285714285,6,6,CAACCTACCGGCCATTAATG,0,564033
araCp,0.14285714285714285,6,6,CAACATGCTCTGACTACTCA,0,589106
araCp,0.14285714285714285,6,6,CAACATCAGGGGGATCCCAT,0,570091
araCp,0.14285714285714285,6,6,CAACACAGATTTACAGTGAG,0,597788
araCp,0.14285714285714285,6,6,CAAATTCACGGAGCAGGGTC,0,543968
araCp,0.14285714285714285,6,6,CAAATGGCTACGGGAGAATG,0,527870
araCp,0.14285714285714285,6,6,CAAATCTGACGTAGGGGCTA,0,571791
araCp,0.14285714285714285,6,6,CAAACTGCTTTCCTAGTAGT,0,537998
araCp,0.14285714285714285,6,6,CAAACGCACGCTGTCCTGTC,0,588069
araCp,0.14285714285714285,6,6,CAAAATAGTTGAAAACCAGA,0,599275
araCp,0.14285714285714285,6,6,ATTTTAGCTCGCTTACTGTT,0,552616
araCp,0.14285714285714285,6,6,ATTTCGATTGGGGTAGCCAT,0,603486
araCp,0.14285714285714285,6,6,ATTGGACTTCTTGTCAGACC,0,530443
araCp,0.14285714285714285,6,6,ATTGCATCAGGCCAGTTTCG,0,600562
araCp,0.14285714285714285,6,6,ATTGATTATGCGTTGACGCA,0,561282
araCp,0.14285714285714285,6,6,ATTCTCTCCGTTCTGGCTAT,0,565879
araCp,0.14285714285714285,6,6,ATTCTCCGCCAACGTACGTC,0,526935
araCp,0.14285714285714285,6,6,ATTCGGTTGAGCTCTAAACA,0,568825
araCp,0.14285714285714285,6,6,ATTCCATCGGAAGCGCAGTG,0,589380
araCp,0.14285714285714285,6,6,ATTCAGAAGGTGATTTTTAT,0,601362
araCp,0.14285714285714285,6,6,ATTCACTCACTCCGACGGAT,0,586469
araCp,0.14285714285714285,6,6,ATTACGAATTCGTGCGGGGG,0,562556
araCp,0.14285714285714285,6,6,ATTAATGAAAGTCCATTATT,0,528057
araCp,0.14285714285714285,6,6,ATGTGCGGCTAAAGGAACCA,0,536247
araCp,0.14285714285714285,6,6,ATGTGCATATGGCGGCCTGT,0,539854
araCp,0.14285714285714285,6,6,ATGTCTGGTCATCAACTTCT,0,545644
araCp,0.14285714285714285,6,6,ATGTCTGCAGTCATTCTATA,0,540094
araCp,0.14285714285714285,6,6,ATGTAGACATATACCACTAA,0,582010
araCp,0.14285714285714285,6,6,ATGTAAATAGTAAAGGCCAA,0,582109
araCp,0.14285714285714285,6,6,ATGGTCTATTAATATACTGT,0,594558
araCp,0.14285714285714285,6,6,ATGGCGGCCTGGGGGTGATG,0,577903
araCp,0.14285714285714285,6,6,ATGGCGCTGCTCTTGCCCGT,0,582757
araCp,0.14285714285714285,6,6,ATGGATTTGTCACTATGTCA,0,545618
araCp,0.14285714285714285,6,6,ATGGACAGTGTTAGACGGGT,0,591697
araCp,0.14285714285714285,6,6,ATGCGGCAGTTGGGTATCCA,0,528806
araCp,0.14285714285714285,6,6,ATGCGGCAAGTGGGAATGTG,0,597665
araCp,0.14285714285714285,6,6,ATGCGCCTCACAGCCCGTGC,0,567156
araCp,0.14285714285714285,6,6,ATGCAGATGGTCGCGATTAA,0,556652
araCp,0.14285714285714285,6,6,ATGATGTCAGCATTGCCGCG,0,527203
araCp,0.14285714285714285,6,6,ATGATGTATGGATACCCACA,0,558689
araCp,0.14285714285714285,6,6,ATGATGCGCTAGTTTAGTTT,0,558524
araCp,0.14285714285714285,6,6,ATGATACCAGTGCGCGCAGG,0,578132
araCp,0.14285714285714285,6,6,ATGACGTTGCGTGCACGCTG,0,529552
araCp,0.14285714285714285,6,6,ATCTTTTTCGTTATTGATGC,0,581447
araCp,0.14285714285714285,6,6,ATCTTACAATCGGTTTGAGA,0,567425
araCp,0.14285714285714285,6,6,ATCTGTGTGTGTCTTACAGG,0,583959
araCp,0.14285714285714285,6,6,ATCTGGGTGCCCGGTTCCAA,0,586683
araCp,0.14285714285714285,6,6,ATCTGCACCATCGGTAAGTG,0,600552
araCp,0.14285714285714285,6,6,ATCTCCCGCCAGTTCACTAC,0,584739
araCp,0.14285714285714285,6,6,ATCTATAGTGAGAACACTAA,0,547586
araCp,0.14285714285714285,6,6,ATCTAGATGCAGAACATAAT,0,576081
araCp,0.14285714285714285,6,6,ATCGTTAAAATAAGCTATGT,0,564108
araCp,0.14285714285714285,6,6,ATCGGTCCCCCGTCTGTACT,0,551005
araCp,0.14285714285714285,6,6,ATCGGTAGTCTATTTCGTAA,0,599049
araCp,0.14285714285714285,6,6,ATCGGAAAGTGGCTGCAATA,0,569962
araCp,0.14285714285714285,6,6,ATCGCCGGCCAGCACTAGCA,0,573319
araCp,0.14285714285714285,6,6,ATCCTTACAAGGCGTCACTG,0,585563
araCp,0.14285714285714285,6,6,ATCCTGGCGGGTACACTATG,0,584761
araCp,0.14285714285714285,6,6,ATCCTGAAACGGACTGACTC,0,586591
araCp,0.14285714285714285,6,6,ATCCCGGATAAGACAATCAT,0,533271
araCp,0.14285714285714285,6,6,ATCCCCAGAACGCTGTACGT,0,596564
araCp,0.14285714285714285,6,6,ATCCAGACTGGGCGATACGT,0,578461
araCp,0.14285714285714285,6,6,ATCATGTCTTTGAACCGTCA,0,573235
araCp,0.14285714285714285,6,6,ATCATGGTGATTGAAAAATG,0,584449
araCp,0.14285714285714285,6,6,ATCATACTGACGAAGAGATG,0,546716
araCp,0.14285714285714285,6,6,ATCAGCTGGTTCGGTAGGAG,0,530339
araCp,0.14285714285714285,6,6,ATCAGCGGAGTCTAAATGTA,0,556861
araCp,0.14285714285714285,6,6,ATCAGAAACGGGACATTTTT,0,570597
araCp,0.14285714285714285,6,6,ATCAATCGAGGGTATCACAG,0,535594
araCp,0.14285714285714285,6,6,ATCAACCGCACTCCGTTATG,0,579161
araCp,0.14285714285714285,6,6,ATCAAATCCGACTCCAACGA,0,528418
araCp,0.14285714285714285,6,6,ATATTTGTGACCGTACTAAG,0,598950
araCp,0.14285714285714285,6,6,ATATTACCCCGGCAATAATG,0,545071
araCp,0.14285714285714285,6,6,ATATACTCCCGTTGCACGAG,0,580200
araCp,0.14285714285714285,6,6,ATAGTGGACCAGGAAGGGAC,0,600674
araCp,0.14285714285714285,6,6,ATAGTCTCAGATGATGGGCT,0,571282
araCp,0.14285714285714285,6,6,ATAGGGTCGCGAGCCAGCTT,0,545525
araCp,0.14285714285714285,6,6,ATAGGCACTTTAGATCTGCC,0,558920
araCp,0.14285714285714285,6,6,ATAGACACGGGGTGCAACAC,0,560327
araCp,0.14285714285714285,6,6,ATACGGTACCTGCGACACCT,0,569729
araCp,0.14285714285714285,6,6,ATACACTTATTTTTGTTCGT,0,553773
araCp,0.14285714285714285,6,6,ATAAGGTAACGCGCTTTAAT,0,580915
araCp,0.14285714285714285,6,6,ATAACGGTATTCTAATTTGA,0,593679
araCp,0.14285714285714285,6,6,ATAAAGTACTATTCTCAGGC,0,526365
araCp,0.14285714285714285,6,6,AGTTTGCACGGCGGTCGGCC,0,584966
araCp,0.14285714285714285,6,6,AGTTTGATGTAGGAGTGATC,0,532582
araCp,0.14285714285714285,6,6,AGTTTAGTGCACTCCGGAAA,0,558692
araCp,0.14285714285714285,6,6,AGTTTAACAGTGGGCGGATC,0,539188
araCp,0.14285714285714285,6,6,AGTTGTGAAGCGTTGTAATT,0,587657
araCp,0.14285714285714285,6,6,AGTTGACGACCGCGTATTTA,0,534295
araCp,0.14285714285714285,6,6,AGTTCTACATCAGGCTTCAG,0,533737
araCp,0.14285714285714285,6,6,AGTTAGAACTCTCAACTGCG,0,596504
araCp,0.14285714285714285,6,6,AGTTAACCGTCTCATGTAAA,0,549804
araCp,0.14285714285714285,6,6,AGTGTTATACCGCAACCTCG,0,571328
araCp,0.14285714285714285,6,6,AGTGTGTTGAAAGGCTGTCA,0,529618
araCp,0.14285714285714285,6,6,AGTGTCGCGGCCCATCGCTC,0,575235
araCp,0.14285714285714285,6,6,AGTGGTAAGAGGTGATTCGA,0,536973
araCp,0.14285714285714285,6,6,AGTGGGCTATTGGAGCAAGT,0,566655
araCp,0.14285714285714285,6,6,AGTGGACGAGGATTTGACTA,0,600614
araCp,0.14285714285714285,6,6,AGTGCTGAGTGGGTAAAAAG,0,593985
araCp,0.14285714285714285,6,6,AGTGCAACTGGGGTTCCAAT,0,602417
araCp,0.14285714285714285,6,6,AGTGATATAGTGGGGTACTT,0,576844
araCp,0.14285714285714285,6,6,AGTGAAGCGGCGTCCAACTC,0,570141
araCp,0.14285714285714285,6,6,AGTCTCCGGGTTCATGCTCT,0,589026
araCp,0.14285714285714285,6,6,AGTCCAATGCACGTCTTCCT,0,532128
araCp,0.14285714285714285,6,6,AGTCAAGAGGCTCGTTGGCA,0,541787
araCp,0.14285714285714285,6,6,AGTAGTACCCAGTTGATAGG,0,540388
araCp,0.14285714285714285,6,6,AGTAGGGCGATGTTGTTTGA,0,555201
araCp,0.14285714285714285,6,6,AGTAGACGTAAGTTCTCGAG,0,531375
araCp,0.14285714285714285,6,6,AGTACATCAGCGTCCTGCAG,0,584924
araCp,0.14285714285714285,6,6,AGTAAGATGGTAAACCCCAA,0,567999
araCp,0.14285714285714285,6,6,AGTAACTCTAGCGGAAATAC,0,587801
araCp,0.14285714285714285,6,6,AGTAACGACTGCTTCATACG,0,547811
araCp,0.14285714285714285,6,6,AGGTTTCAGAGTAGATGCAG,0,538205
araCp,0.14285714285714285,6,6,AGGTTCTTTTGCATCTGCCA,0,589898
araCp,0.14285714285714285,6,6,AGGTTCCCTGTTATGAATGC,0,535572
araCp,0.14285714285714285,6,6,AGGTCGAGTACTGTCCAGTG,0,571678
araCp,0.14285714285714285,6,6,AGGTAATAGCTCGTGTCTGG,0,536375
araCp,0.14285714285714285,6,6,AGGTAAAAACAAAACGGCTT,0,596571
araCp,0.14285714285714285,6,6,AGGGTGGCATCAAGTGCACT,0,581260
araCp,0.14285714285714285,6,6,AGGGTCAACCAAGTGCTGGG,0,598674
araCp,0.14285714285714285,6,6,AGGGTAATAAACGGCAAACA,0,598882
araCp,0.14285714285714285,6,6,AGGGCTATGTTAAAGCTAAT,0,538447
araCp,0.14285714285714285,6,6,AGGGCGGTGTGGCAGACGCA,0,533558
araCp,0.14285714285714285,6,6,AGGGCCATATCTACTCTGGT,0,544032
araCp,0.14285714285714285,6,6,AGGGAGGCGTGGATTAGTCG,0,584724
araCp,0.14285714285714285,6,6,AGGGACGCCCCAGGATGGGA,0,544209
araCp,0.14285714285714285,6,6,AGGCTCACTTCCCTGCTACT,0,571185
araCp,0.14285714285714285,6,6,AGGCTATCGTAGGTACTGTC,0,539786
araCp,0.14285714285714285,6,6,AGGCGTCTGGGACCTGAAAG,0,532949
araCp,0.14285714285714285,6,6,AGGCGGCGTTGGCTGGTTTT,0,568193
araCp,0.14285714285714285,6,6,AGGCGCCAGGCAAATAAGTA,0,547300
araCp,0.14285714285714285,6,6,AGGCCTGTGGCAAGGCATCA,0,572062
araCp,0.14285714285714285,6,6,AGGCCTGCCGGCGGAGGACT,0,528304
araCp,0.14285714285714285,6,6,AGGCAGTTGCCTGTTACGCA,0,545243
araCp,0.14285714285714285,6,6,AGGACGCCGACGAGGAACGA,0,537222
araCp,0.14285714285714285,6,6,AGGAAGTGGAGCTGCCGTGT,0,552813
araCp,0.14285714285714285,6,6,AGCTTACTTCCTCAACTGAA,0,583698
araCp,0.14285714285714285,6,6,AGCTGGAGGTCCCAAGGCCT,0,567404
araCp,0.14285714285714285,6,6,AGCTATGATCACGCGCGAGG,0,540946
araCp,0.14285714285714285,6,6,AGCTACTGTCTTGAATGCCT,0,584503
araCp,0.14285714285714285,6,6,AGCTACGGTGAGGCACTCTC,0,538678
araCp,0.14285714285714285,6,6,AGCGTGAACGTCCACACATT,0,550380
araCp,0.14285714285714285,6,6,AGCGTCACTCCTGGCCGGGG,0,578757
araCp,0.14285714285714285,6,6,AGCGGGTCCGTGGAAAAGCT,0,576266
araCp,0.14285714285714285,6,6,AGCGGCCTGAGTGTCGTTTA,0,528166
araCp,0.14285714285714285,6,6,AGCGCGATCCAGTTTTTAGA,0,569358
araCp,0.14285714285714285,6,6,AGCGCGACTCGTGGGGCCAG,0,531713
araCp,0.14285714285714285,6,6,AGCCGATCGGCGCTAGTGTG,0,552907
araCp,0.14285714285714285,6,6,AGCCCTCAGCACGGTTCGCA,0,548444
araCp,0.14285714285714285,6,6,AGCCATTTGTGATCACTAAT,0,571585
araCp,0.14285714285714285,6,6,AGCCATGATGCATTACATCT,0,527117
araCp,0.14285714285714285,6,6,AGCCAGCAGATTTTCAATAT,0,555737
araCp,0.14285714285714285,6,6,AGCCAGATTTCCTGGACGGT,0,596143
araCp,0.14285714285714285,6,6,AGCAGAATACGTGGAAGTCA,0,533228
araCp,0.14285714285714285,6,6,AGCACGCCAGCAATTACGGG,0,562408
araCp,0.14285714285714285,6,6,AGATCGGGGGTTCTTGTCAT,0,568574
araCp,0.14285714285714285,6,6,AGATCCGAGTGCCCTATGTT,0,595745
araCp,0.14285714285714285,6,6,AGATATCGAATCTGGATGCT,0,532812
araCp,0.14285714285714285,6,6,AGATACAAACATCGGAGAGT,0,554838
araCp,0.14285714285714285,6,6,AGAGTTAGCCCATCAACACA,0,599829
araCp,0.14285714285714285,6,6,AGAGGGTAACCGCTCCTGGT,0,529863
araCp,0.14285714285714285,6,6,AGAGGCCGTGGGGCGAGATC,0,579932
araCp,0.14285714285714285,6,6,AGAGGCCCGGCGCGTCTGTT,0,570026
araCp,0.14285714285714285,6,6,AGAGGATCCTTCGATGATTA,0,546728
araCp,0.14285714285714285,6,6,AGAGGAGTTAAGGTGCTGCC,0,542740
araCp,0.14285714285714285,6,6,AGAGGAAGTAAAGCTTTCCG,0,549307
araCp,0.14285714285714285,6,6,AGAGAAGCCTCTTTATTGAA,0,593840
araCp,0.14285714285714285,6,6,AGACTACCACGAGCCCGAGT,0,589197
araCp,0.14285714285714285,6,6,AGACGTTCGCAGGGGATCCT,0,529373
araCp,0.14285714285714285,6,6,AGACGCCTACTTGTGCACAC,0,591691
araCp,0.14285714285714285,6,6,AGACGCATTGATGTCCCGGA,0,586838
araCp,0.14285714285714285,6,6,AGACCGGAAGCCGGAGTGGG,0,573775
araCp,0.14285714285714285,6,6,AGACCCGCCTTAGATGCGTT,0,585143
araCp,0.14285714285714285,6,6,AGACATATCGGCTAGTTGCC,0,592331
araCp,0.14285714285714285,6,6,AGAATGGAGCATGGATTAAC,0,547882
araCp,0.14285714285714285,6,6,AGAATACTTAGTACGAGGCA,0,600325
araCp,0.14285714285714285,6,6,AGAAGTTGTTGCTTAGATTA,0,540345
araCp,0.14285714285714285,6,6,AGAAGGGGAAAAGGGTCATT,0,559469
araCp,0.14285714285714285,6,6,AGAACTCATCGGAGGTTTCT,0,534285
araCp,0.14285714285714285,6,6,AGAAAGGGTTCATAAGGTTC,0,533625
araCp,0.14285714285714285,6,6,AGAAAGGCCAGCCGGCAGGA,0,592114
araCp,0.14285714285714285,6,6,AGAAAAAAAAGTGTGGCACC,0,601217
araCp,0.14285714285714285,6,6,ACTTTCGGGTAGCGTGACTT,0,575661
araCp,0.14285714285714285,6,6,ACTTGCTTCGCCGGCTTAGA,0,530337
araCp,0.14285714285714285,6,6,ACTTCAGGCCCACAATGATG,0,588362
araCp,0.14285714285714285,6,6,ACTTACTCCGGTCATTGGAA,0,546156
araCp,0.14285714285714285,6,6,ACTTAAGGGTCTGTTTAAAA,0,585020
araCp,0.14285714285714285,6,6,ACTGTACTAAGAAGCGGGTT,0,534784
araCp,0.14285714285714285,6,6,ACTGGGCATCGATGGCCCCT,0,531298
araCp,0.14285714285714285,6,6,ACTGGAAGCTCGCTATGCAT,0,566331
araCp,0.14285714285714285,6,6,ACTGACTACGCATCACTTCT,0,529780
araCp,0.14285714285714285,6,6,ACTGACAGTCGCTCATGCAA,0,603677
araCp,0.14285714285714285,6,6,ACTGAACCATGGTGATGCAA,0,580440
araCp,0.14285714285714285,6,6,ACTCGGGGGTCGTCGCACGT,0,568184
araCp,0.14285714285714285,6,6,ACTCGGGGCTCCTTGCCGAT,0,538656
araCp,0.14285714285714285,6,6,ACTCATTCACAACGTTCAAT,0,533937
araCp,0.14285714285714285,6,6,ACTCAGAAGCGTATCAGCCC,0,556981
araCp,0.14285714285714285,6,6,ACTCACGTTTGATGTAAGAA,0,574706
araCp,0.14285714285714285,6,6,ACTCAAGTCAGTCCGCGGCT,0,547364
araCp,0.14285714285714285,6,6,ACTAGCATAACCGTTTAGCT,0,574201
araCp,0.14285714285714285,6,6,ACTACGTGTGAGGAAGTTTA,0,563532
araCp,0.14285714285714285,6,6,ACGTTTACGTTCGTGCTCAA,0,559096
araCp,0.14285714285714285,6,6,ACGTTCTTTTTAAGGTGAAA,0,595220
araCp,0.14285714285714285,6,6,ACGTTAGTGAAACCCTGCAG,0,530512
araCp,0.14285714285714285,6,6,ACGTTACAACACGGGTATCT,0,588526
araCp,0.14285714285714285,6,6,ACGTGGCGGTGCCACTTGTG,0,581619
araCp,0.14285714285714285,6,6,ACGTGCTGGGGGAACAGCTT,0,526369
araCp,0.14285714285714285,6,6,ACGTAAATCACGATCAAGTA,0,554905
araCp,0.14285714285714285,6,6,ACGGTTTCCTCGTGTATGTA,0,584136
araCp,0.14285714285714285,6,6,ACGGGTTTTCACCAACTGCG,0,542993
araCp,0.14285714285714285,6,6,ACGGGGTTAAAAGCGGTTCA,0,603061
araCp,0.14285714285714285,6,6,ACGGGGCCCGGCGCTCCCGT,0,556555
araCp,0.14285714285714285,6,6,ACGGCACCGAGGCATACTAC,0,591874
araCp,0.14285714285714285,6,6,ACGCTTGAAACTGGTGGAGT,0,542303
araCp,0.14285714285714285,6,6,ACGCTGTTTCCTGTGTCGCC,0,588112
araCp,0.14285714285714285,6,6,ACGCTAACATAGGAGTCAAT,0,550259
araCp,0.14285714285714285,6,6,ACGCGGGGGTATTCACAGGG,0,583628
araCp,0.14285714285714285,6,6,ACGCCGACCTCCGAGTTGAG,0,570845
araCp,0.14285714285714285,6,6,ACGCCCGGCATTGGGTATAG,0,562779
araCp,0.14285714285714285,6,6,ACGAGGCATACAGTACCGCA,0,589409
araCp,0.14285714285714285,6,6,ACGAAGTTCTAGCTAGTTGA,0,563945
araCp,0.14285714285714285,6,6,ACCTTTCGTGTGTCACCACG,0,530082
araCp,0.14285714285714285,6,6,ACCTTCCGCGGGGACCGGCA,0,590311
araCp,0.14285714285714285,6,6,ACCTGATCACTCGGGAACTT,0,570896
araCp,0.14285714285714285,6,6,ACCTCTGGTCGTGCCTCGCA,0,573580
araCp,0.14285714285714285,6,6,ACCTCGTCTGTGAGAGAAAG,0,562949
araCp,0.14285714285714285,6,6,ACCTCAAGGACATACACGGA,0,587172
araCp,0.14285714285714285,6,6,ACCGTTTGTTGGTATCAAAT,0,550866
araCp,0.14285714285714285,6,6,ACCGGCCTCAGCACGTTAGG,0,581375
araCp,0.14285714285714285,6,6,ACCGGCACCGCCTCTGGCCA,0,597678
araCp,0.14285714285714285,6,6,ACCGCGGCGTTGCTAGATGG,0,550416
araCp,0.14285714285714285,6,6,ACCCTTCCGTGGAATCTCAA,0,535214
araCp,0.14285714285714285,6,6,ACCCTGATGGGCTAGCAACG,0,536282
araCp,0.14285714285714285,6,6,ACCCGGTATTGTTGAATTTC,0,583748
araCp,0.14285714285714285,6,6,ACCCGCGCCCCCAGCGTGTT,0,563423
araCp,0.14285714285714285,6,6,ACCCGCCTACACGAGTGCCT,0,549291
araCp,0.14285714285714285,6,6,ACCCCTCCAACTGTGGGCAT,0,544463
araCp,0.14285714285714285,6,6,ACCCAGGTTATTAGATAGGA,0,572928
araCp,0.14285714285714285,6,6,ACCAGCCTCCGGCCACGACG,0,574956
araCp,0.14285714285714285,6,6,ACATTTCCGCCCGAGAGCGT,0,541741
araCp,0.14285714285714285,6,6,ACATCTTTAGGGAGGTCATT,0,533687
araCp,0.14285714285714285,6,6,ACATCTGGTGCTAGGGACGG,0,597125
araCp,0.14285714285714285,6,6,ACATCGCTCTAAGAGGGGAC,0,564008
araCp,0.14285714285714285,6,6,ACATCCGGTTGATCGCTTAC,0,583186
araCp,0.14285714285714285,6,6,ACATATATTCGGCGAATTAC,0,572279
araCp,0.14285714285714285,6,6,ACATAGGCCTGTGCGTTAGG,0,564644
araCp,0.14285714285714285,6,6,ACATAGACGTCGGGCGGTAG,0,540489
araCp,0.14285714285714285,6,6,ACATAATTCAGGGGAAAGCA,0,587132
araCp,0.14285714285714285,6,6,ACATAAATTGCATGCGTGTC,0,562165
araCp,0.14285714285714285,6,6,ACAGTTTTGGATCCGACGCA,0,579003
araCp,0.14285714285714285,6,6,ACAGTTATCAAAGCCTACCA,0,555622
araCp,0.14285714285714285,6,6,ACAGTGTCACAGTCTGAAGA,0,538547
araCp,0.14285714285714285,6,6,ACAGTGCCCTAAAACAAGAG,0,582984
araCp,0.14285714285714285,6,6,ACAGTACACCTTTTGCTGAC,0,526813
araCp,0.14285714285714285,6,6,ACAGGTCTGTTATTGTTCGA,0,550681
araCp,0.14285714285714285,6,6,ACAGGTCGCAAAGAGGCCCA,0,567607
araCp,0.14285714285714285,6,6,ACAGGCCCAGGAGTTTGGAC,0,565751
araCp,0.14285714285714285,6,6,ACAGGATGTTGTCCGCCGGC,0,563032
araCp,0.14285714285714285,6,6,ACAGCCCCACAGGCGTCGGT,0,537775
araCp,0.14285714285714285,6,6,ACAGAGGCCGGTGGACGGGG,0,602891
araCp,0.14285714285714285,6,6,ACAGAAGCCCGCTTCGTAGC,0,555696
araCp,0.14285714285714285,6,6,ACACTCTATCGTAAGGGAAG,0,531807
araCp,0.14285714285714285,6,6,ACACTCGGCTTCAATGTAGT,0,551947
araCp,0.14285714285714285,6,6,ACACCACCAACCGGATATAG,0,549707
araCp,0.14285714285714285,6,6,ACAACAGTCCGAGGGAATTT,0,537568
araCp,0.14285714285714285,6,6,ACAAAGCACTCAAGAGGGGC,0,576199
araCp,0.14285714285714285,6,6,AATTATGTCTCCGTAAAGTC,0,547327
araCp,0.14285714285714285,6,6,AATGTTTGTGTGTGCAACCT,0,552746
araCp,0.14285714285714285,6,6,AATGTAGCTGTACAGGTAAC,0,528882
araCp,0.14285714285714285,6,6,AATGTAATGACTAGAGTACT,0,534563
araCp,0.14285714285714285,6,6,AATGGGTTCTCCGCCCCTCC,0,548021
araCp,0.14285714285714285,6,6,AATGCGTCAGCTCGTTAGAT,0,584563
araCp,0.14285714285714285,6,6,AATGCAATGGGCAGACGACA,0,580380
araCp,0.14285714285714285,6,6,AATGATTACGTTAGCTGGTA,0,541888
araCp,0.14285714285714285,6,6,AATGAGTCCCGCTATGGGGC,0,565771
araCp,0.14285714285714285,6,6,AATGACATGATTTGGTAATT,0,543597
araCp,0.14285714285714285,6,6,AATGAAGCATCTAAATACGT,0,590921
araCp,0.14285714285714285,6,6,AATCGTAGCGACTTGTACCC,0,572491
araCp,0.14285714285714285,6,6,AATCCGGGATGTAGGCTAAT,0,598042
araCp,0.14285714285714285,6,6,AATCAGATTTGGGGATATAA,0,602489
araCp,0.14285714285714285,6,6,AATATTATGAAGCAAGCAGT,0,538246
araCp,0.14285714285714285,6,6,AATATGTCTTTGCCTTTCCT,0,601753
araCp,0.14285714285714285,6,6,AATATGGCTGGCGGGCGTTC,0,531153
araCp,0.14285714285714285,6,6,AATAGTAGGTTCTAACTGAA,0,551683
araCp,0.14285714285714285,6,6,AATAGTACTCCGTTGCGGTC,0,559348
araCp,0.14285714285714285,6,6,AATACGGTCCACACAGGTTT,0,536177
araCp,0.14285714285714285,6,6,AATAAAATCTCTGGATGTTA,0,593833
araCp,0.14285714285714285,6,6,AATAAAAGGTGGCGCCCGGT,0,576721
araCp,0.14285714285714285,6,6,AAGTTAGATGTCTCTGAGAC,0,579645
araCp,0.14285714285714285,6,6,AAGTGGTCCAATCAGGAAAG,0,588033
araCp,0.14285714285714285,6,6,AAGTAGACAGCCAGGAGACT,0,562710
araCp,0.14285714285714285,6,6,AAGTACCATCGATAGGTGGA,0,564198
araCp,0.14285714285714285,6,6,AAGTAAATGAGCGCAGACGA,0,575419
araCp,0.14285714285714285,6,6,AAGGTGTGCAGTACATTGCG,0,555862
araCp,0.14285714285714285,6,6,AAGGTGCGCGGACAAAGGGT,0,580230
araCp,0.14285714285714285,6,6,AAGGTACAAACTAACCATTG,0,533153
araCp,0.14285714285714285,6,6,AAGGGTGTCACACAGGTCCA,0,582227
araCp,0.14285714285714285,6,6,AAGGGTGCCATCATACGTTG,0,525906
araCp,0.14285714285714285,6,6,AAGGGATTAACTGGACTGCT,0,603424
araCp,0.14285714285714285,6,6,AAGGCTCCTTGATCGAGCTT,0,561126
araCp,0.14285714285714285,6,6,AAGGCGACGTCATCGACCAG,0,583389
araCp,0.14285714285714285,6,6,AAGCTTCCGGGCGAGGAGAA,0,527871
araCp,0.14285714285714285,6,6,AAGCTCTCTCTGGCCACAGC,0,553587
araCp,0.14285714285714285,6,6,AAGCGAGTTTATTGCATAAG,0,528221
araCp,0.14285714285714285,6,6,AAGCCTCGCATTTTCATCCT,0,578988
araCp,0.14285714285714285,6,6,AAGCCCCAACGGGAGTTACT,0,557373
araCp,0.14285714285714285,6,6,AAGCCAAGGACCTTCCGAAC,0,525897
araCp,0.14285714285714285,6,6,AAGCATACTCGGGACGACGT,0,580378
araCp,0.14285714285714285,6,6,AAGATTCAAAGGACAGCGTT,0,534548
araCp,0.14285714285714285,6,6,AAGACTACCTGACCATGTCT,0,570013
araCp,0.14285714285714285,6,6,AAGACGGGGGCGAGCGCAGA,0,546331
araCp,0.14285714285714285,6,6,AAGACCGGCGCCGTTCTGTG,0,574071
araCp,0.14285714285714285,6,6,AAGACCAATTGAATCACTTT,0,593642
araCp,0.14285714285714285,6,6,AAGAATCGCAAACTAACGTA,0,553134
araCp,0.14285714285714285,6,6,AAGAAGTAGCCCCCCATGTG,0,575210
araCp,0.14285714285714285,6,6,AAGAAGAACAGCCTTCGCTG,0,576568
araCp,0.14285714285714285,6,6,AAGAACTCAATGTTACGGCG,0,594086
araCp,0.14285714285714285,6,6,AAGAAACGTGCTGGGTCGTG,0,603613
araCp,0.14285714285714285,6,6,AACTTATGTGGTCTTTAAAG,0,569427
araCp,0.14285714285714285,6,6,AACGTGCCGTTAGGAATGGA,0,589849
araCp,0.14285714285714285,6,6,AACGTCGTCTAGCGATGGGT,0,563402
araCp,0.14285714285714285,6,6,AACGGACCACAGACATGAAT,0,574763
araCp,0.14285714285714285,6,6,AACGCCAACTGGCCCTTGGA,0,584907
araCp,0.14285714285714285,6,6,AACCTTCTTGTCAAGCGTAA,0,577931
araCp,0.14285714285714285,6,6,AACCTGAATTAAGTTGCGCC,0,544256
araCp,0.14285714285714285,6,6,AACCTACAGGGTTCCCTGTG,0,601078
araCp,0.14285714285714285,6,6,AACCGCTTTGACAACCGGCC,0,582507
araCp,0.14285714285714285,6,6,AACCAGTCAAACCTCCTGTA,0,548604
araCp,0.14285714285714285,6,6,AACCAATGGACGAGGGTACA,0,596834
araCp,0.14285714285714285,6,6,AACCAAAGCACTACGGGTGC,0,535708
araCp,0.14285714285714285,6,6,AACATGCGGATTACCCTGGT,0,568464
araCp,0.14285714285714285,6,6,AACATCCGGACGTAGTGGCT,0,553241
araCp,0.14285714285714285,6,6,AACAGTTAGCGCGTGGATTC,0,578375
araCp,0.14285714285714285,6,6,AACACTCACGGGGTCCAGAT,0,602244
araCp,0.14285714285714285,6,6,AACACTACTCGTAAAGTTGT,0,535491
araCp,0.14285714285714285,6,6,AACACCTCGCATGCACAAAC,0,549410
araCp,0.14285714285714285,6,6,AACAATTAATTTGCTACACA,0,559839
araCp,0.14285714285714285,6,6,AACAACCGCTCACTCGGTTA,0,536623
araCp,0.14285714285714285,6,6,AAATTGGTCGGCAGTAGAAG,0,557998
araCp,0.14285714285714285,6,6,AAATGCCATCTAACCTGCGC,0,595752
araCp,0.14285714285714285,6,6,AAATCTTCATGCCTATATTG,0,593411
araCp,0.14285714285714285,6,6,AAATCGTAGGCCCTACATTC,0,544406
araCp,0.14285714285714285,6,6,AAATATACCATGGATTTGAA,0,550379
araCp,0.14285714285714285,6,6,AAATACTGGTGCGCAGCTCC,0,600431
araCp,0.14285714285714285,6,6,AAATACCCGAGCGTGTAAGT,0,590935
araCp,0.14285714285714285,6,6,AAAGTGACCCTTTAAGGCCG,0,588962
araCp,0.14285714285714285,6,6,AAAGTGAATTATGTTGCTCA,0,546599
araCp,0.14285714285714285,6,6,AAAGGGGGTATGCATAGACT,0,589428
araCp,0.14285714285714285,6,6,AAAGGCGGGAAAAAACTGTA,0,569703
araCp,0.14285714285714285,6,6,AAAGGCCTTATCTTGATCAA,0,585995
araCp,0.14285714285714285,6,6,AAAGCCTTAGTCGGGGACTC,0,602880
araCp,0.14285714285714285,6,6,AAAGATACTGTGATGGCGAA,0,585150
araCp,0.14285714285714285,6,6,AAACTTCGCTCCGTCCAATA,0,547417
araCp,0.14285714285714285,6,6,AAACTGACTACGTTTACGCA,0,599154
araCp,0.14285714285714285,6,6,AAACGTTCACCACACCACGT,0,538858
araCp,0.14285714285714285,6,6,AAACGAATGGTAAGCGCAAC,0,603321
araCp,0.14285714285714285,6,6,AAACCAGTGCCAGCCAGCTC,0,559669
araCp,0.14285714285714285,6,6,AAAATCCCACGCGAGCCAAC,0,585763
araCp,0.14285714285714285,6,6,AAAATACGTTTCTATCGGAT,0,583037
araCp,0.14285714285714285,6,6,AAAAGTTCGAGGCCGTATCG,0,538201
araCp,0.14285714285714285,6,6,AAAAGCATAGGAGAGGTAGA,0,601163
araCp,0.14285714285714285,6,6,AAAACTCTGCCGGTAAAACG,0,558538
araCp,0.14285714285714285,6,6,AAAACCTGCTCCTTACGGGG,0,571925
araCp,0.14285714285714285,6,6,AAAAACGGGAGAGCTAAGAG,0,601991
araCp,0.16666666666666666,5,5,TTTTTCAGGGTGAGATCTGC,0,531268
araCp,0.16666666666666666,5,5,TTTTGTGAAGCTCCAATAAA,0,581416
araCp,0.16666666666666666,5,5,TTTTGGCGCTCTCTCTTATG,0,568383
araCp,0.16666666666666666,5,5,TTTTGCCACGCTCGCGAGTT,0,544229
araCp,0.16666666666666666,5,5,TTTTCTGCCGTCGGTTAAAC,0,532717
araCp,0.16666666666666666,5,5,TTTTCTCCAGTGTATGGCAC,0,536905
araCp,0.16666666666666666,5,5,TTTTCCCGCATTCCTAGTAT,0,591542
araCp,0.16666666666666666,5,5,TTTTCAGGGTTCTTGAGGTC,0,569973
araCp,0.16666666666666666,5,5,TTTTAGATCAGGTTACTCAG,0,588351
araCp,0.16666666666666666,5,5,TTTGCTTATAATATGCGGAA,0,576713
araCp,0.16666666666666666,5,5,TTTGCATGCTTGTCTGCAAC,0,567515
araCp,0.16666666666666666,5,5,TTTGCATGAGAGCCAGGCCA,0,556995
araCp,0.16666666666666666,5,5,TTTGCAGGGCACAGAACATG,0,576279
araCp,0.16666666666666666,5,5,TTTCTTCATCGCGTGGCCTG,0,529929
araCp,0.16666666666666666,5,5,TTTCTCCCTCTTATTGAAAT,0,592275
araCp,0.16666666666666666,5,5,TTTCGTACGTTTGTTTAGAT,0,575014
araCp,0.16666666666666666,5,5,TTTCGGCTAGGAACAACGTA,0,583523
araCp,0.16666666666666666,5,5,TTTCGAATCGTCTAGAGGAC,0,573242
araCp,0.16666666666666666,5,5,TTTCCGGATATGCAATATGC,0,568861
araCp,0.16666666666666666,5,5,TTTCATTTACCTGGTACGCG,0,555576
araCp,0.16666666666666666,5,5,TTTAGCTCTGATACGCTTAA,0,571228
araCp,0.16666666666666666,5,5,TTTACTTCACCTTTTCGTTG,0,567696
araCp,0.16666666666666666,5,5,TTTACGAAGGGAGGATTGAC,0,544748
araCp,0.16666666666666666,5,5,TTTACAGGTTTCCGGGAAGT,0,579286
araCp,0.16666666666666666,5,5,TTTAATCAGGGTTGGAGTAC,0,596092
araCp,0.16666666666666666,5,5,TTGTGGTCCATTTTTTCCGC,0,583984
araCp,0.16666666666666666,5,5,TTGTGATTCCCTTAGAAGCT,0,531040
araCp,0.16666666666666666,5,5,TTGTCTGAGAGGAACGGTTT,0,601126
araCp,0.16666666666666666,5,5,TTGTCGTTTGGCGGTTATAG,0,587810
araCp,0.16666666666666666,5,5,TTGTCCTCGTACTTAGCGGG,0,536701
araCp,0.16666666666666666,5,5,TTGTCCGCTGAGACCTTTAC,0,591341
araCp,0.16666666666666666,5,5,TTGTATAGCTACTACTCGTG,0,569092
araCp,0.16666666666666666,5,5,TTGTAAATCACCGGTTGGAT,0,554122
araCp,0.16666666666666666,5,5,TTGGTTGCTGCCTACGGAAT,0,562803
araCp,0.16666666666666666,5,5,TTGGTCCGTGGAACCCGTAT,0,588861
araCp,0.16666666666666666,5,5,TTGGGTCTGGCACTACATGA,0,553521
araCp,0.16666666666666666,5,5,TTGGGTAGAGCTGCTCCACA,0,587347
araCp,0.16666666666666666,5,5,TTGGGGAAGCGTAGCATAAT,0,589500
araCp,0.16666666666666666,5,5,TTGGGACGCAAAGCCCCCGT,0,548606
araCp,0.16666666666666666,5,5,TTGGCCTATAGCCTGAGTAC,0,590708
araCp,0.16666666666666666,5,5,TTGGCCGTACCTCGTGGTTA,0,591037
araCp,0.16666666666666666,5,5,TTGGCCGGCACGATCTGCTG,0,527605
araCp,0.16666666666666666,5,5,TTGGAATAAATTGATGATCT,0,575194
araCp,0.16666666666666666,5,5,TTGCTCGTTCGGACACGAGC,0,554449
araCp,0.16666666666666666,5,5,TTGCTATGGCTTAACGTAGT,0,598318
araCp,0.16666666666666666,5,5,TTGCGAGCCAAACTCGGTCG,0,532691
araCp,0.16666666666666666,5,5,TTGCCTGATAGTCTAAGCAT,0,585859
araCp,0.16666666666666666,5,5,TTGCCAATATGTGGTAAAAT,0,592063
araCp,0.16666666666666666,5,5,TTGCATACTCAGGTGTTAGT,0,578607
araCp,0.16666666666666666,5,5,TTGCACTGAGCCATTCTCAC,0,575001
araCp,0.16666666666666666,5,5,TTGCAAGCGAACGCGACAAA,0,596218
araCp,0.16666666666666666,5,5,TTGCAAAGTGAGATGTATAC,0,587971
araCp,0.16666666666666666,5,5,TTGAGTGCGCGATTGCCAGA,0,585825
araCp,0.16666666666666666,5,5,TTGACGGACAAGCCTAAATT,0,598901
araCp,0.16666666666666666,5,5,TTCTTTCCGAAGATCCGGTC,0,565840
araCp,0.16666666666666666,5,5,TTCTTAGGAGACGATTGAGC,0,598336
araCp,0.16666666666666666,5,5,TTCTTAGAGCAAAGTATGGA,0,539385
araCp,0.16666666666666666,5,5,TTCTGTAAGAGAATAGGTCA,0,590648
araCp,0.16666666666666666,5,5,TTCGTTCAGGATTCGTTGCA,0,581504
araCp,0.16666666666666666,5,5,TTCGGGCAGCTCACAGTCGT,0,599870
araCp,0.16666666666666666,5,5,TTCGCTCGAACGTTTAGGGA,0,596708
araCp,0.16666666666666666,5,5,TTCGCCGCTCAAGTCGTACA,0,578359
araCp,0.16666666666666666,5,5,TTCGCAAATCGGTGCCCAGT,0,596399
araCp,0.16666666666666666,5,5,TTCGAGAGGTGAGTAGACTA,0,545401
araCp,0.16666666666666666,5,5,TTCCTTATAAGCTGATTCCA,0,567170
araCp,0.16666666666666666,5,5,TTCCTCGACGCGGAGTACGG,0,591244
araCp,0.16666666666666666,5,5,TTCCTATGTAGAAGATTTTG,0,554013
araCp,0.16666666666666666,5,5,TTCCTAGTTAAGGCGTTTAC,0,589328
araCp,0.16666666666666666,5,5,TTCCGCTGGGACCCCTAGTA,0,589870
araCp,0.16666666666666666,5,5,TTCCGCGTTTAGTTACCCTC,0,526028
araCp,0.16666666666666666,5,5,TTCCGCACGGCCACTACAAT,0,555001
araCp,0.16666666666666666,5,5,TTCCAACCAGTGATGTCACG,0,528321
araCp,0.16666666666666666,5,5,TTCATGGATCGGGGAATCCA,0,580106
araCp,0.16666666666666666,5,5,TTCACTGCTTCTCTAGCTTC,0,565968
araCp,0.16666666666666666,5,5,TTCACAGCCCCCGTTGGGCT,0,526285
araCp,0.16666666666666666,5,5,TTCACAGAAGCGCAGCCGTT,0,556736
araCp,0.16666666666666666,5,5,TTCAAGTAACATACATGAGG,0,544324
araCp,0.16666666666666666,5,5,TTCAACATACATTCGCTGAA,0,571106
araCp,0.16666666666666666,5,5,TTATGGACTGATGTGTTGCT,0,539213
araCp,0.16666666666666666,5,5,TTATGAAGGCAGATACACTT,0,599777
araCp,0.16666666666666666,5,5,TTATATCAAAATAGCCTAGA,0,570049
araCp,0.16666666666666666,5,5,TTATAATTTCTTACTCACGG,0,543995
araCp,0.16666666666666666,5,5,TTAGTTAAGATGGCGGGACG,0,557665
araCp,0.16666666666666666,5,5,TTAGCAATCCTATAAATGCA,0,595815
araCp,0.16666666666666666,5,5,TTAGATTCAGGCCTTCATGC,0,594410
araCp,0.16666666666666666,5,5,TTACTCGCGGCGCGGTATAT,0,586202
araCp,0.16666666666666666,5,5,TTACTAAGCTATGACTAGAG,0,592686
araCp,0.16666666666666666,5,5,TTACGTGCCCGTTTGTACGT,0,585396
araCp,0.16666666666666666,5,5,TTACCACGCCGTACGTCATC,0,530934
araCp,0.16666666666666666,5,5,TTACAGAATTCTTATAAGTT,0,556541
araCp,0.16666666666666666,5,5,TTACACCGTGTCTCAACGGC,0,527973
araCp,0.16666666666666666,5,5,TTAATTTTTTTTACAGTTAG,0,533119
araCp,0.16666666666666666,5,5,TTAATCTCATCCATAAGCAA,0,540232
araCp,0.16666666666666666,5,5,TTAAGTTTCCCCTAGAGCTC,0,549421
araCp,0.16666666666666666,5,5,TTAAGCGCCGCTGCGGTTGC,0,536329
araCp,0.16666666666666666,5,5,TTAACTCCCTGGCAACGGGT,0,564073
araCp,0.16666666666666666,5,5,TTAACCCAACTCATAAGCAT,0,527980
araCp,0.16666666666666666,5,5,TTAAATTTCGCCTTGTGTTG,0,563933
araCp,0.16666666666666666,5,5,TTAAATATTGGGGTCTTCGT,0,563832
araCp,0.16666666666666666,5,5,TGTTTGCCGTAGCTTGCGCA,0,582803
araCp,0.16666666666666666,5,5,TGTTTATGAGGGCACAATCA,0,542971
araCp,0.16666666666666666,5,5,TGTTGGTCTCCTTCTCTGGG,0,583115
araCp,0.16666666666666666,5,5,TGTTGCCCTGAGAAAGTGAG,0,563667
araCp,0.16666666666666666,5,5,TGTTGACCAGGGTGAAATGT,0,549091
araCp,0.16666666666666666,5,5,TGTTCTTGCTAGCAGGACCA,0,569247
araCp,0.16666666666666666,5,5,TGTTCTAGTAGCCGCAAAGC,0,531760
araCp,0.16666666666666666,5,5,TGTTCGATGCAAAGCGTACA,0,584264
araCp,0.16666666666666666,5,5,TGTTCCAAAACGGAACCGGT,0,558879
araCp,0.16666666666666666,5,5,TGTTCAGGGAGCGTGTGACT,0,569734
araCp,0.16666666666666666,5,5,TGTTAGAACGCTTGTTTTCT,0,528090
araCp,0.16666666666666666,5,5,TGTTACTCCCGTAGAGGAGA,0,543548
araCp,0.16666666666666666,5,5,TGTGGTTAGTCTAAACCCCG,0,536675
araCp,0.16666666666666666,5,5,TGTGGTGTCCATACTGTCAA,0,542394
araCp,0.16666666666666666,5,5,TGTGGTACGCGAAGTATGAT,0,534925
araCp,0.16666666666666666,5,5,TGTGCTCGCAATCGAATTGT,0,540601
araCp,0.16666666666666666,5,5,TGTGCTCAGGCAGAGAAAAT,0,536716
araCp,0.16666666666666666,5,5,TGTGCGCTTAAAGGTTTGGA,0,592224
araCp,0.16666666666666666,5,5,TGTGCGATTTCCTACCCGAC,0,599690
araCp,0.16666666666666666,5,5,TGTGCATAGACAGGTTTGAT,0,575638
araCp,0.16666666666666666,5,5,TGTGAGGCCTTAAGCCAATA,0,568676
araCp,0.16666666666666666,5,5,TGTGAAGTTTTCACGTTCGT,0,562021
araCp,0.16666666666666666,5,5,TGTCTCTTGGCAAGGCTGTA,0,551489
araCp,0.16666666666666666,5,5,TGTCTATGATCTACATGTGA,0,547626
araCp,0.16666666666666666,5,5,TGTCTAAGAAGTACGGATTC,0,577941
araCp,0.16666666666666666,5,5,TGTCGTAAAGCCGTAAGATC,0,577040
araCp,0.16666666666666666,5,5,TGTCGCACCGTACGAATGTA,0,525749
araCp,0.16666666666666666,5,5,TGTCCGGCATCCATTGTACT,0,568222
araCp,0.16666666666666666,5,5,TGTCCAGGCAGGCGTCGATG,0,563619
araCp,0.16666666666666666,5,5,TGTCAAGAACCGCGGCTTAT,0,590731
araCp,0.16666666666666666,5,5,TGTATGATAGTATGGATGCA,0,564112
araCp,0.16666666666666666,5,5,TGTATATCGGCCAGTGCCTA,0,555711
araCp,0.16666666666666666,5,5,TGTACTATTGTCCGACGATC,0,570581
araCp,0.16666666666666666,5,5,TGTACTATACGTCCTCAAGG,0,570831
araCp,0.16666666666666666,5,5,TGTACGGCATCCTTATCCCT,0,531715
araCp,0.16666666666666666,5,5,TGTACCGCCACGTTAGTAAT,0,579756
araCp,0.16666666666666666,5,5,TGGTTGAACGTTGTACATGA,0,556984
araCp,0.16666666666666666,5,5,TGGTTCGGGCGTGGGCCTAG,0,567065
araCp,0.16666666666666666,5,5,TGGTTCAGCATTGTGTCAAC,0,537971
araCp,0.16666666666666666,5,5,TGGTTAGCACATCCCTGTGA,0,576991
araCp,0.16666666666666666,5,5,TGGTGTGCAGACTAACTGCT,0,565311
araCp,0.16666666666666666,5,5,TGGTGGGGTCATAGCAGGGC,0,601485
araCp,0.16666666666666666,5,5,TGGTCATCCCGGCTTGCAGT,0,547685
araCp,0.16666666666666666,5,5,TGGTCAAGCGAGGGTAAGGC,0,545647
araCp,0.16666666666666666,5,5,TGGTACTGACTCGCTACGAG,0,582661
araCp,0.16666666666666666,5,5,TGGGTTTCGAGCGCTCGCTG,0,562728
araCp,0.16666666666666666,5,5,TGGGTGTATTGTGTATGACG,0,532292
araCp,0.16666666666666666,5,5,TGGGTAAGAAACTGGGTCCT,0,532108
araCp,0.16666666666666666,5,5,TGGGGTGGCAATGATTCTAA,0,592689
araCp,0.16666666666666666,5,5,TGGGGTGAATCATTAACTTA,0,557944
araCp,0.16666666666666666,5,5,TGGGGGTGTTCACAGCGCGT,0,569179
araCp,0.16666666666666666,5,5,TGGGGCGGCACACCCGAAAG,0,578834
araCp,0.16666666666666666,5,5,TGGGCTCATATCATGTCCCA,0,542722
araCp,0.16666666666666666,5,5,TGGGCCGGTTAGCGAGTCTT,0,544044
araCp,0.16666666666666666,5,5,TGGGATCCGGATGGGGAGAT,0,551197
araCp,0.16666666666666666,5,5,TGGCTTTCGGTGCCGGTGCC,0,534931
araCp,0.16666666666666666,5,5,TGGCTGTCAGCCCTCCAGAA,0,578649
araCp,0.16666666666666666,5,5,TGGCTGCGGCATGCGCGGCA,0,544958
araCp,0.16666666666666666,5,5,TGGCTAAACACCAGGCCCAC,0,540222
araCp,0.16666666666666666,5,5,TGGCGTAGTGTGGCTTAAAG,0,571396
araCp,0.16666666666666666,5,5,TGGCCTGTTCCTGCTTGTCA,0,571262
araCp,0.16666666666666666,5,5,TGGCCTAGTTAGAGCTCGAC,0,556414
araCp,0.16666666666666666,5,5,TGGCCAGCGCCCCGCGGCAA,0,574748
araCp,0.16666666666666666,5,5,TGGATCGAAGCACGGAGTGC,0,566819
araCp,0.16666666666666666,5,5,TGGATATGGAGCCGCTCTAC,0,545216
araCp,0.16666666666666666,5,5,TGGAGTATACTATATGGAGG,0,586037
araCp,0.16666666666666666,5,5,TGGACACATAGGAGATCAAC,0,536920
araCp,0.16666666666666666,5,5,TGGAAGGCGCCAGGCTTCAT,0,602743
araCp,0.16666666666666666,5,5,TGCTGCAGGCAGCTTTTAGC,0,548963
araCp,0.16666666666666666,5,5,TGCTCGGCTCGAGTTACAAC,0,599842
araCp,0.16666666666666666,5,5,TGCTCAACAATAAAAATGGC,0,576049
araCp,0.16666666666666666,5,5,TGCGTGGTAGGTCTTCTGAA,0,542986
araCp,0.16666666666666666,5,5,TGCGGTTGAAGGCTAGCCTT,0,538537
araCp,0.16666666666666666,5,5,TGCGGTATGTGGAGTTGCTT,0,602147
araCp,0.16666666666666666,5,5,TGCGGCGAGACAACCCGCTG,0,533541
araCp,0.16666666666666666,5,5,TGCGCAAGGACCACACCGGT,0,573721
araCp,0.16666666666666666,5,5,TGCGATAGCAGGAGTAATCT,0,529410
araCp,0.16666666666666666,5,5,TGCGAAGTGTAATGTGTTAC,0,584260
araCp,0.16666666666666666,5,5,TGCCTTGGCATCATAGCGGT,0,600862
araCp,0.16666666666666666,5,5,TGCCGTAAGTGGCATTAAAT,0,579868
araCp,0.16666666666666666,5,5,TGCCGCTATCAGGCCGGCCG,0,529584
araCp,0.16666666666666666,5,5,TGCCGAATTTAACGATATAG,0,575190
araCp,0.16666666666666666,5,5,TGCCCCGCTTGAATAACGTG,0,596114
araCp,0.16666666666666666,5,5,TGCCCCCACTCCGATAGACA,0,526526
araCp,0.16666666666666666,5,5,TGCCCAAGGTAGGCAGTATT,0,564155
araCp,0.16666666666666666,5,5,TGCAGAACGCGGATCGCGGT,0,539052
araCp,0.16666666666666666,5,5,TGATTTACCAAGTAAGCTGA,0,547849
araCp,0.16666666666666666,5,5,TGATTGGTAAATTCGGGCTA,0,596442
araCp,0.16666666666666666,5,5,TGATGGTTCAAAGACAGGAG,0,593873
araCp,0.16666666666666666,5,5,TGATCCCTAGCTGCCCTAGA,0,575990
araCp,0.16666666666666666,5,5,TGAGGATCCAGGTGGAATCT,0,596308
araCp,0.16666666666666666,5,5,TGAGAGCCAAGATAGTGCTA,0,549258
araCp,0.16666666666666666,5,5,TGACTTTGGTTGCCCACATG,0,550751
araCp,0.16666666666666666,5,5,TGACTCTAGTCCTTTTACGA,0,601170
araCp,0.16666666666666666,5,5,TGACTAGGGCGTATTTGGTT,0,542471
araCp,0.16666666666666666,5,5,TGACTAGCCATGATTTTGAT,0,598476
araCp,0.16666666666666666,5,5,TGACGTCAAGGCACAAAAAA,0,553035
araCp,0.16666666666666666,5,5,TGACGGCAAGCGCGCACATA,0,580623
araCp,0.16666666666666666,5,5,TGACGCAAGGCCAGCACAAT,0,533302
araCp,0.16666666666666666,5,5,TGACGATAGCGAAAGGAAGA,0,566394
araCp,0.16666666666666666,5,5,TGACCGGCAAATTGCCTTTT,0,534363
araCp,0.16666666666666666,5,5,TGACATGCAGGTTTAAACGT,0,561627
araCp,0.16666666666666666,5,5,TGAATAAATCACGGGGATCA,0,555889
araCp,0.16666666666666666,5,5,TGAAGGGCCTCGCATCACAC,0,541089
araCp,0.16666666666666666,5,5,TGAAAGCAGTGGACCGTTCT,0,578786
araCp,0.16666666666666666,5,5,TGAAAAAATTGCTAAAGTTT,0,600027
araCp,0.16666666666666666,5,5,TCTTTTGTTTCGCAGCTATA,0,532312
araCp,0.16666666666666666,5,5,TCTTTAAACGCTTAAACGAA,0,532678
araCp,0.16666666666666666,5,5,TCTTGTGAGTAGCACGGGGA,0,565809
araCp,0.16666666666666666,5,5,TCTTCTGTCTCAAAGTAATC,0,535616
araCp,0.16666666666666666,5,5,TCTTCGCTCAGAAAAATCCT,0,542054
araCp,0.16666666666666666,5,5,TCTTATTGAATTCGTCCGAC,0,584360
araCp,0.16666666666666666,5,5,TCTTATTCCACAATCCCGGA,0,548084
araCp,0.16666666666666666,5,5,TCTGTCCAACAACGGCCAGT,0,599346
araCp,0.16666666666666666,5,5,TCTGTAAAATGCGTCATCTT,0,554727
araCp,0.16666666666666666,5,5,TCTGGCAGGCATGATAAGTG,0,580426
araCp,0.16666666666666666,5,5,TCTGGATATTATGAGGGCAA,0,594970
araCp,0.16666666666666666,5,5,TCTGCACTCCGCTCCGTAAT,0,532334
araCp,0.16666666666666666,5,5,TCTGATGAGTGCTACTTATA,0,589154
araCp,0.16666666666666666,5,5,TCTGACACGGCTGGGCACAC,0,578217
araCp,0.16666666666666666,5,5,TCTCTCTATAGTATGGTAAA,0,540479
araCp,0.16666666666666666,5,5,TCTCGAACGTATTTTTGATG,0,582698
araCp,0.16666666666666666,5,5,TCTCCTCGGAGAATATAGGT,0,594204
araCp,0.16666666666666666,5,5,TCTCAGTAGTAAAACCTTTT,0,579915
araCp,0.16666666666666666,5,5,TCTCAGCTACTACTAAGCAT,0,591017
araCp,0.16666666666666666,5,5,TCTCAATCGGTAGGTGGTAC,0,533780
araCp,0.16666666666666666,5,5,TCTAGTCCCATGTGATAGAT,0,538685
araCp,0.16666666666666666,5,5,TCTAGATGTAATAAAGACGG,0,529841
araCp,0.16666666666666666,5,5,TCTACGTTTTACGCCGTGTA,0,551062
araCp,0.16666666666666666,5,5,TCTACCTTCGGTACGCGGGG,0,525921
araCp,0.16666666666666666,5,5,TCTAATGCTTTATTCAAAGG,0,535620
araCp,0.16666666666666666,5,5,TCTAATCACCTCGCAGCTGC,0,558761
araCp,0.16666666666666666,5,5,TCTAAGCACCGGTACAGACT,0,569066
araCp,0.16666666666666666,5,5,TCTAAAACGTTTGTAGAATG,0,599891
araCp,0.16666666666666666,5,5,TCGTTTTGGATTTAGTTCTA,0,539594
araCp,0.16666666666666666,5,5,TCGTTTTGGATGTCTGGGCA,0,549971
araCp,0.16666666666666666,5,5,TCGTTGGCATTTTAGACGGG,0,533103
araCp,0.16666666666666666,5,5,TCGTTACTGATTGCATAGAA,0,533700
araCp,0.16666666666666666,5,5,TCGTGGTCGATCGTATTGGG,0,563597
araCp,0.16666666666666666,5,5,TCGTATCGGCGACATATCCC,0,588388
araCp,0.16666666666666666,5,5,TCGTACTCCCGATTAGTTAG,0,598753
araCp,0.16666666666666666,5,5,TCGTAATGGGGGTGGACCAG,0,547352
araCp,0.16666666666666666,5,5,TCGGTGAGGCGGAATAAGCG,0,578689
araCp,0.16666666666666666,5,5,TCGGTCTTGCCGTACCTGGG,0,539682
araCp,0.16666666666666666,5,5,TCGGGTGCATCCTTCGGCTA,0,545554
araCp,0.16666666666666666,5,5,TCGGGTCTGTGCAAGGACAC,0,534351
araCp,0.16666666666666666,5,5,TCGGCTGCTGCACAGTTTCT,0,598622
araCp,0.16666666666666666,5,5,TCGGATTTGGACTTTCGGGT,0,547726
araCp,0.16666666666666666,5,5,TCGGATTACAATTCTCGTGA,0,526392
araCp,0.16666666666666666,5,5,TCGCTTGCGAAATGGGATAT,0,574336
araCp,0.16666666666666666,5,5,TCGCTAGGAACTAATTGAAA,0,567517
araCp,0.16666666666666666,5,5,TCGCGAACCCCGCTCGCTAT,0,567650
araCp,0.16666666666666666,5,5,TCGCCGGGTGCTATAAAGCG,0,576258
araCp,0.16666666666666666,5,5,TCGCAAGGGATACGAAGTGT,0,564811
araCp,0.16666666666666666,5,5,TCGATGAATTCGTATAGGAT,0,581709
araCp,0.16666666666666666,5,5,TCGATCATAGGCCAGTGTCA,0,570638
araCp,0.16666666666666666,5,5,TCGATAGTAGTCCCGCGGGT,0,531091
araCp,0.16666666666666666,5,5,TCGATACCAATTTTCTTTTT,0,549501
araCp,0.16666666666666666,5,5,TCGAGTATGAGGGAGCTTGT,0,597392
araCp,0.16666666666666666,5,5,TCGAGAATTTGGGACCGTCA,0,541383
araCp,0.16666666666666666,5,5,TCGACGGCGGCCAGAAGCGA,0,553637
araCp,0.16666666666666666,5,5,TCGAATCTGGGCTCCCGCAA,0,562005
araCp,0.16666666666666666,5,5,TCGAAGATGTTAACGATAGA,0,602678
araCp,0.16666666666666666,5,5,TCGAAAAACCTCTTTCGTAT,0,565161
araCp,0.16666666666666666,5,5,TCCTTGGCAACGCTAAATGC,0,540139
araCp,0.16666666666666666,5,5,TCCTGGTCCAAACTTTAGGG,0,573798
araCp,0.16666666666666666,5,5,TCCTCGCCATATCTGTGTAG,0,532433
araCp,0.16666666666666666,5,5,TCCTACCTTTTTTTATGCAA,0,589939
araCp,0.16666666666666666,5,5,TCCTAATATCTCCGGCAGGA,0,569704
araCp,0.16666666666666666,5,5,TCCGGTCGAGGAGTACCCTC,0,551196
araCp,0.16666666666666666,5,5,TCCGCGATTTGCATAGCCAG,0,589164
araCp,0.16666666666666666,5,5,TCCGCCGTTTCGTTCTCTCG,0,562107
araCp,0.16666666666666666,5,5,TCCGCCCCAAATAAAGGGGG,0,542950
araCp,0.16666666666666666,5,5,TCCGCATAAACGGATTTGGT,0,593489
araCp,0.16666666666666666,5,5,TCCGAGTAGCGGATTATGAT,0,552967
araCp,0.16666666666666666,5,5,TCCCTACTTTAGTGCAGCAG,0,597925
araCp,0.16666666666666666,5,5,TCCCGTTCAGTCCGGAATGA,0,527913
araCp,0.16666666666666666,5,5,TCCCGTGCGGCCGCCGCCTA,0,593663
araCp,0.16666666666666666,5,5,TCCCGTATCTTCGTACCACA,0,602378
araCp,0.16666666666666666,5,5,TCCCCCGACCACAGTTTCAC,0,593693
araCp,0.16666666666666666,5,5,TCCCAGCCGGTAAACATGCT,0,571491
araCp,0.16666666666666666,5,5,TCCATCAGGGTGCGTGTTAT,0,599978
araCp,0.16666666666666666,5,5,TCCAGCATGAAAGCATTTTG,0,542166
araCp,0.16666666666666666,5,5,TCCAATGGGGTCAAAGGGCG,0,591952
araCp,0.16666666666666666,5,5,TCAGTGCCGACTTAAGCTAG,0,559210
araCp,0.16666666666666666,5,5,TCAGGGTGTGATGACAGGTC,0,602973
araCp,0.16666666666666666,5,5,TCAGGATGGGCATTGTCTAA,0,598002
araCp,0.16666666666666666,5,5,TCAGACAATGTGGTACTTTA,0,569246
araCp,0.16666666666666666,5,5,TCACGTGTGCTCTAACGTTA,0,583736
araCp,0.16666666666666666,5,5,TCACGTCAGCGGAAACTGCA,0,562893
araCp,0.16666666666666666,5,5,TCACCTAATAGGTTATCGAG,0,538808
araCp,0.16666666666666666,5,5,TCACAGCGGATTTGGGGCTC,0,531231
araCp,0.16666666666666666,5,5,TCAATGGCGAACTCAAATAT,0,594055
araCp,0.16666666666666666,5,5,TCAAGTTGTACGATATTGGT,0,555453
araCp,0.16666666666666666,5,5,TCAAGGGTCGTGCCGTGGCC,0,574802
araCp,0.16666666666666666,5,5,TCAAGCCTTAATTGAACGCG,0,594472
araCp,0.16666666666666666,5,5,TCAAGACTCTATGATATGGA,0,602685
araCp,0.16666666666666666,5,5,TCAAGACCGTATAACATTGA,0,556363
araCp,0.16666666666666666,5,5,TCAACAAAGGGACACGCGTT,0,568060
araCp,0.16666666666666666,5,5,TCAAATCACAACAGACATTT,0,529837
araCp,0.16666666666666666,5,5,TCAAATATATGACGACTAAA,0,584585
araCp,0.16666666666666666,5,5,TCAAACTGCGAAGCCTATTA,0,579210
araCp,0.16666666666666666,5,5,TATTTGGTTGGGGATGAAAT,0,530352
araCp,0.16666666666666666,5,5,TATTATCAGAAGGGCAAGGG,0,552964
araCp,0.16666666666666666,5,5,TATTAAGGCCAAGACACCAA,0,560714
araCp,0.16666666666666666,5,5,TATGTACCTATCTCTGATTG,0,564540
araCp,0.16666666666666666,5,5,TATGGTAGATAGTCGGCACA,0,531199
araCp,0.16666666666666666,5,5,TATGCTACTAAGCCATAGCG,0,586437
araCp,0.16666666666666666,5,5,TATGATGTTATTGAGGCGGG,0,548164
araCp,0.16666666666666666,5,5,TATCTCTACTGCACCATTAG,0,529110
araCp,0.16666666666666666,5,5,TATCGGAAATTACATCGCTC,0,602299
araCp,0.16666666666666666,5,5,TATCGCCATTGGTGGATAGC,0,584405
araCp,0.16666666666666666,5,5,TATCGCAATCTGCTGCTTGG,0,602669
araCp,0.16666666666666666,5,5,TATATTGGAGCGAATCTGCT,0,526224
araCp,0.16666666666666666,5,5,TATATGTCCGACGCGTCACG,0,588775
araCp,0.16666666666666666,5,5,TATAGCGCAGCACTGCGGAA,0,541678
araCp,0.16666666666666666,5,5,TATACTCGGCTTCTACACTA,0,587351
araCp,0.16666666666666666,5,5,TATAATGGTGAGCCAAATCG,0,599600
araCp,0.16666666666666666,5,5,TATAAGTTACCGGGACAGCC,0,593496
araCp,0.16666666666666666,5,5,TATAAAGATTCCTGTGAAAA,0,600258
araCp,0.16666666666666666,5,5,TAGGTATAATTGGTATGAGA,0,587782
araCp,0.16666666666666666,5,5,TAGGGCGAAGAACTACGACC,0,549938
araCp,0.16666666666666666,5,5,TAGGGACTCGATTGGCATGC,0,542765
araCp,0.16666666666666666,5,5,TAGGCGTACAGTTCTGGATC,0,549144
araCp,0.16666666666666666,5,5,TAGGCGGTAATCGTGCACTA,0,556478
araCp,0.16666666666666666,5,5,TAGGCATCCCCGCGCGGTAG,0,587650
araCp,0.16666666666666666,5,5,TAGGCAAGGCCAGTTGAAGG,0,574083
araCp,0.16666666666666666,5,5,TAGGACACTTAACTATATGT,0,577110
araCp,0.16666666666666666,5,5,TAGCGTCGCCGCGCATCGCG,0,538840
araCp,0.16666666666666666,5,5,TAGCCTTTGACTCGCCAGTA,0,532946
araCp,0.16666666666666666,5,5,TAGCAGCGTAGAAGTATGTC,0,584053
araCp,0.16666666666666666,5,5,TAGCAAGCCTACTATTTGAG,0,597135
araCp,0.16666666666666666,5,5,TAGATCCCAAAATTGCCATC,0,540221
araCp,0.16666666666666666,5,5,TAGAGTATGGGGAAAAGCAA,0,527378
araCp,0.16666666666666666,5,5,TAGAGGAAGAAGCTCCCGGG,0,596686
araCp,0.16666666666666666,5,5,TAGACCGTTTGGTCTCTGCA,0,573237
araCp,0.16666666666666666,5,5,TACTTTATACGAAGCCGTGC,0,557042
araCp,0.16666666666666666,5,5,TACTTCCCACAGCCTGGGTC,0,541978
araCp,0.16666666666666666,5,5,TACTGGGGGGCTTCTCCCAG,0,593040
araCp,0.16666666666666666,5,5,TACGTCTTGGCATTGAGGCC,0,548778
araCp,0.16666666666666666,5,5,TACGTAATCCATGGGATCGT,0,552674
araCp,0.16666666666666666,5,5,TACCTCACTAGGAGCATACT,0,551411
araCp,0.16666666666666666,5,5,TACCGTTTCCACAGAATACA,0,536697
araCp,0.16666666666666666,5,5,TACCGTAATGATCCAGGACT,0,601981
araCp,0.16666666666666666,5,5,TACCGGCTTGCGCACAGTAT,0,589421
araCp,0.16666666666666666,5,5,TACCGCTGTCCTGGGACGTA,0,548485
araCp,0.16666666666666666,5,5,TACCCAGTCTGGCAGGGTGC,0,539976
araCp,0.16666666666666666,5,5,TACCAAACCCTTTAAGTAGT,0,602797
araCp,0.16666666666666666,5,5,TACAGTAGGAGGAGTTTCCT,0,584672
araCp,0.16666666666666666,5,5,TACACCCAGCATCGGTAGTA,0,550901
araCp,0.16666666666666666,5,5,TACAACCGGCGGGGCAGGAC,0,537677
araCp,0.16666666666666666,5,5,TAATTTAAATTACGTTAGGT,0,562242
araCp,0.16666666666666666,5,5,TAATTACAAACCATGATGGA,0,560318
araCp,0.16666666666666666,5,5,TAATGCATCGTCGGTGAAAA,0,596222
araCp,0.16666666666666666,5,5,TAATCCTCGATCAATGGGTC,0,544815
araCp,0.16666666666666666,5,5,TAATCCGTCCGCGCGAGCCC,0,553677
araCp,0.16666666666666666,5,5,TAATATTTAGGCAAAGTTAT,0,526529
araCp,0.16666666666666666,5,5,TAAGGTATCACCCGTTATGG,0,587843
araCp,0.16666666666666666,5,5,TAAGCGCGGACCGGTGTTGG,0,547178
araCp,0.16666666666666666,5,5,TAAGCCATGAACCGTTGGCA,0,585754
araCp,0.16666666666666666,5,5,TAAGCATTCGAAACAGCGGT,0,597319
araCp,0.16666666666666666,5,5,TAAGATGCTCCGGCCCCGCA,0,580063
araCp,0.16666666666666666,5,5,TAAGACACCGCTCGTCATAA,0,529607
araCp,0.16666666666666666,5,5,TAAGAACGTTTAATAATGCG,0,552555
araCp,0.16666666666666666,5,5,TAAGAACCCGTCGGGCAGTC,0,594141
araCp,0.16666666666666666,5,5,TAACTCATCCCCAGATCAGA,0,589030
araCp,0.16666666666666666,5,5,TAACGGTAAAGGGCTGGAAC,0,588982
araCp,0.16666666666666666,5,5,TAACCTAGAGGGTACCGTCC,0,575186
araCp,0.16666666666666666,5,5,TAACAGCGTGTGTTTAAACA,0,561072
araCp,0.16666666666666666,5,5,TAACACCTGGCAGGCGCCCT,0,550646
araCp,0.16666666666666666,5,5,TAAATTTTGCACTCCCTATC,0,543355
araCp,0.16666666666666666,5,5,TAAATTTTACTGACTAATTT,0,567243
araCp,0.16666666666666666,5,5,TAAATTGCCGGGAGTCCGAG,0,562203
araCp,0.16666666666666666,5,5,TAAAGGGATAGGTGTCCCTG,0,575309
araCp,0.16666666666666666,5,5,TAAAGCATATCTGAGGCAGA,0,592337
araCp,0.16666666666666666,5,5,GTTTTTAGTAGACCGTATCG,0,576200
araCp,0.16666666666666666,5,5,GTTTTGCGCTAAGATAAGTA,0,595494
araCp,0.16666666666666666,5,5,GTTTTCTCAATCTCGGCCAT,0,545937
araCp,0.16666666666666666,5,5,GTTTGGTACACGTACTGGAG,0,601719
araCp,0.16666666666666666,5,5,GTTTGGGGCGTGGAGGGGGA,0,585688
araCp,0.16666666666666666,5,5,GTTTGGCCCCGGTAGGCGAA,0,565889
araCp,0.16666666666666666,5,5,GTTTGCGATGGCTACGCTCG,0,561604
araCp,0.16666666666666666,5,5,GTTTCGGAGATGTGAGAGTC,0,574555
araCp,0.16666666666666666,5,5,GTTTCAGAAAAGACGGAAAG,0,564237
araCp,0.16666666666666666,5,5,GTTGTCTAGGCTTCAGTTAG,0,553497
araCp,0.16666666666666666,5,5,GTTGTAGAACGGATTAATTT,0,544454
araCp,0.16666666666666666,5,5,GTTGGGCCTTGTGAGACAGC,0,571487
araCp,0.16666666666666666,5,5,GTTGCCATGGGCCAGTGCTG,0,593709
araCp,0.16666666666666666,5,5,GTTGATAAACGAGCTCGCGA,0,559487
araCp,0.16666666666666666,5,5,GTTGACTCGCGCCATTCAAC,0,526147
araCp,0.16666666666666666,5,5,GTTGAACCCTGTTCGCTTGC,0,582686
araCp,0.16666666666666666,5,5,GTTCTGGGTGTTATTGCTGG,0,530102
araCp,0.16666666666666666,5,5,GTTCGGATTTGTACCCCGGC,0,587735
araCp,0.16666666666666666,5,5,GTTCGGAAGCAGTTTGCCTG,0,582161
araCp,0.16666666666666666,5,5,GTTCCTTTGTCAGGGATTGC,0,597981
araCp,0.16666666666666666,5,5,GTTCCCGGTGCCTAAGCCTG,0,529506
araCp,0.16666666666666666,5,5,GTTCCCAGCCCTATATCCGT,0,557132
araCp,0.16666666666666666,5,5,GTTCCACTCCTCTTTTAGAG,0,560841
araCp,0.16666666666666666,5,5,GTTCATCTATAGGCTAAAAT,0,538750
araCp,0.16666666666666666,5,5,GTTCATAAGCCGAGATTATC,0,572692
araCp,0.16666666666666666,5,5,GTTATGGAGATGATTATCAG,0,567343
araCp,0.16666666666666666,5,5,GTTATGAAGGGCAGCCTCGA,0,593982
araCp,0.16666666666666666,5,5,GTTAGTGTGCACTGTGATCT,0,553845
araCp,0.16666666666666666,5,5,GTTACATCTAAATGTACTAT,0,591953
araCp,0.16666666666666666,5,5,GTTAAGCGAGGCGAGTATAT,0,525955
araCp,0.16666666666666666,5,5,GTTAAAGCAGGGTACCGCAG,0,532761
araCp,0.16666666666666666,5,5,GTGTTTGATGTTTCGTGCAT,0,571051
araCp,0.16666666666666666,5,5,GTGTGGGTTGGAGGATGCTC,0,555672
araCp,0.16666666666666666,5,5,GTGTGCTGCTTCGTTATTTT,0,586797
araCp,0.16666666666666666,5,5,GTGTGATCATGGGATAACCG,0,575422
araCp,0.16666666666666666,5,5,GTGTCACGATTGGGTCGTCG,0,590169
araCp,0.16666666666666666,5,5,GTGTATGGGCTACGTAAGCA,0,554366
araCp,0.16666666666666666,5,5,GTGTAGGCTCCGAAGTTCCA,0,549271
araCp,0.16666666666666666,5,5,GTGTAAAAGAGTGTGGGGTT,0,586452
araCp,0.16666666666666666,5,5,GTGGTATGCCTCTTTGATGC,0,593230
araCp,0.16666666666666666,5,5,GTGGTACGCCGCAGCGAGTT,0,527406
araCp,0.16666666666666666,5,5,GTGGTACCTATGGGCGGTGA,0,534265
araCp,0.16666666666666666,5,5,GTGGGTCAAATTCCAAAATA,0,546481
araCp,0.16666666666666666,5,5,GTGGCTGGGTGGTGAAAGAA,0,559876
araCp,0.16666666666666666,5,5,GTGGCCATATGTCATGCACA,0,594980
araCp,0.16666666666666666,5,5,GTGCTGGGACTGTGCACAGA,0,541687
araCp,0.16666666666666666,5,5,GTGCTGATCTGTTCTAAAAT,0,530692
araCp,0.16666666666666666,5,5,GTGCTGAAGCATTTGTGAGA,0,554115
araCp,0.16666666666666666,5,5,GTGCTCCAGGCCCTGGTGGC,0,584781
araCp,0.16666666666666666,5,5,GTGCGAAGAATGGGTCACGG,0,531994
araCp,0.16666666666666666,5,5,GTGCCTGGGCACCTAGAATT,0,592766
araCp,0.16666666666666666,5,5,GTGCAGTCTTTAGACTCAAA,0,581470
araCp,0.16666666666666666,5,5,GTGCACGGGTGCGCTATCAA,0,579274
araCp,0.16666666666666666,5,5,GTGCAATGTTTGCCTTGACA,0,536832
araCp,0.16666666666666666,5,5,GTGCAAAGCATCGGCTGAAC,0,549053
araCp,0.16666666666666666,5,5,GTGATGGATCTGAGGGACCT,0,548667
araCp,0.16666666666666666,5,5,GTGATGAAAGCGGTGTTGTT,0,577015
araCp,0.16666666666666666,5,5,GTGATAGGCAGCTATGGTGT,0,599909
araCp,0.16666666666666666,5,5,GTGAGATTTAACAGGGTCAT,0,548607
araCp,0.16666666666666666,5,5,GTGAATTTAGATTTACTCGC,0,527099
araCp,0.16666666666666666,5,5,GTCTTCCAGGGAAAGTGCAC,0,530740
araCp,0.16666666666666666,5,5,GTCTTCATGAGCTCATTCTC,0,597104
araCp,0.16666666666666666,5,5,GTCTGATTCAGTATATCATG,0,530243
araCp,0.16666666666666666,5,5,GTCTCCGAAACACCATGGTC,0,529911
araCp,0.16666666666666666,5,5,GTCTAGAGTGGCACCTTGCG,0,599022
araCp,0.16666666666666666,5,5,GTCGCAATCGCGGGAATTAT,0,535029
araCp,0.16666666666666666,5,5,GTCGCAAATTACACTTAGAG,0,564299
araCp,0.16666666666666666,5,5,GTCGAAGCTCCGTGGGCCGA,0,538596
araCp,0.16666666666666666,5,5,GTCCTTGTTTCCAGTACACA,0,595456
araCp,0.16666666666666666,5,5,GTCCTGCGCTCCTATAACAA,0,562955
araCp,0.16666666666666666,5,5,GTCCTCACAACGCCGTAGAG,0,555575
araCp,0.16666666666666666,5,5,GTCCGTTCACAATCCACCGC,0,575753
araCp,0.16666666666666666,5,5,GTCCGCCAGATATAGTCCTT,0,549130
araCp,0.16666666666666666,5,5,GTCATCGTACGCTCGCTGGG,0,601193
araCp,0.16666666666666666,5,5,GTCAAATATACGTCCAGGGC,0,601297
araCp,0.16666666666666666,5,5,GTATGGTACTGGAGTCTACT,0,534785
araCp,0.16666666666666666,5,5,GTATGGACACCAGTGTCAGG,0,603365
araCp,0.16666666666666666,5,5,GTATGCGGACCGCGCTCGTC,0,588657
araCp,0.16666666666666666,5,5,GTATGCAAATTGGTTTTGGA,0,587885
araCp,0.16666666666666666,5,5,GTATCTGAGTTGATCATATG,0,589503
araCp,0.16666666666666666,5,5,GTATCGTTTTTTCACTATGT,0,577344
araCp,0.16666666666666666,5,5,GTATCATAATCGTCGCTGGA,0,591446
araCp,0.16666666666666666,5,5,GTATCAGTTGTCCTTTCGTT,0,581373
araCp,0.16666666666666666,5,5,GTATAGTGAAGCGGATAGTT,0,581714
araCp,0.16666666666666666,5,5,GTAGTGATCAACTCCGTAGG,0,601312
araCp,0.16666666666666666,5,5,GTAGGTTAACGTTCAATGGC,0,541946
araCp,0.16666666666666666,5,5,GTAGGCTTAGCTCGTCATAT,0,567697
araCp,0.16666666666666666,5,5,GTAGGCCATGGACCAAGGCT,0,577840
araCp,0.16666666666666666,5,5,GTAGGATACAAATTTACGAA,0,550313
araCp,0.16666666666666666,5,5,GTAGCGGCGATAGTGGCAGT,0,555508
araCp,0.16666666666666666,5,5,GTAGCCATTCCAGAAAAACA,0,577746
araCp,0.16666666666666666,5,5,GTAGCCATGGGAAGGATAGC,0,580706
araCp,0.16666666666666666,5,5,GTACGTGTTCATATAGTGAG,0,579794
araCp,0.16666666666666666,5,5,GTACGTCGCGGACACAGGGA,0,534968
araCp,0.16666666666666666,5,5,GTACCTTTCTCATCGGACTA,0,536904
araCp,0.16666666666666666,5,5,GTACCGCGCTAACAGGATTA,0,530619
araCp,0.16666666666666666,5,5,GTACCCGCGCAATGTCCCCT,0,580217
araCp,0.16666666666666666,5,5,GTACCAGACAGGAGTTAGGG,0,578151
araCp,0.16666666666666666,5,5,GTACATGCAGAGCTTTGCTC,0,577808
araCp,0.16666666666666666,5,5,GTACAGAGCGTTTAGACACT,0,531301
araCp,0.16666666666666666,5,5,GTACACGGCTCCAGTCCGAA,0,540973
araCp,0.16666666666666666,5,5,GTAATTCTTATTTGGGGCTA,0,527702
araCp,0.16666666666666666,5,5,GTAAGGTCCATGGCGGCAGT,0,587254
araCp,0.16666666666666666,5,5,GTAAGATACCTCCGAAGAGC,0,599594
araCp,0.16666666666666666,5,5,GTAACCAATCGACTTTGGGA,0,591959
araCp,0.16666666666666666,5,5,GGTTTGACAGTCTGATCTTG,0,566061
araCp,0.16666666666666666,5,5,GGTTGCCTCACGGGCTATGT,0,593749
araCp,0.16666666666666666,5,5,GGTTGAGGTAAGAGCGTCAA,0,593461
araCp,0.16666666666666666,5,5,GGTTGAGCGACAGAGATAGA,0,553290
araCp,0.16666666666666666,5,5,GGTTCAGAGAGATGTAGCCG,0,571306
araCp,0.16666666666666666,5,5,GGTTACCGACATCGAAATTC,0,532526
araCp,0.16666666666666666,5,5,GGTTAACCGAATCCCAGCAT,0,593896
araCp,0.16666666666666666,5,5,GGTGTGTATTCTGCCGCACC,0,532169
araCp,0.16666666666666666,5,5,GGTGTCCTTAGCCATAAATC,0,591230
araCp,0.16666666666666666,5,5,GGTGGGGCCTGACTACCAGT,0,565235
araCp,0.16666666666666666,5,5,GGTGGACACACTTTTCAAAG,0,570297
araCp,0.16666666666666666,5,5,GGTGCAAGGAAGTCTTGGCA,0,573374
araCp,0.16666666666666666,5,5,GGTGAGTATCCTTGTAAAAG,0,561499
araCp,0.16666666666666666,5,5,GGTGACTAAGAGTCATGGAA,0,591978
araCp,0.16666666666666666,5,5,GGTCTTTACTGAACTGACAG,0,597139
araCp,0.16666666666666666,5,5,GGTCTGTGGAGGACGGGTTT,0,542376
araCp,0.16666666666666666,5,5,GGTCTGCTATGACGATGAGG,0,527539
araCp,0.16666666666666666,5,5,GGTCTCGACTGCGGTTTGCA,0,559836
araCp,0.16666666666666666,5,5,GGTCTCACGGTGACACGATG,0,564939
araCp,0.16666666666666666,5,5,GGTCGGTAGCGAGAATATCA,0,585249
araCp,0.16666666666666666,5,5,GGTCCGATAATACTTGGCAT,0,534462
araCp,0.16666666666666666,5,5,GGTCAGGGTTACACTTCATT,0,556221
araCp,0.16666666666666666,5,5,GGTCACTCGCCTCCCTAGAT,0,602039
araCp,0.16666666666666666,5,5,GGTCAAATCGCCGATCATCC,0,543763
araCp,0.16666666666666666,5,5,GGTAGGCTGGGCGTCCCGGT,0,600592
araCp,0.16666666666666666,5,5,GGTACTAATAGTGTTTTCGC,0,556014
araCp,0.16666666666666666,5,5,GGTAAGAGACCGGAAATGAG,0,528371
araCp,0.16666666666666666,5,5,GGGTGGACTGTACCCCGTTG,0,549455
araCp,0.16666666666666666,5,5,GGGTGCCAACCTAGTGGACT,0,559599
araCp,0.16666666666666666,5,5,GGGTCTATACATCGAACTAT,0,573405
araCp,0.16666666666666666,5,5,GGGTCCAGGCGTAATAGCGT,0,554057
araCp,0.16666666666666666,5,5,GGGTCACTCAATAGATAAAC,0,579567
araCp,0.16666666666666666,5,5,GGGTATATAAACGAACTGGG,0,576669
araCp,0.16666666666666666,5,5,GGGTATAGAGGCTACATCTC,0,560799
araCp,0.16666666666666666,5,5,GGGTACCGTGAGTGCCACAT,0,536570
araCp,0.16666666666666666,5,5,GGGTACCCGCTTGCATTTAA,0,586639
araCp,0.16666666666666666,5,5,GGGTAATTAGGCAAGTCCGG,0,602634
araCp,0.16666666666666666,5,5,GGGGTGTGCTAAGCTATGAG,0,532924
araCp,0.16666666666666666,5,5,GGGGTATCAGACTCACTTTG,0,574713
araCp,0.16666666666666666,5,5,GGGGCAGTTGGATTAGCTCC,0,563555
araCp,0.16666666666666666,5,5,GGGGATTACATTTGAGCGCG,0,585998
araCp,0.16666666666666666,5,5,GGGGAGGTATTCAAGACAGC,0,533875
araCp,0.16666666666666666,5,5,GGGGAGCAAAGTCAAAAAGT,0,574274
araCp,0.16666666666666666,5,5,GGGGAGATTCATCTAGCCCC,0,569000
araCp,0.16666666666666666,5,5,GGGGAACCTTTACGAGAATG,0,587932
araCp,0.16666666666666666,5,5,GGGCTCTTGTACTAGACAAC,0,589673
araCp,0.16666666666666666,5,5,GGGCTCGTACGCTGGTCTGT,0,550199
araCp,0.16666666666666666,5,5,GGGCCGGTGAAGTTATAACG,0,570607
araCp,0.16666666666666666,5,5,GGGCAGGTTACGCATAACTC,0,547260
araCp,0.16666666666666666,5,5,GGGATTAGGCGACAGCTCCA,0,588197
araCp,0.16666666666666666,5,5,GGGATGGACAAGGTATCATT,0,595414
araCp,0.16666666666666666,5,5,GGGATCTGAAGGGAAAGCAG,0,563354
araCp,0.16666666666666666,5,5,GGGAGGCTAAAATCTTAAGT,0,574993
araCp,0.16666666666666666,5,5,GGGAGCAACCAGCGGGCCAT,0,529200
araCp,0.16666666666666666,5,5,GGGAGAATAGTCATTGCTTT,0,559281
araCp,0.16666666666666666,5,5,GGGACTTGGTTGCACTCTAA,0,581577
araCp,0.16666666666666666,5,5,GGGACTGAATCGCCACCCTT,0,585689
araCp,0.16666666666666666,5,5,GGGACTATTGATGGCTCTCA,0,593953
araCp,0.16666666666666666,5,5,GGGACGCAAGCAAATGTTAC,0,581270
araCp,0.16666666666666666,5,5,GGGACCAGTGTTAGACAGCA,0,559773
araCp,0.16666666666666666,5,5,GGGAATACTGTGTATTTCTC,0,548234
araCp,0.16666666666666666,5,5,GGGAAAGCATAAATAAAGCC,0,540532
araCp,0.16666666666666666,5,5,GGCTTGTGGCGGCTTCAGGT,0,565390
araCp,0.16666666666666666,5,5,GGCTTCATCTTAAGCAGTCA,0,553432
araCp,0.16666666666666666,5,5,GGCTTAAGCACTCTGTTTAT,0,564063
araCp,0.16666666666666666,5,5,GGCTGGTAACGTAGCTACAT,0,597781
araCp,0.16666666666666666,5,5,GGCTCTGGCTGTTAGAGTAC,0,531427
araCp,0.16666666666666666,5,5,GGCTCCATCGCTTGGCGACG,0,538584
araCp,0.16666666666666666,5,5,GGCGTCGGAGGAGGTACCTC,0,564412
araCp,0.16666666666666666,5,5,GGCGTCCGGTTACACGTATG,0,528232
araCp,0.16666666666666666,5,5,GGCGCTCACTTCGCAGTAAG,0,560635
araCp,0.16666666666666666,5,5,GGCGCGGGGCACTCAGTGAG,0,594104
araCp,0.16666666666666666,5,5,GGCGCCATTGCGTCCAGCTC,0,540171
araCp,0.16666666666666666,5,5,GGCGAGAAACGTGACTGTTT,0,578112
araCp,0.16666666666666666,5,5,GGCCTACTGTGTCTATCTAG,0,547967
araCp,0.16666666666666666,5,5,GGCCGTCTAACGGCCTGCAG,0,554186
araCp,0.16666666666666666,5,5,GGCCGCACTTTTCTTGTCTT,0,572054
araCp,0.16666666666666666,5,5,GGCCGATCGGTAGGAGGGTG,0,547798
araCp,0.16666666666666666,5,5,GGCCGAGGTCTAGGGCAGCA,0,570265
araCp,0.16666666666666666,5,5,GGCCCTGCCTATGTCTGAAT,0,587976
araCp,0.16666666666666666,5,5,GGCCATGGACCTTCGGTGTA,0,590760
araCp,0.16666666666666666,5,5,GGCCATGGAAACCCTTCGTA,0,535819
araCp,0.16666666666666666,5,5,GGCATGTTAAGGTTTCACGA,0,530649
araCp,0.16666666666666666,5,5,GGCATAAGTTGTCCGATCGC,0,596769
araCp,0.16666666666666666,5,5,GGCAGGTCTGTTGACTCTGC,0,535089
araCp,0.16666666666666666,5,5,GGCACTTACGCAGAAGTAGG,0,540330
araCp,0.16666666666666666,5,5,GGCACGCTGCATGCTCAGGC,0,586448
araCp,0.16666666666666666,5,5,GGCACAGGCACTGCCATATC,0,579060
araCp,0.16666666666666666,5,5,GGCAATAAGACATCGGGTAA,0,574972
araCp,0.16666666666666666,5,5,GGATTGGATGAGGCGCGCAA,0,560941
araCp,0.16666666666666666,5,5,GGATTAAGTACGTCATTATT,0,559807
araCp,0.16666666666666666,5,5,GGATTAACAACCTTCAGACG,0,550464
araCp,0.16666666666666666,5,5,GGATCTATAACGGGTCGGTC,0,592341
araCp,0.16666666666666666,5,5,GGATCGTTTTTAGAGTAGAT,0,558665
araCp,0.16666666666666666,5,5,GGATATTGCGTTTCGAGGAC,0,600131
araCp,0.16666666666666666,5,5,GGATATGCCTTTACGCAACG,0,570163
araCp,0.16666666666666666,5,5,GGATATCGGGGACAGAGGGT,0,595452
araCp,0.16666666666666666,5,5,GGATATATGGCTTCTTGCTA,0,587541
araCp,0.16666666666666666,5,5,GGATAGGCTACTGAGTAACT,0,540182
araCp,0.16666666666666666,5,5,GGAGTAGGGACAGGGAGGTC,0,553798
araCp,0.16666666666666666,5,5,GGAGCTTCGACTTCCGTACA,0,581991
araCp,0.16666666666666666,5,5,GGAGCCCAACTTTATTCATT,0,573054
araCp,0.16666666666666666,5,5,GGAGAGGATAATACTTAAAA,0,598565
araCp,0.16666666666666666,5,5,GGAGAGCCTATGGATCTAGA,0,555680
araCp,0.16666666666666666,5,5,GGAGACCTATCGAAGGTAAA,0,563656
araCp,0.16666666666666666,5,5,GGACGGGCGAACGAGATGAG,0,595552
araCp,0.16666666666666666,5,5,GGACCGGTGGGGGGGGTCTA,0,587748
araCp,0.16666666666666666,5,5,GGACCGATAGCAATGATAGT,0,581801
araCp,0.16666666666666666,5,5,GGACCCGGATCGAGGCTATA,0,529409
araCp,0.16666666666666666,5,5,GGACCCGCCCTCATGTTTAC,0,545745
araCp,0.16666666666666666,5,5,GGACACACACCGAGATCGTG,0,599580
araCp,0.16666666666666666,5,5,GGACAATGAATGAGTTACAG,0,534514
araCp,0.16666666666666666,5,5,GGACAAGTCAGCAATTAGCT,0,585567
araCp,0.16666666666666666,5,5,GGAATGGAATTATGGAGGCG,0,555444
araCp,0.16666666666666666,5,5,GGAAGGAGAAATGACATTAA,0,600853
araCp,0.16666666666666666,5,5,GGAACTTCATGCCTCAACTT,0,545947
araCp,0.16666666666666666,5,5,GGAACGCTCGACGAATTTAG,0,531201
araCp,0.16666666666666666,5,5,GGAACCGGCACGGCTTAGGA,0,572522
araCp,0.16666666666666666,5,5,GGAACAGCTACAGGGGGTAT,0,565602
araCp,0.16666666666666666,5,5,GGAACAGATCAGAACTAGGT,0,593879
araCp,0.16666666666666666,5,5,GGAAAGCAGACAATCTTGGT,0,589146
araCp,0.16666666666666666,5,5,GGAAAATATGGAGTGGCGCC,0,558645
araCp,0.16666666666666666,5,5,GCTTGGCACGGTTTGTTTCA,0,535238
araCp,0.16666666666666666,5,5,GCTTCTAACTCTTGTGCACA,0,595419
araCp,0.16666666666666666,5,5,GCTTCAGTATGCGCACGCTC,0,534971
araCp,0.16666666666666666,5,5,GCTTACTTTTGTGAATTGCT,0,580053
araCp,0.16666666666666666,5,5,GCTTACTGAGTCGTTTCGAT,0,566786
araCp,0.16666666666666666,5,5,GCTGTGTCTCGGGGCTCCCG,0,557707
araCp,0.16666666666666666,5,5,GCTGTGCGCCTGATGCACGC,0,588903
araCp,0.16666666666666666,5,5,GCTGTCAGCGTGAAGCGGTT,0,565430
araCp,0.16666666666666666,5,5,GCTGTAAGATTGCACGTATC,0,582575
araCp,0.16666666666666666,5,5,GCTGGTTCTGGACCCTCAGG,0,580700
araCp,0.16666666666666666,5,5,GCTGGCAAGCACATACTGCT,0,574625
araCp,0.16666666666666666,5,5,GCTGCCGCTATCGCCTGTGG,0,573619
araCp,0.16666666666666666,5,5,GCTGACTTGCCGAACCTGTC,0,536866
araCp,0.16666666666666666,5,5,GCTGACGATGATTCGTCCGA,0,599888
araCp,0.16666666666666666,5,5,GCTCTCTAACAGGTTTTATC,0,541220
araCp,0.16666666666666666,5,5,GCTCTAGGGTAGCGCCATGC,0,551668
araCp,0.16666666666666666,5,5,GCTATGGCCTGGGGGACTTT,0,554300
araCp,0.16666666666666666,5,5,GCTATAAGGGTTTGAGTTCT,0,594900
araCp,0.16666666666666666,5,5,GCTACGGCGGGCACCACTGG,0,594284
araCp,0.16666666666666666,5,5,GCTAATACGCCTCCCCAGCA,0,576700
araCp,0.16666666666666666,5,5,GCTAAGAGGCGATCACCCTA,0,575872
araCp,0.16666666666666666,5,5,GCTAACTCTCTGGATCTTAA,0,555249
araCp,0.16666666666666666,5,5,GCTAAAAAAAATTCACAAAT,0,559475
araCp,0.16666666666666666,5,5,GCGTTGGTGCTAGGTTGGAC,0,530457
araCp,0.16666666666666666,5,5,GCGTGTCGCTCAGCTAGTGA,0,580049
araCp,0.16666666666666666,5,5,GCGTCAGTAGTCTTTTTTTT,0,601314
araCp,0.16666666666666666,5,5,GCGTATTGACAAGCTAACTC,0,529131
araCp,0.16666666666666666,5,5,GCGGTGGGATGCACCCCTAA,0,555804
araCp,0.16666666666666666,5,5,GCGGCTTGGCTAGATGGATA,0,581068
araCp,0.16666666666666666,5,5,GCGGAGGCGGATAGAGGGCC,0,581472
araCp,0.16666666666666666,5,5,GCGGAGAACGATGAACTTCC,0,540302
araCp,0.16666666666666666,5,5,GCGGACAGGGCGGTAGACAT,0,571256
araCp,0.16666666666666666,5,5,GCGCTCCGTAGTGGCAGCTA,0,599210
araCp,0.16666666666666666,5,5,GCGCGGTTTCGCAATACTTC,0,580046
araCp,0.16666666666666666,5,5,GCGCGCTCCGCACATAGGTG,0,552561
araCp,0.16666666666666666,5,5,GCGCGAGCTTGGCTTAGATC,0,589267
araCp,0.16666666666666666,5,5,GCGCGAGAATCAGGGGGGAT,0,560516
araCp,0.16666666666666666,5,5,GCGCCTTCCTATTGATCGAC,0,557303
araCp,0.16666666666666666,5,5,GCGCCGTCGCTTGAGATGTA,0,573741
araCp,0.16666666666666666,5,5,GCGCAAAAACGATTCCAGGT,0,559979
araCp,0.16666666666666666,5,5,GCGATGTTAACCTTGCCCTT,0,531512
araCp,0.16666666666666666,5,5,GCGAGCCCCCAGGATGGCTC,0,591994
araCp,0.16666666666666666,5,5,GCGACTTGGCTCTTCGTTAT,0,562946
araCp,0.16666666666666666,5,5,GCGACGGCGCATGGTCGGCT,0,539842
araCp,0.16666666666666666,5,5,GCGAAGGTAGCTTTCAAGTG,0,550123
araCp,0.16666666666666666,5,5,GCGAAGCGGGATTCATCTGA,0,580826
araCp,0.16666666666666666,5,5,GCGAAGCCTTTCTGCAGTTG,0,549293
araCp,0.16666666666666666,5,5,GCGAACACCGATGTGATGTT,0,536629
araCp,0.16666666666666666,5,5,GCGAAACCAGCACGGGCACT,0,569702
araCp,0.16666666666666666,5,5,GCCTTGAGAATACTTATTTG,0,546861
araCp,0.16666666666666666,5,5,GCCTTCGGACAGAGGGTACC,0,549561
araCp,0.16666666666666666,5,5,GCCTGGAATTTGTAGTAAGG,0,544941
araCp,0.16666666666666666,5,5,GCCTCCCACGGCGCGAAGAG,0,592167
araCp,0.16666666666666666,5,5,GCCTATCCTTGCGTACTACG,0,556212
araCp,0.16666666666666666,5,5,GCCTAACCCTGTGATCTGTC,0,599956
araCp,0.16666666666666666,5,5,GCCGTTTGCATACCTAAGAC,0,579810
araCp,0.16666666666666666,5,5,GCCGGCGCTACACCCTGCTA,0,538405
araCp,0.16666666666666666,5,5,GCCGGAGTTACATCAGCGCC,0,597892
araCp,0.16666666666666666,5,5,GCCGATGGGACTGCTTAGCC,0,531320
araCp,0.16666666666666666,5,5,GCCGAGAAGAGGGATTGGGA,0,589599
araCp,0.16666666666666666,5,5,GCCCTGTGTCGTCCATATAC,0,555896
araCp,0.16666666666666666,5,5,GCCCTGAGAACTCTATTCGA,0,587464
araCp,0.16666666666666666,5,5,GCCCTATACTCAAAAGGTAT,0,551424
araCp,0.16666666666666666,5,5,GCCCGGTCGATTTCGTTTAC,0,572457
araCp,0.16666666666666666,5,5,GCCCGCTTGTCTACTACGTC,0,573300
araCp,0.16666666666666666,5,5,GCCCCGTGGGGCCGCACGAC,0,563140
araCp,0.16666666666666666,5,5,GCCAGGATGCGTACCTGAGA,0,526452
araCp,0.16666666666666666,5,5,GCCACTTGTGTGGAGAGCGG,0,570027
araCp,0.16666666666666666,5,5,GCCACACTATCATCAACATT,0,531438
araCp,0.16666666666666666,5,5,GCCAATTAAGCGACCACTGT,0,596093
araCp,0.16666666666666666,5,5,GCCAAGTGCCGACTATGACT,0,564559
araCp,0.16666666666666666,5,5,GCCAACAGTACACGGGAAAG,0,579064
araCp,0.16666666666666666,5,5,GCATCTTCGAAAGCCCCGCG,0,551464
araCp,0.16666666666666666,5,5,GCATCTAATGTATCGGGGCG,0,549552
araCp,0.16666666666666666,5,5,GCATCCGGCTAGGCCGCTCA,0,554476
araCp,0.16666666666666666,5,5,GCATATCACGGTCCTCTCTA,0,544646
araCp,0.16666666666666666,5,5,GCATACAAGTGAGATACTCC,0,554816
araCp,0.16666666666666666,5,5,GCAGTGGTGATTGTCCGGTG,0,584680
araCp,0.16666666666666666,5,5,GCAGTGACAACACCAATTGA,0,546129
araCp,0.16666666666666666,5,5,GCAGGAGAGGCAAGCTCTGT,0,564172
araCp,0.16666666666666666,5,5,GCAGGAAGAAAATAAATTTT,0,535700
araCp,0.16666666666666666,5,5,GCAGATAGTTCGGGACCGGT,0,551413
araCp,0.16666666666666666,5,5,GCACGATTTATTACAAGACA,0,590067
araCp,0.16666666666666666,5,5,GCACGATGCTCGCAAGTTTA,0,534389
araCp,0.16666666666666666,5,5,GCACCGAGATGTCTAACCTG,0,568956
araCp,0.16666666666666666,5,5,GCACAGAGAGGTATACCTCG,0,584104
araCp,0.16666666666666666,5,5,GCAATTTTATTACGGACAAT,0,575288
araCp,0.16666666666666666,5,5,GCAATGGATCGATTTTCCGC,0,571857
araCp,0.16666666666666666,5,5,GCAATCTTATTAGCGCTCCT,0,537634
araCp,0.16666666666666666,5,5,GCAAGAGGGATTGGGGCATA,0,552704
araCp,0.16666666666666666,5,5,GCAACTCGGAACACACGAAC,0,558356
araCp,0.16666666666666666,5,5,GCAACCTTTACAATATTCGG,0,550941
araCp,0.16666666666666666,5,5,GCAACCAGCGACGCTGTCTA,0,578339
araCp,0.16666666666666666,5,5,GCAAAGCCGACAGGTAAGAC,0,602780
araCp,0.16666666666666666,5,5,GCAAAGATTTGCTATAGTTC,0,596525
araCp,0.16666666666666666,5,5,GCAAAATTGTGCAACGCCGG,0,597132
araCp,0.16666666666666666,5,5,GATTTGAAACGAAACCAATG,0,595556
araCp,0.16666666666666666,5,5,GATTAGTCTCGATATACGGC,0,569855
araCp,0.16666666666666666,5,5,GATGTCTTGAGTGTTTGGTG,0,556274
araCp,0.16666666666666666,5,5,GATGTACTAGTCCAGATGGG,0,583213
araCp,0.16666666666666666,5,5,GATGGCTCTGCCTGGCAGCG,0,581664
araCp,0.16666666666666666,5,5,GATGCTCGGGATCCCGTTTC,0,583230
araCp,0.16666666666666666,5,5,GATGCTATCGTCTTCTCAAT,0,576727
araCp,0.16666666666666666,5,5,GATCTGTATGAACAATCATC,0,589073
araCp,0.16666666666666666,5,5,GATCTCGGCCGTGACATGAT,0,560975
araCp,0.16666666666666666,5,5,GATCGTATGTAGCGATGACT,0,583994
araCp,0.16666666666666666,5,5,GATCGCTATACGTTTTTGTG,0,528671
araCp,0.16666666666666666,5,5,GATCGCGTAGTAGGGGGTGC,0,598589
araCp,0.16666666666666666,5,5,GATCGATAACCCTGGTGGTT,0,526533
araCp,0.16666666666666666,5,5,GATCCAACAAGGGTCGCGTG,0,582869
araCp,0.16666666666666666,5,5,GATCATGACGTCGCTTGAAT,0,526675
araCp,0.16666666666666666,5,5,GATATGTCTGCGGCGACGAG,0,533671
araCp,0.16666666666666666,5,5,GATATCGGTCCCCAGACGAA,0,570583
araCp,0.16666666666666666,5,5,GATATCCCTCTTCACAGCCC,0,536334
araCp,0.16666666666666666,5,5,GATAGTGAAACAATATGTAC,0,584207
araCp,0.16666666666666666,5,5,GATAGTATCGTTGTTGCAGG,0,566946
araCp,0.16666666666666666,5,5,GATAGATTTATAAGCATCAA,0,568153
araCp,0.16666666666666666,5,5,GATAAGGAATGGGGGACCAT,0,542224
araCp,0.16666666666666666,5,5,GATAACAGGGTATTTTCAAG,0,526046
araCp,0.16666666666666666,5,5,GAGTTGCCACCAATCGAAAG,0,549641
araCp,0.16666666666666666,5,5,GAGTGAGGTTCACCTGTACA,0,587255
araCp,0.16666666666666666,5,5,GAGTAGCTCTGCAGCACCCT,0,598883
araCp,0.16666666666666666,5,5,GAGTAATACCAGGTGCTCAA,0,535629
araCp,0.16666666666666666,5,5,GAGGTTAGCCTCGAGAGTAG,0,531942
araCp,0.16666666666666666,5,5,GAGGTGCCGTGTTCATCCCT,0,595135
araCp,0.16666666666666666,5,5,GAGGGCCTTTATACTAAGGC,0,546697
araCp,0.16666666666666666,5,5,GAGGCGCCTTGCCGTTCTGG,0,553208
araCp,0.16666666666666666,5,5,GAGGATCGGTCTAACTCGAA,0,595603
araCp,0.16666666666666666,5,5,GAGGAGACAAAGGGGCATAG,0,575426
araCp,0.16666666666666666,5,5,GAGCTTAGCGGTTTCTCTTC,0,543339
araCp,0.16666666666666666,5,5,GAGCGTGACATTGTTTTCTG,0,567299
araCp,0.16666666666666666,5,5,GAGCGGCGGTATTCGTGCCT,0,593796
araCp,0.16666666666666666,5,5,GAGATCTCGAACATTTTTAT,0,525833
araCp,0.16666666666666666,5,5,GAGATAATTGGCATTATAGT,0,570464
araCp,0.16666666666666666,5,5,GAGAGGTGGCCGGGTCCGAC,0,587559
araCp,0.16666666666666666,5,5,GAGACGCTGCAGCCGTGAAA,0,542237
araCp,0.16666666666666666,5,5,GAGAACGCCGATGTGGTGAC,0,558503
araCp,0.16666666666666666,5,5,GAGAACACTACCATACGGAG,0,551206
araCp,0.16666666666666666,5,5,GACTTGGCGCCACATCACTG,0,544391
araCp,0.16666666666666666,5,5,GACTTGACAGCCGTCTACGC,0,562766
araCp,0.16666666666666666,5,5,GACTTCAACTGTCAGTGATA,0,587640
araCp,0.16666666666666666,5,5,GACTGCCTTTCGGACATGTT,0,527681
araCp,0.16666666666666666,5,5,GACTCCGCTTTTTGAAACTT,0,575037
araCp,0.16666666666666666,5,5,GACTATAAGTTTGAATAGTA,0,528702
araCp,0.16666666666666666,5,5,GACTAGGTTTTAAACACCTG,0,562002
araCp,0.16666666666666666,5,5,GACTAAGTTCATCCAAGTCC,0,531371
araCp,0.16666666666666666,5,5,GACTAAGGGGCTCCAATCGG,0,528361
araCp,0.16666666666666666,5,5,GACGTTCTGGATAATTCGTT,0,564090
araCp,0.16666666666666666,5,5,GACGTGTGTTTCATTGACAC,0,527622
araCp,0.16666666666666666,5,5,GACGTCTAAGAAGGTTGTTG,0,568212
araCp,0.16666666666666666,5,5,GACGTATTTTATAGCCGGTA,0,529344
araCp,0.16666666666666666,5,5,GACGGACAACGGCGTGAACT,0,596004
araCp,0.16666666666666666,5,5,GACGCCGCGTGAGCTTTCGC,0,589254
araCp,0.16666666666666666,5,5,GACCTGCACTCCGCGCACAT,0,598340
araCp,0.16666666666666666,5,5,GACCTGAAGACGGCCCAGGG,0,587774
araCp,0.16666666666666666,5,5,GACCGTGCGAACTGGACAAT,0,573777
araCp,0.16666666666666666,5,5,GACCGCGAAAGATGGTACAC,0,554532
araCp,0.16666666666666666,5,5,GACCGCCAATTTACGCTACC,0,579767
araCp,0.16666666666666666,5,5,GACCGCACCATTTACCCTGC,0,533818
araCp,0.16666666666666666,5,5,GACCGCAATGCTTACTAATC,0,547254
araCp,0.16666666666666666,5,5,GACCGATTTATAATGAAGAA,0,575470
araCp,0.16666666666666666,5,5,GACCGAGATCCACATGGGAT,0,538148
araCp,0.16666666666666666,5,5,GACCCGATGAGTTTGTACGT,0,539885
araCp,0.16666666666666666,5,5,GACATATGAGGTGGTCTATT,0,582580
araCp,0.16666666666666666,5,5,GACAGTCTAAATCTACGTTA,0,567475
araCp,0.16666666666666666,5,5,GACACTATAGCGCCGCCCAG,0,570961
araCp,0.16666666666666666,5,5,GACACCATTTTTAGTTTTCG,0,595254
araCp,0.16666666666666666,5,5,GACAAAGACATCCATGGAAG,0,546783
araCp,0.16666666666666666,5,5,GAATGCGCTGAAAACCATTC,0,527803
araCp,0.16666666666666666,5,5,GAATGCGACTTCCATCAAGT,0,550392
araCp,0.16666666666666666,5,5,GAATCCGCGGGCTGATACGG,0,545534
araCp,0.16666666666666666,5,5,GAATCAGCGGTCTCGTGCCG,0,591239
araCp,0.16666666666666666,5,5,GAATACAGTGACGAACGGGT,0,580656
araCp,0.16666666666666666,5,5,GAAGGGCGTGTTGTCGTATG,0,548699
araCp,0.16666666666666666,5,5,GAAGGCCGTTCGCGAATGTA,0,554782
araCp,0.16666666666666666,5,5,GAAGGCAACATAACCCCTCG,0,557922
araCp,0.16666666666666666,5,5,GAAGCTCAGATCGGGAGTTT,0,552921
araCp,0.16666666666666666,5,5,GAAGCCCGACATACAACGTT,0,590630
araCp,0.16666666666666666,5,5,GAAGCAGCCCGTCAGTCAAA,0,567402
araCp,0.16666666666666666,5,5,GAAGCACGCACATTTCAGCG,0,568620
araCp,0.16666666666666666,5,5,GAACGCTCGCACTTCTGGTA,0,601249
araCp,0.16666666666666666,5,5,GAACGCGTAGTACAACACTT,0,544728
araCp,0.16666666666666666,5,5,GAACCTGCGGCTCATATGGT,0,531393
araCp,0.16666666666666666,5,5,GAACCTATAGCAAGTCGGTT,0,547890
araCp,0.16666666666666666,5,5,GAACCAGCGGTAAGTGAAGA,0,581585
araCp,0.16666666666666666,5,5,GAACATACTCTGCGCGTGTT,0,598983
araCp,0.16666666666666666,5,5,GAAATTTCTCATTCGTTAGA,0,579983
araCp,0.16666666666666666,5,5,GAAATAGCGCCCAAGGCTAG,0,568046
araCp,0.16666666666666666,5,5,GAAAGAGTCCTTATGTCTTA,0,600075
araCp,0.16666666666666666,5,5,GAAAAGTCTGGCGTGACAGG,0,580696
araCp,0.16666666666666666,5,5,GAAAAATGGACATTTGAGGG,0,532671
araCp,0.16666666666666666,5,5,GAAAAAGCATCGGTACAGAA,0,555963
araCp,0.16666666666666666,5,5,CTTTTTTGGGAGAACGCATG,0,579523
araCp,0.16666666666666666,5,5,CTTTGGTGAGAAGACGGGTG,0,588138
araCp,0.16666666666666666,5,5,CTTTGGGTATTATATATCTG,0,557538
araCp,0.16666666666666666,5,5,CTTTGGATGACTAGCATTAC,0,583191
araCp,0.16666666666666666,5,5,CTTTGAGTCTTTGGCAGCGT,0,572997
araCp,0.16666666666666666,5,5,CTTGTAGGTAATACATTTGT,0,602683
araCp,0.16666666666666666,5,5,CTTGGTGGAGCGATATATCC,0,602628
araCp,0.16666666666666666,5,5,CTTGATTCGACGCAGCCGCA,0,577937
araCp,0.16666666666666666,5,5,CTTGAGCCGGGTCCGCTCGG,0,550834
araCp,0.16666666666666666,5,5,CTTCTGGTGCATGATAGCCT,0,601253
araCp,0.16666666666666666,5,5,CTTCGTTCTGGGTCATTCCA,0,558948
araCp,0.16666666666666666,5,5,CTTCCTGCGCACGGTTTAAT,0,536772
araCp,0.16666666666666666,5,5,CTTCCCGCTGAGGACATGCG,0,581511
araCp,0.16666666666666666,5,5,CTTCCCGCGCCGTGAAGTGC,0,525975
araCp,0.16666666666666666,5,5,CTTCAAATGAATGAGTATGA,0,574420
araCp,0.16666666666666666,5,5,CTTATTGCCTTAGCCTACAC,0,540925
araCp,0.16666666666666666,5,5,CTTATTAGCGAGGACGCGTC,0,526310
araCp,0.16666666666666666,5,5,CTTATACTTAACCATATAAG,0,549078
araCp,0.16666666666666666,5,5,CTTAGTAATGTCCCTAGACC,0,593595
araCp,0.16666666666666666,5,5,CTTACTGGAGGGATTTTTGT,0,595975
araCp,0.16666666666666666,5,5,CTTACTAGAGACAAGATGGC,0,554591
araCp,0.16666666666666666,5,5,CTTAATCATTGCAGCTGAGA,0,548124
araCp,0.16666666666666666,5,5,CTTAAGCTGTACTTTTTTTG,0,554635
araCp,0.16666666666666666,5,5,CTGTTTTCGACTGGGAGCCC,0,577542
araCp,0.16666666666666666,5,5,CTGTCGCAAGGTGCCAGGTA,0,583682
araCp,0.16666666666666666,5,5,CTGTCCCCCCAATATCTCAT,0,589594
araCp,0.16666666666666666,5,5,CTGTCACAAGGTGCTCTCAA,0,596362
araCp,0.16666666666666666,5,5,CTGTAGGGGTGACTCTCGGG,0,572886
araCp,0.16666666666666666,5,5,CTGTAGCTAGCGCGCCGAAA,0,597199
araCp,0.16666666666666666,5,5,CTGTACAGTATAAACCCCTC,0,589279
araCp,0.16666666666666666,5,5,CTGGTGGATCCCACAGCCTT,0,563075
araCp,0.16666666666666666,5,5,CTGGTCCGTGAACCAATTCG,0,562752
araCp,0.16666666666666666,5,5,CTGGGCCAGGGCAGGAGCGG,0,599255
araCp,0.16666666666666666,5,5,CTGGGCACTTCGCGTCCTAG,0,565284
araCp,0.16666666666666666,5,5,CTGGAAGATCTAAGAGGGAG,0,559275
araCp,0.16666666666666666,5,5,CTGCTCAACGTTTGGAGCCT,0,525593
araCp,0.16666666666666666,5,5,CTGCGGGCCTTCGAAATAGT,0,590498
araCp,0.16666666666666666,5,5,CTGCGGCATCATTCCTCCAA,0,555401
araCp,0.16666666666666666,5,5,CTGCCGCCTAATGTGAATCC,0,558633
araCp,0.16666666666666666,5,5,CTGCCAAACATGCTGCGGAG,0,602461
araCp,0.16666666666666666,5,5,CTGCACCTCAAGACCAATGT,0,529568
araCp,0.16666666666666666,5,5,CTGATTAAGCACCTTTGGAT,0,553924
araCp,0.16666666666666666,5,5,CTGAGGGTGTAGTCTCCAAT,0,537010
araCp,0.16666666666666666,5,5,CTGAGGGCTAGTATACCTTG,0,562218
araCp,0.16666666666666666,5,5,CTGAGATCATCCGGGTATTT,0,595751
araCp,0.16666666666666666,5,5,CTGACGGTCTTGGCCTGGTT,0,543008
araCp,0.16666666666666666,5,5,CTGACCCCGCAGCAGGAAAT,0,571692
araCp,0.16666666666666666,5,5,CTGACAAATGTTCGGTCCAG,0,595598
araCp,0.16666666666666666,5,5,CTGAATCAGAAGTAGATTCC,0,589349
araCp,0.16666666666666666,5,5,CTGAACAGTTATCTCGCCTA,0,595495
araCp,0.16666666666666666,5,5,CTCTTTCGAGCTCTCCGAAC,0,558703
araCp,0.16666666666666666,5,5,CTCTTGGTACCGGTGCGTAC,0,578514
araCp,0.16666666666666666,5,5,CTCTTGACTACTCCTTCGTT,0,572280
araCp,0.16666666666666666,5,5,CTCTTGACCGATAGAAAAGA,0,598021
araCp,0.16666666666666666,5,5,CTCTTCGAAGCGATACTTAT,0,582311
araCp,0.16666666666666666,5,5,CTCTTACCTTGACTCTTATC,0,547357
araCp,0.16666666666666666,5,5,CTCTGTGTTCGATAGGGTCA,0,529022
araCp,0.16666666666666666,5,5,CTCTGGCCAAGTAGTCTATT,0,599352
araCp,0.16666666666666666,5,5,CTCTGGACCCGAGCCGTCCA,0,589351
araCp,0.16666666666666666,5,5,CTCTGAAAGGAAATAGGCCT,0,592190
araCp,0.16666666666666666,5,5,CTCTCCTTCGCAGCGAGTCG,0,530085
araCp,0.16666666666666666,5,5,CTCTCCGCGTGGGAGTGCTA,0,551255
araCp,0.16666666666666666,5,5,CTCTCATAGACAAGGTACAC,0,538331
araCp,0.16666666666666666,5,5,CTCTCAGCGACATACACCGT,0,558300
araCp,0.16666666666666666,5,5,CTCTAGCGTTTTACCCCTTC,0,566616
araCp,0.16666666666666666,5,5,CTCGTGTCTCCGCCTAATGT,0,528594
araCp,0.16666666666666666,5,5,CTCGTCGGAAGTTGTGGATT,0,554890
araCp,0.16666666666666666,5,5,CTCGGCTGCCTTGCGACTGT,0,601295
araCp,0.16666666666666666,5,5,CTCGCATCTACGGCAAAGGT,0,560589
araCp,0.16666666666666666,5,5,CTCGAAATCTCAAATACAAA,0,547100
araCp,0.16666666666666666,5,5,CTCCATGGGTTATGGATCAA,0,562838
araCp,0.16666666666666666,5,5,CTCCACTAGCCGACCAAAGG,0,602116
araCp,0.16666666666666666,5,5,CTCATGTAGTGGAGATGCGT,0,584051
araCp,0.16666666666666666,5,5,CTCATCGCCGTACGGCCAGC,0,533505
araCp,0.16666666666666666,5,5,CTCATATGATGTTACCATCT,0,599475
araCp,0.16666666666666666,5,5,CTCAGGCGAACATATAACAT,0,545955
araCp,0.16666666666666666,5,5,CTCACCGGGTGAGAAGGTAG,0,535143
araCp,0.16666666666666666,5,5,CTCACATACAAGATTGTGGC,0,561053
araCp,0.16666666666666666,5,5,CTCACAACTGAAGTTGTTAG,0,561010
araCp,0.16666666666666666,5,5,CTCAATAGGCACCGTCGGAT,0,539334
araCp,0.16666666666666666,5,5,CTCAAGGCCTCCCATCCTGC,0,561237
araCp,0.16666666666666666,5,5,CTCAACGGGCTTCACCAGGA,0,544630
araCp,0.16666666666666666,5,5,CTATGTTAAAGACAGTAAGT,0,544344
araCp,0.16666666666666666,5,5,CTATCGTTGGTTCCAGTGAA,0,577627
araCp,0.16666666666666666,5,5,CTATCGTTAACTAATCACTA,0,583514
araCp,0.16666666666666666,5,5,CTATCGGCACCCGGATAGCT,0,562213
araCp,0.16666666666666666,5,5,CTAGTGTTGAAATCCGCACA,0,550093
araCp,0.16666666666666666,5,5,CTAGTGAAATACTTCGAAAT,0,560662
araCp,0.16666666666666666,5,5,CTAGGTTACCCTTACGTGAA,0,548316
araCp,0.16666666666666666,5,5,CTAGGCGAGATTGCCTACGT,0,578694
araCp,0.16666666666666666,5,5,CTAGCTGGTGAGTGGTTCGA,0,580004
araCp,0.16666666666666666,5,5,CTAGCGCTTCCAACTTCCGG,0,527904
araCp,0.16666666666666666,5,5,CTAGCCGTTTAGAGCACTCA,0,559059
araCp,0.16666666666666666,5,5,CTAGATCTCCGCGCCCAGAC,0,575123
araCp,0.16666666666666666,5,5,CTAGATCGGTAAACAATTGT,0,601232
araCp,0.16666666666666666,5,5,CTAGAGATGTCTTGGGCCAT,0,565805
araCp,0.16666666666666666,5,5,CTAGAGAGTGCACATCGATA,0,538921
araCp,0.16666666666666666,5,5,CTAGACGGACCAATCTTCTC,0,562278
araCp,0.16666666666666666,5,5,CTAGAAATAATCAAGAACTA,0,547273
araCp,0.16666666666666666,5,5,CTACGCGATTGTTGAAATCA,0,579070
araCp,0.16666666666666666,5,5,CTACCTCTCCTATTATTAAT,0,531534
araCp,0.16666666666666666,5,5,CTACCGTCTCCACCCGTTTG,0,538801
araCp,0.16666666666666666,5,5,CTACCCAGCCTTTAGTGTGG,0,538869
araCp,0.16666666666666666,5,5,CTACAAGCACTCGTGATATG,0,577202
araCp,0.16666666666666666,5,5,CTAATTCTACTTTATTTGTT,0,571438
araCp,0.16666666666666666,5,5,CTAATTCCCGAGCGCAAGGG,0,538658
araCp,0.16666666666666666,5,5,CTAATCTAGGGGGCCGAGCT,0,542159
araCp,0.16666666666666666,5,5,CTAATCACTGGGACCCGCAA,0,569550
araCp,0.16666666666666666,5,5,CTAACCGTTTAATTTGTAAC,0,545002
araCp,0.16666666666666666,5,5,CTAAAAGTGTTGGTCTCGTG,0,539393
araCp,0.16666666666666666,5,5,CGTTTCGGAACACACCGTTG,0,546699
araCp,0.16666666666666666,5,5,CGTTGCTACTCAAGGGACTT,0,582314
araCp,0.16666666666666666,5,5,CGTTGCCCACCATCCAGTAA,0,597472
araCp,0.16666666666666666,5,5,CGTTCTCTTGGTCTCGACAT,0,565885
araCp,0.16666666666666666,5,5,CGTTCATGATTGTGCCGAGT,0,548019
araCp,0.16666666666666666,5,5,CGTTACCAGACTGCCAAAAG,0,566869
araCp,0.16666666666666666,5,5,CGTGTTTTCGTTATCTAACG,0,579377
araCp,0.16666666666666666,5,5,CGTGGGTCTTTCGTGCCTTG,0,556469
araCp,0.16666666666666666,5,5,CGTGGGTCAACTTTTTCGGA,0,532962
araCp,0.16666666666666666,5,5,CGTGCTTCTTTAACGACGAG,0,541134
araCp,0.16666666666666666,5,5,CGTGCCCGGAAGGTTGAATG,0,565001
araCp,0.16666666666666666,5,5,CGTCGTTAGGTGCCAATGCG,0,567348
araCp,0.16666666666666666,5,5,CGTCGGAAACGCGAGGTCGC,0,542957
araCp,0.16666666666666666,5,5,CGTCGCTGAAATATTGGGCT,0,528283
araCp,0.16666666666666666,5,5,CGTCCTGCTGGCGCCGCCGT,0,602784
araCp,0.16666666666666666,5,5,CGTCCGGGTCACGCTCACAG,0,589114
araCp,0.16666666666666666,5,5,CGTCCCCCGAGAACGGCTAG,0,583044
araCp,0.16666666666666666,5,5,CGTCCCATTCTCTGACTCAC,0,527857
araCp,0.16666666666666666,5,5,CGTCACGTTTATGTTTTTCT,0,587694
araCp,0.16666666666666666,5,5,CGTCAAGATCGGCTCAGAAA,0,550196
araCp,0.16666666666666666,5,5,CGTATTTACTCAGTTGTAAA,0,552094
araCp,0.16666666666666666,5,5,CGTATCTTGGCTAATGCGAC,0,582045
araCp,0.16666666666666666,5,5,CGTATCGTGCTCACCCGAGC,0,547809
araCp,0.16666666666666666,5,5,CGTATAGGTGTTATCAGGAT,0,572646
araCp,0.16666666666666666,5,5,CGTACTGTGCCGGGGTCCGG,0,550013
araCp,0.16666666666666666,5,5,CGTACCTTTTGACGAAAGAC,0,594643
araCp,0.16666666666666666,5,5,CGTACACGCGCAGAGGGAGC,0,561133
araCp,0.16666666666666666,5,5,CGTACAAGGTAACCTAGGCA,0,565418
araCp,0.16666666666666666,5,5,CGTAATGTTTAGATGCATGA,0,565823
araCp,0.16666666666666666,5,5,CGTAATGAAGTTGTTCTCCT,0,597628
araCp,0.16666666666666666,5,5,CGGTTCTCGAAGGCCGCTTC,0,603241
araCp,0.16666666666666666,5,5,CGGTGTTTGCCCGGCAATCT,0,566985
araCp,0.16666666666666666,5,5,CGGTGGAGTCGGGAGTCACA,0,567614
araCp,0.16666666666666666,5,5,CGGTATGGACACGATACGAT,0,585727
araCp,0.16666666666666666,5,5,CGGTACGGCCAGAATAATCC,0,600029
araCp,0.16666666666666666,5,5,CGGTACATTAATTTCGTACA,0,574759
araCp,0.16666666666666666,5,5,CGGTACAATAACTTTCGTAA,0,570115
araCp,0.16666666666666666,5,5,CGGGTACACAATTTCACAAA,0,537981
araCp,0.16666666666666666,5,5,CGGGGTATATTATGCCTTGT,0,563582
araCp,0.16666666666666666,5,5,CGGGGGTTCGGTGCGGCCAG,0,592373
araCp,0.16666666666666666,5,5,CGGGGCCAGCAAATACGATT,0,589472
araCp,0.16666666666666666,5,5,CGGGGCATGACTTTACCCAC,0,555207
araCp,0.16666666666666666,5,5,CGGGCTTTTCAGCGGCACCC,0,570872
araCp,0.16666666666666666,5,5,CGGGACATCACGTGTCTCTC,0,565007
araCp,0.16666666666666666,5,5,CGGGAACTAGCATTGGGGGT,0,601630
araCp,0.16666666666666666,5,5,CGGCTTGCAGGAAATACTTG,0,583245
araCp,0.16666666666666666,5,5,CGGCTATCTGAGACCCGCAG,0,538693
araCp,0.16666666666666666,5,5,CGGCTAGAAGATACATTATC,0,546746
araCp,0.16666666666666666,5,5,CGGCGTTGGAGTTGATAGGA,0,551544
araCp,0.16666666666666666,5,5,CGGCGTGTCGTGTGCCTCAC,0,575999
araCp,0.16666666666666666,5,5,CGGCGGGTAAACTCTGCTGA,0,562770
araCp,0.16666666666666666,5,5,CGGCGCATGCTTTGATGCCG,0,590644
araCp,0.16666666666666666,5,5,CGGCCGGTGAGTAGACTTGG,0,578517
araCp,0.16666666666666666,5,5,CGGCCACTGGCCAAATAGGC,0,587794
araCp,0.16666666666666666,5,5,CGGCCACAGGTATGTTACGT,0,527924
araCp,0.16666666666666666,5,5,CGGCATATGGCAATTCGACT,0,542142
araCp,0.16666666666666666,5,5,CGGCAGAATCTCAATGTTCT,0,577986
araCp,0.16666666666666666,5,5,CGGATCTCGTGTCGGTCGAT,0,536393
araCp,0.16666666666666666,5,5,CGGATCCCGAGTATAAGCAA,0,546622
araCp,0.16666666666666666,5,5,CGGAGTCTTATCTTCTTTCG,0,550575
araCp,0.16666666666666666,5,5,CGGAGGCCGCATAGCGCGAT,0,599212
araCp,0.16666666666666666,5,5,CGGACTTACCTCACGACAGT,0,576755
araCp,0.16666666666666666,5,5,CGGACTAGCTTCCAATGCCT,0,586456
araCp,0.16666666666666666,5,5,CGGACGAGGTTGTTTCTAGG,0,530062
araCp,0.16666666666666666,5,5,CGGACCTGTTAGACCTTATT,0,568020
araCp,0.16666666666666666,5,5,CGGACCCTCCCAAACGATCA,0,583639
araCp,0.16666666666666666,5,5,CGGACCATACATAACTGCCT,0,538602
araCp,0.16666666666666666,5,5,CGGACAGGACCTTCCCTCAT,0,539068
araCp,0.16666666666666666,5,5,CGGAATAGCGACTCGCGACA,0,576273
araCp,0.16666666666666666,5,5,CGGAATACGACGGACCAACA,0,572891
araCp,0.16666666666666666,5,5,CGGAAGTCTATTTGATGCTC,0,532908
araCp,0.16666666666666666,5,5,CGCTTCTCAAAGTGGGAAAG,0,546430
araCp,0.16666666666666666,5,5,CGCTCCATAGTGACATACTC,0,562070
araCp,0.16666666666666666,5,5,CGCTCAAATGGTTTGACACA,0,569218
araCp,0.16666666666666666,5,5,CGCTAAAGTTGACGCTCAGA,0,603210
araCp,0.16666666666666666,5,5,CGCGGGACTGCGTCGCTTGG,0,537272
araCp,0.16666666666666666,5,5,CGCGCTTAAGTGTACGAAAG,0,533626
araCp,0.16666666666666666,5,5,CGCGCAGTTTGTCACATAAG,0,566289
araCp,0.16666666666666666,5,5,CGCGAGGCGGGGTACAATTA,0,552358
araCp,0.16666666666666666,5,5,CGCCTTAGTAAACCGTTGGT,0,581175
araCp,0.16666666666666666,5,5,CGCCTCTCTGGCTATTATAA,0,563923
araCp,0.16666666666666666,5,5,CGCCCGGGCAACGCAAAACT,0,597043
araCp,0.16666666666666666,5,5,CGCCCCGGCACGGATCACGA,0,602789
araCp,0.16666666666666666,5,5,CGCCCCCGTATTGTACTGTA,0,574485
araCp,0.16666666666666666,5,5,CGCAGTCGAATAAGGGCCGC,0,600490
araCp,0.16666666666666666,5,5,CGCAGAGAAGCTTCAAGCGT,0,586206
araCp,0.16666666666666666,5,5,CGCAGACGAACATCGTCCCT,0,588779
araCp,0.16666666666666666,5,5,CGCACGCAGCATGAAATAAC,0,570580
araCp,0.16666666666666666,5,5,CGCACCCTCGGAGCTTAAGC,0,539073
araCp,0.16666666666666666,5,5,CGCAACCGCTGAGCTGCAAC,0,577711
araCp,0.16666666666666666,5,5,CGATTTAAGTTCCGGTAAGA,0,563420
araCp,0.16666666666666666,5,5,CGATGCTGAGCTTTTGCGCT,0,552169
araCp,0.16666666666666666,5,5,CGATAGTTCAACCCTTTTTC,0,573826
araCp,0.16666666666666666,5,5,CGATAGAACGTCAACAGCAG,0,531535
araCp,0.16666666666666666,5,5,CGAGTCACATCAGGGCAATC,0,533689
araCp,0.16666666666666666,5,5,CGAGTAGATCGAACCCTCGG,0,567102
araCp,0.16666666666666666,5,5,CGAGTACAAAGAACTGAAGT,0,536033
araCp,0.16666666666666666,5,5,CGAGGCCAGATAGTTCTGAG,0,556941
araCp,0.16666666666666666,5,5,CGAGCGGTCTCCTCTGTATA,0,532400
araCp,0.16666666666666666,5,5,CGAGACCGGGCAACGAGTAA,0,533036
araCp,0.16666666666666666,5,5,CGACTGTAAGAGAGACCAGG,0,566107
araCp,0.16666666666666666,5,5,CGACGGATCCGCTCTATCGA,0,545658
araCp,0.16666666666666666,5,5,CGACCGGGCTCGGACTTATG,0,541883
araCp,0.16666666666666666,5,5,CGACACAGCAACTCCTTGAC,0,541579
araCp,0.16666666666666666,5,5,CGAATGGAAGATATTCCACG,0,567844
araCp,0.16666666666666666,5,5,CGAATCAGGCACATAGAGAC,0,579845
araCp,0.16666666666666666,5,5,CGAAGACGCCCAGAGATTCC,0,595008
araCp,0.16666666666666666,5,5,CGAACTCAGGCACTACGCGG,0,530882
araCp,0.16666666666666666,5,5,CGAACCCAATGATCATGTAA,0,550781
araCp,0.16666666666666666,5,5,CGAAAGTACTGAAATTGTCA,0,548029
araCp,0.16666666666666666,5,5,CGAAAGGGTACATTAGGATT,0,570504
araCp,0.16666666666666666,5,5,CGAAAGCCGGCGCAGGCTTC,0,572982
araCp,0.16666666666666666,5,5,CGAAAAGTTCCATGGCTAGA,0,584762
araCp,0.16666666666666666,5,5,CCTTATGCAAGGACGGGGAA,0,588923
araCp,0.16666666666666666,5,5,CCTTATGATTTTGCGATCTA,0,547929
araCp,0.16666666666666666,5,5,CCTTAATAGCCGAGTTATGT,0,564596
araCp,0.16666666666666666,5,5,CCTGTGCAATTTTATAATAC,0,555472
araCp,0.16666666666666666,5,5,CCTGGTGGTCGTACGCGTAG,0,579252
araCp,0.16666666666666666,5,5,CCTGCGATATTGGTGTTAAG,0,590872
araCp,0.16666666666666666,5,5,CCTCTCCGATAAGCGGGGAG,0,526318
araCp,0.16666666666666666,5,5,CCTCTAGTCGATACGGGCGC,0,528259
araCp,0.16666666666666666,5,5,CCTCGTGCGGCAGAGCCCTG,0,585566
araCp,0.16666666666666666,5,5,CCTCGGGTTGGAACTCGCGG,0,534557
araCp,0.16666666666666666,5,5,CCTCCTCTTTCATAGCTTCG,0,553994
araCp,0.16666666666666666,5,5,CCTATAACTAAATACGACGA,0,573130
araCp,0.16666666666666666,5,5,CCTAGTGTAGGGCATTTGCA,0,535703
araCp,0.16666666666666666,5,5,CCTAGTCGGCAGGGTTAAAG,0,567633
araCp,0.16666666666666666,5,5,CCTAGACCACAACCCGTCTT,0,563781
araCp,0.16666666666666666,5,5,CCTAGAAGCGGGCAAGAGTC,0,582568
araCp,0.16666666666666666,5,5,CCTACGTCACATCGAGCGGG,0,546920
araCp,0.16666666666666666,5,5,CCTACAGGGGCGTTACCTTT,0,583635
araCp,0.16666666666666666,5,5,CCTACAACCGCCAAGGCGGT,0,588101
araCp,0.16666666666666666,5,5,CCTAAGAACCGGCTGACAAA,0,586754
araCp,0.16666666666666666,5,5,CCTAAACCCTGCACATGACA,0,582108
araCp,0.16666666666666666,5,5,CCGTTAGATTGAATCTAAAA,0,581584
araCp,0.16666666666666666,5,5,CCGTGTCAAGTAGGCATCGT,0,546069
araCp,0.16666666666666666,5,5,CCGTGGTGGTTTCGTTTATC,0,575488
araCp,0.16666666666666666,5,5,CCGTGGCAGTAGGCATGCCC,0,547317
araCp,0.16666666666666666,5,5,CCGTGCGGTGGAAGGCGTGC,0,591772
araCp,0.16666666666666666,5,5,CCGTGCGGAATATGCGACCA,0,549035
araCp,0.16666666666666666,5,5,CCGTGACCTTCCTCCGATGC,0,545561
araCp,0.16666666666666666,5,5,CCGTCTGAACTGGGATACTC,0,578216
araCp,0.16666666666666666,5,5,CCGTCGTTGATTAATTTTAA,0,588237
araCp,0.16666666666666666,5,5,CCGTCCGGCAACAGCAACTT,0,550301
araCp,0.16666666666666666,5,5,CCGTCCGGATGGCCTGCCTC,0,593858
araCp,0.16666666666666666,5,5,CCGTATGTATCGATGCTGAT,0,589276
araCp,0.16666666666666666,5,5,CCGGTGGCCTAATGATGCCT,0,559548
araCp,0.16666666666666666,5,5,CCGGGTGATGAGTGTACTGA,0,588623
araCp,0.16666666666666666,5,5,CCGGGGTTAATGGGGCCGGA,0,587510
araCp,0.16666666666666666,5,5,CCGGGGTCTGGCATGCAGGT,0,566921
araCp,0.16666666666666666,5,5,CCGGGCTTGGGCTCGGTGAC,0,538692
araCp,0.16666666666666666,5,5,CCGGGATTGGTCTGGACACC,0,569662
araCp,0.16666666666666666,5,5,CCGGACGGTAAGCTGAGGCT,0,575719
araCp,0.16666666666666666,5,5,CCGGACCCAACGAGGGTATC,0,530018
araCp,0.16666666666666666,5,5,CCGGAAGAACGCTATATGGC,0,571266
araCp,0.16666666666666666,5,5,CCGCTCTTACCGGTTTATCC,0,533058
araCp,0.16666666666666666,5,5,CCGCTAATCGATGAATTCAC,0,549354
araCp,0.16666666666666666,5,5,CCGCGTGGTCCGAGTCTTTC,0,584100
araCp,0.16666666666666666,5,5,CCGCGTATTGATTTATCGAG,0,584134
araCp,0.16666666666666666,5,5,CCGCGATTTAGCGTCTACGT,0,589466
araCp,0.16666666666666666,5,5,CCGCCTAAGCGTATTCAACT,0,565630
araCp,0.16666666666666666,5,5,CCGCCGGATCATCTAGAGTA,0,593430
araCp,0.16666666666666666,5,5,CCGCCGATCACCAAGGTCTT,0,601806
araCp,0.16666666666666666,5,5,CCGATTAGGGCATATAGGAG,0,550223
araCp,0.16666666666666666,5,5,CCGATAAGCCAATCAGTTTT,0,594763
araCp,0.16666666666666666,5,5,CCGACGCCTCGGAGACAACG,0,587836
araCp,0.16666666666666666,5,5,CCGAATTTCACGCATGAAAG,0,575564
araCp,0.16666666666666666,5,5,CCGAATTCAGCCTTTATTGG,0,528536
araCp,0.16666666666666666,5,5,CCGAAGGAGGATAGTAGATG,0,551336
araCp,0.16666666666666666,5,5,CCGAACTCCAAGCATGCCCA,0,542973
araCp,0.16666666666666666,5,5,CCCTTTAAGACTCGCCCCGG,0,533532
araCp,0.16666666666666666,5,5,CCCTTAGGTAGGGGGTATTG,0,565062
araCp,0.16666666666666666,5,5,CCCTCTGTGACCCGCGCATA,0,592863
araCp,0.16666666666666666,5,5,CCCTATCATCCTTACAAGGC,0,576324
araCp,0.16666666666666666,5,5,CCCGTTATTACATATCGGAC,0,560389
araCp,0.16666666666666666,5,5,CCCGTTACATTATAAGGAGG,0,542741
araCp,0.16666666666666666,5,5,CCCGTGCGACGGGTAGGCTC,0,569728
araCp,0.16666666666666666,5,5,CCCGTACAGAACACTAATAA,0,578023
araCp,0.16666666666666666,5,5,CCCGGGTAATGCACAATAAC,0,588342
araCp,0.16666666666666666,5,5,CCCGGGCGCTTACTGTCGCC,0,601373
araCp,0.16666666666666666,5,5,CCCGCGGACCGCATGGATAC,0,586793
araCp,0.16666666666666666,5,5,CCCGATATCACATGTGGATG,0,597380
araCp,0.16666666666666666,5,5,CCCGAGATGCTAGCATACAG,0,575700
araCp,0.16666666666666666,5,5,CCCGAAAAGTACCATCCCGG,0,571775
araCp,0.16666666666666666,5,5,CCCCTTTTGTCGTGGGTACG,0,533819
araCp,0.16666666666666666,5,5,CCCCTTTGGCGCCTTTGCTG,0,562335
araCp,0.16666666666666666,5,5,CCCCTGTAAGAAAATTTTCC,0,590136
araCp,0.16666666666666666,5,5,CCCCGTGCTGTCATGTTGTT,0,529595
araCp,0.16666666666666666,5,5,CCCCGTGCAGCTCGGAGGGG,0,578460
araCp,0.16666666666666666,5,5,CCCCGGTTCTGTTCGGCTCC,0,562290
araCp,0.16666666666666666,5,5,CCCCGGCTCGAGATTTGGTT,0,557927
araCp,0.16666666666666666,5,5,CCCCGGCATTCATGTCGTAA,0,526856
araCp,0.16666666666666666,5,5,CCCCGCTCTCATAATGGAAG,0,578488
araCp,0.16666666666666666,5,5,CCCCGCCGGCACTTGTCTGA,0,579648
araCp,0.16666666666666666,5,5,CCCCCTTGCAGGAGCTCCCC,0,569195
araCp,0.16666666666666666,5,5,CCCCCCACTGACTCCTAGCA,0,583265
araCp,0.16666666666666666,5,5,CCCCAGTTTCTGACGGCTCG,0,592034
araCp,0.16666666666666666,5,5,CCCCAGCCAACCTAACTTAA,0,550580
araCp,0.16666666666666666,5,5,CCCATTTACTACGGGACCGA,0,553795
araCp,0.16666666666666666,5,5,CCCAGTCAAGACTGGCGGAT,0,560320
araCp,0.16666666666666666,5,5,CCCAGCTGCCTGCTTTACCT,0,540608
araCp,0.16666666666666666,5,5,CCCAGCAACGAAAAAGCCAT,0,549732
araCp,0.16666666666666666,5,5,CCCAGAGCCGCCAGGCTGTG,0,595627
araCp,0.16666666666666666,5,5,CCCACCTAGTGGTAGCAGTA,0,531448
araCp,0.16666666666666666,5,5,CCCACACTTAGTAAGTAGAC,0,578184
araCp,0.16666666666666666,5,5,CCCAAGACCGAAGCTAACCC,0,589965
araCp,0.16666666666666666,5,5,CCATTTGATCTATATCGTAG,0,592000
araCp,0.16666666666666666,5,5,CCATTTATTCATTCCCGGGG,0,528666
araCp,0.16666666666666666,5,5,CCATTCGCGTAAGGAGCTAC,0,581764
araCp,0.16666666666666666,5,5,CCATTCCAGAATGCCGAAAC,0,595056
araCp,0.16666666666666666,5,5,CCATGTATTCTATTCCCCCC,0,528193
araCp,0.16666666666666666,5,5,CCATGGAAAGACTCAGCGCA,0,603683
araCp,0.16666666666666666,5,5,CCATGAACTGTCGGCATCAC,0,592118
araCp,0.16666666666666666,5,5,CCATCCGACCTACCCTTAGT,0,535997
araCp,0.16666666666666666,5,5,CCATAGGGTGGGATATCACC,0,570113
araCp,0.16666666666666666,5,5,CCAGGTGTCGTTCAATTGAG,0,559376
araCp,0.16666666666666666,5,5,CCAGGGGAACCCACAACGGT,0,553879
araCp,0.16666666666666666,5,5,CCAGCCGCGTGACTGCAGCC,0,554293
araCp,0.16666666666666666,5,5,CCAGCCAGGTATCTTCGCGC,0,566496
araCp,0.16666666666666666,5,5,CCAGAACCAGCACAATCAAG,0,526266
araCp,0.16666666666666666,5,5,CCACTGGTGCTCCCCATATC,0,569015
araCp,0.16666666666666666,5,5,CCACTCGAGTTGCGGCACCA,0,594672
araCp,0.16666666666666666,5,5,CCACGGCTCCGCGCGCAGTA,0,593035
araCp,0.16666666666666666,5,5,CCACGGCGTGTCTGGGTTCA,0,527109
araCp,0.16666666666666666,5,5,CCACGCTTGTATGGCCCCCT,0,573145
araCp,0.16666666666666666,5,5,CCACGCATCGTATTACTATA,0,571307
araCp,0.16666666666666666,5,5,CCACGAAGACATCCACCTAG,0,554361
araCp,0.16666666666666666,5,5,CCACCAGGTAGGGGTGTGTG,0,591355
araCp,0.16666666666666666,5,5,CCAAGTATTCGTACGGTTAA,0,547773
araCp,0.16666666666666666,5,5,CCAAGGAAGATCTTAGCGGC,0,602689
araCp,0.16666666666666666,5,5,CCAACAGGAATGTGACATGT,0,602755
araCp,0.16666666666666666,5,5,CCAAATGATTCCAGATACCC,0,538404
araCp,0.16666666666666666,5,5,CCAAATACGACCTACAGTTT,0,538533
araCp,0.16666666666666666,5,5,CCAAAACCTTCCGAGGATTA,0,571214
araCp,0.16666666666666666,5,5,CATTTTAAAAACGATGACCG,0,559607
araCp,0.16666666666666666,5,5,CATTGTGTACCGCTGCATTT,0,565815
araCp,0.16666666666666666,5,5,CATTCTGATTTCAACCAGCG,0,543936
araCp,0.16666666666666666,5,5,CATTCTCTAATGGCGCTTCC,0,585851
araCp,0.16666666666666666,5,5,CATTCAAACAGGTTAGCCAT,0,595997
araCp,0.16666666666666666,5,5,CATTACTCAATTAGGCACAG,0,555134
araCp,0.16666666666666666,5,5,CATTACGACTCTCGTACAAT,0,562193
araCp,0.16666666666666666,5,5,CATTACCAGGCGGGGATGAT,0,564886
araCp,0.16666666666666666,5,5,CATTACATGGTTAGATCCGT,0,598350
araCp,0.16666666666666666,5,5,CATTAAATTGTCGCAGATCT,0,556746
araCp,0.16666666666666666,5,5,CATGTTCCCTGGGCAGTGAC,0,576777
araCp,0.16666666666666666,5,5,CATGTTCCCAATTCGGTGAA,0,570931
araCp,0.16666666666666666,5,5,CATGTGTCCCGACCCTCAAA,0,581248
araCp,0.16666666666666666,5,5,CATGGACACGTGGGAACGGG,0,532556
araCp,0.16666666666666666,5,5,CATGCTTAGCCTCAACTGCT,0,530387
araCp,0.16666666666666666,5,5,CATCGCTGCGGGAGGATACA,0,546292
araCp,0.16666666666666666,5,5,CATCCGGTTTTAGTACAGAG,0,594623
araCp,0.16666666666666666,5,5,CATCCAGAGGCCATCGTGGT,0,592641
araCp,0.16666666666666666,5,5,CATCATCTACCATCGGGGCT,0,562747
araCp,0.16666666666666666,5,5,CATATTGCGATTAATCTTTG,0,591350
araCp,0.16666666666666666,5,5,CATATATTTTGAACGTTGAT,0,551207
araCp,0.16666666666666666,5,5,CATAGTAATGGCGGTGGGCT,0,531695
araCp,0.16666666666666666,5,5,CATAGGCGTAAGCACTGATA,0,542835
araCp,0.16666666666666666,5,5,CATACTCGTGAACAAATTTA,0,579962
araCp,0.16666666666666666,5,5,CATAACGTTTATCTGATGCC,0,528538
araCp,0.16666666666666666,5,5,CAGTTTTCACTCCACAGGGG,0,596712
araCp,0.16666666666666666,5,5,CAGTGGTAATGCATGGTGAT,0,534789
araCp,0.16666666666666666,5,5,CAGTCTTGGCAAGAGGTTCC,0,537291
araCp,0.16666666666666666,5,5,CAGTCGCCTTCCCAGGGACT,0,597362
araCp,0.16666666666666666,5,5,CAGTATTGTCGCTAGGGAGT,0,559905
araCp,0.16666666666666666,5,5,CAGTAGTTGCTATTAGTCTG,0,527318
araCp,0.16666666666666666,5,5,CAGTACGCTAGACCGGAACG,0,535624
araCp,0.16666666666666666,5,5,CAGTAATATCATATTAACTA,0,596885
araCp,0.16666666666666666,5,5,CAGGTGGTACCGAGAGGGGA,0,563049
araCp,0.16666666666666666,5,5,CAGGTAATTTAGTATCTGAC,0,588257
araCp,0.16666666666666666,5,5,CAGGTAACGCACGGCATTTA,0,527927
araCp,0.16666666666666666,5,5,CAGGGTCAGCCGAGAGCGCA,0,603001
araCp,0.16666666666666666,5,5,CAGGGGGCCGCGCCGTAGTA,0,547463
araCp,0.16666666666666666,5,5,CAGGCACGACGTGTTTCTCA,0,545153
araCp,0.16666666666666666,5,5,CAGGATAAACCGTAATTACT,0,549557
araCp,0.16666666666666666,5,5,CAGCTCGGTTCTGGCTATTG,0,584675
araCp,0.16666666666666666,5,5,CAGCGCAAGCCACTTTTAGA,0,551109
araCp,0.16666666666666666,5,5,CAGCCATAAATCCCCCGGGA,0,559148
araCp,0.16666666666666666,5,5,CAGCCAAAGTCTAGCATTAC,0,584428
araCp,0.16666666666666666,5,5,CAGATCACGCAATTAGATAT,0,602658
araCp,0.16666666666666666,5,5,CAGAGACGCGGGTACTTCAA,0,541500
araCp,0.16666666666666666,5,5,CAGAGAAAGCTGGATACGTA,0,569240
araCp,0.16666666666666666,5,5,CAGAAGATACAATCTACTAG,0,562217
araCp,0.16666666666666666,5,5,CAGAAAATGTACTGAAGGTT,0,546513
araCp,0.16666666666666666,5,5,CACTTTAGACTACTGGCTTT,0,529687
araCp,0.16666666666666666,5,5,CACTTGATGGCGCTATCTCA,0,535719
araCp,0.16666666666666666,5,5,CACTTATCTTGCTCCTTAAG,0,546773
araCp,0.16666666666666666,5,5,CACTTAGCCGTCTGACTATT,0,543927
araCp,0.16666666666666666,5,5,CACTGTAGCACCTAGTGTCT,0,536222
araCp,0.16666666666666666,5,5,CACTGGGGCTACACGGAGAC,0,564319
araCp,0.16666666666666666,5,5,CACTGGGATTATGTATAGAA,0,569143
araCp,0.16666666666666666,5,5,CACTGCTGCTAGGCTGTGTG,0,601381
araCp,0.16666666666666666,5,5,CACTGCTGCGTGGTAGCAAG,0,580056
araCp,0.16666666666666666,5,5,CACTCGACAGCGGTTTCCGA,0,570460
araCp,0.16666666666666666,5,5,CACTCATGCGTGAATAAGGG,0,539754
araCp,0.16666666666666666,5,5,CACTAACCACTACGGTTTTA,0,527110
araCp,0.16666666666666666,5,5,CACTAACAATCCGACAGAGC,0,595665
araCp,0.16666666666666666,5,5,CACGTGGACCTCACCTTGGG,0,592153
araCp,0.16666666666666666,5,5,CACGTCGAAAGTAAGGAGAA,0,594580
araCp,0.16666666666666666,5,5,CACGTACGGGCTGGCCCTCT,0,578823
araCp,0.16666666666666666,5,5,CACGGTCGGACGCTGAAGTA,0,576414
araCp,0.16666666666666666,5,5,CACGGTAGGTTGTAACGGGA,0,556980
araCp,0.16666666666666666,5,5,CACGGGGGGTTACGGGGCAT,0,537443
araCp,0.16666666666666666,5,5,CACGGGCGCGTAAGGGGCGC,0,581419
araCp,0.16666666666666666,5,5,CACGGCTTGCCCACTTCCTC,0,530384
araCp,0.16666666666666666,5,5,CACGGAGCAGGGTTTGATAT,0,561625
araCp,0.16666666666666666,5,5,CACGCGCGCCGCTATGGACA,0,537339
araCp,0.16666666666666666,5,5,CACGCCCACTACTCCCGCTA,0,566934
araCp,0.16666666666666666,5,5,CACGATGTGTAATATCTCGT,0,599760
araCp,0.16666666666666666,5,5,CACCTTAATTGTCCCGATCA,0,589408
araCp,0.16666666666666666,5,5,CACCGTTGAACATGTATATA,0,563098
araCp,0.16666666666666666,5,5,CACCGGTGCTAGGTTCAATT,0,596671
araCp,0.16666666666666666,5,5,CACCGGTGATTCCATCAGTT,0,597721
araCp,0.16666666666666666,5,5,CACCGACAGTCAATCACGGA,0,535897
araCp,0.16666666666666666,5,5,CACCCGGTTCCAGCGAAGAT,0,568962
araCp,0.16666666666666666,5,5,CACCCGCTTAAGAAACAGGT,0,589970
araCp,0.16666666666666666,5,5,CACCACTGGCTACAATCAAG,0,570818
araCp,0.16666666666666666,5,5,CACCACAGCCACGTGATCAG,0,589539
araCp,0.16666666666666666,5,5,CACATGGCTAGTGATGGTCC,0,601795
araCp,0.16666666666666666,5,5,CACAGTTTGATACCGATGTG,0,577137
araCp,0.16666666666666666,5,5,CACAGAGCTCGGGACCTGTA,0,588574
araCp,0.16666666666666666,5,5,CACAGAGAGGGATTCACTCC,0,569030
araCp,0.16666666666666666,5,5,CACACGCACGCGAGTCTGAC,0,599634
araCp,0.16666666666666666,5,5,CACAACAGGACGGATACCAA,0,553653
araCp,0.16666666666666666,5,5,CAATTATTTGCACGCTTCAC,0,552308
araCp,0.16666666666666666,5,5,CAATGCTCTTTGATACGTTT,0,562391
araCp,0.16666666666666666,5,5,CAATAGAGACCCTGCGGTAA,0,594148
araCp,0.16666666666666666,5,5,CAATAAATAGTAAACGTCCG,0,546163
araCp,0.16666666666666666,5,5,CAAGTTTTACCTAGGGTTCT,0,550780
araCp,0.16666666666666666,5,5,CAAGTGGGGTTGAAAGCATA,0,532873
araCp,0.16666666666666666,5,5,CAAGTCCATCCGTTCAAGCA,0,597431
araCp,0.16666666666666666,5,5,CAAGGTTCTCGTGGGAAGGA,0,541104
araCp,0.16666666666666666,5,5,CAAGGGGTCACTATCCTGCA,0,546693
araCp,0.16666666666666666,5,5,CAAGAAGTTTCGACGGGATA,0,575484
araCp,0.16666666666666666,5,5,CAACTTAACATTCTTTCTCT,0,587499
araCp,0.16666666666666666,5,5,CAACTCGGAACGCCAGGCGC,0,581503
araCp,0.16666666666666666,5,5,CAACGGTAGCTAGGAAGTCC,0,530610
araCp,0.16666666666666666,5,5,CAACGGAAGACTAGGAGTCA,0,595032
araCp,0.16666666666666666,5,5,CAACCATGATCCAAACTCGC,0,588866
araCp,0.16666666666666666,5,5,CAACAGTCCAATCTAAAGGA,0,551141
araCp,0.16666666666666666,5,5,CAACAGAGCAATCCGCAGTT,0,527574
araCp,0.16666666666666666,5,5,CAACACTACACGTGCAAAAA,0,534693
araCp,0.16666666666666666,5,5,CAACACGACATCTGACCCAA,0,567953
araCp,0.16666666666666666,5,5,CAAATGGGCAGTAGGGGAAC,0,540643
araCp,0.16666666666666666,5,5,CAAATCGCACTCGGACTAGA,0,546062
araCp,0.16666666666666666,5,5,CAAATAAATCTTTCTGGGTG,0,571225
araCp,0.16666666666666666,5,5,CAAACAGCCAATCGAGCTGT,0,541962
araCp,0.16666666666666666,5,5,CAAAAGAGTACTGGCCTTCT,0,545954
araCp,0.16666666666666666,5,5,ATTTTTGCGCCGGTACGGTT,0,529475
araCp,0.16666666666666666,5,5,ATTTTACGCGCGTTGGCCCG,0,564139
araCp,0.16666666666666666,5,5,ATTTGGATTCAATTATGATT,0,589344
araCp,0.16666666666666666,5,5,ATTTCTAGACGGGCGGGACA,0,552558
araCp,0.16666666666666666,5,5,ATTTCACCTTCAGTTTAATT,0,583285
araCp,0.16666666666666666,5,5,ATTTATCGAGGAGAACACAT,0,541707
araCp,0.16666666666666666,5,5,ATTTATCGAACCACGTCACG,0,597917
araCp,0.16666666666666666,5,5,ATTTATCCGTCGCAACGCGT,0,535470
araCp,0.16666666666666666,5,5,ATTTAGAATGCGTCAATGAC,0,542701
araCp,0.16666666666666666,5,5,ATTGTCGTGTCGTTGTACAT,0,546477
araCp,0.16666666666666666,5,5,ATTGTAGCGCACTTCTCAGT,0,544808
araCp,0.16666666666666666,5,5,ATTGGTCCAATGCAAATGCC,0,597666
araCp,0.16666666666666666,5,5,ATTGCTGACACCCACAATTA,0,551970
araCp,0.16666666666666666,5,5,ATTGCGGAAGGTTGATGAAA,0,574277
araCp,0.16666666666666666,5,5,ATTGATCAAACTATTGCCGT,0,574656
araCp,0.16666666666666666,5,5,ATTGAGCACTTGTAGCAATA,0,577949
araCp,0.16666666666666666,5,5,ATTCTCTGTGGATTCTGTGC,0,554670
araCp,0.16666666666666666,5,5,ATTCTAAATCAATTAGCTCG,0,560839
araCp,0.16666666666666666,5,5,ATTCGTTGGTTTAAAGTCCC,0,559292
araCp,0.16666666666666666,5,5,ATTAGTACTAGCGGTTTGGT,0,557905
araCp,0.16666666666666666,5,5,ATTAGGAGACATCGCCCTCA,0,587586
araCp,0.16666666666666666,5,5,ATTACACGATAGTCCCGTTT,0,590101
araCp,0.16666666666666666,5,5,ATTAATGCCATGGCTCTCGG,0,546964
araCp,0.16666666666666666,5,5,ATTAATATTCTGTTCATGCT,0,584235
araCp,0.16666666666666666,5,5,ATGTTGTATCCGATGAAATA,0,556513
araCp,0.16666666666666666,5,5,ATGTGGACGTTGCCCAGCCT,0,554667
araCp,0.16666666666666666,5,5,ATGTGATTCCGGGGTAGTTC,0,559604
araCp,0.16666666666666666,5,5,ATGTCTACTGATTACAGGAA,0,603532
araCp,0.16666666666666666,5,5,ATGGTCGGGTCGTACAATAT,0,563406
araCp,0.16666666666666666,5,5,ATGGTCCACATACCGAACAG,0,550140
araCp,0.16666666666666666,5,5,ATGGTAACGTTAGGCGGGAG,0,552697
araCp,0.16666666666666666,5,5,ATGGGGTCGATAGTCCCCTT,0,540914
araCp,0.16666666666666666,5,5,ATGGGGTATAGTCCTTCTTT,0,580227
araCp,0.16666666666666666,5,5,ATGGGCTCGATAACCACTCT,0,551652
araCp,0.16666666666666666,5,5,ATGGGCCACACCGCGGTTCA,0,576582
araCp,0.16666666666666666,5,5,ATGGGATCAGGAATGCCCGT,0,599180
araCp,0.16666666666666666,5,5,ATGGGAGATACCCGAACCCA,0,566739
araCp,0.16666666666666666,5,5,ATGCGTCCGGACGCATGGGG,0,545267
araCp,0.16666666666666666,5,5,ATGCCGTTAAACCACCGGCA,0,528430
araCp,0.16666666666666666,5,5,ATGCATAGGCAGGTTTGAAT,0,560374
araCp,0.16666666666666666,5,5,ATGCACCGGAAATTTTAAAA,0,536191
araCp,0.16666666666666666,5,5,ATGATTACTCGATTCCTGGG,0,591833
araCp,0.16666666666666666,5,5,ATGAGTTAATGGACGCCAAC,0,566640
araCp,0.16666666666666666,5,5,ATGAGTGTTGCCATGTGGAT,0,563222
araCp,0.16666666666666666,5,5,ATGAGGTTTGACGTGGCTCT,0,596108
araCp,0.16666666666666666,5,5,ATGAGGTATATCTACCACTA,0,595696
araCp,0.16666666666666666,5,5,ATGAGCTAACCAATGAGACT,0,539790
araCp,0.16666666666666666,5,5,ATGAGCGCTGATGAACTGAT,0,571205
araCp,0.16666666666666666,5,5,ATGAGCCTCAAACGTTTCCT,0,567938
araCp,0.16666666666666666,5,5,ATGACGGCTTCAGCGCCCTT,0,595968
araCp,0.16666666666666666,5,5,ATGACCCTACTCGCATCACT,0,566902
araCp,0.16666666666666666,5,5,ATGACCCCTTTCGTGAGCCG,0,577398
araCp,0.16666666666666666,5,5,ATGAATAATATCAGGATAGT,0,580175
araCp,0.16666666666666666,5,5,ATCTTGGCAGTGCGCCCCAT,0,578413
araCp,0.16666666666666666,5,5,ATCTTGAGAGTAAGCAGGCC,0,566157
araCp,0.16666666666666666,5,5,ATCTTCCTACGCCTTATCTG,0,534396
araCp,0.16666666666666666,5,5,ATCTTCACCTCGCTCCGGTC,0,579785
araCp,0.16666666666666666,5,5,ATCTGAATCGACACCTGCAG,0,526323
araCp,0.16666666666666666,5,5,ATCTGAAAGAGAGTTATAAC,0,589951
araCp,0.16666666666666666,5,5,ATCTAGTATGGTCTACAGTA,0,531387
araCp,0.16666666666666666,5,5,ATCGCGGATGCGTTACCTCC,0,547088
araCp,0.16666666666666666,5,5,ATCGCCGGTTCCATCGTTAC,0,557764
araCp,0.16666666666666666,5,5,ATCGATGGCAAGTCCTGCAG,0,549422
araCp,0.16666666666666666,5,5,ATCGATCGTTTAGAGTCTGG,0,577088
araCp,0.16666666666666666,5,5,ATCGAGTATCTTACGCCGGA,0,575830
araCp,0.16666666666666666,5,5,ATCGAGTACACTGAGACCAC,0,586051
araCp,0.16666666666666666,5,5,ATCCTAATCCGGACCAGGTG,0,547024
araCp,0.16666666666666666,5,5,ATCCTAACCTTGAAAGATTT,0,547893
araCp,0.16666666666666666,5,5,ATCCCGGTTTTCTTCATCCA,0,561862
araCp,0.16666666666666666,5,5,ATCCCGATCGAGTACACTGC,0,571437
araCp,0.16666666666666666,5,5,ATCCCAGGGATCCATGAACG,0,593955
araCp,0.16666666666666666,5,5,ATCAGTCCGGTTGTTGCCGG,0,561194
araCp,0.16666666666666666,5,5,ATCAGCCAGAGCATTCTTTC,0,570363
araCp,0.16666666666666666,5,5,ATCAGAAGATGATGAATAAC,0,595191
araCp,0.16666666666666666,5,5,ATCACACGTCCGGTCGTTCA,0,531982
araCp,0.16666666666666666,5,5,ATCAACGATTTTTTGACCTA,0,575191
araCp,0.16666666666666666,5,5,ATCAACGAGTTAATCCCCCA,0,600803
araCp,0.16666666666666666,5,5,ATCAAAACCCAATTGAGGAG,0,566517
araCp,0.16666666666666666,5,5,ATATTCTTCTCGCCTCTATG,0,541041
araCp,0.16666666666666666,5,5,ATATGTCTGCCAAGATGGGG,0,558429
araCp,0.16666666666666666,5,5,ATATGGACTTCCTGGGCGCA,0,584096
araCp,0.16666666666666666,5,5,ATATGCGAGCAATTGCGCAG,0,601557
araCp,0.16666666666666666,5,5,ATATGACCCGTAGGTATTCT,0,570090
araCp,0.16666666666666666,5,5,ATATATTCACCTGCCCTTTT,0,543115
araCp,0.16666666666666666,5,5,ATATATTAGCTGTCGCATTA,0,534256
araCp,0.16666666666666666,5,5,ATAGTGTAAACCTGTTGGAT,0,590809
araCp,0.16666666666666666,5,5,ATAGTCGCCACGCGATAAGT,0,552404
araCp,0.16666666666666666,5,5,ATAGTACAAAAGCCGGGGCA,0,596226
araCp,0.16666666666666666,5,5,ATAGGGCCACATGAGTCCTC,0,575032
araCp,0.16666666666666666,5,5,ATAGGGAGTACTTGGATTTG,0,550656
araCp,0.16666666666666666,5,5,ATAGGGACAGGTTCGGTGTT,0,558390
araCp,0.16666666666666666,5,5,ATAGGCTTGCAGTCTCGGCC,0,545839
araCp,0.16666666666666666,5,5,ATAGCTTAGCTCGCGCAACC,0,540045
araCp,0.16666666666666666,5,5,ATAGATTGCTTGTTCGTTTG,0,546972
araCp,0.16666666666666666,5,5,ATAGAGGTTGTAGGAGTGCC,0,555430
araCp,0.16666666666666666,5,5,ATACTTCCCGCTGGCGAGAC,0,576507
araCp,0.16666666666666666,5,5,ATACTTCAATTGCTCAGGCA,0,525907
araCp,0.16666666666666666,5,5,ATACTCTGCAACAAAATGCC,0,590177
araCp,0.16666666666666666,5,5,ATACTACAGACCGGACGGTT,0,568677
araCp,0.16666666666666666,5,5,ATACGGGGGTGTAGCGCATA,0,597358
araCp,0.16666666666666666,5,5,ATACGCCCGTAGCCTAGGCA,0,537387
araCp,0.16666666666666666,5,5,ATACATGCTTCTCAGGCGAT,0,591089
araCp,0.16666666666666666,5,5,ATACAGATTTCCTCTCAAGA,0,553956
araCp,0.16666666666666666,5,5,ATACAATTCATGCGGGGTTC,0,538438
araCp,0.16666666666666666,5,5,ATACAACTATCGAAAGTAGC,0,541633
araCp,0.16666666666666666,5,5,ATAAGTGGAGCGGCGTTCCT,0,595865
araCp,0.16666666666666666,5,5,ATAAGTCAGTCGTGAGCTTC,0,573322
araCp,0.16666666666666666,5,5,ATAACCCGACGTCATGCGGA,0,556138
araCp,0.16666666666666666,5,5,ATAAATCGGGCCTATTCTCT,0,533690
araCp,0.16666666666666666,5,5,AGTTCCGACTGCTGTAATCT,0,580947
araCp,0.16666666666666666,5,5,AGTTCCAGACCTACTATAAG,0,536989
araCp,0.16666666666666666,5,5,AGTGTGGAGGTCTAGCGTAT,0,591603
araCp,0.16666666666666666,5,5,AGTGTACTGTTGCCGTCCAT,0,584262
araCp,0.16666666666666666,5,5,AGTGGCGAGGTCCGTGTTAG,0,536688
araCp,0.16666666666666666,5,5,AGTGCTTGTATGGTAGGCGC,0,582386
araCp,0.16666666666666666,5,5,AGTGCGAAAAGGTGTTTTTA,0,575948
araCp,0.16666666666666666,5,5,AGTGCCAACGTACTTAGGAA,0,566161
araCp,0.16666666666666666,5,5,AGTGCATTGGCCTTCGCCAT,0,589941
araCp,0.16666666666666666,5,5,AGTGAGGGGAACGTGGAGGG,0,527884
araCp,0.16666666666666666,5,5,AGTGAGGAAAGCAAGATTAA,0,563607
araCp,0.16666666666666666,5,5,AGTGACGAAATACTCGCAGC,0,570331
araCp,0.16666666666666666,5,5,AGTGACATTCGGGATGCTAT,0,584588
araCp,0.16666666666666666,5,5,AGTCTAGTCGCGCTCCTAGG,0,546983
araCp,0.16666666666666666,5,5,AGTCGTAATCACACTGCGCC,0,571845
araCp,0.16666666666666666,5,5,AGTCAGGCTAGATTCCGTAC,0,545025
araCp,0.16666666666666666,5,5,AGTCAAGGGTTCTTGTTGAA,0,601949
araCp,0.16666666666666666,5,5,AGTATGTCGGTGGATTTGGC,0,575849
araCp,0.16666666666666666,5,5,AGTAGCCCTAGCGCCATGGT,0,535573
araCp,0.16666666666666666,5,5,AGTAGACGTCGATGCCCTGT,0,528999
araCp,0.16666666666666666,5,5,AGTACTGCGCAGCCACATGC,0,544328
araCp,0.16666666666666666,5,5,AGTACGTGGAACAATCATGA,0,568568
araCp,0.16666666666666666,5,5,AGTACCTTCGGCGTAGGAGT,0,555944
araCp,0.16666666666666666,5,5,AGTAAGGTGATAAAGACTAC,0,580678
araCp,0.16666666666666666,5,5,AGTAACGTCAGTATCCAGTG,0,578989
araCp,0.16666666666666666,5,5,AGTAACCTGATGGATGGGGT,0,598256
araCp,0.16666666666666666,5,5,AGTAAAATGTCAAGGTCGGA,0,599312
araCp,0.16666666666666666,5,5,AGGTGTACATGCCGACGCAT,0,583342
araCp,0.16666666666666666,5,5,AGGTGAACAAGTCCTCAGTC,0,530837
araCp,0.16666666666666666,5,5,AGGTCCGTTGGGGTTGGTGT,0,593412
araCp,0.16666666666666666,5,5,AGGTCAGCTTGCTTCAACCT,0,567068
araCp,0.16666666666666666,5,5,AGGTATTTTCAAACCGAATG,0,541585
araCp,0.16666666666666666,5,5,AGGTATGTTGGTCCATGGTC,0,579560
araCp,0.16666666666666666,5,5,AGGTAGCTAGTCTGGCGGGT,0,583677
araCp,0.16666666666666666,5,5,AGGGTAAAGGACGAGTTAAG,0,584258
araCp,0.16666666666666666,5,5,AGGGGTCACGGTTCTTCGGG,0,548369
araCp,0.16666666666666666,5,5,AGGGAGCTCCAATCCCAGTT,0,588983
araCp,0.16666666666666666,5,5,AGGGAGAACGTTGAGATGCT,0,549776
araCp,0.16666666666666666,5,5,AGGCTGCGGACGTCACACGT,0,532288
araCp,0.16666666666666666,5,5,AGGCTGCAGCCTACTGTAGG,0,564338
araCp,0.16666666666666666,5,5,AGGCTCATAGCGTAAACACA,0,538234
araCp,0.16666666666666666,5,5,AGGCTCAGTGAAACCGTTTC,0,592727
araCp,0.16666666666666666,5,5,AGGCGCAATATCGCGTACTT,0,532921
araCp,0.16666666666666666,5,5,AGGCCTGGTGGATCTATCAG,0,551224
araCp,0.16666666666666666,5,5,AGGCCGAATGTTGCAGTCTC,0,571510
araCp,0.16666666666666666,5,5,AGGCCCTGTGAACTCCCGGC,0,530679
araCp,0.16666666666666666,5,5,AGGCCCCTCTGGGTCCCTGC,0,572374
araCp,0.16666666666666666,5,5,AGGCCCACACTCAATGACTA,0,580267
araCp,0.16666666666666666,5,5,AGGCATTCCATCGCGCTGTG,0,562515
araCp,0.16666666666666666,5,5,AGGCACTGCATACTAAATGC,0,537288
araCp,0.16666666666666666,5,5,AGGCAACCAGTATCATGACA,0,534299
araCp,0.16666666666666666,5,5,AGGATTAGTATATCGCTCAC,0,561250
araCp,0.16666666666666666,5,5,AGGATAGGCAAGCGGGATAG,0,544049
araCp,0.16666666666666666,5,5,AGGAGACGGCGTCTGTCGGT,0,563437
araCp,0.16666666666666666,5,5,AGGAGAACCCTGCCCGTAGC,0,573526
araCp,0.16666666666666666,5,5,AGGACTTGTGTACCGTCTCA,0,542241
araCp,0.16666666666666666,5,5,AGGACTCTGCATAGTGACTA,0,552382
araCp,0.16666666666666666,5,5,AGGACCGGCACTAGGTTCAC,0,569061
araCp,0.16666666666666666,5,5,AGGACCACGTAACGGCAACT,0,573435
araCp,0.16666666666666666,5,5,AGGAATGGCCGCTCGTCCTA,0,602243
araCp,0.16666666666666666,5,5,AGGAATCCGGGTGGGTAGGC,0,591944
araCp,0.16666666666666666,5,5,AGGAAGTTCGAGTGTGTAAA,0,558344
araCp,0.16666666666666666,5,5,AGCTTCGATTGTAATGGCAT,0,575534
araCp,0.16666666666666666,5,5,AGCTTCCAGTACCAACAGGC,0,582450
araCp,0.16666666666666666,5,5,AGCTTACCGTCGAGCAGGGG,0,538734
araCp,0.16666666666666666,5,5,AGCTGTCAGCTTATGAGTGA,0,554343
araCp,0.16666666666666666,5,5,AGCTGCTTGAGACGCCTGAT,0,541694
araCp,0.16666666666666666,5,5,AGCTCGACGAGCCTGGTTAC,0,576012
araCp,0.16666666666666666,5,5,AGCTCCCTCTGAAGTATGAT,0,577981
araCp,0.16666666666666666,5,5,AGCGTAGAGGCGGATGCGTA,0,585141
araCp,0.16666666666666666,5,5,AGCGTACCGCGGACCGTGGC,0,593964
araCp,0.16666666666666666,5,5,AGCGGGGTGGTACGTAGGAC,0,556860
araCp,0.16666666666666666,5,5,AGCGGCGAGTTTCGTACGGC,0,551923
araCp,0.16666666666666666,5,5,AGCGCGCTCTGCGTTTAGGT,0,578273
araCp,0.16666666666666666,5,5,AGCGCGATATCTCAGTCCAG,0,549750
araCp,0.16666666666666666,5,5,AGCGAGGCAGGACGCTCTGT,0,550990
araCp,0.16666666666666666,5,5,AGCGAGAAGGGGCTAATTCC,0,555267
araCp,0.16666666666666666,5,5,AGCGACGTAATTCGGCTAGA,0,587345
araCp,0.16666666666666666,5,5,AGCGAACCACAAGGATACCT,0,575981
araCp,0.16666666666666666,5,5,AGCCTATCCGGCCGTATACG,0,546677
araCp,0.16666666666666666,5,5,AGCCTACTAAGGTAAACCGT,0,540968
araCp,0.16666666666666666,5,5,AGCCCGCTAAGTGTGCCAGT,0,540270
araCp,0.16666666666666666,5,5,AGCCCAGAGGTATGATATGA,0,543330
araCp,0.16666666666666666,5,5,AGCCCAAGATAGCCCGATGA,0,584786
araCp,0.16666666666666666,5,5,AGCCAGCCGGGATCGCCTTT,0,546385
araCp,0.16666666666666666,5,5,AGCATGGATTTAAAAACGCC,0,535230
araCp,0.16666666666666666,5,5,AGCATGCTATCTTTCAGTGT,0,567093
araCp,0.16666666666666666,5,5,AGCATCTCATTTGGCGGCCC,0,578031
araCp,0.16666666666666666,5,5,AGCAGCGTGTGATACTGAAC,0,594295
araCp,0.16666666666666666,5,5,AGCAGCCTATTTGCTTTAAC,0,581333
araCp,0.16666666666666666,5,5,AGATGTTACGGCGGCACCTG,0,592755
araCp,0.16666666666666666,5,5,AGATGGCTACTAGACCTTAA,0,581523
araCp,0.16666666666666666,5,5,AGATGGAGATGGCCCTGGAC,0,538570
araCp,0.16666666666666666,5,5,AGATGATTTGTAACCCGAAG,0,546434
araCp,0.16666666666666666,5,5,AGATGAAGAGAATCGCATGA,0,590711
araCp,0.16666666666666666,5,5,AGATCCGCAATGGCACATGC,0,571900
araCp,0.16666666666666666,5,5,AGATAGGGATTGCGATTATG,0,528243
araCp,0.16666666666666666,5,5,AGAGTCGCGGGGCCACGGGG,0,597993
araCp,0.16666666666666666,5,5,AGAGATGCCATGGTCTCTGT,0,566248
araCp,0.16666666666666666,5,5,AGAGAGTCACGCTACACCGT,0,576936
araCp,0.16666666666666666,5,5,AGACTTAACGGGGTTTTAGG,0,583393
araCp,0.16666666666666666,5,5,AGACTGTATCGTCTACATAT,0,556277
araCp,0.16666666666666666,5,5,AGACTCTATTAGTTGTGAAA,0,597720
araCp,0.16666666666666666,5,5,AGACGATCAAATACAAGCTA,0,560286
araCp,0.16666666666666666,5,5,AGACCCTGACGCTGTGGCTC,0,526985
araCp,0.16666666666666666,5,5,AGACCCTCCTGGCTTTTGTC,0,554247
araCp,0.16666666666666666,5,5,AGACCCACAAATGGGTTGTG,0,589815
araCp,0.16666666666666666,5,5,AGACCCAACGGTACCATTGA,0,574605
araCp,0.16666666666666666,5,5,AGACAGGCCGTTCAGCTTAT,0,550278
araCp,0.16666666666666666,5,5,AGAATCTTAGGAAAAGACAA,0,596282
araCp,0.16666666666666666,5,5,AGAAGTTAGTCACTCCAGAC,0,597011
araCp,0.16666666666666666,5,5,AGAAGGGTGCGATAGCCAAC,0,559465
araCp,0.16666666666666666,5,5,AGAACGACCTTGCACACTTA,0,584371
araCp,0.16666666666666666,5,5,AGAACGACAGATCGGATTGG,0,563071
araCp,0.16666666666666666,5,5,AGAACCATGTATGCGAAGGT,0,528731
araCp,0.16666666666666666,5,5,AGAAAGGGGTCAATACCAAC,0,565657
araCp,0.16666666666666666,5,5,AGAAACCTGTCACGTCTTTT,0,559201
araCp,0.16666666666666666,5,5,ACTTTGTCGTATTGGGCACA,0,584836
araCp,0.16666666666666666,5,5,ACTTTGGGGGTTAAAGTGTA,0,574414
araCp,0.16666666666666666,5,5,ACTTTCCCAGACAGAACAGT,0,541281
araCp,0.16666666666666666,5,5,ACTTGTTTTGTGGGTTCTGG,0,579716
araCp,0.16666666666666666,5,5,ACTTGGGAGCAACAACGGCA,0,570095
araCp,0.16666666666666666,5,5,ACTTCGTCTTTTCATGAGAT,0,566688
araCp,0.16666666666666666,5,5,ACTTCCACCGAACCAATCCG,0,585493
araCp,0.16666666666666666,5,5,ACTTCAATTAAACAGTTCAT,0,583549
araCp,0.16666666666666666,5,5,ACTTAGGGGGTAATGGAATG,0,591449
araCp,0.16666666666666666,5,5,ACTTACAATCCTCGCCGGCC,0,599687
araCp,0.16666666666666666,5,5,ACTTAAAACGTCGCTCTTTT,0,560787
araCp,0.16666666666666666,5,5,ACTGGTCTGCGAGCTAACCG,0,564370
araCp,0.16666666666666666,5,5,ACTGGTCTAGGACGGCGGGA,0,527225
araCp,0.16666666666666666,5,5,ACTGGCAAATGTTTTGATAC,0,543419
araCp,0.16666666666666666,5,5,ACTGGATAATGGGCGTAGCG,0,584230
araCp,0.16666666666666666,5,5,ACTGGAGAGACGGAGGGAGA,0,581239
araCp,0.16666666666666666,5,5,ACTGGAATCCAATGTCGTCT,0,562828
araCp,0.16666666666666666,5,5,ACTCGTACCAATCTCACCAG,0,551404
araCp,0.16666666666666666,5,5,ACTCGGCGCACGGCCTGAGT,0,554960
araCp,0.16666666666666666,5,5,ACTCGGACACATACTTCGTC,0,539659
araCp,0.16666666666666666,5,5,ACTCCTCGGCCGTCGGTACC,0,591811
araCp,0.16666666666666666,5,5,ACTCCCCACCACTCGTATCT,0,531092
araCp,0.16666666666666666,5,5,ACTCATTTCAGGTGCAGTAA,0,590740
araCp,0.16666666666666666,5,5,ACTCACTTATTGTTACTAAG,0,590018
araCp,0.16666666666666666,5,5,ACTCACAGATGGAAGCCTTT,0,573150
araCp,0.16666666666666666,5,5,ACTCAAAACGGAGGAGCGAG,0,579438
araCp,0.16666666666666666,5,5,ACTATTAATGGAAGAACACA,0,599443
araCp,0.16666666666666666,5,5,ACTATCCTTAGTGTTCGCAA,0,546034
araCp,0.16666666666666666,5,5,ACTACGTGGGCCAAAGGCGA,0,546396
araCp,0.16666666666666666,5,5,ACTACGGCCGGATAAAAAGC,0,600607
araCp,0.16666666666666666,5,5,ACTACCGATTATCCGTATCC,0,536283
araCp,0.16666666666666666,5,5,ACGTTTACATTGGTGAACAC,0,567364
araCp,0.16666666666666666,5,5,ACGTTCCGCATGCGACGAGG,0,531929
araCp,0.16666666666666666,5,5,ACGTTATGTCCTGTGCCAAA,0,565832
araCp,0.16666666666666666,5,5,ACGTTAGCAAGTAATGTTGT,0,553201
araCp,0.16666666666666666,5,5,ACGTTACAGCAGTTGGATAG,0,592482
araCp,0.16666666666666666,5,5,ACGTGCTTCACATGAGTTGG,0,541781
araCp,0.16666666666666666,5,5,ACGTGCTCGGCCCCCCATGT,0,541078
araCp,0.16666666666666666,5,5,ACGTCCTTAGTTGCTAAGAA,0,558334
araCp,0.16666666666666666,5,5,ACGTACCGTTGCTAAAGTCA,0,600826
araCp,0.16666666666666666,5,5,ACGTAACTTCTGGCGTCGTA,0,569884
araCp,0.16666666666666666,5,5,ACGGTTTAAGGGCAAGTTTG,0,602732
araCp,0.16666666666666666,5,5,ACGGTCGTGGAATATAAAAT,0,565957
araCp,0.16666666666666666,5,5,ACGGCCAACATATTTCACTC,0,557765
araCp,0.16666666666666666,5,5,ACGGAGTTACTGGAGAACGG,0,535964
araCp,0.16666666666666666,5,5,ACGGAATCTGAAAGAGTCCA,0,548875
araCp,0.16666666666666666,5,5,ACGCGTCTACAAGCGCTCTT,0,551748
araCp,0.16666666666666666,5,5,ACGCGAGAGAGCGAGGAACG,0,556159
araCp,0.16666666666666666,5,5,ACGCCGTGAGACATCGACAT,0,598821
araCp,0.16666666666666666,5,5,ACGCATCTCTGGGTTGTAGA,0,591269
araCp,0.16666666666666666,5,5,ACGCAGTTTGTCACCGTCGT,0,575394
araCp,0.16666666666666666,5,5,ACGCAGGTCTACAAATACTC,0,581142
araCp,0.16666666666666666,5,5,ACGATTTCAACACTATAGAC,0,527394
araCp,0.16666666666666666,5,5,ACGAGATATAGAGTAACACA,0,568592
araCp,0.16666666666666666,5,5,ACGACTCATCGACAGTAAGT,0,585014
araCp,0.16666666666666666,5,5,ACGACCGTCAGCACCTTGGT,0,585384
araCp,0.16666666666666666,5,5,ACGACCAATTGTGTGTCATT,0,546557
araCp,0.16666666666666666,5,5,ACGAAGCCACAGCACGCAAA,0,572175
araCp,0.16666666666666666,5,5,ACGAAGATATTAGAGATGTT,0,530651
araCp,0.16666666666666666,5,5,ACGAACATTTCATGGAACTG,0,581278
araCp,0.16666666666666666,5,5,ACGAAAAGAGAACGGAAATC,0,583626
araCp,0.16666666666666666,5,5,ACCTTGCCTTCCTCAGGATT,0,561158
araCp,0.16666666666666666,5,5,ACCTCCCGCAAGGGGGGTGC,0,565662
araCp,0.16666666666666666,5,5,ACCTACCGCGGATTACGTCT,0,543992
araCp,0.16666666666666666,5,5,ACCGTTGCGGAGCTCCTCAC,0,541889
araCp,0.16666666666666666,5,5,ACCGTGATGAGGCGGTCTAC,0,590693
araCp,0.16666666666666666,5,5,ACCGTACGTTCGTACAATAC,0,543258
araCp,0.16666666666666666,5,5,ACCGGTCCGCTGGACCCGGA,0,592690
araCp,0.16666666666666666,5,5,ACCGGAACGGGTTTGACCAA,0,551296
araCp,0.16666666666666666,5,5,ACCGATGAGAGCCGATTAGT,0,586343
araCp,0.16666666666666666,5,5,ACCGAAGTACGGTACTTAGT,0,575591
araCp,0.16666666666666666,5,5,ACCCTTCCAGCGAGAGGTTG,0,548305
araCp,0.16666666666666666,5,5,ACCCTGAGAACTGGCTATAC,0,583283
araCp,0.16666666666666666,5,5,ACCCGAGCAAAACCGTACAC,0,559833
araCp,0.16666666666666666,5,5,ACCCCGTTCTGTAGCCCCTA,0,541943
araCp,0.16666666666666666,5,5,ACCCCCTGAAAATCAGGACA,0,582198
araCp,0.16666666666666666,5,5,ACCCCAAGCTGAAGACGTGC,0,560402
araCp,0.16666666666666666,5,5,ACCCAGTAGTGCCAGTAGTA,0,536069
araCp,0.16666666666666666,5,5,ACCCAACTTGTTATGTACGG,0,558282
araCp,0.16666666666666666,5,5,ACCCAACTATACTGATCTAC,0,589605
araCp,0.16666666666666666,5,5,ACCACTGGGGAATCGAGAGG,0,601515
araCp,0.16666666666666666,5,5,ACCACGTTGTAGGTATATCG,0,588952
araCp,0.16666666666666666,5,5,ACCAACTAATAGAATCCGGA,0,598884
araCp,0.16666666666666666,5,5,ACATTGATCTCTCTGCCGGT,0,592893
araCp,0.16666666666666666,5,5,ACATTCTGACCCCTATCGCG,0,598278
araCp,0.16666666666666666,5,5,ACATTCCAAGTATCGGGAGT,0,598398
araCp,0.16666666666666666,5,5,ACATCGTGCCATCCGGGGGC,0,571019
araCp,0.16666666666666666,5,5,ACATAGTGCCCGAATCGCGT,0,592637
araCp,0.16666666666666666,5,5,ACAGGTTCGAGGGGGAACGA,0,542001
araCp,0.16666666666666666,5,5,ACAGGTGACACAGTCATCAA,0,598639
araCp,0.16666666666666666,5,5,ACAGGCTTGTGGCACGGTTC,0,579110
araCp,0.16666666666666666,5,5,ACAGATAGCTGCCTCTAGGC,0,544907
araCp,0.16666666666666666,5,5,ACACTTTTGATCGGGGAATT,0,565283
araCp,0.16666666666666666,5,5,ACACTTTATGTGTCGTTTCT,0,576585
araCp,0.16666666666666666,5,5,ACACTGCAAACCGGCAACAA,0,527613
araCp,0.16666666666666666,5,5,ACACGTTTGTGCCCTACCTA,0,553489
araCp,0.16666666666666666,5,5,ACACGTAACTAAGCTTCACG,0,597521
araCp,0.16666666666666666,5,5,ACACGGCAACGGTCGTAAGT,0,575220
araCp,0.16666666666666666,5,5,ACACAGGGAGATCCAAGCGC,0,528665
araCp,0.16666666666666666,5,5,ACACACAACCATACTTCCGC,0,526768
araCp,0.16666666666666666,5,5,ACACAATAAAACCCGCCACT,0,598429
araCp,0.16666666666666666,5,5,ACAATAGACAGCGGAGTGCG,0,559086
araCp,0.16666666666666666,5,5,ACAATAAGTGATGCGCAATA,0,539755
araCp,0.16666666666666666,5,5,ACAAGTTCAGTGCGCAAGTA,0,530829
araCp,0.16666666666666666,5,5,ACAAGCTGTAACGACCCCTT,0,551552
araCp,0.16666666666666666,5,5,ACAAGCCGGTAGAAGTCTTG,0,556173
araCp,0.16666666666666666,5,5,ACAACTTTAGCATCTGTTTC,0,549607
araCp,0.16666666666666666,5,5,ACAACCCAATTGTTGCACCC,0,530616
araCp,0.16666666666666666,5,5,ACAACATCCAAAGCGTAAGT,0,527325
araCp,0.16666666666666666,5,5,ACAAAAGTGACGACTGGCGG,0,532511
araCp,0.16666666666666666,5,5,ACAAAAAGAAACTTTGGAGG,0,556669
araCp,0.16666666666666666,5,5,AATTTACGAGATTCAGCTAG,0,546334
araCp,0.16666666666666666,5,5,AATGTTTAATGCTAATTCTG,0,561994
araCp,0.16666666666666666,5,5,AATGTCTTCTTTCAAGACCA,0,526006
araCp,0.16666666666666666,5,5,AATGGCTCTGCTGAGTGACT,0,544410
araCp,0.16666666666666666,5,5,AATGGATCCCGACTACCGCG,0,535439
araCp,0.16666666666666666,5,5,AATGCTAAAAAACTGCTAGC,0,555102
araCp,0.16666666666666666,5,5,AATGAGGCCATGTGTAACAG,0,528863
araCp,0.16666666666666666,5,5,AATGAAAGCTGTGACTTTTA,0,586428
araCp,0.16666666666666666,5,5,AATCTTGCGGACCGGAGTGG,0,548850
araCp,0.16666666666666666,5,5,AATCTGTTGTCAAAAGAGGC,0,531641
araCp,0.16666666666666666,5,5,AATCTCATCCTTGGGCTCTT,0,555025
araCp,0.16666666666666666,5,5,AATCGTGCTGGAGACCCTTA,0,538654
araCp,0.16666666666666666,5,5,AATCGGCAACGGGTCCGTCG,0,582733
araCp,0.16666666666666666,5,5,AATCACATCTCCTAAGGGCA,0,579664
araCp,0.16666666666666666,5,5,AATCACAATGTAACGCCTGT,0,529757
araCp,0.16666666666666666,5,5,AATCAAGTATTGATTAACAA,0,546499
araCp,0.16666666666666666,5,5,AATATGGGATTCAGTACCTT,0,563567
araCp,0.16666666666666666,5,5,AATATGATCTGCACAATCGA,0,579801
araCp,0.16666666666666666,5,5,AATATCAGCACGTGGTAAAT,0,552458
araCp,0.16666666666666666,5,5,AATAGTAGATTTGCAAGAGC,0,529793
araCp,0.16666666666666666,5,5,AATAGCAAGCAGTCAACAAG,0,588244
araCp,0.16666666666666666,5,5,AATACCAGGGAGACCCGCGT,0,598294
araCp,0.16666666666666666,5,5,AATACCAGCAGGTATAAAAT,0,595370
araCp,0.16666666666666666,5,5,AATAACCGCTTAGATTGTGT,0,531331
araCp,0.16666666666666666,5,5,AAGTTGAGAGAAATGACCCG,0,572896
araCp,0.16666666666666666,5,5,AAGTCCGGTATAACCCCTCT,0,538936
araCp,0.16666666666666666,5,5,AAGTCACCAGGTGGAAGGGA,0,547384
araCp,0.16666666666666666,5,5,AAGTAGCGATCGCAAATTAT,0,544461
araCp,0.16666666666666666,5,5,AAGTACACCCATATTACAGT,0,585098
araCp,0.16666666666666666,5,5,AAGGTATCGAAGATTCGTCA,0,556427
araCp,0.16666666666666666,5,5,AAGGGTATTTGAGAATCAAC,0,548873
araCp,0.16666666666666666,5,5,AAGGGGCGTGCGTACAACAC,0,527376
araCp,0.16666666666666666,5,5,AAGGGACTCCGTTATCACAA,0,588855
araCp,0.16666666666666666,5,5,AAGGCTTCGCGCAGATCTGG,0,559214
araCp,0.16666666666666666,5,5,AAGGCGGTCTCGGAGATTAG,0,551899
araCp,0.16666666666666666,5,5,AAGGCACGATTCCACTTTAA,0,539345
araCp,0.16666666666666666,5,5,AAGGAGTTTAAGGGGACGAT,0,577087
araCp,0.16666666666666666,5,5,AAGGACAAAGTGGAGGCTAC,0,552853
araCp,0.16666666666666666,5,5,AAGCTTAAATTACCTCATGC,0,552777
araCp,0.16666666666666666,5,5,AAGCGGCCCAATTGACTCTA,0,563570
araCp,0.16666666666666666,5,5,AAGCCGACCTCTGTGGCTGA,0,574782
araCp,0.16666666666666666,5,5,AAGCAGGGTCTGGTTCAAGT,0,529775
araCp,0.16666666666666666,5,5,AAGCACGCTTGGAGCTCTAT,0,539115
araCp,0.16666666666666666,5,5,AAGAGGTAACACGACTTGGT,0,602985
araCp,0.16666666666666666,5,5,AAGAGAGTTTCTTCTTTCAC,0,554783
araCp,0.16666666666666666,5,5,AAGACGGGTTAATGCAATAT,0,549016
araCp,0.16666666666666666,5,5,AAGAATGACCTGAACGCCTC,0,568646
araCp,0.16666666666666666,5,5,AACTTCCCGGGTGTGTCTTC,0,543890
araCp,0.16666666666666666,5,5,AACTGTTGAGACATGAATAC,0,563877
araCp,0.16666666666666666,5,5,AACTGTTATACCCGCTTGCA,0,550522
araCp,0.16666666666666666,5,5,AACTGCGCCTACTAATCTAC,0,572966
araCp,0.16666666666666666,5,5,AACTGACAAGTAAAATAAAA,0,598523
araCp,0.16666666666666666,5,5,AACTCGCCACTGCAGTCGGG,0,539583
araCp,0.16666666666666666,5,5,AACTCGAGGGTTCGGACGAA,0,589089
araCp,0.16666666666666666,5,5,AACTCCGTCACCAGTGAGTC,0,573868
araCp,0.16666666666666666,5,5,AACTAACGACTTACAGTATC,0,588954
araCp,0.16666666666666666,5,5,AACGTCATGGGGAAGTGACG,0,561988
araCp,0.16666666666666666,5,5,AACGTCACGCGTTATGTGAT,0,558241
araCp,0.16666666666666666,5,5,AACGTAGACTAATGTAAATT,0,541205
araCp,0.16666666666666666,5,5,AACGTACAATCCATAACACT,0,540050
araCp,0.16666666666666666,5,5,AACGGTTTATTCGTCCAAGA,0,568289
araCp,0.16666666666666666,5,5,AACGGTGCTGAGTGAATATG,0,568702
araCp,0.16666666666666666,5,5,AACGGCAACTCTATTCGGTA,0,562424
araCp,0.16666666666666666,5,5,AACGCTCTGCTTCACAGACC,0,536138
araCp,0.16666666666666666,5,5,AACGCGCAACTGGGGGCTTA,0,561504
araCp,0.16666666666666666,5,5,AACGATGTCCTCATTTCTAG,0,559755
araCp,0.16666666666666666,5,5,AACGAGACCGCATTAGCGTC,0,584788
araCp,0.16666666666666666,5,5,AACGAATTTCTGGTCAGTGC,0,535317
araCp,0.16666666666666666,5,5,AACCTTATTGAGCAGGGGCG,0,589781
araCp,0.16666666666666666,5,5,AACCGGGGTGGCTTCAGAGG,0,603161
araCp,0.16666666666666666,5,5,AACCGCCGGCTGCTCTTGAC,0,565784
araCp,0.16666666666666666,5,5,AACCGCCCGGAGAAAGCCGA,0,528289
araCp,0.16666666666666666,5,5,AACCGCAAATATTTAATACC,0,552554
araCp,0.16666666666666666,5,5,AACCCTCGCACTACACTTAG,0,544989
araCp,0.16666666666666666,5,5,AACCCTATTACGAAGTCCGT,0,572922
araCp,0.16666666666666666,5,5,AACCCACGTCAGTGATGCAA,0,555055
araCp,0.16666666666666666,5,5,AACCAGTTTTGGGCTGTCCG,0,569392
araCp,0.16666666666666666,5,5,AACCAAGGAGTAGCTTTGGT,0,590627
araCp,0.16666666666666666,5,5,AACCAAGACGTATAGGTTGA,0,546248
araCp,0.16666666666666666,5,5,AACATCGGACCCGGAACGGC,0,529548
araCp,0.16666666666666666,5,5,AACATCCCAAGGAACCATTG,0,565122
araCp,0.16666666666666666,5,5,AACAGCTGTAAGACCCTAGG,0,546211
araCp,0.16666666666666666,5,5,AACACTTTACGTGTATCAAG,0,538616
araCp,0.16666666666666666,5,5,AACACAGGACGGGTACATAT,0,545760
araCp,0.16666666666666666,5,5,AAATTTTCGCTGGCTCGACA,0,562945
araCp,0.16666666666666666,5,5,AAATTGCTCGGGGAATGTTC,0,551661
araCp,0.16666666666666666,5,5,AAATTCAATCAACCTTCTTC,0,552087
araCp,0.16666666666666666,5,5,AAATTAAGAGGAGCCTCAGG,0,545333
araCp,0.16666666666666666,5,5,AAATGTGAGATATTACCGTG,0,530772
araCp,0.16666666666666666,5,5,AAATGCGACCATAGGGAGTG,0,597535
araCp,0.16666666666666666,5,5,AAATGCAGGGGATCTCGTCT,0,570589
araCp,0.16666666666666666,5,5,AAATCTTCCTCATACGGTAG,0,596530
araCp,0.16666666666666666,5,5,AAATCTCAAGAAGGCTTAGT,0,585350
araCp,0.16666666666666666,5,5,AAATCGTCATAGTAGGCTAT,0,552116
araCp,0.16666666666666666,5,5,AAATCCACATTATCCTTGGT,0,600906
araCp,0.16666666666666666,5,5,AAATCAGTGTCTGGTTCAAA,0,530381
araCp,0.16666666666666666,5,5,AAATCAAGACCTGAGAAAAC,0,543063
araCp,0.16666666666666666,5,5,AAATAGGCTGGTACCATGGT,0,590576
araCp,0.16666666666666666,5,5,AAAGGGTCTAGCTACCCAGC,0,542141
araCp,0.16666666666666666,5,5,AAAGCTGGTCCTAGGCTGTT,0,600449
araCp,0.16666666666666666,5,5,AAAGCGGTGACTGACCTCAT,0,572020
araCp,0.16666666666666666,5,5,AAAGCGAGACATGCCTTGCG,0,599816
araCp,0.16666666666666666,5,5,AAACTTTGCCCCAATTCGGT,0,563596
araCp,0.16666666666666666,5,5,AAACTTTCTCATGATTGACT,0,564905
araCp,0.16666666666666666,5,5,AAACGTGGCTTTAATAACAA,0,546691
araCp,0.16666666666666666,5,5,AAACGCACGAGTTGCTAAAT,0,589069
araCp,0.16666666666666666,5,5,AAACGCACACCCTGTGGAGG,0,535596
araCp,0.16666666666666666,5,5,AAACATGATCGCGGGGCACA,0,582872
araCp,0.16666666666666666,5,5,AAAATGGTCCTGGACGTATT,0,573957
araCp,0.16666666666666666,5,5,AAAAGGTTTCGTATTAATTC,0,543780
araCp,0.16666666666666666,5,5,AAAAGGGTGACTATCACAGG,0,540225
araCp,0.16666666666666666,5,5,AAAAGCCATCGTGACTCTAC,0,546289
araCp,0.16666666666666666,5,5,AAAAGCAGGGTTCGGAACAA,0,548973
araCp,0.16666666666666666,5,5,AAAACTTCCGGATGGTTCCT,0,538799
araCp,0.16666666666666666,5,5,AAAACTGATTACGGTAATCG,0,555532
araCp,0.16666666666666666,5,5,AAAACTCATCTAGCCGCTGG,0,552968
araCp,0.16666666666666666,5,5,AAAAATTATTGGGCGGATCC,0,570770
araCp,0.16666666666666666,5,5,AAAAATCGCTTAACAAGAGC,0,562513
araCp,0.16666666666666666,5,5,AAAAACCCCCTGACACGCAT,0,550696
araCp,0.2,4,4,TTTTTCAGGAATCACCTACA,0,597625
araCp,0.2,4,4,TTTTGAGTTGACATGCAGCC,0,538643
araCp,0.2,4,4,TTTTCGGTGCTACGAAATTG,0,536827
araCp,0.2,4,4,TTTTCCACGCCCCGCCTCTG,0,546635
araCp,0.2,4,4,TTTTAGCTCATTCTGGTTTA,0,579380
araCp,0.2,4,4,TTTTAGAAAACAGAGCGGTC,0,543259
araCp,0.2,4,4,TTTGTGTAACACAGGTAGCA,0,579312
araCp,0.2,4,4,TTTGTACCCAGTCATATTGT,0,566681
araCp,0.2,4,4,TTTGGTATTATATGCGAGGA,0,555956
araCp,0.2,4,4,TTTGGTACCGGATGTTGCCC,0,603632
araCp,0.2,4,4,TTTGGGTGAATATTAGCCAA,0,536346
araCp,0.2,4,4,TTTGGGCTTCGATGTGCAAG,0,533947
araCp,0.2,4,4,TTTGGGCGTCTTCGGTATGT,0,540424
araCp,0.2,4,4,TTTGGGCAACCTCGGTCGGA,0,571073
araCp,0.2,4,4,TTTGGATGACACCGGTGTCC,0,535496
araCp,0.2,4,4,TTTGGATACTATATGATTCT,0,600369
araCp,0.2,4,4,TTTGCTCTGAAACGCAGTTC,0,550613
araCp,0.2,4,4,TTTCTTCTGGGGTTAACTTA,0,597145
araCp,0.2,4,4,TTTCTACTAAACGGACTCTG,0,581474
araCp,0.2,4,4,TTTCGTATATCCACTAAGAC,0,574947
araCp,0.2,4,4,TTTCGGCAATCCACTGACCT,0,540286
araCp,0.2,4,4,TTTCGCCTAACCCTAAAATG,0,565236
araCp,0.2,4,4,TTTCCGTGCGTCTCGGCCAC,0,570132
araCp,0.2,4,4,TTTCCAGCCCGGTGGTTCAG,0,592455
araCp,0.2,4,4,TTTCATGCCTCGGTCATAAA,0,591186
araCp,0.2,4,4,TTTCACACGTGAGGCGACCA,0,571178
araCp,0.2,4,4,TTTATGGATTCTGTCTGAGT,0,574270
araCp,0.2,4,4,TTTAGTTAGTTCTTCACATA,0,545761
araCp,0.2,4,4,TTTAGGTATTTGATGTCACA,0,559318
araCp,0.2,4,4,TTTAGCCGATCGGCCAATCT,0,575225
araCp,0.2,4,4,TTTACGTATCTATCTAGTGG,0,573428
araCp,0.2,4,4,TTTAACAAGATTTTAGGATA,0,600138
araCp,0.2,4,4,TTTAAAACGTGTGCACTTCT,0,570954
araCp,0.2,4,4,TTGTTATGAGAGTCTAGTAG,0,563559
araCp,0.2,4,4,TTGTTACCGGTTCCGATTAT,0,584364
araCp,0.2,4,4,TTGTGCCAGGCATACGGATA,0,535738
araCp,0.2,4,4,TTGTGACGTAGTCGTAGTGT,0,541809
araCp,0.2,4,4,TTGTCTTTGTAAGGACACGG,0,556505
araCp,0.2,4,4,TTGTCCCGCCCTGACCGTAG,0,531373
araCp,0.2,4,4,TTGTCAGTGCAAGCTTTCTT,0,595159
araCp,0.2,4,4,TTGTCAGTCCCTCGGCTGAA,0,555036
araCp,0.2,4,4,TTGTCAACCGGTAAAACGAG,0,599962
araCp,0.2,4,4,TTGTATAGTGAAATGCACTC,0,532840
araCp,0.2,4,4,TTGTAGACGATAGGGATGAA,0,543154
araCp,0.2,4,4,TTGTAAGGGGTACCTTTGGG,0,540668
araCp,0.2,4,4,TTGTAAACCAGGGAGATAAG,0,582337
araCp,0.2,4,4,TTGGTGTACTAGCCCGAAGA,0,553906
araCp,0.2,4,4,TTGGTAAACAAGTAGATGCC,0,571164
araCp,0.2,4,4,TTGGGTCCAGATTTTATGAT,0,547912
araCp,0.2,4,4,TTGGGGCAACTTCATCCATT,0,600434
araCp,0.2,4,4,TTGGGGAAAAACGATTAATT,0,542288
araCp,0.2,4,4,TTGGCTGGCCCAAGCCGGAT,0,544925
araCp,0.2,4,4,TTGGCGAGCGTTTCGCCCCA,0,530124
araCp,0.2,4,4,TTGGCCAGAGTAGGAATTTG,0,574495
araCp,0.2,4,4,TTGGAACCCACCAGGTCAGA,0,531735
araCp,0.2,4,4,TTGCTTAAGCATGAACAGTG,0,600564
araCp,0.2,4,4,TTGCTACCATACTTCATGGG,0,546018
araCp,0.2,4,4,TTGCGCGGCCTTGAAGCTAT,0,530180
araCp,0.2,4,4,TTGCCCTAGGGTCTACCAGG,0,533365
araCp,0.2,4,4,TTGCATATAAGCAAAGTAAG,0,584320
araCp,0.2,4,4,TTGCAATTTGCGTCACGTTT,0,580336
araCp,0.2,4,4,TTGCAATGATCGCGTTCGCG,0,592450
araCp,0.2,4,4,TTGCAATCTGAGTTGGCACT,0,525583
araCp,0.2,4,4,TTGCAACTACTGTAACAATG,0,563489
araCp,0.2,4,4,TTGCAAATCGCTTGGGATTC,0,563043
araCp,0.2,4,4,TTGATTCGCATACATAACTC,0,540947
araCp,0.2,4,4,TTGATCGTTGACACAATCCG,0,573731
araCp,0.2,4,4,TTGAGCAAGGCATCGGACAT,0,537696
araCp,0.2,4,4,TTGACTGGTAGGGACATCCT,0,579321
araCp,0.2,4,4,TTGACGGAGCGGTTATTTCG,0,545029
araCp,0.2,4,4,TTGACAAACTCGCTAATAGC,0,543961
araCp,0.2,4,4,TTGAAGGGAGGGCTATTCTA,0,546500
araCp,0.2,4,4,TTGAACTCATTCCATGGGCA,0,579527
araCp,0.2,4,4,TTGAACTAAACTGAGTGATG,0,579264
araCp,0.2,4,4,TTGAACGGTTTTTCGGAGTT,0,587405
araCp,0.2,4,4,TTGAACCTGGAACTTACTCA,0,564555
araCp,0.2,4,4,TTGAACCGGCCGCGGCACAT,0,572383
araCp,0.2,4,4,TTCTTGGTTTAAACGGGTTC,0,532937
araCp,0.2,4,4,TTCTTAGAACGGCCGTATCT,0,590290
araCp,0.2,4,4,TTCTATTTTGGGTGAATGCC,0,528786
araCp,0.2,4,4,TTCTACTGTAGGAGCCAAAG,0,592106
araCp,0.2,4,4,TTCGTTATCTGTTGCGCACA,0,575029
araCp,0.2,4,4,TTCGTTAGTCCGAGACCGCC,0,561416
araCp,0.2,4,4,TTCGTCTGGATCGCAGTCAC,0,584692
araCp,0.2,4,4,TTCGGGTGCACGACTGGTTT,0,543287
araCp,0.2,4,4,TTCGGCGGAGGGCCACAACT,0,539124
araCp,0.2,4,4,TTCGGCATGTCGGGTGGCAC,0,563718
araCp,0.2,4,4,TTCGGATGTGGCACCTTATG,0,555544
araCp,0.2,4,4,TTCGGATACGATGTGAAAGG,0,535412
araCp,0.2,4,4,TTCGGAAACTACCGAAAGTC,0,537498
araCp,0.2,4,4,TTCGCTAGCGACACGTACAT,0,551402
araCp,0.2,4,4,TTCGATCTGGTAGATCTTCT,0,573917
araCp,0.2,4,4,TTCGATAAGCCTGTCAATAG,0,586077
araCp,0.2,4,4,TTCGAGAAGTACAAGGAACG,0,570501
araCp,0.2,4,4,TTCGAACAATGGGTATGGCA,0,583237
araCp,0.2,4,4,TTCGAAACACCGACGGTCCC,0,532665
araCp,0.2,4,4,TTCCTTCGTTTAGCTGGGCT,0,549854
araCp,0.2,4,4,TTCCTTACCGCTCCTGATCG,0,544134
araCp,0.2,4,4,TTCCTGAGGTAAGCCAAAAT,0,595934
araCp,0.2,4,4,TTCCTACTAGGGGGCACAAA,0,602292
araCp,0.2,4,4,TTCCGATGATCGCCGTAGTC,0,566488
araCp,0.2,4,4,TTCCCGTGCCAGTGCCAGAG,0,585641
araCp,0.2,4,4,TTCCAGGTAGCTGTAATCCC,0,556455
araCp,0.2,4,4,TTCCAACGAGTTGGTGTGTA,0,543771
araCp,0.2,4,4,TTCATGCTGGGACCAAGGGC,0,587933
araCp,0.2,4,4,TTCATATGTTAAGCCTAACA,0,537951
araCp,0.2,4,4,TTCATATCCGATACGCATAT,0,581769
araCp,0.2,4,4,TTCAGCTTCCGGACCGGCGG,0,601588
araCp,0.2,4,4,TTCAGCGTCACAATGATATC,0,576856
araCp,0.2,4,4,TTCAATGTATTTCATATATC,0,602469
araCp,0.2,4,4,TTCAAGTAGGCCATACATCC,0,536540
araCp,0.2,4,4,TTATTTGTGGCGTGTAAAGA,0,567993
araCp,0.2,4,4,TTATTTGCAGTCGCGCGCGC,0,574742
araCp,0.2,4,4,TTATTATTGGATTCAGAGTA,0,536923
araCp,0.2,4,4,TTATCCACCACGTCCAGAAG,0,551512
araCp,0.2,4,4,TTATCACAACTGCACGGAAT,0,543373
araCp,0.2,4,4,TTATATCCCATCACCAGCAA,0,585017
araCp,0.2,4,4,TTATACCGAAAAGGAAGCTC,0,527138
araCp,0.2,4,4,TTATAAGCATCCCGCAAAAA,0,558007
araCp,0.2,4,4,TTAGTTCCCTCAAAGAGTTA,0,556211
araCp,0.2,4,4,TTAGGTGTTCGTATTAGGAC,0,576248
araCp,0.2,4,4,TTAGGATGTGTTTGGACAAT,0,584849
araCp,0.2,4,4,TTAGATATGGGTAGGGCATT,0,543887
araCp,0.2,4,4,TTAGACATTCGACAGTAGAT,0,526518
araCp,0.2,4,4,TTAGAAAACTGCTATAAACG,0,593079
araCp,0.2,4,4,TTACTATATTCGGGTTCCGC,0,572882
araCp,0.2,4,4,TTACTAAATAATATTTATGC,0,597286
araCp,0.2,4,4,TTACGAAGAGGTCGCGAGTG,0,542299
araCp,0.2,4,4,TTACCGCGATCCATATCTTC,0,567472
araCp,0.2,4,4,TTACCCGCGCAGAACAGAGG,0,538208
araCp,0.2,4,4,TTACATTACCTATACCAGAC,0,526203
araCp,0.2,4,4,TTACAGTTCGGGAGATCTAG,0,540991
araCp,0.2,4,4,TTACAACGTTTACATGCGAA,0,599814
araCp,0.2,4,4,TTAATTGGGGGGTTATACCT,0,567964
araCp,0.2,4,4,TTAATTACCACTACAGGGGG,0,543670
araCp,0.2,4,4,TTAATAACCCATCCGTCATT,0,572428
araCp,0.2,4,4,TTAAGGTTGATACTATTGTA,0,525998
araCp,0.2,4,4,TTAAGGGCATCTCTAAGTAG,0,563710
araCp,0.2,4,4,TTAAGCGCAGCGCAGCAAAA,0,570828
araCp,0.2,4,4,TTAACGATTCAAAATGAGGG,0,545896
araCp,0.2,4,4,TTAACATAAATGAAGCTGAT,0,532436
araCp,0.2,4,4,TTAAACTTGACATGCGCTCC,0,592954
araCp,0.2,4,4,TGTTTTTCGTCCCCTGGCAA,0,549473
araCp,0.2,4,4,TGTTGTAAAGGGGCTTGGGA,0,596794
araCp,0.2,4,4,TGTTGGGGGCAACCTATTAA,0,580088
araCp,0.2,4,4,TGTTCGCAAAATGTTTGAGC,0,591158
araCp,0.2,4,4,TGTTCAACTAACAAGTCGAA,0,532367
araCp,0.2,4,4,TGTTATCCAGGGAACGGGTT,0,562564
araCp,0.2,4,4,TGTTATAATGAATTTGTATT,0,600680
araCp,0.2,4,4,TGTTAGTAGCAGGTTGAAAA,0,564562
araCp,0.2,4,4,TGTTAGGCGCGCCATTAGAA,0,584176
araCp,0.2,4,4,TGTGTTTAATCGACAAAGTT,0,527063
araCp,0.2,4,4,TGTGTTATTTCCCTTGGCCC,0,538581
araCp,0.2,4,4,TGTGTGCAGCCAGTACGGGT,0,528732
araCp,0.2,4,4,TGTGGTGTACGCGAATAAGG,0,564717
araCp,0.2,4,4,TGTGGCCCCGAGACCCGGCG,0,529515
araCp,0.2,4,4,TGTGCTTGAGAATCGTGACT,0,570083
araCp,0.2,4,4,TGTGCTACTGACCGCAAAAA,0,565032
araCp,0.2,4,4,TGTGCCGGGTTGAATGTGGG,0,529947
araCp,0.2,4,4,TGTGCATATACTTCTGGGCG,0,574960
araCp,0.2,4,4,TGTGATTTATGATATTCAAA,0,555344
araCp,0.2,4,4,TGTGAGTTAAGCTCCCACAA,0,549480
araCp,0.2,4,4,TGTGAAATTATAGCGGTTAC,0,586460
araCp,0.2,4,4,TGTCGGGTCTTCAAGCCCGG,0,571084
araCp,0.2,4,4,TGTCGGCCTTACTCTCGGGG,0,550619
araCp,0.2,4,4,TGTCGGCAGCTGGCACTCGG,0,582714
araCp,0.2,4,4,TGTCGCTCTTATCTTCGATT,0,580067
araCp,0.2,4,4,TGTCGATGGTTGGAAGGCAA,0,533337
araCp,0.2,4,4,TGTCCGACTCACGCGCATAC,0,559370
araCp,0.2,4,4,TGTCATGCTCCAAAGTGAGG,0,526602
araCp,0.2,4,4,TGTATTGGAGGATAAGGCGA,0,536477
araCp,0.2,4,4,TGTAGTCATTGTTACAGAAT,0,565225
araCp,0.2,4,4,TGTAGGATACAACGGCGAGT,0,529649
araCp,0.2,4,4,TGTAAGGAGCTTGTAAACAG,0,530823
araCp,0.2,4,4,TGGTTGTCGCTGTCCGAGCT,0,549398
araCp,0.2,4,4,TGGTTGCCTGAATAGTAGTA,0,574105
araCp,0.2,4,4,TGGTTACTTCGTGGGGGTCT,0,553792
araCp,0.2,4,4,TGGTGGGTAGAAGGAGCAAT,0,545522
araCp,0.2,4,4,TGGTCGCGTGTACCCGCGTC,0,541117
araCp,0.2,4,4,TGGTATAAGCACGCGCGATT,0,587781
araCp,0.2,4,4,TGGTACTTCCCGTCGATCGG,0,541001
araCp,0.2,4,4,TGGTAACTTCCACGGGACCA,0,528675
araCp,0.2,4,4,TGGGTCGCCCGGATGTTCGT,0,585073
araCp,0.2,4,4,TGGGTATCGTACAGGATAGA,0,601544
araCp,0.2,4,4,TGGGGGGTTTCCGCGAACGC,0,566000
araCp,0.2,4,4,TGGGGCGGAAAGTTAGGTAG,0,542555
araCp,0.2,4,4,TGGGGCGATACCATGGGATA,0,555713
araCp,0.2,4,4,TGGGGACCATATCGGGATTC,0,581509
araCp,0.2,4,4,TGGGATCACAGGTCTTTACG,0,569532
araCp,0.2,4,4,TGGGACGCAGAAAGTGGGAT,0,530105
araCp,0.2,4,4,TGGGAACGGACATTTCGGAC,0,526459
araCp,0.2,4,4,TGGCTCTGCCACTGACTGTC,0,532386
araCp,0.2,4,4,TGGCTCCGACCACTGTAGGT,0,589120
araCp,0.2,4,4,TGGCGTCATGCAGTATCCAT,0,584399
araCp,0.2,4,4,TGGCGGCGTCTAGTACGTTG,0,564680
araCp,0.2,4,4,TGGCGCGGCGCGCTTAATAC,0,536769
araCp,0.2,4,4,TGGCCCTGTGCCTGTCCGAT,0,539668
araCp,0.2,4,4,TGGCCCTGACTGTGTGGTCT,0,531171
araCp,0.2,4,4,TGGCCATATTCAAATCGGCA,0,532666
araCp,0.2,4,4,TGGCCAACGTAGATACCCGT,0,602199
araCp,0.2,4,4,TGGCAGGGTGAGGTGAATAG,0,556007
araCp,0.2,4,4,TGGCACAAATGCAACGGCAT,0,589451
araCp,0.2,4,4,TGGCAAAGCCCATATATGTA,0,573828
araCp,0.2,4,4,TGGAGTGGGTGGAGGTTATA,0,593054
araCp,0.2,4,4,TGGAGGGCGGCCAAGATCTT,0,549244
araCp,0.2,4,4,TGGACCGTCACGGAGTGCTT,0,568638
araCp,0.2,4,4,TGGAAGTACGAGGACACTCA,0,543821
araCp,0.2,4,4,TGGAAATCTCATTCTACTGA,0,537789
araCp,0.2,4,4,TGCTATGGGTCTTGTAAGAG,0,544598
araCp,0.2,4,4,TGCGTTATTTTTCCCGCGTG,0,589329
araCp,0.2,4,4,TGCGCTTAATGGTACGTCTT,0,548918
araCp,0.2,4,4,TGCGCTACGGGACGAGAATA,0,598886
araCp,0.2,4,4,TGCGCATTGGTTACGCTGAA,0,543415
araCp,0.2,4,4,TGCGAGAGGGACGCAAATGT,0,581346
araCp,0.2,4,4,TGCGAACTATAGGGCCACCC,0,529585
araCp,0.2,4,4,TGCCTCATTATGAATCTAAT,0,580422
araCp,0.2,4,4,TGCCGTAACAGGCAACAGAC,0,534197
araCp,0.2,4,4,TGCCGAAGTGAAGTCCAGGC,0,535306
araCp,0.2,4,4,TGCCCCGGCCACCGGTCAAT,0,593616
araCp,0.2,4,4,TGCCAGCGATGTTGTGCTTA,0,591172
araCp,0.2,4,4,TGCCAAACACGGTGGGATAA,0,529115
araCp,0.2,4,4,TGCAGGGGAAGTCGGTCATG,0,569241
araCp,0.2,4,4,TGCACGGCCGTATTTCACGT,0,539607
araCp,0.2,4,4,TGCAATCCATGTTGGGCTGT,0,591410
araCp,0.2,4,4,TGATGTTTGGCTCATAAGTT,0,536550
araCp,0.2,4,4,TGATGCCCCGTCACAGAACA,0,554469
araCp,0.2,4,4,TGATCAGCGGAAGGAGTGAG,0,595561
araCp,0.2,4,4,TGATCAGCATCTGCTATGAT,0,593246
araCp,0.2,4,4,TGATCAAGTGCCAGAGGACC,0,588570
araCp,0.2,4,4,TGAGTGACATTCAGAGTATC,0,578866
araCp,0.2,4,4,TGAGTCAATACCACACATGA,0,603079
araCp,0.2,4,4,TGAGGGTGGAACCGAGGGTT,0,570509
araCp,0.2,4,4,TGAGGGGAGAGCTTGTTCGA,0,595917
araCp,0.2,4,4,TGAGCTGCCGGGAAGCATTA,0,581851
araCp,0.2,4,4,TGAGCTGCATCAACTCAAAG,0,599462
araCp,0.2,4,4,TGAGCGAATTCTATGGCCAT,0,585220
araCp,0.2,4,4,TGAGAGATCTGTGTTAATGA,0,554518
araCp,0.2,4,4,TGACTGCTAAGACTCAGTTT,0,549474
araCp,0.2,4,4,TGACGGGTTGCAGGGTCAAT,0,590801
araCp,0.2,4,4,TGACGAAACCGTACTTTTCA,0,547455
araCp,0.2,4,4,TGAAGTCGATTAAAGCTATA,0,559457
araCp,0.2,4,4,TGAAGGTCAAAAAAAATCCT,0,591723
araCp,0.2,4,4,TGAACTTAGGCGATTCCCGC,0,581243
araCp,0.2,4,4,TGAACTGTTGCAGCAAATTT,0,582265
araCp,0.2,4,4,TGAAAAGCACGACACACCCG,0,548300
araCp,0.2,4,4,TCTTTTGGTATATACAGGGG,0,546793
araCp,0.2,4,4,TCTTTGGCGTCTTAGACAAT,0,584501
araCp,0.2,4,4,TCTTTGGACGGATATGTTAG,0,570034
araCp,0.2,4,4,TCTTTGCGTCGAATAGACGA,0,544456
araCp,0.2,4,4,TCTTCTCTTGACAGCACCTG,0,531788
araCp,0.2,4,4,TCTTCGGTTTACAAGGCAAT,0,542214
araCp,0.2,4,4,TCTTCACTTTCCATTTTCCA,0,551486
araCp,0.2,4,4,TCTTAGCGGGCGGCAAGGGC,0,559781
araCp,0.2,4,4,TCTGTGATTACAATTGCCAT,0,583784
araCp,0.2,4,4,TCTGGTTCAAGGCTCGGCTT,0,553056
araCp,0.2,4,4,TCTGGCACATGGTAGCCATT,0,555298
araCp,0.2,4,4,TCTCTCGCCATGCGTAAACA,0,596880
araCp,0.2,4,4,TCTCTCAACGAGGCGGAGGA,0,545980
araCp,0.2,4,4,TCTCTAGGTGATCCCTCTTG,0,547814
araCp,0.2,4,4,TCTCTACTAGCAATTACCAC,0,531806
araCp,0.2,4,4,TCTCGCCTGACCCCATTTCA,0,550912
araCp,0.2,4,4,TCTCCTGGGCAAAGACGTTT,0,552797
araCp,0.2,4,4,TCTCCGGTAATACTATGCGA,0,589382
araCp,0.2,4,4,TCTCCGCATTCTAAATAAGT,0,595074
araCp,0.2,4,4,TCTCATGTTTTAAGACTTCT,0,583302
araCp,0.2,4,4,TCTCATGTTGCGTATTGCCT,0,559517
araCp,0.2,4,4,TCTCACTGCAACTTCTACAC,0,552776
araCp,0.2,4,4,TCTCACGTCAGAGTAAACCA,0,554253
araCp,0.2,4,4,TCTATATGCATCATCCCGGA,0,582239
araCp,0.2,4,4,TCTAGAGGACCGCTCCTGGA,0,543274
araCp,0.2,4,4,TCTACCAATGCGACGTTGGT,0,533175
araCp,0.2,4,4,TCTAATTGACCATATAGTCC,0,536678
araCp,0.2,4,4,TCTAACCGACCAACGAGTTC,0,559204
araCp,0.2,4,4,TCTAAACTAAGATCAGGCAT,0,564110
araCp,0.2,4,4,TCGTTTATGCGCCAAAAGTC,0,528172
araCp,0.2,4,4,TCGTTGGGGTACAATAGGCC,0,596645
araCp,0.2,4,4,TCGTGCCTCCCCTGGGCGAG,0,536674
araCp,0.2,4,4,TCGTGAGGGCCGACCGGTCT,0,566075
araCp,0.2,4,4,TCGTGAGAGCGTCTAAGGTC,0,595085
araCp,0.2,4,4,TCGTCGCGGTCGTCGCCGGA,0,530841
araCp,0.2,4,4,TCGTCCACTTTGGGGCCTGA,0,580389
araCp,0.2,4,4,TCGGTAACTATTACGTTAAC,0,552056
araCp,0.2,4,4,TCGGGGTTTCCATCGACGCA,0,564712
araCp,0.2,4,4,TCGGGCTCCCGTCCGCGCCC,0,562602
araCp,0.2,4,4,TCGGGCTACCCCGGCTTATC,0,578452
araCp,0.2,4,4,TCGGGATGCGAGTGATATAC,0,556344
araCp,0.2,4,4,TCGGGAATTTGAATGCGAAC,0,542201
araCp,0.2,4,4,TCGGCTCACGTAGGTATAAT,0,539952
araCp,0.2,4,4,TCGGCAGGGAGATAGGAGAT,0,591814
araCp,0.2,4,4,TCGGCAGCTAGCCAGCATAT,0,564131
araCp,0.2,4,4,TCGGCAAGCATTATAAGACC,0,578755
araCp,0.2,4,4,TCGCTTGCAGACTCACATCC,0,544218
araCp,0.2,4,4,TCGCTGTAAATCGTCGGTGT,0,555705
araCp,0.2,4,4,TCGCTGACGTCGCTGCCTAG,0,537033
araCp,0.2,4,4,TCGCTGAAGGCCGCCCATCT,0,578633
araCp,0.2,4,4,TCGCTCCATACTACCCTCGT,0,559415
araCp,0.2,4,4,TCGCGTTCAATGGTGTCTAC,0,575840
araCp,0.2,4,4,TCGCGTGGCCACACCATTAT,0,552698
araCp,0.2,4,4,TCGCGCTCCAACACGGCCTT,0,548937
araCp,0.2,4,4,TCGCGCTACATTGTACACAC,0,554717
araCp,0.2,4,4,TCGCGCGGAAGGTGAGGTCT,0,561466
araCp,0.2,4,4,TCGCGCCTCGGATGAGTTTT,0,602980
araCp,0.2,4,4,TCGCCTTCCAGAAACGCCTT,0,600700
araCp,0.2,4,4,TCGCCATCGGATGCAACGTG,0,595380
araCp,0.2,4,4,TCGCACGGTGGTTAGCGAAA,0,569150
araCp,0.2,4,4,TCGATATTATCTAGCGTTCT,0,566017
araCp,0.2,4,4,TCGATACGTTACCTCCGATC,0,526079
araCp,0.2,4,4,TCGAGCTACGTTCTATTATA,0,586398
araCp,0.2,4,4,TCGACTCCCCGTAACTGTAT,0,593405
araCp,0.2,4,4,TCGACGAATAGGTAATGTGG,0,528070
araCp,0.2,4,4,TCGACACCGCGAAATTGGAC,0,538150
araCp,0.2,4,4,TCGAATCCGCCAGATTTGCA,0,556218
araCp,0.2,4,4,TCGAAGTAGATTATTGTGTT,0,554027
araCp,0.2,4,4,TCCTTTGGGCAGTATGGTGA,0,535998
araCp,0.2,4,4,TCCTTCAACGCTAACCTTCA,0,587108
araCp,0.2,4,4,TCCTTAGTGGCTATCAACCT,0,564732
araCp,0.2,4,4,TCCTTAACCTGTCATAACTT,0,575741
araCp,0.2,4,4,TCCTATATTTGTGATATTTG,0,532501
araCp,0.2,4,4,TCCTAAAACTATAGCGAGCC,0,569894
araCp,0.2,4,4,TCCGTGCGTCTGAGCAGATC,0,572340
araCp,0.2,4,4,TCCGGGTGGTAGTGGGCTCG,0,556811
araCp,0.2,4,4,TCCCTCGCTATTATGGCCAT,0,537353
araCp,0.2,4,4,TCCCAGGGACCAGATGAGGT,0,556008
araCp,0.2,4,4,TCCATTTCGGGCAATACACT,0,576184
araCp,0.2,4,4,TCCAACCCACAGGGGGGTCA,0,585848
araCp,0.2,4,4,TCATTAACGACACGCTAATG,0,571085
araCp,0.2,4,4,TCATCTACCATGAATACAGC,0,533624
araCp,0.2,4,4,TCATCGCGCCATATCTATGC,0,588266
araCp,0.2,4,4,TCATCCTTCTTGAACCAACA,0,540566
araCp,0.2,4,4,TCATCCGCTGGGTGCGCGTA,0,546501
araCp,0.2,4,4,TCATATGAAGCAAACTGGTA,0,552995
araCp,0.2,4,4,TCAGTGAGGTTAACTATTAT,0,554886
araCp,0.2,4,4,TCAGTACATGCGGCGCGGAT,0,532048
araCp,0.2,4,4,TCAGCACCCAAGATATTCAT,0,577290
araCp,0.2,4,4,TCAGAGTGCAGTCACTAACG,0,545470
araCp,0.2,4,4,TCACTCATGGCTCCCGTAGT,0,564639
araCp,0.2,4,4,TCACGTTTTTTGAGGCGCCT,0,584854
araCp,0.2,4,4,TCACGGACTTGGAACTGCAG,0,570024
araCp,0.2,4,4,TCACGCTTGGAGGAGCTGTT,0,587369
araCp,0.2,4,4,TCACCTTAGTGGTGTTCGTC,0,585497
araCp,0.2,4,4,TCACCTGAGCGTGCTACTAT,0,590623
araCp,0.2,4,4,TCACCCAATGGCTTCAATTG,0,569264
araCp,0.2,4,4,TCACATGCATTAGCGCGGGG,0,581797
araCp,0.2,4,4,TCACATCCTGTTGACACGAT,0,559908
araCp,0.2,4,4,TCAATGGAGTATCAGCGTCC,0,560132
araCp,0.2,4,4,TCAATCAGGCAGACCCTGGT,0,594533
araCp,0.2,4,4,TCAATACATGACTCCTGCAA,0,548983
araCp,0.2,4,4,TCAAGTCACTTGGGCGGGGG,0,601950
araCp,0.2,4,4,TCAAGCATATAGTCCAGAAA,0,601454
araCp,0.2,4,4,TCAACCGGTGAATTTCGTGA,0,584271
araCp,0.2,4,4,TCAAATGCGCGTCCGGGAAA,0,582387
araCp,0.2,4,4,TCAAAATGGGCAATAGATGA,0,566326
araCp,0.2,4,4,TATTTTGCACATGCCATATA,0,593587
araCp,0.2,4,4,TATTTGTGCCTGAGCTAATC,0,598202
araCp,0.2,4,4,TATTGTTAAAAAAGCAAATC,0,526265
araCp,0.2,4,4,TATTGGTCTCGTTGCGTTCC,0,541685
araCp,0.2,4,4,TATTGGATTTCGGAGTCTCG,0,582458
araCp,0.2,4,4,TATTGACAGTATTTTATCGC,0,536492
araCp,0.2,4,4,TATTCTGGCAACCTCGAACA,0,529246
araCp,0.2,4,4,TATTCCCAGTGGGACGCTAC,0,578654
araCp,0.2,4,4,TATTAAGACTGTCATGCCAG,0,560868
araCp,0.2,4,4,TATGTTCGTCCTGGGGATGT,0,572832
araCp,0.2,4,4,TATGTCTTAGTCGCCAATAA,0,540949
araCp,0.2,4,4,TATGTATGGCTGTGCTGCTC,0,525608
araCp,0.2,4,4,TATGCTTCACTCTCCCCGTA,0,564348
araCp,0.2,4,4,TATGCTACGGACACGAAGAT,0,534794
araCp,0.2,4,4,TATGCGCGTGCGGACTGCAG,0,602233
araCp,0.2,4,4,TATGCCAGCAGCGGGTAGGG,0,563883
araCp,0.2,4,4,TATGCATAGGAGGAGCCGTG,0,558055
araCp,0.2,4,4,TATGCAAATCTAGGTCTCCA,0,581587
araCp,0.2,4,4,TATGAGCCCGAGCGAGGCTC,0,564305
araCp,0.2,4,4,TATCGTTGCGCACCCCGATT,0,571268
araCp,0.2,4,4,TATCGTGACGGAAATAACAG,0,587944
araCp,0.2,4,4,TATCGCACCCGCCCCTGGGA,0,539108
araCp,0.2,4,4,TATATGCGGGGCATTACTAA,0,530070
araCp,0.2,4,4,TATACGTCTTCCCCTAATAT,0,563019
araCp,0.2,4,4,TATACAGTGGACTATGCGGT,0,602547
araCp,0.2,4,4,TATACAAGTGACCATCCTGT,0,541524
araCp,0.2,4,4,TATAATTTTCCTCGTACGAG,0,583135
araCp,0.2,4,4,TAGTTTGGATGCCCGCCTCG,0,558013
araCp,0.2,4,4,TAGGTTTCAGTAGTTAGTTC,0,588374
araCp,0.2,4,4,TAGGTTGAATCAGTACATTA,0,597412
araCp,0.2,4,4,TAGGTGGGCATAGGTGCGTT,0,554628
araCp,0.2,4,4,TAGGTGAGGAAAGTGTGCTA,0,558995
araCp,0.2,4,4,TAGGTCATACCAGCGAATGC,0,545976
araCp,0.2,4,4,TAGGGGCTATAAATGTAGAG,0,567144
araCp,0.2,4,4,TAGGCTTATGTTCGAGTCAT,0,550351
araCp,0.2,4,4,TAGGCGTGACATTCTTAAAA,0,591869
araCp,0.2,4,4,TAGGCATGGGACGCAGTACT,0,563551
araCp,0.2,4,4,TAGGCATCGGGTTGCGTCCT,0,588295
araCp,0.2,4,4,TAGGATCAAGAAGGTCGAGG,0,537307
araCp,0.2,4,4,TAGGACGGGATCGAGTGCAT,0,549324
araCp,0.2,4,4,TAGGACAGCAAGAAGAGCGA,0,581660
araCp,0.2,4,4,TAGCTGATCGTAGTATCAAT,0,533892
araCp,0.2,4,4,TAGCTCCCTTGACCATCGGA,0,595790
araCp,0.2,4,4,TAGCGAGCTCCTAACCGGCT,0,584733
araCp,0.2,4,4,TAGCGACCGCAGGAGCGCGT,0,527695
araCp,0.2,4,4,TAGCCTGAATGCACATGCAA,0,551276
araCp,0.2,4,4,TAGCCCGAGGCGACCTCATG,0,600418
araCp,0.2,4,4,TAGCATAAATACCTGACGTT,0,597167
araCp,0.2,4,4,TAGCAAGAGCAGGAAGCGAG,0,597212
araCp,0.2,4,4,TAGATAAAAAGAAGTCAGCA,0,579863
araCp,0.2,4,4,TAGAGCTGCTCCCTGCAAAA,0,530647
araCp,0.2,4,4,TAGAGCGCATGCGTGAAAGC,0,575994
araCp,0.2,4,4,TAGAGCAAGTAATACTGACG,0,591175
araCp,0.2,4,4,TAGACATAAGATGGCAACGT,0,595961
araCp,0.2,4,4,TAGAAGGATGATCAAGATTC,0,536837
araCp,0.2,4,4,TAGAACAAGACCCGTCGTCC,0,590955
araCp,0.2,4,4,TACTTTCTGTTTCTGGGGTC,0,545146
araCp,0.2,4,4,TACTTTATTTAGTAGTTGTG,0,552987
araCp,0.2,4,4,TACTGTACTCCTATGGTGGT,0,559808
araCp,0.2,4,4,TACTGACACAAAGAACTGTT,0,562898
araCp,0.2,4,4,TACTCATGTAAACGCAGGCG,0,567798
araCp,0.2,4,4,TACTAGGGTCAGGAAAGACG,0,587072
araCp,0.2,4,4,TACTACTGAGGCTATCCACC,0,527379
araCp,0.2,4,4,TACGTTAGGAGGCGAGTACT,0,535979
araCp,0.2,4,4,TACGGGGAAATGGGCCTATT,0,561537
araCp,0.2,4,4,TACGCCTGGTATTTTGCATC,0,554314
araCp,0.2,4,4,TACGCAGGTAAGCTAGAGGA,0,603706
araCp,0.2,4,4,TACGCAAACACATGAGTGTC,0,565603
araCp,0.2,4,4,TACGAACAATTAAAGTCGCA,0,544613
araCp,0.2,4,4,TACCTGGCTTACCAAAGCAT,0,541817
araCp,0.2,4,4,TACCGTGCACATTACCAAAT,0,570064
araCp,0.2,4,4,TACCATTATTGCAATCCGTC,0,543490
araCp,0.2,4,4,TACCACAGCTCTGTGTATTT,0,531051
araCp,0.2,4,4,TACATCATTTTGTTTGTCGC,0,592077
araCp,0.2,4,4,TACATCATTCATGCGGTTGT,0,534808
araCp,0.2,4,4,TACAGGTTCGGACCCTCGGG,0,563204
araCp,0.2,4,4,TACAGGTCGAATGGGCGGCA,0,539658
araCp,0.2,4,4,TACAGGCCCAGGGTCATCTA,0,573209
araCp,0.2,4,4,TACAGCGTTCCGGGACCAAT,0,563100
araCp,0.2,4,4,TACACATCTCGACCTTTATC,0,561736
araCp,0.2,4,4,TAATGCATAGATCCCGTCGT,0,568292
araCp,0.2,4,4,TAATCCCCGTGCGAGGGTCA,0,601536
araCp,0.2,4,4,TAATCAGTGTCACGCGTCGG,0,603517
araCp,0.2,4,4,TAATATGCATTTGCTCCCTA,0,540172
araCp,0.2,4,4,TAATAGTAATCCATCTCAAC,0,538901
araCp,0.2,4,4,TAATACGGTATATAGAACCT,0,548481
araCp,0.2,4,4,TAAGGTCTGTTTAAACAATC,0,591615
araCp,0.2,4,4,TAAGCGGGATTCGGACCACT,0,528060
araCp,0.2,4,4,TAAGATTGAATTGCTCCTTT,0,553789
araCp,0.2,4,4,TAAGATGAATAGGATGTAGT,0,526466
araCp,0.2,4,4,TAACTTCCGGCGCAAATGTT,0,565444
araCp,0.2,4,4,TAACTGGAGAACACAGGGAG,0,590873
araCp,0.2,4,4,TAACGTGCGGTCTCACCGGA,0,561104
araCp,0.2,4,4,TAACGACTCTTCGTTAGATG,0,584102
araCp,0.2,4,4,TAACCGCATGTACGCTCGTG,0,571183
araCp,0.2,4,4,TAACCGCACGACCAATTATT,0,576068
araCp,0.2,4,4,TAACCAGCAAGTTGAGCGCT,0,557127
araCp,0.2,4,4,TAACAGGACGTAATGTGCCT,0,544393
araCp,0.2,4,4,TAAATCTTGAGGCAGAGTGA,0,542770
araCp,0.2,4,4,TAAATCTGTATATTAGATGG,0,594497
araCp,0.2,4,4,TAAATATATTTCTGGAAGCC,0,559651
araCp,0.2,4,4,TAAAGTGTTGTCGTAGGTGT,0,567762
araCp,0.2,4,4,TAAAGGAACATATATACTCT,0,593000
araCp,0.2,4,4,TAAACTGAGGGTTAAAGACA,0,596049
araCp,0.2,4,4,GTTTGGTGGTTACTCACTCG,0,532732
araCp,0.2,4,4,GTTTGGGCGAAGACCTTCGG,0,602532
araCp,0.2,4,4,GTTTGCGTAATAGGGCGCAT,0,561579
araCp,0.2,4,4,GTTTCGGTCATCTATTATGT,0,584564
araCp,0.2,4,4,GTTTATCGAACAAAAACTTG,0,546084
araCp,0.2,4,4,GTTGTAGTGTCTTTCAAACT,0,560534
araCp,0.2,4,4,GTTGTACGGGGTATGCTCCA,0,539203
araCp,0.2,4,4,GTTGTAACACCGTGCGGTGA,0,557931
araCp,0.2,4,4,GTTGGGAGAACGCCATAAGG,0,561776
araCp,0.2,4,4,GTTGCGCGGAATCGGTAGAT,0,568870
araCp,0.2,4,4,GTTGCCGCTCGCGGAGTGGC,0,581996
araCp,0.2,4,4,GTTCGAATGTGGGCAGATTT,0,556990
araCp,0.2,4,4,GTTCGAATATTCCGAAAATG,0,601488
araCp,0.2,4,4,GTTCCGAACACGTCGAGGAA,0,543168
araCp,0.2,4,4,GTTCCGAAACTCCAACGAAG,0,591981
araCp,0.2,4,4,GTTCAAAGTCGTAGTCAGAA,0,542366
araCp,0.2,4,4,GTTATAGATAATTGGCTACA,0,544311
araCp,0.2,4,4,GTTATAGAGGAAGTCCCCAA,0,541590
araCp,0.2,4,4,GTTATAAACTAAGCTAGGGA,0,549360
araCp,0.2,4,4,GTTAGTTAGCTTCGGCCACC,0,527618
araCp,0.2,4,4,GTTACTCCTTCAACCGTGTG,0,534077
araCp,0.2,4,4,GTTACGGCAGCCACAGTCCA,0,558784
araCp,0.2,4,4,GTTACAATCGGCCCGGTGAT,0,590651
araCp,0.2,4,4,GTGTTAAAGTTTAGATGGAT,0,601228
araCp,0.2,4,4,GTGTGAACGCTCCAAGTTCG,0,529379
araCp,0.2,4,4,GTGTCTATGCTTACTCATGT,0,543470
araCp,0.2,4,4,GTGTCGCACAGTCATGGTAC,0,596316
araCp,0.2,4,4,GTGTCCCGCGTATCAATCAT,0,527297
araCp,0.2,4,4,GTGTATGAGACCCCGGAGAT,0,601397
araCp,0.2,4,4,GTGTAGGCGAGATAGCCTTG,0,586933
araCp,0.2,4,4,GTGGTTCTCCCCAGGGAGGA,0,531491
araCp,0.2,4,4,GTGGTAGCCGGCGTGATTCG,0,593800
araCp,0.2,4,4,GTGGTAATCGCATCATACAC,0,561338
araCp,0.2,4,4,GTGGGGGTACGATCAGTCTT,0,543163
araCp,0.2,4,4,GTGGGCGTATGGTTAAATTT,0,596219
araCp,0.2,4,4,GTGGCGTACCTGTACATTCA,0,577210
araCp,0.2,4,4,GTGGCCCGGGCACCAAAACG,0,545158
araCp,0.2,4,4,GTGGATCTGCGATCAGAGCG,0,577543
araCp,0.2,4,4,GTGGATATCACAAACCGCAG,0,529909
araCp,0.2,4,4,GTGGAGATAGAAACCATGCG,0,527105
araCp,0.2,4,4,GTGCTTTGCCTAACTCAACA,0,600519
araCp,0.2,4,4,GTGCTTGGTATTCATCTTCG,0,567634
araCp,0.2,4,4,GTGCTGCTATAAAGTCAGAG,0,561337
araCp,0.2,4,4,GTGCTATTTGAAAGGTCGGA,0,531702
araCp,0.2,4,4,GTGCGACGCAAAACTCCGAT,0,565647
araCp,0.2,4,4,GTGCACTAGCCGCATTAGAC,0,556287
araCp,0.2,4,4,GTGAGACTACAAGTCCGGAC,0,552582
araCp,0.2,4,4,GTGACATACGCTAGTTTTAA,0,533026
araCp,0.2,4,4,GTCTTGAGCCAACTATGTAA,0,576493
araCp,0.2,4,4,GTCTTCTAGCAGGCGTGTTC,0,583565
araCp,0.2,4,4,GTCTTCGAGGGCCGCGAGTT,0,603290
araCp,0.2,4,4,GTCTGCTCAGTCACCGGTCA,0,562176
araCp,0.2,4,4,GTCTGCGCCCCTTGCTCGCA,0,547504
araCp,0.2,4,4,GTCTCGCGGGCATACCGTGT,0,602358
araCp,0.2,4,4,GTCGTTGGAACACCCAACCT,0,539078
araCp,0.2,4,4,GTCGGGGAGACACTTAGTGT,0,531969
araCp,0.2,4,4,GTCGCTCCCTTACGGCTATC,0,585944
araCp,0.2,4,4,GTCGATTGTAGCCTAGATGT,0,588618
araCp,0.2,4,4,GTCGAAATCTCTGCAACAAC,0,526632
araCp,0.2,4,4,GTCCTCTTAGGATCGCTAGC,0,558864
araCp,0.2,4,4,GTCCGGCCAAGTAGTAGCTT,0,551697
araCp,0.2,4,4,GTCCGGACGGATAGCCGTAT,0,549116
araCp,0.2,4,4,GTCCCCGCTTCAATAGATAA,0,579797
araCp,0.2,4,4,GTCCATTCTCATAGGCATTG,0,583513
araCp,0.2,4,4,GTCCATTAAAACGAGTCGAA,0,600567
araCp,0.2,4,4,GTCCACCGACACACCGGGCA,0,542906
araCp,0.2,4,4,GTCCAAGTGCGCCCTTTGTT,0,532063
araCp,0.2,4,4,GTCATCCACACTCGTGAATA,0,537058
araCp,0.2,4,4,GTCAGCTGGCATATAAGCTC,0,559879
araCp,0.2,4,4,GTCACGGCGCCACAATGAGC,0,560985
araCp,0.2,4,4,GTCACCCCCTCCCCTCGGCT,0,592814
araCp,0.2,4,4,GTCACCACCCATAGGCTTAA,0,563579
araCp,0.2,4,4,GTCAATTGTAGGCAATATTA,0,535410
araCp,0.2,4,4,GTCAATTATCCGGAATCAGA,0,569591
araCp,0.2,4,4,GTCAATGGGGGTATGTAGCT,0,532866
araCp,0.2,4,4,GTATTTTTTAGCCCATTTGT,0,556060
araCp,0.2,4,4,GTATTTGCCATACACAATCT,0,598421
araCp,0.2,4,4,GTATTATGGGATGGCTTACA,0,531262
araCp,0.2,4,4,GTATGCCGAACAATGGATAT,0,591509
araCp,0.2,4,4,GTATGAAGCCTTACTCACGC,0,601226
araCp,0.2,4,4,GTATCCTGAGTACAAGCGTC,0,601278
araCp,0.2,4,4,GTATATCTAGCGGGGATTGC,0,556214
araCp,0.2,4,4,GTATACCAGTATCACTGCTT,0,580643
araCp,0.2,4,4,GTAGCCATGTATATCACTAG,0,590355
araCp,0.2,4,4,GTAGCACCAACGCTAACCTT,0,561204
araCp,0.2,4,4,GTAGATAGCTGCGTAGCTCA,0,554362
araCp,0.2,4,4,GTACTTTTGGGGCGTGCTGC,0,542913
araCp,0.2,4,4,GTACTGTGTCCGCCATGAGG,0,549196
araCp,0.2,4,4,GTACGGGGACAGCTTTTCGT,0,587980
araCp,0.2,4,4,GTACGGGCAAGTCCCGACCA,0,526561
araCp,0.2,4,4,GTACGCCGTTTCGGAGGCTC,0,535666
araCp,0.2,4,4,GTACGACAGATTAACGTTAG,0,570287
araCp,0.2,4,4,GTACCCGGGGGAAACCTTAG,0,564164
araCp,0.2,4,4,GTACCCGCGTTATGGACTGA,0,593957
araCp,0.2,4,4,GTACCCCGTGGCCCAGCCGC,0,595285
araCp,0.2,4,4,GTACCAACCTTATCCGGACC,0,573996
araCp,0.2,4,4,GTACAGTTTCCGACCAGAGA,0,541791
araCp,0.2,4,4,GTACACGCTTGGCTACGGCA,0,588603
araCp,0.2,4,4,GTAATTTCTGCTCGGAACAT,0,545801
araCp,0.2,4,4,GTAATTGCCTCAATTCCCTG,0,589622
araCp,0.2,4,4,GTAACTCAGCCTCACTATGT,0,552585
araCp,0.2,4,4,GTAACCTGTCTCGCTATGGT,0,536501
araCp,0.2,4,4,GTAACAGTCTGAGGCGCATC,0,543110
araCp,0.2,4,4,GTAAATCTGCCGATGCCATG,0,599486
araCp,0.2,4,4,GTAAAAGGCAGCTCTCAGGA,0,557036
araCp,0.2,4,4,GGTTTGGTATTGGATCACTT,0,581917
araCp,0.2,4,4,GGTTGTTGGACTAAAAGCAG,0,597354
araCp,0.2,4,4,GGTTGGTATAAATGATCCCG,0,573949
araCp,0.2,4,4,GGTTCTACAACCAGAACTTT,0,595311
araCp,0.2,4,4,GGTTCGGTAGACGAATGTTG,0,595157
araCp,0.2,4,4,GGTTCGATATGCTTAATCTG,0,553453
araCp,0.2,4,4,GGTTCACCTCAATCTAGCCC,0,527680
araCp,0.2,4,4,GGTTCAAGGTGAAAAACCGT,0,552507
araCp,0.2,4,4,GGTTAGGGCACCCTAGGGGT,0,565492
araCp,0.2,4,4,GGTTACACGCAGTGGCAAAG,0,565692
araCp,0.2,4,4,GGTTAACATAAGTACACTAA,0,535706
araCp,0.2,4,4,GGTGTTGGAACATAGCATGT,0,597978
araCp,0.2,4,4,GGTGTTAGTGCGGTGTAAGT,0,571473
araCp,0.2,4,4,GGTGTAGACAGGCGTTTATA,0,536829
araCp,0.2,4,4,GGTGGGGTTGTGCAGAAGAA,0,569761
araCp,0.2,4,4,GGTGCGTAGGAAGGGCACAT,0,542680
araCp,0.2,4,4,GGTGATGCCTCAAACACAGG,0,534468
araCp,0.2,4,4,GGTGAGCGACTTCAGATGGA,0,582464
araCp,0.2,4,4,GGTCTCATGCAGAGCTGCCG,0,595747
araCp,0.2,4,4,GGTCTAAATGGTGGCGGGAA,0,559760
araCp,0.2,4,4,GGTCGGTTGTAATATAAGAA,0,593928
araCp,0.2,4,4,GGTCGGCTTCGCTCGCGTGT,0,534672
araCp,0.2,4,4,GGTCCGCCTATAGTACTTTA,0,527460
araCp,0.2,4,4,GGTCCCACAGTGATAGTTAA,0,541363
araCp,0.2,4,4,GGTCCAGTATGTAAGTAATC,0,573607
araCp,0.2,4,4,GGTCAGAATCCAGCCGCCCA,0,526460
araCp,0.2,4,4,GGTCACGGTACGTGGCCAAG,0,600724
araCp,0.2,4,4,GGTCACCTTCCTCGACGCTG,0,574734
araCp,0.2,4,4,GGTATGGGTTGGGCAAAGGT,0,560758
araCp,0.2,4,4,GGTATAGGTTATTGCATACT,0,568100
araCp,0.2,4,4,GGTAGGTCGCGACTGGATGC,0,535699
araCp,0.2,4,4,GGTAGATCCAGTTATAATAT,0,561273
araCp,0.2,4,4,GGTACTACACGTTGTCACGG,0,551670
araCp,0.2,4,4,GGTACGAGGCACGCGAGCCA,0,599358
araCp,0.2,4,4,GGTACCAGCTCTATGCAAGT,0,537447
araCp,0.2,4,4,GGTACATGGCTTACCACAAT,0,563128
araCp,0.2,4,4,GGTACATATAATTGTCTCAA,0,555998
araCp,0.2,4,4,GGTACAGCGGGTGTTGAGCT,0,556545
araCp,0.2,4,4,GGTAATACTTTATACTGCCT,0,527201
araCp,0.2,4,4,GGTAAAACAGAACGATCATT,0,534166
araCp,0.2,4,4,GGTAAAAATGATAACAAGCC,0,555176
araCp,0.2,4,4,GGGTTTAAGGTTAGCACATC,0,588601
araCp,0.2,4,4,GGGTTAATTTGCGATGTGAC,0,548161
araCp,0.2,4,4,GGGTGCACGGACCTTCCGAG,0,531461
araCp,0.2,4,4,GGGTCGGCATCTGAGCGCCA,0,565891
araCp,0.2,4,4,GGGTCCTTTACATTCTCAGT,0,527237
araCp,0.2,4,4,GGGTCCGCGAGGATCGTCAG,0,569177
araCp,0.2,4,4,GGGTCCACGAGGCATCGCTG,0,533883
araCp,0.2,4,4,GGGTCCAATTATTGAGAGGA,0,546389
araCp,0.2,4,4,GGGTCACGCGATGAGATGAT,0,571636
araCp,0.2,4,4,GGGTATGGTAGTCGGAGTAA,0,530166
araCp,0.2,4,4,GGGTAGAACACGAGGCATCT,0,568580
araCp,0.2,4,4,GGGGTTAAGAGTCCGTACGA,0,546225
araCp,0.2,4,4,GGGGTGTTGTTACTGTTAAT,0,588159
araCp,0.2,4,4,GGGGGGACTACCCGATCGGT,0,594374
araCp,0.2,4,4,GGGGGCTGCACACACTTCAT,0,603586
araCp,0.2,4,4,GGGGAGGACCCCCAGTCAAA,0,563093
araCp,0.2,4,4,GGGGAATCTTAGCCGTCGTC,0,580145
araCp,0.2,4,4,GGGCTTGCTCTTGCATCGGT,0,570950
araCp,0.2,4,4,GGGCGGAGCAATAGAGCACC,0,569009
araCp,0.2,4,4,GGGCGATCTGAGACAAATAA,0,585554
araCp,0.2,4,4,GGGCCTCCCTAACCAGTTGG,0,530932
araCp,0.2,4,4,GGGCCGTCTGGGGATGTTCC,0,547733
araCp,0.2,4,4,GGGCCGGTCCGGGTTGTACT,0,549693
araCp,0.2,4,4,GGGCCGGAGTGTATGTCTCC,0,559513
araCp,0.2,4,4,GGGCATGCCGTGTGCGCCAG,0,551282
araCp,0.2,4,4,GGGCACCTCAGTCTTCTGGC,0,561680
araCp,0.2,4,4,GGGATCTTGCTGACCTGGGA,0,578519
araCp,0.2,4,4,GGGATAAACCAACGGGGTTT,0,557769
araCp,0.2,4,4,GGGAGGTTGACTTGTCTTGG,0,550315
araCp,0.2,4,4,GGGAGCCTACCCATCCACTT,0,527229
araCp,0.2,4,4,GGGAGAATCAGCCTTGCAGA,0,572751
araCp,0.2,4,4,GGGACCGGAGATATACCATA,0,570040
araCp,0.2,4,4,GGGAAGGGTGAAGCGCTATT,0,566945
araCp,0.2,4,4,GGGAAAGTAGCGCCGTCTTA,0,574417
araCp,0.2,4,4,GGCTTTCTGGGCTTACCGCT,0,537828
araCp,0.2,4,4,GGCTTTCGTTGGGTTTCATT,0,528667
araCp,0.2,4,4,GGCTTCGCTGAATAGATTCC,0,546216
araCp,0.2,4,4,GGCTTCCCCCATTAACGGGA,0,548231
araCp,0.2,4,4,GGCTGCTTACACTCAATTGC,0,553760
araCp,0.2,4,4,GGCTGACGGTTAGTAGGCCA,0,554952
araCp,0.2,4,4,GGCTCTCTACCATGCACATG,0,569681
araCp,0.2,4,4,GGCTCTCCGCCGAACGGCAA,0,563370
araCp,0.2,4,4,GGCTCGGTCCATCGCATAGT,0,599394
araCp,0.2,4,4,GGCTCCGAACGACTGCTCTC,0,551732
araCp,0.2,4,4,GGCTCACGAACAGTGGTGTA,0,558056
araCp,0.2,4,4,GGCTATGAACGGGTCTTCGT,0,573872
araCp,0.2,4,4,GGCGTCCCGGTAATGCTAGG,0,591641
araCp,0.2,4,4,GGCGGCTTTCGCTCAGAGGG,0,567011
araCp,0.2,4,4,GGCGGAATAGGTTTTGTAAT,0,573899
araCp,0.2,4,4,GGCGCCGATCCTATTTAGAT,0,541432
araCp,0.2,4,4,GGCCGGCTAGTCGTAGAAGG,0,534859
araCp,0.2,4,4,GGCCGCGGCCAGCCTAATCA,0,528849
araCp,0.2,4,4,GGCCCGGGGCCGGGACTCTG,0,547521
araCp,0.2,4,4,GGCCACCGACAATTGCATTG,0,556985
araCp,0.2,4,4,GGCCACAAGGACGCTTCTAT,0,526456
araCp,0.2,4,4,GGCCAATCTGGGAAGAGTAA,0,545272
araCp,0.2,4,4,GGCATGTTTCCCTAGACGCA,0,572808
araCp,0.2,4,4,GGCATCGTTTAGTGTTAAAT,0,594978
araCp,0.2,4,4,GGCATAAGTGAGTAAGATCT,0,543901
araCp,0.2,4,4,GGCAGCCAGGATATGGGGAG,0,560177
araCp,0.2,4,4,GGCAATTCTTGTGTGTAACA,0,573998
araCp,0.2,4,4,GGCAATTAAGCCTGTGGTGC,0,601672
araCp,0.2,4,4,GGCAACTGGTCGATTCGGGG,0,549241
araCp,0.2,4,4,GGCAACGGTCCTATAGGAGG,0,530669
araCp,0.2,4,4,GGATTATGTTAAGAGTCCCA,0,585079
araCp,0.2,4,4,GGATGTTGTGCGCTATGTAC,0,534584
araCp,0.2,4,4,GGATCGGTTCAGCATAATAG,0,555710
araCp,0.2,4,4,GGATATTGTATGTTGAACTT,0,526190
araCp,0.2,4,4,GGATAGCATCAAAGAGGTCG,0,565144
araCp,0.2,4,4,GGATACTTGGGGTACGTCAA,0,532050
araCp,0.2,4,4,GGATAAGATTCACCCTATTT,0,577819
araCp,0.2,4,4,GGACTTCGGGGGTAGGTCCC,0,567803
araCp,0.2,4,4,GGACTAAAGAACTCCGAGAC,0,531439
araCp,0.2,4,4,GGACCGATAAAAAAGCAGTG,0,546794
araCp,0.2,4,4,GGACATGTGTAACCAGAAGC,0,540483
araCp,0.2,4,4,GGACATGAACTTGGGTGGAA,0,572683
araCp,0.2,4,4,GGACAGGTCGTCCGTAATTG,0,601342
araCp,0.2,4,4,GGACAAGGCGTACTGTCTTT,0,601543
araCp,0.2,4,4,GGAATGCGGCTGCCGGCCGT,0,529728
araCp,0.2,4,4,GGAATAATACGTACAAGGAC,0,548559
araCp,0.2,4,4,GGAAGGCAAAATGCGTATTT,0,541669
araCp,0.2,4,4,GGAAGGACCTCCGATCGTGC,0,572809
araCp,0.2,4,4,GGAAGCCTACGACTTGACGG,0,529799
araCp,0.2,4,4,GGAAGACACGCTGTGCCATT,0,532930
araCp,0.2,4,4,GGAAGAATCGACGGCTTCAG,0,535649
araCp,0.2,4,4,GGAACCGTACAATTGCGCCG,0,536406
araCp,0.2,4,4,GGAACACTCAGAGAGGATGG,0,567817
araCp,0.2,4,4,GGAAATGGGCAGTGGTGCCC,0,568685
araCp,0.2,4,4,GGAAAGGCTCTCGGAGAAAC,0,533699
araCp,0.2,4,4,GGAAAGCGCGATGCGGTACA,0,556190
araCp,0.2,4,4,GGAAACTAGGGGGGATCCAG,0,542623
araCp,0.2,4,4,GGAAACATGAAGGTAGCTGG,0,584587
araCp,0.2,4,4,GGAAAAGGCGCATCCTGATT,0,542682
araCp,0.2,4,4,GCTTTTGGACAAGAAGCCAA,0,526758
araCp,0.2,4,4,GCTTTAAAATGTTGGGATGC,0,539187
araCp,0.2,4,4,GCTTGGCATCCGTGTCTTCC,0,566597
araCp,0.2,4,4,GCTTGGAAAGTTCAGGCGAG,0,531303
araCp,0.2,4,4,GCTTCGAATACTCAACAGGG,0,558590
araCp,0.2,4,4,GCTTCCGTGTATAGAGCTCA,0,532695
araCp,0.2,4,4,GCTTCATTTAGGTCCGGACG,0,531251
araCp,0.2,4,4,GCTTAATGGTAACGACATCA,0,589972
araCp,0.2,4,4,GCTTAATCCTCGAGCCACTT,0,567387
araCp,0.2,4,4,GCTTAAGAGGCGGACCTGGT,0,547093
araCp,0.2,4,4,GCTTAACCGGCCTAAGGCTG,0,533478
araCp,0.2,4,4,GCTGTTAGTAAACTGTGTAG,0,558067
araCp,0.2,4,4,GCTGTCTGGTGAGAGGAACC,0,540122
araCp,0.2,4,4,GCTGTCGCCTATCGAACGTC,0,552407
araCp,0.2,4,4,GCTGGCGGTATAGTGTCAAT,0,562340
araCp,0.2,4,4,GCTGGACATCGCACAGGGTA,0,602990
araCp,0.2,4,4,GCTGATCTAGGAACTAATTA,0,568888
araCp,0.2,4,4,GCTGAGACACGCGGATTAGT,0,558092
araCp,0.2,4,4,GCTGAACGTAGCGGTATGTT,0,532484
araCp,0.2,4,4,GCTCTGACGGCGTAACGTTT,0,549567
araCp,0.2,4,4,GCTCTACGCTTAACTGGTAA,0,592737
araCp,0.2,4,4,GCTCACTGCCAAGCAAGAGT,0,577526
araCp,0.2,4,4,GCTCACTATTTCTGTGCAGG,0,587855
araCp,0.2,4,4,GCTATGTGACGTAAGTCTTA,0,578946
araCp,0.2,4,4,GCTATGCGTTGCCCGAATCA,0,569757
araCp,0.2,4,4,GCTATACGCAGGTAAGGACA,0,592786
araCp,0.2,4,4,GCTAGTTCGATCAGGGCGTT,0,529461
araCp,0.2,4,4,GCTACAGAGGCCGCCGCTCG,0,538356
araCp,0.2,4,4,GCTAATGTAATCTACAACCA,0,557783
araCp,0.2,4,4,GCGTTCAACCCCATAGATTG,0,570516
araCp,0.2,4,4,GCGTGTTCATACATTTGAGT,0,561501
araCp,0.2,4,4,GCGTGTATATTGAGCGTGCG,0,579772
araCp,0.2,4,4,GCGTGGTCCAGGGAATGCGA,0,565521
araCp,0.2,4,4,GCGTAGCGTTCATAGACTTC,0,531726
araCp,0.2,4,4,GCGTAATTTCCGATCCGCAG,0,571578
araCp,0.2,4,4,GCGGTTTTCGAGCTGCAGCC,0,595052
araCp,0.2,4,4,GCGGTGTGAGTAGCGAACTT,0,562649
araCp,0.2,4,4,GCGGTGGGGGATCCGCTGTG,0,548959
araCp,0.2,4,4,GCGGGGTGCACATTCATACC,0,584554
araCp,0.2,4,4,GCGGGAGCATTCTCGATTGG,0,542162
araCp,0.2,4,4,GCGGCGCACTCTGATGGCTG,0,558245
araCp,0.2,4,4,GCGGATACTTTCGGACGCCA,0,575250
araCp,0.2,4,4,GCGGAGGTACGAATAATTCA,0,577397
araCp,0.2,4,4,GCGGAGAAAAAGAGGCTCGT,0,559213
araCp,0.2,4,4,GCGCTTAGTGGGTGCCTTGT,0,590006
araCp,0.2,4,4,GCGCTGGCATTGCGGACTAG,0,540047
araCp,0.2,4,4,GCGCTACTAGGATTAGCACA,0,570449
araCp,0.2,4,4,GCGCGACGTGGGAGTAATAT,0,579976
araCp,0.2,4,4,GCGCCGTTATTTCTATTCCC,0,565747
araCp,0.2,4,4,GCGCCGTGCCCCCCCAGTAG,0,600604
araCp,0.2,4,4,GCGCAGGGTCTAGAGAGTGA,0,592064
araCp,0.2,4,4,GCGCAATCGAATCGAAGTGT,0,549352
araCp,0.2,4,4,GCGATGCAGTCCAAGTAGTG,0,555037
araCp,0.2,4,4,GCGATCTGCGTCAGGTAGCT,0,586425
araCp,0.2,4,4,GCGACTGGTAGACGTCGTGT,0,573427
araCp,0.2,4,4,GCGAAGGTCTTCCGGCCATC,0,554950
araCp,0.2,4,4,GCGAAGATCAGAACAGGAAG,0,589031
araCp,0.2,4,4,GCCTTAGTATAGCATACACG,0,592297
araCp,0.2,4,4,GCCTGGTGGGAGCAACCGTT,0,581123
araCp,0.2,4,4,GCCTGCGTACGAAGTACTAC,0,532017
araCp,0.2,4,4,GCCTCTGTCTTTCCACTACC,0,599071
araCp,0.2,4,4,GCCTCATAGAGCGACCGATG,0,566076
araCp,0.2,4,4,GCCGGAGGCAGAACGTACCA,0,603548
araCp,0.2,4,4,GCCGCGTGATCTCACTATCA,0,553676
araCp,0.2,4,4,GCCGACGCACCGAGTCGCCA,0,561431
araCp,0.2,4,4,GCCGACGACATATTATCTCC,0,541870
araCp,0.2,4,4,GCCCTGTATTGGATGTACAA,0,533870
araCp,0.2,4,4,GCCCGTCTAAATGGGACATG,0,576803
araCp,0.2,4,4,GCCCCTATCCTATAATCTGT,0,533021
araCp,0.2,4,4,GCCCCCGTTCGCAGTTACAA,0,579844
araCp,0.2,4,4,GCCCCCGCAAAAGCAGCGGC,0,558496
araCp,0.2,4,4,GCCATTAGGGGGCACATCGA,0,530524
araCp,0.2,4,4,GCCATGCTGAAGCAGAGAGC,0,582233
araCp,0.2,4,4,GCCATAAGTGGCGTAAAATT,0,548240
araCp,0.2,4,4,GCCAATTGTGGCCGCTCCCT,0,603693
araCp,0.2,4,4,GCCAATCGTACGAATCATGC,0,586203
araCp,0.2,4,4,GCCAATACAGTCCTGCGAGA,0,542048
araCp,0.2,4,4,GCCAACGTATAGCCATGACT,0,532250
araCp,0.2,4,4,GCCAAATATGACGGGAGGTA,0,594631
araCp,0.2,4,4,GCATTTCTTACAACTGTCGG,0,547288
araCp,0.2,4,4,GCATGGGCCTTGAAAGGGAC,0,598727
araCp,0.2,4,4,GCATGACGGATTACAATCGC,0,594431
araCp,0.2,4,4,GCATCGTCCGAGGCGCGGGC,0,594586
araCp,0.2,4,4,GCATCCGGGCCACTTGGATG,0,560655
araCp,0.2,4,4,GCATCCGCTTCGGTAGAAAA,0,576877
araCp,0.2,4,4,GCATATAGCGGGCGCGATGC,0,571258
araCp,0.2,4,4,GCAGTTTGGAAGTTCGGCAA,0,579451
araCp,0.2,4,4,GCAGTGACGGAAAGTTATAA,0,558988
araCp,0.2,4,4,GCAGTCAGAGCCTGTTCGAA,0,570124
araCp,0.2,4,4,GCAGAACCGCGGCCCAGGGT,0,593787
araCp,0.2,4,4,GCACTGTCGTCACATCATCT,0,586208
araCp,0.2,4,4,GCACGCCGGTTAAAGCCATG,0,595663
araCp,0.2,4,4,GCACGCCAAGATGACGCATT,0,556594
araCp,0.2,4,4,GCAATTTGTCAGGCTATATT,0,529062
araCp,0.2,4,4,GCAATTTCGACGGTAAATTC,0,586253
araCp,0.2,4,4,GCAACGGTGATATTCTAGAT,0,569008
araCp,0.2,4,4,GCAACCGTTTCTATTCTTGT,0,591274
araCp,0.2,4,4,GATTTTCTGGGTGGCTAGTT,0,570426
araCp,0.2,4,4,GATTTTCGGGGGCTGTATTC,0,573423
araCp,0.2,4,4,GATTTGAATTACTTGGTATC,0,597422
araCp,0.2,4,4,GATTTCTAACTCATGCTGGC,0,557280
araCp,0.2,4,4,GATTACGCTAATGCGTGTAG,0,551011
araCp,0.2,4,4,GATGTAGTGTGATGGTGAAA,0,588345
araCp,0.2,4,4,GATGGGCCTCGGAACTGATA,0,545385
araCp,0.2,4,4,GATGACAGGCTTACAAACGT,0,552768
araCp,0.2,4,4,GATCTCTCACGTTTGCAGAT,0,595203
araCp,0.2,4,4,GATCGGCTGTCTTCAGTATC,0,596022
araCp,0.2,4,4,GATCGCGCGCGGCTATGGTT,0,581844
araCp,0.2,4,4,GATCCTTATTGAGAGTAAAT,0,549297
araCp,0.2,4,4,GATCCGTATCTGCGGTGTTA,0,559718
araCp,0.2,4,4,GATCAGAAAAGATGGTCAGA,0,575291
araCp,0.2,4,4,GATCACAAGCTTTACAAGAG,0,556140
araCp,0.2,4,4,GATATCTAGCGCGACGATGG,0,536172
araCp,0.2,4,4,GATAGGGAGGGTTATGAGGG,0,537592
araCp,0.2,4,4,GATAGCTACAAATTATACCT,0,583120
araCp,0.2,4,4,GATACGCGGGACATGCCATC,0,566338
araCp,0.2,4,4,GATACAACAAAGGCGAGTGG,0,542384
araCp,0.2,4,4,GATAATGACGACTTCTTGTT,0,542934
araCp,0.2,4,4,GATAAGTAGAATTCGGTCTA,0,595780
araCp,0.2,4,4,GAGTTGCTCGGCAAAGCCGT,0,558299
araCp,0.2,4,4,GAGTTACAGCGTTGAAGTAT,0,534302
araCp,0.2,4,4,GAGTGTTAGTAAACTCAATA,0,590131
araCp,0.2,4,4,GAGTACCTGAGAGCAGTAAG,0,565725
araCp,0.2,4,4,GAGGTTCTAGAGCTCGGATA,0,573413
araCp,0.2,4,4,GAGGTGGCAGCAGAGTTCAA,0,577975
araCp,0.2,4,4,GAGGGCACGATTGTCTGTGT,0,526111
araCp,0.2,4,4,GAGGGATAGGTGTATCTTGC,0,554665
araCp,0.2,4,4,GAGGATCAATGCAAAACCTC,0,545201
araCp,0.2,4,4,GAGGAGGTAACCCAGCGGGA,0,548130
araCp,0.2,4,4,GAGCTAAGCGTGCTAGGTAC,0,598380
araCp,0.2,4,4,GAGCCTATTCCGCCGCGGGA,0,598236
araCp,0.2,4,4,GAGCCGCCACTTGATACCAT,0,572825
araCp,0.2,4,4,GAGCCCTAACAAGAAAGAAT,0,554491
araCp,0.2,4,4,GAGCATTCTGGGACAGGGCA,0,542374
araCp,0.2,4,4,GAGCATGGTCGAGCTTCCCA,0,543796
araCp,0.2,4,4,GAGCACTGCATGGTGGGACT,0,590941
araCp,0.2,4,4,GAGATGCTAACTTGCTAAAC,0,531495
araCp,0.2,4,4,GAGATCTACCTCCTCTCGCA,0,576569
araCp,0.2,4,4,GAGATAAGCTGCAAGTATGA,0,547048
araCp,0.2,4,4,GAGAGGGCTAACATGGATTC,0,543570
araCp,0.2,4,4,GAGAGCACCTCCCACCCGTA,0,580147
araCp,0.2,4,4,GAGACCATCCTAACGACTGG,0,526654
araCp,0.2,4,4,GAGACAAGACCGCTGTAGGT,0,558318
araCp,0.2,4,4,GAGAATTTCGAGGGGGAGTC,0,575432
araCp,0.2,4,4,GAGAATAGGCAGTACGGAAC,0,590349
araCp,0.2,4,4,GAGAAAAGTCGTCCCGAGTC,0,574326
araCp,0.2,4,4,GACTTTTTTTAATGGCGTGC,0,587394
araCp,0.2,4,4,GACTTGAGATCTTGGTACTT,0,557618
araCp,0.2,4,4,GACTGTATGACGACGGCGGT,0,551006
araCp,0.2,4,4,GACTCCGCGAATGTCCAGAC,0,598284
araCp,0.2,4,4,GACTCCCCAGTGACTTAGCA,0,553042
araCp,0.2,4,4,GACTACATCGTTAAAGCCAG,0,581581
araCp,0.2,4,4,GACGTTTGAATAGGTACCAT,0,536209
araCp,0.2,4,4,GACGTTCAGACACATTATAC,0,581858
araCp,0.2,4,4,GACGTAAATTGAGTTACTGA,0,602203
araCp,0.2,4,4,GACGGGCCGGAAATTTAAAA,0,571688
araCp,0.2,4,4,GACCTTTCCAAGCGGTGTTG,0,574436
araCp,0.2,4,4,GACCTGTGGGTGAGATCGTC,0,545442
araCp,0.2,4,4,GACCTGGGGTCGAAATGTGA,0,555165
araCp,0.2,4,4,GACCTGATTTCACAGTTCGT,0,533407
araCp,0.2,4,4,GACCTCGGCGATCAGGCGCT,0,577894
araCp,0.2,4,4,GACCTCGCGTTGCTAAGTAA,0,561083
araCp,0.2,4,4,GACCTCACATACTAGGACGT,0,559023
araCp,0.2,4,4,GACCTACCTGTTTTTCGCCG,0,530881
araCp,0.2,4,4,GACCGCGTGACGTCCACCAC,0,532867
araCp,0.2,4,4,GACCCCATGTAGCTAACCGT,0,562179
araCp,0.2,4,4,GACCATCGCTGATTCCTTCT,0,593372
araCp,0.2,4,4,GACCAAGAGCGTAGCCGATA,0,545086
araCp,0.2,4,4,GACATACCTTCGATGGCTCT,0,600259
araCp,0.2,4,4,GACAGTCGTGGTTTCCGAGG,0,543242
araCp,0.2,4,4,GACAGTCCCGCCTGCCTCTT,0,525653
araCp,0.2,4,4,GACAGGTAACAAGGTAGCTT,0,557416
araCp,0.2,4,4,GACAGGGGCGCTACCAAGAC,0,600139
araCp,0.2,4,4,GACACGCTAACGTCGTTAGG,0,549820
araCp,0.2,4,4,GACACGCGTAAAACGATTGA,0,598130
araCp,0.2,4,4,GACACCCGCCCGGCATTTAT,0,557582
araCp,0.2,4,4,GACAAGTCTATTCTGCCCCG,0,543131
araCp,0.2,4,4,GACAAGGCTGGTAAAAAGAC,0,565913
araCp,0.2,4,4,GAATTGACCTTTAAAAGGTT,0,559881
araCp,0.2,4,4,GAATGGCCTGCTGCCGGAAC,0,542271
araCp,0.2,4,4,GAATGCAATTCAATTTACGC,0,541969
araCp,0.2,4,4,GAATGAAAAGGTTGTTTGCC,0,586215
araCp,0.2,4,4,GAATCACCCTAATCGAATAG,0,565243
araCp,0.2,4,4,GAATCAATGAATTGGGTGAC,0,570489
araCp,0.2,4,4,GAATATTGCTATGGCTCTGC,0,540686
araCp,0.2,4,4,GAATACGTTCTGGTATCATC,0,551993
araCp,0.2,4,4,GAAGTGCTCAACTGGGGACA,0,554527
araCp,0.2,4,4,GAAGGTTGCCGGCAGCGTAG,0,535010
araCp,0.2,4,4,GAAGGTATTTTTCGGCAGAT,0,581479
araCp,0.2,4,4,GAAGGGTTCCGAAACTCAAC,0,529572
araCp,0.2,4,4,GAAGGGTAGGTCAAATTTAC,0,579649
araCp,0.2,4,4,GAAGGGGCCGGCAAAAGTGG,0,568880
araCp,0.2,4,4,GAAGGGAACGCAGCACTATA,0,565242
araCp,0.2,4,4,GAAGACCTTAGCCATCTCGG,0,592635
araCp,0.2,4,4,GAAGAATTTAGATCATAGTA,0,566859
araCp,0.2,4,4,GAACTAATCTTCGGGTGTCC,0,568467
araCp,0.2,4,4,GAACGTGTGTTGAGTGGTGA,0,548420
araCp,0.2,4,4,GAACGGCCTAAGTCAAGACA,0,565259
araCp,0.2,4,4,GAACGCCAGTTAGGACAAGT,0,572570
araCp,0.2,4,4,GAACCCGCGCTCGGACCCAT,0,535990
araCp,0.2,4,4,GAACATTTTCATCTTTAGGA,0,589273
araCp,0.2,4,4,GAACACGTCCACTCTAACGC,0,572430
araCp,0.2,4,4,GAAATGTCTCACCCCGCTAG,0,549772
araCp,0.2,4,4,GAAAAGCGTTTACGGGTGCA,0,573086
araCp,0.2,4,4,CTTTGCTTACTTAGGCGGAT,0,556121
araCp,0.2,4,4,CTTTCGGTATCGGGGGAAAG,0,563914
araCp,0.2,4,4,CTTTCCTCAGAGGATGTGTT,0,600056
araCp,0.2,4,4,CTTTCCGATGGGGAAACACG,0,597973
araCp,0.2,4,4,CTTTCAAGAGAGTATGGTCG,0,592888
araCp,0.2,4,4,CTTTAGAAGGATATTATGTT,0,602295
araCp,0.2,4,4,CTTGTTAAGCTCCCGCGGAG,0,549187
araCp,0.2,4,4,CTTGTGGCGGCTACTCCAAT,0,603484
araCp,0.2,4,4,CTTGGGAATGTGTGGGGTTT,0,597396
araCp,0.2,4,4,CTTGGACGGACCCTGCAAAA,0,571733
araCp,0.2,4,4,CTTGGAAGCAATACTGTTCA,0,541605
araCp,0.2,4,4,CTTGCGGAATGGTAGTCTAT,0,593455
araCp,0.2,4,4,CTTGCGCAACCCCCCCTTGT,0,559665
araCp,0.2,4,4,CTTGCGAGTCGGAGAAATCA,0,602745
araCp,0.2,4,4,CTTGCCTGATGGGCTCTCAA,0,567101
araCp,0.2,4,4,CTTGATTCCTACTGTATCAC,0,531196
araCp,0.2,4,4,CTTGAGCATTGGTTAAGAGG,0,550788
araCp,0.2,4,4,CTTCTTGCCGGCGTCGGGTG,0,595329
araCp,0.2,4,4,CTTCTGTTGAGGTGTTACAA,0,565445
araCp,0.2,4,4,CTTCTGTGTTATCTTGGGCT,0,591598
araCp,0.2,4,4,CTTCTGTGACCGCATACGCA,0,549195
araCp,0.2,4,4,CTTCCGAGATTCCATCAAGT,0,581387
araCp,0.2,4,4,CTTATTGCAAACGGCTACGA,0,559313
araCp,0.2,4,4,CTTATGATAAACGCACTCTA,0,582039
araCp,0.2,4,4,CTTATCTCAAGACTCAGGTC,0,570879
araCp,0.2,4,4,CTTATATCGGACATAGAAGA,0,587320
araCp,0.2,4,4,CTTAGGAAGGTCGCATGAAA,0,580196
araCp,0.2,4,4,CTTAGAGGAGGACATGGTTC,0,602673
araCp,0.2,4,4,CTTACCGCTGGATCACACCT,0,567525
araCp,0.2,4,4,CTTAAGGCCGTTGTAAGTGG,0,573922
araCp,0.2,4,4,CTTAACTACTGTTGGTGCCG,0,543282
araCp,0.2,4,4,CTTAACATGTAGTAGCCAGT,0,579409
araCp,0.2,4,4,CTTAAACGCGGAAGTCTAAA,0,572001
araCp,0.2,4,4,CTGTTATAGGATTCGACTAG,0,535631
araCp,0.2,4,4,CTGTGGTACAGGCCTTTCAA,0,533496
araCp,0.2,4,4,CTGTCCCAAGTCGGAATCCA,0,581732
araCp,0.2,4,4,CTGTAGTATGCGAATCACGA,0,593901
araCp,0.2,4,4,CTGTACTAAACTGGGTATCC,0,582146
araCp,0.2,4,4,CTGTACCCTGTAACTTAGTG,0,538900
araCp,0.2,4,4,CTGGTATAGCTCCGGACAAA,0,543097
araCp,0.2,4,4,CTGGGTGAACGGAAGTTGGT,0,576062
araCp,0.2,4,4,CTGGGATTACCGTGCACGTT,0,597608
araCp,0.2,4,4,CTGGGATGCCCCCCCTTTGA,0,526373
araCp,0.2,4,4,CTGGCTTCAAATCCGAAACT,0,590040
araCp,0.2,4,4,CTGGACGCAGGCTGAACTTA,0,553246
araCp,0.2,4,4,CTGGACGACTGCTTGAAAGT,0,574393
araCp,0.2,4,4,CTGGAAATCCTTGAGCTCCC,0,543047
araCp,0.2,4,4,CTGCGGAACAAGCCGGGAGT,0,591941
araCp,0.2,4,4,CTGCCTTTTACTAGCCCGAA,0,545322
araCp,0.2,4,4,CTGCCTCAACAAGGCTATCA,0,596502
araCp,0.2,4,4,CTGCACTGCTATGATAATTA,0,592831
araCp,0.2,4,4,CTGCAATAACATAAGGTGTG,0,544706
araCp,0.2,4,4,CTGCAAAGAGGTGGTATAAT,0,527987
araCp,0.2,4,4,CTGATTTTTAGATAGCGCGC,0,584078
araCp,0.2,4,4,CTGACACGTGGGTTAGGGTA,0,586220
araCp,0.2,4,4,CTGAAATTTCTTATAGTTCA,0,542633
araCp,0.2,4,4,CTCTTTCTAGAATGGTCCGT,0,554353
araCp,0.2,4,4,CTCTGGGTCCCTAGGCCTCT,0,563027
araCp,0.2,4,4,CTCTCTATATGAGGTGGGGA,0,591241
araCp,0.2,4,4,CTCTCGGAACACTAGATGTA,0,549621
araCp,0.2,4,4,CTCTCATCCCCTAAATCCTC,0,590886
araCp,0.2,4,4,CTCTCAGTTTCTATTTGTTC,0,525840
araCp,0.2,4,4,CTCTAGGATGTTCTGTGACT,0,585434
araCp,0.2,4,4,CTCTAATTAAGTCGGCTGTT,0,593561
araCp,0.2,4,4,CTCGTTCGAACGCTCGTCAC,0,535150
araCp,0.2,4,4,CTCGGTCTGATATTGCCGCA,0,553392
araCp,0.2,4,4,CTCGCTGGCTGAGACCACCC,0,533563
araCp,0.2,4,4,CTCGCGAGGCGCGTCGCTAT,0,540554
araCp,0.2,4,4,CTCGAGATAAGTTGGTAGAC,0,573589
araCp,0.2,4,4,CTCCGTCAGAAAAATATAAC,0,579178
araCp,0.2,4,4,CTCCGGAGGATACTCAGGCG,0,578143
araCp,0.2,4,4,CTCCGCTCTTACCCCAGTGC,0,592605
araCp,0.2,4,4,CTCCGACGACTCTGTTCGGG,0,564553
araCp,0.2,4,4,CTCCGACACGAGAATAACGG,0,579714
araCp,0.2,4,4,CTCCCGCGAGACCCATCATA,0,538503
araCp,0.2,4,4,CTCCAGGTAGGTCCTGTAAT,0,566730
araCp,0.2,4,4,CTCCAGGGGGGAGTGACCAA,0,558979
araCp,0.2,4,4,CTCCACGCCGTCTCTCGTAA,0,543342
araCp,0.2,4,4,CTCATGGCTTACTGTAGCTA,0,555701
araCp,0.2,4,4,CTCATCATCCCACATACTTT,0,576141
araCp,0.2,4,4,CTCATAGTTGTTGCTTCGGC,0,587342
araCp,0.2,4,4,CTCAGCCAGGTGTTCGAGGG,0,591054
araCp,0.2,4,4,CTCAGCAAAAGAACACCGGA,0,559772
araCp,0.2,4,4,CTCACATTAACAGGGATTGG,0,581463
araCp,0.2,4,4,CTCAAAGCCGGCCGCACGGG,0,565966
araCp,0.2,4,4,CTATTTTAGCTACCGGGGCT,0,526334
araCp,0.2,4,4,CTATTCTTTCAGGTTCGAGT,0,565951
araCp,0.2,4,4,CTATTCCGGTGCTAGCTTAA,0,592274
araCp,0.2,4,4,CTATGCGCATGTGCTGGTAT,0,590070
araCp,0.2,4,4,CTATGAGCACGAGAAGTCGG,0,528360
araCp,0.2,4,4,CTATGAAAACATTTTATGCC,0,576234
araCp,0.2,4,4,CTATAATCATGGCCTTGATT,0,599889
araCp,0.2,4,4,CTAGTGTTCGCAACCAAACA,0,603720
araCp,0.2,4,4,CTAGTAGGACTTAACAGAAC,0,529718
araCp,0.2,4,4,CTAGGTCAAATTGACAGGGA,0,563773
araCp,0.2,4,4,CTAGGGTCAGACACGGGAAT,0,531910
araCp,0.2,4,4,CTAGGCTTCTTTGTAGATTT,0,537462
araCp,0.2,4,4,CTAGGCAACGCTTTAGAATA,0,582796
araCp,0.2,4,4,CTAGCTACCCCCTTGGGGCA,0,600924
araCp,0.2,4,4,CTAGCATAGTGGAGGCTCCA,0,590180
araCp,0.2,4,4,CTAGATACGAGCCTCATTTC,0,563556
araCp,0.2,4,4,CTAGACTCGGTCTGAACAAT,0,555766
araCp,0.2,4,4,CTAGACGGACGGGATCTACC,0,602969
araCp,0.2,4,4,CTACTATACAGCGGCAAGGC,0,592154
araCp,0.2,4,4,CTACGTCACCGCAGACCAGG,0,558062
araCp,0.2,4,4,CTACGTAATACGTTAACACG,0,572723
araCp,0.2,4,4,CTACCCTGAGGCCATCAATC,0,563230
araCp,0.2,4,4,CTACCAGCACTTGGTTCACA,0,563356
araCp,0.2,4,4,CTACAGAAGTAGGTATGACC,0,587876
araCp,0.2,4,4,CTAAGGTACATGGTCGGCAA,0,596189
araCp,0.2,4,4,CTAAGCCGATCAATGGTGGC,0,586561
araCp,0.2,4,4,CTAACCCACTACTCACTCTT,0,580065
araCp,0.2,4,4,CTAACAAGGGCTGTGGAGCG,0,585971
araCp,0.2,4,4,CGTTGGGAATCTAGCGTCGG,0,543407
araCp,0.2,4,4,CGTTGATCTTCAGTTCGCCC,0,556757
araCp,0.2,4,4,CGTTCGTGAAAGATCTCCTC,0,559829
araCp,0.2,4,4,CGTTATAAGTGGACTGTATT,0,569736
araCp,0.2,4,4,CGTTAGGTGACGTGGCTGTG,0,566071
araCp,0.2,4,4,CGTTAGACGATTGTTTAATT,0,552700
araCp,0.2,4,4,CGTTAAAGAGCTGGTCACGC,0,546651
araCp,0.2,4,4,CGTGTTGCCTGATGGCTTTG,0,583138
araCp,0.2,4,4,CGTGTTAAGGTAGAGTCATG,0,538612
araCp,0.2,4,4,CGTGTATTCGTTTTTTATGC,0,586513
araCp,0.2,4,4,CGTGTAACACTCCAGCAGTT,0,567897
araCp,0.2,4,4,CGTGGTTTACTGCTAGTACT,0,597290
araCp,0.2,4,4,CGTGGTTAAGGTTCATGCGG,0,557900
araCp,0.2,4,4,CGTGATGGCTGATCACCGGG,0,580583
araCp,0.2,4,4,CGTGAATAGACGGGAATAAG,0,598323
araCp,0.2,4,4,CGTGAATAAAGGCGTATACC,0,537558
araCp,0.2,4,4,CGTCTTGTTCTGCGGCCTAT,0,547176
araCp,0.2,4,4,CGTCTTCCATCGCTATACAG,0,589323
araCp,0.2,4,4,CGTCGTGCATCCAACCTCGG,0,542758
araCp,0.2,4,4,CGTCGTAAATCACGCCTGAG,0,570223
araCp,0.2,4,4,CGTCGGGGTCAACACATCTC,0,570030
araCp,0.2,4,4,CGTCCGGGACCTAGGGACAG,0,597816
araCp,0.2,4,4,CGTCCGAGAGCAGTTTAGCA,0,548251
araCp,0.2,4,4,CGTCCATTCTAGCGCACCCC,0,585647
araCp,0.2,4,4,CGTCACCCTGGTAGGGGCAA,0,553620
araCp,0.2,4,4,CGTAGTACATAACTCTCGCC,0,591251
araCp,0.2,4,4,CGTACGGTGTCTTTATATGA,0,535405
araCp,0.2,4,4,CGTACGGCTGGGAGCGTATA,0,535849
araCp,0.2,4,4,CGTACCGCTTCGGCCCCAGT,0,555435
araCp,0.2,4,4,CGTAACGGCCCAGGTTGTCG,0,538870
araCp,0.2,4,4,CGGTTGGCGCTCGCAGATCT,0,596430
araCp,0.2,4,4,CGGTTATTACCCCTAGGTGG,0,581010
araCp,0.2,4,4,CGGTGGAGTTCTGGAATGTA,0,545074
araCp,0.2,4,4,CGGTCCGCGAAGCGTTTCCT,0,583453
araCp,0.2,4,4,CGGTAGTAAAACATGATAAC,0,594521
araCp,0.2,4,4,CGGTAAAAACGAGGCAGCTT,0,556979
araCp,0.2,4,4,CGGGTGGCATATAAAAGACC,0,594524
araCp,0.2,4,4,CGGGTGCTCTTACCTCTGAC,0,567317
araCp,0.2,4,4,CGGGTCCAAGGGATCCTACG,0,534401
araCp,0.2,4,4,CGGGGCACCGCATATAGCCA,0,578951
araCp,0.2,4,4,CGGGGATAACGAGAACCGCG,0,590097
araCp,0.2,4,4,CGGGGAGGTGGGCACCCTAG,0,549632
araCp,0.2,4,4,CGGGCTGCACCGAGGAGGTT,0,568082
araCp,0.2,4,4,CGGGCTAATTAGATGCGTTC,0,586243
araCp,0.2,4,4,CGGGAGGAGGCCGGTTTTGA,0,579951
araCp,0.2,4,4,CGGGACATAACGTGTTCGGA,0,551070
araCp,0.2,4,4,CGGGAATATTTGGGATGGCC,0,565952
araCp,0.2,4,4,CGGCTGGCCAACGTGGGGAT,0,577451
araCp,0.2,4,4,CGGCTATGTGCCGAGGTTCA,0,595161
araCp,0.2,4,4,CGGCTATATGAATACTTGGT,0,574707
araCp,0.2,4,4,CGGCGTGCGACTCAATTTTT,0,549484
araCp,0.2,4,4,CGGCGGGAGAACAAATGATT,0,571064
araCp,0.2,4,4,CGGCGACCTCTATGACTCGC,0,551059
araCp,0.2,4,4,CGGCCGTAGATTACTTTCGT,0,583623
araCp,0.2,4,4,CGGCCGCGTTAAAGCTCGCG,0,540895
araCp,0.2,4,4,CGGCCCCTGCACACCTTTAT,0,536167
araCp,0.2,4,4,CGGATTGGACCCTCAGTGAT,0,547110
araCp,0.2,4,4,CGGATCTAATCGGCGAAGCT,0,554805
araCp,0.2,4,4,CGGACCTGTAGCCCTAAAGA,0,586524
araCp,0.2,4,4,CGGAACTTCGACTTGTGATC,0,551730
araCp,0.2,4,4,CGGAACAACTCAACTCCGGA,0,563384
araCp,0.2,4,4,CGCTTTGCCGAGCGGTCATG,0,527801
araCp,0.2,4,4,CGCTTTCATCGGCCGACTCC,0,590718
araCp,0.2,4,4,CGCTTCACTAAGGTTTCTAG,0,595421
araCp,0.2,4,4,CGCTGTTGCGCTCTAAACGA,0,565184
araCp,0.2,4,4,CGCTGACTATCGCCGTATGC,0,596646
araCp,0.2,4,4,CGCTAGGGGGCTCTGCGGAA,0,600861
araCp,0.2,4,4,CGCGTGTAGGGACGGGCTGG,0,542365
araCp,0.2,4,4,CGCGTCCGTCTATTAGGGGG,0,581568
araCp,0.2,4,4,CGCGTAGTTAAAAGCAGGAT,0,592520
araCp,0.2,4,4,CGCGTACTGCCAACACGCGG,0,529503
araCp,0.2,4,4,CGCGGTCTGAAAACGGATGG,0,538847
araCp,0.2,4,4,CGCGGGTCTGCCGCCCGGAT,0,570107
araCp,0.2,4,4,CGCGCAGATAAAAGAGCGTC,0,581003
araCp,0.2,4,4,CGCGAGTTAAGATCCGTTCG,0,536435
araCp,0.2,4,4,CGCGAGGAACCCCTCAGCGG,0,527330
araCp,0.2,4,4,CGCGACGACTATCAGTTCGC,0,572364
araCp,0.2,4,4,CGCCTGTTCCGTCCTAAGAG,0,595441
araCp,0.2,4,4,CGCCTCCGTCGAGTCGCTCT,0,571686
araCp,0.2,4,4,CGCCTCAATAAACGAGAGCG,0,551084
araCp,0.2,4,4,CGCCCTTGCTACACGCACCG,0,558650
araCp,0.2,4,4,CGCCCGGGATTTGCAAACTT,0,548922
araCp,0.2,4,4,CGCCCCATCTAAGAGTGTAT,0,553081
araCp,0.2,4,4,CGCCCAGCTCGAGGGCACGG,0,529737
araCp,0.2,4,4,CGCCATCACGATGTCCAACA,0,542614
araCp,0.2,4,4,CGCCAGAGCTTCGGTACGGG,0,566270
araCp,0.2,4,4,CGCATTTAGGACAATGGTAC,0,593051
araCp,0.2,4,4,CGCATTGGGGGATGTAAACG,0,548866
araCp,0.2,4,4,CGCATGGGCAACCCAAGAGA,0,585560
araCp,0.2,4,4,CGCATCGCGTGATAGTATCG,0,556998
araCp,0.2,4,4,CGCATCCCTGCTCCTATGGC,0,543041
araCp,0.2,4,4,CGCACTAGGTTTATTTGGGA,0,589612
araCp,0.2,4,4,CGCACCACTTCACTTTAAAC,0,573910
araCp,0.2,4,4,CGATTCGTTGGTTCTAAAGT,0,585210
araCp,0.2,4,4,CGATGGTCTCAAGATCGCTA,0,576008
araCp,0.2,4,4,CGATGGACCTAACAGCGAAT,0,554777
araCp,0.2,4,4,CGATCGTTAACTTGAAACAC,0,528058
araCp,0.2,4,4,CGATATTTACCATTGGGTGC,0,561874
araCp,0.2,4,4,CGATAGCTTGATCGATCGGA,0,568680
araCp,0.2,4,4,CGATAGCCTTGAACGTAAGG,0,585733
araCp,0.2,4,4,CGAGTGCAGCCTGGAATGGA,0,569197
araCp,0.2,4,4,CGAGTCTAGATGCAGTACGT,0,535484
araCp,0.2,4,4,CGAGGAGCTGTAGCCCCTTG,0,585097
araCp,0.2,4,4,CGAGATTCTGGGCCGCTGCC,0,537218
araCp,0.2,4,4,CGACGGTTGTCGAACTCGGG,0,587834
araCp,0.2,4,4,CGACCTCTGTCCTCGTGAAT,0,591713
araCp,0.2,4,4,CGACCTATAAGGTACATGGC,0,535489
araCp,0.2,4,4,CGACATCGTCGTATCAGCAT,0,565321
araCp,0.2,4,4,CGAATGGACACGATTCACCC,0,572663
araCp,0.2,4,4,CGAAGGGCCTGACGATTCAT,0,592263
araCp,0.2,4,4,CGAACAGTTAGCTTACACTG,0,561997
araCp,0.2,4,4,CGAAACAGGAGTCCATATTT,0,567590
araCp,0.2,4,4,CGAAAAATATAACTTATGTT,0,592999
araCp,0.2,4,4,CCTTTTTGGGCAATCACTAT,0,552966
araCp,0.2,4,4,CCTTGTATTTGGCTCAGAGA,0,556149
araCp,0.2,4,4,CCTTGGCGAGTGCTCTTGCC,0,544959
araCp,0.2,4,4,CCTTGCACGGGAAGGGTCTA,0,526573
araCp,0.2,4,4,CCTTCCAAAACTATGAGTTC,0,542956
araCp,0.2,4,4,CCTTCATTCACGGAGGATCA,0,577534
araCp,0.2,4,4,CCTTCAGTTTAACTGATAAC,0,602791
araCp,0.2,4,4,CCTTCAAATGCGGGAGTCCT,0,590260
araCp,0.2,4,4,CCTTATGAAGTATTAAAAAG,0,532956
araCp,0.2,4,4,CCTTAGGACAACCTCTAAAG,0,547654
araCp,0.2,4,4,CCTTACCTCGTAAGCGAGGC,0,574084
araCp,0.2,4,4,CCTTACATCGCACCCACGCG,0,572976
araCp,0.2,4,4,CCTGTTACAGTACGGTATGA,0,563141
araCp,0.2,4,4,CCTGTAATACCTTCAGATGA,0,576626
araCp,0.2,4,4,CCTGGGTCATCTAGTGGCCT,0,599903
araCp,0.2,4,4,CCTGGGGCCACAGCAGGCCA,0,595314
araCp,0.2,4,4,CCTGGCTCCGTTGGTACTTA,0,580616
araCp,0.2,4,4,CCTGCTGTGGAACAGAGGGC,0,566233
araCp,0.2,4,4,CCTGATTAGAGATTGGTGTG,0,581939
araCp,0.2,4,4,CCTGAGTTGTATCGCCGGGG,0,569378
araCp,0.2,4,4,CCTGACCAAGTGGTGTAGGG,0,572437
araCp,0.2,4,4,CCTGAAAAACGTCTACACGG,0,558342
araCp,0.2,4,4,CCTCCTCGCACACAGCAGAT,0,593872
araCp,0.2,4,4,CCTCCAATCATTCCCGATGT,0,538792
araCp,0.2,4,4,CCTCATGTCGTAACGTCACT,0,545393
araCp,0.2,4,4,CCTCAAGGGGCAAAGGCCGA,0,603202
araCp,0.2,4,4,CCTATTTTGGTAGGACTCGT,0,566736
araCp,0.2,4,4,CCTATGCGGCCTGAGGGGGA,0,568165
araCp,0.2,4,4,CCTAGGTCTGGATAGCGTGA,0,541438
araCp,0.2,4,4,CCTAGGGTTAAACTTCGCTT,0,587826
araCp,0.2,4,4,CCTAGCTCATGCAAGGGCCT,0,567692
araCp,0.2,4,4,CCTAGCTAGCTAGCATTTTA,0,529612
araCp,0.2,4,4,CCTAGATGGCCTCACCCGTC,0,591876
araCp,0.2,4,4,CCTACTGTGAGTTGCGCGTC,0,591167
araCp,0.2,4,4,CCTAATGCATTGTCTTATGT,0,586784
araCp,0.2,4,4,CCTAAGGTGCTAAACTAAAC,0,531831
araCp,0.2,4,4,CCGTTTAGGATTAGGAGAAG,0,578266
araCp,0.2,4,4,CCGTCATGCGGAGAGAAAGT,0,568919
araCp,0.2,4,4,CCGGTCCCGGTGTACCGCGT,0,546854
araCp,0.2,4,4,CCGGTCACACCCGCTAGAGA,0,566726
araCp,0.2,4,4,CCGGGGAGTCCACGTTACTG,0,536255
araCp,0.2,4,4,CCGGGAAATGCACTGCTAAA,0,543903
araCp,0.2,4,4,CCGGCTGGCTCAACTCTCAA,0,542452
araCp,0.2,4,4,CCGGCTCTACTTGTTACCAC,0,597253
araCp,0.2,4,4,CCGGCGATATCCCCTCCGTA,0,602188
araCp,0.2,4,4,CCGGCATACATGTTGTACGT,0,555359
araCp,0.2,4,4,CCGGAGTCTGGCCCGTGGCA,0,600611
araCp,0.2,4,4,CCGCGGTGTTTTCGGGAGTG,0,544419
araCp,0.2,4,4,CCGCGGACGCACCGGAGCAG,0,553804
araCp,0.2,4,4,CCGCGCTCAGTGCAACTACA,0,571682
araCp,0.2,4,4,CCGCCTTCTCACAATATAGT,0,570022
araCp,0.2,4,4,CCGCCGATCGGGTACAGTGG,0,575891
araCp,0.2,4,4,CCGCCCCGTCTACATCCCCA,0,571193
araCp,0.2,4,4,CCGCCCCGATGGATATCCCT,0,538919
araCp,0.2,4,4,CCGCAGGGGGAGACCAGGAC,0,577533
araCp,0.2,4,4,CCGCACTAAAATACAATGGT,0,533830
araCp,0.2,4,4,CCGATGACCTCATATACGAG,0,600497
araCp,0.2,4,4,CCGATATAGTGTAGGTAAAA,0,526100
araCp,0.2,4,4,CCGACCTAGGCCCTTGACAG,0,534157
araCp,0.2,4,4,CCCTGTAAATGGACCAGTAT,0,584055
araCp,0.2,4,4,CCCTGCACAAAGACCGTATC,0,583243
araCp,0.2,4,4,CCCTATGTCCCGTTACAGGT,0,581529
araCp,0.2,4,4,CCCTAGCACTTTAACCATGC,0,550192
araCp,0.2,4,4,CCCGTCCCGCCGAGTTCACG,0,531611
araCp,0.2,4,4,CCCGTACTATCCGTTAGGCC,0,527519
araCp,0.2,4,4,CCCGTAAGGTTATAAGTATG,0,571738
araCp,0.2,4,4,CCCGGCGTGAAAATCCTTAA,0,593393
araCp,0.2,4,4,CCCGCAGTATTAGGTAGAAG,0,561490
araCp,0.2,4,4,CCCGATAAGGGGGGACCGAA,0,594811
araCp,0.2,4,4,CCCCATTATCGAATAATCTC,0,541266
araCp,0.2,4,4,CCCCAGAGAGGAGTTCGTTG,0,539759
araCp,0.2,4,4,CCCCACTTCGGAACATTGTG,0,591013
araCp,0.2,4,4,CCCCACACAGCTCCGGCGCT,0,530343
araCp,0.2,4,4,CCCATTCGACACGAACACTG,0,586400
araCp,0.2,4,4,CCCATATTTTATCCCATGCA,0,533567
araCp,0.2,4,4,CCCATACCGAGATATGAGTT,0,574053
araCp,0.2,4,4,CCCACACCACCGTTGCTATG,0,583136
araCp,0.2,4,4,CCCAATCTAATAACCCATCT,0,529738
araCp,0.2,4,4,CCCAACGAGTGATAAGAAGG,0,584619
araCp,0.2,4,4,CCCAACCGCTAGTAGGAGCA,0,528931
araCp,0.2,4,4,CCATTTTTGGGTCGTTAATC,0,601033
araCp,0.2,4,4,CCATGATTTAATTCTCTTGG,0,570759
araCp,0.2,4,4,CCATGATCTATGCTTTGCTT,0,553671
araCp,0.2,4,4,CCATCGGGAGGGTATCCAAA,0,550237
araCp,0.2,4,4,CCATATGGAATGCTTGGTTT,0,531306
araCp,0.2,4,4,CCAGTGGGGTAGGCGCCTAC,0,569391
araCp,0.2,4,4,CCAGTAGCCAACCGGTACCG,0,572917
araCp,0.2,4,4,CCAGTACTGCCGTCTCCCAA,0,526916
araCp,0.2,4,4,CCAGTACCATCAGCGATCTA,0,565536
araCp,0.2,4,4,CCAGGCTAGCCGTTCCACGC,0,550563
araCp,0.2,4,4,CCAGGAATTTATGTTACCAT,0,602481
araCp,0.2,4,4,CCAGCGGGGCCAGGGGGGGA,0,549456
araCp,0.2,4,4,CCAGATTAGTGACTCTGGCA,0,561376
araCp,0.2,4,4,CCACGTCACGAACATACCAG,0,598909
araCp,0.2,4,4,CCACAGTGTTGAGTAGGTCC,0,545729
araCp,0.2,4,4,CCACAGATGACGCGATGGTC,0,549277
araCp,0.2,4,4,CCAATTGGGAACCAGATGTT,0,535226
araCp,0.2,4,4,CCAATGATGACCGACTAGGG,0,578600
araCp,0.2,4,4,CCAACGGCCACATAGTGAGC,0,538516
araCp,0.2,4,4,CCAAATACTTGTGCTCGGAT,0,551139
araCp,0.2,4,4,CCAAAACGACGTTCCCCGAT,0,565510
araCp,0.2,4,4,CATTTTGCCGACTGTGGTGT,0,583746
araCp,0.2,4,4,CATTGGGAAAGGACCCGTAC,0,547553
araCp,0.2,4,4,CATTGCCTGTTCCATAACAG,0,584329
araCp,0.2,4,4,CATTCCGTACTTAGTGAAGG,0,531926
araCp,0.2,4,4,CATTCACAATAAATTTAATA,0,559113
araCp,0.2,4,4,CATTAAGCTTGAGCATTCTC,0,539112
araCp,0.2,4,4,CATTAACCGGAGCCATTTCT,0,591587
araCp,0.2,4,4,CATGTTGATAGGGGGAACTA,0,590586
araCp,0.2,4,4,CATGTTATGGGGTGGGATCC,0,557591
araCp,0.2,4,4,CATGTTACGGTGATCAGACA,0,592324
araCp,0.2,4,4,CATGTTAAGACATTGAATGT,0,561011
araCp,0.2,4,4,CATGTCAATTCCTGCTGGGA,0,563686
araCp,0.2,4,4,CATGCTAATAGCATTTCAGA,0,536081
araCp,0.2,4,4,CATGCGGGGTGGCCCAGGCT,0,590522
araCp,0.2,4,4,CATCGTGCGGAAAACACTCT,0,568996
araCp,0.2,4,4,CATCCCTCATCTTATCAATC,0,571889
araCp,0.2,4,4,CATCCCCGAGCGCAAGATAA,0,585364
araCp,0.2,4,4,CATCATCTGCGTAGGACTTC,0,588901
araCp,0.2,4,4,CATCAGCTGACATACAGCAA,0,527039
araCp,0.2,4,4,CATCAATCCTCTAGCTGAAA,0,590728
araCp,0.2,4,4,CATCAAGAGTAGATAGTAGT,0,593662
araCp,0.2,4,4,CATATAGACTTGTACTGCGT,0,588207
araCp,0.2,4,4,CATAGTGCAGACGCTCGAGG,0,567841
araCp,0.2,4,4,CATAGGGCAACCACATCTAA,0,580115
araCp,0.2,4,4,CATACTGCCAACTGTAGCCC,0,526743
araCp,0.2,4,4,CATACAGGAGGGGTTACAGT,0,567414
araCp,0.2,4,4,CATAACATGGCTCAGCAGAA,0,526135
araCp,0.2,4,4,CATAACAAGTGTGTTGAATT,0,564534
araCp,0.2,4,4,CAGTTGCAGGCACGTGTTGT,0,576189
araCp,0.2,4,4,CAGTTCATCGTCGTGTGAAC,0,586454
araCp,0.2,4,4,CAGTGGTGCATACGCACTAT,0,538409
araCp,0.2,4,4,CAGTGGTAGTATACGGGTCT,0,541621
araCp,0.2,4,4,CAGTGACTGATGGCGGAATG,0,546214
araCp,0.2,4,4,CAGTGACATACGTTTGCCCG,0,547992
araCp,0.2,4,4,CAGTCTCGTTTAATTTTTGT,0,538335
araCp,0.2,4,4,CAGGTTGCTTCGCATCATAC,0,587905
araCp,0.2,4,4,CAGGTCACTCGTTTCTGCTT,0,602021
araCp,0.2,4,4,CAGGGTGTTCGGTTGGGCCA,0,570282
araCp,0.2,4,4,CAGGCTCTTCACTCTGCGAT,0,544801
araCp,0.2,4,4,CAGGCGGAGAACAATGGTCT,0,581608
araCp,0.2,4,4,CAGGCCTAGCTCGAAATGAA,0,561161
araCp,0.2,4,4,CAGGCAGTTCGGAGGCACTA,0,525845
araCp,0.2,4,4,CAGGAGTCAGCATGTTCAGC,0,597661
araCp,0.2,4,4,CAGCGAGGCCAGTGATATGA,0,533465
araCp,0.2,4,4,CAGCCCAGGACATCACGGAT,0,580810
araCp,0.2,4,4,CAGCATACATATCAGTCGCA,0,546268
araCp,0.2,4,4,CAGATTTGTATAGGCCGCCC,0,542567
araCp,0.2,4,4,CAGATTTCTTGTCATTAAAC,0,583995
araCp,0.2,4,4,CAGATCCCCAGACTTCTTCA,0,538387
araCp,0.2,4,4,CAGAGTGTAGAGAAGGCGTT,0,575197
araCp,0.2,4,4,CAGAGGTGTCATACTTCTTG,0,554876
araCp,0.2,4,4,CAGAGATGTCGAGTGCGGTA,0,528031
araCp,0.2,4,4,CAGAGACTTATCGGCGATCG,0,553884
araCp,0.2,4,4,CAGACGTTTTGGCGCGACAC,0,581172
araCp,0.2,4,4,CAGAATAGGCGTGGGTTGCG,0,598887
araCp,0.2,4,4,CAGAAGCTGCTGGCTGCCCT,0,571802
araCp,0.2,4,4,CAGAAACCATGAGAAAGGGG,0,542678
araCp,0.2,4,4,CAGAAAATGAATCCGGCGAC,0,603196
araCp,0.2,4,4,CACTGACGCTGTGAGTGAGT,0,539648
araCp,0.2,4,4,CACTCTTTATGCCTAGTCGT,0,563830
araCp,0.2,4,4,CACGTTCGAAGAAAGGTATA,0,602126
araCp,0.2,4,4,CACGTAATCCATACATTCCT,0,534545
araCp,0.2,4,4,CACGGCTCCATGACCAACGG,0,579223
araCp,0.2,4,4,CACGCTGAACGGGGGGAGAC,0,569909
araCp,0.2,4,4,CACGCATGACTTAGCTCTCA,0,565935
araCp,0.2,4,4,CACGACATTTTGCATACTCG,0,592833
araCp,0.2,4,4,CACGAATCGTAGCGTGCCGT,0,575038
araCp,0.2,4,4,CACCTTCACGATAACCACTA,0,528928
araCp,0.2,4,4,CACCTGCTGCCGCTGCGGGA,0,540959
araCp,0.2,4,4,CACCGCCCCACAATTGAGCC,0,562659
araCp,0.2,4,4,CACCGCAAGACTCGTACACA,0,580297
araCp,0.2,4,4,CACCCGTTTCGTCCTGTTGA,0,535485
araCp,0.2,4,4,CACCATGGATTGGGTCTTAT,0,529352
araCp,0.2,4,4,CACCATAGACGTGACCGTGG,0,598868
araCp,0.2,4,4,CACATAGTCCCGCTCTAATG,0,589813
araCp,0.2,4,4,CACATAATTTCGGAGATTAG,0,542112
araCp,0.2,4,4,CACACTCTGCCCCCCGAAGT,0,544846
araCp,0.2,4,4,CACACTAAGTCCCCTCGCTG,0,536746
araCp,0.2,4,4,CACACGAGCGCCGGATAAGT,0,590885
araCp,0.2,4,4,CACAAGAGTGCAAGCTCGCA,0,576847
araCp,0.2,4,4,CACAACCCTTCCGAAAGCGA,0,533984
araCp,0.2,4,4,CACAAAAAACGTGAAAGCGA,0,588202
araCp,0.2,4,4,CAATTGAGGTGTCGCGAGGA,0,595797
araCp,0.2,4,4,CAATTCATATAAGTGGGAAT,0,533436
araCp,0.2,4,4,CAATTCAGGGGGGGATAAAC,0,587120
araCp,0.2,4,4,CAATTACCATGGGTAACGCT,0,552710
araCp,0.2,4,4,CAATGTCCCCGTAACTAATC,0,564752
araCp,0.2,4,4,CAATGTCACGTCCGGGTCGG,0,584469
araCp,0.2,4,4,CAATGATTCGTGGGGACTGA,0,577216
araCp,0.2,4,4,CAATCGCTCCCCTGAGTTGA,0,526560
araCp,0.2,4,4,CAATCGATGGATTGACGTTA,0,568953
araCp,0.2,4,4,CAATATGAGGCGCCAACGGT,0,554429
araCp,0.2,4,4,CAATATAGCTGAAATTCTTT,0,587868
araCp,0.2,4,4,CAATACTTTAACTACGACGG,0,565398
araCp,0.2,4,4,CAATACGGACCTCCATGTGT,0,535899
araCp,0.2,4,4,CAATACCGGAGGACCAGACA,0,590338
araCp,0.2,4,4,CAAGTGAGAAACCGCATAGG,0,538966
araCp,0.2,4,4,CAAGGGTTAACAAACGCCGT,0,562175
araCp,0.2,4,4,CAAGGGAGAGCGTGGTTTCA,0,575703
araCp,0.2,4,4,CAAGGCACCCGAAAGATCCT,0,589029
araCp,0.2,4,4,CAAGGACACCGACACTTGTT,0,602491
araCp,0.2,4,4,CAAGAGGCGCTTCAGGTACA,0,579837
araCp,0.2,4,4,CAACGGAAAAGTTTTGTAAT,0,532687
araCp,0.2,4,4,CAACCTATGGCCCTGAACAC,0,538353
araCp,0.2,4,4,CAACCGCCTATTAGACAAAC,0,530185
araCp,0.2,4,4,CAACCGATGGTGCACACGAG,0,540404
araCp,0.2,4,4,CAACCGAGTTAAATCGGATA,0,532931
araCp,0.2,4,4,CAACCCTCCAAGATGTGATC,0,560797
araCp,0.2,4,4,CAACATGGTCGGCCAACATT,0,589097
araCp,0.2,4,4,CAACATCCAGCGGGCCTCTT,0,572023
araCp,0.2,4,4,CAAATGCGTGGGACTGCCCC,0,576671
araCp,0.2,4,4,CAAATCCAGCTCACTCTCGT,0,549796
araCp,0.2,4,4,CAAATACCACGCTGTCTTCC,0,563207
araCp,0.2,4,4,CAAAGTATATGAAAGAGGCG,0,555591
araCp,0.2,4,4,CAAAGGTGTGAAAGTTTCAT,0,589641
araCp,0.2,4,4,CAAAGGGTATACATGAACAC,0,591427
araCp,0.2,4,4,CAAAGCTGATATCCTTGCAG,0,576817
araCp,0.2,4,4,CAAAGCAAGCGATTTTGACA,0,574938
araCp,0.2,4,4,CAAACTTGGGATTTACAGAG,0,599439
araCp,0.2,4,4,CAAACCGTCTGGGAATGTCT,0,567617
araCp,0.2,4,4,CAAAAGGGGCCTAAGCAGCA,0,532080
araCp,0.2,4,4,CAAAAAAGTCGAACTCGGAG,0,555308
araCp,0.2,4,4,ATTTTTTAAAATGAGCGTCT,0,558586
araCp,0.2,4,4,ATTTTGACCACTGCAGCCAT,0,536858
araCp,0.2,4,4,ATTTTCACAGCCGGTCTATT,0,568219
araCp,0.2,4,4,ATTTGCTTGATGGTCTACAT,0,601711
araCp,0.2,4,4,ATTTGCTCCATCCAACCGAG,0,549514
araCp,0.2,4,4,ATTTCACCCGTTAGGAGTGT,0,531239
araCp,0.2,4,4,ATTTCAATCAATCGTAAGCT,0,584328
araCp,0.2,4,4,ATTTCAAGCTATAGGGTGAG,0,589867
araCp,0.2,4,4,ATTTATGCTTAGCGGGATCA,0,545280
araCp,0.2,4,4,ATTTAGCTTTGGGTTCTAAA,0,570293
araCp,0.2,4,4,ATTTAATAACCTAACCTGGA,0,548897
araCp,0.2,4,4,ATTTAAGGCGGCAACGCGCA,0,591205
araCp,0.2,4,4,ATTTAACTAGGCTTGGCTCG,0,543955
araCp,0.2,4,4,ATTTAAAACCGAATCGCAAC,0,544084
araCp,0.2,4,4,ATTGTTAGGGACGTCTACTA,0,601941
araCp,0.2,4,4,ATTGGGCTTAGGCAGCGGAT,0,544234
araCp,0.2,4,4,ATTGGACAATACGGTGGGGA,0,587504
araCp,0.2,4,4,ATTGGAAGGATATTCCCTTA,0,539962
araCp,0.2,4,4,ATTGCTCGGACGCACATCAC,0,598819
araCp,0.2,4,4,ATTGCCAGGGGGCGCAAGGA,0,568296
araCp,0.2,4,4,ATTGCAACTGTCTTTGTAGC,0,603587
araCp,0.2,4,4,ATTGATGGCCGTCCTGCTGA,0,587082
araCp,0.2,4,4,ATTGATCCAAGGTTTCGCTA,0,556527
araCp,0.2,4,4,ATTGAGTGTTGCAGCGGCTG,0,557814
araCp,0.2,4,4,ATTGAGCTTGTCGCAGCAGT,0,586040
araCp,0.2,4,4,ATTGACACGCATTAGTCTAG,0,549186
araCp,0.2,4,4,ATTGAATTTGATCACGTATT,0,573028
araCp,0.2,4,4,ATTGAATTCCGTTGTCTAAT,0,526530
araCp,0.2,4,4,ATTGAAGGCTTTTCAACAAC,0,585681
araCp,0.2,4,4,ATTGAAAGGTCTTCATCAAG,0,528555
araCp,0.2,4,4,ATTCTACGAACGGTCAATGC,0,562836
araCp,0.2,4,4,ATTCTAAGCTGCCGGGGCTC,0,577205
araCp,0.2,4,4,ATTCGTGGATGTGTATTTAT,0,534966
araCp,0.2,4,4,ATTCCAGCTGGCAAATGAAC,0,576596
araCp,0.2,4,4,ATTCATGTCGTGTTCAGTTG,0,587311
araCp,0.2,4,4,ATTATTTTTTCCGTGAACTC,0,561371
araCp,0.2,4,4,ATTATTTTGGATTAATAACT,0,541491
araCp,0.2,4,4,ATTATGTTGGTGGCGGCCTC,0,545185
araCp,0.2,4,4,ATTATGTGGATAAGAGTATT,0,562796
araCp,0.2,4,4,ATTATGAGGTAACATTCAAT,0,556067
araCp,0.2,4,4,ATTAGTAAGTCCTCCAGCTT,0,581476
araCp,0.2,4,4,ATTAATCTCCAAATGACTTT,0,575988
araCp,0.2,4,4,ATTAATCCCAGCTTCTAGAT,0,560280
araCp,0.2,4,4,ATGTTTTATACTTTGTTGGC,0,598795
araCp,0.2,4,4,ATGTTTCGAGTTATGAAAAG,0,601489
araCp,0.2,4,4,ATGTTCGTCAACCACCGAGA,0,549204
araCp,0.2,4,4,ATGTTACGTCTTTAATTTTG,0,546723
araCp,0.2,4,4,ATGTGGTGACTGATAGCTAA,0,531508
araCp,0.2,4,4,ATGTGGCAATGTGCATAGTG,0,602011
araCp,0.2,4,4,ATGTGCCAACTATTGAAAGA,0,559603
araCp,0.2,4,4,ATGTCTAGATGCCCAAACTT,0,565181
araCp,0.2,4,4,ATGTCCTGGTCCCAACAGCC,0,599093
araCp,0.2,4,4,ATGTATATCGGTAATCGAGT,0,567905
araCp,0.2,4,4,ATGGTGCGCTGAGATTAATC,0,569674
araCp,0.2,4,4,ATGGTCTAAACTCATATAAA,0,564785
araCp,0.2,4,4,ATGGGTTTAGTCCTATATAT,0,545655
araCp,0.2,4,4,ATGGGGCAGGAATCAGGTTC,0,601251
araCp,0.2,4,4,ATGGGCTACAGCTAGGCGAA,0,581700
araCp,0.2,4,4,ATGGGCGCGTGCCTACCAGA,0,551093
araCp,0.2,4,4,ATGGCCGCTGGCCCCCTATG,0,540505
araCp,0.2,4,4,ATGGCCGAATAGGTACCACT,0,528251
araCp,0.2,4,4,ATGGATCGGTGCTGTTCGAA,0,590250
araCp,0.2,4,4,ATGGAGCGGCGCCCATCATC,0,545250
araCp,0.2,4,4,ATGGACATGGGGCTCAGAGA,0,575342
araCp,0.2,4,4,ATGGAAGGACTGTGCATAAT,0,573233
araCp,0.2,4,4,ATGGAAGAGGCTAGAACCGA,0,547552
araCp,0.2,4,4,ATGCCTAAACAGACTCCGTC,0,534460
araCp,0.2,4,4,ATGCCCTGCTAATCCCCCGA,0,554599
araCp,0.2,4,4,ATGCCAATACGTCTGCGCGT,0,578938
araCp,0.2,4,4,ATGCACAAGTTAGCGGTTCC,0,591264
araCp,0.2,4,4,ATGATCTCCCCAGAATTCAG,0,577075
araCp,0.2,4,4,ATGAGGCTTCAGGATCTTTG,0,593979
araCp,0.2,4,4,ATGAGCCGGATTGATAGTGA,0,553995
araCp,0.2,4,4,ATGAGAAGGATCACTTGAGA,0,530208
araCp,0.2,4,4,ATGACTTGCAATAGACCCTA,0,569497
araCp,0.2,4,4,ATGAAGCCGTAAGCGACATA,0,541054
araCp,0.2,4,4,ATCTTGCTGTGGCTGTCCCA,0,602662
araCp,0.2,4,4,ATCTTCGGCGAGGGAGATTC,0,532928
araCp,0.2,4,4,ATCTTATATGAGAAACTTCG,0,531125
araCp,0.2,4,4,ATCTGAAAATACTCCAAGGG,0,550305
araCp,0.2,4,4,ATCTCTAGGACAACAAACAT,0,589087
araCp,0.2,4,4,ATCTCGGCAGAGGGCGTTCC,0,579708
araCp,0.2,4,4,ATCTCGACACTGCGAAATCG,0,536394
araCp,0.2,4,4,ATCTCAATGCGTCAGGCTTT,0,596972
araCp,0.2,4,4,ATCTATAGCGTTGGCGTTTC,0,548125
araCp,0.2,4,4,ATCTAGTGACTACAGAACCA,0,540465
araCp,0.2,4,4,ATCGTTGGTTCAATAACCTA,0,533939
araCp,0.2,4,4,ATCGGGTTCACGTGCCCATC,0,593965
araCp,0.2,4,4,ATCGGATTTAAACGGTAGGC,0,586204
araCp,0.2,4,4,ATCGCTCGGACGGGCTAATT,0,594321
araCp,0.2,4,4,ATCGCCAGAGGATCACCGGC,0,603516
araCp,0.2,4,4,ATCGCAAATGGCAATTGGCA,0,572548
araCp,0.2,4,4,ATCGAAGATTACGCAATTTG,0,584462
araCp,0.2,4,4,ATCCTTCTAAAAATGGCAAC,0,557136
araCp,0.2,4,4,ATCCTGCCGGATACTTGTAA,0,582963
araCp,0.2,4,4,ATCCTCTTACGCTGTAGTAT,0,536012
araCp,0.2,4,4,ATCCGTTTCGTAGCTCAAAA,0,575748
araCp,0.2,4,4,ATCCGTGCGTCTTGTTTTTC,0,547008
araCp,0.2,4,4,ATCCCTGATCCGGGCGCAAT,0,531988
araCp,0.2,4,4,ATCCCCGCTGAAACTCAATC,0,580083
araCp,0.2,4,4,ATCCAGGTCAAGCTTGCCAC,0,602573
araCp,0.2,4,4,ATCCACTACTGGGAACTCTC,0,576137
araCp,0.2,4,4,ATCCAATGTGAAAAGATTAG,0,530146
araCp,0.2,4,4,ATCATGTACCAAGACGTCCA,0,554600
araCp,0.2,4,4,ATCATCCTTTCATAGCACCA,0,574016
araCp,0.2,4,4,ATCATAATACGGGACTAACT,0,548367
araCp,0.2,4,4,ATCAGTGCCATAAAGTGCTG,0,578135
araCp,0.2,4,4,ATCAGTACTATGGTATTGAA,0,547565
araCp,0.2,4,4,ATCAGGCTCCTGCCGTGAGC,0,585202
araCp,0.2,4,4,ATCAGCTGTTTTCTTTGGTG,0,536901
araCp,0.2,4,4,ATCAGAATCTTTTATAGTGA,0,586181
araCp,0.2,4,4,ATCACTTCCATAACTACCCC,0,583061
araCp,0.2,4,4,ATCACGAGTTAAATAAGAAC,0,539841
araCp,0.2,4,4,ATCACCCCCGCTACGACATC,0,547389
araCp,0.2,4,4,ATCACCAGGGATCGTCGCAT,0,571736
araCp,0.2,4,4,ATCACAACAGGCGTGGCGTT,0,562241
araCp,0.2,4,4,ATCAATTATTTTTTCGACTC,0,553190
araCp,0.2,4,4,ATATTGCCTTGCTCATAAAG,0,566720
araCp,0.2,4,4,ATATTCGCTTAACCGCCCTA,0,569470
araCp,0.2,4,4,ATATGGTCACCTGCTAAAAG,0,556946
araCp,0.2,4,4,ATATCGCCTGTCTGGCTCGA,0,559070
araCp,0.2,4,4,ATATCCATTGCTAAGCTAAT,0,576208
araCp,0.2,4,4,ATATCAAGTGATGGGGTTGC,0,567393
araCp,0.2,4,4,ATATATTGTTCGCATGGGTA,0,547738
araCp,0.2,4,4,ATATATCTGCTTCATTACAC,0,545388
araCp,0.2,4,4,ATAGTTGAGAGGCCGTGTAC,0,603362
araCp,0.2,4,4,ATAGCGACGAACTACTTTAC,0,595616
araCp,0.2,4,4,ATAGCGACCGCAAAATACAT,0,526084
araCp,0.2,4,4,ATAGCCTCGAGACAAACTAA,0,577886
araCp,0.2,4,4,ATAGAATGCTAAGGTTTTAT,0,568946
araCp,0.2,4,4,ATACTATTGGGTTAAGCCCT,0,554561
araCp,0.2,4,4,ATACGTGCATGGACACAGGG,0,569886
araCp,0.2,4,4,ATACGGTCGCAATGCCCTAT,0,571901
araCp,0.2,4,4,ATACGCCTACTGGTCAAGTA,0,587439
araCp,0.2,4,4,ATACGATATTGAGTCACCAC,0,597161
araCp,0.2,4,4,ATACGAGGCAGTGCCCCAAC,0,590800
araCp,0.2,4,4,ATACAGCCATCGCGTAACGA,0,565878
araCp,0.2,4,4,ATACACGATACGCAAGGGCG,0,566712
araCp,0.2,4,4,ATAAGCCATTGAGGTTACAA,0,544094
araCp,0.2,4,4,ATAAGATCAAGGTGCGTCCT,0,551132
araCp,0.2,4,4,ATAACGAAACACACCATAGG,0,564468
araCp,0.2,4,4,ATAAAGCAAGTGCCGAACAC,0,536444
araCp,0.2,4,4,AGTTTTGTTGTCATCGCTGA,0,558697
araCp,0.2,4,4,AGTTTCACTCAGGGAACCTC,0,597283
araCp,0.2,4,4,AGTTTAGCGGCTTAGCCCGG,0,554557
araCp,0.2,4,4,AGTTGGCAAACTGGGACATA,0,572182
araCp,0.2,4,4,AGTTGGACCATTCAGGGTTT,0,544499
araCp,0.2,4,4,AGTTGCTCTAGTAGAACCGT,0,572670
araCp,0.2,4,4,AGTTGAAAAGCGTAGATCCT,0,563557
araCp,0.2,4,4,AGTTCTTTCGTCTTGCTCCA,0,583122
araCp,0.2,4,4,AGTTCCTCTGGCTACGAGGG,0,589528
araCp,0.2,4,4,AGTTCCTCGCCGAAGTTGTT,0,587831
araCp,0.2,4,4,AGTTCAGCTGATACTGATTC,0,535950
araCp,0.2,4,4,AGTTCAATTGTAGGGGAGCT,0,569331
araCp,0.2,4,4,AGTTAGATTCTAGTTTGCTT,0,570230
araCp,0.2,4,4,AGTTACCCCTTCACTTTGAG,0,556003
araCp,0.2,4,4,AGTTAATATGGGCTGAGGGG,0,579115
araCp,0.2,4,4,AGTTAACCATTTGCGACGGT,0,541302
araCp,0.2,4,4,AGTGTTATTTCGTAGGTGGA,0,529727
araCp,0.2,4,4,AGTGTTACCCATCTTAAATG,0,565726
araCp,0.2,4,4,AGTGTGCATGCAGTTTTTAA,0,549550
araCp,0.2,4,4,AGTGTAAATGCATATAGTGA,0,545928
araCp,0.2,4,4,AGTGCCTGCCTGGACTCGGA,0,590590
araCp,0.2,4,4,AGTGCCACCACGCCAGCAGT,0,562948
araCp,0.2,4,4,AGTGCAATGATTACTACCGA,0,554596
araCp,0.2,4,4,AGTCGGTGTAACTTCTGATT,0,545758
araCp,0.2,4,4,AGTCGAGCCGGCTGTCTTGC,0,549771
araCp,0.2,4,4,AGTCCTATGATAGCTCGTAA,0,530962
araCp,0.2,4,4,AGTCCAAGGAACCGCTGAAC,0,574132
araCp,0.2,4,4,AGTCATTCAACGGAAAACCA,0,528856
araCp,0.2,4,4,AGTCAGATCCAACCCTGATG,0,532130
araCp,0.2,4,4,AGTCAGACTCAGCACACTAT,0,581301
araCp,0.2,4,4,AGTCAACCCACGTTGGATTA,0,587663
araCp,0.2,4,4,AGTATGACGCAGGGTGTGAA,0,560828
araCp,0.2,4,4,AGTAGCTGTGAAGTATCCGG,0,583407
araCp,0.2,4,4,AGTACCTCCCTCTCTCAACA,0,526130
araCp,0.2,4,4,AGGTTTGAACCTTACAGACT,0,561809
araCp,0.2,4,4,AGGTTGGGAGGCTCCATTCC,0,566752
araCp,0.2,4,4,AGGTGGATGTGAGTTTTCGA,0,586026
araCp,0.2,4,4,AGGTGCGTATCCCGGGATAG,0,572919
araCp,0.2,4,4,AGGTGCGCACGCACATCGTG,0,536086
araCp,0.2,4,4,AGGTCTTGCTTAAACCCTCC,0,588064
araCp,0.2,4,4,AGGTCACTCTCGTAGCTCTT,0,603157
araCp,0.2,4,4,AGGTCAAGTAAATTTTACCA,0,576702
araCp,0.2,4,4,AGGTATAGGTTTTCCTTCAC,0,548938
araCp,0.2,4,4,AGGTACTGCGTGGGTGAGGA,0,594265
araCp,0.2,4,4,AGGTAACGTGGCCCACCGTA,0,527666
araCp,0.2,4,4,AGGGTTGGACTGTCCAGAAA,0,581767
araCp,0.2,4,4,AGGGGTGCCAATACGTATCA,0,541705
araCp,0.2,4,4,AGGGCGGGACCGGGATTAAC,0,536544
araCp,0.2,4,4,AGGGCCTAGTCGCCCTCGAC,0,568573
araCp,0.2,4,4,AGGGATTTTCCGTACGTTTT,0,595860
araCp,0.2,4,4,AGGGATTGGGTCTGTCCATA,0,554746
araCp,0.2,4,4,AGGCTTAAACAACTGTTCTA,0,577126
araCp,0.2,4,4,AGGCTGTACTAGGTTACGTC,0,547735
araCp,0.2,4,4,AGGCTGCCTTGCCCTCGCGC,0,533633
araCp,0.2,4,4,AGGCTCGTTCACCCTCGTCG,0,600245
araCp,0.2,4,4,AGGCTCAGCCGAAAGCCGGT,0,537048
araCp,0.2,4,4,AGGCGACAATTCAGTAAAGC,0,589999
araCp,0.2,4,4,AGGCCTTAACGGAAACATGA,0,530529
araCp,0.2,4,4,AGGCCAAGATGTACACCACG,0,530883
araCp,0.2,4,4,AGGCAAGATACAGGGCAGGG,0,542042
araCp,0.2,4,4,AGGATGGGGCTGGTTCCTCT,0,603528
araCp,0.2,4,4,AGGAGGGCCAAAGGTTACTC,0,556108
araCp,0.2,4,4,AGGAGCACAATAGCTATCAG,0,528540
araCp,0.2,4,4,AGGAGAAGCCAATGTTCTCA,0,544852
araCp,0.2,4,4,AGGACTCTGGAGCTATGATT,0,541991
araCp,0.2,4,4,AGGACTCGTGCCGAAGAGGC,0,559058
araCp,0.2,4,4,AGGACTAAGCGTAGATGCTG,0,597994
araCp,0.2,4,4,AGGACGTTGTCCATTCAGAT,0,537516
araCp,0.2,4,4,AGGAATTCAATCATCTTGTC,0,589371
araCp,0.2,4,4,AGGAAGTAGTAAAAAAAGGT,0,544588
araCp,0.2,4,4,AGCTTTACTTTGGCACAATG,0,582448
araCp,0.2,4,4,AGCTTGTGGTGCAATGTGGC,0,532182
araCp,0.2,4,4,AGCTTAACCCTCGTGCAATA,0,563759
araCp,0.2,4,4,AGCTGTGTGTCGCGGGTGAA,0,565701
araCp,0.2,4,4,AGCTGGTAACGAAATTGGGT,0,551857
araCp,0.2,4,4,AGCTGCTCTCCAGGGGCGTA,0,591492
araCp,0.2,4,4,AGCTCGGCCTCAGCCCACTA,0,553964
araCp,0.2,4,4,AGCTCAATGTCATACGGTAG,0,540022
araCp,0.2,4,4,AGCTATTCGGAGCCCAAAGA,0,558232
araCp,0.2,4,4,AGCTATCACTGTCGCGAGGG,0,567081
araCp,0.2,4,4,AGCTATATACTTCGCTCCGA,0,576129
araCp,0.2,4,4,AGCTAGTTGCTTCGTTTCGA,0,562508
araCp,0.2,4,4,AGCTAGCCGACCAGTGGTCG,0,537632
araCp,0.2,4,4,AGCGTTAATGGTAAATTTTG,0,566264
araCp,0.2,4,4,AGCGTGTCTCCTTACATCAT,0,526396
araCp,0.2,4,4,AGCGTGAAAGCGGAACTATA,0,535414
araCp,0.2,4,4,AGCGGGTTAAGCCCTTTAAA,0,548416
araCp,0.2,4,4,AGCGGGTAACCGCGAGGAAA,0,554844
araCp,0.2,4,4,AGCGCCTTTCGCCCGGGTCC,0,599243
araCp,0.2,4,4,AGCGCAGTGACTTCGTCCTC,0,537889
araCp,0.2,4,4,AGCGCACCTCGGAGCTACGT,0,541443
araCp,0.2,4,4,AGCGCAAGGGGTAAGATCAT,0,575833
araCp,0.2,4,4,AGCGAAGGTTCTTGAAAACG,0,528149
araCp,0.2,4,4,AGCCTTAAGGAGGAGTGGCC,0,547392
araCp,0.2,4,4,AGCCTACCTGTTACCATTTA,0,572398
araCp,0.2,4,4,AGCCTAACGAACATCATCAT,0,553753
araCp,0.2,4,4,AGCCGGCTTAAGCTCACGGG,0,559597
araCp,0.2,4,4,AGCCCTAAAGTGAACCCAGA,0,570109
araCp,0.2,4,4,AGCCAGCGTTAGCGAGGGAG,0,559574
araCp,0.2,4,4,AGCATGAGGGACCGTTTCTA,0,536881
araCp,0.2,4,4,AGCATCCCCAAGGACTTGTT,0,588346
araCp,0.2,4,4,AGCATACAAAAGATTATCAG,0,599728
araCp,0.2,4,4,AGCAGCTACTTGACTCCTGG,0,545662
araCp,0.2,4,4,AGCAATTACCAGTGGAATAA,0,530700
araCp,0.2,4,4,AGCAAGCTCGGGCCATGCTA,0,600034
araCp,0.2,4,4,AGCAACCTTACAACTGTTGT,0,561430
araCp,0.2,4,4,AGCAAACTATCATGCAGGAG,0,563029
araCp,0.2,4,4,AGATTGTTGGTATTCTAGGT,0,600333
araCp,0.2,4,4,AGATGCGCAAGCTACGCTTC,0,532508
araCp,0.2,4,4,AGAGTAATAAGTGGACGGAA,0,561505
araCp,0.2,4,4,AGAGGTAGGGTAGGTCGGTT,0,541995
araCp,0.2,4,4,AGAGCCCATCAACAGGCAGG,0,534913
araCp,0.2,4,4,AGAGAGTGTTTCCAAACGGT,0,563508
araCp,0.2,4,4,AGAGACGGAGGGATTCTATG,0,590790
araCp,0.2,4,4,AGACTCCATTGTTATCGCAA,0,547721
araCp,0.2,4,4,AGACTCCATGACGTATTCAC,0,530835
araCp,0.2,4,4,AGACCTATGCTTGTCTATTA,0,583049
araCp,0.2,4,4,AGACATTCACTGCGACAGCC,0,597581
araCp,0.2,4,4,AGAATCATATAGGTAACTTG,0,580270
araCp,0.2,4,4,AGAATAACTTTTTTGCAGGC,0,573053
araCp,0.2,4,4,AGAAGTTCGCAGAAATTAAT,0,554084
araCp,0.2,4,4,AGAAGTGGTTTCAATGTGTT,0,564225
araCp,0.2,4,4,AGAAGCAGGTGAGTACCACA,0,593239
araCp,0.2,4,4,AGAACTACGCCTACGATAAG,0,603059
araCp,0.2,4,4,AGAACGTCTATCCCCGCATG,0,590441
araCp,0.2,4,4,AGAACGTAGAGTATTGTCGT,0,532431
araCp,0.2,4,4,AGAACAACCTTAGCCGGTCA,0,564967
araCp,0.2,4,4,AGAAAGCCAAGATGGGGAGC,0,595787
araCp,0.2,4,4,ACTTTGGTTTAACAGTATGT,0,583652
araCp,0.2,4,4,ACTTGTCATTAGGGGAGTGT,0,578313
araCp,0.2,4,4,ACTTAACACGGCCTCGGTTT,0,555351
araCp,0.2,4,4,ACTGTCACATACAGAAGCGG,0,600848
araCp,0.2,4,4,ACTGGACATGCAATATCGAA,0,550636
araCp,0.2,4,4,ACTGCTGCTGACTACGCCCC,0,548741
araCp,0.2,4,4,ACTGCTCTTCTAAGGGCGAG,0,598023
araCp,0.2,4,4,ACTGCGTATACGTGAATATT,0,585124
araCp,0.2,4,4,ACTGCGAGTCTATTACTTTT,0,555287
araCp,0.2,4,4,ACTGAACTACCAACCCGTGG,0,536097
araCp,0.2,4,4,ACTCTTTCCGTTTGTTCATC,0,563502
araCp,0.2,4,4,ACTCTTTAGAGTCTAGCAGT,0,553096
araCp,0.2,4,4,ACTCGAGAATTCTCCAAAGT,0,574065
araCp,0.2,4,4,ACTCCCAATCTCGTATTCCA,0,588951
araCp,0.2,4,4,ACTCAGTCCAGGAGTTTCCT,0,599094
araCp,0.2,4,4,ACTATCTTGAGGACTCGAGT,0,581912
araCp,0.2,4,4,ACTATCGTAATAACCCTTCA,0,603235
araCp,0.2,4,4,ACTATATTGACTAGGTCTGA,0,568481
araCp,0.2,4,4,ACTATAGACTTCAGGCGAAG,0,531412
araCp,0.2,4,4,ACTACTATGGTGCTCTAAGT,0,570808
araCp,0.2,4,4,ACTACCGTATGGTTAGATTT,0,549006
araCp,0.2,4,4,ACTACCAGTGGCAAGTGGCT,0,592094
araCp,0.2,4,4,ACTAAGACTGGGAATGTATA,0,530284
araCp,0.2,4,4,ACGTTTTAGTGATGGGCGTC,0,541436
araCp,0.2,4,4,ACGTTGCGATCAATGAAGGG,0,594742
araCp,0.2,4,4,ACGTTGATTCGTCACAGCTA,0,542038
araCp,0.2,4,4,ACGTGTAAGCCTCCACCTTT,0,585828
araCp,0.2,4,4,ACGTGGTGATCCGTTACAAC,0,561279
araCp,0.2,4,4,ACGTGCACCCCACTGCGCAC,0,598223
araCp,0.2,4,4,ACGTGAACGCGCGATGAAAT,0,586089
araCp,0.2,4,4,ACGTGAAAGGGGATACTGGT,0,531937
araCp,0.2,4,4,ACGTCTCTTTATGTTGCCGG,0,601156
araCp,0.2,4,4,ACGTATTTTGGGTCAAGTCA,0,548408
araCp,0.2,4,4,ACGTAGCGAGTAATTACTAT,0,539611
araCp,0.2,4,4,ACGGTGCTTTGGGTGCGCGA,0,592139
araCp,0.2,4,4,ACGGTGCTTGACGCTTTGAC,0,558015
araCp,0.2,4,4,ACGGTCTGGGGGATATCCCC,0,534149
araCp,0.2,4,4,ACGGTATGCACACATTCGAA,0,566633
araCp,0.2,4,4,ACGGGTTCATTAATAGAGAC,0,580220
araCp,0.2,4,4,ACGGGTACCTAGACCGGATG,0,587126
araCp,0.2,4,4,ACGGGGAGTGAGGCATACAC,0,599778
araCp,0.2,4,4,ACGGGCGGGGTCGGGAAGTA,0,589012
araCp,0.2,4,4,ACGGGACGCTCACCGTGCTA,0,577468
araCp,0.2,4,4,ACGGGAAGATTGCTATGCTG,0,591661
araCp,0.2,4,4,ACGGCGGATGTTCTCCTGGT,0,554726
araCp,0.2,4,4,ACGGCCGGACCCTAGTCTAG,0,595659
araCp,0.2,4,4,ACGGCATCGCACTGGTGGAT,0,603399
araCp,0.2,4,4,ACGGCATACCCCAAGGACAT,0,595282
araCp,0.2,4,4,ACGCTCGTACGGTGAGCTTG,0,537636
araCp,0.2,4,4,ACGCTCCATAGGACGGTCCA,0,574496
araCp,0.2,4,4,ACGCGAGGAGAACTCCAACT,0,585107
araCp,0.2,4,4,ACGCCTCCGGAGCACAGTTA,0,548455
araCp,0.2,4,4,ACGCCATGGCGAACTCAACG,0,558181
araCp,0.2,4,4,ACGATCGGCCGCAACGGGAT,0,529972
araCp,0.2,4,4,ACGATAGGTGTTGCTCAACA,0,600656
araCp,0.2,4,4,ACGAGTTGAACTGGGGGTCC,0,595287
araCp,0.2,4,4,ACGAGTAGTTTCCTGTTGGG,0,561331
araCp,0.2,4,4,ACGACGGCGAAGGAACGATA,0,551600
araCp,0.2,4,4,ACGACGAGATACTATTTCCG,0,526397
araCp,0.2,4,4,ACGACGACACGGGTTATAAG,0,577769
araCp,0.2,4,4,ACGACACGATTGATCTTAGA,0,552632
araCp,0.2,4,4,ACGACAACTCTCTCGGAGTT,0,603487
araCp,0.2,4,4,ACGAACTGGTTGCATCAGAT,0,603075
araCp,0.2,4,4,ACGAACTGGTGCCATGTTCC,0,537894
araCp,0.2,4,4,ACCTTTTGTCGATGGCATAC,0,600895
araCp,0.2,4,4,ACCTTGCGACATGGTACATC,0,541244
araCp,0.2,4,4,ACCTTATTTGCGATTTGAGA,0,574795
araCp,0.2,4,4,ACCTGGCGTCCAATCCCTCT,0,592593
araCp,0.2,4,4,ACCTCGTGGGCATGTGGATT,0,580593
araCp,0.2,4,4,ACCTCGGAATGGCCGAGCAG,0,538864
araCp,0.2,4,4,ACCTCCGCTGCTTGACGCCG,0,560994
araCp,0.2,4,4,ACCTACGCGGCAGGGTTGAT,0,534124
araCp,0.2,4,4,ACCGTGAGGACTGCATTCGT,0,602479
araCp,0.2,4,4,ACCGTATATTCATTGCCGGT,0,590288
araCp,0.2,4,4,ACCGGTAACATCGAAGGTAG,0,561122
araCp,0.2,4,4,ACCGGGTGCGTGTTCGGGTA,0,573082
araCp,0.2,4,4,ACCGGGCTAGACGACGTTAT,0,528442
araCp,0.2,4,4,ACCGCAGCGACACGACCAGT,0,571894
araCp,0.2,4,4,ACCGAGTCAGTAAGTTTCGA,0,571631
araCp,0.2,4,4,ACCCTGGCACGTGGTTGGTT,0,552220
araCp,0.2,4,4,ACCCGTGGTGATAGGGAGGT,0,527061
araCp,0.2,4,4,ACCCGTAAAGATGAGGCGAC,0,581661
araCp,0.2,4,4,ACCCGGTGCTCACAACCGCA,0,599755
araCp,0.2,4,4,ACCCGGAATGGAGGTTAAAA,0,569585
araCp,0.2,4,4,ACCCGCGCGGTGAGAACAGG,0,531141
araCp,0.2,4,4,ACCCCTGGGGCTGACAAGGG,0,552984
araCp,0.2,4,4,ACCCCTCAGTTATAGCTTAC,0,601714
araCp,0.2,4,4,ACCCCGCTGGTGCGGGCGCA,0,565880
araCp,0.2,4,4,ACCCAATGAATGGACCGGTC,0,570171
araCp,0.2,4,4,ACCCAACGGGGTTGGGCTTG,0,576456
araCp,0.2,4,4,ACCAGGGGTTCCATTTTCAC,0,540660
araCp,0.2,4,4,ACCAGGCATGCGTACAGCAA,0,537782
araCp,0.2,4,4,ACCACGTCTAAGGCGGGCAT,0,600778
araCp,0.2,4,4,ACCACGGTATGTTAGAGTGG,0,552504
araCp,0.2,4,4,ACCACGGCCACACAATTTGT,0,580278
araCp,0.2,4,4,ACCAACGGTTGTATTACGTC,0,571006
araCp,0.2,4,4,ACATTTGCCTAGTGCTTTAC,0,571101
araCp,0.2,4,4,ACATTTCAGTGCGTATGGCA,0,536965
araCp,0.2,4,4,ACATTTAGTTAATTACGTGG,0,552860
araCp,0.2,4,4,ACATTGGACGATCAACCGTG,0,550177
araCp,0.2,4,4,ACATTCGGAGGGTTGGGGCA,0,594386
araCp,0.2,4,4,ACATTAGTGTACTGAAGGGG,0,549426
araCp,0.2,4,4,ACATGTCAAATACCAGGTGC,0,532270
araCp,0.2,4,4,ACATGCAGATTAGAAAAACA,0,545946
araCp,0.2,4,4,ACATGAGCGCTCCCAGGAAA,0,540524
araCp,0.2,4,4,ACATCGGTTTGTTCCCTGGA,0,595354
araCp,0.2,4,4,ACATCCCTTTCAAACGGTCC,0,593251
araCp,0.2,4,4,ACAGGTACGTGCCGATATTA,0,594065
araCp,0.2,4,4,ACAGGGCCCTGCCCCTTATG,0,545377
araCp,0.2,4,4,ACAGCCCGCAACTCATTGCT,0,544127
araCp,0.2,4,4,ACAGCCCAGGCGATGTATTT,0,551320
araCp,0.2,4,4,ACACGTCTAAGTAGTCGATA,0,538164
araCp,0.2,4,4,ACACGGTCCCATCGATATGG,0,547183
araCp,0.2,4,4,ACACGGGTTACTTTTGTGCC,0,548779
araCp,0.2,4,4,ACACATATGGACTCCTGCAA,0,532875
araCp,0.2,4,4,ACACAGGGCCAAAAGCGCAG,0,591466
araCp,0.2,4,4,ACACAGCGGGCCAATCCAGG,0,532009
araCp,0.2,4,4,ACAATTCGGGGGGAGCATCA,0,540676
araCp,0.2,4,4,ACAAGTTATTAGGGCATGTC,0,576930
araCp,0.2,4,4,ACAAGAGGTGGGTATTCGGC,0,586344
araCp,0.2,4,4,ACAAATTGTCATTACAGGAG,0,571848
araCp,0.2,4,4,AATTTGTTCCCGGCCTTTCT,0,545387
araCp,0.2,4,4,AATTGGTTTACGGTCGGAGG,0,575493
araCp,0.2,4,4,AATTCAGTTATTATCGGTCT,0,545977
araCp,0.2,4,4,AATTATGTCCAGTGTAGGCC,0,525823
araCp,0.2,4,4,AATTAGGAATAAAGGATTGG,0,573770
araCp,0.2,4,4,AATTACTTGGGTCGTCGAAA,0,585376
araCp,0.2,4,4,AATTACGGTCTGGTCAGAGT,0,532176
araCp,0.2,4,4,AATTACATACTGTAAATGTA,0,534551
araCp,0.2,4,4,AATTAAATTTCGCAGGTATG,0,597662
araCp,0.2,4,4,AATTAAACCCATGGTCGCGG,0,535222
araCp,0.2,4,4,AATGTTTGGACGCGCTGGGT,0,532291
araCp,0.2,4,4,AATGGAGGACCTTGGATATG,0,552628
araCp,0.2,4,4,AATGGACCATCCTCTGACCA,0,569394
araCp,0.2,4,4,AATGCGAAGTGTACTAGGAC,0,572842
araCp,0.2,4,4,AATGATTCGATAGAATACAA,0,534089
araCp,0.2,4,4,AATGAAGACCGCTCCATTAG,0,554442
araCp,0.2,4,4,AATCGTGATCAATAAGGATA,0,602631
araCp,0.2,4,4,AATCGTGAACACAACCTCGA,0,589546
araCp,0.2,4,4,AATCGCACGTTAAGCACGTG,0,574689
araCp,0.2,4,4,AATCCGGGATGGCCTACTCT,0,589920
araCp,0.2,4,4,AATCCCGTGCAGCTGTGCAG,0,537508
araCp,0.2,4,4,AATCATCGCGTAGCAGTACC,0,555835
araCp,0.2,4,4,AATCAGAGTGTCGTCCTGAA,0,600891
araCp,0.2,4,4,AATCACCAAGATTTTTCTCG,0,575910
araCp,0.2,4,4,AATCAACCGACCTATTCTCA,0,527367
araCp,0.2,4,4,AATATGTAACACCAGCCGGC,0,566372
araCp,0.2,4,4,AATAAGTCTCTGCGCACCCG,0,539463
araCp,0.2,4,4,AAGTGAGATCCCCCCAGACT,0,592370
araCp,0.2,4,4,AAGTCAGGGCGACTTATCAG,0,566887
araCp,0.2,4,4,AAGTACACCAACATATGCTT,0,534234
araCp,0.2,4,4,AAGTAAGTTCGTGAGAGTCT,0,538775
araCp,0.2,4,4,AAGTAAGATCCTAACCTGTG,0,581766
araCp,0.2,4,4,AAGGTGTAGGGGCTTACAAT,0,538202
araCp,0.2,4,4,AAGGTCATGTTGGCATAGAA,0,567021
araCp,0.2,4,4,AAGGGAGCAAAGCAATCCTC,0,596223
araCp,0.2,4,4,AAGGCTTATTAGCATATGAC,0,562458
araCp,0.2,4,4,AAGGCCTCATTGCATCTAAA,0,550833
araCp,0.2,4,4,AAGGCACAAGACCCCACGAT,0,577118
araCp,0.2,4,4,AAGGCAAGGCTTGGAATTTC,0,598469
araCp,0.2,4,4,AAGGAGGGTGCCTATATTCA,0,553880
araCp,0.2,4,4,AAGGACTGTGCGGTATCGCA,0,589639
araCp,0.2,4,4,AAGGACCACGATCCAGTATT,0,572753
araCp,0.2,4,4,AAGCTGATTGATTGACCTAA,0,598519
araCp,0.2,4,4,AAGCGGTATCTACCCATGAA,0,538258
araCp,0.2,4,4,AAGCGCGTCATCGCCCTGAA,0,567090
araCp,0.2,4,4,AAGCGATCCTTTGGTTGATC,0,600854
araCp,0.2,4,4,AAGCGATATAACTGGCCTTG,0,528222
araCp,0.2,4,4,AAGCAGGGCGACAGTCTGAC,0,545222
araCp,0.2,4,4,AAGATGTATAGCACGATATT,0,595856
araCp,0.2,4,4,AAGATGGTGGGGGGGTGAAT,0,572592
araCp,0.2,4,4,AAGATGATTCGTCTCGCATC,0,601503
araCp,0.2,4,4,AAGATCCGGGGCTACGTATA,0,533473
araCp,0.2,4,4,AAGAGGTCAGGATGATAATG,0,546336
araCp,0.2,4,4,AAGAGATACAGTGTAAACCC,0,558340
araCp,0.2,4,4,AACTTTTATTGGACCATTTG,0,547002
araCp,0.2,4,4,AACTTCGCAGGATTAGAATG,0,576146
araCp,0.2,4,4,AACTTAAAGGCCAGCGAGAA,0,572343
araCp,0.2,4,4,AACTCCGGTTGGGGGGGTCA,0,598097
araCp,0.2,4,4,AACTAGACATTATCGCCCGG,0,540841
araCp,0.2,4,4,AACTAACCGATGATAGGAGT,0,576979
araCp,0.2,4,4,AACGTGCCTCGCGGCGGACC,0,543616
araCp,0.2,4,4,AACGTCTCAACTAGAAACGA,0,550988
araCp,0.2,4,4,AACGTCCAGGGGTCAATGTA,0,555243
araCp,0.2,4,4,AACGTACACACTATTTTTGC,0,572735
araCp,0.2,4,4,AACGGTTCTACCACAGTTTG,0,551590
araCp,0.2,4,4,AACGGCCTACGCAGTGCTGT,0,587674
araCp,0.2,4,4,AACGGACAGACATGCACAAT,0,597411
araCp,0.2,4,4,AACGCTGACAGATCACTGGG,0,526989
araCp,0.2,4,4,AACGCTAGCCTCAGAAGTTT,0,572402
araCp,0.2,4,4,AACGCCAAGCCAATCATAAG,0,563815
araCp,0.2,4,4,AACGACGAATTAGAGGGATC,0,584511
araCp,0.2,4,4,AACCTCTAAGTCCCCTGGGC,0,546719
araCp,0.2,4,4,AACCCTCCGAACTCAATCGT,0,567067
araCp,0.2,4,4,AACATGTACATTTATTAGGT,0,601983
araCp,0.2,4,4,AACATAGGTGCGTGAGCAAT,0,579972
araCp,0.2,4,4,AACAGGGGTCTATGTACCCA,0,574843
araCp,0.2,4,4,AACAGCTATCGCGGACGTGG,0,597866
araCp,0.2,4,4,AACAGCCTCTTATATGAAGA,0,535481
araCp,0.2,4,4,AACAGAGTATATACCCCCCT,0,588135
araCp,0.2,4,4,AACACAATACCATAAGTTGT,0,592860
araCp,0.2,4,4,AAATTTCTACTTGTAGATAA,0,593502
araCp,0.2,4,4,AAATTGCCATTTAGATTCGA,0,573390
araCp,0.2,4,4,AAATTAAACCTCACTGCCGT,0,571558
araCp,0.2,4,4,AAATCTGATGGTGGCTAGGT,0,572193
araCp,0.2,4,4,AAATCTATAAGCCACATTGT,0,564242
araCp,0.2,4,4,AAATCCGTGTAGGACATATA,0,580916
araCp,0.2,4,4,AAATCAACGTGCCCTGCTCC,0,534875
araCp,0.2,4,4,AAATACGGTCAGGGTAAGAG,0,590951
araCp,0.2,4,4,AAATAAGAGTGCCCCTGTAC,0,544206
araCp,0.2,4,4,AAAGTATGGAATTAACGGGA,0,581160
araCp,0.2,4,4,AAAGTAGCCAGGCTCGGGAG,0,531816
araCp,0.2,4,4,AAAGTACGTTGTACGTCGGA,0,532070
araCp,0.2,4,4,AAAGGGAGTAATATCCGAGT,0,593594
araCp,0.2,4,4,AAAGGATCGCAAAGACTAAG,0,582962
araCp,0.2,4,4,AAAGGATCGAGCGGAGGAGA,0,528288
araCp,0.2,4,4,AAAGGATACGCCGTATCTTT,0,526324
araCp,0.2,4,4,AAAGGAAAGGTCTCGAGGCT,0,528722
araCp,0.2,4,4,AAAGCGCCCTATAGAGAGGT,0,579192
araCp,0.2,4,4,AAAGCCTTAGACATTCGGCA,0,550008
araCp,0.2,4,4,AAAGAAGCATAGCCTTGAAA,0,588726
araCp,0.2,4,4,AAACTTTCCAACACACTGAA,0,567713
araCp,0.2,4,4,AAACTGGGCATCTTGGGGTT,0,575356
araCp,0.2,4,4,AAACGTTTCCGTTTTTTACG,0,559003
araCp,0.2,4,4,AAACCGCTAGCCCCGTCCAC,0,566790
araCp,0.2,4,4,AAACCCGGTACTCGCTGCAT,0,596272
araCp,0.2,4,4,AAACCATGTTCCCCATTAAC,0,535697
araCp,0.2,4,4,AAAATTTTGGAATATAGGGG,0,549875
araCp,0.2,4,4,AAAATACGCGTCTGGATCCA,0,575257
araCp,0.2,4,4,AAAAGAAAGTCACGGTAAAC,0,567439
araCp,0.2,4,4,AAAACTTACCACACTTCGAA,0,596228
araCp,0.2,4,4,AAAACCAGACAGTTCACCTC,0,540719
araCp,0.25,3,3,TTTTTGCACATGTCAAAGCT,0,549411
araCp,0.25,3,3,TTTTTCTCGTTTTTGTTAAT,0,590810
araCp,0.25,3,3,TTTTTCTAAACGTTTGCGTT,0,532098
araCp,0.25,3,3,TTTTGTCGCGACTGTGTTGT,0,548431
araCp,0.25,3,3,TTTTGTAAATCTTATTCGCT,0,557874
araCp,0.25,3,3,TTTTGGTCACCCAAAGGGCT,0,578541
araCp,0.25,3,3,TTTTGGAGAGAATGCCAAGA,0,529256
araCp,0.25,3,3,TTTTGCGGCTAGAAATTTGG,0,598310
araCp,0.25,3,3,TTTTGATTTAGTGCACCAAC,0,563077
araCp,0.25,3,3,TTTTCTAAAAGATCGCTCAT,0,555370
araCp,0.25,3,3,TTTTATAGCGGTATTTTGGT,0,586497
araCp,0.25,3,3,TTTTACCGGAGAACGTAAAC,0,574711
araCp,0.25,3,3,TTTGTTTAAATGTCCAGGGG,0,572051
araCp,0.25,3,3,TTTGTTCTCATTCGGAGAGA,0,555475
araCp,0.25,3,3,TTTGGTCGTAGGTCTCTCAA,0,557199
araCp,0.25,3,3,TTTGGCCGTATAACTCAGAA,0,530997
araCp,0.25,3,3,TTTGGAGCAATGGGATACTG,0,588883
araCp,0.25,3,3,TTTGCTTAATGTGCGACAAA,0,556286
araCp,0.25,3,3,TTTGCAGCCACTAGCAAAGG,0,581253
araCp,0.25,3,3,TTTGCAAAGAGCGAGCTAAT,0,552383
araCp,0.25,3,3,TTTGATGGAATAACGCTTCC,0,563545
araCp,0.25,3,3,TTTGATATTATAGTCTATCC,0,552670
araCp,0.25,3,3,TTTGAGTGAGTCTAAAAATG,0,547128
araCp,0.25,3,3,TTTGACTCGTATCCTCCTTT,0,574225
araCp,0.25,3,3,TTTGAAGCTTTTGCCCTTTA,0,584447
araCp,0.25,3,3,TTTCTTAGGTGACATTGAGG,0,582617
araCp,0.25,3,3,TTTCTAATAGGTCTAGGCCT,0,541317
araCp,0.25,3,3,TTTCGTATGCCCGCAGGTCT,0,539171
araCp,0.25,3,3,TTTCCAATGAACGGCACCGT,0,591354
araCp,0.25,3,3,TTTCATTGGTGTCCTAGAAC,0,562009
araCp,0.25,3,3,TTTCATGATCACCGACGTTT,0,575876
araCp,0.25,3,3,TTTCAGTGCAGTTACGAGAT,0,526978
araCp,0.25,3,3,TTTCAGATATGGCGGGGGCT,0,553139
araCp,0.25,3,3,TTTCAAATACAGGTAGCTGT,0,559037
araCp,0.25,3,3,TTTCAAAGACATCAAAGCTG,0,534192
araCp,0.25,3,3,TTTATTCTTTTTGATCCAGG,0,532612
araCp,0.25,3,3,TTTAGTAGGTCTTGTTCGCC,0,598769
araCp,0.25,3,3,TTTAGACGTCCATGCAAGCT,0,528608
araCp,0.25,3,3,TTTAGAAACAGGGTTGGGTT,0,527073
araCp,0.25,3,3,TTTACCTCTTGGCTTTTCAC,0,554301
araCp,0.25,3,3,TTTACACGGAGATCGGGGTT,0,588243
araCp,0.25,3,3,TTTAAAAAAGGTAGAAATTC,0,571565
araCp,0.25,3,3,TTGTTTTACATCGAGCGCCA,0,582259
araCp,0.25,3,3,TTGTTGGGGACGTGCCGATT,0,577199
araCp,0.25,3,3,TTGTTGAGCCTCATAAAAGT,0,577556
araCp,0.25,3,3,TTGTTCGGCATGATAAGTGC,0,581586
araCp,0.25,3,3,TTGTGGCTTATTTGATGGGG,0,536000
araCp,0.25,3,3,TTGTGCGTTCAGCGCGCCTC,0,597315
araCp,0.25,3,3,TTGTAGCGGGCAATGAGATG,0,590323
araCp,0.25,3,3,TTGTACGCACGGTTTCCTTG,0,571384
araCp,0.25,3,3,TTGTACAAAAGCGCTAAACC,0,575062
araCp,0.25,3,3,TTGGGGGAAAACATCTAACG,0,602158
araCp,0.25,3,3,TTGGCTCTCATATTCGTGGG,0,590198
araCp,0.25,3,3,TTGGATCGGTTCAACTATAC,0,573896
araCp,0.25,3,3,TTGGACTGCCGTTCTTTGGG,0,536118
araCp,0.25,3,3,TTGGACGTTTGCTAACTCTA,0,530165
araCp,0.25,3,3,TTGGAACCTTGACCTTTAGT,0,558830
araCp,0.25,3,3,TTGCTAGTAGAGGAAGCCGA,0,530745
araCp,0.25,3,3,TTGCTAGGTCTGTAAACCCC,0,575535
araCp,0.25,3,3,TTGCGTGCGATTCCCAGAGT,0,561519
araCp,0.25,3,3,TTGCGCTGGTCGCGAGAATC,0,577461
araCp,0.25,3,3,TTGCGAACATAACACAAAGG,0,555704
araCp,0.25,3,3,TTGCGAAATTGTCGTGGGAT,0,573659
araCp,0.25,3,3,TTGCCTTGTACCAGTGTTAC,0,537211
araCp,0.25,3,3,TTGCCCTTATCTTCTCACCT,0,548953
araCp,0.25,3,3,TTGCATCACATGCTCGTGTA,0,541456
araCp,0.25,3,3,TTGCACCACAAGATACTTGC,0,547363
araCp,0.25,3,3,TTGCAAAATCTTGCCAAGAG,0,556429
araCp,0.25,3,3,TTGATCGTGTATCTTATCAT,0,566319
araCp,0.25,3,3,TTGATCCAGCCGATATTAAT,0,536416
araCp,0.25,3,3,TTGATCCAATGCAGAGTTTG,0,589152
araCp,0.25,3,3,TTGACAGCGCTAAATCATTT,0,582295
araCp,0.25,3,3,TTCTGGTCGTGTTTCGCAGC,0,571517
araCp,0.25,3,3,TTCTGCTATATGTGGCTAAG,0,585737
araCp,0.25,3,3,TTCTCGAAAAGTGTTAGAGG,0,572055
araCp,0.25,3,3,TTCTCAACTCTTGACCGTAT,0,591596
araCp,0.25,3,3,TTCTATCTGTACTCATTCTT,0,528065
araCp,0.25,3,3,TTCTACGATGTCGTCACCGA,0,576286
araCp,0.25,3,3,TTCGTTCACTTTTTCTGCCT,0,564998
araCp,0.25,3,3,TTCGTGGGTACATATGGACT,0,564873
araCp,0.25,3,3,TTCGTGCGTCTGGTTGGGTC,0,553396
araCp,0.25,3,3,TTCGGGTCCCGGTTATGTAT,0,569862
araCp,0.25,3,3,TTCGGATCTCGGGTTCTGTA,0,549710
araCp,0.25,3,3,TTCGCTTCGGTAACGTACCT,0,586829
araCp,0.25,3,3,TTCGCTGCGCAAAAATAAAC,0,535705
araCp,0.25,3,3,TTCGAGCTTGATAATCTGGG,0,565212
araCp,0.25,3,3,TTCGAACGGCTGATTACCCG,0,558278
araCp,0.25,3,3,TTCGAAAGGCGCGGAGGAGC,0,559067
araCp,0.25,3,3,TTCCTGGTATAAATTAGTTC,0,539792
araCp,0.25,3,3,TTCCGCGTAATAAGTGCTCA,0,551819
araCp,0.25,3,3,TTCCGAGTCCCGCTGAGCGA,0,554569
araCp,0.25,3,3,TTCCCATATTACCTTACCAT,0,594158
araCp,0.25,3,3,TTCCACGTTCTCTACTCCTG,0,528659
araCp,0.25,3,3,TTCATTCCTGTCTCCGACGG,0,582818
araCp,0.25,3,3,TTCATGGCCGATTGCAAGTT,0,546341
araCp,0.25,3,3,TTCAGTGTCCTACCATATGA,0,599680
araCp,0.25,3,3,TTCAGGAGGCTGCGTCCTGC,0,530477
araCp,0.25,3,3,TTCAGCTTCTTTCCATTTAC,0,579089
araCp,0.25,3,3,TTCACACTCGGCATACTGCT,0,583328
araCp,0.25,3,3,TTCACACCCGTTCCGGTGCG,0,558818
araCp,0.25,3,3,TTCAAGCATTACCGGCGTCC,0,552256
araCp,0.25,3,3,TTATTCGGTCTAGTAAGGGG,0,536591
araCp,0.25,3,3,TTATTAAGTGATCCACTATA,0,590363
araCp,0.25,3,3,TTATTAAGGGAGACCATGGA,0,565660
araCp,0.25,3,3,TTATGTCCATTGGATTCACT,0,552615
araCp,0.25,3,3,TTATGGTTAAGGTAATAGTT,0,528584
araCp,0.25,3,3,TTATGACATCTTAACAGGTC,0,545726
araCp,0.25,3,3,TTATCGGCAGCGAAGCTCTC,0,559506
araCp,0.25,3,3,TTATCATGCAGTCGAGCGGT,0,580529
araCp,0.25,3,3,TTATATATTGCGACTTTATT,0,583706
araCp,0.25,3,3,TTATACGCCGCAGGAATCGC,0,568477
araCp,0.25,3,3,TTATACCCCCTACGGACAAT,0,591121
araCp,0.25,3,3,TTAGTGGACGGACATGATCT,0,537741
araCp,0.25,3,3,TTAGTCCAAAGCAGCTTTTA,0,596314
araCp,0.25,3,3,TTAGGAAGCGAAAATTTTAT,0,576214
araCp,0.25,3,3,TTAGCGTACTCTTTAATATC,0,545200
araCp,0.25,3,3,TTAGCCTTATGGTAGTCACA,0,569754
araCp,0.25,3,3,TTAGCAGCCGCAAAAGTACG,0,554552
araCp,0.25,3,3,TTACTTGCTTCATCTTCGGC,0,554472
araCp,0.25,3,3,TTACTTGAACTATAATGTAT,0,527969
araCp,0.25,3,3,TTACTGTGCCGTATAAGAGC,0,590646
araCp,0.25,3,3,TTACGGCTCTCGTGGCAGTC,0,575324
araCp,0.25,3,3,TTACGAGTGCGTCCACGAGA,0,596698
araCp,0.25,3,3,TTACGAGCCCTCCCTTAGCG,0,576004
araCp,0.25,3,3,TTACCTCTCTGGATGTGGCT,0,577626
araCp,0.25,3,3,TTACCTCGAGTGAATGTTAT,0,573075
araCp,0.25,3,3,TTACCCAGCCCTTAGGCGTA,0,539471
araCp,0.25,3,3,TTAATAGCTCTTTCTAACTG,0,569791
araCp,0.25,3,3,TTAAGTCTCCACCGGCTACA,0,567687
araCp,0.25,3,3,TTAAGGAGATCTATTGTTCT,0,567066
araCp,0.25,3,3,TTAAGCATCTTCGACTCCGC,0,557434
araCp,0.25,3,3,TTAAGACCCGATGCCAGCCT,0,557878
araCp,0.25,3,3,TTAACTACAAGCGTCAGGGC,0,541589
araCp,0.25,3,3,TTAACTAACAGTCCTCTCGT,0,540470
araCp,0.25,3,3,TTAACGGTGGTCTGTAGTCT,0,558363
araCp,0.25,3,3,TTAAACGGGAGTATAGGAGT,0,546789
araCp,0.25,3,3,TTAAACGGCGCGGTAATTCC,0,551994
araCp,0.25,3,3,TTAAAATATGCGTCGGTAAG,0,561543
araCp,0.25,3,3,TGTTTATCGGAATTGCACAC,0,594682
araCp,0.25,3,3,TGTTGAGGGTTTATGTTGCC,0,530702
araCp,0.25,3,3,TGTTCTCGCAACGTTTAGCG,0,591177
araCp,0.25,3,3,TGTTCTACGGCGAGCTATTC,0,567813
araCp,0.25,3,3,TGTTAGGACTGACGAACAGA,0,560931
araCp,0.25,3,3,TGTTAGCGCGGGGGAGCCCC,0,535276
araCp,0.25,3,3,TGTGTTCGGGGGTTGTCACT,0,526542
araCp,0.25,3,3,TGTGTGCAGTGCGTCGCAAG,0,575699
araCp,0.25,3,3,TGTGTCTACGGACACATAAC,0,602749
araCp,0.25,3,3,TGTGTCGCAAGATCTAGAGG,0,542173
araCp,0.25,3,3,TGTGCTCTACAATCTCAATC,0,538813
araCp,0.25,3,3,TGTGCTCGCTGCTGGATAAT,0,596068
araCp,0.25,3,3,TGTGATGCGCCAAGGGCTAC,0,567341
araCp,0.25,3,3,TGTGATACGGTTCCGTGCCG,0,552000
araCp,0.25,3,3,TGTGACTGCTTCGGATTGAT,0,577784
araCp,0.25,3,3,TGTCTTATCTTCGAGCTCAG,0,588366
araCp,0.25,3,3,TGTCTGATAGCAACTAGATG,0,573301
araCp,0.25,3,3,TGTCGGGCGCACCGGACAGG,0,576055
araCp,0.25,3,3,TGTCGGCATCCTCTTACCTC,0,563633
araCp,0.25,3,3,TGTCCTTGAGGTCTGCAGCC,0,588122
araCp,0.25,3,3,TGTCACCCCCTCTCACCCTG,0,599851
araCp,0.25,3,3,TGTCAAGTGTAGCCTGATGT,0,584494
araCp,0.25,3,3,TGTCAAACTCGCTAAGGGCT,0,545816
araCp,0.25,3,3,TGTAGTTAGTATTATATACA,0,600368
araCp,0.25,3,3,TGTAGGATCGTATTTTTCTC,0,528096
araCp,0.25,3,3,TGTACTCTGTGAACGGGTGA,0,601710
araCp,0.25,3,3,TGTACGGCACTATAAGTAAA,0,588193
araCp,0.25,3,3,TGTACACTGGCTAAGTCCGT,0,600149
araCp,0.25,3,3,TGGTTTTGCTGAGACACTTA,0,584560
araCp,0.25,3,3,TGGTTTAGCGAGGTCGAAAG,0,563299
araCp,0.25,3,3,TGGTTGTTGGTGAGTGTCAA,0,550011
araCp,0.25,3,3,TGGTTACCGAATTCGTCTTC,0,547107
araCp,0.25,3,3,TGGTGTTGAGTACGGCAGCA,0,531757
araCp,0.25,3,3,TGGTGATAACAGCTAAGCGT,0,559652
araCp,0.25,3,3,TGGGTCATGTCCTCCTGAGC,0,563257
araCp,0.25,3,3,TGGGGGGACTCATGTCGTTG,0,543262
araCp,0.25,3,3,TGGGGACGGAGGTAGATATC,0,595629
araCp,0.25,3,3,TGGGGACCATGTTACTGGAT,0,529719
araCp,0.25,3,3,TGGGCCAATAACGTAGGGAT,0,530282
araCp,0.25,3,3,TGGCGGTAGTTAGAGCCGTT,0,559269
araCp,0.25,3,3,TGGCGGGGATCCAAATCAAT,0,550421
araCp,0.25,3,3,TGGCGAACCACGTTGTCAGA,0,535991
araCp,0.25,3,3,TGGCCTCAAACTGCACTGAC,0,546545
araCp,0.25,3,3,TGGCCACCTTCTTACGATGG,0,598349
araCp,0.25,3,3,TGGATTAATGTTGCCTGCTT,0,528590
araCp,0.25,3,3,TGGAGCTCGTCAGACGGCAT,0,598165
araCp,0.25,3,3,TGGACACGTTCGTATGTTCA,0,573799
araCp,0.25,3,3,TGGACACCCCTAAGCCGAGC,0,547244
araCp,0.25,3,3,TGGACAAAAGAAAATGTCCC,0,596777
araCp,0.25,3,3,TGGAAGGTTTGCGACTCGAG,0,585429
araCp,0.25,3,3,TGGAACGTGTTCGTGTGGTC,0,548719
araCp,0.25,3,3,TGCTTGGTTAACACGGCATT,0,574089
araCp,0.25,3,3,TGCTTGGGATCGAACACCGC,0,574331
araCp,0.25,3,3,TGCTGGCCGGTACTTACGTC,0,564622
araCp,0.25,3,3,TGCTGCGGCCAACATAGAGT,0,569984
araCp,0.25,3,3,TGCTGACCAGTATGTTACAT,0,532257
araCp,0.25,3,3,TGCTGAACGGCTTGATGAGC,0,536485
araCp,0.25,3,3,TGCTCCGAATTTACTATTAT,0,576537
araCp,0.25,3,3,TGCTCCATACACGTTCGGTC,0,581940
araCp,0.25,3,3,TGCTATCGTTCAACGCTAAT,0,530972
araCp,0.25,3,3,TGCTAACGACCGGGCGTATC,0,581869
araCp,0.25,3,3,TGCGTAAGTGTGAGAATTCG,0,534618
araCp,0.25,3,3,TGCGGGGGCTGGTCGTGAAG,0,555800
araCp,0.25,3,3,TGCGGGCCTAAAGGCACTCG,0,552354
araCp,0.25,3,3,TGCGGCTAAACAGCTGGTAC,0,568876
araCp,0.25,3,3,TGCGCTGGTTTCGTCCCCCT,0,594630
araCp,0.25,3,3,TGCGCGAGTCGGTACGTGTG,0,583725
araCp,0.25,3,3,TGCGCCTCCGGCGAGGACCT,0,598213
araCp,0.25,3,3,TGCGATGCTGTGCACGAGAT,0,578381
araCp,0.25,3,3,TGCGACCCCCTATTAGGCTT,0,537086
araCp,0.25,3,3,TGCGAACCGGCTAATTATGA,0,536415
araCp,0.25,3,3,TGCCGCATCAGCAGGCCCAC,0,587877
araCp,0.25,3,3,TGCCGACAAGCAGACGTCCA,0,600322
araCp,0.25,3,3,TGCCCTTTCTTGAATATTTC,0,570823
araCp,0.25,3,3,TGCCATTTCATCGGGTGGCA,0,553970
araCp,0.25,3,3,TGCCACTCTATCCCTTGCTT,0,544103
araCp,0.25,3,3,TGCCACAACCAGAGCCCAGA,0,570028
araCp,0.25,3,3,TGCATTGGTGTTTTATATAT,0,550109
araCp,0.25,3,3,TGCATTCTTTCCCAACATAG,0,567649
araCp,0.25,3,3,TGCATAGTCGTGTTGCGTAG,0,569618
araCp,0.25,3,3,TGCACGTGTCCTAGAGCCGA,0,580461
araCp,0.25,3,3,TGCACGACAGTGCGTACCCG,0,591758
araCp,0.25,3,3,TGCACCGCGACCCATTGAAT,0,525718
araCp,0.25,3,3,TGATGATGAGGCTGGTTGTC,0,565533
araCp,0.25,3,3,TGATCTTACGGTTCCCTTTA,0,594309
araCp,0.25,3,3,TGAGTAGTTTTCGGTGGCTA,0,526522
araCp,0.25,3,3,TGAGGTTTTATTGCTATGGG,0,554494
araCp,0.25,3,3,TGAGGGTGAGCAGGTTGTTG,0,583979
araCp,0.25,3,3,TGAGGCTGCGCTTTCAACCA,0,542512
araCp,0.25,3,3,TGAGGACATTCCCTTATGAC,0,565025
araCp,0.25,3,3,TGAGCTCTTTTCCATCCTGT,0,552177
araCp,0.25,3,3,TGAGCCACAGATTGAATGCA,0,578956
araCp,0.25,3,3,TGAGCAGTACAATTGGACAT,0,594074
araCp,0.25,3,3,TGAGATGTAAAATATCTAGT,0,567583
araCp,0.25,3,3,TGAGATACCCCGGCGTAGCC,0,548976
araCp,0.25,3,3,TGACTTTAATCTGATAAATG,0,534553
araCp,0.25,3,3,TGACTTTAAGATTGTACGTC,0,565489
araCp,0.25,3,3,TGACTGAGAAAACTCAACCA,0,564568
araCp,0.25,3,3,TGACTCATTACGCTCGCATA,0,576256
araCp,0.25,3,3,TGACGTCCTGATTAATTATT,0,600882
araCp,0.25,3,3,TGAATCCTAAGGTATCGTAT,0,527259
araCp,0.25,3,3,TGAAGACCACGTCGGAGAGC,0,533363
araCp,0.25,3,3,TGAAGAAAGCACACAAGCTC,0,581946
araCp,0.25,3,3,TGAACAGTGCCTATGTCGGC,0,584970
araCp,0.25,3,3,TGAACAATATCAGACGGTGG,0,581328
araCp,0.25,3,3,TCTTTCTCGCCAGACAGTCA,0,553430
araCp,0.25,3,3,TCTTGGACCGATGAGGCCTA,0,597437
araCp,0.25,3,3,TCTTGGAAATAGAACCAGGA,0,562715
araCp,0.25,3,3,TCTGTCGGGAAAAGTTGTTT,0,534686
araCp,0.25,3,3,TCTGTAAGCCTCCTTCTCTT,0,577667
araCp,0.25,3,3,TCTGGGTTACTGCGGTTACT,0,559667
araCp,0.25,3,3,TCTGGCTAGGTCATATTTCT,0,552641
araCp,0.25,3,3,TCTGCTGAATGGACATCAAT,0,603073
araCp,0.25,3,3,TCTGCGTCTACTTGGTTAGT,0,554264
araCp,0.25,3,3,TCTGCGGCAGGAAAGTCAAC,0,541452
araCp,0.25,3,3,TCTGCGCGGAGGTTGCTCAT,0,602734
araCp,0.25,3,3,TCTGCACACCACACCCCTCT,0,545422
araCp,0.25,3,3,TCTGCAACTCATCTCGAGGT,0,536120
araCp,0.25,3,3,TCTGATTTCGTAGGATCGCA,0,596587
araCp,0.25,3,3,TCTGATACCAAAGCAGCAGC,0,597707
araCp,0.25,3,3,TCTGACGTGCCTTAAGAAAC,0,537294
araCp,0.25,3,3,TCTCTTCAAGAGTAACATAA,0,529144
araCp,0.25,3,3,TCTCTTAATGTTTCCCTAGC,0,567490
araCp,0.25,3,3,TCTCGTAATTAAACCAATAC,0,562769
araCp,0.25,3,3,TCTCGCCAGGATGTTTCGGT,0,582460
araCp,0.25,3,3,TCTCCTAAATACGGTTCATA,0,585010
araCp,0.25,3,3,TCTCATCAATTTCTCCAACC,0,553779
araCp,0.25,3,3,TCTCAATCTTAGATGTTCGT,0,583008
araCp,0.25,3,3,TCTATATTGCTTGGTTGATG,0,603731
araCp,0.25,3,3,TCTATAACAGCAGTGAACTC,0,555163
araCp,0.25,3,3,TCTAGGTCGCCCGGCTGTTT,0,583727
araCp,0.25,3,3,TCTAGGGTTACAGTAGTCTC,0,598581
araCp,0.25,3,3,TCTAAGTCTAAACTTTTTGA,0,593790
araCp,0.25,3,3,TCTAAAGTAAGTGGGCGGCC,0,526442
araCp,0.25,3,3,TCTAAACGCAGAACGAACCT,0,539775
araCp,0.25,3,3,TCTAAAAAGTCTCAGCCCCT,0,546158
araCp,0.25,3,3,TCGTCCCGAAATGTCTGTCA,0,538260
araCp,0.25,3,3,TCGTCAGAGACGAATGCCCA,0,542860
araCp,0.25,3,3,TCGTACAGGTCTCCTAAGTG,0,550032
araCp,0.25,3,3,TCGGGGAGGGGCAGGCCACA,0,600715
araCp,0.25,3,3,TCGGGAGTGGGCGTACGTTG,0,590605
araCp,0.25,3,3,TCGGCTCTGCTGCAAGTCCT,0,533526
araCp,0.25,3,3,TCGGCCTGTGCTTAGTCTCG,0,595750
araCp,0.25,3,3,TCGGCCCTTCATTACCCGGC,0,540290
araCp,0.25,3,3,TCGGCAAGTCAGTACCACGA,0,539008
araCp,0.25,3,3,TCGGACATGTATTAGCGGTC,0,530575
araCp,0.25,3,3,TCGCTCACTTCGAGTGTTCT,0,546502
araCp,0.25,3,3,TCGCTATGTTTGACATGCCA,0,529026
araCp,0.25,3,3,TCGCGATGTGTCTCAGCACG,0,557777
araCp,0.25,3,3,TCGCGATCAGTATTGAGTCA,0,564585
araCp,0.25,3,3,TCGCCATTATCTGTCGTTGC,0,571453
araCp,0.25,3,3,TCGCCATCTCTCTAGTTGGT,0,570089
araCp,0.25,3,3,TCGCAAGGACTATCGTGGGC,0,578875
araCp,0.25,3,3,TCGATTTTTGACTTCATCCT,0,598924
araCp,0.25,3,3,TCGATGCTTATGGCAAGCGC,0,557291
araCp,0.25,3,3,TCGAGTCAAACGGTGGGCGA,0,567848
araCp,0.25,3,3,TCGACTATTCTGCGCAGATG,0,582111
araCp,0.25,3,3,TCGACATTAGAGAGCCGAGT,0,594513
araCp,0.25,3,3,TCGACATGAGGGTGACCATG,0,587481
araCp,0.25,3,3,TCGAATGGAAGCATCTTGAA,0,599724
araCp,0.25,3,3,TCGAAGAAGTCGCAACGCCA,0,601855
araCp,0.25,3,3,TCGAACTAGGAAGGCGATAT,0,558578
araCp,0.25,3,3,TCGAACCAGTTAATAAAAGC,0,558526
araCp,0.25,3,3,TCGAAAGTGAACCACGCTCT,0,566715
araCp,0.25,3,3,TCGAAACCAGACCCCTACGA,0,531650
araCp,0.25,3,3,TCGAAACACTTCGCGACCAC,0,561310
araCp,0.25,3,3,TCCTGACTCCCGGGTCCGAG,0,552370
araCp,0.25,3,3,TCCTCAACGGCGAGGATGCA,0,554351
araCp,0.25,3,3,TCCGGGGTCGATGACCCGTT,0,529865
araCp,0.25,3,3,TCCGGCCGCATGTCAATAAA,0,538307
araCp,0.25,3,3,TCCGCTTGCGGGCTTAAGTT,0,597333
araCp,0.25,3,3,TCCGCTTCAGCGCCGGGCTT,0,529273
araCp,0.25,3,3,TCCGCTGCTCTATACTATAT,0,534316
araCp,0.25,3,3,TCCGCTCGCTGTTTAACGGA,0,529898
araCp,0.25,3,3,TCCGCTAATCATGGTAAACC,0,571448
araCp,0.25,3,3,TCCGCGTGGTACCAGAGAGC,0,536431
araCp,0.25,3,3,TCCGCCGGGAGGATGTTTTT,0,532047
araCp,0.25,3,3,TCCCCGTCCTTGTCAGGCGC,0,531122
araCp,0.25,3,3,TCCCCCGTGATGTTAGGAGT,0,544279
araCp,0.25,3,3,TCCCAGCCGCTAGACTAACT,0,580215
araCp,0.25,3,3,TCCATTAGTTATGCCATTAG,0,539750
araCp,0.25,3,3,TCCAGGGCGAGTTGAGATTT,0,543408
araCp,0.25,3,3,TCCACTCGAGCCACCTGGGC,0,533621
araCp,0.25,3,3,TCCACCAGCGACCAGAAAGT,0,547219
araCp,0.25,3,3,TCCAAGCACTGTGTCCCGGA,0,564406
araCp,0.25,3,3,TCATTTTCCAAGGCTTCTTC,0,577354
araCp,0.25,3,3,TCATTGGCAACCGGAATTAA,0,601043
araCp,0.25,3,3,TCATAGCCGACCGTGCCGGT,0,571192
araCp,0.25,3,3,TCATACTGAAGTAGTGTTGG,0,549927
araCp,0.25,3,3,TCAGTGGGATTTGCTCGTAG,0,571094
araCp,0.25,3,3,TCAGTCACGTTGGATCGAAC,0,539881
araCp,0.25,3,3,TCAGTACGGGTGTTTGTCTA,0,580920
araCp,0.25,3,3,TCAGTAATTTAATCACACAC,0,588293
araCp,0.25,3,3,TCAGGATCTTTGGGACCCAA,0,536576
araCp,0.25,3,3,TCAGCCCGGAGACGCTCGCA,0,534679
araCp,0.25,3,3,TCAGAGTGTCACCCCGTAGA,0,552954
araCp,0.25,3,3,TCAGACTATGAGGGATCTTC,0,571426
araCp,0.25,3,3,TCACTGTCTTCGCACGTGGC,0,534678
araCp,0.25,3,3,TCACTAATCCATGCTTACAA,0,525862
araCp,0.25,3,3,TCACGGATCCTTGCAAGAAT,0,544563
araCp,0.25,3,3,TCACGACTCAACAGTCGGAT,0,561749
araCp,0.25,3,3,TCACCTGGACGGTAATTTCA,0,535847
araCp,0.25,3,3,TCACCGCCTTGCCTATTACA,0,553768
araCp,0.25,3,3,TCACCATCCGTCCCCTACTC,0,591420
araCp,0.25,3,3,TCACAGCTAGACTTGTCCTA,0,542285
araCp,0.25,3,3,TCACACAGGCCTTATTAAAT,0,597618
araCp,0.25,3,3,TCAATGTTCAATTTGGTGCT,0,552618
araCp,0.25,3,3,TCAATCGTTTAAGAAGATTG,0,596280
araCp,0.25,3,3,TCAAGGTCAATGTCCGGTTG,0,543074
araCp,0.25,3,3,TCAACTGGCAGGAGGCACTA,0,589861
araCp,0.25,3,3,TCAAATAGTAATAAACATAC,0,551563
araCp,0.25,3,3,TCAAACCTTTCGCGTCTGCA,0,602157
araCp,0.25,3,3,TCAAAATTGAGGTGGGGTCT,0,539818
araCp,0.25,3,3,TATTTTGTTATTGCGTCAAC,0,575166
araCp,0.25,3,3,TATTTGGGGAGAATTGGTTT,0,546152
araCp,0.25,3,3,TATTTCCTCGACCGTAATGC,0,586009
araCp,0.25,3,3,TATTTCACAATAGCATTTAG,0,530009
araCp,0.25,3,3,TATTGTGCTCGAGATTCTTC,0,550513
araCp,0.25,3,3,TATTGGGAGAAGAGCGTCGT,0,571111
araCp,0.25,3,3,TATTGATCGTTACTATACAT,0,529791
araCp,0.25,3,3,TATTCTACGCAGATGTTCCG,0,543984
araCp,0.25,3,3,TATTCGTCAGGGTAGATCAG,0,588548
araCp,0.25,3,3,TATTATTATAATCTCATCTC,0,575603
araCp,0.25,3,3,TATTATGTTCTTATTCTGTA,0,560008
araCp,0.25,3,3,TATGTTCTGCGTGTTTATGG,0,559830
araCp,0.25,3,3,TATGTCGCTTCGCATTTTGT,0,528078
araCp,0.25,3,3,TATGGGCGGGTACCGGTAGA,0,527374
araCp,0.25,3,3,TATGGAGCACACAGGGTGGT,0,595450
araCp,0.25,3,3,TATGCTGACCGTGGAACTGG,0,555206
araCp,0.25,3,3,TATGAACTGAGGTAACTGTA,0,544418
araCp,0.25,3,3,TATCGTCGCTCGATCAAATA,0,578893
araCp,0.25,3,3,TATCGCTGTCTAGGTTTCCA,0,540649
araCp,0.25,3,3,TATCGCCTGTTGTGCTCAAC,0,589209
araCp,0.25,3,3,TATCGAAACCAGCATAGGTA,0,542454
araCp,0.25,3,3,TATCCGGGTGACGAAGCTCA,0,581329
araCp,0.25,3,3,TATCCGGACACCAGTGGATG,0,564418
araCp,0.25,3,3,TATCCCGCGCGCGGCTAGCG,0,562342
araCp,0.25,3,3,TATCCCAGGATTCGATTTAG,0,545506
araCp,0.25,3,3,TATCATAATCGTCGTTGTCC,0,567333
araCp,0.25,3,3,TATATGATTCAATGTGTTTA,0,592929
araCp,0.25,3,3,TATATAGTTCGACTATTAGA,0,586548
araCp,0.25,3,3,TATAGTATCACTGGTCTAAG,0,601100
araCp,0.25,3,3,TATAGGCTCCTATGAGGGTG,0,542604
araCp,0.25,3,3,TATACGATGCATCGTCCTTA,0,582132
araCp,0.25,3,3,TATACGAAGGTAAATGATTG,0,573734
araCp,0.25,3,3,TATACACTTAATATTTATAT,0,532865
araCp,0.25,3,3,TATAATTAAAACCGAAAAAA,0,581403
araCp,0.25,3,3,TATAAGACTCTCGGGGTGGC,0,554854
araCp,0.25,3,3,TAGTCCGGTATTCCTGCACG,0,528847
araCp,0.25,3,3,TAGGTTGGTCGGATGCACGT,0,539883
araCp,0.25,3,3,TAGGTGTTTGTTGCGCCAGT,0,536430
araCp,0.25,3,3,TAGGTGAAGCGCAGCAAGTT,0,594356
araCp,0.25,3,3,TAGGTCGTATCGGAAATCAC,0,589271
araCp,0.25,3,3,TAGGTAAGCGGCGGTGGGCT,0,598947
araCp,0.25,3,3,TAGGGTGACTCGCTTAACGT,0,601615
araCp,0.25,3,3,TAGGACGGTACGACTACCGA,0,525893
araCp,0.25,3,3,TAGGAATAAACCTTACGGGT,0,525671
araCp,0.25,3,3,TAGCTTACGGGGCTGGCGTA,0,589971
araCp,0.25,3,3,TAGCTCTTATTAGTACCACA,0,559326
araCp,0.25,3,3,TAGCGGGACGTATTCCGATT,0,536336
araCp,0.25,3,3,TAGCGGCGTCACGCACCTGT,0,550892
araCp,0.25,3,3,TAGCCTGGAGGCGCAGTTGT,0,599323
araCp,0.25,3,3,TAGCCGGGCGCACATCCTGG,0,542495
araCp,0.25,3,3,TAGCATTTCCGTCAGCGCAA,0,589654
araCp,0.25,3,3,TAGATTAGCGATTAATACAG,0,568936
araCp,0.25,3,3,TAGATAAGACCGCTGACTTA,0,551150
araCp,0.25,3,3,TAGAGGATTAGCTGATTATC,0,598539
araCp,0.25,3,3,TAGAGCTCCCGTCAGGTCAT,0,559511
araCp,0.25,3,3,TAGACTTGTGAGGCGACAGC,0,591178
araCp,0.25,3,3,TAGACCACAAATGTTCGGAT,0,537642
araCp,0.25,3,3,TAGAATATACCTACAGAGGA,0,589462
araCp,0.25,3,3,TACTTTTCTATAGTTTTAAT,0,587612
araCp,0.25,3,3,TACTTGTTAGGAGTAAAAAT,0,560582
araCp,0.25,3,3,TACTGCCTTAGTTCTGCTGG,0,593730
araCp,0.25,3,3,TACTGACTGCGGTTTACCCG,0,561496
araCp,0.25,3,3,TACTCTTCACTCCTTTACCA,0,565335
araCp,0.25,3,3,TACTCGAAATTTCGGACACG,0,580828
araCp,0.25,3,3,TACTCCGAATCCGGGGCTCT,0,561471
araCp,0.25,3,3,TACGGTCGCTCTGACTGTGA,0,565113
araCp,0.25,3,3,TACGGGTAATACAAGAAAGC,0,582562
araCp,0.25,3,3,TACGGGCCGAACAAGATAGC,0,566622
araCp,0.25,3,3,TACGGAGCTCGTTTATCGGG,0,578943
araCp,0.25,3,3,TACGCGGACTGTTTGGGGCA,0,576888
araCp,0.25,3,3,TACGCGGACACAGTCATAAT,0,578029
araCp,0.25,3,3,TACGCGCCAAAACGATTCTA,0,549178
araCp,0.25,3,3,TACGAGCACTTTCAACGAGC,0,580510
araCp,0.25,3,3,TACCTTACTGCTGATTGTGT,0,577412
araCp,0.25,3,3,TACCTGCCTTAGGTATCCTG,0,574366
araCp,0.25,3,3,TACCTCCTGTTATGGCACCC,0,563655
araCp,0.25,3,3,TACCTATTGTATGGAGAGCC,0,579701
araCp,0.25,3,3,TACCTATCCGGTAACGGGAG,0,598389
araCp,0.25,3,3,TACCTATATAGAATTTAACT,0,526672
araCp,0.25,3,3,TACCGTGGCAGGTAGTATAT,0,540492
araCp,0.25,3,3,TACCGGGTCTAGTCGGGCTA,0,593644
araCp,0.25,3,3,TACCGGATGTGCTCAAGGTC,0,581528
araCp,0.25,3,3,TACCGCGGGTATAAATTGCT,0,550837
araCp,0.25,3,3,TACCGACTGCTACTTACTAT,0,560478
araCp,0.25,3,3,TACCGACTCATCTCCCCCTT,0,547375
araCp,0.25,3,3,TACCCCATGCAGTCAGGCGT,0,528581
araCp,0.25,3,3,TACCCAGGCTGAGGGTAGCA,0,535483
araCp,0.25,3,3,TACCACTTGAGAGATCATTC,0,572818
araCp,0.25,3,3,TACCACGTATGCAATGCGAT,0,581622
araCp,0.25,3,3,TACCAAAGGGAACCGTAGCA,0,559620
araCp,0.25,3,3,TACATAGGTTCTAGCACTCG,0,589272
araCp,0.25,3,3,TACAGTGCTGAACATTATCT,0,563621
araCp,0.25,3,3,TACAGGAGCTGGCACAGTCA,0,597541
araCp,0.25,3,3,TACACTTGACGCGGCGCTCT,0,597511
araCp,0.25,3,3,TACACTAACATGAACGCTAG,0,549415
araCp,0.25,3,3,TACACCTGTCCAATTGAACA,0,559466
araCp,0.25,3,3,TACAATAGTGTATTTTTCAG,0,587902
araCp,0.25,3,3,TACAAGGATAAGAGCCACTA,0,557147
araCp,0.25,3,3,TACAAATTGATGGCAGTATG,0,591342
araCp,0.25,3,3,TACAAAGACGACTGGCTCGG,0,565934
araCp,0.25,3,3,TAATTCTGCCTGGTCGAAGA,0,573848
araCp,0.25,3,3,TAATGTAGCCACGTGACTCG,0,587403
araCp,0.25,3,3,TAATGGCGGGTCGCAGACGT,0,552969
araCp,0.25,3,3,TAATGGCGCAGTAACAAGGC,0,591229
araCp,0.25,3,3,TAATGCACTGTACCGATTTC,0,570226
araCp,0.25,3,3,TAATCGTCAGTATTTGGTGC,0,542974
araCp,0.25,3,3,TAATCCGCTCACGAGAGCCA,0,542705
araCp,0.25,3,3,TAATAGCGCGTGGCTGTAAA,0,566666
araCp,0.25,3,3,TAATAAGCGTTCGCTTGGAG,0,588075
araCp,0.25,3,3,TAAGTGTCAGTAAATCGCCA,0,542369
araCp,0.25,3,3,TAAGTCGAATGCATCCTAGT,0,587064
araCp,0.25,3,3,TAAGGGTGGGATTGAAGCCC,0,591358
araCp,0.25,3,3,TAAGGCCCGGGCGTGATTGT,0,600130
araCp,0.25,3,3,TAAGGATGCTCAGTTATGGT,0,555842
araCp,0.25,3,3,TAAGCAGGAGACGTTTGGTA,0,568752
araCp,0.25,3,3,TAAGATGCATAAATAGTTAG,0,549097
araCp,0.25,3,3,TAAGAAGCATCGTCTGTACT,0,594956
araCp,0.25,3,3,TAAGAAAGAACAGCACTTGT,0,546855
araCp,0.25,3,3,TAACTGCAGGCCCAGATCTC,0,529051
araCp,0.25,3,3,TAACATTACGGGTGACACGG,0,533281
araCp,0.25,3,3,TAACATGCGTAAACCTGCTG,0,564200
araCp,0.25,3,3,TAACATCGACGTACGTGGAC,0,571456
araCp,0.25,3,3,TAAATGAGGGGAGATTCGTG,0,540670
araCp,0.25,3,3,TAAATCATAATCTGGTTACC,0,590784
araCp,0.25,3,3,TAAATCAAAATTTAACCCCT,0,595675
araCp,0.25,3,3,TAAAGGTTATGCCTTACCAG,0,592238
araCp,0.25,3,3,TAAACTCAAAGATCCTGTTC,0,578150
araCp,0.25,3,3,TAAACGATTAAGAGAGGTGC,0,585569
araCp,0.25,3,3,TAAACCTTGTCGCCTGGGCG,0,602782
araCp,0.25,3,3,TAAAATGGTCATTGCCAAGG,0,553933
araCp,0.25,3,3,TAAAATGGATGTGGGCCTGT,0,541492
araCp,0.25,3,3,GTTTTGAATGGTGGAAGAGT,0,553844
araCp,0.25,3,3,GTTTCTGGAAGCTGTCGGCT,0,575705
araCp,0.25,3,3,GTTTCCGGCCAGCAATTACG,0,553572
araCp,0.25,3,3,GTTTCCGGATATTAGTTACT,0,547843
araCp,0.25,3,3,GTTGTTCAGCGTTTATCCAC,0,584158
araCp,0.25,3,3,GTTGGCGTATAATCGAACTG,0,570258
araCp,0.25,3,3,GTTGGCGCAGTTAACAGTGC,0,568294
araCp,0.25,3,3,GTTGCGTGAACCCGTGACCC,0,575730
araCp,0.25,3,3,GTTGCACCGTCGGCCACGAA,0,565517
araCp,0.25,3,3,GTTGATTACATGCATTGTCT,0,572956
araCp,0.25,3,3,GTTGATGCGAAAGACTGTCT,0,601761
araCp,0.25,3,3,GTTGAGTGTTGCCCAAAGAC,0,593718
araCp,0.25,3,3,GTTCTGGTGATTACTATCAG,0,571428
araCp,0.25,3,3,GTTCGTGCCCCCGATGTAGC,0,597924
araCp,0.25,3,3,GTTCGATCGACTGGCAACAC,0,594142
araCp,0.25,3,3,GTTCGAACCGCGCCGCGCAA,0,564009
araCp,0.25,3,3,GTTCATGAGATGACTGCTGG,0,569959
araCp,0.25,3,3,GTTCATGAGATCCGAGGAAG,0,591454
araCp,0.25,3,3,GTTCACGAATATAGAGTCAT,0,589746
araCp,0.25,3,3,GTTATTTTTCGCCACTCCTT,0,565421
araCp,0.25,3,3,GTTAGTTGGCAGAGGCGACT,0,583458
araCp,0.25,3,3,GTTAGTAGGTCTAAGCATAG,0,563431
araCp,0.25,3,3,GTTAGTACAAAGCCGGCAAG,0,601137
araCp,0.25,3,3,GTTACTGACGCATGGGGAAA,0,601184
araCp,0.25,3,3,GTTAATCTATCAGTCGGTGG,0,547179
araCp,0.25,3,3,GTTAAACTGTCCCTATTCCC,0,540886
araCp,0.25,3,3,GTGTTCGGTCTAGCTCAACT,0,538086
araCp,0.25,3,3,GTGTGTATCCCGAACCTTCG,0,565624
araCp,0.25,3,3,GTGTGTACAAGTATGCGTGA,0,558881
araCp,0.25,3,3,GTGTGGGCGTATAGTGCCTG,0,564117
araCp,0.25,3,3,GTGTGCGGTACACGTCAGAG,0,578350
araCp,0.25,3,3,GTGTGCCGAAGGTAGCTAAT,0,596716
araCp,0.25,3,3,GTGTCTACACAGGTTTCCGC,0,534156
araCp,0.25,3,3,GTGTCCCGCACTACTTGTGG,0,541306
araCp,0.25,3,3,GTGTCAAGTTACGATTCGTA,0,602908
araCp,0.25,3,3,GTGTAGGTTTTGGCATTTGG,0,540175
araCp,0.25,3,3,GTGTACCAAAGTAGCTGACT,0,573172
araCp,0.25,3,3,GTGGTTTGGGACTGAATCCC,0,543265
araCp,0.25,3,3,GTGGTCCGGACTAAAAACAA,0,592952
araCp,0.25,3,3,GTGGGTATAGCACCGGTGTA,0,552993
araCp,0.25,3,3,GTGGGGGCGAAAAGTTGTTG,0,594208
araCp,0.25,3,3,GTGCTGCTCGCGACGGCAAA,0,589469
araCp,0.25,3,3,GTGCGACGCGTCAATCAATA,0,559985
araCp,0.25,3,3,GTGCGAACCTATGGTGTCGG,0,577033
araCp,0.25,3,3,GTGCCGTGCAACCATAGGGT,0,567584
araCp,0.25,3,3,GTGCCCGCACGCGAACGTCT,0,572246
araCp,0.25,3,3,GTGCCCCCGCTTATGGGTTA,0,581257
araCp,0.25,3,3,GTGCCATTACCTGGACATTT,0,589057
araCp,0.25,3,3,GTGCAGTCGGTTCGGTGTCT,0,542450
araCp,0.25,3,3,GTGCACATCAAACAATATAG,0,545529
araCp,0.25,3,3,GTGATTGTCTAGGGGCTTTT,0,574484
araCp,0.25,3,3,GTGATCATCCACTAATTGAT,0,574942
araCp,0.25,3,3,GTGATATGATTCTAGTCGGT,0,567152
araCp,0.25,3,3,GTGATACGTCGCTTCCCCAT,0,582012
araCp,0.25,3,3,GTGAGGCGTGTTAAAAGTTG,0,539404
araCp,0.25,3,3,GTGAGCGGGCACACGGTTGC,0,555797
araCp,0.25,3,3,GTGAGCCATGTACGACGCTG,0,576607
araCp,0.25,3,3,GTGAGAGTTTCTATGTAAGT,0,534802
araCp,0.25,3,3,GTGACTTATTGTATATGGCC,0,555960
araCp,0.25,3,3,GTGAATCAACAGGAACCCTG,0,547351
araCp,0.25,3,3,GTCTTTCTCGGCAGGCAGTT,0,590210
araCp,0.25,3,3,GTCTTGTCATGAACGTATTG,0,539825
araCp,0.25,3,3,GTCTTATGGCTTCCTGATAA,0,529528
araCp,0.25,3,3,GTCTGTTTTATAATTTCAGC,0,587915
araCp,0.25,3,3,GTCTGGTGTGTTGACCGCCA,0,578186
araCp,0.25,3,3,GTCTGGCGGCACGTGCTAAT,0,599583
araCp,0.25,3,3,GTCTATTGTGCGATCTGGCG,0,580324
araCp,0.25,3,3,GTCGGCCGCGGTAGATGCTC,0,531046
araCp,0.25,3,3,GTCGCTTTATCTTTGGTCCA,0,566262
araCp,0.25,3,3,GTCGCACGAGCCATAGGATA,0,536003
araCp,0.25,3,3,GTCCTTATTCAGGATGCCTT,0,575775
araCp,0.25,3,3,GTCCTTAATTCTGGCCTGAT,0,556908
araCp,0.25,3,3,GTCCGTCGCACGGGTGGGTA,0,588149
araCp,0.25,3,3,GTCCGTACAAGTATTGGAAG,0,576826
araCp,0.25,3,3,GTCCGGACGCGGCCAAACTC,0,538996
araCp,0.25,3,3,GTCCGGAAACTTTTCAGTCA,0,561654
araCp,0.25,3,3,GTCCCTTTAATGCCACCTGA,0,585401
araCp,0.25,3,3,GTCCCTAGTTGAGGGCCTTC,0,556215
araCp,0.25,3,3,GTCCCGCAGCGCGACTCGTC,0,585276
araCp,0.25,3,3,GTCCATTCATAAGTAGCTGG,0,543836
araCp,0.25,3,3,GTCATCCGTCAGTGTGCATA,0,564010
araCp,0.25,3,3,GTCATACCTAGCTAGACGGA,0,567378
araCp,0.25,3,3,GTCAGATTTACGACAGCGGA,0,570948
araCp,0.25,3,3,GTCACTATCCGGAATTAGTC,0,529693
araCp,0.25,3,3,GTCACGGGACCGTCCATCAA,0,533913
araCp,0.25,3,3,GTCAATGCTGATTGCCTCAG,0,567086
araCp,0.25,3,3,GTCAAGGTGTGAGCGTACGT,0,529036
araCp,0.25,3,3,GTCAAATGATTTCCTAACAG,0,582322
araCp,0.25,3,3,GTATTTTGTCCACGGAGTGT,0,577208
araCp,0.25,3,3,GTATTACTGCTTGGTTGTCA,0,536684
araCp,0.25,3,3,GTATGCTTAAGCCACGCCAG,0,532553
araCp,0.25,3,3,GTATGCCCATGTGCTGAAGC,0,556598
araCp,0.25,3,3,GTATCGGCGAGTCAGCCTAG,0,542189
araCp,0.25,3,3,GTATCCTCTGCTGCAGCAAA,0,537296
araCp,0.25,3,3,GTATCAGTATCTCGATTAAA,0,590582
araCp,0.25,3,3,GTATAGGAGGTTTGTAAGGC,0,535190
araCp,0.25,3,3,GTATAGACGCCTACCACGGG,0,532232
araCp,0.25,3,3,GTATACTCTGTACCCATGTC,0,568030
araCp,0.25,3,3,GTATACTAACTAATGAGAAA,0,555364
araCp,0.25,3,3,GTATACAGAATGAAGTTTTC,0,587494
araCp,0.25,3,3,GTATACACACTCTCCGCAAT,0,595819
araCp,0.25,3,3,GTAGTTGGCTATATACAGCT,0,547256
araCp,0.25,3,3,GTAGTGGGTCGCAAATACGG,0,591494
araCp,0.25,3,3,GTAGTGAGTTCATAGAGACG,0,585939
araCp,0.25,3,3,GTAGTATCGGACCGATCGAG,0,574660
araCp,0.25,3,3,GTAGTAGAGCACCTACGTCA,0,532020
araCp,0.25,3,3,GTAGTACTAACGCATTGGGC,0,585899
araCp,0.25,3,3,GTAGGATGGATTTTGCGAAT,0,603688
araCp,0.25,3,3,GTAGCTCCGGGTAGCCCCGC,0,529967
araCp,0.25,3,3,GTAGAGTGTGCTGAAGCATC,0,580500
araCp,0.25,3,3,GTACTTACTCTAACACTTAT,0,538510
araCp,0.25,3,3,GTACGGTAAAGTGGCCTCTG,0,533471
araCp,0.25,3,3,GTACGCCGTATGATACTGGA,0,542783
araCp,0.25,3,3,GTACCTCTCCTATTATTAAT,0,531577
araCp,0.25,3,3,GTACAATAAATCGAGGGCCA,0,577583
araCp,0.25,3,3,GTACAAGCCTTAGAGCCCGC,0,560257
araCp,0.25,3,3,GTAATGTGTTGGAAAACGTG,0,535724
araCp,0.25,3,3,GTAATCTGGCTCAGAATACG,0,557533
araCp,0.25,3,3,GTAAGTAGGATAAGTATTGG,0,578690
araCp,0.25,3,3,GTAAGAACTTTCGGGTTCTG,0,561350
araCp,0.25,3,3,GTAACCGTCGATTTGACGGC,0,565745
araCp,0.25,3,3,GTAAAGCCCCATTATAACGT,0,569715
araCp,0.25,3,3,GGTTTGAGTATCGCGCTATG,0,528240
araCp,0.25,3,3,GGTTTAGCTCTCGGAGAGGA,0,602118
araCp,0.25,3,3,GGTTGTGCTCTAGTTACGCG,0,534334
araCp,0.25,3,3,GGTTGGCCTGCTGACGGAGA,0,531218
araCp,0.25,3,3,GGTTGCATGGTTCGCAGCAG,0,576941
araCp,0.25,3,3,GGTTGACTTGCCGAGGCAGT,0,599496
araCp,0.25,3,3,GGTTCTATGAAAAACGCGCG,0,586176
araCp,0.25,3,3,GGTTCCTCATCGTTTCGATC,0,543489
araCp,0.25,3,3,GGTTCATATCCCATTGCGCA,0,569367
araCp,0.25,3,3,GGTTCAGTCTGGGGAAACTA,0,543806
araCp,0.25,3,3,GGTTACGGAGATTCCAATTA,0,543811
araCp,0.25,3,3,GGTTACCCTCCGCGAGGACC,0,590003
araCp,0.25,3,3,GGTTACAACGCATGGGAGAG,0,595807
araCp,0.25,3,3,GGTTAAGTAATCACTAGAAA,0,556273
araCp,0.25,3,3,GGTTAAGCCGGGATTGTGAG,0,536449
araCp,0.25,3,3,GGTGTGGGCGGAGCTCCTTA,0,531160
araCp,0.25,3,3,GGTGTGCTCTTATCGGCTAC,0,539599
araCp,0.25,3,3,GGTGTCGCTCTTTAGCCGGA,0,573524
araCp,0.25,3,3,GGTGTATAGGCACAGCTGGT,0,560922
araCp,0.25,3,3,GGTGGTCACTTTATTTCCGA,0,550928
araCp,0.25,3,3,GGTGGCGTGCGTCCACGATG,0,581120
araCp,0.25,3,3,GGTGGCCAATCTAAAGCCTT,0,541249
araCp,0.25,3,3,GGTGCGAATCGTGATGGTAC,0,549736
araCp,0.25,3,3,GGTGCCGTCAATGATGTAGC,0,585817
araCp,0.25,3,3,GGTGCCCATACACGATACTG,0,530195
araCp,0.25,3,3,GGTGCCAACCCGACGACTGC,0,572536
araCp,0.25,3,3,GGTGACGGGCAAAGAAGGAC,0,570143
araCp,0.25,3,3,GGTGACGCAGACTCCAGTAT,0,542690
araCp,0.25,3,3,GGTGACCGGGACCTATAACC,0,537695
araCp,0.25,3,3,GGTCCTAGTTTGGACACATG,0,566889
araCp,0.25,3,3,GGTCCCATCCCGGTACGATG,0,582253
araCp,0.25,3,3,GGTCCCATACTTTTACACAT,0,526524
araCp,0.25,3,3,GGTCAGTCGATTACATACTT,0,530021
araCp,0.25,3,3,GGTCAGCTGGTCCACTCGGT,0,566316
araCp,0.25,3,3,GGTATGCGTCCCACTTAGCG,0,561509
araCp,0.25,3,3,GGTAGGCATAAACGGTGAAC,0,581582
araCp,0.25,3,3,GGTAGCAAGGCTGTTCAAAT,0,536225
araCp,0.25,3,3,GGTACTTCGGTCTGGTTCCT,0,529173
araCp,0.25,3,3,GGTACTCTAATGGGACCCGT,0,564467
araCp,0.25,3,3,GGTACAGAGCGCCATTCACA,0,538144
araCp,0.25,3,3,GGTAACTAAGTTTGACCTTG,0,546739
araCp,0.25,3,3,GGTAAAGCCCCATGACCCGC,0,564677
araCp,0.25,3,3,GGGTTGCTATCAACAGGTGT,0,576225
araCp,0.25,3,3,GGGTTAGCTAGCGTCGGGCT,0,554078
araCp,0.25,3,3,GGGTGCGAATTGCTCGAGCC,0,550375
araCp,0.25,3,3,GGGTCTTTTATACACGGACT,0,537351
araCp,0.25,3,3,GGGTCGGGTTAGCCCCTCAA,0,538578
araCp,0.25,3,3,GGGTCGAAAAGCGCGCCCTT,0,595260
araCp,0.25,3,3,GGGTCCTTGACTCGGCATTG,0,539758
araCp,0.25,3,3,GGGTAGACATTTTTAGTTTA,0,555903
araCp,0.25,3,3,GGGTAGAAAGCTTCAGCGGT,0,527293
araCp,0.25,3,3,GGGTAACCCGTCAGTTCTAG,0,558443
araCp,0.25,3,3,GGGGGATAACCAAAGATTTT,0,563341
araCp,0.25,3,3,GGGGCTTCTCGCTGTAGGGG,0,575475
araCp,0.25,3,3,GGGGCCACACACACTTTAAA,0,557057
araCp,0.25,3,3,GGGGCAGCCGATATGTTTGG,0,538276
araCp,0.25,3,3,GGGCTGTCGGGGGTACAAAA,0,596097
araCp,0.25,3,3,GGGCTGATGATGGTTTGTCA,0,548370
araCp,0.25,3,3,GGGCCTATGTGGGGAGGCAT,0,534683
araCp,0.25,3,3,GGGCCACCGGAAAGTTGTTG,0,586492
araCp,0.25,3,3,GGGCACAGTCTTCGGGTGTC,0,546637
araCp,0.25,3,3,GGGCAACGTGTCGGATACAA,0,532397
araCp,0.25,3,3,GGGATTCGCGTTGGTTAGTA,0,586115
araCp,0.25,3,3,GGGATCGCACACAGGCACTT,0,573009
araCp,0.25,3,3,GGGACTACATTCATCGGAGG,0,570408
araCp,0.25,3,3,GGGACGTCCCCGTCCAAACT,0,557844
araCp,0.25,3,3,GGGACACACAGAATAGTATG,0,588300
araCp,0.25,3,3,GGGAAGTTCGAATGCCGATT,0,600242
araCp,0.25,3,3,GGGAACTCAGTGTACCATGG,0,598197
araCp,0.25,3,3,GGGAACAGCACCATCCGAAC,0,556679
araCp,0.25,3,3,GGCTTTTATTTATGCATTTA,0,544584
araCp,0.25,3,3,GGCTTTGGGGTTGATGGACA,0,581431
araCp,0.25,3,3,GGCTTTAAGAGAATCTGGGA,0,527279
araCp,0.25,3,3,GGCTTAGATATCAATAGAAC,0,525711
araCp,0.25,3,3,GGCTGCTGGTTACTAAGCCC,0,591821
araCp,0.25,3,3,GGCTGCATGCCCACCAACAG,0,534070
araCp,0.25,3,3,GGCTGAGTTCTATCTACGCC,0,596356
araCp,0.25,3,3,GGCTCATGCTATGTCTCTGA,0,528852
araCp,0.25,3,3,GGCTACAAGTATGGCTCGGA,0,545918
araCp,0.25,3,3,GGCTAACTGGCGTTGAGTCG,0,581360
araCp,0.25,3,3,GGCGTTTTTGCTCACACAAG,0,541128
araCp,0.25,3,3,GGCGTTAGGACATCAGCTTG,0,573331
araCp,0.25,3,3,GGCGTAATAAACGAATTGAT,0,569222
araCp,0.25,3,3,GGCGGTTCTCATAGATGCTT,0,583289
araCp,0.25,3,3,GGCGGTATGGGCGGTAGCCT,0,587913
araCp,0.25,3,3,GGCGGGATGAACGTCAGCAG,0,543125
araCp,0.25,3,3,GGCGGGACGGTCAACTCTCA,0,527145
araCp,0.25,3,3,GGCGCGGATTGTTATAATCC,0,557755
araCp,0.25,3,3,GGCGATCACTGTCCTACGGA,0,567232
araCp,0.25,3,3,GGCCTAGTTCAACTCCTTGA,0,549872
araCp,0.25,3,3,GGCCTACTTTCAACGAAATT,0,534623
araCp,0.25,3,3,GGCCGAATCTACCAGCCCAC,0,551237
araCp,0.25,3,3,GGCCCTGTAGGCACACCCAA,0,591790
araCp,0.25,3,3,GGCCCAATATGAGCCTGGGT,0,569823
araCp,0.25,3,3,GGCATTCGAGCACGCTATTG,0,568552
araCp,0.25,3,3,GGCATACTACATTGAGATAA,0,587857
araCp,0.25,3,3,GGCATAAGGTAGCCCCGGGG,0,594739
araCp,0.25,3,3,GGCAGTGACCTGCGGGCTAT,0,538300
araCp,0.25,3,3,GGCAGCCGCGAATGGTGGAC,0,536116
araCp,0.25,3,3,GGCAGACTTGAGGGGCATCT,0,536640
araCp,0.25,3,3,GGCAGACGGGTATAGACCGT,0,540671
araCp,0.25,3,3,GGCACCGCGGCTAATCTATA,0,545383
araCp,0.25,3,3,GGCACCATTAGGCGTGGATC,0,568634
araCp,0.25,3,3,GGCACAGTCAATAGGTAACT,0,560933
araCp,0.25,3,3,GGCAATCAGGGTCTGGTTTC,0,539312
araCp,0.25,3,3,GGATTGTTATCATTGCGAAG,0,550439
araCp,0.25,3,3,GGATGGATCCCAGCGGTGCA,0,582335
araCp,0.25,3,3,GGATGGACAGAAAAAGGTCG,0,582435
araCp,0.25,3,3,GGATCAGCTTATCTCTCGGA,0,568696
araCp,0.25,3,3,GGATCACGTACCGGGGCCGG,0,532071
araCp,0.25,3,3,GGATAGAAATGCTGGGTCAA,0,544214
araCp,0.25,3,3,GGAGTTCAAGGCGGCATACA,0,565814
araCp,0.25,3,3,GGAGTGCATGCCGGAGCTTT,0,564968
araCp,0.25,3,3,GGAGGTTGAGTAGGTGAAGA,0,599983
araCp,0.25,3,3,GGAGGTCACCTAAGTATCCT,0,529623
araCp,0.25,3,3,GGAGGGCATCTCGTACCTCC,0,532384
araCp,0.25,3,3,GGAGGCACAAAACTACCCCC,0,545452
araCp,0.25,3,3,GGAGCCGTTGGCTATATCAC,0,572300
araCp,0.25,3,3,GGAGAGATTCTTCTTGGATC,0,544961
araCp,0.25,3,3,GGAGACTACTCCGCATAGTG,0,600934
araCp,0.25,3,3,GGACGGCACTCGCATGTCGT,0,586292
araCp,0.25,3,3,GGACGACCGCCCTTACGTTT,0,532567
araCp,0.25,3,3,GGACCGCGTGTGCATTGTAG,0,548012
araCp,0.25,3,3,GGACCCCCTCGGCAAGAATT,0,551603
araCp,0.25,3,3,GGACCAGACGTATCTGGTTC,0,551278
araCp,0.25,3,3,GGACACTGTGAGAAACCACG,0,595185
araCp,0.25,3,3,GGAATACATGACGACATCTC,0,562937
araCp,0.25,3,3,GGAAGGGCCCAGGCATCATA,0,558751
araCp,0.25,3,3,GGAAGACATGAGAACCCTCA,0,551951
araCp,0.25,3,3,GGAAACGAAGCGCTACTTTG,0,590058
araCp,0.25,3,3,GGAAAACGGTTCGGCGATGT,0,552574
araCp,0.25,3,3,GCTTTGTTACATCATACTAA,0,595912
araCp,0.25,3,3,GCTTGTGCGTAGAATACTCA,0,528101
araCp,0.25,3,3,GCTTCCTGTTCCCGTAGAGC,0,530804
araCp,0.25,3,3,GCTTATACGAGAATGCATCT,0,525992
araCp,0.25,3,3,GCTGTTTATATCTCTTAGCG,0,589496
araCp,0.25,3,3,GCTGTGCAGTATGGCGGGCT,0,568070
araCp,0.25,3,3,GCTGTGAGGCAATCAATGCT,0,553667
araCp,0.25,3,3,GCTGTACTCTGATGGATTAT,0,534421
araCp,0.25,3,3,GCTGGTCAAAAGAATTAGAG,0,547749
araCp,0.25,3,3,GCTGGACCAGGTCCTAGGTA,0,597052
araCp,0.25,3,3,GCTGCCGCGAGTTTGGTCTC,0,573076
araCp,0.25,3,3,GCTGATAGGCTAGGTCGAGG,0,581267
araCp,0.25,3,3,GCTCGTTTCCAGCAAGCTAC,0,572174
araCp,0.25,3,3,GCTCGGATCGTTGTAAGCTT,0,583906
araCp,0.25,3,3,GCTCGATGTGTGATAAGTGA,0,566313
araCp,0.25,3,3,GCTCGATGAACCACGCTAAA,0,600156
araCp,0.25,3,3,GCTCCCAAACTCATCCCAAC,0,578467
araCp,0.25,3,3,GCTCATCCGGCCTGTTGTTA,0,591029
araCp,0.25,3,3,GCTCAATGTGGGTTGTCGTG,0,541313
araCp,0.25,3,3,GCTATGCAAAGCCACTGCAT,0,563794
araCp,0.25,3,3,GCTATACTGTTGCGGATGTG,0,541904
araCp,0.25,3,3,GCTAGTTCGTGTGGCTGAAA,0,567151
araCp,0.25,3,3,GCTAGTCTGGCAGGAGGATC,0,553293
araCp,0.25,3,3,GCTAGCGTTTCACAAATCAA,0,603609
araCp,0.25,3,3,GCTAGCATCAGCAGCATCAG,0,537214
araCp,0.25,3,3,GCTACGCGCCACGTGTGAAG,0,526759
araCp,0.25,3,3,GCTACATCCTTGCCGTTAAC,0,551840
araCp,0.25,3,3,GCTAATATGTACGGTGATGA,0,547476
araCp,0.25,3,3,GCGTTACAGGCCCAAATCAC,0,574334
araCp,0.25,3,3,GCGTGCGGCTATCCCAACGG,0,530154
araCp,0.25,3,3,GCGTCTGTTTCTCGTTCGGT,0,586480
araCp,0.25,3,3,GCGTCGTCCCTTCGCGTGCA,0,576849
araCp,0.25,3,3,GCGTCATTAGACTCATTCCT,0,584834
araCp,0.25,3,3,GCGTACAGGGGCAATAAAAA,0,564538
araCp,0.25,3,3,GCGGTTCTGGGTGGGGGAAT,0,528619
araCp,0.25,3,3,GCGGCTTCATGGCTCATGAG,0,555388
araCp,0.25,3,3,GCGGCTCCTGATGCCTAATG,0,540594
araCp,0.25,3,3,GCGGCGCTCTTGGAGAAGGT,0,541951
araCp,0.25,3,3,GCGGCGCAATCAAATTCGAA,0,537645
araCp,0.25,3,3,GCGGAAGACGACAGCATTTA,0,550438
araCp,0.25,3,3,GCGCTTTCAGCACCATATTA,0,568666
araCp,0.25,3,3,GCGCTGTTTAAGCATTGTGC,0,588320
araCp,0.25,3,3,GCGCTGCCGGTTCGCTCGCC,0,585986
araCp,0.25,3,3,GCGCTGCAATTATGAAGCAA,0,537238
araCp,0.25,3,3,GCGCGATAGATCGCAGGTGA,0,582173
araCp,0.25,3,3,GCGCCATATTCTAGTGGCCG,0,533879
araCp,0.25,3,3,GCGCACTGGGGATCCCATTC,0,587272
araCp,0.25,3,3,GCGCACGGAACGGCCTACGG,0,543206
araCp,0.25,3,3,GCGAGCTGTCAGCCTGCCGT,0,577744
araCp,0.25,3,3,GCGACTTGCTGCAGCCGACA,0,594292
araCp,0.25,3,3,GCGACGGCACATCTTGTCCG,0,573309
araCp,0.25,3,3,GCGAATTGCCATATGGGTTG,0,591505
araCp,0.25,3,3,GCGAATATCGGACGGGTTGG,0,574242
araCp,0.25,3,3,GCGAACTGCTATTGAGCGAA,0,577585
araCp,0.25,3,3,GCGAAAAAATATGGTGACGT,0,539419
araCp,0.25,3,3,GCCTGGTGCCCAGAACCCCT,0,532745
araCp,0.25,3,3,GCCTGGATCGTTGGGGATAG,0,532243
araCp,0.25,3,3,GCCTGACTATCGCTCTGCGA,0,569616
araCp,0.25,3,3,GCCTATCTGGAAGCGTAGCG,0,585655
araCp,0.25,3,3,GCCTAGATCCGAGACTGATC,0,550976
araCp,0.25,3,3,GCCTAATTTCGGGCAAGAGA,0,577266
araCp,0.25,3,3,GCCGTCCCGAGTTTCGTGCG,0,567610
araCp,0.25,3,3,GCCGGTAGACCGTGGGCGGA,0,593941
araCp,0.25,3,3,GCCGGAGCACTGGCCCAGGA,0,526215
araCp,0.25,3,3,GCCGCCTGCGTTCAAAGAAG,0,543905
araCp,0.25,3,3,GCCGCCTCACTATGTACACC,0,577115
araCp,0.25,3,3,GCCGATTCTACCCGTGCTCC,0,583692
araCp,0.25,3,3,GCCGATGGAATCGGGGTTCA,0,553529
araCp,0.25,3,3,GCCGAGTCTCCTCCGACGGT,0,575390
araCp,0.25,3,3,GCCGAAGGTTTAGCCTCGAT,0,568251
araCp,0.25,3,3,GCCGAAACAGCGGTTTGGAC,0,598777
araCp,0.25,3,3,GCCCTGGCGGTCTGCATGAC,0,543733
araCp,0.25,3,3,GCCCTGACTAAGTATGAATA,0,589429
araCp,0.25,3,3,GCCCTAGCACCGCCTTGTCA,0,531486
araCp,0.25,3,3,GCCCGTGTTGGTCGTAGAAC,0,533874
araCp,0.25,3,3,GCCCGGGCTCATGTTTCTGG,0,548362
araCp,0.25,3,3,GCCCGGAGGAAACCTGTTTC,0,574288
araCp,0.25,3,3,GCCCCGAAGCCCCTTCTAAC,0,577668
araCp,0.25,3,3,GCCCCACTGAGTCCGGCGCT,0,532174
araCp,0.25,3,3,GCCCCACCGGAATGAAGGTA,0,586078
araCp,0.25,3,3,GCCATTAAACAGGGAGATGG,0,541886
araCp,0.25,3,3,GCCATGTTACAGGTTTGTAT,0,584540
araCp,0.25,3,3,GCCAGTGGCTTGTCACGTTT,0,561801
araCp,0.25,3,3,GCCAGGGGTCCGGGGATTCG,0,542440
araCp,0.25,3,3,GCCAGGAGAGGGTTTGACGA,0,575259
araCp,0.25,3,3,GCCACTACGTGTCTCGCAGC,0,595715
araCp,0.25,3,3,GCCACGATTTCACAAAAAGA,0,600561
araCp,0.25,3,3,GCCAATGTCGTACCAGCCAA,0,601044
araCp,0.25,3,3,GCATTGTGTGTGTTGCGATC,0,565959
araCp,0.25,3,3,GCATGGAGGCTTTGCCATCT,0,595959
araCp,0.25,3,3,GCATGCCTTGTTCCTTTAGG,0,542713
araCp,0.25,3,3,GCATGATGGGTGCGCTTGCC,0,586175
araCp,0.25,3,3,GCATCTATCCCCCCTTTGCT,0,546395
araCp,0.25,3,3,GCATCCCCGAAATTTTCGGG,0,547479
araCp,0.25,3,3,GCATAAGAGGGTGCCGTAGA,0,535865
araCp,0.25,3,3,GCAGTATCGGTGGTTTATTC,0,587223
araCp,0.25,3,3,GCAGTAGACCCTCATAGTTG,0,583900
araCp,0.25,3,3,GCAGGAACGTGAGGGAGTGA,0,585067
araCp,0.25,3,3,GCAGCTCGGCAACCGGTTGC,0,597543
araCp,0.25,3,3,GCAGCGCCGGTTTATTCCAG,0,579335
araCp,0.25,3,3,GCAGCAGATTGGGGTTCCGG,0,586596
araCp,0.25,3,3,GCAGAGAGCCCCGTTAGAAT,0,545147
araCp,0.25,3,3,GCAGACCCGGGGCACTTCGT,0,538916
araCp,0.25,3,3,GCAGACAAAAAGTCCAAGGA,0,601547
araCp,0.25,3,3,GCAGAAACTCACACCATGGG,0,561192
araCp,0.25,3,3,GCACTCGCCTTACGGCTGCT,0,584444
araCp,0.25,3,3,GCACGTTGGTATACGCGAGC,0,550997
araCp,0.25,3,3,GCACGGCTCCCCCGGTTAAA,0,542636
araCp,0.25,3,3,GCACGACACCATTGTGATCG,0,600017
araCp,0.25,3,3,GCACCGTGGCCGCTCGTCAA,0,552412
araCp,0.25,3,3,GCACCAAGCGTCACAGTCAT,0,575418
araCp,0.25,3,3,GCACAGATACTACCCGATGA,0,590714
araCp,0.25,3,3,GCACAATAGATCAAGGGCAA,0,550823
araCp,0.25,3,3,GCAATGCAAAGGGACCCTAA,0,540008
araCp,0.25,3,3,GCAATCTTGGCTGAGGTCTG,0,582261
araCp,0.25,3,3,GCAATATGCCGCGAGTTCTC,0,565996
araCp,0.25,3,3,GCAATAAGTGGCTGACAGAA,0,572250
araCp,0.25,3,3,GCAAGTTTAACTCTCAGATC,0,571920
araCp,0.25,3,3,GCAAATGATATCGTATACCT,0,583839
araCp,0.25,3,3,GATTGTGGTGCGTTCGACCT,0,574840
araCp,0.25,3,3,GATTGGGGCAGCACAGAGGC,0,533810
araCp,0.25,3,3,GATTGAAGTAGAATCTATAC,0,530977
araCp,0.25,3,3,GATTCGGGCGAAGGATGAAG,0,534212
araCp,0.25,3,3,GATTACTTTCTATGTCTCAG,0,541247
araCp,0.25,3,3,GATTAAGGATAGATATAATG,0,538664
araCp,0.25,3,3,GATGGCGAAGAGTAGGAGCT,0,567782
araCp,0.25,3,3,GATGCAGGTTGAGGTCAGAG,0,555367
araCp,0.25,3,3,GATGCAAGCATTCAAGTCTT,0,567161
araCp,0.25,3,3,GATGCAACTAGGTGGTCTTA,0,549459
araCp,0.25,3,3,GATGACGCTGAGTCAGAGGC,0,527563
araCp,0.25,3,3,GATGAAGCCATCCGGCTAAC,0,527774
araCp,0.25,3,3,GATCTTTCATTAAATAGGCC,0,597538
araCp,0.25,3,3,GATCTTGACGGTATAAACTT,0,569166
araCp,0.25,3,3,GATCTCACCGTTGACTTTCG,0,525870
araCp,0.25,3,3,GATCTATTCGAGCACAAGTG,0,580586
araCp,0.25,3,3,GATCGGTTACAATGCTCCTG,0,560711
araCp,0.25,3,3,GATCCGCCAACACTTAGCGT,0,589525
araCp,0.25,3,3,GATCCCGTCTCAGATTCAAC,0,534466
araCp,0.25,3,3,GATCAGTTGCCAGTAGAAGA,0,527327
araCp,0.25,3,3,GATCAAGGCCGCATTCTTCC,0,554976
araCp,0.25,3,3,GATATAAAGTATCGTGACCC,0,586459
araCp,0.25,3,3,GATAGAATAGACTGACGACA,0,574798
araCp,0.25,3,3,GATACTTAGTCAGCGCAGCC,0,565425
araCp,0.25,3,3,GATACAGGTGTCCGAGACGC,0,543499
araCp,0.25,3,3,GATAAAAGGGACACTGGACA,0,593038
araCp,0.25,3,3,GAGTTTTTCCTTCAACTGGT,0,533769
araCp,0.25,3,3,GAGTGCACTTCACATAATAG,0,539526
araCp,0.25,3,3,GAGTCCTTTACTGGCAAATG,0,566658
araCp,0.25,3,3,GAGTCAGACCGTCTAAAGCC,0,526505
araCp,0.25,3,3,GAGTCACAGGGTGCCGCCCA,0,568631
araCp,0.25,3,3,GAGGTGGGTCGTCGCCAAGT,0,589369
araCp,0.25,3,3,GAGGTCTAAGTGAACAATTG,0,561288
araCp,0.25,3,3,GAGGTCAACGGGATTATTGT,0,526297
araCp,0.25,3,3,GAGGTAACGCTCAAACTTAA,0,591408
araCp,0.25,3,3,GAGGGTGGCTACCATCTGTG,0,560620
araCp,0.25,3,3,GAGGGAGGTCCGTCATGTTA,0,544802
araCp,0.25,3,3,GAGGCGATAGTTGCGACCGA,0,553361
araCp,0.25,3,3,GAGGCCGGAGCCGATGTCCT,0,529329
araCp,0.25,3,3,GAGCTCAAAGACCGAACCCC,0,573302
araCp,0.25,3,3,GAGCTAGGCGCTTGGTCAAA,0,577454
araCp,0.25,3,3,GAGCGTCGAACTGACAAGGC,0,528760
araCp,0.25,3,3,GAGCGGTTGGTATAGTTACC,0,594889
araCp,0.25,3,3,GAGCCGTACTAACTGTGGAT,0,532824
araCp,0.25,3,3,GAGCCCGTACAATGCGGCAT,0,582910
araCp,0.25,3,3,GAGCCAGCCCAGTAAGCGCA,0,535668
araCp,0.25,3,3,GAGCAGGTCGCGACGTCTGG,0,552304
araCp,0.25,3,3,GAGCAGGAATGTTGTTAGGA,0,534582
araCp,0.25,3,3,GAGCACATCGGTCCTGTGGA,0,536016
araCp,0.25,3,3,GAGCAAACCAGGTACGTGTT,0,538569
araCp,0.25,3,3,GAGATTCTGTCACCAGAGCG,0,531594
araCp,0.25,3,3,GAGATCGTACGTGCTGGCCA,0,587173
araCp,0.25,3,3,GAGAACGTCGTGTAGATCCT,0,602602
araCp,0.25,3,3,GAGAAAAGGTGTATCCCAGC,0,535582
araCp,0.25,3,3,GACTTGCCTCGTGGTCTCTG,0,568364
araCp,0.25,3,3,GACTGTGGTGAGATTCGAAG,0,595055
araCp,0.25,3,3,GACTGGGTAATTAGATGAGC,0,529665
araCp,0.25,3,3,GACTGCCTTATCATCGCGAC,0,588010
araCp,0.25,3,3,GACTGAGGTGTACACAAACA,0,563271
araCp,0.25,3,3,GACTCGGGGCTGGATCGACC,0,561551
araCp,0.25,3,3,GACTCAGGGTATTCGGGGTT,0,556523
araCp,0.25,3,3,GACTATAGGAGCCCGATAAA,0,537486
araCp,0.25,3,3,GACTAGGTATAAATTTATGA,0,597223
araCp,0.25,3,3,GACTAGCTTTAGCACGGATT,0,565585
araCp,0.25,3,3,GACGTGAGCTTCGCGCTACG,0,554074
araCp,0.25,3,3,GACGGCCAGTGTCTAAGGGT,0,539605
araCp,0.25,3,3,GACCTCTTTGGAACCACATA,0,538700
araCp,0.25,3,3,GACCTCACCGTAACTAGCCA,0,597256
araCp,0.25,3,3,GACCGTGATACTCGCATCAA,0,526744
araCp,0.25,3,3,GACAGGAAGATCGGGCTGAG,0,567724
araCp,0.25,3,3,GACAGCAGAGCCGGGACAAG,0,571467
araCp,0.25,3,3,GACACTCCCGGTCATGCCGG,0,531685
araCp,0.25,3,3,GACACGGTGAGGCGGTTAAC,0,548817
araCp,0.25,3,3,GACACGCAACAGCGGTCATA,0,561341
araCp,0.25,3,3,GACAATAGCTTCGGAGAGCG,0,555293
araCp,0.25,3,3,GACAAGGTCATGCCAGCGGA,0,591515
araCp,0.25,3,3,GACAAGGGCCCTTATGCATC,0,576897
araCp,0.25,3,3,GACAACCAATTGGGTACTTC,0,595053
araCp,0.25,3,3,GACAACAGCCCGATAAGAAA,0,586970
araCp,0.25,3,3,GACAAATTTCGTTCTTAGGT,0,541278
araCp,0.25,3,3,GAATTCCCCGGACCTCCAGC,0,599984
araCp,0.25,3,3,GAATGCCCTTCCGGTAATGG,0,537437
araCp,0.25,3,3,GAATGATCGGACCCGATCCA,0,543920
araCp,0.25,3,3,GAATCAGTGCTATGACCTGG,0,601360
araCp,0.25,3,3,GAAGTTGACGTGAGGGATTA,0,574272
araCp,0.25,3,3,GAAGTGTGTGTTGAAAAATG,0,579935
araCp,0.25,3,3,GAAGTGGGTACGAGGAATCA,0,597884
araCp,0.25,3,3,GAAGGTATCCATATAGGGAG,0,533297
araCp,0.25,3,3,GAAGGGTTACACTCCACAAT,0,549308
araCp,0.25,3,3,GAAGCTGGATCCTTATGGGG,0,547939
araCp,0.25,3,3,GAAGCTCGGTGGCAAGTGCA,0,588353
araCp,0.25,3,3,GAAGATGACGATGGTCCACG,0,550010
araCp,0.25,3,3,GAAGAACTCTTTCAGCAAGC,0,601975
araCp,0.25,3,3,GAACTTCTGGCTCCCTGGGT,0,596584
araCp,0.25,3,3,GAACTGTCGCTCAAAGGGAC,0,527838
araCp,0.25,3,3,GAACTGTCATATCTTCGCAA,0,568360
araCp,0.25,3,3,GAACTGGAAACTTCTCGAAG,0,571674
araCp,0.25,3,3,GAACGGTTATATGCTATCTA,0,557648
araCp,0.25,3,3,GAACGACCAGTTGAGCACGA,0,533200
araCp,0.25,3,3,GAACGAATGCGGTGGGACGA,0,530416
araCp,0.25,3,3,GAACCACCAACTATTATAAC,0,535314
araCp,0.25,3,3,GAACCACAGAACCGGCTTAC,0,593331
araCp,0.25,3,3,GAACATTAATGGTATCCCGC,0,593535
araCp,0.25,3,3,GAACATGGGTGGAGCTGAGC,0,562947
araCp,0.25,3,3,GAACAATGCGTGCAATCAGT,0,565117
araCp,0.25,3,3,GAACAAGAATCGGAGAGCAA,0,567251
araCp,0.25,3,3,GAAATTGCCCGGGGCTGACA,0,589072
araCp,0.25,3,3,GAAATGGCCACTATCCTCTC,0,596875
araCp,0.25,3,3,GAAAGGAAGGTGTAGTTGAT,0,572460
araCp,0.25,3,3,GAAAGCATCCCTCCTGGCTT,0,557052
araCp,0.25,3,3,GAAACTTATTGAGGTTGCGA,0,531314
araCp,0.25,3,3,GAAACTCGCAGGTGTGCTGT,0,533421
araCp,0.25,3,3,GAAACGGGGGTAAGGGCAGC,0,537674
araCp,0.25,3,3,GAAAAAAAGTAGGAAAGCGG,0,534385
araCp,0.25,3,3,CTTTTTTCGCGAAGGAACTT,0,576001
araCp,0.25,3,3,CTTTTTAGGGGGGTGGTGAT,0,552434
araCp,0.25,3,3,CTTTTCTATTGTAGCTGTCT,0,566701
araCp,0.25,3,3,CTTTTCGGTTACGGGAACCG,0,561289
araCp,0.25,3,3,CTTTCTCAAATAATTGTAGT,0,540714
araCp,0.25,3,3,CTTTCCCGCATAAGACCATT,0,555685
araCp,0.25,3,3,CTTTAAGGCGCTTCCAACAG,0,545650
araCp,0.25,3,3,CTTTAAACAGCTGCTCTGTT,0,559112
araCp,0.25,3,3,CTTGGTACCCAGAGTCCTGG,0,591020
araCp,0.25,3,3,CTTGGATCACTATCGAACGA,0,557575
araCp,0.25,3,3,CTTGCGGACTAAGAGCTATT,0,560479
araCp,0.25,3,3,CTTGAGAATCTTGGATTACG,0,537262
araCp,0.25,3,3,CTTGAACAGATGAAGGGGCA,0,540728
araCp,0.25,3,3,CTTCTTGCCGTGAGGCTGAT,0,557952
araCp,0.25,3,3,CTTCTTAATATATTCAACCC,0,569377
araCp,0.25,3,3,CTTCTGCATGAGAACGTAGC,0,527690
araCp,0.25,3,3,CTTCTACCAGACGACCGAGG,0,565067
araCp,0.25,3,3,CTTCGGATCTTATTAGGTGA,0,602509
araCp,0.25,3,3,CTTCGCGTAGACACTGTATT,0,595020
araCp,0.25,3,3,CTTCGCACGTACGCCTCCCT,0,593744
araCp,0.25,3,3,CTTCGATGTATCATTGATGC,0,592489
araCp,0.25,3,3,CTTCCTGTCAGGGACGTGGC,0,547555
araCp,0.25,3,3,CTTCCGCTAGGATGGAAGGG,0,549625
araCp,0.25,3,3,CTTCATAGCCGTATCTCAGC,0,527649
araCp,0.25,3,3,CTTATTGAGTCCTTCAGAAG,0,525745
araCp,0.25,3,3,CTTATTCATGCACGAATGCG,0,575451
araCp,0.25,3,3,CTTATGGGCGTTCTGCTGTA,0,597301
araCp,0.25,3,3,CTTATGCAGTGATCGCAGGA,0,525856
araCp,0.25,3,3,CTTATATGGCCAGGGCACAA,0,581591
araCp,0.25,3,3,CTTAGCCGAACATTCCCTTT,0,539045
araCp,0.25,3,3,CTTACTCTTATCGTTGCTCA,0,583675
araCp,0.25,3,3,CTTAAGGACCAACCACCCCC,0,599077
araCp,0.25,3,3,CTGTTTTGGGTACTCTAGGT,0,527899
araCp,0.25,3,3,CTGTTAACGCCGGGTAGATC,0,564970
araCp,0.25,3,3,CTGTGTATTTGGGACAGAAG,0,565570
araCp,0.25,3,3,CTGTGGTTTGAACCGGGTAC,0,551975
araCp,0.25,3,3,CTGTGAGCACTCAGGTTTCC,0,588979
araCp,0.25,3,3,CTGTCATCTTGAGCAGTGAT,0,566534
araCp,0.25,3,3,CTGTAAGGTATAATACGAAT,0,531372
araCp,0.25,3,3,CTGGTTAGACGACTGCTTAC,0,595678
araCp,0.25,3,3,CTGGGAGGTGCCCAGGTGGA,0,545186
araCp,0.25,3,3,CTGGCTCGAATATACAACCG,0,577218
araCp,0.25,3,3,CTGGCCCGTACCTCCTGACG,0,560728
araCp,0.25,3,3,CTGGCCCAGATCAGGTACTT,0,592923
araCp,0.25,3,3,CTGGCAACTTACGGTCACGG,0,531214
araCp,0.25,3,3,CTGGAGTAGACAGTAAGCCC,0,598159
araCp,0.25,3,3,CTGGAGCCCGTTTCCTAAGG,0,558572
araCp,0.25,3,3,CTGGAGATGTACTTTATGGT,0,540142
araCp,0.25,3,3,CTGGACCGATTGGGCTTCGT,0,544275
araCp,0.25,3,3,CTGGAAAGCCCTGTAAGTGT,0,548721
araCp,0.25,3,3,CTGCTGGTGCGGACATAACG,0,590025
araCp,0.25,3,3,CTGCTGAGTTCGGTGGCAAG,0,571031
araCp,0.25,3,3,CTGCGTAGCCGATTGGATTA,0,587305
araCp,0.25,3,3,CTGCGGGCAAATACTCCCCA,0,575580
araCp,0.25,3,3,CTGCGATTCCGCGTTCGCGT,0,533379
araCp,0.25,3,3,CTGCGAGTAGGTATCTAGTG,0,533018
araCp,0.25,3,3,CTGCCTATGTTACCAACAGT,0,555040
araCp,0.25,3,3,CTGATGGTGTCGCTCCGCGA,0,567338
araCp,0.25,3,3,CTGAGGTAAAGTTGGGTCCG,0,554610
araCp,0.25,3,3,CTGAGCATCGGATTCGGCCA,0,533952
araCp,0.25,3,3,CTGACGCTAGGCAGAACCAT,0,539003
araCp,0.25,3,3,CTGAAGACTCCCTCAATCGA,0,600323
araCp,0.25,3,3,CTGAAGAACCGACTACGAGA,0,536349
araCp,0.25,3,3,CTGAACGAGGGCTGCGTCCT,0,538844
araCp,0.25,3,3,CTCTTTCGGGTAGTTCCTGC,0,526613
araCp,0.25,3,3,CTCTTCTGGGGCTTGCGCCT,0,572262
araCp,0.25,3,3,CTCTGAGAATTCCGTGTCGC,0,541106
araCp,0.25,3,3,CTCTCTGAATTATGTCTACA,0,586279
araCp,0.25,3,3,CTCTCGAGGCTTTTGCATGC,0,538473
araCp,0.25,3,3,CTCGGTCGCTCGGAGCTATG,0,602874
araCp,0.25,3,3,CTCGGCTTGGGCAATATATT,0,565427
araCp,0.25,3,3,CTCGCTCGACGGTACTTAGG,0,583325
araCp,0.25,3,3,CTCGCGTTCGGAGGAAACTA,0,583207
araCp,0.25,3,3,CTCGATTCGCTCCTAACTAA,0,534762
araCp,0.25,3,3,CTCGAAGTAAATAGCTCAAA,0,553259
araCp,0.25,3,3,CTCCTTGTTAGTCGCGTCTC,0,579355
araCp,0.25,3,3,CTCCGGGGCCGTAGCGGGGG,0,538733
araCp,0.25,3,3,CTCCGCGCCCGTGATCCGGA,0,536175
araCp,0.25,3,3,CTCCCAGGAGTAACTGTAAG,0,542503
araCp,0.25,3,3,CTCCCACACGGTTACTACCT,0,552759
araCp,0.25,3,3,CTCCAGGGACTCACGCCCCG,0,570268
araCp,0.25,3,3,CTCCAGGCAGGTCTATGCCT,0,587027
araCp,0.25,3,3,CTCCACCACTTGCGCAGCAG,0,588721
araCp,0.25,3,3,CTCATTAAGCAATGTTAAGC,0,549011
araCp,0.25,3,3,CTCAGTCTAAGTCTTACCAT,0,564121
araCp,0.25,3,3,CTCAGCTCAGAGTTGGGTGG,0,577553
araCp,0.25,3,3,CTCAGATCGACGAAACGCGA,0,601167
araCp,0.25,3,3,CTCACTAATTTTCAGGTTAA,0,547848
araCp,0.25,3,3,CTCAATCACGCGAAATGGTT,0,548290
araCp,0.25,3,3,CTCAACCCAGTTTCCATAGG,0,591658
araCp,0.25,3,3,CTATTTTGGGGTTCGTTATC,0,592525
araCp,0.25,3,3,CTATTAGACCTCTACGAGAC,0,560453
araCp,0.25,3,3,CTATGTGTTGTTCTGTCAAT,0,570797
araCp,0.25,3,3,CTATGGCATCTCAATCGCGA,0,557233
araCp,0.25,3,3,CTATGCCCGTGTCAGGGAAG,0,564262
araCp,0.25,3,3,CTATGATCTCCCCAGTCCAC,0,577085
araCp,0.25,3,3,CTATCTTAAGTAGATGAGCT,0,559129
araCp,0.25,3,3,CTATCTGTGGGTGTATCACG,0,599543
araCp,0.25,3,3,CTATCGTGCGTTCGCGAGTA,0,536509
araCp,0.25,3,3,CTATCAGAGGTCAGTGCAGT,0,595864
araCp,0.25,3,3,CTATATGGAAGTTTCCGGCA,0,596540
araCp,0.25,3,3,CTAGTTGTGGACCACTTTTT,0,578276
araCp,0.25,3,3,CTAGTGTACATTTATCGGAC,0,559780
araCp,0.25,3,3,CTAGTATAATCTTTGAGTCA,0,564443
araCp,0.25,3,3,CTAGTAATTCATGTACAGTG,0,568048
araCp,0.25,3,3,CTAGGTCGAATCGTTACAGT,0,592972
araCp,0.25,3,3,CTAGGCACCTGGTTTTTAGA,0,582015
araCp,0.25,3,3,CTAGGCAAGGTGGCGTCGGT,0,592329
araCp,0.25,3,3,CTAGGAATCTGCTTATCGGT,0,565999
araCp,0.25,3,3,CTAGCGCGTTCGCTAGGCGA,0,546583
araCp,0.25,3,3,CTAGCCATTAACATTAGGGG,0,542526
araCp,0.25,3,3,CTAGATGAGGTTTTACAGGC,0,554365
araCp,0.25,3,3,CTAGAGCTTTCATGGAGGAC,0,574936
araCp,0.25,3,3,CTAGAATCAATTGATACTCT,0,530629
araCp,0.25,3,3,CTAGAAGGTTTTACCTTTCT,0,568166
araCp,0.25,3,3,CTAGAACCTGAGTCCTCCAC,0,549805
araCp,0.25,3,3,CTACTCTCATTCGCGATGAT,0,576251
araCp,0.25,3,3,CTACGCATACCTAGAGGGTG,0,564085
araCp,0.25,3,3,CTACCTTAGAAAGTCCATCT,0,541924
araCp,0.25,3,3,CTACCCTCGTCCCCCCAGGA,0,593863
araCp,0.25,3,3,CTACATGACGGGTCTATCCG,0,537212
araCp,0.25,3,3,CTACAGAGTGTGCGGAATAT,0,588701
araCp,0.25,3,3,CTACAGAGGGAAGTCTCTAA,0,539795
araCp,0.25,3,3,CTACACGACTCCATGGCCAA,0,601451
araCp,0.25,3,3,CTAATCATTAGAACCATGCT,0,583063
araCp,0.25,3,3,CTAAGGTATAAATTCTCGAT,0,578232
araCp,0.25,3,3,CTAAATATACGCTCGCGTCA,0,544306
araCp,0.25,3,3,CTAAAATATCCCGGCGAACA,0,548486
araCp,0.25,3,3,CGTTTGCACTATCGGCTGAC,0,530879
araCp,0.25,3,3,CGTTTATCGCCATGAAAATG,0,598431
araCp,0.25,3,3,CGTTCCGAGCACGGCGTCCA,0,553168
araCp,0.25,3,3,CGTTCATCCCACCAGGCGGT,0,535320
araCp,0.25,3,3,CGTTACTACCTAGTTGGCAA,0,590647
araCp,0.25,3,3,CGTTACGTGACGGAGTGTTA,0,582802
araCp,0.25,3,3,CGTTACAGTTCCGTGATGTA,0,538742
araCp,0.25,3,3,CGTGTCGGGATCCGAGGGAT,0,593717
araCp,0.25,3,3,CGTGTCGAATGGTCTGCGTT,0,594369
araCp,0.25,3,3,CGTGCATCGCAAGTTACAGT,0,578717
araCp,0.25,3,3,CGTGATAGCTTGGCCCATAG,0,577821
araCp,0.25,3,3,CGTCTTGTTTGCCATCTGAC,0,563264
araCp,0.25,3,3,CGTCTTATTACTCGAGAGAG,0,549140
araCp,0.25,3,3,CGTCGAGAACTTCTATCAAT,0,532767
araCp,0.25,3,3,CGTCCTGGGTAACCTGTTTC,0,540863
araCp,0.25,3,3,CGTCCGCATACACGTGGACG,0,603527
araCp,0.25,3,3,CGTCCATTCAAACATACTTT,0,588615
araCp,0.25,3,3,CGTCAGGGCGAGCTATACAT,0,551068
araCp,0.25,3,3,CGTCACTGCTGGGTTCCTGA,0,574209
araCp,0.25,3,3,CGTCACCTGCGGACTTATAA,0,540288
araCp,0.25,3,3,CGTATATTGCACGATGGCTC,0,592208
araCp,0.25,3,3,CGTAGTTAGGGGTGAATAGT,0,539915
araCp,0.25,3,3,CGTAGGCATGTCTAACACAT,0,547818
araCp,0.25,3,3,CGTAGCTTAGTGAGCACGGC,0,595579
araCp,0.25,3,3,CGTACTGGTTGCAATTAGAT,0,528074
araCp,0.25,3,3,CGTACTAAAAACCACTGTTC,0,552816
araCp,0.25,3,3,CGTACAAAGAGTTGTCCGCC,0,551072
araCp,0.25,3,3,CGGTTTCAATCGGTCCCTAA,0,573890
araCp,0.25,3,3,CGGTGCCTTCGATCGCAAAG,0,593231
araCp,0.25,3,3,CGGTGCATCCGAGGACTATC,0,545379
araCp,0.25,3,3,CGGTCCTGGATACCGAGCCT,0,563312
araCp,0.25,3,3,CGGTCATTGTATCAATTAGC,0,573289
araCp,0.25,3,3,CGGTCAGTTTGTGTTGCCCG,0,554421
araCp,0.25,3,3,CGGTCACAGGCGGTTAAGAC,0,528653
araCp,0.25,3,3,CGGTACATAACTGAGCGTTG,0,560876
araCp,0.25,3,3,CGGGTTAGACCGTGAGGTAC,0,584138
araCp,0.25,3,3,CGGGTCAGCGTTGGATCATA,0,548916
araCp,0.25,3,3,CGGGGTGCGGAATGAGGTTT,0,592655
araCp,0.25,3,3,CGGGGTATTAAAGATAGGTG,0,531305
araCp,0.25,3,3,CGGGGTAACTACAATCTAGG,0,593268
araCp,0.25,3,3,CGGGGGCGTACTCCCTGTTT,0,579229
araCp,0.25,3,3,CGGGGACGATAATTGAATTA,0,596327
araCp,0.25,3,3,CGGGCTTAAGAGCCGGTAGT,0,562936
araCp,0.25,3,3,CGGGCACCTCAGTCTATTCT,0,588664
araCp,0.25,3,3,CGGGCAACTCACAGTGAGTG,0,581434
araCp,0.25,3,3,CGGGAGGCTGGCGGAAAAGT,0,533960
araCp,0.25,3,3,CGGGACCGGTGGATCGACTC,0,526631
araCp,0.25,3,3,CGGGAAAAACTGAGGGAGCA,0,586044
araCp,0.25,3,3,CGGCTGGAACGAGGCCAGGC,0,547466
araCp,0.25,3,3,CGGCTCAGCGCCCCGGGTTA,0,547497
araCp,0.25,3,3,CGGCGTTCTTCAGTACCGAT,0,529146
araCp,0.25,3,3,CGGCGGGACTCTTGGCGTCG,0,588730
araCp,0.25,3,3,CGGCCCGGTATAAAGATTGA,0,572863
araCp,0.25,3,3,CGGATGACGCATGTGAATTA,0,573561
araCp,0.25,3,3,CGGATAGGATGTAACGTCGG,0,546556
araCp,0.25,3,3,CGGAGGATATGGGCAGTATT,0,576195
araCp,0.25,3,3,CGGACGGTAATATGTGGCTT,0,555539
araCp,0.25,3,3,CGGACCGATATGCGGCAAAT,0,597067
araCp,0.25,3,3,CGGACAGCACAACTAGGACA,0,565173
araCp,0.25,3,3,CGGACAAAGTACCGGTGGAA,0,544607
araCp,0.25,3,3,CGCTTTTCAGCGTGCCCGTC,0,562554
araCp,0.25,3,3,CGCTTTACATCACATGGAGC,0,549290
araCp,0.25,3,3,CGCTTGACCGTCAATAGAAC,0,546165
araCp,0.25,3,3,CGCTTCCCGGGCGTGTGACG,0,571801
araCp,0.25,3,3,CGCTTCCATATAGACATATA,0,599647
araCp,0.25,3,3,CGCTGTTCTCACTCGCGGCC,0,597814
araCp,0.25,3,3,CGCTGGTTTTGCTCTTCCGG,0,603481
araCp,0.25,3,3,CGCTGGTGCTGCTGTGCGGC,0,548859
araCp,0.25,3,3,CGCTCCACCGATACGTACCC,0,538430
araCp,0.25,3,3,CGCTCAATTCAACTCCCACA,0,600142
araCp,0.25,3,3,CGCTCAACTAAAAGCCGGTC,0,535948
araCp,0.25,3,3,CGCTACTGTGGTATGACGGC,0,562773
araCp,0.25,3,3,CGCTACAGTTGAAAGATAGT,0,526503
araCp,0.25,3,3,CGCGGTTACGGTCACGTCAA,0,574472
araCp,0.25,3,3,CGCGGTCAGGTATCAGTGTA,0,559547
araCp,0.25,3,3,CGCGGGATCCTGTAGAACTA,0,531114
araCp,0.25,3,3,CGCGCTTTTGCCTCCCACAA,0,589637
araCp,0.25,3,3,CGCGCTAGTTAGACGATCCA,0,560860
araCp,0.25,3,3,CGCGATTCCGGTACTACTGG,0,575746
araCp,0.25,3,3,CGCGAATTTAGATGCACAAA,0,543894
araCp,0.25,3,3,CGCCTTGAACAGGCGCAAGT,0,535343
araCp,0.25,3,3,CGCCTAAGCCTTCAAGGCGC,0,556862
araCp,0.25,3,3,CGCCGTATCAAGTGCTTCAG,0,543530
araCp,0.25,3,3,CGCCGTAGATCTATCTGGAT,0,561500
araCp,0.25,3,3,CGCCGGAGATTGTCGTGCGG,0,566168
araCp,0.25,3,3,CGCCGCTGTTGCCGGCTCTT,0,551545
araCp,0.25,3,3,CGCCGAACACGGGACATAAT,0,593654
araCp,0.25,3,3,CGCAGTTGTATAATGAGTTC,0,537355
araCp,0.25,3,3,CGCAGGTTGCAAATCTGACT,0,573714
araCp,0.25,3,3,CGCAGCCAGAGGAACCTTTC,0,563944
araCp,0.25,3,3,CGCAGAGAATCCGTTGCGTC,0,596017
araCp,0.25,3,3,CGCACTGTCAAACATAGCGG,0,557766
araCp,0.25,3,3,CGCACCTTTGCGCCGGGGAA,0,536855
araCp,0.25,3,3,CGCAAGCGCGCCATGTCATG,0,602386
araCp,0.25,3,3,CGCAAACTTTCTGGGACATG,0,534608
araCp,0.25,3,3,CGATTATGGTCAAGTACCTA,0,565482
araCp,0.25,3,3,CGATTATGGGATCCTGAGCT,0,529384
araCp,0.25,3,3,CGATTAGCTCTATTATTACA,0,561710
araCp,0.25,3,3,CGATCAAACCGACACGCAGC,0,554723
araCp,0.25,3,3,CGATAGTGCAGAGAATCAAG,0,532166
araCp,0.25,3,3,CGATACATATGAATTAGCGA,0,602363
araCp,0.25,3,3,CGATAACTGAGTCCATTTCT,0,568284
araCp,0.25,3,3,CGAGTGATAGAGTGGTAAAC,0,562887
araCp,0.25,3,3,CGAGGCTAGACTGTCCCGTA,0,576377
araCp,0.25,3,3,CGAGGCCCGTGCAGTGGGCT,0,536846
araCp,0.25,3,3,CGAGGACTCGATTTTAGGGA,0,549992
araCp,0.25,3,3,CGAGCAGGCGATGTCTTCAA,0,547206
araCp,0.25,3,3,CGAGATTTATCGCCGAGTGA,0,597247
araCp,0.25,3,3,CGACTCCGGGTATCCGCTAA,0,525885
araCp,0.25,3,3,CGACTAGAAGCCGTCTAGCA,0,573068
araCp,0.25,3,3,CGACGTACCGTTCTACGGAC,0,596118
araCp,0.25,3,3,CGACGAGGTCGCCACCTTGC,0,591916
araCp,0.25,3,3,CGACCTTCGTGCTTACTTCG,0,545547
araCp,0.25,3,3,CGACCTATTAGGAGCCATCG,0,565691
araCp,0.25,3,3,CGACCCCCGCTCGGGTGACT,0,569751
araCp,0.25,3,3,CGACCCAGACGTGTAGACAA,0,594936
araCp,0.25,3,3,CGACCACATTGGTTAATGCT,0,590005
araCp,0.25,3,3,CGACACACGGCTACTCCTGC,0,576618
araCp,0.25,3,3,CGAATGCTTATAGCCAAAAG,0,540245
araCp,0.25,3,3,CGAAGCTCTACCTAAGTGTA,0,525846
araCp,0.25,3,3,CGAACTAAAGTCCACGTCGT,0,591547
araCp,0.25,3,3,CGAAATGAACGTGCTAATAT,0,552322
araCp,0.25,3,3,CGAAAACAAGAAAGCCTCTA,0,574733
araCp,0.25,3,3,CCTTGTCGTTCTTCGTTAAT,0,559582
araCp,0.25,3,3,CCTTGCGAAGGTATCGCGGA,0,560652
araCp,0.25,3,3,CCTTGCATATGAGTAATGCG,0,600936
araCp,0.25,3,3,CCTTCGGTACTTTCGCGCAA,0,600789
araCp,0.25,3,3,CCTTCCCCAAGGGTTACTGG,0,568342
araCp,0.25,3,3,CCTGTTCTTAGCCAATCTGG,0,565287
araCp,0.25,3,3,CCTGGCGGTTTCTATTATAA,0,580392
araCp,0.25,3,3,CCTGCTGGAGTTCTGTAATT,0,533396
araCp,0.25,3,3,CCTGCCTGGTGAGTACGTGC,0,571079
araCp,0.25,3,3,CCTGAGCTGAGTGGCGCTTG,0,558124
araCp,0.25,3,3,CCTGAGAGTTTTGTACCTTA,0,586105
araCp,0.25,3,3,CCTGACGGTTTGTCAGAACA,0,538935
araCp,0.25,3,3,CCTGAAGTCCGAGTACGCTG,0,587649
araCp,0.25,3,3,CCTCTCCCGCCCAGACAGCA,0,532727
araCp,0.25,3,3,CCTCTCCAGCACGCGCAACC,0,545877
araCp,0.25,3,3,CCTCGGCCCGTCTCGTGCTT,0,589332
araCp,0.25,3,3,CCTCGCTCAGGAGACTAAAA,0,551974
araCp,0.25,3,3,CCTCGACTATGCATTCAGGT,0,587117
araCp,0.25,3,3,CCTCCTTTTTAGCTATTCCG,0,534015
araCp,0.25,3,3,CCTCCTGGCACTCCTTGTGA,0,565158
araCp,0.25,3,3,CCTCCTCCTGCGCTTGAAAC,0,559236
araCp,0.25,3,3,CCTCCGCCCGAAGTAGTAAT,0,598516
araCp,0.25,3,3,CCTCCCCTGTCTGTAGGACC,0,530621
araCp,0.25,3,3,CCTCAGGGGCTAAGAATCAG,0,588823
araCp,0.25,3,3,CCTCACTCCCACGGAGGGAA,0,573080
araCp,0.25,3,3,CCTCACACGTCAATCCAGAG,0,591819
araCp,0.25,3,3,CCTCACAACGTAGAGTGGGG,0,581919
araCp,0.25,3,3,CCTAGTGCAACGTGTATCAA,0,556880
araCp,0.25,3,3,CCTAGTAAACGTCACTCTCG,0,546639
araCp,0.25,3,3,CCTAGGCACGCCCCAAGTTC,0,532171
araCp,0.25,3,3,CCTACTATCGGGATTCTGCG,0,537334
araCp,0.25,3,3,CCTACGTGCGAAGTGATAGT,0,588309
araCp,0.25,3,3,CCTACCGCCGCTCAGGTTCT,0,576586
araCp,0.25,3,3,CCTACACATGCAAGACATTA,0,525847
araCp,0.25,3,3,CCTAACGTCACAGTCACTGT,0,598264
araCp,0.25,3,3,CCGTTTTCTAAACCCATGTA,0,568248
araCp,0.25,3,3,CCGTTCCCTTCTTTCAAGGT,0,539955
araCp,0.25,3,3,CCGTGTGACGCTTCCGTTGT,0,576310
araCp,0.25,3,3,CCGTGCTACTTGCGCTGCTC,0,546157
araCp,0.25,3,3,CCGTCCACGTCTCTTCGTGC,0,527559
araCp,0.25,3,3,CCGGTTCCCACGCTCCATAC,0,575900
araCp,0.25,3,3,CCGGTCTAGCTAACCTGTAA,0,548688
araCp,0.25,3,3,CCGGTCCGGCGGGCGGTTGG,0,552189
araCp,0.25,3,3,CCGGGGTGATCATGTTAGAT,0,560353
araCp,0.25,3,3,CCGGGCTGTGATTTAACCAG,0,556910
araCp,0.25,3,3,CCGGGCTATATTTCGAGGGA,0,539382
araCp,0.25,3,3,CCGGGAGGTGCGTGGCTCTA,0,593610
araCp,0.25,3,3,CCGGCTACATTCGCCTTGGA,0,577632
araCp,0.25,3,3,CCGGACGCTATCGGTAGACC,0,598566
araCp,0.25,3,3,CCGGAAATTGCTGGAGTGGA,0,575349
araCp,0.25,3,3,CCGCGTCCTTTGGTAATGGG,0,555827
araCp,0.25,3,3,CCGCGGTCTTAGGGAGAGGT,0,567306
araCp,0.25,3,3,CCGCGCGATCATCGCACATT,0,585262
araCp,0.25,3,3,CCGCGAACATGCTACCAAAT,0,596152
araCp,0.25,3,3,CCGCCGTATTGGGTCGCCTT,0,545914
araCp,0.25,3,3,CCGCCACTTGTATATGACCT,0,589374
araCp,0.25,3,3,CCGCCAATAATATTAAATAC,0,567239
araCp,0.25,3,3,CCGCATGGTGAATAAGTATG,0,587409
araCp,0.25,3,3,CCGCACAAGTCACCGTTGTT,0,569229
araCp,0.25,3,3,CCGCAAATGCGGGGGCCGAT,0,528859
araCp,0.25,3,3,CCGATCCTGAGTGGGAAACT,0,539592
araCp,0.25,3,3,CCGATCATATTCAAGGCTGT,0,528549
araCp,0.25,3,3,CCGATAGAAAGCTCCACCTC,0,550099
araCp,0.25,3,3,CCGAGTATATGGAGTCAGTG,0,541399
araCp,0.25,3,3,CCGAGAAGTACTGGCATAAC,0,581225
araCp,0.25,3,3,CCGACCGATCGTTAAAGGGC,0,544085
araCp,0.25,3,3,CCGAAAGCATTATCTTCAGC,0,539727
araCp,0.25,3,3,CCCTTTGCTCCAGTGGTATT,0,547970
araCp,0.25,3,3,CCCTTAACTAGGTGACGTGT,0,531723
araCp,0.25,3,3,CCCTGGTAAATTATAGAAGC,0,603705
araCp,0.25,3,3,CCCTGCCGCGATGGGGCTTC,0,579243
araCp,0.25,3,3,CCCTCTATGTAAGATCCAAA,0,550629
araCp,0.25,3,3,CCCTAACTGAGAGCTCACCA,0,589753
araCp,0.25,3,3,CCCGTTTTAGACTTGGAACT,0,570710
araCp,0.25,3,3,CCCGTAGGCTGTTCTGATAC,0,536602
araCp,0.25,3,3,CCCGGTAGTTTAAGCATTCC,0,569915
araCp,0.25,3,3,CCCGGAGTGAACTCCGTCGC,0,554942
araCp,0.25,3,3,CCCGCTATGCGCTTCGGACG,0,573572
araCp,0.25,3,3,CCCGCCTTCCAGTAAAGAAT,0,548980
araCp,0.25,3,3,CCCGAAAATTCGGACGGTCC,0,545748
araCp,0.25,3,3,CCCCTTGGGCTAACCACCAG,0,562053
araCp,0.25,3,3,CCCCTGGGCTGCCATGGGCA,0,584160
araCp,0.25,3,3,CCCCTACATGTTGTCAAAGG,0,533820
araCp,0.25,3,3,CCCCGGACTCGTAGCTTGCG,0,568795
araCp,0.25,3,3,CCCCATTCAACCTTGCATGC,0,530256
araCp,0.25,3,3,CCCCAGGCCGGTTACAAGTA,0,601702
araCp,0.25,3,3,CCCATCTGTTAGTAATTCGA,0,526195
araCp,0.25,3,3,CCCATAGAATGGCAGGCGTA,0,561957
araCp,0.25,3,3,CCCAGGGGTACTTAGGTAGC,0,575885
araCp,0.25,3,3,CCCAGGATGAACCTATGGAA,0,568224
araCp,0.25,3,3,CCCAGGAGCGGCTACTTTTC,0,593060
araCp,0.25,3,3,CCCAGGAATGGTCATACGCC,0,577750
araCp,0.25,3,3,CCCAGCCAGATGGTGCTCTT,0,592843
araCp,0.25,3,3,CCCACTGCCTCTCACCTGTC,0,565247
araCp,0.25,3,3,CCCAATCTTTTGAGAACGAT,0,557565
araCp,0.25,3,3,CCCAAGTTGCCACCAACGTG,0,581704
araCp,0.25,3,3,CCATGTAGTAAGCCTTTTGA,0,532368
araCp,0.25,3,3,CCATGGTCAGTAAGGCCCCT,0,542598
araCp,0.25,3,3,CCATGCATGAACTATCTCGG,0,537738
araCp,0.25,3,3,CCATGCAAAGAATAAGCCCC,0,565576
araCp,0.25,3,3,CCATGAGGGTGGTGATCTTA,0,563084
araCp,0.25,3,3,CCATCTGTGTGAGCTTAGTA,0,577082
araCp,0.25,3,3,CCATCCCACCCGAGACTGAT,0,564055
araCp,0.25,3,3,CCATATTGCACGGCACCCTC,0,572018
araCp,0.25,3,3,CCATACTGACGACATTAGTT,0,550288
araCp,0.25,3,3,CCAGTGTAATCATTCCGTGT,0,535799
araCp,0.25,3,3,CCAGGGGTAGTGATCCGAGG,0,571022
araCp,0.25,3,3,CCAGGGGCCAAATAATCCAC,0,586161
araCp,0.25,3,3,CCAGGCTCTTGCATTCGTAA,0,552627
araCp,0.25,3,3,CCAGCGTCTTCATTACGGCA,0,548177
araCp,0.25,3,3,CCAGATCTGCACGGGGAAAA,0,595605
araCp,0.25,3,3,CCAGAGCGCGGAACGGAGGG,0,585516
araCp,0.25,3,3,CCAGAATGCAATGTCCGGCC,0,538540
araCp,0.25,3,3,CCACTTACCCGTCAGTCAGT,0,571126
araCp,0.25,3,3,CCACTGGAAAAAGTTGACTA,0,549082
araCp,0.25,3,3,CCACGTTGCAGTTCGAGAAA,0,584270
araCp,0.25,3,3,CCACGTAGCCTTTGCCACAA,0,576602
araCp,0.25,3,3,CCACCGCCGAGGCAAGTCTT,0,599536
araCp,0.25,3,3,CCACAAGCGCATCCAGTCCA,0,591928
araCp,0.25,3,3,CCAATTAGGAGGATTGTACG,0,526880
araCp,0.25,3,3,CCAATCCGTTTCTTCAGCCT,0,539563
araCp,0.25,3,3,CCAATACTACGCTGCCTCGA,0,593835
araCp,0.25,3,3,CCAAGTGGATTCACTTTATA,0,560172
araCp,0.25,3,3,CCAACATTGCACCAGGGTTT,0,547356
araCp,0.25,3,3,CCAAACGACCACTCCGTTGT,0,559207
araCp,0.25,3,3,CCAAACGAACTCCGCCTTAG,0,557044
araCp,0.25,3,3,CCAAAATCGTGATGCCTGAA,0,551307
araCp,0.25,3,3,CATTTGAGTACAGGTCTTGC,0,586255
araCp,0.25,3,3,CATTTAGCCACGGACCCTGG,0,528432
araCp,0.25,3,3,CATTCTCCTGCATGTTACAC,0,588587
araCp,0.25,3,3,CATTCGGACCTGTGCGTCCA,0,535701
araCp,0.25,3,3,CATTCGCAATTGGGGCATGG,0,552533
araCp,0.25,3,3,CATTATGGATTACGTCTAAT,0,567079
araCp,0.25,3,3,CATTAGGGAACAACCTAGTA,0,596096
araCp,0.25,3,3,CATGTGCTCCTAAGGTCAGA,0,559068
araCp,0.25,3,3,CATGTCCCCACTGGTGAACG,0,572859
araCp,0.25,3,3,CATGCGTTTAACGTAATATT,0,530809
araCp,0.25,3,3,CATGCGGCTGGGGGGAAGAT,0,570104
araCp,0.25,3,3,CATGCGAGAATTGCCATCAA,0,537694
araCp,0.25,3,3,CATGCCAGATTGCGACGTAT,0,569053
araCp,0.25,3,3,CATGATGGGAACTGGTCAAA,0,593094
araCp,0.25,3,3,CATGAGGCAACCGGCGGAGG,0,543113
araCp,0.25,3,3,CATGAGATAGAGACACGTAA,0,553513
araCp,0.25,3,3,CATGACGGTTCAAGCAAGTT,0,559163
araCp,0.25,3,3,CATGAAGGTAAAACACGGTA,0,549989
araCp,0.25,3,3,CATGAACTTCTCGCCAGCAA,0,545259
araCp,0.25,3,3,CATCGTTTTTCCCGGAAAAA,0,590213
araCp,0.25,3,3,CATCGTCGGGACAAGTCCTG,0,563010
araCp,0.25,3,3,CATCGGATCGGACATTAAGT,0,563723
araCp,0.25,3,3,CATCGGACCGTCAAAGTAGT,0,553889
araCp,0.25,3,3,CATCCGGGGGGATATACAGG,0,569078
araCp,0.25,3,3,CATCCCTGGTTACTATATGT,0,538117
araCp,0.25,3,3,CATCCCGCGACCGTAGTTAT,0,592105
araCp,0.25,3,3,CATCCAAATTTATAAGATTT,0,591145
araCp,0.25,3,3,CATCCAAATTATACCATCCC,0,526562
araCp,0.25,3,3,CATCATGCCGCAGTTATGAG,0,555785
araCp,0.25,3,3,CATCATAGGTCATGACCGAA,0,548947
araCp,0.25,3,3,CATCACTTCGGTAACTTCAC,0,551143
araCp,0.25,3,3,CATCACCAGACCTAGACTGG,0,589407
araCp,0.25,3,3,CATATGTCTCTATTATTCAG,0,556195
araCp,0.25,3,3,CATATAAATGCTTTACTCTC,0,544383
araCp,0.25,3,3,CATAGTGTGCGGGGAAGGAC,0,577865
araCp,0.25,3,3,CATACGGTGACTTGGTAGGC,0,531033
araCp,0.25,3,3,CATACCAGGTAATTTGCGAG,0,591565
araCp,0.25,3,3,CATACATGAGTCTCGGTCCT,0,603408
araCp,0.25,3,3,CATACACGGCCTGCTCTCGG,0,537111
araCp,0.25,3,3,CAGTTGAAGGGGTGAGTGCA,0,560157
araCp,0.25,3,3,CAGTGTGGATAACCGCAAAG,0,564898
araCp,0.25,3,3,CAGTGTATCCCCACGCGGAA,0,538965
araCp,0.25,3,3,CAGTGGGTGGGAGAAATTGA,0,554100
araCp,0.25,3,3,CAGTGGGCGGAGTGTCAGAT,0,583346
araCp,0.25,3,3,CAGTCCTTCATCAACACCGA,0,573947
araCp,0.25,3,3,CAGTAGGGATCTGCGTACAC,0,571822
araCp,0.25,3,3,CAGTAGCAGCTGAACTAGGC,0,550362
araCp,0.25,3,3,CAGGTGCCATTTAGCGGTGC,0,536711
araCp,0.25,3,3,CAGGTGATCCCACCGGGGTG,0,596867
araCp,0.25,3,3,CAGGTACTTGCACACGGTTC,0,541140
araCp,0.25,3,3,CAGGTACTGTCGTAGCCAAG,0,600489
araCp,0.25,3,3,CAGGGGCGCCTAGGGACGCG,0,593643
araCp,0.25,3,3,CAGGGACATTCGAGTATGGC,0,549299
araCp,0.25,3,3,CAGGCTGTATTCCATTTCAA,0,578695
araCp,0.25,3,3,CAGGCCATACAAATTGAGTC,0,533339
araCp,0.25,3,3,CAGGATCTCGGGCTTACGAG,0,574190
araCp,0.25,3,3,CAGGACATTAGGCTAAAAGT,0,549057
araCp,0.25,3,3,CAGCTGCGCTCCCCTTTAGT,0,594243
araCp,0.25,3,3,CAGCTGAATAGGTTCACATA,0,579783
araCp,0.25,3,3,CAGCGTCAAGTATTCTCTCC,0,526906
araCp,0.25,3,3,CAGCGGGACTTGAAGCGCCC,0,563936
araCp,0.25,3,3,CAGCGGCACTCAAGATCTTA,0,567805
araCp,0.25,3,3,CAGCGGATTGCGATTGTCAG,0,589497
araCp,0.25,3,3,CAGCGCGTGCCGACGGCTGA,0,538132
araCp,0.25,3,3,CAGCCTTAACTCGTCCTGAA,0,580176
araCp,0.25,3,3,CAGCCGTCTTTTCTCGCGAT,0,602957
araCp,0.25,3,3,CAGCATAACAGCATGTGTTA,0,570949
araCp,0.25,3,3,CAGCACGCTTAAAGCAATGA,0,528602
araCp,0.25,3,3,CAGCAAACCAACTCGTATAA,0,558106
araCp,0.25,3,3,CAGATGGAGGCTTCAACGTG,0,532512
araCp,0.25,3,3,CAGAGGGTGTTCGGGTATAG,0,583134
araCp,0.25,3,3,CAGAGGGTAGTCTGCAAGGG,0,595359
araCp,0.25,3,3,CAGAGGGTAAGATCTCAAAT,0,551190
araCp,0.25,3,3,CAGAGCCTGCGATAATAAGT,0,555877
araCp,0.25,3,3,CAGAGCATGCCACCATCTCC,0,587633
araCp,0.25,3,3,CAGACTTAACCTGCTAAGGA,0,602976
araCp,0.25,3,3,CACTTTGACCTTACATGACG,0,584309
araCp,0.25,3,3,CACTTGGGAAGACGTGCTAC,0,553300
araCp,0.25,3,3,CACTTCCGGGGTGTCCTGCC,0,552521
araCp,0.25,3,3,CACTGTAGTTCACTAAGAAC,0,579013
araCp,0.25,3,3,CACTGGCTAATCTTCACTTC,0,541544
araCp,0.25,3,3,CACTCTTGATAGGCGTGTTA,0,589687
araCp,0.25,3,3,CACTCGCCGAAAATGGTGGA,0,603615
araCp,0.25,3,3,CACTCAGGAGGTGACCATGG,0,581486
araCp,0.25,3,3,CACTCAGACGGACCCGGCCC,0,591590
araCp,0.25,3,3,CACTCACTCCGTCGGATGTA,0,557430
araCp,0.25,3,3,CACGTTCGCACAGGGACTAA,0,600095
araCp,0.25,3,3,CACGTATACTCTTAGAACCA,0,583755
araCp,0.25,3,3,CACGTAACATTGGTTTAGTC,0,526126
araCp,0.25,3,3,CACGGTAGGGGTGTAGAGTC,0,580950
araCp,0.25,3,3,CACGGGGTTAGAGATATCCT,0,599620
araCp,0.25,3,3,CACGCTTGTCAATAAAGTAC,0,594144
araCp,0.25,3,3,CACGCATGACACCAATCACA,0,581931
araCp,0.25,3,3,CACGCAGACGGAAGGAATCT,0,597926
araCp,0.25,3,3,CACGATTACAGATCCGGTCA,0,600831
araCp,0.25,3,3,CACGACACCGCGGCCTACTG,0,561701
araCp,0.25,3,3,CACCTTAGTTCCGTTATTTA,0,560901
araCp,0.25,3,3,CACCTCCAATCGTTTTTTCG,0,529700
araCp,0.25,3,3,CACCTACTTTTGTAGCCTCC,0,541811
araCp,0.25,3,3,CACCGTTCCGCATACGTTTC,0,553663
araCp,0.25,3,3,CACCGTTCCCATTTGTATGG,0,543410
araCp,0.25,3,3,CACCACTATAAACTATACAG,0,556548
araCp,0.25,3,3,CACCAAAGTTAATGATATAC,0,574042
araCp,0.25,3,3,CACATTGGAATCGGTGACGA,0,531466
araCp,0.25,3,3,CACATGTGTTTATCGGGCCT,0,551127
araCp,0.25,3,3,CACATGCAATCATGCATGGG,0,529834
araCp,0.25,3,3,CACATCCGGCGATTCAAGAC,0,581957
araCp,0.25,3,3,CACATATTGTCAGGGGAACA,0,593728
araCp,0.25,3,3,CACAGCACAAAGAGAGTGGT,0,530028
araCp,0.25,3,3,CACACGCGTTTCACGACTTC,0,549684
araCp,0.25,3,3,CACACGAGGACTCCGTGTTT,0,592223
araCp,0.25,3,3,CAATTTACGATTTTAACTAA,0,561434
araCp,0.25,3,3,CAATTGGTCTATGCGCCTCT,0,600676
araCp,0.25,3,3,CAATTGGGACTTGTAGCATC,0,585361
araCp,0.25,3,3,CAATGGCCATTATGCAAAAT,0,587697
araCp,0.25,3,3,CAATGGAGCCTCGCTTCATC,0,571167
araCp,0.25,3,3,CAATGAAGTCGATTTCTCGC,0,540056
araCp,0.25,3,3,CAAGTCTCACCACACTTGTA,0,567991
araCp,0.25,3,3,CAAGTAAGCTGTTCATTCGG,0,578872
araCp,0.25,3,3,CAAGGGGATGAAAATTTGTT,0,593082
araCp,0.25,3,3,CAAGCGGAACCGTTTGGCCG,0,538807
araCp,0.25,3,3,CAAGCCCCCGGCAATCGTAT,0,589510
araCp,0.25,3,3,CAAGAGTTCTGTTAAAGTTG,0,529511
araCp,0.25,3,3,CAACTTGGTTTGTTATATGT,0,597193
araCp,0.25,3,3,CAACTGTGCTCTAGTGCGCG,0,554840
araCp,0.25,3,3,CAACTGGACCGCAAGGTACC,0,550241
araCp,0.25,3,3,CAACGTCCCCCTTTTGATTA,0,597927
araCp,0.25,3,3,CAACGCTTGTGCAAAGTATG,0,574360
araCp,0.25,3,3,CAACAACGTTCCGCCACGCT,0,561143
araCp,0.25,3,3,CAACAAACGGTGCAATAGGG,0,571393
araCp,0.25,3,3,CAAATTCCGGAGGAGATCAA,0,543376
araCp,0.25,3,3,CAAATCAAGATGTCGGCCGA,0,580609
araCp,0.25,3,3,CAAAGCAAGGCCCGGACAGA,0,526483
araCp,0.25,3,3,CAAAGATCCGTGGCTTCGTG,0,569302
araCp,0.25,3,3,CAAACCTACTGTGGCTGGTG,0,546394
araCp,0.25,3,3,CAAACCAATGACCAGAAGTA,0,571728
araCp,0.25,3,3,CAAACATGTTGCGCAGACGA,0,579977
araCp,0.25,3,3,CAAAATCCCAGACGGATTCT,0,573609
araCp,0.25,3,3,CAAAATCAGGGCTAAACAAT,0,567006
araCp,0.25,3,3,CAAAAGAGTGCGAACGTCTC,0,594146
araCp,0.25,3,3,ATTTTTTGCACAAGAATTTG,0,535996
araCp,0.25,3,3,ATTTTGGTCTTCGGTCCATT,0,571107
araCp,0.25,3,3,ATTTTCTTAAGTGAACTGCG,0,600837
araCp,0.25,3,3,ATTTTCCAAGTATTAAGACC,0,572371
araCp,0.25,3,3,ATTTGGGTAGGTAGCAACGT,0,526616
araCp,0.25,3,3,ATTTGGGCTCGTCTGTTCCA,0,595618
araCp,0.25,3,3,ATTTGGCCGTTGGAACGCGC,0,593708
araCp,0.25,3,3,ATTTGGCACCGGGCATCGTC,0,551425
araCp,0.25,3,3,ATTTGAGAGACCAGGACCTA,0,573306
araCp,0.25,3,3,ATTTGACTCGAGAATCAAGG,0,533537
araCp,0.25,3,3,ATTTCGGAGCGGCGCGGGGC,0,557340
araCp,0.25,3,3,ATTTCAGGTAGGCAAAAAAC,0,536681
araCp,0.25,3,3,ATTTATCCTTCGAGCGGTCA,0,528235
araCp,0.25,3,3,ATTTATAAATGGCACATAAA,0,583552
araCp,0.25,3,3,ATTTAACTCTCCCCGGGACA,0,533530
araCp,0.25,3,3,ATTTAACAGCCCCTCTACTA,0,583390
araCp,0.25,3,3,ATTGTTCTATTGGACGGTGG,0,576075
araCp,0.25,3,3,ATTGTGCCCAAGACTTGGCA,0,595436
araCp,0.25,3,3,ATTGGGGTGTAGCGGCTCTT,0,563709
araCp,0.25,3,3,ATTGACAAAGTTCACAAGTC,0,582981
araCp,0.25,3,3,ATTCTAACGTAGTTCGCAGT,0,527041
araCp,0.25,3,3,ATTCGTGCGTACACATTTAT,0,537818
araCp,0.25,3,3,ATTCGCGTCATCTCGGTGCC,0,577259
araCp,0.25,3,3,ATTCCTTGCAATTCTCAATC,0,532734
araCp,0.25,3,3,ATTCCTGATGAGGACGGGCT,0,601277
araCp,0.25,3,3,ATTCCGCCTCCTTCACTTTA,0,586272
araCp,0.25,3,3,ATTCCACAGTTGACAACGAT,0,528652
araCp,0.25,3,3,ATTCAATCAGCGATTGCAGA,0,533531
araCp,0.25,3,3,ATTCAAACCGTAAGAGCTAG,0,571311
araCp,0.25,3,3,ATTATTCTTATGATTTGTCG,0,560676
araCp,0.25,3,3,ATTAGACTATGCACTCCTGT,0,575487
araCp,0.25,3,3,ATTACTTTGTAGTCAAACGA,0,561414
araCp,0.25,3,3,ATTACTCTCACTTCTCTAAC,0,568958
araCp,0.25,3,3,ATTACCTGGATAAAGCGAAT,0,601083
araCp,0.25,3,3,ATTAAGGTGACTGCAGATAG,0,557762
araCp,0.25,3,3,ATGTTTCTGGCTCAACCCCA,0,538814
araCp,0.25,3,3,ATGTTTCACTCAACCAATTT,0,594808
araCp,0.25,3,3,ATGTGGATGGTCGGCGGGTC,0,551305
araCp,0.25,3,3,ATGTGATTGAGTGCATTCTC,0,531370
araCp,0.25,3,3,ATGTGAGCGAAAGTCCGTCC,0,535380
araCp,0.25,3,3,ATGTCGGATCTCTAAACATT,0,529851
araCp,0.25,3,3,ATGTCCCGAACTCACAGATT,0,585315
araCp,0.25,3,3,ATGTATTAGAAGGCACAGTC,0,599753
araCp,0.25,3,3,ATGTATCTTTTATCTAAACA,0,560981
araCp,0.25,3,3,ATGTAGTACCAGGCGGGAGT,0,599928
araCp,0.25,3,3,ATGGTGAGGGGGACGCTGCC,0,572123
araCp,0.25,3,3,ATGGGGTCATAAAGGGAAGT,0,545443
araCp,0.25,3,3,ATGGGATTTTAACGGTAGTG,0,600236
araCp,0.25,3,3,ATGGGACTGTGCGGAAGGAC,0,577507
araCp,0.25,3,3,ATGGGAAGTTGATCTGTCAT,0,564558
araCp,0.25,3,3,ATGGCCCTCGGCGGTGCGTC,0,538607
araCp,0.25,3,3,ATGGAGAATTGGGCATGTTT,0,589670
araCp,0.25,3,3,ATGCTGGGAAAATGAAACGC,0,599444
araCp,0.25,3,3,ATGCCACCGACCAAAGCTCG,0,567900
araCp,0.25,3,3,ATGCAGGTGGAAGATGACGT,0,548659
araCp,0.25,3,3,ATGCAGAATCGGGCTGTTGT,0,578576
araCp,0.25,3,3,ATGATCTTCTCAGCCACCGA,0,534673
araCp,0.25,3,3,ATGATCTCAGGAGCGACAAC,0,530806
araCp,0.25,3,3,ATGATAAGCGTAAAATACTC,0,528588
araCp,0.25,3,3,ATGAGACCGAGTCAGGTTTC,0,535944
araCp,0.25,3,3,ATGAGACCCGGCACTTTTCA,0,580715
araCp,0.25,3,3,ATGACTATTCTAGAAGGTTA,0,591619
araCp,0.25,3,3,ATGACATGGAGCCCACCCTG,0,601665
araCp,0.25,3,3,ATGAAGTGGTACGGGGGTCA,0,590121
araCp,0.25,3,3,ATGAACTATACTCACGGCAG,0,586098
araCp,0.25,3,3,ATCTTTTCATTTACACCACA,0,536861
araCp,0.25,3,3,ATCTTGGGATTCAGGGATCT,0,541126
araCp,0.25,3,3,ATCTGAGAAATGACATGGCG,0,525946
araCp,0.25,3,3,ATCGTCCACTGCTATCTGAG,0,592493
araCp,0.25,3,3,ATCGGTGCATTTACGGCTTG,0,571921
araCp,0.25,3,3,ATCGCGCTGTGTTGCGGTCG,0,562349
araCp,0.25,3,3,ATCGATGTTGAGTGGCGGCA,0,586413
araCp,0.25,3,3,ATCCTTACATGCATATTGAA,0,533328
araCp,0.25,3,3,ATCCTGGACGGGGTGTGGTT,0,599162
araCp,0.25,3,3,ATCCTCGCCTTCATGCTATT,0,577406
araCp,0.25,3,3,ATCCGCAATAACATCTGATA,0,566545
araCp,0.25,3,3,ATCCCCCCCATAATCTTTCA,0,527542
araCp,0.25,3,3,ATCCCAACATGACCATCTCA,0,546077
araCp,0.25,3,3,ATCCAAAAATCCCGATCTTT,0,589902
araCp,0.25,3,3,ATCATGTTCCGATTTAAGCA,0,573325
araCp,0.25,3,3,ATCATGCGGCCACGAAGGTC,0,547458
araCp,0.25,3,3,ATCATGATGTTGATGTTTCT,0,566007
araCp,0.25,3,3,ATCACGAACTTACTCCGATC,0,567013
araCp,0.25,3,3,ATCAATGAGATCGCAATGAC,0,600974
araCp,0.25,3,3,ATCAACTCATATGGGGCTGG,0,540114
araCp,0.25,3,3,ATCAAAAGCCAGTAGGGAGA,0,547371
araCp,0.25,3,3,ATATTTGGCCCTACTCACAT,0,579206
araCp,0.25,3,3,ATATTTGGCCCACGTTGGCT,0,526052
araCp,0.25,3,3,ATATTAGCAAGAAGGGACGG,0,573570
araCp,0.25,3,3,ATATTACGGATGTATTATTA,0,566485
araCp,0.25,3,3,ATATGGGTTGTTTATCGGGA,0,539293
araCp,0.25,3,3,ATATGGCGTCTAATCTTATA,0,559427
araCp,0.25,3,3,ATATGCGTTGTCTAGTTGTT,0,527749
araCp,0.25,3,3,ATATGAGTCATATGCGGTAG,0,560053
araCp,0.25,3,3,ATATCGTGCATTGTAACCTA,0,579227
araCp,0.25,3,3,ATATCCAGTAACCATTCTGT,0,532269
araCp,0.25,3,3,ATATATGGTTTGATTTTTGC,0,582884
araCp,0.25,3,3,ATATAACCGGGAGCGGACAG,0,548426
araCp,0.25,3,3,ATAGTAGGTTTGTGAACTCT,0,572329
araCp,0.25,3,3,ATAGTAGCAGAGCTGTCGAT,0,556171
araCp,0.25,3,3,ATAGGTAACTTTCCTATAAG,0,561599
araCp,0.25,3,3,ATAGGGTCGCTACGCACTTA,0,552708
araCp,0.25,3,3,ATAGGCTGGGTGGCCTAATC,0,597862
araCp,0.25,3,3,ATAGGCCCGTGACTGGCTCA,0,599565
araCp,0.25,3,3,ATAGGACCGATCAGGTAAGC,0,542039
araCp,0.25,3,3,ATAGATGGGGACGTGATTGT,0,566865
araCp,0.25,3,3,ATAGAAGTTACCGGTCTCGA,0,593089
araCp,0.25,3,3,ATACTGGCTAGCTTGGCATA,0,540294
araCp,0.25,3,3,ATACGTCAGCATGTAATTTA,0,573979
araCp,0.25,3,3,ATACGGTCAATCATAGACCG,0,595833
araCp,0.25,3,3,ATACGCGGTTAGGCGTCTTC,0,594283
araCp,0.25,3,3,ATACGAAGGGTGTGATGTTT,0,550503
araCp,0.25,3,3,ATACCCGTGGGGCTGTTTAC,0,576160
araCp,0.25,3,3,ATACCCCGCGGCTGGATAGC,0,572977
araCp,0.25,3,3,ATAATTCCCCTTTCACGCAA,0,569426
araCp,0.25,3,3,ATAATGTGGGGGCGGTTACA,0,527196
araCp,0.25,3,3,ATAATCTGCACAGAGAAAGT,0,558302
araCp,0.25,3,3,ATAATCGGCCCCTTTTATTG,0,529343
araCp,0.25,3,3,ATAATAATCAGAGCGGGGAT,0,531085
araCp,0.25,3,3,ATAAGGGATGTTTTGACTGC,0,591014
araCp,0.25,3,3,ATAAGACCACCAGTCTTAAG,0,551872
araCp,0.25,3,3,ATAAGAAGATCCAAGACAAT,0,551342
araCp,0.25,3,3,ATAAAAGTAATGATTACATA,0,537928
araCp,0.25,3,3,ATAAAAGGGGCTAGAATACT,0,597355
araCp,0.25,3,3,AGTTTCTTCCCAACCATGGT,0,592460
araCp,0.25,3,3,AGTTTCGCTCTCCCTATTAT,0,556279
araCp,0.25,3,3,AGTTGTCAGCCCGCTTCAGT,0,568247
araCp,0.25,3,3,AGTTGCGCCTCGGATTTCGG,0,590460
araCp,0.25,3,3,AGTTCTTAGGGTCAGGCACA,0,587358
araCp,0.25,3,3,AGTTCGATGCAAGGTACAGA,0,560851
araCp,0.25,3,3,AGTTCACAGTGATTCTCTCT,0,594778
araCp,0.25,3,3,AGTTATCGATTTGAGCTAAC,0,546767
araCp,0.25,3,3,AGTGTGGGGTTGAAGCTGAA,0,575747
araCp,0.25,3,3,AGTGGATTATGAATGAGTAA,0,532344
araCp,0.25,3,3,AGTGGAACCCAAGAGTCAAC,0,535459
araCp,0.25,3,3,AGTGCTTGCTGGTAAATCTA,0,564578
araCp,0.25,3,3,AGTGCTGTGCATTAAACTGG,0,562560
araCp,0.25,3,3,AGTGCAGACACCCTAACGGT,0,527220
araCp,0.25,3,3,AGTGATGTTCGGGGATTTAT,0,597178
araCp,0.25,3,3,AGTGATCGCGGGTGCAATTC,0,582236
araCp,0.25,3,3,AGTGAGATATCTTTGACGCT,0,585340
araCp,0.25,3,3,AGTCTTGAGCCCCGCCCGAC,0,568855
araCp,0.25,3,3,AGTCTCAACCTACGACAACC,0,567075
araCp,0.25,3,3,AGTCGGGCTGTTGCGCCCGT,0,578754
araCp,0.25,3,3,AGTCCCGTCGGCCGTTAAAA,0,603216
araCp,0.25,3,3,AGTCCATAACCATCCATTAG,0,585644
araCp,0.25,3,3,AGTCCACCTTTTCGTATACA,0,531964
araCp,0.25,3,3,AGTCATATCTCGTGGCGTGT,0,536194
araCp,0.25,3,3,AGTCAGTAGGTATAGGCACT,0,534933
araCp,0.25,3,3,AGTCAGGCGATCAAATCGTT,0,554499
araCp,0.25,3,3,AGTCAATTTTCGAGCACATC,0,577159
araCp,0.25,3,3,AGTCAAATTCAATAGTAGTT,0,587565
araCp,0.25,3,3,AGTATTGATCGCGTTGGGGG,0,579001
araCp,0.25,3,3,AGTATACACATTTAGATGTA,0,543481
araCp,0.25,3,3,AGTACCCATTTTACTTGGTC,0,592501
araCp,0.25,3,3,AGTAAGTCCCTCTTATTATA,0,585709
araCp,0.25,3,3,AGTAAGGATCTAGCACGAGG,0,592842
araCp,0.25,3,3,AGTAAGCAATCTGCTCCCCC,0,573304
araCp,0.25,3,3,AGGTTTTCAAATTCCGAGAC,0,577431
araCp,0.25,3,3,AGGTTCTAGCACTATGGACA,0,530186
araCp,0.25,3,3,AGGTGTGCAAGATATTCCGC,0,584837
araCp,0.25,3,3,AGGTGGGCCGCTCTCCTCCC,0,527209
araCp,0.25,3,3,AGGTGATTTTTCAACCTGGT,0,550878
araCp,0.25,3,3,AGGTCCAGAGCCACAGATTG,0,594462
araCp,0.25,3,3,AGGTCATGCTGTGAGTGAAA,0,571793
araCp,0.25,3,3,AGGTCACGGGGGCATAGCCC,0,542409
araCp,0.25,3,3,AGGTCAATGTAGGAGAACAT,0,548666
araCp,0.25,3,3,AGGTAGGTCGTACTTTGTTA,0,575573
araCp,0.25,3,3,AGGTAGCCATGGCGGTCCAA,0,533767
araCp,0.25,3,3,AGGTACCTGATTTCCATTAT,0,563618
araCp,0.25,3,3,AGGGTTTTTATTGGCCTTGG,0,550225
araCp,0.25,3,3,AGGGTGGCGTATGTGAACAT,0,544052
araCp,0.25,3,3,AGGGCCGCACGTGCAGAGAG,0,537326
araCp,0.25,3,3,AGGGCAAAATCACCGCCCAG,0,571097
araCp,0.25,3,3,AGGGAGCGTTGCGATTCATA,0,565936
araCp,0.25,3,3,AGGCTCATGAAACCGAGGCT,0,553445
araCp,0.25,3,3,AGGCGTATATCAGGTGTTCC,0,567521
araCp,0.25,3,3,AGGCGTAAGTGTTCAACGTT,0,562958
araCp,0.25,3,3,AGGCGAGGTGTAAGAGCCTA,0,552606
araCp,0.25,3,3,AGGCCCCTGCCCTAAAGCTA,0,581865
araCp,0.25,3,3,AGGCATTGATTACCAGTGAA,0,590636
araCp,0.25,3,3,AGGCAGGACTCAAGAATCGG,0,557040
araCp,0.25,3,3,AGGCAGCAAGAGATATCCGA,0,534676
araCp,0.25,3,3,AGGCACCCCCTCCGACCGTG,0,601725
araCp,0.25,3,3,AGGATGTGTGTACACCGCGA,0,575929
araCp,0.25,3,3,AGGATGGACGACGAATACTT,0,534973
araCp,0.25,3,3,AGGATGCTAAACAAATGCAA,0,591957
araCp,0.25,3,3,AGGATCCGGTAAGATGAGGT,0,561352
araCp,0.25,3,3,AGGAGTTTTGACGTGAAGCT,0,534193
araCp,0.25,3,3,AGGAGTACGCCGTAGATCAT,0,536401
araCp,0.25,3,3,AGGAGGGTCATAGAAGGCGA,0,602486
araCp,0.25,3,3,AGGAGCGTGCGTATATTGGG,0,534349
araCp,0.25,3,3,AGGAGACAGCCATGTATTCA,0,596791
araCp,0.25,3,3,AGGACTGCTCCATTCGTAGG,0,558564
araCp,0.25,3,3,AGGACTACGGCACCTCTCAG,0,540309
araCp,0.25,3,3,AGGACATCCGAGCCCGATCG,0,602859
araCp,0.25,3,3,AGCTTCTGGGAGGTTACAAT,0,563069
araCp,0.25,3,3,AGCTTCCTAGTCATGTACCG,0,542626
araCp,0.25,3,3,AGCTTCCCTTGTCAATCGAT,0,564809
araCp,0.25,3,3,AGCTTATATTGCTGAACGAG,0,591888
araCp,0.25,3,3,AGCTGGGTTGCTTTTTACAC,0,574295
araCp,0.25,3,3,AGCTGCTGACGTTGGGGAGT,0,565221
araCp,0.25,3,3,AGCTGCACTTCGCAACCTCA,0,564819
araCp,0.25,3,3,AGCTACCAGAATCACGCAGG,0,552601
araCp,0.25,3,3,AGCGTTCATGCATCGCCAAC,0,597204
araCp,0.25,3,3,AGCGTGTTGCCAACGACGCA,0,531858
araCp,0.25,3,3,AGCGTGTAGTGCACCGTCTC,0,531386
araCp,0.25,3,3,AGCGTGAAATAAAGGTCTAG,0,586603
araCp,0.25,3,3,AGCGTATCGTCGTGTTCTAA,0,602726
araCp,0.25,3,3,AGCGTACTTCATGCGCCATG,0,555236
araCp,0.25,3,3,AGCGAGCAGACTCCACACGT,0,586390
araCp,0.25,3,3,AGCGAGAAACTACCAACACA,0,538523
araCp,0.25,3,3,AGCGAAACCTCCGAAGGACA,0,550596
araCp,0.25,3,3,AGCCTGATGTCATTGAGTTT,0,572434
araCp,0.25,3,3,AGCCTGACACAAATGAGATA,0,587522
araCp,0.25,3,3,AGCCGGAAATCCGAACAATT,0,551771
araCp,0.25,3,3,AGCCGATCCTGGTACAGATC,0,559688
araCp,0.25,3,3,AGCCATTTCTAATAAAGGTC,0,588305
araCp,0.25,3,3,AGCCAGGAGTTACTCTAACC,0,571944
araCp,0.25,3,3,AGCCAAAGACCATTGGTAGA,0,556382
araCp,0.25,3,3,AGCATGAGTCTCCCTCGCGA,0,532742
araCp,0.25,3,3,AGCATCGGAGACAATGCGTT,0,556544
araCp,0.25,3,3,AGCATCCGGTCTAATCCTGT,0,558484
araCp,0.25,3,3,AGCATAGAAGGAGATCCTTC,0,535858
araCp,0.25,3,3,AGCAGTTTTTATAGTGAGTC,0,575568
araCp,0.25,3,3,AGCACGTCCGTTATGACCTC,0,533141
araCp,0.25,3,3,AGCAACTTTCCCGGTCTCAG,0,527525
araCp,0.25,3,3,AGATTCCTGAGCCGCGTGGG,0,573676
araCp,0.25,3,3,AGATCTATTATTAACACTGA,0,554114
araCp,0.25,3,3,AGATCAAGTGCATCGGAAGC,0,571998
araCp,0.25,3,3,AGATAGGTAACAGCATACAT,0,566731
araCp,0.25,3,3,AGATAGGAACGACAGCCACA,0,580802
araCp,0.25,3,3,AGAGGCCTCCTTTGTTGCAA,0,547249
araCp,0.25,3,3,AGAGCCTAAAATCAGTGGTG,0,555807
araCp,0.25,3,3,AGAGCACTTCTCGTAACCAA,0,531451
araCp,0.25,3,3,AGAGATTATTGAACTCGTGT,0,533941
araCp,0.25,3,3,AGAGAGTTCAAACCCATGAC,0,592174
araCp,0.25,3,3,AGAGAGCCTTATGGGAAGCA,0,553289
araCp,0.25,3,3,AGAGAATACACTCGGTATTT,0,586692
araCp,0.25,3,3,AGACTTTGAGGAGCTTAAGT,0,534196
araCp,0.25,3,3,AGACTGGACTGTTAGTTCCC,0,555671
araCp,0.25,3,3,AGACTCCACGCCTCTAGATA,0,555771
araCp,0.25,3,3,AGACTACGCTCAGCCACCAG,0,543974
araCp,0.25,3,3,AGACTAAGGGTACAGCCACA,0,597029
araCp,0.25,3,3,AGACGGGCAAAGTTGTCATC,0,549175
araCp,0.25,3,3,AGACGATTTGGGCGCTTGAA,0,589223
araCp,0.25,3,3,AGACCCTGCGTGAATCATCT,0,552785
araCp,0.25,3,3,AGACATTGCCACGAGCTGAA,0,549402
araCp,0.25,3,3,AGACAGCTTTTCGGGCGTGA,0,572412
araCp,0.25,3,3,AGAAGTAGGCCTCGTAGATC,0,525890
araCp,0.25,3,3,AGAAGCCCCGATGCATCAAG,0,541988
araCp,0.25,3,3,AGAACTCAGAACTCACCCAT,0,581291
araCp,0.25,3,3,AGAACGTGACAAATCCTGTA,0,532305
araCp,0.25,3,3,AGAACGAATTGTGTAGGGAA,0,600381
araCp,0.25,3,3,AGAACAGTGAATGCAGGAAG,0,574428
araCp,0.25,3,3,ACTTTTTAAGTTCTAACGGC,0,559814
araCp,0.25,3,3,ACTTGTGGACCGCGAAACGT,0,600675
araCp,0.25,3,3,ACTTCCGAGGATCTTAGACC,0,545703
araCp,0.25,3,3,ACTTATGCTCGACGGAACAT,0,595067
araCp,0.25,3,3,ACTTAGTCAGCTTCGCCGTA,0,532029
araCp,0.25,3,3,ACTGTTAATTGGTGGTCTAA,0,572484
araCp,0.25,3,3,ACTGTGGGCTATTGCGGATC,0,565383
araCp,0.25,3,3,ACTGTCTTTGGATTCCAAAA,0,577274
araCp,0.25,3,3,ACTGTACATGAAGGGCTGCA,0,538719
araCp,0.25,3,3,ACTGGTTCAAGGCGCCTGCG,0,579447
araCp,0.25,3,3,ACTGGTGAGCACATAGGCAG,0,548214
araCp,0.25,3,3,ACTGGGTAACTTTGCTTGGG,0,594814
araCp,0.25,3,3,ACTGGGACTGCGGGGCCGTT,0,529111
araCp,0.25,3,3,ACTGCTTTGACTACGGATAT,0,562845
araCp,0.25,3,3,ACTGACTCACGTTCGTGAAT,0,528576
araCp,0.25,3,3,ACTGACCCCTTTCAGTTAGG,0,574544
araCp,0.25,3,3,ACTGAAGCATCTTAGCAAGT,0,552360
araCp,0.25,3,3,ACTCTTCGATCGCGTGGACT,0,560391
araCp,0.25,3,3,ACTCTTATATGGAGCATGAG,0,600925
araCp,0.25,3,3,ACTCTGGACGTCGAAATGTT,0,564853
araCp,0.25,3,3,ACTCGTTCTGCCAGGTCGGC,0,532925
araCp,0.25,3,3,ACTCGGCTGACGCACCCATT,0,542015
araCp,0.25,3,3,ACTCAGCTTCGGCTACGTAC,0,576134
araCp,0.25,3,3,ACTCAAATACTGTCCTCCTC,0,603070
araCp,0.25,3,3,ACTATTCATAGGCCTCGGGT,0,527880
araCp,0.25,3,3,ACTATGCTACCTGGAAACTG,0,562237
araCp,0.25,3,3,ACTAGCGGGCGCAGTAGAAG,0,574097
araCp,0.25,3,3,ACTAGATTGGAAGGACACAG,0,566973
araCp,0.25,3,3,ACTACCGTCCATCAAATAGT,0,562219
araCp,0.25,3,3,ACTAAACGAATTTACCGAAC,0,593550
araCp,0.25,3,3,ACGTTCCCCTGGTTACCAAC,0,534163
araCp,0.25,3,3,ACGTTAATTTGCACAGTCTT,0,562866
araCp,0.25,3,3,ACGTGTGCGGGTTAGACTAT,0,577226
araCp,0.25,3,3,ACGTGTCCGCGGATTGCACA,0,590351
araCp,0.25,3,3,ACGTGTAAGATACGCTAGCC,0,557871
araCp,0.25,3,3,ACGTGGTCAGGACTCACGAG,0,531424
araCp,0.25,3,3,ACGTGGATTCGTCCTGCAGC,0,551688
araCp,0.25,3,3,ACGTGCGTTCTGGACAGTGA,0,589889
araCp,0.25,3,3,ACGTCTATCGACGGCGGCCG,0,581916
araCp,0.25,3,3,ACGTCATGCCCGGAATATTA,0,570933
araCp,0.25,3,3,ACGTAGCTTTGATCAGACCC,0,565500
araCp,0.25,3,3,ACGTAACCTGCTTGATACGA,0,555213
araCp,0.25,3,3,ACGTAACAACAGTCGGGGCA,0,585535
araCp,0.25,3,3,ACGGTTTAATACGGGTGAGC,0,583890
araCp,0.25,3,3,ACGGTGTCCGATACTTGAGC,0,541105
araCp,0.25,3,3,ACGGTCATACCCTGCGCACT,0,574628
araCp,0.25,3,3,ACGGGTGTTGTTTTAGAAGA,0,549462
araCp,0.25,3,3,ACGGGTACTGGCTCTCTAGA,0,584828
araCp,0.25,3,3,ACGGGATTGTTAAAAAATGA,0,530250
araCp,0.25,3,3,ACGGCGAGGAGCATGGTTGG,0,547462
araCp,0.25,3,3,ACGGCATCGTATACTAGCGA,0,561703
araCp,0.25,3,3,ACGGACACTCCGGTGAGTCC,0,542747
araCp,0.25,3,3,ACGGAAGTATTCCTGTCGTG,0,537490
araCp,0.25,3,3,ACGGAAGGATTTGTCTGGCC,0,528365
araCp,0.25,3,3,ACGCTTGGCTATGGACACAA,0,576761
araCp,0.25,3,3,ACGCTGTCTTTGCTTTCGGG,0,529854
araCp,0.25,3,3,ACGCTGCTCTACACCGGTCC,0,571130
araCp,0.25,3,3,ACGCTCTACAAGTTATTGTG,0,548514
araCp,0.25,3,3,ACGCTCCCTACGTCAGTCCT,0,532637
araCp,0.25,3,3,ACGCTACAGGGGATTTTCTT,0,589102
araCp,0.25,3,3,ACGCCTTTCATCGCCACTCC,0,603169
araCp,0.25,3,3,ACGCCCCGCCTCCATTGAGG,0,580918
araCp,0.25,3,3,ACGCATGCAGTTTCGCTCCT,0,601164
araCp,0.25,3,3,ACGATCGTATAGGTTGCCCG,0,603617
araCp,0.25,3,3,ACGAGGGGATAGGGGCGGTT,0,548151
araCp,0.25,3,3,ACGACATCAGCCCGATGTGG,0,570876
araCp,0.25,3,3,ACGACACATTCGTTGCGGCG,0,590959
araCp,0.25,3,3,ACCTTTCCCCAACATCTTGG,0,565515
araCp,0.25,3,3,ACCTTCCAAATCGATCTCTA,0,525565
araCp,0.25,3,3,ACCTTCAAATTCACCTTGAG,0,540371
araCp,0.25,3,3,ACCTTAGTAAGGCTAGCGAA,0,539740
araCp,0.25,3,3,ACCTGTGTTTACTAATCCAT,0,536838
araCp,0.25,3,3,ACCTGTCTTTAGGCATACGT,0,531289
araCp,0.25,3,3,ACCTGGATCGGACTGCCATG,0,574044
araCp,0.25,3,3,ACCTGCGCAACCAGCTTCCT,0,601576
araCp,0.25,3,3,ACCTCTGGGCTTTCCACTCA,0,553578
araCp,0.25,3,3,ACCTCGTTGAGCTTTACATG,0,599457
araCp,0.25,3,3,ACCTCAAGCTCAAGTCTTTG,0,537337
araCp,0.25,3,3,ACCTATTCGCGGCTCCTCTA,0,553481
araCp,0.25,3,3,ACCTAATACTCGGTATAAGT,0,600958
araCp,0.25,3,3,ACCTAAAAGGGACGTGCTGA,0,529030
araCp,0.25,3,3,ACCGTTTGGTAATCACGACA,0,540606
araCp,0.25,3,3,ACCGTCTGCAAAGGGGCAAT,0,526823
araCp,0.25,3,3,ACCGGTTACTACCTCTGGTC,0,543454
araCp,0.25,3,3,ACCGGGGAAGACACATGTCA,0,599360
araCp,0.25,3,3,ACCGGAACTGTGATGAACGG,0,549845
araCp,0.25,3,3,ACCGAGCGCGATTGGATAAT,0,537769
araCp,0.25,3,3,ACCGAACAGGCGCTCTCTCC,0,531906
araCp,0.25,3,3,ACCCTTGAATGGCACCATAA,0,596545
araCp,0.25,3,3,ACCCTTCTGGCGTTACGCGA,0,566601
araCp,0.25,3,3,ACCCTTACGTGCGGCCAACT,0,554913
araCp,0.25,3,3,ACCCTGTAATTTACGGGCAA,0,599874
araCp,0.25,3,3,ACCCTGGACCCCTGAACGAC,0,590432
araCp,0.25,3,3,ACCCTGATAGCAAGTATCAT,0,560996
araCp,0.25,3,3,ACCCTCGGCGACTCTCATTA,0,557653
araCp,0.25,3,3,ACCCTCATACTATCATCATT,0,576128
araCp,0.25,3,3,ACCCGGGGGATAGTCTAATT,0,582106
araCp,0.25,3,3,ACCCGGGAGGAATACGTTGT,0,577950
araCp,0.25,3,3,ACCCCTCGTGATTATTTGTC,0,582666
araCp,0.25,3,3,ACCCCGAAGCAAAATGGCTA,0,553294
araCp,0.25,3,3,ACCCAGCGCAGTGTTCTAAG,0,567998
araCp,0.25,3,3,ACCCAAGCTGGAAATCTCGA,0,570976
araCp,0.25,3,3,ACCCAACTCCAGCAGGAGAG,0,547729
araCp,0.25,3,3,ACCATAGACCCCTGGACCCA,0,528001
araCp,0.25,3,3,ACCAGTGTCGGGTTACAGGA,0,575458
araCp,0.25,3,3,ACCAGCTCCGGGAGGTGTAA,0,552327
araCp,0.25,3,3,ACCACGACAGCACCCATGCC,0,561372
araCp,0.25,3,3,ACCACCGGGCAAGGAAGGCT,0,587974
araCp,0.25,3,3,ACCAAGTTAGATTTCTAGCT,0,542639
araCp,0.25,3,3,ACATTTCCGAGAGGTACTTG,0,570921
araCp,0.25,3,3,ACATTGTGGTGGTTCGTCCT,0,563660
araCp,0.25,3,3,ACATTGCCGCACGGTACTCG,0,590965
araCp,0.25,3,3,ACATTCTAGGAACCCCCGTG,0,584638
araCp,0.25,3,3,ACATGGGTGTTTTTTCGCGT,0,555147
araCp,0.25,3,3,ACATCTTTTACAGCTGATCC,0,575755
araCp,0.25,3,3,ACATCTCCACGTGTACGGTA,0,572068
araCp,0.25,3,3,ACATCCAGGGCACTACAAAC,0,532674
araCp,0.25,3,3,ACATATTAAATTATAGCTTT,0,559421
araCp,0.25,3,3,ACATATGCAGCTGAGCAAGG,0,602699
araCp,0.25,3,3,ACAGGCAAGGGTGTAAAGGA,0,585581
araCp,0.25,3,3,ACAGCTTAGCAAACCAACAG,0,532838
araCp,0.25,3,3,ACAGCGCTCCCGTCGCGTAC,0,591945
araCp,0.25,3,3,ACAGAAATCAGAGTAGAGTC,0,537898
araCp,0.25,3,3,ACACTGCCCGTGGTAAGGCC,0,579821
araCp,0.25,3,3,ACACCTTGATGGCTAATGTC,0,565689
araCp,0.25,3,3,ACAATTGGGATTCATAGTTA,0,582347
araCp,0.25,3,3,ACAATTGGAATCAGCGAGCC,0,545021
araCp,0.25,3,3,ACAATGCTCACCTGGGCCAT,0,555892
araCp,0.25,3,3,ACAAGGAGAACTAACGCCGT,0,565512
araCp,0.25,3,3,ACAAGCTAGTCCCCAGGTGC,0,594072
araCp,0.25,3,3,ACAAGCCTTAGATCGGGAAC,0,599218
araCp,0.25,3,3,ACAAGCCGCACTCGTACACT,0,558642
araCp,0.25,3,3,ACAAGAGGATTGCGTGCTGA,0,599290
araCp,0.25,3,3,ACAACGGAGAGCCCAAAGGG,0,600548
araCp,0.25,3,3,ACAACCTGGGCTAACTGTAT,0,532476
araCp,0.25,3,3,ACAACCTCAATTGGTAATCC,0,567511
araCp,0.25,3,3,ACAACAAACAATGGTAGGGG,0,557018
araCp,0.25,3,3,ACAAAGGACGTGGCGAGTCT,0,576085
araCp,0.25,3,3,ACAAACTTGGATCGACCACC,0,545187
araCp,0.25,3,3,ACAAACAACGTCAATCCCAC,0,565303
araCp,0.25,3,3,AATTTTTAAACAAACCGGGA,0,563913
araCp,0.25,3,3,AATTTTGCAGAACATTCGGC,0,548914
araCp,0.25,3,3,AATTTGTTTCGATTATTGTG,0,544272
araCp,0.25,3,3,AATTGGGATTAGTCGGGCGT,0,577787
araCp,0.25,3,3,AATTGCTTTCAGCCCTAAAT,0,553138
araCp,0.25,3,3,AATTGCGTTACTTACCGCAG,0,556899
araCp,0.25,3,3,AATTGCAGGAGACAGGCACC,0,533762
araCp,0.25,3,3,AATTGACGAATGTCGGCTGA,0,591687
araCp,0.25,3,3,AATTCTGGTAGTCTTAGGCA,0,584006
araCp,0.25,3,3,AATTATGCCCCTTGGTAGGC,0,591475
araCp,0.25,3,3,AATGTCGGGGTTACGGACAT,0,545337
araCp,0.25,3,3,AATGTCGCACATGAATGAAC,0,593525
araCp,0.25,3,3,AATGTAGCAAACCAGTTTGA,0,603295
araCp,0.25,3,3,AATGGCTCATGTGCCTGGCG,0,552617
araCp,0.25,3,3,AATGCAACCTAGAGGTCCTC,0,562587
araCp,0.25,3,3,AATGAGCGATCGTAGGGATC,0,564944
araCp,0.25,3,3,AATGACTAAGCCTCTCCTCG,0,603729
araCp,0.25,3,3,AATCTAGGGGGATAATGTGA,0,533763
araCp,0.25,3,3,AATCGGTTTTTGTCCGGTGC,0,529487
araCp,0.25,3,3,AATCGATGTTTACGTGGCAA,0,528959
araCp,0.25,3,3,AATCCTCACTTAAGGACTCA,0,596061
araCp,0.25,3,3,AATCCCGAGGCAGCTGTCCA,0,551284
araCp,0.25,3,3,AATCCCAGCAATCCCCGTAT,0,591503
araCp,0.25,3,3,AATCACCCGTATTTGGCCGT,0,599051
araCp,0.25,3,3,AATCACATGCCAGAGTTCTA,0,571213
araCp,0.25,3,3,AATATTGCATAGTCGTTTAC,0,539268
araCp,0.25,3,3,AATATTCAGCACGGTCGTAG,0,559954
araCp,0.25,3,3,AATATTCAGATAAATGGAGG,0,590153
araCp,0.25,3,3,AATAGGATCCGGACTAAAGC,0,541728
araCp,0.25,3,3,AATAGCTTTGAGAAGATATT,0,563144
araCp,0.25,3,3,AATACTCGCATATATCTGAA,0,552920
araCp,0.25,3,3,AATAATATATCCATGCTTAT,0,568808
araCp,0.25,3,3,AATAAAGTTTTTACGACATT,0,551579
araCp,0.25,3,3,AATAAACTTCACAGGTTGTC,0,545520
araCp,0.25,3,3,AAGTTTAGCGGTTTCGTGCA,0,593486
araCp,0.25,3,3,AAGTGGATGTGTCCTTGTTT,0,575124
araCp,0.25,3,3,AAGTGCAGTGCACTTGCTCC,0,543717
araCp,0.25,3,3,AAGTCTGGGGGCCGTCAAAT,0,580234
araCp,0.25,3,3,AAGTCGTGGTCTGATGCCTA,0,574741
araCp,0.25,3,3,AAGTAGTTGCACGTTTGTTT,0,547990
araCp,0.25,3,3,AAGTAGAGTCCCTCCCCAAA,0,543485
araCp,0.25,3,3,AAGTACTATCTTGCTGGTTC,0,568291
araCp,0.25,3,3,AAGGTGCCGTAAATATCATG,0,580935
araCp,0.25,3,3,AAGGTAGACACAATCTCACT,0,551614
araCp,0.25,3,3,AAGGGTTACTACAATAATTC,0,601843
araCp,0.25,3,3,AAGGGTCGTAAGTGGCGATT,0,530570
araCp,0.25,3,3,AAGGGGCAATGAGTTTTGAC,0,572804
araCp,0.25,3,3,AAGGGGAGTCCAGGTCATCA,0,571740
araCp,0.25,3,3,AAGGGCTTCTTGACGAATCC,0,575985
araCp,0.25,3,3,AAGGGCAACACGGTGGTAGT,0,535153
araCp,0.25,3,3,AAGGGATTAACGATCTATAC,0,572167
araCp,0.25,3,3,AAGGGACTCCGTAATATACA,0,557099
araCp,0.25,3,3,AAGGCTTCGTAAGATGTGCG,0,561924
araCp,0.25,3,3,AAGGCTCCCTATACTACTTG,0,593416
araCp,0.25,3,3,AAGGCGGACATCAGCGACGG,0,574269
araCp,0.25,3,3,AAGGCGAAGCAATCTGCACG,0,572305
araCp,0.25,3,3,AAGGCCAGCTCCTGTTTTGT,0,579532
araCp,0.25,3,3,AAGGCACGCATACGACCGGG,0,574046
araCp,0.25,3,3,AAGGCACACAGTTACCCATT,0,585191
araCp,0.25,3,3,AAGGATTCTTAATCGGAGTT,0,593634
araCp,0.25,3,3,AAGGATCTCCGATATTGTTT,0,538426
araCp,0.25,3,3,AAGGAGGGGGGGAGTCTTAG,0,578038
araCp,0.25,3,3,AAGGACTCGATCGAACAGGT,0,541607
araCp,0.25,3,3,AAGGAAGTGGACCCACGCCG,0,525820
araCp,0.25,3,3,AAGCTTTAGATACCCAGTGA,0,550896
araCp,0.25,3,3,AAGCTCCAAGGGACAGTCGC,0,570263
araCp,0.25,3,3,AAGCGTCGCTTGTGTAGTAG,0,534190
araCp,0.25,3,3,AAGCCAATCGGTATTGATCC,0,580531
araCp,0.25,3,3,AAGCCAAATAGTAAGCGGGA,0,535748
araCp,0.25,3,3,AAGCACGCGGCAATGCCGTA,0,531909
araCp,0.25,3,3,AAGCACAGTCGGACACCATT,0,593808
araCp,0.25,3,3,AAGATTGTACCAGCAAACGC,0,529270
araCp,0.25,3,3,AAGAGGACGCCTCGCCCCTC,0,538096
araCp,0.25,3,3,AAGAGCTGGAGTCGGGAGAG,0,600850
araCp,0.25,3,3,AAGACGTGCTAGCCCTGGTG,0,530458
araCp,0.25,3,3,AAGACAGATATGTCGAATGA,0,560301
araCp,0.25,3,3,AAGAACGTCGTTCACCCAGT,0,592307
araCp,0.25,3,3,AACTTTGGACATGGCTGTAA,0,551145
araCp,0.25,3,3,AACTTCGGGTGGATACGTCA,0,586155
araCp,0.25,3,3,AACTGTGGAGTAAGTCCATG,0,594271
araCp,0.25,3,3,AACTGTCATTGCTTGCAGGT,0,579909
araCp,0.25,3,3,AACTGTATTTATTGGTAATA,0,528586
araCp,0.25,3,3,AACTGCCGGGATTCTTGGTG,0,552269
araCp,0.25,3,3,AACTCGGGTCTGAACAAAAG,0,594022
araCp,0.25,3,3,AACTCCGTAGCGTTCCATAA,0,576516
araCp,0.25,3,3,AACTAGAATCCACCATCACC,0,559407
araCp,0.25,3,3,AACTACGGAAAATGGGCGAT,0,554797
araCp,0.25,3,3,AACGTGTAGTCATGTGTTTC,0,577613
araCp,0.25,3,3,AACGTGAGCTTAGAACCCAG,0,541939
araCp,0.25,3,3,AACGTATTAGGTCGGGGTCT,0,544714
araCp,0.25,3,3,AACGTAGTGCGGCCTATAAT,0,526216
araCp,0.25,3,3,AACGGTAGGCGACTGTCTAC,0,553787
araCp,0.25,3,3,AACGGGGGCAGAAAATTCAA,0,544184
araCp,0.25,3,3,AACGGGATTCTGCTTTCGAA,0,586653
araCp,0.25,3,3,AACGCTTCGCTAGCTTGTGT,0,595462
araCp,0.25,3,3,AACGCTGTTATTCTAGTTCT,0,570932
araCp,0.25,3,3,AACGCTCCTTGGCCGACTAA,0,525867
araCp,0.25,3,3,AACGCGAACGCAACAGTCAC,0,574183
araCp,0.25,3,3,AACGAGAGAATACCTGGGGT,0,589427
araCp,0.25,3,3,AACGACCCACTTAGGACGTA,0,545735
araCp,0.25,3,3,AACCCTTTGCAACCGTGTTT,0,534758
araCp,0.25,3,3,AACCCGACCTCAAGCTAGGG,0,568827
araCp,0.25,3,3,AACCCCCGCGTAATGTCTCT,0,592271
araCp,0.25,3,3,AACCACATTGACTCTCTGTA,0,534783
araCp,0.25,3,3,AACATGTAATAGTTGGTTAA,0,545528
araCp,0.25,3,3,AACAGTCGCAATACCATATT,0,558456
araCp,0.25,3,3,AACAGATCATTAGTGGAACC,0,561277
araCp,0.25,3,3,AACACCGCTTCTTTCCTAAC,0,545774
araCp,0.25,3,3,AACAAGCTGTTGGCTACACC,0,529742
araCp,0.25,3,3,AAATTGAAACGTCGCGTATT,0,558634
araCp,0.25,3,3,AAATTCGTGGGCGCCCAAAT,0,596270
araCp,0.25,3,3,AAATTAGCTTCCATGAACTG,0,561084
araCp,0.25,3,3,AAATTAGAACCTGCTAGATC,0,532507
araCp,0.25,3,3,AAATGGTTTGCATACGTGGA,0,595078
araCp,0.25,3,3,AAATGCAGTCTGCTCTGAGA,0,595887
araCp,0.25,3,3,AAATGCAGAGGATTGATAAC,0,545318
araCp,0.25,3,3,AAATCTGGGTAATGAAAACT,0,590102
araCp,0.25,3,3,AAATCAGGTACATTTTACTT,0,532808
araCp,0.25,3,3,AAATATGAATTTGGCAAAAA,0,545000
araCp,0.25,3,3,AAATATAGAAGTAGCTTGGT,0,561280
araCp,0.25,3,3,AAAGTGGTACTTATAATTTT,0,557455
araCp,0.25,3,3,AAAGGATCACACTTTAGCTG,0,527154
araCp,0.25,3,3,AAAGGAAGGTCGTAGGACAC,0,583425
araCp,0.25,3,3,AAAGGAAGACAACACGCTCA,0,548608
araCp,0.25,3,3,AAAGATACTGTCTTTCTGCT,0,590587
araCp,0.25,3,3,AAAGAGTATGACTGGCTAAG,0,584059
araCp,0.25,3,3,AAAGAACTGGGTATACCCTG,0,556565
araCp,0.25,3,3,AAACTGTGCAGTTTACACTC,0,527033
araCp,0.25,3,3,AAACTGTCCCTTCACTAGAT,0,557074
araCp,0.25,3,3,AAACTGGCCTAATCCGCGCC,0,540516
araCp,0.25,3,3,AAACTCGGGGATGTGCGTTT,0,590327
araCp,0.25,3,3,AAACTCAGAATAAGGACCTA,0,593050
araCp,0.25,3,3,AAACCGGACGAGTACGATGG,0,601371
araCp,0.25,3,3,AAACCGAATCCTAGCCGCGG,0,596074
araCp,0.25,3,3,AAAATAGCATCAGTGCGATC,0,595251
araCp,0.25,3,3,AAAACTTCGCTTTTTCTACT,0,575861
araCp,0.25,3,3,AAAACCTCGCTGATACCCCT,0,546791
araCp,0.25,3,3,AAAACCGCGAAAAGGGCAAC,0,602145
araCp,0.25,3,3,AAAACCCTACTGAACACTCA,0,549658
araCp,0.25,3,3,AAAAAGGACAGTAGTGCGGC,0,579323
araCp,0.25,3,3,AAAAAACGGTCCAAGCGGCC,0,562294
araCp,0.3333333333333333,2,2,TTTTTTTTGACATATGTCTT,0,552903
araCp,0.3333333333333333,2,2,TTTTTGTACTATCGTTAAAA,0,560328
araCp,0.3333333333333333,2,2,TTTTTATCGCTTCGCCCTAT,0,569866
araCp,0.3333333333333333,2,2,TTTTTAGTCGAACGTACTAG,0,543486
araCp,0.3333333333333333,2,2,TTTTTAAAATGCATTGTGTC,0,581656
araCp,0.3333333333333333,2,2,TTTTGTGCATATTGAGTCTA,0,545271
araCp,0.3333333333333333,2,2,TTTTGTCGCAGGTCGCTGTC,0,557154
araCp,0.3333333333333333,2,2,TTTTGCTTCTCCACGGTTTG,0,542393
araCp,0.3333333333333333,2,2,TTTTCGAAGGTAATCGGGTT,0,547035
araCp,0.3333333333333333,2,2,TTTTATGGCAGGAAGGTCAA,0,537269
araCp,0.3333333333333333,2,2,TTTTATCAACTTCATAATGG,0,572543
araCp,0.3333333333333333,2,2,TTTTAGTAATCCGACCTAGA,0,588442
araCp,0.3333333333333333,2,2,TTTTACTATGCTCGTCTCTT,0,527984
araCp,0.3333333333333333,2,2,TTTGTCAATTCTTATATTAA,0,530072
araCp,0.3333333333333333,2,2,TTTGTAAGGTCCCAATTGAT,0,559697
araCp,0.3333333333333333,2,2,TTTGGGTGTGCTACTTTAGA,0,573194
araCp,0.3333333333333333,2,2,TTTGGAGGAGGTCACGGGTG,0,529153
araCp,0.3333333333333333,2,2,TTTGCAATTTACAGCACAAC,0,594534
araCp,0.3333333333333333,2,2,TTTGCAATCGTATTTTACCC,0,583627
araCp,0.3333333333333333,2,2,TTTGAGTCTAACGGTATGGA,0,532626
araCp,0.3333333333333333,2,2,TTTGAGGATCGAGTCCTTAC,0,590413
araCp,0.3333333333333333,2,2,TTTGAACCGCCCATTATTCT,0,585766
araCp,0.3333333333333333,2,2,TTTCTATGGCGTCTGTACTA,0,536001
araCp,0.3333333333333333,2,2,TTTCTACCATAGTTGCATGA,0,541321
araCp,0.3333333333333333,2,2,TTTCGTCATGCGAGCCACCG,0,566711
araCp,0.3333333333333333,2,2,TTTCGGCTTGAGCGAAGCCT,0,593053
araCp,0.3333333333333333,2,2,TTTCCTGGCCTATTAGCCCG,0,573293
araCp,0.3333333333333333,2,2,TTTCCAGGAATATGAGAGGC,0,593834
araCp,0.3333333333333333,2,2,TTTCATACGCTTTGCAATCA,0,585672
araCp,0.3333333333333333,2,2,TTTCACCTCGGTGTCACGAA,0,603236
araCp,0.3333333333333333,2,2,TTTCACCCGCTTCCGTTAGA,0,559198
araCp,0.3333333333333333,2,2,TTTATTGCAGTGCTGGACGG,0,569843
araCp,0.3333333333333333,2,2,TTTATTATCTATTAACTGCA,0,547971
araCp,0.3333333333333333,2,2,TTTATGCATGGAAACCTCGG,0,530386
araCp,0.3333333333333333,2,2,TTTATCCCTCGTTACTGGTA,0,561850
araCp,0.3333333333333333,2,2,TTTAGGTTGTTATATGGCGT,0,531653
araCp,0.3333333333333333,2,2,TTTAGCAATAGTGTATCATC,0,550302
araCp,0.3333333333333333,2,2,TTTAGAGACCGGGAGACATG,0,563787
araCp,0.3333333333333333,2,2,TTTACCGAGAGCGCCTAGTC,0,554754
araCp,0.3333333333333333,2,2,TTTACCCATGACATTCAGCG,0,534191
araCp,0.3333333333333333,2,2,TTTACAGTTCTGGTGCGGTG,0,579077
araCp,0.3333333333333333,2,2,TTTAATTCATCAATCAGTAT,0,603604
araCp,0.3333333333333333,2,2,TTTAACGTGCGTTCCGAGAG,0,561238
araCp,0.3333333333333333,2,2,TTGTTTCGAGGAAATCAGTC,0,559386
araCp,0.3333333333333333,2,2,TTGTTTCCTTCTATCAGACT,0,570461
araCp,0.3333333333333333,2,2,TTGTTGGATCGCCCGGCTCT,0,534129
araCp,0.3333333333333333,2,2,TTGTTGCGCCACATAGACAA,0,582123
araCp,0.3333333333333333,2,2,TTGTTAACAGCCGTTCCTCT,0,584232
araCp,0.3333333333333333,2,2,TTGTTAAATTCTCGTCACCT,0,578230
araCp,0.3333333333333333,2,2,TTGTGTTCGTCGGTGGTTAC,0,540545
araCp,0.3333333333333333,2,2,TTGTGCGTGGTCGATGCAGC,0,543411
araCp,0.3333333333333333,2,2,TTGTGAGTACATCCAAACAT,0,578046
araCp,0.3333333333333333,2,2,TTGTGAGCGCAGCCGTATGT,0,568085
araCp,0.3333333333333333,2,2,TTGTCGCTGACATTTCAACT,0,581266
araCp,0.3333333333333333,2,2,TTGTCCGAGAGGGATGTGTG,0,593967
araCp,0.3333333333333333,2,2,TTGTCACGGTGGGAAATCGA,0,543174
araCp,0.3333333333333333,2,2,TTGTATCCCAGGGTTTATGT,0,545848
araCp,0.3333333333333333,2,2,TTGTATATTACCCGTGACCT,0,544564
araCp,0.3333333333333333,2,2,TTGGTCTAGAGCACAGGATA,0,601814
araCp,0.3333333333333333,2,2,TTGGTCACTTGAGTGTCTGG,0,540836
araCp,0.3333333333333333,2,2,TTGGTATCTTTTTACGGTCA,0,583277
araCp,0.3333333333333333,2,2,TTGGGGGTCATGTGGACAGG,0,565125
araCp,0.3333333333333333,2,2,TTGGGGGGAACGTGTCTAGA,0,601920
araCp,0.3333333333333333,2,2,TTGGGGGAAACGTCATAGTA,0,589796
araCp,0.3333333333333333,2,2,TTGGGACCTCGGGGGGTAAC,0,547091
araCp,0.3333333333333333,2,2,TTGGCTCTCGTACAGGCAAG,0,588460
araCp,0.3333333333333333,2,2,TTGGCCGGTGGATACAAGTA,0,533317
araCp,0.3333333333333333,2,2,TTGGCCAGAATCTGGCATGT,0,589750
araCp,0.3333333333333333,2,2,TTGGCATTGTTTATTTACAA,0,574690
araCp,0.3333333333333333,2,2,TTGGATAGTAGACGCTAGAT,0,526362
araCp,0.3333333333333333,2,2,TTGCGGCACAGCTAACAAGT,0,545612
araCp,0.3333333333333333,2,2,TTGCCGTGTGAGGGCCGAAG,0,586566
araCp,0.3333333333333333,2,2,TTGCCACGCACTGGAATGTC,0,596567
araCp,0.3333333333333333,2,2,TTGCAACTTACTCCCCTGCA,0,585897
araCp,0.3333333333333333,2,2,TTGATCAGGCCAATGAAGGT,0,541613
araCp,0.3333333333333333,2,2,TTGAGTAATATATCTATCAT,0,546529
araCp,0.3333333333333333,2,2,TTGAGATACATAACATCGCC,0,603156
araCp,0.3333333333333333,2,2,TTGACTTGGCGTAATTAGTC,0,563654
araCp,0.3333333333333333,2,2,TTGACTTGCTCGATTCCATG,0,527881
araCp,0.3333333333333333,2,2,TTGACGGGCATCAAATTTGG,0,585174
araCp,0.3333333333333333,2,2,TTGACCTCGTTGGGGCCAGT,0,546307
araCp,0.3333333333333333,2,2,TTGAATCGGCAACACCCGGT,0,542829
araCp,0.3333333333333333,2,2,TTGAATAGCGGGACGGGTAC,0,588858
araCp,0.3333333333333333,2,2,TTGAATAGAGCTTCGGCGAG,0,549248
araCp,0.3333333333333333,2,2,TTGAACGGAATGGCAAGTAC,0,581862
araCp,0.3333333333333333,2,2,TTCTTTATGGTTCGATACTC,0,559405
araCp,0.3333333333333333,2,2,TTCTTGGCAGCTTCGATCAA,0,557579
araCp,0.3333333333333333,2,2,TTCTTGGATTCTCTGTATTG,0,530346
araCp,0.3333333333333333,2,2,TTCTTGGAGGCAGGAATGGG,0,552109
araCp,0.3333333333333333,2,2,TTCTTATTGTCGATACGTTT,0,542456
araCp,0.3333333333333333,2,2,TTCTTATGTAAGTCTGAACG,0,570588
araCp,0.3333333333333333,2,2,TTCTTACACCTTATGGTTGC,0,528881
araCp,0.3333333333333333,2,2,TTCTTAATCTAGCTCCGTTC,0,578848
araCp,0.3333333333333333,2,2,TTCTGTAAAACCGTTCGTAG,0,570543
araCp,0.3333333333333333,2,2,TTCTGAGTTTGGTATACGAC,0,571588
araCp,0.3333333333333333,2,2,TTCTCTGCACATTGGCCATA,0,542053
araCp,0.3333333333333333,2,2,TTCTATATAGCTCGTTTAGT,0,553896
araCp,0.3333333333333333,2,2,TTCTACATGATGCATTAGCA,0,585314
araCp,0.3333333333333333,2,2,TTCTAACAGATCCTCGGCCA,0,563649
araCp,0.3333333333333333,2,2,TTCGTTGGGCGTGTTAAGGT,0,550836
araCp,0.3333333333333333,2,2,TTCGTGGACTGCAATTGGCT,0,579924
araCp,0.3333333333333333,2,2,TTCGTGAAATTCTAGCGATA,0,542304
araCp,0.3333333333333333,2,2,TTCGTACCGGGCTGGCTTTT,0,557934
araCp,0.3333333333333333,2,2,TTCGGCAGCGCTATTTGTTC,0,599925
araCp,0.3333333333333333,2,2,TTCGGACGCTTTAGCGGGAT,0,564713
araCp,0.3333333333333333,2,2,TTCGCTCTAATTTAACAAAC,0,556785
araCp,0.3333333333333333,2,2,TTCGCGGTTTCATAAACCGG,0,541488
araCp,0.3333333333333333,2,2,TTCGCAGACATTTTATAAGA,0,533050
araCp,0.3333333333333333,2,2,TTCGAGCTGAACGCTGCTCG,0,587728
araCp,0.3333333333333333,2,2,TTCGAGAGCTGACTGTTAGG,0,582596
araCp,0.3333333333333333,2,2,TTCGAAGTTTGCTCACCCAG,0,562068
araCp,0.3333333333333333,2,2,TTCCTGGTTCCACATAACCA,0,586109
araCp,0.3333333333333333,2,2,TTCCTGGATACAACTCGTGC,0,555254
araCp,0.3333333333333333,2,2,TTCCTCGCAGAAAACAGTAG,0,526413
araCp,0.3333333333333333,2,2,TTCCGGGCTACGCCTCGAAA,0,552112
araCp,0.3333333333333333,2,2,TTCCGGACTGTCAAATGTAA,0,583416
araCp,0.3333333333333333,2,2,TTCCGCGTGGTATTCAGTTT,0,550683
araCp,0.3333333333333333,2,2,TTCCGCACTTTGTTATAACT,0,593330
araCp,0.3333333333333333,2,2,TTCCCTCGAGGAGGCGTAAG,0,558923
araCp,0.3333333333333333,2,2,TTCCCGGCAGCTTTTTTGCG,0,528181
araCp,0.3333333333333333,2,2,TTCCCCGTGGGTTGATCGAT,0,542654
araCp,0.3333333333333333,2,2,TTCCCCGCACTCAATATCTC,0,535895
araCp,0.3333333333333333,2,2,TTCATCATTCTCATAGTTTA,0,576238
araCp,0.3333333333333333,2,2,TTCAGGCTGAGCTAACGACC,0,542259
araCp,0.3333333333333333,2,2,TTCAGAGCACGGGGTCATTG,0,577022
araCp,0.3333333333333333,2,2,TTCACCAGCTGCCAGCATGG,0,546683
araCp,0.3333333333333333,2,2,TTCAATGATTAGCAATACTT,0,555394
araCp,0.3333333333333333,2,2,TTCAATCATGTCAGGCCTAG,0,569732
araCp,0.3333333333333333,2,2,TTCAACGGCAGAGCTCAGGG,0,588425
araCp,0.3333333333333333,2,2,TTCAACGCCCAGTAGGGTGC,0,544447
araCp,0.3333333333333333,2,2,TTCAACAGTTGACCAGGTTA,0,554177
araCp,0.3333333333333333,2,2,TTATTGTCTTTGGCTATCGG,0,577783
araCp,0.3333333333333333,2,2,TTATGGTAAACCAGTGGAAA,0,531435
araCp,0.3333333333333333,2,2,TTATGGATTCTCACGCGGAT,0,574881
araCp,0.3333333333333333,2,2,TTATGCTGACAGGGAAATAG,0,567339
araCp,0.3333333333333333,2,2,TTATGCGAGTGGCTGAATGG,0,528607
araCp,0.3333333333333333,2,2,TTATGACTTTCGGCTTTAAC,0,591352
araCp,0.3333333333333333,2,2,TTATCTATAGCTCTTCCCCA,0,530890
araCp,0.3333333333333333,2,2,TTATCGCAATTCCGGCTCTC,0,577425
araCp,0.3333333333333333,2,2,TTATCACCACGTGGAGCCCC,0,601097
araCp,0.3333333333333333,2,2,TTATATTCTCGCGACTTTGT,0,580493
araCp,0.3333333333333333,2,2,TTATAGGGATGATCGGTCAC,0,580955
araCp,0.3333333333333333,2,2,TTAGTTGCTCATGCAAGGTA,0,600069
araCp,0.3333333333333333,2,2,TTAGTCGGAACCACGGCTGA,0,531557
araCp,0.3333333333333333,2,2,TTAGTATCTGCACCCGCAGC,0,580937
araCp,0.3333333333333333,2,2,TTAGTAACCCTCGTCAAAAT,0,595608
araCp,0.3333333333333333,2,2,TTAGGTTTCCCCTCAAACTT,0,602882
araCp,0.3333333333333333,2,2,TTAGGGACGGTCCGAGAGCA,0,594625
araCp,0.3333333333333333,2,2,TTAGGCAAGCGTCTAGGGGC,0,588332
araCp,0.3333333333333333,2,2,TTAGGATCTAAATTGTGTGG,0,563014
araCp,0.3333333333333333,2,2,TTAGGATCCAGCCCAGAATT,0,588478
araCp,0.3333333333333333,2,2,TTAGCTAGACTCCTTGAGGG,0,555942
araCp,0.3333333333333333,2,2,TTAGCACGATGTATGTACCT,0,556994
araCp,0.3333333333333333,2,2,TTAGAACTTAGCCGTTCGGG,0,587683
araCp,0.3333333333333333,2,2,TTACTGAGCTAATCACGTGG,0,590943
araCp,0.3333333333333333,2,2,TTACGGCCTGATGGTGATTA,0,531190
araCp,0.3333333333333333,2,2,TTACGGCCTACCGGACCTCT,0,535600
araCp,0.3333333333333333,2,2,TTACCTTCGGGGAAATGTAA,0,559200
araCp,0.3333333333333333,2,2,TTACCCTACCCGCCATATAC,0,540339
araCp,0.3333333333333333,2,2,TTACCAGCCTGCGCAGCTCG,0,572391
araCp,0.3333333333333333,2,2,TTACATAACCACTTACCAGT,0,551558
araCp,0.3333333333333333,2,2,TTACAGTATGTCCTCTCTTG,0,572862
araCp,0.3333333333333333,2,2,TTAATTTCTACCCTTGCTGC,0,572588
araCp,0.3333333333333333,2,2,TTAATGCGTGTAATGTCTTA,0,603576
araCp,0.3333333333333333,2,2,TTAATGAGCAGTGTATGTTC,0,537858
araCp,0.3333333333333333,2,2,TTAAGTTCGGTCGTAACCGG,0,600277
araCp,0.3333333333333333,2,2,TTAAGTCTTAAGCTATAACC,0,582349
araCp,0.3333333333333333,2,2,TTAAGTCACTCTGGCGTTTC,0,556061
araCp,0.3333333333333333,2,2,TTAACGCGTATGGAACTTTA,0,546124
araCp,0.3333333333333333,2,2,TTAAATTTTCCGTGCCGAAT,0,584509
araCp,0.3333333333333333,2,2,TTAAATTGTTACGAAGATGC,0,556063
araCp,0.3333333333333333,2,2,TTAAATGACCATCTGAGGCT,0,530694
araCp,0.3333333333333333,2,2,TTAAATCCCATACTGATTGT,0,587066
araCp,0.3333333333333333,2,2,TTAAAGGCTTTGTTATTCAG,0,559021
araCp,0.3333333333333333,2,2,TTAAACATCAGATCTGGTAT,0,563661
araCp,0.3333333333333333,2,2,TGTTTTGGGGCTAAGAGGCC,0,532844
araCp,0.3333333333333333,2,2,TGTTTCGAATAGATCGCTCT,0,548427
araCp,0.3333333333333333,2,2,TGTTTAAAATTATAGTGTGC,0,588790
araCp,0.3333333333333333,2,2,TGTTCGGATATGACGGTATC,0,568588
araCp,0.3333333333333333,2,2,TGTTCCTTCAAGGGAAAGGG,0,590975
araCp,0.3333333333333333,2,2,TGTTCACGGCGTTATCTACT,0,530485
araCp,0.3333333333333333,2,2,TGTTAAGCTTAAAGGAATAG,0,590791
araCp,0.3333333333333333,2,2,TGTGTAGGTCCCAGCCCCTT,0,562183
araCp,0.3333333333333333,2,2,TGTGGCCACATTGGGCACCA,0,576985
araCp,0.3333333333333333,2,2,TGTGAAAGAGTCGTGCCAGG,0,590771
araCp,0.3333333333333333,2,2,TGTGAAACTAGAAAACACTG,0,549686
araCp,0.3333333333333333,2,2,TGTCTTACCATCGACGGTGG,0,599303
araCp,0.3333333333333333,2,2,TGTCTCTTCAGTGTGGCCTA,0,527018
araCp,0.3333333333333333,2,2,TGTCTAGGCCCCGACACGCT,0,592412
araCp,0.3333333333333333,2,2,TGTCGTTGTGTAGCAAACAG,0,600309
araCp,0.3333333333333333,2,2,TGTCGCGATACTCCAGCCTC,0,568583
araCp,0.3333333333333333,2,2,TGTCGATGAAAGGAACAATT,0,590231
araCp,0.3333333333333333,2,2,TGTCCTTTAAACGAAAATAG,0,573582
araCp,0.3333333333333333,2,2,TGTCCTCGCCTCCAAGATCC,0,575883
araCp,0.3333333333333333,2,2,TGTCCTCAACACAAAGGCTA,0,542542
araCp,0.3333333333333333,2,2,TGTCCAGAACGCTAAGACAC,0,575183
araCp,0.3333333333333333,2,2,TGTATGGACGGTGTATGTCA,0,564447
araCp,0.3333333333333333,2,2,TGTATCCGTGTAAAAGAGTG,0,553368
araCp,0.3333333333333333,2,2,TGTAGTCCGGCGATTCATCA,0,548428
araCp,0.3333333333333333,2,2,TGTAGGGTCCGTTATTGAAT,0,586968
araCp,0.3333333333333333,2,2,TGTAGGCCCAAGGAATCCGA,0,534300
araCp,0.3333333333333333,2,2,TGTAGACGGCCGGGAGGGGG,0,588303
araCp,0.3333333333333333,2,2,TGTACGGATCTTAGGGGATG,0,566158
araCp,0.3333333333333333,2,2,TGTAATTCCTGGTTAAGGGA,0,569429
araCp,0.3333333333333333,2,2,TGTAAGTGAGAATCAGGGAA,0,545616
araCp,0.3333333333333333,2,2,TGTAAGAACCTCGTAGACCG,0,563418
araCp,0.3333333333333333,2,2,TGGTTCTTTCTAACGGGGTG,0,580491
araCp,0.3333333333333333,2,2,TGGTTATAGAATGTACAGGA,0,543279
araCp,0.3333333333333333,2,2,TGGTTACCTGTAGTTCCGCT,0,556570
araCp,0.3333333333333333,2,2,TGGTGTGGGTACGTTCGTTT,0,569063
araCp,0.3333333333333333,2,2,TGGTGGAACATCCACAGGTC,0,580795
araCp,0.3333333333333333,2,2,TGGTGCGGGCAGGAGGCCCC,0,533404
araCp,0.3333333333333333,2,2,TGGTCTGCGAACGGCATCTG,0,592281
araCp,0.3333333333333333,2,2,TGGTCTCTTAAGCGCTTAAA,0,532091
araCp,0.3333333333333333,2,2,TGGTCGGTGACGCTTCTCAC,0,551939
araCp,0.3333333333333333,2,2,TGGTCCGTATGCTACAATCG,0,532204
araCp,0.3333333333333333,2,2,TGGTCCCGCAATATTGTCAG,0,535216
araCp,0.3333333333333333,2,2,TGGTCAACCCCTCACCTATA,0,580796
araCp,0.3333333333333333,2,2,TGGTAGGGTTTGCCGGTAGT,0,537283
araCp,0.3333333333333333,2,2,TGGTAGAATACTGGCTCCCA,0,532123
araCp,0.3333333333333333,2,2,TGGGGTCGCCCGCACTCGCC,0,547642
araCp,0.3333333333333333,2,2,TGGGCGTTACGCTCACGTAC,0,602834
araCp,0.3333333333333333,2,2,TGGGCAAGCCGAACGGTGGT,0,545236
araCp,0.3333333333333333,2,2,TGGGAGGAAAGGAGGGGATT,0,534860
araCp,0.3333333333333333,2,2,TGGGAATTGATAGTTGGGTA,0,575004
araCp,0.3333333333333333,2,2,TGGGAAAGCCTACCAACTGA,0,532635
araCp,0.3333333333333333,2,2,TGGCTTCAAGGCGAAGCGTG,0,577465
araCp,0.3333333333333333,2,2,TGGCGTCCATGTTCTTGCTC,0,577133
araCp,0.3333333333333333,2,2,TGGCGGCGAAGCAGTTTGAA,0,563267
araCp,0.3333333333333333,2,2,TGGCGGATGGACAGCGTTGC,0,525811
araCp,0.3333333333333333,2,2,TGGCGCCGGGTTAGTCGCCT,0,567901
araCp,0.3333333333333333,2,2,TGGCGATATCGATTGGCCCC,0,592217
araCp,0.3333333333333333,2,2,TGGCCAGCTTGTTAAACCGA,0,531911
araCp,0.3333333333333333,2,2,TGGCAGTGTTGGTCGCCCTG,0,593236
araCp,0.3333333333333333,2,2,TGGCAAGGAGCTTCCCTGAG,0,573107
araCp,0.3333333333333333,2,2,TGGCAAGCGCGTGATCTTAT,0,533823
araCp,0.3333333333333333,2,2,TGGATGTTTTCTGATTTCGA,0,576262
araCp,0.3333333333333333,2,2,TGGAGTGTCGATTAAGCTGG,0,556419
araCp,0.3333333333333333,2,2,TGGAGTGGTGGGGATCGTCA,0,568781
araCp,0.3333333333333333,2,2,TGGAGTCGAGTGTGTCAGAT,0,561457
araCp,0.3333333333333333,2,2,TGGAGGTGTCTGTTGTCGTC,0,582007
araCp,0.3333333333333333,2,2,TGGAGCCTGAACAACTGTGC,0,568575
araCp,0.3333333333333333,2,2,TGGAGCATAGAATACATTCA,0,578835
araCp,0.3333333333333333,2,2,TGGACGCGGACCCCACCGCT,0,537097
araCp,0.3333333333333333,2,2,TGGACCATGGTTGCGTGGGG,0,548413
araCp,0.3333333333333333,2,2,TGGAATCTTTTGGCAACAGT,0,582972
araCp,0.3333333333333333,2,2,TGGAACGCCGCAAGCATATC,0,600199
araCp,0.3333333333333333,2,2,TGGAACCATATTTTTCAGGC,0,577498
araCp,0.3333333333333333,2,2,TGGAAAGGATAAGATGAGTC,0,550453
araCp,0.3333333333333333,2,2,TGCTTCCGGATGTATGGATA,0,544838
araCp,0.3333333333333333,2,2,TGCTTAAGGGTTAGACCGCC,0,584671
araCp,0.3333333333333333,2,2,TGCTGGATTGTATGCGGGAT,0,599213
araCp,0.3333333333333333,2,2,TGCTGCAGGGTGCACAATGG,0,534291
araCp,0.3333333333333333,2,2,TGCTCTCGGGCATCGATGTA,0,533821
araCp,0.3333333333333333,2,2,TGCTCGACGGATCCGGATTC,0,549114
araCp,0.3333333333333333,2,2,TGCTCAGACGGAGGCTCGGG,0,533444
araCp,0.3333333333333333,2,2,TGCGTTGCCGAGTTGCGCAC,0,554195
araCp,0.3333333333333333,2,2,TGCGTTCCGCCAGTATCGGC,0,546684
araCp,0.3333333333333333,2,2,TGCGTGTGTACCACGGCACC,0,585561
araCp,0.3333333333333333,2,2,TGCGTCTTTGGCTCTTTCGG,0,559209
araCp,0.3333333333333333,2,2,TGCGTCAGAGTTACCTGCAC,0,544497
araCp,0.3333333333333333,2,2,TGCGGCCTGTACTGAAGACC,0,599830
araCp,0.3333333333333333,2,2,TGCGGAAGAGGTACACCGCA,0,546391
araCp,0.3333333333333333,2,2,TGCGCGACAAGCAGCCCGAA,0,573534
araCp,0.3333333333333333,2,2,TGCGACCTGTTTCATCCACA,0,562550
araCp,0.3333333333333333,2,2,TGCCTGGTAATTACACTAGA,0,588035
araCp,0.3333333333333333,2,2,TGCCGTTACGGACTAGAACA,0,587858
araCp,0.3333333333333333,2,2,TGCCCGAAACAAGTGCAGAA,0,570997
araCp,0.3333333333333333,2,2,TGCCATAATCCAAAGGGTAA,0,540261
araCp,0.3333333333333333,2,2,TGCCAGTAGATTCGGTTGAA,0,527236
araCp,0.3333333333333333,2,2,TGCCAGAATGTATCCTCAAG,0,549452
araCp,0.3333333333333333,2,2,TGCATTTTAGCACTAGGCAG,0,561236
araCp,0.3333333333333333,2,2,TGCAGTTCTCGCCATGCTGG,0,550820
araCp,0.3333333333333333,2,2,TGCAGCGGCGGGTTGTCGCT,0,571779
araCp,0.3333333333333333,2,2,TGCACTTGTATGCCTTTGCG,0,597737
araCp,0.3333333333333333,2,2,TGCACTTCCTGGACTACACA,0,558954
araCp,0.3333333333333333,2,2,TGCACGCTAAAGCGCCATTG,0,526512
araCp,0.3333333333333333,2,2,TGCACGCGTCTTTGTCGCGT,0,546903
araCp,0.3333333333333333,2,2,TGCACCTGGCACGCGGGAAG,0,552369
araCp,0.3333333333333333,2,2,TGCACCTATGCACCAGTTGT,0,540129
araCp,0.3333333333333333,2,2,TGCACCACATGGCCTTTGAG,0,597570
araCp,0.3333333333333333,2,2,TGCACCAAGTCGCAGAACTT,0,557924
araCp,0.3333333333333333,2,2,TGCAAGAGGAACATTTTCGT,0,582630
araCp,0.3333333333333333,2,2,TGATGGCCAATACTACGCCG,0,601071
araCp,0.3333333333333333,2,2,TGATCTGACGGGTTTCAGCA,0,596853
araCp,0.3333333333333333,2,2,TGATAGCGTGAGGTCACCCT,0,560742
araCp,0.3333333333333333,2,2,TGATAAGTGGATTTTGGGCT,0,593258
araCp,0.3333333333333333,2,2,TGATAAAACCTCTAGGGTCC,0,572943
araCp,0.3333333333333333,2,2,TGAGTTCATCTTACACGTTG,0,559125
araCp,0.3333333333333333,2,2,TGAGTGAGGAAGCGCGTGAG,0,601481
araCp,0.3333333333333333,2,2,TGAGGGATTGCTGTCCAGGA,0,555355
araCp,0.3333333333333333,2,2,TGAGGCGCCAGAGTAGGCAC,0,563007
araCp,0.3333333333333333,2,2,TGAGCTACAAGTCTAGGAGG,0,569153
araCp,0.3333333333333333,2,2,TGAGCGGCCTTCAGCTAGCA,0,554453
araCp,0.3333333333333333,2,2,TGAGATATAAAAGGTCGTAC,0,595060
araCp,0.3333333333333333,2,2,TGACTATCTATGCACCATTG,0,583592
araCp,0.3333333333333333,2,2,TGACAGAGTATGAATCAGAA,0,578465
araCp,0.3333333333333333,2,2,TGAAGCGATCGGGTCCATTG,0,537153
araCp,0.3333333333333333,2,2,TGAACTAGAACGCTGCAATC,0,577054
araCp,0.3333333333333333,2,2,TGAACGACGAATCCCGTCCT,0,567195
araCp,0.3333333333333333,2,2,TGAACCAATGTTTCTTCTCA,0,588529
araCp,0.3333333333333333,2,2,TGAAACCCTCGAGGTACGAA,0,570088
araCp,0.3333333333333333,2,2,TCTTTGAGCCATTTTATAGA,0,591562
araCp,0.3333333333333333,2,2,TCTTTCTACACGCTGCCCTT,0,546573
araCp,0.3333333333333333,2,2,TCTTTCAACCGGATCGGCCC,0,569627
araCp,0.3333333333333333,2,2,TCTTCCATGTGTGGTTCAGT,0,565525
araCp,0.3333333333333333,2,2,TCTGTTGTCCAAGGAGGGAA,0,571435
araCp,0.3333333333333333,2,2,TCTGTTCGCGGTCCGAGGGT,0,579813
araCp,0.3333333333333333,2,2,TCTGTGTTAGGTCGATCCTT,0,567843
araCp,0.3333333333333333,2,2,TCTGGATGTCTTTTGTCCGC,0,545507
araCp,0.3333333333333333,2,2,TCTGCGCACCGTGACCTTGT,0,553960
araCp,0.3333333333333333,2,2,TCTGCAGTGTCAACCGAGTA,0,588685
araCp,0.3333333333333333,2,2,TCTGAAACTTAGTTGGGGGG,0,535658
araCp,0.3333333333333333,2,2,TCTGAAACGGTAGCTCGGGG,0,602966
araCp,0.3333333333333333,2,2,TCTCTGGGGTAATATTGTTC,0,564750
araCp,0.3333333333333333,2,2,TCTCTGCGATGCGGGAGTCG,0,589876
araCp,0.3333333333333333,2,2,TCTCGGTCCCGTACTCATTG,0,527528
araCp,0.3333333333333333,2,2,TCTCGCTTGCAAGGCATCAT,0,529969
araCp,0.3333333333333333,2,2,TCTCGAGATGAGTGTTGCTC,0,543983
araCp,0.3333333333333333,2,2,TCTCCAGCTCCATTCGCCTT,0,585695
araCp,0.3333333333333333,2,2,TCTCATCGTCAGACCGGGGA,0,562432
araCp,0.3333333333333333,2,2,TCTCAGAGTGGGATACGGAT,0,539337
araCp,0.3333333333333333,2,2,TCTCAACTCCTAAGTACACC,0,551586
araCp,0.3333333333333333,2,2,TCTATAAACCTGATTCGTAT,0,572139
araCp,0.3333333333333333,2,2,TCTAGTTAGTATTTCACAGC,0,589159
araCp,0.3333333333333333,2,2,TCTAGGGATAGTGCACCGTT,0,595540
araCp,0.3333333333333333,2,2,TCTAGCACTATAGAGGCCAA,0,597515
araCp,0.3333333333333333,2,2,TCTACTTGGCAGGTTCTCTG,0,541268
araCp,0.3333333333333333,2,2,TCTACGGCCGCCTCGTACGC,0,594852
araCp,0.3333333333333333,2,2,TCTACAAGAGGTCAATTTGC,0,598474
araCp,0.3333333333333333,2,2,TCTAAGTAACAGTTGGCACA,0,566068
araCp,0.3333333333333333,2,2,TCGTTCTTCGCGTCCGCTTG,0,545900
araCp,0.3333333333333333,2,2,TCGTTATCATGTGTTTACCA,0,602588
araCp,0.3333333333333333,2,2,TCGTTAAAATGGTCACTATC,0,560456
araCp,0.3333333333333333,2,2,TCGTGCTAAAGGTAACGTGA,0,575734
araCp,0.3333333333333333,2,2,TCGTGCCTCCTCCGCATATC,0,597937
araCp,0.3333333333333333,2,2,TCGTCTGAGGGTCAGTACCA,0,592740
araCp,0.3333333333333333,2,2,TCGTCGGTCGTGACTTGCTC,0,587179
araCp,0.3333333333333333,2,2,TCGTCGCATTAACCGACTCG,0,546295
araCp,0.3333333333333333,2,2,TCGTCGCAGACACTGTGATT,0,593434
araCp,0.3333333333333333,2,2,TCGTCGAGCGATGCGATACG,0,536508
araCp,0.3333333333333333,2,2,TCGTCCATTTAGCTATGAGA,0,573879
araCp,0.3333333333333333,2,2,TCGTCATCCGGCGATTCAGC,0,557470
araCp,0.3333333333333333,2,2,TCGTCAATCACGGAGGGCAA,0,562572
araCp,0.3333333333333333,2,2,TCGTAGTAGCGAGCTGAGTA,0,527915
araCp,0.3333333333333333,2,2,TCGGTGCCGACCGCGTCTTT,0,583355
araCp,0.3333333333333333,2,2,TCGGTAAGTCTCGGAGGAGA,0,590222
araCp,0.3333333333333333,2,2,TCGGGCTCACAGATTGGTAA,0,572872
araCp,0.3333333333333333,2,2,TCGGGACGCTAATGGTCGTA,0,539322
araCp,0.3333333333333333,2,2,TCGGCTTTTCTAGGTGTAGG,0,529916
araCp,0.3333333333333333,2,2,TCGGCTCTTTACCATGTGAT,0,572887
araCp,0.3333333333333333,2,2,TCGGCGTGGTTTACCCCGAT,0,535946
araCp,0.3333333333333333,2,2,TCGGCGCGACTTACATTGAT,0,558359
araCp,0.3333333333333333,2,2,TCGGCCTTCAGCTGTTCACC,0,526463
araCp,0.3333333333333333,2,2,TCGGATCCCGTTGGCGACTC,0,597432
araCp,0.3333333333333333,2,2,TCGGATAGTTGGGTCGTACG,0,526030
araCp,0.3333333333333333,2,2,TCGGACACAACAATACTAGG,0,551867
araCp,0.3333333333333333,2,2,TCGGAAAAAGTGGGCTTCCT,0,579242
araCp,0.3333333333333333,2,2,TCGCTCGACCTGAAAGCACT,0,602240
araCp,0.3333333333333333,2,2,TCGCTATTCCGGCACGTATT,0,546159
araCp,0.3333333333333333,2,2,TCGCGTTATTGAAATGACAC,0,546645
araCp,0.3333333333333333,2,2,TCGCGTATGCAACTTTGCAG,0,598019
araCp,0.3333333333333333,2,2,TCGCGGTGAGATTACCCCGT,0,529699
araCp,0.3333333333333333,2,2,TCGCATCTAGCATTTTTAAT,0,601159
araCp,0.3333333333333333,2,2,TCGCAGCTCTACCTGCGGCT,0,599158
araCp,0.3333333333333333,2,2,TCGCACGGTATCGGTACTAC,0,541783
araCp,0.3333333333333333,2,2,TCGAGTCTGGAAAAGCACTC,0,529856
araCp,0.3333333333333333,2,2,TCGACCTTGTGCAAGTGTTA,0,580376
araCp,0.3333333333333333,2,2,TCGAACTTGGCCCTCGATGC,0,598386
araCp,0.3333333333333333,2,2,TCCTTTGTCATAAAAAGTAC,0,562216
araCp,0.3333333333333333,2,2,TCCTTGTCACTTAACGCGCA,0,543133
araCp,0.3333333333333333,2,2,TCCTGGGGGGCTCATGCAGT,0,592871
araCp,0.3333333333333333,2,2,TCCTGCCTTGGCTTCACGGA,0,578608
araCp,0.3333333333333333,2,2,TCCTGACGATCCCAAGGCCT,0,547017
araCp,0.3333333333333333,2,2,TCCTATAGGGACCTTCGGGG,0,596303
araCp,0.3333333333333333,2,2,TCCTAGCCTAAATGTATTAA,0,582943
araCp,0.3333333333333333,2,2,TCCTAATTCATAACCATCGG,0,531992
araCp,0.3333333333333333,2,2,TCCGTGACCTGCGGTTCGCT,0,568493
araCp,0.3333333333333333,2,2,TCCGTCCTTGTAGAACAGCA,0,571394
araCp,0.3333333333333333,2,2,TCCGTAAGTCTAATGGATAC,0,577083
araCp,0.3333333333333333,2,2,TCCGGCAGTAGCGGAAGAGT,0,527926
araCp,0.3333333333333333,2,2,TCCGGACGAGGTGTTTCCTG,0,582892
araCp,0.3333333333333333,2,2,TCCGCTTCCCTAGCGCTCAA,0,588768
araCp,0.3333333333333333,2,2,TCCGCCACTGAAGAGGTTAC,0,565437
araCp,0.3333333333333333,2,2,TCCGCATGTTGGTACTGGCT,0,545253
araCp,0.3333333333333333,2,2,TCCGAGGGTGGGACAACGTC,0,528433
araCp,0.3333333333333333,2,2,TCCCGTGCGCCAGTTTAGAG,0,551156
araCp,0.3333333333333333,2,2,TCCATTTATCTCATCAAGCC,0,550030
araCp,0.3333333333333333,2,2,TCCATCGAGCGTAGCTCACG,0,565336
araCp,0.3333333333333333,2,2,TCCATAATCTGAGACGGTAC,0,531138
araCp,0.3333333333333333,2,2,TCCACTTCTTCTTAATCGGT,0,555431
araCp,0.3333333333333333,2,2,TCCACGGGATTGTATAAATT,0,562302
araCp,0.3333333333333333,2,2,TCCACCGGATGGGGAGGCGG,0,541820
araCp,0.3333333333333333,2,2,TCCACCCTGGGAGGTACATG,0,581326
araCp,0.3333333333333333,2,2,TCCACCAACTCAATTGGACC,0,572200
araCp,0.3333333333333333,2,2,TCCAATTGGTAGGGCGTTCC,0,550239
araCp,0.3333333333333333,2,2,TCCAACGACGGCAGATTGAG,0,551090
araCp,0.3333333333333333,2,2,TCATTTGTTGAGTCATTTGG,0,576192
araCp,0.3333333333333333,2,2,TCATGTGAATCCGCTCACTC,0,542991
araCp,0.3333333333333333,2,2,TCATGAAGTATCCATTTTAG,0,569056
araCp,0.3333333333333333,2,2,TCATGAACCCATTACCATCT,0,555581
araCp,0.3333333333333333,2,2,TCATCTGACATGCCTGGTGA,0,567312
araCp,0.3333333333333333,2,2,TCATCATGTCGTCTTGCATT,0,579576
araCp,0.3333333333333333,2,2,TCATCAAGTGCTGTGACGGA,0,559777
araCp,0.3333333333333333,2,2,TCATATGTCCAAACTCGGGA,0,600788
araCp,0.3333333333333333,2,2,TCATACCTTAGAACAAGGTA,0,553207
araCp,0.3333333333333333,2,2,TCAGTTAGAGCATGTCTCGG,0,556125
araCp,0.3333333333333333,2,2,TCAGTCGATCAGGTGGAAAT,0,591151
araCp,0.3333333333333333,2,2,TCAGGCTTACGCCATGTGCG,0,551879
araCp,0.3333333333333333,2,2,TCAGGCCGTGCGCGAGGTCA,0,557142
araCp,0.3333333333333333,2,2,TCAGGCCCGAACCCTGGAGG,0,561364
araCp,0.3333333333333333,2,2,TCAGGATTGAGACGAGCCCC,0,602636
araCp,0.3333333333333333,2,2,TCAGATGTAACGCCCCCCTC,0,561441
araCp,0.3333333333333333,2,2,TCAGAGATAAGAACTAAGAG,0,548573
araCp,0.3333333333333333,2,2,TCAGAAGGCGGTTAGTGTCA,0,594804
araCp,0.3333333333333333,2,2,TCACTTCACTGACCATCCAC,0,585346
araCp,0.3333333333333333,2,2,TCACTGTATCGTTTGAAAGG,0,559171
araCp,0.3333333333333333,2,2,TCACTAAGGGTACGCTATGT,0,558994
araCp,0.3333333333333333,2,2,TCACGGAACTGAAGGCCATA,0,587208
araCp,0.3333333333333333,2,2,TCACGCGGCGGTAATTTTTG,0,571046
araCp,0.3333333333333333,2,2,TCACGCGGAAGTGTTACGTG,0,544554
araCp,0.3333333333333333,2,2,TCACGCGAATTACCTCGTCG,0,532200
araCp,0.3333333333333333,2,2,TCACGAGCCGTGCTTACCCC,0,556490
araCp,0.3333333333333333,2,2,TCACCTTTCCGATTCTACAC,0,567307
araCp,0.3333333333333333,2,2,TCACAGTAGCATGTCTGTGG,0,590878
araCp,0.3333333333333333,2,2,TCACAGACCGCATTGCTGAA,0,565920
araCp,0.3333333333333333,2,2,TCACACTCAGATAATCATTA,0,586981
araCp,0.3333333333333333,2,2,TCACAACTTTTAAGCATCAA,0,568073
araCp,0.3333333333333333,2,2,TCAATTGCGGGGGAGTCTGG,0,546497
araCp,0.3333333333333333,2,2,TCAATGCCCCAAAGCGAGCC,0,535988
araCp,0.3333333333333333,2,2,TCAATGATACGTTGTGTTGT,0,576594
araCp,0.3333333333333333,2,2,TCAATCGCCCACTTAGGATC,0,571975
araCp,0.3333333333333333,2,2,TCAATCAAGAGGGTAACTAG,0,574081
araCp,0.3333333333333333,2,2,TCAATAATAATCTAACACTT,0,558849
araCp,0.3333333333333333,2,2,TCAACCCGTCAAGACCGACT,0,588119
araCp,0.3333333333333333,2,2,TATTTTTCCTGCATTGGGCA,0,572746
araCp,0.3333333333333333,2,2,TATTTATCCCTGTTGGATTG,0,525570
araCp,0.3333333333333333,2,2,TATTGATTGCTGAGGGTTGA,0,544663
araCp,0.3333333333333333,2,2,TATTCGCACACTCGTTCGGT,0,532206
araCp,0.3333333333333333,2,2,TATTATCGACATTGCCCGGC,0,576151
araCp,0.3333333333333333,2,2,TATTAGCTTTATCTTCCCGG,0,529991
araCp,0.3333333333333333,2,2,TATTACTCCTCGCAATTAAG,0,531522
araCp,0.3333333333333333,2,2,TATTACGCGACTTATCTATT,0,536168
araCp,0.3333333333333333,2,2,TATTAAGTTGGTCGGGGGTC,0,577346
araCp,0.3333333333333333,2,2,TATGTTGCCCCGTTCATTTC,0,595262
araCp,0.3333333333333333,2,2,TATGTATCTGGGAGGTGACC,0,598626
araCp,0.3333333333333333,2,2,TATGGTTCTTAAGCCTTAGG,0,537566
araCp,0.3333333333333333,2,2,TATGGAGAGTGGCAGTATTT,0,594198
araCp,0.3333333333333333,2,2,TATGATAACATCGTCAGGGT,0,566795
araCp,0.3333333333333333,2,2,TATCTGGTTTGCACAGATTG,0,585388
araCp,0.3333333333333333,2,2,TATCTCGCTAACGGTTAACT,0,546199
araCp,0.3333333333333333,2,2,TATCTACAGTATTACGTCCA,0,559893
araCp,0.3333333333333333,2,2,TATCGGCATTTTAGCGATGT,0,596326
araCp,0.3333333333333333,2,2,TATCGCTATGAGATTTACTT,0,544822
araCp,0.3333333333333333,2,2,TATCGACAATAAGGCTCTCC,0,597557
araCp,0.3333333333333333,2,2,TATCCGCACTAGCTTTCTCA,0,572282
araCp,0.3333333333333333,2,2,TATCCATTCCAAGCTACCTT,0,601670
araCp,0.3333333333333333,2,2,TATCCAATGGTTTCCGCTCA,0,589619
araCp,0.3333333333333333,2,2,TATCAGTGACGTGATCGCTC,0,570630
araCp,0.3333333333333333,2,2,TATCAATGCTTGATGCGAGC,0,595406
araCp,0.3333333333333333,2,2,TATCAAGGGTTAAATGTGTT,0,531555
araCp,0.3333333333333333,2,2,TATATGATAGAGTTGGGGGT,0,529939
araCp,0.3333333333333333,2,2,TATATCGGGGACATGTTTCG,0,528575
araCp,0.3333333333333333,2,2,TATATATTTAAGACGAGAGG,0,526608
araCp,0.3333333333333333,2,2,TATAGGCGTCTCTCGGGATA,0,555045
araCp,0.3333333333333333,2,2,TATAGGATAGCTGTCCAATT,0,534920
araCp,0.3333333333333333,2,2,TATAGACGCGAAGGAAACAA,0,552276
araCp,0.3333333333333333,2,2,TATAGAAGTTCGTCCATATA,0,547793
araCp,0.3333333333333333,2,2,TATACTGAGAAGTTAACGGA,0,541615
araCp,0.3333333333333333,2,2,TATACGGTGTGCTTTTGTGG,0,551666
araCp,0.3333333333333333,2,2,TATACCGGTTGCTTTGACAT,0,571377
araCp,0.3333333333333333,2,2,TATACACAGCGGCCTTGGAC,0,548068
araCp,0.3333333333333333,2,2,TAGTTTCTGTGTACATGTTA,0,529550
araCp,0.3333333333333333,2,2,TAGTATAATGTTGTAGCATC,0,579840
araCp,0.3333333333333333,2,2,TAGGTGTGCGGTCTACCGCG,0,566143
araCp,0.3333333333333333,2,2,TAGGTCGAGTAGTCCAGTGT,0,569593
araCp,0.3333333333333333,2,2,TAGGGTAACTCTAGTGCCGC,0,582862
araCp,0.3333333333333333,2,2,TAGGGGCCGTAACTTCAGCG,0,560006
araCp,0.3333333333333333,2,2,TAGGGCAAGATGAGCTCCGG,0,599296
araCp,0.3333333333333333,2,2,TAGGCTGGGAGTTAATCAGT,0,545536
araCp,0.3333333333333333,2,2,TAGGCCTCCACGCTTAAGGG,0,577422
araCp,0.3333333333333333,2,2,TAGGCCGGGGCGAACTCGTA,0,574343
araCp,0.3333333333333333,2,2,TAGGCCACGGAACAGACTTT,0,534235
araCp,0.3333333333333333,2,2,TAGGCATGCAGAAACAGTGT,0,603485
araCp,0.3333333333333333,2,2,TAGCTTCCAAACCGGTGCAA,0,598921
araCp,0.3333333333333333,2,2,TAGCTTCAGGCGGTGGCGGA,0,589961
araCp,0.3333333333333333,2,2,TAGCTGAACTTCTGGGTCTG,0,577629
araCp,0.3333333333333333,2,2,TAGCTCAAAGTAACTCTGAT,0,541353
araCp,0.3333333333333333,2,2,TAGCGTGGGACGTTGGGATC,0,534200
araCp,0.3333333333333333,2,2,TAGCCGGGGCACTATGACGA,0,567294
araCp,0.3333333333333333,2,2,TAGCCGGCGTCTGACTACCA,0,569932
araCp,0.3333333333333333,2,2,TAGCCCATGCCAGATGTGGA,0,551406
araCp,0.3333333333333333,2,2,TAGCACATCAGTGGTGATAT,0,556283
araCp,0.3333333333333333,2,2,TAGATATGAGCCGGTGTGTA,0,557732
araCp,0.3333333333333333,2,2,TAGATACCCGCGGGAGCTGC,0,542375
araCp,0.3333333333333333,2,2,TAGATACCACAACAGTTTTT,0,553672
araCp,0.3333333333333333,2,2,TAGAGGAGATAATGACGCTG,0,529726
araCp,0.3333333333333333,2,2,TAGAGCGTGTAGAAAGGTAG,0,548271
araCp,0.3333333333333333,2,2,TAGACGTATTTTTCCGAACC,0,564893
araCp,0.3333333333333333,2,2,TAGACGAGCTCGTGCGAGAG,0,538933
araCp,0.3333333333333333,2,2,TACTTTACTTGGCAAAGTAA,0,573439
araCp,0.3333333333333333,2,2,TACTTGTGATTAAGATTGTC,0,562859
araCp,0.3333333333333333,2,2,TACTGCTTAGAGTGAGGATT,0,584929
araCp,0.3333333333333333,2,2,TACTGAGTTTCTCCTGGGCG,0,531714
araCp,0.3333333333333333,2,2,TACTCCGCATTTGGCTAAGT,0,584968
araCp,0.3333333333333333,2,2,TACTCAAATTATCCTCGCTA,0,603258
araCp,0.3333333333333333,2,2,TACTAGACAGGCATGTATAC,0,585244
araCp,0.3333333333333333,2,2,TACGTGGTTTAGGGGCGGAT,0,572380
araCp,0.3333333333333333,2,2,TACGTCTCCTGGCCGGTTTT,0,564583
araCp,0.3333333333333333,2,2,TACGTACTGGCTAATTTAGG,0,570079
araCp,0.3333333333333333,2,2,TACGTACGGGCCACCGAGTA,0,543031
araCp,0.3333333333333333,2,2,TACGGTAGCGCCGTAAATTA,0,541891
araCp,0.3333333333333333,2,2,TACGGGGGAGGGCACAGCGT,0,540955
araCp,0.3333333333333333,2,2,TACGGAGTACCCCGATTTAA,0,558916
araCp,0.3333333333333333,2,2,TACGGACGGGGCTAATACGG,0,581932
araCp,0.3333333333333333,2,2,TACGCTCAATTGGATACGGT,0,590084
araCp,0.3333333333333333,2,2,TACGCCGTAAGTGACGCGAC,0,572290
araCp,0.3333333333333333,2,2,TACGAGTGTTATAAGTCGCA,0,546244
araCp,0.3333333333333333,2,2,TACGAGAATATGACAAAGAG,0,563777
araCp,0.3333333333333333,2,2,TACCTTTCGGTGTACGAGGT,0,593164
araCp,0.3333333333333333,2,2,TACCTACCTGTATGGAACTG,0,569676
araCp,0.3333333333333333,2,2,TACCGGTTTGACGGTGAGGG,0,594396
araCp,0.3333333333333333,2,2,TACCGGCGCCTTCGGGGACG,0,580986
araCp,0.3333333333333333,2,2,TACCGAGGCTCTCGGGACGA,0,592333
araCp,0.3333333333333333,2,2,TACCCTGGAGCAATACTGAT,0,533746
araCp,0.3333333333333333,2,2,TACCATGCAGTAAGGTCAAC,0,535200
araCp,0.3333333333333333,2,2,TACCAGGGTTAGAGCTGATA,0,576722
araCp,0.3333333333333333,2,2,TACCAGGAAGTGCGTGTAGA,0,586386
araCp,0.3333333333333333,2,2,TACCAGACTATCGCAATCAT,0,582090
araCp,0.3333333333333333,2,2,TACCAAAACGTTTGCAGTTA,0,588234
araCp,0.3333333333333333,2,2,TACATTACACTGTCCGTAGT,0,539160
araCp,0.3333333333333333,2,2,TACATTAAAGAAGGCTTCCT,0,541261
araCp,0.3333333333333333,2,2,TACATATGGCGCGATCAGTC,0,595152
araCp,0.3333333333333333,2,2,TACAGAACACTATCTGTGGA,0,585510
araCp,0.3333333333333333,2,2,TACACTTTAACCTAAGACCC,0,595009
araCp,0.3333333333333333,2,2,TACACTTCCCTACTCAATGA,0,564741
araCp,0.3333333333333333,2,2,TACACGCAGTCGGGCGTGGC,0,576510
araCp,0.3333333333333333,2,2,TACACACTTCACTAGATCGA,0,600099
araCp,0.3333333333333333,2,2,TAATTGTTTGGCGCTAAGGG,0,577450
araCp,0.3333333333333333,2,2,TAATTAAAGTCGCAGCGAGT,0,532805
araCp,0.3333333333333333,2,2,TAATGTTACGTAGGAAATCT,0,586487
araCp,0.3333333333333333,2,2,TAATGGTCAGCTGTGATCTA,0,525831
araCp,0.3333333333333333,2,2,TAATGGGGGTGCGCGGACTT,0,594034
araCp,0.3333333333333333,2,2,TAATGATGAAGGGCACGGTT,0,598014
araCp,0.3333333333333333,2,2,TAATGACAAGTCCATCTGCT,0,550296
araCp,0.3333333333333333,2,2,TAATCTCCATAGAGTGATTC,0,538593
araCp,0.3333333333333333,2,2,TAATCGACTCAGCAACTGGA,0,538804
araCp,0.3333333333333333,2,2,TAATCATTCGGACGCCGTTA,0,555277
araCp,0.3333333333333333,2,2,TAATATACGCGGGTCTTAAA,0,575125
araCp,0.3333333333333333,2,2,TAATAGGTCAGTACCAAGTA,0,554593
araCp,0.3333333333333333,2,2,TAAGTGACTTGGTGTACCTT,0,579757
araCp,0.3333333333333333,2,2,TAAGTCACAGTCAGGGGTAA,0,560821
araCp,0.3333333333333333,2,2,TAAGGTTTCGAGGGTCCGAA,0,596402
araCp,0.3333333333333333,2,2,TAAGGTATAATAGCTCTAAG,0,601315
araCp,0.3333333333333333,2,2,TAAGGGGGCGTTCTCAGTAC,0,566458
araCp,0.3333333333333333,2,2,TAAGGCATCAAAGAGAGCGA,0,562830
araCp,0.3333333333333333,2,2,TAAGCTTCTCTTCGCCGTAT,0,528252
araCp,0.3333333333333333,2,2,TAAGCGGCCCAGCTGGGATG,0,587610
araCp,0.3333333333333333,2,2,TAAGCCGGGTTGGTCACATT,0,566237
araCp,0.3333333333333333,2,2,TAAGCATACGGATGTTCGCG,0,560120
araCp,0.3333333333333333,2,2,TAACTGCACGGCCATTGGCC,0,561445
araCp,0.3333333333333333,2,2,TAACTGATCTGGCGAGGCTC,0,531212
araCp,0.3333333333333333,2,2,TAACTGAGTTTATATCCCTT,0,546588
araCp,0.3333333333333333,2,2,TAACTCAAGCACCCGCAGGA,0,567847
araCp,0.3333333333333333,2,2,TAACTAGAATACATTCGGAT,0,594468
araCp,0.3333333333333333,2,2,TAACGCTTGTTCTTTCGCTC,0,526850
araCp,0.3333333333333333,2,2,TAACGATATCTTATCGTCAT,0,545310
araCp,0.3333333333333333,2,2,TAACGACAACCTAGCGTATA,0,596736
araCp,0.3333333333333333,2,2,TAACCTGATTCTAACACCGG,0,576271
araCp,0.3333333333333333,2,2,TAACCGATCGATGCTTTGTT,0,593960
araCp,0.3333333333333333,2,2,TAACCCCCCAAGTGGTCCAG,0,563203
araCp,0.3333333333333333,2,2,TAACATCAATTCCAATCCGA,0,596255
araCp,0.3333333333333333,2,2,TAAATTATAGTAGGTGGGCA,0,550684
araCp,0.3333333333333333,2,2,TAAATGAGTACTTGGACTAT,0,582235
araCp,0.3333333333333333,2,2,TAAATGAAGCCAGGGGATCG,0,534621
araCp,0.3333333333333333,2,2,TAAATACGATGGTTTCACGT,0,551277
araCp,0.3333333333333333,2,2,TAAAGGAGCGAACACAGTTT,0,554352
araCp,0.3333333333333333,2,2,TAAAGATACACTCAGTGGGG,0,551448
araCp,0.3333333333333333,2,2,TAAACCTATATCGAGTGATG,0,530233
araCp,0.3333333333333333,2,2,TAAACAGTTCCTTTGAAGAG,0,540291
araCp,0.3333333333333333,2,2,TAAAAGTCCCACTACGACCC,0,585071
araCp,0.3333333333333333,2,2,TAAAAGTAAGCTGCAATGAA,0,553351
araCp,0.3333333333333333,2,2,GTTTTTCTGACAAGACAACT,0,528294
araCp,0.3333333333333333,2,2,GTTTTTCAGCGTCAAAGGAC,0,559104
araCp,0.3333333333333333,2,2,GTTTTCTACTTTAAACAGTC,0,556292
araCp,0.3333333333333333,2,2,GTTTTAGACATTCAAGGCAT,0,575518
araCp,0.3333333333333333,2,2,GTTTGTATTCCTGGACTGTG,0,575525
araCp,0.3333333333333333,2,2,GTTTGGGTCCCACGTATCAA,0,552526
araCp,0.3333333333333333,2,2,GTTTGGGCAGGCTAGATTTC,0,534355
araCp,0.3333333333333333,2,2,GTTTGGCAATCGAAATCGCC,0,544384
araCp,0.3333333333333333,2,2,GTTTGAGGCGTGTGGGAACG,0,581000
araCp,0.3333333333333333,2,2,GTTTGAATTGCCCTAGCATG,0,577372
araCp,0.3333333333333333,2,2,GTTTCGAAAGTTTGGAGCTT,0,553794
araCp,0.3333333333333333,2,2,GTTTCATCACTGCCGCCCGT,0,592699
araCp,0.3333333333333333,2,2,GTTTATCCTCTGGGCTTCAT,0,529840
araCp,0.3333333333333333,2,2,GTTTACCCGTCAGTGCTTAG,0,602494
araCp,0.3333333333333333,2,2,GTTTAACGTCGTAAGAAGTA,0,529725
araCp,0.3333333333333333,2,2,GTTGTCCATAACGTTAATCA,0,548624
araCp,0.3333333333333333,2,2,GTTGTAGGTGTATGCATGCA,0,583688
araCp,0.3333333333333333,2,2,GTTGGCCCGGTGTCCAAGAG,0,531855
araCp,0.3333333333333333,2,2,GTTGCTGCATGAACATCGCT,0,597299
araCp,0.3333333333333333,2,2,GTTGCGGCAAGCGTACGCAC,0,559623
araCp,0.3333333333333333,2,2,GTTGCGCACTCGGCTTGCTG,0,581583
araCp,0.3333333333333333,2,2,GTTGATTTGCTCGCGCTACG,0,553993
araCp,0.3333333333333333,2,2,GTTCTCTGCTTGAGCTGTCA,0,560772
araCp,0.3333333333333333,2,2,GTTCTCCTACAGGCTGCAGA,0,535667
araCp,0.3333333333333333,2,2,GTTCGGTGATTCGCAGTCAT,0,580385
araCp,0.3333333333333333,2,2,GTTCGGGCTCACGCGTGACA,0,600657
araCp,0.3333333333333333,2,2,GTTCGGAAGTGTGTAAGCCA,0,575431
araCp,0.3333333333333333,2,2,GTTCGCCTGACAGGGCCCTA,0,593959
araCp,0.3333333333333333,2,2,GTTCCTCTTGGTTCGGGTGT,0,554290
araCp,0.3333333333333333,2,2,GTTCCTCACCCACGGCGCTC,0,577032
araCp,0.3333333333333333,2,2,GTTATTGAGAGTTTGCAAGA,0,581539
araCp,0.3333333333333333,2,2,GTTAGTCTAAGAACCGAGTA,0,578316
araCp,0.3333333333333333,2,2,GTTAGCCCATCCAACCCCTG,0,574873
araCp,0.3333333333333333,2,2,GTGTGCCTGGGGGATCGGGT,0,571583
araCp,0.3333333333333333,2,2,GTGTGAGCTGGGCCCCGTCT,0,574887
araCp,0.3333333333333333,2,2,GTGTCTCGGAAATGGGCTGG,0,539567
araCp,0.3333333333333333,2,2,GTGTCAAATACTTGCGACAA,0,556239
araCp,0.3333333333333333,2,2,GTGTACCAGCTCCGGCTCAG,0,564861
araCp,0.3333333333333333,2,2,GTGTAAGGGATTACCGTGGG,0,541527
araCp,0.3333333333333333,2,2,GTGTAAATAGGTAGTTTGAA,0,536860
araCp,0.3333333333333333,2,2,GTGGTGTCAGCACGCATGTA,0,577282
araCp,0.3333333333333333,2,2,GTGGTGAGTTATTTGGAGCA,0,544513
araCp,0.3333333333333333,2,2,GTGGGCATCAATCCTTCATG,0,561110
araCp,0.3333333333333333,2,2,GTGGGCACAAGGGATCTGAA,0,536445
araCp,0.3333333333333333,2,2,GTGGCGTAATACCCCGCATT,0,560401
araCp,0.3333333333333333,2,2,GTGGCATTTCTGTGCATAGA,0,555924
araCp,0.3333333333333333,2,2,GTGGAGGTCGGAACGGCTTT,0,588347
araCp,0.3333333333333333,2,2,GTGGACGAGCCTTAAGGGTA,0,542774
araCp,0.3333333333333333,2,2,GTGGAACTCCGCGAGCTAGC,0,565506
araCp,0.3333333333333333,2,2,GTGCTTGTGCACTTGGTACT,0,553851
araCp,0.3333333333333333,2,2,GTGCTAGCAGGGATATACGA,0,595939
araCp,0.3333333333333333,2,2,GTGCGGCACTCTGGCATGGG,0,535863
araCp,0.3333333333333333,2,2,GTGCGGAAAGCATAGAATAC,0,588583
araCp,0.3333333333333333,2,2,GTGCGCATTATCTGCTCAGT,0,573081
araCp,0.3333333333333333,2,2,GTGCCTGTGTAACCATGGTG,0,547117
araCp,0.3333333333333333,2,2,GTGCCTGCCCGGCGTAGTGC,0,539249
araCp,0.3333333333333333,2,2,GTGCACTCCCGTCTTTCCTA,0,532241
araCp,0.3333333333333333,2,2,GTGATGCGGGGGGGGCAAAT,0,528190
araCp,0.3333333333333333,2,2,GTGAGTGAGCCGTGCATGCT,0,561148
araCp,0.3333333333333333,2,2,GTGAGGTGCAACCTCTGAAG,0,539920
araCp,0.3333333333333333,2,2,GTGAGGCAGTTTAGCCATAG,0,581925
araCp,0.3333333333333333,2,2,GTGAGACTATGGGACCTTTA,0,559966
araCp,0.3333333333333333,2,2,GTGACGGTGGCGCGATATCC,0,540964
araCp,0.3333333333333333,2,2,GTGACCAAGGGGCACTTAAC,0,569454
araCp,0.3333333333333333,2,2,GTGACATGAGTGGGGACGAA,0,596273
araCp,0.3333333333333333,2,2,GTGAACATAGAGCGTAGCGA,0,543855
araCp,0.3333333333333333,2,2,GTGAAAGATGCAGCGGCAGT,0,568582
araCp,0.3333333333333333,2,2,GTCTTTGCATTAAAATTCTA,0,566091
araCp,0.3333333333333333,2,2,GTCTTTGATGTGAGATCGTT,0,599616
araCp,0.3333333333333333,2,2,GTCTGTTTGCATTTGCCTGA,0,584062
araCp,0.3333333333333333,2,2,GTCTGTCGCAATCAGGCCAC,0,564217
araCp,0.3333333333333333,2,2,GTCTGGCCATTAGAACATAC,0,570659
araCp,0.3333333333333333,2,2,GTCTGCATCCGCCCTCATGG,0,592380
araCp,0.3333333333333333,2,2,GTCTCTTCAGGTCGATGAGT,0,580287
araCp,0.3333333333333333,2,2,GTCTCCTTTGCGCTCATTAT,0,587830
araCp,0.3333333333333333,2,2,GTCTCACAGAAATAGGGCTA,0,597231
araCp,0.3333333333333333,2,2,GTCGTGGTTAATACGATAGA,0,532161
araCp,0.3333333333333333,2,2,GTCGTCTCATGCGCCCAGTT,0,567616
araCp,0.3333333333333333,2,2,GTCGGTCAGTGGTTCATACA,0,573386
araCp,0.3333333333333333,2,2,GTCGGGTTCGACTGGTTGCC,0,588146
araCp,0.3333333333333333,2,2,GTCGGCAATCAGGGCTCAAA,0,554096
araCp,0.3333333333333333,2,2,GTCGGATTCGGGTTTGGTTT,0,602883
araCp,0.3333333333333333,2,2,GTCGCTGTAGTTCACAAGAG,0,535654
araCp,0.3333333333333333,2,2,GTCGCGACATGCGTCCTCTT,0,574653
araCp,0.3333333333333333,2,2,GTCGCCTTCAGCCCTGTTTA,0,527537
araCp,0.3333333333333333,2,2,GTCGCCTTATATTCGCAATT,0,589707
araCp,0.3333333333333333,2,2,GTCGCCAGATTGCCCATCTA,0,593367
araCp,0.3333333333333333,2,2,GTCGATTGCCATTGCAAAAA,0,571988
araCp,0.3333333333333333,2,2,GTCGAGCATGGCAAAGCTAG,0,538038
araCp,0.3333333333333333,2,2,GTCCGTCTTAACTAAAGCCT,0,540762
araCp,0.3333333333333333,2,2,GTCCGAGCACCAAAGGCGGA,0,597531
araCp,0.3333333333333333,2,2,GTCCCGTCTGCGGTATGCCA,0,563623
araCp,0.3333333333333333,2,2,GTCCATTTGTTTGCCCTGCA,0,551821
araCp,0.3333333333333333,2,2,GTCCATTCGTTTATATAGCC,0,595931
araCp,0.3333333333333333,2,2,GTCCAGCCTGGTGCTCCACT,0,551612
araCp,0.3333333333333333,2,2,GTCATCGAGGTCCAGGTCAA,0,532359
araCp,0.3333333333333333,2,2,GTCATCCTCCCCCCGGCGTT,0,599576
araCp,0.3333333333333333,2,2,GTCATAGCTACCACTTTGTC,0,569912
araCp,0.3333333333333333,2,2,GTCATAATAAAATGCAAACT,0,574815
araCp,0.3333333333333333,2,2,GTCAGTCTCGGTCAGATCTG,0,546473
araCp,0.3333333333333333,2,2,GTCAGATGTGGGGCCTTTGA,0,537635
araCp,0.3333333333333333,2,2,GTCAGACATCTCTAGGGCTG,0,567450
araCp,0.3333333333333333,2,2,GTCACGGGGGCGTCGGAGGT,0,571986
araCp,0.3333333333333333,2,2,GTCAAGGTGCGTAGTGGGCT,0,540509
araCp,0.3333333333333333,2,2,GTCAAAGGTTCTTTAGCTTG,0,554639
araCp,0.3333333333333333,2,2,GTATTATGTTCCAAGCTCAT,0,570584
araCp,0.3333333333333333,2,2,GTATGTACCTGTGGATTCGA,0,579177
araCp,0.3333333333333333,2,2,GTATCTTCTGTTTGATCCTG,0,552224
araCp,0.3333333333333333,2,2,GTATCACAAAGACGCTGAAA,0,567861
araCp,0.3333333333333333,2,2,GTATATGGAGGGCCTAGATA,0,538930
araCp,0.3333333333333333,2,2,GTATATAGTAGTTCATGCCC,0,540942
araCp,0.3333333333333333,2,2,GTATATAAGTTGGAAGAGGT,0,574535
araCp,0.3333333333333333,2,2,GTATAGAGATATAGTATCGT,0,546669
araCp,0.3333333333333333,2,2,GTAGTGCACCCAATCTGAAA,0,556013
araCp,0.3333333333333333,2,2,GTAGATCGGCTCTATGAGAC,0,555496
araCp,0.3333333333333333,2,2,GTAGAGGTCTCTGTTCCAAG,0,583297
araCp,0.3333333333333333,2,2,GTAGAGGCTAAACCCCTGCA,0,580683
araCp,0.3333333333333333,2,2,GTAGAGGAGATGCGTATGTG,0,573576
araCp,0.3333333333333333,2,2,GTACTGGGCATCTAGGTCCA,0,598668
araCp,0.3333333333333333,2,2,GTACGTGATTGAGCTTACAT,0,573952
araCp,0.3333333333333333,2,2,GTACGTCGAATGCATCGTCC,0,540501
araCp,0.3333333333333333,2,2,GTACGGTGCTGGATTAGAAT,0,530289
araCp,0.3333333333333333,2,2,GTACGGGCACTAGATAAGAT,0,539496
araCp,0.3333333333333333,2,2,GTACGGCTCATCGCAGCTAG,0,571724
araCp,0.3333333333333333,2,2,GTACGGATATATATGGCTAC,0,532021
araCp,0.3333333333333333,2,2,GTACCCGCTCCTCTTAGGTG,0,556183
araCp,0.3333333333333333,2,2,GTACCCGATTAGAAGTGAAC,0,576718
araCp,0.3333333333333333,2,2,GTACAACGTCCAATTAGACT,0,599592
araCp,0.3333333333333333,2,2,GTACAACGCTGTCATCAGTA,0,574402
araCp,0.3333333333333333,2,2,GTAATCGATAATGTTGTGGT,0,593397
araCp,0.3333333333333333,2,2,GTAAGCCGGATACATAGAGT,0,594145
araCp,0.3333333333333333,2,2,GTAAGAGCACGGTAGATAGT,0,548653
araCp,0.3333333333333333,2,2,GTAAGAATTTGCCTTTCATA,0,602707
araCp,0.3333333333333333,2,2,GTAACACGTGACTGGGCTTA,0,545728
araCp,0.3333333333333333,2,2,GTAAATGCGAGCGTAATTAT,0,576869
araCp,0.3333333333333333,2,2,GTAAAAATTCGATAGAGATT,0,531159
araCp,0.3333333333333333,2,2,GGTTTGAACAGATGAAGCAA,0,535644
araCp,0.3333333333333333,2,2,GGTTTATGACGAGCACGGCA,0,540064
araCp,0.3333333333333333,2,2,GGTTTAAAATCGGTCTCACT,0,558955
araCp,0.3333333333333333,2,2,GGTTGTGATATTTTGGCTTA,0,533218
araCp,0.3333333333333333,2,2,GGTTGTATAGTCTTCCGAGG,0,525706
araCp,0.3333333333333333,2,2,GGTTGGTCGTTCGTAATCCG,0,592645
araCp,0.3333333333333333,2,2,GGTTGATGGGATCGATCGCA,0,598427
araCp,0.3333333333333333,2,2,GGTTGAGCACTCTACCCCCC,0,545994
araCp,0.3333333333333333,2,2,GGTTCTACAGGGGGTTTCTA,0,572230
araCp,0.3333333333333333,2,2,GGTTCGTTCCTCTCAAAGCC,0,574456
araCp,0.3333333333333333,2,2,GGTTCCTTCCCGATTGCTCC,0,548702
araCp,0.3333333333333333,2,2,GGTTCCCCCTGATCACCCCT,0,593233
araCp,0.3333333333333333,2,2,GGTTATCCGCACCTACGTGA,0,536564
araCp,0.3333333333333333,2,2,GGTTAGATGCTAAGTTTGTC,0,560329
araCp,0.3333333333333333,2,2,GGTTAAAGACCGCTCGGGCA,0,577417
araCp,0.3333333333333333,2,2,GGTGTAGCATCTTTTGATTA,0,545530
araCp,0.3333333333333333,2,2,GGTGTACAAAAGAGATATTG,0,596238
araCp,0.3333333333333333,2,2,GGTGTAATAGTCTACACTCG,0,559382
araCp,0.3333333333333333,2,2,GGTGGATCTCAACTTGGATA,0,537857
araCp,0.3333333333333333,2,2,GGTGGAGCCCAGCGGCGCCT,0,577374
araCp,0.3333333333333333,2,2,GGTGATTGTGCAGCCTTTTG,0,563617
araCp,0.3333333333333333,2,2,GGTGATTGGTCCTCTGACGA,0,527024
araCp,0.3333333333333333,2,2,GGTCGCCTCTTACTGGTCAA,0,577775
araCp,0.3333333333333333,2,2,GGTCCTGTTTCCGGGATATT,0,555573
araCp,0.3333333333333333,2,2,GGTCCTGTGCTCCGCTCCAT,0,569723
araCp,0.3333333333333333,2,2,GGTCCTAGCGCCGTTAGCAT,0,571782
araCp,0.3333333333333333,2,2,GGTCCGGACAAAAACCGGAG,0,566006
araCp,0.3333333333333333,2,2,GGTCACTGGGGTTGAATTCT,0,544446
araCp,0.3333333333333333,2,2,GGTCACCGGATCTAGTGGTA,0,537039
araCp,0.3333333333333333,2,2,GGTCACAATAACCGCACTAA,0,555580
araCp,0.3333333333333333,2,2,GGTAGTTCTACCCCCCTGCA,0,591189
araCp,0.3333333333333333,2,2,GGTAGAGACTGAGTCCTATC,0,546696
araCp,0.3333333333333333,2,2,GGTACGTCTCCTAAGCTACA,0,528717
araCp,0.3333333333333333,2,2,GGTACACCCTTCACGATATC,0,546715
araCp,0.3333333333333333,2,2,GGTAAGGGTAGAACAAATGG,0,551034
araCp,0.3333333333333333,2,2,GGGTTCGGCAACAACTGTCT,0,586401
araCp,0.3333333333333333,2,2,GGGTTAAATGCAGCTCAAAC,0,566993
araCp,0.3333333333333333,2,2,GGGTGGACTGTTCAGGTTCA,0,574234
araCp,0.3333333333333333,2,2,GGGTGCTAGCGCACTAACCT,0,533469
araCp,0.3333333333333333,2,2,GGGTGCTACGCACCTGGACT,0,528019
araCp,0.3333333333333333,2,2,GGGTGAGCAGTTCGAGGAAT,0,548228
araCp,0.3333333333333333,2,2,GGGTCGGGAACTGATCGCGT,0,557244
araCp,0.3333333333333333,2,2,GGGTCCGGTATAGCTCTGCC,0,601730
araCp,0.3333333333333333,2,2,GGGTCACTAAGTATCGGCCT,0,550871
araCp,0.3333333333333333,2,2,GGGTATCAGGGGGAGTTCTC,0,585855
araCp,0.3333333333333333,2,2,GGGTAGAAGTAAAATTTGAA,0,573074
araCp,0.3333333333333333,2,2,GGGTACCGCGAGGAGGAGTA,0,550951
araCp,0.3333333333333333,2,2,GGGTACAAGCAGTCTCACTC,0,603708
araCp,0.3333333333333333,2,2,GGGTAATTGCACTTTGGGGG,0,556216
araCp,0.3333333333333333,2,2,GGGTAATCTCTCAACCGTTT,0,539852
araCp,0.3333333333333333,2,2,GGGTAATCCACTTGCTCTCT,0,559888
araCp,0.3333333333333333,2,2,GGGGTTGGTTGCGACATTCT,0,530183
araCp,0.3333333333333333,2,2,GGGGTGAACTCATAGCTAAA,0,582382
araCp,0.3333333333333333,2,2,GGGGTGAAAACTCACAGGTA,0,561251
araCp,0.3333333333333333,2,2,GGGGTAAGCTCGGACATCAA,0,602674
araCp,0.3333333333333333,2,2,GGGGGGCAACGGTAATCCGG,0,554887
araCp,0.3333333333333333,2,2,GGGGGGACTGTTTTCACATT,0,554338
araCp,0.3333333333333333,2,2,GGGGGCGAGGGGATGTTAGT,0,546980
araCp,0.3333333333333333,2,2,GGGGGAATGATGTGTAGATG,0,587828
araCp,0.3333333333333333,2,2,GGGGCGGTGAAGTATGATGA,0,533044
araCp,0.3333333333333333,2,2,GGGGCGCTATATCATACTGT,0,560174
araCp,0.3333333333333333,2,2,GGGGCATCTGATGTACTGCC,0,537910
araCp,0.3333333333333333,2,2,GGGGCAGATTCGTAGTCGTT,0,603557
araCp,0.3333333333333333,2,2,GGGGACAACGCGCAACCGGG,0,587896
araCp,0.3333333333333333,2,2,GGGGAACGCAGTCACTCTAT,0,570613
araCp,0.3333333333333333,2,2,GGGCTTTTATACTTCTGGCT,0,529766
araCp,0.3333333333333333,2,2,GGGCTTTCTGAGTAGACGCC,0,534722
araCp,0.3333333333333333,2,2,GGGCTTGACACCAACTCTAT,0,602035
araCp,0.3333333333333333,2,2,GGGCTGGAAGATCTAATCGT,0,582795
araCp,0.3333333333333333,2,2,GGGCTGCCGACTCCTAAATC,0,549141
araCp,0.3333333333333333,2,2,GGGCTGCATTGTGACTTCCT,0,566155
araCp,0.3333333333333333,2,2,GGGCTCCGTTGTTAATCTGC,0,566710
araCp,0.3333333333333333,2,2,GGGCTACAGGTGAGGTCTCC,0,567972
araCp,0.3333333333333333,2,2,GGGCGTCGAAACAAGGGGGG,0,590199
araCp,0.3333333333333333,2,2,GGGCGGCCATGTGGCTAGAT,0,555255
araCp,0.3333333333333333,2,2,GGGCGGAATGAGAGCTTTCC,0,561934
araCp,0.3333333333333333,2,2,GGGCGCGCAGACACGTAACC,0,576662
araCp,0.3333333333333333,2,2,GGGCCGCTTTAGACTAGGCA,0,558180
araCp,0.3333333333333333,2,2,GGGCAGATACTCCTCCTGAT,0,552758
araCp,0.3333333333333333,2,2,GGGCAGAGGAATGTTACTAA,0,526097
araCp,0.3333333333333333,2,2,GGGCACTGCGTTACTAGGAT,0,573118
araCp,0.3333333333333333,2,2,GGGCACCATGAAACCTATTT,0,541011
araCp,0.3333333333333333,2,2,GGGATTTACAAACGACACGC,0,571283
araCp,0.3333333333333333,2,2,GGGATCAGTATCCCATAATC,0,592368
araCp,0.3333333333333333,2,2,GGGATATAATACATCACGTC,0,547932
araCp,0.3333333333333333,2,2,GGGATACACCGGGGGGTTGA,0,561060
araCp,0.3333333333333333,2,2,GGGAGTATAATCGTCATGAT,0,550377
araCp,0.3333333333333333,2,2,GGGAGAGACTAGCTCAAGTT,0,545860
araCp,0.3333333333333333,2,2,GGGACTGACGTCGGAAGCGG,0,596798
araCp,0.3333333333333333,2,2,GGGACGGGTAGTACGGCTCA,0,589465
araCp,0.3333333333333333,2,2,GGGACGATGCCATCTCTGTA,0,542968
araCp,0.3333333333333333,2,2,GGGACACGCGTACCAATCGA,0,542296
araCp,0.3333333333333333,2,2,GGGAAGTACCCTTTGGAGTC,0,529553
araCp,0.3333333333333333,2,2,GGGAACCAGCAACGGCGACG,0,549142
araCp,0.3333333333333333,2,2,GGCTTCTTTTCACACATTTT,0,593984
araCp,0.3333333333333333,2,2,GGCTTAATTAATTACTTGAC,0,585629
araCp,0.3333333333333333,2,2,GGCTGTGTTGCGCTCACTAA,0,531545
araCp,0.3333333333333333,2,2,GGCTGTAGGTGTCGTCAATG,0,588599
araCp,0.3333333333333333,2,2,GGCTGATGCTCTGCCGAAGT,0,537735
araCp,0.3333333333333333,2,2,GGCTACTCGAGTACATCGTA,0,527554
araCp,0.3333333333333333,2,2,GGCTACGTCGATCTAATCTC,0,564458
araCp,0.3333333333333333,2,2,GGCTACACATAATCGAATAT,0,596666
araCp,0.3333333333333333,2,2,GGCGTGTAACATATAATAGT,0,593420
araCp,0.3333333333333333,2,2,GGCGTGCGAGCGGAGGTGCT,0,543461
araCp,0.3333333333333333,2,2,GGCGTACAGGGGTTAATTGA,0,527283
araCp,0.3333333333333333,2,2,GGCGGTTTCTCTCTTCTCTC,0,556117
araCp,0.3333333333333333,2,2,GGCGGTTGAGCGCCAGATTT,0,565685
araCp,0.3333333333333333,2,2,GGCGGTGTACTGAAGAGGGG,0,592068
araCp,0.3333333333333333,2,2,GGCGGTACATACTGAAGGTA,0,548225
araCp,0.3333333333333333,2,2,GGCGGCCGGACAACTCCCAT,0,581531
araCp,0.3333333333333333,2,2,GGCGGCATGGCTGGGCACGT,0,563337
araCp,0.3333333333333333,2,2,GGCGCTCAAACGCGTGTCAA,0,565937
araCp,0.3333333333333333,2,2,GGCGACTTAACTCCGGCGGG,0,555445
araCp,0.3333333333333333,2,2,GGCGACACAGTGGCTAATCG,0,540528
araCp,0.3333333333333333,2,2,GGCCTTTGGATTGTTTGACC,0,531961
araCp,0.3333333333333333,2,2,GGCCTTCGTCTTTTCGGATA,0,597822
araCp,0.3333333333333333,2,2,GGCCTGCGTAGCCTCAGTTC,0,543911
araCp,0.3333333333333333,2,2,GGCCTAATACTTCAGTCTCA,0,578758
araCp,0.3333333333333333,2,2,GGCCGATTACGGAGCTGCCC,0,533538
araCp,0.3333333333333333,2,2,GGCCGAGGTAGACACGATTC,0,591527
araCp,0.3333333333333333,2,2,GGCCCTCGACACGTGGTGCC,0,571732
araCp,0.3333333333333333,2,2,GGCCCGTCCAGAGGGTTTTG,0,603569
araCp,0.3333333333333333,2,2,GGCCCCTAAGTGCGCCCCCA,0,586774
araCp,0.3333333333333333,2,2,GGCCCCAATTAGCTATCAAT,0,582359
araCp,0.3333333333333333,2,2,GGCCCAAGTGCTGTAGTTAT,0,572194
araCp,0.3333333333333333,2,2,GGCCCAAGGTGAGCAGTCGT,0,561209
araCp,0.3333333333333333,2,2,GGCCATGGAAGGTCGGCAGC,0,544001
araCp,0.3333333333333333,2,2,GGCCAACAGATCTAATGTTG,0,556791
araCp,0.3333333333333333,2,2,GGCATTGCTTGCGGGGTGAG,0,541917
araCp,0.3333333333333333,2,2,GGCATCTAGGGCCGATACTT,0,593674
araCp,0.3333333333333333,2,2,GGCATCGCTTACGGAAGGGA,0,552414
araCp,0.3333333333333333,2,2,GGCATCGCGTAGCCTTTATA,0,554428
araCp,0.3333333333333333,2,2,GGCATACTACGAAGGTGTAA,0,587498
araCp,0.3333333333333333,2,2,GGCACTCGCAGGAACATAAC,0,578263
araCp,0.3333333333333333,2,2,GGCACGCTATGTAAGGTTGT,0,560013
araCp,0.3333333333333333,2,2,GGCACCCGCGCGGAAGATCA,0,595071
araCp,0.3333333333333333,2,2,GGCAACCATTCCCTTTTGGG,0,536131
araCp,0.3333333333333333,2,2,GGCAAACAAAAAACCCTCCT,0,591077
araCp,0.3333333333333333,2,2,GGATTACCTGTTGCCCCAAC,0,557009
araCp,0.3333333333333333,2,2,GGATGTGCCCTGTAGTACTA,0,558297
araCp,0.3333333333333333,2,2,GGATGTGACGGTAATGAGTT,0,545558
araCp,0.3333333333333333,2,2,GGATGGCTAAAGTCAGTAAC,0,599450
araCp,0.3333333333333333,2,2,GGATGCGCTAGAGGACCGCG,0,601099
araCp,0.3333333333333333,2,2,GGATGCCTGTCCAAACTAAG,0,573228
araCp,0.3333333333333333,2,2,GGATCTACCATCTCGGTAGA,0,587550
araCp,0.3333333333333333,2,2,GGATCGGGTCAGAACTCGCT,0,536178
araCp,0.3333333333333333,2,2,GGATACCGGGAACTGACACT,0,602201
araCp,0.3333333333333333,2,2,GGAGTTCATCACAAAATAAC,0,584363
araCp,0.3333333333333333,2,2,GGAGTGGGTACCCTCCGCCC,0,585074
araCp,0.3333333333333333,2,2,GGAGTCGCTAAGCTGCACAA,0,576882
araCp,0.3333333333333333,2,2,GGAGGTTTGCCAGTGGATAA,0,587485
araCp,0.3333333333333333,2,2,GGAGGTGATTTACTTATTGC,0,536707
araCp,0.3333333333333333,2,2,GGAGGTCACTTGCCCCAATT,0,535942
araCp,0.3333333333333333,2,2,GGAGGGTAGGGCAGGGCCGA,0,595489
araCp,0.3333333333333333,2,2,GGAGGCCTTGGGAGAGTGCA,0,535888
araCp,0.3333333333333333,2,2,GGAGGCCGGATACGGTCGTT,0,551686
araCp,0.3333333333333333,2,2,GGAGCGCGCAGGTAGAATAC,0,555041
araCp,0.3333333333333333,2,2,GGAGCCGCTCAACACATACT,0,583307
araCp,0.3333333333333333,2,2,GGAGCCGCAGTCACTCGGCA,0,567802
araCp,0.3333333333333333,2,2,GGAGCATCGGGGAATTAGTA,0,592083
araCp,0.3333333333333333,2,2,GGAGAGGGGAGATCAGGGAG,0,560924
araCp,0.3333333333333333,2,2,GGAGAGCTCTATTCCACGCC,0,583644
araCp,0.3333333333333333,2,2,GGAGAACGAGTTGTAGGGAA,0,586749
araCp,0.3333333333333333,2,2,GGACTTGAGGCGAATCCCCC,0,561095
araCp,0.3333333333333333,2,2,GGACTGTTAGGCTTCCAGTT,0,525826
araCp,0.3333333333333333,2,2,GGACTGTGAGATGACTTTCT,0,570483
araCp,0.3333333333333333,2,2,GGACTCCATAGTTAAGCTCC,0,579858
araCp,0.3333333333333333,2,2,GGACTAAGAAGTCGGACTTC,0,590895
araCp,0.3333333333333333,2,2,GGACGGGGAAGGTTCGCGAG,0,542815
araCp,0.3333333333333333,2,2,GGACGGCCCTGCCTGTAACG,0,559866
araCp,0.3333333333333333,2,2,GGACCTGCGCATGGCAATAT,0,552226
araCp,0.3333333333333333,2,2,GGACCCCCGGCTGTCATGTT,0,600817
araCp,0.3333333333333333,2,2,GGACATGGCGCGTCTTCAAA,0,547053
araCp,0.3333333333333333,2,2,GGACATGGAATCTACTCAGT,0,593541
araCp,0.3333333333333333,2,2,GGACATGACCTATGAGCCCA,0,576584
araCp,0.3333333333333333,2,2,GGAATGGACGACCCATTAAC,0,538694
araCp,0.3333333333333333,2,2,GGAATCCGTTGGCCTTTGAC,0,575025
araCp,0.3333333333333333,2,2,GGAAGGTATGTTCCATTGGG,0,592386
araCp,0.3333333333333333,2,2,GGAAGCCACATTCAGACCCA,0,555479
araCp,0.3333333333333333,2,2,GGAAGACGCAGAACCGTGTC,0,587135
araCp,0.3333333333333333,2,2,GGAACATCAGGGATTTTTCT,0,588304
araCp,0.3333333333333333,2,2,GCTTTTACCTGGAGCTGACG,0,569336
araCp,0.3333333333333333,2,2,GCTTTGAAGTGGTAGGACTT,0,584107
araCp,0.3333333333333333,2,2,GCTTTATTATTGGCATCCTC,0,602731
araCp,0.3333333333333333,2,2,GCTTGGTTTGGAACAAAGTT,0,559418
araCp,0.3333333333333333,2,2,GCTTGGTACGGCAGGTGGCA,0,553142
araCp,0.3333333333333333,2,2,GCTTGATCCGAGGGCCTTTC,0,547138
araCp,0.3333333333333333,2,2,GCTTGAAGTCAGCTGTTTGG,0,549400
araCp,0.3333333333333333,2,2,GCTTCTTGTCGTACCGTCCA,0,589864
araCp,0.3333333333333333,2,2,GCTTCTCATTTTAATCACCT,0,576524
araCp,0.3333333333333333,2,2,GCTTCAATAAATCCGCGATA,0,593328
araCp,0.3333333333333333,2,2,GCTTATGTGTTTTGGTATGC,0,537679
araCp,0.3333333333333333,2,2,GCTGTGTGAGAACCCTGCAG,0,566761
araCp,0.3333333333333333,2,2,GCTGTGGGCGCCCGGGCGTT,0,572097
araCp,0.3333333333333333,2,2,GCTGTCGTGAAGCCATTCTG,0,586943
araCp,0.3333333333333333,2,2,GCTGTACCAAGACATTCGTA,0,529723
araCp,0.3333333333333333,2,2,GCTGTACACAGAGCACAATT,0,537802
araCp,0.3333333333333333,2,2,GCTGGTAAAACTTTTGCTTC,0,556825
araCp,0.3333333333333333,2,2,GCTGGGGGGGTGGCATTGTT,0,600802
araCp,0.3333333333333333,2,2,GCTGGCATCTGTTCCGTAGA,0,597586
araCp,0.3333333333333333,2,2,GCTGGAATGTTCACTACCAT,0,540786
araCp,0.3333333333333333,2,2,GCTGCTCTCTCGTCGGCGTA,0,544126
araCp,0.3333333333333333,2,2,GCTGCGCAGAGGTCGCCAAG,0,552494
araCp,0.3333333333333333,2,2,GCTGCAAGGGACTTCCCGCT,0,599148
araCp,0.3333333333333333,2,2,GCTCTCCGGCCGGGGTACAT,0,554418
araCp,0.3333333333333333,2,2,GCTCTACGTGTAACGATTAC,0,537336
araCp,0.3333333333333333,2,2,GCTCGTTACTCGACCCTTAG,0,585765
araCp,0.3333333333333333,2,2,GCTCGTCCTTATGGAGCCTC,0,588074
araCp,0.3333333333333333,2,2,GCTCGGCTAATAGCATACGC,0,559211
araCp,0.3333333333333333,2,2,GCTCGCTTCCAGTATGCATT,0,531259
araCp,0.3333333333333333,2,2,GCTCCTAAACGCTGTATTGC,0,578614
araCp,0.3333333333333333,2,2,GCTCCGCCTCCGCCCGGTAT,0,602647
araCp,0.3333333333333333,2,2,GCTCCCAGTTCACTAGAGTT,0,526208
araCp,0.3333333333333333,2,2,GCTCCCAAAGGACAGATGGA,0,532677
araCp,0.3333333333333333,2,2,GCTCATTCCGTGGGGTGATT,0,537991
araCp,0.3333333333333333,2,2,GCTCAAGCGAAAGCGGTACG,0,540174
araCp,0.3333333333333333,2,2,GCTATGGCAATGCGGAAGGG,0,598255
araCp,0.3333333333333333,2,2,GCTAGGTACCGTGGGTGGCA,0,570547
araCp,0.3333333333333333,2,2,GCTAGCGCCCACAATGCCCG,0,587764
araCp,0.3333333333333333,2,2,GCTAGCAGTATCTCGGCTGT,0,591812
araCp,0.3333333333333333,2,2,GCTAGAGCGGTCGAGCTACT,0,575429
araCp,0.3333333333333333,2,2,GCTACTCCATCAATGTCAGA,0,597853
araCp,0.3333333333333333,2,2,GCTACGATCTGAAGGTCCGT,0,535792
araCp,0.3333333333333333,2,2,GCTACAGCGATCGCGTGTGA,0,531523
araCp,0.3333333333333333,2,2,GCTAATAGTCGTCAGCTTTA,0,546788
araCp,0.3333333333333333,2,2,GCTAATAGGCATACCGGTTC,0,544035
araCp,0.3333333333333333,2,2,GCTAAAACAACCAACTCCGT,0,536739
araCp,0.3333333333333333,2,2,GCGTTTCCTCGTCGGGTGCG,0,556697
araCp,0.3333333333333333,2,2,GCGTTTAGTCTCCAACCGAC,0,526814
araCp,0.3333333333333333,2,2,GCGTTCTATCTCTTCATACT,0,585444
araCp,0.3333333333333333,2,2,GCGTTCCTCTTTTCTCACTA,0,556653
araCp,0.3333333333333333,2,2,GCGTGGCCTAAAATCGATAG,0,587647
araCp,0.3333333333333333,2,2,GCGTGATCTTTTTTCCCTGG,0,595365
araCp,0.3333333333333333,2,2,GCGTGAGTTGGTCACTCTGG,0,577402
araCp,0.3333333333333333,2,2,GCGTGAGCCTAGGGGAACGA,0,575202
araCp,0.3333333333333333,2,2,GCGTCGGATACGGACGGGGT,0,566646
araCp,0.3333333333333333,2,2,GCGTCCTTGCGCCAACAGAA,0,574764
araCp,0.3333333333333333,2,2,GCGTAGTTGACTCAAAGTGA,0,564729
araCp,0.3333333333333333,2,2,GCGGTTTAACTTAGTACACG,0,582221
araCp,0.3333333333333333,2,2,GCGGTGACCAGCTTGCACAT,0,600777
araCp,0.3333333333333333,2,2,GCGGTATAATGGCAATATGA,0,581409
araCp,0.3333333333333333,2,2,GCGGGTTAGAATTACGGTCG,0,534172
araCp,0.3333333333333333,2,2,GCGGGGAAATCGGTTTATGC,0,561470
araCp,0.3333333333333333,2,2,GCGGGCGTGGCTTACAACTA,0,585788
araCp,0.3333333333333333,2,2,GCGGGCAGATCTTCCTCATT,0,577885
araCp,0.3333333333333333,2,2,GCGGCGCTATTGGCACGAGC,0,573287
araCp,0.3333333333333333,2,2,GCGGCAGTTTAGAGTTCACG,0,596130
araCp,0.3333333333333333,2,2,GCGGATTAGAAGCCGTCCAA,0,572229
araCp,0.3333333333333333,2,2,GCGGAGTTCATCTATTACAA,0,593259
araCp,0.3333333333333333,2,2,GCGCTTTCTCCCGAGTCTGG,0,560737
araCp,0.3333333333333333,2,2,GCGCGTGGCTCAAGCCCTCA,0,568074
araCp,0.3333333333333333,2,2,GCGCGGTACCATTGGCCGAG,0,585941
araCp,0.3333333333333333,2,2,GCGCGCCCATAAGAGTCCAG,0,540720
araCp,0.3333333333333333,2,2,GCGCCTGGGAAGAGTTGTTA,0,600533
araCp,0.3333333333333333,2,2,GCGCAGGCGAGGTTGCGGCA,0,531707
araCp,0.3333333333333333,2,2,GCGCAGGAGACATGAAAAAT,0,568486
araCp,0.3333333333333333,2,2,GCGCAGCCCCATTCCTCTTG,0,537583
araCp,0.3333333333333333,2,2,GCGCAGAAACTTCAGCAGTG,0,602467
araCp,0.3333333333333333,2,2,GCGCACATACTATTGTGCGA,0,583728
araCp,0.3333333333333333,2,2,GCGCAAACTTAGCCCCAAGA,0,563525
araCp,0.3333333333333333,2,2,GCGATGTTCTCGAGTGGGTT,0,562774
araCp,0.3333333333333333,2,2,GCGATATAAGGAGAAGGTGT,0,555151
araCp,0.3333333333333333,2,2,GCGAGGAGCGCGCGTAAGCC,0,555148
araCp,0.3333333333333333,2,2,GCGAGCAATCTGATCTGTCG,0,561898
araCp,0.3333333333333333,2,2,GCGAATCCGAGTTGGGGCGA,0,532710
araCp,0.3333333333333333,2,2,GCCTTCGTGTCCCTTGTGCT,0,529839
araCp,0.3333333333333333,2,2,GCCTGGATTCAGCTGCTTTC,0,547519
araCp,0.3333333333333333,2,2,GCCTCTTGACGCAGATGCGG,0,541211
araCp,0.3333333333333333,2,2,GCCTCAGTATTTGAATGAAC,0,547267
araCp,0.3333333333333333,2,2,GCCTATTTCTAACAACGGTC,0,570510
araCp,0.3333333333333333,2,2,GCCTAGAGAGCTTGCTGACA,0,541437
araCp,0.3333333333333333,2,2,GCCGTTCTCGGAGACACCGT,0,601286
araCp,0.3333333333333333,2,2,GCCGTCATACGTCACACGAC,0,600899
araCp,0.3333333333333333,2,2,GCCGGCCAAGTTAATCTAGG,0,575262
araCp,0.3333333333333333,2,2,GCCGCTCCGGGGTTTAAGAC,0,537130
araCp,0.3333333333333333,2,2,GCCGAACGAGCATGAACTTT,0,595308
araCp,0.3333333333333333,2,2,GCCGAAAGCCCCTCGCGCCA,0,561218
araCp,0.3333333333333333,2,2,GCCCTTATGGCGGGGACGGT,0,597103
araCp,0.3333333333333333,2,2,GCCCGTCCTGCCAGTCTCAA,0,531507
araCp,0.3333333333333333,2,2,GCCCGGCACTGGCCACTTAA,0,559680
araCp,0.3333333333333333,2,2,GCCCCGAGCGTTTTGTTGGA,0,561620
araCp,0.3333333333333333,2,2,GCCCCCCAGATACGCCTTAA,0,544465
araCp,0.3333333333333333,2,2,GCCCCAGTTGGTTAGTACTT,0,535204
araCp,0.3333333333333333,2,2,GCCCACCTGCGCGACTTAGA,0,536791
araCp,0.3333333333333333,2,2,GCCAGGCTTAAGCGTAGTTT,0,578050
araCp,0.3333333333333333,2,2,GCCAGACCAGGAATCCTTAA,0,585933
araCp,0.3333333333333333,2,2,GCCACTTAAGCCGGGCTCGT,0,575942
araCp,0.3333333333333333,2,2,GCCACACTGCGTCTAGATAC,0,565080
araCp,0.3333333333333333,2,2,GCCAACATCAGCTCAGTCGC,0,598208
araCp,0.3333333333333333,2,2,GCCAAACCTACTTGCGTTCG,0,587235
araCp,0.3333333333333333,2,2,GCATTGCCGTGTCCAGCGAG,0,578189
araCp,0.3333333333333333,2,2,GCATTCACTGATCTCAGGGA,0,535094
araCp,0.3333333333333333,2,2,GCATTAATATCAGTCGAAAA,0,570631
araCp,0.3333333333333333,2,2,GCATGTTCTAAGCGCCCCCT,0,595352
araCp,0.3333333333333333,2,2,GCATGGCAGAATTGGGAACT,0,550384
araCp,0.3333333333333333,2,2,GCATGACATATTACTCGTTA,0,535322
araCp,0.3333333333333333,2,2,GCATCTAAAGAGACCAGCTT,0,582324
araCp,0.3333333333333333,2,2,GCATCCTTCGGAAAAAAGGA,0,549568
araCp,0.3333333333333333,2,2,GCATCCGGAGTATGAATAAC,0,586133
araCp,0.3333333333333333,2,2,GCATCATGAGAAGCAGAAAG,0,567260
araCp,0.3333333333333333,2,2,GCATCACGGTTACATGTCCA,0,599114
araCp,0.3333333333333333,2,2,GCATCACCAGGGAATATAAA,0,554762
araCp,0.3333333333333333,2,2,GCATCAAACAGGACAATGGT,0,592861
araCp,0.3333333333333333,2,2,GCATAGTTCAGCAAAACTTT,0,574877
araCp,0.3333333333333333,2,2,GCATAGTCAGTCTGTGCCAA,0,575956
araCp,0.3333333333333333,2,2,GCAGTATCGGATGAATTTAA,0,540722
araCp,0.3333333333333333,2,2,GCAGTAGACCTAGCGAGACA,0,579181
araCp,0.3333333333333333,2,2,GCAGGTCACAGTGCGGACAT,0,531297
araCp,0.3333333333333333,2,2,GCAGCTTAAGCATCAAACCA,0,587319
araCp,0.3333333333333333,2,2,GCAGCCCGTCCATACTGCCT,0,590463
araCp,0.3333333333333333,2,2,GCAGCACATTCCTTCTTGCA,0,532072
araCp,0.3333333333333333,2,2,GCAGATGACTCACAAAATGT,0,578795
araCp,0.3333333333333333,2,2,GCAGAACGATATGGGTATAA,0,576503
araCp,0.3333333333333333,2,2,GCACTGACATGGATCAGGCA,0,580948
araCp,0.3333333333333333,2,2,GCACGTAAAAGTAGAGCTGC,0,551516
araCp,0.3333333333333333,2,2,GCACGGGAAGTTTGCTAGTA,0,549668
araCp,0.3333333333333333,2,2,GCACGGATTACTTAGCGGTA,0,568706
araCp,0.3333333333333333,2,2,GCACGCGTTATAAGGTTAAT,0,538753
araCp,0.3333333333333333,2,2,GCACGCGGCAGAGTCTTGCG,0,528217
araCp,0.3333333333333333,2,2,GCACGAGATCTGACTACGGG,0,563294
araCp,0.3333333333333333,2,2,GCACGAACGTACCATACGAG,0,561156
araCp,0.3333333333333333,2,2,GCACCTGCGCGAAGGCACTC,0,577295
araCp,0.3333333333333333,2,2,GCACCGTTAGTCATATAAGA,0,528669
araCp,0.3333333333333333,2,2,GCACCGAGTCCTTGTAAAAA,0,563822
araCp,0.3333333333333333,2,2,GCACCCGGATAACCCTAGAC,0,560790
araCp,0.3333333333333333,2,2,GCACCCATTTCTCAAGGGAA,0,560970
araCp,0.3333333333333333,2,2,GCACCCAATCTGCTCGGTAG,0,584046
araCp,0.3333333333333333,2,2,GCACATAACGGTATATGATG,0,549664
araCp,0.3333333333333333,2,2,GCACAATTAGTAAATAAAGA,0,577800
araCp,0.3333333333333333,2,2,GCACAATATGGATAACGCTC,0,587992
araCp,0.3333333333333333,2,2,GCAATTTGATTCCTTGTTCT,0,590461
araCp,0.3333333333333333,2,2,GCAATGCGTAACTCTAGTGG,0,594504
araCp,0.3333333333333333,2,2,GCAAGTATGAGTTTCGGGAA,0,527151
araCp,0.3333333333333333,2,2,GCAAGGCCTGGTAATTGTGG,0,603590
araCp,0.3333333333333333,2,2,GCAACTGGTTCGATCCTAAT,0,570162
araCp,0.3333333333333333,2,2,GCAACGCCCAGTGCCCGGAA,0,600023
araCp,0.3333333333333333,2,2,GCAACGAGGAACTGTTTCTA,0,530456
araCp,0.3333333333333333,2,2,GCAACCTCTAGATTTTTAGG,0,569874
araCp,0.3333333333333333,2,2,GCAACACGCGTAGGCTGATT,0,570231
araCp,0.3333333333333333,2,2,GCAACACACACGACCGGGTA,0,597612
araCp,0.3333333333333333,2,2,GCAAACGTGTGTAGAAGCTC,0,539898
araCp,0.3333333333333333,2,2,GATTTGTAGGATGGCGACAA,0,569017
araCp,0.3333333333333333,2,2,GATTTGCGTGGGATAGGAGA,0,567267
araCp,0.3333333333333333,2,2,GATTGAGAAGTTTGTACCCA,0,589886
araCp,0.3333333333333333,2,2,GATTCGTAATCTAGAGGATT,0,558525
araCp,0.3333333333333333,2,2,GATTCCAGCAATTTGGTAGG,0,548929
araCp,0.3333333333333333,2,2,GATTCAGTAATTCGGTCTCA,0,534544
araCp,0.3333333333333333,2,2,GATTCAAAACCGGGGAGCGA,0,560609
araCp,0.3333333333333333,2,2,GATTATGCTAGCAGGATTCC,0,582206
araCp,0.3333333333333333,2,2,GATTAATCTCGATGGTATGT,0,547855
araCp,0.3333333333333333,2,2,GATGTGAGAGTTTTGGGCCT,0,546937
araCp,0.3333333333333333,2,2,GATGATGTTCCTTAGCGGTG,0,537885
araCp,0.3333333333333333,2,2,GATCTCAGTTATTATGCTCT,0,557345
araCp,0.3333333333333333,2,2,GATCGCCTATTACACTTCCA,0,541282
araCp,0.3333333333333333,2,2,GATCCGTACCATGGCTCGCG,0,558185
araCp,0.3333333333333333,2,2,GATCCAGACCGGCGGCACAG,0,550219
araCp,0.3333333333333333,2,2,GATCATTCCCTTTACACAGC,0,536917
araCp,0.3333333333333333,2,2,GATATTATGTCGTTCCTAGA,0,533158
araCp,0.3333333333333333,2,2,GATATGTCTCCGTTGAGAGT,0,567904
araCp,0.3333333333333333,2,2,GATAGGCTTACTCCGTCCTA,0,578245
araCp,0.3333333333333333,2,2,GATAGGCAGGTGCACCAGGG,0,565289
araCp,0.3333333333333333,2,2,GATAGAGTGCTAGACGGAAA,0,580303
araCp,0.3333333333333333,2,2,GATACTACGGACACAAAGAG,0,595595
araCp,0.3333333333333333,2,2,GATACGTACAGATGGGAGCC,0,564969
araCp,0.3333333333333333,2,2,GATACGATTTGAGTGGAGGG,0,553986
araCp,0.3333333333333333,2,2,GATAACCTGAGAAGGCGTTA,0,542566
araCp,0.3333333333333333,2,2,GAGTTTGGATTCAATCAACG,0,583769
araCp,0.3333333333333333,2,2,GAGTTAGGGTTCCCCTGTGA,0,543135
araCp,0.3333333333333333,2,2,GAGTGCGACGAGAACTCTCA,0,587751
araCp,0.3333333333333333,2,2,GAGTGATGACGCGCGGCCCA,0,555500
araCp,0.3333333333333333,2,2,GAGTCTCTTTGGATTGGGGT,0,547473
araCp,0.3333333333333333,2,2,GAGTCGGGGGCAACTTGCCG,0,555365
araCp,0.3333333333333333,2,2,GAGTAGACTCACCCCGTTAA,0,600263
araCp,0.3333333333333333,2,2,GAGGTAGTGGAGTGCCAGGA,0,530522
araCp,0.3333333333333333,2,2,GAGGGGTTCAGGGTACCGGA,0,551592
araCp,0.3333333333333333,2,2,GAGGCTGCCGGTCGCCCGAT,0,572637
araCp,0.3333333333333333,2,2,GAGGACCTTGCTCGGGACTT,0,576949
araCp,0.3333333333333333,2,2,GAGGACCCCTGGCCGAAGTC,0,526680
araCp,0.3333333333333333,2,2,GAGGACAACTTTTTGTGAAT,0,582908
araCp,0.3333333333333333,2,2,GAGCTAGTCCCAAGGGTCGT,0,543832
araCp,0.3333333333333333,2,2,GAGCGGGGTTTAATTGGTGA,0,526997
araCp,0.3333333333333333,2,2,GAGCGCTACCATGTTGGCAA,0,555035
araCp,0.3333333333333333,2,2,GAGCAGGTCCTCGCAGGGAC,0,526326
araCp,0.3333333333333333,2,2,GAGAGGTCTCGCCGATGAAT,0,563155
araCp,0.3333333333333333,2,2,GAGAGCTTTAGGGGTCCCTC,0,537134
araCp,0.3333333333333333,2,2,GAGAGCCTCTGTAAGTCCCC,0,545384
araCp,0.3333333333333333,2,2,GAGAGAATGGCTATTACCCG,0,553577
araCp,0.3333333333333333,2,2,GAGACCTAAGTAGACCTCGT,0,562348
araCp,0.3333333333333333,2,2,GAGAATCAGGATGTTCCCCC,0,587611
araCp,0.3333333333333333,2,2,GAGAACAGAAATGCCTTTCA,0,571643
araCp,0.3333333333333333,2,2,GAGAAAAACCCGAGTATGGC,0,534472
araCp,0.3333333333333333,2,2,GACTTTTCAGGCGGGGAAAA,0,551925
araCp,0.3333333333333333,2,2,GACTTTGCGAGCGTCGGGAT,0,546981
araCp,0.3333333333333333,2,2,GACTGTGCCGCTCTCTGGTT,0,553028
araCp,0.3333333333333333,2,2,GACTGGTTAGTTTCACCTGC,0,587236
araCp,0.3333333333333333,2,2,GACTGGCCGGGCATAAATTC,0,601187
araCp,0.3333333333333333,2,2,GACTGCTAGTAATTGGGTAC,0,578987
araCp,0.3333333333333333,2,2,GACTCAGAGTAGTCGTGCAG,0,536109
araCp,0.3333333333333333,2,2,GACTCAACTTTCACTTGTGG,0,593922
araCp,0.3333333333333333,2,2,GACTAGGTTCTCCCAACCGA,0,597724
araCp,0.3333333333333333,2,2,GACTAGGAAGTAATCCTCAT,0,539699
araCp,0.3333333333333333,2,2,GACTAGACGTCACGACATTC,0,596324
araCp,0.3333333333333333,2,2,GACTAATGCACGCGATGAAC,0,586387
araCp,0.3333333333333333,2,2,GACTAAAAAGGTACAGCACG,0,553440
araCp,0.3333333333333333,2,2,GACGTGTCTGAGGTCCTACT,0,570984
araCp,0.3333333333333333,2,2,GACGTAGGCTGCCTCGTCGG,0,598425
araCp,0.3333333333333333,2,2,GACGGGCTTCGCAGCTCTCT,0,525543
araCp,0.3333333333333333,2,2,GACGGGCGCTTCCCTTATCA,0,542257
araCp,0.3333333333333333,2,2,GACGCCTTCGCGTGACGCCT,0,566227
araCp,0.3333333333333333,2,2,GACGAGGTGGTTGATAACTC,0,571052
araCp,0.3333333333333333,2,2,GACCTTGGGCGGTGTGTTGC,0,552836
araCp,0.3333333333333333,2,2,GACCTTCTATCAATAACCTA,0,550388
araCp,0.3333333333333333,2,2,GACCGAACCCCTCATGGACA,0,569251
araCp,0.3333333333333333,2,2,GACCATTCCTCGTGGCAGGA,0,553511
araCp,0.3333333333333333,2,2,GACATGGCTACCTATCATGA,0,533773
araCp,0.3333333333333333,2,2,GACATCTTCTACCGTTTCAC,0,537042
araCp,0.3333333333333333,2,2,GACAGTCGGCGGCATGACGA,0,593907
araCp,0.3333333333333333,2,2,GACAGACGCACATCATTTCA,0,579950
araCp,0.3333333333333333,2,2,GACACTGTGTAGTACTGGCG,0,534313
araCp,0.3333333333333333,2,2,GACACGATGCCTGAAACCCG,0,558591
araCp,0.3333333333333333,2,2,GACACCTTATGCTCTACTCG,0,563939
araCp,0.3333333333333333,2,2,GACACATCCCGTAGCGGCTT,0,584977
araCp,0.3333333333333333,2,2,GACAAGTGCGGGTACCCACT,0,603337
araCp,0.3333333333333333,2,2,GACAAAATATCTCACCTCTT,0,537767
araCp,0.3333333333333333,2,2,GAATTCTGTGTTCGCCCGGG,0,531879
araCp,0.3333333333333333,2,2,GAATTCCGCATTAGGGAGAC,0,575377
araCp,0.3333333333333333,2,2,GAATGTCTCGTCATGCGGAG,0,565288
araCp,0.3333333333333333,2,2,GAATGTCGTGAATATGTTCC,0,586992
araCp,0.3333333333333333,2,2,GAATGCGTCCAATCTGCCGT,0,560942
araCp,0.3333333333333333,2,2,GAATGCGGATCCGCCAAGAG,0,587786
araCp,0.3333333333333333,2,2,GAATCTATGTGATTTCGAAA,0,559901
araCp,0.3333333333333333,2,2,GAATCGTGCCCGCTCCAGGA,0,557545
araCp,0.3333333333333333,2,2,GAATCAATCCTAGGCTATTA,0,580475
araCp,0.3333333333333333,2,2,GAATAACGGCAAGAAGCCTA,0,529433
araCp,0.3333333333333333,2,2,GAAGTTGGTGAACAATGAGT,0,541608
araCp,0.3333333333333333,2,2,GAAGTGGATGGTCCGGGTGT,0,527663
araCp,0.3333333333333333,2,2,GAAGGCTGAGATTGCAATCC,0,585703
araCp,0.3333333333333333,2,2,GAAGGCCTCGGCATCGGACC,0,557335
araCp,0.3333333333333333,2,2,GAAGCCAAGACATTTAGACA,0,533704
araCp,0.3333333333333333,2,2,GAAGAGGTGGTGTAGTCTGC,0,565698
araCp,0.3333333333333333,2,2,GAACTGAAATCGGCATCCGG,0,543677
araCp,0.3333333333333333,2,2,GAACTACTAATCCGATCTGG,0,583332
araCp,0.3333333333333333,2,2,GAACGATTGTGTAATCTACT,0,568767
araCp,0.3333333333333333,2,2,GAACAGTGGCTTCAGGTCGT,0,563272
araCp,0.3333333333333333,2,2,GAACACACCTGGCATTAATA,0,533034
araCp,0.3333333333333333,2,2,GAACACAATGCGCCGGCTCA,0,584547
araCp,0.3333333333333333,2,2,GAACAAGTGAAGGGCCTATG,0,585504
araCp,0.3333333333333333,2,2,GAAATTTATCGCTATTTTGG,0,562808
araCp,0.3333333333333333,2,2,GAAATGGAAGATGCGCGGAC,0,549783
araCp,0.3333333333333333,2,2,GAAAGGCTTTCCTTGAGCCA,0,595759
araCp,0.3333333333333333,2,2,GAAAGGACCGACGCGAAGCC,0,603468
araCp,0.3333333333333333,2,2,GAAAGCAACTTAGCAGCGCC,0,561651
araCp,0.3333333333333333,2,2,GAAAGACGGGCTGGTATGCG,0,586595
araCp,0.3333333333333333,2,2,GAAACTTCGAGGTAAGACTT,0,545537
araCp,0.3333333333333333,2,2,GAAAACTCGCTATTCAGGAC,0,572764
araCp,0.3333333333333333,2,2,CTTTTGTTGGTCTGTGCCGG,0,556886
araCp,0.3333333333333333,2,2,CTTTTATTCGATTCGTCGGT,0,596521
araCp,0.3333333333333333,2,2,CTTTTATTCATTCTTCGATT,0,594477
araCp,0.3333333333333333,2,2,CTTTCGCACCCTCAAGGATC,0,597365
araCp,0.3333333333333333,2,2,CTTTCATATGCCTTAAGGCT,0,547450
araCp,0.3333333333333333,2,2,CTTTAGGAACACCACTTCGT,0,587645
araCp,0.3333333333333333,2,2,CTTTAGCGTCAATTTGTATG,0,558859
araCp,0.3333333333333333,2,2,CTTGTCGCGGAGCGAAGCAA,0,578568
araCp,0.3333333333333333,2,2,CTTGGTTACACACGATGGGG,0,592872
araCp,0.3333333333333333,2,2,CTTGGGATTATTCCAGGGGT,0,558936
araCp,0.3333333333333333,2,2,CTTGGAGAGGTACGGCTGGG,0,563851
araCp,0.3333333333333333,2,2,CTTGCGAGTAAAAGTCAGGA,0,584892
araCp,0.3333333333333333,2,2,CTTGAGATTGATAGTTTAGA,0,536622
araCp,0.3333333333333333,2,2,CTTGACTCAATTTCCCACGA,0,550232
araCp,0.3333333333333333,2,2,CTTCTCTTGAGCTTTGTAAC,0,587426
araCp,0.3333333333333333,2,2,CTTCGTTTTAACAAAAATAA,0,585893
araCp,0.3333333333333333,2,2,CTTCGTGACAGGGACCTTTG,0,537413
araCp,0.3333333333333333,2,2,CTTCGTAGGGCGTAGCCAGA,0,571056
araCp,0.3333333333333333,2,2,CTTCGCGTAATAAAAGATGA,0,571874
araCp,0.3333333333333333,2,2,CTTCCTATCCGGTGTCCAGA,0,583400
araCp,0.3333333333333333,2,2,CTTCCGCCCCTTAAGTTCGT,0,555623
araCp,0.3333333333333333,2,2,CTTCCAGACTGAACCTGGAT,0,551634
araCp,0.3333333333333333,2,2,CTTCAGGTGGTAGGTATGCG,0,577698
araCp,0.3333333333333333,2,2,CTTCAAGCCTGGGTGTTCTT,0,531447
araCp,0.3333333333333333,2,2,CTTATGCCTCTGGCACGCGT,0,538298
araCp,0.3333333333333333,2,2,CTTATATTATTTGTACAAGG,0,581412
araCp,0.3333333333333333,2,2,CTTATACGTCCTTACTCTGT,0,580363
araCp,0.3333333333333333,2,2,CTTATAAACGGCTATGGACG,0,555930
araCp,0.3333333333333333,2,2,CTTAGTCATTAATTATTATG,0,563422
araCp,0.3333333333333333,2,2,CTTAGGGCGGGATGCCGGTT,0,554735
araCp,0.3333333333333333,2,2,CTTAGCTGCTCCTGCTCAAA,0,541672
araCp,0.3333333333333333,2,2,CTTACTATGCCTTCAAACTT,0,573180
araCp,0.3333333333333333,2,2,CTTACGCACAATTATATAGT,0,577254
araCp,0.3333333333333333,2,2,CTTAACCTACACACCTGCAG,0,569188
araCp,0.3333333333333333,2,2,CTTAACACTTTGAGGGGATT,0,578089
araCp,0.3333333333333333,2,2,CTGTTCTGGCAGGACTCCAG,0,575820
araCp,0.3333333333333333,2,2,CTGTTATACCCGTGGACTTG,0,583897
araCp,0.3333333333333333,2,2,CTGTTAACGGATGCGCCTCT,0,569687
araCp,0.3333333333333333,2,2,CTGTTAAAAGTGTGATTTCC,0,536712
araCp,0.3333333333333333,2,2,CTGTGTTTCTGTGCAGTCAT,0,527986
araCp,0.3333333333333333,2,2,CTGTGGTCAGCGTTGGGCTA,0,527619
araCp,0.3333333333333333,2,2,CTGTGCCGGGGAACCCCACT,0,600079
araCp,0.3333333333333333,2,2,CTGTCTTGACAACGGGTGTC,0,565366
araCp,0.3333333333333333,2,2,CTGTCGATTATGACAAGAAA,0,581747
araCp,0.3333333333333333,2,2,CTGTATCCGATCAAAAAGAA,0,563513
araCp,0.3333333333333333,2,2,CTGTAGTCAAACTGTAATGC,0,552174
araCp,0.3333333333333333,2,2,CTGTAGCTTAACGCAGGAGT,0,600164
araCp,0.3333333333333333,2,2,CTGTACATGGTTTCGACGTC,0,559794
araCp,0.3333333333333333,2,2,CTGTAATTTAGGGAAGTGCG,0,557047
araCp,0.3333333333333333,2,2,CTGGTCTCACCATGAGAATA,0,528963
araCp,0.3333333333333333,2,2,CTGGTCCGGAGTATTGAGTG,0,573834
araCp,0.3333333333333333,2,2,CTGGGTAAGGCGGGTGGATT,0,577664
araCp,0.3333333333333333,2,2,CTGGGGGAAGTTCCGGCACG,0,547015
araCp,0.3333333333333333,2,2,CTGGGATCGTAATGTCGGAC,0,591637
araCp,0.3333333333333333,2,2,CTGGCAACATTCGGCGACGT,0,588856
araCp,0.3333333333333333,2,2,CTGCTTTGCCTAAGCACCAA,0,561686
araCp,0.3333333333333333,2,2,CTGCTTAACTTGTCCACCCA,0,592916
araCp,0.3333333333333333,2,2,CTGCTGCTCTAGCGGCAGAT,0,565618
araCp,0.3333333333333333,2,2,CTGCTATCTTAGCAGGACGG,0,557719
araCp,0.3333333333333333,2,2,CTGCCCCTTCCGTGGTCTGC,0,547662
araCp,0.3333333333333333,2,2,CTGCAGATCGCAAATTTTAG,0,525765
araCp,0.3333333333333333,2,2,CTGATTCAGAGCTGCGTAAA,0,595290
araCp,0.3333333333333333,2,2,CTGATAGTCCAGGTAATAGG,0,548811
araCp,0.3333333333333333,2,2,CTGATAATAAGAGGCAGGTC,0,543716
araCp,0.3333333333333333,2,2,CTGAGTGGCTTCACCGGCCC,0,578412
araCp,0.3333333333333333,2,2,CTGAGCAGTGGGTTCCCCGT,0,599265
araCp,0.3333333333333333,2,2,CTGACTGTGCCACTGTCTGG,0,575718
araCp,0.3333333333333333,2,2,CTGACTCTCACATCGCGACC,0,598900
araCp,0.3333333333333333,2,2,CTGACCCAGGGGTACGGCAT,0,602750
araCp,0.3333333333333333,2,2,CTGACCACTTTGACAGACCG,0,564441
araCp,0.3333333333333333,2,2,CTGAATGTCTAGGAGCCAGC,0,594377
araCp,0.3333333333333333,2,2,CTGAATACGATGCCGTGAGC,0,551417
araCp,0.3333333333333333,2,2,CTGAAAGTAAAAGCTAAAGC,0,572373
araCp,0.3333333333333333,2,2,CTGAAAATAGTCGTACTGTG,0,582668
araCp,0.3333333333333333,2,2,CTCTTGCTTTCGCGGATAAT,0,560425
araCp,0.3333333333333333,2,2,CTCTGTTATTGGAACGTCCC,0,596818
araCp,0.3333333333333333,2,2,CTCTGCCGGCCGCGCCAGCG,0,602324
araCp,0.3333333333333333,2,2,CTCTCTCTGGATATGACCAA,0,558138
araCp,0.3333333333333333,2,2,CTCTCACTCTCTCGGGGGAG,0,575693
araCp,0.3333333333333333,2,2,CTCTATTCACCATCATGCTT,0,536991
araCp,0.3333333333333333,2,2,CTCTATCTCGAGGGGTGGCC,0,534010
araCp,0.3333333333333333,2,2,CTCTAGTTGCCCGACCGCTC,0,595457
araCp,0.3333333333333333,2,2,CTCGTTCACATGTCCCCTAA,0,574767
araCp,0.3333333333333333,2,2,CTCGTACGCTCTTCATCCAC,0,599912
araCp,0.3333333333333333,2,2,CTCGGTTTGCACTGAACCAT,0,602050
araCp,0.3333333333333333,2,2,CTCGGTCATATTTTGAATCA,0,595647
araCp,0.3333333333333333,2,2,CTCGGCCTTCAAGTACCGCT,0,541671
araCp,0.3333333333333333,2,2,CTCGCTCAGAAAGAAAGCGG,0,536843
araCp,0.3333333333333333,2,2,CTCGCCTTTGTAAGCCGCGA,0,527804
araCp,0.3333333333333333,2,2,CTCGAGTATGGGCATCGGTC,0,559827
araCp,0.3333333333333333,2,2,CTCGAACGTGTGAGGGGGTG,0,532978
araCp,0.3333333333333333,2,2,CTCCTCTACGTTTAGCCACC,0,575118
araCp,0.3333333333333333,2,2,CTCCTATCGTTACCGATAGA,0,580474
araCp,0.3333333333333333,2,2,CTCCTAAATTGGAAGCCCTA,0,579635
araCp,0.3333333333333333,2,2,CTCCGTGTCAGTGTATACGG,0,593394
araCp,0.3333333333333333,2,2,CTCCGTGGCAGTGATATTTG,0,551693
araCp,0.3333333333333333,2,2,CTCCGGGCTGACTCCCCGGT,0,593039
araCp,0.3333333333333333,2,2,CTCCCTAATGGGTCGAGATC,0,588727
araCp,0.3333333333333333,2,2,CTCCATTGTGCCGATGAATT,0,536902
araCp,0.3333333333333333,2,2,CTCCAGTTTACGTAGTTCAA,0,602315
araCp,0.3333333333333333,2,2,CTCCAGGGCCCTCCAGAGTA,0,585853
araCp,0.3333333333333333,2,2,CTCCACGGGACTGAGAGCAA,0,539504
araCp,0.3333333333333333,2,2,CTCATGCAACGGGGACATCC,0,585320
araCp,0.3333333333333333,2,2,CTCAGGGTTACTGTTTAGCA,0,569934
araCp,0.3333333333333333,2,2,CTCACTGCATATCGATTCCG,0,589365
araCp,0.3333333333333333,2,2,CTCAATATACCTCATCACTG,0,536745
araCp,0.3333333333333333,2,2,CTATTAAAGGACATGAATAT,0,593348
araCp,0.3333333333333333,2,2,CTATATCTCATCACATAGAT,0,575771
araCp,0.3333333333333333,2,2,CTATATAGACGTTGTCGTAA,0,577625
araCp,0.3333333333333333,2,2,CTATACCTGGGGGACACTTA,0,599133
araCp,0.3333333333333333,2,2,CTATAAGGTGAGCAATGCTC,0,572929
araCp,0.3333333333333333,2,2,CTAGTTCCTCACCGTCTAAG,0,572978
araCp,0.3333333333333333,2,2,CTAGTTAATCTACTTTTCAA,0,563020
araCp,0.3333333333333333,2,2,CTAGGCGAAGAGTGTTGCAC,0,567941
araCp,0.3333333333333333,2,2,CTAGCCGAGGCGGGTGAGCG,0,585305
araCp,0.3333333333333333,2,2,CTAGCACCAACCGGCAACCC,0,558080
araCp,0.3333333333333333,2,2,CTACTATCTCCCGCATTACT,0,549556
araCp,0.3333333333333333,2,2,CTACGTTGATTTCTAAAGGG,0,539378
araCp,0.3333333333333333,2,2,CTACGTTAGCTAGCAATTTG,0,567443
araCp,0.3333333333333333,2,2,CTACGCAAAATTTGGCTTCA,0,538987
araCp,0.3333333333333333,2,2,CTACCTGTGCCACCACGATG,0,541111
araCp,0.3333333333333333,2,2,CTACCGGCTTGAGTGCCTTT,0,597510
araCp,0.3333333333333333,2,2,CTACATTTAGGGCTCAGCGT,0,581440
araCp,0.3333333333333333,2,2,CTACAGTCACATGGCGATCA,0,553914
araCp,0.3333333333333333,2,2,CTACACTGCTACTGGACTGG,0,534848
araCp,0.3333333333333333,2,2,CTACAATCCTCTGCGGGTAG,0,576360
araCp,0.3333333333333333,2,2,CTACAAAAGGAGCATCTCCT,0,577876
araCp,0.3333333333333333,2,2,CTAATTATCATGAAGGATAA,0,582866
araCp,0.3333333333333333,2,2,CTAATATCCGCATACCGACT,0,581777
araCp,0.3333333333333333,2,2,CTAAGTGGTGCAAGCGGAGT,0,587907
araCp,0.3333333333333333,2,2,CTAAGGTTACAAGTGACCAA,0,543837
araCp,0.3333333333333333,2,2,CTAAGGGACCGAGTCGGGTC,0,602123
araCp,0.3333333333333333,2,2,CTAAGAATCAATAGAACGTT,0,542858
araCp,0.3333333333333333,2,2,CTAACGGATTGCGATGGTGT,0,548878
araCp,0.3333333333333333,2,2,CTAACATACAGTATAATGCA,0,550039
araCp,0.3333333333333333,2,2,CTAAAGGGGGAACCTAATCA,0,587471
araCp,0.3333333333333333,2,2,CTAAAGATTCGCCCGGGCGC,0,543519
araCp,0.3333333333333333,2,2,CTAAAAGATTAGGTGGTGAA,0,553366
araCp,0.3333333333333333,2,2,CGTTTCTAGCACAGCCGTAC,0,595182
araCp,0.3333333333333333,2,2,CGTTGTGTCGCAATTACGGT,0,597984
araCp,0.3333333333333333,2,2,CGTTGCATAGTAGCGGCGAG,0,565511
araCp,0.3333333333333333,2,2,CGTTCTGCACGCCGAGGGTA,0,555801
araCp,0.3333333333333333,2,2,CGTTCCAGTCCCACACGATA,0,530751
araCp,0.3333333333333333,2,2,CGTTATCTTAAGCGACCGCG,0,571684
araCp,0.3333333333333333,2,2,CGTTACGGAGCAGGGCAGGC,0,602230
araCp,0.3333333333333333,2,2,CGTTAAGTTTAGTTGAATTA,0,528823
araCp,0.3333333333333333,2,2,CGTGTTTCTCTAGTTATCGA,0,545417
araCp,0.3333333333333333,2,2,CGTGTCGGTAATGCGTATCG,0,600881
araCp,0.3333333333333333,2,2,CGTGTACGTCCCACTAAATG,0,541000
araCp,0.3333333333333333,2,2,CGTGGCGTACGGTTAGTGGA,0,592940
araCp,0.3333333333333333,2,2,CGTGCGGGCTGACTTATTGA,0,542707
araCp,0.3333333333333333,2,2,CGTGCCGCATAGATTGTAGT,0,547816
araCp,0.3333333333333333,2,2,CGTGCATTGGACCCTACGCT,0,532141
araCp,0.3333333333333333,2,2,CGTCTTGCTTGTATCAGGGT,0,567112
araCp,0.3333333333333333,2,2,CGTCCGAAGCGTGCATGAGG,0,534828
araCp,0.3333333333333333,2,2,CGTCCCCGCGTCTAGCGGTT,0,535679
araCp,0.3333333333333333,2,2,CGTCCCATGCCCAGTGAAGG,0,579666
araCp,0.3333333333333333,2,2,CGTCATTTGGCTGCTTCCCT,0,567990
araCp,0.3333333333333333,2,2,CGTCATGGGTTGTTACGAGT,0,555311
araCp,0.3333333333333333,2,2,CGTCAGTTAAATCAATCACA,0,576061
araCp,0.3333333333333333,2,2,CGTCACGCCATGAAGGGCCT,0,565619
araCp,0.3333333333333333,2,2,CGTCAAGTGTTATAACTGTC,0,599822
araCp,0.3333333333333333,2,2,CGTATTTTTCGTAAATATAG,0,529105
araCp,0.3333333333333333,2,2,CGTATTAGCTCGTATGCCTC,0,546454
araCp,0.3333333333333333,2,2,CGTATGATCGTAACGTTTTC,0,550932
araCp,0.3333333333333333,2,2,CGTAGTCGAAAACCGTAAGA,0,600978
araCp,0.3333333333333333,2,2,CGTAGGCTGGCCTCCCTAGC,0,596265
araCp,0.3333333333333333,2,2,CGTAGGCCTTTGTTCGACTT,0,571451
araCp,0.3333333333333333,2,2,CGTAGCATGGGTAGTCCTCA,0,559121
araCp,0.3333333333333333,2,2,CGTACGCGAAGTAGCTAGCA,0,601940
araCp,0.3333333333333333,2,2,CGTAATTGAAAAGTTCTTTT,0,560571
araCp,0.3333333333333333,2,2,CGTAACTCGATCGGGGCTGG,0,532966
araCp,0.3333333333333333,2,2,CGTAACTCAGCCGACGGGAA,0,530851
araCp,0.3333333333333333,2,2,CGGTGTGAAGGCTCGTAATA,0,577567
araCp,0.3333333333333333,2,2,CGGTGGTGGGTCTGCCCATG,0,571756
araCp,0.3333333333333333,2,2,CGGTGACCCCTACACCTCCG,0,580325
araCp,0.3333333333333333,2,2,CGGTCTGCAGGATCGAATGA,0,552045
araCp,0.3333333333333333,2,2,CGGTCTCACCGAGCAGGGAA,0,589526
araCp,0.3333333333333333,2,2,CGGTCGTTAATCTATATCTC,0,591108
araCp,0.3333333333333333,2,2,CGGTCGAGCTGGAAAGGTGT,0,593345
araCp,0.3333333333333333,2,2,CGGTAGAGATGTCCGTAGCA,0,545469
araCp,0.3333333333333333,2,2,CGGGTTGGTGGACGGTCAAG,0,538429
araCp,0.3333333333333333,2,2,CGGGTTGCATCCTCAGAATC,0,566439
araCp,0.3333333333333333,2,2,CGGGTATTCTGACAGACACC,0,559000
araCp,0.3333333333333333,2,2,CGGGTAGAATACCGCCCAGT,0,592458
araCp,0.3333333333333333,2,2,CGGGGTGATAAACGTATACG,0,549728
araCp,0.3333333333333333,2,2,CGGGGTATGCCGTAGTGTTG,0,538809
araCp,0.3333333333333333,2,2,CGGGGTAACCTTTGGTCGCG,0,539194
araCp,0.3333333333333333,2,2,CGGGGGCCTGTTAACAATGA,0,602854
araCp,0.3333333333333333,2,2,CGGGGCTTCGCCACCTATCT,0,568302
araCp,0.3333333333333333,2,2,CGGGGATGGTGGATGTCGGG,0,575963
araCp,0.3333333333333333,2,2,CGGGGAGCCGGTGGGCAGCT,0,541511
araCp,0.3333333333333333,2,2,CGGGCTGATTAACGTGTGAC,0,538536
araCp,0.3333333333333333,2,2,CGGGCTAGGCCCATCGTTGT,0,527222
araCp,0.3333333333333333,2,2,CGGGCGCTACTTGAGTTCGG,0,573627
araCp,0.3333333333333333,2,2,CGGGCGCGACAGTAAGCCCA,0,590009
araCp,0.3333333333333333,2,2,CGGGCGCCAATATCCAGAGG,0,554183
araCp,0.3333333333333333,2,2,CGGGCGAGGTGTTCAGGAGA,0,571644
araCp,0.3333333333333333,2,2,CGGGCCGTGTCCCAGAGCAG,0,537959
araCp,0.3333333333333333,2,2,CGGGCAACCGATCTGGTGGG,0,545903
araCp,0.3333333333333333,2,2,CGGGATAGCCTCTGGTGGAC,0,535501
araCp,0.3333333333333333,2,2,CGGGAATCACTGGCCGGTAT,0,574540
araCp,0.3333333333333333,2,2,CGGGAAACGTGCTTGCAAGT,0,591776
araCp,0.3333333333333333,2,2,CGGCTGACCCGCGGGCTCTT,0,592555
araCp,0.3333333333333333,2,2,CGGCTCATACTGAGTGTCGC,0,587552
araCp,0.3333333333333333,2,2,CGGCGGACTGGTGGATAAAG,0,539566
araCp,0.3333333333333333,2,2,CGGCGCATCTGATCATATGC,0,566043
araCp,0.3333333333333333,2,2,CGGCGCAATCGTGCATGTCA,0,551969
araCp,0.3333333333333333,2,2,CGGCGACGGGTATTAATGCG,0,526751
araCp,0.3333333333333333,2,2,CGGCGAATCGTTACACTGGG,0,582566
araCp,0.3333333333333333,2,2,CGGCCTGGCATCACGCTGGG,0,571945
araCp,0.3333333333333333,2,2,CGGCCTCCGTACTCTTGCGA,0,552084
araCp,0.3333333333333333,2,2,CGGCCGTCTCGACGCGATGT,0,578760
araCp,0.3333333333333333,2,2,CGGCCGAGGCACCGAGAGTT,0,563400
araCp,0.3333333333333333,2,2,CGGCCCTCAGGCGTGGCGGC,0,553775
araCp,0.3333333333333333,2,2,CGGCATTAGCTTCATGCCAT,0,547329
araCp,0.3333333333333333,2,2,CGGCAATCGAATATGGTAAT,0,579715
araCp,0.3333333333333333,2,2,CGGCAAGTCATACGGTGGCG,0,583414
araCp,0.3333333333333333,2,2,CGGATGGGTGGGGGTTGTCA,0,577510
araCp,0.3333333333333333,2,2,CGGATCTCCAAGCAGCGTAG,0,571990
araCp,0.3333333333333333,2,2,CGGATAAATTGTAAATAAAT,0,581144
araCp,0.3333333333333333,2,2,CGGAGTCAAACCGTACTACA,0,595892
araCp,0.3333333333333333,2,2,CGGAGGCAACGGGCGGTAAC,0,538494
araCp,0.3333333333333333,2,2,CGGACGGGACCTAGATCCAG,0,581774
araCp,0.3333333333333333,2,2,CGGACAACTTGAATGGGGTC,0,551648
araCp,0.3333333333333333,2,2,CGGAAGTTAATCTGGGAACT,0,600278
araCp,0.3333333333333333,2,2,CGCTTCGCAGTTAGTTGCCA,0,550521
araCp,0.3333333333333333,2,2,CGCTGCGATTGGGGAGGGTC,0,573643
araCp,0.3333333333333333,2,2,CGCTATCCGCATAGGGATTA,0,583588
araCp,0.3333333333333333,2,2,CGCGGTATAGGTACCTTACT,0,590944
araCp,0.3333333333333333,2,2,CGCGGGAGTTCTCTCTATGA,0,540603
araCp,0.3333333333333333,2,2,CGCGGCATCCTCGATGTTTA,0,586194
araCp,0.3333333333333333,2,2,CGCGGACGCCGAGTTGCGTC,0,580328
araCp,0.3333333333333333,2,2,CGCGCTTTCAGATGCCTAAG,0,582732
araCp,0.3333333333333333,2,2,CGCGAGACCACGGTAAGCCG,0,536900
araCp,0.3333333333333333,2,2,CGCGACACTTATTGATATGG,0,571799
araCp,0.3333333333333333,2,2,CGCCTTCATGTCTGATGCAT,0,542149
araCp,0.3333333333333333,2,2,CGCCTGTTACGCAGGCTCAA,0,557717
araCp,0.3333333333333333,2,2,CGCCTGGCATGGTCGTCTTG,0,529465
araCp,0.3333333333333333,2,2,CGCCGTGCCATCTGTTCGCT,0,599016
araCp,0.3333333333333333,2,2,CGCCGTAAGTGTTTGTTAGA,0,529342
araCp,0.3333333333333333,2,2,CGCCGGCACCTTTGAACCTA,0,563206
araCp,0.3333333333333333,2,2,CGCCCGAGTTCTTCGCACGA,0,538697
araCp,0.3333333333333333,2,2,CGCCCCTTCTCCTTGAGCGA,0,560284
araCp,0.3333333333333333,2,2,CGCATTGCACAGCCATTGCA,0,580059
araCp,0.3333333333333333,2,2,CGCATGAGTTGGCATTATGT,0,560331
araCp,0.3333333333333333,2,2,CGCATCTTGTTGTACTAACG,0,565333
araCp,0.3333333333333333,2,2,CGCATACTTGCGGAGCCGCC,0,553040
araCp,0.3333333333333333,2,2,CGCATAAGCGCTCCTAGGTC,0,596824
araCp,0.3333333333333333,2,2,CGCAGGTCTGGCGCAGTTAG,0,555101
araCp,0.3333333333333333,2,2,CGCAGCATATCATGCTCTGT,0,559529
araCp,0.3333333333333333,2,2,CGCAAGGCAAGGGTTAAAAA,0,568368
araCp,0.3333333333333333,2,2,CGCAACGATTATACATGATT,0,544076
araCp,0.3333333333333333,2,2,CGATTTATCCGATACGCATC,0,571632
araCp,0.3333333333333333,2,2,CGATTTAGGGACTCAGTTGG,0,555891
araCp,0.3333333333333333,2,2,CGATGAAGGTATCCACGTAA,0,551420
araCp,0.3333333333333333,2,2,CGATCTACTGAATCTTTTCC,0,572168
araCp,0.3333333333333333,2,2,CGATCGAGAGGGAACATGGC,0,595284
araCp,0.3333333333333333,2,2,CGATATCATGTTGGATCGCG,0,542540
araCp,0.3333333333333333,2,2,CGATAGACAAATAGTCAGTG,0,533616
araCp,0.3333333333333333,2,2,CGATACTGTTTAGTCCACTT,0,556991
araCp,0.3333333333333333,2,2,CGAGTTCGACTCAAACGGGT,0,531029
araCp,0.3333333333333333,2,2,CGAGTTAGTAGGCCAGAATA,0,572468
araCp,0.3333333333333333,2,2,CGAGTCCAGGGCTACCCCAA,0,571601
araCp,0.3333333333333333,2,2,CGAGCTCGTCGGTCTCCTCG,0,544400
araCp,0.3333333333333333,2,2,CGAGCGGCCTCAGGGCGAAG,0,581218
araCp,0.3333333333333333,2,2,CGAGCGGAGGGCGCTCTTCC,0,575645
araCp,0.3333333333333333,2,2,CGAGCCGACCTACACGTTTT,0,582004
araCp,0.3333333333333333,2,2,CGAGCCATGGCTCCTCTCTA,0,544695
araCp,0.3333333333333333,2,2,CGAGCATTGAACGATAATGA,0,537613
araCp,0.3333333333333333,2,2,CGAGATTTCTTTCCACTGGC,0,533871
araCp,0.3333333333333333,2,2,CGACTGTCCAACAGATGTAT,0,567468
araCp,0.3333333333333333,2,2,CGACTATAAATCTACTGTGA,0,592107
araCp,0.3333333333333333,2,2,CGACTACAGGTTGCGTAGTG,0,550268
araCp,0.3333333333333333,2,2,CGACTAACCCTCTGATTAGG,0,581505
araCp,0.3333333333333333,2,2,CGACGGCGCTACAGACACGT,0,601633
araCp,0.3333333333333333,2,2,CGACCGTCATATGGGCGTTG,0,556417
araCp,0.3333333333333333,2,2,CGACCGCGATAGCCATGAGT,0,544228
araCp,0.3333333333333333,2,2,CGACCCTTTTGGTCCCTTAT,0,568871
araCp,0.3333333333333333,2,2,CGACCCGCAGTGACTGTGGT,0,578352
araCp,0.3333333333333333,2,2,CGACCCGACCAATTCAGGTG,0,568587
araCp,0.3333333333333333,2,2,CGACCCAAAAGACCCGGGGG,0,582669
araCp,0.3333333333333333,2,2,CGAATTGCACCCCATCACAA,0,530086
araCp,0.3333333333333333,2,2,CGAATCCACGACCCATCTAC,0,533409
araCp,0.3333333333333333,2,2,CGAATCAGGGCGGCCGCGTG,0,554558
araCp,0.3333333333333333,2,2,CGAATAATTCTCGGGCGACA,0,574688
araCp,0.3333333333333333,2,2,CGAAGTTTTTTCGAGTTAGC,0,580152
araCp,0.3333333333333333,2,2,CGAAGGTCACGAGCCGCAGT,0,535803
araCp,0.3333333333333333,2,2,CGAAGGGCTTAGTTCGTATT,0,582122
araCp,0.3333333333333333,2,2,CGAACTCTCGCTTCGGGATG,0,570314
araCp,0.3333333333333333,2,2,CGAACGTATCGGGATGTGCT,0,547981
araCp,0.3333333333333333,2,2,CGAACGGTTTCTGGCGTGTT,0,540401
araCp,0.3333333333333333,2,2,CGAACCGAAACAGACATGTT,0,552908
araCp,0.3333333333333333,2,2,CGAAAGGGGGATGATTGACA,0,540077
araCp,0.3333333333333333,2,2,CGAAACACCGTCTTTCTCCA,0,544477
araCp,0.3333333333333333,2,2,CCTTTGCGGGTCGAATCGAG,0,555251
araCp,0.3333333333333333,2,2,CCTTTCGGTCATGCGAGTGG,0,602471
araCp,0.3333333333333333,2,2,CCTTTCACGCACAGGCATTT,0,563764
araCp,0.3333333333333333,2,2,CCTTTAACGGCTACGCGCCC,0,593099
araCp,0.3333333333333333,2,2,CCTTGGTCCACCACGTCACA,0,594765
araCp,0.3333333333333333,2,2,CCTTGCTGAGTTAAGGGGTT,0,548819
araCp,0.3333333333333333,2,2,CCTTGATCTCTGATGACTGA,0,555198
araCp,0.3333333333333333,2,2,CCTTCGCGTATTAACGCGCT,0,565818
araCp,0.3333333333333333,2,2,CCTTCCGCAGTGGGATGCCT,0,549982
araCp,0.3333333333333333,2,2,CCTTAGATGAGACGCACGTA,0,592903
araCp,0.3333333333333333,2,2,CCTTAATGGAGCATTTACAA,0,532125
araCp,0.3333333333333333,2,2,CCTTAAAAGTTCCGCTATCA,0,549655
araCp,0.3333333333333333,2,2,CCTGTTGGGATCACACATCG,0,526010
araCp,0.3333333333333333,2,2,CCTGTTCTTAGCATCCGGGG,0,552051
araCp,0.3333333333333333,2,2,CCTGTTCATCGCTGAGATGA,0,567793
araCp,0.3333333333333333,2,2,CCTGTCGTCCTGATACCGAT,0,596276
araCp,0.3333333333333333,2,2,CCTGTCACGGTGAACCGCTC,0,549201
araCp,0.3333333333333333,2,2,CCTGTACAACATTTGATGCG,0,585507
araCp,0.3333333333333333,2,2,CCTGGTCGGGAAACAGACTT,0,558706
araCp,0.3333333333333333,2,2,CCTGGAACCTGAACAAATAT,0,580535
araCp,0.3333333333333333,2,2,CCTGCGTAGAGCTCTAATGA,0,534202
araCp,0.3333333333333333,2,2,CCTGCATACGAGCCGGGCAT,0,567241
araCp,0.3333333333333333,2,2,CCTGCAGCGCTCGAGTTACT,0,557471
araCp,0.3333333333333333,2,2,CCTGATCCCGGTCACGTCAG,0,593742
araCp,0.3333333333333333,2,2,CCTCTTTGAGTATTGAAGAA,0,577838
araCp,0.3333333333333333,2,2,CCTCTGTCCGGTGTGCAGAC,0,587121
araCp,0.3333333333333333,2,2,CCTCTGGTCCTCACTTATCA,0,536694
araCp,0.3333333333333333,2,2,CCTCTGACACACAGTTCGCT,0,586376
araCp,0.3333333333333333,2,2,CCTCTCGGTGCGTTCTCACC,0,531089
araCp,0.3333333333333333,2,2,CCTCGTGTACACCACGAATT,0,585072
araCp,0.3333333333333333,2,2,CCTCGCTGGCATGGACAGCA,0,594529
araCp,0.3333333333333333,2,2,CCTCCCTACGTGAGGGCCGC,0,564196
araCp,0.3333333333333333,2,2,CCTCAGCTTTGTTGGTTTCG,0,546584
araCp,0.3333333333333333,2,2,CCTCACTCCTTGAGTAACGG,0,583118
araCp,0.3333333333333333,2,2,CCTATGGGGAATAAACATGC,0,534976
araCp,0.3333333333333333,2,2,CCTATGCGATTCGATCGCTC,0,582228
araCp,0.3333333333333333,2,2,CCTATGCCCAGTAGAGGCAG,0,571843
araCp,0.3333333333333333,2,2,CCTATACTTCATTTCCTAAT,0,560136
araCp,0.3333333333333333,2,2,CCTAGGTCACGTTAACTCAA,0,573454
araCp,0.3333333333333333,2,2,CCTAGAGAGCGAGCTACCCA,0,556012
araCp,0.3333333333333333,2,2,CCTACTAAAGGTATAGCGAG,0,575287
araCp,0.3333333333333333,2,2,CCTACGTTGATTATTGATCG,0,526289
araCp,0.3333333333333333,2,2,CCTACGCCGGTGACTATAGA,0,558212
araCp,0.3333333333333333,2,2,CCTACGACAACCCGCCAACG,0,581163
araCp,0.3333333333333333,2,2,CCTAAGTGAATGGGAAGTAA,0,570605
araCp,0.3333333333333333,2,2,CCGTTTTGTTTGGGTCGCCC,0,592761
araCp,0.3333333333333333,2,2,CCGTTGCTGCTAACAGAGGG,0,580651
araCp,0.3333333333333333,2,2,CCGTTCAAAATGGGGGACCA,0,593238
araCp,0.3333333333333333,2,2,CCGTTAGAACATTTATATCG,0,545488
araCp,0.3333333333333333,2,2,CCGTGACCATAACCGGGGAA,0,588916
araCp,0.3333333333333333,2,2,CCGTCGCTAACTAAGCATTC,0,566684
araCp,0.3333333333333333,2,2,CCGTACATCTGAGAACATGA,0,566746
araCp,0.3333333333333333,2,2,CCGGTGTGTCTCAGGCAGGG,0,561180
araCp,0.3333333333333333,2,2,CCGGTGCAATGAACATGAAT,0,553992
araCp,0.3333333333333333,2,2,CCGGTCAATGAGGGTGGGCT,0,602693
araCp,0.3333333333333333,2,2,CCGGTATACGAGTTTAGAGT,0,577177
araCp,0.3333333333333333,2,2,CCGGGTGGCCCCGTCGTGGC,0,531915
araCp,0.3333333333333333,2,2,CCGGGTACGATAGCTACATT,0,595175
araCp,0.3333333333333333,2,2,CCGGGGTTCTTCCGATTTGC,0,579360
araCp,0.3333333333333333,2,2,CCGGGGCACTGTGAGATACC,0,532541
araCp,0.3333333333333333,2,2,CCGGCCCGCCCCGAATCCTA,0,543802
araCp,0.3333333333333333,2,2,CCGGATAGAGTAGGAAGACA,0,526926
araCp,0.3333333333333333,2,2,CCGGAGAGATGTTACGGACA,0,535860
araCp,0.3333333333333333,2,2,CCGGACGGTGAGACGTGGGA,0,532127
araCp,0.3333333333333333,2,2,CCGGAATGCGTGCCCTCGGC,0,552461
araCp,0.3333333333333333,2,2,CCGCTGGTCCACATATCTAC,0,578104
araCp,0.3333333333333333,2,2,CCGCTCGTCCTAACTCACAA,0,542111
araCp,0.3333333333333333,2,2,CCGCTAACGACTGCCGTACA,0,595341
araCp,0.3333333333333333,2,2,CCGCGGACCACTTTCGAGTA,0,593217
araCp,0.3333333333333333,2,2,CCGCGATCGGACTGGTCTGT,0,542945
araCp,0.3333333333333333,2,2,CCGCGAATGCAAGGACTGGA,0,603203
araCp,0.3333333333333333,2,2,CCGCCTTAACGAGCCCGCCC,0,589256
araCp,0.3333333333333333,2,2,CCGCCCGTCGGGATTTGTAA,0,541662
araCp,0.3333333333333333,2,2,CCGCCATCTAGGTGCAATGA,0,584445
araCp,0.3333333333333333,2,2,CCGCCACATTGTTGCGGGAG,0,600081
araCp,0.3333333333333333,2,2,CCGCATCTCCTATGGGGGTA,0,600743
araCp,0.3333333333333333,2,2,CCGATCGTCCAGAGATCTAA,0,551257
araCp,0.3333333333333333,2,2,CCGATCCATAGAAAGTCCGT,0,571362
araCp,0.3333333333333333,2,2,CCGAGTTGAGAGTACGGGCA,0,546572
araCp,0.3333333333333333,2,2,CCGAGGGGCCCCACACTTGT,0,527160
araCp,0.3333333333333333,2,2,CCGACTTGGTCAAGTACGCA,0,562130
araCp,0.3333333333333333,2,2,CCGACGCGCAAGTCTTTGGT,0,557481
araCp,0.3333333333333333,2,2,CCGACCCATCTTTGGCAAAT,0,552250
araCp,0.3333333333333333,2,2,CCGACATGATGTGACTAACA,0,592659
araCp,0.3333333333333333,2,2,CCGAATGATCATGTTTGGTG,0,598952
araCp,0.3333333333333333,2,2,CCCTTTGCGCTCGGCTCCGT,0,552667
araCp,0.3333333333333333,2,2,CCCTTTAAATGGTGTCGCAA,0,578510
araCp,0.3333333333333333,2,2,CCCTTATCCCACCACTTATA,0,576211
araCp,0.3333333333333333,2,2,CCCTGGTAAAGGGCGACTCA,0,603342
araCp,0.3333333333333333,2,2,CCCTCGGAAACTTCCTTGGT,0,557394
araCp,0.3333333333333333,2,2,CCCTCCATCTTCGCGTCAGA,0,571351
araCp,0.3333333333333333,2,2,CCCTATATATCAGTATTGGA,0,597175
araCp,0.3333333333333333,2,2,CCCTAGGTGCAGCAGGCATC,0,600063
araCp,0.3333333333333333,2,2,CCCTAGAGACCGATCGGAAC,0,598391
araCp,0.3333333333333333,2,2,CCCGTTAGATGCCTTGACGT,0,528085
araCp,0.3333333333333333,2,2,CCCGTACGGTATTCCAACCT,0,533973
araCp,0.3333333333333333,2,2,CCCGTAAGACCTCCGTCTAT,0,557349
araCp,0.3333333333333333,2,2,CCCGGTTGCACGACAACTCC,0,531174
araCp,0.3333333333333333,2,2,CCCGCTTAGCTGAGTTCAGG,0,534311
araCp,0.3333333333333333,2,2,CCCGACGTAGCCACCTCGGC,0,560788
araCp,0.3333333333333333,2,2,CCCCTTTGAACACCACGTCC,0,596705
araCp,0.3333333333333333,2,2,CCCCTTGCGAGAGCGCGTGT,0,550457
araCp,0.3333333333333333,2,2,CCCCTTAAGCAGGCTCATTG,0,552401
araCp,0.3333333333333333,2,2,CCCCTATCCGATTCCCGCTC,0,529387
araCp,0.3333333333333333,2,2,CCCCGTTCGACTGAACAAGA,0,583874
araCp,0.3333333333333333,2,2,CCCCGGACGTTAGATAGATC,0,533492
araCp,0.3333333333333333,2,2,CCCCGCTTCGGGATCATAGC,0,532877
araCp,0.3333333333333333,2,2,CCCCGCCGCAACAAATCTTC,0,525535
araCp,0.3333333333333333,2,2,CCCCGACTCGAAACACCTGC,0,535514
araCp,0.3333333333333333,2,2,CCCCAGGATTCAAGCTATAA,0,551477
araCp,0.3333333333333333,2,2,CCCCAGGAAGAGTACCTTGG,0,546333
araCp,0.3333333333333333,2,2,CCCCAAGCGTTTGTCTCGAG,0,575802
araCp,0.3333333333333333,2,2,CCCATTGGGAGGAAGGAGCA,0,536560
araCp,0.3333333333333333,2,2,CCCATGATGACAAGGAAATC,0,596191
araCp,0.3333333333333333,2,2,CCCATCCTATAAGCGGCGCA,0,603545
araCp,0.3333333333333333,2,2,CCCACGTCTTCCTGTAGTTA,0,537733
araCp,0.3333333333333333,2,2,CCCACCCAAACAAGTGAGGC,0,538617
araCp,0.3333333333333333,2,2,CCCACCACGTACACTTGCAA,0,573380
araCp,0.3333333333333333,2,2,CCCAAGGCACGCTTGGAGAA,0,537412
araCp,0.3333333333333333,2,2,CCCAACCAGAGGACCCAGAT,0,548456
araCp,0.3333333333333333,2,2,CCATTGACGTCTAATACTAC,0,578346
araCp,0.3333333333333333,2,2,CCATTCTCGAGTCACCGTGG,0,583284
araCp,0.3333333333333333,2,2,CCATTCAATCGTCCGCGGGA,0,534400
araCp,0.3333333333333333,2,2,CCATTACGCCACAGTTCCAC,0,554636
araCp,0.3333333333333333,2,2,CCATTACACGCCCTAGCTTC,0,555923
araCp,0.3333333333333333,2,2,CCATGCCACGACAATATCCT,0,590768
araCp,0.3333333333333333,2,2,CCATCCTTCATCCCCAGTTG,0,565906
araCp,0.3333333333333333,2,2,CCATCCGCTCAACAACGTTC,0,539261
araCp,0.3333333333333333,2,2,CCATAGAGGACGGTACGAAC,0,557711
araCp,0.3333333333333333,2,2,CCATAAGCGAATTGGGCCAA,0,590448
araCp,0.3333333333333333,2,2,CCAGTTTTATAGAAGCTCAA,0,583986
araCp,0.3333333333333333,2,2,CCAGTGGTAGCCGTGAGTTT,0,552468
araCp,0.3333333333333333,2,2,CCAGTACTCCTGCCGGGACC,0,537671
araCp,0.3333333333333333,2,2,CCAGGGTCTAGAACTTTCAC,0,550423
araCp,0.3333333333333333,2,2,CCAGGGACAGTGTTCTGAAC,0,578139
araCp,0.3333333333333333,2,2,CCAGGATCCCAGATAACGCA,0,556518
araCp,0.3333333333333333,2,2,CCAGCTATTGGGAACAAACT,0,556859
araCp,0.3333333333333333,2,2,CCAGATCTGTGCTTGACGGG,0,572927
araCp,0.3333333333333333,2,2,CCAGACGTGGAATACGCTAT,0,594323
araCp,0.3333333333333333,2,2,CCAGACGCTCAGTTAGGCGT,0,530918
araCp,0.3333333333333333,2,2,CCAGAACTCGCTGTTATCTA,0,598173
araCp,0.3333333333333333,2,2,CCACTTGCTGCCAGGTCGGA,0,583615
araCp,0.3333333333333333,2,2,CCACTGGACTAATGGAACGT,0,590495
araCp,0.3333333333333333,2,2,CCACGCCAACTGAGACATAC,0,578437
araCp,0.3333333333333333,2,2,CCACGCAACGTGCTCGTCGG,0,588501
araCp,0.3333333333333333,2,2,CCACCTCGGTGGTTGGGGCG,0,589437
araCp,0.3333333333333333,2,2,CCACCGACGTTCTCCGGGTC,0,553515
araCp,0.3333333333333333,2,2,CCACCCTGCGACGGGGCTCG,0,593422
araCp,0.3333333333333333,2,2,CCACCAATTAGTACCCCACG,0,532828
araCp,0.3333333333333333,2,2,CCACATCGTGGCAATCTTGC,0,554715
araCp,0.3333333333333333,2,2,CCACACAACTATAAGTATCT,0,576475
araCp,0.3333333333333333,2,2,CCAATGGGCTCGAATAAACC,0,582285
araCp,0.3333333333333333,2,2,CCAATCCGAAGTCGAAAACA,0,560313
araCp,0.3333333333333333,2,2,CCAATCATGGTCCTCTCATA,0,559990
araCp,0.3333333333333333,2,2,CCAAGTTGCACTTTCATCTA,0,592696
araCp,0.3333333333333333,2,2,CCAAGCATCCCCTGAATATT,0,575880
araCp,0.3333333333333333,2,2,CCAAGACACCGAGATAGGGT,0,599665
araCp,0.3333333333333333,2,2,CCAACTGTTGTGACCCTCAT,0,552321
araCp,0.3333333333333333,2,2,CCAACTGCCCCCGACAAGTT,0,557725
araCp,0.3333333333333333,2,2,CCAACCGGACGTTCCACGAA,0,576687
araCp,0.3333333333333333,2,2,CCAACCCAGTTATTAAATAC,0,559915
araCp,0.3333333333333333,2,2,CCAAACCAGGTTCCACCTAC,0,527064
araCp,0.3333333333333333,2,2,CCAAACAGAAAACCGGATGG,0,592658
araCp,0.3333333333333333,2,2,CATTGTATTGCGGGTCAAAC,0,530308
araCp,0.3333333333333333,2,2,CATTGGGGCAGTCATAGGCT,0,539120
araCp,0.3333333333333333,2,2,CATTGACTCGGTACTAGCGA,0,595342
araCp,0.3333333333333333,2,2,CATTACTTCGGGGCATTATC,0,548532
araCp,0.3333333333333333,2,2,CATTAAAGTGGCGGTGGATA,0,541664
araCp,0.3333333333333333,2,2,CATGTTGGCCACCCCGCTAA,0,529299
araCp,0.3333333333333333,2,2,CATGTTCTGGCTAAGCACGA,0,579214
araCp,0.3333333333333333,2,2,CATGTGGGGACTATTGTATT,0,581737
araCp,0.3333333333333333,2,2,CATGTACGTACCAAATGGCA,0,586450
araCp,0.3333333333333333,2,2,CATGTAAGATCAAGCCTTTT,0,528688
araCp,0.3333333333333333,2,2,CATGCGTCGCGCTTCGGCTG,0,584508
araCp,0.3333333333333333,2,2,CATGCAAGTCGGGAGGATCA,0,554489
araCp,0.3333333333333333,2,2,CATGATGACCTGGCTTCGCT,0,587621
araCp,0.3333333333333333,2,2,CATGATATACGAAATTATGG,0,543158
araCp,0.3333333333333333,2,2,CATCTCCTGTAGGGCTGTAG,0,536379
araCp,0.3333333333333333,2,2,CATCTCATGCGTATGTTCGC,0,554413
araCp,0.3333333333333333,2,2,CATCGGGGGAGGTTACATGC,0,595227
araCp,0.3333333333333333,2,2,CATCGCAACGCGCGGAACCA,0,527065
araCp,0.3333333333333333,2,2,CATCCTTTCGGCGTGGACCT,0,561987
araCp,0.3333333333333333,2,2,CATCACCCGCCACCGAGCGA,0,538399
araCp,0.3333333333333333,2,2,CATCAACGATGAGGTTTACC,0,528713
araCp,0.3333333333333333,2,2,CATCAACACCACCAGCGCGA,0,565188
araCp,0.3333333333333333,2,2,CATATTATAAAAGATAAAGT,0,530547
araCp,0.3333333333333333,2,2,CATATGTGAGTCCCGGCATC,0,588808
araCp,0.3333333333333333,2,2,CATATGTCAGCGGGCGGCAT,0,570452
araCp,0.3333333333333333,2,2,CATATGGAGCTACGTAATAA,0,586727
araCp,0.3333333333333333,2,2,CATATGAGAACCGTCCCCAC,0,586093
araCp,0.3333333333333333,2,2,CATATCGATTCCAAAATACA,0,542405
araCp,0.3333333333333333,2,2,CATATCACGAACAACCGACG,0,543972
araCp,0.3333333333333333,2,2,CATAGTGACTATTAGATGCG,0,570194
araCp,0.3333333333333333,2,2,CATAGGAGCTGCTATAAGCA,0,577169
araCp,0.3333333333333333,2,2,CATAGATAACTCACAAGATG,0,560603
araCp,0.3333333333333333,2,2,CATACTTGATATCTACCGAA,0,527400
araCp,0.3333333333333333,2,2,CATACCGGTATCACACAAAG,0,537268
araCp,0.3333333333333333,2,2,CATACCGGGGCTTTCATAGA,0,552557
araCp,0.3333333333333333,2,2,CATAAGATATAAATCGTAAC,0,567788
araCp,0.3333333333333333,2,2,CATAACTAGGCGACCACGCC,0,559061
araCp,0.3333333333333333,2,2,CAGTTTCGTGCTGCGATGCA,0,583023
araCp,0.3333333333333333,2,2,CAGTGCCCCCCTACGAGAAT,0,540717
araCp,0.3333333333333333,2,2,CAGTCAGGAGAAAAAACATT,0,582223
araCp,0.3333333333333333,2,2,CAGTAACTTATTCGTATTTG,0,546547
araCp,0.3333333333333333,2,2,CAGGTTACGGATATTTGACT,0,555336
araCp,0.3333333333333333,2,2,CAGGTGTACAGGTAATACCC,0,526320
araCp,0.3333333333333333,2,2,CAGGTGCCTCAGGCTGTCAC,0,573641
araCp,0.3333333333333333,2,2,CAGGTCCCAGTCGAGGCTTG,0,584409
araCp,0.3333333333333333,2,2,CAGGTAATATACTTAAGACG,0,554306
araCp,0.3333333333333333,2,2,CAGGGTTCCTCTAGCAAAGT,0,565568
araCp,0.3333333333333333,2,2,CAGGCGCCATTAAATGGCTG,0,572556
araCp,0.3333333333333333,2,2,CAGGCAGATTCTGACCCCAC,0,546961
araCp,0.3333333333333333,2,2,CAGGAGTAGCACATACCAGT,0,527078
araCp,0.3333333333333333,2,2,CAGGAAAGGGGAATACGGTC,0,539690
araCp,0.3333333333333333,2,2,CAGCTATCCTCGCATAAGCA,0,564342
araCp,0.3333333333333333,2,2,CAGCGGGTTCTATTACGGTT,0,542244
araCp,0.3333333333333333,2,2,CAGCGGCAACCACAAGCTGC,0,552042
araCp,0.3333333333333333,2,2,CAGCATTCGACAGTAAACAA,0,530695
araCp,0.3333333333333333,2,2,CAGCACTGGCCGCCTATAGC,0,541936
araCp,0.3333333333333333,2,2,CAGCACAGCCATTAGTGACG,0,553908
araCp,0.3333333333333333,2,2,CAGCAATAGTTTGAACCTAC,0,587036
araCp,0.3333333333333333,2,2,CAGATGCGTGGATGTTACGG,0,539550
araCp,0.3333333333333333,2,2,CAGATCGTTGGAGAAAAGTG,0,540696
araCp,0.3333333333333333,2,2,CAGAGTCAACGCAGGCATCG,0,532456
araCp,0.3333333333333333,2,2,CAGAGTATAAGGTAGCAAGC,0,538137
araCp,0.3333333333333333,2,2,CAGAGCTATCTTCTACTCGT,0,525972
araCp,0.3333333333333333,2,2,CAGACGATTACCGCAACTGA,0,544338
araCp,0.3333333333333333,2,2,CAGACATAACGAGTCAAAAA,0,579218
araCp,0.3333333333333333,2,2,CAGAAGGATTTGACCTACTA,0,592159
araCp,0.3333333333333333,2,2,CAGAAGGAAATTAATTCATG,0,546821
araCp,0.3333333333333333,2,2,CAGAACCGACGCTTGCTGCT,0,585541
araCp,0.3333333333333333,2,2,CAGAAAAGGCTTCGATGATG,0,529383
araCp,0.3333333333333333,2,2,CACTTGAGGCGACCAGTACT,0,531771
araCp,0.3333333333333333,2,2,CACTTGAAGGGGCCTGTAGT,0,562017
araCp,0.3333333333333333,2,2,CACTGGCGTTCTGCCAAGTC,0,587967
araCp,0.3333333333333333,2,2,CACTGCGCGTCATGGTACGA,0,525766
araCp,0.3333333333333333,2,2,CACTGATATCAGGGTAAGTA,0,576810
araCp,0.3333333333333333,2,2,CACTCCCAAAAGACTGGGTT,0,577160
araCp,0.3333333333333333,2,2,CACTCCATTACCAATTATTT,0,595916
araCp,0.3333333333333333,2,2,CACTACGGAAGTAGAATTAA,0,594652
araCp,0.3333333333333333,2,2,CACGTGTGCGCCAAGGCATG,0,582196
araCp,0.3333333333333333,2,2,CACGTCGGAAATTGTCCCTT,0,602242
araCp,0.3333333333333333,2,2,CACGTCAAATCTTGATAGAA,0,533749
araCp,0.3333333333333333,2,2,CACGTAAATGAAACAACTGT,0,600556
araCp,0.3333333333333333,2,2,CACGGTTGGGATATGACCAA,0,592423
araCp,0.3333333333333333,2,2,CACGCGTGCATATGGTATTT,0,540541
araCp,0.3333333333333333,2,2,CACGCCTTTCTTAGGAAACC,0,602818
araCp,0.3333333333333333,2,2,CACGAAGAACAATCTCTCGT,0,539069
araCp,0.3333333333333333,2,2,CACCGTCGAACTCAAGGAAC,0,556237
araCp,0.3333333333333333,2,2,CACCGCGGAGTAATCTCGCA,0,600603
araCp,0.3333333333333333,2,2,CACCGCCTATTACCATCTCT,0,528249
araCp,0.3333333333333333,2,2,CACCGCACCATGACCAATCC,0,574231
araCp,0.3333333333333333,2,2,CACCGAACCGGGGCTCAGTT,0,557236
araCp,0.3333333333333333,2,2,CACCAGTGTCACTAAATAAA,0,578417
araCp,0.3333333333333333,2,2,CACCAGGGTGTGAAGTGGAG,0,559612
araCp,0.3333333333333333,2,2,CACCAGCAGTGCCGCTTAAC,0,558595
araCp,0.3333333333333333,2,2,CACATGGAAAGTTCGGGAGC,0,529091
araCp,0.3333333333333333,2,2,CACATCGCTAATCCTCGCCA,0,603123
araCp,0.3333333333333333,2,2,CACATATTTGTTCATAGAGG,0,539310
araCp,0.3333333333333333,2,2,CACAGTCAGGGCGTACCCAA,0,562781
araCp,0.3333333333333333,2,2,CACAGTATTTTTTGTCCCAT,0,526801
araCp,0.3333333333333333,2,2,CACAGCAAAAAGCTCGGCAA,0,536951
araCp,0.3333333333333333,2,2,CACACGCTCAATAGCGGCTG,0,579086
araCp,0.3333333333333333,2,2,CACACGCGGGTAGTGGAGAA,0,596527
araCp,0.3333333333333333,2,2,CACACAGAGCCAATAAATCA,0,539445
araCp,0.3333333333333333,2,2,CACAAGCCTGAGTACTCAAC,0,575855
araCp,0.3333333333333333,2,2,CAATTTGTGGGGTGTAACAC,0,568053
araCp,0.3333333333333333,2,2,CAATGCCAATGTTACAGCGA,0,562521
araCp,0.3333333333333333,2,2,CAATCTTGGGACTATTTCAA,0,595073
araCp,0.3333333333333333,2,2,CAATCGGGAAAAGAGCGTGA,0,557875
araCp,0.3333333333333333,2,2,CAATATTACCAATAGTCAGA,0,539468
araCp,0.3333333333333333,2,2,CAATACGCGCCTCAGGCCCA,0,530620
araCp,0.3333333333333333,2,2,CAATAATCTACCAATAGCGC,0,585789
araCp,0.3333333333333333,2,2,CAATAAACTCCTTACATCAT,0,548085
araCp,0.3333333333333333,2,2,CAAGTTACTGACGGCACCAG,0,544975
araCp,0.3333333333333333,2,2,CAAGTGGCGATTTAAACTTT,0,594620
araCp,0.3333333333333333,2,2,CAAGTCGATAGGATTTACTC,0,528719
araCp,0.3333333333333333,2,2,CAAGTAGGTCTCAGAACCGA,0,579807
araCp,0.3333333333333333,2,2,CAAGGATTGAACGAATCTGA,0,531133
araCp,0.3333333333333333,2,2,CAAGCGACGAGCCGGACAAA,0,548665
araCp,0.3333333333333333,2,2,CAAGAGCCTGTGCCTACGAG,0,547598
araCp,0.3333333333333333,2,2,CAAGACTTCGGTTCAAATTG,0,590155
araCp,0.3333333333333333,2,2,CAAGAAGCGGGACCGCGAGT,0,568562
araCp,0.3333333333333333,2,2,CAACTTTTGTAGGTAGATTC,0,568824
araCp,0.3333333333333333,2,2,CAACTTATATTACAACCCTA,0,573877
araCp,0.3333333333333333,2,2,CAACTGGTTGAGCAGTATTA,0,539245
araCp,0.3333333333333333,2,2,CAACTGCCGTGCCCGGGTTG,0,590864
araCp,0.3333333333333333,2,2,CAACTGCAGCCAGTGTTTCG,0,601572
araCp,0.3333333333333333,2,2,CAACTCGGCCAGTATAAATG,0,542213
araCp,0.3333333333333333,2,2,CAACTCCGCTGTTCCCGGGG,0,584575
araCp,0.3333333333333333,2,2,CAACTCCGCACTCAAGTGCA,0,589438
araCp,0.3333333333333333,2,2,CAACTCAGCGCCTGTCGTAC,0,531032
araCp,0.3333333333333333,2,2,CAACGGTGAGATCTTCTACG,0,576532
araCp,0.3333333333333333,2,2,CAACCGCCCCATCATTCGCT,0,555209
araCp,0.3333333333333333,2,2,CAACCCGGTGCATTGTGAGA,0,549720
araCp,0.3333333333333333,2,2,CAACCAAATCTTATGGCGTC,0,530064
araCp,0.3333333333333333,2,2,CAACATGTGACGACGGTATA,0,551934
araCp,0.3333333333333333,2,2,CAACATAGGTCTAGGAGAGC,0,593036
araCp,0.3333333333333333,2,2,CAACAGGCTGGATATGGAGT,0,535239
araCp,0.3333333333333333,2,2,CAACAATGGAGAAGCTACGA,0,599108
araCp,0.3333333333333333,2,2,CAAATTTCATTTCCTATCCA,0,562089
araCp,0.3333333333333333,2,2,CAAATCCCCGAATCGCGGCT,0,556374
araCp,0.3333333333333333,2,2,CAAATACTTCCCGTAGTACG,0,528257
araCp,0.3333333333333333,2,2,CAAAGTTTGTACGATTCTTC,0,538204
araCp,0.3333333333333333,2,2,CAAAGTTGTAATGGAAGCGG,0,580138
araCp,0.3333333333333333,2,2,CAAAGTAGTTCAACAATCGT,0,580578
araCp,0.3333333333333333,2,2,CAAAGATATGCTACCTTCGG,0,547572
araCp,0.3333333333333333,2,2,CAAACGGGAGCGACTGGAAC,0,567292
araCp,0.3333333333333333,2,2,CAAACGGATTATTAGGCCGA,0,542047
araCp,0.3333333333333333,2,2,CAAACGCATTGGCGGAGGGC,0,535949
araCp,0.3333333333333333,2,2,CAAACATCTTCGATTGCCCA,0,589974
araCp,0.3333333333333333,2,2,CAAAAGCTCGATTTGTGATC,0,534012
araCp,0.3333333333333333,2,2,CAAAAGAGGGCATGACATAC,0,588250
araCp,0.3333333333333333,2,2,ATTTGGAAAGCGGGATTGGC,0,534158
araCp,0.3333333333333333,2,2,ATTTCTGTTACGGGCTATGT,0,598034
araCp,0.3333333333333333,2,2,ATTTCGGTATCGTCATAAGA,0,590406
araCp,0.3333333333333333,2,2,ATTTCGACTCGATCGCTTTG,0,538640
araCp,0.3333333333333333,2,2,ATTTCCTACGTACAATGCGC,0,575171
araCp,0.3333333333333333,2,2,ATTTCCGTCAATCAACACAT,0,582436
araCp,0.3333333333333333,2,2,ATTTCCCGAAGTCGCGCTCG,0,558336
araCp,0.3333333333333333,2,2,ATTTATGACCTCGACTTAGT,0,602974
araCp,0.3333333333333333,2,2,ATTTAGGCAAACGCATGGAC,0,546228
araCp,0.3333333333333333,2,2,ATTTACCACTGCGTACCTCA,0,555156
araCp,0.3333333333333333,2,2,ATTGTGCTGTCCCGAATATC,0,534969
araCp,0.3333333333333333,2,2,ATTGTATTTGATGAGTCGGA,0,538361
araCp,0.3333333333333333,2,2,ATTGGGTTGCTGCTGACGTC,0,540359
araCp,0.3333333333333333,2,2,ATTGGGGTTTCCCTCGCGCT,0,573988
araCp,0.3333333333333333,2,2,ATTGGGAGTTATTCGAGCAA,0,571039
araCp,0.3333333333333333,2,2,ATTGCTTCTCTTAAACTGCG,0,585505
araCp,0.3333333333333333,2,2,ATTGCGCATCATCAACCAGT,0,590183
araCp,0.3333333333333333,2,2,ATTGATTAACAGGCCTCTCG,0,602068
araCp,0.3333333333333333,2,2,ATTGATGGTTAAGCCCCGAC,0,543827
araCp,0.3333333333333333,2,2,ATTCTGATCTGCCATATTTA,0,532403
araCp,0.3333333333333333,2,2,ATTCTCCTTCATACCTGGCA,0,526498
araCp,0.3333333333333333,2,2,ATTCTCAAGGATAATGTAAA,0,560809
araCp,0.3333333333333333,2,2,ATTCGTATGATCTGGGCTGT,0,569338
araCp,0.3333333333333333,2,2,ATTCGAGGTAAACTCATACA,0,554250
araCp,0.3333333333333333,2,2,ATTCGAAGCGCTGCTTCAAC,0,584850
araCp,0.3333333333333333,2,2,ATTCCTCGCAAAGGCATCAC,0,559522
araCp,0.3333333333333333,2,2,ATTCCTCACGTTACGCACGA,0,551212
araCp,0.3333333333333333,2,2,ATTCCGACTTCTATGTTCCA,0,583805
araCp,0.3333333333333333,2,2,ATTCCCGAGCGGGGTCGCGG,0,566639
araCp,0.3333333333333333,2,2,ATTCCAGCCAAGATCTCCAA,0,567114
araCp,0.3333333333333333,2,2,ATTCATGACTGGTTGAGTGG,0,575325
araCp,0.3333333333333333,2,2,ATTCACTTCGCCGCCCTCTC,0,531785
araCp,0.3333333333333333,2,2,ATTCACACAATCGTTGACAA,0,527393
araCp,0.3333333333333333,2,2,ATTCAAGTTCCCGAGTATGT,0,553005
araCp,0.3333333333333333,2,2,ATTCAAAGTCTCGACCGCTG,0,598645
araCp,0.3333333333333333,2,2,ATTATCTAAGCACGCCTACG,0,574080
araCp,0.3333333333333333,2,2,ATTATAAATGCCCATCATCA,0,590966
araCp,0.3333333333333333,2,2,ATTAGGTCCGTCAGTTTTAG,0,571830
araCp,0.3333333333333333,2,2,ATTAGCGAGATCAATTGGAT,0,588269
araCp,0.3333333333333333,2,2,ATTACTCTGCACCGTAATCT,0,593187
araCp,0.3333333333333333,2,2,ATTACACACCGTGGACACGT,0,533758
araCp,0.3333333333333333,2,2,ATTACAACGCGCATGCGATC,0,587384
araCp,0.3333333333333333,2,2,ATTAAAGGTAACGTCGCTCT,0,582042
araCp,0.3333333333333333,2,2,ATTAAACACATTTGAGATGC,0,550143
araCp,0.3333333333333333,2,2,ATGTTTATGCTTTCTATGAG,0,569379
araCp,0.3333333333333333,2,2,ATGTTGGGTATCCGTTCACG,0,567250
araCp,0.3333333333333333,2,2,ATGTTCGACATGACGCATTG,0,534613
araCp,0.3333333333333333,2,2,ATGTGTACACCCTAATTGGT,0,551930
araCp,0.3333333333333333,2,2,ATGTGCCTGAAGATTCCATA,0,584499
araCp,0.3333333333333333,2,2,ATGTGAGGTGTTGGTCCCAC,0,529781
araCp,0.3333333333333333,2,2,ATGTGAGCAGGACGCAAGTC,0,588876
araCp,0.3333333333333333,2,2,ATGTGAACATCAGTCTTTAC,0,583409
araCp,0.3333333333333333,2,2,ATGTCATTCACTAACTGCTG,0,577933
araCp,0.3333333333333333,2,2,ATGTAGACTTGTGATTTATG,0,574349
araCp,0.3333333333333333,2,2,ATGTACTCCACATCCCCTCT,0,564535
araCp,0.3333333333333333,2,2,ATGTACCCGGACAGCCCGAC,0,542014
araCp,0.3333333333333333,2,2,ATGGTGTTAAAATTCCAGTG,0,589499
araCp,0.3333333333333333,2,2,ATGGTGAATGTATTTATCCG,0,587725
araCp,0.3333333333333333,2,2,ATGGTCCCTCAGAGAGATCT,0,565523
araCp,0.3333333333333333,2,2,ATGGTACTGGAACATTCCAA,0,530517
araCp,0.3333333333333333,2,2,ATGGGTCTTGCCTCTACGCG,0,561608
araCp,0.3333333333333333,2,2,ATGGGGTAAAGTAGGGCCTT,0,592467
araCp,0.3333333333333333,2,2,ATGGCGTAGCGGTACAAGGC,0,533605
araCp,0.3333333333333333,2,2,ATGGCGGGGTGACTCAATTG,0,580527
araCp,0.3333333333333333,2,2,ATGGATCTATTCAGACAGTT,0,561853
araCp,0.3333333333333333,2,2,ATGGAATTAACGTGGTACAC,0,561784
araCp,0.3333333333333333,2,2,ATGCTCAATTAGACCGCTGT,0,594922
araCp,0.3333333333333333,2,2,ATGCGGGATAACAATGCCGG,0,573839
araCp,0.3333333333333333,2,2,ATGCGGCAAAAATCACAGGT,0,572930
araCp,0.3333333333333333,2,2,ATGCCTCATTGATCTATGTT,0,539866
araCp,0.3333333333333333,2,2,ATGCCCCTGAACTCTATAGC,0,574523
araCp,0.3333333333333333,2,2,ATGCCCAATTTCAAGTCATA,0,588757
araCp,0.3333333333333333,2,2,ATGCCATAGACATGACATAC,0,578348
araCp,0.3333333333333333,2,2,ATGCCAAATTGTCCTCTGAT,0,542278
araCp,0.3333333333333333,2,2,ATGCAGTGCAAGCTCCTTCC,0,533776
araCp,0.3333333333333333,2,2,ATGCACTTGTAGGGTTCTCG,0,547606
araCp,0.3333333333333333,2,2,ATGCACACGCCGGCTCACTT,0,587104
araCp,0.3333333333333333,2,2,ATGCAACCGTCGTCTTAGGC,0,558108
araCp,0.3333333333333333,2,2,ATGATTATTCGTCTCACGAC,0,562745
araCp,0.3333333333333333,2,2,ATGATGGGACGTGACTGGCG,0,547312
araCp,0.3333333333333333,2,2,ATGATGCTTCTTCGCTATCG,0,591823
araCp,0.3333333333333333,2,2,ATGATATGTCCATGGGTCAG,0,597694
araCp,0.3333333333333333,2,2,ATGAGGTCCTTTCATCTCTA,0,570145
araCp,0.3333333333333333,2,2,ATGAGGTAATTGCATAGAAT,0,557418
araCp,0.3333333333333333,2,2,ATGAGCTCGCGGTTATAGGT,0,583281
araCp,0.3333333333333333,2,2,ATGAGATTTAAGAACGCCGT,0,557081
araCp,0.3333333333333333,2,2,ATGACGCGGCTGCACCTTTA,0,530839
araCp,0.3333333333333333,2,2,ATGACCGAAACCCGTATTAG,0,533108
araCp,0.3333333333333333,2,2,ATGACCCGGCACTTTACCAA,0,556264
araCp,0.3333333333333333,2,2,ATGACAGGATGCTTAATGTT,0,603277
araCp,0.3333333333333333,2,2,ATGAATAGTGTAAGGGTGGG,0,601102
araCp,0.3333333333333333,2,2,ATGAAGCGGTTGCGATCGAC,0,539664
araCp,0.3333333333333333,2,2,ATGAAAAGTTACCTAATGTA,0,593128
araCp,0.3333333333333333,2,2,ATGAAAAAGACGTAACCTTT,0,596284
araCp,0.3333333333333333,2,2,ATCTTACACTAAACTCGTGA,0,575792
araCp,0.3333333333333333,2,2,ATCTGGAAAGGTGCATCCGG,0,544857
araCp,0.3333333333333333,2,2,ATCTGCTTCGGTCCCGATCG,0,591963
araCp,0.3333333333333333,2,2,ATCTGAGTGGCTAGATCGTG,0,594934
araCp,0.3333333333333333,2,2,ATCTCCGGGGGACTTCCCAC,0,548668
araCp,0.3333333333333333,2,2,ATCTACTGCTCACGAACACT,0,542731
araCp,0.3333333333333333,2,2,ATCTAACCTCATGGCAGAGT,0,563647
araCp,0.3333333333333333,2,2,ATCGTAATTGGCCAGTCTTG,0,595475
araCp,0.3333333333333333,2,2,ATCGGTTTTAAAGGAGCGTA,0,531920
araCp,0.3333333333333333,2,2,ATCGGGAAACCTTGAAGGCC,0,543986
araCp,0.3333333333333333,2,2,ATCCTTCATCTTAACTTCAC,0,530035
araCp,0.3333333333333333,2,2,ATCCGTTAATCCAGCTGTTC,0,571534
araCp,0.3333333333333333,2,2,ATCCGCGGGGTGGACTAACA,0,595481
araCp,0.3333333333333333,2,2,ATCCGAGACATGAGCCACGG,0,585234
araCp,0.3333333333333333,2,2,ATCCCTTGACTATTATTTCT,0,547888
araCp,0.3333333333333333,2,2,ATCCATGCGGTCATCACTAG,0,587648
araCp,0.3333333333333333,2,2,ATCCAGGGTCCGGACCCGTA,0,543169
araCp,0.3333333333333333,2,2,ATCCAGGAATTGGTTTTCAT,0,564760
araCp,0.3333333333333333,2,2,ATCCACGCGTACAGAAGATC,0,552409
araCp,0.3333333333333333,2,2,ATCCACGATCTTGCCTCAAA,0,599192
araCp,0.3333333333333333,2,2,ATCATTAAATAAGAAACAAC,0,562718
araCp,0.3333333333333333,2,2,ATCATCAAGTTCCCCCTGGA,0,584634
araCp,0.3333333333333333,2,2,ATCATATCTACCAGGGCCAC,0,602741
araCp,0.3333333333333333,2,2,ATCAGTTAGATCAACAAAGC,0,553664
araCp,0.3333333333333333,2,2,ATCAGGTAAGTTACTGCAAT,0,588377
araCp,0.3333333333333333,2,2,ATCAGCTCGGGTGTGATTTA,0,535315
araCp,0.3333333333333333,2,2,ATCACTCGCAGTATCCTGCG,0,578901
araCp,0.3333333333333333,2,2,ATCACTCATGATGTTAGCGT,0,550208
araCp,0.3333333333333333,2,2,ATCAATGGAATTGAGCATGT,0,595508
araCp,0.3333333333333333,2,2,ATCAATCTCTTGTGCACGAC,0,590098
araCp,0.3333333333333333,2,2,ATCAAGGTGGGCCCCCGAGC,0,566600
araCp,0.3333333333333333,2,2,ATCAACGCAGAAGGTTAATG,0,568526
araCp,0.3333333333333333,2,2,ATATTCGCGCTTATACCACT,0,589134
araCp,0.3333333333333333,2,2,ATATTCCTATTCATACTTTT,0,579839
araCp,0.3333333333333333,2,2,ATATGTTCTACCGTCGTTAC,0,557627
araCp,0.3333333333333333,2,2,ATATGTATGAGGGTGGCTTA,0,579194
araCp,0.3333333333333333,2,2,ATATCGTCCCTACTGATAGA,0,534419
araCp,0.3333333333333333,2,2,ATATCACTCGTGTGATATGT,0,543612
araCp,0.3333333333333333,2,2,ATATAATCCAATCTGCTGTT,0,570142
araCp,0.3333333333333333,2,2,ATATAAATTTCCCGATTTGC,0,545919
araCp,0.3333333333333333,2,2,ATAGTTCACGAAAGGTTTTC,0,530365
araCp,0.3333333333333333,2,2,ATAGTGTGCTAAATTATCAA,0,569737
araCp,0.3333333333333333,2,2,ATAGGTCAGCCAAGTCCAAC,0,590578
araCp,0.3333333333333333,2,2,ATAGGCGCTTTAGTGATTTG,0,577224
araCp,0.3333333333333333,2,2,ATAGGACTATGCACTGGATG,0,583719
araCp,0.3333333333333333,2,2,ATAGCGCGCGGTATAGTTAC,0,532597
araCp,0.3333333333333333,2,2,ATAGATCGGGAGTTTATGCA,0,567534
araCp,0.3333333333333333,2,2,ATAGATACTGGCTAACTTTG,0,553327
araCp,0.3333333333333333,2,2,ATAGAGCATCGGCTTGGAAG,0,551077
araCp,0.3333333333333333,2,2,ATAGAACCAATTCAGCGGAG,0,588087
araCp,0.3333333333333333,2,2,ATACTCGCTATCCTGGAGAC,0,557824
araCp,0.3333333333333333,2,2,ATACTCGCCTAATTACCAGT,0,545317
araCp,0.3333333333333333,2,2,ATACGTCGCTACACGACTAG,0,553236
araCp,0.3333333333333333,2,2,ATACGGATTTGGCATGCCAT,0,591093
araCp,0.3333333333333333,2,2,ATACGGACAGCACACCCCTT,0,541984
araCp,0.3333333333333333,2,2,ATACCTATCTTCTCACGCCC,0,598833
araCp,0.3333333333333333,2,2,ATACCGTCGGTTTCGTTTTC,0,527746
araCp,0.3333333333333333,2,2,ATACCAGCCCTAGAGCATGC,0,561154
araCp,0.3333333333333333,2,2,ATAATTCTGTAGCCTCTTCG,0,539902
araCp,0.3333333333333333,2,2,ATAATTATGTGTATCTCATG,0,567846
araCp,0.3333333333333333,2,2,ATAAGGTAATGCGGGAACAA,0,533709
araCp,0.3333333333333333,2,2,ATAAGATGAAGCGTATATGT,0,590377
araCp,0.3333333333333333,2,2,ATAAGAACGGAGCTGGAAAC,0,556144
araCp,0.3333333333333333,2,2,ATAAGAACACTAGACGTGGT,0,571605
araCp,0.3333333333333333,2,2,ATAACTGTCTCTATAAGGCT,0,578168
araCp,0.3333333333333333,2,2,ATAACGGCATGTACCGTTCA,0,558273
araCp,0.3333333333333333,2,2,ATAACAGCACTGTCGTGGTC,0,561795
araCp,0.3333333333333333,2,2,ATAACACTAAGACCGTAACG,0,546063
araCp,0.3333333333333333,2,2,AGTTTTGCTGGTGAGTACAC,0,532659
araCp,0.3333333333333333,2,2,AGTTTTCTATTGGAAAGCAG,0,536323
araCp,0.3333333333333333,2,2,AGTTTACAACCCTCGGAAAA,0,532952
araCp,0.3333333333333333,2,2,AGTTGCAATCAAACATTCCC,0,561921
araCp,0.3333333333333333,2,2,AGTTCGTGTGCTGGTGCTGG,0,601502
araCp,0.3333333333333333,2,2,AGTTCCGTCGGTACACTTGT,0,573332
araCp,0.3333333333333333,2,2,AGTTCCCCTGGAAGGGTGAA,0,536522
araCp,0.3333333333333333,2,2,AGTTCACCTAGGTCAGGTTT,0,528819
araCp,0.3333333333333333,2,2,AGTTACCCCGTTGGTGGTTA,0,536728
araCp,0.3333333333333333,2,2,AGTGTTGACGAAGTGGGGTT,0,527966
araCp,0.3333333333333333,2,2,AGTGTGCCTAAGTTCGGTGG,0,574937
araCp,0.3333333333333333,2,2,AGTGTGACCACGAAAGAGAA,0,578768
araCp,0.3333333333333333,2,2,AGTGTACACGTCCACGATTC,0,526980
araCp,0.3333333333333333,2,2,AGTGGGCTAATCAACGGAAA,0,566105
araCp,0.3333333333333333,2,2,AGTGGACATGCATATCGTCA,0,583256
araCp,0.3333333333333333,2,2,AGTGGAAATCCAACCTCGAT,0,586291
araCp,0.3333333333333333,2,2,AGTGCTCGTGAGGACTATCG,0,572821
araCp,0.3333333333333333,2,2,AGTGCAGGGATCGGCTCCAA,0,603537
araCp,0.3333333333333333,2,2,AGTGATGTGATATGCGGACC,0,553847
araCp,0.3333333333333333,2,2,AGTGAGACTCCGTCGTCGCG,0,529061
araCp,0.3333333333333333,2,2,AGTGACGATTGTCGAAATAA,0,602701
araCp,0.3333333333333333,2,2,AGTGAACACGCATAGTGTCT,0,572772
araCp,0.3333333333333333,2,2,AGTCTTCGAAACGGGCTATT,0,534662
araCp,0.3333333333333333,2,2,AGTCTGTTAGGCTTTAAACA,0,535241
araCp,0.3333333333333333,2,2,AGTCTGCTGGACGGCGTCCG,0,570652
araCp,0.3333333333333333,2,2,AGTCTCCCTTAAACCTGCCT,0,600377
araCp,0.3333333333333333,2,2,AGTCTCAGTACTTTAACCTT,0,570468
araCp,0.3333333333333333,2,2,AGTCCAATTCACCTCGTCCT,0,573856
araCp,0.3333333333333333,2,2,AGTATAGACATAACCCCACA,0,596833
araCp,0.3333333333333333,2,2,AGTAGGTTTTCAGTGCATTT,0,552770
araCp,0.3333333333333333,2,2,AGTAGGTCAAAAAACAGCTG,0,579790
araCp,0.3333333333333333,2,2,AGTACTACAGGGCTAGTAGA,0,582650
araCp,0.3333333333333333,2,2,AGTACAGCTATTTAAACTGA,0,551646
araCp,0.3333333333333333,2,2,AGTAATTGGCCGATGCATCT,0,556742
araCp,0.3333333333333333,2,2,AGTAATTGCGAGAGCCTATA,0,528869
araCp,0.3333333333333333,2,2,AGTAACTACAGAATTTTCGA,0,554350
araCp,0.3333333333333333,2,2,AGGTTGTCTGATCTACCGCA,0,559065
araCp,0.3333333333333333,2,2,AGGTTGGCGCGGCTCCTCTC,0,530413
araCp,0.3333333333333333,2,2,AGGTTGATTTGGTCCTGTCT,0,583370
araCp,0.3333333333333333,2,2,AGGTTCCGTAGTGAAAGAAT,0,544260
araCp,0.3333333333333333,2,2,AGGTTATCGTAAACAACCAA,0,598487
araCp,0.3333333333333333,2,2,AGGTTAACGAAGGGCGTTAT,0,599045
araCp,0.3333333333333333,2,2,AGGTGTGGGTCCCACCGGCC,0,555356
araCp,0.3333333333333333,2,2,AGGTGGGAGGCACATAGGTT,0,586396
araCp,0.3333333333333333,2,2,AGGTGGAGTAAGGAGTCTGG,0,559525
araCp,0.3333333333333333,2,2,AGGTGCGACGACTCTGACAC,0,557833
araCp,0.3333333333333333,2,2,AGGTGATCCAGTACCGATAG,0,595915
araCp,0.3333333333333333,2,2,AGGTCGTACGAGGCGAGGCA,0,543706
araCp,0.3333333333333333,2,2,AGGTCGGCCTTGACTTGGGG,0,598898
araCp,0.3333333333333333,2,2,AGGTCGCTACAGGGCGGCTA,0,586388
araCp,0.3333333333333333,2,2,AGGTCCGAATATGATGGAAA,0,580885
araCp,0.3333333333333333,2,2,AGGTCAAGGCATCATTAAAG,0,593257
araCp,0.3333333333333333,2,2,AGGTATGGACACAAAGTTGT,0,589081
araCp,0.3333333333333333,2,2,AGGTAAGTCTCCGGCGGGTT,0,552910
araCp,0.3333333333333333,2,2,AGGGTTGGTAAAGCGTGGCA,0,581796
araCp,0.3333333333333333,2,2,AGGGTGGCGGATTGTTGCTA,0,568626
araCp,0.3333333333333333,2,2,AGGGTGCGGGGTAGGCGGTG,0,586657
araCp,0.3333333333333333,2,2,AGGGGTTGTTATCTCCTTAT,0,564966
araCp,0.3333333333333333,2,2,AGGGGAAGGAGGAAACCACT,0,559834
araCp,0.3333333333333333,2,2,AGGGCGTCTCGGGCTACCTG,0,555684
araCp,0.3333333333333333,2,2,AGGGCAGATTTTGGGAATAG,0,577121
araCp,0.3333333333333333,2,2,AGGGCAAATGAGCGTTGATT,0,565821
araCp,0.3333333333333333,2,2,AGGGATCATACTATATATGT,0,601075
araCp,0.3333333333333333,2,2,AGGGACCTTATGTATATGAT,0,584439
araCp,0.3333333333333333,2,2,AGGGACCTGCGACATATTTG,0,527447
araCp,0.3333333333333333,2,2,AGGGACAAACAGACTTCTGC,0,559869
araCp,0.3333333333333333,2,2,AGGGAATCATTAACCAAACC,0,542416
araCp,0.3333333333333333,2,2,AGGCGGGCGTAGGCTGTGGT,0,582001
araCp,0.3333333333333333,2,2,AGGCGGCTAAAATACCAGCT,0,569839
araCp,0.3333333333333333,2,2,AGGCGAGTCAAGTCAGTCGT,0,533447
araCp,0.3333333333333333,2,2,AGGCCCTGCCGGCCCGTCGT,0,548612
araCp,0.3333333333333333,2,2,AGGCCCAGGATTAGTAACCC,0,544230
araCp,0.3333333333333333,2,2,AGGCCAATTCCCGTCGTGGT,0,588023
araCp,0.3333333333333333,2,2,AGGCAGTCGGCTGTCTTCAA,0,573530
araCp,0.3333333333333333,2,2,AGGCACGGTAGGCAAGACCC,0,531506
araCp,0.3333333333333333,2,2,AGGATTAGACAGTCGCAATT,0,545899
araCp,0.3333333333333333,2,2,AGGAGGCCATAAATTCACCC,0,573740
araCp,0.3333333333333333,2,2,AGGAGCCGCCGTTTATTCAC,0,563790
araCp,0.3333333333333333,2,2,AGGAGCACGCACTGCGGTCA,0,564837
araCp,0.3333333333333333,2,2,AGGAGAACCTGAATACGCGG,0,572661
araCp,0.3333333333333333,2,2,AGGACGATGGCTAGTTGGTT,0,546188
araCp,0.3333333333333333,2,2,AGGACAGTTAAACTTTTCTT,0,583540
araCp,0.3333333333333333,2,2,AGGACACAGTTGGGGGATCT,0,591504
araCp,0.3333333333333333,2,2,AGGAACTTTAAATCACGTCA,0,598810
araCp,0.3333333333333333,2,2,AGCTGCATTGCCGGTATGTA,0,573712
araCp,0.3333333333333333,2,2,AGCTCGGCGTACTGTGTAGG,0,546956
araCp,0.3333333333333333,2,2,AGCTCAACGCACCTGAACTG,0,594206
araCp,0.3333333333333333,2,2,AGCTATTCGACGACAACAAT,0,542866
araCp,0.3333333333333333,2,2,AGCTAGCCCAAATACCGCGT,0,594149
araCp,0.3333333333333333,2,2,AGCGTTTAAAAAAGTTGTGC,0,529189
araCp,0.3333333333333333,2,2,AGCGTTCGGGAAGGATGGTA,0,570248
araCp,0.3333333333333333,2,2,AGCGTGCGTGGCCTTTGGGG,0,527432
araCp,0.3333333333333333,2,2,AGCGTAAAACACATTAGTGA,0,569774
araCp,0.3333333333333333,2,2,AGCGGTGTTATGAGCCGTTC,0,543679
araCp,0.3333333333333333,2,2,AGCGGGAAAGGAGCCTTTCA,0,576322
araCp,0.3333333333333333,2,2,AGCGGCCATAAGCGGTGGCT,0,554424
araCp,0.3333333333333333,2,2,AGCGGAGTCAATTCAGACCT,0,585745
araCp,0.3333333333333333,2,2,AGCGCTCAGAATGCAGACTG,0,552508
araCp,0.3333333333333333,2,2,AGCGCGCGCTACTTAAGTCA,0,588697
araCp,0.3333333333333333,2,2,AGCGCGAATGCCATGAGTGC,0,563758
araCp,0.3333333333333333,2,2,AGCGATTAACTACTATTATC,0,600829
araCp,0.3333333333333333,2,2,AGCGAGTTTAATAACTTACC,0,588744
araCp,0.3333333333333333,2,2,AGCGACCTCGATCATAGGCC,0,549947
araCp,0.3333333333333333,2,2,AGCGAAGAGAGCTTTTTATA,0,582968
araCp,0.3333333333333333,2,2,AGCCTGCCAACACGCCCACA,0,562777
araCp,0.3333333333333333,2,2,AGCCTCGGTAGTCTGCAGTG,0,572970
araCp,0.3333333333333333,2,2,AGCCGGTGAAGCCACGAATC,0,530354
araCp,0.3333333333333333,2,2,AGCCGGCAAGAGGGAAGTGT,0,578426
araCp,0.3333333333333333,2,2,AGCCGCGTACAATGGTGTCC,0,585827
araCp,0.3333333333333333,2,2,AGCCCATGTCCTACGCCGAC,0,535590
araCp,0.3333333333333333,2,2,AGCCATCATTTAGTCTTATT,0,529807
araCp,0.3333333333333333,2,2,AGCCACCCATCCATAGTGGA,0,554095
araCp,0.3333333333333333,2,2,AGCATGCGCGGATCCAAAAT,0,566054
araCp,0.3333333333333333,2,2,AGCAGTTCGAAGGGGCAAAA,0,549306
araCp,0.3333333333333333,2,2,AGCAGTTAAGGTGAGTTGTT,0,531724
araCp,0.3333333333333333,2,2,AGCAGGGCGAGCCCCACATT,0,590053
araCp,0.3333333333333333,2,2,AGCAGGGAGCTTGCTAATGC,0,586016
araCp,0.3333333333333333,2,2,AGCACTCCCGGTCTAACACA,0,603387
araCp,0.3333333333333333,2,2,AGCACCTAAACCTGACTCTT,0,537772
araCp,0.3333333333333333,2,2,AGCACCGGTTTATTGGTATC,0,533754
araCp,0.3333333333333333,2,2,AGCACAGCCCTTGTATACGT,0,563352
araCp,0.3333333333333333,2,2,AGCAATACGTGTTACCCAGA,0,596020
araCp,0.3333333333333333,2,2,AGCAAGCATGAATGACAGCG,0,578140
araCp,0.3333333333333333,2,2,AGCAACACTCTGCGTGCTTT,0,535893
araCp,0.3333333333333333,2,2,AGATTTTCGGTGGGTAATGC,0,565770
araCp,0.3333333333333333,2,2,AGATTCCATCTTGCAGACGC,0,567458
araCp,0.3333333333333333,2,2,AGATGTTTCTAAAATGGACA,0,593196
araCp,0.3333333333333333,2,2,AGATGTATGGTGCGGGGCGT,0,533474
araCp,0.3333333333333333,2,2,AGATGGGTGAGTAATTTCAG,0,589846
araCp,0.3333333333333333,2,2,AGATGCGCCGGTTCATTAGG,0,553299
araCp,0.3333333333333333,2,2,AGATGCGCAAGAATAATCGG,0,569067
araCp,0.3333333333333333,2,2,AGATGACGAGATAATGTCGG,0,572618
araCp,0.3333333333333333,2,2,AGAGTGTTTCTATAAGGGCT,0,557660
araCp,0.3333333333333333,2,2,AGAGTGAGAAGTGCAGGTTA,0,593162
araCp,0.3333333333333333,2,2,AGAGTCCTTAGCGGCTCAGG,0,569079
araCp,0.3333333333333333,2,2,AGAGGTGACCATGGTAACCC,0,575207
araCp,0.3333333333333333,2,2,AGAGGGCTGCGATGAACCTG,0,573671
araCp,0.3333333333333333,2,2,AGAGGGATTTTATGCTCAAG,0,592682
araCp,0.3333333333333333,2,2,AGAGGCGGTCCTTTAAGTCC,0,541264
araCp,0.3333333333333333,2,2,AGAGCTACATGATCCGTTAG,0,533753
araCp,0.3333333333333333,2,2,AGAGCTAAATGAAGGACAGC,0,549401
araCp,0.3333333333333333,2,2,AGAGATAGCTTTAGTATCTA,0,590745
araCp,0.3333333333333333,2,2,AGAGACTGGGGCGCGACTGC,0,573189
araCp,0.3333333333333333,2,2,AGACTAGGAATGGCAACGCT,0,582317
araCp,0.3333333333333333,2,2,AGACTAGCATAGACGAGTGC,0,547063
araCp,0.3333333333333333,2,2,AGACGCGGCCAGGGCGCCGT,0,545583
araCp,0.3333333333333333,2,2,AGACGCAGAAACAGCCACCA,0,553488
araCp,0.3333333333333333,2,2,AGACAAAGGGGTTTCACCCG,0,563552
araCp,0.3333333333333333,2,2,AGAATTCCAAATGCGCTTTA,0,539890
araCp,0.3333333333333333,2,2,AGAATGCATACTGGCGTCCG,0,588958
araCp,0.3333333333333333,2,2,AGAAGGCTTATCCTCGGTAT,0,527294
araCp,0.3333333333333333,2,2,AGAAGACTGCCTTCGTTCGA,0,580580
araCp,0.3333333333333333,2,2,AGAACGGCAGCCCGCCGCCT,0,593893
araCp,0.3333333333333333,2,2,AGAACATGAACGCCGGATGT,0,562933
araCp,0.3333333333333333,2,2,AGAACAATGTGACGGCGTTT,0,566236
araCp,0.3333333333333333,2,2,AGAAATGTTCGTATTAGCTA,0,576227
araCp,0.3333333333333333,2,2,ACTTTTTTCGCGATGTCATA,0,552021
araCp,0.3333333333333333,2,2,ACTTTGGTCTGGCGTTTCAT,0,573462
araCp,0.3333333333333333,2,2,ACTTGTGTGCGGACATCTTT,0,528134
araCp,0.3333333333333333,2,2,ACTTCTAGGGGTATTTCTGT,0,563880
araCp,0.3333333333333333,2,2,ACTTCGTAGATCCCGGCCTA,0,598257
araCp,0.3333333333333333,2,2,ACTTCATCGAGGTTCTGAAT,0,536098
araCp,0.3333333333333333,2,2,ACTTCAGCTTGCAGCACAGA,0,577945
araCp,0.3333333333333333,2,2,ACTTAGACACTCGGGAGTAA,0,533249
araCp,0.3333333333333333,2,2,ACTTACACCGCCCTTACGTT,0,565185
araCp,0.3333333333333333,2,2,ACTTAAATTCGGGATAGCTA,0,555517
araCp,0.3333333333333333,2,2,ACTGTTTAAAGAGAACCTTC,0,542853
araCp,0.3333333333333333,2,2,ACTGTTCAGGTAAGCAGTAC,0,602714
araCp,0.3333333333333333,2,2,ACTGTCGGCTAGATTATATT,0,550309
araCp,0.3333333333333333,2,2,ACTGTCAACAGACCCATTGT,0,588949
araCp,0.3333333333333333,2,2,ACTGGCCGAAACACGGTCAA,0,565578
araCp,0.3333333333333333,2,2,ACTGGATATCGCCTGAACTA,0,586882
araCp,0.3333333333333333,2,2,ACTGGAGCCACCGTCGTTAT,0,548241
araCp,0.3333333333333333,2,2,ACTGCTCAAACGATTGGTTC,0,591950
araCp,0.3333333333333333,2,2,ACTGCCCCTAGGTCAAAGCA,0,574933
araCp,0.3333333333333333,2,2,ACTGAAGACGGATTGGCAAA,0,582889
araCp,0.3333333333333333,2,2,ACTCTGGGATTCGCCGAAAC,0,580803
araCp,0.3333333333333333,2,2,ACTCTGCCACTCCCGAAAAC,0,585024
araCp,0.3333333333333333,2,2,ACTCTCTTGCAGACAGTCGC,0,534905
araCp,0.3333333333333333,2,2,ACTCTCCGTTCCTCGTGAGA,0,576723
araCp,0.3333333333333333,2,2,ACTCTCAGTACAAAATGACT,0,529454
araCp,0.3333333333333333,2,2,ACTCGTCAGTTAACGGAAAC,0,573791
araCp,0.3333333333333333,2,2,ACTCGCTGGCTGCACGGGTG,0,552463
araCp,0.3333333333333333,2,2,ACTCGCATCGTTCTTACGGC,0,602291
araCp,0.3333333333333333,2,2,ACTCATATATACCCTTCCGA,0,573820
araCp,0.3333333333333333,2,2,ACTCACTTCCCAGTACTACA,0,598262
araCp,0.3333333333333333,2,2,ACTATTTCAACCGGCGTTAA,0,561506
araCp,0.3333333333333333,2,2,ACTATCAATCAAGGGCAATG,0,541997
araCp,0.3333333333333333,2,2,ACTATAAGCGTCAACTTAGT,0,544163
araCp,0.3333333333333333,2,2,ACTACCTCGATTCGGCACTA,0,593118
araCp,0.3333333333333333,2,2,ACTACCATGACCAGAGCGTT,0,555579
araCp,0.3333333333333333,2,2,ACTACAGTAAAGCGTCTCGT,0,595313
araCp,0.3333333333333333,2,2,ACGTTCGTAGAGCCTTCTGA,0,598230
araCp,0.3333333333333333,2,2,ACGTGTTTTTACATCCTCAT,0,597046
araCp,0.3333333333333333,2,2,ACGTGGCGTACTCAAATTGC,0,547808
araCp,0.3333333333333333,2,2,ACGTGCGGGACTATGTTGCA,0,583469
araCp,0.3333333333333333,2,2,ACGTGAGTCAGAATCCCAAC,0,553357
araCp,0.3333333333333333,2,2,ACGTGAGGGCTTTTTGGTAT,0,541940
araCp,0.3333333333333333,2,2,ACGTGAGGCCCTTCGGGCTA,0,574248
araCp,0.3333333333333333,2,2,ACGTCGCATGGAGGGGAAAT,0,548639
araCp,0.3333333333333333,2,2,ACGTCAGTCCATACGTCATT,0,570429
araCp,0.3333333333333333,2,2,ACGTAGTCTCAACACGTCAT,0,542776
araCp,0.3333333333333333,2,2,ACGTAGGACATATCCTCTAA,0,541906
araCp,0.3333333333333333,2,2,ACGTACGGGTAAATTTAACG,0,549071
araCp,0.3333333333333333,2,2,ACGTAAGCGGTATATCCCTA,0,587310
araCp,0.3333333333333333,2,2,ACGTAACTACGAACGGTGAT,0,581369
araCp,0.3333333333333333,2,2,ACGGTTGCGTCTTCCGTACA,0,601378
araCp,0.3333333333333333,2,2,ACGGGGCAGAAGTTACCAGG,0,573717
araCp,0.3333333333333333,2,2,ACGGGCGAGCCCATGAGCCT,0,539166
araCp,0.3333333333333333,2,2,ACGGGAGTTACACGGGGTGG,0,568176
araCp,0.3333333333333333,2,2,ACGGCCAGTCTTTTAAGGGT,0,575884
araCp,0.3333333333333333,2,2,ACGGCACCAGCAGTCGAACC,0,551209
araCp,0.3333333333333333,2,2,ACGGCAAGGGAACGTCAGTG,0,595042
araCp,0.3333333333333333,2,2,ACGGATGAGCTGGTCGAGTT,0,552474
araCp,0.3333333333333333,2,2,ACGCTTTGACCGCTTATTGC,0,549092
araCp,0.3333333333333333,2,2,ACGCTTGCAATGCCCCATGG,0,596359
araCp,0.3333333333333333,2,2,ACGCTTCCCAGATGCAGTAG,0,558481
araCp,0.3333333333333333,2,2,ACGCTCGGCATTACTCATCA,0,597818
araCp,0.3333333333333333,2,2,ACGCGCTGGATGCCGTACGC,0,531750
araCp,0.3333333333333333,2,2,ACGCCAAACCCTGAGGTCAT,0,528302
araCp,0.3333333333333333,2,2,ACGCAAACTCTTACGTTAAG,0,578085
araCp,0.3333333333333333,2,2,ACGATTATGGCGAAGGCGAT,0,597564
araCp,0.3333333333333333,2,2,ACGAGGGTAGTCTCGGTTTT,0,596810
araCp,0.3333333333333333,2,2,ACGAGGAGTTCGTAGGCGCG,0,551488
araCp,0.3333333333333333,2,2,ACGAGCGAAGGATTCGATCC,0,548453
araCp,0.3333333333333333,2,2,ACGACTAATGGAGCGGACGC,0,556795
araCp,0.3333333333333333,2,2,ACGACGTCCGCCAGGGTTGC,0,538392
araCp,0.3333333333333333,2,2,ACGAACGCTCACTGGTCCTA,0,558632
araCp,0.3333333333333333,2,2,ACGAACAGCTGGGCTTCTAT,0,545327
araCp,0.3333333333333333,2,2,ACCTTTGTCTGCGTTCCTCT,0,565246
araCp,0.3333333333333333,2,2,ACCTGGTGCGGTCATGTAAT,0,540356
araCp,0.3333333333333333,2,2,ACCTGGGCGGCCTACCCGTG,0,560083
araCp,0.3333333333333333,2,2,ACCTGGAGCAGACACCCCCC,0,595107
araCp,0.3333333333333333,2,2,ACCTGCGGCCCTGTACCGTA,0,572303
araCp,0.3333333333333333,2,2,ACCTCTAACATGAGGCCCTA,0,595417
araCp,0.3333333333333333,2,2,ACCTCACATGACACGCTCGA,0,565015
araCp,0.3333333333333333,2,2,ACCTAGACCCTCCCAAAATA,0,598658
araCp,0.3333333333333333,2,2,ACCGTATGCCCGCGCGGATA,0,591834
araCp,0.3333333333333333,2,2,ACCGTACTGATTTTGTGTGA,0,563503
araCp,0.3333333333333333,2,2,ACCGGGGTGGGGCATATCAA,0,571171
araCp,0.3333333333333333,2,2,ACCGGGATATAGCCGATCAG,0,583343
araCp,0.3333333333333333,2,2,ACCGGCGAGTTCGCTTGTAT,0,575188
araCp,0.3333333333333333,2,2,ACCGGACTGAGGAGGCCAGG,0,532821
araCp,0.3333333333333333,2,2,ACCGCGCGTATGGTTTCTGT,0,600202
araCp,0.3333333333333333,2,2,ACCCTCTAGGGTGGAACCCA,0,584423
araCp,0.3333333333333333,2,2,ACCCTACTTTCGGGTAATTG,0,536084
araCp,0.3333333333333333,2,2,ACCCGCCGTGTACGATGTAT,0,585044
araCp,0.3333333333333333,2,2,ACCCGAAGCGGGGTGCCTCC,0,552298
araCp,0.3333333333333333,2,2,ACCCACTCTGTAAATGCTTT,0,550249
araCp,0.3333333333333333,2,2,ACCATCGTAGTACGTCCAGC,0,528729
araCp,0.3333333333333333,2,2,ACCATCCGAACCAGGTACGG,0,585355
araCp,0.3333333333333333,2,2,ACCATAGGGGAAGTCTGCTA,0,592280
araCp,0.3333333333333333,2,2,ACCATACGCGTAGGCAGCGG,0,563125
araCp,0.3333333333333333,2,2,ACCATACGATTGGGATGTTC,0,548145
araCp,0.3333333333333333,2,2,ACCAGTAAACTTAGCGACTC,0,577776
araCp,0.3333333333333333,2,2,ACCACTTCGTTGACCGGGGA,0,533826
araCp,0.3333333333333333,2,2,ACCACGCTAAGTCGCAGTAT,0,539352
araCp,0.3333333333333333,2,2,ACCACAATAAATCGTCATTA,0,601395
araCp,0.3333333333333333,2,2,ACCAAGGGATCAGGAGCTAC,0,580684
araCp,0.3333333333333333,2,2,ACCAAATGATAACAGGCTGT,0,546755
araCp,0.3333333333333333,2,2,ACATTTTAAACTATAGATGA,0,535907
araCp,0.3333333333333333,2,2,ACATTTAATTACAGAATAGT,0,578815
araCp,0.3333333333333333,2,2,ACATGGTAGCTTCCTGCGTG,0,576376
araCp,0.3333333333333333,2,2,ACATGCTGCGCATTAAGTGT,0,570575
araCp,0.3333333333333333,2,2,ACATGCCAGCGTTGTGGAAA,0,562404
araCp,0.3333333333333333,2,2,ACATGATTTAGACTCCTCCT,0,564469
araCp,0.3333333333333333,2,2,ACATCTGACGGGGCAGCCTG,0,576403
araCp,0.3333333333333333,2,2,ACATCGGCTTGAGTAGCGAG,0,584613
araCp,0.3333333333333333,2,2,ACATAAACCAGGATCGCGCT,0,531963
araCp,0.3333333333333333,2,2,ACAGTTTGTTGTCACTACTT,0,567172
araCp,0.3333333333333333,2,2,ACAGTTTACAGAGAGTCTGG,0,591496
araCp,0.3333333333333333,2,2,ACAGTGGCTAAGGCACCCTT,0,563642
araCp,0.3333333333333333,2,2,ACAGTCAAGTCAGTGTTTCG,0,576458
araCp,0.3333333333333333,2,2,ACAGGTACCGATGACTCGTG,0,539751
araCp,0.3333333333333333,2,2,ACAGGCAAACCGTAGTTTCG,0,592119
araCp,0.3333333333333333,2,2,ACAGGACGCAAAATTTAGTA,0,594903
araCp,0.3333333333333333,2,2,ACAGCTGCGTAATGTCTATC,0,537815
araCp,0.3333333333333333,2,2,ACAGATGCAACCGCCGAGTC,0,538705
araCp,0.3333333333333333,2,2,ACAGATGAGAGTCGTTCAGC,0,545682
araCp,0.3333333333333333,2,2,ACAGAGTTACTAGAATGGTC,0,574004
araCp,0.3333333333333333,2,2,ACAGAGTTAAGGAGCACCCT,0,569244
araCp,0.3333333333333333,2,2,ACAGAGATTAATAGGGCATT,0,533345
araCp,0.3333333333333333,2,2,ACAGACCGTTCAATGACCGT,0,568440
araCp,0.3333333333333333,2,2,ACAGAATACCCGCTCAGTGT,0,597523
araCp,0.3333333333333333,2,2,ACACTTAGGGATGGCGTTGG,0,555422
araCp,0.3333333333333333,2,2,ACACTACTTATCTCAAAAGG,0,549171
araCp,0.3333333333333333,2,2,ACACGCGGGGAGTGGGTAGA,0,575327
araCp,0.3333333333333333,2,2,ACACCTTGTCGGCACCCTGG,0,589167
araCp,0.3333333333333333,2,2,ACACCATGGGGCCAGTGCTC,0,577352
araCp,0.3333333333333333,2,2,ACACATGGTTATGATTCGCT,0,543176
araCp,0.3333333333333333,2,2,ACACATCCGTATAACCTGAG,0,530615
araCp,0.3333333333333333,2,2,ACACAGCGACCAGTTATCTC,0,566049
araCp,0.3333333333333333,2,2,ACACACTGGCGCTGAGATTT,0,556208
araCp,0.3333333333333333,2,2,ACACAAGCCGTGTAACTGTG,0,544054
araCp,0.3333333333333333,2,2,ACAATTAGAACAATAAACGT,0,552936
araCp,0.3333333333333333,2,2,ACAATGGCGGCATCAAAACG,0,573327
araCp,0.3333333333333333,2,2,ACAAGTCTCCTCCTAGTCAA,0,570280
araCp,0.3333333333333333,2,2,ACAAGTCCCGAGCCCAAAAT,0,578321
araCp,0.3333333333333333,2,2,ACAAGCGGGTAGGGAATATA,0,532829
araCp,0.3333333333333333,2,2,ACAACATAACAGACTTTGGA,0,602681
araCp,0.3333333333333333,2,2,ACAACACTCCGTCAGAGATG,0,581161
araCp,0.3333333333333333,2,2,ACAACAAAGCCTTCAAAAGG,0,577959
araCp,0.3333333333333333,2,2,ACAAATAGGCGCCTCTGCTA,0,542812
araCp,0.3333333333333333,2,2,ACAAACCGCATGCCATGAGC,0,554422
araCp,0.3333333333333333,2,2,ACAAACCCCTGTTTTCGAAT,0,529159
araCp,0.3333333333333333,2,2,ACAAAATACGAGACGAAATC,0,584780
araCp,0.3333333333333333,2,2,AATTTCCTGACTCGGGGAAT,0,526185
araCp,0.3333333333333333,2,2,AATTTCCAACGCAGGTTTGT,0,569625
araCp,0.3333333333333333,2,2,AATTTAGGAAAGCCGGCACA,0,598497
araCp,0.3333333333333333,2,2,AATTGGTGACTGACTCTCGC,0,550051
araCp,0.3333333333333333,2,2,AATTGGATCCTAGACGTACA,0,594738
araCp,0.3333333333333333,2,2,AATTGCGTTTGGACCTTGGC,0,533702
araCp,0.3333333333333333,2,2,AATTGAAAACGTAATAGGGA,0,565106
araCp,0.3333333333333333,2,2,AATTCATCGTTCGACGGTGG,0,555489
araCp,0.3333333333333333,2,2,AATTCACAGCTACCTACTCT,0,551219
araCp,0.3333333333333333,2,2,AATTATGTCAACTCTCCCCA,0,541945
araCp,0.3333333333333333,2,2,AATTATGCTCGGCAATTTCT,0,586495
araCp,0.3333333333333333,2,2,AATGTGCGCGCGGTCTGAGA,0,589894
araCp,0.3333333333333333,2,2,AATGTCTTTACCGTCTGCAT,0,577940
araCp,0.3333333333333333,2,2,AATGGGCCGCACCGGCTTGA,0,556730
araCp,0.3333333333333333,2,2,AATGGACCAGGTGTCGTGCT,0,564083
araCp,0.3333333333333333,2,2,AATGGAACAAGAGCGGGCCA,0,600542
araCp,0.3333333333333333,2,2,AATGCTGCAAAGGTCGAGTC,0,579738
araCp,0.3333333333333333,2,2,AATGATCTAAAAAGCTCGCT,0,572453
araCp,0.3333333333333333,2,2,AATCTTCATCCCAGCTGGAC,0,574830
araCp,0.3333333333333333,2,2,AATCTGTTATGGTAATATGC,0,582037
araCp,0.3333333333333333,2,2,AATCTCATGTTCCCACTGCT,0,554903
araCp,0.3333333333333333,2,2,AATCTCAACAAGTGATCCGG,0,589875
araCp,0.3333333333333333,2,2,AATCTACATCACAATGTGCA,0,538963
araCp,0.3333333333333333,2,2,AATCGGTCATGGGTATTCTA,0,601188
araCp,0.3333333333333333,2,2,AATCGGATCCGGTCCTCTGT,0,562310
araCp,0.3333333333333333,2,2,AATCGGACCACGGACACTTT,0,529037
araCp,0.3333333333333333,2,2,AATCGCCTGGGCCATAGCGG,0,557501
araCp,0.3333333333333333,2,2,AATCGAACGGGGAAAGTCAT,0,599506
araCp,0.3333333333333333,2,2,AATCCTGTGGCTGTGTATCC,0,549479
araCp,0.3333333333333333,2,2,AATCCGCGTGCTCTATAATG,0,541114
araCp,0.3333333333333333,2,2,AATCCGCAACGGTCCCACTG,0,527886
araCp,0.3333333333333333,2,2,AATCCGAGGACATTGGTAGA,0,590322
araCp,0.3333333333333333,2,2,AATCCCGTGAGTAATCAATG,0,538270
araCp,0.3333333333333333,2,2,AATCCCGAGCACTCCACGGG,0,603583
araCp,0.3333333333333333,2,2,AATCAGGCGTTTCTCACGTT,0,594447
araCp,0.3333333333333333,2,2,AATCAGGATTTGGCAGGGTG,0,557069
araCp,0.3333333333333333,2,2,AATCAACACGTTACCTTGGA,0,599785
araCp,0.3333333333333333,2,2,AATATTCGTGCCACGGGCGA,0,599291
araCp,0.3333333333333333,2,2,AATATGTTTGTAGAAATTAG,0,570151
araCp,0.3333333333333333,2,2,AATATATGGCGCGGTGTCGG,0,579556
araCp,0.3333333333333333,2,2,AATAGTCCCAGTGATGTGTG,0,585500
araCp,0.3333333333333333,2,2,AATAGGCTGGCAGTCCTGTG,0,573827
araCp,0.3333333333333333,2,2,AATAGATGAGTTGCTTTCCA,0,576422
araCp,0.3333333333333333,2,2,AATACGAGGGCATGACATTG,0,588235
araCp,0.3333333333333333,2,2,AATACATACATTTTCGGGGA,0,577315
araCp,0.3333333333333333,2,2,AATAAGCTAGCGCGTCAAAC,0,558162
araCp,0.3333333333333333,2,2,AATAAAGCTTGGCAGTAACG,0,533299
araCp,0.3333333333333333,2,2,AATAAACATACAACCGTTGA,0,542055
araCp,0.3333333333333333,2,2,AAGTTTAGCCAACTGTTCTG,0,569876
araCp,0.3333333333333333,2,2,AAGTTGTCTAGACCGCAAGT,0,529849
araCp,0.3333333333333333,2,2,AAGTTACCAGTTCGGCGCAA,0,576048
araCp,0.3333333333333333,2,2,AAGTCTAACTGATACGGACG,0,525935
araCp,0.3333333333333333,2,2,AAGTCGTTAACCGTGGGGAT,0,555381
araCp,0.3333333333333333,2,2,AAGTCGGCGTCATGGAGGAC,0,527614
araCp,0.3333333333333333,2,2,AAGTAGGCCCAGGTACCGGT,0,535152
araCp,0.3333333333333333,2,2,AAGTACGGGCTCTATTGAGG,0,579572
araCp,0.3333333333333333,2,2,AAGGTGGAGGTCTCCTCTTA,0,581153
araCp,0.3333333333333333,2,2,AAGGTGAATCGGCTTTGGTG,0,593182
araCp,0.3333333333333333,2,2,AAGGTCATCTGTCTACTTTA,0,585610
araCp,0.3333333333333333,2,2,AAGGTAATTAACACCACGTA,0,541738
araCp,0.3333333333333333,2,2,AAGGTAAATGACCTTCTGGT,0,565954
araCp,0.3333333333333333,2,2,AAGGGTGTCTCATGTAAATT,0,534697
araCp,0.3333333333333333,2,2,AAGGGTCAGCCCACTCAAGT,0,550493
araCp,0.3333333333333333,2,2,AAGGGGGATTTCATAGCCCG,0,588294
araCp,0.3333333333333333,2,2,AAGGGGCGCCGCGCGCAGGC,0,540960
araCp,0.3333333333333333,2,2,AAGGGGCAGAGTGTCCCAAT,0,589997
araCp,0.3333333333333333,2,2,AAGGCTGGATTTGTAATGCA,0,571113
araCp,0.3333333333333333,2,2,AAGGCTACCTCAACTACCGA,0,536043
araCp,0.3333333333333333,2,2,AAGGCGTCTGAGAAGGCTAA,0,552764
araCp,0.3333333333333333,2,2,AAGGCCTATGCCGGGCGAGT,0,535170
araCp,0.3333333333333333,2,2,AAGGCACTTGCTACCGCGCT,0,534629
araCp,0.3333333333333333,2,2,AAGGAGTCACCATCAACCTT,0,601695
araCp,0.3333333333333333,2,2,AAGGAGTAACTAAGCTCATA,0,576461
araCp,0.3333333333333333,2,2,AAGGACACAGATTAATGTTT,0,578542
araCp,0.3333333333333333,2,2,AAGGAAAGGAGTCAGGGTTG,0,550386
araCp,0.3333333333333333,2,2,AAGCTTCAAGGCTTCCCATG,0,576314
araCp,0.3333333333333333,2,2,AAGCTGGGTAAGGTCATGTC,0,572802
araCp,0.3333333333333333,2,2,AAGCTGAATTTAGTGATGCA,0,595960
araCp,0.3333333333333333,2,2,AAGCTAGACGGCATTCACCC,0,528362
araCp,0.3333333333333333,2,2,AAGCTACTGCAACGGCACCT,0,556185
araCp,0.3333333333333333,2,2,AAGCGTTCCCCACGGAACTT,0,584825
araCp,0.3333333333333333,2,2,AAGCGGATCTCCGTGAACGT,0,579610
araCp,0.3333333333333333,2,2,AAGCGACGCATTGCCCTTTT,0,562451
araCp,0.3333333333333333,2,2,AAGCCTTGAGAATAGTACTA,0,540751
araCp,0.3333333333333333,2,2,AAGCAATACTGGAGCTTAGT,0,546787
araCp,0.3333333333333333,2,2,AAGATTAATGCACGGGTGAA,0,550874
araCp,0.3333333333333333,2,2,AAGATTAAAATATATTGTCG,0,593799
araCp,0.3333333333333333,2,2,AAGATGAACTGGAGTGGCCT,0,566188
araCp,0.3333333333333333,2,2,AAGATAGAAGACCTTAACGC,0,563046
araCp,0.3333333333333333,2,2,AAGATAATTGGTAGTCCTGG,0,539963
araCp,0.3333333333333333,2,2,AAGAGGAGCTCGACCACCAT,0,576019
araCp,0.3333333333333333,2,2,AAGACGTGGACAGTAGTGAC,0,599157
araCp,0.3333333333333333,2,2,AAGAATTCAACCCGCACTTT,0,562596
araCp,0.3333333333333333,2,2,AAGAATATACGGACCCGCAA,0,543662
araCp,0.3333333333333333,2,2,AAGAAGCGCCTTATATTAGT,0,601532
araCp,0.3333333333333333,2,2,AAGAAGAATTCAATGGTTTG,0,527844
araCp,0.3333333333333333,2,2,AAGAACCTACAATCCTTGGT,0,592631
araCp,0.3333333333333333,2,2,AACTTGAATGACTTAGTACG,0,565969
araCp,0.3333333333333333,2,2,AACTTCTGCATGGCGTCCTT,0,540334
araCp,0.3333333333333333,2,2,AACTTCACTTAGACATAATC,0,536932
araCp,0.3333333333333333,2,2,AACTGGCCCACAGGCGTGGA,0,557285
araCp,0.3333333333333333,2,2,AACTCTTAAATTGCGCGAAC,0,527101
araCp,0.3333333333333333,2,2,AACTCGCATTTATGCAACTC,0,549751
araCp,0.3333333333333333,2,2,AACTCATCCATTCAGCGCAA,0,583418
araCp,0.3333333333333333,2,2,AACTCAGTAATAATTTAAGG,0,537536
araCp,0.3333333333333333,2,2,AACTCAGGATGTAAGTGTCC,0,602632
araCp,0.3333333333333333,2,2,AACTATCTATGGTTTGCCTC,0,569907
araCp,0.3333333333333333,2,2,AACTATAGAGTTTAGCTTGA,0,542518
araCp,0.3333333333333333,2,2,AACTACGACCTTACCTCGGT,0,592521
araCp,0.3333333333333333,2,2,AACTAATTATGCTGAAGAAC,0,543344
araCp,0.3333333333333333,2,2,AACGTTTAGTGGGTCTGAAG,0,552430
araCp,0.3333333333333333,2,2,AACGTCAGAAATTCAGTCTT,0,545716
araCp,0.3333333333333333,2,2,AACGTATTTGCCAAGTAGAT,0,589626
araCp,0.3333333333333333,2,2,AACGTACGTTCCTCATCTCG,0,597718
araCp,0.3333333333333333,2,2,AACGGGTCCAGAATACGCCA,0,559016
araCp,0.3333333333333333,2,2,AACGGCGTGTTTGGAGTCAG,0,531299
araCp,0.3333333333333333,2,2,AACGGATTTGGAGGACCGGA,0,577700
araCp,0.3333333333333333,2,2,AACGGAGGGGCGCACCCGGC,0,541254
araCp,0.3333333333333333,2,2,AACGCTACACTTCATAGCCT,0,525717
araCp,0.3333333333333333,2,2,AACGCGACCGGGGGCTCGTT,0,586411
araCp,0.3333333333333333,2,2,AACGCATACGGGCGGTGGGA,0,576220
araCp,0.3333333333333333,2,2,AACGCACAAGACGCAGCGTC,0,582103
araCp,0.3333333333333333,2,2,AACGAATGTCAAGTACTTTA,0,593868
araCp,0.3333333333333333,2,2,AACCTTTCGTACAGCCCGGA,0,550320
araCp,0.3333333333333333,2,2,AACCGGGTCACGGGCATCAT,0,560336
araCp,0.3333333333333333,2,2,AACCGATGGTCCAAGGAGCA,0,534388
araCp,0.3333333333333333,2,2,AACCGAGTAATTACCTGAGG,0,603410
araCp,0.3333333333333333,2,2,AACCCTTAAGAGCAATTGGG,0,572714
araCp,0.3333333333333333,2,2,AACCCTGTGCCTAGACTTTT,0,549300
araCp,0.3333333333333333,2,2,AACCCGGTTTCACCAGGCTT,0,562347
araCp,0.3333333333333333,2,2,AACCCCATCACGCTCGCGGC,0,591187
araCp,0.3333333333333333,2,2,AACCCATCAAGGAAAGTGAT,0,602787
araCp,0.3333333333333333,2,2,AACCCACCGGCTCCTCGATA,0,572485
araCp,0.3333333333333333,2,2,AACCCAATACACTTAGGTTC,0,540715
araCp,0.3333333333333333,2,2,AACCCAAAAAAGGCGCTCCA,0,582444
araCp,0.3333333333333333,2,2,AACCACTTGCACAGCTGTAA,0,529531
araCp,0.3333333333333333,2,2,AACAGTCCGACAATGGTAGA,0,562608
araCp,0.3333333333333333,2,2,AACAGGTTGTTTAAACATCA,0,572933
araCp,0.3333333333333333,2,2,AACAGATCTACACAAAGTGG,0,544707
araCp,0.3333333333333333,2,2,AACACGAGAGGTATAGTCCT,0,532883
araCp,0.3333333333333333,2,2,AACACCGTTCATCAATTCCT,0,559347
araCp,0.3333333333333333,2,2,AACAAGAGGAAACCATGTAA,0,580131
araCp,0.3333333333333333,2,2,AACAAATTCTATACGCCAGA,0,581186
araCp,0.3333333333333333,2,2,AAATTGCGGGGCGGATGTAT,0,567501
araCp,0.3333333333333333,2,2,AAATTCGGGGGGCCTTAAAT,0,566218
araCp,0.3333333333333333,2,2,AAATTCCCTCCTTATTTGGT,0,541216
araCp,0.3333333333333333,2,2,AAATGTCGAACACTGCGCAT,0,589885
araCp,0.3333333333333333,2,2,AAATGGCCACGGCCGTTGTT,0,554608
araCp,0.3333333333333333,2,2,AAATGGACAGAACGGACCCT,0,589801
araCp,0.3333333333333333,2,2,AAATGAGTTTCTGAAACGCG,0,534122
araCp,0.3333333333333333,2,2,AAATCGTCAATGGTTTCGAC,0,535229
araCp,0.3333333333333333,2,2,AAATCGAATGAAAGTCCACT,0,567523
araCp,0.3333333333333333,2,2,AAATCAACCCCCTGATTTAA,0,583144
araCp,0.3333333333333333,2,2,AAATATCAGGACTACCTACT,0,583872
araCp,0.3333333333333333,2,2,AAAGTGGGTTGCAAAGGTTT,0,549801
araCp,0.3333333333333333,2,2,AAAGTGCTGGCCTTGCCTCG,0,598160
araCp,0.3333333333333333,2,2,AAAGTGACTGCCATGGGGTC,0,582370
araCp,0.3333333333333333,2,2,AAAGTCGTAATGGACGGTAA,0,541262
araCp,0.3333333333333333,2,2,AAAGTCGATAGCCGACATTA,0,597194
araCp,0.3333333333333333,2,2,AAAGTCATACCATAGTGCGA,0,602972
araCp,0.3333333333333333,2,2,AAAGGTGTTATGCACTGTCA,0,583275
araCp,0.3333333333333333,2,2,AAAGGTGGCTCTAAGAAAAG,0,590033
araCp,0.3333333333333333,2,2,AAAGGTAGAGTCCCGCACAT,0,592270
araCp,0.3333333333333333,2,2,AAAGGGTTCTAATCTTGTCT,0,537780
araCp,0.3333333333333333,2,2,AAAGGGCTGTAATCCCTCTG,0,569304
araCp,0.3333333333333333,2,2,AAAGGGCTGCGTCTCTCCAC,0,580423
araCp,0.3333333333333333,2,2,AAAGGAAAATGGGTCGGCTC,0,579132
araCp,0.3333333333333333,2,2,AAAGCGGTGTTTTATAATAA,0,577299
araCp,0.3333333333333333,2,2,AAAGATGTACTCACGCTATA,0,546778
araCp,0.3333333333333333,2,2,AAAGACCGGTCTTAGGAGCG,0,538231
araCp,0.3333333333333333,2,2,AAACTCAATAACAACCCGTT,0,578020
araCp,0.3333333333333333,2,2,AAACGTAAAACCCTATTTAC,0,571776
araCp,0.3333333333333333,2,2,AAACCTCCCGCGACCTAGCG,0,557887
araCp,0.3333333333333333,2,2,AAACCTCAGTCACGACAAGG,0,583617
araCp,0.3333333333333333,2,2,AAACCTCACTCCGCCCCGTC,0,582980
araCp,0.3333333333333333,2,2,AAACCGTGCAGTTGGTGAGG,0,593770
araCp,0.3333333333333333,2,2,AAACCCATGTGCAACGATGG,0,584753
araCp,0.3333333333333333,2,2,AAACATACTAATAATGTGGT,0,584305
araCp,0.3333333333333333,2,2,AAACACTATAGAACAATAGC,0,529195
araCp,0.3333333333333333,2,2,AAAATGCTAGCACTGGCGAT,0,565145
araCp,0.3333333333333333,2,2,AAAATAGCCGCACTAGGGCA,0,579338
araCp,0.3333333333333333,2,2,AAAAGTACCTTTCGTGCTAC,0,556957
araCp,0.3333333333333333,2,2,AAAAGGCCTTCCCTTTATTG,0,559956
araCp,0.3333333333333333,2,2,AAAACGTCGCTCCAAGGCAG,0,556879
araCp,0.3333333333333333,2,2,AAAACGGCGCACTGAGCGTT,0,601070
araCp,0.3333333333333333,2,2,AAAACGCGCATCAATCTGAG,0,595874
araCp,0.3333333333333333,2,2,AAAACATATGCAGGCAGTAC,0,584899
araCp,0.3333333333333333,2,2,AAAAATTCGTGGATTAGATA,0,553448
araCp,0.3333333333333333,2,2,AAAAACCTCGATTGGAATTA,0,557485
araCp,0.5,1,1,TTTTTTCGAAAGCAGGTATT,0,557899
araCp,0.5,1,1,TTTTTTAAATGACGCGCAAC,0,595570
araCp,0.5,1,1,TTTTGTGAAGGACCGCCGGA,0,573602
araCp,0.5,1,1,TTTTGGCCTCACAACGGACA,0,566047
araCp,0.5,1,1,TTTTGCAAGCAATGGTTAAT,0,532247
araCp,0.5,1,1,TTTTCCTTAGGCAACGCTGT,0,540079
araCp,0.5,1,1,TTTTAGTTAGTTTACTCTTT,0,579280
araCp,0.5,1,1,TTTTAGTGGCAGTGAGTGTC,0,547365
araCp,0.5,1,1,TTTTACCGAGGTCAGTCATC,0,527792
araCp,0.5,1,1,TTTTAATGAGTTAGTTGTCT,0,551222
araCp,0.5,1,1,TTTGTCGGGTATCCCCACGC,0,562212
araCp,0.5,1,1,TTTGGCGGGAACCTGGGACT,0,580367
araCp,0.5,1,1,TTTGGCCTATCCGATGGCAT,0,531155
araCp,0.5,1,1,TTTGCGTTTCTCTGCTCGGG,0,525981
araCp,0.5,1,1,TTTGCGTTTATTCGCGATCC,0,590604
araCp,0.5,1,1,TTTGCGCAAGGTCAGCTAAC,0,538541
araCp,0.5,1,1,TTTGCCTTTTTGGGCTTTAC,0,574483
araCp,0.5,1,1,TTTGATTGACCGCTACTTGG,0,539491
araCp,0.5,1,1,TTTGACAAACGACAAAAAAC,0,525841
araCp,0.5,1,1,TTTCTGGTGATACGAGTATC,0,553985
araCp,0.5,1,1,TTTCTGCGATGTCGTTTGGT,0,551751
araCp,0.5,1,1,TTTCTGATTGGATCTCTACT,0,573918
araCp,0.5,1,1,TTTCTAGTGCGGGTCTGATC,0,528163
araCp,0.5,1,1,TTTCGTCTGTTGTTCAGATG,0,541388
araCp,0.5,1,1,TTTCGGCGTGTTATCGTTAT,0,535510
araCp,0.5,1,1,TTTCGACGCACGTACTGCCA,0,584610
araCp,0.5,1,1,TTTCCGTCACCGATCAGGCC,0,531185
araCp,0.5,1,1,TTTCCCACACCAGTTTACAC,0,536102
araCp,0.5,1,1,TTTCATTACCGCCCGGATAT,0,597444
araCp,0.5,1,1,TTTCATAATGAGATTAATAA,0,589171
araCp,0.5,1,1,TTTCAGGCGCGTCCTCAACA,0,584204
araCp,0.5,1,1,TTTCACTGGGACGTGATAAG,0,555971
araCp,0.5,1,1,TTTCACCTTGGCATAAGGTC,0,555820
araCp,0.5,1,1,TTTCACCAAGGCAAATAATG,0,558775
araCp,0.5,1,1,TTTCACAGAATCTTTCTATC,0,594969
araCp,0.5,1,1,TTTATCAAGGGGGCGCATTT,0,563713
araCp,0.5,1,1,TTTAGTGTCCCGCTGGATCT,0,549381
araCp,0.5,1,1,TTTAGCCCTACCAGAAGAGA,0,526624
araCp,0.5,1,1,TTTAGACCTGCACTTAATTG,0,582036
araCp,0.5,1,1,TTTACTTCGGCAAGTTTTGG,0,572414
araCp,0.5,1,1,TTTACGCAGTCTACTAAACA,0,578897
araCp,0.5,1,1,TTTACGACGTCCGAGAGGCT,0,540414
araCp,0.5,1,1,TTTACCGGTACATGGTGCAC,0,566152
araCp,0.5,1,1,TTTACCGAAGTGGTCTACGT,0,574374
araCp,0.5,1,1,TTTACCATGAGCTGCAGAGT,0,586831
araCp,0.5,1,1,TTTACATCGCAGAAAGTTAA,0,544349
araCp,0.5,1,1,TTTAAGGCTTTTACTATGGC,0,578454
araCp,0.5,1,1,TTTAACAGGTCGGTCTACCC,0,591181
araCp,0.5,1,1,TTTAACACTTACTGGCACCG,0,548680
araCp,0.5,1,1,TTTAAATCTCGCTATAAATC,0,576808
araCp,0.5,1,1,TTGTTTTCCTCGGAGTCAAC,0,601040
araCp,0.5,1,1,TTGTTGCGTCGAAGGTAACG,0,555099
araCp,0.5,1,1,TTGTTGAGCTTGAACTGCGA,0,601890
araCp,0.5,1,1,TTGTTCTCCTGTTCCTGCGG,0,544081
araCp,0.5,1,1,TTGTTCGGCAAATACCTGAT,0,537743
araCp,0.5,1,1,TTGTTATGGAATCAGGGGGA,0,599464
araCp,0.5,1,1,TTGTGAGATACGGTATGTGC,0,572744
araCp,0.5,1,1,TTGTGACATTAGACAGGGTC,0,580320
araCp,0.5,1,1,TTGTGAAAGCGTCCTGAGCC,0,595199
araCp,0.5,1,1,TTGTCTCCGCGTACCTAAGT,0,531205
araCp,0.5,1,1,TTGTCCGACACAATGATAAC,0,570716
araCp,0.5,1,1,TTGTCCAGTCGTAGCGTGGA,0,594049
araCp,0.5,1,1,TTGTATGGATTAGGCACAGT,0,585502
araCp,0.5,1,1,TTGTAACCCGTTTGTAGTTA,0,577503
araCp,0.5,1,1,TTGGTTTTTGTCAAAATTCA,0,602736
araCp,0.5,1,1,TTGGTTGTCCCCATTCTTCA,0,593190
araCp,0.5,1,1,TTGGTGCCAGATCACATTTA,0,597255
araCp,0.5,1,1,TTGGGGCGATGCAACTGGTC,0,528404
araCp,0.5,1,1,TTGGGCGTGGACTTTCTCCG,0,571163
araCp,0.5,1,1,TTGGCTGTAACCACCGGCGA,0,585839
araCp,0.5,1,1,TTGGCTAGCGGAGGTGTGGG,0,585864
araCp,0.5,1,1,TTGGCGTCAGATCAAGCTCT,0,592991
araCp,0.5,1,1,TTGGCCAAACCTCTCACAGG,0,592681
araCp,0.5,1,1,TTGGCAACAAGAATTTCAGC,0,596651
araCp,0.5,1,1,TTGGATTTCGAGTCCTCATT,0,581255
araCp,0.5,1,1,TTGGATCTTACGTCCGGCAC,0,574214
araCp,0.5,1,1,TTGGATCAGATTTTTCAAGT,0,559737
araCp,0.5,1,1,TTGGACTACTTAATACCGGC,0,544755
araCp,0.5,1,1,TTGGACCTCGCAGGTCGCAT,0,546682
araCp,0.5,1,1,TTGCTGCTATCACCGAGGCG,0,578455
araCp,0.5,1,1,TTGCTACACCGCGACTCGAT,0,542071
araCp,0.5,1,1,TTGCGTCAACGACTCCCAAG,0,588813
araCp,0.5,1,1,TTGCGTAGCACAACCCGCTA,0,579539
araCp,0.5,1,1,TTGCGGTGGTAAGTAGCCCC,0,545230
araCp,0.5,1,1,TTGCGCGGTCAAGATGAAAT,0,566942
araCp,0.5,1,1,TTGCGCGAGTATTGAGATCT,0,595852
araCp,0.5,1,1,TTGCCACGACATGTCATTTG,0,569766
araCp,0.5,1,1,TTGCAGACTGTTCGACGCTT,0,591544
araCp,0.5,1,1,TTGCACTGGGATCCCTATCT,0,552030
araCp,0.5,1,1,TTGATGACTCGGGAGGCTCA,0,570667
araCp,0.5,1,1,TTGAGTTTCCGGTCATTCTA,0,577029
araCp,0.5,1,1,TTGAGGTAAGCCCCTTCGCC,0,555061
araCp,0.5,1,1,TTGAGACCGGGACGCTGTGT,0,571679
araCp,0.5,1,1,TTGACTAAGAGTCAAGAGCT,0,598203
araCp,0.5,1,1,TTGAATAGTACACCGGCGAA,0,602071
araCp,0.5,1,1,TTGAACGTAAGGTATCACCA,0,548101
araCp,0.5,1,1,TTGAACAAACTCATCCCCGT,0,532736
araCp,0.5,1,1,TTCTGATGTGCAGTTTGGTA,0,553709
araCp,0.5,1,1,TTCTCTATTACCGCTTCGAG,0,570763
araCp,0.5,1,1,TTCTCGTCTTGGGCATATAC,0,544047
araCp,0.5,1,1,TTCTATGGCAAAGACAGTCA,0,592540
araCp,0.5,1,1,TTCTAGACTACGCGGCCCCT,0,536687
araCp,0.5,1,1,TTCTAAGTACTCTCCTGGAC,0,533131
araCp,0.5,1,1,TTCGGCGGGTCCGCGGAAAG,0,546510
araCp,0.5,1,1,TTCGGCACGCATACGTGTGC,0,553711
araCp,0.5,1,1,TTCGGATGCGTCGCGATCGC,0,568207
araCp,0.5,1,1,TTCGGAACGAGAAGCGCTTC,0,583563
araCp,0.5,1,1,TTCGCTACCAAATGGTTCAC,0,550969
araCp,0.5,1,1,TTCGACGGACGTGCGCCCTA,0,589156
araCp,0.5,1,1,TTCGAATCGCGAAATAAGAC,0,562546
araCp,0.5,1,1,TTCGAAATTGATTAGGTTCA,0,599170
araCp,0.5,1,1,TTCCGGGGATCCGGGTTCTA,0,556976
araCp,0.5,1,1,TTCCGCTTACATCACTCCTC,0,553192
araCp,0.5,1,1,TTCCGACGCAATCTCCAATG,0,571010
araCp,0.5,1,1,TTCCCAGCTTTGCACTGCAA,0,590544
araCp,0.5,1,1,TTCCAATTAGGACACTCGCC,0,603144
araCp,0.5,1,1,TTCATTATTAGGTGTCTCCT,0,536839
araCp,0.5,1,1,TTCATGCCCCATTATATTGG,0,577654
araCp,0.5,1,1,TTCATCTGTCACGGTTTGCA,0,591882
araCp,0.5,1,1,TTCATAGGATTGACGCTCGG,0,587307
araCp,0.5,1,1,TTCATACGCGCTGTCAGCCT,0,547185
araCp,0.5,1,1,TTCAGTTTTCGAGTTGAAGG,0,532574
araCp,0.5,1,1,TTCAGGAGGGTCGCAAACAG,0,585329
araCp,0.5,1,1,TTCACTCCCTAGGTTCACTG,0,556052
araCp,0.5,1,1,TTCACGATCATGCTCCTGTT,0,590835
araCp,0.5,1,1,TTCACCATTATTGGAGCAGA,0,576959
araCp,0.5,1,1,TTCACAGTATTCTCCAAGAA,0,590841
araCp,0.5,1,1,TTCACAGGACTACGTGTGCC,0,541267
araCp,0.5,1,1,TTCAATCTGCGATACGCGGA,0,561227
araCp,0.5,1,1,TTCAATAGCATCTATACATT,0,538400
araCp,0.5,1,1,TTCAAGCAATACACCTAGAA,0,586280
araCp,0.5,1,1,TTCAAAAACCACAGAAATTA,0,561355
araCp,0.5,1,1,TTATTTCGATGAAACCTGGC,0,537410
araCp,0.5,1,1,TTATTGAACGAGGAGGGTAA,0,602370
araCp,0.5,1,1,TTATTAGGACATCGATGTGC,0,572884
araCp,0.5,1,1,TTATGTACATGGGGGTATCC,0,595940
araCp,0.5,1,1,TTATGCCACGACTCCGGCTC,0,559868
araCp,0.5,1,1,TTATGATTAAGATGAACCCC,0,585207
araCp,0.5,1,1,TTATCTATACTCCACTGACT,0,589841
araCp,0.5,1,1,TTATCGGAGCTATCCAACTA,0,525684
araCp,0.5,1,1,TTATCCGTAGCAAAGAGCAG,0,537210
araCp,0.5,1,1,TTATCATCATTGGTGCGTCG,0,603535
araCp,0.5,1,1,TTATCACGTCGGTGGTATGA,0,585558
araCp,0.5,1,1,TTAGTTACTCGGAGAAAGCC,0,591519
araCp,0.5,1,1,TTAGGTTCAGGGCAGAGAGT,0,592762
araCp,0.5,1,1,TTAGGGGCTGCGCTACGTAC,0,592219
araCp,0.5,1,1,TTAGGGATTGCGGGGGCATC,0,547994
araCp,0.5,1,1,TTAGCTCACGATGCGCTTAT,0,527712
araCp,0.5,1,1,TTAGCGCCAAGTCTGGACTA,0,567980
araCp,0.5,1,1,TTAGAACGGTCGATATCCTT,0,530566
araCp,0.5,1,1,TTACTACGTGCGGACGGCGT,0,591710
araCp,0.5,1,1,TTACGGATGGCCGGATCGCA,0,526013
araCp,0.5,1,1,TTACGCCAGTGCTTCGGCTA,0,528455
araCp,0.5,1,1,TTACCTGGCGTTAGACGCTA,0,547648
araCp,0.5,1,1,TTACCCCGTTTTTCCTTGCG,0,545398
araCp,0.5,1,1,TTACATGTGACGCGCCCTGA,0,535881
araCp,0.5,1,1,TTACAGCACATTTATGCGCT,0,590831
araCp,0.5,1,1,TTACACGAACGGTAAGAGCT,0,603197
araCp,0.5,1,1,TTAAGTTACCACGTTACAAA,0,528661
araCp,0.5,1,1,TTAAGATATGGTAAATTCTC,0,590529
araCp,0.5,1,1,TTAAGAGATAATTTGAGGGA,0,557078
araCp,0.5,1,1,TTAAGACGTACCCCAACTTA,0,542481
araCp,0.5,1,1,TTAACGGGTTGACTACAGTG,0,544921
araCp,0.5,1,1,TTAACCCTTTGCGTCCGCGC,0,566908
araCp,0.5,1,1,TTAACAGCGCTTTGTATTAG,0,588754
araCp,0.5,1,1,TTAAATTAAATCGAATTGGT,0,573188
araCp,0.5,1,1,TTAAAGCTATTTCGTGGACT,0,585869
araCp,0.5,1,1,TGTTTTTGGGGCTTCGCCGA,0,528945
araCp,0.5,1,1,TGTTTGCTACTAGACTATTC,0,584732
araCp,0.5,1,1,TGTTTAGGGTGTGGGGTACT,0,560918
araCp,0.5,1,1,TGTTCTTGAAGTCAACATCT,0,533273
araCp,0.5,1,1,TGTTCCTTTGCGCTCAAGCA,0,601877
araCp,0.5,1,1,TGTTCCGCTAGGAAAGATCT,0,537182
araCp,0.5,1,1,TGTTCCGCGCGAGCGGCCAA,0,562380
araCp,0.5,1,1,TGTTAGATGGGGCCGAAGAG,0,554432
araCp,0.5,1,1,TGTTACTGATCCGCAGCGTC,0,597393
araCp,0.5,1,1,TGTTACAGGCCGCGAATTGT,0,538707
araCp,0.5,1,1,TGTGTGTTTAGGACATCTAT,0,563765
araCp,0.5,1,1,TGTGTCGCATCGTAGCTAGA,0,599644
araCp,0.5,1,1,TGTGTCAGGCGCACCCGGAT,0,561762
araCp,0.5,1,1,TGTGTAATTCATGTACCGAG,0,599453
araCp,0.5,1,1,TGTGGCTAGAGTTTAGAATG,0,601173
araCp,0.5,1,1,TGTGGATCTACGGCCTACCT,0,572574
araCp,0.5,1,1,TGTGCGATTGTCGTAGATGG,0,545569
araCp,0.5,1,1,TGTGCGAAACGAGACCAAAG,0,562248
araCp,0.5,1,1,TGTGCCAATTGCGCGCTTTC,0,530678
araCp,0.5,1,1,TGTGATCGCTTCTAAGACCA,0,578164
araCp,0.5,1,1,TGTCTCGGAATCAATAAGGG,0,528309
araCp,0.5,1,1,TGTCTACGGACTACCAGCGA,0,586732
araCp,0.5,1,1,TGTCTACATTAGTAGAAATC,0,593845
araCp,0.5,1,1,TGTCGTTACTCTCGTGGCGA,0,549627
araCp,0.5,1,1,TGTCGGTTAAGGATCTAGGG,0,598305
araCp,0.5,1,1,TGTCGCAGTTAACCAGATAC,0,582398
araCp,0.5,1,1,TGTCGAACAGTTTTCGTCAA,0,548221
araCp,0.5,1,1,TGTCCTAACAAGGATCCCCG,0,531874
araCp,0.5,1,1,TGTCCGTCTAATATGGAGAA,0,535752
araCp,0.5,1,1,TGTCCCTGACAGCATGCAAT,0,545679
araCp,0.5,1,1,TGTCATCTCTCAGATTAATG,0,571245
araCp,0.5,1,1,TGTCATCCTGTGATTATCAC,0,558145
araCp,0.5,1,1,TGTCATCAAAAGTCTAGAGC,0,573535
araCp,0.5,1,1,TGTCAGTTTGGTTTGTTTCT,0,583881
araCp,0.5,1,1,TGTCAGTTTGCGTTCGAGGG,0,576136
araCp,0.5,1,1,TGTCACAGTAAGGAAGGAAA,0,580963
araCp,0.5,1,1,TGTCAATTAGTCCCGCGATA,0,601002
araCp,0.5,1,1,TGTATTCCAATTCAGGACTT,0,581022
araCp,0.5,1,1,TGTAGTCTACGACTACGGTG,0,586682
araCp,0.5,1,1,TGTAGCACTAGCTTCCACGA,0,558817
araCp,0.5,1,1,TGTAGATTAAAAGTGTAGCC,0,600806
araCp,0.5,1,1,TGTAGAACGCACTATTGGTC,0,527498
araCp,0.5,1,1,TGTACCACATTAGAGGTATA,0,571389
araCp,0.5,1,1,TGTACAGAGGTCAGCTAAGT,0,595202
araCp,0.5,1,1,TGTAATCGACACATACGGGA,0,544772
araCp,0.5,1,1,TGTAACGGCGATATCGGTAC,0,544492
araCp,0.5,1,1,TGTAACAACCACTCATGAAG,0,572124
araCp,0.5,1,1,TGTAAAGGCTTGGTAGTGAG,0,582219
araCp,0.5,1,1,TGGTTGTATGGGAAGCCCTA,0,547625
araCp,0.5,1,1,TGGTTCCCGCAGCGTCATGC,0,534310
araCp,0.5,1,1,TGGTGCGTATACTGTTTCCA,0,530750
araCp,0.5,1,1,TGGTGACCTAGGGTACCCTA,0,545511
araCp,0.5,1,1,TGGTCCGATCCGGGTGGAAT,0,553240
araCp,0.5,1,1,TGGTCACTTTTTAGCCGAAA,0,526292
araCp,0.5,1,1,TGGTATGGTTAAAAATTGGA,0,578714
araCp,0.5,1,1,TGGTAGATAGTTGACGGGAT,0,567514
araCp,0.5,1,1,TGGTACGTGCCAGTTCAACT,0,598958
araCp,0.5,1,1,TGGTACGACTCGGATCAAGT,0,543165
araCp,0.5,1,1,TGGTAAAGCGACCGACCTGC,0,552714
araCp,0.5,1,1,TGGGTTCTAGCAGCCCTGGA,0,552850
araCp,0.5,1,1,TGGGTTCCGGGCGGACTTAA,0,548783
araCp,0.5,1,1,TGGGTCGCGTGTAACTCTAA,0,560181
araCp,0.5,1,1,TGGGGGCGCTTCCCGAGTAC,0,535310
araCp,0.5,1,1,TGGGGCACTCGCCCCCCTGC,0,560513
araCp,0.5,1,1,TGGGGAAAGAGCTGGCTTGG,0,567522
araCp,0.5,1,1,TGGGCTCCGCGTACGAATAA,0,538209
araCp,0.5,1,1,TGGGCCAGAAAGATTGGGAG,0,591248
araCp,0.5,1,1,TGGGCATGGCATCCAGTCCT,0,602258
araCp,0.5,1,1,TGGGCACGGTGCCTCTGCTT,0,565825
araCp,0.5,1,1,TGGGAGGTGCTGCTCACCTC,0,583571
araCp,0.5,1,1,TGGGAACAAGGAGAATGCTA,0,559380
araCp,0.5,1,1,TGGCTGGGATTGGACGCGTC,0,593574
araCp,0.5,1,1,TGGCTCACCCCGCCTCGGAC,0,564313
araCp,0.5,1,1,TGGCTATCTGCGTTAGCAAA,0,548239
araCp,0.5,1,1,TGGCTAGTGAACAAGTCTGC,0,538446
araCp,0.5,1,1,TGGCGTTGTACGTTGGCCCA,0,531736
araCp,0.5,1,1,TGGCGTTAATATTGGCGGAG,0,551739
araCp,0.5,1,1,TGGCCGTCACCACCTCGTAG,0,573459
araCp,0.5,1,1,TGGCCGTAGCGGTTCCACAT,0,569604
araCp,0.5,1,1,TGGCCGGGCAGCGATCACGG,0,531624
araCp,0.5,1,1,TGGCCCGTTAAGAACCTGTC,0,544396
araCp,0.5,1,1,TGGCAGTCGGTGTAAGCGAG,0,558036
araCp,0.5,1,1,TGGCAGATACAGAGAGAGCT,0,553865
araCp,0.5,1,1,TGGCACGGGTGCTCGAGACA,0,549802
araCp,0.5,1,1,TGGCAACACTGGAGTGACAC,0,575761
araCp,0.5,1,1,TGGCAACACGTTGCGTAGAT,0,573648
araCp,0.5,1,1,TGGATGGTTGCGGTCAGCTT,0,554894
araCp,0.5,1,1,TGGATCGCCTTTCCAATTGT,0,550533
araCp,0.5,1,1,TGGAGGTCTAAAAAGACTTA,0,552923
araCp,0.5,1,1,TGGAGGTAGGTTGTAACTAT,0,534741
araCp,0.5,1,1,TGGACGGGATGACGAATCGG,0,548321
araCp,0.5,1,1,TGGACCCGCCCGCGCCATCT,0,534412
araCp,0.5,1,1,TGGACCATGCCTAGCCTGTA,0,545575
araCp,0.5,1,1,TGGACACTTGTACAGAGGCT,0,536164
araCp,0.5,1,1,TGGACAAGGGACTAACCTCC,0,542850
araCp,0.5,1,1,TGGAAGTGCATGGATATGAA,0,588637
araCp,0.5,1,1,TGGAAGGTCTTATACAATTC,0,582278
araCp,0.5,1,1,TGGAACTATATAAATGTTGT,0,589661
araCp,0.5,1,1,TGGAACACATGGTTAATCTC,0,596722
araCp,0.5,1,1,TGGAAACGACGCTGAGTTTA,0,531149
araCp,0.5,1,1,TGCTTCTAAATACGACCGTC,0,558475
araCp,0.5,1,1,TGCTTCAAGGGTGGCCCGGA,0,571324
araCp,0.5,1,1,TGCTGTGCTAATTTTTTTAT,0,577130
araCp,0.5,1,1,TGCTGCAGAGTCCTTTCAGT,0,599482
araCp,0.5,1,1,TGCTCTTCATTAACGAAGAA,0,591960
araCp,0.5,1,1,TGCTCGAAGGCTATTCACCT,0,572674
araCp,0.5,1,1,TGCTCAGCTAGTAGATGAAA,0,549718
araCp,0.5,1,1,TGCTATAAGGACTCTGTCAA,0,580881
araCp,0.5,1,1,TGCTAGCTTCATTCTTCTTG,0,534769
araCp,0.5,1,1,TGCTAATGATGCTTCGCCCT,0,599451
araCp,0.5,1,1,TGCTAACTTATGTGAGGATA,0,587670
araCp,0.5,1,1,TGCGTGAACACATATCCTAG,0,561567
araCp,0.5,1,1,TGCGTCTAACTATCTGTGTT,0,552227
araCp,0.5,1,1,TGCGGCGACGCGTCAATGAC,0,575724
araCp,0.5,1,1,TGCGGCAATCCTCCGGCCCT,0,592820
araCp,0.5,1,1,TGCGGATTTGCTTGTAACTG,0,570393
araCp,0.5,1,1,TGCGCTGCAGTCTTGCGGGT,0,554853
araCp,0.5,1,1,TGCGCGGCGATGTCAAAACC,0,559130
araCp,0.5,1,1,TGCGCCCTGCGATGCACCGA,0,582276
araCp,0.5,1,1,TGCGCCATAAAGTCAAGGCC,0,538393
araCp,0.5,1,1,TGCGAGTAAAAATAGCTCCC,0,600483
araCp,0.5,1,1,TGCGAACGCCAACTTATCGA,0,587033
araCp,0.5,1,1,TGCCTTCTGGTTAGCTATTG,0,602781
araCp,0.5,1,1,TGCCGTGTCAGGTACTCCAG,0,526462
araCp,0.5,1,1,TGCCGGGCTAGCCATGCCAT,0,597729
araCp,0.5,1,1,TGCCGGGATACTAAGTTCAC,0,557626
araCp,0.5,1,1,TGCCGATTTCTCCTTGAGGT,0,599618
araCp,0.5,1,1,TGCCGATTACTACTAACCGC,0,548249
araCp,0.5,1,1,TGCCGACATCTGGCACTAAC,0,573713
araCp,0.5,1,1,TGCCCTCGGGTTTTAATGCT,0,580863
araCp,0.5,1,1,TGCCCTATACGAGATAGGAG,0,530713
araCp,0.5,1,1,TGCCCAATAGGTCGCGCTTG,0,554702
araCp,0.5,1,1,TGCCAGGTTCCATATCCAGC,0,590761
araCp,0.5,1,1,TGCATTAAGAACGCGAATAT,0,577752
araCp,0.5,1,1,TGCATAGCGGAAAGGCATCG,0,594523
araCp,0.5,1,1,TGCATACCGAGAGGGGACCC,0,527494
araCp,0.5,1,1,TGCAGTGAAAATATCCCTCA,0,565577
araCp,0.5,1,1,TGCAGGTTCGCGGCCCACGG,0,562606
araCp,0.5,1,1,TGCAGGAATAGGTCTCGGCT,0,559675
araCp,0.5,1,1,TGCACCCCAGGCGAGGGAGC,0,561696
araCp,0.5,1,1,TGCAATACAGGACCCGCAGT,0,556729
araCp,0.5,1,1,TGCAAGCTGGGGCATAACGT,0,595970
araCp,0.5,1,1,TGATTTAGCGAATTATGTAG,0,601931
araCp,0.5,1,1,TGATTCCGGCGTCACTCGCA,0,544476
araCp,0.5,1,1,TGATTCCAAGTACCTCATGA,0,561340
araCp,0.5,1,1,TGATGGCGCATGTAAGCTGT,0,537807
araCp,0.5,1,1,TGATCTGAAGTCATCGTTAC,0,532625
araCp,0.5,1,1,TGATCTCAAACAAGGCTCAC,0,549471
araCp,0.5,1,1,TGATCGAAGCCCTGTGGTGC,0,556155
araCp,0.5,1,1,TGATCCTTTCCTGGCACGGC,0,543657
araCp,0.5,1,1,TGATCACGGAGAAGAGGAAG,0,543327
araCp,0.5,1,1,TGATAGCGCCATCGCCAGAA,0,561933
araCp,0.5,1,1,TGATAAATTTTCTTCTAGCA,0,589377
araCp,0.5,1,1,TGAGTTTATTCACAACACGT,0,573869
araCp,0.5,1,1,TGAGTTCCAGCCGAGAGAGA,0,570294
araCp,0.5,1,1,TGAGTGTGTGTGCAGCAAGC,0,596676
araCp,0.5,1,1,TGAGTGCACCGGGAGCCCGT,0,566714
araCp,0.5,1,1,TGAGTCGGTAAAACCTTTTC,0,572675
araCp,0.5,1,1,TGAGTATCAGACGGCACACT,0,566578
araCp,0.5,1,1,TGAGTACTTGGCGTAAATCT,0,576368
araCp,0.5,1,1,TGAGATTCGGAGTAGAAAAG,0,592076
araCp,0.5,1,1,TGAGATGTGGATCTTCAGGG,0,577117
araCp,0.5,1,1,TGAGACTGTGCTGCATCTAA,0,536548
araCp,0.5,1,1,TGAGACTGGCTGCCCCCGGA,0,547019
araCp,0.5,1,1,TGAGAACGTGTCAGCGCTAC,0,550222
araCp,0.5,1,1,TGACTGTTGGGGGTACGCTT,0,598337
araCp,0.5,1,1,TGACTCTGTGGCAGTACAGC,0,577702
araCp,0.5,1,1,TGACGTCCGGTACGCTGAGA,0,563951
araCp,0.5,1,1,TGACGGAGGCATTATTTGCC,0,578871
araCp,0.5,1,1,TGACGAGCGAATTTAATGGT,0,541228
araCp,0.5,1,1,TGACCTTTTGCCTCACAGGC,0,580364
araCp,0.5,1,1,TGACCTTTAATAGTTATGCC,0,556303
araCp,0.5,1,1,TGACCCGGAGCATATGAGGT,0,540252
araCp,0.5,1,1,TGACCATGCTCACTATTGTA,0,563946
araCp,0.5,1,1,TGACAGGTGTTCGAAGGCGT,0,582442
araCp,0.5,1,1,TGACAGCACATATCTCTGTA,0,599501
araCp,0.5,1,1,TGACACAGAATAATAGCGAC,0,570862
araCp,0.5,1,1,TGAATGCATTGTACTCTTGC,0,531708
araCp,0.5,1,1,TGAATGATGTTTAGCTGCGT,0,557842
araCp,0.5,1,1,TGAATCTGTGAAAATTTGAA,0,589032
araCp,0.5,1,1,TGAATCCACATTTCGTGTAT,0,560419
araCp,0.5,1,1,TGAAGTTTTGCGAGTTTTAG,0,597674
araCp,0.5,1,1,TCTTTTTCAGGCTATTAGAA,0,579063
araCp,0.5,1,1,TCTTTGGTCACGATAGATAG,0,595897
araCp,0.5,1,1,TCTTTACCCCCATACCATCG,0,602475
araCp,0.5,1,1,TCTTGCGCTTCTGGACAAAC,0,564699
araCp,0.5,1,1,TCTTGAATACTCGAGAGGCT,0,580028
araCp,0.5,1,1,TCTTGAACATTGGAATCGCT,0,543421
araCp,0.5,1,1,TCTGTTACAATGAGGGGATG,0,554315
araCp,0.5,1,1,TCTGTGGTGTGTGAAAGTTC,0,542536
araCp,0.5,1,1,TCTGTGCTGGGTCGCTTCTT,0,597864
araCp,0.5,1,1,TCTGTCGGAAGCCCTTATAT,0,594250
araCp,0.5,1,1,TCTGTATGGGCCTAGACGCC,0,533793
araCp,0.5,1,1,TCTGGGAGCGCGATTAAACT,0,532778
araCp,0.5,1,1,TCTGGATGTAGGGGATGTAG,0,550882
araCp,0.5,1,1,TCTGGATGCTGCGCCATCGT,0,569722
araCp,0.5,1,1,TCTGAAGTGCCAGCACCTCC,0,552393
araCp,0.5,1,1,TCTCTGGTGAATGCGACTAA,0,574761
araCp,0.5,1,1,TCTCGGACCAGATGCTAAGA,0,559270
araCp,0.5,1,1,TCTCGCGGTCTACTCAATGA,0,583452
araCp,0.5,1,1,TCTCGCCTGCGCACAGACTC,0,603635
araCp,0.5,1,1,TCTCGCCGGAATCGGCCGTA,0,555594
araCp,0.5,1,1,TCTCCCCCAGTCTAACGAGG,0,584397
araCp,0.5,1,1,TCTCCAGAGGCGATAGCTCC,0,556965
araCp,0.5,1,1,TCTCAAGCCAATCGCTCACA,0,551802
araCp,0.5,1,1,TCTATGGCTTTGTACCTAAT,0,550564
araCp,0.5,1,1,TCTATGAACGGCGTGTAATA,0,544845
araCp,0.5,1,1,TCTATATGCGGTGTTCACGT,0,555609
araCp,0.5,1,1,TCTAGGAATATGCTGGCAGC,0,525768
araCp,0.5,1,1,TCTAGATAAGCTCTCTGTCT,0,553133
araCp,0.5,1,1,TCTACTGCAAAATGATTCTA,0,557367
araCp,0.5,1,1,TCTACTATCGTATCATTAAC,0,530969
araCp,0.5,1,1,TCTACTAGCGGGCTCAAGAA,0,581995
araCp,0.5,1,1,TCTACGGCCCGTTTGTAAGG,0,554792
araCp,0.5,1,1,TCTAATAAGCGTAAATAATT,0,550367
araCp,0.5,1,1,TCGTTTCGGCCATACCTACC,0,551663
araCp,0.5,1,1,TCGTTGCCAGTAATGGACAC,0,534918
araCp,0.5,1,1,TCGTTCACATTGGGTTTGAA,0,595468
araCp,0.5,1,1,TCGTGGCGTTTCCCTGAAGT,0,584843
araCp,0.5,1,1,TCGTCTGCACGCCGCAATGC,0,593505
araCp,0.5,1,1,TCGTCTGAGGGACACCGCAA,0,528600
araCp,0.5,1,1,TCGTCTAACTTGCTCCCATT,0,599639
araCp,0.5,1,1,TCGTCGCAGGCAGTCCCGTA,0,535659
araCp,0.5,1,1,TCGTCGCACAACGGATAGGA,0,582969
araCp,0.5,1,1,TCGTAGTTTACTAGATGGAT,0,537524
araCp,0.5,1,1,TCGTACCGTGGACCAAACGA,0,553976
araCp,0.5,1,1,TCGTACCGATCACTCATAGG,0,564058
araCp,0.5,1,1,TCGTACAGTAATGGACAATT,0,548784
araCp,0.5,1,1,TCGTAATGATAAAGGTAATT,0,593085
araCp,0.5,1,1,TCGTAACGCAGAACCGGGGG,0,590421
araCp,0.5,1,1,TCGGTTTCTAGGAGTGGAAC,0,584148
araCp,0.5,1,1,TCGGTTACGTAGACAGTAGG,0,554641
araCp,0.5,1,1,TCGGTCTGCTGGCGCTCAGT,0,555218
araCp,0.5,1,1,TCGGTAGTAGCCGAGCGCCT,0,567800
araCp,0.5,1,1,TCGGTACACATTACCGTGCC,0,555678
araCp,0.5,1,1,TCGGTAACGCACATAGGGTC,0,542072
araCp,0.5,1,1,TCGGCGGTGGACGTAGTTAA,0,551288
araCp,0.5,1,1,TCGGCGGAAACGTCATGTCT,0,536231
araCp,0.5,1,1,TCGGACATCAAAGGGACCGT,0,540440
araCp,0.5,1,1,TCGGACACATACCACGCGAG,0,541045
araCp,0.5,1,1,TCGGAACGCCTCATAGTTTC,0,534739
araCp,0.5,1,1,TCGCTTATCAAGGAATGGTG,0,533574
araCp,0.5,1,1,TCGCTGGACAATATTGTTGC,0,558483
araCp,0.5,1,1,TCGCTGACCGGTAAACTCGT,0,591718
araCp,0.5,1,1,TCGCTAGAGTCGAAAGCTGA,0,541395
araCp,0.5,1,1,TCGCGTCAACTGTACTGGGA,0,581715
araCp,0.5,1,1,TCGCGCTCGTGAACCGCATG,0,549364
araCp,0.5,1,1,TCGCGCTAAACGCAAACCCC,0,542561
araCp,0.5,1,1,TCGCGATACTCAGATAGCTA,0,548696
araCp,0.5,1,1,TCGCGACTCTGGGTTAGCAA,0,600295
araCp,0.5,1,1,TCGCCTTATGAGGGCAACCA,0,579420
araCp,0.5,1,1,TCGCCTCACTCTCAGTCTCG,0,596403
araCp,0.5,1,1,TCGCCCACTCTTACATGGTT,0,535551
araCp,0.5,1,1,TCGCCAGTACGTGAGTATGC,0,593134
araCp,0.5,1,1,TCGCATTGCTATATTGTTCA,0,599723
araCp,0.5,1,1,TCGCAGTGAATGAGCTGCTT,0,553780
araCp,0.5,1,1,TCGCAGCCCATTCCGAGAGA,0,591646
araCp,0.5,1,1,TCGATTAGCGCTTACAGGTG,0,537747
araCp,0.5,1,1,TCGATCTGATGCTTATGCGA,0,559673
araCp,0.5,1,1,TCGAGTCAGACCAGTCGAAG,0,537799
araCp,0.5,1,1,TCGAGGCTGCGTCTCCAGTC,0,576415
araCp,0.5,1,1,TCGAGCGCCGTGGTCGATTG,0,540814
araCp,0.5,1,1,TCGACTGCGATGTGCCTATG,0,559546
araCp,0.5,1,1,TCGAATATTTGACGGCATAT,0,599113
araCp,0.5,1,1,TCCTTTACGTGTAACCGGCT,0,567744
araCp,0.5,1,1,TCCTTTAAAAGGAAAGAAGG,0,603141
araCp,0.5,1,1,TCCTTACCCATCTGCTTATA,0,547870
araCp,0.5,1,1,TCCTGGTAATCCCTCCTTGA,0,599395
araCp,0.5,1,1,TCCTGGTAAGCGCCTTTCGA,0,569764
araCp,0.5,1,1,TCCTGGGCGTACATACTGAT,0,589417
araCp,0.5,1,1,TCCTCTATGAGGTGGGGATT,0,602499
araCp,0.5,1,1,TCCTACGATATCGGGTTCCT,0,577466
araCp,0.5,1,1,TCCGTTTTCCGGCAGGTAGA,0,580515
araCp,0.5,1,1,TCCGTATCAATTTGACTTTT,0,574745
araCp,0.5,1,1,TCCGTAGTCTACAATCTTTA,0,584925
araCp,0.5,1,1,TCCGGTTTCTAGTAACGTTT,0,574603
araCp,0.5,1,1,TCCGGTTTAAAAGCACTTAT,0,546128
araCp,0.5,1,1,TCCGGTAATTCGTGCCTAAA,0,532324
araCp,0.5,1,1,TCCGGGTAACTTGTGGGCTC,0,572910
araCp,0.5,1,1,TCCGGGGGCAGTGTAGTGGT,0,552891
araCp,0.5,1,1,TCCGGGCAAAATTTGTGCTC,0,567691
araCp,0.5,1,1,TCCGCGAATTCAATGAGTCT,0,548888
araCp,0.5,1,1,TCCGCCAGCAAGCCACGTTT,0,565563
araCp,0.5,1,1,TCCGCATCAGTAACGCATGC,0,538025
araCp,0.5,1,1,TCCGCAACTCAGATGCCGTG,0,555826
araCp,0.5,1,1,TCCGAGACTATTGGTGCCGG,0,557702
araCp,0.5,1,1,TCCGACCGCCATAGGCGAAG,0,581095
araCp,0.5,1,1,TCCGACATCAACGTTCCGCT,0,565607
araCp,0.5,1,1,TCCCTGGGCTTCTCCTCATA,0,539035
araCp,0.5,1,1,TCCCTGCCGGGAAGTGTCAT,0,540575
araCp,0.5,1,1,TCCCTAAGGGCCGTTTTACA,0,541161
araCp,0.5,1,1,TCCCGGCTGAGGCTTTAGTG,0,561448
araCp,0.5,1,1,TCCCGAATGAGCCCAAGCTT,0,581339
araCp,0.5,1,1,TCCCGAAGGGCTGAGGCCAT,0,589268
araCp,0.5,1,1,TCCCCGCTTAAGTAAACCCG,0,578698
araCp,0.5,1,1,TCCCAGATTCTGAGAGTCAC,0,571148
araCp,0.5,1,1,TCCCACGGACATAGAGTGTC,0,539757
araCp,0.5,1,1,TCCCACCAAAGTAGAGTTGA,0,598959
araCp,0.5,1,1,TCCCAAAGCCTGAGCAATAC,0,560800
araCp,0.5,1,1,TCCATTTCAAATAGCGTAAA,0,525626
araCp,0.5,1,1,TCCATTATAGGCCAAGAAAC,0,528930
araCp,0.5,1,1,TCCATGCGTGGAGAGGGTTG,0,588302
araCp,0.5,1,1,TCCATCAAACGTCGTGAGTA,0,586511
araCp,0.5,1,1,TCCAGTAAGCCGCAAAGGTT,0,596931
araCp,0.5,1,1,TCCAGGGTGGCTTGCGGCAA,0,559048
araCp,0.5,1,1,TCCAGCGGCTCTTCCCTCAT,0,575205
araCp,0.5,1,1,TCCAGAGACTCCGTCCTTAA,0,528579
araCp,0.5,1,1,TCCACCGCTTAACTGAGCCG,0,538327
araCp,0.5,1,1,TCCACCGCCTCGCGAGTCTT,0,548728
araCp,0.5,1,1,TCCAAGGTAGCCCGATCAGA,0,568881
araCp,0.5,1,1,TCCAAGGCCTCCTGATGCCT,0,545603
araCp,0.5,1,1,TCCAAGGACCACATTTCTCG,0,530345
araCp,0.5,1,1,TCATTGGATGCGTAGCTTTA,0,571325
araCp,0.5,1,1,TCATTCGTGTTCTTCTTGAT,0,584411
araCp,0.5,1,1,TCATTAGCACCGTCATTCAA,0,572247
araCp,0.5,1,1,TCATGTCGCTCTTTGCACTT,0,594723
araCp,0.5,1,1,TCATGACACTTGGATCTGCT,0,526837
araCp,0.5,1,1,TCATGAACTGGTGGTCGTAC,0,586477
araCp,0.5,1,1,TCATCGTAGGGGCGTGGGCC,0,565057
araCp,0.5,1,1,TCATCGGTCGCATAGTTCGT,0,580507
araCp,0.5,1,1,TCATCGGAGTTTTAGTCAGG,0,573246
araCp,0.5,1,1,TCATATGGCATGACCGGGGG,0,584227
araCp,0.5,1,1,TCATACGCGATTCCACAGAC,0,577463
araCp,0.5,1,1,TCATAATGGCAGTTAAAGTC,0,550293
araCp,0.5,1,1,TCATAAAGACCGGCGATAGG,0,544631
araCp,0.5,1,1,TCAGTTTAACCGATTGGCTA,0,572056
araCp,0.5,1,1,TCAGTCACCCACTGACCTGA,0,569661
araCp,0.5,1,1,TCAGGTCAGTCATGGCGCAT,0,532879
araCp,0.5,1,1,TCAGGGTCTGTAAAAGATAG,0,603150
araCp,0.5,1,1,TCAGGCTCACAAGTGTCAAT,0,544236
araCp,0.5,1,1,TCAGGCCTGTCAGAGGCGTC,0,590280
araCp,0.5,1,1,TCAGGAGTTAGGTTGGCGCA,0,569018
araCp,0.5,1,1,TCAGGACGAGGTGTTGAGAC,0,576865
araCp,0.5,1,1,TCAGCTTTACCTTGTGTCTG,0,580424
araCp,0.5,1,1,TCAGCTCCCCGCACTCACAT,0,541623
araCp,0.5,1,1,TCAGCACTCACTGGTCCCTC,0,591826
araCp,0.5,1,1,TCAGATATCTGTCGGTCCAA,0,546922
araCp,0.5,1,1,TCAGAAGTTTCGAAGATCTC,0,552100
araCp,0.5,1,1,TCACTTTGTGGCTTAAAAGC,0,585140
araCp,0.5,1,1,TCACTTGGGTGCCTTTCTAC,0,526457
araCp,0.5,1,1,TCACGGGAATTCAAATCCGT,0,577862
araCp,0.5,1,1,TCACCGCCGTCCCCCGGGGT,0,592199
araCp,0.5,1,1,TCACCGACCCACTGTATCGA,0,600775
araCp,0.5,1,1,TCACCACCAGCCAGAGTCTG,0,583419
araCp,0.5,1,1,TCACCACACACTTAATCAAC,0,591071
araCp,0.5,1,1,TCACATCATCCCCGGCAGGC,0,569974
araCp,0.5,1,1,TCACAGTTCATGTCGTTAAC,0,543820
araCp,0.5,1,1,TCACAGTATTCGCATGAGCG,0,532067
araCp,0.5,1,1,TCAATCTCGGCAAAGCCCTC,0,579550
araCp,0.5,1,1,TCAAGAAAACATTTCCGCCG,0,565331
araCp,0.5,1,1,TCAAATCAGCCTCCAGCAAC,0,545865
araCp,0.5,1,1,TCAAAGGTATTGTCAGTCAC,0,592300
araCp,0.5,1,1,TCAAAGGGAGGACGCACGCC,0,559142
araCp,0.5,1,1,TCAAAATTCCGAGTACGCGA,0,527000
araCp,0.5,1,1,TCAAAACAAACAGGAACGCT,0,593970
araCp,0.5,1,1,TATTTTCGAAGACACTATGG,0,598698
araCp,0.5,1,1,TATTGCGATCAAGGACCCAC,0,548073
araCp,0.5,1,1,TATTGAAATGACTCTGTGTT,0,586802
araCp,0.5,1,1,TATTCAGGTCCTGTGCATCA,0,589807
araCp,0.5,1,1,TATTATTCTGATCTCGGTTC,0,556128
araCp,0.5,1,1,TATTATCGACAAATGTTACA,0,576288
araCp,0.5,1,1,TATTAATCCCTGCTCGCTTG,0,602581
araCp,0.5,1,1,TATTAAGGAATTTTAATTCT,0,598155
araCp,0.5,1,1,TATGGGTACCTACGATATTT,0,571298
araCp,0.5,1,1,TATGGAGACGCCGGGAAGGG,0,599683
araCp,0.5,1,1,TATGCTGGGCGATCTAGCGG,0,574624
araCp,0.5,1,1,TATGCGCCGCCCAAGGCAAG,0,581293
araCp,0.5,1,1,TATGCGAAAGCAGCCCACAT,0,600520
araCp,0.5,1,1,TATGATCGGCCAGTCGAGGG,0,549468
araCp,0.5,1,1,TATGAAAATTGCAACTCCCC,0,601258
araCp,0.5,1,1,TATCTTCCCGCGTAGAGATC,0,534417
araCp,0.5,1,1,TATCTCTTGCCAACAGAGGG,0,572208
araCp,0.5,1,1,TATCGTAAGCGTGGTCTATT,0,564726
araCp,0.5,1,1,TATCGATTACATATTTTGTA,0,569004
araCp,0.5,1,1,TATCAGGTCCCGGTAGGACC,0,537118
araCp,0.5,1,1,TATATTCTGATTGGGGGCAA,0,583841
araCp,0.5,1,1,TATAGTTGGAAGCTGCCTGT,0,585718
araCp,0.5,1,1,TATAGTTATAGGACAATGTT,0,553130
araCp,0.5,1,1,TATAGGTACGGATAATATTC,0,542297
araCp,0.5,1,1,TATACGAGTTCACATTCATT,0,539265
araCp,0.5,1,1,TATACACACAGTCGAGGCGC,0,568146
araCp,0.5,1,1,TATAATGAGCGTGGTCCGGC,0,549294
araCp,0.5,1,1,TATAACTGATAGCGGAACTA,0,601587
araCp,0.5,1,1,TATAACTCTCTTATTGCCCT,0,600725
araCp,0.5,1,1,TATAACGGGTCCTATAAAAG,0,600713
araCp,0.5,1,1,TAGTGAGGGGAGTTGGACTT,0,537170
araCp,0.5,1,1,TAGTCCCGTCAGCGCCCCTC,0,578102
araCp,0.5,1,1,TAGGTTGCCAGTACTTCGAA,0,540058
araCp,0.5,1,1,TAGGTGATTAATCGCTTTCT,0,596577
araCp,0.5,1,1,TAGGTCGGCGTAACGCATTT,0,549359
araCp,0.5,1,1,TAGGGGAGCGCGTTTGTTAC,0,531766
araCp,0.5,1,1,TAGGGCAGAATAAGGAAATC,0,600055
araCp,0.5,1,1,TAGGGACATAGCAGATCCTA,0,558787
araCp,0.5,1,1,TAGGGAAGCTTCAGTTTGTG,0,550091
araCp,0.5,1,1,TAGGAGGCCCTCCTTTTGCC,0,575862
araCp,0.5,1,1,TAGGACTGAGACACTACACT,0,585861
araCp,0.5,1,1,TAGGACGGAGGTCGATAGAA,0,590055
araCp,0.5,1,1,TAGCTTCTGTATTATGGACC,0,556793
araCp,0.5,1,1,TAGCTATTAAAGAGCGCCTA,0,575574
araCp,0.5,1,1,TAGCTAACGAGTTCACCCAG,0,591517
araCp,0.5,1,1,TAGCGTAAACCGTTGGCTCA,0,565448
araCp,0.5,1,1,TAGCGGTTCTTGCACCACAT,0,569797
araCp,0.5,1,1,TAGCGCGCGCTATCCAGTCT,0,542265
araCp,0.5,1,1,TAGCATAGTAGACTCAATTA,0,548074
araCp,0.5,1,1,TAGCACTAAATCGTACTATA,0,571486
araCp,0.5,1,1,TAGCACCCCTTTCAATATGC,0,544167
araCp,0.5,1,1,TAGCAATCAGTGCTTATCTG,0,572858
araCp,0.5,1,1,TAGATGTCCTTATTAATTGT,0,593647
araCp,0.5,1,1,TAGATGGCAGCGGACAAAAG,0,534752
araCp,0.5,1,1,TAGATACACAGCGCCTGGAA,0,594414
araCp,0.5,1,1,TAGAGTTGCTTGGGGCGGCA,0,527686
araCp,0.5,1,1,TAGAGGGGGAGACGATCACC,0,597689
araCp,0.5,1,1,TACTTGAGGGGGTGCGACAG,0,564272
araCp,0.5,1,1,TACTGCGTAAAGGCGACGGT,0,551806
araCp,0.5,1,1,TACTGAGCACGCTCGACAAA,0,593987
araCp,0.5,1,1,TACTCCGCCATAGCAGCTTC,0,583634
araCp,0.5,1,1,TACTAGGTCCTCGATCGTAT,0,588595
araCp,0.5,1,1,TACGGTTCTTCCAGGAAGCC,0,546016
araCp,0.5,1,1,TACGGCGTTCTTATCGTAAA,0,584616
araCp,0.5,1,1,TACGGCCAACTCCGGTTCAT,0,584473
araCp,0.5,1,1,TACGGACGTGCACCGGGTAT,0,577531
araCp,0.5,1,1,TACGGACCGCGGTATCGTTA,0,527451
araCp,0.5,1,1,TACGCATCCTAAGGAAAGCT,0,549217
araCp,0.5,1,1,TACGCAAATCGTACTCAACA,0,535519
araCp,0.5,1,1,TACGAGGGTCCGTGACGATG,0,525691
araCp,0.5,1,1,TACGACCCGCTTGATTGCTG,0,562604
araCp,0.5,1,1,TACGACAACTATAACGCATT,0,599900
araCp,0.5,1,1,TACCTGATCAGTAGTTTATC,0,554435
araCp,0.5,1,1,TACCTCCACGGAGACCCAGT,0,599613
araCp,0.5,1,1,TACCGTGGCCTGCATATTCC,0,583133
araCp,0.5,1,1,TACCGTCGGCCTGTGACCGT,0,587339
araCp,0.5,1,1,TACCGTCGAGCATAGTACTT,0,590883
araCp,0.5,1,1,TACCGTCAAGTCATTTTTAA,0,537449
araCp,0.5,1,1,TACCGGGGGCCTTAAATTGT,0,534627
araCp,0.5,1,1,TACCGCAATCACTCCTAAGA,0,587729
araCp,0.5,1,1,TACCGATCCCCAAGTCCCAG,0,587590
araCp,0.5,1,1,TACCCTGCGATGGGATGAGG,0,595648
araCp,0.5,1,1,TACCAGGCTTGTCTCTTAAT,0,573953
araCp,0.5,1,1,TACCACGTACCATTAGGTGA,0,592918
araCp,0.5,1,1,TACCACGACAGAACGCGACA,0,576707
araCp,0.5,1,1,TACCAATCAAACGCATTCTA,0,595990
araCp,0.5,1,1,TACATTAGTAACCGGCTTTA,0,535558
araCp,0.5,1,1,TACATAATCGGTTAAGCTAG,0,543642
araCp,0.5,1,1,TACAGCTTCCGGGTCTGGAA,0,534733
araCp,0.5,1,1,TACAGCTGTGATTCTCGAGG,0,569003
araCp,0.5,1,1,TACAGCGTCTATGGTAGTTG,0,593779
araCp,0.5,1,1,TACAGCATCACCTCCCATAG,0,553503
araCp,0.5,1,1,TACAGATTTTTGGGTCGCAG,0,559538
araCp,0.5,1,1,TACAGAGTATAGGACGTCTG,0,578171
araCp,0.5,1,1,TACAGAACAATACTTAGCGA,0,525649
araCp,0.5,1,1,TACACGCCGGATTGGGTGGG,0,537507
araCp,0.5,1,1,TACACCGTAGTACTCTGCCG,0,600058
araCp,0.5,1,1,TACACCCCATGTTCGCAGTT,0,553151
araCp,0.5,1,1,TACAACAGATTGGATCACCC,0,551246
araCp,0.5,1,1,TACAAAATTCGGCTCAATCT,0,577163
araCp,0.5,1,1,TAATTTGGCAATTGCTCACG,0,592758
araCp,0.5,1,1,TAATTCAGCCGACCCTCGTA,0,597546
araCp,0.5,1,1,TAATGCACTGTTCTTTTTGA,0,528495
araCp,0.5,1,1,TAATGAAAGTGGTCAAACCT,0,538686
araCp,0.5,1,1,TAATCGGAGTCCATGGACCG,0,529795
araCp,0.5,1,1,TAATCGCTCGGTTACGGCCA,0,544506
araCp,0.5,1,1,TAATCATAAGCCCCGGCCTG,0,576472
araCp,0.5,1,1,TAATCAAAGGGAGAGCTGAA,0,572014
araCp,0.5,1,1,TAATATATGGCACCGCAAGG,0,535362
araCp,0.5,1,1,TAATAGGTTGATTTAGTTAA,0,557160
araCp,0.5,1,1,TAATAGGGCGGTACGGTCGG,0,557230
araCp,0.5,1,1,TAATACGGACGTTATGAACT,0,580761
araCp,0.5,1,1,TAATACCACTTATAGCATGC,0,537561
araCp,0.5,1,1,TAATAATCGCCAACGTAAGG,0,546066
araCp,0.5,1,1,TAAGTTCCCGTATGCCTCGG,0,599737
araCp,0.5,1,1,TAAGTTATCTTGTTATTACT,0,563964
araCp,0.5,1,1,TAAGTCGTCTGTATCCCGGT,0,572947
araCp,0.5,1,1,TAAGTCCTAATATAAAGGGG,0,528380
araCp,0.5,1,1,TAAGTCAAAAGTGCTGAGTG,0,563338
araCp,0.5,1,1,TAAGTAGGCAGGGGGCCTAC,0,535417
araCp,0.5,1,1,TAAGTACGAAGTGCGGGGAG,0,571450
araCp,0.5,1,1,TAAGGTTGCTTATTTAGACC,0,601236
araCp,0.5,1,1,TAAGGGTGTGACTAGCTAGG,0,599935
araCp,0.5,1,1,TAAGGCACCTATTATGGAAG,0,542642
araCp,0.5,1,1,TAAGCTGTTGGTCTAAATGC,0,572057
araCp,0.5,1,1,TAAGCGCGCGAGAGTGAAGG,0,541103
araCp,0.5,1,1,TAAGCCGCCGCATAGGGAGT,0,546081
araCp,0.5,1,1,TAAGCATGTCGCTTATTTCC,0,548224
araCp,0.5,1,1,TAAGATGCACCCTGACAGCT,0,554405
araCp,0.5,1,1,TAAGAGATCTAGAAGGCATA,0,569261
araCp,0.5,1,1,TAAGACACTTAGGTGATGAT,0,595935
araCp,0.5,1,1,TAACTAAGCCGAGAGTAATC,0,584307
araCp,0.5,1,1,TAACTAACCTACGGTAAACG,0,584539
araCp,0.5,1,1,TAACGCTTTGGTGTGCAGGG,0,561149
araCp,0.5,1,1,TAACCTCACTCCCACATTGC,0,538135
araCp,0.5,1,1,TAACCATGTCCGGAAAGAAT,0,556884
araCp,0.5,1,1,TAACCATCTGTTAGTCACGA,0,529385
araCp,0.5,1,1,TAACACGATTTCTTTCGGCT,0,532019
araCp,0.5,1,1,TAAATCTTCAGGGCTGTTTA,0,566815
araCp,0.5,1,1,TAAATCCCATCCAAGGGCTC,0,539339
araCp,0.5,1,1,TAAAGTGTCTAACCCGTTAT,0,540085
araCp,0.5,1,1,TAAACCAATTCGTCTCTAAA,0,557532
araCp,0.5,1,1,TAAACATACGGGTTATAGCG,0,548771
araCp,0.5,1,1,TAAAAATAAGCGGATGTGCC,0,570578
araCp,0.5,1,1,GTTTTTGGCCGATCGGCTGA,0,599092
araCp,0.5,1,1,GTTTTTATCCTCCCACGTGA,0,534586
araCp,0.5,1,1,GTTTTCAGGCTTCGGTCCAT,0,536986
araCp,0.5,1,1,GTTTTAAAACTGTTTACTCA,0,595669
araCp,0.5,1,1,GTTTGTTGATAGTGAGAGGT,0,571906
araCp,0.5,1,1,GTTTGTCCATTTTTTTCTCT,0,574006
araCp,0.5,1,1,GTTTGGGTACTCCCTAGACA,0,600917
araCp,0.5,1,1,GTTTGCTTCCGGAATTTGGC,0,600870
araCp,0.5,1,1,GTTTGCTGGGACAGCGCATA,0,595554
araCp,0.5,1,1,GTTTGCCCAGGTATGCGACA,0,537149
araCp,0.5,1,1,GTTTGCCACGAATTTGCAGC,0,533720
araCp,0.5,1,1,GTTTCTGGGGCGTTTAAGGC,0,585146
araCp,0.5,1,1,GTTTCCGAAGATTCAGAAAT,0,590308
araCp,0.5,1,1,GTTTATACGACCTGTCCGTA,0,601145
araCp,0.5,1,1,GTTTAGGAAGAGACATTATG,0,529724
araCp,0.5,1,1,GTTTACGCGTTCTCTCAGGG,0,593045
araCp,0.5,1,1,GTTTACAAAGTCCTCTAGGT,0,570085
araCp,0.5,1,1,GTTTAAGCGTTCGACACTGG,0,571289
araCp,0.5,1,1,GTTTAAATGAAATAACGAAT,0,539224
araCp,0.5,1,1,GTTTAAAGAGGCAGTAGTGC,0,600457
araCp,0.5,1,1,GTTGTTCATGCGAGACCATA,0,581872
araCp,0.5,1,1,GTTGTGTTTTACGGGTCAAT,0,564475
araCp,0.5,1,1,GTTGTGCAAATACCCCTCAT,0,558710
araCp,0.5,1,1,GTTGTGATTCTAACCTCAGT,0,552178
araCp,0.5,1,1,GTTGTAGGAGAAAAGCCTTT,0,584463
araCp,0.5,1,1,GTTGTAAATGTTCCAGGAAC,0,552914
araCp,0.5,1,1,GTTGGTTCGCCACAAGTGTG,0,603028
araCp,0.5,1,1,GTTGGGGGGAAGTAACCTCT,0,586180
araCp,0.5,1,1,GTTGGAACAGCATTGGCCAA,0,537147
araCp,0.5,1,1,GTTGCTGGCGCGACGCATGT,0,587432
araCp,0.5,1,1,GTTGCTATACTCGAATCGGG,0,543487
araCp,0.5,1,1,GTTGCAACATCAGTTGTACA,0,580749
araCp,0.5,1,1,GTTGACCAGTTGGTCTTGCA,0,553987
araCp,0.5,1,1,GTTGACCACATAGGGACGTA,0,587660
araCp,0.5,1,1,GTTCGTTCAGTGCGCAACCG,0,527813
araCp,0.5,1,1,GTTCGTGTAGAAACACAGTC,0,595909
araCp,0.5,1,1,GTTCCGTCGGATGGGTCCCC,0,541526
araCp,0.5,1,1,GTTCCATATCCTATTTTACT,0,578071
araCp,0.5,1,1,GTTCATTGGACTTTGATATC,0,539809
araCp,0.5,1,1,GTTCATCTACGTGTCCCTCC,0,537231
araCp,0.5,1,1,GTTCATCCTGCGGTCAGGTC,0,537484
araCp,0.5,1,1,GTTCATCCGGGCCATCTGTG,0,547182
araCp,0.5,1,1,GTTCATAACCCCCTATAGAA,0,549331
araCp,0.5,1,1,GTTCACTTCAGTACCGTTTA,0,591332
araCp,0.5,1,1,GTTCAATGTCAGTTCTGACC,0,534529
araCp,0.5,1,1,GTTATTCAATATCCGGAAAG,0,544395
araCp,0.5,1,1,GTTATGGATGCTTCGACGAG,0,601205
araCp,0.5,1,1,GTTATCCCCGGTATCAGTCA,0,573574
araCp,0.5,1,1,GTTATAAGGCAAGAAGATCG,0,528388
araCp,0.5,1,1,GTTATAACGACGTGCATTAC,0,583733
araCp,0.5,1,1,GTTAGGTCGTTCGAATGTTC,0,527181
araCp,0.5,1,1,GTTAGCGGAATAGGTGAACT,0,553891
araCp,0.5,1,1,GTTACTTGGCGATTGGTGGG,0,535905
araCp,0.5,1,1,GTTACCGGCCACTGCGGGGT,0,601911
araCp,0.5,1,1,GTTACCCTTTGCAGCTGCCC,0,594733
araCp,0.5,1,1,GTTACCACGGAAATATATGT,0,539023
araCp,0.5,1,1,GTTACACTCATCAGTATATA,0,560715
araCp,0.5,1,1,GTTAATTAGTAAGGGCCTCA,0,584890
araCp,0.5,1,1,GTTAAGCAAGCTAGCGTAAC,0,596615
araCp,0.5,1,1,GTTAACGGGGCAACCAATCT,0,546215
araCp,0.5,1,1,GTGTTCGTCGCTTGTTGCAT,0,571345
araCp,0.5,1,1,GTGTTACCTCTGCTAGCGTG,0,588865
araCp,0.5,1,1,GTGTGTAGCCACAGAGTTGG,0,558528
araCp,0.5,1,1,GTGTGGTATCCCGGTTTTGT,0,575317
araCp,0.5,1,1,GTGTGGAATCTTGATCGTGC,0,542685
araCp,0.5,1,1,GTGTGCTTCTCAGCACCCAG,0,603531
araCp,0.5,1,1,GTGTGAAGTGTGGGTCGTCT,0,542194
araCp,0.5,1,1,GTGTCTAAACGCGAGCACGA,0,598006
araCp,0.5,1,1,GTGTCGAGGTAAAAGCCTGC,0,565508
araCp,0.5,1,1,GTGTCGAGGATACGTCAGAA,0,551467
araCp,0.5,1,1,GTGTCAGATGAGCCCACTGT,0,538492
araCp,0.5,1,1,GTGTATCCGGAGACGAGCTA,0,579044
araCp,0.5,1,1,GTGTAAAAAATTGTTGCATG,0,587799
araCp,0.5,1,1,GTGGTTTGCACCTCCTCAAT,0,577792
araCp,0.5,1,1,GTGGTTGGGTACCGTTAAAA,0,567683
araCp,0.5,1,1,GTGGTAAGAGAGATCCATTG,0,541535
araCp,0.5,1,1,GTGGGTGTCGGATAGACGAG,0,587920
araCp,0.5,1,1,GTGGGTCACTCTATTTGAAG,0,568721
araCp,0.5,1,1,GTGGGTAACCCTACGGGCAT,0,567449
araCp,0.5,1,1,GTGGGCTGGGTAAGCGGGCA,0,542181
araCp,0.5,1,1,GTGGGCCACACTGGACGGGC,0,569001
araCp,0.5,1,1,GTGGCTCGTCTGCATTAGGG,0,566930
araCp,0.5,1,1,GTGGAGCGCTTGAATTGGGT,0,593926
araCp,0.5,1,1,GTGGAACAGGGGCGGCCCAC,0,592328
araCp,0.5,1,1,GTGGAAAATTAGGCAAGTAG,0,530008
araCp,0.5,1,1,GTGCTTTACATATGTCGATT,0,525837
araCp,0.5,1,1,GTGCGTTTTGGGAGTTCCAA,0,528736
araCp,0.5,1,1,GTGCGTTGGGGAGACGTGAG,0,535709
araCp,0.5,1,1,GTGCGGAATCCGATAGTGTT,0,551928
araCp,0.5,1,1,GTGCGAGAAATTACTCAGCA,0,564879
araCp,0.5,1,1,GTGCACGTTTTAATGGGTGT,0,589257
araCp,0.5,1,1,GTGCAAGGATTATGGCGGCA,0,548040
araCp,0.5,1,1,GTGATTGTTTAGTCTTGGAA,0,581750
araCp,0.5,1,1,GTGATTGAATCACTCTAGCT,0,561323
araCp,0.5,1,1,GTGATTATAGTTTAGCGGAA,0,528578
araCp,0.5,1,1,GTGATTAGGAATCATGTTAA,0,530130
araCp,0.5,1,1,GTGATGAGTACCGGAACTTT,0,572817
araCp,0.5,1,1,GTGATCCTATATTTTTGAGC,0,563620
araCp,0.5,1,1,GTGAGTGTTGGACTCCTAGT,0,594105
araCp,0.5,1,1,GTGAGTGGTTTTCCGTCCCA,0,552694
araCp,0.5,1,1,GTGAGGGTTGACTACTATAT,0,597474
araCp,0.5,1,1,GTGAGGACAGTCAGAGCAGT,0,578899
araCp,0.5,1,1,GTGAGCAACGAGTAATGTGC,0,599500
araCp,0.5,1,1,GTGAGATGCATATTGCTAAT,0,544490
araCp,0.5,1,1,GTGAGAATGCTAGAGGAATG,0,568158
araCp,0.5,1,1,GTGACTGAGTAGCCACAGCC,0,601873
araCp,0.5,1,1,GTGACTAGGGTCTAGGCCGC,0,589839
araCp,0.5,1,1,GTGACTAGGACGGTCATCCT,0,536660
araCp,0.5,1,1,GTGACGTACATCTCCGCCTA,0,600992
araCp,0.5,1,1,GTGACCTCCTGAGACCGATA,0,555828
araCp,0.5,1,1,GTGAATTGAGCAAATCCAGT,0,549807
araCp,0.5,1,1,GTGAATATTCACAGGTCGTT,0,584852
araCp,0.5,1,1,GTGAACCGGGATGTATAGTA,0,560535
araCp,0.5,1,1,GTGAAACTCGACGGAGATAT,0,588521
araCp,0.5,1,1,GTCTTTCGACAGGTAAGAAG,0,535807
araCp,0.5,1,1,GTCTTCTGTAGATTGTACAG,0,596407
araCp,0.5,1,1,GTCTTCGAGCGCTCAGATAC,0,572560
araCp,0.5,1,1,GTCTCTAAGGCGTTTCGGTC,0,559124
araCp,0.5,1,1,GTCTCCTTCATCGCCAGAAA,0,581241
araCp,0.5,1,1,GTCTCATACCTTCCGCGCGT,0,596887
araCp,0.5,1,1,GTCTATGGCCATAATACAGA,0,536934
araCp,0.5,1,1,GTCTATGAACTACCTGAAGT,0,549125
araCp,0.5,1,1,GTCTATACACAGCACAACTT,0,577347
araCp,0.5,1,1,GTCTACGTCACAGCGATGTC,0,557474
araCp,0.5,1,1,GTCTAAGGATCCTCAAGATT,0,556210
araCp,0.5,1,1,GTCGTGCTCGACCGAAATCC,0,599587
araCp,0.5,1,1,GTCGTACTTTGGGTTGTCCC,0,599329
araCp,0.5,1,1,GTCGGGTTGAGGTCTTGTCC,0,544302
araCp,0.5,1,1,GTCGGCGGCGTCTAAGCAGA,0,549177
araCp,0.5,1,1,GTCGGCCCATTACAGAGGGC,0,571247
araCp,0.5,1,1,GTCGGAATACTGCACTCGAC,0,593931
araCp,0.5,1,1,GTCGCTCCATACATGATGTT,0,584144
araCp,0.5,1,1,GTCGCATTTCGGCGATTTAT,0,590613
araCp,0.5,1,1,GTCGATCTTACTATGCACCA,0,599396
araCp,0.5,1,1,GTCCTCTGTGCGATCCTAGG,0,590214
araCp,0.5,1,1,GTCCGTCGAGGTGCTATTAT,0,572488
araCp,0.5,1,1,GTCCGCTTGTCGTTGGACTG,0,552436
araCp,0.5,1,1,GTCCGCCACCTTGTCGGGAA,0,530201
araCp,0.5,1,1,GTCCGCACGGTCTGGTTTTA,0,557978
araCp,0.5,1,1,GTCCGATTGTGTAAAATTGT,0,572495
araCp,0.5,1,1,GTCCGAATGCGCCGTGGGGT,0,527205
araCp,0.5,1,1,GTCCCCCAGGCGATCAGAAG,0,551917
araCp,0.5,1,1,GTCCCCAGTTGAACAAAATA,0,528861
araCp,0.5,1,1,GTCCATGCGATTACGGACTA,0,573362
araCp,0.5,1,1,GTCCAGCTCTACGCAATGGT,0,589621
araCp,0.5,1,1,GTCCAGACTTGTGGTGTTGA,0,541848
araCp,0.5,1,1,GTCCAGACAGCCATCTCAAG,0,562325
araCp,0.5,1,1,GTCCAAACGGTTTCCACAGG,0,566159
araCp,0.5,1,1,GTCATGAAATGCAGCGTAAG,0,553830
araCp,0.5,1,1,GTCATCCAAGTAATGCACGA,0,537920
araCp,0.5,1,1,GTCATCAGACCTTTGTCTAA,0,592823
araCp,0.5,1,1,GTCATAGTAGGTGCCCATTA,0,533677
araCp,0.5,1,1,GTCATAGGGAAGATCAGAGT,0,538236
araCp,0.5,1,1,GTCATAACATACCTGCGCGA,0,591302
araCp,0.5,1,1,GTCAGTTCTCTGCCACTAGA,0,526417
araCp,0.5,1,1,GTCAGGCATTAAAGTGCCCA,0,578153
araCp,0.5,1,1,GTCACTTCGAAAGGGAGCAG,0,599150
araCp,0.5,1,1,GTCAATTGCAAGCTGGCCGT,0,551414
araCp,0.5,1,1,GTCAATTCGAGCCCCTAGGA,0,582894
araCp,0.5,1,1,GTCAACTGGGCAAAGAGTTA,0,525817
araCp,0.5,1,1,GTCAACCAAGAGTGGATATC,0,544017
araCp,0.5,1,1,GTATTGTTAGCACTTCAAAG,0,546751
araCp,0.5,1,1,GTATTCGGGAGGTGCAAGGC,0,557290
araCp,0.5,1,1,GTATTCGGGAGACAACCAAT,0,547923
araCp,0.5,1,1,GTATTATGGGCGTCAATCGC,0,553595
araCp,0.5,1,1,GTATGTCCAAGGCTAATGGT,0,558904
araCp,0.5,1,1,GTATGGTCTCTGGCTCAGGA,0,526929
araCp,0.5,1,1,GTATGGCCTGGTTGAATGTG,0,580089
araCp,0.5,1,1,GTATGCATAGACTCAGCCCC,0,563079
araCp,0.5,1,1,GTATCTAGGGGCGGAATGCC,0,590352
araCp,0.5,1,1,GTATCTAATATACGGTTAGC,0,568998
araCp,0.5,1,1,GTATCGTTGATGCCTAACGT,0,602605
araCp,0.5,1,1,GTATCGTCCGGGCTTGGTTA,0,582220
araCp,0.5,1,1,GTATCACCATTGCTTGTAGG,0,562383
araCp,0.5,1,1,GTATCAAGTGTTTTAAATCA,0,576477
araCp,0.5,1,1,GTATATAGCATGTAATCGTA,0,558723
araCp,0.5,1,1,GTATAGTAGAAGCCTAACAG,0,590452
araCp,0.5,1,1,GTATAGCTGCGTGCTACGTA,0,563308
araCp,0.5,1,1,GTATACGTTTCACGCGGAAC,0,588567
araCp,0.5,1,1,GTATACGGTTGGACGGATGA,0,593656
araCp,0.5,1,1,GTAGTAGGGAAAGGTGCGAA,0,557943
araCp,0.5,1,1,GTAGGTTAAGCCTCTCTGTT,0,575583
araCp,0.5,1,1,GTAGGGCGGACCTTTTTATC,0,563732
araCp,0.5,1,1,GTAGGAATTCTCATCTCTCG,0,574805
araCp,0.5,1,1,GTAGCGTCAACAAAGGGTCA,0,576153
araCp,0.5,1,1,GTAGCGGCCACTCCTAATGA,0,563085
araCp,0.5,1,1,GTAGCAGCCGACTCCTATGC,0,586836
araCp,0.5,1,1,GTAGATGTAAACCCATTCGT,0,545077
araCp,0.5,1,1,GTAGACGAATCGACCCTCGT,0,597691
araCp,0.5,1,1,GTAGACCAGTTACGCCATGA,0,577869
araCp,0.5,1,1,GTACTTGGGATAAGTCGCCC,0,582900
araCp,0.5,1,1,GTACTGCGAGCTTATGTCTT,0,558640
araCp,0.5,1,1,GTACTGCATCTCGGGTGCCT,0,525597
araCp,0.5,1,1,GTACTAATCATAAGACAAAT,0,533675
araCp,0.5,1,1,GTACGTTTTACCGTAACCGG,0,548622
araCp,0.5,1,1,GTACGGGACAATTGATATGA,0,540781
araCp,0.5,1,1,GTACGCTGATTACAGATCCA,0,575130
araCp,0.5,1,1,GTACGCGGCAATCAGGGATC,0,534698
araCp,0.5,1,1,GTACGAAATTATTACTCTTT,0,572076
araCp,0.5,1,1,GTACCTCAAGGTCGCCCACC,0,531444
araCp,0.5,1,1,GTACCGGAGAGTCTGGCTCG,0,603311
araCp,0.5,1,1,GTACCGACCAGTAGCTGAGT,0,563364
araCp,0.5,1,1,GTACCAATGTAGTCCGTTCT,0,573035
araCp,0.5,1,1,GTACATAGATATCCATGCAG,0,560117
araCp,0.5,1,1,GTACATACGGCGGTGCCGCA,0,590552
araCp,0.5,1,1,GTACACATGGACGCTCCTTA,0,553505
araCp,0.5,1,1,GTAATTATATGATCTAGCTC,0,585711
araCp,0.5,1,1,GTAATTAACGTCAATAATTC,0,543625
araCp,0.5,1,1,GTAATGGAAAGTCTGTGACC,0,592907
araCp,0.5,1,1,GTAATGAGCACTTAGCAAGG,0,566682
araCp,0.5,1,1,GTAATCCAGGTCCCCATGCT,0,538279
araCp,0.5,1,1,GTAAGGAGGCTGATTACTAT,0,598109
araCp,0.5,1,1,GTAAGCGTTCGCGACGTGAT,0,578284
araCp,0.5,1,1,GTAAGCCGGGCGCCGGAATC,0,588590
araCp,0.5,1,1,GTAACTTATCACATGCGCCT,0,577822
araCp,0.5,1,1,GTAACAGAGCGGTATAGAGT,0,526446
araCp,0.5,1,1,GTAAAGTTAACCGTCAATAG,0,593173
araCp,0.5,1,1,GTAAACCACGCTAGCTCGTA,0,560411
araCp,0.5,1,1,GGTTTTTCTGAGCTCAATCT,0,590144
araCp,0.5,1,1,GGTTTTGGCACATGTTTCTA,0,589192
araCp,0.5,1,1,GGTTTTGCCTGAAGCCCTAA,0,574996
araCp,0.5,1,1,GGTTTTCGATTACTTCAAGG,0,533010
araCp,0.5,1,1,GGTTTCGTAGCGGTATGAAG,0,542922
araCp,0.5,1,1,GGTTTATCATCGGGTTTGGT,0,566263
araCp,0.5,1,1,GGTTTAGGGGTCGCGGCGCC,0,564961
araCp,0.5,1,1,GGTTGTTTTGTGCCCCCCTT,0,577332
araCp,0.5,1,1,GGTTGTGGCAGTTTTAAGGA,0,566080
araCp,0.5,1,1,GGTTGGAACCTCAGGTATGA,0,597611
araCp,0.5,1,1,GGTTCTTGGCATCGCGTCAG,0,570306
araCp,0.5,1,1,GGTTCGGGACCATGATGCTG,0,541265
araCp,0.5,1,1,GGTTCCTCGGTGCTACTGCG,0,583928
araCp,0.5,1,1,GGTTCATATCGCCAGAGAGA,0,564449
araCp,0.5,1,1,GGTTAGCAAACGGCGGAGGA,0,539606
araCp,0.5,1,1,GGTGTTATTGATAGCGGCCA,0,544117
araCp,0.5,1,1,GGTGTACACACACCCTATCC,0,601227
araCp,0.5,1,1,GGTGGGGAGACCATGCAGTC,0,565095
araCp,0.5,1,1,GGTGGGAGCAAATGTGCATG,0,570245
araCp,0.5,1,1,GGTGCTAGCCTCAGATAGTC,0,549026
araCp,0.5,1,1,GGTGCGTGTACGGTCTGGTT,0,567083
araCp,0.5,1,1,GGTGCGGACACCAGCGCGTC,0,550080
araCp,0.5,1,1,GGTGCGCGTCATTTCGAGAA,0,533548
araCp,0.5,1,1,GGTGCCTGAAGAAGATTAAA,0,527876
araCp,0.5,1,1,GGTGCCCCGCTCCAATATTT,0,545293
araCp,0.5,1,1,GGTGATGGGGATGAGCAACT,0,547036
araCp,0.5,1,1,GGTGAGTACTAGAGAGTGCA,0,544677
araCp,0.5,1,1,GGTGACGTTACCTCCCGCGC,0,551014
araCp,0.5,1,1,GGTGAAAATTTATGGTATGC,0,541154
araCp,0.5,1,1,GGTCTGTCTGCCCGTCGGAG,0,570256
araCp,0.5,1,1,GGTCTCGAGTTAATTTCATA,0,591883
araCp,0.5,1,1,GGTCTCACACTAATATACGT,0,541129
araCp,0.5,1,1,GGTCGTAGTGTTTCAGGCCT,0,563782
araCp,0.5,1,1,GGTCGGTTGTACGGGCAATT,0,575271
araCp,0.5,1,1,GGTCGGCTGGACTTATTTCG,0,596864
araCp,0.5,1,1,GGTCGGATATCAATGCGGCC,0,562510
araCp,0.5,1,1,GGTCGCACGCGGTCCCCCTA,0,528684
araCp,0.5,1,1,GGTCGATCCATCGGGCCATG,0,531489
araCp,0.5,1,1,GGTCCTTGATGCACGTCCGT,0,580070
araCp,0.5,1,1,GGTCCGAGTGTCTAACTTAG,0,552906
araCp,0.5,1,1,GGTCCGAAGATGGTAGTGGC,0,560567
araCp,0.5,1,1,GGTCAGTCGTCTGGGCCAGG,0,533173
araCp,0.5,1,1,GGTCAGGGTGGATTGCACAT,0,537287
araCp,0.5,1,1,GGTCAGATGATTGAGTTGTT,0,542073
araCp,0.5,1,1,GGTCACTATCAGACGTGGCA,0,539665
araCp,0.5,1,1,GGTCACGCTGGAACTTAGCC,0,585875
araCp,0.5,1,1,GGTCACACGCCTGAGGCCCT,0,603622
araCp,0.5,1,1,GGTCAATTACCCCAAGCTCT,0,552772
araCp,0.5,1,1,GGTATGATCGCCAGGCTTAA,0,530743
araCp,0.5,1,1,GGTATCTTCGAAGACGAGCG,0,538580
araCp,0.5,1,1,GGTAGTGTTGATATATGCAA,0,561512
araCp,0.5,1,1,GGTAGGCGTCAGGTTGCGCC,0,594885
araCp,0.5,1,1,GGTAGAGGCGTACAGATTCG,0,570335
araCp,0.5,1,1,GGTACAGCGTATATCCAATA,0,526748
araCp,0.5,1,1,GGTAATTGCGTCGCATGGGG,0,540749
araCp,0.5,1,1,GGTAATGTCCGGATTACAAT,0,555772
araCp,0.5,1,1,GGTAAGTGTCAAATTCTAAA,0,570343
araCp,0.5,1,1,GGTAAGAATACGTTAATTAT,0,528472
araCp,0.5,1,1,GGTAAAGTACCGATAAGTTC,0,593514
araCp,0.5,1,1,GGGTTTTTGGGGGATTGCAG,0,595734
araCp,0.5,1,1,GGGTTTTGAGAATCTAGTGA,0,536486
araCp,0.5,1,1,GGGTTGGCCTTACTTCGCGG,0,554590
araCp,0.5,1,1,GGGTTGCTACAAATTGATGG,0,532675
araCp,0.5,1,1,GGGTTGAATGCGAAACGCGT,0,544986
araCp,0.5,1,1,GGGTGTTTCCGGCTCGCCTC,0,583222
araCp,0.5,1,1,GGGTGTGCCCCACCAGAGTT,0,550996
araCp,0.5,1,1,GGGTGTCGTAATCGACGTTG,0,577462
araCp,0.5,1,1,GGGTGTACGACAATCGGTAA,0,546423
araCp,0.5,1,1,GGGTGGATGCACTCTGTTAC,0,581432
araCp,0.5,1,1,GGGTGCACAACGAAAGTACG,0,593640
araCp,0.5,1,1,GGGTGATTGCTTAGTGTGAG,0,585587
araCp,0.5,1,1,GGGTGACGGATGGGTGATGG,0,575310
araCp,0.5,1,1,GGGTGAACCGGCTTTCCGGG,0,537979
araCp,0.5,1,1,GGGTCTTTCGTCAATAAACT,0,596372
araCp,0.5,1,1,GGGTCTGTCCGAAGCGATTC,0,602194
araCp,0.5,1,1,GGGTCGGTGAAACCCTCCCC,0,595929
araCp,0.5,1,1,GGGTCCAAAGGAAAGGTTCA,0,531106
araCp,0.5,1,1,GGGTCAGTCGGGCAGAGCCC,0,577427
araCp,0.5,1,1,GGGTATTGGGGAGCTACTAG,0,581629
araCp,0.5,1,1,GGGTATCGATTAGATTCTAC,0,549975
araCp,0.5,1,1,GGGGTTACTTGGTTCACTGT,0,567201
araCp,0.5,1,1,GGGGTTAAGGACGTTCGTAT,0,563298
araCp,0.5,1,1,GGGGTGACCTGGCTTGGGAC,0,555578
araCp,0.5,1,1,GGGGTCTCCGCTGCTACATT,0,564477
araCp,0.5,1,1,GGGGTCGGAGGAGTCACGAT,0,532286
araCp,0.5,1,1,GGGGTCCTCTGCACTCCGGA,0,578418
araCp,0.5,1,1,GGGGTACGGGGGCACGCATT,0,547346
araCp,0.5,1,1,GGGGTAATCGCTACTCTCAC,0,551407
araCp,0.5,1,1,GGGGGTTTCTAGAGGTATTC,0,554052
araCp,0.5,1,1,GGGGGTGGGCTCGAACTACG,0,598697
araCp,0.5,1,1,GGGGGGTTGGCCGTTAGACT,0,527995
araCp,0.5,1,1,GGGGGGCCTGGGAAGGTTTT,0,526877
araCp,0.5,1,1,GGGGGCTGTTCAGGATGTCT,0,562447
araCp,0.5,1,1,GGGGGCAACATTACAACGGT,0,597825
araCp,0.5,1,1,GGGGCCGGACGGTTGTCGTA,0,597217
araCp,0.5,1,1,GGGGCATAGTGTAGGGGTCA,0,525604
araCp,0.5,1,1,GGGGATCCGGGTTATCGTAA,0,582307
araCp,0.5,1,1,GGGGACCGCAGCCATGAGGC,0,573213
araCp,0.5,1,1,GGGCTTCTCAGTAGCAAAGG,0,527965
araCp,0.5,1,1,GGGCTATAGAGCGTGGCCAC,0,531634
araCp,0.5,1,1,GGGCGGGCCCTCCGTCAAGT,0,526513
araCp,0.5,1,1,GGGCGCTACAGTCGGTACTG,0,550793
araCp,0.5,1,1,GGGCGCCTCGATAAAGGTTT,0,599257
araCp,0.5,1,1,GGGCCTTCTACGGTGGACGT,0,569193
araCp,0.5,1,1,GGGCCTACCGCACTACGTAA,0,576330
araCp,0.5,1,1,GGGCCGATGTCTGAATAAGA,0,530259
araCp,0.5,1,1,GGGCCAATGCGACATTTTAA,0,525695
araCp,0.5,1,1,GGGCAGGACCGTCGAATATA,0,592072
araCp,0.5,1,1,GGGCAGCGATCAGGGTCAGA,0,555553
araCp,0.5,1,1,GGGCACTCAGCATCATGCTC,0,572935
araCp,0.5,1,1,GGGCACTATCCCCGCCGACA,0,577635
araCp,0.5,1,1,GGGCACCTTATCGGTCATCT,0,561786
araCp,0.5,1,1,GGGCAAGAAGCTTAGCTAAC,0,576870
araCp,0.5,1,1,GGGATGGTAGTGATCCGCGT,0,569259
araCp,0.5,1,1,GGGATGCTGGCCGGAGTGCA,0,539141
araCp,0.5,1,1,GGGATCTAAAGCCGCGTGTG,0,599126
araCp,0.5,1,1,GGGATCGAAGAAATCATGGA,0,566718
araCp,0.5,1,1,GGGATCATGTAATCAGCTAC,0,586932
araCp,0.5,1,1,GGGATCAAGTACTAACAAAG,0,559609
araCp,0.5,1,1,GGGATAGTGGTGTGTCATAG,0,577803
araCp,0.5,1,1,GGGATACAGACTAGCGATTG,0,551022
araCp,0.5,1,1,GGGAGTTCCTTTCCAAGTAC,0,570356
araCp,0.5,1,1,GGGAGCAGACGCTATCAGCT,0,562343
araCp,0.5,1,1,GGGAGATCCCCTAAGATGAG,0,588929
araCp,0.5,1,1,GGGAGAAGCACCTTCTCTAA,0,597971
araCp,0.5,1,1,GGGACTTTGCAAGTAAGTTC,0,589107
araCp,0.5,1,1,GGGACTGCATCCCTAAAGTC,0,550142
araCp,0.5,1,1,GGGACCACGCGGTTAGTATT,0,526474
araCp,0.5,1,1,GGCTTCCGTAGGGGTGCCCG,0,532771
araCp,0.5,1,1,GGCTTATTGCACATCGCCAG,0,596285
araCp,0.5,1,1,GGCTTATTCCGATGCTTTAC,0,565810
araCp,0.5,1,1,GGCTTATATCCCTCTACCTC,0,573914
araCp,0.5,1,1,GGCTGTTCGTGAGTCAGCAA,0,535732
araCp,0.5,1,1,GGCTGCGTCTCGATTAATGC,0,531697
araCp,0.5,1,1,GGCTCCTACGCGGTACCGTT,0,575744
araCp,0.5,1,1,GGCTCATACAGAAAGGAGTC,0,546916
araCp,0.5,1,1,GGCTCAGGTTTGCGTACTAT,0,560688
araCp,0.5,1,1,GGCTAGACAATGTCTCTTTG,0,583079
araCp,0.5,1,1,GGCTACGGCCACGTAATTTC,0,547250
araCp,0.5,1,1,GGCTACAAGATGTTGGAAAG,0,584706
araCp,0.5,1,1,GGCTAACTCATCTACGGCAT,0,572449
araCp,0.5,1,1,GGCGTCTGCTTGATGTAAGC,0,565232
araCp,0.5,1,1,GGCGTCTATCGACGCGAGTC,0,553808
araCp,0.5,1,1,GGCGTAAGCTGGTTCAGGTG,0,601340
araCp,0.5,1,1,GGCGGTGATGAAGGTTTAAG,0,576623
araCp,0.5,1,1,GGCGGTATCTCTTTTGCGGT,0,527727
araCp,0.5,1,1,GGCGGCTAAAGTGGCTAGAA,0,566304
araCp,0.5,1,1,GGCGGCACCAAAGGACGCAA,0,567265
araCp,0.5,1,1,GGCGCCTGTGGTGTGTCTCT,0,571836
araCp,0.5,1,1,GGCGCCTGGCCCTCGCATTC,0,565282
araCp,0.5,1,1,GGCGCAACGAAGTGTCCAGA,0,601351
araCp,0.5,1,1,GGCGAGTAAAAAGTCATGTG,0,533149
araCp,0.5,1,1,GGCGACGGCCTTCTATTCTT,0,550782
araCp,0.5,1,1,GGCGAAGCTAATAACGGGCG,0,548007
araCp,0.5,1,1,GGCGAAAGACTAGAAAGGTC,0,560024
araCp,0.5,1,1,GGCCTGCGTCGAGCCGGGGT,0,539724
araCp,0.5,1,1,GGCCTCCGAAAAACGGTGGC,0,527436
araCp,0.5,1,1,GGCCGCCGAGCCACGACAGC,0,600331
araCp,0.5,1,1,GGCCGCCCATTGCCTCCAGT,0,544404
araCp,0.5,1,1,GGCCCGGCACTCATCCGTAA,0,572926
araCp,0.5,1,1,GGCCCGGAACCGACAAGGGG,0,580317
araCp,0.5,1,1,GGCCCGAGTGATAATCTGAG,0,531364
araCp,0.5,1,1,GGCCCAGTTGACTAGCATTC,0,528377
araCp,0.5,1,1,GGCCAGCGTTGGTAATCGCA,0,541172
araCp,0.5,1,1,GGCCACAATCTGTAATAATG,0,531539
araCp,0.5,1,1,GGCCAAAGGGAATAGACACG,0,572083
araCp,0.5,1,1,GGCATTCCCAATTTACGCAA,0,585037
araCp,0.5,1,1,GGCATCCGTTTACGAACCTA,0,542460
araCp,0.5,1,1,GGCATAAACGCTTCTAGGAA,0,540704
araCp,0.5,1,1,GGCAGTCCCCTACGCCAAGT,0,571980
araCp,0.5,1,1,GGCAGGTTAAGACTCCTATC,0,541665
araCp,0.5,1,1,GGCAGGACTGTTTTTTGGTC,0,558557
araCp,0.5,1,1,GGCACTCATTTACTGCAAGT,0,599123
araCp,0.5,1,1,GGCACGGGGAGTTCATGGCA,0,596855
araCp,0.5,1,1,GGCAAAGGTATATGGCCGTC,0,547651
araCp,0.5,1,1,GGATTTCCAAGTTGCCTGGC,0,596323
araCp,0.5,1,1,GGATTGGGGTTGCATGCTGC,0,584618
araCp,0.5,1,1,GGATTCTTTTCAGTCTAGGA,0,555028
araCp,0.5,1,1,GGATTCTTACTGTGTACCTT,0,527238
araCp,0.5,1,1,GGATTCAATAGTTTGCGACT,0,534392
araCp,0.5,1,1,GGATTATTTTTATGTCCACA,0,555340
araCp,0.5,1,1,GGATTAAGTACGGCAACATC,0,526668
araCp,0.5,1,1,GGATGTCCCGGGGGCCATAG,0,595853
araCp,0.5,1,1,GGATGGGGCTACCTAGTTAG,0,533189
araCp,0.5,1,1,GGATGATTCCAGTTTTTGAC,0,571346
araCp,0.5,1,1,GGATATATGCATCTTCGGAT,0,542697
araCp,0.5,1,1,GGAGTCAAATCTAGCCGTGT,0,566642
araCp,0.5,1,1,GGAGTATCAACTGATCGCCG,0,538748
araCp,0.5,1,1,GGAGTACGTCACATACAGAA,0,559172
araCp,0.5,1,1,GGAGTAACGGGCGCAAATGT,0,527877
araCp,0.5,1,1,GGAGGTCCTACTTTCTGACT,0,550291
araCp,0.5,1,1,GGAGGGGCTTCTTCAATTAT,0,596343
araCp,0.5,1,1,GGAGGGATCGTCATGTGAAA,0,601079
araCp,0.5,1,1,GGAGGAGCCGATGTGACTAT,0,549902
araCp,0.5,1,1,GGAGCTTGCGACACTGACCC,0,545481
araCp,0.5,1,1,GGAGCTATCGTCAATCTGGA,0,546703
araCp,0.5,1,1,GGAGCACTTACGACCAGCGA,0,578650
araCp,0.5,1,1,GGAGATGTGGCGATGCCCTG,0,538912
araCp,0.5,1,1,GGAGAGAGACTAGAAAAACC,0,531933
araCp,0.5,1,1,GGACTATAGCTTGGGGATTA,0,583420
araCp,0.5,1,1,GGACTACGCATTCACCTAGA,0,530307
araCp,0.5,1,1,GGACCGTGCCGGGTTCGTCC,0,589656
araCp,0.5,1,1,GGACCGTCAAGCAAACTAAT,0,554105
araCp,0.5,1,1,GGACCGAGTTGACAACAAAT,0,565522
araCp,0.5,1,1,GGACCCGGCCCGGTGTTAAC,0,534826
araCp,0.5,1,1,GGACCCCTAACACGTCTTGC,0,525701
araCp,0.5,1,1,GGACCAAAAATAGTTAGCAG,0,537983
araCp,0.5,1,1,GGACACTGGCCGACCCACTT,0,550478
araCp,0.5,1,1,GGACAATAGTCAAATACGTA,0,547376
araCp,0.5,1,1,GGACAAAGGGGGAACATTCA,0,598807
araCp,0.5,1,1,GGAATCCTGATTATAATCAG,0,526451
araCp,0.5,1,1,GGAAGTTAGGGGGCAATCTA,0,578103
araCp,0.5,1,1,GGAAGAGTCTATATTTTCGC,0,585818
araCp,0.5,1,1,GGAACTCCCACAGACTCGTT,0,588551
araCp,0.5,1,1,GGAACGGCATTTTCGTTTCT,0,587241
araCp,0.5,1,1,GGAACCCCTCCCAGGCAGGG,0,544859
araCp,0.5,1,1,GGAAAGCTTGAAAGGCGTTG,0,570502
araCp,0.5,1,1,GCTTTGCGCGCTTAAGCGAC,0,542119
araCp,0.5,1,1,GCTTTGACTACTAATGTGAC,0,528490
araCp,0.5,1,1,GCTTTCTGGCGAACGAAGGT,0,545323
araCp,0.5,1,1,GCTTGTGGATTGCATATCGT,0,599499
araCp,0.5,1,1,GCTTGGGACACGAACCTTTA,0,526404
araCp,0.5,1,1,GCTTGATAGCGCCCCCCTTT,0,599507
araCp,0.5,1,1,GCTTCGTTCAGTCCCAAGAC,0,598980
araCp,0.5,1,1,GCTTCCGTATGACAGAAGTC,0,574984
araCp,0.5,1,1,GCTTCCCTACGTCATATTGT,0,598547
araCp,0.5,1,1,GCTTATTTCAAAGTCCGTGT,0,575027
araCp,0.5,1,1,GCTTACCTTTAATTCGAACT,0,550869
araCp,0.5,1,1,GCTGTCCTCAACCAAGTAGG,0,532211
araCp,0.5,1,1,GCTGGGGTCAGCGGCTGCCT,0,526246
araCp,0.5,1,1,GCTGGCTTGCGTGAGGAGGT,0,586463
araCp,0.5,1,1,GCTGGAAGCACTGCAGGCCA,0,563772
araCp,0.5,1,1,GCTGCTCCAGGTGTGGCTCC,0,539040
araCp,0.5,1,1,GCTGCGGGATGGAAATCATT,0,580413
araCp,0.5,1,1,GCTGATGCGGCCCTGGGGAA,0,533565
araCp,0.5,1,1,GCTGAGGGCTAGACCCTATT,0,553512
araCp,0.5,1,1,GCTGAGACTGTACTAATAGC,0,535149
araCp,0.5,1,1,GCTGAATTATGGAGCCAGCA,0,588822
araCp,0.5,1,1,GCTGAAAACCTCGGCGAACC,0,589347
araCp,0.5,1,1,GCTCTAAGGATAGCCATAGC,0,578974
araCp,0.5,1,1,GCTCTAAGACAATTGATTGG,0,602033
araCp,0.5,1,1,GCTCGTCTTCCCACGGAACT,0,535167
araCp,0.5,1,1,GCTCGGACAACGTACGGTTG,0,591464
araCp,0.5,1,1,GCTCCGACTACATATCGGAC,0,551221
araCp,0.5,1,1,GCTCCGACCGGCATCATCTA,0,567272
araCp,0.5,1,1,GCTCCAAGAAGGCATGTGGG,0,585218
araCp,0.5,1,1,GCTCAGCCACGAATAAGTAA,0,533672
araCp,0.5,1,1,GCTATGTCCATTGTTTTCTT,0,569557
araCp,0.5,1,1,GCTATGTACGGGTCGAACAT,0,582775
araCp,0.5,1,1,GCTATGGATCCTCAGCTCGA,0,564382
araCp,0.5,1,1,GCTAGTAAAGTCTCGCTTCT,0,577140
araCp,0.5,1,1,GCTACTGGGCTATCTCAAGG,0,566027
araCp,0.5,1,1,GCTACTGCGTGTAGCTAGAA,0,548198
araCp,0.5,1,1,GCTACGCTGAAGTTGATACT,0,528854
araCp,0.5,1,1,GCTACGCAACTTTCATCAGC,0,603069
araCp,0.5,1,1,GCTACAGGGCATGAGAGATT,0,598169
araCp,0.5,1,1,GCTAATTCACCATATATGTA,0,579953
araCp,0.5,1,1,GCTAACCGAAAAACACGGAT,0,553101
araCp,0.5,1,1,GCTAAAGTATATCTCGGTCA,0,578929
araCp,0.5,1,1,GCTAAAGCGGTCATCATTGG,0,547789
araCp,0.5,1,1,GCGTTTTGCTGTTGCACTCC,0,556059
araCp,0.5,1,1,GCGTGTGGGCGAGTCACACT,0,552471
araCp,0.5,1,1,GCGTGTATAAGGGGATTCAA,0,530212
araCp,0.5,1,1,GCGTGCGCGACTGGACACTT,0,595986
araCp,0.5,1,1,GCGTAGCTACTCTGGTGGGG,0,600240
araCp,0.5,1,1,GCGTAACTCTAGGCGTTCGC,0,548879
araCp,0.5,1,1,GCGTAAAATTTGAAAGGTAC,0,590149
araCp,0.5,1,1,GCGGTTTGTAGAGCGGGTTA,0,595453
araCp,0.5,1,1,GCGGTTGGTCTTGTGTGTTT,0,602236
araCp,0.5,1,1,GCGGTCCCAATCTTGAGGCG,0,531428
araCp,0.5,1,1,GCGGTCCACGTCAGAAGCGA,0,575893
araCp,0.5,1,1,GCGGTATTGACCCCCAGTGA,0,551753
araCp,0.5,1,1,GCGGTAGTCCAGCCACCGGG,0,532680
araCp,0.5,1,1,GCGGGCCTCTTGCTTTAGAC,0,592590
araCp,0.5,1,1,GCGGCTAATTTCTAGGAACG,0,543370
araCp,0.5,1,1,GCGGCATCCGTCCACTAAAG,0,552747
araCp,0.5,1,1,GCGGAAACGAAATCTATGGA,0,599628
araCp,0.5,1,1,GCGCGTTCTGGGCATAGTAT,0,538100
araCp,0.5,1,1,GCGCGTAGTTATTCCGTACA,0,577385
araCp,0.5,1,1,GCGCGTACGTGGTACGTGTA,0,538435
araCp,0.5,1,1,GCGCGGTCATGGCCAGAGTC,0,584859
araCp,0.5,1,1,GCGCGCTTAGCTGAACTACA,0,584620
araCp,0.5,1,1,GCGCGCTACGTTAGCTCGGG,0,583723
araCp,0.5,1,1,GCGCGCGTAATCAAAATTTA,0,585142
araCp,0.5,1,1,GCGCCTCGGAAAAGGGTTTA,0,533760
araCp,0.5,1,1,GCGCCCGCTCGGGTGTGCCT,0,575983
araCp,0.5,1,1,GCGCATCGCCAGGTGAAGGT,0,556649
araCp,0.5,1,1,GCGCAGTCTCCACGCCACGA,0,565883
araCp,0.5,1,1,GCGCAGGGTTCGTCACTGGA,0,594289
araCp,0.5,1,1,GCGATGCACCTGGGTCATCA,0,567038
araCp,0.5,1,1,GCGATCTGCCCGCACGCGAT,0,540700
araCp,0.5,1,1,GCGATCGTACGTAGTGCGCA,0,580825
araCp,0.5,1,1,GCGATATCATTACGCATCCC,0,541275
araCp,0.5,1,1,GCGAGGCATCGCGGAATCAC,0,551595
araCp,0.5,1,1,GCGAGCTTCATGAACTCGTA,0,572432
araCp,0.5,1,1,GCGAGCCTGCACTCTATCAC,0,574178
araCp,0.5,1,1,GCGACTACGTCCTGATCGTG,0,561296
araCp,0.5,1,1,GCGACCAATCGCGTCTCTAA,0,534063
araCp,0.5,1,1,GCGAATAGGTCCGAGACGGC,0,539027
araCp,0.5,1,1,GCGAACCACGCGCCCTTAAT,0,598500
araCp,0.5,1,1,GCCTTCTTCCAGGCTTCATC,0,528858
araCp,0.5,1,1,GCCTTCTACATCTAGTCCTT,0,601077
araCp,0.5,1,1,GCCTGTGCAGGAACATTTTG,0,546371
araCp,0.5,1,1,GCCTGAACAAGCCCGGTTAC,0,557946
araCp,0.5,1,1,GCCTCTCGGGCCTGAACCTG,0,532242
araCp,0.5,1,1,GCCTCTCCGGGCAAATGCTC,0,561754
araCp,0.5,1,1,GCCTCTATAGATCACATTCA,0,527142
araCp,0.5,1,1,GCCTCCGGCAAAACGCAATT,0,594080
araCp,0.5,1,1,GCCTAGGTGGCTTTCGGAAT,0,536559
araCp,0.5,1,1,GCCTACTCATCGCATGGCAA,0,560930
araCp,0.5,1,1,GCCGTTCTCGGCCGACACGT,0,595142
araCp,0.5,1,1,GCCGTCGAGTAGAGATACTC,0,570511
araCp,0.5,1,1,GCCGTAAAGCCGCGACCAGC,0,583329
araCp,0.5,1,1,GCCGGTGCTCTGTGCGGTCG,0,579484
araCp,0.5,1,1,GCCGGCCGCTTACCTGAGGA,0,539376
araCp,0.5,1,1,GCCGCTCTACATAAGATTGA,0,526393
araCp,0.5,1,1,GCCGATAAACACTGGTGTCT,0,553049
araCp,0.5,1,1,GCCGACCTACTATAAATGTT,0,563132
araCp,0.5,1,1,GCCGAATTAAAGGGGCGGCA,0,551146
araCp,0.5,1,1,GCCGAAGATCTGCCTGATCT,0,598081
araCp,0.5,1,1,GCCCTTTTGCGACTCTTTAA,0,591237
araCp,0.5,1,1,GCCCTTGAGACCAGGAGGTG,0,602251
araCp,0.5,1,1,GCCCTTGAACCGAACACGTT,0,568036
araCp,0.5,1,1,GCCCTTATGTTGACTGGCTC,0,569311
araCp,0.5,1,1,GCCCTCATGAAAATTACGTC,0,537265
araCp,0.5,1,1,GCCCGTTAGTAGTACAAACG,0,581362
araCp,0.5,1,1,GCCCGGCTGATCGCCCTGGG,0,568084
araCp,0.5,1,1,GCCCGATGATCGCTCGGGCT,0,537348
araCp,0.5,1,1,GCCCCTTTCCGGCAGCGTGC,0,530473
araCp,0.5,1,1,GCCCCGCACAGCGAAAGCAT,0,566115
araCp,0.5,1,1,GCCCCGATCATTTGGGACTT,0,567036
araCp,0.5,1,1,GCCCACTGTCCTCTCCCGAA,0,586690
araCp,0.5,1,1,GCCCACTCGCCGGTTTTACA,0,594113
araCp,0.5,1,1,GCCATTTTTCTCATCTGGGT,0,529404
araCp,0.5,1,1,GCCAGGTCGAATGGTCGTCA,0,571976
araCp,0.5,1,1,GCCAGGACGCGGTCAATGTA,0,598027
araCp,0.5,1,1,GCCAGCCCTTCGGTAGACAT,0,569882
araCp,0.5,1,1,GCCACGCGACGTTGGTGATC,0,593167
araCp,0.5,1,1,GCCACATGCTGTGCTTCTTG,0,543815
araCp,0.5,1,1,GCCACATGCGGTGGGATTGT,0,577156
araCp,0.5,1,1,GCCAAGTGGTAGTGTGAGCA,0,579660
araCp,0.5,1,1,GCCAACATACCCGGCACGCT,0,534437
araCp,0.5,1,1,GCATTTGGGGCGGACAATTA,0,602198
araCp,0.5,1,1,GCATTGTGGGGTAGGAGCAG,0,526276
araCp,0.5,1,1,GCATTAGAGGTCGGGCGCCT,0,591506
araCp,0.5,1,1,GCATGTAAATGGCCTAATCA,0,597303
araCp,0.5,1,1,GCATGGGGCTTATCGGTCGC,0,563120
araCp,0.5,1,1,GCATGCTCCGGTTAATGGTC,0,534404
araCp,0.5,1,1,GCATGCGTAGTGGCATTGCC,0,548076
araCp,0.5,1,1,GCATCGTTCAGGAAGTACTG,0,566136
araCp,0.5,1,1,GCATCCGTAATAAGAAAGCT,0,558558
araCp,0.5,1,1,GCATATCCCTGGGTCTAAAT,0,541146
araCp,0.5,1,1,GCATAGTCCCTTAGTACCTA,0,570299
araCp,0.5,1,1,GCATAGGGGTATCTCGTTCT,0,588494
araCp,0.5,1,1,GCATACCTAGCGTACATTCC,0,547830
araCp,0.5,1,1,GCATAAACGTAGATTGAACG,0,586573
araCp,0.5,1,1,GCAGTTTATAGCTCTGTTCA,0,589129
araCp,0.5,1,1,GCAGTAGTCGATTCGTTATG,0,561530
araCp,0.5,1,1,GCAGGGTGATGCATTTTCGG,0,584079
araCp,0.5,1,1,GCAGGCTGAGACCTACCAGT,0,533993
araCp,0.5,1,1,GCAGCTCGAATGAGGGCGTC,0,572979
araCp,0.5,1,1,GCAGCTACAGGGATCTGCGT,0,579024
araCp,0.5,1,1,GCAGCATTTTGGTGCAGTCC,0,530334
araCp,0.5,1,1,GCAGCATGGGGACCCTCGGG,0,547551
araCp,0.5,1,1,GCAGATGATAAATTGGCCTG,0,557359
araCp,0.5,1,1,GCAGATCGTTCCCCCCTCCA,0,526341
araCp,0.5,1,1,GCAGATATTTGGCTCAACCT,0,585937
araCp,0.5,1,1,GCAGATAGCCGTTCTGCGTT,0,554356
araCp,0.5,1,1,GCAGATACTTGTACCCCCCT,0,543266
araCp,0.5,1,1,GCAGAGGATTTGTGCCCGTA,0,545161
araCp,0.5,1,1,GCACTCCGGCCGTTATTTGG,0,541786
araCp,0.5,1,1,GCACTATTCGGGTTTAATGA,0,548764
araCp,0.5,1,1,GCACGGAGTTCGTCCGACCG,0,600421
araCp,0.5,1,1,GCACGAATAACTCACCTCAC,0,566118
araCp,0.5,1,1,GCACCGAATATATCGAGTTA,0,567184
araCp,0.5,1,1,GCACAGATCCTTAAACTTTC,0,544416
araCp,0.5,1,1,GCACACACCCTTCGCAACGA,0,573885
araCp,0.5,1,1,GCACAACTCTCCCCCAAGGT,0,528171
araCp,0.5,1,1,GCAATTTGCTTCAAAAGAAA,0,540387
araCp,0.5,1,1,GCAAGTCTTCTCGGTCCTGA,0,557520
araCp,0.5,1,1,GCAAGGTACGTATGTCTGAC,0,539689
araCp,0.5,1,1,GCAACTGTATATAACGGGCT,0,589649
araCp,0.5,1,1,GCAAACCCCCGATCGCCCGA,0,573038
araCp,0.5,1,1,GCAAACCACTTTATGCCCTC,0,528153
araCp,0.5,1,1,GCAAAAGCAGCCCGACCTTT,0,593318
araCp,0.5,1,1,GATTTTTGACGCTGAGAACG,0,590453
araCp,0.5,1,1,GATTTGAACATGTAAATAGA,0,596701
araCp,0.5,1,1,GATTGGCCCTCTGTTGAGTA,0,598048
araCp,0.5,1,1,GATTGCTATACACTGCCTAC,0,562051
araCp,0.5,1,1,GATTGACGGGGCATTCCGAT,0,596322
araCp,0.5,1,1,GATTGAACGACTCGGTAGTA,0,596982
araCp,0.5,1,1,GATTCACTGGCTTAATACTT,0,602109
araCp,0.5,1,1,GATTCAAAAGTTTTATCTTG,0,547029
araCp,0.5,1,1,GATTATGTGTGCTACGCTGC,0,580541
araCp,0.5,1,1,GATTACCAAGATCGCGCTAC,0,532837
araCp,0.5,1,1,GATTAAAACACCACCGCACC,0,544154
araCp,0.5,1,1,GATGTGCCGAGCTTCAATTG,0,602550
araCp,0.5,1,1,GATGTCTCGTCAGGTAGCTT,0,544849
araCp,0.5,1,1,GATGGTTTGGAGATTCTTTT,0,531761
araCp,0.5,1,1,GATGCTGTCGGTTAAGTTAT,0,593256
araCp,0.5,1,1,GATGCCGCTCAGCTCTGAGT,0,574085
araCp,0.5,1,1,GATGAGTTAAATGTCATTAA,0,594536
araCp,0.5,1,1,GATGAATCACATGAATACTC,0,584531
araCp,0.5,1,1,GATGAAGGCCCGAGAGCAGA,0,557088
araCp,0.5,1,1,GATCTGGAACTGGAGCACAG,0,533097
araCp,0.5,1,1,GATCTAGTACAGCAGCGCTG,0,600833
araCp,0.5,1,1,GATCGAGCGCCGATGATAAC,0,580880
araCp,0.5,1,1,GATCCCTGAGGCGTTGGGTC,0,580685
araCp,0.5,1,1,GATCCCTCACCTGCACGTAA,0,571719
araCp,0.5,1,1,GATCATGGGGCGGGTTCGCA,0,535108
araCp,0.5,1,1,GATCAGGCCGCAGTGTATTC,0,583462
araCp,0.5,1,1,GATATTCCCGGGACGTGGTC,0,569356
araCp,0.5,1,1,GATATGGTTGTGCAGGAGAG,0,559273
araCp,0.5,1,1,GATATCAATATCCTCCTCTT,0,574281
araCp,0.5,1,1,GATATAAGTAGGTGGCCTAT,0,579984
araCp,0.5,1,1,GATAGCTCCCGAATATCCGA,0,553251
araCp,0.5,1,1,GATAAGTGTGATAAAGCAAG,0,571927
araCp,0.5,1,1,GATAAGTGTCGAGCCATCGG,0,603542
araCp,0.5,1,1,GATAAGTGGGGGCCTCGTGT,0,570771
araCp,0.5,1,1,GATAAGCCTGCATAGATGCT,0,568172
araCp,0.5,1,1,GATAACGTTAGGCAGTGCGT,0,529624
araCp,0.5,1,1,GATAAAATTCTAAGCCTGGA,0,575889
araCp,0.5,1,1,GAGTTCGCCAATCTATGGCG,0,554846
araCp,0.5,1,1,GAGTTACTCAAAAGCGACCT,0,550817
araCp,0.5,1,1,GAGTGGCATCTTCGTTCAAA,0,577265
araCp,0.5,1,1,GAGTCAGGGGTAGGCTGGTT,0,585549
araCp,0.5,1,1,GAGTCAAGTATATACGCTGA,0,534604
araCp,0.5,1,1,GAGTATCGATCAAATTGGTT,0,555368
araCp,0.5,1,1,GAGTAGGTGGGGAGTCAAGG,0,575698
araCp,0.5,1,1,GAGTAGCACGCGCCACCGGG,0,557918
araCp,0.5,1,1,GAGGTACGAGTGGGTGAGTC,0,550771
araCp,0.5,1,1,GAGGTAAATACGTTAAGACA,0,548296
araCp,0.5,1,1,GAGGGTGCGACAAGTAATTA,0,574019
araCp,0.5,1,1,GAGGGAGTGTTCTCCTACGC,0,566097
araCp,0.5,1,1,GAGGGACAATTAATACTACG,0,530475
araCp,0.5,1,1,GAGGCGGCGTTACGGGACAG,0,601263
araCp,0.5,1,1,GAGGATTTACCACTGTACGC,0,559668
araCp,0.5,1,1,GAGGATCTGCTGCTACAGAT,0,602340
araCp,0.5,1,1,GAGGAGAGTAAACGCAACGA,0,535869
araCp,0.5,1,1,GAGGACACGGGCTTTCACAG,0,556385
araCp,0.5,1,1,GAGCTCAGGCTGGCCACGTA,0,542554
araCp,0.5,1,1,GAGCGGTCCTATATACAAGC,0,538333
araCp,0.5,1,1,GAGCGACCGAGCACATAGGC,0,589330
araCp,0.5,1,1,GAGCCCTATCAAGGCCGGAT,0,541137
araCp,0.5,1,1,GAGCCAGATGTACGGATCCT,0,544398
araCp,0.5,1,1,GAGCCAAACGACAATCTATA,0,526977
araCp,0.5,1,1,GAGAGCCGTTGCATCGCGTG,0,551144
araCp,0.5,1,1,GAGAGAGAAACTCAAAAAAG,0,549288
araCp,0.5,1,1,GAGACGCGCGTAGCCACCGA,0,567010
araCp,0.5,1,1,GAGACCTCTCGACCGATCAG,0,592838
araCp,0.5,1,1,GAGAATTTACTAAGGACCGG,0,551134
araCp,0.5,1,1,GAGAATAAGAGGCCACTTAT,0,536831
araCp,0.5,1,1,GAGAAATATCTATGCAACCA,0,562717
araCp,0.5,1,1,GAGAAACGCCTAACCATCGT,0,596918
araCp,0.5,1,1,GAGAAACGCCAATATCATCT,0,569178
araCp,0.5,1,1,GACTTTGTCGGAGCTCAAAA,0,558152
araCp,0.5,1,1,GACTTGATACTATATATGGG,0,573392
araCp,0.5,1,1,GACTGGTTTAAATATCGCAA,0,569512
araCp,0.5,1,1,GACTGGTCGGATGTTCTGAT,0,570412
araCp,0.5,1,1,GACTGCGGCATAGTAACACC,0,540420
araCp,0.5,1,1,GACTGAGTAGTGAGCGGTTA,0,583795
araCp,0.5,1,1,GACTCTCACACGTGCTCACA,0,543977
araCp,0.5,1,1,GACTCAGTGCTGCCTCCAAC,0,599037
araCp,0.5,1,1,GACTACTGGGGGGCGTGCAG,0,541792
araCp,0.5,1,1,GACGTTTCACGATCGTCTAC,0,585928
araCp,0.5,1,1,GACGGAGTTCCCGAGTAATG,0,529549
araCp,0.5,1,1,GACGCGCTCCGCCCTAATAT,0,583378
araCp,0.5,1,1,GACGCCTCGTTGTCCGCGGG,0,532341
araCp,0.5,1,1,GACGCCCACGCAGAAGCGCT,0,546785
araCp,0.5,1,1,GACGCCACCCGTTCTCTAGC,0,597532
araCp,0.5,1,1,GACGCATCGGCGTTAAAGAC,0,602213
araCp,0.5,1,1,GACGAGGAAGATCTCAGTTA,0,528582
araCp,0.5,1,1,GACGACGGAATCGGGCGCTT,0,526521
araCp,0.5,1,1,GACCTTTATAGCTAGAGCGA,0,575649
araCp,0.5,1,1,GACCTGATAGGCCCCACGAA,0,536710
araCp,0.5,1,1,GACCTACTATCCAATGAAGT,0,535857
araCp,0.5,1,1,GACCGTTCTTCTATTAACAT,0,554730
araCp,0.5,1,1,GACCCTAGGATCAGATTTAC,0,599559
araCp,0.5,1,1,GACCCGCCTGCATCATAGCA,0,536714
araCp,0.5,1,1,GACCCAATCGATCGGAACGA,0,544966
araCp,0.5,1,1,GACCCAATATTAACTAGGGT,0,559336
araCp,0.5,1,1,GACCAAGACCTTTTTGTCAA,0,531968
araCp,0.5,1,1,GACATAGCTTAATGAGTGGT,0,558095
araCp,0.5,1,1,GACATACCGAACCACCGGCA,0,539735
araCp,0.5,1,1,GACACTAGGCACCTCAATAA,0,562100
araCp,0.5,1,1,GACACTAGACGAACGCTGAG,0,540490
araCp,0.5,1,1,GACACGGCATATCGCACAGA,0,584920
araCp,0.5,1,1,GACACGACGAAGCGCCCTAG,0,562187
araCp,0.5,1,1,GACACAAGTGATCAGCCAAT,0,586086
araCp,0.5,1,1,GACAAGCGTGCATGTTTCTC,0,580799
araCp,0.5,1,1,GACAACTGGCAACTCGTCTC,0,555481
araCp,0.5,1,1,GACAACGCGATCTGCCTGCG,0,543045
araCp,0.5,1,1,GACAAATGGTCAGCTGGGTA,0,583030
araCp,0.5,1,1,GAATTTCCTTCCACACGGTC,0,572044
araCp,0.5,1,1,GAATTGGAAGTGGATACAGG,0,560856
araCp,0.5,1,1,GAATTAATATGAAGGGGCCA,0,567969
araCp,0.5,1,1,GAATGTACCTGGATCAATCT,0,533867
araCp,0.5,1,1,GAATGTAAGAGTTCTCCACT,0,556280
araCp,0.5,1,1,GAATGATGTAAGTTAATTGA,0,562858
araCp,0.5,1,1,GAATCTCAGATTCCTGGGAA,0,535952
araCp,0.5,1,1,GAATCGTCTGTACAAGCATT,0,572897
araCp,0.5,1,1,GAATCCATGCGAGTAATTCC,0,592385
araCp,0.5,1,1,GAATCAGCGGTCGTACGGCT,0,530763
araCp,0.5,1,1,GAATAGCCTAGGATGCACCA,0,599036
araCp,0.5,1,1,GAATAAGCGGTCCGGTTCAT,0,535404
araCp,0.5,1,1,GAAGTGAGTTCTCGAGGCCC,0,576309
araCp,0.5,1,1,GAAGTGAATGTTCTAAGCGG,0,578776
araCp,0.5,1,1,GAAGTACGTTGTGCAGAGGG,0,532120
araCp,0.5,1,1,GAAGTAAAGATGTCCCCAAT,0,575516
araCp,0.5,1,1,GAAGGGGCTCGGGCTGTTCA,0,590925
araCp,0.5,1,1,GAAGGCGGTCAGAGTCCCGA,0,574824
araCp,0.5,1,1,GAAGCAGGGCAATGAGGCTG,0,534562
araCp,0.5,1,1,GAAGCAACGGTATCACTGAG,0,557401
araCp,0.5,1,1,GAACTGTTCATTCAAAAGAA,0,540897
araCp,0.5,1,1,GAACTCGTGTGATGTATCCA,0,563576
araCp,0.5,1,1,GAACGCCATTCGAACGTGAG,0,551452
araCp,0.5,1,1,GAACCTCGACATAACTTAGA,0,528083
araCp,0.5,1,1,GAACCAGAACCCCAGAGGTG,0,571264
araCp,0.5,1,1,GAACAAATTGCAATAGCCGA,0,592604
araCp,0.5,1,1,GAACAAAGAACAACTTTATA,0,530697
araCp,0.5,1,1,GAAATGCCCATGATTTTACG,0,554363
araCp,0.5,1,1,GAAAGTGCGCCGTTAAACTT,0,588661
araCp,0.5,1,1,GAAAATGGGACGGCGGTGCA,0,562368
araCp,0.5,1,1,GAAAATCTGACCCCCAGGGT,0,556809
araCp,0.5,1,1,GAAAATCTCGTGTTGAATCT,0,574088
araCp,0.5,1,1,GAAAAGCTTGGTGCCGGGGT,0,601139
araCp,0.5,1,1,GAAAAATTGCGTTCCCGACC,0,593546
araCp,0.5,1,1,GAAAAAGGGGTTCTAAATTG,0,560081
araCp,0.5,1,1,CTTTTTTCTATCTGTAACAT,0,568674
araCp,0.5,1,1,CTTTTTGGACTCTCCCGTTT,0,546438
araCp,0.5,1,1,CTTTTGGTCTGCCCTTTCGG,0,545035
araCp,0.5,1,1,CTTTTGCTTAGTTTATGCTA,0,599111
araCp,0.5,1,1,CTTTTGACACATATCATGTA,0,543728
araCp,0.5,1,1,CTTTGCTACGAGCTGAGACA,0,589160
araCp,0.5,1,1,CTTTCTAAGGGCGCACGAGA,0,532437
araCp,0.5,1,1,CTTTCGGCGGGATGTCGGTA,0,597198
araCp,0.5,1,1,CTTTCAGGGTAATAACAAGT,0,593398
araCp,0.5,1,1,CTTTATTATGGTATATGACC,0,596310
araCp,0.5,1,1,CTTTAGTGGAGGACGATATA,0,580951
araCp,0.5,1,1,CTTTAGTATATCGGTCATAA,0,534575
araCp,0.5,1,1,CTTGTGACTGGAAGTAGGGG,0,551514
araCp,0.5,1,1,CTTGTCAGCCAGACACCGCT,0,579250
araCp,0.5,1,1,CTTGTAATGACCCGCCTCTC,0,564822
araCp,0.5,1,1,CTTGTAACCGGGTATCGACT,0,583071
araCp,0.5,1,1,CTTGGTCCCGACGGGATCAG,0,586494
araCp,0.5,1,1,CTTGGGCAATACGCCTCCCG,0,530203
araCp,0.5,1,1,CTTGGAAAAGGAGCGGAGGT,0,531537
araCp,0.5,1,1,CTTGCGGATGGTTCTTGGAT,0,572981
araCp,0.5,1,1,CTTGCCATTGGCAAGCCGCT,0,602376
araCp,0.5,1,1,CTTGATAACGTGCCCGTAAT,0,593037
araCp,0.5,1,1,CTTGATAAAGTCAAGAGTAT,0,544952
araCp,0.5,1,1,CTTGAATATTTCAGCATAAG,0,577527
araCp,0.5,1,1,CTTCTTTGTGTCACATCCCT,0,531418
araCp,0.5,1,1,CTTCTCCGCAAAGCCAGAAT,0,538288
araCp,0.5,1,1,CTTCTAGAGCAATGCATAAG,0,525636
araCp,0.5,1,1,CTTCGTATACAATCGGATGA,0,559875
araCp,0.5,1,1,CTTCGGGGATGACGGAGTTG,0,554075
araCp,0.5,1,1,CTTCATTTTCAGTGCCCAGG,0,538997
araCp,0.5,1,1,CTTCACAGCCTACGCACGGC,0,593341
araCp,0.5,1,1,CTTATGTAGCCTGAATTCTC,0,532926
araCp,0.5,1,1,CTTATGGTCCGGTCAGGGTA,0,554993
araCp,0.5,1,1,CTTATCAGGCAGCTCTTTGA,0,566495
araCp,0.5,1,1,CTTATCAAGCAGGTGTAGGA,0,594542
araCp,0.5,1,1,CTTATAGCTGGACGTGCCTG,0,587148
araCp,0.5,1,1,CTTAGTGTGCATCTTTTATA,0,571492
araCp,0.5,1,1,CTTAGTCGCCGGAGGGACGG,0,563283
araCp,0.5,1,1,CTTAGTAGAGCGAGTAACAT,0,549790
araCp,0.5,1,1,CTTAGGGAGCGAGCCGCATC,0,571181
araCp,0.5,1,1,CTTAGGCAGCCCCCAGGACG,0,589284
araCp,0.5,1,1,CTTAGAAGCCGGGCGTCTTT,0,573654
araCp,0.5,1,1,CTTACCGGCTATAGCGCGGA,0,594303
araCp,0.5,1,1,CTTACACCATGACTGGCTCA,0,580291
araCp,0.5,1,1,CTTAATAGCTTAGATTTAAA,0,599898
araCp,0.5,1,1,CTTAAGGGAATGCTCGAATA,0,578945
araCp,0.5,1,1,CTTAAAGTCGGTCTGTATCA,0,530623
araCp,0.5,1,1,CTGTTCATCTATTCCAGAAC,0,574338
araCp,0.5,1,1,CTGTTACCAACTCCAAGGAC,0,530332
araCp,0.5,1,1,CTGTGTATGCATTCGCCATT,0,558451
araCp,0.5,1,1,CTGTGGTGCACCTATGGTCA,0,586011
araCp,0.5,1,1,CTGTCTAAACTGCTACGCTT,0,561214
araCp,0.5,1,1,CTGTCCCCGCTGGCTGTCAG,0,549027
araCp,0.5,1,1,CTGTCATGGATCAACTCAAG,0,601888
araCp,0.5,1,1,CTGTATGTTTGTATTATATC,0,584626
araCp,0.5,1,1,CTGTAGATTTGAACATATGT,0,553954
araCp,0.5,1,1,CTGGGAGGCAGTCGGTCAGT,0,585490
araCp,0.5,1,1,CTGGGAATGATCAATTGCGT,0,566507
araCp,0.5,1,1,CTGGCAGCTAGCAACCCTGC,0,562423
araCp,0.5,1,1,CTGGCACGCTCTCTCTGGGA,0,574191
araCp,0.5,1,1,CTGGAGACAGTAACGACAAG,0,525784
araCp,0.5,1,1,CTGGAATTCGCTTAATGGGT,0,548244
araCp,0.5,1,1,CTGGAACGTCAAGCAAAACA,0,548322
araCp,0.5,1,1,CTGGAACAAAATTAGCCAGA,0,595765
araCp,0.5,1,1,CTGCTGTACAGTACCAATCG,0,566295
araCp,0.5,1,1,CTGCTGCGACATAGAATTTA,0,549877
araCp,0.5,1,1,CTGCTCCCATGGGTGAGAAG,0,547813
araCp,0.5,1,1,CTGCTCAAGAGAGATGAGCC,0,549021
araCp,0.5,1,1,CTGCGTCTGGGGTCCTGCCT,0,572471
araCp,0.5,1,1,CTGCGGCGAGTAGAATCGGA,0,538803
araCp,0.5,1,1,CTGCGCGTCGGGGTAGTGAG,0,578058
araCp,0.5,1,1,CTGCCTGATCGGTGGCGACA,0,530410
araCp,0.5,1,1,CTGCCTATGCTCACGCTAAC,0,565503
araCp,0.5,1,1,CTGCATTGTTCACCGAGTAG,0,565280
araCp,0.5,1,1,CTGCATAAACATAATTAGGC,0,581475
araCp,0.5,1,1,CTGCAAGCAGTGTACCTGAT,0,550307
araCp,0.5,1,1,CTGATTGCCGAGCTGTAAAA,0,589234
araCp,0.5,1,1,CTGATTGCACAATGGAGTGT,0,566512
araCp,0.5,1,1,CTGATTGATGATGAAAAAGG,0,591510
araCp,0.5,1,1,CTGATGCCGTCTACACTACG,0,599044
araCp,0.5,1,1,CTGATGATCAAATAGGTCTA,0,545456
araCp,0.5,1,1,CTGACACCGTAACTTCCCTC,0,596148
araCp,0.5,1,1,CTGAATCCTCCTGGGAAATC,0,525886
araCp,0.5,1,1,CTGAAAGAACTGACCACAGA,0,572973
araCp,0.5,1,1,CTCTTTAGGCTCGTAGGCCC,0,572489
araCp,0.5,1,1,CTCTTGTTGCACGCCGTTCG,0,549774
araCp,0.5,1,1,CTCTTGTCTGCTCGTCTACT,0,566269
araCp,0.5,1,1,CTCTTCGATTCTCCTCGGTC,0,580329
araCp,0.5,1,1,CTCTGAGAAATCGATGGGCA,0,583035
araCp,0.5,1,1,CTCTCGGTTAGCATTTCTCG,0,571323
araCp,0.5,1,1,CTCTCATAACCCTTAGCTGG,0,531304
araCp,0.5,1,1,CTCGTTTTGGATATTCTTAA,0,574638
araCp,0.5,1,1,CTCGTTCCTTTCTTTCCTAG,0,547609
araCp,0.5,1,1,CTCGTCGGCTATAACCGCGC,0,602224
araCp,0.5,1,1,CTCGGTGGGTTGAGTATAGC,0,577381
araCp,0.5,1,1,CTCGGTAGGTGTGTATCATA,0,589613
araCp,0.5,1,1,CTCGGGATTTAGGAGAATAG,0,594043
araCp,0.5,1,1,CTCGGCTCGTCATAATGTGA,0,566919
araCp,0.5,1,1,CTCGGCGTTCCCTGTACGTG,0,596837
araCp,0.5,1,1,CTCGCTCTATCGATCTGTGC,0,587952
araCp,0.5,1,1,CTCGAGCTGCATATGCGGCT,0,572533
araCp,0.5,1,1,CTCCGTAATGATTTCTTCCT,0,602257
araCp,0.5,1,1,CTCCGGCGCCTCACGGTAAA,0,537219
araCp,0.5,1,1,CTCCGATATAATGAGGCCTC,0,562162
araCp,0.5,1,1,CTCCCGCTTAATGGGCACCT,0,584229
araCp,0.5,1,1,CTCCCGCGAAGGCCGGGGAA,0,548958
araCp,0.5,1,1,CTCCATATATCGGCTAGCGG,0,584938
araCp,0.5,1,1,CTCCAGCAGCAGGGGATCGG,0,569549
araCp,0.5,1,1,CTCATGTTGTCTTTTCGGAC,0,575140
araCp,0.5,1,1,CTCATCAGCCGAAATTTCAG,0,556001
araCp,0.5,1,1,CTCATATCTGCTGGCTCTTT,0,592066
araCp,0.5,1,1,CTCAGGTATTGGCTTAATTA,0,534690
araCp,0.5,1,1,CTCACGCGCGGAGAGATATA,0,593761
araCp,0.5,1,1,CTCACCCGGAGAAATGTCCC,0,562223
araCp,0.5,1,1,CTCACCACGGCACGTATAGC,0,528092
araCp,0.5,1,1,CTCAAAGTCAATGCTGCGTG,0,559776
araCp,0.5,1,1,CTCAAAAGTTCCGTGTACGC,0,530545
araCp,0.5,1,1,CTATTCTAGATCTCGTAATT,0,566827
araCp,0.5,1,1,CTATTATGGGCTTCAGTTGA,0,563770
araCp,0.5,1,1,CTATGTGCCTCACGAGTAGG,0,526105
araCp,0.5,1,1,CTATGGACATTGAGCCGTGC,0,597728
araCp,0.5,1,1,CTATGAGGGAGTTGGTTTTA,0,555270
araCp,0.5,1,1,CTATCTCACAGGCGTAGTCC,0,544323
araCp,0.5,1,1,CTATCCGTGCTGATCGTCAC,0,553763
araCp,0.5,1,1,CTATCCAAAGTAACGCTTGA,0,580943
araCp,0.5,1,1,CTATCATATGCAGATAATTA,0,564052
araCp,0.5,1,1,CTATCAGGCGCAATTCATCT,0,526121
araCp,0.5,1,1,CTATATTTGGCTAGGGGTAC,0,566667
araCp,0.5,1,1,CTATATTGCTAAGTCGTGAT,0,546853
araCp,0.5,1,1,CTATAGAGATTATATGTACA,0,567965
araCp,0.5,1,1,CTATACAAAATACACTAAAG,0,537209
araCp,0.5,1,1,CTAGTCCAGACAATGATATG,0,528864
araCp,0.5,1,1,CTAGTCCAACGCTCCTTGTA,0,549348
araCp,0.5,1,1,CTAGTAATGCATCGCGCTAT,0,552187
araCp,0.5,1,1,CTAGGGTGGTTGGTTAAGCA,0,597397
araCp,0.5,1,1,CTAGCCTGAACATCTTGCTC,0,545245
araCp,0.5,1,1,CTAGCCATTAGGATGTAATC,0,597940
araCp,0.5,1,1,CTAGCATCTGAATAAAGCCC,0,588312
araCp,0.5,1,1,CTAGATGTAGGTCCAATCTC,0,576627
araCp,0.5,1,1,CTACTCATCTCCACATGCCC,0,565252
araCp,0.5,1,1,CTACGATGGGCTGCCTCATC,0,590000
araCp,0.5,1,1,CTACCGTCCTGCTCGATTCG,0,553551
araCp,0.5,1,1,CTACCAACCGGTCTAGTAAC,0,529151
araCp,0.5,1,1,CTACATACCAACTCACTTGA,0,539328
araCp,0.5,1,1,CTACAGTACTGGCACCAATC,0,531648
araCp,0.5,1,1,CTAATTGTGGATGGGGGGTC,0,536412
araCp,0.5,1,1,CTAATTGCATACAGTGGCGA,0,602541
araCp,0.5,1,1,CTAATTCAGTTTGATACGCC,0,540750
araCp,0.5,1,1,CTAATTACTAAGTGCATTCT,0,586888
araCp,0.5,1,1,CTAATGAGACCGTTAGCGGA,0,553659
araCp,0.5,1,1,CTAAGTAGCTGTTTTTGCCT,0,601748
araCp,0.5,1,1,CTAAGATATCCCTTCTGTGG,0,531989
araCp,0.5,1,1,CTAACTGAGGAGAGCACAAC,0,558807
araCp,0.5,1,1,CTAACTATGACATAACATAC,0,550331
araCp,0.5,1,1,CTAACATTCATCGTTCTCTC,0,575651
araCp,0.5,1,1,CTAAAACGGTCTGACTCGCA,0,593999
araCp,0.5,1,1,CGTTTCGGCTCCTAGAGTAC,0,530504
araCp,0.5,1,1,CGTTTCCAGCTGTTGTCGTT,0,539681
araCp,0.5,1,1,CGTTGGTGTCGTAAAGGGTC,0,585627
araCp,0.5,1,1,CGTTGGTCCCATTCTGATCC,0,588948
araCp,0.5,1,1,CGTTCTTACTCAGGCATGGC,0,596983
araCp,0.5,1,1,CGTTCTTAATGAATACGTTT,0,578563
araCp,0.5,1,1,CGTTCTGGTGGGTAAAAACC,0,569057
araCp,0.5,1,1,CGTTCAGTCGGGAGTATGAG,0,549891
araCp,0.5,1,1,CGTTAAAAATCCAACTCTAC,0,561912
araCp,0.5,1,1,CGTTAAAAAAAAAATGCTAA,0,556073
araCp,0.5,1,1,CGTGTGGTAATAAAGGCTCC,0,530847
araCp,0.5,1,1,CGTGTCTGTCAAGGTCGCGC,0,547274
araCp,0.5,1,1,CGTGTCCTGTTCTCACCCGG,0,534121
araCp,0.5,1,1,CGTGTCCGCCTGAGTATAGA,0,535169
araCp,0.5,1,1,CGTGTAAGACTGGATGGAAT,0,558762
araCp,0.5,1,1,CGTGTAAAGGGATCCCTGCT,0,573307
araCp,0.5,1,1,CGTGGTTTCCGCACAACTCT,0,534974
araCp,0.5,1,1,CGTGGCACCTATTGTCAAGC,0,598198
araCp,0.5,1,1,CGTGCGGACTTACTAATCGC,0,542218
araCp,0.5,1,1,CGTGATGAGAGTACCGCTTC,0,545610
araCp,0.5,1,1,CGTGATAACAACGTCATTTG,0,570473
araCp,0.5,1,1,CGTGAATGGATATTAAAAGG,0,586945
araCp,0.5,1,1,CGTCTTCGGTTAGCGTACAA,0,533663
araCp,0.5,1,1,CGTCTGTGCCGTATGCCAAA,0,558563
araCp,0.5,1,1,CGTCTGCATAGGAGCAATAC,0,598927
araCp,0.5,1,1,CGTCGTGAGCAGGGCTTGTG,0,591257
araCp,0.5,1,1,CGTCGCGATAGTTCGCCAGG,0,581011
araCp,0.5,1,1,CGTCCTGATGGCATCATCGT,0,559334
araCp,0.5,1,1,CGTCCCCAGTAATGAGCACA,0,537145
araCp,0.5,1,1,CGTCCATCGCGACTATAATT,0,553979
araCp,0.5,1,1,CGTCCAGAGTAGGCGGAAGT,0,577105
araCp,0.5,1,1,CGTCATGATGGCAGCATGGT,0,549705
araCp,0.5,1,1,CGTCATCAAGGAGGAATTTC,0,545402
araCp,0.5,1,1,CGTCAATTGCTGGTTGTACA,0,569622
araCp,0.5,1,1,CGTCAAGCACTATTTGAATA,0,585550
araCp,0.5,1,1,CGTCAAACCTTAATATTGGC,0,530000
araCp,0.5,1,1,CGTATTCGGATTGCTTTTGT,0,557568
araCp,0.5,1,1,CGTATGGGCTTTTTAGACAT,0,584676
araCp,0.5,1,1,CGTATGATGCATGCCGCGAA,0,546362
araCp,0.5,1,1,CGTATCACCGGTCACGATAA,0,551720
araCp,0.5,1,1,CGTAGTCTTTATAGAATGGC,0,550693
araCp,0.5,1,1,CGTAGTAATCAGCCCCGACC,0,573603
araCp,0.5,1,1,CGTAGACTACCGATCAAAGT,0,549005
araCp,0.5,1,1,CGTACTGCTATAGGGTGCAG,0,545273
araCp,0.5,1,1,CGTACGTGACTCCGAGCGCT,0,537587
araCp,0.5,1,1,CGTACGTACCTACGAATCGT,0,602654
araCp,0.5,1,1,CGTACATTCGACAAACAAGA,0,534509
araCp,0.5,1,1,CGTACACGTCCATATGGGAA,0,575711
araCp,0.5,1,1,CGGTTTGGTTATGTAACACA,0,591512
araCp,0.5,1,1,CGGTTTGCTGAGTTAAACCT,0,527685
araCp,0.5,1,1,CGGTTATCTGCATACATCAC,0,531749
araCp,0.5,1,1,CGGTTATATAACCCAGCGAT,0,574335
araCp,0.5,1,1,CGGTTAAGACGGTTTGCCCA,0,536169
araCp,0.5,1,1,CGGTGTTCACAGCTCAATCT,0,564864
araCp,0.5,1,1,CGGTGTCTTCCGCTTGGTCA,0,554732
araCp,0.5,1,1,CGGTGGTGATTCCTTGCGGA,0,545115
araCp,0.5,1,1,CGGTGATCGCGGCCAATGGC,0,561348
araCp,0.5,1,1,CGGTCTATGATCATACAATT,0,530055
araCp,0.5,1,1,CGGTCTAGCCACCGGCCTGA,0,566753
araCp,0.5,1,1,CGGTCGCGCTTGATTAGGGT,0,540513
araCp,0.5,1,1,CGGTCGATATAGATACACAT,0,550787
araCp,0.5,1,1,CGGTAGTTCCAGAGGGTTGA,0,543978
araCp,0.5,1,1,CGGTACGGTGGCGCCCCTTT,0,588096
araCp,0.5,1,1,CGGGTTGTACTGCCCTCACC,0,558325
araCp,0.5,1,1,CGGGTGGGATTCCACTCCAC,0,578222
araCp,0.5,1,1,CGGGTGCATACCCGTAGACG,0,557570
araCp,0.5,1,1,CGGGTGATGTTAATGATCAA,0,570106
araCp,0.5,1,1,CGGGTCCAGATGGACGGGTA,0,597562
araCp,0.5,1,1,CGGGGGATGTCAACCGCGCC,0,528254
araCp,0.5,1,1,CGGGCGCCGTCGCCGCACTC,0,547656
araCp,0.5,1,1,CGGGCATTACTGACCTTGGG,0,538249
araCp,0.5,1,1,CGGGCAGTACGCGAATCGGA,0,576250
araCp,0.5,1,1,CGGGAGGGATCCCGCAGGTA,0,587144
araCp,0.5,1,1,CGGGACTGCTTGGAAAACAT,0,572975
araCp,0.5,1,1,CGGGACGGATTGGGCTATCC,0,553887
araCp,0.5,1,1,CGGGAAGCACTTGCGCATAT,0,600014
araCp,0.5,1,1,CGGGAAGATTTGGGATGGCC,0,565938
araCp,0.5,1,1,CGGCTAGCAAGCAAACATAT,0,600928
araCp,0.5,1,1,CGGCGTCTATTGTGCAGTAG,0,577410
araCp,0.5,1,1,CGGCGTCTACTATAGGCAAG,0,534199
araCp,0.5,1,1,CGGCGGTTTCGGTGATCGGC,0,552525
araCp,0.5,1,1,CGGCGGGGATGTACATATAG,0,599393
araCp,0.5,1,1,CGGCGACCTGGTCGGACACA,0,577761
araCp,0.5,1,1,CGGCCTGGATGCCCACTTGG,0,535303
araCp,0.5,1,1,CGGCCGTTGGCTCTAACGAT,0,562221
araCp,0.5,1,1,CGGCCCCTGTTACAGGGTGA,0,569535
araCp,0.5,1,1,CGGCCCAGGTCATGTAGCGC,0,588847
araCp,0.5,1,1,CGGCCAGCACACCGCTTCAG,0,545214
araCp,0.5,1,1,CGGCCAGACCTTAGGTCATC,0,581860
araCp,0.5,1,1,CGGCCAATTTTCCTCTCATT,0,556194
araCp,0.5,1,1,CGGCCAACAACATAAGAGAG,0,592684
araCp,0.5,1,1,CGGCATTTTTACCCGCGCAA,0,583533
araCp,0.5,1,1,CGGCAGATACGTATACTCAT,0,592997
araCp,0.5,1,1,CGGCACTTGCCAGCTATCGC,0,541949
araCp,0.5,1,1,CGGCACGTCCTGCTCTGATC,0,559388
araCp,0.5,1,1,CGGATTTCAGGTACTTGGCC,0,572480
araCp,0.5,1,1,CGGATTGTGCATAGTTACAT,0,589289
araCp,0.5,1,1,CGGATGCATGTAGTGTAACT,0,593498
araCp,0.5,1,1,CGGATGCAGGACACCACTCG,0,550854
araCp,0.5,1,1,CGGATCGGCGTGAGACGAAC,0,538251
araCp,0.5,1,1,CGGATCGGCATTCCAGTTTT,0,579866
araCp,0.5,1,1,CGGATATGTCCACATACCTC,0,598225
araCp,0.5,1,1,CGGATAGGGCTATATCGCGA,0,593129
araCp,0.5,1,1,CGGATACTCTGAAGCGCTGA,0,532103
araCp,0.5,1,1,CGGATAAGTGTAGGCAATGC,0,542449
araCp,0.5,1,1,CGGAGGCATGAGTGTTTTAG,0,554386
araCp,0.5,1,1,CGGAGCTAACGGCCCAGATC,0,571485
araCp,0.5,1,1,CGGACTGATAATTAAAGTGG,0,528230
araCp,0.5,1,1,CGGACACAATTTGCGAATGA,0,532159
araCp,0.5,1,1,CGCTTTTCGCACGCCGATGC,0,559510
araCp,0.5,1,1,CGCTTTCCATAGGCTTTTAA,0,588987
araCp,0.5,1,1,CGCTTGGCAGTTGAGACAGG,0,556708
araCp,0.5,1,1,CGCTTCTCAGATGCTAGAGC,0,601326
araCp,0.5,1,1,CGCTTCCTGCTTTTGACTAT,0,570411
araCp,0.5,1,1,CGCTTCCGGAACGTTTGTGA,0,567718
araCp,0.5,1,1,CGCTGTTGAAGTATTCGGGT,0,527087
araCp,0.5,1,1,CGCTGTGTTCGCCAATCGCT,0,557137
araCp,0.5,1,1,CGCTGGTAGCTGTTTCTTAA,0,557728
araCp,0.5,1,1,CGCTGACGGTGTAGGCCAAC,0,540735
araCp,0.5,1,1,CGCTCGTTCCATGTGAGGTC,0,574549
araCp,0.5,1,1,CGCTCGAAATCATTACGACT,0,595775
araCp,0.5,1,1,CGCTCCTCATGGAACGAACG,0,548248
araCp,0.5,1,1,CGCTCAATCCAATCGTTTCT,0,535680
araCp,0.5,1,1,CGCTATGTCCAACCATGTGC,0,595525
araCp,0.5,1,1,CGCTAGCTTTGACTCTCAGG,0,558804
araCp,0.5,1,1,CGCTAGATCCTGGCCTGTTT,0,595299
araCp,0.5,1,1,CGCTAGAGTGATCTACACAT,0,568783
araCp,0.5,1,1,CGCTACTTAGCTAGTAACGA,0,563307
araCp,0.5,1,1,CGCTAAAGACCCGGAATTTT,0,547433
araCp,0.5,1,1,CGCGGCATGTAACGGGTTAG,0,565078
araCp,0.5,1,1,CGCGGATGTGATTTGTGATC,0,576080
araCp,0.5,1,1,CGCGGATCTTGGTTTGCGTT,0,535796
araCp,0.5,1,1,CGCGCTGAGGCTTACAATCT,0,536256
araCp,0.5,1,1,CGCGCTCATTATCATTGCAA,0,526970
araCp,0.5,1,1,CGCGCGATTCGGCCTTCGCC,0,539164
araCp,0.5,1,1,CGCGCATCATGGTTAGTGCG,0,529326
araCp,0.5,1,1,CGCGCACTTTGGCGGGCATT,0,586655
araCp,0.5,1,1,CGCGACCGCAACTCGCTACG,0,588103
araCp,0.5,1,1,CGCCTAAGAGTTCCCCCGTC,0,549712
araCp,0.5,1,1,CGCCCTCCATTCTCAACAAG,0,570962
araCp,0.5,1,1,CGCCCCACACATGGACAATA,0,540426
araCp,0.5,1,1,CGCCATTAACTCAAGCCACG,0,545090
araCp,0.5,1,1,CGCCACCGGCTTTCACCATC,0,562505
araCp,0.5,1,1,CGCCAAAGACACGAAGGCCG,0,527976
araCp,0.5,1,1,CGCATTGGTACGCCCCACTA,0,588226
araCp,0.5,1,1,CGCAGATGGAGAAACCATGC,0,557425
araCp,0.5,1,1,CGCACTCATATGGTAAACCG,0,589962
araCp,0.5,1,1,CGCACGCTGAGCAGTTCACG,0,557806
araCp,0.5,1,1,CGCACGAGACCAGGACCGCG,0,603686
araCp,0.5,1,1,CGCACGAAAAAAATAAATTG,0,570392
araCp,0.5,1,1,CGCACCTAGGGCTCTCCCAT,0,532803
araCp,0.5,1,1,CGCACCGGGCTCTGTCTGGT,0,552857
araCp,0.5,1,1,CGCAATTTTAGTGCTCGCTA,0,572017
araCp,0.5,1,1,CGATTGTTTTGGTCGGCAGG,0,526502
araCp,0.5,1,1,CGATTGCTGGCCAGTCGTCG,0,554297
araCp,0.5,1,1,CGATTAGGTCTGGCAGTCGT,0,529986
araCp,0.5,1,1,CGATTAAACGGCCCACGTCC,0,582971
araCp,0.5,1,1,CGATTAAAAATATCGCGGAC,0,592745
araCp,0.5,1,1,CGATGTTAAGGGGACGCACG,0,582741
araCp,0.5,1,1,CGATGGGACTATGCCGTCAT,0,530466
araCp,0.5,1,1,CGATGGCACTAGCGGCTCAA,0,563145
araCp,0.5,1,1,CGATGAGAGGGACGGCCAAC,0,528648
araCp,0.5,1,1,CGATGACGTAGAATCTTGAT,0,542967
araCp,0.5,1,1,CGATGAAATTCAACCATCTT,0,554907
araCp,0.5,1,1,CGATGAAAGCACGACGCGGA,0,565953
araCp,0.5,1,1,CGATCTGTTGCTTTTGAATG,0,550394
araCp,0.5,1,1,CGATCGTCAGATCTGCACGG,0,567566
araCp,0.5,1,1,CGATCGACCGTTTTGGTCTT,0,561561
araCp,0.5,1,1,CGATCCAATGGGGTTCCGGA,0,537174
araCp,0.5,1,1,CGATCAACTTCAGGATTGCA,0,590539
araCp,0.5,1,1,CGATATCTCAACTACGGTAA,0,547950
araCp,0.5,1,1,CGATAGGTGTTCATTCAAAG,0,568961
araCp,0.5,1,1,CGAGTGGCGTGCACGGCCCC,0,603067
araCp,0.5,1,1,CGAGGAAATATGGGTCATCT,0,596667
araCp,0.5,1,1,CGAGCTTCGTCCATCTCGGG,0,557954
araCp,0.5,1,1,CGAGCTACGCTCTAGATCAA,0,540025
araCp,0.5,1,1,CGAGCCATTCGCTGCGGATA,0,530470
araCp,0.5,1,1,CGAGCATCACCGCAGTGCGT,0,540055
araCp,0.5,1,1,CGAGATCTGATTGCCTAACT,0,548294
araCp,0.5,1,1,CGAGATCCCGATTTACAAAT,0,541539
araCp,0.5,1,1,CGAGAGTTGGGGGAACCCGG,0,600346
araCp,0.5,1,1,CGACTGTTCGGTCACTACTA,0,575631
araCp,0.5,1,1,CGACGGCCTTGATGTGTCAC,0,576394
araCp,0.5,1,1,CGACGCGGATACGGCCTGTC,0,567557
araCp,0.5,1,1,CGACGCCACTCATGCATGTA,0,561650
araCp,0.5,1,1,CGACGAGCGTAGCCTGACGG,0,589364
araCp,0.5,1,1,CGACCCGGCAAAACCGACCC,0,586076
araCp,0.5,1,1,CGACATTATTTTCGACAGAT,0,577409
araCp,0.5,1,1,CGACATCTTCAATTACCCGC,0,538842
araCp,0.5,1,1,CGACACGGGCTGAAGAAAAG,0,593552
araCp,0.5,1,1,CGACACGAAGGTTACACAGG,0,590391
araCp,0.5,1,1,CGACAATATGATACATACAT,0,564679
araCp,0.5,1,1,CGAATCTGTAAACCGCACCC,0,537791
araCp,0.5,1,1,CGAATCTATGCATCTCAATG,0,545837
araCp,0.5,1,1,CGAAGTTCGGCGATAGTGCA,0,548896
araCp,0.5,1,1,CGAACTGTCCACCCTGTGGC,0,580038
araCp,0.5,1,1,CGAACCTATAGTTCCTTACA,0,597918
araCp,0.5,1,1,CGAACAGTAATCAGGCAAGC,0,576892
araCp,0.5,1,1,CGAAAGGATAGGCTGGAAAG,0,559571
araCp,0.5,1,1,CGAAACGCCCCTTTCGGGAT,0,529777
araCp,0.5,1,1,CGAAAACATTTTCCCAAGTA,0,598954
araCp,0.5,1,1,CCTTTGGTGTCGAATTCATG,0,591552
araCp,0.5,1,1,CCTTTGCTGAAGTGTTTCGG,0,586256
araCp,0.5,1,1,CCTTTCTGTTCTTTGATCGG,0,595402
araCp,0.5,1,1,CCTTTATCTTACGAACACTC,0,558053
araCp,0.5,1,1,CCTTGGACGACTGCCATGGC,0,550746
araCp,0.5,1,1,CCTTGCGTAGTCATCGACCC,0,537096
araCp,0.5,1,1,CCTTGATTATTGGAACACCT,0,564739
araCp,0.5,1,1,CCTTGAATTAATGATGCTTG,0,534964
araCp,0.5,1,1,CCTTCTCGCGTCTTAGCTCG,0,567625
araCp,0.5,1,1,CCTTCATGGGAGTTACAAAT,0,535181
araCp,0.5,1,1,CCTTCACTTCAATACCATCC,0,533861
araCp,0.5,1,1,CCTTATTCGGCCCGGCGAGG,0,538402
araCp,0.5,1,1,CCTTACGTCCTGTGCGAACC,0,547753
araCp,0.5,1,1,CCTTAACTGTGACCTGGTCC,0,601790
araCp,0.5,1,1,CCTTAAAACAGTTTGTTTAA,0,567898
araCp,0.5,1,1,CCTGTTTTTTGACGAAACCC,0,562331
araCp,0.5,1,1,CCTGTTTAGCACGGCAGAGT,0,591955
araCp,0.5,1,1,CCTGTTCAAGGCGACATTGA,0,574994
araCp,0.5,1,1,CCTGTGATCTTTGCAGTTAG,0,558307
araCp,0.5,1,1,CCTGTCGAGTCGGGCTAGCT,0,578087
araCp,0.5,1,1,CCTGTCCGTGTCAAAGCTGA,0,563887
araCp,0.5,1,1,CCTGTAGGTGGTTTCGCCCA,0,565659
araCp,0.5,1,1,CCTGGTGGTCCTGAAGGATC,0,573173
araCp,0.5,1,1,CCTGGTAGCCAGGTTACCAA,0,601447
araCp,0.5,1,1,CCTGGCTAGTTCAGCCATTT,0,558935
araCp,0.5,1,1,CCTGGAGCTACCATAATTGA,0,528872
araCp,0.5,1,1,CCTGCGTCGATAAGGGGGAC,0,541723
araCp,0.5,1,1,CCTGCCTTAGGACCATACCT,0,543506
araCp,0.5,1,1,CCTGCCGGGCAATGGCTGCT,0,580274
araCp,0.5,1,1,CCTGCCCGTCAGCCCCGCTC,0,573728
araCp,0.5,1,1,CCTGCAAGCGCAGGTCGGTT,0,581112
araCp,0.5,1,1,CCTGAGTGCAAAGAAGGCGG,0,579792
araCp,0.5,1,1,CCTGAAGGAGTCTTAGCAGC,0,538743
araCp,0.5,1,1,CCTCTGTCTCCGCGGTCGTC,0,587451
araCp,0.5,1,1,CCTCTCGTCAGACATCGATT,0,554327
araCp,0.5,1,1,CCTCGGTCCCAATTATTTCC,0,563398
araCp,0.5,1,1,CCTCGGCACATTGAAACAGA,0,574194
araCp,0.5,1,1,CCTCGGACAGGCACCAGATG,0,571174
araCp,0.5,1,1,CCTCGCGCGGGAGACCCTGT,0,602351
araCp,0.5,1,1,CCTCATGACAGCTCTTTTGA,0,539041
araCp,0.5,1,1,CCTCATCGTAGTGGAAGAGA,0,592348
araCp,0.5,1,1,CCTCAGGTTTGTACTTCCCT,0,541219
araCp,0.5,1,1,CCTCACACCTAATAAACGCC,0,531081
araCp,0.5,1,1,CCTATGGGGTTGTCATTGAT,0,541714
araCp,0.5,1,1,CCTATCTGGACCCTAGCATC,0,539072
araCp,0.5,1,1,CCTATAAGGGTAAGGAAAAG,0,560063
araCp,0.5,1,1,CCTAGTTCGTTTTGGGCTAT,0,539764
araCp,0.5,1,1,CCTAGTGTACCTAGCAGAGG,0,590278
araCp,0.5,1,1,CCTAGCTTACTGTGATTTTC,0,587515
araCp,0.5,1,1,CCTACTCTATTAGGTACCAA,0,535583
araCp,0.5,1,1,CCTACGTTTGGGCCTTAACG,0,531036
araCp,0.5,1,1,CCTACCTTTAATTGCAACAA,0,538932
araCp,0.5,1,1,CCTAATCCGCGTTTTCTCCT,0,526693
araCp,0.5,1,1,CCTAACTACACTACACGCTT,0,600631
araCp,0.5,1,1,CCTAACAAGATCACTTCGAG,0,528982
araCp,0.5,1,1,CCGTTCGAGCACTAAAAAGC,0,572648
araCp,0.5,1,1,CCGTTCATCATAGCGGCACG,0,554626
araCp,0.5,1,1,CCGTTAGGTCGATCGACTGT,0,527907
araCp,0.5,1,1,CCGTTAGACGCTTCCGGCGG,0,540480
araCp,0.5,1,1,CCGTGTTGGCGCTTTGACCG,0,596888
araCp,0.5,1,1,CCGTGTATGCTGTGATATGG,0,579432
araCp,0.5,1,1,CCGTGGGGTTCTATGGACAA,0,574775
araCp,0.5,1,1,CCGTGCGCACTACCTCAAAG,0,547920
araCp,0.5,1,1,CCGTGCCTCGGGGCCAACTA,0,603538
araCp,0.5,1,1,CCGTGCCCCTATGGCAAATT,0,544451
araCp,0.5,1,1,CCGTCGTAAATGTTAGCCAT,0,542720
araCp,0.5,1,1,CCGTCCGTTAGAGTTGTAGC,0,575013
araCp,0.5,1,1,CCGTCATCGGATAGTGGATT,0,548829
araCp,0.5,1,1,CCGTATTGTCTGGCCGTAAT,0,593507
araCp,0.5,1,1,CCGTATGAGGACCGGCAAGA,0,530121
araCp,0.5,1,1,CCGTATCTCCTCGCAATAAC,0,558845
araCp,0.5,1,1,CCGTAAAAACACGGTCCGAT,0,560528
araCp,0.5,1,1,CCGGTGACTGCCCTATCGCT,0,568225
araCp,0.5,1,1,CCGGTCGTACCGAATCGTGT,0,552713
araCp,0.5,1,1,CCGGGCCGACCTAGCGTTGG,0,571135
araCp,0.5,1,1,CCGGCGCCTGGAAGCTTGAA,0,596231
araCp,0.5,1,1,CCGGCAAACACAGTGCCAGG,0,549089
araCp,0.5,1,1,CCGGACACAACGACCTATAA,0,552275
araCp,0.5,1,1,CCGGAAGTCGTCCGATAGGA,0,549978
araCp,0.5,1,1,CCGGAAAAAGTCGTCCGAGT,0,593401
araCp,0.5,1,1,CCGCTGATGACATGTTTATT,0,543847
araCp,0.5,1,1,CCGCTAGCAGACAAAGTGGC,0,571680
araCp,0.5,1,1,CCGCTACTCTCGCTAAGCTT,0,575231
araCp,0.5,1,1,CCGCGGGACTTGCACCAAGA,0,592015
araCp,0.5,1,1,CCGCGCGCATTAATCCGACG,0,552194
araCp,0.5,1,1,CCGCCTCAATTTCTGAAACA,0,527757
araCp,0.5,1,1,CCGCCTAGTTGATCCGGTAA,0,590679
araCp,0.5,1,1,CCGCCGGATTGATTGCGTTC,0,530639
araCp,0.5,1,1,CCGCCAGGCTAGTATCCCCC,0,547769
araCp,0.5,1,1,CCGCATCTATGGCGCATGTG,0,555726
araCp,0.5,1,1,CCGCAAAGAGTCTTTAGGGG,0,527008
araCp,0.5,1,1,CCGATTCACAATTAGACGGT,0,530053
araCp,0.5,1,1,CCGATTATTCGACGACCGAG,0,579784
araCp,0.5,1,1,CCGATGTTGTGAGTATTTAC,0,562871
araCp,0.5,1,1,CCGATACAGTCAGTTAGCCC,0,554543
araCp,0.5,1,1,CCGAGCGCCTACCAGGCTTC,0,556020
araCp,0.5,1,1,CCGAGAGAGAGAGGTCAGGT,0,595607
araCp,0.5,1,1,CCGACCCTGGTTGTCAGCTT,0,603263
araCp,0.5,1,1,CCGACCAGCACAATACTATA,0,555630
araCp,0.5,1,1,CCGACACATTTAGCTGGACC,0,601593
araCp,0.5,1,1,CCGAAAGGGATTCGACATGG,0,588277
araCp,0.5,1,1,CCCTTGCGCGGGGGGCGACC,0,563015
araCp,0.5,1,1,CCCTGTCGTACGGTGACGTT,0,559809
araCp,0.5,1,1,CCCTGTCAAAGAGTGGTCAA,0,601334
araCp,0.5,1,1,CCCTGGCCCCAGAGATTACC,0,599391
araCp,0.5,1,1,CCCTCTAGCCGGGGGTCGAG,0,528718
araCp,0.5,1,1,CCCTCGGAGATTCGGAGGGA,0,541740
araCp,0.5,1,1,CCCTCAGAGAGGTGGATACA,0,547119
araCp,0.5,1,1,CCCTAGGCGGGTCTTCTATG,0,549608
araCp,0.5,1,1,CCCTAGGATTACAATCTATG,0,600357
araCp,0.5,1,1,CCCTACGCACTCTCATATTC,0,565855
araCp,0.5,1,1,CCCTACCGTTTGTAATTTTG,0,591623
araCp,0.5,1,1,CCCGTTCTTACGGATTAAAA,0,553274
araCp,0.5,1,1,CCCGTATCGACAGTAACCCA,0,536927
araCp,0.5,1,1,CCCGTACATTGGGTGTGGTC,0,533177
araCp,0.5,1,1,CCCGGTCGGGGAACTGTGTA,0,585005
araCp,0.5,1,1,CCCGGGTGCGCTGCATATCC,0,562236
araCp,0.5,1,1,CCCGGCGCTCGACTTGGGTC,0,530602
araCp,0.5,1,1,CCCGGCCAAATATTGATAGT,0,530487
araCp,0.5,1,1,CCCGGAACAGGACTGAAAGT,0,574407
araCp,0.5,1,1,CCCGCTCGAACGGGCATGCC,0,558368
araCp,0.5,1,1,CCCGCCAGCTCCCTATCGCA,0,546023
araCp,0.5,1,1,CCCGATCCTTCCTGCTCTGG,0,583980
araCp,0.5,1,1,CCCGAGCTCGTATATCCTGT,0,552751
araCp,0.5,1,1,CCCCTTTACGGGCCGTATTG,0,603222
araCp,0.5,1,1,CCCCGCTTACGGTGGTCGCA,0,565837
araCp,0.5,1,1,CCCCGACTACGATAAATACT,0,602037
araCp,0.5,1,1,CCCCCCGCCGCGTCCCTATA,0,566468
araCp,0.5,1,1,CCCCCCATGACTCGGCGTTG,0,559883
araCp,0.5,1,1,CCCCCACTCAATCGGCAAAT,0,577988
araCp,0.5,1,1,CCCCATGGCGTCATCCTCCG,0,575590
araCp,0.5,1,1,CCCCAATACTTGACCTCGTC,0,602346
araCp,0.5,1,1,CCCATTTGAACGCTTTGGAA,0,545423
araCp,0.5,1,1,CCCATTCCCAGATTCTTACC,0,557576
araCp,0.5,1,1,CCCATTAGTGTTAGTGAGTT,0,573954
araCp,0.5,1,1,CCCATCTGAGTGCCCCTCGT,0,545540
araCp,0.5,1,1,CCCATACATCCCTAGTATGG,0,566864
araCp,0.5,1,1,CCCAGGGGAATTCGGTCTTA,0,527060
araCp,0.5,1,1,CCCAGGCTGGCTGTCTGTCC,0,529569
araCp,0.5,1,1,CCCACGAGCCTCAGTTCTTG,0,570995
araCp,0.5,1,1,CCCACGACGGGCAAGTGACA,0,554341
araCp,0.5,1,1,CCCACACGTATCGAACTGGT,0,548291
araCp,0.5,1,1,CCCACACATGGGCCATTGAT,0,528668
araCp,0.5,1,1,CCCAATAACCCGCGCCCATC,0,550630
araCp,0.5,1,1,CCCAACTAATAAGTAGGAAC,0,539910
araCp,0.5,1,1,CCCAACATTGACCGTTCAAC,0,527053
araCp,0.5,1,1,CCCAAAATGTCCGTGTATAT,0,543375
araCp,0.5,1,1,CCCAAAACAGGACGCAGTTC,0,562120
araCp,0.5,1,1,CCATTATAACTACATCAAGC,0,569024
araCp,0.5,1,1,CCATCTTCCACTGCCAGTTG,0,537965
araCp,0.5,1,1,CCATAGGCCACCTTTATTAT,0,545861
araCp,0.5,1,1,CCATAGCACTACTGCAGGGT,0,569313
araCp,0.5,1,1,CCATAATAGAGTAGTTTTTA,0,594296
araCp,0.5,1,1,CCATAATACCAGTGCCCGGT,0,578978
araCp,0.5,1,1,CCAGTGAAAGTGCCATTCGG,0,586496
araCp,0.5,1,1,CCAGTCGAGAAGTTAATTAG,0,526395
araCp,0.5,1,1,CCAGTATTATAGTGTAGATC,0,552247
araCp,0.5,1,1,CCAGGGGGTTCGAGGGCGGA,0,548670
araCp,0.5,1,1,CCAGGGGCAACCGCGTCACT,0,559889
araCp,0.5,1,1,CCAGGGCCAACAAGCCCGAA,0,596119
araCp,0.5,1,1,CCAGGCGCATAAGCAAAGCT,0,557315
araCp,0.5,1,1,CCAGCTCTGCTTGAAGCTCC,0,555155
araCp,0.5,1,1,CCAGCTCTACCATTAAGTTT,0,563424
araCp,0.5,1,1,CCAGCGGAGAGCACGATATT,0,588505
araCp,0.5,1,1,CCAGCCGAGTGGAACCGAAC,0,577364
araCp,0.5,1,1,CCAGCATGCATCGCCGGTAA,0,557337
araCp,0.5,1,1,CCAGCAGGGACGACGGATAT,0,571589
araCp,0.5,1,1,CCAGACCACCATAAAGCGTA,0,555043
araCp,0.5,1,1,CCACTGGCGTTAAGACTTAA,0,581184
araCp,0.5,1,1,CCACTCTAAATACTCGGCCC,0,528439
araCp,0.5,1,1,CCACGTGCAACTCTTGATTC,0,588863
araCp,0.5,1,1,CCACGATAGACCGCGGTCTG,0,543226
araCp,0.5,1,1,CCACGAGCGCGACGGCACGA,0,576270
araCp,0.5,1,1,CCACCTTACGTCCCCTCAAC,0,594441
araCp,0.5,1,1,CCACCCCCCATCGGGATAGT,0,571112
araCp,0.5,1,1,CCACCCCCAGCTGCTACCCA,0,528677
araCp,0.5,1,1,CCAAGTCCCTATAGACGTTG,0,558921
araCp,0.5,1,1,CCAAGTCCAGAAACCGGTGC,0,579028
araCp,0.5,1,1,CCAAGGTCCGCTCGCGACAA,0,560634
araCp,0.5,1,1,CCAAGGGCGCGGGTGAGATA,0,573865
araCp,0.5,1,1,CCAAGCTCAGTGGTAACAAT,0,597034
araCp,0.5,1,1,CCAAGATTTAGTCTCTATCG,0,562385
araCp,0.5,1,1,CCAAGATTCGCGGTGAGGCT,0,595700
araCp,0.5,1,1,CCAAGAGTGAGATGTATGAA,0,560998
araCp,0.5,1,1,CCAAGAAGCCTGTCATCCCC,0,534065
araCp,0.5,1,1,CCAACTAGGGAACAGTGCAT,0,591364
araCp,0.5,1,1,CCAACGTAGCTTTATCATCT,0,584366
araCp,0.5,1,1,CCAACGCTGGGAGGCTCATA,0,587882
araCp,0.5,1,1,CCAACGATTGCACTCCTAGG,0,589878
araCp,0.5,1,1,CCAACATCACGCCGCCAAGT,0,600740
araCp,0.5,1,1,CATTTCCCATGGTCTATCTT,0,591523
araCp,0.5,1,1,CATTGTTTCGTAATTTTTCT,0,599090
araCp,0.5,1,1,CATTGTGGTGGTTCGAGCAT,0,601961
araCp,0.5,1,1,CATTGTGACTGTTGCGAGGT,0,556116
araCp,0.5,1,1,CATTGGACTCCCAGACAGTT,0,573234
araCp,0.5,1,1,CATTGAGGTACAACCCCACG,0,583681
araCp,0.5,1,1,CATTCTGGAGTCAAGATGAA,0,566350
araCp,0.5,1,1,CATTCGTTTTGACAGTTAAG,0,597377
araCp,0.5,1,1,CATTCGGGTCTTTATGCTGT,0,529356
araCp,0.5,1,1,CATTCGGGCCGGGAACATGA,0,553490
araCp,0.5,1,1,CATTCAACGGGCTACCTGCA,0,585764
araCp,0.5,1,1,CATTATCCGTCAGCTGGAAT,0,539394
araCp,0.5,1,1,CATTATACATAGATGACGCT,0,538437
araCp,0.5,1,1,CATTACGGTTTTCTCATACT,0,602053
araCp,0.5,1,1,CATTAACATAATTGACCCGA,0,537707
araCp,0.5,1,1,CATGTGCGTGTCCGACCCTG,0,537518
araCp,0.5,1,1,CATGGTTGCCTGCTTGCTCA,0,568766
araCp,0.5,1,1,CATGGCCGTGTATATTCACA,0,584555
araCp,0.5,1,1,CATGGCCGGAAGTAATAGGA,0,578806
araCp,0.5,1,1,CATGCTGGTATTCATCGTTG,0,525592
araCp,0.5,1,1,CATGCATTTCACATAGTCAC,0,529322
araCp,0.5,1,1,CATGAGTCGAGATGCTCTTC,0,535885
araCp,0.5,1,1,CATGACCTTAGTGGCGCTGC,0,572883
araCp,0.5,1,1,CATGACCTCTCGAGTACGGA,0,543842
araCp,0.5,1,1,CATGACATAGGTTTTCAATA,0,576891
araCp,0.5,1,1,CATCTATATGGCTGCTCAGG,0,573821
araCp,0.5,1,1,CATCGGTATACCTCCACACG,0,583187
araCp,0.5,1,1,CATCGCAACTGGGTCCGCAG,0,570301
araCp,0.5,1,1,CATCCCTCCATAGTGCTAAG,0,580183
araCp,0.5,1,1,CATCCCCTCTCAACCAGTCT,0,539333
araCp,0.5,1,1,CATCCAACTCAGAGAACAGG,0,529563
araCp,0.5,1,1,CATCAGTAGCCACGAGTCCG,0,601648
araCp,0.5,1,1,CATCAAGAGGATGCTCACTA,0,582468
araCp,0.5,1,1,CATATGTACGTTCCCCCGTG,0,555257
araCp,0.5,1,1,CATATGCTGTGAACCGATCT,0,552631
araCp,0.5,1,1,CATAGTAAGTGTCCAAACAT,0,563662
araCp,0.5,1,1,CATAGAGGCACGGAAACAAG,0,590221
araCp,0.5,1,1,CATAGAACCGTCGCCCCTAG,0,569931
araCp,0.5,1,1,CATACTCGAGGTTTGCGGAT,0,590546
araCp,0.5,1,1,CATAAGGTGGCCCTACGCCA,0,588078
araCp,0.5,1,1,CATAAGCATGGCATCTGTCT,0,599823
araCp,0.5,1,1,CATAACTCTTAGTACACGGC,0,594801
araCp,0.5,1,1,CATAAATCAGCAGGTCCTAG,0,541428
araCp,0.5,1,1,CAGTTGTCATCACTAACTGG,0,544518
araCp,0.5,1,1,CAGTTCGGAGGGGTATGTGT,0,530831
araCp,0.5,1,1,CAGTTAGCTGTTATGTTCAT,0,533614
araCp,0.5,1,1,CAGTTACTGTGATCACCCAT,0,591429
araCp,0.5,1,1,CAGTGCGGGAGGATCAATAA,0,535566
araCp,0.5,1,1,CAGTGCCTTTGCTCTCGAGT,0,588841
araCp,0.5,1,1,CAGTGATCAGAGACGTACGA,0,586443
araCp,0.5,1,1,CAGTGACGGTTTGCAGCCTC,0,573658
araCp,0.5,1,1,CAGTCTAGCGTTTTACTAAC,0,539875
araCp,0.5,1,1,CAGTCACGCCGCGGGTTAGC,0,551831
araCp,0.5,1,1,CAGTATTGGTGCTGGAACCC,0,531600
araCp,0.5,1,1,CAGTAGATCAGTCTTTGTTC,0,559120
araCp,0.5,1,1,CAGTAGACGCCGGATACGCG,0,587110
araCp,0.5,1,1,CAGTACCATCATCAGATTGT,0,592744
araCp,0.5,1,1,CAGTAAGTCTATGTAGTCAA,0,553871
araCp,0.5,1,1,CAGGTAAGAACAGAACGTTA,0,544708
araCp,0.5,1,1,CAGGGCGATACCAGAATATT,0,542007
araCp,0.5,1,1,CAGGGCAACGATGACTTTGT,0,603619
araCp,0.5,1,1,CAGGGATCCGGGGATAGTCA,0,545166
araCp,0.5,1,1,CAGGATTCACCTCATATCCT,0,601823
araCp,0.5,1,1,CAGGATTAGGCAAGTGTACC,0,544139
araCp,0.5,1,1,CAGGAGTTAGCCTTCATCCC,0,529109
araCp,0.5,1,1,CAGGAGCACTGATGCCCCCT,0,540800
araCp,0.5,1,1,CAGGACATCCTCCAAAGAAC,0,578523
araCp,0.5,1,1,CAGGAACGAGAGTAACCGCA,0,536428
araCp,0.5,1,1,CAGCGTTGGTGGTCTATCCC,0,570217
araCp,0.5,1,1,CAGCGCACGTAACGACGGCC,0,603522
araCp,0.5,1,1,CAGCCTTGCTCTATACTGTT,0,533934
araCp,0.5,1,1,CAGCCGCGTGATAGACGTGC,0,579220
araCp,0.5,1,1,CAGCCCACCAGTAAATTGTT,0,536284
araCp,0.5,1,1,CAGCAATTGTACTATTAGCG,0,560183
araCp,0.5,1,1,CAGCAATTACTCTCGCTGTA,0,533242
araCp,0.5,1,1,CAGAGGCACCTTGGCATACA,0,552316
araCp,0.5,1,1,CAGAGCGGTATGTAATTCAC,0,531633
araCp,0.5,1,1,CAGACTTCATTTACTCTGAC,0,564710
araCp,0.5,1,1,CAGACGTGTTTGAATCCAAA,0,593877
araCp,0.5,1,1,CAGAATTGATCGCACACCCG,0,533959
araCp,0.5,1,1,CAGAACCTTATAGTGGGGCG,0,526049
araCp,0.5,1,1,CAGAAAAGGCGCTCGCCGCG,0,538604
araCp,0.5,1,1,CAGAAAACGGCTAAGGCAAA,0,594805
araCp,0.5,1,1,CACTTTAATCGCAATAGCTG,0,559279
araCp,0.5,1,1,CACTTTAAGGTTGCTTTGTT,0,586667
araCp,0.5,1,1,CACTTGGGTTAATTTGCAAT,0,555787
araCp,0.5,1,1,CACTGGCATTCAGTCTGGAT,0,583691
araCp,0.5,1,1,CACTGCTGTATGCATTTTAA,0,551012
araCp,0.5,1,1,CACTATTTTCTCTGGGGTGA,0,549427
araCp,0.5,1,1,CACTAGGGATCACGTCCAGA,0,531394
araCp,0.5,1,1,CACTAAGCCGATCGTTTCCC,0,555098
araCp,0.5,1,1,CACGTGTGGTAGACATAGCT,0,570696
araCp,0.5,1,1,CACGTCGGTAGTACGTCCAT,0,573976
araCp,0.5,1,1,CACGGTGCCTCCAAGATAAC,0,572298
araCp,0.5,1,1,CACGGTCGTAGGAGCACACA,0,561714
araCp,0.5,1,1,CACGCATTGAGGGGGTTGAA,0,542927
araCp,0.5,1,1,CACGCAGTGCATCGGCGCTA,0,592640
araCp,0.5,1,1,CACGAGCCTCGGCCGATGAA,0,595693
araCp,0.5,1,1,CACCTTGGAACTAGCCGGCT,0,591242
araCp,0.5,1,1,CACCTTGAGGCACATAGGGG,0,568230
araCp,0.5,1,1,CACCTCTCTAGCTAAGATGT,0,595208
araCp,0.5,1,1,CACCTAAGTAGTGTGAGGCG,0,593571
araCp,0.5,1,1,CACCGCGTTAGGAGGTGCCT,0,534873
araCp,0.5,1,1,CACCGAATGATGCAACGACG,0,591232
araCp,0.5,1,1,CACCCTGGTAACGCTCAGCT,0,536217
araCp,0.5,1,1,CACCATCTTTGCATAGACGT,0,552870
araCp,0.5,1,1,CACCATACTGAAATGGGGCT,0,598929
araCp,0.5,1,1,CACCAAATTGGCGAGGGCGG,0,536417
araCp,0.5,1,1,CACATGATAGAACTACGTGT,0,549491
araCp,0.5,1,1,CACATCGTAAGTGTACGGTT,0,598217
araCp,0.5,1,1,CACATCCTACAACACGTTAG,0,595288
araCp,0.5,1,1,CACATAGCAATTGACTTTTT,0,560452
araCp,0.5,1,1,CACAGAGGGGACCACGCTGA,0,562656
araCp,0.5,1,1,CACAGAAGGAGTCCACCTTG,0,575575
araCp,0.5,1,1,CACAACTCGTTCAAGATTCT,0,596669
araCp,0.5,1,1,CAATTCTCGGTCTCAAGACC,0,582486
araCp,0.5,1,1,CAATTCCTGCGACCCTGTTT,0,547933
araCp,0.5,1,1,CAATTCCCCCGCCAATCCTT,0,536423
araCp,0.5,1,1,CAATTATGGTACAAGGGAAA,0,558366
araCp,0.5,1,1,CAATTACTATGAACTGTTGA,0,542984
araCp,0.5,1,1,CAATGCGTAAGAGAGTCAAT,0,550825
araCp,0.5,1,1,CAATCTCCCGAATGCGTTAT,0,579509
araCp,0.5,1,1,CAATCCGCGGATTACATGAG,0,564116
araCp,0.5,1,1,CAATAATTTCCATGAATCTA,0,572514
araCp,0.5,1,1,CAATAAATTACCGTAAAGCG,0,542407
araCp,0.5,1,1,CAAGTTTTGCTGCGTTTGAC,0,602099
araCp,0.5,1,1,CAAGTTGCAAGGGCTTTAGT,0,595007
araCp,0.5,1,1,CAAGTTCGGCTCTCGTAGTC,0,582340
araCp,0.5,1,1,CAAGTGGTGACTAGCCCCAA,0,564872
araCp,0.5,1,1,CAAGTGATATTATCTCGAGC,0,550201
araCp,0.5,1,1,CAAGTCCAGTCTTAAATGCG,0,586085
araCp,0.5,1,1,CAAGTAGCTTGTAATGACTC,0,548187
araCp,0.5,1,1,CAAGTACGCCACGAGTCGCT,0,593358
araCp,0.5,1,1,CAAGGGCGACCTCTGGTAAT,0,549416
araCp,0.5,1,1,CAAGGCATGTGTTTACTCTC,0,554076
araCp,0.5,1,1,CAAGGAATTCGGCCCGCGGT,0,565817
araCp,0.5,1,1,CAAGCTGGACACACTTAGAG,0,564359
araCp,0.5,1,1,CAAGCGATAGTCCCTCTCAT,0,578275
araCp,0.5,1,1,CAAGCATGTCGGGTGATGGT,0,571851
araCp,0.5,1,1,CAAGCACGTTTTGTCTTACC,0,566694
araCp,0.5,1,1,CAAGACATTGTACCAGAGGA,0,595707
araCp,0.5,1,1,CAACTGTATTTGATGAGCGA,0,558042
araCp,0.5,1,1,CAACTGACGCGGATTACGTA,0,549043
araCp,0.5,1,1,CAACGTGAACGCAATCTCGG,0,587508
araCp,0.5,1,1,CAACGATATAACACTCGAAC,0,579725
araCp,0.5,1,1,CAACGATAGACCCACATGGT,0,583244
araCp,0.5,1,1,CAACCGAAGCGGTGCCGACA,0,542861
araCp,0.5,1,1,CAACCCGGAATTCTGTATAT,0,555642
araCp,0.5,1,1,CAACCATTTAAGGAAGCCAC,0,597631
araCp,0.5,1,1,CAACAGACAGAGATCGAAGT,0,578099
araCp,0.5,1,1,CAACAAGCCTTGAAGGTACA,0,562234
araCp,0.5,1,1,CAAATTGCTTAACCGTTCGT,0,595606
araCp,0.5,1,1,CAAATTCTAAGGTCGGCTGC,0,583128
araCp,0.5,1,1,CAAATCTAGGGTACTAGGGA,0,602680
araCp,0.5,1,1,CAAAGTCACCCAAAGGGCTC,0,582426
araCp,0.5,1,1,CAAAGGTCTTGAATCCACTC,0,575987
araCp,0.5,1,1,CAAACTATGCACGACAGTTC,0,591343
araCp,0.5,1,1,CAAACCTGTGCATGGAGCGA,0,530794
araCp,0.5,1,1,CAAACAGGCTGTAAACCTGG,0,597307
araCp,0.5,1,1,CAAAACGTGCCCTTCGATAT,0,556291
araCp,0.5,1,1,CAAAACCACCAAATGGGACG,0,560910
araCp,0.5,1,1,ATTTTTTCCATACGCCCGAG,0,590607
araCp,0.5,1,1,ATTTTCGAGAAATACAGTCA,0,593932
araCp,0.5,1,1,ATTTTCCCCGGATGACGGGT,0,539434
araCp,0.5,1,1,ATTTTATCGTTCGATACGGC,0,563940
araCp,0.5,1,1,ATTTGTGCGCTTGAATGTCT,0,565479
araCp,0.5,1,1,ATTTGTATGGCACCGGTCGT,0,564594
araCp,0.5,1,1,ATTTGGTAGATTTTCAGTAT,0,576597
araCp,0.5,1,1,ATTTGGCTCCCCGATTCGGA,0,553374
araCp,0.5,1,1,ATTTGGAGTGATTAGTAGGT,0,591761
araCp,0.5,1,1,ATTTCTGCAGTTCCCTTCTG,0,583016
araCp,0.5,1,1,ATTTCGGCTACAGATGACCC,0,533124
araCp,0.5,1,1,ATTTCAATGCGCTGCATCCG,0,579299
araCp,0.5,1,1,ATTTCAAATTCGGTTAGGAA,0,600167
araCp,0.5,1,1,ATTTATTCATCTTTCAGGAC,0,580026
araCp,0.5,1,1,ATTTAGTCTCGTGGCACAGG,0,587739
araCp,0.5,1,1,ATTTAGGTCCTTCCCCATTT,0,585308
araCp,0.5,1,1,ATTTACGCGCCAGTCTTGCC,0,592059
araCp,0.5,1,1,ATTTACGAGGCGCCTGGCAA,0,590857
araCp,0.5,1,1,ATTGGTGAACCCCGATCGCC,0,598637
araCp,0.5,1,1,ATTGGAGGCAAATGTTTATA,0,552213
araCp,0.5,1,1,ATTGCTGCGCGGTACAATAA,0,578700
araCp,0.5,1,1,ATTGCCTTCATTACACCAGG,0,594792
araCp,0.5,1,1,ATTGCAAGGGCCTATAAAAG,0,537391
araCp,0.5,1,1,ATTGCAACTCTTCACCGCGT,0,579303
araCp,0.5,1,1,ATTGATGATGAAGCCGACTA,0,601744
araCp,0.5,1,1,ATTGATACCATATTGCTCTA,0,592052
araCp,0.5,1,1,ATTGAGAGACAGTGGGCCTA,0,592042
araCp,0.5,1,1,ATTGAAGCGACGGCCTTCGG,0,577758
araCp,0.5,1,1,ATTGAAGATCTACCCACCTA,0,555610
araCp,0.5,1,1,ATTGAAAGATCTACGAAGTA,0,557082
araCp,0.5,1,1,ATTCTTCTTCTTAGCGGTTT,0,543830
araCp,0.5,1,1,ATTCTGGTATCCTAATCAAC,0,587493
araCp,0.5,1,1,ATTCTGGCATGAATATCCTG,0,577636
araCp,0.5,1,1,ATTCTCTCCTCTTCGGGGAC,0,539149
araCp,0.5,1,1,ATTCTACGAGGTTTTGATGT,0,530098
araCp,0.5,1,1,ATTCGTTAACACATACGTAG,0,598381
araCp,0.5,1,1,ATTCGTATGGATTGCGGAGT,0,563411
araCp,0.5,1,1,ATTCGCTAGTAGCAGAGTAA,0,592733
araCp,0.5,1,1,ATTCCGCACACTCAAAATCT,0,590039
araCp,0.5,1,1,ATTCCGAGAAATCATATAAT,0,595519
araCp,0.5,1,1,ATTCCCCGAATCCTCAACTC,0,540972
araCp,0.5,1,1,ATTCCCATGCAGCTGATATC,0,532525
araCp,0.5,1,1,ATTCAGGCGTCTAAGAGTGT,0,572046
araCp,0.5,1,1,ATTCAGCCTGTCGGCTCTTC,0,550715
araCp,0.5,1,1,ATTCAGACGCGCTAATTTTG,0,579699
araCp,0.5,1,1,ATTCAGAAATTAACCGAAGT,0,538413
araCp,0.5,1,1,ATTCAAGTCCACGGTTGGAA,0,571059
araCp,0.5,1,1,ATTATTTAAAAGCCGAGGTT,0,570577
araCp,0.5,1,1,ATTATTGAGTGACTCTTCTC,0,580075
araCp,0.5,1,1,ATTAGGGTCCAGTAAGTAAA,0,568945
araCp,0.5,1,1,ATTAGGCAAACGCCAGTGCG,0,540866
araCp,0.5,1,1,ATTAGAGTCGCGTTTTCTAC,0,576106
araCp,0.5,1,1,ATTAGAAAGTGGATCCCGAG,0,548898
araCp,0.5,1,1,ATTACGTTTACCTCCCGTAG,0,579852
araCp,0.5,1,1,ATTACGATTCGGTCAGCAAT,0,574056
araCp,0.5,1,1,ATTAACGCTGAGAGGATACG,0,526330
araCp,0.5,1,1,ATTAAACGCGGAAGGGCTAA,0,532814
araCp,0.5,1,1,ATGTTTCGCCCTGCACAGGG,0,573351
araCp,0.5,1,1,ATGTTGCGGACGGCAGTTCA,0,558223
araCp,0.5,1,1,ATGTTCAAACGCTGGCTTGG,0,569502
araCp,0.5,1,1,ATGTGTTTCCCTCTCAAGCT,0,543496
araCp,0.5,1,1,ATGTGTGCGGCGTCACGTTG,0,568162
araCp,0.5,1,1,ATGTGGGGGATAGCGCTCTA,0,571853
araCp,0.5,1,1,ATGTGAGTCGTTACGCTTTG,0,545734
araCp,0.5,1,1,ATGTCAGCTACTATATCGAA,0,547388
araCp,0.5,1,1,ATGTATGGCTCCTAGTTGCG,0,527479
araCp,0.5,1,1,ATGTATACGAGAAGAGAACA,0,571376
araCp,0.5,1,1,ATGTACTAGGCTTCAAGTCA,0,557073
araCp,0.5,1,1,ATGGTTCTGACACATGTATT,0,559401
araCp,0.5,1,1,ATGGTGTAGCTCAAATTAGT,0,574452
araCp,0.5,1,1,ATGGTGGTCTGAGATTGTTG,0,538619
araCp,0.5,1,1,ATGGTCCCCACGAAGAAGTG,0,529432
araCp,0.5,1,1,ATGGGTCTAACCTGAGGATC,0,538771
araCp,0.5,1,1,ATGGGTAGAGCGTTGGTGTC,0,568566
araCp,0.5,1,1,ATGGGGATCATCAGCTCAGG,0,541280
araCp,0.5,1,1,ATGGGCCTTCGCTTGCGTGC,0,546230
araCp,0.5,1,1,ATGGGACATTTATTACCAGG,0,534977
araCp,0.5,1,1,ATGGGACATACAAACCAAAA,0,573493
araCp,0.5,1,1,ATGGGACACTACGCCAGACT,0,527725
araCp,0.5,1,1,ATGGCGGCGGGCGTAATCTC,0,576760
araCp,0.5,1,1,ATGGCGCCCGGAAGTTATTT,0,591260
araCp,0.5,1,1,ATGGCCGGTACATACCTTAT,0,564115
araCp,0.5,1,1,ATGGCCAGCCCACCACAGAC,0,525860
araCp,0.5,1,1,ATGGCAGGAAACATATTTAT,0,563225
araCp,0.5,1,1,ATGGATTAATGAACTTGGAA,0,601641
araCp,0.5,1,1,ATGGATATTAAAGACGTCTA,0,589625
araCp,0.5,1,1,ATGGAACTCCATTATATATA,0,600839
araCp,0.5,1,1,ATGGAACGCACCCATATTCT,0,573653
araCp,0.5,1,1,ATGCTATTGCCCGAGTCTCT,0,578878
araCp,0.5,1,1,ATGCGGTATGTCACACCAGG,0,544767
araCp,0.5,1,1,ATGCGGCTGAATTATCGTCC,0,570887
araCp,0.5,1,1,ATGCGATGCACGGCTGTGAA,0,563499
araCp,0.5,1,1,ATGCGACACAGGTACCAAAC,0,549419
araCp,0.5,1,1,ATGCCCCGTACCATTTCCCT,0,556493
araCp,0.5,1,1,ATGCATGTGATTAAGCTGAA,0,586355
araCp,0.5,1,1,ATGCACGAGGACGAGGCCTG,0,586743
araCp,0.5,1,1,ATGATCCCCGGCCTATGCAG,0,591904
araCp,0.5,1,1,ATGAGTGGGAGGGAGGACCT,0,585952
araCp,0.5,1,1,ATGAGGCATTGTCATATCTT,0,597780
araCp,0.5,1,1,ATGAGCGATCCTCAAAGCGG,0,537194
araCp,0.5,1,1,ATGACTGTTATTTAGGCCGG,0,572562
araCp,0.5,1,1,ATGACATCAGCCGCAGCGAC,0,585023
araCp,0.5,1,1,ATGAATATGAGCAAGCCTCC,0,558063
araCp,0.5,1,1,ATGAACGAGAGCACGTCACA,0,541113
araCp,0.5,1,1,ATCTTATCGAATGAGAATCT,0,573787
araCp,0.5,1,1,ATCTGGTGAACGTAGCCCGG,0,600732
araCp,0.5,1,1,ATCTGCCCCACGTTCAACAG,0,603454
araCp,0.5,1,1,ATCTGCAAAGCCATACGTAA,0,540558
araCp,0.5,1,1,ATCTGATCACTCTGGTAGGC,0,584572
araCp,0.5,1,1,ATCTCGGGGGGACATTGAGA,0,526306
araCp,0.5,1,1,ATCTCCTCGGATATAGCATG,0,568684
araCp,0.5,1,1,ATCTAGTGAGCGACGAATCC,0,527833
araCp,0.5,1,1,ATCTAGTCCCCATACCATCC,0,557937
araCp,0.5,1,1,ATCTACTGTCGTAATTGTAT,0,581105
araCp,0.5,1,1,ATCTAATAAACGCGTTCCAT,0,601896
araCp,0.5,1,1,ATCGTGGACGGCATTGGATA,0,562504
araCp,0.5,1,1,ATCGTCCGGTTGTCTTCTTG,0,579640
araCp,0.5,1,1,ATCGTATCCCGGTTATCACA,0,576928
araCp,0.5,1,1,ATCGGTTAGTCTATTTGACA,0,585800
araCp,0.5,1,1,ATCGGTTAGAGCCAGGACGT,0,598962
araCp,0.5,1,1,ATCGGGACAAAATTGTCGTT,0,556608
araCp,0.5,1,1,ATCGCTTGCGGTAACTGGAT,0,548615
araCp,0.5,1,1,ATCGCTTCTAGATGGCTTAA,0,534737
araCp,0.5,1,1,ATCGCGCGTGGAAGTGAGGG,0,535588
araCp,0.5,1,1,ATCGATGTCTAGTAAACGCA,0,529983
araCp,0.5,1,1,ATCGAGGTGATGCTACTTGT,0,594106
araCp,0.5,1,1,ATCGAGACCCGACAGGCATG,0,600921
araCp,0.5,1,1,ATCGAAGGAGTCTGATTCTT,0,589109
araCp,0.5,1,1,ATCCTGGTGAATCACAGGAG,0,555214
araCp,0.5,1,1,ATCCTGGACTGGGCTTTATT,0,544037
araCp,0.5,1,1,ATCCCTAGAGGCCGTTAACC,0,528818
araCp,0.5,1,1,ATCCCCTTATGTAGATAACC,0,554111
araCp,0.5,1,1,ATCCAATCAGTAGAGACAAA,0,535406
araCp,0.5,1,1,ATCATGCTCTACGTGATTCC,0,563766
araCp,0.5,1,1,ATCAGTTATTACAACAATGG,0,597717
araCp,0.5,1,1,ATCAGTGCGGTCCTCATGTG,0,573497
araCp,0.5,1,1,ATCAGGCTTACAGCCTAGAA,0,528751
araCp,0.5,1,1,ATCAGAAAGTCGCACAACCA,0,579917
araCp,0.5,1,1,ATCACGGATTATCGCGTCCC,0,557487
araCp,0.5,1,1,ATCACCTATTTAAACCGTGT,0,538614
araCp,0.5,1,1,ATCACCCGGTACGGCTCTTT,0,535676
araCp,0.5,1,1,ATCAAGGTTAGCCTAAGTGG,0,587912
araCp,0.5,1,1,ATCAAGCCTTCGGCAACTTA,0,600496
araCp,0.5,1,1,ATATTCTAGGATAGTGCCTT,0,546238
araCp,0.5,1,1,ATATGGGCCGGACTTGGGGT,0,545081
araCp,0.5,1,1,ATATGGGCACTAATAGGGAG,0,580354
araCp,0.5,1,1,ATATGGATGGTAAGACCCAG,0,587654
araCp,0.5,1,1,ATATGCGCATTGCATACGAT,0,535267
araCp,0.5,1,1,ATATGCACCAAGCACGGTTG,0,553256
araCp,0.5,1,1,ATATGACTGAGTGAATTCGC,0,586282
araCp,0.5,1,1,ATATCACAATACCGTCACCA,0,603005
araCp,0.5,1,1,ATATAGTATGTGTTTCGGGC,0,558668
araCp,0.5,1,1,ATATAAGTGGGCGCACGGGA,0,596735
araCp,0.5,1,1,ATAGTGACTCAGGTTAGAAA,0,560466
araCp,0.5,1,1,ATAGTCTGACTTAACACAAG,0,586261
araCp,0.5,1,1,ATAGTATATAATTATGACTC,0,603360
araCp,0.5,1,1,ATAGGGGTTGTGTCAGTGTA,0,599182
araCp,0.5,1,1,ATAGGCACCCAAGCCTTGGA,0,543128
araCp,0.5,1,1,ATAGCTGGGAGCAGTTACCT,0,586785
araCp,0.5,1,1,ATAGCTCGAATGGGAGTTTC,0,544510
araCp,0.5,1,1,ATAGCGCCGGTATTAAGGCT,0,562121
araCp,0.5,1,1,ATAGCCGATGCTGGAAAATC,0,559813
araCp,0.5,1,1,ATAGCCAATCGGAATATGCT,0,548992
araCp,0.5,1,1,ATAGCAGAATATAGTAGTAA,0,586434
araCp,0.5,1,1,ATAGATCATCGGCTCACCCC,0,600939
araCp,0.5,1,1,ATAGAGAAGGGTAGAGGGGT,0,546475
araCp,0.5,1,1,ATAGACTTCGCGGTCACTCA,0,558137
araCp,0.5,1,1,ATAGACCATCACCCCATACT,0,538351
araCp,0.5,1,1,ATAGAAAAGCTATTAGTGAG,0,554958
araCp,0.5,1,1,ATACTAATGATACGCTGGGT,0,592599
araCp,0.5,1,1,ATACGTAAGATCCGGGAGTG,0,597398
araCp,0.5,1,1,ATACGGTGCCCTAATGCTAA,0,531200
araCp,0.5,1,1,ATACGGACGCATTATCCCCT,0,598773
araCp,0.5,1,1,ATACGAGCGTAGGCAGTTTG,0,601980
araCp,0.5,1,1,ATACGAATACTAGCACCGCA,0,567951
araCp,0.5,1,1,ATACCGTGTGTGACACGTAG,0,593885
araCp,0.5,1,1,ATACCGGCAAGGCGGGTCGG,0,585344
araCp,0.5,1,1,ATACCAGGTGTCTTCACAAG,0,534720
araCp,0.5,1,1,ATACAGACTCAGTCAGCAGA,0,551687
araCp,0.5,1,1,ATAATTCAGGGAGTCGCAAA,0,602343
araCp,0.5,1,1,ATAATGTGTGTTCTAAACAG,0,597192
araCp,0.5,1,1,ATAATGTACAGTATTGACTC,0,585625
araCp,0.5,1,1,ATAAGTTGACCTCATTCATA,0,560384
araCp,0.5,1,1,ATAAGTGCGCTCTAGTTCAG,0,567780
araCp,0.5,1,1,ATAAGTATCACGGAATTGTA,0,581261
araCp,0.5,1,1,ATAAGGTCTAGGAGTTGGTA,0,563669
araCp,0.5,1,1,ATAAGCTGGGTATAGGGGGA,0,588765
araCp,0.5,1,1,ATAACGTTTAGTGGTGTCAC,0,588911
araCp,0.5,1,1,ATAAATTATTAAAATTTGCA,0,527900
araCp,0.5,1,1,ATAAATGGCTTCTGCGGGGG,0,585767
araCp,0.5,1,1,ATAAATGCCGTGGACCTGGT,0,598621
araCp,0.5,1,1,ATAAATAGCCATATTCCGAG,0,548363
araCp,0.5,1,1,ATAAACTTCCTCCGATTGAA,0,529464
araCp,0.5,1,1,ATAAACAGGTGATTTCACAT,0,579124
araCp,0.5,1,1,AGTTTGCGTATCGATGGTAT,0,594793
araCp,0.5,1,1,AGTTTGCCTTCTTCATCTAC,0,541108
araCp,0.5,1,1,AGTTTAGCTCGTTTGAAACG,0,541748
araCp,0.5,1,1,AGTTGGGTCGCTGATCGAGG,0,593956
araCp,0.5,1,1,AGTTGGCGTGCCAGCGCGGC,0,589080
araCp,0.5,1,1,AGTTCGGCACCACAAACGCA,0,600856
araCp,0.5,1,1,AGTTCGATTGATTTGCCACG,0,558021
araCp,0.5,1,1,AGTTCCTCACCTCGTGCGCC,0,556130
araCp,0.5,1,1,AGTTATGTGGAATATAAATT,0,525704
araCp,0.5,1,1,AGTTACTAGCTTGGTTCATC,0,582559
araCp,0.5,1,1,AGTTAAGCCTTACTAAGAGT,0,580652
araCp,0.5,1,1,AGTGTCCGCTCGTCCGTTGA,0,585453
araCp,0.5,1,1,AGTGCTTCTATTTAACCGTC,0,576536
araCp,0.5,1,1,AGTGCTATCTAGACTACTTA,0,570959
araCp,0.5,1,1,AGTGCGTCGGCAAAGACAAG,0,586491
araCp,0.5,1,1,AGTGCATTTATGGCACCTAC,0,566632
araCp,0.5,1,1,AGTGATTTGAGGGGATCTCG,0,563150
araCp,0.5,1,1,AGTGACCTGCCTTCGAACCG,0,598274
araCp,0.5,1,1,AGTGACAGATACGATTGTAG,0,559445
araCp,0.5,1,1,AGTCTCGACTTCACGGGAAC,0,538701
araCp,0.5,1,1,AGTCTCATGAGTGTCTATGT,0,543922
araCp,0.5,1,1,AGTCTCACAGTGTATAAACT,0,526966
araCp,0.5,1,1,AGTCGTAATAACACATGGCT,0,582395
araCp,0.5,1,1,AGTCGGCGACGCTGATATTC,0,525799
araCp,0.5,1,1,AGTCGCTTAAGCGGTATCCC,0,563652
araCp,0.5,1,1,AGTCGCGCCGGCACCGACAG,0,581033
araCp,0.5,1,1,AGTCGCCGCCGTGACTTATA,0,573980
araCp,0.5,1,1,AGTCCGGATACGCGCACACA,0,592112
araCp,0.5,1,1,AGTCCGGACTGGTACAAGGA,0,573696
araCp,0.5,1,1,AGTCATTGACGAAGACGTAT,0,561799
araCp,0.5,1,1,AGTCATTATACATGGGCTGT,0,550519
araCp,0.5,1,1,AGTCATGTAGTGGCGTCGAT,0,600620
araCp,0.5,1,1,AGTCAGTTTTCGGAGTTAGG,0,597141
araCp,0.5,1,1,AGTAGGGCGTGTAGTATAAT,0,592985
araCp,0.5,1,1,AGTAGGAGCCATTGCGCTCC,0,589300
araCp,0.5,1,1,AGTAGAAGAATATCTAGTGC,0,530941
araCp,0.5,1,1,AGTAATGCGTTTCTACAAAC,0,575193
araCp,0.5,1,1,AGTAAGATGGCCCCTCTGAC,0,592441
araCp,0.5,1,1,AGTAACGCCGCGCCAGGATG,0,567288
araCp,0.5,1,1,AGTAAAGAGAAGCCTGAGCA,0,556750
araCp,0.5,1,1,AGGTTGTAGGGTGCGAGCGC,0,554739
araCp,0.5,1,1,AGGTTCTAGCTCCGATCCCT,0,594385
araCp,0.5,1,1,AGGTTCTACATTAATTGTCA,0,542759
araCp,0.5,1,1,AGGTTAGGCGTTCCGGGGGG,0,548810
araCp,0.5,1,1,AGGTTAAAGAGTCGGTCCCA,0,597391
araCp,0.5,1,1,AGGTGTCCCCCGACAACATA,0,583950
araCp,0.5,1,1,AGGTGGCCGAGTTATTTTTG,0,536547
araCp,0.5,1,1,AGGTGATGTCCTGACTCGGG,0,597496
araCp,0.5,1,1,AGGTCTTTTTGCAGTACGTG,0,551386
araCp,0.5,1,1,AGGTCTAGTGGTTCCAGTTT,0,527584
araCp,0.5,1,1,AGGTCGCAGGTCTAAACGTT,0,567894
araCp,0.5,1,1,AGGTCATATGATATCATGTC,0,601752
araCp,0.5,1,1,AGGTATGTGAGTACTCGAAT,0,531878
araCp,0.5,1,1,AGGTAACCGGAGAGATTGGC,0,541075
araCp,0.5,1,1,AGGGTGCATCGGGGGATCGC,0,565139
araCp,0.5,1,1,AGGGCTTCGCCTCGCGAGGT,0,530988
araCp,0.5,1,1,AGGGCCGCATCCTTGGTGAA,0,571974
araCp,0.5,1,1,AGGGATTCTCAGGGGTCCTC,0,585943
araCp,0.5,1,1,AGGGAGCAAGTGGTAACGGC,0,560564
araCp,0.5,1,1,AGGGACTAGCAACGTATGCA,0,556139
araCp,0.5,1,1,AGGCTCTGAAATCGTGCCAA,0,565402
araCp,0.5,1,1,AGGCTATGATAATGGTAAGA,0,581929
araCp,0.5,1,1,AGGCTACCGTTCAGACGTCG,0,548036
araCp,0.5,1,1,AGGCGTGGCGCTGGGATGAC,0,574579
araCp,0.5,1,1,AGGCGGAAGACCTCCGGTAC,0,560713
araCp,0.5,1,1,AGGCCTCTAGTTCGCCCTTC,0,572227
araCp,0.5,1,1,AGGCCCTAAACTTAACTTGT,0,591612
araCp,0.5,1,1,AGGCCACTGATTCGATCGTA,0,593098
araCp,0.5,1,1,AGGCAGTGCCTCCAGCCCTG,0,600460
araCp,0.5,1,1,AGGCAGGAGGCTCATAGAAA,0,573315
araCp,0.5,1,1,AGGATTATACGACTGATGTG,0,595099
araCp,0.5,1,1,AGGAGGGCTCGGTTCTGTCT,0,531916
araCp,0.5,1,1,AGGAGCTCCATAGAATCTCG,0,536242
araCp,0.5,1,1,AGGACTAGCTTGGGTGATAG,0,597363
araCp,0.5,1,1,AGGACTAAAGGGCGTTTACA,0,595503
araCp,0.5,1,1,AGGACCACACGAGGTTTCGG,0,550144
araCp,0.5,1,1,AGGAAGAATGTCGCCGCCTA,0,561526
araCp,0.5,1,1,AGGAAACCTTAATATTTGAT,0,593160
araCp,0.5,1,1,AGCTTTAAAAGTCGGACTCT,0,544166
araCp,0.5,1,1,AGCTTGTAAATTAAAGGTGA,0,548669
araCp,0.5,1,1,AGCTTAGCTCTGTGAGATCA,0,574990
araCp,0.5,1,1,AGCTCTAGCGTGTACAGGGA,0,580044
araCp,0.5,1,1,AGCTCCGACACCTTCAAACG,0,540962
araCp,0.5,1,1,AGCTCCATATTGCTGCTATG,0,547385
araCp,0.5,1,1,AGCTAGTTACAGACCTAACA,0,575206
araCp,0.5,1,1,AGCTAGCACCGACAGCAGGG,0,563841
araCp,0.5,1,1,AGCTAGAGCATGACCTTGTA,0,591015
araCp,0.5,1,1,AGCTAGACGGTAGGATGTGG,0,579058
araCp,0.5,1,1,AGCTAAGCCCTACCTGCTGT,0,586934
araCp,0.5,1,1,AGCTAAGACCGGTCCATCTC,0,572936
araCp,0.5,1,1,AGCGTTGAGAAACCATGTGA,0,576218
araCp,0.5,1,1,AGCGTTAGTGTCATTGATTT,0,535622
araCp,0.5,1,1,AGCGTGCAATGCCTAGCCAA,0,530027
araCp,0.5,1,1,AGCGTCGAATGTTACACAAA,0,543166
araCp,0.5,1,1,AGCGTCCCTTCATAGCTGCG,0,583250
araCp,0.5,1,1,AGCGTCCAGTTACCCCGGCC,0,570798
araCp,0.5,1,1,AGCGGTCGTCTAACCTCATT,0,543386
araCp,0.5,1,1,AGCGGTATATCATCACGGAC,0,545279
araCp,0.5,1,1,AGCGGGGCAACACGATCACA,0,548856
araCp,0.5,1,1,AGCGGGGAGGGTGTACTAAA,0,569898
araCp,0.5,1,1,AGCGGATGAACGCAGTGCTA,0,591120
araCp,0.5,1,1,AGCGATCTAAGTGCACGCCC,0,529596
araCp,0.5,1,1,AGCGAAGTGGCCGCATAGAC,0,594734
araCp,0.5,1,1,AGCGAAATCTGGCGTCGGCT,0,566219
araCp,0.5,1,1,AGCGAAACTGTGACCCCCAC,0,554246
araCp,0.5,1,1,AGCGAAAATGTACGACCAAC,0,590571
araCp,0.5,1,1,AGCCTGTAGGACCGGGGACA,0,603064
araCp,0.5,1,1,AGCCTATCTATAGAGTCCTC,0,599790
araCp,0.5,1,1,AGCCATGGAACCCCTGGTAA,0,528435
araCp,0.5,1,1,AGCCACGTCGGGCTATACGG,0,546736
araCp,0.5,1,1,AGCCAATAGGCATATGATCG,0,578610
araCp,0.5,1,1,AGCATGGTCAGGGTTTGGTG,0,536706
araCp,0.5,1,1,AGCATGAAACTGCGTCTCAC,0,586708
araCp,0.5,1,1,AGCAGTTTCACCCCGGTACT,0,547422
araCp,0.5,1,1,AGCAGCTTAATTGACGCGAC,0,579138
araCp,0.5,1,1,AGCAGATATTAAGTGAGGAC,0,547759
araCp,0.5,1,1,AGCACGCCGGTTTTGTGGCG,0,532820
araCp,0.5,1,1,AGCACCAACCGTTGAGGACG,0,544913
araCp,0.5,1,1,AGCACAAGACGATTGGGAGG,0,558324
araCp,0.5,1,1,AGCAATGCGCAATTGCATCA,0,564311
araCp,0.5,1,1,AGCAATCTAATTTTCGATCG,0,560240
araCp,0.5,1,1,AGCAACCCAGCCCATTGGGA,0,529498
araCp,0.5,1,1,AGATTTTACCCCCCTCAGAA,0,590248
araCp,0.5,1,1,AGATTGAGATCGAAAACCTG,0,566650
araCp,0.5,1,1,AGATTCGATCGCACGATCCA,0,545164
araCp,0.5,1,1,AGATTCATATGGTTAGTCAT,0,602059
araCp,0.5,1,1,AGATTACATATAGAGTGCAG,0,588431
araCp,0.5,1,1,AGATGTTAATAGTCGTTACT,0,598934
araCp,0.5,1,1,AGATGCGCAGCGCGTCACGT,0,568829
araCp,0.5,1,1,AGATCTGCGGGTTTGTGTGG,0,574405
araCp,0.5,1,1,AGATCCTCAATTTCGAGCAG,0,555261
araCp,0.5,1,1,AGATCCAAGCGGTGCCCCCA,0,583935
araCp,0.5,1,1,AGATCAAAGCGTGCCCGATT,0,591524
araCp,0.5,1,1,AGATATCGAATCACGTACCG,0,580438
araCp,0.5,1,1,AGATAGTGATTCCCTATAGA,0,554364
araCp,0.5,1,1,AGATAGGATCATGGGTGTGG,0,591513
araCp,0.5,1,1,AGAGTGCAGGCTACTGTATT,0,544940
araCp,0.5,1,1,AGAGTACCGTGATCACAGAT,0,536382
araCp,0.5,1,1,AGAGGTGAGGCTGGCTTTGG,0,577114
araCp,0.5,1,1,AGAGGGACGGTCCCAGTTGA,0,559900
araCp,0.5,1,1,AGAGGAGAAGGTGGGGCCAC,0,569837
araCp,0.5,1,1,AGAGCTATGGGATACTCCTG,0,561965
araCp,0.5,1,1,AGAGCGTAAGGAACGTTCTT,0,591624
araCp,0.5,1,1,AGAGCCTTTTGGGTTTACTA,0,588512
araCp,0.5,1,1,AGAGAGAGTTCTTGTGGGCA,0,533199
araCp,0.5,1,1,AGAGACAATCGAGGAATGTC,0,544077
araCp,0.5,1,1,AGAGAAGCAGTTCGCTTTTA,0,573396
araCp,0.5,1,1,AGAGAACTGGCATACGATTT,0,579723
araCp,0.5,1,1,AGACTCCGGACTCTACACTA,0,545144
araCp,0.5,1,1,AGACTAAGGGATACTATCCG,0,600659
araCp,0.5,1,1,AGACGCAGTCCGCTGAAGCT,0,535817
araCp,0.5,1,1,AGACGAGTCTGGTCCACAGG,0,564086
araCp,0.5,1,1,AGACCGTCGCATAGTATATA,0,537533
araCp,0.5,1,1,AGACCCTCCTCCAGGCATGA,0,584744
araCp,0.5,1,1,AGACCCGGCATGAACGCAGT,0,535096
araCp,0.5,1,1,AGACCACCACCGCAGCTTCG,0,559402
araCp,0.5,1,1,AGACCAAATGTCAAACGTCG,0,557989
araCp,0.5,1,1,AGACAGTATAAGTAGCCTCT,0,526068
araCp,0.5,1,1,AGACAGTAAAGTTGTGGCTA,0,539306
araCp,0.5,1,1,AGACAATTTGAGCCTCGTAG,0,556027
araCp,0.5,1,1,AGACAACAAGACAGACACTT,0,600419
araCp,0.5,1,1,AGACAAAGTCAAGGGAGTGT,0,603323
araCp,0.5,1,1,AGAATGTTTTTGAACGGAAG,0,565588
araCp,0.5,1,1,AGAATCATTTCCTCCTCAAC,0,551767
araCp,0.5,1,1,AGAATAGTGAGTAAAAATGC,0,560325
araCp,0.5,1,1,AGAAGTGAACATAGGTCGAG,0,596704
araCp,0.5,1,1,AGAAGGGCAGGGACGATAAC,0,603724
araCp,0.5,1,1,AGAAGCCCAAGTGCTTGGGT,0,566123
araCp,0.5,1,1,AGAACCGATGTAAATCCGCT,0,541584
araCp,0.5,1,1,AGAACAACCTCAGAGTCCGT,0,599187
araCp,0.5,1,1,AGAAACGTACCGCTAGGGTT,0,570296
araCp,0.5,1,1,AGAAACGGTTACTATGTTTC,0,536213
araCp,0.5,1,1,AGAAACGGACACGTCAATGG,0,526146
araCp,0.5,1,1,AGAAAACTCCTAATTCTGAA,0,572435
araCp,0.5,1,1,ACTTTTCATTCTGTCTGGTT,0,529706
araCp,0.5,1,1,ACTTTCTTAGGTTATGATGT,0,571271
araCp,0.5,1,1,ACTTGGTCTCGACATTGCTT,0,541403
araCp,0.5,1,1,ACTTGCACGGGAGTGAGTGC,0,579191
araCp,0.5,1,1,ACTTCGTAGTTGCTGACGTT,0,576426
araCp,0.5,1,1,ACTTCGGTTAAACTTGAGAT,0,533138
araCp,0.5,1,1,ACTTCGGTCAGCTGCAGCAC,0,581897
araCp,0.5,1,1,ACTTCGGGTGGTCCTATAAT,0,554835
araCp,0.5,1,1,ACTTCGGGGGCGCTTGGGTG,0,600858
araCp,0.5,1,1,ACTTCAACGGGGCGCGTTAC,0,558383
araCp,0.5,1,1,ACTTACGATAGCCAGCTATC,0,570348
araCp,0.5,1,1,ACTTAATAGCACCCGCATAT,0,591367
araCp,0.5,1,1,ACTGTTTTACATGACGTATG,0,574212
araCp,0.5,1,1,ACTGTTTGGCGGGGGGTCAC,0,595102
araCp,0.5,1,1,ACTGTCCCGATGTCACGAGG,0,533948
araCp,0.5,1,1,ACTGGTTAACGTTATTCGAC,0,558581
araCp,0.5,1,1,ACTGGTGCCGTGAATTAAAC,0,561973
araCp,0.5,1,1,ACTGGTGCACGGCACTTATA,0,564480
araCp,0.5,1,1,ACTGGTGAACCAGCAGAGCT,0,589642
araCp,0.5,1,1,ACTGGCGATGTGTGGACTGA,0,529845
araCp,0.5,1,1,ACTGGCAAAGGTGCAAAGAC,0,603024
araCp,0.5,1,1,ACTGGAGTAACAAGTGCTCT,0,599811
araCp,0.5,1,1,ACTGCCCTCGGGTCGGGGGT,0,546204
araCp,0.5,1,1,ACTGCATACTCTCATCATCC,0,555140
araCp,0.5,1,1,ACTGAGAGGGATTTTGACAA,0,576794
araCp,0.5,1,1,ACTGAACTGCAGGAACGATA,0,536496
araCp,0.5,1,1,ACTCTTCTTATGCTTAGACT,0,573126
araCp,0.5,1,1,ACTCTGTTTTAACTATTACT,0,578547
araCp,0.5,1,1,ACTCGTAATCCCGACTCTGT,0,529473
araCp,0.5,1,1,ACTCCGTCCCGCGTACGCGC,0,560149
araCp,0.5,1,1,ACTCCGAGGTGTTCGCGGAG,0,580635
araCp,0.5,1,1,ACTCCCACAGTCACCGCGGA,0,566707
araCp,0.5,1,1,ACTCCAAAATGGTCAGTAAC,0,595796
araCp,0.5,1,1,ACTCATTTGGTTAATTTATT,0,555361
araCp,0.5,1,1,ACTCATTAGGCAATCATTAT,0,584317
araCp,0.5,1,1,ACTCACACATGTCTTAGCGG,0,526284
araCp,0.5,1,1,ACTCAACGTAGTCTATGGAG,0,574470
araCp,0.5,1,1,ACTATTACGTCGAGGTCTCT,0,526272
araCp,0.5,1,1,ACTATGTCTGGCCGAGGCAT,0,540950
araCp,0.5,1,1,ACTATGGGGTGGGCATCAAC,0,574048
araCp,0.5,1,1,ACTATGACGAAGGAGGTAAA,0,534109
araCp,0.5,1,1,ACTATCCTGTAAGGGTGTTG,0,541351
araCp,0.5,1,1,ACTATACTTATTTACGGATA,0,546870
araCp,0.5,1,1,ACTAGGAACTGAGTGACCTG,0,575189
araCp,0.5,1,1,ACTAGAGCTACCGGTTTTTA,0,554244
araCp,0.5,1,1,ACTACGTTTGACGACGCTTT,0,555974
araCp,0.5,1,1,ACTACCTGCAAGCGATTACC,0,539242
araCp,0.5,1,1,ACTACCAGTCCAGGTTTGTG,0,582887
araCp,0.5,1,1,ACTACCAATGAGGTCCACCT,0,601024
araCp,0.5,1,1,ACTACAACACAGTGGGAAGC,0,552302
araCp,0.5,1,1,ACTAAGCGTTTGAATACGGG,0,546801
araCp,0.5,1,1,ACGTTTGTCACCTGGGCGGG,0,527531
araCp,0.5,1,1,ACGTTGCAGAAAAAACGGCA,0,599813
araCp,0.5,1,1,ACGTGGCGTCCATCATTATC,0,592857
araCp,0.5,1,1,ACGTGGACATAGTCGGTAAA,0,549023
araCp,0.5,1,1,ACGTCTTGGCCGCATCTTTT,0,552712
araCp,0.5,1,1,ACGTCCTATTAGGCGTTAGA,0,544718
araCp,0.5,1,1,ACGTATTCGAGCGATCGGGC,0,545794
araCp,0.5,1,1,ACGTAGCGTTCGAACGTGTA,0,527507
araCp,0.5,1,1,ACGGTTGGATCGAAGAGCAT,0,553415
araCp,0.5,1,1,ACGGTTGCCATATCTACAGG,0,534917
araCp,0.5,1,1,ACGGTCGGATCACAGCAGAT,0,562641
araCp,0.5,1,1,ACGGTAGCATTTAAAGTAGG,0,588996
araCp,0.5,1,1,ACGGGGTAGATAGTGTTCAA,0,530254
araCp,0.5,1,1,ACGGGGCAGTCTACGTCTAT,0,597765
araCp,0.5,1,1,ACGGGATAAATCGGTATCTT,0,557477
araCp,0.5,1,1,ACGGGAGGAGACACCATCCC,0,599775
araCp,0.5,1,1,ACGGCTTGTATGCGCAGCCT,0,550987
araCp,0.5,1,1,ACGGCGATGGATTTTGATCA,0,528287
araCp,0.5,1,1,ACGGCGAGTCGAAAGAACTC,0,573394
araCp,0.5,1,1,ACGGCCGGGCGGGAGCAGAC,0,601546
araCp,0.5,1,1,ACGGCACATAATATAGTCAC,0,579431
araCp,0.5,1,1,ACGGAGCATCTCATTCTTTT,0,541192
araCp,0.5,1,1,ACGGACAGGACTGTGCTCAC,0,581071
araCp,0.5,1,1,ACGGAAAGCTCGGACCCAGA,0,585793
araCp,0.5,1,1,ACGCGTTACAATAAGTAATA,0,564209
araCp,0.5,1,1,ACGCGTGTAGAATCCTCGCG,0,599232
araCp,0.5,1,1,ACGCGGAAATCAAACGTTGG,0,558542
araCp,0.5,1,1,ACGCGAACAGCCTGAAGAAA,0,536680
araCp,0.5,1,1,ACGCATCTTTTTAGAGGGAC,0,535363
araCp,0.5,1,1,ACGCAGTAACGGAGCATGCC,0,564283
araCp,0.5,1,1,ACGCAGGTGCGAGCCTCATT,0,576993
araCp,0.5,1,1,ACGCAGGACGGCGTGAGTAA,0,601882
araCp,0.5,1,1,ACGCAGCAAGTAGCAGGCGA,0,550111
araCp,0.5,1,1,ACGCAGAGGTCATTCCGCGA,0,543754
araCp,0.5,1,1,ACGCACTCGCCTTGCTACGG,0,564913
araCp,0.5,1,1,ACGCACCTCTCATAGTGGTT,0,563663
araCp,0.5,1,1,ACGATTCTGTCATCGATACT,0,552959
araCp,0.5,1,1,ACGATCGGGAGGGTCACTTG,0,540867
araCp,0.5,1,1,ACGATAAGTTGATTCTGTCA,0,560054
araCp,0.5,1,1,ACGAGCGCAACTAAGGTAAC,0,558276
araCp,0.5,1,1,ACGAGCCATACATCGTTACT,0,563247
araCp,0.5,1,1,ACGACGAATGAATACCTCAA,0,589842
araCp,0.5,1,1,ACGAATCACAGGTGAGAGTG,0,528438
araCp,0.5,1,1,ACGAAGACTAAACTGGCGTA,0,567160
araCp,0.5,1,1,ACGAACTTCCCTCAATGGTT,0,559040
araCp,0.5,1,1,ACCTTGCGAATTAATTATCT,0,544654
araCp,0.5,1,1,ACCTTCCGTGGTAGCTATTC,0,569332
araCp,0.5,1,1,ACCTGCTGTTTAATTGAATT,0,552649
araCp,0.5,1,1,ACCTGCATAATCTGGGCTAT,0,574240
araCp,0.5,1,1,ACCTGAGGCGAAGACCGGCG,0,594583
araCp,0.5,1,1,ACCTCTTATGAAGTACTTTA,0,554417
araCp,0.5,1,1,ACCTCTCGGCCCTTAAACCT,0,555600
araCp,0.5,1,1,ACCTCCAATAATTGTTAAGA,0,602232
araCp,0.5,1,1,ACCTAAAGCGATAAGCAGTA,0,555776
araCp,0.5,1,1,ACCGTTGTTAGCGAGTGACT,0,575021
araCp,0.5,1,1,ACCGTGTGGTGTATCCACAC,0,542451
araCp,0.5,1,1,ACCGTGGAGACGTACGGGCG,0,579160
araCp,0.5,1,1,ACCGTCGTTTAGCGAGATTG,0,531912
araCp,0.5,1,1,ACCGGTAACTTGCCGATTCA,0,602594
araCp,0.5,1,1,ACCGGGGTGAATTATTTGGA,0,565140
araCp,0.5,1,1,ACCGGCGGCCAGCTTCAGGT,0,575428
araCp,0.5,1,1,ACCGCGTAAGTCGAGATGAA,0,577977
araCp,0.5,1,1,ACCGCATGGGCCAATCTCCG,0,569785
araCp,0.5,1,1,ACCGAGCTTACAAGGTTCGA,0,600569
araCp,0.5,1,1,ACCCTGTTATAGGTATGTCT,0,549560
araCp,0.5,1,1,ACCCTGCTACTTGGGATGCG,0,578047
araCp,0.5,1,1,ACCCTGATCGGCTCGAATGA,0,527335
araCp,0.5,1,1,ACCCGGTAGTAATGATAGAC,0,585038
araCp,0.5,1,1,ACCCCGGAGAGCTCTTGGCA,0,557837
araCp,0.5,1,1,ACCCCCATGGTATAAGATTA,0,559479
araCp,0.5,1,1,ACCCCAGGTTCCTTTGGTGT,0,540442
araCp,0.5,1,1,ACCCCAGGCTCCAATGCACT,0,590850
araCp,0.5,1,1,ACCCAGTCTGGTCATACTGG,0,566492
araCp,0.5,1,1,ACCCAATCTTATAGCTAGAT,0,595017
araCp,0.5,1,1,ACCATGCGTGGTTACGCAAA,0,551009
araCp,0.5,1,1,ACCATGATGATGTCAATCAT,0,557492
araCp,0.5,1,1,ACCATATCACGGTTCGACAG,0,540452
araCp,0.5,1,1,ACCAGGCTGCCTACGAAGTC,0,528075
araCp,0.5,1,1,ACCAGCATAAGGCGTTGCGG,0,537368
araCp,0.5,1,1,ACCAAAGTAAATTGATTGCT,0,556029
araCp,0.5,1,1,ACATTTGCCCCCACCGTGAC,0,542433
araCp,0.5,1,1,ACATTGAAAGGCTTACTAAC,0,537760
araCp,0.5,1,1,ACATTCTGGGGTTGTACACG,0,582610
araCp,0.5,1,1,ACATGGTTTCATACGCCCCT,0,583350
araCp,0.5,1,1,ACATGCGTGAAATTAAAAAG,0,538275
araCp,0.5,1,1,ACATGAACGTCCGACTTTAT,0,587205
araCp,0.5,1,1,ACATCGTGTTGCAGTATCCT,0,530149
araCp,0.5,1,1,ACATATATTCGTCGATAAGA,0,558239
araCp,0.5,1,1,ACATAGCATGAGCGCCAAGA,0,536073
araCp,0.5,1,1,ACAGTTCGATGAAGGTACTT,0,572127
araCp,0.5,1,1,ACAGTTATCGGTTATCCGCG,0,592988
araCp,0.5,1,1,ACAGTTATCCAGGTGAGTAG,0,586900
araCp,0.5,1,1,ACAGTGTATCTCCGGATAGA,0,592688
araCp,0.5,1,1,ACAGTCGTCTCCTCGCGATG,0,533344
araCp,0.5,1,1,ACAGTCACGTCATGGTTCGT,0,535795
araCp,0.5,1,1,ACAGGGTTGCGCCGCTCTAC,0,599217
araCp,0.5,1,1,ACAGGGTCTTGCTGCGTTGT,0,540453
araCp,0.5,1,1,ACAGGAGCACTATGCTCGAG,0,549696
araCp,0.5,1,1,ACAGCTAGATGGGCACTTCT,0,544503
araCp,0.5,1,1,ACAGATGGGTGTGTACAAGC,0,582154
araCp,0.5,1,1,ACACTTTAGCTCTCGTTGCT,0,549824
araCp,0.5,1,1,ACACTGGAGTATACTGAAGC,0,563546
araCp,0.5,1,1,ACACTAGCCATTCTTGAGAT,0,583794
araCp,0.5,1,1,ACACGTCTTGGGTCTTGGGG,0,575925
araCp,0.5,1,1,ACACGGAACCTTTCCGGCGG,0,587436
araCp,0.5,1,1,ACACGACCGGAAGTTCTCAC,0,593275
araCp,0.5,1,1,ACACCTGTGCCTTGGCACTG,0,577600
araCp,0.5,1,1,ACACCATGCGCGCTGTAGCT,0,602180
araCp,0.5,1,1,ACACCAGACCAGCCCCACAA,0,581738
araCp,0.5,1,1,ACACACCGTGACGTTTCCGT,0,563590
araCp,0.5,1,1,ACACACCGTCCAAGTGCACT,0,579363
araCp,0.5,1,1,ACACAAGTTTTTGATTGTGC,0,529191
araCp,0.5,1,1,ACACAACCGTGGGGGACTTG,0,527718
araCp,0.5,1,1,ACAATTCGCCGCATATTGTT,0,589023
araCp,0.5,1,1,ACAATGAAAGGTGCGGTGTT,0,577092
araCp,0.5,1,1,ACAATACAAGACAATAGTAG,0,545010
araCp,0.5,1,1,ACAAGGGCCCTGGCAAGTCC,0,553487
araCp,0.5,1,1,ACAAGCGGCAGATGACAGAG,0,587391
araCp,0.5,1,1,ACAAGATCTAGCTGTTTTTC,0,587457
araCp,0.5,1,1,ACAACCCGCAGGGGACACTC,0,530614
araCp,0.5,1,1,ACAACCCGACTAGGACGAGA,0,572257
araCp,0.5,1,1,ACAAAGCTGCACGAGCATAA,0,550886
araCp,0.5,1,1,AATTTTCTAGAGTATACAAA,0,554135
araCp,0.5,1,1,AATTTCCGAGCAATTCAACG,0,594191
araCp,0.5,1,1,AATTTAGTTAATAAGGTGAC,0,550292
araCp,0.5,1,1,AATTTAGTGAGCCATTGTTA,0,560055
araCp,0.5,1,1,AATTTACCATCCGATTTCGA,0,576303
araCp,0.5,1,1,AATTGGGACCGTGCTTATTC,0,548168
araCp,0.5,1,1,AATTGGCACTGGTTCAAGGT,0,549617
araCp,0.5,1,1,AATTCGCCCTCCTTCCTTGG,0,595019
araCp,0.5,1,1,AATTCCTGGACTCCCCGCGT,0,595685
araCp,0.5,1,1,AATTCCCAGGCAAGCCCCGG,0,574744
araCp,0.5,1,1,AATTCATTTGAGACTGCGTG,0,540975
araCp,0.5,1,1,AATTATCCTTTCGACTGGTT,0,529862
araCp,0.5,1,1,AATTAGGACTATGGGGAAGT,0,532307
araCp,0.5,1,1,AATTACGCAGCATGATAGGG,0,577467
araCp,0.5,1,1,AATGTTTCGTTCTGCCGAGT,0,575643
araCp,0.5,1,1,AATGTTTAGAGTATTAACGG,0,599887
araCp,0.5,1,1,AATGTTGCTGTGATTGCTCC,0,553109
araCp,0.5,1,1,AATGTGTCGAGGCATTTACG,0,573727
araCp,0.5,1,1,AATGTCATTTGCCAACGAGG,0,537124
araCp,0.5,1,1,AATGCCTAGGTCCTATGCTG,0,568459
araCp,0.5,1,1,AATGCCCGCCATCCGATTTC,0,531253
araCp,0.5,1,1,AATGAGTGGGAATTTGAAGG,0,536546
araCp,0.5,1,1,AATGAGCGTCCTTTGACTTA,0,584787
araCp,0.5,1,1,AATGAATCGCGAAAGTGTGG,0,581781
araCp,0.5,1,1,AATCTTTGTTGTCAAGCAAA,0,571275
araCp,0.5,1,1,AATCTGTCATAAGGAATTGA,0,559519
araCp,0.5,1,1,AATCGGCACTGCGCCCTGGA,0,599298
araCp,0.5,1,1,AATCGCATGCCGGTCATCAC,0,531660
araCp,0.5,1,1,AATCCGTGGTAAGTGCCTAA,0,548901
araCp,0.5,1,1,AATCCGATGACGTGTATGCC,0,532608
araCp,0.5,1,1,AATCCCCTACCACATATACT,0,568610
araCp,0.5,1,1,AATCATTCACCGTAGACAAA,0,549676
araCp,0.5,1,1,AATCAGTACAAGGGTACCAA,0,564881
araCp,0.5,1,1,AATCAGAGATATGTCGTGGA,0,582853
araCp,0.5,1,1,AATCACTAATACATGCCTTA,0,552894
araCp,0.5,1,1,AATAGGGGTTGCAGTGCGGC,0,536896
araCp,0.5,1,1,AATAGCACTTCTCGAACATA,0,527326
araCp,0.5,1,1,AATAGAGTATAGCCCGACCA,0,579525
araCp,0.5,1,1,AATACTTATCGTTCGACCAG,0,538615
araCp,0.5,1,1,AATACGTAGGGTACACATGT,0,571524
araCp,0.5,1,1,AATACCTGTGCTTCGCATGG,0,590366
araCp,0.5,1,1,AATACCGTCAACATGAAGAC,0,578752
araCp,0.5,1,1,AATAATTGCATCTAGTGGAG,0,595245
araCp,0.5,1,1,AATAATCAGCCGGTGTTCTC,0,595565
araCp,0.5,1,1,AATAAGCTCGGTCTTACGAA,0,593540
araCp,0.5,1,1,AATAAGAGGGGTAGTGCAAC,0,570520
araCp,0.5,1,1,AATAACAGATAGGGAGCGTC,0,594085
araCp,0.5,1,1,AATAAAATTTAGCTTAGCAA,0,586871
araCp,0.5,1,1,AAGTTCGAGCAGAGTGCTCG,0,567398
araCp,0.5,1,1,AAGTTCACATTGTACTAGAT,0,588256
araCp,0.5,1,1,AAGTTATCGGTTGACATCCC,0,553167
araCp,0.5,1,1,AAGTGTCCCGTCCCGTTAAT,0,527372
araCp,0.5,1,1,AAGTGTAATCCCACTTCCAA,0,554544
araCp,0.5,1,1,AAGTGGACAATGGACATTGT,0,554020
araCp,0.5,1,1,AAGTGGAATGTCTCCACCAA,0,582546
araCp,0.5,1,1,AAGTGCGTGGACGAGCTACC,0,574279
araCp,0.5,1,1,AAGTGAGAATCGAGGAATGG,0,563814
araCp,0.5,1,1,AAGTGAATGAGGCGGCAATA,0,551329
araCp,0.5,1,1,AAGTCTTAACGGAAGGTACA,0,594863
araCp,0.5,1,1,AAGTCCACGGAGGGCGATAC,0,582438
araCp,0.5,1,1,AAGTCACTTGATGTTTTGAC,0,544798
araCp,0.5,1,1,AAGTATGGGTCGTGTTCTTT,0,547057
araCp,0.5,1,1,AAGTATGAACTAGGAAATCT,0,548320
araCp,0.5,1,1,AAGTAAATGTGTCGCTCGGG,0,526766
araCp,0.5,1,1,AAGGTTTTGGTCAAGGCTGA,0,578879
araCp,0.5,1,1,AAGGTTGTAGGTTAATTTCA,0,554322
araCp,0.5,1,1,AAGGTTGCCCTACAGTCAAG,0,566499
araCp,0.5,1,1,AAGGTTAACCGTCAAACATG,0,546370
araCp,0.5,1,1,AAGGTGAAGTCGCAAGAGTT,0,572366
araCp,0.5,1,1,AAGGTCTGATAGATAAGTAG,0,541214
araCp,0.5,1,1,AAGGTATCAATGCCGCAAAT,0,541121
araCp,0.5,1,1,AAGGGTTTTGTTGATCTCAG,0,570711
araCp,0.5,1,1,AAGGCTTATAAGCTGTAAGT,0,567757
araCp,0.5,1,1,AAGGCTGATTCGCGCATGGA,0,563925
araCp,0.5,1,1,AAGGCCAACTCACTTTTGCA,0,565460
araCp,0.5,1,1,AAGGATAGTAGTTTACGTTT,0,600012
araCp,0.5,1,1,AAGGAGAAGGTGGCTAAGTA,0,601621
araCp,0.5,1,1,AAGGACCGGCCAGACTTGCG,0,537278
araCp,0.5,1,1,AAGCTCACGTCTACCGGCCG,0,566167
araCp,0.5,1,1,AAGCTAGTTGACAGTTAGAC,0,564195
araCp,0.5,1,1,AAGCTAACGATGCCCCGATA,0,588683
araCp,0.5,1,1,AAGCGTTGGTCCAATCCAGC,0,590127
araCp,0.5,1,1,AAGCGCTGCGTATTGCCCTC,0,599461
araCp,0.5,1,1,AAGCCTTGGGTATTCAGTGG,0,561385
araCp,0.5,1,1,AAGCCCGGGACGCCGTCGTG,0,548997
araCp,0.5,1,1,AAGAGGATGAATTGGTATAA,0,603575
araCp,0.5,1,1,AAGACTGGCACAACGCTCCA,0,586873
araCp,0.5,1,1,AAGACGATTACAGATACCTG,0,532147
araCp,0.5,1,1,AAGACGATGAACAGTCAAAC,0,586158
araCp,0.5,1,1,AAGACGACATCGTCCCACTC,0,554175
araCp,0.5,1,1,AAGAATACTTACCCGTTACT,0,579791
araCp,0.5,1,1,AAGAAAGTGGATCCCTCACT,0,591451
araCp,0.5,1,1,AACTTTGCTTAACTAAGAAG,0,547898
araCp,0.5,1,1,AACTTGGAGGTCTCATCCCA,0,579468
araCp,0.5,1,1,AACTTCCTCCATGGTATGCT,0,568533
araCp,0.5,1,1,AACTGTCCATACACCGATAT,0,531622
araCp,0.5,1,1,AACTGGCTTGGAGAACTTTA,0,569012
araCp,0.5,1,1,AACTCTGTCAGAGCGGCATG,0,561523
araCp,0.5,1,1,AACTCTCCGTCTGTCAGCCT,0,596977
araCp,0.5,1,1,AACTCGGTGGGGGAGATATG,0,533958
araCp,0.5,1,1,AACTCGGACCTCCTATTAAT,0,533370
araCp,0.5,1,1,AACTCGAAGAATGGTACTAC,0,575214
araCp,0.5,1,1,AACTATAAACTTGATCCCGG,0,540003
araCp,0.5,1,1,AACTACAGTCATTGTTTGAT,0,601816
araCp,0.5,1,1,AACGTTATGATGAAATAAGA,0,559231
araCp,0.5,1,1,AACGTTAAGAGCCACCGATA,0,544678
araCp,0.5,1,1,AACGTCCCATCTGGTTTCTC,0,569076
araCp,0.5,1,1,AACGTCCATTTATCACCATT,0,579562
araCp,0.5,1,1,AACGGTTGGGTACGCACCTC,0,554334
araCp,0.5,1,1,AACGGTAGGTGGGTCGTCTA,0,541494
araCp,0.5,1,1,AACGGGTTTCTGTGCAACAC,0,534731
araCp,0.5,1,1,AACGGGTTGATGTACAAAGT,0,596802
araCp,0.5,1,1,AACGGCAGGTTACCAGCCTA,0,543121
araCp,0.5,1,1,AACGGATCCGTTATTACAGA,0,602986
araCp,0.5,1,1,AACGGAGCTTAGGCATTTAA,0,527235
araCp,0.5,1,1,AACGCGTGTCCATTGGTACA,0,583131
araCp,0.5,1,1,AACGCATTAGTGTCAGTATT,0,573933
araCp,0.5,1,1,AACGATGTCGAACCGTATGA,0,594005
araCp,0.5,1,1,AACGAGTCCTAGCTGTTTTC,0,561927
araCp,0.5,1,1,AACCTGGACCTGTAGTACTA,0,525594
araCp,0.5,1,1,AACCGTCACAAGGGTTTCCC,0,542628
araCp,0.5,1,1,AACCCGCCCCGCTTACGTTT,0,545842
araCp,0.5,1,1,AACCCCAAGAGGCTCGGGTC,0,600877
araCp,0.5,1,1,AACCCATTGAGACGGCGCCG,0,562583
araCp,0.5,1,1,AACCAGCAATAGATAGAGCA,0,573781
araCp,0.5,1,1,AACCACTGCGCATATCACCC,0,561295
araCp,0.5,1,1,AACCACCTCGTCCGGGCGGG,0,538666
araCp,0.5,1,1,AACCAACGGACATCTGGTAA,0,573083
araCp,0.5,1,1,AACATCTAAGCAACGCAACA,0,589090
araCp,0.5,1,1,AACAGTCGGGATGGTCTGCA,0,601985
araCp,0.5,1,1,AACAGGTTCGTACAGATGTG,0,558705
araCp,0.5,1,1,AACACGGTAAGGTACATACC,0,572173
araCp,0.5,1,1,AACACACATTAAGAGTCTGA,0,539299
araCp,0.5,1,1,AAATTTGAAGCGTATTAAGC,0,591809
araCp,0.5,1,1,AAATTGGTACTATGCTTCGA,0,596986
araCp,0.5,1,1,AAATTCATATTAAGCCGTGG,0,569479
araCp,0.5,1,1,AAATTACTTAGATAGGTCCA,0,588018
araCp,0.5,1,1,AAATTAAAGTTTAATCGAGG,0,536005
araCp,0.5,1,1,AAATCGGTGTATACAACTAT,0,533799
araCp,0.5,1,1,AAATCGGGTTGCGTCGTCGG,0,601439
araCp,0.5,1,1,AAATCCGCATCTGGTAAGGA,0,539907
araCp,0.5,1,1,AAATATGCTTTGGTAATCAT,0,578801
araCp,0.5,1,1,AAATATACATCGAACCACGC,0,527161
araCp,0.5,1,1,AAATAGCCTACCTGAAATAC,0,583262
araCp,0.5,1,1,AAATAAAATACCAGATCATA,0,575224
araCp,0.5,1,1,AAATAAAACTACCCCTACAG,0,570636
araCp,0.5,1,1,AAAGTGAGTAGCGGTCATTT,0,560520
araCp,0.5,1,1,AAAGTAGCTATGAGGCTAGG,0,593027
araCp,0.5,1,1,AAAGGTTCAATGAGCGACCA,0,542448
araCp,0.5,1,1,AAAGGTCAGGAACGATTGTC,0,561737
araCp,0.5,1,1,AAAGGGTATTTCCGCAGCGT,0,540659
araCp,0.5,1,1,AAAGGGGCCAGCAGACGGAA,0,532766
araCp,0.5,1,1,AAAGGGCGGCCCGATGATGT,0,595171
araCp,0.5,1,1,AAAGGAGGTGTACCGACCCG,0,597481
araCp,0.5,1,1,AAAGGAGCGACTAATGTTTA,0,592025
araCp,0.5,1,1,AAAGAACAATGTTTCGCCGG,0,547647
araCp,0.5,1,1,AAACTTCTTGGGGGATTAGG,0,525813
araCp,0.5,1,1,AAACTCCGTATGAATACACC,0,574652
araCp,0.5,1,1,AAACGGTATAGCAGTATACG,0,574394
araCp,0.5,1,1,AAACGGATATTGCACTGTAT,0,541022
araCp,0.5,1,1,AAACCGTTTTACATTCATCT,0,552999
araCp,0.5,1,1,AAACCGAGCTAAAGGTAAAA,0,526965
araCp,0.5,1,1,AAACCCTGTCGGTATAGGGA,0,549733
araCp,0.5,1,1,AAACCAACAAAGTAGCCAAA,0,537809
araCp,0.5,1,1,AAAATTGGCTGACGGGAAAG,0,554117
araCp,0.5,1,1,AAAATGATCGGCTTTGGACG,0,536613
araCp,0.5,1,1,AAAAGGAATGGGCCGTATTA,0,557892
araCp,0.5,1,1,AAAAGACTTCCGGATTGTAC,0,574249
araCp,0.5,1,1,AAAACCTTTCATTTGCGATG,0,549133
araCp,0.5,1,1,AAAACCGCTCGCGAACTCGG,0,593969
araCp,0.5,1,1,AAAACAGGGACCATGGTTTT,0,590540
araCp,0.5,1,1,AAAACACCCTTCATTAGCGT,0,542023
araCp,0.5,1,1,AAAACAACGTGATCACCAGG,0,528897
araCp,0.5,1,1,AAAAATGCCCGAGAAATCCG,0,602666
araCp,0.5,1,1,AAAAATATGGTAGGATTTAA,0,572136
araCp,0.5,1,1,AAAAAGTGCTAACGGGCTTT,0,530320
araCp,184.0,183,0,AGATTAGAGGAAGACGGGAA,183,602855
araCp,183.0,182,0,CACGCCAGTGTGAACGTAAC,182,530120
araCp,181.0,180,0,TATTGTGTCATACTGGGGGT,180,548777
araCp,180.0,179,0,GCGGCCGTGAAAGCGACGAC,179,539131
araCp,138.0,137,0,TTACAACCCGTCGTATATTG,137,581526
araCp,134.0,133,0,GGCGTGCTATTTTCTTATTC,133,557872
araCp,128.0,127,0,CATTGCTCCTATATACACCA,127,575939
araCp,119.0,118,0,ATTGGTGATTGCCTGTTTAT,118,603633
araCp,119.0,118,0,AGATAGAGCATCGCTGATTG,118,596171
araCp,117.0,116,0,CCCAGTTAGGTAATTCTGAT,116,565294
araCp,110.0,109,0,TTGCCATTTCCGTAAGATTA,109,541690
araCp,108.0,107,0,CTAACCCGTAAAGGGAGGAA,107,550146
araCp,104.0,103,0,CAACTATAAGTTAGATAAAA,103,589651
araCp,98.0,97,0,CGCTACCGCTAAGATACAAT,97,601824
araCp,97.0,96,0,GTTGTGGAAGGATTTTGGTT,96,554627
araCp,93.0,92,0,GTCCTTCCAACAATGTGTAG,92,590979
araCp,88.0,87,0,CAAGTAAAACGTTAGTACTG,87,572673
araCp,86.0,85,0,TCAAATACACGTACAACATA,85,602413
araCp,86.0,85,0,CATGACCTGTAATGGAACGA,85,530094
araCp,86.0,85,0,AGATTTGTGAGTTCGGAGTA,85,540130
araCp,85.0,84,0,TGACATAATAGTGTTTTACG,84,595965
araCp,84.0,83,0,CAACTAAACTATAGACTCCT,83,577477
araCp,76.0,75,0,TCAATGAAGATCATACCCTT,75,562469
araCp,74.0,73,0,TAGCCCAAAAGATCTATCCT,73,598172
araCp,72.0,71,0,GCGTTCCTCCGAATTGCCTC,71,564650
araCp,72.0,71,0,CTTCAATACATTAGGAGAGG,71,570647
araCp,69.0,68,0,CTGATTGTGCGGCACCGGGA,68,573443
araCp,68.0,67,0,ATGCCTGATTGGAAAGTAAT,67,602922
araCp,67.0,66,0,TCGGTGTTCCACACTCCCAG,66,602941
araCp,62.0,61,0,GAGAGGATGGTCACCAGTGG,61,559552
araCp,59.0,58,0,TAAAAATATAACACTCTTAA,58,577470
araCp,57.0,56,0,GTCGATTAAACAGACAAAAG,56,593806
araCp,56.0,55,0,TTTTGGCGTCTAAGAAACTA,55,546865
araCp,55.0,54,0,CCGCTTTCCCCCGTACCCCT,54,579460
araCp,53.0,52,0,CAAATACATAAATACACTTG,52,531093
araCp,49.0,48,0,GGTACGGATGTTAACGGCTT,48,529201
araCp,47.0,46,0,CGCCAGACGTATTCTAATAT,46,559036
araCp,45.0,44,0,AGCGTCATGTGAGAAAGCGT,44,592481
araCp,44.0,43,0,TAGTTGGGCGTGGCCTGGAA,43,560222
araCp,44.0,43,0,CACAATTCTTGCAACTGTCT,43,565238
araCp,43.0,42,0,GTGATAGCATGTGGAAATAG,42,548046
araCp,42.0,41,0,CTGACAGTTGGAAATCTTGG,41,533536
araCp,42.0,41,0,ATCCCGTCAATTCCTATCCA,41,581779
araCp,39.0,38,0,ACACAAGGATAGACATGCTT,38,551795
araCp,36.0,35,0,TCAGTTGGTAATCGGTCATT,35,566303
araCp,35.0,34,0,ACGTTGTGTGCTTTGTGTCA,34,584044
araCp,34.0,33,0,AATTTACCTAGCTAAGAGGC,33,571720
araCp,33.0,32,0,GCCCGGAACACACCGAACAT,32,577610
araCp,27.0,26,0,CCAGACGCATCAAGTCCCCA,26,588753
araCp,23.0,22,0,CATCGCGTCGTGTTAGCTCT,22,564840
araCp,21.0,20,0,GGTCCAAATTCAGGATCATT,20,530115
araCp,19.0,18,0,GATGACCAACTCTCTTTGTT,18,562112
araCp,18.0,17,0,TCGGTGTTTGTGTCATAGTA,17,580621
araCp,18.0,17,0,CCGCAAGTTCGGCCGACAAA,17,587001
araCp,14.0,13,0,TCCTTTCCAAGCCCAGGTGT,13,578516
araCp,13.0,12,0,CTCTTAAGGTTTTTGGATCC,12,566898
araCp,12.0,11,0,GGTCATACTTACGCTGTATG,11,589174
araCp,9.0,8,0,CTAAGATAACTTCGACCTCT,8,539180
araCp,6.0,5,0,AGATATCGTTACCATAACCT,5,593329
araCp,5.0,4,0,CCATATCAAAAGATAACCGA,4,598405
araCp,5.0,4,0,AGAGCACCGGACCGTCACCT,4,590827
araCp,4.0,3,0,CAGGTCATTCCCGGACGAAA,3,545006
araCp,3.0,2,0,ATCCCGCTAAGGGTATCAGT,2,593913
araCp,3.0,2,0,AAGCTAACGGTTCACAAACG,2,596029
araCp,2.0,1,0,TTGGGCTCTGGTAGGTAGCC,1,534546
araCp,2.0,1,0,TGGACTTTTTTTAGTATGGC,1,577113
araCp,2.0,1,0,TCCCAGGATACGCCGCATTC,1,586346
araCp,2.0,1,0,TATAGCCACCGGCCTGCGTG,1,581632
araCp,2.0,1,0,TACTGTTTTGGGGGGCGAAG,1,577041
araCp,2.0,1,0,GTTATTGAGGTTGCTCCGGT,1,568118
araCp,2.0,1,0,GTAGTCCGCGAATGGGATAG,1,571102
araCp,2.0,1,0,GTAAGTACTACTATTCGGCG,1,595431
araCp,2.0,1,0,GGTATACGTTGATCCCACAT,1,573950
araCp,2.0,1,0,GGGTTAGAAATAGCAGATAT,1,532385
araCp,2.0,1,0,GCGTCTCGACATAGGCACAG,1,564722
araCp,2.0,1,0,GCATTTGATTCGTAAGCACA,1,532860
araCp,2.0,1,0,CTTGCCCGGCGGTCATACAC,1,529560
araCp,2.0,1,0,CTGGGCACGCGGTTGGGCAT,1,575330
araCp,2.0,1,0,CTCGCGACCTGCGTAGCAAC,1,584145
araCp,2.0,1,0,CTATACACTACGGCGGGCGT,1,594071
araCp,2.0,1,0,CGGAAAGAGCTTCTCTCTGC,1,542499
araCp,2.0,1,0,CGACAGGCGCTCAGGGGTCG,1,589698
araCp,2.0,1,0,CCATGGTGTACATGGGGTAC,1,586211
araCp,2.0,1,0,CACCTCTGTGGTTCCAATAA,1,535072
araCp,2.0,1,0,CACACGAATTCCGATGTGAC,1,574600
araCp,2.0,1,0,ATTAGAACGGTGTGACTACA,1,545097
araCp,2.0,1,0,ATCCTTGCTCACGCTCGCTC,1,544972
araCp,2.0,1,0,ATACCTAGCAACATTCGTCG,1,571109
araCp,2.0,1,0,ATACAGCACGCCCGATAAAA,1,577926
araCp,2.0,1,0,AGGCACTATCCACACATTTT,1,542531
araCp,2.0,1,0,ACATTGTCCAATAACACCCA,1,531792
araCp,2.0,1,0,AATGAGATTTTGCTGATCTC,1,551943
araCp,2.0,1,0,AACCCGTACGAGGCGTTATT,1,590129
