name,relative_counts,ct,ct_0,barcode,ct_1,barcode_ind
acrBp,0.6231470923603193,25621,15785,AGAACCGAGTGGTATTTCTT,9836,357453
acrBp,0.7287705956907478,2726,1577,ATGAGCTGGTTCCGTCTATG,1149,395135
acrBp,0.018808777429467086,323,318,GGTGGCACGACGTGCCTCGA,5,355689
acrBp,0.04746835443037975,329,315,CGGTTTTCGAACTCATTAAG,14,398697
acrBp,0.01935483870967742,156,154,GTGCTGCTCGCGCTTCTATA,2,355481
acrBp,0.05303030303030303,137,131,CTGTTTTGTGAGACTGGCCC,6,395695
acrBp,0.01694915254237288,118,117,GCGGCAGTTCGCGGTTACAG,1,381817
acrBp,0.017543859649122806,114,113,CAGGTTTTCACGTTATTGGG,1,395462
acrBp,0.017543859649122806,114,113,AGAGCAACGGTCCGCAGGTT,1,355382
acrBp,0.019801980198019802,101,100,GGGTCCATATCAGACCGCGA,1,385013
acrBp,0.03,101,99,GAGTATGTCGAAGGAGCGCA,2,360096
acrBp,0.020202020202020204,99,98,CCTGAAGTCCGCTCTAGAAG,1,355829
acrBp,0.030927835051546393,98,96,CGTCGTCTTCGCTTATCTCA,2,367431
acrBp,40.583333333333336,3491,83,CAGGCCTTCACACGCTGCAT,3408,364578
acrBp,0.02531645569620253,79,78,TTGTAAGCGCCTGTTAGATA,1,369882
acrBp,0.05063291139240506,81,78,TGTCAGCATGTGCCCTGAAA,3,367987
acrBp,0.02531645569620253,79,78,TGGTCCTTTCGTCTCAATCA,1,388316
acrBp,17.76923076923077,1462,77,AGACTACGACGGTCACGCGC,1385,369364
acrBp,0.025974025974025976,77,76,CTAAAATCGACCCTCTTGAA,1,382037
acrBp,0.05263157894736842,78,75,TCACGTTCCATATACCGAAC,3,357983
acrBp,0.02666666666666667,75,74,AGAACTCGTGTTGGGTCATT,1,358057
acrBp,0.0273972602739726,73,72,TTAGCCAGTGGCGGTCCGAG,1,371266
acrBp,0.0273972602739726,73,72,GCTCGATGGGACACACTTGT,1,365694
acrBp,0.0273972602739726,73,72,CTTTGAGACGGAACAGATAG,1,364555
acrBp,0.028169014084507043,71,70,CGTTTGCGAATGGGTGTTTT,1,372293
acrBp,0.029411764705882353,68,67,GTACTTTCCAATCAAGTTCT,1,387033
acrBp,0.029411764705882353,68,67,CATGGGAGCAGCCCGTGGCA,1,368153
acrBp,0.029850746268656716,67,66,GTGTGTCAACACGTACCGCG,1,388601
acrBp,0.029850746268656716,67,66,CCTCCCGAACGTCACATAGG,1,402936
acrBp,0.029850746268656716,67,66,AAAGTCACAGTAGTTCCGGC,1,355501
acrBp,0.045454545454545456,67,65,GTATAGTTCGATTGGTGAAA,2,370461
acrBp,0.03076923076923077,65,64,TCGCTTCTGTTGGGCACCGA,1,396257
acrBp,0.1076923076923077,70,64,CTATAACCACGCGCCAGCGT,6,357532
acrBp,0.03125,64,63,TTGGGGTCCCGACTAGTTAC,1,404470
acrBp,0.031746031746031744,63,62,GGGAGTCAATACGCTTAAGT,1,386446
acrBp,0.03225806451612903,62,61,TTGGTTGGTGTCAACTGATG,1,381883
acrBp,0.04838709677419355,63,61,CGTCCATGACTCCGTTTTGC,2,358741
acrBp,0.03225806451612903,62,61,CGGATTAAATCCGGCTTCCA,1,368067
acrBp,0.03225806451612903,62,61,CGAACCTCTCTTGGCATCCT,1,361994
acrBp,0.03225806451612903,62,61,CATACCGTGAGCCGCACGCA,1,400974
acrBp,0.03225806451612903,62,61,CAATTTCCATCAAAATGCTT,1,358881
acrBp,0.03225806451612903,62,61,AGTTTCGTCTGCCTAAACGC,1,402436
acrBp,0.03278688524590164,61,60,CGCCCACAGCTTGTATCCGA,1,374783
acrBp,32.49180327868852,2041,60,ATTTTGCAGGGCAAGCGGGT,1981,357681
acrBp,33.833333333333336,2088,59,GGTAGGTTCGGTTACTTCTA,2029,357183
acrBp,0.03389830508474576,59,58,TCGCCGATTGGTGGGGCACC,1,382154
acrBp,0.03389830508474576,59,58,CTATGAATGGTATCTTCGAT,1,375911
acrBp,0.03389830508474576,59,58,CCCACTCTTTTCAACGTGGT,1,360248
acrBp,0.9137931034482759,109,57,AAAACGAACAAATAACTCAC,52,387732
acrBp,0.03508771929824561,57,56,TTCGTCAAGTGTTCAGGAGA,1,395308
acrBp,0.03508771929824561,57,56,TAAATGGAGTCTCATACCCG,1,359221
acrBp,0.03508771929824561,57,56,ACGTTGCGCCCCTAGCTAGA,1,361365
acrBp,0.03508771929824561,57,56,AATTCTGTGTGCAGTGTTGG,1,362127
acrBp,0.03571428571428571,56,55,GAATCTCCCTCAGTTCAACC,1,356844
acrBp,0.05357142857142857,57,55,AGATTCAAACTATCGACTCG,2,357747
acrBp,0.03636363636363636,55,54,CCCGCGCAGGGACTGTAACA,1,369174
acrBp,0.05454545454545454,56,54,ATTCGAGGCTCGACGGTATT,2,357362
acrBp,0.03636363636363636,55,54,ACTATTACGTATGGCAATCC,1,405929
acrBp,0.03636363636363636,55,54,AATACGGGCGGCACTGTACT,1,404411
acrBp,39.48148148148148,2184,53,TTTAGCATCAACCGATACGA,2131,367219
acrBp,0.037037037037037035,54,53,ATTCTTCCTTGCACCGCTAC,1,377780
acrBp,0.037037037037037035,54,53,ACGGGAGATCCCCGTATTGT,1,370951
acrBp,0.03773584905660377,53,52,TACAGAGCCTGTGACCGCGA,1,385879
acrBp,0.03773584905660377,53,52,ATATCCCGTGATCTTCGATT,1,407879
acrBp,0.03773584905660377,53,52,AGCTTGCGATATTGAAGGTG,1,396326
acrBp,0.038461538461538464,52,51,TATACGTATGCCCTGCAGCG,1,390319
acrBp,0.057692307692307696,53,51,GTTGTTGAACTGGCAAGGGG,2,356157
acrBp,0.057692307692307696,53,51,GGCTATCTTGCAGAGCACGT,2,396856
acrBp,0.057692307692307696,53,51,AAGACTGTCGATAACCCTAT,2,404732
acrBp,0.09615384615384616,55,51,AACTACCCCTTTAGTAAAGG,4,370324
acrBp,0.0392156862745098,51,50,TTTCATCCTACTCTTACTCC,1,359663
acrBp,0.09803921568627451,54,50,TTGCCGCACTGATTTCATAG,4,406708
acrBp,0.0392156862745098,51,50,TTGCAGACTAACCGTTTTTT,1,372759
acrBp,0.058823529411764705,52,50,GTGAGATCATTAGGAGGTAC,2,364422
acrBp,0.0392156862745098,51,50,GTCCTTCGTTAGCATCGCCT,1,372426
acrBp,0.0392156862745098,51,50,GGTTTATCTAAGTGCTTTCT,1,391140
acrBp,0.0392156862745098,51,50,GGGGAGAGGGACTACCGTAA,1,387602
acrBp,0.0392156862745098,51,50,GGAGGAAGAAACTCGATCGT,1,362986
acrBp,0.058823529411764705,52,50,ATATGTTATAGCGGCCCACT,2,401731
acrBp,0.06,51,49,TAGCATCCCTTGGCCCAGAG,2,367274
acrBp,0.04,50,49,TAGCAATCTAAAAACCAATC,1,358264
acrBp,0.04,50,49,GCGGGCTTTAATACCGGCTG,1,408164
acrBp,0.04,50,49,CTGTCCAGTTACGGAGCTGT,1,383835
acrBp,0.04081632653061224,49,48,TGGTTAGCAGCGTTATCGGG,1,401643
acrBp,0.08163265306122448,51,48,CGCAGGCTATGAGCTTCCGG,3,366398
acrBp,0.0625,49,47,CTACTTACTGACAACACAAA,2,389010
acrBp,0.041666666666666664,48,47,ATACGCGTGTACGGCCGTGT,1,374335
acrBp,0.0425531914893617,47,46,TACGATGCGAACGTGTTCCT,1,393552
acrBp,0.06382978723404255,48,46,GACGCGGAAAAGGTCGGACT,2,358885
acrBp,0.0425531914893617,47,46,CTCAAGCTCATGATCGCTTA,1,397856
acrBp,19.19148936170213,947,46,CATACTTTAATTTGTCCCGC,901,390456
acrBp,0.043478260869565216,46,45,GAAAATCCGGCATGTTCCTG,1,395486
acrBp,0.06666666666666667,46,44,TGACCTTCTAGCGCACCGTT,2,390317
acrBp,0.044444444444444446,45,44,TCCAGCCGGTTCCGCCACGT,1,374277
acrBp,0.044444444444444446,45,44,GTACCACTGCAGCATTTCCA,1,365865
acrBp,0.044444444444444446,45,44,GGGTTTCGTATCTGGTTCTC,1,371260
acrBp,0.044444444444444446,45,44,CGCCCAAGGCGGCACTCGGT,1,367986
acrBp,0.08888888888888889,47,44,CCTAAATACGCAGCAGTTCC,3,375653
acrBp,0.045454545454545456,44,43,GGCCAACAGTTGCCGTTTGT,1,360885
acrBp,0.045454545454545456,44,43,CGTCTTAGCGCATAACCCGT,1,374202
acrBp,0.045454545454545456,44,43,CGCATGTTCAAGCCTACGAT,1,371754
acrBp,0.045454545454545456,44,43,CCAATACTGCGGCATACTGG,1,379430
acrBp,0.045454545454545456,44,43,ATATGTACACGCCTGTCGGA,1,387085
acrBp,0.045454545454545456,44,43,AGGCAGAAGGTGGTGATCAA,1,358019
acrBp,0.046511627906976744,43,42,TTCCTATCCTTGAACATGGA,1,380420
acrBp,0.046511627906976744,43,42,TGAGCGATTGGGGTAGTCGT,1,407641
acrBp,0.046511627906976744,43,42,GGGTGAGTCAATCAAAATTT,1,358811
acrBp,0.046511627906976744,43,42,GCACCGGTTGATCACTGCAA,1,360775
acrBp,0.06976744186046512,44,42,CGTGCCGGAACGACCGTCTG,2,356459
acrBp,0.046511627906976744,43,42,AGTGCAAGTTGGACGGCTAT,1,391102
acrBp,0.046511627906976744,43,42,ACGTATAATATTACCTGGAG,1,359679
acrBp,0.09302325581395349,45,42,ACACCTGAGCGGCTGTTTGA,3,365302
acrBp,0.047619047619047616,42,41,TTATGGCCACATTTGCGCGT,1,403978
acrBp,0.047619047619047616,42,41,TGGTGGGCATACACAGTCAG,1,371366
acrBp,0.07142857142857142,43,41,TGGGCCGCTATTAATTAGAA,2,384944
acrBp,0.047619047619047616,42,41,TCCGGGGAGCTAAGGTCGGC,1,359066
acrBp,0.047619047619047616,42,41,CAAGGCCGACAGCAGAATTC,1,399205
acrBp,0.047619047619047616,42,41,AGCTTCTGGTCGTCCCCAAA,1,369138
acrBp,0.047619047619047616,42,41,AGCCACAATCAGTTGAGTCC,1,376021
acrBp,0.14285714285714285,46,41,ACTCTGGGTCACACGTATAC,5,370364
acrBp,0.047619047619047616,42,41,ACACCAGTCGGTTGTCAGGT,1,372806
acrBp,0.047619047619047616,42,41,AAGGTCAGAGGCACTAGGAG,1,391022
acrBp,0.04878048780487805,41,40,TTTCAATATCGGGGTGTGGT,1,380238
acrBp,0.04878048780487805,41,40,TGAGGTTTGAGTCCTGGTAA,1,376060
acrBp,0.04878048780487805,41,40,GTGTGGGGAATGGGAAGCCT,1,370832
acrBp,0.04878048780487805,41,40,GCTGATGACGGGGACTGTAT,1,365978
acrBp,0.04878048780487805,41,40,CGCGCAAGCTGCTCGAGATA,1,373970
acrBp,0.04878048780487805,41,40,ATAGCGGAAGCCTTTGACTA,1,370432
acrBp,24.0,1023,40,AGACTACTTGAATTTTGAAT,983,372370
acrBp,0.05,40,39,TAACAGGTAACTAGACTGAC,1,363143
acrBp,0.05,40,39,CTGCAACGTCGTGGGTTATA,1,367263
acrBp,0.05,40,39,CATCCAGTCACTCTGTTCAC,1,367946
acrBp,0.075,41,39,ATACGGTGGTTCGGGGACTC,2,404216
acrBp,0.05,40,39,AGGGGGTTTGTAGAATGCGG,1,369780
acrBp,0.05,40,39,ACAGGGTCTGTGTTACGTTG,1,382383
acrBp,0.05128205128205128,39,38,TTTCTGTCACTGCACTGCGA,1,381292
acrBp,0.05128205128205128,39,38,TTCTGCGAATATGATGATTG,1,392373
acrBp,0.05128205128205128,39,38,TTCTCCGCCAAAGATTGGGT,1,373936
acrBp,0.05128205128205128,39,38,TATTCCTAAAGGACGAGGCT,1,363380
acrBp,0.07692307692307693,40,38,GTCTCCGCTACTGGCGTCAA,2,398261
acrBp,0.05128205128205128,39,38,GCAGCTGACAGTTCCAGACT,1,376868
acrBp,0.05128205128205128,39,38,GCACCGTTACGCGAATATTG,1,359484
acrBp,0.05128205128205128,39,38,CGAGCGTGCCAGATGGGTAT,1,388447
acrBp,0.05128205128205128,39,38,CCCTGATCTCAGTTTGGAGT,1,390199
acrBp,0.07692307692307693,40,38,CATATTCATAGAGGGAAAGT,2,358550
acrBp,0.05128205128205128,39,38,AAACATTGTACGACCTATAT,1,398268
acrBp,0.05263157894736842,38,37,TTATATGGTCCGTTCCGAAT,1,367197
acrBp,0.05263157894736842,38,37,TAGGCATCCAGGGCTCGTGA,1,374570
acrBp,0.05263157894736842,38,37,GGCGCCGGATTGGCGCACGT,1,404815
acrBp,0.05263157894736842,38,37,CATATGGCTATCTTAGATAC,1,381913
acrBp,0.05263157894736842,38,37,ATCGTGAATAGAGGGGTTGA,1,360046
acrBp,0.07894736842105263,39,37,ACTCAGAGGTACTCTTAAAG,2,375564
acrBp,0.05405405405405406,37,36,TTATGAAAACTGACTTGCTA,1,370784
acrBp,0.05405405405405406,37,36,TGACATAGACTAATGCCTGT,1,364341
acrBp,0.05405405405405406,37,36,TAGATAGTACTCAATAGCGT,1,361932
acrBp,0.05405405405405406,37,36,GACGCATCAGTATTCATATA,1,374790
acrBp,0.05405405405405406,37,36,CTCGCTTGTCCTGAATCGGT,1,374203
acrBp,0.05405405405405406,37,36,CCTTTCAGCCACAGCTGCGA,1,387211
acrBp,0.13513513513513514,40,36,ATAGCAAATACAATTGTTAT,4,361364
acrBp,0.05555555555555555,36,35,TTCTCCCACGGATTAAGGAT,1,400185
acrBp,0.08333333333333333,37,35,TGTTGCACTTTAATTATCTT,2,401423
acrBp,0.05555555555555555,36,35,TGGTCAGATTCAGCTCCAAA,1,391050
acrBp,0.05555555555555555,36,35,GTTGAATTACGCAGGTACAG,1,384176
acrBp,56.416666666666664,2065,35,GCCAACCCGATAACCAGGCT,2030,371071
acrBp,0.05555555555555555,36,35,GATGTGAGGCCGCTCGGATT,1,377775
acrBp,0.05555555555555555,36,35,CTAAGACCCTGTTCATAGCC,1,388040
acrBp,0.1111111111111111,38,35,CGGAACTGCACCCGGCTTAT,3,383928
acrBp,0.08333333333333333,37,35,CGGAAAGGCGGCACAATGCC,2,361429
acrBp,0.08333333333333333,37,35,CAAGCTGGGGCGGTAATCGC,2,397894
acrBp,0.05555555555555555,36,35,AGTCGTGACATGCAACTTCT,1,400230
acrBp,0.08571428571428572,36,34,TTCGCTTTGTAGTGAACGAA,2,405527
acrBp,0.05714285714285714,35,34,TTACGGTCGTTCCAGATAGA,1,403054
acrBp,0.05714285714285714,35,34,TGTCCGGGAGCAAGTAAGCA,1,384602
acrBp,0.11428571428571428,37,34,TAAACATTAGCAAATATTTA,3,358234
acrBp,0.05714285714285714,35,34,GGGCCAGCATGGGCGGTATC,1,385350
acrBp,0.05714285714285714,35,34,CTATCGTTGTTCCAGTTCTA,1,389696
acrBp,0.05714285714285714,35,34,CGTGCACTAATTGATGGGGT,1,378518
acrBp,0.05714285714285714,35,34,ACGCTAGGAAATGGCTATAA,1,358364
acrBp,0.05714285714285714,35,34,ACCAATCTATGGTGAGCCTA,1,399842
acrBp,0.08571428571428572,36,34,AAATGCGATGTAGGGATATG,2,377086
acrBp,0.058823529411764705,34,33,TTTCCAGCTTAATTCCTCGG,1,359092
acrBp,0.14705882352941177,37,33,TTTCAATGGAGCGTCGCGGA,4,358089
acrBp,0.058823529411764705,34,33,TACACGGGGTCCTAGCTGAA,1,365117
acrBp,63.23529411764706,2182,33,GTCGAATGTGAGGACGTATT,2149,360670
acrBp,0.058823529411764705,34,33,GCGGTTTCGCCCCTACAGGG,1,385905
acrBp,0.058823529411764705,34,33,GAGGGTAGGCTGTTAGCTGA,1,377423
acrBp,0.058823529411764705,34,33,CTCCTACTCCTAGGGTTTGT,1,356346
acrBp,0.058823529411764705,34,33,CTCCCGTGCCGACCTTGGCC,1,356265
acrBp,0.058823529411764705,34,33,CTAAGCAAGGTCTCCCGCTA,1,363290
acrBp,0.058823529411764705,34,33,CGTCTTTGTCTTTGCCTTAG,1,391138
acrBp,0.058823529411764705,34,33,CCCCAGTCCTGCACATCCAC,1,355110
acrBp,0.058823529411764705,34,33,CAGGCCTGTGACCGTCGTAC,1,388873
acrBp,0.058823529411764705,34,33,ATGACATGTCTATCGCGCAT,1,379008
acrBp,0.058823529411764705,34,33,AGTTCCAGTTCAGTTCCCTC,1,383318
acrBp,0.058823529411764705,34,33,ACTCCTATCTCGCAGCTGCC,1,376135
acrBp,0.058823529411764705,34,33,AACTCGACGAGTGTTGAACG,1,360251
acrBp,0.06060606060606061,33,32,TTCCATATTATGAATAACTG,1,379299
acrBp,0.06060606060606061,33,32,TTAATTTCCTAGGCCCCGTA,1,370781
acrBp,0.06060606060606061,33,32,TAATCCGCGAGCGAGCAAGA,1,362432
acrBp,0.06060606060606061,33,32,GGTTCACATCTCGCAGATGG,1,372457
acrBp,0.06060606060606061,33,32,GGACGATCGGCCTGTTGGTG,1,356967
acrBp,0.06060606060606061,33,32,GATTTCTGCACTAGGAGTAA,1,388444
acrBp,0.06060606060606061,33,32,CGCTTAGTCCATTGTCATGT,1,400828
acrBp,0.06060606060606061,33,32,CGCTACTGTGTTCAATGCGA,1,395690
acrBp,0.06060606060606061,33,32,CCCTATGGGGAAATCATGTT,1,362091
acrBp,0.09090909090909091,34,32,AAGTTCGGTCATAGGGTGAA,2,396605
acrBp,0.0625,32,31,TTCGCCCCCCCGGGCTTTAT,1,382949
acrBp,0.125,34,31,TCTTGGCTCAGTGGTTATTT,3,366296
acrBp,32.25,1062,31,TCACGGCACATACCATCTAT,1031,391101
acrBp,0.0625,32,31,GTGGCAGATGATCTAAAGTG,1,376176
acrBp,0.0625,32,31,GTAAAGCAGTGGGGCATTCT,1,374311
acrBp,0.0625,32,31,GGGTTTTTTTCACGGCCAAG,1,370505
acrBp,0.0625,32,31,GCGGAAGAGCCACCTTTTAA,1,375665
acrBp,0.0625,32,31,GCCAATACTTGTTTGCCCCA,1,373100
acrBp,56.4375,1836,31,CTGATAGGCCCGCACTGATC,1805,374385
acrBp,0.09375,33,31,CTCATTTCGATAATCCATGC,2,401818
acrBp,0.125,34,31,CAGCCCGGCGCCATACGCAG,3,371490
acrBp,0.09375,33,31,ATCCTGTTTGTAGGGAAAGG,2,388787
acrBp,0.0625,32,31,AATATATGCACTGAAGCTTC,1,360783
acrBp,0.0625,32,31,AAGTAATACGCCCAGTCCAT,1,384905
acrBp,0.0625,32,31,AAGCAAACGGTAGTGGACTG,1,382140
acrBp,0.06451612903225806,31,30,TGTTCAGTCCAACAGTCTAG,1,394158
acrBp,0.0967741935483871,32,30,GTTTTTCGACACTCGTGCAG,2,364875
acrBp,0.06451612903225806,31,30,GGTTCGAAGCGGTTCCACAC,1,395103
acrBp,0.06451612903225806,31,30,GGGCGGTTCGGTCAGTGAGC,1,382156
acrBp,0.06451612903225806,31,30,CGCTACACAGTTACTCCAAA,1,402781
acrBp,0.0967741935483871,32,30,CGATTGTTCTAAGGCAGCAT,2,404868
acrBp,0.0967741935483871,32,30,ATTTGAACCGTAAGTACATA,2,391517
acrBp,0.06451612903225806,31,30,AGTGTAAGCTCCATGCCTGT,1,355752
acrBp,0.06666666666666667,30,29,TTCGGGGTAGCACTTGGGAG,1,392569
acrBp,0.1,31,29,TCTCCTGGAGGGATAGATCA,2,397524
acrBp,0.06666666666666667,30,29,TCAGTGATCCCAGTAGACGA,1,371825
acrBp,0.06666666666666667,30,29,TACGTAAAGTCAAAAGGTTA,1,385949
acrBp,0.06666666666666667,30,29,TACGCTTACGGTGGAGTGAA,1,385313
acrBp,0.06666666666666667,30,29,GTTTCCCCGAAAAGCTGAGA,1,361620
acrBp,0.06666666666666667,30,29,GGCAGAATTACTCCCTCTGG,1,387417
acrBp,0.06666666666666667,30,29,GCCGGGTTACAGAGCAACCG,1,358093
acrBp,0.06666666666666667,30,29,GATTGCTAAGTTTAACAATA,1,378737
acrBp,0.06666666666666667,30,29,GAGGAGGTACTTAGACGTCA,1,372931
acrBp,0.06666666666666667,30,29,CTTATAGTCGGTTCAAAGGA,1,368671
acrBp,0.06666666666666667,30,29,CTACGGACAATGTCCTAGGT,1,391614
acrBp,0.06666666666666667,30,29,AGTTGCGGTTCAGGTCGAGT,1,393903
acrBp,0.06666666666666667,30,29,AGCGTACACGTTCAAACAAA,1,380503
acrBp,0.06666666666666667,30,29,ACAGAGCTCGTGTGGTGGAT,1,390986
acrBp,0.06896551724137931,29,28,TATCTTCTATTTCCTGATAC,1,383203
acrBp,0.06896551724137931,29,28,GGGAAATGCCTCTTATTCAA,1,368437
acrBp,0.06896551724137931,29,28,GCTCTGGTCCAGATACCTGG,1,356522
acrBp,0.06896551724137931,29,28,CTGTTGGATATCAGAGTGAA,1,361809
acrBp,0.06896551724137931,29,28,CTCTTGAGCTTTATTCCAAT,1,382343
acrBp,0.13793103448275862,31,28,CCGGTCCTTGGATCGGAGAG,3,386326
acrBp,0.06896551724137931,29,28,CAAACGCTGATAAATCCCAA,1,385550
acrBp,0.06896551724137931,29,28,ATACCACGCTAGGGACCCCC,1,357393
acrBp,0.06896551724137931,29,28,AGCTTATTGAACGTCCGTGC,1,373487
acrBp,0.06896551724137931,29,28,ACTGGATTTTTATCTTTTAG,1,373907
acrBp,0.06896551724137931,29,28,ACTCATGGCGGAGCGCTCTG,1,362376
acrBp,0.06896551724137931,29,28,AAGTTGACTTCTGGACCTTG,1,367654
acrBp,0.10714285714285714,29,27,TTTAGTACGGTAGGACGTAA,2,381289
acrBp,0.07142857142857142,28,27,TTCCGTATGACGTCGGCTAT,1,379836
acrBp,0.10714285714285714,29,27,TTAGATATCCACATAGATCC,2,377177
acrBp,0.14285714285714285,30,27,TGTCTTGGCTTTTCCCTGTG,3,355729
acrBp,0.07142857142857142,28,27,TGTCATCAGCTGCAGTTTAA,1,398814
acrBp,0.07142857142857142,28,27,TGGATGCCCTGGTGAGGAAC,1,369637
acrBp,0.07142857142857142,28,27,TACTCCCGGGCAGTTTCCAA,1,380115
acrBp,0.07142857142857142,28,27,GTCCGAAAGTCTTTTACGTA,1,389177
acrBp,0.07142857142857142,28,27,GGGCTAGGGCATACTGCTTT,1,369535
acrBp,0.07142857142857142,28,27,GGACTGCGAGTAACCCCTCT,1,375825
acrBp,0.07142857142857142,28,27,GCCCGAAGCCGTGTCTTATG,1,372813
acrBp,0.07142857142857142,28,27,CTCGGGGGTACGTAGTAGCG,1,380419
acrBp,0.07142857142857142,28,27,CGAAACGGGGAGAGAAAAAA,1,382592
acrBp,0.07142857142857142,28,27,ATAACTATAGGAAGTAGGAT,1,361741
acrBp,0.07142857142857142,28,27,AGTCCGTATACTCTAGACGT,1,362290
acrBp,0.07142857142857142,28,27,AAATACATTCGGATACCAAT,1,395944
acrBp,0.07407407407407407,27,26,TTTGCTTGCGCGTGCCCGGC,1,388977
acrBp,0.07407407407407407,27,26,TCGTAGAACCAGCTAGCCCT,1,402956
acrBp,0.07407407407407407,27,26,TAGGTGAATGTACGAGGGTA,1,391692
acrBp,0.07407407407407407,27,26,GTTTTCGGGTAAATCAGTCT,1,357984
acrBp,0.07407407407407407,27,26,GGTGACATCATCATCGCGGG,1,361497
acrBp,0.07407407407407407,27,26,GGAATTAATCGACGACGTGT,1,394618
acrBp,0.07407407407407407,27,26,CTTAGGCGGCGGGACTTGCG,1,366842
acrBp,0.07407407407407407,27,26,CTCGGTGCTCTTGCTAGCGT,1,379366
acrBp,0.07407407407407407,27,26,CGAACATGTCCATTGTCAGT,1,355482
acrBp,19.037037037037038,539,26,CCGAATCCGAGTCAGTTGGA,513,401923
acrBp,0.07407407407407407,27,26,CATACGCACAGCCGTGGACT,1,380556
acrBp,0.07407407407407407,27,26,ATGCCGAAGTAAATCGTGGA,1,363948
acrBp,0.07407407407407407,27,26,ATGATCCGCGTCTCTACGTG,1,396802
acrBp,0.07407407407407407,27,26,AGGTGTTATCATCGAGCAAA,1,380274
acrBp,0.07407407407407407,27,26,AGGTATGCGTCTGCCATGCC,1,367168
acrBp,0.1111111111111111,28,26,ACTGCTGGAACTTTCAAAGT,2,371182
acrBp,0.07407407407407407,27,26,AAGTTCGCTAAGAATTAGGC,1,407763
acrBp,0.07692307692307693,26,25,TTTTAGGCGCTGCTTCCAAG,1,392851
acrBp,0.07692307692307693,26,25,TTGGTATAGCGTGTGGCTCG,1,357928
acrBp,0.07692307692307693,26,25,TTCCTGACAACGACCATCGT,1,357477
acrBp,0.07692307692307693,26,25,TTATTCACTTGTATCCGCTA,1,390193
acrBp,0.19230769230769232,29,25,TGCGCGAGTAGGGATATGTA,4,371125
acrBp,0.07692307692307693,26,25,TGCCCGTTATCCCTATGACT,1,363803
acrBp,0.11538461538461539,27,25,TGAGGGATCCACCCTATCAC,2,366055
acrBp,0.11538461538461539,27,25,TCCCCTATTTCTTGGCAATG,2,364182
acrBp,0.07692307692307693,26,25,TCATCTAGAACAACTCGAGA,1,361477
acrBp,0.07692307692307693,26,25,TATCCTGCCTTCCTGGCTTA,1,355278
acrBp,0.07692307692307693,26,25,TATCAAGCCCACTTGACCGT,1,360338
acrBp,0.07692307692307693,26,25,GTGTACGAACAAATAAGAGC,1,398020
acrBp,0.07692307692307693,26,25,GCCGAGAGCCATATGCCCTA,1,406916
acrBp,0.07692307692307693,26,25,CGGTATTGGAGTTAACCCCA,1,360276
acrBp,0.07692307692307693,26,25,CGCCGTCTAGACTGGGGGAA,1,360776
acrBp,0.07692307692307693,26,25,CCGATCACCTGTCACTCGCA,1,384023
acrBp,0.07692307692307693,26,25,CAATGCCCGTGCTCAAGAGG,1,378837
acrBp,0.11538461538461539,27,25,ATTGTGTAATCGACTCGGAC,2,361776
acrBp,0.07692307692307693,26,25,ATGGCGTTCGCAATCTGGCT,1,395999
acrBp,0.07692307692307693,26,25,ATCGATACGGATCAACGATC,1,375749
acrBp,0.07692307692307693,26,25,AGCGCTGAGGGGGGGCCTCA,1,370869
acrBp,0.07692307692307693,26,25,AACTTGGCCAGTGCCACCCG,1,388265
acrBp,0.07692307692307693,26,25,AACCACGATCTGCAAGAACT,1,397112
acrBp,0.08,25,24,TCGGTAATAATTTATTACAG,1,360611
acrBp,43.72,1116,24,TCAAAGCCGGTAATTCGGCC,1092,374248
acrBp,0.08,25,24,GTTGTACGCGCTCTATGAGG,1,365064
acrBp,0.16,27,24,GCACAAATGCCCGGATCACA,3,405882
acrBp,0.08,25,24,GAGACGTTGCATCCTAACTG,1,384722
acrBp,0.12,26,24,CGAATCCGTCCGTTTTACGA,2,371768
acrBp,0.08,25,24,CAAATTGCATTGAACTGTGT,1,387765
acrBp,0.08,25,24,ATGGTCCGAACCCCAACCTA,1,357185
acrBp,0.08,25,24,AATACGCGCTGAGAATTACT,1,390767
acrBp,0.125,25,23,TTTTTAAAAAATACTGAAAA,2,404042
acrBp,0.08333333333333333,24,23,TTTCGACGGTAATCTGGGAC,1,362220
acrBp,0.08333333333333333,24,23,TTGTTCCAGGTTGTGGGCTA,1,388570
acrBp,0.08333333333333333,24,23,TTGGCTAGTTTTCTTCTGGA,1,366726
acrBp,0.08333333333333333,24,23,TCTTGGCAGTTCCGCCGGCA,1,371244
acrBp,0.125,25,23,TCCTGGTGTTTTAAAGTATA,2,366219
acrBp,0.08333333333333333,24,23,TCCAAACGTGCATCAGGCGC,1,406381
acrBp,0.08333333333333333,24,23,TCAAAATGTTCTAGGTGTGT,1,387851
acrBp,0.125,25,23,TATTCATCAGGCAGCAACCT,2,368789
acrBp,0.08333333333333333,24,23,TAACGTGGACCCCCTTAGCC,1,364081
acrBp,0.08333333333333333,24,23,TAACGACTTACAGTGCGGGT,1,399091
acrBp,0.08333333333333333,24,23,GTTTCATCTCCGACAGGACA,1,375905
acrBp,0.08333333333333333,24,23,GTTAGAGGGACTGGCAACTA,1,391052
acrBp,0.125,25,23,GGATATAGCAGGTCTGGGGA,2,403891
acrBp,0.08333333333333333,24,23,GCGGCACTCACTCGATGGCA,1,361898
acrBp,0.3333333333333333,30,23,GCCCAGCGGAGGGATTGCTG,7,389604
acrBp,0.08333333333333333,24,23,GATCACTGCGGGCACGCATG,1,389591
acrBp,0.125,25,23,GACGACCTGTCATTTCCGTA,2,377763
acrBp,0.08333333333333333,24,23,GACCATTTAGACTTGTTTTT,1,365595
acrBp,0.08333333333333333,24,23,GAAGCAACCGTGAAATTGCA,1,374878
acrBp,0.08333333333333333,24,23,GAAAACATTAGTCCGGTGCC,1,371324
acrBp,0.08333333333333333,24,23,CTGTTTATGACGCTGGTAGC,1,393595
acrBp,0.08333333333333333,24,23,CTCGCGGGACAGGAGAAGAA,1,391797
acrBp,0.08333333333333333,24,23,CGGCGTTCGAGACTTGCAGA,1,391568
acrBp,0.08333333333333333,24,23,CGGAGACACCAACGCGCCAC,1,396403
acrBp,0.08333333333333333,24,23,CAGGTGTAGGGTGCTATAAA,1,391032
acrBp,0.125,25,23,CAACCCACATAAATTGGAGG,2,358210
acrBp,0.16666666666666666,26,23,CAACACAAGCAAGGGTGGCT,3,395558
acrBp,0.08333333333333333,24,23,ATTTCAGCAACGTAGAGATC,1,372620
acrBp,0.08333333333333333,24,23,ATATAGGCTCGGTTCGTCCC,1,374916
acrBp,43.583333333333336,1068,23,AGAGAGTGTCAATGTAATTG,1045,364424
acrBp,0.08333333333333333,24,23,ACGCAGACAGGGCACCTCGT,1,358307
acrBp,0.125,25,23,ACGACTTAATGTACCCTCTG,2,356190
acrBp,0.08333333333333333,24,23,ACAGTATGCGCGAGTAGGAT,1,391100
acrBp,0.08333333333333333,24,23,ACACGCGCCAGCTCTTCCTA,1,376396
acrBp,0.125,25,23,AAGTGGGACCGGGTCCATTT,2,383414
acrBp,0.08333333333333333,24,23,AAAGAGATGCCAGTAGGCGC,1,368527
acrBp,0.17391304347826086,25,22,TGCAAGGAGGGGGGACGCCG,3,360829
acrBp,0.17391304347826086,25,22,TCGGATTAGACTTGCATCTG,3,388572
acrBp,0.08695652173913043,23,22,TATTTTGGTGAGTGGAGCTG,1,360346
acrBp,0.08695652173913043,23,22,TACGTCCCGATGCCATCAAA,1,362475
acrBp,0.6956521739130435,37,22,GTACCCGATCGGTAAGTGGA,15,374303
acrBp,0.08695652173913043,23,22,GGTTCCGACGAATCAGTACT,1,404503
acrBp,0.08695652173913043,23,22,GGGGCTGCCGGTATACTTTC,1,355981
acrBp,0.08695652173913043,23,22,GGGGATGACCTCTCACGGTT,1,372686
acrBp,0.08695652173913043,23,22,GGGAAAATGGGCTTGGACAG,1,395439
acrBp,0.08695652173913043,23,22,GGCTAGCACAAAATTAGGTA,1,385164
acrBp,0.08695652173913043,23,22,GGAACATGACGTCCCTTACG,1,364039
acrBp,0.08695652173913043,23,22,GCGGCTATATACCGAAAAAG,1,389209
acrBp,0.08695652173913043,23,22,GACTGCAGTTTCTTCGTATA,1,389149
acrBp,0.08695652173913043,23,22,CTGGTGCGGTTTATGTCGCG,1,359924
acrBp,0.08695652173913043,23,22,CCGGCGCTCACAGCTAGAAC,1,371544
acrBp,0.08695652173913043,23,22,CCACAGATCTACCTCGTTTG,1,370300
acrBp,0.08695652173913043,23,22,CAGAATTCCTCCTCGTGCCC,1,396246
acrBp,0.08695652173913043,23,22,CAGAAACAACAAGCTAGTTT,1,397974
acrBp,0.08695652173913043,23,22,ATGCAATGGCCTGCGATTCA,1,393116
acrBp,0.08695652173913043,23,22,AGGCGGGGGAGGCCCTTTGG,1,360204
acrBp,0.08695652173913043,23,22,ACGACGGCAACGGGCTCTGC,1,358549
acrBp,0.08695652173913043,23,22,AATCATTCGACTAGGGTATG,1,397897
acrBp,0.08695652173913043,23,22,AAGATTGACCCGGGTGTTAT,1,357720
acrBp,0.09090909090909091,22,21,TTTTCATGAAGAGCAACACT,1,379676
acrBp,0.09090909090909091,22,21,TTATCATGGGCGGTACCTTT,1,368940
acrBp,0.09090909090909091,22,21,TGGCCCGTCTAATACTGCCC,1,398183
acrBp,0.09090909090909091,22,21,TGCAGAGAGAGCAACACACT,1,402919
acrBp,0.09090909090909091,22,21,TGAGTTGGAGCTCTTTGTCA,1,385799
acrBp,0.13636363636363635,23,21,TCTCCGGTGTAGTCAGGAGA,2,359397
acrBp,0.09090909090909091,22,21,TCCCATTATTTGGGGCTCGA,1,387247
acrBp,0.09090909090909091,22,21,TATTAAACAGAAATCGCGTC,1,383662
acrBp,0.09090909090909091,22,21,GTCAGACGTAAGTGTTACGA,1,393704
acrBp,0.13636363636363635,23,21,GTACCCCGATCCTGGAACGA,2,395660
acrBp,0.2727272727272727,26,21,GGGCTGCGGCCTCAAGAGTC,5,400214
acrBp,0.09090909090909091,22,21,GCGCACAGCCAGGATGATCA,1,396672
acrBp,0.09090909090909091,22,21,GCACTCTGAATCAGGCGTCA,1,373143
acrBp,0.09090909090909091,22,21,GCAACCGTACGGGTTTTGAT,1,377604
acrBp,0.09090909090909091,22,21,GACCTACACGCAACGTAATT,1,376602
acrBp,0.09090909090909091,22,21,CTGCTCGCGTTAGTACGGCA,1,366152
acrBp,0.09090909090909091,22,21,CTATCATTTCGCGGGTGCGT,1,361167
acrBp,0.13636363636363635,23,21,CGCGCTTCCCGTCAAAGGCG,2,379334
acrBp,0.09090909090909091,22,21,CCTGCGGAGATAAGCATCCA,1,369595
acrBp,0.09090909090909091,22,21,CATTGATTTGCAGGCGGCTT,1,364083
acrBp,0.13636363636363635,23,21,CAGCGTTCAGGGTCCTCCAT,2,361205
acrBp,0.09090909090909091,22,21,ATATTCGTGGTTTACATTAC,1,359920
acrBp,0.09090909090909091,22,21,AGGCTGACGGTAATATCCGA,1,403143
acrBp,0.09090909090909091,22,21,ACGGAACATAAGAGGTCATC,1,366351
acrBp,0.09090909090909091,22,21,ACGAGAAGTCTAGACTCGGT,1,403131
acrBp,0.09090909090909091,22,21,AATTTCAACTGGCGGGCGAG,1,394539
acrBp,0.09090909090909091,22,21,AATGCAGGAGGCGTGGGCAT,1,389597
acrBp,0.09090909090909091,22,21,AACTATGTCAAAAGGGGGCG,1,369673
acrBp,0.09090909090909091,22,21,AACCGTATTTCAGGCCTGTG,1,389439
acrBp,0.3181818181818182,27,21,AACCCGGCCCATTGCATCGA,6,391637
acrBp,0.09523809523809523,21,20,TTCGGTAATAGTCCAGCAAA,1,398733
acrBp,0.09523809523809523,21,20,TGCCCATGTGAAGGAGCATA,1,358367
acrBp,0.19047619047619047,23,20,TCTCTTCTGTCTGCCTTTTA,3,377605
acrBp,0.09523809523809523,21,20,TATGTTGTCCACGGACAGAC,1,390855
acrBp,0.09523809523809523,21,20,TAAATCCGATCCATGGCCAT,1,377452
acrBp,0.09523809523809523,21,20,GTCGGCCCACTGCCTACCAT,1,365002
acrBp,0.14285714285714285,22,20,GGTTAGGCCGTTCGACGCAT,2,357617
acrBp,0.09523809523809523,21,20,GGGCACCATCGTCATAGGGT,1,372757
acrBp,0.09523809523809523,21,20,GGGACCTCGCGGCCGGTAAC,1,374679
acrBp,0.09523809523809523,21,20,GCTTGCATGAACATACGTGA,1,365811
acrBp,16.285714285714285,361,20,GCGGTCGGCAGGACGATAAA,341,372685
acrBp,0.09523809523809523,21,20,GATAAGTCAGGTTGAAGTCA,1,382874
acrBp,0.09523809523809523,21,20,CTTTATCTCGTAGACATCTG,1,384286
acrBp,0.09523809523809523,21,20,CTGGGGCGCCCGTTAACAAC,1,360997
acrBp,0.09523809523809523,21,20,CTGAGAACGGGACATTCTGC,1,393086
acrBp,0.09523809523809523,21,20,CTCAAGAAATCCGGAACCTT,1,395987
acrBp,0.09523809523809523,21,20,CTAACCACACTCTACGTTGC,1,378698
acrBp,0.09523809523809523,21,20,CGTAGCTAAAAAATCGACCA,1,376516
acrBp,0.09523809523809523,21,20,CCAGGTGGCGGCCTTCAATG,1,379165
acrBp,0.09523809523809523,21,20,CCACGCTGCATACGTAGCTG,1,378211
acrBp,0.09523809523809523,21,20,CATAGACTTTTGCCAGGCGT,1,358258
acrBp,0.09523809523809523,21,20,CACGACGGGTCGTGGATTGT,1,355736
acrBp,0.09523809523809523,21,20,CAACGGGATCGCCAAGGAAG,1,399152
acrBp,0.14285714285714285,22,20,ATGCGGCATAGGCTAGGTAT,2,399601
acrBp,0.09523809523809523,21,20,ATCTGGGCGGGGCTCCAACG,1,376131
acrBp,0.09523809523809523,21,20,ACTTTGCAGTCAATAGGAGT,1,362261
acrBp,0.09523809523809523,21,20,ACTTGTACGGCAGTTCCAAT,1,387084
acrBp,0.09523809523809523,21,20,ACGGAAATTGACGCAGTGAT,1,379387
acrBp,0.09523809523809523,21,20,ACGAACAATCAATGGGTCTA,1,369357
acrBp,0.09523809523809523,21,20,ACATTTTCAACTCCCACCGC,1,394493
acrBp,0.09523809523809523,21,20,ACAGCAACAGCAATCGCGTC,1,383508
acrBp,0.09523809523809523,21,20,AACATCAGCTGGCTAGAACT,1,405857
acrBp,0.1,20,19,TGCGTAAAGACGGTATCCAA,1,370430
acrBp,0.1,20,19,TCCGCGAATTCCTGGATTTC,1,364710
acrBp,0.1,20,19,TATCCAGCTCGTACTCGTTA,1,400350
acrBp,0.1,20,19,GTCCGGGAAGGGCTTATGTT,1,368204
acrBp,0.1,20,19,GTCCCAAGCATACATTATAA,1,390553
acrBp,0.1,20,19,GGCACGGGAGAGTAATGAAA,1,391456
acrBp,0.1,20,19,GCTCTCTGTGCGTGAGTCAA,1,405351
acrBp,0.1,20,19,GATGGTACAGCGACTACCTG,1,378326
acrBp,0.1,20,19,GATCTACTTCAGGGGAGCAT,1,389362
acrBp,0.1,20,19,CGCTCACGCAGGCACACAGT,1,395309
acrBp,0.1,20,19,CGAATAACGAACAGGCGGAC,1,377005
acrBp,0.1,20,19,CCTGCTTCCGGCCCGTTTAT,1,383575
acrBp,0.1,20,19,CAACCCCGCTGAGAGGGAGC,1,357252
acrBp,0.1,20,19,ATTTGTCTGCCGACCTAGGA,1,406946
acrBp,0.1,20,19,ATTACGGCTGGTATGCGACA,1,373328
acrBp,0.1,20,19,ATGAAGGTCTGAGCGCATCT,1,383038
acrBp,0.1,20,19,ATCAGTTTGCCTTAGTGAGG,1,403954
acrBp,0.1,20,19,AGTTCTCTCTTGATTAGTAC,1,401368
acrBp,101.8,2054,19,AGGGCCTGTATAGACCATGA,2035,398994
acrBp,0.15,21,19,AATGTTCCCTATTTCATCAT,2,396619
acrBp,0.1,20,19,AATAAGAAAGGGTTAGTTCT,1,355445
acrBp,0.10526315789473684,19,18,TTCCCTTGAGGCTTTCTGTA,1,397068
acrBp,0.10526315789473684,19,18,TTATGCAAGCGGAGGGCCAT,1,363786
acrBp,0.21052631578947367,21,18,TGTGTCCGAGCTGATAAGGA,3,399653
acrBp,0.15789473684210525,20,18,TGTAGAGGCGGCGGTAAGGA,2,390981
acrBp,0.10526315789473684,19,18,TCTGGCAAGACTTTTTGCGT,1,402183
acrBp,0.10526315789473684,19,18,TAGCTGACAGTCCGACGAGC,1,396892
acrBp,0.10526315789473684,19,18,GTGGGATAGATGGGCATAAC,1,380967
acrBp,0.10526315789473684,19,18,GTGAGGTGCTGAAGCCAACG,1,389295
acrBp,0.10526315789473684,19,18,GTCCACCTAATTGTCCTGAA,1,402655
acrBp,0.2631578947368421,22,18,GGTCCCTATGGTGTATAACA,4,407698
acrBp,0.10526315789473684,19,18,GGAGGCGCAACAATTAATGT,1,394074
acrBp,0.10526315789473684,19,18,GCGTAGCGAAATACAGTGAT,1,366171
acrBp,0.10526315789473684,19,18,GCGTACGGGCTGAGAAATCT,1,408335
acrBp,0.2631578947368421,22,18,GCGGGGTTTCATATCCGTCC,4,381254
acrBp,0.10526315789473684,19,18,GATCTCGCCGGGTAAGTCCA,1,369590
acrBp,0.10526315789473684,19,18,GATCCAAGCCCTAAAAGCTC,1,361274
acrBp,0.21052631578947367,21,18,GACTTAGGGTTGTAATGGAA,3,358092
acrBp,0.10526315789473684,19,18,CGTAACCACCGTCCATTGTA,1,395696
acrBp,0.10526315789473684,19,18,CCACCGAGCCAAAGGATCGA,1,389526
acrBp,0.10526315789473684,19,18,CATGACGCATACGGCTTACG,1,381178
acrBp,0.10526315789473684,19,18,CAAGATGCCTTGGCCACCCC,1,397022
acrBp,0.10526315789473684,19,18,CAAATAGAGTACATTCTGTA,1,374178
acrBp,0.21052631578947367,21,18,ATGCACCGTCAACGAACAGT,3,376231
acrBp,0.10526315789473684,19,18,ATCCGGCTGGCAATATCATT,1,367991
acrBp,0.10526315789473684,19,18,AGGGGAACCGCATTTCCGGT,1,368523
acrBp,0.10526315789473684,19,18,AGACAGTATTTTAAGGAGCA,1,361936
acrBp,0.15789473684210525,20,18,ACGGACAATAGCTAATCTTT,2,387848
acrBp,108.3157894736842,2075,18,ACAGGAATGCACTCAGGTTC,2057,356627
acrBp,0.15789473684210525,20,18,AACAGTTACTCCACGACTTC,2,399650
acrBp,0.1111111111111111,18,17,TTATTCTACTCAAGGCTTCC,1,359014
acrBp,0.1111111111111111,18,17,TCTCGGAAAGTGAATCTTGC,1,395774
acrBp,0.2777777777777778,21,17,TACAGACTTCATGCCGAACT,4,382188
acrBp,0.2222222222222222,20,17,GTTAGCTTGAGGACACCAAG,3,372494
acrBp,0.1111111111111111,18,17,GGTTCGAAAAACAATCTTGA,1,386953
acrBp,0.1111111111111111,18,17,GGATCTTTTGAGATCGTTAT,1,363613
acrBp,0.1111111111111111,18,17,GCTATTTTGCTTCTTCGTCT,1,380552
acrBp,0.2222222222222222,20,17,GCACACACCGGCTATACGTG,3,357006
acrBp,0.1111111111111111,18,17,CTCCTATGTCAGCGCCTGGG,1,378372
acrBp,0.1111111111111111,18,17,CTATGTGGCATAGCATTAAA,1,356379
acrBp,0.1111111111111111,18,17,CTAGCCCTCTTGAGGATCGT,1,356847
acrBp,0.1111111111111111,18,17,CTACTTCCAGGCGTCGTGTC,1,363967
acrBp,0.1111111111111111,18,17,CGGTCTCCTCCTGGTTTCGT,1,368590
acrBp,0.1111111111111111,18,17,CGCAAGACTTGGTAAGACGC,1,361560
acrBp,0.2222222222222222,20,17,CGAATGCTGCACGTGAGCAG,3,386783
acrBp,0.1111111111111111,18,17,CCGGAACAGGTCTGAACTCG,1,385113
acrBp,0.1111111111111111,18,17,CCCCCTCTTAACTGGAATGT,1,383300
acrBp,0.1111111111111111,18,17,CACCCGGAACGATAGAGCTT,1,369362
acrBp,0.1111111111111111,18,17,CAACGGATAAGTTACCCTAG,1,402891
acrBp,0.1111111111111111,18,17,ATTTCCATGGGGTTCGTAAT,1,369037
acrBp,0.1111111111111111,18,17,ACTGGTCGGACAGTCATTAC,1,401325
acrBp,0.1111111111111111,18,17,ACCAAATGTCTACCTTGAAT,1,364410
acrBp,0.2222222222222222,20,17,ACAATTGGCGCTAAAAACCG,3,387231
acrBp,0.1111111111111111,18,17,AATTTCCTCAGAGCTGACGA,1,378437
acrBp,0.11764705882352941,17,16,TTCGGCTAGTTATTTGTGGT,1,377694
acrBp,0.11764705882352941,17,16,TTCATTCCCTTTAGTTAGGA,1,394396
acrBp,0.17647058823529413,18,16,TGCGACCCGATTTGGGCGTC,2,382207
acrBp,0.11764705882352941,17,16,TGCAAGCTCAGGATAGAAGC,1,407354
acrBp,0.11764705882352941,17,16,TGAGGTGACACATGCAGTGT,1,392831
acrBp,0.11764705882352941,17,16,TATATCGCGCCGCAGTCGAA,1,387341
acrBp,0.11764705882352941,17,16,TACCTAACAAAAATGGCGAT,1,379469
acrBp,0.11764705882352941,17,16,TAATGCATCCACGCAACCAT,1,373841
acrBp,0.17647058823529413,18,16,TAACCTTGATTATTCGTTCT,2,404601
acrBp,0.11764705882352941,17,16,GTCGTATATGCAGTGCATAG,1,390295
acrBp,0.11764705882352941,17,16,GGCCGGACGACTGTGGACTA,1,371435
acrBp,0.11764705882352941,17,16,GGCAGTACCCTGGGGTGTAT,1,362433
acrBp,0.11764705882352941,17,16,GCCTAGAGGTCACGGTTGTA,1,369949
acrBp,0.11764705882352941,17,16,GAGGGGGTTTGTTTACGTTC,1,369669
acrBp,0.11764705882352941,17,16,GACCCCCGAAAGATGCGTCT,1,393004
acrBp,0.11764705882352941,17,16,CTCCATTGACCCGTTCAGGG,1,370633
acrBp,0.11764705882352941,17,16,CTCACGCTTGGACTATGGAG,1,386404
acrBp,0.17647058823529413,18,16,CGTGGTTGAAGAAAGACTCT,2,395270
acrBp,0.11764705882352941,17,16,CGCTAATAGGGGTACGCACG,1,362740
acrBp,0.11764705882352941,17,16,CGACTCGGTATTGATGGTAA,1,406432
acrBp,0.11764705882352941,17,16,CCCCTCAGATAATTAAGTTG,1,399853
acrBp,0.11764705882352941,17,16,ATTAATACGTTCAAGTTCCT,1,405086
acrBp,0.17647058823529413,18,16,ATCATTTTCCTGGTCACGGA,2,375374
acrBp,0.11764705882352941,17,16,AGAATCGGCCACACCGGATG,1,401460
acrBp,0.11764705882352941,17,16,ACGAGTCGTTGTCATCGGCC,1,404028
acrBp,0.17647058823529413,18,16,ACCCCGTACGACCTGTAACA,2,404313
acrBp,0.11764705882352941,17,16,ACATGATTTTAGGGTGTTGG,1,382535
acrBp,0.11764705882352941,17,16,AATGCCCTAGAGAATAAGCT,1,379946
acrBp,0.125,16,15,TTTTAATGGCTGGCGTAAAA,1,375656
acrBp,0.125,16,15,TTACCGTGTCTGCTCCGCGG,1,395803
acrBp,0.125,16,15,TTAATGCGCTCGTCATGCAA,1,369715
acrBp,0.125,16,15,TGTGCATCAAACTTCAGTTC,1,392446
acrBp,0.125,16,15,TGAGGAGACCCCTGTCGGAC,1,369628
acrBp,0.125,16,15,TCTTGATCCTCGGTCTTACT,1,383390
acrBp,0.125,16,15,TCCGGTAGGGTAGTGTCTAG,1,374132
acrBp,0.125,16,15,TATTGGCGTACCTCCACATG,1,359359
acrBp,0.125,16,15,GTACGCATAAGTTTCTTACG,1,365013
acrBp,114.9375,1853,15,GGTCCGCACTAATTTCCAAG,1838,380000
acrBp,0.125,16,15,GCTGAGAACTTGGATATCGT,1,369127
acrBp,0.125,16,15,GAATACGAACATTTTACGCA,1,361528
acrBp,0.125,16,15,CTTAATTGGCAGGTCAAACT,1,403023
acrBp,0.125,16,15,CTGGGTATCCTTTCAATGGT,1,388266
acrBp,0.125,16,15,CGTGAATTCCCAAGGCTCAG,1,371509
acrBp,0.125,16,15,CCGTCAGGTCCATCTCACCG,1,363503
acrBp,0.125,16,15,CATTAAGCCAAGAGTAACAC,1,395918
acrBp,0.125,16,15,CAATTTCGATCCTGAGTCCA,1,361811
acrBp,0.125,16,15,AGGTTGGGTAGCGGCGTACT,1,370274
acrBp,61.375,996,15,AGGCGCCCGGCACCGGAGTC,981,402656
acrBp,0.125,16,15,AGGCCTTGCCATTACTAGCG,1,390832
acrBp,0.125,16,15,ACTTTTAGATCGTATCGATA,1,370307
acrBp,0.125,16,15,ACTTACAACGGGATTTGATC,1,396274
acrBp,81.3125,1315,15,ACGACCACTTTCACCCGCTT,1300,378563
acrBp,0.125,16,15,ACCCGGGAGTATATGTCATG,1,368399
acrBp,0.125,16,15,ACAGTCATACGAGGCAGTAA,1,373147
acrBp,0.1875,17,15,AATCCGCGCCCCAATAGGGG,2,366877
acrBp,0.125,16,15,AATCCACTCCGTGGCCAATA,1,372019
acrBp,0.1875,17,15,AACCACGGCCTTCTCCCGAT,2,357462
acrBp,0.2,16,14,TGATACGCGATAAAGCTAGA,2,357239
acrBp,0.13333333333333333,15,14,TCGTCTTCGCGCAGGAAAGA,1,380481
acrBp,0.13333333333333333,15,14,TCGGGGGAACGAGCCCGCCA,1,393890
acrBp,0.2,16,14,TCACTTATTCAGTTGAAGCA,2,387774
acrBp,0.13333333333333333,15,14,TATGCGCCGGCGCACGGACA,1,357235
acrBp,0.13333333333333333,15,14,GTTCCCTCCTGATAAGTCCC,1,379998
acrBp,0.4,19,14,GTCAGGAGTGTAGATCAGCA,5,396311
acrBp,0.13333333333333333,15,14,GTACTCCAGCGTGGTGCGAG,1,388899
acrBp,0.13333333333333333,15,14,GGTTGGATCACCGTGGTTCA,1,376920
acrBp,0.13333333333333333,15,14,GGTATTTTTGTGTTGGTAGA,1,386985
acrBp,0.13333333333333333,15,14,GCTGTGAAGGTGCACGCTTC,1,371049
acrBp,0.13333333333333333,15,14,GCTGATCGCGATGGTACACA,1,399622
acrBp,0.13333333333333333,15,14,GCACTCGTTTGAAATCACCC,1,356200
acrBp,0.13333333333333333,15,14,GCACCTGTCGTGTCTTACCT,1,387253
acrBp,0.2,16,14,GACCCGATTTCGTTGAGGAA,2,375085
acrBp,0.13333333333333333,15,14,CGCGTGGTGACGAACTTGCG,1,355876
acrBp,0.13333333333333333,15,14,CGAAGCAACTGTGATTTGAA,1,359141
acrBp,0.13333333333333333,15,14,CCGGAAGAGAAGCCGGCCAC,1,399991
acrBp,0.13333333333333333,15,14,CCAACGCAAGAGTTGTGTGC,1,393014
acrBp,0.13333333333333333,15,14,CATCGCAAGGGTCCGAGTCG,1,359321
acrBp,0.13333333333333333,15,14,CAATACATTGGTTTGTAGTT,1,386333
acrBp,128.26666666666668,1937,14,CAACGATATCGAGCACGAAC,1923,395578
acrBp,0.13333333333333333,15,14,ATTGAACATTCTTATAATAG,1,364402
acrBp,0.13333333333333333,15,14,ATTATAAAACCACCGTATGC,1,395691
acrBp,0.13333333333333333,15,14,ATGCTTAAGCATAGCGTGCT,1,397631
acrBp,0.13333333333333333,15,14,ATCGCGGCGCAGTTGAAAGA,1,390751
acrBp,0.13333333333333333,15,14,ATCGCGAGGTAGTGTTGGGT,1,377145
acrBp,0.2,16,14,ATATGTCCGTTCAGATATGC,2,390916
acrBp,0.13333333333333333,15,14,AGCAAGGTAAGGAACCGCTT,1,381176
acrBp,0.2,16,14,ACACAAACCAATTGGTGGGC,2,360337
acrBp,0.13333333333333333,15,14,AATAACAACGCACCAATTTG,1,372851
acrBp,134.4,2029,14,AAGGATAGGGACGGGAAATG,2015,357042
acrBp,0.13333333333333333,15,14,AACTCCCCGCTGGCCAAAAT,1,375694
acrBp,0.13333333333333333,15,14,AAAGCCAGACCCGAAATACC,1,359525
acrBp,0.14285714285714285,14,13,TTCTGGAGACGCTAAAAGGG,1,406304
acrBp,0.14285714285714285,14,13,TTCTCCGTTTCTAGCACTTG,1,390333
acrBp,0.14285714285714285,14,13,TTACGGATTCTGGGGAGAAG,1,375756
acrBp,0.21428571428571427,15,13,TGTTTTCTGAAGGGGGGTTA,2,374129
acrBp,0.14285714285714285,14,13,TGGCAGGAACTCGGGGTATA,1,395670
acrBp,0.14285714285714285,14,13,TGATGGGAACCTTAGTTTGC,1,355487
acrBp,0.14285714285714285,14,13,TGAGAAGTACAACCCTACGA,1,365877
acrBp,0.14285714285714285,14,13,TCGCTACAAGGTCTCGCCCA,1,380469
acrBp,0.14285714285714285,14,13,TCGACAGCAATGTGATCCTC,1,381804
acrBp,0.21428571428571427,15,13,TCCCGATCTGAAGCCTACAG,2,367288
acrBp,0.14285714285714285,14,13,TATTCCGCAGATCGGGACAA,1,384398
acrBp,0.14285714285714285,14,13,TACTACGATCCCAGAAACCC,1,398723
acrBp,0.14285714285714285,14,13,TACCAAAATCTCTACTGGGA,1,386396
acrBp,0.2857142857142857,16,13,GTTATTAACAAAACCCGTTT,3,373563
acrBp,0.14285714285714285,14,13,GTCGTTTCACCACTGTTCGG,1,397304
acrBp,0.14285714285714285,14,13,GTAAGAATTAAGGAGACTGA,1,362695
acrBp,0.14285714285714285,14,13,GGAGCTAGGCACAACGTGAG,1,378565
acrBp,0.14285714285714285,14,13,GGACAGGGCGCAACAAGTTG,1,392953
acrBp,0.14285714285714285,14,13,GCGTAGTTGGGGCACTTAAA,1,407550
acrBp,0.14285714285714285,14,13,GCGGGCTGGGCAGGTTGTCT,1,365754
acrBp,0.14285714285714285,14,13,GCGCCTCACAGAGTGAGTTA,1,384096
acrBp,0.14285714285714285,14,13,GATTGGGTCACTGGCAGATG,1,357139
acrBp,0.14285714285714285,14,13,GAGCAAATCCAGTCCACTGA,1,407711
acrBp,0.14285714285714285,14,13,GACCGCCACCTGCACATAAA,1,382808
acrBp,0.14285714285714285,14,13,CGGTCCTTCCTGTCGTGTGT,1,373655
acrBp,0.14285714285714285,14,13,CGCGTATCCACCGACATATG,1,384335
acrBp,0.14285714285714285,14,13,CGAAAGGCAATACCCTGACG,1,393813
acrBp,0.21428571428571427,15,13,CCTTGCTACGCTCTGGCCTG,2,381665
acrBp,0.14285714285714285,14,13,CCGCCGGCCAATAAGCCATT,1,364685
acrBp,0.14285714285714285,14,13,CATTCATGACAGCTGCAGCA,1,363320
acrBp,0.14285714285714285,14,13,CAGCTGACGTAGTCCCTATG,1,403987
acrBp,0.14285714285714285,14,13,ATTCCGACACGCCCGCAATT,1,391146
acrBp,0.14285714285714285,14,13,ATTAGGGTAAGCTTTGTCCA,1,363437
acrBp,0.14285714285714285,14,13,ATGAAGGAAGTAGGGTTAGT,1,367932
acrBp,0.14285714285714285,14,13,AGTGGTGCTACTCGCGGGAA,1,378370
acrBp,150.28571428571428,2116,13,AGGGCTGTGCTTGGGCGATG,2103,389437
acrBp,0.14285714285714285,14,13,AGGAGGTAAGGGCGGTAGTG,1,384729
acrBp,0.14285714285714285,14,13,AGCTGGGCTGACAGTCATAG,1,380924
acrBp,0.21428571428571427,15,13,AGATGCGCTATCATTCCGAG,2,387244
acrBp,0.14285714285714285,14,13,ACTTCCAACACTAGGTCCAC,1,406102
acrBp,0.14285714285714285,14,13,ACCTGCCGCCATCGTGCTAG,1,390362
acrBp,0.14285714285714285,14,13,AATGTATGGCGTTTGAACAA,1,406619
acrBp,0.21428571428571427,15,13,AAGAAAAAGCTGTAGAATTA,2,400912
acrBp,0.14285714285714285,14,13,AAAGCAGCGACTGTGTAAGG,1,387535
acrBp,0.23076923076923078,14,12,TTTATCTCTGGACAAGACTA,2,383260
acrBp,0.15384615384615385,13,12,TTGGAAACGCATACTTAGTC,1,372011
acrBp,0.15384615384615385,13,12,TTATTGTGCAACGCCCCATT,1,393156
acrBp,0.15384615384615385,13,12,TTATGACCGGGTTACTTAGC,1,387029
acrBp,0.15384615384615385,13,12,TTACTTAACCGGACTAAGTT,1,362514
acrBp,0.15384615384615385,13,12,TTACACGGATAAACACTTGG,1,392658
acrBp,0.15384615384615385,13,12,TTAACCCCCGAAGCCTGGGA,1,386798
acrBp,0.15384615384615385,13,12,TGTCTGCTGATCTCCTGACT,1,386604
acrBp,0.15384615384615385,13,12,TGGCATTGAAGTCCTCGAAT,1,390163
acrBp,0.15384615384615385,13,12,TGACGGGTGCTCGTCCGATC,1,402172
acrBp,0.15384615384615385,13,12,TCTAGCCAGCGGGCTCGGTG,1,382426
acrBp,0.15384615384615385,13,12,TCGGTAGCCATGCACGCCAT,1,388025
acrBp,0.15384615384615385,13,12,TCGACTCCCGTGTACCGCAA,1,368053
acrBp,0.15384615384615385,13,12,TATCTACATGGCACCTTTGG,1,356876
acrBp,0.15384615384615385,13,12,TACTCGCGTCAGTGGGCTGT,1,357458
acrBp,0.15384615384615385,13,12,TACGCGGATCGGTAACCTGT,1,375768
acrBp,0.3076923076923077,15,12,TAATAGGTTAGTATGCGCTA,3,361998
acrBp,0.15384615384615385,13,12,GTGCGAGAATTCTGACCGAA,1,367898
acrBp,0.15384615384615385,13,12,GTCGGAATTAATAAGCCCCA,1,403237
acrBp,0.15384615384615385,13,12,GTCAATTCCATGTCATACCA,1,369727
acrBp,0.15384615384615385,13,12,GGTTCTGGGGATGGTGGTTA,1,357848
acrBp,0.15384615384615385,13,12,GGGTCGGTACAGGTAGCTGA,1,398853
acrBp,0.15384615384615385,13,12,GGGGGACTGATCGTCGTGTC,1,361499
acrBp,0.15384615384615385,13,12,GGGCTTTCTGTGTAGATCAA,1,381519
acrBp,0.15384615384615385,13,12,GGGCTTGATCGGCCTTGGTC,1,402405
acrBp,0.15384615384615385,13,12,GGGATATCACCAGCTAATGA,1,384633
acrBp,0.15384615384615385,13,12,GCTCGGGAGCAATAGATCCG,1,370052
acrBp,0.15384615384615385,13,12,GCGAATAATTGTCTTGGATT,1,406255
acrBp,152.07692307692307,1988,12,GCCGTGACCGTACTACCAAT,1976,367846
acrBp,0.23076923076923078,14,12,GCAGTAAGTAAATTTCAAAA,2,395497
acrBp,0.15384615384615385,13,12,GCAGCCACGAGGCGGACATG,1,373876
acrBp,0.15384615384615385,13,12,CTAATAGTCTCCCGAAAATA,1,362634
acrBp,0.15384615384615385,13,12,CGTTTATTCGTTGCAACGTT,1,394686
acrBp,0.15384615384615385,13,12,CCATTCCCTTGGATCGTACG,1,386614
acrBp,0.15384615384615385,13,12,CACGGAGCCGTGTCTAACAG,1,408128
acrBp,0.15384615384615385,13,12,ATTATCTAGCACCGCGTTCG,1,401514
acrBp,0.15384615384615385,13,12,AGGGCAATATCCTGAAGCCT,1,397223
acrBp,0.15384615384615385,13,12,AGCTGCCTATCAAAGCCGTA,1,405759
acrBp,0.15384615384615385,13,12,AGCGTGGAAATCTCTGCTTT,1,362282
acrBp,0.15384615384615385,13,12,ACGGTACCCTCAGACATATA,1,362374
acrBp,0.23076923076923078,14,12,AAACATATTCAACTCCTTTG,2,365211
acrBp,123.08333333333333,1487,11,TTGTAAGGTCTCCGCAGGGT,1476,405239
acrBp,0.16666666666666666,12,11,TTCGAAGATGAGATCCTAGA,1,376649
acrBp,0.16666666666666666,12,11,TTAACATGACAATGGTCAGT,1,392884
acrBp,0.16666666666666666,12,11,TGTTGGGTTGACATAGGTTC,1,379390
acrBp,0.16666666666666666,12,11,TGTTATCGGTTTGGCCAAAC,1,405641
acrBp,0.16666666666666666,12,11,TGTCCATATCAATCGGGTCC,1,363677
acrBp,0.16666666666666666,12,11,TGTACAGAAGAGCTCCGTTA,1,383023
acrBp,0.16666666666666666,12,11,TGGTCAGAGCCTCGGAGTGC,1,382703
acrBp,0.3333333333333333,14,11,TCGGGTTAAGTTCATGACAC,3,399628
acrBp,0.16666666666666666,12,11,TCGATTCCATCTCTCCGGCG,1,360146
acrBp,144.33333333333334,1742,11,TCAAATCATCGCCTCCCGTG,1731,398138
acrBp,0.16666666666666666,12,11,TATACTCCATCCATTTAAAG,1,386516
acrBp,0.16666666666666666,12,11,TAGCTGGTCACAACATCTGA,1,375906
acrBp,0.16666666666666666,12,11,TAGACATGCGCGCCGAAGGC,1,396506
acrBp,0.16666666666666666,12,11,GTTCAAAGGGTGACTATTCC,1,357522
acrBp,0.16666666666666666,12,11,GGTTCTCTGTCAACACATCT,1,388697
acrBp,0.16666666666666666,12,11,GGTCGCGGCGGGCTTCACAC,1,387902
acrBp,0.16666666666666666,12,11,GGTCGAGTCGGCTTATGCTT,1,370865
acrBp,0.16666666666666666,12,11,GGTATCGTAGCCGATAAGGT,1,394222
acrBp,0.25,13,11,GGTAAAATGTTCAAAGTATT,2,384095
acrBp,0.16666666666666666,12,11,GGGTTTGAGTGAGGGTAGGT,1,380910
acrBp,0.16666666666666666,12,11,GGGATTTCTAGAAGCAATAG,1,385119
acrBp,0.4166666666666667,15,11,GGCGTAGCATGGTCCGATAG,4,395642
acrBp,0.16666666666666666,12,11,GGCGGCTAGCGAAAACAACG,1,382981
acrBp,0.16666666666666666,12,11,GCCTCACCTAACGAGTATCA,1,363050
acrBp,0.3333333333333333,14,11,GCCATAGTTACCGATTTCAA,3,406294
acrBp,0.16666666666666666,12,11,GCAACAAGACAGCGCCGTAA,1,401671
acrBp,0.16666666666666666,12,11,GAGGTAGCTACCGTGTGGGA,1,380054
acrBp,0.16666666666666666,12,11,GACCGTTTTTTAATAGAAAC,1,372510
acrBp,0.16666666666666666,12,11,CTTGGCGAATTACCGGCTAC,1,386265
acrBp,0.16666666666666666,12,11,CTTACTCGTGTAAAGTAATT,1,376837
acrBp,0.16666666666666666,12,11,CTGTTGTGTTAGTCTATGGG,1,359809
acrBp,0.16666666666666666,12,11,CTCAGCATAGGTGCCTACTG,1,373935
acrBp,0.4166666666666667,15,11,CGTTTAGATGGGCTAAACAA,4,396600
acrBp,0.16666666666666666,12,11,CGTTTAAGGGGTTCGACGAA,1,381959
acrBp,0.16666666666666666,12,11,CGACATTCCTTCTCCCGCCG,1,403704
acrBp,0.16666666666666666,12,11,CAGCACAAACACTGCGTTCT,1,375921
acrBp,0.16666666666666666,12,11,CACTGCGGCTGGGTACCAGC,1,356424
acrBp,0.16666666666666666,12,11,ATCTCGGTTTGAAGAGGCGG,1,363075
acrBp,0.16666666666666666,12,11,ATAAAGAGCGACACTGTCTG,1,356776
acrBp,0.16666666666666666,12,11,AGTGGCTTAATAAATGCTTA,1,371748
acrBp,0.25,13,11,AGGTACGTAAGGGCGACACT,2,405914
acrBp,0.16666666666666666,12,11,AGGCTGCTTTGCGTCACGAG,1,356548
acrBp,0.16666666666666666,12,11,AGGAATGGATTCAGGCTTAT,1,391755
acrBp,0.4166666666666667,15,11,AGCGTTAAACTTCACGTGGC,4,381017
acrBp,0.25,13,11,AGATACTCAGGTCGGCCAGG,2,366091
acrBp,0.16666666666666666,12,11,ACGTTGGTCCCGCTTACAGC,1,376813
acrBp,0.3333333333333333,14,11,ACCTTGGGTGTCCTTGGTGG,3,355811
acrBp,0.16666666666666666,12,11,ACCCGTTTCTCATTAGCGTA,1,400067
acrBp,0.16666666666666666,12,11,ACAGGAGAAAATGATGCGAC,1,389474
acrBp,0.6666666666666666,18,11,AAACGACTTTTTTTCGCGAT,7,402566
acrBp,0.16666666666666666,12,11,AAAAGCCTACAGGCATTAAC,1,370589
acrBp,0.18181818181818182,11,10,TTGTGCGCCGGGGATGTCCA,1,397735
acrBp,0.18181818181818182,11,10,TTACGATACCCAACGGTTGC,1,391177
acrBp,0.18181818181818182,11,10,TGTGCCCTGCATAATTGGCT,1,393686
acrBp,0.18181818181818182,11,10,TGTCTAGACTTTGCGGCGGT,1,391917
acrBp,0.18181818181818182,11,10,TGTCGTCATAAGCGCGTTGC,1,362075
acrBp,0.18181818181818182,11,10,TGGTCGGCATAGACAGTAGA,1,368110
acrBp,0.36363636363636365,13,10,TGGAATACAGCCTATAAATC,3,400053
acrBp,0.18181818181818182,11,10,TGGAACGTCAGTGGTTCAAG,1,378779
acrBp,0.18181818181818182,11,10,TGATAAAGCTTCACAATCCC,1,407423
acrBp,0.2727272727272727,12,10,TCGGACAGATTGAGATGTAA,2,392662
acrBp,0.18181818181818182,11,10,TCCCAGTTGCACACCTCGGA,1,377421
acrBp,0.18181818181818182,11,10,TATTACTAAATTGAGGTTAT,1,399677
acrBp,0.18181818181818182,11,10,TACTGCAGACGTATAAAGCT,1,390903
acrBp,0.2727272727272727,12,10,TACGTTATGCATTGGGGCGA,2,367047
acrBp,0.2727272727272727,12,10,TACCTAGTTATTACATTCAG,2,379370
acrBp,0.6363636363636364,16,10,TACCGAAGACTCCTGCATGT,6,377146
acrBp,94.27272727272727,1046,10,GGGCGTACTCACCTTTCAGG,1036,396318
acrBp,0.2727272727272727,12,10,GGCTCCATGTACAGATTTGC,2,388219
acrBp,0.18181818181818182,11,10,GGAGATGGGGCAGTCAGAAC,1,368786
acrBp,0.18181818181818182,11,10,GCTTGTATCGGCCAAGTGAC,1,368841
acrBp,0.18181818181818182,11,10,GCTAGCCACCGCACCTGATT,1,367321
acrBp,0.18181818181818182,11,10,GCGCCTAGACCTTGACCATT,1,355848
acrBp,0.2727272727272727,12,10,GCCGCTCAATCATATACCTG,2,378077
acrBp,0.18181818181818182,11,10,GCAGTGATACTCCCCAACTC,1,367800
acrBp,0.18181818181818182,11,10,GAGCCGGCAGGAGCGTATAT,1,387304
acrBp,0.18181818181818182,11,10,GAGATCTGAGCCTAGCGAAT,1,368400
acrBp,0.2727272727272727,12,10,CTCCGCCCATTCGCCCCAAT,2,390744
acrBp,0.18181818181818182,11,10,CGCTATGACATAGCAAAAAA,1,399976
acrBp,0.18181818181818182,11,10,CGACGTCTAGCTACCCATAA,1,402782
acrBp,0.18181818181818182,11,10,CCCGGCAACAACGCAAGGTG,1,397300
acrBp,0.18181818181818182,11,10,CATGTTACTAGTACGTTGTA,1,374680
acrBp,0.18181818181818182,11,10,CATGTAATTTTGAACACGCG,1,385926
acrBp,0.18181818181818182,11,10,CATGCATTATAGAAAGTGAA,1,363734
acrBp,0.18181818181818182,11,10,CATGATTAACCACCAGGATT,1,380172
acrBp,0.18181818181818182,11,10,CATCGCCCAACTCGATCAGG,1,356032
acrBp,0.18181818181818182,11,10,CAGCGGATCCAAAAACTACT,1,365258
acrBp,0.18181818181818182,11,10,CAAGATCTTGCTGTTGGCGG,1,379688
acrBp,0.2727272727272727,12,10,ATACCACGAATCCGTCGGGG,2,396099
acrBp,0.18181818181818182,11,10,AGTTGTAATTCCGCAAGCTC,1,374602
acrBp,0.18181818181818182,11,10,AGTTCAAGAATTAGGATAAG,1,359543
acrBp,0.18181818181818182,11,10,AGGTAAGAGGTGTTCAACCA,1,358953
acrBp,0.18181818181818182,11,10,AGGAGTCCGATATTAGAACT,1,404603
acrBp,0.18181818181818182,11,10,AGGACCCAGCGGGGTCGTAG,1,366844
acrBp,0.18181818181818182,11,10,ACGCCACAAGTTCACGAAAG,1,356677
acrBp,0.18181818181818182,11,10,ACAGGGCGTCTATCCTGCGA,1,386833
acrBp,0.2727272727272727,12,10,AATCCTTACAGGTGGTATGA,2,382263
acrBp,0.18181818181818182,11,10,AAGCTTACGGCCTTAAAGGT,1,356003
acrBp,0.18181818181818182,11,10,AAGACTAAGCAAAGGCGCTA,1,360592
acrBp,150.3,1511,9,TTTTTCATAAACCTCTTTCT,1502,377291
acrBp,93.8,946,9,TTTAGGTCTCTAGCTCGATC,937,388747
acrBp,0.2,10,9,TTCAACCAATTTTTTCGTTA,1,366762
acrBp,202.9,2037,9,TGTGGATAGTTGACTGGCGA,2028,366640
acrBp,0.2,10,9,TGGCTGGCCAGCTACGGAGT,1,383480
acrBp,0.3,11,9,TGACTATGAGTATTAGTGGT,2,402638
acrBp,0.2,10,9,TCACATTAGTGTCCTTAATG,1,396574
acrBp,0.2,10,9,TATGGGGTGGCACGGTTGGT,1,381747
acrBp,0.2,10,9,TAGAGAGCGTATGAGTGTTA,1,399903
acrBp,0.2,10,9,TACTATTGATCAATTTGTGT,1,366959
acrBp,0.2,10,9,TAAGCTCATATACATTCGTG,1,381156
acrBp,0.2,10,9,GTGTTATGATATCTGGCCCG,1,356966
acrBp,0.2,10,9,GTCACCCATAGCCTTGGTTA,1,367453
acrBp,0.2,10,9,GTATTATGGGGAGCCACCTC,1,375416
acrBp,0.2,10,9,GTAGCCACCTCCCGAAGTAA,1,373801
acrBp,0.2,10,9,GTACCGGGCTGAACAGTCGG,1,391474
acrBp,0.3,11,9,GGGTTCCCACGTGACCAAGG,2,367107
acrBp,0.4,12,9,GGGGGAGGAGCAGATCTCAC,3,367429
acrBp,0.2,10,9,GGGGCTTTAAGGCCTCTACA,1,366894
acrBp,0.2,10,9,GCGCACGCCGTCCATCGGGA,1,357120
acrBp,0.2,10,9,GATTAAAAGCCTGTCGTTAA,1,376340
acrBp,0.2,10,9,GAGCCTGTTGTTACCGGCAA,1,401772
acrBp,0.2,10,9,GAAAGCGGAGTGTTGTAGAC,1,355371
acrBp,0.2,10,9,CTTGTCATGGGGGACGATTC,1,389212
acrBp,0.2,10,9,CTGAGGGAGGTGGTCATCGT,1,376908
acrBp,0.2,10,9,CTCGCCGCTCCATCTTATCT,1,361300
acrBp,0.2,10,9,CTATATTCCTAGTGTCAGTC,1,396715
acrBp,153.5,1543,9,CTAGTCGATGCATGCGTCAT,1534,365729
acrBp,0.2,10,9,CGTCCTGCCAATCGTGTGTT,1,386518
acrBp,0.2,10,9,CGTATCGCGCTACTCAACGT,1,371833
acrBp,0.2,10,9,CGCACTAAACCATATTTAAA,1,403345
acrBp,0.2,10,9,CGAATGATGTTACAAAAAAC,1,387817
acrBp,0.2,10,9,CCCTGACCACATAAATCGAA,1,362906
acrBp,0.2,10,9,CCCGCATGCGAACACGCTAG,1,373780
acrBp,0.2,10,9,CCCCCGTGATACCGTGCCTA,1,408203
acrBp,0.2,10,9,CCAAGGCCGGGTAAGTATGT,1,404497
acrBp,0.2,10,9,CCAAGCTGTAGTGCCGTGGT,1,391520
acrBp,0.2,10,9,CATGTTCCATCATACCTACG,1,372133
acrBp,0.2,10,9,ATTGCCACAATGTAAGCATA,1,398274
acrBp,0.3,11,9,ATTCACAAACGTATGCCAGA,2,381115
acrBp,0.2,10,9,ATGTACGTATGCTAATGGCC,1,397858
acrBp,0.2,10,9,AGTTGTGGCAATGAAAGCAT,1,375128
acrBp,202.7,2035,9,AGTATGGGTCTAAGGCGAAT,2026,376607
acrBp,0.2,10,9,AGGCCTAACGACCACAGTTC,1,392949
acrBp,0.3,11,9,AGAGGAGCTATACCGCGCCA,2,364823
acrBp,0.2,10,9,AGACGTCCCCCCCTCGCGTT,1,407929
acrBp,0.2,10,9,AGAAGTGTCCATAGACCCGC,1,375413
acrBp,0.2,10,9,ACGTATGGTAGGTGTAGACT,1,371283
acrBp,0.2,10,9,ACGCCCGACACAAGGGAAAT,1,408133
acrBp,0.2,10,9,ACGACAGTGACTGGTTGTAA,1,390473
acrBp,0.2,10,9,ACGAATCTTAGTCGGAGGCG,1,370297
acrBp,0.2,10,9,AACTTCCAACCTCTACGCGC,1,395460
acrBp,0.2,10,9,AAATTAAAGAGCCATATAAG,1,368107
acrBp,176.22222222222223,1593,8,TTTGCCCCCCTCTTTATAGA,1585,359626
acrBp,0.2222222222222222,9,8,TTATCACGCGGATCCCGACC,1,372193
acrBp,0.3333333333333333,10,8,TGTGACGATCGGCTGTTCCA,2,400134
acrBp,0.3333333333333333,10,8,TGTACTCGCATATGCACGGT,2,399287
acrBp,0.3333333333333333,10,8,TGGTAAGCGGTCGGCTCCAA,2,374787
acrBp,0.2222222222222222,9,8,TGGGAATGCACTCCTAGGAA,1,374914
acrBp,0.2222222222222222,9,8,TGCTGGCACAAAAGTCGTAA,1,370308
acrBp,0.3333333333333333,10,8,TGCCGGGGGGGATTGGCTAA,2,387810
acrBp,0.2222222222222222,9,8,TATTTGTCCTCAGTGAGATG,1,405924
acrBp,0.2222222222222222,9,8,TAATTACTTAGCTCAGGAGA,1,397619
acrBp,0.2222222222222222,9,8,GTGTGTCTTCTGCTGGAGGA,1,371390
acrBp,0.2222222222222222,9,8,GTGATAGGGCTCTGGGTCTA,1,375949
acrBp,0.2222222222222222,9,8,GGTAGGCATAGATTGCGGTA,1,392763
acrBp,0.2222222222222222,9,8,GGCATGTATGTGGGGTAGGA,1,385636
acrBp,0.2222222222222222,9,8,GGAATGCAAAAGTCCCTAGA,1,393858
acrBp,0.2222222222222222,9,8,GGAAAGCTGTGGCGTAATAT,1,403560
acrBp,0.5555555555555556,12,8,GCTCTAGAACATGGAGGGTT,4,372741
acrBp,0.2222222222222222,9,8,GCTCCATAAGCATAGAGCAA,1,393159
acrBp,0.7777777777777778,14,8,GCTATCAACTGCCGCCCCAT,6,404166
acrBp,0.2222222222222222,9,8,GCAGGTGAACAAAACCTTTA,1,360851
acrBp,0.3333333333333333,10,8,GATCCTTGCAGGGACTGGAA,2,363158
acrBp,0.2222222222222222,9,8,GAGTCAGCTGTTAGTATAGT,1,372305
acrBp,0.2222222222222222,9,8,GAGCCTTACAATTGCATTCA,1,404096
acrBp,0.2222222222222222,9,8,GAATCAGTTGCTACATACGG,1,397441
acrBp,0.2222222222222222,9,8,CTGTAACGGGACGTCTACTT,1,370384
acrBp,0.2222222222222222,9,8,CTATGATCAGCTGATAGAGT,1,385368
acrBp,206.11111111111111,1862,8,CTAGTTGTGATCCCCCACGA,1854,356347
acrBp,0.2222222222222222,9,8,CGTGTCCGCCGCCCGAGGAC,1,388042
acrBp,0.2222222222222222,9,8,CGTACTAAAGCAAATTCAGG,1,397556
acrBp,0.2222222222222222,9,8,CGGGCTGGATGTGTGATCCT,1,362770
acrBp,0.2222222222222222,9,8,CCGGTTATGTATGGTCTCAA,1,403438
acrBp,0.3333333333333333,10,8,CCCCTCAGTGTGAACCCTGC,2,390720
acrBp,0.2222222222222222,9,8,CCAGTTAGAGAGCTTTCTCG,1,391487
acrBp,0.2222222222222222,9,8,CCAGGCCGGTTTCTATCCTA,1,380619
acrBp,0.2222222222222222,9,8,CATTTGGCCAAGTAAATCAT,1,402224
acrBp,0.2222222222222222,9,8,CATCGCACAGCCGGTACGGT,1,403518
acrBp,0.2222222222222222,9,8,CATCCGCCCATAACGTAGAT,1,388577
acrBp,0.2222222222222222,9,8,CAAGTTAATTCCAGCCTCAA,1,372766
acrBp,0.2222222222222222,9,8,CAAGACAAAGGACGTTGGGG,1,374478
acrBp,0.2222222222222222,9,8,ATTTAGGGAAACAGTTAGCA,1,389988
acrBp,0.2222222222222222,9,8,ATGTTGTGCCGGCGAATTGC,1,402669
acrBp,0.2222222222222222,9,8,ATACCCCTCCACCCAAGGGG,1,395924
acrBp,0.2222222222222222,9,8,AGTTTGAGGCTCACAACAGG,1,361275
acrBp,0.2222222222222222,9,8,AGTTTAGAAATTCAGCAATA,1,368547
acrBp,0.5555555555555556,12,8,AGGGTCCCGAAATAATGAGT,4,399372
acrBp,0.2222222222222222,9,8,AGGCTTTGCATAGCGCCATA,1,402733
acrBp,0.2222222222222222,9,8,ACTGCTATAGGCTCTGGTCG,1,356108
acrBp,0.2222222222222222,9,8,ACCTGCACCAGTCTTACGTC,1,372249
acrBp,0.2222222222222222,9,8,ACATGGTCTAGTAAAGGAGC,1,364347
acrBp,0.2222222222222222,9,8,ACACGAAGACTCCGACTAGA,1,385117
acrBp,0.2222222222222222,9,8,ACACCATTCCTAAGGGTCTC,1,368921
acrBp,0.2222222222222222,9,8,AATTATGGGTCCCGTAAGAC,1,358808
acrBp,0.2222222222222222,9,8,AATCGCTGCAGGTAACGATG,1,402389
acrBp,0.2222222222222222,9,8,AATCAGGCGACTTAGGAGTA,1,399298
acrBp,0.2222222222222222,9,8,AAGCTGCGCGCGCAAGCGGG,1,399369
acrBp,0.2222222222222222,9,8,AAGCGGTTCCACATCAATGC,1,379964
acrBp,0.2222222222222222,9,8,AAGACAGATCGTTTAAATTT,1,400702
acrBp,0.625,11,7,TTTACTGGCGAACGGTGAGA,4,392874
acrBp,0.25,8,7,TTACAGGGTATGTACTCACT,1,365129
acrBp,0.25,8,7,TGGTCTCACACTAACTTCTG,1,365300
acrBp,0.25,8,7,TGGGTACTCTCAGAACACTG,1,364036
acrBp,0.25,8,7,TGACTTCCCATAGATATCGG,1,396459
acrBp,0.25,8,7,TGAAATTGGACAAATTCTGG,1,378252
acrBp,0.25,8,7,TCTTTGCCTCGACTAATCCT,1,366106
acrBp,0.25,8,7,TCTGTTATATCTTTGATTTG,1,365322
acrBp,0.25,8,7,TCTCTTTGTGGATCAACATG,1,391627
acrBp,0.25,8,7,TCCTACTGCACGCTGAATCA,1,386795
acrBp,0.25,8,7,TCAAGCGGGCTGGTAACACT,1,383016
acrBp,0.25,8,7,TATGCACGGCAACGACTGGA,1,372545
acrBp,0.25,8,7,TAGCTAAGGGATGAATTTCG,1,405354
acrBp,0.25,8,7,TAGATATTGGACGGCATTAG,1,374863
acrBp,0.25,8,7,TAGAACGAGGAGACTCGGTT,1,380635
acrBp,0.25,8,7,TACAACAGGTGGAGAGCTCA,1,365673
acrBp,0.25,8,7,TAACTAGCTGTCAAAAAAGT,1,358420
acrBp,0.25,8,7,TAACGACTACTCATGGAAAT,1,370001
acrBp,0.25,8,7,GTCCCGGATCTCTAAGGTGA,1,386369
acrBp,0.25,8,7,GGTCATGACGTAAGGTTTGT,1,373369
acrBp,0.25,8,7,GGGTCCACGATCTAATTTAT,1,369836
acrBp,0.25,8,7,GGCGACGGCGACGTGTGGAA,1,399846
acrBp,0.25,8,7,GGAATTGGATATTAGTGCGG,1,382026
acrBp,0.25,8,7,GCTTCCAGCGATGGCCGTGC,1,365942
acrBp,0.25,8,7,GCTGCGGCCCTTTAATGAAG,1,359600
acrBp,0.25,8,7,GCATCCACATTTATCGAACT,1,376107
acrBp,0.25,8,7,GCATCACAATGCCTAGAATG,1,366020
acrBp,0.25,8,7,GCATATCCCGGGACAGCTTA,1,361087
acrBp,0.25,8,7,GCAGCGGGATCGGGTGGGTC,1,369365
acrBp,0.25,8,7,GAGCCACGAGGTCAAAATTG,1,376686
acrBp,0.25,8,7,GAGATTACTACGATGCAATT,1,390167
acrBp,0.25,8,7,GACCCAGCTTGGCGGGCTGG,1,359613
acrBp,0.25,8,7,GACATTGAGCTAACGAATCT,1,378254
acrBp,0.25,8,7,CTTGGGTAACCAAATGGCAT,1,397542
acrBp,0.25,8,7,CTGCTCTAGCACTAATGGGA,1,379673
acrBp,0.25,8,7,CTGCATCAACTGACCCTTTT,1,402881
acrBp,0.25,8,7,CTCGGGTCGGTTTGAACAAA,1,362239
acrBp,0.25,8,7,CTCGCAAAAGCATTTGCTAT,1,394573
acrBp,0.25,8,7,CTAGTACCTCAGAAAAACCG,1,394122
acrBp,0.25,8,7,CTAGCCTATGGCCACGGTAT,1,376430
acrBp,0.25,8,7,CGGCAACCCATGAATTGTAT,1,395098
acrBp,0.25,8,7,CGCATAGCAACGGCCGGACT,1,369065
acrBp,0.375,9,7,CCTCTCTGTGTAATGGCCCT,2,362794
acrBp,0.25,8,7,CCTCATCCCATTAGGTCGAT,1,367512
acrBp,0.25,8,7,CCACATCAGTGTAGATTGGT,1,368981
acrBp,0.25,8,7,CATCAGTGCACGGTCCGTTA,1,371470
acrBp,0.25,8,7,CATCACTGCTACATCACTGC,1,363051
acrBp,0.25,8,7,CAGTGCCAGACCTCCACTTG,1,374682
acrBp,0.375,9,7,CACGGCCCCCCATACAAACC,2,394916
acrBp,0.25,8,7,CACATCTCGACGTGCCACCT,1,387777
acrBp,0.25,8,7,CAATACGCTCGCCCCACCTG,1,378967
acrBp,0.25,8,7,CAAATATGTGAGGGTTGACA,1,385109
acrBp,0.25,8,7,CAAAATCGGACCGGCATCTG,1,384090
acrBp,0.25,8,7,ATTGAAACGATAAGAATAAA,1,364622
acrBp,0.25,8,7,ATTATCTTTATTGTCGAGCC,1,379639
acrBp,0.25,8,7,ATGTCCTCCTAGACCCGTTG,1,391170
acrBp,0.25,8,7,ATGACCCAGAGATTGGTCTA,1,376484
acrBp,0.25,8,7,ATCTCGGTCCTTTAGCCAGA,1,390724
acrBp,0.25,8,7,ATCGGCTAGTTTCGACTAAA,1,377971
acrBp,0.25,8,7,ATCAGGAAACTAATCCCCCG,1,396145
acrBp,0.25,8,7,AGTCACATCAAGGCGATTTA,1,400274
acrBp,0.25,8,7,AGCTTTATAGGGTCCAACGT,1,377909
acrBp,0.25,8,7,AGCGCGCCGTACCTCTTGAC,1,380329
acrBp,0.25,8,7,AATTACGAATTACTTTGGTA,1,386899
acrBp,0.25,8,7,AATGCGAGCTCCCGACATAG,1,396035
acrBp,0.25,8,7,AATCCCAACTTGCTTTCATG,1,406379
acrBp,126.125,1015,7,AAAACGTACGGTCGCCCGGT,1008,384070
acrBp,0.2857142857142857,7,6,TTATAGCGGGGCGGGTGAGT,1,406044
acrBp,0.2857142857142857,7,6,TGTGAATACAAGATGTAGCC,1,371783
acrBp,0.2857142857142857,7,6,TGTCTTTGTAAAACTTCAAA,1,404306
acrBp,0.2857142857142857,7,6,TGTAGTCGTCCAAGAGAAAA,1,390852
acrBp,0.2857142857142857,7,6,TGCGACCGATGCGAGAGAAA,1,367543
acrBp,0.2857142857142857,7,6,TGAGTTTGTCCACCCACATC,1,378689
acrBp,0.2857142857142857,7,6,TGACGCGCTTTTAGAAACAT,1,388896
acrBp,0.2857142857142857,7,6,TCGCGGATTATCACTGGACT,1,364318
acrBp,0.2857142857142857,7,6,TCACTTTCCTCGCGCTACAT,1,367421
acrBp,0.2857142857142857,7,6,TCAAGATTGGTAGTATAAGG,1,388130
acrBp,0.2857142857142857,7,6,TATTCACGACCAGAATAGTA,1,357184
acrBp,0.42857142857142855,8,6,GTCTCGTAGCCTCCTCCTAG,2,393287
acrBp,0.5714285714285714,9,6,GGGTGTTTACCGGGTGGGTT,3,374375
acrBp,0.42857142857142855,8,6,GGCACTTTAGACGATCATCA,2,366668
acrBp,0.2857142857142857,7,6,GCTCTATACACCGGTTAAAA,1,397417
acrBp,0.42857142857142855,8,6,GCGAATCTAGCAGGATCTAT,2,361431
acrBp,0.2857142857142857,7,6,GATCGAAGGGCGAGTAAAGG,1,367854
acrBp,0.2857142857142857,7,6,GATAGGCATACAGACACTCT,1,400628
acrBp,0.2857142857142857,7,6,GATACGTTCTGGAGTTATGG,1,391588
acrBp,0.2857142857142857,7,6,GAGGCGTACATATCCACGCC,1,397945
acrBp,0.2857142857142857,7,6,CTGTTAGGGGTCCCGGTGAT,1,377451
acrBp,0.2857142857142857,7,6,CTATTACTGCGGCCCATGCT,1,380240
acrBp,0.2857142857142857,7,6,CGGCGACATGGACAGCGAGA,1,367110
acrBp,0.2857142857142857,7,6,CGGACTGCATTGGTGTCTTT,1,355563
acrBp,0.2857142857142857,7,6,CCTCTACCCGTCATAGTCTA,1,405749
acrBp,0.2857142857142857,7,6,CCTAGTCATTGTTCTCAAGC,1,379091
acrBp,0.2857142857142857,7,6,CCGGCGGGGGCAGCGCCGGC,1,376684
acrBp,0.42857142857142855,8,6,CCCTTGCCACAGGCTTAACG,2,387440
acrBp,0.2857142857142857,7,6,CACTCAGTACCCCTCGCCTA,1,382307
acrBp,0.2857142857142857,7,6,CAAGGTGACAAATTGTTTTA,1,398754
acrBp,0.2857142857142857,7,6,CAAATGCAAGTCACCGCTCC,1,378265
acrBp,0.2857142857142857,7,6,ATCGTTCTAGACATAGGGGC,1,358584
acrBp,0.7142857142857143,10,6,ATAGCCGTACCAGCTTGGCA,4,366645
acrBp,0.2857142857142857,7,6,AGCTATTATTCCCTCTCCTC,1,395970
acrBp,0.2857142857142857,7,6,AGCCTTTGTACCGGTCTGGA,1,370696
acrBp,0.2857142857142857,7,6,ACTTATACTGGTCTATGCCC,1,400202
acrBp,0.2857142857142857,7,6,ACCGGCTACGAAAGCATATC,1,363676
acrBp,0.5714285714285714,9,6,AAAGGCCGGGATAGGCCGTT,3,399870
acrBp,0.3333333333333333,6,5,TTCCTATGCGATGTAGTTAA,1,408431
acrBp,0.3333333333333333,6,5,TTAAGGGCGTACCCCATCGC,1,368043
acrBp,0.3333333333333333,6,5,TTAAAAACCCGAGCATATCT,1,360595
acrBp,0.3333333333333333,6,5,TGTGCTCCCTTAAAAGAATT,1,359367
acrBp,0.6666666666666666,8,5,TGGACAACAGTGATAGCTAA,3,406861
acrBp,0.3333333333333333,6,5,TGAGATGGTTCTTACGTGGG,1,373550
acrBp,0.3333333333333333,6,5,TCTCTACTATTCCTCCCACT,1,373912
acrBp,0.3333333333333333,6,5,TCGACATGTCAAGGCACACT,1,376779
acrBp,0.3333333333333333,6,5,TCCACACTCTAATAGTCAGC,1,365961
acrBp,0.3333333333333333,6,5,TCAATCCGATGAGGCCTTAA,1,356615
acrBp,0.3333333333333333,6,5,TACTTCCCTATGGCCGTACC,1,392394
acrBp,0.3333333333333333,6,5,TACGTACCTTGAACGTGATC,1,364016
acrBp,0.3333333333333333,6,5,GTCTAGGGTCGAAATACAAC,1,386267
acrBp,0.3333333333333333,6,5,GGGTGCATAATCCATAGTTC,1,359606
acrBp,0.3333333333333333,6,5,GGGAGTTTCGCGCTTAGTCT,1,381801
acrBp,0.5,7,5,GGGACTGGATATCCCTCGCG,2,374692
acrBp,0.3333333333333333,6,5,GGCTCGCTTGGAAGTAAGAA,1,379767
acrBp,0.3333333333333333,6,5,GGATTAAGATGTTAGTTGTT,1,399775
acrBp,0.6666666666666666,8,5,GCCCTACTGCAAACGGTATA,3,363921
acrBp,320.1666666666667,1925,5,GATTGGGTTACTACACCCCC,1920,396716
acrBp,0.3333333333333333,6,5,GATGTGTCGATTTGCTGGGT,1,370548
acrBp,0.3333333333333333,6,5,GATGTGACAGTAACTTTTTC,1,396496
acrBp,0.3333333333333333,6,5,GATACATACTTTAAAATGCT,1,387059
acrBp,0.3333333333333333,6,5,GAGTACGGGACGACGAATGT,1,364077
acrBp,0.3333333333333333,6,5,GACGCCAGTTTCAATGGTAC,1,385138
acrBp,0.3333333333333333,6,5,GAATGGACCGTCAGCTCTCG,1,363954
acrBp,1.1666666666666667,11,5,GAACATCCAGCGAGGGCGCC,6,385458
acrBp,0.3333333333333333,6,5,CTTTTAGGCGCGCAACGTAC,1,373372
acrBp,0.3333333333333333,6,5,CTTGAAAAATTCGACAACAC,1,374229
acrBp,0.3333333333333333,6,5,CTTCATCTTACATGCGATGT,1,360395
acrBp,0.3333333333333333,6,5,CTCACTCAGCGCACGAATAA,1,402191
acrBp,0.3333333333333333,6,5,CTAGGCGGAGCTTATAGGGC,1,390070
acrBp,0.3333333333333333,6,5,CTAGCTGTGTCCTGAGCACC,1,390158
acrBp,0.3333333333333333,6,5,CTAACGTCACAGGTATTGAG,1,359789
acrBp,0.3333333333333333,6,5,CGTTTAGTTTCAAATCAAAT,1,359228
acrBp,0.3333333333333333,6,5,CGCCCCCCAGATATAGAAAA,1,376864
acrBp,0.3333333333333333,6,5,CCTCCACATGATGGGTTGGG,1,406341
acrBp,0.6666666666666666,8,5,CCGTGGGGGTGGGGGAAGCT,3,376941
acrBp,0.3333333333333333,6,5,CATTTCATCAAAATCGCAGT,1,367412
acrBp,0.3333333333333333,6,5,ATTGATGGGTCCGATCTTTT,1,383119
acrBp,0.3333333333333333,6,5,ATTAGTATACTTATAAAAGC,1,355516
acrBp,0.3333333333333333,6,5,ATTAAGAGTCGGCAAGATCG,1,387067
acrBp,0.3333333333333333,6,5,ATGGAGCCAGTGCGCGACAG,1,378564
acrBp,0.3333333333333333,6,5,ATATTGCTCATAAAGGCCAC,1,408432
acrBp,0.3333333333333333,6,5,ATATAACTTTGGAAAGTTTA,1,398547
acrBp,0.3333333333333333,6,5,AGCAGCATGATTGTTTGCTC,1,404085
acrBp,0.3333333333333333,6,5,ACGTTGTCAACTTCGCGCAT,1,378230
acrBp,0.3333333333333333,6,5,AATCTTTAGCTCCCCTCCGG,1,389971
acrBp,0.4,5,4,TTGCACAGTATCATTCGACT,1,395839
acrBp,0.4,5,4,TTGATACAAGGTGGTATGCT,1,356995
acrBp,0.4,5,4,TTGACCTCCAATCTACTGCT,1,372307
acrBp,0.4,5,4,TTATGCAATTTATAATCACC,1,369305
acrBp,0.4,5,4,TGAGAAGATTATCCCCCCCA,1,380700
acrBp,0.6,6,4,TCTTGCCGTATGAAAAACCC,2,367626
acrBp,0.4,5,4,TCTTAAGGCTTAAGAGGCCA,1,378522
acrBp,0.4,5,4,TCTCCTTGCGGTGTATATAT,1,385633
acrBp,0.4,5,4,TCGGCAACTTGAAGAGTTGT,1,404536
acrBp,0.4,5,4,TCGAACCTGGCAAGATCAAA,1,368159
acrBp,1.0,8,4,TATGTAGATATTTGGTGTCA,4,396276
acrBp,0.4,5,4,TATCAGCTTTCAGAGACAAA,1,388519
acrBp,0.4,5,4,TACAATCGTGGTAGAATCCT,1,384988
acrBp,0.4,5,4,GTTCGTGGGGGGATAACGAG,1,399582
acrBp,0.4,5,4,GTTACGTATGGTGTACCAAA,1,364288
acrBp,0.8,7,4,GTGCACCTAACGCTCCACAA,3,363912
acrBp,0.4,5,4,GTCGTTTAGGAAATGCTAGG,1,399501
acrBp,0.4,5,4,GTACCATCACTTACTGCGTA,1,357119
acrBp,0.8,7,4,GGTCGGTACCGGGCTACTCC,3,380059
acrBp,0.6,6,4,GGGTTAAATTTCCTCAACGG,2,362102
acrBp,0.4,5,4,GGGGCGACTGAGTTTAGGAG,1,372694
acrBp,0.4,5,4,GGGGATCACTCGGGGCCGTG,1,364430
acrBp,0.6,6,4,GGGACGTTGTCGTCTGATGA,2,391172
acrBp,0.8,7,4,GCTTCAAGCATAATTCCAAT,3,403032
acrBp,0.4,5,4,GCGGGTGGCGTGGGCGGTGA,1,406843
acrBp,0.4,5,4,GCGGCCATTATCTACTGCAT,1,370754
acrBp,0.4,5,4,GCATTTATTGCATGGTCCTC,1,390195
acrBp,0.6,6,4,GCATGACTCACCATCACAAT,2,399986
acrBp,0.4,5,4,GCAGACAAAGAAGTCAATCC,1,402909
acrBp,0.4,5,4,GCACCACCAGGGGGCCTAGG,1,384028
acrBp,0.4,5,4,GATGAGGTTCGAAGCCGAAT,1,392284
acrBp,0.6,6,4,GAGTCGTCTAACTCAATGTT,2,385004
acrBp,0.4,5,4,GAGGTTTACTATCAAGGTCT,1,375453
acrBp,0.4,5,4,GAATTATCGGCAGAGAAAAT,1,382593
acrBp,0.6,6,4,CTTGTCGTTTAATGAGTACC,2,385411
acrBp,0.4,5,4,CGTGCCTACGCCAAAATTCA,1,359632
acrBp,0.4,5,4,CGTATATCAAACTGAGCAAG,1,372300
acrBp,0.4,5,4,CGATAATGATAATCGAACTT,1,365196
acrBp,0.4,5,4,CCTTTGTCAGGATGATGAGT,1,369158
acrBp,0.6,6,4,CCCACTATATTAAAGTTTAC,2,372910
acrBp,0.4,5,4,CAGTGTAGAGGTCACCCAAT,1,361563
acrBp,0.4,5,4,CAGGTGCTGGATCGGGTCGC,1,363079
acrBp,0.6,6,4,CAAGGTTTCCGGATGATCCG,2,401355
acrBp,0.4,5,4,CAACTTATTGTACTACCGAG,1,403708
acrBp,0.4,5,4,ATGTCGAACGTGGTCCACAT,1,370987
acrBp,0.4,5,4,AGTGTATATATGTTATGGTA,1,403283
acrBp,0.4,5,4,AGTGAGCGATCCCCTGCGCT,1,378365
acrBp,0.8,7,4,AGGTCGATCGCAGCGTTCAA,3,368738
acrBp,0.4,5,4,ACGGCCCAAACCTGTAACAT,1,378567
acrBp,0.4,5,4,ACGCCAGTCCCGTCGGAGTT,1,387953
acrBp,0.4,5,4,ACCTTAAGAATTAGCGCGGC,1,363297
acrBp,0.4,5,4,ACCAAGGCCTCGGAACCCCA,1,373767
acrBp,0.4,5,4,ACAGTCTATTTTCAAAGGTC,1,407129
acrBp,0.4,5,4,AATGGTAAAACACACAGAAC,1,404643
acrBp,0.6,6,4,AATGCGGTGATAGTTCATAT,2,380163
acrBp,0.4,5,4,AATCAGTTGTCTCGGGATTC,1,389760
acrBp,0.4,5,4,AAGTCGTCTAGTGCGGCCTA,1,373044
acrBp,0.4,5,4,AAGCGAGAACATCGCGTTGA,1,396701
acrBp,0.4,5,4,AACCGCTGAGTAGAGAAGGT,1,372012
acrBp,0.4,5,4,AAAGGGGAAGTGCCTGGAGA,1,403807
acrBp,0.5,4,3,TTTTGGTCCCAGACTCACCC,1,382214
acrBp,0.5,4,3,TTTGCGTGTGTATGTGGAAT,1,375412
acrBp,0.5,4,3,TTGTCTCACGAGCACACGTC,1,397424
acrBp,0.5,4,3,TTGATCTTTCCGTTCTCTAC,1,392459
acrBp,0.5,4,3,TTGAACTGGGGTAGTCAGGA,1,394397
acrBp,0.5,4,3,TTCTCATTCAAATGTGAACT,1,361714
acrBp,0.5,4,3,TTACCTCGACGCAGGGTGTT,1,379182
acrBp,0.5,4,3,TCTCAAGGCGGTCTGTGAGG,1,398666
acrBp,0.5,4,3,TCAGCTTGAGGTGCTTTGTC,1,393417
acrBp,0.5,4,3,TATGCCGAGATTAGAGAGAA,1,372729
acrBp,0.5,4,3,TAGGCCCCTCGCGGGGCGGC,1,355282
acrBp,0.5,4,3,GTTCTGCGTTTCAAAACTGC,1,387744
acrBp,1.0,6,3,GTATTTTCAGATCGATGATA,3,408161
acrBp,0.5,4,3,GTAGTCCTCCGTACCCCCAG,1,405735
acrBp,0.5,4,3,GTAAGAAACTACGTATCAGC,1,367924
acrBp,0.5,4,3,GGGTGAATTAGTCGTATGAA,1,365875
acrBp,520.75,2085,3,GGCGAGTCTCAGACCTGTTT,2082,400426
acrBp,0.5,4,3,GCGAGGGCACATTTGGTCAG,1,360864
acrBp,0.5,4,3,GCGAACATACGGTTCCTTTG,1,404853
acrBp,0.5,4,3,GAGCTCCTTGGACTTTGACG,1,394014
acrBp,0.5,4,3,GACTAAGGGGGAAGCTTAAG,1,406606
acrBp,0.5,4,3,GACCGATGCTCCCCTTCAAA,1,405403
acrBp,0.5,4,3,GACAAGAAAAGGTCCTCACT,1,398649
acrBp,0.75,5,3,GAATACCTGGTGGAACCTTC,2,378173
acrBp,0.5,4,3,CTTTACAAGGCTAGGCTTGC,1,361527
acrBp,0.5,4,3,CTTGGTCTCAAGCTATATTG,1,365830
acrBp,0.75,5,3,CTTATATTGCACGCGGATAA,2,355112
acrBp,247.25,991,3,CTCTGGTGTGCGGGTCTTGT,988,358342
acrBp,0.5,4,3,CTAGTTCGGAACCGTGTCCT,1,390872
acrBp,0.5,4,3,CTAGTACAGCATCTCCGCTC,1,390763
acrBp,0.5,4,3,CGTCGTCATCCGGAGTACAC,1,372500
acrBp,0.5,4,3,CGGTGAAACTGGGGTGAGGA,1,390688
acrBp,0.75,5,3,CGGATGACTCATCAGTCCGC,2,402182
acrBp,0.5,4,3,CGGAGGAACGCCCTATGGAG,1,386825
acrBp,0.5,4,3,CGCTGCCGGTCACGGTGTGC,1,378208
acrBp,0.5,4,3,CGCCACGAAAGATCAGAGTT,1,394858
acrBp,0.5,4,3,CGCCAACTCCAACACAATTT,1,360351
acrBp,0.5,4,3,CGAACAGCTTACGAAAGGGA,1,393944
acrBp,0.5,4,3,CCTTGACCGGCGGTACGGAC,1,393715
acrBp,0.5,4,3,CCTTATACTCTACGTCTGGG,1,393512
acrBp,0.5,4,3,CCTCACACGCGAGCGATGCT,1,384517
acrBp,0.5,4,3,CCCTGCCGGAAAATAGATAG,1,389006
acrBp,0.5,4,3,CCCAGCTTGTTAGCTTAGAG,1,359139
acrBp,0.5,4,3,CAGCCCACGGACGGCTGGAA,1,378854
acrBp,0.5,4,3,CACGATGAGTACACCGGGAG,1,379307
acrBp,0.5,4,3,ATTGGTGCACTCCTGGCTTA,1,362057
acrBp,0.5,4,3,ATTAATATCCGAGGCCACGT,1,366182
acrBp,0.5,4,3,ATGGCCTGGTGACTCAGTTC,1,405282
acrBp,0.5,4,3,ATGCAAATTCACTTCCTAAC,1,385403
acrBp,0.5,4,3,ATCGTGGATCCGAATACTAA,1,368597
acrBp,0.5,4,3,ATCATCGCCCCTAAGCGGGG,1,375353
acrBp,0.5,4,3,ATAGCCACTCTACGCTTAGA,1,382390
acrBp,0.5,4,3,ATAAGGCAAAATCTGAGTAC,1,370303
acrBp,0.5,4,3,AGCGAAGTTCGCACTACCAT,1,395756
acrBp,0.5,4,3,ACAGTAAATACCGGAGTCTC,1,395136
acrBp,0.5,4,3,AATCCTTAAGGCCAGGTCGC,1,386888
acrBp,0.75,5,3,AAGCAACCTACGTACGAGTT,2,363501
acrBp,0.5,4,3,AAACCTAAAGATTGTGGACT,1,382666
acrBp,0.5,4,3,AAAAGGCTGTCTATCTTCGT,1,390561
acrBp,0.6666666666666666,3,2,TTGGGATCCGTCGGGCACTT,1,381989
acrBp,0.6666666666666666,3,2,TTCGCGACTACTTGAGACTT,1,383040
acrBp,1.0,4,2,TTCCTCCATCGGGATTAGGC,2,376605
acrBp,0.6666666666666666,3,2,TTACTTTGAACAATCAGAAC,1,358665
acrBp,0.6666666666666666,3,2,TGTAATAACAATGTCCGAAT,1,404201
acrBp,0.6666666666666666,3,2,TGGTTCTGGACTGTACGCCA,1,382013
acrBp,0.6666666666666666,3,2,TCTTGGTCTAAAGCGGACCA,1,360268
acrBp,0.6666666666666666,3,2,TCCGGTCTTGGGGTGTCGGA,1,385348
acrBp,0.6666666666666666,3,2,TCACCGTGGACCAAAGGGCA,1,364229
acrBp,0.6666666666666666,3,2,TATATATCCGGACAATGGCA,1,363249
acrBp,0.6666666666666666,3,2,TAGAAGTTATTCGCACTACA,1,378435
acrBp,0.6666666666666666,3,2,TACATCGTCCTCCTATCACC,1,398773
acrBp,0.6666666666666666,3,2,TAACTGACAATCCCTGTGCT,1,377709
acrBp,1.0,4,2,TAACGGCATACTCGGACAAT,2,376900
acrBp,0.6666666666666666,3,2,TAAACGTTTACGGCAATGTT,1,388755
acrBp,0.6666666666666666,3,2,GTTAAGACAAAGTAGCGCTA,1,404445
acrBp,0.6666666666666666,3,2,GTCCCTGCAAAGCCAATGGC,1,356980
acrBp,0.6666666666666666,3,2,GTAGGCGAGCATATTTGAAC,1,368144
acrBp,0.6666666666666666,3,2,GTAACTTAGGCAGGGGTTCC,1,399518
acrBp,0.6666666666666666,3,2,GGGTATATGCCCAGGCTCCC,1,391993
acrBp,0.6666666666666666,3,2,GCCACGGATTGGGCTTGAGA,1,357409
acrBp,0.6666666666666666,3,2,GCAGTACACCCGGCAATCCC,1,371983
acrBp,0.6666666666666666,3,2,GATTCTCAGCGGCAAGAGCG,1,384279
acrBp,0.6666666666666666,3,2,GAGTTATGACGGTTATAATC,1,385467
acrBp,2.0,7,2,GAGCGCACGAGGCTAATGTC,5,372137
acrBp,0.6666666666666666,3,2,GACTCCTGTAGGCCTTTTCA,1,377827
acrBp,1.0,4,2,GACCTCGGCACGAATATCCA,2,407481
acrBp,0.6666666666666666,3,2,GAACCGCCGCCGGCGACGTG,1,390217
acrBp,0.6666666666666666,3,2,CTGCCGGTGGGTGGATTAGG,1,370129
acrBp,0.6666666666666666,3,2,CTCTATAACTCGCTTCAGTC,1,360388
acrBp,0.6666666666666666,3,2,CTCACGACTGTAAGTCGGCC,1,355272
acrBp,0.6666666666666666,3,2,CTATAGTCCCCCCAAAGGCT,1,392906
acrBp,0.6666666666666666,3,2,CGGCTCCTCCGGTCGCCTTT,1,373579
acrBp,0.6666666666666666,3,2,CGCCGCTGTATGCATCATAA,1,384970
acrBp,0.6666666666666666,3,2,CGCCCACAGGGAGGGGTGAG,1,398113
acrBp,0.6666666666666666,3,2,CCTTATCGCACCAGTATCGA,1,399453
acrBp,0.6666666666666666,3,2,CCTCCGGCTATCAACGGGGG,1,378641
acrBp,0.6666666666666666,3,2,CCATGCCGTCGATCGCCGCA,1,397454
acrBp,0.6666666666666666,3,2,CCAAATACATTGGGGGCTCA,1,385021
acrBp,0.6666666666666666,3,2,CATTGGGTTCAGGCACGGGC,1,386809
acrBp,0.6666666666666666,3,2,CAGAGCCGCCCGTGGTGACA,1,364833
acrBp,0.6666666666666666,3,2,CAATATGGCGTGACGCCAGA,1,355201
acrBp,0.6666666666666666,3,2,CAAGATCAACCTGTGCTCTG,1,359529
acrBp,0.6666666666666666,3,2,ATGCTGACCAAGGCGGGCTG,1,403108
acrBp,0.6666666666666666,3,2,ATCTCGACACTAAAGCTGGA,1,387619
acrBp,0.6666666666666666,3,2,AGCAAGGTCAGCATGCAACA,1,369059
acrBp,0.6666666666666666,3,2,AATTAAAGCGCCCAGCGGCA,1,375951
acrBp,0.6666666666666666,3,2,AAGTGACTTATTTCGCAATT,1,405185
acrBp,0.6666666666666666,3,2,AAGGGAGAGACCTGAACTCC,1,363374
acrBp,0.6666666666666666,3,2,AACGTACATAGATGTGACTG,1,401477
acrBp,1.0,2,1,TTTCGAGGAATAGACGGAGA,1,369794
acrBp,1.0,2,1,TTCGATAACTCCGTTGTGTG,1,357807
acrBp,1.0,2,1,TTATCAAAGGCGACTCGTCG,1,400186
acrBp,1.5,3,1,TTAGCCGAGCAATACATTAG,2,384843
acrBp,1.5,3,1,TTACCTTTACAATGTGGCCA,2,390466
acrBp,1.0,2,1,TGCTGCCGCGTTAGAAGCTA,1,361944
acrBp,1.5,3,1,TGAGTGGCGCTCCAACTGCC,2,356892
acrBp,1.0,2,1,TCTCTGAATAGTTCCCAGCC,1,400790
acrBp,1.0,2,1,TCGCTTGTCGAACTTGAGTA,1,400949
acrBp,1.0,2,1,TCGCTGATCCGGGAACCACC,1,358219
acrBp,1.0,2,1,TCCCGAGCTTTGGGACTTTT,1,368305
acrBp,1.0,2,1,TCCCCTGGCTTGGCGATCAA,1,371589
acrBp,1.0,2,1,TCACCATGTCTAAGTAATTT,1,361715
acrBp,1.0,2,1,TAGGTGAATGATGAAACCAC,1,390028
acrBp,1.0,2,1,GTTGTGGACGGTGTAGATTC,1,384008
acrBp,940.5,1881,1,GTGATCAGGTCCACTGCCTT,1880,378924
acrBp,1.5,3,1,GTATTAGAAAGGCTTGACAC,2,361312
acrBp,1.0,2,1,GTATCGGGCCTAAGGCAACA,1,359400
acrBp,1.0,2,1,GTACTGAGTCTACTTGAAGC,1,363879
acrBp,1027.5,2055,1,GGTCAAGGTGGATGTGTACA,2054,378792
acrBp,1.0,2,1,GGTCAACGATAAAGCAAGTG,1,373708
acrBp,1.5,3,1,GGCTGGGAACGCTGTGTTGT,2,407116
acrBp,2.5,5,1,GATCTTCCACCTTAACTATG,4,363735
acrBp,526.0,1052,1,GACAAAAATCCATAACAGAA,1051,396285
acrBp,1.5,3,1,GAATTCCGTGCCTAATCTAG,2,391039
acrBp,1.0,2,1,CTTGCCATACTTGCTCACTA,1,367984
acrBp,2.0,4,1,CTGGTTAGTGCATTTGTTTC,3,384428
acrBp,910.5,1821,1,CTCCGTAACCTTTTCATGGT,1820,358912
acrBp,2.0,4,1,CTCCAAACCGCTGCTACCTG,3,377982
acrBp,1.0,2,1,CTCAGTGCAACCTTGGGGCT,1,380671
acrBp,1.0,2,1,CGTTTTCAGAATGGTTATTA,1,403243
acrBp,1.0,2,1,CGTGGATTGGAGGACTTGCG,1,372631
acrBp,1.0,2,1,CGTATAAACCATGGCTAAAT,1,357584
acrBp,1.0,2,1,CGGGTTTATGTCGCTCGTCT,1,403329
acrBp,1.0,2,1,CGCTCTGTGTGATCCTGTGA,1,394556
acrBp,1.0,2,1,CGCATAGAAGGAGTCTGACG,1,372018
acrBp,1.0,2,1,CGATGCGGATGTTGAACCTC,1,400328
acrBp,1.0,2,1,CGATCCGGAAGGCCATCCTG,1,374824
acrBp,1.0,2,1,CGAGGGTTATTCCTGGGACT,1,393177
acrBp,1.0,2,1,CCTCAAATTGGAGCCTCCAT,1,378616
acrBp,1.0,2,1,CATCATTCTCAACGCGGTAC,1,386924
acrBp,1.0,2,1,CATAAATTTACTGTTTCGGA,1,398868
acrBp,1.0,2,1,CAGGTAAACGCTTAGGATAT,1,407637
acrBp,1.0,2,1,CAGGGACACGTGTTGATGCA,1,389845
acrBp,1.0,2,1,CAGGCAGGACTGGCAATGTG,1,375719
acrBp,1.5,3,1,CAACCCCTCATAAACTTCAT,2,366172
acrBp,1.0,2,1,CAAATGACCTTTACTTTAAT,1,368336
acrBp,1.5,3,1,ATTATGAGCCTTCAGAGCAT,2,358340
acrBp,1.0,2,1,ATTAATCAGCGGAGGATCAA,1,358336
acrBp,1.0,2,1,ATCAGGCGAGCATTGCAACT,1,362920
acrBp,1.0,2,1,AGCGCGATGTTGCTCATGTC,1,379186
acrBp,1.5,3,1,ACTTCTGATCGATCACCTCT,2,396211
acrBp,1.0,2,1,ACGTTACGATTGTGCTTCCG,1,403439
acrBp,1.0,2,1,ACGGACCACCCCAAAATACG,1,386508
acrBp,1.0,2,1,ACCAGGTAAGCCGTGTTGCG,1,403452
acrBp,1.0,2,1,AACCGTCTCCATAAGTAGTA,1,397720
acrBp,1.0,2,1,AAATGGACCGTCTTGGTATA,1,372093
acrBp,1.5,3,1,AAAGGAATGTTTACAACGGC,2,370674
acrBp,0.008333333333333333,119,119,CTTGGCAAAGTGTCAGTGCA,0,355192
acrBp,0.008771929824561403,113,113,TTGGATTCTTACTGGAGTAA,0,356030
acrBp,0.009433962264150943,105,105,CGTGAAGCGCTATTGACACT,0,364068
acrBp,0.009523809523809525,104,104,ACTGGCCACGTCGCCCTTTG,0,355322
acrBp,0.00980392156862745,101,101,AGGTTTTGAATGATACAGTT,0,355633
acrBp,0.010101010101010102,98,98,GGAGACGACGCCGGGCTCAT,0,359192
acrBp,0.01020408163265306,97,97,CCACTCTATTCTTGACGAAT,0,392746
acrBp,0.010752688172043012,92,92,ACACTGTTTTGGTAGAAGAT,0,356177
acrBp,0.011363636363636364,87,87,TTTCGGGCCTAAGATGCCTA,0,388411
acrBp,0.011363636363636364,87,87,AAATGCTTACACATTTCTAT,0,359589
acrBp,0.011494252873563218,86,86,GCTATCGTTGCAACTGCCGG,0,398645
acrBp,0.011494252873563218,86,86,CACATAGCCTCCGCGCATGG,0,385657
acrBp,0.012195121951219513,81,81,CGCACACCCGTCGCTTAATA,0,358703
acrBp,0.012195121951219513,81,81,AAGCGCAATGGTATATAAGC,0,359439
acrBp,0.012345679012345678,80,80,GTAGCTCGTGGACAGGAGTA,0,363165
acrBp,0.012658227848101266,78,78,CGGACAGTTCGATAGCACGT,0,360543
acrBp,0.01282051282051282,77,77,ATCCCCCGTAGCGGACAAGA,0,357583
acrBp,0.01282051282051282,77,77,AAGCGAGGTCCTATCGATAG,0,382811
acrBp,0.012987012987012988,76,76,AGCGGGTACACCAGCTTGCG,0,383697
acrBp,0.013333333333333334,74,74,CGGCGTATGGTGTATCGTGG,0,360604
acrBp,0.013333333333333334,74,74,ATTTGTATCTTACGCAGTGG,0,372134
acrBp,0.013513513513513514,73,73,TGCCATGCAATTCCTTTCCT,0,364681
acrBp,0.0136986301369863,72,72,CCTTGAGCCTTTACATTAAT,0,369407
acrBp,0.0136986301369863,72,72,AGAAATGGAGAGAGCCGATC,0,358816
acrBp,0.013888888888888888,71,71,GCACTAGACACGTGCGGTAC,0,355773
acrBp,0.013888888888888888,71,71,ATTACGAGGCAGAGTCAATG,0,359999
acrBp,0.014084507042253521,70,70,AGGCGCAGGTCAAGCTTAGG,0,359442
acrBp,0.014084507042253521,70,70,ACGTGAATCCCAGTCCCCGA,0,365226
acrBp,0.014285714285714285,69,69,AGAGAAGTGGTGTCAACTGC,0,392348
acrBp,0.014285714285714285,69,69,AAATCAGCCGAGGCTGGCTA,0,355587
acrBp,0.014492753623188406,68,68,TTATAATATTTTGAAGAAAA,0,376279
acrBp,0.014492753623188406,68,68,TCTGACTGTATTGCAGTCCA,0,376273
acrBp,0.014492753623188406,68,68,AGTGCTGGGGGGGGTCTAGA,0,395534
acrBp,0.014705882352941176,67,67,TTTTCCACGGATAGCCATAT,0,371270
acrBp,0.014705882352941176,67,67,CGGGATCCCAGGGTGATGGG,0,365980
acrBp,0.014705882352941176,67,67,ACCGCGCGTTAATATGTTGT,0,393113
acrBp,0.014705882352941176,67,67,ACAGGTATATTAACACAGAA,0,356965
acrBp,0.015151515151515152,65,65,TCGCCGGGAAGCGCGAACCA,0,376095
acrBp,0.015151515151515152,65,65,GTTCTGCTCGAAAAGGAGAG,0,401052
acrBp,0.015151515151515152,65,65,CTTTATTAAGGACTAGGGTA,0,362353
acrBp,0.015384615384615385,64,64,TCGCCTAGTCTCGTGTACGT,0,397567
acrBp,0.015384615384615385,64,64,GGCGTACTGTCCTCTATAAC,0,357684
acrBp,0.015384615384615385,64,64,CATAATAGTACAGGATTCGA,0,371651
acrBp,0.015625,63,63,GTAGCGGGGAGTCTTGCAGC,0,371946
acrBp,0.015873015873015872,62,62,TTGGCGCCGCCATTTTTCTT,0,369782
acrBp,0.015873015873015872,62,62,CCACATGACTGAAGCGATTA,0,368028
acrBp,0.015873015873015872,62,62,AACTCCACATTGGGTGCCGA,0,362884
acrBp,0.016129032258064516,61,61,AGTGTATGTCGTTAGGCGAT,0,384818
acrBp,0.016129032258064516,61,61,ACCGCAGAATCGTCAGTAGG,0,364325
acrBp,0.016129032258064516,61,61,AATATCGCGATGCTAGCGAC,0,364423
acrBp,0.01639344262295082,60,60,ACGTACAGTAAAAGCTACGT,0,365504
acrBp,0.01639344262295082,60,60,ACACGGATTCCGGCTAATGA,0,364122
acrBp,0.01639344262295082,60,60,AATTTATCTGCATTAGCTTG,0,362259
acrBp,0.016666666666666666,59,59,TTTCGTGCAGCACGTGCACT,0,355058
acrBp,0.016666666666666666,59,59,GCCCCTGCGGCCGTCTCCGC,0,356993
acrBp,0.016666666666666666,59,59,GATATTAAAGGCGTGTGGGA,0,362056
acrBp,0.016666666666666666,59,59,ACTATAGCGCGTGAGACAGA,0,361557
acrBp,0.01694915254237288,58,58,TACGAGTTCGGACTGCGGGT,0,373330
acrBp,0.01694915254237288,58,58,GTTGCCACCTCGGCACTGGG,0,390103
acrBp,0.01694915254237288,58,58,CTAATTATTTTCAACTTTAA,0,372491
acrBp,0.01694915254237288,58,58,CGCGCGGGTGGTAGACACCT,0,390200
acrBp,0.01694915254237288,58,58,CCTTGCAATAGATGGAGTAT,0,357361
acrBp,0.01694915254237288,58,58,CAACGGTTCTACGCATGCTT,0,356930
acrBp,0.01694915254237288,58,58,ATCGACTGCTCTAGGGCGAC,0,381628
acrBp,0.01694915254237288,58,58,ATATGGCATTGATCCCCGTA,0,360846
acrBp,0.01694915254237288,58,58,AAGGAGGACTGGGCAGGTTA,0,357779
acrBp,0.01694915254237288,58,58,AAGACCTCGTGCGTACTACA,0,400553
acrBp,0.017241379310344827,57,57,TTGGGCGCGCTATCGGCTTT,0,374911
acrBp,0.017241379310344827,57,57,CGATTTTGACCCAACTTCAG,0,355538
acrBp,0.017241379310344827,57,57,CCTTGAAAAGTCGCACACAT,0,393128
acrBp,0.017241379310344827,57,57,ACAATCAGCATAGTATAGTT,0,379725
acrBp,0.017543859649122806,56,56,TGGGACGCTGCGTATTCTAC,0,379603
acrBp,0.017543859649122806,56,56,TAGACGGTGGTCTGTACAAG,0,380997
acrBp,0.017543859649122806,56,56,GTAGGGTGGAAGTCGTTGAG,0,377808
acrBp,0.017543859649122806,56,56,CGTGGGCCGCAGAAATCTAA,0,357320
acrBp,0.017543859649122806,56,56,CACTTCCAAAACCCGCCATC,0,403510
acrBp,0.017543859649122806,56,56,ATTCGCGGGCGTCCTACATT,0,380457
acrBp,0.017543859649122806,56,56,ATGTCGCAAATAAAAGCGAT,0,355360
acrBp,0.017543859649122806,56,56,ATAACAATCTATGATATTCA,0,367121
acrBp,0.017857142857142856,55,55,TAAGGCAAAGCATACAAGAG,0,365620
acrBp,0.017857142857142856,55,55,GTAGGCCGCAGTTAAGGAAG,0,388392
acrBp,0.017857142857142856,55,55,GGAACGGGCGTCGTCGGTGA,0,367044
acrBp,0.017857142857142856,55,55,CCTTAGGGAAAAAAATGTAA,0,372425
acrBp,0.017857142857142856,55,55,CCAAGTGTAGATACAGCGAT,0,356343
acrBp,0.017857142857142856,55,55,AGGGGTCAATTACGTGCTTG,0,365286
acrBp,0.01818181818181818,54,54,TTTATTTATACGTCGGCCAA,0,358818
acrBp,0.01818181818181818,54,54,TTATGGCTCAATTGTGTTCA,0,384819
acrBp,0.01818181818181818,54,54,TCCATAATAATGTGGGCGGA,0,391595
acrBp,0.01818181818181818,54,54,TCAGTGGGAGCGTCTTGATA,0,370326
acrBp,0.01818181818181818,54,54,TCACCCTGTCCGCGCGGCTA,0,355357
acrBp,0.01818181818181818,54,54,GGCAGCACAGGCACGCCGAG,0,374542
acrBp,0.01818181818181818,54,54,GGAAACAGCCCAAAGTCAAA,0,388883
acrBp,0.01818181818181818,54,54,GCTGTCGTCTGTATGGAGCG,0,364119
acrBp,0.01818181818181818,54,54,GCGACACTATGAAACCTCCA,0,387530
acrBp,0.01818181818181818,54,54,CGTTTGGCAGTACGTGGTTT,0,359562
acrBp,0.01818181818181818,54,54,CCTAGTGTACAGCCCAGTTC,0,355929
acrBp,0.01818181818181818,54,54,ACAAGCTTATGGCGCAAGAT,0,370672
acrBp,0.01818181818181818,54,54,AACGTCGGTAGGCCGTGAAC,0,376335
acrBp,0.018518518518518517,53,53,TAACTGAATACTTAATACGC,0,407670
acrBp,0.018518518518518517,53,53,GTAAATACCGCCTCCGTGCT,0,369630
acrBp,0.018518518518518517,53,53,CAGCCGCATGCGGGGCTAAA,0,364756
acrBp,0.018518518518518517,53,53,AGAGACTCACACTGGAATGA,0,366560
acrBp,0.018518518518518517,53,53,ACGTCTTTAGCTGTACAATA,0,391269
acrBp,0.018867924528301886,52,52,TTGTTGACGGGCCAAGGCGG,0,407862
acrBp,0.018867924528301886,52,52,TAGGTAGCTGAAAGCCGCCA,0,374678
acrBp,0.018867924528301886,52,52,TAGCCTGCAGCGATCGGCTA,0,406920
acrBp,0.018867924528301886,52,52,GGTCAAGGGGTAAGGCTACT,0,370786
acrBp,0.018867924528301886,52,52,GGAGAAGTCCCTCCGTGAAG,0,357892
acrBp,0.018867924528301886,52,52,GCCGGGTCCCGCAGTTCATA,0,362092
acrBp,0.018867924528301886,52,52,GAGACCCTCGTCGTGCCCCG,0,389596
acrBp,0.018867924528301886,52,52,CGAAGTTTCATGTTGTCGGT,0,375044
acrBp,0.018867924528301886,52,52,CACCGCCAAGCTCTCAAGAA,0,395224
acrBp,0.018867924528301886,52,52,AGTTCATTCGGGAGCTGGGT,0,360672
acrBp,0.018867924528301886,52,52,ACCTTATCGTTGGCCTCCCC,0,380515
acrBp,0.019230769230769232,51,51,TCTCAGCATAGATGGGGACA,0,395884
acrBp,0.019230769230769232,51,51,TACTATTCAAGATTGTCAAC,0,404841
acrBp,0.019230769230769232,51,51,AATGGCTCTATCACCTTTAA,0,358365
acrBp,0.0196078431372549,50,50,TTTCTACACGGATACGTCAT,0,397453
acrBp,0.0196078431372549,50,50,GGTGTTATATAGACTCGGTA,0,385441
acrBp,0.0196078431372549,50,50,GCGTTCCAGTGGTTACACAA,0,358945
acrBp,0.0196078431372549,50,50,CGTTAAGGTAGAACGGCGTT,0,378367
acrBp,0.0196078431372549,50,50,CATTCTGATCGAGCACGTCT,0,383051
acrBp,0.0196078431372549,50,50,CAGGATCCACGGGGTTCCAG,0,355415
acrBp,0.0196078431372549,50,50,ATTACTAGAGATTGGGACCA,0,363403
acrBp,0.0196078431372549,50,50,AGAATGGAGCAGCATATGTT,0,378660
acrBp,0.0196078431372549,50,50,ACTCAGGTCAGTTAACGATC,0,381658
acrBp,0.0196078431372549,50,50,AAGGTCATCGTGGGTCGAGA,0,382135
acrBp,0.0196078431372549,50,50,AAGATTGGTAGTTCACACGC,0,378644
acrBp,0.02,49,49,GCACCTGATCCCGGAGGCAG,0,374479
acrBp,0.02,49,49,GAGTCCGGATCGAAATGAGT,0,378767
acrBp,0.02,49,49,GAAATCCGTAGATAGTGATA,0,359768
acrBp,0.02,49,49,CTACGGGATTAGACGTTAGT,0,382571
acrBp,0.02,49,49,CGCTTATCCGGTCATCTGAC,0,359388
acrBp,0.02,49,49,CGCACCGGGAAAGAATAATT,0,358439
acrBp,0.02,49,49,CATTACCGAGTCTTCGTCTG,0,405352
acrBp,0.02,49,49,AAGCCGAAGAACTGGCAAGC,0,380820
acrBp,0.02040816326530612,48,48,TTCAGCTCTTTGGGGAAGAA,0,375106
acrBp,0.02040816326530612,48,48,TTCACGCGGTACGTTGGAGA,0,357036
acrBp,0.02040816326530612,48,48,TGCGACATAGGGCCGTGTCT,0,367368
acrBp,0.02040816326530612,48,48,TGCCCCGGTTTCTTAGAGCA,0,392070
acrBp,0.02040816326530612,48,48,GTAGCATCCGCAACTGACTT,0,359345
acrBp,0.02040816326530612,48,48,GCTTGCATTGTTATATTCAG,0,373293
acrBp,0.02040816326530612,48,48,GAGTATGGATGGTTAGCACT,0,399121
acrBp,0.02040816326530612,48,48,CTGAAGGATTCCCTTGACCA,0,357778
acrBp,0.02040816326530612,48,48,CGTCAAACTCCTTCAGTCTG,0,366818
acrBp,0.02040816326530612,48,48,CGCATCACACCGCGACCCGA,0,389761
acrBp,0.02040816326530612,48,48,CGAGGGTTACGGATTAAACA,0,363731
acrBp,0.02040816326530612,48,48,CCGCGACAGCGTACTACTTA,0,363289
acrBp,0.02040816326530612,48,48,CCGAGCCCCGCCAAAGAATA,0,369575
acrBp,0.02040816326530612,48,48,CACCTTCGCACTTGCTGATT,0,390793
acrBp,0.02040816326530612,48,48,ATGCTTAGGTGTCAGAGGAT,0,371883
acrBp,0.02040816326530612,48,48,ACACTAATGCGGCCCACTCC,0,367401
acrBp,0.020833333333333332,47,47,TCTCAGGTTCGGGTGTTTAA,0,368461
acrBp,0.020833333333333332,47,47,TCGCACTGTGCAGACGTTGC,0,355223
acrBp,0.020833333333333332,47,47,TAGCACGTATCGACATACAG,0,384087
acrBp,0.020833333333333332,47,47,GCGATTTTTGCGAAGGCCAT,0,378956
acrBp,0.020833333333333332,47,47,CTGAATGGGGACTTAGCGCC,0,383387
acrBp,0.020833333333333332,47,47,CGGGAACACGCTGATTTTAG,0,381042
acrBp,0.020833333333333332,47,47,CCACCGAACCGGGTGGTAAA,0,400740
acrBp,0.020833333333333332,47,47,CAAGTGGCGTGCTGACCCTA,0,358482
acrBp,0.020833333333333332,47,47,AGATGCTGCATCTCATACTG,0,401344
acrBp,0.020833333333333332,47,47,ACTTTGAGGAAATTTGGGGT,0,399569
acrBp,0.020833333333333332,47,47,AACAGTTGGCTGGCGACCGC,0,363497
acrBp,0.02127659574468085,46,46,TTCAACTCACCCTACTGGGA,0,355835
acrBp,0.02127659574468085,46,46,TCCCGGGCAAGAAACCATAT,0,372013
acrBp,0.02127659574468085,46,46,TCCATGCCCAGGCATGCGCT,0,358334
acrBp,0.02127659574468085,46,46,CTGGGGGTCCTAACAGAGAG,0,380884
acrBp,0.02127659574468085,46,46,CACCTGGTGGTTCAGTCTCA,0,367597
acrBp,0.02127659574468085,46,46,ATTCACTTTGTGAATAACAG,0,392910
acrBp,0.02127659574468085,46,46,ATTATCCGTACCTGCTACGC,0,355014
acrBp,0.02127659574468085,46,46,AAGGTTATTTCTAACTTTAC,0,402654
acrBp,0.02127659574468085,46,46,AAGACTGGCCTACCAGACCA,0,388874
acrBp,0.021739130434782608,45,45,TCTCAGACTGATTGGTTACA,0,372935
acrBp,0.021739130434782608,45,45,GGCTTGTGTTGGACAACTAT,0,357457
acrBp,0.021739130434782608,45,45,GGATCGTTACCGGAAGCAGG,0,385686
acrBp,0.021739130434782608,45,45,GATGCACTAGCGGCTAGGAA,0,390989
acrBp,0.021739130434782608,45,45,CTTTATCGATATCTGTGAAA,0,391994
acrBp,0.021739130434782608,45,45,CCGGCCTCATTACATTATTG,0,405152
acrBp,0.021739130434782608,45,45,CACGGCAGGAGTTCCAGGTG,0,359801
acrBp,0.021739130434782608,45,45,ACCATCCTAGGTATTGCTAT,0,369370
acrBp,0.021739130434782608,45,45,AATGAGTACTCGGCTCTCGA,0,383296
acrBp,0.021739130434782608,45,45,AAGCAGAGCGTCTGACTTCA,0,365696
acrBp,0.021739130434782608,45,45,AACGGGTTAAGAAACCATTT,0,400737
acrBp,0.021739130434782608,45,45,AAAAATGAGGCCTAATGAGT,0,382712
acrBp,0.022222222222222223,44,44,TCTTAGTTTTTTTGTCCGCT,0,390743
acrBp,0.022222222222222223,44,44,TACCCGGCGAAAAGTGCGCC,0,394093
acrBp,0.022222222222222223,44,44,GGTCTTTCGAGGGGCATTAA,0,385972
acrBp,0.022222222222222223,44,44,GCCCACCGCCTAAAACTTAT,0,369476
acrBp,0.022222222222222223,44,44,CGCGACCAATGTTCAACGTA,0,392138
acrBp,0.022222222222222223,44,44,CCTAAACATGTGGTTCGGCC,0,366791
acrBp,0.022222222222222223,44,44,CCATTTGGCACCCAGGGGGT,0,373874
acrBp,0.022222222222222223,44,44,CCAGAAACCGCATCTCATCG,0,372726
acrBp,0.022222222222222223,44,44,CACAGTAACACAAGGGTAAC,0,374125
acrBp,0.022222222222222223,44,44,ATTGTGGTGCTTGATCGTTA,0,357585
acrBp,0.022222222222222223,44,44,AGTGCGAGACAATGCGTCAA,0,378870
acrBp,0.022222222222222223,44,44,ACGCCATAACCCATATAGTA,0,370294
acrBp,0.022222222222222223,44,44,AAGCTCAGTCACATCATCTA,0,373324
acrBp,0.022727272727272728,43,43,TTTCTGTACAGTCCGGCTTA,0,376894
acrBp,0.022727272727272728,43,43,TGGCGGGATAACGTGCTCGT,0,370937
acrBp,0.022727272727272728,43,43,TGGAGTGCGCGCGTTGTGTT,0,378821
acrBp,0.022727272727272728,43,43,TGCTAGGCCCAGGAATAGAC,0,379931
acrBp,0.022727272727272728,43,43,GGTTTTCCTCACGGCGGGCG,0,395361
acrBp,0.022727272727272728,43,43,GGTCGAAACAAGTCTTCGCC,0,361971
acrBp,0.022727272727272728,43,43,GCGTGGTATCGGCTAGAGTG,0,389411
acrBp,0.022727272727272728,43,43,GCAATGACCCCGTATAGTGA,0,364950
acrBp,0.022727272727272728,43,43,GACAAGATATGCTTATACGA,0,383164
acrBp,0.022727272727272728,43,43,GAACACGGGAATGCACGGGA,0,374299
acrBp,0.022727272727272728,43,43,CGTGGCTGTGGATGCAGCAG,0,358060
acrBp,0.022727272727272728,43,43,CGTATCTCAGGGGGTGGACT,0,398376
acrBp,0.022727272727272728,43,43,CGCGGACTGACCCGGCAAAC,0,392372
acrBp,0.022727272727272728,43,43,CGACGGAGTTATAGGCCACA,0,359623
acrBp,0.022727272727272728,43,43,ATTGGCGTTCATTATATCAG,0,355222
acrBp,0.022727272727272728,43,43,AGCCTCGGGTCCGAGGAACA,0,357454
acrBp,0.022727272727272728,43,43,ACATAGAACACTCCGTATCC,0,373425
acrBp,0.022727272727272728,43,43,AACTTGGGCCAACACAGTAT,0,362922
acrBp,0.022727272727272728,43,43,AACTTATACTGGCCTTCGCC,0,393889
acrBp,0.023255813953488372,42,42,TTGAAGCTCGGCCTTAGAAA,0,395643
acrBp,0.023255813953488372,42,42,TGACTCTTGGGTCCGCACAA,0,379233
acrBp,0.023255813953488372,42,42,TCTAGCAGTCTGACTCAGGT,0,385043
acrBp,0.023255813953488372,42,42,TCGCCAGGGGTATGCAGGAC,0,394228
acrBp,0.023255813953488372,42,42,TACTTAAGGCAGGTATTCTC,0,367045
acrBp,0.023255813953488372,42,42,GTTCAATCTTATATGTAGTA,0,384440
acrBp,0.023255813953488372,42,42,GTCATTATGAAGAGCTGCAT,0,403946
acrBp,0.023255813953488372,42,42,GGTAGCAACTTGTATCGAGC,0,373013
acrBp,0.023255813953488372,42,42,GGGATACTTTCGAGCCAGAT,0,361337
acrBp,0.023255813953488372,42,42,GGCTGTACAGGGAGAGACAC,0,370261
acrBp,0.023255813953488372,42,42,GCGATGTAAGCGGCCAACGA,0,366155
acrBp,0.023255813953488372,42,42,GAAACCTGGGTCTTGAAGTA,0,371947
acrBp,0.023255813953488372,42,42,CTACCTTCTCCAACGCAGCC,0,371010
acrBp,0.023255813953488372,42,42,CGGCGTGTCACCAAATCCAG,0,376635
acrBp,0.023255813953488372,42,42,ATGGCGGAGTTGCCTAGATA,0,396709
acrBp,0.023255813953488372,42,42,AGCGGTGCGTAACGCTGGGA,0,384410
acrBp,0.023255813953488372,42,42,AGAGCTTATATGCCATTTAA,0,371643
acrBp,0.023255813953488372,42,42,AAGGCCACGAGGGGGACAGG,0,377009
acrBp,0.023255813953488372,42,42,AAGCGGGGTTGGCGCGTTAG,0,403763
acrBp,0.023809523809523808,41,41,TGTCCTCGGTCGCATTACTG,0,385870
acrBp,0.023809523809523808,41,41,TGGGATTAACGCGAAGATCA,0,406201
acrBp,0.023809523809523808,41,41,TGCAGATGTCTCTCAGGTGG,0,359519
acrBp,0.023809523809523808,41,41,GCGTAGCCCAATTTGCCTAA,0,382783
acrBp,0.023809523809523808,41,41,GCGCTCCAAGAGACCATCCG,0,402190
acrBp,0.023809523809523808,41,41,GAAGTCTTACCGAGAGGACA,0,355987
acrBp,0.023809523809523808,41,41,GAAGCGGCCTCTTATGCATT,0,357533
acrBp,0.023809523809523808,41,41,GAACGACTGCAGGTGGTTGA,0,378646
acrBp,0.023809523809523808,41,41,CTCAAATACCGAGTGCCCTT,0,392209
acrBp,0.023809523809523808,41,41,CGAAATCGTAGAGGCACGAA,0,385213
acrBp,0.023809523809523808,41,41,CCGAGGGAGCTCTACCGTAT,0,368662
acrBp,0.023809523809523808,41,41,CATCATGGAAAAACCCCCTA,0,396071
acrBp,0.023809523809523808,41,41,ATGCAAAAGAGTGATATGTA,0,359922
acrBp,0.023809523809523808,41,41,ATATTAAAAGCCTTTAGCGT,0,396711
acrBp,0.023809523809523808,41,41,ACGATGGGAGCACAGGGCGA,0,383393
acrBp,0.023809523809523808,41,41,ACGATGCGCTAAAAAGATAA,0,376747
acrBp,0.023809523809523808,41,41,AACAAGTGTCTTACCCTCGA,0,396319
acrBp,0.024390243902439025,40,40,TTTCCTTGGGGCAAAGCGTT,0,403284
acrBp,0.024390243902439025,40,40,TTATACAAAGCGGGTGGAAA,0,363865
acrBp,0.024390243902439025,40,40,TGCCTTCTCAGGACTTAGCA,0,379646
acrBp,0.024390243902439025,40,40,TGCATGCAGGGATAGCAAAT,0,375968
acrBp,0.024390243902439025,40,40,TGAGTCAAGACTCGGGCTTT,0,356889
acrBp,0.024390243902439025,40,40,TCTCAAACGGGCACAGGCGG,0,401363
acrBp,0.024390243902439025,40,40,GTCGGGACGCGACGAGTAAA,0,370901
acrBp,0.024390243902439025,40,40,GTATGGCGTGTCAACTTATC,0,357464
acrBp,0.024390243902439025,40,40,GTAGCCTAGACAGCTTTCCA,0,376638
acrBp,0.024390243902439025,40,40,GGCAACGTGCCCAAAAGACA,0,369500
acrBp,0.024390243902439025,40,40,GCGGAGGTTCAGGCACTGAG,0,368877
acrBp,0.024390243902439025,40,40,GCAAAACCTCTGGTTATCTA,0,389408
acrBp,0.024390243902439025,40,40,GAGTCAGCGGGGGAGAGGAC,0,391803
acrBp,0.024390243902439025,40,40,CTATATTTATAAATCGGTCC,0,408321
acrBp,0.024390243902439025,40,40,CGGTCGAACTTTCGGTATCA,0,393157
acrBp,0.024390243902439025,40,40,CCGAACCTGTTTGTCAGTCA,0,380133
acrBp,0.024390243902439025,40,40,CATGTTCTGCTCATAGGGCA,0,358335
acrBp,0.024390243902439025,40,40,ATTTTGTTACGCGAGTGGTA,0,362368
acrBp,0.024390243902439025,40,40,ATGAATCTGTGTATATGTAG,0,358606
acrBp,0.024390243902439025,40,40,AGCCACTACCCGGATAAAAA,0,361863
acrBp,0.024390243902439025,40,40,AGACCCTACAACAACCTTTG,0,386859
acrBp,0.024390243902439025,40,40,ACAGACCAACGTTCAGCATT,0,367640
acrBp,0.025,39,39,TTTGAGCGGACATAAGCTTT,0,392683
acrBp,0.025,39,39,TTAAAGAGACTACCTGGTTT,0,382677
acrBp,0.025,39,39,TGAGTTTGTCTTGGGACTAA,0,382680
acrBp,0.025,39,39,TGACTTCCAGCGAGTCTGAT,0,380273
acrBp,0.025,39,39,TCATTGTCACCGGACATTGC,0,400738
acrBp,0.025,39,39,TCAGCGAGTAGTCGAAGTCT,0,362576
acrBp,0.025,39,39,TATTTTGCACGGCGCTGCGT,0,396456
acrBp,0.025,39,39,GTCCAGACGTTTACAGGCAT,0,382117
acrBp,0.025,39,39,GGTGCTATAGATGGAAGAGT,0,373510
acrBp,0.025,39,39,GATTCTTAATACAATACTTC,0,378501
acrBp,0.025,39,39,GAAGATAGTATGAACCATTT,0,355941
acrBp,0.025,39,39,CTTGGGAAGAATCAGAAGTA,0,387342
acrBp,0.025,39,39,CTCGTTGAGGGCGCCCTTAG,0,392392
acrBp,0.025,39,39,CTCACATCACCTACCCAGTC,0,377692
acrBp,0.025,39,39,CTATCCGGAATATACATAGT,0,367167
acrBp,0.025,39,39,CATTCGTGGTTGTCCGTGCT,0,373972
acrBp,0.025,39,39,CATGGCTTGTGCCATACCAC,0,355099
acrBp,0.025,39,39,CATACCGACCAATTTGGTAA,0,367992
acrBp,0.025,39,39,CAAGTCACAGATTAAACTGA,0,361206
acrBp,0.025,39,39,ATTGTTCGCCATCGGTTCCA,0,361892
acrBp,0.025,39,39,ATCCGCCGTGATTTTGACAG,0,362577
acrBp,0.025,39,39,AGTTTCTGTCGGCATTGGGG,0,374268
acrBp,0.025,39,39,AGTTAACGTTATACGAGCGT,0,380905
acrBp,0.025,39,39,AGAGGATTACATCCTCGAGG,0,375083
acrBp,0.025,39,39,ACTCGATCGGACGGATTGTT,0,358660
acrBp,0.025,39,39,AAGAGGGTCGTTCTAGGAGT,0,384170
acrBp,0.02564102564102564,38,38,TTCTAGGTTATTTGACATCT,0,401088
acrBp,0.02564102564102564,38,38,TCCAAGAGGCCCATCAGTAT,0,394819
acrBp,0.02564102564102564,38,38,GTCCTGGTACAGGTAAAAAC,0,377321
acrBp,0.02564102564102564,38,38,GGTGTGGATATTGGGAGTCA,0,396133
acrBp,0.02564102564102564,38,38,GGTAAAGCGTAAACGGCCTA,0,362125
acrBp,0.02564102564102564,38,38,GGGCTATTTCTAAGCTGGCT,0,381668
acrBp,0.02564102564102564,38,38,GACTCCATTGTAAACTTCGT,0,374671
acrBp,0.02564102564102564,38,38,GACAAGAGCCTTTGCGGTTA,0,358592
acrBp,0.02564102564102564,38,38,CTTTGTCCAGCCCCCGTCGT,0,380368
acrBp,0.02564102564102564,38,38,CTCTATAGTACCTGGGGCAA,0,389867
acrBp,0.02564102564102564,38,38,CTAAAGCTTTCCCTCAGACG,0,390157
acrBp,0.02564102564102564,38,38,CGTCCGTTGGCAGGATTGGT,0,386616
acrBp,0.02564102564102564,38,38,CCCTAGGACAGGGTGATGCT,0,355537
acrBp,0.02564102564102564,38,38,CACCGGCTCTACCCCGTAAG,0,402797
acrBp,0.02564102564102564,38,38,CAATGGATGCTGATGACCAT,0,391518
acrBp,0.02564102564102564,38,38,ATGTGTCGTCCTTTCCTTTC,0,356226
acrBp,0.02564102564102564,38,38,ATGCTCGCGAGGACTAGCTA,0,364309
acrBp,0.02564102564102564,38,38,ATCACAGATGGTTGCCCACT,0,358373
acrBp,0.02564102564102564,38,38,AGTCGGCGAGAGTTCCGGTG,0,372332
acrBp,0.02564102564102564,38,38,AGTCCTGTCAGTAAGCTTCG,0,370416
acrBp,0.02564102564102564,38,38,AGGTAGTATCATCGATGTCT,0,366101
acrBp,0.02564102564102564,38,38,AGCTAACCGGGCTAACTATT,0,407758
acrBp,0.02564102564102564,38,38,AGATATTGTAGAGAACCCAA,0,366824
acrBp,0.02564102564102564,38,38,ACTCATGACTTTAATCAATC,0,358704
acrBp,0.02564102564102564,38,38,ACTCAAAACCGGGACATATG,0,381441
acrBp,0.02564102564102564,38,38,ACGTTACCAGGAAATATGGT,0,362890
acrBp,0.02564102564102564,38,38,ACACCGGAAGCGTTCTTGGC,0,402499
acrBp,0.02564102564102564,38,38,ACACATATGTAATACGCCGA,0,407056
acrBp,0.02564102564102564,38,38,AATTTCGATTATGTAGGGGC,0,398311
acrBp,0.02564102564102564,38,38,AATTGCCGTATTAGCGGCGA,0,372130
acrBp,0.02564102564102564,38,38,AATAGATTATGTTTATGCGA,0,401119
acrBp,0.02564102564102564,38,38,AACCGCGGCATGCAGTGCTT,0,386989
acrBp,0.02564102564102564,38,38,AAATAGGAAGCGTGCAACGA,0,368459
acrBp,0.02564102564102564,38,38,AAAACCAGGAACGTTTCGGA,0,369146
acrBp,0.02631578947368421,37,37,TTTTGCTAGCAAGCTATGCG,0,390664
acrBp,0.02631578947368421,37,37,TTTTAGGCCGATAGCAGTAG,0,355998
acrBp,0.02631578947368421,37,37,TTGCAATAGAAAGACCGGCG,0,380464
acrBp,0.02631578947368421,37,37,TGTCAATAATCGTTGGTTAC,0,394123
acrBp,0.02631578947368421,37,37,TGGCCGGGTTTGGCATCCGA,0,408041
acrBp,0.02631578947368421,37,37,TCTGTACACGCAACCACGGT,0,396997
acrBp,0.02631578947368421,37,37,TATGCTTTTCCACTAATAAA,0,376368
acrBp,0.02631578947368421,37,37,TAGATAATTCGGCAACAGGG,0,387932
acrBp,0.02631578947368421,37,37,TACTATAATGAGAAAAATCT,0,366868
acrBp,0.02631578947368421,37,37,GGATTGTGGCGCCTTCGTTT,0,382415
acrBp,0.02631578947368421,37,37,GCTAATGCAGTCTTAAGCAT,0,377454
acrBp,0.02631578947368421,37,37,GCGCTCCCGGGAAACCTAAC,0,400285
acrBp,0.02631578947368421,37,37,GAACCAATTCTAGCCGGTCG,0,365023
acrBp,0.02631578947368421,37,37,CGCTGCTGTCTTATCGCGCC,0,405883
acrBp,0.02631578947368421,37,37,CCTATAATCATCTTGCACAG,0,406016
acrBp,0.02631578947368421,37,37,CCGTGCTAGCCTAACGTGAG,0,404621
acrBp,0.02631578947368421,37,37,CCGCCGCCGAAAGACCGTAG,0,374672
acrBp,0.02631578947368421,37,37,CACGCCTCATCGATAACCTT,0,369178
acrBp,0.02631578947368421,37,37,ATGCGAAGTGATCTTAAAGG,0,381191
acrBp,0.02631578947368421,37,37,ATCTCTAAGTTCCCACAACT,0,359773
acrBp,0.02631578947368421,37,37,AGTGGTTTACGGGTTCTCTT,0,378366
acrBp,0.02631578947368421,37,37,AGGCTACCTGATTAAACAGA,0,390177
acrBp,0.02631578947368421,37,37,AGCCGGTCTCCTGACGCCTC,0,380901
acrBp,0.02631578947368421,37,37,AGACCGGAATTGGACACCTT,0,380211
acrBp,0.02631578947368421,37,37,AACCGTAACTGCCGACGGCT,0,367469
acrBp,0.02631578947368421,37,37,AAAACGATTTGAGCCACATA,0,356498
acrBp,0.02702702702702703,36,36,TTTCGGCCCGCCATCACTCC,0,355454
acrBp,0.02702702702702703,36,36,TTTAAGTGCAGATGCTCAAA,0,373480
acrBp,0.02702702702702703,36,36,TGTCGCGTAGGTGGCACTTT,0,395978
acrBp,0.02702702702702703,36,36,TGGGCGAGGAGGGGAACATA,0,356195
acrBp,0.02702702702702703,36,36,TGCGGCAGCACTACGGAGGA,0,365977
acrBp,0.02702702702702703,36,36,TCTTCAGCCCAGCCCACAGA,0,358177
acrBp,0.02702702702702703,36,36,TCTAGTGGTTGGCAAACTGT,0,380832
acrBp,0.02702702702702703,36,36,TAACACTTGCACGTCGCCGG,0,391343
acrBp,0.02702702702702703,36,36,GGGTGGCTCCATGGATCGTA,0,380713
acrBp,0.02702702702702703,36,36,GGCGTGCGGGTTTATCCGTA,0,390982
acrBp,0.02702702702702703,36,36,GGATGTTTAACGTTGCAATT,0,401848
acrBp,0.02702702702702703,36,36,GCGGCGTCTGTATAGGTACT,0,393840
acrBp,0.02702702702702703,36,36,GCCTGTGATACGGGGGAATA,0,399647
acrBp,0.02702702702702703,36,36,GATGCATAACTAAATAGATG,0,368464
acrBp,0.02702702702702703,36,36,GAGTTCGATGGGGTGGGTAC,0,363526
acrBp,0.02702702702702703,36,36,GAGGATGGTCATTCGTGCTA,0,356106
acrBp,0.02702702702702703,36,36,GAGACCCCGATGGGGTCCAA,0,377980
acrBp,0.02702702702702703,36,36,GACGGTAATCGCCGCCGATA,0,376703
acrBp,0.02702702702702703,36,36,GAAGTAACTGTTGGGAGATC,0,358551
acrBp,0.02702702702702703,36,36,CTCCATCGTCTAAGCGTCTG,0,379092
acrBp,0.02702702702702703,36,36,CGTTCTACAACCAGCGTAGT,0,400577
acrBp,0.02702702702702703,36,36,CGGGGATCCACCACTGCAAT,0,403250
acrBp,0.02702702702702703,36,36,CGAGGTCGCTGGTTCTCAGT,0,362342
acrBp,0.02702702702702703,36,36,CCTTAGTGACAACAGGATGT,0,360007
acrBp,0.02702702702702703,36,36,CCTCTCTCGTAAGTGGTTGT,0,365750
acrBp,0.02702702702702703,36,36,CCCCCTGCCTTCCTGCGCGA,0,387677
acrBp,0.02702702702702703,36,36,CCCAGGTGATCTTTCCCGTC,0,400319
acrBp,0.02702702702702703,36,36,CCAGTAATAGGCCGGTAGTT,0,361297
acrBp,0.02702702702702703,36,36,CCACTCTCTTAAGTACTTGA,0,365725
acrBp,0.02702702702702703,36,36,CCAAGATGGCGCCAATACCA,0,394870
acrBp,0.02702702702702703,36,36,CATATGGGTCGTATTTCTGG,0,360328
acrBp,0.02702702702702703,36,36,CAGTTGCCGGGCTCCGGAAC,0,381602
acrBp,0.02702702702702703,36,36,CACCTAGGGGCTCGGCGCTT,0,372057
acrBp,0.02702702702702703,36,36,ATCTCGAATACGGGGGGAGT,0,359522
acrBp,0.02702702702702703,36,36,AGGGGATTAAATTAATAGTA,0,392863
acrBp,0.02702702702702703,36,36,AGGATCCACGGAGCATTACG,0,395220
acrBp,0.02702702702702703,36,36,AGCAACACTATAACTGAGAA,0,388405
acrBp,0.02702702702702703,36,36,ACTTGATGTTGAAAGGCATC,0,392345
acrBp,0.02702702702702703,36,36,ACCTCAGTTAACGCGTCCCG,0,371503
acrBp,0.02702702702702703,36,36,ACCGAGCGCAGGCATACTAC,0,372345
acrBp,0.02702702702702703,36,36,AATTTCATATTCATACATTC,0,383396
acrBp,0.02702702702702703,36,36,AATCCTGGCTAGGGTAAAAA,0,360741
acrBp,0.02702702702702703,36,36,AATACGGTGTGTACACCTGG,0,399029
acrBp,0.02702702702702703,36,36,AATACGGAAGCCCGCCGTTG,0,358911
acrBp,0.02702702702702703,36,36,AACGCAACGGCCGGAGTCTA,0,359766
acrBp,0.027777777777777776,35,35,TTTTTGACGCATACCACCAA,0,400477
acrBp,0.027777777777777776,35,35,TTGGGACCAAGGGATCCGAG,0,384635
acrBp,0.027777777777777776,35,35,TTCATGAAGCCTGGTTATCA,0,395914
acrBp,0.027777777777777776,35,35,TGTAGTGCAGTTAGGACGTT,0,370421
acrBp,0.027777777777777776,35,35,TGGTTTTCTTTGGCTTTGAG,0,383651
acrBp,0.027777777777777776,35,35,TGGGAGGATTTAGTCGTTGT,0,381444
acrBp,0.027777777777777776,35,35,TGGCGACCTCCCGCCAGGAA,0,362990
acrBp,0.027777777777777776,35,35,TGCGTAGATGCAGTGACGCT,0,357780
acrBp,0.027777777777777776,35,35,TGACCTTGCTGGAGTGGAAA,0,374899
acrBp,0.027777777777777776,35,35,TGAAGCCGAATCCGAGATAA,0,362613
acrBp,0.027777777777777776,35,35,TCTTATGTTTAGAGCAAGTC,0,356737
acrBp,0.027777777777777776,35,35,TCCACCCATTTTGAAAAAAG,0,366156
acrBp,0.027777777777777776,35,35,GTTTCGGCGGATACTATTAA,0,365462
acrBp,0.027777777777777776,35,35,GTTCCTCAGAGGTGTAATTA,0,404872
acrBp,0.027777777777777776,35,35,GTCTTGCTGGCAAAAAGCGC,0,380796
acrBp,0.027777777777777776,35,35,GTACATAATAGTGGCAGTTG,0,355134
acrBp,0.027777777777777776,35,35,GTAATGTCAAACTTGTCCCA,0,394791
acrBp,0.027777777777777776,35,35,GGGTACAGGGTACCGCACAG,0,369109
acrBp,0.027777777777777776,35,35,GGACTTCCATGGAGTGGATG,0,360047
acrBp,0.027777777777777776,35,35,GCGGCAAACTTCTCTATATG,0,405909
acrBp,0.027777777777777776,35,35,GCCGATAGGAAAGTATAGTC,0,385468
acrBp,0.027777777777777776,35,35,GCCGATAACTCTAACGTTCT,0,404144
acrBp,0.027777777777777776,35,35,GCAGAAGGGCTTATTGGCAA,0,357721
acrBp,0.027777777777777776,35,35,GAGAGCACAAGGGATAGCAA,0,368460
acrBp,0.027777777777777776,35,35,GAATCGGTAGGTAAGGCGTC,0,361120
acrBp,0.027777777777777776,35,35,CTGGCCACAAACATCCCTCA,0,405278
acrBp,0.027777777777777776,35,35,CTCCCAGAATTAGCTCACGT,0,360100
acrBp,0.027777777777777776,35,35,CTACAGGGTGGAAATTACTA,0,386522
acrBp,0.027777777777777776,35,35,CGTTCACTGAAGTGGGAATA,0,371815
acrBp,0.027777777777777776,35,35,CGCCAGGAAACATTACAGCG,0,357205
acrBp,0.027777777777777776,35,35,CCTCACAGTCAACTGTCGCG,0,368318
acrBp,0.027777777777777776,35,35,CCTAACAAGGTGTAGGTTGC,0,370162
acrBp,0.027777777777777776,35,35,CAGGGTCTGAATCATAGCAG,0,365596
acrBp,0.027777777777777776,35,35,CACTGACCCATAAGTGCGGT,0,376973
acrBp,0.027777777777777776,35,35,CAATGCTGGGTATCTATGCA,0,385812
acrBp,0.027777777777777776,35,35,CAACGTACATCAGGGTAGAG,0,404083
acrBp,0.027777777777777776,35,35,ATGTGCAATTTAACGGCAGA,0,374131
acrBp,0.027777777777777776,35,35,AGGGACGAGGCTGCGTGTAC,0,385491
acrBp,0.027777777777777776,35,35,AGGAACCCGGTTCTGCGGAG,0,387770
acrBp,0.027777777777777776,35,35,AGCCACAGAGACGGTGAACA,0,387971
acrBp,0.027777777777777776,35,35,AGAATCTCGAAACTGAGGCA,0,369410
acrBp,0.027777777777777776,35,35,ACTGCAAAAGATCAACGATA,0,399982
acrBp,0.027777777777777776,35,35,ACAGCGGACGGGCATCTTAG,0,390955
acrBp,0.027777777777777776,35,35,AAGGTTTGTGGGGCATACAT,0,380826
acrBp,0.027777777777777776,35,35,AAGGCTTCCTTTACACGGCT,0,368966
acrBp,0.027777777777777776,35,35,AAGCCTAAACTCCCCTGCGT,0,402844
acrBp,0.027777777777777776,35,35,AAATTCTCGCCTCCATGACA,0,376371
acrBp,0.02857142857142857,34,34,TTGACTAGGCGGGACATGTA,0,372350
acrBp,0.02857142857142857,34,34,TTATGAAAGCACAGCCAACT,0,358580
acrBp,0.02857142857142857,34,34,TGTCCGTTTGAATAGGGTTG,0,398938
acrBp,0.02857142857142857,34,34,TGGCCGACACATAAAGCGGC,0,359884
acrBp,0.02857142857142857,34,34,TCGTTGGTTGTAGGCTCCGT,0,395866
acrBp,0.02857142857142857,34,34,TCGGCATTCCACCAGGACGC,0,393798
acrBp,0.02857142857142857,34,34,TCCACTCCCTCTATCAGCCA,0,399017
acrBp,0.02857142857142857,34,34,TCAGCTTGGAAACCCGACGA,0,358022
acrBp,0.02857142857142857,34,34,GGTAATATTAGGAAGGGCTG,0,401462
acrBp,0.02857142857142857,34,34,GGGTCGGCAGTATTCTATGA,0,396674
acrBp,0.02857142857142857,34,34,GCCCATCTGGCGTATCACCT,0,393707
acrBp,0.02857142857142857,34,34,GATCCAGCGGAGTCGGATCA,0,376453
acrBp,0.02857142857142857,34,34,GATATGACATATACTCGCAA,0,394889
acrBp,0.02857142857142857,34,34,CTATATATGAATGGTAGGAG,0,407042
acrBp,0.02857142857142857,34,34,CTACGGCGACAGTAGCCGCT,0,397017
acrBp,0.02857142857142857,34,34,CCTTAGGTATAGACCCCATG,0,369230
acrBp,0.02857142857142857,34,34,CCTGAGGGTAGTAATTTCAT,0,397659
acrBp,0.02857142857142857,34,34,CCTAGTATTAATTGGTTCGC,0,371127
acrBp,0.02857142857142857,34,34,CCGTGGAGAACGTACCATAA,0,360048
acrBp,0.02857142857142857,34,34,CCCGAGTATTCTCCTATGTG,0,356777
acrBp,0.02857142857142857,34,34,CAGGGTGCCGTGAAGTTCAA,0,358812
acrBp,0.02857142857142857,34,34,CAGCGCCATATGACCCGGTA,0,361608
acrBp,0.02857142857142857,34,34,ATTCGTCCCAGGCGTGTCAT,0,392106
acrBp,0.02857142857142857,34,34,ATCAGCGAGTCAATTATTCA,0,376234
acrBp,0.02857142857142857,34,34,ATACATGCGTATTGGCGGGA,0,393379
acrBp,0.02857142857142857,34,34,ATAAGCATCAGCTGCCTAAG,0,382423
acrBp,0.02857142857142857,34,34,AGTTTGCTAGTCGCTATAAG,0,381046
acrBp,0.02857142857142857,34,34,AGCGTCCCGTGGTCTTGTTT,0,358479
acrBp,0.02857142857142857,34,34,AGAGTGGATTTTCTTAACAT,0,382528
acrBp,0.02857142857142857,34,34,AGAACTCAAGCAGCTTTTTC,0,383663
acrBp,0.02857142857142857,34,34,ACGAAAAGGGAAGACATTTG,0,386143
acrBp,0.02857142857142857,34,34,ACCGAGGTCGTCGCTACGAC,0,358105
acrBp,0.02857142857142857,34,34,AATTTGTCTGCAGCGTATTA,0,362894
acrBp,0.02857142857142857,34,34,AAGAGGCTAGAGTCGGAATT,0,399173
acrBp,0.02857142857142857,34,34,AACCTAGCACCATGAGCCCT,0,363325
acrBp,0.02857142857142857,34,34,AAAGCGTATTAAACCAGGCG,0,398762
acrBp,0.02857142857142857,34,34,AAAGCATTAAGTCCTTTTGA,0,364461
acrBp,0.029411764705882353,33,33,TTTTTAACCTGTTCTCCATT,0,396591
acrBp,0.029411764705882353,33,33,TTTAAAGTAGTGGTTTGAGA,0,360963
acrBp,0.029411764705882353,33,33,TGTATGATAACTGGCGATTA,0,367550
acrBp,0.029411764705882353,33,33,TGGTGTATCTAGGCGATTAT,0,405087
acrBp,0.029411764705882353,33,33,TGGACGCTCCCGGGATGGCG,0,357207
acrBp,0.029411764705882353,33,33,TGCTTTTTTGGCTTAAATCT,0,380102
acrBp,0.029411764705882353,33,33,TGCCTTCGCGAATGTCACTG,0,377866
acrBp,0.029411764705882353,33,33,TCGTCACCGGGTGCCTTGAC,0,372066
acrBp,0.029411764705882353,33,33,TCGGAGCTTAAGAAGGTAGT,0,379391
acrBp,0.029411764705882353,33,33,TCATGCTTTGCACCGTTAAT,0,386686
acrBp,0.029411764705882353,33,33,TATGCCGTTATCACCATGTT,0,383417
acrBp,0.029411764705882353,33,33,TATCACTACACCTGTGGTAT,0,396013
acrBp,0.029411764705882353,33,33,TATAGTTGTTTTATAGTCCC,0,379748
acrBp,0.029411764705882353,33,33,GGTTTGAATGCCTGGCGAGT,0,388875
acrBp,0.029411764705882353,33,33,GGGTGGTTCGCTGGTCTCTC,0,394906
acrBp,0.029411764705882353,33,33,GGCGTTGCCAGCTCCTATGA,0,359258
acrBp,0.029411764705882353,33,33,GGCCGTTTAGGCGCGGGCGA,0,391155
acrBp,0.029411764705882353,33,33,GGATCTGCATCCTGTTCGCA,0,394951
acrBp,0.029411764705882353,33,33,GCGAGTAGTCTACTCTGCAT,0,384491
acrBp,0.029411764705882353,33,33,GCCGTGTAGCGACTCCCATG,0,373525
acrBp,0.029411764705882353,33,33,GCCGAAAATCGATATGCACT,0,389297
acrBp,0.029411764705882353,33,33,GCCCTGGGCTACACCTCGTA,0,374153
acrBp,0.029411764705882353,33,33,GCCAACCTCGAGGCGCCGAC,0,382322
acrBp,0.029411764705882353,33,33,GATCAACTGAGCTTAGACAC,0,363212
acrBp,0.029411764705882353,33,33,GAGTGCCTAGGCACAGCCTA,0,392689
acrBp,0.029411764705882353,33,33,GAGACCGCTTCACGCATGGT,0,398132
acrBp,0.029411764705882353,33,33,GACACAGGATTGTTCAAGCG,0,390886
acrBp,0.029411764705882353,33,33,GAATACTGACATCCGGCGTT,0,388421
acrBp,0.029411764705882353,33,33,GAACGATGGGTACCTGCTAA,0,386647
acrBp,0.029411764705882353,33,33,CGTTATCGGGTCGGATATAC,0,394639
acrBp,0.029411764705882353,33,33,CGGAGAGGCCGTACTGGTAT,0,393806
acrBp,0.029411764705882353,33,33,CGCGACTTGGACGAGGGACT,0,393792
acrBp,0.029411764705882353,33,33,CGCCCCATATAAACGCAAAG,0,380316
acrBp,0.029411764705882353,33,33,CGACTCTTCAGTGTGCTCTT,0,391223
acrBp,0.029411764705882353,33,33,CGAATTGATACTGCACCTCA,0,364691
acrBp,0.029411764705882353,33,33,CCTCTTATGATAAACCTGTG,0,396783
acrBp,0.029411764705882353,33,33,CCTCAGCACAAGGTTTGAGA,0,379119
acrBp,0.029411764705882353,33,33,CCTACTTCCCGTCACCCGGC,0,383389
acrBp,0.029411764705882353,33,33,CCCTATCGTGGCGGTGCGAA,0,367106
acrBp,0.029411764705882353,33,33,CCCTAGGCATATACTAAGGT,0,360678
acrBp,0.029411764705882353,33,33,CAGGTCTAATCCACCGATTG,0,377088
acrBp,0.029411764705882353,33,33,CAGCTAGCAAGCCCCTCCTG,0,381305
acrBp,0.029411764705882353,33,33,ATTTTGACCGGGTTGTCCTT,0,359453
acrBp,0.029411764705882353,33,33,ATGACCAGTGCTCGGCGTCT,0,372302
acrBp,0.029411764705882353,33,33,ATCGTCGCACTTTTCGTTAC,0,358107
acrBp,0.029411764705882353,33,33,ATCGAATGGCATGTGATCAG,0,391341
acrBp,0.029411764705882353,33,33,AGTCTGACTTACTGCATACA,0,379506
acrBp,0.029411764705882353,33,33,AGGGGCCGTACTATAGAAGT,0,392238
acrBp,0.029411764705882353,33,33,AGGATGATTCATATAGTGTA,0,391549
acrBp,0.029411764705882353,33,33,ACTGTTATCATCGATCCTTG,0,388367
acrBp,0.029411764705882353,33,33,ACTGATAAATGAGTCCGCGA,0,372515
acrBp,0.029411764705882353,33,33,ACGGAAATTGGGTATGATTT,0,360269
acrBp,0.029411764705882353,33,33,ACCCGATTGTACCAGTCGAT,0,369098
acrBp,0.029411764705882353,33,33,AAGATTATCACATGTCTTAA,0,374594
acrBp,0.029411764705882353,33,33,AAGACTGATGAGCATGCATG,0,375411
acrBp,0.029411764705882353,33,33,AACCTGTCACTTCAACTCGT,0,407647
acrBp,0.029411764705882353,33,33,AACATTGGGAAGCACCGCAG,0,383344
acrBp,0.029411764705882353,33,33,AAATTCTCTCCTCGCGGGAA,0,371441
acrBp,0.029411764705882353,33,33,AAACCAGTTGATTTGGTTCA,0,400051
acrBp,0.030303030303030304,32,32,TTTGGCCTCTTGGTCCATGG,0,355196
acrBp,0.030303030303030304,32,32,TTTAATAGATCCCGTGCGGA,0,358946
acrBp,0.030303030303030304,32,32,TTGGTCCTGATAACTGGGCT,0,370039
acrBp,0.030303030303030304,32,32,TTCATGGCCAGTGATTCAAA,0,405959
acrBp,0.030303030303030304,32,32,TGTCCATTGGCAAGGCCCAG,0,374149
acrBp,0.030303030303030304,32,32,TGGGTTGTAGTGGCCTTAAT,0,404516
acrBp,0.030303030303030304,32,32,TCCACTCATACCGCAACCTC,0,371003
acrBp,0.030303030303030304,32,32,TCAGCAGTTCCTGCTTCGCG,0,371950
acrBp,0.030303030303030304,32,32,TCACACAAAGACTGCGGTCT,0,405804
acrBp,0.030303030303030304,32,32,TATGCTTGGCACCGTCAGGT,0,358556
acrBp,0.030303030303030304,32,32,TATCCTCTGCAGGCCGAGGA,0,393581
acrBp,0.030303030303030304,32,32,TAGACAATTCTATTGCTATC,0,380784
acrBp,0.030303030303030304,32,32,TACTTTACCTGCTAGACTAA,0,373795
acrBp,0.030303030303030304,32,32,TACTGTGTTTAATGCAGTAG,0,397484
acrBp,0.030303030303030304,32,32,GTGCTTCCACGTCTTGCATT,0,391756
acrBp,0.030303030303030304,32,32,GTCGGGGTTTCGATATTTTT,0,400704
acrBp,0.030303030303030304,32,32,GTCCGCAGCAATTCTTCTGC,0,366590
acrBp,0.030303030303030304,32,32,GTCATCAGAACAATTCGCAG,0,363235
acrBp,0.030303030303030304,32,32,GTAACCTATGAGCCGATGGG,0,380158
acrBp,0.030303030303030304,32,32,GGTGTGGTCATTCATCGTGA,0,384433
acrBp,0.030303030303030304,32,32,GGTAGGTATTGTGCGGGGTA,0,403495
acrBp,0.030303030303030304,32,32,GGTAGAAGAAAAGTTGGCGA,0,376329
acrBp,0.030303030303030304,32,32,GGGAAGTGTTGTGGCTCGTG,0,378696
acrBp,0.030303030303030304,32,32,GGCCGGATGCCTTAGGCGAC,0,361121
acrBp,0.030303030303030304,32,32,GCTCTTTTAGCTCGTCCCCG,0,355323
acrBp,0.030303030303030304,32,32,GCGTATCCGAGACGAAGCGG,0,395789
acrBp,0.030303030303030304,32,32,GATCTCTTAACAGATGCATT,0,370666
acrBp,0.030303030303030304,32,32,GAGTCCTCATGGAGTAGAGT,0,398771
acrBp,0.030303030303030304,32,32,GAGGAGTATGGTGGGAGCCC,0,385493
acrBp,0.030303030303030304,32,32,GAAGCTGAAGCGGACTCGAC,0,355690
acrBp,0.030303030303030304,32,32,CTGGCTTGTATAGCCTATTT,0,375268
acrBp,0.030303030303030304,32,32,CTGAATGTTATGACCTTTAC,0,356689
acrBp,0.030303030303030304,32,32,CGTCAGGACACAACCATGAC,0,357085
acrBp,0.030303030303030304,32,32,CGATTCACGGGTACGGGTTA,0,386178
acrBp,0.030303030303030304,32,32,CCTAATGTAGCAGCGTACAA,0,407052
acrBp,0.030303030303030304,32,32,CCGTAAGGGTATTTCTCTTC,0,374544
acrBp,0.030303030303030304,32,32,CCGGCCTTAGGTAGCCACAG,0,379433
acrBp,0.030303030303030304,32,32,CCAGGGTCCTATTCCCTACA,0,360037
acrBp,0.030303030303030304,32,32,CCAAACACGTGTGAGATGCA,0,360561
acrBp,0.030303030303030304,32,32,CAGATTAGAACAAGCAGAAT,0,376893
acrBp,0.030303030303030304,32,32,CACCTCTGAAGCTCACATCA,0,406527
acrBp,0.030303030303030304,32,32,CACAGTGGTATTCGACCCAT,0,356038
acrBp,0.030303030303030304,32,32,CAATATGGGATAAGTTCGCG,0,368751
acrBp,0.030303030303030304,32,32,CAAGAGGGCACTAGCTACGA,0,388446
acrBp,0.030303030303030304,32,32,ATGGCCGGTCTGGAGCGTAG,0,379452
acrBp,0.030303030303030304,32,32,ATCGCAGAACTTCACAACTG,0,379575
acrBp,0.030303030303030304,32,32,ATCAATTCGGCAGGCCGAAT,0,357932
acrBp,0.030303030303030304,32,32,ATACGACGAAAGAGACACGA,0,369415
acrBp,0.030303030303030304,32,32,ATACCAGAGGCTCCAGGTCA,0,404870
acrBp,0.030303030303030304,32,32,AGTGGCCATTATCCGGGGGT,0,394540
acrBp,0.030303030303030304,32,32,AGGATTCGTCGCGTACACAA,0,355117
acrBp,0.030303030303030304,32,32,AGCTCGTTTGACCCGCTTTT,0,383101
acrBp,0.030303030303030304,32,32,AGCGTCACGTACAGAGAATA,0,406892
acrBp,0.030303030303030304,32,32,ACTCGTTACGGTGCTTGTAT,0,404700
acrBp,0.030303030303030304,32,32,ACGTCAACCGTTATAGGTAG,0,370271
acrBp,0.030303030303030304,32,32,ACCTAGTGGTAAAGCCAAAT,0,380624
acrBp,0.030303030303030304,32,32,ACCGATATCGACTCCGGCGT,0,385314
acrBp,0.030303030303030304,32,32,AATTGGCCTGGTGTCCCTTA,0,381886
acrBp,0.030303030303030304,32,32,AATTGAGCGGATAAGTGGGA,0,391590
acrBp,0.030303030303030304,32,32,AAGAGCGTGCTTGCCCCGAG,0,367196
acrBp,0.030303030303030304,32,32,AACCCGACTCGGAGTTCTCC,0,359281
acrBp,0.03125,31,31,TTTTGAGATGCCACGCACCA,0,372338
acrBp,0.03125,31,31,TTGAGTCTCTGGACGGACGC,0,395454
acrBp,0.03125,31,31,TCCGACATGACTAGGGCACT,0,399256
acrBp,0.03125,31,31,TCCAATAGCACCTACGCTCT,0,357222
acrBp,0.03125,31,31,TCAAGTCATAAGTAAAGGAT,0,360098
acrBp,0.03125,31,31,TATGTCTCAAGAGATAGTAT,0,393114
acrBp,0.03125,31,31,TAGAGCTAGAAGGGCGTCAA,0,407568
acrBp,0.03125,31,31,TAACTTTGACCCTGTCTTCA,0,365813
acrBp,0.03125,31,31,GTGTTGGATTATCGCTCATG,0,383388
acrBp,0.03125,31,31,GTGGTTTAGTCTTTGTCCCC,0,389561
acrBp,0.03125,31,31,GTGGGGAGGCCCTGAGGTCA,0,378681
acrBp,0.03125,31,31,GTAATGGGTTCATCAATTAT,0,364970
acrBp,0.03125,31,31,GGTTGCGCGGAATAGTTCAA,0,392760
acrBp,0.03125,31,31,GGTCATGTTGGAGGGAAAGT,0,405042
acrBp,0.03125,31,31,GGGTCATTGCCCATATATTG,0,363951
acrBp,0.03125,31,31,GGCGCGTATCGATGTGCCCA,0,403793
acrBp,0.03125,31,31,GGATTGCATGGTTTGATCGG,0,357906
acrBp,0.03125,31,31,GCTAAAGAAACGACGGGTTG,0,362438
acrBp,0.03125,31,31,GCATGTTCGAACGATGGAGA,0,405778
acrBp,0.03125,31,31,GCAGCTCACTCCCACGGTGA,0,377789
acrBp,0.03125,31,31,GACGACTGCTTGGCTTCCTA,0,394586
acrBp,0.03125,31,31,CTTACCGTAACCCTCTAATT,0,388243
acrBp,0.03125,31,31,CTCTCATTCTCGAATTACGT,0,393714
acrBp,0.03125,31,31,CTAAACGTGCTAAGTTAGAA,0,398102
acrBp,0.03125,31,31,CGTTGAAGGTTTGTACCAAA,0,393755
acrBp,0.03125,31,31,CGGCCGGCGAAGTAGGGATT,0,374175
acrBp,0.03125,31,31,CGCCTTAATTTGTGTCCGTC,0,386831
acrBp,0.03125,31,31,CCCTAGAGTAAGGGTTGTAG,0,366617
acrBp,0.03125,31,31,CCCCGACATTTATTGATAGC,0,377286
acrBp,0.03125,31,31,CCACCCCCTACCGTAAAGGT,0,387824
acrBp,0.03125,31,31,CAGTGGCGACTGGCATGTAT,0,395888
acrBp,0.03125,31,31,CAAGACATTTACAACCGCTA,0,397901
acrBp,0.03125,31,31,CAAACGCAATGCGCACACTA,0,377618
acrBp,0.03125,31,31,ATTTGCCGCACAACGATCTC,0,371011
acrBp,0.03125,31,31,ATTGGTTCACACTCCGAGTC,0,363056
acrBp,0.03125,31,31,ATCTGTGCTTGTCATGTCAC,0,374334
acrBp,0.03125,31,31,ATCCCTGATGCGGTTGGGTA,0,367166
acrBp,0.03125,31,31,ATACTAAGAGGCAGAAGGAA,0,401473
acrBp,0.03125,31,31,AGTTTGAAGAGAAATGGGAT,0,368214
acrBp,0.03125,31,31,AGTGATCTAACTAGGTCCAA,0,359143
acrBp,0.03125,31,31,AGGCTCGCTCCTGGATCAGG,0,388782
acrBp,0.03125,31,31,ACATCGGTGGTGCTAATTCA,0,367139
acrBp,0.03125,31,31,AATGGGGGCCGTCATTTTCG,0,368526
acrBp,0.03125,31,31,AATCTTGCCACACCTGCTGT,0,382705
acrBp,0.03125,31,31,AATACGAAGCGAAATTGCAT,0,405501
acrBp,0.03225806451612903,30,30,TTTCCGCACTTAGGAATCCG,0,403394
acrBp,0.03225806451612903,30,30,TTTATTACACTACCGCACGC,0,389805
acrBp,0.03225806451612903,30,30,TTGGGCATAACAAAGGTGCA,0,398116
acrBp,0.03225806451612903,30,30,TTGATTTTTCTGCGACATTC,0,405188
acrBp,0.03225806451612903,30,30,TTCCAAAAAGAGCCGACAAC,0,356891
acrBp,0.03225806451612903,30,30,TTATAGCTTGAAGGGGCATG,0,369486
acrBp,0.03225806451612903,30,30,TTAGGCAGTGCTCGCCTCTC,0,361039
acrBp,0.03225806451612903,30,30,TGTCTAGACTTGTAAGCGGC,0,392485
acrBp,0.03225806451612903,30,30,TGGGGTTCTGGGATACGCAT,0,390599
acrBp,0.03225806451612903,30,30,TGCTGTACGACCTTGAGCAT,0,375941
acrBp,0.03225806451612903,30,30,TGCCAACGGCAACACGTATA,0,370590
acrBp,0.03225806451612903,30,30,TGAGCCAGCACTATCCGTTA,0,406254
acrBp,0.03225806451612903,30,30,TCTGAGCCGCAGCAGCCAAA,0,362359
acrBp,0.03225806451612903,30,30,TCACGCGCCGGGCCTTTTAT,0,372982
acrBp,0.03225806451612903,30,30,TCACCGGTGCAATAGTCTCA,0,371056
acrBp,0.03225806451612903,30,30,TATTACCCTATTCACTGGAT,0,385525
acrBp,0.03225806451612903,30,30,TATACATCCCACTGCGACAC,0,359638
acrBp,0.03225806451612903,30,30,TACGCTAGTTAGTCCAATTA,0,390911
acrBp,0.03225806451612903,30,30,TAAAGGCGCCCCAGATCAGG,0,355243
acrBp,0.03225806451612903,30,30,GTTTGAGCGGGAGTTTCGGT,0,386893
acrBp,0.03225806451612903,30,30,GTGAACCTGCACGTGAGCGT,0,387636
acrBp,0.03225806451612903,30,30,GTCGCGGGTCTCTTACGTAC,0,359628
acrBp,0.03225806451612903,30,30,GTAATGACGTTGCGAGCCGA,0,377100
acrBp,0.03225806451612903,30,30,GGTAATTATTTACGACGCGT,0,374359
acrBp,0.03225806451612903,30,30,GGGCTATGGTACCCTGTCGA,0,379482
acrBp,0.03225806451612903,30,30,GGCTAACAGCGTCGAGATAT,0,403937
acrBp,0.03225806451612903,30,30,GGATGTTATAAACTTAGAGT,0,370435
acrBp,0.03225806451612903,30,30,GGAGGGGCATGCGTTATAGC,0,371227
acrBp,0.03225806451612903,30,30,GGACGGAGACACTGCAGGCC,0,365749
acrBp,0.03225806451612903,30,30,GGAAGACGAGTCGTGCTTTA,0,360679
acrBp,0.03225806451612903,30,30,GCTAGGACGATACTGCCAGT,0,365702
acrBp,0.03225806451612903,30,30,GCAGAAATCACTACCCGTAT,0,371526
acrBp,0.03225806451612903,30,30,GCACGCGTGGGCTGTGGTGA,0,394033
acrBp,0.03225806451612903,30,30,GATTAGGGGACTCCACCTAT,0,361742
acrBp,0.03225806451612903,30,30,GATGGCTAAGTCGGATGAGA,0,403858
acrBp,0.03225806451612903,30,30,GAGTGATCAAATCGGTGATC,0,391743
acrBp,0.03225806451612903,30,30,GAGTCGAGGGCTATGAGCTA,0,369056
acrBp,0.03225806451612903,30,30,GAGGTTCAGCCGTGATTTCG,0,402740
acrBp,0.03225806451612903,30,30,GAGAACCGAAATCGTAGCCG,0,389682
acrBp,0.03225806451612903,30,30,GACCGTGGCCAGTCCTGCCC,0,370264
acrBp,0.03225806451612903,30,30,GACATGGGTAACGTAAACGT,0,398048
acrBp,0.03225806451612903,30,30,GAATTGCGGCATCATGAGTT,0,387891
acrBp,0.03225806451612903,30,30,GAATCGCAGCGATTGTTGCA,0,379068
acrBp,0.03225806451612903,30,30,GAAGTGGTCTAGCAGCGAGC,0,381761
acrBp,0.03225806451612903,30,30,GAAGGCACATCATGAGGTCT,0,358630
acrBp,0.03225806451612903,30,30,CTTTGCTATGTCCCTCGAGT,0,361369
acrBp,0.03225806451612903,30,30,CTGGGGCTCTCTTCGTGCAA,0,386563
acrBp,0.03225806451612903,30,30,CTCACGCTCAGTCTGACTAT,0,378847
acrBp,0.03225806451612903,30,30,CGGCTGCATTACAGCCACGC,0,378768
acrBp,0.03225806451612903,30,30,CGCAGGATCTTAGCCCGCCT,0,381287
acrBp,0.03225806451612903,30,30,CCGCTCACCTAATTACCTTA,0,379159
acrBp,0.03225806451612903,30,30,CCGCGGAATGGCTCGACCAG,0,372605
acrBp,0.03225806451612903,30,30,CCCTCATACATGGTTGCGTG,0,371482
acrBp,0.03225806451612903,30,30,CATCCAAGGAGCACTCGTTA,0,380033
acrBp,0.03225806451612903,30,30,CAGTTCCGGCGTAGCTCTAT,0,355883
acrBp,0.03225806451612903,30,30,CAGATGGTCAGGCCAGAACA,0,395633
acrBp,0.03225806451612903,30,30,CACAACACTGTGTAAATGGT,0,393046
acrBp,0.03225806451612903,30,30,CAAGGTAGTACTATCCAGCA,0,362636
acrBp,0.03225806451612903,30,30,CAAACTGCATGTCGCACTTA,0,356539
acrBp,0.03225806451612903,30,30,ATTGAGAAATGGAGCAAGGA,0,407094
acrBp,0.03225806451612903,30,30,ATGTCTAAGCAGCTCAGGGG,0,369597
acrBp,0.03225806451612903,30,30,ATGCTCACTAGGGGCTAACG,0,355959
acrBp,0.03225806451612903,30,30,AGGGTTCCAGATTCCTGCAG,0,360582
acrBp,0.03225806451612903,30,30,AGGATCTTGATTGAAGTACT,0,397341
acrBp,0.03225806451612903,30,30,AGCCGCGGGTACTCCGTCAT,0,385682
acrBp,0.03225806451612903,30,30,AGACGGACAGGCCGTGACGA,0,388041
acrBp,0.03225806451612903,30,30,AGAACAGGCTTGCTGTCGAT,0,370092
acrBp,0.03225806451612903,30,30,ACGTTTTAAGCATTCCACTG,0,361244
acrBp,0.03225806451612903,30,30,ACGTCGGCTAACCCGCTTTG,0,398918
acrBp,0.03225806451612903,30,30,ACGTCATGGTGTAGAGCATC,0,402334
acrBp,0.03225806451612903,30,30,ACCGGCAGGGCAAGAGGTCA,0,381177
acrBp,0.03225806451612903,30,30,ACCCCGTTTACCCGGTGCAA,0,357242
acrBp,0.03225806451612903,30,30,AATTACCTCGTCTACAAACA,0,368031
acrBp,0.03225806451612903,30,30,AACGTTGCCCTACCTGGAAC,0,376263
acrBp,0.03225806451612903,30,30,AACACATTTTGCAGTGTATA,0,403977
acrBp,0.03225806451612903,30,30,AAACCTCCTACCGATCCCGA,0,384996
acrBp,0.03333333333333333,29,29,TTTCCCCGGGGCAGCTATAA,0,393289
acrBp,0.03333333333333333,29,29,TTCGTTGTCGTTCACGTTAT,0,390640
acrBp,0.03333333333333333,29,29,TTCGTCAAGAATGGCTCCAT,0,381184
acrBp,0.03333333333333333,29,29,TGCGGGGTCAAGGCTGGCCA,0,362436
acrBp,0.03333333333333333,29,29,TGCAGCATCTGTAAGCGGTA,0,357834
acrBp,0.03333333333333333,29,29,TCGGAGTACGGATCTCAAAT,0,372805
acrBp,0.03333333333333333,29,29,TCGCGACAGTTCCCATGAGT,0,401859
acrBp,0.03333333333333333,29,29,TCCTGGGTAAGGTCTTTATT,0,390565
acrBp,0.03333333333333333,29,29,TATTGATGGATCTTGTGGGT,0,364782
acrBp,0.03333333333333333,29,29,TATCAACTTTTGAGAAGCCT,0,377525
acrBp,0.03333333333333333,29,29,TAGAGGTTGAAACTGATGAT,0,376193
acrBp,0.03333333333333333,29,29,TACGTCAAACATTCGTGGGG,0,377493
acrBp,0.03333333333333333,29,29,TAACTTTCTCAACCACGCAT,0,383138
acrBp,0.03333333333333333,29,29,TAACGTTCTTGGAGACTGAG,0,357613
acrBp,0.03333333333333333,29,29,GTGTCCCCGAGAGGAGTTTA,0,401887
acrBp,0.03333333333333333,29,29,GTGCTCGGGAATGCCGCAGC,0,358745
acrBp,0.03333333333333333,29,29,GTCTCCCGGGTACGGAGTTA,0,365900
acrBp,0.03333333333333333,29,29,GTCGTAAAGAAAATAGTCAT,0,378076
acrBp,0.03333333333333333,29,29,GTCCCAGGCCTTGCCATTCT,0,367538
acrBp,0.03333333333333333,29,29,GTCAGTTGGTCGGATTCCGA,0,397027
acrBp,0.03333333333333333,29,29,GGTCTCTGAGGCCACGGGTT,0,379281
acrBp,0.03333333333333333,29,29,GGGCGTCTGTTGGCATGGTG,0,386560
acrBp,0.03333333333333333,29,29,GCGGGCGACTGATTGTGCCT,0,375622
acrBp,0.03333333333333333,29,29,GCGATAGACTGGGGAGATTC,0,360559
acrBp,0.03333333333333333,29,29,GCAGGAAATACTCCAAACGG,0,358215
acrBp,0.03333333333333333,29,29,GCACTATTGATCCGGTATAT,0,371494
acrBp,0.03333333333333333,29,29,GAGTGAGCCTGTATAGAGGT,0,365544
acrBp,0.03333333333333333,29,29,CTTGGGGTATATAATGCTAG,0,361389
acrBp,0.03333333333333333,29,29,CTCGTTCCAGGTGGTGCAGA,0,393934
acrBp,0.03333333333333333,29,29,CTCGGTTTCGCTGCGCCTTT,0,374312
acrBp,0.03333333333333333,29,29,CTCAGAGTCTAACGGTCCTA,0,400199
acrBp,0.03333333333333333,29,29,CTAGCGGTTACGTTTGTTGG,0,360150
acrBp,0.03333333333333333,29,29,CGTATCGATTTCGTGGAAGA,0,361879
acrBp,0.03333333333333333,29,29,CGATTCAGAAGCCCTAAAAA,0,369102
acrBp,0.03333333333333333,29,29,CGATCGTACGGCGACAGGGC,0,381728
acrBp,0.03333333333333333,29,29,CCACTTAATTCAACGTTCAT,0,397662
acrBp,0.03333333333333333,29,29,CATTTTCGACAGCACACACA,0,371989
acrBp,0.03333333333333333,29,29,CATGATTGCGAGTGTGTGGT,0,398131
acrBp,0.03333333333333333,29,29,CATAAGAAGTTAAACGCTGA,0,362324
acrBp,0.03333333333333333,29,29,CAGCGCATGGAGGTTAAGCG,0,386979
acrBp,0.03333333333333333,29,29,CACTAGAGGAGATCACCCTT,0,374903
acrBp,0.03333333333333333,29,29,ATGGGCTTTGGGTGCATGAA,0,367799
acrBp,0.03333333333333333,29,29,ATCTGGGCCGTTGCTTCAGA,0,407480
acrBp,0.03333333333333333,29,29,ATCGATAGAACCGGTTCATG,0,367859
acrBp,0.03333333333333333,29,29,AGTTTCCGGGTTGTGTAGCA,0,373840
acrBp,0.03333333333333333,29,29,AGGTACGGGCCATATGCGCA,0,402932
acrBp,0.03333333333333333,29,29,AGCGGGTCCAAGAACAAGTA,0,361012
acrBp,0.03333333333333333,29,29,AGCCTAGTGGAGGGGAACTG,0,393784
acrBp,0.03333333333333333,29,29,AGAAGATTAGCGACAAGAGT,0,370732
acrBp,0.03333333333333333,29,29,ACTCGTGCAACTGAGTAATG,0,389308
acrBp,0.03333333333333333,29,29,ACGCGCGAAGCAGTGCCTAA,0,358244
acrBp,0.03333333333333333,29,29,ACCGAGCGACGGACCCTAGC,0,382348
acrBp,0.03333333333333333,29,29,ACAAGCGGCTTCGATTCTAT,0,398051
acrBp,0.03333333333333333,29,29,AATCAGATGTTTTACGCATG,0,373341
acrBp,0.03333333333333333,29,29,AAGAGCTCAATTTATAGTTG,0,365660
acrBp,0.03333333333333333,29,29,AAGACTGGATTGATTGTGGG,0,376038
acrBp,0.03333333333333333,29,29,AACTATTCTTTGGTACTCTA,0,389954
acrBp,0.034482758620689655,28,28,TTTTGCCGCAAATCTATTGT,0,384820
acrBp,0.034482758620689655,28,28,TTTGCCATTCACAGACAGTC,0,377868
acrBp,0.034482758620689655,28,28,TTTAGTTAGGCCGCTGGCCT,0,362391
acrBp,0.034482758620689655,28,28,TTTACGAATGGCTTAGTTGT,0,389351
acrBp,0.034482758620689655,28,28,TTCACGCACACATGGCTACG,0,364070
acrBp,0.034482758620689655,28,28,TTATATCGGTTTCTACTCGT,0,393885
acrBp,0.034482758620689655,28,28,TTAGACAACTTGCCTGCGAT,0,399356
acrBp,0.034482758620689655,28,28,TGTTCTATACTGGGATAAGA,0,358363
acrBp,0.034482758620689655,28,28,TGTACCAAATATTTGAGTAA,0,360330
acrBp,0.034482758620689655,28,28,TGGATATCGACCACCCTGCA,0,374293
acrBp,0.034482758620689655,28,28,TGCTGTATACGGGCTTCAAT,0,379828
acrBp,0.034482758620689655,28,28,TGCTCCGCTACTGCAACGAT,0,370877
acrBp,0.034482758620689655,28,28,TGCGCGCATCATTCCGGGTC,0,362522
acrBp,0.034482758620689655,28,28,TGATGCGAATACCCCTGGGG,0,378471
acrBp,0.034482758620689655,28,28,TGACTACATTGGGATGGATG,0,368321
acrBp,0.034482758620689655,28,28,TGAAGGGTGCTGAATCGACG,0,384780
acrBp,0.034482758620689655,28,28,TCGGTTGACGATAGGGCGGT,0,364087
acrBp,0.034482758620689655,28,28,TCGCATGGCTAGAGGTTGAC,0,396366
acrBp,0.034482758620689655,28,28,TCGAGGTCAGAGGAACAACT,0,405626
acrBp,0.034482758620689655,28,28,TCCGAGCAAATCAGCTGGCA,0,383354
acrBp,0.034482758620689655,28,28,TCCGAACGTCTTCAGCAGAT,0,380213
acrBp,0.034482758620689655,28,28,TCAATGCCTCCGTGGCTCGG,0,396327
acrBp,0.034482758620689655,28,28,TAGAAGAATCGCGGGCCTCT,0,381763
acrBp,0.034482758620689655,28,28,TACGGGGCGGCGTCAATCGT,0,388551
acrBp,0.034482758620689655,28,28,GTTTTACCCAGTTCCCGTAG,0,393706
acrBp,0.034482758620689655,28,28,GTTCGTTCCCCTCCGGCAAC,0,386036
acrBp,0.034482758620689655,28,28,GTGCAAAACAGCGTACCGAT,0,363953
acrBp,0.034482758620689655,28,28,GTGACAGTACAACTCTTATC,0,396017
acrBp,0.034482758620689655,28,28,GTCTACCATACTCTAAGGGT,0,370050
acrBp,0.034482758620689655,28,28,GTCGTGAGTGAGAATTGATC,0,357986
acrBp,0.034482758620689655,28,28,GTCCACCGCTAAAGTTCTAA,0,402030
acrBp,0.034482758620689655,28,28,GTATACCCAGACTCAGCTAT,0,379069
acrBp,0.034482758620689655,28,28,GTACCACTAAGGGTGGGGAC,0,392001
acrBp,0.034482758620689655,28,28,GGTCGTTTTAGTGTCAGTGA,0,369648
acrBp,0.034482758620689655,28,28,GGCTCATGCCGCGCTCAAGG,0,400977
acrBp,0.034482758620689655,28,28,GGCCCTTCCCACGTTTAAGT,0,396275
acrBp,0.034482758620689655,28,28,GGATTTCACGTATCGTGTAG,0,381954
acrBp,0.034482758620689655,28,28,GCTGGAAATAACATCGTGTT,0,385338
acrBp,0.034482758620689655,28,28,GCGTGTTGCAGATGCGGGGA,0,385701
acrBp,0.034482758620689655,28,28,GCGTGGTGTTCTCAGCGAAG,0,364409
acrBp,0.034482758620689655,28,28,GCGTATGGGAAGGGTTAGTC,0,389191
acrBp,0.034482758620689655,28,28,GCGCCAAAGAGTCATTCGTA,0,375878
acrBp,0.034482758620689655,28,28,GCGCATGCTCAGTGCAACAC,0,355562
acrBp,0.034482758620689655,28,28,GCAGGATTAGAGAGCATCTC,0,404633
acrBp,0.034482758620689655,28,28,GAGTTCTAGAACGGCCTTCT,0,385282
acrBp,0.034482758620689655,28,28,GAGTGTCTATGATCCACTCA,0,382913
acrBp,0.034482758620689655,28,28,GAGTATTTCATTCGTTCAGC,0,385942
acrBp,0.034482758620689655,28,28,GAGATACTCGGCTGGCGCCA,0,389430
acrBp,0.034482758620689655,28,28,GACAGTATGAGGGTCAGTCT,0,389676
acrBp,0.034482758620689655,28,28,GACAGCAGTAGAATCCTCTA,0,369232
acrBp,0.034482758620689655,28,28,CTTGGTGAGAGTCGATCGTA,0,361123
acrBp,0.034482758620689655,28,28,CTATTGGGATGGAGGTCGTA,0,383166
acrBp,0.034482758620689655,28,28,CTAATGCTCAAGCCGCTTAT,0,356535
acrBp,0.034482758620689655,28,28,CTAAACATTGCCTGGATGTA,0,360262
acrBp,0.034482758620689655,28,28,CGTTTAACGCCCAACGGCTA,0,397204
acrBp,0.034482758620689655,28,28,CGTCGTGTATCTATCCTGTC,0,364621
acrBp,0.034482758620689655,28,28,CGGTGTAACCCCTCACATAA,0,401637
acrBp,0.034482758620689655,28,28,CGGCATGGACCGCTGGGGCG,0,365693
acrBp,0.034482758620689655,28,28,CGAGAAATCGGCACTCTTCC,0,383299
acrBp,0.034482758620689655,28,28,CCTCGCTATCGCTTCTTGTA,0,365886
acrBp,0.034482758620689655,28,28,CCTCCTACAGAGCTCCTTGC,0,383729
acrBp,0.034482758620689655,28,28,CCGTGGAATCGCCCTTCCGT,0,384401
acrBp,0.034482758620689655,28,28,CCGGCTAAGCATTTATGAAC,0,363718
acrBp,0.034482758620689655,28,28,CCGCGTCAGTAACGGTGCCT,0,375939
acrBp,0.034482758620689655,28,28,CATGGAAGTAATAACATCGG,0,364579
acrBp,0.034482758620689655,28,28,CATCGAACCTTCGGCCATTA,0,389431
acrBp,0.034482758620689655,28,28,CAGGTAAAGACGTGGACCCT,0,381396
acrBp,0.034482758620689655,28,28,CAGAAATGACTGCAGAACAT,0,399968
acrBp,0.034482758620689655,28,28,CACCCGGCACACACGGGCTT,0,395178
acrBp,0.034482758620689655,28,28,CACATCTAAACTAAAATCTC,0,379630
acrBp,0.034482758620689655,28,28,CAAGTTTCGTGATGGGAATG,0,357642
acrBp,0.034482758620689655,28,28,CAACCATAGCTCAGTTCGTA,0,398899
acrBp,0.034482758620689655,28,28,ATAGTTAGAGAGGCGAACTA,0,360372
acrBp,0.034482758620689655,28,28,AGGGTCAAGGATGTTTGAAA,0,366217
acrBp,0.034482758620689655,28,28,AGGATTACAAGTAATCACTT,0,361083
acrBp,0.034482758620689655,28,28,AGAGGTGGCTACGCTCCTTA,0,399202
acrBp,0.034482758620689655,28,28,AGAGGGCCGGAGCCCACCTA,0,369029
acrBp,0.034482758620689655,28,28,AGAGCGCTGCTACACAGGGT,0,379471
acrBp,0.034482758620689655,28,28,AGAAGCGTCCGAGCGTTAAT,0,397691
acrBp,0.034482758620689655,28,28,ACTTCAGAATCGTCTGAACG,0,359224
acrBp,0.034482758620689655,28,28,ACTATAGTTGTGCGTACTAG,0,371331
acrBp,0.034482758620689655,28,28,ACGGGCAATATTTCTGACTC,0,393381
acrBp,0.034482758620689655,28,28,ACCGCATTCACTGCTCGCAA,0,364009
acrBp,0.034482758620689655,28,28,ACAAGATAGACGTCTGGCGG,0,363405
acrBp,0.034482758620689655,28,28,AATGACATATGTCCTAGTGT,0,378918
acrBp,0.034482758620689655,28,28,AATATCATCCGGTAGTGGGA,0,382765
acrBp,0.034482758620689655,28,28,AAGCTGCATAGATTTCCCGT,0,362755
acrBp,0.034482758620689655,28,28,AAAGAAAGACTCTTGAATTT,0,360580
acrBp,0.034482758620689655,28,28,AAACTCGAGTAGTGTCCCGG,0,387464
acrBp,0.03571428571428571,27,27,TTGGGGGCGGTGCCGCTTGT,0,401511
acrBp,0.03571428571428571,27,27,TGGTCCGTCATTGATGCAAG,0,396797
acrBp,0.03571428571428571,27,27,TGGCTGAATTGATTTCGCCC,0,365722
acrBp,0.03571428571428571,27,27,TGCGTGGATTTACGTGACTC,0,395092
acrBp,0.03571428571428571,27,27,TGCAGTCTCGACCCAAGCAG,0,369619
acrBp,0.03571428571428571,27,27,TCTCTGCCCACTGCCGGTTG,0,392202
acrBp,0.03571428571428571,27,27,TCGTTGAAATGGCCCTGGAA,0,369766
acrBp,0.03571428571428571,27,27,TCCTCCATTTCTGCGTCAAG,0,355593
acrBp,0.03571428571428571,27,27,TCCGTTGGCAAAGTTCGGGT,0,376902
acrBp,0.03571428571428571,27,27,TCCGCTATCCCTTCGATCGT,0,395417
acrBp,0.03571428571428571,27,27,TCCGAGATAAATTCAGGGTT,0,399073
acrBp,0.03571428571428571,27,27,TCATTTCACGCGCAACCTAT,0,395063
acrBp,0.03571428571428571,27,27,TCACTGGGGCTGCGACTTCA,0,383644
acrBp,0.03571428571428571,27,27,TATCTTGCAGTTATCCATCA,0,358794
acrBp,0.03571428571428571,27,27,TAGGGGGTACTGCTGGAGAC,0,364459
acrBp,0.03571428571428571,27,27,TAGGGACCGGGACAATTTAC,0,359897
acrBp,0.03571428571428571,27,27,TAAGGAGTATTAACTTGAGG,0,364998
acrBp,0.03571428571428571,27,27,GTTTTGAGATATTCCGCGTA,0,379564
acrBp,0.03571428571428571,27,27,GTGACGGCGTGAGGCCTGGC,0,373226
acrBp,0.03571428571428571,27,27,GTGACGCACCTTTGGCAGGC,0,359520
acrBp,0.03571428571428571,27,27,GTCATGGTTCGCTAGTGCCA,0,386292
acrBp,0.03571428571428571,27,27,GGTTGGGATGAGGCAGCTTT,0,357037
acrBp,0.03571428571428571,27,27,GGTCGGACAAATGATTCCTC,0,401582
acrBp,0.03571428571428571,27,27,GCTTCGTTGCCTCAGAACCA,0,400095
acrBp,0.03571428571428571,27,27,GCGTTAGCCACAACCCCTTG,0,388189
acrBp,0.03571428571428571,27,27,GCCGCTGTAGGAAAGAATAG,0,376749
acrBp,0.03571428571428571,27,27,GCACATAAGAATGGAGGTAA,0,377904
acrBp,0.03571428571428571,27,27,GATGTCCAATATTCGGTAGC,0,372495
acrBp,0.03571428571428571,27,27,GAGTTAACAAATTCAGTGCA,0,371816
acrBp,0.03571428571428571,27,27,GAGAGTATGGAGCCAGGGAA,0,362299
acrBp,0.03571428571428571,27,27,GACGCGTTGCTAGCCTTAAA,0,398621
acrBp,0.03571428571428571,27,27,GACCGGCGAGACCGAAGCCA,0,355889
acrBp,0.03571428571428571,27,27,GACATATAGAGCGCCTCGGA,0,380313
acrBp,0.03571428571428571,27,27,GACAGGTGCTCTTAGCGGAC,0,380513
acrBp,0.03571428571428571,27,27,GAATATTACTCATGGTAGCA,0,363446
acrBp,0.03571428571428571,27,27,CTTGTACTTGGCATGCCCGA,0,357929
acrBp,0.03571428571428571,27,27,CTGAAGAAGCGTGCGGACAA,0,400516
acrBp,0.03571428571428571,27,27,CTCCCAGGCTTTTAGGTCCC,0,405054
acrBp,0.03571428571428571,27,27,CTCATCTATCTATGTCGCAA,0,358958
acrBp,0.03571428571428571,27,27,CGTTGTGGACTCAAGGATAT,0,361995
acrBp,0.03571428571428571,27,27,CGTAAGGGCTAGACGAGGGC,0,401085
acrBp,0.03571428571428571,27,27,CGGGGGGCATACAGGATTAC,0,366880
acrBp,0.03571428571428571,27,27,CGGGCTCCGTGGAGGCTGAG,0,396950
acrBp,0.03571428571428571,27,27,CGATTGCGTTAATAGCCACG,0,367993
acrBp,0.03571428571428571,27,27,CGAAAGCAGGGCCATTATAG,0,386781
acrBp,0.03571428571428571,27,27,CCTCCCCGAACTTTGAGCAT,0,371618
acrBp,0.03571428571428571,27,27,CCTCCATATGGTCACGGAAA,0,390005
acrBp,0.03571428571428571,27,27,CCGTGCACACAATGCCTGAT,0,384844
acrBp,0.03571428571428571,27,27,CCGTCGCTGAGGAGTTTGTA,0,381395
acrBp,0.03571428571428571,27,27,CCGAGCCGGTACCGACGGTC,0,397825
acrBp,0.03571428571428571,27,27,CCATCTGTTATCTCACGAGG,0,397511
acrBp,0.03571428571428571,27,27,CCACACAGCAGAACAGTGGC,0,372265
acrBp,0.03571428571428571,27,27,CCAAATTCACTCGCTGATCT,0,398275
acrBp,0.03571428571428571,27,27,CATGTCCCGGTTTGCGATTC,0,396050
acrBp,0.03571428571428571,27,27,CATCTTGCTAGATCCCAGCG,0,359775
acrBp,0.03571428571428571,27,27,CATCCTGTTCGGCCGGCCAA,0,395785
acrBp,0.03571428571428571,27,27,CAGATGCCCTGGCAACAGTA,0,365131
acrBp,0.03571428571428571,27,27,CAGAATTAGGCAGTACTTCT,0,379463
acrBp,0.03571428571428571,27,27,CACTATCCTCCCGAACCTAG,0,358374
acrBp,0.03571428571428571,27,27,ATTTAACCTGTCGCACGGGA,0,358094
acrBp,0.03571428571428571,27,27,ATTGCCAAAGGATTTTTGAA,0,376199
acrBp,0.03571428571428571,27,27,ATTCGACGCAGGCTCGGTGA,0,393664
acrBp,0.03571428571428571,27,27,ATTCCTTTGACCGTCCAACG,0,373014
acrBp,0.03571428571428571,27,27,ATGCGGTGAGGATAAGGTCT,0,356069
acrBp,0.03571428571428571,27,27,ATCGTAAGTTTCTGAGGGGT,0,360635
acrBp,0.03571428571428571,27,27,ATCGCGTACGCGGTCAACAC,0,394189
acrBp,0.03571428571428571,27,27,ATACCTGAAACAGTCGGAAA,0,371885
acrBp,0.03571428571428571,27,27,AGTTGGGCGTTTTCGGGATC,0,368830
acrBp,0.03571428571428571,27,27,AGTTGCGTGAAGGAATCACT,0,359008
acrBp,0.03571428571428571,27,27,AGTCAGGGAAAATAAAAAAC,0,384399
acrBp,0.03571428571428571,27,27,AGTACATAGTCCATCGCTAA,0,395915
acrBp,0.03571428571428571,27,27,AGGTCCTGTACCAGCATAAT,0,385208
acrBp,0.03571428571428571,27,27,AGGCACACTGACGAAGCTAA,0,382353
acrBp,0.03571428571428571,27,27,AGGATCTAGATTCACCAGTG,0,384088
acrBp,0.03571428571428571,27,27,AGCTCGTGTCTCGGTTGGCG,0,371683
acrBp,0.03571428571428571,27,27,AGCCGTGGACTTGGCGGCTA,0,386355
acrBp,0.03571428571428571,27,27,ACGGAACTCGCTTGGATGAC,0,359222
acrBp,0.03571428571428571,27,27,ACCGGTATTGGGCACGATAA,0,368262
acrBp,0.03571428571428571,27,27,ACATCCGGCCAGCCAAGAGC,0,378167
acrBp,0.03571428571428571,27,27,AATTGGATATGCGCAATTCT,0,404437
acrBp,0.03571428571428571,27,27,AATTCCTGTCCGGCTGTCAT,0,381323
acrBp,0.03571428571428571,27,27,AATATTGGGGATGTCACCGG,0,356801
acrBp,0.03571428571428571,27,27,AAGTCGTTTGGATTGGATGG,0,393655
acrBp,0.03571428571428571,27,27,AACGTACGCGTCATACTGAA,0,362610
acrBp,0.03571428571428571,27,27,AACACACAGTGTAGCGGCCC,0,405008
acrBp,0.03571428571428571,27,27,AAATTTGCCGAAGCCCACCT,0,360103
acrBp,0.03571428571428571,27,27,AAAGAACGATTTCCTCCAGA,0,374257
acrBp,0.037037037037037035,26,26,TTTGCTGTGTCTCTAGTCAC,0,390465
acrBp,0.037037037037037035,26,26,TTGCACTAATTTAAGCGGCA,0,398418
acrBp,0.037037037037037035,26,26,TTCCCAAGTGAGCGGTTCGG,0,377378
acrBp,0.037037037037037035,26,26,TTCCACGACGAGTGCTATAG,0,356896
acrBp,0.037037037037037035,26,26,TTCCAAGGAAAGGCCCGCAA,0,382084
acrBp,0.037037037037037035,26,26,TGTATTGTATCTGGGAGACA,0,364012
acrBp,0.037037037037037035,26,26,TGGTGTGGACGCTGCGACCT,0,384743
acrBp,0.037037037037037035,26,26,TGGCTCCAATCTCGAATCCT,0,394737
acrBp,0.037037037037037035,26,26,TGGCAGTCATAAGTAGGGGA,0,372184
acrBp,0.037037037037037035,26,26,TGGCACTCTTCGGGTTCGGG,0,393252
acrBp,0.037037037037037035,26,26,TGGATGCGCGCGGCGGCGCA,0,387259
acrBp,0.037037037037037035,26,26,TGCGGCACACCCTAAGTGAG,0,398050
acrBp,0.037037037037037035,26,26,TGCCTGAGTTCGCACGCATT,0,382911
acrBp,0.037037037037037035,26,26,TGCAAGAGGGTAGCAACGAG,0,398867
acrBp,0.037037037037037035,26,26,TGAAGGTCATTAATCGCTTA,0,370545
acrBp,0.037037037037037035,26,26,TGAAGCCTTCCTGATAACTC,0,397378
acrBp,0.037037037037037035,26,26,TCTTGCCACCAAGTGCAATA,0,381352
acrBp,0.037037037037037035,26,26,TCTTAGTCTGCTGGTCAGGA,0,379530
acrBp,0.037037037037037035,26,26,TCTGAGACGCCCCAGTTGAT,0,394685
acrBp,0.037037037037037035,26,26,TCGTGTCTGACAGCGAGATA,0,357886
acrBp,0.037037037037037035,26,26,TCGTATTCGCGGACGTAAAC,0,370782
acrBp,0.037037037037037035,26,26,TCGTAGACGCTTTATGTATC,0,399327
acrBp,0.037037037037037035,26,26,TCGGTTGAACTGGCGACTCT,0,371005
acrBp,0.037037037037037035,26,26,TCGGCCCAAGGGCTACAACG,0,378905
acrBp,0.037037037037037035,26,26,TCAGATCGGAGGCGCGTCGT,0,405461
acrBp,0.037037037037037035,26,26,TCAATGCTGTTGGGCGGTTC,0,387900
acrBp,0.037037037037037035,26,26,TATGGGAAAAGTTCACTAGA,0,356791
acrBp,0.037037037037037035,26,26,TAGACAAGTGAAGACGGTAA,0,381188
acrBp,0.037037037037037035,26,26,TAACGTTGGTCATCGCCTGG,0,374859
acrBp,0.037037037037037035,26,26,TAAAGGATATAAAATATCCG,0,396617
acrBp,0.037037037037037035,26,26,GTGGTAGGTTACGCGCCCGT,0,376723
acrBp,0.037037037037037035,26,26,GTGGCAAGTCGTTCCATATG,0,358355
acrBp,0.037037037037037035,26,26,GTCGAATTCTGCAGCCTCAT,0,375082
acrBp,0.037037037037037035,26,26,GTCACACGCAAGTGCGGTAG,0,388953
acrBp,0.037037037037037035,26,26,GTACCTAGCAATTCATCCCA,0,374049
acrBp,0.037037037037037035,26,26,GTACATGCCGAGTATAGTGT,0,364617
acrBp,0.037037037037037035,26,26,GGTGTTATTCCCGCGGTGAA,0,379049
acrBp,0.037037037037037035,26,26,GGGATCCCAAAATAACCTTT,0,361759
acrBp,0.037037037037037035,26,26,GGGATAGTGCTCATGAACTT,0,391232
acrBp,0.037037037037037035,26,26,GGGACTACTCCAACGGGTTC,0,405307
acrBp,0.037037037037037035,26,26,GGCCGCACGCTGTATTTCAA,0,406315
acrBp,0.037037037037037035,26,26,GGAGCGTCAAATACTCCAAA,0,374035
acrBp,0.037037037037037035,26,26,GCTGTTCGGAATTCGTAACA,0,356070
acrBp,0.037037037037037035,26,26,GCTGCCAGGATATTATGAGT,0,379622
acrBp,0.037037037037037035,26,26,GCTCTTACCGAACTCTGAAA,0,404869
acrBp,0.037037037037037035,26,26,GCGTTCTACTTGAGGATGCA,0,384677
acrBp,0.037037037037037035,26,26,GCGGTCCCGTGCAGCTTGGA,0,393158
acrBp,0.037037037037037035,26,26,GCGCCGTGTTGCACACATCT,0,363130
acrBp,0.037037037037037035,26,26,GCGAGTTCGCCATAGCTATT,0,384276
acrBp,0.037037037037037035,26,26,GCCTAAACTTGAGCGCGTTC,0,389133
acrBp,0.037037037037037035,26,26,GCAAGGCAGCCAGATGATTC,0,377523
acrBp,0.037037037037037035,26,26,GATCCGCGTAGTGAACCGTA,0,356182
acrBp,0.037037037037037035,26,26,GATATCCGGTAGTCTGCAGA,0,384823
acrBp,0.037037037037037035,26,26,GATACCTCGTCCCCGTTAAC,0,359622
acrBp,0.037037037037037035,26,26,GAGCGAAAGTACCGAACCGG,0,390121
acrBp,0.037037037037037035,26,26,GAGACGGAATAGGCTGCCTC,0,366254
acrBp,0.037037037037037035,26,26,GAAGTGGCGTGACATAGCCT,0,388137
acrBp,0.037037037037037035,26,26,GAAAGGAACACCCATCTAGA,0,377085
acrBp,0.037037037037037035,26,26,CTGATTTTTTAGGCTCTACG,0,403893
acrBp,0.037037037037037035,26,26,CTCGTTCAGCCCTGTGCCCT,0,377008
acrBp,0.037037037037037035,26,26,CTCGAGGCTCTAGATCCAGT,0,391322
acrBp,0.037037037037037035,26,26,CTATCAGGACGTCCCATAAA,0,367244
acrBp,0.037037037037037035,26,26,CTAGTCAGTGTGCAGCTTCG,0,376302
acrBp,0.037037037037037035,26,26,CTAATGCGGAGCCGGGCCGA,0,374543
acrBp,0.037037037037037035,26,26,CGTGAGTGTAAAGATCGCTG,0,400556
acrBp,0.037037037037037035,26,26,CGTCCCGGTACTTTTTGCTT,0,380688
acrBp,0.037037037037037035,26,26,CGGGATAGATTAAGTTGGTT,0,385845
acrBp,0.037037037037037035,26,26,CGCGAGCTTAGATAGACGGC,0,389644
acrBp,0.037037037037037035,26,26,CGCGACGAGTGCTCTAGATA,0,388095
acrBp,0.037037037037037035,26,26,CGCCGAAACCTCCCATACTT,0,406365
acrBp,0.037037037037037035,26,26,CGCCACATGGTTATTCCTTG,0,373184
acrBp,0.037037037037037035,26,26,CCTCTGCATTCCTCATTATC,0,393585
acrBp,0.037037037037037035,26,26,CCTATACCTCTGTTTATCAC,0,381410
acrBp,0.037037037037037035,26,26,CCGGAAAACTGGCTCCAAAT,0,391998
acrBp,0.037037037037037035,26,26,CCCAATTTTACCGCGTTGTA,0,369792
acrBp,0.037037037037037035,26,26,CAGAATTCCGACGGTACAGG,0,367768
acrBp,0.037037037037037035,26,26,CACTCATGATAGACCTAAGT,0,394712
acrBp,0.037037037037037035,26,26,CACGGGTGTCTGAGAACGGC,0,361878
acrBp,0.037037037037037035,26,26,CACATGACAAACGGTGGAAT,0,378560
acrBp,0.037037037037037035,26,26,CAAGGACAAGCTGCTAAGCA,0,379830
acrBp,0.037037037037037035,26,26,CAAATGCTGTTTATATTAAT,0,371307
acrBp,0.037037037037037035,26,26,ATTGCAGATTGTCGTGAGTC,0,379606
acrBp,0.037037037037037035,26,26,ATGGATGGTATAGACGCCAG,0,385347
acrBp,0.037037037037037035,26,26,ATCTTACCACTGAAAGATTT,0,386181
acrBp,0.037037037037037035,26,26,ATCGTAGTGTCCCGGCACCG,0,404901
acrBp,0.037037037037037035,26,26,ATCCCAATCTTCCATACTGA,0,362019
acrBp,0.037037037037037035,26,26,ATAGCCGCACTCACCACACA,0,402489
acrBp,0.037037037037037035,26,26,AGTGACTTACGACCTTCTAT,0,406610
acrBp,0.037037037037037035,26,26,AGGAGGATCAATTGGATAAA,0,376064
acrBp,0.037037037037037035,26,26,AGCAGCGTAAGCGGGGGAAA,0,359846
acrBp,0.037037037037037035,26,26,ACTCGCAGTCGGGGATTTGT,0,364375
acrBp,0.037037037037037035,26,26,ACTCCGTATGCGACGGCAAA,0,361605
acrBp,0.037037037037037035,26,26,ACTCAGCCTCTCTCCCAGGG,0,355730
acrBp,0.037037037037037035,26,26,ACGTTCAGAGGCTGTTCAAG,0,405426
acrBp,0.037037037037037035,26,26,ACCCTCGAGAACCGGACGTC,0,383259
acrBp,0.037037037037037035,26,26,ACAATAGATAGACGTGGATT,0,378740
acrBp,0.037037037037037035,26,26,AATTCCGTTCCTCATAGGGT,0,395938
acrBp,0.037037037037037035,26,26,AATCTCGTACTAAGTAGAGA,0,369175
acrBp,0.037037037037037035,26,26,AATCCTAGGGGGGAAAGAAA,0,361690
acrBp,0.037037037037037035,26,26,AAGGTTTACTCATCTGTGCT,0,384934
acrBp,0.037037037037037035,26,26,AAGCGTTGATAGTGATGAGT,0,372189
acrBp,0.037037037037037035,26,26,AAGCGACACCCAGGCGTAGT,0,381321
acrBp,0.037037037037037035,26,26,AAGAGTGCAGACCCCGGGTT,0,373096
acrBp,0.037037037037037035,26,26,AAGAGACCCGCCCGGCCGTA,0,397350
acrBp,0.037037037037037035,26,26,AAATTGGATCATATACCTTT,0,366216
acrBp,0.037037037037037035,26,26,AAAGCAGTTTACTAAGCCTC,0,375937
acrBp,0.037037037037037035,26,26,AAACGCTAGATGCGGGAAGA,0,365253
acrBp,0.038461538461538464,25,25,TTTATAAAGGGACTCCTATA,0,405642
acrBp,0.038461538461538464,25,25,TTCGTTGAAGGCTTGCACGG,0,395145
acrBp,0.038461538461538464,25,25,TTCCAGTACTTCGCATTACG,0,367676
acrBp,0.038461538461538464,25,25,TTCATCAGCCGGGACGTCGT,0,388578
acrBp,0.038461538461538464,25,25,TTCAACACAAGGTTGTAACA,0,370076
acrBp,0.038461538461538464,25,25,TTATTAAATTGGCTAAATAA,0,365814
acrBp,0.038461538461538464,25,25,TTATATCGGCGGCCTTCATA,0,364994
acrBp,0.038461538461538464,25,25,TTAGAGCGCGAGTACGCGTT,0,358488
acrBp,0.038461538461538464,25,25,TGTGGAATGATGATAGACAT,0,367725
acrBp,0.038461538461538464,25,25,TGTAACGTTATCCATGGGTT,0,377227
acrBp,0.038461538461538464,25,25,TGGTGCGTTCGACTATGCAA,0,382190
acrBp,0.038461538461538464,25,25,TGGTGCCTGAAAAGCAACCT,0,380714
acrBp,0.038461538461538464,25,25,TGGGAGTCGTCGTAATATGC,0,382642
acrBp,0.038461538461538464,25,25,TGGCTTATCGTAATAACGGC,0,392883
acrBp,0.038461538461538464,25,25,TGCTGTGCCACATCAACTGA,0,388014
acrBp,0.038461538461538464,25,25,TGATGTACGATTGTCGAGAT,0,376331
acrBp,0.038461538461538464,25,25,TGACTTCAGTGAATGGTGGC,0,399397
acrBp,0.038461538461538464,25,25,TCTGGAGAGCCTTGAGAGCT,0,392761
acrBp,0.038461538461538464,25,25,TCTCGATGAGGTATAGTTGA,0,376766
acrBp,0.038461538461538464,25,25,TCGATAGCACATTTGGAAAT,0,402904
acrBp,0.038461538461538464,25,25,TCCCTAGTGCTGCCCCTTCT,0,377901
acrBp,0.038461538461538464,25,25,TCCCCTGACAAGCGCTTTCA,0,376935
acrBp,0.038461538461538464,25,25,TCAGGCTTGCAGGAGTCGGT,0,375699
acrBp,0.038461538461538464,25,25,TATTATTGTCTGAAAGTCTA,0,405668
acrBp,0.038461538461538464,25,25,TAGGCGATCCTCAGGCGGCC,0,374902
acrBp,0.038461538461538464,25,25,TAGCGAGTGCTACATATTCA,0,397622
acrBp,0.038461538461538464,25,25,TAGATTAGGTTCCGTGCTCC,0,385077
acrBp,0.038461538461538464,25,25,TACCTGGTATGCTTTTGGGA,0,368952
acrBp,0.038461538461538464,25,25,GTTCATCGTACTGCAACAGC,0,366931
acrBp,0.038461538461538464,25,25,GTTAACTTGATAGTTAAGCT,0,386605
acrBp,0.038461538461538464,25,25,GTCGTGCTTACGTCTGCCCA,0,377215
acrBp,0.038461538461538464,25,25,GTCAGATCTGGACGACTATG,0,369231
acrBp,0.038461538461538464,25,25,GTAGAGATGCCGCTTTTCCA,0,379529
acrBp,0.038461538461538464,25,25,GGGTGTCAATAAGCGTAAAT,0,376454
acrBp,0.038461538461538464,25,25,GGGTAGTTTTAGTCAGACTA,0,366634
acrBp,0.038461538461538464,25,25,GGGGGGAGCAGATTGTCGGT,0,383168
acrBp,0.038461538461538464,25,25,GGCGTGCTGCGGAGCCCCTG,0,376767
acrBp,0.038461538461538464,25,25,GGCATGCCTTGGCCATTTCT,0,374336
acrBp,0.038461538461538464,25,25,GGATTCATCGGCGCTGACCC,0,407981
acrBp,0.038461538461538464,25,25,GCTTGATATGGTAAACATTC,0,397553
acrBp,0.038461538461538464,25,25,GCCTACATGGTTGCTGTGTT,0,397448
acrBp,0.038461538461538464,25,25,GCAGTCAGAACCTAATGGAG,0,369828
acrBp,0.038461538461538464,25,25,GATGGGTCGGGTTCGGGTTG,0,367782
acrBp,0.038461538461538464,25,25,GATCAGTCCCTTCTGGGGAC,0,396779
acrBp,0.038461538461538464,25,25,GATAGTAAATAATAATCATA,0,370978
acrBp,0.038461538461538464,25,25,GATAACAAGGGGCAGTCCAT,0,388321
acrBp,0.038461538461538464,25,25,GAGCATGGGGGCGTGTAATA,0,401516
acrBp,0.038461538461538464,25,25,GACGTTATCCGCTATTCAGA,0,370179
acrBp,0.038461538461538464,25,25,GAAGTTTGTAGAATGCCCTA,0,375824
acrBp,0.038461538461538464,25,25,GAAGCTCAAGACCACTGTCA,0,357792
acrBp,0.038461538461538464,25,25,CTGTTCTAATCGTCCAGGCA,0,406648
acrBp,0.038461538461538464,25,25,CTGCAACCCATTCGCAGAGC,0,359704
acrBp,0.038461538461538464,25,25,CTGAAACCGATAGAGCGATC,0,363213
acrBp,0.038461538461538464,25,25,CTCTGTGTGCGCTGTAACGC,0,387439
acrBp,0.038461538461538464,25,25,CTATCAGAATATGCTGTTAG,0,382873
acrBp,0.038461538461538464,25,25,CGTCAGTGGCTACGTCAGAC,0,371320
acrBp,0.038461538461538464,25,25,CGGAAGAAGATGAGGACCCC,0,373108
acrBp,0.038461538461538464,25,25,CCTCTTCGTGACGTAAAGTA,0,400786
acrBp,0.038461538461538464,25,25,CCTCGGACCTAGGGCCTGTT,0,356284
acrBp,0.038461538461538464,25,25,CCTCCGGAAGACGGGTGCCG,0,366667
acrBp,0.038461538461538464,25,25,CCGAGTAGCGAGGTCAACGT,0,382533
acrBp,0.038461538461538464,25,25,CCCGTACGTGCGTGCGTATT,0,379388
acrBp,0.038461538461538464,25,25,CCCAGGTACGCCTAAGGCCG,0,357465
acrBp,0.038461538461538464,25,25,CCATCAAATGAACATCAGAG,0,388505
acrBp,0.038461538461538464,25,25,CCATAGAGATGTCGGTTACA,0,370445
acrBp,0.038461538461538464,25,25,CCACTTCGGTATAACGTGTT,0,398316
acrBp,0.038461538461538464,25,25,CCAATTCTCTATTTTTCGGG,0,379792
acrBp,0.038461538461538464,25,25,CCAACCTGGTCGATATCTGT,0,403109
acrBp,0.038461538461538464,25,25,CATTGTATGAACGACTGGAT,0,393377
acrBp,0.038461538461538464,25,25,CATTAGGGAGTCAAGGTTTT,0,394204
acrBp,0.038461538461538464,25,25,CATGTGTTCGTGGCCTCTTA,0,403709
acrBp,0.038461538461538464,25,25,CATGTATCGCTAAGCAGTCT,0,363238
acrBp,0.038461538461538464,25,25,CATGCCAACAATGCTCCTAG,0,364878
acrBp,0.038461538461538464,25,25,CATCGGGGGCCAAGCGTGTG,0,359894
acrBp,0.038461538461538464,25,25,CACAATTTGCACCTATAATA,0,373902
acrBp,0.038461538461538464,25,25,CAACTTATGTTGCTCGGGTA,0,403102
acrBp,0.038461538461538464,25,25,CAACGGTCACGTCGGAGTGG,0,394587
acrBp,0.038461538461538464,25,25,CAACCAGTATTGCTGTAATA,0,392721
acrBp,0.038461538461538464,25,25,CAAATGCGTGCATCGCGGGA,0,403142
acrBp,0.038461538461538464,25,25,CAAAGAAGGCAGTGCGGAGT,0,380522
acrBp,0.038461538461538464,25,25,CAAACCAGATTTGAGCACCT,0,404645
acrBp,0.038461538461538464,25,25,ATTACTATCAATCTTCTAGG,0,374900
acrBp,0.038461538461538464,25,25,ATGGCGATGCACTTGGGCGG,0,400823
acrBp,0.038461538461538464,25,25,ATCGTGTCATGCTTTAGCGC,0,398416
acrBp,0.038461538461538464,25,25,ATATCATGTGTAATAAGGAA,0,383380
acrBp,0.038461538461538464,25,25,ATAGGGGTCGCGTCGGTATA,0,358669
acrBp,0.038461538461538464,25,25,AGTCGGTGCGTTATAAGTAT,0,386074
acrBp,0.038461538461538464,25,25,AGGTTCGACTAAAGTGGTAT,0,401955
acrBp,0.038461538461538464,25,25,AGGGGGGGGCTATCTTAGTA,0,397496
acrBp,0.038461538461538464,25,25,AGCGCCGCAAAGAGCCAGGA,0,400124
acrBp,0.038461538461538464,25,25,AGCCTAGTTATCCTCATCGA,0,360698
acrBp,0.038461538461538464,25,25,AGCATGCATGACTACTTAGC,0,364387
acrBp,0.038461538461538464,25,25,AGCACTAGCCCCTGATGTGT,0,398497
acrBp,0.038461538461538464,25,25,AGAGAGGGCAGTACTCTAGT,0,396397
acrBp,0.038461538461538464,25,25,ACTGAGTCAGCAATCTTTTT,0,397199
acrBp,0.038461538461538464,25,25,ACCTGCAGAAGAGCAACAGT,0,383610
acrBp,0.038461538461538464,25,25,ACCCTCATCGACGGAAAATT,0,407177
acrBp,0.038461538461538464,25,25,ACCATACTGTGCCCGTTCTG,0,372760
acrBp,0.038461538461538464,25,25,ACAGCGGACAATCCTTACGA,0,396128
acrBp,0.038461538461538464,25,25,ACAAGTCAGGGAGAGCGGTA,0,394575
acrBp,0.038461538461538464,25,25,AAGCGGTGAACGTGAGTGAG,0,390251
acrBp,0.038461538461538464,25,25,AAGAGTTTTATGTCAGCATT,0,396796
acrBp,0.038461538461538464,25,25,AAGAATCGGATTAGGCTTGG,0,404873
acrBp,0.038461538461538464,25,25,AAATGTTAGTCCGGAGTGAT,0,371386
acrBp,0.038461538461538464,25,25,AAATAATAATGTTGCTGTCC,0,357392
acrBp,0.04,24,24,TTTGGTCAGCATACAACGTA,0,403100
acrBp,0.04,24,24,TTTCAAAAAATAATGACGCA,0,393485
acrBp,0.04,24,24,TTCCTTGTCCCCGGTTCAAA,0,384197
acrBp,0.04,24,24,TTATTGGTGGAGATCCGAGT,0,379090
acrBp,0.04,24,24,TTATGGGCCGGCCTGAAAGG,0,405299
acrBp,0.04,24,24,TTATAAGGTCGGCCGGGTCT,0,363848
acrBp,0.04,24,24,TTAAGCCCTGCGCGAGCTTT,0,366758
acrBp,0.04,24,24,TGGAGACGCAGTGCGGAAGG,0,379635
acrBp,0.04,24,24,TCGTCTAGGCACATATGGGG,0,374204
acrBp,0.04,24,24,TCGTCCTTGATTCGGAGTTG,0,383237
acrBp,0.04,24,24,TCGATCGACACAGCTCGGCT,0,398610
acrBp,0.04,24,24,TCATGTATGCTCGTGGTGAT,0,360832
acrBp,0.04,24,24,TCAGAGAATTCTGCTTGAGT,0,378802
acrBp,0.04,24,24,TATCCCCTGATGAGAGCGAG,0,359732
acrBp,0.04,24,24,TATATGCGCATACTGGCATC,0,389079
acrBp,0.04,24,24,TATAACGAGTCCTGCTCTTG,0,401914
acrBp,0.04,24,24,GTTTGGGATAACATGGGAAT,0,406417
acrBp,0.04,24,24,GTTCACTACTTGGACGTATA,0,364959
acrBp,0.04,24,24,GTTACCGTCCCATGCGTTGG,0,391516
acrBp,0.04,24,24,GTTAATCCGGGGAGCACAGG,0,390141
acrBp,0.04,24,24,GTGGGTTCACTTCGCCACAG,0,392277
acrBp,0.04,24,24,GTGATAACTGCTCACGAACT,0,381405
acrBp,0.04,24,24,GTATGGTCTACAATATAGAC,0,373548
acrBp,0.04,24,24,GTAGCGCCCAGATAAGGAAT,0,369040
acrBp,0.04,24,24,GTACCCTGGGGGGGGCGAGG,0,379505
acrBp,0.04,24,24,GTACATATCCATTGCTCGTG,0,397745
acrBp,0.04,24,24,GGTTGCGAGGCCCAGCGGGC,0,359627
acrBp,0.04,24,24,GGTCGGGTAGGCTTATTATT,0,388876
acrBp,0.04,24,24,GGGTGTCCACACCAAGTAGT,0,357012
acrBp,0.04,24,24,GGGTCATGAGACCCGTCAGT,0,377699
acrBp,0.04,24,24,GGGGTGGCGGAGACTGGTGT,0,405673
acrBp,0.04,24,24,GGGGTCGAACAACTCCACAA,0,360257
acrBp,0.04,24,24,GGGGGCATCGGTAGCGATAT,0,404745
acrBp,0.04,24,24,GGGGACGGAATAGTGAAAAT,0,384237
acrBp,0.04,24,24,GGGGAATCTCGAGGATCGGC,0,368152
acrBp,0.04,24,24,GGGACTGATCGTCTTCCAGT,0,362467
acrBp,0.04,24,24,GCTAGCTTCAGGGGAACCGT,0,387880
acrBp,0.04,24,24,GCGGTACATTACGGTAGGGC,0,364632
acrBp,0.04,24,24,GCGGAGTAAAAGAGGAACAT,0,385177
acrBp,0.04,24,24,GCGAGATACGAGGAGACACT,0,387736
acrBp,0.04,24,24,GCCTTTACAATGAACTCCTG,0,378126
acrBp,0.04,24,24,GCCTAGAAGAAGTATGTCCT,0,368103
acrBp,0.04,24,24,GCAGACAGGTGCAGTTGCCT,0,357722
acrBp,0.04,24,24,GCACATAGTGCCTAGGCCTC,0,385040
acrBp,0.04,24,24,GATTGGAGAGGCCCATTCTA,0,397039
acrBp,0.04,24,24,GATGTGAATGTGGTGCATAC,0,395264
acrBp,0.04,24,24,GATGATTGAACTGTTGTCCA,0,376162
acrBp,0.04,24,24,GACGTACGTATGGTCGCGAT,0,361192
acrBp,0.04,24,24,GACACAGGAGAGCTCTCCCA,0,368267
acrBp,0.04,24,24,GACAAATTGAGAGATTGTCT,0,364035
acrBp,0.04,24,24,GAACTCGCAAGCTAAACTGT,0,365223
acrBp,0.04,24,24,GAAACTCATCGGTACGGATT,0,361119
acrBp,0.04,24,24,CTGGACACGTTGGAGAAGAC,0,378081
acrBp,0.04,24,24,CTGAAAAGCCGTGTTTTACA,0,382579
acrBp,0.04,24,24,CTCTTTTTCACGCAACTCTA,0,366372
acrBp,0.04,24,24,CTCACCGGTGCAAGGGATAG,0,395266
acrBp,0.04,24,24,CTATTTGACTTCTTAGAGCG,0,398111
acrBp,0.04,24,24,CTATCGTCACATGCCATCCT,0,360176
acrBp,0.04,24,24,CTATAAAGCCCCGATATATA,0,404559
acrBp,0.04,24,24,CGGTTGCAAAGTCATGGTCA,0,387773
acrBp,0.04,24,24,CGGGTTGAGGCAATTCACGT,0,394875
acrBp,0.04,24,24,CGCGCTCACTGTGCGAGTGT,0,391267
acrBp,0.04,24,24,CGCCTGCAAACGGGGGGCGG,0,375233
acrBp,0.04,24,24,CGCCAAACCTAACCGTCGAT,0,364078
acrBp,0.04,24,24,CGATCCGAAGGGCTCTACAG,0,373904
acrBp,0.04,24,24,CCTCTATTGGAAGGGAGCCC,0,407388
acrBp,0.04,24,24,CCGTGGTGTACCTCTGTATA,0,365927
acrBp,0.04,24,24,CCGTCCTGCCCGAAAGGTCT,0,357550
acrBp,0.04,24,24,CCGAACTGCGGAATGACCAG,0,402970
acrBp,0.04,24,24,CCCCGGGAGCGTTTGCAGGT,0,355705
acrBp,0.04,24,24,CCCACTTATGTTGACTGGGT,0,399207
acrBp,0.04,24,24,CCCACACCGCTCGTTTGTGG,0,387060
acrBp,0.04,24,24,CCATCCATCCCACAGCTAAT,0,403649
acrBp,0.04,24,24,CCAGGTAGGCGTCTGTGAAT,0,364378
acrBp,0.04,24,24,CCACCAAAAAGAAGTACCGA,0,396379
acrBp,0.04,24,24,CCACAGCCGGGCTAAAACTG,0,406026
acrBp,0.04,24,24,CATTCGGGCACGCGAACCAG,0,387135
acrBp,0.04,24,24,CATATCCGACGCGGCATTCT,0,391281
acrBp,0.04,24,24,CAGGAATTCACTGTCCTACG,0,356235
acrBp,0.04,24,24,CACGTGCTGTACAACTGCGT,0,362848
acrBp,0.04,24,24,CAACTCATGACAGTCAGCTC,0,383139
acrBp,0.04,24,24,CAAAGCGGGCGGTATCTCTA,0,386269
acrBp,0.04,24,24,ATGTCTTGTGGCCGCCTCTC,0,366189
acrBp,0.04,24,24,ATGGGCCAAATATGCGAAAT,0,356107
acrBp,0.04,24,24,ATACAGCTGTTATGCGTTCG,0,396571
acrBp,0.04,24,24,AGGGGATTCGGCAAACAAAT,0,370628
acrBp,0.04,24,24,AGCTTGATTAAAGTCACCTG,0,391552
acrBp,0.04,24,24,AGCTTATTGATCACATAAGT,0,404550
acrBp,0.04,24,24,AGCTCGCTAATGTACACTTC,0,392160
acrBp,0.04,24,24,AGCTCCGGGAATCCAGCGAC,0,375166
acrBp,0.04,24,24,AGCGGCGGTGGAATCACAGT,0,400588
acrBp,0.04,24,24,AGCCATCTTGAGCAGTTTAA,0,394254
acrBp,0.04,24,24,AGATGCATACAACTTTATAA,0,394699
acrBp,0.04,24,24,AGAGACGATCAACACGTACC,0,406742
acrBp,0.04,24,24,AGACGAGAACTTACTGGCCA,0,363402
acrBp,0.04,24,24,ACTTTGACGTTATGGTTGGT,0,362138
acrBp,0.04,24,24,ACCTCATATAGGGCTGGAGT,0,362675
acrBp,0.04,24,24,ACCCGGTCATCTATTAACCT,0,373388
acrBp,0.04,24,24,ACAGTTGGGTTAGATATCCT,0,368926
acrBp,0.04,24,24,ACACACCCATCAGAAGATTC,0,372331
acrBp,0.04,24,24,ACAAAGTACGACTAAACAGA,0,388368
acrBp,0.04,24,24,AATGTTTATTCACTATGAAT,0,360361
acrBp,0.04,24,24,AATGGTGGCACGTAAAGGTA,0,384553
acrBp,0.04,24,24,AATGATCTATTAGAACTCCA,0,385909
acrBp,0.04,24,24,AATAACAGGTTTGCAAGTAC,0,377450
acrBp,0.04,24,24,AAGTAGAACGCTTGTTTATA,0,368033
acrBp,0.04,24,24,AAGAGGCTTCATTGACGCAG,0,391689
acrBp,0.04,24,24,AACTACTTGACATTAAGCTG,0,365724
acrBp,0.04,24,24,AAACGCGATCTTTGATGCTA,0,403922
acrBp,0.041666666666666664,23,23,TTCTGTGCCATCCCCGCTGT,0,384998
acrBp,0.041666666666666664,23,23,TTCGCAGGGACTCGTTCCAG,0,358882
acrBp,0.041666666666666664,23,23,TTCCTTCACGCTGTAGTGGG,0,368099
acrBp,0.041666666666666664,23,23,TTATCCGACACGTGTACAAG,0,365307
acrBp,0.041666666666666664,23,23,TGTAGCCTGTGCCGGGAGCT,0,366962
acrBp,0.041666666666666664,23,23,TGGATGGACAACCGGATGTT,0,364897
acrBp,0.041666666666666664,23,23,TGCCGTCGGTAAATACGAAA,0,370367
acrBp,0.041666666666666664,23,23,TGCATACGACAGAGGGTATG,0,400748
acrBp,0.041666666666666664,23,23,TGCAGAAACCTACCTACCAG,0,404303
acrBp,0.041666666666666664,23,23,TGAACAATGCAAGTAAGTCA,0,401147
acrBp,0.041666666666666664,23,23,TCTTGACATCGGGATTTCGT,0,401244
acrBp,0.041666666666666664,23,23,TCTGCTAGGACTCGGTGCAA,0,381186
acrBp,0.041666666666666664,23,23,TCTCTGGCGACGAACACGTA,0,408552
acrBp,0.041666666666666664,23,23,TCGTGGGAGACGGAAGAGGC,0,386494
acrBp,0.041666666666666664,23,23,TCGCAACGCGGTCTACCGAT,0,401203
acrBp,0.041666666666666664,23,23,TATCCTATGTAGTGTAGTAA,0,355384
acrBp,0.041666666666666664,23,23,TATCCGGACAGAACTGCTTC,0,356924
acrBp,0.041666666666666664,23,23,TAGCGCTTCGACATTGATGA,0,356382
acrBp,0.041666666666666664,23,23,TAGCGATGTACCAGCGTATT,0,390291
acrBp,0.041666666666666664,23,23,TAACATTGTCCATTTATTTC,0,368700
acrBp,0.041666666666666664,23,23,GTTAGGGCGCTAAGCGGCCT,0,396599
acrBp,0.041666666666666664,23,23,GTGGGGCGGTAAGTTCGTTT,0,356899
acrBp,0.041666666666666664,23,23,GTGCCCGGGACCTCGTGTCA,0,402910
acrBp,0.041666666666666664,23,23,GTGAAGCCTAATGGTGCTAA,0,370669
acrBp,0.041666666666666664,23,23,GTCTAAAGCGCAGGACGTCC,0,369988
acrBp,0.041666666666666664,23,23,GTCGAGATTTCGCGCCTAAA,0,367137
acrBp,0.041666666666666664,23,23,GTCATAGAAGGCTAGGTAGG,0,362188
acrBp,0.041666666666666664,23,23,GTATGGGTATCTGTCAGCGA,0,378168
acrBp,0.041666666666666664,23,23,GTATGCCAGATCCAGAATAG,0,362542
acrBp,0.041666666666666664,23,23,GGTTTACGTGACAGATGGTA,0,381656
acrBp,0.041666666666666664,23,23,GGTTAAGTACCTCAGTGAGA,0,388133
acrBp,0.041666666666666664,23,23,GGTGGGTGCGAAGTACTTAC,0,396461
acrBp,0.041666666666666664,23,23,GGTCGGTTGCCTGAAATGTT,0,375874
acrBp,0.041666666666666664,23,23,GGGCGCAGGCCAAGATGATC,0,365066
acrBp,0.041666666666666664,23,23,GGCTCTATCGAATCTGGGTC,0,377014
acrBp,0.041666666666666664,23,23,GGCTACTCGGCCCTCCCTTA,0,361014
acrBp,0.041666666666666664,23,23,GGCGTGATACGTCTATTTAT,0,355885
acrBp,0.041666666666666664,23,23,GGCCGCAAAGAGCGGCCCAC,0,370911
acrBp,0.041666666666666664,23,23,GGCCGACAAGCGACAGAGAG,0,389794
acrBp,0.041666666666666664,23,23,GGCATACGGCGGTTCTGCCA,0,397593
acrBp,0.041666666666666664,23,23,GGCAATTTCGACGCTTCTAA,0,376803
acrBp,0.041666666666666664,23,23,GGCAATTTATGGACCCAGTG,0,360895
acrBp,0.041666666666666664,23,23,GGACCCTACTCTTTTCTTAT,0,363328
acrBp,0.041666666666666664,23,23,GCTACAGGGTCACTCCAGAA,0,389766
acrBp,0.041666666666666664,23,23,GCGTAGCCATCTTAACACGA,0,366400
acrBp,0.041666666666666664,23,23,GCCTTGAATACATATAAAAG,0,382089
acrBp,0.041666666666666664,23,23,GCCACGCGGGCTCCGTGACA,0,378801
acrBp,0.041666666666666664,23,23,GCAGTGGGGCTCGTTGAGTT,0,368974
acrBp,0.041666666666666664,23,23,GCAAAGACGGCTAGCTTTAC,0,363495
acrBp,0.041666666666666664,23,23,GATTACGAAACCAACAGAGC,0,356888
acrBp,0.041666666666666664,23,23,GATAATGCAGATGCTAGTGA,0,357683
acrBp,0.041666666666666664,23,23,GAGGTCAGACTCTCTAACCA,0,379044
acrBp,0.041666666666666664,23,23,GACTGTGCTACAGCACTTCT,0,365127
acrBp,0.041666666666666664,23,23,GAATTTTAAAACGCCTGGCA,0,358455
acrBp,0.041666666666666664,23,23,GAAGGTCAAGTGAGCCCGTA,0,407236
acrBp,0.041666666666666664,23,23,CTTTCTTAACCTCGGTCAAA,0,395601
acrBp,0.041666666666666664,23,23,CTTTCCGGCCGGACTCATAG,0,372807
acrBp,0.041666666666666664,23,23,CTTGTTCTAGCCTCGTGGAC,0,373998
acrBp,0.041666666666666664,23,23,CTTAAGCAGAATGTGGAGCA,0,397561
acrBp,0.041666666666666664,23,23,CTGTGAAGTCTGTAACTACG,0,369184
acrBp,0.041666666666666664,23,23,CTGGCGGTCAAGGCGAATGT,0,378513
acrBp,0.041666666666666664,23,23,CTGACTGATTATCCCTCAGT,0,372458
acrBp,0.041666666666666664,23,23,CTCGTTGGGGCCAGTTGTCT,0,371066
acrBp,0.041666666666666664,23,23,CTATGACGGACTTGCGGTAT,0,374184
acrBp,0.041666666666666664,23,23,CTAGGCGTATAGCACGAATC,0,377494
acrBp,0.041666666666666664,23,23,CTAGAGCATGTATCAGATGA,0,391528
acrBp,0.041666666666666664,23,23,CTACAGGGTTCATATAGCCA,0,361368
acrBp,0.041666666666666664,23,23,CTAAGCATTACAATACTTCA,0,390885
acrBp,0.041666666666666664,23,23,CGTTAACTCAGGCCTTCCGG,0,369884
acrBp,0.041666666666666664,23,23,CGTGTCTTCTTGGGGTCATA,0,396946
acrBp,0.041666666666666664,23,23,CGTGGCCCAGGGCGAGTGAA,0,373258
acrBp,0.041666666666666664,23,23,CGTCAGCCACGTTTTCGCTG,0,397513
acrBp,0.041666666666666664,23,23,CGTCAAGTTCGCGATAATTC,0,382940
acrBp,0.041666666666666664,23,23,CGTACCAGGAACTCTAGACT,0,375227
acrBp,0.041666666666666664,23,23,CGTAAAACTCGGCTCCATGT,0,398269
acrBp,0.041666666666666664,23,23,CGGGGGGACAGTACCAGCAG,0,359767
acrBp,0.041666666666666664,23,23,CGGCTAGTTACGACGGCAAA,0,389263
acrBp,0.041666666666666664,23,23,CGGCGGGGGGTACTATCTCA,0,393705
acrBp,0.041666666666666664,23,23,CGGAGTTCAGTTTAGTTGCA,0,377000
acrBp,0.041666666666666664,23,23,CGCTGGCCGGTTGACTCGAT,0,385210
acrBp,0.041666666666666664,23,23,CGCTGACAACACTCCGTGAT,0,382119
acrBp,0.041666666666666664,23,23,CGCTACGCCCCTCTGAAGGA,0,376495
acrBp,0.041666666666666664,23,23,CGCATTCCAGCATCCACTTT,0,377386
acrBp,0.041666666666666664,23,23,CGATTGGACTTTGAACTGTG,0,363545
acrBp,0.041666666666666664,23,23,CGATCCAATTCATCGAAGGA,0,379168
acrBp,0.041666666666666664,23,23,CGACAAGAAGGGGTACTTCC,0,361785
acrBp,0.041666666666666664,23,23,CGAACCGGGGACCACTGGAT,0,382821
acrBp,0.041666666666666664,23,23,CCTCGGATATTGCTTCCAGT,0,372610
acrBp,0.041666666666666664,23,23,CCGCCGGACATAGTCTATGA,0,373094
acrBp,0.041666666666666664,23,23,CCCCCCGGGAGTACTAGATA,0,370504
acrBp,0.041666666666666664,23,23,CCCATGTAGGAAATATGGCC,0,397328
acrBp,0.041666666666666664,23,23,CCCAGGCCACTTCACAGTTT,0,399361
acrBp,0.041666666666666664,23,23,CCATAGGGCTACCCGTTGTC,0,379757
acrBp,0.041666666666666664,23,23,CCAAGTACGCGGCGATCGCT,0,403921
acrBp,0.041666666666666664,23,23,CCAAGGGTATTGAGGAACGA,0,368837
acrBp,0.041666666666666664,23,23,CATTGCTCATCAATCCGTTA,0,373843
acrBp,0.041666666666666664,23,23,CAGTTACGTAGAGCATATGC,0,387558
acrBp,0.041666666666666664,23,23,CACTTCGGGGACAGAGCTGT,0,378229
acrBp,0.041666666666666664,23,23,CACGCAGAATCTTCGGTTTT,0,385205
acrBp,0.041666666666666664,23,23,CACCGACAAGCTAGTCAAGC,0,365431
acrBp,0.041666666666666664,23,23,CAAGCAAATCCTGTAACGAG,0,386651
acrBp,0.041666666666666664,23,23,ATGTTCACGGGCTCTTTTAA,0,364474
acrBp,0.041666666666666664,23,23,ATGTGGAGGACCGCAGTTCT,0,401023
acrBp,0.041666666666666664,23,23,ATGTCTGCGGGGAAGGCACA,0,358918
acrBp,0.041666666666666664,23,23,ATGTCGCGGCTGTCGTATAT,0,405845
acrBp,0.041666666666666664,23,23,ATGTACGTCCGCGCATTCAG,0,385685
acrBp,0.041666666666666664,23,23,ATGGGACGGGCGGGCGCCTA,0,377608
acrBp,0.041666666666666664,23,23,ATGCTTATACCGACCGCCCT,0,358483
acrBp,0.041666666666666664,23,23,ATCGCGACGTTTCAATACAA,0,359116
acrBp,0.041666666666666664,23,23,ATATCCAGGCCCGACGCAGG,0,396725
acrBp,0.041666666666666664,23,23,ATACCTGGTGTTTGACTATA,0,370910
acrBp,0.041666666666666664,23,23,ATACAACCCAACAAACATGA,0,358418
acrBp,0.041666666666666664,23,23,AGTCATAACGTGGCTGGTTA,0,356557
acrBp,0.041666666666666664,23,23,AGTACTGTTTAAGAAGTAAT,0,381183
acrBp,0.041666666666666664,23,23,AGGGTTCAGGAGTATATACT,0,404373
acrBp,0.041666666666666664,23,23,AGGGTAAAAGGTATTTCTTT,0,370425
acrBp,0.041666666666666664,23,23,AGGAGGGCGTTCATGCATGA,0,386275
acrBp,0.041666666666666664,23,23,AGCCTAATGCGCCCCGCGCA,0,405280
acrBp,0.041666666666666664,23,23,AGCCCGGAGCTTGGCAAAAA,0,368913
acrBp,0.041666666666666664,23,23,AGCCCACGACTGGAGCGAGG,0,375197
acrBp,0.041666666666666664,23,23,AGCAGGCCTCTATTGGACAA,0,358883
acrBp,0.041666666666666664,23,23,AGAACATCGCACAATTGAAT,0,377139
acrBp,0.041666666666666664,23,23,ACGTTAGTGTTTTAGCCATC,0,397652
acrBp,0.041666666666666664,23,23,ACGGGATTGCTACGCCTACT,0,363700
acrBp,0.041666666666666664,23,23,ACGATGGTTAATTTTATTTA,0,358852
acrBp,0.041666666666666664,23,23,ACCTCACTCTCCATGCGTGC,0,384105
acrBp,0.041666666666666664,23,23,ACAATGCTCAGATTCCTATA,0,390984
acrBp,0.041666666666666664,23,23,AATATCTGGAATTGATCTGT,0,358333
acrBp,0.041666666666666664,23,23,AATATAAGTTGCTAGGGCGT,0,387482
acrBp,0.041666666666666664,23,23,AAGGGCACCGGAAATAGCGT,0,398184
acrBp,0.041666666666666664,23,23,AAGCGACCCATGGGACAGAT,0,373155
acrBp,0.041666666666666664,23,23,AAATACAAAGATATTAGTGT,0,399032
acrBp,0.041666666666666664,23,23,AAACGTGTGAATCGCTTAAT,0,386044
acrBp,0.043478260869565216,22,22,TTTCGGGTACTCCAGAGGCA,0,358654
acrBp,0.043478260869565216,22,22,TTCGGCTCTTTTAATGGCTG,0,405982
acrBp,0.043478260869565216,22,22,TTCGCGGTAGTAATGGAGGA,0,365102
acrBp,0.043478260869565216,22,22,TTCCTCACAAGCCCAAGTGC,0,389722
acrBp,0.043478260869565216,22,22,TTCCATGATACGGTCATTGA,0,363441
acrBp,0.043478260869565216,22,22,TTCATCGGAACTGGCCGCGG,0,395307
acrBp,0.043478260869565216,22,22,TTAGTGCTTCAGCCGATCAG,0,369869
acrBp,0.043478260869565216,22,22,TTAGGGTGTCCACGATCTGT,0,381674
acrBp,0.043478260869565216,22,22,TTAGGGGGGCCTGTCGTGGG,0,365817
acrBp,0.043478260869565216,22,22,TTACAACATATGCGAGTAGC,0,400984
acrBp,0.043478260869565216,22,22,TGTTTTAGGATCATACAGAA,0,374477
acrBp,0.043478260869565216,22,22,TGTTGCCAATCCCTAGGGCT,0,364956
acrBp,0.043478260869565216,22,22,TGTGCTCGGATTCTCCCAGA,0,399031
acrBp,0.043478260869565216,22,22,TGTCGGGCTATGTCCTCGTT,0,386081
acrBp,0.043478260869565216,22,22,TGTCCCGCTTTAGAGGCTGC,0,367954
acrBp,0.043478260869565216,22,22,TGGTTAGCGGTGGAGCTGTT,0,374688
acrBp,0.043478260869565216,22,22,TGGTGATGACTGACTATGAT,0,374854
acrBp,0.043478260869565216,22,22,TGGTACCACACTTCATATTA,0,386694
acrBp,0.043478260869565216,22,22,TGGGTAAGATGTTACGAAAC,0,362512
acrBp,0.043478260869565216,22,22,TGGGGGCGAATGCAGTATGC,0,371785
acrBp,0.043478260869565216,22,22,TGGACTTCGGCAGACCTCGT,0,385251
acrBp,0.043478260869565216,22,22,TGCTCGCACGTCTCCTATGT,0,390320
acrBp,0.043478260869565216,22,22,TGCAAGTGAGGCTTAAGAAT,0,405094
acrBp,0.043478260869565216,22,22,TGATCTTATTTCCCGGAGCA,0,384594
acrBp,0.043478260869565216,22,22,TGAGGGCGTGGGAGATGTAT,0,397035
acrBp,0.043478260869565216,22,22,TGAGGGATGTAGGCTTGTTA,0,377231
acrBp,0.043478260869565216,22,22,TGAGACATCATAATACGATA,0,361961
acrBp,0.043478260869565216,22,22,TCTCCTGTCGCTGATACAGG,0,392480
acrBp,0.043478260869565216,22,22,TCGTGTGATCAATAGCTGAT,0,367651
acrBp,0.043478260869565216,22,22,TCGGCTATGCACCGTGGCGA,0,365816
acrBp,0.043478260869565216,22,22,TCGCATAGGGTCAACAGTAT,0,396911
acrBp,0.043478260869565216,22,22,TCGAGGGCGTGTCCGAGACA,0,369850
acrBp,0.043478260869565216,22,22,TCCTACTTTCTTAAGTTTGA,0,399328
acrBp,0.043478260869565216,22,22,TCATTGGTGGGCGTGAATCG,0,386527
acrBp,0.043478260869565216,22,22,TCAGGTTCAATGGGCGCCGG,0,399201
acrBp,0.043478260869565216,22,22,TCAGATACCACCGCCGCACA,0,403216
acrBp,0.043478260869565216,22,22,TCACATTGCGCGTCCCTATT,0,367627
acrBp,0.043478260869565216,22,22,TCAACTTTAAACCATCGGAC,0,370370
acrBp,0.043478260869565216,22,22,TCAAATACCTACATTGGACT,0,407810
acrBp,0.043478260869565216,22,22,TCAAAAACGACATCGATCCT,0,386942
acrBp,0.043478260869565216,22,22,TATCTATGAGTTATAGCGTA,0,401201
acrBp,0.043478260869565216,22,22,TATCGCATTTCGGAGTCTGT,0,379098
acrBp,0.043478260869565216,22,22,TATCAACTATAAGTCCAATG,0,404969
acrBp,0.043478260869565216,22,22,TATAAGGGGGTTTGATCGAA,0,374296
acrBp,0.043478260869565216,22,22,TACTGTTCGGAGTAGTCTAG,0,364583
acrBp,0.043478260869565216,22,22,TACGCAGCTACATCGACATA,0,359393
acrBp,0.043478260869565216,22,22,TACCGCAAGTCGTTTCGGGA,0,393699
acrBp,0.043478260869565216,22,22,TACAGGAACTCGCAGTTCAT,0,405632
acrBp,0.043478260869565216,22,22,TAATTTCAATTGCTGTGCGT,0,387716
acrBp,0.043478260869565216,22,22,TAAATATCTTATATAAACAA,0,386772
acrBp,0.043478260869565216,22,22,GTTTCGTGGATATAGGCATC,0,406253
acrBp,0.043478260869565216,22,22,GTTTCAACCCAATCTACACT,0,393194
acrBp,0.043478260869565216,22,22,GTTGCAAGCTGTCACATAAC,0,402611
acrBp,0.043478260869565216,22,22,GTTCGGGACCCTAGAAGGCC,0,367988
acrBp,0.043478260869565216,22,22,GTTACTGTTCCCGTTCTTCT,0,399116
acrBp,0.043478260869565216,22,22,GTGTAACTTCTAAGGTTATT,0,383331
acrBp,0.043478260869565216,22,22,GTCTTGGAATACAAGGAGAT,0,385312
acrBp,0.043478260869565216,22,22,GTCTCCTGGGGTTGGGCTTC,0,399619
acrBp,0.043478260869565216,22,22,GTCTATTTTCGACAGCGTAC,0,398895
acrBp,0.043478260869565216,22,22,GTAGGCCCAACAAAGGTGTT,0,364898
acrBp,0.043478260869565216,22,22,GGTGTGACCGTTCCTGACTG,0,383797
acrBp,0.043478260869565216,22,22,GGTCGTTGTATCGATTAGGT,0,358583
acrBp,0.043478260869565216,22,22,GGTCCGGCTCCAGAAGTTAC,0,383050
acrBp,0.043478260869565216,22,22,GGTCAAGGGTAAGAAGCTAG,0,399221
acrBp,0.043478260869565216,22,22,GGTATCACGAGGGCACTTTA,0,377486
acrBp,0.043478260869565216,22,22,GGTATATATAGTTTTACGGG,0,379795
acrBp,0.043478260869565216,22,22,GGGTATGGCTTATTATCACG,0,366474
acrBp,0.043478260869565216,22,22,GGGGGGATGTTTCAGCGTTC,0,393674
acrBp,0.043478260869565216,22,22,GGGAATCCCGCTTTTAAGTT,0,386782
acrBp,0.043478260869565216,22,22,GGCGGTAACAGAAATTAGAG,0,378299
acrBp,0.043478260869565216,22,22,GGCATTCAAGGCCGCGTAGT,0,397944
acrBp,0.043478260869565216,22,22,GGCACGTCAGCTTAGATAAC,0,384484
acrBp,0.043478260869565216,22,22,GGAGCTTCAGTTCAATAAAC,0,362963
acrBp,0.043478260869565216,22,22,GCTTGCCATTGCCCACGTTT,0,392350
acrBp,0.043478260869565216,22,22,GCTTCGGATTCGACCCACCT,0,406568
acrBp,0.043478260869565216,22,22,GCGTCCAGCGCCGACACGTG,0,361474
acrBp,0.043478260869565216,22,22,GCGTCCACGTCTCGGTTCAA,0,392003
acrBp,0.043478260869565216,22,22,GCCGCATCGACAATTGTCTA,0,392142
acrBp,0.043478260869565216,22,22,GCACTCGGTTTCAGGGGTCA,0,406021
acrBp,0.043478260869565216,22,22,GCACCACCTAGTGGAGGACC,0,369617
acrBp,0.043478260869565216,22,22,GCAATGTGGTTTGACAATCC,0,384319
acrBp,0.043478260869565216,22,22,GCAACGTCAGTGCAATTTGG,0,360153
acrBp,0.043478260869565216,22,22,GCAACCGAGGCACTCAGTCA,0,406842
acrBp,0.043478260869565216,22,22,GATTCTGACGTGATAGCGTT,0,389182
acrBp,0.043478260869565216,22,22,GATCAGTGCCGGTAGCGAGT,0,398446
acrBp,0.043478260869565216,22,22,GAGTAGGAGTCGCGAACTTC,0,373545
acrBp,0.043478260869565216,22,22,GAGGTATGTCAGCGAGCCCA,0,381072
acrBp,0.043478260869565216,22,22,GAGCCTCCGGAGTGGTTCAT,0,393957
acrBp,0.043478260869565216,22,22,GACGCTAGAGCGTATCAGGA,0,368490
acrBp,0.043478260869565216,22,22,GACCCTGTTCGCAGAAATTA,0,380221
acrBp,0.043478260869565216,22,22,GACCCCGGCCGCGGTGCTTA,0,372687
acrBp,0.043478260869565216,22,22,GACAACGATGGTCCTTGCTG,0,397688
acrBp,0.043478260869565216,22,22,GAACGTAGGCGTATTCTAAT,0,389517
acrBp,0.043478260869565216,22,22,CTTGGGTCGGGGGAATTTAA,0,362809
acrBp,0.043478260869565216,22,22,CTTGACCCTAGGGGTGTGGA,0,356893
acrBp,0.043478260869565216,22,22,CTTCAGCGGACGCGTGCCTT,0,358973
acrBp,0.043478260869565216,22,22,CTTCAACGTATCCTGATTAT,0,387738
acrBp,0.043478260869565216,22,22,CTTAATGTTAAAGGAGACGT,0,379234
acrBp,0.043478260869565216,22,22,CTGGCCACTTGGAAGAATCT,0,407301
acrBp,0.043478260869565216,22,22,CTGACCGGCACTATTGGGAA,0,385735
acrBp,0.043478260869565216,22,22,CTCTCAATCGAACGCTCTGT,0,408167
acrBp,0.043478260869565216,22,22,CTCGCAATGAAGTTCGGTTC,0,374206
acrBp,0.043478260869565216,22,22,CTCCTAATTCTATAAGACGT,0,379618
acrBp,0.043478260869565216,22,22,CTAGGTCTCAAACCTTAGGT,0,384592
acrBp,0.043478260869565216,22,22,CTACAGGAATTCCCATCGCG,0,361907
acrBp,0.043478260869565216,22,22,CTACACACGTAACACCTCAC,0,362668
acrBp,0.043478260869565216,22,22,CTAATGGTGTGAGAAGCACC,0,386625
acrBp,0.043478260869565216,22,22,CGTTGTCTCTCATCTACGCC,0,369028
acrBp,0.043478260869565216,22,22,CGGTAAATGAGGACATTCTT,0,381073
acrBp,0.043478260869565216,22,22,CGGGTATTCCCAGGAAGCAA,0,371186
acrBp,0.043478260869565216,22,22,CGGGACGACTAGGCTCTGAA,0,406848
acrBp,0.043478260869565216,22,22,CGGATGCTCAGGATTCAAGG,0,363049
acrBp,0.043478260869565216,22,22,CGGATAGGAGTGCGCAAGCT,0,395637
acrBp,0.043478260869565216,22,22,CGCTGGCTAGGTGTTCAGAC,0,367541
acrBp,0.043478260869565216,22,22,CGCGTGTACGGCTTTACCGT,0,376783
acrBp,0.043478260869565216,22,22,CGCCCCCTAACAGATAAGCA,0,363407
acrBp,0.043478260869565216,22,22,CGAGATAAACGGGCAAAAGG,0,385800
acrBp,0.043478260869565216,22,22,CGAATTGTCAGGACCTCATG,0,394305
acrBp,0.043478260869565216,22,22,CGAAGGGTTGCTGTTCCACT,0,355834
acrBp,0.043478260869565216,22,22,CCTTTTCATGCCGGGCGGAG,0,384136
acrBp,0.043478260869565216,22,22,CCCCGTCGGTTAAAGCGGTA,0,393493
acrBp,0.043478260869565216,22,22,CCATGTATATTACGTTGGAT,0,369424
acrBp,0.043478260869565216,22,22,CCATATGGCGCTAGCATGAT,0,357259
acrBp,0.043478260869565216,22,22,CCAGCATGGAACGCAATACG,0,387173
acrBp,0.043478260869565216,22,22,CCACAGGCACAGCGATTCGT,0,389568
acrBp,0.043478260869565216,22,22,CCAAATCGAACCTTGATGCG,0,390652
acrBp,0.043478260869565216,22,22,CATTTCAGGTTGCAAAATAC,0,382844
acrBp,0.043478260869565216,22,22,CATGCAGCATTAAGCTAGTC,0,362356
acrBp,0.043478260869565216,22,22,CATATATTAGCGAAAGTGCA,0,394790
acrBp,0.043478260869565216,22,22,CAGTGTCCGGTACGTTCGCT,0,377669
acrBp,0.043478260869565216,22,22,CAGGCGGCCGCTAATATCTG,0,384548
acrBp,0.043478260869565216,22,22,CAGATTGAACTTGTGTCCCC,0,365375
acrBp,0.043478260869565216,22,22,CACGGTCCACCCCGATGTTC,0,365033
acrBp,0.043478260869565216,22,22,CACCTCATCCCAGGCACCAT,0,398761
acrBp,0.043478260869565216,22,22,CACAGGCACTTGCTCCTGCA,0,388048
acrBp,0.043478260869565216,22,22,CACACTGGTAGCTTTGCGCT,0,389432
acrBp,0.043478260869565216,22,22,CAATAGCAGTGGCCGTTAGA,0,393617
acrBp,0.043478260869565216,22,22,CAATAGAAGATAGGTGGAGC,0,385629
acrBp,0.043478260869565216,22,22,CAAGTCTGCCGCTATGTTAA,0,393930
acrBp,0.043478260869565216,22,22,CAAGGTCGTCCTCATGCTAA,0,366619
acrBp,0.043478260869565216,22,22,CAAGGGTTCATCTTCTTTGT,0,378589
acrBp,0.043478260869565216,22,22,CAAAGCTATGGAAGTAACTT,0,386921
acrBp,0.043478260869565216,22,22,ATTGACTACCAGCAGCCCTC,0,357206
acrBp,0.043478260869565216,22,22,ATGTCTACTGAATAGGTTTA,0,388225
acrBp,0.043478260869565216,22,22,ATGCACACAGCAGGTGGACT,0,405157
acrBp,0.043478260869565216,22,22,ATGATGTGGGCCTTACCATA,0,406438
acrBp,0.043478260869565216,22,22,ATCGCCTCGGGGACCCGCAG,0,404435
acrBp,0.043478260869565216,22,22,ATAAGGGATTACAGCCTGTT,0,367173
acrBp,0.043478260869565216,22,22,AGTTTTTAAACAGTTTCGAG,0,407454
acrBp,0.043478260869565216,22,22,AGTTGTATTAGAAGCGGCTC,0,385496
acrBp,0.043478260869565216,22,22,AGTCACAAATTTTGATTTGT,0,379124
acrBp,0.043478260869565216,22,22,AGTATATACCCGTTCATTAT,0,402060
acrBp,0.043478260869565216,22,22,AGTAGGTATTCAGGCCGCAG,0,384283
acrBp,0.043478260869565216,22,22,AGTAGGAATGGGTCTGGCGC,0,358593
acrBp,0.043478260869565216,22,22,AGTACGTGGCAATCACAGCT,0,379335
acrBp,0.043478260869565216,22,22,AGGTTCAAAACCGATTGACG,0,391523
acrBp,0.043478260869565216,22,22,AGGGTTGACAAGATATACTT,0,391616
acrBp,0.043478260869565216,22,22,AGGGGATAATTACCGGGCCT,0,370668
acrBp,0.043478260869565216,22,22,AGGGCGGCGTCAACGAGGCT,0,394446
acrBp,0.043478260869565216,22,22,AGGATGGTCAGACAGGTGCT,0,394366
acrBp,0.043478260869565216,22,22,AGGAGGTCATTGCACGAAAT,0,399662
acrBp,0.043478260869565216,22,22,AGCTGCTTTGCATACTGATT,0,358706
acrBp,0.043478260869565216,22,22,AGCTAACATGGGCATCCGTG,0,385770
acrBp,0.043478260869565216,22,22,AGCCTTGCCACCTGTAGGAT,0,370506
acrBp,0.043478260869565216,22,22,AGCCTTCCCTTAGTTGGGTG,0,386032
acrBp,0.043478260869565216,22,22,AGCCTCTATAAGGGATCCGA,0,363445
acrBp,0.043478260869565216,22,22,AGAGGTGCACGCGGTTAGTC,0,396457
acrBp,0.043478260869565216,22,22,AGAGGCGGTCTCATCTCTTA,0,407356
acrBp,0.043478260869565216,22,22,AGAGACCATGTATGCTTGTT,0,385663
acrBp,0.043478260869565216,22,22,AGACTTTTCGATGAGTAAAT,0,363904
acrBp,0.043478260869565216,22,22,AGACACGATTCGGACGTAAT,0,389009
acrBp,0.043478260869565216,22,22,ACTGTGCTGATTCAGGCTCT,0,393120
acrBp,0.043478260869565216,22,22,ACTCGTATTCTTTATTCCCT,0,362517
acrBp,0.043478260869565216,22,22,ACGTCGTCGGCATACCAGCA,0,377262
acrBp,0.043478260869565216,22,22,ACGCCTCCGGACCTCTCCAA,0,359428
acrBp,0.043478260869565216,22,22,ACGAGCGTGAACGAACCGTA,0,404242
acrBp,0.043478260869565216,22,22,ACGAATAAAGCTTAGAGTTT,0,373488
acrBp,0.043478260869565216,22,22,ACGAAGAAGAGAGGCGGCTC,0,376965
acrBp,0.043478260869565216,22,22,ACCCTAAGGGACAGGGGAAA,0,367355
acrBp,0.043478260869565216,22,22,ACCCCCCGTTCATTCGCTTC,0,384272
acrBp,0.043478260869565216,22,22,ACCAGTGTTTTCATGTAGTT,0,356384
acrBp,0.043478260869565216,22,22,ACAACTTACTCAACGAAAAG,0,358787
acrBp,0.043478260869565216,22,22,ACAAACGAGGCAAGGTTGCC,0,378858
acrBp,0.043478260869565216,22,22,AATTTATGTTTCTGTACTGC,0,366816
acrBp,0.043478260869565216,22,22,AATTCTCCCTATTTGTGCAT,0,392968
acrBp,0.043478260869565216,22,22,AATGGGGAACTAAGCCATTT,0,392657
acrBp,0.043478260869565216,22,22,AATCGCTTAATCGCAGCCTA,0,368972
acrBp,0.043478260869565216,22,22,AATAGGGATTTCGGTAATAG,0,399170
acrBp,0.043478260869565216,22,22,AATACTATGACCAGCCGATC,0,385875
acrBp,0.043478260869565216,22,22,AAGTCACCAACTCGATAGCA,0,405856
acrBp,0.043478260869565216,22,22,AAGGCAATTAGAGTCCATCA,0,399290
acrBp,0.043478260869565216,22,22,AAGCGGTGTCCGGAGGACTA,0,358950
acrBp,0.043478260869565216,22,22,AAGCGGCCACATCAGATGCA,0,368322
acrBp,0.043478260869565216,22,22,AAGCCACAATTCTAGCTAGT,0,391997
acrBp,0.043478260869565216,22,22,AAGATGCCGTCTTACAGAGA,0,362444
acrBp,0.043478260869565216,22,22,AAGACGTTTAGTTTAAGGGA,0,378781
acrBp,0.043478260869565216,22,22,AACTAACTATTCCCTCACGT,0,383224
acrBp,0.043478260869565216,22,22,AACGGTCAAGTACTATTCGC,0,375883
acrBp,0.043478260869565216,22,22,AACACTTGTGAACGCCAGAG,0,398404
acrBp,0.043478260869565216,22,22,AAATGTAACTAGAGGTTGTA,0,367638
acrBp,0.045454545454545456,21,21,TTTTCATCAACGCTAAAATA,0,370239
acrBp,0.045454545454545456,21,21,TTTGGGACCAAAGATTAATG,0,371764
acrBp,0.045454545454545456,21,21,TTTAAGTTGCGCTCTCCGGT,0,393812
acrBp,0.045454545454545456,21,21,TTGTGAGCAGCGCAGGAGTG,0,365981
acrBp,0.045454545454545456,21,21,TTGGACGATTTGCGATAGCT,0,374346
acrBp,0.045454545454545456,21,21,TTCTCACTAGCGTATCTGAG,0,381655
acrBp,0.045454545454545456,21,21,TTCCTATATACTTCCCTTCA,0,398812
acrBp,0.045454545454545456,21,21,TTCCGCTGGTATGCTCTCAA,0,368613
acrBp,0.045454545454545456,21,21,TTCCACGGCTAAATTGTGTC,0,395199
acrBp,0.045454545454545456,21,21,TTAGAGTTCTTCGATATTTT,0,364679
acrBp,0.045454545454545456,21,21,TTAGAGGCATTCATGGCAAT,0,376418
acrBp,0.045454545454545456,21,21,TTACTACAGATTTGGCCGCA,0,358308
acrBp,0.045454545454545456,21,21,TTACCCGGAAGATGTCGTGA,0,401519
acrBp,0.045454545454545456,21,21,TTACATATATATTGAAAACA,0,382015
acrBp,0.045454545454545456,21,21,TTAATCCTGGTTTCCCTATA,0,374055
acrBp,0.045454545454545456,21,21,TGTGAAGTGTGCTCACGGCA,0,398525
acrBp,0.045454545454545456,21,21,TGTCCCCCTGCTTGACGGTA,0,362792
acrBp,0.045454545454545456,21,21,TGGTTCAACAAGCAATTCGG,0,390497
acrBp,0.045454545454545456,21,21,TGGTATGATCACAATCAAGT,0,377567
acrBp,0.045454545454545456,21,21,TGGCAAACTATAGCTCGTGA,0,383342
acrBp,0.045454545454545456,21,21,TGGATATCGACTACTCCGAA,0,395140
acrBp,0.045454545454545456,21,21,TGGATATAAGTCTCGCATTG,0,369765
acrBp,0.045454545454545456,21,21,TGGATAGAATACATCAAGGT,0,379120
acrBp,0.045454545454545456,21,21,TGCTGCGCAAAAAACAGGCG,0,385798
acrBp,0.045454545454545456,21,21,TGATTAGGTCATTAATTAAT,0,374351
acrBp,0.045454545454545456,21,21,TGAGAAACCCGTTCGACTAA,0,371135
acrBp,0.045454545454545456,21,21,TCTCAGAGTTCTCACTGAAA,0,358738
acrBp,0.045454545454545456,21,21,TCTACAGCAACTGTTTAGAC,0,366627
acrBp,0.045454545454545456,21,21,TCGGTCAATACGAGCGCGTT,0,361399
acrBp,0.045454545454545456,21,21,TCGGGCAATATTACAATGGT,0,364458
acrBp,0.045454545454545456,21,21,TCGAGTCATAAGCCAAACGG,0,361940
acrBp,0.045454545454545456,21,21,TCCGAATGCGGGCGCTAATG,0,384025
acrBp,0.045454545454545456,21,21,TCCATCATGTCATGCCTCTT,0,365706
acrBp,0.045454545454545456,21,21,TCATGACCTTTCATTGGGCT,0,360787
acrBp,0.045454545454545456,21,21,TCAGTTACATCAATAAGTGG,0,369354
acrBp,0.045454545454545456,21,21,TCACCAAGTGGGGTTTCATC,0,395564
acrBp,0.045454545454545456,21,21,TCAAGCACCGGAGCTTATTC,0,401688
acrBp,0.045454545454545456,21,21,TCAAGATCAGTGGGACGTTC,0,370262
acrBp,0.045454545454545456,21,21,TATGGTAACCGCTACCGGAT,0,373011
acrBp,0.045454545454545456,21,21,TATCTGTGTTCGAGCGTCGC,0,356179
acrBp,0.045454545454545456,21,21,TATCATCGTGGTACACCGCT,0,356497
acrBp,0.045454545454545456,21,21,TAGTGACTGCGTGTCAAAAT,0,366157
acrBp,0.045454545454545456,21,21,TAGCCGGTACGCGCAAGACT,0,403993
acrBp,0.045454545454545456,21,21,TACTTGAAATGCGAGCTGAG,0,373093
acrBp,0.045454545454545456,21,21,TACCAACACCGAACACGGAG,0,407783
acrBp,0.045454545454545456,21,21,TAATGCTTCGCGTTCGAACT,0,390067
acrBp,0.045454545454545456,21,21,TAAGTGTATGGGCTGCCGTA,0,402469
acrBp,0.045454545454545456,21,21,TAAGAAACTGCGTAATGTTG,0,399325
acrBp,0.045454545454545456,21,21,TAAAGGAGTACTTAGCGGTT,0,403241
acrBp,0.045454545454545456,21,21,GTTTCGGGCTAGATCGCTAA,0,355592
acrBp,0.045454545454545456,21,21,GTTCCTAAGTATGTCAACGT,0,379094
acrBp,0.045454545454545456,21,21,GTGTATACAGCAAGCGGGCG,0,366716
acrBp,0.045454545454545456,21,21,GTGCTCTAGGTGGTAATGTC,0,378959
acrBp,0.045454545454545456,21,21,GTGCGCTCTGACAAGCGTAG,0,370236
acrBp,0.045454545454545456,21,21,GTGCCCGGAGCGCCCATGGC,0,369268
acrBp,0.045454545454545456,21,21,GTGAACACAACGTGGCTGCA,0,361689
acrBp,0.045454545454545456,21,21,GTCGTAACCTCTTATACTCC,0,372856
acrBp,0.045454545454545456,21,21,GTCATGATTAACAACTTCAT,0,381672
acrBp,0.045454545454545456,21,21,GTAGTGACGCCTGAGTAGTC,0,404390
acrBp,0.045454545454545456,21,21,GTAGTCATCGCGAGACTATG,0,407408
acrBp,0.045454545454545456,21,21,GTACAAAGAGCGCTGCTATT,0,365025
acrBp,0.045454545454545456,21,21,GGTCGTCTTTAGAACAACGA,0,360261
acrBp,0.045454545454545456,21,21,GGTCCATGCCGAGATATTTA,0,372014
acrBp,0.045454545454545456,21,21,GGTCACAGTTACTGCCGCTA,0,362641
acrBp,0.045454545454545456,21,21,GGTAAAAGACTTTCTGTCAC,0,404765
acrBp,0.045454545454545456,21,21,GGCTCAATGTTGCCCCGAGT,0,371653
acrBp,0.045454545454545456,21,21,GGCGACGAGGACTATTTCAC,0,390669
acrBp,0.045454545454545456,21,21,GGCAAACCCGGTCCGGTCGC,0,385551
acrBp,0.045454545454545456,21,21,GGAGCCCGGCGAATTGGGTT,0,390225
acrBp,0.045454545454545456,21,21,GGACGGCGCATACTTGTTTA,0,359458
acrBp,0.045454545454545456,21,21,GCTTAGTGCGGACGAGGGGG,0,396312
acrBp,0.045454545454545456,21,21,GCGTGGCTCCCACAATCCCT,0,375843
acrBp,0.045454545454545456,21,21,GCGTCTCGGACATTATGTGA,0,391693
acrBp,0.045454545454545456,21,21,GCGGTACCGATCGAGTGATT,0,400606
acrBp,0.045454545454545456,21,21,GCGATAGTGTACCACGGGTC,0,405267
acrBp,0.045454545454545456,21,21,GCGATAGCGGGAATCGGCCA,0,359590
acrBp,0.045454545454545456,21,21,GCCTGCCCGTAGAGCCTACT,0,392825
acrBp,0.045454545454545456,21,21,GCATTAGTCTTAATAGATCA,0,370866
acrBp,0.045454545454545456,21,21,GCAGGCACGCTACAATAGGT,0,402454
acrBp,0.045454545454545456,21,21,GAGACGGTTTATCGCGTTGT,0,364848
acrBp,0.045454545454545456,21,21,GACTCTCACTAAATGGCAAA,0,368196
acrBp,0.045454545454545456,21,21,GACGTCAGCCCGCGGAGTAG,0,376479
acrBp,0.045454545454545456,21,21,GACGGGGCGCTCACGAACTT,0,365228
acrBp,0.045454545454545456,21,21,GACAATATGGGGATTCTCTG,0,370794
acrBp,0.045454545454545456,21,21,GAATGCTACTCTGGGTGTAC,0,385085
acrBp,0.045454545454545456,21,21,GAACTTAAGGGGGATACCCC,0,358886
acrBp,0.045454545454545456,21,21,GAACACCAGTTCAGCCGTGG,0,385691
acrBp,0.045454545454545456,21,21,CTTTCATGTCAAACAACTCT,0,408418
acrBp,0.045454545454545456,21,21,CTTGTGTCAGTTTCCTCAAA,0,359965
acrBp,0.045454545454545456,21,21,CTTAATCACGAACCACGGAT,0,390097
acrBp,0.045454545454545456,21,21,CTGTTTGTTATATTATTAGT,0,397115
acrBp,0.045454545454545456,21,21,CTGGAGTTTGACTAAGGCGT,0,367511
acrBp,0.045454545454545456,21,21,CTGAGTATATTCGTAGGGAA,0,368912
acrBp,0.045454545454545456,21,21,CTGACGAGTGAGCGTGGTGT,0,371140
acrBp,0.045454545454545456,21,21,CTCTTACACAATGGGGGTCT,0,388638
acrBp,0.045454545454545456,21,21,CTCTGGATTGAGCCGGGCTT,0,382107
acrBp,0.045454545454545456,21,21,CTATCCCCATTCCGGTGAAC,0,383841
acrBp,0.045454545454545456,21,21,CTATATATGTATATAGGTTT,0,392505
acrBp,0.045454545454545456,21,21,CTAGATCCCTACTTCACGCA,0,377232
acrBp,0.045454545454545456,21,21,CTACCGAGTAGCAGCATCAG,0,377151
acrBp,0.045454545454545456,21,21,CTAAGATCGTACATCTCCCA,0,368260
acrBp,0.045454545454545456,21,21,CGTCTGCTCCACCGTTCTAC,0,374386
acrBp,0.045454545454545456,21,21,CGTCATGTGCCGTCCTGCGT,0,390696
acrBp,0.045454545454545456,21,21,CGTACGAACAGAACATTGTT,0,389478
acrBp,0.045454545454545456,21,21,CGCGCTTAGCGGACTTCCAG,0,366012
acrBp,0.045454545454545456,21,21,CGAGGGCTATACTAAACAAT,0,407045
acrBp,0.045454545454545456,21,21,CCTTGGAGCGCATACCCGGC,0,365751
acrBp,0.045454545454545456,21,21,CCTGTCTAATGCTCACGAAT,0,366126
acrBp,0.045454545454545456,21,21,CCTAGTAATGGTTTATGTGT,0,395023
acrBp,0.045454545454545456,21,21,CCTACAACGTTTTACCAATC,0,406036
acrBp,0.045454545454545456,21,21,CCGGTCACAGTAGAAAGTGG,0,391688
acrBp,0.045454545454545456,21,21,CCGGACATTCTGGGATACGT,0,406366
acrBp,0.045454545454545456,21,21,CCGCACCTTAACAAGGCGGC,0,380461
acrBp,0.045454545454545456,21,21,CCCGGCACGCGGCTACACTC,0,374675
acrBp,0.045454545454545456,21,21,CCCGGATAATCTTTCTGGGT,0,391889
acrBp,0.045454545454545456,21,21,CCCCTTCTGAGTTTTGGCTG,0,382129
acrBp,0.045454545454545456,21,21,CCATTCTATGTCGATCCTAA,0,385161
acrBp,0.045454545454545456,21,21,CCAATTAGGACATTATCGAC,0,388640
acrBp,0.045454545454545456,21,21,CCAAACTATCCCGCGAACAT,0,374856
acrBp,0.045454545454545456,21,21,CATGCAGATAGAATTTTGGC,0,377900
acrBp,0.045454545454545456,21,21,CATATTAGCGGTGCAGGTCG,0,406557
acrBp,0.045454545454545456,21,21,CAGGCCGAAAACTGGGTGTG,0,371008
acrBp,0.045454545454545456,21,21,CAGGACGTTTGAATACTTCA,0,375228
acrBp,0.045454545454545456,21,21,CAGCCTCGTCCTGGAATGTC,0,403121
acrBp,0.045454545454545456,21,21,CACGTAGTCTTGGTTAGCCA,0,388515
acrBp,0.045454545454545456,21,21,CACCCCGGTCTACATCTACC,0,355502
acrBp,0.045454545454545456,21,21,CAATACAAATACTCTCTGCA,0,376645
acrBp,0.045454545454545456,21,21,CAAGGGTAACCGCGCTAAGT,0,361743
acrBp,0.045454545454545456,21,21,ATTGCTGCGCTAGGTCTGGT,0,380852
acrBp,0.045454545454545456,21,21,ATTCTGTGATTTTGAATTTC,0,372461
acrBp,0.045454545454545456,21,21,ATTAGTGCCGTCGGAACTCA,0,367900
acrBp,0.045454545454545456,21,21,ATTAACCCTTACTAGATGTC,0,393332
acrBp,0.045454545454545456,21,21,ATGAACTAAGACGCTCTTTA,0,365168
acrBp,0.045454545454545456,21,21,ATCTATCTCCGCTCGTGGGT,0,374094
acrBp,0.045454545454545456,21,21,ATCCGTTCTTTTGTGTAACC,0,394739
acrBp,0.045454545454545456,21,21,ATCCAGGGGGGGTCCGAATG,0,405147
acrBp,0.045454545454545456,21,21,ATACGTCACGCCGCCTGTTA,0,407074
acrBp,0.045454545454545456,21,21,ATACCACGAATCCGTCGTGG,0,396097
acrBp,0.045454545454545456,21,21,ATAACAGACGGCATCTTCAT,0,372292
acrBp,0.045454545454545456,21,21,AGTTGCGTCAAGTGGATATG,0,400581
acrBp,0.045454545454545456,21,21,AGTAGTTGAGTTTATTGGAT,0,380548
acrBp,0.045454545454545456,21,21,AGTAACAGCACCATCCGGGT,0,388092
acrBp,0.045454545454545456,21,21,AGGTTATCCCCGTTTCGTAC,0,366564
acrBp,0.045454545454545456,21,21,AGGTGTGCACGGCAGAATCG,0,375201
acrBp,0.045454545454545456,21,21,AGGTCGTTGCTTTCAGAGGC,0,392573
acrBp,0.045454545454545456,21,21,AGGTACATTCAGTTCGTGGA,0,402266
acrBp,0.045454545454545456,21,21,AGGGGTTGCATTCGAGGTTG,0,382719
acrBp,0.045454545454545456,21,21,AGGGGTGACGGCTTGGGAGT,0,400987
acrBp,0.045454545454545456,21,21,AGGGGGGAATAGTCGTACGA,0,377277
acrBp,0.045454545454545456,21,21,AGGGACTTCGACGTGTGCTA,0,384488
acrBp,0.045454545454545456,21,21,AGGACAGTCCACAGGCCAAT,0,366153
acrBp,0.045454545454545456,21,21,AGGAAATGTATAGGCCAGCT,0,396100
acrBp,0.045454545454545456,21,21,AGCTGTCACCCCCTTAGCCT,0,374592
acrBp,0.045454545454545456,21,21,AGCTCACCACGGACTTCAGT,0,355031
acrBp,0.045454545454545456,21,21,AGCGCCTGAAGAACCTAACA,0,384591
acrBp,0.045454545454545456,21,21,AGCGATATTCAATAACTCAC,0,390140
acrBp,0.045454545454545456,21,21,AGATTGAGGCTAGATCAGGT,0,383969
acrBp,0.045454545454545456,21,21,AGATCTCTTACAAGGGACGA,0,370470
acrBp,0.045454545454545456,21,21,AGAGACTAGGGATACCCGGG,0,386951
acrBp,0.045454545454545456,21,21,AGACCTGGCACAGCTCGTAC,0,390833
acrBp,0.045454545454545456,21,21,ACTTTAGAAGCGATTGGACT,0,376422
acrBp,0.045454545454545456,21,21,ACGTCAAATTTGAGGAGCGA,0,360848
acrBp,0.045454545454545456,21,21,ACGCCCTACAGGCAGCGCCC,0,382153
acrBp,0.045454545454545456,21,21,ACCGATATTGGTTCTGATTG,0,387163
acrBp,0.045454545454545456,21,21,ACCCGTCGGTATAAATTTAA,0,373290
acrBp,0.045454545454545456,21,21,ACCCGCGGGCACTCATTTGG,0,399093
acrBp,0.045454545454545456,21,21,ACCCAGGGACGGCGCCCAAG,0,355852
acrBp,0.045454545454545456,21,21,ACCCACTTTCATATGTAATA,0,363007
acrBp,0.045454545454545456,21,21,ACAATTTAACCATTGTTGGT,0,355233
acrBp,0.045454545454545456,21,21,AATATCGTGCGGCCACGTAC,0,380462
acrBp,0.045454545454545456,21,21,AATAACGCGGGATAGCCAAC,0,371949
acrBp,0.045454545454545456,21,21,AACTTGGTTCTATCAGGCTA,0,373677
acrBp,0.045454545454545456,21,21,AACTCGGTTGGAATTAGAAG,0,392061
acrBp,0.045454545454545456,21,21,AACAGACGTCAACTGTGTAT,0,401807
acrBp,0.045454545454545456,21,21,AAAGATGTGCGTCCTTTTTT,0,361611
acrBp,0.045454545454545456,21,21,AAAAACGTTTTTCTGGCTAA,0,406195
acrBp,0.047619047619047616,20,20,TTTTATTTTGGCCAGACGAA,0,370080
acrBp,0.047619047619047616,20,20,TTTGCGCTGGCGGCGAAAGT,0,370121
acrBp,0.047619047619047616,20,20,TTTCACCGCCGCTTTTCTGT,0,405472
acrBp,0.047619047619047616,20,20,TTTATTCCCAAGCGTCTTCG,0,388056
acrBp,0.047619047619047616,20,20,TTTAGATAGAGACGGGGGTC,0,400139
acrBp,0.047619047619047616,20,20,TTTACTATTAGGATCACTCT,0,405243
acrBp,0.047619047619047616,20,20,TTTACCAGATGGCTTCCATC,0,361687
acrBp,0.047619047619047616,20,20,TTGTAGTTTGATCGTTACGT,0,360695
acrBp,0.047619047619047616,20,20,TTGGTATTGGCAGAGGGCTC,0,376397
acrBp,0.047619047619047616,20,20,TTGGCCATCGATCTCTGCGT,0,357463
acrBp,0.047619047619047616,20,20,TTCGGTTCGTTCGTACTAAA,0,365435
acrBp,0.047619047619047616,20,20,TTCGCACTCGGCATAAACAG,0,377776
acrBp,0.047619047619047616,20,20,TTCGACGTATACGATAGCCC,0,403979
acrBp,0.047619047619047616,20,20,TTCCCCGCCATACTTAGTGG,0,382983
acrBp,0.047619047619047616,20,20,TTCAAAAGCCCATGATGTAT,0,373257
acrBp,0.047619047619047616,20,20,TGTTAGGGAAATGGATTTGT,0,379720
acrBp,0.047619047619047616,20,20,TGTCTCATTGTGAAGTAGAT,0,359712
acrBp,0.047619047619047616,20,20,TGTCCGGAACTTTGTGTATT,0,355973
acrBp,0.047619047619047616,20,20,TGTCCAGAGGCTTTTCAGTG,0,377319
acrBp,0.047619047619047616,20,20,TGTACACGGTGCCGAATTGG,0,364478
acrBp,0.047619047619047616,20,20,TGGTCTGGAGTTTCATCAAT,0,360321
acrBp,0.047619047619047616,20,20,TGGGTGTTTCTAGGTGCTGC,0,365845
acrBp,0.047619047619047616,20,20,TGGCACATGGTGCGCCGGCA,0,385074
acrBp,0.047619047619047616,20,20,TGCGAGATTTGTAGATAGGA,0,387384
acrBp,0.047619047619047616,20,20,TGCATCGAGGGTTATTATAT,0,384671
acrBp,0.047619047619047616,20,20,TGAGTCTTACCGGCAGATTG,0,396920
acrBp,0.047619047619047616,20,20,TGAGGAAGATCACTTATGTC,0,380928
acrBp,0.047619047619047616,20,20,TCTGGGTCGATTTCGAGAAT,0,378259
acrBp,0.047619047619047616,20,20,TCTCCAGCAAGGTAGGGCAT,0,390770
acrBp,0.047619047619047616,20,20,TCGTGGGCGAATAAATCACA,0,387468
acrBp,0.047619047619047616,20,20,TCGTACACACTCTCGCGCGA,0,391548
acrBp,0.047619047619047616,20,20,TCGGAACTTGCACGCCATGT,0,362227
acrBp,0.047619047619047616,20,20,TCGCATTCCACAAGGCGGGT,0,377880
acrBp,0.047619047619047616,20,20,TCGACCAACACGCCACCTCC,0,381350
acrBp,0.047619047619047616,20,20,TCCTGCCAAAGTATCGCCCC,0,389043
acrBp,0.047619047619047616,20,20,TCCGCTTCAGCGCTTCTTTT,0,384631
acrBp,0.047619047619047616,20,20,TCCCGGATACCATATAGGCT,0,394430
acrBp,0.047619047619047616,20,20,TCCACACAATACCAACTAAA,0,371559
acrBp,0.047619047619047616,20,20,TCATCCAACAGATTTGGTTC,0,381505
acrBp,0.047619047619047616,20,20,TCACTTCCAAATATCCTAAT,0,389566
acrBp,0.047619047619047616,20,20,TCACAGCTTACGGCTAAAGA,0,374757
acrBp,0.047619047619047616,20,20,TATTACGATGGGCGGTTCTT,0,381915
acrBp,0.047619047619047616,20,20,TATATCTACGACTCCATAGC,0,373306
acrBp,0.047619047619047616,20,20,TATACTGAGGCGATTTGGTT,0,387311
acrBp,0.047619047619047616,20,20,TAGGGTCTAGGAATGGTGCA,0,370266
acrBp,0.047619047619047616,20,20,TAGGGATGACGAAGGCACAA,0,403282
acrBp,0.047619047619047616,20,20,TAGCGGCCGCTATCAATAAA,0,376382
acrBp,0.047619047619047616,20,20,TAGAGATTGTTACCTAACAT,0,395238
acrBp,0.047619047619047616,20,20,TACTAGGGCAATCTTACGAG,0,381403
acrBp,0.047619047619047616,20,20,TACCCTCCCTAAAAAGGCGC,0,396913
acrBp,0.047619047619047616,20,20,TACAGTCAGGGTGATACGGC,0,401830
acrBp,0.047619047619047616,20,20,TACAGAATGGGCATAACGGG,0,355101
acrBp,0.047619047619047616,20,20,TAAGGAACTGAGGACTTCAG,0,396163
acrBp,0.047619047619047616,20,20,TAAGCAGTGGAGACGGAGCC,0,373666
acrBp,0.047619047619047616,20,20,TAACTCTTTTCAAGAACCAA,0,398533
acrBp,0.047619047619047616,20,20,TAACCGTGCAGTGGGTTATT,0,386076
acrBp,0.047619047619047616,20,20,GTTTCTACCGGCTTTTCCGG,0,367529
acrBp,0.047619047619047616,20,20,GTTGCCCTTAGAAGATTGTT,0,386613
acrBp,0.047619047619047616,20,20,GTTCAGCAACCATGCCGTCA,0,367698
acrBp,0.047619047619047616,20,20,GTTAGCAAAGTGACCATATT,0,365790
acrBp,0.047619047619047616,20,20,GTGTAAGTGGGGTAAATCTG,0,407027
acrBp,0.047619047619047616,20,20,GTGCGCAACGGACGTAGGTA,0,390457
acrBp,0.047619047619047616,20,20,GTGCCTCCTTGGGGGCGACA,0,389175
acrBp,0.047619047619047616,20,20,GTGAATTGTGCTTAAAAAAA,0,361604
acrBp,0.047619047619047616,20,20,GTGAACGTCATCTCTCCTGT,0,377425
acrBp,0.047619047619047616,20,20,GTCTGTTCAAGCTTGAACAG,0,390865
acrBp,0.047619047619047616,20,20,GGTTTTAACGAGGCTTCACG,0,393341
acrBp,0.047619047619047616,20,20,GGTTGAACCGCTTATTGTGT,0,395934
acrBp,0.047619047619047616,20,20,GGTGAGAGACCCTTAACCAT,0,380335
acrBp,0.047619047619047616,20,20,GGTCTCCCTGTCCATCGAGC,0,388053
acrBp,0.047619047619047616,20,20,GGTCCCCATCCCCCTACAAA,0,372512
acrBp,0.047619047619047616,20,20,GGTCAACATCGTAGAGCCAG,0,363415
acrBp,0.047619047619047616,20,20,GGGTTACCCCCGTTCAGCAT,0,368036
acrBp,0.047619047619047616,20,20,GGGGGTCTTCAGCAAAGGGT,0,377477
acrBp,0.047619047619047616,20,20,GGGGGGTTATTTTCCTGCAA,0,404192
acrBp,0.047619047619047616,20,20,GGGCCGTTGGGCACGGATGG,0,375323
acrBp,0.047619047619047616,20,20,GGGATATGATCCTTGATATG,0,373799
acrBp,0.047619047619047616,20,20,GGGAGTAAACTTAATCGGGT,0,389748
acrBp,0.047619047619047616,20,20,GGGACTTACCCCCTGACGAT,0,366418
acrBp,0.047619047619047616,20,20,GGGAATAGCGATTCCTCGGT,0,369781
acrBp,0.047619047619047616,20,20,GGATCGCTGTAGCTGTGCCC,0,377182
acrBp,0.047619047619047616,20,20,GGAGGGATTTTTTGCGGCAT,0,384183
acrBp,0.047619047619047616,20,20,GGAACCTCCGCAGACGAATG,0,402407
acrBp,0.047619047619047616,20,20,GCTCCGGAATGTTATTATTC,0,400489
acrBp,0.047619047619047616,20,20,GCTAAGTCATTTACCCGTCA,0,356572
acrBp,0.047619047619047616,20,20,GCGCCGCGACCCCGTCGTAA,0,391419
acrBp,0.047619047619047616,20,20,GCGATTGGTCGGGCATCCAG,0,394788
acrBp,0.047619047619047616,20,20,GCGAGTCAAGGTTCTAACTT,0,387423
acrBp,0.047619047619047616,20,20,GCCCTTCGTTTGGAATGAGG,0,387505
acrBp,0.047619047619047616,20,20,GCCCGAACTACGTCAAACTA,0,405740
acrBp,0.047619047619047616,20,20,GCCACCGGAAGAAGGTTACT,0,373141
acrBp,0.047619047619047616,20,20,GCAGCTCTCTGATGTAGAAA,0,398312
acrBp,0.047619047619047616,20,20,GATTCTTCGGCTGTATGGCA,0,380123
acrBp,0.047619047619047616,20,20,GATACAGCACAATCGTGTGT,0,370372
acrBp,0.047619047619047616,20,20,GAGCATTCTAACCCGAATCA,0,384239
acrBp,0.047619047619047616,20,20,GACCGATTGGCAGGATAGTG,0,366257
acrBp,0.047619047619047616,20,20,GACCGACGTCACTCGGAAGT,0,407095
acrBp,0.047619047619047616,20,20,GACCCATATCTCTGCAGGCA,0,393748
acrBp,0.047619047619047616,20,20,GACAAGCTGCGTGTGTCCTT,0,394822
acrBp,0.047619047619047616,20,20,GAATTAGGGATTGGACTCAC,0,355020
acrBp,0.047619047619047616,20,20,GAATCTACCCCTGGCGCACG,0,384247
acrBp,0.047619047619047616,20,20,GAACTCTGGTGAACCGGTAT,0,359969
acrBp,0.047619047619047616,20,20,GAAACGCGTTGGGCGCATCT,0,376462
acrBp,0.047619047619047616,20,20,CTTGGGGCATCACTGTCACC,0,401411
acrBp,0.047619047619047616,20,20,CTGTAGTCAGATCCGGAAAA,0,407264
acrBp,0.047619047619047616,20,20,CTGACAGCCCATGTGGTATT,0,398548
acrBp,0.047619047619047616,20,20,CTCTTTTGACATACACGGTA,0,360401
acrBp,0.047619047619047616,20,20,CTCTTGGCTCCTAATATCCT,0,357540
acrBp,0.047619047619047616,20,20,CTCTGTGTACTCAATTATGG,0,365324
acrBp,0.047619047619047616,20,20,CTCTAGTCTGTTCACCTTTG,0,384966
acrBp,0.047619047619047616,20,20,CTCTAGGCTAGGGAGTCAGT,0,396513
acrBp,0.047619047619047616,20,20,CTCCATGGTGGTTGGATGGT,0,357534
acrBp,0.047619047619047616,20,20,CTCATCTTTTCAGCTGATCA,0,372339
acrBp,0.047619047619047616,20,20,CTACCTTTCCATGCATCCGT,0,373699
acrBp,0.047619047619047616,20,20,CTAAGCCGTTGCCATTGATA,0,356381
acrBp,0.047619047619047616,20,20,CGTGCTTGTGACGCTTTCTT,0,389325
acrBp,0.047619047619047616,20,20,CGGTGTGCCGGAACAGTGGG,0,375855
acrBp,0.047619047619047616,20,20,CGGGGTTACTGGACTAGCTA,0,398736
acrBp,0.047619047619047616,20,20,CGGCGGAGCACAACGTTGGA,0,393749
acrBp,0.047619047619047616,20,20,CGCTGGACTGAAGGCCAAGC,0,384031
acrBp,0.047619047619047616,20,20,CGCCCCCAGGTCTCGCCGCA,0,367105
acrBp,0.047619047619047616,20,20,CGCATGCTGCAACGCTACTT,0,366107
acrBp,0.047619047619047616,20,20,CGCAATTGTCAACGCCGCAG,0,357924
acrBp,0.047619047619047616,20,20,CGACGATATTATATTGATAA,0,404731
acrBp,0.047619047619047616,20,20,CGAACTTGACACCGAAGTGC,0,380101
acrBp,0.047619047619047616,20,20,CCTCGGGTGTAACTGGCTAA,0,356169
acrBp,0.047619047619047616,20,20,CCTCAACTGGGATGCTGTTT,0,356481
acrBp,0.047619047619047616,20,20,CCTATATCGCGCACTATAAA,0,355548
acrBp,0.047619047619047616,20,20,CCGTTTTGTTGCTGTTTATT,0,366399
acrBp,0.047619047619047616,20,20,CCCGTATCGCAGGCGGTTGC,0,364339
acrBp,0.047619047619047616,20,20,CCCCCTTAGCTACTCCCCCA,0,382331
acrBp,0.047619047619047616,20,20,CCCAAGCATCCTAAAGTGTT,0,396616
acrBp,0.047619047619047616,20,20,CCATACCTTTAAATACCAGA,0,366760
acrBp,0.047619047619047616,20,20,CCAGGCCTGTGTGTTACCCC,0,360120
acrBp,0.047619047619047616,20,20,CCAATTCCGACTCAGCAATT,0,390143
acrBp,0.047619047619047616,20,20,CCAACAGGGCATCTCGACGA,0,398381
acrBp,0.047619047619047616,20,20,CATTCAGCCCTCGGGGGAAC,0,382067
acrBp,0.047619047619047616,20,20,CAGTAATGCCTAACGTGAAG,0,402907
acrBp,0.047619047619047616,20,20,CAGGGAGCCCCAAAGTAGCA,0,357548
acrBp,0.047619047619047616,20,20,CAGAGGGTCGCTACCTCTGT,0,355443
acrBp,0.047619047619047616,20,20,CACACTGCGACAAAAAGTGA,0,399148
acrBp,0.047619047619047616,20,20,CAATGTTGGAGACCCACAGT,0,392529
acrBp,0.047619047619047616,20,20,CAATCAGTCCGAGATGGACT,0,359111
acrBp,0.047619047619047616,20,20,CAAGGTGTATGATACCAGCA,0,376870
acrBp,0.047619047619047616,20,20,CAAGAACAGGAAGTACTTAA,0,369348
acrBp,0.047619047619047616,20,20,CAACCCTTTGCAACAAATCG,0,385402
acrBp,0.047619047619047616,20,20,CAAAGCGAATTGAGGTCTGA,0,399124
acrBp,0.047619047619047616,20,20,CAAAGCCCCTACACCACCGT,0,372280
acrBp,0.047619047619047616,20,20,ATTGCTTAAGCTCTCAGGGC,0,387931
acrBp,0.047619047619047616,20,20,ATGTGGTTGAAACTTGATGA,0,357682
acrBp,0.047619047619047616,20,20,ATGGGACACGCGTACGCTAC,0,365486
acrBp,0.047619047619047616,20,20,ATGCTGTCCGGGTGGCTCTT,0,402896
acrBp,0.047619047619047616,20,20,ATGAAGCAATTTTATCCCAA,0,365043
acrBp,0.047619047619047616,20,20,ATCTTCAACCTGATAGTGTA,0,355985
acrBp,0.047619047619047616,20,20,ATATTAACTGGCATAATATT,0,385275
acrBp,0.047619047619047616,20,20,ATAGTCTTCGATCTCCGAGA,0,402737
acrBp,0.047619047619047616,20,20,AGTTGACCGGCACTCTCCGG,0,357473
acrBp,0.047619047619047616,20,20,AGTTCATCCATCCTTCGCGT,0,402705
acrBp,0.047619047619047616,20,20,AGTCAAGGTCGCTTTTCAGA,0,405420
acrBp,0.047619047619047616,20,20,AGTATCGAGTCCCCGTCAGT,0,402101
acrBp,0.047619047619047616,20,20,AGTAAGAGCAAGTGATACTG,0,397853
acrBp,0.047619047619047616,20,20,AGGGGTGCGGAACTGACCCT,0,355784
acrBp,0.047619047619047616,20,20,AGGCGAATATGAGCCCTAGG,0,363240
acrBp,0.047619047619047616,20,20,AGCCTGGAGTTTACAGTCTT,0,374683
acrBp,0.047619047619047616,20,20,ACTTTCGGGACTGTTTACAT,0,363584
acrBp,0.047619047619047616,20,20,ACTTGTGGACTCGTTCCCCG,0,370876
acrBp,0.047619047619047616,20,20,ACTTGCCGCGTCGTCGTCGT,0,362628
acrBp,0.047619047619047616,20,20,ACTGGTCGTATGCATTATTT,0,355285
acrBp,0.047619047619047616,20,20,ACGGATTAGGAGATTAGTTA,0,403481
acrBp,0.047619047619047616,20,20,ACCTCCGCCATAAATTCGTA,0,406348
acrBp,0.047619047619047616,20,20,ACCGTCAGGGCCGGTCCTAC,0,404436
acrBp,0.047619047619047616,20,20,ACCGGGCATGTCCCTGCCCG,0,405012
acrBp,0.047619047619047616,20,20,ACCCCCGTTTATAAAGCGTG,0,364306
acrBp,0.047619047619047616,20,20,ACAGGTCCGCGTTCTGGTAG,0,384066
acrBp,0.047619047619047616,20,20,ACACGCGGTCTCCCCGTAAC,0,364235
acrBp,0.047619047619047616,20,20,ACAAAAACGGCTTTCGCATG,0,398646
acrBp,0.047619047619047616,20,20,AATTGGCACGAGAATTCGGA,0,362500
acrBp,0.047619047619047616,20,20,AAGTTAATGGTAACTCTTAG,0,379399
acrBp,0.047619047619047616,20,20,AAGATTCAACAAGCATCGGG,0,390368
acrBp,0.047619047619047616,20,20,AAGATGAAGTATTACTCGTG,0,369253
acrBp,0.047619047619047616,20,20,AACTCTAAGTTGCTGTCAAA,0,360275
acrBp,0.047619047619047616,20,20,AACTACGTGTGGGCGATCGT,0,366644
acrBp,0.047619047619047616,20,20,AACCTGATTTTCTCTTAGAA,0,359929
acrBp,0.047619047619047616,20,20,AACCCTGTAGCCCACGCGTT,0,379937
acrBp,0.047619047619047616,20,20,AACATGGTGGCTGGGGAAGT,0,367224
acrBp,0.047619047619047616,20,20,AAATTGATCGGAAACGAGCT,0,375483
acrBp,0.047619047619047616,20,20,AAATAACACGCTCAGTGAGC,0,360014
acrBp,0.047619047619047616,20,20,AAAAATTTTGAAACGGCTTG,0,389476
acrBp,0.05,19,19,TTTGCTAATCTCTACATGCC,0,400213
acrBp,0.05,19,19,TTTCCCTATCTCGTCCTTGA,0,365629
acrBp,0.05,19,19,TTGTTTGCGCTTATAGTGCT,0,356275
acrBp,0.05,19,19,TTGATTACGGCGGGATATTA,0,389042
acrBp,0.05,19,19,TTGAGCGCGGTTTTATCAAC,0,383140
acrBp,0.05,19,19,TTCCCGATCGTTTAGCGAAC,0,394841
acrBp,0.05,19,19,TTCCATCTTCGTTTGTTTAT,0,399596
acrBp,0.05,19,19,TTCACGTACGGATCGAGAGA,0,362797
acrBp,0.05,19,19,TTATTCCCGTAAGTAGAGGA,0,357745
acrBp,0.05,19,19,TTAGAGTAAGCTTGCAGATA,0,375826
acrBp,0.05,19,19,TTAGAGGCTTGCGGGCAGTG,0,358066
acrBp,0.05,19,19,TTACCATGCCATGGATCTTA,0,366318
acrBp,0.05,19,19,TTAAGTTCATAGGCGTTCTG,0,377782
acrBp,0.05,19,19,TTAAAAACCTGAACGTGTTC,0,401053
acrBp,0.05,19,19,TGTGCTGTCTGTTTTAAGTA,0,359684
acrBp,0.05,19,19,TGTGAGTACGCTGCTCACGT,0,373903
acrBp,0.05,19,19,TGTCTGCCTTGGTCGTGCGA,0,367545
acrBp,0.05,19,19,TGGTCATTTAAGCTGCTCGA,0,399875
acrBp,0.05,19,19,TGGGAAGCTCGCGGGCCTGT,0,408012
acrBp,0.05,19,19,TGCCTATACTACGTGTAATC,0,374789
acrBp,0.05,19,19,TGCCGTGTATTAACCTCCTG,0,382315
acrBp,0.05,19,19,TGCCGGGAAACGCGTCTTAT,0,366404
acrBp,0.05,19,19,TGCAGTAAACTTACTTGTAT,0,396500
acrBp,0.05,19,19,TGCACCTTCTGCACGCTACT,0,393528
acrBp,0.05,19,19,TGAGTCAATCGTGTCTTCTA,0,382651
acrBp,0.05,19,19,TGAGCCGCCAACGGGAGGCC,0,356349
acrBp,0.05,19,19,TGAAGATCCGATCTGCACGT,0,377616
acrBp,0.05,19,19,TCTGTGACCACCAATCGTTA,0,405241
acrBp,0.05,19,19,TCTGGGAACCGCAACGTGGA,0,366417
acrBp,0.05,19,19,TCGTCAGTGCGATGTTACCT,0,405774
acrBp,0.05,19,19,TCGACGTCGTAGAATAAAAA,0,406479
acrBp,0.05,19,19,TCCTTAAGACGGTGCTAGAT,0,369672
acrBp,0.05,19,19,TCCGAGGTAATGCGGATTAC,0,370302
acrBp,0.05,19,19,TCCCCCGCAATGATACGAGT,0,384280
acrBp,0.05,19,19,TCCCAATCGAATTCTTCGCG,0,382286
acrBp,0.05,19,19,TCCAAATTCGTCGCGATTTA,0,385326
acrBp,0.05,19,19,TCATGGCGCGTCTTCTATGC,0,368037
acrBp,0.05,19,19,TCATGAGATTTTGCCACTGT,0,384693
acrBp,0.05,19,19,TCATGAAACAGTGACCTCGC,0,405325
acrBp,0.05,19,19,TCATCGAAAATCCATCAAAT,0,378520
acrBp,0.05,19,19,TCACGGCATGTGGGGGGCCG,0,371468
acrBp,0.05,19,19,TATCTGCTTTCTAGAACAAG,0,390224
acrBp,0.05,19,19,TATATGACGACCTCTCTCAA,0,363903
acrBp,0.05,19,19,TAGGGTGTGAGAGTTTTCCT,0,355890
acrBp,0.05,19,19,TAGGAGGACTGCCCTGAGGC,0,359392
acrBp,0.05,19,19,TACGCAATCCCTTGGCTCAG,0,362291
acrBp,0.05,19,19,TACAGGGAGGTCCGGAGGAG,0,359399
acrBp,0.05,19,19,TACACCCTCTGGTTGCACCG,0,374480
acrBp,0.05,19,19,TAACCCTAGTAGGCGGTGGA,0,397231
acrBp,0.05,19,19,TAACAACGTGTTTCGTACTT,0,402951
acrBp,0.05,19,19,GTGTTTCTGCAATAAGGAAC,0,374784
acrBp,0.05,19,19,GTGGGGATCGGAAGCTGCTT,0,385737
acrBp,0.05,19,19,GTATAATTCGGGGACTTCAA,0,380507
acrBp,0.05,19,19,GGTGTGAGCGGAACAAAAAG,0,367327
acrBp,0.05,19,19,GGTATGCTCAGGGCGGGAGG,0,403174
acrBp,0.05,19,19,GGTAGCATCCATATGGACGT,0,356391
acrBp,0.05,19,19,GGGTGAACTTTGCAGGCCCC,0,389608
acrBp,0.05,19,19,GGGGCTGTTATCTTGCGAGT,0,367816
acrBp,0.05,19,19,GGGGATGCTTGCTATTCTGT,0,360568
acrBp,0.05,19,19,GGGGATATTTGCATGATCGA,0,387534
acrBp,0.05,19,19,GGGGAACTGGAATAATCTTA,0,368297
acrBp,0.05,19,19,GGGCGGATCAGGCAGCATCT,0,372907
acrBp,0.05,19,19,GGGCATGCGGAGTCCGTCGG,0,365600
acrBp,0.05,19,19,GGGAGGGCGTCTCTGTGTAT,0,367729
acrBp,0.05,19,19,GGGACAGGGAATACAGTCAG,0,370557
acrBp,0.05,19,19,GGGACACGCTAGATCACTTT,0,393762
acrBp,0.05,19,19,GGCTGGGGTTGGAGCGTGAA,0,371436
acrBp,0.05,19,19,GGCTGCTAGGTCACCCAACT,0,373549
acrBp,0.05,19,19,GGATGGGTTACCTAAGCCAT,0,364442
acrBp,0.05,19,19,GCTTATGTTACCATGGACTC,0,395927
acrBp,0.05,19,19,GCTAGATTTCAGAAACTTTT,0,360499
acrBp,0.05,19,19,GCGGTTTCCGGCGGAGTGTT,0,370831
acrBp,0.05,19,19,GCGCAATCTGATTACCATTC,0,373190
acrBp,0.05,19,19,GCCGCGTATCATAGGGAACT,0,405096
acrBp,0.05,19,19,GCCCCAACGCACCTCCGAAA,0,365833
acrBp,0.05,19,19,GCCCACCTTATTTTGCGATT,0,376709
acrBp,0.05,19,19,GCCAAGCCACTCAGCATGTC,0,374156
acrBp,0.05,19,19,GCACGGGCACCATAAACTGA,0,401167
acrBp,0.05,19,19,GCACGCACTATCAAACCCAT,0,393754
acrBp,0.05,19,19,GCAAGGGTAGTCAGTGGTGG,0,368581
acrBp,0.05,19,19,GCAAGGGACCTAGAACTCCA,0,383052
acrBp,0.05,19,19,GATTGCTGGCAATTTTGAAT,0,388698
acrBp,0.05,19,19,GATTAAACAATTTGACGTAT,0,376637
acrBp,0.05,19,19,GATCGTCTTCACAAGATTCT,0,372252
acrBp,0.05,19,19,GATAAAGGATAAATACGCGG,0,364713
acrBp,0.05,19,19,GAGTGTATTGCATCTAGGGT,0,399718
acrBp,0.05,19,19,GAGGCGCATACACAGTTGCC,0,381451
acrBp,0.05,19,19,GAGCTCGAGTGCACGCTGAA,0,405126
acrBp,0.05,19,19,GAGCCCGCGGTTATTATCGT,0,373140
acrBp,0.05,19,19,GACGGTTTTAGACATAGGAG,0,358504
acrBp,0.05,19,19,GACATTAGCTATGTTAAGGG,0,395712
acrBp,0.05,19,19,GAATTTACCAAATATTCATC,0,390290
acrBp,0.05,19,19,GAAGTCTATATTCTGCTCCA,0,363323
acrBp,0.05,19,19,GAAAAACGGATGGCCAAGAA,0,381439
acrBp,0.05,19,19,CTTTCTAGAGTTAATTGTCA,0,383561
acrBp,0.05,19,19,CTTGGGAGAGTGTCGGGATC,0,356738
acrBp,0.05,19,19,CTTGAGGCGCAGATGACCGT,0,383507
acrBp,0.05,19,19,CTTGAGACGTTGTTCAATTG,0,370161
acrBp,0.05,19,19,CTGGCCGCCCGCGACACGGA,0,370649
acrBp,0.05,19,19,CTCGGTCTTAGGCTATAGTC,0,406353
acrBp,0.05,19,19,CTCGGATTAGCCTGCGTTGT,0,396195
acrBp,0.05,19,19,CTAACACACGCCTACGGTAT,0,381734
acrBp,0.05,19,19,CTAAACTCCCTCCTATCCAA,0,407591
acrBp,0.05,19,19,CGTTGTCTTCTTCCCTTTAC,0,355566
acrBp,0.05,19,19,CGTGCCGGAAATGCTATCCA,0,357086
acrBp,0.05,19,19,CGTCTGCCGGTCGCTGGGCA,0,358359
acrBp,0.05,19,19,CGGGCTATCATGGGCATACA,0,388235
acrBp,0.05,19,19,CGGGAACCGAGCCTACCGGT,0,368109
acrBp,0.05,19,19,CGGAAATTGCAACTCCTAGG,0,389076
acrBp,0.05,19,19,CGCGACTTGTTTCTGGCTAT,0,375858
acrBp,0.05,19,19,CGCCTATCTCTTGGACAATA,0,378498
acrBp,0.05,19,19,CGCCGCCCGGTCACGTGAAT,0,361770
acrBp,0.05,19,19,CGCCCACATTTTGGCGGTTT,0,368127
acrBp,0.05,19,19,CGAGTCCATGAGGTCCTATC,0,368785
acrBp,0.05,19,19,CGAGAACGAATTATCCATAC,0,402500
acrBp,0.05,19,19,CCTAAAGCCGCCCATATTGC,0,372029
acrBp,0.05,19,19,CCGCGATGGTGCTGAGGTCA,0,402719
acrBp,0.05,19,19,CCGCACGACAGACTACGTCC,0,396550
acrBp,0.05,19,19,CCGAGGACACGTGACAAGCG,0,401011
acrBp,0.05,19,19,CCCTGGTCGGTACATGGTCA,0,370938
acrBp,0.05,19,19,CCCCAGTTGAATAGCCCTAA,0,402382
acrBp,0.05,19,19,CCCATCCGATAACGCCGCTT,0,396976
acrBp,0.05,19,19,CCATTAAACGCCTTGCTCTT,0,367727
acrBp,0.05,19,19,CCATGAGATCGACGAGGCTC,0,363324
acrBp,0.05,19,19,CCAGGGTTGATAATGCTATT,0,375944
acrBp,0.05,19,19,CCACCGGAAACACAACCCTG,0,390380
acrBp,0.05,19,19,CATAGCCGTCGCATGACGCC,0,386365
acrBp,0.05,19,19,CAGTTGCACTGCTTTGCCGC,0,380332
acrBp,0.05,19,19,CAGTTATTGATGGTGCTGAA,0,391309
acrBp,0.05,19,19,CAGTTATCGTTCGCTCGTGC,0,396104
acrBp,0.05,19,19,CAGTGCGTTGTCCTCAAAAG,0,368982
acrBp,0.05,19,19,CAGGTGTTTTTCTACCGATC,0,388403
acrBp,0.05,19,19,CAGCGTACAACTTTTTTCTA,0,361336
acrBp,0.05,19,19,CAGCGACTAGCCGATGTTCA,0,359742
acrBp,0.05,19,19,CAGACTTACGCTCCTCTAAA,0,364838
acrBp,0.05,19,19,CACTTAGAGTCGGGTCACGG,0,370670
acrBp,0.05,19,19,CACGTTCAGGGATGTGCTCT,0,383873
acrBp,0.05,19,19,CACGTACATTCAGTCTTACT,0,375889
acrBp,0.05,19,19,CACCGGCGGATTGTGAGCCT,0,398961
acrBp,0.05,19,19,CACCGAACAAGTTTCCGATA,0,364317
acrBp,0.05,19,19,CACCATAACGGCTGGAACGT,0,407607
acrBp,0.05,19,19,CACAGCCTGGCCGAATCGCA,0,393374
acrBp,0.05,19,19,CACAATTTTCGGGTTTCGTA,0,406524
acrBp,0.05,19,19,CAATTTACATTGAGGAGGCT,0,363546
acrBp,0.05,19,19,CAATTGTGCGGCGAACCCGA,0,356230
acrBp,0.05,19,19,CAATTCGGGATGGCACCAGA,0,359672
acrBp,0.05,19,19,CAATACGATATCGACGCCGA,0,359036
acrBp,0.05,19,19,CAAAGATGCCGTAGTTGTCC,0,359966
acrBp,0.05,19,19,ATTTTACTGAAAACCGATGT,0,390909
acrBp,0.05,19,19,ATTGCACAGTCGGCTCAATA,0,356664
acrBp,0.05,19,19,ATTCTTCACGGGCGTAGCAG,0,374622
acrBp,0.05,19,19,ATTCATCAGCTTAAATGTTT,0,398410
acrBp,0.05,19,19,ATGGGGGTGCTTTCAGCCCG,0,368108
acrBp,0.05,19,19,ATCTGATGTAATAGCTGGTA,0,381832
acrBp,0.05,19,19,ATCCTACGCCCGACTGTTAC,0,387374
acrBp,0.05,19,19,ATCAATTTACATCTGTTGTA,0,359472
acrBp,0.05,19,19,ATAGGCCACCGTTTTTCTGC,0,355899
acrBp,0.05,19,19,ATACGGGCCGGTAGAGACTG,0,407267
acrBp,0.05,19,19,ATACGCGATGGTTTAAATGC,0,368670
acrBp,0.05,19,19,ATACCGGAGACCGCGTCTTT,0,368831
acrBp,0.05,19,19,AGTTGAGTGTGAAACAGGCT,0,359576
acrBp,0.05,19,19,AGTTAGTACTTCAGAGCCAA,0,378777
acrBp,0.05,19,19,AGTAGTACTCGGTTTCCCAC,0,377783
acrBp,0.05,19,19,AGGGTAATTCCTTGTACTCC,0,357839
acrBp,0.05,19,19,AGGCTCGAGGCAAAGGACAG,0,388232
acrBp,0.05,19,19,AGGATTGCACTGTCGTTATA,0,382223
acrBp,0.05,19,19,AGGATATAAAGGGACTAGGA,0,360584
acrBp,0.05,19,19,AGGAGGAAGGACGGTTTCAT,0,362541
acrBp,0.05,19,19,AGCTGCGGACGGAAGCTCAA,0,391747
acrBp,0.05,19,19,AGCTAGTATCTGGGAAAGGC,0,387255
acrBp,0.05,19,19,AGCGACTCGCGCAACAGTGT,0,406496
acrBp,0.05,19,19,AGCCTCGCATGTGACGTAAT,0,364840
acrBp,0.05,19,19,AGATATGCTCTTGCACGTTT,0,379497
acrBp,0.05,19,19,AGACTTGAATTACCGGCGTC,0,383672
acrBp,0.05,19,19,AGACGTTTGATGTTACGTCG,0,381709
acrBp,0.05,19,19,AGACAAGTCCGGAGGTCGTA,0,405910
acrBp,0.05,19,19,ACTTCTTAGAAGTGGGTGCA,0,404588
acrBp,0.05,19,19,ACTGTTGCGACGTAGGACCT,0,360722
acrBp,0.05,19,19,ACTGTCAGTCGTTGATACGC,0,404172
acrBp,0.05,19,19,ACTCGCCACCGCACTAGCCG,0,355910
acrBp,0.05,19,19,ACGTCCGACTAAGGCTCCTC,0,379046
acrBp,0.05,19,19,ACCTGGAGATTGACAGACAA,0,362527
acrBp,0.05,19,19,ACCTGAGATATGCGAGTGAT,0,381710
acrBp,0.05,19,19,ACCGCTACGAATAGGAGCTT,0,393678
acrBp,0.05,19,19,ACCGCACAGCGTTCTAGATC,0,383074
acrBp,0.05,19,19,ACCCGTCTTAACCCTTTCTC,0,376094
acrBp,0.05,19,19,ACAAGCGAAACAACGGCTAG,0,374255
acrBp,0.05,19,19,AATGATGTGTGTGGATTAAC,0,395729
acrBp,0.05,19,19,AATGAGGGCACTGTGGTCGG,0,396247
acrBp,0.05,19,19,AATGAGAGGCAAGAACTCAC,0,364726
acrBp,0.05,19,19,AATCACGAACGTACGTTCCA,0,384307
acrBp,0.05,19,19,AAGTTTGACCATTTAACGTG,0,402952
acrBp,0.05,19,19,AAGTGGTCTTTATGGTCTTC,0,392204
acrBp,0.05,19,19,AAGTAGACGACAGGATATCG,0,379367
acrBp,0.05,19,19,AAGGGTACTCAGGACTCTAT,0,371262
acrBp,0.05,19,19,AAGGCGTGCGGATGGCCGCT,0,361407
acrBp,0.05,19,19,AAGACCACTCTCTCGATTCA,0,388498
acrBp,0.05,19,19,AACTTAGAACAGTTCTCATT,0,366316
acrBp,0.05,19,19,AACAAGGACGTTTTCATCAC,0,385874
acrBp,0.05,19,19,AAATAACGACCTTCACCGAT,0,406866
acrBp,0.05,19,19,AAAGGTCGGTCGATAACCAC,0,395423
acrBp,0.05263157894736842,18,18,TTTTTATACGTATTGCTATC,0,372263
acrBp,0.05263157894736842,18,18,TTTAGTTTCTACTTGCAGTA,0,372650
acrBp,0.05263157894736842,18,18,TTTAACCCCATCAGCAATGG,0,358562
acrBp,0.05263157894736842,18,18,TTGTGCGGGGGGCGATCGGT,0,366100
acrBp,0.05263157894736842,18,18,TTGTAACGACTTCGGCCGTA,0,377612
acrBp,0.05263157894736842,18,18,TTGCTAGTAATAAGGCGATT,0,373235
acrBp,0.05263157894736842,18,18,TTGCGACGAAGCAGGTGTTC,0,381770
acrBp,0.05263157894736842,18,18,TTCTCGGGCTATTCCGGCAT,0,399482
acrBp,0.05263157894736842,18,18,TTCTAATCTGATGATAATGA,0,377217
acrBp,0.05263157894736842,18,18,TTCTAACCCCCGGATTCCCA,0,400741
acrBp,0.05263157894736842,18,18,TTCGCATGTACACGAAGATC,0,386784
acrBp,0.05263157894736842,18,18,TTCAGGCAGGAAGTGTCCAG,0,369881
acrBp,0.05263157894736842,18,18,TTCAAGTTTACCGTTAAACG,0,379401
acrBp,0.05263157894736842,18,18,TTCAAGATACACGCCCAGGA,0,388891
acrBp,0.05263157894736842,18,18,TTAGCTCCGCCATGCCACCA,0,385842
acrBp,0.05263157894736842,18,18,TTACTGGGAACAGTCTTCCT,0,356802
acrBp,0.05263157894736842,18,18,TTACGAGGCAAATTCGCAAT,0,394781
acrBp,0.05263157894736842,18,18,TTAACTCATGGGCAGCACAA,0,358111
acrBp,0.05263157894736842,18,18,TGTTTAGCAGGAGTAAACCA,0,400914
acrBp,0.05263157894736842,18,18,TGTTGTGTGGGCAATTGTGG,0,407502
acrBp,0.05263157894736842,18,18,TGTTGGTGGTAACCACGTAA,0,403630
acrBp,0.05263157894736842,18,18,TGTTCAAATAGGCTCTGTTA,0,403733
acrBp,0.05263157894736842,18,18,TGGCTCTGTTAGCAGTGTGT,0,407352
acrBp,0.05263157894736842,18,18,TGGCTCACTTATAAACCTGG,0,365594
acrBp,0.05263157894736842,18,18,TGGCCAGTTACACTTTGGAC,0,359234
acrBp,0.05263157894736842,18,18,TGCCCCGCGACAAAGAGATT,0,386846
acrBp,0.05263157894736842,18,18,TGCCCATCATGATTCTCCGC,0,370500
acrBp,0.05263157894736842,18,18,TGAGGGATACAGGGGATCGA,0,360097
acrBp,0.05263157894736842,18,18,TGAAATGTCAAGAAGATCTT,0,377949
acrBp,0.05263157894736842,18,18,TCTTGAAGTCTCACGCTAGG,0,400647
acrBp,0.05263157894736842,18,18,TCTGATGGCACATTTGATTG,0,379272
acrBp,0.05263157894736842,18,18,TCTATTCGTTGCGATTATTC,0,365692
acrBp,0.05263157894736842,18,18,TCGTCAACGAACGTTGAGCG,0,360341
acrBp,0.05263157894736842,18,18,TCCGTCACCAATGGAGGAAT,0,382843
acrBp,0.05263157894736842,18,18,TCCGTAGGAAGGTCAGTTGC,0,381829
acrBp,0.05263157894736842,18,18,TCCGCTGGCGTGAGGGCCAG,0,379942
acrBp,0.05263157894736842,18,18,TCCGCCGTATCGTGCTAGCA,0,406702
acrBp,0.05263157894736842,18,18,TCCCGAGGTGAATTTTTCAT,0,386983
acrBp,0.05263157894736842,18,18,TCATGTGGACTGGAGCTCTT,0,404312
acrBp,0.05263157894736842,18,18,TCAGCCGAGTGGGGTGTTAT,0,371838
acrBp,0.05263157894736842,18,18,TCACAGATATAGACTTGTGT,0,395879
acrBp,0.05263157894736842,18,18,TCACAATCCCCTCGACCCCG,0,389615
acrBp,0.05263157894736842,18,18,TATCTGTGGACACGCAAAGA,0,388679
acrBp,0.05263157894736842,18,18,TATCTCAGGTCTCCGGTTGT,0,385336
acrBp,0.05263157894736842,18,18,TATACCGACTGGGGGAACGC,0,368042
acrBp,0.05263157894736842,18,18,TAGGCCCGTGTCTTAGTCTA,0,371440
acrBp,0.05263157894736842,18,18,TAGGAAATAGCAAAGACGAA,0,394363
acrBp,0.05263157894736842,18,18,TAGATCCCCCGAACCATGGC,0,405417
acrBp,0.05263157894736842,18,18,TACACGACGAAAGATACCAG,0,382362
acrBp,0.05263157894736842,18,18,TACACAATATCCCTCTAAAG,0,365173
acrBp,0.05263157894736842,18,18,TACAACTTACCGTTACTAGA,0,394463
acrBp,0.05263157894736842,18,18,TAATTGATGAGGTTAATAGA,0,406328
acrBp,0.05263157894736842,18,18,TAATGCACTCTAACTATCTT,0,385405
acrBp,0.05263157894736842,18,18,TAAGTGTACAGCTTATCGAC,0,377750
acrBp,0.05263157894736842,18,18,TAAGTCACATCTGGTTAATC,0,372020
acrBp,0.05263157894736842,18,18,TAAGGCCTTGCGTAACGGCG,0,407171
acrBp,0.05263157894736842,18,18,GTTGCGGGCCTCTTTGCAGT,0,399856
acrBp,0.05263157894736842,18,18,GTTGCCTCATTCAGTATGAC,0,391067
acrBp,0.05263157894736842,18,18,GTTGAGCCCCGTTATGTATT,0,355383
acrBp,0.05263157894736842,18,18,GTTATCAGTAGCAGAACATT,0,360489
acrBp,0.05263157894736842,18,18,GTTAGGACGCCTCGGCTGTA,0,406977
acrBp,0.05263157894736842,18,18,GTGGTTACGCAAGAAGATGA,0,370310
acrBp,0.05263157894736842,18,18,GTGGTAATTTGCAGAACCGA,0,390501
acrBp,0.05263157894736842,18,18,GTGGGCTCCCCCGAACATTA,0,365088
acrBp,0.05263157894736842,18,18,GTGATACGTGCGCGTCGCTT,0,376600
acrBp,0.05263157894736842,18,18,GTGACTCTAAGATTTAGCGT,0,376802
acrBp,0.05263157894736842,18,18,GTCTATGTCGCTTATGTATC,0,386688
acrBp,0.05263157894736842,18,18,GTCCAGTTCAACACAAGCCT,0,365742
acrBp,0.05263157894736842,18,18,GTCATTGGGCCTATCCTGAA,0,407843
acrBp,0.05263157894736842,18,18,GTCAGGAGGTACGTGTGACA,0,388425
acrBp,0.05263157894736842,18,18,GTCAAGGGACTGGACAGAAT,0,404867
acrBp,0.05263157894736842,18,18,GTCAACGATCAACGGGCCGC,0,363682
acrBp,0.05263157894736842,18,18,GTATTTTGGAGGAGTACGGG,0,380506
acrBp,0.05263157894736842,18,18,GTAGTTAGTACCGTCCCAAA,0,385892
acrBp,0.05263157894736842,18,18,GTACAGCCCTGCCTATCTGA,0,396818
acrBp,0.05263157894736842,18,18,GGTTCGCGCCACTTTGTTAC,0,387928
acrBp,0.05263157894736842,18,18,GGTGTGGAGCACCTTTAAAT,0,380551
acrBp,0.05263157894736842,18,18,GGTACTACCAAGTGCATAAA,0,361962
acrBp,0.05263157894736842,18,18,GGTACGAGCGCCCGGTAAGA,0,396682
acrBp,0.05263157894736842,18,18,GGTAACTCCGTATAGTCCTA,0,366170
acrBp,0.05263157894736842,18,18,GGGCGGCGGAATCTCGTCAG,0,397018
acrBp,0.05263157894736842,18,18,GGGACTTACGTTTAACACCA,0,372868
acrBp,0.05263157894736842,18,18,GGGACGAGGTAACATTAAAG,0,357647
acrBp,0.05263157894736842,18,18,GGGAACGTGGGACGCCGCGC,0,378521
acrBp,0.05263157894736842,18,18,GGCTTTTGGGGGAGCCGGAT,0,394541
acrBp,0.05263157894736842,18,18,GGCTTGCGGCAGTTGGAGTT,0,384076
acrBp,0.05263157894736842,18,18,GGCGGAATATACACATGCGC,0,379670
acrBp,0.05263157894736842,18,18,GGATCCAGTGTTCACAAGAG,0,381772
acrBp,0.05263157894736842,18,18,GGATCATGCACAGCCCGGAG,0,356732
acrBp,0.05263157894736842,18,18,GGAGTTACGGTGGCTCCAAC,0,368211
acrBp,0.05263157894736842,18,18,GGAGTGCTTCTTTTTCGTCA,0,391622
acrBp,0.05263157894736842,18,18,GGAGGGTTTGGCGGGACGTT,0,382337
acrBp,0.05263157894736842,18,18,GGACAGAGTGGTATCTCTAC,0,408043
acrBp,0.05263157894736842,18,18,GGAATCTGCTGAGAATTAAA,0,385395
acrBp,0.05263157894736842,18,18,GGAAGACTGGTATAATAGCC,0,357041
acrBp,0.05263157894736842,18,18,GGAAAATACCTGCACTTAGT,0,383394
acrBp,0.05263157894736842,18,18,GCGTAATATCTTTTCATCAA,0,389257
acrBp,0.05263157894736842,18,18,GCGGCCATGATTTTGGATCT,0,357725
acrBp,0.05263157894736842,18,18,GCGCTCACATTGATTGTTCG,0,392092
acrBp,0.05263157894736842,18,18,GCGCCTCTTATCCCTGCAAT,0,391256
acrBp,0.05263157894736842,18,18,GCGAACTAAGAAAAACTGAA,0,387324
acrBp,0.05263157894736842,18,18,GCCCTCTTTTGCGCAGATAT,0,379889
acrBp,0.05263157894736842,18,18,GCCAGTTCAACCGGGGCGAC,0,373507
acrBp,0.05263157894736842,18,18,GCATGGCACGCAACTGTGTT,0,373743
acrBp,0.05263157894736842,18,18,GCATACGCTAAACTGCCACA,0,391501
acrBp,0.05263157894736842,18,18,GCACGCTGATCGTACTACCC,0,373260
acrBp,0.05263157894736842,18,18,GCAATCTAACTCCGTACGCG,0,368702
acrBp,0.05263157894736842,18,18,GCAAGTTCGTTTTTCACGAA,0,363728
acrBp,0.05263157894736842,18,18,GCAAGCTGTATGCCGATGCT,0,390772
acrBp,0.05263157894736842,18,18,GCAAATCAGGTGCCGCCTCT,0,396865
acrBp,0.05263157894736842,18,18,GATATGCGCGCGTCCCCCTT,0,360824
acrBp,0.05263157894736842,18,18,GAGGTCTTCAGTGAGGTATG,0,384669
acrBp,0.05263157894736842,18,18,GAGATGAAAACCCCCGCGTT,0,364594
acrBp,0.05263157894736842,18,18,GAGATACTCGGCTGGCGCCT,0,389435
acrBp,0.05263157894736842,18,18,GACTCCCGGGTCAACGGTAG,0,404441
acrBp,0.05263157894736842,18,18,GACTAAGCATAGAGCCACAG,0,402687
acrBp,0.05263157894736842,18,18,GACAATACAAGGCCACAAAA,0,390358
acrBp,0.05263157894736842,18,18,CTTTGGCGGTAGGCTTTCGT,0,393125
acrBp,0.05263157894736842,18,18,CTTTAAACATAAAAAGGAAC,0,399624
acrBp,0.05263157894736842,18,18,CTTGTCCTATATACTTGATG,0,357759
acrBp,0.05263157894736842,18,18,CTTGGGAAATGGGTAAGTTT,0,389515
acrBp,0.05263157894736842,18,18,CTTGGACCAACCTGCTAGCT,0,395630
acrBp,0.05263157894736842,18,18,CTTGATGCTTAGATAGGCAT,0,358743
acrBp,0.05263157894736842,18,18,CTTCTTCACGGACGATGGTC,0,380822
acrBp,0.05263157894736842,18,18,CTTCTACTTTGAGGGCCTTG,0,359781
acrBp,0.05263157894736842,18,18,CTTCGCTGCTTTATAAGGTT,0,365376
acrBp,0.05263157894736842,18,18,CTGTCTGTTGCTTGAGTCTA,0,374716
acrBp,0.05263157894736842,18,18,CTGTCCTTAACTCTGCATTA,0,377979
acrBp,0.05263157894736842,18,18,CTGCCGCCACCGGTAAGGCT,0,367376
acrBp,0.05263157894736842,18,18,CTCTTTACAGCGCGCTCGGT,0,379637
acrBp,0.05263157894736842,18,18,CTCAGGGCCTTAAGGCCGAT,0,359033
acrBp,0.05263157894736842,18,18,CTACTCTACCCGACGGAGCA,0,368986
acrBp,0.05263157894736842,18,18,CTACCCGACTCCACGTTTGG,0,379275
acrBp,0.05263157894736842,18,18,CGTTGATGGCCCGTCAAAAA,0,397449
acrBp,0.05263157894736842,18,18,CGTCTCGTCGTATGTTTGAA,0,374152
acrBp,0.05263157894736842,18,18,CGTCCGAGTGTATCGCTTTA,0,376798
acrBp,0.05263157894736842,18,18,CGTCCCGTAGCGTCAACTTG,0,406785
acrBp,0.05263157894736842,18,18,CGTATCTACCATAATAACGA,0,392271
acrBp,0.05263157894736842,18,18,CGGGCGTGCAAGTATAGGGG,0,399317
acrBp,0.05263157894736842,18,18,CGGCTGATCTACACGTAAAA,0,384309
acrBp,0.05263157894736842,18,18,CGGCTCCACGATACAACGGT,0,389721
acrBp,0.05263157894736842,18,18,CGGCCAGGACCCGACCTAAA,0,369122
acrBp,0.05263157894736842,18,18,CGGCACTACTCAGTAACGTT,0,370172
acrBp,0.05263157894736842,18,18,CGGCACCCACGTACCACGGG,0,403684
acrBp,0.05263157894736842,18,18,CGGAATTAAATGCGTCGATA,0,384091
acrBp,0.05263157894736842,18,18,CGCTTCCTCAATGGCGTTCA,0,407219
acrBp,0.05263157894736842,18,18,CGCTTACGACCCATTAATCA,0,369787
acrBp,0.05263157894736842,18,18,CGCGAAACGCTTTAGGATAA,0,382779
acrBp,0.05263157894736842,18,18,CGCCCCGGGAGTGAGAGGAG,0,362964
acrBp,0.05263157894736842,18,18,CGCCCAATATACTGTGGGAC,0,377097
acrBp,0.05263157894736842,18,18,CGCCAGCCGAAGGTCTTAAA,0,380885
acrBp,0.05263157894736842,18,18,CGATATGCCAGCTCTAAGGC,0,385797
acrBp,0.05263157894736842,18,18,CGAGCGTAATTCACGCGGCA,0,380251
acrBp,0.05263157894736842,18,18,CGAGCGATACAGTGACGAAT,0,395425
acrBp,0.05263157894736842,18,18,CGAGCAGGAAAGTTAATTCG,0,398068
acrBp,0.05263157894736842,18,18,CGACGCGTTTAAATAATAAC,0,364340
acrBp,0.05263157894736842,18,18,CGACATGCGTGCGTCAAATG,0,383170
acrBp,0.05263157894736842,18,18,CGACACCCAGGCTTCCAAGA,0,387697
acrBp,0.05263157894736842,18,18,CCTCGCATCGTGCCCGGGCA,0,356556
acrBp,0.05263157894736842,18,18,CCTAGCACTTATGAGGGTGA,0,357760
acrBp,0.05263157894736842,18,18,CCTAAGCAAGGTATCTTCGA,0,387764
acrBp,0.05263157894736842,18,18,CCTAACCGACAGTAGGACGA,0,369250
acrBp,0.05263157894736842,18,18,CCGTTTGTTCCTAATCATGA,0,355456
acrBp,0.05263157894736842,18,18,CCGTCATGTTAACTGGAATG,0,391783
acrBp,0.05263157894736842,18,18,CCGTATAGTTGTTGCATGCC,0,380371
acrBp,0.05263157894736842,18,18,CCCTGTCTATAATGATTTTA,0,381578
acrBp,0.05263157894736842,18,18,CCCGGACCCAGGAATGGTAA,0,393085
acrBp,0.05263157894736842,18,18,CCCCGGAATGGATCAGTTAC,0,358924
acrBp,0.05263157894736842,18,18,CCCATATCTACCAGAGTCCC,0,389595
acrBp,0.05263157894736842,18,18,CCCAGCCATTCATATTACTA,0,386353
acrBp,0.05263157894736842,18,18,CCCAACCACATTACTGTTGT,0,380367
acrBp,0.05263157894736842,18,18,CCATTGTCTCGCATAATCGG,0,365003
acrBp,0.05263157894736842,18,18,CCAGGGATACGCGACCAGAT,0,359500
acrBp,0.05263157894736842,18,18,CCAGCCTGTTCTGCAAGCCC,0,376167
acrBp,0.05263157894736842,18,18,CCAAGATTTCGTAGCAGATT,0,382540
acrBp,0.05263157894736842,18,18,CATGTGGTGGTAACGTGTTC,0,365514
acrBp,0.05263157894736842,18,18,CATGCGATACGGACGACTAT,0,400198
acrBp,0.05263157894736842,18,18,CATCTCTAAAAATTGAGGTA,0,379604
acrBp,0.05263157894736842,18,18,CAGGACTCTCGTGGAGATGA,0,398936
acrBp,0.05263157894736842,18,18,CAGAAATTATACGCAATTTG,0,406145
acrBp,0.05263157894736842,18,18,CACTCGTGCTCCTGTATCTG,0,371163
acrBp,0.05263157894736842,18,18,CACTATAAGGTTTAGTGCGT,0,396400
acrBp,0.05263157894736842,18,18,CACGCTGGGCAATGCCTCAC,0,380801
acrBp,0.05263157894736842,18,18,CACCCGCGACAGTGAGTAGG,0,402195
acrBp,0.05263157894736842,18,18,CAATTTATCAGGGCTGCTAA,0,396385
acrBp,0.05263157894736842,18,18,CAATCATGGCGGCCAACAGG,0,368669
acrBp,0.05263157894736842,18,18,ATTTCTAATGGACATCCGGA,0,372368
acrBp,0.05263157894736842,18,18,ATTCAATTCGAAATTCACTT,0,363439
acrBp,0.05263157894736842,18,18,ATTAATGCAATCCTATGAAA,0,399188
acrBp,0.05263157894736842,18,18,ATGGTATAGGGACCTCCCCA,0,390108
acrBp,0.05263157894736842,18,18,ATGGGAGGAAACAAACAATA,0,398972
acrBp,0.05263157894736842,18,18,ATCTTCACCCGAGTGATAAC,0,406299
acrBp,0.05263157894736842,18,18,ATCTCAGCAGTCCTGCACGT,0,407715
acrBp,0.05263157894736842,18,18,ATCAATCGTTGTCATCCTTG,0,357052
acrBp,0.05263157894736842,18,18,ATACCATAAGGCATTGATAA,0,391357
acrBp,0.05263157894736842,18,18,ATACAAGCCGTTACTCGCAT,0,387187
acrBp,0.05263157894736842,18,18,ATAATGGGACTTTATGTCCG,0,375270
acrBp,0.05263157894736842,18,18,AGTTTGGGGGCCACTGGTTA,0,394743
acrBp,0.05263157894736842,18,18,AGTGTACCCGTTCGGGGAAA,0,373880
acrBp,0.05263157894736842,18,18,AGTGCCGGAGCCCGGGACTG,0,387023
acrBp,0.05263157894736842,18,18,AGTGCCGATGGTCCTGTGCA,0,399905
acrBp,0.05263157894736842,18,18,AGTCTTAAGTTTATGTCGAG,0,393757
acrBp,0.05263157894736842,18,18,AGTCTGCTGGTCACCTAACC,0,388011
acrBp,0.05263157894736842,18,18,AGTCGGAGAGGAACAATTTA,0,383681
acrBp,0.05263157894736842,18,18,AGGTGAGCATGCAAGAGAAC,0,402795
acrBp,0.05263157894736842,18,18,AGGCGTCTTAGTAGTAAAAT,0,385736
acrBp,0.05263157894736842,18,18,AGGCCGAACCGTGACAGTGA,0,374743
acrBp,0.05263157894736842,18,18,AGGACGAGTTGGATTAACGC,0,364894
acrBp,0.05263157894736842,18,18,AGGAATGAAAGACAGTACTA,0,361044
acrBp,0.05263157894736842,18,18,AGCTTTACGTGTTGCATACA,0,369591
acrBp,0.05263157894736842,18,18,AGCGAACAGGGACAGTATCT,0,370097
acrBp,0.05263157894736842,18,18,AGCCACTCGCCACGGGCCGT,0,355022
acrBp,0.05263157894736842,18,18,AGAGTCGTGAGATATTAACT,0,401272
acrBp,0.05263157894736842,18,18,AGAGCGTCGAGCCACTCGAC,0,363748
acrBp,0.05263157894736842,18,18,AGAGCGAGATACTATTGGTG,0,397768
acrBp,0.05263157894736842,18,18,AGACACATTCGTCGGGGGAT,0,358146
acrBp,0.05263157894736842,18,18,AGACACATCAATACGGTAAT,0,380376
acrBp,0.05263157894736842,18,18,ACTTGGACTGCTCGCGTCTA,0,378831
acrBp,0.05263157894736842,18,18,ACTCGGCAATAAAAACGACC,0,361020
acrBp,0.05263157894736842,18,18,ACTACTGGTCCTCCAGCGCA,0,360482
acrBp,0.05263157894736842,18,18,ACGTAGCGAAATGGGCGCCA,0,377089
acrBp,0.05263157894736842,18,18,ACGGATTCGATGGGCGAGCG,0,369928
acrBp,0.05263157894736842,18,18,ACGCGGGTGTACAAAGACTT,0,387159
acrBp,0.05263157894736842,18,18,ACGAATGCTAAAACGAGAAC,0,390113
acrBp,0.05263157894736842,18,18,ACCGCGCACAGGGCGCTTAC,0,372357
acrBp,0.05263157894736842,18,18,ACATTTGATGGCCCCAGGCC,0,355635
acrBp,0.05263157894736842,18,18,AATCGTTATAGCGTGTGATT,0,395885
acrBp,0.05263157894736842,18,18,AATAGATGCGGCCTACAACG,0,369060
acrBp,0.05263157894736842,18,18,AATACTGGTTCAGACCGGTT,0,355038
acrBp,0.05263157894736842,18,18,AAGAGCCGCTTTGGAGTTTG,0,386652
acrBp,0.05263157894736842,18,18,AACTTATTGGGGGGTTTCTG,0,359885
acrBp,0.05263157894736842,18,18,AACGGGTCATATGTACAAGG,0,386883
acrBp,0.05263157894736842,18,18,AACGGGCATTAGTAATAGAA,0,367440
acrBp,0.05263157894736842,18,18,AAAGGTTAGTTAATTTGGTC,0,356512
acrBp,0.05263157894736842,18,18,AAAATGACCCTTGCAAATAC,0,388613
acrBp,0.05263157894736842,18,18,AAAAGGTGAGACGTTCGCTA,0,395748
acrBp,0.05555555555555555,17,17,TTTGTGGATTTATTCGCTCC,0,403312
acrBp,0.05555555555555555,17,17,TTTCTGTCCGTAATTGCTTA,0,388504
acrBp,0.05555555555555555,17,17,TTTCGGAAACAGACACCACT,0,375470
acrBp,0.05555555555555555,17,17,TTTCATCATCAATGCAAGAA,0,376811
acrBp,0.05555555555555555,17,17,TTTATAATCACCGTGGGTAA,0,375861
acrBp,0.05555555555555555,17,17,TTTACACCCACGTTCGAGAC,0,387578
acrBp,0.05555555555555555,17,17,TTTAAAGGCTGACCGCGCGG,0,379948
acrBp,0.05555555555555555,17,17,TTGTTGTGGGCTACAGCAGG,0,367653
acrBp,0.05555555555555555,17,17,TTGTGTCCTCCGCTTTATTC,0,367853
acrBp,0.05555555555555555,17,17,TTGCGGCAATCCTTACGTAT,0,362886
acrBp,0.05555555555555555,17,17,TTGATGTATAGTAAACAGAA,0,384679
acrBp,0.05555555555555555,17,17,TTCTACATGTTATGGCGACC,0,370371
acrBp,0.05555555555555555,17,17,TTCGGTTGAATTATGAGCAT,0,405473
acrBp,0.05555555555555555,17,17,TTCCTCTATATCTAAAACCA,0,384303
acrBp,0.05555555555555555,17,17,TTCCTCGTGATGACCGGGCA,0,357844
acrBp,0.05555555555555555,17,17,TTCCATCTTAGAGAAAGAGC,0,378286
acrBp,0.05555555555555555,17,17,TTCCACAAAGCGTGTGTGAA,0,356635
acrBp,0.05555555555555555,17,17,TTCAATTTGAGTGACCCTTA,0,368792
acrBp,0.05555555555555555,17,17,TTATTTGCGGCTCTGAGATA,0,380284
acrBp,0.05555555555555555,17,17,TTAGTTACACCCAAATGTAT,0,377143
acrBp,0.05555555555555555,17,17,TTACTCTGTATGTGCGAAGC,0,355549
acrBp,0.05555555555555555,17,17,TTACAATTCATAACTTCTTG,0,383732
acrBp,0.05555555555555555,17,17,TGTTAACCACTCGCTAATCG,0,395667
acrBp,0.05555555555555555,17,17,TGTGAAGTCTTGTCGCGTAA,0,361234
acrBp,0.05555555555555555,17,17,TGTCTTTGCCACAAACAATT,0,390788
acrBp,0.05555555555555555,17,17,TGTCATGAAGGTACAGAAAC,0,379396
acrBp,0.05555555555555555,17,17,TGTAGTGGCCTAACGAGACC,0,392091
acrBp,0.05555555555555555,17,17,TGGTTTGCCCGGGTTCATGC,0,372826
acrBp,0.05555555555555555,17,17,TGGACTACGAAGGTGGCAGT,0,360549
acrBp,0.05555555555555555,17,17,TGCGTTACCAAAGTTTGTGA,0,359140
acrBp,0.05555555555555555,17,17,TGCGGACCCTGCATAGGCAA,0,355385
acrBp,0.05555555555555555,17,17,TGATTGTCCTAGTGATTCGC,0,391489
acrBp,0.05555555555555555,17,17,TGATCATTGCTACAAGACCT,0,367845
acrBp,0.05555555555555555,17,17,TGATCACTCCTGGTTCCAAA,0,355386
acrBp,0.05555555555555555,17,17,TGAGATCTTTGATGACCTTG,0,378506
acrBp,0.05555555555555555,17,17,TGAGAGAATGTTAGCGCCGT,0,368154
acrBp,0.05555555555555555,17,17,TCTTTGGTCCCCGTAAACGA,0,367359
acrBp,0.05555555555555555,17,17,TCTTAGACCTAACGGCCTGG,0,390892
acrBp,0.05555555555555555,17,17,TCTGAGTCGAACCACCTCTA,0,399916
acrBp,0.05555555555555555,17,17,TCTCCTTCCGTCCCGTTTGA,0,355059
acrBp,0.05555555555555555,17,17,TCTATCGATTATATATGCGC,0,356690
acrBp,0.05555555555555555,17,17,TCGTCATGCGACCGGGCCTA,0,382787
acrBp,0.05555555555555555,17,17,TCGTACTACCATGGCGGGCA,0,372692
acrBp,0.05555555555555555,17,17,TCGAGCCCGTTTGACACTTG,0,377219
acrBp,0.05555555555555555,17,17,TCATCTATGCATACGGCGGC,0,395745
acrBp,0.05555555555555555,17,17,TCAGACCGGCCAGTTGAACC,0,376202
acrBp,0.05555555555555555,17,17,TCAGAAGGACTGAAGTAGCT,0,362623
acrBp,0.05555555555555555,17,17,TATGTTGGTGCGACCGTGAG,0,397209
acrBp,0.05555555555555555,17,17,TATCTGCAAATTACTCCTTT,0,357107
acrBp,0.05555555555555555,17,17,TATACAAGCGAAATCCCCGT,0,395692
acrBp,0.05555555555555555,17,17,TAGGCCGTTCTGAAGGCCCC,0,408309
acrBp,0.05555555555555555,17,17,TAGGAGGATAGTACTTTAGG,0,407215
acrBp,0.05555555555555555,17,17,TACATTACTCTAAGTTGATC,0,382093
acrBp,0.05555555555555555,17,17,TACATCCCCGCGATCGGTTA,0,358253
acrBp,0.05555555555555555,17,17,TAATCACCATGGTAGTTTAT,0,387993
acrBp,0.05555555555555555,17,17,TAAGACTGTGATCTCCCCGA,0,401155
acrBp,0.05555555555555555,17,17,TAAATGAATCTATTTTATTT,0,376114
acrBp,0.05555555555555555,17,17,TAAAAGCGAAGGGGGGTATT,0,404729
acrBp,0.05555555555555555,17,17,GTTTGGGTAACGCGTCCGGA,0,400473
acrBp,0.05555555555555555,17,17,GTTTCGGGAACATGACCGTT,0,365697
acrBp,0.05555555555555555,17,17,GTTGCCGGTAGGGACTTGAA,0,360105
acrBp,0.05555555555555555,17,17,GTGTGGGTGGCCTCGTCTTA,0,402260
acrBp,0.05555555555555555,17,17,GTGTACAGACAAGCTAACCG,0,378917
acrBp,0.05555555555555555,17,17,GTGGTACCATGGAGTCGTGC,0,371829
acrBp,0.05555555555555555,17,17,GTGCGTTAGGGGATGTAAAA,0,379093
acrBp,0.05555555555555555,17,17,GTCCGACCGGTCTATATGGT,0,401826
acrBp,0.05555555555555555,17,17,GTCCACTCCCGCACCAAGCA,0,362388
acrBp,0.05555555555555555,17,17,GTCCAATCCCCTTACGTGAA,0,363552
acrBp,0.05555555555555555,17,17,GTCAATAGTCGCGAATCGTT,0,398046
acrBp,0.05555555555555555,17,17,GTATTGTCGGTGGTCGGCCC,0,399288
acrBp,0.05555555555555555,17,17,GTAATGAGCTTGATCGTCAT,0,373512
acrBp,0.05555555555555555,17,17,GTAACAGGGCTCACTAACTA,0,395702
acrBp,0.05555555555555555,17,17,GGTAACGAATGGGACTCGGC,0,393155
acrBp,0.05555555555555555,17,17,GGGTGCTTCTGGGCGAGTCT,0,364041
acrBp,0.05555555555555555,17,17,GGGCAAGAATGATACTGAAA,0,374330
acrBp,0.05555555555555555,17,17,GGGCAAAAATACCGCTCCAC,0,393026
acrBp,0.05555555555555555,17,17,GGCTTCCGGTGATAAAGGCA,0,357719
acrBp,0.05555555555555555,17,17,GGCCGTGTATCGGAATGATT,0,371518
acrBp,0.05555555555555555,17,17,GGCCGCTCGAGTAGGTCACG,0,373793
acrBp,0.05555555555555555,17,17,GGCATTTGCTCATGTTGTTT,0,377384
acrBp,0.05555555555555555,17,17,GGATGACGTGGAAAGGGCAA,0,398149
acrBp,0.05555555555555555,17,17,GGATATGTAGCAATGGCAGA,0,388423
acrBp,0.05555555555555555,17,17,GGAACTGCTCCGCTACGCGA,0,406049
acrBp,0.05555555555555555,17,17,GGAAATAGCATATTTTTGCT,0,402432
acrBp,0.05555555555555555,17,17,GCTGTGCCATAACTTCCCTA,0,363074
acrBp,0.05555555555555555,17,17,GCTCCGAGATGATGAATCGT,0,375432
acrBp,0.05555555555555555,17,17,GCTATATTCGAGCTTTCCGA,0,377354
acrBp,0.05555555555555555,17,17,GCTAGCTGAGTCTCTACGAT,0,381659
acrBp,0.05555555555555555,17,17,GCGTGGCTAACTGAGACTCG,0,374785
acrBp,0.05555555555555555,17,17,GCGTACTGGACCGTTTAGCT,0,372428
acrBp,0.05555555555555555,17,17,GCGCGCTCCGCCCGCTCAAT,0,373865
acrBp,0.05555555555555555,17,17,GCGCCTAGCTAACCGAATAG,0,408112
acrBp,0.05555555555555555,17,17,GCGAACCAATGGCTGCGTAC,0,358421
acrBp,0.05555555555555555,17,17,GCCCAGAATGGGCTGATTTC,0,368101
acrBp,0.05555555555555555,17,17,GCCAAGACCGTACGTTAAGC,0,355745
acrBp,0.05555555555555555,17,17,GCATTGTTCATCCTATTTAC,0,398313
acrBp,0.05555555555555555,17,17,GCATGATGTTTACGGGAATA,0,360883
acrBp,0.05555555555555555,17,17,GCATAGCGCCAAGTTTATGG,0,400913
acrBp,0.05555555555555555,17,17,GCACCCCGCATTATATCCAT,0,399657
acrBp,0.05555555555555555,17,17,GCAATCTCGGTCTTTTTGCC,0,381118
acrBp,0.05555555555555555,17,17,GATTGTACGTTCAAGCGCAG,0,378338
acrBp,0.05555555555555555,17,17,GATTAAGATTATAGTAACAA,0,365263
acrBp,0.05555555555555555,17,17,GATCCTAAGGCGTGCGATTT,0,370512
acrBp,0.05555555555555555,17,17,GATAGGTATGTCCTTATTTT,0,403071
acrBp,0.05555555555555555,17,17,GAGTATCCGCCTGGGACTAC,0,383512
acrBp,0.05555555555555555,17,17,GAGGCCAGCACACGGAACTT,0,363778
acrBp,0.05555555555555555,17,17,GAGCTCAAATAAGTATACAA,0,398139
acrBp,0.05555555555555555,17,17,GACCGAGGTATGTACCACAT,0,389625
acrBp,0.05555555555555555,17,17,GACAGGACATGCGGATATCG,0,394709
acrBp,0.05555555555555555,17,17,GAATTGGACGAGGGCACTTT,0,382762
acrBp,0.05555555555555555,17,17,GAATCTCCCATGGTGTTCGC,0,387733
acrBp,0.05555555555555555,17,17,GAAGGAGAACAGTTCTATGA,0,374887
acrBp,0.05555555555555555,17,17,GAACTTTTGGAGACATGAGA,0,370090
acrBp,0.05555555555555555,17,17,GAACCACGAACCAGGTCCAC,0,390222
acrBp,0.05555555555555555,17,17,GAACAAACATCGCGGAAGGG,0,362077
acrBp,0.05555555555555555,17,17,GAAACTCGAGTAGTCCAGAC,0,375909
acrBp,0.05555555555555555,17,17,CTTTCCAGGGTGGTGAATAC,0,382287
acrBp,0.05555555555555555,17,17,CTTCGGAATTCATCGTCTTT,0,360003
acrBp,0.05555555555555555,17,17,CTTCAACTGTGTCCGGGTTC,0,378699
acrBp,0.05555555555555555,17,17,CTTACTCGCAGACGTCCCAC,0,391098
acrBp,0.05555555555555555,17,17,CTGTGTCATGCTTCGTACGA,0,401128
acrBp,0.05555555555555555,17,17,CTGGATAGTGATAACGTGGG,0,386968
acrBp,0.05555555555555555,17,17,CTGGAGTGCCTCATGTCGCT,0,355425
acrBp,0.05555555555555555,17,17,CTGGACCTCCCAAATCAGCT,0,364314
acrBp,0.05555555555555555,17,17,CTGCTGTAATCTCATCCCGT,0,371626
acrBp,0.05555555555555555,17,17,CTCTGGTGCACATTCTGAAT,0,402096
acrBp,0.05555555555555555,17,17,CTCGTTGTTGACTTATTCGG,0,382758
acrBp,0.05555555555555555,17,17,CTCCGCTTATTTTGTCGAGA,0,392166
acrBp,0.05555555555555555,17,17,CTCAGTGATCATGCGACTCT,0,355017
acrBp,0.05555555555555555,17,17,CTCAATGAACATCTGGTCCC,0,365546
acrBp,0.05555555555555555,17,17,CTCAACCAACGAGGTATAGT,0,383739
acrBp,0.05555555555555555,17,17,CTATATGGCTTGAGGATTGA,0,385816
acrBp,0.05555555555555555,17,17,CTATACATTCTTACCGGGCG,0,404207
acrBp,0.05555555555555555,17,17,CGTTTTCCATGCAGACTCAG,0,359806
acrBp,0.05555555555555555,17,17,CGTTTCAGTGGCGACCCAGG,0,372098
acrBp,0.05555555555555555,17,17,CGTTACGCTAGCGCGTGGGG,0,364150
acrBp,0.05555555555555555,17,17,CGTATAATTCGGGTAAACCT,0,356897
acrBp,0.05555555555555555,17,17,CGTACCCGGCGGGGGCTGAA,0,372035
acrBp,0.05555555555555555,17,17,CGGTGAATCGGTGGAGCGGT,0,360413
acrBp,0.05555555555555555,17,17,CGGCGTCATTTCCCCAATCG,0,384583
acrBp,0.05555555555555555,17,17,CGGCATGGTTTCGAACCCAC,0,396458
acrBp,0.05555555555555555,17,17,CGGATCTAGTGATTCTGTAC,0,403552
acrBp,0.05555555555555555,17,17,CGCTTTGGGTCTTGCTTCCT,0,364590
acrBp,0.05555555555555555,17,17,CGCTGGAGAGTCGAAACTTA,0,401267
acrBp,0.05555555555555555,17,17,CGCTCTAACAAAAATGAGAC,0,361193
acrBp,0.05555555555555555,17,17,CGCTATTCCGCCGGGCATCT,0,365503
acrBp,0.05555555555555555,17,17,CGAGACATCGTGCTCGCCTG,0,386658
acrBp,0.05555555555555555,17,17,CGAAGTGCCATAACCAAAAT,0,386773
acrBp,0.05555555555555555,17,17,CCTGTCGCTTTTAGTACGAG,0,403245
acrBp,0.05555555555555555,17,17,CCTGGGGCCACTAAGCGCAA,0,396236
acrBp,0.05555555555555555,17,17,CCTCGAGCCATGCATATCTC,0,400097
acrBp,0.05555555555555555,17,17,CCTATGCTCTTGCATGCGAG,0,373145
acrBp,0.05555555555555555,17,17,CCGTTCATCCATTCAGATCC,0,405912
acrBp,0.05555555555555555,17,17,CCGGTTGTGTCGGCGTTCGT,0,359633
acrBp,0.05555555555555555,17,17,CCGGCTGGGGGTGGAGAGAC,0,377571
acrBp,0.05555555555555555,17,17,CCGGACACGAATTTTGATGC,0,387365
acrBp,0.05555555555555555,17,17,CCCTGACAATAAAACTACCA,0,355638
acrBp,0.05555555555555555,17,17,CCCCTTTTTAAAATTTAAAG,0,386837
acrBp,0.05555555555555555,17,17,CCCATAGACTTCTATTCTGA,0,393320
acrBp,0.05555555555555555,17,17,CCAGTCATATTACCCGCAAG,0,402176
acrBp,0.05555555555555555,17,17,CCAGACCCAGTGCGTCCTGT,0,374965
acrBp,0.05555555555555555,17,17,CCAATGTTTTACCGTGGGGG,0,381180
acrBp,0.05555555555555555,17,17,CCAAACCCAACTGAAATAGT,0,387416
acrBp,0.05555555555555555,17,17,CCAAAATGCCTCCGCTCATC,0,380058
acrBp,0.05555555555555555,17,17,CATCCTCATGGTATTGGGGA,0,388083
acrBp,0.05555555555555555,17,17,CATCAAAGAAAGGCCGTCCG,0,406652
acrBp,0.05555555555555555,17,17,CAGGTTAGTACATTATGCAA,0,363999
acrBp,0.05555555555555555,17,17,CAGGGCTCTTGTTGTAGACA,0,366250
acrBp,0.05555555555555555,17,17,CAGACCCGGGCATTACCACA,0,367444
acrBp,0.05555555555555555,17,17,CAGAAACTTTTAATTGTATT,0,373142
acrBp,0.05555555555555555,17,17,CACTGTAATATCCTTTCCAT,0,355464
acrBp,0.05555555555555555,17,17,CACCATATACCAACATTTAT,0,369441
acrBp,0.05555555555555555,17,17,CACCAAGGCCATTTCACTGG,0,406620
acrBp,0.05555555555555555,17,17,CACATCCCCTGGTACAGCAA,0,397717
acrBp,0.05555555555555555,17,17,CAAGGCTAGCCTGCTCTCGT,0,360144
acrBp,0.05555555555555555,17,17,CAACACTTGAAATATGAGGA,0,379386
acrBp,0.05555555555555555,17,17,ATTTAGGTTCAGGCGGGCAG,0,372388
acrBp,0.05555555555555555,17,17,ATTGGGAGTGGATCGTTAAA,0,395939
acrBp,0.05555555555555555,17,17,ATTGAACAAAGAAACCCGTA,0,361008
acrBp,0.05555555555555555,17,17,ATTCGCACCCGTGGCAGAAG,0,383102
acrBp,0.05555555555555555,17,17,ATTAATTAACTACGTTTTTC,0,374096
acrBp,0.05555555555555555,17,17,ATGGAGACCGAACGCTTTCA,0,381766
acrBp,0.05555555555555555,17,17,ATGCCGATCCGCAAGACTCT,0,407815
acrBp,0.05555555555555555,17,17,ATCTATATGGACACGTAAAC,0,393691
acrBp,0.05555555555555555,17,17,ATCGTGTGGGGCGACGCCGT,0,405167
acrBp,0.05555555555555555,17,17,ATCCTAGCCATGAGCCCTGC,0,397380
acrBp,0.05555555555555555,17,17,ATCCGTAGAGAACGGCGGGG,0,381071
acrBp,0.05555555555555555,17,17,ATCCGAGTTCCTTTGGCACA,0,356846
acrBp,0.05555555555555555,17,17,ATATCCAAGGATGATCTCAT,0,381711
acrBp,0.05555555555555555,17,17,ATAACGGGGTGGGGACGACA,0,374738
acrBp,0.05555555555555555,17,17,AGTTCTACGATTTCGAACGG,0,380773
acrBp,0.05555555555555555,17,17,AGTGGAAACCTTCTCGAACG,0,376807
acrBp,0.05555555555555555,17,17,AGTCGCTCAATCTCACCAGA,0,371261
acrBp,0.05555555555555555,17,17,AGTCACGGTAATGGCTGATT,0,357288
acrBp,0.05555555555555555,17,17,AGGGCGAAGTCACTCGAGTC,0,406645
acrBp,0.05555555555555555,17,17,AGGGACGAACGTCAATGCTA,0,361644
acrBp,0.05555555555555555,17,17,AGGCCTGGCGCACAGAGATA,0,372908
acrBp,0.05555555555555555,17,17,AGGATCATGCTAGAATCTAT,0,366431
acrBp,0.05555555555555555,17,17,AGGACCGGCAACAGCTTAGG,0,383696
acrBp,0.05555555555555555,17,17,AGCTTCTTCCCGTGGTAAAG,0,387604
acrBp,0.05555555555555555,17,17,AGCTAGGAAACTCGGCTCCG,0,376610
acrBp,0.05555555555555555,17,17,AGCGTGGTTCGTGTAGACAA,0,380988
acrBp,0.05555555555555555,17,17,AGCCACGGGATGATGGATGC,0,388594
acrBp,0.05555555555555555,17,17,AGCATAGGTTCGGTGCTCAT,0,393542
acrBp,0.05555555555555555,17,17,AGACAATTAAAGAGGAGCAA,0,370785
acrBp,0.05555555555555555,17,17,AGAAGTCACCCGACATACAA,0,405388
acrBp,0.05555555555555555,17,17,ACTTCATCATAACGCCGAAG,0,405531
acrBp,0.05555555555555555,17,17,ACTGGGGTATCGTTCGGAGG,0,359664
acrBp,0.05555555555555555,17,17,ACTGGAGGAGTACCTTGTAT,0,374915
acrBp,0.05555555555555555,17,17,ACTGAAAAAGAGATATACGT,0,363742
acrBp,0.05555555555555555,17,17,ACTATTTTAGGTCGTCGTTT,0,355379
acrBp,0.05555555555555555,17,17,ACTATGATGCACGAAGGACT,0,362789
acrBp,0.05555555555555555,17,17,ACGTTGCTCTGCCATATTGA,0,375490
acrBp,0.05555555555555555,17,17,ACGTAGGAGTTAACCGATTG,0,398690
acrBp,0.05555555555555555,17,17,ACCGAGGGTAAATCTTGAGC,0,377752
acrBp,0.05555555555555555,17,17,ACCACGTGCAAGCGACCCAT,0,397767
acrBp,0.05555555555555555,17,17,ACCACGGACTGTCTAGTAGT,0,370619
acrBp,0.05555555555555555,17,17,ACATCAGCAATCAGTGATTA,0,369961
acrBp,0.05555555555555555,17,17,ACAAGAAGCCAAGCTCTGGC,0,369147
acrBp,0.05555555555555555,17,17,AATTGGGAGCGAAGGGCGGC,0,388668
acrBp,0.05555555555555555,17,17,AATTCTTCCCTACCTCGTAG,0,361084
acrBp,0.05555555555555555,17,17,AATGTTAATTATGAGAGTTG,0,370940
acrBp,0.05555555555555555,17,17,AATGGGGTTTCTACCCCCAA,0,388371
acrBp,0.05555555555555555,17,17,AATGGCCTTCGAGCAAGGGA,0,385430
acrBp,0.05555555555555555,17,17,AAGAACTGAAAATCATTTAC,0,361175
acrBp,0.05555555555555555,17,17,AACCTGATCACTTCCCGACG,0,374046
acrBp,0.05555555555555555,17,17,AACCGTTCACAGCCAACGAA,0,359072
acrBp,0.05555555555555555,17,17,AACCGCTGAACACACGCGAT,0,391921
acrBp,0.05555555555555555,17,17,AACCACAACACGTTCTGCCC,0,372341
acrBp,0.05555555555555555,17,17,AACAAGCCCACGGGTTGCTG,0,391578
acrBp,0.05555555555555555,17,17,AAATCAGGGACCACGAAAGT,0,394460
acrBp,0.05555555555555555,17,17,AAATACCAAATTGAGACCAT,0,377693
acrBp,0.05555555555555555,17,17,AAAGTAGAAACTATCCTCAG,0,390529
acrBp,0.05555555555555555,17,17,AAAGGTCATGTACCTGTATG,0,357329
acrBp,0.05555555555555555,17,17,AAAGAGCGGCTTAAATGTTA,0,387344
acrBp,0.05555555555555555,17,17,AAACGGCATACCGGTACAAG,0,355128
acrBp,0.05555555555555555,17,17,AAACGCTAGTTTCATGTGCC,0,363555
acrBp,0.058823529411764705,16,16,TTTTCTCCCAAGATTCTGAA,0,404982
acrBp,0.058823529411764705,16,16,TTTGTTTTGACTGTTTTGAA,0,355155
acrBp,0.058823529411764705,16,16,TTTGCTGGTGTGGCAAGGTA,0,363234
acrBp,0.058823529411764705,16,16,TTTACTCAGGCAACGAATCT,0,361421
acrBp,0.058823529411764705,16,16,TTTAACATTCATGTCCCTCT,0,375718
acrBp,0.058823529411764705,16,16,TTGTTAACGTACTCCAATGA,0,390939
acrBp,0.058823529411764705,16,16,TTGAAATCAAAGGGTCAACC,0,358947
acrBp,0.058823529411764705,16,16,TTCGGATGCACCCTGGTCCT,0,388783
acrBp,0.058823529411764705,16,16,TTCGCGGGAGGCCAGACGAG,0,392450
acrBp,0.058823529411764705,16,16,TTCAAGGGTCTCGGACGAAG,0,392444
acrBp,0.058823529411764705,16,16,TTCAACAAAATGGACTCTTT,0,390752
acrBp,0.058823529411764705,16,16,TTAGGGTACGGCGACCATTT,0,385907
acrBp,0.058823529411764705,16,16,TTAGGCCAGATGTCCATCAC,0,392562
acrBp,0.058823529411764705,16,16,TTAAAACAATTAGTTGATCA,0,408036
acrBp,0.058823529411764705,16,16,TGTTGCCGGCATATATAAAG,0,379373
acrBp,0.058823529411764705,16,16,TGTTCTACATGACCGGAGAT,0,404693
acrBp,0.058823529411764705,16,16,TGTTATCAGGGGCTGATTAA,0,395163
acrBp,0.058823529411764705,16,16,TGTTAGGGTTCTCTGAGTTA,0,400012
acrBp,0.058823529411764705,16,16,TGTCGACCATCTTGGGTTGC,0,356538
acrBp,0.058823529411764705,16,16,TGTATGTTCTAATCGATGAT,0,382985
acrBp,0.058823529411764705,16,16,TGGCCACCAACCCGATACGC,0,369176
acrBp,0.058823529411764705,16,16,TGGCAGATTGCTGTTCGTGG,0,362142
acrBp,0.058823529411764705,16,16,TGGCACGATGTTTAATTCCG,0,398863
acrBp,0.058823529411764705,16,16,TGGAGCTCCTGTCTCCAAGC,0,403764
acrBp,0.058823529411764705,16,16,TGGACCTCCCCAGAGTGGCC,0,360640
acrBp,0.058823529411764705,16,16,TGGAATACTGGTGGGGGACT,0,365526
acrBp,0.058823529411764705,16,16,TGCTTAAGGATTATGAGCAT,0,394975
acrBp,0.058823529411764705,16,16,TGCTGCGGTCAACGGATCCA,0,401931
acrBp,0.058823529411764705,16,16,TGCCGGCAGTATTGAAACCC,0,376515
acrBp,0.058823529411764705,16,16,TGCAGTTCAGTGAGTGTATC,0,376166
acrBp,0.058823529411764705,16,16,TGCAGAGCCCGTTCGGGGTT,0,394369
acrBp,0.058823529411764705,16,16,TGCAGACATTCCGGAACTCA,0,386398
acrBp,0.058823529411764705,16,16,TGCACGCGCACTAAAGTTGA,0,377426
acrBp,0.058823529411764705,16,16,TGCAACGATCGCAAGATTCA,0,394624
acrBp,0.058823529411764705,16,16,TGATCCTAATCCTAGTGTCT,0,379903
acrBp,0.058823529411764705,16,16,TGAGTATGGCACTCCCGTGG,0,390600
acrBp,0.058823529411764705,16,16,TGACGCCCTCGTATGCATTG,0,380581
acrBp,0.058823529411764705,16,16,TGAATGTTCCCGACGCGCCG,0,363958
acrBp,0.058823529411764705,16,16,TGAACCTGCATGCCCAGAAT,0,405880
acrBp,0.058823529411764705,16,16,TCTTTGCCAGTTCGGAAACT,0,374341
acrBp,0.058823529411764705,16,16,TCTGTGGCCAGAAGAAAGTT,0,388054
acrBp,0.058823529411764705,16,16,TCTACCACTTATTAGTTTCA,0,386549
acrBp,0.058823529411764705,16,16,TCGGGTACTTACCTCAATTC,0,355539
acrBp,0.058823529411764705,16,16,TCGCCAGCTACTACGAATGT,0,363094
acrBp,0.058823529411764705,16,16,TCGATGACGAAATCTTGAGT,0,376165
acrBp,0.058823529411764705,16,16,TCGATCACTACCCATGGCCT,0,373905
acrBp,0.058823529411764705,16,16,TCCGCGCAGCTACCAATAGG,0,387299
acrBp,0.058823529411764705,16,16,TCCCGGAATGTCAGCATTCA,0,403957
acrBp,0.058823529411764705,16,16,TCCCCAGAATAGCCAAATCT,0,398262
acrBp,0.058823529411764705,16,16,TCATCTAAGTAGGCGATGGC,0,397604
acrBp,0.058823529411764705,16,16,TCATCGAATGTGCGTCTCAA,0,377344
acrBp,0.058823529411764705,16,16,TCATAATATATGGCGTCGGC,0,385315
acrBp,0.058823529411764705,16,16,TCAGCAGAATCCGCGGTCGT,0,390164
acrBp,0.058823529411764705,16,16,TATTACGCGCGGGCAGGAGT,0,396353
acrBp,0.058823529411764705,16,16,TATGTATAGGGGGCTACGCG,0,356461
acrBp,0.058823529411764705,16,16,TATGTACCTCGGGCTACTCT,0,361824
acrBp,0.058823529411764705,16,16,TATCGGCAGCCGCAAAGATC,0,362169
acrBp,0.058823529411764705,16,16,TAGTGGGGTTCCACTAGACT,0,380044
acrBp,0.058823529411764705,16,16,TAGCGGAGCGGTATACTTTT,0,371308
acrBp,0.058823529411764705,16,16,TAGAAAGCGCGCGTACCTGG,0,360012
acrBp,0.058823529411764705,16,16,TACTTGGACGGCGTCGTCCC,0,367402
acrBp,0.058823529411764705,16,16,TAATTATCAGCGGACTTGCG,0,391956
acrBp,0.058823529411764705,16,16,TAACTACCGAGAACAGACTT,0,395600
acrBp,0.058823529411764705,16,16,GTTTTCTATGTTGACCATCT,0,366473
acrBp,0.058823529411764705,16,16,GTTTTAGTCCCGCCATCCTA,0,395227
acrBp,0.058823529411764705,16,16,GTTTGGTACTGGAGTCTCTT,0,397750
acrBp,0.058823529411764705,16,16,GTTTGCTAATTTTCTCGTTA,0,377087
acrBp,0.058823529411764705,16,16,GTTAAGCTCGAGATTGCATT,0,365282
acrBp,0.058823529411764705,16,16,GTGTTATGCTCTCGTGTTTG,0,382778
acrBp,0.058823529411764705,16,16,GTGTCTTTCAAGACAGTAAA,0,402189
acrBp,0.058823529411764705,16,16,GTGGCCCGCTCAACGTGGTT,0,389967
acrBp,0.058823529411764705,16,16,GTGCTAAGACGGACTGTTAC,0,404108
acrBp,0.058823529411764705,16,16,GTGCAAGCAGGAAGTATGTT,0,395334
acrBp,0.058823529411764705,16,16,GTGCAAATAACACGTCCTGC,0,402531
acrBp,0.058823529411764705,16,16,GTGATCCACACAGGGCATGG,0,364625
acrBp,0.058823529411764705,16,16,GTCTCTGGTACCAGGTAGCA,0,357186
acrBp,0.058823529411764705,16,16,GTCTACATGGTTTGAGCAAG,0,376566
acrBp,0.058823529411764705,16,16,GTCCCTCCGCTACTTCCGTG,0,391450
acrBp,0.058823529411764705,16,16,GTCATGCCCTCAGGTTTGGA,0,361935
acrBp,0.058823529411764705,16,16,GTCACAACGGTCATGCTGGT,0,365808
acrBp,0.058823529411764705,16,16,GTATTAGATAAAATATGTGC,0,403626
acrBp,0.058823529411764705,16,16,GTACCGGATCTTTTGAAGGT,0,391274
acrBp,0.058823529411764705,16,16,GTAAGGTCAAAGCCTTTGGT,0,404554
acrBp,0.058823529411764705,16,16,GTAAATGACCGGGACCATTG,0,386490
acrBp,0.058823529411764705,16,16,GGTTGCGCACGTTACTCTAG,0,391071
acrBp,0.058823529411764705,16,16,GGTTCACCGATTTTGCTTTC,0,368617
acrBp,0.058823529411764705,16,16,GGTGGTCCAAGTGTCGATTT,0,376216
acrBp,0.058823529411764705,16,16,GGTCTCGGCCTGCAATCAAG,0,402777
acrBp,0.058823529411764705,16,16,GGTACGAAGGGAGCAAGCGG,0,357746
acrBp,0.058823529411764705,16,16,GGGTTAGCCGTAAACCTGTT,0,356355
acrBp,0.058823529411764705,16,16,GGGTCCAGGCACGGCCTGGA,0,399818
acrBp,0.058823529411764705,16,16,GGGTAACTCGTCAGTCCAGA,0,365626
acrBp,0.058823529411764705,16,16,GGGATAACGGGACACTAAAA,0,400138
acrBp,0.058823529411764705,16,16,GGCTCCACTTCGAGAAGAAG,0,383462
acrBp,0.058823529411764705,16,16,GGCGACGACGATCCGGCTCT,0,374898
acrBp,0.058823529411764705,16,16,GGCCGGTCTGGCCTTGTCAC,0,385502
acrBp,0.058823529411764705,16,16,GGCCAAACTTCGAACCGGTC,0,392908
acrBp,0.058823529411764705,16,16,GGCATACAGAACTAAGGGAC,0,381926
acrBp,0.058823529411764705,16,16,GGCAGAGCGCCTGGCCGCTG,0,373144
acrBp,0.058823529411764705,16,16,GGAGCTGATAATCATGGAGG,0,359838
acrBp,0.058823529411764705,16,16,GGAGATTTTCCAGTCCGGAT,0,361385
acrBp,0.058823529411764705,16,16,GGAGATACCGATGAGGGTCA,0,404304
acrBp,0.058823529411764705,16,16,GGAGAGACTGCCAGACCGCA,0,401723
acrBp,0.058823529411764705,16,16,GGACGCCCCTACGTGTCAAA,0,361443
acrBp,0.058823529411764705,16,16,GGACGCCACCCGTTGCTCGC,0,374349
acrBp,0.058823529411764705,16,16,GGACAAGCCCGCGCCGCGAA,0,402125
acrBp,0.058823529411764705,16,16,GCTTCCTGTTGTGTCACAAG,0,367904
acrBp,0.058823529411764705,16,16,GCTCAACCACCGGGAGCCCA,0,355589
acrBp,0.058823529411764705,16,16,GCGGTTCACTTAGGCTTCTG,0,404191
acrBp,0.058823529411764705,16,16,GCGGGTGGAATGACTGTATC,0,399251
acrBp,0.058823529411764705,16,16,GCGGCATATGGCACGAGCTC,0,395303
acrBp,0.058823529411764705,16,16,GCCGTGGGTCACGACCGCTG,0,393319
acrBp,0.058823529411764705,16,16,GCCCCTGTAGTGTACGGGCG,0,370835
acrBp,0.058823529411764705,16,16,GCATACAATCTAGGCCTCCT,0,370460
acrBp,0.058823529411764705,16,16,GATCGGCGCCCGCCAAGTGG,0,367783
acrBp,0.058823529411764705,16,16,GAGTCAACCGTCACGCAGAA,0,385170
acrBp,0.058823529411764705,16,16,GAGGTGAACAAGCTATAGTA,0,373020
acrBp,0.058823529411764705,16,16,GAGGTCGGCCATATGGGCTA,0,387976
acrBp,0.058823529411764705,16,16,GAGGGACTGGAGTAACGACG,0,367060
acrBp,0.058823529411764705,16,16,GAGCCCCGCGCCCCGGACAC,0,361963
acrBp,0.058823529411764705,16,16,GAGACGGAAGCATCCAGAAC,0,362129
acrBp,0.058823529411764705,16,16,GACTTGTAGGATCCTCCTGC,0,363134
acrBp,0.058823529411764705,16,16,GACTTCGCATAACCCTTAGG,0,392684
acrBp,0.058823529411764705,16,16,GACCATGCAACGCCCAGTTC,0,365461
acrBp,0.058823529411764705,16,16,GACCACAACTTTGAGAGCAT,0,376265
acrBp,0.058823529411764705,16,16,GACACGCTCAGAAATCGTTT,0,371004
acrBp,0.058823529411764705,16,16,GACACCACAGGAAGTTCGGT,0,378867
acrBp,0.058823529411764705,16,16,GAATCTCGCATCAGCCCCGG,0,399284
acrBp,0.058823529411764705,16,16,GAACATACGGTGGGGGCACA,0,389388
acrBp,0.058823529411764705,16,16,GAACAGGGTCGGGTCTTTGA,0,383167
acrBp,0.058823529411764705,16,16,GAAAGGGGTGCGGGAAGTAA,0,361037
acrBp,0.058823529411764705,16,16,GAAAAAACCGTCGCGGTTGC,0,368216
acrBp,0.058823529411764705,16,16,CTTGGCACTGTTCGGCCTAG,0,360253
acrBp,0.058823529411764705,16,16,CTTACTACCAAATACGCTTT,0,394872
acrBp,0.058823529411764705,16,16,CTTACCGTCAGCGGCTACTC,0,374573
acrBp,0.058823529411764705,16,16,CTGTTGCTACTCACACGCCA,0,386030
acrBp,0.058823529411764705,16,16,CTGTCCGCCAGAAGTTAAAG,0,392871
acrBp,0.058823529411764705,16,16,CTGTAGCTGAGGATCTATTG,0,376905
acrBp,0.058823529411764705,16,16,CTGGTTATACATGTGGTAGT,0,361542
acrBp,0.058823529411764705,16,16,CTGGGTTAACGTCTAGACCA,0,390533
acrBp,0.058823529411764705,16,16,CTGCTCAAACCGTTAGAGCA,0,386988
acrBp,0.058823529411764705,16,16,CTGCATGTTAGACTGGTCCA,0,357254
acrBp,0.058823529411764705,16,16,CTGAAACAGAAATTACCTCC,0,392548
acrBp,0.058823529411764705,16,16,CTCTGGTTAAAGATAGGCAT,0,377662
acrBp,0.058823529411764705,16,16,CTCCGTCGATGTAGCCCATT,0,360842
acrBp,0.058823529411764705,16,16,CTCCGGGAGCATCTAAGATA,0,366167
acrBp,0.058823529411764705,16,16,CTCAAAAAACCAGAATACCA,0,381006
acrBp,0.058823529411764705,16,16,CTATCACTCACTCTTACATG,0,369291
acrBp,0.058823529411764705,16,16,CTAGGCTGTATAGATGTCAG,0,383766
acrBp,0.058823529411764705,16,16,CTAGAGAACATAAGTTACAG,0,383001
acrBp,0.058823529411764705,16,16,CTAGACGTCACTCCGATCGT,0,390017
acrBp,0.058823529411764705,16,16,CTACGCGCCGGGGGGCAAGA,0,398856
acrBp,0.058823529411764705,16,16,CTAAATAGTTGATCTCAGAC,0,370177
acrBp,0.058823529411764705,16,16,CGTTTGATGGGTACAGTAGA,0,394585
acrBp,0.058823529411764705,16,16,CGTTGATGTATCCAAGCCAA,0,383503
acrBp,0.058823529411764705,16,16,CGTTACGGCATTAGCCACAA,0,355887
acrBp,0.058823529411764705,16,16,CGTTAATCCACCATATATAA,0,383088
acrBp,0.058823529411764705,16,16,CGTGCGGGCGATGCTACCAT,0,362292
acrBp,0.058823529411764705,16,16,CGTGAGGCGAACGGGCGAAT,0,379346
acrBp,0.058823529411764705,16,16,CGGTTCTGGTTAGTTATGAT,0,405966
acrBp,0.058823529411764705,16,16,CGGGCTGCAGTATAGATGTC,0,394880
acrBp,0.058823529411764705,16,16,CGGGATCGGCGTGGTAACAG,0,363626
acrBp,0.058823529411764705,16,16,CGGCTGTTTCAGCTCACGAG,0,390099
acrBp,0.058823529411764705,16,16,CGGCTGGCGATACGCAAGTC,0,368854
acrBp,0.058823529411764705,16,16,CGGCGCGCAATCCACCAAGA,0,369358
acrBp,0.058823529411764705,16,16,CGGCACTCGTGCCCCTGTTC,0,390487
acrBp,0.058823529411764705,16,16,CGCGTAACGTATGAGGTGTT,0,404199
acrBp,0.058823529411764705,16,16,CGCGGCCTTGCCATGAAGCA,0,367899
acrBp,0.058823529411764705,16,16,CGCGACACAGTAGCGACAAG,0,394905
acrBp,0.058823529411764705,16,16,CGATAGAGCAGGGCTCGTGA,0,404569
acrBp,0.058823529411764705,16,16,CGAGCTCAACCGGCGTAAAA,0,382471
acrBp,0.058823529411764705,16,16,CGAGATACGCTTCGCATTCA,0,404998
acrBp,0.058823529411764705,16,16,CGAGAGTTATAATACTTGCA,0,357469
acrBp,0.058823529411764705,16,16,CGACCTTTTGCCACCAACAA,0,402507
acrBp,0.058823529411764705,16,16,CGACACGCACACCAGGCAGT,0,385748
acrBp,0.058823529411764705,16,16,CGAATGTGGGGCCACACCCG,0,378170
acrBp,0.058823529411764705,16,16,CCTGGCTCCGCGCCCAGCGA,0,392716
acrBp,0.058823529411764705,16,16,CCTCTTAGACCTCACTTTTT,0,389051
acrBp,0.058823529411764705,16,16,CCTCGGTTGGCAACCTTATA,0,368054
acrBp,0.058823529411764705,16,16,CCTATCGACAGGAATTTCTT,0,359528
acrBp,0.058823529411764705,16,16,CCTAAGATATATCCGTCACG,0,375969
acrBp,0.058823529411764705,16,16,CCGTTACTTGCCCGTTCTAT,0,390753
acrBp,0.058823529411764705,16,16,CCGTCGTTTCTAGAAATTAT,0,390029
acrBp,0.058823529411764705,16,16,CCGTATCGCTCATCAGCGTT,0,369533
acrBp,0.058823529411764705,16,16,CCGGGGGAACATGTCTAGGG,0,379843
acrBp,0.058823529411764705,16,16,CCGGCGGGTATAGGGTGGTC,0,355416
acrBp,0.058823529411764705,16,16,CCCGAGGATCGGCCGCACGT,0,391025
acrBp,0.058823529411764705,16,16,CCCCGCATTGGGATATATTC,0,366523
acrBp,0.058823529411764705,16,16,CCCACTACGCTAGGCGGGAG,0,361277
acrBp,0.058823529411764705,16,16,CCCACACGATTCCGCTAGGA,0,390197
acrBp,0.058823529411764705,16,16,CCATAAATCCCTCAGGGTCA,0,367406
acrBp,0.058823529411764705,16,16,CCAGTTCAGACGAGGCCTGT,0,362578
acrBp,0.058823529411764705,16,16,CCACTGATTGTACAGAGGTA,0,369442
acrBp,0.058823529411764705,16,16,CATTGCCCCGTGGACTCGAG,0,378074
acrBp,0.058823529411764705,16,16,CATTGCATAGGCACACCGAA,0,363144
acrBp,0.058823529411764705,16,16,CATGTATCGTGGGCCAACCT,0,401247
acrBp,0.058823529411764705,16,16,CATGGGGATGATCCAGGATT,0,358386
acrBp,0.058823529411764705,16,16,CATGCCCTGGTTAGGTCGAA,0,357883
acrBp,0.058823529411764705,16,16,CATGCAAAATCGCATTATTC,0,376287
acrBp,0.058823529411764705,16,16,CATCGGGTGTTCACTAAGTC,0,404305
acrBp,0.058823529411764705,16,16,CATCACTGCAAGCACCGGAC,0,403948
acrBp,0.058823529411764705,16,16,CATACTCCATCTGAGGTCCC,0,367172
acrBp,0.058823529411764705,16,16,CAGTTTTAATCGTCCATGGG,0,403761
acrBp,0.058823529411764705,16,16,CAGTGTAACTCCGTATTTCT,0,396396
acrBp,0.058823529411764705,16,16,CAGTGCGCAGAGGGGGTTGT,0,369134
acrBp,0.058823529411764705,16,16,CAGGGAATCGTTGAGAGTTA,0,398196
acrBp,0.058823529411764705,16,16,CAGGCAAAATTTAAAGACCA,0,383522
acrBp,0.058823529411764705,16,16,CAGCTCCCTGTCCCCAAAGG,0,380479
acrBp,0.058823529411764705,16,16,CAGCCCCAAGGAAACGTTGC,0,406046
acrBp,0.058823529411764705,16,16,CAGCAGCTAGCCGACATGAG,0,370309
acrBp,0.058823529411764705,16,16,CAGACGGCTCGAGTAGGCAT,0,375721
acrBp,0.058823529411764705,16,16,CACTCAAGGTCGTACGTAGG,0,357830
acrBp,0.058823529411764705,16,16,CACTAGACCCGTTAACGAAA,0,373675
acrBp,0.058823529411764705,16,16,CACGGGAAGAAACAGGATTG,0,368066
acrBp,0.058823529411764705,16,16,CACCTATGAATAAGTTAGCT,0,377731
acrBp,0.058823529411764705,16,16,CAATTAGCACCCAGGTATAA,0,388082
acrBp,0.058823529411764705,16,16,CAATGGGCAGGGCTCGTGCA,0,358315
acrBp,0.058823529411764705,16,16,CAAGCGCAACGGCGCTGTCT,0,391597
acrBp,0.058823529411764705,16,16,CAACAAGATTTAGGAAGTGT,0,388979
acrBp,0.058823529411764705,16,16,CAAAACTTTCCGGAATTGAA,0,407606
acrBp,0.058823529411764705,16,16,ATTGTTCGCCAAAAACGCTG,0,357690
acrBp,0.058823529411764705,16,16,ATTGGCGTGTCGAATAGCGG,0,400269
acrBp,0.058823529411764705,16,16,ATTGCTGGGGCTACCCACCC,0,384831
acrBp,0.058823529411764705,16,16,ATTGCGGGCTTAGTTCCGCA,0,380314
acrBp,0.058823529411764705,16,16,ATTCTCCAGTCCCGCGTAGT,0,391021
acrBp,0.058823529411764705,16,16,ATTCGTGGTCTTAACCTACG,0,396598
acrBp,0.058823529411764705,16,16,ATGTAGGCCGCGTAATTTTT,0,397468
acrBp,0.058823529411764705,16,16,ATGTACCAACCGTGTGACTT,0,394035
acrBp,0.058823529411764705,16,16,ATGGTCACAGAACAAAACTC,0,362869
acrBp,0.058823529411764705,16,16,ATGGCTAGTAGAATCCGGGT,0,381715
acrBp,0.058823529411764705,16,16,ATGGAGCGGACGACGGGTTT,0,379300
acrBp,0.058823529411764705,16,16,ATGATGGCGTCTTATACTCA,0,394566
acrBp,0.058823529411764705,16,16,ATCGGTTACGGCGTTGAAAC,0,397457
acrBp,0.058823529411764705,16,16,ATCGGTCATTACGAATATAG,0,361287
acrBp,0.058823529411764705,16,16,ATCGAAGAGTCTTATATTGT,0,397073
acrBp,0.058823529411764705,16,16,ATCAGGGATCTATATAGGCT,0,382572
acrBp,0.058823529411764705,16,16,ATCAGATGGATCGTAGCAGG,0,406716
acrBp,0.058823529411764705,16,16,ATATTCTCCATGTACGCAGT,0,356273
acrBp,0.058823529411764705,16,16,ATAGTCTTTGATCTAACACT,0,377772
acrBp,0.058823529411764705,16,16,ATAGGGGGTCTGTGGGCCGA,0,390136
acrBp,0.058823529411764705,16,16,ATACGACGGCACGCTGTTTT,0,393540
acrBp,0.058823529411764705,16,16,ATACCCATATAAGGTGCTAG,0,374612
acrBp,0.058823529411764705,16,16,AGTTTGTGGGGCATGGTGCC,0,407196
acrBp,0.058823529411764705,16,16,AGTTTGATATACTGTTGTAA,0,385498
acrBp,0.058823529411764705,16,16,AGTGGTTTGTGAATTGAGCT,0,399565
acrBp,0.058823529411764705,16,16,AGTGCCGGGCAAATGCAATT,0,374186
acrBp,0.058823529411764705,16,16,AGTCTGACTCCTTCACGGAG,0,399117
acrBp,0.058823529411764705,16,16,AGTCGATCCGGGTCCATCGT,0,379842
acrBp,0.058823529411764705,16,16,AGGTGGGCGGAAGGATCATG,0,380162
acrBp,0.058823529411764705,16,16,AGGTCGTTTCCGTTGTAATG,0,400084
acrBp,0.058823529411764705,16,16,AGGGTTTTGTCTCGCAACTA,0,398756
acrBp,0.058823529411764705,16,16,AGGGGATGAGTACCCGACTT,0,407753
acrBp,0.058823529411764705,16,16,AGGGCGACTTGTACCCACAA,0,386580
acrBp,0.058823529411764705,16,16,AGGGAGCCCATGATCAGTTC,0,359581
acrBp,0.058823529411764705,16,16,AGGCAGATACTCCACTGTAT,0,382733
acrBp,0.058823529411764705,16,16,AGGATGCGAGCAGTCCCTAT,0,404962
acrBp,0.058823529411764705,16,16,AGGATAAGAAGGGCTCGCCT,0,369786
acrBp,0.058823529411764705,16,16,AGGAACCACCCCCATCTAGT,0,374086
acrBp,0.058823529411764705,16,16,AGCTATTCCAGGGTGGCAGC,0,377341
acrBp,0.058823529411764705,16,16,AGCGATTTGTGTTACAGGTA,0,379579
acrBp,0.058823529411764705,16,16,AGCCGCGGTCGCTGATGTTG,0,368296
acrBp,0.058823529411764705,16,16,AGCCGCGCGCTAGTCCGCTA,0,369279
acrBp,0.058823529411764705,16,16,AGCCCATGGGCCAGCCCTAA,0,397626
acrBp,0.058823529411764705,16,16,AGCAGTTGGAGGAGAAAGGA,0,386188
acrBp,0.058823529411764705,16,16,AGAATGTCTTATAATCGACA,0,369123
acrBp,0.058823529411764705,16,16,AGAACAAGCACAACCGACCA,0,356503
acrBp,0.058823529411764705,16,16,ACTCCGGTGAGTTCGGCACT,0,392375
acrBp,0.058823529411764705,16,16,ACTCCGAGTCCCGGTTAGCA,0,391665
acrBp,0.058823529411764705,16,16,ACTATGTTTGTTACGAGAGT,0,387746
acrBp,0.058823529411764705,16,16,ACGTCTCAAGCAGTGCCGGT,0,398228
acrBp,0.058823529411764705,16,16,ACGTCAGCCTTCAGCGTCCT,0,360501
acrBp,0.058823529411764705,16,16,ACGTAAAATTATAAGTGGCA,0,382191
acrBp,0.058823529411764705,16,16,ACGGTGTGCTAGTCAAATGA,0,372696
acrBp,0.058823529411764705,16,16,ACGGGAGAGGATAGGTGTTC,0,386281
acrBp,0.058823529411764705,16,16,ACGGCCCGGGGGGTACTCCC,0,366423
acrBp,0.058823529411764705,16,16,ACGGAATTAGTGGAGGGAGG,0,403668
acrBp,0.058823529411764705,16,16,ACCTTTAATGCATGTTACCG,0,382184
acrBp,0.058823529411764705,16,16,ACCCTCTGGACTCGGGTTCT,0,377334
acrBp,0.058823529411764705,16,16,ACCCTAATGTGGAAGCTCAC,0,370630
acrBp,0.058823529411764705,16,16,ACCATGGTAGCTGACACCTA,0,406410
acrBp,0.058823529411764705,16,16,ACATTGTGTCGAGGGAGTTG,0,398810
acrBp,0.058823529411764705,16,16,ACATACGATACTAGCCTTCA,0,367473
acrBp,0.058823529411764705,16,16,ACAGTCACGTGCCGAGCAGT,0,402788
acrBp,0.058823529411764705,16,16,ACACACGTCCTGTCGGTTTC,0,399154
acrBp,0.058823529411764705,16,16,ACACACGGGTCCTTCAAACT,0,395273
acrBp,0.058823529411764705,16,16,ACAATTCAAACTGGATTCAC,0,373010
acrBp,0.058823529411764705,16,16,ACAAGTCGTTCCCTCGCATG,0,362333
acrBp,0.058823529411764705,16,16,AATTTGGGTTCGGGATCTGT,0,397497
acrBp,0.058823529411764705,16,16,AATTAGTTATGTGCGTTTGT,0,357672
acrBp,0.058823529411764705,16,16,AATTAGCTTAACCTGTTGTA,0,363279
acrBp,0.058823529411764705,16,16,AATGGTCCAGCCCTGTGCTA,0,398538
acrBp,0.058823529411764705,16,16,AATGATCGCAACTCATAGCG,0,382265
acrBp,0.058823529411764705,16,16,AATGAGACCGCTGGAGTCTG,0,370120
acrBp,0.058823529411764705,16,16,AATGAAAGATTTGGTATTAA,0,362386
acrBp,0.058823529411764705,16,16,AATAATAGGGTATCGTGGGG,0,398481
acrBp,0.058823529411764705,16,16,AAGTTCACCAGCCCTCTCAC,0,364254
acrBp,0.058823529411764705,16,16,AAGGTGGCTTGTGCTCGCGG,0,376936
acrBp,0.058823529411764705,16,16,AAGGTCAGGTAGGTGAGACA,0,399049
acrBp,0.058823529411764705,16,16,AAGGCGACCAAGCGAAGTTC,0,395490
acrBp,0.058823529411764705,16,16,AAGCCATCGCAAGGTTAAAT,0,392390
acrBp,0.058823529411764705,16,16,AACTAATGCATTTCTTACTG,0,369185
acrBp,0.058823529411764705,16,16,AACGTGCCTATTATATCAAG,0,396677
acrBp,0.058823529411764705,16,16,AACGCGCTTATTAAGTTTGC,0,365227
acrBp,0.058823529411764705,16,16,AACGACGGCCTTTTATCTTC,0,378049
acrBp,0.058823529411764705,16,16,AACCGGATTAAAACTTTCGG,0,377559
acrBp,0.058823529411764705,16,16,AACAATAGCTGTTTAGAGCG,0,365758
acrBp,0.058823529411764705,16,16,AAATGTTCAGGTGCTCGCGC,0,360845
acrBp,0.058823529411764705,16,16,AAATACTTACCAAACGGAAG,0,381048
acrBp,0.058823529411764705,16,16,AAAGAGGACGGGTCCTCGAT,0,397791
acrBp,0.058823529411764705,16,16,AAAAGGTATGCGAGATAAGA,0,392909
acrBp,0.058823529411764705,16,16,AAAAGATCATAAGGTACCAC,0,363617
acrBp,0.0625,15,15,TTTATTGTACAGAACAGTGG,0,384312
acrBp,0.0625,15,15,TTTAATATAGCGTACCTAAA,0,381775
acrBp,0.0625,15,15,TTGTCATGGGCGTCGGATTA,0,369327
acrBp,0.0625,15,15,TTGTCAGTAGGAAACTACCA,0,402678
acrBp,0.0625,15,15,TTGGTTAGAAAGAATTATCA,0,386517
acrBp,0.0625,15,15,TTGCTCATATAGTCCGCACG,0,377620
acrBp,0.0625,15,15,TTGAGGTGGCTAAAAGAGGA,0,357926
acrBp,0.0625,15,15,TTGAGCGAGTGATCAATGGT,0,393305
acrBp,0.0625,15,15,TTGAAATTTGAGATCAAGGC,0,391376
acrBp,0.0625,15,15,TTCTTACAGGCAATCGGTCC,0,391781
acrBp,0.0625,15,15,TTCTCCCGAGATCTAGCGTT,0,396799
acrBp,0.0625,15,15,TTCGGCTCTGACTTAATGTG,0,372131
acrBp,0.0625,15,15,TTCGATCCTCCCAACTCTCC,0,370272
acrBp,0.0625,15,15,TTCCCGTCTGAATTCAGCAT,0,407901
acrBp,0.0625,15,15,TTCCCCAGATGGCTGGAAGG,0,374788
acrBp,0.0625,15,15,TTATCGTTGACTTCGGTGGT,0,364912
acrBp,0.0625,15,15,TTATACTTGCTGCGCTTGAT,0,385666
acrBp,0.0625,15,15,TTAGGCCTATGCCAGGGATT,0,377075
acrBp,0.0625,15,15,TTAGACATAACCTACACAGT,0,375329
acrBp,0.0625,15,15,TTACTTTCACGTCGGCTACA,0,397884
acrBp,0.0625,15,15,TTACGTGTCGTCACCACTGA,0,356180
acrBp,0.0625,15,15,TGTGCCTCTAACGAACTGGT,0,359573
acrBp,0.0625,15,15,TGTCGCGAACAACGCAAGAC,0,381175
acrBp,0.0625,15,15,TGTATGGGTGCATCACACGG,0,366694
acrBp,0.0625,15,15,TGTACACATACCACTGCCTA,0,376640
acrBp,0.0625,15,15,TGGGCACGTCCTCCCCCTAT,0,368739
acrBp,0.0625,15,15,TGGCGACCAGTGGTGGTATG,0,396823
acrBp,0.0625,15,15,TGGATGTTGATGTGACTGAT,0,397793
acrBp,0.0625,15,15,TGGAGCTAAACGCCGGGGGA,0,399178
acrBp,0.0625,15,15,TGCTTTAATCCTCATGGGCG,0,365477
acrBp,0.0625,15,15,TGCTAGCATCAGAAACTCCC,0,401952
acrBp,0.0625,15,15,TGCGGATGAAGGACCTGACA,0,386562
acrBp,0.0625,15,15,TGCGAGCTGTTCGGCAGGGG,0,400080
acrBp,0.0625,15,15,TGCGAAGTACGTGTGTTTTT,0,372949
acrBp,0.0625,15,15,TGCACCTCTGTAGTGCCGAG,0,393984
acrBp,0.0625,15,15,TGCAAACTTCCACGTTCCGA,0,408178
acrBp,0.0625,15,15,TGCAAACGTGAGGCTGCGTG,0,370900
acrBp,0.0625,15,15,TGAGTCCGGATTGACTGAGG,0,405549
acrBp,0.0625,15,15,TGAGATTGTTGTGCCTCAAA,0,372614
acrBp,0.0625,15,15,TGACCTTATTGTACATCCGA,0,359954
acrBp,0.0625,15,15,TGAACAATAGAAATCTTCAA,0,394544
acrBp,0.0625,15,15,TCTTGAGTTGAGTCAGAGAA,0,398130
acrBp,0.0625,15,15,TCTGGTCCGTAGATCAATAA,0,368409
acrBp,0.0625,15,15,TCTAGGCCCTCCGAGCAAAT,0,399040
acrBp,0.0625,15,15,TCGTGGTACGTCTAATCACT,0,404961
acrBp,0.0625,15,15,TCGTCCCCCAGTTATCGTAA,0,363725
acrBp,0.0625,15,15,TCGGCAGGTGTTCCCTGCTT,0,376604
acrBp,0.0625,15,15,TCGCTAGACTGCCCTGGGGA,0,355812
acrBp,0.0625,15,15,TCGCCAAACCACCCTAAGAT,0,369788
acrBp,0.0625,15,15,TCCTCTCGGTAGACCGCCCC,0,380428
acrBp,0.0625,15,15,TCCCACGGCCGGTTTTTTAG,0,401055
acrBp,0.0625,15,15,TCCATCCAGAACAAATATCT,0,393211
acrBp,0.0625,15,15,TCCAATGGCGAGCTGGCCTC,0,373989
acrBp,0.0625,15,15,TCATCGCGCGGTCAACTTTA,0,374252
acrBp,0.0625,15,15,TCAGGTGTACGAAACTAGGA,0,367171
acrBp,0.0625,15,15,TCACGTAAGCGGATGGCACC,0,388672
acrBp,0.0625,15,15,TCACCGGGGCAGTCCCGTTG,0,382754
acrBp,0.0625,15,15,TCACATGGTCATAGAGCGCT,0,374958
acrBp,0.0625,15,15,TCAAACATAGGTGTCGAGTT,0,385640
acrBp,0.0625,15,15,TATTTTACACAGGCTTACCC,0,367255
acrBp,0.0625,15,15,TATTAAGGTCACTTAGCCGG,0,381840
acrBp,0.0625,15,15,TATGGGACTAATAAAATAAT,0,404966
acrBp,0.0625,15,15,TATCTGGCAGCATTTTAAAG,0,386581
acrBp,0.0625,15,15,TATCCGCTAGTATACAAGTT,0,373779
acrBp,0.0625,15,15,TATCACTGCTTGGTAGACCA,0,378570
acrBp,0.0625,15,15,TAGGTTTTTCTCAAGGTTAG,0,363949
acrBp,0.0625,15,15,TAGGTTGCAACTACCCCATC,0,394507
acrBp,0.0625,15,15,TAGGTATCCAAAAAACAACT,0,385809
acrBp,0.0625,15,15,TAGGTACCTCTGTGCATTGG,0,389045
acrBp,0.0625,15,15,TAGCGGCCCGCAGATCCTCA,0,376708
acrBp,0.0625,15,15,TAGATGCTCTCATCTCCCCA,0,370462
acrBp,0.0625,15,15,TACGGGAGCCGATGCCGTAG,0,376891
acrBp,0.0625,15,15,TACGCGTGAACGTGTAGCGT,0,372612
acrBp,0.0625,15,15,TACGACCTGTGGTTGAACTA,0,387529
acrBp,0.0625,15,15,TACACGTTATGCCGAATCGG,0,378701
acrBp,0.0625,15,15,TAACTGGCCCACGATCCCTG,0,370485
acrBp,0.0625,15,15,TAAATTTATTGTATTCGGCA,0,401998
acrBp,0.0625,15,15,TAAACCCACTAAACCTATCT,0,387909
acrBp,0.0625,15,15,TAAAATACACACTCCAAGGT,0,388273
acrBp,0.0625,15,15,GTTTCGACCGACCACATGCG,0,386368
acrBp,0.0625,15,15,GTTGTCCGTATTCATAAGTC,0,384299
acrBp,0.0625,15,15,GTTGAGGTTAAGTATTTATA,0,358786
acrBp,0.0625,15,15,GTTCTCCATGACAAATGGAC,0,374207
acrBp,0.0625,15,15,GTTCTATGGGTTTGTGAGGA,0,381541
acrBp,0.0625,15,15,GTTCCGGGTCGTCACACCGT,0,384194
acrBp,0.0625,15,15,GTTCCCGGTCCAGTGGACGA,0,379336
acrBp,0.0625,15,15,GTGTTACGGGTCTGGGGGCC,0,401627
acrBp,0.0625,15,15,GTGGCACGTAGTATTTGGGT,0,397025
acrBp,0.0625,15,15,GTGCTATCTTTTATTGTGTT,0,380050
acrBp,0.0625,15,15,GTGCTAATTGTATTCCAGAA,0,380465
acrBp,0.0625,15,15,GTGAATACTTCCCAGTCACT,0,400449
acrBp,0.0625,15,15,GTCTGCAACCGATGAGCACT,0,397526
acrBp,0.0625,15,15,GTCTCCCACAAAGGCACCAT,0,381154
acrBp,0.0625,15,15,GTCTAGCTGCTTCAATGGCA,0,375876
acrBp,0.0625,15,15,GTCCCAAGACCGTATTGTGA,0,385588
acrBp,0.0625,15,15,GTCACCTAAGATTCAGATCG,0,362783
acrBp,0.0625,15,15,GTAATCAACATAAGGTACGC,0,367366
acrBp,0.0625,15,15,GTAACCAAGTCCGGCAGGAG,0,375608
acrBp,0.0625,15,15,GGTTTAAACGAGTCACCAGC,0,395614
acrBp,0.0625,15,15,GGTTATCGGGCTGGGACCCT,0,375072
acrBp,0.0625,15,15,GGTGTGGGTACCGCCTCTAC,0,379236
acrBp,0.0625,15,15,GGTGGGGTTAAAACATATAT,0,401581
acrBp,0.0625,15,15,GGTGCATTTGTTTAGGCGTG,0,370637
acrBp,0.0625,15,15,GGTGACAGCCTGGATCACAG,0,389630
acrBp,0.0625,15,15,GGTATCACCTGCGTAGTAAG,0,386620
acrBp,0.0625,15,15,GGTAGGCATGCTGTAACTGG,0,379908
acrBp,0.0625,15,15,GGGTGTATTCGAAGAAGTGA,0,374087
acrBp,0.0625,15,15,GGGGTGCGGCTACTCTAGCA,0,397545
acrBp,0.0625,15,15,GGGGTACTCATCACCCGGCA,0,388097
acrBp,0.0625,15,15,GGGGGAAGGCAAACGTCGGA,0,392200
acrBp,0.0625,15,15,GGGGCAGCTGAGTTGTGTGC,0,373227
acrBp,0.0625,15,15,GGGCTCCACCCCCATTAGTG,0,373164
acrBp,0.0625,15,15,GGGCAAGGACGGTGAAATGG,0,384872
acrBp,0.0625,15,15,GGCTGGTACGAGCAAGACGT,0,383650
acrBp,0.0625,15,15,GGCTCTAACCTTCCGGGGCT,0,393348
acrBp,0.0625,15,15,GGCTCGTCTTACGCGTTCTG,0,400579
acrBp,0.0625,15,15,GGCTACTGAGTAGGCACTAT,0,381860
acrBp,0.0625,15,15,GGCGCTCCGGATACGCAAGA,0,359445
acrBp,0.0625,15,15,GGCGCGTCATATACTAGGTG,0,366591
acrBp,0.0625,15,15,GGCGAAGTCCTCCCTATTGG,0,380467
acrBp,0.0625,15,15,GGCACGATTCTTAGTGCCCT,0,401465
acrBp,0.0625,15,15,GGATATGACCGATCAAGAAC,0,396110
acrBp,0.0625,15,15,GGATACCGATTTAATTTTCC,0,361283
acrBp,0.0625,15,15,GGAGTACATGGCGACCAAAT,0,390632
acrBp,0.0625,15,15,GGACGGCGTGTCGAGCATGA,0,398876
acrBp,0.0625,15,15,GGAAGTCTATTGGATTATCC,0,383017
acrBp,0.0625,15,15,GCTGAGCATATGTGGGTCGT,0,407601
acrBp,0.0625,15,15,GCTCCTTGCCCTCCGGATTA,0,388510
acrBp,0.0625,15,15,GCTATGGCCTGTGCTTGATT,0,389184
acrBp,0.0625,15,15,GCTAATTTAGTACTGCTTGT,0,365254
acrBp,0.0625,15,15,GCGTGAGCTATTGGTATAGG,0,404591
acrBp,0.0625,15,15,GCGGGTGGTAGGGTCACAAT,0,397111
acrBp,0.0625,15,15,GCGCGGTCGGACTTCACCGA,0,399163
acrBp,0.0625,15,15,GCGCAGGAAGTGCGGCTCCT,0,404087
acrBp,0.0625,15,15,GCGAAAGGCACAAGGGCATA,0,393586
acrBp,0.0625,15,15,GCCTGTCACGGATTACAGCA,0,399092
acrBp,0.0625,15,15,GCCTCGTGGCGTGGACCTAA,0,399291
acrBp,0.0625,15,15,GCCGTCCCCCTGAAATATTT,0,402356
acrBp,0.0625,15,15,GCCGAAGTAGCCGGGGTTAG,0,362044
acrBp,0.0625,15,15,GCCCTACCTATGGCTTCTAT,0,366764
acrBp,0.0625,15,15,GCCATAGGGCCGTTATTATA,0,367804
acrBp,0.0625,15,15,GCCAAGTTGTAGGCGGCTTT,0,362020
acrBp,0.0625,15,15,GCAATGCACCATAAATGACT,0,369736
acrBp,0.0625,15,15,GATTGACACAGCACGCATAT,0,408361
acrBp,0.0625,15,15,GATTCAGTGGATTTTGCCGT,0,368187
acrBp,0.0625,15,15,GATCTTAATAGAGTCACGAC,0,357641
acrBp,0.0625,15,15,GATCAAGACTATGTTCTCGC,0,397835
acrBp,0.0625,15,15,GATAGCCGTCGAAGCACCAT,0,398931
acrBp,0.0625,15,15,GATAGCCATCAAGTGGGCCA,0,396022
acrBp,0.0625,15,15,GAGTGCCGAAGTACGCATCA,0,400014
acrBp,0.0625,15,15,GAGTATGTGTATTTCCACGA,0,407900
acrBp,0.0625,15,15,GAGGTGCCTTGCGGCCTTTC,0,355064
acrBp,0.0625,15,15,GAGGGGCCGTTGGTAACCAG,0,388391
acrBp,0.0625,15,15,GAGGGAACGGTGATCAGAAA,0,376710
acrBp,0.0625,15,15,GAGGAAGCGTAATACTTCGG,0,381532
acrBp,0.0625,15,15,GAGCGGCCGTTGGGTCACAT,0,393801
acrBp,0.0625,15,15,GAGCACTCAGACGCGCCGGA,0,407882
acrBp,0.0625,15,15,GAGATACTCAAATGAATCGT,0,374646
acrBp,0.0625,15,15,GAGAACAACTTGCATTGTAT,0,397854
acrBp,0.0625,15,15,GACGTGCAATCTGCGGATGC,0,388635
acrBp,0.0625,15,15,GACGAGCATGCTTATCACTG,0,374240
acrBp,0.0625,15,15,GACCGCCTGGGGGGATAGTA,0,360058
acrBp,0.0625,15,15,GACCAGTGGTATAGAGAAAT,0,375086
acrBp,0.0625,15,15,GAATATCCTGAACAAGAACG,0,403396
acrBp,0.0625,15,15,GAACGGATAGGGTTGCTCTT,0,369642
acrBp,0.0625,15,15,GAACAGGCGGAATCAATAAC,0,360218
acrBp,0.0625,15,15,GAACAAGAAGCTTTTACGGT,0,360147
acrBp,0.0625,15,15,GAAAGCCTGTTTCGGACTCA,0,389735
acrBp,0.0625,15,15,GAAAGCATTGTCCATGGCGA,0,392101
acrBp,0.0625,15,15,CTTGACGGGGCCGGTCAGAA,0,369180
acrBp,0.0625,15,15,CTTATTTACGGCGCTTGGAA,0,395971
acrBp,0.0625,15,15,CTGTTCAATGCCTTCCTATC,0,373288
acrBp,0.0625,15,15,CTGTGTCTTGACGAAGCTGC,0,402094
acrBp,0.0625,15,15,CTGTCTTTTCTGATCCGGGT,0,363698
acrBp,0.0625,15,15,CTGTCTGTCACAGGATAAAG,0,372369
acrBp,0.0625,15,15,CTGGTGTCACACGTATCCAG,0,356968
acrBp,0.0625,15,15,CTGCTCGGTTACGAGGTCAC,0,363600
acrBp,0.0625,15,15,CTGCTCCATCAGGCATCAAC,0,400070
acrBp,0.0625,15,15,CTGCTAGCTTCAACTCCGGG,0,408054
acrBp,0.0625,15,15,CTGCGGGAACAATTCAAGCA,0,380145
acrBp,0.0625,15,15,CTCTGCGGATATGAACTCCT,0,402430
acrBp,0.0625,15,15,CTCCTCCTTCGAACGTAAGA,0,367611
acrBp,0.0625,15,15,CTCCTAACTCCCTGCTATGA,0,401956
acrBp,0.0625,15,15,CTCCGGATCACCAATTGGGG,0,379938
acrBp,0.0625,15,15,CTCATACATTGCTTTTCACT,0,356581
acrBp,0.0625,15,15,CTCACACCCACCAACGTACT,0,382717
acrBp,0.0625,15,15,CTAGCCGAAGGCAGAGCTCC,0,404871
acrBp,0.0625,15,15,CTACACAAGTCAGTTCAGTT,0,369428
acrBp,0.0625,15,15,CTAAATATTGCGGGTCTCTG,0,369409
acrBp,0.0625,15,15,CGTTGAAAACGGAGCTCTGC,0,364457
acrBp,0.0625,15,15,CGTGGCAGGGTACGTTTCCA,0,383731
acrBp,0.0625,15,15,CGTGGAGCACCATAGAAGTC,0,392240
acrBp,0.0625,15,15,CGTCTAGATTGGCAGCTGGC,0,381043
acrBp,0.0625,15,15,CGTAGCCGGGAGGTTTGCCG,0,394423
acrBp,0.0625,15,15,CGGTCACTCCAACGGAGTAT,0,394298
acrBp,0.0625,15,15,CGGGTGTCATTTTCAGGCAT,0,366621
acrBp,0.0625,15,15,CGGGGCGCAAACGGACTCAA,0,386787
acrBp,0.0625,15,15,CGGGCCGTGCGTGGCAACAA,0,362648
acrBp,0.0625,15,15,CGGCTTAAAGCCCGCGTAAA,0,386354
acrBp,0.0625,15,15,CGGCGTTCCCCCCAGTGTGG,0,359282
acrBp,0.0625,15,15,CGGAGCACCTGATCCACAGG,0,356304
acrBp,0.0625,15,15,CGGAGACTACCAGTCCGAAA,0,402679
acrBp,0.0625,15,15,CGGACTGGCCAGTTCGGACG,0,388555
acrBp,0.0625,15,15,CGCTTGCCAGTCGAGCACCG,0,381925
acrBp,0.0625,15,15,CGCGTATCGGACATAGTGCT,0,360782
acrBp,0.0625,15,15,CGCCTATTGGAATTGGGATG,0,380104
acrBp,0.0625,15,15,CGCCCCTCAAGCGTGGCCTC,0,373742
acrBp,0.0625,15,15,CGATCATATAATGCGGAAAA,0,385589
acrBp,0.0625,15,15,CGACCTCGATAATAGATATC,0,390256
acrBp,0.0625,15,15,CGACAACACCGTTAGCATTG,0,386788
acrBp,0.0625,15,15,CGAAAAGGGTGCATTTTACT,0,374182
acrBp,0.0625,15,15,CCTTCGTGCGAAAGCAGCGT,0,386175
acrBp,0.0625,15,15,CCTGCTCATATTGTTTACGA,0,407393
acrBp,0.0625,15,15,CCTAATGCGGATCAAGGAAA,0,361832
acrBp,0.0625,15,15,CCGTTCTAGAGTAAAGCGAC,0,390830
acrBp,0.0625,15,15,CCGCGCGATCACCTGGGAAG,0,392482
acrBp,0.0625,15,15,CCGAGTTTTTCCGTGCCGTA,0,387982
acrBp,0.0625,15,15,CCGACTGCCACATTAAACAC,0,376264
acrBp,0.0625,15,15,CCGACCTTTGCGCTGTTGTC,0,393246
acrBp,0.0625,15,15,CCCTTCCCGACCAAGTTGGA,0,367403
acrBp,0.0625,15,15,CCCTGGCATACGTAAGCCGG,0,380173
acrBp,0.0625,15,15,CCCTAGTAATAGTCAAGGGC,0,376481
acrBp,0.0625,15,15,CCCGTGCCTAGGCTATGCAA,0,356081
acrBp,0.0625,15,15,CCCGGGAAGTGCAACATGCT,0,384053
acrBp,0.0625,15,15,CCCCTTCAATAGACGCCATG,0,381346
acrBp,0.0625,15,15,CCCAAATGCAGGCAACACTG,0,372558
acrBp,0.0625,15,15,CCCAAAAATGTAGAGATAGT,0,364074
acrBp,0.0625,15,15,CCATCCGTAGCGGCTTGGGT,0,369477
acrBp,0.0625,15,15,CCAGATGATCGACCACCTGC,0,381584
acrBp,0.0625,15,15,CCACCCAGGGCAACCAGTGA,0,385494
acrBp,0.0625,15,15,CATTCTGTCCGTCAAATGAG,0,362371
acrBp,0.0625,15,15,CATCGCCCGTGGCTCAGCGA,0,359474
acrBp,0.0625,15,15,CATCCTGTGTGACCCGAAGT,0,395060
acrBp,0.0625,15,15,CATCATGTTCTTAAGCCCCA,0,400596
acrBp,0.0625,15,15,CATCATCTGGTGGGTATGTC,0,389720
acrBp,0.0625,15,15,CATCAAGAGTTACCCGCAGT,0,401317
acrBp,0.0625,15,15,CATACCCACAACACAGAAGA,0,391454
acrBp,0.0625,15,15,CATAAGCGGACAATCAATGT,0,407029
acrBp,0.0625,15,15,CAGGGCGTACAGATAGGGGG,0,376258
acrBp,0.0625,15,15,CAGATGTTGCCTTCACGAAC,0,359236
acrBp,0.0625,15,15,CAGAGGTACCGTCTATCTTT,0,370089
acrBp,0.0625,15,15,CAGACGATTGACAGTATTTT,0,375045
acrBp,0.0625,15,15,CACTTGTATCTACATGTCAC,0,369841
acrBp,0.0625,15,15,CACTACAGGTGGGAACGATA,0,374763
acrBp,0.0625,15,15,CACGGGCCGGTCGGACAAGC,0,384760
acrBp,0.0625,15,15,CACCCAATCAATGCGCTTGC,0,405543
acrBp,0.0625,15,15,CACCATTATACTAAAAAATG,0,392695
acrBp,0.0625,15,15,CAATGTGGGGCACGATTCTG,0,358061
acrBp,0.0625,15,15,CAATATCGCTGTTGCAGCTG,0,406222
acrBp,0.0625,15,15,CAATAAAATGCCTGTCGAAA,0,389179
acrBp,0.0625,15,15,CAAGTAGTTTTGCCTGAATG,0,392611
acrBp,0.0625,15,15,CAACTACAGAGCTGCGTAGC,0,387682
acrBp,0.0625,15,15,CAACGGACCAAAATGGGGCA,0,385463
acrBp,0.0625,15,15,CAACGCAACTGGCCATTAAT,0,398708
acrBp,0.0625,15,15,CAACCCAAGCCATCTAAACC,0,400519
acrBp,0.0625,15,15,CAACATGGTGCTTGCTGCTC,0,382039
acrBp,0.0625,15,15,ATTGCGAGCCGTGGTGGGTT,0,405048
acrBp,0.0625,15,15,ATTCGTATGCTGCCTTGGAC,0,383263
acrBp,0.0625,15,15,ATTAATCGAGCGGGGGGGTG,0,369831
acrBp,0.0625,15,15,ATGTTAATGACGGGGAGGCT,0,377889
acrBp,0.0625,15,15,ATGTGGATAAGCCCTCGGGC,0,397985
acrBp,0.0625,15,15,ATGGGTCAACTGGTACACGT,0,380292
acrBp,0.0625,15,15,ATGCGTGTAACGTTACATGG,0,395059
acrBp,0.0625,15,15,ATGCCACAGCACTTAACGGG,0,362765
acrBp,0.0625,15,15,ATCTTGCATAGCTAATGGAC,0,388339
acrBp,0.0625,15,15,ATCTATCGGGGTAATTAGCA,0,355836
acrBp,0.0625,15,15,ATCTAGGTATCCTGCTCTTA,0,359939
acrBp,0.0625,15,15,ATCGGTAGAGGGACGTAGGA,0,378043
acrBp,0.0625,15,15,ATCGCGTTGTGCCCTTCATA,0,375417
acrBp,0.0625,15,15,ATCGCAAAGCCGCGATACCT,0,370591
acrBp,0.0625,15,15,ATCGAATGCTACAAGTTGCT,0,374648
acrBp,0.0625,15,15,ATCCCGGAATGGGTGGCCCA,0,395855
acrBp,0.0625,15,15,ATCCAGAGGAGGTCCGCTTT,0,402573
acrBp,0.0625,15,15,ATCCAATGTCGGAACCCCGC,0,406129
acrBp,0.0625,15,15,ATCATGTTCCCACGTCAAGC,0,392810
acrBp,0.0625,15,15,ATCAGAAGAGGCCGGCTAAT,0,363612
acrBp,0.0625,15,15,ATATCGCGCCCAGGTAACTA,0,386328
acrBp,0.0625,15,15,ATATAGTATCTGCAGCTGTT,0,401021
acrBp,0.0625,15,15,ATAGTTTAGGTCGGTTAGAA,0,382526
acrBp,0.0625,15,15,ATAGGACCGCGCCGGTTCGT,0,360583
acrBp,0.0625,15,15,ATAGGAACCTGAAACAGGAT,0,383817
acrBp,0.0625,15,15,ATAGAAACAAGGGTCGCACT,0,358141
acrBp,0.0625,15,15,ATAAAGCTGCTTGGCTCGAA,0,364161
acrBp,0.0625,15,15,AGTTTATGAAACTAAACATC,0,364034
acrBp,0.0625,15,15,AGTTGGGATAGGCATGAAAG,0,384429
acrBp,0.0625,15,15,AGTGCTAAGGATAGGCATGC,0,363876
acrBp,0.0625,15,15,AGTGCAGCTAGCGGGCGATT,0,372366
acrBp,0.0625,15,15,AGTCTGTCTCCATCAAGGGT,0,365317
acrBp,0.0625,15,15,AGTCGGACGGGTGCATAGGA,0,375190
acrBp,0.0625,15,15,AGTCATAGGCCTGGAAGCGT,0,381119
acrBp,0.0625,15,15,AGTATGGAACGCTTCACCCA,0,382577
acrBp,0.0625,15,15,AGTATCTCTTGTGTAAAGAA,0,382786
acrBp,0.0625,15,15,AGTAAGGGCGCGTCCACAGT,0,377701
acrBp,0.0625,15,15,AGGTCCCCTCGGCAGCAGCG,0,386980
acrBp,0.0625,15,15,AGGGTGTACAAGCCGGACGC,0,377144
acrBp,0.0625,15,15,AGGGAGTTCTAGGGAAGTAA,0,402019
acrBp,0.0625,15,15,AGCTATAGGCTGAGTCAAAT,0,384061
acrBp,0.0625,15,15,AGCTAGTACAATAGCGCACA,0,393912
acrBp,0.0625,15,15,AGCCCCCATAGTTACTGTAC,0,356463
acrBp,0.0625,15,15,AGCAGGCTGCAGGTAGCGGA,0,382421
acrBp,0.0625,15,15,AGATTGGCAAGGGGCCAAAA,0,388019
acrBp,0.0625,15,15,AGATGGATAACATAATGACA,0,355021
acrBp,0.0625,15,15,AGAAAGTTTTGAACACACTT,0,374862
acrBp,0.0625,15,15,ACTTTCCGCATGACGCATAG,0,363721
acrBp,0.0625,15,15,ACTGGCTGTGCCTCCGGGAC,0,390893
acrBp,0.0625,15,15,ACTCTGAACTCCTTTATCCC,0,388911
acrBp,0.0625,15,15,ACTCCAGGTGGGCTCGTTTA,0,377249
acrBp,0.0625,15,15,ACTATAAGTCACTGCCTGAG,0,396713
acrBp,0.0625,15,15,ACTAATAGCTTAGGGCACCT,0,381515
acrBp,0.0625,15,15,ACGTTAATGTCTCGAGAATA,0,407519
acrBp,0.0625,15,15,ACGTGGGCATTAAACGTTCG,0,397744
acrBp,0.0625,15,15,ACGTAAGCGCTGGAGGACCT,0,357021
acrBp,0.0625,15,15,ACGCAATTGAATACCAGTTA,0,390331
acrBp,0.0625,15,15,ACCTGTGACTTGGCAGCGAG,0,389409
acrBp,0.0625,15,15,ACCTCTAAGATACCCGGGAC,0,378842
acrBp,0.0625,15,15,ACCGTCACAACAAATTCAGA,0,376030
acrBp,0.0625,15,15,ACCGCTCTTATCGTAGTAGT,0,368646
acrBp,0.0625,15,15,ACCGAGGGGACTCACTCTAC,0,386543
acrBp,0.0625,15,15,ACCGACGCGTCCTCCTGTCC,0,355931
acrBp,0.0625,15,15,ACCCTCAACCATAGTTCTTC,0,373569
acrBp,0.0625,15,15,ACCATATTAAAAAGACCCGT,0,387590
acrBp,0.0625,15,15,ACCACCCATTTCGATCTCAT,0,404165
acrBp,0.0625,15,15,ACAGTGGAGGGTCAATCTTC,0,381678
acrBp,0.0625,15,15,ACAGGGTGACCTGCTTGATC,0,356487
acrBp,0.0625,15,15,ACAGGCATACTTGGGGTAGA,0,362223
acrBp,0.0625,15,15,ACACATCTTACATGCAGGGC,0,364618
acrBp,0.0625,15,15,ACACACGGAACGTGATGTAA,0,356813
acrBp,0.0625,15,15,ACACAAGTTTTGTGCGCAAA,0,399858
acrBp,0.0625,15,15,ACAAAGTGTAAAGAGAGTAG,0,405733
acrBp,0.0625,15,15,AATGCATGAAAGAGTGCCGT,0,355808
acrBp,0.0625,15,15,AATGAGTGAAAAGTGGCTGC,0,362992
acrBp,0.0625,15,15,AATCTCCGTTAAAACTTTGT,0,390068
acrBp,0.0625,15,15,AATCCAAGCGAGCCACAAGC,0,386212
acrBp,0.0625,15,15,AATACACAGATAGCTCTTGC,0,395664
acrBp,0.0625,15,15,AAGTGCTACCGTCTCGTGAA,0,377820
acrBp,0.0625,15,15,AAGTAGGATCGCACTGATAT,0,395776
acrBp,0.0625,15,15,AAGGCGACTCCGAACACATA,0,378869
acrBp,0.0625,15,15,AAGACATGGGGGCCAAGAGT,0,378438
acrBp,0.0625,15,15,AACGGACGTGGGCCAGACAC,0,401213
acrBp,0.0625,15,15,AACCGAGTCAGCGTCAACCC,0,374089
acrBp,0.0625,15,15,AACAAAGTTAGAACTCATAG,0,365884
acrBp,0.0625,15,15,AAAAGTTGTTGGATTAATAT,0,366592
acrBp,0.0625,15,15,AAAAGGAAGGATCTCGGCAG,0,363326
acrBp,0.06666666666666667,14,14,TTTTTGAGCTACGGAGTCAA,0,403837
acrBp,0.06666666666666667,14,14,TTTGTTTCCGAATCCTTTTA,0,368344
acrBp,0.06666666666666667,14,14,TTTGCGTCATCTTCTCAACA,0,371874
acrBp,0.06666666666666667,14,14,TTTGCCTCTACGTCGCTCAC,0,365071
acrBp,0.06666666666666667,14,14,TTTGCCGTTCCGCAAAAATA,0,361784
acrBp,0.06666666666666667,14,14,TTTGCAATTGATAGTAATAA,0,406087
acrBp,0.06666666666666667,14,14,TTTGATATTTACTGTACACG,0,370234
acrBp,0.06666666666666667,14,14,TTTCTTGTGAGGTCTGCCTC,0,401817
acrBp,0.06666666666666667,14,14,TTTCGCTACCCTAGGTGTCT,0,355760
acrBp,0.06666666666666667,14,14,TTTCGAACCTAGGGAAGAAA,0,385974
acrBp,0.06666666666666667,14,14,TTTAATGCGCTAAGATTGTG,0,364957
acrBp,0.06666666666666667,14,14,TTGGCTAGAGCGTCTTCCGA,0,394980
acrBp,0.06666666666666667,14,14,TTGGCGCGTGGCTAGATCCA,0,358739
acrBp,0.06666666666666667,14,14,TTGGAGATTGAATAATTCCA,0,396294
acrBp,0.06666666666666667,14,14,TTGATGGATGTTTGCACCAA,0,356818
acrBp,0.06666666666666667,14,14,TTCTCCTCCCCCACCTTGAA,0,357728
acrBp,0.06666666666666667,14,14,TTCACAGTTGCCACCTCCGT,0,372727
acrBp,0.06666666666666667,14,14,TTATTCGCTGTGCCTGGTAT,0,364048
acrBp,0.06666666666666667,14,14,TTATTCGCGTGGGCAGGGCT,0,361212
acrBp,0.06666666666666667,14,14,TTATCTAGCGTTTAGCTAAT,0,386792
acrBp,0.06666666666666667,14,14,TTACCGTAGAACCAGATCTC,0,369133
acrBp,0.06666666666666667,14,14,TTACACTGTAATCCTGCGCC,0,380190
acrBp,0.06666666666666667,14,14,TTAATATGATTCTCATAGTA,0,358708
acrBp,0.06666666666666667,14,14,TTAACAAATTCTCGCTTGCA,0,371820
acrBp,0.06666666666666667,14,14,TTAAAGTGTTAGATTGCAGC,0,378914
acrBp,0.06666666666666667,14,14,TGTTTTAGGGGAGGTGGACT,0,375923
acrBp,0.06666666666666667,14,14,TGTTGTCACCGGAACGGACG,0,378420
acrBp,0.06666666666666667,14,14,TGTTGATCCATTGATATGTG,0,395842
acrBp,0.06666666666666667,14,14,TGTTAGGTAATGTTGTGGCA,0,406152
acrBp,0.06666666666666667,14,14,TGTGGTGGATGAGGACCTTG,0,390012
acrBp,0.06666666666666667,14,14,TGTGAGTAAGTAGATAAATT,0,381354
acrBp,0.06666666666666667,14,14,TGTCGATAGAAATTGTGTCT,0,359441
acrBp,0.06666666666666667,14,14,TGGTTAAATTTGCCGCTTGG,0,363292
acrBp,0.06666666666666667,14,14,TGGTAGCATACTGTCGTCAA,0,357568
acrBp,0.06666666666666667,14,14,TGGGTAATACGGTGTCAAAT,0,391999
acrBp,0.06666666666666667,14,14,TGGCCTCGTGCAATCCGTGG,0,395066
acrBp,0.06666666666666667,14,14,TGGATGGCCTGCTTCAGTAA,0,385252
acrBp,0.06666666666666667,14,14,TGGACATTATCCAGACATAG,0,392009
acrBp,0.06666666666666667,14,14,TGGAAATTGACCGCGGTCTA,0,381566
acrBp,0.06666666666666667,14,14,TGCTGTACAGTAACGGATAC,0,401304
acrBp,0.06666666666666667,14,14,TGCTCAACGACCATATTGTT,0,407239
acrBp,0.06666666666666667,14,14,TGCGTTGGTCAGCCACGGAG,0,405722
acrBp,0.06666666666666667,14,14,TGCGCCTATTGGTGCAGGTG,0,397746
acrBp,0.06666666666666667,14,14,TGCGATATTCATACAACCTG,0,367728
acrBp,0.06666666666666667,14,14,TGCCTGAGTTATTTGTGCCT,0,405125
acrBp,0.06666666666666667,14,14,TGCCGCCCAGTGCCGTGATC,0,397765
acrBp,0.06666666666666667,14,14,TGATTGCCCAAGGCCGGTAC,0,376465
acrBp,0.06666666666666667,14,14,TGAGGATAGTAGCCACTCAT,0,383585
acrBp,0.06666666666666667,14,14,TGAAATAGGATATGACGCCT,0,395344
acrBp,0.06666666666666667,14,14,TGAAACTTAGAATTTGGAGT,0,364199
acrBp,0.06666666666666667,14,14,TCTCACCATTATTTGTTTTG,0,358554
acrBp,0.06666666666666667,14,14,TCTACGGAATCCGAGGTACG,0,357849
acrBp,0.06666666666666667,14,14,TCGTGTTACGACAATGTGAT,0,403729
acrBp,0.06666666666666667,14,14,TCGTCATGCATCGGGTAGTA,0,408337
acrBp,0.06666666666666667,14,14,TCGGCTTTATTAGACATTAG,0,390074
acrBp,0.06666666666666667,14,14,TCGGCCCCCAGGCGTATGTC,0,358582
acrBp,0.06666666666666667,14,14,TCGGAACGTCAGGCCTCCTA,0,377756
acrBp,0.06666666666666667,14,14,TCGCTGGTTTGACTGGGTGA,0,389767
acrBp,0.06666666666666667,14,14,TCGCAGCGCCACAGGGGAGC,0,382984
acrBp,0.06666666666666667,14,14,TCCGTGTACAGTTTTCTGAG,0,390572
acrBp,0.06666666666666667,14,14,TCCATATGCAAGGGCAGTTG,0,404033
acrBp,0.06666666666666667,14,14,TCCATAAGGGCAGAGATTAC,0,375783
acrBp,0.06666666666666667,14,14,TCCAGAAGTCACGGCTTTCT,0,372109
acrBp,0.06666666666666667,14,14,TCCAAATCCGTTACTATACT,0,399439
acrBp,0.06666666666666667,14,14,TCCAAACACACTTTGTTCCC,0,395355
acrBp,0.06666666666666667,14,14,TCATGCGATTGGAGGATGAG,0,375907
acrBp,0.06666666666666667,14,14,TCAGAGACTATGGGCGGAGA,0,358445
acrBp,0.06666666666666667,14,14,TCACTACATTGCCCTAAGAC,0,355643
acrBp,0.06666666666666667,14,14,TCAAAAAGGTTGTCCCATGT,0,358497
acrBp,0.06666666666666667,14,14,TATGTGTGGGATCTCGGTGG,0,362378
acrBp,0.06666666666666667,14,14,TATGTATTCGATGTCTGTGT,0,358383
acrBp,0.06666666666666667,14,14,TAGGGGGGAGGAAATCCCTG,0,358152
acrBp,0.06666666666666667,14,14,TAGGGAAACCCAGTATACAC,0,387347
acrBp,0.06666666666666667,14,14,TAGCCTTCCGGTGCGTATCG,0,365124
acrBp,0.06666666666666667,14,14,TAGATTGAACTCCATAGTGA,0,357126
acrBp,0.06666666666666667,14,14,TAGATCCTGGCTCCATGGAG,0,367809
acrBp,0.06666666666666667,14,14,TAGATAGCGGAAAATTAGTG,0,402690
acrBp,0.06666666666666667,14,14,TACGGGAGGAAAGACTCTAA,0,392239
acrBp,0.06666666666666667,14,14,TACCTTATATAGGGGTCACG,0,393387
acrBp,0.06666666666666667,14,14,TAATTACGTCACAAGGTAGA,0,391618
acrBp,0.06666666666666667,14,14,TAACCCCAAGATGGTATCTA,0,365930
acrBp,0.06666666666666667,14,14,TAAAGGCGAAGTTCAAAGAC,0,397725
acrBp,0.06666666666666667,14,14,TAAACATTAAGCAATCACAT,0,379875
acrBp,0.06666666666666667,14,14,GTTTCCTCGGTCCCGCGAGT,0,398460
acrBp,0.06666666666666667,14,14,GTTTCCTCAGGTAGTGGCTA,0,363630
acrBp,0.06666666666666667,14,14,GTTGGGTAGTATATTAACAA,0,393687
acrBp,0.06666666666666667,14,14,GTTGGATCGGCTGTAAAAGT,0,393819
acrBp,0.06666666666666667,14,14,GTTGAAGCATGGTTACACTG,0,403773
acrBp,0.06666666666666667,14,14,GTTCCTTAAACCCCTAAAAT,0,357324
acrBp,0.06666666666666667,14,14,GTGTGATGTGTTCCTTAGGA,0,385175
acrBp,0.06666666666666667,14,14,GTGTCATATTCGGGTAACGG,0,374926
acrBp,0.06666666666666667,14,14,GTGTCATACGCGACTCCGCG,0,394892
acrBp,0.06666666666666667,14,14,GTGTACTATTGTGCCGTAGC,0,393459
acrBp,0.06666666666666667,14,14,GTGCCGGTTGCGTCTTGCCG,0,377218
acrBp,0.06666666666666667,14,14,GTGACACATAGTATCTTAAG,0,365507
acrBp,0.06666666666666667,14,14,GTCTTGTGGGCGTACCTCGA,0,390962
acrBp,0.06666666666666667,14,14,GTCTACCGTCTTCTAAGCTT,0,362683
acrBp,0.06666666666666667,14,14,GTCCCGCTCCACGGTTCCTA,0,359591
acrBp,0.06666666666666667,14,14,GTAGCGGATCTGCAGCGTGC,0,368916
acrBp,0.06666666666666667,14,14,GTACTGTCCGAGACACTCGT,0,374245
acrBp,0.06666666666666667,14,14,GTACTAGCTTACCTTGTAGT,0,379544
acrBp,0.06666666666666667,14,14,GTACTACACTAGAACGCGGT,0,402178
acrBp,0.06666666666666667,14,14,GTAATTCACGAGTACTCTAG,0,401184
acrBp,0.06666666666666667,14,14,GGTGATGACACAGGTAGCGA,0,406705
acrBp,0.06666666666666667,14,14,GGTGATCACAGTAACCCAAT,0,397333
acrBp,0.06666666666666667,14,14,GGTCTATGATAATATATGTG,0,381731
acrBp,0.06666666666666667,14,14,GGTCCTTGACTTTCTAACAA,0,391551
acrBp,0.06666666666666667,14,14,GGTCAGGGGCAACGTACTTA,0,399322
acrBp,0.06666666666666667,14,14,GGTAGCTTTGCAAAAAGGGG,0,377323
acrBp,0.06666666666666667,14,14,GGGTTTAATCGACGATGAAC,0,379729
acrBp,0.06666666666666667,14,14,GGGGTCAAATGCTCTTCATG,0,383432
acrBp,0.06666666666666667,14,14,GGGCAGGTTGTTCTGACCTC,0,374857
acrBp,0.06666666666666667,14,14,GGGATTTAGCGTAATTTTAT,0,386234
acrBp,0.06666666666666667,14,14,GGGAGGGTAGACATATAGGT,0,374510
acrBp,0.06666666666666667,14,14,GGGACAGGTTGCTCGACCGC,0,399600
acrBp,0.06666666666666667,14,14,GGCTTGTAAGGCCGTGTAGA,0,373387
acrBp,0.06666666666666667,14,14,GGCTTAGGCACGCACGTCAA,0,356243
acrBp,0.06666666666666667,14,14,GGCTCGAGCGATTATCAATG,0,381504
acrBp,0.06666666666666667,14,14,GGCCCGAGATCCATATGTCA,0,387170
acrBp,0.06666666666666667,14,14,GGCCACCCCCGACTTCCGTA,0,372090
acrBp,0.06666666666666667,14,14,GGCCAAGGACCCTGCCGAGT,0,401693
acrBp,0.06666666666666667,14,14,GGATGGCACCACAAACCGGT,0,365028
acrBp,0.06666666666666667,14,14,GGATGATCGAATTCTGGCCT,0,364952
acrBp,0.06666666666666667,14,14,GGATCTAAAAATCTGCGACG,0,366961
acrBp,0.06666666666666667,14,14,GGATCCCATAAGTTGAAGAC,0,396087
acrBp,0.06666666666666667,14,14,GGAAATCAAGGATCCCGCTT,0,376514
acrBp,0.06666666666666667,14,14,GGAAAACGACAAGAGCTGTA,0,407217
acrBp,0.06666666666666667,14,14,GCTTTGCCGACACATACGTA,0,367593
acrBp,0.06666666666666667,14,14,GCTCGATAGGGGATCACGAA,0,375697
acrBp,0.06666666666666667,14,14,GCTCGAGAATATCCCCGGGA,0,400894
acrBp,0.06666666666666667,14,14,GCTATTATCTGCCAGGGTAC,0,393673
acrBp,0.06666666666666667,14,14,GCTAGCGATCCTCTTCCAGT,0,366911
acrBp,0.06666666666666667,14,14,GCTAAGCCGACGGCGGAATA,0,397485
acrBp,0.06666666666666667,14,14,GCGTTCCGTGCGCGGAGTGC,0,395781
acrBp,0.06666666666666667,14,14,GCGTCCAGTTTTGTTTGTAG,0,377863
acrBp,0.06666666666666667,14,14,GCGGCCTTTCTGCCGTCCGT,0,397493
acrBp,0.06666666666666667,14,14,GCGGAACTGCTTACGGGTCA,0,381783
acrBp,0.06666666666666667,14,14,GCGCCATGTTAGTGGCACAA,0,378418
acrBp,0.06666666666666667,14,14,GCGCACATCACGCTTTCGAA,0,397238
acrBp,0.06666666666666667,14,14,GCGATGCCGATGGAGCTTAC,0,379170
acrBp,0.06666666666666667,14,14,GCCGCGGCTCCAGCCACCAA,0,397954
acrBp,0.06666666666666667,14,14,GCCACTGCCGCAGAGATAAC,0,401343
acrBp,0.06666666666666667,14,14,GCCACGTCGTGAATCTTTAC,0,365074
acrBp,0.06666666666666667,14,14,GCATGTGAAGACAGAAGGGA,0,362581
acrBp,0.06666666666666667,14,14,GCATGGGTACGGTGGCCATC,0,406472
acrBp,0.06666666666666667,14,14,GCATCTGCCGCTCCTTGAAC,0,398897
acrBp,0.06666666666666667,14,14,GCATAAGCCTCGTGCGCTTA,0,365519
acrBp,0.06666666666666667,14,14,GCAGGACCAACAGTGTTTTG,0,365312
acrBp,0.06666666666666667,14,14,GCACGGTCATAGTTTGCCTG,0,392544
acrBp,0.06666666666666667,14,14,GCACCTAGGTCTGTGTGGTT,0,395746
acrBp,0.06666666666666667,14,14,GCAAGAAAACCTGCGTTTCA,0,382041
acrBp,0.06666666666666667,14,14,GATTGCCTAAGCCAAGTTTT,0,395219
acrBp,0.06666666666666667,14,14,GATTGAAAATTTGTCGGCCT,0,378264
acrBp,0.06666666666666667,14,14,GATTCGTTAGGACACGGGAT,0,393205
acrBp,0.06666666666666667,14,14,GATTATCCGTAACGAAACGT,0,371399
acrBp,0.06666666666666667,14,14,GATGGAATATGTAACAAACG,0,404309
acrBp,0.06666666666666667,14,14,GATGCCGACGTAGGCCTGTC,0,386691
acrBp,0.06666666666666667,14,14,GATGCCCTTATGGATCCCTC,0,371501
acrBp,0.06666666666666667,14,14,GATGCCCATGACTACATCGA,0,376817
acrBp,0.06666666666666667,14,14,GATCCGAGCGTCCTTGATGG,0,360497
acrBp,0.06666666666666667,14,14,GAGTCAGAGCTTGCAGAGTA,0,375238
acrBp,0.06666666666666667,14,14,GAGGCCACTCCGTCCAATAT,0,388692
acrBp,0.06666666666666667,14,14,GAGCACCACAAGCCTAGTTG,0,375123
acrBp,0.06666666666666667,14,14,GAGAATCCCTTGTTCTCATT,0,369389
acrBp,0.06666666666666667,14,14,GACTCGATTTCTCCTAACAG,0,390620
acrBp,0.06666666666666667,14,14,GACGCACGCTGTTTGTCAAA,0,363681
acrBp,0.06666666666666667,14,14,GACATACGTGATTCGCGAGG,0,378182
acrBp,0.06666666666666667,14,14,GACACGCGGGTAGCTAAGAC,0,388443
acrBp,0.06666666666666667,14,14,GAAGGCGAGTACTCGGTTGG,0,375856
acrBp,0.06666666666666667,14,14,GAACTGGACATCTACAGGTT,0,384000
acrBp,0.06666666666666667,14,14,GAACTAAACCGACATGGAGT,0,382417
acrBp,0.06666666666666667,14,14,GAACATTTAGGATGTCACCA,0,359668
acrBp,0.06666666666666667,14,14,GAAAGGAGAAAAAGTTTGGG,0,387807
acrBp,0.06666666666666667,14,14,CTTTCTGATCTGACAAGGTC,0,383802
acrBp,0.06666666666666667,14,14,CTTTACTGATGGCTCCCGCC,0,383557
acrBp,0.06666666666666667,14,14,CTTGATTAGCATGATCGCTC,0,361531
acrBp,0.06666666666666667,14,14,CTTAGCTGCATCTGCGTTTG,0,392298
acrBp,0.06666666666666667,14,14,CTGTTGGTTTGTTCACATTT,0,363818
acrBp,0.06666666666666667,14,14,CTGTGTGACCGGGGTCCACT,0,382443
acrBp,0.06666666666666667,14,14,CTGTGGACCAGTACTTTAAG,0,405710
acrBp,0.06666666666666667,14,14,CTGTAGGAAACGTTTTCGAA,0,373337
acrBp,0.06666666666666667,14,14,CTCGGGTCCAGTACGCCGTG,0,392496
acrBp,0.06666666666666667,14,14,CTCGATAAACGTCGACGCTC,0,377912
acrBp,0.06666666666666667,14,14,CTCCTGAGGACTTACTAACA,0,387030
acrBp,0.06666666666666667,14,14,CTCCCTGGTTATGACGATAG,0,366675
acrBp,0.06666666666666667,14,14,CTCCACGAACTCCGGTCGCT,0,381078
acrBp,0.06666666666666667,14,14,CTCATTATACAGCACGTTAC,0,376227
acrBp,0.06666666666666667,14,14,CTCACGCATGTTTTAGTGTT,0,355790
acrBp,0.06666666666666667,14,14,CTATTCGTAGTACAGGCGAT,0,383099
acrBp,0.06666666666666667,14,14,CTATTACACGTACCGCGGAC,0,398170
acrBp,0.06666666666666667,14,14,CTATGTTATTTATTTATACT,0,400649
acrBp,0.06666666666666667,14,14,CTAGCTCACGCTTAATTTAA,0,357945
acrBp,0.06666666666666667,14,14,CTACGGTATCAACATCAGGA,0,356938
acrBp,0.06666666666666667,14,14,CTACCTGATTGCAGGACTGG,0,394220
acrBp,0.06666666666666667,14,14,CTACAAATGCGGATCCAGAT,0,361958
acrBp,0.06666666666666667,14,14,CTAATTTTAGGAAGGCAAAT,0,406674
acrBp,0.06666666666666667,14,14,CTAATTGTATAGGGATAATA,0,392140
acrBp,0.06666666666666667,14,14,CTAAATTGGTTTGCGGTTCC,0,355362
acrBp,0.06666666666666667,14,14,CGTTTAAGGCCGAGGGGCGG,0,358538
acrBp,0.06666666666666667,14,14,CGTTAACCCCGGTTGTGCAA,0,360113
acrBp,0.06666666666666667,14,14,CGTGTTTAGCTGTAATAAGC,0,392278
acrBp,0.06666666666666667,14,14,CGTGTTGCGGTGGACACACC,0,370344
acrBp,0.06666666666666667,14,14,CGTGCTGCCCGTTGAGTGGC,0,391920
acrBp,0.06666666666666667,14,14,CGTGCTCAACGTGAAAAGTC,0,398135
acrBp,0.06666666666666667,14,14,CGTGCATGGCAAAGTTCCTG,0,399209
acrBp,0.06666666666666667,14,14,CGTGAATCTTTGCAGGCAAG,0,355015
acrBp,0.06666666666666667,14,14,CGTCCATACCCTACACTTTT,0,394358
acrBp,0.06666666666666667,14,14,CGTAACACATGAGCCGAACC,0,392659
acrBp,0.06666666666666667,14,14,CGGTGCACTGCCACCAGTGT,0,398676
acrBp,0.06666666666666667,14,14,CGGTCTACTGACAACTCCAT,0,400518
acrBp,0.06666666666666667,14,14,CGGGTCGCCCGATCGTGACT,0,374305
acrBp,0.06666666666666667,14,14,CGGGTCAGATATACGGAGAG,0,391555
acrBp,0.06666666666666667,14,14,CGGGCCGCGGAGTGACGGAT,0,394996
acrBp,0.06666666666666667,14,14,CGGGCACAGACATTAGTCCA,0,392664
acrBp,0.06666666666666667,14,14,CGGCCAGCCAGACTTATAGC,0,390912
acrBp,0.06666666666666667,14,14,CGCTCAGCAAAGACTGGATA,0,372187
acrBp,0.06666666666666667,14,14,CGCCTTCACGAGGGAAATTG,0,377225
acrBp,0.06666666666666667,14,14,CGCCCTGGGCTGGGTGACGA,0,366251
acrBp,0.06666666666666667,14,14,CGCCATAGCATTAAGGACTG,0,402015
acrBp,0.06666666666666667,14,14,CGCCACTGCGCGGACGTCCA,0,387877
acrBp,0.06666666666666667,14,14,CGCAGTCTGCAATATATGAA,0,377748
acrBp,0.06666666666666667,14,14,CGCAAAGAGATTCCTGCTGA,0,365093
acrBp,0.06666666666666667,14,14,CGATTTGCGTAATCTATGCG,0,358075
acrBp,0.06666666666666667,14,14,CGATGTAGAGTGTTATTCTG,0,396354
acrBp,0.06666666666666667,14,14,CGAGTGGAAGGTAATATTTT,0,367630
acrBp,0.06666666666666667,14,14,CGACGTTGTTCTCGATAGTT,0,393133
acrBp,0.06666666666666667,14,14,CGACAATCATCGAACGCGAT,0,369214
acrBp,0.06666666666666667,14,14,CGAACTCTTTCCACGGGCAT,0,381803
acrBp,0.06666666666666667,14,14,CCTTGAACGATGTTGAGATT,0,360759
acrBp,0.06666666666666667,14,14,CCTTATCCGGTAGGGACGAT,0,405815
acrBp,0.06666666666666667,14,14,CCTGGACCCCCAGCGTAGTT,0,384533
acrBp,0.06666666666666667,14,14,CCTCCCCGGCTGGCGGCTGC,0,387425
acrBp,0.06666666666666667,14,14,CCGTGAGCAGGAAGTAAGGC,0,403567
acrBp,0.06666666666666667,14,14,CCGTAATAACTAGCTGACGT,0,356080
acrBp,0.06666666666666667,14,14,CCGGTTAGTGGCTTGGAAGA,0,407473
acrBp,0.06666666666666667,14,14,CCGGAACAGTTTGTCAAACC,0,373562
acrBp,0.06666666666666667,14,14,CCGCTCGCTTTTATCGGTTG,0,407621
acrBp,0.06666666666666667,14,14,CCGCAATATTTTCCCTCTAT,0,384687
acrBp,0.06666666666666667,14,14,CCGATGCCCGACGGATCTGG,0,363118
acrBp,0.06666666666666667,14,14,CCGACGGGACCCTCTTGGTG,0,390173
acrBp,0.06666666666666667,14,14,CCCGGATGCGTACCTGTATG,0,382987
acrBp,0.06666666666666667,14,14,CCCGCATACACCAGTCGAGA,0,362347
acrBp,0.06666666666666667,14,14,CCCGAAGAGTGGCAGGGCCT,0,359665
acrBp,0.06666666666666667,14,14,CCCATGGGTTGTACAAGAGT,0,391266
acrBp,0.06666666666666667,14,14,CCCAGGGGATACTCCTCCGC,0,359137
acrBp,0.06666666666666667,14,14,CCATTTCTTACGGTAAGGGG,0,361815
acrBp,0.06666666666666667,14,14,CCATATGCGTCCACTATGTC,0,375472
acrBp,0.06666666666666667,14,14,CCACAACGGTTTTCGTCGGT,0,356661
acrBp,0.06666666666666667,14,14,CATTATCAAGGTATACAGTA,0,365818
acrBp,0.06666666666666667,14,14,CATGTGTCCGGTCAGAAGCC,0,391319
acrBp,0.06666666666666667,14,14,CATGTCCTCCCAGGATATAC,0,389674
acrBp,0.06666666666666667,14,14,CATGACCTGAGTGTGTCTTC,0,389521
acrBp,0.06666666666666667,14,14,CATCATGGCAATCGAGCCCC,0,385808
acrBp,0.06666666666666667,14,14,CATAGCCACACATCGCTTCC,0,385583
acrBp,0.06666666666666667,14,14,CATAAAACGCGAGTATCTAG,0,398808
acrBp,0.06666666666666667,14,14,CAGTTTTTGCTCTAACTCCA,0,363013
acrBp,0.06666666666666667,14,14,CAGTCTTCAGCTAGGTATTT,0,381362
acrBp,0.06666666666666667,14,14,CAGGACGTACGAATCGATAG,0,380727
acrBp,0.06666666666666667,14,14,CAGCTTAGAAACAGGCTTTG,0,389814
acrBp,0.06666666666666667,14,14,CAGCTGTGGGACGTAGCATT,0,365869
acrBp,0.06666666666666667,14,14,CAGCGGATGATACCTATGAG,0,365663
acrBp,0.06666666666666667,14,14,CACTTTAGTTAAGTCATGAC,0,375105
acrBp,0.06666666666666667,14,14,CACTTACCTAGTTTGTTCGT,0,391893
acrBp,0.06666666666666667,14,14,CACTGCCCCCCTACTATCAG,0,375480
acrBp,0.06666666666666667,14,14,CACTCCGGCAGGAACTTCGA,0,363804
acrBp,0.06666666666666667,14,14,CACGTCTACTGCTGGAGCGA,0,381330
acrBp,0.06666666666666667,14,14,CACGGGCACACAAAAGCTTG,0,397618
acrBp,0.06666666666666667,14,14,CACGGCCGCGGTCGGATGGG,0,370118
acrBp,0.06666666666666667,14,14,CACGATAAGGAAGAGCCGCT,0,376098
acrBp,0.06666666666666667,14,14,CACGAAAACATAAGGTAGCA,0,367087
acrBp,0.06666666666666667,14,14,CACCCATGGAATCGTAAGCG,0,405044
acrBp,0.06666666666666667,14,14,CACATATACTCTCACACATG,0,407019
acrBp,0.06666666666666667,14,14,CACAGGCACTTCCACGTGAA,0,404884
acrBp,0.06666666666666667,14,14,CACAACAACTCACATTGAGT,0,399487
acrBp,0.06666666666666667,14,14,CAATAGTGTCAACTTTTAAG,0,365820
acrBp,0.06666666666666667,14,14,CAAGTCGCTTAGCTGAGACC,0,387409
acrBp,0.06666666666666667,14,14,CAAGCTTTATCTTAAATATC,0,380239
acrBp,0.06666666666666667,14,14,CAACATTGTTAAAGACTGGT,0,388008
acrBp,0.06666666666666667,14,14,CAACACGCGGCTGATGACGA,0,365377
acrBp,0.06666666666666667,14,14,CAAATGCAAGTACTATCTTT,0,365116
acrBp,0.06666666666666667,14,14,ATTTGCCACTATTCATCTAA,0,396915
acrBp,0.06666666666666667,14,14,ATTTGCACCTGTGAACTATA,0,383239
acrBp,0.06666666666666667,14,14,ATTGGTTTAGCAATGTTGTA,0,400115
acrBp,0.06666666666666667,14,14,ATTCCTGAACATCGGTTATC,0,392205
acrBp,0.06666666666666667,14,14,ATTCCAAGTCCGCACACAAA,0,375901
acrBp,0.06666666666666667,14,14,ATGTCTGGTTGAGAATCTAA,0,366321
acrBp,0.06666666666666667,14,14,ATGGGTCAAGTGGCGCTGCC,0,396308
acrBp,0.06666666666666667,14,14,ATGGAGCAGTGTGCGTTCCC,0,361430
acrBp,0.06666666666666667,14,14,ATGCACGATTGTACAAAATA,0,400589
acrBp,0.06666666666666667,14,14,ATGATCCTCGGGGACCACTT,0,399804
acrBp,0.06666666666666667,14,14,ATGACAAACCAAGGTAGATC,0,375831
acrBp,0.06666666666666667,14,14,ATCTTGTCGCGAAGAAGGTT,0,365561
acrBp,0.06666666666666667,14,14,ATCTTCCTTCAAGCCTCCTC,0,359932
acrBp,0.06666666666666667,14,14,ATCTGGGTTTGACAGGGTAA,0,364585
acrBp,0.06666666666666667,14,14,ATCGTTCCAAAGCATTATTG,0,372464
acrBp,0.06666666666666667,14,14,ATCGGTTAGTAAGCACCGCT,0,394486
acrBp,0.06666666666666667,14,14,ATCGCCTGTGCGACGCAAGG,0,355225
acrBp,0.06666666666666667,14,14,ATCCCGGATACTGACTATAA,0,381269
acrBp,0.06666666666666667,14,14,ATCACTAGAAAAAAACGGTT,0,395639
acrBp,0.06666666666666667,14,14,ATAGCTGTGCCGCCATCGAT,0,398203
acrBp,0.06666666666666667,14,14,ATACTTAGCGCGCCGAACAA,0,389016
acrBp,0.06666666666666667,14,14,ATAACTTCTCGGGACTCCCA,0,359026
acrBp,0.06666666666666667,14,14,ATAACGTTGTGTGGCTAAGG,0,390161
acrBp,0.06666666666666667,14,14,AGTTGTGTAGTAGACTTTTC,0,393603
acrBp,0.06666666666666667,14,14,AGTTGGGACATATCCAGAAC,0,368997
acrBp,0.06666666666666667,14,14,AGTGTATCGAGAGTAGATCA,0,407552
acrBp,0.06666666666666667,14,14,AGTCCAACGGGCCAAGCAGA,0,372198
acrBp,0.06666666666666667,14,14,AGTACGCAGTTCCGATAAGC,0,369768
acrBp,0.06666666666666667,14,14,AGGGAGTAAAATAGTGGTCT,0,369072
acrBp,0.06666666666666667,14,14,AGGCGCGTCGCCCACAGAGC,0,380669
acrBp,0.06666666666666667,14,14,AGGCCTACCCGGCGTGACAA,0,363549
acrBp,0.06666666666666667,14,14,AGGCCCATTAATTCAGGCGT,0,398678
acrBp,0.06666666666666667,14,14,AGGAAGCCGGTGTGTAGCCT,0,390075
acrBp,0.06666666666666667,14,14,AGCCTTACCCGCGAAACACA,0,403710
acrBp,0.06666666666666667,14,14,AGCCCCGTAACGCTTTGTTT,0,398049
acrBp,0.06666666666666667,14,14,AGCATTCCAGTTTATGCCCA,0,365731
acrBp,0.06666666666666667,14,14,AGCAGTGTTCTACCCCAAAA,0,399599
acrBp,0.06666666666666667,14,14,AGCAAGAGACCAATGGTAAC,0,404251
acrBp,0.06666666666666667,14,14,AGATGTGCAATTAGGATTTA,0,382097
acrBp,0.06666666666666667,14,14,AGATATTACGACCATGGGTC,0,385489
acrBp,0.06666666666666667,14,14,AGATAGTTACAGTATCTCTA,0,359157
acrBp,0.06666666666666667,14,14,AGAGGGGGACCTCAATACAG,0,386112
acrBp,0.06666666666666667,14,14,AGAGGCTCCCCTGTAGCACT,0,403509
acrBp,0.06666666666666667,14,14,AGAGCTATTAACATTTTATG,0,407097
acrBp,0.06666666666666667,14,14,AGAGACGAAGGATTTTTTGA,0,372389
acrBp,0.06666666666666667,14,14,AGACGATCCTGACCCCATTA,0,394542
acrBp,0.06666666666666667,14,14,ACTTGGGCTGTGAGTGTGCT,0,361816
acrBp,0.06666666666666667,14,14,ACTTCCATTCAACGCAAAAT,0,370265
acrBp,0.06666666666666667,14,14,ACTTACCCCTAGGGTCAAGT,0,380632
acrBp,0.06666666666666667,14,14,ACTGAATCCGAACATGAAAG,0,402285
acrBp,0.06666666666666667,14,14,ACTCGCGGGATTGCGGGCAA,0,398409
acrBp,0.06666666666666667,14,14,ACTATGTGGATGATATGGCA,0,390601
acrBp,0.06666666666666667,14,14,ACTATCTTCACCCAGAAAGT,0,390859
acrBp,0.06666666666666667,14,14,ACTACTAGTACAACTGACTG,0,380134
acrBp,0.06666666666666667,14,14,ACGTTGGAGCATTAGGAGAT,0,380855
acrBp,0.06666666666666667,14,14,ACGTTCTAGACTAGCCGTCA,0,406197
acrBp,0.06666666666666667,14,14,ACGTATAAATCCGGCGGCCT,0,382610
acrBp,0.06666666666666667,14,14,ACGGTCTGAGGGGCGTCCGG,0,382500
acrBp,0.06666666666666667,14,14,ACGGGGTGCGCGAGCGTTAA,0,404381
acrBp,0.06666666666666667,14,14,ACGGCCATGTGTTAGTCCTC,0,388317
acrBp,0.06666666666666667,14,14,ACGGATTCCCAACCGGGTCG,0,375679
acrBp,0.06666666666666667,14,14,ACGCGGGAGGGATCAGGCCC,0,379282
acrBp,0.06666666666666667,14,14,ACGAGGGGCTCTGGTTACTA,0,359136
acrBp,0.06666666666666667,14,14,ACCGAGCTGGTATTTTGTTA,0,363098
acrBp,0.06666666666666667,14,14,ACCGAAGTCCCCACAATTGG,0,357088
acrBp,0.06666666666666667,14,14,ACCCGATTTAAACACCACCT,0,404655
acrBp,0.06666666666666667,14,14,ACCATGCGGTGTACGACTGA,0,390145
acrBp,0.06666666666666667,14,14,ACCATGCCGCTCGGTCTAGG,0,371276
acrBp,0.06666666666666667,14,14,ACCACGGAATTAGTGAAGAA,0,356290
acrBp,0.06666666666666667,14,14,ACATGGAATGGCTACACGCT,0,393027
acrBp,0.06666666666666667,14,14,ACATATGATTTAAAAACGTG,0,373459
acrBp,0.06666666666666667,14,14,ACAGGAACGCCCCTAACCCA,0,396053
acrBp,0.06666666666666667,14,14,ACAGATCGCTCGGTAACAGT,0,405146
acrBp,0.06666666666666667,14,14,ACACTCCCGTGAGTAGTTGT,0,392094
acrBp,0.06666666666666667,14,14,ACACTATGGAACTTCTTATT,0,397544
acrBp,0.06666666666666667,14,14,ACACCACTGATTGATCAAAA,0,380629
acrBp,0.06666666666666667,14,14,ACAAGCTAGCCACTCGCGAA,0,360831
acrBp,0.06666666666666667,14,14,ACAAATGATCGTGGCCAAAA,0,388064
acrBp,0.06666666666666667,14,14,AATTGGGTTTTATTCGTGTC,0,389436
acrBp,0.06666666666666667,14,14,AATTCCTGTCGTTGCCCATT,0,388680
acrBp,0.06666666666666667,14,14,AATCGGCCGGCGATATCATT,0,386000
acrBp,0.06666666666666667,14,14,AATACCACTTCAGGGAGGTG,0,386400
acrBp,0.06666666666666667,14,14,AAGTTACGGGTTACCTCGTT,0,406569
acrBp,0.06666666666666667,14,14,AAGGTTGACTAGAGCATTTC,0,396049
acrBp,0.06666666666666667,14,14,AAGGATACAGGTGTTATGTT,0,403466
acrBp,0.06666666666666667,14,14,AAGCGTATACTGTCGGGCGT,0,394823
acrBp,0.06666666666666667,14,14,AAGCAGGAATTCGCATCATA,0,357375
acrBp,0.06666666666666667,14,14,AAGATTAAATACTGCTGGTA,0,376615
acrBp,0.06666666666666667,14,14,AACTCTTGAACTGGAGTTTA,0,381003
acrBp,0.06666666666666667,14,14,AACTAACCAGGGCGCTCAAC,0,366085
acrBp,0.06666666666666667,14,14,AACGTGTGTTTAACGGTTGC,0,388398
acrBp,0.06666666666666667,14,14,AACAAGCGGGATATCAGTCT,0,406184
acrBp,0.06666666666666667,14,14,AAATTAGTGCATATAGGGAT,0,378289
acrBp,0.06666666666666667,14,14,AAAGCTAGCCGTTCTCATGG,0,373158
acrBp,0.06666666666666667,14,14,AAACTTCATAGATCCATCGG,0,390965
acrBp,0.06666666666666667,14,14,AAACCGCGACGGGCAAAATA,0,388717
acrBp,0.07142857142857142,13,13,TTTTTCAGGTGGTCCACATT,0,371124
acrBp,0.07142857142857142,13,13,TTTTGCCACCTCTGCGGGAG,0,363875
acrBp,0.07142857142857142,13,13,TTTGTGTCCTCAGAACCAAA,0,377128
acrBp,0.07142857142857142,13,13,TTTGGTACAACACTGAGACC,0,381452
acrBp,0.07142857142857142,13,13,TTTCCAAAGATTCTGATCAA,0,394576
acrBp,0.07142857142857142,13,13,TTTATTTGCGCTGCTCTGAA,0,399253
acrBp,0.07142857142857142,13,13,TTTATTGTTAAGTCATAGAG,0,365812
acrBp,0.07142857142857142,13,13,TTTAGTCGCCGTTTAGTAAA,0,392584
acrBp,0.07142857142857142,13,13,TTTAAGATTCACTATTAAGT,0,364951
acrBp,0.07142857142857142,13,13,TTGTGGGTCTTTTTTCTGAC,0,384460
acrBp,0.07142857142857142,13,13,TTGGGGTGAGTGGATCAACG,0,357253
acrBp,0.07142857142857142,13,13,TTGGGATGCTCGAATCGGGC,0,385391
acrBp,0.07142857142857142,13,13,TTGGCAGGACCGCATCTATA,0,355855
acrBp,0.07142857142857142,13,13,TTGATACCAGCTATCTCTAT,0,398894
acrBp,0.07142857142857142,13,13,TTCTTGCCAGCGATTCTCGG,0,357213
acrBp,0.07142857142857142,13,13,TTCGTGAATGCCGATCGCGT,0,394744
acrBp,0.07142857142857142,13,13,TTCGGTTCCCTACAGGCAGC,0,404816
acrBp,0.07142857142857142,13,13,TTCGCCGGGGTTTAATAAAG,0,404968
acrBp,0.07142857142857142,13,13,TTCCGCCCAGCCAACATCGA,0,390637
acrBp,0.07142857142857142,13,13,TTCAACCGGTCCTATTGGCA,0,392250
acrBp,0.07142857142857142,13,13,TTATCTTAAGAAAGACCCTC,0,399458
acrBp,0.07142857142857142,13,13,TTATCCACTAGGAGTCCGAC,0,362511
acrBp,0.07142857142857142,13,13,TTACCGACGTCTGCAGGAAA,0,400981
acrBp,0.07142857142857142,13,13,TTACAAAAGCGATTGACAGT,0,386836
acrBp,0.07142857142857142,13,13,TGTTCAAGTCTCCGCACTTT,0,390155
acrBp,0.07142857142857142,13,13,TGTGCTGCTAACAGCACGAG,0,387496
acrBp,0.07142857142857142,13,13,TGTGCAAAATGGTTTCTAAA,0,396927
acrBp,0.07142857142857142,13,13,TGTCCAGATCAGGGACGCAC,0,359374
acrBp,0.07142857142857142,13,13,TGTCCACGTGTTCAAATTAA,0,357474
acrBp,0.07142857142857142,13,13,TGTATAAGATCCAGACGTGC,0,383047
acrBp,0.07142857142857142,13,13,TGTACACAAGCGCGATTTAA,0,400150
acrBp,0.07142857142857142,13,13,TGGTGTAGTATGTGATGGCT,0,360285
acrBp,0.07142857142857142,13,13,TGGTGGTGGTATGAAGTTGA,0,398264
acrBp,0.07142857142857142,13,13,TGGGTATAGCCTCTAGAATA,0,359715
acrBp,0.07142857142857142,13,13,TGGGGTCTACTCGGAGCAGA,0,389571
acrBp,0.07142857142857142,13,13,TGGCTTTTGATGGTCGTCCT,0,390636
acrBp,0.07142857142857142,13,13,TGGCCATTCGCAGGGAATTA,0,403175
acrBp,0.07142857142857142,13,13,TGGCATGGGGGGCGGGGACT,0,384894
acrBp,0.07142857142857142,13,13,TGGCAAGGCTCGTCTGAGTT,0,376480
acrBp,0.07142857142857142,13,13,TGGATATTGAAAGCATACGG,0,355712
acrBp,0.07142857142857142,13,13,TGGACCGTACCTGCAACTTA,0,355387
acrBp,0.07142857142857142,13,13,TGGACCGGTGACCAGGGATG,0,404983
acrBp,0.07142857142857142,13,13,TGGAACGCAAAGAGTAAAGA,0,364580
acrBp,0.07142857142857142,13,13,TGCTAGCATACGCTCACAAT,0,396974
acrBp,0.07142857142857142,13,13,TGCGCTTTCTCGCCCGGGCG,0,376281
acrBp,0.07142857142857142,13,13,TGCGAGTCGGCCCGGCCCTA,0,385687
acrBp,0.07142857142857142,13,13,TGCATAGCATGACAAATAGA,0,359184
acrBp,0.07142857142857142,13,13,TGCACAGTGGAGCTTCCGGC,0,377809
acrBp,0.07142857142857142,13,13,TGCAAATGGCGGGCAGTTGC,0,359302
acrBp,0.07142857142857142,13,13,TGATTACGCAGCCTCGGGGT,0,360156
acrBp,0.07142857142857142,13,13,TGATGACAACGTCTCCCCGG,0,364460
acrBp,0.07142857142857142,13,13,TGAGGTCATTATACAGGGGT,0,361415
acrBp,0.07142857142857142,13,13,TGAGCTGTGAAAGTTTTTGG,0,384723
acrBp,0.07142857142857142,13,13,TGACTGCGGGAAAAACCTAA,0,358661
acrBp,0.07142857142857142,13,13,TGAAGCCTTTTCGGCGGAAG,0,355162
acrBp,0.07142857142857142,13,13,TGAACTGAAAAACTTTTGCA,0,372148
acrBp,0.07142857142857142,13,13,TGAAACTAATTCACAGCGGT,0,355197
acrBp,0.07142857142857142,13,13,TGAAACAAATGGGCCTATTG,0,369731
acrBp,0.07142857142857142,13,13,TCTGTTTGGGGTTCAGTGGA,0,394304
acrBp,0.07142857142857142,13,13,TCTCTACGTAATCCGTATTT,0,379123
acrBp,0.07142857142857142,13,13,TCTCGGCCTACCTACCTCTG,0,376033
acrBp,0.07142857142857142,13,13,TCTCCCTGCGCAAGTCTCGC,0,391375
acrBp,0.07142857142857142,13,13,TCTCCAGTTCACCAAAGCTC,0,404653
acrBp,0.07142857142857142,13,13,TCGTTCTGTCATACGAAGTC,0,372758
acrBp,0.07142857142857142,13,13,TCGGTGTCTATGCTTACGTT,0,355504
acrBp,0.07142857142857142,13,13,TCGGCCGCTGTGAAGCTTCC,0,371697
acrBp,0.07142857142857142,13,13,TCGCCTTAGGAGAACTGAAA,0,360632
acrBp,0.07142857142857142,13,13,TCGATGGTCCGCGATACTGT,0,384919
acrBp,0.07142857142857142,13,13,TCGATGGGCGTTGATCTAGG,0,366190
acrBp,0.07142857142857142,13,13,TCCTGGCCAAGGGCAGGGTT,0,372260
acrBp,0.07142857142857142,13,13,TCCTCGTAGTAGGTTGGATA,0,386120
acrBp,0.07142857142857142,13,13,TCCTCCGCCTTGAGGACCAT,0,395920
acrBp,0.07142857142857142,13,13,TCCGTATTATCTACTGCAGC,0,371992
acrBp,0.07142857142857142,13,13,TCCCTTTAGCTCCTCACTTC,0,383204
acrBp,0.07142857142857142,13,13,TCCACCCTCCCATCTGCTCT,0,392096
acrBp,0.07142857142857142,13,13,TCATTTGAGAATGGGCAAAG,0,365876
acrBp,0.07142857142857142,13,13,TCATTTATACGAGCAACTGC,0,406257
acrBp,0.07142857142857142,13,13,TCATACGATGTGAGAGAGAG,0,400206
acrBp,0.07142857142857142,13,13,TCAGCCGGGTGGAATTAACA,0,402105
acrBp,0.07142857142857142,13,13,TCACCTGAGGTACGCGCATG,0,367652
acrBp,0.07142857142857142,13,13,TCAAGCGTATCCCGGTATCA,0,358522
acrBp,0.07142857142857142,13,13,TATTTTCGAGCGATTAATAA,0,363793
acrBp,0.07142857142857142,13,13,TATGTACGACCGTTTTTGTA,0,406433
acrBp,0.07142857142857142,13,13,TATGGTTGTAGCTAGCTACT,0,401016
acrBp,0.07142857142857142,13,13,TATCAATCTAAATAGCTTTT,0,398237
acrBp,0.07142857142857142,13,13,TAGGTTCCGGGTTAGGAACT,0,383757
acrBp,0.07142857142857142,13,13,TAGGCTCCTGAGTCCATCTG,0,401837
acrBp,0.07142857142857142,13,13,TACTTGGGTGAAATGGCCAC,0,396765
acrBp,0.07142857142857142,13,13,TACTGGGGAGTAGTTATTGT,0,382928
acrBp,0.07142857142857142,13,13,TACTCATTCTCGGGAGGTCT,0,399144
acrBp,0.07142857142857142,13,13,TACTATGCTCAATGCGATTA,0,402883
acrBp,0.07142857142857142,13,13,TACATTCGGGCACGTCGTCC,0,399059
acrBp,0.07142857142857142,13,13,TAATCTGCTAGGTCATCGGA,0,397535
acrBp,0.07142857142857142,13,13,TAAGGGAACGTGTTACGAAT,0,368462
acrBp,0.07142857142857142,13,13,TAAGGATGGCTGCCTGTGCC,0,372853
acrBp,0.07142857142857142,13,13,TAAGGAAGTGGCCATGTTAG,0,371773
acrBp,0.07142857142857142,13,13,TAAGCGTTGAGAGGACGTCT,0,376275
acrBp,0.07142857142857142,13,13,TAAGATAAAATGGCTAGGTA,0,368157
acrBp,0.07142857142857142,13,13,TAACTCCCAGTGATCCGCAT,0,396368
acrBp,0.07142857142857142,13,13,TAACAATCTAAACGGGGAGA,0,389600
acrBp,0.07142857142857142,13,13,GTTTGCAATGGGATGTCTGG,0,376501
acrBp,0.07142857142857142,13,13,GTTTAGTAACTTAGCTTTAA,0,383556
acrBp,0.07142857142857142,13,13,GTTCTGAGATCGGCTCCCAG,0,363162
acrBp,0.07142857142857142,13,13,GTTCGTCCAGCCCTACAAGA,0,364563
acrBp,0.07142857142857142,13,13,GTTATAGAAGTAGCTGCTTT,0,379121
acrBp,0.07142857142857142,13,13,GTTAGGTCGGGGTTGCACTA,0,392796
acrBp,0.07142857142857142,13,13,GTTAGGATACCCAAAGCACT,0,390356
acrBp,0.07142857142857142,13,13,GTTAGCGCGATAGTTACTCC,0,396387
acrBp,0.07142857142857142,13,13,GTTAGCCCAGAGCGCCATAG,0,384378
acrBp,0.07142857142857142,13,13,GTTAGATGGCTACCTTATAT,0,389594
acrBp,0.07142857142857142,13,13,GTTAGACTAGCCACCCAGTA,0,398855
acrBp,0.07142857142857142,13,13,GTTAAATGATCAGAATGAAG,0,402950
acrBp,0.07142857142857142,13,13,GTTAAAGGCGGATACACACT,0,362781
acrBp,0.07142857142857142,13,13,GTGTGAATAGGATAAACTAG,0,358405
acrBp,0.07142857142857142,13,13,GTGGGTGATTCCCCGAATGT,0,359861
acrBp,0.07142857142857142,13,13,GTGCGCGCATATGAGAGTGC,0,394949
acrBp,0.07142857142857142,13,13,GTGCAGTTCTTTCGGAACCC,0,394030
acrBp,0.07142857142857142,13,13,GTGCACAAAGGTCACCCCAA,0,381255
acrBp,0.07142857142857142,13,13,GTGCAATTGCCTTGTCCTGG,0,402498
acrBp,0.07142857142857142,13,13,GTGATATAATGATCGTGTAG,0,388639
acrBp,0.07142857142857142,13,13,GTGACGTGGTACTAACTGGT,0,400025
acrBp,0.07142857142857142,13,13,GTGAAATTGAATGCAGCGAT,0,400560
acrBp,0.07142857142857142,13,13,GTCGGGAAAAGCCCGCGGCA,0,379834
acrBp,0.07142857142857142,13,13,GTCCATGCAGGGGAATTCCG,0,392270
acrBp,0.07142857142857142,13,13,GTCAGTGAGCCCATGCTGTC,0,356540
acrBp,0.07142857142857142,13,13,GTATCATATTAAGCAAATGC,0,389074
acrBp,0.07142857142857142,13,13,GTAGTTTTCCCCTCATCCAA,0,361618
acrBp,0.07142857142857142,13,13,GTAGCTCCGTACACGTATCA,0,375514
acrBp,0.07142857142857142,13,13,GTAGCAAGTGATATGTGAAA,0,393796
acrBp,0.07142857142857142,13,13,GTAGAAGCATTCTAACGAGG,0,390196
acrBp,0.07142857142857142,13,13,GTACTTCATCTCGCAAGAGC,0,363754
acrBp,0.07142857142857142,13,13,GTAATCAGTTAGATGCTTAT,0,397227
acrBp,0.07142857142857142,13,13,GGTGTCTGTTCTCTAACATG,0,358265
acrBp,0.07142857142857142,13,13,GGTCATATCAGAGTTGAGGT,0,370796
acrBp,0.07142857142857142,13,13,GGGTGGAGGCGTAGAGGTCT,0,408560
acrBp,0.07142857142857142,13,13,GGGGTTAACCTTCTTAAACA,0,387308
acrBp,0.07142857142857142,13,13,GGGGGATGTCGACTTTTCTC,0,360508
acrBp,0.07142857142857142,13,13,GGGGCGGAGCTCACGCATGT,0,384184
acrBp,0.07142857142857142,13,13,GGGGAGAGTCGTTACTGCCT,0,379679
acrBp,0.07142857142857142,13,13,GGGCGGCCACAAGTCATAGC,0,368232
acrBp,0.07142857142857142,13,13,GGGAGGCAGGCGCAATGTCA,0,356078
acrBp,0.07142857142857142,13,13,GGCTTACTTTACTAAATAGG,0,373040
acrBp,0.07142857142857142,13,13,GGCCGTGGAGGGCTTAATGG,0,360249
acrBp,0.07142857142857142,13,13,GGCATTACTCCGAAAAGTTT,0,403407
acrBp,0.07142857142857142,13,13,GGATATTGTATTGATTATCC,0,396102
acrBp,0.07142857142857142,13,13,GGAGGGTCAACGGTGTGCCA,0,373552
acrBp,0.07142857142857142,13,13,GGAGGAATCAGTCAAAATTC,0,389487
acrBp,0.07142857142857142,13,13,GGAGATTACATATCGGACAA,0,377807
acrBp,0.07142857142857142,13,13,GGACGGATTACAAAGGGTCA,0,375659
acrBp,0.07142857142857142,13,13,GGACCCCCAGAGAAGATTGT,0,361839
acrBp,0.07142857142857142,13,13,GGACATATTCAGGATTAGCC,0,383345
acrBp,0.07142857142857142,13,13,GGACACCCAGTAATCTGGTG,0,368881
acrBp,0.07142857142857142,13,13,GGACAAGTTTGCGCTCCTCA,0,358341
acrBp,0.07142857142857142,13,13,GGAAGGAGGCGCCGGCAGTG,0,395096
acrBp,0.07142857142857142,13,13,GGAAATCCAGATCCCAACTG,0,359666
acrBp,0.07142857142857142,13,13,GCTTCTTCAAACGCTGTCGT,0,379152
acrBp,0.07142857142857142,13,13,GCTTCAGCTGGGGAAATGCT,0,400264
acrBp,0.07142857142857142,13,13,GCTGGCGAGGGGAGACTAAT,0,357194
acrBp,0.07142857142857142,13,13,GCTCTTAGCACGGTTGGACA,0,366819
acrBp,0.07142857142857142,13,13,GCTCATGTGAGGTGGTATTG,0,385623
acrBp,0.07142857142857142,13,13,GCTATGCACGACAACCGCGT,0,360677
acrBp,0.07142857142857142,13,13,GCTACCAACGACCGTCTTTA,0,407188
acrBp,0.07142857142857142,13,13,GCGTCACGGAATTGACGTGC,0,402241
acrBp,0.07142857142857142,13,13,GCGTAGGTAAGGTTCAGGTC,0,356386
acrBp,0.07142857142857142,13,13,GCGGATCACCGCGAATACTT,0,375709
acrBp,0.07142857142857142,13,13,GCGGAGTGAAAATCATAACC,0,369944
acrBp,0.07142857142857142,13,13,GCGCTTACCAACCAAAGGTG,0,396433
acrBp,0.07142857142857142,13,13,GCGCAAGCGAGGACCTACAA,0,389008
acrBp,0.07142857142857142,13,13,GCGATTTGTCAATGGATATG,0,388695
acrBp,0.07142857142857142,13,13,GCGACGCTCTAACGTTGTAG,0,390531
acrBp,0.07142857142857142,13,13,GCCTTCGAGAATAATACGTC,0,384152
acrBp,0.07142857142857142,13,13,GCCTGGGGAACGTCACTCGA,0,377902
acrBp,0.07142857142857142,13,13,GCCTCGCGGCTCCACGAACG,0,397984
acrBp,0.07142857142857142,13,13,GCCTATTGGAAACGAGTGTA,0,384206
acrBp,0.07142857142857142,13,13,GCCCGGAATCGCGGATGGGT,0,357695
acrBp,0.07142857142857142,13,13,GCCAGCTATACCCATTTTAG,0,365068
acrBp,0.07142857142857142,13,13,GCCACGAAAGCTCGATGGAG,0,382122
acrBp,0.07142857142857142,13,13,GCATGTCACGGGCCGGGGTA,0,379394
acrBp,0.07142857142857142,13,13,GCATGAGCCAGAGACGCCTG,0,369872
acrBp,0.07142857142857142,13,13,GCAGCCCTAAAAGGATTCTT,0,381399
acrBp,0.07142857142857142,13,13,GCAGATAGGATGTTGTGCCC,0,365029
acrBp,0.07142857142857142,13,13,GCACTTATTCGATCAGACTT,0,385906
acrBp,0.07142857142857142,13,13,GCACGACGGGTGACGCCATT,0,398405
acrBp,0.07142857142857142,13,13,GCACCGCAGTAGGGGTCCAG,0,399935
acrBp,0.07142857142857142,13,13,GATTATTTGTTACGAGCACG,0,359069
acrBp,0.07142857142857142,13,13,GATTACAGTTGGAAAGCACT,0,386812
acrBp,0.07142857142857142,13,13,GATGTAGGAGTATCATGAAC,0,369142
acrBp,0.07142857142857142,13,13,GATCACTCGTTCTGTATGTA,0,376020
acrBp,0.07142857142857142,13,13,GATAGTATCGCCCAAAGGTT,0,407237
acrBp,0.07142857142857142,13,13,GATAATTGACCATTTGAATA,0,366672
acrBp,0.07142857142857142,13,13,GAGTCGCTTAAGGTTGCTTC,0,395114
acrBp,0.07142857142857142,13,13,GAGTAGAGAAACTCAGCGTT,0,356006
acrBp,0.07142857142857142,13,13,GAGCCCACGAGCGAATAGTA,0,399106
acrBp,0.07142857142857142,13,13,GAGATTGCGTGTTCAGCGAT,0,395734
acrBp,0.07142857142857142,13,13,GAGATTATCACGCCGATGGT,0,360847
acrBp,0.07142857142857142,13,13,GAGAGCAAGCTGAAAATGCT,0,366353
acrBp,0.07142857142857142,13,13,GAGAGATGTCAGTACACGGA,0,407258
acrBp,0.07142857142857142,13,13,GACTTTACACATCCCTGCTA,0,390871
acrBp,0.07142857142857142,13,13,GACTTAGACGTTAAAGGCTG,0,385871
acrBp,0.07142857142857142,13,13,GACGTGTCAATCGCGATTGA,0,398720
acrBp,0.07142857142857142,13,13,GACGTGCCGATCCCTCGGAC,0,391480
acrBp,0.07142857142857142,13,13,GACCTCAAGCTGACCTGGGG,0,398760
acrBp,0.07142857142857142,13,13,GACACGCAACGTATAAGGAT,0,367927
acrBp,0.07142857142857142,13,13,GAATCTCTTCAGGTACGGGA,0,401380
acrBp,0.07142857142857142,13,13,GAATCGCACACTCCCTAATC,0,363777
acrBp,0.07142857142857142,13,13,GAATCGACACTTGACATAGT,0,365721
acrBp,0.07142857142857142,13,13,GAATATCTGCTCGTAACGCC,0,384479
acrBp,0.07142857142857142,13,13,GAAGGGCGCGCTCCCAGCAG,0,356119
acrBp,0.07142857142857142,13,13,GAAGCGCGATCGCGCACTAG,0,402762
acrBp,0.07142857142857142,13,13,GAACTCATCAGATTACGTCC,0,398193
acrBp,0.07142857142857142,13,13,GAAAGTCTTTACGGCCTTCA,0,359895
acrBp,0.07142857142857142,13,13,CTTTAGATGGCAGCCCGCCC,0,368487
acrBp,0.07142857142857142,13,13,CTTTAACTGGTTCCCGTCTA,0,368794
acrBp,0.07142857142857142,13,13,CTTGTTTTCCTTATCCTAGA,0,368684
acrBp,0.07142857142857142,13,13,CTTGAATGTGCGTGTATGCA,0,374433
acrBp,0.07142857142857142,13,13,CTTCGTATTGTTACAGTCTA,0,404103
acrBp,0.07142857142857142,13,13,CTTCGGCATTAACTATGCAA,0,364324
acrBp,0.07142857142857142,13,13,CTTAGCCTCTCGCAAGGAAT,0,386851
acrBp,0.07142857142857142,13,13,CTTACTCTTTGCACGCCTGT,0,405215
acrBp,0.07142857142857142,13,13,CTGTACGAGGGGAAAGTGGT,0,400884
acrBp,0.07142857142857142,13,13,CTGGTCGTGCATCTGTCGTG,0,380249
acrBp,0.07142857142857142,13,13,CTGGGCAACCTTCGCTGATT,0,395022
acrBp,0.07142857142857142,13,13,CTGCTGAGCCTAGTCTCTAT,0,379609
acrBp,0.07142857142857142,13,13,CTGCCGGGGGGTCAGGCTCA,0,362111
acrBp,0.07142857142857142,13,13,CTGCAAATGCTTTAATCGGC,0,376363
acrBp,0.07142857142857142,13,13,CTGACAATATGCGCAAAATC,0,365287
acrBp,0.07142857142857142,13,13,CTCTGACTAAAATGACCTTG,0,381051
acrBp,0.07142857142857142,13,13,CTCTATAACTTACAACCCGC,0,369999
acrBp,0.07142857142857142,13,13,CTCTAACTTTAGTTGAATTA,0,383305
acrBp,0.07142857142857142,13,13,CTCGACGTAAAGGCGTTTAA,0,406198
acrBp,0.07142857142857142,13,13,CTCCGCGCCCCCGTCTAAAA,0,408209
acrBp,0.07142857142857142,13,13,CTCCCGCGGGCCAGTGCTTC,0,370980
acrBp,0.07142857142857142,13,13,CTATACACGAGCAGAATGGA,0,364763
acrBp,0.07142857142857142,13,13,CTATAAACATCTGTAGACAT,0,405366
acrBp,0.07142857142857142,13,13,CTACACTCTCATGCAACACC,0,393011
acrBp,0.07142857142857142,13,13,CTAATCTTTGTGAGTCGGCA,0,356829
acrBp,0.07142857142857142,13,13,CTAACGCTTTCCTGCTGAAG,0,374944
acrBp,0.07142857142857142,13,13,CGTTACATTAATTGGAACTA,0,357857
acrBp,0.07142857142857142,13,13,CGTGCATCGTTGAGATCGGG,0,363799
acrBp,0.07142857142857142,13,13,CGTCATTCGATTAATACCGA,0,391041
acrBp,0.07142857142857142,13,13,CGTCAGTGGGCCGCTCGGCA,0,392279
acrBp,0.07142857142857142,13,13,CGGGGGTGTAGGCAATGACC,0,366405
acrBp,0.07142857142857142,13,13,CGGCGGCGGGAACTGGCTAT,0,403473
acrBp,0.07142857142857142,13,13,CGGCCTTAACGTGGCAAACA,0,389529
acrBp,0.07142857142857142,13,13,CGGCCTCGCAGTGAACAGAT,0,362032
acrBp,0.07142857142857142,13,13,CGGAGGAGGAGTACTCGGAA,0,382502
acrBp,0.07142857142857142,13,13,CGCTGTAGTTATCTTGAATC,0,384172
acrBp,0.07142857142857142,13,13,CGCCTATGCCATTGATGGGT,0,406528
acrBp,0.07142857142857142,13,13,CGCCACCTACCTGCCGTCCA,0,373789
acrBp,0.07142857142857142,13,13,CGCATGCTGAAATACTACCT,0,365234
acrBp,0.07142857142857142,13,13,CGCACAAAGGCGAGTGACCT,0,408371
acrBp,0.07142857142857142,13,13,CGATTGTAAAGGTGTTGAAA,0,383608
acrBp,0.07142857142857142,13,13,CGATTACCAAATGTTTCAAG,0,384482
acrBp,0.07142857142857142,13,13,CGATGGTAGGGTTAGCTTGG,0,363498
acrBp,0.07142857142857142,13,13,CGATGCGATTAAAGCTCTTT,0,388881
acrBp,0.07142857142857142,13,13,CGATATATAGTAGAAATATT,0,369790
acrBp,0.07142857142857142,13,13,CGAGGCGTGTTATTCGATTT,0,390589
acrBp,0.07142857142857142,13,13,CGACGGGAAGGTTAGAGTGC,0,357191
acrBp,0.07142857142857142,13,13,CGACACGACTTCTCAAGACA,0,387242
acrBp,0.07142857142857142,13,13,CGACACATCCTGGCAGACTT,0,390919
acrBp,0.07142857142857142,13,13,CGAATGAAGGCGATCTGAAA,0,405591
acrBp,0.07142857142857142,13,13,CGAATCTTTTGGCCTGCGTC,0,361648
acrBp,0.07142857142857142,13,13,CCTTTACCGTGTACTCTACC,0,366323
acrBp,0.07142857142857142,13,13,CCTTATACGAGTGTCTGCCG,0,396502
acrBp,0.07142857142857142,13,13,CCTTAAAAACTACTCCTGAA,0,380193
acrBp,0.07142857142857142,13,13,CCTGGGAAGAAGTCGGATTG,0,374689
acrBp,0.07142857142857142,13,13,CCTGGCAAAAAATTGAAGGA,0,376548
acrBp,0.07142857142857142,13,13,CCTGACAGACGATCCCTGTA,0,367330
acrBp,0.07142857142857142,13,13,CCTACTAGGCATAATCTGTG,0,396676
acrBp,0.07142857142857142,13,13,CCGGGTGTACCCTATGACAC,0,375199
acrBp,0.07142857142857142,13,13,CCGGACTACGGACACTGCTC,0,387519
acrBp,0.07142857142857142,13,13,CCGCTTCTCTACCTCGAGTC,0,369066
acrBp,0.07142857142857142,13,13,CCGATGGTACGGGTCACCGC,0,400141
acrBp,0.07142857142857142,13,13,CCGACCCTAGCCGAGCAGGG,0,383501
acrBp,0.07142857142857142,13,13,CCGAAATCTTAACGGCTTGC,0,384304
acrBp,0.07142857142857142,13,13,CCCTATAGCGTATGAGAGCA,0,403875
acrBp,0.07142857142857142,13,13,CCCGCGGGAGCCTTAGCAGG,0,397154
acrBp,0.07142857142857142,13,13,CCCGATAGATAATGGAATGG,0,384047
acrBp,0.07142857142857142,13,13,CCCCTACAGCGGTCCGTACT,0,398944
acrBp,0.07142857142857142,13,13,CCCACACAAGCGGGTCCCAA,0,362838
acrBp,0.07142857142857142,13,13,CCATTAAAACTATTCCAGCC,0,386607
acrBp,0.07142857142857142,13,13,CCAAATAATGTGTAAAGTCA,0,364725
acrBp,0.07142857142857142,13,13,CCAAACACCCCCCCAACAAT,0,372214
acrBp,0.07142857142857142,13,13,CATGGGATTCTATAGTTTGC,0,382649
acrBp,0.07142857142857142,13,13,CATGCAATCGTATCTGTAGA,0,384680
acrBp,0.07142857142857142,13,13,CATCTACTCCGTGGCGAAAG,0,362177
acrBp,0.07142857142857142,13,13,CATCCTTTGGTTAACGCACA,0,384916
acrBp,0.07142857142857142,13,13,CATCCGCTACTAACATTGTC,0,363729
acrBp,0.07142857142857142,13,13,CATCATTAATGGAATGCGGG,0,389959
acrBp,0.07142857142857142,13,13,CAGTCACTGGACGCAGATTA,0,374988
acrBp,0.07142857142857142,13,13,CAGGTATTCACTACTCTGGC,0,365473
acrBp,0.07142857142857142,13,13,CAGACGCCTATAAAGCAGCA,0,376277
acrBp,0.07142857142857142,13,13,CACTGTGGGCTCTCACGATA,0,391277
acrBp,0.07142857142857142,13,13,CACTGAATATCTAGCGGTGC,0,387809
acrBp,0.07142857142857142,13,13,CACTCCAGCTCTATGGTCCT,0,391475
acrBp,0.07142857142857142,13,13,CACGTAGAACAGATGGCTTC,0,394257
acrBp,0.07142857142857142,13,13,CACCGCATCCGGCGTCAAAT,0,369277
acrBp,0.07142857142857142,13,13,CAATCAACTTTACACACCGC,0,386569
acrBp,0.07142857142857142,13,13,CAACGATGGTTCAGCGTTCA,0,361565
acrBp,0.07142857142857142,13,13,CAAACGGAAGCTGGTGGGCT,0,362236
acrBp,0.07142857142857142,13,13,CAAAAGACCATATGATTAGG,0,399115
acrBp,0.07142857142857142,13,13,ATTTCAGTGGTGACTCTGCT,0,390127
acrBp,0.07142857142857142,13,13,ATTCCATCTTGTCCGCCGAA,0,399560
acrBp,0.07142857142857142,13,13,ATGGCGGAATCGTTATGATG,0,394104
acrBp,0.07142857142857142,13,13,ATGGAGGCATGGCAAAGAGG,0,392626
acrBp,0.07142857142857142,13,13,ATGCGTGCGGGAGGTTTGAT,0,396569
acrBp,0.07142857142857142,13,13,ATGCCCACCCCCTAACGGTT,0,398141
acrBp,0.07142857142857142,13,13,ATGATTGGATTTGGTCAGTT,0,390027
acrBp,0.07142857142857142,13,13,ATGATCTTTGCACTAATCGT,0,370263
acrBp,0.07142857142857142,13,13,ATCTGCATTCTGTCTCCAGA,0,396948
acrBp,0.07142857142857142,13,13,ATCTAGCGGAACTGTGCGTG,0,356782
acrBp,0.07142857142857142,13,13,ATCTAGAAGGGGTACCGCAA,0,400379
acrBp,0.07142857142857142,13,13,ATCTACCACTCTGGGTGTCG,0,397628
acrBp,0.07142857142857142,13,13,ATCCCGATACAAGTTGCTTG,0,388249
acrBp,0.07142857142857142,13,13,ATCAATTTTCTGGTTCGGAG,0,377998
acrBp,0.07142857142857142,13,13,ATATCCGCGGTCTTGAATTA,0,392177
acrBp,0.07142857142857142,13,13,ATAGTGTACTTGTAGAGACA,0,365760
acrBp,0.07142857142857142,13,13,ATAGGTCAGTTCATTCAGAC,0,402720
acrBp,0.07142857142857142,13,13,ATACGAGGGCGCGAATCCAC,0,397896
acrBp,0.07142857142857142,13,13,ATACACTTAGTCATTAATGT,0,408278
acrBp,0.07142857142857142,13,13,ATAACTTTGCTGTTGCGGTA,0,389187
acrBp,0.07142857142857142,13,13,AGTTGCGATCCGCACTAGTG,0,392115
acrBp,0.07142857142857142,13,13,AGTTCTCTAAGGTAAGTATC,0,393856
acrBp,0.07142857142857142,13,13,AGTGCCCGAAAGACTCAATT,0,365728
acrBp,0.07142857142857142,13,13,AGTGCCCCTTGGCATGCAAC,0,364277
acrBp,0.07142857142857142,13,13,AGTCTTAGGCTTGGTGTCTA,0,397041
acrBp,0.07142857142857142,13,13,AGTCGTTCGTGCATATAGGG,0,358956
acrBp,0.07142857142857142,13,13,AGTCCCATTTGCCCAGTGTC,0,407788
acrBp,0.07142857142857142,13,13,AGTCAACTAGACTATATGAC,0,394795
acrBp,0.07142857142857142,13,13,AGTAATGCCTTAAATAGCAT,0,385664
acrBp,0.07142857142857142,13,13,AGGTGGACGGCTGGTGTGTT,0,368993
acrBp,0.07142857142857142,13,13,AGGTGAAACTGCTTTTAGAG,0,408380
acrBp,0.07142857142857142,13,13,AGGTACTATTCAAGCACAAG,0,367430
acrBp,0.07142857142857142,13,13,AGGGGTCTTGCTAAAACCTG,0,390698
acrBp,0.07142857142857142,13,13,AGGGCTGCCAGTCCGGTATC,0,363810
acrBp,0.07142857142857142,13,13,AGGCGCCTGAATAAGTCTTC,0,408228
acrBp,0.07142857142857142,13,13,AGGCCTGCCCCGGGCCGTGT,0,376294
acrBp,0.07142857142857142,13,13,AGGCAATTAGGCGGAAGGCA,0,399060
acrBp,0.07142857142857142,13,13,AGGATGGCCGCGCGACAATG,0,402847
acrBp,0.07142857142857142,13,13,AGGAAAGAGTCCAGGTGTGG,0,364586
acrBp,0.07142857142857142,13,13,AGCTTACCTCGGTCCGTTTT,0,394371
acrBp,0.07142857142857142,13,13,AGCTGATAAGAAGGCAGTTC,0,407785
acrBp,0.07142857142857142,13,13,AGCTCTTGAGGGTACATCAG,0,361547
acrBp,0.07142857142857142,13,13,AGCTAACATAGCAAATAACG,0,358213
acrBp,0.07142857142857142,13,13,AGCGATATAATTAGATAATG,0,374674
acrBp,0.07142857142857142,13,13,AGCCTGGCGAGAGATGTAAG,0,406929
acrBp,0.07142857142857142,13,13,AGATCACATAAGCACGGAAT,0,370679
acrBp,0.07142857142857142,13,13,AGAGGCCACGGATCATAAGC,0,370840
acrBp,0.07142857142857142,13,13,AGAGCCTAGACCCCCGATGA,0,375602
acrBp,0.07142857142857142,13,13,AGACTCTCCGTCCGGTGTGA,0,358863
acrBp,0.07142857142857142,13,13,AGACTCCCCTGGGGACCCTT,0,397771
acrBp,0.07142857142857142,13,13,AGACGTTGAGACTAAACATG,0,376160
acrBp,0.07142857142857142,13,13,AGACGGCGCAGCCCTCAGTA,0,396583
acrBp,0.07142857142857142,13,13,AGAAGTACCCTCCTCCAGTG,0,365780
acrBp,0.07142857142857142,13,13,AGAAGCGAAGTTGCAGTGGA,0,401640
acrBp,0.07142857142857142,13,13,ACTTCCGAGTCGGTAATCTC,0,373329
acrBp,0.07142857142857142,13,13,ACTTATAAGCGTGATTCAAC,0,375000
acrBp,0.07142857142857142,13,13,ACTGACGGCCGTCCTAATAA,0,397933
acrBp,0.07142857142857142,13,13,ACTCGGGAAAGGAGATTCCG,0,377696
acrBp,0.07142857142857142,13,13,ACTACAAGAGGCTGCGAATA,0,358417
acrBp,0.07142857142857142,13,13,ACGGGCTCTAATAGGACCCT,0,366097
acrBp,0.07142857142857142,13,13,ACGCATACATAGGGTAAAAA,0,394876
acrBp,0.07142857142857142,13,13,ACGATAGAGGCACTCCGGGT,0,398189
acrBp,0.07142857142857142,13,13,ACCTGGGCCACGACATAGGT,0,357039
acrBp,0.07142857142857142,13,13,ACCGTTCTGGGAATATATAC,0,359526
acrBp,0.07142857142857142,13,13,ACCGCCGACGCGGTAGCGAC,0,365030
acrBp,0.07142857142857142,13,13,ACCCGCTACTCGCATCGCTA,0,394362
acrBp,0.07142857142857142,13,13,ACCCGCATACAGGTGTCCAG,0,355160
acrBp,0.07142857142857142,13,13,ACCCCCCCAGGGAGACGTGG,0,362446
acrBp,0.07142857142857142,13,13,ACCCATCTTGGGGTGCCCCT,0,374747
acrBp,0.07142857142857142,13,13,ACATTCCAGAGGATCCATCT,0,361575
acrBp,0.07142857142857142,13,13,ACAGGTCCCCGGCTCGGGAC,0,370729
acrBp,0.07142857142857142,13,13,ACAGAGTTCATCGCTCATTG,0,385120
acrBp,0.07142857142857142,13,13,ACAATCTAAGAGGTAGGGCG,0,403651
acrBp,0.07142857142857142,13,13,ACAACGTGCATACAAGCGTT,0,391225
acrBp,0.07142857142857142,13,13,AATGTCCGATTTTTTATAGG,0,364219
acrBp,0.07142857142857142,13,13,AATGTCAGCACCCCGTCCGC,0,399769
acrBp,0.07142857142857142,13,13,AATGAGTTTTATTTTAGCTG,0,391686
acrBp,0.07142857142857142,13,13,AATCGCCGGTTTTAACAACC,0,375046
acrBp,0.07142857142857142,13,13,AATCAGTCCACATACTTATC,0,405362
acrBp,0.07142857142857142,13,13,AATATCTGCATCCTCCGTTC,0,386515
acrBp,0.07142857142857142,13,13,AATACCGTCGGCATTTGGAT,0,367534
acrBp,0.07142857142857142,13,13,AAGTTGGACGTACGCACGTT,0,384554
acrBp,0.07142857142857142,13,13,AAGGTTGGGTACGACCAATT,0,369834
acrBp,0.07142857142857142,13,13,AAGGCTATACCGGCAACAAC,0,369728
acrBp,0.07142857142857142,13,13,AAGCTCTTCCGTTAACCTGT,0,378376
acrBp,0.07142857142857142,13,13,AAGCGCGTAACACTCCTTGC,0,369832
acrBp,0.07142857142857142,13,13,AAGCCTTGCCCGGAAACTGG,0,408231
acrBp,0.07142857142857142,13,13,AAGCATCGTGCGCTCGAAGG,0,399466
acrBp,0.07142857142857142,13,13,AAGAACGCTTACAGCAACCA,0,385438
acrBp,0.07142857142857142,13,13,AACTACCGTATTGTTAGTAA,0,407834
acrBp,0.07142857142857142,13,13,AACCTAGGGGATACAACGTT,0,387678
acrBp,0.07142857142857142,13,13,AACCCAACGGGACTCTGTGA,0,390125
acrBp,0.07142857142857142,13,13,AACATTGTGCCTTACCGCCA,0,395959
acrBp,0.07142857142857142,13,13,AACATTGGGTCAAGAGGGGA,0,382038
acrBp,0.07142857142857142,13,13,AAATTCAGAGGTTTCGCTGT,0,381884
acrBp,0.07142857142857142,13,13,AAATCCTCACAGAACTCTAA,0,360326
acrBp,0.07142857142857142,13,13,AAAGTTGATGGTTAAGCAGG,0,400650
acrBp,0.07142857142857142,13,13,AAAGTTAGATACCATCCGCA,0,405803
acrBp,0.07142857142857142,13,13,AAACTAACGCGCCGATTGCG,0,381453
acrBp,0.07692307692307693,12,12,TTTCTTGCCAGCACCGGTAC,0,399153
acrBp,0.07692307692307693,12,12,TTTCTATGTCTTTACCGCTT,0,377214
acrBp,0.07692307692307693,12,12,TTTATTAATTCGTGGGGGTG,0,386930
acrBp,0.07692307692307693,12,12,TTTATCTCGTTGGGAGGCTT,0,390853
acrBp,0.07692307692307693,12,12,TTTACATGTAGGTTTGCTAC,0,384236
acrBp,0.07692307692307693,12,12,TTGTTTAACTGGGCACATAC,0,391620
acrBp,0.07692307692307693,12,12,TTGCGCAAATGCCGCTAACC,0,407434
acrBp,0.07692307692307693,12,12,TTCTCTATGAACAACAGAGG,0,369574
acrBp,0.07692307692307693,12,12,TTCTATTAGCTGGAGGCCCC,0,401510
acrBp,0.07692307692307693,12,12,TTCGGGGACGTTTCGCGCCA,0,385755
acrBp,0.07692307692307693,12,12,TTCGCGCGAGGTGTGCCAGC,0,393945
acrBp,0.07692307692307693,12,12,TTCGATTAGATTTTTTTTGG,0,376861
acrBp,0.07692307692307693,12,12,TTCGACAACTAGCAGGCCGC,0,379010
acrBp,0.07692307692307693,12,12,TTCCTCCCGGCGATATTAAT,0,365906
acrBp,0.07692307692307693,12,12,TTCCACCAGCGTCGCTGCAA,0,376611
acrBp,0.07692307692307693,12,12,TTCAGCAATGCCGCTCGAGT,0,390749
acrBp,0.07692307692307693,12,12,TTCAACGTAGGAAGACCAGG,0,400590
acrBp,0.07692307692307693,12,12,TTATTAGGACTAGAAGCCAA,0,364198
acrBp,0.07692307692307693,12,12,TTAGGGGTGTAGTTTGCTAT,0,390569
acrBp,0.07692307692307693,12,12,TTACGACGCTGGACCAGCAA,0,382915
acrBp,0.07692307692307693,12,12,TTAAACTGTGTCCGGGATCA,0,384059
acrBp,0.07692307692307693,12,12,TGTTTCAAAATCTACGTTTC,0,361943
acrBp,0.07692307692307693,12,12,TGTTGAAGTTATCATATGGG,0,391746
acrBp,0.07692307692307693,12,12,TGTTCTACTCAGTTCAATCC,0,364118
acrBp,0.07692307692307693,12,12,TGTTCGCCTCTAACAGACAA,0,395459
acrBp,0.07692307692307693,12,12,TGTTAACACACATCTTGGGG,0,380311
acrBp,0.07692307692307693,12,12,TGTGTCCTCCATCTTGACGC,0,373974
acrBp,0.07692307692307693,12,12,TGTGATCCAAGTATCATTCA,0,367112
acrBp,0.07692307692307693,12,12,TGTACTACCCAGATGTCTTG,0,389226
acrBp,0.07692307692307693,12,12,TGTAAATTCCGGAGCCGTCC,0,400480
acrBp,0.07692307692307693,12,12,TGGTTGTCCAGCGACAGTCA,0,377010
acrBp,0.07692307692307693,12,12,TGGTCCTGTATGCCCTCCTG,0,386992
acrBp,0.07692307692307693,12,12,TGGTCCGAGTCATGCTGGTG,0,379723
acrBp,0.07692307692307693,12,12,TGGGGCAAGATCTCGCAACC,0,397305
acrBp,0.07692307692307693,12,12,TGGGCTGAAACAATTCCACG,0,390928
acrBp,0.07692307692307693,12,12,TGGGAGACGATATAAGGAGC,0,393416
acrBp,0.07692307692307693,12,12,TGGATTGGTGGTAGACTACT,0,391996
acrBp,0.07692307692307693,12,12,TGGACACTTTAGACTTAGTC,0,383341
acrBp,0.07692307692307693,12,12,TGGAATAGTACGGTATGGCT,0,400809
acrBp,0.07692307692307693,12,12,TGCTTCTGAAATTTGTGTTC,0,365597
acrBp,0.07692307692307693,12,12,TGCTTACCCCTCGGTCAGCA,0,397081
acrBp,0.07692307692307693,12,12,TGCTGCGAGGATACACGGTA,0,404307
acrBp,0.07692307692307693,12,12,TGCTCTGACCCCTAGTGTAT,0,373627
acrBp,0.07692307692307693,12,12,TGCTCAATTTGAGGCTCCGT,0,355507
acrBp,0.07692307692307693,12,12,TGCTATGCACGTTTGACCCA,0,404418
acrBp,0.07692307692307693,12,12,TGCGTCTAGTTTCCAGGTTG,0,393283
acrBp,0.07692307692307693,12,12,TGCGCGGGGGACCCACGACT,0,378164
acrBp,0.07692307692307693,12,12,TGCCAGGCGGCTTGGTCCTT,0,395268
acrBp,0.07692307692307693,12,12,TGCAGACTCTTACCCTACTG,0,394142
acrBp,0.07692307692307693,12,12,TGCAATTGACAGCCTGCTTT,0,360459
acrBp,0.07692307692307693,12,12,TGATTGCAGTACTCAGCAAC,0,402854
acrBp,0.07692307692307693,12,12,TGATGCCTACTATGAAAGTG,0,359226
acrBp,0.07692307692307693,12,12,TGAGTTTAGCGTTAGCATTA,0,391167
acrBp,0.07692307692307693,12,12,TGACTTACCCGTGTGATCTA,0,365932
acrBp,0.07692307692307693,12,12,TGACTGTTCCATGAGAGTAG,0,372704
acrBp,0.07692307692307693,12,12,TGACCGAGATCACCAGTCAG,0,398917
acrBp,0.07692307692307693,12,12,TGACATATAGGTCGGCCGTT,0,368612
acrBp,0.07692307692307693,12,12,TCTTCTTGCTCTTGCCACTT,0,368737
acrBp,0.07692307692307693,12,12,TCTTCACTAACCCGAGGGAC,0,393452
acrBp,0.07692307692307693,12,12,TCTGGTATCTCCCCAGTGCG,0,396106
acrBp,0.07692307692307693,12,12,TCTGCGGGTAACAGTATAGC,0,366602
acrBp,0.07692307692307693,12,12,TCTGAGAAGCTCACGTCAGA,0,359735
acrBp,0.07692307692307693,12,12,TCGTTAGGGGACAGCTAAGA,0,358851
acrBp,0.07692307692307693,12,12,TCGTGGACGTGTGAGCTCCA,0,384167
acrBp,0.07692307692307693,12,12,TCGGTCCGAGCCAGAACACA,0,389961
acrBp,0.07692307692307693,12,12,TCGGGTGTATGCCTTCTCTT,0,389797
acrBp,0.07692307692307693,12,12,TCGGAAACACATCTATAACA,0,357889
acrBp,0.07692307692307693,12,12,TCGCCGGTGAACCACGCCCC,0,380667
acrBp,0.07692307692307693,12,12,TCCTTACGGTTGGACTCTTA,0,370514
acrBp,0.07692307692307693,12,12,TCCTGGTTCTGGCACAATTT,0,368887
acrBp,0.07692307692307693,12,12,TCCGGCTCACCGCGCCGTAA,0,402278
acrBp,0.07692307692307693,12,12,TCCCTGTCACGACTGGTCAG,0,374431
acrBp,0.07692307692307693,12,12,TCCCGGTGCGGCACTGCCTA,0,374256
acrBp,0.07692307692307693,12,12,TCCCCAGGCGTCAGGAAGTA,0,402626
acrBp,0.07692307692307693,12,12,TCCAGGCAACCTGTTAAGCA,0,392185
acrBp,0.07692307692307693,12,12,TCCAGCGATTCTATAAAGCG,0,400257
acrBp,0.07692307692307693,12,12,TCATGGACTGGGCCACTACA,0,404241
acrBp,0.07692307692307693,12,12,TCACGGAGTGCGAATCCTGG,0,371391
acrBp,0.07692307692307693,12,12,TCACCGGGTAACGTGGTTGT,0,355942
acrBp,0.07692307692307693,12,12,TCAACGGGCGTAGTAGTGTA,0,371502
acrBp,0.07692307692307693,12,12,TCAACCCAGATTCTATTAGT,0,404061
acrBp,0.07692307692307693,12,12,TCAAAGAATAATTGTGAACG,0,386791
acrBp,0.07692307692307693,12,12,TATTGGACTAGCTCTCTAAC,0,386489
acrBp,0.07692307692307693,12,12,TATTGAGTCTGAGGCGTCTT,0,356612
acrBp,0.07692307692307693,12,12,TATGTGGCCATCGTGAGGTG,0,397281
acrBp,0.07692307692307693,12,12,TATGGCGGTGTTGGTTGTAA,0,384936
acrBp,0.07692307692307693,12,12,TATGGCAAGGGTCTGGGAGC,0,363121
acrBp,0.07692307692307693,12,12,TATGGAAATGGCGAATCAGT,0,366769
acrBp,0.07692307692307693,12,12,TATCTGGCTTGAGACGAAAA,0,382290
acrBp,0.07692307692307693,12,12,TATCGTTGGACTCATCGAAG,0,376644
acrBp,0.07692307692307693,12,12,TATCGCAGATTGCAATGCAG,0,405808
acrBp,0.07692307692307693,12,12,TATACTTAGGAGGGAACACC,0,369805
acrBp,0.07692307692307693,12,12,TATACGATGCTCTGGTGCCC,0,362673
acrBp,0.07692307692307693,12,12,TATAATTCAAGCTTTGGGTT,0,369117
acrBp,0.07692307692307693,12,12,TATAATATAGGGCTTGGGGA,0,382812
acrBp,0.07692307692307693,12,12,TAGGACCCTCTCCAGGTATG,0,380017
acrBp,0.07692307692307693,12,12,TAGCCAGTCAGGACGCCGAT,0,365385
acrBp,0.07692307692307693,12,12,TAGAGAAGGCCGCACATTTG,0,377718
acrBp,0.07692307692307693,12,12,TAGACACGTGTGAACTCGCA,0,373654
acrBp,0.07692307692307693,12,12,TACTACTGCGGCCGTCAAAC,0,364558
acrBp,0.07692307692307693,12,12,TACCTACCTCTCCAAAGTCC,0,372076
acrBp,0.07692307692307693,12,12,TACCCGCGAGAGCCGGACGT,0,374176
acrBp,0.07692307692307693,12,12,TACCCAGAAATTCGATTATC,0,363327
acrBp,0.07692307692307693,12,12,TACCATTCGTGCCACTGGGA,0,371027
acrBp,0.07692307692307693,12,12,TAAGGTCCTACAGTTTCGGG,0,376022
acrBp,0.07692307692307693,12,12,TAAGGCCGGTGTTCGAAATT,0,373923
acrBp,0.07692307692307693,12,12,TAAGCTTCGGCGCGCCAACG,0,381004
acrBp,0.07692307692307693,12,12,TAAGCTGGTTGATGGCTCGG,0,372764
acrBp,0.07692307692307693,12,12,TAAGCTCAGTCTACTCCAAG,0,380110
acrBp,0.07692307692307693,12,12,TAACTGAATAGAAATCTAAG,0,356065
acrBp,0.07692307692307693,12,12,TAAAGCGTATTCTGATATTC,0,390511
acrBp,0.07692307692307693,12,12,GTTTCGTCGCTCCCCTCGAG,0,398010
acrBp,0.07692307692307693,12,12,GTTGCTAAAAAAGTCGGTTA,0,396884
acrBp,0.07692307692307693,12,12,GTTCGACACCAGGTATGGTA,0,370902
acrBp,0.07692307692307693,12,12,GTTACAGGGATCGATAAAAG,0,361606
acrBp,0.07692307692307693,12,12,GTTAAGCAACTTTTTCTTTG,0,360681
acrBp,0.07692307692307693,12,12,GTTAACAGCTAGTGAACAAT,0,372915
acrBp,0.07692307692307693,12,12,GTGTAACAGAAGATCGGTCA,0,356427
acrBp,0.07692307692307693,12,12,GTGGTTACCGTGCATTGTGA,0,355932
acrBp,0.07692307692307693,12,12,GTGGGGTGGTGGACCACGAA,0,364524
acrBp,0.07692307692307693,12,12,GTGGGGCGATCACATCTGAT,0,357542
acrBp,0.07692307692307693,12,12,GTGGCTGCGGCACCGTTGCT,0,389532
acrBp,0.07692307692307693,12,12,GTGCAGCACTTGTGATCGGA,0,392808
acrBp,0.07692307692307693,12,12,GTCTCGGGAGAAAGAATATG,0,406939
acrBp,0.07692307692307693,12,12,GTCTATCAGGCCTTTGATTA,0,382087
acrBp,0.07692307692307693,12,12,GTCTACAGCTGTTACGAGAC,0,405701
acrBp,0.07692307692307693,12,12,GTCGGGGGAGTAGTCAGAGA,0,367275
acrBp,0.07692307692307693,12,12,GTCGGCGCCTTACTTCTCCC,0,405246
acrBp,0.07692307692307693,12,12,GTCCATCCGGCTAGGTATTC,0,403596
acrBp,0.07692307692307693,12,12,GTCATGTTTCGGAAGTAAGG,0,375347
acrBp,0.07692307692307693,12,12,GTCAGTTGGCGCCGCTTGGG,0,368536
acrBp,0.07692307692307693,12,12,GTCAGAGGCTTTTTAAAGTA,0,382469
acrBp,0.07692307692307693,12,12,GTCAATTAAAGATCATCGAC,0,369646
acrBp,0.07692307692307693,12,12,GTAATGTTGTGTACTATATC,0,373192
acrBp,0.07692307692307693,12,12,GTAAGCACAGAAGTGATTAG,0,387769
acrBp,0.07692307692307693,12,12,GTAACTGCTTTTGTGTTCGA,0,375530
acrBp,0.07692307692307693,12,12,GTAAAGGTTTACCTTGAGTG,0,377383
acrBp,0.07692307692307693,12,12,GGTTCTACGCAGGATAGAAG,0,378923
acrBp,0.07692307692307693,12,12,GGTGTTGGTGAAACTCGAAC,0,402059
acrBp,0.07692307692307693,12,12,GGTGGTGTTCCCCCGTAAGC,0,375447
acrBp,0.07692307692307693,12,12,GGTCGGTGCAGCTACTAAAT,0,369445
acrBp,0.07692307692307693,12,12,GGTCCTGATTTTCTACATGC,0,373839
acrBp,0.07692307692307693,12,12,GGTCCACTGCAGATGTCCAT,0,371765
acrBp,0.07692307692307693,12,12,GGTACGGCGAGATGACCAAG,0,382476
acrBp,0.07692307692307693,12,12,GGTAATCAGTGTAGGATAGC,0,386700
acrBp,0.07692307692307693,12,12,GGGTTGTACAAGGGGCGACT,0,376136
acrBp,0.07692307692307693,12,12,GGGTGAAACTAACTCGTTAG,0,363638
acrBp,0.07692307692307693,12,12,GGGTCGTGTAGCGAACGACA,0,357460
acrBp,0.07692307692307693,12,12,GGGGTTCTAAGTCACATAAA,0,407225
acrBp,0.07692307692307693,12,12,GGGGGTAATGAGTCATCGGT,0,382704
acrBp,0.07692307692307693,12,12,GGGGGGTCATGAGCAAAAAA,0,406896
acrBp,0.07692307692307693,12,12,GGGGGGGGTACTCTAGGTCT,0,401376
acrBp,0.07692307692307693,12,12,GGGGGCGCCCTCTCGATACC,0,400423
acrBp,0.07692307692307693,12,12,GGGGACCCACCTGGCATGTC,0,406512
acrBp,0.07692307692307693,12,12,GGGCGACGAGCGTATATCGG,0,359849
acrBp,0.07692307692307693,12,12,GGGCCTATAAGTCGCATGCT,0,372770
acrBp,0.07692307692307693,12,12,GGGCCTAACTAACTATTTGG,0,388422
acrBp,0.07692307692307693,12,12,GGGCATAACCACTGCGGTTT,0,358754
acrBp,0.07692307692307693,12,12,GGGATGTTAGCGGGCTGTGG,0,379372
acrBp,0.07692307692307693,12,12,GGGATGAGCGAGCCCTGGTG,0,357644
acrBp,0.07692307692307693,12,12,GGGATATACCTGCATACTTT,0,392107
acrBp,0.07692307692307693,12,12,GGGAGAACAGTTGGGGCGTA,0,372229
acrBp,0.07692307692307693,12,12,GGCTCGCTGCCGAAGTTTCG,0,380529
acrBp,0.07692307692307693,12,12,GGCGTTTATATACACGGAAA,0,394070
acrBp,0.07692307692307693,12,12,GGCGGGATAAAGTCATTATC,0,395779
acrBp,0.07692307692307693,12,12,GGCGACAATCGAGGCATAAT,0,361762
acrBp,0.07692307692307693,12,12,GGCCGAAAGCTTAATTACGG,0,358820
acrBp,0.07692307692307693,12,12,GGCCATTTGAGGGCGGAGTT,0,386603
acrBp,0.07692307692307693,12,12,GGCAGAAGCTGAGGAGTGTC,0,392376
acrBp,0.07692307692307693,12,12,GGCACCCAGCGGATTGTCGG,0,394901
acrBp,0.07692307692307693,12,12,GGCAAGTATAAAGAGATGGC,0,370503
acrBp,0.07692307692307693,12,12,GGCAAGGAGTCGCCTTGGAT,0,405546
acrBp,0.07692307692307693,12,12,GGAGACTCAGATAAACGCAT,0,358239
acrBp,0.07692307692307693,12,12,GGACTAGGGTCGGATCTCAC,0,365827
acrBp,0.07692307692307693,12,12,GGAATCGGCCGAAATCAATC,0,401148
acrBp,0.07692307692307693,12,12,GGAAGCTACTAGGATCTGAC,0,376225
acrBp,0.07692307692307693,12,12,GGAAATGCGACACATCATGT,0,371551
acrBp,0.07692307692307693,12,12,GCTTTGGCGAGACGGATCAG,0,399659
acrBp,0.07692307692307693,12,12,GCTTTATCTATCCCATGTCA,0,390774
acrBp,0.07692307692307693,12,12,GCTTGTCATCGACTGTAGAT,0,369349
acrBp,0.07692307692307693,12,12,GCTTCCCCATGGGAGTTACT,0,406386
acrBp,0.07692307692307693,12,12,GCTTCCAATAGGAAAGAACT,0,387388
acrBp,0.07692307692307693,12,12,GCTTCCAAGCTTCTAATACC,0,383262
acrBp,0.07692307692307693,12,12,GCTTAGGAAATACCGTAGAG,0,381324
acrBp,0.07692307692307693,12,12,GCTCTTCGTACGGAGGGCAA,0,404627
acrBp,0.07692307692307693,12,12,GCTCGGTGGGGCACATGGTA,0,383956
acrBp,0.07692307692307693,12,12,GCTCCTGGCTTAGGACCGTT,0,384162
acrBp,0.07692307692307693,12,12,GCTATGTCTAGCTCCGGGGT,0,401187
acrBp,0.07692307692307693,12,12,GCGTTGCATGGTTTTAACGC,0,377002
acrBp,0.07692307692307693,12,12,GCGTTAGACTAGATGCGACA,0,404590
acrBp,0.07692307692307693,12,12,GCGTTAACTTCCAGTTCTTC,0,362839
acrBp,0.07692307692307693,12,12,GCGGTCGCCGGCGTCAAGTG,0,381074
acrBp,0.07692307692307693,12,12,GCGCTTGGTACACACACATT,0,365325
acrBp,0.07692307692307693,12,12,GCGCTCGACATACATCCTTT,0,384278
acrBp,0.07692307692307693,12,12,GCGCGGCATGCTACTATAAT,0,371448
acrBp,0.07692307692307693,12,12,GCGATGAATGCCTCTCTTAC,0,386786
acrBp,0.07692307692307693,12,12,GCCGTCAGCGCAGGTATGAG,0,391143
acrBp,0.07692307692307693,12,12,GCCCAGCGACTGGGCATACT,0,390207
acrBp,0.07692307692307693,12,12,GCCATTTGGTACGGAGTCTT,0,365187
acrBp,0.07692307692307693,12,12,GCATCGACTTGCCTCCTGGC,0,390076
acrBp,0.07692307692307693,12,12,GCATAACTTTTTAACTATTG,0,364900
acrBp,0.07692307692307693,12,12,GCAGGTCTTTGGCCAAGCCC,0,377720
acrBp,0.07692307692307693,12,12,GCAGACTGATACGCAGCCTT,0,405644
acrBp,0.07692307692307693,12,12,GCAATTATCTACTAAGTGCC,0,359921
acrBp,0.07692307692307693,12,12,GCAAATAGCGATCAGCGGGC,0,367761
acrBp,0.07692307692307693,12,12,GCAAACGGCTTTGGTCACTA,0,407380
acrBp,0.07692307692307693,12,12,GATTTACGCGCCACCTCCAA,0,389624
acrBp,0.07692307692307693,12,12,GATTTACACGTTGACCAACC,0,396048
acrBp,0.07692307692307693,12,12,GATGTAATACTATAAGAGGT,0,402617
acrBp,0.07692307692307693,12,12,GATGCAAGAGCAGGGGTCGG,0,388910
acrBp,0.07692307692307693,12,12,GATCCATCTGTACTCGAGGT,0,380847
acrBp,0.07692307692307693,12,12,GATATACATCGACTCATCGC,0,388455
acrBp,0.07692307692307693,12,12,GAGTGGAATCTCACTTTCTT,0,395794
acrBp,0.07692307692307693,12,12,GAGGGTCCAAAACCGGGGGG,0,387394
acrBp,0.07692307692307693,12,12,GAGGGGTCTGGCGCACACAC,0,375226
acrBp,0.07692307692307693,12,12,GAGGAGCCATTAAGAGCTCG,0,393708
acrBp,0.07692307692307693,12,12,GAGACATACCCTCTATAGAA,0,363784
acrBp,0.07692307692307693,12,12,GACGGGCTGGGACGCCACAC,0,405436
acrBp,0.07692307692307693,12,12,GACGCTTGTGGGCATTGTAT,0,385349
acrBp,0.07692307692307693,12,12,GACCTTCAATAGGTGCCGTA,0,373993
acrBp,0.07692307692307693,12,12,GACCGGCCATCTCTTTTTAG,0,383559
acrBp,0.07692307692307693,12,12,GACCCACGAAGGCTATGCTT,0,356714
acrBp,0.07692307692307693,12,12,GACCAGAGCGACTCGTTACT,0,366525
acrBp,0.07692307692307693,12,12,GACATTAGGGATGCTAGCAG,0,388825
acrBp,0.07692307692307693,12,12,GACACTTCGGTCACGGGTAC,0,361500
acrBp,0.07692307692307693,12,12,GAATGCGACCTGTCCAATGT,0,365988
acrBp,0.07692307692307693,12,12,GAATCAGGTGGTGTTATAGC,0,365373
acrBp,0.07692307692307693,12,12,GAAGGATCGGCGAGGGCAAC,0,364762
acrBp,0.07692307692307693,12,12,GAAGGAAGTTCGCATAGTAG,0,380028
acrBp,0.07692307692307693,12,12,GAAGCCTAGGGTAATTTTAT,0,359698
acrBp,0.07692307692307693,12,12,GAAGATGGTTTATGCGTAGG,0,372938
acrBp,0.07692307692307693,12,12,GAAGATCTGTCTGTTCTCGT,0,403475
acrBp,0.07692307692307693,12,12,GAAGAGACCCCGGGTTGCAA,0,369208
acrBp,0.07692307692307693,12,12,GAACGAATATTTCGTGGGCC,0,374865
acrBp,0.07692307692307693,12,12,CTTTAAGGACTTCGGACCAA,0,404780
acrBp,0.07692307692307693,12,12,CTTGTGTCACGGCCCCCCAA,0,385365
acrBp,0.07692307692307693,12,12,CTTCTAGACGTCGGCATAAT,0,400934
acrBp,0.07692307692307693,12,12,CTTCGATACTAGCCGCCGGG,0,379671
acrBp,0.07692307692307693,12,12,CTTATTCCTATTCTGTTGCC,0,358140
acrBp,0.07692307692307693,12,12,CTGTACGTAACTGGAACTGT,0,400752
acrBp,0.07692307692307693,12,12,CTGTAATCACGTGGCGGTCA,0,365484
acrBp,0.07692307692307693,12,12,CTGGAATTGTCGCATGTGCA,0,355367
acrBp,0.07692307692307693,12,12,CTGCTTATGGGGAACAAAAC,0,355933
acrBp,0.07692307692307693,12,12,CTGCGGACAAGATAAAAGTA,0,374531
acrBp,0.07692307692307693,12,12,CTGCGAAGCAGCGGAATCTC,0,371787
acrBp,0.07692307692307693,12,12,CTGCATTTTTGCTCTTACAC,0,374801
acrBp,0.07692307692307693,12,12,CTGATAATCGCTTGTAGTCC,0,397346
acrBp,0.07692307692307693,12,12,CTGAGATCCAATACTTAACT,0,380372
acrBp,0.07692307692307693,12,12,CTGACTATCACGAGCATATG,0,397310
acrBp,0.07692307692307693,12,12,CTGAAGAGTGGTGGCGGGAT,0,400323
acrBp,0.07692307692307693,12,12,CTCTTATTCGCGGTAGGATT,0,376168
acrBp,0.07692307692307693,12,12,CTCTGCTGGGATTGGATTCA,0,379994
acrBp,0.07692307692307693,12,12,CTCGTACGGAACCATATAAG,0,391222
acrBp,0.07692307692307693,12,12,CTCGGGGGGGATCTGCGCCT,0,367533
acrBp,0.07692307692307693,12,12,CTCCTTCGTGGGGGACGAGC,0,361366
acrBp,0.07692307692307693,12,12,CTCCTAAGATGGTGCTCATA,0,388306
acrBp,0.07692307692307693,12,12,CTCCGCTTACAATTCAGAGA,0,382382
acrBp,0.07692307692307693,12,12,CTCCCCCGGTGGATTTATGT,0,376830
acrBp,0.07692307692307693,12,12,CTCATCGTCTTCGCCAACAT,0,355878
acrBp,0.07692307692307693,12,12,CTATCGACGATGTCTAGGGT,0,401391
acrBp,0.07692307692307693,12,12,CTATATTCCTGAGAGCCGAT,0,377995
acrBp,0.07692307692307693,12,12,CTAGAGTATGTGTATTATCG,0,396076
acrBp,0.07692307692307693,12,12,CTAATGTTGGATCCATCGAC,0,370231
acrBp,0.07692307692307693,12,12,CTAATACTCCTTTCCCTGTG,0,382598
acrBp,0.07692307692307693,12,12,CGTTTGGTAGCAACCTCTGC,0,381182
acrBp,0.07692307692307693,12,12,CGTGCACGGCGCAGGCACTG,0,371841
acrBp,0.07692307692307693,12,12,CGTGATGCATAAACCCGACT,0,373492
acrBp,0.07692307692307693,12,12,CGTCTTCTTTCAGACACGCG,0,399928
acrBp,0.07692307692307693,12,12,CGTCTCCGAGGTCACTACAC,0,400232
acrBp,0.07692307692307693,12,12,CGTACTTAAATAGCATTCAA,0,367595
acrBp,0.07692307692307693,12,12,CGGTGGAGATCCGTGGAAGG,0,405743
acrBp,0.07692307692307693,12,12,CGGTGCAAATGTTTGAACCT,0,375272
acrBp,0.07692307692307693,12,12,CGGTAGCAAAAGGGGAATAC,0,360888
acrBp,0.07692307692307693,12,12,CGGGGTTGCGCTACAATATG,0,358503
acrBp,0.07692307692307693,12,12,CGGCCAGCGGAACGTGTACT,0,388088
acrBp,0.07692307692307693,12,12,CGGATTAGATGGTTAAATCC,0,373713
acrBp,0.07692307692307693,12,12,CGGACTTGATGCCTAGTAAC,0,406343
acrBp,0.07692307692307693,12,12,CGCTTTCTGAGGCCACACTC,0,366766
acrBp,0.07692307692307693,12,12,CGCTTTCAACGTGGACGAGA,0,362495
acrBp,0.07692307692307693,12,12,CGCTGTGATGTCCTTAATGG,0,377353
acrBp,0.07692307692307693,12,12,CGCTGCCTACTAGCCTTGAA,0,396580
acrBp,0.07692307692307693,12,12,CGCTATGCACCGAAGGTAAC,0,372040
acrBp,0.07692307692307693,12,12,CGCTACGCTCCCGCTTCGAT,0,397237
acrBp,0.07692307692307693,12,12,CGCGAGACAAAAGCCTTACG,0,402070
acrBp,0.07692307692307693,12,12,CGCCGCAGTTGGCTTTCTCT,0,398104
acrBp,0.07692307692307693,12,12,CGCATGCGATGGTAGCTACT,0,382501
acrBp,0.07692307692307693,12,12,CGCATGCACAGCGCCGAAGG,0,361997
acrBp,0.07692307692307693,12,12,CGATTTGGTTTACTGTACTC,0,366308
acrBp,0.07692307692307693,12,12,CGATCTGCGAGACGGTTTTG,0,375027
acrBp,0.07692307692307693,12,12,CGACGTCAACCTGGAAGCAA,0,369875
acrBp,0.07692307692307693,12,12,CCTGAGTCATAGCGCAGTGT,0,373007
acrBp,0.07692307692307693,12,12,CCTCTTCGCACGACGTGTTC,0,368363
acrBp,0.07692307692307693,12,12,CCTCTCCGCGCCTAATTATA,0,399752
acrBp,0.07692307692307693,12,12,CCTACGTCTGCGTGTGTTCT,0,389304
acrBp,0.07692307692307693,12,12,CCTACCAACCGTCCCTGTAC,0,385005
acrBp,0.07692307692307693,12,12,CCGTTAAATTACCCCGCTGA,0,376140
acrBp,0.07692307692307693,12,12,CCGTGGTGGGGGGGTGCCTC,0,397681
acrBp,0.07692307692307693,12,12,CCGTAGTGGTTCGCGTAGAG,0,356435
acrBp,0.07692307692307693,12,12,CCGGGGGCGCATCTGAGGTA,0,362301
acrBp,0.07692307692307693,12,12,CCGGACGCCTCGTAGGTTAC,0,373844
acrBp,0.07692307692307693,12,12,CCGCCAAGGCACCCGGCAGT,0,360342
acrBp,0.07692307692307693,12,12,CCGATCATACTTTCACAGTC,0,400791
acrBp,0.07692307692307693,12,12,CCGACACAGCAAGGTAGACC,0,374605
acrBp,0.07692307692307693,12,12,CCGAACTGGCTAATCGTTAA,0,373612
acrBp,0.07692307692307693,12,12,CCGAACTGGCGCTAATGCCT,0,355557
acrBp,0.07692307692307693,12,12,CCCTGTCCGTGACGCCAAAG,0,391715
acrBp,0.07692307692307693,12,12,CCCGCCTATGCTCCTTTTAG,0,400330
acrBp,0.07692307692307693,12,12,CCCGACGCACGGCCGTTCCG,0,365288
acrBp,0.07692307692307693,12,12,CCCCGCACCAGGGGGAGTAT,0,370769
acrBp,0.07692307692307693,12,12,CCCAAAAGCGCCCCTCGGAA,0,382432
acrBp,0.07692307692307693,12,12,CCATGCCTAGCTGGGAGTCA,0,376971
acrBp,0.07692307692307693,12,12,CCATCCGGCCTAAGACAACT,0,373756
acrBp,0.07692307692307693,12,12,CCATCCATAGGACAATTGAG,0,374391
acrBp,0.07692307692307693,12,12,CCAGACGATACGATCTCTGA,0,369438
acrBp,0.07692307692307693,12,12,CCAGAATTACTGGCCTTAAG,0,384880
acrBp,0.07692307692307693,12,12,CCACTGCATTACCTGCGGGG,0,366740
acrBp,0.07692307692307693,12,12,CCACGTATCACGGGGCCGAT,0,377387
acrBp,0.07692307692307693,12,12,CCACCGTAGAAAGTAAGTGG,0,407013
acrBp,0.07692307692307693,12,12,CCACAACGTAAGTATCGTTT,0,390530
acrBp,0.07692307692307693,12,12,CCAATTCTAGTTTACGGACG,0,389855
acrBp,0.07692307692307693,12,12,CCAATGTAGCGCATCGCCAA,0,395331
acrBp,0.07692307692307693,12,12,CCAAGATTCTTGCCTGTCAG,0,402099
acrBp,0.07692307692307693,12,12,CCAACTACAACTTGCTAGTA,0,398722
acrBp,0.07692307692307693,12,12,CATTGTGTCTTTACGCTCCC,0,393892
acrBp,0.07692307692307693,12,12,CATGTCTGCACGGCCAAACC,0,403319
acrBp,0.07692307692307693,12,12,CATGGTTGATCCGTCCCTCT,0,383699
acrBp,0.07692307692307693,12,12,CATGCTTAAACCAGGTCTGA,0,361010
acrBp,0.07692307692307693,12,12,CATGCCCTAGCGCTCAAAGA,0,378131
acrBp,0.07692307692307693,12,12,CATCCCCCACCATCGGAATG,0,362201
acrBp,0.07692307692307693,12,12,CATCCAGAGTTACATGGTAG,0,399395
acrBp,0.07692307692307693,12,12,CATCACAAAAGGCGTCTTCT,0,375565
acrBp,0.07692307692307693,12,12,CATATACACAGACACAATTT,0,392713
acrBp,0.07692307692307693,12,12,CAGGTGGTCCGTTTTTTATT,0,394976
acrBp,0.07692307692307693,12,12,CAGGGGGGGCTTCTACCAGG,0,368030
acrBp,0.07692307692307693,12,12,CAGCCGTGTAGTCACTTTAG,0,387901
acrBp,0.07692307692307693,12,12,CAGCCGGACTTTTCATGAAC,0,387947
acrBp,0.07692307692307693,12,12,CAGAGGACGTTAACCGCATC,0,372499
acrBp,0.07692307692307693,12,12,CAGAGGAACCATCCGGACAA,0,377921
acrBp,0.07692307692307693,12,12,CACTTGAATCACGAGGTCGC,0,397002
acrBp,0.07692307692307693,12,12,CACTTAAAGTCACGCTTTTT,0,403841
acrBp,0.07692307692307693,12,12,CACTGTAGTCTTCGACGAAC,0,406084
acrBp,0.07692307692307693,12,12,CACTGAACCCTCGCAATGTG,0,385975
acrBp,0.07692307692307693,12,12,CACGGCAAGTAGTCATTGGT,0,371012
acrBp,0.07692307692307693,12,12,CACCCGAACGGAATTAAATG,0,365990
acrBp,0.07692307692307693,12,12,CACAGTCCACAGAATCCGAC,0,388236
acrBp,0.07692307692307693,12,12,CACACTGTCGTCTCTTATCT,0,365556
acrBp,0.07692307692307693,12,12,CAATTGAAATACCCGCACCT,0,390365
acrBp,0.07692307692307693,12,12,CAATGGGCATCCGAAATTCG,0,355328
acrBp,0.07692307692307693,12,12,CAATATATAGGGCAATCTAT,0,370446
acrBp,0.07692307692307693,12,12,CAATAAGGGAACTGCAATGT,0,381070
acrBp,0.07692307692307693,12,12,CAAGTTCATATTACAGGATG,0,367404
acrBp,0.07692307692307693,12,12,CAAGGCAACTGCGTTGCATG,0,392597
acrBp,0.07692307692307693,12,12,CAAGCTTTATCGGGCTTGAC,0,399150
acrBp,0.07692307692307693,12,12,CAAGCTGAAGTGAATCATTC,0,362535
acrBp,0.07692307692307693,12,12,CAACTATATGAAATTGTGTA,0,359230
acrBp,0.07692307692307693,12,12,CAACAGGTAGATGGCGGGAT,0,390386
acrBp,0.07692307692307693,12,12,CAACACACGTGAGCAACATA,0,406917
acrBp,0.07692307692307693,12,12,CAAAGGTAGCTGCTACGTTC,0,364392
acrBp,0.07692307692307693,12,12,CAAAAGGTCTCGGGATTCTG,0,384414
acrBp,0.07692307692307693,12,12,ATTTCCCGTCAGTCGTCATA,0,376573
acrBp,0.07692307692307693,12,12,ATTGCAGGCAGCCCGCTAGA,0,403255
acrBp,0.07692307692307693,12,12,ATTGACGTTTGGGGGGAGGT,0,370376
acrBp,0.07692307692307693,12,12,ATTGACGATTAGCCTTAAAA,0,405133
acrBp,0.07692307692307693,12,12,ATTGAATCCGGCTACCCGGG,0,381965
acrBp,0.07692307692307693,12,12,ATTCGGAGTACTCAGATGGC,0,380246
acrBp,0.07692307692307693,12,12,ATTCGAGAACGTGGCCAAGC,0,395221
acrBp,0.07692307692307693,12,12,ATTATTCCCGACTGTGTGGC,0,376892
acrBp,0.07692307692307693,12,12,ATTAGTACGGTAAGCCGCGG,0,392210
acrBp,0.07692307692307693,12,12,ATTAGACTAACGTCAAGAGG,0,359394
acrBp,0.07692307692307693,12,12,ATTAACATATGTACGACTGA,0,395926
acrBp,0.07692307692307693,12,12,ATGTGTGACGGTGGGCAAAG,0,361903
acrBp,0.07692307692307693,12,12,ATGTGAATTCGGACTGTTAG,0,373018
acrBp,0.07692307692307693,12,12,ATGGTGTCGGATGGGCCATT,0,401318
acrBp,0.07692307692307693,12,12,ATGATTAATGGCATAACGGG,0,400368
acrBp,0.07692307692307693,12,12,ATCTGGGCCTCTATCATCAC,0,397620
acrBp,0.07692307692307693,12,12,ATCGGGTCCCAGCCGATTCA,0,369767
acrBp,0.07692307692307693,12,12,ATCCGCTTTTTGGGTGAGCT,0,379715
acrBp,0.07692307692307693,12,12,ATCCGATAGCGTAAGCGAAC,0,367436
acrBp,0.07692307692307693,12,12,ATCCCGTAACAATGCCCAGT,0,361647
acrBp,0.07692307692307693,12,12,ATCCCCTCGAATGTATACGA,0,375286
acrBp,0.07692307692307693,12,12,ATCATACCAACAACATGGCT,0,373651
acrBp,0.07692307692307693,12,12,ATCAGGCAGCCGTATACTGT,0,375865
acrBp,0.07692307692307693,12,12,ATATTATGGTCTCGCTTGGT,0,372404
acrBp,0.07692307692307693,12,12,ATACTGACCTTACAGTCGGA,0,377058
acrBp,0.07692307692307693,12,12,ATACGGGGGAATCTGACTTG,0,385276
acrBp,0.07692307692307693,12,12,ATACGATGCGGACAGGCTCG,0,382785
acrBp,0.07692307692307693,12,12,AGTGTGGCGTAGCGTGCGTC,0,371757
acrBp,0.07692307692307693,12,12,AGTGTGAAAACGTTCTGGAC,0,377492
acrBp,0.07692307692307693,12,12,AGTGTCCGCCACGACCGACT,0,401027
acrBp,0.07692307692307693,12,12,AGTGGGAATCGTATACTTTT,0,364220
acrBp,0.07692307692307693,12,12,AGTGGACTACCGACACATTA,0,363694
acrBp,0.07692307692307693,12,12,AGTGCGAATTAGAATTGTCC,0,392010
acrBp,0.07692307692307693,12,12,AGTATGGGTCCCCTAATACG,0,392809
acrBp,0.07692307692307693,12,12,AGGTTGTGGACCGCATCGGA,0,388154
acrBp,0.07692307692307693,12,12,AGGTGCGGGCGTCTCGATCC,0,401691
acrBp,0.07692307692307693,12,12,AGGTCGGGTCTTGCAGTGAA,0,362723
acrBp,0.07692307692307693,12,12,AGGTCACCCAAATCCTGGCT,0,383176
acrBp,0.07692307692307693,12,12,AGGTAGCCGTAGATTCCAGG,0,367088
acrBp,0.07692307692307693,12,12,AGGGTTTAGCCGTCGTCCGA,0,385115
acrBp,0.07692307692307693,12,12,AGGGTAAATGGATCTGAGAA,0,362434
acrBp,0.07692307692307693,12,12,AGGGCGGTCGAGCGCGAGGA,0,356352
acrBp,0.07692307692307693,12,12,AGGCGAAATAGGCTATAGTA,0,367732
acrBp,0.07692307692307693,12,12,AGGATCTTATTGTGACGAAC,0,397747
acrBp,0.07692307692307693,12,12,AGGATCGTGAAAAGCCCCAA,0,365871
acrBp,0.07692307692307693,12,12,AGGAACACTACATTCTACAA,0,362784
acrBp,0.07692307692307693,12,12,AGCTTAACTGGGACCGCCCA,0,404246
acrBp,0.07692307692307693,12,12,AGCTGTACACTCTGCTGACC,0,384094
acrBp,0.07692307692307693,12,12,AGCTACACGTCGCATCGTCA,0,405702
acrBp,0.07692307692307693,12,12,AGCGGTATCGGGGAATAGAT,0,368896
acrBp,0.07692307692307693,12,12,AGCCGGGATTCATCACGGCA,0,385630
acrBp,0.07692307692307693,12,12,AGCAGCTAATGTGGTAATAC,0,378225
acrBp,0.07692307692307693,12,12,AGCACAGACTCCCCCTATAT,0,403646
acrBp,0.07692307692307693,12,12,AGATGCCGTCGCACGCCCCC,0,371549
acrBp,0.07692307692307693,12,12,AGAGTTTCATCCCAAGTGTA,0,385886
acrBp,0.07692307692307693,12,12,AGAGCAGTTATGGCTTGTGA,0,382195
acrBp,0.07692307692307693,12,12,AGACAAGGCGAACGTGGAAC,0,361864
acrBp,0.07692307692307693,12,12,AGACAAATGTGAAGCTTCAC,0,383297
acrBp,0.07692307692307693,12,12,AGAAGAACATCTGGGTCGTA,0,391694
acrBp,0.07692307692307693,12,12,ACTTTGCACGCCGATTCTCG,0,369152
acrBp,0.07692307692307693,12,12,ACTTTGAAATATATAGAAGG,0,373519
acrBp,0.07692307692307693,12,12,ACTTTATACGGTTTGAGTAA,0,357894
acrBp,0.07692307692307693,12,12,ACTTGTGGTAAAGGAGCCAC,0,390066
acrBp,0.07692307692307693,12,12,ACTCTCATTTGAAAGCCACT,0,393034
acrBp,0.07692307692307693,12,12,ACTACGAATCAGAGTTCAAT,0,383255
acrBp,0.07692307692307693,12,12,ACGGGGTCCTACTTGGGACC,0,362233
acrBp,0.07692307692307693,12,12,ACGGATCGGGACCCTTAGTT,0,358271
acrBp,0.07692307692307693,12,12,ACGCGCATTTTCTGCCTAAC,0,385805
acrBp,0.07692307692307693,12,12,ACGCCTGCTGAGGTCAGACA,0,359521
acrBp,0.07692307692307693,12,12,ACGAGCATATAGGATTCTAA,0,364425
acrBp,0.07692307692307693,12,12,ACGAAACTTGGGGTAGACTG,0,397383
acrBp,0.07692307692307693,12,12,ACCTTTCAATGTGACCGTGA,0,362474
acrBp,0.07692307692307693,12,12,ACCGGCCACTTGAATTTCTC,0,398534
acrBp,0.07692307692307693,12,12,ACCGCAACGTCGGACGACGG,0,399063
acrBp,0.07692307692307693,12,12,ACAGGTTAACCGTCACTGAA,0,376659
acrBp,0.07692307692307693,12,12,ACAGCTTTGAACGGCGGCTA,0,398263
acrBp,0.07692307692307693,12,12,ACAGCGACTCGAGTCCGCAA,0,379877
acrBp,0.07692307692307693,12,12,ACACGGTGTAGTGATTAAAA,0,377822
acrBp,0.07692307692307693,12,12,ACACGGCTCCCGGCGGTACA,0,400863
acrBp,0.07692307692307693,12,12,ACACCGTTTTCACTCTCTTC,0,406295
acrBp,0.07692307692307693,12,12,ACACAAAATTCGGAGCTACA,0,394780
acrBp,0.07692307692307693,12,12,ACAAGCTCACAATCGTTTGG,0,395180
acrBp,0.07692307692307693,12,12,ACAAAACACGCGCGCGCCTC,0,366670
acrBp,0.07692307692307693,12,12,AATTGAACTTTTGGGACGCC,0,383552
acrBp,0.07692307692307693,12,12,AATTAACCCGTTGCGTGCTT,0,386273
acrBp,0.07692307692307693,12,12,AATATAATGGAAGTAAGGGA,0,371927
acrBp,0.07692307692307693,12,12,AATAGATCACCCACGTAATT,0,370478
acrBp,0.07692307692307693,12,12,AAGTTCCATTCTTTCTTATC,0,388084
acrBp,0.07692307692307693,12,12,AAGGAAATTCAAGAGACAAC,0,363723
acrBp,0.07692307692307693,12,12,AAGCTTGACCGTCGGGTCTA,0,358710
acrBp,0.07692307692307693,12,12,AAGCTCGTCTAACGACTACG,0,382360
acrBp,0.07692307692307693,12,12,AAGCCGGATCAATTGAGTTG,0,382399
acrBp,0.07692307692307693,12,12,AAGCATTTAAGAGTGATTAT,0,385659
acrBp,0.07692307692307693,12,12,AAGATTATAAGTACGAAACG,0,402473
acrBp,0.07692307692307693,12,12,AAGAGCACCGACAAAAAGTC,0,406059
acrBp,0.07692307692307693,12,12,AAGAATGGCGTGAACGCCAC,0,375529
acrBp,0.07692307692307693,12,12,AAGAACTTGTTCTCCGGGCT,0,391027
acrBp,0.07692307692307693,12,12,AACGGCGGACGTCCACTCAC,0,369242
acrBp,0.07692307692307693,12,12,AACGAGGTCCACTTTCGGTA,0,408350
acrBp,0.07692307692307693,12,12,AACATTTCACTCAACAACAA,0,365819
acrBp,0.07692307692307693,12,12,AAATTCTCATGCAATGACGG,0,371178
acrBp,0.07692307692307693,12,12,AAATTCGCATTTAGTTTTTA,0,381661
acrBp,0.07692307692307693,12,12,AAATGGTCCCGTTGCCTAGG,0,378632
acrBp,0.07692307692307693,12,12,AAAGTCGGGCTCCGATGGAA,0,400940
acrBp,0.07692307692307693,12,12,AAAGCCGGGTTCACAGCGCA,0,363141
acrBp,0.07692307692307693,12,12,AAACGAATGAGACTAAAGTG,0,401409
acrBp,0.07692307692307693,12,12,AAAACGTCTTGAGACAGGCT,0,361884
acrBp,0.08333333333333333,11,11,TTTTGCTGTGCGATTTGGAG,0,363336
acrBp,0.08333333333333333,11,11,TTTGTCCTGGTCAGAGGCCA,0,378384
acrBp,0.08333333333333333,11,11,TTTGTAATTGTAAATTTAAT,0,381808
acrBp,0.08333333333333333,11,11,TTTGGTTGGTTCGCCTGGCT,0,388836
acrBp,0.08333333333333333,11,11,TTTGGGGAGCCTCTGAGACT,0,393248
acrBp,0.08333333333333333,11,11,TTTGGGACTACAGTTTTAGC,0,388224
acrBp,0.08333333333333333,11,11,TTTCTCGTAAGGTTATGTCA,0,384684
acrBp,0.08333333333333333,11,11,TTTCTATTATCATGGGTTGA,0,398958
acrBp,0.08333333333333333,11,11,TTTCAAGGACTCGGGTGAGG,0,379766
acrBp,0.08333333333333333,11,11,TTTAAGTCGGTCGAGCATTA,0,391154
acrBp,0.08333333333333333,11,11,TTTAACTGAGTCATTAATCG,0,397714
acrBp,0.08333333333333333,11,11,TTGTTAGTTTTAGGTTCGTG,0,373228
acrBp,0.08333333333333333,11,11,TTGTCATCTTTGTTCCGAAT,0,407346
acrBp,0.08333333333333333,11,11,TTGTAGTTAGACTTTAATAA,0,366878
acrBp,0.08333333333333333,11,11,TTGTACTACGTATGTGGTCT,0,400871
acrBp,0.08333333333333333,11,11,TTGGTTATCTTGTTTGCTGT,0,373326
acrBp,0.08333333333333333,11,11,TTGCTAGGCCACTTTCAGGG,0,356569
acrBp,0.08333333333333333,11,11,TTGCATGCAGACCTTAACGA,0,379936
acrBp,0.08333333333333333,11,11,TTGAGTAAGGGACATAGGCC,0,392532
acrBp,0.08333333333333333,11,11,TTCTTTGTACCCAGGTAGCA,0,372629
acrBp,0.08333333333333333,11,11,TTCTTCCGACTGTGGCCCCG,0,367772
acrBp,0.08333333333333333,11,11,TTCTTAGTGAGCACCGAGAG,0,405394
acrBp,0.08333333333333333,11,11,TTCGTTTGACGCTATGTGCC,0,394390
acrBp,0.08333333333333333,11,11,TTCGTGTAACTGCGGTTGAT,0,374858
acrBp,0.08333333333333333,11,11,TTCGACAGGTTAGCAATATA,0,377317
acrBp,0.08333333333333333,11,11,TTCGAAGTGCGGATTACTCG,0,367760
acrBp,0.08333333333333333,11,11,TTCCGAGCAGCTTCAGTCGC,0,393544
acrBp,0.08333333333333333,11,11,TTCCCGCCAATGCTGGTCTT,0,404499
acrBp,0.08333333333333333,11,11,TTCAACCCCTAAGCAGTGGG,0,355986
acrBp,0.08333333333333333,11,11,TTATTATTTAATGCCTGTCG,0,375479
acrBp,0.08333333333333333,11,11,TTATGGCGTAAGCCGGCCGT,0,402741
acrBp,0.08333333333333333,11,11,TTATCTGGCGCCATCGGGAG,0,395384
acrBp,0.08333333333333333,11,11,TTATCGTAGCATTATCGTTT,0,400271
acrBp,0.08333333333333333,11,11,TTAGCGCACAGGGGCCGATG,0,402682
acrBp,0.08333333333333333,11,11,TTAGCCAGCACACGGTTTAA,0,369725
acrBp,0.08333333333333333,11,11,TTACGGCTGGTGCTTATAAA,0,383250
acrBp,0.08333333333333333,11,11,TTAAGTCCCCATCCGGATCC,0,400384
acrBp,0.08333333333333333,11,11,TGTTGCTACACGCAGCTGGT,0,406052
acrBp,0.08333333333333333,11,11,TGTTCGCTTTCAAAGATCCT,0,395599
acrBp,0.08333333333333333,11,11,TGTTCGCTCTCAACATCGGT,0,372761
acrBp,0.08333333333333333,11,11,TGTCGTGGCGATGGAGATTT,0,381769
acrBp,0.08333333333333333,11,11,TGTACAAGAGCTCTGGGGCG,0,379039
acrBp,0.08333333333333333,11,11,TGGTGGGCGCATAAGCTGAA,0,357750
acrBp,0.08333333333333333,11,11,TGGTCTCAGTCTTTTATGCT,0,376403
acrBp,0.08333333333333333,11,11,TGGCGTCAGCTTATGCAGTT,0,355963
acrBp,0.08333333333333333,11,11,TGGCCGGAGTTCATGGAGCA,0,396900
acrBp,0.08333333333333333,11,11,TGGACATGGCTAATTGGATG,0,379499
acrBp,0.08333333333333333,11,11,TGGAATTAATACCTTATAGG,0,393118
acrBp,0.08333333333333333,11,11,TGCTGTTGATCTTAGTGGTC,0,393122
acrBp,0.08333333333333333,11,11,TGCTCAATAAGGTAGCGGGT,0,369444
acrBp,0.08333333333333333,11,11,TGCAAATTAAGGGGGGGCAA,0,362969
acrBp,0.08333333333333333,11,11,TGATAGCTGTGTGAAAAGTC,0,358218
acrBp,0.08333333333333333,11,11,TGAGTGTCAACGACTTGGCT,0,406408
acrBp,0.08333333333333333,11,11,TGACTGCACCAAATATTCGT,0,378615
acrBp,0.08333333333333333,11,11,TGACCTCAGTCCAAGTGGCT,0,391884
acrBp,0.08333333333333333,11,11,TGACAGTTTTGATGTCCCAG,0,363332
acrBp,0.08333333333333333,11,11,TGACAGGACTCTACGGCGGA,0,395973
acrBp,0.08333333333333333,11,11,TGACACCGTGTGAGTCAGCT,0,404093
acrBp,0.08333333333333333,11,11,TGAAGTCAGCACGCGGCCTT,0,367146
acrBp,0.08333333333333333,11,11,TGAAGCCAGTAACAGGGCAG,0,398757
acrBp,0.08333333333333333,11,11,TGAAGAAAAGCAAAGTCCAT,0,385888
acrBp,0.08333333333333333,11,11,TGAACTAATGGCGCAGCGGT,0,372514
acrBp,0.08333333333333333,11,11,TGAACAAAACAACGGCACCC,0,365123
acrBp,0.08333333333333333,11,11,TCTTTATCGATCTGGTGCAG,0,366584
acrBp,0.08333333333333333,11,11,TCTGTAAGCAGCTTAGAGGA,0,372188
acrBp,0.08333333333333333,11,11,TCTGGCGAGAAACGCTCGCA,0,395655
acrBp,0.08333333333333333,11,11,TCTCTGCTCGAAGAAGATGT,0,378827
acrBp,0.08333333333333333,11,11,TCTCTACAAAAGACAATCAC,0,400060
acrBp,0.08333333333333333,11,11,TCTACCCCAGGCAAGGGCAG,0,372385
acrBp,0.08333333333333333,11,11,TCGTATGCATGCCGGCGCGT,0,359490
acrBp,0.08333333333333333,11,11,TCGGTATTAGCATTCGGCGC,0,360509
acrBp,0.08333333333333333,11,11,TCGGTATGGAGCCGCAGGCA,0,389639
acrBp,0.08333333333333333,11,11,TCGGCTATAGAAACGCTATA,0,399448
acrBp,0.08333333333333333,11,11,TCGCTTTAGTTATAGGCCAT,0,384284
acrBp,0.08333333333333333,11,11,TCGCTTACCTATCATACTTA,0,398683
acrBp,0.08333333333333333,11,11,TCGCTGGAAGCGCTCATGAA,0,400868
acrBp,0.08333333333333333,11,11,TCGCGGCATTAGGCTTCTGT,0,387250
acrBp,0.08333333333333333,11,11,TCGCGAGTCTCCTGCATTGC,0,373113
acrBp,0.08333333333333333,11,11,TCGCCTGGGCTCAAGCCATT,0,397796
acrBp,0.08333333333333333,11,11,TCGCCAGGGTCCGAGTTGAA,0,395271
acrBp,0.08333333333333333,11,11,TCGCACGCCGTGCGATATAG,0,355849
acrBp,0.08333333333333333,11,11,TCGAATCCATGAGGTCGGTT,0,366159
acrBp,0.08333333333333333,11,11,TCGAACTCGATTAAACTTCA,0,381390
acrBp,0.08333333333333333,11,11,TCCGATCCAACATAGCGTCC,0,359310
acrBp,0.08333333333333333,11,11,TCCCTAGTTCGGCGACGGCT,0,380902
acrBp,0.08333333333333333,11,11,TCCAGATTGACATAGGATCA,0,395456
acrBp,0.08333333333333333,11,11,TCCACTGGTACTGACATATT,0,377717
acrBp,0.08333333333333333,11,11,TCCACAGTAATCGGCGCAAC,0,361396
acrBp,0.08333333333333333,11,11,TCCAACGAGCAATAGCCATT,0,363009
acrBp,0.08333333333333333,11,11,TCCAAAGCTCGGTAGGGGAT,0,357101
acrBp,0.08333333333333333,11,11,TCATTCCGGATATATTGGAG,0,358910
acrBp,0.08333333333333333,11,11,TCATCCCTACCGTGTGTTAG,0,391440
acrBp,0.08333333333333333,11,11,TCAGCAATGACCTGATTAAC,0,366102
acrBp,0.08333333333333333,11,11,TCACGTTGAGTTGAGCTTTC,0,382328
acrBp,0.08333333333333333,11,11,TCAATTGCGTCGATTCTCCT,0,363995
acrBp,0.08333333333333333,11,11,TCAACGTTTGGGACTGGGGG,0,401257
acrBp,0.08333333333333333,11,11,TATTAGCTCAGCATTAAACT,0,400091
acrBp,0.08333333333333333,11,11,TATGTGCTACAGTATTAATC,0,408181
acrBp,0.08333333333333333,11,11,TATGGGGTCGAAATGCCTAG,0,378824
acrBp,0.08333333333333333,11,11,TATAATAAATTAGCTGGGCT,0,384322
acrBp,0.08333333333333333,11,11,TAGGGGAGCTCTTCACTTCG,0,359634
acrBp,0.08333333333333333,11,11,TAGCCTGTCAACTCTCGAAT,0,377352
acrBp,0.08333333333333333,11,11,TAGCAGACTGCTGTAGAACA,0,378624
acrBp,0.08333333333333333,11,11,TAGCAAAATTGTTGGAATAG,0,366775
acrBp,0.08333333333333333,11,11,TAGATCTTGATTATGATTCT,0,372695
acrBp,0.08333333333333333,11,11,TAGAGTGCACAGGCGCGGCG,0,365313
acrBp,0.08333333333333333,11,11,TAGACGTGCAGTTGACCTTA,0,384273
acrBp,0.08333333333333333,11,11,TACTGGCTGTATTAGCGGGT,0,401341
acrBp,0.08333333333333333,11,11,TACTAGAGTGACTCCCCTAC,0,387444
acrBp,0.08333333333333333,11,11,TACTACTGAAGTGAGGTTAA,0,355427
acrBp,0.08333333333333333,11,11,TACCGAGATCCTATCGGGGG,0,407193
acrBp,0.08333333333333333,11,11,TACAGGCATGCACGTCCAGC,0,387673
acrBp,0.08333333333333333,11,11,TACAACGGGAGTCGCTGCTA,0,364152
acrBp,0.08333333333333333,11,11,TACAACCACGGTGCGGTTAG,0,405408
acrBp,0.08333333333333333,11,11,TAATTTGGTTGGCACTGTAA,0,402993
acrBp,0.08333333333333333,11,11,TAATGGTCATAGCACGTTCA,0,376775
acrBp,0.08333333333333333,11,11,TAATGCGCGTCAGCTGCGCC,0,393849
acrBp,0.08333333333333333,11,11,TAATGCACGGAATAGTACTA,0,377758
acrBp,0.08333333333333333,11,11,TAATGACGTATTGACAAACA,0,394004
acrBp,0.08333333333333333,11,11,TAATCCCAAGAATCCAGGGA,0,361280
acrBp,0.08333333333333333,11,11,TAATAACTTCTTAGCTGGTC,0,358614
acrBp,0.08333333333333333,11,11,TAACCAATCCATCAAGAGCC,0,378217
acrBp,0.08333333333333333,11,11,TAAATCAGTGTAGTTTCGAT,0,366765
acrBp,0.08333333333333333,11,11,TAAAGGTTGGGATAAGCGCG,0,385285
acrBp,0.08333333333333333,11,11,TAAAAACACGCCGAGTTGCT,0,405672
acrBp,0.08333333333333333,11,11,TAAAAAACACAAGACAAGTA,0,364275
acrBp,0.08333333333333333,11,11,GTTTCCTGCCAGCGAAGGCT,0,370194
acrBp,0.08333333333333333,11,11,GTTTAGCGAACGAGGATTAG,0,394034
acrBp,0.08333333333333333,11,11,GTTGGTGGTCCGCCGGGGAT,0,398962
acrBp,0.08333333333333333,11,11,GTTGGGTGCTGCCACCTTGT,0,387509
acrBp,0.08333333333333333,11,11,GTTCTAACCTAGGGATGGTG,0,381730
acrBp,0.08333333333333333,11,11,GTTCGTACGGTGTGGTCGTA,0,363923
acrBp,0.08333333333333333,11,11,GTTCGGTATCAGAGTTATGT,0,376240
acrBp,0.08333333333333333,11,11,GTTCGGGGATCAGGTTTTCG,0,384214
acrBp,0.08333333333333333,11,11,GTTCGGAAGGTAAACTGTAG,0,400613
acrBp,0.08333333333333333,11,11,GTTATCTCATGACGGCCTTT,0,399815
acrBp,0.08333333333333333,11,11,GTTAGCGGCCGGCCAATCTT,0,398636
acrBp,0.08333333333333333,11,11,GTGGTTAAATGTCCTTCTTG,0,379663
acrBp,0.08333333333333333,11,11,GTGGCGGGTTGCATAGTCAG,0,399812
acrBp,0.08333333333333333,11,11,GTGGACTATTAACAAGGGAT,0,381597
acrBp,0.08333333333333333,11,11,GTGCGCTGGTCAGTTCATTT,0,355124
acrBp,0.08333333333333333,11,11,GTGAGCAGTCAAGGTGCGAT,0,389642
acrBp,0.08333333333333333,11,11,GTGAGACCCTATTAAATCCG,0,368192
acrBp,0.08333333333333333,11,11,GTCTACCGGGCGAGGGATGT,0,402869
acrBp,0.08333333333333333,11,11,GTCGTGACGCGTTCGTTCAA,0,362854
acrBp,0.08333333333333333,11,11,GTCGAAGCCATTAAGGTGAG,0,389414
acrBp,0.08333333333333333,11,11,GTCAGCGGCGGTATTGTCTG,0,390232
acrBp,0.08333333333333333,11,11,GTCACAAGCATTTATTTTCG,0,363609
acrBp,0.08333333333333333,11,11,GTCAATAGGGTCCGATATTA,0,364172
acrBp,0.08333333333333333,11,11,GTCAACTTTCCAGCGGGAGG,0,407430
acrBp,0.08333333333333333,11,11,GTATTCTTTTATAAGAGAGA,0,376286
acrBp,0.08333333333333333,11,11,GTATTCCTGTGACGGCTCTA,0,401243
acrBp,0.08333333333333333,11,11,GTATATACCCATAAATGATG,0,375924
acrBp,0.08333333333333333,11,11,GTATAACACTTCAGGGGCTT,0,388402
acrBp,0.08333333333333333,11,11,GTAGTCTCCATTGGCTTTGA,0,378925
acrBp,0.08333333333333333,11,11,GTAGCCTATGACTGCGCAAC,0,392754
acrBp,0.08333333333333333,11,11,GTAGCATCACAGACTAATCA,0,404861
acrBp,0.08333333333333333,11,11,GTACTGCTTTGATTCACGGG,0,365623
acrBp,0.08333333333333333,11,11,GTACTCCGAGATAGTTAGTG,0,388420
acrBp,0.08333333333333333,11,11,GTACTAAAATTGAAGGGTTA,0,359443
acrBp,0.08333333333333333,11,11,GTACGGATTCATGGTGGCTT,0,392353
acrBp,0.08333333333333333,11,11,GTACGGATTAGAGCAAGCAA,0,382859
acrBp,0.08333333333333333,11,11,GTACGATATGATTCCTTACC,0,379167
acrBp,0.08333333333333333,11,11,GTACGAACATGAACGTCATT,0,400821
acrBp,0.08333333333333333,11,11,GTACAACGCGGGGGGTTTTT,0,390575
acrBp,0.08333333333333333,11,11,GTAATTCCTTTCGCCAAAAT,0,367817
acrBp,0.08333333333333333,11,11,GGTTGCACGGGATTGGCTGC,0,356314
acrBp,0.08333333333333333,11,11,GGTTCGCTGTATCGTACGAA,0,373460
acrBp,0.08333333333333333,11,11,GGTTCAGCCATCAAAATTAT,0,355158
acrBp,0.08333333333333333,11,11,GGTTACGTAAGCTGCTGGCC,0,375225
acrBp,0.08333333333333333,11,11,GGTGGCGTGTTGCTAGAGAC,0,382941
acrBp,0.08333333333333333,11,11,GGTGCAGGTTACCTGGGTCG,0,403089
acrBp,0.08333333333333333,11,11,GGTCTGGTTGCATCTTGAAC,0,370023
acrBp,0.08333333333333333,11,11,GGTCGTCAGATCTGGGTAGC,0,380767
acrBp,0.08333333333333333,11,11,GGTCCAGCCGAAATGACGGT,0,363219
acrBp,0.08333333333333333,11,11,GGTCAGTCAACACATGTATG,0,358480
acrBp,0.08333333333333333,11,11,GGGTTCATACACCTTATCTG,0,386891
acrBp,0.08333333333333333,11,11,GGGTTACACTCTAATACGTA,0,376395
acrBp,0.08333333333333333,11,11,GGGTGTGAACCGTTGCCTAG,0,402565
acrBp,0.08333333333333333,11,11,GGGTGTCGAAAGTGCAAGAG,0,355486
acrBp,0.08333333333333333,11,11,GGGTGGTCTGGCCTAGGCGA,0,400249
acrBp,0.08333333333333333,11,11,GGGTCCATCGGGGGGAATGT,0,365991
acrBp,0.08333333333333333,11,11,GGGTACATGAATCTAAGCAG,0,365866
acrBp,0.08333333333333333,11,11,GGGGGTAGCCTTGAGATAGG,0,372984
acrBp,0.08333333333333333,11,11,GGGGCTGGTGGCGCAGCTAG,0,388051
acrBp,0.08333333333333333,11,11,GGGGCAATGGACTATTGCCG,0,403479
acrBp,0.08333333333333333,11,11,GGGCGCGCCCGGCAAAAGAT,0,365786
acrBp,0.08333333333333333,11,11,GGGCCACGGGCGGGGGCCTC,0,385393
acrBp,0.08333333333333333,11,11,GGGCACACACTAGAAACGAA,0,390216
acrBp,0.08333333333333333,11,11,GGGAGACCGAGTAATCCCAT,0,393600
acrBp,0.08333333333333333,11,11,GGGAATTTGTGTTAGCTGTT,0,388366
acrBp,0.08333333333333333,11,11,GGCTGAAAGCGTGCAAGGAG,0,365000
acrBp,0.08333333333333333,11,11,GGCTCTTGCTATTTTGCATC,0,376071
acrBp,0.08333333333333333,11,11,GGCTATATAAGGCACGTTGG,0,374254
acrBp,0.08333333333333333,11,11,GGCTAGGGAAGCTGGAGTCA,0,359935
acrBp,0.08333333333333333,11,11,GGCGTGATCACCTACTTGGC,0,405988
acrBp,0.08333333333333333,11,11,GGCGACTGGCTCCCGGGTCT,0,380886
acrBp,0.08333333333333333,11,11,GGCCTCGAGTATGCCGAGTG,0,387926
acrBp,0.08333333333333333,11,11,GGCCCCCCCTAAGACGTCAG,0,405921
acrBp,0.08333333333333333,11,11,GGCCACGTTGTGCTATAAAA,0,406056
acrBp,0.08333333333333333,11,11,GGCATGCGGACAGGAATAAT,0,379708
acrBp,0.08333333333333333,11,11,GGATGTTGTAGGAACGGTTG,0,368261
acrBp,0.08333333333333333,11,11,GGATCTGGGAAATTAACTGA,0,406720
acrBp,0.08333333333333333,11,11,GGATCGGACGCCATCGAGCT,0,366821
acrBp,0.08333333333333333,11,11,GGATAGGGAAATGGGGGAGT,0,375087
acrBp,0.08333333333333333,11,11,GGATACGAGCTCCCGTAGCA,0,370163
acrBp,0.08333333333333333,11,11,GGAGGCTGACCCATACTGTT,0,386414
acrBp,0.08333333333333333,11,11,GGACTGGCTGCCGGAAGGCT,0,368493
acrBp,0.08333333333333333,11,11,GGACATTTTCTCCCATAAAT,0,398238
acrBp,0.08333333333333333,11,11,GGAAGGTTATTGCATATGAT,0,384300
acrBp,0.08333333333333333,11,11,GGAAAAATCCGCCAAACGGG,0,393547
acrBp,0.08333333333333333,11,11,GCTTATGTGTGCTCCAGCAA,0,369432
acrBp,0.08333333333333333,11,11,GCTCGTGACCAGGGGGGGAC,0,373336
acrBp,0.08333333333333333,11,11,GCTCATCTCGTTGTGGTCAT,0,371130
acrBp,0.08333333333333333,11,11,GCGTTAGGTATATTGTACCA,0,360420
acrBp,0.08333333333333333,11,11,GCGTGTACACGTCCGGGGTT,0,390159
acrBp,0.08333333333333333,11,11,GCGTATCTACTGCGCAATTC,0,374511
acrBp,0.08333333333333333,11,11,GCGGTGTTTCCATTTCCCAC,0,361583
acrBp,0.08333333333333333,11,11,GCGCACTCGGAACGTGGTGC,0,394910
acrBp,0.08333333333333333,11,11,GCGATGAATGTTCGAGGGGC,0,384185
acrBp,0.08333333333333333,11,11,GCGATCTAGAGCCTCCGACA,0,401748
acrBp,0.08333333333333333,11,11,GCGACCCGGGCGCTAAAACA,0,407972
acrBp,0.08333333333333333,11,11,GCGAACCTACCTCGCCCCTA,0,398144
acrBp,0.08333333333333333,11,11,GCCTGTGATAGTGATAACGT,0,358844
acrBp,0.08333333333333333,11,11,GCCTGCTTTTGCGGGTACGC,0,392301
acrBp,0.08333333333333333,11,11,GCCTCTGTCTCGTCCACGAG,0,377621
acrBp,0.08333333333333333,11,11,GCCTCCAATCAAACTAATGC,0,369561
acrBp,0.08333333333333333,11,11,GCCTAACTCAGCGAGGCTGA,0,390956
acrBp,0.08333333333333333,11,11,GCCGTTTAATAACTTAGGCA,0,388445
acrBp,0.08333333333333333,11,11,GCCCTCTGTTGAATAGTTCA,0,373239
acrBp,0.08333333333333333,11,11,GCCCTCAGGGAATTTCGCAT,0,385891
acrBp,0.08333333333333333,11,11,GCCCGGGTGGCGCTTTGGTC,0,355646
acrBp,0.08333333333333333,11,11,GCCCATGCGTTCTAATATGG,0,365418
acrBp,0.08333333333333333,11,11,GCCCAACTGACTACACAGGT,0,369722
acrBp,0.08333333333333333,11,11,GCCATCCTTTGGTCCCTATG,0,394378
acrBp,0.08333333333333333,11,11,GCCATAATGCCAATATTGTG,0,383097
acrBp,0.08333333333333333,11,11,GCCACCTGCCTAAGCCTCAG,0,365951
acrBp,0.08333333333333333,11,11,GCATTGACCTTGTGTGGAGT,0,402118
acrBp,0.08333333333333333,11,11,GCATCGCGCGACGATGGGAC,0,359298
acrBp,0.08333333333333333,11,11,GCATCCAGGCCGGCGATCTT,0,365482
acrBp,0.08333333333333333,11,11,GCATAAATTGCTAGGCTTTT,0,376787
acrBp,0.08333333333333333,11,11,GCAGGTGTAGAGAGTCCCGA,0,373332
acrBp,0.08333333333333333,11,11,GCAGGGTGGATCTGTAGCGA,0,399174
acrBp,0.08333333333333333,11,11,GCACTCACAGTCAAAGACTC,0,359898
acrBp,0.08333333333333333,11,11,GCACGCCTAGTTTACAGGGA,0,384837
acrBp,0.08333333333333333,11,11,GCACGCAAAGGAGCTGAGGT,0,405261
acrBp,0.08333333333333333,11,11,GCACGAGTCCACCGAATAGA,0,365259
acrBp,0.08333333333333333,11,11,GCACGACCTCGAGAACTCAG,0,372771
acrBp,0.08333333333333333,11,11,GCAATGCCTCCTGACGCAAA,0,357723
acrBp,0.08333333333333333,11,11,GCAAGCGATGCAAACCTCAT,0,363194
acrBp,0.08333333333333333,11,11,GCAAGCCTATCTAGTGCGTA,0,405353
acrBp,0.08333333333333333,11,11,GCAAAAACTGTCCGCACACC,0,402257
acrBp,0.08333333333333333,11,11,GATTTTGCCGAGCTGATTGT,0,403168
acrBp,0.08333333333333333,11,11,GATTGTCAGGCTTCACGGAT,0,380936
acrBp,0.08333333333333333,11,11,GATTGAGGTGCAAGACGTCG,0,384871
acrBp,0.08333333333333333,11,11,GATTCGTGTTTACTTTGATG,0,363080
acrBp,0.08333333333333333,11,11,GATCATCGCGTATCAGATAA,0,366938
acrBp,0.08333333333333333,11,11,GAGTGACGGGGATACGCCAT,0,362830
acrBp,0.08333333333333333,11,11,GAGTCCCTACACTGATCGGA,0,379500
acrBp,0.08333333333333333,11,11,GAGTCCAGTTATGCAAACCT,0,374741
acrBp,0.08333333333333333,11,11,GAGTCAGCACTGTCGGTCTA,0,362633
acrBp,0.08333333333333333,11,11,GAGTAAATATCACACCATGG,0,365695
acrBp,0.08333333333333333,11,11,GAGGTCACGCATACCAGTAC,0,369403
acrBp,0.08333333333333333,11,11,GAGGGATATGAAGTTAAACA,0,358916
acrBp,0.08333333333333333,11,11,GAGGCGTGAAGTGTGATTTA,0,398003
acrBp,0.08333333333333333,11,11,GAGGCACAAACTTCATCACG,0,363366
acrBp,0.08333333333333333,11,11,GAGGATGATCGTTTTTCCCA,0,392783
acrBp,0.08333333333333333,11,11,GAGCCGGTGACGTAAGGACT,0,393886
acrBp,0.08333333333333333,11,11,GAGCCGGGGCTGGCTGGAAC,0,364466
acrBp,0.08333333333333333,11,11,GAGAAAGTATCGAATAGTGA,0,382681
acrBp,0.08333333333333333,11,11,GACTTTGTAGGCTTTTTAGA,0,379872
acrBp,0.08333333333333333,11,11,GACTGCAGGAGACCTTGCGA,0,386297
acrBp,0.08333333333333333,11,11,GACGCGGAACGTAGTGGGCA,0,394429
acrBp,0.08333333333333333,11,11,GACGACCAACGGGTTTCATG,0,363373
acrBp,0.08333333333333333,11,11,GACCACCACGTAACACGAGG,0,401338
acrBp,0.08333333333333333,11,11,GACAGCAGCTGGTCGGAGGA,0,402877
acrBp,0.08333333333333333,11,11,GACACATTCACGGTCGCATG,0,355847
acrBp,0.08333333333333333,11,11,GACAAGTAATAATTTGCGTA,0,383025
acrBp,0.08333333333333333,11,11,GAATACTGCCCGTAAGTGGA,0,376938
acrBp,0.08333333333333333,11,11,GAAGTGCTATCACTCGCGAT,0,359025
acrBp,0.08333333333333333,11,11,GAAGTCTGTTCGTTTTGCAT,0,369594
acrBp,0.08333333333333333,11,11,GAAATATATAATGTAACGGG,0,371067
acrBp,0.08333333333333333,11,11,GAAATAATATGGCCCATACC,0,380437
acrBp,0.08333333333333333,11,11,GAAACCTGAAGCGGGGTACA,0,360909
acrBp,0.08333333333333333,11,11,CTTTTGTGATGTGCTCCATC,0,396127
acrBp,0.08333333333333333,11,11,CTTTTGCTATAAGCGCCGCC,0,382234
acrBp,0.08333333333333333,11,11,CTTTGTCAGTCCGGCAGATC,0,378253
acrBp,0.08333333333333333,11,11,CTTTGAGCAGCTGTGGTGGC,0,368004
acrBp,0.08333333333333333,11,11,CTTTATTGGACTCGCCTGTT,0,371933
acrBp,0.08333333333333333,11,11,CTTTATGCTCCGAGGGTACA,0,370680
acrBp,0.08333333333333333,11,11,CTTGGAATCTGAACGTGACC,0,391420
acrBp,0.08333333333333333,11,11,CTTGAAGTTATGTTAGAGCT,0,362107
acrBp,0.08333333333333333,11,11,CTTCGCGGGGTCTAGCACAT,0,390467
acrBp,0.08333333333333333,11,11,CTTCGAATTCCCTCATTAAG,0,406287
acrBp,0.08333333333333333,11,11,CTTATATTGGTGAACGCTTA,0,406166
acrBp,0.08333333333333333,11,11,CTTATAACTTGGTTCACCTT,0,404006
acrBp,0.08333333333333333,11,11,CTTACCTTTGTATTTTATTG,0,378487
acrBp,0.08333333333333333,11,11,CTGTGGGCGTTAATCACTAC,0,360180
acrBp,0.08333333333333333,11,11,CTGTCAACTCATTTTCGGCT,0,358887
acrBp,0.08333333333333333,11,11,CTGTACGGGACTTGATATAG,0,358819
acrBp,0.08333333333333333,11,11,CTGGGTTTCCCATCCACATA,0,382182
acrBp,0.08333333333333333,11,11,CTGGGGACATGTGTGTACAG,0,393206
acrBp,0.08333333333333333,11,11,CTGGCCCCCTATTCTAAGAA,0,378120
acrBp,0.08333333333333333,11,11,CTGGCAGCCTAGCAGGCATT,0,378619
acrBp,0.08333333333333333,11,11,CTGGATTCGGATGATCTTGC,0,368859
acrBp,0.08333333333333333,11,11,CTGGAATAGCGCAAGTCGTT,0,402171
acrBp,0.08333333333333333,11,11,CTGCGCGGTGGCCTGATCTT,0,373957
acrBp,0.08333333333333333,11,11,CTGCGAAGCGAGTGCTGGAG,0,404957
acrBp,0.08333333333333333,11,11,CTGCAGATAACTTCGCGCTG,0,388587
acrBp,0.08333333333333333,11,11,CTGCAATAAGGGATTGACTT,0,392827
acrBp,0.08333333333333333,11,11,CTGATTACCGCACTCGGCCT,0,367278
acrBp,0.08333333333333333,11,11,CTGAGCGAGCTGTTCGTGGT,0,404102
acrBp,0.08333333333333333,11,11,CTGAGAAAACTTCGGTGAGA,0,373149
acrBp,0.08333333333333333,11,11,CTGACCGTTTAGGCTCAGAT,0,395034
acrBp,0.08333333333333333,11,11,CTGACCGAGGACAATACAGA,0,375673
acrBp,0.08333333333333333,11,11,CTGACATAAGTCTTACATTT,0,393487
acrBp,0.08333333333333333,11,11,CTCTAATTATCCAGTCCACA,0,405082
acrBp,0.08333333333333333,11,11,CTCGGAAGGTTGACTGACTG,0,355195
acrBp,0.08333333333333333,11,11,CTCGAGTTCCGCTAGTGGTA,0,370979
acrBp,0.08333333333333333,11,11,CTCCTCGTCTGCGGTTTAGC,0,363590
acrBp,0.08333333333333333,11,11,CTCCCCGATGTGCCCTAATT,0,361038
acrBp,0.08333333333333333,11,11,CTATATCGTCGATGGAAAGC,0,399623
acrBp,0.08333333333333333,11,11,CTAGGGATATTGTCAAGTCA,0,399039
acrBp,0.08333333333333333,11,11,CTACGTATCGGGCTTCGGTC,0,383727
acrBp,0.08333333333333333,11,11,CTACGATGTCTTTCACCAAC,0,379438
acrBp,0.08333333333333333,11,11,CTACCGGTACACTACGTAAT,0,390375
acrBp,0.08333333333333333,11,11,CTAAGGGGAGTTTTGATTAG,0,377985
acrBp,0.08333333333333333,11,11,CTAAGAGAGATCTGCGCGGG,0,392570
acrBp,0.08333333333333333,11,11,CGTTCCTAATAGATGGCAGT,0,360226
acrBp,0.08333333333333333,11,11,CGTTCCCTTGGTTCTGTAAG,0,398781
acrBp,0.08333333333333333,11,11,CGTGACGTACCGACCAAGTA,0,406981
acrBp,0.08333333333333333,11,11,CGTGACAGGCTTCCTCTAGT,0,367675
acrBp,0.08333333333333333,11,11,CGTCCGACATCTTTTTGTCG,0,399403
acrBp,0.08333333333333333,11,11,CGTATCAACTAGGGGCTGGT,0,392857
acrBp,0.08333333333333333,11,11,CGTACGGCTGTATCCGATTG,0,405308
acrBp,0.08333333333333333,11,11,CGTACAGTCACTAGACCTAT,0,382606
acrBp,0.08333333333333333,11,11,CGGTTCCGTCTTGAATTTTG,0,392007
acrBp,0.08333333333333333,11,11,CGGTTAGGAGAGGCTTGATG,0,404082
acrBp,0.08333333333333333,11,11,CGGTGCTCGGGGTCCGGACG,0,386053
acrBp,0.08333333333333333,11,11,CGGTGCTCGGGGACCAGTCA,0,380771
acrBp,0.08333333333333333,11,11,CGGTCAGGGGGCATACGCTA,0,388834
acrBp,0.08333333333333333,11,11,CGGTATGTAATGACAGGATG,0,401768
acrBp,0.08333333333333333,11,11,CGGGTTCCGTACACATTGCA,0,379441
acrBp,0.08333333333333333,11,11,CGGGTATAGATGGCCCATTA,0,376642
acrBp,0.08333333333333333,11,11,CGGGTAAATTTACAGGGGAC,0,386194
acrBp,0.08333333333333333,11,11,CGGGGTTAGAACAGATACGA,0,364523
acrBp,0.08333333333333333,11,11,CGGCGGGGCTGCGTCCCAGG,0,373195
acrBp,0.08333333333333333,11,11,CGGCAGGGATAACGGTCTTG,0,356430
acrBp,0.08333333333333333,11,11,CGGAGCTCGAAGTTTATAAC,0,372340
acrBp,0.08333333333333333,11,11,CGCTTAACGGGGCCTTCACT,0,371543
acrBp,0.08333333333333333,11,11,CGCTCCTCACTACGCTTACG,0,392666
acrBp,0.08333333333333333,11,11,CGCTCATCTTTAAGTGTGAC,0,387471
acrBp,0.08333333333333333,11,11,CGCTAATGGGGGCAGCGAAT,0,399806
acrBp,0.08333333333333333,11,11,CGCGTTTTTCACGCTACTAG,0,383098
acrBp,0.08333333333333333,11,11,CGCGGCATTGGTCTTAACAC,0,358588
acrBp,0.08333333333333333,11,11,CGCCTCGCCAGTAGCGAGCA,0,387680
acrBp,0.08333333333333333,11,11,CGCCCAGGCGCTCTTTGGCA,0,366056
acrBp,0.08333333333333333,11,11,CGCATTTGGGACAGTGGTCA,0,404010
acrBp,0.08333333333333333,11,11,CGCATGGGCACCACCAAATT,0,385221
acrBp,0.08333333333333333,11,11,CGCAATGATCAGTGCGAACG,0,396392
acrBp,0.08333333333333333,11,11,CGATGTTGGGACTATTTAGG,0,397780
acrBp,0.08333333333333333,11,11,CGATATGTGAGATATCTCGT,0,362840
acrBp,0.08333333333333333,11,11,CGATACTGTCGATAACGGAC,0,359866
acrBp,0.08333333333333333,11,11,CGAGTCCCTATCATGGAGAA,0,361910
acrBp,0.08333333333333333,11,11,CGAGATTGCCGCCATACTAT,0,384668
acrBp,0.08333333333333333,11,11,CGACAAGCGTGCCAGCCCTC,0,373610
acrBp,0.08333333333333333,11,11,CCTTAGTTGGTCCCCGTCCC,0,381264
acrBp,0.08333333333333333,11,11,CCTGGTGGCACACTTCAACC,0,363866
acrBp,0.08333333333333333,11,11,CCTGGCCCGGATATCACACA,0,366225
acrBp,0.08333333333333333,11,11,CCTCTTCAACTGGTGGTTAA,0,379038
acrBp,0.08333333333333333,11,11,CCTCTGAGCTTTTTGTCCAC,0,375717
acrBp,0.08333333333333333,11,11,CCTCGGTTTAGGATCAAGCA,0,380060
acrBp,0.08333333333333333,11,11,CCTAGCGTTCTGGCCTGGAG,0,361284
acrBp,0.08333333333333333,11,11,CCTAGCCTTCCATTCTGTGT,0,361095
acrBp,0.08333333333333333,11,11,CCTACTTTAGAGGTCGCTTG,0,375601
acrBp,0.08333333333333333,11,11,CCTAAACGTAACCTCGCTAA,0,360215
acrBp,0.08333333333333333,11,11,CCGTTGCTTGCAAAAGAAGC,0,394347
acrBp,0.08333333333333333,11,11,CCGTCGTTAGAGTCACCCTT,0,356434
acrBp,0.08333333333333333,11,11,CCGTAGAAGTCCACACGGTA,0,400447
acrBp,0.08333333333333333,11,11,CCGGCCGACGAATAGCTATA,0,369720
acrBp,0.08333333333333333,11,11,CCGCCGCGATACCAACCGAT,0,379007
acrBp,0.08333333333333333,11,11,CCGATTCATTTAGGACGGAC,0,367142
acrBp,0.08333333333333333,11,11,CCCTTGGATACCCCAGGTGA,0,362622
acrBp,0.08333333333333333,11,11,CCCTGAACAGTTATGCAGGA,0,370502
acrBp,0.08333333333333333,11,11,CCCTGAACACTCGTTACGCT,0,367596
acrBp,0.08333333333333333,11,11,CCCGGCTTTACAACCGGCCT,0,398843
acrBp,0.08333333333333333,11,11,CCCCTTTGAAGACTTGCCTT,0,356164
acrBp,0.08333333333333333,11,11,CCCCCTTGCGGCTAGGTGCT,0,364307
acrBp,0.08333333333333333,11,11,CCCAGCTTGGTGCGGAAATA,0,368592
acrBp,0.08333333333333333,11,11,CCCAGCTTAGTTAGTACGGG,0,397486
acrBp,0.08333333333333333,11,11,CCCAGAGGGCTTGTGCATTC,0,355163
acrBp,0.08333333333333333,11,11,CCATTCTCGCGGATTGGCGA,0,381809
acrBp,0.08333333333333333,11,11,CCATAGTAAATTGACGTAAG,0,402062
acrBp,0.08333333333333333,11,11,CCAGCCTCAACAGCACATGG,0,366622
acrBp,0.08333333333333333,11,11,CCACTTGCGCACTGCGTCTA,0,371744
acrBp,0.08333333333333333,11,11,CCACTTAGCGGAATAATGTT,0,386497
acrBp,0.08333333333333333,11,11,CCACTTAGCCAACCCAACAG,0,407144
acrBp,0.08333333333333333,11,11,CCACCCTAGTTTTGCTAAGC,0,389025
acrBp,0.08333333333333333,11,11,CCAAATGTAGGGGTCCTCTG,0,405680
acrBp,0.08333333333333333,11,11,CCAAATCTGCAAAGGTTGAT,0,400304
acrBp,0.08333333333333333,11,11,CATTTCAACAAGAGCACGAC,0,391245
acrBp,0.08333333333333333,11,11,CATGTACCAAATGGGTAGCT,0,355545
acrBp,0.08333333333333333,11,11,CATGGAAAGGACCGGGGAAA,0,400335
acrBp,0.08333333333333333,11,11,CATGCGCGGCTCGAGTGAAC,0,365299
acrBp,0.08333333333333333,11,11,CATCTAGTTGCTAGTCAGTC,0,372814
acrBp,0.08333333333333333,11,11,CATCATTACTTACACAGGCT,0,381468
acrBp,0.08333333333333333,11,11,CATATAAAGTATGTATGCAT,0,385561
acrBp,0.08333333333333333,11,11,CATACGCTACCTCGGAGCGT,0,363583
acrBp,0.08333333333333333,11,11,CAGTTAAGAAAGGGAGATCT,0,400976
acrBp,0.08333333333333333,11,11,CAGTAGTGGATTGATCCATT,0,356576
acrBp,0.08333333333333333,11,11,CAGGAAGTCGTAACCATGGA,0,386923
acrBp,0.08333333333333333,11,11,CAGGAAGGGCGTGCATCATC,0,393163
acrBp,0.08333333333333333,11,11,CAGCGAGCCATTAGAGATTA,0,405891
acrBp,0.08333333333333333,11,11,CAGATATTTTTAGTGGCTTT,0,371999
acrBp,0.08333333333333333,11,11,CAGACGAGTACAGTTCACGT,0,397099
acrBp,0.08333333333333333,11,11,CAGAACTGTTTGAGTGGGTG,0,378005
acrBp,0.08333333333333333,11,11,CACTATTGATCCGTTTCCTT,0,407232
acrBp,0.08333333333333333,11,11,CACGTCTGCGACTTGCCGTA,0,408458
acrBp,0.08333333333333333,11,11,CACGTAATATATCGCCGGTA,0,383603
acrBp,0.08333333333333333,11,11,CACGCAAATCTATAGAGTAT,0,359854
acrBp,0.08333333333333333,11,11,CACGATCCGATGAGGCTAAA,0,397863
acrBp,0.08333333333333333,11,11,CACGAACTCCTCAGTCCTGA,0,383527
acrBp,0.08333333333333333,11,11,CACCTGGAAACGACATGACA,0,389224
acrBp,0.08333333333333333,11,11,CACCTACAATTGGAGACTTT,0,357470
acrBp,0.08333333333333333,11,11,CACCGCTTAAGGCACTCCCG,0,355594
acrBp,0.08333333333333333,11,11,CACATGCGGCTACCTAGGTC,0,366183
acrBp,0.08333333333333333,11,11,CACATGCATTCATCGAATAA,0,362294
acrBp,0.08333333333333333,11,11,CACAGAGACATTTGACTTGC,0,370168
acrBp,0.08333333333333333,11,11,CACACTCGTCCACTAGCCCC,0,394315
acrBp,0.08333333333333333,11,11,CACACCCTGCGGCATTGTAA,0,381294
acrBp,0.08333333333333333,11,11,CACACCATCTTACTAAAACG,0,374736
acrBp,0.08333333333333333,11,11,CAATGCATCTCACAGGAATT,0,362222
acrBp,0.08333333333333333,11,11,CAAGCCTAGACATTAAAAAT,0,367356
acrBp,0.08333333333333333,11,11,CAACGGTGATCTGGCTTATA,0,360555
acrBp,0.08333333333333333,11,11,CAACCCGAACTGAGCGACTT,0,392834
acrBp,0.08333333333333333,11,11,CAAAGTGTGCACTGAGGCGT,0,356186
acrBp,0.08333333333333333,11,11,CAAAGCCACCCGAAATAGAT,0,396101
acrBp,0.08333333333333333,11,11,CAAAGCATCGGTTTGGTCGT,0,356036
acrBp,0.08333333333333333,11,11,CAAACCGCTGGAGCGAGTAC,0,365506
acrBp,0.08333333333333333,11,11,CAAACATACTCTAGTAGCCA,0,365464
acrBp,0.08333333333333333,11,11,ATTTTCACGCCATTTTTTTT,0,384112
acrBp,0.08333333333333333,11,11,ATTTGGCTTCTCAGGTGTTT,0,405481
acrBp,0.08333333333333333,11,11,ATTTGGAGTGCCGCTGTGAC,0,359068
acrBp,0.08333333333333333,11,11,ATTTAACAGTTTCAGGTGCA,0,373133
acrBp,0.08333333333333333,11,11,ATTGCGAGGTCGGGATACGT,0,403546
acrBp,0.08333333333333333,11,11,ATTGCCTACGGTGGTGCGAT,0,389811
acrBp,0.08333333333333333,11,11,ATTGACACGGTTTATGGGCT,0,383472
acrBp,0.08333333333333333,11,11,ATTCTCATGCCCTTAAAGGA,0,386413
acrBp,0.08333333333333333,11,11,ATTATGGCCGTGGCAACGTT,0,382163
acrBp,0.08333333333333333,11,11,ATTATCGTATCTGCGGCCCT,0,371619
acrBp,0.08333333333333333,11,11,ATTAGTGCTCACGTCGGTCG,0,360799
acrBp,0.08333333333333333,11,11,ATGTTTCGGTGTATGAAATT,0,367598
acrBp,0.08333333333333333,11,11,ATGTTAGACCGTGCGGCAAT,0,386327
acrBp,0.08333333333333333,11,11,ATGTATGCACGATGATGCGT,0,357369
acrBp,0.08333333333333333,11,11,ATGGGTGTCCGCGAAAGACA,0,378511
acrBp,0.08333333333333333,11,11,ATGGCGTCGCTAAAACGCGC,0,356429
acrBp,0.08333333333333333,11,11,ATGGCCCCGGGGTAAGGAAA,0,371696
acrBp,0.08333333333333333,11,11,ATGCAGCTTTGCGCGGGGGT,0,372299
acrBp,0.08333333333333333,11,11,ATGAATACATGAGGCGAATT,0,379921
acrBp,0.08333333333333333,11,11,ATGAAACCGAGCGAAGGGCA,0,398089
acrBp,0.08333333333333333,11,11,ATCTTAGGCATGTGATATAC,0,374187
acrBp,0.08333333333333333,11,11,ATCTCCTACGATTATATGGT,0,392622
acrBp,0.08333333333333333,11,11,ATCTACACTTCTGACCGGTG,0,383652
acrBp,0.08333333333333333,11,11,ATCGTGCCTCGTCCAGTCAC,0,391344
acrBp,0.08333333333333333,11,11,ATCCAGGTACTGGCACACCC,0,356691
acrBp,0.08333333333333333,11,11,ATCCAGAGCAATGGCACCTG,0,382248
acrBp,0.08333333333333333,11,11,ATCCACTAAGAGCGGGCCGG,0,408556
acrBp,0.08333333333333333,11,11,ATCCAATTGAAGGGCGGGCT,0,393659
acrBp,0.08333333333333333,11,11,ATCAGTGGGGTGTCCGCGTG,0,373796
acrBp,0.08333333333333333,11,11,ATCAGCTCCTTACGCTAGCC,0,378308
acrBp,0.08333333333333333,11,11,ATCAAATCTCACAGCTAGGT,0,357732
acrBp,0.08333333333333333,11,11,ATATTACGTCAGCCACGTCT,0,382722
acrBp,0.08333333333333333,11,11,ATATCTTGCTGCTCCGGGAT,0,365078
acrBp,0.08333333333333333,11,11,ATATACCGTTTAGAGTGACC,0,382872
acrBp,0.08333333333333333,11,11,ATAGTTTGCGGTTATCATGT,0,393931
acrBp,0.08333333333333333,11,11,ATAGCTATCGGATTCACTCC,0,387034
acrBp,0.08333333333333333,11,11,ATAGAGCTCATTTTAAGTCA,0,367369
acrBp,0.08333333333333333,11,11,ATACGCGTCACGGTAAGTGT,0,374487
acrBp,0.08333333333333333,11,11,ATAACAAAGTCTGGCCGTAG,0,363342
acrBp,0.08333333333333333,11,11,ATAAATCGTGGCCGTTATTT,0,392878
acrBp,0.08333333333333333,11,11,ATAAAAGTCACGGTCCTTAC,0,363215
acrBp,0.08333333333333333,11,11,AGTTTATCCGCACCGCGCAT,0,366286
acrBp,0.08333333333333333,11,11,AGTTGCACCATCTTTCGGCT,0,402411
acrBp,0.08333333333333333,11,11,AGTTGAGCGCCGGGATAGGT,0,388226
acrBp,0.08333333333333333,11,11,AGTTCGTAATGATAAATTTG,0,366777
acrBp,0.08333333333333333,11,11,AGTGCTATGATGGGCTTCTT,0,406839
acrBp,0.08333333333333333,11,11,AGTGAGACAAAAAGACACTC,0,360975
acrBp,0.08333333333333333,11,11,AGTATAAACTGGTTCGGTGA,0,394339
acrBp,0.08333333333333333,11,11,AGTAATGCATGTATCTAATA,0,380365
acrBp,0.08333333333333333,11,11,AGGTTTGGGCCGGGATAAGA,0,406733
acrBp,0.08333333333333333,11,11,AGGTGTACTATGAACTTCGA,0,365543
acrBp,0.08333333333333333,11,11,AGGTCTCTACACACTCGCGT,0,392812
acrBp,0.08333333333333333,11,11,AGGTATGTCGTGCTGCCAGT,0,385464
acrBp,0.08333333333333333,11,11,AGGTATAAACGCTTCCGACA,0,376375
acrBp,0.08333333333333333,11,11,AGGGTTTTGGTGGTCCTATA,0,386461
acrBp,0.08333333333333333,11,11,AGGGTCATTTCTGAGGTTGT,0,401256
acrBp,0.08333333333333333,11,11,AGGGGAGTATGCATATCGCT,0,361820
acrBp,0.08333333333333333,11,11,AGGGAGAAGACCTGGTATGA,0,378984
acrBp,0.08333333333333333,11,11,AGGCATGCAATAGCTCGTAC,0,375792
acrBp,0.08333333333333333,11,11,AGGATCGGTTTGCAACTCTT,0,408033
acrBp,0.08333333333333333,11,11,AGGATAACAATGCGGCATCT,0,370033
acrBp,0.08333333333333333,11,11,AGGACCGTTGAGCGGGCGTA,0,401984
acrBp,0.08333333333333333,11,11,AGGAAGGGTGGGAATGAAGA,0,366163
acrBp,0.08333333333333333,11,11,AGCTGAGCCCCCGGACTCAC,0,406376
acrBp,0.08333333333333333,11,11,AGCTCACCGTGGGGTGGTGA,0,395671
acrBp,0.08333333333333333,11,11,AGCGTCTGGATGGGCGGTCA,0,385087
acrBp,0.08333333333333333,11,11,AGCGTCCTTTAAAATGCGTG,0,376259
acrBp,0.08333333333333333,11,11,AGCGGTTGCGTGAGCACGGT,0,396712
acrBp,0.08333333333333333,11,11,AGCGGTCACATAGCGGACAA,0,356793
acrBp,0.08333333333333333,11,11,AGCGGCGCGGCGGCTAGACA,0,358498
acrBp,0.08333333333333333,11,11,AGCGCAAGTTAGGGAACTCG,0,406932
acrBp,0.08333333333333333,11,11,AGCCTTGTGGTTTTGTCATT,0,366169
acrBp,0.08333333333333333,11,11,AGCCGCAATGTGTATGGCAA,0,375415
acrBp,0.08333333333333333,11,11,AGCCATCTTGGAAACGTGGT,0,368025
acrBp,0.08333333333333333,11,11,AGAGGCGTACGACACCCCAG,0,383358
acrBp,0.08333333333333333,11,11,AGAGCCACCCGGTGTTAAAT,0,386189
acrBp,0.08333333333333333,11,11,AGACCAACTCGCGGCGATCT,0,385976
acrBp,0.08333333333333333,11,11,AGAAAGTGTACTACGCACTT,0,384281
acrBp,0.08333333333333333,11,11,AGAAACTAGGTTATCAGAAA,0,400364
acrBp,0.08333333333333333,11,11,ACTTACGGACGACTGACACA,0,368364
acrBp,0.08333333333333333,11,11,ACTGGAGGGTATCTGCCGGT,0,382580
acrBp,0.08333333333333333,11,11,ACTCTTAACCCAGCGTGTCA,0,393079
acrBp,0.08333333333333333,11,11,ACTCTGGTAGATTTCCAAAC,0,365268
acrBp,0.08333333333333333,11,11,ACTCCGAAGTCTCAAGACTG,0,376963
acrBp,0.08333333333333333,11,11,ACTCAGTTGTGATCGTGGGT,0,369036
acrBp,0.08333333333333333,11,11,ACTAGGGCGCGGTGAGCCCT,0,394007
acrBp,0.08333333333333333,11,11,ACTAAGCGGCTTTCCTTCGT,0,359776
acrBp,0.08333333333333333,11,11,ACGTTTTCTTCACGACCACC,0,358748
acrBp,0.08333333333333333,11,11,ACGTTGAGGAACCGTGACAA,0,364687
acrBp,0.08333333333333333,11,11,ACGTGTCTGCCCCTCCCGTG,0,358072
acrBp,0.08333333333333333,11,11,ACGTGGAAGGCAAGGGCTAT,0,401694
acrBp,0.08333333333333333,11,11,ACGTCTATGTACTAGCAGGC,0,361558
acrBp,0.08333333333333333,11,11,ACGTCCCGTTCGCCGATAAG,0,366327
acrBp,0.08333333333333333,11,11,ACGTACGGGCTGACGTATAC,0,373615
acrBp,0.08333333333333333,11,11,ACGGGCTTACGAGTGCTATT,0,361085
acrBp,0.08333333333333333,11,11,ACGCGAGCTACAATATATTG,0,378318
acrBp,0.08333333333333333,11,11,ACGACACGACTACTGTGTGC,0,384089
acrBp,0.08333333333333333,11,11,ACCTTACGACTTAGGTGTCA,0,359050
acrBp,0.08333333333333333,11,11,ACCTGTGAAGATTTCTATTT,0,389007
acrBp,0.08333333333333333,11,11,ACCTAAATCCGTTGTTAGCT,0,406323
acrBp,0.08333333333333333,11,11,ACCGACTATCTGCGTTGCAT,0,382594
acrBp,0.08333333333333333,11,11,ACCCTAAGGGACCCAAGACT,0,394461
acrBp,0.08333333333333333,11,11,ACCAACGGTCAGCAGGGTGT,0,367735
acrBp,0.08333333333333333,11,11,ACCAACCTATTCTCAGCAGA,0,405850
acrBp,0.08333333333333333,11,11,ACCAAAGGGATCTGGGGGGT,0,366416
acrBp,0.08333333333333333,11,11,ACATGGGGAGATGCACCGGC,0,366924
acrBp,0.08333333333333333,11,11,ACATCTTTTTATACATCCGA,0,355777
acrBp,0.08333333333333333,11,11,ACATACAGGTGGCGGGGGTG,0,373886
acrBp,0.08333333333333333,11,11,ACAGTCTACCAACCTTAATT,0,365926
acrBp,0.08333333333333333,11,11,ACAGGCAAGGAGACCGCGCG,0,365098
acrBp,0.08333333333333333,11,11,ACACTATCCTGCGCCTTGAA,0,374677
acrBp,0.08333333333333333,11,11,ACACGCGTTACGAATTAAAT,0,406835
acrBp,0.08333333333333333,11,11,ACAATCGAAGGAGATAGTAG,0,356861
acrBp,0.08333333333333333,11,11,AATTTGCATACTTATAACAT,0,370380
acrBp,0.08333333333333333,11,11,AATTTAAAGCTATAAAAGAG,0,378421
acrBp,0.08333333333333333,11,11,AATTGGAGATATCGGTCTAG,0,386690
acrBp,0.08333333333333333,11,11,AATTGCGCTAAATCGCATCA,0,398577
acrBp,0.08333333333333333,11,11,AATTATTTTTCCTTCTACCA,0,365336
acrBp,0.08333333333333333,11,11,AATTATTGACGACTCTGGAA,0,398865
acrBp,0.08333333333333333,11,11,AATGTTCCCAGTTAGCCTCT,0,393173
acrBp,0.08333333333333333,11,11,AATGGACGGCAACTATCCAC,0,400856
acrBp,0.08333333333333333,11,11,AATCTCACAGCTACGTCGTC,0,384835
acrBp,0.08333333333333333,11,11,AATCCGCTCCCTATGTTGTG,0,406562
acrBp,0.08333333333333333,11,11,AATATGCGTGTGGTCTGAGT,0,369496
acrBp,0.08333333333333333,11,11,AATAGCGCTAGGTTACCTCC,0,386338
acrBp,0.08333333333333333,11,11,AATAGCACGCCGGCTGGCAA,0,403902
acrBp,0.08333333333333333,11,11,AATAAGGCAATAGATGTTCT,0,396299
acrBp,0.08333333333333333,11,11,AAGTTGTTTAACACGACTGT,0,387092
acrBp,0.08333333333333333,11,11,AAGTGTCAAGACATTCACGT,0,377550
acrBp,0.08333333333333333,11,11,AAGTATGCTATACCTCGACC,0,372038
acrBp,0.08333333333333333,11,11,AAGTAAGCGAGAAAGCAGTG,0,408069
acrBp,0.08333333333333333,11,11,AAGCGTCGGCAAACCCCGGA,0,378868
acrBp,0.08333333333333333,11,11,AAGAATGCATCAAGTCTCTA,0,399771
acrBp,0.08333333333333333,11,11,AACTTGCTTCCTGTCTTTTG,0,393774
acrBp,0.08333333333333333,11,11,AACCTTGATTCGGTGCCTCG,0,396454
acrBp,0.08333333333333333,11,11,AACCGCAAAACTCGGAATGG,0,363294
acrBp,0.08333333333333333,11,11,AACCAGCCCATAATTTTCAA,0,386583
acrBp,0.08333333333333333,11,11,AACCACTGTAACGCAGCCAA,0,397136
acrBp,0.08333333333333333,11,11,AACATCCGTAGGCATCGAGT,0,361434
acrBp,0.08333333333333333,11,11,AAATTCCCTGGACGCCGGTT,0,359354
acrBp,0.08333333333333333,11,11,AAATACGAAACAATAAGAAG,0,367766
acrBp,0.08333333333333333,11,11,AAAGTTTCTCTTCCAAAGAG,0,403444
acrBp,0.08333333333333333,11,11,AAAAGGTTTGCTATCGTTGC,0,376601
acrBp,0.08333333333333333,11,11,AAAAACCTGATGTTCAGCTA,0,357496
acrBp,0.09090909090909091,10,10,TTTTTAACCGGTATTGATTC,0,397207
acrBp,0.09090909090909091,10,10,TTTTAGAAAATTCGTTTTGT,0,373700
acrBp,0.09090909090909091,10,10,TTTTACGCATTCGACCTTAC,0,364376
acrBp,0.09090909090909091,10,10,TTTTACCAGAGTACGTGTGC,0,366105
acrBp,0.09090909090909091,10,10,TTTGGCCCGCCCCGGTGGCC,0,391408
acrBp,0.09090909090909091,10,10,TTTGCCCGCGGGTCGCGTAG,0,383375
acrBp,0.09090909090909091,10,10,TTTCCGTCAAAACTTTGCCT,0,404639
acrBp,0.09090909090909091,10,10,TTTAGGGTCGAACATACCCC,0,394912
acrBp,0.09090909090909091,10,10,TTTAATCTGACTGCCCCACG,0,374922
acrBp,0.09090909090909091,10,10,TTGTGGCCGCCTTGTAAAGA,0,404557
acrBp,0.09090909090909091,10,10,TTGTGCAATAGCGGATGTAA,0,368556
acrBp,0.09090909090909091,10,10,TTGGTGGATGGGTACCTCTT,0,390138
acrBp,0.09090909090909091,10,10,TTGGGGTATGAAATCTCCTC,0,357614
acrBp,0.09090909090909091,10,10,TTGGCACCGGGAGGCCGTAC,0,357847
acrBp,0.09090909090909091,10,10,TTGGATTTTTTTAGTAGATA,0,404885
acrBp,0.09090909090909091,10,10,TTGGAACGGAGGAAATAGTG,0,358059
acrBp,0.09090909090909091,10,10,TTGCAGGTAGAAGACATCAC,0,388228
acrBp,0.09090909090909091,10,10,TTGAGCAGGGGCTCCACTGG,0,371235
acrBp,0.09090909090909091,10,10,TTGACCCACACGATCATATT,0,358155
acrBp,0.09090909090909091,10,10,TTGAATGTAGTTACGAGCAA,0,405071
acrBp,0.09090909090909091,10,10,TTCTTGGCCCTACGCCGGAC,0,361760
acrBp,0.09090909090909091,10,10,TTCTCGTCGTATTCCTCAGG,0,390567
acrBp,0.09090909090909091,10,10,TTCGTACGGTTTCGAGTCTC,0,368034
acrBp,0.09090909090909091,10,10,TTCGCCAGACAACCCGTCAA,0,402604
acrBp,0.09090909090909091,10,10,TTCCTAGGTCCGTCCTGATG,0,407505
acrBp,0.09090909090909091,10,10,TTCCTACGCTTAGAAAGAAG,0,388580
acrBp,0.09090909090909091,10,10,TTCCCTATTCTATGGCACGT,0,401287
acrBp,0.09090909090909091,10,10,TTCCCGTAAGAGCAGCGACC,0,378507
acrBp,0.09090909090909091,10,10,TTCAGTTAAGCCTGAACCGG,0,371572
acrBp,0.09090909090909091,10,10,TTCAGATTAAGAATTCCTGA,0,387978
acrBp,0.09090909090909091,10,10,TTCAACGACAGGCACGCAAT,0,396933
acrBp,0.09090909090909091,10,10,TTATGTCGTTTGTGTGGGGA,0,406850
acrBp,0.09090909090909091,10,10,TTATGCTGCCTGGTCCGGCC,0,362670
acrBp,0.09090909090909091,10,10,TTAGCAGAAGAACTGGCTGG,0,364279
acrBp,0.09090909090909091,10,10,TTAGATACCAAGGGGTCAGA,0,377981
acrBp,0.09090909090909091,10,10,TTACCAAAAAGGTGTGTCTT,0,362982
acrBp,0.09090909090909091,10,10,TTACATACAAACAACCGGAT,0,400787
acrBp,0.09090909090909091,10,10,TTACAATCAGTCTTCCCCTG,0,358921
acrBp,0.09090909090909091,10,10,TTAATGGGACTGACGGCACA,0,394188
acrBp,0.09090909090909091,10,10,TTAATGAGCCGTGCCACGTG,0,402501
acrBp,0.09090909090909091,10,10,TTAATCCTCAATTTATGGCA,0,384788
acrBp,0.09090909090909091,10,10,TTAATATGAAAAAAAAACAA,0,391605
acrBp,0.09090909090909091,10,10,TTAAGATTGTAGAATAAACT,0,392483
acrBp,0.09090909090909091,10,10,TTAACCTGGGCCTTCCTGCA,0,381501
acrBp,0.09090909090909091,10,10,TGTTCAGGGCGTACGAGGCC,0,380159
acrBp,0.09090909090909091,10,10,TGTGTAACTTGGACTACCGG,0,357092
acrBp,0.09090909090909091,10,10,TGTGGCAACCCCCGCTAGCG,0,369087
acrBp,0.09090909090909091,10,10,TGGTCTCCCTGGGCACGCTC,0,375465
acrBp,0.09090909090909091,10,10,TGGTACACGCAAAAATGGTT,0,358403
acrBp,0.09090909090909091,10,10,TGGGTTAACGTGCTTGCCTT,0,394096
acrBp,0.09090909090909091,10,10,TGGGACACTAATCCTGGCTT,0,407828
acrBp,0.09090909090909091,10,10,TGGGAAAGGGCACCTAAACA,0,379470
acrBp,0.09090909090909091,10,10,TGGCTCTGTAAACGAGTGGG,0,379880
acrBp,0.09090909090909091,10,10,TGGCGGCATGGTCATTCGAG,0,378576
acrBp,0.09090909090909091,10,10,TGGCGATGACGTTCCCGTGT,0,362931
acrBp,0.09090909090909091,10,10,TGGATCAGATCATAATGGTC,0,397929
acrBp,0.09090909090909091,10,10,TGCTTGCTGAGAGCGCTAGG,0,401579
acrBp,0.09090909090909091,10,10,TGCTTCTAAGCGTTTTGGGA,0,376681
acrBp,0.09090909090909091,10,10,TGCTCTAGGAACAAACACTA,0,380892
acrBp,0.09090909090909091,10,10,TGCGGGTGCTACCTTATGGA,0,366356
acrBp,0.09090909090909091,10,10,TGCCTGATCCGGAAATCTCT,0,399999
acrBp,0.09090909090909091,10,10,TGCCGTATCGTTTACTAGGA,0,377613
acrBp,0.09090909090909091,10,10,TGCCCGTCAGAACAGTCTGA,0,357066
acrBp,0.09090909090909091,10,10,TGCCAGCGCCATCACTGCCT,0,398242
acrBp,0.09090909090909091,10,10,TGCCACCTTAGCGGAAGACA,0,381900
acrBp,0.09090909090909091,10,10,TGCAAGTAAGGTCTCTCCTC,0,402098
acrBp,0.09090909090909091,10,10,TGCAACCTTACGGTGATAAG,0,371751
acrBp,0.09090909090909091,10,10,TGAGTTTGTCTATATCGAAC,0,406324
acrBp,0.09090909090909091,10,10,TGACAGTTCGGACCACACCC,0,374545
acrBp,0.09090909090909091,10,10,TGAACGTTGAGACGTAAGTA,0,379570
acrBp,0.09090909090909091,10,10,TCTTTGTGGGTCATACGTCT,0,357993
acrBp,0.09090909090909091,10,10,TCTGTATGGCTTCGCACCGA,0,377460
acrBp,0.09090909090909091,10,10,TCTCGCAAATAATTGGTTGT,0,385818
acrBp,0.09090909090909091,10,10,TCTCAAAGAGGCAGAATGGG,0,400317
acrBp,0.09090909090909091,10,10,TCTATACTGGATGAGGGTGT,0,407167
acrBp,0.09090909090909091,10,10,TCTACGAAGTATATCAGTGA,0,362073
acrBp,0.09090909090909091,10,10,TCTACACACTGGCGCCAATT,0,407394
acrBp,0.09090909090909091,10,10,TCTAAAGGCGGGCCAGCGCT,0,377797
acrBp,0.09090909090909091,10,10,TCGTTGTCTACGTATACCCC,0,384154
acrBp,0.09090909090909091,10,10,TCGGGAACGGGGACCAAGAG,0,359700
acrBp,0.09090909090909091,10,10,TCGCTGCGGCCTTCGTAAAA,0,386084
acrBp,0.09090909090909091,10,10,TCGCCGATTGGTTCAAGCGT,0,378058
acrBp,0.09090909090909091,10,10,TCGCAACACCGGCTTTAATG,0,392700
acrBp,0.09090909090909091,10,10,TCCTTATTGCGGTCCCGATG,0,390377
acrBp,0.09090909090909091,10,10,TCCTGGGGTGCGAAATCAAA,0,394224
acrBp,0.09090909090909091,10,10,TCCTCCGTTGAAAAACGGAT,0,401745
acrBp,0.09090909090909091,10,10,TCCGGCCTCCCGATCGCACC,0,387605
acrBp,0.09090909090909091,10,10,TCCCTTGTAAATGAAGGTAC,0,373732
acrBp,0.09090909090909091,10,10,TCCCAGTTGCCAACGAGCGC,0,372088
acrBp,0.09090909090909091,10,10,TCCAGGCTTCGGCCGGAACC,0,355669
acrBp,0.09090909090909091,10,10,TCCACTCCACCCGCTTCAGC,0,358951
acrBp,0.09090909090909091,10,10,TCATTCGCTCTAGTATGAGA,0,404979
acrBp,0.09090909090909091,10,10,TCATCCCGGTGGATACTGTA,0,362943
acrBp,0.09090909090909091,10,10,TCAGTGTGCACTCACAGACA,0,360686
acrBp,0.09090909090909091,10,10,TCAGTCATAATCGCAACCGG,0,379870
acrBp,0.09090909090909091,10,10,TCAGGTCACCTATGGCTAGT,0,357002
acrBp,0.09090909090909091,10,10,TCAGATGCGACCGGGCAGAC,0,398652
acrBp,0.09090909090909091,10,10,TCAGATCCCAGCAGTAGCGT,0,368842
acrBp,0.09090909090909091,10,10,TCAGAACCAAATCCGGTTCA,0,361867
acrBp,0.09090909090909091,10,10,TCACGCCATTATTTGTGCTG,0,367998
acrBp,0.09090909090909091,10,10,TATGTTGCGGTGGGCAATGA,0,363237
acrBp,0.09090909090909091,10,10,TATGCAGCACACAACGGCGT,0,393622
acrBp,0.09090909090909091,10,10,TATCCTGAATTCAGGTCAGA,0,364388
acrBp,0.09090909090909091,10,10,TATAGCAAAAAAATCGGTGG,0,384456
acrBp,0.09090909090909091,10,10,TATAAGGTGGGCAACCCTGT,0,378127
acrBp,0.09090909090909091,10,10,TAGGCAACCTCGGGCAGTAA,0,402666
acrBp,0.09090909090909091,10,10,TAGGATTGATCGAGGATTCG,0,357481
acrBp,0.09090909090909091,10,10,TAGGACACCATAGACCTTAA,0,375090
acrBp,0.09090909090909091,10,10,TAGCTCGTCGCCATTTCGTG,0,383470
acrBp,0.09090909090909091,10,10,TAGCGTCCATCCTGTCTGAA,0,365005
acrBp,0.09090909090909091,10,10,TAGCCGGATCGTTGACCTCC,0,395461
acrBp,0.09090909090909091,10,10,TAGCCCACAAGCTGACGGCA,0,363020
acrBp,0.09090909090909091,10,10,TAGAGGCCCCCGGATGGAGA,0,357782
acrBp,0.09090909090909091,10,10,TAGAGCCCTTCTACATCGAA,0,402843
acrBp,0.09090909090909091,10,10,TAGAAGACCATGCTCTACCA,0,405619
acrBp,0.09090909090909091,10,10,TACTGATGGATGTACTGTGT,0,395326
acrBp,0.09090909090909091,10,10,TACTCGGGGTAGAGACGGTG,0,404205
acrBp,0.09090909090909091,10,10,TACGTATCTCCCCTGTGATA,0,388091
acrBp,0.09090909090909091,10,10,TACGCTTAGGGTGTTTCGCG,0,403060
acrBp,0.09090909090909091,10,10,TACAGATCTCCCAGGTTAGG,0,371447
acrBp,0.09090909090909091,10,10,TAATGGTTGCCCGGTCGTTA,0,363291
acrBp,0.09090909090909091,10,10,TAATGCGTCATAGTAGCGAA,0,401431
acrBp,0.09090909090909091,10,10,TAATCGGAACATCGTCTTTA,0,403104
acrBp,0.09090909090909091,10,10,TAATAAACTAGGATCTGCGG,0,388595
acrBp,0.09090909090909091,10,10,TAAGGTCGGGTCTGGAGAAC,0,375827
acrBp,0.09090909090909091,10,10,TAAGGGTAGATGCGAGTGAA,0,395337
acrBp,0.09090909090909091,10,10,TAACGGCGGTTTGGAAGAGT,0,362733
acrBp,0.09090909090909091,10,10,TAACATCGGCTCGGTGACCC,0,407868
acrBp,0.09090909090909091,10,10,TAAAGTAGTTTAATCGAACT,0,364265
acrBp,0.09090909090909091,10,10,TAAAGACGTCGTGTACCGTT,0,367502
acrBp,0.09090909090909091,10,10,TAAACCCCTCACCGGCCACC,0,379261
acrBp,0.09090909090909091,10,10,GTTTGTCATACTGATGCCCT,0,395345
acrBp,0.09090909090909091,10,10,GTTTGTAATGTAGCACCTTT,0,357598
acrBp,0.09090909090909091,10,10,GTTTGCGCGGTCCGGCGTAC,0,378240
acrBp,0.09090909090909091,10,10,GTTTGACTCGGTAGTAGGTT,0,367517
acrBp,0.09090909090909091,10,10,GTTTCCGTAGGACTTGGGCG,0,406698
acrBp,0.09090909090909091,10,10,GTTTACCCCCTGCACAAAAC,0,369891
acrBp,0.09090909090909091,10,10,GTTTACAGAACAGATAGGAA,0,387577
acrBp,0.09090909090909091,10,10,GTTGGCATCCGGGTGACGAC,0,373410
acrBp,0.09090909090909091,10,10,GTTGCTTAGGGAAGATGTGT,0,388245
acrBp,0.09090909090909091,10,10,GTTCTGACACCATTAGACTT,0,368410
acrBp,0.09090909090909091,10,10,GTTCGATGGATCTGGCGAGA,0,393628
acrBp,0.09090909090909091,10,10,GTTCGAACGCCAAGTTCGCA,0,371935
acrBp,0.09090909090909091,10,10,GTTATGGACTGCTGCAGTTA,0,363997
acrBp,0.09090909090909091,10,10,GTTATAGACGATCAAACTTC,0,387915
acrBp,0.09090909090909091,10,10,GTTATACGCTGTGTATCAGC,0,370479
acrBp,0.09090909090909091,10,10,GTTAGTCTGCGTCAGCAGTA,0,382534
acrBp,0.09090909090909091,10,10,GTTAATTTAATAATTGCCGT,0,391571
acrBp,0.09090909090909091,10,10,GTGTTGCCGGAGCAATTAAC,0,390223
acrBp,0.09090909090909091,10,10,GTGTGTTATCTGAAGGTTGT,0,382861
acrBp,0.09090909090909091,10,10,GTGTCTGCTTGGCTCCGCAG,0,388756
acrBp,0.09090909090909091,10,10,GTGTCTGCATGGTCTCGGTT,0,377670
acrBp,0.09090909090909091,10,10,GTGGGTTTTTCACTCGATCT,0,396137
acrBp,0.09090909090909091,10,10,GTGGGCGAGGGCTGAGATTA,0,398842
acrBp,0.09090909090909091,10,10,GTGGCTAATTTAGCGGCAAT,0,408281
acrBp,0.09090909090909091,10,10,GTGGACGTAGGATGTTCGAC,0,394957
acrBp,0.09090909090909091,10,10,GTGCTGTCCTTTAACGATCT,0,403713
acrBp,0.09090909090909091,10,10,GTGCGCGTACAATGCGCAGG,0,393249
acrBp,0.09090909090909091,10,10,GTGCCACCAAAAACGCTAGT,0,372373
acrBp,0.09090909090909091,10,10,GTGCAGTAATGAATGCGGAC,0,378300
acrBp,0.09090909090909091,10,10,GTGACAAACATAAGGTCTGG,0,404782
acrBp,0.09090909090909091,10,10,GTCTTAAGCGCGTATGCCCA,0,360651
acrBp,0.09090909090909091,10,10,GTCTCGCACTATGCCGGCCG,0,397926
acrBp,0.09090909090909091,10,10,GTCGTGAAGTAACCTGGCGT,0,364620
acrBp,0.09090909090909091,10,10,GTCGGTCGAAGTTACCTGCA,0,377104
acrBp,0.09090909090909091,10,10,GTCGGCCCACTCGAGTTGCA,0,403680
acrBp,0.09090909090909091,10,10,GTCGCTGGCCCGGTTGCGCT,0,371028
acrBp,0.09090909090909091,10,10,GTCATGACCTGCAGACGCTA,0,362727
acrBp,0.09090909090909091,10,10,GTCAGGCGCAACAGACTCGC,0,360273
acrBp,0.09090909090909091,10,10,GTCAACACGTTCGGACCGGT,0,359348
acrBp,0.09090909090909091,10,10,GTATTGTCCCGAACTTTAGT,0,357755
acrBp,0.09090909090909091,10,10,GTATAGCTTGTTCCTAGTGA,0,397052
acrBp,0.09090909090909091,10,10,GTAGGTATGACTAGGCATGG,0,400867
acrBp,0.09090909090909091,10,10,GTAGAGCGCTGCAAGCAAGT,0,405913
acrBp,0.09090909090909091,10,10,GTACTGCGCGAGCCCCTGGC,0,390558
acrBp,0.09090909090909091,10,10,GTACGTCCGTTTATAATATT,0,364587
acrBp,0.09090909090909091,10,10,GTACACAATTCGGCCTATGG,0,386957
acrBp,0.09090909090909091,10,10,GTAAGATCCCTGGGACTCAC,0,372508
acrBp,0.09090909090909091,10,10,GTAAACCAATGACCCCTGGG,0,374174
acrBp,0.09090909090909091,10,10,GGTTCCGGTTTCGGTCCGCC,0,371231
acrBp,0.09090909090909091,10,10,GGTTAGCTTGGCCAACCCTC,0,397461
acrBp,0.09090909090909091,10,10,GGTGTTATCGCTCCCTAAAA,0,403814
acrBp,0.09090909090909091,10,10,GGTGGGCTCTACTTTTACCT,0,399969
acrBp,0.09090909090909091,10,10,GGTGGCAGGCATCAGTACAC,0,402408
acrBp,0.09090909090909091,10,10,GGTGCTATGTGAATGTCTCT,0,356513
acrBp,0.09090909090909091,10,10,GGTGAAACGAGGCCACTGGA,0,364651
acrBp,0.09090909090909091,10,10,GGTCTAGAGTCGAAGAAGGT,0,357596
acrBp,0.09090909090909091,10,10,GGTCGTCCCTCTGCCATTAC,0,384406
acrBp,0.09090909090909091,10,10,GGTCGCATGGGGGTCTCACT,0,403120
acrBp,0.09090909090909091,10,10,GGTCACGGACGGGTATTGTT,0,372365
acrBp,0.09090909090909091,10,10,GGTATACTCAATTCGATCCT,0,373647
acrBp,0.09090909090909091,10,10,GGTAGCGTTTTCGAAACGTA,0,393153
acrBp,0.09090909090909091,10,10,GGTAGACGAATCCAGGTGAA,0,370721
acrBp,0.09090909090909091,10,10,GGTACTCGACCCGTCTCTGG,0,367294
acrBp,0.09090909090909091,10,10,GGGTTAAGGGTCATCTATAT,0,394336
acrBp,0.09090909090909091,10,10,GGGTGGTAGTTCAGAACTGT,0,365576
acrBp,0.09090909090909091,10,10,GGGTGGACGTCACGCACATA,0,370837
acrBp,0.09090909090909091,10,10,GGGGAGTGAACATCTCTGAA,0,359017
acrBp,0.09090909090909091,10,10,GGGCTTATTTCAGATCATGA,0,384786
acrBp,0.09090909090909091,10,10,GGGCGGGACTAGGAGCCCAC,0,405187
acrBp,0.09090909090909091,10,10,GGGCGCGATTGAAAGAGGCA,0,397693
acrBp,0.09090909090909091,10,10,GGGCGACAAGTTCGTGAGGG,0,388912
acrBp,0.09090909090909091,10,10,GGGCATCAGGATTAATCCCA,0,357264
acrBp,0.09090909090909091,10,10,GGGATTGGATAATTCAAGCG,0,356678
acrBp,0.09090909090909091,10,10,GGGAGCACGACGCGCATACT,0,362362
acrBp,0.09090909090909091,10,10,GGGAACAACAGCCTGTAATT,0,357095
acrBp,0.09090909090909091,10,10,GGCTTGCCGGGCTTTAGTAT,0,399181
acrBp,0.09090909090909091,10,10,GGCTGATCTGGTGGTTCGGT,0,380380
acrBp,0.09090909090909091,10,10,GGCGGCCCCCATCTTTGCAT,0,398763
acrBp,0.09090909090909091,10,10,GGCGAGACCGCGACCAAGTA,0,396898
acrBp,0.09090909090909091,10,10,GGCCGCTTTACCAATCGGCC,0,369073
acrBp,0.09090909090909091,10,10,GGCCCACTTCTTCTTCCACA,0,371149
acrBp,0.09090909090909091,10,10,GGCCCAAGGTTGCATCTATT,0,388329
acrBp,0.09090909090909091,10,10,GGCCAGGCCGTCATTCCCAA,0,370436
acrBp,0.09090909090909091,10,10,GGCATGCACATCCTTACTAT,0,397015
acrBp,0.09090909090909091,10,10,GGCAGACCGGCGCCCCGTTC,0,376280
acrBp,0.09090909090909091,10,10,GGCAATGGTCACAAGAGGCA,0,408336
acrBp,0.09090909090909091,10,10,GGATGTACCCCCCATGAGCT,0,379118
acrBp,0.09090909090909091,10,10,GGATATTAGACAGGCTGGGA,0,380423
acrBp,0.09090909090909091,10,10,GGATACACAAATTTACCGTG,0,404925
acrBp,0.09090909090909091,10,10,GGAGATTAGTTTGCGCGATA,0,362058
acrBp,0.09090909090909091,10,10,GGAGATCTCCTCTGCAGACA,0,394694
acrBp,0.09090909090909091,10,10,GGACTGGCTGACAAACAAGG,0,361702
acrBp,0.09090909090909091,10,10,GGAATCGAAGGGTACTGGCT,0,368580
acrBp,0.09090909090909091,10,10,GGAAACCTAGGCCCCGGAGG,0,357014
acrBp,0.09090909090909091,10,10,GCTTAGATTTTACGACGTGA,0,402003
acrBp,0.09090909090909091,10,10,GCTGCGCTCCCAGGCGCTAG,0,379995
acrBp,0.09090909090909091,10,10,GCTATCCGGTGTCTAACATC,0,393418
acrBp,0.09090909090909091,10,10,GCGTGCCCTCTTGTTACTTC,0,387991
acrBp,0.09090909090909091,10,10,GCGTCGGGGTTTGTGGTACT,0,391136
acrBp,0.09090909090909091,10,10,GCGGTGAGATCCTGTCGTTA,0,401337
acrBp,0.09090909090909091,10,10,GCGGGGTTCATAGCCGCGGT,0,356599
acrBp,0.09090909090909091,10,10,GCGGCGTTTCGTTTATCCAA,0,369799
acrBp,0.09090909090909091,10,10,GCGCGGCTCTTAGAGAACAG,0,370518
acrBp,0.09090909090909091,10,10,GCGCCATTTTCCGTTTCGGG,0,365121
acrBp,0.09090909090909091,10,10,GCGCATGTGCTCGCACGGCT,0,392022
acrBp,0.09090909090909091,10,10,GCGATATCAACACTAGCGGC,0,405005
acrBp,0.09090909090909091,10,10,GCGAAATGAGTGCCATTGCC,0,370520
acrBp,0.09090909090909091,10,10,GCCTTACAAACGGGGATCCG,0,407883
acrBp,0.09090909090909091,10,10,GCCTGGGTGAGAATTACGGG,0,366063
acrBp,0.09090909090909091,10,10,GCCGGCGAGAGGACTCCACG,0,355591
acrBp,0.09090909090909091,10,10,GCCAGAAAGAGCTTCAGGTT,0,356097
acrBp,0.09090909090909091,10,10,GCATTCCTCTGTTTGGATCA,0,376450
acrBp,0.09090909090909091,10,10,GCATGCCAAGCTAGACACTA,0,389724
acrBp,0.09090909090909091,10,10,GCATAGGCTCACCCATTTCG,0,402784
acrBp,0.09090909090909091,10,10,GCATAATAAAAATCCCTAAA,0,407345
acrBp,0.09090909090909091,10,10,GCATAAGGCGCCAGTACAAT,0,390831
acrBp,0.09090909090909091,10,10,GCAGACTGTAGTGGTAATCC,0,359970
acrBp,0.09090909090909091,10,10,GCAGAATGTGATAGTATGAA,0,369779
acrBp,0.09090909090909091,10,10,GCACCAAGGCTGGAACCCCT,0,408313
acrBp,0.09090909090909091,10,10,GCACATGATTACGGTATGCT,0,391306
acrBp,0.09090909090909091,10,10,GCAATATGCTACGGGTGGCG,0,385114
acrBp,0.09090909090909091,10,10,GCAAGTCGTCATTGTGTCCT,0,371819
acrBp,0.09090909090909091,10,10,GATTTAAACATCTACGCGCA,0,401029
acrBp,0.09090909090909091,10,10,GATTGCGACTGATACAGTAA,0,357696
acrBp,0.09090909090909091,10,10,GATTCAGCTACAATTCCAGA,0,390590
acrBp,0.09090909090909091,10,10,GATCGGGAGAGCCGTGATTA,0,355698
acrBp,0.09090909090909091,10,10,GATATGCCTCGCGAGCTCCA,0,367686
acrBp,0.09090909090909091,10,10,GATATAGGCATGACGCTTAC,0,405179
acrBp,0.09090909090909091,10,10,GATAGCACAGGCTGCACGGC,0,396529
acrBp,0.09090909090909091,10,10,GATAAAACAGGTTGTCGTAA,0,396857
acrBp,0.09090909090909091,10,10,GAGTGCATGCAGCGGGCACC,0,380649
acrBp,0.09090909090909091,10,10,GAGTACGGTCTTACTAATCT,0,362611
acrBp,0.09090909090909091,10,10,GAGGGTGCATTGAATGAGAA,0,384514
acrBp,0.09090909090909091,10,10,GAGGCCGTATCATTCATGAA,0,370296
acrBp,0.09090909090909091,10,10,GAGCGTGCGTTCAAGTTCAA,0,372075
acrBp,0.09090909090909091,10,10,GAGCCGGTATTGGATTAACT,0,355161
acrBp,0.09090909090909091,10,10,GAGCATCTTAATTGGTCACT,0,395052
acrBp,0.09090909090909091,10,10,GAGCAAGCGTGAGATTCGGT,0,381850
acrBp,0.09090909090909091,10,10,GACTCTTACACTGCTGAGCC,0,392491
acrBp,0.09090909090909091,10,10,GACGTGTACGATAACGTGAA,0,396251
acrBp,0.09090909090909091,10,10,GACGGGGTGCCTATTCCTTG,0,386184
acrBp,0.09090909090909091,10,10,GACGCGTGACCCCGCTTTCT,0,371234
acrBp,0.09090909090909091,10,10,GACGCCCGCTTAACTTAGCC,0,367955
acrBp,0.09090909090909091,10,10,GACCACAATATCCAAGCCAG,0,387767
acrBp,0.09090909090909091,10,10,GACCAACTTAGTCGTACCGA,0,368029
acrBp,0.09090909090909091,10,10,GACACATTGCGAAGTCATGC,0,385739
acrBp,0.09090909090909091,10,10,GACAACCTATAAATCAGTGT,0,355952
acrBp,0.09090909090909091,10,10,GAATAAAGAGGAGAGCGGGA,0,377573
acrBp,0.09090909090909091,10,10,GAAGGGTCAGGTAATGATGG,0,389695
acrBp,0.09090909090909091,10,10,GAACTAATATGCACAGATGT,0,402258
acrBp,0.09090909090909091,10,10,GAACATGAAGCTTCATGAGC,0,399807
acrBp,0.09090909090909091,10,10,GAACAATCATCAGCGCTAAG,0,384243
acrBp,0.09090909090909091,10,10,GAAATGCGTCCTCAGGCTAG,0,367247
acrBp,0.09090909090909091,10,10,CTTTGCCGCCAACGCTGCCA,0,355029
acrBp,0.09090909090909091,10,10,CTTTGAATTGGTAAGAGTTA,0,404647
acrBp,0.09090909090909091,10,10,CTTTCTGCATTTGCAAGACA,0,404918
acrBp,0.09090909090909091,10,10,CTTCAGTGTACGTTTGCGGA,0,368884
acrBp,0.09090909090909091,10,10,CTTATTGGCCTCCAGAATTG,0,396401
acrBp,0.09090909090909091,10,10,CTTAGTAAACAACACTTTTC,0,390958
acrBp,0.09090909090909091,10,10,CTTAGGACTAATACACCGTG,0,358839
acrBp,0.09090909090909091,10,10,CTTAGCTATTTAGTCAGGGT,0,386567
acrBp,0.09090909090909091,10,10,CTTACTTACCGTTCCACTGT,0,363339
acrBp,0.09090909090909091,10,10,CTTACTTACAACGGTCTTCA,0,365509
acrBp,0.09090909090909091,10,10,CTGTTAATTGGTAGCTGCAT,0,382596
acrBp,0.09090909090909091,10,10,CTGTCAGACTAATCGCCTCG,0,401179
acrBp,0.09090909090909091,10,10,CTGGTTACGACTCGGAGACA,0,403558
acrBp,0.09090909090909091,10,10,CTGGTTAATCCGTTGGGTAT,0,400784
acrBp,0.09090909090909091,10,10,CTGGTCACAGGAGCGTGGAT,0,365928
acrBp,0.09090909090909091,10,10,CTGGGCGTTTCGGTGCGAGA,0,370939
acrBp,0.09090909090909091,10,10,CTGGAAGTGACCCCTATCGG,0,355804
acrBp,0.09090909090909091,10,10,CTGCGAATCATCTGTCTAAT,0,369505
acrBp,0.09090909090909091,10,10,CTGATGTTTCTAAGGATAAG,0,382466
acrBp,0.09090909090909091,10,10,CTGATGTGTCGGCATCGGGG,0,378738
acrBp,0.09090909090909091,10,10,CTGAGATAGTGTTGGTCACC,0,365993
acrBp,0.09090909090909091,10,10,CTCTTATGCTACGTAGCGCC,0,398869
acrBp,0.09090909090909091,10,10,CTCTGTTGGACAGGCCCTAA,0,379521
acrBp,0.09090909090909091,10,10,CTCGGTCGGGGTAATAGATA,0,387550
acrBp,0.09090909090909091,10,10,CTCGGGATCGTAGCTGATAG,0,358188
acrBp,0.09090909090909091,10,10,CTATTGACCGTTGCATTTTA,0,394248
acrBp,0.09090909090909091,10,10,CTATGCAGATTGAGCGCTAA,0,387269
acrBp,0.09090909090909091,10,10,CTAGTAAACGGTCATCCTAG,0,384030
acrBp,0.09090909090909091,10,10,CTACGATAACTGCCAACCAA,0,388332
acrBp,0.09090909090909091,10,10,CTACCTAGGTTATGTCTGGT,0,400615
acrBp,0.09090909090909091,10,10,CTACAAGCTATGCATCATCC,0,401246
acrBp,0.09090909090909091,10,10,CTAAACTGGGGGTTGGCAGT,0,356158
acrBp,0.09090909090909091,10,10,CGTTTTCACATCGGGCACGG,0,364619
acrBp,0.09090909090909091,10,10,CGTTTCAGTCAATGTCTTGG,0,405035
acrBp,0.09090909090909091,10,10,CGTCCGGCCACCCACGTCAC,0,366367
acrBp,0.09090909090909091,10,10,CGTAGGATTATCATCCCAGA,0,358250
acrBp,0.09090909090909091,10,10,CGTACGAGTCGTTGGCGATA,0,398187
acrBp,0.09090909090909091,10,10,CGTACCGAGGGCTTTAGTGT,0,400652
acrBp,0.09090909090909091,10,10,CGTAATCTAGGGCAAATATA,0,380797
acrBp,0.09090909090909091,10,10,CGGTCTATACGGCCATTCCG,0,394307
acrBp,0.09090909090909091,10,10,CGGTAGAACGCGCCGTATCG,0,393802
acrBp,0.09090909090909091,10,10,CGGGTTCCCACTGATTGATT,0,367048
acrBp,0.09090909090909091,10,10,CGGGGAGCGAGTGGATTCAT,0,362490
acrBp,0.09090909090909091,10,10,CGGGCCAGCCCTCTTATTGT,0,389434
acrBp,0.09090909090909091,10,10,CGGGAGACACAGACGAAAGA,0,363499
acrBp,0.09090909090909091,10,10,CGGCGCCTGACGTCGGATAA,0,393342
acrBp,0.09090909090909091,10,10,CGGCGAGTGCAGTTATTATG,0,382980
acrBp,0.09090909090909091,10,10,CGGCATCTCATGTTGCATAA,0,386889
acrBp,0.09090909090909091,10,10,CGGCAACATACCGCGATACG,0,390455
acrBp,0.09090909090909091,10,10,CGGATGTTGACTATGTGGTC,0,362354
acrBp,0.09090909090909091,10,10,CGGAGGTTGAGTGGACATCT,0,391382
acrBp,0.09090909090909091,10,10,CGGAGGCGATTTCTTAAAGC,0,399208
acrBp,0.09090909090909091,10,10,CGGAAAGGTTAGAAAGTCCT,0,379674
acrBp,0.09090909090909091,10,10,CGCTCCATGACGGAGAGTTG,0,367354
acrBp,0.09090909090909091,10,10,CGCGGACCCAACCTGTTAGT,0,393484
acrBp,0.09090909090909091,10,10,CGCGGACACATACCAGGCGA,0,365935
acrBp,0.09090909090909091,10,10,CGCATCGGCCGTCATCGATA,0,363683
acrBp,0.09090909090909091,10,10,CGCACTTTGCCGTCCTACGT,0,368975
acrBp,0.09090909090909091,10,10,CGCACCCGACGACGAAAGTT,0,402747
acrBp,0.09090909090909091,10,10,CGCACACCATAGTATATTCC,0,360205
acrBp,0.09090909090909091,10,10,CGCAACTATCCGAGTCAGGA,0,364037
acrBp,0.09090909090909091,10,10,CGATTGCGCCAGTGTACCAG,0,405848
acrBp,0.09090909090909091,10,10,CGATACAGATCCCATGCCCC,0,361341
acrBp,0.09090909090909091,10,10,CGAGGACATGCAGCATAGTG,0,357272
acrBp,0.09090909090909091,10,10,CGACTCTTGGCCCCTGTAAC,0,399838
acrBp,0.09090909090909091,10,10,CGACCAATTGGGATTCTTAA,0,361302
acrBp,0.09090909090909091,10,10,CGACATGTCATGGTCTCTGT,0,360493
acrBp,0.09090909090909091,10,10,CGAATCCTACCCCCACAAGT,0,384527
acrBp,0.09090909090909091,10,10,CGAACGTGGCAATCGTAACA,0,363261
acrBp,0.09090909090909091,10,10,CGAAAGACTCAATTGTCTTC,0,382877
acrBp,0.09090909090909091,10,10,CCTTTTCAGGTTACAAGAGT,0,395327
acrBp,0.09090909090909091,10,10,CCTGTCTACACTATTGCCCA,0,385918
acrBp,0.09090909090909091,10,10,CCTGTCGTACCGTAGCAGTT,0,378675
acrBp,0.09090909090909091,10,10,CCTCGTGCGCAAGGACCATC,0,381268
acrBp,0.09090909090909091,10,10,CCTCGCCGGTTAGGAGGGAA,0,373914
acrBp,0.09090909090909091,10,10,CCTCATCTCAACTTCAGTGT,0,399932
acrBp,0.09090909090909091,10,10,CCTATATTTCGTTCCCTGGG,0,398960
acrBp,0.09090909090909091,10,10,CCTACCACTCGCCATTCCGT,0,396080
acrBp,0.09090909090909091,10,10,CCGTTGCCCTTTTACGCTAT,0,393524
acrBp,0.09090909090909091,10,10,CCGTCTCTTCGGCGACGCAA,0,389719
acrBp,0.09090909090909091,10,10,CCGTACTGTTGGGATTAGTA,0,365633
acrBp,0.09090909090909091,10,10,CCGGGCAGGGCCGCGCTCTT,0,389832
acrBp,0.09090909090909091,10,10,CCGGATTATTGTTAAAACGA,0,392090
acrBp,0.09090909090909091,10,10,CCGGATGACCCCGGAAAGCC,0,385071
acrBp,0.09090909090909091,10,10,CCGCTGACAAAAAAAGTATC,0,383947
acrBp,0.09090909090909091,10,10,CCGCCACTCATTCACACGCT,0,403318
acrBp,0.09090909090909091,10,10,CCGATTGACGGGTTTGGTAA,0,359899
acrBp,0.09090909090909091,10,10,CCGATACATTGCACCTCTTG,0,370547
acrBp,0.09090909090909091,10,10,CCGACGGTAGTTCGTAGTAG,0,392624
acrBp,0.09090909090909091,10,10,CCCTCCAGGTGACCGCCACA,0,387351
acrBp,0.09090909090909091,10,10,CCCGTTACTTTGAGAAAGTA,0,368655
acrBp,0.09090909090909091,10,10,CCCGGATTTGCCCGGCGAAA,0,364223
acrBp,0.09090909090909091,10,10,CCCGCTCCGATGCAATGGGA,0,407847
acrBp,0.09090909090909091,10,10,CCCCTGTCGCCCTCTATATA,0,369454
acrBp,0.09090909090909091,10,10,CCCCCGCCACAAGCTTCGCA,0,361951
acrBp,0.09090909090909091,10,10,CCCCCACAGACGACCCGGCG,0,370190
acrBp,0.09090909090909091,10,10,CCCAGGAAACAGAACACTAA,0,405693
acrBp,0.09090909090909091,10,10,CCCACAGACGTCTAACGCCT,0,402778
acrBp,0.09090909090909091,10,10,CCCAATGGGACACAACGCTG,0,384483
acrBp,0.09090909090909091,10,10,CCCAAAAGATAAGCCGCTCA,0,385122
acrBp,0.09090909090909091,10,10,CCAGCGGGCAGCAAGAATCC,0,364560
acrBp,0.09090909090909091,10,10,CCAGCGGACAGCCACTATAG,0,403959
acrBp,0.09090909090909091,10,10,CCAGACAACTGATAGATATC,0,386280
acrBp,0.09090909090909091,10,10,CCACGAGGCAAACTGTATTC,0,358531
acrBp,0.09090909090909091,10,10,CCACCTGGGAACTATCCCCA,0,380006
acrBp,0.09090909090909091,10,10,CCACCGGGAGAGGTGCGATT,0,373009
acrBp,0.09090909090909091,10,10,CCACCGCTTCGCGGCCCCAC,0,378803
acrBp,0.09090909090909091,10,10,CCAATTTCCATGTAACCGTC,0,368094
acrBp,0.09090909090909091,10,10,CCAACCGGGGCTCCTGTAAG,0,357628
acrBp,0.09090909090909091,10,10,CATTTTTTGAGTCTATCAAC,0,375667
acrBp,0.09090909090909091,10,10,CATTTAATGACCTGTTTGAG,0,370368
acrBp,0.09090909090909091,10,10,CATTCCCTTGATCGGGCTTC,0,365328
acrBp,0.09090909090909091,10,10,CATTCATACGTTAGTTCGAG,0,402652
acrBp,0.09090909090909091,10,10,CATGTCATTGCGGACTGGGA,0,379690
acrBp,0.09090909090909091,10,10,CATGGCTTACTTTGCCGTGG,0,386762
acrBp,0.09090909090909091,10,10,CATGCAACCCCAGAGCCGAT,0,388790
acrBp,0.09090909090909091,10,10,CATACGTTCAGCGGGTTGTC,0,364584
acrBp,0.09090909090909091,10,10,CAGTTGTCGGCGAATCTCGG,0,389906
acrBp,0.09090909090909091,10,10,CAGTGCGGATCAGCGATGTG,0,363296
acrBp,0.09090909090909091,10,10,CAGTGATTTTTGAGACACAT,0,375701
acrBp,0.09090909090909091,10,10,CAGTCATCGCGGTCGGGTGA,0,360966
acrBp,0.09090909090909091,10,10,CAGGTCTGACAAGCGTTTCC,0,359099
acrBp,0.09090909090909091,10,10,CAGCGGAACCACATCTCTGG,0,380341
acrBp,0.09090909090909091,10,10,CAGCATACAACTGGCTGTCC,0,398711
acrBp,0.09090909090909091,10,10,CAGCACCCGCTCTGCGGACG,0,400522
acrBp,0.09090909090909091,10,10,CAGCAAGTTTCGGGCCGGAT,0,377899
acrBp,0.09090909090909091,10,10,CAGACTGTACAGTACACACA,0,357062
acrBp,0.09090909090909091,10,10,CACTGACAAAGCGCAGTTTG,0,406500
acrBp,0.09090909090909091,10,10,CACGTACGCTTCCCATCAAA,0,372072
acrBp,0.09090909090909091,10,10,CACGGATTCTCCCGTTTTCA,0,396435
acrBp,0.09090909090909091,10,10,CACGCTGGTATATGGGCAAT,0,368224
acrBp,0.09090909090909091,10,10,CACGCGTTGGTTTATGTGTA,0,394121
acrBp,0.09090909090909091,10,10,CACGACCTGGGAGACATTGC,0,387032
acrBp,0.09090909090909091,10,10,CACCTTACCCAACCGGCAGT,0,378061
acrBp,0.09090909090909091,10,10,CACACGCTGCACGTCCCAAG,0,386403
acrBp,0.09090909090909091,10,10,CACAACTCGTTCGCTAACGT,0,399419
acrBp,0.09090909090909091,10,10,CAATTAGCCAGCTATACGGC,0,405210
acrBp,0.09090909090909091,10,10,CAATTAATTTAACCAGACTC,0,380118
acrBp,0.09090909090909091,10,10,CAATGCAACTCCCCAATCCA,0,381438
acrBp,0.09090909090909091,10,10,CAAGGGGGCGAACGTGCCGC,0,376144
acrBp,0.09090909090909091,10,10,CAAGGCTAGCATCTCACCCG,0,368398
acrBp,0.09090909090909091,10,10,CAAGATCGGACTGAGCCGCA,0,381800
acrBp,0.09090909090909091,10,10,CAACACTGGGAGCCAGTCGG,0,374663
acrBp,0.09090909090909091,10,10,CAACACTACCCCTACAGCTT,0,362171
acrBp,0.09090909090909091,10,10,ATTGCTTTAGGATTCCGACG,0,364490
acrBp,0.09090909090909091,10,10,ATTGATGACTCGTGTGGCAG,0,373879
acrBp,0.09090909090909091,10,10,ATTGAGTTACCAAGCCCCCG,0,366572
acrBp,0.09090909090909091,10,10,ATTGAAATGTGCATGTCGGC,0,369182
acrBp,0.09090909090909091,10,10,ATTCGGGTCTCGATTGACTG,0,387607
acrBp,0.09090909090909091,10,10,ATTCGAATCCAAGGAAGAGC,0,377837
acrBp,0.09090909090909091,10,10,ATTCCGACAAGAACGCTCCC,0,384675
acrBp,0.09090909090909091,10,10,ATTCATGGATGTTGGCCCCC,0,373800
acrBp,0.09090909090909091,10,10,ATTCACGAAACGGTCTAAAG,0,390425
acrBp,0.09090909090909091,10,10,ATTCAATCCCCGAGTCGCGA,0,362067
acrBp,0.09090909090909091,10,10,ATTACGTTTACGGCGCGTAC,0,376278
acrBp,0.09090909090909091,10,10,ATGTTTCATAGGGCAGATGG,0,364967
acrBp,0.09090909090909091,10,10,ATGTGGCGTATCCACGAAGA,0,376282
acrBp,0.09090909090909091,10,10,ATGTATGGGTGCTGCCTTGA,0,370253
acrBp,0.09090909090909091,10,10,ATGGTATCCTGGCATCGTTC,0,370881
acrBp,0.09090909090909091,10,10,ATGGGTTGAGTTCGTGGTGC,0,392818
acrBp,0.09090909090909091,10,10,ATGGGCTGTGGATACGAGTC,0,368016
acrBp,0.09090909090909091,10,10,ATGGAGGGAACGTATTCAAT,0,384530
acrBp,0.09090909090909091,10,10,ATGGAGGACAGACACAAATG,0,395218
acrBp,0.09090909090909091,10,10,ATGCTTTATACCTCTTTCAC,0,407321
acrBp,0.09090909090909091,10,10,ATGCTGATGCTAAACCCTGT,0,401538
acrBp,0.09090909090909091,10,10,ATGCGTCGGATCAAGGTAAT,0,373308
acrBp,0.09090909090909091,10,10,ATGCGACCATCCTGTGCGGT,0,355235
acrBp,0.09090909090909091,10,10,ATGCAGCTGCAAACGAAGAA,0,400535
acrBp,0.09090909090909091,10,10,ATGATCAGAGACCAAGGCTT,0,402301
acrBp,0.09090909090909091,10,10,ATCTACTAATGGTAGGACAA,0,405418
acrBp,0.09090909090909091,10,10,ATCGCGAGGGTCGTGTGAAA,0,391961
acrBp,0.09090909090909091,10,10,ATCGAGGGGCCGTGAAGAAA,0,357829
acrBp,0.09090909090909091,10,10,ATCCGTGACGATCAAAGAAA,0,357789
acrBp,0.09090909090909091,10,10,ATCCCGTCATCGTTTGCTCT,0,402535
acrBp,0.09090909090909091,10,10,ATCATGCAGGTGGCCAGGTG,0,396763
acrBp,0.09090909090909091,10,10,ATCAGGTATAGATCTAGAAT,0,362518
acrBp,0.09090909090909091,10,10,ATCAGAAAATCGTCAGTTCC,0,391786
acrBp,0.09090909090909091,10,10,ATATCTACGAGTGTATCCGG,0,366236
acrBp,0.09090909090909091,10,10,ATATCAAGATTCAAGGAGTT,0,369313
acrBp,0.09090909090909091,10,10,ATAGGCAGATTAAAGCTATC,0,377908
acrBp,0.09090909090909091,10,10,ATACTAGGCCCTTTCTTAAC,0,364079
acrBp,0.09090909090909091,10,10,ATACTAATTACCGGTCACCT,0,379276
acrBp,0.09090909090909091,10,10,ATACGTTGTCTTAGGACAGA,0,402605
acrBp,0.09090909090909091,10,10,ATACCCCGTTAGTCGCCCAC,0,386150
acrBp,0.09090909090909091,10,10,ATACACATCTCCGAAGTAGA,0,371268
acrBp,0.09090909090909091,10,10,ATAAACGCCGGTCGTTCTCA,0,358884
acrBp,0.09090909090909091,10,10,AGTTTGCTCATCATCCGACC,0,399820
acrBp,0.09090909090909091,10,10,AGTGGTAGAGACAGGTCGAA,0,360739
acrBp,0.09090909090909091,10,10,AGTGCGACCACAACAGCCGT,0,387812
acrBp,0.09090909090909091,10,10,AGTACGAGGTAATTGGAGAA,0,404577
acrBp,0.09090909090909091,10,10,AGTAAGTTGCGCGCTGCCGG,0,363623
acrBp,0.09090909090909091,10,10,AGGGGTCATAGTACAATGTG,0,365669
acrBp,0.09090909090909091,10,10,AGGGCTACAGCGATCAAACC,0,364076
acrBp,0.09090909090909091,10,10,AGGCGTGTGGTGTCACCTCA,0,403838
acrBp,0.09090909090909091,10,10,AGGCGGCATTTGGTTCTCTC,0,397421
acrBp,0.09090909090909091,10,10,AGGCCGTACTGATTTCTACC,0,374352
acrBp,0.09090909090909091,10,10,AGGAGTACGTCTAGCGGCAT,0,386648
acrBp,0.09090909090909091,10,10,AGGAGAGTAAAATTCAACCG,0,382132
acrBp,0.09090909090909091,10,10,AGGACGAGGCCCAAGGATAT,0,360826
acrBp,0.09090909090909091,10,10,AGCTTGAGAGCTGAGCACTA,0,378234
acrBp,0.09090909090909091,10,10,AGCTGAAATCGGTTGTGACA,0,390156
acrBp,0.09090909090909091,10,10,AGCGGCGTTCGAGGGGTTCT,0,390768
acrBp,0.09090909090909091,10,10,AGCGGCATGGTCACTCAGCT,0,396810
acrBp,0.09090909090909091,10,10,AGCCTGTTCACTGTCGTGGT,0,399248
acrBp,0.09090909090909091,10,10,AGCCCTTCTCCTTGTTCCTG,0,388512
acrBp,0.09090909090909091,10,10,AGCCCTAGATTCACTCAGCC,0,370374
acrBp,0.09090909090909091,10,10,AGCCCCCTGTTGAGTTCACC,0,377897
acrBp,0.09090909090909091,10,10,AGCCACAAACGGGAGGCAAG,0,400963
acrBp,0.09090909090909091,10,10,AGCATACCGTCATTGTATAA,0,376536
acrBp,0.09090909090909091,10,10,AGCACACGGGGTTAGATAAG,0,378207
acrBp,0.09090909090909091,10,10,AGCAACCCGTGTACACTCAG,0,370501
acrBp,0.09090909090909091,10,10,AGATGCCGCTTTCGCAACAG,0,358440
acrBp,0.09090909090909091,10,10,AGATGATTAGACTCGCTCCC,0,387981
acrBp,0.09090909090909091,10,10,AGACGTAAGTGGCCCATTGG,0,363369
acrBp,0.09090909090909091,10,10,AGACGCTGGCTGTGTTTAGT,0,376778
acrBp,0.09090909090909091,10,10,AGACGCCCGGACCGGCTCAC,0,372699
acrBp,0.09090909090909091,10,10,AGAAGGCATCATGCCGAAAT,0,372092
acrBp,0.09090909090909091,10,10,AGAAGCGGGCGTATTGACCA,0,367636
acrBp,0.09090909090909091,10,10,AGAACTCGCTGCGATATATG,0,375444
acrBp,0.09090909090909091,10,10,AGAACCTATTGGGACGGGTT,0,372333
acrBp,0.09090909090909091,10,10,ACTTTACAGGATGTCCTAAT,0,408548
acrBp,0.09090909090909091,10,10,ACTTCGTCCCGACGTTGGGG,0,402842
acrBp,0.09090909090909091,10,10,ACTTCGTCACGGGCCGTTTG,0,380121
acrBp,0.09090909090909091,10,10,ACTTCAATACCAGGCCTAAA,0,365077
acrBp,0.09090909090909091,10,10,ACTGGAGGCGGTCAATTCCT,0,391638
acrBp,0.09090909090909091,10,10,ACTGGACAGGGCAGAGCCAC,0,371443
acrBp,0.09090909090909091,10,10,ACTCGACTTCACGAACAAGT,0,397615
acrBp,0.09090909090909091,10,10,ACTATAATAATGGGGTCTCG,0,378015
acrBp,0.09090909090909091,10,10,ACTAGAGCGCTCCGAGCAGT,0,388163
acrBp,0.09090909090909091,10,10,ACGTTGCACTCAGCGGGAGA,0,382795
acrBp,0.09090909090909091,10,10,ACGTGGCATCTAGGTTTAGG,0,357145
acrBp,0.09090909090909091,10,10,ACGTCAGTCGAATGTCTAAA,0,376939
acrBp,0.09090909090909091,10,10,ACGTAGCTGCATGCCGGAGA,0,394441
acrBp,0.09090909090909091,10,10,ACGGTTTGGGCCGCTATCTG,0,359975
acrBp,0.09090909090909091,10,10,ACGGGGGTATCGTCTGGAGG,0,391818
acrBp,0.09090909090909091,10,10,ACGGGACGGTTCGACTAGAT,0,361298
acrBp,0.09090909090909091,10,10,ACGGCCCCCAAAGCATATAT,0,401550
acrBp,0.09090909090909091,10,10,ACGCTTTCGCATCCAGGCGT,0,366086
acrBp,0.09090909090909091,10,10,ACGCGTATAAGTTCCCGTTT,0,368320
acrBp,0.09090909090909091,10,10,ACGCGCAGTGCCTGCAAGTG,0,405083
acrBp,0.09090909090909091,10,10,ACGATGAGATACTAAGTCCG,0,368797
acrBp,0.09090909090909091,10,10,ACGAGTACGTCGTTCAACGG,0,364346
acrBp,0.09090909090909091,10,10,ACGAATCCTGGGTGCCTTCG,0,385038
acrBp,0.09090909090909091,10,10,ACGAAAACAGCATATAGATT,0,366620
acrBp,0.09090909090909091,10,10,ACCTAGGAGTGGGAATAGGG,0,376226
acrBp,0.09090909090909091,10,10,ACCGTCCTCTTGGACTAAGT,0,360560
acrBp,0.09090909090909091,10,10,ACCGTACGTTCGATAAAGAG,0,395754
acrBp,0.09090909090909091,10,10,ACCGAATTGTATCCCATCCA,0,388049
acrBp,0.09090909090909091,10,10,ACCCTAAAGTGGATTCTCGT,0,366352
acrBp,0.09090909090909091,10,10,ACCCCCCCAACTGAGACAAG,0,384636
acrBp,0.09090909090909091,10,10,ACCACAAAGTCACCGGGTAT,0,362193
acrBp,0.09090909090909091,10,10,ACCAAGGGTTTCTCACTTTC,0,375703
acrBp,0.09090909090909091,10,10,ACCAAATAACCCCCTTAAAG,0,388586
acrBp,0.09090909090909091,10,10,ACATAATTGGGACTGATACG,0,365502
acrBp,0.09090909090909091,10,10,ACAGGTTCCGACTGCAATAC,0,406344
acrBp,0.09090909090909091,10,10,ACAGGCTTAGCGCCAGTCGG,0,406179
acrBp,0.09090909090909091,10,10,ACAGGCCCACCAAATGGGTG,0,394125
acrBp,0.09090909090909091,10,10,ACAGCCTGAGGTTCCGATTC,0,384486
acrBp,0.09090909090909091,10,10,ACACCGGCTGTTGGCTGTTG,0,403768
acrBp,0.09090909090909091,10,10,ACACACCGACACTCCCGCGC,0,391675
acrBp,0.09090909090909091,10,10,ACACAAGCGGGGAGCGTGGC,0,388429
acrBp,0.09090909090909091,10,10,ACAAGGGTGAACAGCTGGCA,0,378919
acrBp,0.09090909090909091,10,10,ACAAGGACTGGCCTTCGGAA,0,369721
acrBp,0.09090909090909091,10,10,AATTTTGTTGTTGCCCATTC,0,393059
acrBp,0.09090909090909091,10,10,AATTTCAGCGCCCTACGGGG,0,398930
acrBp,0.09090909090909091,10,10,AATTGTCCACGGTCTATGCA,0,398617
acrBp,0.09090909090909091,10,10,AATGGGCTTCGCGCGGCCCT,0,396849
acrBp,0.09090909090909091,10,10,AATAGCTGGTCGGCACCAAA,0,363610
acrBp,0.09090909090909091,10,10,AATAATCAAGAGTTCGGTAA,0,403101
acrBp,0.09090909090909091,10,10,AAGTTGGTGTCATGACCGCC,0,370615
acrBp,0.09090909090909091,10,10,AAGTCATGAGCGTAATGAAA,0,382504
acrBp,0.09090909090909091,10,10,AAGTACGGAACGGGGCAGTA,0,405211
acrBp,0.09090909090909091,10,10,AAGGCACCATCTACGGGAAA,0,407149
acrBp,0.09090909090909091,10,10,AAGCACATGACGTGTATTCA,0,373517
acrBp,0.09090909090909091,10,10,AAGCAATGAAGCTGCAATAA,0,359145
acrBp,0.09090909090909091,10,10,AAGAGTACTTGCGGCGTCTG,0,365525
acrBp,0.09090909090909091,10,10,AACTTCCGCGTTTGTTTAAA,0,406915
acrBp,0.09090909090909091,10,10,AACTTAACCCAGGAGCCTTC,0,387237
acrBp,0.09090909090909091,10,10,AACTGAGCTTCCAAGGCTAC,0,371264
acrBp,0.09090909090909091,10,10,AACTAAGGGTGACCTCGCTC,0,381531
acrBp,0.09090909090909091,10,10,AACGTAGGGAAGTTGTTTTC,0,376158
acrBp,0.09090909090909091,10,10,AACGTACGAACGTCAAGTGT,0,395981
acrBp,0.09090909090909091,10,10,AACGGGAGCGAACCACCTGG,0,383759
acrBp,0.09090909090909091,10,10,AACGGCCAGTAGGCATATCC,0,398932
acrBp,0.09090909090909091,10,10,AACGGAGGCTCTTATCCTCG,0,355802
acrBp,0.09090909090909091,10,10,AACGACCATTCGCCGCACAC,0,399929
acrBp,0.09090909090909091,10,10,AACCTTGACGGTTGGGCTAG,0,371232
acrBp,0.09090909090909091,10,10,AACCTCGCTAAGGAGTCCAC,0,355199
acrBp,0.09090909090909091,10,10,AACATCCGTGTGTCTCATGT,0,393037
acrBp,0.09090909090909091,10,10,AACAGGCGCCTGGAACTTCG,0,385472
acrBp,0.09090909090909091,10,10,AACAACAGGGTATTAGGCGT,0,396043
acrBp,0.09090909090909091,10,10,AAATTCCCGGGTTTTCCTGT,0,405198
acrBp,0.09090909090909091,10,10,AAATTCACGTACTGTAAGCG,0,384771
acrBp,0.09090909090909091,10,10,AAATTAGTCTTATTTTATTA,0,368808
acrBp,0.09090909090909091,10,10,AAATCTCAGCGGAGAAACGC,0,388188
acrBp,0.09090909090909091,10,10,AAATCAGGTTTCGGGCAAGC,0,399171
acrBp,0.09090909090909091,10,10,AAAGTTGTGAACGGGACACT,0,387307
acrBp,0.09090909090909091,10,10,AAAGGTGAGCTGATTGACGT,0,391740
acrBp,0.09090909090909091,10,10,AAAGGGGCTCATTGAAAGAA,0,372145
acrBp,0.09090909090909091,10,10,AAAGCGGCCGTAAAGCCCGA,0,377420
acrBp,0.09090909090909091,10,10,AAAGCCGCATCTAGTACGTA,0,360786
acrBp,0.09090909090909091,10,10,AAAGATGTGAGGATTTAATA,0,382346
acrBp,0.09090909090909091,10,10,AAAATGATCTTTATGCGGGA,0,396521
acrBp,0.09090909090909091,10,10,AAAACCTTTGAGGTGTTAGT,0,381041
acrBp,0.1,9,9,TTTTTCACAAATGCTTTCGG,0,393372
acrBp,0.1,9,9,TTTTTAGCGCTAAGATTCTT,0,401822
acrBp,0.1,9,9,TTTTTACCCCAGAGCGCCGC,0,402210
acrBp,0.1,9,9,TTTTCCTGTTTCCTCATCAA,0,358220
acrBp,0.1,9,9,TTTTAGGATTGCTCCCCCGT,0,377435
acrBp,0.1,9,9,TTTGGCAATGGCCAACGAAA,0,359391
acrBp,0.1,9,9,TTTCAAGGTTGAGTAATCTA,0,398527
acrBp,0.1,9,9,TTTAGGACTGAATTGTTAGC,0,384492
acrBp,0.1,9,9,TTTAGAGATTCCCCACTGCG,0,368408
acrBp,0.1,9,9,TTTAAAAATTTTCCGGCTCT,0,387350
acrBp,0.1,9,9,TTGTTTTTAATGAGAGGCAA,0,366425
acrBp,0.1,9,9,TTGTGTCTATGGAGTACTAC,0,358045
acrBp,0.1,9,9,TTGTGATTGACCGCGCAATC,0,399090
acrBp,0.1,9,9,TTGTCTTCAGCGTTTCATGG,0,372052
acrBp,0.1,9,9,TTGTCTGTCCGTTGTCCGGA,0,363260
acrBp,0.1,9,9,TTGTCGCGTGGATTCGAGCT,0,384219
acrBp,0.1,9,9,TTGTAGCTCAGCGCGCAATT,0,382645
acrBp,0.1,9,9,TTGTACTCGCTTCGAATATA,0,370943
acrBp,0.1,9,9,TTGGTGAAATTACCCCCCAC,0,373604
acrBp,0.1,9,9,TTGGCCTAACCGGAAAGGTG,0,386460
acrBp,0.1,9,9,TTGCGTGATGGCGCTATACC,0,362033
acrBp,0.1,9,9,TTGCGTCGCCGATTCGGGGT,0,390105
acrBp,0.1,9,9,TTGCAGCCAACGCCGAACAT,0,388878
acrBp,0.1,9,9,TTGATAATTGGCTTCACGGT,0,359645
acrBp,0.1,9,9,TTGAGACCTGACCTGAGAGG,0,399671
acrBp,0.1,9,9,TTGAAGGGGTCAAAGAATAC,0,398119
acrBp,0.1,9,9,TTCTTACTAATCCTGGTCTT,0,380666
acrBp,0.1,9,9,TTCTCTCGTGCAATTATTAC,0,363741
acrBp,0.1,9,9,TTCTCGCGAAGCTATAGTGG,0,364260
acrBp,0.1,9,9,TTCTCATAAGGACTGATTTA,0,376254
acrBp,0.1,9,9,TTCTAGACTGACAACGTCAG,0,396893
acrBp,0.1,9,9,TTCGAAGAATGCTATGGCAA,0,393546
acrBp,0.1,9,9,TTCCTCTATGTGTTCCAGAC,0,400662
acrBp,0.1,9,9,TTCCATGACCGTTACGTAAG,0,393616
acrBp,0.1,9,9,TTCCACCTCTTTCCGTTAGT,0,396174
acrBp,0.1,9,9,TTCATGGTCTAGGCCAGCTC,0,387021
acrBp,0.1,9,9,TTCATACAGCTGTTCTATCC,0,372524
acrBp,0.1,9,9,TTCAGCAATCTCCCTGGCGA,0,369051
acrBp,0.1,9,9,TTATCGACCTGTTCCGTGAA,0,373431
acrBp,0.1,9,9,TTATAATCTAAGAAAGTGGA,0,384515
acrBp,0.1,9,9,TTAGCTTTTTATTCCTATGG,0,384451
acrBp,0.1,9,9,TTACGCCAGTTCTATTCCTA,0,361055
acrBp,0.1,9,9,TTACACCGATACGTTTTGTA,0,400557
acrBp,0.1,9,9,TTAATTCTGACGATCCCGCA,0,385600
acrBp,0.1,9,9,TTAATGGCAACTGCTCCCTG,0,400835
acrBp,0.1,9,9,TTAACTGATCTGAGTGGCGG,0,381508
acrBp,0.1,9,9,TTAAAACCAGGTAAGTGTCA,0,391351
acrBp,0.1,9,9,TGTTTCCGGCAGAAGAGGGA,0,396590
acrBp,0.1,9,9,TGTTTCCCTGTGGTAAAGCA,0,406707
acrBp,0.1,9,9,TGTTGTGTACTGCTTAATCT,0,393306
acrBp,0.1,9,9,TGTTGGTAACCTCGGACCCT,0,384238
acrBp,0.1,9,9,TGTTATGCTATCAACGTTAT,0,373230
acrBp,0.1,9,9,TGTGCCAAAGAAAATGGCAT,0,398058
acrBp,0.1,9,9,TGTCCAAAACTGGGTTCGAC,0,368890
acrBp,0.1,9,9,TGTCATTGGAGGCGGCAGGG,0,406744
acrBp,0.1,9,9,TGTCATCGATGGCTCAGAAT,0,400458
acrBp,0.1,9,9,TGTCAAGATCTTTGACCGGG,0,373039
acrBp,0.1,9,9,TGTATATCGAGTTATAGCCT,0,371187
acrBp,0.1,9,9,TGTAGAGATCGCTCTATGAT,0,386187
acrBp,0.1,9,9,TGTACGTCTCCTGCCGAAAT,0,392875
acrBp,0.1,9,9,TGTACCGACTCTCCGTTCGC,0,394258
acrBp,0.1,9,9,TGGTTGGTAGATCCAGTGTG,0,387852
acrBp,0.1,9,9,TGGTTACTAGCGTAATTAAC,0,402000
acrBp,0.1,9,9,TGGTGTTAGGGACATTGTCA,0,397715
acrBp,0.1,9,9,TGGTCGAACAGACCTCAGTA,0,382991
acrBp,0.1,9,9,TGGTCCGTAACGAAGAGTTT,0,379127
acrBp,0.1,9,9,TGGTACCCGCTAACATCATG,0,395492
acrBp,0.1,9,9,TGGGTGGTATGACCGTGCGG,0,389219
acrBp,0.1,9,9,TGGGGGCTAACATTTAACGT,0,396992
acrBp,0.1,9,9,TGGGCGGTCCTCTATTTCGG,0,381353
acrBp,0.1,9,9,TGGGCAACTATCGGCGGATA,0,376079
acrBp,0.1,9,9,TGGGAAACGGATGTTTAGCC,0,361810
acrBp,0.1,9,9,TGGCTTCAGAAGTATATCTT,0,400700
acrBp,0.1,9,9,TGGCGACCTGGTCGTGACAT,0,401034
acrBp,0.1,9,9,TGGCCGTAACCGTGTTGCGT,0,371705
acrBp,0.1,9,9,TGGCCCCAAAGTTAGGAAGT,0,362105
acrBp,0.1,9,9,TGGCATCGTTGAGAATTTTA,0,399799
acrBp,0.1,9,9,TGGAAGGCTTTTCAATCATT,0,400832
acrBp,0.1,9,9,TGGAACTCGGGTACCTGCGC,0,385895
acrBp,0.1,9,9,TGGAACCATCCGTGAGCGAG,0,395387
acrBp,0.1,9,9,TGGAACAGTGTACTATTATC,0,362779
acrBp,0.1,9,9,TGCTGGGGGGACGTGTACAG,0,375753
acrBp,0.1,9,9,TGCTGCGTGTGTCCATAGCC,0,394291
acrBp,0.1,9,9,TGCTCTGCATGACCATCTCC,0,389259
acrBp,0.1,9,9,TGCGCCGGGTCATCGCCTCT,0,387531
acrBp,0.1,9,9,TGCGATTCACACTGGATGCA,0,374100
acrBp,0.1,9,9,TGCGATTAGGCAGAGTTCGA,0,369589
acrBp,0.1,9,9,TGCGAAAGACTGGCGGTATG,0,355241
acrBp,0.1,9,9,TGCCTAGTCCCAAGGCAGTA,0,361504
acrBp,0.1,9,9,TGCCCGTTATCTTAGAAATC,0,394582
acrBp,0.1,9,9,TGCCCGCGGCGGAGTCCCGG,0,392714
acrBp,0.1,9,9,TGCCAAGTACTTCTTAAGAC,0,355109
acrBp,0.1,9,9,TGCACCACACTGGGACGTAC,0,383306
acrBp,0.1,9,9,TGCACACTTTGCCCTTATAG,0,396460
acrBp,0.1,9,9,TGATCTTTGGACTGCAAAAT,0,379409
acrBp,0.1,9,9,TGAGGGCTACTCCTGGGCTT,0,380219
acrBp,0.1,9,9,TGAGCAGTCTTCCAAGATGA,0,405489
acrBp,0.1,9,9,TGAGAGCGACAGTACAACAC,0,361147
acrBp,0.1,9,9,TGAGAAGGTGGTATTCCGGT,0,362176
acrBp,0.1,9,9,TGACGCTTTGTCAAGGGGGT,0,407109
acrBp,0.1,9,9,TGACCATGATATTCATGCAA,0,393347
acrBp,0.1,9,9,TGAAGCACGGCTATCTCACT,0,386291
acrBp,0.1,9,9,TCTTTAATGAATGTAGTTGA,0,395843
acrBp,0.1,9,9,TCTTCTCCCCGTGGTCATAT,0,397358
acrBp,0.1,9,9,TCTTAACGCTTAGCTATAGA,0,370449
acrBp,0.1,9,9,TCTGTACCCCCGTAGAGCAA,0,355345
acrBp,0.1,9,9,TCTGGCCTGCTTCTGTCTGG,0,370982
acrBp,0.1,9,9,TCTGCTGGCGTGCATGCGAT,0,370843
acrBp,0.1,9,9,TCTCTGTCGGCAAGGTTTTA,0,367228
acrBp,0.1,9,9,TCTCCGTCGGACATCGGTAT,0,367952
acrBp,0.1,9,9,TCTCCCGGGTTATCAAGATT,0,403219
acrBp,0.1,9,9,TCTAGACGAGCTCCCTACTT,0,376159
acrBp,0.1,9,9,TCGTCATCGTTCCACACCTG,0,365432
acrBp,0.1,9,9,TCGGTTCTGGCAATCTTTTC,0,359819
acrBp,0.1,9,9,TCGGTTCACAGAACCAGACA,0,379465
acrBp,0.1,9,9,TCGGGTCAGTCCACAGTACT,0,380934
acrBp,0.1,9,9,TCGGGCCTTTGTCTGAGCTA,0,374654
acrBp,0.1,9,9,TCGGCTACTAGAAGGATCTT,0,391270
acrBp,0.1,9,9,TCGCTTATTACCGTCGGGCG,0,394643
acrBp,0.1,9,9,TCGCGTTACGCGGACTTATA,0,391926
acrBp,0.1,9,9,TCGCATGTAGCGTCCGAAAA,0,358091
acrBp,0.1,9,9,TCGCAATGAGGGAACCTCGT,0,355525
acrBp,0.1,9,9,TCGAGAATGGTCCTCAGCCA,0,392208
acrBp,0.1,9,9,TCGAATCAAAATCCGCTGGC,0,376630
acrBp,0.1,9,9,TCGAAGATCGCCGTAACCAT,0,366655
acrBp,0.1,9,9,TCCGGAGCAGAAGATCATTA,0,408060
acrBp,0.1,9,9,TCCCTCGAATCTGTAAGTTT,0,363697
acrBp,0.1,9,9,TCCCTAACGTCCCGCGACTG,0,406712
acrBp,0.1,9,9,TCCCGTTGTCGGGTACGCTA,0,406349
acrBp,0.1,9,9,TCCATGGGCGGATTCATAGT,0,376201
acrBp,0.1,9,9,TCCATGGCTACGCTAGGAGT,0,402807
acrBp,0.1,9,9,TCCAGAAGAGGGAGTGACCA,0,406944
acrBp,0.1,9,9,TCCACGAGTTCCCATACCCA,0,374552
acrBp,0.1,9,9,TCATTTAGTCGCGTGGCAGT,0,401263
acrBp,0.1,9,9,TCATGCGGTACTGCACTCCA,0,382914
acrBp,0.1,9,9,TCATCGCGAGGTACCTACGA,0,392002
acrBp,0.1,9,9,TCAGTAGCTCGTTAGAATAC,0,365659
acrBp,0.1,9,9,TCAGGGTACTCAGGGATATG,0,395281
acrBp,0.1,9,9,TCAGGCATCGGCGCCACCTG,0,393419
acrBp,0.1,9,9,TCACGCCAACGCAGAATCAC,0,387317
acrBp,0.1,9,9,TCACGAGGTGCACACTCGCT,0,355896
acrBp,0.1,9,9,TCACCGTGCTTACACCGTTC,0,358919
acrBp,0.1,9,9,TCAATCCAGGCATTGTCCCC,0,387690
acrBp,0.1,9,9,TCAAGGTATGCACAGTACCT,0,374943
acrBp,0.1,9,9,TCAACGAGCGCTCTAAGATT,0,364999
acrBp,0.1,9,9,TCAACCAGATGGTTCCTATA,0,362785
acrBp,0.1,9,9,TATTTAAAAAGGCCTTCGGT,0,380364
acrBp,0.1,9,9,TATTGACGATGTGGACGGGA,0,396655
acrBp,0.1,9,9,TATGTGAGCCCGGAAGTAGT,0,392153
acrBp,0.1,9,9,TATGAGTTAGAAGGGAGCCT,0,387437
acrBp,0.1,9,9,TATGAGGTTTGCGTCTGCGA,0,400360
acrBp,0.1,9,9,TATCGAATTCCCCCCAAGTT,0,376603
acrBp,0.1,9,9,TATAAGGGGTAGCGTTGGGA,0,379442
acrBp,0.1,9,9,TATAACGTCGTCGAGCCCAC,0,364626
acrBp,0.1,9,9,TAGGGCCGGACAAAGCTTCA,0,392767
acrBp,0.1,9,9,TAGCGCAACGTCACGACAAG,0,386612
acrBp,0.1,9,9,TAGCCTCGGCAAGTAAGAGA,0,408087
acrBp,0.1,9,9,TAGATGCCGGACTTGGGGGC,0,355787
acrBp,0.1,9,9,TAGAGAAATAACATAGTGAC,0,397827
acrBp,0.1,9,9,TACTTCGAGCGGTCTGAAGA,0,369351
acrBp,0.1,9,9,TACTGACTGCTCGTACCTGT,0,376785
acrBp,0.1,9,9,TACTCTCCCGGGAAAAATGG,0,398799
acrBp,0.1,9,9,TACGTGTCCGTACATGCACC,0,372511
acrBp,0.1,9,9,TACGGTAACAAGGGAAACAG,0,400683
acrBp,0.1,9,9,TACGCATAGACAATTCTTCG,0,380533
acrBp,0.1,9,9,TACGAATATACTGCCACCTT,0,386540
acrBp,0.1,9,9,TACAGGCCAGGGTAAGTGAT,0,363634
acrBp,0.1,9,9,TACAAACAGTTCTTCGTAGT,0,405150
acrBp,0.1,9,9,TAATCACCCCTCGGAAGCTA,0,355252
acrBp,0.1,9,9,TAAGTTGGTGTGTAACAATA,0,372102
acrBp,0.1,9,9,TAAGCGACTTCGCTCGACGG,0,368119
acrBp,0.1,9,9,TAAGATTCTTGTAATGGGCG,0,364907
acrBp,0.1,9,9,TAACAGTTATGATTCAAACG,0,383365
acrBp,0.1,9,9,TAAACATCTCCGCAGGCAAA,0,387740
acrBp,0.1,9,9,TAAACAATGATAAGACTGAT,0,388728
acrBp,0.1,9,9,GTTTTGACTGATGTAGGCAG,0,406502
acrBp,0.1,9,9,GTTTGGACCCAGTGCAGGTG,0,368984
acrBp,0.1,9,9,GTTTGGACATTATGGAAAGA,0,407897
acrBp,0.1,9,9,GTTTAATTTGGCCGATGTAA,0,392768
acrBp,0.1,9,9,GTTTAATATTTAATCAATAT,0,367657
acrBp,0.1,9,9,GTTCTCTGCGACTCTCGAAC,0,378940
acrBp,0.1,9,9,GTTCTCTCTTAATGGAGTAG,0,407392
acrBp,0.1,9,9,GTTCGGCTGGGATACGATTG,0,380561
acrBp,0.1,9,9,GTTCGGCCTCCGGGCACGGA,0,392720
acrBp,0.1,9,9,GTTATGATACGGAGCGGCAA,0,358640
acrBp,0.1,9,9,GTTAGGCTAGACATCATTCA,0,378003
acrBp,0.1,9,9,GTGTTGCTACAAGGATGAAG,0,381923
acrBp,0.1,9,9,GTGGTAGTGTAAGAAGTGAA,0,369143
acrBp,0.1,9,9,GTGCCTTGTGGCGCTTTCCG,0,380617
acrBp,0.1,9,9,GTGCCAGGCTCTAGTGTAAC,0,371846
acrBp,0.1,9,9,GTGATAGAGGTAAAGTGTTG,0,393376
acrBp,0.1,9,9,GTGAATATAGTGGAAAAAAG,0,358983
acrBp,0.1,9,9,GTCGGGGTAACCTGCACAGT,0,399493
acrBp,0.1,9,9,GTCCTGGGGGTGGATAGGTC,0,356542
acrBp,0.1,9,9,GTCCGTAAATATCCCATGCC,0,369685
acrBp,0.1,9,9,GTCCGACATTCGGGTAATAG,0,369647
acrBp,0.1,9,9,GTCCCGCCATTGAGAAGTAC,0,405108
acrBp,0.1,9,9,GTCCCCAGCACTACTGCGAT,0,358051
acrBp,0.1,9,9,GTCCACACGTCTGATCAAAC,0,366573
acrBp,0.1,9,9,GTCATTTGATGGCTCTGACG,0,369091
acrBp,0.1,9,9,GTCAAGTGTGGTTTCGATAT,0,393977
acrBp,0.1,9,9,GTATTCATAGATCGTTCAGC,0,367199
acrBp,0.1,9,9,GTATGGGACAAATCTGCCAC,0,377078
acrBp,0.1,9,9,GTATGGACTTGAACGGGTAA,0,380648
acrBp,0.1,9,9,GTATAACCGCCCAGAGGATA,0,359288
acrBp,0.1,9,9,GTAGGATAATCGTTGTTAAC,0,369312
acrBp,0.1,9,9,GTAGGAGTGCTATCTGATAT,0,383059
acrBp,0.1,9,9,GTACCCCCGCTGGACCCTAT,0,401466
acrBp,0.1,9,9,GTAAGCGAGTGACCGTTGCA,0,355647
acrBp,0.1,9,9,GTAAAGTCACCCTGAACTAT,0,403075
acrBp,0.1,9,9,GGTTGGTTGCAGTGCTGAAA,0,364941
acrBp,0.1,9,9,GGTTAAAGGAATGGTGAATT,0,356660
acrBp,0.1,9,9,GGTGGTACGGGATTACTGAA,0,404851
acrBp,0.1,9,9,GGTGACATTGGATAGATTCT,0,356607
acrBp,0.1,9,9,GGTCATTAAAACCACTTCAC,0,379793
acrBp,0.1,9,9,GGTACGGCCCGACGGTCAAA,0,402428
acrBp,0.1,9,9,GGTACAGATGAAGGATGTGG,0,355696
acrBp,0.1,9,9,GGTACAGACCACGATGTAGC,0,362690
acrBp,0.1,9,9,GGGTTATTAGACCTCTTTGG,0,393121
acrBp,0.1,9,9,GGGTGAGACGTGTCTCTATC,0,355558
acrBp,0.1,9,9,GGGGGCACCTATGATGTCAT,0,397637
acrBp,0.1,9,9,GGGGCGTATTGGAACAGATA,0,390677
acrBp,0.1,9,9,GGGCTCCACGGTAGCCCCAG,0,371183
acrBp,0.1,9,9,GGGCTCAGTTCCGGTCCAGC,0,378505
acrBp,0.1,9,9,GGGCGTGAAGGGCTGACTAT,0,363085
acrBp,0.1,9,9,GGGAAGATCAAGTGGAGCCG,0,368360
acrBp,0.1,9,9,GGCTTGTTGCCCTGGCGGTA,0,401726
acrBp,0.1,9,9,GGCTGGATTAGCAAGATTGC,0,383022
acrBp,0.1,9,9,GGCTGGACTATGTTATCGTG,0,388700
acrBp,0.1,9,9,GGCTACCTCTGAATACCAAA,0,403831
acrBp,0.1,9,9,GGCGGTTACATCGCAGTCTT,0,392876
acrBp,0.1,9,9,GGCGGATCTATCAGGACATG,0,380210
acrBp,0.1,9,9,GGCGCGATCCCGGGATATGC,0,381598
acrBp,0.1,9,9,GGCCGCCAATTTATGGCTCC,0,389355
acrBp,0.1,9,9,GGCCGAGTGCCCGCTTCGCC,0,375751
acrBp,0.1,9,9,GGCACCTGATCGCGAGAGGT,0,408100
acrBp,0.1,9,9,GGCACCAACTATTTGCCAGT,0,405236
acrBp,0.1,9,9,GGCAAAATTACTCTGCCGGA,0,359350
acrBp,0.1,9,9,GGATGGGGGAACACCAGCTT,0,380386
acrBp,0.1,9,9,GGATCGATATGATTAGGACG,0,362778
acrBp,0.1,9,9,GGATAAAGCTCCGATTTCAC,0,407273
acrBp,0.1,9,9,GGAGAAGTCTTTATGAGTAG,0,379418
acrBp,0.1,9,9,GGACAAGATGGCTTACCAAT,0,375605
acrBp,0.1,9,9,GGAATTCCCCTAGTCTGCTC,0,356344
acrBp,0.1,9,9,GGAATTAGGATCACATTTAT,0,387906
acrBp,0.1,9,9,GGAATCACGAGTTACAAGCT,0,383808
acrBp,0.1,9,9,GGAACGGGAATCATTATACA,0,389339
acrBp,0.1,9,9,GGAAAGAGTTTGCGCATGCT,0,387741
acrBp,0.1,9,9,GCTTCCGCTCAGGCCTCGAC,0,403862
acrBp,0.1,9,9,GCTGGTATGACCACTACGAG,0,369868
acrBp,0.1,9,9,GCTGGCTCTGCGCACTTCGT,0,365022
acrBp,0.1,9,9,GCTCGGTAATCGGAGCTAGG,0,394311
acrBp,0.1,9,9,GCTATTTTAGAGCAATGAAT,0,397743
acrBp,0.1,9,9,GCTATATTTCACCAAGTAGT,0,375970
acrBp,0.1,9,9,GCTACGATTTGCCGCATCAG,0,395759
acrBp,0.1,9,9,GCGTTCATCAGTACAGAGTT,0,362465
acrBp,0.1,9,9,GCGTTCATCACTCAGAGCTC,0,389958
acrBp,0.1,9,9,GCGTAGCCCCTCTAAGGTAT,0,368828
acrBp,0.1,9,9,GCGTAAGGATTCATGCTTTG,0,393380
acrBp,0.1,9,9,GCGGTCGCTGCAGCTCCGCC,0,389729
acrBp,0.1,9,9,GCGGGTTTGGCATCCTATTG,0,364931
acrBp,0.1,9,9,GCGCTGGCTTTCGCAACCTA,0,389192
acrBp,0.1,9,9,GCGCACGGAACCTTACGAAA,0,403547
acrBp,0.1,9,9,GCGAAACGCCATGCACTATC,0,404342
acrBp,0.1,9,9,GCGAAAAGACTTTTCTGAAG,0,399731
acrBp,0.1,9,9,GCCTGTCACCATACGTTTGG,0,379812
acrBp,0.1,9,9,GCCTGTATGCATAGCGCTTA,0,407137
acrBp,0.1,9,9,GCCTCGTATAAATGGCTACG,0,380811
acrBp,0.1,9,9,GCCTCAGGGTATTCATTTCG,0,395458
acrBp,0.1,9,9,GCCTCAGCTTGATGGTCCCA,0,400860
acrBp,0.1,9,9,GCCTAGGTATATACTCTAGA,0,389072
acrBp,0.1,9,9,GCCGGTCTCCCTTTGCCGTT,0,402465
acrBp,0.1,9,9,GCCCCCTCTGGCCGTGATGC,0,375177
acrBp,0.1,9,9,GCCAGAAGACTGGAAACCAA,0,387100
acrBp,0.1,9,9,GCATGGGCTTGTCTTCATGC,0,394843
acrBp,0.1,9,9,GCATGCCATAGCTGGCATAA,0,364728
acrBp,0.1,9,9,GCATCATGTAGGGTGCATGT,0,400526
acrBp,0.1,9,9,GCATACCCTCGGCCTGTTAA,0,365026
acrBp,0.1,9,9,GCAGTTCACTTCGGTGTCTA,0,383363
acrBp,0.1,9,9,GCAGGCGAAACTATTCGGAT,0,381044
acrBp,0.1,9,9,GCACTCTTTCGGTAGATGAA,0,395506
acrBp,0.1,9,9,GCACGTTGCATGACGGTAAG,0,361576
acrBp,0.1,9,9,GCACGTCGATTTCGTGTAAT,0,365041
acrBp,0.1,9,9,GCACAGACACTGTATTCATG,0,376704
acrBp,0.1,9,9,GCAAGGTGTTTGAACCAACA,0,373351
acrBp,0.1,9,9,GCAACGACAGGCGCACAGTC,0,364566
acrBp,0.1,9,9,GCAACATACCGTGTGGACAA,0,380127
acrBp,0.1,9,9,GATTTGCATTGGACAGAGTA,0,355837
acrBp,0.1,9,9,GATTTCACGACATACCTTAC,0,377607
acrBp,0.1,9,9,GATTCGACCAGCGGTCTCTA,0,399400
acrBp,0.1,9,9,GATGGGTTGATGGACTGGCA,0,374685
acrBp,0.1,9,9,GATGCTTACTACTGCATAAG,0,368705
acrBp,0.1,9,9,GATGCTCCTGGATTTTTATA,0,386266
acrBp,0.1,9,9,GATCTTTTACCCACGACTTA,0,367109
acrBp,0.1,9,9,GATCTTCAGAATCGTTAGCT,0,380968
acrBp,0.1,9,9,GATCCAGACCACGTACATCA,0,396895
acrBp,0.1,9,9,GATATGAAAGAGAGGTGTAA,0,376519
acrBp,0.1,9,9,GATAGATATTCCGGGTATAA,0,408291
acrBp,0.1,9,9,GATAGAAAGCATTTGCATTT,0,390653
acrBp,0.1,9,9,GAGTTTCTACGACGCTTGAC,0,406326
acrBp,0.1,9,9,GAGTGGCCCGCCATAGTGTT,0,406605
acrBp,0.1,9,9,GAGTCTCCCGATACCCGGCC,0,359334
acrBp,0.1,9,9,GAGGTATCGCGATTCGGTTC,0,371403
acrBp,0.1,9,9,GACTTATAACTGACGTTATG,0,397301
acrBp,0.1,9,9,GACTTAGAGTTCGAGGCCTT,0,366730
acrBp,0.1,9,9,GACGTATTGGGGTGGGTCAT,0,383953
acrBp,0.1,9,9,GACGCGGAGCTGCAAGCAAG,0,372255
acrBp,0.1,9,9,GACGCCGTGCGGACGTTTAC,0,406714
acrBp,0.1,9,9,GACCGCGGAATCGGATAAGT,0,384646
acrBp,0.1,9,9,GACCGCCTCAGTTCACAAAC,0,402186
acrBp,0.1,9,9,GACAGTCGTAGGGGTAGATC,0,395487
acrBp,0.1,9,9,GAATTAGCAGTACAAAAGAG,0,389836
acrBp,0.1,9,9,GAATCCGCTTAAGGCCGTTA,0,383742
acrBp,0.1,9,9,GAAGTGGGGTACCGCCGTGG,0,394567
acrBp,0.1,9,9,GAAGGGTCCCATGACTGCGG,0,401390
acrBp,0.1,9,9,GAACTCTAGTAGAAAAAGGG,0,371746
acrBp,0.1,9,9,GAACATTGGAGTTTATATCT,0,380029
acrBp,0.1,9,9,GAAATGCAGGGCTGTCCTCG,0,403600
acrBp,0.1,9,9,CTTTTGTTCGTCCAGCCGTG,0,379180
acrBp,0.1,9,9,CTTTTGGCAGAGCTTTACCT,0,400376
acrBp,0.1,9,9,CTTTTCTTGAAGTATTCCGT,0,355254
acrBp,0.1,9,9,CTTTTCGCGCGGGATCGGGT,0,376290
acrBp,0.1,9,9,CTTTGGAAGTATGGCGATTT,0,402863
acrBp,0.1,9,9,CTTTAGCGCAGTGCTAGCTA,0,358707
acrBp,0.1,9,9,CTTGGGTGCCCTTGCAATGA,0,368365
acrBp,0.1,9,9,CTTCCGTTAATTGCCATACT,0,358734
acrBp,0.1,9,9,CTTCCGTAGAGGACGGCGAT,0,381218
acrBp,0.1,9,9,CTTCCATATCTGTATCGGGG,0,401442
acrBp,0.1,9,9,CTTATCCCGTAGGTCCGAAA,0,387974
acrBp,0.1,9,9,CTTAGAGGCGTAATGGGGGG,0,382828
acrBp,0.1,9,9,CTTACCATCATAAGTCGGTC,0,398114
acrBp,0.1,9,9,CTTAACGTGGTGGGGCGATT,0,396362
acrBp,0.1,9,9,CTGTTCTTGTCACTCCGCTT,0,385217
acrBp,0.1,9,9,CTGTATGGTACGTCGATACG,0,372517
acrBp,0.1,9,9,CTGGTTTATTTTGAGAGCCA,0,392501
acrBp,0.1,9,9,CTGGGTTCCAGGCCCTGACA,0,402918
acrBp,0.1,9,9,CTGGGCTAATGACACGATTT,0,400194
acrBp,0.1,9,9,CTGATCGTATCATCTACCAT,0,379177
acrBp,0.1,9,9,CTCTCATGAATAATCACTAC,0,375164
acrBp,0.1,9,9,CTCCCCGTGGGGAACTGTGG,0,370634
acrBp,0.1,9,9,CTCCAGCCAAGATTTTAACA,0,391720
acrBp,0.1,9,9,CTCATTGACCATGCCGAGAC,0,407759
acrBp,0.1,9,9,CTCAGGTGGGCCAGAGTTGG,0,358309
acrBp,0.1,9,9,CTCACTCAGCAGGCTTGACC,0,376101
acrBp,0.1,9,9,CTATTATTTTATTAGGTGGG,0,367006
acrBp,0.1,9,9,CTATGTAATATGGCACGTTC,0,403711
acrBp,0.1,9,9,CTAGTTTACACAACCAGCTT,0,391292
acrBp,0.1,9,9,CTAGGTTTTGAACGTTCATT,0,406335
acrBp,0.1,9,9,CTAGGCTTCGAGAAAGACAC,0,403059
acrBp,0.1,9,9,CTAGCTTTGATTTTGACACT,0,366297
acrBp,0.1,9,9,CTAGAGTCTAAAACGCTATT,0,358552
acrBp,0.1,9,9,CTACAAGCCGTGTGGTTCTA,0,376529
acrBp,0.1,9,9,CTAATTTAGCGGGTTCAGCA,0,399062
acrBp,0.1,9,9,CTAATGCTGGCATCGATGCG,0,406559
acrBp,0.1,9,9,CTAAGTGCAGCGCGGGTTCA,0,364124
acrBp,0.1,9,9,CTAAGGCGTGTTATGACGCA,0,360052
acrBp,0.1,9,9,CTAAGAAGAGTTGGCCTTTA,0,399770
acrBp,0.1,9,9,CGTTTCGCATGCACACCGAA,0,392393
acrBp,0.1,9,9,CGTTGGAGCGGGTGAATGAG,0,403692
acrBp,0.1,9,9,CGTTCCGGATAGACAAGTCC,0,361061
acrBp,0.1,9,9,CGTGTATCTGCGCGAGTTCA,0,403111
acrBp,0.1,9,9,CGTGGTGGCGTCTGTCTTGA,0,359168
acrBp,0.1,9,9,CGTGGAACTCACCGCGTTGC,0,377140
acrBp,0.1,9,9,CGTGCTCAGTAAGATCAGTC,0,402463
acrBp,0.1,9,9,CGTGATCACAGCATATTTCA,0,364876
acrBp,0.1,9,9,CGTGAGTTATGCACACAATA,0,381762
acrBp,0.1,9,9,CGTGACAGATATTGGGGTCT,0,369104
acrBp,0.1,9,9,CGTCTCATGACGACTTGGCG,0,369989
acrBp,0.1,9,9,CGTCGCTAGCTGGGGAGTGC,0,382333
acrBp,0.1,9,9,CGTATGATCGACAAGGAGAA,0,360191
acrBp,0.1,9,9,CGTATCCTTGGTGGTGGCTG,0,357398
acrBp,0.1,9,9,CGTAGCCAGTTGCGCGGTTT,0,379384
acrBp,0.1,9,9,CGTACTCTAGGAGGCCCCCA,0,355292
acrBp,0.1,9,9,CGTACTAAGCGGTTGCACAG,0,397663
acrBp,0.1,9,9,CGGTCTCAAGGGGCGGCGAT,0,379511
acrBp,0.1,9,9,CGGTACGTGCGATCGGTATA,0,366971
acrBp,0.1,9,9,CGGGTAGAGTGAGGATTCCA,0,379520
acrBp,0.1,9,9,CGGGGAAGGCAATTATTGCC,0,407818
acrBp,0.1,9,9,CGGCCGCACACCGACAACTA,0,365016
acrBp,0.1,9,9,CGGCATCTTCCGAATTGCTT,0,382797
acrBp,0.1,9,9,CGGAGCCTCGGGTTGGTAGA,0,359721
acrBp,0.1,9,9,CGGAGCAAAACGGCTGTCGT,0,366260
acrBp,0.1,9,9,CGGACGCATGAACGGGATAC,0,365345
acrBp,0.1,9,9,CGGAATTAAGTTGACTCAGT,0,378609
acrBp,0.1,9,9,CGGAACTATTTTATGGGGTA,0,358078
acrBp,0.1,9,9,CGCTTGCCAACCGAATTCTG,0,385281
acrBp,0.1,9,9,CGCTGTGGGCATTTCAAGAT,0,382832
acrBp,0.1,9,9,CGCTGATCTGTGCGGCAGAT,0,364815
acrBp,0.1,9,9,CGCTCGTCCGGGGGCAATAA,0,374681
acrBp,0.1,9,9,CGCTCGGTAGCGTCGAGGTT,0,364377
acrBp,0.1,9,9,CGCTACAAGAGGAGGCCAAA,0,389305
acrBp,0.1,9,9,CGCGGACATGCGAGTACCTA,0,364464
acrBp,0.1,9,9,CGCGCTAAGGTTCCGCGGGT,0,395172
acrBp,0.1,9,9,CGCGCCGCATGTCTAGGATT,0,401918
acrBp,0.1,9,9,CGCCCCTCGGGAAGTATATT,0,362484
acrBp,0.1,9,9,CGCCAGTGGGGCATTAACTT,0,392355
acrBp,0.1,9,9,CGCCAGTCGAGTGGTAGTCT,0,396469
acrBp,0.1,9,9,CGCCAGTAAAATTGGGGGTA,0,358993
acrBp,0.1,9,9,CGCATGTCATACTTACGGTC,0,360603
acrBp,0.1,9,9,CGCATAGTTACCCTCTGTAA,0,407793
acrBp,0.1,9,9,CGCAGTCTGTATGCCCGTTC,0,357405
acrBp,0.1,9,9,CGCAGCACACGCCTCGTTTG,0,379996
acrBp,0.1,9,9,CGCAAGTGATTCTATTACAA,0,367699
acrBp,0.1,9,9,CGCAAGGCCTCCCCACCGGA,0,375409
acrBp,0.1,9,9,CGATTGCTAACAGCGCAACA,0,386944
acrBp,0.1,9,9,CGAGGTAGTATCTTCTATAA,0,361870
acrBp,0.1,9,9,CGAGGGTGTTTACGGGTCGG,0,358150
acrBp,0.1,9,9,CGAGCATGGCATGTCGCTTT,0,406150
acrBp,0.1,9,9,CGAAGCAACTATCGTAGTGA,0,356210
acrBp,0.1,9,9,CGAAGAAGCGCGTTTCGGTT,0,386103
acrBp,0.1,9,9,CCTTTCTATATACAGCAACA,0,368634
acrBp,0.1,9,9,CCTTAGCATGCACGCTATTC,0,372342
acrBp,0.1,9,9,CCTGGTCTGCGCGTCTACCT,0,387302
acrBp,0.1,9,9,CCTGGGTTTATGAGGTCGGA,0,373617
acrBp,0.1,9,9,CCTGGCTCACATTTACTAAA,0,373528
acrBp,0.1,9,9,CCTGGAATGCGCCGCGCATA,0,387133
acrBp,0.1,9,9,CCTCTCCTTACACCAGAGCA,0,380823
acrBp,0.1,9,9,CCTATGCCACGGCTGCCCTC,0,407360
acrBp,0.1,9,9,CCTATCAGAGTACAACCCCT,0,365338
acrBp,0.1,9,9,CCGTTCATGGCACCTCCGCT,0,376163
acrBp,0.1,9,9,CCGTCTAGGCAGCGGAAGTT,0,401891
acrBp,0.1,9,9,CCGTCGCAGCACCAACCTCG,0,366068
acrBp,0.1,9,9,CCGGTCCAAAGTAATGTCAC,0,364582
acrBp,0.1,9,9,CCGCTAGAAGATTCTTTGAA,0,400221
acrBp,0.1,9,9,CCGCAATCTGCCGACTTGCG,0,398764
acrBp,0.1,9,9,CCGATTAAGGTGTGTTGGAC,0,368454
acrBp,0.1,9,9,CCGAGGTGGGGGAAGTTATT,0,369234
acrBp,0.1,9,9,CCGAAGAGACGTCTGTGACA,0,392951
acrBp,0.1,9,9,CCCTTGATTAGTTGAACTTG,0,363133
acrBp,0.1,9,9,CCCTAGGGTTGTCATAGTTT,0,370606
acrBp,0.1,9,9,CCCGTCGCGCCCAAGGTATT,0,387984
acrBp,0.1,9,9,CCCGCCCGTTAACGCGAGCG,0,363265
acrBp,0.1,9,9,CCCGATGTAGCTTGATATCC,0,367362
acrBp,0.1,9,9,CCCGAACACTATATTAACTC,0,363379
acrBp,0.1,9,9,CCCCGATCGCGTACGCATTG,0,394531
acrBp,0.1,9,9,CCCCAGAACAACTTGTAAGC,0,397934
acrBp,0.1,9,9,CCCCACAAGTGCCTAGTTAG,0,398710
acrBp,0.1,9,9,CCCAGGTTTCTATAGAGTAC,0,367432
acrBp,0.1,9,9,CCCAAGATTGGGTTAAAGGT,0,358178
acrBp,0.1,9,9,CCATTTTCGAAGAACGCATA,0,382355
acrBp,0.1,9,9,CCATGGGTCGTGCTAGTGAC,0,390206
acrBp,0.1,9,9,CCATCTTTATTCATCGCAAA,0,357907
acrBp,0.1,9,9,CCATCTTGCATACATAGTTC,0,373877
acrBp,0.1,9,9,CCATCCCACCCAACATTACA,0,401350
acrBp,0.1,9,9,CCAGGTCAGGAATTATCCAC,0,379138
acrBp,0.1,9,9,CCAGGACCAAACGGTTTGTC,0,379601
acrBp,0.1,9,9,CCAGAGACGTGTACGATCTC,0,377176
acrBp,0.1,9,9,CCAACACGACGGCAGTAGTT,0,402472
acrBp,0.1,9,9,CATTCGCCTTTCACCGATTC,0,377685
acrBp,0.1,9,9,CATTCCGTACATTAAATCTC,0,407673
acrBp,0.1,9,9,CATTAACATTCAATACGCGT,0,383553
acrBp,0.1,9,9,CATTAAAGTCCTGCCACCTG,0,397065
acrBp,0.1,9,9,CATGGCACACACTGGAGTTC,0,381537
acrBp,0.1,9,9,CATGGCAATGGCAAGAAGCA,0,394725
acrBp,0.1,9,9,CATGGATGTCAGAGAATACA,0,381828
acrBp,0.1,9,9,CATGCTCCGTATTACAGGGA,0,396606
acrBp,0.1,9,9,CATCTTCGCTCTGGATAGAT,0,357858
acrBp,0.1,9,9,CATCTGAGAGTTTTCCCGGG,0,383573
acrBp,0.1,9,9,CATCTAGGCTTGCAAATTGT,0,401917
acrBp,0.1,9,9,CATCGTGAAGATCTCCTCAA,0,368969
acrBp,0.1,9,9,CATCCGTTCGATGTATCGAT,0,361880
acrBp,0.1,9,9,CAGTCAATCGAATTCCGTGA,0,382759
acrBp,0.1,9,9,CAGTACTGTTGAGGTAAACT,0,365809
acrBp,0.1,9,9,CAGTACTATCCGACATGAGC,0,384033
acrBp,0.1,9,9,CAGGTCGCTGACACCGACGA,0,397411
acrBp,0.1,9,9,CAGGGGGGGATTCCGTTCCT,0,397582
acrBp,0.1,9,9,CAGGCTGTTTTCAAGTATCA,0,382045
acrBp,0.1,9,9,CAGGCTGTAGATATCTTGTT,0,388451
acrBp,0.1,9,9,CAGGCCTGTCAGGGCTCCAC,0,372971
acrBp,0.1,9,9,CAGCTAGTCCTATTTTAGAT,0,405665
acrBp,0.1,9,9,CAGCCGCCGGATGACTAATA,0,380778
acrBp,0.1,9,9,CAGAATATAGCACGGCGCGT,0,369993
acrBp,0.1,9,9,CACTAGACCCTCCGCATAAA,0,365296
acrBp,0.1,9,9,CACTACAGGGGGGTGTATGA,0,403605
acrBp,0.1,9,9,CACGGGTAACGTGGTGTGAG,0,397303
acrBp,0.1,9,9,CACGGCAATTAGACCAGGGG,0,364754
acrBp,0.1,9,9,CACGCGGTATACGTTCGGTC,0,398023
acrBp,0.1,9,9,CACGCCTGTGCCGCATGCGT,0,388882
acrBp,0.1,9,9,CACGATTCCAACTTGAGCGG,0,355224
acrBp,0.1,9,9,CACCCCCGGTGGGTGTCATA,0,377719
acrBp,0.1,9,9,CACCCATGAAGCCGTTTATG,0,388128
acrBp,0.1,9,9,CACATTGTGCGTGATGGAGT,0,377179
acrBp,0.1,9,9,CACATAACGCTCAAGATCGA,0,358740
acrBp,0.1,9,9,CACAACTACGCGCAGGACGC,0,395198
acrBp,0.1,9,9,CAATGCTATGCCACTCAAAT,0,357985
acrBp,0.1,9,9,CAATGCGCGGAGTTATAATG,0,368287
acrBp,0.1,9,9,CAATCCGTAATGTGTCGCTC,0,358512
acrBp,0.1,9,9,CAATATTCCGAGAGGATAAT,0,375849
acrBp,0.1,9,9,CAAGCGATAGCTCTTGATCT,0,403332
acrBp,0.1,9,9,CAAGCAGGATTATTTCGAAT,0,398874
acrBp,0.1,9,9,CAACTACATGGGTCGGCCCT,0,402614
acrBp,0.1,9,9,CAACGGAGGCATGATATATA,0,361530
acrBp,0.1,9,9,CAACGCAGACGTAAGGTTGA,0,398494
acrBp,0.1,9,9,CAACACGTGCCATCCGTTCA,0,357896
acrBp,0.1,9,9,CAACACCTTTCCGGGTAGGA,0,387027
acrBp,0.1,9,9,CAACAATTGTCTCTGCTCTA,0,359681
acrBp,0.1,9,9,CAAAGGATTTGAGGACCAGA,0,368299
acrBp,0.1,9,9,CAAAATAAGGCTCCAGCAAA,0,366565
acrBp,0.1,9,9,CAAAAGTTGAATCATCGTAG,0,356110
acrBp,0.1,9,9,ATTTGTTTAAAAGACGAGGA,0,407985
acrBp,0.1,9,9,ATTTGCGTCTCCACGCGTTA,0,388167
acrBp,0.1,9,9,ATTTATTGCTTCTCTATCTC,0,384874
acrBp,0.1,9,9,ATTGTGGTGACGCTTGCCCC,0,380030
acrBp,0.1,9,9,ATTGTAGGCGCTAGCCCGGC,0,388267
acrBp,0.1,9,9,ATTGGTAGGACTTTCTCCAA,0,360850
acrBp,0.1,9,9,ATTGCAGTGTGAAAAGTAGG,0,375443
acrBp,0.1,9,9,ATTCTACGTGTGCCGGATTT,0,373804
acrBp,0.1,9,9,ATTCCGGCGTGCTAGTCAGG,0,372031
acrBp,0.1,9,9,ATTAGCGTTTAGAGCACGAC,0,397342
acrBp,0.1,9,9,ATTACACAGTTCCTCTAGCA,0,381161
acrBp,0.1,9,9,ATGTGTGGCTGCTCTGCCTC,0,373978
acrBp,0.1,9,9,ATGTCGGAGTGTCGAGTCTG,0,390381
acrBp,0.1,9,9,ATGTATTCCCGGGTATGGTT,0,395283
acrBp,0.1,9,9,ATGGTGGGAGCTTGTCCGTG,0,369571
acrBp,0.1,9,9,ATGCTGGTCGCACATGGAAT,0,383143
acrBp,0.1,9,9,ATGCTAGGCCTACAGCATTA,0,375481
acrBp,0.1,9,9,ATGCCAAGGTCAATTCAGAC,0,395062
acrBp,0.1,9,9,ATGCAAGGGTCTGTTAGCTT,0,387629
acrBp,0.1,9,9,ATGATGTACGGAATGATAAC,0,405572
acrBp,0.1,9,9,ATGAGACCTTACTTGAAGGT,0,359062
acrBp,0.1,9,9,ATCTGTGTTACTCGAAGTCA,0,357923
acrBp,0.1,9,9,ATCTCTAATGAAAACGATAC,0,372294
acrBp,0.1,9,9,ATCTCAGGTGGTATACAAAG,0,355376
acrBp,0.1,9,9,ATCGTTACACGGTGTCTTGT,0,405508
acrBp,0.1,9,9,ATCGTACGCGCCTTTTCTTG,0,403983
acrBp,0.1,9,9,ATCGCCAGCCATCTGCTTTC,0,356536
acrBp,0.1,9,9,ATCGAACGGCGATCACTTAG,0,395027
acrBp,0.1,9,9,ATCCTGATAGGCAATCGAGA,0,385811
acrBp,0.1,9,9,ATCCTCATTAGATAAAACGG,0,395923
acrBp,0.1,9,9,ATCCATTTAAGGACGTCTCA,0,373748
acrBp,0.1,9,9,ATCATGTTAGCCTGCTGGTT,0,390718
acrBp,0.1,9,9,ATCACGTATTCACTCAGCGA,0,405860
acrBp,0.1,9,9,ATATTATCGTGTAATCTCAG,0,370608
acrBp,0.1,9,9,ATATCAGGTATAGAGGTGGA,0,362889
acrBp,0.1,9,9,ATATATCAAGTTAAGGATAT,0,397196
acrBp,0.1,9,9,ATACTGCCATGTTCTTACTC,0,385041
acrBp,0.1,9,9,ATACTGAAACGAAAAGATGG,0,373043
acrBp,0.1,9,9,ATACTCGTTGGCGCAGGCGA,0,395193
acrBp,0.1,9,9,ATACATACGATCTCGAGATT,0,364470
acrBp,0.1,9,9,ATACACTTTGGCGGGAATTG,0,405276
acrBp,0.1,9,9,ATAATCGTTCTAAGAGCAAT,0,405791
acrBp,0.1,9,9,ATAATCAGCGTGTTACAATC,0,355930
acrBp,0.1,9,9,ATAAGGTCACCACCGAAGGT,0,360053
acrBp,0.1,9,9,AGTTTATCCGCAAATAGGGG,0,404095
acrBp,0.1,9,9,AGTTGCATCTCCCATGTACG,0,389692
acrBp,0.1,9,9,AGTGTCGATGATCTCATGAG,0,355359
acrBp,0.1,9,9,AGTGGTGCTCCTTTTACGCC,0,401509
acrBp,0.1,9,9,AGTGGTACGAAATATGGATC,0,387348
acrBp,0.1,9,9,AGTGCTCACGCTGCTACTAC,0,391026
acrBp,0.1,9,9,AGTGCACTAGATGTAATTTG,0,380793
acrBp,0.1,9,9,AGTGAGAGCGCTCGACGCCG,0,397450
acrBp,0.1,9,9,AGTCGTGGAAGACCGGACAG,0,361395
acrBp,0.1,9,9,AGTCGTGCCAATTCCCGCTC,0,356675
acrBp,0.1,9,9,AGTCGGTGGTCTCTCGGAGC,0,369796
acrBp,0.1,9,9,AGTCCTACCCAGATGCTCGC,0,394221
acrBp,0.1,9,9,AGTCATCACGTTAGACACTT,0,389324
acrBp,0.1,9,9,AGTATAGCGAGCAAGAACTT,0,392730
acrBp,0.1,9,9,AGTACGGTTACGCCTATCTC,0,363154
acrBp,0.1,9,9,AGTAAGGTGGCGTCTACCTG,0,383870
acrBp,0.1,9,9,AGGTTTGGAAAATTAAAAGT,0,364255
acrBp,0.1,9,9,AGGTTTACTACTGACGACCC,0,380857
acrBp,0.1,9,9,AGGTTGGAACTTTCTGACAA,0,402827
acrBp,0.1,9,9,AGGTTAGCTATACCCACTAA,0,389230
acrBp,0.1,9,9,AGGTGGGCGTGCATACAGTA,0,407940
acrBp,0.1,9,9,AGGTGCTAAGCTTATGCAAC,0,389265
acrBp,0.1,9,9,AGGTGATCTTGTCGTTTTTG,0,384903
acrBp,0.1,9,9,AGGTCTATTATCAATTCAGT,0,361613
acrBp,0.1,9,9,AGGTATAGGGAGGTACGTTT,0,404250
acrBp,0.1,9,9,AGGTACGTTTACATTTTATG,0,405478
acrBp,0.1,9,9,AGGGTCTAAGTGAGACTTCA,0,358382
acrBp,0.1,9,9,AGGGCTCATGTAGAGAGTCT,0,398477
acrBp,0.1,9,9,AGGGCATCCCTGTTCTTATA,0,361537
acrBp,0.1,9,9,AGGGCAAACCTTTGAGCCCA,0,391751
acrBp,0.1,9,9,AGGCGTTAGTTGTGTCGTGA,0,381502
acrBp,0.1,9,9,AGGCGGGCACGGGCTTTAAA,0,356999
acrBp,0.1,9,9,AGGCCACCCTCGGACCGATG,0,387994
acrBp,0.1,9,9,AGGCAGATTTTATTCTGAGA,0,392212
acrBp,0.1,9,9,AGGATCGCCATCAATCAGTG,0,394640
acrBp,0.1,9,9,AGGATATAATTCCGAACCTT,0,361712
acrBp,0.1,9,9,AGGAGGGTTGGTCCACACAC,0,391458
acrBp,0.1,9,9,AGCTTCATCCGCTACTCTCG,0,381838
acrBp,0.1,9,9,AGCGTGACAGCAAGCCGCTG,0,362871
acrBp,0.1,9,9,AGCGGTACTTAGGTTATACT,0,404941
acrBp,0.1,9,9,AGCGGTACAGGGATGAATTA,0,397029
acrBp,0.1,9,9,AGCGACATGGCGGTACCCCA,0,399822
acrBp,0.1,9,9,AGCGAAGGGATTCGGGTCTA,0,381402
acrBp,0.1,9,9,AGCCGCATCCCGTGCGACGC,0,403238
acrBp,0.1,9,9,AGCATATAGAGGGTGTGGTT,0,383458
acrBp,0.1,9,9,AGCAGTTTTTATGTATCTGT,0,376958
acrBp,0.1,9,9,AGCACCTAAACAATTTGGGG,0,357565
acrBp,0.1,9,9,AGCACCCAACATGGTATACT,0,398866
acrBp,0.1,9,9,AGCACCATGCAAAAGCCCTT,0,401954
acrBp,0.1,9,9,AGATAGGCGGAAGCAAGTTC,0,367177
acrBp,0.1,9,9,AGAGAACAGATTCCACCTGC,0,363907
acrBp,0.1,9,9,AGACTTCAGCACTTCTCTAT,0,371952
acrBp,0.1,9,9,AGACTAAGTGCTAGTAAAGG,0,357008
acrBp,0.1,9,9,AGACGCGAGAGCAGGTCTGC,0,394526
acrBp,0.1,9,9,AGAATTGGGTAATAACTATT,0,398233
acrBp,0.1,9,9,AGAAGGTTAGTCTTGAGCCT,0,355324
acrBp,0.1,9,9,AGAACATCGCGAGTACCGAG,0,356632
acrBp,0.1,9,9,ACTTGTACGCTCCGAGGGCA,0,365453
acrBp,0.1,9,9,ACTTGTACCCGTTATGCGCG,0,389516
acrBp,0.1,9,9,ACTCGCAAATTCGGACAGCA,0,366848
acrBp,0.1,9,9,ACTCGAAAAACAGGTACACT,0,363614
acrBp,0.1,9,9,ACTCCCCCCTGAGGCGTATT,0,364631
acrBp,0.1,9,9,ACTCACATCCCCACCCACAC,0,405552
acrBp,0.1,9,9,ACTATCCCGCGGGGACAAAT,0,392627
acrBp,0.1,9,9,ACGTTTTTGTTTCAGGTACA,0,402365
acrBp,0.1,9,9,ACGTTTAGCCCCTTTCGCGA,0,380862
acrBp,0.1,9,9,ACGTGCCGTTCGGCTTTTCT,0,374574
acrBp,0.1,9,9,ACGTAGCTACGGGCAGCTTA,0,381571
acrBp,0.1,9,9,ACGTAATCCCCTGTATCCAA,0,366783
acrBp,0.1,9,9,ACGGGGAGTTTAACACACGC,0,405849
acrBp,0.1,9,9,ACGGAGTGTTCTCGTTGTAC,0,392726
acrBp,0.1,9,9,ACGCTCGGGCCGTACAATTA,0,399172
acrBp,0.1,9,9,ACGAGAAAATGCCTGATGTT,0,402977
acrBp,0.1,9,9,ACGAAACCCGTACCTATAAA,0,407079
acrBp,0.1,9,9,ACCTGGACCGTACTATCACT,0,366350
acrBp,0.1,9,9,ACCGTCCCCAACGCCCCTGA,0,364518
acrBp,0.1,9,9,ACCGCCCAGATTGATCTATT,0,368125
acrBp,0.1,9,9,ACCCATCGGAGAGAGAAAAT,0,368264
acrBp,0.1,9,9,ACCCATATGAATGACGTGAT,0,361089
acrBp,0.1,9,9,ACCAATCGGAATGTCCGGGG,0,405158
acrBp,0.1,9,9,ACATTCATTGTCAGCGTCAA,0,391710
acrBp,0.1,9,9,ACATGAACCCTGCGATGGAG,0,407227
acrBp,0.1,9,9,ACATACATAGTTCATACGCT,0,380833
acrBp,0.1,9,9,ACAGGGGTGGAGGGGGATGA,0,392956
acrBp,0.1,9,9,ACAGGCGGGCGCCCCGAGGC,0,355526
acrBp,0.1,9,9,ACACGCTCGATGTTTCAGGT,0,356933
acrBp,0.1,9,9,ACAATGAATCATTCGGACAC,0,370806
acrBp,0.1,9,9,AATTGAGCGGTCAGGTTTCT,0,371325
acrBp,0.1,9,9,AATTGAGAACAGAGGAAAGG,0,389921
acrBp,0.1,9,9,AATTACTGGGATGCAACACA,0,365083
acrBp,0.1,9,9,AATGTCGAAGTTAAACTTCG,0,406608
acrBp,0.1,9,9,AATGGTAGACGAGCGAACTT,0,368636
acrBp,0.1,9,9,AATGATGCCTACTGCGGGGA,0,370641
acrBp,0.1,9,9,AATCATATCCCATGCCACTG,0,396020
acrBp,0.1,9,9,AATAGTAAGTGGCAGGATCT,0,362085
acrBp,0.1,9,9,AAGTGTAGCTAAGTAAGACA,0,378292
acrBp,0.1,9,9,AAGTGGTAATGTTCAACATG,0,385198
acrBp,0.1,9,9,AAGTACGTAAAAATCTTAGG,0,361607
acrBp,0.1,9,9,AAGTAAGCCTTTTTTGGCCT,0,383968
acrBp,0.1,9,9,AAGGACTCAATTGGCGCGTA,0,364638
acrBp,0.1,9,9,AAGGACATGAGATATTAACG,0,387241
acrBp,0.1,9,9,AAGCTTCACACTAGCTACCG,0,390809
acrBp,0.1,9,9,AAGCTTCAAGGAAAGCATAA,0,370805
acrBp,0.1,9,9,AAGCGCTACCGTGGAGTCCA,0,383002
acrBp,0.1,9,9,AAGCGATCTTTGGGCATGGC,0,393631
acrBp,0.1,9,9,AAGATGGTGTGCGACCGTAG,0,384058
acrBp,0.1,9,9,AAGATGGTACCGGTTCGTTA,0,367217
acrBp,0.1,9,9,AAGAGACATACATTAGACCG,0,368675
acrBp,0.1,9,9,AACTGCACTTGGGGACTCAG,0,365868
acrBp,0.1,9,9,AACTCTCAGTGGCTACGGGT,0,367709
acrBp,0.1,9,9,AACTCATACGCCAAGGCCTA,0,366004
acrBp,0.1,9,9,AACGTTGAACTTGGCCAGCG,0,387249
acrBp,0.1,9,9,AACGTGGGTGAATACATACA,0,385176
acrBp,0.1,9,9,AACGTACATACATGTAGGGA,0,401690
acrBp,0.1,9,9,AACGCTGGCAGTAAAAAGTG,0,393219
acrBp,0.1,9,9,AACGCGCATGGTGTATCTTA,0,362583
acrBp,0.1,9,9,AACGCCCGTGTGAGCTTTTG,0,404701
acrBp,0.1,9,9,AACATGTAGCGGTCACCCAC,0,392592
acrBp,0.1,9,9,AACACGACCCGCCTCTTTCA,0,355789
acrBp,0.1,9,9,AAATGTTCGTAAACAGTTTC,0,401362
acrBp,0.1,9,9,AAAGTGCCCTCTCCATAGCT,0,369873
acrBp,0.1,9,9,AAAGTGCCACTAACTCCGTT,0,379569
acrBp,0.1,9,9,AAAGCCAGCGACGTGTAGGG,0,355420
acrBp,0.1,9,9,AAAGACGTGCAACGGTTGGT,0,397211
acrBp,0.1,9,9,AAACCGGGAAAAGCTCTGGG,0,372992
acrBp,0.1,9,9,AAACCGAGGTGGACGGCTAG,0,390543
acrBp,0.1,9,9,AAACCCCCGTGTCTAGTGAT,0,366186
acrBp,0.1,9,9,AAACAATCCACATGAAAAGC,0,370086
acrBp,0.1,9,9,AAAATTCTAGGAGGCAATTG,0,393817
acrBp,0.1,9,9,AAAATGGACGGCGGGAACCA,0,391636
acrBp,0.1,9,9,AAAACGGGCATCGCGAGCGC,0,405594
acrBp,0.1,9,9,AAAACGAATCATGACGTCGG,0,384175
acrBp,0.1,9,9,AAAACAGATGTACGCACACC,0,364201
acrBp,0.1111111111111111,8,8,TTTTTTTCTCTCCGCGTGGA,0,380986
acrBp,0.1111111111111111,8,8,TTTTGGGAGTGCAGTCCGAT,0,381485
acrBp,0.1111111111111111,8,8,TTTTCGTCATTGTCAGTCGG,0,380184
acrBp,0.1111111111111111,8,8,TTTGCTGTGTTATTCACCGG,0,360299
acrBp,0.1111111111111111,8,8,TTTGCACCTGGGTTTCTCGG,0,388788
acrBp,0.1111111111111111,8,8,TTTGCAAGCGGGGTCTCTTG,0,397718
acrBp,0.1111111111111111,8,8,TTTCTTCCCAAGAGGTATGG,0,382816
acrBp,0.1111111111111111,8,8,TTTCTCGGGGTAGTCACCTA,0,365968
acrBp,0.1111111111111111,8,8,TTTCGAACATAATTTTGCAT,0,383165
acrBp,0.1111111111111111,8,8,TTTCACTGCTCGGAACAGTG,0,369246
acrBp,0.1111111111111111,8,8,TTTACAAAGCTATAGAGTAG,0,380036
acrBp,0.1111111111111111,8,8,TTGTGGATGAAGTAGCAGAA,0,390205
acrBp,0.1111111111111111,8,8,TTGTCTTGCTTTTGACCGGT,0,359733
acrBp,0.1111111111111111,8,8,TTGTATGACTTCCTCAAGGA,0,398689
acrBp,0.1111111111111111,8,8,TTGGTTTTTAATAAAGCACT,0,381335
acrBp,0.1111111111111111,8,8,TTGGTCAGCGAATCTGCAAA,0,356978
acrBp,0.1111111111111111,8,8,TTGGCGGCGTTGGAGGTTAT,0,401302
acrBp,0.1111111111111111,8,8,TTGATCGATTACTTGGTTGA,0,378514
acrBp,0.1111111111111111,8,8,TTGAGTCTGCACATACACCC,0,375935
acrBp,0.1111111111111111,8,8,TTGAGGCAACATTGTTGGAA,0,368653
acrBp,0.1111111111111111,8,8,TTGACAGGCTTGGCAATCAC,0,393654
acrBp,0.1111111111111111,8,8,TTCTTTGCACCGGGCTATGC,0,376507
acrBp,0.1111111111111111,8,8,TTCTTTATGGGAAGGACATT,0,378529
acrBp,0.1111111111111111,8,8,TTCTTGACGTCGGGCCGCAG,0,360607
acrBp,0.1111111111111111,8,8,TTCTTCAGAGAACAATGCCC,0,380342
acrBp,0.1111111111111111,8,8,TTCTCTCGATATGAGCGCGC,0,368504
acrBp,0.1111111111111111,8,8,TTCGCTGCACATGAATGCAG,0,391436
acrBp,0.1111111111111111,8,8,TTCGAGATGTTCGGGACGGC,0,384056
acrBp,0.1111111111111111,8,8,TTCCTCTCTCTGGGGACATT,0,401367
acrBp,0.1111111111111111,8,8,TTCCGCAACCGCCTATAACC,0,360652
acrBp,0.1111111111111111,8,8,TTCCCTATGTGTGGGCGAGT,0,357761
acrBp,0.1111111111111111,8,8,TTCCCATGAGATCGTTCCCT,0,365311
acrBp,0.1111111111111111,8,8,TTCCCATAGTGACTCCGTTG,0,361394
acrBp,0.1111111111111111,8,8,TTCATACCAACAGTGGTGTC,0,377391
acrBp,0.1111111111111111,8,8,TTCACGGTGGTGTAGATGAA,0,380828
acrBp,0.1111111111111111,8,8,TTCACGGTCGAAGTGGTGCG,0,400831
acrBp,0.1111111111111111,8,8,TTCAAAGATACTTTAAGTTT,0,396270
acrBp,0.1111111111111111,8,8,TTATTAACATATGACTGCCC,0,406887
acrBp,0.1111111111111111,8,8,TTATGTTAGCACCGTTCGGC,0,401485
acrBp,0.1111111111111111,8,8,TTATAGCCCACGGTATGCAG,0,375370
acrBp,0.1111111111111111,8,8,TTATACCTGTCCGACGCTCA,0,375143
acrBp,0.1111111111111111,8,8,TTAGGCTGACGTGAGTTATC,0,394628
acrBp,0.1111111111111111,8,8,TTAGCACGCTTACGCGCAGA,0,374273
acrBp,0.1111111111111111,8,8,TTAGCAACGACAATGCAACC,0,378165
acrBp,0.1111111111111111,8,8,TTACTCAGGATACCAGTTGT,0,397792
acrBp,0.1111111111111111,8,8,TTACGATGGTAGAACAGGTC,0,383175
acrBp,0.1111111111111111,8,8,TTAATGGCAGATGCCCCGAC,0,375570
acrBp,0.1111111111111111,8,8,TGTTTGCCTAGGACCGAGTT,0,402536
acrBp,0.1111111111111111,8,8,TGTTGCCCTTGACTAACCTT,0,366432
acrBp,0.1111111111111111,8,8,TGTTGAAAGCAGAAACGATA,0,364557
acrBp,0.1111111111111111,8,8,TGTTCCGCTGTAGGCCGAGT,0,356973
acrBp,0.1111111111111111,8,8,TGTGTAAGGCCGGCGGGCCC,0,394364
acrBp,0.1111111111111111,8,8,TGTCGTTAGTGCTATTTTGG,0,360863
acrBp,0.1111111111111111,8,8,TGTCCTACTAATAGAGACCT,0,369733
acrBp,0.1111111111111111,8,8,TGTAACGATACTTATATGTA,0,400031
acrBp,0.1111111111111111,8,8,TGGTTAGTTCCGGGCATCCC,0,388311
acrBp,0.1111111111111111,8,8,TGGTATTCCAAACGGCGTGT,0,389457
acrBp,0.1111111111111111,8,8,TGGGAGCCAGTTATCGCGGA,0,376643
acrBp,0.1111111111111111,8,8,TGGGAGAACTTGTATGGGTG,0,384651
acrBp,0.1111111111111111,8,8,TGGCCGGGAGAAACTATATG,0,394660
acrBp,0.1111111111111111,8,8,TGGCATAGGGGGGATATTTG,0,368924
acrBp,0.1111111111111111,8,8,TGGATAGGTAAGGTTAATAA,0,405161
acrBp,0.1111111111111111,8,8,TGGAGTTGATCGATCAACCA,0,394241
acrBp,0.1111111111111111,8,8,TGGAAGATATGGAATTTTTT,0,355513
acrBp,0.1111111111111111,8,8,TGCTTATGATACCTTTTAGT,0,369413
acrBp,0.1111111111111111,8,8,TGCTCGTGCCAAAAGAAGCT,0,366403
acrBp,0.1111111111111111,8,8,TGCGGGAGGTGATGTTGTCC,0,392346
acrBp,0.1111111111111111,8,8,TGCGGCGGGCCACAATCGTT,0,405184
acrBp,0.1111111111111111,8,8,TGCGCGGATTGTCGTACACG,0,388954
acrBp,0.1111111111111111,8,8,TGCCTCGCCTGTTTTTGGGG,0,366542
acrBp,0.1111111111111111,8,8,TGCCCTGATTGCATGCCTAA,0,401268
acrBp,0.1111111111111111,8,8,TGCCCTCTCAGGGGTCTTAC,0,368237
acrBp,0.1111111111111111,8,8,TGCCCGCCCGTCACAGGCTG,0,406449
acrBp,0.1111111111111111,8,8,TGCCATAGGCGGCGTTAACA,0,383316
acrBp,0.1111111111111111,8,8,TGCAGACAAGTGTTATTAAA,0,389804
acrBp,0.1111111111111111,8,8,TGATGCCGTGTGTTGTCGGT,0,396061
acrBp,0.1111111111111111,8,8,TGATACAGTATCGTACCGCA,0,402052
acrBp,0.1111111111111111,8,8,TGAGTCTGCGTCAGCCGGAC,0,404921
acrBp,0.1111111111111111,8,8,TGACTAACGGATGTGCGCAG,0,391995
acrBp,0.1111111111111111,8,8,TGACGGTATTGAAGTCAGGA,0,380212
acrBp,0.1111111111111111,8,8,TGACCATGTCCTCCAGATTG,0,393969
acrBp,0.1111111111111111,8,8,TGACACGACCCGTGCTGTAG,0,400322
acrBp,0.1111111111111111,8,8,TGACAAGGAAAATACCACCC,0,372025
acrBp,0.1111111111111111,8,8,TGAAGCATCCGGCAGAACCC,0,366836
acrBp,0.1111111111111111,8,8,TGAACAACGGATGGACGTGC,0,405058
acrBp,0.1111111111111111,8,8,TGAAATGGTGTGCTAGCGGA,0,368386
acrBp,0.1111111111111111,8,8,TGAAAATAAATTGGCGCCAC,0,374530
acrBp,0.1111111111111111,8,8,TCTTTGCGTCCGCATTAAAT,0,387478
acrBp,0.1111111111111111,8,8,TCTTTCTATGCCAAACGTTG,0,406783
acrBp,0.1111111111111111,8,8,TCTTTCCTACTTGAACTCCA,0,382659
acrBp,0.1111111111111111,8,8,TCTTGGACCGTCCACAAGCA,0,376826
acrBp,0.1111111111111111,8,8,TCTGTTCAAGGGGACACAAT,0,391916
acrBp,0.1111111111111111,8,8,TCTGGGCGGTGGATGAGGAC,0,395330
acrBp,0.1111111111111111,8,8,TCTGGAGGCCGGCCTAACTG,0,364408
acrBp,0.1111111111111111,8,8,TCTCGATCATTGACTGCTCT,0,380062
acrBp,0.1111111111111111,8,8,TCTCCCGAAGCGCGCTGTCT,0,383745
acrBp,0.1111111111111111,8,8,TCTATTCGTTCCTTAGCCAT,0,380463
acrBp,0.1111111111111111,8,8,TCTATCACTAATGGACGCAA,0,365174
acrBp,0.1111111111111111,8,8,TCTAGATGTGACCTTAAAAA,0,360460
acrBp,0.1111111111111111,8,8,TCTAAGGCGCATGTAGAATA,0,392648
acrBp,0.1111111111111111,8,8,TCTAAAGCTCATGTGATGCG,0,406631
acrBp,0.1111111111111111,8,8,TCGTTCCATCTCTGCATGCG,0,368938
acrBp,0.1111111111111111,8,8,TCGTGCCGTTCTGGTACTTC,0,391699
acrBp,0.1111111111111111,8,8,TCGTCCGGCGTAACCTTGTA,0,358709
acrBp,0.1111111111111111,8,8,TCGGTATGGTACCATGGCGC,0,360600
acrBp,0.1111111111111111,8,8,TCGGTATGAGCCTAGAGAAG,0,376061
acrBp,0.1111111111111111,8,8,TCGGGCAGCTAGCCTGCTAC,0,402269
acrBp,0.1111111111111111,8,8,TCGGCCGAACCGGGTCCCTG,0,369890
acrBp,0.1111111111111111,8,8,TCGGCACGCAGGCGCCACGC,0,373196
acrBp,0.1111111111111111,8,8,TCGGAGGGCCTCATTCCGAT,0,393162
acrBp,0.1111111111111111,8,8,TCGGACAACGCAGTACTTTT,0,399500
acrBp,0.1111111111111111,8,8,TCGCTTGCATTGGTACACCA,0,373439
acrBp,0.1111111111111111,8,8,TCGCCTGGTGGGTCAGCCCG,0,364776
acrBp,0.1111111111111111,8,8,TCGCCCAAGTAAGTAGCCTC,0,375750
acrBp,0.1111111111111111,8,8,TCGATGGCCTGATGCTTTTT,0,385168
acrBp,0.1111111111111111,8,8,TCGACTCGCGCACATGATCT,0,367664
acrBp,0.1111111111111111,8,8,TCGACGGAGTCCATACTTCA,0,373244
acrBp,0.1111111111111111,8,8,TCGACGCATCGTATGGACGA,0,358096
acrBp,0.1111111111111111,8,8,TCGAACTTTTTCACGTTGCT,0,365372
acrBp,0.1111111111111111,8,8,TCCTTGATTGAGTAATCGCA,0,369751
acrBp,0.1111111111111111,8,8,TCCTGTACCCATCAACGTGG,0,395676
acrBp,0.1111111111111111,8,8,TCCTCTGTGTACCTGAGCTT,0,378388
acrBp,0.1111111111111111,8,8,TCCTCTCATTACGTTACACT,0,374812
acrBp,0.1111111111111111,8,8,TCCTATTGGGTTACCTGGGG,0,403128
acrBp,0.1111111111111111,8,8,TCCGGGTGTTATGGGAGATA,0,404727
acrBp,0.1111111111111111,8,8,TCCGGGGATGCAGCTTACTT,0,364720
acrBp,0.1111111111111111,8,8,TCCGGCTCCCAGAGGTAAAT,0,376790
acrBp,0.1111111111111111,8,8,TCCGGACGATGACACTGTAT,0,367989
acrBp,0.1111111111111111,8,8,TCCGAGATTCTTTGCGTTCT,0,406810
acrBp,0.1111111111111111,8,8,TCCCGCTATCATGCGTAGTC,0,363044
acrBp,0.1111111111111111,8,8,TCCAGGTATGAGCATGACCG,0,403428
acrBp,0.1111111111111111,8,8,TCCACGTAGTGTGCGTGCCA,0,393855
acrBp,0.1111111111111111,8,8,TCATTGATTGATTTGGTGGA,0,365190
acrBp,0.1111111111111111,8,8,TCATCCTCTACGGGCCTAAT,0,392289
acrBp,0.1111111111111111,8,8,TCATACGTATAGTAGCGTAT,0,362967
acrBp,0.1111111111111111,8,8,TCAGTGTACACTTAGCTATG,0,389738
acrBp,0.1111111111111111,8,8,TCAGTGTAAAGTTTGAAAGT,0,385844
acrBp,0.1111111111111111,8,8,TCAGCGTTACAACCATCAAT,0,367860
acrBp,0.1111111111111111,8,8,TCAGAGCGGCAATCATTTCC,0,365639
acrBp,0.1111111111111111,8,8,TCACTTCTGGCCTGTTTATA,0,364440
acrBp,0.1111111111111111,8,8,TCACATTCCGCTTAATCACC,0,356388
acrBp,0.1111111111111111,8,8,TCAAGCCCTCCTGGTCTGGG,0,393450
acrBp,0.1111111111111111,8,8,TCAACAGCACATTCGTTCGA,0,401561
acrBp,0.1111111111111111,8,8,TCAAACTTGTTATGCAAGGG,0,374860
acrBp,0.1111111111111111,8,8,TATTCCGGCGAATTTGCTCT,0,394689
acrBp,0.1111111111111111,8,8,TATTCACATTGGCATAGCGA,0,367151
acrBp,0.1111111111111111,8,8,TATTAGTAAGGAGTTGGTGT,0,359460
acrBp,0.1111111111111111,8,8,TATGGCCGCGTGGTCGAGTA,0,368444
acrBp,0.1111111111111111,8,8,TATGGAATGCATATCCGAGT,0,401662
acrBp,0.1111111111111111,8,8,TATCTGAGAAGGCGCTATAT,0,389410
acrBp,0.1111111111111111,8,8,TATCGCATCACTGGGGCGCG,0,382599
acrBp,0.1111111111111111,8,8,TATCATTGACTGGTCGAGTC,0,372089
acrBp,0.1111111111111111,8,8,TATAGGAGGAGCCCCAGTCT,0,397668
acrBp,0.1111111111111111,8,8,TATACCCGTCTTGTAGACGG,0,360104
acrBp,0.1111111111111111,8,8,TATACCACAGTCTTGGTACT,0,362744
acrBp,0.1111111111111111,8,8,TATAATTGTATATGGGACGT,0,380298
acrBp,0.1111111111111111,8,8,TATAATCACCGGGTGCCATC,0,380504
acrBp,0.1111111111111111,8,8,TAGGGCGCTCCTTGTTGTAA,0,393814
acrBp,0.1111111111111111,8,8,TAGGATTTAGAGATAGACTT,0,384913
acrBp,0.1111111111111111,8,8,TAGGATTGACAAGAACCGGG,0,386617
acrBp,0.1111111111111111,8,8,TAGCCTCTGTGTCCCCCTAT,0,395265
acrBp,0.1111111111111111,8,8,TAGATATACCATATAGATTC,0,382982
acrBp,0.1111111111111111,8,8,TACTGTCTCTGAAATCCATT,0,382327
acrBp,0.1111111111111111,8,8,TACTGGTTCTCTCACCGTAT,0,383046
acrBp,0.1111111111111111,8,8,TACTCTGCGTTACGACCTGC,0,377609
acrBp,0.1111111111111111,8,8,TACGTCCTCACGAAAGATGT,0,388066
acrBp,0.1111111111111111,8,8,TACGTACATTATCAGGCAAA,0,386451
acrBp,0.1111111111111111,8,8,TACGGCTCGGTCACATCTCG,0,375239
acrBp,0.1111111111111111,8,8,TACGGATGTAGGTAAAGTAG,0,376555
acrBp,0.1111111111111111,8,8,TACGACTCGTGAGGGAGAGC,0,402051
acrBp,0.1111111111111111,8,8,TACGAAATGTTAAGAATACC,0,399061
acrBp,0.1111111111111111,8,8,TACCTGCTAGCGGCAGCTGT,0,386750
acrBp,0.1111111111111111,8,8,TACCGTGTTCTGAATCGAGA,0,407976
acrBp,0.1111111111111111,8,8,TACCCCTTCTTTGACCTAGT,0,380304
acrBp,0.1111111111111111,8,8,TACCACACGGTGATCCGCCT,0,399542
acrBp,0.1111111111111111,8,8,TACAGTATGAGAAGTGCTGG,0,360797
acrBp,0.1111111111111111,8,8,TACAGGTTGGCTGGGTTTAA,0,406607
acrBp,0.1111111111111111,8,8,TACAACGTATCAAGCGTAGA,0,362533
acrBp,0.1111111111111111,8,8,TACAACCATTGCTCAGGCTA,0,385804
acrBp,0.1111111111111111,8,8,TAATTATGCCTCGTGAGGTA,0,366529
acrBp,0.1111111111111111,8,8,TAAGTTACGCCTTTATACAG,0,361002
acrBp,0.1111111111111111,8,8,TAAGTGACTTTCCCGATCGT,0,374599
acrBp,0.1111111111111111,8,8,TAAGTCTGGAGCTGAGTGGT,0,356160
acrBp,0.1111111111111111,8,8,TAAGACCAAGTGTACCGAAG,0,401892
acrBp,0.1111111111111111,8,8,TAACCTTTACGTCAGTCCTA,0,373954
acrBp,0.1111111111111111,8,8,TAACCTCTACGCACAGGCGG,0,379716
acrBp,0.1111111111111111,8,8,TAACATCCAGGACAAGTCGT,0,396851
acrBp,0.1111111111111111,8,8,TAAATCATACTTCGGACAGA,0,404439
acrBp,0.1111111111111111,8,8,TAAATATAGCGTTGCATACC,0,398482
acrBp,0.1111111111111111,8,8,TAAACTTTTCGCGTGGAGGT,0,360145
acrBp,0.1111111111111111,8,8,TAAAAGCTCCATGGGCTTGC,0,377537
acrBp,0.1111111111111111,8,8,TAAAACGGCGACGGACTTGA,0,401017
acrBp,0.1111111111111111,8,8,GTTTGGACAGCAGAATTTAG,0,377004
acrBp,0.1111111111111111,8,8,GTTTGAGGCACTCAGATCCC,0,365321
acrBp,0.1111111111111111,8,8,GTTTAATAGAAGAGAAAAAT,0,397268
acrBp,0.1111111111111111,8,8,GTTTAACGAAGAGGACAATT,0,360593
acrBp,0.1111111111111111,8,8,GTTGGTGATAACGAGCAGAC,0,364899
acrBp,0.1111111111111111,8,8,GTTGCCCCCGGGACTTGTCA,0,380631
acrBp,0.1111111111111111,8,8,GTTCTTATTTAAATCTGTCC,0,384407
acrBp,0.1111111111111111,8,8,GTTCTCAGGTGTCTGAATGT,0,397059
acrBp,0.1111111111111111,8,8,GTTCCCAGGATGTGGGTACA,0,388914
acrBp,0.1111111111111111,8,8,GTTAGTTTCGAGACTTGGTT,0,387517
acrBp,0.1111111111111111,8,8,GTTAGTTTATGGCTTAGATG,0,397202
acrBp,0.1111111111111111,8,8,GTTAGGTAAGATTATCTTCA,0,377733
acrBp,0.1111111111111111,8,8,GTTACTGGAGAGGGAACTAG,0,380856
acrBp,0.1111111111111111,8,8,GTGTTCGCGGTATGCACAGC,0,403058
acrBp,0.1111111111111111,8,8,GTGTCTCCTAAGAACCAACA,0,360817
acrBp,0.1111111111111111,8,8,GTGTACTTGACGGAAGGATT,0,382406
acrBp,0.1111111111111111,8,8,GTGGGTGTTTAGAAACCGGG,0,361360
acrBp,0.1111111111111111,8,8,GTGGAAGTAAGCTTAATGGA,0,402095
acrBp,0.1111111111111111,8,8,GTGCTGTAAGTATATGCTTC,0,393084
acrBp,0.1111111111111111,8,8,GTGCTACAATCATTTATTTA,0,367700
acrBp,0.1111111111111111,8,8,GTGCCAACGCATCGACATTA,0,377730
acrBp,0.1111111111111111,8,8,GTGATTTGGGATAAAAAGAG,0,400010
acrBp,0.1111111111111111,8,8,GTGAAGTTCATATAAAGGTG,0,375535
acrBp,0.1111111111111111,8,8,GTGAACACAGGTTTACGTTT,0,372585
acrBp,0.1111111111111111,8,8,GTCTTTCCTGCCTTGTAATC,0,359199
acrBp,0.1111111111111111,8,8,GTCTTCCCTAATCTTTGTCA,0,367358
acrBp,0.1111111111111111,8,8,GTCTTAAATTGGACGTAACC,0,398326
acrBp,0.1111111111111111,8,8,GTCTCGACGCCCCTACTCGA,0,399316
acrBp,0.1111111111111111,8,8,GTCGTGTCGATTTCGGCCCA,0,405014
acrBp,0.1111111111111111,8,8,GTCGCGTCTCACGCAACCAC,0,408482
acrBp,0.1111111111111111,8,8,GTCGCCGCCCGGTGTGCACT,0,361131
acrBp,0.1111111111111111,8,8,GTCCTAGGTCAAGTTCGGCA,0,380490
acrBp,0.1111111111111111,8,8,GTCCGGCCGAGCCCCAATGG,0,359231
acrBp,0.1111111111111111,8,8,GTCCCTGAAACTGGTAATGG,0,396331
acrBp,0.1111111111111111,8,8,GTCCACTAGCCTCATGTTTT,0,369785
acrBp,0.1111111111111111,8,8,GTCACTCCAGGGTAATAGTA,0,358800
acrBp,0.1111111111111111,8,8,GTCACTAGAGGCTTCCCAGC,0,360157
acrBp,0.1111111111111111,8,8,GTATGTGTGAAGGGAACCCA,0,406101
acrBp,0.1111111111111111,8,8,GTATGAATAGTCAGGCGTTC,0,383334
acrBp,0.1111111111111111,8,8,GTAGTAAGTCTGTTTTCGAC,0,402724
acrBp,0.1111111111111111,8,8,GTAGGGCCAGGGCATTAATG,0,401827
acrBp,0.1111111111111111,8,8,GTACTGTGTAGTTCCGCCGG,0,405598
acrBp,0.1111111111111111,8,8,GTACTGCGGCCTGCGATTGA,0,393109
acrBp,0.1111111111111111,8,8,GTACGTCGCAAGGTCCTCGG,0,383916
acrBp,0.1111111111111111,8,8,GTACATCAAAATGTCGTGAT,0,408439
acrBp,0.1111111111111111,8,8,GTAAGACTTGGTCTCCGTGC,0,373259
acrBp,0.1111111111111111,8,8,GTAAACGCCGATCGGTGGCC,0,375647
acrBp,0.1111111111111111,8,8,GTAAAAGACTAACTTCGGGT,0,356508
acrBp,0.1111111111111111,8,8,GGTTCCCTGACACAAGTCTG,0,399649
acrBp,0.1111111111111111,8,8,GGTTCCAGGGGCAACTGCGT,0,393132
acrBp,0.1111111111111111,8,8,GGTGCCGTGATTAATGGTTA,0,371385
acrBp,0.1111111111111111,8,8,GGTGAATGTCATTAGGTCTA,0,373784
acrBp,0.1111111111111111,8,8,GGTCCGCGGACTGGTGCCTT,0,402602
acrBp,0.1111111111111111,8,8,GGTCATATTAGCCATGGTGT,0,358486
acrBp,0.1111111111111111,8,8,GGTCACTAATAGTCCCCCGT,0,371336
acrBp,0.1111111111111111,8,8,GGTATTCTGAGAGTTGGAGT,0,371780
acrBp,0.1111111111111111,8,8,GGTATAGGGCACGTACAAGG,0,355542
acrBp,0.1111111111111111,8,8,GGTAGACGGTCTGACTCAGT,0,389618
acrBp,0.1111111111111111,8,8,GGGTGCATCATTAGGTTCAT,0,362669
acrBp,0.1111111111111111,8,8,GGGTAGTAGAAAGTCCTCGT,0,357623
acrBp,0.1111111111111111,8,8,GGGTAACGCGGGACGCCGTA,0,365627
acrBp,0.1111111111111111,8,8,GGGGTTTGGAGAGGACTTGC,0,371646
acrBp,0.1111111111111111,8,8,GGGGTGTATTGGCTACTTAC,0,383150
acrBp,0.1111111111111111,8,8,GGGGAAAATGCAAATACGAA,0,394687
acrBp,0.1111111111111111,8,8,GGGCTTGCGAAGACTCACGA,0,362617
acrBp,0.1111111111111111,8,8,GGGCGGTCAGGACCTGCCTT,0,396154
acrBp,0.1111111111111111,8,8,GGGATCCTTGCATAGAACGA,0,383398
acrBp,0.1111111111111111,8,8,GGGAATTCCGCAAGAATCAC,0,403249
acrBp,0.1111111111111111,8,8,GGCTCAGGTGCCTTCCAGTG,0,396238
acrBp,0.1111111111111111,8,8,GGCGATTGGTCATTGACGGT,0,358212
acrBp,0.1111111111111111,8,8,GGCGATCTCTCATGAGCAAA,0,408162
acrBp,0.1111111111111111,8,8,GGCCCATTTAGCGCCTCATG,0,359349
acrBp,0.1111111111111111,8,8,GGCCCACAGATCCCTGTGAC,0,383913
acrBp,0.1111111111111111,8,8,GGCCAATGGGGGGGTTGCGG,0,370905
acrBp,0.1111111111111111,8,8,GGCATTTTTTCTATACCTCA,0,406470
acrBp,0.1111111111111111,8,8,GGCATCACTCGTTTCCTCGG,0,360649
acrBp,0.1111111111111111,8,8,GGCAGTATACTTAAGGTCCT,0,394087
acrBp,0.1111111111111111,8,8,GGCAGCGTGTTGCGCTCTCA,0,388197
acrBp,0.1111111111111111,8,8,GGCACATAAGCAAGTCGTCA,0,375885
acrBp,0.1111111111111111,8,8,GGCAACCGACCAAGTACGTT,0,383309
acrBp,0.1111111111111111,8,8,GGATGCGATTATACCGTACA,0,357302
acrBp,0.1111111111111111,8,8,GGATCTATTGAAGCGGCACT,0,374705
acrBp,0.1111111111111111,8,8,GGATCGTTTCCAGAACGGGA,0,392300
acrBp,0.1111111111111111,8,8,GGATCAATACCCAGGCGTCA,0,402347
acrBp,0.1111111111111111,8,8,GGAGCGGCACGCCTCTTAAG,0,390805
acrBp,0.1111111111111111,8,8,GGAGACCTATTGAACTTACC,0,379166
acrBp,0.1111111111111111,8,8,GGACTACAAAGTAAAGGTCA,0,375279
acrBp,0.1111111111111111,8,8,GGACGGAGGACGCGGCACAA,0,364963
acrBp,0.1111111111111111,8,8,GGACCGCAACCCTCAACGCT,0,357394
acrBp,0.1111111111111111,8,8,GCTTTTTGGTGATGCGCACC,0,388674
acrBp,0.1111111111111111,8,8,GCTTTGCTCGAAAGCGGAGG,0,396943
acrBp,0.1111111111111111,8,8,GCTTGGGACTAACACGAGCA,0,388596
acrBp,0.1111111111111111,8,8,GCTTGCTTTCCTGGGATCTT,0,359232
acrBp,0.1111111111111111,8,8,GCTTCGTACAGCAATCACAC,0,397609
acrBp,0.1111111111111111,8,8,GCTTATGTATGGCGAATCGT,0,374576
acrBp,0.1111111111111111,8,8,GCTGACCCAAGAAGCTTCCT,0,367367
acrBp,0.1111111111111111,8,8,GCTCTGGACTGTTGAATCTC,0,405590
acrBp,0.1111111111111111,8,8,GCTCTCCGTGGTGTTCACTT,0,379164
acrBp,0.1111111111111111,8,8,GCTCGGTGAGTACATAGAAT,0,375235
acrBp,0.1111111111111111,8,8,GCTCGGTCCTCTCTCCGGAA,0,377661
acrBp,0.1111111111111111,8,8,GCTCGGAGCTTGCATCGACC,0,373479
acrBp,0.1111111111111111,8,8,GCTATCTGTCAATGGGGGGC,0,389393
acrBp,0.1111111111111111,8,8,GCTAGACAACTTATACGTCT,0,356188
acrBp,0.1111111111111111,8,8,GCTACTAGATCATTATCTTA,0,370871
acrBp,0.1111111111111111,8,8,GCTAATGATCTGGGAGGAAT,0,397224
acrBp,0.1111111111111111,8,8,GCTAAATTATTTCGGGAGAG,0,388716
acrBp,0.1111111111111111,8,8,GCGTGTAGGACGGTGGCCTG,0,376575
acrBp,0.1111111111111111,8,8,GCGTGACATCTCGCAAGGCT,0,362076
acrBp,0.1111111111111111,8,8,GCGTCTTCCCTGGAACCAGA,0,373139
acrBp,0.1111111111111111,8,8,GCGTCAATGTGGTTCCGTAA,0,376482
acrBp,0.1111111111111111,8,8,GCGGCAAAGTGTGCAAGGCT,0,355485
acrBp,0.1111111111111111,8,8,GCGGATTATTTGGATTTCTT,0,392328
acrBp,0.1111111111111111,8,8,GCGCTCTTAATAGCCAAGCT,0,361316
acrBp,0.1111111111111111,8,8,GCGCGCCCTGTAGCGCTGAC,0,395707
acrBp,0.1111111111111111,8,8,GCGAAAATGGCGATTCGGGT,0,397716
acrBp,0.1111111111111111,8,8,GCCGGTTCGCTTAAGTGAGA,0,380630
acrBp,0.1111111111111111,8,8,GCCGCTCTCGAACATAGCGT,0,359676
acrBp,0.1111111111111111,8,8,GCCGCCTGGAGGGAGCAACT,0,355903
acrBp,0.1111111111111111,8,8,GCCGACGGTCGTCTCCAACT,0,385263
acrBp,0.1111111111111111,8,8,GCCCTCCAGTTTTCCCTCCT,0,369997
acrBp,0.1111111111111111,8,8,GCCCGTCCGCGTGAACTCGA,0,387438
acrBp,0.1111111111111111,8,8,GCCCGCTACAGAGTAGCCTC,0,375229
acrBp,0.1111111111111111,8,8,GCCATAACGTTCCTATACAC,0,386335
acrBp,0.1111111111111111,8,8,GCCAGTCCTCAAATCAACTG,0,359485
acrBp,0.1111111111111111,8,8,GCCAGGCAATGGTTAATTCT,0,356289
acrBp,0.1111111111111111,8,8,GCCACCCACAGCCCTGTGGG,0,364342
acrBp,0.1111111111111111,8,8,GCCAAGTAATCTGCGTTTAT,0,363826
acrBp,0.1111111111111111,8,8,GCATTCTAGGCCGTTGTTTG,0,368420
acrBp,0.1111111111111111,8,8,GCATGTATTCAAGATCCCAG,0,408047
acrBp,0.1111111111111111,8,8,GCATGTACTCATACAGATCC,0,395972
acrBp,0.1111111111111111,8,8,GCATGGTAGGTTAGTGAATT,0,388394
acrBp,0.1111111111111111,8,8,GCATGGGCATGGGCATGCAA,0,362722
acrBp,0.1111111111111111,8,8,GCATGATCCCTCCGGAATCG,0,358034
acrBp,0.1111111111111111,8,8,GCATAGCTGAGCTTTGTTAA,0,357214
acrBp,0.1111111111111111,8,8,GCAGATAGTGGAGCTTATGG,0,376522
acrBp,0.1111111111111111,8,8,GCACCGACCCGCCGACCATT,0,357236
acrBp,0.1111111111111111,8,8,GCACAACTCTTAATACATTC,0,402313
acrBp,0.1111111111111111,8,8,GCAAGGTAACCGATCTAAGT,0,361624
acrBp,0.1111111111111111,8,8,GATTGAGGTGCGTGGAGTGT,0,372848
acrBp,0.1111111111111111,8,8,GATTGACCATCCCACGCCAT,0,402223
acrBp,0.1111111111111111,8,8,GATTAGGTCTAATTGTACCA,0,367602
acrBp,0.1111111111111111,8,8,GATGTCGAGATAGTCTACCA,0,400621
acrBp,0.1111111111111111,8,8,GATGGGTCGGGAATGTTCTG,0,376274
acrBp,0.1111111111111111,8,8,GATGACTACAAAGTCAGCCG,0,376897
acrBp,0.1111111111111111,8,8,GATCTTGAAGCTTTTCAGAG,0,392769
acrBp,0.1111111111111111,8,8,GATCTCCGCTTAATTAGAGT,0,356398
acrBp,0.1111111111111111,8,8,GATCAGGACGTCGTTAGAAG,0,367222
acrBp,0.1111111111111111,8,8,GATATAGTCACTTGCTCACC,0,391891
acrBp,0.1111111111111111,8,8,GATAGGGAGGAAATATAGAC,0,400182
acrBp,0.1111111111111111,8,8,GAGTTGTGCTCACAATCAGG,0,374572
acrBp,0.1111111111111111,8,8,GAGTGGCAGGGAACGAATGA,0,372689
acrBp,0.1111111111111111,8,8,GAGTCACGAGTGAACCAGGT,0,383091
acrBp,0.1111111111111111,8,8,GAGTATGCTTGTCAACTTAG,0,376967
acrBp,0.1111111111111111,8,8,GAGGCTGTAGCTTAACGGAA,0,356563
acrBp,0.1111111111111111,8,8,GAGGCGCTTCCGATAGAACA,0,393807
acrBp,0.1111111111111111,8,8,GAGGACGTAAGTGGATGTAA,0,396203
acrBp,0.1111111111111111,8,8,GAGCGCGGATCGTTCTGCTT,0,405329
acrBp,0.1111111111111111,8,8,GAGCCCGTCTTATTGCGGGG,0,387808
acrBp,0.1111111111111111,8,8,GAGACCGCACCGATCTCCAG,0,373755
acrBp,0.1111111111111111,8,8,GAGACAACACGGTAGCGAGT,0,390507
acrBp,0.1111111111111111,8,8,GAGAACCGACGACAGCCGTA,0,372346
acrBp,0.1111111111111111,8,8,GACTGCACATCAAGGGCAAG,0,388319
acrBp,0.1111111111111111,8,8,GACTGAACATTGAATCGTAG,0,373608
acrBp,0.1111111111111111,8,8,GACGTTCTGTGGGCGTCCAT,0,382419
acrBp,0.1111111111111111,8,8,GACGCTTCGAGCAAGTTGGT,0,387980
acrBp,0.1111111111111111,8,8,GACGAGGACATCGACATACA,0,373346
acrBp,0.1111111111111111,8,8,GACAGAGAAGTATGCGATCT,0,386635
acrBp,0.1111111111111111,8,8,GACACGTATTGGTGGTGAAG,0,405755
acrBp,0.1111111111111111,8,8,GACAAATTTTTTGTTCTGCA,0,377081
acrBp,0.1111111111111111,8,8,GAATGTCGGAAAGAATCATG,0,388935
acrBp,0.1111111111111111,8,8,GAATGGGGTGCTCTCCGTGG,0,386860
acrBp,0.1111111111111111,8,8,GAATATCAAACTGTTTGACA,0,402100
acrBp,0.1111111111111111,8,8,GAAGGTTCAGTCATTCCGCT,0,393081
acrBp,0.1111111111111111,8,8,GAAGGCACACGGTCCTTGGT,0,373812
acrBp,0.1111111111111111,8,8,GAAGCACATGATTCGGGCTT,0,365247
acrBp,0.1111111111111111,8,8,GAACATGGTGGGCCGGTACC,0,391644
acrBp,0.1111111111111111,8,8,GAAATGATCGCACAGTTGCC,0,385621
acrBp,0.1111111111111111,8,8,GAAATATAGAAGGCTACCTG,0,398964
acrBp,0.1111111111111111,8,8,GAAAACAGCTTCTATGTATT,0,366562
acrBp,0.1111111111111111,8,8,CTTTTTTGGGCTGATTCAAG,0,383473
acrBp,0.1111111111111111,8,8,CTTTTGCCGAGACCCCTTTG,0,359009
acrBp,0.1111111111111111,8,8,CTTTTGCCCTCTCGCTTCCT,0,403872
acrBp,0.1111111111111111,8,8,CTTTGCGGTGTATACCATTA,0,357459
acrBp,0.1111111111111111,8,8,CTTTCCATTCCACGGTGAGA,0,360682
acrBp,0.1111111111111111,8,8,CTTGGTCCTAATGGATTGAT,0,361934
acrBp,0.1111111111111111,8,8,CTTGGTATGATGCTTTCTAA,0,404937
acrBp,0.1111111111111111,8,8,CTTGGCTAAAGACCTCCTAG,0,372034
acrBp,0.1111111111111111,8,8,CTTGGAAAGGGTTACGCGTA,0,398770
acrBp,0.1111111111111111,8,8,CTTGAGCTCTCCATGAGTTC,0,401245
acrBp,0.1111111111111111,8,8,CTTCTCGGTTGCACATAGGC,0,359289
acrBp,0.1111111111111111,8,8,CTTCGGCAGACTGTCTGCAA,0,383343
acrBp,0.1111111111111111,8,8,CTTCCTGTACATTTAGATAA,0,387815
acrBp,0.1111111111111111,8,8,CTTCATGTCGATCTGTGTCT,0,355757
acrBp,0.1111111111111111,8,8,CTTATATCTAACGCGCGAGC,0,374003
acrBp,0.1111111111111111,8,8,CTTAACATCGAAGGCATCGT,0,378404
acrBp,0.1111111111111111,8,8,CTGGTCCTGCATTTGAGTTT,0,405463
acrBp,0.1111111111111111,8,8,CTGGATGGATATCTGGAGAC,0,400361
acrBp,0.1111111111111111,8,8,CTGGAGCATGGTGAAATACT,0,359475
acrBp,0.1111111111111111,8,8,CTGCCGCAGTCAGTAAATAC,0,397075
acrBp,0.1111111111111111,8,8,CTGAGCGGTAGCAGAACCTG,0,368114
acrBp,0.1111111111111111,8,8,CTGAAGCTGGTAGGGCGCAA,0,390988
acrBp,0.1111111111111111,8,8,CTCTTCAGGGATCACGCGAA,0,395610
acrBp,0.1111111111111111,8,8,CTCGCCGCCCTTTCCAAATT,0,387213
acrBp,0.1111111111111111,8,8,CTCGACTCTGATTCCACAGG,0,358270
acrBp,0.1111111111111111,8,8,CTCCCATTTTACATCTGATA,0,378558
acrBp,0.1111111111111111,8,8,CTCACCAGATTCTGAGGTCG,0,367433
acrBp,0.1111111111111111,8,8,CTATTGGTGCGATGAAGGAC,0,373008
acrBp,0.1111111111111111,8,8,CTATGATATCGGATGACGCT,0,389013
acrBp,0.1111111111111111,8,8,CTATGACTCGTGGCCTAGGC,0,392252
acrBp,0.1111111111111111,8,8,CTATCCATCGTTCAGGGAAC,0,372934
acrBp,0.1111111111111111,8,8,CTAGTCGATGAGAAGGTCAT,0,370078
acrBp,0.1111111111111111,8,8,CTAGGTCGTCCGAAGTTCCT,0,370986
acrBp,0.1111111111111111,8,8,CTAGGCGCGTCACCGGATCC,0,394425
acrBp,0.1111111111111111,8,8,CTAGCGGTGCTGATTATGGG,0,378290
acrBp,0.1111111111111111,8,8,CTACAGGCCAGTGTTTAAGC,0,369046
acrBp,0.1111111111111111,8,8,CTAAGGGTCAATAACTTGAC,0,377340
acrBp,0.1111111111111111,8,8,CTAAGCTTCAGGGTTTCAGG,0,370671
acrBp,0.1111111111111111,8,8,CTAAACACATGCTAGCGGCC,0,370418
acrBp,0.1111111111111111,8,8,CTAAAATTGTTGTGAAATAG,0,396768
acrBp,0.1111111111111111,8,8,CGTTTTGGTAGTGATATTGC,0,402618
acrBp,0.1111111111111111,8,8,CGTTTTAGGGGCGACGGCTC,0,373852
acrBp,0.1111111111111111,8,8,CGTTTAAATAAGGGCAATGC,0,371123
acrBp,0.1111111111111111,8,8,CGTTGTGGTACTTGTATCGA,0,370788
acrBp,0.1111111111111111,8,8,CGTTGTCGTGACAGCGAGGC,0,369149
acrBp,0.1111111111111111,8,8,CGTTGGAGAGACATGGGTAC,0,399408
acrBp,0.1111111111111111,8,8,CGTTGCAGAAATTACTCAAG,0,392064
acrBp,0.1111111111111111,8,8,CGTGCCGTCCATCTCCCTCG,0,394275
acrBp,0.1111111111111111,8,8,CGTGATTTATTAGACGTGTC,0,384409
acrBp,0.1111111111111111,8,8,CGTGATCAGTATCAACTTGG,0,355564
acrBp,0.1111111111111111,8,8,CGTGAGCTTTGGTCCATTAT,0,370037
acrBp,0.1111111111111111,8,8,CGTCGTACCTTGCACGTCAA,0,381890
acrBp,0.1111111111111111,8,8,CGTCCGTCTCATGCCAGATC,0,357619
acrBp,0.1111111111111111,8,8,CGTCCGAACTGTTTACCTCA,0,365585
acrBp,0.1111111111111111,8,8,CGTCACGCCATAGTCGTAAT,0,387024
acrBp,0.1111111111111111,8,8,CGTATCCTGCCTAACCGGGA,0,400148
acrBp,0.1111111111111111,8,8,CGTAGGTAACGTCATTTAGT,0,393039
acrBp,0.1111111111111111,8,8,CGTAGCTCTCCTACTGCGTA,0,363787
acrBp,0.1111111111111111,8,8,CGTAATGGGTCACTTAGCTT,0,392917
acrBp,0.1111111111111111,8,8,CGGTCCGGCGATCAATTGGC,0,400262
acrBp,0.1111111111111111,8,8,CGGTATATTATGTGCTTCCA,0,373325
acrBp,0.1111111111111111,8,8,CGGGTTAGCGGACAGCTGGT,0,399696
acrBp,0.1111111111111111,8,8,CGGGTCCTCGGTAAGATCTA,0,366410
acrBp,0.1111111111111111,8,8,CGGGTAAGACTGCATAGTGG,0,401573
acrBp,0.1111111111111111,8,8,CGGGCTCCCTATGCAGGGTC,0,396114
acrBp,0.1111111111111111,8,8,CGGGCATTTAGGACCAGCCC,0,389119
acrBp,0.1111111111111111,8,8,CGGGAGACGGTCGTGAGTCT,0,400686
acrBp,0.1111111111111111,8,8,CGGGAACTGTAGGATTGCTT,0,385431
acrBp,0.1111111111111111,8,8,CGGCCCACAACGCCGGGAAT,0,370571
acrBp,0.1111111111111111,8,8,CGGCATGTTCTGATCCCGAT,0,381627
acrBp,0.1111111111111111,8,8,CGGCATGGGTTCGAGTGATG,0,398921
acrBp,0.1111111111111111,8,8,CGGCACTCGGTAATAGGCCT,0,395572
acrBp,0.1111111111111111,8,8,CGGCACGGTTGTGTCAGTCT,0,408165
acrBp,0.1111111111111111,8,8,CGGCACAGAAGCCACCCTGA,0,380971
acrBp,0.1111111111111111,8,8,CGGCAACGCGAGCCTTCGAA,0,369003
acrBp,0.1111111111111111,8,8,CGGATCACGCCATTGTGCAT,0,361694
acrBp,0.1111111111111111,8,8,CGGAGGAGAATCGCAGGACC,0,359147
acrBp,0.1111111111111111,8,8,CGGACTTCGTGCCACTTACT,0,363916
acrBp,0.1111111111111111,8,8,CGCTCGGACTTCCACTTCGA,0,401361
acrBp,0.1111111111111111,8,8,CGCGTAAGCTCCATTTGACC,0,366095
acrBp,0.1111111111111111,8,8,CGCGGGGAACCCTAAGAGTT,0,367205
acrBp,0.1111111111111111,8,8,CGCGCACATTTCTCCATCTT,0,364334
acrBp,0.1111111111111111,8,8,CGCGATCTACTTTACGGACC,0,368511
acrBp,0.1111111111111111,8,8,CGCGAAGCAACCAGGAGGAA,0,384717
acrBp,0.1111111111111111,8,8,CGCCGATTGCCCCATGCCTG,0,356799
acrBp,0.1111111111111111,8,8,CGCAGGAATAGGTTGCACCA,0,372939
acrBp,0.1111111111111111,8,8,CGCAGCGCGTTTACCAGGCA,0,357177
acrBp,0.1111111111111111,8,8,CGCAGACCATCGTGTTTTCC,0,406203
acrBp,0.1111111111111111,8,8,CGCAACCCGTTCATTAGGAC,0,405061
acrBp,0.1111111111111111,8,8,CGATTATCAAGGTTCTGCGA,0,394547
acrBp,0.1111111111111111,8,8,CGATGGCCGGATACGCCATC,0,388252
acrBp,0.1111111111111111,8,8,CGAGTTTCGTCAGGCTCGTG,0,404063
acrBp,0.1111111111111111,8,8,CGAGTTGTGGCCCGGAATAT,0,394341
acrBp,0.1111111111111111,8,8,CGAGTGTCGCGGCCGGGTGT,0,363216
acrBp,0.1111111111111111,8,8,CGAGGATCAATAAGTAGTAG,0,393794
acrBp,0.1111111111111111,8,8,CGAGATGATGCGCAGATTCC,0,394219
acrBp,0.1111111111111111,8,8,CGAGAGTAGCTTCACATCTC,0,370941
acrBp,0.1111111111111111,8,8,CGACTTATGGGTGTAGATGC,0,368252
acrBp,0.1111111111111111,8,8,CGACTCCGGGGTGTGCGGGA,0,396117
acrBp,0.1111111111111111,8,8,CGACAAGGCTGAGACGGGAC,0,381805
acrBp,0.1111111111111111,8,8,CCTTCGACTCCACTTCTTGG,0,394804
acrBp,0.1111111111111111,8,8,CCTTCAGGTCTATTCAGTAC,0,360503
acrBp,0.1111111111111111,8,8,CCTTAGGCAACCTGGCTAAT,0,371879
acrBp,0.1111111111111111,8,8,CCTTACACGGAACTGGGAAC,0,377664
acrBp,0.1111111111111111,8,8,CCTTAACAGCCTCGACATGA,0,390999
acrBp,0.1111111111111111,8,8,CCTCTAATCGCTGGCCCTCG,0,378339
acrBp,0.1111111111111111,8,8,CCTCGCGCGCCCTGCATCAA,0,365910
acrBp,0.1111111111111111,8,8,CCTCCGGCCTTAATCGTCTA,0,398487
acrBp,0.1111111111111111,8,8,CCTCATCAACATTCCTCGAC,0,403545
acrBp,0.1111111111111111,8,8,CCTCAGGACTGAAATCTAAG,0,359097
acrBp,0.1111111111111111,8,8,CCTCAAGATGAGCACACCCC,0,360213
acrBp,0.1111111111111111,8,8,CCTAGGCCCCAGGCTATCAC,0,384858
acrBp,0.1111111111111111,8,8,CCGTGCACTTGGGATCAACC,0,356319
acrBp,0.1111111111111111,8,8,CCGTGAAAGTGCTTATCAAG,0,383238
acrBp,0.1111111111111111,8,8,CCGTCCTAGGGGTGCCTGCG,0,388013
acrBp,0.1111111111111111,8,8,CCGTATGCGCCGCCTACTTA,0,406564
acrBp,0.1111111111111111,8,8,CCGTAATTCTAATTGGCCCT,0,394683
acrBp,0.1111111111111111,8,8,CCGGTGTGATACCGAACACT,0,370482
acrBp,0.1111111111111111,8,8,CCGGGGTGATCAGCAAGGGA,0,383612
acrBp,0.1111111111111111,8,8,CCGGCGCAGCTCAGCATAGG,0,364786
acrBp,0.1111111111111111,8,8,CCGGAGCCTACACCGGCACC,0,390203
acrBp,0.1111111111111111,8,8,CCGGACCGAGATAATCATGA,0,381776
acrBp,0.1111111111111111,8,8,CCGCTTAGCTTTTTAGTAGC,0,404372
acrBp,0.1111111111111111,8,8,CCGCGGATAGGTGGCATAAA,0,399204
acrBp,0.1111111111111111,8,8,CCGATGCATCAGCGAACGCA,0,392793
acrBp,0.1111111111111111,8,8,CCCTTCATTAAAGAGGATCT,0,400026
acrBp,0.1111111111111111,8,8,CCCTGGCATGGCTTAGCAAT,0,374861
acrBp,0.1111111111111111,8,8,CCCTGACTAGATCTACGTGT,0,393453
acrBp,0.1111111111111111,8,8,CCCCAAGATTTTGACCAAGG,0,373450
acrBp,0.1111111111111111,8,8,CCCATTAACGGGGGGGAATA,0,377676
acrBp,0.1111111111111111,8,8,CCCAATGGAGTGGCAAATAA,0,407065
acrBp,0.1111111111111111,8,8,CCCAACGACCTGCAACCTCA,0,384678
acrBp,0.1111111111111111,8,8,CCCAAACGTAGATTGCACTC,0,390034
acrBp,0.1111111111111111,8,8,CCATTTTCAAAATTGGCGCT,0,394596
acrBp,0.1111111111111111,8,8,CCATTAGGTAAGGGTAGGGC,0,367847
acrBp,0.1111111111111111,8,8,CCATGGTACTGCGGTAAGAG,0,402609
acrBp,0.1111111111111111,8,8,CCATCTTGTTCAAGATATCC,0,400802
acrBp,0.1111111111111111,8,8,CCATAATCACCTATGGACGA,0,400270
acrBp,0.1111111111111111,8,8,CCATAACGATTTCCGTTTGC,0,403631
acrBp,0.1111111111111111,8,8,CCAGTGTGAAACTCCGTCTC,0,386238
acrBp,0.1111111111111111,8,8,CCAGCACTCGAACATAAGTT,0,375204
acrBp,0.1111111111111111,8,8,CCAGACCAGCATCCGAAAAG,0,373891
acrBp,0.1111111111111111,8,8,CCAGACAGAAGCCTCCCCAG,0,386984
acrBp,0.1111111111111111,8,8,CCACGGTGGCTTCAGCTGGT,0,367808
acrBp,0.1111111111111111,8,8,CCACCACCCGGACACGTGAT,0,406267
acrBp,0.1111111111111111,8,8,CCACAAGGGCGCACTCGTCG,0,358955
acrBp,0.1111111111111111,8,8,CCAATCATGAGGCACTGAGG,0,370199
acrBp,0.1111111111111111,8,8,CCAAGTGACTGATCGGGCGA,0,356287
acrBp,0.1111111111111111,8,8,CCAAGCGCGGGTTAATCGGC,0,362928
acrBp,0.1111111111111111,8,8,CCAACTAAGCGTTGACTATG,0,360788
acrBp,0.1111111111111111,8,8,CCAACGAGTTGATACCAAAT,0,391196
acrBp,0.1111111111111111,8,8,CCAACACGGTGAGATTGTGG,0,386884
acrBp,0.1111111111111111,8,8,CCAAAGGATGGGCGAAGGAA,0,367471
acrBp,0.1111111111111111,8,8,CATTGCAAGTGCCGGGTCAT,0,362314
acrBp,0.1111111111111111,8,8,CATTCGGTGACCGATGACAC,0,368357
acrBp,0.1111111111111111,8,8,CATTCCTAGGGCCAGGGATC,0,381437
acrBp,0.1111111111111111,8,8,CATTAGTGCTTTTGGAGACT,0,366563
acrBp,0.1111111111111111,8,8,CATGTACGGAGAACGGTCTA,0,391659
acrBp,0.1111111111111111,8,8,CATGCACCCTATATAAGATG,0,362470
acrBp,0.1111111111111111,8,8,CATGATCCCTGGAGCGCCTA,0,393053
acrBp,0.1111111111111111,8,8,CATGAGGGTTAACGATCGCT,0,360349
acrBp,0.1111111111111111,8,8,CATCTACAGTAAGTTACGCA,0,402811
acrBp,0.1111111111111111,8,8,CATCTAAGGCAATTCTCCCG,0,367456
acrBp,0.1111111111111111,8,8,CATCGCGCCTCTTCACCGAA,0,382433
acrBp,0.1111111111111111,8,8,CATCCTGTGAATGATAGTTA,0,369629
acrBp,0.1111111111111111,8,8,CATATATGTGAACACCCACA,0,389211
acrBp,0.1111111111111111,8,8,CATAGATCCTAAACTCACGG,0,383366
acrBp,0.1111111111111111,8,8,CATACGGGGTTCTTTCTAAA,0,406356
acrBp,0.1111111111111111,8,8,CATACCAAGCCCCAAGCATC,0,387908
acrBp,0.1111111111111111,8,8,CAGTTTTGCCCAACCGAGCT,0,398522
acrBp,0.1111111111111111,8,8,CAGTATGCCGTTCATAACGA,0,371545
acrBp,0.1111111111111111,8,8,CAGGCAAACAGGTATAAAAC,0,366058
acrBp,0.1111111111111111,8,8,CAGGATGTTTCTTGCTATAA,0,377279
acrBp,0.1111111111111111,8,8,CAGCATATCGCAGAGTCGCC,0,369866
acrBp,0.1111111111111111,8,8,CAGATGTATACAACTCGGGT,0,370399
acrBp,0.1111111111111111,8,8,CAGACGTTGCGCGGCGACTA,0,396413
acrBp,0.1111111111111111,8,8,CACTTCTAGGCGTGAAGAGA,0,407635
acrBp,0.1111111111111111,8,8,CACTCGCCGAGTCCTATTAG,0,373467
acrBp,0.1111111111111111,8,8,CACTATTTGACCTATCTATG,0,368489
acrBp,0.1111111111111111,8,8,CACTAGGAACTATTGTAGCT,0,393490
acrBp,0.1111111111111111,8,8,CACTACTATATTCCTGTAGC,0,395109
acrBp,0.1111111111111111,8,8,CACGTGGGTTGTATTCATAA,0,363952
acrBp,0.1111111111111111,8,8,CACGGTACATTATCCTGCAG,0,391744
acrBp,0.1111111111111111,8,8,CACGACTACACGTTCTCACC,0,374364
acrBp,0.1111111111111111,8,8,CACATCATTCAGACGTTGAA,0,383657
acrBp,0.1111111111111111,8,8,CACAGATGTGGCCGGATAGT,0,359273
acrBp,0.1111111111111111,8,8,CAATTTCAGGACTCTCGGGC,0,387082
acrBp,0.1111111111111111,8,8,CAATCGATGGGCAAATATTC,0,381802
acrBp,0.1111111111111111,8,8,CAATCACCGTGGTCTCTCGC,0,391423
acrBp,0.1111111111111111,8,8,CAATATCCTTATCTAAGGGG,0,374606
acrBp,0.1111111111111111,8,8,CAAGAAGTGCTTTAGCATGC,0,361306
acrBp,0.1111111111111111,8,8,CAACCGGGATTGGATGGCTC,0,388431
acrBp,0.1111111111111111,8,8,CAACCACCGGGGATGCGTGA,0,385165
acrBp,0.1111111111111111,8,8,CAAAGTTTGACGTGCGTCCA,0,388752
acrBp,0.1111111111111111,8,8,CAAAGGGTTAACTGGCATTG,0,368259
acrBp,0.1111111111111111,8,8,CAAAAGTGGACAGAACTTAT,0,395385
acrBp,0.1111111111111111,8,8,ATTTCAGACGCCGCGTGTAT,0,387181
acrBp,0.1111111111111111,8,8,ATTTACCTTATTTGATGTGG,0,388927
acrBp,0.1111111111111111,8,8,ATTGTATAACGTTTAATGCT,0,375654
acrBp,0.1111111111111111,8,8,ATTGGTCACGAAAAGCCGTC,0,385996
acrBp,0.1111111111111111,8,8,ATTGGGGTTTGCCACTCCAC,0,367736
acrBp,0.1111111111111111,8,8,ATTGCTGGCACGACGGGTTT,0,386406
acrBp,0.1111111111111111,8,8,ATTGCCCGCACTTCGCCACA,0,383349
acrBp,0.1111111111111111,8,8,ATTGACATTATATGGTCGAA,0,396423
acrBp,0.1111111111111111,8,8,ATTCGTAGCTAAGAGTCCTT,0,402661
acrBp,0.1111111111111111,8,8,ATTCGGCAGTAGCGATTTCG,0,372567
acrBp,0.1111111111111111,8,8,ATTCCAAGTGGGGTCCTGGC,0,404392
acrBp,0.1111111111111111,8,8,ATTATTGCCGCCCGCATCTG,0,401084
acrBp,0.1111111111111111,8,8,ATTAGGACTCCTGACGCCAC,0,379494
acrBp,0.1111111111111111,8,8,ATTAGCGCTTTGGACCTATA,0,391249
acrBp,0.1111111111111111,8,8,ATTAGATAGCGATGTGATGT,0,355830
acrBp,0.1111111111111111,8,8,ATTACTCTACTACGGGTCGT,0,359667
acrBp,0.1111111111111111,8,8,ATTACGGTCCAGGTAGATCA,0,383469
acrBp,0.1111111111111111,8,8,ATGTTTTTGCGCTTTAGGCT,0,382612
acrBp,0.1111111111111111,8,8,ATGTGATTGTCTATCACTAT,0,364882
acrBp,0.1111111111111111,8,8,ATGTATCTTCGGTCTTTCTT,0,377357
acrBp,0.1111111111111111,8,8,ATGGTCTCGTATCTTCTCAC,0,368687
acrBp,0.1111111111111111,8,8,ATGGATAATGGGGAAGTTGT,0,388335
acrBp,0.1111111111111111,8,8,ATGGACACCAGCTTTCCATG,0,387977
acrBp,0.1111111111111111,8,8,ATGCTTGTTACCTCGGCGTA,0,375493
acrBp,0.1111111111111111,8,8,ATGCGGCCCATACACTGAAG,0,406888
acrBp,0.1111111111111111,8,8,ATGCCGCCGCAGACACGAAC,0,373611
acrBp,0.1111111111111111,8,8,ATGATCGTACGTGGGGCAAG,0,361093
acrBp,0.1111111111111111,8,8,ATGAGCTTTTCAAACGGATT,0,403880
acrBp,0.1111111111111111,8,8,ATGACATTTAACAATTTCCA,0,397895
acrBp,0.1111111111111111,8,8,ATGACAGGGGGAAAAGACTA,0,374008
acrBp,0.1111111111111111,8,8,ATGAATCCAGTATGAATCCC,0,373607
acrBp,0.1111111111111111,8,8,ATGAAAACCGGGGGCATCAA,0,358461
acrBp,0.1111111111111111,8,8,ATCTGCGGTCTGTGGTGCTT,0,390761
acrBp,0.1111111111111111,8,8,ATCTCATCGGGTGTATCGGT,0,407956
acrBp,0.1111111111111111,8,8,ATCTCACGTCTTGTCGGCAA,0,386606
acrBp,0.1111111111111111,8,8,ATCGTTACATGTCCTAATGC,0,379158
acrBp,0.1111111111111111,8,8,ATCGTCCACTGGCAAAAGCC,0,398753
acrBp,0.1111111111111111,8,8,ATCGGTAGCCACCCGCGATC,0,372987
acrBp,0.1111111111111111,8,8,ATCGGGTTGACATTCGGCAT,0,370925
acrBp,0.1111111111111111,8,8,ATCGGCGTTGCACTCAACGC,0,375246
acrBp,0.1111111111111111,8,8,ATCGGCCGGTCAAAATACAA,0,375426
acrBp,0.1111111111111111,8,8,ATCGCCACGGCCGTTGAACG,0,384724
acrBp,0.1111111111111111,8,8,ATCGAAGGTCCAGGTAGTTG,0,408246
acrBp,0.1111111111111111,8,8,ATCCCCGTGATGGGGGTGCT,0,391157
acrBp,0.1111111111111111,8,8,ATCCCAGTATAACCTAAGCT,0,368332
acrBp,0.1111111111111111,8,8,ATCATCTTCTTTTTCGGAGG,0,386160
acrBp,0.1111111111111111,8,8,ATCAGTCCACTGGTCGGGAG,0,378578
acrBp,0.1111111111111111,8,8,ATCAGACCAGAGCTCCCACG,0,374558
acrBp,0.1111111111111111,8,8,ATCAAAGGCCGTCCATCTGC,0,394102
acrBp,0.1111111111111111,8,8,ATATTGTAGTACGCCACATT,0,365931
acrBp,0.1111111111111111,8,8,ATATCACGGAACGAAGTAGT,0,402876
acrBp,0.1111111111111111,8,8,ATATAACTCCAGCATTCAAC,0,387157
acrBp,0.1111111111111111,8,8,ATATAAACGGGCAGTCCAGC,0,361609
acrBp,0.1111111111111111,8,8,ATAGGACTTGTCCCAGCGGA,0,379402
acrBp,0.1111111111111111,8,8,ATAGCCTTGGAGCCTAAGGT,0,397907
acrBp,0.1111111111111111,8,8,ATAGCAAGCTGGGATATATA,0,390321
acrBp,0.1111111111111111,8,8,ATACTCTTTCCGATGGACCG,0,359642
acrBp,0.1111111111111111,8,8,ATACGGCCTCGATTTTCTCG,0,404899
acrBp,0.1111111111111111,8,8,ATACATGCCGCCCCGCGCGG,0,393970
acrBp,0.1111111111111111,8,8,ATACATCTAAAATGATAGAC,0,358500
acrBp,0.1111111111111111,8,8,ATAAGGCCCGTGAGTTTAAG,0,391769
acrBp,0.1111111111111111,8,8,ATAACCGATCAGGCGCGGCG,0,379750
acrBp,0.1111111111111111,8,8,ATAAATTCGGTCCCTGTAGC,0,402608
acrBp,0.1111111111111111,8,8,AGTTTGGTTAAGGCGAACTG,0,385184
acrBp,0.1111111111111111,8,8,AGTTGGTGGGACATATCTTC,0,384311
acrBp,0.1111111111111111,8,8,AGTTCCCCTAATACTGAGCA,0,397267
acrBp,0.1111111111111111,8,8,AGTTAAGTCTGATCACGACC,0,393169
acrBp,0.1111111111111111,8,8,AGTGTTAAATAGTGATCGGG,0,379547
acrBp,0.1111111111111111,8,8,AGTCTCCTGTAAAGCGACGG,0,396237
acrBp,0.1111111111111111,8,8,AGTCATGATGGAATGCTGAT,0,372593
acrBp,0.1111111111111111,8,8,AGTCAGTATGGTTGGCATGA,0,359093
acrBp,0.1111111111111111,8,8,AGTCAGACTCAAGGTGAACT,0,391198
acrBp,0.1111111111111111,8,8,AGTATTTCTAGGTCGAAAGT,0,365474
acrBp,0.1111111111111111,8,8,AGTACTAATAAGTGCAACTA,0,363653
acrBp,0.1111111111111111,8,8,AGGTGCCGGGACCTCCATGG,0,369372
acrBp,0.1111111111111111,8,8,AGGTGCAGGGGACTTAGAGC,0,356898
acrBp,0.1111111111111111,8,8,AGGTGAGAACCTAGGCGTAT,0,407299
acrBp,0.1111111111111111,8,8,AGGTCTGTCCCACAGCTTGC,0,406813
acrBp,0.1111111111111111,8,8,AGGGCTGGGCTCGGGATGTG,0,380976
acrBp,0.1111111111111111,8,8,AGGGCGGCAGGGCACAACAT,0,379648
acrBp,0.1111111111111111,8,8,AGGGAGAGTTATGTGGCCGC,0,360676
acrBp,0.1111111111111111,8,8,AGGCGCCGAGAGTATGGGAG,0,383607
acrBp,0.1111111111111111,8,8,AGGCATAGGTTACAGGCCAT,0,377061
acrBp,0.1111111111111111,8,8,AGGCAAAATTAAGATAAAGA,0,361566
acrBp,0.1111111111111111,8,8,AGGATGGAAGTATGAGACAC,0,370964
acrBp,0.1111111111111111,8,8,AGGACGGTCGTCATTTGGCG,0,377871
acrBp,0.1111111111111111,8,8,AGGACGCCGGTGAGTTGCGC,0,356592
acrBp,0.1111111111111111,8,8,AGGACAAGACAAGAGTGGTG,0,387171
acrBp,0.1111111111111111,8,8,AGGAATCTGGGACCGGAACA,0,361594
acrBp,0.1111111111111111,8,8,AGCGGTTATAAACTTACACA,0,355882
acrBp,0.1111111111111111,8,8,AGCGGCACGTAACAAAAGTC,0,395081
acrBp,0.1111111111111111,8,8,AGCGAAACGCATGCAAGTGC,0,397911
acrBp,0.1111111111111111,8,8,AGCCGTAAACGTTTGACTTA,0,361532
acrBp,0.1111111111111111,8,8,AGCCAGTGCGGTGGTCATGT,0,369638
acrBp,0.1111111111111111,8,8,AGCAGGCGCGCAGCAGAGCA,0,385255
acrBp,0.1111111111111111,8,8,AGCACGGCACCGTCGGGAGG,0,370569
acrBp,0.1111111111111111,8,8,AGATGTGTCCGATATTTAGC,0,386078
acrBp,0.1111111111111111,8,8,AGATCAACAGCATTTGATGG,0,403145
acrBp,0.1111111111111111,8,8,AGATAGTCTAAGTGGTTCTG,0,393620
acrBp,0.1111111111111111,8,8,AGAGCTCTGAGAGGTAACGC,0,386623
acrBp,0.1111111111111111,8,8,AGAGAGCTAAGCGTGTTGCT,0,391634
acrBp,0.1111111111111111,8,8,AGAGACGCTGGGAGCGGCCG,0,384681
acrBp,0.1111111111111111,8,8,AGACGTGGGGCTGTTCTTGT,0,366597
acrBp,0.1111111111111111,8,8,AGACATTATGTAGCTTTTGT,0,383114
acrBp,0.1111111111111111,8,8,AGACAGGAATAGATTTGGTA,0,364715
acrBp,0.1111111111111111,8,8,AGAATCAGATCCGCTTCGTG,0,393392
acrBp,0.1111111111111111,8,8,AGAAGGTTATGGAGGTTCAC,0,397277
acrBp,0.1111111111111111,8,8,ACTTGGCTGACCGTACCAGT,0,372132
acrBp,0.1111111111111111,8,8,ACTTGAGCATTTTTTTACTG,0,368749
acrBp,0.1111111111111111,8,8,ACTTCGCAGGAAAAGACCAC,0,377988
acrBp,0.1111111111111111,8,8,ACTGGCTATAGCATCTTATT,0,386253
acrBp,0.1111111111111111,8,8,ACTGGATTCCATCCCGCGAA,0,360968
acrBp,0.1111111111111111,8,8,ACTGCCAGAGTTGTATTTTC,0,387236
acrBp,0.1111111111111111,8,8,ACTGCAGCGGGCGCCTCAAC,0,360965
acrBp,0.1111111111111111,8,8,ACTGATTGGGTTATGTACCC,0,374575
acrBp,0.1111111111111111,8,8,ACTCCATCCCCGGTCTGGTA,0,387675
acrBp,0.1111111111111111,8,8,ACTACGGCAGCGTCCTCCGA,0,389166
acrBp,0.1111111111111111,8,8,ACTACCTTCGCTAGAACGCT,0,359346
acrBp,0.1111111111111111,8,8,ACGTGTCGAACAACGACTGG,0,405151
acrBp,0.1111111111111111,8,8,ACGGTCCGATATCCATCATC,0,387064
acrBp,0.1111111111111111,8,8,ACGGGCATGTAGTGGGTAGA,0,359527
acrBp,0.1111111111111111,8,8,ACGGCTTACGTGATCCGATG,0,371654
acrBp,0.1111111111111111,8,8,ACGGCTAAAGAGTGGACTCG,0,377538
acrBp,0.1111111111111111,8,8,ACGGATTCTAATCGTGACCC,0,397429
acrBp,0.1111111111111111,8,8,ACGCTCAGTTTGTTGACCCT,0,361559
acrBp,0.1111111111111111,8,8,ACGCCTACACGATTCTGTTG,0,405745
acrBp,0.1111111111111111,8,8,ACGCCGTTTTTATCTGGTGG,0,385129
acrBp,0.1111111111111111,8,8,ACGCCGGGGACTAAGTCCCA,0,396287
acrBp,0.1111111111111111,8,8,ACGATGGGCACGTGACATGT,0,376110
acrBp,0.1111111111111111,8,8,ACGATGCGGACAATGGGACC,0,398959
acrBp,0.1111111111111111,8,8,ACGACCAAGTTGACGTTTGC,0,400877
acrBp,0.1111111111111111,8,8,ACCTCTTCTATGCAATCTGT,0,401894
acrBp,0.1111111111111111,8,8,ACCTAGTTAATGAGAAATCC,0,385500
acrBp,0.1111111111111111,8,8,ACCTAGCGTTGGAAGAGATC,0,388941
acrBp,0.1111111111111111,8,8,ACCTACGGATATTCTAGTAG,0,398805
acrBp,0.1111111111111111,8,8,ACCGTTATCGTCAACGTGTG,0,403656
acrBp,0.1111111111111111,8,8,ACCGTGATAAGTTCCCTGTC,0,364729
acrBp,0.1111111111111111,8,8,ACCGGGGGCAAGGTCGTGTT,0,369247
acrBp,0.1111111111111111,8,8,ACCGGGACGTTTTTGACTGG,0,406190
acrBp,0.1111111111111111,8,8,ACCGGAGGTCTACAACGAGC,0,357588
acrBp,0.1111111111111111,8,8,ACCGCCCAGTTGGTGTATCG,0,355484
acrBp,0.1111111111111111,8,8,ACCGATGGCATGCGCCCATG,0,360056
acrBp,0.1111111111111111,8,8,ACCCTCGGGACATAAAGGAT,0,373333
acrBp,0.1111111111111111,8,8,ACCCGGTTGCGATTTCATGT,0,398315
acrBp,0.1111111111111111,8,8,ACCCCCCGTTGGCTGGGAGC,0,390966
acrBp,0.1111111111111111,8,8,ACCCATGTTGCGGTTGGAAA,0,379194
acrBp,0.1111111111111111,8,8,ACCCATCGAGGCCACGGTTA,0,390603
acrBp,0.1111111111111111,8,8,ACCAGCGGCTCATGGGTACT,0,406640
acrBp,0.1111111111111111,8,8,ACCAACACAGGGCTTTACAG,0,389914
acrBp,0.1111111111111111,8,8,ACATGTGTAATAACGCTGGT,0,391642
acrBp,0.1111111111111111,8,8,ACATCCTCCCAAGCTGGAGG,0,403212
acrBp,0.1111111111111111,8,8,ACAGTAGCACTGAGGGCGTA,0,383041
acrBp,0.1111111111111111,8,8,ACAGGTGTCAGAGTTCGAGT,0,408205
acrBp,0.1111111111111111,8,8,ACAGGCGAAGCCTGATATAA,0,361432
acrBp,0.1111111111111111,8,8,ACAGCCATACGGTGGTAATC,0,377222
acrBp,0.1111111111111111,8,8,ACAGACAGTCACTTGTGAGG,0,396348
acrBp,0.1111111111111111,8,8,ACACAAATGTTCACATTTGA,0,357406
acrBp,0.1111111111111111,8,8,AATTCACTACCAGCCTGCAG,0,384921
acrBp,0.1111111111111111,8,8,AATTCACGGTCTCACAAAAT,0,382954
acrBp,0.1111111111111111,8,8,AATGGAGTACTGATACGTGA,0,355366
acrBp,0.1111111111111111,8,8,AATGCAGGCCGGTATTTTGT,0,367290
acrBp,0.1111111111111111,8,8,AATCCTTCCGTGTGCTTTGA,0,369031
acrBp,0.1111111111111111,8,8,AATCAGCCTGTATCCCGAAT,0,373457
acrBp,0.1111111111111111,8,8,AATCAAGCCCGAGACATATG,0,389884
acrBp,0.1111111111111111,8,8,AATATGCACGTACAAAAATC,0,393456
acrBp,0.1111111111111111,8,8,AATACCCATAGAAGGGGCCT,0,361091
acrBp,0.1111111111111111,8,8,AATAATCGTCGGATAGATGG,0,378262
acrBp,0.1111111111111111,8,8,AATAAGAAGCCCGTGATGCC,0,389029
acrBp,0.1111111111111111,8,8,AAGTGGCTGAAAAAACAACC,0,398107
acrBp,0.1111111111111111,8,8,AAGTGCTTAGTAAGCAACCT,0,408305
acrBp,0.1111111111111111,8,8,AAGTCAGTTGTCTAGGATGT,0,405949
acrBp,0.1111111111111111,8,8,AAGTACCAGAAAATCAGGTG,0,382061
acrBp,0.1111111111111111,8,8,AAGGGCAACTGCGGACAATC,0,406836
acrBp,0.1111111111111111,8,8,AAGGCCTATTGTGTAAAGTC,0,367895
acrBp,0.1111111111111111,8,8,AAGGAATATCTCGGGGAAAT,0,357100
acrBp,0.1111111111111111,8,8,AAGCGGTATTTACCGTCGCC,0,400472
acrBp,0.1111111111111111,8,8,AAGCAGCGAAAAGTGCCGTC,0,377950
acrBp,0.1111111111111111,8,8,AAGCAAATCTAGGTTCAGCC,0,360853
acrBp,0.1111111111111111,8,8,AAGATCACGAGACTTTGACA,0,399366
acrBp,0.1111111111111111,8,8,AAGAGTATTAAATGTGCTAT,0,399392
acrBp,0.1111111111111111,8,8,AAGAGGCCACTCAATCTTGG,0,387739
acrBp,0.1111111111111111,8,8,AAGAGAGGCTTACATGTTGC,0,376066
acrBp,0.1111111111111111,8,8,AAGACGTTTAATCCGAATCG,0,392850
acrBp,0.1111111111111111,8,8,AAGACGAGCGTATCATTCAA,0,389593
acrBp,0.1111111111111111,8,8,AACTTTGGTTCATTCCAAGT,0,395521
acrBp,0.1111111111111111,8,8,AACTGAATTGTGTAACTCTC,0,399319
acrBp,0.1111111111111111,8,8,AACTCGCGTACTACCGGAAC,0,371013
acrBp,0.1111111111111111,8,8,AACTAGAGTTCGCTGAGCTT,0,361782
acrBp,0.1111111111111111,8,8,AACGTGGCAATAGGAGGCAA,0,397363
acrBp,0.1111111111111111,8,8,AACGTGCCTGGCAGGCTCGG,0,356609
acrBp,0.1111111111111111,8,8,AACGTGCAAGCGTTCCGTTT,0,397531
acrBp,0.1111111111111111,8,8,AACGTCTCGAGCTAAAGGCA,0,384562
acrBp,0.1111111111111111,8,8,AACGTCAACTCACGAGCAGA,0,388648
acrBp,0.1111111111111111,8,8,AACGGTAGAGATCGGAAGGA,0,393082
acrBp,0.1111111111111111,8,8,AACGGAATTAAGTCGTCTAG,0,360466
acrBp,0.1111111111111111,8,8,AACGCGAGACCATACTAACC,0,389049
acrBp,0.1111111111111111,8,8,AACGAAAGACCGGGATTCGC,0,375355
acrBp,0.1111111111111111,8,8,AACCTTCATAGCCCTAATGA,0,403465
acrBp,0.1111111111111111,8,8,AACCCGTATTGGTAAGTCAC,0,384427
acrBp,0.1111111111111111,8,8,AACCCGGAGCAGTGATCTGC,0,404443
acrBp,0.1111111111111111,8,8,AACCACCCACCAACGGGCCT,0,364811
acrBp,0.1111111111111111,8,8,AACATACAAGGGCCGATGAT,0,388798
acrBp,0.1111111111111111,8,8,AACAGTTGAACAAGACATAA,0,384259
acrBp,0.1111111111111111,8,8,AAATCGATTTCCAAGTGGGG,0,403084
acrBp,0.1111111111111111,8,8,AAATATTCCCCGCGGGCTGT,0,356561
acrBp,0.1111111111111111,8,8,AAATATGAGCGTGGATATCT,0,386566
acrBp,0.1111111111111111,8,8,AAAGTGAGATTAAACAGGCT,0,380638
acrBp,0.1111111111111111,8,8,AAAGTATGGGGGCCGTCCTA,0,368055
acrBp,0.1111111111111111,8,8,AAAGTAGCATACACTACGCT,0,381580
acrBp,0.1111111111111111,8,8,AAAGCGCTTCAATCATCCCA,0,388831
acrBp,0.1111111111111111,8,8,AAAGCACGTGGGTTGCCAAT,0,377117
acrBp,0.1111111111111111,8,8,AAACGGATTCGTTAGGGGTT,0,373264
acrBp,0.1111111111111111,8,8,AAACGACCACGCATACATTC,0,383649
acrBp,0.1111111111111111,8,8,AAACCTAGGACTCTACCGTT,0,387232
acrBp,0.1111111111111111,8,8,AAACACACGACGATCAATTC,0,363015
acrBp,0.1111111111111111,8,8,AAAAGCTCAACCGGGCACTA,0,374193
acrBp,0.1111111111111111,8,8,AAAAGCAATGCTTACTCGAA,0,377905
acrBp,0.1111111111111111,8,8,AAAAGATAATGTCGCTGCGA,0,399904
acrBp,0.125,7,7,TTTTGTTATGCTTGTTCTTG,0,383399
acrBp,0.125,7,7,TTTTCGAAGGGCCTCCGGCC,0,370017
acrBp,0.125,7,7,TTTTCCGATTCGGCGGGCTC,0,397419
acrBp,0.125,7,7,TTTTCAACGGTAGCCAAATG,0,396219
acrBp,0.125,7,7,TTTGGGTGTTCATCCGAATC,0,377118
acrBp,0.125,7,7,TTTGGGGTCCACCATTACAA,0,367291
acrBp,0.125,7,7,TTTGGCGAATTTCAATTATA,0,406537
acrBp,0.125,7,7,TTTGCTGGCGTTTGTAGGTT,0,367443
acrBp,0.125,7,7,TTTGAGCTCTACGCGTTCAG,0,395419
acrBp,0.125,7,7,TTTCTGCCACAGTGCGAAGG,0,376069
acrBp,0.125,7,7,TTTCGACGTACAAGACAATT,0,367814
acrBp,0.125,7,7,TTTCAGGGACGTAACTCGGG,0,395735
acrBp,0.125,7,7,TTTAGTGCGTTGTCTCTCCC,0,405428
acrBp,0.125,7,7,TTTAGGGAACCGTCCAATTG,0,363161
acrBp,0.125,7,7,TTTAACAAGGTAACTTGTGC,0,361812
acrBp,0.125,7,7,TTGTCTAGAGGGCACCTTCT,0,391761
acrBp,0.125,7,7,TTGGTTGATAGTTCTTACTC,0,367724
acrBp,0.125,7,7,TTGGTGTGTATCCGTTTTAG,0,383548
acrBp,0.125,7,7,TTGGTCGGCATGAACGTTAC,0,366906
acrBp,0.125,7,7,TTGGACTCCTGTTACATTGA,0,385490
acrBp,0.125,7,7,TTGGAATGGCTGGCGACGTT,0,383268
acrBp,0.125,7,7,TTGCTCAGTGTTCATATTCC,0,369896
acrBp,0.125,7,7,TTGCACAGCTCGGACCACAC,0,358422
acrBp,0.125,7,7,TTGAGGATATCCTCTATGAT,0,403105
acrBp,0.125,7,7,TTGACTGAGATCAAATCGGG,0,357884
acrBp,0.125,7,7,TTCTTTATAAATAGCCTTTT,0,392367
acrBp,0.125,7,7,TTCTTCTTGCGGGCCAACGT,0,381683
acrBp,0.125,7,7,TTCTGGCATATATAATGCTA,0,389653
acrBp,0.125,7,7,TTCTGATTGGTCATCGTGTC,0,378861
acrBp,0.125,7,7,TTCGGCAGAAAGGGATCCCA,0,383026
acrBp,0.125,7,7,TTCGGATCTTAGATTGTGCG,0,403126
acrBp,0.125,7,7,TTCGCCTTACCTGAAACCTT,0,392864
acrBp,0.125,7,7,TTCCAGCTCGATATTGCTTC,0,374079
acrBp,0.125,7,7,TTCCAACTTTAAACGCCTCG,0,397864
acrBp,0.125,7,7,TTCATTATGGTCTCACGTTA,0,392108
acrBp,0.125,7,7,TTCACGGGATTTCCGGTACT,0,355401
acrBp,0.125,7,7,TTCACAAGGTCCGGACTCCT,0,365436
acrBp,0.125,7,7,TTCAAAGAAGGAAAGTAGAC,0,396803
acrBp,0.125,7,7,TTATTGGCTAAGCTTCTCTG,0,382654
acrBp,0.125,7,7,TTATTGACTCACTTTACCGA,0,359107
acrBp,0.125,7,7,TTATGTGGGTAAATATATGT,0,383071
acrBp,0.125,7,7,TTATGCGTCTTGGCTTTCCG,0,381415
acrBp,0.125,7,7,TTATGCGACCCCAAGATGTA,0,386826
acrBp,0.125,7,7,TTAGTACATGGCACAACCTC,0,383909
acrBp,0.125,7,7,TTAGGAGCCAGCCGTCCTTA,0,377186
acrBp,0.125,7,7,TTACTTGCCACGAATTTTTG,0,371138
acrBp,0.125,7,7,TTACGGATACCCAAGAAATT,0,384062
acrBp,0.125,7,7,TTACGCTTCACGGGGCTGCT,0,380418
acrBp,0.125,7,7,TTACCACTACTCCATTGCAA,0,403411
acrBp,0.125,7,7,TTACACTCGGCTCATAACTC,0,394457
acrBp,0.125,7,7,TTACACGCTACATGGGGCGT,0,395946
acrBp,0.125,7,7,TTAAATTGTTGTGAAACAAT,0,365466
acrBp,0.125,7,7,TTAAAGCTATGGCTTCCCTG,0,382917
acrBp,0.125,7,7,TTAAACTACCTTCTCGTGTT,0,366368
acrBp,0.125,7,7,TTAAAATATATATGCATAGT,0,398134
acrBp,0.125,7,7,TGTTGGGCAACGTCACCTAA,0,389522
acrBp,0.125,7,7,TGTTATTTCTGCAGATGTTA,0,379902
acrBp,0.125,7,7,TGTTACATTTGCCTATGGCA,0,388766
acrBp,0.125,7,7,TGTTACAACGTCCACATGTG,0,373006
acrBp,0.125,7,7,TGTGGGACTGCGTAGTGTAG,0,382401
acrBp,0.125,7,7,TGTGCCTGATGGGACACTCA,0,359291
acrBp,0.125,7,7,TGTGCACAATTATACGAGGA,0,379043
acrBp,0.125,7,7,TGTCTTGCCCGGTTCAGTCC,0,403470
acrBp,0.125,7,7,TGTCCTGGGATTGGCAGGCT,0,365917
acrBp,0.125,7,7,TGTCCGGTGCATCAAGGGCA,0,389602
acrBp,0.125,7,7,TGTCAGTAGGTTATGTTATT,0,355193
acrBp,0.125,7,7,TGTAGATCGCTGCCGGTACG,0,399297
acrBp,0.125,7,7,TGTAATCAATGCTCATCGGG,0,407263
acrBp,0.125,7,7,TGGTTTCTCGGAATATAGAA,0,359928
acrBp,0.125,7,7,TGGTTCTAAATCGCATGTCT,0,395846
acrBp,0.125,7,7,TGGTGTGCCCCCGCTGGGCT,0,387010
acrBp,0.125,7,7,TGGTGGTTCCAGTAATGACC,0,356721
acrBp,0.125,7,7,TGGTAAGCATCGTCCTGGAT,0,380654
acrBp,0.125,7,7,TGGGTCCTTTATTCTGGTTT,0,399018
acrBp,0.125,7,7,TGGGGTCTTCGATAAGCTGA,0,373062
acrBp,0.125,7,7,TGGGGGGGTTCCTGTCTATG,0,360450
acrBp,0.125,7,7,TGGGGCCAGCGGTAGTGGTC,0,400187
acrBp,0.125,7,7,TGGGGAAGGTCGGGTTCCTT,0,360674
acrBp,0.125,7,7,TGGGGAAGGCTACCGAACAA,0,376186
acrBp,0.125,7,7,TGGCTCTCATGCCCTTCGAA,0,395235
acrBp,0.125,7,7,TGGCTATGAGGGTAGACCGC,0,383302
acrBp,0.125,7,7,TGGCGTTCAGGCGATCTCCT,0,378499
acrBp,0.125,7,7,TGGCGCGGTTTATTGCAACA,0,382120
acrBp,0.125,7,7,TGGCCATTTGGACCAGAATA,0,361521
acrBp,0.125,7,7,TGGATTTATCGAACTTAATA,0,387470
acrBp,0.125,7,7,TGGATTGGGTAAAAGCACGT,0,358595
acrBp,0.125,7,7,TGGAGTAAACCTATGGTAAT,0,397857
acrBp,0.125,7,7,TGGACGTGCTACCTGACTGG,0,379848
acrBp,0.125,7,7,TGCTGCACCAGCACATCGTT,0,398647
acrBp,0.125,7,7,TGCTCATTTCAGTACTAAAG,0,404752
acrBp,0.125,7,7,TGCGTTAGCCGTCACGAGCC,0,363637
acrBp,0.125,7,7,TGCGGCTACGCTACTAGGGT,0,364043
acrBp,0.125,7,7,TGCGACGGCGGTTGAATTTT,0,386954
acrBp,0.125,7,7,TGCCTAATGAGCCGAAGCGC,0,369317
acrBp,0.125,7,7,TGCATGTGTAGGTACACCCA,0,371273
acrBp,0.125,7,7,TGCATGACTCTCGGCACGGT,0,365635
acrBp,0.125,7,7,TGCACCGACTCTCTCTCCAA,0,379883
acrBp,0.125,7,7,TGATTCCGGTAAACATTTTA,0,357855
acrBp,0.125,7,7,TGATTCATCGCTCACCCTAA,0,397822
acrBp,0.125,7,7,TGATGCCCTCGTGGCACTAA,0,396149
acrBp,0.125,7,7,TGATCCCGTTTGATAATGGT,0,408070
acrBp,0.125,7,7,TGAGTGGGTAACTTACAGCA,0,393606
acrBp,0.125,7,7,TGAGTGGCGGAAGCTCCTAG,0,384496
acrBp,0.125,7,7,TGAGCCGGGTCTTTGTGAAG,0,407939
acrBp,0.125,7,7,TGAGCATTATACGTCCGTTC,0,356904
acrBp,0.125,7,7,TGAGAATCCTTTAGTGTAGC,0,362837
acrBp,0.125,7,7,TGAGAACCCTGAGAGCTCGA,0,360602
acrBp,0.125,7,7,TGACTCTCTAGAGCCGCTAA,0,404412
acrBp,0.125,7,7,TGACGAGAGCGCGACTACTT,0,378010
acrBp,0.125,7,7,TGACATTTTCAGTCCCTTCT,0,362435
acrBp,0.125,7,7,TGAATCGCTTATATCTTTAA,0,359404
acrBp,0.125,7,7,TGAAGTCGCCAACCGATGGT,0,359148
acrBp,0.125,7,7,TGAACCCATTCCCTCCGGCT,0,376955
acrBp,0.125,7,7,TCTTGGCCGGCAACATTTTA,0,373098
acrBp,0.125,7,7,TCTGTTTTAATCCTTCTAAA,0,362245
acrBp,0.125,7,7,TCTGTGAGTACGTTTTCGCT,0,387176
acrBp,0.125,7,7,TCTGGGAGGGCAATTTGTGG,0,370558
acrBp,0.125,7,7,TCTGACAGTCTTGGGTCGTC,0,369304
acrBp,0.125,7,7,TCTGAACACATACGAGAGCA,0,366594
acrBp,0.125,7,7,TCTCAGTTAGACGGTCCGTC,0,405708
acrBp,0.125,7,7,TCGTGTAAGATACCACGTCA,0,365867
acrBp,0.125,7,7,TCGTGAGAATGCCGATCATG,0,389134
acrBp,0.125,7,7,TCGTGACCGCGGACTTCCGC,0,400333
acrBp,0.125,7,7,TCGGCAGAACGACGCCAATA,0,364157
acrBp,0.125,7,7,TCGGCAAGGTTCTTCCTCTG,0,372103
acrBp,0.125,7,7,TCGCTTGGGACAAGTTTATA,0,399289
acrBp,0.125,7,7,TCGCGTTGTAGCCAGCGGTA,0,389277
acrBp,0.125,7,7,TCGCGCCCTCATAAAGAACG,0,379256
acrBp,0.125,7,7,TCGCCTAGAGAATAATCGTT,0,376907
acrBp,0.125,7,7,TCGCAAGTAAGACAAAGCGA,0,399802
acrBp,0.125,7,7,TCGCAAGCCGACACCTTTTT,0,402049
acrBp,0.125,7,7,TCGATCCCAAAGTATGAGGC,0,368466
acrBp,0.125,7,7,TCGAATAGGATCTGGTTCCG,0,390509
acrBp,0.125,7,7,TCCTGGGTGTCTTCGAAGTC,0,376520
acrBp,0.125,7,7,TCCTCGTGAAGCTCAAAATT,0,402825
acrBp,0.125,7,7,TCCGTGGCAAATAACAGAGA,0,391056
acrBp,0.125,7,7,TCCGGTTGGTCGGGTACCTG,0,358856
acrBp,0.125,7,7,TCCGCTCGTTACGAGGCGGG,0,395561
acrBp,0.125,7,7,TCCGCCTGGGTAATACGTGC,0,363684
acrBp,0.125,7,7,TCCGAGACGGGAACCAGATG,0,399175
acrBp,0.125,7,7,TCCGACCTTTGCTACCTGTT,0,406571
acrBp,0.125,7,7,TCCCTATATATGGATCGGGC,0,392312
acrBp,0.125,7,7,TCCCGGCGTCTCGCGTAAGG,0,394314
acrBp,0.125,7,7,TCCCCCAACTTGTCGATAAG,0,395764
acrBp,0.125,7,7,TCCAGACAAGGCAGAACTGA,0,401526
acrBp,0.125,7,7,TCCAAGTTGCAAATCTCTTA,0,376946
acrBp,0.125,7,7,TCATTTGCACCGTTAAAGGC,0,396380
acrBp,0.125,7,7,TCATTGCGGTATACCCGTCA,0,398822
acrBp,0.125,7,7,TCATGAGAGGACGTTTTTCT,0,398650
acrBp,0.125,7,7,TCAGGGTACTACAGAGGAGC,0,393501
acrBp,0.125,7,7,TCAGGGGTGTGAAATGGCGG,0,383515
acrBp,0.125,7,7,TCAGGCTCGGTCGGGTAACG,0,400100
acrBp,0.125,7,7,TCAGGATACATATACCTGAG,0,370093
acrBp,0.125,7,7,TCAGCCTTACGTGAGTTAAA,0,363882
acrBp,0.125,7,7,TCAGCAGATCTCAAGTGGGT,0,401771
acrBp,0.125,7,7,TCACTCGTTAGCGGAGCCAA,0,397998
acrBp,0.125,7,7,TCACGGTAATGGCCCATTTT,0,381600
acrBp,0.125,7,7,TCACGGGATCATCATGCCAT,0,392443
acrBp,0.125,7,7,TCACGAGCGGCTAGCTTGGG,0,393932
acrBp,0.125,7,7,TCACCGCAATATGTCATAGA,0,360902
acrBp,0.125,7,7,TCAAGGGCGGTAGGCAGGGT,0,381601
acrBp,0.125,7,7,TCAAGACAGAGGTCTCGGAC,0,357144
acrBp,0.125,7,7,TCAAAATTTTATAGTGTCGC,0,376773
acrBp,0.125,7,7,TATTTGTATGAGAAGGAGAT,0,385258
acrBp,0.125,7,7,TATTTGCTGATGGTATATGA,0,401584
acrBp,0.125,7,7,TATGTGTGTTCGTCTTAAAA,0,378117
acrBp,0.125,7,7,TATGTGTGGGTTTAATCTGT,0,355792
acrBp,0.125,7,7,TATGTAAAGGTAAAAGGCGT,0,390560
acrBp,0.125,7,7,TATGGGAAGCTTATCGTCTT,0,407860
acrBp,0.125,7,7,TATGGAACTGACGTACGTTG,0,381083
acrBp,0.125,7,7,TATGCGCTTAACAACTATTG,0,400654
acrBp,0.125,7,7,TATCTTTTACAGGTTCGCGC,0,373853
acrBp,0.125,7,7,TATCTGGCAGGCACTCGCTC,0,405888
acrBp,0.125,7,7,TATCAAGCTTGAAGTTTCAG,0,389026
acrBp,0.125,7,7,TATATGAACTCCCACGTAGT,0,391258
acrBp,0.125,7,7,TATAGACTGCTTGTGCGGTA,0,361372
acrBp,0.125,7,7,TATACGTACCTAGTAGACAT,0,381445
acrBp,0.125,7,7,TATACATTGGCAATCCTACT,0,400122
acrBp,0.125,7,7,TATAATCTACTACCAAGTCT,0,392567
acrBp,0.125,7,7,TATAATCGACAGGATGGCAT,0,386803
acrBp,0.125,7,7,TATAACGCGTGTCAACTTTG,0,406452
acrBp,0.125,7,7,TAGTTGTACCAACTAGAACC,0,384101
acrBp,0.125,7,7,TAGTAGGCAATTCATATACG,0,372867
acrBp,0.125,7,7,TAGTAAGCGAGTTCAAGATC,0,390325
acrBp,0.125,7,7,TAGGGTAACTTTTTGCGTCA,0,382647
acrBp,0.125,7,7,TAGGGGCGGAGGGTAAGCAT,0,358966
acrBp,0.125,7,7,TAGGAGAGTGCCACTAATCC,0,357251
acrBp,0.125,7,7,TAGATTGCTACGACGGGAAC,0,393587
acrBp,0.125,7,7,TAGATGGCCTTCTTGCATTT,0,383073
acrBp,0.125,7,7,TAGAAAGGTCATGATATTAC,0,385851
acrBp,0.125,7,7,TACTTTTTAACCCATGGTTA,0,404521
acrBp,0.125,7,7,TACTTCGGAAGGAATGAATT,0,368601
acrBp,0.125,7,7,TACTGGCCTCGACAACAGCC,0,378697
acrBp,0.125,7,7,TACTCGTTATTACACATGGC,0,395589
acrBp,0.125,7,7,TACTCGCTTGGGTCCTACGT,0,357171
acrBp,0.125,7,7,TACGGTAAAGCACATCGACA,0,401836
acrBp,0.125,7,7,TACGCACGCGGTTCGATTTG,0,366397
acrBp,0.125,7,7,TACCTGTTTTCAGACCGACA,0,397627
acrBp,0.125,7,7,TACCTCGGCATCCTGAGACG,0,390701
acrBp,0.125,7,7,TACCTAGACCGCGCTAGTCT,0,374294
acrBp,0.125,7,7,TACCGACGTTTGTCGCTGGA,0,387335
acrBp,0.125,7,7,TACCCTCCTTCGATCGGGGA,0,384450
acrBp,0.125,7,7,TACATTAACAATGTGAAGGG,0,376035
acrBp,0.125,7,7,TACACATCGTGGGCCTGTTA,0,408208
acrBp,0.125,7,7,TACAAGATCGCGCGGCGCTA,0,368978
acrBp,0.125,7,7,TAATTTGTAATTATCTTATT,0,378575
acrBp,0.125,7,7,TAAGTTTCCTGAGTGAGAAG,0,385555
acrBp,0.125,7,7,TAAGTTTAGCCTCAAAATAC,0,366976
acrBp,0.125,7,7,TAAGTAACAAATTCGCTCCA,0,399566
acrBp,0.125,7,7,TAAGGTCGGGCAGGGGATCT,0,391822
acrBp,0.125,7,7,TAAGCCGGCTCTTTTACCCG,0,389378
acrBp,0.125,7,7,TAAGCCAGTCGTCTGTTGTG,0,392144
acrBp,0.125,7,7,TAAGATAGTATGGGCATGGC,0,385824
acrBp,0.125,7,7,TAAGACTGCACGTTGAGCGT,0,374613
acrBp,0.125,7,7,TAACTAGAACAGTAGTATGA,0,377062
acrBp,0.125,7,7,TAACCTCAATACGTACCCTA,0,357196
acrBp,0.125,7,7,TAACCCACGACCAATTTAAG,0,383222
acrBp,0.125,7,7,TAAACCACGGTCGCACTTCA,0,361541
acrBp,0.125,7,7,TAAAAATCTGTGCTCTAAGG,0,377269
acrBp,0.125,7,7,GTTTAAGAGGTTCATTGAGC,0,387972
acrBp,0.125,7,7,GTTGTTTAGGCGTGGCCGGT,0,408137
acrBp,0.125,7,7,GTTGTAGGGCTGGTATTGAG,0,395188
acrBp,0.125,7,7,GTTGGGGGAGCGGGGTTAAA,0,369729
acrBp,0.125,7,7,GTTGGGGAGATAGAACGATG,0,374548
acrBp,0.125,7,7,GTTCTTGGGTTTCCGGGCGC,0,391426
acrBp,0.125,7,7,GTTCGTTAAACATTTGGATT,0,406925
acrBp,0.125,7,7,GTTCGTCATGTAAGGCTGGT,0,394930
acrBp,0.125,7,7,GTTCGCCCAGTATAGTCTAG,0,386360
acrBp,0.125,7,7,GTTCATTGCGGTTATAGGCA,0,394084
acrBp,0.125,7,7,GTTCATCCCACAAGAAGTCG,0,364684
acrBp,0.125,7,7,GTTCATCCACACGGGTCAGG,0,374464
acrBp,0.125,7,7,GTTCAGAACTGGAAGGGAAG,0,407545
acrBp,0.125,7,7,GTTATTAGTGAAAGCCTGAG,0,403994
acrBp,0.125,7,7,GTTAGGGTGGACATATGGTC,0,397641
acrBp,0.125,7,7,GTTAGCTTCTATTAGCGTGC,0,375578
acrBp,0.125,7,7,GTTAGAGGGGCCGCCGGCGG,0,356258
acrBp,0.125,7,7,GTTACTGGGCTTGTGTGTTA,0,367802
acrBp,0.125,7,7,GTTACCGGATAAACGCTGGC,0,374072
acrBp,0.125,7,7,GTTAACTGTAGAGACGCATG,0,387343
acrBp,0.125,7,7,GTGTGGTTTGTCAGGACGGT,0,367009
acrBp,0.125,7,7,GTGTGGCGCGTTTGGGCAAT,0,374452
acrBp,0.125,7,7,GTGTGCCTCTTCGACGCTGG,0,400009
acrBp,0.125,7,7,GTGGTGGGGTTTGGCCGCAA,0,358274
acrBp,0.125,7,7,GTGGGAGGGAGGGCGGGACC,0,377968
acrBp,0.125,7,7,GTGCTCCAAGCCCAAGTTTA,0,359967
acrBp,0.125,7,7,GTGCTCAGGACTATACATTG,0,377970
acrBp,0.125,7,7,GTGCGGCTCAGTTAACGATT,0,373546
acrBp,0.125,7,7,GTGCGAGAGAACATTTACTG,0,406126
acrBp,0.125,7,7,GTGCGAACGATGCTCGCAAC,0,369741
acrBp,0.125,7,7,GTGCCTCATGATAGCGCGGC,0,392651
acrBp,0.125,7,7,GTGCCGCGCAAGGGATGTAT,0,397789
acrBp,0.125,7,7,GTGCCGATGCTAGGTTTCTG,0,392086
acrBp,0.125,7,7,GTGATTTACAGCTGAGGGGA,0,393724
acrBp,0.125,7,7,GTGATGAGCAAAGAACTGCT,0,378121
acrBp,0.125,7,7,GTGACAGATGCTCAGAATAC,0,388020
acrBp,0.125,7,7,GTCTTGTCTCGTCTAAGCTG,0,367562
acrBp,0.125,7,7,GTCTGTTATCGCCCCTCGAA,0,372829
acrBp,0.125,7,7,GTCTGGAGTTGGTATGCCCA,0,381593
acrBp,0.125,7,7,GTCTCTGTAACTAACCTTTA,0,396352
acrBp,0.125,7,7,GTCTCTGCTGGCGGTCTCGC,0,404468
acrBp,0.125,7,7,GTCGTGGCGCGCCATATATC,0,371344
acrBp,0.125,7,7,GTCGCTAGAGGGGTAAGACC,0,359438
acrBp,0.125,7,7,GTCGCCCTCAGGCGTGCAGT,0,380231
acrBp,0.125,7,7,GTCGAAAGGCTTCTCCATAA,0,375708
acrBp,0.125,7,7,GTCCCAAATGGCGGAAAGGC,0,378368
acrBp,0.125,7,7,GTCCACTAACCTATGTTATC,0,377482
acrBp,0.125,7,7,GTATAGTTACTGGATGGATA,0,378062
acrBp,0.125,7,7,GTAGTTTCAACGATTAGGTA,0,394553
acrBp,0.125,7,7,GTAGTTGAGAACCTATAGCT,0,366306
acrBp,0.125,7,7,GTAGTGTTACTAAGTAACTG,0,363678
acrBp,0.125,7,7,GTAGGCTTGCAAAAAGAAAC,0,355988
acrBp,0.125,7,7,GTACTGCTTAGATACTGGTT,0,359353
acrBp,0.125,7,7,GTACTATGGAAAATGATAGG,0,406170
acrBp,0.125,7,7,GTACCTTGGTGTTTAAGGTA,0,384856
acrBp,0.125,7,7,GTAATACGGCCAAGTTCACC,0,384199
acrBp,0.125,7,7,GTAAGCGACATGTAAAAAAG,0,398778
acrBp,0.125,7,7,GTAACCTAGCTTGTCATTAA,0,381780
acrBp,0.125,7,7,GTAACAATCGCACGACGGCA,0,363755
acrBp,0.125,7,7,GTAAATGCACTCAAGCCGCG,0,365517
acrBp,0.125,7,7,GTAAAGGAGTATGTCCCATC,0,359973
acrBp,0.125,7,7,GGTTTTGTAATCATTGCACG,0,405355
acrBp,0.125,7,7,GGTGTTTCGTGGCGAGCTAA,0,356804
acrBp,0.125,7,7,GGTGTAGCTCTCCCCAGGCT,0,388386
acrBp,0.125,7,7,GGTGGAGGGGATCCGGGCTC,0,373609
acrBp,0.125,7,7,GGTGACTATGCATCCTATCA,0,393895
acrBp,0.125,7,7,GGTCCGCAGGACGCTGGCGG,0,392145
acrBp,0.125,7,7,GGTCCATGCATGTGCACCCA,0,363929
acrBp,0.125,7,7,GGTAGGCAAGCGGCCTGGGA,0,360009
acrBp,0.125,7,7,GGTAGCCGGACCAGATACGG,0,383391
acrBp,0.125,7,7,GGTAGACCTATGAGTGTTTA,0,383019
acrBp,0.125,7,7,GGTACTAAAAGACGGCTCAG,0,360779
acrBp,0.125,7,7,GGGTGGGCTGGAAGGTTAAC,0,384726
acrBp,0.125,7,7,GGGTATGCGTAGAATCGGTC,0,364189
acrBp,0.125,7,7,GGGTAGTCATCCCCTTTGCT,0,407134
acrBp,0.125,7,7,GGGTAGGTGGTTGGTCTCCC,0,401096
acrBp,0.125,7,7,GGGGTCAAATGGGCGCCTTG,0,380528
acrBp,0.125,7,7,GGGGGCTCTGATTGCCGGTT,0,370857
acrBp,0.125,7,7,GGGGATACCCCTTACAGCTA,0,380748
acrBp,0.125,7,7,GGGGAGGGATGAAGTTATAG,0,367049
acrBp,0.125,7,7,GGGGACTTGGTGAGAAACGG,0,372222
acrBp,0.125,7,7,GGGCTAAGCCCCCAGCGAAC,0,406876
acrBp,0.125,7,7,GGGCCGGTCAACGTTTTTTT,0,406704
acrBp,0.125,7,7,GGGACCAAGAAGTTCGGTAA,0,394016
acrBp,0.125,7,7,GGGACAGTACGTAACTGTTG,0,370473
acrBp,0.125,7,7,GGGACAAGAGGCTGTGTTTA,0,406215
acrBp,0.125,7,7,GGGAAATTTTACAGTCTGCA,0,363680
acrBp,0.125,7,7,GGCTTGAGAATTGTCAAGTG,0,383104
acrBp,0.125,7,7,GGCTTACAAATATTGACATA,0,370375
acrBp,0.125,7,7,GGCTGTTCGGTCAGTAAGCA,0,404551
acrBp,0.125,7,7,GGCTGGGTCTACTAGTGGGA,0,405055
acrBp,0.125,7,7,GGCTGCGCGATTATGGGCTT,0,366104
acrBp,0.125,7,7,GGCTCATGTTCCTTAACCTT,0,370144
acrBp,0.125,7,7,GGCGTGAGGTCCGGCCATGT,0,401292
acrBp,0.125,7,7,GGCGTAGAGACGTTTGGCGT,0,394233
acrBp,0.125,7,7,GGCGGGCTCGGCGACTGGTT,0,379495
acrBp,0.125,7,7,GGCGATTCCCTCAGACATAA,0,365081
acrBp,0.125,7,7,GGCCTGCCGCTAGATGGGTT,0,405409
acrBp,0.125,7,7,GGCCGAAAGGCTCTGCACAG,0,399744
acrBp,0.125,7,7,GGCCCATTGTCAAGCCCTGC,0,394247
acrBp,0.125,7,7,GGCCAAGCGGGGCCGGAGTT,0,377036
acrBp,0.125,7,7,GGCACGCAGCTTGATTAATT,0,360177
acrBp,0.125,7,7,GGCACAGTACACGGTTGGAT,0,363679
acrBp,0.125,7,7,GGCAAGCAGATCAACTGCCA,0,393030
acrBp,0.125,7,7,GGATTATGCCCTCTAGGAAC,0,390082
acrBp,0.125,7,7,GGATGTGTTAATAAGGCGCA,0,377067
acrBp,0.125,7,7,GGATATTCAATGAGTGGTCA,0,356428
acrBp,0.125,7,7,GGATAGCCCTCATTCCGGTT,0,402381
acrBp,0.125,7,7,GGATAATAAGATCCCTAAGC,0,361625
acrBp,0.125,7,7,GGAGTGGCACCACGCGCAAA,0,390796
acrBp,0.125,7,7,GGAGGACCCTGGCTCTACGG,0,359378
acrBp,0.125,7,7,GGACTGGTCTATCAAGGCTA,0,402603
acrBp,0.125,7,7,GGAATTGGACAGTTGAATAG,0,391425
acrBp,0.125,7,7,GGAAGCCTATTGAATGACGC,0,376884
acrBp,0.125,7,7,GGAACCAGGTATTGGGGATG,0,369243
acrBp,0.125,7,7,GCTTTGAGGTAAGCCCGGGT,0,408057
acrBp,0.125,7,7,GCTTGTCGTTCGCTTGCAGA,0,368156
acrBp,0.125,7,7,GCTTGCATCTCCGGGCTAAT,0,389880
acrBp,0.125,7,7,GCTTATGTCGCGTCTATTTT,0,366874
acrBp,0.125,7,7,GCTGCTGCCACCTAACAGAG,0,390379
acrBp,0.125,7,7,GCTCTCAACACATGTACATT,0,390556
acrBp,0.125,7,7,GCTCTAGATAGTTTCGTTGG,0,360258
acrBp,0.125,7,7,GCTCAAATGTGCCATACCAC,0,366293
acrBp,0.125,7,7,GCTATGCCTTAACATTGGGC,0,381657
acrBp,0.125,7,7,GCTAGTCCTCCTTTCATATA,0,393513
acrBp,0.125,7,7,GCTAGCACTGAACAGAGTAA,0,399286
acrBp,0.125,7,7,GCTAAAGTAATTTGTCAAGG,0,400018
acrBp,0.125,7,7,GCGTCCGGCCCGCTCGCCCA,0,359161
acrBp,0.125,7,7,GCGTAGGTACGGTACTTCGT,0,359265
acrBp,0.125,7,7,GCGGGACCAAGACCCATCCA,0,406229
acrBp,0.125,7,7,GCGATTTTGAATGGCGTGCA,0,367994
acrBp,0.125,7,7,GCGATCGGCCATATACAGTC,0,372186
acrBp,0.125,7,7,GCGATCATGCTTTGTTTTCG,0,377285
acrBp,0.125,7,7,GCGAATCACTAGCTTGTTAT,0,389847
acrBp,0.125,7,7,GCCTTGGTCGCATAAAAGGT,0,369322
acrBp,0.125,7,7,GCCTTATAGTTTTGAGGCGG,0,361127
acrBp,0.125,7,7,GCCTGTGTCATATCGTCCAC,0,390990
acrBp,0.125,7,7,GCCGGTCTCCGTAAAGGTAA,0,404856
acrBp,0.125,7,7,GCCGGTCCGCGGTTACCCTG,0,402616
acrBp,0.125,7,7,GCCGGAAATTCGAAACACTC,0,361495
acrBp,0.125,7,7,GCCGCTGCCTAATAGTTAAG,0,360344
acrBp,0.125,7,7,GCCCTAACGTGGGTCGGTCA,0,362725
acrBp,0.125,7,7,GCCCGGTCTTTAATAGATAT,0,395093
acrBp,0.125,7,7,GCCCGCTATATGATGTTCGT,0,381572
acrBp,0.125,7,7,GCCACGTCTTATGGGTACTG,0,367282
acrBp,0.125,7,7,GCCACGGACGTCCTACTTAA,0,376816
acrBp,0.125,7,7,GCATCTAACCATGCGCATTC,0,370015
acrBp,0.125,7,7,GCATCGTTTTTAATGCAATT,0,363651
acrBp,0.125,7,7,GCATCGTGTCCGTTTTTTAC,0,367252
acrBp,0.125,7,7,GCATACATAACAGTTATGCA,0,389677
acrBp,0.125,7,7,GCAGTTACGTGAAAAGCCGC,0,390338
acrBp,0.125,7,7,GCAGGGGCAACTGAGCCTCA,0,370377
acrBp,0.125,7,7,GCAGCAGCGATCGTAGGTGT,0,370813
acrBp,0.125,7,7,GCAGATGTGAGGGTTGACCC,0,400620
acrBp,0.125,7,7,GCACTACCAAAATCAAGCGT,0,372203
acrBp,0.125,7,7,GCACGCCGTTAGAGATGCAG,0,376906
acrBp,0.125,7,7,GCACAGTGGTTATCCCTGAT,0,385216
acrBp,0.125,7,7,GCAATCGCGCTAGTGATGCC,0,394176
acrBp,0.125,7,7,GCAACCGTCCTGTACTAAGA,0,391888
acrBp,0.125,7,7,GCAACCCCACTTTACGGTCG,0,396196
acrBp,0.125,7,7,GATTTAATACGTCATGTCGT,0,396168
acrBp,0.125,7,7,GATTGGTTTTCTGTTGGGCA,0,367661
acrBp,0.125,7,7,GATTGCATGGAGACCAATTG,0,385552
acrBp,0.125,7,7,GATTCTCGAACCCGGTGAAC,0,362224
acrBp,0.125,7,7,GATTAGATTAAAAGGAGTGC,0,368587
acrBp,0.125,7,7,GATTAAGCTGGGTGGTATAA,0,401577
acrBp,0.125,7,7,GATGTGGCTGAAAGATAACG,0,360151
acrBp,0.125,7,7,GATGTAAGTGAGACTGTGTA,0,358217
acrBp,0.125,7,7,GATGAAATAAACTACACCCG,0,371412
acrBp,0.125,7,7,GATCTTTGCCATGCGTCTTA,0,386035
acrBp,0.125,7,7,GATCGATCCGTGTAACGCTC,0,367220
acrBp,0.125,7,7,GATAGATTGCGTTCTGTAGC,0,393753
acrBp,0.125,7,7,GATACCATGCACTTTCGTTT,0,360702
acrBp,0.125,7,7,GATAAGAGGAAAAATCTAGA,0,371069
acrBp,0.125,7,7,GAGTTGTATAACACATTGCG,0,382895
acrBp,0.125,7,7,GAGTCAGGGAGAAGAGTATG,0,384586
acrBp,0.125,7,7,GAGGGTATGTAACGACCTTC,0,399564
acrBp,0.125,7,7,GAGGCGCCAGGCTCACCACT,0,391358
acrBp,0.125,7,7,GAGGCCTACAGAGGAGTATA,0,391502
acrBp,0.125,7,7,GAGGCATGGGAGTCCAATGG,0,383043
acrBp,0.125,7,7,GAGGATCTCACCGTTGCAGG,0,405494
acrBp,0.125,7,7,GAGGAGATCAAAGCAAAACT,0,393830
acrBp,0.125,7,7,GAGCTTTCTAGTTAGCACGG,0,371821
acrBp,0.125,7,7,GAGCTCAGGACCCCTCGAAA,0,368506
acrBp,0.125,7,7,GAGCCGCAAATACCTGCTAC,0,388047
acrBp,0.125,7,7,GAGAAGAAACCCCATCGCGG,0,396462
acrBp,0.125,7,7,GACTTTGCCATGGGAGCCTG,0,382723
acrBp,0.125,7,7,GACTGTACTAGATATGTTGA,0,407832
acrBp,0.125,7,7,GACGTTCAGATTGCTTTGAG,0,356780
acrBp,0.125,7,7,GACGTTACCTATTATCAGAC,0,389216
acrBp,0.125,7,7,GACGCGACACATGTTGTAAT,0,374363
acrBp,0.125,7,7,GACGCACTTTTTTGACTTTG,0,359434
acrBp,0.125,7,7,GACGAGTCCGACACCCTTAG,0,403469
acrBp,0.125,7,7,GACCTTAGTGGAAGTCGAAA,0,392732
acrBp,0.125,7,7,GACCGGGGAGCTGAACTTTG,0,399241
acrBp,0.125,7,7,GACCAGCACTCACTCACGCG,0,380545
acrBp,0.125,7,7,GACATTTTCATCCAGACTCC,0,382897
acrBp,0.125,7,7,GACACCAGTTTACACATACT,0,373759
acrBp,0.125,7,7,GACAAGCCGCCGTAATAAGC,0,402744
acrBp,0.125,7,7,GAATTGAGGAGTTGTTATAG,0,389011
acrBp,0.125,7,7,GAATTATGCATGGCTGAGCA,0,387223
acrBp,0.125,7,7,GAATCTTTCGTGCGCCCCGC,0,398836
acrBp,0.125,7,7,GAAGTTAAGTGCAAGGAAGG,0,399937
acrBp,0.125,7,7,GAAGATCTAGGTTCACTACT,0,358499
acrBp,0.125,7,7,GAAGATACGCGATTTCGCAA,0,362864
acrBp,0.125,7,7,GAACAGTGTGCACACTCGTC,0,371778
acrBp,0.125,7,7,GAAAGGTCTACCACCCCGAC,0,400895
acrBp,0.125,7,7,GAAAGAGAGATGTCGGTAAT,0,401562
acrBp,0.125,7,7,GAAAGAACTCCATTGACTCA,0,375285
acrBp,0.125,7,7,GAAACTTACACTGCTATCAT,0,403106
acrBp,0.125,7,7,CTTTTCGTAAGAAAATCTTT,0,387469
acrBp,0.125,7,7,CTTTTACCCCGTCCCAGCCA,0,377764
acrBp,0.125,7,7,CTTTGTAAGAACATGTGCTA,0,386699
acrBp,0.125,7,7,CTTTATGCTCCGTGGAGGCC,0,394806
acrBp,0.125,7,7,CTTGTGTTGGTGATATCAAC,0,372796
acrBp,0.125,7,7,CTTGCGTGCGGTTAGGCGTT,0,367438
acrBp,0.125,7,7,CTTGCCTATTTTGTACAAAT,0,385674
acrBp,0.125,7,7,CTTCTTGAGGGAAGTCCTAT,0,358466
acrBp,0.125,7,7,CTTCGGCGGACTAATTCTAC,0,401303
acrBp,0.125,7,7,CTTCAGTCCCGGATCGTACA,0,370410
acrBp,0.125,7,7,CTTCAGTATCCGCGTCGGAA,0,365885
acrBp,0.125,7,7,CTTATCCCTTTAACTATCGG,0,357751
acrBp,0.125,7,7,CTTAGGTCAGACCACACCCA,0,367246
acrBp,0.125,7,7,CTTACTGGTTTCTATAGGGA,0,386696
acrBp,0.125,7,7,CTTACAGGGGCGAGTGGTGC,0,360746
acrBp,0.125,7,7,CTGTTTCGCAACACTGATTT,0,392494
acrBp,0.125,7,7,CTGTTGTCTTTTTATATGGG,0,376763
acrBp,0.125,7,7,CTGTTCCGGAGAATTAACGG,0,371645
acrBp,0.125,7,7,CTGTCCCTCTTCCCCCGCGC,0,390930
acrBp,0.125,7,7,CTGGTGGGGCCTTTACTAGG,0,391128
acrBp,0.125,7,7,CTGGCCCTTATGCTCTAGTG,0,374496
acrBp,0.125,7,7,CTGCTTGTACCCTCCTCAGT,0,388486
acrBp,0.125,7,7,CTGCTTGATACGTAATCAAG,0,400107
acrBp,0.125,7,7,CTGCTTCTTGGATTCTCATC,0,392993
acrBp,0.125,7,7,CTGCTGCATTAGCTACTTCG,0,400443
acrBp,0.125,7,7,CTGCACACGCACGCGGGGTA,0,367834
acrBp,0.125,7,7,CTGAGCTCCTGGTAAAACCA,0,377828
acrBp,0.125,7,7,CTGAGATTCTTCCTGGGTAT,0,384146
acrBp,0.125,7,7,CTCTGGCATCACGGCTGATT,0,388637
acrBp,0.125,7,7,CTCTCGTGGTATCTTTTTAG,0,355831
acrBp,0.125,7,7,CTCTATTTGGCCCGTGTTGG,0,374700
acrBp,0.125,7,7,CTCGTGGGAGAAAATCATTC,0,393154
acrBp,0.125,7,7,CTCGCCGGGGTAATCATCAA,0,392963
acrBp,0.125,7,7,CTCGATTCCATATAGATTGA,0,371153
acrBp,0.125,7,7,CTCCGCGCACTATTTGTATG,0,399513
acrBp,0.125,7,7,CTCCAGGGATATGCTGTGGC,0,358913
acrBp,0.125,7,7,CTCCACGTCCACTGTCGCCC,0,382967
acrBp,0.125,7,7,CTCCACGTATGCTGGGTAAA,0,360343
acrBp,0.125,7,7,CTCCAAGTAAGGATATTGTC,0,366490
acrBp,0.125,7,7,CTCACCCCTGCAGCCCCGTG,0,399149
acrBp,0.125,7,7,CTATGTGAGGGGCACTGACA,0,395364
acrBp,0.125,7,7,CTATGCAAGTCGCTTTGGTC,0,408117
acrBp,0.125,7,7,CTATCGTTACGTGTCAAATT,0,398758
acrBp,0.125,7,7,CTAGTGTTCCTTAGTACAAT,0,363825
acrBp,0.125,7,7,CTAGGCCGTTTATCTATTTC,0,365143
acrBp,0.125,7,7,CTACTCCATTCGAAAGTTAC,0,364427
acrBp,0.125,7,7,CTACTAGGATTACAACTCCC,0,370152
acrBp,0.125,7,7,CTACGGTAACCGATTCCCTT,0,378314
acrBp,0.125,7,7,CTACATAGTGCCGTTCGGGA,0,401921
acrBp,0.125,7,7,CTAATTTTGGTGATGGGAGC,0,367053
acrBp,0.125,7,7,CTAATAACACTACCGTTGGC,0,401653
acrBp,0.125,7,7,CTAAGAGAACACGATGAAGA,0,374693
acrBp,0.125,7,7,CGTTACCTAAGTTGGGGTCG,0,355950
acrBp,0.125,7,7,CGTGTAGTACGCGAGTCTAC,0,385325
acrBp,0.125,7,7,CGTCGTGTTGGTCAGCAACT,0,374551
acrBp,0.125,7,7,CGTCCGAGACCCTGGAGCGC,0,395951
acrBp,0.125,7,7,CGTCACTGGGAGGGCGCGTG,0,394981
acrBp,0.125,7,7,CGTATTTAATGTCCATACTT,0,375290
acrBp,0.125,7,7,CGTAAGCTATTTGTCTTAGA,0,357515
acrBp,0.125,7,7,CGGTTCTGAAACCTGTTGCC,0,406817
acrBp,0.125,7,7,CGGTCCTTGATATCCCTTCT,0,392245
acrBp,0.125,7,7,CGGTAGAATCTCAGGCCAAA,0,374952
acrBp,0.125,7,7,CGGGGGTACAATGGACGGTG,0,408511
acrBp,0.125,7,7,CGGGGGATTCATAAGAGCAA,0,377095
acrBp,0.125,7,7,CGGGATGATGAGTCAGAAGG,0,382167
acrBp,0.125,7,7,CGGGACTACTTTTGGTCGTA,0,388448
acrBp,0.125,7,7,CGGGACGCTGCCTTCCGTAG,0,401522
acrBp,0.125,7,7,CGGCTAAGCCGTCAGTCATA,0,396176
acrBp,0.125,7,7,CGGCGGAAGATGGCGTCGCG,0,385091
acrBp,0.125,7,7,CGGCCTGTATTCGGTGGACA,0,405397
acrBp,0.125,7,7,CGGCCCCTAGGGACTTCCAT,0,407880
acrBp,0.125,7,7,CGGCACTCTTGCGGAACACC,0,381129
acrBp,0.125,7,7,CGGATGGCCTGTCTATCCCA,0,359138
acrBp,0.125,7,7,CGGATCTCGATTCACTCCAC,0,356997
acrBp,0.125,7,7,CGGATACCTTTACAACCGAA,0,393185
acrBp,0.125,7,7,CGGAGTGCTATGTGGTGTGA,0,402020
acrBp,0.125,7,7,CGGAAATATCGTTACTTTAG,0,394399
acrBp,0.125,7,7,CGGAAAATCCGCGGCATGAG,0,389770
acrBp,0.125,7,7,CGCTTTCAGGACCCGCTGAC,0,390894
acrBp,0.125,7,7,CGCTGTGTTTTTTGGTTGTA,0,368967
acrBp,0.125,7,7,CGCTAGTGGAATCGGGACGC,0,383952
acrBp,0.125,7,7,CGCGTTCACGACGCGACACA,0,374276
acrBp,0.125,7,7,CGCCGGGCGCATCCTGCGAA,0,396315
acrBp,0.125,7,7,CGCCGGAGTCCATATCCCAG,0,370563
acrBp,0.125,7,7,CGCCATGAATAGGAATCTAC,0,385507
acrBp,0.125,7,7,CGCCACACAGTCAATCCGAG,0,357089
acrBp,0.125,7,7,CGCATGTCAAGATGGCGCTC,0,378786
acrBp,0.125,7,7,CGCATGCATATCCAGGAGAT,0,403340
acrBp,0.125,7,7,CGCAGGTTATATAAGAGCTC,0,384099
acrBp,0.125,7,7,CGCAGACTTAAGGACGCACT,0,386487
acrBp,0.125,7,7,CGATGGTGTGGACCCGAACG,0,364381
acrBp,0.125,7,7,CGATGCCTGTTCGAACCCGA,0,394681
acrBp,0.125,7,7,CGATCTGCAAAAGCATACAG,0,381019
acrBp,0.125,7,7,CGATAGCCATTGAACGACGA,0,363544
acrBp,0.125,7,7,CGAGGAGGTGGACAAACAGT,0,372096
acrBp,0.125,7,7,CGAGCCATTTTGCTAATTGA,0,381195
acrBp,0.125,7,7,CGACTTTATCTCAACCAACC,0,374814
acrBp,0.125,7,7,CGACACGGTCGCTCGTGAGG,0,386660
acrBp,0.125,7,7,CGACAAGAGGCCCATAGGCA,0,378649
acrBp,0.125,7,7,CGAACAGGTCTGCGCTGTGT,0,398279
acrBp,0.125,7,7,CGAAATTCGTCCCAGCCATA,0,379522
acrBp,0.125,7,7,CGAAATTCATTTATCGGTTG,0,369113
acrBp,0.125,7,7,CGAAACCGTTGAGATCTTTA,0,407589
acrBp,0.125,7,7,CCTTTTTTTTACCTCATGTT,0,363270
acrBp,0.125,7,7,CCTTTGATTGTAAATTAGCT,0,394008
acrBp,0.125,7,7,CCTTCATACGTACGTTGACA,0,362409
acrBp,0.125,7,7,CCTGTGTAGAATGTCTAAGT,0,366566
acrBp,0.125,7,7,CCTGTCTGTTACGTCTGAGA,0,385073
acrBp,0.125,7,7,CCTGGACGGATAGTCCGCGG,0,373697
acrBp,0.125,7,7,CCTGCTACTACACCAGCGTA,0,384174
acrBp,0.125,7,7,CCTGCCGATTAGGCCAATGT,0,405488
acrBp,0.125,7,7,CCTGCATTGGTTGGACTACA,0,406520
acrBp,0.125,7,7,CCTGCACGTATTACACTGTA,0,363782
acrBp,0.125,7,7,CCTGACGCCTCTTACCCCGG,0,365948
acrBp,0.125,7,7,CCTGAATTCGGGGGAGTGCT,0,382770
acrBp,0.125,7,7,CCTCTTTAGCAGCTCATGGG,0,393123
acrBp,0.125,7,7,CCTCGTGTCAACAAGCGGTT,0,372021
acrBp,0.125,7,7,CCTCGCAATCTGAGGTCGTG,0,371267
acrBp,0.125,7,7,CCTCCGCGACACAATTGAAT,0,402468
acrBp,0.125,7,7,CCTCATAAACGTCCTTAATC,0,391488
acrBp,0.125,7,7,CCTATGGTGGAGTGGAAGTG,0,362761
acrBp,0.125,7,7,CCTAGTTAACTTGCATTGTG,0,357697
acrBp,0.125,7,7,CCTACTTACCGGCATACGAT,0,376427
acrBp,0.125,7,7,CCTACATAATTCCGAGTACA,0,387756
acrBp,0.125,7,7,CCTAACCCGGAGTCGCTACA,0,402988
acrBp,0.125,7,7,CCGTGCGCATTCGGCTCGAT,0,398137
acrBp,0.125,7,7,CCGTATGGGCCGATTAATGC,0,388057
acrBp,0.125,7,7,CCGTATCCTATCGGGTAATG,0,392641
acrBp,0.125,7,7,CCGGTAACGCAGCAGCAGGT,0,376805
acrBp,0.125,7,7,CCGGCGTATATTGCATATGC,0,402201
acrBp,0.125,7,7,CCGGCCCAGTCAGTCGGCCC,0,377381
acrBp,0.125,7,7,CCGGATTATATACTGAGTCT,0,361301
acrBp,0.125,7,7,CCGCGGCGTCAATGGTTGCA,0,406316
acrBp,0.125,7,7,CCGCGGCAGTTCGTCACGCA,0,392260
acrBp,0.125,7,7,CCGCGACTAGCTCCTCCTGT,0,388244
acrBp,0.125,7,7,CCGAGTACCGGCTTAATGTT,0,373766
acrBp,0.125,7,7,CCGAGCTATTTCAGCAGCTG,0,402226
acrBp,0.125,7,7,CCGAGACTACAATAAAGACA,0,365274
acrBp,0.125,7,7,CCGACCGAAATGGTGTATCG,0,383156
acrBp,0.125,7,7,CCGAATCGCTGACAGGTAAG,0,371329
acrBp,0.125,7,7,CCCTGCGTAGTCACAATCAC,0,359803
acrBp,0.125,7,7,CCCTAGTCTATGGCCTGACT,0,377430
acrBp,0.125,7,7,CCCTAAAGTGTGCTAACCTG,0,398074
acrBp,0.125,7,7,CCCGACTTGCTCAAACGCTC,0,387420
acrBp,0.125,7,7,CCCGACAGCGTGCAAAGGGA,0,379934
acrBp,0.125,7,7,CCCATTGGATCGCTTCAAAG,0,388750
acrBp,0.125,7,7,CCCATCGAAAGTCAAGAGAG,0,398941
acrBp,0.125,7,7,CCCACTTCGTCAGGGCGAGT,0,390795
acrBp,0.125,7,7,CCCACGGGAGTTGCGTGGGT,0,369140
acrBp,0.125,7,7,CCATGCATAGGCTATCGACC,0,386766
acrBp,0.125,7,7,CCATCTAGTTCTTGGCGCGG,0,389213
acrBp,0.125,7,7,CCATCGGTAGCATACTACGG,0,369567
acrBp,0.125,7,7,CCATCCACCACCTGGGTACT,0,403335
acrBp,0.125,7,7,CCATACCGGGAGCCTTAAGG,0,406231
acrBp,0.125,7,7,CCAGGGTTCATCAAAACTAA,0,368682
acrBp,0.125,7,7,CCAGATTGCAGAGGGCGGAT,0,404254
acrBp,0.125,7,7,CCACTCCAACGAAAGAGTTA,0,392709
acrBp,0.125,7,7,CCACGTTTTCGGTAAAAAGA,0,383118
acrBp,0.125,7,7,CCACGGTGAGGTCTCGGATA,0,368217
acrBp,0.125,7,7,CCACCTGAAGTGCGTATGAT,0,362676
acrBp,0.125,7,7,CCAATGCGGGGGCGGGGTCT,0,370635
acrBp,0.125,7,7,CCAAGCTAAAGGTCCAAAAC,0,399089
acrBp,0.125,7,7,CCAAATTTCTGTCGGCTTGG,0,371006
acrBp,0.125,7,7,CATTTTTCAATAAACCGAGT,0,362978
acrBp,0.125,7,7,CATTACAAAGGCTAGTCCGC,0,384178
acrBp,0.125,7,7,CATGTAGTCTTGCACATGCT,0,399442
acrBp,0.125,7,7,CATGTAGGAATTGCGTTTCG,0,401050
acrBp,0.125,7,7,CATGCGGAAGTCGCTTCGAT,0,393516
acrBp,0.125,7,7,CATGCCCTCTCCTTTAAGAG,0,361367
acrBp,0.125,7,7,CATGATCCTCGTGGCTTCGC,0,406119
acrBp,0.125,7,7,CATGAAACCCCATCAGAGGA,0,361403
acrBp,0.125,7,7,CATCTGACTTGCTTGTCGGA,0,403984
acrBp,0.125,7,7,CATCACGCACCCTGGCCGGC,0,382718
acrBp,0.125,7,7,CATACCACGTTGACAATTTC,0,381573
acrBp,0.125,7,7,CAGTGCCACCTCAGCCGGAA,0,387136
acrBp,0.125,7,7,CAGGTACGGGGACACATGAC,0,390260
acrBp,0.125,7,7,CAGGTAAACATTAACCGTGA,0,381253
acrBp,0.125,7,7,CAGGGGTTGGAAAGTCGAAC,0,379369
acrBp,0.125,7,7,CAGGGCGGCATGCCATTCTA,0,407344
acrBp,0.125,7,7,CAGGGCATCATTGATTAATT,0,379565
acrBp,0.125,7,7,CAGCTATTGCAGTTTTCTTT,0,371775
acrBp,0.125,7,7,CAGCCCAGCATACATAGCTG,0,393539
acrBp,0.125,7,7,CAGCATGCCGTCGTAGCCCA,0,373442
acrBp,0.125,7,7,CAGATGGGTACATCCCGACG,0,396170
acrBp,0.125,7,7,CAGATATGGCCAAAGATTGT,0,384593
acrBp,0.125,7,7,CAGAGAACTCTTGCCCAAGT,0,403024
acrBp,0.125,7,7,CAGACGCGTTTTTAACGTGC,0,390100
acrBp,0.125,7,7,CAGAATTGATGACGGACCAC,0,406641
acrBp,0.125,7,7,CAGAACTGGATGTCCTATTA,0,382258
acrBp,0.125,7,7,CACTTGGTAATCTCGTCCTA,0,355599
acrBp,0.125,7,7,CACTCTTTAGTTAACTGGCC,0,355237
acrBp,0.125,7,7,CACTCGGTCACGCAGACTTG,0,362132
acrBp,0.125,7,7,CACTATGTCGTCCGGGTGAT,0,381194
acrBp,0.125,7,7,CACTACTCTGGTTTAAGGAT,0,361869
acrBp,0.125,7,7,CACTACCCACGCTTTCCGAC,0,398619
acrBp,0.125,7,7,CACGTATTCCGAATTCGGTG,0,395511
acrBp,0.125,7,7,CACGCTTCATAGTGTTACCT,0,397885
acrBp,0.125,7,7,CACGCATAGGCTTCAATGCT,0,403063
acrBp,0.125,7,7,CACCCGGGGGAGTTGAATAT,0,387940
acrBp,0.125,7,7,CACCACCTAACTCGCAGTCA,0,363476
acrBp,0.125,7,7,CACATGATCGATGAATCTTG,0,355085
acrBp,0.125,7,7,CACAGGGACCTACTCGATAC,0,401749
acrBp,0.125,7,7,CACACTGCCGTGGTGACGCC,0,398802
acrBp,0.125,7,7,CACAATGAGTTGTGCAGTGC,0,384315
acrBp,0.125,7,7,CAATTACTCGGCGTGCTGGT,0,392285
acrBp,0.125,7,7,CAATGATGTTAAGCAATAAC,0,404350
acrBp,0.125,7,7,CAATAGGCTCGGCACTGGAT,0,387483
acrBp,0.125,7,7,CAATACGATCATGATGTTAT,0,358398
acrBp,0.125,7,7,CAAGGGATTGAGAGACCAAC,0,391841
acrBp,0.125,7,7,CAAGGCTTCCGTTCTTAAGT,0,404211
acrBp,0.125,7,7,CAAGATTTTTATCCCCTCCC,0,369141
acrBp,0.125,7,7,CAACTGGCACGTTAAAAATT,0,402959
acrBp,0.125,7,7,CAACTCATTAGTCCGTAATC,0,361170
acrBp,0.125,7,7,CAACGGCGCGCTGAAAATGC,0,363427
acrBp,0.125,7,7,CAACCGAATATCACCATACT,0,400656
acrBp,0.125,7,7,CAACCCCCGGCAGTGGAAAC,0,373368
acrBp,0.125,7,7,CAAATTCAGCTACGTCACCA,0,371692
acrBp,0.125,7,7,CAAAGTAGCAGTGTATATGC,0,379620
acrBp,0.125,7,7,CAAAGGGGCCGTGCTGGGTA,0,383926
acrBp,0.125,7,7,CAAAGCGGTGGTACGAAAGA,0,407504
acrBp,0.125,7,7,CAAAGAACCTCAAAATCTAA,0,378048
acrBp,0.125,7,7,ATTTTGAAAGTTCTTACGCA,0,405429
acrBp,0.125,7,7,ATTTGTAGGCCATGTCCTAG,0,392251
acrBp,0.125,7,7,ATTTATGCCGTTGTCAGGAA,0,390691
acrBp,0.125,7,7,ATTGTTCAACCAGCGATCCT,0,392692
acrBp,0.125,7,7,ATTGTAGGTTCACTACCCTT,0,357842
acrBp,0.125,7,7,ATTGTAAGTCCCGGTGTGAA,0,356074
acrBp,0.125,7,7,ATTGCGTTTTAAACCGCTAT,0,380839
acrBp,0.125,7,7,ATTCTTGTTTACGTTTAGCC,0,391280
acrBp,0.125,7,7,ATTCTGATCCATTTAACCGC,0,403801
acrBp,0.125,7,7,ATTCCTCTGCGACCAGATAG,0,355194
acrBp,0.125,7,7,ATTCATCTCACGTAGAAAGT,0,382279
acrBp,0.125,7,7,ATTATACTTTTCACGTCAAA,0,356499
acrBp,0.125,7,7,ATTAGGGCAAATAGACCCTA,0,359802
acrBp,0.125,7,7,ATTACGGCCAATACCCCATC,0,376489
acrBp,0.125,7,7,ATTACCTAACGCCCTGAAAA,0,378707
acrBp,0.125,7,7,ATTAAGTTCACTCACCCATT,0,355132
acrBp,0.125,7,7,ATTAAGAGTCCGCGTACCTG,0,399847
acrBp,0.125,7,7,ATGTTGGTTGGAGTTTATGT,0,369490
acrBp,0.125,7,7,ATGTGTAAGGATATCGTTTT,0,385426
acrBp,0.125,7,7,ATGTGCCTTTCTCCTGGTAT,0,378258
acrBp,0.125,7,7,ATGTAGTTCAGTACAGCACA,0,398385
acrBp,0.125,7,7,ATGGTGTGCCAGGGGCACCG,0,362260
acrBp,0.125,7,7,ATGGGCTAACTGCGCCGTTG,0,371560
acrBp,0.125,7,7,ATGGCTCATGGTCGGGGCGG,0,365091
acrBp,0.125,7,7,ATGGCTCACACACGACACGT,0,363088
acrBp,0.125,7,7,ATGGCCCACTGAGGTCGGCG,0,405977
acrBp,0.125,7,7,ATGGCACGTGCTTGCGAATA,0,369876
acrBp,0.125,7,7,ATGCTTAGGACGTTCATAAG,0,393833
acrBp,0.125,7,7,ATGCTGACGCAGGGATGTGC,0,365788
acrBp,0.125,7,7,ATGCGTCAGACGTTGACAGT,0,375614
acrBp,0.125,7,7,ATGCGGCTCCGGCATTCTTC,0,389463
acrBp,0.125,7,7,ATGAGTCGAAGTATGTAGGA,0,400418
acrBp,0.125,7,7,ATGAGTAGATAGTATAAGTT,0,375474
acrBp,0.125,7,7,ATGAGGTGAGGGGGACTGTT,0,382889
acrBp,0.125,7,7,ATGAACGATGCTTTGTTGGT,0,388763
acrBp,0.125,7,7,ATGAAACAGACTGCTGATGT,0,367639
acrBp,0.125,7,7,ATCGTCTGCGCGGCTGTACC,0,405854
acrBp,0.125,7,7,ATCGTAGCGAAGATGTTTTA,0,401898
acrBp,0.125,7,7,ATCGGGATATCGGTATACGA,0,371550
acrBp,0.125,7,7,ATCGGAGCAGCGAAAATGTC,0,373146
acrBp,0.125,7,7,ATCGGACAGGTTACTTATCA,0,398463
acrBp,0.125,7,7,ATCGGAACCGGGTAAGCTGG,0,387942
acrBp,0.125,7,7,ATCGAGCGAGCCTAATATCC,0,393541
acrBp,0.125,7,7,ATCGAAAGCTTGGCTCGAGT,0,396560
acrBp,0.125,7,7,ATCCTTTGGCCCGAGGAGGT,0,364135
acrBp,0.125,7,7,ATCCTATGTACGACCCAAGG,0,397109
acrBp,0.125,7,7,ATCCAGGAGTGGAGCTGCTG,0,362225
acrBp,0.125,7,7,ATCCACGCGATAATATGCGA,0,391173
acrBp,0.125,7,7,ATCATGCTCAATAGACCTGC,0,359150
acrBp,0.125,7,7,ATCATGCCCTAGGACTCCAC,0,382887
acrBp,0.125,7,7,ATCAGATAGTGAGTGAGTAA,0,404553
acrBp,0.125,7,7,ATCACTAACCAAAGTGTGAA,0,380243
acrBp,0.125,7,7,ATCACCATAGCAAGCAAAAG,0,393502
acrBp,0.125,7,7,ATATTATGGAGCAATGAACA,0,399603
acrBp,0.125,7,7,ATATGGCGATGTTCCTTCGG,0,367921
acrBp,0.125,7,7,ATATCAGTCAATAGGACAAT,0,373232
acrBp,0.125,7,7,ATATACCACCGGGAATTAAT,0,399492
acrBp,0.125,7,7,ATATAACGATGGCCGGAGTG,0,397584
acrBp,0.125,7,7,ATAGGGCCTCCCACTATAGG,0,363458
acrBp,0.125,7,7,ATAGCCTGTTATATCGTAGT,0,405645
acrBp,0.125,7,7,ATACGCTGCGAGAATAATCA,0,356866
acrBp,0.125,7,7,ATAATGTCATTGTACGCTTA,0,392308
acrBp,0.125,7,7,ATAACTTCTGCTCGCGCTCT,0,357223
acrBp,0.125,7,7,ATAACCAGGCGATTTAATTA,0,398173
acrBp,0.125,7,7,ATAACCAGCTCACGTTTTCC,0,394803
acrBp,0.125,7,7,AGTTCTTAGCGAGCCCATTC,0,402680
acrBp,0.125,7,7,AGTGTGGTATCTTGGATACC,0,372609
acrBp,0.125,7,7,AGTGGGGTGCACACTCATCA,0,355234
acrBp,0.125,7,7,AGTCTTGTAGCGAGCGAGTA,0,390137
acrBp,0.125,7,7,AGTCGTTTACCGCATTGACA,0,388501
acrBp,0.125,7,7,AGTCCCTCAATTGATATTCG,0,371954
acrBp,0.125,7,7,AGTCAAGTATCGGCAGTTGC,0,392911
acrBp,0.125,7,7,AGTATGTGCGGGCGGGCGCG,0,363573
acrBp,0.125,7,7,AGTAGTGACACCGACTATTA,0,368230
acrBp,0.125,7,7,AGTAGTCCACTTAACATGGG,0,394113
acrBp,0.125,7,7,AGGTTTGACGCTGAAGTGTC,0,396085
acrBp,0.125,7,7,AGGTGGGCTCCATTCTTCGG,0,368319
acrBp,0.125,7,7,AGGTGACTATGGTGGTATGA,0,371463
acrBp,0.125,7,7,AGGTGACGAGACCTAAACCC,0,370903
acrBp,0.125,7,7,AGGTCGTGGGATCATGACAG,0,396764
acrBp,0.125,7,7,AGGTCAAAGTTACGGGAGCG,0,388573
acrBp,0.125,7,7,AGGGTACTACGTGGTTGGTC,0,385518
acrBp,0.125,7,7,AGGGGCGGTGAAACCATTAC,0,377198
acrBp,0.125,7,7,AGGGCGTGGACATTTACACG,0,356595
acrBp,0.125,7,7,AGGGCCAGAAGTAACCTACA,0,374491
acrBp,0.125,7,7,AGGCGACTCGCATATTATCA,0,378465
acrBp,0.125,7,7,AGGCCTATCACTTCGCCTTT,0,385466
acrBp,0.125,7,7,AGGCCGTCGAGGGAGATTTA,0,375866
acrBp,0.125,7,7,AGGCCCAATACGAGTCCTGC,0,392536
acrBp,0.125,7,7,AGGATTACCGGGCGCTCACG,0,392391
acrBp,0.125,7,7,AGGATCATGTGTGCCTCGTT,0,360512
acrBp,0.125,7,7,AGGAGCAAACAAGTGTTGGC,0,396675
acrBp,0.125,7,7,AGGAGATAGACGATGCCCCA,0,358332
acrBp,0.125,7,7,AGGACGTTAGTCATTTATCT,0,385083
acrBp,0.125,7,7,AGGAATGGGGCTCGGGTACT,0,358033
acrBp,0.125,7,7,AGCTTAGACATATTCCGTTC,0,379832
acrBp,0.125,7,7,AGCTGAATCACACTAGATCT,0,358523
acrBp,0.125,7,7,AGCTCACAACATCATCTAAA,0,358090
acrBp,0.125,7,7,AGCTAAGATTCGCGTTCCTA,0,365668
acrBp,0.125,7,7,AGCGGTAGATAATCACGTTT,0,382040
acrBp,0.125,7,7,AGCGGTAAATGTACAAGTCA,0,395740
acrBp,0.125,7,7,AGCGGGGCAGGCCCAGTTGG,0,369236
acrBp,0.125,7,7,AGCGCAGAATTGGAAGGGCG,0,405506
acrBp,0.125,7,7,AGCCCTCGGCAATTTTCGCG,0,384147
acrBp,0.125,7,7,AGCCCGTACTGGTGCGGTAC,0,361710
acrBp,0.125,7,7,AGCATGCTCGTCCACTAAGC,0,396552
acrBp,0.125,7,7,AGCAGGTGTCATTATGGCTA,0,380746
acrBp,0.125,7,7,AGCACATATATCGTAATGTG,0,398461
acrBp,0.125,7,7,AGATTCCACCAGTGCGGACT,0,376181
acrBp,0.125,7,7,AGATCATTGGAAGGCTGTAG,0,400525
acrBp,0.125,7,7,AGATATCTAGAAAGCATTAT,0,362327
acrBp,0.125,7,7,AGATATAGTCTCCAAGGGGA,0,391660
acrBp,0.125,7,7,AGAGGCTCTCAGCTGAAGTG,0,398406
acrBp,0.125,7,7,AGAGGCTCCATCGATATTAC,0,373303
acrBp,0.125,7,7,AGAGCTAGGATTTCGTGGGT,0,392623
acrBp,0.125,7,7,AGAGCGACGGTTGGCTCGAA,0,355198
acrBp,0.125,7,7,AGAGCCTGCTAAAGAGGCCA,0,403967
acrBp,0.125,7,7,AGACTAATTTATTTGCTTTA,0,408068
acrBp,0.125,7,7,AGACATTTAACGGAATATTT,0,368039
acrBp,0.125,7,7,AGACATGGCTGGGGGGAAGT,0,396642
acrBp,0.125,7,7,AGACAAGTCCAATAGGTCGG,0,397066
acrBp,0.125,7,7,AGACAAGGCGAATTAGTTAG,0,368369
acrBp,0.125,7,7,AGAATGCATGCAACGTGAAG,0,362616
acrBp,0.125,7,7,AGAATCATTTAAAAGAATAA,0,363587
acrBp,0.125,7,7,AGAAGCGTCCGTTTCTCGAA,0,366568
acrBp,0.125,7,7,AGAACTCTTGATTCTACCCA,0,401933
acrBp,0.125,7,7,AGAACGCCGGATTTATTGTT,0,403895
acrBp,0.125,7,7,AGAACAATCAAACTCCCACG,0,393496
acrBp,0.125,7,7,AGAAATAGCAGCCCTGCTAC,0,383078
acrBp,0.125,7,7,AGAAACGCCGGGGTCATGAC,0,372381
acrBp,0.125,7,7,AGAAACAAATAAGATCCTCT,0,381450
acrBp,0.125,7,7,ACTTGGCCAGGGCAACCAGT,0,388923
acrBp,0.125,7,7,ACTTGCAAACGTCCACGTGG,0,390712
acrBp,0.125,7,7,ACTGACACGTTATCGGAAGG,0,398456
acrBp,0.125,7,7,ACTCTTTACTAGCCACCCAT,0,404168
acrBp,0.125,7,7,ACTCTGGATACCTCATACAC,0,355980
acrBp,0.125,7,7,ACTCTGCACTTTCACCTACA,0,364690
acrBp,0.125,7,7,ACTCGTAGGTATATTTGGTG,0,386802
acrBp,0.125,7,7,ACTCCTCATCATAGGATGAA,0,365933
acrBp,0.125,7,7,ACGTGCGGGATCTGTCGGAG,0,355915
acrBp,0.125,7,7,ACGTGAAGATTCCTCATTCC,0,363444
acrBp,0.125,7,7,ACGGTCCCGGCCTTGGCTTT,0,403925
acrBp,0.125,7,7,ACGGAAGACTCTCCAGCCAT,0,384751
acrBp,0.125,7,7,ACGCTGGAATGTACCTGAGC,0,358404
acrBp,0.125,7,7,ACGCTCCTCGCAAGGGGTGG,0,387353
acrBp,0.125,7,7,ACGCCATCGGGCAGGCCGTT,0,378566
acrBp,0.125,7,7,ACGCAGTTCGCATGGATTAT,0,361501
acrBp,0.125,7,7,ACGCACTCCGCGCCCCGCTC,0,365615
acrBp,0.125,7,7,ACGATGATAATATTTCAACC,0,360867
acrBp,0.125,7,7,ACGATACACGTGATCGCTCG,0,374244
acrBp,0.125,7,7,ACCTGATGCCTGTGGTGACT,0,365996
acrBp,0.125,7,7,ACCTCTCCCAGGTGAACCGA,0,393613
acrBp,0.125,7,7,ACCTCGGTAGATCAGGAGAA,0,365292
acrBp,0.125,7,7,ACCTATTGCCTTGATCACAG,0,367705
acrBp,0.125,7,7,ACCGGGAGGGAACATAATTA,0,371835
acrBp,0.125,7,7,ACCGCAATCAGATGATATGA,0,364358
acrBp,0.125,7,7,ACCGAGAGGAGTACAACGCA,0,391959
acrBp,0.125,7,7,ACCCCGCTGCATTTTTTCCA,0,406658
acrBp,0.125,7,7,ACCCAGACCGCAGTGTGACC,0,405129
acrBp,0.125,7,7,ACCACGTTAAGGTAATGACT,0,368769
acrBp,0.125,7,7,ACCACACACATGAACATTCA,0,386776
acrBp,0.125,7,7,ACCAAGGAGTATAGTGCGAT,0,393795
acrBp,0.125,7,7,ACATTTGTGAGACTATCGAA,0,373606
acrBp,0.125,7,7,ACATTTCTAGTTTCAGGTAC,0,390668
acrBp,0.125,7,7,ACATTATTTACGTCGTATTG,0,400059
acrBp,0.125,7,7,ACATGTGCGTCCGTATGCTT,0,376117
acrBp,0.125,7,7,ACATGCGTGCAGCATGTCTC,0,390617
acrBp,0.125,7,7,ACATGCAATACCATGTACTA,0,362989
acrBp,0.125,7,7,ACATCCCCGCGAGAACCAGT,0,393281
acrBp,0.125,7,7,ACATCACTTCATAGCTCCAT,0,380195
acrBp,0.125,7,7,ACAGTCACACTGTCGTATAG,0,406143
acrBp,0.125,7,7,ACAGCAAACCTCCCTGGAGT,0,379302
acrBp,0.125,7,7,ACAGAGCCCCCTATAGGCCT,0,387009
acrBp,0.125,7,7,ACAGAAGGGAACACCTGTTA,0,363716
acrBp,0.125,7,7,ACAATTGTCGGATGTGGGTT,0,390493
acrBp,0.125,7,7,ACAATGTGGTTCTATCATTC,0,398415
acrBp,0.125,7,7,ACAAGTCGATATGCGTTGGG,0,392550
acrBp,0.125,7,7,ACAAACCTTAGCATCCTTAC,0,403326
acrBp,0.125,7,7,AATGTGAGCACGTAGATGCC,0,396259
acrBp,0.125,7,7,AATGGTGTGGCTGCTGATCA,0,375388
acrBp,0.125,7,7,AATGGGTTGGCCCCCAGATC,0,408438
acrBp,0.125,7,7,AATGGCTATTGCCACTGTCG,0,385185
acrBp,0.125,7,7,AATGCGAGGTCTCTTTCTAA,0,361009
acrBp,0.125,7,7,AATGCCGAGCAAACGTTCGC,0,390397
acrBp,0.125,7,7,AATCGGGACATCAGTATCGA,0,377106
acrBp,0.125,7,7,AATCCCAAGAATGGGGTGGG,0,397270
acrBp,0.125,7,7,AATCAGTTGCCAGGGTGCAT,0,377935
acrBp,0.125,7,7,AATATATCGTGCAGGGCAGG,0,379869
acrBp,0.125,7,7,AATAACATAACCTCTATTTA,0,370233
acrBp,0.125,7,7,AATAAAGCTACAGATATCGT,0,390266
acrBp,0.125,7,7,AAGTTTAACATTATACAGTT,0,375175
acrBp,0.125,7,7,AAGTCTACGACGGCCTTTAA,0,400281
acrBp,0.125,7,7,AAGTATAATAAATTTACTCG,0,391293
acrBp,0.125,7,7,AAGGTGTGCGACACGTCACA,0,374140
acrBp,0.125,7,7,AAGGCTGTGTCTGTCACAGT,0,386456
acrBp,0.125,7,7,AAGCTGGCGATAGGCTCCTT,0,372557
acrBp,0.125,7,7,AAGCACTCGGGGCAAAACCG,0,360358
acrBp,0.125,7,7,AAGCACCCGGCAACGACTAT,0,381411
acrBp,0.125,7,7,AAGCACCAGAAGTCTACGTT,0,385178
acrBp,0.125,7,7,AAGACGAACTCCATGAAGAG,0,365593
acrBp,0.125,7,7,AAGAAACATGAGCGATTAAG,0,366771
acrBp,0.125,7,7,AACTGTATGAGAGAAGGGAC,0,390935
acrBp,0.125,7,7,AACTACGCAACTGAGCTTAT,0,392927
acrBp,0.125,7,7,AACGCGTGGAACAAACACTT,0,367073
acrBp,0.125,7,7,AACGACGTGGGCTCAATTGC,0,375375
acrBp,0.125,7,7,AACCGGCAGTCTCTGGAAGT,0,400375
acrBp,0.125,7,7,AACCATGTAACCCCATCGTA,0,363738
acrBp,0.125,7,7,AACCACAGGGTGGCCAACGA,0,385622
acrBp,0.125,7,7,AACACGACTTATCAACTCGA,0,404092
acrBp,0.125,7,7,AAATTTTGTGACCCGTGAAG,0,391885
acrBp,0.125,7,7,AAATTCGCTCATTCGCGCAT,0,393561
acrBp,0.125,7,7,AAATGTACGGTGTAATAAGC,0,380821
acrBp,0.125,7,7,AAATGCCGTCAATCCCGCAC,0,399315
acrBp,0.125,7,7,AAATGATTCCAGTGCGGATC,0,386279
acrBp,0.125,7,7,AAATGAGCAAGGATATTATG,0,407717
acrBp,0.125,7,7,AAATCGCGGTTGGGCGCGCT,0,362175
acrBp,0.125,7,7,AAATCAGGAGAGTTTTCCGA,0,371511
acrBp,0.125,7,7,AAAGACGCGCGTTTAGATGA,0,400183
acrBp,0.125,7,7,AAACTTAAGGGTAGTCCACT,0,400055
acrBp,0.125,7,7,AAACGTGAGACATTTTGGGG,0,393421
acrBp,0.125,7,7,AAAAGACTTTTGCGCCGGGG,0,404472
acrBp,0.125,7,7,AAAAGACGAAGACAAACATA,0,393702
acrBp,0.125,7,7,AAAACTATACGCCCTGCCAA,0,383247
acrBp,0.125,7,7,AAAAAGATACGACCGGGGAA,0,378804
acrBp,0.125,7,7,AAAAAGAATACCTTTCAACA,0,359593
acrBp,0.14285714285714285,6,6,TTTTGTGATTGTAAGGTGGA,0,366720
acrBp,0.14285714285714285,6,6,TTTTGCAAGGGCCACTCTTA,0,374302
acrBp,0.14285714285714285,6,6,TTTTCTACGCCAGGCGCTCC,0,365008
acrBp,0.14285714285714285,6,6,TTTTCGTACAATCTGAAGCG,0,404741
acrBp,0.14285714285714285,6,6,TTTTCAGCTCTGTGCGTCAT,0,387364
acrBp,0.14285714285714285,6,6,TTTGTTATCCAAGCTTGTAG,0,355544
acrBp,0.14285714285714285,6,6,TTTGTGCATACTAAGACGCA,0,370904
acrBp,0.14285714285714285,6,6,TTTGTAGAAACAAGTAAACT,0,401932
acrBp,0.14285714285714285,6,6,TTTGGTATTGGTAGCATTTG,0,381185
acrBp,0.14285714285714285,6,6,TTTGGCGCTAATGAGGGGTG,0,401301
acrBp,0.14285714285714285,6,6,TTTGAGACACATCTCTTTCC,0,366240
acrBp,0.14285714285714285,6,6,TTTCTGACTACGCTCACCGA,0,393682
acrBp,0.14285714285714285,6,6,TTTCGTGCCGTTTGTTTGTC,0,390049
acrBp,0.14285714285714285,6,6,TTTCCGTGGAGCCCGGCCCT,0,398082
acrBp,0.14285714285714285,6,6,TTTCCCACAGGGAGTATTCC,0,372690
acrBp,0.14285714285714285,6,6,TTTCAGTTTATGAATGGTTC,0,380427
acrBp,0.14285714285714285,6,6,TTTAAACCTATGGTAACAGC,0,390499
acrBp,0.14285714285714285,6,6,TTGTATCAAGCTTCAGCAAA,0,383587
acrBp,0.14285714285714285,6,6,TTGGTCGCTCGTGGGAGATT,0,372736
acrBp,0.14285714285714285,6,6,TTGGCCATTAATAACAGGTG,0,404878
acrBp,0.14285714285714285,6,6,TTGGCATGTCATTATTCTGA,0,385295
acrBp,0.14285714285714285,6,6,TTGCTTTACCACCTACCCGT,0,384481
acrBp,0.14285714285714285,6,6,TTGCTGGCCACGGTTGTCCG,0,404548
acrBp,0.14285714285714285,6,6,TTGCGCTCTACGCACCCCAA,0,389844
acrBp,0.14285714285714285,6,6,TTGCCGGAACTGAAATGTCA,0,381463
acrBp,0.14285714285714285,6,6,TTGCACTGGACACGTAGTAT,0,374393
acrBp,0.14285714285714285,6,6,TTGAGGAGTCTGGTTAGCTG,0,394353
acrBp,0.14285714285714285,6,6,TTGACGAGACGACTCTATTA,0,364044
acrBp,0.14285714285714285,6,6,TTCTTTTCTTCCGGAGTTAT,0,408368
acrBp,0.14285714285714285,6,6,TTCTTCGGAAGCGAGTGCAC,0,366292
acrBp,0.14285714285714285,6,6,TTCTGTCTATGCAATAAGAA,0,396553
acrBp,0.14285714285714285,6,6,TTCTACGTGTGCGGGCTTTT,0,361142
acrBp,0.14285714285714285,6,6,TTCGCTCATCATCATTGTAA,0,394619
acrBp,0.14285714285714285,6,6,TTCGCGACGGCTCGCTTTCA,0,404501
acrBp,0.14285714285714285,6,6,TTCGACTACTTATCTTCATG,0,393473
acrBp,0.14285714285714285,6,6,TTCGAAGGTTCGTATTGTTC,0,366096
acrBp,0.14285714285714285,6,6,TTCCTTTGATAGCAACAGTA,0,366933
acrBp,0.14285714285714285,6,6,TTCCGCGGGGATGGAGTACC,0,356704
acrBp,0.14285714285714285,6,6,TTCCCTGGTCGGTGTACAAA,0,361698
acrBp,0.14285714285714285,6,6,TTCCCGGTCAGGCGCCGAAG,0,399663
acrBp,0.14285714285714285,6,6,TTCCCGCACTAACTTTTCAC,0,380242
acrBp,0.14285714285714285,6,6,TTCATTTACACTCACGGGCA,0,400017
acrBp,0.14285714285714285,6,6,TTCATCGGTTCCACCTCTCT,0,363062
acrBp,0.14285714285714285,6,6,TTCAGTGTGTACTCCCGGGT,0,377276
acrBp,0.14285714285714285,6,6,TTCAGTATTGCGCTAGAGTG,0,379985
acrBp,0.14285714285714285,6,6,TTCACCCGTGGCAAGCCTTT,0,379717
acrBp,0.14285714285714285,6,6,TTCAATAGTCTTTAGTCTCG,0,378866
acrBp,0.14285714285714285,6,6,TTATGTTAGCGAATGGTATT,0,393793
acrBp,0.14285714285714285,6,6,TTATAGTGACGGTCCCTTTA,0,371196
acrBp,0.14285714285714285,6,6,TTAGGTTGTTAAGAGGCCCA,0,361484
acrBp,0.14285714285714285,6,6,TTAGGTACGTAGCAGAGAGG,0,383532
acrBp,0.14285714285714285,6,6,TTAGCGTGACATTAAAGAAA,0,399627
acrBp,0.14285714285714285,6,6,TTAGCGGAACGCCGGATGAA,0,355439
acrBp,0.14285714285714285,6,6,TTAGATTACTGTGTTCGGTC,0,361213
acrBp,0.14285714285714285,6,6,TTAGAATGAGGTCTCGAACA,0,396336
acrBp,0.14285714285714285,6,6,TTACGGATATTTAGCGCTAC,0,381733
acrBp,0.14285714285714285,6,6,TTACGCTCTATTTCCAGGGA,0,392154
acrBp,0.14285714285714285,6,6,TTACCAGGACAGTGTGGGCA,0,377226
acrBp,0.14285714285714285,6,6,TTAATACGTTACCCGGGAGA,0,367477
acrBp,0.14285714285714285,6,6,TTAACGTATACAGGCACCTT,0,384049
acrBp,0.14285714285714285,6,6,TTAAAAGGGACTTGGTCGGT,0,367916
acrBp,0.14285714285714285,6,6,TGTTGGCCTTGGTTGGCTGT,0,375940
acrBp,0.14285714285714285,6,6,TGTTGAGTGTACGGTCCGCT,0,383357
acrBp,0.14285714285714285,6,6,TGTTATGCGCGATGCACAAG,0,358854
acrBp,0.14285714285714285,6,6,TGTGGGTATGGGTCGCGTCT,0,390085
acrBp,0.14285714285714285,6,6,TGTGGCGGACTAAATGGAGC,0,406256
acrBp,0.14285714285714285,6,6,TGTGCTACGGAGTGACCACG,0,361772
acrBp,0.14285714285714285,6,6,TGTGCAAGGATTGATTACTT,0,391453
acrBp,0.14285714285714285,6,6,TGTCTCGAGCAGAGTCAAGT,0,359248
acrBp,0.14285714285714285,6,6,TGTCGTCACGGTTTGGTTAC,0,362691
acrBp,0.14285714285714285,6,6,TGTCGGGCGTGTGTAGCCCC,0,383531
acrBp,0.14285714285714285,6,6,TGTCCCTAGTAGGTGCTCTT,0,387256
acrBp,0.14285714285714285,6,6,TGTCCAAACTGGTTAGAACC,0,396256
acrBp,0.14285714285714285,6,6,TGTCAAACGAGACGGTAAGC,0,383819
acrBp,0.14285714285714285,6,6,TGTATACTAATGGAAAGCCG,0,371233
acrBp,0.14285714285714285,6,6,TGTACTCAGCATACCTGTGC,0,378526
acrBp,0.14285714285714285,6,6,TGTAAGTACACAGCATTTCC,0,393031
acrBp,0.14285714285714285,6,6,TGTAAGACCTAATTAGGCCG,0,368183
acrBp,0.14285714285714285,6,6,TGTAAACTCTTCGTCAAATA,0,406531
acrBp,0.14285714285714285,6,6,TGGTCAATAACAAGGATTTC,0,364379
acrBp,0.14285714285714285,6,6,TGGTATACAGTGTCTTATTA,0,385363
acrBp,0.14285714285714285,6,6,TGGTACCCCCGCCCGGCTGT,0,376818
acrBp,0.14285714285714285,6,6,TGGGTTTCTATCCGTTGGTG,0,383535
acrBp,0.14285714285714285,6,6,TGGGGGGTATAACCCAACGA,0,403633
acrBp,0.14285714285714285,6,6,TGGGGAAACTCTCCTTGAAA,0,363837
acrBp,0.14285714285714285,6,6,TGGGAGTACTCGGCGCAACA,0,373558
acrBp,0.14285714285714285,6,6,TGGCTTATCGAATGGATGTG,0,401421
acrBp,0.14285714285714285,6,6,TGGCTATTGCTCGAGGGAGG,0,375482
acrBp,0.14285714285714285,6,6,TGGCGTAACGCCAATGATGA,0,362063
acrBp,0.14285714285714285,6,6,TGGCCTGGATATGTCTGAGG,0,400595
acrBp,0.14285714285714285,6,6,TGGCCTCGCACTCTCTGTAA,0,367914
acrBp,0.14285714285714285,6,6,TGGAGGTTTCGAGCTGAAGG,0,406124
acrBp,0.14285714285714285,6,6,TGGAGCTATGTTAATGTTGG,0,381125
acrBp,0.14285714285714285,6,6,TGGACCCGCACATGGTTCAA,0,373782
acrBp,0.14285714285714285,6,6,TGGACACGGTGACTACTCCG,0,370173
acrBp,0.14285714285714285,6,6,TGCTTGTCGAGGTTACAACG,0,359007
acrBp,0.14285714285714285,6,6,TGCTCGTCCGGTTCAATTAA,0,400117
acrBp,0.14285714285714285,6,6,TGCTCACCTGTCGTATGTAT,0,388395
acrBp,0.14285714285714285,6,6,TGCTACGTCGAATACAGCGC,0,381574
acrBp,0.14285714285714285,6,6,TGCGTATGTATTTTCTCGTA,0,406362
acrBp,0.14285714285714285,6,6,TGCGGTTCGCTATTAAACAT,0,390120
acrBp,0.14285714285714285,6,6,TGCGCCCCTACAACTTCGTT,0,389744
acrBp,0.14285714285714285,6,6,TGCGAAGAATTCGGCAGTTC,0,392299
acrBp,0.14285714285714285,6,6,TGCCTGTTTACTCAGGTTAT,0,383838
acrBp,0.14285714285714285,6,6,TGCCGACATAATACTTGTTA,0,374400
acrBp,0.14285714285714285,6,6,TGCATGAGAACTCCAAAGAA,0,391677
acrBp,0.14285714285714285,6,6,TGCAGCTTAGTGATTGCCGA,0,393563
acrBp,0.14285714285714285,6,6,TGATTCGGCTCACGCGGAAT,0,371401
acrBp,0.14285714285714285,6,6,TGATGTAGCTGTGGTCTATT,0,385650
acrBp,0.14285714285714285,6,6,TGAGGCTCAAGGTATGCCCG,0,366761
acrBp,0.14285714285714285,6,6,TGAGCGGCTGCTCACGTGAA,0,387305
acrBp,0.14285714285714285,6,6,TGAGCAGATCTCCTACTGGG,0,377552
acrBp,0.14285714285714285,6,6,TGACTAGGAGTGAAGAGAGG,0,389071
acrBp,0.14285714285714285,6,6,TGACCAGACGAGCAGATCAC,0,375278
acrBp,0.14285714285714285,6,6,TGACACGTGTCAACACTTCA,0,368582
acrBp,0.14285714285714285,6,6,TGAACTAAAGGGTCTACCGG,0,388715
acrBp,0.14285714285714285,6,6,TCTTTTGGAAATGTATTATC,0,393457
acrBp,0.14285714285714285,6,6,TCTTTTACATTGAATTCCGA,0,371484
acrBp,0.14285714285714285,6,6,TCTTTGGGCGGGCACGCACA,0,385369
acrBp,0.14285714285714285,6,6,TCTTTAGCTGTTCACTCACT,0,386038
acrBp,0.14285714285714285,6,6,TCTTGCAGCCAATCCCAGGG,0,389401
acrBp,0.14285714285714285,6,6,TCTTACGGTGGTTTTATAAC,0,384485
acrBp,0.14285714285714285,6,6,TCTGGTTGGGCCAATGTTGA,0,390577
acrBp,0.14285714285714285,6,6,TCTGCTATCGAGAGCGATCG,0,398852
acrBp,0.14285714285714285,6,6,TCTGATTTTGACGGCCAATA,0,377379
acrBp,0.14285714285714285,6,6,TCTGATATTTTTAGTTATTA,0,390938
acrBp,0.14285714285714285,6,6,TCTCTCCCACGTGCGACCTC,0,389264
acrBp,0.14285714285714285,6,6,TCTCATTAACCCGGCATCTT,0,363996
acrBp,0.14285714285714285,6,6,TCTAGCTGCTACTTAAAATT,0,366344
acrBp,0.14285714285714285,6,6,TCTAGAGGTTGCGTGATTGC,0,363780
acrBp,0.14285714285714285,6,6,TCTACTACCTATTACCAAGT,0,362529
acrBp,0.14285714285714285,6,6,TCTAATGAAGAATGGTATAT,0,401270
acrBp,0.14285714285714285,6,6,TCTAAAATCAGCCAAATGCT,0,406730
acrBp,0.14285714285714285,6,6,TCGTTGGTGGACCGCGTATT,0,376834
acrBp,0.14285714285714285,6,6,TCGTTCGGATTCTTTACGAG,0,358509
acrBp,0.14285714285714285,6,6,TCGTCATCGCGGGTTATTAT,0,375099
acrBp,0.14285714285714285,6,6,TCGGGCCGGCCCAGGTTCGA,0,403917
acrBp,0.14285714285714285,6,6,TCGGGACCCTTCATCATGCC,0,401796
acrBp,0.14285714285714285,6,6,TCGGAAGGTCAACAGGATCC,0,388584
acrBp,0.14285714285714285,6,6,TCGGAAAGGCCACGGTGTTT,0,402933
acrBp,0.14285714285714285,6,6,TCGGAAAGCCCCACCTGCAG,0,387879
acrBp,0.14285714285714285,6,6,TCGCTCGGCCTAGCTACCGA,0,384637
acrBp,0.14285714285714285,6,6,TCGCGTCCTGGTGTCAGAGA,0,401428
acrBp,0.14285714285714285,6,6,TCGCCGGAACTCTCCAAAGA,0,379468
acrBp,0.14285714285714285,6,6,TCGCCCTCGTTGGGTAGCCT,0,389077
acrBp,0.14285714285714285,6,6,TCGCAGGATAGCGACGAATG,0,376970
acrBp,0.14285714285714285,6,6,TCGATCCTATTCTCAATCGT,0,406292
acrBp,0.14285714285714285,6,6,TCGAGTGGTAAGGCTCGGGA,0,388320
acrBp,0.14285714285714285,6,6,TCGAGGGTCTACTTAGATAT,0,357646
acrBp,0.14285714285714285,6,6,TCGACGTTTACACCGGTTTG,0,394820
acrBp,0.14285714285714285,6,6,TCGACACTTAAATAGGCGGA,0,391608
acrBp,0.14285714285714285,6,6,TCGAAACTTATATGTCCGAA,0,374550
acrBp,0.14285714285714285,6,6,TCCTGTTGTCAAGTAGGGTC,0,406784
acrBp,0.14285714285714285,6,6,TCCTGGAATGTCCGGTCGCC,0,393720
acrBp,0.14285714285714285,6,6,TCCTAGATCAGTCGCTATGG,0,396383
acrBp,0.14285714285714285,6,6,TCCGGGGTTTCTAGAGATGC,0,372157
acrBp,0.14285714285714285,6,6,TCCGGCGTGAAGTGCGTTGG,0,363646
acrBp,0.14285714285714285,6,6,TCCGCGCGATTGAGGTAGTT,0,408045
acrBp,0.14285714285714285,6,6,TCCGAGAACTCTTGTAGAGG,0,408001
acrBp,0.14285714285714285,6,6,TCCCTTACTTCCAGCGTGCT,0,358380
acrBp,0.14285714285714285,6,6,TCCCTAATCTGCGAACGATA,0,407620
acrBp,0.14285714285714285,6,6,TCCCGCTCCTGATTCAGTCT,0,391754
acrBp,0.14285714285714285,6,6,TCCCAGGTGTTTTCTCCATA,0,360969
acrBp,0.14285714285714285,6,6,TCCATCCTGAGCCAATCAGG,0,390888
acrBp,0.14285714285714285,6,6,TCCATCATCACATAGAGGGT,0,369625
acrBp,0.14285714285714285,6,6,TCCAGTTCGTGAGAGATAAT,0,399823
acrBp,0.14285714285714285,6,6,TCCACTCAAGCGGTCGTCGC,0,376092
acrBp,0.14285714285714285,6,6,TCCACGGCCGCTTCCCAGGC,0,395390
acrBp,0.14285714285714285,6,6,TCATTCTGTATTAGCGGGCA,0,385940
acrBp,0.14285714285714285,6,6,TCATGTGCATATCGTTGACG,0,402032
acrBp,0.14285714285714285,6,6,TCATGCTTAATGTTATGGTC,0,386609
acrBp,0.14285714285714285,6,6,TCATGACAAGGAGGTGGGCT,0,384277
acrBp,0.14285714285714285,6,6,TCATCCCAGAGGGCTGTCTC,0,372497
acrBp,0.14285714285714285,6,6,TCATACCTCAATACCTTCCT,0,390318
acrBp,0.14285714285714285,6,6,TCATAAAGCACCTAGCCAGT,0,407378
acrBp,0.14285714285714285,6,6,TCAGTTTCCGCTGGGGAGTG,0,387313
acrBp,0.14285714285714285,6,6,TCAGGCGATGGAATTCGTTT,0,402941
acrBp,0.14285714285714285,6,6,TCAGAGTAGTTACAATGCTC,0,388608
acrBp,0.14285714285714285,6,6,TCAGAGCTGGCGTTAGGGTT,0,376353
acrBp,0.14285714285714285,6,6,TCACATGTGTCTTGGTATCC,0,368367
acrBp,0.14285714285714285,6,6,TCAATAGCGCTAATGTTGTT,0,369482
acrBp,0.14285714285714285,6,6,TCAAGTGTTATACGCCCCTC,0,372889
acrBp,0.14285714285714285,6,6,TCAAGAAAGTGGGTGTCCTT,0,366869
acrBp,0.14285714285714285,6,6,TCAACCCTGATCTCTCGGTG,0,396804
acrBp,0.14285714285714285,6,6,TCAACAATAAGCAATCCTCT,0,378730
acrBp,0.14285714285714285,6,6,TATTTGAGGCTATTTGCAGT,0,376169
acrBp,0.14285714285714285,6,6,TATTGGTTTACAGCTTACTA,0,379055
acrBp,0.14285714285714285,6,6,TATTGGATCGAGCGTTTGTA,0,374940
acrBp,0.14285714285714285,6,6,TATTCGTCGAGTAAGTGAAG,0,381568
acrBp,0.14285714285714285,6,6,TATTATTCCAACTAGGACAA,0,405000
acrBp,0.14285714285714285,6,6,TATAGATCCGAGAGTCCATA,0,389878
acrBp,0.14285714285714285,6,6,TATACGCCTTAATTCAGTGA,0,396388
acrBp,0.14285714285714285,6,6,TATAAATGAATGATAAAATC,0,370640
acrBp,0.14285714285714285,6,6,TAGGGACGGGGGTAGGTCAA,0,361819
acrBp,0.14285714285714285,6,6,TAGGGAAAAGCGTCCAAGTA,0,395148
acrBp,0.14285714285714285,6,6,TAGGCTGGAGCCAGGTCAGC,0,372215
acrBp,0.14285714285714285,6,6,TAGGCGTATGAAAGCCATGG,0,380864
acrBp,0.14285714285714285,6,6,TAGGAAGACTAACTGAAAAT,0,390098
acrBp,0.14285714285714285,6,6,TAGCGCTTTTTAAGCGGGTT,0,384866
acrBp,0.14285714285714285,6,6,TAGCATGATCCACTTTTACA,0,376855
acrBp,0.14285714285714285,6,6,TAGAGCGCCAGTTGTAATAA,0,359223
acrBp,0.14285714285714285,6,6,TAGAGATGCGGACGACGGTG,0,403443
acrBp,0.14285714285714285,6,6,TAGACACGCTTTTTTTTCCT,0,359890
acrBp,0.14285714285714285,6,6,TACTGGGACCTCTGAGGGAG,0,367741
acrBp,0.14285714285714285,6,6,TACTGCGCGCTTTCAATGAT,0,402342
acrBp,0.14285714285714285,6,6,TACTGCGAGCCAGATACAGT,0,355103
acrBp,0.14285714285714285,6,6,TACGACTATGCTACTTCGGA,0,403900
acrBp,0.14285714285714285,6,6,TACCGTCACCATCGTTGTAA,0,356231
acrBp,0.14285714285714285,6,6,TACCGCAATAATTTGTAGTC,0,389250
acrBp,0.14285714285714285,6,6,TACCCTAGAATGACATGCGA,0,403870
acrBp,0.14285714285714285,6,6,TACCCGTGTATATGTACAAA,0,386681
acrBp,0.14285714285714285,6,6,TACCAGTGGGTTCCTGTTTT,0,368041
acrBp,0.14285714285714285,6,6,TACCAGCGACACTGGGTTCA,0,356507
acrBp,0.14285714285714285,6,6,TACATGATTGTGATTAGAGG,0,389833
acrBp,0.14285714285714285,6,6,TACATATGTCTCTTGAGCTT,0,359853
acrBp,0.14285714285714285,6,6,TACAGTGAGTGACGTCGCGT,0,370019
acrBp,0.14285714285714285,6,6,TACAATTTGAGCTTTCGCAG,0,404526
acrBp,0.14285714285714285,6,6,TACAAACGTATGCTAAGCAT,0,387781
acrBp,0.14285714285714285,6,6,TAATTTTCGCCGTTCTAATA,0,359925
acrBp,0.14285714285714285,6,6,TAATTAGGGTGCCATTCCCA,0,405983
acrBp,0.14285714285714285,6,6,TAATGCGGCATTCTAATCGG,0,369341
acrBp,0.14285714285714285,6,6,TAATCGTATGGTTGGGCGGA,0,392967
acrBp,0.14285714285714285,6,6,TAAGATGGTTCCATGTTTAT,0,374429
acrBp,0.14285714285714285,6,6,TAAATACTGCCATGTCGCTG,0,360022
acrBp,0.14285714285714285,6,6,TAAAGGTCACTCTTAACTGA,0,390726
acrBp,0.14285714285714285,6,6,TAAAGAAAACTCCTCGACGT,0,394855
acrBp,0.14285714285714285,6,6,TAAACCCTCTGATGATATAT,0,405773
acrBp,0.14285714285714285,6,6,TAAACCCGGCGCGACGGCCT,0,398975
acrBp,0.14285714285714285,6,6,GTTTTAACCTAGGTCTTCTA,0,394757
acrBp,0.14285714285714285,6,6,GTTGTCCAAACAGAGGCCGA,0,379474
acrBp,0.14285714285714285,6,6,GTTGGAACTGCGGAAATATA,0,390651
acrBp,0.14285714285714285,6,6,GTTGATTATACATTGTTATT,0,366598
acrBp,0.14285714285714285,6,6,GTTGACATCATAATCACTTT,0,358409
acrBp,0.14285714285714285,6,6,GTTCGGGGGGTGATCCTGAT,0,397769
acrBp,0.14285714285714285,6,6,GTTCGGAATAAGTAAAGGAC,0,355561
acrBp,0.14285714285714285,6,6,GTTCCACCAAGGCGTCATAT,0,365605
acrBp,0.14285714285714285,6,6,GTTCAACCTTTTTCGCGACA,0,407782
acrBp,0.14285714285714285,6,6,GTTATGGCTGAGTCCTGTAC,0,408183
acrBp,0.14285714285714285,6,6,GTGTGTATGTTGACACAAAC,0,381845
acrBp,0.14285714285714285,6,6,GTGTAGAAGGCGTTTGGAAG,0,376927
acrBp,0.14285714285714285,6,6,GTGCTTGGAACCGAAGGCTA,0,403279
acrBp,0.14285714285714285,6,6,GTGCATTCTACCGTTAAGGA,0,392526
acrBp,0.14285714285714285,6,6,GTGCAGCGACTTTAGAGCAT,0,397308
acrBp,0.14285714285714285,6,6,GTGCACGGCCATATTGGTCT,0,377105
acrBp,0.14285714285714285,6,6,GTGCACAGGACGACTTGTCA,0,395747
acrBp,0.14285714285714285,6,6,GTGATTGAGGCGATAGCCGG,0,365562
acrBp,0.14285714285714285,6,6,GTGATCGGTATCGGCACGAT,0,387401
acrBp,0.14285714285714285,6,6,GTGAGCTGCCCGATCCCTTG,0,401606
acrBp,0.14285714285714285,6,6,GTGACACTGGCAAGCCATTT,0,369254
acrBp,0.14285714285714285,6,6,GTGACACAAGCGTCTGAGCA,0,375410
acrBp,0.14285714285714285,6,6,GTGAACTAAGGCAAACATCC,0,362930
acrBp,0.14285714285714285,6,6,GTCTTCTTAGCACGTATCGT,0,369536
acrBp,0.14285714285714285,6,6,GTCTTCGGGACTTGGCGTTG,0,379431
acrBp,0.14285714285714285,6,6,GTCTGGTCCATATGATCCTC,0,360329
acrBp,0.14285714285714285,6,6,GTCTGGAGGCCGGTGCTGCA,0,395983
acrBp,0.14285714285714285,6,6,GTCTCCGGCAACATGCACTT,0,391001
acrBp,0.14285714285714285,6,6,GTCTCCCGCTTTTCGGGACT,0,364232
acrBp,0.14285714285714285,6,6,GTCTAGGAACCTGGTCCTAG,0,364842
acrBp,0.14285714285714285,6,6,GTCTAGAGCGTCGCGTTGCA,0,393124
acrBp,0.14285714285714285,6,6,GTCTAATCGAGCCACTGCCA,0,387356
acrBp,0.14285714285714285,6,6,GTCGTATTTGAATCAGAACC,0,364319
acrBp,0.14285714285714285,6,6,GTCGTACCGTACACCACGTC,0,370963
acrBp,0.14285714285714285,6,6,GTCGCGTCCGGTACACTGTG,0,365084
acrBp,0.14285714285714285,6,6,GTCGAAAATAAGTAGGTAAT,0,408013
acrBp,0.14285714285714285,6,6,GTCCGGTTGAAGATGTGAGG,0,356332
acrBp,0.14285714285714285,6,6,GTCCGGGTATGCACGAAAGG,0,369181
acrBp,0.14285714285714285,6,6,GTCCGCCGGTGTATTTAGCA,0,367951
acrBp,0.14285714285714285,6,6,GTCCAACGTCCCTTTCGGGG,0,400189
acrBp,0.14285714285714285,6,6,GTCATCCGCTACCCACGTGG,0,406141
acrBp,0.14285714285714285,6,6,GTCATATGCGTACGTTGTTT,0,362704
acrBp,0.14285714285714285,6,6,GTCAGTGAATCAGGGGAATT,0,396197
acrBp,0.14285714285714285,6,6,GTCAGAAAAACGAATCCTTC,0,364165
acrBp,0.14285714285714285,6,6,GTCACCTTCAGCGTGGCCAC,0,406445
acrBp,0.14285714285714285,6,6,GTCAACGACATAAGACGTCT,0,379704
acrBp,0.14285714285714285,6,6,GTATTATAATCACTCGCGCA,0,373846
acrBp,0.14285714285714285,6,6,GTATGGCCTTCTTAGGCCTT,0,357669
acrBp,0.14285714285714285,6,6,GTATCATGTTTGAACAAAAA,0,383645
acrBp,0.14285714285714285,6,6,GTATCATAGTCCGGGACAAT,0,402363
acrBp,0.14285714285714285,6,6,GTATCATACAACAAACGAGC,0,387038
acrBp,0.14285714285714285,6,6,GTATAGGAAGCAGGCACGTC,0,368968
acrBp,0.14285714285714285,6,6,GTATAACGATGATAGATCGC,0,367405
acrBp,0.14285714285714285,6,6,GTAGTACTGAGTAGGTCTAT,0,401320
acrBp,0.14285714285714285,6,6,GTAGGCCCCTCTATGTAGGA,0,382047
acrBp,0.14285714285714285,6,6,GTAGGAGAAGTGATGGTGGG,0,361662
acrBp,0.14285714285714285,6,6,GTACTGCCGAGATCCGTCAT,0,355759
acrBp,0.14285714285714285,6,6,GTACTACGAGCAACGGAAGT,0,407977
acrBp,0.14285714285714285,6,6,GTACGAGGCTCGCAAATAAC,0,368796
acrBp,0.14285714285714285,6,6,GTACCGTGATAACCTGCAGA,0,381503
acrBp,0.14285714285714285,6,6,GTACCAGCTGACGGGGTCTC,0,356380
acrBp,0.14285714285714285,6,6,GTACAGCTGACATTTATCTT,0,368496
acrBp,0.14285714285714285,6,6,GTACAGCTCTGGAGTTTAAT,0,373842
acrBp,0.14285714285714285,6,6,GTAAGCATCATCATATATAT,0,361584
acrBp,0.14285714285714285,6,6,GTAACGGTGTCTGAGCTCGG,0,366264
acrBp,0.14285714285714285,6,6,GTAAATGCATTTGCTTACAT,0,359993
acrBp,0.14285714285714285,6,6,GGTTCGGTGCAGACAACAAT,0,399160
acrBp,0.14285714285714285,6,6,GGTTCCGGTGTTCACTGGCT,0,387208
acrBp,0.14285714285714285,6,6,GGTTCACCTCAGTGCGGGAA,0,355902
acrBp,0.14285714285714285,6,6,GGTTACGGTATGAAAGTCCG,0,392062
acrBp,0.14285714285714285,6,6,GGTTAAACGTGATTTTATTA,0,365715
acrBp,0.14285714285714285,6,6,GGTGACGTGAGGTTCTCGAA,0,386550
acrBp,0.14285714285714285,6,6,GGTCGGACTTAGAATCATCC,0,379524
acrBp,0.14285714285714285,6,6,GGTCGAGCGTGGCTCGCTCA,0,362985
acrBp,0.14285714285714285,6,6,GGTATTGTAACAAGCCCGCA,0,404081
acrBp,0.14285714285714285,6,6,GGTACTGGTCAGCTTCACAA,0,406097
acrBp,0.14285714285714285,6,6,GGTAACTCCGAGCATGGACT,0,401689
acrBp,0.14285714285714285,6,6,GGGTTTAGACTCAGGACAGG,0,404466
acrBp,0.14285714285714285,6,6,GGGTTAATCAGAAACCGGAC,0,371160
acrBp,0.14285714285714285,6,6,GGGTGACACGGCGTGAATGG,0,401146
acrBp,0.14285714285714285,6,6,GGGTAGCTATGCCGCTGAGT,0,361393
acrBp,0.14285714285714285,6,6,GGGTAGCACCCCTTTTAAAC,0,386778
acrBp,0.14285714285714285,6,6,GGGGTCCTGCAACGATAGTG,0,403839
acrBp,0.14285714285714285,6,6,GGGGTCCGTGGATATCGGCC,0,379935
acrBp,0.14285714285714285,6,6,GGGGGTTATGACTTTACCAG,0,397881
acrBp,0.14285714285714285,6,6,GGGGCGTTGGCTGGAATTGT,0,384881
acrBp,0.14285714285714285,6,6,GGGGCCTTCGTAACACTATT,0,373665
acrBp,0.14285714285714285,6,6,GGGGATCTGTGAATGTCTCG,0,386415
acrBp,0.14285714285714285,6,6,GGGCTACGCGAAAAAATAAT,0,391441
acrBp,0.14285714285714285,6,6,GGGCCGGTGGGGGTTGCGAC,0,367711
acrBp,0.14285714285714285,6,6,GGGCCCCAACGTCTGGTTAA,0,386692
acrBp,0.14285714285714285,6,6,GGGATTGCTCAACGTTTTCC,0,366196
acrBp,0.14285714285714285,6,6,GGGATTCGCGGGGTGCTGCT,0,374649
acrBp,0.14285714285714285,6,6,GGGACCTTTCATCTCCAATC,0,358436
acrBp,0.14285714285714285,6,6,GGGACCCGTCCTGGGGGGAA,0,373504
acrBp,0.14285714285714285,6,6,GGGAAGTCCCTAGGCCCCAG,0,378391
acrBp,0.14285714285714285,6,6,GGCTTAATAACTAAACTCAG,0,357566
acrBp,0.14285714285714285,6,6,GGCTGGTGTAGCAGATTTCA,0,392640
acrBp,0.14285714285714285,6,6,GGCTGCGCGGTAGATGGACC,0,395514
acrBp,0.14285714285714285,6,6,GGCTCGACTGTTATAACAAG,0,373797
acrBp,0.14285714285714285,6,6,GGCTCCTGAAGAAGGAGGGG,0,382646
acrBp,0.14285714285714285,6,6,GGCGTGACCTCGTGTCTGAT,0,406525
acrBp,0.14285714285714285,6,6,GGCGTAAACGATGGGTCCCA,0,368407
acrBp,0.14285714285714285,6,6,GGCGGCTGACGCTTAACGTA,0,361763
acrBp,0.14285714285714285,6,6,GGCGGAATCACAGTTTTCAG,0,368614
acrBp,0.14285714285714285,6,6,GGCGCCCAGTGAAACATCAC,0,358393
acrBp,0.14285714285714285,6,6,GGCGCAGCGCTATCTCCGCA,0,359023
acrBp,0.14285714285714285,6,6,GGCGAGGTCGGATAAAGAGA,0,379045
acrBp,0.14285714285714285,6,6,GGCCTTCATGCTATTGAACG,0,403110
acrBp,0.14285714285714285,6,6,GGCCTGCCGCCGTGCCGCGG,0,380320
acrBp,0.14285714285714285,6,6,GGCCCTTCGGTCAGATTCCC,0,366291
acrBp,0.14285714285714285,6,6,GGCCCGGTGCACGATGTACT,0,388107
acrBp,0.14285714285714285,6,6,GGCCAAGGCCACTCAACTTA,0,400300
acrBp,0.14285714285714285,6,6,GGCATACCAGGTTCGGCCGC,0,396995
acrBp,0.14285714285714285,6,6,GGCAGTTGGAGAAAGCTAGG,0,358319
acrBp,0.14285714285714285,6,6,GGCACTCTTAGCTCTTGAGA,0,389824
acrBp,0.14285714285714285,6,6,GGCAAACCACACGGCGGGTA,0,367615
acrBp,0.14285714285714285,6,6,GGCAAACAATGGCCTCAGTA,0,373749
acrBp,0.14285714285714285,6,6,GGATCCGGCGAATGGGATAT,0,393676
acrBp,0.14285714285714285,6,6,GGATAGACCAAAGGTCCGGG,0,380319
acrBp,0.14285714285714285,6,6,GGAGGTAGGGTCATAGTCCA,0,359309
acrBp,0.14285714285714285,6,6,GGAGAACCTGAATGCGATGC,0,380587
acrBp,0.14285714285714285,6,6,GGACCGGGGATGGCGTTAGC,0,389905
acrBp,0.14285714285714285,6,6,GGACCCGCATGGGTGTTCCT,0,374735
acrBp,0.14285714285714285,6,6,GGAATTGCCCCGCTGCATGG,0,362520
acrBp,0.14285714285714285,6,6,GGAAATAGAGCTGTTCCATA,0,385810
acrBp,0.14285714285714285,6,6,GCTTTGATGCAACATGGCTA,0,405227
acrBp,0.14285714285714285,6,6,GCTTTATCCTCTCACGTTGC,0,363451
acrBp,0.14285714285714285,6,6,GCTTGGTGAAATCCCTTGCT,0,379012
acrBp,0.14285714285714285,6,6,GCTTCAGGCATTTTTGGATC,0,378226
acrBp,0.14285714285714285,6,6,GCTGTTACCGTCCGCCCTTG,0,377329
acrBp,0.14285714285714285,6,6,GCTGGAGTCGCGCTAGCCTA,0,385982
acrBp,0.14285714285714285,6,6,GCTCGGAAGGGCTTCTTGAG,0,405716
acrBp,0.14285714285714285,6,6,GCTAGGTGAGCGAACCGCAA,0,361937
acrBp,0.14285714285714285,6,6,GCTAGGAAATGAAATAAAAG,0,407072
acrBp,0.14285714285714285,6,6,GCTAGCTCAAGGGGGATATC,0,391159
acrBp,0.14285714285714285,6,6,GCTACCGCGCACTGCTTTGC,0,388828
acrBp,0.14285714285714285,6,6,GCGTGGCTTTGTGTAGCGTT,0,401860
acrBp,0.14285714285714285,6,6,GCGTGCTTTTACGGGTTGTA,0,394842
acrBp,0.14285714285714285,6,6,GCGTCCCCGCCCCGATGCAA,0,371725
acrBp,0.14285714285714285,6,6,GCGGTGTCCTAAGTGTTGCG,0,356894
acrBp,0.14285714285714285,6,6,GCGGTGGGAGCTCCCGTCAC,0,391349
acrBp,0.14285714285714285,6,6,GCGGCCTTGTAGTAACAACA,0,363299
acrBp,0.14285714285714285,6,6,GCGCGGACAGCACTTGCCAG,0,408150
acrBp,0.14285714285714285,6,6,GCGCAGGGACTACTGAATAT,0,395234
acrBp,0.14285714285714285,6,6,GCGAGATTTTGAGATCAATT,0,379631
acrBp,0.14285714285714285,6,6,GCGAATCCAGGGATGCGACA,0,394997
acrBp,0.14285714285714285,6,6,GCGAAAGGGAATCGGCAGTG,0,387132
acrBp,0.14285714285714285,6,6,GCCTGACCCGATCATTTCGA,0,377964
acrBp,0.14285714285714285,6,6,GCCTATCCGCCTTTTGATGT,0,407302
acrBp,0.14285714285714285,6,6,GCCGTCAAGGTACGTCGAAA,0,367609
acrBp,0.14285714285714285,6,6,GCCGCCTCATAAGATCTGAT,0,397215
acrBp,0.14285714285714285,6,6,GCCGACACGAACATTACTGT,0,384445
acrBp,0.14285714285714285,6,6,GCCCTTCCTTGTCTTGTCTT,0,369678
acrBp,0.14285714285714285,6,6,GCCATAACGTCAACAACTGC,0,395577
acrBp,0.14285714285714285,6,6,GCCACACGTAGGTAGGCGGT,0,396115
acrBp,0.14285714285714285,6,6,GCATTAGGCGGAGCCAACGG,0,396828
acrBp,0.14285714285714285,6,6,GCATCTTGTGTAAGAGAGTT,0,402579
acrBp,0.14285714285714285,6,6,GCATCAAGCCTCTCAGAAAT,0,388151
acrBp,0.14285714285714285,6,6,GCATACGCTTATTTATGGCG,0,361498
acrBp,0.14285714285714285,6,6,GCAGTTTGTACATATGGTCT,0,384342
acrBp,0.14285714285714285,6,6,GCAGTGACTCTGCATTACTC,0,381296
acrBp,0.14285714285714285,6,6,GCAGTCGGCTACGCGACGCT,0,405989
acrBp,0.14285714285714285,6,6,GCAGATTATCAAAGGGCCGG,0,389651
acrBp,0.14285714285714285,6,6,GCAGATTAAGCACGGGGTTG,0,378125
acrBp,0.14285714285714285,6,6,GCAGAAATCTTATGCTAGTT,0,396938
acrBp,0.14285714285714285,6,6,GCACTTCGTTAAGAATGCAT,0,406040
acrBp,0.14285714285714285,6,6,GCACTAGCCCTGTGTTATGG,0,400177
acrBp,0.14285714285714285,6,6,GCACGGACGCAACAGCCTAG,0,370465
acrBp,0.14285714285714285,6,6,GCACGAAGCGGCGGGGAGGG,0,358410
acrBp,0.14285714285714285,6,6,GCACAGGTTGTGAACTATGT,0,382247
acrBp,0.14285714285714285,6,6,GCAATGCCAGGACTTGGTTG,0,378067
acrBp,0.14285714285714285,6,6,GCAAGGTTATTATAGGGCCG,0,378210
acrBp,0.14285714285714285,6,6,GCAACTGTCCCCGGCCGACG,0,358142
acrBp,0.14285714285714285,6,6,GATTTCGTCCCTTCGTGCTT,0,391383
acrBp,0.14285714285714285,6,6,GATTGGATATGGTATGGGTT,0,363732
acrBp,0.14285714285714285,6,6,GATTCCATGAGGGCTCGTAC,0,395605
acrBp,0.14285714285714285,6,6,GATTACGTGCAATATGGCGC,0,375009
acrBp,0.14285714285714285,6,6,GATGTGAAAGCTTTGGTCTG,0,394935
acrBp,0.14285714285714285,6,6,GATGACCTTTCGTGAAATTC,0,367292
acrBp,0.14285714285714285,6,6,GATCATCCGGCTTCTTTTAT,0,375060
acrBp,0.14285714285714285,6,6,GATCAGTGAAGATCGATGCT,0,380347
acrBp,0.14285714285714285,6,6,GATAGGGATATAGTGGGTTC,0,367061
acrBp,0.14285714285714285,6,6,GAGTTCGTGCAGACGGGGGG,0,363878
acrBp,0.14285714285714285,6,6,GAGTAATGATCGGGGAGAGG,0,373887
acrBp,0.14285714285714285,6,6,GAGGGACCAGCCACCACAAT,0,396141
acrBp,0.14285714285714285,6,6,GAGCTGTGGGGGAGGCTCGG,0,367866
acrBp,0.14285714285714285,6,6,GAGCTAGCCAACCAGCGCAG,0,408011
acrBp,0.14285714285714285,6,6,GAGCCGGCAAAGGTTCAACG,0,373161
acrBp,0.14285714285714285,6,6,GAGATACTCGTGTATTCTAG,0,389442
acrBp,0.14285714285714285,6,6,GAGAGAGCTTGTATTTTTTG,0,390489
acrBp,0.14285714285714285,6,6,GACTTGGTGGTCCCGTGACT,0,406979
acrBp,0.14285714285714285,6,6,GACTTAAATACACCGTTGAC,0,407757
acrBp,0.14285714285714285,6,6,GACTGTAGGGAAAACGCCTG,0,370697
acrBp,0.14285714285714285,6,6,GACTCCGAGAAGCTACTTGG,0,401890
acrBp,0.14285714285714285,6,6,GACTATGACATAGTTTTCTA,0,401941
acrBp,0.14285714285714285,6,6,GACTACGGCCTATTGAGAAT,0,399214
acrBp,0.14285714285714285,6,6,GACGGTATGCGATGGTCATC,0,393012
acrBp,0.14285714285714285,6,6,GACGGGGTGCTCACAAAGGG,0,381691
acrBp,0.14285714285714285,6,6,GACGGATAGGATTGCAGTAA,0,384334
acrBp,0.14285714285714285,6,6,GACGCAGATTACGTATACGT,0,389980
acrBp,0.14285714285714285,6,6,GACGAGGGTAGGCGTTTTCA,0,383611
acrBp,0.14285714285714285,6,6,GACCACGGATATCGCCCACA,0,378122
acrBp,0.14285714285714285,6,6,GACAGGCGGCTATCGTTAGT,0,363812
acrBp,0.14285714285714285,6,6,GACACAATACGAATGGGGAT,0,355419
acrBp,0.14285714285714285,6,6,GACAATTTGAGTGTGTCCTC,0,364412
acrBp,0.14285714285714285,6,6,GAATGTAGAAGTGGAAACAC,0,381213
acrBp,0.14285714285714285,6,6,GAATCTGCTGCTCTAGTGCG,0,382916
acrBp,0.14285714285714285,6,6,GAATAAGCTTGTGCCAATTC,0,398922
acrBp,0.14285714285714285,6,6,GAAGCGGATACGCTCCTATT,0,401194
acrBp,0.14285714285714285,6,6,GAACGGTGACTGCGCAAAAT,0,364850
acrBp,0.14285714285714285,6,6,GAACCAAAATAGCGAGAATC,0,394688
acrBp,0.14285714285714285,6,6,GAACATCGGGTACGCGACAT,0,356053
acrBp,0.14285714285714285,6,6,GAACACAGTGCCGGGCCGCC,0,380940
acrBp,0.14285714285714285,6,6,GAACAAGTTAGCCCTATGTA,0,378075
acrBp,0.14285714285714285,6,6,GAACAACATGGTGATCTGTT,0,408417
acrBp,0.14285714285714285,6,6,GAAATTCGGTGTCGCGGCTT,0,390563
acrBp,0.14285714285714285,6,6,GAAACGAGATCCGAATTGTG,0,400794
acrBp,0.14285714285714285,6,6,GAAAACATAGTTACGCCTTG,0,379831
acrBp,0.14285714285714285,6,6,CTTTGGCTGCCCCTCCCAAG,0,371485
acrBp,0.14285714285714285,6,6,CTTTCTCGGATCACTGAGTC,0,371048
acrBp,0.14285714285714285,6,6,CTTTCCGATCTGTTCCAGTG,0,371020
acrBp,0.14285714285714285,6,6,CTTGTCATTCGACATCAGAT,0,384497
acrBp,0.14285714285714285,6,6,CTTGCTGGCAGCAGCCGCAA,0,358102
acrBp,0.14285714285714285,6,6,CTTGCAAGCCCTGCTGGGTC,0,375136
acrBp,0.14285714285714285,6,6,CTTGCAAAATGAGTGTTGAC,0,372817
acrBp,0.14285714285714285,6,6,CTTGATAACCAGTAATGAGC,0,368934
acrBp,0.14285714285714285,6,6,CTTGAGTTACACATTGCTCC,0,402119
acrBp,0.14285714285714285,6,6,CTTCTAGTAACTGGGCGTCA,0,372454
acrBp,0.14285714285714285,6,6,CTTCGGAAAGTAGCGATAAA,0,362103
acrBp,0.14285714285714285,6,6,CTTCCACAATGGACGATATC,0,401825
acrBp,0.14285714285714285,6,6,CTTCACAAGGGTGATTATGA,0,403062
acrBp,0.14285714285714285,6,6,CTTATATTTAAGTTCTCAGA,0,408071
acrBp,0.14285714285714285,6,6,CTTACCCTATGCTCGTTTTT,0,402229
acrBp,0.14285714285714285,6,6,CTTAATTAAATACGAACGGG,0,407639
acrBp,0.14285714285714285,6,6,CTTAAGAGGGTGCTGGACGG,0,379813
acrBp,0.14285714285714285,6,6,CTGTGTCTTAGCTAAAAAAA,0,402283
acrBp,0.14285714285714285,6,6,CTGTGGTGCTAGCCCCTCGC,0,379677
acrBp,0.14285714285714285,6,6,CTGTCTTTGAAGCGTATAAA,0,378600
acrBp,0.14285714285714285,6,6,CTGGTTGAAATATTCGGCTT,0,391153
acrBp,0.14285714285714285,6,6,CTGGGTAACAGGGTGCTGCA,0,402596
acrBp,0.14285714285714285,6,6,CTGGGGAAATTCATCGCGAA,0,399805
acrBp,0.14285714285714285,6,6,CTGGGAGAGTGCAGGACATG,0,374435
acrBp,0.14285714285714285,6,6,CTGGCGCTGGGAAGCAGTGT,0,371720
acrBp,0.14285714285714285,6,6,CTGGCCTGTGTGGGTAGTGA,0,358257
acrBp,0.14285714285714285,6,6,CTGCTGGACCATAGGGCCAA,0,390747
acrBp,0.14285714285714285,6,6,CTGCTGAGGATGTTGCCGAG,0,381781
acrBp,0.14285714285714285,6,6,CTGCGTGCTGGATGTGCATT,0,394091
acrBp,0.14285714285714285,6,6,CTGCGAGGGTACGCCCTCCT,0,380032
acrBp,0.14285714285714285,6,6,CTGCCAAGCAGATAAGACGC,0,390073
acrBp,0.14285714285714285,6,6,CTGCATGCGGCGGATACACT,0,395557
acrBp,0.14285714285714285,6,6,CTGCAAACCAACACCGGTTA,0,405268
acrBp,0.14285714285714285,6,6,CTGATGACGCAAGCTGGTCT,0,366270
acrBp,0.14285714285714285,6,6,CTGAGTGACCATTATGTAAA,0,370328
acrBp,0.14285714285714285,6,6,CTGAGGGGTTGCTGCACACA,0,407724
acrBp,0.14285714285714285,6,6,CTGAGCGGCAGGGCAGACCT,0,356560
acrBp,0.14285714285714285,6,6,CTGACATTCTTAATGTTTCT,0,387316
acrBp,0.14285714285714285,6,6,CTGACATGCGCTATTCGTTA,0,356219
acrBp,0.14285714285714285,6,6,CTGAAAAAGCTGTCTTGGTT,0,356489
acrBp,0.14285714285714285,6,6,CTCTATCGACAGTGATCTAT,0,383350
acrBp,0.14285714285714285,6,6,CTCGTTAGGGTATCACCACA,0,406310
acrBp,0.14285714285714285,6,6,CTCGGCCCCAACGGTCCCTT,0,362471
acrBp,0.14285714285714285,6,6,CTCGCGCAGATACCGGAGAA,0,365241
acrBp,0.14285714285714285,6,6,CTCCGGACGTATCACGCGAG,0,390727
acrBp,0.14285714285714285,6,6,CTCCATAACCGTATCGAATA,0,407520
acrBp,0.14285714285714285,6,6,CTCCAGATTATCCGTGTGCA,0,371548
acrBp,0.14285714285714285,6,6,CTCCACGAATCGCCCCAGGA,0,403433
acrBp,0.14285714285714285,6,6,CTCATGACTCTTTAACTTAT,0,359564
acrBp,0.14285714285714285,6,6,CTCATAGCGGAAAACAACAG,0,398882
acrBp,0.14285714285714285,6,6,CTCATACCCGCCCTGAGATT,0,356111
acrBp,0.14285714285714285,6,6,CTATTTTGGCCAAGGGCAAT,0,400147
acrBp,0.14285714285714285,6,6,CTATTTTATAAACTTCGATC,0,380836
acrBp,0.14285714285714285,6,6,CTATATGCTCGGACTCAAAA,0,359629
acrBp,0.14285714285714285,6,6,CTATAATCCACCCGGTGAAA,0,360778
acrBp,0.14285714285714285,6,6,CTAGGGCTGCATATTTGGGG,0,362489
acrBp,0.14285714285714285,6,6,CTAGCCTGATAAAGGAAGCA,0,360410
acrBp,0.14285714285714285,6,6,CTAGCAGATGAGGTAGACGA,0,392317
acrBp,0.14285714285714285,6,6,CTACGTACAGCCTATGGAGT,0,360683
acrBp,0.14285714285714285,6,6,CTACGCTAGGTTTGAGGGGA,0,402911
acrBp,0.14285714285714285,6,6,CTACGCGGAAGGGGAGGCGC,0,378320
acrBp,0.14285714285714285,6,6,CTAAGCGAGAAGCGTTTAGG,0,401699
acrBp,0.14285714285714285,6,6,CTAAGATAACCGGGCCAGAG,0,387941
acrBp,0.14285714285714285,6,6,CTAAAGTCTTTTCGAGTAGC,0,384459
acrBp,0.14285714285714285,6,6,CGTTTTGGTATTGTGAATAC,0,358053
acrBp,0.14285714285714285,6,6,CGTTTTAGCGTTGGTGGAAT,0,362325
acrBp,0.14285714285714285,6,6,CGTTTCACGGGCACTACAGT,0,396868
acrBp,0.14285714285714285,6,6,CGTTCGACCGCGGACCGATA,0,359067
acrBp,0.14285714285714285,6,6,CGTTATATGAAGTGCGACTC,0,369950
acrBp,0.14285714285714285,6,6,CGTGTTTCGACCCTGCTTTA,0,363906
acrBp,0.14285714285714285,6,6,CGTGTGTGACTGTTCCTACA,0,382714
acrBp,0.14285714285714285,6,6,CGTGTCCCGCTGTTGTCGGA,0,360505
acrBp,0.14285714285714285,6,6,CGTGGGGATTAAGGTCTCAT,0,384797
acrBp,0.14285714285714285,6,6,CGTGATTCGCGTATATAAAT,0,406978
acrBp,0.14285714285714285,6,6,CGTCGTCCATGTCGCTCATC,0,384995
acrBp,0.14285714285714285,6,6,CGTCCGACGCTTAGCACAAG,0,396424
acrBp,0.14285714285714285,6,6,CGTATTCATCCCTCACTGGA,0,385179
acrBp,0.14285714285714285,6,6,CGTATGGATCTGAGCTTTTT,0,375351
acrBp,0.14285714285714285,6,6,CGTACCGACATACGATAGTA,0,387134
acrBp,0.14285714285714285,6,6,CGTAACACCAGGTCCCTACG,0,368236
acrBp,0.14285714285714285,6,6,CGTAAAGAATGGACCGCGCT,0,373854
acrBp,0.14285714285714285,6,6,CGGTTTGCGCTGCTGATGAA,0,386083
acrBp,0.14285714285714285,6,6,CGGTGCCGATTTAGGGGGCT,0,371512
acrBp,0.14285714285714285,6,6,CGGTGAATGAAATTCATTTC,0,387205
acrBp,0.14285714285714285,6,6,CGGTACCTGATTATTGCTAA,0,408159
acrBp,0.14285714285714285,6,6,CGGTACAGTTTCCCACATCT,0,356043
acrBp,0.14285714285714285,6,6,CGGGGTCCTAATGACCCAAG,0,394038
acrBp,0.14285714285714285,6,6,CGGGGGATCGTAATTGACTT,0,363593
acrBp,0.14285714285714285,6,6,CGGGATCTAGGGATAATGAT,0,369700
acrBp,0.14285714285714285,6,6,CGGGATCATGTCCGTATCCT,0,384411
acrBp,0.14285714285714285,6,6,CGGGAGTTCCAATTCCTGTA,0,394252
acrBp,0.14285714285714285,6,6,CGGGAGAGACAGTAGTAGCA,0,360382
acrBp,0.14285714285714285,6,6,CGGCTTAGGTAGGACGCGAA,0,379239
acrBp,0.14285714285714285,6,6,CGGCTTAGAGAAGAAGAGGC,0,357234
acrBp,0.14285714285714285,6,6,CGGCGGCGAATTGTCCGGGG,0,357116
acrBp,0.14285714285714285,6,6,CGGCGCTGGTAAGGTAAGCC,0,391220
acrBp,0.14285714285714285,6,6,CGGCGCGGGCTGAATTACAA,0,388018
acrBp,0.14285714285714285,6,6,CGGCCGTAAACTCGCGCTGG,0,397648
acrBp,0.14285714285714285,6,6,CGGCCGCCATGCAGAAAGGT,0,376746
acrBp,0.14285714285714285,6,6,CGGCCCCCCGCCGAGGACCC,0,370673
acrBp,0.14285714285714285,6,6,CGGCATACCATTAGTCATCG,0,380003
acrBp,0.14285714285714285,6,6,CGGAGTTTGGGCCGTGTCAC,0,371827
acrBp,0.14285714285714285,6,6,CGGAGGCGCACCCACTATCC,0,407106
acrBp,0.14285714285714285,6,6,CGGAAACTCACTGATGAGAC,0,397599
acrBp,0.14285714285714285,6,6,CGCTTTCAAAAATTCCCCTA,0,407486
acrBp,0.14285714285714285,6,6,CGCTGGCCAATCATTAACGT,0,400930
acrBp,0.14285714285714285,6,6,CGCTGGATTTTTTTGGTATT,0,357539
acrBp,0.14285714285714285,6,6,CGCTCGGGCGCTCATGCGTA,0,387648
acrBp,0.14285714285714285,6,6,CGCTCCGGTGCCGGCCACCG,0,400585
acrBp,0.14285714285714285,6,6,CGCTCAGAGCTTTACGTTTG,0,368937
acrBp,0.14285714285714285,6,6,CGCTAAGGGCCTAGCGTTCA,0,393971
acrBp,0.14285714285714285,6,6,CGCGGAGATCAATCGTCCAT,0,357702
acrBp,0.14285714285714285,6,6,CGCGCTCCGGCAGGTAAGCT,0,360737
acrBp,0.14285714285714285,6,6,CGCGCACTTTCTGTTGGCCT,0,382905
acrBp,0.14285714285714285,6,6,CGCGATGGAGAATCAGGAGT,0,381181
acrBp,0.14285714285714285,6,6,CGCGATGCTCACGACCAGGG,0,391407
acrBp,0.14285714285714285,6,6,CGCGACCGCACGACCCAATC,0,399504
acrBp,0.14285714285714285,6,6,CGCCTGCATCGCTCCTTAAG,0,392639
acrBp,0.14285714285714285,6,6,CGCCGACCGGCCTATCAACC,0,370551
acrBp,0.14285714285714285,6,6,CGCCATGCGTCACGGGCCAA,0,358101
acrBp,0.14285714285714285,6,6,CGCCACCGGCAAAGGCGATA,0,366676
acrBp,0.14285714285714285,6,6,CGCATATTGGCTCCCTATGC,0,355239
acrBp,0.14285714285714285,6,6,CGCAAACAAACCATGTGCCA,0,379020
acrBp,0.14285714285714285,6,6,CGATTTCCCAGGTTATCGAG,0,359297
acrBp,0.14285714285714285,6,6,CGATACGGCTCTGCGACAAC,0,381086
acrBp,0.14285714285714285,6,6,CGATAAAACGGGTGTACGTA,0,405327
acrBp,0.14285714285714285,6,6,CGAGGTCGCTAAGGATCATA,0,400495
acrBp,0.14285714285714285,6,6,CGAGGAGAGTAGGGGTGTGA,0,399844
acrBp,0.14285714285714285,6,6,CGAGCCTATTTAAATATGAC,0,370058
acrBp,0.14285714285714285,6,6,CGAGCAAATCTTCTAAACAG,0,380719
acrBp,0.14285714285714285,6,6,CGAGAGACAGGTATGTCGCG,0,388231
acrBp,0.14285714285714285,6,6,CGAGACTTCCCGCGTTACAC,0,392872
acrBp,0.14285714285714285,6,6,CGACCAAAATGCGGCCGTGG,0,376203
acrBp,0.14285714285714285,6,6,CGACATCTGTATCCCCGCCT,0,387081
acrBp,0.14285714285714285,6,6,CGACAGATACGCCCGACGAT,0,399445
acrBp,0.14285714285714285,6,6,CGACAAAGGCTAGGGAGCTT,0,370789
acrBp,0.14285714285714285,6,6,CGAATTGGTTACGACAAGGA,0,376867
acrBp,0.14285714285714285,6,6,CGAATAGGGTGGTGGTGTCC,0,382724
acrBp,0.14285714285714285,6,6,CGAAGTTCACTGGTATGGCA,0,377705
acrBp,0.14285714285714285,6,6,CGAAGCATTAAGGGGGTGAG,0,398036
acrBp,0.14285714285714285,6,6,CGAAGCAGTTCGACGTACTG,0,357031
acrBp,0.14285714285714285,6,6,CGAACTGGGGGATATATCGA,0,402302
acrBp,0.14285714285714285,6,6,CCTTTTGACTATAGACTGGA,0,398236
acrBp,0.14285714285714285,6,6,CCTTGCATGAAAGGCGGCCT,0,360322
acrBp,0.14285714285714285,6,6,CCTTCGAGGCAGAGCCTCTT,0,382385
acrBp,0.14285714285714285,6,6,CCTTATTTCAGCGAACCTGG,0,395665
acrBp,0.14285714285714285,6,6,CCTTAGTCTCTAACTGAGGT,0,365467
acrBp,0.14285714285714285,6,6,CCTGGTCGCGAAGGGCAAGC,0,370833
acrBp,0.14285714285714285,6,6,CCTGGCAGAAAAGGGTGCGG,0,393005
acrBp,0.14285714285714285,6,6,CCTGCGGGTTCCTAGAACCT,0,380626
acrBp,0.14285714285714285,6,6,CCTGATCTAGTACATTGGAT,0,359381
acrBp,0.14285714285714285,6,6,CCTCTTACCTTACTCTCTAC,0,357173
acrBp,0.14285714285714285,6,6,CCTCTCCCGGGAAAGAAAGA,0,397168
acrBp,0.14285714285714285,6,6,CCTCTCCCGATCGCGTACGG,0,404822
acrBp,0.14285714285714285,6,6,CCTCTCATGTAGATGCACTA,0,372912
acrBp,0.14285714285714285,6,6,CCTAGAAAGAGGGATTCGAA,0,367141
acrBp,0.14285714285714285,6,6,CCGTTCCGTAAAATGGTATG,0,382604
acrBp,0.14285714285714285,6,6,CCGTTCCAGCCTCTTCGTCA,0,363508
acrBp,0.14285714285714285,6,6,CCGTGGGCTACGATTTGAGG,0,376942
acrBp,0.14285714285714285,6,6,CCGTCTGCGGACCGGCTCAA,0,391701
acrBp,0.14285714285714285,6,6,CCGTCGGTCGATTAGTGATC,0,405077
acrBp,0.14285714285714285,6,6,CCGTCGCGCTGGTTGTACAA,0,385151
acrBp,0.14285714285714285,6,6,CCGTCGAGTTCCTGAGTACC,0,382019
acrBp,0.14285714285714285,6,6,CCGTATGCCCCCCGTGCATA,0,388152
acrBp,0.14285714285714285,6,6,CCGTATGCATCTAAACACTA,0,368040
acrBp,0.14285714285714285,6,6,CCGGGATTTTAGGCATTTTA,0,367391
acrBp,0.14285714285714285,6,6,CCGCTGAGGGTGAGTTTCCA,0,374953
acrBp,0.14285714285714285,6,6,CCGCTAGGCTTGTTTTTAGT,0,358668
acrBp,0.14285714285714285,6,6,CCGCGAAACTGGGCGACCTT,0,372707
acrBp,0.14285714285714285,6,6,CCGCCTTGAAACTCACGGGA,0,393553
acrBp,0.14285714285714285,6,6,CCGCCTGTTAGTCGCTAGCT,0,360538
acrBp,0.14285714285714285,6,6,CCGCCTCAACGGATGGGGTT,0,363915
acrBp,0.14285714285714285,6,6,CCGCCGAGCACTGCCAATTT,0,389300
acrBp,0.14285714285714285,6,6,CCGCAGCGACAGTTTCCTAA,0,405512
acrBp,0.14285714285714285,6,6,CCGCAATCGCCCAACTGAAA,0,381117
acrBp,0.14285714285714285,6,6,CCGAACGCGCACTGAGCACG,0,386858
acrBp,0.14285714285714285,6,6,CCCTTTCGACCCTCGCGAGC,0,399665
acrBp,0.14285714285714285,6,6,CCCTTCTATCGTCGCTATGC,0,397521
acrBp,0.14285714285714285,6,6,CCCTGTGTTAACTCGCCACG,0,407477
acrBp,0.14285714285714285,6,6,CCCTGCTGTGCAACGCGCAA,0,401459
acrBp,0.14285714285714285,6,6,CCCTAGCAACAGGAAACAAC,0,379800
acrBp,0.14285714285714285,6,6,CCCGTGATCATTTGGTCCGC,0,358723
acrBp,0.14285714285714285,6,6,CCCGGCATTTAACCACCCGT,0,393336
acrBp,0.14285714285714285,6,6,CCCGGAATGTAAAGGCCTGC,0,405324
acrBp,0.14285714285714285,6,6,CCCGCGTAGCTGACAGCGTC,0,370123
acrBp,0.14285714285714285,6,6,CCCGCGCTCCTAATTGGAAA,0,398784
acrBp,0.14285714285714285,6,6,CCCGACCCTTCAACGGTACC,0,405620
acrBp,0.14285714285714285,6,6,CCCCTCGCGAAGACGGGTCA,0,378152
acrBp,0.14285714285714285,6,6,CCCCGGTTGTCCTTGCGAGC,0,370738
acrBp,0.14285714285714285,6,6,CCCCACAAGACTTACGGCCC,0,393901
acrBp,0.14285714285714285,6,6,CCCATGTAAACAAAATCTAC,0,378653
acrBp,0.14285714285714285,6,6,CCCACAGGTGATATATGTCG,0,376559
acrBp,0.14285714285714285,6,6,CCCAAATGGGGGTTATCGGA,0,396806
acrBp,0.14285714285714285,6,6,CCATGTTCTTACATTGCCTT,0,367990
acrBp,0.14285714285714285,6,6,CCATCCTGGACAGAAGACTC,0,377666
acrBp,0.14285714285714285,6,6,CCAGTGTGGACAACAACGCA,0,394983
acrBp,0.14285714285714285,6,6,CCAGGAACCGGCCACAACTT,0,358933
acrBp,0.14285714285714285,6,6,CCAGCTAGGAGTGACGGTTG,0,404394
acrBp,0.14285714285714285,6,6,CCAGATGCCTTATCGCTGTT,0,381630
acrBp,0.14285714285714285,6,6,CCAGATCACCGACGCTAATA,0,367525
acrBp,0.14285714285714285,6,6,CCACCATGTCGGTTGTTTTT,0,367140
acrBp,0.14285714285714285,6,6,CATTTCCAATCACTATTAAC,0,377534
acrBp,0.14285714285714285,6,6,CATTGTGGGGCCTCTCGCCA,0,365936
acrBp,0.14285714285714285,6,6,CATTGGAAGATGTCGCAGAT,0,378709
acrBp,0.14285714285714285,6,6,CATTCGGTTGTGCATATAGC,0,388603
acrBp,0.14285714285714285,6,6,CATGTGGCTAGGGGCGTGCA,0,367329
acrBp,0.14285714285714285,6,6,CATGGCTGATAAATCCATAC,0,355550
acrBp,0.14285714285714285,6,6,CATGGCTCGCGTCCGTCCGA,0,373181
acrBp,0.14285714285714285,6,6,CATGGCGTTCGAAGCCCCAA,0,407050
acrBp,0.14285714285714285,6,6,CATGCAATACTATGATGTTT,0,385656
acrBp,0.14285714285714285,6,6,CATGACTACGGGGCCACAAG,0,365403
acrBp,0.14285714285714285,6,6,CATGACCTGCGGGCTGACCT,0,391028
acrBp,0.14285714285714285,6,6,CATGAAGGAAATATCGGAGG,0,358450
acrBp,0.14285714285714285,6,6,CATCTTCAACCTGATGGATC,0,373964
acrBp,0.14285714285714285,6,6,CATCTAGAACTAGGTAATTC,0,401054
acrBp,0.14285714285714285,6,6,CATCCAGGATAGCCCACACG,0,388430
acrBp,0.14285714285714285,6,6,CATCATGGCGTTACAGTTCT,0,355013
acrBp,0.14285714285714285,6,6,CATATTTCTGTCAACCAGGA,0,381285
acrBp,0.14285714285714285,6,6,CATATAATCTCTAGCGTACG,0,408179
acrBp,0.14285714285714285,6,6,CATAGCCCAGGACATCGCGT,0,371493
acrBp,0.14285714285714285,6,6,CATAATTAAGCTCGTCATTT,0,394191
acrBp,0.14285714285714285,6,6,CAGTTATTTCGTTGCCTACT,0,367716
acrBp,0.14285714285714285,6,6,CAGTTAGTGTTTTTGGTCGG,0,381355
acrBp,0.14285714285714285,6,6,CAGTTAGCACGTTCATTACG,0,370338
acrBp,0.14285714285714285,6,6,CAGTGGTATCTAGAGTCTGT,0,379195
acrBp,0.14285714285714285,6,6,CAGTGGTAACTGAAAGACGT,0,398973
acrBp,0.14285714285714285,6,6,CAGTCGGGCAGAAAATTGCT,0,388100
acrBp,0.14285714285714285,6,6,CAGTCCCGCGTATGCACTTA,0,358025
acrBp,0.14285714285714285,6,6,CAGTAGATAAAATACTCATA,0,360852
acrBp,0.14285714285714285,6,6,CAGTAACGGTGCGCCTATTT,0,392004
acrBp,0.14285714285714285,6,6,CAGGTAAGAACAACGGTGCA,0,375515
acrBp,0.14285714285714285,6,6,CAGGGTCCTATTCCCCCGGG,0,386775
acrBp,0.14285714285714285,6,6,CAGGGGCATAGTCAGGGAGG,0,379528
acrBp,0.14285714285714285,6,6,CAGGGCAAGCCCACTTTCTT,0,378316
acrBp,0.14285714285714285,6,6,CAGGAGTAACCCAGATGATA,0,383181
acrBp,0.14285714285714285,6,6,CAGGAACTTCATTCACACTG,0,363957
acrBp,0.14285714285714285,6,6,CAGGAACGTCACGGCATTAT,0,394485
acrBp,0.14285714285714285,6,6,CAGCTTCTGTATGATCGGGC,0,356671
acrBp,0.14285714285714285,6,6,CAGCTAGTTTCTGAGCCCCT,0,400256
acrBp,0.14285714285714285,6,6,CAGCGTGACTCTGACTCCGA,0,399740
acrBp,0.14285714285714285,6,6,CAGCGATGGTCGGCGCGCCA,0,391584
acrBp,0.14285714285714285,6,6,CAGCGAGGCGTAGAGAGAGC,0,397225
acrBp,0.14285714285714285,6,6,CAGCAGTTTGGCCCTAGATT,0,370720
acrBp,0.14285714285714285,6,6,CAGACAGCATTTACCTCTCA,0,393339
acrBp,0.14285714285714285,6,6,CAGAAGCCTACAACATTATG,0,379099
acrBp,0.14285714285714285,6,6,CACTCTAAGAAGGTGAGTGG,0,380124
acrBp,0.14285714285714285,6,6,CACTCCAATGCGACAAACTT,0,368080
acrBp,0.14285714285714285,6,6,CACTAATCGGCAGGGGTAAA,0,392539
acrBp,0.14285714285714285,6,6,CACGTAGGCAGCTCATTTGC,0,395418
acrBp,0.14285714285714285,6,6,CACGGCAGGTCTCGGCGTAT,0,393956
acrBp,0.14285714285714285,6,6,CACGAGACACGGCAATTCGA,0,367911
acrBp,0.14285714285714285,6,6,CACCCCTCAGGTACGTAACT,0,384787
acrBp,0.14285714285714285,6,6,CACCCCTAAGGGCGACTGAA,0,362780
acrBp,0.14285714285714285,6,6,CACATTGCCGGCATGGTGAA,0,357294
acrBp,0.14285714285714285,6,6,CACAGCTTTGTGCTTTTGTC,0,404886
acrBp,0.14285714285714285,6,6,CAATTCTGGATATGCCCAAA,0,367995
acrBp,0.14285714285714285,6,6,CAATCCCTAGAGGGGCGGCT,0,396954
acrBp,0.14285714285714285,6,6,CAAGCGCGCTACCTGTTCGG,0,367268
acrBp,0.14285714285714285,6,6,CAAGACGAAAGTGGTGCTAG,0,396228
acrBp,0.14285714285714285,6,6,CAACTGTAGTTTCATCTATA,0,400263
acrBp,0.14285714285714285,6,6,CAACTACTCGATTAGTGGTT,0,393447
acrBp,0.14285714285714285,6,6,CAACGGTCCGAACATAGGAA,0,385795
acrBp,0.14285714285714285,6,6,CAAATACTGTTTATAGCGGC,0,385959
acrBp,0.14285714285714285,6,6,CAAAGTGACAATATCATTAC,0,359315
acrBp,0.14285714285714285,6,6,CAAACGCATCACTGAGTGGG,0,379879
acrBp,0.14285714285714285,6,6,ATTTTCCCTGTCTCTCCGCC,0,395150
acrBp,0.14285714285714285,6,6,ATTGTGGACTGTGCTAGTGC,0,393488
acrBp,0.14285714285714285,6,6,ATTGGCCACGTGGACAGTGA,0,385437
acrBp,0.14285714285714285,6,6,ATTGCTGATTTTCTCAGGGG,0,405526
acrBp,0.14285714285714285,6,6,ATTGACCTCAGTTGGGAAAA,0,375832
acrBp,0.14285714285714285,6,6,ATTCGTCCGGCGGGCCTCCC,0,380241
acrBp,0.14285714285714285,6,6,ATTCGCCAGGTGTCAAGGAC,0,356618
acrBp,0.14285714285714285,6,6,ATTCGAGAGCAAATGCTTCG,0,395190
acrBp,0.14285714285714285,6,6,ATTCCCCCACCCAATAGTAG,0,356484
acrBp,0.14285714285714285,6,6,ATTCCAATATAGACTTATGT,0,359892
acrBp,0.14285714285714285,6,6,ATTCATGATCTGCTAGGCAA,0,358443
acrBp,0.14285714285714285,6,6,ATTAGATAACCACTGGGGAA,0,364218
acrBp,0.14285714285714285,6,6,ATTACGGTAGGGTAAGGCGG,0,362685
acrBp,0.14285714285714285,6,6,ATGTGTCTTTTATCCCCAGA,0,390460
acrBp,0.14285714285714285,6,6,ATGGTACAAGAACGTTTAAC,0,367827
acrBp,0.14285714285714285,6,6,ATGGGGATATATTAGCCGCC,0,380041
acrBp,0.14285714285714285,6,6,ATGGGAAAATTGTCGCGGCT,0,384584
acrBp,0.14285714285714285,6,6,ATGCTTAAATTTTGAGAGGA,0,387934
acrBp,0.14285714285714285,6,6,ATGATTAAATACCACACATC,0,397329
acrBp,0.14285714285714285,6,6,ATGACGGATGGGCGTTCTCT,0,363737
acrBp,0.14285714285714285,6,6,ATCTTTATATTAGTAGGGAT,0,380931
acrBp,0.14285714285714285,6,6,ATCTTCGAGTTCGGTCTTCG,0,398654
acrBp,0.14285714285714285,6,6,ATCTCGCTTAGGTGGTTTCG,0,362681
acrBp,0.14285714285714285,6,6,ATCTATCTCAGCATCATAAC,0,392469
acrBp,0.14285714285714285,6,6,ATCGGTCAGATGCAAAATGG,0,382444
acrBp,0.14285714285714285,6,6,ATCGGAGGAGTGGCCCGAGC,0,365547
acrBp,0.14285714285714285,6,6,ATCGGAATCGTGTTCAGGCT,0,378119
acrBp,0.14285714285714285,6,6,ATCGATGAGAAACCGCATTA,0,383994
acrBp,0.14285714285714285,6,6,ATCGAGGAGTTCCAACGAAG,0,387172
acrBp,0.14285714285714285,6,6,ATCCTACGTAAAGTTCAGCC,0,393423
acrBp,0.14285714285714285,6,6,ATCCGGTCGGCAATCGATGC,0,388658
acrBp,0.14285714285714285,6,6,ATCATTTATTTACAGTTCAC,0,359625
acrBp,0.14285714285714285,6,6,ATCATGTCATCGCACGGGAT,0,368624
acrBp,0.14285714285714285,6,6,ATCAGGTGCTTGATTTGTTT,0,360881
acrBp,0.14285714285714285,6,6,ATCACGCGTCTGGATTGACC,0,401082
acrBp,0.14285714285714285,6,6,ATCACCTTCTTAAACGGGAA,0,383887
acrBp,0.14285714285714285,6,6,ATCACAGGTCGGAATGTTTG,0,357691
acrBp,0.14285714285714285,6,6,ATATATAGATGTGTCCTATA,0,400610
acrBp,0.14285714285714285,6,6,ATAGTACCAGTGGTGTTCAA,0,389083
acrBp,0.14285714285714285,6,6,ATAGGTGTTCCGTTTGCAGA,0,376027
acrBp,0.14285714285714285,6,6,ATAGGTAGCTGTTCATTTTA,0,371444
acrBp,0.14285714285714285,6,6,ATAGGGGGGACATGTTGTTT,0,389654
acrBp,0.14285714285714285,6,6,ATAGGATGGTACGTTCTAGG,0,364905
acrBp,0.14285714285714285,6,6,ATAGCTCGTCGCCCAAGATC,0,390021
acrBp,0.14285714285714285,6,6,ATAGCCTAGATATTCGCAAT,0,370609
acrBp,0.14285714285714285,6,6,ATACTGCTCAACTGGTGTGA,0,364252
acrBp,0.14285714285714285,6,6,ATACATCAGGGATTTAAATC,0,368883
acrBp,0.14285714285714285,6,6,ATAATGTTCGGCATTTGGAT,0,385232
acrBp,0.14285714285714285,6,6,ATAAGGTTCAGAATGAGAAG,0,406761
acrBp,0.14285714285714285,6,6,ATAAGGTTAGTGAGTAGTAG,0,382883
acrBp,0.14285714285714285,6,6,ATAAGACGACGGTATTTGAA,0,402390
acrBp,0.14285714285714285,6,6,ATAACGTAACATAGGAGTAT,0,404469
acrBp,0.14285714285714285,6,6,ATAAAGCGGGTGTTGGATGG,0,355693
acrBp,0.14285714285714285,6,6,ATAAACAGTTTCCCCCAACA,0,380354
acrBp,0.14285714285714285,6,6,ATAAAAACGTCATTACTCGA,0,365508
acrBp,0.14285714285714285,6,6,AGTTTTGGTATTCATGATAA,0,403512
acrBp,0.14285714285714285,6,6,AGTTCTGGTCACAGACATTC,0,400922
acrBp,0.14285714285714285,6,6,AGTTACATATCGCATTTAGG,0,385597
acrBp,0.14285714285714285,6,6,AGTGGCCAAAGGGGCAGCGT,0,379075
acrBp,0.14285714285714285,6,6,AGTGATACGGCGGACCCCTC,0,387383
acrBp,0.14285714285714285,6,6,AGTGAACGCGTGGCTTTTCC,0,396199
acrBp,0.14285714285714285,6,6,AGTCGCCGATACTCGCCATA,0,378504
acrBp,0.14285714285714285,6,6,AGTCCTGTATGACGCGCAAT,0,366438
acrBp,0.14285714285714285,6,6,AGTCCAACGTGGGAATTGGG,0,357280
acrBp,0.14285714285714285,6,6,AGTATGGGCACACGAGAGAC,0,403799
acrBp,0.14285714285714285,6,6,AGTAGTTTATTCTAGTATGC,0,406431
acrBp,0.14285714285714285,6,6,AGTAGTTGAAACCTTTAGTG,0,400594
acrBp,0.14285714285714285,6,6,AGTAATAGGCATAAAAGCTG,0,398472
acrBp,0.14285714285714285,6,6,AGGTTGGAATAGAATAGTTA,0,401934
acrBp,0.14285714285714285,6,6,AGGGGTAGAGGGGTTCGGGG,0,375414
acrBp,0.14285714285714285,6,6,AGGGGGCCAAAAACCGTTCG,0,404258
acrBp,0.14285714285714285,6,6,AGGGCTAGGAAAAGGAGTAC,0,363225
acrBp,0.14285714285714285,6,6,AGGCTGCTCCGATTCGGTGA,0,358638
acrBp,0.14285714285714285,6,6,AGGCTATTGAATGTCACAAC,0,376757
acrBp,0.14285714285714285,6,6,AGGATTTCTTTGAATAAGCT,0,403958
acrBp,0.14285714285714285,6,6,AGGACTGAGCATTCCTGGCT,0,382029
acrBp,0.14285714285714285,6,6,AGGAACCCCGGACTTCAATA,0,399547
acrBp,0.14285714285714285,6,6,AGGAAATTGATTTCCTTGAT,0,365939
acrBp,0.14285714285714285,6,6,AGCTTGGTGCGAGCTTATAT,0,357909
acrBp,0.14285714285714285,6,6,AGCTGCCGGTATGCCGGTCA,0,391057
acrBp,0.14285714285714285,6,6,AGCTATGAGCATACTGCCCC,0,360333
acrBp,0.14285714285714285,6,6,AGCTACACGGCACACGCTCC,0,388523
acrBp,0.14285714285714285,6,6,AGCGTGCAGTATTTGTGGTT,0,390176
acrBp,0.14285714285714285,6,6,AGCGCCAGCAGAGAGGCCCG,0,384834
acrBp,0.14285714285714285,6,6,AGCGAGCCTCATCTTCAGAA,0,393028
acrBp,0.14285714285714285,6,6,AGCGAGAACGTTTACCACAA,0,388291
acrBp,0.14285714285714285,6,6,AGCCTATCAAATGAGTTAAC,0,398014
acrBp,0.14285714285714285,6,6,AGCCGCACGGATTATGATCT,0,406469
acrBp,0.14285714285714285,6,6,AGCAGCGAGCACTGTTGCCG,0,365622
acrBp,0.14285714285714285,6,6,AGCACTCCCTGTACGTCTCG,0,383214
acrBp,0.14285714285714285,6,6,AGCACGAAGACATGTGCCCG,0,385945
acrBp,0.14285714285714285,6,6,AGCAATGCATGCACGTATCT,0,392937
acrBp,0.14285714285714285,6,6,AGATTCTCCGACCATGCAGC,0,374275
acrBp,0.14285714285714285,6,6,AGATTCGCTTATCGTTCCGT,0,376291
acrBp,0.14285714285714285,6,6,AGATGTCTCTGTCGAGTTCA,0,400008
acrBp,0.14285714285714285,6,6,AGATCGTCATGACAGAGGTA,0,358507
acrBp,0.14285714285714285,6,6,AGAGTCATATGGGGCGACGT,0,359942
acrBp,0.14285714285714285,6,6,AGAGGTCCGGCAGGCCCTAA,0,408258
acrBp,0.14285714285714285,6,6,AGAGGACACCGCCTAACAGG,0,376599
acrBp,0.14285714285714285,6,6,AGAGCTCGAATAGACATATG,0,398021
acrBp,0.14285714285714285,6,6,AGAGAGCACGGCACGTGGGC,0,407347
acrBp,0.14285714285714285,6,6,AGACTCCAAGCAGCCCCGTA,0,362114
acrBp,0.14285714285714285,6,6,AGACCTTCGATTAAGGGTCG,0,377707
acrBp,0.14285714285714285,6,6,AGACCCACTTTTTGCGATTG,0,402320
acrBp,0.14285714285714285,6,6,AGAATATACGGTGAGATCGG,0,372995
acrBp,0.14285714285714285,6,6,AGAAGTTGGATGTCATATCT,0,374739
acrBp,0.14285714285714285,6,6,AGAAGACCAGTGGGCACCGA,0,361717
acrBp,0.14285714285714285,6,6,AGAACGGCTCCCATTCCCAC,0,383857
acrBp,0.14285714285714285,6,6,AGAACACAGACTATGTAGGG,0,398075
acrBp,0.14285714285714285,6,6,AGAAACATCTGGGCTTACCT,0,371080
acrBp,0.14285714285714285,6,6,ACTTTTTTGGAACCTCTAGG,0,363834
acrBp,0.14285714285714285,6,6,ACTTTTTGTCTATCATACCA,0,371595
acrBp,0.14285714285714285,6,6,ACTTTGACTTGTACTGAAGG,0,379188
acrBp,0.14285714285714285,6,6,ACTTGCAACGCCTTTTGGGA,0,359696
acrBp,0.14285714285714285,6,6,ACTTGAATAGTACAGCATAT,0,357094
acrBp,0.14285714285714285,6,6,ACTGCAGTGAACACGTCTAT,0,404374
acrBp,0.14285714285714285,6,6,ACTGATTATGGAGGACAAAT,0,398902
acrBp,0.14285714285714285,6,6,ACTGACCATCCTGGCCGTGT,0,378006
acrBp,0.14285714285714285,6,6,ACTCTGAAGGTTCCCTTCAC,0,362537
acrBp,0.14285714285714285,6,6,ACTCTAGCAGATCAGTACCC,0,383153
acrBp,0.14285714285714285,6,6,ACTCTAAATTATGCTAACAG,0,364813
acrBp,0.14285714285714285,6,6,ACTCGGAGGCTAAGCCACTA,0,399879
acrBp,0.14285714285714285,6,6,ACTCCGTCGTTTCGGACATG,0,365529
acrBp,0.14285714285714285,6,6,ACTCATGCCATAGAGTCCGC,0,401100
acrBp,0.14285714285714285,6,6,ACTCATCGCTAATCCGGGGC,0,363459
acrBp,0.14285714285714285,6,6,ACTCACAGTGCGCTTGTTAG,0,360510
acrBp,0.14285714285714285,6,6,ACTAGCTTCTGCTCCCAGAC,0,400708
acrBp,0.14285714285714285,6,6,ACTACACTGTAGCCGTCCAT,0,404676
acrBp,0.14285714285714285,6,6,ACGTTTGTGAATATGCTGAA,0,389078
acrBp,0.14285714285714285,6,6,ACGTTGGTATCAATGTCCAG,0,379184
acrBp,0.14285714285714285,6,6,ACGTAGATCGCTGGATCGAC,0,375900
acrBp,0.14285714285714285,6,6,ACGTACTTTATCGTAAGCTG,0,366545
acrBp,0.14285714285714285,6,6,ACGTACGAGTCTGCTAAGAC,0,407603
acrBp,0.14285714285714285,6,6,ACGTACAGGGTTTCAGCCGG,0,394481
acrBp,0.14285714285714285,6,6,ACGTAAAGGAGTCCAAGTGT,0,378966
acrBp,0.14285714285714285,6,6,ACGCCGGATTTGTGACCGCT,0,403662
acrBp,0.14285714285714285,6,6,ACGCAATGACAGGCCGCGTA,0,404970
acrBp,0.14285714285714285,6,6,ACGATTAGTATGTGTTGAGA,0,359765
acrBp,0.14285714285714285,6,6,ACGATGGCACCGTGCGGTAC,0,402006
acrBp,0.14285714285714285,6,6,ACGATCCTTACAGTTAATTG,0,380830
acrBp,0.14285714285714285,6,6,ACGATATGGTGTTGTGCTGG,0,355037
acrBp,0.14285714285714285,6,6,ACGAGTCCGGAGTCAAAGTG,0,375387
acrBp,0.14285714285714285,6,6,ACGAGCGCTCCCTCTGGACA,0,358925
acrBp,0.14285714285714285,6,6,ACGACTGAGTATTTCGAAGC,0,404522
acrBp,0.14285714285714285,6,6,ACGACCAGCTCTCCATGTGC,0,386794
acrBp,0.14285714285714285,6,6,ACGACATCCACCGCCGGATA,0,382527
acrBp,0.14285714285714285,6,6,ACGAATCGGACGTGCCGAGT,0,405390
acrBp,0.14285714285714285,6,6,ACGAAATCAGTGACAGATCG,0,403483
acrBp,0.14285714285714285,6,6,ACCTGCTACGGGGGCTTCAA,0,392723
acrBp,0.14285714285714285,6,6,ACCTCCAAAAACGTATGGAA,0,387943
acrBp,0.14285714285714285,6,6,ACCTACTCGGCCATCGGGGT,0,387258
acrBp,0.14285714285714285,6,6,ACCGTTACAGAAGAGAAGTC,0,387545
acrBp,0.14285714285714285,6,6,ACCGTGACCCCGCGGTTCGC,0,389352
acrBp,0.14285714285714285,6,6,ACCGCGGTGGCAGATTAAGA,0,400842
acrBp,0.14285714285714285,6,6,ACCGAGTACTTTTTTTCCAC,0,391682
acrBp,0.14285714285714285,6,6,ACCCCTTGGAGACTCGCAGG,0,389147
acrBp,0.14285714285714285,6,6,ACCCCCTATGTAGAGCGGTC,0,406113
acrBp,0.14285714285714285,6,6,ACCCCAGCGCCTGGACATCT,0,366666
acrBp,0.14285714285714285,6,6,ACCCATATGTGTGCTTGCAA,0,368833
acrBp,0.14285714285714285,6,6,ACCCAGTAGATTGAGAAGCT,0,365976
acrBp,0.14285714285714285,6,6,ACCCAGGGCGCAAAACCTAA,0,404684
acrBp,0.14285714285714285,6,6,ACCATCGTGATAAGACAGCA,0,394432
acrBp,0.14285714285714285,6,6,ACCAACCTCTCGGACGCATT,0,370603
acrBp,0.14285714285714285,6,6,ACATGTTGTTGGACTTGCAT,0,375720
acrBp,0.14285714285714285,6,6,ACATCTTTCTACTCTGATTC,0,365439
acrBp,0.14285714285714285,6,6,ACATCTTGGACATCTCGAGG,0,372441
acrBp,0.14285714285714285,6,6,ACATCTACTATTAACCCGAC,0,384248
acrBp,0.14285714285714285,6,6,ACATATGATAACCTTTTAAC,0,385146
acrBp,0.14285714285714285,6,6,ACAGTCCTTCCTCAATCGCC,0,404162
acrBp,0.14285714285714285,6,6,ACAGTATCACGACTGCACGG,0,376334
acrBp,0.14285714285714285,6,6,ACAGAGTCTAGCGAGCCGCA,0,387264
acrBp,0.14285714285714285,6,6,ACAGAGCGCTACGTAGGCCC,0,404030
acrBp,0.14285714285714285,6,6,ACAGACGCACAAGGCACGCT,0,405181
acrBp,0.14285714285714285,6,6,ACAGACATTCAAATATTTAT,0,396980
acrBp,0.14285714285714285,6,6,ACACGTACTTCATTTACGAA,0,401276
acrBp,0.14285714285714285,6,6,ACACCGGATTGAGGTCTTGT,0,373585
acrBp,0.14285714285714285,6,6,ACAATTTCACTCCGTCTTTC,0,370550
acrBp,0.14285714285714285,6,6,ACAATGCCAGCTCACCACCT,0,387737
acrBp,0.14285714285714285,6,6,ACAAGTCCCTGAGCACGGTA,0,375221
acrBp,0.14285714285714285,6,6,ACAAGGGGAAGCAAAAATTG,0,399930
acrBp,0.14285714285714285,6,6,ACAACGGACAATAGCGCCCC,0,384060
acrBp,0.14285714285714285,6,6,AATTTGTGTCTCATTCAGGC,0,405768
acrBp,0.14285714285714285,6,6,AATTTCACTACTGCCAACCA,0,374593
acrBp,0.14285714285714285,6,6,AATTGTGCTTTTTCCTACAC,0,371389
acrBp,0.14285714285714285,6,6,AATTGTCTTTTTTCGCACAT,0,396987
acrBp,0.14285714285714285,6,6,AATTATAGTGTTTGCCCCCC,0,366623
acrBp,0.14285714285714285,6,6,AATTATAAAATGTATATGGA,0,367488
acrBp,0.14285714285714285,6,6,AATTAGGCACTTCCGCGTCC,0,373605
acrBp,0.14285714285714285,6,6,AATTACGTGATTTCAGGAGA,0,382904
acrBp,0.14285714285714285,6,6,AATGTCGAATCGGGGGTTAT,0,387263
acrBp,0.14285714285714285,6,6,AATGTATTTGTCTATATTTA,0,359290
acrBp,0.14285714285714285,6,6,AATGGCCAGTGTGTACCAGT,0,377013
acrBp,0.14285714285714285,6,6,AATGCTCGCATCAACGAATC,0,372706
acrBp,0.14285714285714285,6,6,AATGATTATTTCGCTCTCAC,0,356390
acrBp,0.14285714285714285,6,6,AATGAGCAGCTGAACAACGT,0,370087
acrBp,0.14285714285714285,6,6,AATCTGGGGTAAAATCAAAG,0,366786
acrBp,0.14285714285714285,6,6,AATCTAGAGCGCAGGCGGCT,0,366929
acrBp,0.14285714285714285,6,6,AATCGGAGACTACTCTGCCT,0,357018
acrBp,0.14285714285714285,6,6,AATAGCCCAATACTTGCCAC,0,378369
acrBp,0.14285714285714285,6,6,AATAGAAGCAAGTCCCCCAT,0,383467
acrBp,0.14285714285714285,6,6,AATACGCCGTATTTAGCAGT,0,358999
acrBp,0.14285714285714285,6,6,AATAAATCTAATGAAGTAAT,0,368839
acrBp,0.14285714285714285,6,6,AAGTTGCCGTTTCGCGGCGA,0,359673
acrBp,0.14285714285714285,6,6,AAGTTAAACCCCAGCCCAAG,0,391251
acrBp,0.14285714285714285,6,6,AAGTGTTGGTAACACGGGGA,0,401173
acrBp,0.14285714285714285,6,6,AAGTGCCCCAAGCCGTTGGG,0,363367
acrBp,0.14285714285714285,6,6,AAGTAGCTCTCCCATGCCTT,0,398920
acrBp,0.14285714285714285,6,6,AAGGTGGTTAAGCCGATCGA,0,400273
acrBp,0.14285714285714285,6,6,AAGGTCAGATGCCAAGGCCA,0,389915
acrBp,0.14285714285714285,6,6,AAGGTATTTCGGGCTGGAGG,0,401769
acrBp,0.14285714285714285,6,6,AAGGCATCCGGCAATTTGGG,0,362936
acrBp,0.14285714285714285,6,6,AAGCGTCAAAACCGCTACAT,0,396390
acrBp,0.14285714285714285,6,6,AAGCCCGACCCGTCGCATCA,0,398526
acrBp,0.14285714285714285,6,6,AAGCAGCGAATAACGCGAAA,0,366528
acrBp,0.14285714285714285,6,6,AAGATTACAGTGCACCAGCT,0,376613
acrBp,0.14285714285714285,6,6,AAGAGTAGGGACTCACCTGT,0,392081
acrBp,0.14285714285714285,6,6,AAGAGATCACATCCGTGGAA,0,387919
acrBp,0.14285714285714285,6,6,AAGAATGCGGTTATGTCCAT,0,363621
acrBp,0.14285714285714285,6,6,AACTTTGTTCCTAAAGAAGT,0,366402
acrBp,0.14285714285714285,6,6,AACTCTTCAGAGGTTTCGAG,0,357241
acrBp,0.14285714285714285,6,6,AACTCTTACGGCGTTCGATG,0,366981
acrBp,0.14285714285714285,6,6,AACTCAAACTACCGATGCAG,0,355909
acrBp,0.14285714285714285,6,6,AACTAGGGACAGGGTGTGCC,0,385512
acrBp,0.14285714285714285,6,6,AACGTTGAGTCCGCGCAGAA,0,375281
acrBp,0.14285714285714285,6,6,AACGTGATACACGCGCATAA,0,403468
acrBp,0.14285714285714285,6,6,AACGTATTATCACAGGGTGA,0,358767
acrBp,0.14285714285714285,6,6,AACGGGTCGAACGAGCTCTG,0,373347
acrBp,0.14285714285714285,6,6,AACGAGAAGCTAATGGCGTG,0,363259
acrBp,0.14285714285714285,6,6,AACGACCGCGGCCTCGTAGT,0,394886
acrBp,0.14285714285714285,6,6,AACCGGGGCCGGTATACGTG,0,365119
acrBp,0.14285714285714285,6,6,AACCGAGTATGGGTCGCTCA,0,356109
acrBp,0.14285714285714285,6,6,AACATTGGAATGAAGTTTTG,0,406455
acrBp,0.14285714285714285,6,6,AACATAAACAAGCTATATGT,0,388538
acrBp,0.14285714285714285,6,6,AACAGTATCATCTTTCAACA,0,404648
acrBp,0.14285714285714285,6,6,AACAAACGGAGGGAGACGAA,0,392307
acrBp,0.14285714285714285,6,6,AAATTGGCTAGAAGGTACTG,0,380867
acrBp,0.14285714285714285,6,6,AAATTACTATAAAGCTCTAA,0,381632
acrBp,0.14285714285714285,6,6,AAATTACACGTTGCCAAAGC,0,370604
acrBp,0.14285714285714285,6,6,AAATATTTAGATTAACATAC,0,376616
acrBp,0.14285714285714285,6,6,AAATAATAGAGCATCGGCCT,0,361276
acrBp,0.14285714285714285,6,6,AAAGGTGCAGCTTTTTAAGG,0,364253
acrBp,0.14285714285714285,6,6,AAAGGGTCGCTAAACCATGA,0,378711
acrBp,0.14285714285714285,6,6,AAAGGGGTTTAACACGATAA,0,402202
acrBp,0.14285714285714285,6,6,AAAGGGGTTCTGGTCCGCTG,0,385480
acrBp,0.14285714285714285,6,6,AAACGGTGGCCATTAAACGT,0,399260
acrBp,0.14285714285714285,6,6,AAAAGGCAGAGTATTTGTAT,0,407482
acrBp,0.14285714285714285,6,6,AAAAGCGAAGGCTCTCCAGG,0,399302
acrBp,0.14285714285714285,6,6,AAAAATTTCCACCATTTCCA,0,390124
acrBp,0.14285714285714285,6,6,AAAAAGGTGGATTTGCCTAT,0,399621
acrBp,0.14285714285714285,6,6,AAAAAGGCTGCGAGTCAGTT,0,369316
acrBp,0.16666666666666666,5,5,TTTGTGGGCGCTAGATGGTT,0,389907
acrBp,0.16666666666666666,5,5,TTTGTGCTACTACCCATCTT,0,390635
acrBp,0.16666666666666666,5,5,TTTGTAATTTTGTTAATGCT,0,381738
acrBp,0.16666666666666666,5,5,TTTGGTCCTGACCTTTAGAC,0,403550
acrBp,0.16666666666666666,5,5,TTTGGCGCCTGGCAGGATCG,0,363806
acrBp,0.16666666666666666,5,5,TTTGGACTGCGCACTCGAGG,0,380893
acrBp,0.16666666666666666,5,5,TTTGCTCTAACCCGAAATAG,0,383736
acrBp,0.16666666666666666,5,5,TTTGATGGTCGTTACGGCTA,0,377564
acrBp,0.16666666666666666,5,5,TTTGAGTACTTAGGTTATCG,0,372191
acrBp,0.16666666666666666,5,5,TTTGAGGCGCAGTGTATTTA,0,381153
acrBp,0.16666666666666666,5,5,TTTCTGCTCATCGACTTTTA,0,396881
acrBp,0.16666666666666666,5,5,TTTCGTGCGTACAAGATATA,0,377035
acrBp,0.16666666666666666,5,5,TTTCGAAACGATAAACCGAG,0,394190
acrBp,0.16666666666666666,5,5,TTTCATTTCGCCCCTCAGGA,0,387587
acrBp,0.16666666666666666,5,5,TTTCAAGATTCTACAGGTTT,0,389977
acrBp,0.16666666666666666,5,5,TTTATGGGAATAGGCTCGGT,0,355165
acrBp,0.16666666666666666,5,5,TTTATGAAGCGAAATCAAGC,0,389048
acrBp,0.16666666666666666,5,5,TTTATCCTCAAACTCCTCCC,0,392157
acrBp,0.16666666666666666,5,5,TTTAGTAGGAGTGCGGGCGT,0,404733
acrBp,0.16666666666666666,5,5,TTTAGCGCGGTAGTCGCCTT,0,366413
acrBp,0.16666666666666666,5,5,TTTACGCCAAAGTGCCGGTA,0,405156
acrBp,0.16666666666666666,5,5,TTGTCTGCCACAGCTCAGTT,0,408366
acrBp,0.16666666666666666,5,5,TTGTACAGGATCATAGCCGA,0,392625
acrBp,0.16666666666666666,5,5,TTGTAAGCCTGCACCCTCTC,0,381389
acrBp,0.16666666666666666,5,5,TTGGTTTCGTCTGCTGGTAA,0,392378
acrBp,0.16666666666666666,5,5,TTGGTATTACTCGCTCTATA,0,404709
acrBp,0.16666666666666666,5,5,TTGGGCTTAGTCAGGTACAG,0,384293
acrBp,0.16666666666666666,5,5,TTGGGCCGAGCTTTTGTAGT,0,404767
acrBp,0.16666666666666666,5,5,TTGGCTATAGTATTAGTCAT,0,380478
acrBp,0.16666666666666666,5,5,TTGGACTCTTGACCACTGGG,0,376869
acrBp,0.16666666666666666,5,5,TTGCTTCATATCGTGACAGT,0,364343
acrBp,0.16666666666666666,5,5,TTGCTGGCCTATTTTTTATA,0,403414
acrBp,0.16666666666666666,5,5,TTGCTGCAGGACCGGATGAA,0,369956
acrBp,0.16666666666666666,5,5,TTGCTATCAGGTAATAAATA,0,390528
acrBp,0.16666666666666666,5,5,TTGATTTCCCAACAGCGCCT,0,386177
acrBp,0.16666666666666666,5,5,TTGACTACTGGCTCACTGGT,0,355610
acrBp,0.16666666666666666,5,5,TTGAACCATACGTTTTGAGA,0,405182
acrBp,0.16666666666666666,5,5,TTCTTTTTGGTGCCTCCAGG,0,387319
acrBp,0.16666666666666666,5,5,TTCTTTTTAGCTAAGGCGGA,0,361660
acrBp,0.16666666666666666,5,5,TTCTTGCTCACATCTGGCGG,0,380390
acrBp,0.16666666666666666,5,5,TTCTACTCCTTGGCAACTGA,0,372326
acrBp,0.16666666666666666,5,5,TTCGTTCCTGGGGTAGGCGC,0,404091
acrBp,0.16666666666666666,5,5,TTCGTCACGCTACCCTCACC,0,373747
acrBp,0.16666666666666666,5,5,TTCGGTGCTTGAGGCTTTCT,0,396089
acrBp,0.16666666666666666,5,5,TTCGGGAGCGCAGACGCTGT,0,391928
acrBp,0.16666666666666666,5,5,TTCGGCGTATACGACTTATC,0,359028
acrBp,0.16666666666666666,5,5,TTCCTTTGGGGCAAGCGGTT,0,360086
acrBp,0.16666666666666666,5,5,TTCCGTTTGTGCTATAGTTT,0,385705
acrBp,0.16666666666666666,5,5,TTCCGCAATTAACCGCGGGG,0,359347
acrBp,0.16666666666666666,5,5,TTCCATTTGTGAGTATCCGC,0,375016
acrBp,0.16666666666666666,5,5,TTCCACCATATGTACGCTTC,0,381290
acrBp,0.16666666666666666,5,5,TTCAGGATTCGAGAAGTGAC,0,365433
acrBp,0.16666666666666666,5,5,TTCAGCGTGCGCCCTAAATG,0,388636
acrBp,0.16666666666666666,5,5,TTATTCTGAGGTCCCTAATT,0,362170
acrBp,0.16666666666666666,5,5,TTATGCAAACCGTGTGAGAC,0,382470
acrBp,0.16666666666666666,5,5,TTATACTCTGTTGGTAGGGG,0,355935
acrBp,0.16666666666666666,5,5,TTAGTTGTATGGAGAAATCT,0,392414
acrBp,0.16666666666666666,5,5,TTAGTAGGGCTCTCCGAGGG,0,370082
acrBp,0.16666666666666666,5,5,TTAGCGGTGTAGCCAGCTCT,0,371144
acrBp,0.16666666666666666,5,5,TTAGCCATCCTCTTGCCACC,0,384765
acrBp,0.16666666666666666,5,5,TTACGTCCCACCGTATGGTT,0,360859
acrBp,0.16666666666666666,5,5,TTAAGTTAACAGGATAGCCT,0,404249
acrBp,0.16666666666666666,5,5,TTAAGTCCCTCAAAAATTTC,0,355115
acrBp,0.16666666666666666,5,5,TTAACAGGTCATAGGAAACT,0,370791
acrBp,0.16666666666666666,5,5,TGTTTTATCACTAGAGTTAC,0,385836
acrBp,0.16666666666666666,5,5,TGTTGACGAAGAGCCTATGA,0,402462
acrBp,0.16666666666666666,5,5,TGTTAAAAGAGTTAGGGATG,0,402683
acrBp,0.16666666666666666,5,5,TGTGTGAATTTACATTTCAG,0,367374
acrBp,0.16666666666666666,5,5,TGTGTCTCAGCAGCTCTCTA,0,404523
acrBp,0.16666666666666666,5,5,TGTGGCCCCTCCTAGTAGGG,0,364661
acrBp,0.16666666666666666,5,5,TGTGCACATCTAATGGGTGA,0,367474
acrBp,0.16666666666666666,5,5,TGTGATGTCTACGGCTCTTC,0,383668
acrBp,0.16666666666666666,5,5,TGTGATCCCTCTACTTCACA,0,400753
acrBp,0.16666666666666666,5,5,TGTGATAGCTTCAAACCGCT,0,363471
acrBp,0.16666666666666666,5,5,TGTGAGTCTCGGAACCAGTC,0,389609
acrBp,0.16666666666666666,5,5,TGTGAGTCCAAGATGTCAAT,0,379496
acrBp,0.16666666666666666,5,5,TGTCGTGTCACATGGATTCA,0,361996
acrBp,0.16666666666666666,5,5,TGTCCTATAGACCTCGGAAT,0,390357
acrBp,0.16666666666666666,5,5,TGTCCGCAAGCCTGATCCTG,0,363817
acrBp,0.16666666666666666,5,5,TGTCCACAATACTACTACTG,0,394480
acrBp,0.16666666666666666,5,5,TGTATATGGCAGATTCCAAA,0,381899
acrBp,0.16666666666666666,5,5,TGTACGGTAAACTAAACCCC,0,392685
acrBp,0.16666666666666666,5,5,TGTAAAGTACGGATTCTATC,0,400093
acrBp,0.16666666666666666,5,5,TGGTATGTAATGCCGACTGT,0,377854
acrBp,0.16666666666666666,5,5,TGGTAGCGATCGACTATCGC,0,366294
acrBp,0.16666666666666666,5,5,TGGGTTTTGAGCCAGACCCA,0,397431
acrBp,0.16666666666666666,5,5,TGGGGAATATTGCGAATGCC,0,382605
acrBp,0.16666666666666666,5,5,TGGGCTAGCCATAGTGGACA,0,407688
acrBp,0.16666666666666666,5,5,TGGCTCAGGTGTGGTCGCCT,0,389592
acrBp,0.16666666666666666,5,5,TGGCGTCTTCTGTGAGGGGT,0,373633
acrBp,0.16666666666666666,5,5,TGGCGCACTTGGTCAAGCGA,0,358822
acrBp,0.16666666666666666,5,5,TGGCACGTCTTGTTCTCCTG,0,363740
acrBp,0.16666666666666666,5,5,TGGCACCTGGGTGACGTGCT,0,360408
acrBp,0.16666666666666666,5,5,TGGCAAGGGGCTGGCATGCG,0,401040
acrBp,0.16666666666666666,5,5,TGGATGGGTTATGCAGCAGT,0,376580
acrBp,0.16666666666666666,5,5,TGGAGTAATGGGTTGCGATG,0,398523
acrBp,0.16666666666666666,5,5,TGGAGCCAGAGACGTCGTTA,0,379566
acrBp,0.16666666666666666,5,5,TGGAACGTTTGTGTATTTTA,0,361617
acrBp,0.16666666666666666,5,5,TGCTTTCCTGGCAGCACATA,0,360781
acrBp,0.16666666666666666,5,5,TGCTTGTCACCAGGACGTTG,0,366476
acrBp,0.16666666666666666,5,5,TGCTTCTAGGTTTCTACAGG,0,373575
acrBp,0.16666666666666666,5,5,TGCTTACTCATGGGTCAATT,0,380745
acrBp,0.16666666666666666,5,5,TGCTGGCTGGGCACAAGTTC,0,388879
acrBp,0.16666666666666666,5,5,TGCTCGGGTTACTGCTTCAA,0,363881
acrBp,0.16666666666666666,5,5,TGCTAGGCGGATCGTTTGTA,0,370593
acrBp,0.16666666666666666,5,5,TGCGTCCCGTTTTGGGTTAG,0,359860
acrBp,0.16666666666666666,5,5,TGCGGTAAATGCTCTATTGA,0,378669
acrBp,0.16666666666666666,5,5,TGCGCCCTCACGTAGACTAT,0,398828
acrBp,0.16666666666666666,5,5,TGCCTGGCTGGCTCCTCGCC,0,402255
acrBp,0.16666666666666666,5,5,TGCCTCTGCCCAAAAGCTAA,0,395288
acrBp,0.16666666666666666,5,5,TGCATCCAGCCAAAACGTGA,0,356041
acrBp,0.16666666666666666,5,5,TGCATATCAACTCGGTTGGG,0,361319
acrBp,0.16666666666666666,5,5,TGCAGTACAGTCTAACCAAA,0,392026
acrBp,0.16666666666666666,5,5,TGCAGCCTAGTCATGTTCTT,0,366532
acrBp,0.16666666666666666,5,5,TGCAGATTTGAGCACTGACT,0,389762
acrBp,0.16666666666666666,5,5,TGATGCTGGCGTCATCGTAT,0,391669
acrBp,0.16666666666666666,5,5,TGATCAGTTGAGGGCCGGAA,0,385366
acrBp,0.16666666666666666,5,5,TGATATGACCGGTGCACGCG,0,380233
acrBp,0.16666666666666666,5,5,TGAGTTTAGGGTGGAGCTCT,0,375076
acrBp,0.16666666666666666,5,5,TGAGTTGGTCTCGGTCCCTA,0,376696
acrBp,0.16666666666666666,5,5,TGAGTGCATAGTATTTGGGT,0,404763
acrBp,0.16666666666666666,5,5,TGAGGTCATCCCCCGGCCCA,0,385990
acrBp,0.16666666666666666,5,5,TGAGGGTGTTGCCAAATATC,0,390458
acrBp,0.16666666666666666,5,5,TGAGGCGGGATTGGGCTCTC,0,391097
acrBp,0.16666666666666666,5,5,TGAGCAACTGGAGCTTCTAA,0,366298
acrBp,0.16666666666666666,5,5,TGAGAACTATGTATTTTCCA,0,364913
acrBp,0.16666666666666666,5,5,TGACTATAGTGCTTCCCCAT,0,361346
acrBp,0.16666666666666666,5,5,TGACGGGGTACGTGAACCGG,0,406302
acrBp,0.16666666666666666,5,5,TGACGGGATGTCATATCGCC,0,391648
acrBp,0.16666666666666666,5,5,TGACCAGGATTCCAAGGTTA,0,381736
acrBp,0.16666666666666666,5,5,TGACACAGCAAGTTCCTGAT,0,397116
acrBp,0.16666666666666666,5,5,TGAATTGATCACTCGAGGCA,0,393188
acrBp,0.16666666666666666,5,5,TGAATTCGAATAGTATATCC,0,391615
acrBp,0.16666666666666666,5,5,TGAACTATAGCCTTATGCTA,0,367122
acrBp,0.16666666666666666,5,5,TGAACATCCGAGCATGAGAT,0,359947
acrBp,0.16666666666666666,5,5,TGAAATGGCGAACGCACACT,0,401524
acrBp,0.16666666666666666,5,5,TCTTTCTGACGAGCTCTTAA,0,363905
acrBp,0.16666666666666666,5,5,TCTTTCACTTTAAACCCTCC,0,384911
acrBp,0.16666666666666666,5,5,TCTTGTAGCAGGAATTATAG,0,403254
acrBp,0.16666666666666666,5,5,TCTTATTAGGGGGGATGAAA,0,379252
acrBp,0.16666666666666666,5,5,TCTGTGGTTTATTATTCGAT,0,402835
acrBp,0.16666666666666666,5,5,TCTGGTCTATTTGTACTTAA,0,408510
acrBp,0.16666666666666666,5,5,TCTGGATGGTAGTTCAAGCA,0,370704
acrBp,0.16666666666666666,5,5,TCTGCTGGGGCGGATGAGAC,0,373565
acrBp,0.16666666666666666,5,5,TCTGAACGTACAGGAGCTAG,0,362326
acrBp,0.16666666666666666,5,5,TCTCTCTTTAGCTCGGCAAG,0,399580
acrBp,0.16666666666666666,5,5,TCTCTCACACGGGTTCCAAC,0,362468
acrBp,0.16666666666666666,5,5,TCTCGCGTGCATAGATACCG,0,407849
acrBp,0.16666666666666666,5,5,TCTCCTGGACAACTTCGATG,0,360862
acrBp,0.16666666666666666,5,5,TCTCCCGCGGAACCATTATA,0,374720
acrBp,0.16666666666666666,5,5,TCTCACCGCTGAGCGCATAG,0,397197
acrBp,0.16666666666666666,5,5,TCTAGGGGGGTTCCTGCGCG,0,361016
acrBp,0.16666666666666666,5,5,TCTAGGAATGAACGAGTGTT,0,378648
acrBp,0.16666666666666666,5,5,TCTACATAGCCGTTCTAGCG,0,380276
acrBp,0.16666666666666666,5,5,TCTACAAGCCGCAGGTGGTC,0,375782
acrBp,0.16666666666666666,5,5,TCTAAGTAAACAACTGAGTT,0,379526
acrBp,0.16666666666666666,5,5,TCGTTGAGTTTTGATTAAAA,0,396428
acrBp,0.16666666666666666,5,5,TCGTTAATAACCTCCCCTAG,0,373509
acrBp,0.16666666666666666,5,5,TCGTGGCACTAATGACCGCG,0,394792
acrBp,0.16666666666666666,5,5,TCGTGCCACAACTAACTGCT,0,402065
acrBp,0.16666666666666666,5,5,TCGTGATGTTGCTATACCGA,0,358873
acrBp,0.16666666666666666,5,5,TCGTCGGAGTCGCGACTTTC,0,362973
acrBp,0.16666666666666666,5,5,TCGTCCCGCAGATAAGAATC,0,383876
acrBp,0.16666666666666666,5,5,TCGTAGGGGGACTACATCGT,0,397071
acrBp,0.16666666666666666,5,5,TCGTAAGGCAAGGGGCGTTT,0,390764
acrBp,0.16666666666666666,5,5,TCGTAACTAGGCTTGAGGTG,0,393543
acrBp,0.16666666666666666,5,5,TCGGGGTTTTAGAATAATGG,0,365491
acrBp,0.16666666666666666,5,5,TCGGGCTCATGGCCAACTTC,0,383711
acrBp,0.16666666666666666,5,5,TCGGCGTTTCCCCGTATATC,0,406644
acrBp,0.16666666666666666,5,5,TCGGATGGACCGGCGTTTGT,0,378962
acrBp,0.16666666666666666,5,5,TCGGAGAATGCGTCGTATTA,0,391753
acrBp,0.16666666666666666,5,5,TCGCTGGAGTCCACGGCACG,0,400916
acrBp,0.16666666666666666,5,5,TCGCTATTGGTCCTGTTGGT,0,402109
acrBp,0.16666666666666666,5,5,TCGCTATGGATCGAGCGATC,0,383420
acrBp,0.16666666666666666,5,5,TCGCCATAACGGTTGGCGAA,0,373741
acrBp,0.16666666666666666,5,5,TCGCAACTGTACGGTGGTTG,0,399727
acrBp,0.16666666666666666,5,5,TCGATGTCCGTGAACCGGAC,0,392775
acrBp,0.16666666666666666,5,5,TCGATCAGTCTGTTTACTTA,0,367908
acrBp,0.16666666666666666,5,5,TCGAAAATATGGAGGGGGTA,0,390681
acrBp,0.16666666666666666,5,5,TCCTGTCGTGGAATTCCACG,0,394514
acrBp,0.16666666666666666,5,5,TCCTGCTGCGACCGCGGGCT,0,406135
acrBp,0.16666666666666666,5,5,TCCTGCAAGGGATTCATTAT,0,395305
acrBp,0.16666666666666666,5,5,TCCTAAAACTACTGTATATA,0,405648
acrBp,0.16666666666666666,5,5,TCCGGATTGATTGTCGTGCA,0,400367
acrBp,0.16666666666666666,5,5,TCCGACAGCACCTCTTTGCC,0,381291
acrBp,0.16666666666666666,5,5,TCCCTCATCCAATGTGGCAT,0,360598
acrBp,0.16666666666666666,5,5,TCCCGGCATTGATTCTCGTT,0,391239
acrBp,0.16666666666666666,5,5,TCCCGCGGCGCCATTTCCGC,0,380557
acrBp,0.16666666666666666,5,5,TCCCCTAGAACGGTTAACGG,0,405313
acrBp,0.16666666666666666,5,5,TCCCCGGCGTTCGTAGGGCG,0,375557
acrBp,0.16666666666666666,5,5,TCCCACCTGAATACCATGAG,0,391760
acrBp,0.16666666666666666,5,5,TCCAGGCCCTAAGCCCTAAC,0,373401
acrBp,0.16666666666666666,5,5,TCCAGAGCCAATTGTCCGTC,0,369103
acrBp,0.16666666666666666,5,5,TCCAGACTCCATCTCGTTAC,0,402175
acrBp,0.16666666666666666,5,5,TCCACATTGTATGGGTATCG,0,367776
acrBp,0.16666666666666666,5,5,TCCAATTCTGTATGCGACGA,0,389747
acrBp,0.16666666666666666,5,5,TCCAAGGGCTTTGCCCATTT,0,387862
acrBp,0.16666666666666666,5,5,TCCAACGGTCGTAGACGATA,0,377877
acrBp,0.16666666666666666,5,5,TCATTTCACACTCGAACTAC,0,392578
acrBp,0.16666666666666666,5,5,TCATTATTTAGTTACCTTTT,0,361149
acrBp,0.16666666666666666,5,5,TCATGTGTTTTGCCGAGAAT,0,396443
acrBp,0.16666666666666666,5,5,TCATGCTGCAGGAACGGGTC,0,362694
acrBp,0.16666666666666666,5,5,TCATCGGACCTTTTAGAGGG,0,394594
acrBp,0.16666666666666666,5,5,TCATAGCGGGGCGTTGTCTA,0,405009
acrBp,0.16666666666666666,5,5,TCAGTACAGATGTCTCTCGC,0,407049
acrBp,0.16666666666666666,5,5,TCAGACTGGTATAACTAGCG,0,375491
acrBp,0.16666666666666666,5,5,TCAGACACGCGGAATGCGAT,0,373808
acrBp,0.16666666666666666,5,5,TCACTGAAAGGTCAGGTCAC,0,370991
acrBp,0.16666666666666666,5,5,TCACTCGTTGGATAACATAA,0,361230
acrBp,0.16666666666666666,5,5,TCACGTTTAAGATGGGTAAA,0,374942
acrBp,0.16666666666666666,5,5,TCACGGTTCGTTACCAGCTA,0,375234
acrBp,0.16666666666666666,5,5,TCAAGGTGACTGCATCTCCT,0,368472
acrBp,0.16666666666666666,5,5,TCAAGAATCGAGTCTGAGCC,0,366221
acrBp,0.16666666666666666,5,5,TCAACGATTCTAAATGGAAT,0,355508
acrBp,0.16666666666666666,5,5,TCAAACCTCCATCAGTTCCT,0,378013
acrBp,0.16666666666666666,5,5,TCAAAAGTCCTGTGTCTCGT,0,360392
acrBp,0.16666666666666666,5,5,TATTTCGCCGTTAGCCGGTT,0,383555
acrBp,0.16666666666666666,5,5,TATTAGTTCTTTCATTCTTC,0,361436
acrBp,0.16666666666666666,5,5,TATTAATAAGAGGCGGGTAT,0,373915
acrBp,0.16666666666666666,5,5,TATGGAGGGTGGGCGTCTGC,0,364711
acrBp,0.16666666666666666,5,5,TATGCGAATATCCAGAGTCG,0,398090
acrBp,0.16666666666666666,5,5,TATGAATATTGTTCAGCAAA,0,362064
acrBp,0.16666666666666666,5,5,TATCTTTGCCACGCCTCTAC,0,360638
acrBp,0.16666666666666666,5,5,TATCGGGGGCTCTGAGAGCA,0,387314
acrBp,0.16666666666666666,5,5,TATCGCACCGGACAGCAGTA,0,371464
acrBp,0.16666666666666666,5,5,TATCCGACGATAGGTACTGG,0,392344
acrBp,0.16666666666666666,5,5,TATATCATGATTTAGCGATA,0,396449
acrBp,0.16666666666666666,5,5,TATACCTGCCCTGTCGGCCG,0,396157
acrBp,0.16666666666666666,5,5,TATACAAGTGCTAAAGATAG,0,397159
acrBp,0.16666666666666666,5,5,TAGTTGCTGCCGACTGTTAC,0,362257
acrBp,0.16666666666666666,5,5,TAGTTAGATGGGGTAACGAA,0,382849
acrBp,0.16666666666666666,5,5,TAGGTTAGTCTTAACGACAT,0,374127
acrBp,0.16666666666666666,5,5,TAGGTCATCATGTATGGTGT,0,404414
acrBp,0.16666666666666666,5,5,TAGGTAGGCACGCACCAGGT,0,383459
acrBp,0.16666666666666666,5,5,TAGGGGCACTAACTGCCAGC,0,406943
acrBp,0.16666666666666666,5,5,TAGGGCACCTAGTAAGGCGA,0,400237
acrBp,0.16666666666666666,5,5,TAGGCGACTAGACATTAGGC,0,388044
acrBp,0.16666666666666666,5,5,TAGCGTCTACAGGGTGGTCA,0,366972
acrBp,0.16666666666666666,5,5,TAGATATGTGGCTGTCTACT,0,356345
acrBp,0.16666666666666666,5,5,TACTCTCCCGGCAAGGTGTC,0,369580
acrBp,0.16666666666666666,5,5,TACTCGGCCTAATATTCTTT,0,401451
acrBp,0.16666666666666666,5,5,TACGTGTTTTCCAGACCTCG,0,397151
acrBp,0.16666666666666666,5,5,TACGTGTGCCGAGACGTCGC,0,358183
acrBp,0.16666666666666666,5,5,TACCCGCGTGATGTTTGTTA,0,397309
acrBp,0.16666666666666666,5,5,TACACACGGGACGAAAAGGA,0,399146
acrBp,0.16666666666666666,5,5,TACAAGTCATTGAAATGCAA,0,357500
acrBp,0.16666666666666666,5,5,TACAACTATTACGCCAGACA,0,359978
acrBp,0.16666666666666666,5,5,TAATGACTCAAGTTCGACCC,0,390011
acrBp,0.16666666666666666,5,5,TAATCAGGTCAGGTTGGCAT,0,381645
acrBp,0.16666666666666666,5,5,TAATAGTTATCCGTTGCTCG,0,390870
acrBp,0.16666666666666666,5,5,TAATACACGCGCGACAGGCT,0,370077
acrBp,0.16666666666666666,5,5,TAAGTACTCGCGTACTATAG,0,394154
acrBp,0.16666666666666666,5,5,TAAGTACAGGAATACAATCC,0,356142
acrBp,0.16666666666666666,5,5,TAACTCTGACGCTGTTGTAA,0,400566
acrBp,0.16666666666666666,5,5,TAACTCAGTTAGTGTTTCGA,0,399851
acrBp,0.16666666666666666,5,5,TAACGTGTATCTCGAATGTT,0,379420
acrBp,0.16666666666666666,5,5,TAACACACGCAAAGGAGCAA,0,396710
acrBp,0.16666666666666666,5,5,TAAAACATGGGTTTCGCAAA,0,359523
acrBp,0.16666666666666666,5,5,GTTTTCCCAGGCTTAGCGCG,0,356034
acrBp,0.16666666666666666,5,5,GTTTCTCGTTTCAACGCGTA,0,396258
acrBp,0.16666666666666666,5,5,GTTTCCTTCCTTGTTCATTT,0,406051
acrBp,0.16666666666666666,5,5,GTTTCCATAGGGCGCAAAAT,0,407948
acrBp,0.16666666666666666,5,5,GTTTCAAAGATGAACGTAAT,0,388370
acrBp,0.16666666666666666,5,5,GTTTAACGTGGGGGGTAGCC,0,394174
acrBp,0.16666666666666666,5,5,GTTGTTTCCAGCTCAATGCG,0,364040
acrBp,0.16666666666666666,5,5,GTTGGGCCTTCCTCCGAGTA,0,377812
acrBp,0.16666666666666666,5,5,GTTGGCCAACCAGCTTTTCA,0,373506
acrBp,0.16666666666666666,5,5,GTTGAGCAGCTGGCAGAGTG,0,407099
acrBp,0.16666666666666666,5,5,GTTCGGTGGAGAAAAATGTC,0,400419
acrBp,0.16666666666666666,5,5,GTTCGCTAGGTCATGAGATA,0,359847
acrBp,0.16666666666666666,5,5,GTTCGCGGCATTTGTGAGCA,0,358712
acrBp,0.16666666666666666,5,5,GTTCGACCGAGATGCAGACC,0,379078
acrBp,0.16666666666666666,5,5,GTTATCCGTCGTTGGTGGCA,0,389446
acrBp,0.16666666666666666,5,5,GTTATAAGATGATAGAAATT,0,400612
acrBp,0.16666666666666666,5,5,GTTAGTTTAATACTTCGTGG,0,392817
acrBp,0.16666666666666666,5,5,GTTAGTGCCCCAATCAGATA,0,368631
acrBp,0.16666666666666666,5,5,GTTAGGTTAGGCTGCATTGA,0,408505
acrBp,0.16666666666666666,5,5,GTTAGGTCAGAACGGAGTAC,0,399247
acrBp,0.16666666666666666,5,5,GTTACGCCATATTCCTAGAA,0,381005
acrBp,0.16666666666666666,5,5,GTTAAGCTGCTGTGTAACGG,0,357327
acrBp,0.16666666666666666,5,5,GTTAACGGATGCACCCGGAA,0,377180
acrBp,0.16666666666666666,5,5,GTGTAGTGGATCTCCGCGAT,0,398033
acrBp,0.16666666666666666,5,5,GTGGTCGCAAAGAGAATTGC,0,356849
acrBp,0.16666666666666666,5,5,GTGGCCTTGGTTGAAGGGAC,0,387012
acrBp,0.16666666666666666,5,5,GTGGATTCGCATGACTGTAC,0,376751
acrBp,0.16666666666666666,5,5,GTGGATGGTCACTCGCTTCT,0,357046
acrBp,0.16666666666666666,5,5,GTGGAGTCAGGGTCGGGATG,0,372050
acrBp,0.16666666666666666,5,5,GTGCTCCGGCTTGCCATAGT,0,407260
acrBp,0.16666666666666666,5,5,GTGCGTCTCGGATCGTTTAA,0,386925
acrBp,0.16666666666666666,5,5,GTGCGCCCGAATCGGAGACC,0,358915
acrBp,0.16666666666666666,5,5,GTGCCGAAAGAAGATCTACT,0,360494
acrBp,0.16666666666666666,5,5,GTGCCCTGTTCCATGCCGGA,0,356233
acrBp,0.16666666666666666,5,5,GTGCAACGTGTTCCTGATAG,0,368006
acrBp,0.16666666666666666,5,5,GTGATGTTCATGGGATGCCC,0,386619
acrBp,0.16666666666666666,5,5,GTGAGTTTCATTGGACTCCT,0,387168
acrBp,0.16666666666666666,5,5,GTGAGTCAGGAATAAGACGG,0,394697
acrBp,0.16666666666666666,5,5,GTGAGCCGGGCTTAAAAATC,0,363101
acrBp,0.16666666666666666,5,5,GTGACATGATGTTCTGAATG,0,371586
acrBp,0.16666666666666666,5,5,GTGAATGAATTTATTCGATT,0,370631
acrBp,0.16666666666666666,5,5,GTGAAGAGTAAGCAGGCGCC,0,360350
acrBp,0.16666666666666666,5,5,GTGAAGACTTGCTTCTCGGT,0,402575
acrBp,0.16666666666666666,5,5,GTGAAACGGCTGACATTCAA,0,391696
acrBp,0.16666666666666666,5,5,GTGAAACACCACTATCATTA,0,404990
acrBp,0.16666666666666666,5,5,GTCTTGTACTGAAGCGGCCC,0,358314
acrBp,0.16666666666666666,5,5,GTCTTACATGGTGACACCCG,0,406972
acrBp,0.16666666666666666,5,5,GTCTGTTCGGTGGAGGGACG,0,367072
acrBp,0.16666666666666666,5,5,GTCTAGGGCACGAGAGACTT,0,406950
acrBp,0.16666666666666666,5,5,GTCTAACACTCACCTGAGCT,0,377966
acrBp,0.16666666666666666,5,5,GTCGTATCTACGGTTACGTG,0,367206
acrBp,0.16666666666666666,5,5,GTCGGTTCGATATCTGAGCT,0,378306
acrBp,0.16666666666666666,5,5,GTCGGCGTGCTGCCATGCGG,0,392248
acrBp,0.16666666666666666,5,5,GTCCTTGTCTCATGAACTTG,0,404274
acrBp,0.16666666666666666,5,5,GTCCTCACTCAGTTGTAAGT,0,366846
acrBp,0.16666666666666666,5,5,GTCCGGGACTAAACCGGAAA,0,379591
acrBp,0.16666666666666666,5,5,GTCCCTTACGAACGGCTCAA,0,404509
acrBp,0.16666666666666666,5,5,GTCATCGTGCATGCCCAGTG,0,393645
acrBp,0.16666666666666666,5,5,GTCAGGAGAGGCGCCCGTGT,0,366220
acrBp,0.16666666666666666,5,5,GTCACTAGAATGAACTATAC,0,357396
acrBp,0.16666666666666666,5,5,GTCACAACTCCTTCCACGGA,0,387217
acrBp,0.16666666666666666,5,5,GTCAAGTGAATCGGATTTTC,0,395782
acrBp,0.16666666666666666,5,5,GTATTGTTTACAGTTAGAGT,0,366807
acrBp,0.16666666666666666,5,5,GTATGAAACGCAGGAAATAG,0,383804
acrBp,0.16666666666666666,5,5,GTATCGGCCTTCGGGGCGTG,0,360260
acrBp,0.16666666666666666,5,5,GTATACGTAGTGGTGGTACT,0,356376
acrBp,0.16666666666666666,5,5,GTATACATGGGCGATGCTAT,0,379539
acrBp,0.16666666666666666,5,5,GTAGTTCGATTCTAAAACGG,0,373435
acrBp,0.16666666666666666,5,5,GTAGGATTCTCCAATCATTA,0,406225
acrBp,0.16666666666666666,5,5,GTAGCTTCAATCGGAAGATT,0,376040
acrBp,0.16666666666666666,5,5,GTAGCGTATTTAAGTTCACC,0,369840
acrBp,0.16666666666666666,5,5,GTAGCATACGGGACACGCGT,0,391178
acrBp,0.16666666666666666,5,5,GTACTGATCTATCAGAACAG,0,365709
acrBp,0.16666666666666666,5,5,GTACGTGTCATCTGGTATAG,0,376192
acrBp,0.16666666666666666,5,5,GTACCGATACTGGTGGGAAG,0,392833
acrBp,0.16666666666666666,5,5,GTACACGCTTCCATCTCACG,0,374280
acrBp,0.16666666666666666,5,5,GTAATACCGGGCGATGGATT,0,407312
acrBp,0.16666666666666666,5,5,GTAAGTGGCGTTCGGGCATG,0,360373
acrBp,0.16666666666666666,5,5,GTAACCATGGCAGAATACGG,0,386141
acrBp,0.16666666666666666,5,5,GGTTTGGATTTAGCCGTGGA,0,357403
acrBp,0.16666666666666666,5,5,GGTTGTTAAACAACGATAGA,0,360211
acrBp,0.16666666666666666,5,5,GGTTGGAATCCACCTGTGCT,0,380348
acrBp,0.16666666666666666,5,5,GGTTGCATGTCTCCATCCAC,0,363978
acrBp,0.16666666666666666,5,5,GGTTGAATAGCCCATCGACA,0,363233
acrBp,0.16666666666666666,5,5,GGTTCATTTAGTGGTACCGG,0,399030
acrBp,0.16666666666666666,5,5,GGTTATAGTTAATTTCACGC,0,371193
acrBp,0.16666666666666666,5,5,GGTGGGATGAGGGTTGCTCT,0,376307
acrBp,0.16666666666666666,5,5,GGTGCAGAAGTGGATACATT,0,367417
acrBp,0.16666666666666666,5,5,GGTGATATCCACGGCCCTCA,0,376901
acrBp,0.16666666666666666,5,5,GGTGAGTCCGGTCGGACAAT,0,407770
acrBp,0.16666666666666666,5,5,GGTCCACCTTCTTGAAATCC,0,391748
acrBp,0.16666666666666666,5,5,GGTCATCTCGATGTGATTGT,0,400800
acrBp,0.16666666666666666,5,5,GGTATCTCACCGACATTGGG,0,378347
acrBp,0.16666666666666666,5,5,GGTAGCTAGGCTTTTATACC,0,355858
acrBp,0.16666666666666666,5,5,GGTAGCCTCCCTATTGTGAT,0,386602
acrBp,0.16666666666666666,5,5,GGTAGATTTGCGACCATGGT,0,396202
acrBp,0.16666666666666666,5,5,GGTAGAACAACTTACCAGGT,0,361817
acrBp,0.16666666666666666,5,5,GGGTCACTGGTTCAACGTTG,0,386459
acrBp,0.16666666666666666,5,5,GGGTACCGCATCTGTTAGTG,0,380154
acrBp,0.16666666666666666,5,5,GGGTAAAAGGCATTTCAAAA,0,372144
acrBp,0.16666666666666666,5,5,GGGGTTCTTCTCAACTTCGT,0,367656
acrBp,0.16666666666666666,5,5,GGGGTGTCGCGGCATGGTCT,0,365797
acrBp,0.16666666666666666,5,5,GGGGTGAGTGGCCAGCTGGT,0,375471
acrBp,0.16666666666666666,5,5,GGGGTGAGATGGTCTTGCGA,0,390326
acrBp,0.16666666666666666,5,5,GGGGTCTGTTAGAGTGGGCT,0,374058
acrBp,0.16666666666666666,5,5,GGGGTCGCTGAGCCGAACGA,0,404420
acrBp,0.16666666666666666,5,5,GGGGTCGCGCGAGGTTCATG,0,371826
acrBp,0.16666666666666666,5,5,GGGGTACATTATCACTCGGT,0,357246
acrBp,0.16666666666666666,5,5,GGGGCTATTCGAACAAATTG,0,389254
acrBp,0.16666666666666666,5,5,GGGGCCACGCGGCACCGTGA,0,362910
acrBp,0.16666666666666666,5,5,GGGGCAGCGTACAAAAAAAT,0,358318
acrBp,0.16666666666666666,5,5,GGGGACATGCAACATAGCAA,0,363667
acrBp,0.16666666666666666,5,5,GGGCGTGGAATCTCGCTACG,0,399557
acrBp,0.16666666666666666,5,5,GGGCACGTAATGGCATCGTA,0,379914
acrBp,0.16666666666666666,5,5,GGGCACGAAACATGCGATAT,0,359293
acrBp,0.16666666666666666,5,5,GGGCAAAACGCACGTTTTAG,0,362249
acrBp,0.16666666666666666,5,5,GGGAGTTTAATACTTCCCAT,0,398109
acrBp,0.16666666666666666,5,5,GGGAGGATTCTTCTTTGTCA,0,374607
acrBp,0.16666666666666666,5,5,GGGAGCATGAGCCTAGCTTT,0,392292
acrBp,0.16666666666666666,5,5,GGGACGTAGCACGCCACGAC,0,361768
acrBp,0.16666666666666666,5,5,GGCTTGATGACGTCTCCCAT,0,373231
acrBp,0.16666666666666666,5,5,GGCTCATCGCCGGGACCGCC,0,378011
acrBp,0.16666666666666666,5,5,GGCTCATACAAGGTTACTGG,0,372850
acrBp,0.16666666666666666,5,5,GGCTCAGTCCGGAGTTAGGT,0,382678
acrBp,0.16666666666666666,5,5,GGCTATGGTGTTGACACCTC,0,360074
acrBp,0.16666666666666666,5,5,GGCTAAACCCCGGGACTCAT,0,373291
acrBp,0.16666666666666666,5,5,GGCGTTCCGGCCATTCACAA,0,358716
acrBp,0.16666666666666666,5,5,GGCGGTGCTTAGAGGCGCTG,0,404785
acrBp,0.16666666666666666,5,5,GGCCTTTCGCATCATCCAGC,0,375371
acrBp,0.16666666666666666,5,5,GGCCGAGAACCTAGAGTAAA,0,379804
acrBp,0.16666666666666666,5,5,GGCCCGGTAGCTATAGTCTG,0,370422
acrBp,0.16666666666666666,5,5,GGCCATTCTGTAGGGCGGAT,0,356713
acrBp,0.16666666666666666,5,5,GGCCAGAGATAGCGCGTGAT,0,362021
acrBp,0.16666666666666666,5,5,GGCATATTGCTTAAGGCCCA,0,407522
acrBp,0.16666666666666666,5,5,GGCATATGTCTCGCCCACAT,0,395505
acrBp,0.16666666666666666,5,5,GGATTTACTAGGTTGGAACG,0,405191
acrBp,0.16666666666666666,5,5,GGATGCCTAACAAAACCGCA,0,363910
acrBp,0.16666666666666666,5,5,GGATCGGCGAACAAATAGTA,0,392380
acrBp,0.16666666666666666,5,5,GGAGCGCCACGGTCCGCCTG,0,397345
acrBp,0.16666666666666666,5,5,GGACTTTTGATATTGGTAAG,0,403320
acrBp,0.16666666666666666,5,5,GGACTTAGGACATCCGGTGG,0,392484
acrBp,0.16666666666666666,5,5,GGACTCGCTTATTTCCTGCA,0,372940
acrBp,0.16666666666666666,5,5,GGACGTAGTGGATGTCACCA,0,388290
acrBp,0.16666666666666666,5,5,GGACGCTTGATTTTTGTGTG,0,383277
acrBp,0.16666666666666666,5,5,GGACGAAGCCCAATGCCTCA,0,405781
acrBp,0.16666666666666666,5,5,GGACCTGTGGGCGTCCATGA,0,372898
acrBp,0.16666666666666666,5,5,GGACAGAGTACATGGGACGA,0,388450
acrBp,0.16666666666666666,5,5,GGAATTCGATAGACAACAAT,0,403802
acrBp,0.16666666666666666,5,5,GGAATGTCCACGGAACCTTA,0,397774
acrBp,0.16666666666666666,5,5,GGAATGGCCGCTGTCACAAT,0,365937
acrBp,0.16666666666666666,5,5,GGAATGCTGCGGCGCTGGGA,0,363034
acrBp,0.16666666666666666,5,5,GGAATCTACTTTTTTAGATA,0,371728
acrBp,0.16666666666666666,5,5,GGAATAATCTATTCATGTCC,0,394545
acrBp,0.16666666666666666,5,5,GGAAGTGACCTTCTGTCCCG,0,401999
acrBp,0.16666666666666666,5,5,GGAAGGCAAGTCTACGCGCT,0,383081
acrBp,0.16666666666666666,5,5,GGAAGAGGCAACGTACGATA,0,372367
acrBp,0.16666666666666666,5,5,GGAACTTGCCTTGCAACAAC,0,384168
acrBp,0.16666666666666666,5,5,GGAACCACCTTTTTGGAATC,0,392668
acrBp,0.16666666666666666,5,5,GGAAATAATGCGTAGTTGCT,0,379101
acrBp,0.16666666666666666,5,5,GGAAAGGTCGTCCAAGATCA,0,383172
acrBp,0.16666666666666666,5,5,GGAAAATCGTGGGTAGCCAT,0,393681
acrBp,0.16666666666666666,5,5,GCTTTCGGTTCCACCGGGAC,0,403242
acrBp,0.16666666666666666,5,5,GCTTTCCACCCATCAAGGAC,0,405695
acrBp,0.16666666666666666,5,5,GCTCGCCTTGTTCACTGGCC,0,355226
acrBp,0.16666666666666666,5,5,GCTCGCCCCTCCGGACACGC,0,404972
acrBp,0.16666666666666666,5,5,GCTAGTATACTAGCCCAGAT,0,392364
acrBp,0.16666666666666666,5,5,GCTAGAACCCCGCGGCGCCT,0,392424
acrBp,0.16666666666666666,5,5,GCTACGGGGAACATGGCGTT,0,362850
acrBp,0.16666666666666666,5,5,GCGTTACTTCGCTTAGTTAC,0,403324
acrBp,0.16666666666666666,5,5,GCGTGTGGAGCCTGGGGAAA,0,406382
acrBp,0.16666666666666666,5,5,GCGTGGCTCTGCCAGAACAG,0,391166
acrBp,0.16666666666666666,5,5,GCGTGGAACGGCTAACAAAG,0,362929
acrBp,0.16666666666666666,5,5,GCGTGATCGCAGTTGCTTTG,0,357618
acrBp,0.16666666666666666,5,5,GCGTCGGGTTTGTTTTACAC,0,363512
acrBp,0.16666666666666666,5,5,GCGTATTGGAGCGACTCCTC,0,377273
acrBp,0.16666666666666666,5,5,GCGTAACTGACAGTTAGCGT,0,368418
acrBp,0.16666666666666666,5,5,GCGGTTCGTGGGACACGACC,0,373429
acrBp,0.16666666666666666,5,5,GCGGTGCAGATCTACCGGGC,0,393598
acrBp,0.16666666666666666,5,5,GCGGTGCACGTTTCCAATGA,0,401776
acrBp,0.16666666666666666,5,5,GCGGAGATGGATGTCAAGCA,0,377570
acrBp,0.16666666666666666,5,5,GCGCTTTCTACCTTGTTGAA,0,360021
acrBp,0.16666666666666666,5,5,GCGCGATCAGACGTGGTAAC,0,361517
acrBp,0.16666666666666666,5,5,GCGCAGTCTTAAGTTGCACA,0,376133
acrBp,0.16666666666666666,5,5,GCGCAAAATTGGCAGAGTAC,0,405386
acrBp,0.16666666666666666,5,5,GCGATGCTTTTCTCTTACTG,0,364185
acrBp,0.16666666666666666,5,5,GCGACTTATCCGCCGGGTCA,0,371177
acrBp,0.16666666666666666,5,5,GCGAAAGTCTTGACAGAAGT,0,357060
acrBp,0.16666666666666666,5,5,GCGAAAGCTGGATGGTGTGC,0,356854
acrBp,0.16666666666666666,5,5,GCCTCAAGTGGAATATCCTT,0,373025
acrBp,0.16666666666666666,5,5,GCCGTGTGCATCAGTACTCC,0,379805
acrBp,0.16666666666666666,5,5,GCCGCTACGGCCACAGGAAA,0,385501
acrBp,0.16666666666666666,5,5,GCCGCCCACTTGGATGCGGC,0,399933
acrBp,0.16666666666666666,5,5,GCCGAATGATAATGTAGCTT,0,397360
acrBp,0.16666666666666666,5,5,GCCCTTGACGGGCCGCGATG,0,386995
acrBp,0.16666666666666666,5,5,GCCCCTTCCAGCCCGTCAGA,0,364224
acrBp,0.16666666666666666,5,5,GCCCCCCGATATACATACGT,0,397489
acrBp,0.16666666666666666,5,5,GCCATTCCTAGAGCGCTACA,0,389214
acrBp,0.16666666666666666,5,5,GCCAGTGGGGAAAGAAATCG,0,392497
acrBp,0.16666666666666666,5,5,GCCAGAGAAGCTTCAGGCCT,0,396158
acrBp,0.16666666666666666,5,5,GCCAGAAGGGTTCAGCTCCA,0,401882
acrBp,0.16666666666666666,5,5,GCCAATTCGAACCGCATTGA,0,384029
acrBp,0.16666666666666666,5,5,GCCAACTATGTACTCGACAC,0,359419
acrBp,0.16666666666666666,5,5,GCATGCATGCAGGTTTAAGA,0,407297
acrBp,0.16666666666666666,5,5,GCATGAGCATCCATCCGGCA,0,362587
acrBp,0.16666666666666666,5,5,GCATATATCAAAACGGGCTT,0,385602
acrBp,0.16666666666666666,5,5,GCATAACTTGCATGTAAGGG,0,383190
acrBp,0.16666666666666666,5,5,GCAGTTGAAGCATGGATGTG,0,370249
acrBp,0.16666666666666666,5,5,GCAGGGAATCCATTCATCGC,0,384100
acrBp,0.16666666666666666,5,5,GCAGGACTTTCGGTAGTACA,0,397463
acrBp,0.16666666666666666,5,5,GCAGCTCCGTACCCGAAATC,0,390459
acrBp,0.16666666666666666,5,5,GCAGCGGCATATTATCACAA,0,361082
acrBp,0.16666666666666666,5,5,GCAGCCTTGGATCTGTCTTC,0,364084
acrBp,0.16666666666666666,5,5,GCAGATTTGGCGTGTGCGAA,0,394746
acrBp,0.16666666666666666,5,5,GCAGATTCTTCAGAAAGTGG,0,368999
acrBp,0.16666666666666666,5,5,GCACTTGAGACAGCCGAACG,0,371438
acrBp,0.16666666666666666,5,5,GCACCTCCTCCGAACCGTAT,0,364783
acrBp,0.16666666666666666,5,5,GCACCCCCCCATTACGAGCG,0,408304
acrBp,0.16666666666666666,5,5,GCACAGTCTGTCCGCCGCGC,0,394508
acrBp,0.16666666666666666,5,5,GCACACATCGTTAGTGGGAC,0,398687
acrBp,0.16666666666666666,5,5,GCAATTCAGCCGTTAAGCTA,0,379337
acrBp,0.16666666666666666,5,5,GCAAGTGAATCGACTTTGCG,0,397302
acrBp,0.16666666666666666,5,5,GCAAGCACGTGTGTTGGTGC,0,375617
acrBp,0.16666666666666666,5,5,GCAAGACGTCGCACTGAAGC,0,383951
acrBp,0.16666666666666666,5,5,GCAACTAATGAGACGGTGTA,0,362004
acrBp,0.16666666666666666,5,5,GCAACCAGCGCTCGAATGAA,0,384611
acrBp,0.16666666666666666,5,5,GCAAACAAGGGGGCTTGATC,0,360488
acrBp,0.16666666666666666,5,5,GCAAAATCGCTTAGCAGATG,0,401897
acrBp,0.16666666666666666,5,5,GATTTGGGATGCACGGAGCT,0,379852
acrBp,0.16666666666666666,5,5,GATTGTGAAACGGTAACCGA,0,377243
acrBp,0.16666666666666666,5,5,GATTCTCCCGCACCCGCATA,0,378442
acrBp,0.16666666666666666,5,5,GATTCAGCAAGCATGCACCT,0,378348
acrBp,0.16666666666666666,5,5,GATGTGTGGCTCCCATACGG,0,363087
acrBp,0.16666666666666666,5,5,GATGCGGGGTCAAAGATTCT,0,365001
acrBp,0.16666666666666666,5,5,GATCTTCCCTTAAACTCGGC,0,364512
acrBp,0.16666666666666666,5,5,GATCGAGTTGGCCCTTAACC,0,380520
acrBp,0.16666666666666666,5,5,GATCGAAGTGCCCTTTCTGT,0,375492
acrBp,0.16666666666666666,5,5,GATCCCTGAATCGTTCGCTT,0,393308
acrBp,0.16666666666666666,5,5,GATCAGTGCGTGGAGATTCC,0,378304
acrBp,0.16666666666666666,5,5,GATACGGTACGAACCAGAAC,0,406538
acrBp,0.16666666666666666,5,5,GATACGATAGGGAACTGGAG,0,356935
acrBp,0.16666666666666666,5,5,GAGTCCGAAGAAAGTGCCTA,0,384672
acrBp,0.16666666666666666,5,5,GAGGCGACACCGATCTACAC,0,399412
acrBp,0.16666666666666666,5,5,GAGGCCTCAATAGGAACCTA,0,392604
acrBp,0.16666666666666666,5,5,GAGCTGTGACTGAATCTACA,0,400978
acrBp,0.16666666666666666,5,5,GAGCGATGCGCGGATTCCGT,0,394037
acrBp,0.16666666666666666,5,5,GAGCCGGTTTGCGATCACTA,0,362473
acrBp,0.16666666666666666,5,5,GAGAGCAAACTAGTAGAGGC,0,375367
acrBp,0.16666666666666666,5,5,GAGACCGTGCCTTTGTTTTT,0,386712
acrBp,0.16666666666666666,5,5,GAGAAGTGGAATTTGTGATG,0,392269
acrBp,0.16666666666666666,5,5,GAGAAGCTGGGAAATTTTTG,0,369888
acrBp,0.16666666666666666,5,5,GACTTTATACCAGTCTGGGT,0,382823
acrBp,0.16666666666666666,5,5,GACTTCTTCTATCGTCGGAT,0,365027
acrBp,0.16666666666666666,5,5,GACTGATAACATAAGCTAAA,0,362743
acrBp,0.16666666666666666,5,5,GACTCGGATCATAACCTACT,0,378748
acrBp,0.16666666666666666,5,5,GACGTCCGTGGCGCGGGCCT,0,373138
acrBp,0.16666666666666666,5,5,GACGGTTTCTGGCTGGCAAA,0,379475
acrBp,0.16666666666666666,5,5,GACGGATGCGCTTGTTTCGG,0,404894
acrBp,0.16666666666666666,5,5,GACGGACTATAAGTTCTGCT,0,396037
acrBp,0.16666666666666666,5,5,GACGCGAGTGTCAATGGGTT,0,400667
acrBp,0.16666666666666666,5,5,GACGCCCTGAAAGGGCCAGT,0,399443
acrBp,0.16666666666666666,5,5,GACCTATCCCCCACCAGACT,0,381831
acrBp,0.16666666666666666,5,5,GACCGATCATGATTGATCGT,0,360148
acrBp,0.16666666666666666,5,5,GACCCCCTGCGAGTACATTT,0,392686
acrBp,0.16666666666666666,5,5,GACCAATTAGTCATCCTTCA,0,383646
acrBp,0.16666666666666666,5,5,GACATTCAGTTTCGGGTCCA,0,381673
acrBp,0.16666666666666666,5,5,GACATGTAGACCCTCGGCCC,0,368068
acrBp,0.16666666666666666,5,5,GACATGCCGAGGGCCGCGTT,0,384141
acrBp,0.16666666666666666,5,5,GACATCCACTCGAGTATCGC,0,395569
acrBp,0.16666666666666666,5,5,GACAGCTTTAGGGCGAGGGA,0,365772
acrBp,0.16666666666666666,5,5,GACACTGGCAGTCATCTTAG,0,399123
acrBp,0.16666666666666666,5,5,GACACCGTCTGGGGGACGCG,0,398120
acrBp,0.16666666666666666,5,5,GACACCAAGTTTCTTTCTCG,0,364069
acrBp,0.16666666666666666,5,5,GAATTTATTCGGCAACATAA,0,372460
acrBp,0.16666666666666666,5,5,GAATTGGTCTGTATAAGGTC,0,404051
acrBp,0.16666666666666666,5,5,GAATTGGAATTACGGCGCGG,0,382347
acrBp,0.16666666666666666,5,5,GAATTAAGGATTATAGACGT,0,360125
acrBp,0.16666666666666666,5,5,GAATGGTTGGGTAGACGATG,0,374907
acrBp,0.16666666666666666,5,5,GAATGGCACGGCACGATAAA,0,367733
acrBp,0.16666666666666666,5,5,GAATGCTGGAAAACTCGGAT,0,376782
acrBp,0.16666666666666666,5,5,GAATCTGTGGACGGGAAAGG,0,370102
acrBp,0.16666666666666666,5,5,GAATCAAGAGTCTCGGGGCA,0,357790
acrBp,0.16666666666666666,5,5,GAATACTTATTATTTCTGGA,0,380697
acrBp,0.16666666666666666,5,5,GAATACGGCTTCGTGCCAAA,0,382715
acrBp,0.16666666666666666,5,5,GAATACGGAAACTTTCGTAT,0,357328
acrBp,0.16666666666666666,5,5,GAAGTCTGTTTATCGGGATT,0,385143
acrBp,0.16666666666666666,5,5,GAAGTAGCGTCATGGTCCAT,0,393115
acrBp,0.16666666666666666,5,5,GAAGTACGAACAGGTCCTAC,0,376228
acrBp,0.16666666666666666,5,5,GAAGGGAAGCAAAGTTAGCA,0,388602
acrBp,0.16666666666666666,5,5,GAAGAAGCCATGGTGCCAGA,0,378428
acrBp,0.16666666666666666,5,5,GAACATAACTGTGTCCCCGA,0,388833
acrBp,0.16666666666666666,5,5,GAACACTACTACTCGCCGAT,0,393315
acrBp,0.16666666666666666,5,5,GAACACCCCCTTTCAGCCCC,0,399975
acrBp,0.16666666666666666,5,5,GAAAGATTTGGCGTTTGGAC,0,365608
acrBp,0.16666666666666666,5,5,GAAACACCAACTTTAGAAGG,0,387713
acrBp,0.16666666666666666,5,5,CTTTTCGCAGTCCTGATTTC,0,397982
acrBp,0.16666666666666666,5,5,CTTTCCTTAATTCTCGTGAA,0,392868
acrBp,0.16666666666666666,5,5,CTTTAGATACACGCCTCGCG,0,362852
acrBp,0.16666666666666666,5,5,CTTGTGACAGACGTATTTGC,0,376320
acrBp,0.16666666666666666,5,5,CTTGTCACTGACTCATGTAT,0,378668
acrBp,0.16666666666666666,5,5,CTTGGGTACACGGGGAGCGC,0,371078
acrBp,0.16666666666666666,5,5,CTTGAGGGTAACCGGTTCAG,0,379825
acrBp,0.16666666666666666,5,5,CTTGAAAGTTGCAGCATGGT,0,373335
acrBp,0.16666666666666666,5,5,CTTCGCTTCAAACACCAGCA,0,393507
acrBp,0.16666666666666666,5,5,CTTCGACCCTGCTCGCGAGC,0,370566
acrBp,0.16666666666666666,5,5,CTTCCCAGCCAAATGTTACA,0,369714
acrBp,0.16666666666666666,5,5,CTTCAAATTCCTTAAAGGAC,0,369680
acrBp,0.16666666666666666,5,5,CTTATTTCAATCTTGTAAGG,0,385557
acrBp,0.16666666666666666,5,5,CTTATCTCTGTGGGATTGGG,0,390722
acrBp,0.16666666666666666,5,5,CTTAGAGTTATTTAACGCTA,0,379802
acrBp,0.16666666666666666,5,5,CTTAGAATTGCGACCGGTCC,0,366927
acrBp,0.16666666666666666,5,5,CTTACGGTCGCAAGACTCCA,0,357897
acrBp,0.16666666666666666,5,5,CTTACAAGGAACCTGTCAGC,0,389047
acrBp,0.16666666666666666,5,5,CTGTGAGGACTGGTTGCTCA,0,388532
acrBp,0.16666666666666666,5,5,CTGTCCAGCTTGTGGCTACG,0,380245
acrBp,0.16666666666666666,5,5,CTGTATGGAGAAGTGGTTTT,0,400246
acrBp,0.16666666666666666,5,5,CTGTATCTTCGGCCTTACCT,0,358578
acrBp,0.16666666666666666,5,5,CTGGTGGTAGTTCAATTAAT,0,360973
acrBp,0.16666666666666666,5,5,CTGGTCCTCATCTCACTAAC,0,393669
acrBp,0.16666666666666666,5,5,CTGGGTTTCGGGATAATCAT,0,391345
acrBp,0.16666666666666666,5,5,CTGGGTAGCGAACGGCCCAT,0,356076
acrBp,0.16666666666666666,5,5,CTGGCGATGGAGGCTACCTG,0,366358
acrBp,0.16666666666666666,5,5,CTGGCCTCCGAAGAGTTTGT,0,392912
acrBp,0.16666666666666666,5,5,CTGGAGATACGTCGGATTTC,0,375300
acrBp,0.16666666666666666,5,5,CTGCGTCGTTGCCAGAATAC,0,391313
acrBp,0.16666666666666666,5,5,CTGCCATGCTGTGGCATGCA,0,357987
acrBp,0.16666666666666666,5,5,CTGAATCATATCCCGACGCT,0,380770
acrBp,0.16666666666666666,5,5,CTGAATAAAATCTAGCCGTC,0,376774
acrBp,0.16666666666666666,5,5,CTGAAGGAAAGGCCTATCCC,0,368996
acrBp,0.16666666666666666,5,5,CTCTGACTGCTTAAGAGCGA,0,400591
acrBp,0.16666666666666666,5,5,CTCTCCACAGACACATATCA,0,408536
acrBp,0.16666666666666666,5,5,CTCTACGGTGCATCTCGAAA,0,359697
acrBp,0.16666666666666666,5,5,CTCTAAATTCCAATTCGTTT,0,379534
acrBp,0.16666666666666666,5,5,CTCGGGCACGCCCACATAAA,0,358190
acrBp,0.16666666666666666,5,5,CTCGGCCGATAGGGCGCCCT,0,357158
acrBp,0.16666666666666666,5,5,CTCGGATCCCTTATGTGCGG,0,360487
acrBp,0.16666666666666666,5,5,CTCCCTCTTGGCCTTTGGAG,0,380160
acrBp,0.16666666666666666,5,5,CTCCAGCCTCAGGGAATATA,0,396947
acrBp,0.16666666666666666,5,5,CTCCAATCTTAACCTCGTCA,0,373895
acrBp,0.16666666666666666,5,5,CTCATTAGAATACACTGGCT,0,386375
acrBp,0.16666666666666666,5,5,CTCATGGGATCCCGAGGGAG,0,365792
acrBp,0.16666666666666666,5,5,CTCATCGCTGTGCGTATGAG,0,358917
acrBp,0.16666666666666666,5,5,CTCAAGTTAGCGCTTGGCCC,0,377865
acrBp,0.16666666666666666,5,5,CTCAAGCAGTCTGAGACTGT,0,405357
acrBp,0.16666666666666666,5,5,CTCAAAACCTGAGGCTGGGG,0,357827
acrBp,0.16666666666666666,5,5,CTATTACACATAAGGGTCTT,0,403845
acrBp,0.16666666666666666,5,5,CTATATGACTCAGTGTCAGG,0,374355
acrBp,0.16666666666666666,5,5,CTATAGTGTAATTGGAAAGC,0,364955
acrBp,0.16666666666666666,5,5,CTAGTGTGCACGCGCCGGCC,0,375729
acrBp,0.16666666666666666,5,5,CTAGGCCTAGAAGCTATATT,0,355806
acrBp,0.16666666666666666,5,5,CTAGGATCCTTCTGCGGAGG,0,400754
acrBp,0.16666666666666666,5,5,CTAGCATCAATATAATGGGA,0,391024
acrBp,0.16666666666666666,5,5,CTAGCACAACATTAGCACTG,0,395540
acrBp,0.16666666666666666,5,5,CTACGCTATAGCCTTGAATT,0,400798
acrBp,0.16666666666666666,5,5,CTACGATTCTATTCGTACGG,0,377885
acrBp,0.16666666666666666,5,5,CTACCGCGCGCACTGCTCAG,0,394572
acrBp,0.16666666666666666,5,5,CTACCGCATTACGATTCAGG,0,398232
acrBp,0.16666666666666666,5,5,CTAATTGACAGCAATCAGGC,0,368804
acrBp,0.16666666666666666,5,5,CTAAGTTCTGCAATGATTAG,0,376369
acrBp,0.16666666666666666,5,5,CTAAGCATCGGAGGCATATA,0,399451
acrBp,0.16666666666666666,5,5,CTAAGAATTGGAGGGTGCTT,0,408449
acrBp,0.16666666666666666,5,5,CTAACAGCGTGGATGGTCAG,0,372787
acrBp,0.16666666666666666,5,5,CGTTTTTAGGGCTTTGCGGC,0,373362
acrBp,0.16666666666666666,5,5,CGTTTGACTTGTTGGCCAGG,0,376952
acrBp,0.16666666666666666,5,5,CGTTTCAGTACCCGAGGGTG,0,371139
acrBp,0.16666666666666666,5,5,CGTTGTAGGTCACGCAGCAT,0,364127
acrBp,0.16666666666666666,5,5,CGTTGAATTGAGTGTGCTTG,0,382016
acrBp,0.16666666666666666,5,5,CGTTCGCAGCAGAGCCTGGG,0,383258
acrBp,0.16666666666666666,5,5,CGTTCAACTTAGGACTAGCA,0,372015
acrBp,0.16666666666666666,5,5,CGTTAAGGACGAGCTGCACT,0,383795
acrBp,0.16666666666666666,5,5,CGTGGGTGGGTGAGCTGTCC,0,355335
acrBp,0.16666666666666666,5,5,CGTGCGCGCGGTACTAAGCG,0,363214
acrBp,0.16666666666666666,5,5,CGTGCCACGCCCAAACAGCA,0,405356
acrBp,0.16666666666666666,5,5,CGTCTAATCGTTGGCAGTCC,0,384870
acrBp,0.16666666666666666,5,5,CGTCGTATGATACTGTACGG,0,391985
acrBp,0.16666666666666666,5,5,CGTCCCTGGCATAAATGCAG,0,380436
acrBp,0.16666666666666666,5,5,CGTCCACAACCTTGATTTCC,0,400346
acrBp,0.16666666666666666,5,5,CGTCAGTAAGGGGTTGCGAT,0,402659
acrBp,0.16666666666666666,5,5,CGTATTTAAAGATCCAGCTC,0,356942
acrBp,0.16666666666666666,5,5,CGTAGCGCATGGTATTCCCC,0,400672
acrBp,0.16666666666666666,5,5,CGTAATTTGTCCGGGCTTGA,0,359934
acrBp,0.16666666666666666,5,5,CGTAATACGACATTTGGCTG,0,357331
acrBp,0.16666666666666666,5,5,CGTAACCGCAACGAATTCCG,0,370094
acrBp,0.16666666666666666,5,5,CGGTTGCACCCAAAGGATCA,0,383549
acrBp,0.16666666666666666,5,5,CGGTGCGTAAGACCAGGAGG,0,374345
acrBp,0.16666666666666666,5,5,CGGTCGATGGTGAATTCGGT,0,398133
acrBp,0.16666666666666666,5,5,CGGGGGAACTCATCTCGGCA,0,373783
acrBp,0.16666666666666666,5,5,CGGGGAACGGACAAACCAAA,0,400900
acrBp,0.16666666666666666,5,5,CGGGCATGGTTAGCGAGGGT,0,356393
acrBp,0.16666666666666666,5,5,CGGCGTTTTGCATGAATCCA,0,395584
acrBp,0.16666666666666666,5,5,CGGCGTGTGAGTGGCCAGCC,0,356178
acrBp,0.16666666666666666,5,5,CGGCGTGGCCGTAGCGGGTG,0,374106
acrBp,0.16666666666666666,5,5,CGGCGCCTGGTCCTAGATCA,0,378651
acrBp,0.16666666666666666,5,5,CGGCAAGATGTGTATACAGG,0,378980
acrBp,0.16666666666666666,5,5,CGGAGAAATCGCGGGGTGTA,0,401866
acrBp,0.16666666666666666,5,5,CGGACTGTAGGGGTTGATAC,0,356159
acrBp,0.16666666666666666,5,5,CGCTTACACCGAGTATTGGA,0,370638
acrBp,0.16666666666666666,5,5,CGCTGAGCGATTTGCCGGAG,0,403321
acrBp,0.16666666666666666,5,5,CGCTCGTGCCTGCGATCCCT,0,364760
acrBp,0.16666666666666666,5,5,CGCTCGTGAAGGGGTGTTGC,0,407634
acrBp,0.16666666666666666,5,5,CGCTCGGTTACCACCTCAGA,0,368007
acrBp,0.16666666666666666,5,5,CGCTCGGACGGCGAGGGTGT,0,372313
acrBp,0.16666666666666666,5,5,CGCTCCGTTGCTCGTTCTGA,0,359707
acrBp,0.16666666666666666,5,5,CGCTCCCCGTCAACGATGGT,0,403770
acrBp,0.16666666666666666,5,5,CGCTATATGCCAGCATTATG,0,369169
acrBp,0.16666666666666666,5,5,CGCGTCTTTGGTCGAAGATA,0,382170
acrBp,0.16666666666666666,5,5,CGCGGGGACAACGCGGAGAA,0,403752
acrBp,0.16666666666666666,5,5,CGCGACAGACTTCCCGTCAC,0,383653
acrBp,0.16666666666666666,5,5,CGCGAATTCACTGCAGACAC,0,398774
acrBp,0.16666666666666666,5,5,CGCCTAGCTAGGAAAAAGAA,0,395185
acrBp,0.16666666666666666,5,5,CGCCGCTAAGTGTGCATTTA,0,377197
acrBp,0.16666666666666666,5,5,CGCCCTGCCCTTAGGTTAGG,0,388400
acrBp,0.16666666666666666,5,5,CGCCCGTGCCCTACATTCCG,0,370722
acrBp,0.16666666666666666,5,5,CGCCCGGAATGTAGTCTCTA,0,386232
acrBp,0.16666666666666666,5,5,CGCCCGCTTGTGAATCTCAT,0,393340
acrBp,0.16666666666666666,5,5,CGCCAAACGCAGGAAAAATA,0,372550
acrBp,0.16666666666666666,5,5,CGCATAGTGACACGTTTCTT,0,395328
acrBp,0.16666666666666666,5,5,CGCAAGCCTCGGCTTTTACA,0,358674
acrBp,0.16666666666666666,5,5,CGCAAGAAACTATTGGGATC,0,366624
acrBp,0.16666666666666666,5,5,CGCAACGTACCCAGGCTCTA,0,381386
acrBp,0.16666666666666666,5,5,CGATGTGCCGTCCTTTTCAA,0,373511
acrBp,0.16666666666666666,5,5,CGATGCCTATTCAGCCCCGT,0,369233
acrBp,0.16666666666666666,5,5,CGATCATGACTGTCACGTTT,0,398108
acrBp,0.16666666666666666,5,5,CGATATCCGAGAAGATTTGA,0,374561
acrBp,0.16666666666666666,5,5,CGAGTTGTCATTGGCCATAC,0,386457
acrBp,0.16666666666666666,5,5,CGAGTACACAAGATAATGAC,0,382595
acrBp,0.16666666666666666,5,5,CGAGGCACAGCTATAGTGGG,0,373681
acrBp,0.16666666666666666,5,5,CGAGAGGCATTATGGGGCGC,0,396769
acrBp,0.16666666666666666,5,5,CGAGACTTAGTGGTTTTTGT,0,382834
acrBp,0.16666666666666666,5,5,CGAGACTAGATGGGTGCCAA,0,388748
acrBp,0.16666666666666666,5,5,CGACTTCGACCCTATTTTGC,0,370243
acrBp,0.16666666666666666,5,5,CGACTATTACTCGTACTAAA,0,378001
acrBp,0.16666666666666666,5,5,CGACCCTTGGATCGTCATAC,0,380132
acrBp,0.16666666666666666,5,5,CGACCCATGTGATAATTGTG,0,395013
acrBp,0.16666666666666666,5,5,CGACAGGCATAGTTCCAGTG,0,363102
acrBp,0.16666666666666666,5,5,CGAATGGAGTCCGTATTTTT,0,398434
acrBp,0.16666666666666666,5,5,CGAATCAATGGGACAGGACA,0,355104
acrBp,0.16666666666666666,5,5,CGAATATGCTACGAGACCAC,0,396944
acrBp,0.16666666666666666,5,5,CGAAGGGTGAGCTAGACCGC,0,401364
acrBp,0.16666666666666666,5,5,CGAAGGGACTATGCCGTTCA,0,407350
acrBp,0.16666666666666666,5,5,CGAACGTAATCAGCCATTAG,0,380679
acrBp,0.16666666666666666,5,5,CGAACGAAACTGTAATAGGT,0,359198
acrBp,0.16666666666666666,5,5,CGAAAACGTCCACAACCCCG,0,356057
acrBp,0.16666666666666666,5,5,CCTTTTCCCAATTCGAGAGA,0,366650
acrBp,0.16666666666666666,5,5,CCTTGATTGACCAAGGCGGT,0,408130
acrBp,0.16666666666666666,5,5,CCTGTGAGCTGATCTTTTGG,0,385346
acrBp,0.16666666666666666,5,5,CCTGGTCCGCATTTTTTAGG,0,386829
acrBp,0.16666666666666666,5,5,CCTGGTCAGTTAGTGCCGTT,0,379822
acrBp,0.16666666666666666,5,5,CCTGCATTGGGACTTCAGGA,0,358501
acrBp,0.16666666666666666,5,5,CCTCTTTTGAAATGCCCCAC,0,373340
acrBp,0.16666666666666666,5,5,CCTCTTCAAGAGGGGCGGGC,0,393935
acrBp,0.16666666666666666,5,5,CCTCGGCGTGGTTTAAGTCT,0,386079
acrBp,0.16666666666666666,5,5,CCTCGCTCGCAAGCCTAAGG,0,377876
acrBp,0.16666666666666666,5,5,CCTCGATTCTCCGTATACGA,0,407925
acrBp,0.16666666666666666,5,5,CCTCCAACTTACTGTACGAG,0,373334
acrBp,0.16666666666666666,5,5,CCTCATTCGGCACCAGTCTG,0,405992
acrBp,0.16666666666666666,5,5,CCTCAGACATGTACTCTTTT,0,366960
acrBp,0.16666666666666666,5,5,CCTATGTTTCAGTACATTCT,0,364359
acrBp,0.16666666666666666,5,5,CCTAAGAATTCAATAAATAC,0,368401
acrBp,0.16666666666666666,5,5,CCTAACAGTCTGGGTCCAGA,0,401210
acrBp,0.16666666666666666,5,5,CCGTGCCAGCAGATCACACG,0,360383
acrBp,0.16666666666666666,5,5,CCGTCGAATCGGGTGTTATA,0,378135
acrBp,0.16666666666666666,5,5,CCGTATCCTGCTTAGCCAGG,0,384817
acrBp,0.16666666666666666,5,5,CCGTAGCTACACGTAATAGT,0,397525
acrBp,0.16666666666666666,5,5,CCGGTATCTCGATCGGGTTG,0,355844
acrBp,0.16666666666666666,5,5,CCGGTAGCAATGGTGAACAA,0,405520
acrBp,0.16666666666666666,5,5,CCGGGAGGATCTGTGACCCA,0,366969
acrBp,0.16666666666666666,5,5,CCGGCTGATGCCTCAACTGG,0,360835
acrBp,0.16666666666666666,5,5,CCGGCGTGGAAGCACAGTCA,0,359769
acrBp,0.16666666666666666,5,5,CCGGCCTTTTCTGGTGCGTG,0,404706
acrBp,0.16666666666666666,5,5,CCGCTCGATACGCTCCGTGT,0,374258
acrBp,0.16666666666666666,5,5,CCGCATACAGGAGCTAAGGT,0,385743
acrBp,0.16666666666666666,5,5,CCGCAAGCCGGACTCGTTCA,0,405763
acrBp,0.16666666666666666,5,5,CCGAGCGGAGTGACTTGTCG,0,374093
acrBp,0.16666666666666666,5,5,CCGAGAGGTATTCATCCGAC,0,393791
acrBp,0.16666666666666666,5,5,CCGAAATAGTAACATTACGT,0,368327
acrBp,0.16666666666666666,5,5,CCCTTCTAGCTAGGGCCATA,0,388325
acrBp,0.16666666666666666,5,5,CCCTTCGCCTTAAATCAAGT,0,398592
acrBp,0.16666666666666666,5,5,CCCTGGTCGGTGCTAACAGA,0,385698
acrBp,0.16666666666666666,5,5,CCCTAGGGCTACGCCTGAGC,0,389046
acrBp,0.16666666666666666,5,5,CCCGTTAATCGGGGGATAGA,0,388642
acrBp,0.16666666666666666,5,5,CCCGTCATGTCGAGCGGCAA,0,360266
acrBp,0.16666666666666666,5,5,CCCGGCGGGTCGAATAGATC,0,383246
acrBp,0.16666666666666666,5,5,CCCGAAGCTAGCCCAATGGA,0,394373
acrBp,0.16666666666666666,5,5,CCCCTGGCCGCACATGCTCA,0,390262
acrBp,0.16666666666666666,5,5,CCCCGATATACATATTTTGA,0,363011
acrBp,0.16666666666666666,5,5,CCCCCTCGTCCAAACCAGAT,0,401556
acrBp,0.16666666666666666,5,5,CCCCCCAGAGTCTGTCTAGT,0,357994
acrBp,0.16666666666666666,5,5,CCCATTGTCAGGTTGGCGGC,0,400083
acrBp,0.16666666666666666,5,5,CCCATTCGGGGCAGAGGTGC,0,387028
acrBp,0.16666666666666666,5,5,CCCATGGAGCGGATGTGATT,0,404440
acrBp,0.16666666666666666,5,5,CCCATCAATAAATGGTTATG,0,408459
acrBp,0.16666666666666666,5,5,CCCATACCCAAGTTGTCTAG,0,399884
acrBp,0.16666666666666666,5,5,CCCACTTGTTCGAAACCGAC,0,404619
acrBp,0.16666666666666666,5,5,CCCAAAAAGGTTAAGAATTA,0,385459
acrBp,0.16666666666666666,5,5,CCATGTCACGCGGTCCCTGT,0,390496
acrBp,0.16666666666666666,5,5,CCATGGTCGAACTGTTTATT,0,393560
acrBp,0.16666666666666666,5,5,CCATGGCAAGGAGGGTTGGA,0,369793
acrBp,0.16666666666666666,5,5,CCATGCGCGAGTGGTGGCGA,0,406237
acrBp,0.16666666666666666,5,5,CCATGAGTAATGTCGGACGT,0,401250
acrBp,0.16666666666666666,5,5,CCATATTTACAAATGTAGCG,0,393375
acrBp,0.16666666666666666,5,5,CCAGTATGACCTCCTTCGTT,0,404592
acrBp,0.16666666666666666,5,5,CCAGGTGTTAGCGCCAAGTT,0,384941
acrBp,0.16666666666666666,5,5,CCAGGCCTGGGAAAGGCCTA,0,403599
acrBp,0.16666666666666666,5,5,CCAGGATACTGGCAATATGA,0,355137
acrBp,0.16666666666666666,5,5,CCAGGACGAAAGTTGGTGGA,0,398229
acrBp,0.16666666666666666,5,5,CCAGCAGAAGAGTCGGAGAG,0,361587
acrBp,0.16666666666666666,5,5,CCAGACTAACCAGATTCCAA,0,381075
acrBp,0.16666666666666666,5,5,CCACTCATGTTCTAGACATT,0,360992
acrBp,0.16666666666666666,5,5,CCACTAACTGACTTAATGAA,0,374194
acrBp,0.16666666666666666,5,5,CCACGTAGATCGGAGCTTCC,0,407869
acrBp,0.16666666666666666,5,5,CCACCTTTGCATAATCTGGG,0,363675
acrBp,0.16666666666666666,5,5,CCACCTAGTGCTTTAAGTAA,0,370232
acrBp,0.16666666666666666,5,5,CCACCCAAGTCCGTACTTGC,0,405767
acrBp,0.16666666666666666,5,5,CCACAGAAGTATAACGGTTC,0,382864
acrBp,0.16666666666666666,5,5,CCACACCACCTAAAACCCCG,0,404859
acrBp,0.16666666666666666,5,5,CCAATGCAGCTGCAACGGAA,0,406801
acrBp,0.16666666666666666,5,5,CCAAGAAGCTATATATTCAC,0,388614
acrBp,0.16666666666666666,5,5,CCAACACGATCTAACCTAAG,0,382205
acrBp,0.16666666666666666,5,5,CCAAAGCGATAGATACAGGT,0,360137
acrBp,0.16666666666666666,5,5,CATTTTGTCTCTCTTCGGAT,0,401207
acrBp,0.16666666666666666,5,5,CATTTTAAGGCACAGTGGAG,0,404980
acrBp,0.16666666666666666,5,5,CATTTGGGGGAAGTTTAGGA,0,398098
acrBp,0.16666666666666666,5,5,CATTCGATTGCGCGACGAAC,0,395508
acrBp,0.16666666666666666,5,5,CATTCAAACCTCGGCAGCCA,0,400718
acrBp,0.16666666666666666,5,5,CATTAGGCGTATTCCATAAA,0,384516
acrBp,0.16666666666666666,5,5,CATTAGGCACTGCGTGCCCA,0,392079
acrBp,0.16666666666666666,5,5,CATGCATGGGGGCTTTATCT,0,394410
acrBp,0.16666666666666666,5,5,CATGCACTCGCGGACTATTC,0,408008
acrBp,0.16666666666666666,5,5,CATGAGGGTGCCGTACAGAA,0,359703
acrBp,0.16666666666666666,5,5,CATCTTAGCTCTTTGAACGA,0,395636
acrBp,0.16666666666666666,5,5,CATCGGAGCCGTGGAACCTT,0,370942
acrBp,0.16666666666666666,5,5,CATCAAAGAAATACGCCGTG,0,364682
acrBp,0.16666666666666666,5,5,CATAGCACTCAACCAAAGGG,0,402731
acrBp,0.16666666666666666,5,5,CATAGAGAGGGGCCAGGAAA,0,363722
acrBp,0.16666666666666666,5,5,CATAATAACCAAGAGCTACT,0,362226
acrBp,0.16666666666666666,5,5,CATAACATACTGGGAACGAT,0,379019
acrBp,0.16666666666666666,5,5,CATAAACTTTAGTAATCGAT,0,406710
acrBp,0.16666666666666666,5,5,CAGTTGCTTTACCGAGGTAT,0,360550
acrBp,0.16666666666666666,5,5,CAGTTAGCCGGCCGTGACCA,0,380378
acrBp,0.16666666666666666,5,5,CAGTAGATCTGGTTCGCTCA,0,371898
acrBp,0.16666666666666666,5,5,CAGGGCGATGATAAAAGACG,0,383678
acrBp,0.16666666666666666,5,5,CAGGGAACAATGATATGTAC,0,377488
acrBp,0.16666666666666666,5,5,CAGGAGGTAGTTTCGGGTAA,0,373048
acrBp,0.16666666666666666,5,5,CAGGACCCTAGATACGTGAA,0,370334
acrBp,0.16666666666666666,5,5,CAGCGCTCGGGATCTGATAC,0,403707
acrBp,0.16666666666666666,5,5,CAGCGACTTGGGTTATCTAC,0,384674
acrBp,0.16666666666666666,5,5,CAGCCGCACCGTACATTGGT,0,377365
acrBp,0.16666666666666666,5,5,CAGATTTTAAAATGATGGCT,0,372571
acrBp,0.16666666666666666,5,5,CAGATATGGGGTTCGTCATT,0,398206
acrBp,0.16666666666666666,5,5,CAGATAAAGTATCGCGTGTG,0,383886
acrBp,0.16666666666666666,5,5,CAGAGCTGGATATTCCGCAT,0,378743
acrBp,0.16666666666666666,5,5,CAGACATTTCGCGCAGGTTT,0,356649
acrBp,0.16666666666666666,5,5,CAGACAGCTATGAAGTGCCT,0,395094
acrBp,0.16666666666666666,5,5,CAGACAATCGATGCGGGACA,0,392958
acrBp,0.16666666666666666,5,5,CACTTTTGGCCAAACCAGAC,0,359447
acrBp,0.16666666666666666,5,5,CACTTGTTTTTCTCCTGTAA,0,372037
acrBp,0.16666666666666666,5,5,CACTTGCTGTGAAGATACCA,0,406678
acrBp,0.16666666666666666,5,5,CACTGGACGCAACCACTAGA,0,379395
acrBp,0.16666666666666666,5,5,CACTGCAACGCCGACTGACG,0,364635
acrBp,0.16666666666666666,5,5,CACTCCCCGCAAGAACAGGG,0,383861
acrBp,0.16666666666666666,5,5,CACTCAGTTACCGAGCCCCA,0,399977
acrBp,0.16666666666666666,5,5,CACGGTACAGCCGAAGATGA,0,362179
acrBp,0.16666666666666666,5,5,CACGGCGTGGGATGGGGTAA,0,383223
acrBp,0.16666666666666666,5,5,CACGCGGTAGATAGTCAGCT,0,400049
acrBp,0.16666666666666666,5,5,CACGATATGGCAACATTTAT,0,390160
acrBp,0.16666666666666666,5,5,CACGAAAGCAAACCTATATT,0,379240
acrBp,0.16666666666666666,5,5,CACCTGTGAGACATGCGTTT,0,369598
acrBp,0.16666666666666666,5,5,CACCGGGCCACGCCAGAGTC,0,386358
acrBp,0.16666666666666666,5,5,CACCGATTGAGATCGGTCCA,0,390423
acrBp,0.16666666666666666,5,5,CACCGACCGTTTAGACCAAA,0,367046
acrBp,0.16666666666666666,5,5,CACCATGCTAGCGGCTATGC,0,395182
acrBp,0.16666666666666666,5,5,CACACGCTGGGCGATCTGCA,0,395391
acrBp,0.16666666666666666,5,5,CACACCCGGTAAACAGGAGC,0,358789
acrBp,0.16666666666666666,5,5,CAATTATTGCGTTAGCCTTC,0,404642
acrBp,0.16666666666666666,5,5,CAATTAACGCTTGAGGCGTA,0,399211
acrBp,0.16666666666666666,5,5,CAATGTGTTAGGCCGCGACT,0,390385
acrBp,0.16666666666666666,5,5,CAATGCCACCGGTGAAAGCT,0,394002
acrBp,0.16666666666666666,5,5,CAATGATTATATTAGAATCA,0,375762
acrBp,0.16666666666666666,5,5,CAATCATCAACCGGTGCTAA,0,395397
acrBp,0.16666666666666666,5,5,CAATATCGCTCTCTACGTGT,0,384997
acrBp,0.16666666666666666,5,5,CAAGTTAGTGTCACGAAGTG,0,397623
acrBp,0.16666666666666666,5,5,CAAGCGCACGTGGCACAAAT,0,384310
acrBp,0.16666666666666666,5,5,CAAGCCTGTGTGCAGATGTT,0,377057
acrBp,0.16666666666666666,5,5,CAAGATGAGAGGCCTACTAC,0,357900
acrBp,0.16666666666666666,5,5,CAACTATGCGCAGAGCGTAG,0,368891
acrBp,0.16666666666666666,5,5,CAACAGTAAACCTGCGAGAC,0,362293
acrBp,0.16666666666666666,5,5,CAACAATGCCCGGTAAACGC,0,387346
acrBp,0.16666666666666666,5,5,CAAATTACTTGGTAGGTGCT,0,382686
acrBp,0.16666666666666666,5,5,CAAATCTGGAGTACTACTCC,0,370643
acrBp,0.16666666666666666,5,5,CAAAATTCACTGTACTCATC,0,403846
acrBp,0.16666666666666666,5,5,CAAAAAATTTATCGATGACC,0,389955
acrBp,0.16666666666666666,5,5,ATTTTCCGTGCCCGACCCGA,0,386687
acrBp,0.16666666666666666,5,5,ATTTCTCGGGAGGTTCCCGT,0,393599
acrBp,0.16666666666666666,5,5,ATTTAGTAGAATGCCGGCAG,0,369187
acrBp,0.16666666666666666,5,5,ATTGAAGCCGTGTAGCCTCT,0,377639
acrBp,0.16666666666666666,5,5,ATTCTTGACAGATCCTTTCC,0,380720
acrBp,0.16666666666666666,5,5,ATTCTGTGCGTAGCCCCGGA,0,366067
acrBp,0.16666666666666666,5,5,ATTCTGGTTCGCGATAGTCA,0,357724
acrBp,0.16666666666666666,5,5,ATTCTGGTTATGCGGTCAGT,0,392025
acrBp,0.16666666666666666,5,5,ATTCGACACTTAGCTAGTAG,0,374298
acrBp,0.16666666666666666,5,5,ATTCCCGATCTTGCTCCAAG,0,356743
acrBp,0.16666666666666666,5,5,ATTATCGCCTAGCGGCATAT,0,377869
acrBp,0.16666666666666666,5,5,ATTAGCTATACACTGAAGAG,0,367813
acrBp,0.16666666666666666,5,5,ATTAGAGTCACAAGGGGATA,0,357799
acrBp,0.16666666666666666,5,5,ATTAAGGAGCCAACTGAATT,0,369105
acrBp,0.16666666666666666,5,5,ATGTCGATGGGGTTTCTGTG,0,399065
acrBp,0.16666666666666666,5,5,ATGTCCTGGAGATACCTCCG,0,377726
acrBp,0.16666666666666666,5,5,ATGGTTCTGTGCCTTAGTAA,0,378508
acrBp,0.16666666666666666,5,5,ATGGGATCGCTCGGAAGTAT,0,379169
acrBp,0.16666666666666666,5,5,ATGCTCAGGGTCCGGTTGGT,0,375133
acrBp,0.16666666666666666,5,5,ATGCTATTGAGCAGCGATGG,0,386332
acrBp,0.16666666666666666,5,5,ATGCGGCCCTGCGGGATTGG,0,376896
acrBp,0.16666666666666666,5,5,ATGCCGAAGAAGGATGCCTC,0,390440
acrBp,0.16666666666666666,5,5,ATGATCCGGAGGGATGTCTT,0,400875
acrBp,0.16666666666666666,5,5,ATGACTCAGGGCGACTCCGG,0,370439
acrBp,0.16666666666666666,5,5,ATGAACCTTTTAAAGGTAGT,0,379199
acrBp,0.16666666666666666,5,5,ATCTGTTGGGTATTATAACA,0,359110
acrBp,0.16666666666666666,5,5,ATCTGTTATGCTTTGTTGAT,0,396367
acrBp,0.16666666666666666,5,5,ATCTGGGTGGCCGAATGTCA,0,363352
acrBp,0.16666666666666666,5,5,ATCTGAGTCAATGGTAGAAG,0,360002
acrBp,0.16666666666666666,5,5,ATCTCCCTTGGTGAAGATTG,0,390591
acrBp,0.16666666666666666,5,5,ATCTAGCGCCGGTATCGAGA,0,378166
acrBp,0.16666666666666666,5,5,ATCGTGTCACGCATTTCCTA,0,373390
acrBp,0.16666666666666666,5,5,ATCGTGACAACTCCATGACC,0,375478
acrBp,0.16666666666666666,5,5,ATCGCCCGATTTGTCTATGC,0,393343
acrBp,0.16666666666666666,5,5,ATCGCCCAGTAAGCATGCCT,0,398383
acrBp,0.16666666666666666,5,5,ATCGATCAGTATCCACCCGA,0,403945
acrBp,0.16666666666666666,5,5,ATCGACTGTCTACGTAAGGT,0,379277
acrBp,0.16666666666666666,5,5,ATCCTCGAGAACTAGGATAG,0,368976
acrBp,0.16666666666666666,5,5,ATCCTACGCATGTGTTGATG,0,399411
acrBp,0.16666666666666666,5,5,ATCCCTTGCGTACGGCAATA,0,373850
acrBp,0.16666666666666666,5,5,ATCCCTCGTAACCTGACTGG,0,369383
acrBp,0.16666666666666666,5,5,ATCCCGTGCTACGGTGGTAC,0,382416
acrBp,0.16666666666666666,5,5,ATCCCCACCAAGATAGCCTA,0,361245
acrBp,0.16666666666666666,5,5,ATCATTCCGCAGTGATGCCT,0,401476
acrBp,0.16666666666666666,5,5,ATCAGGTGGCTTGAGCGGTT,0,366195
acrBp,0.16666666666666666,5,5,ATCAGACGGATGACGAGTTA,0,408171
acrBp,0.16666666666666666,5,5,ATATTGACTTAAAGCGACCT,0,361769
acrBp,0.16666666666666666,5,5,ATATCAACTTGGCAGACACC,0,393711
acrBp,0.16666666666666666,5,5,ATATAATATAGAGGCAAAGC,0,373046
acrBp,0.16666666666666666,5,5,ATAGTGTTAGCTTGATAAAA,0,387949
acrBp,0.16666666666666666,5,5,ATAGGCCCTGGCTGGGATAG,0,396499
acrBp,0.16666666666666666,5,5,ATAGCGCCTAACTGACGCGA,0,373745
acrBp,0.16666666666666666,5,5,ATAGAGTGGGTAATAAGACT,0,391428
acrBp,0.16666666666666666,5,5,ATACTGGTCTTTCATGTTCC,0,406196
acrBp,0.16666666666666666,5,5,ATACTCGTGCTAGGGTCGAT,0,377918
acrBp,0.16666666666666666,5,5,ATACGCGGAACTACCTCGAC,0,355556
acrBp,0.16666666666666666,5,5,ATACGACAGCCTAATTTATA,0,402378
acrBp,0.16666666666666666,5,5,ATACCAAAGTGTCTTGCCAA,0,361077
acrBp,0.16666666666666666,5,5,ATAATCCAGGCCTGTTTGAT,0,381507
acrBp,0.16666666666666666,5,5,ATAAGGAATTGGTGGTGACA,0,390679
acrBp,0.16666666666666666,5,5,ATAACCTCCATGTGACTGGA,0,385118
acrBp,0.16666666666666666,5,5,ATAAAGTAGAGGACCTCAGG,0,372740
acrBp,0.16666666666666666,5,5,ATAAAGCCAAGATATTCCAC,0,398935
acrBp,0.16666666666666666,5,5,AGTTGGCCAGAACTGGTATC,0,374661
acrBp,0.16666666666666666,5,5,AGTTCCGAAAGCCGATATCG,0,368998
acrBp,0.16666666666666666,5,5,AGTTACCCGATACGCCCGCA,0,400660
acrBp,0.16666666666666666,5,5,AGTGTTGTGCGGACCGTTCC,0,373486
acrBp,0.16666666666666666,5,5,AGTGTCGCCTCCGTAAGACG,0,384138
acrBp,0.16666666666666666,5,5,AGTGTAGCCGTACTGGTTAA,0,402938
acrBp,0.16666666666666666,5,5,AGTCTTCGTTCGAATTCGGA,0,382727
acrBp,0.16666666666666666,5,5,AGTCCTATGGCGAGATTAAG,0,405234
acrBp,0.16666666666666666,5,5,AGTCCCGCATGTGGTCCGGA,0,382344
acrBp,0.16666666666666666,5,5,AGTATCGGTAATGGAAGGCG,0,390906
acrBp,0.16666666666666666,5,5,AGTATCAGGTGTTATGCTCT,0,394323
acrBp,0.16666666666666666,5,5,AGTATATAGAGATCCAATGC,0,370676
acrBp,0.16666666666666666,5,5,AGTAGCCTTTTTATACTGGT,0,388281
acrBp,0.16666666666666666,5,5,AGTAGCCCACAAGTGGCGTC,0,401133
acrBp,0.16666666666666666,5,5,AGTACTACAACCGTTTTGCT,0,376961
acrBp,0.16666666666666666,5,5,AGTAAGCCTCATGGTCGCGA,0,390864
acrBp,0.16666666666666666,5,5,AGGTTACTAAACCGGAAATG,0,390516
acrBp,0.16666666666666666,5,5,AGGTGGGTCGTGTGGTGCAT,0,375486
acrBp,0.16666666666666666,5,5,AGGTCTCATGAGTAGCGCCT,0,387186
acrBp,0.16666666666666666,5,5,AGGTAGCGGACTTTTTCCGT,0,394120
acrBp,0.16666666666666666,5,5,AGGTAACCCCTCTCGTCTAT,0,385919
acrBp,0.16666666666666666,5,5,AGGGGTTCAGTAATACATGA,0,401647
acrBp,0.16666666666666666,5,5,AGGGGTCAAGAAACTACAAT,0,358796
acrBp,0.16666666666666666,5,5,AGGGCTGAAGGACCGAAAGG,0,372608
acrBp,0.16666666666666666,5,5,AGGGACATAGGTCTAACAGC,0,382825
acrBp,0.16666666666666666,5,5,AGGCTTCTAGTCCAGAGGCC,0,389288
acrBp,0.16666666666666666,5,5,AGGCTATCACGGCAAAGAGA,0,374179
acrBp,0.16666666666666666,5,5,AGGCGTCCTGGTCGAGGTAC,0,376821
acrBp,0.16666666666666666,5,5,AGGCGCATCACTACTTGTGT,0,369877
acrBp,0.16666666666666666,5,5,AGGCAGATTACCGATTAAGT,0,374910
acrBp,0.16666666666666666,5,5,AGGCAAAGGCCCTTTCTGCC,0,363599
acrBp,0.16666666666666666,5,5,AGGAGGGTATTATCTTAATC,0,402631
acrBp,0.16666666666666666,5,5,AGGAGGGACATAGCAACCAG,0,367922
acrBp,0.16666666666666666,5,5,AGGAGGCTACCAGACCCTAT,0,380382
acrBp,0.16666666666666666,5,5,AGGAAAGTAGTGTACCGGTT,0,391785
acrBp,0.16666666666666666,5,5,AGCTGTTGGACTGGTGCTCT,0,368971
acrBp,0.16666666666666666,5,5,AGCTCGCTTCGAAAACTCAG,0,398300
acrBp,0.16666666666666666,5,5,AGCTATCTCCTTACATTAGT,0,374418
acrBp,0.16666666666666666,5,5,AGCGCTGATGCATAACAATC,0,355641
acrBp,0.16666666666666666,5,5,AGCGCTCTTGTCACGAATGA,0,360884
acrBp,0.16666666666666666,5,5,AGCGCCTACTTCATGGCACT,0,367182
acrBp,0.16666666666666666,5,5,AGCGCCTACAGTTAAACCAG,0,362117
acrBp,0.16666666666666666,5,5,AGCCGGCAAGCATCTGATCC,0,396084
acrBp,0.16666666666666666,5,5,AGCCAGGGTTTCCCCGCACG,0,369368
acrBp,0.16666666666666666,5,5,AGCCAAAATCGACGACGGTG,0,355636
acrBp,0.16666666666666666,5,5,AGCATAAACTGATGAGGAAT,0,398260
acrBp,0.16666666666666666,5,5,AGCAGTTCAACTCAGTACTC,0,386104
acrBp,0.16666666666666666,5,5,AGCAGGATCAGAGGTGCCTA,0,375344
acrBp,0.16666666666666666,5,5,AGCACACTGCAAAATGGTAC,0,393208
acrBp,0.16666666666666666,5,5,AGATCGAGACTTGAGATAAA,0,373704
acrBp,0.16666666666666666,5,5,AGATCATAGCCTAAGTGCGG,0,393852
acrBp,0.16666666666666666,5,5,AGAGTTCGCCGCGAGCGATA,0,382086
acrBp,0.16666666666666666,5,5,AGAGGTTTCGTATCCCCGGG,0,378725
acrBp,0.16666666666666666,5,5,AGAGGTTTCGCTGCGACTTA,0,399924
acrBp,0.16666666666666666,5,5,AGAGCGCGTGGGTCTGATGT,0,384822
acrBp,0.16666666666666666,5,5,AGACTATCTTGTGCCAGGTA,0,356079
acrBp,0.16666666666666666,5,5,AGACGTGATGGGACGTTAGC,0,361255
acrBp,0.16666666666666666,5,5,AGAATAGCTTGGTGCAGTCG,0,380176
acrBp,0.16666666666666666,5,5,AGAAGGCGAATGCGAGGAAG,0,397814
acrBp,0.16666666666666666,5,5,AGAACGCTCAACTTCGAGTC,0,358601
acrBp,0.16666666666666666,5,5,AGAACATTAAATGGGTTTTG,0,408460
acrBp,0.16666666666666666,5,5,AGAACATACTGTAGCGTGCG,0,402826
acrBp,0.16666666666666666,5,5,AGAAAAACGTTGGGAGCCGA,0,374800
acrBp,0.16666666666666666,5,5,ACTTGTTAGATTGCAAACGT,0,370452
acrBp,0.16666666666666666,5,5,ACTTCCGAAGGGACATACCG,0,387083
acrBp,0.16666666666666666,5,5,ACTTCCCCTACAATTCCGAA,0,395769
acrBp,0.16666666666666666,5,5,ACTGTTGCTAAGAGTACGGA,0,365664
acrBp,0.16666666666666666,5,5,ACTGTGGCATTCCAATGTGA,0,374321
acrBp,0.16666666666666666,5,5,ACTGTAATTCGGTGTGCGTC,0,399388
acrBp,0.16666666666666666,5,5,ACTGGTGCATCCGGGAATTT,0,368070
acrBp,0.16666666666666666,5,5,ACTGGGGCGTTGTATTTTGT,0,385704
acrBp,0.16666666666666666,5,5,ACTGATTGCCCTATTGAGCT,0,395680
acrBp,0.16666666666666666,5,5,ACTGAGATGCCCTGACCGTG,0,374650
acrBp,0.16666666666666666,5,5,ACTCGCGCAGTGGCGGGCAG,0,364712
acrBp,0.16666666666666666,5,5,ACTCATAGGATGGTTCTCGT,0,359130
acrBp,0.16666666666666666,5,5,ACTATTTCCCGCACCCTTGG,0,404099
acrBp,0.16666666666666666,5,5,ACTAGGCGCATATAGGTGGG,0,356596
acrBp,0.16666666666666666,5,5,ACTAGCTGAGACCTACAACG,0,361877
acrBp,0.16666666666666666,5,5,ACTACCCGATCGAAAGGCAT,0,393937
acrBp,0.16666666666666666,5,5,ACTACATCTGTATTTTATTT,0,358149
acrBp,0.16666666666666666,5,5,ACTAAGAGATCAACCTCCTA,0,367803
acrBp,0.16666666666666666,5,5,ACGTCGGGAATTTCCTTCCG,0,359864
acrBp,0.16666666666666666,5,5,ACGTATCTAAGTAGTGCAAC,0,399293
acrBp,0.16666666666666666,5,5,ACGTATAGGCCGGGACGTGA,0,382721
acrBp,0.16666666666666666,5,5,ACGGTCGCTTTATACGCATC,0,402865
acrBp,0.16666666666666666,5,5,ACGGTATAGGCGACTGTTCC,0,388073
acrBp,0.16666666666666666,5,5,ACGGGGTCGAACGGTTACCA,0,402444
acrBp,0.16666666666666666,5,5,ACGGCTCCAGTCCGGATAAA,0,370332
acrBp,0.16666666666666666,5,5,ACGCTCCCCGCGATCAGTAC,0,377716
acrBp,0.16666666666666666,5,5,ACGCGAGTTTCTGTGCAAAG,0,396431
acrBp,0.16666666666666666,5,5,ACGCGAGCCTTTATGTGTGT,0,361027
acrBp,0.16666666666666666,5,5,ACGCCATGCCACCGCTCAAC,0,396923
acrBp,0.16666666666666666,5,5,ACGCATTTTGATTAGTAGTG,0,402879
acrBp,0.16666666666666666,5,5,ACGCAGAGTAAGTATTTGGC,0,387818
acrBp,0.16666666666666666,5,5,ACGATGCACGAGATCAGTGA,0,359644
acrBp,0.16666666666666666,5,5,ACGAGTCCAGCACATTGATT,0,406533
acrBp,0.16666666666666666,5,5,ACCTGAGCGGTATGTATCGC,0,391377
acrBp,0.16666666666666666,5,5,ACCTCGTTACCTCCCGTCTG,0,388753
acrBp,0.16666666666666666,5,5,ACCTCGGAGGTTGCAATTGG,0,372811
acrBp,0.16666666666666666,5,5,ACCTCGATCCATTGTTTAGA,0,377490
acrBp,0.16666666666666666,5,5,ACCTCCGGTACATCACCCAT,0,361480
acrBp,0.16666666666666666,5,5,ACCTCAGAGAGCCCGACATC,0,390166
acrBp,0.16666666666666666,5,5,ACCTCAAGCCCGCGCGCCAC,0,395546
acrBp,0.16666666666666666,5,5,ACCTAGTGGCCTATAGCGAG,0,405059
acrBp,0.16666666666666666,5,5,ACCTACCAGGACCTGACACG,0,392116
acrBp,0.16666666666666666,5,5,ACCGACGTCGGGGCTTCCTC,0,374734
acrBp,0.16666666666666666,5,5,ACCGAAGGGATCCCGGCAAG,0,372716
acrBp,0.16666666666666666,5,5,ACCCTTGGGAATCAAGGGGC,0,365252
acrBp,0.16666666666666666,5,5,ACCCTGTTCCTGGCTGTCAT,0,399318
acrBp,0.16666666666666666,5,5,ACCCGTAGCTTAATCGGACC,0,373109
acrBp,0.16666666666666666,5,5,ACCCGAAGCGGGGAAGACCG,0,407043
acrBp,0.16666666666666666,5,5,ACCCGAACATCAGAGTTATG,0,391829
acrBp,0.16666666666666666,5,5,ACCCCGTCTCTAAACAGTAC,0,357000
acrBp,0.16666666666666666,5,5,ACCCCCGCTGCAACCTTCAT,0,386664
acrBp,0.16666666666666666,5,5,ACCCATTTCTGTTTCACTGC,0,397533
acrBp,0.16666666666666666,5,5,ACCCACACGACATATTCGAC,0,395882
acrBp,0.16666666666666666,5,5,ACCATGTGCCGCGGTGGTGA,0,407683
acrBp,0.16666666666666666,5,5,ACCACGTACGTATACGGCTA,0,364759
acrBp,0.16666666666666666,5,5,ACATACGGGCATTACGCGAT,0,392113
acrBp,0.16666666666666666,5,5,ACAGTTTGCTGTGGGAGGTG,0,400347
acrBp,0.16666666666666666,5,5,ACAGTGCCCTTCCTCGTGCA,0,358376
acrBp,0.16666666666666666,5,5,ACAGTCATGCTCCAGGACAC,0,366569
acrBp,0.16666666666666666,5,5,ACAGTATTACAAGACTCGTC,0,363791
acrBp,0.16666666666666666,5,5,ACAGGGCGTGACGATGTTGG,0,400094
acrBp,0.16666666666666666,5,5,ACAGCTGTAGTTTCTCGTAG,0,360706
acrBp,0.16666666666666666,5,5,ACAGCGTTCGCCCCTCCTGC,0,404956
acrBp,0.16666666666666666,5,5,ACAGATAGAGAGGAGTGTCC,0,404923
acrBp,0.16666666666666666,5,5,ACACTCTAGACGGCTTAGAT,0,372713
acrBp,0.16666666666666666,5,5,ACACGGTGCTTGACTTCATA,0,357011
acrBp,0.16666666666666666,5,5,ACACCGGTCAGGTAGTTTTT,0,388338
acrBp,0.16666666666666666,5,5,ACACCGGGCCAAGGCAGTCC,0,394798
acrBp,0.16666666666666666,5,5,ACACCACACCCGGTTGGGTA,0,397404
acrBp,0.16666666666666666,5,5,ACACAGCGATGACGAACTAC,0,365298
acrBp,0.16666666666666666,5,5,ACACAACCTTATTTGTCACT,0,405753
acrBp,0.16666666666666666,5,5,ACAAGGCACTTATGGGATAG,0,360212
acrBp,0.16666666666666666,5,5,ACAAGCAAAGGCACGTTTGC,0,367227
acrBp,0.16666666666666666,5,5,ACAAACTCTCCGCTGTTTAA,0,356541
acrBp,0.16666666666666666,5,5,ACAAAAACACTTAAGTGAAT,0,396503
acrBp,0.16666666666666666,5,5,AATTTCCTGACGTTGAACTA,0,372659
acrBp,0.16666666666666666,5,5,AATTTAGGCGAAAAAACAGT,0,356749
acrBp,0.16666666666666666,5,5,AATTTACAGATACAATCACG,0,361339
acrBp,0.16666666666666666,5,5,AATTGGGGACAGGGGACGCA,0,355467
acrBp,0.16666666666666666,5,5,AATTGGAGTAAAACACGTAA,0,390647
acrBp,0.16666666666666666,5,5,AATTCGCGGGATAGTCAGGA,0,402344
acrBp,0.16666666666666666,5,5,AATTATGGGGTGAATGAAAC,0,378319
acrBp,0.16666666666666666,5,5,AATTAGCCGGCCAAAGCCCA,0,395475
acrBp,0.16666666666666666,5,5,AATTAACATGTAGTAAGTCC,0,383924
acrBp,0.16666666666666666,5,5,AATGTGGATCGACACCGGAT,0,384792
acrBp,0.16666666666666666,5,5,AATGTCACAAGCATGATAAA,0,374343
acrBp,0.16666666666666666,5,5,AATGTATTCCAGCGCGTTCC,0,386250
acrBp,0.16666666666666666,5,5,AATGCAGTACCCTGCCAATG,0,358147
acrBp,0.16666666666666666,5,5,AATGAGTTTAATCGTTGGTG,0,391968
acrBp,0.16666666666666666,5,5,AATCTTAGCAGAATGTTACA,0,388211
acrBp,0.16666666666666666,5,5,AATCGGGATGCCAATCATAT,0,380421
acrBp,0.16666666666666666,5,5,AATCCGATTCCATGCAGTCA,0,377163
acrBp,0.16666666666666666,5,5,AATATCCTTATACGGCATAA,0,399110
acrBp,0.16666666666666666,5,5,AATAGCCAGCACTTACGACA,0,374201
acrBp,0.16666666666666666,5,5,AAGTTAAATTAAAAGGCGGC,0,396958
acrBp,0.16666666666666666,5,5,AAGTGGTTAGCGAGTGGTAG,0,375724
acrBp,0.16666666666666666,5,5,AAGTGCTAATGTTCCCGGCG,0,400554
acrBp,0.16666666666666666,5,5,AAGTGCACCTCCTTCGACCA,0,371450
acrBp,0.16666666666666666,5,5,AAGTGAAGTGCGTGTCCTTT,0,395822
acrBp,0.16666666666666666,5,5,AAGTCGGACTCATGCTCGTT,0,396136
acrBp,0.16666666666666666,5,5,AAGTATTGGCTAAACTAAGT,0,386523
acrBp,0.16666666666666666,5,5,AAGTAGTATATTCACCCCGA,0,408311
acrBp,0.16666666666666666,5,5,AAGTAACATATAGGTCTTAT,0,403981
acrBp,0.16666666666666666,5,5,AAGGTGCGGCAGATCGGATC,0,399374
acrBp,0.16666666666666666,5,5,AAGGTCTGGCTTGGATGTCC,0,375477
acrBp,0.16666666666666666,5,5,AAGGATATGATACTGAAAGG,0,377422
acrBp,0.16666666666666666,5,5,AAGGAGTGACAAGGCAGACA,0,366259
acrBp,0.16666666666666666,5,5,AAGCTTCAACCACACTGTCA,0,373327
acrBp,0.16666666666666666,5,5,AAGCTCCTTGTAACTTGGTA,0,360710
acrBp,0.16666666666666666,5,5,AAGCACTGGGTTAGCGATCT,0,375117
acrBp,0.16666666666666666,5,5,AAGATGCGCGTGAGTGAACT,0,394903
acrBp,0.16666666666666666,5,5,AAGAGTAGCGCTTCTGCCGA,0,361102
acrBp,0.16666666666666666,5,5,AAGAGGTCAGTCACGTGCTT,0,397748
acrBp,0.16666666666666666,5,5,AAGACGGCAAGTCTCCGTGA,0,358826
acrBp,0.16666666666666666,5,5,AAGACCGCAACAACTCTACC,0,356890
acrBp,0.16666666666666666,5,5,AAGAACCGGGTACCTCGCGA,0,373913
acrBp,0.16666666666666666,5,5,AACTTGATCTTGCTTAGAGT,0,379160
acrBp,0.16666666666666666,5,5,AACTTATGGCCTCTTTGCGA,0,407222
acrBp,0.16666666666666666,5,5,AACTCGATACAAGCGATGGG,0,368970
acrBp,0.16666666666666666,5,5,AACTAGGGTGTGACTGCTTC,0,403918
acrBp,0.16666666666666666,5,5,AACGTAGCACACTCATAAGC,0,361761
acrBp,0.16666666666666666,5,5,AACGGGTCCAGGGCGGGGTC,0,390863
acrBp,0.16666666666666666,5,5,AACGGGAAGGTATCTGCTGG,0,389524
acrBp,0.16666666666666666,5,5,AACCTATGCGTTCTTGAAAT,0,380422
acrBp,0.16666666666666666,5,5,AACCGGATAACTGGGGAAAT,0,359805
acrBp,0.16666666666666666,5,5,AACCGAGAACTTCCCCACGA,0,398498
acrBp,0.16666666666666666,5,5,AACCCGAGGGTCGGAGGAGA,0,359911
acrBp,0.16666666666666666,5,5,AACCACTATGGGATGCAGCA,0,386709
acrBp,0.16666666666666666,5,5,AACAGTCCAGGAGGGATTCG,0,360612
acrBp,0.16666666666666666,5,5,AACAGGCGGATTGTGAGTTC,0,359678
acrBp,0.16666666666666666,5,5,AAATTTCTTGCGGTCCGACG,0,357711
acrBp,0.16666666666666666,5,5,AAATTGTTGCCGCGACGCGA,0,407714
acrBp,0.16666666666666666,5,5,AAATTAAAGAGCGAACTACT,0,362437
acrBp,0.16666666666666666,5,5,AAATGCGGACTGTTGAAGGA,0,361973
acrBp,0.16666666666666666,5,5,AAATGAGACTCTTGGAGCGT,0,379407
acrBp,0.16666666666666666,5,5,AAATAGCTCCCCAGGTAGCT,0,375958
acrBp,0.16666666666666666,5,5,AAATAGCATTTTGAGTTCCA,0,390997
acrBp,0.16666666666666666,5,5,AAATAGACAGAATGGTTTCT,0,388050
acrBp,0.16666666666666666,5,5,AAAGTCGTGTTAGAACACTT,0,399845
acrBp,0.16666666666666666,5,5,AAAGTCATACTCTGCCAACC,0,384824
acrBp,0.16666666666666666,5,5,AAAGGGGCATAATTGAGTTA,0,400446
acrBp,0.16666666666666666,5,5,AAAGATCTACGTCGGTTGGG,0,401015
acrBp,0.16666666666666666,5,5,AAACGCCAGCCACGAGTGTA,0,397976
acrBp,0.16666666666666666,5,5,AAACGACAGAGTGCCAACCT,0,355389
acrBp,0.16666666666666666,5,5,AAACAGTGTCTTCCATCGTT,0,403281
acrBp,0.16666666666666666,5,5,AAACAATAGCAACCCAATCT,0,368758
acrBp,0.16666666666666666,5,5,AAAATGTGTTCCATTGATAC,0,405466
acrBp,0.16666666666666666,5,5,AAAATGGGCTGTAAAATCCG,0,383392
acrBp,0.16666666666666666,5,5,AAAACTCAACGTGCCTCCGC,0,386293
acrBp,0.16666666666666666,5,5,AAAACGGGCTCGCGGTAGTT,0,392163
acrBp,0.16666666666666666,5,5,AAAACATCGCAGGTAGTTAA,0,374151
acrBp,0.16666666666666666,5,5,AAAAATAGTCGTCGCATCCC,0,398012
acrBp,0.16666666666666666,5,5,AAAAATAGGCACTAGTCAGG,0,384055
acrBp,0.16666666666666666,5,5,AAAAAGTTTGAAAAGTTTTC,0,361259
acrBp,0.2,4,4,TTTTTCGGGCGGGTGTACGC,0,404629
acrBp,0.2,4,4,TTTTCCACAGAAGCTGAGGT,0,374538
acrBp,0.2,4,4,TTTTATCGCGAGGCCTGGCC,0,393197
acrBp,0.2,4,4,TTTTAGCTCCTTTGCTTCCT,0,360485
acrBp,0.2,4,4,TTTTACAATTAGGTCGGTCT,0,374387
acrBp,0.2,4,4,TTTTAAACCAGCCACGGTCT,0,384879
acrBp,0.2,4,4,TTTGGGGGTAACAGATCGTT,0,388701
acrBp,0.2,4,4,TTTGGCCAGTTTCAACGAGG,0,357787
acrBp,0.2,4,4,TTTGGAAGGGATACATGTAA,0,375005
acrBp,0.2,4,4,TTTGCTCGTTTGTAGCATCA,0,404874
acrBp,0.2,4,4,TTTGCAATAAACTCGCCCAA,0,405564
acrBp,0.2,4,4,TTTGAGGGACACCACTTCAT,0,392915
acrBp,0.2,4,4,TTTCTGTCCCCGGGCTCTTC,0,400020
acrBp,0.2,4,4,TTTCTATGACCGATGTCACA,0,359705
acrBp,0.2,4,4,TTTCGTTAAGTTTAGGTCAC,0,378509
acrBp,0.2,4,4,TTTCGCCCGAAGAGCCGCAA,0,396407
acrBp,0.2,4,4,TTTCGAGAATCCTTTTTCTA,0,368257
acrBp,0.2,4,4,TTTCGAATGCGAGTAAGCTA,0,386176
acrBp,0.2,4,4,TTTCGAACCAGATCTCTTAT,0,391168
acrBp,0.2,4,4,TTTCCATAAAGAAATTCATG,0,357378
acrBp,0.2,4,4,TTTAGTAACGGTGTTGCAGG,0,406351
acrBp,0.2,4,4,TTTAGGGAAGATTCAAGCAG,0,368528
acrBp,0.2,4,4,TTGTTTGGGACGTCAATAGA,0,360833
acrBp,0.2,4,4,TTGTTATATGTGAGTATTAA,0,403002
acrBp,0.2,4,4,TTGTTAACCCGAGATCGATC,0,393454
acrBp,0.2,4,4,TTGTGGAGGTAAATCCGACG,0,395085
acrBp,0.2,4,4,TTGTGAAAGGGATATCTGTT,0,386828
acrBp,0.2,4,4,TTGTCGGACTTTATTACTCA,0,394793
acrBp,0.2,4,4,TTGTCAATGTAGTGAAATGT,0,392479
acrBp,0.2,4,4,TTGTATTTCAAGTTGCGGGA,0,377483
acrBp,0.2,4,4,TTGTATAAACTATTGGTTCT,0,370733
acrBp,0.2,4,4,TTGTAGCCGGTACAGGAGTT,0,402300
acrBp,0.2,4,4,TTGTAGATATCGCGAGACCT,0,357685
acrBp,0.2,4,4,TTGGTTGCTGCAATAGTGTC,0,378459
acrBp,0.2,4,4,TTGGTTGAGTGTCACGCAGT,0,389563
acrBp,0.2,4,4,TTGGTCAGACGTTGGACAGG,0,364514
acrBp,0.2,4,4,TTGGCTACCATAGACCCAAG,0,369649
acrBp,0.2,4,4,TTGGCGATGGGTTGATTCTA,0,371583
acrBp,0.2,4,4,TTGGCATTCATATCCTACTG,0,363306
acrBp,0.2,4,4,TTGGAGCACCTGTAGGCGTG,0,387110
acrBp,0.2,4,4,TTGGAAATCGAAAACGTCTC,0,367811
acrBp,0.2,4,4,TTGCGCCGTGGGGCATTAAC,0,406587
acrBp,0.2,4,4,TTGCGATCTCGCACGTTTTG,0,382249
acrBp,0.2,4,4,TTGCGAGACATGGAACGACG,0,385980
acrBp,0.2,4,4,TTGCCCGGCCAGATTCAGGA,0,394135
acrBp,0.2,4,4,TTGCAGGTGACGCGACCGAC,0,386397
acrBp,0.2,4,4,TTGATTAGAAAAAGTGAGTC,0,379047
acrBp,0.2,4,4,TTGATGGTTGGTGAGCCCGT,0,371809
acrBp,0.2,4,4,TTGAATATGTTGGTGCGGCC,0,394482
acrBp,0.2,4,4,TTGAACAGTCGAGTGGTAAT,0,365987
acrBp,0.2,4,4,TTGAACAAAAGCCCATATAA,0,407795
acrBp,0.2,4,4,TTCTTGCCACGCCGAGTCTT,0,361938
acrBp,0.2,4,4,TTCTGTCGCCGTCCCGTAGT,0,372763
acrBp,0.2,4,4,TTCTCTGCAATTGCACTATG,0,375125
acrBp,0.2,4,4,TTCTCTCGTAACGAAGTATA,0,390254
acrBp,0.2,4,4,TTCTCCGGTGACAATGCCAT,0,392741
acrBp,0.2,4,4,TTCTAAGTATTCACGTAAGT,0,399044
acrBp,0.2,4,4,TTCTAACTATTATGTAAGAG,0,358416
acrBp,0.2,4,4,TTCGTACAATATTTAATACG,0,375660
acrBp,0.2,4,4,TTCGGATAGCTGTACCCGCC,0,380672
acrBp,0.2,4,4,TTCGCAACGTGAGCTCAACT,0,407779
acrBp,0.2,4,4,TTCGAGGAGGTGGAATCAAC,0,373237
acrBp,0.2,4,4,TTCGACGAGAAACGAGGTAT,0,380019
acrBp,0.2,4,4,TTCGAAGCAAGGGCTCGCCC,0,402912
acrBp,0.2,4,4,TTCGAACGGACTTCACAGGT,0,390595
acrBp,0.2,4,4,TTCCTTATCACCACTGGCAG,0,380278
acrBp,0.2,4,4,TTCCTAGTCAAAATTTGTTT,0,382531
acrBp,0.2,4,4,TTCCCTGGACTGATCTGCCT,0,370985
acrBp,0.2,4,4,TTCCCACGCGAAATCCCGGT,0,394877
acrBp,0.2,4,4,TTCCACTCGAGGGAGTTCCT,0,407078
acrBp,0.2,4,4,TTCAGGGTTACATCCTTTTC,0,385497
acrBp,0.2,4,4,TTCACCCAATGAGTGTCTGC,0,406083
acrBp,0.2,4,4,TTCACCAGGATTTTGGATAC,0,404346
acrBp,0.2,4,4,TTATGCGGTAGACATTACGC,0,392259
acrBp,0.2,4,4,TTAGGTATGTCATTATTTCT,0,398543
acrBp,0.2,4,4,TTAGGTAGTAATAGCATTTC,0,356232
acrBp,0.2,4,4,TTAGCTTTGCATCAGTTTAG,0,380215
acrBp,0.2,4,4,TTACTACTTTGTTAGTACGA,0,385510
acrBp,0.2,4,4,TTACATGCTCCTGCCCTTGT,0,388565
acrBp,0.2,4,4,TTACATCCCTGCTGACGAAA,0,389075
acrBp,0.2,4,4,TTACACCGCCTTTATTGCTG,0,382018
acrBp,0.2,4,4,TTAATCGTATATCCGTAGAT,0,365024
acrBp,0.2,4,4,TTAAGTAGAGCCTTATGTAC,0,386162
acrBp,0.2,4,4,TTAAAGCTGATGATCAAGAT,0,375763
acrBp,0.2,4,4,TTAAACCACAGCCCCTAATC,0,363909
acrBp,0.2,4,4,TGTTTCGGGCAGTGACCATC,0,365059
acrBp,0.2,4,4,TGTTGGGATGTATTAGAGAT,0,388757
acrBp,0.2,4,4,TGTTAGTTTCGGGGGGTCGC,0,387647
acrBp,0.2,4,4,TGTTAGAACGTATGCAAGCC,0,401358
acrBp,0.2,4,4,TGTTACTGATACGAGTCACT,0,371522
acrBp,0.2,4,4,TGTTACTCTCTGAACATAAA,0,378896
acrBp,0.2,4,4,TGTGTTGTGGCTAACGACCT,0,397451
acrBp,0.2,4,4,TGTGTGGGATCGCTTCCGTT,0,369671
acrBp,0.2,4,4,TGTGTATTCAGCCGGGGAGC,0,362767
acrBp,0.2,4,4,TGTGGTCATATCCTGTCCTG,0,357951
acrBp,0.2,4,4,TGTGATGGACAACCTTCTCG,0,369439
acrBp,0.2,4,4,TGTGAAGGGGTCTCCAGTAA,0,379820
acrBp,0.2,4,4,TGTCCTCTAAACTTTCGCGA,0,391919
acrBp,0.2,4,4,TGTCCTAGTTATCTCTTCGC,0,388438
acrBp,0.2,4,4,TGTCCGGGTCTTTGACGAAA,0,382296
acrBp,0.2,4,4,TGTCCCCTGCCCACACTACT,0,372067
acrBp,0.2,4,4,TGTATGGCGCAAATTATCGG,0,408120
acrBp,0.2,4,4,TGTATAATCCCCTTATGACG,0,390959
acrBp,0.2,4,4,TGTAAGAGCGGGTTGACGCT,0,363950
acrBp,0.2,4,4,TGTAACGTAAGGGCTTGTGC,0,385320
acrBp,0.2,4,4,TGTAACCCAGGCCATTTATA,0,357208
acrBp,0.2,4,4,TGGTGGTGATGAGTGCGTAT,0,406357
acrBp,0.2,4,4,TGGTATGCTGGACATTGCTA,0,363018
acrBp,0.2,4,4,TGGGTAGTGACTGCGGTCAT,0,364289
acrBp,0.2,4,4,TGGGCTCGTACCGTTTCATT,0,376577
acrBp,0.2,4,4,TGGGATGGGTTAGACAGTAT,0,370000
acrBp,0.2,4,4,TGGGATGACACATTGAACGG,0,365969
acrBp,0.2,4,4,TGGCTTGCCACGGTTGGCGT,0,359078
acrBp,0.2,4,4,TGGCATGGACTGCGAGACCT,0,393431
acrBp,0.2,4,4,TGGCAGCGGCAGGGACTACT,0,363418
acrBp,0.2,4,4,TGGATGTTTTGTTGCGCGTT,0,389299
acrBp,0.2,4,4,TGGAGAGATCTAGCCGCATT,0,361405
acrBp,0.2,4,4,TGGACTCAAGGCAGAGTTCC,0,362023
acrBp,0.2,4,4,TGGACGGGGGATTGGTCACA,0,365565
acrBp,0.2,4,4,TGGACCGAGGCTTATGTTCT,0,358425
acrBp,0.2,4,4,TGGACCCTATCGCAACGCTT,0,401916
acrBp,0.2,4,4,TGGAATGGGCAAACTAGCCC,0,385565
acrBp,0.2,4,4,TGGAACATCCAGTGACATGC,0,398314
acrBp,0.2,4,4,TGCTTCATTAGTAAGTCACG,0,405089
acrBp,0.2,4,4,TGCTTAGCGCCCGCTTCTTA,0,374449
acrBp,0.2,4,4,TGCTGTTACGAACTCGGGAG,0,369879
acrBp,0.2,4,4,TGCTGTCCGTGGTGCAGGGA,0,401978
acrBp,0.2,4,4,TGCTCATCCACCCGTCGTAG,0,388032
acrBp,0.2,4,4,TGCTCACTTCCACGGCCTCC,0,405691
acrBp,0.2,4,4,TGCCTGGGGGCAATCTCAAT,0,371993
acrBp,0.2,4,4,TGCCGTGTACTTTCCAGCTA,0,396153
acrBp,0.2,4,4,TGCCGCGCGATAGTAACTGT,0,393449
acrBp,0.2,4,4,TGCCACGCATAGAGGCGCTT,0,360570
acrBp,0.2,4,4,TGCCACACTGGCTTTCGACC,0,388877
acrBp,0.2,4,4,TGCATATCCTATTCCCGACA,0,384973
acrBp,0.2,4,4,TGCAGGGCTAGTTAGGCGGA,0,406844
acrBp,0.2,4,4,TGCAGCCGCCCTCAAATTTA,0,407150
acrBp,0.2,4,4,TGATTTCCTTCTTGTACACC,0,377345
acrBp,0.2,4,4,TGATTTATTTATTCGGTGAT,0,388458
acrBp,0.2,4,4,TGATGTTATCTGTAGACGTG,0,355270
acrBp,0.2,4,4,TGATGAATATTACGCGCATG,0,396996
acrBp,0.2,4,4,TGATCGGGGTACGAAAAGAT,0,393254
acrBp,0.2,4,4,TGATCAGTAGATCAGGAGGC,0,357856
acrBp,0.2,4,4,TGAGTTGGACGGCCAATGTC,0,402864
acrBp,0.2,4,4,TGAGGGAGCGGGTTACTGTG,0,406808
acrBp,0.2,4,4,TGAGCACCATCCGTCTTATG,0,371866
acrBp,0.2,4,4,TGAGATTTTAATGCTACATG,0,360059
acrBp,0.2,4,4,TGAGAGCATATCTAGTCGTG,0,371664
acrBp,0.2,4,4,TGAGACATAACGCAAAACAC,0,396093
acrBp,0.2,4,4,TGACCGCAGACGATACCTGG,0,375716
acrBp,0.2,4,4,TGACCGATAACGACGGCCTT,0,355216
acrBp,0.2,4,4,TGAATTGGAGTATCTAGAAC,0,375516
acrBp,0.2,4,4,TGAAGATGTGACTGTATCGA,0,384325
acrBp,0.2,4,4,TGAACGTCAACTCATGGGTT,0,362814
acrBp,0.2,4,4,TGAACGGACAGAGCGCTTAT,0,382550
acrBp,0.2,4,4,TGAAAGAATACTGCGCGGGC,0,394197
acrBp,0.2,4,4,TCTTTGCTCTTTATGCCGGC,0,388045
acrBp,0.2,4,4,TCTTGTCGTATAGTCACGCC,0,402813
acrBp,0.2,4,4,TCTTGATGGGCTAATCTATA,0,393140
acrBp,0.2,4,4,TCTTCTGGGGGGCAGGCATT,0,384778
acrBp,0.2,4,4,TCTTCCGGTATCAGGTAGCT,0,373047
acrBp,0.2,4,4,TCTGGTGGTGCGCGCTCAAA,0,392811
acrBp,0.2,4,4,TCTGGTCTAACTGACATTCA,0,356625
acrBp,0.2,4,4,TCTCGCCCGTATGTCGGATT,0,375669
acrBp,0.2,4,4,TCTCAGGGAAGGAGTCGAAT,0,365396
acrBp,0.2,4,4,TCTACGTAATCCACGGCGGG,0,368013
acrBp,0.2,4,4,TCTACCTGATCTTTGAATGT,0,364530
acrBp,0.2,4,4,TCTACAGTGCACAGTTTTGC,0,387734
acrBp,0.2,4,4,TCGTAGCCCTACATCTCGCA,0,368270
acrBp,0.2,4,4,TCGTACTTATCATAATTTGA,0,401795
acrBp,0.2,4,4,TCGGTCTCACGCTTCAGGCC,0,357321
acrBp,0.2,4,4,TCGGCGTGCGTAAGGAATTA,0,393468
acrBp,0.2,4,4,TCGGATGACCTCCCATGTGC,0,364014
acrBp,0.2,4,4,TCGCTTTCTCGTCGTTAGGT,0,376715
acrBp,0.2,4,4,TCGCGTTAGTGACGGCTCCA,0,387786
acrBp,0.2,4,4,TCGCGATTACTGGATTGGCA,0,377841
acrBp,0.2,4,4,TCGCATTTGGAATTATACGG,0,380824
acrBp,0.2,4,4,TCGCATCGGCCCACTCAAAA,0,403005
acrBp,0.2,4,4,TCGCAACCTTTGGTGTGTAA,0,394939
acrBp,0.2,4,4,TCGAGTGACGCGTGGCTGCC,0,371995
acrBp,0.2,4,4,TCGAGTAACTACGAAGCAGT,0,367372
acrBp,0.2,4,4,TCGACTGCATTAAGTAGAGC,0,365851
acrBp,0.2,4,4,TCGAATTCAGGAGGTTCTCT,0,387103
acrBp,0.2,4,4,TCCTTCAACTCTGCAGTATA,0,380473
acrBp,0.2,4,4,TCCTTATGGATGTAAAATCA,0,388604
acrBp,0.2,4,4,TCCTGTCTTGCTCTAGGGAC,0,373452
acrBp,0.2,4,4,TCCTGCGGGATGGATGCCCA,0,405057
acrBp,0.2,4,4,TCCTGCCCGTAATTGAACTG,0,385110
acrBp,0.2,4,4,TCCTACCCCGGCCCATCTTT,0,388986
acrBp,0.2,4,4,TCCGTCTCGGCTACTCGGGA,0,356739
acrBp,0.2,4,4,TCCGGGTCAACGTCCTTCTA,0,358963
acrBp,0.2,4,4,TCCGGGGGCACCAGAGTCAG,0,371577
acrBp,0.2,4,4,TCCGAGTCCCGGCTGGGCTC,0,371770
acrBp,0.2,4,4,TCCCGTCAAAATGGTGAAGT,0,384939
acrBp,0.2,4,4,TCCCCTGAAGGCCGTTCAAC,0,396750
acrBp,0.2,4,4,TCCCCACAAGTTCGTCCGGT,0,375757
acrBp,0.2,4,4,TCCCAAAACCCGGCGGCAGT,0,364862
acrBp,0.2,4,4,TCCACCAGTGGGTGCACCCC,0,358487
acrBp,0.2,4,4,TCCACACCATAAAGGACGAC,0,382813
acrBp,0.2,4,4,TCCAACGCTGAGTTCGGAAG,0,393843
acrBp,0.2,4,4,TCCAACACGAGTGGTGTCTT,0,396777
acrBp,0.2,4,4,TCATTAGTTGCGGGTATTTT,0,379576
acrBp,0.2,4,4,TCATTAGACACTGGGATATG,0,391192
acrBp,0.2,4,4,TCATCTTTGCAGCGGTAGAA,0,377624
acrBp,0.2,4,4,TCATAGTAGGGCTTAAAAAT,0,402013
acrBp,0.2,4,4,TCAGTTTAACGCGTGGTTAA,0,407825
acrBp,0.2,4,4,TCAGTGTTCTGTTGTAAATC,0,400536
acrBp,0.2,4,4,TCAGTCAACAATGCCGGAGC,0,405321
acrBp,0.2,4,4,TCAGGCATGGAGTGGAGTCT,0,370041
acrBp,0.2,4,4,TCAGAGATCTGTAGCTCAAA,0,384859
acrBp,0.2,4,4,TCACTAACGTCAGTGGCGGC,0,379607
acrBp,0.2,4,4,TCACGTCGCCAATCCCTCAA,0,405375
acrBp,0.2,4,4,TCACACACGTGGATTACGGC,0,401774
acrBp,0.2,4,4,TCAATTTTCAGTGAATAGCT,0,357813
acrBp,0.2,4,4,TCAATTGCAAGTGAGTCCTA,0,372947
acrBp,0.2,4,4,TCAATAGACCAAGAACGCTT,0,380970
acrBp,0.2,4,4,TCAACTGGTCACTATGATCT,0,362382
acrBp,0.2,4,4,TCAAAGAGTGAGGCAGGGTA,0,384404
acrBp,0.2,4,4,TCAAAACCCCTATACGAGTC,0,361040
acrBp,0.2,4,4,TATTCAGCACCGCTTATTGA,0,364536
acrBp,0.2,4,4,TATTCACCCCCCCCAAGAAT,0,386244
acrBp,0.2,4,4,TATGGTATCTAGTTTGCTAT,0,387209
acrBp,0.2,4,4,TATGAAGGGGTGGTAAAAGC,0,407168
acrBp,0.2,4,4,TATCTGTCGAGATATTATTG,0,364469
acrBp,0.2,4,4,TATCGACTCAAGGCTAGGTT,0,395949
acrBp,0.2,4,4,TATCCTATTATCGCAGAGGG,0,384785
acrBp,0.2,4,4,TATATGGGCGAAGGGCTTCG,0,370084
acrBp,0.2,4,4,TATATGGCTTAACCCCTATA,0,401760
acrBp,0.2,4,4,TATAGCAATTAGCAAATCGG,0,407437
acrBp,0.2,4,4,TATAACTTTTCCTAACTGTC,0,387882
acrBp,0.2,4,4,TAGTGAAGGCGAACAGAAGC,0,395647
acrBp,0.2,4,4,TAGGTCAGGTCTGATTAGAA,0,403080
acrBp,0.2,4,4,TAGGGTGCCCAGATTGTTCC,0,378828
acrBp,0.2,4,4,TAGGGTCCGTGAGAGCGCTT,0,395638
acrBp,0.2,4,4,TAGGGGGCTTCAGTCTTCCT,0,387667
acrBp,0.2,4,4,TAGGCCCTTTCAACTTTCAT,0,362096
acrBp,0.2,4,4,TAGGCCAGCCGCTTATTCGT,0,384752
acrBp,0.2,4,4,TAGGATTGTCAGAGGCTCAT,0,406665
acrBp,0.2,4,4,TAGCTTCCCTAGCTACCGAA,0,391455
acrBp,0.2,4,4,TAGCTGCTTGTTTTGGTCAG,0,401840
acrBp,0.2,4,4,TAGCTCTTGTTAGTAACTAG,0,405348
acrBp,0.2,4,4,TAGCGTGCTCATGCATTAAT,0,388646
acrBp,0.2,4,4,TAGCGCGGTTGACCAGAACA,0,395917
acrBp,0.2,4,4,TAGCCGTTTCCCTCACTGGT,0,396391
acrBp,0.2,4,4,TAGCCGCAGGCCAAACATGT,0,389913
acrBp,0.2,4,4,TAGCATGGGTCATCTTTAAG,0,383806
acrBp,0.2,4,4,TAGATTCGCGCGCTGCGGGG,0,399024
acrBp,0.2,4,4,TAGAGTAATCTAGATGCCTC,0,377046
acrBp,0.2,4,4,TAGAGCGCCTACCCGATCTG,0,360397
acrBp,0.2,4,4,TAGAGAGGCCTCAAGATATA,0,389993
acrBp,0.2,4,4,TAGAGAGCGCGGGAGGCTCA,0,380803
acrBp,0.2,4,4,TAGACCAAACTATGGGGCGA,0,370476
acrBp,0.2,4,4,TAGAACTGCCTGGCAAGCCC,0,398953
acrBp,0.2,4,4,TAGAAAACTCCGCGCTCGCG,0,368203
acrBp,0.2,4,4,TACTTTTCTGGATAATCCTA,0,391311
acrBp,0.2,4,4,TACTTAGCAAGGTCTCGAAG,0,361599
acrBp,0.2,4,4,TACTAGACCCGGCTTGTTCA,0,361041
acrBp,0.2,4,4,TACGTTCCTGATTTGGAACT,0,368529
acrBp,0.2,4,4,TACGTGGCCAAGTATCTACC,0,360856
acrBp,0.2,4,4,TACGTCTCGGTCGCGTGAGG,0,356570
acrBp,0.2,4,4,TACGGAGGGTCGGGTGCCGT,0,364236
acrBp,0.2,4,4,TACGCGTCATAATTTAAGGC,0,368661
acrBp,0.2,4,4,TACGCGGAGAAGCATGTTGT,0,382186
acrBp,0.2,4,4,TACGCAGCAGTAGCAGCCTA,0,377987
acrBp,0.2,4,4,TACGCAAATAAGTCTAGTGG,0,365122
acrBp,0.2,4,4,TACATAGGGTTAGCCGATCT,0,365132
acrBp,0.2,4,4,TACAGTAACTGCGGGGCCTC,0,373397
acrBp,0.2,4,4,TACACTTCCGATATCGGGGT,0,361179
acrBp,0.2,4,4,TACACGCTTCCTACTTTCGA,0,356969
acrBp,0.2,4,4,TACACATCAACGTAGCCGGT,0,389154
acrBp,0.2,4,4,TAATGGTAGCGCATAGCTGG,0,391113
acrBp,0.2,4,4,TAATAAAGATCTCTCTGAAC,0,373673
acrBp,0.2,4,4,TAAGTTTTCGAGATTGCTGC,0,400035
acrBp,0.2,4,4,TAAGTCAGCTGATAGTTACA,0,366721
acrBp,0.2,4,4,TAAGGCATGGTATGGTGGCC,0,383912
acrBp,0.2,4,4,TAACTCACGAATGATAGCTT,0,389727
acrBp,0.2,4,4,TAACGTCCAGAGCCCCGCGC,0,356781
acrBp,0.2,4,4,TAACCGTTGCGGGGCAACCT,0,360633
acrBp,0.2,4,4,TAAACCTCAACTGTGGTCAG,0,356931
acrBp,0.2,4,4,GTTTTTATATGAAGGGGGGG,0,359486
acrBp,0.2,4,4,GTTTTGGCATTCCGTAGAAG,0,360523
acrBp,0.2,4,4,GTTTGGTCATGATTGGTCCT,0,369411
acrBp,0.2,4,4,GTTTGCCATCCGTAGGTCAT,0,394476
acrBp,0.2,4,4,GTTTGAAGTTACTACTTACT,0,389121
acrBp,0.2,4,4,GTTGTTCTCGGCCGCTTCAT,0,396761
acrBp,0.2,4,4,GTTGGCCGTCGTTTCTACTG,0,372986
acrBp,0.2,4,4,GTTGCCTGTAACTTGCACCG,0,380220
acrBp,0.2,4,4,GTTGCACTGGCTAGACGTTC,0,383762
acrBp,0.2,4,4,GTTGAGGGGCCTTCGGGATC,0,363262
acrBp,0.2,4,4,GTTCGCCGGTACATGAGAAC,0,386894
acrBp,0.2,4,4,GTTCGAACAGAGAAGGGGCA,0,398478
acrBp,0.2,4,4,GTTCAGGGTCGTCGCACGCT,0,406271
acrBp,0.2,4,4,GTTCACGGGCTACCGGTATA,0,375879
acrBp,0.2,4,4,GTTCAATCATTGGACTAAGC,0,369924
acrBp,0.2,4,4,GTTATCAAAATTAGATTTGG,0,370119
acrBp,0.2,4,4,GTTAGCTAAGTTTGAGCCAT,0,364844
acrBp,0.2,4,4,GTTAGCGTCTTGCGTATCAG,0,395788
acrBp,0.2,4,4,GTTAAATAATGGGAAGCCTT,0,361247
acrBp,0.2,4,4,GTGTTTTTGGAGAAAAGTCC,0,387904
acrBp,0.2,4,4,GTGTTGCGATGGCGGGGCCT,0,386399
acrBp,0.2,4,4,GTGTTGCACAGTCACATAGA,0,357494
acrBp,0.2,4,4,GTGTTCCCAGTTAGTCTCCG,0,364847
acrBp,0.2,4,4,GTGTCGGTATGAATACGCAG,0,387398
acrBp,0.2,4,4,GTGTAATGAGGTCACGTTGT,0,380425
acrBp,0.2,4,4,GTGGTAGCAAAGAGGCCGAG,0,381512
acrBp,0.2,4,4,GTGGGGTACCTGGTCATAGG,0,399989
acrBp,0.2,4,4,GTGGGGCCGTTCGGTGCGCC,0,404094
acrBp,0.2,4,4,GTGGGATACCTCTGATGAAT,0,383783
acrBp,0.2,4,4,GTGGCTCTAGAGCCTAGGTA,0,357838
acrBp,0.2,4,4,GTGGCTATACAACATGATGG,0,379947
acrBp,0.2,4,4,GTGGATGGGTACTTTGCGTG,0,396052
acrBp,0.2,4,4,GTGGATCAGGATGTGCGATT,0,402612
acrBp,0.2,4,4,GTGCTGAATCTTGTGAAGAG,0,363808
acrBp,0.2,4,4,GTGCGATGAGCGCACTTCTT,0,404142
acrBp,0.2,4,4,GTGCGACAGGGGCAACAAGG,0,401885
acrBp,0.2,4,4,GTGCCGACAAGAACGGTCCT,0,395095
acrBp,0.2,4,4,GTGCATTTGAACCGCGTCAG,0,367439
acrBp,0.2,4,4,GTGAGGGACGACACGGATTC,0,403730
acrBp,0.2,4,4,GTGAGGGAAACCCATCTCCT,0,391707
acrBp,0.2,4,4,GTGAGCTTAATTGAATGTCC,0,358184
acrBp,0.2,4,4,GTGAAGCAAGTCAGTTTCTA,0,377678
acrBp,0.2,4,4,GTGAAAGCATGACACCGACT,0,383966
acrBp,0.2,4,4,GTGAAAATTCTTAATTCCCA,0,390910
acrBp,0.2,4,4,GTCTTGGGCTTATATTTAAA,0,360518
acrBp,0.2,4,4,GTCTTCGATAGGATAGGTAT,0,386302
acrBp,0.2,4,4,GTCTCGATTAATGGGCTTTC,0,394433
acrBp,0.2,4,4,GTCTCATAGCCTCTCAAGGG,0,386180
acrBp,0.2,4,4,GTCTCAAGTATGTCCACGCT,0,404906
acrBp,0.2,4,4,GTCGTTCAATATCAATGCGG,0,370270
acrBp,0.2,4,4,GTCGTGAGGGCTGGAGGCAG,0,402371
acrBp,0.2,4,4,GTCGTCAGAAGAATCGTCCG,0,395033
acrBp,0.2,4,4,GTCGGACGAGCTGGGGGCGT,0,389726
acrBp,0.2,4,4,GTCGCTTAGTAGGTCTGCCG,0,377360
acrBp,0.2,4,4,GTCGAATCCGTTAATTTCAG,0,385973
acrBp,0.2,4,4,GTCCTTGTTAGCGTCGTTAA,0,402409
acrBp,0.2,4,4,GTCCGTTCAAGAGAAATAGC,0,378916
acrBp,0.2,4,4,GTCCCTTGTTTGGAGGATTC,0,370036
acrBp,0.2,4,4,GTCCCTACGTAATGCGTTTA,0,379014
acrBp,0.2,4,4,GTCCACGCGTCTGTATCTAG,0,355965
acrBp,0.2,4,4,GTCCACCGGTTGATCGGTGT,0,386531
acrBp,0.2,4,4,GTCCAAAAAATCCTAGGGTC,0,390505
acrBp,0.2,4,4,GTCATTGCCGCCATTTGGGG,0,391141
acrBp,0.2,4,4,GTCAGCTTTGCACAGGCCGT,0,365539
acrBp,0.2,4,4,GTCAGAGTGCCGGTGCAGCA,0,388566
acrBp,0.2,4,4,GTCACTCTACATAGGTCTCG,0,369408
acrBp,0.2,4,4,GTATTTTACGTGCGGAATAG,0,373724
acrBp,0.2,4,4,GTATTGGCCTTACATGTAGA,0,406260
acrBp,0.2,4,4,GTAGTTTGAGTACGAAATGT,0,400707
acrBp,0.2,4,4,GTAGGTATGGAGGGATCCTC,0,391870
acrBp,0.2,4,4,GTAGCCTGCAACTATGGGCA,0,363026
acrBp,0.2,4,4,GTAGCACCTTTTAGGGACGA,0,396917
acrBp,0.2,4,4,GTAGAAAATGTTCGAACATA,0,403779
acrBp,0.2,4,4,GTACGGTTACTCTCTATTGT,0,359607
acrBp,0.2,4,4,GTACGAAGTGCCCCCGAGCA,0,378992
acrBp,0.2,4,4,GTAATCCACGTGCGAGAATG,0,406377
acrBp,0.2,4,4,GTAATAGAGGACACGGGCCT,0,368227
acrBp,0.2,4,4,GTAAGTGCTGTCGTCGAGAT,0,362849
acrBp,0.2,4,4,GTAAGCGCGGCCGTTCAACT,0,363409
acrBp,0.2,4,4,GTAAGAATATCTTCATACAA,0,361414
acrBp,0.2,4,4,GTAACTTACTCGAACAGCTG,0,396815
acrBp,0.2,4,4,GTAACTATCTGGTGTTACCA,0,365921
acrBp,0.2,4,4,GTAACGCGCAAGGGAGAGTA,0,380779
acrBp,0.2,4,4,GTAACCCGTGTGACTCTATA,0,394474
acrBp,0.2,4,4,GTAACCATCAGACTGCTCTC,0,402569
acrBp,0.2,4,4,GGTTTTAGCGCTGGTGGAGC,0,387177
acrBp,0.2,4,4,GGTTTCCTATTTACGCAGGG,0,395488
acrBp,0.2,4,4,GGTTGTGCTCAGGGGGATGA,0,371398
acrBp,0.2,4,4,GGTTGGGCCACATAGTGAGT,0,368009
acrBp,0.2,4,4,GGTTGGCCTGGGCTTCTCTG,0,371338
acrBp,0.2,4,4,GGTTGATGCCTAAGGCTGTG,0,371131
acrBp,0.2,4,4,GGTTGAACGGCGTCTCGAAA,0,396169
acrBp,0.2,4,4,GGTTCTGTTTGGGTCAAGGA,0,395038
acrBp,0.2,4,4,GGTTACCTGGCGGCGTATCC,0,380346
acrBp,0.2,4,4,GGTGTAGTCCATTGATTCCA,0,371758
acrBp,0.2,4,4,GGTGTAACTACGTGTCAGGC,0,374392
acrBp,0.2,4,4,GGTGGTGGAAACGTTGGAAT,0,360675
acrBp,0.2,4,4,GGTGGGAGTTTTGGGCACAC,0,394924
acrBp,0.2,4,4,GGTGGAGAGCTCTATTTCAT,0,356068
acrBp,0.2,4,4,GGTGAACAGGCAGATCTGGA,0,402064
acrBp,0.2,4,4,GGTCCTGCCTGCTCTGCACC,0,403988
acrBp,0.2,4,4,GGTCCGTTAGACTGCATGCT,0,396681
acrBp,0.2,4,4,GGTCATCCCCAGAACGCTAA,0,391839
acrBp,0.2,4,4,GGTCAACATTTTACTCGATT,0,357262
acrBp,0.2,4,4,GGTACTGGAGAATAGTCTGA,0,365612
acrBp,0.2,4,4,GGTACGCCTCCGACAGAAAA,0,378588
acrBp,0.2,4,4,GGTACAAACAAAGTCGTGTG,0,398054
acrBp,0.2,4,4,GGGTTGTAGTGCGAAATTGA,0,403727
acrBp,0.2,4,4,GGGTTCTAGAGCACCCCTGA,0,405028
acrBp,0.2,4,4,GGGTTAGGGACGCAGCAACA,0,380527
acrBp,0.2,4,4,GGGTGTCTCAAGACTAGTTA,0,381972
acrBp,0.2,4,4,GGGTGACACATCAGCACTTA,0,365779
acrBp,0.2,4,4,GGGTCGCACAAGCATCACTG,0,384869
acrBp,0.2,4,4,GGGTCATGCCCGAGTGTGAT,0,405326
acrBp,0.2,4,4,GGGTAGGCTCAACGTCAGGA,0,380218
acrBp,0.2,4,4,GGGGTCGAGAAGGTATGCAT,0,371655
acrBp,0.2,4,4,GGGGCTCCTTCCAGGTGGAG,0,395930
acrBp,0.2,4,4,GGGGCGGGGAGTCTATATTC,0,377697
acrBp,0.2,4,4,GGGGCATGCATCAGGTGTCA,0,362081
acrBp,0.2,4,4,GGGGACGCCACTAGACCAGC,0,394656
acrBp,0.2,4,4,GGGCTTTTTTAGTCTAGATG,0,375346
acrBp,0.2,4,4,GGGCTGTTAAGGCACTGCAA,0,394417
acrBp,0.2,4,4,GGGCTAGCACGCGGTACTAA,0,376458
acrBp,0.2,4,4,GGGCCGTCTTGCTAAAGGAG,0,365821
acrBp,0.2,4,4,GGGCCACGCCCGACCAAGAA,0,399035
acrBp,0.2,4,4,GGGATTACAGTGTTCAAATG,0,392179
acrBp,0.2,4,4,GGGAGCTACCTTGGAATCTG,0,398413
acrBp,0.2,4,4,GGGAAGGAGGTTCAGGGCGA,0,407927
acrBp,0.2,4,4,GGGAACGGCTAAGCATTAGG,0,390267
acrBp,0.2,4,4,GGCTTTAGCTGTAAACAAGG,0,362341
acrBp,0.2,4,4,GGCTGTTTTTCAGGCCTTGG,0,404139
acrBp,0.2,4,4,GGCGGCTCCAAGACCGATGG,0,367949
acrBp,0.2,4,4,GGCGCCAGAATTCTAGACTA,0,404943
acrBp,0.2,4,4,GGCGACAGAGCGCCAGGTGG,0,392463
acrBp,0.2,4,4,GGCCTACTTGAATCGTACGA,0,373481
acrBp,0.2,4,4,GGCCGCCACCGACTTTCCAA,0,397808
acrBp,0.2,4,4,GGCCGATACCCTTCAGTCTA,0,356970
acrBp,0.2,4,4,GGCCGAACTACATCTGCTCT,0,375508
acrBp,0.2,4,4,GGCCCTCATTAGCACAGTGG,0,383340
acrBp,0.2,4,4,GGCCAAGGGTGCCTTAAGGT,0,379997
acrBp,0.2,4,4,GGCATATTGCAAGTCCGAAG,0,359489
acrBp,0.2,4,4,GGCACATCAGCCTACACTTA,0,407399
acrBp,0.2,4,4,GGCAATTTACTTCCATTCAC,0,381543
acrBp,0.2,4,4,GGATGGATCAGTCGTCTACT,0,398629
acrBp,0.2,4,4,GGATGCCTGAATTGGCCAGT,0,386270
acrBp,0.2,4,4,GGATCTTTATACTGCCATTC,0,407226
acrBp,0.2,4,4,GGATAGTGTCTACGACGCAA,0,388285
acrBp,0.2,4,4,GGATAACACATGGTCTATTC,0,358106
acrBp,0.2,4,4,GGAGTGGGTGGATAGCGGGA,0,357796
acrBp,0.2,4,4,GGAGATAGGTAGATTGGTCC,0,408303
acrBp,0.2,4,4,GGACTAAACGTGCTTACACA,0,386072
acrBp,0.2,4,4,GGACGCAAATGGGTCCGAAT,0,400785
acrBp,0.2,4,4,GGACCCCGCTAGACCCCGCA,0,404320
acrBp,0.2,4,4,GGAATGAGTTCGTCACCTCT,0,375333
acrBp,0.2,4,4,GGAAGTGATGACGCCATGCC,0,386343
acrBp,0.2,4,4,GGAAGTCGTGGGCGTATCAC,0,399387
acrBp,0.2,4,4,GGAACGGAGGCCGGGCCGAA,0,362217
acrBp,0.2,4,4,GGAAAGGTACGTAGAGTACT,0,366103
acrBp,0.2,4,4,GGAAACTTGGAAAGTCTGAG,0,375664
acrBp,0.2,4,4,GGAAACTAGGGGTCGGTACT,0,395061
acrBp,0.2,4,4,GGAAAACTCCTTTGACACAA,0,377094
acrBp,0.2,4,4,GCTTGCGGTAGTTTAAGTAG,0,386130
acrBp,0.2,4,4,GCTTGATGGATCTTTCGGCG,0,406611
acrBp,0.2,4,4,GCTTGATGAAGGTGAACCTG,0,395272
acrBp,0.2,4,4,GCTTGACGCTGTTGGACGTT,0,399331
acrBp,0.2,4,4,GCTTGAATTGTGAAGAAATG,0,363496
acrBp,0.2,4,4,GCTTACGTGTTTTGGACGTG,0,360502
acrBp,0.2,4,4,GCTTAATTAACCGGCAGAAC,0,365829
acrBp,0.2,4,4,GCTGTAATGTGACCTGCGAA,0,375169
acrBp,0.2,4,4,GCTGCGGTTGTTCGGTTATC,0,359043
acrBp,0.2,4,4,GCTGCCATCTCGACCAAGAA,0,388127
acrBp,0.2,4,4,GCTCTTCCCAAATCTGAAAC,0,383554
acrBp,0.2,4,4,GCTCTCTACATTGTCACTGC,0,404294
acrBp,0.2,4,4,GCTCGCTGAAGCCCTGGATA,0,364717
acrBp,0.2,4,4,GCTCGCCTTCTGTTCGAGAT,0,381163
acrBp,0.2,4,4,GCTCCGTACATGTTGTTGTT,0,360825
acrBp,0.2,4,4,GCTAGACCCGTGGACTTACA,0,375615
acrBp,0.2,4,4,GCTACACAGCTGTATCCTCG,0,383207
acrBp,0.2,4,4,GCGTTTAGACCCACGTCGGG,0,402230
acrBp,0.2,4,4,GCGTTCCATGCAGCATACAT,0,377230
acrBp,0.2,4,4,GCGTGCGCATCTCGAAAAAT,0,381364
acrBp,0.2,4,4,GCGTCCCGTCCATCGTACGG,0,361190
acrBp,0.2,4,4,GCGTCAAACAGTTGATGGAC,0,397812
acrBp,0.2,4,4,GCGTAAGATAGATGTGGCTA,0,401339
acrBp,0.2,4,4,GCGGTTCTATAGTACATTGC,0,367207
acrBp,0.2,4,4,GCGGGGTTCTTTGTGCGGCA,0,369542
acrBp,0.2,4,4,GCGGGAAACCTTAAACACAT,0,390800
acrBp,0.2,4,4,GCGGCTCCTAGGTTCAAACA,0,367850
acrBp,0.2,4,4,GCGGCGGCCTGAGGTCCTGC,0,402102
acrBp,0.2,4,4,GCGGCCCTTCGCCTTCTTAT,0,363811
acrBp,0.2,4,4,GCGGAGAAATTAGAACCGTG,0,401888
acrBp,0.2,4,4,GCGGAACGTAGTCAGGCCTA,0,379654
acrBp,0.2,4,4,GCGGAAAGACGCTTTAGAGA,0,357003
acrBp,0.2,4,4,GCGCTTTCACGTCGTACCAC,0,365192
acrBp,0.2,4,4,GCGCTCACGGATCATCACGG,0,366387
acrBp,0.2,4,4,GCGCTAGTCTTGCGCACTCT,0,395555
acrBp,0.2,4,4,GCGCGGGGAGAAGCCTTGCA,0,393029
acrBp,0.2,4,4,GCGCGGCTTAGCATCCAAAT,0,361939
acrBp,0.2,4,4,GCGCCTCACCGTCATTGATA,0,374874
acrBp,0.2,4,4,GCGCCGGGGTAAACCATCTA,0,394420
acrBp,0.2,4,4,GCGCCCTACGTCCGCCGATG,0,365621
acrBp,0.2,4,4,GCGCATTAACGCTCCGAGTT,0,403735
acrBp,0.2,4,4,GCGATATTATGAGTCATGGG,0,389483
acrBp,0.2,4,4,GCGAGCCTCGTTCTTGTGCG,0,365051
acrBp,0.2,4,4,GCGACGAATAGATGATAAGC,0,363631
acrBp,0.2,4,4,GCGACGAAGACCACACGCCT,0,356234
acrBp,0.2,4,4,GCGACAGGGAACCCGTGGTA,0,361080
acrBp,0.2,4,4,GCGAATGTCTCAGTTTACAT,0,404448
acrBp,0.2,4,4,GCGAATATGACGAGGATCCT,0,375726
acrBp,0.2,4,4,GCCTGCACAGGAAACGCCTG,0,355339
acrBp,0.2,4,4,GCCTACAACGAAGAGGCATT,0,379993
acrBp,0.2,4,4,GCCGTAGAGTCGAGGCTCAC,0,381484
acrBp,0.2,4,4,GCCGGAGTCTTCTCAGCAAT,0,355541
acrBp,0.2,4,4,GCCGGAGATGGTGAGTTAAT,0,388649
acrBp,0.2,4,4,GCCGCTTCGGAATCTAGGTC,0,395183
acrBp,0.2,4,4,GCCGAAAGGATTTGATGCCT,0,393747
acrBp,0.2,4,4,GCCCGGGCACCGTGAAAAAC,0,402048
acrBp,0.2,4,4,GCCCCGACGTAAAGCGTGCA,0,393530
acrBp,0.2,4,4,GCCCATACATATTATATCCT,0,387610
acrBp,0.2,4,4,GCCCAACCATGTTCCGTTTA,0,362680
acrBp,0.2,4,4,GCCATGTTACATGAAAATTT,0,400709
acrBp,0.2,4,4,GCCATGCGCGCCCACCGTCG,0,361228
acrBp,0.2,4,4,GCCATAGCGGTCTATTACGA,0,394401
acrBp,0.2,4,4,GCCACTTCCATTGGCAATCC,0,378109
acrBp,0.2,4,4,GCCACGGTGACATGTTCAGC,0,362971
acrBp,0.2,4,4,GCCACGGGATTCAGGGCTAG,0,370809
acrBp,0.2,4,4,GCCAAGCAATGTGCGTGACC,0,386115
acrBp,0.2,4,4,GCATTGTATCAACACATAGT,0,373679
acrBp,0.2,4,4,GCATTGCTGTCATCGCAAAG,0,368079
acrBp,0.2,4,4,GCATACAGAAGCGACCGACT,0,384740
acrBp,0.2,4,4,GCATAAACACACAGTGCCTC,0,363008
acrBp,0.2,4,4,GCAGTATTCCTAAGGAACCG,0,405073
acrBp,0.2,4,4,GCAGGCCTGAGAACCTCATT,0,384564
acrBp,0.2,4,4,GCAGGCAACTCCTTAGAAAT,0,360155
acrBp,0.2,4,4,GCAGGAGACGTGAAATGCGT,0,401278
acrBp,0.2,4,4,GCAGACGGGCTCTTATTCTT,0,357141
acrBp,0.2,4,4,GCAGACGCCTTCCTGCGCTC,0,402114
acrBp,0.2,4,4,GCACTCATCCAGTGAAAGGA,0,404031
acrBp,0.2,4,4,GCACGTTTGGGGTCCCTGGG,0,386656
acrBp,0.2,4,4,GCACATTCGGGGACGGAGCA,0,377015
acrBp,0.2,4,4,GCACAGCTCGTAGAGCAAGT,0,385815
acrBp,0.2,4,4,GCAATCTTGGTTGGAATGTG,0,387180
acrBp,0.2,4,4,GCAACACGCCTTCCATAACG,0,382792
acrBp,0.2,4,4,GATTTCGATCTAAACGTGCG,0,369249
acrBp,0.2,4,4,GATTAGGTGGAATCAATATA,0,368722
acrBp,0.2,4,4,GATGTACGATAGGTAGGCCT,0,375928
acrBp,0.2,4,4,GATGGTACTTACCACGCTCA,0,373811
acrBp,0.2,4,4,GATGCACTATTTCACAAATC,0,377558
acrBp,0.2,4,4,GATGATGTTGGGAATAACTG,0,373910
acrBp,0.2,4,4,GATCTCGCGAAGCTACAAGC,0,369478
acrBp,0.2,4,4,GATCGTGAGGACAAACCTCA,0,362093
acrBp,0.2,4,4,GATCGTAACGTATGATATAT,0,386956
acrBp,0.2,4,4,GATCGGCCATGCAGGATGGT,0,370868
acrBp,0.2,4,4,GATCGCGTGGTAAGCTTGCT,0,356699
acrBp,0.2,4,4,GATATTGCTGTATGCCGGTC,0,399292
acrBp,0.2,4,4,GATATGTATATGATAACGGC,0,367740
acrBp,0.2,4,4,GATATGCCACCATCGGGGAG,0,377188
acrBp,0.2,4,4,GATATGACAACATCATCGGG,0,392247
acrBp,0.2,4,4,GATATCGCACGGTCAGATAC,0,359225
acrBp,0.2,4,4,GATATCGAGGTCCCGAAGAT,0,393626
acrBp,0.2,4,4,GAGTTCGAGTTAGCCGCTGG,0,363616
acrBp,0.2,4,4,GAGTATCGCGTCACGTAACA,0,404197
acrBp,0.2,4,4,GAGGTTCATTACCGCCCCAT,0,393860
acrBp,0.2,4,4,GAGGGGTCCGGGATCCCCGA,0,390534
acrBp,0.2,4,4,GAGGGCGTGTGGGTTTGACA,0,384289
acrBp,0.2,4,4,GAGGGCGGTTAACTATCCCT,0,400827
acrBp,0.2,4,4,GAGGGAACAATAGATCGCAT,0,384379
acrBp,0.2,4,4,GAGGATTATATTCAGCAGTT,0,403628
acrBp,0.2,4,4,GAGGATAACCAACAAAACAA,0,403736
acrBp,0.2,4,4,GAGGAATAAGGGCGTGCTCC,0,365551
acrBp,0.2,4,4,GAGCGGCAGGGCGACGCTCA,0,366057
acrBp,0.2,4,4,GAGCCCGGCATCGGCGGCCG,0,403813
acrBp,0.2,4,4,GAGATGCGATAGTATAGTGA,0,381097
acrBp,0.2,4,4,GAGAGGATGACCGATCCCGG,0,368643
acrBp,0.2,4,4,GAGAGGACGCGATTGCAATT,0,369783
acrBp,0.2,4,4,GACTGACGGCAGACCATCCT,0,401520
acrBp,0.2,4,4,GACTGACATCACTATCGCTA,0,406615
acrBp,0.2,4,4,GACTCGCGTGTTATTTAAGG,0,403949
acrBp,0.2,4,4,GACTACGTACGAGAAGGTTT,0,399813
acrBp,0.2,4,4,GACGTTATCGCGGTGGTCAA,0,360545
acrBp,0.2,4,4,GACGTCTTTTAGCTGTACCT,0,355880
acrBp,0.2,4,4,GACGCCGGTGTCGTAAACCT,0,371578
acrBp,0.2,4,4,GACCGTAGACAACGCACATT,0,365463
acrBp,0.2,4,4,GACCAAAAATAGGCTACATC,0,365316
acrBp,0.2,4,4,GACATCATTATACCCATTGT,0,358732
acrBp,0.2,4,4,GACATCAGAACGGAACAGCA,0,370677
acrBp,0.2,4,4,GACACATAAATGCAGAGGAG,0,370151
acrBp,0.2,4,4,GACAAGGCGGTCTGTTCAGT,0,402984
acrBp,0.2,4,4,GAATTATTTAGTTTGTCCAC,0,392860
acrBp,0.2,4,4,GAATGCAGTCGCTTCACATA,0,406959
acrBp,0.2,4,4,GAAGTTCCCTTCCGACCAAT,0,374251
acrBp,0.2,4,4,GAAGGAGCTATTCTGGCCCT,0,403391
acrBp,0.2,4,4,GAAGCCAAGCAGGGCTTGGC,0,358378
acrBp,0.2,4,4,GAACGCAGTTGTGGCCACTT,0,398714
acrBp,0.2,4,4,GAACCGTAAGCTAGGTTTGC,0,373331
acrBp,0.2,4,4,GAACCGGGGTGAAGGGAAGG,0,389778
acrBp,0.2,4,4,GAACAGGTGCAAACTCCAGG,0,396827
acrBp,0.2,4,4,GAACACGGGCCAGGGAAGAG,0,376796
acrBp,0.2,4,4,GAAAGTGTGCTGTTCATGTT,0,401349
acrBp,0.2,4,4,CTTTTGCCAGGTATCAGTAA,0,371828
acrBp,0.2,4,4,CTTTTCAGTATACCATGTTA,0,404922
acrBp,0.2,4,4,CTTTGAGGGGTATGGTCCTG,0,395813
acrBp,0.2,4,4,CTTTCGCCAGTTCCGGGGCT,0,387046
acrBp,0.2,4,4,CTTTACTTTTCCGACCCCAA,0,369837
acrBp,0.2,4,4,CTTGTTTTTGATGCTGCCGA,0,376108
acrBp,0.2,4,4,CTTGTTAATTGCAGAACCGT,0,369405
acrBp,0.2,4,4,CTTGGTAACTTGGGAGGCAG,0,408516
acrBp,0.2,4,4,CTTGGCCACGGATAATGAGC,0,385084
acrBp,0.2,4,4,CTTGCTTCCAACTCGCAGCC,0,364434
acrBp,0.2,4,4,CTTGCTAAGTATGAGGAGAT,0,397102
acrBp,0.2,4,4,CTTGCGGGGGCAACCAGAAG,0,398709
acrBp,0.2,4,4,CTTCTTGTCCTCAACAATGC,0,374185
acrBp,0.2,4,4,CTTCTCAACGGAACGCGGTT,0,368100
acrBp,0.2,4,4,CTTCGTTACATAAGCACTTT,0,376748
acrBp,0.2,4,4,CTTCGGGCCGGTATTCTAGG,0,358223
acrBp,0.2,4,4,CTTCGATGGCTAGACAGCTC,0,372991
acrBp,0.2,4,4,CTTCCGATTAGCTACACGGA,0,378912
acrBp,0.2,4,4,CTTCATACCTACCATGTCGT,0,403769
acrBp,0.2,4,4,CTTAGACTGCGTATTTGGCA,0,394994
acrBp,0.2,4,4,CTTAGACAATGCCTCGCAGT,0,357864
acrBp,0.2,4,4,CTTACGCCCTTGCGCACGGT,0,371644
acrBp,0.2,4,4,CTTACCATCGATCGCATGAA,0,377456
acrBp,0.2,4,4,CTTAACTGTAGCGATTTTGC,0,364073
acrBp,0.2,4,4,CTGTTTCATCTGCCCTTGTG,0,364120
acrBp,0.2,4,4,CTGTTGCGTTTTTACTACTG,0,406411
acrBp,0.2,4,4,CTGTTCCAGAGCGTCGTCGT,0,369618
acrBp,0.2,4,4,CTGTGTAACTCCATACATAT,0,362526
acrBp,0.2,4,4,CTGTGTAACAATGGGGCCTA,0,387091
acrBp,0.2,4,4,CTGTCTGTTCAGAGGTGATA,0,361650
acrBp,0.2,4,4,CTGTCCGGGAGCTATAGTAG,0,359395
acrBp,0.2,4,4,CTGTCAAGCAGACGCCCGGT,0,380633
acrBp,0.2,4,4,CTGTAAAAAACTAGGATATC,0,367861
acrBp,0.2,4,4,CTGGTAGACCCGCTCTCGAT,0,362449
acrBp,0.2,4,4,CTGGGTCATCAACTGGATAT,0,387486
acrBp,0.2,4,4,CTGGGGTTGCTAATTAATAT,0,357802
acrBp,0.2,4,4,CTGGGAAATTATTGCGCACG,0,357385
acrBp,0.2,4,4,CTGGACTGGGCCGGGACTCA,0,361848
acrBp,0.2,4,4,CTGCTTTGACTCATAACAGT,0,380973
acrBp,0.2,4,4,CTGCTTGGTCGTGCCCTGTT,0,397873
acrBp,0.2,4,4,CTGCTATGTTACAACTGTTT,0,378424
acrBp,0.2,4,4,CTGCCGAGAGTCGTAGAACA,0,359778
acrBp,0.2,4,4,CTGCATTTCACCGCATATTC,0,364017
acrBp,0.2,4,4,CTGCAACTCAAATGATCTGA,0,370184
acrBp,0.2,4,4,CTGATGATAAAGTACCGATC,0,375630
acrBp,0.2,4,4,CTGATACAATACATTCTTTC,0,387179
acrBp,0.2,4,4,CTGAGGTACCGAAGCCCTAA,0,355488
acrBp,0.2,4,4,CTGAGCACTATAACCCTGTA,0,401204
acrBp,0.2,4,4,CTGAATTTCGAGATAGTCAG,0,391525
acrBp,0.2,4,4,CTGAAACAGGGCTACGAGCC,0,398829
acrBp,0.2,4,4,CTCTTTTCAATCTTCCGGGA,0,405238
acrBp,0.2,4,4,CTCTGACAATATTAATCAGT,0,395167
acrBp,0.2,4,4,CTCTCGTCCGTGCTCATAGC,0,403520
acrBp,0.2,4,4,CTCTCCACCGCCCGAGTGCG,0,385908
acrBp,0.2,4,4,CTCTAGCCCGTCAGTGTTGA,0,399398
acrBp,0.2,4,4,CTCGTAGGGTTACGTCATGT,0,386118
acrBp,0.2,4,4,CTCGGAGACGAGTAGATCAA,0,407197
acrBp,0.2,4,4,CTCGATGAAGAGGGTTCCCC,0,367767
acrBp,0.2,4,4,CTCGAGGTAGTGGCTTCTTA,0,368503
acrBp,0.2,4,4,CTCCTCACGAATCTTTTCTT,0,395164
acrBp,0.2,4,4,CTCCGTAAGCTGAAATTGAT,0,365530
acrBp,0.2,4,4,CTCCGGTTTTGGACATACTG,0,366632
acrBp,0.2,4,4,CTCCCTAATGAGAACCCTCA,0,356998
acrBp,0.2,4,4,CTCCCGCTCTATAGCCCCAC,0,407958
acrBp,0.2,4,4,CTCCCGACCTAGCTAGAAGA,0,368450
acrBp,0.2,4,4,CTCAGACGGCATTAGCGCGT,0,370546
acrBp,0.2,4,4,CTCACTTTCACAAACGCCCA,0,398377
acrBp,0.2,4,4,CTCACGTTGGAAGTATCGGG,0,364516
acrBp,0.2,4,4,CTCACGTAATCAATAATTGG,0,403953
acrBp,0.2,4,4,CTCAATGTGCGTCAGCGGAA,0,359134
acrBp,0.2,4,4,CTCAACAAAACAGTAAGTAA,0,389142
acrBp,0.2,4,4,CTCAAAATGTAACTGAGGAA,0,375583
acrBp,0.2,4,4,CTATTGATATCTAAACCAAA,0,405368
acrBp,0.2,4,4,CTATGTTTCTACTACGCTCA,0,375084
acrBp,0.2,4,4,CTATGCACAATTTCGAGCAT,0,386330
acrBp,0.2,4,4,CTATCCGCCTTCCTGCGGTA,0,403811
acrBp,0.2,4,4,CTATCATCGCCGGTTCTCCA,0,374147
acrBp,0.2,4,4,CTATCAGTATCAAGCTGAGC,0,366173
acrBp,0.2,4,4,CTATATACGTTTGAACACGA,0,394648
acrBp,0.2,4,4,CTATAGACAAGGCAGTGGGA,0,374991
acrBp,0.2,4,4,CTATACGACTGGTATGCATT,0,388533
acrBp,0.2,4,4,CTAGGCGAAGAAGGGCGTTA,0,388980
acrBp,0.2,4,4,CTAGCGATATTTCGACAGCA,0,401583
acrBp,0.2,4,4,CTAGCACAGTAAGGGAACAG,0,371072
acrBp,0.2,4,4,CTACGTTGATGACGGAATCC,0,363048
acrBp,0.2,4,4,CTACGATCTGCATAGTGGAT,0,406663
acrBp,0.2,4,4,CTACCTCCTCCGCCGTGTGG,0,390799
acrBp,0.2,4,4,CTACCCCTCCACAGCTGTAG,0,397931
acrBp,0.2,4,4,CTAATCAGGCTGGTACTATT,0,397689
acrBp,0.2,4,4,CTAATACTTAACTGCACACG,0,358251
acrBp,0.2,4,4,CTAAGTAGTTATGGATGGAC,0,397629
acrBp,0.2,4,4,CTAAAGCTGGCTCCCCTGTG,0,367020
acrBp,0.2,4,4,CTAAACTGATACCGCGACGC,0,368077
acrBp,0.2,4,4,CTAAACGTATCCGACATAGT,0,399669
acrBp,0.2,4,4,CGTTTTGGCCTGAGAGAGGT,0,396852
acrBp,0.2,4,4,CGTTTGAGTCCTGCCTAGAT,0,390174
acrBp,0.2,4,4,CGTTGACCGGAGATCAAGTT,0,381516
acrBp,0.2,4,4,CGTTCCAATTACACAGCCAG,0,364768
acrBp,0.2,4,4,CGTTAGGCACTTTCTGTTGG,0,395620
acrBp,0.2,4,4,CGTGTCCATGATCAGACTGG,0,397418
acrBp,0.2,4,4,CGTGCATATTATAATTTGAA,0,368023
acrBp,0.2,4,4,CGTGATTAAGAGCCAGTCGT,0,406125
acrBp,0.2,4,4,CGTGATCAACGGTCGTTCGA,0,396858
acrBp,0.2,4,4,CGTGAAGCGGTGGTTTATTC,0,404442
acrBp,0.2,4,4,CGTCTAGATTTCTCTCATGA,0,408479
acrBp,0.2,4,4,CGTCGGGACCTCGTTATATT,0,392777
acrBp,0.2,4,4,CGTCGGCTAAAAGCTAAATC,0,367601
acrBp,0.2,4,4,CGTCCTTAGGAGTTTTTAGT,0,404985
acrBp,0.2,4,4,CGTCCTAGCGGGTCCTTCGG,0,364819
acrBp,0.2,4,4,CGTCACGTGTGGTGATTTGC,0,399573
acrBp,0.2,4,4,CGTCACACTCTAAGCGGTGC,0,368565
acrBp,0.2,4,4,CGTATTATTGGCACATAAAC,0,392540
acrBp,0.2,4,4,CGTATTAGGAGTAAGTCAGA,0,363400
acrBp,0.2,4,4,CGTATGGGGGTCGTCCGAGG,0,364812
acrBp,0.2,4,4,CGTAGGTAGCCGTGCCGGAG,0,400112
acrBp,0.2,4,4,CGTACCGCTCTATGTAGCTA,0,381199
acrBp,0.2,4,4,CGTAAGAGGTTTCAGGCTGT,0,393043
acrBp,0.2,4,4,CGGTTAACGCAATGCTAAAG,0,373660
acrBp,0.2,4,4,CGGTGTCCGATCCACTATGG,0,370032
acrBp,0.2,4,4,CGGTCGAGCGACGGTTCAAC,0,379248
acrBp,0.2,4,4,CGGTCCCGCATGGACTAGCC,0,368787
acrBp,0.2,4,4,CGGGTTAAGGCCCCTAGCTC,0,363821
acrBp,0.2,4,4,CGGGTGCACCGTTATGCATG,0,362916
acrBp,0.2,4,4,CGGGTCCCAGTGGTCATGCT,0,372427
acrBp,0.2,4,4,CGGGGATTTAGACTCCATCG,0,392389
acrBp,0.2,4,4,CGGGCTGTGCTATCATAGGA,0,377485
acrBp,0.2,4,4,CGGGCTCTATCAAAGCGATT,0,398766
acrBp,0.2,4,4,CGGGCGAGGGGGAAACGATT,0,391992
acrBp,0.2,4,4,CGGCCGTCCATCCTATTGCA,0,388822
acrBp,0.2,4,4,CGGCCGTAGCAATAACAGTG,0,366536
acrBp,0.2,4,4,CGGATTTTTCCGGGTAACAG,0,385635
acrBp,0.2,4,4,CGGATTTTCTATAATCACCA,0,389473
acrBp,0.2,4,4,CGGATCAGACGTAGATCCAG,0,401779
acrBp,0.2,4,4,CGGACTTGAAAAGGAGGCTT,0,398462
acrBp,0.2,4,4,CGGACTAAAGCTCCCACGGG,0,375830
acrBp,0.2,4,4,CGGACGCCGTAATCAGGGTT,0,359839
acrBp,0.2,4,4,CGGAATGATCCAGCATCGTA,0,366362
acrBp,0.2,4,4,CGGAAACATAAATGACCTAC,0,364858
acrBp,0.2,4,4,CGCTTTGACGTCCTGTGTTG,0,397023
acrBp,0.2,4,4,CGCTTTCTACGTTGAGGGTC,0,394943
acrBp,0.2,4,4,CGCTCCCACGCCGCTTCAGC,0,392141
acrBp,0.2,4,4,CGCTATGCGCTAAGAATATA,0,399176
acrBp,0.2,4,4,CGCTAGTGGTATCCCGGCGT,0,361652
acrBp,0.2,4,4,CGCGTCCTTGGTTCGAGATG,0,403314
acrBp,0.2,4,4,CGCGGTAACCCTTGCACTGA,0,358845
acrBp,0.2,4,4,CGCGCATGGGCAGATTTCAT,0,377235
acrBp,0.2,4,4,CGCGAGTTATCCATGTAGAC,0,372334
acrBp,0.2,4,4,CGCGAAGTGGTGCCTCGTCT,0,370693
acrBp,0.2,4,4,CGCCTCGACGGTCCGGATTC,0,407218
acrBp,0.2,4,4,CGCCTATCGATGTTGGTTTA,0,390566
acrBp,0.2,4,4,CGCCGTTTGTGTCGGTTCCT,0,375810
acrBp,0.2,4,4,CGCCGTCCCGTACGGGTCTT,0,367655
acrBp,0.2,4,4,CGCCGAAAGGCGGAATACCA,0,378963
acrBp,0.2,4,4,CGCCCAGCGAGTGTGGTTAT,0,388702
acrBp,0.2,4,4,CGCCACAAACGTCTAGCGTC,0,385053
acrBp,0.2,4,4,CGCATGTTTCGAAACGGGTA,0,368186
acrBp,0.2,4,4,CGCAGGGTCAGCTTACCTAG,0,379235
acrBp,0.2,4,4,CGCACTTAGGGCTTTCCTAT,0,369484
acrBp,0.2,4,4,CGATTCCCGGAACTGAACCT,0,370180
acrBp,0.2,4,4,CGATGTCAACTTTGGGGCAC,0,400445
acrBp,0.2,4,4,CGATCAACGTGGCTACCCCA,0,370510
acrBp,0.2,4,4,CGATATGCAACGTGGAGGGT,0,370049
acrBp,0.2,4,4,CGATAGCGGAATGACGACGT,0,383261
acrBp,0.2,4,4,CGATAAAGCACCTTACGCAT,0,361693
acrBp,0.2,4,4,CGAGTGCCAACTTCGTTGCT,0,356623
acrBp,0.2,4,4,CGAGTAGTTCTCAGTGATTA,0,383888
acrBp,0.2,4,4,CGAGTAGGTGTGTAAACGAG,0,368923
acrBp,0.2,4,4,CGAGGCTGTAGCAGCATAAC,0,359496
acrBp,0.2,4,4,CGAGATTCCTAGTCTTGTCA,0,388404
acrBp,0.2,4,4,CGACTACTGGATTCTCTTGG,0,378427
acrBp,0.2,4,4,CGACGTCTAAACTTGACTCA,0,397922
acrBp,0.2,4,4,CGACCGCTTCGATTCGGAAA,0,389135
acrBp,0.2,4,4,CGACAGTGCGAGGGTCTTGC,0,372017
acrBp,0.2,4,4,CGAAGTCCCGCGTAACGATT,0,380147
acrBp,0.2,4,4,CGAAAAGCAATGGAATCCTT,0,367175
acrBp,0.2,4,4,CCTTTATGCCTGGTGCCGTG,0,376341
acrBp,0.2,4,4,CCTTCCGAACAATAGCCGGG,0,372201
acrBp,0.2,4,4,CCTTACTCCAGCGTATGGTC,0,400933
acrBp,0.2,4,4,CCTGTAACGCCATGCCTACC,0,399728
acrBp,0.2,4,4,CCTGGTTCAGGTTGGATAGC,0,356460
acrBp,0.2,4,4,CCTGGGGTGCGGCACCCGCT,0,401915
acrBp,0.2,4,4,CCTGGCTCAAGTAGCATGCA,0,401800
acrBp,0.2,4,4,CCTGGCAACAATTTGAGAGG,0,383978
acrBp,0.2,4,4,CCTGGATCACATTCAATGCG,0,360179
acrBp,0.2,4,4,CCTGCTCTTCGAATACCCGG,0,401486
acrBp,0.2,4,4,CCTGCCGCTTGGCGTGACGG,0,379263
acrBp,0.2,4,4,CCTGACCAATACCTACGTTT,0,393514
acrBp,0.2,4,4,CCTCGTGGGTATTAAATTCG,0,386524
acrBp,0.2,4,4,CCTCGCGTCCGCAGCCGGTC,0,391391
acrBp,0.2,4,4,CCTCGAGCGGGGGGTTCAAG,0,372330
acrBp,0.2,4,4,CCTCGAATTTCAGGCGGTTT,0,355368
acrBp,0.2,4,4,CCTCCGGGAATGTTACGTGT,0,368439
acrBp,0.2,4,4,CCTCCCGACTCGGTGTGTAG,0,367434
acrBp,0.2,4,4,CCTCCAGGTCCGAGAGCAAC,0,360628
acrBp,0.2,4,4,CCTCCAGCGAGGCACAAACA,0,405322
acrBp,0.2,4,4,CCTCATTATGTCGGATTATC,0,380171
acrBp,0.2,4,4,CCTCAGCGGGGAATTTCCCC,0,355100
acrBp,0.2,4,4,CCTCAGCGCTCAGTCTCGAA,0,385322
acrBp,0.2,4,4,CCTCACCCTTGAGCTGTCTA,0,376969
acrBp,0.2,4,4,CCTACAATCTTAGGGGACTC,0,361122
acrBp,0.2,4,4,CCTAATCTAATGCAGAGAAT,0,366968
acrBp,0.2,4,4,CCTAATCCCAGGCCTTTTGT,0,383852
acrBp,0.2,4,4,CCTAAGATGTCGCCCCTCCC,0,403886
acrBp,0.2,4,4,CCTAAACACGATTACAGCAA,0,373648
acrBp,0.2,4,4,CCGTTGGAGATCATAGCTGC,0,396959
acrBp,0.2,4,4,CCGTGTGTTACACAGTGTTA,0,404496
acrBp,0.2,4,4,CCGTCCACTATTGGTGGTTA,0,397751
acrBp,0.2,4,4,CCGTAACCGAGGGTCCATGA,0,380370
acrBp,0.2,4,4,CCGGTTATTGACGTAAGTAG,0,392981
acrBp,0.2,4,4,CCGGTTAGCGCCTTGGTTAA,0,357769
acrBp,0.2,4,4,CCGGTCTGCGCCCATGAACA,0,386075
acrBp,0.2,4,4,CCGGGAAGTTGCACGGTTAG,0,402540
acrBp,0.2,4,4,CCGGCTTCAAGCCTGGTTAT,0,359747
acrBp,0.2,4,4,CCGGCTACGATCGGAACTAT,0,376553
acrBp,0.2,4,4,CCGCTTTGGTTTTTAACCCG,0,361766
acrBp,0.2,4,4,CCGCTTGTGAGGCGTCGCCA,0,360362
acrBp,0.2,4,4,CCGCTGCTGCGAGGTAGCAT,0,382363
acrBp,0.2,4,4,CCGCTAATGCCACAACCGGA,0,359575
acrBp,0.2,4,4,CCGCGAGTTGACGGTAGCGC,0,401962
acrBp,0.2,4,4,CCGCGACCGATTCAAAACCA,0,380170
acrBp,0.2,4,4,CCGCATGAGACGCGGGACAT,0,376542
acrBp,0.2,4,4,CCGACTGGCGCTCACGAAAG,0,396986
acrBp,0.2,4,4,CCGACTGAGTTACTGATGTC,0,381205
acrBp,0.2,4,4,CCGAAGCGTCCTGTCTGGAG,0,362724
acrBp,0.2,4,4,CCGAAACAGGCTTGATTCCT,0,381303
acrBp,0.2,4,4,CCCTTTTGCCAGTCTGCCAA,0,384886
acrBp,0.2,4,4,CCCTTCCGCGGCGTGCGCCA,0,400898
acrBp,0.2,4,4,CCCTCTGATCTCGTTCGCAT,0,396723
acrBp,0.2,4,4,CCCTATTCCTAGTTAAAAGT,0,378664
acrBp,0.2,4,4,CCCGAGTCACCAGTCCTCCC,0,391379
acrBp,0.2,4,4,CCCGAAGCGTGTTACAATAA,0,385010
acrBp,0.2,4,4,CCCGAACGGAATTGGGCGGC,0,407616
acrBp,0.2,4,4,CCCCTACAGGTCGCATGACG,0,382732
acrBp,0.2,4,4,CCCCGTCGGCTCCACAGCAT,0,406889
acrBp,0.2,4,4,CCCCCCAGCTAATGCAGGTG,0,377924
acrBp,0.2,4,4,CCCCACAAGCATTAGGTGTC,0,383169
acrBp,0.2,4,4,CCCAGCTCGATTCAATTCCA,0,359716
acrBp,0.2,4,4,CCCACGGCTTAGAACAATTT,0,399826
acrBp,0.2,4,4,CCATCCGTATGGTTAAGAGA,0,362100
acrBp,0.2,4,4,CCAGTGACAGAGTTACGGGT,0,378744
acrBp,0.2,4,4,CCAGCTTCTGATCTACGTAT,0,367339
acrBp,0.2,4,4,CCAGCCCGTCAGAGCAGGGG,0,358317
acrBp,0.2,4,4,CCACTGGTACATAAGTTCAA,0,387513
acrBp,0.2,4,4,CCACTGAAGTTCAAGTTCTA,0,371206
acrBp,0.2,4,4,CCACTCCTGTAATAACCCGA,0,387878
acrBp,0.2,4,4,CCACGTCCCTGGATAGTTTC,0,371400
acrBp,0.2,4,4,CCACGGGGGAGGCCTTCTGC,0,405562
acrBp,0.2,4,4,CCACGCATGCCGAGTCTTCC,0,404524
acrBp,0.2,4,4,CCACAATTCTCTATGTAACA,0,362791
acrBp,0.2,4,4,CCACAATTCAGTCAAGCGAC,0,359784
acrBp,0.2,4,4,CCAATTAGTTAGTTTAGCGA,0,402517
acrBp,0.2,4,4,CCAATTACCTACGGCGGCCT,0,375584
acrBp,0.2,4,4,CCAAGCTTCCCTTGTCCGTC,0,401032
acrBp,0.2,4,4,CCAAGAGTTCCTACCATCAA,0,393006
acrBp,0.2,4,4,CCAACTCCGCCACTTCACCA,0,400030
acrBp,0.2,4,4,CCAAATGCCTGGGGTATTTG,0,369639
acrBp,0.2,4,4,CATTGGCTATAAGGGTTACC,0,396952
acrBp,0.2,4,4,CATTGGCGATACTCCAGGAT,0,391378
acrBp,0.2,4,4,CATTCCGAGTATAGGACGAC,0,365630
acrBp,0.2,4,4,CATTCACTGCCCCACGCGAT,0,394384
acrBp,0.2,4,4,CATTACTCTAGTTCTACATG,0,370054
acrBp,0.2,4,4,CATGTACGGGCGTCCTAAGA,0,362115
acrBp,0.2,4,4,CATGGTATATAGAGCTTGCG,0,367325
acrBp,0.2,4,4,CATGGATACCGTACCCTGTC,0,372777
acrBp,0.2,4,4,CATGGACTGCCGCCCTGCGG,0,376344
acrBp,0.2,4,4,CATGCCCCGGTTCTTTTTAC,0,364226
acrBp,0.2,4,4,CATGATGCGACTGACTTATT,0,375712
acrBp,0.2,4,4,CATGAGGTCCAGATTGCCCT,0,366631
acrBp,0.2,4,4,CATGACAACGCCGTAGACAT,0,365134
acrBp,0.2,4,4,CATGAAACGCTCTGTCAATG,0,378806
acrBp,0.2,4,4,CATCTACCCAGTTACCCCCC,0,392462
acrBp,0.2,4,4,CATCGTTTCTGTCTAATTTG,0,359635
acrBp,0.2,4,4,CATCGGGAGTAGAGCGATAG,0,391483
acrBp,0.2,4,4,CATCCGCCTTCTATTGAAAA,0,370040
acrBp,0.2,4,4,CATATTCGGGGATGGAGGTG,0,401728
acrBp,0.2,4,4,CATAGGTGGGCGTTAGCCCT,0,376753
acrBp,0.2,4,4,CATAGACAGGTGGAAGATGG,0,395421
acrBp,0.2,4,4,CATAGAATTACTGAGGGCTA,0,375800
acrBp,0.2,4,4,CATACTGAGAATACGAGGCT,0,397975
acrBp,0.2,4,4,CATACTCCAGCCGCGAATGG,0,388112
acrBp,0.2,4,4,CATACAGGTCCGCCTTCGGG,0,378298
acrBp,0.2,4,4,CATAAGAACACTTCGACGGT,0,373072
acrBp,0.2,4,4,CATAAATGATCTAAACTCTT,0,406164
acrBp,0.2,4,4,CAGTTTCCTCAGATGCGGAT,0,383666
acrBp,0.2,4,4,CAGTGTTTTATGTCCGTGGA,0,407989
acrBp,0.2,4,4,CAGTGCTGGCACTAAGGGCG,0,370685
acrBp,0.2,4,4,CAGTGCCGTATGCGCCTTGG,0,365136
acrBp,0.2,4,4,CAGTATCTCAATGGTACCTA,0,372296
acrBp,0.2,4,4,CAGTAGTGTCTCCTTATCAA,0,355325
acrBp,0.2,4,4,CAGTAGGCTCTGATTCTTGG,0,406436
acrBp,0.2,4,4,CAGTACTGCGAGGTGCGGGA,0,384698
acrBp,0.2,4,4,CAGTACCGCGGCCGGCAGGT,0,399038
acrBp,0.2,4,4,CAGGTTATGTTCGGCAAGTC,0,382648
acrBp,0.2,4,4,CAGGTCGCGAGCGGATCGGG,0,386003
acrBp,0.2,4,4,CAGGTAGCGAGTAACGGGAG,0,385054
acrBp,0.2,4,4,CAGGGCAAGAGTTAACCACG,0,355463
acrBp,0.2,4,4,CAGGGATAATGATCGACTAG,0,376947
acrBp,0.2,4,4,CAGGCGTTTTACATATAGAG,0,370533
acrBp,0.2,4,4,CAGGCCGTTATTCACATGGG,0,374208
acrBp,0.2,4,4,CAGCTTTGCGTAGCAATCCT,0,384910
acrBp,0.2,4,4,CAGCTCCTCTGTTGTGAATT,0,400830
acrBp,0.2,4,4,CAGCTATTATGGATGTGGGG,0,374416
acrBp,0.2,4,4,CAGCTAACACTGGGCTCTAT,0,363933
acrBp,0.2,4,4,CAGCGTGCAGTGGGGAAGCT,0,355231
acrBp,0.2,4,4,CAGCGGAATCTTAAATGAGA,0,382262
acrBp,0.2,4,4,CAGCGAGGACCTCGGGCGAT,0,356229
acrBp,0.2,4,4,CAGCCTTAGGAAAAAAAAAC,0,400208
acrBp,0.2,4,4,CAGCCGCGGTCGGATGCAAA,0,363576
acrBp,0.2,4,4,CAGCATGGACATGTGACTCA,0,377351
acrBp,0.2,4,4,CAGCAAAGTCGTGCATATGG,0,383932
acrBp,0.2,4,4,CAGAGTTAATACGTAGCTAT,0,384647
acrBp,0.2,4,4,CAGAGCAGTCCACCAACGCT,0,369251
acrBp,0.2,4,4,CAGAGACGCGACTGGTACGT,0,391776
acrBp,0.2,4,4,CAGAGACCAAGCGCGTGTAT,0,406334
acrBp,0.2,4,4,CAGACTGGATACGTTCAGAT,0,381960
acrBp,0.2,4,4,CAGACATTGGGGTGAAAAGT,0,388318
acrBp,0.2,4,4,CAGAACGGCCGACGTTCACA,0,403933
acrBp,0.2,4,4,CAGAAAACGAATGTCCCGCG,0,383070
acrBp,0.2,4,4,CACTTGTGGATAGTCCAAAG,0,362273
acrBp,0.2,4,4,CACTTAGCTGGCGTGATGAA,0,371731
acrBp,0.2,4,4,CACTGCTGCACGATCTTCTT,0,393510
acrBp,0.2,4,4,CACTGCTCCTAGACCCGAGG,0,362699
acrBp,0.2,4,4,CACTCCTTCTTCTATGTGTG,0,359085
acrBp,0.2,4,4,CACTCCTGATAGCCTCGCGT,0,390790
acrBp,0.2,4,4,CACTCATTGAAGGTAGGCAG,0,394302
acrBp,0.2,4,4,CACTCACTTACCACGACCAT,0,356272
acrBp,0.2,4,4,CACTACGCCAGCTGCACCTC,0,394145
acrBp,0.2,4,4,CACTAACGTTCACGGGGCGT,0,357748
acrBp,0.2,4,4,CACGGTTGCGATATGTATGC,0,406426
acrBp,0.2,4,4,CACGGTGGAATAAATTGTGG,0,382467
acrBp,0.2,4,4,CACCTCTTAGGCCTGTGGGG,0,390926
acrBp,0.2,4,4,CACCCGGAGCGAGAGATTAG,0,399143
acrBp,0.2,4,4,CACCCACTAGACCTCAATGC,0,383505
acrBp,0.2,4,4,CACCACTTTTTGTTCGTTCG,0,362682
acrBp,0.2,4,4,CACATTAGCAACGCACCCTG,0,387990
acrBp,0.2,4,4,CACAGGTTTTGGACATCACC,0,390969
acrBp,0.2,4,4,CACAATCGCGCCGAGGCCCC,0,375161
acrBp,0.2,4,4,CACAAAAAACGCTTCGCATG,0,380495
acrBp,0.2,4,4,CAATTCGTGAAGCGTTCAAA,0,376445
acrBp,0.2,4,4,CAATGGGCGACTGTACTTTA,0,378019
acrBp,0.2,4,4,CAATCCCGATATCCCTGAGA,0,402534
acrBp,0.2,4,4,CAAGTTTTACCGTACGTGGT,0,385425
acrBp,0.2,4,4,CAAGGTCGCTTGTCTGTGCT,0,371795
acrBp,0.2,4,4,CAAGCGGCACCCTGGTGAAG,0,356354
acrBp,0.2,4,4,CAAGCGCTCGGTATCGGCTT,0,397208
acrBp,0.2,4,4,CAAGCAGGTCGCAAGGCTTA,0,393844
acrBp,0.2,4,4,CAAGCAGCGTCAAGGCCAGT,0,401241
acrBp,0.2,4,4,CAACGCGTATATTCCCTCTA,0,373635
acrBp,0.2,4,4,CAACGATGGTGTTAGAGTGT,0,388762
acrBp,0.2,4,4,CAACGAGGGCTACCGGCCCG,0,387174
acrBp,0.2,4,4,CAACCGGATTTACTCCCAAT,0,374796
acrBp,0.2,4,4,CAACCGCAGTCCGGGGGGCT,0,389908
acrBp,0.2,4,4,CAACCCAAGCAGATGATTAT,0,401130
acrBp,0.2,4,4,CAACAGATCTAGTTTCTCCG,0,388499
acrBp,0.2,4,4,CAAATGAGGTTGGGGAACAG,0,355207
acrBp,0.2,4,4,CAAATCCAGGCGCCTTAGTC,0,359038
acrBp,0.2,4,4,CAAAGTTCACTAGGCGCGGG,0,394079
acrBp,0.2,4,4,CAAAGGGCCTATGGTATTCA,0,383155
acrBp,0.2,4,4,CAAAATCGGAGCGTTCGTTT,0,404044
acrBp,0.2,4,4,ATTTTCGCCTTCGTTTGGAC,0,389520
acrBp,0.2,4,4,ATTTGTGCAACGTCAGGATT,0,390634
acrBp,0.2,4,4,ATTTGATTAATCACCCTTCA,0,390269
acrBp,0.2,4,4,ATTTGAGAATAACCTCCAGG,0,392224
acrBp,0.2,4,4,ATTTCGTGTTTTTCAAGATA,0,383311
acrBp,0.2,4,4,ATTTCCAAGCCCACTAGGGC,0,367959
acrBp,0.2,4,4,ATTTATGCCACCTCGAGCTT,0,366165
acrBp,0.2,4,4,ATTTATCTAAATCTTTGCGG,0,371834
acrBp,0.2,4,4,ATTTACGCGGAACAAGTGGG,0,395700
acrBp,0.2,4,4,ATTTAATCGTAATTAAGGTT,0,405323
acrBp,0.2,4,4,ATTGTGATGTGCAACTTTCT,0,398949
acrBp,0.2,4,4,ATTGGTGACGGAAACACACG,0,387154
acrBp,0.2,4,4,ATTGATCCCGGTCCTGTTAA,0,393555
acrBp,0.2,4,4,ATTGACCATCTCCTAGCAGG,0,369739
acrBp,0.2,4,4,ATTCTTCTCATGGTATTGTG,0,377073
acrBp,0.2,4,4,ATTCTGTATGCACGAAGCAA,0,372140
acrBp,0.2,4,4,ATTCGAGTAGGTGAGTTTTA,0,390733
acrBp,0.2,4,4,ATTCAGGAGTTAGCTATAGA,0,367005
acrBp,0.2,4,4,ATTCAGCGGTATTTAGAACG,0,356506
acrBp,0.2,4,4,ATTATGGTAACGTAGTGAAA,0,361866
acrBp,0.2,4,4,ATTATCCATACGGGCGCTCG,0,388012
acrBp,0.2,4,4,ATTAGTGACTGCCTTTGACA,0,383680
acrBp,0.2,4,4,ATTAACCGGAGTTGTTCCCC,0,402937
acrBp,0.2,4,4,ATGTTCTGCGGGGCCAGTTA,0,393284
acrBp,0.2,4,4,ATGTTAACATTAGTGGTTAC,0,378556
acrBp,0.2,4,4,ATGTGGGGCGGCGGTATAGA,0,395697
acrBp,0.2,4,4,ATGTGCCATGCCCGGAATAA,0,389477
acrBp,0.2,4,4,ATGTCGGACAAATCTGGAGG,0,395083
acrBp,0.2,4,4,ATGTCCCACGCCGGTCGCTT,0,396074
acrBp,0.2,4,4,ATGTATACAGGTTGTCATAG,0,374210
acrBp,0.2,4,4,ATGTAGGAATACGCAGCGCG,0,405700
acrBp,0.2,4,4,ATGGTTGGTGCACTAGCAGT,0,383039
acrBp,0.2,4,4,ATGGTTAGCGATGAGGGGAA,0,386113
acrBp,0.2,4,4,ATGGTGCCAACCACAGTGTC,0,375860
acrBp,0.2,4,4,ATGGGGGATGATCGTTTTGC,0,366424
acrBp,0.2,4,4,ATGGGAACTTGTGTAATTTA,0,369135
acrBp,0.2,4,4,ATGGCTCAGGGCTGCGCGTC,0,360355
acrBp,0.2,4,4,ATGGCGTGGGTCTTCCATCT,0,390433
acrBp,0.2,4,4,ATGGAGGCAATGCAGATAAA,0,405285
acrBp,0.2,4,4,ATGCGTAATCTGTTCTTATA,0,371547
acrBp,0.2,4,4,ATGCCGGAGCCGTCGCGACT,0,379871
acrBp,0.2,4,4,ATGCAGGGGAGGAATGATCT,0,387651
acrBp,0.2,4,4,ATGCACTGGGGTTCAGACTA,0,394895
acrBp,0.2,4,4,ATGATGATCAATGTCGGTGA,0,355861
acrBp,0.2,4,4,ATGACACCAATTCAGCAAGT,0,356768
acrBp,0.2,4,4,ATGAATTAACGACACTTCCA,0,401285
acrBp,0.2,4,4,ATGAAAAGGGTAATAAGGTC,0,375859
acrBp,0.2,4,4,ATCTTGAGAGGTACGAGTAC,0,393126
acrBp,0.2,4,4,ATCTTACGAGTGGGAGCCAT,0,390378
acrBp,0.2,4,4,ATCTGTCTTGAATATTTATC,0,393933
acrBp,0.2,4,4,ATCTGGAGTGGTTGTGAATC,0,381609
acrBp,0.2,4,4,ATCTCGCACTTAAAACCCAG,0,386955
acrBp,0.2,4,4,ATCTCCGGATGCATCTAACG,0,367757
acrBp,0.2,4,4,ATCTCATCACTGACGTCAGC,0,387775
acrBp,0.2,4,4,ATCGTTACCGTACCGGTATG,0,363375
acrBp,0.2,4,4,ATCGTGCGCAGGTCCTAGCA,0,397867
acrBp,0.2,4,4,ATCGCGGCTCCGCTTGATGT,0,405300
acrBp,0.2,4,4,ATCGAGCGGTCGATGAAGCC,0,364058
acrBp,0.2,4,4,ATCCTTGCTAGTAGACGATC,0,376276
acrBp,0.2,4,4,ATCCTAAATGGCCCAAATGT,0,369099
acrBp,0.2,4,4,ATCCGTCTCGATGCGTGTCA,0,392528
acrBp,0.2,4,4,ATCCGCGGTAGGTTGCAGCA,0,389810
acrBp,0.2,4,4,ATCCGCCGAAAAACAGTTTG,0,387215
acrBp,0.2,4,4,ATCCCGTGTGCTCTCAAGGA,0,401479
acrBp,0.2,4,4,ATCCCGGTGTAAGACTTGGA,0,397229
acrBp,0.2,4,4,ATCCATTCGTGGGGGAGTGC,0,378860
acrBp,0.2,4,4,ATCATAATTCATGGATAGAT,0,375713
acrBp,0.2,4,4,ATCACGTTAACGTGATCTTG,0,378044
acrBp,0.2,4,4,ATCACGCTAGTGGATCGGGT,0,360340
acrBp,0.2,4,4,ATCACAGGCCGAAGAGATTG,0,384890
acrBp,0.2,4,4,ATATTATGCTGAGGTCAAAC,0,402108
acrBp,0.2,4,4,ATATGGCGAAAAACGCACCA,0,356786
acrBp,0.2,4,4,ATATATGACCCAATAACACA,0,363413
acrBp,0.2,4,4,ATATAGGTTGAGATGTGTCT,0,361331
acrBp,0.2,4,4,ATATAGGGGTTTCCCACTCG,0,359507
acrBp,0.2,4,4,ATATAGAGAGGCGTGAATGT,0,389337
acrBp,0.2,4,4,ATAGTTTAAGACCTACCGCT,0,387584
acrBp,0.2,4,4,ATAGTGCCTTCCCACCGTAC,0,369137
acrBp,0.2,4,4,ATAGTAGTTGTGAGAGACTT,0,400939
acrBp,0.2,4,4,ATAGAGTGGGTGCAGTTATC,0,378288
acrBp,0.2,4,4,ATAGAGGGGTCCTTTCGCGC,0,388705
acrBp,0.2,4,4,ATAGACTTTCTGTCCAAACT,0,382903
acrBp,0.2,4,4,ATAGACGTAACGTCTATAGA,0,400280
acrBp,0.2,4,4,ATAGAAATTTAGATTCCCCG,0,397272
acrBp,0.2,4,4,ATACTTCCCAAATTCTCCTT,0,361204
acrBp,0.2,4,4,ATACGTAAATTCACGGCATG,0,384725
acrBp,0.2,4,4,ATACGGGTATTTTCCGGACC,0,405264
acrBp,0.2,4,4,ATACGCGTCGTGAGAGTATA,0,391149
acrBp,0.2,4,4,ATAATGGTGTTTGGCCCGTA,0,362186
acrBp,0.2,4,4,ATAATCGCCCAAGTAACGCT,0,389975
acrBp,0.2,4,4,ATAAGGCACGCCCGTGTATC,0,398602
acrBp,0.2,4,4,ATAACCGTGCAGCTCTTCCG,0,395786
acrBp,0.2,4,4,AGTTCCGTGTGGATCATTCC,0,372693
acrBp,0.2,4,4,AGTTAGCCCCTGCACACGCG,0,398072
acrBp,0.2,4,4,AGTTACATGTGGGTATTTTT,0,357087
acrBp,0.2,4,4,AGTGTTGCCCGCAATGATCT,0,380510
acrBp,0.2,4,4,AGTGCTAACTCGGCGATGTG,0,390588
acrBp,0.2,4,4,AGTGCGGCCGGAACTTGCCT,0,404614
acrBp,0.2,4,4,AGTGCGGAGGGGAATGAGCA,0,408044
acrBp,0.2,4,4,AGTGACCGATTGGTTACTAT,0,400929
acrBp,0.2,4,4,AGTCGAGCGCCCCCAGTGGT,0,377544
acrBp,0.2,4,4,AGTCCTCCACGTCTTTTAAT,0,360542
acrBp,0.2,4,4,AGTCCGGACGATAGGCCGAA,0,391002
acrBp,0.2,4,4,AGTCATCACCCAAACTCCCG,0,401554
acrBp,0.2,4,4,AGTCAGTCACCACAACCGAC,0,383504
acrBp,0.2,4,4,AGTATAACTCCGACGCCCAG,0,355626
acrBp,0.2,4,4,AGTATAAAACCCAAAAGCCG,0,380546
acrBp,0.2,4,4,AGTAGCATTTTGGTTGCTAC,0,366774
acrBp,0.2,4,4,AGTACCGGCTACGATCTGGT,0,361777
acrBp,0.2,4,4,AGTAAATTGCGAGAATTTCA,0,403740
acrBp,0.2,4,4,AGGTTCAGGTGTTACCTGGC,0,396171
acrBp,0.2,4,4,AGGTGTTCAGGAACACCCAC,0,399320
acrBp,0.2,4,4,AGGTGGAGTAACATGATATG,0,404066
acrBp,0.2,4,4,AGGTGCGTCTCGCTAGCTAT,0,402434
acrBp,0.2,4,4,AGGTGAGTCTGTCGCAATGA,0,374628
acrBp,0.2,4,4,AGGTCTAAAGTGTCCCTGGA,0,397565
acrBp,0.2,4,4,AGGGTGTAATGAGGCTTCAA,0,367950
acrBp,0.2,4,4,AGGGTGGGATTTTCACTGCA,0,355291
acrBp,0.2,4,4,AGGGTCCGTATGTATCGCAT,0,360336
acrBp,0.2,4,4,AGGGGTTACTCCCATAACAA,0,366370
acrBp,0.2,4,4,AGGGGGCATTCGTAGGAAGG,0,362687
acrBp,0.2,4,4,AGGGGCGGGGGTCCAATTCG,0,383408
acrBp,0.2,4,4,AGGGGCACGTTTTTACTGTG,0,386097
acrBp,0.2,4,4,AGGGGAGTTCGGTGAGGTCC,0,407478
acrBp,0.2,4,4,AGGGGACAACGGGACTAGGT,0,374247
acrBp,0.2,4,4,AGGGGAAAGGGTTATCCTCG,0,356693
acrBp,0.2,4,4,AGGGCCGTGTAGAAAGTGCA,0,363045
acrBp,0.2,4,4,AGGGACTTGATTCTGAGTGG,0,383130
acrBp,0.2,4,4,AGGCTGGGACGGAATATCCA,0,402121
acrBp,0.2,4,4,AGGCTCCTATGTGATTCGAT,0,402908
acrBp,0.2,4,4,AGGCGGACCTCTTTCTCAGG,0,383703
acrBp,0.2,4,4,AGGCGCTTGAGATGATCACT,0,370474
acrBp,0.2,4,4,AGGCCGTTGAAATGGATAAC,0,365643
acrBp,0.2,4,4,AGGCAATTGGCCCATAGATC,0,388683
acrBp,0.2,4,4,AGGATACTATATCTCAGAAT,0,362289
acrBp,0.2,4,4,AGGAGCATAGGAACGACCGT,0,390014
acrBp,0.2,4,4,AGGACCGTCAGACAGCGGCT,0,393214
acrBp,0.2,4,4,AGCTTACCCCGGTCAGCAAG,0,392428
acrBp,0.2,4,4,AGCTGTTGAGCGATTCGCGT,0,406358
acrBp,0.2,4,4,AGCTGTGCGAGCTAACAAGG,0,382885
acrBp,0.2,4,4,AGCTGTCGGGCGCCGTTGTG,0,358100
acrBp,0.2,4,4,AGCTGCAAGGGAGTCAAAGC,0,361013
acrBp,0.2,4,4,AGCTCTGGCGCCATCCGGGA,0,403524
acrBp,0.2,4,4,AGCTATGCGTTGATTACCAC,0,367978
acrBp,0.2,4,4,AGCGTTTAGCCACAGGGAGT,0,373185
acrBp,0.2,4,4,AGCGTGCTACGGCATACAGT,0,384021
acrBp,0.2,4,4,AGCGTACTATTTGTACGAAC,0,386362
acrBp,0.2,4,4,AGCGGTTAGAGCGAATAGAA,0,372983
acrBp,0.2,4,4,AGCGGACAGTCTCCTCCTGT,0,406361
acrBp,0.2,4,4,AGCGATACTACTAGGACGCG,0,404382
acrBp,0.2,4,4,AGCCAACGGCAGGCCATGGT,0,386538
acrBp,0.2,4,4,AGCATATCGAGGTGGGCACG,0,361822
acrBp,0.2,4,4,AGCATAAATTAATACACAGG,0,387037
acrBp,0.2,4,4,AGCAGGCGGCGCTCGCTTCA,0,376950
acrBp,0.2,4,4,AGCAGGCCGGCCGGGTTAAG,0,393952
acrBp,0.2,4,4,AGCACTATCTATCCAGCAAA,0,384384
acrBp,0.2,4,4,AGCACAGACGGGATTGTTTA,0,390162
acrBp,0.2,4,4,AGCAATGTAGCGTCGCAGTG,0,367454
acrBp,0.2,4,4,AGCAAGTCTCTCCTTACCTG,0,360693
acrBp,0.2,4,4,AGATTACCGAAAACGTAGTT,0,379283
acrBp,0.2,4,4,AGATTAACACTAAGCAGATC,0,399479
acrBp,0.2,4,4,AGATGGCCATGCCCGATTAA,0,386385
acrBp,0.2,4,4,AGAGTCCGTTGAAGGGCCAT,0,380291
acrBp,0.2,4,4,AGAGTAAAGGGGAGCTGCCC,0,388810
acrBp,0.2,4,4,AGAGGGACGCCTTACATTTG,0,408132
acrBp,0.2,4,4,AGAGGACGTTTCTGCCGGTT,0,376487
acrBp,0.2,4,4,AGAGCTGTTATCTGAGCTGT,0,390994
acrBp,0.2,4,4,AGAGATGCTGTTCCTACACC,0,375806
acrBp,0.2,4,4,AGACGGTAAGCCAGGGTGCT,0,399549
acrBp,0.2,4,4,AGACGAGCCGGTAATTATAC,0,377305
acrBp,0.2,4,4,AGACGAATGCGTTTTAACGT,0,369363
acrBp,0.2,4,4,AGACACATGCGCGAAGCGCT,0,376075
acrBp,0.2,4,4,AGACAATGGCATATACCGAG,0,358442
acrBp,0.2,4,4,AGAATTCATTGCTGAATCTT,0,355805
acrBp,0.2,4,4,AGAATTAGAAACGGTACATG,0,369443
acrBp,0.2,4,4,AGAAGCGCACAGTGGTTGTA,0,400523
acrBp,0.2,4,4,AGAACGGGCTGTTTCAATAC,0,358062
acrBp,0.2,4,4,AGAACGGATTATTCGGTTAG,0,403151
acrBp,0.2,4,4,AGAAAAGTAAGCTCCAGAAA,0,382252
acrBp,0.2,4,4,ACTTGAGCACAATATAAAAG,0,363719
acrBp,0.2,4,4,ACTTCTGGGCTTTTTTGTGC,0,391193
acrBp,0.2,4,4,ACTGTATTCGGCCACTTAAT,0,392665
acrBp,0.2,4,4,ACTGGTCGTCACGAGGAGTT,0,382784
acrBp,0.2,4,4,ACTGGGTGCAGGGGGTTTAA,0,356134
acrBp,0.2,4,4,ACTGGGATACGCGTTAGCCT,0,368405
acrBp,0.2,4,4,ACTGCGCCATCATTCGGAAA,0,382206
acrBp,0.2,4,4,ACTGCCGTTGACACTACGGG,0,357580
acrBp,0.2,4,4,ACTGCACTAATGAGGGATGT,0,407259
acrBp,0.2,4,4,ACTCGCGAGATTAGCAGACG,0,386969
acrBp,0.2,4,4,ACTCGAAGAGGGTGAAGATA,0,392638
acrBp,0.2,4,4,ACTCCTTCACAAGCGCGTTT,0,373265
acrBp,0.2,4,4,ACTCCGGTGGTCGCTATCAT,0,380472
acrBp,0.2,4,4,ACTCCCCAGTCTGTTACAAA,0,369930
acrBp,0.2,4,4,ACTCAGCAGCCGAGGGGAAA,0,379134
acrBp,0.2,4,4,ACTCAAAGCGCTTCAGGTTA,0,372768
acrBp,0.2,4,4,ACTATTGATGATGCAATCAA,0,363086
acrBp,0.2,4,4,ACTATAAAGGGCAAGCGCTC,0,371693
acrBp,0.2,4,4,ACTAAGTCTGGACTTGTAGT,0,397201
acrBp,0.2,4,4,ACGTGGTTTAGGGCTATAGG,0,374227
acrBp,0.2,4,4,ACGTCGTCCAGCTCCCGGAT,0,358451
acrBp,0.2,4,4,ACGTCGGTGTGAAATCGCCA,0,379048
acrBp,0.2,4,4,ACGTCGCTAGTATCGGTAAC,0,408443
acrBp,0.2,4,4,ACGTCAGCACCGTATTCCCA,0,379071
acrBp,0.2,4,4,ACGTACCCACCGTTTCGCGT,0,379718
acrBp,0.2,4,4,ACGGGAGGGACCTCGTAAGA,0,381357
acrBp,0.2,4,4,ACGGCGAGAAGCAAGCTTCC,0,370298
acrBp,0.2,4,4,ACGCTCATTAGGGTTCTACA,0,393265
acrBp,0.2,4,4,ACGCCTTTCAAAGATTGTGT,0,363655
acrBp,0.2,4,4,ACGCCTCCACGAGGGAACTG,0,360377
acrBp,0.2,4,4,ACGATTTTCCCCCATTCTGT,0,366888
acrBp,0.2,4,4,ACGATTGTTCTTGGACGCCT,0,356544
acrBp,0.2,4,4,ACGAGTTTGGGCGAGACGCT,0,404792
acrBp,0.2,4,4,ACGAGAGCCAAGACACCTAA,0,392291
acrBp,0.2,4,4,ACGAAATGGCACAACCGTCG,0,362011
acrBp,0.2,4,4,ACCTTTCAGGGTCTCTCTTG,0,373547
acrBp,0.2,4,4,ACCTTCTAAACCTATGTGCT,0,357069
acrBp,0.2,4,4,ACCTTAACTCAAAGACATGT,0,381606
acrBp,0.2,4,4,ACCTCCGTGGTCAACGCTTC,0,372355
acrBp,0.2,4,4,ACCGTCTAGAGTATATCCGG,0,364272
acrBp,0.2,4,4,ACCGACGGACGACCGGGACC,0,381256
acrBp,0.2,4,4,ACCCTTATTTGACGGTGCAA,0,370891
acrBp,0.2,4,4,ACCCGTCCAGCGAGTCATGG,0,383614
acrBp,0.2,4,4,ACCCGCCGTATAGGCGCATC,0,380701
acrBp,0.2,4,4,ACCCGCCAGATCGAAAAATA,0,383395
acrBp,0.2,4,4,ACCCACGGGCCTGTTGTTAG,0,391151
acrBp,0.2,4,4,ACCCACCTAGGATGGTCCAA,0,356128
acrBp,0.2,4,4,ACCATTACCCGAAGCAGAGA,0,394646
acrBp,0.2,4,4,ACCAGGCGAAGTAGGCAGAT,0,396058
acrBp,0.2,4,4,ACCACTTAATGATCTCAGCA,0,378512
acrBp,0.2,4,4,ACCACGGGGTTAGTTCTCCT,0,387115
acrBp,0.2,4,4,ACATTTACTAATCTACGATA,0,405465
acrBp,0.2,4,4,ACATTCAACAGAGACACCAT,0,368250
acrBp,0.2,4,4,ACATGTGCGCCGTAACCAAG,0,371630
acrBp,0.2,4,4,ACATGGAGTCCAGGGCTTAT,0,357991
acrBp,0.2,4,4,ACATGCGGGTTATCAGCATG,0,366886
acrBp,0.2,4,4,ACATCTCGGGCAGAACAACA,0,387628
acrBp,0.2,4,4,ACATCTCAAGATGGGCCGTT,0,401893
acrBp,0.2,4,4,ACATATATTTCATGTTGTTA,0,385658
acrBp,0.2,4,4,ACAGGTACTGCATATTGGTA,0,396011
acrBp,0.2,4,4,ACAGGCGCGGCCAGCTTTGC,0,384474
acrBp,0.2,4,4,ACAGCTGAAACGTTATGAGA,0,406609
acrBp,0.2,4,4,ACAGCCGGCTCCTCGTATGT,0,372551
acrBp,0.2,4,4,ACAGCAGATGGGCGCACCTC,0,383211
acrBp,0.2,4,4,ACAGCACAAAGCACGCGTTT,0,369537
acrBp,0.2,4,4,ACAGATGGGAAGCGGCGGCT,0,375637
acrBp,0.2,4,4,ACAGATAAGGACCACAACTT,0,370759
acrBp,0.2,4,4,ACACTTTCTATGAATGCCAA,0,399002
acrBp,0.2,4,4,ACACGCCATTTTGGACTCTC,0,406865
acrBp,0.2,4,4,ACACAGGTAACTTGTCCCTC,0,407400
acrBp,0.2,4,4,ACACAGATAAGTCTGAGACC,0,382507
acrBp,0.2,4,4,ACAAGGGGATGATTTAAGAT,0,378965
acrBp,0.2,4,4,ACAAGCTCTCGAATGTCGGG,0,390227
acrBp,0.2,4,4,ACAAGACCCCTGGAGTTGTA,0,396539
acrBp,0.2,4,4,ACAACCGCTTTTATGGTAGT,0,372047
acrBp,0.2,4,4,ACAAATGGGACGTACGTATG,0,363889
acrBp,0.2,4,4,ACAAACGAAGAAATCAATAG,0,369995
acrBp,0.2,4,4,AATTTTGTATCATTCTTTGG,0,357364
acrBp,0.2,4,4,AATTTACCCGGGACGTCGCG,0,376455
acrBp,0.2,4,4,AATTGTTAACCGACGGAAAC,0,372074
acrBp,0.2,4,4,AATTGCATTGGGCTGCCTAG,0,360470
acrBp,0.2,4,4,AATTCCTTCCCGGAGCTCTG,0,365902
acrBp,0.2,4,4,AATTCATATGTGTGAGTCAA,0,396575
acrBp,0.2,4,4,AATTATCAATACGGACCAAA,0,385136
acrBp,0.2,4,4,AATTACAGTGAATTCAAGGC,0,360890
acrBp,0.2,4,4,AATGTTGCGCTTGGACACCT,0,386147
acrBp,0.2,4,4,AATGTGTTAAAAAGACTGAT,0,385427
acrBp,0.2,4,4,AATGGGCGGTAGGCTGTATT,0,356270
acrBp,0.2,4,4,AATGCCGCTTTTATGAAATG,0,368805
acrBp,0.2,4,4,AATCTTGATTCATGCAGTAA,0,368301
acrBp,0.2,4,4,AATCTTAAACCTTTTCTCAT,0,386082
acrBp,0.2,4,4,AATCTATCACCCGAAAATAT,0,402979
acrBp,0.2,4,4,AATCATTGCTTTCGATAACT,0,368508
acrBp,0.2,4,4,AATATGGGCCATTGGAAGAC,0,382014
acrBp,0.2,4,4,AATATCATGACGCCGGGCAA,0,401957
acrBp,0.2,4,4,AATACTAGGTTCAATTCTGG,0,393983
acrBp,0.2,4,4,AATACCTCCTCGATTTTTTA,0,374154
acrBp,0.2,4,4,AAGTGCTGTCGGGTATTGGA,0,386077
acrBp,0.2,4,4,AAGTGCCTGAGGGGTAACAA,0,392174
acrBp,0.2,4,4,AAGTGACATTTTGGTGAGTC,0,374921
acrBp,0.2,4,4,AAGTCTATTGCCTCTGTTCT,0,359843
acrBp,0.2,4,4,AAGTAAGAGTTCTTCGGGTC,0,389579
acrBp,0.2,4,4,AAGGGCCGGAGTATGGGAGA,0,400190
acrBp,0.2,4,4,AAGGCGCTTCCGAGGGCAGT,0,355260
acrBp,0.2,4,4,AAGCTCTCGTACTAAAGTAG,0,379368
acrBp,0.2,4,4,AAGCGCCAGCCTGCGTAAGG,0,395304
acrBp,0.2,4,4,AAGCCGAAGTGACCTGCTGG,0,362627
acrBp,0.2,4,4,AAGCAAGACTGTATGACTTG,0,392935
acrBp,0.2,4,4,AAGATCGGCCCCCTACCTTG,0,367051
acrBp,0.2,4,4,AAGACATGTAGCTGAGTACG,0,381279
acrBp,0.2,4,4,AACTGCACTGAGATTGAAAC,0,372616
acrBp,0.2,4,4,AACTCTAGGGAGTTTATGAC,0,388482
acrBp,0.2,4,4,AACTCAAAGTTTGGATGCCT,0,371068
acrBp,0.2,4,4,AACGGCCTTTAAGAATGTGA,0,380217
acrBp,0.2,4,4,AACGGCAATATTCCACGGCA,0,380082
acrBp,0.2,4,4,AACGCAAGGAGCAATTTCTT,0,379951
acrBp,0.2,4,4,AACGACGTTGCACGTTTGGT,0,392950
acrBp,0.2,4,4,AACCCGGGTTAGCTAAGACA,0,386367
acrBp,0.2,4,4,AACCCCGGTCAGCTATGTGA,0,408027
acrBp,0.2,4,4,AACAATATGCGGTCTGCCTT,0,403431
acrBp,0.2,4,4,AAATTTATCTTGAGTTCGGT,0,378183
acrBp,0.2,4,4,AAATGTATTCCATATCCAGG,0,366768
acrBp,0.2,4,4,AAATCGCTTCGAAAGTCAAC,0,381535
acrBp,0.2,4,4,AAATCGAGTACCCTATCGGT,0,386339
acrBp,0.2,4,4,AAATCGACCCTGGCATTCGT,0,360158
acrBp,0.2,4,4,AAAGTTACGACCAAATAGAA,0,378561
acrBp,0.2,4,4,AAAGGTATCTTTTCTGTCTC,0,373614
acrBp,0.2,4,4,AAAGCCCCATAAAGTATAAA,0,394042
acrBp,0.2,4,4,AAAGATTTAGTTGTTAAGTG,0,379181
acrBp,0.2,4,4,AAAGAGGATCAAAGACTTCA,0,361126
acrBp,0.2,4,4,AAACGTTTAGGCCAGTAAGT,0,377526
acrBp,0.2,4,4,AAACGTAGGGTTTGGGCGCC,0,363239
acrBp,0.2,4,4,AAACGGCTCGAGGTGTACGG,0,405807
acrBp,0.2,4,4,AAACGGAATGCCCATGGAGA,0,401595
acrBp,0.2,4,4,AAACAGCTGACCAGAACGAC,0,388234
acrBp,0.2,4,4,AAACAGCCACCCTCTGGTTA,0,376799
acrBp,0.2,4,4,AAACACGTTTCCCCTAGTCG,0,402867
acrBp,0.2,4,4,AAAAGGTTTGTTCTGTAGGA,0,361734
acrBp,0.2,4,4,AAAACGGTTATCCACCGAAT,0,395947
acrBp,0.2,4,4,AAAACGAAATGGGCTTCCAG,0,375784
acrBp,0.2,4,4,AAAAACAGTGGGAGCGATCA,0,376825
acrBp,0.25,3,3,TTTTGGGCTAGTTATGCAAT,0,389279
acrBp,0.25,3,3,TTTTGCCCTGGCGGGCCTCA,0,365744
acrBp,0.25,3,3,TTTTGACACCTTGGCCTTCG,0,395138
acrBp,0.25,3,3,TTTTCTCCACGAAAGATGCT,0,374791
acrBp,0.25,3,3,TTTTCGGAACCTTAAGAGAC,0,364745
acrBp,0.25,3,3,TTTTCCGCGAGATCGCTCGA,0,371779
acrBp,0.25,3,3,TTTGTGGGTGCCCGAGGTAT,0,402515
acrBp,0.25,3,3,TTTGTGATAGTAACGTTGCC,0,374815
acrBp,0.25,3,3,TTTGGATGCGGGGTTAATTA,0,399432
acrBp,0.25,3,3,TTTGGAGGTCGGCCATCAAA,0,389490
acrBp,0.25,3,3,TTTGGAGAACACCCTTGATC,0,399497
acrBp,0.25,3,3,TTTGATTAGCAATACACAGT,0,372775
acrBp,0.25,3,3,TTTGAGTTGATGTAACCGTA,0,366482
acrBp,0.25,3,3,TTTGAGACTTTAGACGCTAG,0,383673
acrBp,0.25,3,3,TTTGAATATGCCGTGTAAGC,0,370758
acrBp,0.25,3,3,TTTCTTACTGAGGCAGCTGA,0,380873
acrBp,0.25,3,3,TTTCTAGTTGTCTTACAGAA,0,364719
acrBp,0.25,3,3,TTTCGCTCTATTCTTGGGAT,0,366394
acrBp,0.25,3,3,TTTCCTGCGTCGTCCCTAAA,0,390858
acrBp,0.25,3,3,TTTCCCAATTTGATCCTCAG,0,401395
acrBp,0.25,3,3,TTTATACGGGTCATCCAATC,0,361562
acrBp,0.25,3,3,TTTAGTTGTCACCACTACGG,0,384852
acrBp,0.25,3,3,TTTAGTCCGGCGAATCAAGC,0,392066
acrBp,0.25,3,3,TTTAGCCATTACAGATGTCA,0,404015
acrBp,0.25,3,3,TTTAGAGTTGGTTATGCGGT,0,372819
acrBp,0.25,3,3,TTTAGACAATATCGACCGGT,0,382054
acrBp,0.25,3,3,TTTACTGGCCAGGGGGCTTG,0,407244
acrBp,0.25,3,3,TTTACGTCTGAATCTTGGCA,0,394914
acrBp,0.25,3,3,TTTACATTACACAAGCACAA,0,406392
acrBp,0.25,3,3,TTTACAGGAATCGTGAGCTT,0,388937
acrBp,0.25,3,3,TTTAAAGTGGTAGACACGAA,0,355947
acrBp,0.25,3,3,TTGTTTCCCTAAAAATGGGG,0,387579
acrBp,0.25,3,3,TTGTGTTCCTGTTAACTCTC,0,384877
acrBp,0.25,3,3,TTGTGTGCTTGAAAATGTCT,0,361512
acrBp,0.25,3,3,TTGTGAAGAAAAGGCAACAG,0,404576
acrBp,0.25,3,3,TTGGTCCTGGGGTATGCACG,0,397348
acrBp,0.25,3,3,TTGGGAAGTAATAATGGTAT,0,397860
acrBp,0.25,3,3,TTGGATTCGAGGGGTGCTGT,0,380870
acrBp,0.25,3,3,TTGCTTTGGTGATAACCACA,0,388103
acrBp,0.25,3,3,TTGCTTTAGCGACTCTACAC,0,386306
acrBp,0.25,3,3,TTGCTCGGTTAAATTCCTAG,0,398988
acrBp,0.25,3,3,TTGCTATCCCACCGAGTTTA,0,401929
acrBp,0.25,3,3,TTGCGCGTTCAAGCTGGAAG,0,404920
acrBp,0.25,3,3,TTGCGAACACGCATAAAATA,0,382308
acrBp,0.25,3,3,TTGCCTAGAGGAACTAATCG,0,392717
acrBp,0.25,3,3,TTGCCGGTATTTTTCTATAA,0,387355
acrBp,0.25,3,3,TTGCAGCGGGAGATACATGA,0,355159
acrBp,0.25,3,3,TTGCAGCCCAAGTGTTCCAT,0,359363
acrBp,0.25,3,3,TTGCAATCTATTATTGTGGA,0,377142
acrBp,0.25,3,3,TTGATGGGTAAAACGATTGA,0,395026
acrBp,0.25,3,3,TTGAGGCACAGACTCGGAAT,0,391385
acrBp,0.25,3,3,TTGACTCCCGGGACACCCGA,0,368735
acrBp,0.25,3,3,TTGACCGTGGATGTTTGTGG,0,399469
acrBp,0.25,3,3,TTGACCGCTCTAGGTATTAG,0,358666
acrBp,0.25,3,3,TTGAATTCCTCTTGTATAAA,0,393766
acrBp,0.25,3,3,TTGAATCGGAGACTCAGTCC,0,387592
acrBp,0.25,3,3,TTGAAGTACCGCAAGCAACA,0,404880
acrBp,0.25,3,3,TTGAAACGCTGACCAAGTAT,0,362731
acrBp,0.25,3,3,TTCTTACGGAATAGAAACAT,0,404625
acrBp,0.25,3,3,TTCTGCACCGCCGAATGCTT,0,391381
acrBp,0.25,3,3,TTCTCGAAACTGAGCAGGGG,0,375302
acrBp,0.25,3,3,TTCTCCCCGTTCATACCGGT,0,381081
acrBp,0.25,3,3,TTCTATGCGAACATGCTTGG,0,366433
acrBp,0.25,3,3,TTCTACGCCTCTACGTAATA,0,397439
acrBp,0.25,3,3,TTCGTATACACTTATGGTTC,0,408256
acrBp,0.25,3,3,TTCGTAACCTACGCGCGGCG,0,361203
acrBp,0.25,3,3,TTCGGGGACAAGGAGAGTAG,0,377870
acrBp,0.25,3,3,TTCGCGGAGTGTTTAAAGCT,0,368059
acrBp,0.25,3,3,TTCGATCATCAGCCTTCATA,0,362787
acrBp,0.25,3,3,TTCGAAAGGGTGCGTTTAGT,0,401899
acrBp,0.25,3,3,TTCCTCTAATATTGTAGTGA,0,375280
acrBp,0.25,3,3,TTCCGTGTTGGCTCGGGTAT,0,399118
acrBp,0.25,3,3,TTCCGTAAAAGACATGCCAC,0,364761
acrBp,0.25,3,3,TTCCGGAACCTATTCTACTT,0,357875
acrBp,0.25,3,3,TTCCCGCTGCAGTAGACCTT,0,363502
acrBp,0.25,3,3,TTCCCGCCAGACGTCTTCGT,0,378342
acrBp,0.25,3,3,TTCATCCCATGAGCCTCTTA,0,360206
acrBp,0.25,3,3,TTCACTATACGTTTGGTGCA,0,377246
acrBp,0.25,3,3,TTCAAGAGCATGTAGTCAAG,0,375626
acrBp,0.25,3,3,TTCAAAGTGGCATACCGATG,0,372902
acrBp,0.25,3,3,TTATTTACTTCTATTAGCAA,0,357325
acrBp,0.25,3,3,TTATTCGTACCATTCGCTTT,0,361281
acrBp,0.25,3,3,TTATTCCATGTTTAATACAG,0,373514
acrBp,0.25,3,3,TTATGGGACCACCTCACGCC,0,364535
acrBp,0.25,3,3,TTATGATCAAGACATAGGTG,0,368880
acrBp,0.25,3,3,TTATAGCAATTGCGCTGTCT,0,395146
acrBp,0.25,3,3,TTAGTGTCTAAGCTCGCTCG,0,394194
acrBp,0.25,3,3,TTAGTCGTGGAGCACATTCT,0,360498
acrBp,0.25,3,3,TTAGTATACACGGGTCAAGA,0,375223
acrBp,0.25,3,3,TTAGGTAAAAAACCCTGCCC,0,374676
acrBp,0.25,3,3,TTAGCACAACGGTTTTTTTT,0,370241
acrBp,0.25,3,3,TTACGGTGAGGGGATCTAAA,0,383065
acrBp,0.25,3,3,TTACGGGGGGATCTGTCGTG,0,357980
acrBp,0.25,3,3,TTACCTCGGGAGTTGAGTAC,0,381534
acrBp,0.25,3,3,TTACCTAAATTTTCAGAAGA,0,396830
acrBp,0.25,3,3,TTACCGACGCGCCGGCAACA,0,376493
acrBp,0.25,3,3,TTAATTCATTCCTCCGCTGT,0,385398
acrBp,0.25,3,3,TTAATCACGAGCAACACGGT,0,374773
acrBp,0.25,3,3,TTAATAACGTAACGGAGGTC,0,390229
acrBp,0.25,3,3,TTAAGGGTATACGGATGTGG,0,375657
acrBp,0.25,3,3,TTAAATATTAACTCAGTATT,0,403617
acrBp,0.25,3,3,TTAAAGGCGCGTACACTAGG,0,365315
acrBp,0.25,3,3,TGTTGGCTCGCGTTTTTTCG,0,365708
acrBp,0.25,3,3,TGTGGAAAGATGCCGTGAAA,0,401430
acrBp,0.25,3,3,TGTGCCGTCGTAGCCATATA,0,357140
acrBp,0.25,3,3,TGTGACTCTGTAGAACAAGT,0,393382
acrBp,0.25,3,3,TGTCTTGAGATCCCGGTTTC,0,355298
acrBp,0.25,3,3,TGTCTGGCTTGAACGCCATG,0,388432
acrBp,0.25,3,3,TGTCTGCTCAGGGCAAGTCA,0,399409
acrBp,0.25,3,3,TGTCTGCGTCACCGGGCCAA,0,376067
acrBp,0.25,3,3,TGTCGTCAACGTGTAGTGTG,0,394826
acrBp,0.25,3,3,TGTCCCTAAATTACCGGCTC,0,368915
acrBp,0.25,3,3,TGTCCATTCACTAAGGTGCT,0,365191
acrBp,0.25,3,3,TGTATATCGAGTTCAAGCTA,0,371185
acrBp,0.25,3,3,TGTACTCTGAGCCAGTAAAT,0,396382
acrBp,0.25,3,3,TGTACGTAAGGTGGCGGTAA,0,397950
acrBp,0.25,3,3,TGTACATTCGGTTCTTTGAT,0,402872
acrBp,0.25,3,3,TGTAATTAATGTCGAAGTAA,0,402014
acrBp,0.25,3,3,TGTAACGGCTATAATCACTG,0,385231
acrBp,0.25,3,3,TGGTTAACAAATTTCTCAAT,0,392186
acrBp,0.25,3,3,TGGTGTAGCCCCTTCTAGAT,0,369400
acrBp,0.25,3,3,TGGTGAGGGTTGTTCCACTT,0,389433
acrBp,0.25,3,3,TGGTGACCTAGTGCCACCTC,0,370106
acrBp,0.25,3,3,TGGTCTGCATAATCGGTACG,0,393446
acrBp,0.25,3,3,TGGTCAACTCGATTCGATAG,0,360101
acrBp,0.25,3,3,TGGTAATGAGGAGAAGCACG,0,364136
acrBp,0.25,3,3,TGGGTTTCGGATGTGAGGGA,0,364382
acrBp,0.25,3,3,TGGGGTAACGGGTGCCGATT,0,362659
acrBp,0.25,3,3,TGGGGATACAATCCATCCCT,0,394735
acrBp,0.25,3,3,TGGGGAACGTCATAGAACTG,0,406424
acrBp,0.25,3,3,TGGGCTTTCCATTATGTCGG,0,374786
acrBp,0.25,3,3,TGGGCTAGTACAGCAAGGCC,0,394056
acrBp,0.25,3,3,TGGGCCTGGGGGCGACGGAT,0,402665
acrBp,0.25,3,3,TGGGATCGTCAATCGGTAAC,0,384779
acrBp,0.25,3,3,TGGGAGGTAGGAGTTGATGT,0,404136
acrBp,0.25,3,3,TGGCCTCCATGTACTACAGA,0,372835
acrBp,0.25,3,3,TGGCCGTTATTGCGAGATCC,0,403234
acrBp,0.25,3,3,TGGAGGTTATGATCGGTCTA,0,400492
acrBp,0.25,3,3,TGGAGCCTGACGAGGCAGTA,0,366889
acrBp,0.25,3,3,TGGACCCCGCCTCCCCGTAA,0,378432
acrBp,0.25,3,3,TGGACAAGCACCTTAGAAAC,0,364680
acrBp,0.25,3,3,TGGAATCCCTTCTCCTTTCC,0,381621
acrBp,0.25,3,3,TGCTTCACCGATTCGGTCAA,0,374609
acrBp,0.25,3,3,TGCTGGACGCCCTCTAAGAA,0,385700
acrBp,0.25,3,3,TGCTCAGCAGGCGCTGATGA,0,398140
acrBp,0.25,3,3,TGCTACCTGGCGTTATTTGC,0,406746
acrBp,0.25,3,3,TGCGTTACGGAAGGGAGCTC,0,383460
acrBp,0.25,3,3,TGCGTATTCCAACTCTTTGG,0,391023
acrBp,0.25,3,3,TGCGAACGATTGTTTATAGG,0,355273
acrBp,0.25,3,3,TGCCTCTAATACCATGCCTC,0,391947
acrBp,0.25,3,3,TGCCTAATAGTCGTTTAACA,0,363275
acrBp,0.25,3,3,TGCCGCAACTATGAGGCGAG,0,403625
acrBp,0.25,3,3,TGCCCTAAAACTCACCAAGG,0,393451
acrBp,0.25,3,3,TGCCCGGTACGCGCCCCAGT,0,407413
acrBp,0.25,3,3,TGCCCGGCGCTTAAAAGATA,0,392715
acrBp,0.25,3,3,TGCCACTCCGGGGATTGCAA,0,373205
acrBp,0.25,3,3,TGCATGCCGTTCATTTCAAT,0,368501
acrBp,0.25,3,3,TGCAGGCGGGGATTTTCGCC,0,365983
acrBp,0.25,3,3,TGCAAGGGGCAATCTGATGT,0,384585
acrBp,0.25,3,3,TGCAACAAGGGGTATGTCAG,0,358705
acrBp,0.25,3,3,TGATTATACAGGCAAGGTGA,0,373990
acrBp,0.25,3,3,TGATGGTGAGTTTGTTTTAA,0,388803
acrBp,0.25,3,3,TGATGCCTTGGTTTATGCTC,0,378910
acrBp,0.25,3,3,TGAGTGGTGAGGAGAGTTGA,0,391526
acrBp,0.25,3,3,TGAGTAATTCCGGACGCAGA,0,396680
acrBp,0.25,3,3,TGAGGACGGTGAGTGAATAC,0,372894
acrBp,0.25,3,3,TGAGGAAATTGTGATCGGAG,0,405915
acrBp,0.25,3,3,TGAGCGTACAGGGCTATCAA,0,392201
acrBp,0.25,3,3,TGAGCCCTAGTCGAGTTCGT,0,365381
acrBp,0.25,3,3,TGAGAGGCTGCTTACAGTCC,0,385986
acrBp,0.25,3,3,TGACTTTTTGTGCCATCCTA,0,396816
acrBp,0.25,3,3,TGACGTGGGTTTAAGACATT,0,397591
acrBp,0.25,3,3,TGACATTGAACACGCCCGGC,0,370053
acrBp,0.25,3,3,TGAAGTGCGCTCAGGAGCCC,0,401058
acrBp,0.25,3,3,TGAAGCCAATGGCCGTCGGT,0,395661
acrBp,0.25,3,3,TGAACCGGAATGGGTGAAAC,0,370790
acrBp,0.25,3,3,TCTTTGTATCAAGTCAGCCC,0,404479
acrBp,0.25,3,3,TCTTTCGAATGATGTGCTAC,0,401816
acrBp,0.25,3,3,TCTTTACCGGGTACTGTTGT,0,373045
acrBp,0.25,3,3,TCTTGCGCCCCCAGACGCAA,0,394512
acrBp,0.25,3,3,TCTTCAGTTCATGAAATGAT,0,389675
acrBp,0.25,3,3,TCTTAGTTAGGTGACCGCGG,0,392583
acrBp,0.25,3,3,TCTGTTACTTAACCATGAAG,0,406797
acrBp,0.25,3,3,TCTGTGGATACCTGCGTCAC,0,400435
acrBp,0.25,3,3,TCTGGTTCGTAGGTTATGAT,0,363500
acrBp,0.25,3,3,TCTGGGGAATTCCGGGATCC,0,361279
acrBp,0.25,3,3,TCTGGCTCAGTAACGAAACT,0,396871
acrBp,0.25,3,3,TCTGAATGTGGGCCTTAACA,0,357472
acrBp,0.25,3,3,TCTCTCTCCGTGGTCCTACC,0,367455
acrBp,0.25,3,3,TCTCGTACCCATATTATCTG,0,371951
acrBp,0.25,3,3,TCTCGAAATTCGTAATGGGC,0,404315
acrBp,0.25,3,3,TCTCCTCTTGACCCCCACTA,0,359782
acrBp,0.25,3,3,TCTCCGGTGACCCCATATGG,0,360970
acrBp,0.25,3,3,TCTCCCCCGAAGCGCTTTTT,0,375065
acrBp,0.25,3,3,TCTCCAGGCCGGGAAATGTT,0,359570
acrBp,0.25,3,3,TCTAGGGAGGGATTCCGTCT,0,385451
acrBp,0.25,3,3,TCTAGCAGAGCGCTACCTGG,0,404100
acrBp,0.25,3,3,TCTAGAGGCCGGCGTCACAG,0,380599
acrBp,0.25,3,3,TCTACGTGCGAGCACAACAA,0,363372
acrBp,0.25,3,3,TCTACGGCATCCGTATTAGA,0,407278
acrBp,0.25,3,3,TCTACCCGATCGGATTGCGC,0,374215
acrBp,0.25,3,3,TCTACCCATACTACTCTAAC,0,374322
acrBp,0.25,3,3,TCTACATCTCATACCTCGTG,0,376256
acrBp,0.25,3,3,TCGTTTGCACGCACTTTCTC,0,360971
acrBp,0.25,3,3,TCGTTATGCGGTTGCGGAAG,0,401919
acrBp,0.25,3,3,TCGTGGTAGCGGCCCTACTC,0,355741
acrBp,0.25,3,3,TCGTGCGACCATCGGTTAGG,0,373453
acrBp,0.25,3,3,TCGTGAGCAGAGTCGGTCGA,0,405349
acrBp,0.25,3,3,TCGTCTTTTCCGGAAGTCAC,0,399462
acrBp,0.25,3,3,TCGTAGAATCCACTGAACAA,0,392314
acrBp,0.25,3,3,TCGTACGCTTTTTAATCAGG,0,392849
acrBp,0.25,3,3,TCGGTACACGTCCATGAAAT,0,402335
acrBp,0.25,3,3,TCGGCTATGACTTGATGCCA,0,363519
acrBp,0.25,3,3,TCGGAGTGCACCAGTTGGCC,0,398471
acrBp,0.25,3,3,TCGGAAGATCTAGTGAGCGA,0,397551
acrBp,0.25,3,3,TCGCGTACCTTAATCCTGAA,0,407405
acrBp,0.25,3,3,TCGCGTACCAACGTTTGGAA,0,376705
acrBp,0.25,3,3,TCGCCCCGGGTAGGCACCCT,0,363805
acrBp,0.25,3,3,TCGCCACGTTTAAGAGACGT,0,399850
acrBp,0.25,3,3,TCGCATTGTGCAGCCGGACC,0,385171
acrBp,0.25,3,3,TCGCAGGCTTAAGGTTGGAA,0,400046
acrBp,0.25,3,3,TCGCACAAAAATGGCGTATA,0,407475
acrBp,0.25,3,3,TCGATAATCTCTCTTTATTG,0,383031
acrBp,0.25,3,3,TCGAGTGGACAAATGCAAAT,0,363338
acrBp,0.25,3,3,TCGACGTGAAGGCAGCGAGT,0,357704
acrBp,0.25,3,3,TCGACAAGGGATGGGTAGAG,0,406973
acrBp,0.25,3,3,TCGAATAGTCAGACCCCCCT,0,359887
acrBp,0.25,3,3,TCGAAAATCCTAGGGTTTAG,0,405548
acrBp,0.25,3,3,TCCTTTCCGTGATTCTGCGG,0,407453
acrBp,0.25,3,3,TCCTTTCCGGCAAAGACTGC,0,372295
acrBp,0.25,3,3,TCCTCTTGTTTCGATATGTC,0,407307
acrBp,0.25,3,3,TCCTCTGGGGCGTTCTTCCC,0,394569
acrBp,0.25,3,3,TCCTCTGGAAGACCGGTAAG,0,399978
acrBp,0.25,3,3,TCCTCACCAGCTCGGCCAGA,0,387905
acrBp,0.25,3,3,TCCTAGCGGGATCAGGGACA,0,406100
acrBp,0.25,3,3,TCCGGTTCCCGGTTGGGTTA,0,392027
acrBp,0.25,3,3,TCCGGGTTACTGGATAATGA,0,395838
acrBp,0.25,3,3,TCCGCTGTTCGAATACGTAG,0,391957
acrBp,0.25,3,3,TCCGCACAAAACACGCATGC,0,395228
acrBp,0.25,3,3,TCCCTGCCGCTTGAACTATT,0,355271
acrBp,0.25,3,3,TCCCTGATTTACTCCTCCAT,0,366500
acrBp,0.25,3,3,TCCCGCCATCCATGTACATT,0,384524
acrBp,0.25,3,3,TCCCGAGTGTAGGAATTGTC,0,389831
acrBp,0.25,3,3,TCCCGACGTACTGGGGATGC,0,395489
acrBp,0.25,3,3,TCCCCCTATCGTGGGTCGAC,0,396928
acrBp,0.25,3,3,TCCCATAAGCTCTGGTAGGA,0,375049
acrBp,0.25,3,3,TCCCAATTTGGTAGTCTACC,0,392894
acrBp,0.25,3,3,TCCATGAGTAAAGCCCTCAA,0,407602
acrBp,0.25,3,3,TCCATCGATAAAGAGATCTT,0,401403
acrBp,0.25,3,3,TCCAGTTTTCGGTTTACTAT,0,395708
acrBp,0.25,3,3,TCCAGTGTGGTTGTGAGAAA,0,396853
acrBp,0.25,3,3,TCCAGAGACTGTATTACACA,0,366611
acrBp,0.25,3,3,TCCAGACGGGTTATGCTCGC,0,384552
acrBp,0.25,3,3,TCATTGCAAAGAGGTTTAGA,0,385382
acrBp,0.25,3,3,TCATTATCATACTCTCTCCT,0,399652
acrBp,0.25,3,3,TCATGCCCGGGGTGAAAGTT,0,357694
acrBp,0.25,3,3,TCATGACTGCGAGCAGTATA,0,389015
acrBp,0.25,3,3,TCATGACTATCTTCTTTGAA,0,375454
acrBp,0.25,3,3,TCATCGGAACTGTCGCCACG,0,405991
acrBp,0.25,3,3,TCATCAGAGGTCAGCGAAGA,0,403164
acrBp,0.25,3,3,TCATAGTAGAAGAGGACCGT,0,402746
acrBp,0.25,3,3,TCAGGTGGGCCGAACGTTAT,0,380181
acrBp,0.25,3,3,TCAGGTCTTAGGCCTTCAGG,0,363807
acrBp,0.25,3,3,TCAGCATCAGCAAGAAGTCC,0,381567
acrBp,0.25,3,3,TCAGAGGAGCTCCGTCATAC,0,378901
acrBp,0.25,3,3,TCACTGTCCATAGCGGGTCT,0,366019
acrBp,0.25,3,3,TCACTCGCTGGGGGCTATAT,0,390896
acrBp,0.25,3,3,TCACGGCAGCGTAGACCCGG,0,398224
acrBp,0.25,3,3,TCACCCAAACGCACATATGG,0,373451
acrBp,0.25,3,3,TCAATTATGAATACTTCACA,0,363171
acrBp,0.25,3,3,TCAATCAGAGGGCCAAGAAT,0,376401
acrBp,0.25,3,3,TCAACGTGGTGGCTAAGGAA,0,364644
acrBp,0.25,3,3,TCAAAGGGTGTAGCGAGGCT,0,405777
acrBp,0.25,3,3,TCAAAGGATTTGAGGCGCCA,0,370154
acrBp,0.25,3,3,TCAAACCGCTTTCGGGCAAA,0,359669
acrBp,0.25,3,3,TATTTCGGCGCCGATCCGCA,0,383957
acrBp,0.25,3,3,TATTGTCGGTTTCTTCTAAT,0,400975
acrBp,0.25,3,3,TATTGGTCGGCTGTCCGAAC,0,360116
acrBp,0.25,3,3,TATTAGGAACGCTTCGAAGC,0,387715
acrBp,0.25,3,3,TATTAGCCTCGCCCACGATT,0,397306
acrBp,0.25,3,3,TATTAGCCAGAGTCTCATAC,0,385145
acrBp,0.25,3,3,TATGTCGGAAGCGCCCACAA,0,402990
acrBp,0.25,3,3,TATGGAAGCCTCATGTCCCT,0,391482
acrBp,0.25,3,3,TATGATCAACCTTTCCGTGG,0,375533
acrBp,0.25,3,3,TATCGTAGGACCCAGATCAT,0,403103
acrBp,0.25,3,3,TATCGAGCTAAGGCTTCGAA,0,397673
acrBp,0.25,3,3,TATCACGGCAAACAGGCCTA,0,377683
acrBp,0.25,3,3,TATCAATGTCGGACTACATT,0,387360
acrBp,0.25,3,3,TATAGACTTGCGTGCGTAAA,0,391933
acrBp,0.25,3,3,TATACAAAAGTCCCGTTCAA,0,379955
acrBp,0.25,3,3,TATAAGGGCCTTTATGTAGT,0,360207
acrBp,0.25,3,3,TATAACGGCTGGGTGTGGTT,0,390420
acrBp,0.25,3,3,TATAACATCCTGTATATGGT,0,400869
acrBp,0.25,3,3,TAGGGTCGGCCTCCCCTATG,0,385515
acrBp,0.25,3,3,TAGGGGTGTTTCCCTAATGA,0,401010
acrBp,0.25,3,3,TAGGGCCTACCACTCAGTAA,0,382352
acrBp,0.25,3,3,TAGGCGGCCCCGGCAAAGGG,0,394467
acrBp,0.25,3,3,TAGGATACGCTATTGGTAGG,0,374905
acrBp,0.25,3,3,TAGGAGGGGTTAGTGCTCGC,0,368276
acrBp,0.25,3,3,TAGCTTGAGTTTCGCCTGTA,0,360715
acrBp,0.25,3,3,TAGCTCCTGCCGCACGACAT,0,376293
acrBp,0.25,3,3,TAGCGTCTGACAAGGTTATC,0,386520
acrBp,0.25,3,3,TAGCCTTTGGAAGCGTATAC,0,404565
acrBp,0.25,3,3,TAGCCTTGGGATCAGGCCTC,0,375378
acrBp,0.25,3,3,TAGCCTTCATAGGACAGTCT,0,407739
acrBp,0.25,3,3,TAGCCGAACAGCGGCCCTTG,0,373992
acrBp,0.25,3,3,TAGCAGATTGAGGCCTTTCA,0,392502
acrBp,0.25,3,3,TAGCAAAGTAGCGAATCGCA,0,371561
acrBp,0.25,3,3,TAGATGCGTATTATGGTGAA,0,406352
acrBp,0.25,3,3,TAGATGATCAGAGGCGCGGA,0,388982
acrBp,0.25,3,3,TAGAGGCACAAGGCAGGTAC,0,390038
acrBp,0.25,3,3,TAGAGCCTATATTTCTTTGT,0,360860
acrBp,0.25,3,3,TAGACGAACTGACGAACCAT,0,393346
acrBp,0.25,3,3,TAGACATTTTGTCATTCGGA,0,370122
acrBp,0.25,3,3,TAGACAGACGATAGGAGCGT,0,360704
acrBp,0.25,3,3,TAGAATTCAGGGGTGAGTGA,0,394701
acrBp,0.25,3,3,TAGAAACTAGCAGATTGTTG,0,363622
acrBp,0.25,3,3,TAGAAACGAGGTTTCAGGAC,0,363411
acrBp,0.25,3,3,TACTGATGCCATACGGTTGT,0,394256
acrBp,0.25,3,3,TACTACTGCGTGTTCTTTGT,0,388618
acrBp,0.25,3,3,TACTAATTCCTTTTTGCTTT,0,378294
acrBp,0.25,3,3,TACGTGACCCGCTAGCCAAC,0,371638
acrBp,0.25,3,3,TACGTATGAATACGCAATAT,0,401873
acrBp,0.25,3,3,TACGTAGGCTATAGCAACGT,0,361314
acrBp,0.25,3,3,TACGGAGTTAGATGAGGCCT,0,383760
acrBp,0.25,3,3,TACGCCCTTGGAAGATACTA,0,388007
acrBp,0.25,3,3,TACGAAATACGAGTAGAGAC,0,383464
acrBp,0.25,3,3,TACGAAAGACCTGACCCATT,0,390001
acrBp,0.25,3,3,TACCTCGGACGTATGGTGAC,0,375405
acrBp,0.25,3,3,TACCGTGGTATTAGTCAACT,0,405667
acrBp,0.25,3,3,TACCGGGTCATCAAAGAACC,0,363099
acrBp,0.25,3,3,TACATCGTATGACACGGGTT,0,402571
acrBp,0.25,3,3,TACATCGCCTGGGCCTGAAA,0,381631
acrBp,0.25,3,3,TAATTTGCCTCGGTGAAGTT,0,370042
acrBp,0.25,3,3,TAATTGTTAGACATCTATGT,0,362914
acrBp,0.25,3,3,TAATTCTACCCTTATTACGA,0,394887
acrBp,0.25,3,3,TAATTCGGATCATTAACGTG,0,393176
acrBp,0.25,3,3,TAATTAACTCTAACCGGCCA,0,388230
acrBp,0.25,3,3,TAATGGGGAGGTTGGTTCAC,0,355503
acrBp,0.25,3,3,TAATGGCTGCTTGCAGATCG,0,385514
acrBp,0.25,3,3,TAATGCTGAATCGCAAAATC,0,393808
acrBp,0.25,3,3,TAATCCTGTATTAGGGCGCA,0,406347
acrBp,0.25,3,3,TAAGTCATGGGCTTGGTCAT,0,385154
acrBp,0.25,3,3,TAAGCCACCCATATTTCCCG,0,384355
acrBp,0.25,3,3,TAAGACTTCGGCAAACAAAT,0,362302
acrBp,0.25,3,3,TAACTCGCTCCATGACGAAA,0,387763
acrBp,0.25,3,3,TAACGTGTTCCTCCAGGAAT,0,385832
acrBp,0.25,3,3,TAACCGATTCCCTCGGAGAC,0,376512
acrBp,0.25,3,3,TAACCAGCACTTTGGCGCCG,0,391666
acrBp,0.25,3,3,TAACCACGAGTCAACTTATA,0,394249
acrBp,0.25,3,3,TAACCACCCTTATCAGTATA,0,401434
acrBp,0.25,3,3,TAACATTGATCGCCTTTATA,0,385843
acrBp,0.25,3,3,TAAATTAAAAATTATTCCTC,0,367731
acrBp,0.25,3,3,TAAAGTGACCGCACCAGACC,0,373042
acrBp,0.25,3,3,TAAACGATAGAGTCACATTA,0,357043
acrBp,0.25,3,3,TAAAATCCTTACGCGCTATC,0,393001
acrBp,0.25,3,3,TAAAAGAGTGGAGGTGCCAC,0,364323
acrBp,0.25,3,3,TAAAAACAGATAAAGAAATT,0,358868
acrBp,0.25,3,3,GTTTTTATCTATCGAGTTAG,0,368218
acrBp,0.25,3,3,GTTTGCCATGCGAACTAACT,0,381454
acrBp,0.25,3,3,GTTTGAGACTTTTTTGGAGA,0,388255
acrBp,0.25,3,3,GTTTCGGAAAAATTCATTTG,0,364482
acrBp,0.25,3,3,GTTTCCTCCGGGGTGCAAAT,0,366596
acrBp,0.25,3,3,GTTTCCGTTCTGGGTGGAGT,0,400614
acrBp,0.25,3,3,GTTTCAGGAGACAAGTCCAT,0,395891
acrBp,0.25,3,3,GTTTATCCGCAGACCTGGCG,0,358298
acrBp,0.25,3,3,GTTTAAAGTCAAAGAATGCT,0,395498
acrBp,0.25,3,3,GTTGTTCCTCCAGTTTAATA,0,387330
acrBp,0.25,3,3,GTTGTAATTGGTCATCGAGA,0,402298
acrBp,0.25,3,3,GTTGGATCAAAAAGCGGAGG,0,406816
acrBp,0.25,3,3,GTTGCTAGGCTATTGAAAAT,0,370916
acrBp,0.25,3,3,GTTGCATGCCGTCAAAAGGC,0,376917
acrBp,0.25,3,3,GTTGAGCCATTCGGGTCGCC,0,385044
acrBp,0.25,3,3,GTTGAATTTAAACCAGCTCA,0,355996
acrBp,0.25,3,3,GTTGAACCCGACTTCCAGAG,0,379632
acrBp,0.25,3,3,GTTCTCTATGGTATATATGA,0,362357
acrBp,0.25,3,3,GTTCCTAGAAAAAATCCCTC,0,391556
acrBp,0.25,3,3,GTTCCAGTAGTTAACCAAAT,0,368323
acrBp,0.25,3,3,GTTATTGTCAGGCGCCTGCA,0,364517
acrBp,0.25,3,3,GTTATAATTTGTATTCTAGT,0,374535
acrBp,0.25,3,3,GTTAGCGGTGTCTCACTCCT,0,376298
acrBp,0.25,3,3,GTTAGATGCGGAAACTCCTT,0,359893
acrBp,0.25,3,3,GTTACACGCTGCACAGTCGC,0,397028
acrBp,0.25,3,3,GTTAAGGGAAATGATAAGGT,0,377326
acrBp,0.25,3,3,GTTAAGGACAACAAGTAGTT,0,381440
acrBp,0.25,3,3,GTTAAGACCAATCGGCTGGA,0,387532
acrBp,0.25,3,3,GTTAACTTCACCACCTGGGC,0,361406
acrBp,0.25,3,3,GTTAACAGATAAATATACCA,0,358256
acrBp,0.25,3,3,GTGTTTACGGACAGGCAACT,0,388046
acrBp,0.25,3,3,GTGTTTAACTCTCGCGTGTT,0,383728
acrBp,0.25,3,3,GTGTTGTTGTCAGTACTCTG,0,361445
acrBp,0.25,3,3,GTGTGTGTATCTATACCTGT,0,380384
acrBp,0.25,3,3,GTGTGTCCTTCAGACGCGAA,0,385017
acrBp,0.25,3,3,GTGGTTTTCTAGACGTAAGG,0,381179
acrBp,0.25,3,3,GTGGTACTAGCGTTCGTCAA,0,401118
acrBp,0.25,3,3,GTGGTAAGGCAATGGGGCTT,0,402268
acrBp,0.25,3,3,GTGGAAGGAGCTTCGCAGGC,0,355634
acrBp,0.25,3,3,GTGCTTACGCAGAGCGAAGG,0,370836
acrBp,0.25,3,3,GTGCGTTCAAGGATTTCCGA,0,394489
acrBp,0.25,3,3,GTGCGGTCTGATATGGCATC,0,362159
acrBp,0.25,3,3,GTGCCGAGGCTCGAACCCAG,0,395919
acrBp,0.25,3,3,GTGCCAGTCACAAGGCAGAA,0,379733
acrBp,0.25,3,3,GTGCACGATACACAAATGAC,0,385329
acrBp,0.25,3,3,GTGCAATGGCTGGTAACGGT,0,371073
acrBp,0.25,3,3,GTGATTTCTGTTTGCACGTC,0,393809
acrBp,0.25,3,3,GTGACTTATTTAACAACGTT,0,398844
acrBp,0.25,3,3,GTGAACTGGGAGCTGCCCTT,0,371345
acrBp,0.25,3,3,GTGAACGCTGAGCATTAGTT,0,382215
acrBp,0.25,3,3,GTCTTGACGGACATACCCAA,0,371327
acrBp,0.25,3,3,GTCTGTCTCGTAACGTGGGA,0,364137
acrBp,0.25,3,3,GTCTGGAGCCAAGTGAAATG,0,357705
acrBp,0.25,3,3,GTCTGAGGAGGATGTTTCAG,0,371439
acrBp,0.25,3,3,GTCTCGTCCGGCTCTGAGAG,0,407361
acrBp,0.25,3,3,GTCTCCGAGCTCGCACGGCA,0,377610
acrBp,0.25,3,3,GTCTATGTAGCGCGAGAGCC,0,396683
acrBp,0.25,3,3,GTCTACAGGTAGGTGTAAGC,0,362476
acrBp,0.25,3,3,GTCGTTGTGGATAAACTCTG,0,374211
acrBp,0.25,3,3,GTCGGTGAGTACGCGATTAG,0,355824
acrBp,0.25,3,3,GTCGGTATTCCAATGTGAAG,0,393261
acrBp,0.25,3,3,GTCGCTCAGGCGGTAGAGCC,0,404525
acrBp,0.25,3,3,GTCGCTAGTCAATATCCGGG,0,405027
acrBp,0.25,3,3,GTCGCGCTAGAACGATAATG,0,364002
acrBp,0.25,3,3,GTCGAATCCAGGAAAAAACT,0,370379
acrBp,0.25,3,3,GTCCTAGACAGCCAGAGGTA,0,378087
acrBp,0.25,3,3,GTCCTACCCATCAGAATTCT,0,389313
acrBp,0.25,3,3,GTCCGGAGGGGGGCGGCGGT,0,380798
acrBp,0.25,3,3,GTCCGAGCTAAATAAAAACG,0,362000
acrBp,0.25,3,3,GTCCGAATAACGCTTGGGCT,0,365314
acrBp,0.25,3,3,GTCCCGTGATTCTAATGCAG,0,389251
acrBp,0.25,3,3,GTCCATCGGCGCAAGAGTGC,0,384353
acrBp,0.25,3,3,GTCCACGGAGACTCGAGCAT,0,408310
acrBp,0.25,3,3,GTCATGAGACCAGGTTTGTG,0,374630
acrBp,0.25,3,3,GTCAGAGGTGGGTATTGCTT,0,391179
acrBp,0.25,3,3,GTCACGGTCCGATCTGCCAG,0,394695
acrBp,0.25,3,3,GTCAATCACCCGGGGAATTG,0,395029
acrBp,0.25,3,3,GTCAACATGGGTGTTTCGAT,0,385911
acrBp,0.25,3,3,GTATGCAATCGCTTTCCGCT,0,366932
acrBp,0.25,3,3,GTAGGTAGCCATAACAATGA,0,365810
acrBp,0.25,3,3,GTAGGCAAACGTGCGCTCGC,0,399605
acrBp,0.25,3,3,GTAGCCAGAGGTTTTAGCGT,0,367174
acrBp,0.25,3,3,GTAGAAATTCAGAGCGGACC,0,385180
acrBp,0.25,3,3,GTACGTACTGTAAGCAACAT,0,371089
acrBp,0.25,3,3,GTACCGGGGCCTGGATGTTG,0,384331
acrBp,0.25,3,3,GTACCCATTCGCGAGTCTTC,0,382141
acrBp,0.25,3,3,GTACCCAAGGCACATTGACA,0,407648
acrBp,0.25,3,3,GTACCACCCTTATGTAGTGT,0,407069
acrBp,0.25,3,3,GTACAGTCGTCTGGTGATGG,0,361612
acrBp,0.25,3,3,GTACAGCACGGGGACTAAAC,0,364453
acrBp,0.25,3,3,GTACACATATGAAGGCAGCG,0,395045
acrBp,0.25,3,3,GTAATATGACTTTGGGAATT,0,358715
acrBp,0.25,3,3,GTAAGTGGTACGCGTGACTA,0,357762
acrBp,0.25,3,3,GTAAGGCATCTGCGTAAGCT,0,359414
acrBp,0.25,3,3,GTAAGCCTGATGTGAGGAAT,0,370340
acrBp,0.25,3,3,GTAAAAGTATAGTTGGTAGA,0,382461
acrBp,0.25,3,3,GGTTTTTAGGATTTCTTTCT,0,368674
acrBp,0.25,3,3,GGTTTTCAGGGGTAGAAGCT,0,372363
acrBp,0.25,3,3,GGTTTCGATCCACACGGCTA,0,381299
acrBp,0.25,3,3,GGTTTACTCCGGCAGGGATT,0,395335
acrBp,0.25,3,3,GGTTGGTTACTTTCAGCATC,0,391194
acrBp,0.25,3,3,GGTTGCCAGAAAAAGCGGTC,0,365903
acrBp,0.25,3,3,GGTTCTGCGAGGACGCGGAC,0,401869
acrBp,0.25,3,3,GGTTATTCCGATAGGGGGGA,0,385470
acrBp,0.25,3,3,GGTTATCGACTGTTACTCGA,0,395868
acrBp,0.25,3,3,GGTTAAGGGTCTGACCGGGT,0,403903
acrBp,0.25,3,3,GGTGTGCGCTGCGGACTTGG,0,400822
acrBp,0.25,3,3,GGTGGCCGTCAAGATTCTGA,0,404276
acrBp,0.25,3,3,GGTGCCAGTGGATAAGCATC,0,383524
acrBp,0.25,3,3,GGTGAGTCGGGCTCAGTGAT,0,398468
acrBp,0.25,3,3,GGTCTGACAGGGTTGGACAC,0,402694
acrBp,0.25,3,3,GGTCTCCATAGGCAATGCGT,0,398535
acrBp,0.25,3,3,GGTCGTCGAGGAGACGCGAT,0,355540
acrBp,0.25,3,3,GGTCGCACGGCATTCACCAT,0,373652
acrBp,0.25,3,3,GGTCCGTAATGTCAAGGTCA,0,398252
acrBp,0.25,3,3,GGTCCACAAAGCCGCCTCCT,0,401636
acrBp,0.25,3,3,GGTCAGATTGGTGAATCGTA,0,370966
acrBp,0.25,3,3,GGTATCCTGTCTGCTTAGTA,0,373706
acrBp,0.25,3,3,GGTATCCCGGGAAGGTCGTA,0,379941
acrBp,0.25,3,3,GGTACGCAGAGTATGGAACT,0,366891
acrBp,0.25,3,3,GGTAATAATCATAAGGGGAA,0,355106
acrBp,0.25,3,3,GGTAAGGGATGTTGCTCCCT,0,362895
acrBp,0.25,3,3,GGTAAGAACGAGCGTGTGGG,0,369870
acrBp,0.25,3,3,GGTAAATATGGCGCGGCGAG,0,374297
acrBp,0.25,3,3,GGGTTGAAAAGTTCTCACCC,0,367407
acrBp,0.25,3,3,GGGTGGTTTTAGGGCATCCA,0,355459
acrBp,0.25,3,3,GGGTGGTCGTCCTACAGCGA,0,388785
acrBp,0.25,3,3,GGGTATTGCTGATATCGGGT,0,406430
acrBp,0.25,3,3,GGGTACACCATGTAGAAGCC,0,386042
acrBp,0.25,3,3,GGGGTGCATTGGGAAAATAC,0,404844
acrBp,0.25,3,3,GGGGTGACTAATTTGGCCTC,0,370174
acrBp,0.25,3,3,GGGGGTCAGGAACGCAGCAT,0,388282
acrBp,0.25,3,3,GGGGCGGGATCGAACGGGGA,0,382619
acrBp,0.25,3,3,GGGGAGTTGAAGTATGACCT,0,375838
acrBp,0.25,3,3,GGGGACCTATGTATTGTGGC,0,400592
acrBp,0.25,3,3,GGGGAATTTATTGAAACTAT,0,403056
acrBp,0.25,3,3,GGGCTACTCTGCGTTCTCCC,0,390578
acrBp,0.25,3,3,GGGCGTCATACGCCTCAGTG,0,384354
acrBp,0.25,3,3,GGGCGGCCCGAGGATAGACA,0,401314
acrBp,0.25,3,3,GGGCGGATGAGGTCCAAAAA,0,391553
acrBp,0.25,3,3,GGGCGACAAGATAGGGGGGA,0,390204
acrBp,0.25,3,3,GGGCCTCTATACAAGCCTGG,0,356462
acrBp,0.25,3,3,GGGATATGCCTGAAGGAACC,0,357917
acrBp,0.25,3,3,GGGATATAGGTTCAGTATGA,0,386154
acrBp,0.25,3,3,GGGATAACCCAGAATCAATC,0,386987
acrBp,0.25,3,3,GGGAGGCACATTATGCCAAT,0,383733
acrBp,0.25,3,3,GGGAGCCTTCATAAATTCGG,0,363746
acrBp,0.25,3,3,GGGACTAGATAGACCCAGTG,0,363386
acrBp,0.25,3,3,GGGAATATGGGACCCCGGGT,0,365012
acrBp,0.25,3,3,GGGAAGCGTTTCCAGGCCAG,0,387684
acrBp,0.25,3,3,GGCTTTGGCCGCGAAAATAA,0,402576
acrBp,0.25,3,3,GGCTTTAACTCTGCACGGTG,0,362498
acrBp,0.25,3,3,GGCTTCCTATAGCGGAGTCA,0,386695
acrBp,0.25,3,3,GGCTGCGTAATAGTCGCGGT,0,383014
acrBp,0.25,3,3,GGCTCGAGCCAAAAAGTGGG,0,400901
acrBp,0.25,3,3,GGCTCCCATCCTCGCCGAAA,0,366174
acrBp,0.25,3,3,GGCTATGTTAATTCTACTAA,0,366524
acrBp,0.25,3,3,GGCTAGTGGTTTCATAGCTA,0,397992
acrBp,0.25,3,3,GGCTACCGCTCATCGAGGGT,0,390080
acrBp,0.25,3,3,GGCGTGCAAACCTGCTCAGA,0,388129
acrBp,0.25,3,3,GGCGTGACCCATGCGACCAT,0,357854
acrBp,0.25,3,3,GGCGTACTTGAAACCATGTC,0,387638
acrBp,0.25,3,3,GGCGCAAGAGTCTTGTTTGC,0,356378
acrBp,0.25,3,3,GGCGACGGCGTGGGCACAAA,0,372224
acrBp,0.25,3,3,GGCCTGTGAACGTGCGAGTA,0,399632
acrBp,0.25,3,3,GGCCTGCGGTAATCCAGCGG,0,396384
acrBp,0.25,3,3,GGCCTCTACACGTCCCTCGC,0,374560
acrBp,0.25,3,3,GGCCTAAGCAGTATCATACG,0,362991
acrBp,0.25,3,3,GGCCCGTTTGTGGCCCTGAC,0,373097
acrBp,0.25,3,3,GGCCCGTCGGCAGTGGTGGA,0,355214
acrBp,0.25,3,3,GGCCCGCATAGAATTAATCT,0,401259
acrBp,0.25,3,3,GGCCAGCCTGTAATGCTAGG,0,356996
acrBp,0.25,3,3,GGCATTCATGGGAGAAGTTT,0,361825
acrBp,0.25,3,3,GGCATACGGATCACCCGCCC,0,355645
acrBp,0.25,3,3,GGCATACCAGTAGACAGGTT,0,402339
acrBp,0.25,3,3,GGCACTCAACTAATTACCAT,0,361092
acrBp,0.25,3,3,GGCAAGGGGATACGTCGTTT,0,405093
acrBp,0.25,3,3,GGCAAGCCTGACACGGATGC,0,393621
acrBp,0.25,3,3,GGCAAAGTGGTCGCGCAAAA,0,396452
acrBp,0.25,3,3,GGCAAAGAGAATAGCCCCGC,0,406252
acrBp,0.25,3,3,GGATTAGCTGTTCTTCTTGC,0,359426
acrBp,0.25,3,3,GGATGGTGGAACCAGGAACA,0,378673
acrBp,0.25,3,3,GGATGGAACAGCTGAACAGC,0,395631
acrBp,0.25,3,3,GGATCTAGTGGTCGCATTGT,0,393509
acrBp,0.25,3,3,GGATCGCAGGAAAACGCTGG,0,378933
acrBp,0.25,3,3,GGATATTCACTACGTCTTTA,0,392139
acrBp,0.25,3,3,GGAGTAATCTTGACTGCGGA,0,365824
acrBp,0.25,3,3,GGAGGTCTAACTTGGCATAT,0,355063
acrBp,0.25,3,3,GGAGGGGCCAAGATAAATCT,0,356400
acrBp,0.25,3,3,GGAGGCAGCCGGCTGGTCTT,0,392206
acrBp,0.25,3,3,GGAGCTGTAGACGCCATATG,0,400727
acrBp,0.25,3,3,GGAGAAATAGTACTAAGATT,0,361893
acrBp,0.25,3,3,GGACTTAGGATATTGTGTGA,0,384027
acrBp,0.25,3,3,GGACGCTTTCAGCGCCTACA,0,375993
acrBp,0.25,3,3,GGACCGTAGTAAGAAAAAGA,0,386198
acrBp,0.25,3,3,GGACCAGTAAAGCGGCTCCC,0,401903
acrBp,0.25,3,3,GGAATCGCACCACATAGGGA,0,370994
acrBp,0.25,3,3,GGAACAAGATATGAGAGGGG,0,395378
acrBp,0.25,3,3,GGAAAAGCCCAAATGTTGTT,0,377560
acrBp,0.25,3,3,GGAAAAATACGATGCCAGAG,0,383914
acrBp,0.25,3,3,GCTTGGTCGCGTAGCTGCTG,0,403521
acrBp,0.25,3,3,GCTTGCTAAGGAAAAATCTT,0,371161
acrBp,0.25,3,3,GCTTGACCGGCGTCGGGCTA,0,367279
acrBp,0.25,3,3,GCTTATGTCCTCTACTGGTG,0,384261
acrBp,0.25,3,3,GCTGTGGTATTGGCGGGCGA,0,363877
acrBp,0.25,3,3,GCTGCGGTCCATAGACATTC,0,389140
acrBp,0.25,3,3,GCTCGGTGGGCTGTTCACAC,0,385037
acrBp,0.25,3,3,GCTCCGCGGGTTAATCAAGC,0,391872
acrBp,0.25,3,3,GCTCATGATGTTAGCGCACT,0,382493
acrBp,0.25,3,3,GCTCACCACAATCAAGTTCG,0,393181
acrBp,0.25,3,3,GCTCAACGGGAATTAGATAA,0,365141
acrBp,0.25,3,3,GCTATAATAGCCACCGAAGG,0,381337
acrBp,0.25,3,3,GCTAGGTTTAAAGCCGCGTT,0,367882
acrBp,0.25,3,3,GCTACTGCGAGTCCGCCAAC,0,381345
acrBp,0.25,3,3,GCTACCATGGCTGATGGAGT,0,379426
acrBp,0.25,3,3,GCTAACCAAAGAATCCTTGT,0,389564
acrBp,0.25,3,3,GCGTTAGTATATATGCCGGC,0,369689
acrBp,0.25,3,3,GCGTTAGCACGATCGCATGC,0,386697
acrBp,0.25,3,3,GCGTGTCCGTATGGAGTGAT,0,401787
acrBp,0.25,3,3,GCGTGGTTACCCCCGGAATT,0,396358
acrBp,0.25,3,3,GCGGTAGGCTGTGTTTTGCT,0,383843
acrBp,0.25,3,3,GCGGGGCAAACAGTTTTCGT,0,389981
acrBp,0.25,3,3,GCGGCGTGCTTACACGGGAT,0,386033
acrBp,0.25,3,3,GCGGCGGAGGCGGACCTGTT,0,396956
acrBp,0.25,3,3,GCGGATGGGGCCGGGGGTAC,0,399571
acrBp,0.25,3,3,GCGGACCTAGCATTCAGGGG,0,387850
acrBp,0.25,3,3,GCGGAATTACAACTTACCCT,0,406552
acrBp,0.25,3,3,GCGCCTCAATTCATGAAACA,0,401352
acrBp,0.25,3,3,GCGCCTACCAGGACCCAGTT,0,371269
acrBp,0.25,3,3,GCGCCCAAACACCTATTTTT,0,402880
acrBp,0.25,3,3,GCGATGTTGAATGTTCTATG,0,368215
acrBp,0.25,3,3,GCGAGCATCGGGTTTAACCT,0,356005
acrBp,0.25,3,3,GCGAACTGGTTGACCGAGCT,0,363105
acrBp,0.25,3,3,GCCTGAACGTATGTCGTATT,0,391573
acrBp,0.25,3,3,GCCTCGTCCCGCGGTCGGAT,0,360918
acrBp,0.25,3,3,GCCTCATGTGCAATGTACGG,0,366181
acrBp,0.25,3,3,GCCTATCGATCCTGCAGCTC,0,362807
acrBp,0.25,3,3,GCCTAAGTGGTTCCTAGCGA,0,355881
acrBp,0.25,3,3,GCCTAAGCTACCGGACTGGG,0,360072
acrBp,0.25,3,3,GCCGTTTATGGCTAAGGGCG,0,386465
acrBp,0.25,3,3,GCCGGGGCTGTCAATGTTGT,0,399066
acrBp,0.25,3,3,GCCGGCCGCTGGTTCTGGTA,0,363396
acrBp,0.25,3,3,GCCGCGGGGGCTCCACCTGT,0,357395
acrBp,0.25,3,3,GCCGAGCGTACGGCGCATAG,0,371100
acrBp,0.25,3,3,GCCGACTGAGTTAATTGGAT,0,375475
acrBp,0.25,3,3,GCCCTCTGGACTTTGCTCTG,0,362332
acrBp,0.25,3,3,GCCCGCCTCTAAGGTGTTTG,0,358717
acrBp,0.25,3,3,GCCCCTGACACCGAGTCTGG,0,393591
acrBp,0.25,3,3,GCCCAGTCTGGTTTACTCAA,0,355304
acrBp,0.25,3,3,GCCATTTAGCGTTGAAGCTC,0,365881
acrBp,0.25,3,3,GCCATTATAAGGTTGTTGCC,0,369310
acrBp,0.25,3,3,GCCATTATAACTTGGATGGG,0,375531
acrBp,0.25,3,3,GCCATTAGACACAGCTCATC,0,358937
acrBp,0.25,3,3,GCCATGTTGCTTTCCTAAGA,0,397602
acrBp,0.25,3,3,GCCATACTGAAATATCCATC,0,402538
acrBp,0.25,3,3,GCCACGGGCGTCCGCTTTCA,0,386376
acrBp,0.25,3,3,GCCAATATCGGATGCTAACT,0,386666
acrBp,0.25,3,3,GCATTGGTTGTTTAGCCCGT,0,404176
acrBp,0.25,3,3,GCATTGACCGTGACTATCTG,0,408088
acrBp,0.25,3,3,GCATTAGATTACCTATTTGT,0,357833
acrBp,0.25,3,3,GCATGAATCACTGGGCCTGA,0,387156
acrBp,0.25,3,3,GCATCTTCAACCCCTGTGGT,0,371897
acrBp,0.25,3,3,GCATCGTAAGTTCGATCGGG,0,389897
acrBp,0.25,3,3,GCATATCAGGGTATCATCCC,0,377813
acrBp,0.25,3,3,GCATACGCCCAGGTTGACCC,0,368120
acrBp,0.25,3,3,GCATAATTGGGATCCTTACC,0,400184
acrBp,0.25,3,3,GCATAAGATCATCCGTCACT,0,406313
acrBp,0.25,3,3,GCAGTACAATAGCCGTATGG,0,392493
acrBp,0.25,3,3,GCACTCTCCAGCTAAGACCT,0,380636
acrBp,0.25,3,3,GCACTCGAAATCATCCGTGT,0,367771
acrBp,0.25,3,3,GCACGGCTCACTTAAATTAC,0,402388
acrBp,0.25,3,3,GCACCGTGAACGCCGCTTCC,0,369812
acrBp,0.25,3,3,GCAATCAACCTTGCAACATT,0,367333
acrBp,0.25,3,3,GCAACCGACAACGGTTCTTT,0,380065
acrBp,0.25,3,3,GCAAATTGTAACATCGTGAC,0,358047
acrBp,0.25,3,3,GATTTTGACCGGCAGAGCTA,0,357639
acrBp,0.25,3,3,GATTATACGAGGGCCGTAAG,0,407433
acrBp,0.25,3,3,GATGTATGTACCCGACCGCT,0,396645
acrBp,0.25,3,3,GATGTAATGAGCGTTGTAAA,0,361335
acrBp,0.25,3,3,GATGGTGCAGTAGGTTTGTG,0,404561
acrBp,0.25,3,3,GATGGCTTGTCTGGCAGGAT,0,382942
acrBp,0.25,3,3,GATGGACTCGAACTCTCCGA,0,378422
acrBp,0.25,3,3,GATGAATATCGCTGCAATTG,0,362654
acrBp,0.25,3,3,GATCTCTTCTCGAGTTAGAG,0,404417
acrBp,0.25,3,3,GATCGGTCAGGGAAGAACGT,0,401529
acrBp,0.25,3,3,GATCCGATGATTAGCCCCAT,0,368005
acrBp,0.25,3,3,GATCCATTGCTATCTCAGTC,0,355392
acrBp,0.25,3,3,GATCAATCAGTGTTTCGAAC,0,369679
acrBp,0.25,3,3,GATATTAACACGGTTGACAG,0,395604
acrBp,0.25,3,3,GATATGTGTGGCATACCGAA,0,365849
acrBp,0.25,3,3,GATATGGTCTTAGGGCGTCC,0,402940
acrBp,0.25,3,3,GATATAACACTGGTCACAGA,0,388200
acrBp,0.25,3,3,GATAGCAAGAATCGGGACGA,0,382664
acrBp,0.25,3,3,GATAGACCGCCGCTCAGGCA,0,378874
acrBp,0.25,3,3,GATACTATTAGTACTCGCGC,0,361593
acrBp,0.25,3,3,GATACGAGGATCCAGCAAGC,0,383539
acrBp,0.25,3,3,GATAATGATATAACACTCTA,0,383113
acrBp,0.25,3,3,GAGTTTGTAATGCACAAGCA,0,393183
acrBp,0.25,3,3,GAGTGGGGCGTCTCTGCGGT,0,401461
acrBp,0.25,3,3,GAGTCAGATCGGTATAATGG,0,405696
acrBp,0.25,3,3,GAGTAACCACTGTATCACCG,0,399485
acrBp,0.25,3,3,GAGTAACATACGGCTGCATC,0,366595
acrBp,0.25,3,3,GAGGTTGCTTGTACACCTTA,0,395141
acrBp,0.25,3,3,GAGGTTCACTAGATAAGAAA,0,364281
acrBp,0.25,3,3,GAGGTGCATTCTCTAGGCAA,0,394548
acrBp,0.25,3,3,GAGGTATCTCCTAGATCTAA,0,388652
acrBp,0.25,3,3,GAGGGCTAGGCCTGGCACCA,0,407041
acrBp,0.25,3,3,GAGGGCAGGAAAAAGCAGGA,0,405677
acrBp,0.25,3,3,GAGGCTCCTGGAAACTGGTC,0,363685
acrBp,0.25,3,3,GAGGCGCCAGATACCGATGG,0,403236
acrBp,0.25,3,3,GAGCTTTCAGAGCTGTTAGT,0,382953
acrBp,0.25,3,3,GAGCTGAGGATCTGAATCCT,0,387874
acrBp,0.25,3,3,GAGCGAGCCCATCAGGTCTA,0,405724
acrBp,0.25,3,3,GAGCATGCGCCGAAAGTATG,0,370882
acrBp,0.25,3,3,GAGCAAGTGGGACGTACTAG,0,382541
acrBp,0.25,3,3,GAGAGTGGGGTGTACCTAAG,0,366735
acrBp,0.25,3,3,GAGAGCGTCCAATGGAGACA,0,366823
acrBp,0.25,3,3,GAGACTAGCGACGCTTCATC,0,402748
acrBp,0.25,3,3,GAGACGTAAGGGACAGTTTC,0,380116
acrBp,0.25,3,3,GAGAAGTTCTCGGCACCCTG,0,381984
acrBp,0.25,3,3,GACTTCCACTCAGATAACTG,0,371930
acrBp,0.25,3,3,GACTGGTTGGTGTTACCCCA,0,377244
acrBp,0.25,3,3,GACTCGGCCGAACCAGCTGA,0,380859
acrBp,0.25,3,3,GACTCAATAGCCCTCGGGAG,0,395743
acrBp,0.25,3,3,GACTAGATAGGAGTCTTTTG,0,381778
acrBp,0.25,3,3,GACTAAGTGTTTTTACTATT,0,384873
acrBp,0.25,3,3,GACGTCGTCATCGGTCCAGT,0,401224
acrBp,0.25,3,3,GACGGTTGATCCAGTAAGGT,0,395860
acrBp,0.25,3,3,GACGGTCCCTAGGGCTTTGA,0,391427
acrBp,0.25,3,3,GACGGGGCACCCAGGCAAGC,0,387594
acrBp,0.25,3,3,GACGGGAACACTTCTCCGGC,0,388957
acrBp,0.25,3,3,GACGATTAATATAAAAGGTT,0,401656
acrBp,0.25,3,3,GACGAGCACGTCTCATGAGC,0,361505
acrBp,0.25,3,3,GACGAGCACGCAGTAATTTT,0,361765
acrBp,0.25,3,3,GACCCTGTTAACGCTGCAAC,0,407101
acrBp,0.25,3,3,GACCCCCTGAGGCTCGAATG,0,396953
acrBp,0.25,3,3,GACCACGTATGCTCGACCAC,0,360380
acrBp,0.25,3,3,GACATTCGCAGCACTATAGG,0,378975
acrBp,0.25,3,3,GACATCTCGGTCCCCGATCC,0,406779
acrBp,0.25,3,3,GACATCCTTAGATCTATGAG,0,360872
acrBp,0.25,3,3,GACAGGCGTACTAATTAGCC,0,376398
acrBp,0.25,3,3,GACAGGACAAACCACCTCGA,0,384140
acrBp,0.25,3,3,GACAGCGTGTTAGAATCTGT,0,393979
acrBp,0.25,3,3,GACACTTGCCTTATCCTAGT,0,407189
acrBp,0.25,3,3,GACACGCACCTCTACAGGAT,0,368532
acrBp,0.25,3,3,GACACATAGGGTCAGATAAA,0,362030
acrBp,0.25,3,3,GACAATGGGTATGTTCCCAT,0,388475
acrBp,0.25,3,3,GACAAGTAACAGAGACTTCA,0,404883
acrBp,0.25,3,3,GACAAAGACTCAACTTCCGT,0,401202
acrBp,0.25,3,3,GAATGGGTGGGTATATTAGG,0,359389
acrBp,0.25,3,3,GAATGGGAACACATGTTATT,0,405993
acrBp,0.25,3,3,GAATGCTGCGTTATGAGGCA,0,357990
acrBp,0.25,3,3,GAATGCAAAACCTTTGGCAA,0,375337
acrBp,0.25,3,3,GAATCTGTACAAATTTCTAG,0,399036
acrBp,0.25,3,3,GAAGTTTTTCGACCTCTGTA,0,380774
acrBp,0.25,3,3,GAAGTTATTCGGCGTCATGG,0,372779
acrBp,0.25,3,3,GAAGTACGACGCTGTCCGGA,0,391810
acrBp,0.25,3,3,GAAGGTTTTCCCTGTAAATA,0,390343
acrBp,0.25,3,3,GAAGGGGCCTTTAGATAGCA,0,398532
acrBp,0.25,3,3,GAAGCGAAGTACTCCTTAAG,0,368726
acrBp,0.25,3,3,GAAGCCTTGTCAACAACAGG,0,393388
acrBp,0.25,3,3,GAAGCCGACCCATCGGCGCT,0,360967
acrBp,0.25,3,3,GAAGATTGCATGCCGAGATG,0,392448
acrBp,0.25,3,3,GAACTCCCGAACTATAAGTC,0,388272
acrBp,0.25,3,3,GAACCCTCATTTTGTGTCAC,0,360013
acrBp,0.25,3,3,GAACAGGGCGAGACGGGTTA,0,379137
acrBp,0.25,3,3,GAACACGCAGTGTCATCGTA,0,359888
acrBp,0.25,3,3,GAACAACCCTTTTCAGTCTT,0,376466
acrBp,0.25,3,3,GAACAAACTGAGTTCCAAGA,0,384186
acrBp,0.25,3,3,GAAATTGTGCTAGTTCGTGT,0,389565
acrBp,0.25,3,3,GAAATCATGCGTTGATCGGT,0,401896
acrBp,0.25,3,3,GAAACGGAAGCATTTAAAGC,0,397228
acrBp,0.25,3,3,GAAACGCTGCTCATTCGATT,0,360553
acrBp,0.25,3,3,GAAAATCGATCCAGCCGTCC,0,358017
acrBp,0.25,3,3,GAAAACAAAAAAGATCTCCA,0,359183
acrBp,0.25,3,3,CTTTTCCTCGAGGGTGACAC,0,380079
acrBp,0.25,3,3,CTTTTAATATCGGATCCATC,0,379623
acrBp,0.25,3,3,CTTTGAAAGGTAGAGTTAGT,0,393646
acrBp,0.25,3,3,CTTTCGCACCATCGTGGACT,0,404814
acrBp,0.25,3,3,CTTTATAAGCCATGCAAATC,0,383883
acrBp,0.25,3,3,CTTTACGCAGGCCATACCCG,0,402681
acrBp,0.25,3,3,CTTTACGACAATTTTTGGCT,0,377660
acrBp,0.25,3,3,CTTTAAGGCTGTTCCAGATG,0,391137
acrBp,0.25,3,3,CTTGTTGCGCCGTAGGAGCG,0,394767
acrBp,0.25,3,3,CTTGGCGCTATGCGCCTTGA,0,363720
acrBp,0.25,3,3,CTTGCGGGACGTGCGAGGTT,0,376934
acrBp,0.25,3,3,CTTGCCCGCGACGGAGCCTC,0,396538
acrBp,0.25,3,3,CTTGCATGCTCACAAATCTA,0,394940
acrBp,0.25,3,3,CTTCTTCGGGTAAGCGAGTC,0,395694
acrBp,0.25,3,3,CTTCTTCGACAGACGCCTTC,0,364109
acrBp,0.25,3,3,CTTCTTATAGTGATAGTCAA,0,399191
acrBp,0.25,3,3,CTTCTCAAAGTGCGATGCTG,0,391792
acrBp,0.25,3,3,CTTCGAGCGGGGACTACTGA,0,370091
acrBp,0.25,3,3,CTTATTTTCTATAGGCACCA,0,385857
acrBp,0.25,3,3,CTTATTTGGAGGCTATGATC,0,377524
acrBp,0.25,3,3,CTTATGCAGTGACTTTCATG,0,383072
acrBp,0.25,3,3,CTTATGAATGAAGGTGCGTA,0,384676
acrBp,0.25,3,3,CTTAGTCCTCGACTTTCACC,0,375893
acrBp,0.25,3,3,CTTAGTACAGCGAAACGCCG,0,391871
acrBp,0.25,3,3,CTTAGAGTCCAGGCTCATAC,0,375448
acrBp,0.25,3,3,CTTAAGCTGGAGTTTGATTC,0,380505
acrBp,0.25,3,3,CTGTTTCTCGGCTCGGCTCC,0,383655
acrBp,0.25,3,3,CTGGTTGTGTAGGGAATAGC,0,391570
acrBp,0.25,3,3,CTGGTTCGTTGTAGGAGGTG,0,361561
acrBp,0.25,3,3,CTGGTTCGTGCGATATTTGA,0,388517
acrBp,0.25,3,3,CTGGTGAAAGGCAGGATGGT,0,394992
acrBp,0.25,3,3,CTGGTCTACCCAGTGCTGAT,0,404261
acrBp,0.25,3,3,CTGGTCGCTACGCTCTCGAG,0,355249
acrBp,0.25,3,3,CTGGGAAAAAGGTGACTCAA,0,393902
acrBp,0.25,3,3,CTGGAGGAACCCGTATGGGT,0,390607
acrBp,0.25,3,3,CTGCTGTGCCAGTGGGAATC,0,395336
acrBp,0.25,3,3,CTGCTGCTCCCGAACAACCT,0,388571
acrBp,0.25,3,3,CTGCCTCGATCGATACATGT,0,383708
acrBp,0.25,3,3,CTGCCGTAGGGCCTCCATGG,0,359179
acrBp,0.25,3,3,CTGCCCTAATTGCGCTCTCC,0,393119
acrBp,0.25,3,3,CTGCCCAGACCCCAGACGTG,0,370104
acrBp,0.25,3,3,CTGCATCAGGAATTTGGTGC,0,363598
acrBp,0.25,3,3,CTGACGGGTGAACAGGGAGT,0,399402
acrBp,0.25,3,3,CTGACGACTATACTACGTTG,0,391439
acrBp,0.25,3,3,CTCTTCTGTCCAATGCCGTT,0,384707
acrBp,0.25,3,3,CTCTGGAGCGCATATCCAGC,0,384493
acrBp,0.25,3,3,CTCTCATCTTAGTAGTGATA,0,405416
acrBp,0.25,3,3,CTCTACTATTCACCATACAG,0,399167
acrBp,0.25,3,3,CTCTAACCAATGATGGTGTC,0,393270
acrBp,0.25,3,3,CTCTAAACTTACTGCAGAAA,0,399045
acrBp,0.25,3,3,CTCGGTCCGGTAAACACGCC,0,383410
acrBp,0.25,3,3,CTCGGCGAGGAAATTCAGGT,0,370675
acrBp,0.25,3,3,CTCGACAGCGAGCTGTTGCT,0,372875
acrBp,0.25,3,3,CTCCGGGGCACCAGACTTAA,0,362689
acrBp,0.25,3,3,CTCCGAGGTGACCTGCGACC,0,369361
acrBp,0.25,3,3,CTCCCAGTGGCCGTTTAACC,0,395727
acrBp,0.25,3,3,CTCCAGTGTCGTAGACTGTG,0,387474
acrBp,0.25,3,3,CTCCAAGGATCTACGCCAGG,0,393164
acrBp,0.25,3,3,CTCATTCTGTTCGGCAGGGG,0,396570
acrBp,0.25,3,3,CTCAGGAACTTAGTCTGACC,0,394073
acrBp,0.25,3,3,CTCACGCGCAAATTCCCACA,0,391922
acrBp,0.25,3,3,CTCACCTCGCGAGAGTAGGG,0,357274
acrBp,0.25,3,3,CTCAAAATGTTCCCCCGCCT,0,382555
acrBp,0.25,3,3,CTATTCATCGAGACCGATGA,0,370327
acrBp,0.25,3,3,CTATGTGCCTTGACTCATGG,0,386395
acrBp,0.25,3,3,CTATCAGCGTACGTAAACAG,0,359153
acrBp,0.25,3,3,CTATCAGCAGGGGAGTTGGA,0,376528
acrBp,0.25,3,3,CTATAAGTCTAAAAGGTTAA,0,357606
acrBp,0.25,3,3,CTAGTTGGAAGATAGTTTGC,0,371621
acrBp,0.25,3,3,CTAGTGATCGCATAGAGGTT,0,387536
acrBp,0.25,3,3,CTAGATGTTGCTAATAATTG,0,397690
acrBp,0.25,3,3,CTACGACGTAGACTGCGCGG,0,377149
acrBp,0.25,3,3,CTACCTCGAGTCGTGCCCCT,0,372852
acrBp,0.25,3,3,CTACCGTCCGTGGAGTAAAC,0,388424
acrBp,0.25,3,3,CTACATTCCGTTGAGTGGGG,0,398579
acrBp,0.25,3,3,CTAATGTGGCAACCCCGCGC,0,367523
acrBp,0.25,3,3,CTAATAAGGTGCTCACGCTC,0,362972
acrBp,0.25,3,3,CGTTTTGTATAAGCGTGGCC,0,365911
acrBp,0.25,3,3,CGTTGTGGATGGTCACCTAA,0,384275
acrBp,0.25,3,3,CGTTCTAGAACGTTGCGGTC,0,367486
acrBp,0.25,3,3,CGTTCCACGGACAAGCCCCA,0,392349
acrBp,0.25,3,3,CGTTACCCTCTCCAGCCCCC,0,373917
acrBp,0.25,3,3,CGTTAATGTCCACAAGGGGA,0,405311
acrBp,0.25,3,3,CGTGTGCTGTATGTATTGCT,0,377388
acrBp,0.25,3,3,CGTGTGATCTAAAGTTTTTA,0,395758
acrBp,0.25,3,3,CGTGTGAATGTTACATTGCA,0,393722
acrBp,0.25,3,3,CGTGTCAAGATCGTATGACT,0,359631
acrBp,0.25,3,3,CGTGGTCCTATGAATCTCCT,0,360357
acrBp,0.25,3,3,CGTGGGCCAATTTTCGGGCA,0,402779
acrBp,0.25,3,3,CGTGCCCAACTTGGCCGGAT,0,372387
acrBp,0.25,3,3,CGTCTTGCTCTTATAGAGTG,0,364221
acrBp,0.25,3,3,CGTCTAATCAACACGTCTTA,0,373932
acrBp,0.25,3,3,CGTCGTTTCCTACAGCGGGC,0,405056
acrBp,0.25,3,3,CGTCGTCGCGGGCTAGTGAT,0,358115
acrBp,0.25,3,3,CGTCCTCGCCCAACCTAAGA,0,379310
acrBp,0.25,3,3,CGTCCCACAACGGAACATGT,0,390071
acrBp,0.25,3,3,CGTCAGGTTCAGACCCGCTT,0,383117
acrBp,0.25,3,3,CGTCACTTGTTCCCCTCGCA,0,392351
acrBp,0.25,3,3,CGTATCTTACTCTTCGCATC,0,379636
acrBp,0.25,3,3,CGTAGAGACAGTGACATGTA,0,378713
acrBp,0.25,3,3,CGTACATTTCAGGGACAGTT,0,391107
acrBp,0.25,3,3,CGTACAATCGCCGCTGACAT,0,357121
acrBp,0.25,3,3,CGTAACCGCTATTGAGTAGG,0,387555
acrBp,0.25,3,3,CGTAACCCGTGGAATGGCTA,0,357268
acrBp,0.25,3,3,CGGTCTTTATGAAGAGGGCA,0,358719
acrBp,0.25,3,3,CGGTAGTATGTCATCACATG,0,406168
acrBp,0.25,3,3,CGGTAGTACGCCAAACGAAG,0,377857
acrBp,0.25,3,3,CGGTAGAATTGCCGCAAGAC,0,377562
acrBp,0.25,3,3,CGGTACAATTGAGGAATAAA,0,405530
acrBp,0.25,3,3,CGGGTTGCAGGTGCCCTATA,0,407937
acrBp,0.25,3,3,CGGGTAAATCCCTTACCTAT,0,367277
acrBp,0.25,3,3,CGGGGCTGGCATGCGCGAAC,0,364429
acrBp,0.25,3,3,CGGGCTTCAAAGACTCTAGG,0,383482
acrBp,0.25,3,3,CGGGCTCCAACTAGCTGCCA,0,359976
acrBp,0.25,3,3,CGGGCGTCCCACGGGTAAAA,0,405100
acrBp,0.25,3,3,CGGGCGGCTGGGGGGGGCCA,0,389090
acrBp,0.25,3,3,CGGGCAGCCACGCGGTACGG,0,382345
acrBp,0.25,3,3,CGGGCACAAAGCCTTGAAAT,0,393471
acrBp,0.25,3,3,CGGGATCCGCTCAGCTCAGA,0,375696
acrBp,0.25,3,3,CGGGATAGACGGTGGTTCCG,0,363268
acrBp,0.25,3,3,CGGGACGTTGTTCGTATCGG,0,405734
acrBp,0.25,3,3,CGGGAATGGCAATATGGACT,0,388978
acrBp,0.25,3,3,CGGCCTTGGCTTGTCCCCAG,0,386282
acrBp,0.25,3,3,CGGCAGCTACAGTCTGGAAA,0,387312
acrBp,0.25,3,3,CGGCAGATGACTGGGGTAGG,0,355547
acrBp,0.25,3,3,CGGCAAGGGGGGTAAGCGAT,0,376754
acrBp,0.25,3,3,CGGATCTGTTCATGGGATCA,0,374719
acrBp,0.25,3,3,CGGATCGATTGGTGGCGTCC,0,402376
acrBp,0.25,3,3,CGGATAATACACCGTACTGA,0,373735
acrBp,0.25,3,3,CGGAGGCACTTGTATACGGC,0,381938
acrBp,0.25,3,3,CGGAGATGTGCCGAGGAAGC,0,398524
acrBp,0.25,3,3,CGGACCCGAGTCTTGACGTG,0,389069
acrBp,0.25,3,3,CGGACATAGCTCGGAAAGAT,0,369718
acrBp,0.25,3,3,CGGACAGCCTTTCGAAGGCA,0,372535
acrBp,0.25,3,3,CGGAATAAACTTCCTAGGTC,0,403467
acrBp,0.25,3,3,CGGAACATCCCGCAAATGTT,0,386051
acrBp,0.25,3,3,CGCTTTGTAGTCGAGCACGA,0,375536
acrBp,0.25,3,3,CGCTGGAACACGCGAGCTGG,0,383018
acrBp,0.25,3,3,CGCTCCGAGTCAGTGATTAC,0,406285
acrBp,0.25,3,3,CGCTCCGAAGCGATCCTCCA,0,397956
acrBp,0.25,3,3,CGCTCCAGTGATGTTGGTCA,0,377408
acrBp,0.25,3,3,CGCGTCGATTCCTGCTTCGG,0,369333
acrBp,0.25,3,3,CGCGGTCACGCCGTTGCAGC,0,391883
acrBp,0.25,3,3,CGCGCAGTTAATTGAAAATT,0,397625
acrBp,0.25,3,3,CGCGATATCGAAACCGACTT,0,388229
acrBp,0.25,3,3,CGCGAAAGTACGGAAGCCGT,0,384139
acrBp,0.25,3,3,CGCCTTTTATATACATACTA,0,387441
acrBp,0.25,3,3,CGCCTACTACGTCAGAAGCT,0,375886
acrBp,0.25,3,3,CGCCCCGTTAGAGAATGCCC,0,365678
acrBp,0.25,3,3,CGCCATTTGTCTCATGAGTG,0,378620
acrBp,0.25,3,3,CGCCAGGATAAACGGACAAG,0,367905
acrBp,0.25,3,3,CGCCACTCAGTTGGTGCATA,0,379305
acrBp,0.25,3,3,CGCCACATTCGTCGAGACTT,0,357927
acrBp,0.25,3,3,CGCCAATCTTTAATCAGAGA,0,366094
acrBp,0.25,3,3,CGCATGGGTGAGGATGTGCT,0,389703
acrBp,0.25,3,3,CGCAGAACGACAGGCAGCGC,0,405617
acrBp,0.25,3,3,CGCAAAAAATGAGTTGGCTT,0,358727
acrBp,0.25,3,3,CGATTCGTACTCGGCTACCA,0,359195
acrBp,0.25,3,3,CGATCGCACTCGCGCCCATT,0,390276
acrBp,0.25,3,3,CGATCAGGGCAAATCTGTGG,0,402050
acrBp,0.25,3,3,CGAGTGGAGTGGGGGTGCAG,0,376752
acrBp,0.25,3,3,CGAGATTGTGATCGTCATTT,0,376940
acrBp,0.25,3,3,CGAGATATCGGTACACGTGC,0,398271
acrBp,0.25,3,3,CGACTGAGAGCAGAATCTTT,0,408509
acrBp,0.25,3,3,CGACTCGGAGGCGGGACGTA,0,400749
acrBp,0.25,3,3,CGACTAGAGATGGGGCGACG,0,402238
acrBp,0.25,3,3,CGACATTGTAATATCGTAAA,0,391394
acrBp,0.25,3,3,CGACATCGGCGCGCAGTTAC,0,406258
acrBp,0.25,3,3,CGACAATATGCTTCTACAAA,0,405369
acrBp,0.25,3,3,CGACAACTGTCATTTTTTAG,0,368639
acrBp,0.25,3,3,CGAATCGGGGTATGCGTTTG,0,367526
acrBp,0.25,3,3,CGAACTCTTCGTCGTTAGAT,0,399261
acrBp,0.25,3,3,CGAAATTGATTTACGCCTTC,0,370046
acrBp,0.25,3,3,CGAAACTCCGCGGTGATCAC,0,382756
acrBp,0.25,3,3,CGAAAATGCGGTGCTGAACT,0,362112
acrBp,0.25,3,3,CGAAAAGGCCCACAGACAAG,0,383461
acrBp,0.25,3,3,CCTTTGCATTCCTCCAGGTA,0,401394
acrBp,0.25,3,3,CCTTTAAGTCGTGGCGGCGG,0,385952
acrBp,0.25,3,3,CCTTTAACCACATACACTGG,0,377760
acrBp,0.25,3,3,CCTTGGCGTGGGAAAGATCG,0,365264
acrBp,0.25,3,3,CCTTAACGGACGTTCATTAA,0,355228
acrBp,0.25,3,3,CCTTAAACAACGCACGGGTA,0,388676
acrBp,0.25,3,3,CCTGTTTCAAACCGGAGGCA,0,404928
acrBp,0.25,3,3,CCTGTTGGCGCAGGAAAATT,0,359167
acrBp,0.25,3,3,CCTGTTGGATATATACTGAG,0,364126
acrBp,0.25,3,3,CCTGCCTGAACGAGGACTTA,0,390789
acrBp,0.25,3,3,CCTGATTCCCCGGCACGAGT,0,383194
acrBp,0.25,3,3,CCTGATAGCCATAGGGAGCT,0,389968
acrBp,0.25,3,3,CCTCTGAAGAAGCGTAATAG,0,400645
acrBp,0.25,3,3,CCTCGTTTCGTAATGTGCTT,0,392024
acrBp,0.25,3,3,CCTCGGCCACCCACGAGGCC,0,372111
acrBp,0.25,3,3,CCTCGAGTGCGGTAGGAGAG,0,376652
acrBp,0.25,3,3,CCTCCGTAGGCCGTGGGCGT,0,407420
acrBp,0.25,3,3,CCTATGACAAGGGGGTTTGG,0,378307
acrBp,0.25,3,3,CCTACTGATGACAGCATGTC,0,401471
acrBp,0.25,3,3,CCTAACACTTTGCGTCCCTA,0,379312
acrBp,0.25,3,3,CCTAAACTTTAGTGCAGTAT,0,367284
acrBp,0.25,3,3,CCGTTTTTATATGTCGATGC,0,361764
acrBp,0.25,3,3,CCGTTCGATCTTCGATCGAG,0,374002
acrBp,0.25,3,3,CCGTGCGTAAGGTACAAAGG,0,377028
acrBp,0.25,3,3,CCGTGCGCCAAAGCCTCTCC,0,399704
acrBp,0.25,3,3,CCGTGACTTACAGTTATAAA,0,386662
acrBp,0.25,3,3,CCGTGAAGACTATTGCAGGT,0,381509
acrBp,0.25,3,3,CCGTCTTCCCGAACTGCATG,0,382682
acrBp,0.25,3,3,CCGGGTCTTCTGGTCGAAGA,0,368184
acrBp,0.25,3,3,CCGGGGTTTGTGCATGGGTA,0,381483
acrBp,0.25,3,3,CCGGGCGTCGCACGACCTGA,0,389298
acrBp,0.25,3,3,CCGGCCCCCGACCCAGTAGT,0,361564
acrBp,0.25,3,3,CCGGAATACTTCTGTGCCCG,0,389508
acrBp,0.25,3,3,CCGCTGTAATTATCGGTGCA,0,366158
acrBp,0.25,3,3,CCGCGCCAATCATCCGAATC,0,401277
acrBp,0.25,3,3,CCGCCCACCTGATGCATGGT,0,364814
acrBp,0.25,3,3,CCGCCACATTGAGATTAGTT,0,369423
acrBp,0.25,3,3,CCGATCATGATGCAGCTGAT,0,387001
acrBp,0.25,3,3,CCGAGGTACCCTGTGTCGTT,0,399912
acrBp,0.25,3,3,CCGAGCTTCCCTCCCGGGGA,0,369281
acrBp,0.25,3,3,CCGAGCCCATCCGAAGGGTT,0,359545
acrBp,0.25,3,3,CCGAGACTAACAGGACGCAT,0,376983
acrBp,0.25,3,3,CCGAGACACCGATTGGACGA,0,365614
acrBp,0.25,3,3,CCGACATTCGCGTTGTACGA,0,406630
acrBp,0.25,3,3,CCCTTTACCTTCCCATAGCA,0,361209
acrBp,0.25,3,3,CCCTGTATTAATCCCTCCCA,0,371074
acrBp,0.25,3,3,CCCTGGCTCTGAGCTAAAAC,0,390367
acrBp,0.25,3,3,CCCTACACTTTTTCATCGCC,0,384501
acrBp,0.25,3,3,CCCGTACATGCGGGGAAAAT,0,372762
acrBp,0.25,3,3,CCCGTAAACTCATTAATCAT,0,391784
acrBp,0.25,3,3,CCCGCCGTATTGGTCATAGG,0,360352
acrBp,0.25,3,3,CCCGATCTTATGGTCCGACA,0,397420
acrBp,0.25,3,3,CCCGATACACCATTATGGAG,0,386239
acrBp,0.25,3,3,CCCGAGGATGAACTATTTCC,0,408196
acrBp,0.25,3,3,CCCGAAAATCGCACAACGGT,0,366134
acrBp,0.25,3,3,CCCCTGGATGTATCTCCAAT,0,393745
acrBp,0.25,3,3,CCCCTGCGAGTGTTTTCACT,0,398408
acrBp,0.25,3,3,CCCCGTTGCTGTATCCGGGG,0,372142
acrBp,0.25,3,3,CCCCGTCCGTGCACAGTGTG,0,400954
acrBp,0.25,3,3,CCCCGTCCCTCGGGACTCCA,0,374962
acrBp,0.25,3,3,CCCCGCGCAGAAAGGACATT,0,362242
acrBp,0.25,3,3,CCCCATATTAAAGGACGTAA,0,396072
acrBp,0.25,3,3,CCCCACCGGGCATATTACTC,0,372352
acrBp,0.25,3,3,CCCATTCCCAGTCAGTCAGA,0,400865
acrBp,0.25,3,3,CCCAGTATTAACCATTTCTA,0,392527
acrBp,0.25,3,3,CCCACTTTTCGGACATAAAT,0,390252
acrBp,0.25,3,3,CCCACTGCCGCTATTAGTGC,0,364328
acrBp,0.25,3,3,CCCACTCCGTCTGGCCAATC,0,379643
acrBp,0.25,3,3,CCCACGAAGACCTTTCTAGT,0,366114
acrBp,0.25,3,3,CCCACCCGACCGGTTTCGAG,0,396222
acrBp,0.25,3,3,CCCAAACGGTGAGGATCACT,0,407531
acrBp,0.25,3,3,CCCAAACGGGATAGGCGACA,0,355654
acrBp,0.25,3,3,CCATTTGATTTTTTCTCAAT,0,372349
acrBp,0.25,3,3,CCATGTAAGAGGCCCACGGG,0,375038
acrBp,0.25,3,3,CCATCCCGCCATAAACTTAG,0,404275
acrBp,0.25,3,3,CCATAGGCTTCAGTAATTCA,0,367225
acrBp,0.25,3,3,CCAGTAGTAACCCTCAATCG,0,399841
acrBp,0.25,3,3,CCAGTACCGTGTATTTTGTC,0,379436
acrBp,0.25,3,3,CCAGGTGTGCAGCTCATATG,0,407170
acrBp,0.25,3,3,CCAGGGGGTGATTGAACAGC,0,364313
acrBp,0.25,3,3,CCAGACCAGTCAACTCGTTG,0,393624
acrBp,0.25,3,3,CCACTCGACCAGGCAGTATT,0,379172
acrBp,0.25,3,3,CCACCTCGACTGCGTATGTA,0,359602
acrBp,0.25,3,3,CCACCAGACTCTTCAGTTAA,0,358189
acrBp,0.25,3,3,CCACAGCGCCTAGGGAGGGA,0,398486
acrBp,0.25,3,3,CCAATCGATTGCACTATCTC,0,391924
acrBp,0.25,3,3,CCAATACCGTTCGCTCACAT,0,379797
acrBp,0.25,3,3,CCAAACCATTGTGGGTGCGC,0,355455
acrBp,0.25,3,3,CCAAAAGCAAAGATCGTCCC,0,374673
acrBp,0.25,3,3,CATTTGTTCATAAAAATCCT,0,393371
acrBp,0.25,3,3,CATTGTCTTATTTTATTCGA,0,371339
acrBp,0.25,3,3,CATTGGTTATCATCTAAGTG,0,382888
acrBp,0.25,3,3,CATTGGCCGGTCGCGTGAAG,0,395025
acrBp,0.25,3,3,CATTGCGAGTCGCTTCGAAG,0,387903
acrBp,0.25,3,3,CATTGAGAACAGAGCTCAGC,0,374428
acrBp,0.25,3,3,CATTCAGTTACGGGGACAAT,0,375396
acrBp,0.25,3,3,CATTAGTTCAGGAATCAATT,0,361865
acrBp,0.25,3,3,CATGTGCCCAGAAATCACTA,0,376137
acrBp,0.25,3,3,CATGGTCTTACATAGATATC,0,363046
acrBp,0.25,3,3,CATGGGTCGTACACCACGCA,0,376916
acrBp,0.25,3,3,CATGGGGGCGGGCGGTATTG,0,390434
acrBp,0.25,3,3,CATGGAATTACTAACCTAAA,0,380064
acrBp,0.25,3,3,CATGCCGTCTCACGCTTCTG,0,378256
acrBp,0.25,3,3,CATGAATGCTTCGTACCCTC,0,390847
acrBp,0.25,3,3,CATCTGTGGAGACTCTTTAG,0,403899
acrBp,0.25,3,3,CATCCTTACTTTGACTCTAG,0,376438
acrBp,0.25,3,3,CATCCTGATCAAAGTCTTAC,0,372780
acrBp,0.25,3,3,CATATGTCCTCAGCGGGTAA,0,390051
acrBp,0.25,3,3,CATAGCCGAGCGCCCATGCA,0,401266
acrBp,0.25,3,3,CATAGAGCAAGGGCACGCTC,0,355738
acrBp,0.25,3,3,CATAAGCTATGGGCCGAAAA,0,362264
acrBp,0.25,3,3,CATAAGAATTCCAAGCACAT,0,377527
acrBp,0.25,3,3,CATAAAATCGTTTGTTTTCT,0,359718
acrBp,0.25,3,3,CAGTTGATATTGCTCGTATA,0,392218
acrBp,0.25,3,3,CAGTTCTAAGCGGATCTGGG,0,393897
acrBp,0.25,3,3,CAGTGGGGCTGGTGCTTATA,0,398968
acrBp,0.25,3,3,CAGTGCTGCCTCGAGACAGG,0,402177
acrBp,0.25,3,3,CAGTCCGTAAAGTTGTCGGA,0,396897
acrBp,0.25,3,3,CAGGGTTACGAAACCAGAGA,0,383315
acrBp,0.25,3,3,CAGGGTAAAGCACAATGGAA,0,376832
acrBp,0.25,3,3,CAGGGATCATTTTTAGTCTA,0,375092
acrBp,0.25,3,3,CAGGAGTCATTTTTGAGATT,0,385392
acrBp,0.25,3,3,CAGGACTAGCGTAAGTTAAT,0,406019
acrBp,0.25,3,3,CAGCCAGCAGTTCGGTCGAA,0,389741
acrBp,0.25,3,3,CAGCATCACCGGTGGGCTTC,0,399223
acrBp,0.25,3,3,CAGCAGCAGCGAATATCCTC,0,400235
acrBp,0.25,3,3,CAGATGTCTTGGGCATCGTT,0,391175
acrBp,0.25,3,3,CAGATGCCTTGCGGACATGG,0,374546
acrBp,0.25,3,3,CAGATCGGTGTGGTAGGACC,0,377202
acrBp,0.25,3,3,CAGAGCACCTAAAACTTACG,0,356217
acrBp,0.25,3,3,CAGACAATCTATATGCTTCT,0,396546
acrBp,0.25,3,3,CACTTGCCGCCGGTGCAGCA,0,394753
acrBp,0.25,3,3,CACTGTAATGTCTGGCGGAC,0,379847
acrBp,0.25,3,3,CACTGACGTGTCTTAACCAT,0,364103
acrBp,0.25,3,3,CACTCTTGAACTCTGAAGGA,0,385585
acrBp,0.25,3,3,CACTAGTCGCATAGAGGAAA,0,403401
acrBp,0.25,3,3,CACGTCGCTAGTTTGTTACG,0,391927
acrBp,0.25,3,3,CACGTCGAACGCGATCGCCA,0,390283
acrBp,0.25,3,3,CACGGTTGACAGATTGGCGG,0,401489
acrBp,0.25,3,3,CACGCCGCAGCGCCTGGCTT,0,360777
acrBp,0.25,3,3,CACGATGCTGCAGTGGGGAA,0,394516
acrBp,0.25,3,3,CACGACTTACGAGATCGAAC,0,396339
acrBp,0.25,3,3,CACCTCGAATAGTCTCTCCT,0,376865
acrBp,0.25,3,3,CACCGGTCAAGGTTTTATGT,0,406441
acrBp,0.25,3,3,CACAGTGTTATCGTGGAATA,0,377428
acrBp,0.25,3,3,CACACGATACGCTGTGAGGT,0,359495
acrBp,0.25,3,3,CACACAGGCTAGTAAAAAGA,0,394000
acrBp,0.25,3,3,CACACAAAGGGATCGCTGTA,0,364465
acrBp,0.25,3,3,CACAATGGCACTCAGGCACG,0,387985
acrBp,0.25,3,3,CACAATGAATCCGTACACAC,0,363591
acrBp,0.25,3,3,CACAAGTAAAGCGAGTAGCT,0,357456
acrBp,0.25,3,3,CACAAGCTCATAAGCATAGG,0,391485
acrBp,0.25,3,3,CAATTTCACTACGCACGTGA,0,364636
acrBp,0.25,3,3,CAATTGCCAACAGAGCCGTT,0,365416
acrBp,0.25,3,3,CAATTCATCTCAGGCTGAAG,0,387999
acrBp,0.25,3,3,CAATGTTATGACGACGCTTG,0,388463
acrBp,0.25,3,3,CAATGGGCACACGTAGCTCG,0,372005
acrBp,0.25,3,3,CAATCGCCTCATTTACGCGC,0,363832
acrBp,0.25,3,3,CAATCAAAGGACGAATTTGT,0,367190
acrBp,0.25,3,3,CAATAGAATATCAGGTGCGT,0,369323
acrBp,0.25,3,3,CAATACTAATTTGCATTACG,0,401722
acrBp,0.25,3,3,CAATAACACGCGGGTGAAAC,0,369604
acrBp,0.25,3,3,CAAGTCATATTTGTGAAGCC,0,382611
acrBp,0.25,3,3,CAAGTAACATGCCAGCTGTG,0,405004
acrBp,0.25,3,3,CAAGGGGCGGATTGATTACG,0,379157
acrBp,0.25,3,3,CAAGGCAAACTTAGCTCACC,0,367480
acrBp,0.25,3,3,CAAGGAGATTTATCCGAGAT,0,381015
acrBp,0.25,3,3,CAACTTGTGGTTCTTTAGAT,0,355016
acrBp,0.25,3,3,CAACTTGAATCGCTGTTCGT,0,399655
acrBp,0.25,3,3,CAACGTTGAATAGTACTGTT,0,389073
acrBp,0.25,3,3,CAACCAGGGTCGCCCGCTTA,0,394321
acrBp,0.25,3,3,CAACCAGAGTCCTTGGGGAT,0,373295
acrBp,0.25,3,3,CAACCACTGACTGATCATTC,0,399226
acrBp,0.25,3,3,CAACAGTTCGAACACTCCCA,0,362548
acrBp,0.25,3,3,CAACAGCCGTCATGCTACTA,0,371137
acrBp,0.25,3,3,CAACAAGGATCGCTCGGATT,0,400648
acrBp,0.25,3,3,CAAATGCCATGGCTAGTATG,0,379133
acrBp,0.25,3,3,CAAATATACTATAACGTTCA,0,396720
acrBp,0.25,3,3,CAAAGGACCCGTGGTAGGAT,0,379130
acrBp,0.25,3,3,CAAAGCCTGAGGTGTCTTGA,0,359237
acrBp,0.25,3,3,CAAACAGGATCCCGCGATAG,0,396695
acrBp,0.25,3,3,CAAACACCTGGAATCTGCGC,0,372970
acrBp,0.25,3,3,CAAAATCCTGTACGTTATGT,0,387652
acrBp,0.25,3,3,ATTTTCGACACCGCTTCTGT,0,385283
acrBp,0.25,3,3,ATTTTATTTGTACAGTCGAT,0,397930
acrBp,0.25,3,3,ATTTGGCTTCTTAGAGCGAG,0,404471
acrBp,0.25,3,3,ATTTGGATGTTCGTACACGT,0,383715
acrBp,0.25,3,3,ATTTGACCGTGCGAAGTACT,0,367869
acrBp,0.25,3,3,ATTTAGACATTCTGGGGGAG,0,360516
acrBp,0.25,3,3,ATTGGCTGGGATCCTCGGGG,0,400899
acrBp,0.25,3,3,ATTGCATGCGAGAGAATCAC,0,389399
acrBp,0.25,3,3,ATTGCACTCAGTCAACGCAG,0,380286
acrBp,0.25,3,3,ATTGAGTTAAGGTTTATTAC,0,379389
acrBp,0.25,3,3,ATTGACTCGCTGATACACTC,0,380144
acrBp,0.25,3,3,ATTCTTTAGTAGTGTATTGG,0,361966
acrBp,0.25,3,3,ATTCATGACGAATAGCGAAC,0,377060
acrBp,0.25,3,3,ATTCAGCGAATCCCATGTAC,0,384102
acrBp,0.25,3,3,ATTCACGAACTAGACGACTC,0,358585
acrBp,0.25,3,3,ATTATTACTAAAGTACGCAT,0,364320
acrBp,0.25,3,3,ATTATGAAGTGAAAAAAATT,0,355168
acrBp,0.25,3,3,ATTATCGACTGCACAGGGCG,0,381750
acrBp,0.25,3,3,ATTATCGACCGTTCGAACAT,0,371207
acrBp,0.25,3,3,ATTAGTAACTCTGCACCATA,0,389562
acrBp,0.25,3,3,ATTAGCTCCAAAAGGAATAC,0,358110
acrBp,0.25,3,3,ATTAGACTCCGGTTGGCATA,0,407628
acrBp,0.25,3,3,ATTACTATTGGCATTCGACC,0,400529
acrBp,0.25,3,3,ATTACGTGAACATCAAAGGG,0,396814
acrBp,0.25,3,3,ATTACAAAGGGTCCTTGCAG,0,405237
acrBp,0.25,3,3,ATGTGTGCTTGCGTTAACCT,0,380955
acrBp,0.25,3,3,ATGTGTAATGCGGTGGGCCT,0,367493
acrBp,0.25,3,3,ATGTCCTCCATATTCTGTAT,0,390215
acrBp,0.25,3,3,ATGTCCAGAGAGTATTCATG,0,370521
acrBp,0.25,3,3,ATGTAGGACGTCCATCGGCA,0,366570
acrBp,0.25,3,3,ATGTACGATATCGCTGTGCT,0,358681
acrBp,0.25,3,3,ATGGGAGTCAAGGCTAATGC,0,389040
acrBp,0.25,3,3,ATGGAGCCTGGGCTATCGTC,0,392361
acrBp,0.25,3,3,ATGGAGCACTTGGCGTTGAC,0,384883
acrBp,0.25,3,3,ATGCTTAGCCGGGTGAGCCA,0,393558
acrBp,0.25,3,3,ATGCGTTATCACACATAGAG,0,382185
acrBp,0.25,3,3,ATGCCTTTGAGGGTGACGTT,0,377346
acrBp,0.25,3,3,ATGCCCGGCGGTGAAGGGGA,0,362726
acrBp,0.25,3,3,ATGCATGTCTTCTGTCAGAT,0,365327
acrBp,0.25,3,3,ATGATCCCGGCTTGTATACT,0,369704
acrBp,0.25,3,3,ATGAGCAATGTGTGGACGGA,0,381356
acrBp,0.25,3,3,ATGACAAGGGCTCCTCACAA,0,358590
acrBp,0.25,3,3,ATGAATCAAGTGCAGCATCG,0,364085
acrBp,0.25,3,3,ATGAAGACTTGTTCATAGTT,0,370035
acrBp,0.25,3,3,ATCTTTTAGCTATTGGTACT,0,397427
acrBp,0.25,3,3,ATCTTGCTGGGTGTTAGCGT,0,383137
acrBp,0.25,3,3,ATCTCACCGCCTCAGGGTAC,0,371588
acrBp,0.25,3,3,ATCTACTATAGTCTGCGGCT,0,379508
acrBp,0.25,3,3,ATCTAATCTTCTTGGTTCAT,0,388729
acrBp,0.25,3,3,ATCTAAGGGGTACCTGAAGT,0,397598
acrBp,0.25,3,3,ATCGTAGAGAGAAACGCTCA,0,406259
acrBp,0.25,3,3,ATCGCCCATAAAATGGACAA,0,401976
acrBp,0.25,3,3,ATCGCATCGTTGCTACGGAG,0,369440
acrBp,0.25,3,3,ATCGCACCTACATGGCCAGG,0,395535
acrBp,0.25,3,3,ATCCTGTACTCGGGCGCTAT,0,407175
acrBp,0.25,3,3,ATCCTAGAGTTCGAAACCTA,0,391882
acrBp,0.25,3,3,ATCCGTGCCCTGAAACCTGC,0,360050
acrBp,0.25,3,3,ATCCGGTCCCAGTGCAGTCA,0,388506
acrBp,0.25,3,3,ATCCGAGACGCGTGCCTATA,0,396671
acrBp,0.25,3,3,ATCCCCAGTGAAAGACGTGA,0,401308
acrBp,0.25,3,3,ATCCAGGACCAGTATAGGGT,0,406499
acrBp,0.25,3,3,ATCCAAGACTAGATCAATAT,0,388067
acrBp,0.25,3,3,ATCCAAAATACTGGTGGCTC,0,389691
acrBp,0.25,3,3,ATCATTTGAGATTCGAGTTC,0,399803
acrBp,0.25,3,3,ATCATGGGTGATAAATCCGT,0,365413
acrBp,0.25,3,3,ATCATAACCCGGCTGGGGGT,0,375137
acrBp,0.25,3,3,ATCAGTAGACGGGCGAACAT,0,384400
acrBp,0.25,3,3,ATCAGAAGCCGGTGCACACC,0,376636
acrBp,0.25,3,3,ATCACGTTCCCCTGGGCGTA,0,378172
acrBp,0.25,3,3,ATCACCTTAGGCTCAGGATC,0,375973
acrBp,0.25,3,3,ATCAATGGCACTCAAAGGGG,0,366412
acrBp,0.25,3,3,ATCAAAGCGATAAAATAATG,0,406613
acrBp,0.25,3,3,ATATTTGCGTGAACCTTCAG,0,395491
acrBp,0.25,3,3,ATATTGTGCGCGACCCGCTA,0,393179
acrBp,0.25,3,3,ATATGCGGGCGAAGCGGCTA,0,381735
acrBp,0.25,3,3,ATAGTTCTTCACTGAGATAA,0,394289
acrBp,0.25,3,3,ATAGTCAGTGGATCCAGGTT,0,400422
acrBp,0.25,3,3,ATAGGGTTCTTATTCGACAA,0,405165
acrBp,0.25,3,3,ATAGGGCATTGGCATCGAAC,0,389210
acrBp,0.25,3,3,ATAGGGATTCTTTGATTTAG,0,393217
acrBp,0.25,3,3,ATAGGCGGGGTTTAATTCAT,0,365907
acrBp,0.25,3,3,ATAGGATATTGGCCTTAGAG,0,370235
acrBp,0.25,3,3,ATAGACGTGTAACTTCTCGT,0,389407
acrBp,0.25,3,3,ATACTTAAGACGTCAAAACA,0,358555
acrBp,0.25,3,3,ATACTCCGGTCGCATAGAAC,0,363443
acrBp,0.25,3,3,ATACGGCGAATGCGCTGTGC,0,390211
acrBp,0.25,3,3,ATACGCGGAACTACCTCGAA,0,355577
acrBp,0.25,3,3,ATACCTCGATCCTTATAGAA,0,367147
acrBp,0.25,3,3,ATACCTCATCTCAGATAGGT,0,403861
acrBp,0.25,3,3,ATAATGTTATGAAGAGATTC,0,366093
acrBp,0.25,3,3,ATAATGTAGCCAAGGTAACA,0,356072
acrBp,0.25,3,3,ATAATCTGGTGGCGTAAAGT,0,397916
acrBp,0.25,3,3,ATAAGTTCTCCCTTGCTCAT,0,398803
acrBp,0.25,3,3,ATAAGGGGGGGTCCGAGGAA,0,376964
acrBp,0.25,3,3,ATAAGCTGTCGAGACCGACA,0,384073
acrBp,0.25,3,3,ATAACCGTAGGTAATGCCAG,0,400471
acrBp,0.25,3,3,ATAAAGTGTATGTACACAGC,0,399849
acrBp,0.25,3,3,ATAAACGCGGAGCATGCGGA,0,388804
acrBp,0.25,3,3,AGTTTTCGTAATTGTAGGCG,0,395929
acrBp,0.25,3,3,AGTTTTACTTGTTAGGGCGC,0,379873
acrBp,0.25,3,3,AGTTTCAGTTTCATGCCCGC,0,389080
acrBp,0.25,3,3,AGTTGCAAAGACCAGGTCTT,0,376339
acrBp,0.25,3,3,AGTTACGCGGATCATGTGGT,0,376032
acrBp,0.25,3,3,AGTTACAGAACATCTGCTAG,0,385710
acrBp,0.25,3,3,AGTGGGGTCTCTGAGTCGCT,0,390491
acrBp,0.25,3,3,AGTGGGACCGACATGTCAGC,0,356318
acrBp,0.25,3,3,AGTGGCACTAGGCGGTCTGC,0,397817
acrBp,0.25,3,3,AGTCTTCAATGTCGCTTCGT,0,391569
acrBp,0.25,3,3,AGTCTAGTCCCACATGTTCG,0,363012
acrBp,0.25,3,3,AGTCGAATTCGGCCGGTGAA,0,384026
acrBp,0.25,3,3,AGTCCCCACCGCATTATCAT,0,374034
acrBp,0.25,3,3,AGTCAAGCCTGGTCGGTGAC,0,396023
acrBp,0.25,3,3,AGTATTGTTCAAAAGTTTCT,0,395862
acrBp,0.25,3,3,AGTAGTTGGTACTACAGCCT,0,366979
acrBp,0.25,3,3,AGGTTGCCGCCTGGCCTACC,0,382845
acrBp,0.25,3,3,AGGTGTCCGTACGCTACTCT,0,372892
acrBp,0.25,3,3,AGGTGCACCAAATGGCTGAG,0,357964
acrBp,0.25,3,3,AGGTCCCAGGGGGATTCTCG,0,356094
acrBp,0.25,3,3,AGGTCCAGATTTAACATTCG,0,403805
acrBp,0.25,3,3,AGGTAGCTTGGTCATCAATG,0,380475
acrBp,0.25,3,3,AGGTAGCCTTATTAATGAGC,0,369945
acrBp,0.25,3,3,AGGGTTAGCTCCAGTTATAC,0,406717
acrBp,0.25,3,3,AGGGTGTTCCCGACATTCTT,0,377463
acrBp,0.25,3,3,AGGGTGCCGTGATCGGGCTA,0,367549
acrBp,0.25,3,3,AGGGTCACCCCACTTTCGCG,0,379796
acrBp,0.25,3,3,AGGGCGTCGTCTAAATCTGT,0,368596
acrBp,0.25,3,3,AGGGAGCGTTTTGCCACGTT,0,385665
acrBp,0.25,3,3,AGGGACGTGAACGCGTGTCA,0,380369
acrBp,0.25,3,3,AGGCGGCAGCACAAAATTTG,0,392405
acrBp,0.25,3,3,AGGATCACTGGCATAAAGTT,0,368939
acrBp,0.25,3,3,AGGACTGAACCGGTCCGTTT,0,381371
acrBp,0.25,3,3,AGGACTCAGTAGGGGCTGGA,0,407700
acrBp,0.25,3,3,AGGACGCTTCGGGCCTCGTA,0,355675
acrBp,0.25,3,3,AGGAATTCATCTGCGCTCGC,0,367702
acrBp,0.25,3,3,AGGAAGTTTTAACGCCTAAG,0,392693
acrBp,0.25,3,3,AGGAACAAACATATTGGACC,0,386163
acrBp,0.25,3,3,AGCTTTCACCACTTCGCTCC,0,400927
acrBp,0.25,3,3,AGCTTAGGCGGGGGAAAGAC,0,391709
acrBp,0.25,3,3,AGCTGTCAAAGTACTCGAAG,0,388221
acrBp,0.25,3,3,AGCTGGCATCACCACCCGAG,0,379839
acrBp,0.25,3,3,AGCTCGGAATTATTTCTGCG,0,356779
acrBp,0.25,3,3,AGCGTTATTCGTGTGTCTTC,0,394716
acrBp,0.25,3,3,AGCGTTAGCCACGAGACTCT,0,382852
acrBp,0.25,3,3,AGCGTCAACAATGCGTTTGC,0,355065
acrBp,0.25,3,3,AGCGGCGGGTGGCAACATTA,0,407507
acrBp,0.25,3,3,AGCGAAGTTGACGATACTCA,0,397731
acrBp,0.25,3,3,AGCGAAACAGAGGTTCTTTC,0,367375
acrBp,0.25,3,3,AGCCTTTTCTTTGAACTTTT,0,375727
acrBp,0.25,3,3,AGCCTGACAGGGGGTCTCGA,0,383560
acrBp,0.25,3,3,AGCCGTCGCGGAATTTCTCT,0,393750
acrBp,0.25,3,3,AGCCGTCCCCTAAGTCAGCA,0,389660
acrBp,0.25,3,3,AGCCCCTGCCACCGGTAGAT,0,369553
acrBp,0.25,3,3,AGCCCCCAGGGGTAGATTGA,0,397394
acrBp,0.25,3,3,AGCCCACATCTTCACCAGCA,0,371965
acrBp,0.25,3,3,AGCATAGCTTACTTTATGAG,0,387559
acrBp,0.25,3,3,AGCAGGCGATTTCATTCAAA,0,363872
acrBp,0.25,3,3,AGCAGCACCTGGCGCCCAAT,0,358350
acrBp,0.25,3,3,AGATGTGTTACCGGGTTTTA,0,404193
acrBp,0.25,3,3,AGATGGAAAGACCCGGCTTA,0,361978
acrBp,0.25,3,3,AGAGTGAAGGGAATACCATA,0,370795
acrBp,0.25,3,3,AGAGGCCTCACTCTTTTCTA,0,395841
acrBp,0.25,3,3,AGAGGATAATACATCGGCGC,0,366154
acrBp,0.25,3,3,AGAGAGGATTCCAGAGATGA,0,396812
acrBp,0.25,3,3,AGACTAGAAACTCCCACTGT,0,376469
acrBp,0.25,3,3,AGACGAAGTTCGCGCCCTAC,0,357471
acrBp,0.25,3,3,AGACCTCGATACGGCGGTAA,0,394988
acrBp,0.25,3,3,AGACCGCTGGTCCCGCACTT,0,355569
acrBp,0.25,3,3,AGACCGCCGAGCCTAATTAG,0,376338
acrBp,0.25,3,3,AGACAGAGGCCAATCTAGTA,0,379645
acrBp,0.25,3,3,AGAAGTCATATCGAAATATC,0,379764
acrBp,0.25,3,3,AGAAGGGACGAAGTACATAG,0,387175
acrBp,0.25,3,3,AGAAGATGTGGAAACGAGGC,0,400479
acrBp,0.25,3,3,AGAACATTGCACGAGTTATT,0,397093
acrBp,0.25,3,3,ACTTTGTGTGACCGGCATAG,0,362788
acrBp,0.25,3,3,ACTTGGCATAACCAGTAAGT,0,399604
acrBp,0.25,3,3,ACTTGCACTCCATAAACCTC,0,372115
acrBp,0.25,3,3,ACTTCTTCCGATCGGGGATT,0,395099
acrBp,0.25,3,3,ACTTCTGACTAATGGACGTC,0,361695
acrBp,0.25,3,3,ACTTATACTGGTGTTTTGCT,0,385556
acrBp,0.25,3,3,ACTTAGGGTTGAATCATCAC,0,370056
acrBp,0.25,3,3,ACTTAGACGAAGTCAAATTA,0,402416
acrBp,0.25,3,3,ACTGTCTCAGATGGTCCGTC,0,384551
acrBp,0.25,3,3,ACTGGTATCGGAATCGGAAT,0,359539
acrBp,0.25,3,3,ACTGCGTCGCATTTTAAACA,0,357957
acrBp,0.25,3,3,ACTGAGTCTGGGTCTAACGT,0,403286
acrBp,0.25,3,3,ACTGACGGCTATGAAACTAG,0,365318
acrBp,0.25,3,3,ACTCTGTAGGGAGACAGCTA,0,381835
acrBp,0.25,3,3,ACTCGGGAGGCTGAGAACGT,0,394704
acrBp,0.25,3,3,ACTCGACGTGGGGGTCGTGC,0,378621
acrBp,0.25,3,3,ACTATCAGCCACGTGTGATA,0,379754
acrBp,0.25,3,3,ACTACGTTGATCAGGACTCT,0,356706
acrBp,0.25,3,3,ACTACACCTGATCCTGTAGT,0,405578
acrBp,0.25,3,3,ACTAACGTTTAGAACGTCTT,0,363511
acrBp,0.25,3,3,ACGTTGTGGTGTTTCATAGA,0,382155
acrBp,0.25,3,3,ACGTTGACTACCGTGCTGGT,0,386926
acrBp,0.25,3,3,ACGTTCCAGCTCGCTTTGCA,0,365901
acrBp,0.25,3,3,ACGTGTTTAGTATATACATT,0,367738
acrBp,0.25,3,3,ACGTGCCTCATGGCACAACT,0,389174
acrBp,0.25,3,3,ACGTGAGCCAACCTTGCACA,0,371083
acrBp,0.25,3,3,ACGTGAAAATTCATGAAATT,0,401773
acrBp,0.25,3,3,ACGTAGTCAGCAAGTTTGAG,0,394055
acrBp,0.25,3,3,ACGTACTTGTAAGGACTCAA,0,394348
acrBp,0.25,3,3,ACGTAATTTTTACAGGATAC,0,359476
acrBp,0.25,3,3,ACGTAAGGTCGGGTGATCTT,0,364537
acrBp,0.25,3,3,ACGGTATGACGGAATGTTTC,0,371717
acrBp,0.25,3,3,ACGGCTTGTTTGTCCGTTCC,0,394775
acrBp,0.25,3,3,ACGGATTTGCATTGGCCCTT,0,394571
acrBp,0.25,3,3,ACGGAGTGTGAATGCCGCTG,0,355050
acrBp,0.25,3,3,ACGGACCGTAATTGCTACGT,0,388984
acrBp,0.25,3,3,ACGCCTGTGGCGGGTTTAGG,0,390112
acrBp,0.25,3,3,ACGCCTCTGGCTATGAGCTC,0,365374
acrBp,0.25,3,3,ACGCCGGTTGGACGAAAGAA,0,393190
acrBp,0.25,3,3,ACGATGGCGTATTTAGCTGC,0,380516
acrBp,0.25,3,3,ACGATCCGGGTGACTCACCC,0,395705
acrBp,0.25,3,3,ACGATATTGCGCTTTTTTTC,0,382441
acrBp,0.25,3,3,ACGACGCTACCAAATGTACT,0,400245
acrBp,0.25,3,3,ACGACCACCGAGAATTACTA,0,378800
acrBp,0.25,3,3,ACCTGTGAAAAAAGCGATAT,0,380280
acrBp,0.25,3,3,ACCTGATTAAGTCTACGCAA,0,365755
acrBp,0.25,3,3,ACCTGATAGCGTGCGCGTCA,0,395931
acrBp,0.25,3,3,ACCTGAACTTCAACAAAGCC,0,361871
acrBp,0.25,3,3,ACCTCTCCAAGTTGTTGGTG,0,390633
acrBp,0.25,3,3,ACCTAGAACCAAACTGATAT,0,402385
acrBp,0.25,3,3,ACCGTCCGCTAATACGTATC,0,385706
acrBp,0.25,3,3,ACCGTCAATACTTTAACTGA,0,360663
acrBp,0.25,3,3,ACCGTAGTGTAGGGACTTTA,0,388374
acrBp,0.25,3,3,ACCGGTCAAACTGGAGAGGT,0,385261
acrBp,0.25,3,3,ACCGGGTGGCGCAGGATCTT,0,389354
acrBp,0.25,3,3,ACCGGCACAGCACTCGGCAT,0,395980
acrBp,0.25,3,3,ACCGCGGGAATGAATGATGT,0,368544
acrBp,0.25,3,3,ACCGATCTGCTTAGGTTTTT,0,399750
acrBp,0.25,3,3,ACCGAACACATACATTATCT,0,398553
acrBp,0.25,3,3,ACCCTCCACAGGAATTCGCG,0,374295
acrBp,0.25,3,3,ACCCTAGGTGCGAGCTACGG,0,406671
acrBp,0.25,3,3,ACCCGTCTAAACATAAATAA,0,405581
acrBp,0.25,3,3,ACCCGCTTCGTTCCCGTTGA,0,388851
acrBp,0.25,3,3,ACCCAAGTGCAGCGGCGGCG,0,377990
acrBp,0.25,3,3,ACCATGTTGATCGGTAACAT,0,355774
acrBp,0.25,3,3,ACCATGTCCATTCTCGATTC,0,396014
acrBp,0.25,3,3,ACCATAGCTCATCTAGGTTA,0,381361
acrBp,0.25,3,3,ACCATACTGCTCACAGAGGG,0,373345
acrBp,0.25,3,3,ACCAGCTGCTAGTTATCGTG,0,386852
acrBp,0.25,3,3,ACATGACTGCGCTTCAGAAA,0,385015
acrBp,0.25,3,3,ACATCGCGTGCCTACAGGAA,0,356066
acrBp,0.25,3,3,ACATCATAATTAACTCATCC,0,389440
acrBp,0.25,3,3,ACATCAATTAAAGAAATTTC,0,407586
acrBp,0.25,3,3,ACATAATAGGTTGGTGTTTC,0,360547
acrBp,0.25,3,3,ACATAACCCCCATTGCGGGG,0,390610
acrBp,0.25,3,3,ACATAACCATCTGGGGTACT,0,393887
acrBp,0.25,3,3,ACAGTGTGCGCAATAAATAT,0,362060
acrBp,0.25,3,3,ACAGTCCGGCAATCGGTCAA,0,371881
acrBp,0.25,3,3,ACAGTATTCGCATCTTTTAA,0,404938
acrBp,0.25,3,3,ACAGGGGCATTTGATTGGAA,0,381224
acrBp,0.25,3,3,ACAGGACCAGAGGAGGTACA,0,373994
acrBp,0.25,3,3,ACAGCGTTATCCAAAGACGA,0,372310
acrBp,0.25,3,3,ACAGCCTGAACTGCAGGTCG,0,363092
acrBp,0.25,3,3,ACAGCATCGGAGTCATCAGC,0,374553
acrBp,0.25,3,3,ACAGATGAAGGCCTAGTGCA,0,378176
acrBp,0.25,3,3,ACACTTGACCGCTAGATAGG,0,370842
acrBp,0.25,3,3,ACACTGGTCCTAAAGTAGCT,0,373787
acrBp,0.25,3,3,ACACTGGATACCCGGCCCGT,0,398681
acrBp,0.25,3,3,ACACGGATTGCTCCAGCTGG,0,399867
acrBp,0.25,3,3,ACACGAACTTTGTTTGGTTT,0,387692
acrBp,0.25,3,3,ACACCCGTCAAGGACGATGA,0,373188
acrBp,0.25,3,3,ACACAGGACGGGTTGGCCAA,0,371724
acrBp,0.25,3,3,ACAAGGATAGAGCCGTCATA,0,356237
acrBp,0.25,3,3,ACAACTCTACCTGATTAGGA,0,385882
acrBp,0.25,3,3,ACAACGTGGCTACTCGATTC,0,399394
acrBp,0.25,3,3,ACAACCGTTTGGTCAGCGCT,0,365032
acrBp,0.25,3,3,ACAACCGCTCTTCGAGACCA,0,371975
acrBp,0.25,3,3,AATTTGTAAGAATTGTACCT,0,395902
acrBp,0.25,3,3,AATTTGGCAGCGCATGCTTA,0,375269
acrBp,0.25,3,3,AATTGACTACGACGGTCTTT,0,406468
acrBp,0.25,3,3,AATTGAAAAGGACGAGTCGT,0,373236
acrBp,0.25,3,3,AATTCCCATTTAACATTTGT,0,380903
acrBp,0.25,3,3,AATTCCAGGCCTCTGGGCCT,0,407685
acrBp,0.25,3,3,AATGTTGTATAGTACAAGGC,0,356061
acrBp,0.25,3,3,AATGGTAATGCCAGGATATT,0,371584
acrBp,0.25,3,3,AATGCTTTGCACTTTTCCCT,0,400629
acrBp,0.25,3,3,AATGCTGTTTCTCTGGCCCA,0,374130
acrBp,0.25,3,3,AATGCCACTTCCTAGCTTTT,0,405524
acrBp,0.25,3,3,AATGCACTGATGGTTCAAAT,0,398059
acrBp,0.25,3,3,AATGAGGCGCTCGCGACTCG,0,403965
acrBp,0.25,3,3,AATCTTCATTGTCACACGTT,0,383787
acrBp,0.25,3,3,AATCTCCGTGGGCGTGTGAG,0,356500
acrBp,0.25,3,3,AATCGTGAACGATCCTGGCA,0,389796
acrBp,0.25,3,3,AATCGGTACAACGAAATAGG,0,396731
acrBp,0.25,3,3,AATCGGCAAAGTAGTCATAC,0,363272
acrBp,0.25,3,3,AATCATGTCTGTGACAATGA,0,380140
acrBp,0.25,3,3,AATACTTAGCCGGTTCTCAA,0,374356
acrBp,0.25,3,3,AATACTAAATCTGGCGAAGA,0,380429
acrBp,0.25,3,3,AATACCGTAACAGTTACGGT,0,406670
acrBp,0.25,3,3,AATACATTTCCAATGTAATA,0,371831
acrBp,0.25,3,3,AATAAGTCTGAGCTCGCTCG,0,356862
acrBp,0.25,3,3,AATAAGCGGTTGAGGTTCCG,0,375538
acrBp,0.25,3,3,AAGTTTGGGCTATCAGCCTT,0,373298
acrBp,0.25,3,3,AAGTTTCGCGCTAGCTTAGA,0,375277
acrBp,0.25,3,3,AAGTTTATTTAGGTAGAGTA,0,403028
acrBp,0.25,3,3,AAGTCCTAATGTACTGGTTG,0,383788
acrBp,0.25,3,3,AAGTCACGTGGGTGGCAATC,0,385035
acrBp,0.25,3,3,AAGTATTGTGTTTTGGTCTC,0,405529
acrBp,0.25,3,3,AAGTAAAGTCGTTCACAGCC,0,371721
acrBp,0.25,3,3,AAGGTGACACCATCTCTAGT,0,368893
acrBp,0.25,3,3,AAGGTCCCAACCTCTGGGCT,0,357905
acrBp,0.25,3,3,AAGGGGCCTCGCAAACGAAC,0,369548
acrBp,0.25,3,3,AAGGCTGTGTAAGGCTTAAT,0,393629
acrBp,0.25,3,3,AAGGCGGGAGTACTAATGTT,0,394655
acrBp,0.25,3,3,AAGGATCCCTTTCGTGCTCT,0,407270
acrBp,0.25,3,3,AAGGACAGATCAATCTGTCA,0,364294
acrBp,0.25,3,3,AAGCGTATAAGCACCAGACA,0,383007
acrBp,0.25,3,3,AAGATGTTTCGGGGTACAAG,0,391973
acrBp,0.25,3,3,AAGATAGCGTATAGTTTAGC,0,397799
acrBp,0.25,3,3,AAGACCGTCTTAAGTGATCT,0,384338
acrBp,0.25,3,3,AAGAATTATCTGAAGCCCAC,0,367535
acrBp,0.25,3,3,AACTTTGATGAAAATTGCCG,0,371876
acrBp,0.25,3,3,AACTTAGATTGGTGGGTTTT,0,387856
acrBp,0.25,3,3,AACTTACAGAAAGATGTCAA,0,365512
acrBp,0.25,3,3,AACTGTTTTGCGTTAAGTTA,0,372933
acrBp,0.25,3,3,AACTGGGTGCTTTGCCACTC,0,379689
acrBp,0.25,3,3,AACTGCAGTCACTCGGCCGT,0,391592
acrBp,0.25,3,3,AACTCATTCTTCGACCATAG,0,386751
acrBp,0.25,3,3,AACGGTTATACCAAGGTCGG,0,391336
acrBp,0.25,3,3,AACGGCCTATGCGCGGCAGA,0,402352
acrBp,0.25,3,3,AACGCTATCCGGCATGATCG,0,397924
acrBp,0.25,3,3,AACGCGGAAATTACTGAGTC,0,378773
acrBp,0.25,3,3,AACGCAGTGGAATACAAGCA,0,384971
acrBp,0.25,3,3,AACGATATAGGAGAGTGAAT,0,406283
acrBp,0.25,3,3,AACGAAATGACCCTCGTGAC,0,356425
acrBp,0.25,3,3,AACCTTCTAGTAGCAGTGTC,0,378572
acrBp,0.25,3,3,AACCTAGGTCGTACACACGG,0,399972
acrBp,0.25,3,3,AACCTACAACGTAGATTAAG,0,364397
acrBp,0.25,3,3,AACCGCGAGGGTAGGGACCT,0,380045
acrBp,0.25,3,3,AACCGATCGGCTATCTGTAA,0,372262
acrBp,0.25,3,3,AACCCGTCATCCGGTGACTC,0,360407
acrBp,0.25,3,3,AACCCGCTTTGACCGTTATG,0,396278
acrBp,0.25,3,3,AACCATATCACTTCCGTTTG,0,377658
acrBp,0.25,3,3,AACCACCCCGAAACGATAGG,0,405528
acrBp,0.25,3,3,AACATGCATACAACTATTCG,0,400555
acrBp,0.25,3,3,AACATCATTTTCCGCGGGGG,0,388617
acrBp,0.25,3,3,AACATACGTTCCTTAACCCC,0,405953
acrBp,0.25,3,3,AACAGAGACATCGATCTAAC,0,373240
acrBp,0.25,3,3,AACACTTTCACCCTTCGGGG,0,395284
acrBp,0.25,3,3,AACAATGGTTGATGCAGTAC,0,367111
acrBp,0.25,3,3,AAATTTACCGGCCTCCGGAA,0,369867
acrBp,0.25,3,3,AAATTGACCCTATTGCAAAC,0,380854
acrBp,0.25,3,3,AAATTACGTTTGTCTAGGGG,0,372149
acrBp,0.25,3,3,AAATGCTTGGTAGAACATTC,0,370749
acrBp,0.25,3,3,AAATGAAACCGTGCTGATTA,0,377093
acrBp,0.25,3,3,AAATATTGCAGCGAATCACC,0,360769
acrBp,0.25,3,3,AAAGGCAACCGTAGGCTCAG,0,355655
acrBp,0.25,3,3,AAAGACGTCACCACCTACGA,0,378805
acrBp,0.25,3,3,AAACTCGGAACTTCTCTATA,0,358489
acrBp,0.25,3,3,AAACGATACGCTTCGTACGG,0,378231
acrBp,0.25,3,3,AAACCACTACAAGCGTGAAA,0,385454
acrBp,0.25,3,3,AAACAGCTTACGCCCTTCCA,0,382292
acrBp,0.25,3,3,AAACACATAGGAACCGTCAC,0,358791
acrBp,0.25,3,3,AAAAGCCTCCCCTCATCGGC,0,375693
acrBp,0.25,3,3,AAAACTGGGCTTTCAGTAGG,0,400935
acrBp,0.25,3,3,AAAACGCTAACACTGTGGTA,0,402613
acrBp,0.25,3,3,AAAAAATAACTCGGTCACAT,0,402481
acrBp,0.25,3,3,AAAAAACCCAGCCAGTTAGA,0,390694
acrBp,0.3333333333333333,2,2,TTTTTGACTCCAGCGGTTAC,0,387511
acrBp,0.3333333333333333,2,2,TTTTTGACAATAAGGTCACC,0,401527
acrBp,0.3333333333333333,2,2,TTTTTCACAGTCTTATCGTC,0,368744
acrBp,0.3333333333333333,2,2,TTTTTACAAATGACGAGCCT,0,371762
acrBp,0.3333333333333333,2,2,TTTTTAATGAACAGTTAGAT,0,377984
acrBp,0.3333333333333333,2,2,TTTTGGCAGGAGTGTTCAGA,0,364800
acrBp,0.3333333333333333,2,2,TTTTGACATTAGTGCTCGTC,0,375791
acrBp,0.3333333333333333,2,2,TTTTCACGCGGCCATTCGCT,0,361308
acrBp,0.3333333333333333,2,2,TTTTCACAATAGAAAACCTT,0,400968
acrBp,0.3333333333333333,2,2,TTTTATTTACGCCTTCGTAC,0,370048
acrBp,0.3333333333333333,2,2,TTTTAGTTTTTTGGACCGTT,0,406526
acrBp,0.3333333333333333,2,2,TTTTAGGACGCACGGTAACA,0,357249
acrBp,0.3333333333333333,2,2,TTTTAATAAATATCTTATGT,0,361967
acrBp,0.3333333333333333,2,2,TTTGTTTAGGGCGGCGGCGG,0,355620
acrBp,0.3333333333333333,2,2,TTTGTCAAGTGGTCATCTCT,0,408353
acrBp,0.3333333333333333,2,2,TTTGGGTCACATCTAGATAA,0,373521
acrBp,0.3333333333333333,2,2,TTTGCGTTATTATGTTCGAA,0,367360
acrBp,0.3333333333333333,2,2,TTTGCGTGCTTTCCCCTTGG,0,375857
acrBp,0.3333333333333333,2,2,TTTGCCGCAAGCAACATGCT,0,365716
acrBp,0.3333333333333333,2,2,TTTGCCCCGCACCTATAGGT,0,380482
acrBp,0.3333333333333333,2,2,TTTGCATACACAGCTTATCT,0,387776
acrBp,0.3333333333333333,2,2,TTTGCAGGCATGTTATGTCC,0,370878
acrBp,0.3333333333333333,2,2,TTTGACATCGAAGATCCCAA,0,391873
acrBp,0.3333333333333333,2,2,TTTCTACAAATAGTGAGACC,0,388185
acrBp,0.3333333333333333,2,2,TTTCGGCTCATGGGATAATA,0,397993
acrBp,0.3333333333333333,2,2,TTTCGGAGCTTTGCACTCGG,0,387772
acrBp,0.3333333333333333,2,2,TTTCCGCGGGTGCAAAGTCG,0,399401
acrBp,0.3333333333333333,2,2,TTTCCATGTATTTCATAAGG,0,362094
acrBp,0.3333333333333333,2,2,TTTCATAACATTCGTTCGAT,0,368879
acrBp,0.3333333333333333,2,2,TTTAGTAAGTATAATCTGCA,0,357995
acrBp,0.3333333333333333,2,2,TTTACTCCACCGATAATACA,0,386037
acrBp,0.3333333333333333,2,2,TTGTCTTTAGTGGAAAAACC,0,373394
acrBp,0.3333333333333333,2,2,TTGTCTGGTTCGGTTAAGGG,0,405277
acrBp,0.3333333333333333,2,2,TTGTCTGCTTCGAACTGTCA,0,394022
acrBp,0.3333333333333333,2,2,TTGTATAGAAACGCATTCAC,0,383513
acrBp,0.3333333333333333,2,2,TTGTACGCATCGGAAAGAAA,0,393245
acrBp,0.3333333333333333,2,2,TTGTAATTTAGACTTGTGTA,0,390639
acrBp,0.3333333333333333,2,2,TTGGTCACTACGGATTTACT,0,385294
acrBp,0.3333333333333333,2,2,TTGGTCAACCGCCTACCTCA,0,356918
acrBp,0.3333333333333333,2,2,TTGGGGCGTGCGTCCCATGT,0,394958
acrBp,0.3333333333333333,2,2,TTGGCTCATGAGGCCGTTGC,0,392852
acrBp,0.3333333333333333,2,2,TTGGCTACCCCGCCATAAAG,0,356000
acrBp,0.3333333333333333,2,2,TTGGCTAACTGAAGCTGTAG,0,384713
acrBp,0.3333333333333333,2,2,TTGGAGGTCATCGGCGGCAT,0,401020
acrBp,0.3333333333333333,2,2,TTGCTGTGAAACAGCGTTGG,0,394642
acrBp,0.3333333333333333,2,2,TTGCTCTGCGTTCGCTCTGG,0,400016
acrBp,0.3333333333333333,2,2,TTGCGTTGGCACCAAGCGGG,0,362912
acrBp,0.3333333333333333,2,2,TTGCGTGCCCTTGAGGCAGT,0,379930
acrBp,0.3333333333333333,2,2,TTGCGGTAGCCTACGATGTT,0,399186
acrBp,0.3333333333333333,2,2,TTGCGCGTGCAAAAATTTAA,0,395513
acrBp,0.3333333333333333,2,2,TTGCCGGTGCTGGCTTCTCC,0,394306
acrBp,0.3333333333333333,2,2,TTGCATGCGTTGTTTTTAGG,0,355621
acrBp,0.3333333333333333,2,2,TTGACCGGGTCGGTCTTCCT,0,398741
acrBp,0.3333333333333333,2,2,TTGACCGACTAAGCACCCTT,0,366580
acrBp,0.3333333333333333,2,2,TTGAATAACGCCGGGTTGCA,0,369067
acrBp,0.3333333333333333,2,2,TTGAAAGAAGTCATCCCACG,0,393310
acrBp,0.3333333333333333,2,2,TTCTTTAACCAGGTTCCTCA,0,363010
acrBp,0.3333333333333333,2,2,TTCTTGTGATGTGTTTGGCA,0,386148
acrBp,0.3333333333333333,2,2,TTCTTAGTCCCGGTTTTACC,0,359671
acrBp,0.3333333333333333,2,2,TTCTTACCTCGGAGGTCTCG,0,396608
acrBp,0.3333333333333333,2,2,TTCTGGCAAGTGAAGATAGA,0,355279
acrBp,0.3333333333333333,2,2,TTCTCTTGAAGCTGTTGATG,0,381373
acrBp,0.3333333333333333,2,2,TTCTCGCGGACAGCTTAGAA,0,399588
acrBp,0.3333333333333333,2,2,TTCTCCCGATGAAGACGCGA,0,381785
acrBp,0.3333333333333333,2,2,TTCTCATACAAACAGTAGTG,0,374864
acrBp,0.3333333333333333,2,2,TTCTATTGCTTGGGTGGAAA,0,378381
acrBp,0.3333333333333333,2,2,TTCTAGTCCTTAGATGTAAC,0,391363
acrBp,0.3333333333333333,2,2,TTCTAGACCTTATGGCAGTC,0,377819
acrBp,0.3333333333333333,2,2,TTCTACGGTGTTCCTTCTGG,0,366227
acrBp,0.3333333333333333,2,2,TTCTACCGTCAAGGAACTTC,0,355553
acrBp,0.3333333333333333,2,2,TTCGTCCTCAAGGTCGCGCT,0,358043
acrBp,0.3333333333333333,2,2,TTCGTATTCTTCTATAAATG,0,373619
acrBp,0.3333333333333333,2,2,TTCGGGATCTCTCAAGCGCT,0,378243
acrBp,0.3333333333333333,2,2,TTCGGATTTTTGCCCCCAGT,0,382130
acrBp,0.3333333333333333,2,2,TTCGGACCCAGAGTGTGGCA,0,371914
acrBp,0.3333333333333333,2,2,TTCGCTAGGGGGTGGACGCT,0,400188
acrBp,0.3333333333333333,2,2,TTCGCGGCCACAGGGTTAGA,0,356994
acrBp,0.3333333333333333,2,2,TTCGCATTACCGAATACAAC,0,370665
acrBp,0.3333333333333333,2,2,TTCGCAGTACTAGACAACAG,0,377019
acrBp,0.3333333333333333,2,2,TTCCTCGACTTGCGCAGCAA,0,404846
acrBp,0.3333333333333333,2,2,TTCCGTGCGCACACATTTAT,0,360760
acrBp,0.3333333333333333,2,2,TTCCCATACAGACGAAATCA,0,375981
acrBp,0.3333333333333333,2,2,TTCCATATACCTGTGTTGTG,0,378872
acrBp,0.3333333333333333,2,2,TTCCAGCAACCATCGCGCAA,0,364133
acrBp,0.3333333333333333,2,2,TTCATCTCTCACACATCTCT,0,386156
acrBp,0.3333333333333333,2,2,TTCATAGCTGCAACTGCATA,0,388172
acrBp,0.3333333333333333,2,2,TTCAGGTATCCATTTTTGAG,0,391130
acrBp,0.3333333333333333,2,2,TTCAGGAGCGCTACCGTGGT,0,383416
acrBp,0.3333333333333333,2,2,TTCAGATTCAACCACGACGA,0,375243
acrBp,0.3333333333333333,2,2,TTCACCGTCTATAGTAAATA,0,398545
acrBp,0.3333333333333333,2,2,TTCAAGTAGACGTCGCCCAA,0,355329
acrBp,0.3333333333333333,2,2,TTCAAGACGTCCGGTTCGAC,0,377986
acrBp,0.3333333333333333,2,2,TTCAACGAAAAAGGAAATAC,0,374220
acrBp,0.3333333333333333,2,2,TTATTCACTGTGGGTGTACT,0,399639
acrBp,0.3333333333333333,2,2,TTATTAAGGTACTTTATAGT,0,368736
acrBp,0.3333333333333333,2,2,TTATCGTGCGGGGTGATTTC,0,375328
acrBp,0.3333333333333333,2,2,TTATAGCCTGGCCCCGGTCC,0,404698
acrBp,0.3333333333333333,2,2,TTATAGATTTGAAGGGAAAC,0,391796
acrBp,0.3333333333333333,2,2,TTAGTTGGTGAGATCAAGTG,0,371727
acrBp,0.3333333333333333,2,2,TTAGTTGACCAGATCATATA,0,405130
acrBp,0.3333333333333333,2,2,TTAGTTCGAGTTCGGGACAC,0,394010
acrBp,0.3333333333333333,2,2,TTAGTCCCTAGCAGGTGCCT,0,367666
acrBp,0.3333333333333333,2,2,TTAGCCTGGTGTTTATTAGA,0,368335
acrBp,0.3333333333333333,2,2,TTAGCAAGCCTCAACGGACG,0,380519
acrBp,0.3333333333333333,2,2,TTAGAATTGGAAGTAAGCGG,0,361107
acrBp,0.3333333333333333,2,2,TTACTTCCGTGGCGCACACG,0,389617
acrBp,0.3333333333333333,2,2,TTACTTAGATAGTCGTCCCA,0,397123
acrBp,0.3333333333333333,2,2,TTACTGGGAGAGATTCGAAA,0,400483
acrBp,0.3333333333333333,2,2,TTACTAGGCGTCCGCGACAG,0,358320
acrBp,0.3333333333333333,2,2,TTACGGGTTTTCACACCTTG,0,389984
acrBp,0.3333333333333333,2,2,TTACGAATCTCCTTCCAGAA,0,374617
acrBp,0.3333333333333333,2,2,TTACCGTGATGTCTTCAAGT,0,396491
acrBp,0.3333333333333333,2,2,TTACCGCTGATGCCTACAAA,0,361371
acrBp,0.3333333333333333,2,2,TTACACAACGTTAGCTAGCC,0,383233
acrBp,0.3333333333333333,2,2,TTAAGTTATGGAAACTGATC,0,391316
acrBp,0.3333333333333333,2,2,TTAAGCCGGCAGTTCATATA,0,359312
acrBp,0.3333333333333333,2,2,TTAAGAGGGGCTTTTGTAAC,0,398032
acrBp,0.3333333333333333,2,2,TTAACATTCCCTGGAGGAAA,0,357498
acrBp,0.3333333333333333,2,2,TTAACACGGTATGTGTTGTC,0,370423
acrBp,0.3333333333333333,2,2,TTAAAGCTACCCCTACCCCT,0,405180
acrBp,0.3333333333333333,2,2,TTAAAGCAATAAGCATGTCT,0,401469
acrBp,0.3333333333333333,2,2,TTAAACGCGCTAAGTCGGAT,0,370369
acrBp,0.3333333333333333,2,2,TGTTTCGATCTCGTACGGTA,0,364769
acrBp,0.3333333333333333,2,2,TGTTTAATTAGTCGGTTCAT,0,396081
acrBp,0.3333333333333333,2,2,TGTTGCAGAAATACTAAGCT,0,361752
acrBp,0.3333333333333333,2,2,TGTTGAGCGAACCACCGATC,0,363412
acrBp,0.3333333333333333,2,2,TGTTATCGAAGCTGCGATAT,0,408129
acrBp,0.3333333333333333,2,2,TGTTAAATCAATTGACTTAT,0,366300
acrBp,0.3333333333333333,2,2,TGTGTGAGCCTCTCAAGGCG,0,388713
acrBp,0.3333333333333333,2,2,TGTGGGATACAGAGTAGAAG,0,356744
acrBp,0.3333333333333333,2,2,TGTGCGTACGAAGTTTTGCA,0,371662
acrBp,0.3333333333333333,2,2,TGTGCGATAGAACCAGTCTG,0,372653
acrBp,0.3333333333333333,2,2,TGTGATACCGCGTCCGAAAA,0,399915
acrBp,0.3333333333333333,2,2,TGTGAGACCACCGAAATGCC,0,384135
acrBp,0.3333333333333333,2,2,TGTGACTTGTCTAGGACAGT,0,356239
acrBp,0.3333333333333333,2,2,TGTGAACCGGTCGAGTTTCT,0,376399
acrBp,0.3333333333333333,2,2,TGTCTCATTCTGCTGGAGGA,0,359714
acrBp,0.3333333333333333,2,2,TGTCTCAAAGTCGAGCAAAC,0,382679
acrBp,0.3333333333333333,2,2,TGTCTAGACATGGTTGTGCA,0,390996
acrBp,0.3333333333333333,2,2,TGTCGAACGGGTGCAGTTGC,0,376034
acrBp,0.3333333333333333,2,2,TGTCCTCTTTCCAGCTTTTG,0,394039
acrBp,0.3333333333333333,2,2,TGTCCGATTTATACTGGAAA,0,397430
acrBp,0.3333333333333333,2,2,TGTCCACCCTTAGTACGGCG,0,370188
acrBp,0.3333333333333333,2,2,TGTCAGAGGTAAGCAGGTGA,0,401576
acrBp,0.3333333333333333,2,2,TGTCAAGGGATACGACTTGA,0,363845
acrBp,0.3333333333333333,2,2,TGTATCGGGGATGATGCGAA,0,397692
acrBp,0.3333333333333333,2,2,TGTAGCGCTGAACCAGAACT,0,360224
acrBp,0.3333333333333333,2,2,TGTAGACTTAAGGGTAAATT,0,383725
acrBp,0.3333333333333333,2,2,TGTAATTTATCAGCTTGTCT,0,362631
acrBp,0.3333333333333333,2,2,TGTAAGGCACCTCCGGCCAT,0,389795
acrBp,0.3333333333333333,2,2,TGGTTCAAGTGGTAGCCCAG,0,377957
acrBp,0.3333333333333333,2,2,TGGTGCAATAGCAGTGGGCA,0,374870
acrBp,0.3333333333333333,2,2,TGGTCTAAGGTAACGTGGAT,0,361965
acrBp,0.3333333333333333,2,2,TGGTCGGTACGTCGAAAGAA,0,372930
acrBp,0.3333333333333333,2,2,TGGTAGTTGCTTGTGCTGAA,0,390094
acrBp,0.3333333333333333,2,2,TGGTAGGTTATTGGTAGATT,0,374698
acrBp,0.3333333333333333,2,2,TGGTACAAGAGACCATTTGG,0,383801
acrBp,0.3333333333333333,2,2,TGGGCAGACTGCCAACGACC,0,373455
acrBp,0.3333333333333333,2,2,TGGGATAAGAGTGACTCGTT,0,396320
acrBp,0.3333333333333333,2,2,TGGGAGATCATTAGAGAATT,0,364154
acrBp,0.3333333333333333,2,2,TGGGAAGCATGATGAGCAGT,0,362403
acrBp,0.3333333333333333,2,2,TGGCTTTAATTAACGGGATT,0,387866
acrBp,0.3333333333333333,2,2,TGGCTCTGGGGCGTATCGGT,0,363871
acrBp,0.3333333333333333,2,2,TGGCGGGGAGATACGATCTA,0,383035
acrBp,0.3333333333333333,2,2,TGGCCAGTGTATTCTAACAA,0,371658
acrBp,0.3333333333333333,2,2,TGGCCACGTGTGGCGCTCCG,0,368991
acrBp,0.3333333333333333,2,2,TGGCAAGCACTGAACTCCAT,0,405199
acrBp,0.3333333333333333,2,2,TGGCAACAATTGCAATGCAA,0,357545
acrBp,0.3333333333333333,2,2,TGGCAAATATTATTGAATGG,0,398429
acrBp,0.3333333333333333,2,2,TGGAGTGTCCACGACGACTG,0,384327
acrBp,0.3333333333333333,2,2,TGGAGTCCGTCCCTCAGATA,0,405504
acrBp,0.3333333333333333,2,2,TGGAGGTCCTTGCTCGGTCT,0,372905
acrBp,0.3333333333333333,2,2,TGGAGGCATGCGGGAACACA,0,384009
acrBp,0.3333333333333333,2,2,TGCTTGAATGCCTGTGCGAG,0,397104
acrBp,0.3333333333333333,2,2,TGCTTAATGATAGCTCTTCC,0,378497
acrBp,0.3333333333333333,2,2,TGCTCGGTCACAGGTTGTGG,0,371686
acrBp,0.3333333333333333,2,2,TGCTCGGCATTTGGCTCCTC,0,396685
acrBp,0.3333333333333333,2,2,TGCTCGCTTGAAATTCTGAT,0,408247
acrBp,0.3333333333333333,2,2,TGCTCCGCGGTTCACGAAAT,0,367896
acrBp,0.3333333333333333,2,2,TGCTAGACGACGCAACTATG,0,368826
acrBp,0.3333333333333333,2,2,TGCTAAAGACAAATGTTACA,0,386912
acrBp,0.3333333333333333,2,2,TGCGTTCTATTAATGAGGTT,0,370742
acrBp,0.3333333333333333,2,2,TGCGTGGTTGAGGTTAAAAT,0,401973
acrBp,0.3333333333333333,2,2,TGCGGAATTTTAAGGTCTTA,0,375528
acrBp,0.3333333333333333,2,2,TGCGCGTAATTGGAGAGGTG,0,404361
acrBp,0.3333333333333333,2,2,TGCCTTGGTCTATCCCTGTG,0,384692
acrBp,0.3333333333333333,2,2,TGCCTTAGCATCTTTAATGT,0,396463
acrBp,0.3333333333333333,2,2,TGCCCGCTTAAGGACGGGTG,0,406563
acrBp,0.3333333333333333,2,2,TGCCAAGAATCAACGCTTTT,0,371367
acrBp,0.3333333333333333,2,2,TGCATTTATAATTGTATTGT,0,366527
acrBp,0.3333333333333333,2,2,TGCATTCAGGAAACGGCTCA,0,365159
acrBp,0.3333333333333333,2,2,TGCATCAACGGGAAGCGGTC,0,407947
acrBp,0.3333333333333333,2,2,TGCAGGGTTATACCTCTGGC,0,389728
acrBp,0.3333333333333333,2,2,TGCACGTTATGGATGACAAT,0,355166
acrBp,0.3333333333333333,2,2,TGCACGTCACAAGCCGTTCG,0,380117
acrBp,0.3333333333333333,2,2,TGCAACACAGGTCTAGCTTA,0,396568
acrBp,0.3333333333333333,2,2,TGATTTTGGGGTGTTGGCAG,0,387243
acrBp,0.3333333333333333,2,2,TGATTGACGAACCTGCGGAT,0,373491
acrBp,0.3333333333333333,2,2,TGATGATCCGGACATCAGGC,0,382304
acrBp,0.3333333333333333,2,2,TGATCGAAATTCCGAGGTCT,0,396586
acrBp,0.3333333333333333,2,2,TGATAGAGTCAATCCACCAC,0,365582
acrBp,0.3333333333333333,2,2,TGAGTTCAATTGTCATAGAT,0,358720
acrBp,0.3333333333333333,2,2,TGAGGTTTTTTCAGTGGAAT,0,383076
acrBp,0.3333333333333333,2,2,TGAGGCGGATCCGAGTTAGA,0,376518
acrBp,0.3333333333333333,2,2,TGAGCTCTCGCTATGCTGAA,0,376421
acrBp,0.3333333333333333,2,2,TGAGATCTACGGACATGAAG,0,360521
acrBp,0.3333333333333333,2,2,TGACTTGGAGTCTCTGACCA,0,404748
acrBp,0.3333333333333333,2,2,TGACTGTACATTTTGATAGA,0,356610
acrBp,0.3333333333333333,2,2,TGACTCATTCATGCTCTGAT,0,391695
acrBp,0.3333333333333333,2,2,TGACGCGGACTATGCGCACT,0,403990
acrBp,0.3333333333333333,2,2,TGACGACCGACCGTCACCAC,0,358243
acrBp,0.3333333333333333,2,2,TGACGAAATAGTTTGCTCGC,0,393311
acrBp,0.3333333333333333,2,2,TGACCTCTCCCATGGTTAAG,0,368384
acrBp,0.3333333333333333,2,2,TGAATGCAACGTCATCGTCG,0,371877
acrBp,0.3333333333333333,2,2,TGAATAGATCGGGTTTCAGT,0,366778
acrBp,0.3333333333333333,2,2,TGAATACTGCAGCGGTCCAC,0,401518
acrBp,0.3333333333333333,2,2,TGAAGTTAACCTCAGAGCGT,0,358278
acrBp,0.3333333333333333,2,2,TGAAGTAACTTATGTAGGAT,0,360304
acrBp,0.3333333333333333,2,2,TGAAGGATCCTCCATCGGCA,0,387515
acrBp,0.3333333333333333,2,2,TGAAGCGTTGTAGATAATAC,0,369963
acrBp,0.3333333333333333,2,2,TGAACGAAGATATCGGGTTC,0,394041
acrBp,0.3333333333333333,2,2,TGAACCGAATCACTACATCC,0,401171
acrBp,0.3333333333333333,2,2,TCTTTCGGAGCGGCCTTTTG,0,391983
acrBp,0.3333333333333333,2,2,TCTTGAATGGAATAACAGCA,0,379548
acrBp,0.3333333333333333,2,2,TCTTATGAATCTATAGTTTA,0,383758
acrBp,0.3333333333333333,2,2,TCTTAGTAGCTTCCGCGCAG,0,386986
acrBp,0.3333333333333333,2,2,TCTTAACCCCACTTATATGT,0,391519
acrBp,0.3333333333333333,2,2,TCTGTATGCCCAAGAGTATT,0,363334
acrBp,0.3333333333333333,2,2,TCTGGCTTGGACTGGCATGT,0,374133
acrBp,0.3333333333333333,2,2,TCTGGCTAATTAATGGGCAT,0,365367
acrBp,0.3333333333333333,2,2,TCTGGATTGTAGGGCCTGTT,0,375880
acrBp,0.3333333333333333,2,2,TCTGCATTATTCCACCTCCA,0,407604
acrBp,0.3333333333333333,2,2,TCTGAGAAACGCCAAAATTT,0,359596
acrBp,0.3333333333333333,2,2,TCTGAACTAACGGTTCGGAG,0,406073
acrBp,0.3333333333333333,2,2,TCTCTTAACGTTTGTACGTT,0,368105
acrBp,0.3333333333333333,2,2,TCTCTGACAGAACCAAAAGC,0,406748
acrBp,0.3333333333333333,2,2,TCTCTACCGTTGCCCAAACC,0,395002
acrBp,0.3333333333333333,2,2,TCTCGATTGGTTTGTATGTG,0,382131
acrBp,0.3333333333333333,2,2,TCTATGGTACTCGGCCCGCG,0,401264
acrBp,0.3333333333333333,2,2,TCTACTTACAGATTTGTTAA,0,389960
acrBp,0.3333333333333333,2,2,TCTAAGATTTTAACCGCTCA,0,356458
acrBp,0.3333333333333333,2,2,TCGTTGTTGGCAGCGTGCCG,0,364462
acrBp,0.3333333333333333,2,2,TCGTAACGGGTACTATCGAG,0,407328
acrBp,0.3333333333333333,2,2,TCGGTTTATAATTTGCCATT,0,394003
acrBp,0.3333333333333333,2,2,TCGGGGCGCCTCGGGTCCTG,0,356151
acrBp,0.3333333333333333,2,2,TCGGGCTGGGCTTAGGCAAT,0,379190
acrBp,0.3333333333333333,2,2,TCGGGACACGTTTGGGTTAT,0,403564
acrBp,0.3333333333333333,2,2,TCGGCGTGGCTTTCCGTCTT,0,407898
acrBp,0.3333333333333333,2,2,TCGGCGGGCATTACCCTAGA,0,363278
acrBp,0.3333333333333333,2,2,TCGGCCCAGATAGATAAAAA,0,389803
acrBp,0.3333333333333333,2,2,TCGGATTTCTCAAGACGACT,0,405889
acrBp,0.3333333333333333,2,2,TCGGATGTGGTGTTCGCCCT,0,373456
acrBp,0.3333333333333333,2,2,TCGGAGAGAACGACTTTCCA,0,369352
acrBp,0.3333333333333333,2,2,TCGGAAGACTACCGTACAGG,0,372937
acrBp,0.3333333333333333,2,2,TCGCTGGTGAGTAGGTCATG,0,403960
acrBp,0.3333333333333333,2,2,TCGCTGCATGCCCTTTGAGC,0,365407
acrBp,0.3333333333333333,2,2,TCGCTCCGAAAGTGTGGTCC,0,361410
acrBp,0.3333333333333333,2,2,TCGCTAAGTAAGTCCTGGGG,0,360634
acrBp,0.3333333333333333,2,2,TCGCGCTAGTAGGCGTTGCA,0,401971
acrBp,0.3333333333333333,2,2,TCGATGTCTTTTGCAATAAG,0,366925
acrBp,0.3333333333333333,2,2,TCGAGTTAATGAAAGGTCTC,0,397405
acrBp,0.3333333333333333,2,2,TCGACCACAACTGTTGGTGC,0,365284
acrBp,0.3333333333333333,2,2,TCGAAGCCCTTTGTGTCAAG,0,356132
acrBp,0.3333333333333333,2,2,TCGAACGTACATAAACGACT,0,402203
acrBp,0.3333333333333333,2,2,TCCTCGCATTGGTTTAGCAA,0,371656
acrBp,0.3333333333333333,2,2,TCCTCCCAAGTATCCTGCAG,0,365342
acrBp,0.3333333333333333,2,2,TCCTCCATTCGAGTCTAAGA,0,368518
acrBp,0.3333333333333333,2,2,TCCGTTCGGAGAGCCCAGTT,0,385134
acrBp,0.3333333333333333,2,2,TCCGTATGTAACGCCACAGG,0,368754
acrBp,0.3333333333333333,2,2,TCCGGGGCACATGCCAACGT,0,389145
acrBp,0.3333333333333333,2,2,TCCGGGCTTAGATACGGCGT,0,357479
acrBp,0.3333333333333333,2,2,TCCGGGACGGTCTTTTATAA,0,376099
acrBp,0.3333333333333333,2,2,TCCGCGGTAATGTAAGAGCA,0,360615
acrBp,0.3333333333333333,2,2,TCCGCCAACTAAAATCAAGT,0,369106
acrBp,0.3333333333333333,2,2,TCCGATCTAGGATTACGCAT,0,389802
acrBp,0.3333333333333333,2,2,TCCGAGATGTGTAGGGGAAG,0,372036
acrBp,0.3333333333333333,2,2,TCCCGTGTACAAGGTCCGCA,0,380002
acrBp,0.3333333333333333,2,2,TCCCGGCCTATGAGCTTTAA,0,378053
acrBp,0.3333333333333333,2,2,TCCCGCGGACAATCTGGTAC,0,397900
acrBp,0.3333333333333333,2,2,TCCCGAACTCCATCGCGAGT,0,376405
acrBp,0.3333333333333333,2,2,TCCCATTTTTGGTTATCTCT,0,369064
acrBp,0.3333333333333333,2,2,TCCATGCAGTCGTCTTTCAG,0,365566
acrBp,0.3333333333333333,2,2,TCCAGTAGTTAGTGCACAAC,0,399839
acrBp,0.3333333333333333,2,2,TCCAGGTAGGACGTGTGTTG,0,403482
acrBp,0.3333333333333333,2,2,TCCAGGGCCGTATTCAATTC,0,396357
acrBp,0.3333333333333333,2,2,TCCACCTTCGGGTGAGCCTA,0,396760
acrBp,0.3333333333333333,2,2,TCCAAGGGAACCCTCCATAA,0,406340
acrBp,0.3333333333333333,2,2,TCCAACCATCCTCGAAAACC,0,386220
acrBp,0.3333333333333333,2,2,TCCAAACAGTATTGGAAATT,0,365475
acrBp,0.3333333333333333,2,2,TCATTCTCATTGCGAAATAT,0,383618
acrBp,0.3333333333333333,2,2,TCATTCCGTACCAGGGTACC,0,391481
acrBp,0.3333333333333333,2,2,TCATGTACTTCCATTGTGCG,0,404900
acrBp,0.3333333333333333,2,2,TCATGCCTCCATGAAACTGT,0,405115
acrBp,0.3333333333333333,2,2,TCATGCAGACACGCCTGAGC,0,388907
acrBp,0.3333333333333333,2,2,TCATCGAATGATCTAAGAAG,0,389454
acrBp,0.3333333333333333,2,2,TCATCCGGATCTGGCGCGTA,0,370879
acrBp,0.3333333333333333,2,2,TCATCATGGATTTACTGAAA,0,360335
acrBp,0.3333333333333333,2,2,TCATCAACCCGATGACCATT,0,355190
acrBp,0.3333333333333333,2,2,TCATATCTACTCCATTACAT,0,388203
acrBp,0.3333333333333333,2,2,TCATAGAGCAAGTGTAAGGG,0,359444
acrBp,0.3333333333333333,2,2,TCATACGCAGTACTTACCAT,0,387821
acrBp,0.3333333333333333,2,2,TCATAACTTTTGGAAATCTG,0,399951
acrBp,0.3333333333333333,2,2,TCAGTTACACATTACCTCGC,0,356553
acrBp,0.3333333333333333,2,2,TCAGGGCCAGGGGTGCGCAT,0,377474
acrBp,0.3333333333333333,2,2,TCAGGGACACAATGCTCTGG,0,397669
acrBp,0.3333333333333333,2,2,TCAGCTTGCCTCGTAGTCAA,0,374404
acrBp,0.3333333333333333,2,2,TCAGCTACGAAGCAATTAGT,0,394324
acrBp,0.3333333333333333,2,2,TCAGACTGTAGGGTTTTTCT,0,369480
acrBp,0.3333333333333333,2,2,TCAGAAGTGCGCATTCAGAC,0,365826
acrBp,0.3333333333333333,2,2,TCACTGCCGCACTCCGGTGT,0,408566
acrBp,0.3333333333333333,2,2,TCACGGCGAAAGTGGATGTC,0,367632
acrBp,0.3333333333333333,2,2,TCACGCCTAAGATAGAATGG,0,377496
acrBp,0.3333333333333333,2,2,TCACGAGCCATTTGTCCATC,0,364920
acrBp,0.3333333333333333,2,2,TCACAATGACACTCCTTTGG,0,369321
acrBp,0.3333333333333333,2,2,TCACAATACAGTGGGCGAAT,0,396624
acrBp,0.3333333333333333,2,2,TCACAAGTTTAATCAATTCG,0,392040
acrBp,0.3333333333333333,2,2,TCAATTCATTCGACAAGATG,0,362545
acrBp,0.3333333333333333,2,2,TCAATTAGCGTCATAAATCA,0,364315
acrBp,0.3333333333333333,2,2,TCAAGGACTTTGCCTGGAAG,0,370783
acrBp,0.3333333333333333,2,2,TCAAGGAACTGCTTCTTTTT,0,374347
acrBp,0.3333333333333333,2,2,TCAAGCTTGTGGCCTAATAA,0,367681
acrBp,0.3333333333333333,2,2,TCAAGAACCTGTAGCATAAT,0,389673
acrBp,0.3333333333333333,2,2,TCAACGGTCCCAGAAGGCAA,0,405503
acrBp,0.3333333333333333,2,2,TCAACGCACGCTTGGTTGAA,0,364072
acrBp,0.3333333333333333,2,2,TCAACCAGGACGCTAATGTC,0,386411
acrBp,0.3333333333333333,2,2,TATTTTGCGGATCTAAAAGA,0,387492
acrBp,0.3333333333333333,2,2,TATTTGGGTGTCTGGTAATA,0,387857
acrBp,0.3333333333333333,2,2,TATTTCATCCGTCTTAAGGT,0,357371
acrBp,0.3333333333333333,2,2,TATTGCGTTACACGTGTTGG,0,389772
acrBp,0.3333333333333333,2,2,TATTGATTATAAGGGCACGC,0,356467
acrBp,0.3333333333333333,2,2,TATTGAGAACGACAAGGCTC,0,389599
acrBp,0.3333333333333333,2,2,TATTCCTTTCTGAGGGGGAA,0,393894
acrBp,0.3333333333333333,2,2,TATTCAACGGCGAGATTCCT,0,377936
acrBp,0.3333333333333333,2,2,TATTATCGAAATAAGAATCT,0,358960
acrBp,0.3333333333333333,2,2,TATGTTTGGCTACGTTGAGT,0,380315
acrBp,0.3333333333333333,2,2,TATGTTCCCTACGGGATACT,0,370730
acrBp,0.3333333333333333,2,2,TATGGTCCCGGCTGTGAAAT,0,387485
acrBp,0.3333333333333333,2,2,TATGGGCGACTGTGAAACAA,0,379023
acrBp,0.3333333333333333,2,2,TATGGCACCCAGGGTATTCA,0,359108
acrBp,0.3333333333333333,2,2,TATGGCAATGGAAGTTGAGA,0,387321
acrBp,0.3333333333333333,2,2,TATGCTGAACCTAAGTTCCG,0,396945
acrBp,0.3333333333333333,2,2,TATCTATCCTGAGACCCTTG,0,387701
acrBp,0.3333333333333333,2,2,TATCGTCCCGCGCGAACGCG,0,405544
acrBp,0.3333333333333333,2,2,TATCGGACAGGACCTGCCCC,0,357433
acrBp,0.3333333333333333,2,2,TATCGCCTGTCTCTAAAACA,0,380344
acrBp,0.3333333333333333,2,2,TATCAATACGCGTCCCGCCA,0,407411
acrBp,0.3333333333333333,2,2,TATATTAGCACAAGGCCTAC,0,355786
acrBp,0.3333333333333333,2,2,TATATACGCCGTCAAGCTCA,0,390745
acrBp,0.3333333333333333,2,2,TATAGGAGGCCTCTTTAGTA,0,385432
acrBp,0.3333333333333333,2,2,TATAGCTGAGCTGGGACCAA,0,366268
acrBp,0.3333333333333333,2,2,TATAGCGGCCGATTAGGATT,0,368173
acrBp,0.3333333333333333,2,2,TATACTCACATTTGTATATA,0,400919
acrBp,0.3333333333333333,2,2,TATACACCTCTAGATTCGAT,0,372957
acrBp,0.3333333333333333,2,2,TAGGTGCATCTTTTAATGAT,0,359869
acrBp,0.3333333333333333,2,2,TAGGTCTTCTATAATAATCG,0,373535
acrBp,0.3333333333333333,2,2,TAGGGCTCGACGAGTGCCGT,0,402471
acrBp,0.3333333333333333,2,2,TAGGCTTAGCACTTGGCGAT,0,378212
acrBp,0.3333333333333333,2,2,TAGGATTGGCATAGATAAGG,0,371593
acrBp,0.3333333333333333,2,2,TAGCGGGGTATGACGCCGAA,0,372348
acrBp,0.3333333333333333,2,2,TAGCGCTATTCAACCCCGAG,0,370295
acrBp,0.3333333333333333,2,2,TAGCGATGGGCGGCAGATCG,0,398648
acrBp,0.3333333333333333,2,2,TAGCATCCCTCGTACGGTAA,0,359102
acrBp,0.3333333333333333,2,2,TAGCAATCAGTTAACTGATC,0,357615
acrBp,0.3333333333333333,2,2,TAGATTGCGAGGGGGGGTAC,0,390278
acrBp,0.3333333333333333,2,2,TAGAGGGCTATTTATAGCCA,0,392603
acrBp,0.3333333333333333,2,2,TAGAGCGCTCGTCTACGCGA,0,375936
acrBp,0.3333333333333333,2,2,TAGAACCCCACGGATCTTGC,0,357098
acrBp,0.3333333333333333,2,2,TACTTTCTTGTGTCATTCAG,0,406874
acrBp,0.3333333333333333,2,2,TACTTTCGGACCCTGGGGAC,0,386746
acrBp,0.3333333333333333,2,2,TACTTTACGTTTGGCCATTA,0,362601
acrBp,0.3333333333333333,2,2,TACTTACAGTCAAGAAACTC,0,384285
acrBp,0.3333333333333333,2,2,TACTGTTCAGTACATGAACG,0,371703
acrBp,0.3333333333333333,2,2,TACTGTGGATCAACGGTGCG,0,379899
acrBp,0.3333333333333333,2,2,TACTCGCGTCCACTCAAGAA,0,360339
acrBp,0.3333333333333333,2,2,TACTACGACCAAAAGGGCTA,0,398465
acrBp,0.3333333333333333,2,2,TACTAATGGATCTCTGGTAC,0,397120
acrBp,0.3333333333333333,2,2,TACGTCGATACGCAAAAAGA,0,401346
acrBp,0.3333333333333333,2,2,TACGTATAAAAGCGGTGGGT,0,402031
acrBp,0.3333333333333333,2,2,TACGTACGCAACCAGTATTG,0,358024
acrBp,0.3333333333333333,2,2,TACGGGTACGATGAGTCTTT,0,384937
acrBp,0.3333333333333333,2,2,TACGGCTACTACAAGATGGC,0,400746
acrBp,0.3333333333333333,2,2,TACGCTTGTTCCCCGCCGAG,0,399809
acrBp,0.3333333333333333,2,2,TACGCTCGGCGGACAAGTGG,0,362026
acrBp,0.3333333333333333,2,2,TACGCGCGCACAAGGCACGT,0,378755
acrBp,0.3333333333333333,2,2,TACGCGAAGGTTATCTGTAG,0,372158
acrBp,0.3333333333333333,2,2,TACGACATTAATGGGACGGC,0,361293
acrBp,0.3333333333333333,2,2,TACCTTCAAGCGGGTGTCTA,0,386004
acrBp,0.3333333333333333,2,2,TACCTGTATTGAGCGAAATA,0,391048
acrBp,0.3333333333333333,2,2,TACCTCTGGACTTGCGTGGC,0,367642
acrBp,0.3333333333333333,2,2,TACCCTGTGGCCCTTTTTTC,0,385039
acrBp,0.3333333333333333,2,2,TACCCACTAGTTTATGTTTG,0,385086
acrBp,0.3333333333333333,2,2,TACCATCGAAGCCCATGCGG,0,394431
acrBp,0.3333333333333333,2,2,TACATCTCAATCACTTCAAT,0,361435
acrBp,0.3333333333333333,2,2,TACATCGAGAACGAATAATG,0,397009
acrBp,0.3333333333333333,2,2,TACAGTATCAATTCTGTGAC,0,362197
acrBp,0.3333333333333333,2,2,TACAGCTCTTAGCTACGATC,0,395603
acrBp,0.3333333333333333,2,2,TACACTGACGGGAAATTCGT,0,396869
acrBp,0.3333333333333333,2,2,TACAATGGCGGGCTTTTACA,0,372390
acrBp,0.3333333333333333,2,2,TACAAGTATGATGTCACCGG,0,389578
acrBp,0.3333333333333333,2,2,TAATTCCGCTTTCTGGGTTT,0,406045
acrBp,0.3333333333333333,2,2,TAATGTCGGATTAGTCATGT,0,396903
acrBp,0.3333333333333333,2,2,TAATGGTTACGATGGGTATT,0,387149
acrBp,0.3333333333333333,2,2,TAATCAGATGAACCCGCTTT,0,390522
acrBp,0.3333333333333333,2,2,TAAGTCTGCACATTGAGGGG,0,408462
acrBp,0.3333333333333333,2,2,TAAGTACACAGTGCACGCGG,0,396840
acrBp,0.3333333333333333,2,2,TAAGTACAACGTGTGGAGAT,0,391330
acrBp,0.3333333333333333,2,2,TAAGCAAGGAGCGCAGCACC,0,391594
acrBp,0.3333333333333333,2,2,TAACTTGGTCTCTGCCTAAC,0,373714
acrBp,0.3333333333333333,2,2,TAACTTAAGAACGTGGCAAG,0,392762
acrBp,0.3333333333333333,2,2,TAACGTTCTCAAGCTGGGTT,0,383768
acrBp,0.3333333333333333,2,2,TAACGACGCTACTCTCTAAT,0,403280
acrBp,0.3333333333333333,2,2,TAACGAAAGTCAAAAGGGAC,0,406529
acrBp,0.3333333333333333,2,2,TAACCAGCTCTCTCTGGTAA,0,373198
acrBp,0.3333333333333333,2,2,TAACAATCAAAAACGGCAGG,0,374963
acrBp,0.3333333333333333,2,2,TAACAAGCTGCTCCTCGCCT,0,356167
acrBp,0.3333333333333333,2,2,TAACAAGATATGGGAGAGCC,0,364473
acrBp,0.3333333333333333,2,2,TAAATAGAGCACGAACATAT,0,372527
acrBp,0.3333333333333333,2,2,TAAAGTAGCCACATACCGTG,0,403781
acrBp,0.3333333333333333,2,2,TAAAGGTGTCGGGGGCAGAG,0,406103
acrBp,0.3333333333333333,2,2,TAAAGGTCGGGATATCCGCG,0,362615
acrBp,0.3333333333333333,2,2,TAAAGACCCTGTATAATCGA,0,356529
acrBp,0.3333333333333333,2,2,TAAACCTCGGCCCTATCTGG,0,383103
acrBp,0.3333333333333333,2,2,TAAAATTGGGTCAGAGTCCC,0,379125
acrBp,0.3333333333333333,2,2,GTTTTGAAATGGAGAGGGAT,0,395117
acrBp,0.3333333333333333,2,2,GTTTTCCAAAACTACCGGGG,0,377545
acrBp,0.3333333333333333,2,2,GTTTTCAAGACTCGTAGACC,0,374513
acrBp,0.3333333333333333,2,2,GTTTGGTAAAATAAAGGTGG,0,381189
acrBp,0.3333333333333333,2,2,GTTTGCTGGCCGAAGTTATA,0,367063
acrBp,0.3333333333333333,2,2,GTTTCTTTCTGCCCACTTAT,0,389838
acrBp,0.3333333333333333,2,2,GTTTCCTTTGCAGTGTTGGT,0,398485
acrBp,0.3333333333333333,2,2,GTTTCCCCTCTCCACGGGCA,0,362612
acrBp,0.3333333333333333,2,2,GTTTACTAGGAAGTCCGTTT,0,360093
acrBp,0.3333333333333333,2,2,GTTGTGCGACCATAACTATT,0,396510
acrBp,0.3333333333333333,2,2,GTTGTGCCCAGACCGGTGAT,0,398896
acrBp,0.3333333333333333,2,2,GTTGTGAATACCGAATGGAT,0,387747
acrBp,0.3333333333333333,2,2,GTTGTATCGCTGTATTATCA,0,373920
acrBp,0.3333333333333333,2,2,GTTGGAACCACTGCCATGCT,0,383915
acrBp,0.3333333333333333,2,2,GTTGCTGAACAGAGTTGGTA,0,393171
acrBp,0.3333333333333333,2,2,GTTGCACATCTCAGGTGCTA,0,392219
acrBp,0.3333333333333333,2,2,GTTGAAAGCGCCGCTTGTCT,0,367554
acrBp,0.3333333333333333,2,2,GTTGAAAGAGTGGTACATGG,0,385002
acrBp,0.3333333333333333,2,2,GTTCTGAGCCCCCGGCGAAA,0,366600
acrBp,0.3333333333333333,2,2,GTTCTAGTTTAGCTTGACGA,0,390666
acrBp,0.3333333333333333,2,2,GTTCCGGGGAGTATACCCGT,0,395935
acrBp,0.3333333333333333,2,2,GTTCCCCCCCAACCATGAAT,0,358682
acrBp,0.3333333333333333,2,2,GTTCCCATTAGTTAAATTTA,0,377611
acrBp,0.3333333333333333,2,2,GTTCCATAGCTGCTTGCTTA,0,388346
acrBp,0.3333333333333333,2,2,GTTATGCTCATACCTTACGC,0,378630
acrBp,0.3333333333333333,2,2,GTTATGCCACGCTCAGTAGT,0,387663
acrBp,0.3333333333333333,2,2,GTTAGGGACGACCAAGGGGT,0,407048
acrBp,0.3333333333333333,2,2,GTTAGCGAAAAGGTGTCTGG,0,393325
acrBp,0.3333333333333333,2,2,GTTACTCCAGCTGGTATAAT,0,358579
acrBp,0.3333333333333333,2,2,GTTACGCGAAATGCGATACT,0,379726
acrBp,0.3333333333333333,2,2,GTTACATATCCCGGGAGAGG,0,384920
acrBp,0.3333333333333333,2,2,GTTACAATTGAGGGCGGGCA,0,381404
acrBp,0.3333333333333333,2,2,GTTAATGCTTTCTTAAGTTG,0,384177
acrBp,0.3333333333333333,2,2,GTTAATGCGGGCTTTTGTAG,0,395496
acrBp,0.3333333333333333,2,2,GTTAAACCTTTCAGAGACGT,0,360418
acrBp,0.3333333333333333,2,2,GTGTTGGTCTCGACGACTTT,0,402921
acrBp,0.3333333333333333,2,2,GTGTGGATGCAAGTCATCCC,0,402824
acrBp,0.3333333333333333,2,2,GTGTCGCAGAAAGTACACAT,0,384296
acrBp,0.3333333333333333,2,2,GTGTAGGTAAATACACTCGT,0,407390
acrBp,0.3333333333333333,2,2,GTGTAGGCCCGGGGCAATCG,0,375573
acrBp,0.3333333333333333,2,2,GTGTACCTCGCACATAAGTA,0,368525
acrBp,0.3333333333333333,2,2,GTGGTTTGCGCGGTAGCAGG,0,377572
acrBp,0.3333333333333333,2,2,GTGGTTCGTTGCAGCTAGCG,0,376082
acrBp,0.3333333333333333,2,2,GTGGTCTGGTCTATGGTCCT,0,360871
acrBp,0.3333333333333333,2,2,GTGGTACACACCTTCGGTAG,0,364011
acrBp,0.3333333333333333,2,2,GTGGTAAGTCCGTTGGCTAT,0,383179
acrBp,0.3333333333333333,2,2,GTGGGGCATTATCCGCAGGG,0,388233
acrBp,0.3333333333333333,2,2,GTGGGCGGTATGGTATGGTA,0,364487
acrBp,0.3333333333333333,2,2,GTGGGAAATAGGGAATCGCA,0,400858
acrBp,0.3333333333333333,2,2,GTGGATACTGCACGTTCCAA,0,405939
acrBp,0.3333333333333333,2,2,GTGCCCGATTGATGCATTCC,0,357055
acrBp,0.3333333333333333,2,2,GTGCAGGTATCACGCCTGGA,0,397955
acrBp,0.3333333333333333,2,2,GTGCAAAGGTAATGATTACA,0,395222
acrBp,0.3333333333333333,2,2,GTGATGGGGCGGAACTACGG,0,366355
acrBp,0.3333333333333333,2,2,GTGATCGATGTTGACCACTA,0,369448
acrBp,0.3333333333333333,2,2,GTGATAGTGGAAAAGTTGCA,0,399484
acrBp,0.3333333333333333,2,2,GTGAGCTGTAGGTTAGACGT,0,377453
acrBp,0.3333333333333333,2,2,GTGACCCCCCGGGACTATGC,0,356018
acrBp,0.3333333333333333,2,2,GTGACCAGCGATCTGCAGCA,0,361775
acrBp,0.3333333333333333,2,2,GTGAATTCCACCTCGTAATT,0,374314
acrBp,0.3333333333333333,2,2,GTGAACCGGGTCTCCCTAAA,0,378922
acrBp,0.3333333333333333,2,2,GTCTTGTATATCAGATATTA,0,366166
acrBp,0.3333333333333333,2,2,GTCTTCCAGTTGTATTTCAT,0,388973
acrBp,0.3333333333333333,2,2,GTCTGTAATGCAACGGGAAA,0,368640
acrBp,0.3333333333333333,2,2,GTCTCTTGGCTAACATGCAG,0,407417
acrBp,0.3333333333333333,2,2,GTCTCGATCGTCCCTCCGTG,0,367906
acrBp,0.3333333333333333,2,2,GTCTCCGATCATGTAATCGG,0,359284
acrBp,0.3333333333333333,2,2,GTCTCAGATTCCTGGAGCGA,0,390389
acrBp,0.3333333333333333,2,2,GTCTCAATCCTCGTGTTCTC,0,398160
acrBp,0.3333333333333333,2,2,GTCTAGATGTTGCTGAGCCC,0,357841
acrBp,0.3333333333333333,2,2,GTCGTCGGATAACTAATCGG,0,388985
acrBp,0.3333333333333333,2,2,GTCGTAATCGGAGCCCTAGA,0,359106
acrBp,0.3333333333333333,2,2,GTCGGGTTGACTCTACCTAC,0,398660
acrBp,0.3333333333333333,2,2,GTCGGGTGAATGGCAGCTCC,0,382055
acrBp,0.3333333333333333,2,2,GTCGGCTACATCTTTTCGCA,0,393709
acrBp,0.3333333333333333,2,2,GTCGGATCATCCAGCAATAC,0,361251
acrBp,0.3333333333333333,2,2,GTCGCTCCAGTCACTGTCCC,0,400444
acrBp,0.3333333333333333,2,2,GTCGCTCAACCGTATCTGGG,0,356718
acrBp,0.3333333333333333,2,2,GTCGCAGCGTCAGACGGGAT,0,364471
acrBp,0.3333333333333333,2,2,GTCCGTGAAATATTAGCCAC,0,374978
acrBp,0.3333333333333333,2,2,GTCCGTATCGTACCCGGTAC,0,375449
acrBp,0.3333333333333333,2,2,GTCCGGCCCTTGGTTCCGAG,0,407009
acrBp,0.3333333333333333,2,2,GTCCCATCGGTGCGTCGCTG,0,370995
acrBp,0.3333333333333333,2,2,GTCCATTAGGAAGCGCAAGA,0,360325
acrBp,0.3333333333333333,2,2,GTCAGTACAACTACGGGTAT,0,358235
acrBp,0.3333333333333333,2,2,GTCAGGGGTCTCACTGGATG,0,360564
acrBp,0.3333333333333333,2,2,GTCAGCAATGATAGGTACAC,0,369276
acrBp,0.3333333333333333,2,2,GTCAATTGGTGACCACGCGA,0,393954
acrBp,0.3333333333333333,2,2,GTATTTGGTTTTGCGACCCG,0,358012
acrBp,0.3333333333333333,2,2,GTATTGAGCCAGAAACCTAC,0,401781
acrBp,0.3333333333333333,2,2,GTATTCACGCTAGGTACCAC,0,360219
acrBp,0.3333333333333333,2,2,GTATTATCCGGCGGAATACG,0,392893
acrBp,0.3333333333333333,2,2,GTATGTGAGCGATTCCGGAA,0,379615
acrBp,0.3333333333333333,2,2,GTATGGCGATAGACGCGCGG,0,388694
acrBp,0.3333333333333333,2,2,GTATGCTTCGCCTCAGCGCT,0,375170
acrBp,0.3333333333333333,2,2,GTATGAACTCACGCAGTACA,0,385131
acrBp,0.3333333333333333,2,2,GTATATTCATTAACCAGAGC,0,407295
acrBp,0.3333333333333333,2,2,GTATACCCCCGCGGCGAACT,0,398807
acrBp,0.3333333333333333,2,2,GTATAATGCTGGGCCTTAAC,0,375600
acrBp,0.3333333333333333,2,2,GTATAACCGATGCTTCGCGG,0,395618
acrBp,0.3333333333333333,2,2,GTAGTTAACAAGGTCTCTTT,0,389159
acrBp,0.3333333333333333,2,2,GTAGTCTGCTGACGGTAGCA,0,395916
acrBp,0.3333333333333333,2,2,GTAGTCAGGTTTAGCATATG,0,397085
acrBp,0.3333333333333333,2,2,GTAGGTCGGCCTTTCGGGTC,0,395858
acrBp,0.3333333333333333,2,2,GTAGGGTGATATATATCCTT,0,391268
acrBp,0.3333333333333333,2,2,GTAGGGTAGATAGAACGGCG,0,365815
acrBp,0.3333333333333333,2,2,GTAGCCCCCTTTGAACCTAA,0,382994
acrBp,0.3333333333333333,2,2,GTAGATGTCGGCATCTCGGG,0,364088
acrBp,0.3333333333333333,2,2,GTAGAGAGTCCGCCGGTACT,0,381973
acrBp,0.3333333333333333,2,2,GTACTCCCGATAGCAGGCTA,0,383744
acrBp,0.3333333333333333,2,2,GTACGGTGATCCTATTGTCA,0,374399
acrBp,0.3333333333333333,2,2,GTACGACGAAGAATCTTTGG,0,355879
acrBp,0.3333333333333333,2,2,GTACATCTTAGAAGGGTACG,0,398198
acrBp,0.3333333333333333,2,2,GTACAGGCAAAAGGCGGCAA,0,386185
acrBp,0.3333333333333333,2,2,GTACACCGAATCAAGCCGTG,0,377147
acrBp,0.3333333333333333,2,2,GTAATGTATTCGCGAGGGCT,0,403920
acrBp,0.3333333333333333,2,2,GTAAGGTTCCGACGTGGCGG,0,377867
acrBp,0.3333333333333333,2,2,GTAAGGAACTTTGCGGCTTC,0,369053
acrBp,0.3333333333333333,2,2,GTAAGCGTGCTTAAAGAGCT,0,359081
acrBp,0.3333333333333333,2,2,GTAAGCGGCCAGAGCTTCAT,0,377606
acrBp,0.3333333333333333,2,2,GTAAGATTAGCACGTCGTCC,0,376439
acrBp,0.3333333333333333,2,2,GTAAGACGTCCATTGGATGA,0,372202
acrBp,0.3333333333333333,2,2,GTAACTTTGCACCGTCATAA,0,360544
acrBp,0.3333333333333333,2,2,GTAACGAATATCCGGCTTCT,0,372893
acrBp,0.3333333333333333,2,2,GTAAAGGGCCAGCTCGCCCT,0,364169
acrBp,0.3333333333333333,2,2,GTAAAAAGTGCTATCACCTC,0,382891
acrBp,0.3333333333333333,2,2,GGTTTGTGGAATGGACTTCA,0,372337
acrBp,0.3333333333333333,2,2,GGTTTGCTCGTTAATCTTTG,0,404135
acrBp,0.3333333333333333,2,2,GGTTTCCTGGATGTTGGGCA,0,363628
acrBp,0.3333333333333333,2,2,GGTTTACCAATTACTTTAGG,0,359408
acrBp,0.3333333333333333,2,2,GGTTGTGCGGTGATATTTGA,0,400486
acrBp,0.3333333333333333,2,2,GGTTCACTTCAATGGGGTTA,0,382603
acrBp,0.3333333333333333,2,2,GGTTAAGTGGACGTCGATAT,0,394132
acrBp,0.3333333333333333,2,2,GGTTAAGATGATTGGTATTG,0,397697
acrBp,0.3333333333333333,2,2,GGTTAAAGAATGCTCCACAC,0,388888
acrBp,0.3333333333333333,2,2,GGTGTTCGTCGGAAATGACG,0,357368
acrBp,0.3333333333333333,2,2,GGTGGTTTAGGAACACGGGT,0,394649
acrBp,0.3333333333333333,2,2,GGTGGGTAATGGTGAGCCTC,0,397063
acrBp,0.3333333333333333,2,2,GGTGGCATGACGGGGTAGGC,0,405553
acrBp,0.3333333333333333,2,2,GGTGCTTTCTGCCCTGTGCT,0,395940
acrBp,0.3333333333333333,2,2,GGTGCTCGATCAATGTACTT,0,388465
acrBp,0.3333333333333333,2,2,GGTCTGACGAGGTACCATTG,0,365273
acrBp,0.3333333333333333,2,2,GGTCTATCGTGAATCGGGAG,0,369652
acrBp,0.3333333333333333,2,2,GGTCTAGGGGCGACACCCCC,0,355102
acrBp,0.3333333333333333,2,2,GGTCTAGCCTAGGCGCCCCG,0,365941
acrBp,0.3333333333333333,2,2,GGTCGTATATTACAGCCCGT,0,381956
acrBp,0.3333333333333333,2,2,GGTCGAGGTATAGTACCCCA,0,392449
acrBp,0.3333333333333333,2,2,GGTCCTAAAGTTCTGATTGG,0,358967
acrBp,0.3333333333333333,2,2,GGTAGTTTTTCGGAGTGAAC,0,404126
acrBp,0.3333333333333333,2,2,GGTACTTCCTCAGAGATTCG,0,363266
acrBp,0.3333333333333333,2,2,GGTACCTGGCGTTCATGTTG,0,356191
acrBp,0.3333333333333333,2,2,GGTACCGAAAGGCTCAAGGC,0,401655
acrBp,0.3333333333333333,2,2,GGGTGCTTTCATTCCAGCTC,0,355433
acrBp,0.3333333333333333,2,2,GGGTATGCTCAGGTCAAGTC,0,378523
acrBp,0.3333333333333333,2,2,GGGGTGACTTTCTGTACCTT,0,407343
acrBp,0.3333333333333333,2,2,GGGGTACCTAAGGCTAGATA,0,386233
acrBp,0.3333333333333333,2,2,GGGGGGTCAGGAGCGTCGTA,0,367909
acrBp,0.3333333333333333,2,2,GGGGGATCGGACACAAAGGC,0,395950
acrBp,0.3333333333333333,2,2,GGGGCTTAGAGCGTCTCCCG,0,368368
acrBp,0.3333333333333333,2,2,GGGGCTGTGTCACTGCACAT,0,356454
acrBp,0.3333333333333333,2,2,GGGGCACAAAGTTCATCTGT,0,394365
acrBp,0.3333333333333333,2,2,GGGGAGCCGCGAACCTACTG,0,391887
acrBp,0.3333333333333333,2,2,GGGGACAGAAGCCAGAATAC,0,366683
acrBp,0.3333333333333333,2,2,GGGCTGTCTATATGCAGTCA,0,378754
acrBp,0.3333333333333333,2,2,GGGCGTAACACTGCCGGGCG,0,392853
acrBp,0.3333333333333333,2,2,GGGCATGGCCCCAGCGGTGC,0,370524
acrBp,0.3333333333333333,2,2,GGGCAGTCTTATTGTTTCAC,0,364274
acrBp,0.3333333333333333,2,2,GGGATTTTTTGTTATTACTA,0,382893
acrBp,0.3333333333333333,2,2,GGGATGCTTTCCTACTGGCC,0,390322
acrBp,0.3333333333333333,2,2,GGGAGTTAGCGAAAACTTTA,0,393891
acrBp,0.3333333333333333,2,2,GGGAGGGAATCATCGGTACG,0,383613
acrBp,0.3333333333333333,2,2,GGGAGGCCTTTTCGCCTCCG,0,380800
acrBp,0.3333333333333333,2,2,GGGAGCTCCATGCTAATTCA,0,394179
acrBp,0.3333333333333333,2,2,GGGACCCTCGAGAGAGCTTC,0,397162
acrBp,0.3333333333333333,2,2,GGGAATCTCATTCAACTACG,0,387611
acrBp,0.3333333333333333,2,2,GGGAAAAGCAACCGGTGTTA,0,368404
acrBp,0.3333333333333333,2,2,GGCTTGCTTCAAATAAGCAG,0,362477
acrBp,0.3333333333333333,2,2,GGCTCGAAGAAAGGCACGTA,0,360507
acrBp,0.3333333333333333,2,2,GGCTAGTTACAGTATTATAG,0,381957
acrBp,0.3333333333333333,2,2,GGCTAGTAAAGCCTCGTCCA,0,379761
acrBp,0.3333333333333333,2,2,GGCTAGGTATCCTTGCTAAA,0,405405
acrBp,0.3333333333333333,2,2,GGCTACAATCACAGTGGCTG,0,359313
acrBp,0.3333333333333333,2,2,GGCGTAAAGTGGGATGTTTA,0,402717
acrBp,0.3333333333333333,2,2,GGCGTAAAGCAGTTGAACTT,0,355157
acrBp,0.3333333333333333,2,2,GGCGGCGCAAAGTCGGTTCA,0,371402
acrBp,0.3333333333333333,2,2,GGCGGAGACACCAGTCCGGT,0,361397
acrBp,0.3333333333333333,2,2,GGCGCCTACAGCGGGTCAGG,0,381830
acrBp,0.3333333333333333,2,2,GGCGATCCATGCCAAACTGA,0,371334
acrBp,0.3333333333333333,2,2,GGCGATCAGCTAGCACGGAA,0,384609
acrBp,0.3333333333333333,2,2,GGCCTGGAGTCGCGTGCGGT,0,382801
acrBp,0.3333333333333333,2,2,GGCCTCTAAGGCCTAACGCT,0,397072
acrBp,0.3333333333333333,2,2,GGCCGTCGTGCAGGTATGGA,0,383242
acrBp,0.3333333333333333,2,2,GGCCGACTGAGGAGAAAAAG,0,366130
acrBp,0.3333333333333333,2,2,GGCCATGAATTTCCACTCCG,0,385001
acrBp,0.3333333333333333,2,2,GGCCACACTCTATCGGATCA,0,367027
acrBp,0.3333333333333333,2,2,GGCCAAACGTCAGCTCGCCA,0,360574
acrBp,0.3333333333333333,2,2,GGCATGGTATGTTCCGGTCT,0,388599
acrBp,0.3333333333333333,2,2,GGCAGCACGGTTATATCACC,0,388928
acrBp,0.3333333333333333,2,2,GGCAGACAATATGCGGGTGT,0,372490
acrBp,0.3333333333333333,2,2,GGCACCTGGTATCGGGATCA,0,360228
acrBp,0.3333333333333333,2,2,GGCAATTAGATTGGACTCCG,0,358160
acrBp,0.3333333333333333,2,2,GGCAAATTCGCCTAACTAAC,0,383944
acrBp,0.3333333333333333,2,2,GGATTCGGAACTTTGGTGCA,0,360622
acrBp,0.3333333333333333,2,2,GGATGTTGGCGCGGGTCATG,0,363920
acrBp,0.3333333333333333,2,2,GGATGCTCTGGCTGTTTCGC,0,405574
acrBp,0.3333333333333333,2,2,GGATGAAGAATTAACGATGG,0,366603
acrBp,0.3333333333333333,2,2,GGATATCTATAAACGCCTTC,0,376691
acrBp,0.3333333333333333,2,2,GGATAGGTATAGGCATAAGA,0,369373
acrBp,0.3333333333333333,2,2,GGATAGCATGCACGGAGGAA,0,381104
acrBp,0.3333333333333333,2,2,GGATAATCAATGGTGGTCAT,0,356228
acrBp,0.3333333333333333,2,2,GGAGGTTACTTAGCTTGGGC,0,367287
acrBp,0.3333333333333333,2,2,GGAGGTGACCCGACCGAAGG,0,359075
acrBp,0.3333333333333333,2,2,GGAGGACTTTCGAGTGCCGG,0,373355
acrBp,0.3333333333333333,2,2,GGAGCGAAGGCCGAAGTGTC,0,358830
acrBp,0.3333333333333333,2,2,GGAGAGCGCTGTTTTCAGTC,0,382546
acrBp,0.3333333333333333,2,2,GGACTTAGAATGAATCTTCC,0,408351
acrBp,0.3333333333333333,2,2,GGACTGGAACGTGCTGTCCC,0,400824
acrBp,0.3333333333333333,2,2,GGACTCGTCCCACCGTCACA,0,401678
acrBp,0.3333333333333333,2,2,GGACTCCTATAATTAATAAG,0,362586
acrBp,0.3333333333333333,2,2,GGACTCACTCCGCCTTACTA,0,366311
acrBp,0.3333333333333333,2,2,GGACCTCGAACATTCAAGCG,0,376840
acrBp,0.3333333333333333,2,2,GGACAGATTCGCCCAGCTGA,0,373186
acrBp,0.3333333333333333,2,2,GGAATGTATGTTGTCGGGTA,0,377007
acrBp,0.3333333333333333,2,2,GGAAGTGGGTGTCTTCTTAT,0,395649
acrBp,0.3333333333333333,2,2,GGAAGAGAGTCCGCCTGTGT,0,384589
acrBp,0.3333333333333333,2,2,GGAAGAAGTGCAGTCTAGGA,0,394650
acrBp,0.3333333333333333,2,2,GGAAACTACAGGACAACAAC,0,371469
acrBp,0.3333333333333333,2,2,GGAAACGGTTTGAGAAGACG,0,364877
acrBp,0.3333333333333333,2,2,GGAAACAATTTAGAATTAGG,0,357038
acrBp,0.3333333333333333,2,2,GCTTGTCTTGCTCGAAGGTA,0,388575
acrBp,0.3333333333333333,2,2,GCTTGCGCTCCACTACTCCG,0,383516
acrBp,0.3333333333333333,2,2,GCTTGATTTGACGTCTATGT,0,359948
acrBp,0.3333333333333333,2,2,GCTTGATGCCATAAGGTACG,0,379794
acrBp,0.3333333333333333,2,2,GCTTCTCAAAAATACGAACG,0,404070
acrBp,0.3333333333333333,2,2,GCTTCCTTGCCGTTAAGCAT,0,372815
acrBp,0.3333333333333333,2,2,GCTTCAGAGCCTTTACTAGG,0,359064
acrBp,0.3333333333333333,2,2,GCTTATGTTACGCCGTTCAG,0,381127
acrBp,0.3333333333333333,2,2,GCTTATCACTACAGGGAGTA,0,396541
acrBp,0.3333333333333333,2,2,GCTTACAGATTTCGTGCGCC,0,386420
acrBp,0.3333333333333333,2,2,GCTGGTCGTACCGCGTATAA,0,378309
acrBp,0.3333333333333333,2,2,GCTGCGCGGGGGATGAGTTT,0,386149
acrBp,0.3333333333333333,2,2,GCTGCCGTTCAAGTCACGAG,0,376612
acrBp,0.3333333333333333,2,2,GCTCTGAAAAAATTGGTCAG,0,406092
acrBp,0.3333333333333333,2,2,GCTCTACGGAAGCAGTGAGG,0,395549
acrBp,0.3333333333333333,2,2,GCTCGGCCCGGAACGTCTAA,0,398040
acrBp,0.3333333333333333,2,2,GCTCGGATAATCTGATTCAG,0,389389
acrBp,0.3333333333333333,2,2,GCTCGGAGAGGAACAACGAC,0,383045
acrBp,0.3333333333333333,2,2,GCTCCGTCGCTGGGCCTCTT,0,373941
acrBp,0.3333333333333333,2,2,GCTCATAGGCGATATGATCA,0,368324
acrBp,0.3333333333333333,2,2,GCTCACTTCAACTGGGGTCT,0,357271
acrBp,0.3333333333333333,2,2,GCTATTCGCAAGCACCGTTA,0,405540
acrBp,0.3333333333333333,2,2,GCTATGAAGCGAAACGTAAG,0,389798
acrBp,0.3333333333333333,2,2,GCTATAAGTCTTGTAGGGGA,0,378562
acrBp,0.3333333333333333,2,2,GCTAGCTGGGTTTGTTTGGC,0,406740
acrBp,0.3333333333333333,2,2,GCTAGAGTAAGGGGAATTGG,0,396188
acrBp,0.3333333333333333,2,2,GCTACGCAAGGAAAGATCAT,0,366128
acrBp,0.3333333333333333,2,2,GCGTTCGACAGAACCCCGCG,0,357913
acrBp,0.3333333333333333,2,2,GCGTTCAAGAACCCCCTTAG,0,378705
acrBp,0.3333333333333333,2,2,GCGTGTTATTTGAGGAAATT,0,361538
acrBp,0.3333333333333333,2,2,GCGTGAATCTTCCAGAAAAT,0,355648
acrBp,0.3333333333333333,2,2,GCGTCGGCTCCATTGCTCTT,0,397246
acrBp,0.3333333333333333,2,2,GCGTCCTTCAGGTACCCCAA,0,404611
acrBp,0.3333333333333333,2,2,GCGTAGTACGCAGCATAGTC,0,359285
acrBp,0.3333333333333333,2,2,GCGGTTGCTGTAATACGATT,0,377278
acrBp,0.3333333333333333,2,2,GCGGTTCTCAAGTACATACA,0,362116
acrBp,0.3333333333333333,2,2,GCGGTGCTTTTACCATTTAG,0,389353
acrBp,0.3333333333333333,2,2,GCGGTCCAACGAAAGCTAGA,0,399380
acrBp,0.3333333333333333,2,2,GCGGGGAATCTACCGTCAAA,0,390169
acrBp,0.3333333333333333,2,2,GCGGCCACTGATAGCACCGA,0,392315
acrBp,0.3333333333333333,2,2,GCGCTTCGTGCGCGAGACCC,0,394797
acrBp,0.3333333333333333,2,2,GCGCTCCAGGTGGCGATCCC,0,385703
acrBp,0.3333333333333333,2,2,GCGCTAAGGGCGTGCCATTG,0,377816
acrBp,0.3333333333333333,2,2,GCGCATTCCCCGTTATAATA,0,377252
acrBp,0.3333333333333333,2,2,GCGCAGCGCTCCGAACAGGG,0,368766
acrBp,0.3333333333333333,2,2,GCGCACCTCTTACGCCCACG,0,406062
acrBp,0.3333333333333333,2,2,GCGATCTCGCTCTTATCAGC,0,362358
acrBp,0.3333333333333333,2,2,GCGAGTAGTTTCACAATCAA,0,402466
acrBp,0.3333333333333333,2,2,GCGAGGAGGGGGTGACATTA,0,356912
acrBp,0.3333333333333333,2,2,GCGACCGGGAAGCTATCTTT,0,406066
acrBp,0.3333333333333333,2,2,GCGACACCCTCAGATTCGGT,0,367408
acrBp,0.3333333333333333,2,2,GCGAACGCTCAGATTATAAA,0,359450
acrBp,0.3333333333333333,2,2,GCCTTCCTTATGCCACTAGA,0,378287
acrBp,0.3333333333333333,2,2,GCCTTCCTGTTTAGTAGTCC,0,388792
acrBp,0.3333333333333333,2,2,GCCTGAAGCGACGATTGAAC,0,362739
acrBp,0.3333333333333333,2,2,GCCTGAAAACAGTGGGCCTG,0,373208
acrBp,0.3333333333333333,2,2,GCCTCTTCTGTCGGCCGCTC,0,382260
acrBp,0.3333333333333333,2,2,GCCTCTTAGCACGTGTGCTT,0,355052
acrBp,0.3333333333333333,2,2,GCCTCGGATCCCCCGGTTAA,0,385462
acrBp,0.3333333333333333,2,2,GCCTAGGCCCGGTGTTAACG,0,356432
acrBp,0.3333333333333333,2,2,GCCTACTTCTCCTGTGTAAG,0,406791
acrBp,0.3333333333333333,2,2,GCCGTGGGAATCTGCTCGCA,0,360855
acrBp,0.3333333333333333,2,2,GCCGGTCTGGATGATGCGGT,0,388256
acrBp,0.3333333333333333,2,2,GCCGGGGGTTCAGCTCTTGG,0,382694
acrBp,0.3333333333333333,2,2,GCCGCGTACTGGTTCCGGGG,0,373551
acrBp,0.3333333333333333,2,2,GCCGCCGGATCGGTCGCGTC,0,408059
acrBp,0.3333333333333333,2,2,GCCCTCTTTCTCTTTTGGGA,0,404681
acrBp,0.3333333333333333,2,2,GCCCGGCGCTTTAAAAGTCA,0,390975
acrBp,0.3333333333333333,2,2,GCCCCCGCGCTCATGCATCA,0,366875
acrBp,0.3333333333333333,2,2,GCCCCAACACTAATCCGGTC,0,382126
acrBp,0.3333333333333333,2,2,GCCATGGAATAAGACCGCAA,0,371872
acrBp,0.3333333333333333,2,2,GCCATACCGGGTTCTAAGGA,0,361699
acrBp,0.3333333333333333,2,2,GCCAGGCACCGCGGGGCACG,0,379108
acrBp,0.3333333333333333,2,2,GCCAGAAGCTTTGCGGCTGG,0,398626
acrBp,0.3333333333333333,2,2,GCCACTCAGTCTTTTCGTTC,0,403141
acrBp,0.3333333333333333,2,2,GCCACCCGTACGCGTACAGG,0,384446
acrBp,0.3333333333333333,2,2,GCCACATGAAGCGTCCTCTA,0,363081
acrBp,0.3333333333333333,2,2,GCCAACTTTGTTGACAAGCT,0,372122
acrBp,0.3333333333333333,2,2,GCCAAATTTTGAAGCCTTGA,0,355939
acrBp,0.3333333333333333,2,2,GCATGTCCCTAGATCAGTAT,0,365145
acrBp,0.3333333333333333,2,2,GCATGGTGACGTTACTAGAA,0,382892
acrBp,0.3333333333333333,2,2,GCATGCATCGACTCCTCGAA,0,397899
acrBp,0.3333333333333333,2,2,GCATATGAAGACCCTAATAA,0,364372
acrBp,0.3333333333333333,2,2,GCATAACGAACAATCGTACC,0,371038
acrBp,0.3333333333333333,2,2,GCAGTTTTCAAGCGACTGTC,0,368626
acrBp,0.3333333333333333,2,2,GCAGTCTCGGCTCGGGGCGA,0,369974
acrBp,0.3333333333333333,2,2,GCAGTATCGCGTGCACCGAT,0,364159
acrBp,0.3333333333333333,2,2,GCAGGGTACAAACTAGCCGC,0,368221
acrBp,0.3333333333333333,2,2,GCAGGAACATGTCCTCTAAT,0,366693
acrBp,0.3333333333333333,2,2,GCAGATACGAGCCTCGCTCG,0,359242
acrBp,0.3333333333333333,2,2,GCACTATGGTAGACTGCTGA,0,358424
acrBp,0.3333333333333333,2,2,GCACGAAGAACAATCATAGC,0,403125
acrBp,0.3333333333333333,2,2,GCACCAGCGCGTATGCTAAG,0,408254
acrBp,0.3333333333333333,2,2,GCACATAGGCATCATTATGC,0,361841
acrBp,0.3333333333333333,2,2,GCACACATTTGCCCCCACGT,0,366187
acrBp,0.3333333333333333,2,2,GCAATAGTTGCCGTAAACAC,0,401131
acrBp,0.3333333333333333,2,2,GCAAGTACTTATCATGTGAG,0,365703
acrBp,0.3333333333333333,2,2,GCAAAGTTTTGTCCCTTTAG,0,373026
acrBp,0.3333333333333333,2,2,GCAAACTTGAAGGTTGACGG,0,375853
acrBp,0.3333333333333333,2,2,GATTTCTGTCCTTCACAATC,0,399147
acrBp,0.3333333333333333,2,2,GATTTCCCCCGGATCCGTGG,0,402785
acrBp,0.3333333333333333,2,2,GATTGTTACCGCACCAGAGA,0,381210
acrBp,0.3333333333333333,2,2,GATTGTCCGTGTAGGCGATA,0,404842
acrBp,0.3333333333333333,2,2,GATTGGGTGCAACTGTAGGG,0,395131
acrBp,0.3333333333333333,2,2,GATTGGCTTACCCGTGGTCT,0,373719
acrBp,0.3333333333333333,2,2,GATTGCGCTCCCGCGTAAGG,0,369592
acrBp,0.3333333333333333,2,2,GATTGACCGAATGGCCAAAT,0,378174
acrBp,0.3333333333333333,2,2,GATTCGCCTCCATGCACCCT,0,398142
acrBp,0.3333333333333333,2,2,GATTCCCCCCTCGCGCTCTG,0,371053
acrBp,0.3333333333333333,2,2,GATTATTCCTATAGGGCCTC,0,406263
acrBp,0.3333333333333333,2,2,GATGTCCGCAGACCGTCATC,0,367198
acrBp,0.3333333333333333,2,2,GATGGTGGCGAAAGCGACCT,0,402986
acrBp,0.3333333333333333,2,2,GATGGTATGATTCAAATTAT,0,375916
acrBp,0.3333333333333333,2,2,GATGCGTGACAGCGGGCGCT,0,368370
acrBp,0.3333333333333333,2,2,GATGCGGCTGACGACCCTGG,0,393684
acrBp,0.3333333333333333,2,2,GATGCGCACGTAGTTTTAAG,0,376654
acrBp,0.3333333333333333,2,2,GATGAACGACTTATTAAGGA,0,377529
acrBp,0.3333333333333333,2,2,GATCTTGGGGGAAATACAAA,0,388315
acrBp,0.3333333333333333,2,2,GATCCACGACGCGCGGACAG,0,375289
acrBp,0.3333333333333333,2,2,GATCATAACGGCTTGACAGA,0,360209
acrBp,0.3333333333333333,2,2,GATCAGTATCCGTCATGTAC,0,381569
acrBp,0.3333333333333333,2,2,GATAGGGTCAAAAGGGTGCT,0,380523
acrBp,0.3333333333333333,2,2,GATAGCGCATTGAACTGATC,0,374697
acrBp,0.3333333333333333,2,2,GATACTTGGACACAAGTGAT,0,375875
acrBp,0.3333333333333333,2,2,GATACGAACAACGAAGACGA,0,357323
acrBp,0.3333333333333333,2,2,GATAAACTCCAATGCGCCGC,0,361502
acrBp,0.3333333333333333,2,2,GAGTTTTCGCGGAGCAATCG,0,355238
acrBp,0.3333333333333333,2,2,GAGTTGGTAATCAACTCGGC,0,405846
acrBp,0.3333333333333333,2,2,GAGTGCGGTCGAGTGGCGCG,0,397133
acrBp,0.3333333333333333,2,2,GAGTGCCCGCTGACTTCGTA,0,403317
acrBp,0.3333333333333333,2,2,GAGTCGCGTGTGTACCTCAA,0,400706
acrBp,0.3333333333333333,2,2,GAGTAGTGCAAAGCTCATGA,0,397098
acrBp,0.3333333333333333,2,2,GAGTACTACCCGGTCGGCCG,0,407093
acrBp,0.3333333333333333,2,2,GAGTACCTTAAGCCCTACCT,0,386842
acrBp,0.3333333333333333,2,2,GAGGTATACGAACTCAGGAT,0,402841
acrBp,0.3333333333333333,2,2,GAGGGTTCGTCTACAAAGTG,0,395179
acrBp,0.3333333333333333,2,2,GAGGGGAAGTTTGAACGCTT,0,373527
acrBp,0.3333333333333333,2,2,GAGGGCAATACCTTAATACA,0,405302
acrBp,0.3333333333333333,2,2,GAGGCTTTTCGGTCATCGTT,0,368949
acrBp,0.3333333333333333,2,2,GAGGCGCTTATTGGGCATAA,0,384695
acrBp,0.3333333333333333,2,2,GAGGCCCGAATTGCACTTGT,0,380723
acrBp,0.3333333333333333,2,2,GAGGCCAGTCTCAATTCTAC,0,371500
acrBp,0.3333333333333333,2,2,GAGGCACTGAGCTGTCGATT,0,399589
acrBp,0.3333333333333333,2,2,GAGGATCGGGCAGTTTGTGT,0,374906
acrBp,0.3333333333333333,2,2,GAGGACGGTTTATCGCCAGA,0,382543
acrBp,0.3333333333333333,2,2,GAGCTTTTAAACCTCTACGA,0,390898
acrBp,0.3333333333333333,2,2,GAGCTTAGTACTAATCGTGC,0,386001
acrBp,0.3333333333333333,2,2,GAGCTGGTTTAACTCGCAGA,0,390542
acrBp,0.3333333333333333,2,2,GAGCGGAGCGAAGCACTTTC,0,394810
acrBp,0.3333333333333333,2,2,GAGCGCGCCCGGTGCTCGCA,0,373630
acrBp,0.3333333333333333,2,2,GAGCGAGCTAGAGCCGAGGC,0,365757
acrBp,0.3333333333333333,2,2,GAGCACTCCGTAGGTACGTG,0,374062
acrBp,0.3333333333333333,2,2,GAGACTACACATAGATTACG,0,393618
acrBp,0.3333333333333333,2,2,GAGACACGGGCGCATTCATT,0,405172
acrBp,0.3333333333333333,2,2,GAGAATCTGTGTCCCGTGTT,0,366782
acrBp,0.3333333333333333,2,2,GACTGTAGGTCTTCCTGTGC,0,388507
acrBp,0.3333333333333333,2,2,GACTGCCGTATAAAAAGTCT,0,375603
acrBp,0.3333333333333333,2,2,GACTCGTGATAAAACTGTAG,0,400805
acrBp,0.3333333333333333,2,2,GACTCGTATTTCAGGTTGAA,0,404672
acrBp,0.3333333333333333,2,2,GACTCGGACTACCAGGGAAC,0,381342
acrBp,0.3333333333333333,2,2,GACTCCACGCTCGGTAGCAA,0,389489
acrBp,0.3333333333333333,2,2,GACTATTCCACCGGGGAACA,0,391191
acrBp,0.3333333333333333,2,2,GACTATCGCCTTATTAGTGC,0,360394
acrBp,0.3333333333333333,2,2,GACGTTATGCAAAAGACCTA,0,375372
acrBp,0.3333333333333333,2,2,GACGGTATAATGAACAGCTG,0,399729
acrBp,0.3333333333333333,2,2,GACGGCCTCGCCGGCACCAC,0,386002
acrBp,0.3333333333333333,2,2,GACGCGGGACTTCTCAACGG,0,394617
acrBp,0.3333333333333333,2,2,GACCTTTTAAGGATCACTAC,0,380673
acrBp,0.3333333333333333,2,2,GACCTCATACCTATGCAGCT,0,382643
acrBp,0.3333333333333333,2,2,GACCGGGTGTCCATATCATA,0,367229
acrBp,0.3333333333333333,2,2,GACCGATCCCGCTGAACCCC,0,389868
acrBp,0.3333333333333333,2,2,GACCGATAGTCTATCACGCG,0,384295
acrBp,0.3333333333333333,2,2,GACCCGCAATTCATAGTGTT,0,406154
acrBp,0.3333333333333333,2,2,GACCACTTTGCGGGTGAAGT,0,389044
acrBp,0.3333333333333333,2,2,GACCACGACTTTCCAAGGTC,0,371076
acrBp,0.3333333333333333,2,2,GACATACAAAAATAAGTGTC,0,398407
acrBp,0.3333333333333333,2,2,GACAGTGGGTCATACGCGGA,0,394993
acrBp,0.3333333333333333,2,2,GACAGCTCGAGGCAATACCA,0,358200
acrBp,0.3333333333333333,2,2,GACAAATGTGAAGGAGGTCA,0,375650
acrBp,0.3333333333333333,2,2,GAATTTCGTTTTAGGATAGA,0,376886
acrBp,0.3333333333333333,2,2,GAATGCTAGCAGTCGTCAGA,0,357221
acrBp,0.3333333333333333,2,2,GAATGAGCCTGGTGAACGCC,0,378524
acrBp,0.3333333333333333,2,2,GAATAACTGCTGGCATGATG,0,388749
acrBp,0.3333333333333333,2,2,GAATAAAAGTCGGCCTGTAT,0,384590
acrBp,0.3333333333333333,2,2,GAAGTGTTCGCATCTACACG,0,371948
acrBp,0.3333333333333333,2,2,GAAGTAATGGGAGGAAGGCT,0,383955
acrBp,0.3333333333333333,2,2,GAAGAATTTGTAGCGAAAAG,0,385323
acrBp,0.3333333333333333,2,2,GAACACTTGATTGAGGCCCA,0,403695
acrBp,0.3333333333333333,2,2,GAAATGTCGATATGAGGCGG,0,379393
acrBp,0.3333333333333333,2,2,GAAATATACGGTTTGGTGTC,0,357053
acrBp,0.3333333333333333,2,2,GAAATACTAGGGCGAACACA,0,356943
acrBp,0.3333333333333333,2,2,GAAACCCCCCTTTCGAGTTC,0,373594
acrBp,0.3333333333333333,2,2,GAAAAGTATTGGGAACAGGC,0,356712
acrBp,0.3333333333333333,2,2,GAAAACACATGATAAGAGGT,0,380580
acrBp,0.3333333333333333,2,2,GAAAACAACCATGTGAATTC,0,360001
acrBp,0.3333333333333333,2,2,CTTTTGTAGCCGGTCAAGCA,0,406383
acrBp,0.3333333333333333,2,2,CTTTGACGCACACACGGATT,0,390927
acrBp,0.3333333333333333,2,2,CTTTCTTTCGGTGTCTACTA,0,403868
acrBp,0.3333333333333333,2,2,CTTTCTGTGGGCGACCCGAA,0,359594
acrBp,0.3333333333333333,2,2,CTTTCGCTTACGCGGGCTGT,0,392097
acrBp,0.3333333333333333,2,2,CTTTCCCAGATAACTTCAAG,0,378547
acrBp,0.3333333333333333,2,2,CTTTATGTTATAAATTACAA,0,396714
acrBp,0.3333333333333333,2,2,CTTTATACTATGAGGGTTTC,0,358491
acrBp,0.3333333333333333,2,2,CTTTACAGGTTTAGGCACAA,0,406244
acrBp,0.3333333333333333,2,2,CTTGTTGTTCCAGGGTGTCC,0,368849
acrBp,0.3333333333333333,2,2,CTTGTCTCTTCTTACATTGA,0,393657
acrBp,0.3333333333333333,2,2,CTTGTCGGGGAGCGGCATAA,0,391789
acrBp,0.3333333333333333,2,2,CTTGTCCTCCCGGCTGTCGC,0,375451
acrBp,0.3333333333333333,2,2,CTTGGCAGCAGCCCTGTGAA,0,384587
acrBp,0.3333333333333333,2,2,CTTGCTCATGCACAATCGCA,0,403315
acrBp,0.3333333333333333,2,2,CTTGCGAGACCATAGTAAGG,0,385941
acrBp,0.3333333333333333,2,2,CTTGAAACACGTTAGACGGT,0,397546
acrBp,0.3333333333333333,2,2,CTTCGAGCCGTGATAAGGAT,0,404850
acrBp,0.3333333333333333,2,2,CTTCGACGCAAACTACGGTC,0,362366
acrBp,0.3333333333333333,2,2,CTTCGAATAGTTCCATGGAA,0,379404
acrBp,0.3333333333333333,2,2,CTTCCGTCAACGCAGTAGAA,0,388376
acrBp,0.3333333333333333,2,2,CTTCATAACAAGCAGGGTCC,0,387280
acrBp,0.3333333333333333,2,2,CTTATTTTGCCGATACGGGT,0,382162
acrBp,0.3333333333333333,2,2,CTTATTAATATGCTATCCCA,0,372344
acrBp,0.3333333333333333,2,2,CTTATCGTTGTAATACTACA,0,390221
acrBp,0.3333333333333333,2,2,CTTATCGATACCCACACCGT,0,398427
acrBp,0.3333333333333333,2,2,CTTATATCACTACCAGAGCC,0,383400
acrBp,0.3333333333333333,2,2,CTTATACCGGGAAGTATTAT,0,396079
acrBp,0.3333333333333333,2,2,CTTAGTATGCACCGTATATG,0,401635
acrBp,0.3333333333333333,2,2,CTTAGCCTCCAAATTCGAAT,0,377627
acrBp,0.3333333333333333,2,2,CTTAGAAACAGCGAGTCATT,0,368878
acrBp,0.3333333333333333,2,2,CTGTTCCCCGGCTCCTAGGT,0,405622
acrBp,0.3333333333333333,2,2,CTGTGGGATGTTTCAAATAA,0,356212
acrBp,0.3333333333333333,2,2,CTGTCCGCAAGCTAGTTATG,0,392036
acrBp,0.3333333333333333,2,2,CTGTCAAGAAGAGGGCGGGC,0,402851
acrBp,0.3333333333333333,2,2,CTGTATCGCCCCGTCGGTAT,0,389655
acrBp,0.3333333333333333,2,2,CTGGTGTTCGGTACCAGCAT,0,405389
acrBp,0.3333333333333333,2,2,CTGGTCGATAGTGAGCTAGC,0,356922
acrBp,0.3333333333333333,2,2,CTGGGGGATAATTGTGTATG,0,405257
acrBp,0.3333333333333333,2,2,CTGGGCTAGTAAAACCATTC,0,399816
acrBp,0.3333333333333333,2,2,CTGGGCCGACGTTGTTGCGC,0,393170
acrBp,0.3333333333333333,2,2,CTGGGCCCCGTCTACCGTCA,0,357627
acrBp,0.3333333333333333,2,2,CTGGGAGTCACACATACCGT,0,365522
acrBp,0.3333333333333333,2,2,CTGGGAAGTAGCGGTAGATT,0,375094
acrBp,0.3333333333333333,2,2,CTGGCGAAAGAAGCGCTGCA,0,371311
acrBp,0.3333333333333333,2,2,CTGGAAGTAAAGATATACCA,0,377238
acrBp,0.3333333333333333,2,2,CTGCTCTGTGGTATTTATAG,0,387612
acrBp,0.3333333333333333,2,2,CTGCTAACTCTTTAACCCGT,0,383433
acrBp,0.3333333333333333,2,2,CTGCGAGTATATTAGTGCAG,0,376923
acrBp,0.3333333333333333,2,2,CTGCCGCTGGCGAGGCTGTT,0,359592
acrBp,0.3333333333333333,2,2,CTGCCAGCGAGCCGCGGAAC,0,357688
acrBp,0.3333333333333333,2,2,CTGCATGTTTGAGAGGTTTC,0,362119
acrBp,0.3333333333333333,2,2,CTGCATAAGATCTTGCGGTG,0,383272
acrBp,0.3333333333333333,2,2,CTGATTCCATTTCTCCGGTT,0,363966
acrBp,0.3333333333333333,2,2,CTGATGCATGCTACCACTTT,0,381100
acrBp,0.3333333333333333,2,2,CTGATATCTCAGCGTTAAAA,0,390645
acrBp,0.3333333333333333,2,2,CTGAGTTCGGAATCACGCGC,0,375967
acrBp,0.3333333333333333,2,2,CTGAAGGTCGGGTATTGACT,0,381080
acrBp,0.3333333333333333,2,2,CTGAAAGCACTAACTATTGC,0,372097
acrBp,0.3333333333333333,2,2,CTCTTTTCCGGAGTTGTTGG,0,359409
acrBp,0.3333333333333333,2,2,CTCTTTTATTGGTAGAAAAA,0,369761
acrBp,0.3333333333333333,2,2,CTCTTGGTCCTACCTGGAAT,0,380681
acrBp,0.3333333333333333,2,2,CTCTTACGGTGTATTCATTC,0,406250
acrBp,0.3333333333333333,2,2,CTCTCGACCAGGCCTATTGG,0,356163
acrBp,0.3333333333333333,2,2,CTCGTTCCATTCAGCAAAAC,0,361172
acrBp,0.3333333333333333,2,2,CTCGTGTGAGTATCTGTCAT,0,384292
acrBp,0.3333333333333333,2,2,CTCGTGCTTTGCAGAATTAC,0,381480
acrBp,0.3333333333333333,2,2,CTCGGTGGCCAAAGTTACTA,0,394952
acrBp,0.3333333333333333,2,2,CTCGCCCGATTAAAAAATAA,0,366401
acrBp,0.3333333333333333,2,2,CTCGCAACGCGTGGCGCTGC,0,395154
acrBp,0.3333333333333333,2,2,CTCGATGGTGCGGATTTAAA,0,388341
acrBp,0.3333333333333333,2,2,CTCGATCTACGCGTCCTAAT,0,361571
acrBp,0.3333333333333333,2,2,CTCGATAGTTGCCCTACGTA,0,355330
acrBp,0.3333333333333333,2,2,CTCGAAAATTCAAGTAGCGG,0,362038
acrBp,0.3333333333333333,2,2,CTCCTGGTAATATCCATATT,0,403094
acrBp,0.3333333333333333,2,2,CTCCGTTTGGTCTGGCGCAA,0,407760
acrBp,0.3333333333333333,2,2,CTCCGCTCACGTCACGTTCG,0,368050
acrBp,0.3333333333333333,2,2,CTCCGCCGGTTACACTCGCT,0,384437
acrBp,0.3333333333333333,2,2,CTCCCCGAGTTGTGCAGGCG,0,381662
acrBp,0.3333333333333333,2,2,CTCCACCGACCGCAGCAGTG,0,365944
acrBp,0.3333333333333333,2,2,CTCATGGAGCGCGGCGGCCC,0,398613
acrBp,0.3333333333333333,2,2,CTCACCCATATGACGGACGT,0,404716
acrBp,0.3333333333333333,2,2,CTATTTGTCTTCAAGAGGAT,0,398677
acrBp,0.3333333333333333,2,2,CTATCTGCGGATACTCCCCC,0,388585
acrBp,0.3333333333333333,2,2,CTATCGCATTTGTTGTGTCT,0,388800
acrBp,0.3333333333333333,2,2,CTATCGAGTGAGCCAAGATG,0,380802
acrBp,0.3333333333333333,2,2,CTATCCGCCCTTTCGGTCTA,0,357836
acrBp,0.3333333333333333,2,2,CTATATGTTACGGCTGGGTT,0,358765
acrBp,0.3333333333333333,2,2,CTAGTGTGTAGAGGAGCGCA,0,363611
acrBp,0.3333333333333333,2,2,CTAGTAGCCCAACACAACTC,0,363695
acrBp,0.3333333333333333,2,2,CTAGGTGTAACGCAGTCACT,0,406300
acrBp,0.3333333333333333,2,2,CTAGATAACGTATGTTCCAG,0,378769
acrBp,0.3333333333333333,2,2,CTAGAGTGGCACGCTAGCTT,0,368106
acrBp,0.3333333333333333,2,2,CTACTTTGTGTCTCGAGGGC,0,390723
acrBp,0.3333333333333333,2,2,CTACTGAAGGCATTACAATG,0,372347
acrBp,0.3333333333333333,2,2,CTACTCTAGAACTACAGTTG,0,360016
acrBp,0.3333333333333333,2,2,CTACGTTCGCGTATGTGCTT,0,373095
acrBp,0.3333333333333333,2,2,CTACCAGCTAGAGCTTTAAT,0,355202
acrBp,0.3333333333333333,2,2,CTACATGCTTCCGCTAGGAG,0,391802
acrBp,0.3333333333333333,2,2,CTACACGCGTAGGGATCATG,0,386124
acrBp,0.3333333333333333,2,2,CTACAAGTTCCCTGGAACCG,0,374767
acrBp,0.3333333333333333,2,2,CTACAACTGAATCGGACATA,0,373534
acrBp,0.3333333333333333,2,2,CTAATTTGTATCCGAAATTT,0,379571
acrBp,0.3333333333333333,2,2,CTAATGTGTGTTATCCATTC,0,362614
acrBp,0.3333333333333333,2,2,CTAATGAGCCCAGACGTGGA,0,395566
acrBp,0.3333333333333333,2,2,CTAAGCTTTTCCGTAGGGCG,0,380739
acrBp,0.3333333333333333,2,2,CGTTTCTAAAGTGCCAAGCC,0,403866
acrBp,0.3333333333333333,2,2,CGTTTACTCGACGCTCGGCA,0,408009
acrBp,0.3333333333333333,2,2,CGTTCGCGGATGGACATGAC,0,365139
acrBp,0.3333333333333333,2,2,CGTTCCTGCTACCAGAGCTC,0,383308
acrBp,0.3333333333333333,2,2,CGTTCACCATTTTTTGGGGA,0,356020
acrBp,0.3333333333333333,2,2,CGTTATCCCAAATGTGACGA,0,387831
acrBp,0.3333333333333333,2,2,CGTTACCCGTCAGGTGAGTG,0,393017
acrBp,0.3333333333333333,2,2,CGTGTACATTGGTGTCCTGG,0,357832
acrBp,0.3333333333333333,2,2,CGTGTAACGCTTACGCAACC,0,359923
acrBp,0.3333333333333333,2,2,CGTGGTAGCAACCCATGATG,0,379129
acrBp,0.3333333333333333,2,2,CGTGGGGGTTCATCTCCAGC,0,367078
acrBp,0.3333333333333333,2,2,CGTGGCAATCACTTAGATCC,0,393424
acrBp,0.3333333333333333,2,2,CGTGCGAAAAAAAAATCATT,0,380037
acrBp,0.3333333333333333,2,2,CGTGCCGTAGAAGATAAGTG,0,380250
acrBp,0.3333333333333333,2,2,CGTGCAGGAAGGCGCCAGTT,0,390915
acrBp,0.3333333333333333,2,2,CGTGATGCGAGCATCATATT,0,359563
acrBp,0.3333333333333333,2,2,CGTGAATTCCGTTGGGCAGT,0,364238
acrBp,0.3333333333333333,2,2,CGTCTGCATTGTTAGGTTCA,0,363987
acrBp,0.3333333333333333,2,2,CGTCGGCTATCCCCACATGG,0,405852
acrBp,0.3333333333333333,2,2,CGTCGCCTTTTACTAATAGT,0,397100
acrBp,0.3333333333333333,2,2,CGTCCCAATCTAATAATGTC,0,395635
acrBp,0.3333333333333333,2,2,CGTCAGTGCATTGTGGTTTC,0,356291
acrBp,0.3333333333333333,2,2,CGTATGGCTCCACACTGTTT,0,406980
acrBp,0.3333333333333333,2,2,CGTATCCGGCCACTCTATAT,0,404958
acrBp,0.3333333333333333,2,2,CGTAGTTAATTGGCATGACT,0,372436
acrBp,0.3333333333333333,2,2,CGTAGTAATGCCCTTTGGCT,0,372985
acrBp,0.3333333333333333,2,2,CGTAGGCGGCCGTGTTTTGC,0,387514
acrBp,0.3333333333333333,2,2,CGTAGCGGCAGTAGACGTGA,0,407367
acrBp,0.3333333333333333,2,2,CGTAATATCTTGGGTAAGGT,0,391860
acrBp,0.3333333333333333,2,2,CGTAACTCACTTGGGGAGAG,0,384215
acrBp,0.3333333333333333,2,2,CGTAAACCAGTCAAACTCCT,0,389552
acrBp,0.3333333333333333,2,2,CGGTTGGGATCCTCTAAGGC,0,368886
acrBp,0.3333333333333333,2,2,CGGTTCGAGAAAACCGCTAT,0,364510
acrBp,0.3333333333333333,2,2,CGGTGGCTTGTGTGACTCGA,0,406157
acrBp,0.3333333333333333,2,2,CGGTGCGAACCGGAGGACAC,0,366337
acrBp,0.3333333333333333,2,2,CGGTGACAGTTTGAAGGCTG,0,377824
acrBp,0.3333333333333333,2,2,CGGTCTGGGGGCATCGCGGT,0,388466
acrBp,0.3333333333333333,2,2,CGGTCTGCTCGGCAACCCTC,0,370477
acrBp,0.3333333333333333,2,2,CGGTCCTTGTTAACTACAGT,0,375695
acrBp,0.3333333333333333,2,2,CGGTCCACGAAACAGTAAGT,0,378436
acrBp,0.3333333333333333,2,2,CGGTCACCTATAACGTAGGT,0,361191
acrBp,0.3333333333333333,2,2,CGGTACGTTTGTCCGTTTAT,0,402980
acrBp,0.3333333333333333,2,2,CGGGTCCAAGTTGATTCAGA,0,376425
acrBp,0.3333333333333333,2,2,CGGGTAGATAATGATACTTA,0,388699
acrBp,0.3333333333333333,2,2,CGGGGGTCACCCGGGACGAC,0,394118
acrBp,0.3333333333333333,2,2,CGGGGCGGCACGATAAGAAC,0,360923
acrBp,0.3333333333333333,2,2,CGGGGAAGTCCATCATATGC,0,395941
acrBp,0.3333333333333333,2,2,CGGGCGGTGGTGGTGGAGTC,0,407544
acrBp,0.3333333333333333,2,2,CGGGCGAGAAAAAGAGGTCC,0,365563
acrBp,0.3333333333333333,2,2,CGGGCCGGGGGGCTCTTAAA,0,407387
acrBp,0.3333333333333333,2,2,CGGGCACTACCTTGATAAGT,0,380612
acrBp,0.3333333333333333,2,2,CGGGATGGTGAGCAAGGTGG,0,360768
acrBp,0.3333333333333333,2,2,CGGGAGGTGTACCATCACCC,0,368844
acrBp,0.3333333333333333,2,2,CGGGACACCGCTGACTAAAG,0,393972
acrBp,0.3333333333333333,2,2,CGGGAACGTGGCAGCTGACA,0,373817
acrBp,0.3333333333333333,2,2,CGGCTACCATGGCGGGATAA,0,363217
acrBp,0.3333333333333333,2,2,CGGCGGATGCCAAGTGTATC,0,372192
acrBp,0.3333333333333333,2,2,CGGCGCGAGTACTTCGTGCT,0,380772
acrBp,0.3333333333333333,2,2,CGGCCTCTGAACGCAGAGGT,0,396795
acrBp,0.3333333333333333,2,2,CGGCCGATCAATAACTTCGA,0,404646
acrBp,0.3333333333333333,2,2,CGGCCCGAATAAACCACCAA,0,406158
acrBp,0.3333333333333333,2,2,CGGCCATTTATTTGATATCC,0,383173
acrBp,0.3333333333333333,2,2,CGGCCAAACTACAAGGCCCG,0,403568
acrBp,0.3333333333333333,2,2,CGGCAATCAAGCGCTTAAAT,0,361985
acrBp,0.3333333333333333,2,2,CGGATTAATATCGTATACCG,0,365899
acrBp,0.3333333333333333,2,2,CGGATGCCAGATCAACCCAT,0,376130
acrBp,0.3333333333333333,2,2,CGGAGTGAAGCTGGGAGAAA,0,395473
acrBp,0.3333333333333333,2,2,CGGAGGGTAGCTTATTAGTA,0,399810
acrBp,0.3333333333333333,2,2,CGGAGGGCGCATGGACGGAT,0,403150
acrBp,0.3333333333333333,2,2,CGGAGGCCCTTTACCCATGC,0,406407
acrBp,0.3333333333333333,2,2,CGCTGCTCTCGGAATGTCCA,0,362133
acrBp,0.3333333333333333,2,2,CGCTGCCGGGCGGCGAGTAC,0,386863
acrBp,0.3333333333333333,2,2,CGCTCTGGACTATTGAAGTT,0,377663
acrBp,0.3333333333333333,2,2,CGCTCTCCACATGTTACACA,0,387983
acrBp,0.3333333333333333,2,2,CGCTCTAGCGTGACCCAATA,0,393531
acrBp,0.3333333333333333,2,2,CGCTCTACTTGGCAGCACTG,0,376402
acrBp,0.3333333333333333,2,2,CGCTCCTAATAAGGGACCAA,0,385910
acrBp,0.3333333333333333,2,2,CGCTCAACGCCTCTCTGAAT,0,359524
acrBp,0.3333333333333333,2,2,CGCTATTATAGTCGTAGTAA,0,374866
acrBp,0.3333333333333333,2,2,CGCGTTGTGATACGACGAAA,0,389091
acrBp,0.3333333333333333,2,2,CGCGGGGACTAGCCTTCCTG,0,359164
acrBp,0.3333333333333333,2,2,CGCGGGCGTGAACCGCGGTG,0,392925
acrBp,0.3333333333333333,2,2,CGCGGCCAGGGGTGGACTTG,0,385128
acrBp,0.3333333333333333,2,2,CGCGCTTATAGTTGCTTGTC,0,369150
acrBp,0.3333333333333333,2,2,CGCGCGCCACTTTTTCTCAT,0,356051
acrBp,0.3333333333333333,2,2,CGCGACTTTTTACGAATTCT,0,363164
acrBp,0.3333333333333333,2,2,CGCGACCGATGACGACCTGT,0,370210
acrBp,0.3333333333333333,2,2,CGCCTCCGATTATGAGCGCT,0,407431
acrBp,0.3333333333333333,2,2,CGCCGGGTAGACTTACTTTC,0,361278
acrBp,0.3333333333333333,2,2,CGCCGGATAAGAGCGCAAAT,0,359266
acrBp,0.3333333333333333,2,2,CGCCCGCGTATTTTAGACTG,0,388734
acrBp,0.3333333333333333,2,2,CGCCCGCACCCAGGGTTATC,0,408176
acrBp,0.3333333333333333,2,2,CGCCCCTGGCGCAACCGACC,0,368123
acrBp,0.3333333333333333,2,2,CGCATGTTCGCGGCGCGGCC,0,375205
acrBp,0.3333333333333333,2,2,CGCATATTCTGATTTCTGAA,0,394638
acrBp,0.3333333333333333,2,2,CGCAGTGTCTGACTAAGATG,0,362276
acrBp,0.3333333333333333,2,2,CGCAGTGAAGCCTCTAATAG,0,384263
acrBp,0.3333333333333333,2,2,CGCACGCCCTAAATCAGCTT,0,394459
acrBp,0.3333333333333333,2,2,CGCAATGATTACATGAGAAA,0,401212
acrBp,0.3333333333333333,2,2,CGCAATCATCGCCCGAACTG,0,369068
acrBp,0.3333333333333333,2,2,CGCAACAGTGGCAATTCGAA,0,365443
acrBp,0.3333333333333333,2,2,CGATTTTCTCCTGGTCTCCA,0,389841
acrBp,0.3333333333333333,2,2,CGATTGCATCATGCCGCTCA,0,364121
acrBp,0.3333333333333333,2,2,CGATGCGGTCTCGGGTAGAT,0,399784
acrBp,0.3333333333333333,2,2,CGATGCATTAGACGTCGGAT,0,408565
acrBp,0.3333333333333333,2,2,CGATCTTTGCCAACGTGTCC,0,381327
acrBp,0.3333333333333333,2,2,CGATATTCATTACACTCGCA,0,367108
acrBp,0.3333333333333333,2,2,CGATACAATATTCTATAGGA,0,363956
acrBp,0.3333333333333333,2,2,CGAGGTCCGCCTAGAATGGT,0,404809
acrBp,0.3333333333333333,2,2,CGAGGGCATTAATAGATTGG,0,392362
acrBp,0.3333333333333333,2,2,CGAGGCGCAGTGGCATTTGG,0,367136
acrBp,0.3333333333333333,2,2,CGAGGATACGCCTGTACAAT,0,369156
acrBp,0.3333333333333333,2,2,CGAGGAGTTCTCTGCACGAA,0,362097
acrBp,0.3333333333333333,2,2,CGAGCTTGCCTCACATACCT,0,397114
acrBp,0.3333333333333333,2,2,CGAGAAGGGCTGCGCGTCCA,0,370341
acrBp,0.3333333333333333,2,2,CGACGTAGATGGGCCAATAA,0,396150
acrBp,0.3333333333333333,2,2,CGACGGTTATATTTCGTAAC,0,375052
acrBp,0.3333333333333333,2,2,CGACGGCTCATCCGCTAATC,0,381576
acrBp,0.3333333333333333,2,2,CGACCTAGTCACAACAAGCC,0,387911
acrBp,0.3333333333333333,2,2,CGACCGTCCTCGAGGACCTA,0,371483
acrBp,0.3333333333333333,2,2,CGACCGCCTACTTGTGTAGT,0,408358
acrBp,0.3333333333333333,2,2,CGACACCATACCAATGTCCA,0,359061
acrBp,0.3333333333333333,2,2,CGAAGGGTTCTCGCCGGTTG,0,389335
acrBp,0.3333333333333333,2,2,CGAAGCGTTATTCCGTTACC,0,374929
acrBp,0.3333333333333333,2,2,CGAAGCCGGCTCGACCAGCT,0,407856
acrBp,0.3333333333333333,2,2,CGAACCGCATGTAACCTAGG,0,355432
acrBp,0.3333333333333333,2,2,CGAAAGTTAAAACGATGGAT,0,405194
acrBp,0.3333333333333333,2,2,CCTTTGCGGATTTTAACAGC,0,397603
acrBp,0.3333333333333333,2,2,CCTTTGCACTAGGCGTAAAT,0,384741
acrBp,0.3333333333333333,2,2,CCTTTGAGTGTATCGGAATT,0,393721
acrBp,0.3333333333333333,2,2,CCTTGTGGTCTTGGCGTTCG,0,359203
acrBp,0.3333333333333333,2,2,CCTTGGCTGCCCCTCTAGTT,0,391365
acrBp,0.3333333333333333,2,2,CCTTGCAATACTAAGTAGAC,0,372150
acrBp,0.3333333333333333,2,2,CCTTGCAAGTCACGCTGCTT,0,389296
acrBp,0.3333333333333333,2,2,CCTTGAACAGATCGTAACTA,0,401158
acrBp,0.3333333333333333,2,2,CCTTCGATTAATGCTAGATG,0,391058
acrBp,0.3333333333333333,2,2,CCTTATGAAGATTAAAAACC,0,358261
acrBp,0.3333333333333333,2,2,CCTTAGAGGCGCACTTTGAG,0,399021
acrBp,0.3333333333333333,2,2,CCTGTTCCCGCACTCGCCCT,0,372375
acrBp,0.3333333333333333,2,2,CCTGTGTGGATACGAACATA,0,371292
acrBp,0.3333333333333333,2,2,CCTGTAAGCTACTCGACTTA,0,373269
acrBp,0.3333333333333333,2,2,CCTCTGGCGCGCGGGCACAT,0,356364
acrBp,0.3333333333333333,2,2,CCTCTGACACGCTAGTGCTG,0,387930
acrBp,0.3333333333333333,2,2,CCTCTCAACCCGAGTGTAAC,0,366965
acrBp,0.3333333333333333,2,2,CCTCGTGTCTTATCTTCGCT,0,380198
acrBp,0.3333333333333333,2,2,CCTCGTGCCAGCGGAAGTCG,0,392776
acrBp,0.3333333333333333,2,2,CCTCGGGGCTTGAACCCCAT,0,357468
acrBp,0.3333333333333333,2,2,CCTCGAGTTAAGTGCGTGAC,0,365761
acrBp,0.3333333333333333,2,2,CCTCCGCGTCTCAGACAAAA,0,363163
acrBp,0.3333333333333333,2,2,CCTCCCATCGGATCGAAGGA,0,364852
acrBp,0.3333333333333333,2,2,CCTCATAAGTGTCCCCCAGT,0,359295
acrBp,0.3333333333333333,2,2,CCTCAGACGCGCGCTGCGAA,0,363867
acrBp,0.3333333333333333,2,2,CCTCAACGGGTGGCACTCGA,0,381047
acrBp,0.3333333333333333,2,2,CCTATGAGGTGCAGCCGATA,0,390506
acrBp,0.3333333333333333,2,2,CCTAGTGGACCCAGGGTAAT,0,366139
acrBp,0.3333333333333333,2,2,CCTAGTGCCGCAAGTACGTG,0,396338
acrBp,0.3333333333333333,2,2,CCTAGTCAAACGCTCCGGTA,0,378969
acrBp,0.3333333333333333,2,2,CCTAATAATGTTAATTCTTA,0,360648
acrBp,0.3333333333333333,2,2,CCTAACGGGAAATATGGATT,0,376675
acrBp,0.3333333333333333,2,2,CCTAACAATGTTGGGTACCA,0,357589
acrBp,0.3333333333333333,2,2,CCTAAAGCAATAAAGTAAAC,0,383144
acrBp,0.3333333333333333,2,2,CCTAAACTACTAAAGACAAC,0,394853
acrBp,0.3333333333333333,2,2,CCTAAACGTGATGCGCGTAA,0,356788
acrBp,0.3333333333333333,2,2,CCTAAACAGGTCGGGGGGTT,0,368530
acrBp,0.3333333333333333,2,2,CCGTTCGTGCGGTGACGGAC,0,368298
acrBp,0.3333333333333333,2,2,CCGTGGTCTTGAAGTGACTA,0,366129
acrBp,0.3333333333333333,2,2,CCGTCTTCAATTGTGGTTTC,0,395130
acrBp,0.3333333333333333,2,2,CCGTCTAGGCCTAGGAGATG,0,380185
acrBp,0.3333333333333333,2,2,CCGTCCACACGGCTGACGTA,0,358065
acrBp,0.3333333333333333,2,2,CCGTACTCTTCGTTGTGTCA,0,376024
acrBp,0.3333333333333333,2,2,CCGTACGTTGATATGGATCC,0,370134
acrBp,0.3333333333333333,2,2,CCGTACCGCGGCACCAAAAG,0,361697
acrBp,0.3333333333333333,2,2,CCGGTCTCCAGGTCCATGTC,0,356468
acrBp,0.3333333333333333,2,2,CCGGTCGGTTGGCCTTTATG,0,365289
acrBp,0.3333333333333333,2,2,CCGGGTCAGGCGGAGCAATC,0,357713
acrBp,0.3333333333333333,2,2,CCGGGCCAGGTGATCGGGGG,0,372256
acrBp,0.3333333333333333,2,2,CCGGCCGTTCCGTCAGCGCA,0,365699
acrBp,0.3333333333333333,2,2,CCGGATGGTCATAATAGCTC,0,369030
acrBp,0.3333333333333333,2,2,CCGGAAGATGATGGGGATAC,0,402364
acrBp,0.3333333333333333,2,2,CCGCTGACTAAAGCGCTCCG,0,401638
acrBp,0.3333333333333333,2,2,CCGCGAGTCAATACCCGTGT,0,403220
acrBp,0.3333333333333333,2,2,CCGCCTGAGCCGTTGCCCTT,0,368930
acrBp,0.3333333333333333,2,2,CCGCCATGTCTCATCATACT,0,382958
acrBp,0.3333333333333333,2,2,CCGATGTAGCCAATAGATTG,0,378086
acrBp,0.3333333333333333,2,2,CCGATGGGGCAACATAAGAG,0,367855
acrBp,0.3333333333333333,2,2,CCGATCGCCTCGGCGGTTAG,0,372956
acrBp,0.3333333333333333,2,2,CCGAGTCTTGTAATTGTCTT,0,377652
acrBp,0.3333333333333333,2,2,CCGAGCACCGATGCTCCGGT,0,369463
acrBp,0.3333333333333333,2,2,CCCTGTTGAGACTGACCGGC,0,402725
acrBp,0.3333333333333333,2,2,CCCTGCCCGTGTTAAAAATT,0,391493
acrBp,0.3333333333333333,2,2,CCCTGCAGTACTGGTGTGTC,0,384821
acrBp,0.3333333333333333,2,2,CCCTCTGTACTGTCTGTTTC,0,361872
acrBp,0.3333333333333333,2,2,CCCTCTCTTGCATCATTCGG,0,370849
acrBp,0.3333333333333333,2,2,CCCTCGTTACGGGAAGCCTG,0,404247
acrBp,0.3333333333333333,2,2,CCCTCCTGAATTACCTACGT,0,381216
acrBp,0.3333333333333333,2,2,CCCTCCTCCATGGTCTCCGC,0,370147
acrBp,0.3333333333333333,2,2,CCCTCCAGGCGCGATCAGCC,0,402685
acrBp,0.3333333333333333,2,2,CCCTACTTAGAGTGCACGTT,0,408050
acrBp,0.3333333333333333,2,2,CCCGTTCACTTCGGCTCTAA,0,363783
acrBp,0.3333333333333333,2,2,CCCGGTTGGGGACCTTGGCA,0,401663
acrBp,0.3333333333333333,2,2,CCCGCGCACCGTAATGTAGC,0,408169
acrBp,0.3333333333333333,2,2,CCCGAAGTAGCTTTACACGG,0,384024
acrBp,0.3333333333333333,2,2,CCCCTGACAGACACATCAGA,0,388673
acrBp,0.3333333333333333,2,2,CCCCTCCCGAACAGGCAATA,0,399490
acrBp,0.3333333333333333,2,2,CCCCTAGGGTTTGTGTGGGA,0,371592
acrBp,0.3333333333333333,2,2,CCCCGCACCGCCGAACTTAT,0,408131
acrBp,0.3333333333333333,2,2,CCCCGAGCGCGGACAGTATC,0,391876
acrBp,0.3333333333333333,2,2,CCCCGAAGCAATTCGATATC,0,408279
acrBp,0.3333333333333333,2,2,CCCCATCGCCGGCCTGCTCG,0,403225
acrBp,0.3333333333333333,2,2,CCCCAGATGTATGTTCTATA,0,402431
acrBp,0.3333333333333333,2,2,CCCATCATATAGCCTTAGGT,0,391741
acrBp,0.3333333333333333,2,2,CCCATCACGTGCATCGGTAC,0,393251
acrBp,0.3333333333333333,2,2,CCCAGGTTATGGCATTTTCC,0,360060
acrBp,0.3333333333333333,2,2,CCCAGCCAGTTTGTGCGCTG,0,393434
acrBp,0.3333333333333333,2,2,CCCAGAGCTACTGCGATCTA,0,362268
acrBp,0.3333333333333333,2,2,CCCACGGGACCTATGAACGC,0,393630
acrBp,0.3333333333333333,2,2,CCCACGCCATCCGGCAGTGA,0,374267
acrBp,0.3333333333333333,2,2,CCCAATGATTTGACAGCTTT,0,401064
acrBp,0.3333333333333333,2,2,CCCAACCAAGAGGGAGTTCC,0,359124
acrBp,0.3333333333333333,2,2,CCATTTCCAAATTGCTGATT,0,396576
acrBp,0.3333333333333333,2,2,CCATTGGTATGCGGTGTATA,0,408429
acrBp,0.3333333333333333,2,2,CCATTCGCATCTCATCCCGC,0,362620
acrBp,0.3333333333333333,2,2,CCATCTGTCGTACAAATTGT,0,392326
acrBp,0.3333333333333333,2,2,CCATCCTCGGGGCCTTGCGT,0,381198
acrBp,0.3333333333333333,2,2,CCATCCGAGGAAGCAGAGAT,0,373204
acrBp,0.3333333333333333,2,2,CCATAGGCACTTGTGCGCTA,0,374657
acrBp,0.3333333333333333,2,2,CCATAAAACGACTGGCCAGG,0,356071
acrBp,0.3333333333333333,2,2,CCAGCTTTTCGTTAACCTCG,0,391619
acrBp,0.3333333333333333,2,2,CCAGCTTAGACCGTACGTGG,0,365700
acrBp,0.3333333333333333,2,2,CCAGACCGATACAGGGATCA,0,395634
acrBp,0.3333333333333333,2,2,CCAGAAATTTGCCTTAACCC,0,356510
acrBp,0.3333333333333333,2,2,CCACTGCCATGTACAAACAA,0,370988
acrBp,0.3333333333333333,2,2,CCACTCCTACAATAGCTTCG,0,363043
acrBp,0.3333333333333333,2,2,CCACGGTGCCGCAAAGAGCC,0,358729
acrBp,0.3333333333333333,2,2,CCACACATCCTGATGGCACC,0,373485
acrBp,0.3333333333333333,2,2,CCACAATAGTAGCCTTTTAC,0,370908
acrBp,0.3333333333333333,2,2,CCAATGTTGCTAGAAATCTG,0,387358
acrBp,0.3333333333333333,2,2,CCAATGTAACCACTAAGTCA,0,362200
acrBp,0.3333333333333333,2,2,CCAATCCGACCCCGGTATCT,0,378519
acrBp,0.3333333333333333,2,2,CCAAGTGTCCTCGCCATGAG,0,363440
acrBp,0.3333333333333333,2,2,CCAAACAAACATTTCTGCAG,0,361667
acrBp,0.3333333333333333,2,2,CATTGCATAATTGGTCTCTG,0,387735
acrBp,0.3333333333333333,2,2,CATTGCAATTACAATCGACC,0,355639
acrBp,0.3333333333333333,2,2,CATTAGCTTCCACAGACGAT,0,393492
acrBp,0.3333333333333333,2,2,CATGTCAAGAGTAGTCCAAC,0,363883
acrBp,0.3333333333333333,2,2,CATGTAATCAGTTTTTTGGG,0,366406
acrBp,0.3333333333333333,2,2,CATGGTGCCGATCGCACGAT,0,397260
acrBp,0.3333333333333333,2,2,CATGGTAGAGTCGCGGACGG,0,407529
acrBp,0.3333333333333333,2,2,CATGGACTCATAGCGATTGT,0,388150
acrBp,0.3333333333333333,2,2,CATGCAAAGAACTTGAAAGC,0,384336
acrBp,0.3333333333333333,2,2,CATGATACCACTCTGTTCTC,0,380047
acrBp,0.3333333333333333,2,2,CATGACTTCCACCAGACCCG,0,387376
acrBp,0.3333333333333333,2,2,CATGACTAGCCAAATCCCGG,0,372895
acrBp,0.3333333333333333,2,2,CATCTCCTGTACAGTGCCGT,0,396098
acrBp,0.3333333333333333,2,2,CATCGGACTTGTGTGGTTAT,0,386155
acrBp,0.3333333333333333,2,2,CATCGAGGCTGTAAGTTCCC,0,406132
acrBp,0.3333333333333333,2,2,CATCCTGTGTGCCGGAGCGC,0,386061
acrBp,0.3333333333333333,2,2,CATCCTAGGTTTTCCTGGTG,0,400316
acrBp,0.3333333333333333,2,2,CATCCGAATCGTCCACGCCG,0,359981
acrBp,0.3333333333333333,2,2,CATCCCTAGGCAGGAAGGCA,0,380275
acrBp,0.3333333333333333,2,2,CATCCCAGATGCGTCGATGT,0,371285
acrBp,0.3333333333333333,2,2,CATCCATTATGACGAAATGG,0,381599
acrBp,0.3333333333333333,2,2,CATCACAGCAAACTCGAACG,0,406558
acrBp,0.3333333333333333,2,2,CATATGCTCCAGCTTGCCAG,0,374830
acrBp,0.3333333333333333,2,2,CATATAGTTATATCGCGCCC,0,406604
acrBp,0.3333333333333333,2,2,CATAGCTCCCCCGCGTCTCC,0,368977
acrBp,0.3333333333333333,2,2,CATACGTTAGGTTGTACCAG,0,372343
acrBp,0.3333333333333333,2,2,CATAATACCATTCATACTAA,0,397597
acrBp,0.3333333333333333,2,2,CATAAGATTACTATCTCTTG,0,388294
acrBp,0.3333333333333333,2,2,CAGTCGATACGAGGTAATGA,0,372989
acrBp,0.3333333333333333,2,2,CAGTCCTGGCGGTCCTTGAC,0,363426
acrBp,0.3333333333333333,2,2,CAGTCCTGACTTATGCGGAG,0,374745
acrBp,0.3333333333333333,2,2,CAGTATCGAAAGACGCCTTC,0,395943
acrBp,0.3333333333333333,2,2,CAGTACTAGATTATCGAATC,0,393503
acrBp,0.3333333333333333,2,2,CAGGTCCGCCCTAGCTACTG,0,396497
acrBp,0.3333333333333333,2,2,CAGGGCCTAATTTCTTCCCG,0,373888
acrBp,0.3333333333333333,2,2,CAGGGAAACGTGTAGACACC,0,391412
acrBp,0.3333333333333333,2,2,CAGGCTATGGTAGGACGCAG,0,398431
acrBp,0.3333333333333333,2,2,CAGGCCCTTAACACCTCTCC,0,365518
acrBp,0.3333333333333333,2,2,CAGGCAACACGGGTTTGAAA,0,363727
acrBp,0.3333333333333333,2,2,CAGCTTGATTCTGCAACAGG,0,390987
acrBp,0.3333333333333333,2,2,CAGCTTCTGGACGGCCGCTC,0,361475
acrBp,0.3333333333333333,2,2,CAGCTTCTCGGCCGATTATA,0,402398
acrBp,0.3333333333333333,2,2,CAGCGGGCTCGCACTACCAA,0,364153
acrBp,0.3333333333333333,2,2,CAGCGGCGCCAGGAGCAGGT,0,357384
acrBp,0.3333333333333333,2,2,CAGCCTTTCATGCCGGAGTT,0,398088
acrBp,0.3333333333333333,2,2,CAGCCAGTCGTCTTGTTCTA,0,363131
acrBp,0.3333333333333333,2,2,CAGCACGATAACTCAGCATT,0,370247
acrBp,0.3333333333333333,2,2,CAGATGCAGGCAAGAATTCT,0,406471
acrBp,0.3333333333333333,2,2,CAGAGGTAAGATGTACCGTA,0,359194
acrBp,0.3333333333333333,2,2,CAGAAAGATGGGAGAGTGCG,0,407928
acrBp,0.3333333333333333,2,2,CACTTTGCGGAGTAACGCAA,0,405092
acrBp,0.3333333333333333,2,2,CACTTTATTCCTCATGTTCA,0,407080
acrBp,0.3333333333333333,2,2,CACTTGTCTCTGCCGTGTAA,0,355992
acrBp,0.3333333333333333,2,2,CACTTAACATCCTACTGTTT,0,364525
acrBp,0.3333333333333333,2,2,CACTGTTACAAAGCCTCTAC,0,386922
acrBp,0.3333333333333333,2,2,CACTCAGGCACGAGTCAAAC,0,363486
acrBp,0.3333333333333333,2,2,CACTATCGATGAGGTGAGGT,0,403514
acrBp,0.3333333333333333,2,2,CACTATAAATGATTCAATCA,0,388955
acrBp,0.3333333333333333,2,2,CACGTTCCACGAACACAACC,0,368707
acrBp,0.3333333333333333,2,2,CACGTGTGGAACCTTAGCGA,0,398688
acrBp,0.3333333333333333,2,2,CACGTGGCCCTACCATAGCG,0,395848
acrBp,0.3333333333333333,2,2,CACGGGTCCGGATCGCGGCA,0,359227
acrBp,0.3333333333333333,2,2,CACGGCTTGACCGAATTTCT,0,395105
acrBp,0.3333333333333333,2,2,CACGGATTATTTCTCTCAAG,0,396989
acrBp,0.3333333333333333,2,2,CACGCGGTGAAGGGAACAAA,0,398528
acrBp,0.3333333333333333,2,2,CACGAGGCATGTACCTAGCA,0,408318
acrBp,0.3333333333333333,2,2,CACGAGGATTCATCGAATTG,0,395609
acrBp,0.3333333333333333,2,2,CACCGTTCCACCTGCTACTA,0,405068
acrBp,0.3333333333333333,2,2,CACCCACCGAGTATCCCAGA,0,361392
acrBp,0.3333333333333333,2,2,CACCACATCGCTGAGAGGGT,0,380996
acrBp,0.3333333333333333,2,2,CACATTGGTCATGTCTATTT,0,382549
acrBp,0.3333333333333333,2,2,CACATGCGGATCGCGTAAGT,0,364969
acrBp,0.3333333333333333,2,2,CACAGAGGTTTAATACATGT,0,364093
acrBp,0.3333333333333333,2,2,CACAGAACCTCGAGAGTCCA,0,355886
acrBp,0.3333333333333333,2,2,CACAATTCAACGAAGCTATA,0,403566
acrBp,0.3333333333333333,2,2,CAATTTTATTCGAAGATCAG,0,375381
acrBp,0.3333333333333333,2,2,CAATTCGGTGCTCAGGACAC,0,393161
acrBp,0.3333333333333333,2,2,CAATTAGTTATGTCGGCGGT,0,365747
acrBp,0.3333333333333333,2,2,CAATTAAGCGAACTCGCACG,0,359431
acrBp,0.3333333333333333,2,2,CAATGGTTTTGGGTATGGCT,0,389052
acrBp,0.3333333333333333,2,2,CAATGAACTGCACGACGGCA,0,359734
acrBp,0.3333333333333333,2,2,CAATCCCTCTGAGGTCGTGC,0,392983
acrBp,0.3333333333333333,2,2,CAATCAGGCGATGCTGTTGG,0,360062
acrBp,0.3333333333333333,2,2,CAATAGGGCAATTATTGGTC,0,387846
acrBp,0.3333333333333333,2,2,CAAGTTATAGTTCGGGAGAT,0,398718
acrBp,0.3333333333333333,2,2,CAAGTCGGATCACGTGACAG,0,398011
acrBp,0.3333333333333333,2,2,CAAGGTTCTAACAGTATCCA,0,358035
acrBp,0.3333333333333333,2,2,CAAGGTGTGCGAGAGTGGCC,0,383330
acrBp,0.3333333333333333,2,2,CAAGGCATTATACGCTGTAG,0,382261
acrBp,0.3333333333333333,2,2,CAAGCTTATTAAGGAAGATT,0,358068
acrBp,0.3333333333333333,2,2,CAAGCGTTCTAACGTTTTAC,0,377223
acrBp,0.3333333333333333,2,2,CAAGAGGCAGCACAACCGAG,0,394146
acrBp,0.3333333333333333,2,2,CAACGTATCTGCGTATTGGC,0,406296
acrBp,0.3333333333333333,2,2,CAACGAGGCAAATAATACGG,0,396543
acrBp,0.3333333333333333,2,2,CAACCTTGACTGCTTAGGTC,0,404163
acrBp,0.3333333333333333,2,2,CAACCTGCGCCAGTTACGTT,0,375946
acrBp,0.3333333333333333,2,2,CAACCATCAGTTTCTACTCC,0,406187
acrBp,0.3333333333333333,2,2,CAACATGGTCTTCAACTTGT,0,386342
acrBp,0.3333333333333333,2,2,CAACACATGTTTTCACCAGG,0,364273
acrBp,0.3333333333333333,2,2,CAACACATACTCTCGGGGTC,0,358020
acrBp,0.3333333333333333,2,2,CAAATTATGAGCAATATATC,0,385692
acrBp,0.3333333333333333,2,2,CAAATGTCCTGTCGTGTCCG,0,373404
acrBp,0.3333333333333333,2,2,CAAATCAGCGTAGCGCAACT,0,379798
acrBp,0.3333333333333333,2,2,CAAATATCCGAAAACATGGA,0,362472
acrBp,0.3333333333333333,2,2,CAAAGTTACAGGTGGTAGTG,0,401092
acrBp,0.3333333333333333,2,2,CAAAGGGGTGGAACATGATT,0,379175
acrBp,0.3333333333333333,2,2,CAAAGCTCAAGGGACCTACG,0,365237
acrBp,0.3333333333333333,2,2,CAAAAACAGAAGGTTAACGC,0,372022
acrBp,0.3333333333333333,2,2,CAAAAAACGACTTAAATCTG,0,373342
acrBp,0.3333333333333333,2,2,ATTTCTGCGGTCCTCTCAAA,0,359129
acrBp,0.3333333333333333,2,2,ATTTCCGGCCAATATTTCGA,0,387608
acrBp,0.3333333333333333,2,2,ATTTCCCAATGACAAGACCC,0,376407
acrBp,0.3333333333333333,2,2,ATTTCCAAAATATGGAGATG,0,407622
acrBp,0.3333333333333333,2,2,ATTTCATCACATGTGTGATC,0,392233
acrBp,0.3333333333333333,2,2,ATTTCAGGCCCGCGGGTGCG,0,400597
acrBp,0.3333333333333333,2,2,ATTTATCCGTGCACCCGATT,0,355937
acrBp,0.3333333333333333,2,2,ATTTATCCGCGGGAAAAAGT,0,400371
acrBp,0.3333333333333333,2,2,ATTTAGGAATCGAGCCCCGT,0,379176
acrBp,0.3333333333333333,2,2,ATTGTGCGGCCACAAAACAT,0,363424
acrBp,0.3333333333333333,2,2,ATTGTCGGCGGGTCCTCAGG,0,387234
acrBp,0.3333333333333333,2,2,ATTGTAGTATGGGGCCGCAT,0,385335
acrBp,0.3333333333333333,2,2,ATTGGCGGGTTTCATCCGTT,0,389666
acrBp,0.3333333333333333,2,2,ATTGGCCAATAAATACCGTT,0,361440
acrBp,0.3333333333333333,2,2,ATTGGAATAGATAGAAACGC,0,365505
acrBp,0.3333333333333333,2,2,ATTGCTACGCAAAACTTAGA,0,367947
acrBp,0.3333333333333333,2,2,ATTCTTTCTGTTCGTCTCGC,0,379683
acrBp,0.3333333333333333,2,2,ATTCTGGCGAACCTCAAAGC,0,403732
acrBp,0.3333333333333333,2,2,ATTCTGAAATCGGTGATCAG,0,359708
acrBp,0.3333333333333333,2,2,ATTCTCCGAATAGACGTCGC,0,397487
acrBp,0.3333333333333333,2,2,ATTCGCAGACTCGGGGAGAT,0,366014
acrBp,0.3333333333333333,2,2,ATTCGATAGTGCTTCATGCC,0,359641
acrBp,0.3333333333333333,2,2,ATTCCCTGCTCGCTGGTGAA,0,393462
acrBp,0.3333333333333333,2,2,ATTCCCAGGTATTGCTTTAT,0,365945
acrBp,0.3333333333333333,2,2,ATTCCAGTCAGCGCCCTGCA,0,396402
acrBp,0.3333333333333333,2,2,ATTCAGGGAGCCCACGTATA,0,371323
acrBp,0.3333333333333333,2,2,ATTCAATCGTCAAGCACGGG,0,367897
acrBp,0.3333333333333333,2,2,ATTATGCCTGTGCGGCGCAG,0,357800
acrBp,0.3333333333333333,2,2,ATTATGACCCACCGATAGCG,0,375001
acrBp,0.3333333333333333,2,2,ATTATCACCTTAACTGTGTG,0,371729
acrBp,0.3333333333333333,2,2,ATTACAGCCTCCACAGTGTT,0,405291
acrBp,0.3333333333333333,2,2,ATTAATTCCGGCGGTACCGC,0,379382
acrBp,0.3333333333333333,2,2,ATTAATCAATTCTAGCCCAA,0,395431
acrBp,0.3333333333333333,2,2,ATTAATAAGAGACTACCCTC,0,363330
acrBp,0.3333333333333333,2,2,ATTAAGCCGAAATGGGGCAT,0,375059
acrBp,0.3333333333333333,2,2,ATGTTTGTTAATCTTCTATG,0,401672
acrBp,0.3333333333333333,2,2,ATGTTGGGGCAATTTGCTCG,0,386745
acrBp,0.3333333333333333,2,2,ATGTTAGAAGGCTCCATAGA,0,363331
acrBp,0.3333333333333333,2,2,ATGTGGGAGGACTGAGATGT,0,363888
acrBp,0.3333333333333333,2,2,ATGTCCGGCACAAACCCGTC,0,363160
acrBp,0.3333333333333333,2,2,ATGTCATTTCAGTATGGATT,0,359817
acrBp,0.3333333333333333,2,2,ATGTCACCAAAGCAGACGGG,0,384317
acrBp,0.3333333333333333,2,2,ATGGGTCATGCTTCTCGCTG,0,398746
acrBp,0.3333333333333333,2,2,ATGGGGGCAGTCTCGTTCGA,0,385345
acrBp,0.3333333333333333,2,2,ATGGGGCCAATGAAAGACAT,0,376337
acrBp,0.3333333333333333,2,2,ATGGGCAAGGATGGGACGCC,0,359689
acrBp,0.3333333333333333,2,2,ATGGCTGTAGCAAATAGGTC,0,395287
acrBp,0.3333333333333333,2,2,ATGGCATAGTATTCCGTGTA,0,357517
acrBp,0.3333333333333333,2,2,ATGGAAGTTCAGTACTGTAT,0,361381
acrBp,0.3333333333333333,2,2,ATGCTTATTAATTACGTGAC,0,375103
acrBp,0.3333333333333333,2,2,ATGCGATCCATGGAGAAAGC,0,368488
acrBp,0.3333333333333333,2,2,ATGCCAGTGGTCGAAGGTCT,0,362494
acrBp,0.3333333333333333,2,2,ATGCAGTTGTACGGGGCAAT,0,356501
acrBp,0.3333333333333333,2,2,ATGCACGGCAGATCTCGTGC,0,358245
acrBp,0.3333333333333333,2,2,ATGATGCTGGCTCATGAGTG,0,393057
acrBp,0.3333333333333333,2,2,ATGATACTAGGGTTCTGGGA,0,372033
acrBp,0.3333333333333333,2,2,ATGAGTCGGAAAGCCTATCT,0,398458
acrBp,0.3333333333333333,2,2,ATGAGCAAGTGGTACGCCAC,0,368465
acrBp,0.3333333333333333,2,2,ATGAGACACTTTCCACACTT,0,395543
acrBp,0.3333333333333333,2,2,ATGACGGGTGATTACCGGGA,0,374389
acrBp,0.3333333333333333,2,2,ATCTTTGGTGGCGTCGGCCG,0,407708
acrBp,0.3333333333333333,2,2,ATCTTATTGGAACCTTCGTG,0,402793
acrBp,0.3333333333333333,2,2,ATCTGGTACCACTGTAATGA,0,357001
acrBp,0.3333333333333333,2,2,ATCTAATTTCGTTCAAATCG,0,384699
acrBp,0.3333333333333333,2,2,ATCTAATACGTAAGCCAGCT,0,372253
acrBp,0.3333333333333333,2,2,ATCGTTCATAAGCAAAATGA,0,356084
acrBp,0.3333333333333333,2,2,ATCGTCAGGTGACGTAATTC,0,378199
acrBp,0.3333333333333333,2,2,ATCCGTACGCACTTAGACAG,0,366743
acrBp,0.3333333333333333,2,2,ATCCGGCCTCGGTTTCTGTA,0,393395
acrBp,0.3333333333333333,2,2,ATCCGATGACATTGGCATCT,0,378569
acrBp,0.3333333333333333,2,2,ATCCAGATGTGAAAACTGTA,0,355732
acrBp,0.3333333333333333,2,2,ATCCACCGGTTGAGGTGCAA,0,369297
acrBp,0.3333333333333333,2,2,ATCATTAGCGCGGTCGCGTG,0,380677
acrBp,0.3333333333333333,2,2,ATCATGTCCGCTGCAGTGGT,0,375518
acrBp,0.3333333333333333,2,2,ATCATATAGTTGTGGGGGGA,0,399119
acrBp,0.3333333333333333,2,2,ATCATACGTAGCGTGTTCAC,0,362841
acrBp,0.3333333333333333,2,2,ATCATAAATAGGCACCTATC,0,365912
acrBp,0.3333333333333333,2,2,ATCAGTCGCCATAGATGAAT,0,397167
acrBp,0.3333333333333333,2,2,ATCAGCTCCGAGCAAAATTA,0,366261
acrBp,0.3333333333333333,2,2,ATCAGACTGGCCGACGGGAC,0,356277
acrBp,0.3333333333333333,2,2,ATCAAGTATTCAGTGTGTTT,0,380214
acrBp,0.3333333333333333,2,2,ATCAAGAATCGAGGGTGATT,0,356683
acrBp,0.3333333333333333,2,2,ATATTGGTATGCATGAGGGT,0,355833
acrBp,0.3333333333333333,2,2,ATATTAGCCCCACGGTACCT,0,369318
acrBp,0.3333333333333333,2,2,ATATGGATGTTAGTCTAGAT,0,391088
acrBp,0.3333333333333333,2,2,ATATGCAACGTGTGCTTGGC,0,380345
acrBp,0.3333333333333333,2,2,ATATCGGGGCGGCTAGATTG,0,399483
acrBp,0.3333333333333333,2,2,ATATCCCTAAGGGGCTCTTC,0,377561
acrBp,0.3333333333333333,2,2,ATATCCAGGATGCAAATCTC,0,371608
acrBp,0.3333333333333333,2,2,ATATCAAGACCTCCTGGACT,0,401091
acrBp,0.3333333333333333,2,2,ATATAGTTTTTAGCTGACTG,0,355871
acrBp,0.3333333333333333,2,2,ATATACCTGACCAGAGTTAC,0,356306
acrBp,0.3333333333333333,2,2,ATAGGAGGCTTCACTCACCT,0,369991
acrBp,0.3333333333333333,2,2,ATAGGAACATACGATAACGC,0,406856
acrBp,0.3333333333333333,2,2,ATAGCTATTGTTTAATTACG,0,391851
acrBp,0.3333333333333333,2,2,ATAGCTAGGATGGATGCTCA,0,365128
acrBp,0.3333333333333333,2,2,ATAGCGGTTGTACAACCGCA,0,399855
acrBp,0.3333333333333333,2,2,ATAGAGTGGAATCATTCATT,0,357620
acrBp,0.3333333333333333,2,2,ATAGACGTCATACGATTGTA,0,372862
acrBp,0.3333333333333333,2,2,ATAGAAACTCTCAGAGTTCG,0,374413
acrBp,0.3333333333333333,2,2,ATACTCCGCGGCCCGCCCAA,0,364653
acrBp,0.3333333333333333,2,2,ATACGTTGTTGTTCTAAACA,0,371070
acrBp,0.3333333333333333,2,2,ATACGTGAAGTCCAACGGGT,0,367370
acrBp,0.3333333333333333,2,2,ATACAGAGACTCGACGAGTC,0,388591
acrBp,0.3333333333333333,2,2,ATAATCACCGCCTCCACCAG,0,385248
acrBp,0.3333333333333333,2,2,ATAAGTTCGCATCCCGTCTG,0,399656
acrBp,0.3333333333333333,2,2,ATAACCTAATCCTTATCGGG,0,394279
acrBp,0.3333333333333333,2,2,ATAAATCATTGAGGTAGCCT,0,371055
acrBp,0.3333333333333333,2,2,ATAAAGTACACGCGCATGCA,0,366480
acrBp,0.3333333333333333,2,2,AGTTTTAATCGACAACAAGT,0,382918
acrBp,0.3333333333333333,2,2,AGTTGGGTTAATCTCCTGAA,0,360738
acrBp,0.3333333333333333,2,2,AGTTGATCTGGGTACGCCTG,0,398772
acrBp,0.3333333333333333,2,2,AGTTAACCGTAGCGGCAACT,0,387017
acrBp,0.3333333333333333,2,2,AGTGTGTACAGCTAGTGAAT,0,397155
acrBp,0.3333333333333333,2,2,AGTGTCTAACCAGTGACCCC,0,365476
acrBp,0.3333333333333333,2,2,AGTGGTTGAGCTGCGTGGAC,0,401703
acrBp,0.3333333333333333,2,2,AGTGGATTTAGTATGCCCGG,0,360865
acrBp,0.3333333333333333,2,2,AGTGCAGAAAAAGGTCTTCA,0,383054
acrBp,0.3333333333333333,2,2,AGTGATTTTTCAAATCGTTC,0,382272
acrBp,0.3333333333333333,2,2,AGTGAGGTGCTGAAACTGCG,0,362131
acrBp,0.3333333333333333,2,2,AGTCGTTCGTCCGCCGTGCT,0,374957
acrBp,0.3333333333333333,2,2,AGTCGGGGCTCTGGCCAACC,0,373086
acrBp,0.3333333333333333,2,2,AGTCCCGCAAGTGCTAATTT,0,358769
acrBp,0.3333333333333333,2,2,AGTCCCAAGCTTGGCGTCTT,0,388406
acrBp,0.3333333333333333,2,2,AGTCAGTGGTCCGAGTGGAA,0,381992
acrBp,0.3333333333333333,2,2,AGTCAATGCGTCTGAAAAGC,0,394715
acrBp,0.3333333333333333,2,2,AGTATATGACCCTGTACCTT,0,373847
acrBp,0.3333333333333333,2,2,AGTAGTGCCACAAACGGGTT,0,365301
acrBp,0.3333333333333333,2,2,AGTAGGCGTGGACTTGGGTG,0,404156
acrBp,0.3333333333333333,2,2,AGTACTTCTATGTGAGTAGT,0,408046
acrBp,0.3333333333333333,2,2,AGTACGGTTTGATACTTGTA,0,378929
acrBp,0.3333333333333333,2,2,AGTACCGCGTCGATCGAGCA,0,401963
acrBp,0.3333333333333333,2,2,AGTACCCACATTCTTGGCCA,0,402379
acrBp,0.3333333333333333,2,2,AGTACACAACTCTTTGACTC,0,371411
acrBp,0.3333333333333333,2,2,AGTAAGACAGTAACCCGTAT,0,388960
acrBp,0.3333333333333333,2,2,AGTAAAGGGTACGAGTCGCT,0,401122
acrBp,0.3333333333333333,2,2,AGGTTTGGTGAGATTCCTAG,0,367818
acrBp,0.3333333333333333,2,2,AGGTTTCTTTACCCGCCCAA,0,400133
acrBp,0.3333333333333333,2,2,AGGTTCGTTTAATAGAACTA,0,383648
acrBp,0.3333333333333333,2,2,AGGTTCCAGCTGCGACTCTA,0,397030
acrBp,0.3333333333333333,2,2,AGGTTACATGGGTATCATAC,0,392156
acrBp,0.3333333333333333,2,2,AGGTGTCTTGGTAATTGGAT,0,366526
acrBp,0.3333333333333333,2,2,AGGTGGTAGAAGTCATATCT,0,366299
acrBp,0.3333333333333333,2,2,AGGTGGGGGAAGCCGTTAGG,0,395064
acrBp,0.3333333333333333,2,2,AGGTGGCTTCTCCCGCTTCC,0,397440
acrBp,0.3333333333333333,2,2,AGGTGCATTCTGTGCCGTGC,0,355841
acrBp,0.3333333333333333,2,2,AGGTCTGGTTGGTCTTGACT,0,370803
acrBp,0.3333333333333333,2,2,AGGTCTCTAGTCATACTGCT,0,365400
acrBp,0.3333333333333333,2,2,AGGTCGGGCCATAACCGGAC,0,403796
acrBp,0.3333333333333333,2,2,AGGTATGGACCCAGGAATGT,0,362638
acrBp,0.3333333333333333,2,2,AGGTATCACAAGCAAATCTA,0,406642
acrBp,0.3333333333333333,2,2,AGGTAGCGCCATGAGCTGAA,0,383941
acrBp,0.3333333333333333,2,2,AGGTAGAGATACGATATAAC,0,363466
acrBp,0.3333333333333333,2,2,AGGTACTAGAGGTCGATCCG,0,382847
acrBp,0.3333333333333333,2,2,AGGGTTTTTCCTGACCAGGT,0,400881
acrBp,0.3333333333333333,2,2,AGGGTCTGCCCGGTCATGAA,0,394032
acrBp,0.3333333333333333,2,2,AGGGTACTAGGTAACCTGAC,0,370171
acrBp,0.3333333333333333,2,2,AGGGGTGGCGAAGTATTAGT,0,407452
acrBp,0.3333333333333333,2,2,AGGGGTGCCAATCAAGTACG,0,363368
acrBp,0.3333333333333333,2,2,AGGGGGTGTATAGCATGGAC,0,398156
acrBp,0.3333333333333333,2,2,AGGGGGTCGAAATGGTCGTG,0,408077
acrBp,0.3333333333333333,2,2,AGGGGGGAAGGACTCCTCCA,0,365905
acrBp,0.3333333333333333,2,2,AGGGCGCCTCGTCATCTACA,0,388686
acrBp,0.3333333333333333,2,2,AGGGAGGCGACTATTGGTAC,0,366090
acrBp,0.3333333333333333,2,2,AGGCTTGCAGTGGTCTTGAT,0,388481
acrBp,0.3333333333333333,2,2,AGGCCTGCCTGGTTATCCCA,0,377324
acrBp,0.3333333333333333,2,2,AGGCCGTGTTCTAGTGCAGC,0,380252
acrBp,0.3333333333333333,2,2,AGGCATGTGCATAGATGAAT,0,393638
acrBp,0.3333333333333333,2,2,AGGCAGGTGTATTGGTATGA,0,401117
acrBp,0.3333333333333333,2,2,AGGCACCGCTTCTGAGGAGT,0,388839
acrBp,0.3333333333333333,2,2,AGGATGTCGCAGTCCAGATC,0,362232
acrBp,0.3333333333333333,2,2,AGGATAGCAGACTTTCCGTT,0,386653
acrBp,0.3333333333333333,2,2,AGGAGTTGCCCATCAAGGGT,0,403363
acrBp,0.3333333333333333,2,2,AGGAGCACGGGGCCACAGCC,0,380394
acrBp,0.3333333333333333,2,2,AGGACGTTACACTCTGAAAA,0,374566
acrBp,0.3333333333333333,2,2,AGGACCCCGAACTTATTAAA,0,405932
acrBp,0.3333333333333333,2,2,AGGACAGTGTTATTCTCCCA,0,366641
acrBp,0.3333333333333333,2,2,AGGAAGCGGCGGTCATGGAA,0,355140
acrBp,0.3333333333333333,2,2,AGGAAGAAGCCACCTAGGGG,0,377623
acrBp,0.3333333333333333,2,2,AGCTTTCTCCAGCCGCATCG,0,368338
acrBp,0.3333333333333333,2,2,AGCTTATCTATAAATTCAAC,0,372250
acrBp,0.3333333333333333,2,2,AGCTGCTTTGAAAGCTGTGA,0,376551
acrBp,0.3333333333333333,2,2,AGCTAAGTCTAATAGCGGTA,0,398813
acrBp,0.3333333333333333,2,2,AGCGTTAATGGTCGAGTGAA,0,392487
acrBp,0.3333333333333333,2,2,AGCGTCCTGGGTATATTGGC,0,374105
acrBp,0.3333333333333333,2,2,AGCGGGCCGCGTGGTGGCCA,0,373440
acrBp,0.3333333333333333,2,2,AGCGCGTCGTCCTTGTTTAA,0,391505
acrBp,0.3333333333333333,2,2,AGCGCCGAAGAGCTTAGTCG,0,380776
acrBp,0.3333333333333333,2,2,AGCGCCAGATCCAGGCGTTA,0,378645
acrBp,0.3333333333333333,2,2,AGCGATGGTCATTGTAAGCG,0,396774
acrBp,0.3333333333333333,2,2,AGCGACCTCCCATCGCCGTA,0,373516
acrBp,0.3333333333333333,2,2,AGCCTGGGAATTCAACTAGG,0,364623
acrBp,0.3333333333333333,2,2,AGCCGTGAAGGGGGGCCAGA,0,408034
acrBp,0.3333333333333333,2,2,AGCCGGTTCTAGCAACGGCT,0,391234
acrBp,0.3333333333333333,2,2,AGCCGGCAGAACCCCAAATG,0,364778
acrBp,0.3333333333333333,2,2,AGCCGCCCATGCTTTAGTAG,0,361321
acrBp,0.3333333333333333,2,2,AGCCACGACTCTGTTGGCTT,0,395422
acrBp,0.3333333333333333,2,2,AGCCAAGGTCAGATTTGGCG,0,375932
acrBp,0.3333333333333333,2,2,AGCATAGTTAAGTACGCCAT,0,407945
acrBp,0.3333333333333333,2,2,AGCATAGCCTGTTTCTGTCA,0,355417
acrBp,0.3333333333333333,2,2,AGCAGATATTATTTTAGCAG,0,366237
acrBp,0.3333333333333333,2,2,AGCACGTTTACAAATTTTGA,0,403195
acrBp,0.3333333333333333,2,2,AGATTTGCATCACCCTCATT,0,393225
acrBp,0.3333333333333333,2,2,AGATTTCAAGTCAGATTATC,0,408184
acrBp,0.3333333333333333,2,2,AGATTGACGATGGTGGCGGG,0,395453
acrBp,0.3333333333333333,2,2,AGATTCGAAGCCTATCAAGC,0,380604
acrBp,0.3333333333333333,2,2,AGATGGTGATGGACAGATGT,0,368973
acrBp,0.3333333333333333,2,2,AGATCACAGGGGAGCCCCTG,0,363760
acrBp,0.3333333333333333,2,2,AGATATTAACTGTTAAACCC,0,376235
acrBp,0.3333333333333333,2,2,AGAGGCAAGTTCATACCAAG,0,390754
acrBp,0.3333333333333333,2,2,AGAGGACCAATTAGGATTTA,0,360065
acrBp,0.3333333333333333,2,2,AGAGCGCTCAGAATTAATGA,0,389302
acrBp,0.3333333333333333,2,2,AGAGATGTAACCGGACGATC,0,406226
acrBp,0.3333333333333333,2,2,AGAGAGCCTACATGGGTATA,0,355694
acrBp,0.3333333333333333,2,2,AGAGAAATGGCATTGCGATC,0,385591
acrBp,0.3333333333333333,2,2,AGACTGCCCACAAGACCCCC,0,386981
acrBp,0.3333333333333333,2,2,AGACTCGACTCGGGTATTCT,0,384596
acrBp,0.3333333333333333,2,2,AGACTAACACGATCTCGACC,0,382420
acrBp,0.3333333333333333,2,2,AGACGTTTGGGGTCCGGTGG,0,386779
acrBp,0.3333333333333333,2,2,AGACGAGTGCTTGGGGATCG,0,359240
acrBp,0.3333333333333333,2,2,AGACGACCGATTCGTAGTAT,0,391918
acrBp,0.3333333333333333,2,2,AGACCTGGGAATCAGCCCAT,0,362940
acrBp,0.3333333333333333,2,2,AGACCGACTGACGAAGACAC,0,382285
acrBp,0.3333333333333333,2,2,AGACACGCACGCGTTATGTG,0,359176
acrBp,0.3333333333333333,2,2,AGAATCCGGGATAGTTTGTA,0,356181
acrBp,0.3333333333333333,2,2,AGAAGTCTAAGCACCAGCGG,0,359508
acrBp,0.3333333333333333,2,2,AGAAGGTCCTAGTCCTTCTG,0,385641
acrBp,0.3333333333333333,2,2,AGAAGGCTCTTTAATATCAG,0,382992
acrBp,0.3333333333333333,2,2,AGAAGGACACGCGGGGACAC,0,374709
acrBp,0.3333333333333333,2,2,AGAACCTTAAAATATTTGTC,0,398479
acrBp,0.3333333333333333,2,2,AGAAACGCATACAAGAAAGT,0,400675
acrBp,0.3333333333333333,2,2,AGAAAAAGGTGGAGGGCTTC,0,387925
acrBp,0.3333333333333333,2,2,ACTTTGAACAGTTCGTTCCT,0,385330
acrBp,0.3333333333333333,2,2,ACTTTATGTCCCCCTCTTCG,0,377725
acrBp,0.3333333333333333,2,2,ACTTGCTTAATAGACTAAAC,0,407195
acrBp,0.3333333333333333,2,2,ACTTGACCTGGAAAATCGGA,0,402840
acrBp,0.3333333333333333,2,2,ACTTCTCGAAGTTCTGGCCG,0,355203
acrBp,0.3333333333333333,2,2,ACTTCTATCAGGAAATACCG,0,364689
acrBp,0.3333333333333333,2,2,ACTTCGTATGTTTAGGTGTA,0,365995
acrBp,0.3333333333333333,2,2,ACTTCGGCTCGCTCAGACGG,0,378477
acrBp,0.3333333333333333,2,2,ACTTATTCTGCGAATTCGAG,0,364958
acrBp,0.3333333333333333,2,2,ACTTAGTTGATTGGTAAGCG,0,398854
acrBp,0.3333333333333333,2,2,ACTGTTACTTAGGGGCCTAG,0,372998
acrBp,0.3333333333333333,2,2,ACTGTAATTCGGTGCTTCCA,0,363702
acrBp,0.3333333333333333,2,2,ACTGTAATACTATGGAGCGC,0,406501
acrBp,0.3333333333333333,2,2,ACTGCATAGGCTCGTACTGG,0,388496
acrBp,0.3333333333333333,2,2,ACTGATGCAGAATTTCGCTA,0,364705
acrBp,0.3333333333333333,2,2,ACTGAAGTAACGTGACCGAT,0,370484
acrBp,0.3333333333333333,2,2,ACTCTGCGGCAATTTCGCTC,0,391464
acrBp,0.3333333333333333,2,2,ACTCCACGAGATTCTTAGCG,0,370098
acrBp,0.3333333333333333,2,2,ACTCAGGTACGCGCGTCCAA,0,381443
acrBp,0.3333333333333333,2,2,ACTCAAGGGATCTAAGCGTG,0,386982
acrBp,0.3333333333333333,2,2,ACTAGCATAAGGTACGTTTG,0,385316
acrBp,0.3333333333333333,2,2,ACTACTTGATGAGGGTATAC,0,388434
acrBp,0.3333333333333333,2,2,ACTACTAAGAGGGATAGAGT,0,376460
acrBp,0.3333333333333333,2,2,ACTACCAGTGTATGGTATGT,0,381235
acrBp,0.3333333333333333,2,2,ACTACAAATCGCGTCCCGGA,0,402800
acrBp,0.3333333333333333,2,2,ACGTTTTCGGCTCGATCATG,0,376937
acrBp,0.3333333333333333,2,2,ACGTTACTAATGGTAACGGT,0,388850
acrBp,0.3333333333333333,2,2,ACGTGGTTTCGCAGATGTGA,0,376441
acrBp,0.3333333333333333,2,2,ACGTATATATCCACCGCGTC,0,402790
acrBp,0.3333333333333333,2,2,ACGGTGCATGGCCTTCATTC,0,394684
acrBp,0.3333333333333333,2,2,ACGGTCAAGAAAGAAGAGTT,0,391522
acrBp,0.3333333333333333,2,2,ACGGGTTATGAGACCACGAT,0,355795
acrBp,0.3333333333333333,2,2,ACGGGGCAATTTATAATATC,0,355943
acrBp,0.3333333333333333,2,2,ACGGCGCAATTGGTGGATGC,0,370600
acrBp,0.3333333333333333,2,2,ACGGCCGGTGGGTGGACATG,0,378047
acrBp,0.3333333333333333,2,2,ACGGCCACCGTGCCACAACG,0,393688
acrBp,0.3333333333333333,2,2,ACGGCAGTAAACTCTGAACG,0,363057
acrBp,0.3333333333333333,2,2,ACGGCAATTCAATAATACCT,0,392637
acrBp,0.3333333333333333,2,2,ACGGCAATCCTGGCTAATAA,0,366958
acrBp,0.3333333333333333,2,2,ACGGACATACTGTATGACTG,0,389923
acrBp,0.3333333333333333,2,2,ACGGAAGCGCAAGACAAGTT,0,381888
acrBp,0.3333333333333333,2,2,ACGCGTCTGCTAGAGATATA,0,403397
acrBp,0.3333333333333333,2,2,ACGCGTCCTCAAAGCGAGAC,0,377927
acrBp,0.3333333333333333,2,2,ACGCGGATTTACGTCGAACT,0,360005
acrBp,0.3333333333333333,2,2,ACGCCAATCGATAGCTTTAC,0,387239
acrBp,0.3333333333333333,2,2,ACGCAAGCTACGAAAGTTCA,0,397708
acrBp,0.3333333333333333,2,2,ACGCAAGCGGGGCTAACCAC,0,365310
acrBp,0.3333333333333333,2,2,ACGATTCCGAATTTCAGCTT,0,374653
acrBp,0.3333333333333333,2,2,ACGAGCTCGCCAATAAGGCA,0,377221
acrBp,0.3333333333333333,2,2,ACGAGCATGGAGTTCGAATG,0,369010
acrBp,0.3333333333333333,2,2,ACGACACTTTGCGGCAGGGA,0,369909
acrBp,0.3333333333333333,2,2,ACGAAACATTCAGCGGTATC,0,391224
acrBp,0.3333333333333333,2,2,ACCTGGGCGCCTTGGGGTCC,0,357502
acrBp,0.3333333333333333,2,2,ACCTATGTCAGTCCCGGACA,0,387096
acrBp,0.3333333333333333,2,2,ACCGTTCGCTGGTTCGTGTC,0,387995
acrBp,0.3333333333333333,2,2,ACCGGCCTTACAAACTCAGT,0,393907
acrBp,0.3333333333333333,2,2,ACCGGCCTGGCGGACCTAGG,0,399456
acrBp,0.3333333333333333,2,2,ACCGGCCCCACTTGTGACGC,0,362128
acrBp,0.3333333333333333,2,2,ACCGATACGAATGTGGTGGA,0,393032
acrBp,0.3333333333333333,2,2,ACCGAGCTCATCCGCAGAAG,0,356292
acrBp,0.3333333333333333,2,2,ACCGAGCGGCGCAATCTGAT,0,355341
acrBp,0.3333333333333333,2,2,ACCGAAGCTCGGCAAAACTA,0,374432
acrBp,0.3333333333333333,2,2,ACCCTGCATTAGTTCACCCT,0,380554
acrBp,0.3333333333333333,2,2,ACCCTGATAGGATACCGCCG,0,385971
acrBp,0.3333333333333333,2,2,ACCCTCACGTTCGTGGGACT,0,385030
acrBp,0.3333333333333333,2,2,ACCCGGTTTGCGATTGAGGT,0,356520
acrBp,0.3333333333333333,2,2,ACCCGGGCTGCACGTGCGGG,0,408372
acrBp,0.3333333333333333,2,2,ACCCATCTTAGTGCGCCAAG,0,358505
acrBp,0.3333333333333333,2,2,ACCCAGAAAGTATTGTGTGG,0,395177
acrBp,0.3333333333333333,2,2,ACCATGGAAGATAAAGGTGC,0,393040
acrBp,0.3333333333333333,2,2,ACCATCGGGATGGCCGTGTT,0,399885
acrBp,0.3333333333333333,2,2,ACCATAGTTCGTGGAGTTGG,0,400146
acrBp,0.3333333333333333,2,2,ACCAGTCGTCCAGTTCAGAA,0,399359
acrBp,0.3333333333333333,2,2,ACCAGGGGGTGTTGGTTGCC,0,381360
acrBp,0.3333333333333333,2,2,ACCAAGCAGGGTAGAAGCTT,0,367810
acrBp,0.3333333333333333,2,2,ACATTTCTCCTTCCGAAGAT,0,407625
acrBp,0.3333333333333333,2,2,ACATCGCGGCTATGCAGCTC,0,384227
acrBp,0.3333333333333333,2,2,ACATCCCAATACGGCACTAA,0,355232
acrBp,0.3333333333333333,2,2,ACATCATCAACAGGCGTGTC,0,389262
acrBp,0.3333333333333333,2,2,ACATAGTTCGGTGGGCCAAA,0,386449
acrBp,0.3333333333333333,2,2,ACAGTTCTGCGCTCGGTTAT,0,366849
acrBp,0.3333333333333333,2,2,ACAGTGTGGGCAGTGATCTG,0,405159
acrBp,0.3333333333333333,2,2,ACAGTCGCACCGGTTCTCTG,0,400135
acrBp,0.3333333333333333,2,2,ACAGGTAGCATGCCCGAGTC,0,394776
acrBp,0.3333333333333333,2,2,ACAGGAAGCATCGGGGCTAA,0,368500
acrBp,0.3333333333333333,2,2,ACACTGTTGTGGTTACCTCT,0,372106
acrBp,0.3333333333333333,2,2,ACACTGTAATTAATACACTT,0,407464
acrBp,0.3333333333333333,2,2,ACACTACCTTTTCGAACTCT,0,356327
acrBp,0.3333333333333333,2,2,ACACAGTGGATAGGATATTT,0,372431
acrBp,0.3333333333333333,2,2,ACACAAACAAAGAACAGGGA,0,376572
acrBp,0.3333333333333333,2,2,ACAATTCGCATCTGAGCTCA,0,402906
acrBp,0.3333333333333333,2,2,ACAACGGATCGTTAATAGTA,0,388478
acrBp,0.3333333333333333,2,2,ACAACGATAAGTTGGATCAT,0,392235
acrBp,0.3333333333333333,2,2,ACAACAGATCGGTGAGCGTG,0,364733
acrBp,0.3333333333333333,2,2,AATTGCAGCTGGGGAGCCCA,0,361657
acrBp,0.3333333333333333,2,2,AATTATAGGTCGAGGTCAAC,0,403632
acrBp,0.3333333333333333,2,2,AATTAGTTACTTGCGTGGGT,0,386276
acrBp,0.3333333333333333,2,2,AATTAATTTACAGTCAAGAT,0,367418
acrBp,0.3333333333333333,2,2,AATTAAACGTCGTTGCCTTA,0,388964
acrBp,0.3333333333333333,2,2,AATGTTCACTTCGCCCGAGT,0,379597
acrBp,0.3333333333333333,2,2,AATGGAACATTACCTCGTGG,0,402264
acrBp,0.3333333333333333,2,2,AATGATTGAACAAAAACGGC,0,375607
acrBp,0.3333333333333333,2,2,AATGAGTCCTGCAGAGTTGA,0,394850
acrBp,0.3333333333333333,2,2,AATCTTTGCTACTTAGCCAA,0,381604
acrBp,0.3333333333333333,2,2,AATCTGCTTGGCCAGATCAG,0,405517
acrBp,0.3333333333333333,2,2,AATCTCCTTTAGCCTATAGC,0,383351
acrBp,0.3333333333333333,2,2,AATCGAGAGTTCGAATTACA,0,359941
acrBp,0.3333333333333333,2,2,AATCCGAGTCATTGAGGCAT,0,382951
acrBp,0.3333333333333333,2,2,AATATGACGGCCGCGTATGC,0,376161
acrBp,0.3333333333333333,2,2,AATATCCTAGTGCGTACATA,0,390775
acrBp,0.3333333333333333,2,2,AATAGTGTTTTTATGTCTGC,0,365256
acrBp,0.3333333333333333,2,2,AATACTCCGACTATTCGATA,0,378533
acrBp,0.3333333333333333,2,2,AATACAACAAAATTCTTACA,0,372087
acrBp,0.3333333333333333,2,2,AATAATAGCTTTTAGCCCAC,0,404707
acrBp,0.3333333333333333,2,2,AATAAGGGCGCAAACTTATG,0,394979
acrBp,0.3333333333333333,2,2,AAGTGCTGGTAACGACTTAT,0,403011
acrBp,0.3333333333333333,2,2,AAGTCGAAGCGATTCGGTAC,0,358042
acrBp,0.3333333333333333,2,2,AAGTCATAACGACACAGTCT,0,387143
acrBp,0.3333333333333333,2,2,AAGTATTGTAAATAAGTAAA,0,404062
acrBp,0.3333333333333333,2,2,AAGGTTCCTTTTGCCGTGGC,0,391757
acrBp,0.3333333333333333,2,2,AAGGTCCTCACTACGGGGAT,0,370522
acrBp,0.3333333333333333,2,2,AAGGGCACGTGACTATACAC,0,370442
acrBp,0.3333333333333333,2,2,AAGGGATATAACATGCTGAT,0,381680
acrBp,0.3333333333333333,2,2,AAGGCAACTGTTGGGAGATT,0,403367
acrBp,0.3333333333333333,2,2,AAGGATCCTTTTCCGGAAAA,0,399528
acrBp,0.3333333333333333,2,2,AAGGATCACTAGCGCGGTGG,0,380119
acrBp,0.3333333333333333,2,2,AAGGAGCCTTTGGTATATTA,0,368468
acrBp,0.3333333333333333,2,2,AAGCGTCCAGCAATTGTTGA,0,405395
acrBp,0.3333333333333333,2,2,AAGCGTAGAGCGTGTTATCC,0,378046
acrBp,0.3333333333333333,2,2,AAGCGCAGCTTTTATTACTC,0,369623
acrBp,0.3333333333333333,2,2,AAGCCTGTTAAAGCTTGAAA,0,395762
acrBp,0.3333333333333333,2,2,AAGCCCGGCACCGGGAAAAG,0,372730
acrBp,0.3333333333333333,2,2,AAGCATGCCTTAGGGGAGAG,0,364186
acrBp,0.3333333333333333,2,2,AAGCAATTGAACGGGGACAG,0,388026
acrBp,0.3333333333333333,2,2,AAGAGTCAACTGTCAGTCTA,0,375707
acrBp,0.3333333333333333,2,2,AAGAGGGTGCGCCGGACCGG,0,396899
acrBp,0.3333333333333333,2,2,AAGAGCTGGTAAGCCTACTG,0,372859
acrBp,0.3333333333333333,2,2,AAGAGCCGCGTCGCGGTCGA,0,377063
acrBp,0.3333333333333333,2,2,AAGACTCCGTCCCGCGAAAC,0,375884
acrBp,0.3333333333333333,2,2,AAGACAGTGGCGCGTCTAGG,0,388462
acrBp,0.3333333333333333,2,2,AAGAAACGAAGTCGTTAAGG,0,393015
acrBp,0.3333333333333333,2,2,AACTTTTATATGGGCACGTA,0,392481
acrBp,0.3333333333333333,2,2,AACTTTCGTCAAGCGCATCA,0,403738
acrBp,0.3333333333333333,2,2,AACTTTAGTCAATTCGTAGA,0,387835
acrBp,0.3333333333333333,2,2,AACTGGGGGTACCGTAAAGT,0,376881
acrBp,0.3333333333333333,2,2,AACTGGGGGGCCGGTACATG,0,374342
acrBp,0.3333333333333333,2,2,AACTCTGGAACAGATTACCC,0,387757
acrBp,0.3333333333333333,2,2,AACTCAAAAGTCCCGTCTGT,0,363139
acrBp,0.3333333333333333,2,2,AACGTAGGCGCCCGGCCTCA,0,385111
acrBp,0.3333333333333333,2,2,AACGGCCGAGATGCCCGCAG,0,402338
acrBp,0.3333333333333333,2,2,AACGCTCCAGACAGAATGGT,0,399733
acrBp,0.3333333333333333,2,2,AACGCGCGCGGAATTGCGAA,0,394595
acrBp,0.3333333333333333,2,2,AACGCACGGGGAATGCGTCC,0,394426
acrBp,0.3333333333333333,2,2,AACGAGATGAGAAGAGGGAT,0,386780
acrBp,0.3333333333333333,2,2,AACGACGGGTTACCCCTTTC,0,380004
acrBp,0.3333333333333333,2,2,AACCTATGGCGAGGCCTAGT,0,391144
acrBp,0.3333333333333333,2,2,AACCTACTATTGCACCTGCC,0,365262
acrBp,0.3333333333333333,2,2,AACCTACCACGCAGAATCCA,0,376043
acrBp,0.3333333333333333,2,2,AACCGCTCAGCACCGGCCGA,0,396551
acrBp,0.3333333333333333,2,2,AACCGCAGCATGGTACCCTT,0,375868
acrBp,0.3333333333333333,2,2,AACCCTCTCACACCTGCTTG,0,367780
acrBp,0.3333333333333333,2,2,AACCCGTTCGGTTATTTTAA,0,369774
acrBp,0.3333333333333333,2,2,AACCATGACAATACTCCGTC,0,399294
acrBp,0.3333333333333333,2,2,AACCACCTTGACAACCGAAC,0,397258
acrBp,0.3333333333333333,2,2,AACATGCCCCGGCGGGGCGA,0,371800
acrBp,0.3333333333333333,2,2,AACAGGTACGAAATGATGTA,0,398879
acrBp,0.3333333333333333,2,2,AACAAGAGGAAGACGTACCA,0,403715
acrBp,0.3333333333333333,2,2,AACAACCGCAAATGGAGCCT,0,392821
acrBp,0.3333333333333333,2,2,AACAAATCGGGCTGTTCTTT,0,380550
acrBp,0.3333333333333333,2,2,AAATTTTTCACAAATAGAAA,0,381660
acrBp,0.3333333333333333,2,2,AAATTTCCACCGTATCTCTA,0,388805
acrBp,0.3333333333333333,2,2,AAATTGTGAAGGAAAGCCAG,0,395203
acrBp,0.3333333333333333,2,2,AAATTGTCTCCGAATGCATG,0,365552
acrBp,0.3333333333333333,2,2,AAATTCGTGCAGGCCAAACT,0,399131
acrBp,0.3333333333333333,2,2,AAATGTCCATTCCGATCAGT,0,405747
acrBp,0.3333333333333333,2,2,AAATATCAGAGGCAGAGACC,0,362146
acrBp,0.3333333333333333,2,2,AAATAGCTCCGACATTACAT,0,396689
acrBp,0.3333333333333333,2,2,AAATACCACCCCTATCTTGA,0,367773
acrBp,0.3333333333333333,2,2,AAAGTGGGCTAGACTCAGGG,0,358747
acrBp,0.3333333333333333,2,2,AAAGTCAGGCCCACGTGCAG,0,368788
acrBp,0.3333333333333333,2,2,AAAGGACCACGAAACAATAA,0,362867
acrBp,0.3333333333333333,2,2,AAAGCGCCAGACTGTCTCAT,0,404134
acrBp,0.3333333333333333,2,2,AAAGCGCAAGAATGCAGGCG,0,372772
acrBp,0.3333333333333333,2,2,AAAGAATTACGTTAATGGCG,0,384909
acrBp,0.3333333333333333,2,2,AAACTGCGTTACCTCGCGGA,0,363662
acrBp,0.3333333333333333,2,2,AAACTGATATAGGCCCACTG,0,387887
acrBp,0.3333333333333333,2,2,AAACTCCAACGGGCCTATCC,0,400838
acrBp,0.3333333333333333,2,2,AAACGTTGCGAGGGACAGCG,0,396509
acrBp,0.3333333333333333,2,2,AAACCCAGACATGAATTTCT,0,378623
acrBp,0.3333333333333333,2,2,AAACCAGTGCTCGGGGGTGA,0,365986
acrBp,0.3333333333333333,2,2,AAACATGGGTTGTGCGCGAA,0,376257
acrBp,0.3333333333333333,2,2,AAACATAGGATACCGACCCT,0,377216
acrBp,0.3333333333333333,2,2,AAACAGACTTTGTTGCATTT,0,404213
acrBp,0.3333333333333333,2,2,AAAAGGGTACAAGGGGACCC,0,387609
acrBp,0.3333333333333333,2,2,AAAAGCGCTCCCAAAGGGCG,0,373034
acrBp,0.3333333333333333,2,2,AAAAGCGAAGGTGCCAATCT,0,404341
acrBp,0.3333333333333333,2,2,AAAAGCAGGCGAGAGAGGAC,0,357437
acrBp,0.3333333333333333,2,2,AAAAGACGGGAACTGAGTGT,0,396314
acrBp,0.3333333333333333,2,2,AAAAAATGTGCCGACGCGGG,0,385520
acrBp,0.5,1,1,TTTTTCCTAAGTACGCACTC,0,372354
acrBp,0.5,1,1,TTTTTACCTACATCTTTAAG,0,383412
acrBp,0.5,1,1,TTTTTAATGCACCGCCGCTT,0,367807
acrBp,0.5,1,1,TTTTGTTACAGTGCCCCGGG,0,402007
acrBp,0.5,1,1,TTTTGTCATGGGCCATTAAG,0,363093
acrBp,0.5,1,1,TTTTGGCTTCCAGAAACTAT,0,383842
acrBp,0.5,1,1,TTTTGCACCATGGACATGCT,0,402111
acrBp,0.5,1,1,TTTTGAGGCGTCTCAACCCG,0,370183
acrBp,0.5,1,1,TTTTGAACATAGGTTCGATA,0,360637
acrBp,0.5,1,1,TTTTCGAGGACCGGCCTCTA,0,379895
acrBp,0.5,1,1,TTTTATATGGGGCTACACAG,0,356972
acrBp,0.5,1,1,TTTTACTGAGTGTGTGCGAA,0,382688
acrBp,0.5,1,1,TTTTAATGACCTCGCTTTGA,0,374282
acrBp,0.5,1,1,TTTGTTTTGTGTGAGACTAC,0,377778
acrBp,0.5,1,1,TTTGTGTAGATGAAAGGCAT,0,381546
acrBp,0.5,1,1,TTTGTGGTTAGTGCGCATGT,0,356910
acrBp,0.5,1,1,TTTGTGGCCGGACCTTGCGA,0,356598
acrBp,0.5,1,1,TTTGTATTACGGCATAATGG,0,355461
acrBp,0.5,1,1,TTTGTACCGCGATGCGCTCA,0,402833
acrBp,0.5,1,1,TTTGGTCTTCTGGCGACACT,0,367050
acrBp,0.5,1,1,TTTGGGTTCCGTTTTGTGGT,0,360897
acrBp,0.5,1,1,TTTGGGGACATAACGATACG,0,393356
acrBp,0.5,1,1,TTTGGCAGAGTTGGGACCTG,0,382133
acrBp,0.5,1,1,TTTGCTGATCGGGTCCGGTA,0,362584
acrBp,0.5,1,1,TTTGACTGGGATTTAGCAGT,0,360671
acrBp,0.5,1,1,TTTCTGAATCATACAAACTA,0,356466
acrBp,0.5,1,1,TTTCTCTCATTACACACAAG,0,382392
acrBp,0.5,1,1,TTTCGTATGCTAACGTGCTA,0,381380
acrBp,0.5,1,1,TTTCGCCGGTTCCAGAAAAC,0,365265
acrBp,0.5,1,1,TTTCCCCGGTTTAGCGGCGG,0,387404
acrBp,0.5,1,1,TTTCCCAGAGGCGCATCACT,0,381924
acrBp,0.5,1,1,TTTCCCAAACGTCTAACGTT,0,403049
acrBp,0.5,1,1,TTTCATCGGGAGAACTCATG,0,401305
acrBp,0.5,1,1,TTTCAGTTGGGGACTGCATG,0,362329
acrBp,0.5,1,1,TTTCAAAAGGCAAAGTGGTC,0,377603
acrBp,0.5,1,1,TTTATTTTATTTTGGAAATA,0,373746
acrBp,0.5,1,1,TTTATTTGAATTTTGGTCTA,0,398583
acrBp,0.5,1,1,TTTATCTATTTGTACACATA,0,396439
acrBp,0.5,1,1,TTTAGTCACCAAGAGCAGGG,0,363387
acrBp,0.5,1,1,TTTAGAGATTCCCTCCGCTC,0,387884
acrBp,0.5,1,1,TTTAGAAAGGAGATAGGCCC,0,361071
acrBp,0.5,1,1,TTTACTGATCGTATTGTGAT,0,406942
acrBp,0.5,1,1,TTTAATAGATTTCGATAAAT,0,384104
acrBp,0.5,1,1,TTTAAGGATTCGCCGAGTTG,0,404259
acrBp,0.5,1,1,TTGTTGGAGATCCCGTCTAC,0,374437
acrBp,0.5,1,1,TTGTTGAGACTAGACACGAT,0,375520
acrBp,0.5,1,1,TTGTTGACGTTGGAGGGGGA,0,365203
acrBp,0.5,1,1,TTGTTCCCCGGAGTAATATA,0,392530
acrBp,0.5,1,1,TTGTTCATACATGACAATCT,0,406739
acrBp,0.5,1,1,TTGTGTTGATCGGGACGCTA,0,358948
acrBp,0.5,1,1,TTGTGGTAACGCTATATTGG,0,385814
acrBp,0.5,1,1,TTGTGATAGTCATCGGCAAT,0,387386
acrBp,0.5,1,1,TTGTCAATTTTCAAGATGAA,0,393772
acrBp,0.5,1,1,TTGTATGGTGTCACCTCCGT,0,405783
acrBp,0.5,1,1,TTGTATATCATTCACGTCGC,0,401566
acrBp,0.5,1,1,TTGTAGTTTCCTCATAAATC,0,403364
acrBp,0.5,1,1,TTGTAGTACCTGATTTGTGC,0,355793
acrBp,0.5,1,1,TTGTACTCCGGCCAGAGGTC,0,384782
acrBp,0.5,1,1,TTGGTGGAGACAAGAGTCCT,0,392898
acrBp,0.5,1,1,TTGGTCACTCTATATACGAG,0,373344
acrBp,0.5,1,1,TTGGTATTTTGTAGATCGAA,0,376174
acrBp,0.5,1,1,TTGGGGAGTATTCGGCCATC,0,404505
acrBp,0.5,1,1,TTGGGCCGGTAGCCATGGTC,0,404898
acrBp,0.5,1,1,TTGGATGGAGCCAGTCTTTT,0,364891
acrBp,0.5,1,1,TTGGATATGCCCATTTTGCT,0,382422
acrBp,0.5,1,1,TTGGACAGAATTTTAGAGGC,0,394281
acrBp,0.5,1,1,TTGCTATAGTCAACCCGATA,0,403453
acrBp,0.5,1,1,TTGCGCTGGTGCTGACCTGT,0,396271
acrBp,0.5,1,1,TTGCCGGCTGGTCGCTGCCG,0,403362
acrBp,0.5,1,1,TTGCCGCTTTAATTGGAGCA,0,363401
acrBp,0.5,1,1,TTGCCCTTTGAATCGTCTGA,0,371818
acrBp,0.5,1,1,TTGCCCGAACAGGATGAGTT,0,370764
acrBp,0.5,1,1,TTGCAGGGGACATTTGGTAA,0,358827
acrBp,0.5,1,1,TTGCAATAGCTTGCATCGCG,0,380608
acrBp,0.5,1,1,TTGATTAGAACTTGAGCCTG,0,405097
acrBp,0.5,1,1,TTGATACGGTGGCACGCGAA,0,398585
acrBp,0.5,1,1,TTGAGCATTCTTCGATGTGT,0,384431
acrBp,0.5,1,1,TTGACTTTTCGTATGTTCCT,0,387714
acrBp,0.5,1,1,TTGACCTCTGCTTATCGATT,0,404069
acrBp,0.5,1,1,TTGACCAGGATGAGGCGTTG,0,405794
acrBp,0.5,1,1,TTGACACTTCTGCGCCGTAA,0,357245
acrBp,0.5,1,1,TTGAATCGATATGTATATAC,0,379013
acrBp,0.5,1,1,TTCTTTATGTGATCCTAGTG,0,396233
acrBp,0.5,1,1,TTCTTGCCGTTGCCCGACGC,0,370632
acrBp,0.5,1,1,TTCTTGAGCGACCGATTATA,0,388675
acrBp,0.5,1,1,TTCTTCTGTAATGAGGTTAA,0,370799
acrBp,0.5,1,1,TTCTTCTCGTGAAAGGCATT,0,385475
acrBp,0.5,1,1,TTCTTAGCGCAACTTGCTCC,0,379015
acrBp,0.5,1,1,TTCTCTGTTTCAACATCAGT,0,391389
acrBp,0.5,1,1,TTCTCTCTGCCCTCCACTTA,0,399735
acrBp,0.5,1,1,TTCTCAGAAAGACGCGTCAC,0,391259
acrBp,0.5,1,1,TTCGTTTACCGACACGTATC,0,364534
acrBp,0.5,1,1,TTCGTCTTTTAGCGCCCATC,0,391171
acrBp,0.5,1,1,TTCGTCGTGTCGTTAATTCA,0,373234
acrBp,0.5,1,1,TTCGTAGAACCGGAGCTCCT,0,357370
acrBp,0.5,1,1,TTCGGTTGTTTAGGCCTTAC,0,368673
acrBp,0.5,1,1,TTCGGCGGACTTCTCTACTG,0,405060
acrBp,0.5,1,1,TTCGGCATCACGCGGTCATT,0,402905
acrBp,0.5,1,1,TTCGGCAAGTGCAGGTAGAG,0,386179
acrBp,0.5,1,1,TTCGCTCTTTTCCCGCCCAG,0,388703
acrBp,0.5,1,1,TTCGCGGGGGGAAGCTAGGC,0,377069
acrBp,0.5,1,1,TTCGATAGGCCAGAGTCAAT,0,403647
acrBp,0.5,1,1,TTCGACCGATTTAGGGAACC,0,373725
acrBp,0.5,1,1,TTCCTACAGAGTCATAACAG,0,369202
acrBp,0.5,1,1,TTCCGCTGCGATCAGAGGCA,0,362248
acrBp,0.5,1,1,TTCCCGCAGGGCCCTTGCAG,0,403169
acrBp,0.5,1,1,TTCCCACAACCACTATAAAT,0,392136
acrBp,0.5,1,1,TTCCATGAGTAGGGGGCGTC,0,404101
acrBp,0.5,1,1,TTCCACGCCTCAATCTATGG,0,359373
acrBp,0.5,1,1,TTCATATTTCGGACGACATA,0,376336
acrBp,0.5,1,1,TTCAGGTAAAGGCAGAACCA,0,372359
acrBp,0.5,1,1,TTCAGGGCTACGGTAGTGTG,0,377528
acrBp,0.5,1,1,TTCAGAACAACTTTAGCAAG,0,378810
acrBp,0.5,1,1,TTCACCAGGAGAAATAAAAG,0,391160
acrBp,0.5,1,1,TTCACAAAGCGTTGAAATAG,0,403323
acrBp,0.5,1,1,TTCAAGTCCGTGGGAAAGGT,0,360190
acrBp,0.5,1,1,TTCAAGTACGAGGATAGAAC,0,365558
acrBp,0.5,1,1,TTATTTGCAGATGGCCATGA,0,380474
acrBp,0.5,1,1,TTATGGTTAGCTCGTAGGGA,0,382613
acrBp,0.5,1,1,TTATGGCGACCCGCAATCGT,0,378270
acrBp,0.5,1,1,TTATCGTCACGTCTCGAGAA,0,378302
acrBp,0.5,1,1,TTATCGATTGGCAATGTTAT,0,402054
acrBp,0.5,1,1,TTATCAATCGCTGCTCCAAG,0,378957
acrBp,0.5,1,1,TTATATGAGGAGAAGCCAAT,0,394424
acrBp,0.5,1,1,TTAGTTGGTGCACCGTGACA,0,403077
acrBp,0.5,1,1,TTAGTCCGGGAAACCTTTTT,0,371287
acrBp,0.5,1,1,TTAGGCGTTAACACACCTTC,0,390769
acrBp,0.5,1,1,TTAGGCATGCTCTATCCGGC,0,399563
acrBp,0.5,1,1,TTAGCTCCTGTCCATCCCAC,0,402380
acrBp,0.5,1,1,TTACTTTGTTTGCAGGAGAC,0,407878
acrBp,0.5,1,1,TTACGATCCGGTTCGCACAT,0,407044
acrBp,0.5,1,1,TTACCTGGCGTGCGCGGAGC,0,392324
acrBp,0.5,1,1,TTACCGGGATACTACTCATT,0,372358
acrBp,0.5,1,1,TTACACGCAATCATGCGGCA,0,404830
acrBp,0.5,1,1,TTAATGGTTAGTAGACTATA,0,374239
acrBp,0.5,1,1,TTAATGCGCAGCTGACAGAC,0,355794
acrBp,0.5,1,1,TTAAAGCAATGGTATCGACG,0,390494
acrBp,0.5,1,1,TTAAAGCAACTGGGTCGTTG,0,364287
acrBp,0.5,1,1,TTAAACGCACCCATATATTG,0,375419
acrBp,0.5,1,1,TTAAAATAATATCGGTTCGG,0,381095
acrBp,0.5,1,1,TGTTGTGATTGGGAGGAAAT,0,368917
acrBp,0.5,1,1,TGTTGTCTACCTTGGACATC,0,406322
acrBp,0.5,1,1,TGTTGTAGTGCGATCATGAT,0,367633
acrBp,0.5,1,1,TGTTGGACATCTTAAAGAGG,0,373554
acrBp,0.5,1,1,TGTTCGCAGGAAGCTTTATT,0,407915
acrBp,0.5,1,1,TGTTCCAGTTGTATTGTATT,0,405271
acrBp,0.5,1,1,TGTTCACTGAGATAGGTCTG,0,389394
acrBp,0.5,1,1,TGTTAGCATCTCTCATTTCT,0,378337
acrBp,0.5,1,1,TGTGTTATTAACTCCTAGTT,0,390181
acrBp,0.5,1,1,TGTGTCTACCAAAGATACAT,0,361506
acrBp,0.5,1,1,TGTGTAGAGCACATGATGCA,0,374939
acrBp,0.5,1,1,TGTGGGCCAAGGGTTCCGCG,0,386182
acrBp,0.5,1,1,TGTGGCACCTAAGGGGTATG,0,396798
acrBp,0.5,1,1,TGTGGACGCCAGACACTTCG,0,382912
acrBp,0.5,1,1,TGTGCGCGGCCTTGATTACG,0,376330
acrBp,0.5,1,1,TGTGAATGTTTGAATGTATC,0,405704
acrBp,0.5,1,1,TGTCTATCAATAATGATCAT,0,356692
acrBp,0.5,1,1,TGTCGAGGACAACACAGGAA,0,387220
acrBp,0.5,1,1,TGTCCCCACTCGCCCTTCAT,0,378263
acrBp,0.5,1,1,TGTCAGTGCGAGGTAGGAGT,0,385339
acrBp,0.5,1,1,TGTCAAGTCATCCGGGCATT,0,376197
acrBp,0.5,1,1,TGTAGTTACTCCAGTTGAGC,0,398047
acrBp,0.5,1,1,TGTAGCGGCGTGAAGAAGTC,0,385506
acrBp,0.5,1,1,TGTACCCAGTACCCCACGCT,0,356307
acrBp,0.5,1,1,TGTACCAGCATGGATTATGC,0,365764
acrBp,0.5,1,1,TGGTTGAATACGTGACATTC,0,368764
acrBp,0.5,1,1,TGGTTACGGGGTCCCACTAT,0,360454
acrBp,0.5,1,1,TGGTTACCTTCATGATCGCG,0,361478
acrBp,0.5,1,1,TGGTGTATTCACTCGTAAAT,0,387754
acrBp,0.5,1,1,TGGTGGGTAAACGCGCTGTC,0,392782
acrBp,0.5,1,1,TGGTGCGAGAGTAGGATCGT,0,403924
acrBp,0.5,1,1,TGGTCGAGCTGGCTACGCAA,0,396105
acrBp,0.5,1,1,TGGTCATGTCGGGGATTGGG,0,371230
acrBp,0.5,1,1,TGGTATCGCGACATCGCGTT,0,393230
acrBp,0.5,1,1,TGGTAGGGACGAACATAGGG,0,361577
acrBp,0.5,1,1,TGGTAACGCGCGGACGCCAA,0,404976
acrBp,0.5,1,1,TGGGTCCCGCGACGCGTGAA,0,400879
acrBp,0.5,1,1,TGGGTCCAGGCTTTGACTAG,0,374000
acrBp,0.5,1,1,TGGGTAACTAGGCCACGGTC,0,384688
acrBp,0.5,1,1,TGGGGTCATCGGCCTAACCA,0,371848
acrBp,0.5,1,1,TGGGGGCAAAACGTGTATTA,0,378023
acrBp,0.5,1,1,TGGGCGTGGTGACGGCGTAT,0,399597
acrBp,0.5,1,1,TGGGAAAGCATCGGCTTCTG,0,377178
acrBp,0.5,1,1,TGGCTTGATACCTGTGAAAT,0,391405
acrBp,0.5,1,1,TGGCTCCTTGTTAAGATACC,0,396016
acrBp,0.5,1,1,TGGCTAATCCTTTAAAGACG,0,373892
acrBp,0.5,1,1,TGGCTAACCTATGCCCAAGT,0,377546
acrBp,0.5,1,1,TGGCGGCAACATATGCTCTA,0,376345
acrBp,0.5,1,1,TGGCCTCGGCCAGGACGGTT,0,401316
acrBp,0.5,1,1,TGGCATCATTCTGATAATAA,0,371528
acrBp,0.5,1,1,TGGCACTACTGCCGCTATTC,0,388563
acrBp,0.5,1,1,TGGAGTAAGAACCCGGGGGG,0,383660
acrBp,0.5,1,1,TGGAGGGGATGAACTCAGGA,0,396922
acrBp,0.5,1,1,TGGAGCGGCCTCTGTCTCAG,0,392095
acrBp,0.5,1,1,TGGACTAGCAAGACCTTCCT,0,370329
acrBp,0.5,1,1,TGGACCTGACCACTCTCGGA,0,358568
acrBp,0.5,1,1,TGGACCTAAAAACTATGGAA,0,360669
acrBp,0.5,1,1,TGGACCAGATACTACGCGGG,0,388527
acrBp,0.5,1,1,TGGAATTACGTGATTATTTA,0,368137
acrBp,0.5,1,1,TGGAAGCCCGTAAACCTCGG,0,360389
acrBp,0.5,1,1,TGGAAGATATACCAGCGCCC,0,367410
acrBp,0.5,1,1,TGGAACGGGTCAAGTTGCTG,0,368463
acrBp,0.5,1,1,TGCTTGCTTAATCTGGAACT,0,366175
acrBp,0.5,1,1,TGCTGGGTGCTCGAAGTCTA,0,381128
acrBp,0.5,1,1,TGCTCCTTTGAGACAGCGGA,0,368199
acrBp,0.5,1,1,TGCTCCATGTGAACTCTTCC,0,391702
acrBp,0.5,1,1,TGCTCAAACGGTAACTGTAT,0,375829
acrBp,0.5,1,1,TGCTAGATTCCGTTTGGGAG,0,394127
acrBp,0.5,1,1,TGCGTTGCAGGGTGGAGGTA,0,370598
acrBp,0.5,1,1,TGCGTGTAAAGGAGACATCG,0,405545
acrBp,0.5,1,1,TGCGTCTTCCCTCGGCTTAT,0,370814
acrBp,0.5,1,1,TGCGGGAGTCTACCGTAACA,0,401024
acrBp,0.5,1,1,TGCGAGCAGTTTAGAACTGG,0,371629
acrBp,0.5,1,1,TGCGAATATACAGTGTTCGC,0,378823
acrBp,0.5,1,1,TGCCTTTCCTAACCTACCAA,0,360195
acrBp,0.5,1,1,TGCCGTATGAAAGATAACGG,0,360123
acrBp,0.5,1,1,TGCCGTAGCGACCCCCTGGG,0,402349
acrBp,0.5,1,1,TGCCGGGAGGCCTATGCTAC,0,401724
acrBp,0.5,1,1,TGCCATATAGAGCGAGCTTA,0,380805
acrBp,0.5,1,1,TGCCAGGCTGTGGTTTTCGT,0,385191
acrBp,0.5,1,1,TGCCACACTGCTCCTAGGGC,0,369874
acrBp,0.5,1,1,TGCATCGTCTTTGGCTCGCT,0,405091
acrBp,0.5,1,1,TGCAGTGTTATATCCTAATT,0,384408
acrBp,0.5,1,1,TGCAGGCTATTTTCTGTCAC,0,366492
acrBp,0.5,1,1,TGCAGCACAATAGCGAAACC,0,381837
acrBp,0.5,1,1,TGCACTTCCATCTGGCTATC,0,373399
acrBp,0.5,1,1,TGCACGGCAAGGATGATAGG,0,365034
acrBp,0.5,1,1,TGCACCTCGCTCCTTAATGA,0,407959
acrBp,0.5,1,1,TGCACATAGACGTAGTCCTA,0,399800
acrBp,0.5,1,1,TGCAATTGCCATTGTCAACC,0,368495
acrBp,0.5,1,1,TGCAATGGACCCGAGCGAAA,0,395286
acrBp,0.5,1,1,TGCAAGTTATCTAAGTCACA,0,356631
acrBp,0.5,1,1,TGCAAGGTGGCCACCACAAT,0,408125
acrBp,0.5,1,1,TGATTTCGAACGTGACGGTA,0,406983
acrBp,0.5,1,1,TGATTGGGTACGCCTCCTCC,0,392774
acrBp,0.5,1,1,TGATTGCTAGTCAACGACCC,0,407824
acrBp,0.5,1,1,TGATCGCGCACCTTGTTACC,0,404552
acrBp,0.5,1,1,TGATCATATATCCTGCATGT,0,364987
acrBp,0.5,1,1,TGATCAAACGCCAAGAAGTT,0,398923
acrBp,0.5,1,1,TGATAGTTTAAGAGGTTATA,0,406028
acrBp,0.5,1,1,TGATAATGACATTCGGCTAT,0,383839
acrBp,0.5,1,1,TGAGTACTCTGGTTACGAAG,0,394978
acrBp,0.5,1,1,TGAGGTTGCACATTGATTGT,0,388722
acrBp,0.5,1,1,TGAGGTGCTACCACGTTAGG,0,390201
acrBp,0.5,1,1,TGAGGAGACAAGAGATTATT,0,384081
acrBp,0.5,1,1,TGAGGACCGATGCCACAAGT,0,391646
acrBp,0.5,1,1,TGAGGAATGACATGGAGTTA,0,400703
acrBp,0.5,1,1,TGAGCTGGTTCTCAGGAAGT,0,382254
acrBp,0.5,1,1,TGAGCAAACTTTATCACCAT,0,381326
acrBp,0.5,1,1,TGAGACCTGCATCTGGTAAT,0,371343
acrBp,0.5,1,1,TGAGAACGTAAAGTTTAAGG,0,371491
acrBp,0.5,1,1,TGACTACCACGAGACGTCCT,0,393078
acrBp,0.5,1,1,TGACGAATATGACTAGATCG,0,402829
acrBp,0.5,1,1,TGACCTCGCGACGGCGAGGC,0,375283
acrBp,0.5,1,1,TGACCAGTCTTCCTATCCAG,0,404855
acrBp,0.5,1,1,TGACATAGGTTGGACATGGA,0,401115
acrBp,0.5,1,1,TGACATAGCCCCAAGAGAAA,0,367528
acrBp,0.5,1,1,TGACAGGCCGGTACTCGTTA,0,362402
acrBp,0.5,1,1,TGAAGTGGGTTTAAGACCCC,0,400494
acrBp,0.5,1,1,TGAAGTATATTCGCTAATAC,0,399099
acrBp,0.5,1,1,TGAACGCGGTGAAGTCGGAT,0,362024
acrBp,0.5,1,1,TGAAATTTGTAATTACGTGT,0,398717
acrBp,0.5,1,1,TGAAACGCGGTCTTCCAGCA,0,362656
acrBp,0.5,1,1,TCTTTGCTAGACTGTTGAAG,0,396056
acrBp,0.5,1,1,TCTTTGACGGACCAGACCAC,0,378360
acrBp,0.5,1,1,TCTTTAATTCGTGATACGTT,0,368195
acrBp,0.5,1,1,TCTTGTTTCCCGGCTCCGGC,0,379775
acrBp,0.5,1,1,TCTTGGGGCATAAAGATATT,0,402955
acrBp,0.5,1,1,TCTTCTGACAGCCACATCTG,0,379131
acrBp,0.5,1,1,TCTTACGTAAAAGGTCCAAC,0,385803
acrBp,0.5,1,1,TCTTAATTTAGGTCTTGAGA,0,379509
acrBp,0.5,1,1,TCTGCTCCTGGTTGGAAGGG,0,380785
acrBp,0.5,1,1,TCTGCTACATATGTTCGGAA,0,356543
acrBp,0.5,1,1,TCTGCCATTTCACCTGGGCG,0,381548
acrBp,0.5,1,1,TCTGCATGTAAGGTTAGGTC,0,373570
acrBp,0.5,1,1,TCTCGTTGCGCTCACAGTGA,0,406462
acrBp,0.5,1,1,TCTCGATAATTTTCGAGGTG,0,365602
acrBp,0.5,1,1,TCTCCATAGCATTGGTTTTA,0,375764
acrBp,0.5,1,1,TCTCATTCACCGGACCCTGG,0,362516
acrBp,0.5,1,1,TCTCATCGGGGCCATGTCAG,0,404356
acrBp,0.5,1,1,TCTCAGGCTGGACGGGCAAT,0,389027
acrBp,0.5,1,1,TCTATTATGGATCTGGCATG,0,389840
acrBp,0.5,1,1,TCTAGGCGCGGTGCATGGGT,0,366947
acrBp,0.5,1,1,TCTAGGCACCGCTGAACAGA,0,355994
acrBp,0.5,1,1,TCTACCGAAAATCGCTTGGG,0,375947
acrBp,0.5,1,1,TCTAATATTATGCACTCAAA,0,383333
acrBp,0.5,1,1,TCTAAATTAAATATTCCGAA,0,362763
acrBp,0.5,1,1,TCGTTGCGGAATGGTAATCC,0,357587
acrBp,0.5,1,1,TCGTTAAGTCGTATAATCCG,0,355832
acrBp,0.5,1,1,TCGTGGCCAGCTAGCCTTCG,0,405566
acrBp,0.5,1,1,TCGTGCGTGATTTTCAAGGG,0,403384
acrBp,0.5,1,1,TCGTGCGCGATGCAGGCCTG,0,393848
acrBp,0.5,1,1,TCGTCTTTTGCTCTAGTCGT,0,362456
acrBp,0.5,1,1,TCGTCTTGAAACGGTTGAAT,0,361138
acrBp,0.5,1,1,TCGTCAGTTACAAATTGGGC,0,369498
acrBp,0.5,1,1,TCGTAGTAGGTATTGCTGAA,0,382856
acrBp,0.5,1,1,TCGTACATAAGAGGCAGAGG,0,367594
acrBp,0.5,1,1,TCGTACACTAACGCTTTCGT,0,393260
acrBp,0.5,1,1,TCGGTTGCATGGTGGTCGTT,0,394427
acrBp,0.5,1,1,TCGGTAGGTACCAGGTTCTA,0,399296
acrBp,0.5,1,1,TCGGGGTCAACGGGAGGCAC,0,374263
acrBp,0.5,1,1,TCGGGCTGTCTATGCTGCAG,0,406840
acrBp,0.5,1,1,TCGGCCGGCAGGTTCAGCAT,0,386907
acrBp,0.5,1,1,TCGGCAGCAACAATTGAGTA,0,384841
acrBp,0.5,1,1,TCGGATCTTAACTGGGCTTT,0,355744
acrBp,0.5,1,1,TCGGAACTACCTCGGGGGGG,0,385212
acrBp,0.5,1,1,TCGCTTGGAACATTATCCAT,0,379687
acrBp,0.5,1,1,TCGCTGGTACGGTGGACGTT,0,400576
acrBp,0.5,1,1,TCGCTACATACTACCTGCTT,0,364692
acrBp,0.5,1,1,TCGCGGGACATCAGAATTCG,0,366184
acrBp,0.5,1,1,TCGCGCTCGATTGCACAAGA,0,405948
acrBp,0.5,1,1,TCGCGCGAGAATTATGCAGC,0,372857
acrBp,0.5,1,1,TCGCGAAGCCTCCGCACACC,0,385163
acrBp,0.5,1,1,TCGCCTGCTCCTCAACGGGG,0,355877
acrBp,0.5,1,1,TCGCCAGCGTAGACTATGCA,0,399648
acrBp,0.5,1,1,TCGCCACTTGCAATTAGCCG,0,373763
acrBp,0.5,1,1,TCGCATTCACTGGAACCCTG,0,380718
acrBp,0.5,1,1,TCGCAATCTGGAGTAGGTTT,0,358602
acrBp,0.5,1,1,TCGATGATACACTGATTCCA,0,362966
acrBp,0.5,1,1,TCGATCAGCTCCGTACCGCA,0,405283
acrBp,0.5,1,1,TCGATAGGATAAAGGAATCG,0,378461
acrBp,0.5,1,1,TCGAGGCTGTTGATGTACGC,0,391895
acrBp,0.5,1,1,TCGACTAGCACTATGGACGC,0,386193
acrBp,0.5,1,1,TCGAAGCCTATTATGCCCCA,0,368845
acrBp,0.5,1,1,TCGAACTCGGGATTATCAGC,0,357322
acrBp,0.5,1,1,TCGAAATCTCACAGTATCCG,0,406741
acrBp,0.5,1,1,TCCTTGAGTACGGCGAACTC,0,398490
acrBp,0.5,1,1,TCCTGGATCTCCCACCATTG,0,390383
acrBp,0.5,1,1,TCCTGCTCGTGGTGCGAGCT,0,355441
acrBp,0.5,1,1,TCCTCACAGAAGACAGATTA,0,405045
acrBp,0.5,1,1,TCCTATGGAGCCTCCTAGTT,0,408207
acrBp,0.5,1,1,TCCTATCTCGCTTCGCAGAG,0,392499
acrBp,0.5,1,1,TCCTATCATCTGGCCTTCAA,0,365666
acrBp,0.5,1,1,TCCGTGTAACTACTTCGCCG,0,365065
acrBp,0.5,1,1,TCCGTAGTAGTTCGTAGGGG,0,369871
acrBp,0.5,1,1,TCCGCGGCAACTTTTATCGT,0,359637
acrBp,0.5,1,1,TCCGATAACCCGACTACTCG,0,384002
acrBp,0.5,1,1,TCCGACCAATTTCGCGATGG,0,369803
acrBp,0.5,1,1,TCCCTTAAGAGACAGTATTT,0,387563
acrBp,0.5,1,1,TCCCTGGTTGACACCAATTT,0,398640
acrBp,0.5,1,1,TCCCTGAAGTCCCTCACCAA,0,388918
acrBp,0.5,1,1,TCCCGCGTGCCTCATTCTGT,0,379481
acrBp,0.5,1,1,TCCCCACAAGGGTGAACCTA,0,401348
acrBp,0.5,1,1,TCCATACAGTAGACTAGAAA,0,381506
acrBp,0.5,1,1,TCCAGTTCCTTGTCATTTCT,0,394239
acrBp,0.5,1,1,TCCAGGTTCATTCACAGATC,0,358969
acrBp,0.5,1,1,TCCAATTATTCGGAAGATGA,0,375203
acrBp,0.5,1,1,TCATTCCAGCTCGCTTGCCC,0,358311
acrBp,0.5,1,1,TCATTAGCTGCACCCTGACG,0,385695
acrBp,0.5,1,1,TCATTACTTGGGACCAGTCG,0,377955
acrBp,0.5,1,1,TCATCTAAAGGTGGCCTACT,0,408497
acrBp,0.5,1,1,TCATCCCTACTTAACTGATG,0,394268
acrBp,0.5,1,1,TCATATAGGAGCGCGGAAAG,0,402684
acrBp,0.5,1,1,TCATAGCCGTATGACGCTAA,0,357819
acrBp,0.5,1,1,TCATAAACTGATTATCTACA,0,358114
acrBp,0.5,1,1,TCAGTGGAGGACATAACACT,0,408551
acrBp,0.5,1,1,TCAGTGATTAGCCTGTATTA,0,378108
acrBp,0.5,1,1,TCAGTCTTTAAGTAGCGGGA,0,402343
acrBp,0.5,1,1,TCAGTCGGGAACTGGTAGGA,0,391524
acrBp,0.5,1,1,TCAGTCGCTGCTACAACAAC,0,377578
acrBp,0.5,1,1,TCAGGTGGAGTCCACGCAAA,0,387589
acrBp,0.5,1,1,TCAGGTACACGAGCCCCATC,0,408528
acrBp,0.5,1,1,TCAGGGTTGGAGGAAAAGCG,0,380458
acrBp,0.5,1,1,TCAGGGGTTTTCCCCAGTCT,0,356787
acrBp,0.5,1,1,TCAGGCTATACGCCAATCCC,0,376578
acrBp,0.5,1,1,TCAGGCACGCCCGCAACATG,0,407083
acrBp,0.5,1,1,TCAGACTGAGTAGGAAGTTA,0,392029
acrBp,0.5,1,1,TCAGAACTGCCCTGATACTG,0,372474
acrBp,0.5,1,1,TCACGGGTTAGAGTGCATAG,0,399129
acrBp,0.5,1,1,TCACATTTTATGTAGAGAGC,0,372932
acrBp,0.5,1,1,TCAATGTCACTGTTTAGCGT,0,384419
acrBp,0.5,1,1,TCAATAAAGGAAGACTATGG,0,394577
acrBp,0.5,1,1,TCAACTGGACGGCATCCGTC,0,390557
acrBp,0.5,1,1,TCAACCTAAGTCCCCTTCAA,0,400321
acrBp,0.5,1,1,TCAACATTAGTTCGGCGAGG,0,395851
acrBp,0.5,1,1,TCAAAGCTATTTAATACTGG,0,379392
acrBp,0.5,1,1,TCAAAGAGACACCTCTTACA,0,369549
acrBp,0.5,1,1,TATTTTCGACGTCAACAGCC,0,405809
acrBp,0.5,1,1,TATTTCCCAAACGGACAACA,0,383206
acrBp,0.5,1,1,TATTTCACTCTCACTTGAAC,0,364102
acrBp,0.5,1,1,TATTTAGTAGGAGTTCGGTG,0,368898
acrBp,0.5,1,1,TATTTACTGTGTTACTCGAA,0,366098
acrBp,0.5,1,1,TATTTACCTTTCGGACTCTA,0,406139
acrBp,0.5,1,1,TATTGTCTAAACTAATCTAT,0,395053
acrBp,0.5,1,1,TATTCGGGTATGGGCATGCC,0,388612
acrBp,0.5,1,1,TATTCGCTTGCAAAAATTAC,0,362624
acrBp,0.5,1,1,TATTCCCCCGTGTGTGCATT,0,394060
acrBp,0.5,1,1,TATTCAGGTATGGTCCCCAC,0,357189
acrBp,0.5,1,1,TATTAGGCGGGTTACATACT,0,394075
acrBp,0.5,1,1,TATTACACGCATCTAACACC,0,390286
acrBp,0.5,1,1,TATTAAGCTCCTTGAGGTGT,0,401732
acrBp,0.5,1,1,TATGCGTTTCCTATATCCGT,0,403573
acrBp,0.5,1,1,TATGATCATTGGGGCCGGGT,0,362519
acrBp,0.5,1,1,TATGACGCCGAATCACACAC,0,362732
acrBp,0.5,1,1,TATGACCCAGTGATAAGAGG,0,370595
acrBp,0.5,1,1,TATCTATTCGTCATATATTT,0,385173
acrBp,0.5,1,1,TATCGTATACAGGAGTAAAT,0,379249
acrBp,0.5,1,1,TATCGCTTTCGAGTGCAGGC,0,387959
acrBp,0.5,1,1,TATCGCAACCCGACTCGTAT,0,404200
acrBp,0.5,1,1,TATCGATACTTTCATAGGAA,0,382159
acrBp,0.5,1,1,TATCGAGTTTACAGGGTATC,0,364600
acrBp,0.5,1,1,TATCCGTGTTTGGGAAAGCT,0,401098
acrBp,0.5,1,1,TATCCAATGGAGTGAGCGCA,0,383174
acrBp,0.5,1,1,TATCAGACGCTATTTTCGAC,0,406077
acrBp,0.5,1,1,TATATCGCCCCAGCTCACCC,0,362842
acrBp,0.5,1,1,TATATCAATCTTTTCGTACG,0,406015
acrBp,0.5,1,1,TATAGGGGGTACACGGCATG,0,396991
acrBp,0.5,1,1,TATACTAATGTACCTATAAT,0,355505
acrBp,0.5,1,1,TATAATTTATAGATAACACA,0,386849
acrBp,0.5,1,1,TATAAGCCGGGTCCAATCTC,0,377253
acrBp,0.5,1,1,TATAAGCCATTTTAGAATCA,0,389343
acrBp,0.5,1,1,TAGTGTTGATTATTTGGCTA,0,361533
acrBp,0.5,1,1,TAGTGCATCTTACGAATTAG,0,380825
acrBp,0.5,1,1,TAGGTGTAAACGTTGATGTA,0,355468
acrBp,0.5,1,1,TAGGTGACTTTCGTGTAATA,0,379443
acrBp,0.5,1,1,TAGGTAAGTCAGGTCTCATT,0,400847
acrBp,0.5,1,1,TAGGGTTCGAATGTAGAGAC,0,396112
acrBp,0.5,1,1,TAGGGGGCTGTCACTCCTCT,0,355172
acrBp,0.5,1,1,TAGGCTCATGGAGCTACATG,0,397632
acrBp,0.5,1,1,TAGGCGGCGCGGGGTTGGCT,0,388931
acrBp,0.5,1,1,TAGGCGGAGGTCGGTGAGAC,0,390945
acrBp,0.5,1,1,TAGGCGAATGAGACATGATT,0,390706
acrBp,0.5,1,1,TAGCTAATCTTTTGCAATTT,0,387089
acrBp,0.5,1,1,TAGCGTAACTGGTGAATACC,0,399156
acrBp,0.5,1,1,TAGCGCCTTCTGTGTTATAA,0,374740
acrBp,0.5,1,1,TAGCGACATCACGCCGATTC,0,367364
acrBp,0.5,1,1,TAGCAGGGGTCGCACAAGTG,0,399638
acrBp,0.5,1,1,TAGCAAAACCGAGCCGAAAC,0,372379
acrBp,0.5,1,1,TAGATTTGCCAAAAGAATCT,0,400363
acrBp,0.5,1,1,TAGATCGGAGGACAAAAATC,0,389443
acrBp,0.5,1,1,TAGATCGCGCAACTGCTCCA,0,359547
acrBp,0.5,1,1,TAGAGTTAGATGTGGTACGG,0,391964
acrBp,0.5,1,1,TAGACTAAACGGCCAGACCT,0,371379
acrBp,0.5,1,1,TAGAAGTTGCATGACTCACT,0,405960
acrBp,0.5,1,1,TAGAACTCCCCACCTGGTCC,0,384978
acrBp,0.5,1,1,TACTGGAAAGTGCTGGTGGG,0,377972
acrBp,0.5,1,1,TACTCCGAAGCATCTCACTG,0,374753
acrBp,0.5,1,1,TACGTTCCATCTATGATCAA,0,389771
acrBp,0.5,1,1,TACGTGCATGAACGGATTAC,0,405098
acrBp,0.5,1,1,TACGGCTGGGTCAAATCCTA,0,382326
acrBp,0.5,1,1,TACGGCTATTTTTATTAGTA,0,358037
acrBp,0.5,1,1,TACGAAATGCAGCAAAGTCA,0,355691
acrBp,0.5,1,1,TACCCGTACCGTAGGCAAGA,0,374908
acrBp,0.5,1,1,TACCCACAAACGTAATACTG,0,406393
acrBp,0.5,1,1,TACCAGTTGCATTCCCATGA,0,383959
acrBp,0.5,1,1,TACCACTTTCTACCATAGCA,0,376319
acrBp,0.5,1,1,TACCAACTTGCGTTAAATGG,0,388916
acrBp,0.5,1,1,TACATTTAAAAGTGTCTGGC,0,398783
acrBp,0.5,1,1,TACATCTGTGGTGAGGGTAG,0,363382
acrBp,0.5,1,1,TACATATGACGAATAGCCAT,0,380499
acrBp,0.5,1,1,TACATAGGGGAAAGCGTTGA,0,405064
acrBp,0.5,1,1,TACAGAAAACGATCAGCAAG,0,361433
acrBp,0.5,1,1,TACACATAATACAGTTCCGA,0,376591
acrBp,0.5,1,1,TACAAGAGCCTGTCGGTTGG,0,378825
acrBp,0.5,1,1,TACAAAGTGTTTGGGGACCA,0,358832
acrBp,0.5,1,1,TAATTTTAAGCGCTATAATT,0,399219
acrBp,0.5,1,1,TAATGTTATGATTGAGTGCA,0,399206
acrBp,0.5,1,1,TAATGCTCTTGTCACACCGA,0,363423
acrBp,0.5,1,1,TAATGCTCGATAAGACGATG,0,356717
acrBp,0.5,1,1,TAATGCCAATCCGCATGCTA,0,369687
acrBp,0.5,1,1,TAATGCACGGGGGCCTTCTC,0,400386
acrBp,0.5,1,1,TAATCGTCGGTTAATTTTCA,0,377256
acrBp,0.5,1,1,TAATATCGAAAGTGCTGCTA,0,377229
acrBp,0.5,1,1,TAATAGGTGTACCTGCAATC,0,384915
acrBp,0.5,1,1,TAAGCATTCTGCAGGGGTCT,0,361195
acrBp,0.5,1,1,TAAGCAGCCCTTAGGAGGGG,0,377487
acrBp,0.5,1,1,TAACTGTCGGAGGCAAGCAA,0,400755
acrBp,0.5,1,1,TAACGTGCAAGTCACATTAA,0,380835
acrBp,0.5,1,1,TAACGGGCATACCGGCGCTG,0,360567
acrBp,0.5,1,1,TAACAGTTCAGGTTGGGCCC,0,371650
acrBp,0.5,1,1,TAAATTTGATTGAAAGTATA,0,378783
acrBp,0.5,1,1,TAAATGACGTCGCGACACAC,0,368343
acrBp,0.5,1,1,TAAAGTGAATTCCGCAATTA,0,394327
acrBp,0.5,1,1,TAAAGAATGATTAGATTTTT,0,401831
acrBp,0.5,1,1,TAAAGAATAAAATGCGTTAA,0,376496
acrBp,0.5,1,1,TAAACGGGTCGGGTCATGCT,0,382878
acrBp,0.5,1,1,TAAACCTAGGTAGTACCGCT,0,368846
acrBp,0.5,1,1,TAAACAAATTTTGCGAATGG,0,387620
acrBp,0.5,1,1,TAAAAATCTCAAGCCAGGGG,0,363618
acrBp,0.5,1,1,GTTTTTTTCGTCAGATCCGG,0,401163
acrBp,0.5,1,1,GTTTTTTGGAAAGTGCGTTG,0,357350
acrBp,0.5,1,1,GTTTTGAGGTCGCCCCTAAG,0,372584
acrBp,0.5,1,1,GTTTTCCGTGCCCCGGTATT,0,375037
acrBp,0.5,1,1,GTTTTAGCGCTAAAGAGTAC,0,378939
acrBp,0.5,1,1,GTTTTAGCCGGCGGGTAGCA,0,395518
acrBp,0.5,1,1,GTTTGTGTGAGTATGCATAC,0,392023
acrBp,0.5,1,1,GTTTGTCCCCTCTGTAAGTG,0,402228
acrBp,0.5,1,1,GTTTGATATCTGTTTCTACG,0,393571
acrBp,0.5,1,1,GTTTATCCACCCGCTCGAGA,0,361042
acrBp,0.5,1,1,GTTTATACGACCCCGTAGCA,0,376289
acrBp,0.5,1,1,GTTTAGGGTAAATAGGGAGT,0,377956
acrBp,0.5,1,1,GTTTAGACCATGGCCCCACT,0,380489
acrBp,0.5,1,1,GTTGTGCGAAGACACGGGAG,0,403894
acrBp,0.5,1,1,GTTGTCTTCTATCCATAACG,0,387345
acrBp,0.5,1,1,GTTGTATGCCCCGGCCACAA,0,372023
acrBp,0.5,1,1,GTTGGGGGAGTGGTAAAATG,0,406988
acrBp,0.5,1,1,GTTGGACCCCACTTTATGAT,0,383506
acrBp,0.5,1,1,GTTGGAAGTCGTTTGAAGAG,0,370667
acrBp,0.5,1,1,GTTGCGTACTTTATCTTACG,0,389910
acrBp,0.5,1,1,GTTGCGCGAGCCTTCTCGTT,0,369732
acrBp,0.5,1,1,GTTGCATTATATGATCAGGT,0,395084
acrBp,0.5,1,1,GTTGCATCGTGGCGGGCCAC,0,391362
acrBp,0.5,1,1,GTTGCAACACCGATCCACGG,0,387865
acrBp,0.5,1,1,GTTGCAAACGCGGATGTAGA,0,374855
acrBp,0.5,1,1,GTTGATCATGCAACCAACAC,0,406974
acrBp,0.5,1,1,GTTGATATCTTCCGCATGCC,0,391984
acrBp,0.5,1,1,GTTGAGCCGACCTTTTGGAG,0,380377
acrBp,0.5,1,1,GTTGACTAATTATCCTCAAT,0,364131
acrBp,0.5,1,1,GTTCTTACGCATTGGACGCT,0,405817
acrBp,0.5,1,1,GTTCTGTCTGAATGACGCGC,0,395160
acrBp,0.5,1,1,GTTCTGGTCATTAGAGATAT,0,375253
acrBp,0.5,1,1,GTTCTGCCAGGACTTTCCGC,0,402261
acrBp,0.5,1,1,GTTCGTCAATCTCCATCTGG,0,364472
acrBp,0.5,1,1,GTTCGAGGTGTTGGGGATCA,0,358932
acrBp,0.5,1,1,GTTCGAATTACACGGTCCAA,0,370745
acrBp,0.5,1,1,GTTCCTACGCGCAGAAGGGA,0,406419
acrBp,0.5,1,1,GTTATCATTGGGTAAAAAAG,0,379040
acrBp,0.5,1,1,GTTAGGGGCGAGAGGGTTAA,0,401192
acrBp,0.5,1,1,GTTAGCACATGTTTAGCTCG,0,405885
acrBp,0.5,1,1,GTTAGACTGGCCAAGAGAGG,0,357660
acrBp,0.5,1,1,GTTAGAATGTTGCATGGCAG,0,386827
acrBp,0.5,1,1,GTTACGATATTGGCCTATAC,0,375765
acrBp,0.5,1,1,GTTAATCGCCGCGGCCATAG,0,365261
acrBp,0.5,1,1,GTTAATCACCGTTAGCCCGT,0,392356
acrBp,0.5,1,1,GTTAATAAGGGCGATCCGTG,0,388528
acrBp,0.5,1,1,GTGTTCCTACGAGTGACTCT,0,363132
acrBp,0.5,1,1,GTGTTAACGCATCAAACCAA,0,358711
acrBp,0.5,1,1,GTGTGACCTGCAAAGGTATT,0,378116
acrBp,0.5,1,1,GTGTCTTTGTCACGTAAGGG,0,364807
acrBp,0.5,1,1,GTGTCTGTAAGGTCCCCATA,0,366892
acrBp,0.5,1,1,GTGTCTACCCAGTATATACG,0,383875
acrBp,0.5,1,1,GTGTAGAGGCCGTTATGTCG,0,396313
acrBp,0.5,1,1,GTGTACCACATGGAGGCCAT,0,374992
acrBp,0.5,1,1,GTGGTCTCTCTCTCACTGAT,0,357372
acrBp,0.5,1,1,GTGGGTCACACGGAAATATA,0,390219
acrBp,0.5,1,1,GTGGGATAACGCATCGAAAG,0,373995
acrBp,0.5,1,1,GTGGGAGGGTGCTAGGAGGG,0,359368
acrBp,0.5,1,1,GTGGCGTAACGGATGGCTTT,0,397730
acrBp,0.5,1,1,GTGGCGGAACAGAATGTATT,0,399120
acrBp,0.5,1,1,GTGGCCCGTATGTAGTCGCT,0,361353
acrBp,0.5,1,1,GTGGATTAGACGGGGGGCCA,0,369611
acrBp,0.5,1,1,GTGGATGTGACATCACAGGA,0,388890
acrBp,0.5,1,1,GTGCTTACGTAGTGTTGGAA,0,367476
acrBp,0.5,1,1,GTGCGTGATTCTCCCCGAGT,0,385981
acrBp,0.5,1,1,GTGCGTCCATGGGTCTTGCG,0,380137
acrBp,0.5,1,1,GTGCCCTAGGTAATCAGTGC,0,408224
acrBp,0.5,1,1,GTGCCCCCGGTTAAACCTCC,0,366963
acrBp,0.5,1,1,GTGCAAGGTCTTGCCACGGC,0,389089
acrBp,0.5,1,1,GTGATTTTGTGCGGGAGGTT,0,363157
acrBp,0.5,1,1,GTGATTAGGACTGCGGATAT,0,399719
acrBp,0.5,1,1,GTGATGAGGGAGGGATGGGG,0,374110
acrBp,0.5,1,1,GTGATAATGAAATGATAGTC,0,400893
acrBp,0.5,1,1,GTGAGTCCACAGGAAAGAGC,0,396412
acrBp,0.5,1,1,GTGACCTCCAGGCACGGTCC,0,371295
acrBp,0.5,1,1,GTGACATCTTTTTCGGACAT,0,386096
acrBp,0.5,1,1,GTGAAGGTCATTAGGACAGA,0,404905
acrBp,0.5,1,1,GTGAAGCAATGAACTACTTT,0,401692
acrBp,0.5,1,1,GTGAAAGACTGATTTTTCCT,0,406700
acrBp,0.5,1,1,GTCTTTAAGGGCGACACCCT,0,398226
acrBp,0.5,1,1,GTCTTCGTAGCAGGTTGATG,0,365564
acrBp,0.5,1,1,GTCTTCAGCCGATCCAAGGT,0,391421
acrBp,0.5,1,1,GTCTTCAGAGCGGCATAGCG,0,380678
acrBp,0.5,1,1,GTCTTATCGGCTCTGGGTCG,0,371480
acrBp,0.5,1,1,GTCTTACTGATCACAGGAAC,0,402063
acrBp,0.5,1,1,GTCTGTGGCAAGCAGAGCAA,0,397313
acrBp,0.5,1,1,GTCTGTCCTCTATTGCCACT,0,397271
acrBp,0.5,1,1,GTCTGCGCACGGGAAAACCA,0,374503
acrBp,0.5,1,1,GTCTCCTTCGAAAGAGGGTA,0,368063
acrBp,0.5,1,1,GTCTCCAGGACCCAGTATTA,0,378123
acrBp,0.5,1,1,GTCTAGCCGTGACATATGAA,0,378083
acrBp,0.5,1,1,GTCTAGCCAATATTCTGAGT,0,398817
acrBp,0.5,1,1,GTCGTGCCAAACAGGACCTA,0,386408
acrBp,0.5,1,1,GTCGTGATGAGGTTGGCAAG,0,385856
acrBp,0.5,1,1,GTCGGTTAGTCAGTCCGCGC,0,387927
acrBp,0.5,1,1,GTCGGGGAAGAGGGCGGACA,0,375766
acrBp,0.5,1,1,GTCGGCTTCTGGAATACAGC,0,384704
acrBp,0.5,1,1,GTCGCTTCCCCCTTCTTCGG,0,383767
acrBp,0.5,1,1,GTCGCCTATGCATGTGGCCC,0,394163
acrBp,0.5,1,1,GTCGAAGGAACCATCCCGCC,0,405310
acrBp,0.5,1,1,GTCCTTGGCCCGGATGGCAG,0,362416
acrBp,0.5,1,1,GTCCTCTTGCCCGGACATTT,0,408398
acrBp,0.5,1,1,GTCCTCACGGTAAGTCCTCT,0,364843
acrBp,0.5,1,1,GTCCGTACCGCGCAAACCAC,0,408379
acrBp,0.5,1,1,GTCCGCTTCTTGGCGCCCAA,0,393220
acrBp,0.5,1,1,GTCCCGTGATGGACAGTCCG,0,372301
acrBp,0.5,1,1,GTCATGTGTAGGAGCGGGAA,0,372735
acrBp,0.5,1,1,GTCAGGGGCGCGATATACGG,0,369311
acrBp,0.5,1,1,GTCACTCCGGTTGACGGCTC,0,361948
acrBp,0.5,1,1,GTCACCCAGGGGTTTCGATT,0,365555
acrBp,0.5,1,1,GTCAAGTCCGTTATCCATTA,0,365356
acrBp,0.5,1,1,GTCAAGATAAGTCATTCATA,0,364432
acrBp,0.5,1,1,GTCAAAGGAACTGGCAACGT,0,385938
acrBp,0.5,1,1,GTATTGGCTAATTATCTGCC,0,387111
acrBp,0.5,1,1,GTATTAAACCCAAGTGAAGG,0,391886
acrBp,0.5,1,1,GTATGGAAAGGAATGCGTGA,0,395192
acrBp,0.5,1,1,GTATGCTTGCGCTCTGTCTT,0,392466
acrBp,0.5,1,1,GTATCTTGTCTTTCCAACCC,0,376244
acrBp,0.5,1,1,GTATCGTTTAACCTAGCACA,0,381108
acrBp,0.5,1,1,GTATAAGGTACCACCGCTTA,0,389303
acrBp,0.5,1,1,GTAGTTTTCGTACCGTTCAG,0,385334
acrBp,0.5,1,1,GTAGTAAGAAGCTTCATCTC,0,366787
acrBp,0.5,1,1,GTAGGCATGGGAGTGCATCG,0,358216
acrBp,0.5,1,1,GTAGCTCATGCCACTCGCAT,0,394262
acrBp,0.5,1,1,GTAGCTACGCGTGGTAACGT,0,356127
acrBp,0.5,1,1,GTAGCGCTCCGGGCACCATA,0,407982
acrBp,0.5,1,1,GTAGCAGAGTGAACCAGTTA,0,383042
acrBp,0.5,1,1,GTACTGCAAGAGGACACAAA,0,379141
acrBp,0.5,1,1,GTACTCGTCTGGCCCAAAAT,0,390359
acrBp,0.5,1,1,GTACTATCATTAGCTAAATT,0,401809
acrBp,0.5,1,1,GTACGTTAGCAAACGGGAGC,0,372254
acrBp,0.5,1,1,GTACGTAGTCGTTCTGATTT,0,401778
acrBp,0.5,1,1,GTACGGGGCGCGACACAGCG,0,375890
acrBp,0.5,1,1,GTACCTTCCGTAATAAAATG,0,375519
acrBp,0.5,1,1,GTACCTGGGCTTTTATGTCA,0,358248
acrBp,0.5,1,1,GTACCTGCATCGCAAAATAG,0,397981
acrBp,0.5,1,1,GTACAAAGAACAAGCCTACC,0,376072
acrBp,0.5,1,1,GTAATTCTAACTTTGTGTAC,0,375058
acrBp,0.5,1,1,GTAATGATTACCGGCTCTCG,0,369058
acrBp,0.5,1,1,GTAATACAGACTCCCAACTG,0,365789
acrBp,0.5,1,1,GTAATAACAGAAGGGGGGTA,0,382174
acrBp,0.5,1,1,GTAAGTTTCACGACTAAATT,0,396973
acrBp,0.5,1,1,GTAAGTGGTTTAATCGTGAA,0,365759
acrBp,0.5,1,1,GTAACGCAGGTGTCCGTAGT,0,383833
acrBp,0.5,1,1,GTAACCTAAGCTTCTCCTCC,0,373343
acrBp,0.5,1,1,GTAACCTAAGCTTCTCCAAC,0,373366
acrBp,0.5,1,1,GTAACACAGACTCTCTGGGT,0,361309
acrBp,0.5,1,1,GTAAAGCCCCGTCAGCTGTA,0,389974
acrBp,0.5,1,1,GTAAACCAGGCCACCATCAC,0,377012
acrBp,0.5,1,1,GTAAAACCGTCAGGTACCCA,0,385324
acrBp,0.5,1,1,GGTTTTTCTGCTCCGTGTAT,0,369005
acrBp,0.5,1,1,GGTTTTTAGTGTATCAATGT,0,396242
acrBp,0.5,1,1,GGTTTGAGACAACAGAGAGT,0,371213
acrBp,0.5,1,1,GGTTTGAAGATCTACACGGT,0,355498
acrBp,0.5,1,1,GGTTTCTAGTTTATACTTTA,0,376173
acrBp,0.5,1,1,GGTTTCGGATAGATGCGTGT,0,397940
acrBp,0.5,1,1,GGTTGTTCCTGGAATGGGTT,0,395674
acrBp,0.5,1,1,GGTTGTATCTGCTAGGAGTC,0,401251
acrBp,0.5,1,1,GGTTGGTCATCGAGTTTTCT,0,406442
acrBp,0.5,1,1,GGTTGCCCCGTAATCTGTCT,0,398730
acrBp,0.5,1,1,GGTTCCGATACACAAATGAC,0,362825
acrBp,0.5,1,1,GGTTCCGAAACGATGGTGTA,0,395607
acrBp,0.5,1,1,GGTTATTATCCAACCTGGCG,0,387190
acrBp,0.5,1,1,GGTTACCCACAAGCTCGGAC,0,406904
acrBp,0.5,1,1,GGTTAAGATATCGAGTCATT,0,370283
acrBp,0.5,1,1,GGTGTGTTATGTGGATTCTG,0,391698
acrBp,0.5,1,1,GGTGGGGGAAAATGCTCCGA,0,393373
acrBp,0.5,1,1,GGTGGGGATGCGTCAGCGAT,0,394328
acrBp,0.5,1,1,GGTGGCTCTTAAACATAGTT,0,374308
acrBp,0.5,1,1,GGTGGCGTTGGCTATAGGAC,0,406941
acrBp,0.5,1,1,GGTGCGTCCACGTTTTCACC,0,376498
acrBp,0.5,1,1,GGTGAGGACTCTCGTATCGC,0,383141
acrBp,0.5,1,1,GGTGACCAGCGCTCCCACCA,0,388737
acrBp,0.5,1,1,GGTGAAGCGTCCACGACGGT,0,373111
acrBp,0.5,1,1,GGTCTTCCCGGCTGGATCTG,0,371657
acrBp,0.5,1,1,GGTCGCCCGTTCTGCAGAAA,0,400618
acrBp,0.5,1,1,GGTCATGTGGCTAGAAGGGT,0,376793
acrBp,0.5,1,1,GGTCATATTGTTAGAGGTCA,0,355046
acrBp,0.5,1,1,GGTCAATACGCTCCCCTCGT,0,383855
acrBp,0.5,1,1,GGTCAACGAATCTCCGGTGC,0,368835
acrBp,0.5,1,1,GGTATTTACCGTACGGCGGG,0,361646
acrBp,0.5,1,1,GGTATTAAGTATGCCTGCCA,0,355838
acrBp,0.5,1,1,GGTATCGATAGCGCGCGTTG,0,387935
acrBp,0.5,1,1,GGTATAATATTACACCGTAT,0,385833
acrBp,0.5,1,1,GGTAGAATTTGTCTGAGCCT,0,403440
acrBp,0.5,1,1,GGTACTCGCAAATTTAGTAA,0,376442
acrBp,0.5,1,1,GGTACGTCGCACAACTTTTA,0,385747
acrBp,0.5,1,1,GGTACGCCTAACCCTTTAGA,0,389137
acrBp,0.5,1,1,GGTACAGGACAACAATACTC,0,403620
acrBp,0.5,1,1,GGGTTCGTCCGACCGCCGCT,0,390943
acrBp,0.5,1,1,GGGTGGTGTAATGTCACCGT,0,401754
acrBp,0.5,1,1,GGGTGGGGCTGAGGCCCTGA,0,372101
acrBp,0.5,1,1,GGGTGGGAAGGGGGGCAGTA,0,368104
acrBp,0.5,1,1,GGGTGGAAAGGACGTGGTTA,0,389245
acrBp,0.5,1,1,GGGTGCTAACGGGGAGTAAG,0,382395
acrBp,0.5,1,1,GGGTGCGCGGATTTCTGTTT,0,360732
acrBp,0.5,1,1,GGGTCTATTTTTCTTTCCAC,0,401942
acrBp,0.5,1,1,GGGTCGTCTTAAGGACTGTT,0,385791
acrBp,0.5,1,1,GGGTCGTAATAGCATTATGT,0,365465
acrBp,0.5,1,1,GGGTCATAAGCCATGGAATG,0,360331
acrBp,0.5,1,1,GGGTATTTCAGTCGGGTCTC,0,368693
acrBp,0.5,1,1,GGGTATGCTGAGCTAGGCAG,0,391593
acrBp,0.5,1,1,GGGTATAATAGAACTTAGTT,0,375151
acrBp,0.5,1,1,GGGGTTGCGAACGAATTGTG,0,384731
acrBp,0.5,1,1,GGGGTTCGCCCGTCTAATCC,0,358021
acrBp,0.5,1,1,GGGGGTGCTTCACGAAAGCA,0,401789
acrBp,0.5,1,1,GGGGGTAAGGTTGTGTTATA,0,380466
acrBp,0.5,1,1,GGGGGGTTCTTTTGCCCATC,0,361257
acrBp,0.5,1,1,GGGGGGAAGTCACCCCCCGA,0,380888
acrBp,0.5,1,1,GGGGGCTTACGTTCCTATTT,0,397344
acrBp,0.5,1,1,GGGGGCGCTGACAGTTTCAT,0,407838
acrBp,0.5,1,1,GGGGGCACCGGGAGGTCACA,0,368616
acrBp,0.5,1,1,GGGGCTACATGGGACCCATC,0,398125
acrBp,0.5,1,1,GGGGCCCCAGTATTAATAGT,0,390914
acrBp,0.5,1,1,GGGCTCCAGAATGCCAGCGG,0,398663
acrBp,0.5,1,1,GGGCATATCGAACTAATTTT,0,369843
acrBp,0.5,1,1,GGGATGGGCGACGGCGAGTT,0,391577
acrBp,0.5,1,1,GGGATGAGGACAAAGCACGG,0,405752
acrBp,0.5,1,1,GGGATCAATCAGACAGCCGT,0,369880
acrBp,0.5,1,1,GGGAGGTGTCATAGGAGAAT,0,401342
acrBp,0.5,1,1,GGGAGGTACATGTGCGCCCT,0,397630
acrBp,0.5,1,1,GGGAGATTATTTGAAGTCAT,0,406952
acrBp,0.5,1,1,GGGACAGGGAAATCGCGAGT,0,362718
acrBp,0.5,1,1,GGGAACAGGGCAACAAATGG,0,374972
acrBp,0.5,1,1,GGGAAATAGCCAAAGCGAGG,0,365625
acrBp,0.5,1,1,GGGAAACCTTTGTGTCGGCC,0,391231
acrBp,0.5,1,1,GGCTTCCTACGAGTCACCAG,0,403661
acrBp,0.5,1,1,GGCTTACTACGTGACAGGCT,0,358415
acrBp,0.5,1,1,GGCTTAAACGGTGCCGCTCA,0,405689
acrBp,0.5,1,1,GGCTGCCGGAGAATGTTGTC,0,366481
acrBp,0.5,1,1,GGCTCGTCAATATTCGCGGG,0,400915
acrBp,0.5,1,1,GGCTCGGTGGTATCCTGGAC,0,385834
acrBp,0.5,1,1,GGCTCCCGCAACGTGCACGT,0,356469
acrBp,0.5,1,1,GGCTCCAAACTTTCATGTTC,0,403947
acrBp,0.5,1,1,GGCTCAGGGGACTTTCGTTT,0,401834
acrBp,0.5,1,1,GGCTCAGCAGGTTTCTGGAA,0,364809
acrBp,0.5,1,1,GGCTATAATCCCTCACCCGC,0,391010
acrBp,0.5,1,1,GGCGTTTGGGCAGGCCACCA,0,356162
acrBp,0.5,1,1,GGCGTGTCCCTACGTCACGG,0,383558
acrBp,0.5,1,1,GGCGTCTATTGGCCTACTTT,0,390250
acrBp,0.5,1,1,GGCGGTGGCATTCTCAGACC,0,371688
acrBp,0.5,1,1,GGCGGTCATTGCAAGAAATG,0,387766
acrBp,0.5,1,1,GGCGGACTCCCCAGTGAAGC,0,365244
acrBp,0.5,1,1,GGCGGACCCCTCTGAGGGAG,0,364356
acrBp,0.5,1,1,GGCGGAATCTGAGTATATTA,0,403491
acrBp,0.5,1,1,GGCGAGGCGGCCGGCTATGT,0,391461
acrBp,0.5,1,1,GGCCTTAGTATGGGTCATCG,0,400015
acrBp,0.5,1,1,GGCCGACTGCTCTTAGTCCG,0,392078
acrBp,0.5,1,1,GGCCCGTCTATAAGTGGGAA,0,388343
acrBp,0.5,1,1,GGCCATTTTCCTAATCCGAG,0,388770
acrBp,0.5,1,1,GGCCATATGTGACCACGCCC,0,372493
acrBp,0.5,1,1,GGCCACGGCTACGCGGTTGT,0,375047
acrBp,0.5,1,1,GGCATTTTGGCACGAACTGT,0,389917
acrBp,0.5,1,1,GGCATAATCTTACGGCATAG,0,393675
acrBp,0.5,1,1,GGCAGGGGCGAGTTTGGGTC,0,395121
acrBp,0.5,1,1,GGCAGGAATTGAGATTGATC,0,408519
acrBp,0.5,1,1,GGCACTTTACTAAGCAAGGG,0,361629
acrBp,0.5,1,1,GGCACATGTTCTCTCGGCTT,0,360893
acrBp,0.5,1,1,GGCAAGTGCCTTGGCCTGCA,0,386663
acrBp,0.5,1,1,GGCAAACAGAAAGGTTGTAC,0,362790
acrBp,0.5,1,1,GGATGCTCGCACCAATCCCA,0,396896
acrBp,0.5,1,1,GGATGCGAGATGTAAATGAG,0,378622
acrBp,0.5,1,1,GGATGATGATCTTGCTTCAT,0,399857
acrBp,0.5,1,1,GGATCTTCACAACAGACGAG,0,357212
acrBp,0.5,1,1,GGATCCCGAATAACACCTCC,0,386839
acrBp,0.5,1,1,GGAGGCGTGACATTAGTCGT,0,382614
acrBp,0.5,1,1,GGAGCTAAGACGGTCTACAT,0,397278
acrBp,0.5,1,1,GGAGCGTGGGCGTCCTGTCT,0,376419
acrBp,0.5,1,1,GGAGAGCAAAAGCGGGATTT,0,356845
acrBp,0.5,1,1,GGACTTTATAGTACAGGTTC,0,405640
acrBp,0.5,1,1,GGACTATACTCTGACTCGCT,0,376097
acrBp,0.5,1,1,GGACGTCCGCCGCAGAGCAT,0,370513
acrBp,0.5,1,1,GGACCGCAGGGTACTCGCGT,0,371988
acrBp,0.5,1,1,GGACCAACATCGCGGAATCC,0,386047
acrBp,0.5,1,1,GGACAGTAGTTTGGTTGGTT,0,369601
acrBp,0.5,1,1,GGACAAGTTTTAGGTGTCAT,0,377318
acrBp,0.5,1,1,GGACAAGGCGGATGTCACTC,0,372790
acrBp,0.5,1,1,GGACAAACTGTGTAGATCTC,0,359449
acrBp,0.5,1,1,GGACAAACCTCTCGTGTGTA,0,369489
acrBp,0.5,1,1,GGAATTTGCGGTAGAACTGC,0,375864
acrBp,0.5,1,1,GGAATTCTAGTCAAGGATTC,0,388090
acrBp,0.5,1,1,GGAATTCGCCGCCTGCCATC,0,375255
acrBp,0.5,1,1,GGAATGAACTAATCAGATCC,0,356853
acrBp,0.5,1,1,GGAAGCAAGCCGAGAACGAA,0,395100
acrBp,0.5,1,1,GGAACTACCAGGATCAGTAA,0,406701
acrBp,0.5,1,1,GGAACATACTCCGTACGTGG,0,392882
acrBp,0.5,1,1,GGAAAGTCAACACGCACTAC,0,373744
acrBp,0.5,1,1,GCTTTCGACTTGATACCTAT,0,382818
acrBp,0.5,1,1,GCTTGTACTCACCCAAGCGA,0,381113
acrBp,0.5,1,1,GCTTGGGCTTCGAGTCAGCA,0,403154
acrBp,0.5,1,1,GCTTGGGACTCGCCGCTCGA,0,360165
acrBp,0.5,1,1,GCTTCTCGGCGAATCATCAG,0,367145
acrBp,0.5,1,1,GCTTCGACTGTTCGATCGCC,0,395137
acrBp,0.5,1,1,GCTTCAGATCACGGGTAGGA,0,390836
acrBp,0.5,1,1,GCTTCACGACGGCTTTACGT,0,372613
acrBp,0.5,1,1,GCTTCAACCAAAAAAAAGCA,0,385361
acrBp,0.5,1,1,GCTTACGCCAAAACGCTTTC,0,357592
acrBp,0.5,1,1,GCTGTGTTTCAGGCGCAACG,0,374490
acrBp,0.5,1,1,GCTGTATGTCAATGTTGGAT,0,400497
acrBp,0.5,1,1,GCTGTAGAGTAGGTAGCTCA,0,400580
acrBp,0.5,1,1,GCTGGCTCAGTCCTATCGTT,0,379232
acrBp,0.5,1,1,GCTGGAGAATATGAATAGCG,0,390089
acrBp,0.5,1,1,GCTGCATCTTTGGTCCTGAC,0,390559
acrBp,0.5,1,1,GCTGCAGGAAATGTGAAATC,0,393338
acrBp,0.5,1,1,GCTGATGCCTTTCAGGATCA,0,377864
acrBp,0.5,1,1,GCTGATAACGTTGTACACCA,0,382427
acrBp,0.5,1,1,GCTGACTAGGCAGCCGAATG,0,364908
acrBp,0.5,1,1,GCTGACGTGCCTTGATATAT,0,384265
acrBp,0.5,1,1,GCTGAAGGGTGACGACAGGT,0,398484
acrBp,0.5,1,1,GCTCTTAGTATGTCAGCTAG,0,386344
acrBp,0.5,1,1,GCTCTTAATATGTCCATCAA,0,393258
acrBp,0.5,1,1,GCTCTCAAGGACAGGCATTG,0,393035
acrBp,0.5,1,1,GCTCGTCAGCGAAGTCCGGT,0,378089
acrBp,0.5,1,1,GCTCGGTCATATGCGTGATT,0,373070
acrBp,0.5,1,1,GCTCCATTGCGACATTGGTG,0,392359
acrBp,0.5,1,1,GCTATGTATCACACGGACGG,0,363016
acrBp,0.5,1,1,GCTACTTAACAACCCTCCTT,0,361757
acrBp,0.5,1,1,GCTACTGATGTGCACACAGG,0,359016
acrBp,0.5,1,1,GCTACACGCGGTTTAATACC,0,376472
acrBp,0.5,1,1,GCTAATACTTGGTGAATAAT,0,357326
acrBp,0.5,1,1,GCTAAAACTTGTTGACGAGA,0,377342
acrBp,0.5,1,1,GCGTTGGGATAACGTACTCT,0,399407
acrBp,0.5,1,1,GCGTTCATCACTCCGAAGAA,0,373151
acrBp,0.5,1,1,GCGTGCTTTATAGACGAATC,0,381771
acrBp,0.5,1,1,GCGTCGCTCTCCGCCTCGCA,0,380289
acrBp,0.5,1,1,GCGTATAATTCAGACGATCT,0,392590
acrBp,0.5,1,1,GCGGTTGGAGCCCATCGTGT,0,391059
acrBp,0.5,1,1,GCGGTGGCAAGAAACTGTAC,0,403655
acrBp,0.5,1,1,GCGGTCGGGTGGAGATTGTG,0,397562
acrBp,0.5,1,1,GCGGTCACTGGGTGATCCTG,0,382730
acrBp,0.5,1,1,GCGGGTGGGTAGCTTCTTAC,0,408557
acrBp,0.5,1,1,GCGGGCAACTGGTGTGCAGC,0,359355
acrBp,0.5,1,1,GCGGCGCACAGCCTGGTGGA,0,389523
acrBp,0.5,1,1,GCGGCGAGGTAATCCAATGC,0,358629
acrBp,0.5,1,1,GCGGCGACCAGTGGACAGAT,0,383734
acrBp,0.5,1,1,GCGGCACGCGGCCGCTCTAT,0,394991
acrBp,0.5,1,1,GCGGATTGAGCGCCAAGCCA,0,389310
acrBp,0.5,1,1,GCGGAGTGATTAGACGAAGA,0,377449
acrBp,0.5,1,1,GCGGAGATAAATGCTATCTC,0,381898
acrBp,0.5,1,1,GCGGACACCCCGTGGGGGGG,0,367635
acrBp,0.5,1,1,GCGCTTGGGTAAAACGGTGA,0,355208
acrBp,0.5,1,1,GCGCTCCCCGGAAGACCCTC,0,373017
acrBp,0.5,1,1,GCGCTCCAATTCTCCTCTCA,0,371236
acrBp,0.5,1,1,GCGCTAGCGACCGGCGGTTT,0,392316
acrBp,0.5,1,1,GCGCGTGGTAGTAAACTCAC,0,375275
acrBp,0.5,1,1,GCGCGAGACACGTGGACGGG,0,357260
acrBp,0.5,1,1,GCGCCGAGTCCTTGTTCAAT,0,365006
acrBp,0.5,1,1,GCGCAGAAGGCCAGCGCGAT,0,394405
acrBp,0.5,1,1,GCGCACTAAGCCAATGTTAT,0,374222
acrBp,0.5,1,1,GCGATCGCAAAGTAGAGCAT,0,402174
acrBp,0.5,1,1,GCGAGCGAACCGCAGTCTCC,0,366541
acrBp,0.5,1,1,GCGAAAGTAGGCCTGGGCCC,0,373268
acrBp,0.5,1,1,GCGAAAGCCAGTACCGTAAT,0,402526
acrBp,0.5,1,1,GCCTTGTCAATATTAACGCG,0,406747
acrBp,0.5,1,1,GCCTTACGGTTTTCTCGCAC,0,399973
acrBp,0.5,1,1,GCCTTAACCCGTGTGCAATG,0,408025
acrBp,0.5,1,1,GCCTGGAGATACCAAATCAG,0,400130
acrBp,0.5,1,1,GCCTCAGAGTGCTGGAGAGA,0,403882
acrBp,0.5,1,1,GCCTAGCATAAGTTGCACGC,0,406200
acrBp,0.5,1,1,GCCGTCCAGCAGTGCAGTTC,0,402332
acrBp,0.5,1,1,GCCGCGACCACATCCTATCC,0,399568
acrBp,0.5,1,1,GCCGCCAAAAAATCAAAATT,0,357431
acrBp,0.5,1,1,GCCGCACGTATACGAGATAA,0,398177
acrBp,0.5,1,1,GCCCTCGTACGGAGGGACTC,0,367734
acrBp,0.5,1,1,GCCCGTTGAAGAAGGATACT,0,393216
acrBp,0.5,1,1,GCCCGAACACAGGCTACAAT,0,376237
acrBp,0.5,1,1,GCCCCGTAGGGGCATTACCC,0,365998
acrBp,0.5,1,1,GCCCCCTCAGAAGAAGGCAT,0,401347
acrBp,0.5,1,1,GCCCCCTATGGTGATTAATA,0,395293
acrBp,0.5,1,1,GCCCCAGCGCATGGCGGGAC,0,398598
acrBp,0.5,1,1,GCCCCACCAGCATGCGAGAA,0,381586
acrBp,0.5,1,1,GCCCATGCCTCTCTGGCAAC,0,406176
acrBp,0.5,1,1,GCCATGGCCCGACACAGGCT,0,360692
acrBp,0.5,1,1,GCCATGGATATTTCTTGCTG,0,376914
acrBp,0.5,1,1,GCCATCTGTCGTGCGCCACC,0,395693
acrBp,0.5,1,1,GCCAGTGCCCTCCCCAGCGC,0,398240
acrBp,0.5,1,1,GCCAGTCTTCGCGGTCGACA,0,357034
acrBp,0.5,1,1,GCCAGGACCTAGCGTCACTA,0,372297
acrBp,0.5,1,1,GCCAGCGTCCTACTTTGAAC,0,396557
acrBp,0.5,1,1,GCCAGAAGCTAGTGACCTCC,0,394046
acrBp,0.5,1,1,GCCAGAACTCTATCCCGTCC,0,377521
acrBp,0.5,1,1,GCCACGTGCCGACGACATTC,0,399906
acrBp,0.5,1,1,GCCACATCTAGGAAAGCTAC,0,363357
acrBp,0.5,1,1,GCCAAGAGACAGATATGAGC,0,355816
acrBp,0.5,1,1,GCATTACCGGCATGGTCACG,0,373483
acrBp,0.5,1,1,GCATGGTGCTGACTGTCATG,0,371015
acrBp,0.5,1,1,GCATGGCACGTCTTCCTAGC,0,386202
acrBp,0.5,1,1,GCATGCACATGGTACTCTAT,0,365756
acrBp,0.5,1,1,GCATCGTGCATACACCCTTG,0,357257
acrBp,0.5,1,1,GCATACTAACATAACGGAGT,0,362003
acrBp,0.5,1,1,GCAGTTACATACATGTCCTT,0,389252
acrBp,0.5,1,1,GCAGTGTACAAACGGTCCGG,0,367530
acrBp,0.5,1,1,GCAGTCCTATAAATCTCTGG,0,377274
acrBp,0.5,1,1,GCAGGTCCCTCTCTACCGCA,0,376526
acrBp,0.5,1,1,GCAGGTATGTAGTTAAGCAG,0,407787
acrBp,0.5,1,1,GCAGGGATTTCTTGGAACGT,0,372793
acrBp,0.5,1,1,GCAGGGAGGGGCGCCTCCCG,0,380216
acrBp,0.5,1,1,GCAGCTCCTTCACTCGTGGG,0,365726
acrBp,0.5,1,1,GCAGCTATCATGCTTACGAT,0,364020
acrBp,0.5,1,1,GCAGACATATAACCGCCAGA,0,374439
acrBp,0.5,1,1,GCACTCCCCTCGGGGTGACG,0,368762
acrBp,0.5,1,1,GCACTCACCCACGATCCGAC,0,403865
acrBp,0.5,1,1,GCACGCCTTTAGCGCTCGCT,0,395765
acrBp,0.5,1,1,GCACCGCCTATCGACGGAAA,0,403935
acrBp,0.5,1,1,GCAATTTTGAGGGGAGATTG,0,387948
acrBp,0.5,1,1,GCAAGTCCGGCACGAATAGT,0,375097
acrBp,0.5,1,1,GCAACTCATGCACTGTCGTG,0,403523
acrBp,0.5,1,1,GCAACGTGCTGTACGGGAGA,0,381447
acrBp,0.5,1,1,GCAACGCTATATCTCCGTGA,0,407241
acrBp,0.5,1,1,GCAACCTTAGTTAACGTACT,0,397157
acrBp,0.5,1,1,GATTGTTGTGAATCTCATTT,0,366975
acrBp,0.5,1,1,GATTGGCGCATCAAGGATAC,0,378237
acrBp,0.5,1,1,GATTGCGCGCGGTTCTATAA,0,380726
acrBp,0.5,1,1,GATTGCGATTATAGGATTGG,0,396861
acrBp,0.5,1,1,GATTGAAGAGTTGTACTTGG,0,356114
acrBp,0.5,1,1,GATTCGACTCGGGTAAATTC,0,357645
acrBp,0.5,1,1,GATTCATACTTAACCGTATG,0,355704
acrBp,0.5,1,1,GATTCAGATTGACGCCAGAG,0,355080
acrBp,0.5,1,1,GATTACTCCGCACAATACGG,0,404133
acrBp,0.5,1,1,GATTACACCCCTACAAATCC,0,375982
acrBp,0.5,1,1,GATGTCTAATACCGTGTCAG,0,375124
acrBp,0.5,1,1,GATGTAGAGTTATAACCATG,0,362653
acrBp,0.5,1,1,GATGAACTAAGAGGATGGCA,0,406706
acrBp,0.5,1,1,GATCTTGTGTGCTCGCGATC,0,399011
acrBp,0.5,1,1,GATCTCTCTGTGGCCTAGCG,0,381001
acrBp,0.5,1,1,GATCGTCATTTCTAATCCAT,0,358935
acrBp,0.5,1,1,GATCGGCTCGTACTTTACAT,0,369857
acrBp,0.5,1,1,GATCCCAGTGGCGCCTCAAT,0,356310
acrBp,0.5,1,1,GATCCAAGATCCCTGCTGAC,0,405347
acrBp,0.5,1,1,GATCAATATCTTGGCACATC,0,397499
acrBp,0.5,1,1,GATCAAGACGAAGCAGCTCC,0,372118
acrBp,0.5,1,1,GATATTCGAATGTTGTAGAC,0,405363
acrBp,0.5,1,1,GATACTTTCTCTCATGGTCA,0,391793
acrBp,0.5,1,1,GATACACATGGCTGCAAGAG,0,392093
acrBp,0.5,1,1,GATAAGTCGCCAACGCTCTT,0,395898
acrBp,0.5,1,1,GATAACGTGGAGCCTTAATG,0,366265
acrBp,0.5,1,1,GAGTTCCTAGGCAGTTAAAT,0,375129
acrBp,0.5,1,1,GAGTGACGCGCGTTCTTCCA,0,397661
acrBp,0.5,1,1,GAGTCCAAGGACACTCCCTA,0,406622
acrBp,0.5,1,1,GAGTAGTAGCCATAGATGTA,0,381849
acrBp,0.5,1,1,GAGTACATGGTTTCTTATAG,0,396614
acrBp,0.5,1,1,GAGTAAGAAAGGTCAGGTCG,0,394849
acrBp,0.5,1,1,GAGGTGGCCCGCGACTTGGG,0,373646
acrBp,0.5,1,1,GAGGTAATTTATGTGTAACC,0,368836
acrBp,0.5,1,1,GAGGGCATTTACCAGACGAT,0,365524
acrBp,0.5,1,1,GAGGCCACATATGTAAGCCC,0,403808
acrBp,0.5,1,1,GAGCTGAGTGCGGATTTATC,0,371156
acrBp,0.5,1,1,GAGCTCTACCGCATGCGAGG,0,404549
acrBp,0.5,1,1,GAGCGTGCGTGAACAGGCCC,0,393427
acrBp,0.5,1,1,GAGCGGTCCACGGTAATTCA,0,371791
acrBp,0.5,1,1,GAGCGAGTATTTTCACGGTT,0,381685
acrBp,0.5,1,1,GAGCGAGTACGGGTAAACTT,0,355888
acrBp,0.5,1,1,GAGCGAACGAGTGAACACTC,0,386749
acrBp,0.5,1,1,GAGCATTCATTAATTTCCTC,0,366131
acrBp,0.5,1,1,GAGCACACTCTCCTTTTTTG,0,361413
acrBp,0.5,1,1,GAGCAAGTATTCATCAAGAA,0,396394
acrBp,0.5,1,1,GAGAGTCACCGCACGTAGGC,0,394225
acrBp,0.5,1,1,GAGAATGGTCATGCTCAACT,0,361901
acrBp,0.5,1,1,GACTGTACGGCTGAGCCTCA,0,375008
acrBp,0.5,1,1,GACTCTTTAAAATATCTCCG,0,378464
acrBp,0.5,1,1,GACTCACGACATTAAAGTGG,0,400772
acrBp,0.5,1,1,GACTCACCGCAAGTAGCAAT,0,374417
acrBp,0.5,1,1,GACTAAGCGAACCATACCCA,0,378064
acrBp,0.5,1,1,GACGTTGGTTGGGGCGCTGA,0,360235
acrBp,0.5,1,1,GACGTCCCGTTATGCAGCCG,0,399390
acrBp,0.5,1,1,GACGTCCATTAGCGATGACT,0,377467
acrBp,0.5,1,1,GACGGGTCACTGTTCAAGAT,0,401121
acrBp,0.5,1,1,GACGGACTGATGTCTGGTGT,0,407704
acrBp,0.5,1,1,GACGCTGCGTGAGACCGTCT,0,359988
acrBp,0.5,1,1,GACGCTGATATGCCAAGCGT,0,385076
acrBp,0.5,1,1,GACGCTCTACTTATCCGATG,0,358846
acrBp,0.5,1,1,GACGCGTCAAGCCATGAGAT,0,391241
acrBp,0.5,1,1,GACGCCGCAGTGGAATCGTC,0,376483
acrBp,0.5,1,1,GACGCACCATAGCGCACTTC,0,398691
acrBp,0.5,1,1,GACGAGTCGAGGGGACATTT,0,376222
acrBp,0.5,1,1,GACGAGCCAATACAGGTCCG,0,381147
acrBp,0.5,1,1,GACGAGACAGTCTGGCCGAG,0,382777
acrBp,0.5,1,1,GACGACGTCGATTTACATCA,0,385132
acrBp,0.5,1,1,GACCTCGAGGGTATAGCGCA,0,396593
acrBp,0.5,1,1,GACCTCCCTACACGTGTATT,0,359366
acrBp,0.5,1,1,GACCTAGCTCATCCTTCTAT,0,379626
acrBp,0.5,1,1,GACCGTCTAGCTCGGACAAA,0,389138
acrBp,0.5,1,1,GACCGCGGGGTAAGGTAACT,0,381028
acrBp,0.5,1,1,GACCCCGATGCGGAATGAAC,0,385488
acrBp,0.5,1,1,GACCACCCTCGGCCGGTATG,0,392311
acrBp,0.5,1,1,GACCAACTTAGCACCTCTGG,0,357781
acrBp,0.5,1,1,GACATGTTTGGACAGGGACG,0,370212
acrBp,0.5,1,1,GACATGGTCTAGATAAGTTG,0,371506
acrBp,0.5,1,1,GACATGACCATTCGCAGTTA,0,399335
acrBp,0.5,1,1,GACATATCGGGTATTTCATC,0,395714
acrBp,0.5,1,1,GACAGCTCGGGAGGATGAAC,0,371249
acrBp,0.5,1,1,GACAACTCCATATCATAGCG,0,408005
acrBp,0.5,1,1,GAATTTTCACACACTCACAA,0,379238
acrBp,0.5,1,1,GAATTTCGTGTAGTGTCGCA,0,402270
acrBp,0.5,1,1,GAATTTACTCATATCAAATT,0,390396
acrBp,0.5,1,1,GAATGGCATGTTGAGCTTGG,0,383705
acrBp,0.5,1,1,GAATGGACACTTATGCGTAG,0,373051
acrBp,0.5,1,1,GAATGACTTGCTCAGCAGCT,0,401922
acrBp,0.5,1,1,GAATCTCCGAGGTTTTATAG,0,372335
acrBp,0.5,1,1,GAATCGAAATTATAAAGGAA,0,365233
acrBp,0.5,1,1,GAATCAGGAAACCAATACCT,0,392486
acrBp,0.5,1,1,GAATATTATCGGAGGAGACT,0,361905
acrBp,0.5,1,1,GAAGGTAGAGAGTCCGATGT,0,401059
acrBp,0.5,1,1,GAAGGGTGTTTTCCGATACA,0,408166
acrBp,0.5,1,1,GAAGGCTGATCGAGACGAGT,0,368920
acrBp,0.5,1,1,GAAGGCGGTAGGCGGATAGA,0,379678
acrBp,0.5,1,1,GAAGGAACTGTAAGCGCCCT,0,356566
acrBp,0.5,1,1,GAAGCTGTAGCCAACTACTG,0,405821
acrBp,0.5,1,1,GAAGCCATTCGCGCGCCGGG,0,401426
acrBp,0.5,1,1,GAAGCCAATTCAGATTTTTT,0,356963
acrBp,0.5,1,1,GAAGCAAGCAGGAAGGATCA,0,371486
acrBp,0.5,1,1,GAAGACACGGATGGCAGCAG,0,381713
acrBp,0.5,1,1,GAACTACGGGCCTTCCTCGT,0,398152
acrBp,0.5,1,1,GAACGGTCACAGAAGCACGG,0,357363
acrBp,0.5,1,1,GAACGGACCAGGTCTGGAGG,0,392574
acrBp,0.5,1,1,GAACCTTGCCGCTTTCCGAT,0,385478
acrBp,0.5,1,1,GAACCTATGGGAGCACTCCA,0,401551
acrBp,0.5,1,1,GAACACTGACGTAACAACAT,0,366450
acrBp,0.5,1,1,GAACACCCATGACCCAGGAA,0,394977
acrBp,0.5,1,1,GAAAGTCTCTCCGAGTTGCT,0,401967
acrBp,0.5,1,1,GAAAGGGTCGCCATCTGTGG,0,376046
acrBp,0.5,1,1,GAAAGCTTTCTCGTAAACAT,0,355707
acrBp,0.5,1,1,GAAAGCTTCCGCGTCAATTG,0,357049
acrBp,0.5,1,1,GAAACTCCAGATGTTCACAC,0,389540
acrBp,0.5,1,1,GAAACAAAGCTCGACTCAGT,0,389228
acrBp,0.5,1,1,GAAAATGACGCCATCTATAC,0,403186
acrBp,0.5,1,1,CTTTTTACTTATTTTTCCAT,0,358227
acrBp,0.5,1,1,CTTTTGAGGATTATTTGGAT,0,406138
acrBp,0.5,1,1,CTTTGGCCACACGATGTACA,0,387397
acrBp,0.5,1,1,CTTTGCTCTTAGGACTTCTA,0,384005
acrBp,0.5,1,1,CTTTCTTGACACAGCCTAGT,0,369086
acrBp,0.5,1,1,CTTTCTGAATAAAATTTCTT,0,365667
acrBp,0.5,1,1,CTTTCCCAATTCTCAAGCAA,0,386743
acrBp,0.5,1,1,CTTTATATACCGTACCGACC,0,402716
acrBp,0.5,1,1,CTTTAGAAGCGACCGGGTAG,0,404452
acrBp,0.5,1,1,CTTTAACCGGTTTGGATATT,0,404338
acrBp,0.5,1,1,CTTGTATTACAGTTAGCCAT,0,401410
acrBp,0.5,1,1,CTTGATCCGAGTCCACTCAC,0,400082
acrBp,0.5,1,1,CTTGACCAGGTTTTTAGTGC,0,375241
acrBp,0.5,1,1,CTTGAAAATAATCCAGCGTG,0,389341
acrBp,0.5,1,1,CTTCTTAGATGGGCGAACAT,0,388142
acrBp,0.5,1,1,CTTCTTAAATAGACATGAGC,0,361207
acrBp,0.5,1,1,CTTCTGGGGTGATACTCTTT,0,407230
acrBp,0.5,1,1,CTTCTGGCACTGGGGACGGA,0,372308
acrBp,0.5,1,1,CTTCTGAGTTAGACACGAGT,0,372217
acrBp,0.5,1,1,CTTCTATGACCTGGCCGCTC,0,371620
acrBp,0.5,1,1,CTTCGAGGTCGCTACAATAC,0,388693
acrBp,0.5,1,1,CTTCCCGGCAGGTAGGTGAA,0,380031
acrBp,0.5,1,1,CTTCATGCGCAAGGGCAATT,0,390042
acrBp,0.5,1,1,CTTCAGTGGACTCTAGCAGG,0,383602
acrBp,0.5,1,1,CTTCAGGGGCGACTGGTGCA,0,394402
acrBp,0.5,1,1,CTTAGTCGAATAGGGCTCGA,0,381669
acrBp,0.5,1,1,CTTAGTAGACCACCGACGGT,0,377432
acrBp,0.5,1,1,CTTAGCGCAGAGCAAACTCT,0,380553
acrBp,0.5,1,1,CTTACTTCGGCCGAGAAGAT,0,387533
acrBp,0.5,1,1,CTTACCCTTAAGGATCTCGT,0,407000
acrBp,0.5,1,1,CTTACAGACGTGCAACGGAC,0,395366
acrBp,0.5,1,1,CTTAATCACAGAGCGCAGCT,0,408170
acrBp,0.5,1,1,CTTAAGGTACTATAAAATGT,0,407612
acrBp,0.5,1,1,CTGTTGTGTCACTAGGCCAT,0,359123
acrBp,0.5,1,1,CTGTTGGGCGACAGTTAGGG,0,405787
acrBp,0.5,1,1,CTGTTACACACCTATGCGTT,0,398420
acrBp,0.5,1,1,CTGTGTTGTCGAATAGACGC,0,355414
acrBp,0.5,1,1,CTGTGGGTGAAGGGTTAAGA,0,359530
acrBp,0.5,1,1,CTGTGCCTTACAAAACCGGG,0,388908
acrBp,0.5,1,1,CTGTATACAGGTGCCAGAAC,0,370366
acrBp,0.5,1,1,CTGGTCAATAGCTCGATGAC,0,398765
acrBp,0.5,1,1,CTGGTATAGATGGACGCATT,0,403322
acrBp,0.5,1,1,CTGGGCTGGCCACATCCGCA,0,369121
acrBp,0.5,1,1,CTGGGCGCGCTCTATCTTCT,0,357250
acrBp,0.5,1,1,CTGGCTGGACAGACCCTCAG,0,362758
acrBp,0.5,1,1,CTGGCTATAGGTACAAGCAT,0,382227
acrBp,0.5,1,1,CTGGCACATGGCTGTGTCGG,0,368514
acrBp,0.5,1,1,CTGGAGCGCGTGGGAATTCT,0,406206
acrBp,0.5,1,1,CTGCTACTATGCTTTATCAG,0,404446
acrBp,0.5,1,1,CTGCGCGTGAAGGTAATGAA,0,405810
acrBp,0.5,1,1,CTGCCCCAATTAACGGAGGG,0,380035
acrBp,0.5,1,1,CTGCCACGGGGCCGAAGAAG,0,358813
acrBp,0.5,1,1,CTGCAGTGAGGTGACCGGTC,0,380077
acrBp,0.5,1,1,CTGCACTCAGGCATAGAGGT,0,403563
acrBp,0.5,1,1,CTGCACATTTGCTTCACGAG,0,386735
acrBp,0.5,1,1,CTGCAACCAAGAAAAGAGTC,0,406987
acrBp,0.5,1,1,CTGAGTCTCACTCGTTCATC,0,369283
acrBp,0.5,1,1,CTGAGGTGTTTTTCGACCAG,0,365085
acrBp,0.5,1,1,CTGAGACGTGCACCTCACAG,0,394986
acrBp,0.5,1,1,CTGAGACAAGGAACCGTTAA,0,382764
acrBp,0.5,1,1,CTGACGGGTGATGACCGACG,0,386514
acrBp,0.5,1,1,CTGACGAGGTAGTTATGCCT,0,359736
acrBp,0.5,1,1,CTCTTTCCCACATACTCAAA,0,390535
acrBp,0.5,1,1,CTCTTGACACCGGTTTTTAT,0,362466
acrBp,0.5,1,1,CTCTTACCGAGCCTATTAAC,0,402728
acrBp,0.5,1,1,CTCTGTCCCGTAAAACATAG,0,400490
acrBp,0.5,1,1,CTCTGGGCGGAAGCTCGCGA,0,400716
acrBp,0.5,1,1,CTCTCGATTATTGAAGGTAG,0,393130
acrBp,0.5,1,1,CTCTCAGTGATACAGATGAT,0,375521
acrBp,0.5,1,1,CTCTACCAACAGAGTGAAAC,0,365167
acrBp,0.5,1,1,CTCTAAACGAGCTCATTGAT,0,365822
acrBp,0.5,1,1,CTCGTGGCTTCGCACAGCAG,0,369258
acrBp,0.5,1,1,CTCGTGATCTACAATGATGT,0,398265
acrBp,0.5,1,1,CTCGTCTCGCACGCTCTTCA,0,398378
acrBp,0.5,1,1,CTCGCTTCTGTCTCGCCAGA,0,363408
acrBp,0.5,1,1,CTCGCTGGTCCCCGCACAGT,0,393222
acrBp,0.5,1,1,CTCGCTCCAAGGGTGACGCG,0,392147
acrBp,0.5,1,1,CTCGATTTTTAATAGAGGGA,0,405471
acrBp,0.5,1,1,CTCCTTGTGATCCTTAGTTT,0,394080
acrBp,0.5,1,1,CTCCGCATTATGTTAGGTAT,0,366088
acrBp,0.5,1,1,CTCCGCATGAGCAATCGTAA,0,402304
acrBp,0.5,1,1,CTCCCTAATCAATGCCAAGT,0,403526
acrBp,0.5,1,1,CTCCAGTGGCTTATGCAAAT,0,375517
acrBp,0.5,1,1,CTCATTTCATGGAACCAGGA,0,363828
acrBp,0.5,1,1,CTCAGGTCAGAGTAGAGTAT,0,397464
acrBp,0.5,1,1,CTCAGGAGAATCACGAAGCG,0,376808
acrBp,0.5,1,1,CTCACATTACCAATTTTACT,0,393596
acrBp,0.5,1,1,CTCACACAGCACGTCACCTG,0,356667
acrBp,0.5,1,1,CTCAATGATTCGATGAATTC,0,400421
acrBp,0.5,1,1,CTCAACCGCGGAGTGGCCCC,0,374180
acrBp,0.5,1,1,CTATTCGTGTGGCTAGGAAT,0,377563
acrBp,0.5,1,1,CTATGTAAACCGAGCTGTAG,0,359135
acrBp,0.5,1,1,CTATGGGAGTGGCAGGCAAA,0,404632
acrBp,0.5,1,1,CTATGGCTGCGGTTCATGAA,0,369632
acrBp,0.5,1,1,CTATGCGAAAGATCTGCCAC,0,382096
acrBp,0.5,1,1,CTATGACACCATCGGACTAA,0,405474
acrBp,0.5,1,1,CTATAGATGTGTAATCGTAC,0,406264
acrBp,0.5,1,1,CTATAAGAATAGGGCAACAG,0,357504
acrBp,0.5,1,1,CTAGGGTTACAGAACTCAGT,0,388958
acrBp,0.5,1,1,CTAGGCTCAATCTCAAGGCC,0,360905
acrBp,0.5,1,1,CTAGGCGCGGCGCGAGGAGG,0,386247
acrBp,0.5,1,1,CTAGGATTTAAAAACGTATA,0,379929
acrBp,0.5,1,1,CTAGCCAATGTCATTCCCAA,0,371321
acrBp,0.5,1,1,CTAGCACGATTGTCTAGATC,0,397728
acrBp,0.5,1,1,CTAGATTGCACATTCAGATT,0,407183
acrBp,0.5,1,1,CTAGATGCTCCATCGTCGCA,0,401565
acrBp,0.5,1,1,CTAGATCTGACTGTTACATA,0,366307
acrBp,0.5,1,1,CTAGATCTCGTCCATTTCTC,0,375324
acrBp,0.5,1,1,CTACTATTAGGCGGGCGAAA,0,406050
acrBp,0.5,1,1,CTACGTGCGTTCATTTCAAA,0,361813
acrBp,0.5,1,1,CTACACACGACGCTAGGAAT,0,375102
acrBp,0.5,1,1,CTACAAGAACGTACCCATAA,0,378700
acrBp,0.5,1,1,CTACAACAACACTGATTACG,0,381818
acrBp,0.5,1,1,CTAATGAACGCGGGAAGGAG,0,405128
acrBp,0.5,1,1,CTAAGGATTCGGGTAGAATT,0,361086
acrBp,0.5,1,1,CTAAGCTTATTCTGCGGATA,0,376328
acrBp,0.5,1,1,CTAACGAATCGTACTGGCAA,0,366695
acrBp,0.5,1,1,CTAACCGACCATGTTGTGCC,0,356093
acrBp,0.5,1,1,CTAAATCCGGGGAATCCGTC,0,375055
acrBp,0.5,1,1,CTAAAGGTAAAAACGGAGAC,0,381432
acrBp,0.5,1,1,CGTTTTTCGAGCAATGATAG,0,402200
acrBp,0.5,1,1,CGTTTTAGAACCACCGGTCG,0,391658
acrBp,0.5,1,1,CGTTGTGGGGCCATAGAATC,0,378079
acrBp,0.5,1,1,CGTTGCATGTGTTAAACTCT,0,390477
acrBp,0.5,1,1,CGTTCGTGATGTCGGAGAAG,0,362873
acrBp,0.5,1,1,CGTTCGGGTAAAAACGTCAT,0,396116
acrBp,0.5,1,1,CGTTAGGCACGAGGGAATTC,0,359229
acrBp,0.5,1,1,CGTTAACTGAACGCCTTGGG,0,361718
acrBp,0.5,1,1,CGTGTCGGAGATATGCATTC,0,401747
acrBp,0.5,1,1,CGTGGGCCTTGTACTGAGAT,0,398590
acrBp,0.5,1,1,CGTGGGAACAACTGTAAGGT,0,382046
acrBp,0.5,1,1,CGTGGATTTCACCCTGACTA,0,394159
acrBp,0.5,1,1,CGTGCCCGTGCAATATTTTG,0,393764
acrBp,0.5,1,1,CGTGATGTGTTTCTTGCTAT,0,363156
acrBp,0.5,1,1,CGTGAGGACATATCGAGCGG,0,366361
acrBp,0.5,1,1,CGTCTTTGTTGAAAATTTCG,0,373371
acrBp,0.5,1,1,CGTCTGCACTGGACCCCGCG,0,387889
acrBp,0.5,1,1,CGTCTAGTAATTAGTTGGGA,0,387214
acrBp,0.5,1,1,CGTCTACTACTACCGATACC,0,395401
acrBp,0.5,1,1,CGTCTAAAAGGCGATGCAAA,0,373315
acrBp,0.5,1,1,CGTCGGGCTACAGTCATGCT,0,355274
acrBp,0.5,1,1,CGTCGGGCTAAAAACTCCCT,0,390854
acrBp,0.5,1,1,CGTCGCTCAAGTCAAACGTC,0,383530
acrBp,0.5,1,1,CGTCGCGCAGGGTTATAAAC,0,371594
acrBp,0.5,1,1,CGTCGCCTTCGTTTGGTAGA,0,381413
acrBp,0.5,1,1,CGTCGAATCACAGTCGGTTC,0,375011
acrBp,0.5,1,1,CGTCCGGATTCCGATTCGAA,0,358120
acrBp,0.5,1,1,CGTCCAGCGGGTCAATAACG,0,372071
acrBp,0.5,1,1,CGTCATCACCAATACGATCG,0,372534
acrBp,0.5,1,1,CGTATGCTCAAGAATGTATA,0,366635
acrBp,0.5,1,1,CGTATCGCCGGCCGCACCAT,0,371272
acrBp,0.5,1,1,CGTATATCAGTCCCCTTTCC,0,396218
acrBp,0.5,1,1,CGTAGGACACTTATTAGCGC,0,370582
acrBp,0.5,1,1,CGTACCGAACATTATGTGTA,0,381764
acrBp,0.5,1,1,CGTACATCCGCCATGAGGTA,0,399151
acrBp,0.5,1,1,CGTACAGCCTGCTATCAAAT,0,356616
acrBp,0.5,1,1,CGGTTTGTTATTCCCATGGG,0,360922
acrBp,0.5,1,1,CGGTTACATGGTGCAATGTT,0,408294
acrBp,0.5,1,1,CGGTGTTCTTCTTCCACTGC,0,391276
acrBp,0.5,1,1,CGGTGTCACCACCTCAATCC,0,380682
acrBp,0.5,1,1,CGGTGCCTATCTCAGTGACT,0,383100
acrBp,0.5,1,1,CGGTGACTCGTGCCACTGCC,0,391687
acrBp,0.5,1,1,CGGTGAAGTAGTACGCTACA,0,380485
acrBp,0.5,1,1,CGGTCGATCAGGCGTGACCG,0,373991
acrBp,0.5,1,1,CGGTCAGCTTCGTTATTTGC,0,363333
acrBp,0.5,1,1,CGGTAGGGGCATTAGTACGT,0,390268
acrBp,0.5,1,1,CGGTACTTTATACCTTGAAC,0,380998
acrBp,0.5,1,1,CGGTACTTACGTATAAAGGC,0,400799
acrBp,0.5,1,1,CGGTACGTAACAGCTTAAAC,0,391180
acrBp,0.5,1,1,CGGTAAAGTTCCACTTAGTG,0,399278
acrBp,0.5,1,1,CGGGTGGCAAAACGTCCGGG,0,394160
acrBp,0.5,1,1,CGGGTGCTTTAGGTAACAGG,0,378279
acrBp,0.5,1,1,CGGGTCAAGCACGTCCCCAT,0,403163
acrBp,0.5,1,1,CGGGTATAACTAGCAAGCAA,0,397859
acrBp,0.5,1,1,CGGGTAGTGTGCGCTACTAT,0,378297
acrBp,0.5,1,1,CGGGGAGGGCGAGATGAGAA,0,395382
acrBp,0.5,1,1,CGGGCTCAACGAGGGAAAAA,0,381538
acrBp,0.5,1,1,CGGGCGGCGTTATCAGTAAT,0,376380
acrBp,0.5,1,1,CGGGCAGATTCGTTGGGCGT,0,408541
acrBp,0.5,1,1,CGGGAGGCATGTCTATACTT,0,395632
acrBp,0.5,1,1,CGGCTCTTCATAAATTCTAA,0,356514
acrBp,0.5,1,1,CGGCTCGGGGTGCTGCGAGG,0,366333
acrBp,0.5,1,1,CGGCTCAGGTCTGTTTGCTC,0,380430
acrBp,0.5,1,1,CGGCTAAGTACGTACGCGAT,0,378051
acrBp,0.5,1,1,CGGCGTGCTATCAAAGATGT,0,396250
acrBp,0.5,1,1,CGGCCTTAATAAAGGCCTAT,0,395151
acrBp,0.5,1,1,CGGCCATCGACGGCTCGAAC,0,359358
acrBp,0.5,1,1,CGGCACGCCGCAACACTCGC,0,373997
acrBp,0.5,1,1,CGGATGCACTGCATTGTACG,0,379341
acrBp,0.5,1,1,CGGATATGTTCACTCCGCTA,0,396494
acrBp,0.5,1,1,CGGAGTGAAATACTTGGCCC,0,357270
acrBp,0.5,1,1,CGGAGGTTAGTGCTTCGTTG,0,397752
acrBp,0.5,1,1,CGGAGCGGCATTCTTGTCAC,0,369074
acrBp,0.5,1,1,CGGACCACGGTTTGAAGGGG,0,371892
acrBp,0.5,1,1,CGGACATAATTGCTTGAGAA,0,368282
acrBp,0.5,1,1,CGGACAGACTGTACCGTGCA,0,400403
acrBp,0.5,1,1,CGGAATGGGAATTTCGATTC,0,355072
acrBp,0.5,1,1,CGCTTTCGGTAAAAGTTTTG,0,375996
acrBp,0.5,1,1,CGCTTTCCCCTTTTACGGTT,0,370044
acrBp,0.5,1,1,CGCTGTATACTAAAAGACGT,0,356244
acrBp,0.5,1,1,CGCTGCGCTAGGCATCCCAT,0,366059
acrBp,0.5,1,1,CGCTGAATGGCTAATGTGCC,0,358481
acrBp,0.5,1,1,CGCTGAATAAGTTTCTCGCT,0,393752
acrBp,0.5,1,1,CGCTCTTAAAATCGAGGAAA,0,378328
acrBp,0.5,1,1,CGCTCGCTTATGGGGTCGCC,0,374547
acrBp,0.5,1,1,CGCTCGCAAACCCGCGGTAT,0,355116
acrBp,0.5,1,1,CGCTCATTGCAGGCCAGAGG,0,390663
acrBp,0.5,1,1,CGCTATCTGCATATGTGGGA,0,396229
acrBp,0.5,1,1,CGCTAGGTCATGCGCTGACC,0,375173
acrBp,0.5,1,1,CGCGTGCTGGCTTCTCGCCA,0,391611
acrBp,0.5,1,1,CGCGTCGAAATCAATGATCA,0,371360
acrBp,0.5,1,1,CGCGCATGTTGAGTGCAACA,0,360240
acrBp,0.5,1,1,CGCGAGACGGAAAGTCGCCT,0,364344
acrBp,0.5,1,1,CGCGAATCCACTATGAACAC,0,376195
acrBp,0.5,1,1,CGCCTATTTGTTGTCATTAC,0,372828
acrBp,0.5,1,1,CGCCTAATGCCGGCCGCATT,0,364688
acrBp,0.5,1,1,CGCCGGAGTCAGGCGATGAA,0,406951
acrBp,0.5,1,1,CGCCGGACCCGGATTAATCA,0,358788
acrBp,0.5,1,1,CGCCGACGTCCTCAAAGAGT,0,379950
acrBp,0.5,1,1,CGCCCAGCACCGGAACGTAA,0,394313
acrBp,0.5,1,1,CGCATGCGTTCAAATTCCGC,0,368950
acrBp,0.5,1,1,CGCATAAGACATGTGGGGTG,0,397928
acrBp,0.5,1,1,CGCAGGGGTGCAGCATCTGT,0,403288
acrBp,0.5,1,1,CGCAGGACCCCCTGGTTGTG,0,394005
acrBp,0.5,1,1,CGCAGCATCAAAACTTGATG,0,400617
acrBp,0.5,1,1,CGCAGATCTGTATTTGATCT,0,400303
acrBp,0.5,1,1,CGCAGACTTTGGTACACGGA,0,361661
acrBp,0.5,1,1,CGCACCATGGTCGCTCTCCA,0,396773
acrBp,0.5,1,1,CGCAATCGCAATGTGGTTGA,0,404910
acrBp,0.5,1,1,CGCAAGGGTTCAGATGCGTG,0,398819
acrBp,0.5,1,1,CGCAAGACAGGAGTAGATAA,0,392118
acrBp,0.5,1,1,CGCAACTGTTCTGCATCCTC,0,380712
acrBp,0.5,1,1,CGCAAAACGCCAAACCGAAG,0,387778
acrBp,0.5,1,1,CGATTGCTACTGGGAGGTGT,0,388542
acrBp,0.5,1,1,CGATTGACGCTTCTCCAGCC,0,376562
acrBp,0.5,1,1,CGATGTCGGGCAAATGCGGA,0,386564
acrBp,0.5,1,1,CGATGGATGATTGCAACCAC,0,374591
acrBp,0.5,1,1,CGATGCGTCTCAAGTCTCTC,0,364050
acrBp,0.5,1,1,CGATCCGATCATGCGAATCC,0,390667
acrBp,0.5,1,1,CGATATGCAATCGTCCACAA,0,379749
acrBp,0.5,1,1,CGATATACAGGCCGTATATA,0,395606
acrBp,0.5,1,1,CGAGGTGTATCAGACAGTAA,0,402413
acrBp,0.5,1,1,CGAGGGGTTTAAGGGATTAT,0,387449
acrBp,0.5,1,1,CGAGGGGCCTACCCTGTGAT,0,400517
acrBp,0.5,1,1,CGAGCTAAGGCAGCCATAAG,0,364936
acrBp,0.5,1,1,CGAGCAAACTCGCCAGTAGC,0,368155
acrBp,0.5,1,1,CGAGAGGCGGGCTCATGTGT,0,387603
acrBp,0.5,1,1,CGAGACGGTGTTAGCTCCCT,0,391981
acrBp,0.5,1,1,CGACTTAAGATGCGGTCGTG,0,385714
acrBp,0.5,1,1,CGACGGGGGAAAAACAGTGG,0,403155
acrBp,0.5,1,1,CGACGACTACTATCCTTCCC,0,375288
acrBp,0.5,1,1,CGACCTACCCCTCCAAGCCT,0,358806
acrBp,0.5,1,1,CGACATCGTTACAGCCATAC,0,371263
acrBp,0.5,1,1,CGACAGTCAGAGTGGTCGCA,0,378935
acrBp,0.5,1,1,CGACAGGTTGAAGTGTTTAT,0,385400
acrBp,0.5,1,1,CGACACAACAGATGAGCGGG,0,377181
acrBp,0.5,1,1,CGACAAGTAGATCGTAGTAG,0,366799
acrBp,0.5,1,1,CGAATATTTATGAGTACCAC,0,391393
acrBp,0.5,1,1,CGAAAGCGAAAGGCTTTTGG,0,362981
acrBp,0.5,1,1,CGAAACTGTGGAGACCGATT,0,405825
acrBp,0.5,1,1,CCTTTTCACGACGTGTAATT,0,357709
acrBp,0.5,1,1,CCTTTTAGTTATAGCCTGGG,0,388606
acrBp,0.5,1,1,CCTTCGTAAACGCATAGCTT,0,367466
acrBp,0.5,1,1,CCTTAGTGCCCTCACCTTCC,0,403476
acrBp,0.5,1,1,CCTGTTGCAGTAGTACCTCA,0,366825
acrBp,0.5,1,1,CCTGTTCTATCGTCATCATG,0,382775
acrBp,0.5,1,1,CCTGGTGTTGTGCTGCCTAC,0,363647
acrBp,0.5,1,1,CCTGGCTTTTACCAACCCAG,0,406332
acrBp,0.5,1,1,CCTGGAATGACGGGGCGTAA,0,398496
acrBp,0.5,1,1,CCTGCATGACACAGGTGTGT,0,405207
acrBp,0.5,1,1,CCTGATAGATCCTCGTCAGA,0,369414
acrBp,0.5,1,1,CCTGATACCCGGGCGAACCC,0,401116
acrBp,0.5,1,1,CCTCTGTCTCATACGAAGAG,0,386290
acrBp,0.5,1,1,CCTCTGCGATCAATGCCCTT,0,362851
acrBp,0.5,1,1,CCTCGGTGTTTAAACGCAAT,0,374320
acrBp,0.5,1,1,CCTCGGGCTCGGGTAGCCAG,0,374047
acrBp,0.5,1,1,CCTCGGGCATTTAGTACGGC,0,386705
acrBp,0.5,1,1,CCTCGAGAAATCCACGTTTC,0,386031
acrBp,0.5,1,1,CCTCGACGTAGGTGGGAATT,0,406930
acrBp,0.5,1,1,CCTCCGCGCCACTGGTGGGC,0,404517
acrBp,0.5,1,1,CCTCACAGGTATACACTCTA,0,396235
acrBp,0.5,1,1,CCTCAACGGCACAAGATCGG,0,382789
acrBp,0.5,1,1,CCTATATAGCCATTAGACGA,0,370597
acrBp,0.5,1,1,CCTATACACCATCCTATGAA,0,355750
acrBp,0.5,1,1,CCTAGTGGGGACATTATGCA,0,355590
acrBp,0.5,1,1,CCTAGTCCCCTTTTCAAGAA,0,386708
acrBp,0.5,1,1,CCTAGTAAAACAAACCGCTA,0,404784
acrBp,0.5,1,1,CCTAGGGGAGGCGCTTGAGA,0,407755
acrBp,0.5,1,1,CCTAGCTGTGTCGCTTCGAG,0,357283
acrBp,0.5,1,1,CCTAGCACTTAGCGATGTCG,0,381824
acrBp,0.5,1,1,CCTACTCTGCCACCACTTTA,0,377832
acrBp,0.5,1,1,CCTACCACTCGAATCATGGT,0,380129
acrBp,0.5,1,1,CCGTTCAACATCCCTCACTT,0,359930
acrBp,0.5,1,1,CCGTGTTTCTCTATCTTTCG,0,392067
acrBp,0.5,1,1,CCGTGGCTGGTTGCATTTAT,0,394479
acrBp,0.5,1,1,CCGTGGAGCTCATCTCGCCT,0,361774
acrBp,0.5,1,1,CCGTCTATAAAGTTGGATCC,0,374931
acrBp,0.5,1,1,CCGTCTACGCGGGATGGCCA,0,390797
acrBp,0.5,1,1,CCGTCTAAAGCAAGGTCCGG,0,399100
acrBp,0.5,1,1,CCGTCGGCTTAGGTAACTTA,0,376621
acrBp,0.5,1,1,CCGTATATCACAGAAGCAAA,0,394902
acrBp,0.5,1,1,CCGTAGCCCTTATCCGAATT,0,392213
acrBp,0.5,1,1,CCGTACTTGTGGGGGGTCCA,0,370947
acrBp,0.5,1,1,CCGTAACACTAGGTACCATC,0,361328
acrBp,0.5,1,1,CCGGTCGTCTTACTTCACTA,0,396075
acrBp,0.5,1,1,CCGGTCCCGAGGGCATCCAT,0,403847
acrBp,0.5,1,1,CCGGGTTATACTAGACAAAT,0,372516
acrBp,0.5,1,1,CCGGGTTAGGTTCGGCGGGA,0,391055
acrBp,0.5,1,1,CCGGGGTGGCGGGCTCACTA,0,374748
acrBp,0.5,1,1,CCGGGCTGGATAAGTTAATG,0,383427
acrBp,0.5,1,1,CCGGGCCTCGCCAGCGGTTT,0,398848
acrBp,0.5,1,1,CCGGGACGGCCCGGGGTTGT,0,400744
acrBp,0.5,1,1,CCGGCTTGGGTCCGGGTTAC,0,406555
acrBp,0.5,1,1,CCGGCGAGGATTCAACTTAA,0,405657
acrBp,0.5,1,1,CCGGCCCGGGAGTAAGCGTA,0,385471
acrBp,0.5,1,1,CCGGCATGGGTCGCTCCTTT,0,369538
acrBp,0.5,1,1,CCGGACTGGTATTTTTCATC,0,399455
acrBp,0.5,1,1,CCGCTCTACGGCCAATGCTC,0,375569
acrBp,0.5,1,1,CCGCTCCCCTAAAGGATGGT,0,401574
acrBp,0.5,1,1,CCGCTAGAACTATAGAGGGT,0,378175
acrBp,0.5,1,1,CCGCGCTCTACCCTTGATAT,0,395279
acrBp,0.5,1,1,CCGCGCGAGGAGCGAACAGG,0,404620
acrBp,0.5,1,1,CCGCCTTTCTGGCCGACGCC,0,393554
acrBp,0.5,1,1,CCGCCCGATAAAGCCTAAAC,0,373711
acrBp,0.5,1,1,CCGCCAATGAGAGATCGCCT,0,374057
acrBp,0.5,1,1,CCGCATTGTTGTGGAACAGT,0,387650
acrBp,0.5,1,1,CCGCAGTGAGCGAAGGAAGG,0,373975
acrBp,0.5,1,1,CCGCACAACTAAGCCGTTCC,0,392180
acrBp,0.5,1,1,CCGATGTTCGTAAGGAGGAA,0,382932
acrBp,0.5,1,1,CCGATGTCAGCTTTGGAAAA,0,370182
acrBp,0.5,1,1,CCGATATGGCGCTACTACGC,0,364151
acrBp,0.5,1,1,CCGATAGAGGTTTCGGGGGC,0,355156
acrBp,0.5,1,1,CCGAGGGATGACTTCCGGAG,0,359480
acrBp,0.5,1,1,CCGAGGAGATCGGGTAACTA,0,384004
acrBp,0.5,1,1,CCGACTTGCCGTGAATAGGT,0,371884
acrBp,0.5,1,1,CCGACTCGACGCTCTATTTA,0,361668
acrBp,0.5,1,1,CCGACTCCTTATCGTACTTA,0,389270
acrBp,0.5,1,1,CCGACGCCCCTAGCGGTAGT,0,408567
acrBp,0.5,1,1,CCGACCTCCTCACCCCTGCA,0,395242
acrBp,0.5,1,1,CCGACAATGTCGAATTTTAG,0,393378
acrBp,0.5,1,1,CCGAAGGGTAGTCGGCTTCA,0,382842
acrBp,0.5,1,1,CCGAAGCGGTACCACAGACA,0,403665
acrBp,0.5,1,1,CCCTTTGACGGCTCTTGCGT,0,382753
acrBp,0.5,1,1,CCCTTAATTGTTTAACAAGC,0,392670
acrBp,0.5,1,1,CCCTGTGGAAAGGTGCGTGG,0,402832
acrBp,0.5,1,1,CCCTGGCAGTCTTGCCCTTG,0,390592
acrBp,0.5,1,1,CCCTGGAGTGTGTCTTAGAA,0,392778
acrBp,0.5,1,1,CCCTGCGAGGTGCTCGGCCG,0,367119
acrBp,0.5,1,1,CCCTGCATGATGCCCGCTAT,0,356977
acrBp,0.5,1,1,CCCTCTAGGTTCGAAGCCAA,0,378187
acrBp,0.5,1,1,CCCGGGCCCACCAATCATTT,0,355296
acrBp,0.5,1,1,CCCGGCAAGGAGGTTATCAG,0,371407
acrBp,0.5,1,1,CCCGGATGCCTCTAGACCCT,0,385413
acrBp,0.5,1,1,CCCGGAGTTGGTAGTCTTAA,0,399203
acrBp,0.5,1,1,CCCGCCTTGTGGATAATAAG,0,395010
acrBp,0.5,1,1,CCCGCATGCCTGTATACATT,0,359246
acrBp,0.5,1,1,CCCGCACTATCGCTGAGCTC,0,367249
acrBp,0.5,1,1,CCCGATCTTCGGGATGGCTA,0,356446
acrBp,0.5,1,1,CCCGAGACACTCGTACTAGG,0,386243
acrBp,0.5,1,1,CCCGACGCGCATGTATTTGG,0,358038
acrBp,0.5,1,1,CCCCTCCCATGTACCGACTT,0,394057
acrBp,0.5,1,1,CCCCGCCACACGGCCACTGA,0,364903
acrBp,0.5,1,1,CCCCGCCAAGGATGCCCGAT,0,373828
acrBp,0.5,1,1,CCCCGAAAGGGTCATGTGTT,0,358366
acrBp,0.5,1,1,CCCCCACTGGCTTTCCCTAC,0,399381
acrBp,0.5,1,1,CCCCACGCGTCTCTAAAATG,0,379340
acrBp,0.5,1,1,CCCCAATCCAGCGCCCCAAG,0,358825
acrBp,0.5,1,1,CCCATGCGTGGTTGTGCGAC,0,376134
acrBp,0.5,1,1,CCCAGTTTCAGTCGGGCTCC,0,359018
acrBp,0.5,1,1,CCCAGTCGCACCATGGGTTT,0,355244
acrBp,0.5,1,1,CCCAGGCAGAGAGGGACAGA,0,356240
acrBp,0.5,1,1,CCCAGCACAGCGCGGGCTGT,0,391798
acrBp,0.5,1,1,CCCAGAGGAAGAACGGTTTC,0,374798
acrBp,0.5,1,1,CCCAGAGCCGTAAGGTTCGA,0,379502
acrBp,0.5,1,1,CCCACATGGACTCAATTTAG,0,380831
acrBp,0.5,1,1,CCCACAGGTTCCATCGCTAA,0,400268
acrBp,0.5,1,1,CCCAATAGAACAGGTGTAGC,0,381394
acrBp,0.5,1,1,CCCAAGGGTGTGGAAAAGCA,0,396068
acrBp,0.5,1,1,CCCAAATGGCCCACCCATTC,0,366282
acrBp,0.5,1,1,CCATGGGGTCGATCATAATC,0,400089
acrBp,0.5,1,1,CCATGCTATATGAATTATGT,0,382212
acrBp,0.5,1,1,CCATCGGAACACGGGGTGGA,0,358236
acrBp,0.5,1,1,CCATCGCACGTGATGGGATG,0,367515
acrBp,0.5,1,1,CCAGTGTTAATACGCCGAGC,0,374869
acrBp,0.5,1,1,CCAGTGGACGCGTTTCCGCT,0,401101
acrBp,0.5,1,1,CCAGCCCCTATCCTTCCGGA,0,390461
acrBp,0.5,1,1,CCAGATATGTTCAGTCGCTC,0,369360
acrBp,0.5,1,1,CCAGAGTTTAGGAATGACAC,0,362802
acrBp,0.5,1,1,CCAGACGTCTCTTGCATAGA,0,393090
acrBp,0.5,1,1,CCACTTGGTTAAAGGAACAA,0,357374
acrBp,0.5,1,1,CCACTCAATACATACATCCC,0,404848
acrBp,0.5,1,1,CCACGTCTCCAAACCTGCTG,0,407723
acrBp,0.5,1,1,CCACGTACAATTAGCTTTCC,0,364973
acrBp,0.5,1,1,CCACGGATATAACGGAGGAG,0,370596
acrBp,0.5,1,1,CCACGCTCCGAAATGGCGTG,0,401051
acrBp,0.5,1,1,CCACCGGTTAGCCCCTGGGG,0,406618
acrBp,0.5,1,1,CCACCAGGGTTATTACGAGG,0,379011
acrBp,0.5,1,1,CCACATCAATTATTTATTGC,0,366011
acrBp,0.5,1,1,CCACACCTACAGGTAGCGCT,0,408422
acrBp,0.5,1,1,CCAATGTGATTGCCAAGGGC,0,363919
acrBp,0.5,1,1,CCAATCCGTCCCCAACTTGG,0,397460
acrBp,0.5,1,1,CCAATCCGCGCACCGCTTCT,0,372446
acrBp,0.5,1,1,CCAAGTAGCAGAGTTATACT,0,377380
acrBp,0.5,1,1,CCAAGCCCGCTGCGGTACTC,0,379174
acrBp,0.5,1,1,CCAACGTTTGCTTCGATACA,0,374396
acrBp,0.5,1,1,CCAACGATAGTGGAAGGGGA,0,400247
acrBp,0.5,1,1,CCAAATTGGAGGTTCATTGC,0,400088
acrBp,0.5,1,1,CCAAATCCAGCAGAGATGTA,0,391491
acrBp,0.5,1,1,CATTTGGGCCAATAGACTAT,0,384577
acrBp,0.5,1,1,CATTGGCCGGGCACGGAGTC,0,355358
acrBp,0.5,1,1,CATTGGAACTATCGACGCCA,0,388454
acrBp,0.5,1,1,CATTCTGACGCCATAGTTCA,0,359292
acrBp,0.5,1,1,CATTCGTTAGGCCGCAAGCA,0,381157
acrBp,0.5,1,1,CATTACCAGTCACAATCGCT,0,388898
acrBp,0.5,1,1,CATGTTAGCACGTACTCAGT,0,379714
acrBp,0.5,1,1,CATGTGTCAGATTGATAACA,0,397276
acrBp,0.5,1,1,CATGTGGAACGTATAGGGAC,0,399773
acrBp,0.5,1,1,CATGGTCGCCATGGACGGTT,0,379536
acrBp,0.5,1,1,CATGGTCAAATTATATATAT,0,387403
acrBp,0.5,1,1,CATGGTAACTTACTCACTCT,0,380266
acrBp,0.5,1,1,CATGGGCAGCACTCGGCCAA,0,360023
acrBp,0.5,1,1,CATGGATGTGTTGTACGCCC,0,394355
acrBp,0.5,1,1,CATGGAGCCTGATGCTTACC,0,398934
acrBp,0.5,1,1,CATGCTGTTTTGTCTCAGAG,0,377355
acrBp,0.5,1,1,CATGCCTAGAGTATGTACTT,0,386240
acrBp,0.5,1,1,CATGCAACTTACGCCCTTTT,0,361349
acrBp,0.5,1,1,CATGAATAAGGGTCGTCGCG,0,383191
acrBp,0.5,1,1,CATCTCAGCTTTGCCGGATC,0,362389
acrBp,0.5,1,1,CATCGGTGGATTCGGTCTTG,0,401433
acrBp,0.5,1,1,CATCGAGTCTCAGTAGGACC,0,395082
acrBp,0.5,1,1,CATCCAGCGCGTGCTACAAA,0,376509
acrBp,0.5,1,1,CATCAGTCACAGGTATAGTT,0,378672
acrBp,0.5,1,1,CATCACTTTTGAGTTGATGG,0,360636
acrBp,0.5,1,1,CATCACAATGCATGGATAAG,0,378734
acrBp,0.5,1,1,CATCAAAGACCTCTCTTAAC,0,388645
acrBp,0.5,1,1,CATATTGCGTATAACGAAAT,0,363913
acrBp,0.5,1,1,CATATTCATTGGCGCTTCAG,0,369579
acrBp,0.5,1,1,CATATCGGGTTTTTGCGGGA,0,370507
acrBp,0.5,1,1,CATATCAACACCGCCATGAT,0,395039
acrBp,0.5,1,1,CATATAATGTATCAATAACC,0,403712
acrBp,0.5,1,1,CATAGTCCTTGGTGTCCAGA,0,374051
acrBp,0.5,1,1,CATACCATGTCCGGGGTATG,0,362337
acrBp,0.5,1,1,CATACATCGTTAAAAAATCA,0,371996
acrBp,0.5,1,1,CATACACTCTTTGCACTTTT,0,400820
acrBp,0.5,1,1,CATAATAGTCACGGCAGCTT,0,394828
acrBp,0.5,1,1,CATAAACCTTGGAGACACTC,0,390729
acrBp,0.5,1,1,CAGTGGTAATCTACAGTGGC,0,371487
acrBp,0.5,1,1,CAGTCCAAGTCCCCAGCACA,0,388502
acrBp,0.5,1,1,CAGTACTAAAGTTACCGGCC,0,393489
acrBp,0.5,1,1,CAGGTTATATTTGAAGCGAA,0,383362
acrBp,0.5,1,1,CAGGTCCTCGCCTACGCATC,0,392413
acrBp,0.5,1,1,CAGGTCAGTTTGGTCACTCT,0,392334
acrBp,0.5,1,1,CAGGTCACGAGTTCCCCTGG,0,379633
acrBp,0.5,1,1,CAGGTAAAGGAGGTCAGCGG,0,381921
acrBp,0.5,1,1,CAGGCTTGAGTAATGGATTA,0,394574
acrBp,0.5,1,1,CAGGCGTTAGCAACGACAAC,0,355791
acrBp,0.5,1,1,CAGGCGACAGCCCGGCTATC,0,395102
acrBp,0.5,1,1,CAGGCAAACCGGAAGGCTTG,0,401588
acrBp,0.5,1,1,CAGGACATGAAAGATACCTC,0,394691
acrBp,0.5,1,1,CAGGAAGAATTCAGCGCGGC,0,405653
acrBp,0.5,1,1,CAGCTCCCAGTTAGTTTCAT,0,367012
acrBp,0.5,1,1,CAGCTCACCACTGAGGGCGA,0,379755
acrBp,0.5,1,1,CAGCGGGACGACCTCTCGAT,0,404477
acrBp,0.5,1,1,CAGCCGCGCTGTGCTGCCGA,0,360571
acrBp,0.5,1,1,CAGCCGACCGTTCATTGCGT,0,371129
acrBp,0.5,1,1,CAGCCCCCAGGTTCTTTGAG,0,390261
acrBp,0.5,1,1,CAGCCACCATCGCCAGGCTA,0,383764
acrBp,0.5,1,1,CAGCACAGAATATCGGAAGT,0,375593
acrBp,0.5,1,1,CAGATGGAGGGCAAGAAGGG,0,373678
acrBp,0.5,1,1,CAGATCATTACCTCGGCCAT,0,393857
acrBp,0.5,1,1,CAGAGATCGTGGATACGAAC,0,363661
acrBp,0.5,1,1,CAGACGAAGATAGTGGGCAG,0,396643
acrBp,0.5,1,1,CAGACATCGGAGGACGCATC,0,362300
acrBp,0.5,1,1,CAGAAGCATCGTAGGGATGT,0,357687
acrBp,0.5,1,1,CAGAACTACCAGGTCTAGCG,0,400302
acrBp,0.5,1,1,CAGAACGGAAGCTGTTCCTT,0,394773
acrBp,0.5,1,1,CACTTACCAACAAAGACAGA,0,359406
acrBp,0.5,1,1,CACTGTATCTGGGAGGGCTA,0,399330
acrBp,0.5,1,1,CACTCTACGTTGGACAGTGT,0,381579
acrBp,0.5,1,1,CACTCGTTTGAGTTTCGCCG,0,363779
acrBp,0.5,1,1,CACTCGTGGACGTTGCAGTA,0,393614
acrBp,0.5,1,1,CACTCGAAAAATCCGTCAAT,0,390890
acrBp,0.5,1,1,CACTCCTCGCACCCCCCATC,0,391016
acrBp,0.5,1,1,CACTAATGAGTCGCATATCA,0,401136
acrBp,0.5,1,1,CACGTCACATAAACCGGTTA,0,406845
acrBp,0.5,1,1,CACGTAGGCTTGAATCGCCG,0,399520
acrBp,0.5,1,1,CACGGTATACCTCGCAGTGA,0,388721
acrBp,0.5,1,1,CACGGTAGTTCATAGGTCAG,0,407681
acrBp,0.5,1,1,CACGGGAACTTCATCCATCG,0,355076
acrBp,0.5,1,1,CACGGATGAACCACCGAGTC,0,387686
acrBp,0.5,1,1,CACGCCTTACGTTGCGGTGG,0,386495
acrBp,0.5,1,1,CACGATGTGTTAGGCGTCCT,0,401832
acrBp,0.5,1,1,CACGATCCCAACTTTATCGA,0,386754
acrBp,0.5,1,1,CACCTCTATTACTGGTGGCA,0,370220
acrBp,0.5,1,1,CACCCCTCAAGCTGTGCGTA,0,385280
acrBp,0.5,1,1,CACCCAATCCCAGGCCGCGA,0,390263
acrBp,0.5,1,1,CACCATACAGGCAGGGGCCT,0,397494
acrBp,0.5,1,1,CACCAGAATCCCGTTTGAAA,0,402262
acrBp,0.5,1,1,CACCAAGGTAGACTCAGCCT,0,358179
acrBp,0.5,1,1,CACATCACTGTCAGTAAGAC,0,401399
acrBp,0.5,1,1,CACAGGGGCCGTAAGTGGAA,0,397999
acrBp,0.5,1,1,CACAGCTTTGCCTGGTATTC,0,384974
acrBp,0.5,1,1,CACACGGGCCACAGCGTCAG,0,365037
acrBp,0.5,1,1,CACACCGGAAGGGCTACACA,0,359944
acrBp,0.5,1,1,CACACCAATACGCCCTGGTT,0,408457
acrBp,0.5,1,1,CACAATAGAGTTCTCTTAAG,0,367833
acrBp,0.5,1,1,CACAAAGATCTGGCTACAAC,0,364886
acrBp,0.5,1,1,CAATTTGCCTTAGCGCAGAG,0,361442
acrBp,0.5,1,1,CAATTGTTTTAGTTTATCCC,0,383579
acrBp,0.5,1,1,CAATTAGGGATCTCGTAATG,0,374362
acrBp,0.5,1,1,CAATTAAGCCCTAGAAGCAA,0,364640
acrBp,0.5,1,1,CAATGTTCAAATGCAGAGGG,0,406494
acrBp,0.5,1,1,CAATGGATGTGCAACGTTAT,0,376392
acrBp,0.5,1,1,CAATGCACAAAGAGTAAGGA,0,399258
acrBp,0.5,1,1,CAATCTGTGCGGCTAGCCCG,0,397528
acrBp,0.5,1,1,CAATCGACTTGCGGCTTTCT,0,389395
acrBp,0.5,1,1,CAATATAGACTTATAAAATA,0,381928
acrBp,0.5,1,1,CAATATACAGCAAAACGTTC,0,376297
acrBp,0.5,1,1,CAATAGCGGGTGTTGTACTC,0,376959
acrBp,0.5,1,1,CAATACACGTGCTATATATT,0,387283
acrBp,0.5,1,1,CAAGTTCTGGTCGGCTCTAC,0,356745
acrBp,0.5,1,1,CAAGGATCCCGAGGCGACGC,0,399538
acrBp,0.5,1,1,CAAGCTAGTATTGAGTCCCT,0,395157
acrBp,0.5,1,1,CAAGCGGGTGAATACTCATA,0,405153
acrBp,0.5,1,1,CAAGCCATCTAACCGGGGAG,0,384487
acrBp,0.5,1,1,CAAGCCAGTATGCAAGGGTG,0,357902
acrBp,0.5,1,1,CAAGAGGCCTACCAGCACCA,0,387301
acrBp,0.5,1,1,CAACTCGATTGCCAATCAGT,0,400085
acrBp,0.5,1,1,CAACCGTTGCGGCCAGAAAC,0,356448
acrBp,0.5,1,1,CAACCGTCAACCGCTAATGG,0,377757
acrBp,0.5,1,1,CAACCGATCCAAGCGCCCGG,0,383096
acrBp,0.5,1,1,CAACCAAATGCAGTTAGATC,0,397549
acrBp,0.5,1,1,CAACAGTTTCCTGTTCCGAC,0,392329
acrBp,0.5,1,1,CAACACGTAACGGGAGCCCA,0,386525
acrBp,0.5,1,1,CAAATAACTTAATCGAGAAG,0,376370
acrBp,0.5,1,1,CAAAGGTAATGTTTGTTAGA,0,376647
acrBp,0.5,1,1,CAAAGATACGGGGACAGCTC,0,393647
acrBp,0.5,1,1,CAAAATCGTGTTATAGCGCA,0,375767
acrBp,0.5,1,1,CAAAACCAACCTGATCGGCA,0,391430
acrBp,0.5,1,1,ATTTTGTAGCAAAATTTAGC,0,401707
acrBp,0.5,1,1,ATTTGTGGCTCCGGCAGCTG,0,374484
acrBp,0.5,1,1,ATTTGCCATATAGGAGAGGT,0,375088
acrBp,0.5,1,1,ATTTACCGAACGCAATCATA,0,370498
acrBp,0.5,1,1,ATTTAATCGTGAGTCACGGC,0,395640
acrBp,0.5,1,1,ATTGTTGCCACCGGACGTTT,0,383954
acrBp,0.5,1,1,ATTGTTAATTCTTGAAAGGT,0,395247
acrBp,0.5,1,1,ATTGTGGCCCGCCTACTGCC,0,377708
acrBp,0.5,1,1,ATTGTAATTAGCGCACAAAT,0,394050
acrBp,0.5,1,1,ATTGGGGTGGTTAAAAAGCA,0,403070
acrBp,0.5,1,1,ATTGCGGAGACGAGCGGAGT,0,366795
acrBp,0.5,1,1,ATTGCCTTTAACAAGTACCT,0,375070
acrBp,0.5,1,1,ATTGAGATGGCTTTATGAGA,0,407103
acrBp,0.5,1,1,ATTGACATGTGCTCGTACTT,0,355653
acrBp,0.5,1,1,ATTCTCACTTGCGGCCTTTA,0,397576
acrBp,0.5,1,1,ATTCTATGTACTCCCATGAT,0,406303
acrBp,0.5,1,1,ATTCGTTGAGCTGGTCATTA,0,358891
acrBp,0.5,1,1,ATTCGTCTGGATAAACGTCC,0,395450
acrBp,0.5,1,1,ATTCGTCTATAATATGTACA,0,360646
acrBp,0.5,1,1,ATTCGTCGCGGTTGGTTTGT,0,387617
acrBp,0.5,1,1,ATTCGGCAAATCATCGCGGC,0,393210
acrBp,0.5,1,1,ATTCGGAGTCCGATACCAAG,0,382306
acrBp,0.5,1,1,ATTCGGAAAGTGAGGTATCG,0,397617
acrBp,0.5,1,1,ATTCGAGTAGACCCTAATTC,0,359151
acrBp,0.5,1,1,ATTCCGGTACGGAACGTTCA,0,391934
acrBp,0.5,1,1,ATTCAGTGGCCAAGGCACTA,0,403929
acrBp,0.5,1,1,ATTCACTTGAGCATTGCCCA,0,397352
acrBp,0.5,1,1,ATTCACAATGATGGGAACGC,0,383945
acrBp,0.5,1,1,ATTATTTATTTCTAACTTGC,0,384683
acrBp,0.5,1,1,ATTATGCCCATGCCAGGTTG,0,360874
acrBp,0.5,1,1,ATTATCTGCGTGCTTAAGTG,0,396809
acrBp,0.5,1,1,ATTAGAATTGCTATGGTTTA,0,357157
acrBp,0.5,1,1,ATTACTGTTTGATGTGAAAC,0,356916
acrBp,0.5,1,1,ATTACGGTGAAATTTCCACA,0,389180
acrBp,0.5,1,1,ATTACCATACGGCAGTAGTC,0,380136
acrBp,0.5,1,1,ATTAATTAGGATACTTGGTT,0,361103
acrBp,0.5,1,1,ATTAATAGGGACTGTGATTT,0,370906
acrBp,0.5,1,1,ATGTTTAAGCTCACGCCCGT,0,383407
acrBp,0.5,1,1,ATGTTAGTGGCGATCTGAAG,0,394058
acrBp,0.5,1,1,ATGTGAGGTGTTGTTAGGGA,0,384180
acrBp,0.5,1,1,ATGTGAAAAGTGTCGCAACT,0,356763
acrBp,0.5,1,1,ATGTCTTCTGATTGGACCTC,0,357045
acrBp,0.5,1,1,ATGTCATTATGTGCATCCAA,0,384038
acrBp,0.5,1,1,ATGTAATATGCGCGCACAGT,0,393953
acrBp,0.5,1,1,ATGGTTATTAGTATTATGAT,0,382090
acrBp,0.5,1,1,ATGGTGTCCCCGAAAGGATG,0,372073
acrBp,0.5,1,1,ATGGTCTGTGTCGTAGGTCG,0,379844
acrBp,0.5,1,1,ATGGTCACCCCATGCACTTA,0,394205
acrBp,0.5,1,1,ATGGGTGGATGACTGCGAGA,0,383562
acrBp,0.5,1,1,ATGGGTCCTCGACCATATTG,0,395420
acrBp,0.5,1,1,ATGGGGTAAAGTCAATGCAG,0,373858
acrBp,0.5,1,1,ATGGGGGGCATTGGCGCCTT,0,401838
acrBp,0.5,1,1,ATGGCTATATGAGTGGCGTG,0,359238
acrBp,0.5,1,1,ATGGATGGCTAGGCCATACA,0,359303
acrBp,0.5,1,1,ATGGACTAATGCACCCTTAA,0,390430
acrBp,0.5,1,1,ATGGAATTGGGTGGAAGGAC,0,381315
acrBp,0.5,1,1,ATGCTTGGGAATAGTGATTA,0,379244
acrBp,0.5,1,1,ATGCTCCACACAGGGATGCT,0,357298
acrBp,0.5,1,1,ATGCTCCAAGGGGTGTCTAG,0,404498
acrBp,0.5,1,1,ATGCGCGAGATAAAAAACAT,0,404578
acrBp,0.5,1,1,ATGCGATTGTGCCTCGTGGA,0,356695
acrBp,0.5,1,1,ATGCGATGGGTGTCTAAAGT,0,356133
acrBp,0.5,1,1,ATGCGAGGAGCGAGGCTAAT,0,362748
acrBp,0.5,1,1,ATGCCTACCGGTGGGCTTAT,0,407421
acrBp,0.5,1,1,ATGCCGATTAGTGGGGTGTC,0,365285
acrBp,0.5,1,1,ATGCCATCCGGCGTCATAAT,0,368102
acrBp,0.5,1,1,ATGCATTCAGATGTTGCCAG,0,400116
acrBp,0.5,1,1,ATGATTTAGTACTACACCTT,0,406416
acrBp,0.5,1,1,ATGATTGCATTGTGAACATT,0,372960
acrBp,0.5,1,1,ATGATCGGGTCCGTTCAAGG,0,396060
acrBp,0.5,1,1,ATGATCCTTCCTACCGCGTA,0,383210
acrBp,0.5,1,1,ATGATAGGAGCTGATTTAAG,0,400857
acrBp,0.5,1,1,ATGATAAACGACTCGGCACA,0,390661
acrBp,0.5,1,1,ATGAGTGTAAAAGCGTGTAA,0,377874
acrBp,0.5,1,1,ATGAGGTAAATCGCTTCTAA,0,359636
acrBp,0.5,1,1,ATGAGAGCACTAATGGAAGG,0,392928
acrBp,0.5,1,1,ATGAGACACCTGCCTCCAGA,0,378671
acrBp,0.5,1,1,ATGAATTTCACTAAAAACTT,0,377438
acrBp,0.5,1,1,ATGAAGTGGCGACCTCTAGG,0,375658
acrBp,0.5,1,1,ATCTTAGAATTTGAGGCTAA,0,364439
acrBp,0.5,1,1,ATCTCTCTGCAGTAATTCTG,0,372784
acrBp,0.5,1,1,ATCTCTCTAGGATCGGGGTG,0,406072
acrBp,0.5,1,1,ATCTCGTCATGATGGCGTGG,0,406029
acrBp,0.5,1,1,ATCTACAGAGTTTCACATAA,0,368509
acrBp,0.5,1,1,ATCTAAGATATTAAATCTAA,0,405806
acrBp,0.5,1,1,ATCGTATCGTAATAGACGGG,0,377132
acrBp,0.5,1,1,ATCGGTTATAAACTACGCGG,0,407811
acrBp,0.5,1,1,ATCGGGTGGAGTGACTTTCA,0,404413
acrBp,0.5,1,1,ATCGCTCGTTGGAGATCACG,0,383457
acrBp,0.5,1,1,ATCGCACCTTTTTTTGGTCT,0,355703
acrBp,0.5,1,1,ATCGACAAGATTGAGTCCGA,0,395556
acrBp,0.5,1,1,ATCGAAGCACATATCAAGGC,0,379835
acrBp,0.5,1,1,ATCGAAAGAGGCACCTTGAA,0,367481
acrBp,0.5,1,1,ATCCTGTTCTGATATTCCTT,0,370657
acrBp,0.5,1,1,ATCCGTCCGTTAATTTTATA,0,392374
acrBp,0.5,1,1,ATCCGGAAATACTGTCGTAG,0,370918
acrBp,0.5,1,1,ATCCGATATTGATATATCGG,0,361745
acrBp,0.5,1,1,ATCCCGCGCTCCGAGGTGAG,0,380549
acrBp,0.5,1,1,ATCCCCGACACCGTTTTCGT,0,392805
acrBp,0.5,1,1,ATCCAATCCCAGGGCTTATC,0,370830
acrBp,0.5,1,1,ATCATCTTAGATTGGATGGT,0,405332
acrBp,0.5,1,1,ATCAGTTAATGGAGCAACTC,0,374708
acrBp,0.5,1,1,ATCAGTGTGCCTACGCCGAT,0,371446
acrBp,0.5,1,1,ATCAGGGTCATGGTAGAGCG,0,370874
acrBp,0.5,1,1,ATCAGCTTGGTTTTATGAGG,0,373338
acrBp,0.5,1,1,ATCAGAGTGCGGGTCGTGTG,0,376255
acrBp,0.5,1,1,ATCACTACACAATGACGCTA,0,403432
acrBp,0.5,1,1,ATCACGGTCTAGCGGTCGTG,0,360367
acrBp,0.5,1,1,ATCACGCCCAATAAGCGAGT,0,385517
acrBp,0.5,1,1,ATCAATCGCCTGCCGCTAGT,0,360270
acrBp,0.5,1,1,ATCAACGTACTGTGAGCACA,0,397923
acrBp,0.5,1,1,ATATTGTCCGCCTTTTGGCA,0,383057
acrBp,0.5,1,1,ATATCTCATACTCCCGCTAA,0,361917
acrBp,0.5,1,1,ATATCCTCGGCAACAGCACT,0,377632
acrBp,0.5,1,1,ATATAGTAGGCGAAAGCTTA,0,402402
acrBp,0.5,1,1,ATATAATATTTGTTTTAGAC,0,378909
acrBp,0.5,1,1,ATAGGTTAGGTTGGGATTCT,0,397500
acrBp,0.5,1,1,ATAGGCTCCTAGTCGGTCTA,0,394404
acrBp,0.5,1,1,ATAGCATGGTCTTCCCAGCG,0,373781
acrBp,0.5,1,1,ATAGACATGAGCATACTGCG,0,400991
acrBp,0.5,1,1,ATAGAATGACTGTTCTGCGT,0,376510
acrBp,0.5,1,1,ATAGAAGCAGTCTTGTTCAG,0,355628
acrBp,0.5,1,1,ATACTCCGGCCATCCGGAGT,0,407786
acrBp,0.5,1,1,ATACTCAATTTTGATGCGGT,0,391508
acrBp,0.5,1,1,ATACGTGGCGTACAACGATT,0,390180
acrBp,0.5,1,1,ATACGGTAAGCGCGTCAACC,0,396719
acrBp,0.5,1,1,ATACGCATACGTGCCATAGA,0,385586
acrBp,0.5,1,1,ATACCGGAAATGTGCTTTGT,0,406863
acrBp,0.5,1,1,ATACCATAAATCGAGTCCTC,0,389451
acrBp,0.5,1,1,ATACCACTCGGCACATTTTC,0,372113
acrBp,0.5,1,1,ATACATGTTAGCGGCAGCTA,0,373454
acrBp,0.5,1,1,ATACAGATCGCCGAGGCCAT,0,359624
acrBp,0.5,1,1,ATACAAGCGAACACTTCTCT,0,388824
acrBp,0.5,1,1,ATAATCTACACTACGACTTC,0,401038
acrBp,0.5,1,1,ATAACCAGAGACTGGCTCCT,0,382042
acrBp,0.5,1,1,ATAAATGCAACATCACACCT,0,391354
acrBp,0.5,1,1,ATAAAGATCGTTGCCCTGAC,0,381765
acrBp,0.5,1,1,AGTTTTAACAATACATTTAC,0,395732
acrBp,0.5,1,1,AGTTTGTGCATGATGCGTGT,0,357162
acrBp,0.5,1,1,AGTTGTGGTGTATATCAATG,0,388560
acrBp,0.5,1,1,AGTTGTGATTACAGTATGCT,0,393899
acrBp,0.5,1,1,AGTTGTATCGGGGGCATCTA,0,375051
acrBp,0.5,1,1,AGTTCTTCTGAGCAGTGACA,0,361619
acrBp,0.5,1,1,AGTTCATATCTGCGTCCGGA,0,401424
acrBp,0.5,1,1,AGTTCAGGGAGCCCGCGGGT,0,359181
acrBp,0.5,1,1,AGTTAACGGGGCCGGTGGAC,0,358848
acrBp,0.5,1,1,AGTGTGGAGAAAACATAGCG,0,384010
acrBp,0.5,1,1,AGTGTGCCGTGCTCGGGCCG,0,365765
acrBp,0.5,1,1,AGTGTCCACGACGATTTCTT,0,406625
acrBp,0.5,1,1,AGTGGTCTGATTCGCCGGAT,0,370282
acrBp,0.5,1,1,AGTGGGGTTATATCTGACTA,0,402263
acrBp,0.5,1,1,AGTGGGGGCACATGTCGCGT,0,360405
acrBp,0.5,1,1,AGTGGCTCAATCGGGTTCGC,0,362065
acrBp,0.5,1,1,AGTGCTCGTGCCGAAAAGAA,0,376656
acrBp,0.5,1,1,AGTGCGCGCCATTCGCACTG,0,369110
acrBp,0.5,1,1,AGTCTTTACATCTGAGCTGA,0,384638
acrBp,0.5,1,1,AGTCGTTAGTAGTTTGCCTA,0,363393
acrBp,0.5,1,1,AGTCGGGCTCACACAAAGTG,0,400736
acrBp,0.5,1,1,AGTCGCACGCAAGTCCACGG,0,407506
acrBp,0.5,1,1,AGTCCAGAACAGCCATTTAT,0,383796
acrBp,0.5,1,1,AGTCAGCGTGAACCAACTGG,0,402771
acrBp,0.5,1,1,AGTCAATTCACCGCACAGTT,0,375165
acrBp,0.5,1,1,AGTATTCCGGCAAGCTCGTG,0,380359
acrBp,0.5,1,1,AGTATGAAGACACGCCGGTT,0,372028
acrBp,0.5,1,1,AGTAGTCAACCGTAGCGTGG,0,379933
acrBp,0.5,1,1,AGTAGACCGGTTAAAAGTAT,0,362924
acrBp,0.5,1,1,AGTAGAAGCTAGGACTTCCC,0,375571
acrBp,0.5,1,1,AGTAATCCGAAACGCGAGTT,0,356321
acrBp,0.5,1,1,AGTAAGTGTCTCAGCCCTTT,0,386789
acrBp,0.5,1,1,AGTAACGGCCCGCCACGAAT,0,374444
acrBp,0.5,1,1,AGGTTAAAGATGTACCTCAC,0,359440
acrBp,0.5,1,1,AGGTGATAAGATGACTTTAT,0,390039
acrBp,0.5,1,1,AGGTCTCTCGGCTCTACATG,0,384022
acrBp,0.5,1,1,AGGTCGCAGACGGAGGTAGT,0,399801
acrBp,0.5,1,1,AGGTCGAGCACCTATATTTT,0,382175
acrBp,0.5,1,1,AGGTCCATGTCAAACATGCC,0,356189
acrBp,0.5,1,1,AGGTCCAAGTTGTACGCAGT,0,394081
acrBp,0.5,1,1,AGGTCATAGGGTAAAGATCC,0,356874
acrBp,0.5,1,1,AGGTCAGGGTGGCAACTCAT,0,370544
acrBp,0.5,1,1,AGGTATATCGACGGGGGCTT,0,366759
acrBp,0.5,1,1,AGGTAAGTCTCTCTACAACC,0,361580
acrBp,0.5,1,1,AGGGTTCCTATCTCAATAAC,0,363449
acrBp,0.5,1,1,AGGGTGACCTTACTAATTCC,0,392243
acrBp,0.5,1,1,AGGGTACTCGAGGCGAGACC,0,355945
acrBp,0.5,1,1,AGGGGGGTTCGGTGCATAGG,0,355121
acrBp,0.5,1,1,AGGGGCTGTCTCTGAGGTTT,0,356672
acrBp,0.5,1,1,AGGGCGTGCGTCTGATGTAG,0,372712
acrBp,0.5,1,1,AGGGCCGCTAAAAGTGAAAC,0,387443
acrBp,0.5,1,1,AGGGAGTCCGAAATAATGGA,0,355637
acrBp,0.5,1,1,AGGGAGGTTTATCCAAGAGG,0,397986
acrBp,0.5,1,1,AGGGACAGAACCAAGGTCGG,0,355895
acrBp,0.5,1,1,AGGGAAGATACCGGATGTTC,0,356895
acrBp,0.5,1,1,AGGCTTACCACTACTTAGCA,0,376769
acrBp,0.5,1,1,AGGCTGTAGTACATCCCGAG,0,389646
acrBp,0.5,1,1,AGGCTATTCCACGGCAGGTC,0,400299
acrBp,0.5,1,1,AGGCTAGAACTTGGCGAACC,0,384341
acrBp,0.5,1,1,AGGCGCAATGGACGAGATTT,0,390469
acrBp,0.5,1,1,AGGCGACCATTGGCGTCCGG,0,377673
acrBp,0.5,1,1,AGGCCTTCTTCGTAATTGCT,0,366347
acrBp,0.5,1,1,AGGCCGGATTATTCCTGCTT,0,395245
acrBp,0.5,1,1,AGGCCGCCATAGATAAAAGC,0,385116
acrBp,0.5,1,1,AGGCCGCAAACATAAGCTTC,0,361573
acrBp,0.5,1,1,AGGCCCGGGTTAGTTTACAC,0,397042
acrBp,0.5,1,1,AGGCCCGGATGTTGGTAAAA,0,373996
acrBp,0.5,1,1,AGGCCACGTCCAGCCACAAG,0,392661
acrBp,0.5,1,1,AGGCAAGACTCCGGGGTAGA,0,395750
acrBp,0.5,1,1,AGGATTCCTAAGGATCCTGG,0,402110
acrBp,0.5,1,1,AGGATGTTCGTTAGCTAATG,0,367628
acrBp,0.5,1,1,AGGATGACCCTAGAATGTGT,0,358510
acrBp,0.5,1,1,AGGATCAGATAAAGGTATCA,0,372070
acrBp,0.5,1,1,AGGAGGCTGGATAGGATTGC,0,385858
acrBp,0.5,1,1,AGGAGCGGGGAGAGGGCTCG,0,377159
acrBp,0.5,1,1,AGGAGCGACAAGGACGGGGT,0,373734
acrBp,0.5,1,1,AGGACAGGATTACGCGCCGA,0,399668
acrBp,0.5,1,1,AGGAAGGGGACTTGCCCTTT,0,384847
acrBp,0.5,1,1,AGCTTTTACTTATTCAGGAT,0,358607
acrBp,0.5,1,1,AGCTGCCTACAGCCAATGGG,0,370085
acrBp,0.5,1,1,AGCTGCCACAAGATATTATA,0,379781
acrBp,0.5,1,1,AGCTCCCAGTTGCGCCTATT,0,369716
acrBp,0.5,1,1,AGCTATAGTTCCCCGACAGA,0,364945
acrBp,0.5,1,1,AGCGTTCCGATAAGGAAAGA,0,407025
acrBp,0.5,1,1,AGCGTTCCAGTTTTACCCCA,0,375230
acrBp,0.5,1,1,AGCGTACCAGCATGGAATGC,0,396288
acrBp,0.5,1,1,AGCGGAACGTGATGTCCGTG,0,394009
acrBp,0.5,1,1,AGCGCGGGATTTATATTCAC,0,368057
acrBp,0.5,1,1,AGCGCGATCCTATCTAGCTT,0,393098
acrBp,0.5,1,1,AGCGCATAGTCCATGTGTAG,0,408520
acrBp,0.5,1,1,AGCGCAGGGCGAAAATAGGA,0,372166
acrBp,0.5,1,1,AGCGAAGATATGTTGTCAAA,0,363689
acrBp,0.5,1,1,AGCCTTCGGGGTTGGTTTAC,0,377508
acrBp,0.5,1,1,AGCCTGCTGCCACGGTGCCC,0,365740
acrBp,0.5,1,1,AGCCTAGTAGATATTGAGGG,0,401083
acrBp,0.5,1,1,AGCCGGCCCCGATAAATATT,0,388396
acrBp,0.5,1,1,AGCCGCCCGGACACATGTCA,0,370706
acrBp,0.5,1,1,AGCCGATTCTTCTGGAATCT,0,378221
acrBp,0.5,1,1,AGCCGAGTGGTATCCCGTGT,0,399908
acrBp,0.5,1,1,AGCCAGGGCACCGTGTGAAC,0,402372
acrBp,0.5,1,1,AGCCAGCACGGGAGATCAAT,0,366178
acrBp,0.5,1,1,AGCCAAATTGTCGTTAGCGT,0,382429
acrBp,0.5,1,1,AGCCAAACTGCTTCAATAGG,0,387780
acrBp,0.5,1,1,AGCATTTTTTTATTGTTATG,0,401090
acrBp,0.5,1,1,AGCATTGTTGGACGTGTCCC,0,364634
acrBp,0.5,1,1,AGCATTCCACGCCCGGAGAG,0,376063
acrBp,0.5,1,1,AGCATCACCCAAAGCATTCG,0,365297
acrBp,0.5,1,1,AGCAGCGGTAAGGGAGAGCT,0,398190
acrBp,0.5,1,1,AGCAGATTGGGACCGTCACA,0,380283
acrBp,0.5,1,1,AGCACCGGGAAAGCGCTCAA,0,371202
acrBp,0.5,1,1,AGCAAGGCCTATCCTTCTTC,0,382790
acrBp,0.5,1,1,AGATTTTTCATTGTTAAGCA,0,394878
acrBp,0.5,1,1,AGATTTTCTCCGATGTCTAC,0,361136
acrBp,0.5,1,1,AGATTTACAGATGGGTGATT,0,363585
acrBp,0.5,1,1,AGATTGGTCGCTTCAGCTAA,0,402505
acrBp,0.5,1,1,AGATTAGCGCGCCGAGAAGT,0,386087
acrBp,0.5,1,1,AGATTACTGTGCCGGGTTGC,0,377455
acrBp,0.5,1,1,AGATGTGGCTTTCACTTTGA,0,358763
acrBp,0.5,1,1,AGATGATCGCGTATTGTGTT,0,393938
acrBp,0.5,1,1,AGATCTACACTGTGACTCCT,0,402934
acrBp,0.5,1,1,AGATATGTGTATTAGTCTCA,0,388844
acrBp,0.5,1,1,AGATAGGTCCATACGCTACA,0,394931
acrBp,0.5,1,1,AGATAAAATGACGACAGTCA,0,366780
acrBp,0.5,1,1,AGAGTTCTGACTCTGTATCT,0,378946
acrBp,0.5,1,1,AGAGTGCGCAGCTTGTGTAG,0,398971
acrBp,0.5,1,1,AGAGTAGCTCATTTTAGTGG,0,403066
acrBp,0.5,1,1,AGAGGGGACGAGTAGAAGAG,0,400616
acrBp,0.5,1,1,AGAGCGGCTGACCGGGAAGG,0,407151
acrBp,0.5,1,1,AGAGCCAATACGGGGATGTA,0,388600
acrBp,0.5,1,1,AGAGATACGGTTGTCGAATG,0,362898
acrBp,0.5,1,1,AGACTCTGGTATCTACTCAC,0,401602
acrBp,0.5,1,1,AGACGTGATCACCCTGTATG,0,389525
acrBp,0.5,1,1,AGACGTCCCTTATATGATAG,0,405034
acrBp,0.5,1,1,AGACCTTATATATAGTCTCT,0,400236
acrBp,0.5,1,1,AGACCTAGGCGGAGGCCTGA,0,372997
acrBp,0.5,1,1,AGACCCGCAGTGGAGGTATG,0,359595
acrBp,0.5,1,1,AGACATCGCGTAGTCGGCAT,0,356710
acrBp,0.5,1,1,AGAAGATAGACGTACCCTCA,0,381663
acrBp,0.5,1,1,AGAAGACCGTAGGTGACCGT,0,394090
acrBp,0.5,1,1,AGAACGAATCTCAGTCGAGT,0,368686
acrBp,0.5,1,1,AGAAATGCGGCCCGCTGTCC,0,381582
acrBp,0.5,1,1,AGAAAATCCTTTTTCACGGG,0,390339
acrBp,0.5,1,1,ACTTTTGCTTACTAGCCGAA,0,365979
acrBp,0.5,1,1,ACTTTTGATCTATAATGCTT,0,381916
acrBp,0.5,1,1,ACTTTTAGTAATGGTTCTAG,0,385596
acrBp,0.5,1,1,ACTTTGGTGGTCATACTTTG,0,396273
acrBp,0.5,1,1,ACTTTGAAATTGGATAAGAC,0,371843
acrBp,0.5,1,1,ACTTGTGTGTATAGCGAGCG,0,365548
acrBp,0.5,1,1,ACTTCTTAAGTAAAACAGTG,0,381962
acrBp,0.5,1,1,ACTTCAGACCCGGAATCTGC,0,379829
acrBp,0.5,1,1,ACTTAGAAGCGGGCTCGAAC,0,378724
acrBp,0.5,1,1,ACTGTTCCTGGTACGGGATC,0,361194
acrBp,0.5,1,1,ACTGGGAATGAACGTTCCAA,0,368803
acrBp,0.5,1,1,ACTGCACCCCTCGCGAAGCC,0,375327
acrBp,0.5,1,1,ACTGATGCTCACCCTAGAGC,0,356120
acrBp,0.5,1,1,ACTCTCCAGGGATGGCGTCC,0,360278
acrBp,0.5,1,1,ACTCGTCTCTAATAACTTTC,0,371695
acrBp,0.5,1,1,ACTCGATCACCGCCAAAACT,0,406363
acrBp,0.5,1,1,ACTCGAATCCTTACGAATCC,0,384291
acrBp,0.5,1,1,ACTCATGGGCATTGTGACAG,0,405737
acrBp,0.5,1,1,ACTCATAAAGCAGTTAACCT,0,369622
acrBp,0.5,1,1,ACTATTCTGATCAGCGGACT,0,357399
acrBp,0.5,1,1,ACTATGAGTCTGCTTCAACG,0,383359
acrBp,0.5,1,1,ACTATCGCTAGTGTCAACTA,0,369148
acrBp,0.5,1,1,ACTATAGGCCTAGTTTAAGA,0,360798
acrBp,0.5,1,1,ACTAACTACCACGGTAGTGC,0,408211
acrBp,0.5,1,1,ACGTTCCTATCATTTATTAG,0,365172
acrBp,0.5,1,1,ACGTTCCGAGAAGTTGGCAT,0,382349
acrBp,0.5,1,1,ACGTGTTGTTACTAGAGGCA,0,356571
acrBp,0.5,1,1,ACGTGTGTATTAGGCGAGGA,0,371839
acrBp,0.5,1,1,ACGTGTAGAGGCTAACCGAG,0,398624
acrBp,0.5,1,1,ACGTGGTTACGGTGTAGCCT,0,393904
acrBp,0.5,1,1,ACGTGCCATGCGGGATTAGC,0,393385
acrBp,0.5,1,1,ACGTCTTGGAGGGTACCTTC,0,403399
acrBp,0.5,1,1,ACGTCTCCACGTCACTCGAA,0,362068
acrBp,0.5,1,1,ACGTCGGTGCCATCGACTCT,0,362751
acrBp,0.5,1,1,ACGTCGATATGCGTTAACGG,0,362891
acrBp,0.5,1,1,ACGTCAGGGGACCGAAACAT,0,355027
acrBp,0.5,1,1,ACGTCACGTACACTGCTCAT,0,365344
acrBp,0.5,1,1,ACGTATCTTTGATGGCTAAG,0,369404
acrBp,0.5,1,1,ACGTATCCGGACCATGCCAT,0,360684
acrBp,0.5,1,1,ACGTACGCCTGACACCTCAA,0,373710
acrBp,0.5,1,1,ACGTACCAAGGGCCAAGTCG,0,373685
acrBp,0.5,1,1,ACGTAATCAGAGGGGAATGA,0,364540
acrBp,0.5,1,1,ACGGTCTGACCCAGCACCGC,0,359531
acrBp,0.5,1,1,ACGGTCCATTGCTAATCCCG,0,355993
acrBp,0.5,1,1,ACGGGTGATCTATGAGCACC,0,357128
acrBp,0.5,1,1,ACGGGGGCTGGTCCACTTAT,0,373631
acrBp,0.5,1,1,ACGGGCTGACCTGAGGCGGG,0,389448
acrBp,0.5,1,1,ACGGGATCGGGCGCGGTATG,0,396782
acrBp,0.5,1,1,ACGGGAAGTAATGGTGAGCA,0,374970
acrBp,0.5,1,1,ACGGCAGTGACACGGTCTCC,0,403277
acrBp,0.5,1,1,ACGGCAGGGTGGGTGTGCCA,0,375979
acrBp,0.5,1,1,ACGGCACACACTCTTACTGC,0,372163
acrBp,0.5,1,1,ACGGATGTAAACGCGAACGT,0,407303
acrBp,0.5,1,1,ACGGAGTCAAGACCATGTAT,0,373884
acrBp,0.5,1,1,ACGGACTACCGCACGGTCCC,0,370195
acrBp,0.5,1,1,ACGGACCGGGTGCCCCTTGA,0,401867
acrBp,0.5,1,1,ACGCGGAATGTTGTGACGGG,0,403864
acrBp,0.5,1,1,ACGCCGGTAGCGACTCGTCC,0,390464
acrBp,0.5,1,1,ACGCCGGGACTCGATATGAG,0,378617
acrBp,0.5,1,1,ACGCAGACAACATGGTGCAT,0,377500
acrBp,0.5,1,1,ACGCAAGGCCGACGCTCTAC,0,385765
acrBp,0.5,1,1,ACGATTGTCCCGAGGTATTC,0,385218
acrBp,0.5,1,1,ACGATGTTTAGAGTAACGGA,0,400233
acrBp,0.5,1,1,ACGACTTTAATGTAGCGCGT,0,397642
acrBp,0.5,1,1,ACGACGTGATGCTTTCGCAA,0,361422
acrBp,0.5,1,1,ACGACGCGAGTAGTCCAATC,0,384017
acrBp,0.5,1,1,ACGACCACCATTATTTCTGA,0,387544
acrBp,0.5,1,1,ACGAAGGTTACGCGCCCTCT,0,363550
acrBp,0.5,1,1,ACCTTGTGATCTATTCCCCC,0,365205
acrBp,0.5,1,1,ACCTGCGATTTTCGATCGCA,0,377237
acrBp,0.5,1,1,ACCTGCCCTGTGGCATAACG,0,384908
acrBp,0.5,1,1,ACCTATATATTTTCATCGGC,0,377898
acrBp,0.5,1,1,ACCGTTCCGCCGCTATAGGG,0,392632
acrBp,0.5,1,1,ACCGTGCGCGAGCGGTGCAG,0,360255
acrBp,0.5,1,1,ACCGTATGTCGAGTTCTGAG,0,395799
acrBp,0.5,1,1,ACCGTATGAATGCATTTGAG,0,360136
acrBp,0.5,1,1,ACCGTAGATGGCGTGCACCA,0,362451
acrBp,0.5,1,1,ACCGGTAGGTGATACCCCAA,0,365115
acrBp,0.5,1,1,ACCGGGATTGATAGGGACAG,0,386090
acrBp,0.5,1,1,ACCGGACCCGGTCTGGTAGG,0,383474
acrBp,0.5,1,1,ACCGCAGCACTCCGGCGCGC,0,402799
acrBp,0.5,1,1,ACCGACCACACCGTGAGGTG,0,394794
acrBp,0.5,1,1,ACCCTATGACTATGTTCGTG,0,383312
acrBp,0.5,1,1,ACCCCTGTGTCTATTGGATA,0,371590
acrBp,0.5,1,1,ACCCATTTTTATCCAGGGAT,0,368855
acrBp,0.5,1,1,ACCATTAATTAAAACACAGG,0,372135
acrBp,0.5,1,1,ACCAGTTATACCACTCCTCT,0,370917
acrBp,0.5,1,1,ACCAGTCGCATACGCTTTAG,0,385954
acrBp,0.5,1,1,ACCAGATGCTCTGAGTAGGG,0,368061
acrBp,0.5,1,1,ACCACGCCAAGGTACCAGGT,0,357649
acrBp,0.5,1,1,ACCACCAAAAGGGAGAGGAA,0,391233
acrBp,0.5,1,1,ACCACAGGCCATCCGAGCCC,0,355595
acrBp,0.5,1,1,ACATTGTAACATTCCACTAA,0,392102
acrBp,0.5,1,1,ACATGTAAACGGGCTCGGTA,0,400715
acrBp,0.5,1,1,ACATGAGACAGACAGAGGAA,0,377933
acrBp,0.5,1,1,ACATCGAGTTGAGTTAATCT,0,405263
acrBp,0.5,1,1,ACATCGAACACACGGGCGTC,0,367749
acrBp,0.5,1,1,ACATATTAGTCCGCCCCCAA,0,369154
acrBp,0.5,1,1,ACATAATCGACCGAAAGAAT,0,363620
acrBp,0.5,1,1,ACAGGGTTTTTTGTAAAGGT,0,356396
acrBp,0.5,1,1,ACAGGGTGCTCTTGTACAAC,0,395867
acrBp,0.5,1,1,ACAGGGAGTCTGGCCTTGGT,0,375384
acrBp,0.5,1,1,ACAGGACCAAGCGCTCAACG,0,371985
acrBp,0.5,1,1,ACAGCCAGGTGAGTGAATGG,0,366328
acrBp,0.5,1,1,ACAGCAATTATGAGGCTGTG,0,395233
acrBp,0.5,1,1,ACAGAAACCGATACCCAACT,0,380255
acrBp,0.5,1,1,ACACTTCTAGCATCGAAACT,0,383322
acrBp,0.5,1,1,ACACTGCTTCCTTTATACGT,0,386049
acrBp,0.5,1,1,ACACTCTCATCCTGACAAGC,0,400229
acrBp,0.5,1,1,ACACTATCCGATCGAGCATT,0,357351
acrBp,0.5,1,1,ACACGGAATCTTCCACTAGG,0,403374
acrBp,0.5,1,1,ACACCGTATTCGTGTGAAGG,0,389087
acrBp,0.5,1,1,ACAATGTTTTGGGGGTGTCA,0,391664
acrBp,0.5,1,1,ACAATGCAAAACCGACCTCG,0,370288
acrBp,0.5,1,1,ACAAGTGACACGAACCGCGC,0,403986
acrBp,0.5,1,1,ACAACCAACGTTCCATTTCG,0,397322
acrBp,0.5,1,1,ACAAATGCGTCATGGTGTGT,0,394223
acrBp,0.5,1,1,ACAAATAGGTGTCTGTACAG,0,369139
acrBp,0.5,1,1,AATTTCGATAATCACCGCCT,0,382513
acrBp,0.5,1,1,AATTTCGAGCGAATATGTGT,0,360889
acrBp,0.5,1,1,AATTTCAAAATTAGGGGGCA,0,396732
acrBp,0.5,1,1,AATTTAGCTGGGTACTGTAG,0,368895
acrBp,0.5,1,1,AATTGCGAGCAAATGATGCG,0,408062
acrBp,0.5,1,1,AATTCGGTGATCATAAATTG,0,364526
acrBp,0.5,1,1,AATGTGGGAATGGTTTTGAA,0,407547
acrBp,0.5,1,1,AATGTAATGGCACTATTGTT,0,391589
acrBp,0.5,1,1,AATGGTTCCGCGTCGCAGAC,0,399354
acrBp,0.5,1,1,AATGGTCACTCGGTAAACCA,0,382933
acrBp,0.5,1,1,AATGGACGCTGAGGCCCTCC,0,378084
acrBp,0.5,1,1,AATGCCGGAGTTTGAATGAA,0,389909
acrBp,0.5,1,1,AATGCCAGTATGAGAAACAA,0,403795
acrBp,0.5,1,1,AATCTTGTACCCCATGGGCT,0,361610
acrBp,0.5,1,1,AATCTGCGCATGAACGGGGC,0,373792
acrBp,0.5,1,1,AATCTGATATCAGCCATATA,0,374380
acrBp,0.5,1,1,AATCTAGTCCGAAGCACGAA,0,384432
acrBp,0.5,1,1,AATCTAAGTGTTTCTATGCA,0,388696
acrBp,0.5,1,1,AATCGTGCTAATCACCCGTT,0,395275
acrBp,0.5,1,1,AATCGTCTTCGCTTGAGACG,0,396518
acrBp,0.5,1,1,AATCGTCTCTAGGCTACTGA,0,386488
acrBp,0.5,1,1,AATCGCATCCGGTCTGTACG,0,396921
acrBp,0.5,1,1,AATCAGGCACCATCCAGCCA,0,389492
acrBp,0.5,1,1,AATCACGTCCGAACGCAATA,0,403517
acrBp,0.5,1,1,AATATTTGGAGGACATGACT,0,406360
acrBp,0.5,1,1,AATATGCGACCTCAGCAGTC,0,399843
acrBp,0.5,1,1,AATAAGGACTATTGGGGGTG,0,393093
acrBp,0.5,1,1,AATAAGCACAGTCACCTTTG,0,400651
acrBp,0.5,1,1,AAGTGCTTTTGTGACTGCGA,0,408035
acrBp,0.5,1,1,AAGTGCCCGAAGCAAGTTTA,0,399257
acrBp,0.5,1,1,AAGTCTGATCACTGGCAGGG,0,358181
acrBp,0.5,1,1,AAGTCTCACCCGAATGACCA,0,381295
acrBp,0.5,1,1,AAGTCTATATCTTAATCGAC,0,405186
acrBp,0.5,1,1,AAGTCTAAGCGAAGCATCGT,0,370686
acrBp,0.5,1,1,AAGTCCGCACACTGTTCGTA,0,390165
acrBp,0.5,1,1,AAGTCAAGCGTGACACCAAC,0,388464
acrBp,0.5,1,1,AAGTCAACAGCGCTCGATTA,0,381166
acrBp,0.5,1,1,AAGTATTTGTAGGTTCGGAA,0,381283
acrBp,0.5,1,1,AAGTATCTGCCCCGTGCGTT,0,391115
acrBp,0.5,1,1,AAGTATAGAGTGGGGTAACT,0,395536
acrBp,0.5,1,1,AAGTAAAGGCTCTCAACGCC,0,370889
acrBp,0.5,1,1,AAGGTCATTTCAAAATTCAT,0,374150
acrBp,0.5,1,1,AAGGTCAGCATAATGCGCCG,0,365485
acrBp,0.5,1,1,AAGGTACTATGCATCCTGAT,0,401441
acrBp,0.5,1,1,AAGGTACCTATTGTTAAATG,0,391114
acrBp,0.5,1,1,AAGGTAACATCGCGCCGAGG,0,403026
acrBp,0.5,1,1,AAGGGATCAGAGAAGCGGTC,0,369194
acrBp,0.5,1,1,AAGGCAATGCGTATCAATCG,0,364019
acrBp,0.5,1,1,AAGGAGATGCCTAAGAGCGT,0,391104
acrBp,0.5,1,1,AAGCTTCTTCGAATTGGCCA,0,366304
acrBp,0.5,1,1,AAGCTTCCTTACAGTATGCT,0,388169
acrBp,0.5,1,1,AAGCTAATTCCAGCCCAGGA,0,387779
acrBp,0.5,1,1,AAGCGTTGTATGGGTACCGA,0,382964
acrBp,0.5,1,1,AAGCGCAAACTGGGAGCGCT,0,367548
acrBp,0.5,1,1,AAGCGAGCAGCAACGCTTCT,0,399481
acrBp,0.5,1,1,AAGCCTCTGATGACCAGATG,0,379021
acrBp,0.5,1,1,AAGATACACCGCTCGATGAG,0,395539
acrBp,0.5,1,1,AAGAGATACCGCCTGAGCCA,0,387724
acrBp,0.5,1,1,AAGAGACTCTGGAAGGCATC,0,394180
acrBp,0.5,1,1,AAGACCTGGACCGCCATTGC,0,358252
acrBp,0.5,1,1,AAGACATATTGGGTTATTGC,0,400047
acrBp,0.5,1,1,AAGAAATCAGCTTTATGTAC,0,364261
acrBp,0.5,1,1,AACTTTACTGAGCAATAACA,0,391550
acrBp,0.5,1,1,AACTGTCCGATCTACGGTGA,0,407960
acrBp,0.5,1,1,AACTGCAGGCCTCTTAATTC,0,371126
acrBp,0.5,1,1,AACTGATCCGAGCAGTGGAA,0,407443
acrBp,0.5,1,1,AACTCGATGGCGGCTCCACC,0,393666
acrBp,0.5,1,1,AACTAGGGGGTGAGGCGCCA,0,380742
acrBp,0.5,1,1,AACTAAGTGTAATCATTTTT,0,389866
acrBp,0.5,1,1,AACGTTCGTTTGGACCGGTC,0,364485
acrBp,0.5,1,1,AACGTCACCGAAGAGTATGT,0,394458
acrBp,0.5,1,1,AACGGGATGACAGCGGGAAC,0,373593
acrBp,0.5,1,1,AACGCTTTTATTTACCAGTG,0,361874
acrBp,0.5,1,1,AACCTTCTTAAGTTCTCTCC,0,367710
acrBp,0.5,1,1,AACCGTTCTGTGGTATGACT,0,362923
acrBp,0.5,1,1,AACCGTCAAGTTGAAGATGA,0,407707
acrBp,0.5,1,1,AACCGCTACTCCGTTCAAGG,0,405754
acrBp,0.5,1,1,AACCCGAGTGGTTTTTGATT,0,387040
acrBp,0.5,1,1,AACCACCCGGACACAATTAT,0,399502
acrBp,0.5,1,1,AACCAATGGTAGCGCATGGC,0,386593
acrBp,0.5,1,1,AACCAATGCCGTAATTACAT,0,382623
acrBp,0.5,1,1,AACATTGCTCGGTAACGTCA,0,366944
acrBp,0.5,1,1,AACATGCGGAGTAGCTGTAC,0,368271
acrBp,0.5,1,1,AACATAGTTATAGTCAGTGG,0,387873
acrBp,0.5,1,1,AACAGTTGGTGGCGGGGTCG,0,381462
acrBp,0.5,1,1,AACAGTCTCACAAGCACATT,0,383323
acrBp,0.5,1,1,AACAGTATACCTTCAATGAC,0,369555
acrBp,0.5,1,1,AACAGGTTATGCCGTGCCCT,0,385915
acrBp,0.5,1,1,AACAGCCCGACAGGGTAGCT,0,384599
acrBp,0.5,1,1,AACAGACATGGGCTGTGTAC,0,404212
acrBp,0.5,1,1,AACAGAACGGAGCCGTGGTT,0,379126
acrBp,0.5,1,1,AAATTGACTTCTAGGCACGA,0,398266
acrBp,0.5,1,1,AAATTCTCATTCGCCTGGTT,0,376139
acrBp,0.5,1,1,AAATTCGTGGCTGCGTTACT,0,395666
acrBp,0.5,1,1,AAATGGGATGGTCCTCCGCA,0,398979
acrBp,0.5,1,1,AAATGCCGTTGCGAGCTGTC,0,381917
acrBp,0.5,1,1,AAATGACCCCTCGCATCAGT,0,370838
acrBp,0.5,1,1,AAATATGCAAAGTGAGCTTG,0,366871
acrBp,0.5,1,1,AAATATGAACGGGGAGCATA,0,377441
acrBp,0.5,1,1,AAATAGTTGACCGTCAACGG,0,369159
acrBp,0.5,1,1,AAATACGCATGCAAAGTAGC,0,378960
acrBp,0.5,1,1,AAATACATGCCACACTTCGC,0,382597
acrBp,0.5,1,1,AAATACAACCAGCGTTGGCG,0,392555
acrBp,0.5,1,1,AAATAACAAAACTGCTCTCT,0,366407
acrBp,0.5,1,1,AAAGCTGACCGGGGTAAATT,0,392468
acrBp,0.5,1,1,AAAGCTCTTTACTGATGGTA,0,400212
acrBp,0.5,1,1,AAACTGCAAATGCCAGATGC,0,374522
acrBp,0.5,1,1,AAACGTTGATTAGTATGCGT,0,395040
acrBp,0.5,1,1,AAACGAGGCCCCGGGAAGAC,0,373287
acrBp,0.5,1,1,AAACGACACGCTATGACATT,0,402024
acrBp,0.5,1,1,AAACCTTGTACCGGAAGATT,0,397261
acrBp,0.5,1,1,AAACCTGCGGCCTTTTGGAA,0,377659
acrBp,0.5,1,1,AAACCGGCATTCTCAGGCGT,0,389774
acrBp,0.5,1,1,AAACCATCCTATAGCCATGA,0,403436
acrBp,0.5,1,1,AAACCACGGCACAGGTCCCC,0,372309
acrBp,0.5,1,1,AAACATACGATCGCCATATG,0,359269
acrBp,0.5,1,1,AAACACTCTGAGATTGTTTG,0,386998
acrBp,0.5,1,1,AAACAACTGATTGACACGGT,0,389380
acrBp,0.5,1,1,AAAATTTTGACTCGAGTCCT,0,389689
acrBp,0.5,1,1,AAAATTGGGGGCGAATTTCA,0,392572
acrBp,0.5,1,1,AAAATTATAAGCAACAAAGA,0,383700
acrBp,0.5,1,1,AAAATCCGTTATTTCGGTTG,0,386834
acrBp,0.5,1,1,AAAATCCAAGCTTCATATGG,0,397226
acrBp,0.5,1,1,AAAATAGCTTAAGCTCTCCG,0,382685
acrBp,0.5,1,1,AAAAGCTTAAAGGACTCCTC,0,359855
acrBp,0.5,1,1,AAAAGCTAATGGGATTGTTA,0,361686
acrBp,0.5,1,1,AAAAAGGTAAGAGCGTTTAC,0,368330
acrBp,0.5,1,1,AAAAAGGGCTTCTGCACCCC,0,375053
acrBp,0.5,1,1,AAAAAACACTTGCCTTGGTG,0,360691
acrBp,2038.0,2037,0,AAATAGTGGTGTCGGTCTGA,2037,386929
acrBp,889.0,888,0,CCTGCTTGGTTGTAGTCTTA,888,372445
acrBp,4.0,3,0,GCAGGTAATGGCTGCCGGAG,3,391199
acrBp,3.0,2,0,ATACGTTCGCCCGGGAGCAG,2,384549
acrBp,3.0,2,0,AGAGCCCTGGAGGGATAAAC,2,404244
acrBp,2.0,1,0,TTGCAGTACTTCAGTGCCCA,1,408010
acrBp,2.0,1,0,TTAAAGCCGTTGGATATGCA,1,397235
acrBp,2.0,1,0,TGGTCATATCGCGGGCGTCG,1,372216
acrBp,2.0,1,0,TGCTTACGTCTGCGGTGTTG,1,358838
acrBp,2.0,1,0,TGCCAAAGGAATGATCGAGA,1,390702
acrBp,2.0,1,0,TGAATCGGTCGCTAGTTCAT,1,367461
acrBp,2.0,1,0,TCGTTTAATCTTGGTTTTTA,1,364961
acrBp,2.0,1,0,TCCTTTAAAGATGTGCAAAT,1,404120
acrBp,2.0,1,0,TCCTCAAATCGTTTCAATAT,1,364184
acrBp,2.0,1,0,TCCGTTTGCCAAGCAAGGGT,1,401310
acrBp,2.0,1,0,TCCAGCATTGTGACCACGCT,1,382514
acrBp,2.0,1,0,TAGCACAGCCTCGTAGCTCG,1,361303
acrBp,2.0,1,0,TACCGTCGCGACGCAACCCA,1,380668
acrBp,2.0,1,0,TAACTTCCTGGCACCTGACT,1,378056
acrBp,2.0,1,0,GTTCCTAACAGTAAGCCATC,1,365340
acrBp,2.0,1,0,GTGTGCCCATTGTGCAGATC,1,366847
acrBp,2.0,1,0,GGGTGGGCGCTAGTTTAGTC,1,398227
acrBp,2.0,1,0,GGGGTAAACGACTCGACCGG,1,394583
acrBp,2.0,1,0,GGCCGGCAACTATAAATGTT,1,370639
acrBp,2.0,1,0,GGAGCATCGTTTGTTGATGA,1,394778
acrBp,2.0,1,0,GGAAGACTGGCTACGGATCA,1,384654
acrBp,2.0,1,0,GCTTAAATGAATATCAGTAA,1,355326
acrBp,2.0,1,0,GCGTACATATCGTATCTTGA,1,356048
acrBp,2.0,1,0,GCCATAGCAATTTAGGACTT,1,389178
acrBp,2.0,1,0,GATATGAACAAAGTTCAGCA,1,362860
acrBp,2.0,1,0,GAGACAGTCACCCCGTGATC,1,386277
acrBp,2.0,1,0,GAACCGATTATGGGTAGTGA,1,383849
acrBp,2.0,1,0,CTTAAGTGAGTAGCAGTGTT,1,374960
acrBp,2.0,1,0,CTCTACGGGTGTTTGGGCGA,1,378118
acrBp,2.0,1,0,CGTCGTTAGAGAGCCTCGCA,1,366843
acrBp,2.0,1,0,CGCGCTCATCCTAAGAACGC,1,394129
acrBp,2.0,1,0,CCCTCAATTGCCAGGTAAAG,1,359534
acrBp,2.0,1,0,CCACCATCATCATTAGCCGT,1,389082
acrBp,2.0,1,0,CATTACTGCGCTTTGCCTTC,1,366477
acrBp,2.0,1,0,CATGAGCGCGTGGGCATTTA,1,398078
acrBp,2.0,1,0,AGTTCTACTTACTCGGAACA,1,397435
acrBp,2.0,1,0,ACTTCAGATACCTCCACCCA,1,379464
acrBp,2.0,1,0,ACATCGGACCCCCTCTTCTA,1,385559
acrBp,2.0,1,0,AAGAGAGGACTGTGAACTGT,1,406035
acrBp,2.0,1,0,AACTATGTCATTCATCGTTC,1,401306
acrBp,2.0,1,0,AACACTCTCGGTAAGCAAAC,1,399730
acrBp,2.0,1,0,AAAAGCACTGGAGTCTCTAC,1,363809
