name,relative_counts,ct,ct_0,barcode,ct_1,barcode_ind
xylFp,0.3333333333333333,74,56,GTAACAACACGGATCGGACT,18,4068314
xylFp,0.42857142857142855,68,48,AGACGCACAACTTCATCCTA,20,4058078
xylFp,0.8260869565217391,82,45,CTGCTTTAGCTCGGATCCTA,37,4060529
xylFp,0.5434782608695652,69,45,AGGGTCAGACTAAAGTGGTT,24,4065195
xylFp,0.36363636363636365,58,43,AATTGGGCCAGAAATACCTA,15,4075820
xylFp,0.775,69,39,TCTCCTAAGGATAAGTGATC,30,4065644
xylFp,0.45,56,39,GCTGAACACTATCGCAAGGG,17,4056919
xylFp,0.3783783783783784,49,36,TTACAGCCTGCTATGATTTC,13,4054978
xylFp,0.9722222222222222,69,35,CTATCAACATAATGGGCCTT,34,4069736
xylFp,0.5142857142857142,51,34,GTTACTGAAATTCTATGCAG,17,4061281
xylFp,0.7714285714285715,60,34,GACGTGCACAAACGGCTCTC,26,4056921
xylFp,1.0,66,33,TCCTACTGGGGTCTGCACTG,33,4060481
xylFp,1.121212121212121,68,32,TGGCAATTAAAAGGCATTCG,36,4057588
xylFp,0.4375,44,31,TCTGTTACCGTAGACTAGAT,13,4064036
xylFp,0.53125,47,31,GCCACAAGCATCGCCCGTGG,16,4057599
xylFp,0.6129032258064516,48,30,TGAGCTTGGTGTTTGTCTAT,18,4061174
xylFp,0.45161290322580644,43,30,GAAATACTCACATCAAGCAT,13,4076088
xylFp,1.032258064516129,61,30,CTCCCTCGTCGGAAATTCAT,31,4059797
xylFp,0.3,37,29,TCATGTATGGTCTCCGTCAA,8,4067557
xylFp,2.4827586206896552,99,28,ACCTGATATGTGTTAGTCTT,71,4074014
xylFp,1.9259259259259258,77,26,TCGGTGCCGCTACTCCTAGC,51,4064334
xylFp,1.0,52,26,TAAGCCGCACTGGGTTATAA,26,4070486
xylFp,0.9259259259259259,50,26,GTAGCTGGAGACATAATTTC,24,4055887
xylFp,1.6666666666666667,70,26,CTTATCTTTAGTATCTGACT,44,4054964
xylFp,0.9259259259259259,50,26,CGTGCACGGCAGGCAAGAGG,24,4076683
xylFp,0.7777777777777778,46,26,CGGGCTTGCAATGCTGCTTT,20,4058231
xylFp,1.037037037037037,53,26,CGATACGATGGTGGTTTTGA,27,4056604
xylFp,0.7777777777777778,46,26,ATCCCCATGCAGTAGGACGA,20,4074232
xylFp,0.8461538461538461,46,25,GTGGTACGTCTACGGCGACA,21,4072903
xylFp,1.6923076923076923,68,25,CTCTTAAAACTTTTCAGTGG,43,4073806
xylFp,1.2692307692307692,57,25,CCTCGGGCTTTAGGCAAAAG,32,4062367
xylFp,0.5384615384615384,38,25,ACGTACGCATGAGTGCCAGC,13,4069191
xylFp,1.8461538461538463,72,25,ACGCGGAAGCTTTGTCAAAT,47,4071368
xylFp,0.16,27,24,TGTTAATCATAAGTGCCGAA,3,4068473
xylFp,1.16,52,24,GACGAGCCACTCGGACGCAG,28,4060433
xylFp,0.76,42,24,CTCCCGGCACCCGGAACCAA,18,4068860
xylFp,0.8,43,24,CAGATAACATTCATCAGTGT,19,4056586
xylFp,0.36,32,24,CAGAGACTGATACAGACAGA,8,4062772
xylFp,0.08,25,24,ATGAGTCTGCCATGCGTTAG,1,4062438
xylFp,0.56,37,24,AGCTGATGGGCATATTTTAT,13,4076957
xylFp,0.375,31,23,TACCCGGCGCTTGCGCTGTA,8,4062070
xylFp,0.9166666666666666,44,23,GTGAATCTCTTCTATAACAG,21,4062673
xylFp,1.5,58,23,GCCGGAAACTCTAGGTGTAG,35,4070282
xylFp,1.5416666666666667,59,23,GAAGAAGCGGAGTCCCTAGC,36,4061039
xylFp,0.8333333333333334,42,23,ATAGAGGATAAGGTGGGCGG,19,4058338
xylFp,0.4166666666666667,32,23,ATACCATCCGTACTCGCAGA,9,4058335
xylFp,0.7916666666666666,41,23,ACCGCGATCGTCCGGATTCA,18,4058710
xylFp,2.5,82,23,ACATTCAGACGATTGTCCGC,59,4060543
xylFp,0.5652173913043478,34,22,TTGCCGTCTTGACACTGGCT,12,4062861
xylFp,0.4782608695652174,32,22,TTAAAGCTCACATGGCGTGA,10,4056065
xylFp,0.6521739130434783,36,22,GACGGGTCCGTTCGCAAGCA,14,4073081
xylFp,0.6363636363636364,34,21,TGCTATCTGGATGGCTTCTG,13,4055213
xylFp,0.7272727272727273,36,21,TAATACTCAGACAGAACGGA,15,4058590
xylFp,0.6363636363636364,34,21,GTGATAGCGCAATTCTGCTC,13,4068832
xylFp,0.6363636363636364,34,21,GGTTGAGAATTAGGTTGACA,13,4063703
xylFp,0.5454545454545454,32,21,CTCTACCCTGACAGTCAACG,11,4059729
xylFp,0.7272727272727273,36,21,CGTGTCTCTACAACGCCTTT,15,4068059
xylFp,0.5909090909090909,33,21,CGAAATATGTGACTGGCGAT,12,4056161
xylFp,0.9090909090909091,40,21,CCCCGGTAGGCACGATAGAT,19,4069720
xylFp,1.0,42,21,CCACGCCATTAGGGGCCGTC,21,4055052
xylFp,0.8181818181818182,38,21,CCAATACGCTCCCGTTAGAG,17,4056032
xylFp,1.1818181818181819,46,21,CAATCTACCCGTGACGAACT,25,4056638
xylFp,0.6363636363636364,34,21,ATTCGAGCCACTTAATGTTA,13,4075155
xylFp,1.0,42,21,ATCTTGTCTCGAACTTTACA,21,4058545
xylFp,1.8571428571428572,58,20,TGACCAGCTGGGACCACCTG,38,4063870
xylFp,0.14285714285714285,22,20,TACGTGGGTAGGGCGGCATC,2,4069922
xylFp,1.619047619047619,53,20,GTACATAGCGAACGAAACCC,33,4056016
xylFp,0.2857142857142857,25,20,GGGTAGGTCCGTTTCTATCA,5,4058611
xylFp,0.7142857142857143,34,20,GCGGAGCGAGTGGGCTGCCA,14,4069486
xylFp,1.0476190476190477,41,20,GAGATTGAGAGGCCCTGGTC,21,4056609
xylFp,0.8095238095238095,36,20,CTTGCCTCGTGTCCGCGCGA,16,4064581
xylFp,0.9047619047619048,38,20,CAGATAGAATTCGTGCGCGA,18,4077610
xylFp,2.0952380952380953,63,20,CAGAACCAGGACGATGGAGA,43,4056920
xylFp,0.5714285714285714,31,20,ATTGTGAGTTAAAGTCGGAA,11,4063497
xylFp,0.3333333333333333,26,20,AGGTCCACCTGAGCGGTACA,6,4055842
xylFp,0.6666666666666666,33,20,AGACGATGAGGGTACTAATC,13,4062410
xylFp,0.09523809523809523,21,20,AGACCGCAATACGTACATGA,1,4069500
xylFp,0.25,23,19,TCACGATTGCAAAACCTAAA,4,4063062
xylFp,0.45,27,19,TAGGTTGTTGCTCGTGTGTT,8,4055720
xylFp,0.35,25,19,GTGACATAGAGTTAAAGACC,6,4078096
xylFp,0.35,25,19,GTACTTGCCCACAAGCTTTG,6,4055812
xylFp,0.7,32,19,GGAAGCATTGAGTTCCAGGA,13,4055660
xylFp,0.15,21,19,GCAGCATGGAAAGAAAATTG,2,4059908
xylFp,1.3,44,19,CATTCTTCATCCATCCATAA,25,4055443
xylFp,0.65,31,19,ATGCATTATTTAGCTACGTC,12,4055619
xylFp,1.8421052631578947,52,18,TTCTTGTAAAGGAGATCGGC,34,4057469
xylFp,1.0526315789473684,37,18,TTACGGAGATGCGGAATGAT,19,4058179
xylFp,0.631578947368421,29,18,GCTCCACGTACCAATATTTC,11,4065996
xylFp,0.3684210526315789,24,18,GATAGTCCCGGTGAGAATAT,6,4068730
xylFp,1.0,36,18,CTGCTCGGGAGTACTGGGGA,18,4055566
xylFp,0.2631578947368421,22,18,CTCAGGTTCGAAGATCCAAA,4,4057835
xylFp,0.21052631578947367,21,18,ATCCCGTAGAGTTGTCCCAG,3,4073235
xylFp,1.1578947368421053,39,18,AGGGCCTTGAGCCCGACACT,21,4056774
xylFp,1.0526315789473684,37,18,AGAATCGTTAAGGGTAAATA,19,4059612
xylFp,0.5263157894736842,27,18,ACTAAGGCGGACCTAATGCT,9,4055644
xylFp,1.0526315789473684,37,18,AAGCGGGGAGATAAGATGGT,19,4054972
xylFp,0.7777777777777778,30,17,TGCGCTCGGACCGTCTATAT,13,4066403
xylFp,0.1111111111111111,18,17,TATTTCGTGCCTCGCATTGT,1,4059223
xylFp,1.0555555555555556,35,17,TAGATGCTGCCCGACAGAGG,18,4069519
xylFp,0.2222222222222222,20,17,GTCTACAATTCTTTTAAGCT,3,4062941
xylFp,0.5555555555555556,26,17,GAGTGCCGGGGCCGGTTAAA,9,4055194
xylFp,0.2222222222222222,20,17,CCCCGTAGCCATAGTCCCCA,3,4060505
xylFp,0.4444444444444444,24,17,CAAACTGCTTATGATAGTAA,7,4055235
xylFp,1.4444444444444444,42,17,AGGTACACGGGGCATGCAAG,25,4062752
xylFp,1.0555555555555556,35,17,ACCTTATTTTGATTCTTAAT,18,4071663
xylFp,1.1111111111111112,36,17,AAGTGTTGGTAAAGTCGAGG,19,4061096
xylFp,1.0,32,16,TGTAAGCTCGGGTCTTCACT,16,4070274
xylFp,1.411764705882353,39,16,TCAACCCTGCTTCTGGTAGC,23,4065691
xylFp,2.411764705882353,56,16,GTGAAGAGGTATTTTTTATA,40,4055509
xylFp,0.11764705882352941,17,16,GGCGTACGAGTATGCAAAAT,1,4076232
xylFp,1.2352941176470589,36,16,GGAGACTTGAAGGTAACGAT,20,4064925
xylFp,0.8823529411764706,30,16,GCGCTTTAAAACGTGCTCCT,14,4059271
xylFp,2.176470588235294,52,16,GATAACAACGAAAAGCGAAT,36,4056234
xylFp,0.8823529411764706,30,16,GACGGAGTTGATCGTTACTC,14,4057710
xylFp,0.7647058823529411,28,16,CGTTCGACAGCCGCATTAAA,12,4074512
xylFp,1.8235294117647058,46,16,CCCCGCTACCGGGATGGACC,30,4068243
xylFp,0.9411764705882353,31,16,CACATATGTGGCAGTGTCGT,15,4064393
xylFp,0.35294117647058826,21,16,ATGGTCTAATATTCGTGTTT,5,4065300
xylFp,0.7058823529411765,27,16,ACACTAGCAGCGATTGCGTG,11,4072145
xylFp,0.125,16,15,TTTTAACGCCTGCTCTCTAA,1,4076012
xylFp,1.1875,33,15,TTTGTCGTCGGCGATCCGCA,18,4062368
xylFp,3.875,76,15,TTTAACACGGCTGATCTTTT,61,4065394
xylFp,0.75,26,15,TGCGGCACTTGGCCGGTATC,11,4066074
xylFp,1.5,38,15,TCGGAGTTTACAGTCCTGGT,23,4069045
xylFp,1.75,42,15,GTGATCCACTCCAAAGGCAG,27,4057904
xylFp,0.9375,29,15,GTATTACGAATCACACGGTT,14,4072647
xylFp,1.4375,37,15,GTATGATCGGACATCAGGGT,22,4062159
xylFp,1.625,40,15,GATCGAATGGAAACGAGTAC,25,4067096
xylFp,0.5625,23,15,GAGTACCCAGTGGATGATTT,8,4058177
xylFp,2.0625,47,15,GACGTAAAGTGAGTGAAATG,32,4072681
xylFp,0.125,16,15,CGGCAAGGTCAGGAGTCTTA,1,4055568
xylFp,1.0625,31,15,CCCTTTGTGTTATTAGGAAG,16,4059486
xylFp,0.9375,29,15,CCCTGCCCCTATTACCTGCT,14,4071898
xylFp,0.5625,23,15,CCCAGCGCGGCCAGATGGGC,8,4059674
xylFp,1.125,32,15,ATTGCCGATGATTTGGCCGG,17,4057231
xylFp,0.7333333333333333,24,14,TTGGTCACTCGTTGTTCAGG,10,4063216
xylFp,2.4,49,14,TGTTAGATACCTACCATGAA,35,4076770
xylFp,0.7333333333333333,24,14,TGTCCCCGCCTGCCGCCTAT,10,4068109
xylFp,1.6,37,14,TGGGAGCGCCCGTTCGGGGG,23,4057844
xylFp,0.2,16,14,TACAGAGATTCTGGTAATTT,2,4067083
xylFp,1.4,34,14,GTCTGAATCTCCATCAAATG,20,4071900
xylFp,0.13333333333333333,15,14,GGACATACCTTCGGTGGACC,1,4068390
xylFp,0.13333333333333333,15,14,GACTGTTGTTCGTCCTGTTT,1,4065098
xylFp,4.8,85,14,GAACCGTTCATATTACACTT,71,4061375
xylFp,0.13333333333333333,15,14,CTGTATACACCATTCAGGAA,1,4076524
xylFp,0.13333333333333333,15,14,CGTCTAGTAACCAGGGAGAC,1,4068216
xylFp,2.4,49,14,CGAAGGAAAAGAGTGCATAT,35,4072912
xylFp,1.2,31,14,CGAAACTAAGTATGCAGGCG,17,4059106
xylFp,2.933333333333333,57,14,CCATGTGTCGTCCTAGCTAA,43,4071767
xylFp,1.8666666666666667,41,14,CAGGGTACATAACGTAAATA,27,4066975
xylFp,1.4,34,14,ACTATTTCCTCGTCTAAAAC,20,4061994
xylFp,1.2666666666666666,32,14,AATTGTACGATGATTAAACC,18,4073722
xylFp,4.571428571428571,76,13,TGTAGTACCTCGTAATAGCA,63,4074011
xylFp,1.2142857142857142,29,13,TGGTCCATCTTATGTATTCA,16,4069749
xylFp,0.21428571428571427,15,13,TACACATGGTGCTCCAGCCA,2,4058681
xylFp,1.2142857142857142,29,13,GTTTAAGTGGCTAGAATTCT,16,4055831
xylFp,0.14285714285714285,14,13,GTTCACGAAATGCTGAGTGG,1,4074529
xylFp,1.8571428571428572,38,13,GTGCCGAAAAAGACCTGGAA,25,4067487
xylFp,1.2857142857142858,30,13,GTCATGGCTCATAACCGCAT,17,4068699
xylFp,1.0,26,13,GGCTTCAACAGATACTCTAC,13,4077338
xylFp,1.7142857142857142,36,13,CTTGGAACAGATTGCAGGTT,23,4066996
xylFp,0.35714285714285715,17,13,CCGGTGAATAAAGCAAGATC,4,4060010
xylFp,0.14285714285714285,14,13,CCGGCATTCGTGGACGCTGC,1,4068340
xylFp,2.0714285714285716,41,13,CCACAATCTCCGGTACGGTT,28,4061127
xylFp,0.7142857142857143,22,13,CAGGTGGCCTATGCGAGCCA,9,4059022
xylFp,2.0,40,13,CAAGCGGTAACGGGTCGTCA,27,4064551
xylFp,0.14285714285714285,14,13,AGGCTGCCCTGTTCCGTATC,1,4059472
xylFp,0.14285714285714285,14,13,ACGCATCTAGTGAGAGTGTT,1,4063454
xylFp,1.2857142857142858,30,13,AACACATCGAATCGTCCGTA,17,4059405
xylFp,1.0769230769230769,25,12,TTCGTTACCTGCGCTGTCAT,13,4067061
xylFp,1.4615384615384615,30,12,TGACATTCCTGTCCGTTGGC,18,4068918
xylFp,1.0769230769230769,25,12,TCTGAGAACATGTAGTCCCT,13,4058806
xylFp,1.7692307692307692,34,12,TCGGAACGTGAGGCACAGTG,22,4073379
xylFp,0.6153846153846154,19,12,TCAGGTTTCCATCTCAACTA,7,4064464
xylFp,1.7692307692307692,34,12,TAATGTTCTCGGACGATAAA,22,4068671
xylFp,1.3846153846153846,29,12,GGGAACGGGATTCTGCACAA,17,4057396
xylFp,0.15384615384615385,13,12,GCTTACAGTGCCGCAGGAAG,1,4055148
xylFp,2.0,37,12,GCGCCCAAGGTCATAGTCCT,25,4064560
xylFp,2.1538461538461537,39,12,GCGAAGCGCCGGATCGCTGG,27,4063417
xylFp,0.15384615384615385,13,12,GCAGCTGTAGAATCGTTACA,1,4059333
xylFp,1.2307692307692308,27,12,CTTTGCTGACGCATCTAAGA,15,4076233
xylFp,0.15384615384615385,13,12,CTGTCTCTTAATACGTACAT,1,4060206
xylFp,6.230769230769231,92,12,CTGTCATGTAGGCCGTGGCC,80,4058282
xylFp,0.46153846153846156,17,12,CTCAGCTCGACCCTCTGATG,5,4055197
xylFp,0.6923076923076923,20,12,CTCAGAGATACAATGTTGAA,8,4063495
xylFp,0.15384615384615385,13,12,CGCGTGTGTTCTACTTTTTC,1,4071857
xylFp,1.1538461538461537,26,12,CGATCATCCTAGGTGCCAAG,14,4060222
xylFp,1.6153846153846154,32,12,CCTAAATTACTCATGGACCT,20,4055131
xylFp,1.3076923076923077,28,12,CAATTCTGCGCGCATTCTTC,16,4056747
xylFp,1.0,24,12,ATGCCCCCACAGACGCCAGA,12,4056422
xylFp,0.15384615384615385,13,12,ATGAATAACTTCGTAGATAT,1,4070785
xylFp,1.1538461538461537,26,12,AGTTATGAACTGACGTCGAG,14,4056359
xylFp,1.3076923076923077,28,12,AGGGCTGGATCTCATCGGAA,16,4055097
xylFp,0.6923076923076923,20,12,AGCTCTGTCTCAATTACCTA,8,4063708
xylFp,1.5384615384615385,31,12,AGACTGCGTGGCCCTAATCT,19,4073797
xylFp,3.1538461538461537,52,12,ACTAGGCAATAGGGATCATG,40,4070413
xylFp,0.15384615384615385,13,12,ACCGCGGGTTACATTGCCAT,1,4062997
xylFp,0.3076923076923077,15,12,ACAATTCCACCAAGAGCAGG,3,4057376
xylFp,1.3076923076923077,28,12,AATGTAGGTACGTAAACTAT,16,4074940
xylFp,1.3846153846153846,29,12,AAGGGTTGACCGGTTCTCAG,17,4070668
xylFp,0.15384615384615385,13,12,AACGACAAGATCAGTGACCA,1,4069556
xylFp,1.0769230769230769,25,12,AACCAGTAAGATGCCGACTA,13,4064123
xylFp,0.9166666666666666,21,11,TTACCCTGGGCGTGGATAAA,10,4075633
xylFp,1.25,25,11,TGTTGCGACTTGGTCCGCTT,14,4069188
xylFp,2.25,37,11,TGGTCATTTAGGGGTACGCA,26,4060148
xylFp,1.3333333333333333,26,11,TGGCGGAATCAGCGCTATCA,15,4058226
xylFp,25.916666666666668,321,11,TGATCGTGGAGCGGGTATGA,310,4067507
xylFp,1.9166666666666667,33,11,TCTCATCCGGTAAGATATGC,22,4060829
xylFp,1.1666666666666667,24,11,TCGACGATTGAAAGTTGGCT,13,4061599
xylFp,1.6666666666666667,30,11,TAACGTTCCCAGAGGAATGC,19,4055798
xylFp,0.16666666666666666,12,11,GTTTGGTGCAACTAAGCCAA,1,4058505
xylFp,1.4166666666666667,27,11,GTGATTACCAGTAACTGTAC,16,4060400
xylFp,0.4166666666666667,15,11,GTGACTCAGGGGACCTCGAT,4,4067405
xylFp,1.75,31,11,GCTCACTGGCGCCGGTTCGG,20,4058775
xylFp,0.16666666666666666,12,11,GCAATGAGAAAAGTTGCTGC,1,4063106
xylFp,1.0833333333333333,23,11,GAAGGATTCCGGGTCGAGAA,12,4075347
xylFp,0.9166666666666666,21,11,CTGACTTACCTGCATTTCTT,10,4056180
xylFp,0.16666666666666666,12,11,CTCACCCATGTGCACCTGTT,1,4061814
xylFp,0.25,13,11,CGGTCATTGTTTGACGAATG,2,4062731
xylFp,3.0,46,11,CGAACCATTACGTTCAGCAT,35,4069050
xylFp,0.16666666666666666,12,11,CCGGACTGTACGTACGGAAT,1,4057322
xylFp,1.5,28,11,CCCTCAATGCTGTTCGGCGT,17,4056739
xylFp,0.75,19,11,CCCCGTTCGGCGACCTAATA,8,4071245
xylFp,1.4166666666666667,27,11,CAGGTATCGAGCTAAAATTT,16,4058702
xylFp,2.5,40,11,CAATGCCGGGAACGTTTGCT,29,4065479
xylFp,0.16666666666666666,12,11,ATTTAACCAAGGACACCCTC,1,4067913
xylFp,1.5833333333333333,29,11,AGGAAGTAGGTCGATTCCTG,18,4061478
xylFp,2.1666666666666665,36,11,AGCGAGTTAGGCAGTATCCT,25,4067656
xylFp,0.16666666666666666,12,11,AGAGAATTGGATAACCGGTG,1,4072289
xylFp,1.0833333333333333,23,11,ACTATAACGATGTTAAACTT,12,4071651
xylFp,3.6666666666666665,54,11,ACTAGGTCCGTGTGCGGCAT,43,4057291
xylFp,0.16666666666666666,12,11,ACGTGGGTGCGAAGCCGATC,1,4059712
xylFp,0.75,19,11,ACGTGCAGGTATATGCGGCC,8,4066287
xylFp,0.9166666666666666,21,11,ACACCTCCTAACTAACCGCT,10,4059154
xylFp,1.8333333333333333,32,11,AATGCGCTCGCTTGATGTAG,21,4061002
xylFp,0.16666666666666666,12,11,AAGTGGTGGAGTCCTCTGAT,1,4066385
xylFp,1.2727272727272727,23,10,TTTAGTCTTCGAATAGTTCT,13,4057375
xylFp,1.0909090909090908,21,10,TTGGTCTTTGCCCCTAAAGA,11,4065200
xylFp,1.8181818181818181,29,10,TTGGATAGAAGAGTAGGCTA,19,4075135
xylFp,1.8181818181818181,29,10,TTCTCGATACTTTTTCCCCC,19,4060962
xylFp,0.2727272727272727,12,10,TTCGATGGCCATAAGGCTGT,2,4076004
xylFp,0.18181818181818182,11,10,TTAGCGAAGTGACGATCTGT,1,4062139
xylFp,1.9090909090909092,30,10,TTAACTGTGAATTGGATGTA,20,4065244
xylFp,2.1818181818181817,33,10,TGGGTAGAATTTTGTTCACG,23,4064406
xylFp,1.5454545454545454,26,10,TGGACGCACACTTTATTCCT,16,4061917
xylFp,2.5454545454545454,37,10,TGCTGGGGTAGTCCCACGGT,27,4069878
xylFp,0.18181818181818182,11,10,TCGTGGGGGTCTATCGCGTA,1,4075556
xylFp,0.5454545454545454,15,10,TATTATAGGAAGTGGTTTAT,5,4060916
xylFp,1.4545454545454546,25,10,TATACTGAACTTTACTGCTG,15,4059698
xylFp,1.5454545454545454,26,10,TAGGGAGCTCCATTGGAATT,16,4057675
xylFp,2.5454545454545454,37,10,GTTTTACACACGGGGTCGTA,27,4055927
xylFp,0.2727272727272727,12,10,GTGACTCTCCTACTGTGCCT,2,4058743
xylFp,1.9090909090909092,30,10,GTAAGAGGCAAGTACCGGAA,20,4075130
xylFp,3.3636363636363638,46,10,GCTGGAGCGCGTGTTGGCTG,36,4055881
xylFp,0.18181818181818182,11,10,GCCTTTTCCGTTTTGCATTA,1,4056562
xylFp,0.5454545454545454,15,10,GCCGACGGTGACCGAGATAG,5,4058910
xylFp,0.18181818181818182,11,10,GCATGTGTATGACGAGACGT,1,4059831
xylFp,1.8181818181818181,29,10,CGACATTAGAAGACTCTAAA,19,4055648
xylFp,0.18181818181818182,11,10,CCGGGCGGGCCTGGGGGTGA,1,4061844
xylFp,1.8181818181818181,29,10,CACGTTTGATGCCCTGCGTG,19,4062160
xylFp,1.2727272727272727,23,10,ATAGGATGTCGCTTGGGCTT,13,4057679
xylFp,2.1818181818181817,33,10,ATAAATGCGCGGATGGTAAT,23,4059810
xylFp,0.5454545454545454,15,10,AGTATTTATGGACTGTATGC,5,4057655
xylFp,2.727272727272727,39,10,AGCCCCTCCTAGTCAACGTA,29,4058438
xylFp,2.3636363636363638,35,10,ACATCAAGTCTACCGTATTG,25,4061422
xylFp,1.0909090909090908,21,10,AATGGCGTGAAAATCACCTA,11,4058745
xylFp,0.2727272727272727,12,10,AAACTACGAGGCACTTGATC,2,4067426
xylFp,0.6363636363636364,16,10,AAACGGATTACCTTCTACTC,6,4069374
xylFp,2.2,30,9,TTCGGAGCGATATAGGTCAA,21,4055420
xylFp,1.6,24,9,TTCCTCTGTCAGGTAATTCG,15,4069286
xylFp,0.2,10,9,TTAAATCCAGAGGGGATCGT,1,4071032
xylFp,0.2,10,9,TGCTGTGGTTCTACAACGAA,1,4059104
xylFp,1.6,24,9,TGAGCGGTCCTGTCATCTGT,15,4067062
xylFp,0.8,16,9,TCTGACGTCCTCCGAGTATG,7,4071199
xylFp,3.1,39,9,TCTACGAACTTCTTCGTATA,30,4055858
xylFp,0.7,15,9,TCCCGACGTGGTAGATTCTC,6,4071840
xylFp,2.5,33,9,TATATCATTACAGCCTGAAA,24,4059382
xylFp,1.5,23,9,GTCACGATGACAAGCTCTAC,14,4058532
xylFp,1.3,21,9,GTAAATTGTGCGCCCACTCG,12,4071733
xylFp,4.4,52,9,GGGGTTAACACACTAACAAT,43,4056817
xylFp,1.5,23,9,GGGCTTTCTAACTGCTACTT,14,4059634
xylFp,1.6,24,9,GGGACCACACAGTACGTTGT,15,4071717
xylFp,1.8,26,9,GCTGGTGTATTGAGTAGAGT,17,4055238
xylFp,2.4,32,9,GCGGCGTGCTTCAACGCGCA,23,4073018
xylFp,2.7,35,9,GATCGTTCCTGTTAGGGTCA,26,4056565
xylFp,1.4,22,9,GACCTGAACACCTGCGTATT,13,4072256
xylFp,2.7,35,9,CTAACAGCTTCATAAGTCTT,26,4066680
xylFp,1.6,24,9,CGTTACTTCATATAGTACCT,15,4073458
xylFp,1.8,26,9,CGTGCCAGGGAATGTCATGT,17,4076369
xylFp,1.8,26,9,CGGTAGGTAAGTATCGCATC,17,4055118
xylFp,0.2,10,9,CGCTGCTTGCTAATCTCATA,1,4067319
xylFp,2.8,36,9,CGCGGGTAAAATGGAGCATA,27,4074750
xylFp,1.2,20,9,CGACAGCCGGAGAGTCTCGT,11,4071029
xylFp,1.1,19,9,CCTCCGAAGGTGATGAGAGA,10,4070593
xylFp,3.1,39,9,CCCTTGTGCTCACACGTAAG,30,4060800
xylFp,1.5,23,9,CCCTCGACCAGCATCAAACC,14,4057536
xylFp,0.2,10,9,CCAACATTCCGAAGTTTTGC,1,4062206
xylFp,0.2,10,9,CATCGCCGATTGCCATAAAC,1,4077240
xylFp,2.5,33,9,CAGAGTCCCCCGAGTGACGT,24,4062575
xylFp,0.9,17,9,ATAGTTCCGCAAGGAATTCC,8,4069298
xylFp,1.9,27,9,ATAGCTTAAGCTTGGCCTCA,18,4071769
xylFp,1.4,22,9,AGTGTCGTCTTGTCTTCCTA,13,4072441
xylFp,2.5,33,9,AGTGGGATTGTCGGTGAGAT,24,4067781
xylFp,1.3,21,9,AGCGCGCCCAGCAGGGACGT,12,4055593
xylFp,0.2,10,9,ACTAAGAATTCTTTAGGGAT,1,4057995
xylFp,1.0,18,9,ACGAGTTGCGTTACTTTCGG,9,4061808
xylFp,2.8,36,9,ACCCCGCGGCGTTTAGTAGA,27,4064983
xylFp,1.7,25,9,ACATATAGCTTTCAGGGCAA,16,4067112
xylFp,6.666666666666667,67,8,TTAGAATTGCGGATTGTACA,59,4057213
xylFp,1.6666666666666667,22,8,TTACATTGTACCAGAGCGTT,14,4055763
xylFp,0.5555555555555556,12,8,TGGGCCACGCGGCAAGCGGT,4,4062217
xylFp,1.8888888888888888,24,8,TGGCCCACGTAACTGTTCAG,16,4056535
xylFp,2.888888888888889,33,8,TGCCTGATCGTTTTTCAATA,25,4055147
xylFp,4.0,43,8,TGATTTAGTCGTCCATTTCG,35,4068542
xylFp,1.6666666666666667,22,8,TGATGGCCTGCCGTGTCTGT,14,4069784
xylFp,4.111111111111111,44,8,TGACGCACTTGTAGCGGTCA,36,4063593
xylFp,2.888888888888889,33,8,TCTGCGATCAACGCCATTAT,25,4065928
xylFp,7.222222222222222,72,8,TCTCGTAGAATAAACCACGA,64,4059929
xylFp,0.4444444444444444,11,8,TCTCCTAGTAATAGCACTTG,3,4069909
xylFp,2.4444444444444446,29,8,TACAGTACGGGTGCCTCGAT,21,4072636
xylFp,0.7777777777777778,14,8,TAATGTCCCTCCGCCCGTAC,6,4056966
xylFp,1.8888888888888888,24,8,GTTTGACTCTTTTGTTTCTT,16,4067458
xylFp,0.2222222222222222,9,8,GTGTCGGACAAGTCCGTCAA,1,4059085
xylFp,0.4444444444444444,11,8,GTAAGTAGGTGTCCAGACTT,3,4063913
xylFp,2.0,25,8,GGGGGATCCCATTCAGTTGT,17,4075799
xylFp,3.0,34,8,GGGAGTTATACAGCGGATTT,26,4061025
xylFp,1.1111111111111112,17,8,GGGAGACCAGCGTCGGCTAT,9,4069261
xylFp,2.0,25,8,GGCCGACCATGCGACTTCCC,17,4056779
xylFp,0.4444444444444444,11,8,GGATTGCCCCTCAAAACAAA,3,4070812
xylFp,1.0,16,8,GGAATTGAGGAGAGCGTATT,8,4071951
xylFp,1.2222222222222223,18,8,GCAAATTTCACACTCATATC,10,4066999
xylFp,6.777777777777778,68,8,GATATGAGTCTAAGCTACTA,60,4067512
xylFp,0.2222222222222222,9,8,GAGCGCCATCATCAGGCGGT,1,4065884
xylFp,4.444444444444445,47,8,GACAATTTTAATTTGGGACT,39,4064420
xylFp,2.6666666666666665,31,8,GAACAGGATGCCGCTCCATT,23,4058552
xylFp,2.3333333333333335,28,8,CTTTCAAGGTATCCGGTATG,20,4067842
xylFp,1.5555555555555556,21,8,CTGCCGTGGGTCATTAGGCA,13,4066750
xylFp,0.4444444444444444,11,8,CGTTAACTCGCAATGAGAAT,3,4069566
xylFp,1.3333333333333333,19,8,CGGTACGGTAAATTGTTAGG,11,4060893
xylFp,1.7777777777777777,23,8,CCCGGCGCGGGGTCAGTCCT,15,4055306
xylFp,2.111111111111111,26,8,CCCGACTCTGAGCCCGGCCC,18,4070891
xylFp,1.7777777777777777,23,8,CAGAAGAGTGCTTCATGAGC,15,4057563
xylFp,0.4444444444444444,11,8,CACGGAATCTAACGTTACGT,3,4069614
xylFp,3.2222222222222223,36,8,CACCCCGGCACGTTTTTAGA,28,4056196
xylFp,2.0,25,8,ATATGGGATCACAACACCGC,17,4055017
xylFp,1.6666666666666667,22,8,AGTAAAAGATTGGGACTTCA,14,4058007
xylFp,3.0,34,8,AGCTTATAACGGATTCCGCG,26,4056416
xylFp,1.5555555555555556,21,8,ACTCGTTTGTACAATAATGT,13,4074182
xylFp,4.0,43,8,ACCCCAAGCTGAGTATTTTT,35,4060938
xylFp,2.7777777777777777,32,8,ACAGCAGTTCACAAATTGGC,24,4056079
xylFp,1.7777777777777777,23,8,ACAGAATACCTGCCAATTTG,15,4076429
xylFp,0.6666666666666666,13,8,AAATGTAGTCTTTCTACCTT,5,4066022
xylFp,2.0,25,8,AAAGGGACGCGCGTTATTTG,17,4072601
xylFp,10.0,86,7,TTTGGTTGGGAGAATCAAAG,79,4065448
xylFp,1.0,14,7,TTGTTTTGGCGAGTCCAAAT,7,4056567
xylFp,2.25,24,7,TTGGTCCGGTGGCCGCTCGA,17,4076508
xylFp,3.5,34,7,TTGCTACCAGTGCCCGCCTT,27,4059615
xylFp,1.875,21,7,TTCCGTTTCAGCCATAGTCA,14,4066140
xylFp,1.0,14,7,TGTGGTCGAATATTTGATAC,7,4060810
xylFp,1.625,19,7,TGGGTCGGCGCGTTTGAAAA,12,4060737
xylFp,1.625,19,7,TGGGTATTAACAGCGCTATT,12,4065426
xylFp,2.375,25,7,TGGCCGTCAGCTACGAGGCT,18,4063539
xylFp,4.375,41,7,TGCGTTTGAGGTTGGGAGGG,34,4066310
xylFp,0.25,8,7,TGCACCCACTTGCAAGCAAC,1,4057992
xylFp,1.75,20,7,TCTATGTCTGGTTTAACCCG,13,4064985
xylFp,0.25,8,7,TACTTAGCGACCTACCCTAC,1,4069390
xylFp,2.5,26,7,TACATTCTTGGCCATGCGAA,19,4075377
xylFp,1.125,15,7,TAATGCTATGTTTGAGAACT,8,4061334
xylFp,1.875,21,7,GTTTGATGGCTACCGTACAA,14,4060003
xylFp,2.5,26,7,GTTTACCTGGCCACACTATA,19,4066911
xylFp,3.75,36,7,GTTAGCTCTTGAATTGTGTC,29,4056412
xylFp,0.25,8,7,GTGAAGGGGAACGTTAGAGC,1,4057007
xylFp,1.75,20,7,GTCCAAAACCAAAGAACGAA,13,4056314
xylFp,2.375,25,7,GTACAGGTGCACGATTTAAA,18,4064411
xylFp,1.0,14,7,GGTCATGCTGGCTTTAGATT,7,4065739
xylFp,0.25,8,7,GGTATGGTCAGTATGCATAT,1,4078083
xylFp,2.375,25,7,GGCCGATCCACACAAGACGC,18,4076329
xylFp,1.375,17,7,GGATTTGGCTGTAGGGACAA,10,4076038
xylFp,0.75,12,7,GGATGGGCGGAATGCTTGTT,5,4074236
xylFp,1.25,16,7,GGATCCACATGTGTTTGTCT,9,4065396
xylFp,2.625,27,7,GCTCATCTCGGGCGTGGGTT,20,4071921
xylFp,6.75,60,7,GCTAGAAATGACTACGTTGG,53,4055928
xylFp,0.25,8,7,GCCACTAACCTCTTACCAAC,1,4058139
xylFp,2.625,27,7,GACGATTCCAGGACTCAATA,20,4070762
xylFp,2.75,28,7,GAACCGTATAGGCTGGTTTT,21,4064857
xylFp,0.875,13,7,CTCTAATGAGTGCAACTAGA,6,4056494
xylFp,4.625,43,7,CTCCCGGCTTAGCAGCTTTT,36,4074907
xylFp,0.25,8,7,CGATCGTCGAAAGAAATGAA,1,4066071
xylFp,2.5,26,7,CGATAAACTACAACCAACAA,19,4055055
xylFp,2.0,22,7,CCGAAAGTTGGCCCTTACAG,15,4060447
xylFp,1.625,19,7,CCAAGAAATCGTAGCGCCCT,12,4066742
xylFp,1.375,17,7,CACTGGCACGTGCTTGAGTC,10,4076803
xylFp,0.25,8,7,CACGCGGGCTTCAATCGGAG,1,4068446
xylFp,0.25,8,7,CAAGAACGGCGGACCCACCT,1,4066359
xylFp,0.25,8,7,ATGGAACTCTGAGATTAGAC,1,4065422
xylFp,0.25,8,7,ATCGGTTTTCGGCCATAGAG,1,4065031
xylFp,2.75,28,7,ATCGCACGAGTAGTCTGGTG,21,4076277
xylFp,3.875,37,7,AGTTGTCATTAGCTCTGCAG,30,4064213
xylFp,1.625,19,7,AGTTATCATTTTTACGTTGT,12,4073117
xylFp,0.25,8,7,AGGTAGCCTGGGTTACGGGT,1,4061212
xylFp,2.25,24,7,AGATGTATTTTGTCTGGGTA,17,4060292
xylFp,1.875,21,7,ACTGCCGGATCGCGGGGGTC,14,4058965
xylFp,1.875,21,7,ACGTATGGCCACGGCCCAAT,14,4066813
xylFp,2.75,28,7,ACACGGGGAATTGACTGCAG,21,4072704
xylFp,2.75,28,7,AAGGTTCTACCCGACGGCTA,21,4077743
xylFp,2.25,24,7,AACTAAAGCCTCTAGTGACG,17,4058396
xylFp,2.375,25,7,AAAGACTCGTTAGCCCGATT,18,4072768
xylFp,1.7142857142857142,17,6,TTTGCCGCTACGTTCTCGCG,11,4057696
xylFp,3.2857142857142856,28,6,TTCAGAATGGAGCGAAACGT,22,4069095
xylFp,1.0,12,6,TGTCACGCCGCGGCGAATAG,6,4060519
xylFp,3.0,26,6,TGGCTTCTCGAAAACCTGAA,20,4068587
xylFp,2.2857142857142856,21,6,TGCGAGGCGTTGTTGCTGTT,15,4064466
xylFp,2.4285714285714284,22,6,TGATCTGCCAACCGTTGAAG,16,4073016
xylFp,1.8571428571428572,18,6,TCTCCGTAGCACCAGCCACG,12,4068813
xylFp,7.857142857142857,60,6,TCGTAAGCGGTAAATGAGGG,54,4057702
xylFp,1.5714285714285714,16,6,TCAGCGATCCTCAGACTGCT,10,4062041
xylFp,4.0,33,6,TATGGGGGTGGGTAAGCTTC,27,4069093
xylFp,4.714285714285714,38,6,TAGTCATTACTCCCTTACCT,32,4070517
xylFp,2.7142857142857144,24,6,TAGACGAGGCCGCCTGGGGT,18,4067728
xylFp,1.7142857142857142,17,6,TAATGTAATATCTAAAGTGG,11,4069783
xylFp,3.4285714285714284,29,6,GTCCGCTGCTGCCCCAATCA,23,4071859
xylFp,1.0,12,6,GTAGGGGCTGTCAGCTCAGC,6,4069676
xylFp,4.142857142857143,34,6,GGTTCACACAAATGGATAGA,28,4070691
xylFp,3.857142857142857,32,6,GGTCGGCGGCCCGGTTAGAG,26,4060591
xylFp,3.2857142857142856,28,6,GGGACGCGGGATTGAGGTTT,22,4070430
xylFp,2.142857142857143,20,6,GCGTGGGTACCCAATGCGCA,14,4056560
xylFp,4.714285714285714,38,6,GCGGGGACTAGCAAAGTCCT,32,4074640
xylFp,4.0,33,6,GCAGGTGGCCAGGTTTCACA,27,4077782
xylFp,0.2857142857142857,7,6,GAGTCCATTATGAGGCTGAA,1,4067186
xylFp,0.2857142857142857,7,6,GAGGTGGACTGGCCTACGCG,1,4064730
xylFp,1.5714285714285714,16,6,GAGGAATCGAGCGGTCACAT,10,4066426
xylFp,2.7142857142857144,24,6,GAGATGAGCGTGCAGCGTTC,18,4071228
xylFp,4.428571428571429,36,6,GAGAAGCGAGTAATAGCGTC,30,4056678
xylFp,2.4285714285714284,22,6,CTTGGAATGCGACTGTCAAA,16,4060878
xylFp,0.2857142857142857,7,6,CTGGCCCACTCTATGAGCCT,1,4057472
xylFp,3.0,26,6,CTATGATTCCGCTCCCATGA,20,4073397
xylFp,2.857142857142857,25,6,CGCGTAGTCGAGGCATCGCA,19,4056626
xylFp,2.857142857142857,25,6,CGAACTTCAAACGCACGGCA,19,4076449
xylFp,2.142857142857143,20,6,CCTAATAGAGCGGCTGCCAC,14,4072916
xylFp,4.571428571428571,37,6,CCAGAGAGAATTACAACGAC,31,4066760
xylFp,1.4285714285714286,15,6,CATGATGATTGCTTTTATTA,9,4078322
xylFp,0.2857142857142857,7,6,CATCTCTATCAGTTCGTTTA,1,4057010
xylFp,1.5714285714285714,16,6,CATCAAGTGTTCAGAGGGCT,10,4062218
xylFp,3.142857142857143,27,6,CACGTTTAAATCCCTGATGT,21,4076844
xylFp,4.285714285714286,35,6,ATTGCCTTACTGTTGAGAGT,29,4061813
xylFp,5.428571428571429,43,6,ATGTTTTCATGGCTAGTTAA,37,4065596
xylFp,3.0,26,6,ATCGCTGTTTGGATTCAATG,20,4067173
xylFp,2.857142857142857,25,6,ATAGGTTATTGGTCCGCTGG,19,4070565
xylFp,2.2857142857142856,21,6,ATAACAATGAGAAAGACCGG,15,4073150
xylFp,2.7142857142857144,24,6,AGTTCCGTCGAGCCCTAATT,18,4076894
xylFp,0.2857142857142857,7,6,AGTGCAAAGTGCATATCCGT,1,4056235
xylFp,3.142857142857143,27,6,AGTGAGATGAGGCTCCTAGG,21,4056098
xylFp,2.2857142857142856,21,6,AGGTGTTTGGTATTCTTTCG,15,4061594
xylFp,2.2857142857142856,21,6,AGGGGCGGATGGGATGTACT,15,4070787
xylFp,1.4285714285714286,15,6,AGGACCTATGTACGCTTTAC,9,4055777
xylFp,4.0,33,6,AGCGGGATTCGAGCGTGTCA,27,4058477
xylFp,2.5714285714285716,23,6,AGAATCCTCAGTGACAGGAA,17,4072074
xylFp,0.2857142857142857,7,6,ACGCTGTAACTCACGGGGTC,1,4074391
xylFp,1.8571428571428572,18,6,ACATGTAATAGATATGAGCG,12,4061398
xylFp,3.142857142857143,27,6,ACAGGTTTTACAGTTGAGAA,21,4056159
xylFp,1.8571428571428572,18,6,ACACAACCCCTCTTCTAGCG,12,4069576
xylFp,2.0,19,6,ACAATTGTGAACACAACCAA,13,4058832
xylFp,2.142857142857143,20,6,AATTTGCGCGTACGGTATTG,14,4073438
xylFp,1.0,12,6,AATACGATCTCGCTTTGGAT,6,4057425
xylFp,2.0,19,6,AAGGCCCAGTGGGTAAAGCT,13,4067377
xylFp,3.2857142857142856,28,6,AAGCCATGGCCTCCCGGTTG,22,4062473
xylFp,3.2857142857142856,28,6,AAGACGAAATCAAGAACAGT,22,4066474
xylFp,1.5714285714285714,16,6,AAAGTGAGAAGTTGTTAGAC,10,4060697
xylFp,2.2857142857142856,21,6,AAAAGCACCTCGTCAAGCTA,15,4068257
xylFp,0.7142857142857143,10,6,AAAACTCAGACTCATGCCCT,4,4059406
xylFp,0.5,7,5,TTGTCCCCTCAGGCATACCT,2,4067597
xylFp,0.3333333333333333,6,5,TTGAACGCGAAGCAGATACG,1,4063805
xylFp,5.166666666666667,35,5,TTCTGATGACTCCGGAATCA,30,4071714
xylFp,3.6666666666666665,26,5,TTCGCTATCAAAATATAATA,21,4069913
xylFp,4.333333333333333,30,5,TTATCGCTTCACGGATATGT,25,4061003
xylFp,2.8333333333333335,21,5,TGTGTTTTGAGAGCTACGGA,16,4058992
xylFp,0.6666666666666666,8,5,TGGGATGTAGGCATCAAAGT,3,4061987
xylFp,4.166666666666667,29,5,TGATTCAATCCAACGACCTG,24,4067608
xylFp,2.6666666666666665,20,5,TGACCATCGCCTTTCCAGTC,15,4075835
xylFp,1.8333333333333333,15,5,TCTATCATGTCTAAATGTAA,10,4063098
xylFp,0.3333333333333333,6,5,TCGTTCTTCTCTTACATACA,1,4073449
xylFp,2.6666666666666665,20,5,TCCCAATCTCAGCAAGGGCT,15,4059429
xylFp,0.3333333333333333,6,5,TCCACAACGCCTGTTATGCG,1,4060966
xylFp,4.666666666666667,32,5,TCACCTTGGAGTCCGTCGGC,27,4072736
xylFp,5.833333333333333,39,5,TATTGTCCGATACTCTCTTT,34,4070632
xylFp,2.5,19,5,TACCGGTTGTGATAGCCTTC,14,4065591
xylFp,3.0,22,5,TACATTCACAAATATTTTAT,17,4063107
xylFp,3.3333333333333335,24,5,TACACAGACTCAACTATGAC,19,4068110
xylFp,3.1666666666666665,23,5,TAAGGAAAGGATCCTCAACC,18,4058755
xylFp,2.0,16,5,GTTGTCCGGTACGGGGCATA,11,4067936
xylFp,2.8333333333333335,21,5,GTTAGCATTCCTTAAGACAT,16,4073863
xylFp,3.0,22,5,GTGTTTGCTAGTCGCCTATC,17,4071197
xylFp,6.0,40,5,GTGACAGGGCTACAGACTTA,35,4072277
xylFp,3.1666666666666665,23,5,GTCTGGCCCCTAAGTTAATG,18,4074007
xylFp,2.8333333333333335,21,5,GTAGGTACTAGACGATGACG,16,4071790
xylFp,3.6666666666666665,26,5,GGTTCACCTCCGTAACGCTT,21,4062432
xylFp,2.5,19,5,GGGTTGTAGGAACGCTTATA,14,4055816
xylFp,3.6666666666666665,26,5,GGGTAGGCCCCGGAATGCTT,21,4068048
xylFp,1.5,13,5,GGGGCATTCGGATGGACGTG,8,4070053
xylFp,0.3333333333333333,6,5,GGGGATTTTATTGTGTCGCC,1,4071918
xylFp,2.1666666666666665,17,5,GGGAGATAGACCAAGGTCAT,12,4073916
xylFp,1.0,10,5,GGATTATGGTATTTTATCAT,5,4061936
xylFp,2.3333333333333335,18,5,GGAGTCTCGATGCGCCTGTA,13,4066275
xylFp,3.1666666666666665,23,5,GGAGGTGTCTTATGTCGCGT,18,4057495
xylFp,4.5,31,5,GCTATGTAAACCGCATTAGG,26,4069669
xylFp,1.5,13,5,GCTAGGGTAGGTGATAGCTT,8,4061173
xylFp,2.8333333333333335,21,5,GCGCCAAGAAATTAAGGATA,16,4056759
xylFp,2.8333333333333335,21,5,GAGTCCGCTCTCAGCTATGC,16,4066530
xylFp,3.3333333333333335,24,5,GAGCCCGCACAGAGGCCACG,19,4056570
xylFp,3.5,25,5,GAGAGTGAAGCTGTCGGGAA,20,4069940
xylFp,3.5,25,5,GAGAGCTTCTGGGGGGGATT,20,4072526
xylFp,0.3333333333333333,6,5,CTGCTGGCAGCTCATGTCTT,1,4074993
xylFp,2.5,19,5,CTCCTGGATGCGACAGCGGC,14,4070362
xylFp,2.5,19,5,CTCATTCTGCGACTGAACAA,14,4067705
xylFp,0.3333333333333333,6,5,CTCATGTTTCGGGAACTGTA,1,4067295
xylFp,2.6666666666666665,20,5,CTACCCAAGCACGAAACCAA,15,4068598
xylFp,1.6666666666666667,14,5,CTAAGACATCCCTGAATGAG,9,4063218
xylFp,1.0,10,5,CTAAATCTAAAGGGCGGATC,5,4064341
xylFp,2.8333333333333335,21,5,CGTTTACATGGCTTTAACTC,16,4057091
xylFp,4.833333333333333,33,5,CGGTCTTACAAAGAGCCTCT,28,4068093
xylFp,1.0,10,5,CGGGCATGACAGAGGCCTCT,5,4066546
xylFp,4.333333333333333,30,5,CGGGACTCCAAATGGTATGT,25,4060360
xylFp,4.0,28,5,CGGCCGCTGGCAGCGACTGG,23,4065772
xylFp,2.0,16,5,CGCTTCGTTGTAGAGCGCTA,11,4074596
xylFp,2.0,16,5,CGCCCTAGACCCTCCCCGGT,11,4058527
xylFp,3.6666666666666665,26,5,CCTTTTTACCCATCGCGTTG,21,4059058
xylFp,3.0,22,5,CCTGTCTAGCCCTAGTAGCA,17,4066651
xylFp,3.6666666666666665,26,5,CCTGATCGCTCAGTGGAGTC,21,4060403
xylFp,3.6666666666666665,26,5,CCTCGGAGCGCGGTCTTCTG,21,4074447
xylFp,0.3333333333333333,6,5,CCCTTATGTTGTAGTGGGAG,1,4058263
xylFp,1.5,13,5,CCCCGATTTCGTGATCATAC,8,4071034
xylFp,3.5,25,5,CCCAGAGGGTGCCAAAGTTT,20,4067946
xylFp,2.8333333333333335,21,5,CCATGTGTTCTGATTGTGAT,16,4071759
xylFp,3.6666666666666665,26,5,CCAAGCGATCCACAACGCTC,21,4076686
xylFp,3.6666666666666665,26,5,CATACACAATTGGCAAGGGT,21,4070672
xylFp,0.5,7,5,CATAAACTGATTATCGGCTG,2,4064688
xylFp,3.1666666666666665,23,5,CACTCGTGTGTTACCACTTA,18,4060113
xylFp,1.3333333333333333,12,5,CACACTAAGGAGTAGCGGTT,7,4067196
xylFp,3.0,22,5,CAAAGCGATACTACTACCTA,17,4055168
xylFp,0.3333333333333333,6,5,ATTTCCACCAAACTTTCATT,1,4064906
xylFp,0.3333333333333333,6,5,ATTGGAGGGTATCCCGGGTC,1,4056814
xylFp,2.1666666666666665,17,5,ATTCGCAGTGACTTTATAAA,12,4071308
xylFp,2.3333333333333335,18,5,ATCTTGCGTTTCCAGTCTAA,13,4059205
xylFp,0.3333333333333333,6,5,ATCTGAAGGGGCTATCTACT,1,4077580
xylFp,2.5,19,5,ATCTCAGTCCTGAACCCGAC,14,4065084
xylFp,1.1666666666666667,11,5,ATCGATAATTTTTACAAAGG,6,4062465
xylFp,0.3333333333333333,6,5,ATCCAATAGAAATACTGGAC,1,4060776
xylFp,2.1666666666666665,17,5,ATAAGAGGTGATCGAACCCA,12,4070535
xylFp,5.0,34,5,AGGTCGGAGAGTGATAGTAT,29,4066128
xylFp,2.0,16,5,AGCGTCTGGGGTGGACAGCT,11,4063541
xylFp,1.0,10,5,AGCGTCTATTAGGTCAAAAT,5,4067560
xylFp,3.3333333333333335,24,5,AGACTACGGGCCATATACAA,19,4058254
xylFp,18.166666666666668,113,5,AGAACACTACCCCGCGTGGT,108,4072707
xylFp,2.8333333333333335,21,5,ACTTGTCCTATGGAAACAAC,16,4077913
xylFp,6.5,43,5,ACTGCAGGCTATCAAGAAGT,38,4065597
xylFp,1.3333333333333333,12,5,ACACGAGGGGCCTGTAATTA,7,4070107
xylFp,2.5,19,5,ACACAGTTAGAGACTGATTA,14,4074732
xylFp,3.1666666666666665,23,5,ACAACGCGAATTATTTTGAG,18,4068010
xylFp,2.6666666666666665,20,5,AATGGAGGGGGATCCCGAAA,15,4077656
xylFp,1.0,10,5,AATACAAGGGATAATGAGAA,5,4062254
xylFp,3.0,22,5,AACTAATGATGAGTGCCGAT,17,4059578
xylFp,3.8333333333333335,27,5,AACCTTCTCGAAACTTACGG,22,4061667
xylFp,2.6666666666666665,20,5,AAACCCGATATAGCTTACAT,15,4059737
xylFp,6.8,37,4,TTTGCTTCTAGTGAATTGGT,33,4072265
xylFp,3.6,21,4,TTTCGCAGTGCCGTAGATTG,17,4064561
xylFp,0.4,5,4,TTGGCGGCACCGGCCAGCTT,1,4063403
xylFp,4.2,24,4,TTGCGCTAGCCTGGGGACCT,20,4056800
xylFp,3.8,22,4,TTGCACTACACCTGGAATTG,18,4064310
xylFp,3.6,21,4,TTCTAGCCCTATTGGCAGCG,17,4075722
xylFp,4.4,25,4,TTCCTCCTAATGTGGGGCAT,21,4074080
xylFp,1.8,12,4,TTCAGATGATTCTATGGAAA,8,4056452
xylFp,1.8,12,4,TTAGCTTCTCTATGCTCCAC,8,4075625
xylFp,0.4,5,4,TGGACCGGCCGGAAAGCGTA,1,4072706
xylFp,4.0,23,4,TGCCTTTCTCTCTCACTATA,19,4058546
xylFp,3.8,22,4,TGATATCGGTGCAATATTAT,18,4063779
xylFp,0.8,7,4,TGACTAGGGATTGGTTTTCC,3,4068438
xylFp,2.8,17,4,TCGTTGTTAGTCTGAGAGTT,13,4055026
xylFp,4.6,26,4,TCGTCTAGGGTGCTCCGTTG,22,4074552
xylFp,1.8,12,4,TCCCTGAGAGGAAAAAGTCT,8,4073828
xylFp,3.0,18,4,TCATTGAGAACAGTCGCAAT,14,4062296
xylFp,4.0,23,4,TATACTTAAGCCTATGCATT,19,4061949
xylFp,3.6,21,4,TACCTAGAGTAAGTTGTCTT,17,4055165
xylFp,3.6,21,4,TACCTAAGCTTCTTGGCCTC,17,4074321
xylFp,2.0,13,4,GTGGGCTACCCCATCCTTCT,9,4064943
xylFp,0.6,6,4,GTGGCGTACAGATCTCAGGT,2,4056536
xylFp,4.8,27,4,GTGGATAGGCAGCATTGTAT,23,4064719
xylFp,7.2,39,4,GTGAACCCACTATCTTAGAG,35,4057470
xylFp,1.2,9,4,GTCGCGGGAACCGTGGACAT,5,4075660
xylFp,2.4,15,4,GTACCTACTGCTGATTGACA,11,4060102
xylFp,2.8,17,4,GGGTTCGGCAACGCCAATAC,13,4072853
xylFp,4.0,23,4,GGGGTACAGGCAAACCAATT,19,4065176
xylFp,3.8,22,4,GGGCCGCACATCCATTAGCA,18,4060509
xylFp,2.8,17,4,GGGCAGCCGGACATCTAAGA,13,4068934
xylFp,1.6,11,4,GGGAGGTTCCCGTATTACAA,7,4066357
xylFp,2.6,16,4,GGACCTATGTAAAAGGAATA,12,4063871
xylFp,3.0,18,4,GGAATAAGAGTCGATCGGGT,14,4063190
xylFp,3.8,22,4,GGAACATCCTCGCTGCACGG,18,4056882
xylFp,2.6,16,4,GCTTCCCTGCGCGCGATGCG,12,4055909
xylFp,3.0,18,4,GCTACTGAGGGCTTTAGCCC,14,4058927
xylFp,2.4,15,4,GCGGCGACCGGGTCTTTGTT,11,4077090
xylFp,2.2,14,4,GCGCCCTTATGCGTCTACTA,10,4058934
xylFp,4.2,24,4,GCCCGGACGACATAACATGG,20,4061104
xylFp,4.2,24,4,GATTGTTACTTAATTGGCAG,20,4070412
xylFp,3.6,21,4,GAGTACAGGGAGCGGCGTAT,17,4055978
xylFp,4.0,23,4,GAGATTCATCAGCATGCTCA,19,4073434
xylFp,0.4,5,4,GACTTCCACGCGTGAGCACA,1,4055218
xylFp,8.8,47,4,GACTGGCTCCTCCCACGGTG,43,4064392
xylFp,1.2,9,4,CTTGGGGTTAACCTGTGTCC,5,4058081
xylFp,2.2,14,4,CTTCGTTTAATACCCAGCTA,10,4063713
xylFp,6.2,34,4,CTGTATCTATCAATACGCTA,30,4067606
xylFp,1.0,8,4,CTCCCGGGGACTTATTCGTA,4,4055013
xylFp,4.4,25,4,CTCAAAACGGGCAGGACTTC,21,4063316
xylFp,5.0,28,4,CTAGTATACAACATTGTTGC,24,4056420
xylFp,6.0,33,4,CGTTCTGACCTCCGGGTTGT,29,4056777
xylFp,3.0,18,4,CGTAAGTCCCTAACTTGCAA,14,4069204
xylFp,3.4,20,4,CGGTGACGTGACGTTGTTAT,16,4067228
xylFp,4.2,24,4,CGGGTAGTGGGTCGTCAGGA,20,4067341
xylFp,0.4,5,4,CGGCCATACCAGTAGCCGTG,1,4068590
xylFp,0.4,5,4,CGCGGGAGTGGCAGCCCTAT,1,4065242
xylFp,2.8,17,4,CGCGAGTATGTCAGGTGAAT,13,4070146
xylFp,3.2,19,4,CGCCCTAGCAATTCTAGGTA,15,4056773
xylFp,4.0,23,4,CGAGAATGAACTGGGCACGT,19,4071271
xylFp,3.4,20,4,CGAATTAAAGGCCCCTACCA,16,4055592
xylFp,0.4,5,4,CCGAAGACCACGCCGCCCGT,1,4063193
xylFp,0.4,5,4,CCCCGTTGTATTTGTTGGAA,1,4075505
xylFp,0.4,5,4,CATGCACCAAGTTAGCAATG,1,4061939
xylFp,2.2,14,4,CAGGGCACTCTTGTCATGGG,10,4061986
xylFp,3.4,20,4,CACGCTCTGGTATTGGCCTG,16,4057491
xylFp,3.4,20,4,ATGGCCAGAAATCGCACATT,16,4059484
xylFp,1.8,12,4,ATCGATAATATGCGGCATAA,8,4072084
xylFp,4.4,25,4,ATCGAGAAGATGAACCGCAA,21,4063737
xylFp,2.8,17,4,AGTTCTCCAACCCCGACGCA,13,4069973
xylFp,2.0,13,4,AGTGGTGGGTCTCGCATCCT,9,4063043
xylFp,4.8,27,4,AGGGCATCTGTGTGAGCGGC,23,4073956
xylFp,4.2,24,4,AGCGGGGATAGCCGTGCCTT,20,4067199
xylFp,0.4,5,4,AGCGCGGCTGAGACTCACGG,1,4068273
xylFp,4.4,25,4,AGATGCTATTCGTTAGTCGC,21,4072235
xylFp,3.2,19,4,ACTTGTTAATTAAGGACATT,15,4057561
xylFp,3.6,21,4,ACTGTACTGCCTGAGGTCTT,17,4068642
xylFp,2.0,13,4,ACTATCCTTCCATGATAATA,9,4058165
xylFp,2.8,17,4,ACTACGGAACGTTTGACTGT,13,4072211
xylFp,5.0,28,4,ACGGGTATCCCCCATGACCT,24,4067088
xylFp,3.4,20,4,ACGATCCCACGGCCAGTAGA,16,4063601
xylFp,8.2,44,4,ACACTAGCGAGTGGGTACAA,40,4073641
xylFp,2.8,17,4,AATCGCAGCTAACGACGACT,13,4058990
xylFp,3.4,20,4,AAGCCATGAGACCCATTGCA,16,4065796
xylFp,23.4,120,4,AAGAAACCCGCCCGTCGTCT,116,4059697
xylFp,0.4,5,4,AACCGGCTTCTATCTTCGTA,1,4076231
xylFp,2.0,10,3,TTTGTGCGTGTTTAGATCTG,7,4055113
xylFp,4.5,20,3,TTTCACAATTTGTTTGGGAC,17,4058503
xylFp,3.0,14,3,TTGTGTTCGTGACGCAGTGA,11,4076248
xylFp,4.5,20,3,TTGGGCATAGCCAGCACGGT,17,4077516
xylFp,0.5,4,3,TTGAATACAAGGGGCGACCT,1,4064798
xylFp,5.0,22,3,TTCATGCAACTCCCTCGCCT,19,4068394
xylFp,1.25,7,3,TTCAAGTTTAGCGCTCAATA,4,4064300
xylFp,1.0,6,3,TTAGTGTTGTTAGTAAGACT,3,4073638
xylFp,4.75,21,3,TGTCCATCACACAGAACATT,18,4072071
xylFp,0.5,4,3,TGCCTATGGTTTTTAGGGCA,1,4066225
xylFp,4.25,19,3,TGATGAAGCGCCGAAACCTT,16,4075643
xylFp,3.25,15,3,TGACGTAAACTGGTGGTAGT,12,4077948
xylFp,3.25,15,3,TCTTGTCCGTTCTGTGGTAT,12,4063727
xylFp,5.25,23,3,TCTTGGTCAGTGTGGCCTGT,20,4059391
xylFp,5.5,24,3,TCGTTCTGCACTCATGCACA,21,4074002
xylFp,0.5,4,3,TCCAACCACGATCACACAAA,1,4070295
xylFp,1.75,9,3,TCAAGGATTGTTTAGTGGAC,6,4056158
xylFp,0.5,4,3,TCAAAAGGCCTTGAGTGAGA,1,4077100
xylFp,0.5,4,3,TATTGTTTGAATAGAGTCAT,1,4068597
xylFp,4.75,21,3,TATCAGATTGACATGTTGGT,18,4063026
xylFp,0.5,4,3,TATAGGGTTCCTAGACTGCT,1,4056608
xylFp,7.5,32,3,TATAAGCGTCTAGGGAGTCT,29,4075379
xylFp,0.5,4,3,TACCAGGTCATAGATGACCA,1,4073241
xylFp,5.25,23,3,GTTGTTGCCCGGTGTTACCT,20,4064652
xylFp,0.5,4,3,GTTCCGGTCAAGTTTTGGGC,1,4077644
xylFp,4.25,19,3,GTGTGCTCATTTAATATCCT,16,4076854
xylFp,3.5,16,3,GTGTCGGCCGGAGCAGACCT,13,4062178
xylFp,4.5,20,3,GTGGGACCTGGTCCCGCTGT,17,4057712
xylFp,6.75,29,3,GTGCAATAATCCTTAGCGTC,26,4069034
xylFp,4.25,19,3,GTGAAATTATTCCCTCGACT,16,4069141
xylFp,5.0,22,3,GTAGCGAAGACGGATCGGTT,19,4070056
xylFp,4.25,19,3,GGTGGAGTCATGGGTCATTA,16,4059521
xylFp,5.5,24,3,GGTCGAGGAGCCCGTGGCCC,21,4059488
xylFp,0.5,4,3,GGGGATAGTTAGACGTCCAC,1,4060704
xylFp,3.5,16,3,GGGAATGCCACAGCGGAGTC,13,4055214
xylFp,5.75,25,3,GGCTCCTTTTACATAGTCAC,22,4055119
xylFp,3.0,14,3,GGCCTATTTGAACTGCTCTA,11,4057743
xylFp,3.75,17,3,GGCCCGCCCGGAGGCTCTCC,14,4058597
xylFp,4.5,20,3,GGCATTTCCGAAACTCTGAA,17,4073255
xylFp,5.25,23,3,GCCCCCAGTATTGCGACATC,20,4068108
xylFp,0.5,4,3,GCATATTCTCAAACGAGGAT,1,4076195
xylFp,4.5,20,3,GATTTCATCTATGCCTGGCA,17,4068221
xylFp,0.5,4,3,GATTTATGGAGATCATAAAA,1,4061071
xylFp,0.5,4,3,GATTCGGACAACCGACCTTC,1,4063010
xylFp,7.25,31,3,GATGGGTCTTTCTGAGCAGC,28,4072515
xylFp,6.25,27,3,GATGGGACGGGCGAGCTCGG,24,4067508
xylFp,2.75,13,3,GATGACCTGGCAGGGAAGTG,10,4057185
xylFp,4.5,20,3,GATCGTCTCTGAGCCACGCT,17,4068945
xylFp,10.5,44,3,GACCTCACGTAACTTGGGCT,41,4072144
xylFp,2.75,13,3,GAATGTGAAGTGAATGTGGT,10,4074972
xylFp,3.75,17,3,GAAATGGTCCTTGCTCAAGC,14,4068083
xylFp,0.5,4,3,CTTTTGGATAAAACCGGTTG,1,4059995
xylFp,8.5,36,3,CTTCCTTAATTTGTCTTAAA,33,4067751
xylFp,2.5,12,3,CTTATAAGTCCTGATTGGAC,9,4077449
xylFp,6.0,26,3,CTCTGTTTTAAAGCGCTCGT,23,4072373
xylFp,5.5,24,3,CTCTCTATATTGACGAGGCA,21,4055354
xylFp,8.75,37,3,CTCGCATAGGGCACGGATGG,34,4058006
xylFp,3.75,17,3,CTCCGCTTCTCCAGCACAAG,14,4071188
xylFp,2.0,10,3,CTAGGAAAGCTACGCCGTGC,7,4060356
xylFp,2.5,12,3,CGTTTCATCAATACCAGATA,9,4078250
xylFp,4.25,19,3,CGTGTTCCTGGTGCGGCGGT,16,4074577
xylFp,6.25,27,3,CGTAGATAGAGCCGGACGTT,24,4073977
xylFp,4.5,20,3,CGGGTAGTGTGTCTTCACTA,17,4060322
xylFp,8.75,37,3,CGCTACAGTTCCGTATTTAT,34,4072036
xylFp,3.75,17,3,CGCGTCCTGGGGCGGAAGTT,14,4065133
xylFp,1.75,9,3,CGAGTGTGTAGTCATGTTGG,6,4069971
xylFp,5.5,24,3,CGAGTGTACACCGTGTAGTT,21,4069267
xylFp,2.0,10,3,CGAGTAGAGCTCAATGCTAT,7,4059871
xylFp,7.25,31,3,CGACACTACGTCTGTGGCCA,28,4063457
xylFp,6.75,29,3,CGAACCCTGACGCAAGAAAC,26,4063939
xylFp,43.0,174,3,CCTGTGCGGACGGACCCATG,171,4067506
xylFp,4.75,21,3,CCTATCGTGCACGAGGGAAA,18,4068826
xylFp,2.5,12,3,CCGTGTTTGCATAGGGATTC,9,4068739
xylFp,0.5,4,3,CCGTGACTGCGGACTTCTGC,1,4065600
xylFp,1.5,8,3,CCGCGTCTGTCGTTGATTTC,5,4066264
xylFp,0.5,4,3,CCCGTTTCTCAATAGGGTCC,1,4075157
xylFp,8.25,35,3,CCAATACGGCTCACGTTTGC,32,4077423
xylFp,0.5,4,3,CCAAGATGCAGCGTGGTTGG,1,4075662
xylFp,5.25,23,3,CCAAAGGTTCCGAGATGTTA,20,4057813
xylFp,3.75,17,3,CATAGATCTCTTTACCCACG,14,4061273
xylFp,4.75,21,3,CACGTTGCAACTATGACAAG,18,4070824
xylFp,3.5,16,3,CACCACGGGCTCAGTGGAGA,13,4075663
xylFp,8.75,37,3,CACACCGCCGATATTGTCAG,34,4076778
xylFp,0.5,4,3,ATTTTGAGCTGGTGCCCGTA,1,4068342
xylFp,0.5,4,3,ATTGACTCGGTTATACCATC,1,4058672
xylFp,2.75,13,3,ATGGTTGTTACCGGTTGGTG,10,4058504
xylFp,3.25,15,3,ATACTCAAGCGCGCCCCATA,12,4063279
xylFp,4.5,20,3,AGGAAAAATAGTCTTCGGTA,17,4072709
xylFp,5.0,22,3,AGATTCAGTGTCTTCGGTTC,19,4056310
xylFp,2.25,11,3,AGATGAGCTTCCATGTCCTG,8,4065604
xylFp,2.5,12,3,AGACGTCTATATTAATCTTC,9,4069140
xylFp,1.75,9,3,AGAACGAAAACCGTCCCGAT,6,4058208
xylFp,4.75,21,3,ACTTTTGGATCCATATATCT,18,4062878
xylFp,2.75,13,3,ACTTTAGTTATCCGGCTCGT,10,4073844
xylFp,3.5,16,3,ACTGCGGATGACAAAGTGAT,13,4072132
xylFp,3.25,15,3,ACTGATCCCTTGGAGGCTGG,12,4078016
xylFp,4.5,20,3,ACTCCTAAGTGGAGCTATTA,17,4071854
xylFp,1.5,8,3,ACGTATAGACTGTTACGCTA,5,4061554
xylFp,4.75,21,3,ACGGGGGGGGAGTGTGGCGC,18,4066405
xylFp,2.75,13,3,ACCTACCTTGGATAGTCTGG,10,4070116
xylFp,10.75,45,3,ACAGGGTAGAGTAGCCAGCT,42,4072066
xylFp,0.5,4,3,ACACGCCTTTCTACGTCAGG,1,4065908
xylFp,0.5,4,3,ACAAAGGATCTGTCGGCAAG,1,4057715
xylFp,4.0,18,3,AATCTTGTCTAGGGTTAACT,15,4060265
xylFp,6.5,28,3,AATACGGTTCCTTTTTGACT,25,4060739
xylFp,4.75,21,3,AAGTACCCCATCCGAAACGT,18,4074195
xylFp,5.75,25,3,AAGGACTCGATACCGTGTGG,22,4065347
xylFp,0.5,4,3,AACTGCGCTTAAAATTTAAG,1,4075676
xylFp,3.0,14,3,AAATCTGACTGGATCTACCT,11,4055570
xylFp,5.333333333333333,17,2,TTGTCAAGGTGTGAACTCTC,15,4057038
xylFp,7.0,22,2,TTCCCTCTTCCACTTAAAAT,20,4061846
xylFp,3.3333333333333335,11,2,TTATGTCACCTGGTTTGCCT,9,4076802
xylFp,6.666666666666667,21,2,TGTTCTGGCGTGCCACATGG,19,4075348
xylFp,4.333333333333333,14,2,TGTGATTAAGGGGAGAACTT,12,4074242
xylFp,8.666666666666666,27,2,TGTCGTAGTTCGTCACCGGA,25,4061845
xylFp,7.0,22,2,TGTAGGTTGCGTTTACCTTA,20,4066669
xylFp,6.333333333333333,20,2,TGGATCTCCGATTAACACAA,18,4065872
xylFp,7.333333333333333,23,2,TGGATAATCATTTCCGGAAA,21,4070510
xylFp,0.6666666666666666,3,2,TGCTTCGTATTGTCACTTTC,1,4057908
xylFp,6.0,19,2,TGCCCTCACATCACATGGGT,17,4068125
xylFp,14.333333333333334,44,2,TGCACACCCTGACCAGCTAA,42,4060653
xylFp,2.0,7,2,TGATGCTTCAACGAAAACCT,5,4058869
xylFp,5.666666666666667,18,2,TGATGACAAATAGACTACGC,16,4073417
xylFp,4.333333333333333,14,2,TGATATCAACCTTGCATAAA,12,4063898
xylFp,8.333333333333334,26,2,TGAACAGTGTGTACTTTAGG,24,4074112
xylFp,7.666666666666667,24,2,TCTCGCTACGAAGAAGACCC,22,4055513
xylFp,1.6666666666666667,6,2,TCTATTAAAACGGCGGGACA,4,4056965
xylFp,5.666666666666667,18,2,TCGGGAAGCTGTCCAAGTCT,16,4063058
xylFp,6.0,19,2,TCGGCACCTGATTTTATGTT,17,4075459
xylFp,2.6666666666666665,9,2,TCATTTCGCGTCAGCGCACT,7,4063428
xylFp,2.6666666666666665,9,2,TCATAGCATTGTTTAGTTAT,7,4059602
xylFp,3.6666666666666665,12,2,TCAGGAGTGTAGCGCGTTCT,10,4062648
xylFp,2.3333333333333335,8,2,TCACAGCACGAAATAAGAAG,6,4057720
xylFp,0.6666666666666666,3,2,TATTTGTTCACGTCCTGGCG,1,4075838
xylFp,2.6666666666666665,9,2,TATAGCCGCTTTCGGAATAC,7,4077671
xylFp,5.666666666666667,18,2,TAGGTTTTGGGGCACCACGC,16,4060872
xylFp,9.0,28,2,TACTGTGGTGAAACTTATTA,26,4055952
xylFp,7.0,22,2,TACACCCGTTATGCGTGGAT,20,4068346
xylFp,7.333333333333333,23,2,GTTGTCGTTAGATTATGGAA,21,4063372
xylFp,5.666666666666667,18,2,GTTATCGAAGGTGAATCGCT,16,4066473
xylFp,6.0,19,2,GTTAAAAGTTCTCACCTACA,17,4057805
xylFp,8.666666666666666,27,2,GTGTGTTGGATTGCAGATTG,25,4072069
xylFp,1.0,4,2,GTATACACAGCCTGTCTAAT,2,4059390
xylFp,10.333333333333334,32,2,GTAAGCATGGTGGTTTAAAT,30,4058507
xylFp,16.666666666666668,51,2,GGGTAGGTCGAACATATCCT,49,4072703
xylFp,4.333333333333333,14,2,GGAGCATGGGGTGCCAGTGA,12,4070375
xylFp,0.6666666666666666,3,2,GGAAGATCTTGTCCAGGCAT,1,4064344
xylFp,9.666666666666666,30,2,GCTCAGAGGAAGTCCTTTGT,28,4063459
xylFp,0.6666666666666666,3,2,GCGTAATAGGCTTAAGAGGG,1,4061024
xylFp,3.6666666666666665,12,2,GCGGCCGTTACACTCCTAAT,10,4068753
xylFp,0.6666666666666666,3,2,GCGATGTAGCTTGCCAGATA,1,4067745
xylFp,7.0,22,2,GCCGTGGACACAATTTTGTA,20,4076545
xylFp,7.666666666666667,24,2,GCCGTCTGTGTAGCAGCTCA,22,4067695
xylFp,1.6666666666666667,6,2,GATAGGTACTTATGTATTGC,4,4068999
xylFp,5.0,16,2,GAGCCATCTTTTTCTACGGG,14,4064651
xylFp,5.333333333333333,17,2,GAGCATCGCTTAGAGTACAC,15,4074225
xylFp,0.6666666666666666,3,2,GACTAAGTCTGGCATTCCTC,1,4063692
xylFp,4.333333333333333,14,2,GACTAAAAATTTTTCGGACC,12,4057874
xylFp,6.333333333333333,20,2,GACGGAAGGCGCCAGTGATC,18,4074702
xylFp,1.0,4,2,GACAGGTGCCGCTTTGTTTT,2,4076644
xylFp,4.666666666666667,15,2,CTTGACGATCCGCACGGCTT,13,4077046
xylFp,9.333333333333334,29,2,CTTAGGTTCTGACCTGCCAC,27,4077695
xylFp,5.333333333333333,17,2,CTGGCCTTATTGAACCACGC,15,4074581
xylFp,6.666666666666667,21,2,CTGAAGGTACGTTCGAATGT,19,4070867
xylFp,4.0,13,2,CTCGCCGCAACCAGCTGCTT,11,4071383
xylFp,0.6666666666666666,3,2,CTCCTTGAAGCGCGCCTTGT,1,4073545
xylFp,6.666666666666667,21,2,CTCAGCCTACTGCGTATATC,19,4073381
xylFp,4.333333333333333,14,2,CTATTCGCAAATACTTAACT,12,4067667
xylFp,0.6666666666666666,3,2,CTATTATAATAATAACTGCC,1,4066877
xylFp,5.333333333333333,17,2,CTATGCAGCAATCGACGTTT,15,4060587
xylFp,2.6666666666666665,9,2,CGTGATTACTCTTACTAGAA,7,4072858
xylFp,6.666666666666667,21,2,CGTCCTTTTGGTGGACTTGG,19,4065043
xylFp,6.333333333333333,20,2,CGGCCGTAGCCCGTGTGAGG,18,4066312
xylFp,1.3333333333333333,5,2,CGCCACACAGCATCTGATTA,3,4060987
xylFp,7.0,22,2,CGCAGTCAAGCCCTAGTGAT,20,4067551
xylFp,2.6666666666666665,9,2,CCTCGGAAGGTGCAAGCACT,7,4066745
xylFp,0.6666666666666666,3,2,CCGTGCAGGCAATTGTGTAT,1,4063878
xylFp,4.333333333333333,14,2,CCCTGGCGCGCACTCATAGG,12,4075380
xylFp,9.666666666666666,30,2,CCCTAGAGGAGGCCGTGAGG,28,4075469
xylFp,0.6666666666666666,3,2,CCCACTTAACGCTTTAGAAA,1,4071141
xylFp,3.6666666666666665,12,2,CCACAGTTTTCAGGTAGTGT,10,4063320
xylFp,2.6666666666666665,9,2,CCAAGGTATTACGGACACCT,7,4074013
xylFp,8.0,25,2,CATATATAGGTCGTTTTGCA,23,4064499
xylFp,5.666666666666667,18,2,CAGTCATGGAGCCCACTATT,16,4076339
xylFp,4.333333333333333,14,2,CAGGATCCCGCGTTGTATCG,12,4076985
xylFp,5.0,16,2,CACTCGTTAGCTATTGGGCG,14,4062162
xylFp,7.333333333333333,23,2,CAATCGTCGAAAACTTACGA,21,4062335
xylFp,4.666666666666667,15,2,CAACGACTAATACGATCGGC,13,4071916
xylFp,0.6666666666666666,3,2,ATTTTGGGTTATCCACGGTT,1,4077704
xylFp,0.6666666666666666,3,2,ATTCTACCAGCGGGTGGTGG,1,4068578
xylFp,5.333333333333333,17,2,ATGTCTCTGCCAGAGGTTTT,15,4063885
xylFp,0.6666666666666666,3,2,ATGGACACTGTTTGAGCCGT,1,4073340
xylFp,4.0,13,2,ATCTTCATCATAGACTAACA,11,4065281
xylFp,4.666666666666667,15,2,ATCGTTGAGATCCGACACAC,13,4059516
xylFp,7.333333333333333,23,2,ATACTCATTTGGCCGGTCGG,21,4058480
xylFp,4.333333333333333,14,2,ATAATTCTCCAGTAAGTTCC,12,4076910
xylFp,0.6666666666666666,3,2,AGTGTGGCTATCACATAAGC,1,4056401
xylFp,1.6666666666666667,6,2,AGTAAACGATTAAACTCCTC,4,4067505
xylFp,6.333333333333333,20,2,AGGACTGTAAAACCGAAAAT,18,4069356
xylFp,13.666666666666666,42,2,AGCGTGACTTAGGCCAAGGC,40,4066392
xylFp,8.333333333333334,26,2,AGCGAGAAAAGCCCTCCATT,24,4065748
xylFp,5.0,16,2,AGCAACATAAGCTGTTGACG,14,4059530
xylFp,4.0,13,2,ACTGATTTTAACTATTTTAG,11,4059404
xylFp,3.6666666666666665,12,2,ACTAGGGCGGTGGGGAGTCA,10,4060337
xylFp,0.6666666666666666,3,2,ACGCCATGCGACGGGCATCG,1,4060336
xylFp,5.333333333333333,17,2,AAAAACGTAATAGTAATGTT,15,4060140
xylFp,1.0,2,1,TTTGACGAAACTTAAGCCAT,1,4076675
xylFp,9.0,18,1,TTGTGTCACAAATAAAGCTC,17,4056926
xylFp,2.0,4,1,TTGTATGTTCCGGGGCGCAA,3,4066375
xylFp,8.0,16,1,TTCCGTGTAACTTTGATACA,15,4070368
xylFp,1.0,2,1,TTATTCCTACTAGGCTGCAA,1,4076889
xylFp,12.0,24,1,TTAGGGGGTCTAGCGGTCTG,23,4076488
xylFp,16.5,33,1,TTACGTGTTCCTACGAACTC,32,4066701
xylFp,11.0,22,1,TTACATCGAGCGCTGTCTGT,21,4074477
xylFp,13.0,26,1,TTAAGTCCTCTCCCTTTAGA,25,4058121
xylFp,7.5,15,1,TGTCTTAGAAACGGGCAGAC,14,4068112
xylFp,6.5,13,1,TGGGGCAGAGCAGAAGTCGC,12,4065247
xylFp,11.0,22,1,TGGCTTTATGCCACGAGTAT,21,4059898
xylFp,6.5,13,1,TGCTATGGTGTAGACCTGAC,12,4073583
xylFp,7.5,15,1,TCGTGTTCAGTAGCACACCT,14,4068992
xylFp,12.0,24,1,TCATACTGCGGGGGCGCTTG,23,4071634
xylFp,12.0,24,1,TCAGACGATCGTCGGCCTCC,23,4068750
xylFp,10.0,20,1,TCACACCGGCTCACAACTAT,19,4057861
xylFp,26.0,52,1,TATAGAAACCGGACCACAAT,51,4070079
xylFp,8.0,16,1,TAGGGCCGTGGGCAGGGTTG,15,4061918
xylFp,5.5,11,1,TAATATCGAACCCAGGATTA,10,4065546
xylFp,9.5,19,1,TAAGGTTCCTCCATCGTTTA,18,4055321
xylFp,11.0,22,1,GTTTGCGCTGGTTAACCGGC,21,4060492
xylFp,4.5,9,1,GTTAATGTGAAGTGGCGTCG,8,4069541
xylFp,5.5,11,1,GTGTATTTCAGTTAAAGACC,10,4073083
xylFp,1.0,2,1,GTCTCTAAAATGTGACCCTT,1,4076981
xylFp,10.0,20,1,GTCCCAATGGACATTTGAAA,19,4076814
xylFp,5.5,11,1,GTACCTGCGGGTACCTGGTG,10,4066594
xylFp,6.5,13,1,GGTGGCACCGTGATTTCTAC,12,4057158
xylFp,9.5,19,1,GGGCTTGGGGGAATGTCTCT,18,4064544
xylFp,13.0,26,1,GGACTGCGTCCTGCCGCGGA,25,4075425
xylFp,13.5,27,1,GCTGTGTTATAGCATCCGTT,26,4071573
xylFp,8.0,16,1,GCTCGATGATAGCAGGAGAA,15,4062656
xylFp,5.5,11,1,GCGGTTCGCATCTCTCCTCC,10,4069553
xylFp,5.5,11,1,GCCGTTTTTCCTTCTCCAAT,10,4068452
xylFp,12.0,24,1,GCAATTCGGATGATCAGCAA,23,4065035
xylFp,3.0,6,1,GATGTATGTCTTGAGAACTT,5,4075645
xylFp,7.5,15,1,GATGCGCTCTCAATCATCGT,14,4074138
xylFp,13.0,26,1,GATCTATTGTACTCGAAGAC,25,4064977
xylFp,4.0,8,1,GATAGTCTTCGTGGTGTCGC,7,4068787
xylFp,1.0,2,1,GAGGGGGGACGACTGGATTA,1,4077468
xylFp,1.0,2,1,GAGAAGGCTGAGGTCGGGGA,1,4065649
xylFp,3.5,7,1,GACAAGGTCAAGGCGGTTCG,6,4071648
xylFp,19.5,39,1,CTTCGTTATAATAATCCAGT,38,4077013
xylFp,12.0,24,1,CTGTTGAATGCCCGCGGCGG,23,4066069
xylFp,12.5,25,1,CTGGTGAGACCACGTCACCG,24,4077241
xylFp,7.5,15,1,CTGCACGCGACCTAACCTTT,14,4075758
xylFp,5.0,10,1,CTCTAATTATTCCTGTCCCA,9,4066521
xylFp,5.0,10,1,CTCTAAGATGGTGGACCCGA,9,4073561
xylFp,13.5,27,1,CTCGAACTAGGCAAGACATA,26,4074103
xylFp,11.5,23,1,CTCCTGACGGGGCCGTCTCA,22,4073958
xylFp,1.5,3,1,CTACTCATAACATAAAGGCC,2,4072034
xylFp,5.5,11,1,CGTGCTCACCCCGCGCATCC,10,4064276
xylFp,12.0,24,1,CGGGTACGCTAGTGTGTTGA,23,4070613
xylFp,7.0,14,1,CGGGCGGAACGCAGATTCCA,13,4060273
xylFp,1.0,2,1,CGGCGTCCTGGCTTCTATTA,1,4060508
xylFp,6.0,12,1,CGGAGGGTTAGCGCTTAGTG,11,4063281
xylFp,6.0,12,1,CGCTTCCAGGAATAACCTAT,11,4061567
xylFp,9.5,19,1,CGAAACCTGTAAGTTCGCGT,18,4068867
xylFp,8.5,17,1,CCTGAACTACAGCAGTCTCA,16,4065459
xylFp,5.0,10,1,CCTCAACTACGTGAGGTAGT,9,4065027
xylFp,2.0,4,1,CCTACTTCTGGGCAAAATGA,3,4064505
xylFp,18.0,36,1,CCGTGTCGGGTAATTCCCAT,35,4070049
xylFp,6.0,12,1,CCGACTGCGCCCAGCAGGGC,11,4077630
xylFp,9.5,19,1,CCCGGTTGAAGCTGGAAAGT,18,4065451
xylFp,8.5,17,1,CCCCCCTACCGTGCCCATCT,16,4070060
xylFp,7.5,15,1,CCCCCCGAGACAGTTGAGCC,14,4077621
xylFp,12.5,25,1,CCCAAATACTTCTCTGGCGC,24,4068508
xylFp,6.0,12,1,CATTAATGAGCCAACCCCAT,11,4068990
xylFp,3.5,7,1,CAGGACTTAGTTTTATTAGC,6,4067741
xylFp,6.0,12,1,CAATAAACTTGCCTCCTTAG,11,4068309
xylFp,5.0,10,1,ATTCTGGCATCATAATCGAT,9,4076200
xylFp,8.5,17,1,ATTAAATGAGGTCGTCGATG,16,4072042
xylFp,11.0,22,1,ATGGATGTACCATACTCCGA,21,4069260
xylFp,6.5,13,1,ATCTATGGAACCAACGTAGG,12,4069779
xylFp,3.5,7,1,ATACGTAGGTCGCGGCGCGT,6,4055125
xylFp,6.5,13,1,AGTTGAGGCGCGCAGGGAAT,12,4062378
xylFp,5.5,11,1,AGTTCACTCGGATGCACGAA,10,4071524
xylFp,7.5,15,1,AGCGTACGAGATAGCAGGTC,14,4068244
xylFp,9.5,19,1,AGCACATTCGTGGCTCCCTG,18,4057704
xylFp,7.5,15,1,AGATTACCGGGACATAGTTG,14,4067515
xylFp,5.0,10,1,AGAGTTATCAAGGGGTCACC,9,4063395
xylFp,8.0,16,1,ACGCGTAAATACTTCCGGGG,15,4061249
xylFp,5.5,11,1,ACCGGCAGTGGCTCGAGAAC,10,4065514
xylFp,11.0,22,1,AATTCATCTCCGGAGACGGA,21,4072260
xylFp,8.0,16,1,AACGAGGGGTGGAGACAAAT,15,4076888
xylFp,0.022222222222222223,44,44,AGTCATGTCTGCGAGTAAAG,0,4074100
xylFp,0.027777777777777776,35,35,TCGCAGCAGGGATTTTAGGT,0,4054937
xylFp,0.02857142857142857,34,34,CGCTAAGTACTAATGTATGA,0,4059511
xylFp,0.03125,31,31,GGAAAGCAGGGGCTACAGGT,0,4055144
xylFp,0.03225806451612903,30,30,CGTGCCAGAGTCTCGCAGAA,0,4055010
xylFp,0.03225806451612903,30,30,ACCGAATGTATTCACACAAT,0,4069331
xylFp,0.03571428571428571,27,27,TCGCCTACGTAAAAGCTTAA,0,4059942
xylFp,0.03571428571428571,27,27,TCAATAGCGGTTCCATAGGA,0,4061472
xylFp,0.03571428571428571,27,27,CCTTCGAGTCCGCCGTTGGC,0,4066078
xylFp,0.03571428571428571,27,27,ACCAAGCCTGTTGGCGGACT,0,4055691
xylFp,0.037037037037037035,26,26,TTGTGTATGGGCCTCCAAAT,0,4059421
xylFp,0.037037037037037035,26,26,TGAGAGTTCAGCCCTTGAGG,0,4056558
xylFp,0.037037037037037035,26,26,GTTGGCTCACCGGGGGTGGG,0,4068885
xylFp,0.037037037037037035,26,26,GTGGATCCATAACATGAGGT,0,4061582
xylFp,0.038461538461538464,25,25,GGTTGTGGACAAGGCCCACT,0,4066481
xylFp,0.04,24,24,TCGTTATGAACGCTCGGTTG,0,4069834
xylFp,0.04,24,24,GCGCGAGTCGCAATCCAAGT,0,4057895
xylFp,0.04,24,24,CGGCATGGCAGGCCGGTTAC,0,4063095
xylFp,0.04,24,24,CCGCTCCGGGTATTATCGAT,0,4059798
xylFp,0.04,24,24,CAAGTCTAGCATTTGCGGCA,0,4063041
xylFp,0.041666666666666664,23,23,TTTGTGCGCTCGGCTTGGTG,0,4055083
xylFp,0.041666666666666664,23,23,TCGGCGTGCCGCTATCCTAA,0,4076763
xylFp,0.041666666666666664,23,23,CGTAACTGAGCCGCTATGGA,0,4064982
xylFp,0.041666666666666664,23,23,CCTATAACGCATGCCATAAG,0,4055584
xylFp,0.041666666666666664,23,23,ACAGAGCATCTTTGATCATT,0,4065188
xylFp,0.043478260869565216,22,22,GCCCGCCAATTAGCATCAAA,0,4068637
xylFp,0.043478260869565216,22,22,CGTCAGGCTTGTCACGTTTG,0,4076018
xylFp,0.043478260869565216,22,22,CCCCGTGTTTATGGAATAGA,0,4077133
xylFp,0.043478260869565216,22,22,ATGTGCTCCGGGATGGGCAA,0,4070534
xylFp,0.043478260869565216,22,22,AGGGATTACTGCGGGTTCTC,0,4064700
xylFp,0.043478260869565216,22,22,ACGGACCCTCATTGCATGTC,0,4061333
xylFp,0.045454545454545456,21,21,TTCCTAGCACGCGTAGTCTT,0,4070224
xylFp,0.045454545454545456,21,21,TGCGTAAGTCCGCCGACCAC,0,4064033
xylFp,0.045454545454545456,21,21,TCTGCCCCTAGGTCCTAAAC,0,4069648
xylFp,0.045454545454545456,21,21,TCGTTGGAATCACGATCTCT,0,4074776
xylFp,0.045454545454545456,21,21,TCGGTAGGGGCTCAGTCTGA,0,4073050
xylFp,0.045454545454545456,21,21,TCCGGGTTAATTCGATGCAA,0,4072871
xylFp,0.045454545454545456,21,21,GTATTCGGGCGAGCGAAAGT,0,4062388
xylFp,0.045454545454545456,21,21,GGGTCTGGCGAACTGCGGTA,0,4058912
xylFp,0.045454545454545456,21,21,GCAATTCAGTACCATGATGC,0,4055365
xylFp,0.045454545454545456,21,21,CTCACCCCGGTTGTAGAAAG,0,4066856
xylFp,0.045454545454545456,21,21,CGATATTGGCCTGGCCGGGT,0,4056788
xylFp,0.045454545454545456,21,21,CCCGATTCTCAGTTGCCTGC,0,4058058
xylFp,0.045454545454545456,21,21,ATGTCAGTTGCTCTTCGGAG,0,4059675
xylFp,0.045454545454545456,21,21,ACGATGCATGAATGTAACAA,0,4056097
xylFp,0.047619047619047616,20,20,GTTGAGCTGTGTGGAATTAT,0,4064948
xylFp,0.047619047619047616,20,20,GTCGCAGACTGGAGTGCCTT,0,4057871
xylFp,0.047619047619047616,20,20,GGTTTTCATCGGCCCCACCA,0,4059542
xylFp,0.047619047619047616,20,20,GGACGTCCGACACCGACTAT,0,4057192
xylFp,0.047619047619047616,20,20,GCTACGCCGCTGCCTGTATT,0,4058393
xylFp,0.047619047619047616,20,20,GACGAACGCCCACTACTACG,0,4065115
xylFp,0.05,19,19,TTCAACAAAGAGAGGTACCA,0,4057905
xylFp,0.05,19,19,TGCTACCATCTGACAGTGAG,0,4059974
xylFp,0.05,19,19,TCGCGCACTGGTTATAAATC,0,4070530
xylFp,0.05,19,19,GTTTACTACATTGACAGGTT,0,4076669
xylFp,0.05,19,19,GGGCATGCATGCCTATTAAG,0,4056857
xylFp,0.05,19,19,CGAAAGGTGTACCCTGCGTT,0,4071445
xylFp,0.05,19,19,CCTCGTTTTAGGGAGTAAGT,0,4071333
xylFp,0.05,19,19,CCCCGAGCCGACGTTTCCAA,0,4058747
xylFp,0.05,19,19,CCAGAGTGAGGGCTGTGGGT,0,4062423
xylFp,0.05,19,19,CACCTCTAGAGCGTTGCTCT,0,4060343
xylFp,0.05,19,19,ATGTGTCCGTAGGTGACTGT,0,4070442
xylFp,0.05,19,19,ATGGTCCGGATCCGCTCTTT,0,4058410
xylFp,0.05,19,19,ACGACGGGTTCTAATGTGGG,0,4070128
xylFp,0.05263157894736842,18,18,TTTCAACTTGGGTGACAATG,0,4055714
xylFp,0.05263157894736842,18,18,TACTTCAGTACCTTCCACGA,0,4058727
xylFp,0.05263157894736842,18,18,GTCCTCGTATAGGAGAGTGA,0,4064142
xylFp,0.05263157894736842,18,18,GTAATCTAGGGACTCAGTAT,0,4059594
xylFp,0.05263157894736842,18,18,GAGTCTAAGCGGCTGAACTG,0,4063145
xylFp,0.05263157894736842,18,18,GAAGGAAACACAGCCATGTC,0,4062406
xylFp,0.05263157894736842,18,18,CTTCCCATATGTCCGGGAGT,0,4068881
xylFp,0.05263157894736842,18,18,CTGGCGCATACTCTGCCAGG,0,4074306
xylFp,0.05263157894736842,18,18,CGAGGTCGTCGTTGTCAGAT,0,4058740
xylFp,0.05263157894736842,18,18,CCCATGTCCACACAAGTTTT,0,4067117
xylFp,0.05263157894736842,18,18,CATAAACATAGGTGCCATTG,0,4062532
xylFp,0.05263157894736842,18,18,CAAGCATGTGCAGGTGTGCA,0,4072083
xylFp,0.05263157894736842,18,18,ATGAAGCACCAGATCCGATA,0,4064826
xylFp,0.05263157894736842,18,18,AGTATCCCTACGTGGTATGG,0,4056078
xylFp,0.05263157894736842,18,18,ACGTACCTGGCCAAGGACTT,0,4076162
xylFp,0.05263157894736842,18,18,ACCAATCCTATGCGGCTCGC,0,4055897
xylFp,0.05263157894736842,18,18,ACAGACAATTGAAACCTATG,0,4072687
xylFp,0.05263157894736842,18,18,AAGTCTAATACAAATACAAT,0,4071771
xylFp,0.05263157894736842,18,18,AAGGCGTCTCACTAAGCTAA,0,4072257
xylFp,0.05263157894736842,18,18,AAGCCCCTAAATCGCCTCTT,0,4068234
xylFp,0.05555555555555555,17,17,TTTCGTCTCCGTGATGAGAA,0,4059845
xylFp,0.05555555555555555,17,17,TTCAGCCTTGGGTCGTACGG,0,4063119
xylFp,0.05555555555555555,17,17,TTATTTGGCATTACTATAAT,0,4062630
xylFp,0.05555555555555555,17,17,TACGTTGTTCGGCATGATTA,0,4073275
xylFp,0.05555555555555555,17,17,GTCACCATCGTACACCGGTG,0,4058749
xylFp,0.05555555555555555,17,17,GGTGGGCAAACTTCTATCCG,0,4060608
xylFp,0.05555555555555555,17,17,GCATAACACCTCTAATTACC,0,4060097
xylFp,0.05555555555555555,17,17,CTTGACGATTGCTGGACAAT,0,4067287
xylFp,0.05555555555555555,17,17,CTGACTACGTACGAACATGC,0,4055677
xylFp,0.05555555555555555,17,17,CGTGTCACTGCGATCCAAGA,0,4056639
xylFp,0.05555555555555555,17,17,CGGCTGTATTTTTTACTGAC,0,4056656
xylFp,0.05555555555555555,17,17,CGCGGCCAACAATTCCTCGG,0,4069599
xylFp,0.05555555555555555,17,17,CCTACTGCGGTATGCGTCTG,0,4077257
xylFp,0.05555555555555555,17,17,CCTAAAGGAAGTGTTGGTTG,0,4070847
xylFp,0.05555555555555555,17,17,CCCGAATGCGTGGAACTTTA,0,4074766
xylFp,0.05555555555555555,17,17,CACTCTTGCTTGGAACTCAT,0,4074730
xylFp,0.05555555555555555,17,17,CAAGCCGAACTGGACTGCGA,0,4059375
xylFp,0.05555555555555555,17,17,CAAAGTTGAGGGCTCTCGTA,0,4068092
xylFp,0.05555555555555555,17,17,ATGCTGAATATCCTGCGCCT,0,4055944
xylFp,0.05555555555555555,17,17,ATCATACCGCCATGTGTGGG,0,4067113
xylFp,0.05555555555555555,17,17,AGTTGCAGGAGACACAGCGT,0,4077860
xylFp,0.05555555555555555,17,17,AGCTACCCCACACATAAATG,0,4063674
xylFp,0.05555555555555555,17,17,AATGTTAAGGGACCAACGAT,0,4065740
xylFp,0.058823529411764705,16,16,TTGAATGATCGGGTTGCTCA,0,4061247
xylFp,0.058823529411764705,16,16,TTAGGTCATTTAATCTTATA,0,4055789
xylFp,0.058823529411764705,16,16,TGTGGGTTGAATTTCGATTA,0,4059281
xylFp,0.058823529411764705,16,16,TGGATGCGCGTTTGTTGCTA,0,4074086
xylFp,0.058823529411764705,16,16,TGAAGCGAAATCAGGTGGCG,0,4065667
xylFp,0.058823529411764705,16,16,TCGGAGGTCCCTGAATTAAA,0,4066351
xylFp,0.058823529411764705,16,16,TCCTGATTAAATGCTCGTTG,0,4062424
xylFp,0.058823529411764705,16,16,GACCGTTTAGTCAGACCATG,0,4065857
xylFp,0.058823529411764705,16,16,CTGATACATGCGTGCGGTCA,0,4064112
xylFp,0.058823529411764705,16,16,CTCCCGGCTTCGTCAGTGTA,0,4072802
xylFp,0.058823529411764705,16,16,CGTGGAGTCTCGTCGCGGAG,0,4058211
xylFp,0.058823529411764705,16,16,CGTGGAGGCTATTCGTACTA,0,4069717
xylFp,0.058823529411764705,16,16,CGCAATAGGTTAAATTGCAG,0,4067531
xylFp,0.058823529411764705,16,16,CGAATCCTGACCCGAGCTTG,0,4064081
xylFp,0.058823529411764705,16,16,ATTGTACATCCCCTATGATC,0,4068419
xylFp,0.058823529411764705,16,16,AGGTTGCAAGGCCGAAAGAT,0,4077858
xylFp,0.058823529411764705,16,16,AGCTCTCCGGAGGGATCTTG,0,4058038
xylFp,0.058823529411764705,16,16,AGATTAGCGTAGCGGTGACT,0,4065070
xylFp,0.058823529411764705,16,16,ACGTGAGTCTTGTCGTTCCT,0,4074309
xylFp,0.058823529411764705,16,16,AAGCTCCCCGAAAACGATAA,0,4056923
xylFp,0.0625,15,15,TTGACCAACTTCAGTGTTCC,0,4073766
xylFp,0.0625,15,15,TGGAAGCGTGAAGAGACTTG,0,4073389
xylFp,0.0625,15,15,TGAAAGCGCTTTGTGCATAG,0,4071270
xylFp,0.0625,15,15,TCAGCAGCCTGTACCCTCTG,0,4075794
xylFp,0.0625,15,15,TATGATCTTCATAGGAAGGG,0,4057907
xylFp,0.0625,15,15,TACAAAAGTTCGCTATACTT,0,4077635
xylFp,0.0625,15,15,GTTTTAAACTGCAGGGAGTT,0,4069377
xylFp,0.0625,15,15,GTCCGTGCAGGTATGGACCC,0,4062204
xylFp,0.0625,15,15,GGGAATTCAATGCTATAAAT,0,4058818
xylFp,0.0625,15,15,GGCGTCACGGGTAAGTTGAT,0,4066238
xylFp,0.0625,15,15,GCGTGCCTTTCCCACTTGCG,0,4073595
xylFp,0.0625,15,15,GAGCTTGCTTCTTTCGCTGT,0,4063567
xylFp,0.0625,15,15,GAGAGGTGCTTCTCTCTATA,0,4066509
xylFp,0.0625,15,15,CGCTCGGGGTGGATACGGGA,0,4065097
xylFp,0.0625,15,15,CCTGTCTCAGCATTGTGGTG,0,4057441
xylFp,0.0625,15,15,CCGGTCACTAGAGGGTCTGA,0,4071162
xylFp,0.0625,15,15,CAGAACTTTACTAGACAGCC,0,4056824
xylFp,0.0625,15,15,CAAGCAAAAGTAAACACGAC,0,4064683
xylFp,0.0625,15,15,CAAGAACTTTGGTTCTGGCT,0,4067598
xylFp,0.0625,15,15,ATACCGTACGCCACTGTAGA,0,4056713
xylFp,0.0625,15,15,AGTCGCGGAACGTCCAGTCA,0,4060453
xylFp,0.0625,15,15,AGGTTCAAGGAACTGGTGAT,0,4065957
xylFp,0.0625,15,15,AGCACGTAGGCATTATTCCT,0,4060542
xylFp,0.0625,15,15,AGATAATTTGAATTAGCTGC,0,4059299
xylFp,0.0625,15,15,ACGCGGTGGTCGTTATGCTT,0,4059074
xylFp,0.0625,15,15,ACCCGGGCCTGGCCTGCAGA,0,4060151
xylFp,0.0625,15,15,ACCCCACTTGCTGCAAAAGT,0,4070634
xylFp,0.0625,15,15,AATGAAGCGAGTCTTAACGA,0,4058151
xylFp,0.0625,15,15,AATCGGCCTAAAAACCTTAG,0,4066724
xylFp,0.0625,15,15,AAGAAAGCAGCAGACACGTT,0,4060586
xylFp,0.06666666666666667,14,14,TTTCGCGCCTTGGTGGAGGT,0,4064242
xylFp,0.06666666666666667,14,14,TTGTTGCTCCGCGTGAGCGA,0,4057253
xylFp,0.06666666666666667,14,14,TTAGCTGGGAATTTACCAGC,0,4056617
xylFp,0.06666666666666667,14,14,TGTTGACGGGCGTCGTATAT,0,4065154
xylFp,0.06666666666666667,14,14,TGGGTACGGCCGCATGCCTC,0,4073337
xylFp,0.06666666666666667,14,14,TGGACATGTTGTCACAGTGA,0,4056685
xylFp,0.06666666666666667,14,14,TGGAAAGGCGTATGCAGAAC,0,4055549
xylFp,0.06666666666666667,14,14,TCGCGTCATGCGCTGAGATG,0,4061309
xylFp,0.06666666666666667,14,14,TCGCCTTAAAGTTATACACC,0,4064119
xylFp,0.06666666666666667,14,14,TCCGGTGGGGGTGGAGGTGA,0,4068849
xylFp,0.06666666666666667,14,14,GTTGTCTAGTCTAGATGCAG,0,4060738
xylFp,0.06666666666666667,14,14,GTATGCCCTGATTAAGGCCA,0,4060685
xylFp,0.06666666666666667,14,14,GGTGGGCAGTGTGGCAACTG,0,4065805
xylFp,0.06666666666666667,14,14,GGTCCTTCGGTAGTCCTGAA,0,4062533
xylFp,0.06666666666666667,14,14,GGGGTCTGATTTCTCGGTGT,0,4064673
xylFp,0.06666666666666667,14,14,GGCACTAGTGTTTAAGGTGA,0,4063164
xylFp,0.06666666666666667,14,14,GCTATCCTGCCGGTATAAGA,0,4059334
xylFp,0.06666666666666667,14,14,GCGGGCGCCCCCGAGCTTAC,0,4070516
xylFp,0.06666666666666667,14,14,GATATCCACTAGGTTGTGCA,0,4055766
xylFp,0.06666666666666667,14,14,GAGTACAGCGCTCGGCCAAA,0,4072690
xylFp,0.06666666666666667,14,14,GAAATCTGATCACTGGGTTT,0,4057300
xylFp,0.06666666666666667,14,14,CTGGGCGCATGGCGGGCGTG,0,4076918
xylFp,0.06666666666666667,14,14,CGTTACAATATCATGATTTG,0,4062337
xylFp,0.06666666666666667,14,14,CGGATTTTTAGCGGTGTCCA,0,4060168
xylFp,0.06666666666666667,14,14,CATGCCTACTATTTTGTGCT,0,4057387
xylFp,0.06666666666666667,14,14,CATCTCTCCTATGCGCTCTA,0,4077091
xylFp,0.06666666666666667,14,14,CACCTTTTCCTAATTTCCCA,0,4055408
xylFp,0.06666666666666667,14,14,CAAGACCTTGTATTGCGGCA,0,4058680
xylFp,0.06666666666666667,14,14,ATTGGACTCGTTCGTTCTGT,0,4065896
xylFp,0.06666666666666667,14,14,ATGCATGCTTAAGAACCTGA,0,4056267
xylFp,0.06666666666666667,14,14,ATACCGAGTGGCATCGTACA,0,4056802
xylFp,0.06666666666666667,14,14,ATAAGTGTTCGTGCATGGAA,0,4074618
xylFp,0.06666666666666667,14,14,AGGCGGATCCCTAACGGCCT,0,4056749
xylFp,0.06666666666666667,14,14,AGACAGGCGTACGGGGCTAG,0,4074790
xylFp,0.06666666666666667,14,14,AGAAGTGCCCAAAGCGTACA,0,4071187
xylFp,0.06666666666666667,14,14,ACTCGTCTTTGAAACACAGG,0,4068373
xylFp,0.06666666666666667,14,14,ACGGGAGCTACCACAGATCG,0,4059546
xylFp,0.06666666666666667,14,14,ACCTGTTAATGGCATCCCTG,0,4068381
xylFp,0.06666666666666667,14,14,AATAGGGAAGGCGCGGCGCG,0,4061565
xylFp,0.06666666666666667,14,14,AACGGTGAAAATATCGGTGG,0,4060760
xylFp,0.07142857142857142,13,13,TTGAGACGGAGAAGCTCAGG,0,4071728
xylFp,0.07142857142857142,13,13,TTCTCGAAGGTTTTAATTTT,0,4058486
xylFp,0.07142857142857142,13,13,TGAGCATAGTTCAGGCTAGT,0,4056324
xylFp,0.07142857142857142,13,13,TGAAACCCCTGAGAGGAAAA,0,4066627
xylFp,0.07142857142857142,13,13,TCTGATTCTGCTTATTCCAA,0,4061562
xylFp,0.07142857142857142,13,13,TCTCAGCATGAGACGTGATA,0,4072785
xylFp,0.07142857142857142,13,13,TCGCGGGTATTTCGCGAAGG,0,4069982
xylFp,0.07142857142857142,13,13,TCATCGGAGAGGCGCCAAGA,0,4061698
xylFp,0.07142857142857142,13,13,TCAGTTTGAGCAGTCGTGAA,0,4078030
xylFp,0.07142857142857142,13,13,TCAGTCTGTTTTGAACCAAT,0,4063672
xylFp,0.07142857142857142,13,13,TATATAGAGGTTTTGACTAA,0,4065564
xylFp,0.07142857142857142,13,13,TAGCTAACATGCTCGGTCGC,0,4065536
xylFp,0.07142857142857142,13,13,TACGGGTGTGCTCTTTGGAC,0,4056794
xylFp,0.07142857142857142,13,13,TAAGGCGTGTTGAATACAAT,0,4077686
xylFp,0.07142857142857142,13,13,GTTTAAGGTCCAGGAATGCA,0,4071182
xylFp,0.07142857142857142,13,13,GTTTAAGCTATTTCAAAATA,0,4074713
xylFp,0.07142857142857142,13,13,GTTCAGTGGAGTTCAATGCG,0,4055893
xylFp,0.07142857142857142,13,13,GGTATTATCGGGGTATTTCA,0,4072693
xylFp,0.07142857142857142,13,13,GGAGACAGGCCAACGCGTCC,0,4066504
xylFp,0.07142857142857142,13,13,GGAAACGGGAATCCCAGCCA,0,4069597
xylFp,0.07142857142857142,13,13,GCTGGGATAGTAGGTCAGGC,0,4066979
xylFp,0.07142857142857142,13,13,GCACGGAGTCAGTATCTTCT,0,4062892
xylFp,0.07142857142857142,13,13,GATAATTAAAGCTTTGCAGC,0,4069842
xylFp,0.07142857142857142,13,13,GAGTAATAAGAATTTTTGCT,0,4060858
xylFp,0.07142857142857142,13,13,GACTTGACTGTTAACGTAAT,0,4067183
xylFp,0.07142857142857142,13,13,GACTGACCCGTTAGGGATTT,0,4070052
xylFp,0.07142857142857142,13,13,GACCTGCGGGCGATGGCAGT,0,4062513
xylFp,0.07142857142857142,13,13,GAAAACACATGTCCCATAAA,0,4068218
xylFp,0.07142857142857142,13,13,CTTTCCGATGTAGGCGTGGG,0,4064051
xylFp,0.07142857142857142,13,13,CTGCGCGCTCGGACTTTTCT,0,4065568
xylFp,0.07142857142857142,13,13,CTAAATCCTCACCTTGGGCA,0,4060471
xylFp,0.07142857142857142,13,13,CGTAAGCGCACGTAGTGGGT,0,4063060
xylFp,0.07142857142857142,13,13,CGGGAAATTCCGGTAAGAGG,0,4059191
xylFp,0.07142857142857142,13,13,CGGACAACGTGACTACTAGG,0,4057761
xylFp,0.07142857142857142,13,13,CGCCGCGTCTTCCATACTGG,0,4060702
xylFp,0.07142857142857142,13,13,CGAATCATTACCCAAAAAAG,0,4075502
xylFp,0.07142857142857142,13,13,CAACCTTAAGTCGCACGGAT,0,4066217
xylFp,0.07142857142857142,13,13,CAACATTCCGACCTATGGGG,0,4072232
xylFp,0.07142857142857142,13,13,CAACACCGTCCTCGGGTATT,0,4073065
xylFp,0.07142857142857142,13,13,CAAACATCTCGTAAAGAGCG,0,4067874
xylFp,0.07142857142857142,13,13,ATGTTTTCTGTTTTGGTCCC,0,4057035
xylFp,0.07142857142857142,13,13,ATCTCGTCCGGTGTACGGTT,0,4058053
xylFp,0.07142857142857142,13,13,ATCATACGGATATAACGCAT,0,4055446
xylFp,0.07142857142857142,13,13,ATAGCGGTAGCATTCGCAGG,0,4054992
xylFp,0.07142857142857142,13,13,ATAAAATGCGGTTGGGGTCT,0,4078264
xylFp,0.07142857142857142,13,13,AGGTAACGAGGATCTTAGCG,0,4057975
xylFp,0.07142857142857142,13,13,AGCTTGTAATACCGATTTGT,0,4075117
xylFp,0.07142857142857142,13,13,AGCTCTGTACTTGGAAAAGA,0,4056825
xylFp,0.07142857142857142,13,13,AGCAGGCAGGAAGTAGAAGT,0,4068516
xylFp,0.07142857142857142,13,13,ACGTACATATTTAATGACTT,0,4069418
xylFp,0.07142857142857142,13,13,ACGCATGTCGGGATAACAGG,0,4061889
xylFp,0.07142857142857142,13,13,ACCAAAAATCCTGTCTTTGA,0,4073411
xylFp,0.07142857142857142,13,13,ACAAAACATTACTGTAGTCA,0,4067609
xylFp,0.07142857142857142,13,13,AATAAACACCCCAAGGTCCC,0,4063424
xylFp,0.07142857142857142,13,13,AAGGGTTAGTACCGGTACAA,0,4060598
xylFp,0.07142857142857142,13,13,AAAGTGACATGGTTGATGTT,0,4072182
xylFp,0.07692307692307693,12,12,TTTCGTGTCATGGGGTGTCC,0,4065464
xylFp,0.07692307692307693,12,12,TTTCGATCTGTGGGATCTAC,0,4070689
xylFp,0.07692307692307693,12,12,TTAAATGGCCGGTTACTACT,0,4068143
xylFp,0.07692307692307693,12,12,TGTGTTAGAGGATGTTTCTA,0,4072430
xylFp,0.07692307692307693,12,12,TGGTGCCGCGGTATACAATA,0,4057997
xylFp,0.07692307692307693,12,12,TGGAATAGGGGTACTCAGGT,0,4074527
xylFp,0.07692307692307693,12,12,TCTAAGCTGTGCCTGGTGAC,0,4057703
xylFp,0.07692307692307693,12,12,TCCGTGTGGGTGATTAGAAG,0,4076026
xylFp,0.07692307692307693,12,12,TCAGTCGTTACAGAACGGAA,0,4064873
xylFp,0.07692307692307693,12,12,TACAATCTGAGCCGCGAATG,0,4075221
xylFp,0.07692307692307693,12,12,GTTTAGGTATGTTGGGATCA,0,4069860
xylFp,0.07692307692307693,12,12,GTTCGTTCACTGGGCGGTTG,0,4061586
xylFp,0.07692307692307693,12,12,GTGATGTAGTGCTAGCAGCA,0,4066241
xylFp,0.07692307692307693,12,12,GTACCCGTCTGAGAATGCAT,0,4062542
xylFp,0.07692307692307693,12,12,GGTAGCCAAGTCAAGGTGTA,0,4065552
xylFp,0.07692307692307693,12,12,GGGTCGATAAGCGGTTTCCA,0,4075261
xylFp,0.07692307692307693,12,12,GGGCAAACTATGGGTGGCCA,0,4057585
xylFp,0.07692307692307693,12,12,GGAGGCGGTGTTTTTAAACC,0,4072651
xylFp,0.07692307692307693,12,12,GCGCTGTTTGAAAGCGCTCG,0,4071486
xylFp,0.07692307692307693,12,12,GCGCGCTTAAGCCCGACCAC,0,4062001
xylFp,0.07692307692307693,12,12,GCAGCACATGATGCTCCAGA,0,4073461
xylFp,0.07692307692307693,12,12,GAGAACGGCCGAACGAACCG,0,4061581
xylFp,0.07692307692307693,12,12,GACACATATCCCAAGATCTA,0,4070134
xylFp,0.07692307692307693,12,12,GAATGCTAGATTCATCCTCG,0,4065495
xylFp,0.07692307692307693,12,12,GAAGATTAGCTATGATTATC,0,4075947
xylFp,0.07692307692307693,12,12,CTTTTAGCGGTCCATGGCCA,0,4062497
xylFp,0.07692307692307693,12,12,CTGCTTGTACCAAAGCGGCA,0,4076243
xylFp,0.07692307692307693,12,12,CTGACGTTTGTCGCATTAGT,0,4056862
xylFp,0.07692307692307693,12,12,CTCGGCGGCGTCTCTGGCGC,0,4059006
xylFp,0.07692307692307693,12,12,CTCGCCGCCTACAATTCGAA,0,4073246
xylFp,0.07692307692307693,12,12,CTACACGCGGTGACAATCAT,0,4072136
xylFp,0.07692307692307693,12,12,CGCTCTCTCCCAATGTTGGA,0,4068096
xylFp,0.07692307692307693,12,12,CGCAGTAGTACGCTTCCAAG,0,4058816
xylFp,0.07692307692307693,12,12,CCTTGCGAGTTTAGTGGACA,0,4072288
xylFp,0.07692307692307693,12,12,CCATGATGAATGACAACCGT,0,4056796
xylFp,0.07692307692307693,12,12,CCAGGATCCTAAGTCCCGCT,0,4076525
xylFp,0.07692307692307693,12,12,CATCTCCAGGGTCGGAATCA,0,4067929
xylFp,0.07692307692307693,12,12,CAGGCCCGCCCGATACGCTT,0,4063121
xylFp,0.07692307692307693,12,12,CAGCTCCGTCTATAAAGGCG,0,4055678
xylFp,0.07692307692307693,12,12,CAGAGGTAATGCCTAAAGAA,0,4073163
xylFp,0.07692307692307693,12,12,CACCCGTTTTAAGACTCAGC,0,4059506
xylFp,0.07692307692307693,12,12,CACAGGGCTAGATGATACTT,0,4066839
xylFp,0.07692307692307693,12,12,CAATTAATCTTTATTATCTT,0,4076598
xylFp,0.07692307692307693,12,12,CAACTTCGCATAAACCTCAT,0,4059586
xylFp,0.07692307692307693,12,12,CAACTAGGCATAGGCGAAGA,0,4055265
xylFp,0.07692307692307693,12,12,ATGACGCGTTGGGCGACACA,0,4062757
xylFp,0.07692307692307693,12,12,ATGACCGCGGTCGATAGTAC,0,4058685
xylFp,0.07692307692307693,12,12,ATCATCGAGGTATAAAATTA,0,4064028
xylFp,0.07692307692307693,12,12,AGTTGACGCTCCGTCCACTA,0,4071544
xylFp,0.07692307692307693,12,12,AGGTACAACAGGGAACGAAA,0,4055455
xylFp,0.07692307692307693,12,12,AGCCCTTCTGGCCGACCGTG,0,4056411
xylFp,0.07692307692307693,12,12,AGCCAGCTCGATCTTCGTAG,0,4062082
xylFp,0.07692307692307693,12,12,AGACATTATATCGCGTCCAT,0,4057251
xylFp,0.07692307692307693,12,12,ACTTCCTCAGCCACCAGGAT,0,4060096
xylFp,0.07692307692307693,12,12,ACGGTTAGAGATGGTGTTCG,0,4056260
xylFp,0.07692307692307693,12,12,ACGATCTCACACTTGGTATA,0,4060740
xylFp,0.07692307692307693,12,12,AATGGCGCTCCGTCGTGCTA,0,4055301
xylFp,0.07692307692307693,12,12,AATCACGGTCCCTTCTCCTA,0,4069086
xylFp,0.07692307692307693,12,12,AAGTTGATGTATGGCCGATT,0,4068893
xylFp,0.07692307692307693,12,12,AAGGGCACATGCACAGGCTC,0,4068021
xylFp,0.07692307692307693,12,12,AAGGAGTTGATCGGAAGCAG,0,4065911
xylFp,0.07692307692307693,12,12,AAGGAATAAGACTACAGCAT,0,4055072
xylFp,0.07692307692307693,12,12,AACGGTGGCGTACGTTGAGA,0,4072399
xylFp,0.08333333333333333,11,11,TTTTTTAGCTAACAACGACT,0,4057606
xylFp,0.08333333333333333,11,11,TGTGGGTCAAGGTGCCGTTT,0,4075030
xylFp,0.08333333333333333,11,11,TGTGATCCCCTCAGGGAGAT,0,4066602
xylFp,0.08333333333333333,11,11,TGTCTGAACTCAGGCGGGCT,0,4061520
xylFp,0.08333333333333333,11,11,TGTCAACGGCCTTTGAAACA,0,4062208
xylFp,0.08333333333333333,11,11,TGTCAACACGGATATATGCA,0,4059023
xylFp,0.08333333333333333,11,11,TGTATATTGCTCCCTCGCTC,0,4058807
xylFp,0.08333333333333333,11,11,TGGCTAAAGCCGACGCGATT,0,4067197
xylFp,0.08333333333333333,11,11,TCTGTGTGGAAACTAATGAC,0,4055628
xylFp,0.08333333333333333,11,11,TCGGGTTCTCGTAGTGCGAT,0,4058544
xylFp,0.08333333333333333,11,11,TCCATCATAGCAGACCATCA,0,4060202
xylFp,0.08333333333333333,11,11,TCAGGGTCTCAGCACTCCAA,0,4067945
xylFp,0.08333333333333333,11,11,TCAACACGTTACCGAAGGAC,0,4057278
xylFp,0.08333333333333333,11,11,TAAGGGCTGCGTAAAGGATA,0,4063136
xylFp,0.08333333333333333,11,11,TAACCGACTCCGGTGTGCTT,0,4061396
xylFp,0.08333333333333333,11,11,TAAACTCCTGAACTCACTCG,0,4070338
xylFp,0.08333333333333333,11,11,GTTGTCGGCCCCTTGCCAGC,0,4055594
xylFp,0.08333333333333333,11,11,GTGTGGTAGTCCGGGGACTC,0,4062775
xylFp,0.08333333333333333,11,11,GTCTGTCAAATCGGCGCTGT,0,4058555
xylFp,0.08333333333333333,11,11,GTCATGCACCGCCTCCGAGA,0,4058059
xylFp,0.08333333333333333,11,11,GTCAAGACCGGCTCCCTAAT,0,4062275
xylFp,0.08333333333333333,11,11,GTAGGCTCAATAGCAAAGCG,0,4068884
xylFp,0.08333333333333333,11,11,GTACTCCGGGTAAAATGGAG,0,4063231
xylFp,0.08333333333333333,11,11,GGTTGAGCGAACGGGTGCGA,0,4077965
xylFp,0.08333333333333333,11,11,GGGTTTCGTGGGGGCGGGAT,0,4069964
xylFp,0.08333333333333333,11,11,GGCACGTCGCCATAGCGCAG,0,4072806
xylFp,0.08333333333333333,11,11,GGACCACTGGTAACGCGCGT,0,4058899
xylFp,0.08333333333333333,11,11,GGAATTCACTCTAATAAAGG,0,4056662
xylFp,0.08333333333333333,11,11,GCGGCTGCCAAAGTAAGTTG,0,4068308
xylFp,0.08333333333333333,11,11,GCGCCAATTCGGCTTAACTC,0,4055195
xylFp,0.08333333333333333,11,11,GCGCAGGTCTCAGGTAATCC,0,4076306
xylFp,0.08333333333333333,11,11,GCAAGGTAATACCTAAATGA,0,4056859
xylFp,0.08333333333333333,11,11,GAGTGCGTTTTCACCGCTCA,0,4056980
xylFp,0.08333333333333333,11,11,GACAAGCGAACGTATAGCTA,0,4062914
xylFp,0.08333333333333333,11,11,GAACGGATAATGCAGGAGTA,0,4066272
xylFp,0.08333333333333333,11,11,CTTGGAGGGAACACACACGC,0,4061643
xylFp,0.08333333333333333,11,11,CTTGATACTCCGACTCGGTG,0,4076484
xylFp,0.08333333333333333,11,11,CTTCAGGGAGAGCCACATGA,0,4055945
xylFp,0.08333333333333333,11,11,CTGTCTGGGACGTAAGGGTT,0,4073006
xylFp,0.08333333333333333,11,11,CTGGCACGCTAATGACATCG,0,4056519
xylFp,0.08333333333333333,11,11,CTCGTTTTGCGTCAAGGGGT,0,4072121
xylFp,0.08333333333333333,11,11,CTCAGGGCAAATAAAAACGG,0,4060726
xylFp,0.08333333333333333,11,11,CTAGCTCGCTAATGTGGCTG,0,4059198
xylFp,0.08333333333333333,11,11,CTACCCGGACTGGGACACAT,0,4063289
xylFp,0.08333333333333333,11,11,CGCTAAGGATTTAGTGCATG,0,4062873
xylFp,0.08333333333333333,11,11,CGCGTGCAAGAGATGGCCGT,0,4061339
xylFp,0.08333333333333333,11,11,CGCCCGTCGGTATCGGGCCA,0,4072320
xylFp,0.08333333333333333,11,11,CGCCATAGTTCCCGGAAATC,0,4056277
xylFp,0.08333333333333333,11,11,CGAGTCCTGGATCGGCGAAA,0,4058264
xylFp,0.08333333333333333,11,11,CGAGATGTACTTCAGGTAAA,0,4056700
xylFp,0.08333333333333333,11,11,CGAAAAGCAGACACCTGGAT,0,4060950
xylFp,0.08333333333333333,11,11,CCTCATACGACCCAGCATTC,0,4063569
xylFp,0.08333333333333333,11,11,CCGTATTTAGTTCCATAGAT,0,4063139
xylFp,0.08333333333333333,11,11,CCGCACCTTCTGTTAGCAGG,0,4067027
xylFp,0.08333333333333333,11,11,CCCACAACCACCGAGAGATG,0,4071307
xylFp,0.08333333333333333,11,11,CCATTCCTTCACATACACGT,0,4063765
xylFp,0.08333333333333333,11,11,CCACCGCTGGGAATTCACCT,0,4077211
xylFp,0.08333333333333333,11,11,CATCGGAGAAAACCAATAAA,0,4064127
xylFp,0.08333333333333333,11,11,CAGCGCTGAACGTGCTACTT,0,4055319
xylFp,0.08333333333333333,11,11,CAGATCATCCCAAGGCTTAT,0,4065237
xylFp,0.08333333333333333,11,11,CACCGACGCAAGGGAGAGCT,0,4070389
xylFp,0.08333333333333333,11,11,CACAGCTGGACGACGCGACT,0,4066506
xylFp,0.08333333333333333,11,11,CAATCGCAGCATCAACTGGG,0,4077235
xylFp,0.08333333333333333,11,11,ATCGAGTATTCTGACCGCAA,0,4070353
xylFp,0.08333333333333333,11,11,ATATCTCTACGCTAAATTGC,0,4066759
xylFp,0.08333333333333333,11,11,AGTTTCCGTTGTGCGGAGTT,0,4062859
xylFp,0.08333333333333333,11,11,AGGTACCTGCGGTGACGACT,0,4059762
xylFp,0.08333333333333333,11,11,AGGAAAGGTTCAGAAAAAAT,0,4066964
xylFp,0.08333333333333333,11,11,AGCCAGTAGGTTACAAAAGC,0,4066267
xylFp,0.08333333333333333,11,11,AGCAACCGGAGCGAATACAG,0,4071828
xylFp,0.08333333333333333,11,11,AGATGGCTGATTGTGGCTAT,0,4075668
xylFp,0.08333333333333333,11,11,ACTAAGAGGCGTGGTGAATC,0,4067020
xylFp,0.08333333333333333,11,11,ACGGCCCGTAGCCCGAAGAC,0,4077648
xylFp,0.08333333333333333,11,11,ACCAGGGGAGCCTAAAGGAT,0,4055510
xylFp,0.08333333333333333,11,11,ACCAAGTATGTTCCAATCAG,0,4062122
xylFp,0.08333333333333333,11,11,ACATGCATAAGTAGCGTGGG,0,4058474
xylFp,0.08333333333333333,11,11,AATACGTAGACTTCGCAAGT,0,4063978
xylFp,0.08333333333333333,11,11,AAGCAACTCAGATTCCACAT,0,4074339
xylFp,0.08333333333333333,11,11,AACTAGGGCTGAATCACTGC,0,4055208
xylFp,0.08333333333333333,11,11,AACACAGGGGCGTAGTCAAT,0,4060652
xylFp,0.08333333333333333,11,11,AAATCGGACCGCGAGCATGA,0,4068716
xylFp,0.09090909090909091,10,10,TTTATCCTCTGTGAACCTCT,0,4075267
xylFp,0.09090909090909091,10,10,TTATAGGAGAGGTCTTGCCA,0,4070831
xylFp,0.09090909090909091,10,10,TTAGAAGAAACCATTCACTA,0,4074682
xylFp,0.09090909090909091,10,10,TGGATGAATGTTGACGATAG,0,4057134
xylFp,0.09090909090909091,10,10,TGGAATGGCTTCTGGCTCAG,0,4065041
xylFp,0.09090909090909091,10,10,TGCGATCGGCTAAAACTCAT,0,4057280
xylFp,0.09090909090909091,10,10,TCCGGGTATGCCTCGGTGAC,0,4069670
xylFp,0.09090909090909091,10,10,TCACTATAGCGGCCCTTCAT,0,4055800
xylFp,0.09090909090909091,10,10,TATGACCAGTTCCACTGACC,0,4067138
xylFp,0.09090909090909091,10,10,TATCGTGCGGGATCCTCACT,0,4065475
xylFp,0.09090909090909091,10,10,TAGCATATGTTATGTTAACG,0,4068991
xylFp,0.09090909090909091,10,10,TAATTATTATGCTAACTAAT,0,4070698
xylFp,0.09090909090909091,10,10,TAAGGGAACAAATCTGAACA,0,4064579
xylFp,0.09090909090909091,10,10,TAACTGTTGATAAGTCTAGG,0,4065044
xylFp,0.09090909090909091,10,10,GTGCACCCCCAGCAATTCTT,0,4075032
xylFp,0.09090909090909091,10,10,GGTTACACAACTTTATAGAT,0,4060610
xylFp,0.09090909090909091,10,10,GGTGCATCTACCTCCACTGA,0,4069810
xylFp,0.09090909090909091,10,10,GGTATACTTGCACAAGCTAT,0,4055173
xylFp,0.09090909090909091,10,10,GGTAGGGACAAGAGTCTTTC,0,4061004
xylFp,0.09090909090909091,10,10,GGGGACTTCTAGCAAGTCTG,0,4060352
xylFp,0.09090909090909091,10,10,GGGACTGGGTATGCAAACGC,0,4067879
xylFp,0.09090909090909091,10,10,GGCGTTTGCGAGACGTCGTT,0,4065814
xylFp,0.09090909090909091,10,10,GGCCGGCGGCGTCATGCAGC,0,4061167
xylFp,0.09090909090909091,10,10,GGCATTCCGTTGTGGATGCA,0,4073305
xylFp,0.09090909090909091,10,10,GCTCAGGTCGTAGGCCTCCG,0,4056984
xylFp,0.09090909090909091,10,10,GCGAGCATAGCCAACGTACT,0,4068800
xylFp,0.09090909090909091,10,10,GCGACCTGGGCTGATTAGTA,0,4070584
xylFp,0.09090909090909091,10,10,GCATCATGTTAGGGCATGTC,0,4057653
xylFp,0.09090909090909091,10,10,GACTGATTATCGCTTCCCGC,0,4057872
xylFp,0.09090909090909091,10,10,GAATTATACGATAGTCTCAC,0,4067715
xylFp,0.09090909090909091,10,10,GAAAGGCTTATGACATCTTT,0,4063757
xylFp,0.09090909090909091,10,10,CTTGAGTCATCGGTGTAGGA,0,4063035
xylFp,0.09090909090909091,10,10,CTGTCAATGGTTTTTTTCAT,0,4058776
xylFp,0.09090909090909091,10,10,CTGCGTCTCCGACTCTCCAC,0,4064417
xylFp,0.09090909090909091,10,10,CTCGAATATGGGTGTGACCA,0,4075550
xylFp,0.09090909090909091,10,10,CTAACAAATAAGTCCCCGTA,0,4056066
xylFp,0.09090909090909091,10,10,CGGTGCTCGTAATGGTAAAC,0,4059354
xylFp,0.09090909090909091,10,10,CGGGCCTTCCCACGTAGTAT,0,4068917
xylFp,0.09090909090909091,10,10,CGCTCCTCTTCCCCAAGCGA,0,4064806
xylFp,0.09090909090909091,10,10,CGCCCGAGCGGCCCTAAGCC,0,4056884
xylFp,0.09090909090909091,10,10,CGATGTAAGCAACCGTTGTG,0,4054971
xylFp,0.09090909090909091,10,10,CGACGACATGGAATACGTGA,0,4070746
xylFp,0.09090909090909091,10,10,CCTTTCCGGCTAACAGGGAG,0,4055646
xylFp,0.09090909090909091,10,10,CCTTCCGTAGAAAGGAGGTA,0,4066520
xylFp,0.09090909090909091,10,10,CCTTACAGGAGAGGCGTGAG,0,4065711
xylFp,0.09090909090909091,10,10,CCGTGACCCTAGACGTTCGA,0,4058884
xylFp,0.09090909090909091,10,10,CCCGGTCCAACCTGTACGTC,0,4075024
xylFp,0.09090909090909091,10,10,CCCGATGTCTCGTCCAAAAT,0,4069046
xylFp,0.09090909090909091,10,10,CCATTTGACAGCTGTTCGAG,0,4066106
xylFp,0.09090909090909091,10,10,CCATTAGCAGGCAAAGATCA,0,4074542
xylFp,0.09090909090909091,10,10,CATTGTGCGCGTACTTCACA,0,4056809
xylFp,0.09090909090909091,10,10,CAGTGGCACATTGGAGCAAC,0,4063385
xylFp,0.09090909090909091,10,10,CAGTAGTCCAGTTGTACGGT,0,4072343
xylFp,0.09090909090909091,10,10,CAGCTCTCAGCGCGCTATCT,0,4068561
xylFp,0.09090909090909091,10,10,CAGCCAGGCGCCATGGTGGT,0,4057520
xylFp,0.09090909090909091,10,10,CAGACGAGCGTACAATTTCA,0,4064773
xylFp,0.09090909090909091,10,10,CACTAACCGTGCAATTGAGA,0,4069561
xylFp,0.09090909090909091,10,10,CAAGCACTAGCCCCCGCCGA,0,4057175
xylFp,0.09090909090909091,10,10,CAACGCAGTCTACCCAGCTC,0,4055424
xylFp,0.09090909090909091,10,10,ATTTCTCGAATGAGTTCACC,0,4067248
xylFp,0.09090909090909091,10,10,ATTTCACGAAGACAGATCGC,0,4071872
xylFp,0.09090909090909091,10,10,ATTGTGACACGGATGGGACC,0,4064113
xylFp,0.09090909090909091,10,10,ATTCAAGACCAGGACGCGAA,0,4072630
xylFp,0.09090909090909091,10,10,ATGGGATCAACACTTGTTAC,0,4055261
xylFp,0.09090909090909091,10,10,ATGCTCAGAAGCCCCGCTGA,0,4067800
xylFp,0.09090909090909091,10,10,ATGAATACCTTAACGGCATA,0,4077565
xylFp,0.09090909090909091,10,10,ATCTCACGCACGAACTGCTT,0,4077465
xylFp,0.09090909090909091,10,10,ATAGACGCTAGAGCGGCCAG,0,4072316
xylFp,0.09090909090909091,10,10,ATAATTGCGCGTCCTCTTTT,0,4060771
xylFp,0.09090909090909091,10,10,AGTAGCGCTGTCTTCAAAGG,0,4059392
xylFp,0.09090909090909091,10,10,AGGCCGGGCAAGGCTCCTAG,0,4059041
xylFp,0.09090909090909091,10,10,AGGCCGGCGCTAGGGAATAA,0,4057559
xylFp,0.09090909090909091,10,10,ACTGGGCAGAATGAAGGGCG,0,4066034
xylFp,0.09090909090909091,10,10,ACTAGATAAGTCGTAGGTGA,0,4067277
xylFp,0.09090909090909091,10,10,ACGGCAATTCGTTCTCACGG,0,4073133
xylFp,0.09090909090909091,10,10,ACGCCCTGCCACCCAATGAG,0,4058815
xylFp,0.09090909090909091,10,10,ACGACGAGTGATAATAGGCA,0,4055056
xylFp,0.09090909090909091,10,10,ACCTTCGGTACATAGTCAGA,0,4078076
xylFp,0.09090909090909091,10,10,ACCACCGAGCCCCTCCTGCA,0,4074889
xylFp,0.09090909090909091,10,10,ACAGCTACGTGCGCACTCTA,0,4058364
xylFp,0.09090909090909091,10,10,AAGTCATCTCCGCGGGTCAA,0,4060667
xylFp,0.09090909090909091,10,10,AAGCGTAAGTCAAAGCATCT,0,4072911
xylFp,0.09090909090909091,10,10,AACTTAGGCAGCGCAAGTAG,0,4069912
xylFp,0.09090909090909091,10,10,AACAGCGAGCACGTTATCAT,0,4063656
xylFp,0.09090909090909091,10,10,AACAAATAGTCCAGCGAACT,0,4062386
xylFp,0.09090909090909091,10,10,AAATGGCGTTAAGAATAAAC,0,4061264
xylFp,0.09090909090909091,10,10,AAAGGAATGCATTCCCTAAT,0,4062610
xylFp,0.1,9,9,TTGTTTGCTTTGTTTAGTTA,0,4061970
xylFp,0.1,9,9,TTGGGAGTCCTTGGGAAATC,0,4071083
xylFp,0.1,9,9,TTGACAGAGAATACAGGTCC,0,4076098
xylFp,0.1,9,9,TTCTATCATCGCATGTGGGC,0,4057225
xylFp,0.1,9,9,TTCATCAATGGCGAGTTTGA,0,4065235
xylFp,0.1,9,9,TTAGGCTCAGACTCCGAGGC,0,4058437
xylFp,0.1,9,9,TTACCGCTTGTAATGGGTTG,0,4073118
xylFp,0.1,9,9,TGTTACTGCTCAATATAATC,0,4066835
xylFp,0.1,9,9,TGTACGGCGAGGCTCCAACG,0,4060687
xylFp,0.1,9,9,TGGATCCGCACGTGGCGGCT,0,4059561
xylFp,0.1,9,9,TGGATCATCCAGGACCATGA,0,4060152
xylFp,0.1,9,9,TGGAGTTACAGATAGCCACT,0,4073436
xylFp,0.1,9,9,TGAGAGTATTTCCACTCCAC,0,4059377
xylFp,0.1,9,9,TGACGACAAGGCGGACATGG,0,4056996
xylFp,0.1,9,9,TGACACAGGTGCACGAATTC,0,4075857
xylFp,0.1,9,9,TCTGCCGCGATCAGGGGTCC,0,4063665
xylFp,0.1,9,9,TCTCGTTCGTGTAGCTTCAG,0,4074500
xylFp,0.1,9,9,TCTATTGGGAATTGTTGCCT,0,4072561
xylFp,0.1,9,9,TCGTCATCCGTAGGCCGAAA,0,4073535
xylFp,0.1,9,9,TCGCCGGTGGCAGAAGAGAC,0,4057794
xylFp,0.1,9,9,TCGATACATTGACGCATCTT,0,4064048
xylFp,0.1,9,9,TCCGGACCACATGTCATTTA,0,4066623
xylFp,0.1,9,9,TCAGACTGCATGACATATAA,0,4066785
xylFp,0.1,9,9,TCACGGTCGCCTCGAGTTTG,0,4068510
xylFp,0.1,9,9,TATGGATTGCAGAGACTTCA,0,4077362
xylFp,0.1,9,9,TAGGACAGTTGCGCGTACTT,0,4062466
xylFp,0.1,9,9,TAGATCCTGTCTGAAGTTAC,0,4067136
xylFp,0.1,9,9,TAGACTGAGCCCTCGTGCCT,0,4059931
xylFp,0.1,9,9,TACTATCCTCAATAATTTTT,0,4066285
xylFp,0.1,9,9,TACGTGCGTGCAGAGCATAT,0,4055011
xylFp,0.1,9,9,TACCTCTAGTAGTGGTACTA,0,4065766
xylFp,0.1,9,9,TACCGTCTCCTTGATCACAA,0,4078204
xylFp,0.1,9,9,TAATACTAAGAGGTCCTATG,0,4056168
xylFp,0.1,9,9,GTTCAATGATAAGATCTCAT,0,4070958
xylFp,0.1,9,9,GTTACTTTTCTAGAGAGGAA,0,4067722
xylFp,0.1,9,9,GTGCATACACACAGGAGGGT,0,4062827
xylFp,0.1,9,9,GTCAGTACAACTAGGGGCTC,0,4058163
xylFp,0.1,9,9,GTATTGGACGCCCAGACGAA,0,4068202
xylFp,0.1,9,9,GTAATGCAAGGGCGGCGCCT,0,4057576
xylFp,0.1,9,9,GTAAGATTACGTCTGTGGGA,0,4057018
xylFp,0.1,9,9,GGTGTATAGATACCTAAGTT,0,4057915
xylFp,0.1,9,9,GGTATGTACGGATCGCATGC,0,4068417
xylFp,0.1,9,9,GGTACCCAGGGAACTCCCAT,0,4058066
xylFp,0.1,9,9,GGGGTTAGGGACCATCGTAG,0,4066513
xylFp,0.1,9,9,GGGGGACGCTACTGTATAGT,0,4055099
xylFp,0.1,9,9,GGGAGCGTATAAAACTTTCA,0,4063943
xylFp,0.1,9,9,GGCTCTGACCTGTCCGCCAT,0,4065579
xylFp,0.1,9,9,GGAGCCCAGCTCGTCACGTA,0,4076321
xylFp,0.1,9,9,GGAATATGCGCCTTACTCGA,0,4065763
xylFp,0.1,9,9,GCTAGCAAGTCTATTCTGGG,0,4069291
xylFp,0.1,9,9,GCGTGATCTGGGCATCTATT,0,4066522
xylFp,0.1,9,9,GCGTCGTGTAGTGTGGGCAA,0,4057863
xylFp,0.1,9,9,GCGTCCCACGGTTAGTCGCA,0,4055366
xylFp,0.1,9,9,GCGGGGGACTAGGTTAATTG,0,4058785
xylFp,0.1,9,9,GCCGTGACTCTAAGCGCGAG,0,4074544
xylFp,0.1,9,9,GCCCGAGAGTATTCAGAGCT,0,4067980
xylFp,0.1,9,9,GCAGATGCCGTGGCACAGTC,0,4069355
xylFp,0.1,9,9,GCAGAACAAAATGACAGCTA,0,4070919
xylFp,0.1,9,9,GCACCGCACGCACGAAATGG,0,4056018
xylFp,0.1,9,9,GCAATTTAGCCATGAATCTG,0,4073527
xylFp,0.1,9,9,GCAAGGCTTTCAAGCCCGTG,0,4063780
xylFp,0.1,9,9,GATTATGCGGATGAGGGTAT,0,4058900
xylFp,0.1,9,9,GATGCGAACGGTGCATCTAG,0,4066883
xylFp,0.1,9,9,GATCAACAATGCTGGGTACG,0,4055193
xylFp,0.1,9,9,GACGGTCCTAATCTCGCCGG,0,4074823
xylFp,0.1,9,9,GACCCATACCCTCTTTTCGT,0,4060397
xylFp,0.1,9,9,GACCAGAGGTCTGGGACGGT,0,4069371
xylFp,0.1,9,9,GAATGTACAGCGGCGGGCTT,0,4071953
xylFp,0.1,9,9,CTTTCAAAAAGAAAAGAGGT,0,4073451
xylFp,0.1,9,9,CTTGGTCAGTGAACGGCCTA,0,4061373
xylFp,0.1,9,9,CTTCAGGTGGATTAGACACG,0,4060318
xylFp,0.1,9,9,CTGTCGTCTCGCCAATGCGT,0,4076625
xylFp,0.1,9,9,CTGGTGGTTTCATGCGGTAC,0,4059860
xylFp,0.1,9,9,CTCGAGCGCCGTTCATACCA,0,4072553
xylFp,0.1,9,9,CTCCTGGGAGTTTTTGGGGT,0,4077111
xylFp,0.1,9,9,CTCCAAAATGTAAAAAGCGT,0,4072007
xylFp,0.1,9,9,CTATGGGGTACCTCACAAAA,0,4069159
xylFp,0.1,9,9,CTACGGCTCCCCATGGTTAC,0,4058224
xylFp,0.1,9,9,CTAAACGTTAAAGCCAGATC,0,4060452
xylFp,0.1,9,9,CGTTGCCAATACCACCGAAT,0,4069633
xylFp,0.1,9,9,CGGAGATCCCTCAAGTACTT,0,4069408
xylFp,0.1,9,9,CGCGGCTGGAATCCACAAGC,0,4069559
xylFp,0.1,9,9,CGACCATTAAGCCAAACAGC,0,4063238
xylFp,0.1,9,9,CCTCTCGGAATATACCCGGT,0,4055807
xylFp,0.1,9,9,CCTCAGCATTTAACGAGGTG,0,4058394
xylFp,0.1,9,9,CCGTTCCAAGTCTTCTAAGT,0,4063858
xylFp,0.1,9,9,CCGTGACCCACAGCTTATGT,0,4066174
xylFp,0.1,9,9,CCGGCGTAAACCGGCGAAGG,0,4059510
xylFp,0.1,9,9,CCCTCGCTGGGGGAGTAAGA,0,4057016
xylFp,0.1,9,9,CCCCGCAGCCATCCACCAGG,0,4078285
xylFp,0.1,9,9,CAGACCCTAGCGTCCCGTTC,0,4060063
xylFp,0.1,9,9,CACTCTTAGAATCCCTCGCT,0,4061124
xylFp,0.1,9,9,CAAGTGAGAAAGAAGGAAAA,0,4060181
xylFp,0.1,9,9,CAACTAGAGAGGCTCACCTA,0,4057858
xylFp,0.1,9,9,ATGGAGTCCTTGGAGAGGGT,0,4060114
xylFp,0.1,9,9,ATGCAAGCGCGCATCTAAGC,0,4062608
xylFp,0.1,9,9,ATCTGGTTTTAAGACTCCAC,0,4067976
xylFp,0.1,9,9,ATCGAACCACGGGTGCGGTA,0,4066652
xylFp,0.1,9,9,ATCCGATCGAATTATCAGCA,0,4063723
xylFp,0.1,9,9,ATCATTACTCGCTTCGTGGG,0,4062369
xylFp,0.1,9,9,ATAGTATGGCAGGTCACCTT,0,4055891
xylFp,0.1,9,9,ATAGGAACTTCATAACCTTA,0,4055284
xylFp,0.1,9,9,AGTTTCCTGTCTACAACCGG,0,4068324
xylFp,0.1,9,9,AGTTACGTGCAAGGACGCGT,0,4061293
xylFp,0.1,9,9,AGTCCAGAGACTGGGATATC,0,4056435
xylFp,0.1,9,9,AGGTTTCCTATTAGTGGGCA,0,4064562
xylFp,0.1,9,9,AGGTTGTTCGAGCACTGTGC,0,4055760
xylFp,0.1,9,9,AGGACTGATCCTACCCCATA,0,4074134
xylFp,0.1,9,9,AGGACGCGGAGTTTACTCCA,0,4066263
xylFp,0.1,9,9,AGATCACTGTGGCACTTGAC,0,4066021
xylFp,0.1,9,9,ACTTTACGCCCCTAATCTGA,0,4071318
xylFp,0.1,9,9,ACTAATGTCGAACTATTATG,0,4062710
xylFp,0.1,9,9,ACGGCCCTTCTAGAATTCTA,0,4060523
xylFp,0.1,9,9,ACCGTCTCGATAGTCAAGTA,0,4060545
xylFp,0.1,9,9,ACATCCGGGCACGCTATTTA,0,4073736
xylFp,0.1,9,9,ACAGCCGCAGCGCGCTGTCA,0,4069420
xylFp,0.1,9,9,ACAATTTTCAGATCGACGCA,0,4055320
xylFp,0.1,9,9,AATGTCTTGGAAACACTCTG,0,4057468
xylFp,0.1,9,9,AATAACGCCACAGCATAGCA,0,4064374
xylFp,0.1,9,9,AAGGTAGAGCACGCCCGGTG,0,4055567
xylFp,0.1,9,9,AAGCACCTTCGTCCCGTATG,0,4073564
xylFp,0.1,9,9,AACTCAATAATGGAAAGTTT,0,4060670
xylFp,0.1,9,9,AACCGGGCCTTTCGGATTGT,0,4057658
xylFp,0.1,9,9,AACCAAGTTGTGAGTCTTAT,0,4058337
xylFp,0.1,9,9,AAATATGGGGATCCTTTGCG,0,4075340
xylFp,0.1,9,9,AAAGTCACATGGTGGTTGTA,0,4066053
xylFp,0.1,9,9,AAACCGTGATAGGTTTGCTC,0,4065759
xylFp,0.1,9,9,AAACACATCCAGAACTGCCA,0,4059036
xylFp,0.1111111111111111,8,8,TTTCTACAATGGTTAATATT,0,4063494
xylFp,0.1111111111111111,8,8,TTGTACTATTGTTCGTGAGG,0,4072757
xylFp,0.1111111111111111,8,8,TTGGGCTAGTAGCTTGGCAG,0,4061377
xylFp,0.1111111111111111,8,8,TTGGGCCATGCTCCAGTTCA,0,4076044
xylFp,0.1111111111111111,8,8,TTCGGTTAAGACAGTCCTGG,0,4073343
xylFp,0.1111111111111111,8,8,TTCAGAGTGCATTGTCTAGC,0,4056188
xylFp,0.1111111111111111,8,8,TTCACTACGCGTAGCCCAAA,0,4065698
xylFp,0.1111111111111111,8,8,TTACCACGCCGGTGCCGTCA,0,4067579
xylFp,0.1111111111111111,8,8,TTACATAGGCGCGCATACCT,0,4068263
xylFp,0.1111111111111111,8,8,TGTCCCGTAAGTTATAGTTG,0,4065859
xylFp,0.1111111111111111,8,8,TGTAGCTCAAGATACGATCC,0,4069485
xylFp,0.1111111111111111,8,8,TGTAATTTATGGGACATCAT,0,4059039
xylFp,0.1111111111111111,8,8,TGGTACATCTGTAGTCATGC,0,4059848
xylFp,0.1111111111111111,8,8,TGCTCATCTCCATCGACGCA,0,4056471
xylFp,0.1111111111111111,8,8,TGCTCACGCCTTCTTATGCA,0,4075494
xylFp,0.1111111111111111,8,8,TGCTATGAGAATGGGTGGGG,0,4057354
xylFp,0.1111111111111111,8,8,TGCTAACCTGTACCGACGCG,0,4068752
xylFp,0.1111111111111111,8,8,TGCGTGATAATAGATCTTCA,0,4066254
xylFp,0.1111111111111111,8,8,TGCGGAGGCAATTGTTTTGT,0,4060004
xylFp,0.1111111111111111,8,8,TGAGTGGCTTGGGACGGAGG,0,4055300
xylFp,0.1111111111111111,8,8,TGAAGTCACCGAATCACAGA,0,4062745
xylFp,0.1111111111111111,8,8,TGAACTGATTTACGTCAGAG,0,4065449
xylFp,0.1111111111111111,8,8,TGAAATAAGGTTGTCTCGTA,0,4062753
xylFp,0.1111111111111111,8,8,TCTGCGGCCATTTGGAAAGG,0,4072937
xylFp,0.1111111111111111,8,8,TCTATGAAGGCGTCTGATAG,0,4063188
xylFp,0.1111111111111111,8,8,TCGTTTATAGCGGTATTATT,0,4058015
xylFp,0.1111111111111111,8,8,TCGTCTGAGAATCGTATGTT,0,4060146
xylFp,0.1111111111111111,8,8,TCGTCCAGGGCTCATGCGGT,0,4072218
xylFp,0.1111111111111111,8,8,TCGTCAGAAAAAATATTCAT,0,4073209
xylFp,0.1111111111111111,8,8,TCGGTCAACAGTAGTACGAG,0,4062385
xylFp,0.1111111111111111,8,8,TCGAGGCGAACCACTTTCAA,0,4056931
xylFp,0.1111111111111111,8,8,TCCGAGGACTTAAGCCAGGC,0,4056308
xylFp,0.1111111111111111,8,8,TCCAGACCTCGATTTTTAGC,0,4059709
xylFp,0.1111111111111111,8,8,TCATCCCCCAGACAAAGCCA,0,4075056
xylFp,0.1111111111111111,8,8,TCATCATACGCAGCAGCTAG,0,4063957
xylFp,0.1111111111111111,8,8,TCAGAGTTAACGGTTTTAGA,0,4065914
xylFp,0.1111111111111111,8,8,TATCTCTCTGTCTCGTTACA,0,4077477
xylFp,0.1111111111111111,8,8,TATAGTAGCTTGGTGTGGAG,0,4061592
xylFp,0.1111111111111111,8,8,TAGAGCTTCGTAGCCACTAG,0,4064009
xylFp,0.1111111111111111,8,8,TACTCACCTGTGTAGCCTTG,0,4076866
xylFp,0.1111111111111111,8,8,TACGAATTATAACTCCTTTC,0,4068563
xylFp,0.1111111111111111,8,8,TACCATCGGGAGAGTCTACT,0,4071886
xylFp,0.1111111111111111,8,8,TAACACGTCGCTCCAATGCC,0,4068133
xylFp,0.1111111111111111,8,8,TAAACGTCGGCAGTATTCCG,0,4058164
xylFp,0.1111111111111111,8,8,GTTGAGTTTTACATTACGGG,0,4060847
xylFp,0.1111111111111111,8,8,GTTCAGCATTATGGTCGGGG,0,4064995
xylFp,0.1111111111111111,8,8,GTTATCAGGAGGGTAGAAAA,0,4064866
xylFp,0.1111111111111111,8,8,GTGGTGGTATTATTAAAACC,0,4057110
xylFp,0.1111111111111111,8,8,GTCCGAGTCTTGGCGCTTTC,0,4071752
xylFp,0.1111111111111111,8,8,GTATTCCTAAGAATGTCGTG,0,4073919
xylFp,0.1111111111111111,8,8,GTACTGAGTGTCATCAAGTA,0,4057298
xylFp,0.1111111111111111,8,8,GTAATTTTTGATCCCCCACG,0,4063629
xylFp,0.1111111111111111,8,8,GGTCAGCTTTATGAAAGTGT,0,4059122
xylFp,0.1111111111111111,8,8,GGGTGACATGGGGAAGGTGT,0,4067019
xylFp,0.1111111111111111,8,8,GGGTCGGGCTCTCTCCTCGA,0,4057292
xylFp,0.1111111111111111,8,8,GGCTTAAACATCGTGGGACT,0,4075942
xylFp,0.1111111111111111,8,8,GGCGATAGTCGAATGTTTAG,0,4074987
xylFp,0.1111111111111111,8,8,GGCCCGCGCCTTTGAAGGAT,0,4075724
xylFp,0.1111111111111111,8,8,GCTTGCTGGAGGACTAGGAG,0,4062087
xylFp,0.1111111111111111,8,8,GCGCAAGCGTATACGAATTT,0,4069555
xylFp,0.1111111111111111,8,8,GCCAGAGTGCCGACTCGGTT,0,4064735
xylFp,0.1111111111111111,8,8,GCAGTGGACAGCCACCTAGC,0,4073918
xylFp,0.1111111111111111,8,8,GCACTGACCTGACTTATTCT,0,4076006
xylFp,0.1111111111111111,8,8,GATTGTACATTGTGTCGGAA,0,4060089
xylFp,0.1111111111111111,8,8,GATCTAATCCGGTTCCTCTG,0,4071534
xylFp,0.1111111111111111,8,8,GATCGCCCGGTGGTTTACTC,0,4058458
xylFp,0.1111111111111111,8,8,GAGCTCGGGGTGGGGATATG,0,4062927
xylFp,0.1111111111111111,8,8,GAGAGCGACGAGGTTGGCGT,0,4066600
xylFp,0.1111111111111111,8,8,GACTGCTACACTAAAATTGC,0,4057700
xylFp,0.1111111111111111,8,8,GACGCGGGGTTCATCTAGTT,0,4074237
xylFp,0.1111111111111111,8,8,GAAGGCTTTCCTTTAGATGT,0,4059954
xylFp,0.1111111111111111,8,8,GAAGCCCCCGTGCTCCACGA,0,4060939
xylFp,0.1111111111111111,8,8,GAAGACATTTCTACCGCAGT,0,4074815
xylFp,0.1111111111111111,8,8,CTTCCCCCCGACTTGCGTTC,0,4058451
xylFp,0.1111111111111111,8,8,CTTAGTTCAACGGGGTCAAT,0,4067572
xylFp,0.1111111111111111,8,8,CTGTTTTTGTTCACAAATTA,0,4056364
xylFp,0.1111111111111111,8,8,CTGGATTCCCACCTGGGGCA,0,4063949
xylFp,0.1111111111111111,8,8,CTGATCCGTAGCGCACCCCA,0,4060524
xylFp,0.1111111111111111,8,8,CTCTTGAGTGTGGGATTATC,0,4075933
xylFp,0.1111111111111111,8,8,CTCTAATTTGTTAGCGGCCA,0,4058539
xylFp,0.1111111111111111,8,8,CTCGACCCCATCTGGGGATA,0,4073450
xylFp,0.1111111111111111,8,8,CTCAGAGGCTTGCTAATGAG,0,4069874
xylFp,0.1111111111111111,8,8,CGTGTCCATTGCACGTCAAA,0,4070649
xylFp,0.1111111111111111,8,8,CGTGTATCGCGAACAATTAT,0,4067848
xylFp,0.1111111111111111,8,8,CGGTTAGTTTATTTACATTC,0,4070893
xylFp,0.1111111111111111,8,8,CGGTCCGGGCTACAAGAAAG,0,4074207
xylFp,0.1111111111111111,8,8,CGGCAGACTACTGGGCAGAA,0,4067072
xylFp,0.1111111111111111,8,8,CGGAATTTGAACGGTAAGCA,0,4056357
xylFp,0.1111111111111111,8,8,CGCTCGGTCAGCGCCGATGC,0,4058964
xylFp,0.1111111111111111,8,8,CGATCTCTCGCAAAGCCCAA,0,4075843
xylFp,0.1111111111111111,8,8,CGAGGCTGCGGGCGGACGGG,0,4071992
xylFp,0.1111111111111111,8,8,CGAGCTGACTGTCACGGGGT,0,4057931
xylFp,0.1111111111111111,8,8,CGACGCGGGTTAGAGATAGG,0,4070175
xylFp,0.1111111111111111,8,8,CGACACGTGGCAAGGGCAAT,0,4070656
xylFp,0.1111111111111111,8,8,CGAACCAAAGAATAATGTGC,0,4061412
xylFp,0.1111111111111111,8,8,CCTCCACGGACGCACCTGGG,0,4056512
xylFp,0.1111111111111111,8,8,CCTACTCGACGCTAATCGCA,0,4066679
xylFp,0.1111111111111111,8,8,CCGTAATCGGCAGCGGGCCG,0,4070665
xylFp,0.1111111111111111,8,8,CCGAAGGTAGCCCCTCCAAG,0,4062672
xylFp,0.1111111111111111,8,8,CCCGCCTATTCGTGAGATCG,0,4058897
xylFp,0.1111111111111111,8,8,CCCGAAGCCCGTCGTCGCAT,0,4063979
xylFp,0.1111111111111111,8,8,CCATGAAACCGGACCTCCGA,0,4067975
xylFp,0.1111111111111111,8,8,CATGAATAGTCGAAACAGGA,0,4064476
xylFp,0.1111111111111111,8,8,CATCCGAGAGCTGGTCCTAT,0,4066157
xylFp,0.1111111111111111,8,8,CAGGTCGTCGGTTCGCTCTT,0,4067574
xylFp,0.1111111111111111,8,8,CAGGGTGCCTAATGCACTAA,0,4071056
xylFp,0.1111111111111111,8,8,CAGATGGAGATAAATATTAA,0,4057069
xylFp,0.1111111111111111,8,8,CAGAAGTTCGGCCCGAAAAG,0,4064064
xylFp,0.1111111111111111,8,8,CACTGGAGGATACCCGCGCT,0,4061348
xylFp,0.1111111111111111,8,8,CACGGGTCTCAGTCAAGATC,0,4061848
xylFp,0.1111111111111111,8,8,CACCTTCTCCCAGATTAATA,0,4063840
xylFp,0.1111111111111111,8,8,CACCGATCGGTTACTATTCC,0,4066443
xylFp,0.1111111111111111,8,8,CAATTGTGCCCAGTGCTAAT,0,4061688
xylFp,0.1111111111111111,8,8,CAAGCTGGACAGCTGATCGG,0,4056323
xylFp,0.1111111111111111,8,8,CAAGAATAGTCATCTAGTCA,0,4064824
xylFp,0.1111111111111111,8,8,ATTTGGTAACCTCAAACGCT,0,4076049
xylFp,0.1111111111111111,8,8,ATGGTCTGAAACTCGAGCGT,0,4056263
xylFp,0.1111111111111111,8,8,ATGGGGTTGTGCGCGGAATG,0,4074610
xylFp,0.1111111111111111,8,8,ATCGTCGAGGCAACCGCTAG,0,4074276
xylFp,0.1111111111111111,8,8,ATCGCCACATGTCAGTGTCG,0,4073615
xylFp,0.1111111111111111,8,8,ATCCATTTTAACAAATGGCT,0,4074220
xylFp,0.1111111111111111,8,8,ATCAAAAGTGACACGGTGAA,0,4066519
xylFp,0.1111111111111111,8,8,AGTTTCAAATGCCTACACGA,0,4074514
xylFp,0.1111111111111111,8,8,AGTTAGCGGAATCCCGTAAA,0,4075678
xylFp,0.1111111111111111,8,8,AGTGTTCTATAAGGGCCTTG,0,4059084
xylFp,0.1111111111111111,8,8,AGTCAACAACAGAGGCTTCG,0,4061041
xylFp,0.1111111111111111,8,8,AGGTGGACCACGCTTAGAGC,0,4068569
xylFp,0.1111111111111111,8,8,AGGTACGGCGCCATTCCCAA,0,4062597
xylFp,0.1111111111111111,8,8,AGGGTGACGTAGTTACAGTG,0,4065594
xylFp,0.1111111111111111,8,8,AGGACTTAATGCCGGTGGCG,0,4059806
xylFp,0.1111111111111111,8,8,AGGAAGCCACTAGGGGCTAT,0,4059882
xylFp,0.1111111111111111,8,8,AGCACAGGTCCATCGTGGAA,0,4074845
xylFp,0.1111111111111111,8,8,AGAGACACTTGCCTGGACGT,0,4061531
xylFp,0.1111111111111111,8,8,AGAACAAAGGCCGCATGGTA,0,4059110
xylFp,0.1111111111111111,8,8,ACTCACGTTCGAGACGTCAG,0,4071768
xylFp,0.1111111111111111,8,8,ACTATTTCGGCCCTCTGAGT,0,4074209
xylFp,0.1111111111111111,8,8,ACTAACAAGTTTCGGTGCGG,0,4066816
xylFp,0.1111111111111111,8,8,ACGTTTCCCATACTGGACCC,0,4064666
xylFp,0.1111111111111111,8,8,ACGTTTATACATCCATAGGG,0,4060221
xylFp,0.1111111111111111,8,8,ACCTAGTTTGCAGTTGTGTT,0,4074081
xylFp,0.1111111111111111,8,8,ACCGAGTAGCATGGCATGGT,0,4057140
xylFp,0.1111111111111111,8,8,ACCCGAGTGTGTTAGTACAC,0,4068715
xylFp,0.1111111111111111,8,8,ACCATTCTGCTGAAACGGGA,0,4067025
xylFp,0.1111111111111111,8,8,ACATGCGCGGTGGGAATTTC,0,4061946
xylFp,0.1111111111111111,8,8,ACATCAATCCAGGCACCCGA,0,4059441
xylFp,0.1111111111111111,8,8,ACACAGTGAAAACTTCAGAG,0,4060260
xylFp,0.1111111111111111,8,8,ACAAGCGAAACGTCGTTCAG,0,4071003
xylFp,0.1111111111111111,8,8,AATTGAACCCGCCTCTAAGA,0,4060873
xylFp,0.1111111111111111,8,8,AATGGCGTTACAGCAGAGGC,0,4075023
xylFp,0.1111111111111111,8,8,AATATAGTGAGGAATAGCAG,0,4068330
xylFp,0.1111111111111111,8,8,AATAGCACTCCCGTATTGTA,0,4056834
xylFp,0.1111111111111111,8,8,AAGGTGTTTTCCCCAACAAA,0,4064372
xylFp,0.1111111111111111,8,8,AAGGGATCGCGGTGTACTGC,0,4066635
xylFp,0.1111111111111111,8,8,AACGCCCTACGTTCAGACAA,0,4070600
xylFp,0.1111111111111111,8,8,AACGCATATTGCCTATGATC,0,4072437
xylFp,0.1111111111111111,8,8,AACGCAGCTCAGATACTCCG,0,4066176
xylFp,0.1111111111111111,8,8,AACCACAAGCACGTGCGCAG,0,4067963
xylFp,0.1111111111111111,8,8,AAATGTGTCTCACGTTGACA,0,4076320
xylFp,0.1111111111111111,8,8,AAATCTACGTTCATGATAGC,0,4067849
xylFp,0.1111111111111111,8,8,AAACAGTGCCGCTTGGGTCT,0,4060455
xylFp,0.1111111111111111,8,8,AAAAGCCGGTGCGCGTTAGT,0,4077929
xylFp,0.125,7,7,TTTTTATTGGGTTGCAAAGG,0,4066554
xylFp,0.125,7,7,TTTTTATCGGGTAGCGAGGC,0,4060351
xylFp,0.125,7,7,TTTCTTTCCTTTCTGATCTG,0,4067730
xylFp,0.125,7,7,TTTCCAACAAGGCACTAAAG,0,4076922
xylFp,0.125,7,7,TTGTGAGTCCAAACTTACGT,0,4063890
xylFp,0.125,7,7,TTGCGACAATAGGACTGTTG,0,4056826
xylFp,0.125,7,7,TTGCCGTCTTGGCTCGCTGG,0,4056110
xylFp,0.125,7,7,TTCTCCAATCCACCGGCGGA,0,4072231
xylFp,0.125,7,7,TTCCGGTCAGTAAACACAGT,0,4060311
xylFp,0.125,7,7,TTCCGGCCCGGGTGAAGAAA,0,4057634
xylFp,0.125,7,7,TTCAGTAGAAGTGCTTGGCT,0,4070161
xylFp,0.125,7,7,TTCACTTCTTAATTTTACGC,0,4061485
xylFp,0.125,7,7,TTATGTGTGGAATCTGGGTT,0,4057885
xylFp,0.125,7,7,TTATAGCCTTCGGTTAGAAG,0,4068931
xylFp,0.125,7,7,TTAGAGTCCAGATATACGGC,0,4055622
xylFp,0.125,7,7,TTACGGGCAGTGTCTCTTCT,0,4057079
xylFp,0.125,7,7,TGGGGTAGGCGGGCCTGAAG,0,4070997
xylFp,0.125,7,7,TGGCTGAAGCCGCAGGCTAT,0,4064440
xylFp,0.125,7,7,TGGAGCCCATTAAGACTTGC,0,4072967
xylFp,0.125,7,7,TGGAATATGCAGAATCATTA,0,4063700
xylFp,0.125,7,7,TGCTTTCAGGCCATCGGAAA,0,4076140
xylFp,0.125,7,7,TGCGGGAAATCGCGTGGCAT,0,4062143
xylFp,0.125,7,7,TGCAGAAGTTGTAGGACCAT,0,4055023
xylFp,0.125,7,7,TGACTCAGAGGGTGCGCTTC,0,4058872
xylFp,0.125,7,7,TCTGCACATTCACGGGTTTG,0,4070612
xylFp,0.125,7,7,TCTCTGAGATGTCTTCCGAA,0,4058453
xylFp,0.125,7,7,TCTAACGTAGGCTCGTGTAC,0,4056467
xylFp,0.125,7,7,TCGTTTGGGCAATTAAAATG,0,4063581
xylFp,0.125,7,7,TCGTTCACCATGGAACTCCC,0,4070637
xylFp,0.125,7,7,TCGGGGAGCGTCATGTCATA,0,4071756
xylFp,0.125,7,7,TCGGCTTACGTCACGTGCCA,0,4071031
xylFp,0.125,7,7,TCGGCCGTTTCCTGTGCCGT,0,4059029
xylFp,0.125,7,7,TCGGCCACAATGTGTAATGG,0,4057628
xylFp,0.125,7,7,TCGGCAAGCCTCGATTGGGA,0,4057713
xylFp,0.125,7,7,TCCTAATTTCTCTGGTACAA,0,4066806
xylFp,0.125,7,7,TCCGCCCCCGTACACGACTT,0,4058774
xylFp,0.125,7,7,TCCCTAGTAGAGTACCTGGA,0,4059460
xylFp,0.125,7,7,TCCAGGCACGAACCCTCGAT,0,4067604
xylFp,0.125,7,7,TCCACGTTCCGCTGAGATAT,0,4066284
xylFp,0.125,7,7,TCAGCCCCGAACTAAGTCAC,0,4063813
xylFp,0.125,7,7,TCACGAGTGCGAGTTGTTCA,0,4061494
xylFp,0.125,7,7,TCAATTTAAATGCGCAATTT,0,4073205
xylFp,0.125,7,7,TCAATGGTGAAAGGGTAAGG,0,4070447
xylFp,0.125,7,7,TATCGTAGGGTGGAACCAAG,0,4057597
xylFp,0.125,7,7,TATAGTCATGGGATTCTGGG,0,4057691
xylFp,0.125,7,7,TAGCTTTTACTTGGGAATAG,0,4056657
xylFp,0.125,7,7,TAGCGCGTTCGTCCGGACTA,0,4057037
xylFp,0.125,7,7,TAGATTCAGTCTGGCGACCC,0,4068526
xylFp,0.125,7,7,TACTTGCTCGACCGGATGAA,0,4060116
xylFp,0.125,7,7,TACGAACATGCCTCTCATAA,0,4075567
xylFp,0.125,7,7,TACCGGCGAGGCTGGATTCA,0,4071491
xylFp,0.125,7,7,TAATGTGACGCTGTGCTGTA,0,4063903
xylFp,0.125,7,7,TAACCACAGGCTAGCCCTGT,0,4062557
xylFp,0.125,7,7,TAACATCACTGCAGTCACAA,0,4061978
xylFp,0.125,7,7,TAAATCTTACGCGAGATATG,0,4058036
xylFp,0.125,7,7,GTTGCAGACTTGATGCACAG,0,4063688
xylFp,0.125,7,7,GTTCTGGAGATGGAGCCTAC,0,4058463
xylFp,0.125,7,7,GTTATTCAGGACTCTCTTAG,0,4061085
xylFp,0.125,7,7,GTGTTTGGGGGTCCCATTGG,0,4076039
xylFp,0.125,7,7,GTGGGGTCACTCTATGGGCA,0,4076154
xylFp,0.125,7,7,GTCTTATACGCTGTAAATGT,0,4066045
xylFp,0.125,7,7,GTCGGATTCCAACACAGGCG,0,4072633
xylFp,0.125,7,7,GTCGGATACCTAACACGAGT,0,4054942
xylFp,0.125,7,7,GTCATCCTCTGTGCGATTCC,0,4077404
xylFp,0.125,7,7,GTAGGCCGCGAATACTGGAC,0,4066603
xylFp,0.125,7,7,GTACTGAGCCATCCGCGCTC,0,4057657
xylFp,0.125,7,7,GTAACATCTCTCCCTATGCG,0,4067349
xylFp,0.125,7,7,GGTTGACACTTTTGTTGCTA,0,4056881
xylFp,0.125,7,7,GGTGTGTGATATTCTCACAG,0,4072765
xylFp,0.125,7,7,GGTAAGGTCTGGGACACCTC,0,4063579
xylFp,0.125,7,7,GGGTCTCGTGTCATCTGTCA,0,4061177
xylFp,0.125,7,7,GGGAGTGGCTCTTTCTGCGC,0,4061762
xylFp,0.125,7,7,GGCCCGGCCCCCCGTATCAC,0,4069824
xylFp,0.125,7,7,GGAGGCCCTCTTGGCGTAAA,0,4065106
xylFp,0.125,7,7,GGAGCTTTATGGTGTGCGCC,0,4066563
xylFp,0.125,7,7,GCGTCGGCGGTGCGCTGCGG,0,4071833
xylFp,0.125,7,7,GCGGTAGAGGCTTTCTGTCA,0,4067858
xylFp,0.125,7,7,GCGCCGAGATAGACACGCAG,0,4060775
xylFp,0.125,7,7,GCCGGTTGGGTAACTACAAT,0,4064186
xylFp,0.125,7,7,GCAGTCCCCCATGTAGGAAT,0,4056775
xylFp,0.125,7,7,GATTCACTTTGGAGAGTTGC,0,4058948
xylFp,0.125,7,7,GATCCGGTTAAATTCTGTCT,0,4074063
xylFp,0.125,7,7,GATAGTCTGGCCTCACAGAG,0,4064111
xylFp,0.125,7,7,GATACCCTGTGAACCAAGTT,0,4073754
xylFp,0.125,7,7,GAGGCGGTATTCAAATCTTT,0,4060918
xylFp,0.125,7,7,GAGCTCTACGATAGCGCGAC,0,4071094
xylFp,0.125,7,7,GAGCCTGGGGAGATGCATAC,0,4068343
xylFp,0.125,7,7,GAGAGCTTTAGATATAGCTT,0,4064875
xylFp,0.125,7,7,GAGAGCTCGTCGGGTGTCCT,0,4062260
xylFp,0.125,7,7,GACAAGTCAGGAGTGCACAT,0,4074835
xylFp,0.125,7,7,GAATGTTTGGGTCGCAAAGG,0,4073204
xylFp,0.125,7,7,GAAGTGAACACGTCACAATA,0,4066888
xylFp,0.125,7,7,CTTTCTGCCAAGGTAAAAAT,0,4076548
xylFp,0.125,7,7,CTTCGCATGACCATGCGGAG,0,4075136
xylFp,0.125,7,7,CTTAAGGGCAGAGCCCCTAG,0,4065435
xylFp,0.125,7,7,CTGTTTCCGTTTGTGCCTTG,0,4073239
xylFp,0.125,7,7,CTGCCCCTATATTCTAAAGA,0,4063091
xylFp,0.125,7,7,CTGCATTAACGTAACCTAGG,0,4072649
xylFp,0.125,7,7,CTGATTACCGCGGCAAAAAT,0,4077893
xylFp,0.125,7,7,CTGACGAATAGCTTGTACAT,0,4060921
xylFp,0.125,7,7,CTCCGCACGCTAGGCTGTCC,0,4056211
xylFp,0.125,7,7,CTCCCTGGAGGCTACGTCTG,0,4059212
xylFp,0.125,7,7,CTCAGGGAAGTATTCATAGG,0,4067115
xylFp,0.125,7,7,CTCAGCTGGCGCGTGCATTT,0,4062786
xylFp,0.125,7,7,CTCACGAGAATTTCTGAACC,0,4067759
xylFp,0.125,7,7,CTAGCCGCTGGCATGCGGTT,0,4072386
xylFp,0.125,7,7,CTACCCTCCTAGCCGTGCTC,0,4062295
xylFp,0.125,7,7,CTAACGCGCTACTTCTTATA,0,4077745
xylFp,0.125,7,7,CGTTGCCATCTTAAGAGTTA,0,4078182
xylFp,0.125,7,7,CGTCCCTATGGGATGCTTCG,0,4073899
xylFp,0.125,7,7,CGTACTCAGACTCGCAGGTA,0,4063842
xylFp,0.125,7,7,CGTAACTGTCCACCGGGGTG,0,4064079
xylFp,0.125,7,7,CGTAACGCATTTTGCTTATG,0,4055868
xylFp,0.125,7,7,CGGTACATCGGTGCCCCGAA,0,4069297
xylFp,0.125,7,7,CGGGTGTGCACTTCGCTGAG,0,4061774
xylFp,0.125,7,7,CGGGGAGAGAAACTCCACGG,0,4058703
xylFp,0.125,7,7,CGCGGCGTTAGCCCGCGAGT,0,4070527
xylFp,0.125,7,7,CGCCGGTCAATAACCGTTGT,0,4067996
xylFp,0.125,7,7,CGCCCATACATTAATCCCAA,0,4070037
xylFp,0.125,7,7,CGCACACTGTCGAGGGCGCT,0,4055344
xylFp,0.125,7,7,CGCAAACAAGGCTCGGTTAG,0,4055627
xylFp,0.125,7,7,CGATGTTCGTCAATATCTAA,0,4064724
xylFp,0.125,7,7,CGAGTATTCGGCCCCGTACC,0,4062650
xylFp,0.125,7,7,CGACAAAGTTCTTACAAGTT,0,4064116
xylFp,0.125,7,7,CCTTGTTGTGAATCCTGTTA,0,4060325
xylFp,0.125,7,7,CCTGCAGAAATCACGGGATT,0,4066155
xylFp,0.125,7,7,CCTAAGGGTTGCGAGTCAGA,0,4077667
xylFp,0.125,7,7,CCGTAGGGGTGACACGCTTC,0,4061423
xylFp,0.125,7,7,CCGTAGAGATCATCGTATCG,0,4060885
xylFp,0.125,7,7,CCGCTAGCTTCTTTGAGACT,0,4062230
xylFp,0.125,7,7,CCGACGGGTAAACTTTGAAT,0,4061040
xylFp,0.125,7,7,CCCGGAGATCTTAGTTAATA,0,4072102
xylFp,0.125,7,7,CCCATGGCTTTCTATTGCGC,0,4066703
xylFp,0.125,7,7,CCCATAGGGTTGTTATAGTT,0,4066924
xylFp,0.125,7,7,CCCACATTCGAGTGTCCGAG,0,4064413
xylFp,0.125,7,7,CCATCTGTAGCCTGCACACG,0,4060075
xylFp,0.125,7,7,CCAGGCGGGGATCAAAGCGC,0,4074548
xylFp,0.125,7,7,CCACAAGCAGAGCCGAGATC,0,4067986
xylFp,0.125,7,7,CATTTTCTCCAGTTCCTCAC,0,4056737
xylFp,0.125,7,7,CATTGTACCACGACCGCGCT,0,4063893
xylFp,0.125,7,7,CATGCGCCAAAAATGCGTGT,0,4066132
xylFp,0.125,7,7,CATACTGTTCCTATCCATCG,0,4058322
xylFp,0.125,7,7,CATAACATGTGAGACCTCCC,0,4066758
xylFp,0.125,7,7,CAGGTTTTCGAGTCAAGGAC,0,4060473
xylFp,0.125,7,7,CAGATCGCGGCATTTTAAGG,0,4056099
xylFp,0.125,7,7,CAATGAACTCGTGGCCAAAA,0,4077248
xylFp,0.125,7,7,CAAGTGCCAAGGGGTAGTAC,0,4058852
xylFp,0.125,7,7,CAAAGGTGCGCCTAGGTGCT,0,4059866
xylFp,0.125,7,7,ATTCTTCGAGGTTAGAACTC,0,4061193
xylFp,0.125,7,7,ATTAACCCTAGTCGTTGGCT,0,4066006
xylFp,0.125,7,7,ATGTCCCTGGTCCGTTGGAA,0,4066621
xylFp,0.125,7,7,ATGTAACGCTCGAATGTCAG,0,4066838
xylFp,0.125,7,7,ATGGGCGCATGACCTCACCA,0,4072334
xylFp,0.125,7,7,ATGGACCTTTCCGTGGCCAA,0,4077793
xylFp,0.125,7,7,ATCTGGAGTCTACCACCATT,0,4072270
xylFp,0.125,7,7,ATCCTCCGGGTACATGCGTT,0,4063959
xylFp,0.125,7,7,ATCATCGGGACGATAAGCGT,0,4059604
xylFp,0.125,7,7,ATCAACACGATGGGTGACAT,0,4056924
xylFp,0.125,7,7,ATATACTGGTTGAGTAGTTT,0,4072673
xylFp,0.125,7,7,ATAAATGTTCCTAGCTGGCT,0,4072510
xylFp,0.125,7,7,AGTTTATGACACGGGTTAGA,0,4057701
xylFp,0.125,7,7,AGTTACACGAAGATCGTCCA,0,4057611
xylFp,0.125,7,7,AGTCTTCGCGGCACGGGCTT,0,4063023
xylFp,0.125,7,7,AGTCTAATAGGGGCTTCGTA,0,4073941
xylFp,0.125,7,7,AGTCCAGGTCCCTTTTCGTC,0,4075706
xylFp,0.125,7,7,AGTACGATGAACGGTTCGCT,0,4061985
xylFp,0.125,7,7,AGGTTGATAGAATTGAATTA,0,4071500
xylFp,0.125,7,7,AGGTGCGCGAGGCGTAGAAT,0,4074133
xylFp,0.125,7,7,AGGTGCACTTCATGAATTAT,0,4071997
xylFp,0.125,7,7,AGGGGAGGTCAAACGAAACA,0,4075670
xylFp,0.125,7,7,AGGAGACAATTACAATCAGA,0,4055950
xylFp,0.125,7,7,AGGAATGGACTCGGACCCAC,0,4058055
xylFp,0.125,7,7,AGCGTGATCGCCGGAAGGGG,0,4068649
xylFp,0.125,7,7,AGCGCGTGGCTCTCATATAA,0,4070851
xylFp,0.125,7,7,AGCGAACTGTCCAGTGTCTC,0,4071879
xylFp,0.125,7,7,AGCAAAGGGGACTTCTTCGA,0,4061133
xylFp,0.125,7,7,AGATGTGTTGTCGCACATAC,0,4064270
xylFp,0.125,7,7,AGAGGCTGGCTCATGCACCT,0,4061611
xylFp,0.125,7,7,AGACGGTTCAGTAGGTACAT,0,4056389
xylFp,0.125,7,7,ACTGCGTCACAAGCGAGAAC,0,4062930
xylFp,0.125,7,7,ACTCGTGGGACAGCCGCTCT,0,4073767
xylFp,0.125,7,7,ACTATAGTTAGCGGCGAAAT,0,4061243
xylFp,0.125,7,7,ACGTGCACCGGGATTCATGC,0,4055590
xylFp,0.125,7,7,ACCTACACGCCATTCCGCCC,0,4060609
xylFp,0.125,7,7,ACCGAGAGAGCTGAAACTTA,0,4071662
xylFp,0.125,7,7,ACCATATGACTGGGCCGTCC,0,4074420
xylFp,0.125,7,7,ACATGCGGCCGCCCACCATC,0,4076180
xylFp,0.125,7,7,ACATCGAGCACCCACGATCA,0,4076885
xylFp,0.125,7,7,AATTTTTCAATGCTCGGCTA,0,4055059
xylFp,0.125,7,7,AATGCCACTCGGGGGTGACT,0,4066048
xylFp,0.125,7,7,AATCGGTAAGAAGTACGGGC,0,4071454
xylFp,0.125,7,7,AATCAGACGACACACTAGCC,0,4063633
xylFp,0.125,7,7,AATAGATACGGTAATGCCAT,0,4055160
xylFp,0.125,7,7,AAGGTAGACGCGAACATGGT,0,4066169
xylFp,0.125,7,7,AAGCTATTCTCACCCGTAAG,0,4072227
xylFp,0.125,7,7,AAGATCTCCAGCAGCTGGGT,0,4076755
xylFp,0.125,7,7,AACAGCTTAAGCTTCTGCAT,0,4057370
xylFp,0.125,7,7,AAATGGTTCGCTCTGGCTGT,0,4070322
xylFp,0.125,7,7,AAATGCTCGACAGCAGCGCA,0,4075186
xylFp,0.125,7,7,AAAGTTCTGGACCGTCATTT,0,4056929
xylFp,0.125,7,7,AAAATATGCCTCGCATAAAT,0,4059778
xylFp,0.14285714285714285,6,6,TTTTGAATTGCATGTACGGG,0,4060205
xylFp,0.14285714285714285,6,6,TTTAAGGCACATGCTTCAGA,0,4073723
xylFp,0.14285714285714285,6,6,TTGTTTCATTTGCGCCCGCA,0,4058450
xylFp,0.14285714285714285,6,6,TTGGTTCAGCGGGGGAAGCG,0,4071324
xylFp,0.14285714285714285,6,6,TTGGCGTGCTCACGCACCGG,0,4065830
xylFp,0.14285714285714285,6,6,TTGCATAGTCAAGCATCCGG,0,4055971
xylFp,0.14285714285714285,6,6,TTCGGGGTGGGGGGAAAGTT,0,4055349
xylFp,0.14285714285714285,6,6,TTCGGCTCGCATGAATACGG,0,4061579
xylFp,0.14285714285714285,6,6,TTCCTCAGGGGGTACCAGAC,0,4056858
xylFp,0.14285714285714285,6,6,TTCCACTTACGAAGCACACA,0,4059300
xylFp,0.14285714285714285,6,6,TTCAGCGATGAGCTATCAAC,0,4057682
xylFp,0.14285714285714285,6,6,TTCAGAGCTGGGTGCTGATA,0,4056791
xylFp,0.14285714285714285,6,6,TTAGCCAGCGCCTCCTAGAC,0,4077466
xylFp,0.14285714285714285,6,6,TGTTCATCCACACATGATCG,0,4068827
xylFp,0.14285714285714285,6,6,TGTTAGACATTTGGTTTCCT,0,4059710
xylFp,0.14285714285714285,6,6,TGTCCTGAGTCCAGCGTGCC,0,4061829
xylFp,0.14285714285714285,6,6,TGTACCCGTGTGTGGCTCTT,0,4075554
xylFp,0.14285714285714285,6,6,TGGGTGGTTAGCGCGGGGCG,0,4070277
xylFp,0.14285714285714285,6,6,TGGCGATTCTCAATAGGGAT,0,4060565
xylFp,0.14285714285714285,6,6,TGGCAAAACCCTACTCAATC,0,4059466
xylFp,0.14285714285714285,6,6,TGGATGCTACGGGGGTTACT,0,4061072
xylFp,0.14285714285714285,6,6,TGCTGCGATCCTGGGATCGA,0,4059941
xylFp,0.14285714285714285,6,6,TGCTGACTTAAGGATCAAAG,0,4071279
xylFp,0.14285714285714285,6,6,TGCGGGATTTCAATCACCGC,0,4064801
xylFp,0.14285714285714285,6,6,TGAGCCATCGCTTTCCTGCC,0,4062983
xylFp,0.14285714285714285,6,6,TGAGACGGTGTCCCGCTGGA,0,4076083
xylFp,0.14285714285714285,6,6,TGACTGGTTACCCCTCCTAT,0,4068295
xylFp,0.14285714285714285,6,6,TGAACTGACTGGTACTACAA,0,4064678
xylFp,0.14285714285714285,6,6,TCTGGACGCTTTAGGATCCA,0,4064527
xylFp,0.14285714285714285,6,6,TCTAGACGGATACTTACTAT,0,4058319
xylFp,0.14285714285714285,6,6,TCGCTGTCCCGTGGGATACG,0,4071697
xylFp,0.14285714285714285,6,6,TCGCACCGTCAGTATCCCGG,0,4059150
xylFp,0.14285714285714285,6,6,TCGATTCTATCCATTGATCT,0,4062869
xylFp,0.14285714285714285,6,6,TCCTCAAGGTCACCCCGGCA,0,4063670
xylFp,0.14285714285714285,6,6,TCCCTTAGGGAGACCGAACA,0,4058039
xylFp,0.14285714285714285,6,6,TCCCGAACAGTTGGGATGTC,0,4055529
xylFp,0.14285714285714285,6,6,TCCCCCCATGTCCTGAAGCC,0,4059258
xylFp,0.14285714285714285,6,6,TCCAGATTCTCTCGAGCCAA,0,4060454
xylFp,0.14285714285714285,6,6,TCATTGAGATCCATCGCACC,0,4061770
xylFp,0.14285714285714285,6,6,TCAGGGGTATGGTGAATACC,0,4061510
xylFp,0.14285714285714285,6,6,TCAGCGTTCATTTAGTCCCA,0,4071030
xylFp,0.14285714285714285,6,6,TCAGAAACAAATCGCGATGT,0,4077579
xylFp,0.14285714285714285,6,6,TCACTTTCGAGGAATAGTGT,0,4060713
xylFp,0.14285714285714285,6,6,TCACGGCTCGAATCGTGGAG,0,4065802
xylFp,0.14285714285714285,6,6,TCAATGGGTACGAAACAATA,0,4075391
xylFp,0.14285714285714285,6,6,TCAATGAGCAGAATAGTCCT,0,4064758
xylFp,0.14285714285714285,6,6,TATTTGAATTAACATAATAA,0,4062553
xylFp,0.14285714285714285,6,6,TATAGGAGCTCAGCCTTGAC,0,4055348
xylFp,0.14285714285714285,6,6,TATACCTAGCCCCGGTATAG,0,4059452
xylFp,0.14285714285714285,6,6,TATAAGCTTGCTGATGGTGC,0,4055298
xylFp,0.14285714285714285,6,6,TAGGCCCTTTTAGAGGATCG,0,4059917
xylFp,0.14285714285714285,6,6,TAGCGAGACGCACTTGGTCT,0,4075231
xylFp,0.14285714285714285,6,6,TACTTGGGGTCAACAAGTCT,0,4063133
xylFp,0.14285714285714285,6,6,TACTTACCTTCGGCACGAAT,0,4059316
xylFp,0.14285714285714285,6,6,TACGGGTTTATTGACTCGAT,0,4077822
xylFp,0.14285714285714285,6,6,TACAGCCCGAGTACTATGGA,0,4076959
xylFp,0.14285714285714285,6,6,TACACGCATGGCCGATTTTT,0,4075750
xylFp,0.14285714285714285,6,6,TAATGCTGTTTAAGAATCCT,0,4069653
xylFp,0.14285714285714285,6,6,TAATCGGGAAGCCGTAAGTT,0,4074191
xylFp,0.14285714285714285,6,6,TAATAGCTTACCCAGCTCAT,0,4055176
xylFp,0.14285714285714285,6,6,TAACAAGAGGTGGTGACAGT,0,4076858
xylFp,0.14285714285714285,6,6,TAAATCTAGACACGCATCCT,0,4058454
xylFp,0.14285714285714285,6,6,GTTGTCATCCTTTACGATCG,0,4067278
xylFp,0.14285714285714285,6,6,GTTGGTGACGCAGCCACAAC,0,4061302
xylFp,0.14285714285714285,6,6,GTTGCCACAGAGAGGGAGCT,0,4061207
xylFp,0.14285714285714285,6,6,GTTCGGAAGGGTAAACACAG,0,4069686
xylFp,0.14285714285714285,6,6,GTTCATTTCTGCACGAAGAC,0,4062107
xylFp,0.14285714285714285,6,6,GTTCAAATACTTCTCGATGT,0,4075785
xylFp,0.14285714285714285,6,6,GTTAGTTCCCAGTAGTTCTT,0,4074151
xylFp,0.14285714285714285,6,6,GTTACCCCGGGTTTAGCGTT,0,4069591
xylFp,0.14285714285714285,6,6,GTGGCGAAGGAAGGGTGTCT,0,4059193
xylFp,0.14285714285714285,6,6,GTGAGACTGTATCCCCACGA,0,4058868
xylFp,0.14285714285714285,6,6,GTCTCACCCCACTACATAGT,0,4066740
xylFp,0.14285714285714285,6,6,GTCCAAAAGAGAGTACATCA,0,4068502
xylFp,0.14285714285714285,6,6,GTCACTCACCCCCAATCATT,0,4068134
xylFp,0.14285714285714285,6,6,GTATGCACCCCTGATGGATC,0,4076376
xylFp,0.14285714285714285,6,6,GTATACGTACGGGGCTCGAC,0,4062397
xylFp,0.14285714285714285,6,6,GTATACAACGGTCTATTCAA,0,4066197
xylFp,0.14285714285714285,6,6,GTAGCCGCTAACGTTAGGAC,0,4063138
xylFp,0.14285714285714285,6,6,GTAATGAAACGCGGGCTGAG,0,4064956
xylFp,0.14285714285714285,6,6,GTAATCTATGAAAGATGGTT,0,4071045
xylFp,0.14285714285714285,6,6,GGTGCAAGAAGACACCACGG,0,4077210
xylFp,0.14285714285714285,6,6,GGGTCTGTGAGTAAGCAAGG,0,4078234
xylFp,0.14285714285714285,6,6,GGGCGTAAGCAGCCCAGGAA,0,4065165
xylFp,0.14285714285714285,6,6,GGGATAGGGGGGTCCGTCCA,0,4064085
xylFp,0.14285714285714285,6,6,GGCGGATCATTATCTACGTG,0,4055985
xylFp,0.14285714285714285,6,6,GGCCGAAGACTGAAATTCTC,0,4059040
xylFp,0.14285714285714285,6,6,GGCAGACTTCCCCGTTTAGG,0,4059337
xylFp,0.14285714285714285,6,6,GGCACGCGGTCCTATAGGCC,0,4057515
xylFp,0.14285714285714285,6,6,GGCAATCTACCTCACTAATA,0,4055086
xylFp,0.14285714285714285,6,6,GGATTGAATATCGGGATGCG,0,4069796
xylFp,0.14285714285714285,6,6,GGAGTGATCCGTATGGAAAG,0,4075561
xylFp,0.14285714285714285,6,6,GGAATACGGGCTATTTACGC,0,4069665
xylFp,0.14285714285714285,6,6,GCTGGCCGAATCAGACCAAC,0,4058152
xylFp,0.14285714285714285,6,6,GCTGAAGTTCGCGGCTGAAA,0,4070562
xylFp,0.14285714285714285,6,6,GCTCCTCGGGGAAGGCCTAG,0,4074711
xylFp,0.14285714285714285,6,6,GCTATAATCGATAGTTGAGT,0,4062071
xylFp,0.14285714285714285,6,6,GCGGGGCCAGCGCGTGGATC,0,4066330
xylFp,0.14285714285714285,6,6,GCGACGGGGCCTGGTACAGT,0,4077862
xylFp,0.14285714285714285,6,6,GCCTTACCGCGTGGTAGACA,0,4055241
xylFp,0.14285714285714285,6,6,GCCTAGTACAATGCTCGACA,0,4076279
xylFp,0.14285714285714285,6,6,GCCGTACACAGATCCTCGGA,0,4071467
xylFp,0.14285714285714285,6,6,GCCGTAAGATTTACACGTAA,0,4057534
xylFp,0.14285714285714285,6,6,GCCCAGGCTTAATCGTGCAT,0,4076734
xylFp,0.14285714285714285,6,6,GCCAACGTCGTCTGTACGGT,0,4072576
xylFp,0.14285714285714285,6,6,GCACAGTGCATGCTCTTGCT,0,4067744
xylFp,0.14285714285714285,6,6,GCAATCATCTACGGGAATTA,0,4064879
xylFp,0.14285714285714285,6,6,GCAAGCCTGGGGTCACGGCG,0,4058308
xylFp,0.14285714285714285,6,6,GATGTAGGACACCTGCGTCT,0,4076767
xylFp,0.14285714285714285,6,6,GATCGTGGCAAGTGACGACA,0,4075138
xylFp,0.14285714285714285,6,6,GATATGCACACTCCTAACGG,0,4070536
xylFp,0.14285714285714285,6,6,GATATCCGCCGGGTCTGCGC,0,4066808
xylFp,0.14285714285714285,6,6,GATAATTGCATGTCCTCCAG,0,4058940
xylFp,0.14285714285714285,6,6,GATAATTATTCATGGATTCT,0,4057064
xylFp,0.14285714285714285,6,6,GATAATCATCAATCCCTGGA,0,4056410
xylFp,0.14285714285714285,6,6,GAGTTGCTTTTATAGCCAAA,0,4067384
xylFp,0.14285714285714285,6,6,GAGTTCGCTCGAAATCGAGC,0,4076007
xylFp,0.14285714285714285,6,6,GAGTCGGAGCTTCTACGGAC,0,4064251
xylFp,0.14285714285714285,6,6,GAGATCCAAAGTGGCAAAGA,0,4058989
xylFp,0.14285714285714285,6,6,GACTTCGGAGGCTAGTTAAA,0,4056482
xylFp,0.14285714285714285,6,6,GACATGCCCGACGTGGATGC,0,4061905
xylFp,0.14285714285714285,6,6,GACAGTCCATCGATTATATG,0,4067694
xylFp,0.14285714285714285,6,6,GACAGTAGGCTCAACCTGAT,0,4065982
xylFp,0.14285714285714285,6,6,GACACATAAAACAGTCACAC,0,4066629
xylFp,0.14285714285714285,6,6,GACAATGTGCAGTCAGAGAA,0,4077430
xylFp,0.14285714285714285,6,6,GAAGAGGATGTATCGGGTGT,0,4074805
xylFp,0.14285714285714285,6,6,GAACTCACCATAGACCACTT,0,4059814
xylFp,0.14285714285714285,6,6,GAACCCACCAGCACCTAGGC,0,4062045
xylFp,0.14285714285714285,6,6,GAACATAGGTATTCAATATA,0,4061191
xylFp,0.14285714285714285,6,6,CTTGTGGGAAGGCACTGGAC,0,4074960
xylFp,0.14285714285714285,6,6,CTTGCGCCCTAAATATGTTA,0,4062908
xylFp,0.14285714285714285,6,6,CTTCTCCCAGACCGCCCTCT,0,4062602
xylFp,0.14285714285714285,6,6,CTTAAAGCACCGTCGCGAGG,0,4067357
xylFp,0.14285714285714285,6,6,CTGTGAAACTGCATTCAGTG,0,4068560
xylFp,0.14285714285714285,6,6,CTGGGATGGTGGTAGCATTT,0,4065132
xylFp,0.14285714285714285,6,6,CTGATACGGACAAATGCACT,0,4064253
xylFp,0.14285714285714285,6,6,CTGAGTCCTCTTGGAGCCTG,0,4059819
xylFp,0.14285714285714285,6,6,CTCTGACTCTATACTTCTAG,0,4076941
xylFp,0.14285714285714285,6,6,CTCGTGATTCCGTTAGTGGA,0,4065862
xylFp,0.14285714285714285,6,6,CTCGGCCCACACGACCGCCA,0,4077392
xylFp,0.14285714285714285,6,6,CTACCACCTAGGTCTATCAG,0,4072377
xylFp,0.14285714285714285,6,6,CTAAGCATGATCGAGCGAAT,0,4075823
xylFp,0.14285714285714285,6,6,CTAAATGATCAAGAGCAGCT,0,4075773
xylFp,0.14285714285714285,6,6,CGTTTCTAGAGTTGACGCCT,0,4074393
xylFp,0.14285714285714285,6,6,CGTTCGCCCGGCACAGTCGT,0,4059870
xylFp,0.14285714285714285,6,6,CGTGCCTTGAAATTAGAATT,0,4061780
xylFp,0.14285714285714285,6,6,CGTCGGTTCAGGGTTTAATT,0,4077741
xylFp,0.14285714285714285,6,6,CGTCATGGCTGAGGTTAATA,0,4065204
xylFp,0.14285714285714285,6,6,CGTCATACTTCGCTTGAAAG,0,4067047
xylFp,0.14285714285714285,6,6,CGTAGACTATAGGCCTAGCA,0,4067026
xylFp,0.14285714285714285,6,6,CGGTTGAAATGGGCATGGCG,0,4061209
xylFp,0.14285714285714285,6,6,CGGTGAGGAGCTAAATCATG,0,4055377
xylFp,0.14285714285714285,6,6,CGGTAGCAATCATGCGAAGG,0,4063137
xylFp,0.14285714285714285,6,6,CGGGAACTCTTAATGTTCGT,0,4062913
xylFp,0.14285714285714285,6,6,CGGATATGTTTAGTATGACT,0,4064021
xylFp,0.14285714285714285,6,6,CGCTTAGATACAGAAAACAA,0,4073697
xylFp,0.14285714285714285,6,6,CGCCTAAGCTATCCTTAGGT,0,4060448
xylFp,0.14285714285714285,6,6,CGCCAATATCAGATTTGGCA,0,4074234
xylFp,0.14285714285714285,6,6,CGCACCGGTCGTGGGTCCTC,0,4058305
xylFp,0.14285714285714285,6,6,CGATTAAAAGCACTACGACG,0,4072052
xylFp,0.14285714285714285,6,6,CGAGTAGGTCGGAGCCGGCA,0,4059859
xylFp,0.14285714285714285,6,6,CGAGTAGGAACTGCTCTTAG,0,4058490
xylFp,0.14285714285714285,6,6,CGAGGAGTCGGTATACGGCA,0,4055351
xylFp,0.14285714285714285,6,6,CGACGGGCAATAAATCCCCC,0,4056194
xylFp,0.14285714285714285,6,6,CGACCTGAATACCGTATTCA,0,4074116
xylFp,0.14285714285714285,6,6,CGACCAGCCTGGTAACGGTT,0,4058969
xylFp,0.14285714285714285,6,6,CGAATGAATGTCGTGCGCCC,0,4056218
xylFp,0.14285714285714285,6,6,CGAACTGGGTCTCAAGACCC,0,4072458
xylFp,0.14285714285714285,6,6,CCTTTCAAGATGCCGTTTTT,0,4060853
xylFp,0.14285714285714285,6,6,CCTGTTATGGATCCGTGTGA,0,4077746
xylFp,0.14285714285714285,6,6,CCTCACAGCCCGGTTGAACT,0,4066228
xylFp,0.14285714285714285,6,6,CCTCAAATTGAGCGGTTGCC,0,4067484
xylFp,0.14285714285714285,6,6,CCGTAACTAATAGGTCCGAA,0,4064701
xylFp,0.14285714285714285,6,6,CCGGCGACGGCATCCGTATA,0,4058688
xylFp,0.14285714285714285,6,6,CCGGCGACCACCCTTCGATC,0,4075246
xylFp,0.14285714285714285,6,6,CCGCTAGAATAAAGTTGCTC,0,4073882
xylFp,0.14285714285714285,6,6,CCGACCTCGTGACTTATCGA,0,4072209
xylFp,0.14285714285714285,6,6,CCGAATCCTTGCCTTTGATT,0,4069250
xylFp,0.14285714285714285,6,6,CCCTAACTGAATTGCCCTCG,0,4065950
xylFp,0.14285714285714285,6,6,CCCCGGCATGCCAGACCGGA,0,4073734
xylFp,0.14285714285714285,6,6,CCCCGACTCGATTATCAACG,0,4055409
xylFp,0.14285714285714285,6,6,CCCATCCCCGGCAAAAATGC,0,4070171
xylFp,0.14285714285714285,6,6,CCAGGACCAGTGACAGTTCG,0,4062069
xylFp,0.14285714285714285,6,6,CCAGCCGTCAGGGGTATAAG,0,4067852
xylFp,0.14285714285714285,6,6,CCAGAGATAATCACGGGATC,0,4074432
xylFp,0.14285714285714285,6,6,CCACGAACACACCCTGGTAT,0,4069902
xylFp,0.14285714285714285,6,6,CCAAGAATGCGAGTCGCCCG,0,4058347
xylFp,0.14285714285714285,6,6,CATTTGTGGTGCGACGTGCA,0,4066104
xylFp,0.14285714285714285,6,6,CATTGAAGGACGAAAGCGTG,0,4065068
xylFp,0.14285714285714285,6,6,CATTACCTTCGACATAATCA,0,4068223
xylFp,0.14285714285714285,6,6,CATGGCGGAAATGCCCGCGC,0,4075653
xylFp,0.14285714285714285,6,6,CATGGCCGAGCGGAAATGTC,0,4065519
xylFp,0.14285714285714285,6,6,CATCTTTAATCGCTAACTGG,0,4073224
xylFp,0.14285714285714285,6,6,CAGTATGCAGTATGTGCCAC,0,4057006
xylFp,0.14285714285714285,6,6,CAGGACAAAGCTCGCCCAGG,0,4065886
xylFp,0.14285714285714285,6,6,CAGCCGCAACGGAGAAGGTT,0,4072904
xylFp,0.14285714285714285,6,6,CAGAGCTCGTAGCGCGGCCT,0,4074392
xylFp,0.14285714285714285,6,6,CAGACAAGAAATCTAGGCGT,0,4067931
xylFp,0.14285714285714285,6,6,CACTGTGGGGCTAACCCATG,0,4064525
xylFp,0.14285714285714285,6,6,CACGGTCTCACCGTCGTGAA,0,4061415
xylFp,0.14285714285714285,6,6,CACGCACTTTCTTTCTACCT,0,4062040
xylFp,0.14285714285714285,6,6,CACCGCGTCGGGTAGGTGAC,0,4067488
xylFp,0.14285714285714285,6,6,CACAACATTAGGATCTACAC,0,4057527
xylFp,0.14285714285714285,6,6,CAAGGCAGGGCCTTAACCAG,0,4068217
xylFp,0.14285714285714285,6,6,CAACTTATTAGCTGCGGCCA,0,4071227
xylFp,0.14285714285714285,6,6,CAACGTACTCATTACTATTT,0,4063217
xylFp,0.14285714285714285,6,6,CAACAGACACAATCTCGCCA,0,4073594
xylFp,0.14285714285714285,6,6,CAAATAATGCGGAAACATTG,0,4061440
xylFp,0.14285714285714285,6,6,ATTTTAGGGCACGAGGAGAA,0,4067835
xylFp,0.14285714285714285,6,6,ATTTGACGGGTTTCGAATCT,0,4068515
xylFp,0.14285714285714285,6,6,ATTTATAGGAAGTAAGGTTT,0,4075588
xylFp,0.14285714285714285,6,6,ATGGTGCTTTGACAGCGCCG,0,4061070
xylFp,0.14285714285714285,6,6,ATGCATTGCAGCGGGGCGAT,0,4067231
xylFp,0.14285714285714285,6,6,ATGCATAGCCGATCGTTCAT,0,4067273
xylFp,0.14285714285714285,6,6,ATGAGGTATCAAGTTCCGAG,0,4061115
xylFp,0.14285714285714285,6,6,ATGAGAGCGGCGGCAGCAAA,0,4076871
xylFp,0.14285714285714285,6,6,ATCTTGCCACCTCAAGTCCC,0,4055305
xylFp,0.14285714285714285,6,6,ATCGATGACTATGCTCGCAG,0,4064444
xylFp,0.14285714285714285,6,6,ATCGACAAGCACGTCATATT,0,4067933
xylFp,0.14285714285714285,6,6,ATCAGGCATTAGACGTATCG,0,4076721
xylFp,0.14285714285714285,6,6,ATCACTATGAACTGAGCAGT,0,4057492
xylFp,0.14285714285714285,6,6,ATCACCGACCAGACCATCTC,0,4058270
xylFp,0.14285714285714285,6,6,ATCACCCGTGACATTATACC,0,4074634
xylFp,0.14285714285714285,6,6,ATCAATCTCGGATCGCAAAG,0,4056466
xylFp,0.14285714285714285,6,6,ATATTGTGGACCCACGGATC,0,4058971
xylFp,0.14285714285714285,6,6,ATAGGGGTTAGAACTACTCC,0,4074643
xylFp,0.14285714285714285,6,6,ATACGAGGCGCTTAGATACA,0,4068614
xylFp,0.14285714285714285,6,6,ATAATGTGATCACCTCATGC,0,4057179
xylFp,0.14285714285714285,6,6,AGTTGCATTCCTATTACTAC,0,4061731
xylFp,0.14285714285714285,6,6,AGTTGAGGGCGAGATAATAC,0,4061695
xylFp,0.14285714285714285,6,6,AGGTTCGAATTCGAGAGTGA,0,4064663
xylFp,0.14285714285714285,6,6,AGGTGTTCGATCTTTAGGCA,0,4055849
xylFp,0.14285714285714285,6,6,AGGTCTCAATGCTGTTTTAG,0,4056939
xylFp,0.14285714285714285,6,6,AGGTAGCCTGCGAACCTGCA,0,4058639
xylFp,0.14285714285714285,6,6,AGCTCGGTAAGTGCCAGGCT,0,4076383
xylFp,0.14285714285714285,6,6,AGCGGTCCCGGTTTATCGCA,0,4060651
xylFp,0.14285714285714285,6,6,AGCGACAGAGGTCGTGATGA,0,4064023
xylFp,0.14285714285714285,6,6,AGCCTACACCTCCTCATCAG,0,4061779
xylFp,0.14285714285714285,6,6,AGCCGTTGCCCGACGAGTTT,0,4069560
xylFp,0.14285714285714285,6,6,AGCCGTTCCACATCGGTCCA,0,4072512
xylFp,0.14285714285714285,6,6,AGCATTAGCTTAACAAGAGC,0,4067219
xylFp,0.14285714285714285,6,6,AGCATGCTCTGGTTTAATCT,0,4077205
xylFp,0.14285714285714285,6,6,AGCAGTTTTGGTCAATCGCA,0,4058269
xylFp,0.14285714285714285,6,6,AGAGTCCGGTTGTCCTACGT,0,4055844
xylFp,0.14285714285714285,6,6,AGAGATATCGGACTTGTCAC,0,4065652
xylFp,0.14285714285714285,6,6,AGACAACGCAGTCTGCGAGG,0,4059899
xylFp,0.14285714285714285,6,6,AGAACAGCTCGCCCCGGATC,0,4075547
xylFp,0.14285714285714285,6,6,AGAAATGTCTATTTCATACT,0,4069360
xylFp,0.14285714285714285,6,6,ACTTGTAACTACAGTATAAA,0,4063382
xylFp,0.14285714285714285,6,6,ACTTGATCGTACGTGTCCAG,0,4059389
xylFp,0.14285714285714285,6,6,ACTGGGATCACGGGCTGCAT,0,4060117
xylFp,0.14285714285714285,6,6,ACTGGAACCGTGGTACGCTA,0,4074394
xylFp,0.14285714285714285,6,6,ACTCCGGCATGGCATTGCGC,0,4067635
xylFp,0.14285714285714285,6,6,ACTACGCGGTTCGTCATGAA,0,4063467
xylFp,0.14285714285714285,6,6,ACGGCCGCTCTATCGTACAC,0,4066981
xylFp,0.14285714285714285,6,6,ACGCTCTCCGTTTACCACTT,0,4059194
xylFp,0.14285714285714285,6,6,ACGCTAGAAATCTAAAAAGT,0,4066704
xylFp,0.14285714285714285,6,6,ACGCGCATACCGTAGTTGCT,0,4065307
xylFp,0.14285714285714285,6,6,ACGCCATGAGTATTCGGAGC,0,4068423
xylFp,0.14285714285714285,6,6,ACGCACTTCGGGCACAGACA,0,4055596
xylFp,0.14285714285714285,6,6,ACGATGTAGCAGCATGCTCA,0,4066783
xylFp,0.14285714285714285,6,6,ACGATGCATCGCTATGGAAC,0,4078052
xylFp,0.14285714285714285,6,6,ACGAGGATGCCACGACTTTC,0,4058826
xylFp,0.14285714285714285,6,6,ACCGGGTGTAAGGCCAACTA,0,4069156
xylFp,0.14285714285714285,6,6,ACCGACCTAGATGGACATTA,0,4059490
xylFp,0.14285714285714285,6,6,ACCCTAACGCATCATTCAGG,0,4055417
xylFp,0.14285714285714285,6,6,ACCCCGATCCAGACTCGATT,0,4060200
xylFp,0.14285714285714285,6,6,ACCCAATCTTCCTCAAAGCT,0,4065590
xylFp,0.14285714285714285,6,6,ACATTGGATAAACGACTCAG,0,4069880
xylFp,0.14285714285714285,6,6,ACATCGTTCGTTGAACCTAA,0,4056181
xylFp,0.14285714285714285,6,6,ACAGGATCAGGGCCTTTTCG,0,4057543
xylFp,0.14285714285714285,6,6,ACAAAATTAGCGAGGCCTCA,0,4057371
xylFp,0.14285714285714285,6,6,ACAAAACGGTTGCAATCTGT,0,4061687
xylFp,0.14285714285714285,6,6,AATTGGCATCAGGGAGGGTT,0,4075238
xylFp,0.14285714285714285,6,6,AATCTCGGATGCCCCAACCT,0,4058037
xylFp,0.14285714285714285,6,6,AATCTACATCACGATTTTGT,0,4061850
xylFp,0.14285714285714285,6,6,AATCCGTGTCAAGACTTAGC,0,4060387
xylFp,0.14285714285714285,6,6,AATCCCGTCAGCACGACGCC,0,4067177
xylFp,0.14285714285714285,6,6,AAGATTTTAGTATAAAGTGG,0,4065471
xylFp,0.14285714285714285,6,6,AACGACACATGTTACGCTAG,0,4073554
xylFp,0.14285714285714285,6,6,AACACTTGAGTGGGGTTGGT,0,4057764
xylFp,0.14285714285714285,6,6,AACACATATGTACAGGCCCT,0,4070247
xylFp,0.14285714285714285,6,6,AACAACAAGCATTAATGTCC,0,4075906
xylFp,0.14285714285714285,6,6,AAATTCCCAGGCATCACAGT,0,4061517
xylFp,0.14285714285714285,6,6,AAATCGAGTGTAAGTGTCCT,0,4060955
xylFp,0.14285714285714285,6,6,AAATACCGCTTTTCCCCATC,0,4067382
xylFp,0.14285714285714285,6,6,AAACACCGTACACATCTTTT,0,4055311
xylFp,0.14285714285714285,6,6,AAAAATGACAGTAATACCTC,0,4062212
xylFp,0.16666666666666666,5,5,TTTCGCTCCTAGAAAACGAA,0,4073542
xylFp,0.16666666666666666,5,5,TTTCGACGGAAATATCGCGT,0,4065171
xylFp,0.16666666666666666,5,5,TTGTGGGCCAAAACCGTCCT,0,4056590
xylFp,0.16666666666666666,5,5,TTGGGTGGTTTGCATCATGG,0,4065816
xylFp,0.16666666666666666,5,5,TTGGGGTTATGGAGGCATGA,0,4056615
xylFp,0.16666666666666666,5,5,TTGGCTCCATGTGCCCGAGG,0,4056033
xylFp,0.16666666666666666,5,5,TTGGATCCCAGTCGGCGGCA,0,4063242
xylFp,0.16666666666666666,5,5,TTGCCCGTCTGTTCTGATTT,0,4061272
xylFp,0.16666666666666666,5,5,TTCTGGGACCGATGAGACAA,0,4066143
xylFp,0.16666666666666666,5,5,TTCTAGTCGTGCCGCTCACA,0,4076951
xylFp,0.16666666666666666,5,5,TTCGTCATCGCACTACCTAT,0,4075652
xylFp,0.16666666666666666,5,5,TTCGGTTGTTTGGTAACGAA,0,4056607
xylFp,0.16666666666666666,5,5,TTCGGTTCGCGGAGACCTAG,0,4056142
xylFp,0.16666666666666666,5,5,TTCGGGCACCGGCACCCTGC,0,4068977
xylFp,0.16666666666666666,5,5,TTCGCAGGGCTCGCTATAGC,0,4063063
xylFp,0.16666666666666666,5,5,TTCCGCTGAACGCGAGATAC,0,4075493
xylFp,0.16666666666666666,5,5,TTCACTCTAGTATAGCCTAC,0,4072272
xylFp,0.16666666666666666,5,5,TTATATTAATTGGTCAAGAT,0,4062123
xylFp,0.16666666666666666,5,5,TTAGGGATTGGGCTGGCGAC,0,4064065
xylFp,0.16666666666666666,5,5,TTAGCCATCCCATCATAGAA,0,4061794
xylFp,0.16666666666666666,5,5,TTAGCATTACGACAACCTTT,0,4059096
xylFp,0.16666666666666666,5,5,TTAGACAATCCACGTTCTCG,0,4073080
xylFp,0.16666666666666666,5,5,TTACGGTCACGCTAAAATCA,0,4059861
xylFp,0.16666666666666666,5,5,TTACAGATGTAAGCACAGCA,0,4055429
xylFp,0.16666666666666666,5,5,TTACAGAACCTCGTGGTCTT,0,4071727
xylFp,0.16666666666666666,5,5,TTAACGTGCGAGCTGATCCA,0,4058978
xylFp,0.16666666666666666,5,5,TGTTAATACAAAGTGGGCCA,0,4072862
xylFp,0.16666666666666666,5,5,TGTCAAATCTGACAATTTGT,0,4071183
xylFp,0.16666666666666666,5,5,TGTAGCCGGTCGGTCCTGGT,0,4064013
xylFp,0.16666666666666666,5,5,TGGTTCGCGAACTGACAGCA,0,4061806
xylFp,0.16666666666666666,5,5,TGGGGTATGCTCAGTGCCCA,0,4064907
xylFp,0.16666666666666666,5,5,TGGGGAGGTACTGTTCATAA,0,4070748
xylFp,0.16666666666666666,5,5,TGGGCGAGCTACATACATCG,0,4067108
xylFp,0.16666666666666666,5,5,TGGGCCAGCTAGTTGGGAAA,0,4063380
xylFp,0.16666666666666666,5,5,TGGCGCAGAGAAAGCGGTAC,0,4072753
xylFp,0.16666666666666666,5,5,TGGCATACCGACCTTCGGCT,0,4075288
xylFp,0.16666666666666666,5,5,TGCCTGGGCCACTAGAGGTA,0,4064104
xylFp,0.16666666666666666,5,5,TGCCAAGTCTAATTCACCTT,0,4063938
xylFp,0.16666666666666666,5,5,TGCAACGCCCGCCCGGCGAC,0,4059457
xylFp,0.16666666666666666,5,5,TGAGTAATCAACAGGAACCA,0,4056469
xylFp,0.16666666666666666,5,5,TGAGAACGTTATGTGCGTGT,0,4062696
xylFp,0.16666666666666666,5,5,TGAAGTGGTCGTGACCAGTT,0,4062810
xylFp,0.16666666666666666,5,5,TGAACTCGGGAGTTTCATAC,0,4062125
xylFp,0.16666666666666666,5,5,TCTCGATAGAGCTCGGGGTA,0,4075313
xylFp,0.16666666666666666,5,5,TCTCAGGGGCGTAGGCAAGT,0,4065487
xylFp,0.16666666666666666,5,5,TCGTTTGGGCACTTCGTCCT,0,4055830
xylFp,0.16666666666666666,5,5,TCGTACGGGTTAGGGTAGTC,0,4072629
xylFp,0.16666666666666666,5,5,TCGGCGGGATGGCCATAATT,0,4056332
xylFp,0.16666666666666666,5,5,TCGCTTCGTACGTTGGGGGT,0,4076144
xylFp,0.16666666666666666,5,5,TCGCGATAGCTGATCACATC,0,4067055
xylFp,0.16666666666666666,5,5,TCGATGCAGGGAACTAATTC,0,4069849
xylFp,0.16666666666666666,5,5,TCGATCGGTCTCAGGTGAGT,0,4068747
xylFp,0.16666666666666666,5,5,TCGAGCCCCTGGCGTTCGCA,0,4077853
xylFp,0.16666666666666666,5,5,TCCGGGCTTATACTCTGACC,0,4065625
xylFp,0.16666666666666666,5,5,TCCCGTCCATGGAAGGGGCA,0,4058598
xylFp,0.16666666666666666,5,5,TCCATGGGGGCAACTGTCTT,0,4059285
xylFp,0.16666666666666666,5,5,TCATTTCGTATCCACACCTG,0,4063738
xylFp,0.16666666666666666,5,5,TCATGAGTCACTTGTCTTTC,0,4061308
xylFp,0.16666666666666666,5,5,TCATACTGGTTGCTGTGCCT,0,4061944
xylFp,0.16666666666666666,5,5,TCAGTTTTTTCCACGGTTTG,0,4062984
xylFp,0.16666666666666666,5,5,TCAGACTTCGCACGATCGAC,0,4071827
xylFp,0.16666666666666666,5,5,TCAAATAGGAACCAGTTCGA,0,4075458
xylFp,0.16666666666666666,5,5,TCAAAAGGCTTAACGATTAC,0,4062043
xylFp,0.16666666666666666,5,5,TATTGACTCTCCGGAAGCTT,0,4072318
xylFp,0.16666666666666666,5,5,TATTCTGACTGGCGATCCCG,0,4071236
xylFp,0.16666666666666666,5,5,TATTCGGCATAGTAAGGCGC,0,4058109
xylFp,0.16666666666666666,5,5,TATCATGGGATGTGTGTGAG,0,4066188
xylFp,0.16666666666666666,5,5,TATAGATCGTTACTTGGAAA,0,4059959
xylFp,0.16666666666666666,5,5,TATACTTGACGGGGTTTATA,0,4063936
xylFp,0.16666666666666666,5,5,TATACTGAAAGCCATCTAGT,0,4077402
xylFp,0.16666666666666666,5,5,TATAACTGGAGGGCTGATCA,0,4057182
xylFp,0.16666666666666666,5,5,TAGGTTCAAATTGCATTCTC,0,4069199
xylFp,0.16666666666666666,5,5,TAGGTGTTTGATAGCCCACC,0,4070564
xylFp,0.16666666666666666,5,5,TAGGCCACATCAACTTTCCC,0,4064765
xylFp,0.16666666666666666,5,5,TAGGATTTAGGACATCTAAG,0,4057151
xylFp,0.16666666666666666,5,5,TAGCTGATAGGTTTGTACTA,0,4059282
xylFp,0.16666666666666666,5,5,TAGACACACTTGCGGGGTCG,0,4057143
xylFp,0.16666666666666666,5,5,TAGAAGATAAGCGCACTTTC,0,4074449
xylFp,0.16666666666666666,5,5,TACTGCGTGGGAGAAAAAGC,0,4073936
xylFp,0.16666666666666666,5,5,TACTCTTTGCAAATCTAAAT,0,4066928
xylFp,0.16666666666666666,5,5,TACGGATGCTCTAAGTTGTA,0,4073262
xylFp,0.16666666666666666,5,5,TACCGACACTGGCCTTAAAA,0,4057879
xylFp,0.16666666666666666,5,5,TAATGCACAGGAGGTAGAGG,0,4063260
xylFp,0.16666666666666666,5,5,TAAGGCTTTTCCGCAGATAG,0,4069118
xylFp,0.16666666666666666,5,5,TAAGCTCAGACCAATGGCCT,0,4070179
xylFp,0.16666666666666666,5,5,TAAGCCCACACCATTCGTGC,0,4055548
xylFp,0.16666666666666666,5,5,TAACCGGACGCCACTTACGG,0,4077677
xylFp,0.16666666666666666,5,5,TAAACCCGTCACGTTAGGCT,0,4066442
xylFp,0.16666666666666666,5,5,GTTTTTCTGATTATATGATG,0,4058261
xylFp,0.16666666666666666,5,5,GTTGTCAAAGGTCTTGATTA,0,4056035
xylFp,0.16666666666666666,5,5,GTTGCATTTAAGTGGTGAAA,0,4064921
xylFp,0.16666666666666666,5,5,GTTCAGCATTCCAACTGAAA,0,4061584
xylFp,0.16666666666666666,5,5,GTTATCAGTAACCCTGTCTC,0,4069631
xylFp,0.16666666666666666,5,5,GTTAGTACTACCAGGGTAAT,0,4058345
xylFp,0.16666666666666666,5,5,GTGTACTGCGTGACTAGGCT,0,4059985
xylFp,0.16666666666666666,5,5,GTGCGCGACAAGTCCAGCAG,0,4071009
xylFp,0.16666666666666666,5,5,GTCCTGGTGGATGGGATATA,0,4066467
xylFp,0.16666666666666666,5,5,GTCCTCAGGACAGTGCCTTC,0,4074793
xylFp,0.16666666666666666,5,5,GTCAAAATGTGCAATGGAGG,0,4068890
xylFp,0.16666666666666666,5,5,GTATTTGGTACTACGGGTAT,0,4070611
xylFp,0.16666666666666666,5,5,GTATGATTCGGCATGTGCGA,0,4055982
xylFp,0.16666666666666666,5,5,GTATACAGGCGTAGGTCCCC,0,4075367
xylFp,0.16666666666666666,5,5,GTAGCACGCTCTCTTCGCTG,0,4065135
xylFp,0.16666666666666666,5,5,GTACGTATGGTGACCATTAA,0,4076357
xylFp,0.16666666666666666,5,5,GTAAACACGGGGCGTATTGG,0,4072186
xylFp,0.16666666666666666,5,5,GGTGGCAACACTGCCAGCAA,0,4074096
xylFp,0.16666666666666666,5,5,GGTGATGGCTACCTGGATCT,0,4063455
xylFp,0.16666666666666666,5,5,GGTAATCAGACGCGGCTTGA,0,4076550
xylFp,0.16666666666666666,5,5,GGGTGGTAACTCCGGCCAGA,0,4064124
xylFp,0.16666666666666666,5,5,GGGTGGCTGTGGGGAGTATG,0,4056659
xylFp,0.16666666666666666,5,5,GGGTCGGTTATGTGCCCGGT,0,4057865
xylFp,0.16666666666666666,5,5,GGGTCCCAGCGGAATCCGCT,0,4055905
xylFp,0.16666666666666666,5,5,GGGGGTCCGGACTCAAATCG,0,4063496
xylFp,0.16666666666666666,5,5,GGGGGGCGGCTCGTGAGCCT,0,4070532
xylFp,0.16666666666666666,5,5,GGGGCTTTATATACATGCTA,0,4067472
xylFp,0.16666666666666666,5,5,GGGCTAAGCCAAAAAAGGTC,0,4058371
xylFp,0.16666666666666666,5,5,GGGCACCGTTCGTCTACAAC,0,4061456
xylFp,0.16666666666666666,5,5,GGGAGCCCTTGTGCATTCGT,0,4074198
xylFp,0.16666666666666666,5,5,GGGAGACGTTTGCTCTGGCA,0,4068932
xylFp,0.16666666666666666,5,5,GGGAATCTTGTGGAAACAGC,0,4055828
xylFp,0.16666666666666666,5,5,GGGAACTAAACTGAGCTTTA,0,4065262
xylFp,0.16666666666666666,5,5,GGCTTGAAGACGGGTCTGAG,0,4065108
xylFp,0.16666666666666666,5,5,GGCGTTCCTCCCTGCTCAAG,0,4067051
xylFp,0.16666666666666666,5,5,GGCCCACTGAGCACATATCT,0,4055940
xylFp,0.16666666666666666,5,5,GGCATTGCAGCCTGCACAGG,0,4074329
xylFp,0.16666666666666666,5,5,GGCATCCGCTCTTATATACT,0,4060183
xylFp,0.16666666666666666,5,5,GGCACATATTGGAATCAGGG,0,4071944
xylFp,0.16666666666666666,5,5,GGCAAACAAGGAATCGGAGA,0,4074891
xylFp,0.16666666666666666,5,5,GGATTAGACAAACGGTAGAT,0,4056166
xylFp,0.16666666666666666,5,5,GGATGAATCAAACGGAGAGT,0,4061169
xylFp,0.16666666666666666,5,5,GGAGGTACAGGACGGTAAGA,0,4064184
xylFp,0.16666666666666666,5,5,GGAGCCGTACTTATGGAAGG,0,4070887
xylFp,0.16666666666666666,5,5,GGAGAGAGCTTTCGGATTTA,0,4059216
xylFp,0.16666666666666666,5,5,GGAGAAGACAGTCCGACACT,0,4062612
xylFp,0.16666666666666666,5,5,GGAAACAATCTCAGTTTGGC,0,4060693
xylFp,0.16666666666666666,5,5,GCTTCCTTGGGAACACCTCA,0,4069370
xylFp,0.16666666666666666,5,5,GCTGGGTCAAAGGATGCATT,0,4068938
xylFp,0.16666666666666666,5,5,GCTGGGGGCGAGTCTAAACG,0,4055848
xylFp,0.16666666666666666,5,5,GCTCTCACATTGGCCATCAA,0,4062379
xylFp,0.16666666666666666,5,5,GCTCATCTATTCCAGCTGCT,0,4060593
xylFp,0.16666666666666666,5,5,GCTATCCGGTAACCTGGCCC,0,4063159
xylFp,0.16666666666666666,5,5,GCTAGTACGCGAGGGGGTGC,0,4067850
xylFp,0.16666666666666666,5,5,GCGGGTGCATAGCAAACCAA,0,4074361
xylFp,0.16666666666666666,5,5,GCGGGATACAATCAAATCTC,0,4058449
xylFp,0.16666666666666666,5,5,GCGGCTGCGCAAGGCCGGCA,0,4077095
xylFp,0.16666666666666666,5,5,GCGGCGGGTGACGTATTGTT,0,4070556
xylFp,0.16666666666666666,5,5,GCGAGCGCCCTGGGCATCAT,0,4069914
xylFp,0.16666666666666666,5,5,GCGAGCGATCCACCTCGATT,0,4068570
xylFp,0.16666666666666666,5,5,GCGAGATTGAGAGGGGTGGG,0,4061730
xylFp,0.16666666666666666,5,5,GCGACCGCTATCACACGGGG,0,4056100
xylFp,0.16666666666666666,5,5,GCGAATGAGAATTTGGTATA,0,4077093
xylFp,0.16666666666666666,5,5,GCCTCAAGAAAATCATATCT,0,4066966
xylFp,0.16666666666666666,5,5,GCCCCAGGGCACTTGAGCTC,0,4067143
xylFp,0.16666666666666666,5,5,GCCAGAACAGTTATGTGAGA,0,4072184
xylFp,0.16666666666666666,5,5,GCATGCTACCTGCGTGTGTG,0,4069650
xylFp,0.16666666666666666,5,5,GCAGTAAGGGAAGCATACGA,0,4056160
xylFp,0.16666666666666666,5,5,GCACTGATGGTGGGAATTTT,0,4060645
xylFp,0.16666666666666666,5,5,GCAAGGAATGCCAATTCGGA,0,4067416
xylFp,0.16666666666666666,5,5,GATTCCTTGTCTGACCATTG,0,4057324
xylFp,0.16666666666666666,5,5,GATGACCCCACTTTCGTGAG,0,4057051
xylFp,0.16666666666666666,5,5,GATGAATGGAGCACGTAAAA,0,4058244
xylFp,0.16666666666666666,5,5,GATCTTTGTGCGTGAGTGAT,0,4064509
xylFp,0.16666666666666666,5,5,GATACCACAGAGACAAATTA,0,4065028
xylFp,0.16666666666666666,5,5,GAGGTTGACGGGATCTTTTC,0,4076274
xylFp,0.16666666666666666,5,5,GAGCCTGCTCCGGACCGCTT,0,4074099
xylFp,0.16666666666666666,5,5,GAGCCGCCGCGTGCGAAAGA,0,4069800
xylFp,0.16666666666666666,5,5,GACTTGTCAGTAGCGTTCGG,0,4072082
xylFp,0.16666666666666666,5,5,GACCTCCGAGAGTCATGTAC,0,4062582
xylFp,0.16666666666666666,5,5,GACCAATACAGTCATCTGCT,0,4056127
xylFp,0.16666666666666666,5,5,GACATAACGTGATACGTTTA,0,4066727
xylFp,0.16666666666666666,5,5,GACACTATAATTCTGGGGCA,0,4072300
xylFp,0.16666666666666666,5,5,GACAATAAAGTAGTGGTCGC,0,4059032
xylFp,0.16666666666666666,5,5,GAATGCGTGACCCACGCCCA,0,4056432
xylFp,0.16666666666666666,5,5,GAATCCCCCGCAGTTATCTG,0,4067048
xylFp,0.16666666666666666,5,5,GAAGCGCATAAAGTGGCAGA,0,4076325
xylFp,0.16666666666666666,5,5,GAAGATACCCTGAACGTAGA,0,4075810
xylFp,0.16666666666666666,5,5,GAACGCCGGAGTTTTGGCCA,0,4061313
xylFp,0.16666666666666666,5,5,GAACATTGATAAGGAGTTCC,0,4063334
xylFp,0.16666666666666666,5,5,GAACAGCGGCGATTGTTCTG,0,4062550
xylFp,0.16666666666666666,5,5,GAACAACGATTATGACTATG,0,4062311
xylFp,0.16666666666666666,5,5,GAAAGAGTGTCCAACATTTT,0,4070223
xylFp,0.16666666666666666,5,5,CTTTGGCAGTCAGTGATATC,0,4059568
xylFp,0.16666666666666666,5,5,CTTTCCGCAGGTGGTGACAT,0,4066790
xylFp,0.16666666666666666,5,5,CTTGAATAGAGATGATTCGT,0,4071222
xylFp,0.16666666666666666,5,5,CTTCTTTGAGCATAACCCAA,0,4061310
xylFp,0.16666666666666666,5,5,CTTCGATTGCCTCCAATGTT,0,4063065
xylFp,0.16666666666666666,5,5,CTTATGGCTGCATCGTAGGC,0,4056786
xylFp,0.16666666666666666,5,5,CTTATCAGAGCAACAGCAGG,0,4067381
xylFp,0.16666666666666666,5,5,CTTAAAAAAGATTTTGGGAT,0,4069027
xylFp,0.16666666666666666,5,5,CTGGTTTCCTTTCGTCCTTG,0,4061735
xylFp,0.16666666666666666,5,5,CTGGACTTCCCGACGTATGG,0,4056648
xylFp,0.16666666666666666,5,5,CTGCGTCAGTGGCGAGCTCA,0,4063705
xylFp,0.16666666666666666,5,5,CTGCGATCGCTATTAGTAGG,0,4074433
xylFp,0.16666666666666666,5,5,CTGAGTTCTTCGTACCTTGT,0,4071448
xylFp,0.16666666666666666,5,5,CTCTATCCATATAATTTAAA,0,4073442
xylFp,0.16666666666666666,5,5,CTCGTGCTGCGGAGGGCCGG,0,4067238
xylFp,0.16666666666666666,5,5,CTCGGTTTTTTACACGCTCA,0,4074863
xylFp,0.16666666666666666,5,5,CTCCCGGCAGTAATGCTGGA,0,4060267
xylFp,0.16666666666666666,5,5,CTACCGTACGAGATCATTCC,0,4074597
xylFp,0.16666666666666666,5,5,CGTTTGATCTGGTAGGGCTA,0,4074017
xylFp,0.16666666666666666,5,5,CGTTGTGCGGCGTCGAACTC,0,4073491
xylFp,0.16666666666666666,5,5,CGTTCACAGTCTCATAGGCC,0,4059147
xylFp,0.16666666666666666,5,5,CGTCTAGCGAGAACAGCTAC,0,4065952
xylFp,0.16666666666666666,5,5,CGTCGGCTCGGTGTGGCGAA,0,4077919
xylFp,0.16666666666666666,5,5,CGTATTGTTACTCTGAGAGC,0,4072575
xylFp,0.16666666666666666,5,5,CGTAGGGGAAAGGTTCTGAT,0,4059407
xylFp,0.16666666666666666,5,5,CGGTGACACTGCGACTCCGA,0,4068121
xylFp,0.16666666666666666,5,5,CGGGTGCCGGGACGAGGATT,0,4074660
xylFp,0.16666666666666666,5,5,CGGGAGGATGGAATCATCAC,0,4061454
xylFp,0.16666666666666666,5,5,CGGCGGATTAGTCAGGTGTA,0,4060751
xylFp,0.16666666666666666,5,5,CGGCGACCCAATACTTAACG,0,4065977
xylFp,0.16666666666666666,5,5,CGGACGAACGACAAACTGTC,0,4069780
xylFp,0.16666666666666666,5,5,CGGAAGGCACGTAATGACAA,0,4068006
xylFp,0.16666666666666666,5,5,CGCTGTTCACCATTCCCCTA,0,4064619
xylFp,0.16666666666666666,5,5,CGCGCTACAGGAGCACTGGA,0,4055373
xylFp,0.16666666666666666,5,5,CGCGACACACGCGACGCGAT,0,4074032
xylFp,0.16666666666666666,5,5,CGCCCGATTAGTCGCATGTA,0,4063314
xylFp,0.16666666666666666,5,5,CGCCAAAAATGAGGACGTGA,0,4068522
xylFp,0.16666666666666666,5,5,CGCATGTATTGAAGAACTGC,0,4073752
xylFp,0.16666666666666666,5,5,CGCATACGTGCGTCTACCTC,0,4061872
xylFp,0.16666666666666666,5,5,CGATTACTGGTCATTTTTGG,0,4056891
xylFp,0.16666666666666666,5,5,CGAGTGACGATAGCAACGGT,0,4057286
xylFp,0.16666666666666666,5,5,CGAGCAGTTGGTGGAATTCC,0,4066927
xylFp,0.16666666666666666,5,5,CGAGAAGTCCGGTATCCAAC,0,4072920
xylFp,0.16666666666666666,5,5,CGACTCTTCTTAGCTAACAG,0,4059148
xylFp,0.16666666666666666,5,5,CGAATTTTTCATTAACATTT,0,4067668
xylFp,0.16666666666666666,5,5,CGAAGTAAATGTAGTCATAG,0,4070221
xylFp,0.16666666666666666,5,5,CGAACGCGGTCAGGACCCGA,0,4058517
xylFp,0.16666666666666666,5,5,CGAACATGACGGTCTCTCGT,0,4077405
xylFp,0.16666666666666666,5,5,CCTTTAAGTTATGGGATGTC,0,4063618
xylFp,0.16666666666666666,5,5,CCTGAGAATATCTATGAAAC,0,4066002
xylFp,0.16666666666666666,5,5,CCTCGGTTATCTGCATCGGC,0,4065056
xylFp,0.16666666666666666,5,5,CCTATAAGGACAACATTTTC,0,4077285
xylFp,0.16666666666666666,5,5,CCGTGCAGACAGCTTGCCGG,0,4055713
xylFp,0.16666666666666666,5,5,CCGTATAGCAGATCGCTTTA,0,4072311
xylFp,0.16666666666666666,5,5,CCGGATTATTTATCTAAGAA,0,4076807
xylFp,0.16666666666666666,5,5,CCGCTTCCACATGTCATTAT,0,4077792
xylFp,0.16666666666666666,5,5,CCGCTTACTATAAAGACATC,0,4069966
xylFp,0.16666666666666666,5,5,CCGATGACCGAAAACAAGCT,0,4063819
xylFp,0.16666666666666666,5,5,CCGATCCGTATAAACTGCTT,0,4074605
xylFp,0.16666666666666666,5,5,CCCCAGGCCGATATGCTTGC,0,4070303
xylFp,0.16666666666666666,5,5,CCCCAGATTTCTAAGCCTCT,0,4077085
xylFp,0.16666666666666666,5,5,CCCACAGAGGGAGTGCAGTG,0,4065621
xylFp,0.16666666666666666,5,5,CCACGCGTGAACCTGGTCCT,0,4056955
xylFp,0.16666666666666666,5,5,CATTGGGTAGCAAATAGCCT,0,4058877
xylFp,0.16666666666666666,5,5,CATTAACTGGACTCGGTTAC,0,4066944
xylFp,0.16666666666666666,5,5,CATGTATACAGATCAACTAC,0,4065166
xylFp,0.16666666666666666,5,5,CATGATCGAATGTCCAACTC,0,4071889
xylFp,0.16666666666666666,5,5,CATGATAAGTCCCTCAGAGT,0,4073258
xylFp,0.16666666666666666,5,5,CATCGAGTTCATTCGACCTG,0,4062141
xylFp,0.16666666666666666,5,5,CATATTGTTTTCCCTTGATT,0,4074890
xylFp,0.16666666666666666,5,5,CATATCAAATTCCACAGTGT,0,4066558
xylFp,0.16666666666666666,5,5,CATAGCGTGGGCTTGAGCTG,0,4055328
xylFp,0.16666666666666666,5,5,CAGTGGTCACGCGGGAACGT,0,4063761
xylFp,0.16666666666666666,5,5,CAGTGATGTTGCTACCGGTG,0,4072671
xylFp,0.16666666666666666,5,5,CAGTCTTAACAGACTAGAAG,0,4067990
xylFp,0.16666666666666666,5,5,CAGGGTGACCACTGTAGGGT,0,4073653
xylFp,0.16666666666666666,5,5,CAGCCCGTAGTCTGCGCATA,0,4058495
xylFp,0.16666666666666666,5,5,CAGATTTGTAGGATCGAAAC,0,4065577
xylFp,0.16666666666666666,5,5,CAGAGTTGGTTGTGTACCAT,0,4070507
xylFp,0.16666666666666666,5,5,CACTGTTAATCTTCGCTGGG,0,4071300
xylFp,0.16666666666666666,5,5,CACTAACGTGGGGGGCCGTA,0,4069119
xylFp,0.16666666666666666,5,5,CACGGGTATCGCTGGCCCAC,0,4061960
xylFp,0.16666666666666666,5,5,CACCGATCCATTTTTCACCA,0,4061743
xylFp,0.16666666666666666,5,5,CACCCAACGGTAGCAGCTCA,0,4060706
xylFp,0.16666666666666666,5,5,CACATTCGTCCGAGTACTCA,0,4066303
xylFp,0.16666666666666666,5,5,CACATGTGATAGTGGCAGGA,0,4073809
xylFp,0.16666666666666666,5,5,CAATAGCGTCAGCAGGTCTA,0,4072033
xylFp,0.16666666666666666,5,5,CAACTTTATTCAGTCGCTCC,0,4065026
xylFp,0.16666666666666666,5,5,CAACGACATAGGAAGCTGAA,0,4062263
xylFp,0.16666666666666666,5,5,CAACCAAATTGGTTGTCGAA,0,4061968
xylFp,0.16666666666666666,5,5,CAAATTGGCAATTCTTACTT,0,4060690
xylFp,0.16666666666666666,5,5,ATTTTGCGTAGTCAAAAAAT,0,4064584
xylFp,0.16666666666666666,5,5,ATTTCGTGTACTTTCCGCCT,0,4071306
xylFp,0.16666666666666666,5,5,ATTTCCCTAGAGACGGGCCA,0,4060925
xylFp,0.16666666666666666,5,5,ATTCTGGGGACCGGTGGTAG,0,4062950
xylFp,0.16666666666666666,5,5,ATTCTGCGTGGGTACAAAAG,0,4069688
xylFp,0.16666666666666666,5,5,ATTCAAGAGGATTGGCCTTT,0,4059808
xylFp,0.16666666666666666,5,5,ATTATCATTCGGCTCGCACG,0,4075887
xylFp,0.16666666666666666,5,5,ATGTGACTCCCCGCTCCATA,0,4071846
xylFp,0.16666666666666666,5,5,ATGTCATGCTTGGGTGCGGG,0,4069792
xylFp,0.16666666666666666,5,5,ATGTCAACCCCAACGATGAT,0,4073928
xylFp,0.16666666666666666,5,5,ATGTACTTTTTTAAGCGCTG,0,4070811
xylFp,0.16666666666666666,5,5,ATGTACCGTGATAGCTAGAT,0,4059817
xylFp,0.16666666666666666,5,5,ATGGTAGTCTTCTACTACTC,0,4073651
xylFp,0.16666666666666666,5,5,ATGGGTACCCCGATAGAAAA,0,4061828
xylFp,0.16666666666666666,5,5,ATGGGGAACTTTTACATTGG,0,4058782
xylFp,0.16666666666666666,5,5,ATGGCGTCTCTAACGGTCAG,0,4064045
xylFp,0.16666666666666666,5,5,ATGGACCCCCTGGTGAATGA,0,4070384
xylFp,0.16666666666666666,5,5,ATGGACATGTCTGGGCTACG,0,4056699
xylFp,0.16666666666666666,5,5,ATGCGGTTCGGTGTACGATG,0,4068380
xylFp,0.16666666666666666,5,5,ATCGTTTTTACATCAGCCAA,0,4072222
xylFp,0.16666666666666666,5,5,ATCCCTTTCGGAAGCACCCA,0,4056388
xylFp,0.16666666666666666,5,5,ATCATTTGGCATTTTGGAGG,0,4065953
xylFp,0.16666666666666666,5,5,ATCAGGATCGTGAGGATGTG,0,4061268
xylFp,0.16666666666666666,5,5,ATCAAGTTGGGTTGCGGGAG,0,4062196
xylFp,0.16666666666666666,5,5,ATCAAAGATGTCATCGGCAC,0,4069981
xylFp,0.16666666666666666,5,5,ATATCCACGGTGCGGTGCTT,0,4075005
xylFp,0.16666666666666666,5,5,ATAGGTTTTTCACAACTTGT,0,4064096
xylFp,0.16666666666666666,5,5,ATAGACACAATAGAAATATG,0,4057766
xylFp,0.16666666666666666,5,5,ATACGCATAGCCACGCATGG,0,4056642
xylFp,0.16666666666666666,5,5,ATACCCATTGTTGTCTCCTC,0,4057436
xylFp,0.16666666666666666,5,5,ATAAACAGGGCTCATATACA,0,4071344
xylFp,0.16666666666666666,5,5,AGTGCTTAGCAAAGGTAATG,0,4061642
xylFp,0.16666666666666666,5,5,AGTGATGAAAGAGTTCGTGC,0,4062598
xylFp,0.16666666666666666,5,5,AGTGAGTGCAACCATGTGAT,0,4075220
xylFp,0.16666666666666666,5,5,AGTGAGAAAGCTGCAGCATA,0,4058209
xylFp,0.16666666666666666,5,5,AGTGACTCATATAATAACAT,0,4071520
xylFp,0.16666666666666666,5,5,AGTCGCATGGCAATGAACTT,0,4077749
xylFp,0.16666666666666666,5,5,AGTCCGCATAGTACTGCCGG,0,4069897
xylFp,0.16666666666666666,5,5,AGTAATAAAGCTAGGGTACT,0,4070594
xylFp,0.16666666666666666,5,5,AGGTTTCGCGATGACTTTTC,0,4072728
xylFp,0.16666666666666666,5,5,AGGTAGGGCATAGCGTTAGA,0,4056495
xylFp,0.16666666666666666,5,5,AGGGGTGTATATGCTAGACG,0,4067932
xylFp,0.16666666666666666,5,5,AGGGGATGGTGGGAGTAGTT,0,4059485
xylFp,0.16666666666666666,5,5,AGGGCACTATCCGGCTCATA,0,4066023
xylFp,0.16666666666666666,5,5,AGGGAATGGCAGGGAGCTCT,0,4074404
xylFp,0.16666666666666666,5,5,AGGCCTATAGTTCATTGGTG,0,4074284
xylFp,0.16666666666666666,5,5,AGGCACACATAACGTGACGG,0,4055571
xylFp,0.16666666666666666,5,5,AGGAGTGGGCTCGGTCACCA,0,4073600
xylFp,0.16666666666666666,5,5,AGGAAGAGTGCGCAGCGTAA,0,4062982
xylFp,0.16666666666666666,5,5,AGCATGTTGTGCTACTAAAG,0,4055376
xylFp,0.16666666666666666,5,5,AGCAATCCTCTCAACAAGTT,0,4061314
xylFp,0.16666666666666666,5,5,AGATCTCTTGGAAGGCGGCA,0,4055799
xylFp,0.16666666666666666,5,5,AGATCAACCGTCTTTTCATG,0,4055620
xylFp,0.16666666666666666,5,5,AGATAGGGATCGAGACAGGG,0,4063551
xylFp,0.16666666666666666,5,5,AGAGGGCGAGATATAGGGTA,0,4059851
xylFp,0.16666666666666666,5,5,AGAAATGGGTTGCCCCACTG,0,4059272
xylFp,0.16666666666666666,5,5,AGAAAAAGTACGCTAATCGA,0,4056245
xylFp,0.16666666666666666,5,5,ACTTCATTGGATCGTGTCTT,0,4067168
xylFp,0.16666666666666666,5,5,ACTCGTCAGCGATTCTGTGG,0,4074932
xylFp,0.16666666666666666,5,5,ACTAAACAACGTGGACGGGA,0,4064775
xylFp,0.16666666666666666,5,5,ACGTTAATTTTCAGTGATCT,0,4075879
xylFp,0.16666666666666666,5,5,ACGTGTCATCATGAAGCCTA,0,4059083
xylFp,0.16666666666666666,5,5,ACGTAAGTCCGAGGCAATTA,0,4074079
xylFp,0.16666666666666666,5,5,ACGGTGTTTACCCGCAGTAA,0,4059711
xylFp,0.16666666666666666,5,5,ACGGTGTGAAATCTTTTGAA,0,4060633
xylFp,0.16666666666666666,5,5,ACGGTGGCCTATTCATCCAA,0,4073915
xylFp,0.16666666666666666,5,5,ACGGCTCTGCCGTCCACAGC,0,4065860
xylFp,0.16666666666666666,5,5,ACGCTCACCCGTTCCGTTAT,0,4057633
xylFp,0.16666666666666666,5,5,ACGCACCAGTATGTCTATGA,0,4062871
xylFp,0.16666666666666666,5,5,ACGATAACGCGGAGTCGGTT,0,4060566
xylFp,0.16666666666666666,5,5,ACGACCGTTATACTGCATAG,0,4064221
xylFp,0.16666666666666666,5,5,ACCTTAGGGGCGGGACCGTC,0,4075252
xylFp,0.16666666666666666,5,5,ACCTAGATAGATTCGCAGTA,0,4070426
xylFp,0.16666666666666666,5,5,ACCGTACCTGAGTACTAATC,0,4056629
xylFp,0.16666666666666666,5,5,ACCACTATTAAGAATGCGGA,0,4070436
xylFp,0.16666666666666666,5,5,ACATTTATATTTAATCCATA,0,4062922
xylFp,0.16666666666666666,5,5,ACAGCTAAAGTGGGTGTCGG,0,4057373
xylFp,0.16666666666666666,5,5,ACACAGATAAGGGACCGGAG,0,4073346
xylFp,0.16666666666666666,5,5,ACAAGACAGTCGGGCTGCGC,0,4059461
xylFp,0.16666666666666666,5,5,ACAAAATAATGCAGTTCGCA,0,4071217
xylFp,0.16666666666666666,5,5,AATTAAAATGGTCATGCGTG,0,4067726
xylFp,0.16666666666666666,5,5,AATGCAGAGCGCCGGTTTTT,0,4071888
xylFp,0.16666666666666666,5,5,AATGATATTACCAAGAGGGA,0,4063965
xylFp,0.16666666666666666,5,5,AAGTCACCCGGGTCCCCTGT,0,4071123
xylFp,0.16666666666666666,5,5,AAGTACGGCGCACCACCCTT,0,4061198
xylFp,0.16666666666666666,5,5,AAGCGGAAGTCGGGACATGC,0,4064662
xylFp,0.16666666666666666,5,5,AAGCAGTGTCATGAAGGGTC,0,4076971
xylFp,0.16666666666666666,5,5,AAGATCAGAGCTTCGATCCG,0,4059590
xylFp,0.16666666666666666,5,5,AACTCCGGCGCGAAATCTCT,0,4054994
xylFp,0.16666666666666666,5,5,AACGTGTGCCGCACCAAGAC,0,4070248
xylFp,0.16666666666666666,5,5,AACGGGCCATCTACGATTAT,0,4059025
xylFp,0.16666666666666666,5,5,AACGAGCAGAGGCCCCGGAT,0,4060831
xylFp,0.16666666666666666,5,5,AACCAAACTTAGTCAATCAA,0,4054969
xylFp,0.16666666666666666,5,5,AAATGCGTGTTTCAGTTAAT,0,4069797
xylFp,0.16666666666666666,5,5,AAATCTCTCAACGTGGTACA,0,4077698
xylFp,0.16666666666666666,5,5,AAATAGCGTACTGGTGGTTT,0,4063926
xylFp,0.16666666666666666,5,5,AAATAATATCTCCAATTCAA,0,4075752
xylFp,0.16666666666666666,5,5,AAAGTGTCGGGGCTCCGCCG,0,4064704
xylFp,0.16666666666666666,5,5,AAAGTCTCCGCCAAGCTTGT,0,4055137
xylFp,0.16666666666666666,5,5,AAAGGCAGTTCGTGGTCAAA,0,4073764
xylFp,0.16666666666666666,5,5,AAAGAGAACAGTTCGAATCA,0,4074513
xylFp,0.16666666666666666,5,5,AAAATGGCCCGTGCGATTCT,0,4069224
xylFp,0.16666666666666666,5,5,AAAACTGTACGAGCCTTAGT,0,4070114
xylFp,0.16666666666666666,5,5,AAAACTATGTCAGACTTGTT,0,4067221
xylFp,0.16666666666666666,5,5,AAAAATGGCTAGCCACGTTG,0,4072201
xylFp,0.16666666666666666,5,5,AAAAACTGGGAATCGGGGCG,0,4063883
xylFp,0.2,4,4,TTTTACGTGACGTGCACCGC,0,4057301
xylFp,0.2,4,4,TTTGTATAGGTCGATACCAC,0,4070794
xylFp,0.2,4,4,TTTCTTAGCTCTCTCGCGCT,0,4062290
xylFp,0.2,4,4,TTTATGTCCGATCTATCAGT,0,4057281
xylFp,0.2,4,4,TTTAGCCTTTAGTGTTGTAC,0,4069737
xylFp,0.2,4,4,TTGTTTAACCAAATCGAACA,0,4071836
xylFp,0.2,4,4,TTGGTTGCCATCGCCAAGTG,0,4069572
xylFp,0.2,4,4,TTGGGCTTGGGCGGCCACTA,0,4057171
xylFp,0.2,4,4,TTGGACGTACAGAGAGATAC,0,4057454
xylFp,0.2,4,4,TTGAATTCTCATCTCAGTGC,0,4063220
xylFp,0.2,4,4,TTCTTCAGGTGAAAGTATCA,0,4064269
xylFp,0.2,4,4,TTCTCAATGTTAGTGCGTCC,0,4072409
xylFp,0.2,4,4,TTCTAAGTCCTTACGTTAGT,0,4072884
xylFp,0.2,4,4,TTCGCATGTCGTGTGGCAGA,0,4062006
xylFp,0.2,4,4,TTCGAACTAGGCTTCCGACT,0,4059237
xylFp,0.2,4,4,TTCCCCCCCCGCAGTCTAGC,0,4072119
xylFp,0.2,4,4,TTCATAAGGGTTCGGTGCTT,0,4070930
xylFp,0.2,4,4,TTCAGGAGGACGAGTTCCCC,0,4063739
xylFp,0.2,4,4,TTCAAGGGCACTCTGGCACA,0,4055410
xylFp,0.2,4,4,TTATTTAGGGTATATATCTT,0,4070755
xylFp,0.2,4,4,TTACTGGCACAAAGCGAATA,0,4055115
xylFp,0.2,4,4,TTACTCGTGAAAACATACAT,0,4070162
xylFp,0.2,4,4,TTACGCCAATCGATCGCAAC,0,4078261
xylFp,0.2,4,4,TGTTTGATAACACATCGGCA,0,4059034
xylFp,0.2,4,4,TGTTGGTCCTTAACAAGCCA,0,4066841
xylFp,0.2,4,4,TGTTGCGGGATGTCACAGGG,0,4065476
xylFp,0.2,4,4,TGTTCGAGCGCCTAACCGTT,0,4058056
xylFp,0.2,4,4,TGTGCCCAGAGCCGTCTAGC,0,4068014
xylFp,0.2,4,4,TGTCTTCTACGTCTAAGTAC,0,4076100
xylFp,0.2,4,4,TGTCGTGCGCATCATAGAGC,0,4073571
xylFp,0.2,4,4,TGTCCCGGAATGAGGCTTCT,0,4066649
xylFp,0.2,4,4,TGTCCCCGATCCAATAAGGG,0,4067783
xylFp,0.2,4,4,TGTATCCTGGTCGGTGACCA,0,4066043
xylFp,0.2,4,4,TGGGGTTCACGGCGTCTGCT,0,4066726
xylFp,0.2,4,4,TGGGATAGACAGTGTAAGTA,0,4075187
xylFp,0.2,4,4,TGGGACGCCAGAAGGGCCGA,0,4074962
xylFp,0.2,4,4,TGGCTGTGAGACATGCGACA,0,4072761
xylFp,0.2,4,4,TGGCATAACGAAACCGGATG,0,4077810
xylFp,0.2,4,4,TGGCACAATGAACAGAAGAA,0,4066327
xylFp,0.2,4,4,TGGATGATTCACGACCGCGA,0,4067439
xylFp,0.2,4,4,TGGAGATTCCATGAGGGTTT,0,4067066
xylFp,0.2,4,4,TGGAATGCTTTCGAAGTCTG,0,4069571
xylFp,0.2,4,4,TGGAACGGCTCGTGTCTCTT,0,4065046
xylFp,0.2,4,4,TGGAACCAGGATGGATACGC,0,4073624
xylFp,0.2,4,4,TGCTGGTTCGGGTTCTTCGT,0,4063538
xylFp,0.2,4,4,TGCGTCGGGTGTTCGTATGT,0,4077996
xylFp,0.2,4,4,TGCGGCTGGGTGAGAAGTAT,0,4055163
xylFp,0.2,4,4,TGCGCTTATTTAAGCTACTG,0,4056005
xylFp,0.2,4,4,TGCCCTTCAAGGCAAGAGAA,0,4058325
xylFp,0.2,4,4,TGCCCCATTCAGATCGGGCG,0,4069372
xylFp,0.2,4,4,TGCCATACGGTGCGAATCAT,0,4069200
xylFp,0.2,4,4,TGCCACATTACCCCGAGTAA,0,4074545
xylFp,0.2,4,4,TGCATCCTGGGCATTGTGGT,0,4072663
xylFp,0.2,4,4,TGCAGGTAAGTCGATACATC,0,4072485
xylFp,0.2,4,4,TGCACTAGAGACTTGAGACA,0,4074010
xylFp,0.2,4,4,TGATTTTTGTTATAGAAAAT,0,4078093
xylFp,0.2,4,4,TGATTCAAGGGTCCAAAGTA,0,4056368
xylFp,0.2,4,4,TGAGCTTTCTTATACTTGTT,0,4069318
xylFp,0.2,4,4,TGAGCTTTCTAACTTAAGAG,0,4077874
xylFp,0.2,4,4,TGAGACCAGCAATGAGCACA,0,4077016
xylFp,0.2,4,4,TGAGAAGACGGGTTTCAGGC,0,4066462
xylFp,0.2,4,4,TGAGAACCTCTGCCAGTGAC,0,4071220
xylFp,0.2,4,4,TGACATCTATTCTTGTATTC,0,4061855
xylFp,0.2,4,4,TGAAGTGCTGGGGAGTGTCA,0,4065197
xylFp,0.2,4,4,TGAACCAGCGTAAATTGCGA,0,4066534
xylFp,0.2,4,4,TGAACAACAGTGTTAAGTTC,0,4070409
xylFp,0.2,4,4,TCTTGTAAGTATGACCGATA,0,4060781
xylFp,0.2,4,4,TCTCGTACGCTGGCGGTGAA,0,4075709
xylFp,0.2,4,4,TCTCCCATTCAGATCCAGCA,0,4061764
xylFp,0.2,4,4,TCTCACCGGCCTATAACTTT,0,4072465
xylFp,0.2,4,4,TCTAGCCATCGGACCTATAG,0,4075770
xylFp,0.2,4,4,TCGTTGTCAGAAACGGAAGG,0,4075927
xylFp,0.2,4,4,TCGTGGAGGATTTAATAAGA,0,4077496
xylFp,0.2,4,4,TCGTGCTCGGAACTTAACGT,0,4060920
xylFp,0.2,4,4,TCGGTGCCTAAGCGGGCGAG,0,4076924
xylFp,0.2,4,4,TCGGGCACGTTCCGCGTCGT,0,4073549
xylFp,0.2,4,4,TCGGCTGTATGGAGAGAAGT,0,4068376
xylFp,0.2,4,4,TCGGATACAAGACCCGGCGA,0,4076278
xylFp,0.2,4,4,TCGATTAATTTCGGTGGACC,0,4065042
xylFp,0.2,4,4,TCGACTAACACGACTGCACC,0,4063574
xylFp,0.2,4,4,TCGACGGTCGATCTAAGCTC,0,4077177
xylFp,0.2,4,4,TCCGTGAAGGGAAAATGCCG,0,4057678
xylFp,0.2,4,4,TCCGTCGCCTCAACTCTAGT,0,4057637
xylFp,0.2,4,4,TCCGGCTTCAGCAAAGCGAG,0,4063472
xylFp,0.2,4,4,TCCGGCAAAAACGCGGCTCG,0,4068166
xylFp,0.2,4,4,TCCATTCGTGAGGGTCCTGC,0,4055843
xylFp,0.2,4,4,TCCATAGTGCACCTTGTATA,0,4070844
xylFp,0.2,4,4,TCATCGTCCGTTATTTCCAA,0,4073293
xylFp,0.2,4,4,TCAGCGCACCGTCCCGGGTG,0,4067815
xylFp,0.2,4,4,TCAAGCTGAGTGGCGTAGCA,0,4065834
xylFp,0.2,4,4,TCAAGAGGCAGTCATCGTTC,0,4066286
xylFp,0.2,4,4,TCAACTGGTCACACATTGTA,0,4072909
xylFp,0.2,4,4,TATTACAACAGGACTCTGAG,0,4075855
xylFp,0.2,4,4,TATGTCACAATATGGTAATA,0,4065818
xylFp,0.2,4,4,TATGTAGAACAAACGTAATA,0,4071887
xylFp,0.2,4,4,TATGAAGCAAACCGCCGCGT,0,4058050
xylFp,0.2,4,4,TATCGACGGTGCGACTTCCT,0,4063421
xylFp,0.2,4,4,TATCCATGTAGCGCTGCTAT,0,4075860
xylFp,0.2,4,4,TATAGCACATCCAAAGCACT,0,4059583
xylFp,0.2,4,4,TATACTAAGCGTCCACGACT,0,4063439
xylFp,0.2,4,4,TATAATTAGGGTCTTGTTTT,0,4059053
xylFp,0.2,4,4,TAGGTAACCGTAAATAGGAT,0,4073708
xylFp,0.2,4,4,TAGGGGTACAGAACTCGCGT,0,4056822
xylFp,0.2,4,4,TAGGCTCCGCGCGAAGGATT,0,4063042
xylFp,0.2,4,4,TAGCTGCAGCGGGATATAAT,0,4072142
xylFp,0.2,4,4,TAGAAGGTGGAGCGTCGTCC,0,4068529
xylFp,0.2,4,4,TACGCATGATACTTGCGTCG,0,4065474
xylFp,0.2,4,4,TACCACCGCTTGCGGATGTA,0,4069248
xylFp,0.2,4,4,TACACAACATCTTGGCCAAA,0,4055863
xylFp,0.2,4,4,TAATCTCCATACTTGAGCCA,0,4057631
xylFp,0.2,4,4,TAATCAGAACGAGCCACGCA,0,4055237
xylFp,0.2,4,4,TAATCACCCAAGCAGAGGGT,0,4056811
xylFp,0.2,4,4,TAATCAAACTTATACTTGTT,0,4069463
xylFp,0.2,4,4,TAACTAATTGCATGCAGAAG,0,4072801
xylFp,0.2,4,4,TAACGACATGTCAAGCTAGG,0,4072511
xylFp,0.2,4,4,GTTTTTCGCATAGATAAACA,0,4075510
xylFp,0.2,4,4,GTTGGCGCAACTCTGAGCGA,0,4060992
xylFp,0.2,4,4,GTTGGATATCTAATTAATAA,0,4068144
xylFp,0.2,4,4,GTTCAGGGAGCGGAGCACAA,0,4055425
xylFp,0.2,4,4,GTTACGAATGGTAGTTCGAC,0,4061433
xylFp,0.2,4,4,GTTACCCATGCTGGTACGAT,0,4061711
xylFp,0.2,4,4,GTTACAACAGGGGAGGTTAC,0,4076431
xylFp,0.2,4,4,GTGTTGGATTTGTAGCCACT,0,4066402
xylFp,0.2,4,4,GTGTTCAAATCTGAATTGCC,0,4072487
xylFp,0.2,4,4,GTGGCTGGGGAGTGAGAGTA,0,4068282
xylFp,0.2,4,4,GTGGCGGCCACTAATATGAT,0,4062407
xylFp,0.2,4,4,GTGGAGTAGTGGATGAAACA,0,4060743
xylFp,0.2,4,4,GTGGACGGATACGTTTGTCG,0,4064120
xylFp,0.2,4,4,GTGCGTCCCAGGGACAGTGA,0,4072824
xylFp,0.2,4,4,GTGCGCTTTACGTAACGTTG,0,4058110
xylFp,0.2,4,4,GTGACCTCTTGGTTTACGAG,0,4055114
xylFp,0.2,4,4,GTCTTTCTAGGGACGTTCTT,0,4062144
xylFp,0.2,4,4,GTCTAGCGCGGAATCAAAGA,0,4055481
xylFp,0.2,4,4,GTCTAGCAGATGTTGCGAAA,0,4068076
xylFp,0.2,4,4,GTCCTCTCGTTGAACATCCT,0,4064472
xylFp,0.2,4,4,GTCATTGGTATTGAGAGTCT,0,4062808
xylFp,0.2,4,4,GTCATGGATCTCTGTCGATA,0,4060109
xylFp,0.2,4,4,GTCATCGCGGGTCCCACAAG,0,4055630
xylFp,0.2,4,4,GTCACGCCGTACCAACAGAC,0,4075949
xylFp,0.2,4,4,GTATTATAGCAACTTCGGGA,0,4064526
xylFp,0.2,4,4,GTATCCTATGCGGCTCACCA,0,4058726
xylFp,0.2,4,4,GTATAAGGTAGAGTTCAACA,0,4072496
xylFp,0.2,4,4,GTAGCCAGGAGGTCTTTCAC,0,4063278
xylFp,0.2,4,4,GTAGCAGTGAACGGTCACAC,0,4062342
xylFp,0.2,4,4,GTACTTTGGGTTACTCAAAG,0,4059349
xylFp,0.2,4,4,GTACGGTGGGAAATATAATT,0,4055879
xylFp,0.2,4,4,GTAATCTGTCCGTCCGGTTC,0,4076410
xylFp,0.2,4,4,GGTTGGGGTACGGGAATAGA,0,4063754
xylFp,0.2,4,4,GGTTGATGATTCAGCGGTGC,0,4070249
xylFp,0.2,4,4,GGTTATTGAGGTAGAGGAAC,0,4068049
xylFp,0.2,4,4,GGTGGCGAGGAAGTCGCAAG,0,4062283
xylFp,0.2,4,4,GGTGAGATGGGCATATCAGG,0,4064799
xylFp,0.2,4,4,GGTAGCTCGGCTGTCGCGAC,0,4077114
xylFp,0.2,4,4,GGTAGATCATGTGTGCATAA,0,4064702
xylFp,0.2,4,4,GGTAAGACAGACTACGGAGC,0,4077752
xylFp,0.2,4,4,GGGTGCTCTTGGTCCACGGC,0,4075583
xylFp,0.2,4,4,GGGGATCAATTGGCTAAATA,0,4064072
xylFp,0.2,4,4,GGGCTTATTGGTCCGGTAAT,0,4075717
xylFp,0.2,4,4,GGGCTCTCACGAGATGGACT,0,4076372
xylFp,0.2,4,4,GGGCGAGATTGTAATAAAAA,0,4059301
xylFp,0.2,4,4,GGGCCAGCTGTGATCGATTT,0,4075333
xylFp,0.2,4,4,GGGCAAAGATACCAGGCCCC,0,4077089
xylFp,0.2,4,4,GGGATCCGCTTTACTATAGT,0,4065899
xylFp,0.2,4,4,GGGAGTGATCGCCTAACTTA,0,4070154
xylFp,0.2,4,4,GGGAGAACTTCTCGGCCAAC,0,4074742
xylFp,0.2,4,4,GGCTAAATCTGAAAGGAGTA,0,4069652
xylFp,0.2,4,4,GGCGCGCTCTAAAAAAGTTG,0,4075778
xylFp,0.2,4,4,GGCGAACTGACGCACTCGCT,0,4056813
xylFp,0.2,4,4,GGCCATTGGGGAATAGAATT,0,4064137
xylFp,0.2,4,4,GGCATAAGCCGGCATATGGG,0,4075262
xylFp,0.2,4,4,GGCAGAGCCTGGAACGTTAC,0,4063789
xylFp,0.2,4,4,GGCAATCGTGTTCTTACTTA,0,4072357
xylFp,0.2,4,4,GGATGTCTATTGAGCAAAGT,0,4062046
xylFp,0.2,4,4,GGATGAGCTCTGAGTGAAGC,0,4072170
xylFp,0.2,4,4,GGATATACCGAGTAATCCAT,0,4074334
xylFp,0.2,4,4,GGATACGGGTCGGGAGCCTA,0,4074049
xylFp,0.2,4,4,GGATAAGCAAGCACATAAGA,0,4061294
xylFp,0.2,4,4,GGAGGTGTGCAACAGTCCAT,0,4060358
xylFp,0.2,4,4,GGACTAATTATCGATGGGAC,0,4068978
xylFp,0.2,4,4,GGACCAGTCAGCTGTGATGT,0,4055856
xylFp,0.2,4,4,GGACACAACCAGGCCGTCTT,0,4056358
xylFp,0.2,4,4,GGAACGACTCACCGGGCCGC,0,4059456
xylFp,0.2,4,4,GCTCTCCTTACGAGAAGAGT,0,4055694
xylFp,0.2,4,4,GCTCGTCGTTTCTTTCCGAG,0,4063398
xylFp,0.2,4,4,GCTCCAGCGAAAGGCCTGCA,0,4072883
xylFp,0.2,4,4,GCTAGAGTGGGCTAACTGTC,0,4056053
xylFp,0.2,4,4,GCTAAGGGGGTTAGGCTGTT,0,4069833
xylFp,0.2,4,4,GCGTGGGTCGCGAGGTGACG,0,4064105
xylFp,0.2,4,4,GCGTCGAACCAGGAGAATCA,0,4066659
xylFp,0.2,4,4,GCGCGTATCAATCACATTCG,0,4064144
xylFp,0.2,4,4,GCGCGAAATAAGCTCTCATT,0,4058701
xylFp,0.2,4,4,GCGCCTTACGCATAAAATTA,0,4064941
xylFp,0.2,4,4,GCCTATACATCAACTCTTGG,0,4066444
xylFp,0.2,4,4,GCCGTCGGAGTTGGCAGCGT,0,4066517
xylFp,0.2,4,4,GCCGTCCCGGCCCGTTGAGT,0,4077334
xylFp,0.2,4,4,GCCGCGCGGATAGGCCTCAT,0,4055236
xylFp,0.2,4,4,GCCCCGCCCAACGCAGCCTT,0,4064587
xylFp,0.2,4,4,GCCCAGTGTTACGCTACGAT,0,4068195
xylFp,0.2,4,4,GCCATCGGCCACCGGACAGT,0,4057859
xylFp,0.2,4,4,GCCAGTTCTGAGTTTAGGCT,0,4073770
xylFp,0.2,4,4,GCCAGGATTTCGTGAGCAAG,0,4077801
xylFp,0.2,4,4,GCCACAGAATGTGATGCCGC,0,4055161
xylFp,0.2,4,4,GCAGTTCACCCGGGCTCCTA,0,4064260
xylFp,0.2,4,4,GCACTCCGTGCGACTTTCCT,0,4068491
xylFp,0.2,4,4,GCACGTTGCGTAGCCATACC,0,4068623
xylFp,0.2,4,4,GCACGTCGGCCTTCTCCCCC,0,4056243
xylFp,0.2,4,4,GCACCACTCTTCCCTAAGGT,0,4065951
xylFp,0.2,4,4,GCACATGTGGAAATGCAGTT,0,4078251
xylFp,0.2,4,4,GCAAGCCTGGCAGTCCCCCT,0,4071547
xylFp,0.2,4,4,GCAAGCATGTCTTAACAAAC,0,4071479
xylFp,0.2,4,4,GCAACCCTGAGCAAGAGTGG,0,4075908
xylFp,0.2,4,4,GCAACACCAAGTTCCTCTTG,0,4065983
xylFp,0.2,4,4,GCAACAACACTGATCATGTC,0,4060676
xylFp,0.2,4,4,GATTGGTCGATAACTTCGGG,0,4072915
xylFp,0.2,4,4,GATTCAAGTGGCGAGTCGGG,0,4060898
xylFp,0.2,4,4,GATTACTACATGCGCAGATC,0,4072123
xylFp,0.2,4,4,GATCTAGAGAGAGATGTTAT,0,4077400
xylFp,0.2,4,4,GATCCGGGCGCTAGTAGAGC,0,4067838
xylFp,0.2,4,4,GATACACATGGCCACACCTC,0,4076556
xylFp,0.2,4,4,GAGTCGAACCCCGTTGATCT,0,4059731
xylFp,0.2,4,4,GAGCTAACCGCATGGATACT,0,4063876
xylFp,0.2,4,4,GAGCCAACTCACAGACTCGG,0,4065205
xylFp,0.2,4,4,GAGCATGCCCGTCTATCAAT,0,4066624
xylFp,0.2,4,4,GAGATCGTCACCTGGTACAA,0,4068960
xylFp,0.2,4,4,GACTCTACGTCTGGCTGGAT,0,4067139
xylFp,0.2,4,4,GACTCGGGCGTTGTGGCTAT,0,4065932
xylFp,0.2,4,4,GACGTCAAGCAAGGTCGGCT,0,4069026
xylFp,0.2,4,4,GACGCCCAGGCCAAGCCCGC,0,4057083
xylFp,0.2,4,4,GACGAAAAACTCGGGCATGG,0,4055094
xylFp,0.2,4,4,GACAGTCCCCGTGTCAAACT,0,4075632
xylFp,0.2,4,4,GACAGAGTATCATTTTGAAG,0,4068068
xylFp,0.2,4,4,GACACGGCTTGACAAGCCCG,0,4065282
xylFp,0.2,4,4,GAATCTGGTTATCGCCCTTT,0,4074155
xylFp,0.2,4,4,GAAGGCCGCCGCCGGTCGTT,0,4062261
xylFp,0.2,4,4,GAAGCAACCCACAGTAAGAA,0,4055308
xylFp,0.2,4,4,GAAGATACCGCATAAATCTT,0,4064167
xylFp,0.2,4,4,GAACTGTTGTACATGACAAG,0,4078257
xylFp,0.2,4,4,GAACTCCACGCTCTAATATT,0,4056262
xylFp,0.2,4,4,GAAAGGAGGATCACTGCGTT,0,4066116
xylFp,0.2,4,4,GAAAGATCCACCAGGACGCT,0,4061689
xylFp,0.2,4,4,CTTTTGTGCGTGGGTGACTT,0,4055650
xylFp,0.2,4,4,CTTTTAAAAGAGACATCCGG,0,4066168
xylFp,0.2,4,4,CTTGTGTTCTTCATCTTACA,0,4060224
xylFp,0.2,4,4,CTTGGGGTCAGAAACTCTAA,0,4055820
xylFp,0.2,4,4,CTTCAGCACTTGGTGTAATA,0,4069513
xylFp,0.2,4,4,CTTATTAGAGTTACGTGAAA,0,4060450
xylFp,0.2,4,4,CTTAAGTATCATTATCATAA,0,4056442
xylFp,0.2,4,4,CTGTGTTTATTGCTTTTCGC,0,4061332
xylFp,0.2,4,4,CTGTCAACTAATTAAACGAG,0,4064052
xylFp,0.2,4,4,CTGGTTTTATCGTATAAGCA,0,4075620
xylFp,0.2,4,4,CTGGTCGTTATCGGTCTAAG,0,4063322
xylFp,0.2,4,4,CTGGTATCAGCGTGACTTCT,0,4060182
xylFp,0.2,4,4,CTGGATGATTGTGTCGAAAT,0,4072011
xylFp,0.2,4,4,CTGGAACAGTGCCTTTCATT,0,4059423
xylFp,0.2,4,4,CTCTGGATTGTCTGGTTCCT,0,4068246
xylFp,0.2,4,4,CTCTCTGTCTCGCACGTTTC,0,4067276
xylFp,0.2,4,4,CTCGTGTCACCTTGGTCAGA,0,4077229
xylFp,0.2,4,4,CTCCCGAACTCAAAATTGAA,0,4064118
xylFp,0.2,4,4,CTCCAACGGGCAGGACCCCT,0,4059662
xylFp,0.2,4,4,CTCATAGCTTTCTGCACTGC,0,4056997
xylFp,0.2,4,4,CTCAGCGGGAAATTTCCCTA,0,4074069
xylFp,0.2,4,4,CTCAAATCTGTCAATGCTAA,0,4059227
xylFp,0.2,4,4,CTATTCAACCCGATAGGTTT,0,4072501
xylFp,0.2,4,4,CTAGGTGAGTTGACGCACTT,0,4070157
xylFp,0.2,4,4,CTAAGAGTAGCACAGCGGGG,0,4055704
xylFp,0.2,4,4,CTAACATTTTCCGGACTGTG,0,4071021
xylFp,0.2,4,4,CGTTGTCTCCTTATGATGTC,0,4075924
xylFp,0.2,4,4,CGTTACGTAGGGGCTCAGGC,0,4078064
xylFp,0.2,4,4,CGTGTAACCCTCATCCATAC,0,4060951
xylFp,0.2,4,4,CGTGGGTAGTTTAAATTCAC,0,4072477
xylFp,0.2,4,4,CGTGGATGCGCAGATTGGTT,0,4070496
xylFp,0.2,4,4,CGTGCATTTAGACTTGAGTC,0,4070902
xylFp,0.2,4,4,CGTGATTGTTAACGATTAGT,0,4055174
xylFp,0.2,4,4,CGTGAATCACCCGATAGACC,0,4060232
xylFp,0.2,4,4,CGTCCCTCGCCTGTAGTTCA,0,4057040
xylFp,0.2,4,4,CGTCCCCCCACCCGCCCGAA,0,4069313
xylFp,0.2,4,4,CGTAACAGGCGGGAATTTCG,0,4057968
xylFp,0.2,4,4,CGGGTTGCGTAAAGTCTATT,0,4057485
xylFp,0.2,4,4,CGGGTCATATACCCGTCGCA,0,4068898
xylFp,0.2,4,4,CGGGGTCTACCGTTAAAATA,0,4055640
xylFp,0.2,4,4,CGGGCAGGTATGTGGGCCGG,0,4063160
xylFp,0.2,4,4,CGGGAGCTTATTCGCATGTG,0,4063791
xylFp,0.2,4,4,CGGAGGTCCTGCTGCATCTG,0,4075254
xylFp,0.2,4,4,CGGAGGAAGTGTGCCTGACT,0,4064942
xylFp,0.2,4,4,CGGACAGATGTTTGACTTGC,0,4070042
xylFp,0.2,4,4,CGCTTTGACTGTCTTAGGTG,0,4059224
xylFp,0.2,4,4,CGCTGTATCGTTTTGGTGAG,0,4062293
xylFp,0.2,4,4,CGCTCGTGGCATTACCCAGC,0,4058349
xylFp,0.2,4,4,CGCTCATGTACGGTGACGAT,0,4075802
xylFp,0.2,4,4,CGCGTCGCGCATAGTGTGGT,0,4077149
xylFp,0.2,4,4,CGCGGTTGGTAAAAGTTGCT,0,4059425
xylFp,0.2,4,4,CGCGGTGACTTCCCGCCTGT,0,4071050
xylFp,0.2,4,4,CGCCTCGGACTGAGGAGCCT,0,4074370
xylFp,0.2,4,4,CGCCCAGCGGACGCATGACT,0,4072325
xylFp,0.2,4,4,CGCACAGCGAAGCTGGCCTT,0,4066007
xylFp,0.2,4,4,CGCAATATCTCAGAGGTTAT,0,4059311
xylFp,0.2,4,4,CGATGGAAGATATGATAGCC,0,4068305
xylFp,0.2,4,4,CGATATCGCGGTACATATGC,0,4057843
xylFp,0.2,4,4,CGAGGTTAGGTACCGTATAG,0,4055595
xylFp,0.2,4,4,CGAGACTTTAAGCAATGCAA,0,4064961
xylFp,0.2,4,4,CGACGCAGCGTCTGGCAGGC,0,4056381
xylFp,0.2,4,4,CGACGAGGCAACTGCGCCTT,0,4071813
xylFp,0.2,4,4,CGACATAGGGCAATACGACA,0,4058475
xylFp,0.2,4,4,CGAAGGAGGAGTTAGGTTGC,0,4070038
xylFp,0.2,4,4,CCTTGTTTGGGGTTCAATGT,0,4076373
xylFp,0.2,4,4,CCTGGGATCGTAATAACTAA,0,4074277
xylFp,0.2,4,4,CCTGACATAAGCTATCGACC,0,4073033
xylFp,0.2,4,4,CCTCTTGATCTTTTCCCACA,0,4073569
xylFp,0.2,4,4,CCTACGCTAGGGAGGGCATC,0,4073819
xylFp,0.2,4,4,CCTAACATTTGTAGTTGTGA,0,4072520
xylFp,0.2,4,4,CCGTGGGTATGCATCGCCCT,0,4065431
xylFp,0.2,4,4,CCGTCCTTAAGGTTACCGTA,0,4075066
xylFp,0.2,4,4,CCGTCAGTAACCCTAGAGAT,0,4073811
xylFp,0.2,4,4,CCGGCTCTCCTATAAAGGGC,0,4060718
xylFp,0.2,4,4,CCGGCTACGAAGCCGGGACT,0,4065734
xylFp,0.2,4,4,CCGGAACCCGGATCACACTG,0,4071826
xylFp,0.2,4,4,CCGATATCTTACAATGGAAT,0,4072566
xylFp,0.2,4,4,CCCTTACCTGTCACCGTGCG,0,4072885
xylFp,0.2,4,4,CCCTGGTTAAGGTAATGTGA,0,4071518
xylFp,0.2,4,4,CCCGGTCCACAGCTACGTGG,0,4069092
xylFp,0.2,4,4,CCCGAACAAACGCTTCGGCG,0,4075954
xylFp,0.2,4,4,CCCCGCTGATCTCCTAAGCA,0,4066081
xylFp,0.2,4,4,CCCCCAGCACTGCCATAAGG,0,4055847
xylFp,0.2,4,4,CCCCAAAATGTTGCATCAAA,0,4076925
xylFp,0.2,4,4,CCCATAAGGTGTCGGGCAAT,0,4075729
xylFp,0.2,4,4,CCATGTTGGGCATAGCAGTA,0,4075977
xylFp,0.2,4,4,CCATGGATCACATTGGGACA,0,4076308
xylFp,0.2,4,4,CCATCGAACGTCCCTGTGCA,0,4058245
xylFp,0.2,4,4,CCATCACTTGAGCGGCCTAC,0,4063571
xylFp,0.2,4,4,CCAGGCGATAAACTTGCTTT,0,4061345
xylFp,0.2,4,4,CCAGCCAAAGGGGCTGATTT,0,4065942
xylFp,0.2,4,4,CCAGCAAATCGCGCCCTCCT,0,4068769
xylFp,0.2,4,4,CCAGACGTATGGTTTTTGGC,0,4069042
xylFp,0.2,4,4,CCAGAAGTATCACGACTGAA,0,4076561
xylFp,0.2,4,4,CCAATACCCTGGTCAAAACG,0,4064148
xylFp,0.2,4,4,CCAACGGCACCAGACGGCCG,0,4056603
xylFp,0.2,4,4,CATTAAGTTCTTTTTCGTGT,0,4062554
xylFp,0.2,4,4,CATGTCGCAACCGTCAACCG,0,4065529
xylFp,0.2,4,4,CATGGGGGACGATAAGTTTT,0,4066998
xylFp,0.2,4,4,CATCAATGGACCGATGGAGA,0,4069785
xylFp,0.2,4,4,CATAGGGCGATGAGGCTGAC,0,4061972
xylFp,0.2,4,4,CATACTGTACGGAAATCGGA,0,4061076
xylFp,0.2,4,4,CAGTCGTTTACGATTTCGGC,0,4065265
xylFp,0.2,4,4,CAGTAGGGATTCGAGTCACG,0,4068734
xylFp,0.2,4,4,CAGTAACGCTACTCAAGTGA,0,4070601
xylFp,0.2,4,4,CAGGCCGCGACCAGCTCTCT,0,4061615
xylFp,0.2,4,4,CAGCGCACGGAAGAACGTTC,0,4058988
xylFp,0.2,4,4,CAGAAGAAGGGCCAAGGAGA,0,4066147
xylFp,0.2,4,4,CACTTATGGCGTCTGTGATG,0,4062028
xylFp,0.2,4,4,CACTGTACTCTATACTCAGT,0,4075092
xylFp,0.2,4,4,CACCTGGAGCTTGGCGTCGC,0,4060079
xylFp,0.2,4,4,CACAGAGTGATAAAAACGTA,0,4056589
xylFp,0.2,4,4,CACACATTCCAGGGGGAGAG,0,4057418
xylFp,0.2,4,4,CAATGGGGCCTGATAGGGAG,0,4068320
xylFp,0.2,4,4,CAATGCTTTGATTCGTTACA,0,4058399
xylFp,0.2,4,4,CAATGCGGGGATTCCCTGAG,0,4072965
xylFp,0.2,4,4,CAAGTCACCCAGGGGGATTG,0,4056302
xylFp,0.2,4,4,CAAGGTTGCCACGACTTTAT,0,4060026
xylFp,0.2,4,4,CAAGCCGTAGAAGACTCAAG,0,4057939
xylFp,0.2,4,4,CAAGACGTGGGTGGATCATC,0,4064376
xylFp,0.2,4,4,CAACTTTTGAGGACCCATTG,0,4056518
xylFp,0.2,4,4,CAAAGCGCAGCTGACCCTTA,0,4076451
xylFp,0.2,4,4,CAAACGGCGGCGTATATTGG,0,4061400
xylFp,0.2,4,4,CAAAATTAGTAACCAGAAGA,0,4056153
xylFp,0.2,4,4,ATTTGTCAACCGAAACAGGG,0,4058457
xylFp,0.2,4,4,ATTTCTCTCGGGCCAGACCG,0,4066684
xylFp,0.2,4,4,ATTGCAAAATTTAAAGACAA,0,4070684
xylFp,0.2,4,4,ATTGATGTTTAGGGAGCTTA,0,4060891
xylFp,0.2,4,4,ATTCGACGAAAGAGACGCTG,0,4072486
xylFp,0.2,4,4,ATTATTGAGCAAAGAGACGT,0,4070428
xylFp,0.2,4,4,ATTAGATAGCAGCAGGGTCC,0,4068814
xylFp,0.2,4,4,ATTAATTCACAGCAGCGCGA,0,4072118
xylFp,0.2,4,4,ATGTGTTCACCGATGCCCGG,0,4069098
xylFp,0.2,4,4,ATGTACCTACCTCTGGTACT,0,4075534
xylFp,0.2,4,4,ATGGTATAGGCTCACGAGGG,0,4060348
xylFp,0.2,4,4,ATGAGCAGGTCGGGGTCTAC,0,4077966
xylFp,0.2,4,4,ATGAAATCTAATTTTTATAT,0,4068153
xylFp,0.2,4,4,ATCGTCCAAGGCGTGGCTTT,0,4069907
xylFp,0.2,4,4,ATCGTATTGTCGCTAGCTGC,0,4075939
xylFp,0.2,4,4,ATCGCTCCCCACTGTCCTCG,0,4060562
xylFp,0.2,4,4,ATCGAGAAAGGGTTAAATCG,0,4067776
xylFp,0.2,4,4,ATCCAGGGTCACAATCCTCT,0,4063480
xylFp,0.2,4,4,ATCCAAGTGGCGTGTATGAA,0,4065934
xylFp,0.2,4,4,ATATTTCGGGCCACGATCAT,0,4071702
xylFp,0.2,4,4,ATAGACGTCGAGTCGCCGTA,0,4058409
xylFp,0.2,4,4,ATACCGAAAACCTACGCGAA,0,4065624
xylFp,0.2,4,4,ATAAATTCGCACTCAGGGGG,0,4062801
xylFp,0.2,4,4,ATAAAGAGCCCTTCTGCATA,0,4055732
xylFp,0.2,4,4,AGTTGACAAAATGCGTCAAA,0,4070010
xylFp,0.2,4,4,AGTTCCGTCTAAACCCACAG,0,4061535
xylFp,0.2,4,4,AGTGGAGGGTGGGAAAATAC,0,4057985
xylFp,0.2,4,4,AGTGCTTGTATGGTCCCGAT,0,4068676
xylFp,0.2,4,4,AGTGCATTCACGCGGCGATC,0,4068393
xylFp,0.2,4,4,AGTCTGAACGTACCCGGCTT,0,4077857
xylFp,0.2,4,4,AGTCGGTGGGCACCAGCCCC,0,4066041
xylFp,0.2,4,4,AGTCCGTGCCTCTGAGTTGC,0,4075118
xylFp,0.2,4,4,AGTATTGCTGTTTCGTCAAA,0,4055749
xylFp,0.2,4,4,AGTATAAACGTTGCCATCGG,0,4069113
xylFp,0.2,4,4,AGGTCGGGGGTCGGCTTGTC,0,4059445
xylFp,0.2,4,4,AGGTAAAAGGCACACGAAGG,0,4067894
xylFp,0.2,4,4,AGGCTCTAGCGTCGGACGTC,0,4072528
xylFp,0.2,4,4,AGGATGATCAAGCCTATCCC,0,4059872
xylFp,0.2,4,4,AGCTCACATGCCTGACGTAT,0,4066948
xylFp,0.2,4,4,AGCGTCCTCCTGGCCTGGGA,0,4068481
xylFp,0.2,4,4,AGCGTCAAGTTTATCAATGA,0,4056441
xylFp,0.2,4,4,AGCGAGGCGCAGGAGTGGGT,0,4065732
xylFp,0.2,4,4,AGCCCGTAGCGCTAAGGAAC,0,4058913
xylFp,0.2,4,4,AGCATTAGCCGTGGCAGGTC,0,4063084
xylFp,0.2,4,4,AGCAGATAGAGACCAGGAGT,0,4071853
xylFp,0.2,4,4,AGCACCTCGGCCACTTTTGG,0,4068114
xylFp,0.2,4,4,AGCACCGTTAGTTTCAAAAA,0,4075291
xylFp,0.2,4,4,AGATTCTCAGTTGTTCTGAG,0,4065518
xylFp,0.2,4,4,AGATCCAGTGACTTTTGGTC,0,4058550
xylFp,0.2,4,4,AGAGTTGTACCGTAATACAT,0,4059589
xylFp,0.2,4,4,AGAGGCTCGTTCGTACTTGA,0,4056595
xylFp,0.2,4,4,AGAGAATTTGAGCACTGAAA,0,4063034
xylFp,0.2,4,4,AGACCCTATGTCCTGATCCA,0,4070749
xylFp,0.2,4,4,AGAAGTGATTTATTAAGGGT,0,4068701
xylFp,0.2,4,4,AGAAGGGATGGGTCTATTAC,0,4077694
xylFp,0.2,4,4,AGAAATGGTCGTAGTGGCGG,0,4077034
xylFp,0.2,4,4,ACTTTCCGAGGTTAGACAAT,0,4060994
xylFp,0.2,4,4,ACTTATCTGCACGTTGCCAT,0,4068669
xylFp,0.2,4,4,ACTGCGCAATGAGGAACTTT,0,4071198
xylFp,0.2,4,4,ACTGAGTTAAGGGTTTTCAG,0,4063983
xylFp,0.2,4,4,ACTCCTTGAGAAATAAGCGG,0,4066923
xylFp,0.2,4,4,ACGTTCCACAGGATGGTAAC,0,4070489
xylFp,0.2,4,4,ACGGTGTATATGCGCAGTAT,0,4072972
xylFp,0.2,4,4,ACGGGAAGGGAACAGGCGTT,0,4060803
xylFp,0.2,4,4,ACGGCTTTGATTCAAGACAT,0,4073471
xylFp,0.2,4,4,ACGGACTCACAGCGGTGGAT,0,4063203
xylFp,0.2,4,4,ACGATGCTCGGGTTTAGAAG,0,4073383
xylFp,0.2,4,4,ACGACTTCACTAGACAGCGT,0,4058804
xylFp,0.2,4,4,ACCTCGGTCTGTGTAGATTA,0,4057136
xylFp,0.2,4,4,ACCTATCCGACGGTGTAACG,0,4067961
xylFp,0.2,4,4,ACCGCACAGGTCAGGGTAGA,0,4071164
xylFp,0.2,4,4,ACCCTGACTTTCGGCATATA,0,4066483
xylFp,0.2,4,4,ACCCCCCAGTAGATAGGTTT,0,4072856
xylFp,0.2,4,4,ACATTTCCCGTAAAGTTCCG,0,4071698
xylFp,0.2,4,4,ACATCACTTATGTATCTCCG,0,4070501
xylFp,0.2,4,4,ACATAGTGTTTTGCGTTGGT,0,4069342
xylFp,0.2,4,4,ACAGTGATGGTCATGCCTTT,0,4071508
xylFp,0.2,4,4,ACAGAGCACAAAAAGAGGAG,0,4066431
xylFp,0.2,4,4,AATGATAGCTACGACCCGAG,0,4058068
xylFp,0.2,4,4,AATCTTGTAGTGTAACGGTG,0,4076122
xylFp,0.2,4,4,AATCGCCTGGCTCAGCATAT,0,4066655
xylFp,0.2,4,4,AATACGTTGTACGAGAGGCT,0,4071729
xylFp,0.2,4,4,AAGGGCCCGCTTATCTGACA,0,4055159
xylFp,0.2,4,4,AAGGAAAGGCGGTTTCGTAC,0,4072138
xylFp,0.2,4,4,AAGCTCGGACCCGGGCGAGC,0,4066552
xylFp,0.2,4,4,AAGCGGCCGCCCTCACGGTT,0,4060570
xylFp,0.2,4,4,AAGACGCGCTGCGGGGGGAT,0,4068184
xylFp,0.2,4,4,AAGACCGGTAGCACCGCGGC,0,4056587
xylFp,0.2,4,4,AACTTGTTGAGTGATACAAG,0,4071380
xylFp,0.2,4,4,AACTTCATGCAACAAGCGGC,0,4064537
xylFp,0.2,4,4,AACCCCGCTAGTTGATATTA,0,4057638
xylFp,0.2,4,4,AACATGCCTTCGTTTGCGAC,0,4055162
xylFp,0.2,4,4,AAATCTCTGAAGTATGGCTA,0,4065913
xylFp,0.2,4,4,AAATCTATTGATTACAGAGG,0,4072943
xylFp,0.2,4,4,AAATCGAGGAGTAGGTAAGG,0,4059130
xylFp,0.2,4,4,AAATCAGGCGGTCCCGGCGC,0,4066556
xylFp,0.2,4,4,AAAGGTTCGAGGTCATACTT,0,4055100
xylFp,0.2,4,4,AAAGGTTCAGTCTAACTGTA,0,4064512
xylFp,0.2,4,4,AAAGGAAGGACGCCCCTGTA,0,4065809
xylFp,0.2,4,4,AAAGCCCAGTCTGCAGCTGA,0,4068262
xylFp,0.2,4,4,AAACGACTTATCTGTTGCGT,0,4072366
xylFp,0.2,4,4,AAACATGACTCCCTCAAAGC,0,4066681
xylFp,0.2,4,4,AAAATTTTATGCCATTGCAA,0,4058867
xylFp,0.25,3,3,TTTTTTAAATTGCCTTGTAT,0,4074448
xylFp,0.25,3,3,TTTTCTGAACACTCGGGGGG,0,4061895
xylFp,0.25,3,3,TTTTCCTAGTTCCATGTGTT,0,4071555
xylFp,0.25,3,3,TTTGTTCGGTTTCTTTGGGG,0,4057774
xylFp,0.25,3,3,TTTGACACAAGGAGAGATAC,0,4064690
xylFp,0.25,3,3,TTTATGCAGATACGGAAGTA,0,4056383
xylFp,0.25,3,3,TTTAGCGTCCATGGTACGTA,0,4076344
xylFp,0.25,3,3,TTTACTCCAAGCAGTGTGAA,0,4074528
xylFp,0.25,3,3,TTTACGTCGATTCCATCTAA,0,4062948
xylFp,0.25,3,3,TTTAAGTATTCGTGGACCGG,0,4072611
xylFp,0.25,3,3,TTGTTCGTTAAGTAATCTAA,0,4064456
xylFp,0.25,3,3,TTGTCACTCCATGGCTCCAA,0,4066145
xylFp,0.25,3,3,TTGGCGAAAATAAGCGTAAC,0,4061457
xylFp,0.25,3,3,TTGGACCAATGGACCATTCG,0,4056866
xylFp,0.25,3,3,TTGCAGGGGCAGGGCCGTAC,0,4055500
xylFp,0.25,3,3,TTCTGTCGCCGTCAAAGTCA,0,4076419
xylFp,0.25,3,3,TTCTCAGTGTTCGACTTCGA,0,4055885
xylFp,0.25,3,3,TTCTAATTTTGGTCGTTTTG,0,4075861
xylFp,0.25,3,3,TTCGTGACGGGGTTATGAGA,0,4065429
xylFp,0.25,3,3,TTCCTTACACACTGTGTCTA,0,4071149
xylFp,0.25,3,3,TTCAACTGAGGAGGTGAACT,0,4063833
xylFp,0.25,3,3,TTATGTAAGGACTAACACGT,0,4069740
xylFp,0.25,3,3,TTAGTTCGGTAAATATCCCT,0,4069139
xylFp,0.25,3,3,TTAGGTGCGAATTAGCAGTA,0,4076780
xylFp,0.25,3,3,TTAGGAGGAGATATCTGTCA,0,4067325
xylFp,0.25,3,3,TTAGCTCTAAGGAAAAATGA,0,4056362
xylFp,0.25,3,3,TTAGCTCCATGGTGGCCAAA,0,4070463
xylFp,0.25,3,3,TTACTCGGTGAATTATTGCG,0,4064375
xylFp,0.25,3,3,TTACGCACGAGTAGGAATTA,0,4058213
xylFp,0.25,3,3,TTACCTTAACCTTAGACGAG,0,4067470
xylFp,0.25,3,3,TTACCACGAGTCAAGATCAT,0,4057617
xylFp,0.25,3,3,TGTTTCTATGTATCCCAGGA,0,4074502
xylFp,0.25,3,3,TGTGTTGGAACATCTGTGGA,0,4056108
xylFp,0.25,3,3,TGTGGAGGCCTGCTACACGT,0,4075998
xylFp,0.25,3,3,TGTGCGCAATGGCCAATGGT,0,4072252
xylFp,0.25,3,3,TGTCGTTAGTAGTTCGTGAC,0,4056559
xylFp,0.25,3,3,TGTACGTGCTAGTTGGATAA,0,4077323
xylFp,0.25,3,3,TGGTTGAAGAAATCTACCTC,0,4062763
xylFp,0.25,3,3,TGGTGAAAGGCGACGAATCT,0,4076687
xylFp,0.25,3,3,TGGTCGCATGCCGCACGATC,0,4064779
xylFp,0.25,3,3,TGGGTACAGGTGCAACCACG,0,4062421
xylFp,0.25,3,3,TGGCGTTTGGCGCAGTAAAT,0,4067749
xylFp,0.25,3,3,TGGCGTGGGTATCTATGCTG,0,4060191
xylFp,0.25,3,3,TGGATAATGGCGGATAAGGT,0,4061187
xylFp,0.25,3,3,TGGAGCCTAATCGTGTGGTG,0,4061439
xylFp,0.25,3,3,TGCGTCAGAATTCATCGAAT,0,4078189
xylFp,0.25,3,3,TGCGTCAAGTGAGCCCCGGG,0,4075837
xylFp,0.25,3,3,TGCGCTCCATGTAGCTCATG,0,4058704
xylFp,0.25,3,3,TGCCTCAAGACACACACCTC,0,4061736
xylFp,0.25,3,3,TGCCTACCGGTAAATATCAC,0,4058513
xylFp,0.25,3,3,TGCCGCTAATGCATATAGAT,0,4072696
xylFp,0.25,3,3,TGCCACGTACTGCATTGGCC,0,4057221
xylFp,0.25,3,3,TGCACTCGGTGAGGAGGTAT,0,4071061
xylFp,0.25,3,3,TGCAACAAAACTTTGTTTGA,0,4075247
xylFp,0.25,3,3,TGATGCGAGATCCTAGTTAA,0,4069935
xylFp,0.25,3,3,TGAGTTTCGTCTGCTCTAAT,0,4058140
xylFp,0.25,3,3,TGAGATTCACTAACAGTATA,0,4055588
xylFp,0.25,3,3,TGAATTCAAACGCATACGGC,0,4073240
xylFp,0.25,3,3,TGAAAGGGTCAGTGGTTTGC,0,4059507
xylFp,0.25,3,3,TCTTTTTCAACACTACGTGA,0,4068982
xylFp,0.25,3,3,TCTTGGCCCGAACCTTACTT,0,4059910
xylFp,0.25,3,3,TCTTGGATTAACATACTCTA,0,4075990
xylFp,0.25,3,3,TCTTGCTACGTGCGGGGGTA,0,4060946
xylFp,0.25,3,3,TCTTCTTCCACGTGCCCGAC,0,4070156
xylFp,0.25,3,3,TCTTCTGTGATCGCTGCGGT,0,4075922
xylFp,0.25,3,3,TCTTCAAACGTACGCCAGGC,0,4072109
xylFp,0.25,3,3,TCTTAATCGCATTAACTGCA,0,4074635
xylFp,0.25,3,3,TCTGTAGAGTCATGGTTATG,0,4060100
xylFp,0.25,3,3,TCTGGCTGAAGCTCTGAGCT,0,4055554
xylFp,0.25,3,3,TCTGCTCGAAAACACCTATC,0,4057172
xylFp,0.25,3,3,TCTGATCGTTCACCCCCAGT,0,4066193
xylFp,0.25,3,3,TCTCCGAATTACGAGCAATA,0,4058568
xylFp,0.25,3,3,TCTCAACGTATGGCATCGGA,0,4069247
xylFp,0.25,3,3,TCTAGTTGAGACATGAGATC,0,4068627
xylFp,0.25,3,3,TCGTGGCGCCCCATCCGGGA,0,4062317
xylFp,0.25,3,3,TCGTAGACTTCTCGCAGTGT,0,4059676
xylFp,0.25,3,3,TCGGGCACTCCTTGTACAAT,0,4061317
xylFp,0.25,3,3,TCGGATGCCGTAGGCCAAGT,0,4059463
xylFp,0.25,3,3,TCGCTGGTACCACTGAGATC,0,4064280
xylFp,0.25,3,3,TCGCGCGTTTTGGCTCAGGA,0,4074421
xylFp,0.25,3,3,TCGCGATTGGGGCACGACCA,0,4069997
xylFp,0.25,3,3,TCGCATCAATGGCCTATGTT,0,4055445
xylFp,0.25,3,3,TCGCACAACGGTGCAAAGAC,0,4070320
xylFp,0.25,3,3,TCGAATTTGTTGCACCGTAC,0,4058150
xylFp,0.25,3,3,TCGAAAATTTAGACTAAGAG,0,4075090
xylFp,0.25,3,3,TCCTCTCATTAGGAAGTTAG,0,4076001
xylFp,0.25,3,3,TCCTCCCCAAGTGTCTTTTT,0,4055550
xylFp,0.25,3,3,TCCTCACGGCTAAGTCGCAT,0,4059628
xylFp,0.25,3,3,TCCTAATCATCTATGAGACA,0,4069105
xylFp,0.25,3,3,TCCGAAATTGATTTTAAACG,0,4071736
xylFp,0.25,3,3,TCCCTGCTCTGCCACCCGTT,0,4074727
xylFp,0.25,3,3,TCCCTCACGGGGGGAGGCCT,0,4057579
xylFp,0.25,3,3,TCCCAAAACGGTGCAGAAAT,0,4070328
xylFp,0.25,3,3,TCCATGTCTACCGGCCATCT,0,4064731
xylFp,0.25,3,3,TCCAGCCAGGTCATCCAGCT,0,4057875
xylFp,0.25,3,3,TCCAAAGAGATGCGGGCCGT,0,4074871
xylFp,0.25,3,3,TCATTGGGTCAATAAACCCC,0,4056226
xylFp,0.25,3,3,TCATCCGGCCTAACTGTGGG,0,4071829
xylFp,0.25,3,3,TCATCCAGCTGTCCAGATGA,0,4061306
xylFp,0.25,3,3,TCATCAGGCTCAGATCTAGG,0,4074161
xylFp,0.25,3,3,TCATACCTAAATGTCCGTCC,0,4072657
xylFp,0.25,3,3,TCATAACTGCGCCCGGCTTG,0,4057799
xylFp,0.25,3,3,TCAGTCGCCTAAAGCGGCTA,0,4063176
xylFp,0.25,3,3,TCAGGGTGCGCCGGTGTCGT,0,4066160
xylFp,0.25,3,3,TCAGATCAGCGAGGAAATTA,0,4077318
xylFp,0.25,3,3,TCACTTCGTGAACATAGAGT,0,4057305
xylFp,0.25,3,3,TCACTCGTGCTAGTACCCAT,0,4058017
xylFp,0.25,3,3,TCACACCCATCCATAGATCC,0,4075665
xylFp,0.25,3,3,TCACAATGGACCTTACGTAA,0,4074778
xylFp,0.25,3,3,TCAATGGCAGCAGCGAATAG,0,4059846
xylFp,0.25,3,3,TCAAAACAGTGGTTAGGTTA,0,4055250
xylFp,0.25,3,3,TATTTTCGTGGAACGAGCGG,0,4070888
xylFp,0.25,3,3,TATTCTACTTGTCCTCGTTG,0,4068574
xylFp,0.25,3,3,TATTACTACGCAAAGAATAA,0,4064993
xylFp,0.25,3,3,TATCCACTATGATTAGCGGG,0,4061722
xylFp,0.25,3,3,TATCATATGGATAGTATGGA,0,4063259
xylFp,0.25,3,3,TATCACTTGGTTTACACGGA,0,4064430
xylFp,0.25,3,3,TATAGCCCTTCCGGACGGGT,0,4065933
xylFp,0.25,3,3,TAGGGTATATGGTGTCACGT,0,4062181
xylFp,0.25,3,3,TAGCCTGTCTTTAGAGCTTT,0,4057522
xylFp,0.25,3,3,TAGATGGCATTTGGGTTCTA,0,4056106
xylFp,0.25,3,3,TAGATCTTTGCTCTTGGCAA,0,4075523
xylFp,0.25,3,3,TAGACTACAGTCTACGAGTC,0,4058266
xylFp,0.25,3,3,TACTACCCCCTAGTGTATCG,0,4067775
xylFp,0.25,3,3,TACGTACCGATTATTCGGCT,0,4066274
xylFp,0.25,3,3,TACGAGAATTAACTGCATTG,0,4061045
xylFp,0.25,3,3,TACCGTCACTTGCAGCCAAG,0,4077901
xylFp,0.25,3,3,TACCGGGCGCACCGCTTATA,0,4076514
xylFp,0.25,3,3,TACCCTTTGATCAGGCGTAC,0,4065342
xylFp,0.25,3,3,TACCATTTAGTTAAAGTAGT,0,4063528
xylFp,0.25,3,3,TACCAGTGCTTCCCCTGTCG,0,4063361
xylFp,0.25,3,3,TACATGCGATGCGTGCCAAG,0,4062811
xylFp,0.25,3,3,TAATTCTGCTAGGCAGGGTG,0,4072179
xylFp,0.25,3,3,TAATCTTGAGTTACAGCCGG,0,4058234
xylFp,0.25,3,3,TAATATTAGACTATGATCAC,0,4060655
xylFp,0.25,3,3,TAAGTCCGAAGGCTTCGGGT,0,4071223
xylFp,0.25,3,3,TAAGGGGAACACGACCGTTC,0,4070145
xylFp,0.25,3,3,TAAGATCTGAATCGAGTAGG,0,4074546
xylFp,0.25,3,3,TAACTCCGAGGGACGTGGAA,0,4064171
xylFp,0.25,3,3,TAACCATTGTGGGGACCACG,0,4055680
xylFp,0.25,3,3,TAACACATTTGTCTCCTAAA,0,4074942
xylFp,0.25,3,3,TAAATGACCTCTGTCGCCTA,0,4078116
xylFp,0.25,3,3,TAAAAGTGGCTGAGTCCCAC,0,4074892
xylFp,0.25,3,3,TAAAACTGTAATTTGTTCGC,0,4060271
xylFp,0.25,3,3,GTTTCGGCGGTGAAGTCGCT,0,4072612
xylFp,0.25,3,3,GTTGTACTGGGAGGGAGATA,0,4062629
xylFp,0.25,3,3,GTTGGTACATGGCAGGCAGT,0,4058267
xylFp,0.25,3,3,GTTGGCAATATCCATCATGT,0,4062593
xylFp,0.25,3,3,GTTGCTGACCGTATGGCGAA,0,4058936
xylFp,0.25,3,3,GTTCTTGGTTGTACCAGAAG,0,4076045
xylFp,0.25,3,3,GTTCGTGAATCTATTACGGC,0,4055378
xylFp,0.25,3,3,GTTCATCTACCATTTTGTTT,0,4070321
xylFp,0.25,3,3,GTTATTTGAAAGACTGGTCT,0,4059047
xylFp,0.25,3,3,GTTATTCACACACTTGCGGG,0,4058016
xylFp,0.25,3,3,GTTATTAAGATTGGCGGGGG,0,4076841
xylFp,0.25,3,3,GTTACGACGCCCGACATCAT,0,4055834
xylFp,0.25,3,3,GTTACCCGGACCAAGTGGCT,0,4071839
xylFp,0.25,3,3,GTGTTGCAAATTGATCGCAA,0,4057056
xylFp,0.25,3,3,GTGTCGGAGCTGTCTGTACG,0,4058644
xylFp,0.25,3,3,GTGTAAGTGCTTGTGGCGCT,0,4059157
xylFp,0.25,3,3,GTGCTCAGATACTCATGGGG,0,4074224
xylFp,0.25,3,3,GTGCGTCAGCAGGGAGATCC,0,4067779
xylFp,0.25,3,3,GTGCCCGTTGGGGCGGGAAT,0,4066568
xylFp,0.25,3,3,GTGCCACCGTCTGCCGTAGC,0,4067101
xylFp,0.25,3,3,GTGCAGCCTGACTTTAATTT,0,4060000
xylFp,0.25,3,3,GTGATAAAAACGCTCCAGCC,0,4065813
xylFp,0.25,3,3,GTGAGACTCCGTGGACACAG,0,4058194
xylFp,0.25,3,3,GTCTCGTCAATAGTCATCTA,0,4064909
xylFp,0.25,3,3,GTCTCGCAGGGGATTCTTAA,0,4065733
xylFp,0.25,3,3,GTCTCCGGTCCCGCTTAAAG,0,4055717
xylFp,0.25,3,3,GTCTACTGGCAATACGTTAT,0,4074226
xylFp,0.25,3,3,GTCGGTTATGAGGGTAATCC,0,4057499
xylFp,0.25,3,3,GTCGGTTATCACTGTCAGGG,0,4069869
xylFp,0.25,3,3,GTCGGGCATATGATCCCAAC,0,4071602
xylFp,0.25,3,3,GTCGCGGGTGCCCCTGGTTC,0,4062942
xylFp,0.25,3,3,GTCGCCTCATCTCAAGAGCA,0,4071447
xylFp,0.25,3,3,GTCATTCTTTAAGTAAAGCG,0,4065969
xylFp,0.25,3,3,GTCATGTATAGTGCTAACGA,0,4068518
xylFp,0.25,3,3,GTCAATCGCCAGACGCAATC,0,4059487
xylFp,0.25,3,3,GTCAAGGGATTGTATTCTCT,0,4075345
xylFp,0.25,3,3,GTCAACTACCTGCGACCGAA,0,4069078
xylFp,0.25,3,3,GTATGCACGCCGGACTGTGG,0,4065978
xylFp,0.25,3,3,GTATACGTTACTTTACAGTC,0,4056905
xylFp,0.25,3,3,GTAGCAACCTCTATAGGGGG,0,4055442
xylFp,0.25,3,3,GTACTCTAAAACCCGTAAAC,0,4064138
xylFp,0.25,3,3,GTACCCGTTGGAAGGACCCG,0,4067684
xylFp,0.25,3,3,GTAATACAGAAAATCCTGGT,0,4072533
xylFp,0.25,3,3,GTAAGAGAAATGCCCCCCAA,0,4068879
xylFp,0.25,3,3,GTAAAGAAACCATGCACATT,0,4074441
xylFp,0.25,3,3,GGTTTCAGGTTAGAACAGAC,0,4062831
xylFp,0.25,3,3,GGTTTATACTTGTCTAACAT,0,4071812
xylFp,0.25,3,3,GGTTGCCGTACTGATAAGCT,0,4061126
xylFp,0.25,3,3,GGTTCGATCCAACGTACCAT,0,4072860
xylFp,0.25,3,3,GGTTATCGCGATACCCGATC,0,4076256
xylFp,0.25,3,3,GGTTAGGAAGGTATGATTGA,0,4058896
xylFp,0.25,3,3,GGTTAGAATGAATAACTAAC,0,4058712
xylFp,0.25,3,3,GGTGGATGTAACGAGCGCCC,0,4061172
xylFp,0.25,3,3,GGTGGACCCAACTCGTCACG,0,4059927
xylFp,0.25,3,3,GGTGCGTTTAGGAATATGAA,0,4065466
xylFp,0.25,3,3,GGTCTTTAGCGTGGAGACTG,0,4062739
xylFp,0.25,3,3,GGTCTCTGCTCGATCTAGGA,0,4055496
xylFp,0.25,3,3,GGTCGGCTCAGCCTAAGACA,0,4070298
xylFp,0.25,3,3,GGTCGCGTCCCCACCTAGCA,0,4077993
xylFp,0.25,3,3,GGTCCTCCCGAATCAGTCAG,0,4068025
xylFp,0.25,3,3,GGTCCCGGAGGCCGCGACAA,0,4072275
xylFp,0.25,3,3,GGTATTGCCTAAGGCAACCC,0,4066807
xylFp,0.25,3,3,GGTAGGGTGCCAGACAAGGC,0,4056922
xylFp,0.25,3,3,GGTAGCTGACTTCTGCGACG,0,4068915
xylFp,0.25,3,3,GGTACCAGTGTCACTAGCCA,0,4071253
xylFp,0.25,3,3,GGTAAAATAAACGTACGATT,0,4072803
xylFp,0.25,3,3,GGGTGTTAGATGGCGCTGAC,0,4056269
xylFp,0.25,3,3,GGGTGAGCGTGCTGTATATG,0,4063875
xylFp,0.25,3,3,GGGTCTGGGATCCCTACGCT,0,4068683
xylFp,0.25,3,3,GGGGCTTAATTTCGCTCTCC,0,4057986
xylFp,0.25,3,3,GGGGCCGCTCATATCCGGTA,0,4072968
xylFp,0.25,3,3,GGGCGTACAGCAGCCGGGAT,0,4065677
xylFp,0.25,3,3,GGGCGTAACGGCTAAACTAA,0,4062274
xylFp,0.25,3,3,GGGCGGATAGTCTCCCTTCG,0,4059855
xylFp,0.25,3,3,GGGCAGATGCGTCTGGCGTA,0,4068316
xylFp,0.25,3,3,GGGAGGTCCTATCAACCAGG,0,4064842
xylFp,0.25,3,3,GGGAGAGAGGCGTTTCACTC,0,4066971
xylFp,0.25,3,3,GGCTGCAATCTACGGTAGTC,0,4056624
xylFp,0.25,3,3,GGCTCTTACACGTGGATGCA,0,4064744
xylFp,0.25,3,3,GGCTATCATCGCTAGTTAAC,0,4065516
xylFp,0.25,3,3,GGCTACAGCACGCTAGTGAA,0,4074851
xylFp,0.25,3,3,GGCGGTGGCACCGGTAAACA,0,4064348
xylFp,0.25,3,3,GGCGCCAGTAGACTAAATGT,0,4057367
xylFp,0.25,3,3,GGCGCCAATACTTGAAGCTC,0,4071329
xylFp,0.25,3,3,GGCGCATGCTCGGTGGGTTT,0,4069961
xylFp,0.25,3,3,GGCCGGTCGATTCAAACAAT,0,4061523
xylFp,0.25,3,3,GGATCTTAGCGTGAGTGGAG,0,4067203
xylFp,0.25,3,3,GGATATATGGATCTGCGCAA,0,4068617
xylFp,0.25,3,3,GGACCACTCTACCAATTCTA,0,4074159
xylFp,0.25,3,3,GGACACTTCGAGCCGCGTCC,0,4064035
xylFp,0.25,3,3,GGACACTGGTAACATAATTT,0,4056141
xylFp,0.25,3,3,GGAAGTAACTATTGCCTGAA,0,4060859
xylFp,0.25,3,3,GGAAAGCGGGCGTACTTTTC,0,4064394
xylFp,0.25,3,3,GGAAAATCACAATTGCACCG,0,4060521
xylFp,0.25,3,3,GCTGGACTATCTATCAGTTC,0,4055430
xylFp,0.25,3,3,GCTGCCTGGAGACGTCAGAC,0,4069422
xylFp,0.25,3,3,GCTGCACGTGGTGGAGAGTA,0,4058445
xylFp,0.25,3,3,GCTGAGATGTATTCCTGAGC,0,4058700
xylFp,0.25,3,3,GCTCGAAGCCCGCCTATATG,0,4056546
xylFp,0.25,3,3,GCTCATACAGAGGTAGCTTC,0,4058103
xylFp,0.25,3,3,GCTAGGCCGCGGTGGGTAAC,0,4067811
xylFp,0.25,3,3,GCGTTTCCCAACTGAGTGTC,0,4055967
xylFp,0.25,3,3,GCGTAGCGGCTTGAGTACGT,0,4068571
xylFp,0.25,3,3,GCGTAAGCGTGTAGTTTTTC,0,4067523
xylFp,0.25,3,3,GCGGTCCCAACTAAATCGTA,0,4055151
xylFp,0.25,3,3,GCGGGCCTTCGCAGCGCCTA,0,4068613
xylFp,0.25,3,3,GCGGATTTTCCTCGAGCATC,0,4056271
xylFp,0.25,3,3,GCGCGATAGCCAGTGGAAAA,0,4063315
xylFp,0.25,3,3,GCGAGCATCTATCTCTCCGC,0,4076128
xylFp,0.25,3,3,GCGACCGCACGCGGTCGAAT,0,4073423
xylFp,0.25,3,3,GCCTCGGTCTTTTCACGGTC,0,4075046
xylFp,0.25,3,3,GCCTACGGGCAACACACAGG,0,4067342
xylFp,0.25,3,3,GCCTAAATTATATGTCAAGT,0,4070518
xylFp,0.25,3,3,GCCGCCGACATCCAGCCACT,0,4072670
xylFp,0.25,3,3,GCCGATTGACCAATAGACTC,0,4066983
xylFp,0.25,3,3,GCCGAACGTCCTGCGACTAA,0,4065215
xylFp,0.25,3,3,GCCCCATAGTTAAACCGCAA,0,4069803
xylFp,0.25,3,3,GCCAGTGAGCTCTGGGTCAA,0,4062905
xylFp,0.25,3,3,GCCAGGCGCGTGGGAGATAC,0,4072413
xylFp,0.25,3,3,GCCAGACAAGAAAATGATTT,0,4071507
xylFp,0.25,3,3,GCCAGAACCCCTGGACATGC,0,4066489
xylFp,0.25,3,3,GCCAAGGTGCGGGACGGGCA,0,4076099
xylFp,0.25,3,3,GCATGGCCTGAACGGAGCCA,0,4062751
xylFp,0.25,3,3,GCATGATCGACCGTAGGAGT,0,4069570
xylFp,0.25,3,3,GCAGCCAGAGTGGATGGTTA,0,4055726
xylFp,0.25,3,3,GCACGGAATTTTCTATAGAG,0,4070806
xylFp,0.25,3,3,GCAATAGCCCCGAGTAAGGG,0,4056483
xylFp,0.25,3,3,GCAACGTAGCCGTCAACTCC,0,4061360
xylFp,0.25,3,3,GATTTTTCTTATCCAACCAC,0,4072053
xylFp,0.25,3,3,GATTCGACGTCACTCTCCCA,0,4070202
xylFp,0.25,3,3,GATGGGAAATGGCGCAACGC,0,4058705
xylFp,0.25,3,3,GATGGCCAGTTAAAATGATG,0,4061871
xylFp,0.25,3,3,GATGATTTAAGGATCAGAAA,0,4061678
xylFp,0.25,3,3,GATGAGGTACAGTAAGTCCA,0,4078126
xylFp,0.25,3,3,GATGAGGCCTTATTTGCGCG,0,4057896
xylFp,0.25,3,3,GATGAACGGATAACGAATCG,0,4073968
xylFp,0.25,3,3,GATCTAGAAGGGCATACTTA,0,4058796
xylFp,0.25,3,3,GATCGTAGGAGGTATTGGTA,0,4071085
xylFp,0.25,3,3,GATCGGGAGACGCGGTACGT,0,4074051
xylFp,0.25,3,3,GATATCGGTGGGATCCCGAT,0,4057767
xylFp,0.25,3,3,GAGTTCTAGTCAGCATTACG,0,4071811
xylFp,0.25,3,3,GAGTGCCTGTCACTTGGGTA,0,4072376
xylFp,0.25,3,3,GAGTATATCACTCGTCCCAT,0,4071942
xylFp,0.25,3,3,GAGGGAAGCGTGTGTAGAGA,0,4075656
xylFp,0.25,3,3,GAGCTCCTGGACTTCGCGGT,0,4056928
xylFp,0.25,3,3,GAGAATTGGTCCCGGGTGAG,0,4066156
xylFp,0.25,3,3,GAGAAGATTAGGATTTCACT,0,4060354
xylFp,0.25,3,3,GAGAAATCATCAGTATCGAA,0,4055811
xylFp,0.25,3,3,GAGAAACGGCCGCCGCCCGA,0,4064882
xylFp,0.25,3,3,GACGTTCCCGAGTTATAAAT,0,4062024
xylFp,0.25,3,3,GACGTCCGTCGGTTCCACCA,0,4075673
xylFp,0.25,3,3,GACGGTCGTGCCATGACATT,0,4058426
xylFp,0.25,3,3,GACGGCTGTCAAACGCTTCA,0,4076041
xylFp,0.25,3,3,GACGCATGCTAGACAATTAA,0,4071108
xylFp,0.25,3,3,GACCTCTGTAGGCCAGACGC,0,4055663
xylFp,0.25,3,3,GACCGTGGTATGCATACGAA,0,4073706
xylFp,0.25,3,3,GACCGGACTTCCTCAACAGT,0,4071830
xylFp,0.25,3,3,GACCGCACAACCGAGAGTCT,0,4058895
xylFp,0.25,3,3,GACCAGCACTACTATACGCA,0,4066722
xylFp,0.25,3,3,GACATCAGGATAAATCCATA,0,4061352
xylFp,0.25,3,3,GACAAACGAGGACAGTGAAA,0,4066799
xylFp,0.25,3,3,GAATTATTGTCGCGAGGAAG,0,4067935
xylFp,0.25,3,3,GAATCGCCTTCCCGTATCGG,0,4073725
xylFp,0.25,3,3,GAAGGCATACCCAAGCAATG,0,4062468
xylFp,0.25,3,3,GAAAAGTATTGGCGCCCCTG,0,4062313
xylFp,0.25,3,3,GAAAAAGGGGCCTAACGTTC,0,4074913
xylFp,0.25,3,3,CTTTGTCAGCTGCACCACAT,0,4076164
xylFp,0.25,3,3,CTTGTTGCATATTGCGGATT,0,4077877
xylFp,0.25,3,3,CTTGGGGTGAAGTAGATTCC,0,4066378
xylFp,0.25,3,3,CTTGGGAACAAGTCGTTACC,0,4076058
xylFp,0.25,3,3,CTTCGCAGTCCCCTCCATCA,0,4069292
xylFp,0.25,3,3,CTTCCGATGCCATTTGGTGT,0,4070450
xylFp,0.25,3,3,CTTCCAGAGTAATCTCTCGT,0,4071883
xylFp,0.25,3,3,CTTCCACGGGCCAAACCCTA,0,4073810
xylFp,0.25,3,3,CTTCACGTAGCCTGCCGGCC,0,4058307
xylFp,0.25,3,3,CTTATCGATTAGAACGGTCT,0,4073711
xylFp,0.25,3,3,CTGTGTGAATCTCTACTCAC,0,4069884
xylFp,0.25,3,3,CTGTGGTGAGCTCTAGACGA,0,4076485
xylFp,0.25,3,3,CTGTGCGATAGCTCGGCTTT,0,4074526
xylFp,0.25,3,3,CTGTGAATGTGCGTCTACAG,0,4059770
xylFp,0.25,3,3,CTGTCTATCCGCCGACAAAT,0,4058091
xylFp,0.25,3,3,CTGGTCCTTAGGTCGAGTAT,0,4063391
xylFp,0.25,3,3,CTGGGCGCTAGGAAGTTTGT,0,4062365
xylFp,0.25,3,3,CTGGGCCAACCTTCTTGTGT,0,4055295
xylFp,0.25,3,3,CTGGCTGTCTCTATGATCAC,0,4062138
xylFp,0.25,3,3,CTGCGCTAATTGGTGAGTAG,0,4061228
xylFp,0.25,3,3,CTGCAGTAATGAATTTTAAG,0,4061670
xylFp,0.25,3,3,CTGCAGCACTTTAAAAAGCA,0,4070884
xylFp,0.25,3,3,CTGCACTGCGGGCAGCCCCC,0,4074834
xylFp,0.25,3,3,CTCTTAAATGCGCATCATTC,0,4073757
xylFp,0.25,3,3,CTCTCTGGAAAAGCCATACG,0,4058556
xylFp,0.25,3,3,CTCGCTTTGATCCAGGATGT,0,4073146
xylFp,0.25,3,3,CTCGCTAGGCTCTGCGATAC,0,4061771
xylFp,0.25,3,3,CTCGATTTGACTGGAGCTCA,0,4068058
xylFp,0.25,3,3,CTCCTAGACTAGGTTCAACA,0,4058637
xylFp,0.25,3,3,CTCCAGTGTCTACAAGGAAT,0,4055964
xylFp,0.25,3,3,CTCATGATTAGGAGCCCAGG,0,4058791
xylFp,0.25,3,3,CTCAGCTCCTGATTTCGATG,0,4072876
xylFp,0.25,3,3,CTCACGGAAGCGGCTACGTT,0,4070395
xylFp,0.25,3,3,CTCAACTGAGAGAAAGCCGG,0,4066535
xylFp,0.25,3,3,CTATAACAAGCCGGGGGTGC,0,4062779
xylFp,0.25,3,3,CTAGGTGACAAGGTACCGGA,0,4065303
xylFp,0.25,3,3,CTAGGGCCGGGGGACGACGA,0,4059582
xylFp,0.25,3,3,CTACGTGTTCTGGGCTTCTA,0,4063416
xylFp,0.25,3,3,CTAATTCGCGAGTGAGAGGT,0,4061710
xylFp,0.25,3,3,CTAAGTTACGCATTGTTGGC,0,4055447
xylFp,0.25,3,3,CTAAAATGGTTCTTCTCTAG,0,4061856
xylFp,0.25,3,3,CGTTGAAACGTCCACCTGCA,0,4057987
xylFp,0.25,3,3,CGTTCTAATCTCAACGATGC,0,4075168
xylFp,0.25,3,3,CGTTCCCGGAATAAGTTCAA,0,4058402
xylFp,0.25,3,3,CGTGTCCATCGTCATGGCTA,0,4059340
xylFp,0.25,3,3,CGTGTATTATCGGTCAGGGA,0,4058509
xylFp,0.25,3,3,CGTGGTTGACACAGATCGGA,0,4069326
xylFp,0.25,3,3,CGTGAGTGTCGTTACCGGCA,0,4055381
xylFp,0.25,3,3,CGTGACCCCCCATATGAAAC,0,4056861
xylFp,0.25,3,3,CGTATGTTACGTGATCACGA,0,4075737
xylFp,0.25,3,3,CGTAGTCCGCGCCAGCCCTC,0,4078015
xylFp,0.25,3,3,CGTAGACACATGTGACATGT,0,4073463
xylFp,0.25,3,3,CGGTTAAGGCCTGACACCCA,0,4074639
xylFp,0.25,3,3,CGGTCCTCCGCCGAGCACCA,0,4057377
xylFp,0.25,3,3,CGGTATTAACCTTGCGCAGA,0,4057109
xylFp,0.25,3,3,CGGGACACTTCGTCAACCAC,0,4077512
xylFp,0.25,3,3,CGGCCTTCCGACTGCAAGCA,0,4073666
xylFp,0.25,3,3,CGGCCTCCTAAGGGGTTGGG,0,4068974
xylFp,0.25,3,3,CGGCAGTGTGACTTTGTATA,0,4059515
xylFp,0.25,3,3,CGGCAACTGCCTATGCCAAA,0,4064041
xylFp,0.25,3,3,CGGATTAAGAACTCTTAAGG,0,4068809
xylFp,0.25,3,3,CGCTTATTGCTTTGGTCGCA,0,4058096
xylFp,0.25,3,3,CGCTTACTTTTTGGTTGTCG,0,4075576
xylFp,0.25,3,3,CGCGGACAGCGGGTCCAACA,0,4072345
xylFp,0.25,3,3,CGCGCCTACTCAAGAGAGCA,0,4059577
xylFp,0.25,3,3,CGCCGGCCCCAACATTCAGG,0,4068443
xylFp,0.25,3,3,CGCATGCAGCTTCGCCTTCC,0,4071457
xylFp,0.25,3,3,CGATGCCGCACTCGCCGTAG,0,4063050
xylFp,0.25,3,3,CGATAGATTTCGAAGTTCGG,0,4071231
xylFp,0.25,3,3,CGATACGTGGGACATAGTCG,0,4069890
xylFp,0.25,3,3,CGATAAGATGTTACACGTAT,0,4068924
xylFp,0.25,3,3,CGAGGTGTCAGTATGAGCGG,0,4072691
xylFp,0.25,3,3,CGAGCAGCAGGTGAGCTTAA,0,4061707
xylFp,0.25,3,3,CGAGATACAGGGCAAGTAAC,0,4065241
xylFp,0.25,3,3,CGACGGTCGCTTAGCTACAG,0,4078130
xylFp,0.25,3,3,CGAATATGGGAGGCGGTTAT,0,4077788
xylFp,0.25,3,3,CGAACAGTTAGCATTTTACT,0,4057466
xylFp,0.25,3,3,CGAAACCGCTATTCAAAAAG,0,4066362
xylFp,0.25,3,3,CCTTGCTGAGGATTGACGAA,0,4062524
xylFp,0.25,3,3,CCTTCTCGCGATTGCCGTCC,0,4069287
xylFp,0.25,3,3,CCTTCTAGTTGTTGCCGTGC,0,4067747
xylFp,0.25,3,3,CCTTACGCGTCACGAGTAGT,0,4073453
xylFp,0.25,3,3,CCTGTGCGATCTAGATCCTG,0,4077624
xylFp,0.25,3,3,CCTGGTGTCGCCGTTCCCTC,0,4066935
xylFp,0.25,3,3,CCTGGGCACTATAGGGTGGG,0,4058479
xylFp,0.25,3,3,CCTGGACATGGCGCTACAGT,0,4070050
xylFp,0.25,3,3,CCTGCGTTGGACAGGGCTCC,0,4070166
xylFp,0.25,3,3,CCTCGAGATTCGTATCGAGA,0,4058268
xylFp,0.25,3,3,CCTAGTTACGCAGGAATAGC,0,4064616
xylFp,0.25,3,3,CCTACCAGCCACGGGCTGGT,0,4072581
xylFp,0.25,3,3,CCGTGCTCTTCGGCAGGTGG,0,4063192
xylFp,0.25,3,3,CCGTCGTACTAAGGAGGACG,0,4070234
xylFp,0.25,3,3,CCGTCGGGGGTCGGGAGCAA,0,4055283
xylFp,0.25,3,3,CCGTCCGCCGCGGTTTACTT,0,4068489
xylFp,0.25,3,3,CCGTATACTCATTCCACGGA,0,4056154
xylFp,0.25,3,3,CCGGATGGTGAGAATGACGC,0,4055112
xylFp,0.25,3,3,CCGGAGCTAAAGCGGGCCAT,0,4062713
xylFp,0.25,3,3,CCGGAGAGCGTGTGGTGGTC,0,4058751
xylFp,0.25,3,3,CCGGACATCCGTTGGTCGGT,0,4074795
xylFp,0.25,3,3,CCGCCAAAATACCCTGAACT,0,4073692
xylFp,0.25,3,3,CCGAGTAGTGCCATCTGGGG,0,4057114
xylFp,0.25,3,3,CCGAGCGCCAGCCATATGCA,0,4061851
xylFp,0.25,3,3,CCGAGAGATAAAGGGAGCGT,0,4075381
xylFp,0.25,3,3,CCCTTTCGTGGGCATGTGAT,0,4071987
xylFp,0.25,3,3,CCCCTGGTATTCCTGCAACT,0,4076116
xylFp,0.25,3,3,CCCCATCTGGATCATGCGGT,0,4072129
xylFp,0.25,3,3,CCCCACTTGCAACGCAGAGG,0,4073780
xylFp,0.25,3,3,CCATGTACCACAATACTGAG,0,4061011
xylFp,0.25,3,3,CCATGACGGTGCTTCTAGAC,0,4072823
xylFp,0.25,3,3,CCATCACTCAGCCCCGGTAA,0,4072346
xylFp,0.25,3,3,CCATACCGCTCTAGTTGTCT,0,4070003
xylFp,0.25,3,3,CCAGTTGAACCGCAGACCAA,0,4071543
xylFp,0.25,3,3,CCAGTTCATAGTCCGGCCCC,0,4056954
xylFp,0.25,3,3,CCAGGGGATAGTTTCCACGT,0,4075921
xylFp,0.25,3,3,CCAGCAGTACGGAGCTCTGC,0,4071304
xylFp,0.25,3,3,CCACTCAAGTAGTATCGGTA,0,4061084
xylFp,0.25,3,3,CCACAGTCGGTATGGTCAAC,0,4063089
xylFp,0.25,3,3,CCAAGGGTGATGCCCCGGTT,0,4076736
xylFp,0.25,3,3,CCAAACCTTTCAGTTTGGTA,0,4065503
xylFp,0.25,3,3,CATTTTGTCGCCCATGGGAG,0,4055817
xylFp,0.25,3,3,CATTTTGACACGGAATTAGT,0,4064504
xylFp,0.25,3,3,CATTGAGGCTCACATGGCGT,0,4065149
xylFp,0.25,3,3,CATTAGCGGTCATGAACGCT,0,4071732
xylFp,0.25,3,3,CATGTCAAATACCGGGTCAC,0,4075369
xylFp,0.25,3,3,CATGGTAGTGGGGGATCGCA,0,4062564
xylFp,0.25,3,3,CATGGGATTATACACGTGGT,0,4059815
xylFp,0.25,3,3,CATGGACATGCTTCTAGGAG,0,4059999
xylFp,0.25,3,3,CATGCATTTAGCTTTGTTAA,0,4070147
xylFp,0.25,3,3,CATGAGATACTGGTAGAGCG,0,4075573
xylFp,0.25,3,3,CATCCGTCTGCGCGTTAGGG,0,4071525
xylFp,0.25,3,3,CAGTGAGGTCCGCCGTGTTG,0,4061401
xylFp,0.25,3,3,CAGTCCTGGTTGCCAATGGC,0,4073774
xylFp,0.25,3,3,CAGTAAGGCAGACGATTGAG,0,4068041
xylFp,0.25,3,3,CAGGCATACGTTCAAATGCC,0,4074955
xylFp,0.25,3,3,CAGGCAGGCCCCGAACCGTG,0,4068486
xylFp,0.25,3,3,CAGCGGGTGGGTGCAGTCCC,0,4065565
xylFp,0.25,3,3,CAGCCATCACGCAGGTGAGT,0,4062773
xylFp,0.25,3,3,CAGCAATTAGGTTCCCGAAG,0,4065170
xylFp,0.25,3,3,CAGATGGCTCACTCGGGACC,0,4069697
xylFp,0.25,3,3,CAGAGGCTGCATTGCAAAGT,0,4064274
xylFp,0.25,3,3,CACTTGTGGAGCCATGCGGA,0,4069223
xylFp,0.25,3,3,CACTGCCGGATGTGCGGCAC,0,4077679
xylFp,0.25,3,3,CACTCTTATAAGCGTTCGAA,0,4071938
xylFp,0.25,3,3,CACTCGTATTCCGCTCGTGA,0,4057450
xylFp,0.25,3,3,CACTAATTTCATCTCATCCG,0,4066349
xylFp,0.25,3,3,CACTAAGTGGGATCACAAGA,0,4067275
xylFp,0.25,3,3,CACGCGGTGCGAAGGCATGT,0,4058746
xylFp,0.25,3,3,CACGAGGAAAAAGTTAGGAT,0,4061781
xylFp,0.25,3,3,CACCCAGGCCAGAACATATA,0,4069044
xylFp,0.25,3,3,CACATGGATCCGGGCTACGA,0,4064011
xylFp,0.25,3,3,CAAGGTTCATATAGAGGTGC,0,4065869
xylFp,0.25,3,3,CAAGGTATACCGGATACAGG,0,4071653
xylFp,0.25,3,3,CAAGAACACCTGTAATGTGT,0,4073876
xylFp,0.25,3,3,CAACTGTGCTGGGGGAGGGA,0,4070793
xylFp,0.25,3,3,CAACTGATGCCGCCCATAGT,0,4057971
xylFp,0.25,3,3,CAACGTTCCGGCACGGATGG,0,4061563
xylFp,0.25,3,3,CAACGTTCCCAGTGACTCAC,0,4062563
xylFp,0.25,3,3,CAACGGATCTGGTTTGCGCT,0,4066557
xylFp,0.25,3,3,CAAATATTCAACGCTCGGGA,0,4057236
xylFp,0.25,3,3,CAAACCCGCTTGTTGAGGAT,0,4065228
xylFp,0.25,3,3,CAAACATGGCGAGGGTTTTC,0,4063476
xylFp,0.25,3,3,CAAACACGCTTGTACACGGT,0,4060370
xylFp,0.25,3,3,CAAACAAGGGTGCACTTCGG,0,4060126
xylFp,0.25,3,3,CAAAATGGATTACATGATCT,0,4072197
xylFp,0.25,3,3,CAAAAATCATCGTTCACCTC,0,4077006
xylFp,0.25,3,3,ATTTCGAACGTCTTGGCACC,0,4069565
xylFp,0.25,3,3,ATTGTGCACTACCTGTATGG,0,4067028
xylFp,0.25,3,3,ATTGTCGCGCAGAGATGGCG,0,4069923
xylFp,0.25,3,3,ATTGGGGGCACAACGCGCCT,0,4062085
xylFp,0.25,3,3,ATTGGGCATAGGTTTTGTGT,0,4076812
xylFp,0.25,3,3,ATTCCTTCACGATCGAACAA,0,4066906
xylFp,0.25,3,3,ATTCCCGTCAAGGCTGCCGG,0,4064069
xylFp,0.25,3,3,ATTCAGATATTTGTCTCTGT,0,4057958
xylFp,0.25,3,3,ATTATAAACACTCCCTCGTC,0,4070837
xylFp,0.25,3,3,ATTAAATGTCACATGGTGCC,0,4062426
xylFp,0.25,3,3,ATGTTCCCTGCGTATACCGG,0,4057845
xylFp,0.25,3,3,ATGTGACGCCATATACATAT,0,4056867
xylFp,0.25,3,3,ATGGTTACTCCATTGCCCTT,0,4062828
xylFp,0.25,3,3,ATGGGTTTAATGTATCTAAA,0,4055779
xylFp,0.25,3,3,ATGGGGTTTAACGCAAAGAA,0,4073875
xylFp,0.25,3,3,ATGGCAAAATAGGGATAACC,0,4055883
xylFp,0.25,3,3,ATGGATGAGGTGATGGCTAG,0,4058575
xylFp,0.25,3,3,ATGCTGGGGAATCTTTGGAT,0,4056643
xylFp,0.25,3,3,ATGCTCTTAATGAATGAAGC,0,4059470
xylFp,0.25,3,3,ATGCCTGCCCGGTCTGGCCA,0,4074436
xylFp,0.25,3,3,ATGCATAGAGTAAACTGAGC,0,4073384
xylFp,0.25,3,3,ATGCAGCTTGGGCGAAAGGG,0,4076849
xylFp,0.25,3,3,ATGATATTGCCTGTCAACAA,0,4065238
xylFp,0.25,3,3,ATGATACGGGAGTATATTAT,0,4075192
xylFp,0.25,3,3,ATCTTCGATACCACGTCTAG,0,4059504
xylFp,0.25,3,3,ATCTGTTGGACAACTTTCGG,0,4059990
xylFp,0.25,3,3,ATCGTGGAACTAGGGGTGAA,0,4073268
xylFp,0.25,3,3,ATCGTCTAACGGGCGGTGTA,0,4070077
xylFp,0.25,3,3,ATCGGTACGGCTCATTCCAC,0,4063489
xylFp,0.25,3,3,ATCGCAGCGGGTCACCGTAT,0,4076230
xylFp,0.25,3,3,ATCGCAAGTGGTAAAGTTTC,0,4057795
xylFp,0.25,3,3,ATCCGTGGCATCACACGGGT,0,4063046
xylFp,0.25,3,3,ATCCATCATCCAAAGGCGAT,0,4078125
xylFp,0.25,3,3,ATCATGGGAATGATCACTGA,0,4063381
xylFp,0.25,3,3,ATATTAATTATGAAAACAAG,0,4076641
xylFp,0.25,3,3,ATATCACTAACTGGAACATG,0,4057383
xylFp,0.25,3,3,ATATACGGGTTACGAACTTG,0,4077268
xylFp,0.25,3,3,ATAGCGGGGTCGTATTTGAC,0,4062876
xylFp,0.25,3,3,ATACGTGCTATTGTTATTAA,0,4075233
xylFp,0.25,3,3,ATACGTCGTTGCAACAGACT,0,4076739
xylFp,0.25,3,3,ATACCAGAGGTTACGGATTG,0,4074517
xylFp,0.25,3,3,ATAAGCCGAAAGTCGTATGT,0,4063360
xylFp,0.25,3,3,AGTTTATAATCAGCTGCTGC,0,4066625
xylFp,0.25,3,3,AGTTTAGGTGAGGTAGCCGC,0,4058773
xylFp,0.25,3,3,AGTTGTCTAAAAATGCGTGT,0,4075281
xylFp,0.25,3,3,AGTTCCCGGGCGTGAGGCAT,0,4074543
xylFp,0.25,3,3,AGTCTAGGATAAGGGGCCTT,0,4074463
xylFp,0.25,3,3,AGTCATAGCCTAACTTTCTA,0,4062350
xylFp,0.25,3,3,AGTATTTTGGAATAAGGGGA,0,4064754
xylFp,0.25,3,3,AGTATTATGTTTAGGGACCT,0,4074647
xylFp,0.25,3,3,AGTATGACGCATAGGTTCTA,0,4065808
xylFp,0.25,3,3,AGGGTGAATTATGACCATTA,0,4070112
xylFp,0.25,3,3,AGGGGCTCGTCAATGCAGTT,0,4060828
xylFp,0.25,3,3,AGGGGCCTCTTCTACTATAG,0,4060522
xylFp,0.25,3,3,AGGGAAATTCGGGCACGCCA,0,4076564
xylFp,0.25,3,3,AGGCGCTGATGAGGCTGGTC,0,4058506
xylFp,0.25,3,3,AGGCCGTCCTGAGCGAGATG,0,4077184
xylFp,0.25,3,3,AGGCAGGAGCAACAGGGAAC,0,4071444
xylFp,0.25,3,3,AGGATTACGTGTGGGCTTAT,0,4069466
xylFp,0.25,3,3,AGGATGAGAAACCGCATCGG,0,4067224
xylFp,0.25,3,3,AGGAGAGATGATTGGCAATT,0,4075049
xylFp,0.25,3,3,AGGACGGATCTCCCACCAAC,0,4059579
xylFp,0.25,3,3,AGGACCGAAAGTGGGGCTCA,0,4072233
xylFp,0.25,3,3,AGGAAGGGAGACGTGCGACA,0,4056096
xylFp,0.25,3,3,AGCGATACATGCGACCTCAA,0,4063331
xylFp,0.25,3,3,AGCGAGTTTAGTAGAAACCA,0,4057846
xylFp,0.25,3,3,AGCGAGGTCTGCCGTGGGAA,0,4064910
xylFp,0.25,3,3,AGCGAATCGTTACGGTTGCA,0,4073702
xylFp,0.25,3,3,AGCCTGCGCAAGTAGGATTG,0,4072061
xylFp,0.25,3,3,AGCCGCAGGTACGGTATCGT,0,4061891
xylFp,0.25,3,3,AGCCCAAAATCGAGCGCGCA,0,4055829
xylFp,0.25,3,3,AGCCACGAGCGGGTGCGCAT,0,4065444
xylFp,0.25,3,3,AGCAGCAGTGGGGGTGCGAC,0,4072668
xylFp,0.25,3,3,AGCACTACGTGCCCGCGAGC,0,4060727
xylFp,0.25,3,3,AGCAAAGGGGGAAGTACCCA,0,4072169
xylFp,0.25,3,3,AGATTACATGATGCCCTCAT,0,4065049
xylFp,0.25,3,3,AGATCAACGAGGGTATAGAT,0,4062857
xylFp,0.25,3,3,AGATATGAAACCCCGATCGA,0,4073132
xylFp,0.25,3,3,AGAGGGGTACCTCCGGGGAT,0,4059063
xylFp,0.25,3,3,AGAGGATGACTGTGCCGGTC,0,4065719
xylFp,0.25,3,3,AGAGGAGTACTCCTATACAT,0,4073622
xylFp,0.25,3,3,AGAGGAGGTACATTATTTCA,0,4058724
xylFp,0.25,3,3,AGAGGAAGGCGGTTTCAGGT,0,4060230
xylFp,0.25,3,3,AGAGCCGTAAAGTATATGTC,0,4077168
xylFp,0.25,3,3,AGAGCAAACTGGCGCAGGCC,0,4058914
xylFp,0.25,3,3,ACTTAGTATCTTTCCTTCGA,0,4059610
xylFp,0.25,3,3,ACTCTTCTATATTCTGGAGA,0,4071226
xylFp,0.25,3,3,ACTCCTGCCTCAAAGTCTAT,0,4068100
xylFp,0.25,3,3,ACTCCAAAGACCTAATCCCA,0,4072854
xylFp,0.25,3,3,ACTCAAGCACTGATAATGTT,0,4069296
xylFp,0.25,3,3,ACGTTGCTGGCGCTCTCAAG,0,4068043
xylFp,0.25,3,3,ACGTCAGCAACAACATTGGA,0,4067213
xylFp,0.25,3,3,ACGGTTGAATAATTTGGCTT,0,4075341
xylFp,0.25,3,3,ACGGTAGTGCGCCATTATGG,0,4066410
xylFp,0.25,3,3,ACGGGCCAGTGAGACCGTTT,0,4062611
xylFp,0.25,3,3,ACGGCTGACAGAATTTTGGA,0,4074350
xylFp,0.25,3,3,ACGGCGAGCGCAAGCTTCGT,0,4057421
xylFp,0.25,3,3,ACGGATCTATTGAGTCTCCT,0,4073260
xylFp,0.25,3,3,ACGGAGAATCAAAACTAGGT,0,4062425
xylFp,0.25,3,3,ACGCGTTGGTAGCATCTATG,0,4073214
xylFp,0.25,3,3,ACGCGTCAGTCATAGTCATA,0,4062874
xylFp,0.25,3,3,ACGCAGGGGGCTACGACATG,0,4073484
xylFp,0.25,3,3,ACGATCTTCCCACGAGCTCT,0,4073783
xylFp,0.25,3,3,ACGACAGGGTCCTGGCAAGG,0,4077569
xylFp,0.25,3,3,ACGAAATGGGTAACTTAATG,0,4076059
xylFp,0.25,3,3,ACCTTGTATTGGGTCACCAG,0,4065174
xylFp,0.25,3,3,ACCTTGGCCCGGCCCAAAGG,0,4063597
xylFp,0.25,3,3,ACCTCGCATCCACATAGACC,0,4057170
xylFp,0.25,3,3,ACCTAACGTGGGGGAGGGCG,0,4074904
xylFp,0.25,3,3,ACCGTGTGGCTAGTCCCCTT,0,4073513
xylFp,0.25,3,3,ACCGTCGGACATGTCACATC,0,4059248
xylFp,0.25,3,3,ACCGGCGGTACGCCTCGGGC,0,4065101
xylFp,0.25,3,3,ACCGGCCCCAGCAGGCACCT,0,4062020
xylFp,0.25,3,3,ACCGCTGCAGACGTTCACTC,0,4062176
xylFp,0.25,3,3,ACCCGAAACTTTTTATCAGA,0,4066682
xylFp,0.25,3,3,ACATGTCAGATCGCTAGGCT,0,4067636
xylFp,0.25,3,3,ACATGCCGCAACAAGGAGTC,0,4055865
xylFp,0.25,3,3,ACATCAGCCATACCTATTAT,0,4064939
xylFp,0.25,3,3,ACATAGCAGGGCGGGTTTTT,0,4055810
xylFp,0.25,3,3,ACAGACACTCTCTTCTGTGC,0,4075292
xylFp,0.25,3,3,ACACGCGTCCGTTAGCCTTG,0,4078284
xylFp,0.25,3,3,ACAATCGTTTAAAGAGAATA,0,4070940
xylFp,0.25,3,3,ACAAGATCCATCAACAAGGT,0,4076072
xylFp,0.25,3,3,AATTTAATTGCACACCAACC,0,4063958
xylFp,0.25,3,3,AATTGTGTCCGGGTCTAAAT,0,4078244
xylFp,0.25,3,3,AATTGCGAGCTTCTACATGA,0,4067991
xylFp,0.25,3,3,AATGAGGCCACACGGAGCGT,0,4065639
xylFp,0.25,3,3,AATCTCTGGCGTAGAAATCT,0,4067669
xylFp,0.25,3,3,AATCGGTGTAGGCCTTGTTC,0,4073570
xylFp,0.25,3,3,AATCCGGATGAGCCCAATGT,0,4076281
xylFp,0.25,3,3,AATCATGTTGGAGGCACATG,0,4067774
xylFp,0.25,3,3,AATATTAAGCGAAGTGTACT,0,4060777
xylFp,0.25,3,3,AATACATTTACACAGGGCAT,0,4056897
xylFp,0.25,3,3,AAGTTCATGCCCATGGTCCG,0,4064425
xylFp,0.25,3,3,AAGTCCCCGAATAGAGTACA,0,4068566
xylFp,0.25,3,3,AAGTACTTAGAACGCTAGTC,0,4070635
xylFp,0.25,3,3,AAGGGTGTTCCTATGCCGAC,0,4061809
xylFp,0.25,3,3,AAGGGGGGTTGTCAGGCGTT,0,4059544
xylFp,0.25,3,3,AAGGGCCATGCACAAAGGCT,0,4063261
xylFp,0.25,3,3,AAGCTAGATCATATCAGCAA,0,4070098
xylFp,0.25,3,3,AAGCGTGCGTCTGGCTGCGG,0,4059121
xylFp,0.25,3,3,AAGCGCGAATACGTACAATA,0,4072394
xylFp,0.25,3,3,AAGCCTCAAGAAGCTGACCA,0,4076390
xylFp,0.25,3,3,AAGCCATAGGATCCGTTAAC,0,4059108
xylFp,0.25,3,3,AAGCAGAGTTGTGTAGTGTT,0,4073614
xylFp,0.25,3,3,AAGATTAAGCGTGACTAAAG,0,4061381
xylFp,0.25,3,3,AACGGGAAGAGCACAAGTTG,0,4063586
xylFp,0.25,3,3,AACCGCCAATGAAGTTTCCG,0,4057283
xylFp,0.25,3,3,AACAACGCGTTTCACCAGCC,0,4063843
xylFp,0.25,3,3,AAATTGAGTGTCCCGAGGGT,0,4076505
xylFp,0.25,3,3,AAATGGGCCACCATCACTAG,0,4068616
xylFp,0.25,3,3,AAATCCATACGTTCGTTCTT,0,4074998
xylFp,0.25,3,3,AAAGTTTGCTGCCAACCCAC,0,4073183
xylFp,0.25,3,3,AAAGTATATCGTCACCAGTA,0,4074044
xylFp,0.25,3,3,AAAGGTACGATATCCAACTG,0,4058677
xylFp,0.25,3,3,AAAGGCCGTAAGCCCGCCCT,0,4078029
xylFp,0.25,3,3,AAAGCGCTCACTCCAAATCG,0,4070539
xylFp,0.25,3,3,AAACCATAATTCACCCCTAA,0,4062896
xylFp,0.25,3,3,AAAATAGTCCCTAGGTAAGA,0,4056522
xylFp,0.3333333333333333,2,2,TTTTTGCGTTCTTCATCTCC,0,4058262
xylFp,0.3333333333333333,2,2,TTTGTCCAGGTGGCAACTCG,0,4076836
xylFp,0.3333333333333333,2,2,TTTGGGCGGTTTCTCACCCT,0,4057444
xylFp,0.3333333333333333,2,2,TTTGCAAGCCCTAACTTTGT,0,4059614
xylFp,0.3333333333333333,2,2,TTTCTAGAGTTTTAACTTGT,0,4058723
xylFp,0.3333333333333333,2,2,TTTCTAATCGAGTGAAATAG,0,4056671
xylFp,0.3333333333333333,2,2,TTTCCTAGGCGTGCGCATAC,0,4075146
xylFp,0.3333333333333333,2,2,TTTCCGATTGAGCCCACTAA,0,4061831
xylFp,0.3333333333333333,2,2,TTTCAACCCTTAAGGTCAGA,0,4068721
xylFp,0.3333333333333333,2,2,TTTATCTACGATCGCCACCT,0,4057796
xylFp,0.3333333333333333,2,2,TTTACGGTTCGGAATAAGGG,0,4059440
xylFp,0.3333333333333333,2,2,TTTAATAGGTTATGAGCCTA,0,4059489
xylFp,0.3333333333333333,2,2,TTGTTAATCTAATCCCATAT,0,4074333
xylFp,0.3333333333333333,2,2,TTGTGTTCCCTGCGTTCATG,0,4061530
xylFp,0.3333333333333333,2,2,TTGTGGGTATCCTGATTGCC,0,4065665
xylFp,0.3333333333333333,2,2,TTGGTACGGGCCTCCGCGCG,0,4057442
xylFp,0.3333333333333333,2,2,TTGGCTGGGAGTGTTAATGG,0,4070446
xylFp,0.3333333333333333,2,2,TTGGCTAGCTTCTCTGACCA,0,4066224
xylFp,0.3333333333333333,2,2,TTGGCGGTTCTCGACGCTGG,0,4065788
xylFp,0.3333333333333333,2,2,TTGGCGCGCCGCGTTATCTC,0,4077889
xylFp,0.3333333333333333,2,2,TTGGAATGACATAAGTGAGG,0,4057316
xylFp,0.3333333333333333,2,2,TTGCTTACAAAAACATATGG,0,4065720
xylFp,0.3333333333333333,2,2,TTGCTGTACTGCTATGCAGA,0,4068894
xylFp,0.3333333333333333,2,2,TTGCTGGAGTCTCGATAGTC,0,4056804
xylFp,0.3333333333333333,2,2,TTGCTCAAATTCTAGAATCG,0,4074819
xylFp,0.3333333333333333,2,2,TTGCCTACCGCTGTATAAGC,0,4062900
xylFp,0.3333333333333333,2,2,TTGCCCTTTACACGTGGGTA,0,4066732
xylFp,0.3333333333333333,2,2,TTGCCAGTTCCGTCATGACC,0,4067743
xylFp,0.3333333333333333,2,2,TTGCAGTCGGACAGTAAAAT,0,4078145
xylFp,0.3333333333333333,2,2,TTGCAAGGCGGCTATCAACG,0,4071554
xylFp,0.3333333333333333,2,2,TTGATCGCCACGTATGTCGC,0,4061824
xylFp,0.3333333333333333,2,2,TTGAAGTCTAGAAAGTTTAA,0,4068062
xylFp,0.3333333333333333,2,2,TTGAAACGGTCCATTACGTA,0,4070901
xylFp,0.3333333333333333,2,2,TTCTATTCCACCATTTTTCA,0,4074736
xylFp,0.3333333333333333,2,2,TTCTATAGTGGTCGTATGAA,0,4063807
xylFp,0.3333333333333333,2,2,TTCTAAACTCAATTTCACAC,0,4070972
xylFp,0.3333333333333333,2,2,TTCGGAGTCTACATTGTGTA,0,4055963
xylFp,0.3333333333333333,2,2,TTCGGAAGCCCATTAGGCCG,0,4059233
xylFp,0.3333333333333333,2,2,TTCGCGATAGAAAGCTACTC,0,4076050
xylFp,0.3333333333333333,2,2,TTCGCAAAACCTGCGCGCCT,0,4062066
xylFp,0.3333333333333333,2,2,TTCGAAATGCTTTACAGGTC,0,4057954
xylFp,0.3333333333333333,2,2,TTCCTGACTTCATCAGCTTC,0,4069187
xylFp,0.3333333333333333,2,2,TTCCTCTGGTCGCCCCGTCA,0,4060779
xylFp,0.3333333333333333,2,2,TTCCTCACCGCCCACAATGG,0,4074188
xylFp,0.3333333333333333,2,2,TTCCGACACCTAACCGGTCC,0,4056037
xylFp,0.3333333333333333,2,2,TTCATTTTGACACCTCTTCA,0,4059975
xylFp,0.3333333333333333,2,2,TTCAGTCGCTGGTAAAACGT,0,4075480
xylFp,0.3333333333333333,2,2,TTCAGGAGGCAAGGGTGACA,0,4059754
xylFp,0.3333333333333333,2,2,TTCACTGCCACATTGATGTT,0,4070886
xylFp,0.3333333333333333,2,2,TTCACGGCTAGTCCCGAGAT,0,4076353
xylFp,0.3333333333333333,2,2,TTATTCTGTCCATTGCGAGC,0,4070566
xylFp,0.3333333333333333,2,2,TTATCGTGAGCATCGTATCT,0,4063527
xylFp,0.3333333333333333,2,2,TTAGCCAACACGGTAATAAT,0,4065787
xylFp,0.3333333333333333,2,2,TTAGACTAACTCAGGTAAAT,0,4066077
xylFp,0.3333333333333333,2,2,TTAGACCGCAGAGCGGTTAT,0,4074774
xylFp,0.3333333333333333,2,2,TTACATGGGGCAAGGGCGCG,0,4065668
xylFp,0.3333333333333333,2,2,TTAATGTGTACTTGCTAACC,0,4076921
xylFp,0.3333333333333333,2,2,TTAACTGCAGTTCTCGGGTC,0,4066861
xylFp,0.3333333333333333,2,2,TGTTATGTGCGCACTCTCTC,0,4064517
xylFp,0.3333333333333333,2,2,TGTTATAACCAAGAATAGCA,0,4067856
xylFp,0.3333333333333333,2,2,TGTTACTCGAGAACAGCGCC,0,4062836
xylFp,0.3333333333333333,2,2,TGTTACGACATCGTGGGCAA,0,4068007
xylFp,0.3333333333333333,2,2,TGTTACACACGCTCGATAGT,0,4076336
xylFp,0.3333333333333333,2,2,TGTTAACCATGCCAGGTCCA,0,4059318
xylFp,0.3333333333333333,2,2,TGTGTGTGATAGGGCCACAT,0,4066170
xylFp,0.3333333333333333,2,2,TGTGTACGGCCCGCTAACAA,0,4078077
xylFp,0.3333333333333333,2,2,TGTGCATTTAATAGACGTAC,0,4062183
xylFp,0.3333333333333333,2,2,TGTCTACAAACCGTAGGCCT,0,4064168
xylFp,0.3333333333333333,2,2,TGTCATGAGTAGATGGGTCC,0,4069957
xylFp,0.3333333333333333,2,2,TGTCAGATGTAGGTGGATTT,0,4060149
xylFp,0.3333333333333333,2,2,TGTACATCGGCGTAGCACTC,0,4073801
xylFp,0.3333333333333333,2,2,TGGTTTAGGGTGTCTGGAAG,0,4067643
xylFp,0.3333333333333333,2,2,TGGTCCACAGTCAACTCCTC,0,4068341
xylFp,0.3333333333333333,2,2,TGGTCACCAGGGTCCAGGTG,0,4072149
xylFp,0.3333333333333333,2,2,TGGTAATTTGGGATTTCTTA,0,4067829
xylFp,0.3333333333333333,2,2,TGGGGTGGAAATACAGGGAC,0,4074254
xylFp,0.3333333333333333,2,2,TGGGGGATAGAGGGCACTAC,0,4075726
xylFp,0.3333333333333333,2,2,TGGGGCCGAAGCTGCCGGGG,0,4064501
xylFp,0.3333333333333333,2,2,TGGGGCAGCAGTAGGGTGTT,0,4066958
xylFp,0.3333333333333333,2,2,TGGGCCGCTGCCGATAAGGC,0,4055665
xylFp,0.3333333333333333,2,2,TGGCTTTTATTCCAACCGTA,0,4059767
xylFp,0.3333333333333333,2,2,TGGCTTGAATTCGCATTAAT,0,4073807
xylFp,0.3333333333333333,2,2,TGGCTCATCCCCAGATCTCA,0,4062787
xylFp,0.3333333333333333,2,2,TGGCCGCACTGTTATTGGAT,0,4070825
xylFp,0.3333333333333333,2,2,TGGCATTATTAACGCCCAGA,0,4060134
xylFp,0.3333333333333333,2,2,TGGATGTCCACGGACTTGAT,0,4062699
xylFp,0.3333333333333333,2,2,TGGACTATTCGCTGTGGCGT,0,4062530
xylFp,0.3333333333333333,2,2,TGGAACAATTCTGACGGCTA,0,4061056
xylFp,0.3333333333333333,2,2,TGGAAATAGGCGGATGCGGT,0,4075533
xylFp,0.3333333333333333,2,2,TGCTTGTGGCCTTCAGATAT,0,4077660
xylFp,0.3333333333333333,2,2,TGCGTTCCCACTTCGTCCTG,0,4065489
xylFp,0.3333333333333333,2,2,TGCGCAGTCTCACTCTACAT,0,4070397
xylFp,0.3333333333333333,2,2,TGCCTAAGCCCACACGGGGG,0,4058013
xylFp,0.3333333333333333,2,2,TGCACGTGTACCCAAAGTCT,0,4063810
xylFp,0.3333333333333333,2,2,TGATTAAGTCGTGTACAGGC,0,4055511
xylFp,0.3333333333333333,2,2,TGAGTCAACGCCTATAGACT,0,4059847
xylFp,0.3333333333333333,2,2,TGAGCAGCCCGCGGGTCCTC,0,4056434
xylFp,0.3333333333333333,2,2,TGAGACATCGCGCTCAAGTG,0,4072538
xylFp,0.3333333333333333,2,2,TGACTTGGGCCAGTCAATCT,0,4061429
xylFp,0.3333333333333333,2,2,TGACGGGATGAGGATGCCCA,0,4077794
xylFp,0.3333333333333333,2,2,TGACGAGTACGTTCGCGTTA,0,4069319
xylFp,0.3333333333333333,2,2,TGAAGCCGTACGAACATCCC,0,4055782
xylFp,0.3333333333333333,2,2,TGAACAAGTAATTTAAACGA,0,4070190
xylFp,0.3333333333333333,2,2,TCTTTCTAGAGTTGACAGCA,0,4065169
xylFp,0.3333333333333333,2,2,TCTTTCATATAACTCGCCAC,0,4072653
xylFp,0.3333333333333333,2,2,TCTGGCTCTTTATCTCTGTT,0,4075218
xylFp,0.3333333333333333,2,2,TCTGGCGTAGACTCCTGCGC,0,4067318
xylFp,0.3333333333333333,2,2,TCTGAGAATGCGTAACGCTA,0,4058287
xylFp,0.3333333333333333,2,2,TCTGAATGTCCTGAGATATA,0,4071396
xylFp,0.3333333333333333,2,2,TCTCTGTACGAGAGCGGCCA,0,4065643
xylFp,0.3333333333333333,2,2,TCTCTCTTGATTTCTAAGAA,0,4075941
xylFp,0.3333333333333333,2,2,TCTCCAGACTGGTATGCTTA,0,4074796
xylFp,0.3333333333333333,2,2,TCTCCACGATGGGTGCGAGA,0,4058284
xylFp,0.3333333333333333,2,2,TCTAGTAGTATCTTTGTTCG,0,4072999
xylFp,0.3333333333333333,2,2,TCTAAGGTTTGAACGATCTT,0,4063612
xylFp,0.3333333333333333,2,2,TCGTTTGGCCAGGAGATCGA,0,4060355
xylFp,0.3333333333333333,2,2,TCGTTGATGCGGCATTTCGC,0,4068095
xylFp,0.3333333333333333,2,2,TCGTGAAGGCCGTCGGCCGG,0,4073386
xylFp,0.3333333333333333,2,2,TCGTAAAACAAAAATCAGCA,0,4068797
xylFp,0.3333333333333333,2,2,TCGGTTTCTGATAGTGCTGA,0,4072674
xylFp,0.3333333333333333,2,2,TCGGTCTGTGAGAGGACTGT,0,4076908
xylFp,0.3333333333333333,2,2,TCGGGTCCTTGCGCACGGTA,0,4067226
xylFp,0.3333333333333333,2,2,TCGGGAGTGTGGTAGTATTT,0,4071575
xylFp,0.3333333333333333,2,2,TCGGCGCTCTTAGACGCCAA,0,4074468
xylFp,0.3333333333333333,2,2,TCGGAGCTTAAGATGCGCAA,0,4074114
xylFp,0.3333333333333333,2,2,TCGGAACTAAAGGGGGATCG,0,4068737
xylFp,0.3333333333333333,2,2,TCGCGTTGTATATGTGCCCT,0,4067360
xylFp,0.3333333333333333,2,2,TCGCGATCTTTTGAAGAATT,0,4056574
xylFp,0.3333333333333333,2,2,TCGCCCGCAATCTCCAGGCT,0,4069021
xylFp,0.3333333333333333,2,2,TCGCAACCGCAAAGCCAGTT,0,4067803
xylFp,0.3333333333333333,2,2,TCGAGGAGCTCCCGTTATTC,0,4057389
xylFp,0.3333333333333333,2,2,TCGAGACGGGCCACTACGAA,0,4076130
xylFp,0.3333333333333333,2,2,TCCTGTTTCAGAGTACACTG,0,4068172
xylFp,0.3333333333333333,2,2,TCCTAAGTGTCAGAGGCCCA,0,4073628
xylFp,0.3333333333333333,2,2,TCCGAAACATATTCTCCAGC,0,4072495
xylFp,0.3333333333333333,2,2,TCCCTCGGGCGGTATACAAA,0,4061256
xylFp,0.3333333333333333,2,2,TCCCGTAAGAATTGAGTCTG,0,4057487
xylFp,0.3333333333333333,2,2,TCCCGAGAGCCGAGAGTACT,0,4062796
xylFp,0.3333333333333333,2,2,TCCCAAGGAAATGGAATAAG,0,4066177
xylFp,0.3333333333333333,2,2,TCCAGTAATCATTTGCTTAA,0,4072307
xylFp,0.3333333333333333,2,2,TCCACCAATCCAGTTTCAGT,0,4058161
xylFp,0.3333333333333333,2,2,TCATGTTTGAGTCCATGTGC,0,4056326
xylFp,0.3333333333333333,2,2,TCATGGGCAGATGTGACGCG,0,4073808
xylFp,0.3333333333333333,2,2,TCAGGCCCAGATGACATAGA,0,4060871
xylFp,0.3333333333333333,2,2,TCAGGCACCGAAAGACGGCA,0,4074259
xylFp,0.3333333333333333,2,2,TCAGCAGAACTAGCCAAGAA,0,4076003
xylFp,0.3333333333333333,2,2,TCACTGGTTCGATAGCAGCA,0,4066309
xylFp,0.3333333333333333,2,2,TCACTACCTCTTGTTTATGT,0,4075532
xylFp,0.3333333333333333,2,2,TCACGCGTAATGTGGAGTCT,0,4062893
xylFp,0.3333333333333333,2,2,TCACGATGAAGTTCTGGCGC,0,4065745
xylFp,0.3333333333333333,2,2,TCACATTAAACTTTACCCCA,0,4055852
xylFp,0.3333333333333333,2,2,TCAACGCTTAGGGCCAAGCA,0,4070250
xylFp,0.3333333333333333,2,2,TCAAAGAGAGACGTATGCCT,0,4074331
xylFp,0.3333333333333333,2,2,TATTGTGCCACTTCGCACGC,0,4063924
xylFp,0.3333333333333333,2,2,TATTCTACACATGAACGGAT,0,4063276
xylFp,0.3333333333333333,2,2,TATTCACGGCTCGGATGGAA,0,4072116
xylFp,0.3333333333333333,2,2,TATGCAATACTTGCGTTGCG,0,4072494
xylFp,0.3333333333333333,2,2,TATGAGCGGCGATCAAGGTC,0,4061904
xylFp,0.3333333333333333,2,2,TATGACAAATTATTCCCATG,0,4064687
xylFp,0.3333333333333333,2,2,TATCGTGAGAATCGATCAGA,0,4057935
xylFp,0.3333333333333333,2,2,TATCCTTTTTTAATGGCTTT,0,4064946
xylFp,0.3333333333333333,2,2,TATCCGAAACGTCGCATTGA,0,4065566
xylFp,0.3333333333333333,2,2,TATCAAGAATGTCCAATATT,0,4068286
xylFp,0.3333333333333333,2,2,TATATTATTAATTCGAGTAT,0,4067763
xylFp,0.3333333333333333,2,2,TATAGATCAGATTACCTGCA,0,4076869
xylFp,0.3333333333333333,2,2,TATAGACTCAACAATACGCC,0,4068444
xylFp,0.3333333333333333,2,2,TAGGGGATTATCCCCTATGG,0,4055973
xylFp,0.3333333333333333,2,2,TAGCTCTCTTTTGTTTTGGT,0,4074979
xylFp,0.3333333333333333,2,2,TAGCCTTTGTCTTTAAGAAA,0,4059537
xylFp,0.3333333333333333,2,2,TAGCCCCTGTTTACTAGGCT,0,4064404
xylFp,0.3333333333333333,2,2,TAGCCCATCGTATCAATGCA,0,4066005
xylFp,0.3333333333333333,2,2,TAGCCCAGTTATATTCCGTC,0,4070261
xylFp,0.3333333333333333,2,2,TAGCAAATTGCGTCTGCGTC,0,4064954
xylFp,0.3333333333333333,2,2,TAGATATCATTCTTACCTTA,0,4066103
xylFp,0.3333333333333333,2,2,TAGATACCCGGGTTACGTCT,0,4075593
xylFp,0.3333333333333333,2,2,TAGAGCGAAGTACTCCGATG,0,4064520
xylFp,0.3333333333333333,2,2,TAGACCTTGCGCGCTCGTAC,0,4075883
xylFp,0.3333333333333333,2,2,TACTTTGACCTCCAGTCTCT,0,4077299
xylFp,0.3333333333333333,2,2,TACTTCTGGACTCGTCGGCA,0,4060901
xylFp,0.3333333333333333,2,2,TACTGGCTGCTCTAGATTTT,0,4057897
xylFp,0.3333333333333333,2,2,TACGGCGTCGCGTTGTTTCA,0,4056454
xylFp,0.3333333333333333,2,2,TACGCTGAAGCTCAGACAAT,0,4076870
xylFp,0.3333333333333333,2,2,TACGACTCCAGCCCAAACCG,0,4075791
xylFp,0.3333333333333333,2,2,TACCGCCAATCTACGGTTGA,0,4074405
xylFp,0.3333333333333333,2,2,TACCAGAGGCGAAATGCGGT,0,4071528
xylFp,0.3333333333333333,2,2,TACCAAGTCATCCATCAGGA,0,4071251
xylFp,0.3333333333333333,2,2,TACAAGCTCCTTGCGTGCTT,0,4067881
xylFp,0.3333333333333333,2,2,TAATTTCGCCGTCTTCCTGC,0,4073071
xylFp,0.3333333333333333,2,2,TAATTGGCCCGGGTGTACTG,0,4068422
xylFp,0.3333333333333333,2,2,TAATCGCCTGGGTAAGCGTA,0,4077397
xylFp,0.3333333333333333,2,2,TAATATATTTTCTAACGCCC,0,4071939
xylFp,0.3333333333333333,2,2,TAAGTCCATTACCGGTTCGA,0,4072855
xylFp,0.3333333333333333,2,2,TAAGTAGTGGGCAATGTATG,0,4057474
xylFp,0.3333333333333333,2,2,TAACTGAGGGACGGAACTTT,0,4066910
xylFp,0.3333333333333333,2,2,TAACGTTCTAACAAAGCGAT,0,4075378
xylFp,0.3333333333333333,2,2,TAAAGTATCCTACAAGCGAG,0,4072617
xylFp,0.3333333333333333,2,2,GTTTGACTGGCCAATCGGTG,0,4061390
xylFp,0.3333333333333333,2,2,GTTTCACTATTTCGGAAGGT,0,4070571
xylFp,0.3333333333333333,2,2,GTTTATCGCCGGTTAACTGC,0,4055989
xylFp,0.3333333333333333,2,2,GTTTATAACACGGTTGGCAG,0,4055845
xylFp,0.3333333333333333,2,2,GTTTACATCATCAACTCAGT,0,4076489
xylFp,0.3333333333333333,2,2,GTTTACACTCTAACCAAGGA,0,4068162
xylFp,0.3333333333333333,2,2,GTTTAATCTAGGTCCGCGAA,0,4074525
xylFp,0.3333333333333333,2,2,GTTTAAGTAGCCGTAGGCGT,0,4067671
xylFp,0.3333333333333333,2,2,GTTGCTGGGAAGGGTAGTAT,0,4078045
xylFp,0.3333333333333333,2,2,GTTGATTCGGTAGTCCTTGT,0,4059940
xylFp,0.3333333333333333,2,2,GTTGACCGCAAAAACTCTGT,0,4067011
xylFp,0.3333333333333333,2,2,GTTGAAAGAGCGCTTTAGAA,0,4070766
xylFp,0.3333333333333333,2,2,GTTCGCCCAATTACAGCCGT,0,4057224
xylFp,0.3333333333333333,2,2,GTTATTGCATGGCGGGTCAT,0,4064600
xylFp,0.3333333333333333,2,2,GTTACTCAATCCTGCCTCCC,0,4058968
xylFp,0.3333333333333333,2,2,GTTAATTGTTTATTTCAGGG,0,4067400
xylFp,0.3333333333333333,2,2,GTTAAGTTTTGGCCTAAAAG,0,4058220
xylFp,0.3333333333333333,2,2,GTGTTTTGGAGTGTGAGGGT,0,4058443
xylFp,0.3333333333333333,2,2,GTGTTTTGATTATACGCTTA,0,4055164
xylFp,0.3333333333333333,2,2,GTGTTAAGGGTTGGAAGGCA,0,4055889
xylFp,0.3333333333333333,2,2,GTGTCATTACTTGGAACACA,0,4069025
xylFp,0.3333333333333333,2,2,GTGGTATTGGATCGATCATT,0,4077869
xylFp,0.3333333333333333,2,2,GTGCTTTTTGGAGCTATGGG,0,4056195
xylFp,0.3333333333333333,2,2,GTGCGGGCCAGGGACGGAAG,0,4069363
xylFp,0.3333333333333333,2,2,GTGCAACCCGACGATTATGA,0,4064150
xylFp,0.3333333333333333,2,2,GTGCAAATTAATACCGGTGT,0,4074555
xylFp,0.3333333333333333,2,2,GTGATTCAGTTCTTGATTAC,0,4074068
xylFp,0.3333333333333333,2,2,GTGATGGAGATGTTAAAGCC,0,4070868
xylFp,0.3333333333333333,2,2,GTGATCTATTGCTGTCCCAG,0,4075120
xylFp,0.3333333333333333,2,2,GTGAGCATTCTAGAATCCGG,0,4064163
xylFp,0.3333333333333333,2,2,GTCGTTGGACGTTAGCTCGT,0,4072055
xylFp,0.3333333333333333,2,2,GTCGGATTGCGGCAGTTTGT,0,4068288
xylFp,0.3333333333333333,2,2,GTCCTACGGGATCCGGGGCA,0,4058010
xylFp,0.3333333333333333,2,2,GTCCGAAAAAGCCTCTGTAA,0,4070671
xylFp,0.3333333333333333,2,2,GTCAGAACACGATAGCAAGC,0,4065152
xylFp,0.3333333333333333,2,2,GTCACTGACCTAAAGTACCA,0,4072208
xylFp,0.3333333333333333,2,2,GTCACGGGTTCATGGCTGGA,0,4070260
xylFp,0.3333333333333333,2,2,GTCACAAAAATACTCTTAGC,0,4069358
xylFp,0.3333333333333333,2,2,GTCAAATTTATGCTAAGCTT,0,4064473
xylFp,0.3333333333333333,2,2,GTATGCAGGGTTATCTTATT,0,4072187
xylFp,0.3333333333333333,2,2,GTATCATGGGGACCTGTCCT,0,4075682
xylFp,0.3333333333333333,2,2,GTATAGCCACAGGTGTGGTA,0,4074749
xylFp,0.3333333333333333,2,2,GTAGTTGGCAGAGGAAAAAT,0,4063226
xylFp,0.3333333333333333,2,2,GTAGTACTGTTCGTCATAAG,0,4056335
xylFp,0.3333333333333333,2,2,GTAGGTCACCATTTGTAGAT,0,4075546
xylFp,0.3333333333333333,2,2,GTAGACGCGAGGAAGTCGGC,0,4062243
xylFp,0.3333333333333333,2,2,GTACGCTAATTGCCTAAATT,0,4068495
xylFp,0.3333333333333333,2,2,GTACGAACCCTGGTTAAAGT,0,4059158
xylFp,0.3333333333333333,2,2,GTACCGAGCGTGCCAGCGAC,0,4064431
xylFp,0.3333333333333333,2,2,GTACACCGGGACCTGCAAGT,0,4064471
xylFp,0.3333333333333333,2,2,GTAATGATCACCATCACGTT,0,4072927
xylFp,0.3333333333333333,2,2,GTAATCGGTCGGTTGTGGAT,0,4071976
xylFp,0.3333333333333333,2,2,GTAAAGTCCACAACGGATAT,0,4072056
xylFp,0.3333333333333333,2,2,GTAAAATTTCGATTGGAAAT,0,4066336
xylFp,0.3333333333333333,2,2,GTAAAAGCAGTAGACGGCTA,0,4059724
xylFp,0.3333333333333333,2,2,GGTTTGCACTGGAGGTCTAA,0,4073498
xylFp,0.3333333333333333,2,2,GGTTTGAAACATCGGCTTAT,0,4058790
xylFp,0.3333333333333333,2,2,GGTTGTAGCACCTTTATGTA,0,4076328
xylFp,0.3333333333333333,2,2,GGTTGGCGACGTACTTGACA,0,4057050
xylFp,0.3333333333333333,2,2,GGTTCCGCCGAGGAGCTAAT,0,4070059
xylFp,0.3333333333333333,2,2,GGTTCCCGTGTATTGGAGAG,0,4057768
xylFp,0.3333333333333333,2,2,GGTGGGGCTATACGCTACAT,0,4064755
xylFp,0.3333333333333333,2,2,GGTGCGTCCTTCAAACGTGC,0,4074952
xylFp,0.3333333333333333,2,2,GGTGAGTTTCATACCTTCTT,0,4075176
xylFp,0.3333333333333333,2,2,GGTGAGAGCACTTAAAAAAC,0,4077412
xylFp,0.3333333333333333,2,2,GGTCTAGTGTGGGTACTGCT,0,4058093
xylFp,0.3333333333333333,2,2,GGTCTAAACAGTAAGTGGAT,0,4063839
xylFp,0.3333333333333333,2,2,GGTCCCTCGCGAAGATGGAT,0,4072724
xylFp,0.3333333333333333,2,2,GGTCCAGGAACTCTGAGCGA,0,4058131
xylFp,0.3333333333333333,2,2,GGTATATGTGGGCTCGGACT,0,4075492
xylFp,0.3333333333333333,2,2,GGGTTTGTTTTAGAAAATTT,0,4077344
xylFp,0.3333333333333333,2,2,GGGTTCTTAAGGAAAAACGA,0,4060269
xylFp,0.3333333333333333,2,2,GGGTGCACCTTAACTATAGG,0,4067077
xylFp,0.3333333333333333,2,2,GGGTCTCTGCCGTACCGCAA,0,4069951
xylFp,0.3333333333333333,2,2,GGGTCAACCGGCAACCAAGG,0,4065151
xylFp,0.3333333333333333,2,2,GGGTAAGAGCTCCATATCAC,0,4074685
xylFp,0.3333333333333333,2,2,GGGGTGTGCACAAGTTGTAT,0,4056748
xylFp,0.3333333333333333,2,2,GGGGGTCCTTGCGTGCTGGA,0,4070071
xylFp,0.3333333333333333,2,2,GGGGGCTTGCCACCCTGGGC,0,4057685
xylFp,0.3333333333333333,2,2,GGGGATCTTGCCAGCGCGTA,0,4061484
xylFp,0.3333333333333333,2,2,GGGGATAGCGTCAGGGCGGG,0,4075219
xylFp,0.3333333333333333,2,2,GGGCAGGAACACTGGCCACA,0,4067475
xylFp,0.3333333333333333,2,2,GGGAGGTTTAAGATTGAGCG,0,4068448
xylFp,0.3333333333333333,2,2,GGGAGGGGAGTATCTTTAGT,0,4069288
xylFp,0.3333333333333333,2,2,GGGAGACGAGACACGTTCCA,0,4063451
xylFp,0.3333333333333333,2,2,GGGAACGTTGGCACGCGGCA,0,4060132
xylFp,0.3333333333333333,2,2,GGCTTACGAATCGGCAAGCC,0,4069376
xylFp,0.3333333333333333,2,2,GGCTGATACGGGGACTCGGG,0,4071184
xylFp,0.3333333333333333,2,2,GGCTCGTTAGCGGCTCGCGG,0,4058122
xylFp,0.3333333333333333,2,2,GGCTCAGGTTTTGGTAGATT,0,4059664
xylFp,0.3333333333333333,2,2,GGCCGTGTATCTCACCTTCT,0,4058281
xylFp,0.3333333333333333,2,2,GGCCGTCGATAGCGAGATCG,0,4069876
xylFp,0.3333333333333333,2,2,GGCAGTAAGAACAGTCTGTA,0,4067623
xylFp,0.3333333333333333,2,2,GGCAAGTTGTCTGCATTTCT,0,4066283
xylFp,0.3333333333333333,2,2,GGATTTCTAGCTACAAGGTT,0,4070109
xylFp,0.3333333333333333,2,2,GGATTAAGCAGTCTCAAGGG,0,4062363
xylFp,0.3333333333333333,2,2,GGATGGTGGGCTATGCCCCG,0,4077033
xylFp,0.3333333333333333,2,2,GGATCATTAATGAGTAATAC,0,4064178
xylFp,0.3333333333333333,2,2,GGAGTCTGAGGCGCAACAGT,0,4071594
xylFp,0.3333333333333333,2,2,GGAGGGGGTTAATTCATCGT,0,4061658
xylFp,0.3333333333333333,2,2,GGAGCATGAAGGATTGTCGG,0,4064784
xylFp,0.3333333333333333,2,2,GGAGCACCTGGGTGCGGACA,0,4060076
xylFp,0.3333333333333333,2,2,GGACTCTTGGATATTATGGC,0,4065701
xylFp,0.3333333333333333,2,2,GGACTCGCGGGCCACAGAAC,0,4058283
xylFp,0.3333333333333333,2,2,GGACCTAGCGTGATATGAAT,0,4062681
xylFp,0.3333333333333333,2,2,GGACAGCTTACATTGGCACT,0,4057803
xylFp,0.3333333333333333,2,2,GGACACTCACGCTCCAAAGG,0,4067994
xylFp,0.3333333333333333,2,2,GGAATACCTGGGATCGTTGC,0,4076906
xylFp,0.3333333333333333,2,2,GGAACTTCGTTTCAGTTAAT,0,4061564
xylFp,0.3333333333333333,2,2,GGAAATCCTTTTCCTGCAAC,0,4067153
xylFp,0.3333333333333333,2,2,GGAAATACGGGCTCTAATTC,0,4076726
xylFp,0.3333333333333333,2,2,GGAAAGTGATTGGACGATGG,0,4063087
xylFp,0.3333333333333333,2,2,GCTTTTATGTTTAACGTGCA,0,4060001
xylFp,0.3333333333333333,2,2,GCTTGACTGGCACTGTCCTC,0,4058576
xylFp,0.3333333333333333,2,2,GCTGGGTAATTGGGAGTTCC,0,4063274
xylFp,0.3333333333333333,2,2,GCTGCTTTTTTTTGTAGGTA,0,4060823
xylFp,0.3333333333333333,2,2,GCTGCGTTTGCCCAGTTCGC,0,4069619
xylFp,0.3333333333333333,2,2,GCTCATCTTTGTAAGACCTG,0,4070263
xylFp,0.3333333333333333,2,2,GCTCATCTCGGAGGGGACTA,0,4059278
xylFp,0.3333333333333333,2,2,GCTCAGGGTCACGGTAATCA,0,4068796
xylFp,0.3333333333333333,2,2,GCTATGGCGACATTAGCTTA,0,4077030
xylFp,0.3333333333333333,2,2,GCTAGATCCTGGCGATGTGT,0,4071113
xylFp,0.3333333333333333,2,2,GCTACTCTGTTTGCAAAGTC,0,4064243
xylFp,0.3333333333333333,2,2,GCTAAGGGCAGATCTTCTTT,0,4075125
xylFp,0.3333333333333333,2,2,GCTAACCTTTGATAGCGAAC,0,4059891
xylFp,0.3333333333333333,2,2,GCGTGCTGGAAGCTTTTGTC,0,4076663
xylFp,0.3333333333333333,2,2,GCGTCAGAGGTCGCCACAAA,0,4067057
xylFp,0.3333333333333333,2,2,GCGTACCCAGACAATTTTTA,0,4072857
xylFp,0.3333333333333333,2,2,GCGGCTCAACCAATGGGGGT,0,4066825
xylFp,0.3333333333333333,2,2,GCGGCACGTACTCCGAGGCG,0,4055715
xylFp,0.3333333333333333,2,2,GCGCTCCGAGCAATCGTGTC,0,4066899
xylFp,0.3333333333333333,2,2,GCGCTATGTTCGCGGGTTCC,0,4059828
xylFp,0.3333333333333333,2,2,GCGCCTTGTCCTTGGGTACC,0,4068686
xylFp,0.3333333333333333,2,2,GCGCCGGTAACTCAGAGCTA,0,4072245
xylFp,0.3333333333333333,2,2,GCGCATGTCCCACTTTGGGT,0,4067662
xylFp,0.3333333333333333,2,2,GCGATGGTTGCGGGAGTCAG,0,4057878
xylFp,0.3333333333333333,2,2,GCGAGAGGCTCCCTGCACAT,0,4074474
xylFp,0.3333333333333333,2,2,GCGACAGCTAATGGTAAGTG,0,4064653
xylFp,0.3333333333333333,2,2,GCGAACACTGGCGCGTCGAT,0,4074414
xylFp,0.3333333333333333,2,2,GCCTTCCAGACCAAATCTTC,0,4070638
xylFp,0.3333333333333333,2,2,GCCTGGTCCGAACGAAAGCA,0,4067588
xylFp,0.3333333333333333,2,2,GCCTCGTCCCAGAATGGTCA,0,4070474
xylFp,0.3333333333333333,2,2,GCCGGTGGACGTACCAGTTG,0,4070631
xylFp,0.3333333333333333,2,2,GCCGGACATAAGCTAGAATG,0,4071955
xylFp,0.3333333333333333,2,2,GCCGCCCTTCTTCGATCGCC,0,4075764
xylFp,0.3333333333333333,2,2,GCCGCCATTGACCGTCCCTG,0,4059730
xylFp,0.3333333333333333,2,2,GCCGACGAAATTCGCAGCTC,0,4067966
xylFp,0.3333333333333333,2,2,GCCCTAACGCCAGGCACTAT,0,4073781
xylFp,0.3333333333333333,2,2,GCCCGTCAGCACCATAGTGG,0,4068670
xylFp,0.3333333333333333,2,2,GCCCGCGGACCAGGACCCAC,0,4063337
xylFp,0.3333333333333333,2,2,GCCCCTTGTTAGCGCTTATC,0,4066626
xylFp,0.3333333333333333,2,2,GCCCCCAATAGGGGCTACAA,0,4068139
xylFp,0.3333333333333333,2,2,GCCATTGGCGCATTGTCCAT,0,4062866
xylFp,0.3333333333333333,2,2,GCCAGTCACACCGAGTGGCC,0,4063626
xylFp,0.3333333333333333,2,2,GCCAGATGGCATGTTTAGGC,0,4062698
xylFp,0.3333333333333333,2,2,GCCAGAAAGTGTCACACAGC,0,4067468
xylFp,0.3333333333333333,2,2,GCCAAGGAGCAGTCATTACT,0,4057547
xylFp,0.3333333333333333,2,2,GCATTGGTTCACCGCTTAAA,0,4075208
xylFp,0.3333333333333333,2,2,GCATACGGGCAACAAGTCAG,0,4057473
xylFp,0.3333333333333333,2,2,GCATACCCCCAGCGCGCAAT,0,4075876
xylFp,0.3333333333333333,2,2,GCAGCCGGCTTGCCTTGAAC,0,4070218
xylFp,0.3333333333333333,2,2,GCAGAGTTACGCGGCGGGAA,0,4057048
xylFp,0.3333333333333333,2,2,GCACTGTTTTACCCATTAGG,0,4059048
xylFp,0.3333333333333333,2,2,GCACTCTTACCAAAAACAGG,0,4065880
xylFp,0.3333333333333333,2,2,GCACATCGAGGTGCCGTTTC,0,4055106
xylFp,0.3333333333333333,2,2,GCACAGGGGCGGCGGGCAGA,0,4065570
xylFp,0.3333333333333333,2,2,GCAATGACGTAAGTTACGTA,0,4065011
xylFp,0.3333333333333333,2,2,GCAATAAGTAGGTTTCACAA,0,4061020
xylFp,0.3333333333333333,2,2,GCAAAACCCCCGTCGGGGGC,0,4068798
xylFp,0.3333333333333333,2,2,GATTTCGAGCATCCAAGCTT,0,4059988
xylFp,0.3333333333333333,2,2,GATTTACGCGCTAGGCTATC,0,4056532
xylFp,0.3333333333333333,2,2,GATTGAAGAGTCGATAGGTA,0,4063841
xylFp,0.3333333333333333,2,2,GATTAACCATTAACGTCCCT,0,4073404
xylFp,0.3333333333333333,2,2,GATTAACACCTGCCAGGTTC,0,4064908
xylFp,0.3333333333333333,2,2,GATTAAAAACCGTGAATGGT,0,4068298
xylFp,0.3333333333333333,2,2,GATGCTTAAACGATTGTGTA,0,4062429
xylFp,0.3333333333333333,2,2,GATGCCAGGTGAGCGCAATC,0,4055851
xylFp,0.3333333333333333,2,2,GATGAGCTGTCTCTTGCCCC,0,4061208
xylFp,0.3333333333333333,2,2,GATCTCCCGTCGCTGACAGA,0,4065909
xylFp,0.3333333333333333,2,2,GATCGGAGCCACCTCGACCT,0,4062514
xylFp,0.3333333333333333,2,2,GATCGGAGACAAATGACAAG,0,4075489
xylFp,0.3333333333333333,2,2,GATCCCGTTTGCACCGCGGA,0,4060590
xylFp,0.3333333333333333,2,2,GATCAGCTCCTATGTGACTA,0,4058062
xylFp,0.3333333333333333,2,2,GATAGTATTGTTAACCAGGG,0,4058473
xylFp,0.3333333333333333,2,2,GATAGTAACAGCAGAATTTA,0,4059259
xylFp,0.3333333333333333,2,2,GATAGGGTGTCAACACGGTC,0,4065314
xylFp,0.3333333333333333,2,2,GATACTCCCATGATGACGAG,0,4069854
xylFp,0.3333333333333333,2,2,GATAATGGCTGCGTATGTTC,0,4061854
xylFp,0.3333333333333333,2,2,GAGTGGTTTCAGCATTGAGA,0,4065167
xylFp,0.3333333333333333,2,2,GAGTAGTGTTCAAATTCTAC,0,4061589
xylFp,0.3333333333333333,2,2,GAGGTCAAAGCATTCGTGTG,0,4067223
xylFp,0.3333333333333333,2,2,GAGGCACTACAAGACTCCAT,0,4065322
xylFp,0.3333333333333333,2,2,GAGCTTTCGCATATAAGAAT,0,4061073
xylFp,0.3333333333333333,2,2,GAGCTACTGAGTTAGTAGCC,0,4063446
xylFp,0.3333333333333333,2,2,GAGCGTGTCTTCCTCGGTAA,0,4066386
xylFp,0.3333333333333333,2,2,GAGCGTGAAAAACCGAGCTG,0,4065622
xylFp,0.3333333333333333,2,2,GAGCGTCAAAAGTATACTAT,0,4074658
xylFp,0.3333333333333333,2,2,GAGCATCAGTGCCAGTGAGA,0,4075664
xylFp,0.3333333333333333,2,2,GAGCATCACACACCGTCGGC,0,4064007
xylFp,0.3333333333333333,2,2,GAGATCAAAGGCGTCTGTAC,0,4078018
xylFp,0.3333333333333333,2,2,GACTTTACGAGATCGAATGC,0,4077394
xylFp,0.3333333333333333,2,2,GACTGGTGCCCACGGGGCCG,0,4077963
xylFp,0.3333333333333333,2,2,GACTACTTAGCTTTTCCCCT,0,4077564
xylFp,0.3333333333333333,2,2,GACCTTCTGCGTGATCTAGT,0,4062341
xylFp,0.3333333333333333,2,2,GACCCGATAATGGCTGGCTC,0,4074059
xylFp,0.3333333333333333,2,2,GACCAGATCACGAAGAGTAC,0,4060855
xylFp,0.3333333333333333,2,2,GACATCAAGCATATGTACAA,0,4070373
xylFp,0.3333333333333333,2,2,GACAGATATGAGTACAATCC,0,4066781
xylFp,0.3333333333333333,2,2,GAATTTTTCTGAATAACAAA,0,4057080
xylFp,0.3333333333333333,2,2,GAATTGTCTTACGTCAAAGC,0,4069130
xylFp,0.3333333333333333,2,2,GAATGTTTACTTCGGGGGAC,0,4062392
xylFp,0.3333333333333333,2,2,GAATGAGGTCGCTCCATACT,0,4064608
xylFp,0.3333333333333333,2,2,GAATCCCCATAATGCAGGGG,0,4059105
xylFp,0.3333333333333333,2,2,GAATCCAAAAACCGAGTCTT,0,4059192
xylFp,0.3333333333333333,2,2,GAATCAAATATTTCATCCCG,0,4075617
xylFp,0.3333333333333333,2,2,GAATAATCGCCGTGCCAAGC,0,4072504
xylFp,0.3333333333333333,2,2,GAAGTGTCGAAACCACCGAT,0,4071278
xylFp,0.3333333333333333,2,2,GAAGTGCATGATCGTATTGT,0,4054945
xylFp,0.3333333333333333,2,2,GAAGGTGCGTATTCGGGTTG,0,4056530
xylFp,0.3333333333333333,2,2,GAACTGCGGACCGAGTGAAC,0,4056987
xylFp,0.3333333333333333,2,2,GAACGAGCCCGCTAAGGCGT,0,4063710
xylFp,0.3333333333333333,2,2,GAACCACATCCACTGACCTA,0,4061192
xylFp,0.3333333333333333,2,2,GAACAACTCCTTGATCTACT,0,4056839
xylFp,0.3333333333333333,2,2,GAAATTTATTTCAGCGATTA,0,4077850
xylFp,0.3333333333333333,2,2,GAAATGGGTAGTACGAGGCA,0,4057842
xylFp,0.3333333333333333,2,2,GAAAGCGGTCGAGCTAAAGG,0,4056236
xylFp,0.3333333333333333,2,2,GAAAACCTATTGGTGGGTAT,0,4055527
xylFp,0.3333333333333333,2,2,CTTTATCAGGGGTGGCTAAA,0,4071556
xylFp,0.3333333333333333,2,2,CTTTATCAAGCGCTAAATTA,0,4077025
xylFp,0.3333333333333333,2,2,CTTGCTCTTTAGTTACCCGT,0,4069980
xylFp,0.3333333333333333,2,2,CTTGCCCCTCCTTAGTTTCT,0,4068746
xylFp,0.3333333333333333,2,2,CTTGATCCATTCACGTGGAG,0,4062888
xylFp,0.3333333333333333,2,2,CTTGACTAGCAGAATGATAG,0,4064068
xylFp,0.3333333333333333,2,2,CTTCTTTTGGCTTGAGTTCG,0,4074145
xylFp,0.3333333333333333,2,2,CTTCCCTGTGTCTTATAATA,0,4069488
xylFp,0.3333333333333333,2,2,CTTCAATAGCAACGAAACAG,0,4062288
xylFp,0.3333333333333333,2,2,CTTATTCCAACGTTGGCTGG,0,4061656
xylFp,0.3333333333333333,2,2,CTTATGCGGGTAGTGATATG,0,4062945
xylFp,0.3333333333333333,2,2,CTTATCCGTAACGTATCTAT,0,4071339
xylFp,0.3333333333333333,2,2,CTTATCAAAAGCTCAGCCAA,0,4062175
xylFp,0.3333333333333333,2,2,CTTAGCACGAATGGATAAAG,0,4074113
xylFp,0.3333333333333333,2,2,CTTACGCCGCCCCGGGTCAG,0,4069397
xylFp,0.3333333333333333,2,2,CTTACGATTGGGACTAAATT,0,4073577
xylFp,0.3333333333333333,2,2,CTGTTTAAGCCGTGGAATAC,0,4056238
xylFp,0.3333333333333333,2,2,CTGTGACTCCCGTCAAAGGT,0,4062428
xylFp,0.3333333333333333,2,2,CTGTAGGTCAAGGCATTGTG,0,4075708
xylFp,0.3333333333333333,2,2,CTGGGTAGCCTGGGACAGCT,0,4057112
xylFp,0.3333333333333333,2,2,CTGGGGACATGCTTATGCGA,0,4067353
xylFp,0.3333333333333333,2,2,CTGGCGTTTCATGGCGCGAG,0,4064790
xylFp,0.3333333333333333,2,2,CTGGCGCGCTCTGCGTGGCG,0,4059385
xylFp,0.3333333333333333,2,2,CTGCTGTGCAGGTGGGGTTC,0,4075877
xylFp,0.3333333333333333,2,2,CTGCGCCCCCTAGTCTCGTT,0,4068270
xylFp,0.3333333333333333,2,2,CTGCAGCGAAGCAACCGGCA,0,4070873
xylFp,0.3333333333333333,2,2,CTGCAATGGTTACCAGTATC,0,4074689
xylFp,0.3333333333333333,2,2,CTGATATATTTCGTGTTTGA,0,4068020
xylFp,0.3333333333333333,2,2,CTGATAATATGAGCTATCCA,0,4076259
xylFp,0.3333333333333333,2,2,CTGAGTCTCATTTCAGTCGG,0,4063440
xylFp,0.3333333333333333,2,2,CTGAGGCCACAGCCAGAGAT,0,4065593
xylFp,0.3333333333333333,2,2,CTGACATCTCGCAAGCGATT,0,4068230
xylFp,0.3333333333333333,2,2,CTGAATCTTCCAAGAACGTC,0,4076883
xylFp,0.3333333333333333,2,2,CTCTAGCGTGCGGTATCCAA,0,4059065
xylFp,0.3333333333333333,2,2,CTCCGCCAGTTGTGAATCCG,0,4071484
xylFp,0.3333333333333333,2,2,CTCATGTACGCCTACATGCA,0,4074832
xylFp,0.3333333333333333,2,2,CTCATAAGAGAGTCGGCTCG,0,4059961
xylFp,0.3333333333333333,2,2,CTCAGATAACCTGTCTGCAA,0,4055217
xylFp,0.3333333333333333,2,2,CTCAGAGACAATAAGGTTCA,0,4061232
xylFp,0.3333333333333333,2,2,CTCACTTTATGGTGTATCTT,0,4071589
xylFp,0.3333333333333333,2,2,CTCACATAAAGTGGGAATAT,0,4060931
xylFp,0.3333333333333333,2,2,CTCAATCGAGTTCGCATAGC,0,4069617
xylFp,0.3333333333333333,2,2,CTCAATAGCGGATGATGGTT,0,4061335
xylFp,0.3333333333333333,2,2,CTATGACCGGTTGGTACGTC,0,4073274
xylFp,0.3333333333333333,2,2,CTATCTCTAGTATTCAGACG,0,4067898
xylFp,0.3333333333333333,2,2,CTAGGCGCTCGGAATATTTA,0,4063045
xylFp,0.3333333333333333,2,2,CTAGCATCACAAACCCAGAC,0,4077653
xylFp,0.3333333333333333,2,2,CTAATATGTAGTTTCTAATA,0,4058023
xylFp,0.3333333333333333,2,2,CTAAGTCGAGGGGCGATCTA,0,4064014
xylFp,0.3333333333333333,2,2,CTAAGTAAAGAACGATAAGG,0,4078324
xylFp,0.3333333333333333,2,2,CTAAGGCGAACCCCGGTCGT,0,4068585
xylFp,0.3333333333333333,2,2,CTAAGAGGGTGCTACCGTCG,0,4070920
xylFp,0.3333333333333333,2,2,CGTTTTTATTGCATTGGTAA,0,4070266
xylFp,0.3333333333333333,2,2,CGTTTCCACAATATTGTCTA,0,4062310
xylFp,0.3333333333333333,2,2,CGTTGCCCGGCCTGGGTTAG,0,4055804
xylFp,0.3333333333333333,2,2,CGTTCCAAAGCTGGTTTTAT,0,4078122
xylFp,0.3333333333333333,2,2,CGTTAATGTCCTTTAGAGTT,0,4056247
xylFp,0.3333333333333333,2,2,CGTGGGACCCGAATTTGCCA,0,4059562
xylFp,0.3333333333333333,2,2,CGTGGAACGGCAGAGGTGAG,0,4075962
xylFp,0.3333333333333333,2,2,CGTGCGACTGGAGGGCACCA,0,4059911
xylFp,0.3333333333333333,2,2,CGTGAGACGTGTCCAAGTCG,0,4065567
xylFp,0.3333333333333333,2,2,CGTAGCCTATTCCATGCTCC,0,4060764
xylFp,0.3333333333333333,2,2,CGTAGAAGTACGCGATGTAT,0,4062761
xylFp,0.3333333333333333,2,2,CGTACGTATGTGGATACGCG,0,4055060
xylFp,0.3333333333333333,2,2,CGTAATAGTTCTGCGGTAAA,0,4075332
xylFp,0.3333333333333333,2,2,CGGTTTACGAGGGAAGCTAG,0,4069153
xylFp,0.3333333333333333,2,2,CGGTGTAACGGGGAGCTCAC,0,4073082
xylFp,0.3333333333333333,2,2,CGGTGGCATACCATACCCAG,0,4069618
xylFp,0.3333333333333333,2,2,CGGTGCGCTACTTGCTTAGT,0,4065245
xylFp,0.3333333333333333,2,2,CGGTCTCTTTAATACTCGTC,0,4055569
xylFp,0.3333333333333333,2,2,CGGTCAGCGCTCAACGCTCT,0,4056064
xylFp,0.3333333333333333,2,2,CGGGTATAGCGAAGGAGGGT,0,4067794
xylFp,0.3333333333333333,2,2,CGGGGTCGTGTTTATAAGAG,0,4068296
xylFp,0.3333333333333333,2,2,CGGGAAAAGCACTGGGGGTC,0,4058361
xylFp,0.3333333333333333,2,2,CGGCTTATTCTAAACTGCGA,0,4057990
xylFp,0.3333333333333333,2,2,CGGCCTTGGTGTTGAAGAGA,0,4075060
xylFp,0.3333333333333333,2,2,CGGCCGACAGGCAAGGGGGC,0,4069573
xylFp,0.3333333333333333,2,2,CGGCATCGGTATCTAAGAAG,0,4066076
xylFp,0.3333333333333333,2,2,CGGCAAATTGTGAGTATGCC,0,4065286
xylFp,0.3333333333333333,2,2,CGGATGGACCGCTCGGACCC,0,4056015
xylFp,0.3333333333333333,2,2,CGGATCCCGCACCTAGCAAT,0,4055642
xylFp,0.3333333333333333,2,2,CGGAGGCGTCCTTGTTACTT,0,4063821
xylFp,0.3333333333333333,2,2,CGCTGTTGTTGCCGGTGGAG,0,4072662
xylFp,0.3333333333333333,2,2,CGCTGTTCGCCAGGGAAACA,0,4073254
xylFp,0.3333333333333333,2,2,CGCTGTGCATCCGACACTGT,0,4068383
xylFp,0.3333333333333333,2,2,CGCTGACGAAAACACAATGT,0,4066622
xylFp,0.3333333333333333,2,2,CGCTCTCTTGCGAACCGCGT,0,4061062
xylFp,0.3333333333333333,2,2,CGCTACGGATGGTTAAGAGT,0,4062898
xylFp,0.3333333333333333,2,2,CGCGAGTTAGTCAGCGCTGG,0,4074496
xylFp,0.3333333333333333,2,2,CGCGACCTGGACATGAAATA,0,4057516
xylFp,0.3333333333333333,2,2,CGCGACCAGGACACCGAGAG,0,4067448
xylFp,0.3333333333333333,2,2,CGCCTCTAGGTGTTTTAACT,0,4067473
xylFp,0.3333333333333333,2,2,CGCCGCTAACGTAGGGTATT,0,4077063
xylFp,0.3333333333333333,2,2,CGCCAACTGACCTTGGACGC,0,4076537
xylFp,0.3333333333333333,2,2,CGCAGGGTTTCCTTCAACAT,0,4059631
xylFp,0.3333333333333333,2,2,CGCACCGATCGGACAAGCAG,0,4055240
xylFp,0.3333333333333333,2,2,CGCACATATTCGCGGTGCCG,0,4066248
xylFp,0.3333333333333333,2,2,CGCAATAAAGCCGTTACGCC,0,4073485
xylFp,0.3333333333333333,2,2,CGCAAAAAAGCATTTCTTGT,0,4055522
xylFp,0.3333333333333333,2,2,CGATTTTGGTTGGGAAGGAC,0,4064121
xylFp,0.3333333333333333,2,2,CGATTAAGATCCATGGGGCA,0,4063165
xylFp,0.3333333333333333,2,2,CGAGGTTCGTGTTATGTTCA,0,4060695
xylFp,0.3333333333333333,2,2,CGAGCTTTTTATGTGGGCAT,0,4071014
xylFp,0.3333333333333333,2,2,CGAGCTATTTGAATTCGAGT,0,4063793
xylFp,0.3333333333333333,2,2,CGAGCATGTGTACCTGCAAC,0,4071660
xylFp,0.3333333333333333,2,2,CGAGAGCGTGGGATCCGTGT,0,4068912
xylFp,0.3333333333333333,2,2,CGACTGCGGGTAAGACCCTG,0,4065686
xylFp,0.3333333333333333,2,2,CGACTGACGAATAGTAGTGT,0,4055984
xylFp,0.3333333333333333,2,2,CGACTGACAGGAGCCCGTTC,0,4067799
xylFp,0.3333333333333333,2,2,CGACTAGCTGCAGTCAAACA,0,4056268
xylFp,0.3333333333333333,2,2,CGAACGCGTAGGACGCCACA,0,4077134
xylFp,0.3333333333333333,2,2,CGAAACACTTAGCCAAGCGT,0,4058204
xylFp,0.3333333333333333,2,2,CCTTTCACTTAAATCCAGCT,0,4061501
xylFp,0.3333333333333333,2,2,CCTTCGTATAAAAGGCGCTG,0,4062169
xylFp,0.3333333333333333,2,2,CCTTAACGCCAACCTACTAA,0,4075116
xylFp,0.3333333333333333,2,2,CCTGTTGTGGGGCGCGATGT,0,4062044
xylFp,0.3333333333333333,2,2,CCTGTGTCTTGGGGATACGT,0,4076783
xylFp,0.3333333333333333,2,2,CCTGTAACGAATCTGGGTTT,0,4057282
xylFp,0.3333333333333333,2,2,CCTGGAGGATCAGTGCCCGT,0,4077074
xylFp,0.3333333333333333,2,2,CCTGATCTTGGTAATCGGAC,0,4062919
xylFp,0.3333333333333333,2,2,CCTGAGAAATGCCCGATATC,0,4057934
xylFp,0.3333333333333333,2,2,CCTCTTAACCAATCTCATTT,0,4055518
xylFp,0.3333333333333333,2,2,CCTCGTAATGGGTTGTTGAA,0,4071540
xylFp,0.3333333333333333,2,2,CCTCGCGTCAGTTTGGGGAC,0,4073815
xylFp,0.3333333333333333,2,2,CCTATTGGAGATGTTACGTG,0,4061969
xylFp,0.3333333333333333,2,2,CCTATAGGCGGATTAACTAA,0,4060482
xylFp,0.3333333333333333,2,2,CCTAGTAACTGTGGGCCGGG,0,4069196
xylFp,0.3333333333333333,2,2,CCTACCTTAGAGTCCATCGA,0,4076528
xylFp,0.3333333333333333,2,2,CCTAACAGAGTACAGGTACA,0,4055293
xylFp,0.3333333333333333,2,2,CCGTTGCTTTACTGTGGGAG,0,4076402
xylFp,0.3333333333333333,2,2,CCGTTGAGTCCGCTTTAAGC,0,4071699
xylFp,0.3333333333333333,2,2,CCGTGGGAGTTATTTTAGTG,0,4060631
xylFp,0.3333333333333333,2,2,CCGTCCGCCAAGGGAACGTG,0,4066737
xylFp,0.3333333333333333,2,2,CCGGGGAGAATAATCAAGAG,0,4068687
xylFp,0.3333333333333333,2,2,CCGGCGTGTATAGTAGGAAA,0,4059030
xylFp,0.3333333333333333,2,2,CCGCTCTGTCAGCACGCACA,0,4060319
xylFp,0.3333333333333333,2,2,CCGCCCCTGGCATCGGCTCC,0,4059107
xylFp,0.3333333333333333,2,2,CCGAGGTTTTTGAGTAGTAA,0,4070200
xylFp,0.3333333333333333,2,2,CCGAGGTTTCGGTCACACAA,0,4068135
xylFp,0.3333333333333333,2,2,CCGACGATAGGAGCCACACG,0,4062697
xylFp,0.3333333333333333,2,2,CCGAACGTCCCCTGGCCTGT,0,4062556
xylFp,0.3333333333333333,2,2,CCCTTCATGCATTTTGCTCA,0,4069945
xylFp,0.3333333333333333,2,2,CCCTGACAATCCTGGTTGCA,0,4076407
xylFp,0.3333333333333333,2,2,CCCTACAACGGGATGAAGAG,0,4072319
xylFp,0.3333333333333333,2,2,CCCGGACCAACGGGTCAATG,0,4063223
xylFp,0.3333333333333333,2,2,CCCGATTGACCGCCACTTAT,0,4062632
xylFp,0.3333333333333333,2,2,CCCGAAGTATCGGCAGGCCA,0,4061860
xylFp,0.3333333333333333,2,2,CCCCGTGCGATGCCTCGACT,0,4063671
xylFp,0.3333333333333333,2,2,CCCCGCCGCCGTTCTGAGTG,0,4060531
xylFp,0.3333333333333333,2,2,CCCCCTCATTGTTGTACGGG,0,4062359
xylFp,0.3333333333333333,2,2,CCCCCGTGTTCCCGCCTCGC,0,4063349
xylFp,0.3333333333333333,2,2,CCCAGATCTTTAACGATTCT,0,4056689
xylFp,0.3333333333333333,2,2,CCCACTGGATTCGCGCTACG,0,4056473
xylFp,0.3333333333333333,2,2,CCCACCAGCACCACAGCTTT,0,4062467
xylFp,0.3333333333333333,2,2,CCCAAGCAGCCATCCACGAT,0,4055739
xylFp,0.3333333333333333,2,2,CCCAACCACCACACTGGGAT,0,4064043
xylFp,0.3333333333333333,2,2,CCATTCTTTTTGGCGCATCG,0,4065979
xylFp,0.3333333333333333,2,2,CCATGGCAAGGGAAGTCGCA,0,4070081
xylFp,0.3333333333333333,2,2,CCATCTTAGGGATCCAGCAG,0,4073336
xylFp,0.3333333333333333,2,2,CCATAGTCTCTGATGTTATT,0,4074452
xylFp,0.3333333333333333,2,2,CCAGGTGGGTGCAAGCTCTG,0,4058636
xylFp,0.3333333333333333,2,2,CCAGCATGTCCAACAAGGGG,0,4063031
xylFp,0.3333333333333333,2,2,CCAGCAGCTTTCCACGTCCA,0,4076522
xylFp,0.3333333333333333,2,2,CCAGCACAGGAGCTATTGAA,0,4056484
xylFp,0.3333333333333333,2,2,CCAGATGGTCCACCACTCTT,0,4068989
xylFp,0.3333333333333333,2,2,CCACGCCTTTATGTAATCCT,0,4068748
xylFp,0.3333333333333333,2,2,CCAATGGCTCCTTCAGCCCC,0,4076345
xylFp,0.3333333333333333,2,2,CCAACCCAACAGGTCAATAC,0,4064997
xylFp,0.3333333333333333,2,2,CCAAATAATTATCTGTACCT,0,4059509
xylFp,0.3333333333333333,2,2,CATTTATTAGGAGATTCTCT,0,4076719
xylFp,0.3333333333333333,2,2,CATTGTGCGCCATGGGTGGG,0,4061849
xylFp,0.3333333333333333,2,2,CATTGGTAGGCACACATATA,0,4067545
xylFp,0.3333333333333333,2,2,CATTCCGCGCAGACGCAAAC,0,4075863
xylFp,0.3333333333333333,2,2,CATTCCGAAATCAGACCATC,0,4067086
xylFp,0.3333333333333333,2,2,CATTAAGGATGGACATTTAC,0,4063530
xylFp,0.3333333333333333,2,2,CATGTACTGTTCTTCACTTT,0,4070459
xylFp,0.3333333333333333,2,2,CATGGTTCGCGTGAGATCTT,0,4074743
xylFp,0.3333333333333333,2,2,CATGGGAGCAAGGGAGACCC,0,4061451
xylFp,0.3333333333333333,2,2,CATGCCTGTTGATGCGTTTA,0,4064165
xylFp,0.3333333333333333,2,2,CATCTCGATAGCATGAACCT,0,4057850
xylFp,0.3333333333333333,2,2,CATCCTCTGCCGTCACACGG,0,4055476
xylFp,0.3333333333333333,2,2,CATCCTAACAGAGTTACGCA,0,4078000
xylFp,0.3333333333333333,2,2,CATCCAGGCCCTGCTTCGTT,0,4074192
xylFp,0.3333333333333333,2,2,CATCATCGTAGACGACGTGT,0,4061331
xylFp,0.3333333333333333,2,2,CATCATACGGCTGGGGTGAC,0,4057388
xylFp,0.3333333333333333,2,2,CATATTATTACAGCATTTTT,0,4067575
xylFp,0.3333333333333333,2,2,CATATCGGTTAAGAGTACCG,0,4064980
xylFp,0.3333333333333333,2,2,CATACGCGTAAATTTCGTTC,0,4056068
xylFp,0.3333333333333333,2,2,CATAAATTTCTGTCGCAAAC,0,4067832
xylFp,0.3333333333333333,2,2,CAGTTTGGCCGGGAACAGAG,0,4076153
xylFp,0.3333333333333333,2,2,CAGTTCGTCGGCTGGTGTTC,0,4064513
xylFp,0.3333333333333333,2,2,CAGTGGTTGAGACGCCTAAG,0,4075031
xylFp,0.3333333333333333,2,2,CAGTGCAGGGCATCAGCAAG,0,4065007
xylFp,0.3333333333333333,2,2,CAGTGCACACGACCGCTATC,0,4061100
xylFp,0.3333333333333333,2,2,CAGTAAGACATGCCTGGAGC,0,4074431
xylFp,0.3333333333333333,2,2,CAGGGTGGAAAGCTTAAATG,0,4076204
xylFp,0.3333333333333333,2,2,CAGCTGGTCTAAATTGCGGA,0,4076465
xylFp,0.3333333333333333,2,2,CAGCTGCAGAGGTGATCCTA,0,4072112
xylFp,0.3333333333333333,2,2,CAGCTATGTCCGAAGTACAA,0,4069300
xylFp,0.3333333333333333,2,2,CAGCTATAGATTTTGGCAAC,0,4067437
xylFp,0.3333333333333333,2,2,CAGCGCACCGGTATGCTATG,0,4060390
xylFp,0.3333333333333333,2,2,CAGCATTACGGGAGAGGCTT,0,4056903
xylFp,0.3333333333333333,2,2,CAGCATACCCCTTGGTAAGT,0,4057118
xylFp,0.3333333333333333,2,2,CAGCAAGTAGACAGAATCCA,0,4075525
xylFp,0.3333333333333333,2,2,CAGATAAGAACCCGATAGTC,0,4063224
xylFp,0.3333333333333333,2,2,CAGAGCGTTAACCTAAGCAA,0,4067954
xylFp,0.3333333333333333,2,2,CAGACGTCATGTGGTGAAAT,0,4058320
xylFp,0.3333333333333333,2,2,CAGACGCTCGCGGCTATCTT,0,4069407
xylFp,0.3333333333333333,2,2,CAGAAGCACTCGACCGGCAG,0,4061289
xylFp,0.3333333333333333,2,2,CACTTTTCGCTGGAACATAC,0,4077379
xylFp,0.3333333333333333,2,2,CACTGACATAAGGAGGGCAT,0,4068677
xylFp,0.3333333333333333,2,2,CACTATTACGCACTAAGCGA,0,4077537
xylFp,0.3333333333333333,2,2,CACGTTATACACTGTAGAAA,0,4069795
xylFp,0.3333333333333333,2,2,CACGGCAGAGACCTCGTGCC,0,4059057
xylFp,0.3333333333333333,2,2,CACGGAATGACTCTCTAAGT,0,4076196
xylFp,0.3333333333333333,2,2,CACGAAGTGCACTACGGAGT,0,4061107
xylFp,0.3333333333333333,2,2,CACCTCTCCACCACTGCCTA,0,4076263
xylFp,0.3333333333333333,2,2,CACCTACTGTTGAGCTATCC,0,4062795
xylFp,0.3333333333333333,2,2,CACCCGGAGCGGCGGGTAAA,0,4069006
xylFp,0.3333333333333333,2,2,CACCAGTATGGAGGGAAAGA,0,4067612
xylFp,0.3333333333333333,2,2,CACAGCGTGCGACCGTGTAA,0,4064214
xylFp,0.3333333333333333,2,2,CACAATTTTTCCGACTCACG,0,4074617
xylFp,0.3333333333333333,2,2,CAATTCTCGGGCCGAATGTC,0,4057798
xylFp,0.3333333333333333,2,2,CAATGAGCGAGGACACAGAC,0,4075203
xylFp,0.3333333333333333,2,2,CAATCTCAGCGCCGATATTG,0,4066525
xylFp,0.3333333333333333,2,2,CAATACTCAGGCCGCCACGC,0,4063189
xylFp,0.3333333333333333,2,2,CAAGTGACTGAGTGGTCGTC,0,4059508
xylFp,0.3333333333333333,2,2,CAAGGTAAGGCGGTTCCCTT,0,4065846
xylFp,0.3333333333333333,2,2,CAACCCGCTGCCGAAAACGA,0,4068675
xylFp,0.3333333333333333,2,2,CAACAGCGTCACATAAGACC,0,4060937
xylFp,0.3333333333333333,2,2,CAAAGCCTGTACCCGACTAT,0,4074434
xylFp,0.3333333333333333,2,2,CAAACCTGGCGATGCGGGGT,0,4059381
xylFp,0.3333333333333333,2,2,CAAAAAGTGCGTTTTACTCG,0,4061893
xylFp,0.3333333333333333,2,2,ATTTTGGAGGGAACGTCATG,0,4056758
xylFp,0.3333333333333333,2,2,ATTTTAGTATCTCTGCATGG,0,4069950
xylFp,0.3333333333333333,2,2,ATTTTACAAAGATGGGCCTC,0,4071695
xylFp,0.3333333333333333,2,2,ATTTCTGCTTTTGAAATTTA,0,4070846
xylFp,0.3333333333333333,2,2,ATTTCGGAGCTATACACCTT,0,4057304
xylFp,0.3333333333333333,2,2,ATTTCAACTAAAATCTCGAT,0,4062398
xylFp,0.3333333333333333,2,2,ATTGTCAGCATAGTACGACT,0,4069465
xylFp,0.3333333333333333,2,2,ATTGAGGAACACGGGAATAG,0,4075248
xylFp,0.3333333333333333,2,2,ATTGAACGTGGTTATATGCT,0,4056999
xylFp,0.3333333333333333,2,2,ATTCTCGCGGCGTATGCCAC,0,4063352
xylFp,0.3333333333333333,2,2,ATTAGGAATGTGTAGGTCAG,0,4072984
xylFp,0.3333333333333333,2,2,ATTACTTAGTATTGACGTTG,0,4073189
xylFp,0.3333333333333333,2,2,ATTACTATTAGAGACGACAA,0,4075859
xylFp,0.3333333333333333,2,2,ATTACCAGCCCTCGATTAAA,0,4073302
xylFp,0.3333333333333333,2,2,ATTACATAATAACTCTGTGG,0,4057257
xylFp,0.3333333333333333,2,2,ATTAAGCCCCCCGTGGCGAC,0,4062663
xylFp,0.3333333333333333,2,2,ATGTTACACCAGGTAACTCC,0,4056666
xylFp,0.3333333333333333,2,2,ATGTGAGCGTCTTATCGATT,0,4066387
xylFp,0.3333333333333333,2,2,ATGTGAGCGCGACGTGGCAG,0,4060483
xylFp,0.3333333333333333,2,2,ATGTACACGCGGGTGCCACG,0,4056461
xylFp,0.3333333333333333,2,2,ATGTAAGCAGTAGACCCTCG,0,4069011
xylFp,0.3333333333333333,2,2,ATGGCTCTAATACTGATTTT,0,4077060
xylFp,0.3333333333333333,2,2,ATGGAGTGCCGCCATTCAGG,0,4070119
xylFp,0.3333333333333333,2,2,ATGGACTCGTACATTTCAGG,0,4073456
xylFp,0.3333333333333333,2,2,ATGCCGCCTACAAGCACGCC,0,4077132
xylFp,0.3333333333333333,2,2,ATGAGTGGTGCCGACTTCAT,0,4059276
xylFp,0.3333333333333333,2,2,ATGAACGATACACGAACGAA,0,4064015
xylFp,0.3333333333333333,2,2,ATGAACCCCAACTAAGCATA,0,4077692
xylFp,0.3333333333333333,2,2,ATCTGTGTCAATACGAGCGT,0,4057113
xylFp,0.3333333333333333,2,2,ATCTGAATTTTGCCGTTTGC,0,4060911
xylFp,0.3333333333333333,2,2,ATCTCTTAGGTCATCCGGTA,0,4055428
xylFp,0.3333333333333333,2,2,ATCTATGTCTCGCCTAGTAA,0,4062182
xylFp,0.3333333333333333,2,2,ATCGTAATTATACATCTGTC,0,4070568
xylFp,0.3333333333333333,2,2,ATCGGGCGAAAGTGCCACCG,0,4068545
xylFp,0.3333333333333333,2,2,ATCGCATTATTAGGACTCCC,0,4067944
xylFp,0.3333333333333333,2,2,ATCGATCCTGGTGAGGGCAC,0,4075608
xylFp,0.3333333333333333,2,2,ATCCCTTACGAAACGTGCCG,0,4059255
xylFp,0.3333333333333333,2,2,ATCCCAATAGAGCGGTTTTG,0,4068588
xylFp,0.3333333333333333,2,2,ATCAGGCAAGCGACTTTAAC,0,4061063
xylFp,0.3333333333333333,2,2,ATCACGGGACGGTGAAGTTT,0,4073247
xylFp,0.3333333333333333,2,2,ATCACCTAAGAGCGACGGCT,0,4069888
xylFp,0.3333333333333333,2,2,ATATTGTGTACCTAGTACCT,0,4074665
xylFp,0.3333333333333333,2,2,ATATTGAACGCCTGGAGAGT,0,4068061
xylFp,0.3333333333333333,2,2,ATATGCTGAGCATACTTGAC,0,4076760
xylFp,0.3333333333333333,2,2,ATATGACCCATCGGTTGGGC,0,4058917
xylFp,0.3333333333333333,2,2,ATATCATCGAGCCAGTGGAC,0,4069398
xylFp,0.3333333333333333,2,2,ATAGGAAAAGGGTCCGGCCA,0,4061404
xylFp,0.3333333333333333,2,2,ATACTGAATACCGTATTATC,0,4058057
xylFp,0.3333333333333333,2,2,ATACTCGAAGGTTACTCTTC,0,4075180
xylFp,0.3333333333333333,2,2,ATACCTTGGTGGTGTCGTAA,0,4076720
xylFp,0.3333333333333333,2,2,ATACATCGAGCACTCGACTG,0,4062457
xylFp,0.3333333333333333,2,2,ATACAGGCATCAACCTGTAG,0,4068672
xylFp,0.3333333333333333,2,2,ATAATGCTGCCCGCGGTCCC,0,4064154
xylFp,0.3333333333333333,2,2,ATAATACAATACGGCCTTAG,0,4055499
xylFp,0.3333333333333333,2,2,AGTTTTGTTCTTGGCCATGA,0,4061556
xylFp,0.3333333333333333,2,2,AGTTTCATTCAATGGCGGCT,0,4070399
xylFp,0.3333333333333333,2,2,AGTTGTCGCGTTGTAGTATT,0,4073236
xylFp,0.3333333333333333,2,2,AGTTGTACCACATCGCTGAA,0,4074148
xylFp,0.3333333333333333,2,2,AGTTCACCTGCAAGTCACCT,0,4057066
xylFp,0.3333333333333333,2,2,AGTTAGGAGCAGGGCGGACG,0,4063608
xylFp,0.3333333333333333,2,2,AGTTACGGCTCACGTACAAG,0,4066087
xylFp,0.3333333333333333,2,2,AGTTACACACAAAGACAAGA,0,4074917
xylFp,0.3333333333333333,2,2,AGTGTCTACGATATCGGATC,0,4071018
xylFp,0.3333333333333333,2,2,AGTGTCCAGGGCATCATGGT,0,4057392
xylFp,0.3333333333333333,2,2,AGTGGAGTAACCCAATTTGA,0,4076236
xylFp,0.3333333333333333,2,2,AGTGCGTTATCTAAGTAAAA,0,4073575
xylFp,0.3333333333333333,2,2,AGTGCCCGGTTCGTAATCCC,0,4073333
xylFp,0.3333333333333333,2,2,AGTGCAACCCGAGTGCCCCT,0,4060802
xylFp,0.3333333333333333,2,2,AGTGAATAATCCTCGTGGGC,0,4074189
xylFp,0.3333333333333333,2,2,AGTCGAGTATTGGATATGGA,0,4055342
xylFp,0.3333333333333333,2,2,AGTCCTAACGGGTCATCCAA,0,4068269
xylFp,0.3333333333333333,2,2,AGTCCAATGAAGGGTTACTG,0,4065887
xylFp,0.3333333333333333,2,2,AGTCACGCCTGCGTTGAAAT,0,4070700
xylFp,0.3333333333333333,2,2,AGTATTTTCACACTAGCGAA,0,4077498
xylFp,0.3333333333333333,2,2,AGTATGCTACAATCTGAAAG,0,4068326
xylFp,0.3333333333333333,2,2,AGTACAGGTGAGAATAATAG,0,4072866
xylFp,0.3333333333333333,2,2,AGTAAACGTAGAGCATTCAC,0,4067119
xylFp,0.3333333333333333,2,2,AGGTGGTCGCTTACAAGGTC,0,4067772
xylFp,0.3333333333333333,2,2,AGGTGGCCAACCCCGGAAGC,0,4055387
xylFp,0.3333333333333333,2,2,AGGGTCAAGCATTGTTCACA,0,4067137
xylFp,0.3333333333333333,2,2,AGGGGAACTTGTTCACATCC,0,4060266
xylFp,0.3333333333333333,2,2,AGGGCCGTTACGGGTCTAAA,0,4071650
xylFp,0.3333333333333333,2,2,AGGCTGTCTCAGGATTCGAC,0,4070880
xylFp,0.3333333333333333,2,2,AGGAGAGCACCGCATCGATT,0,4063061
xylFp,0.3333333333333333,2,2,AGGACTTTCGAAAACTTCGG,0,4056145
xylFp,0.3333333333333333,2,2,AGGAATTTCACGAATAATCG,0,4063068
xylFp,0.3333333333333333,2,2,AGCTTAACGCCTTCGATTCA,0,4058285
xylFp,0.3333333333333333,2,2,AGCGTCCTCTACCCTTGTAC,0,4059953
xylFp,0.3333333333333333,2,2,AGCGTACAAGCACGCCTGGA,0,4060926
xylFp,0.3333333333333333,2,2,AGCAGATTGCCCGCGCCACG,0,4071305
xylFp,0.3333333333333333,2,2,AGCAATGGGAAGTTCCATTT,0,4069201
xylFp,0.3333333333333333,2,2,AGATGTGGCCGCAGGATTCC,0,4060440
xylFp,0.3333333333333333,2,2,AGATCGGAGCGCCCCCCCTA,0,4055255
xylFp,0.3333333333333333,2,2,AGAGTGCACCGGCCAGGAAC,0,4073437
xylFp,0.3333333333333333,2,2,AGAGTACATTGGTGGCTTAC,0,4056024
xylFp,0.3333333333333333,2,2,AGAGGCCGGCAATCAATTAT,0,4061671
xylFp,0.3333333333333333,2,2,AGAGCCTCAGATGGGATGAC,0,4070995
xylFp,0.3333333333333333,2,2,AGAGACAGATCAGATAGGAC,0,4070642
xylFp,0.3333333333333333,2,2,AGACGTCCTGCGCCGACGCA,0,4074861
xylFp,0.3333333333333333,2,2,AGACACTCTCGGCTAACCAG,0,4065249
xylFp,0.3333333333333333,2,2,AGAAGGTCGAAGTGTATCCA,0,4068085
xylFp,0.3333333333333333,2,2,AGAACGAGATGTCGTTAGTT,0,4062300
xylFp,0.3333333333333333,2,2,ACTTGCGAACGATCTCATCC,0,4055215
xylFp,0.3333333333333333,2,2,ACTTGATACACCGGGTAATT,0,4076067
xylFp,0.3333333333333333,2,2,ACTTCGCACATCACCTTTAA,0,4057385
xylFp,0.3333333333333333,2,2,ACTTCCACCGTCCATAGTCG,0,4055735
xylFp,0.3333333333333333,2,2,ACTTAGAATACGTGGCTCTG,0,4069667
xylFp,0.3333333333333333,2,2,ACTGTTGCTCATCTTCGGAA,0,4077197
xylFp,0.3333333333333333,2,2,ACTGCAGCGCGCCCCCGCGA,0,4064637
xylFp,0.3333333333333333,2,2,ACTCCGTATTAGCGCAGGAT,0,4071405
xylFp,0.3333333333333333,2,2,ACTCATGCCGCCGTAGGGAC,0,4072737
xylFp,0.3333333333333333,2,2,ACTCATAGAACGTCTCTGCC,0,4056341
xylFp,0.3333333333333333,2,2,ACTATAGGTGACTTTAGTTT,0,4069911
xylFp,0.3333333333333333,2,2,ACTAAGACGAGCCTACGCAG,0,4068499
xylFp,0.3333333333333333,2,2,ACTAAACGATCCAGTTAAAT,0,4055625
xylFp,0.3333333333333333,2,2,ACGTTTCCCAGTTCGTGTCT,0,4057093
xylFp,0.3333333333333333,2,2,ACGTTTAGGAGACAGGGGTT,0,4060991
xylFp,0.3333333333333333,2,2,ACGTCAGACTGCGTTGCGTC,0,4061857
xylFp,0.3333333333333333,2,2,ACGGTTTAGTAAGGAGGTAA,0,4064598
xylFp,0.3333333333333333,2,2,ACGGTGGGGGCCGTGTTCTG,0,4060006
xylFp,0.3333333333333333,2,2,ACGGGGAGCTTAATCTACGA,0,4058008
xylFp,0.3333333333333333,2,2,ACGGGCGTCTGCCGTATTAA,0,4070655
xylFp,0.3333333333333333,2,2,ACGGCCGAGCTGAAGGTAGT,0,4069592
xylFp,0.3333333333333333,2,2,ACGGCACTTGAGGCCTTGCG,0,4066503
xylFp,0.3333333333333333,2,2,ACGCTTCGAGGCTGGACTAG,0,4065492
xylFp,0.3333333333333333,2,2,ACGCACTGGTCGTATTCCCA,0,4077655
xylFp,0.3333333333333333,2,2,ACGAGTTGATCGACACAGCT,0,4072577
xylFp,0.3333333333333333,2,2,ACGACGTAGCTAATTAAGAA,0,4068177
xylFp,0.3333333333333333,2,2,ACGACCATGGACATACGCGT,0,4059751
xylFp,0.3333333333333333,2,2,ACGAAGGAGGCCCAGCGAAT,0,4077232
xylFp,0.3333333333333333,2,2,ACCTTTTGGTTGAAGCGCTC,0,4060530
xylFp,0.3333333333333333,2,2,ACCTTGTTTCATCGTAGTGT,0,4056122
xylFp,0.3333333333333333,2,2,ACCTAGGTCGGGTATTGCGG,0,4061580
xylFp,0.3333333333333333,2,2,ACCTAGAGCCGTTCCGGGTA,0,4075366
xylFp,0.3333333333333333,2,2,ACCGTGAGGCGGCATAGCAT,0,4071233
xylFp,0.3333333333333333,2,2,ACCGTCGATTCCTCGCATTA,0,4071246
xylFp,0.3333333333333333,2,2,ACCGGCTACATACCCTCTCG,0,4071272
xylFp,0.3333333333333333,2,2,ACCGGAGTACCGGGTGCATG,0,4064963
xylFp,0.3333333333333333,2,2,ACCGACCGCGATAGGGGTTG,0,4071885
xylFp,0.3333333333333333,2,2,ACCCTTGCACCTATTTAATG,0,4075487
xylFp,0.3333333333333333,2,2,ACCCTGTGTTTAGAAGATAG,0,4069189
xylFp,0.3333333333333333,2,2,ACCCTGTCTAAGTATTGTTG,0,4071632
xylFp,0.3333333333333333,2,2,ACCCTAAGGTCCGTAGTAGA,0,4064223
xylFp,0.3333333333333333,2,2,ACCCCCAGCCAATGAGATCC,0,4074765
xylFp,0.3333333333333333,2,2,ACCAGGTACAGTGTCTTTCT,0,4060239
xylFp,0.3333333333333333,2,2,ACCAGATTATAAGTATGCGT,0,4058461
xylFp,0.3333333333333333,2,2,ACCACTGTGGTTATGACCTA,0,4063330
xylFp,0.3333333333333333,2,2,ACCAACTGTTTGAAGAGCTT,0,4062979
xylFp,0.3333333333333333,2,2,ACATACTTACGGTATTACAA,0,4062126
xylFp,0.3333333333333333,2,2,ACATAAACACATTTCGTGCA,0,4060568
xylFp,0.3333333333333333,2,2,ACAGACACTCTGCTGCCTTG,0,4057467
xylFp,0.3333333333333333,2,2,ACACTTTGCCGAGCAACCAT,0,4069539
xylFp,0.3333333333333333,2,2,ACACTAGGGCCGGAGGGGTA,0,4068297
xylFp,0.3333333333333333,2,2,ACACGGGGGTAAGGTCCCGG,0,4070725
xylFp,0.3333333333333333,2,2,ACACGCCAAGGCAGTCGTTC,0,4067363
xylFp,0.3333333333333333,2,2,ACACATGCCTCTCCTCTGGT,0,4064992
xylFp,0.3333333333333333,2,2,ACACACCCTACACATGAATG,0,4055220
xylFp,0.3333333333333333,2,2,ACAATTTGCCCGGGCGCATC,0,4067485
xylFp,0.3333333333333333,2,2,ACAATCAAGAACGGCGGTCA,0,4065901
xylFp,0.3333333333333333,2,2,ACAAATTTATCAGCTGGGAT,0,4070577
xylFp,0.3333333333333333,2,2,AATTTAGCCTCTAGTTCAGA,0,4063572
xylFp,0.3333333333333333,2,2,AATTCGTCATGAGACCAGAT,0,4060157
xylFp,0.3333333333333333,2,2,AATTCAGGGGATGCGAGGAA,0,4064989
xylFp,0.3333333333333333,2,2,AATTAGTGGTTAAATGACGA,0,4062249
xylFp,0.3333333333333333,2,2,AATTAGTAGTTCCAGGTTTT,0,4059894
xylFp,0.3333333333333333,2,2,AATTAATTGCCGGTTAGCCC,0,4073862
xylFp,0.3333333333333333,2,2,AATGTAAGTGCGTAACGTAT,0,4070661
xylFp,0.3333333333333333,2,2,AATGGGGTTTTGAACATAAG,0,4062312
xylFp,0.3333333333333333,2,2,AATGGCGGCTGTCCCCCACT,0,4064787
xylFp,0.3333333333333333,2,2,AATCTTAGTGATCTGAGGTA,0,4068907
xylFp,0.3333333333333333,2,2,AATCCTGAGGTTAAGTAGCC,0,4065478
xylFp,0.3333333333333333,2,2,AATCAGTCATGGCTTTGAAA,0,4072679
xylFp,0.3333333333333333,2,2,AATCAAGGTAAGTGTGGGAT,0,4059140
xylFp,0.3333333333333333,2,2,AATAATTTCCATCATACGGA,0,4077709
xylFp,0.3333333333333333,2,2,AAGTTAAGAGGACTTGTCCA,0,4065198
xylFp,0.3333333333333333,2,2,AAGTGGTTAGGTGACGCGAG,0,4065220
xylFp,0.3333333333333333,2,2,AAGTCGGTAGGCGCTAGTTT,0,4069202
xylFp,0.3333333333333333,2,2,AAGTCCCTAGACTCAGTTAT,0,4075979
xylFp,0.3333333333333333,2,2,AAGTAACTTGTATATCTCCT,0,4055392
xylFp,0.3333333333333333,2,2,AAGGGTGGCGGGAAAGTCGC,0,4068019
xylFp,0.3333333333333333,2,2,AAGGGCTCGTAGATCTGGTG,0,4071361
xylFp,0.3333333333333333,2,2,AAGCGGAGCTGCCCAATAAA,0,4062238
xylFp,0.3333333333333333,2,2,AAGCATACAGTTCATTCCAG,0,4062512
xylFp,0.3333333333333333,2,2,AAGCAATTCTCGGCGAGCCG,0,4062417
xylFp,0.3333333333333333,2,2,AAGACGTTAGTGAACCTTAA,0,4071168
xylFp,0.3333333333333333,2,2,AAGACGTGCGTAAGTTTCTA,0,4057676
xylFp,0.3333333333333333,2,2,AACTTGGCCAGCCGGGTTGT,0,4060801
xylFp,0.3333333333333333,2,2,AACTCGGACTACGATTTGCT,0,4061468
xylFp,0.3333333333333333,2,2,AACTATTGTATCGCTGGGCT,0,4055438
xylFp,0.3333333333333333,2,2,AACGTCTGATCATTCTTGGG,0,4077043
xylFp,0.3333333333333333,2,2,AACGTAGGAAGGGTCCATGC,0,4072921
xylFp,0.3333333333333333,2,2,AACGGGAGCAGGGTCATGCT,0,4062315
xylFp,0.3333333333333333,2,2,AACGCTGTCTTGGTGAATGA,0,4056734
xylFp,0.3333333333333333,2,2,AACGCATAAATACACTCACC,0,4061452
xylFp,0.3333333333333333,2,2,AACGATCAGCCACCAATTAC,0,4056746
xylFp,0.3333333333333333,2,2,AACGATAGACCTCTGCTTCC,0,4074375
xylFp,0.3333333333333333,2,2,AACGAGTGAAAATACTTAAC,0,4061558
xylFp,0.3333333333333333,2,2,AACGAAAGCAAGGTTCCTGG,0,4057763
xylFp,0.3333333333333333,2,2,AACCTCCGGAGAGATTTCAG,0,4056198
xylFp,0.3333333333333333,2,2,AACCGCGGCACTCGGCTCAC,0,4063028
xylFp,0.3333333333333333,2,2,AACCCATGTAAGCAACAATA,0,4067063
xylFp,0.3333333333333333,2,2,AACACGCCGAGAGTTCGCTC,0,4068625
xylFp,0.3333333333333333,2,2,AACAAGAGAAAGTCTCGACA,0,4068319
xylFp,0.3333333333333333,2,2,AAATTGTAGTGTATATTTAC,0,4075204
xylFp,0.3333333333333333,2,2,AAATTGGGTAGCGATTGGAG,0,4077682
xylFp,0.3333333333333333,2,2,AAATGATCGCGGACCTTGCA,0,4061128
xylFp,0.3333333333333333,2,2,AAATATTAGAAGCGGTAGCC,0,4072369
xylFp,0.3333333333333333,2,2,AAAGGTGTTCAACGCAGGGT,0,4058570
xylFp,0.3333333333333333,2,2,AAAGGAGCGTTGGACTGATT,0,4072973
xylFp,0.3333333333333333,2,2,AAAGCGTGCCACTGACAAGC,0,4063219
xylFp,0.3333333333333333,2,2,AAACTAACAAGCTGCGAATG,0,4060120
xylFp,0.3333333333333333,2,2,AAACCCGGCAAACCGCGTAG,0,4059632
xylFp,0.3333333333333333,2,2,AAACCATGTTGTGAGATATG,0,4055182
xylFp,0.3333333333333333,2,2,AAAAGAAGGATAACCCTCCA,0,4058306
xylFp,0.3333333333333333,2,2,AAAACCTACGATTCGAAGTA,0,4059605
xylFp,0.3333333333333333,2,2,AAAACACGCGTCGGTAGGTC,0,4069277
xylFp,0.5,1,1,TTTTGTTGCGGGCCAATTAC,0,4077957
xylFp,0.5,1,1,TTTTGCATGGTAGCAGTACG,0,4057791
xylFp,0.5,1,1,TTTTCTCGTGAGAAACTACT,0,4063649
xylFp,0.5,1,1,TTTTAGTTCAGTAGATCTAT,0,4074012
xylFp,0.5,1,1,TTTTAAGCGGGCGTATGCAT,0,4071017
xylFp,0.5,1,1,TTTGCAGACTGTGAACAGTA,0,4061919
xylFp,0.5,1,1,TTTCGCGTAAGGCGGACTAG,0,4076775
xylFp,0.5,1,1,TTTCGCAGGCTGTTTTTAGG,0,4074351
xylFp,0.5,1,1,TTTCAAGGGAGAAGGGCACT,0,4060210
xylFp,0.5,1,1,TTTAGTTCTGTTGTAGAGCT,0,4062933
xylFp,0.5,1,1,TTTAGTTACCGAGATACCCG,0,4073296
xylFp,0.5,1,1,TTTAGTCAACCTCCCCATTC,0,4067582
xylFp,0.5,1,1,TTTAGCATATTGACCACCTA,0,4075094
xylFp,0.5,1,1,TTTACTCTTGGAAGAAACTT,0,4064867
xylFp,0.5,1,1,TTTACGGGCATGGTGCATGG,0,4061239
xylFp,0.5,1,1,TTTACGCTAGTGGATGCATA,0,4071596
xylFp,0.5,1,1,TTTAAATCGGAGCATTACGG,0,4060180
xylFp,0.5,1,1,TTGTTGTTCACCGACTGCCA,0,4065315
xylFp,0.5,1,1,TTGTTCGCAGGCCTTTTTAA,0,4067753
xylFp,0.5,1,1,TTGTTCCGCACGCCAAAGAC,0,4064665
xylFp,0.5,1,1,TTGTGTGGGTGCTGAAGAGC,0,4060691
xylFp,0.5,1,1,TTGTCCGGTCCCTTATGATC,0,4060894
xylFp,0.5,1,1,TTGTATTGCGCGCCCATATC,0,4065356
xylFp,0.5,1,1,TTGTAGTCACAACTGGCTAC,0,4074330
xylFp,0.5,1,1,TTGTAGCAGATCGTTGTCCC,0,4063464
xylFp,0.5,1,1,TTGGGCATCTAGCCGCTTCA,0,4069690
xylFp,0.5,1,1,TTGGCGAATTAGTAAAGTTG,0,4057374
xylFp,0.5,1,1,TTGGAGCAAATTACCTGGCT,0,4059864
xylFp,0.5,1,1,TTGCGCCAGTAAGCCGTGGT,0,4066904
xylFp,0.5,1,1,TTGCCCATCCCTATATAGTG,0,4071481
xylFp,0.5,1,1,TTGCAGTGGGAGTCTCTAAA,0,4059525
xylFp,0.5,1,1,TTGATGTTCGGCACGGGAGG,0,4065988
xylFp,0.5,1,1,TTGATACTATTCGGACCGAC,0,4073969
xylFp,0.5,1,1,TTGAGGCAATTGGTTAAGGC,0,4056953
xylFp,0.5,1,1,TTCGTTTACTATTGTTTTAT,0,4067146
xylFp,0.5,1,1,TTCGTCATCGATATGCGCAG,0,4063378
xylFp,0.5,1,1,TTCGTAAGAAAAGCTCAGCT,0,4069994
xylFp,0.5,1,1,TTCCTCCGAAAAAGCCCGAG,0,4077020
xylFp,0.5,1,1,TTCCTACCTGATAAGAGTGT,0,4060238
xylFp,0.5,1,1,TTCCTACATTTACCCAAACC,0,4064657
xylFp,0.5,1,1,TTCCACGACAATGACCAGGA,0,4072686
xylFp,0.5,1,1,TTCCACAATTTTGAGTAGCA,0,4068044
xylFp,0.5,1,1,TTCCAACATGCACTTAGCAG,0,4069615
xylFp,0.5,1,1,TTCATAGGCGGAGCGTCAAT,0,4075488
xylFp,0.5,1,1,TTCAGCATGGCTCTGCAAGG,0,4067428
xylFp,0.5,1,1,TTCAGAAGGGCCGTCCATTG,0,4071501
xylFp,0.5,1,1,TTATTAATTGCCATTCTCTT,0,4059044
xylFp,0.5,1,1,TTATATCCGTTATAGGTCAC,0,4055813
xylFp,0.5,1,1,TTAGTGTATTTTTCAGAGGA,0,4072609
xylFp,0.5,1,1,TTAGTCCCCCTTCCTTCATT,0,4076126
xylFp,0.5,1,1,TTAGGCGCTCATTTGGGGCA,0,4065081
xylFp,0.5,1,1,TTAGCTTCGAATATACTACT,0,4060969
xylFp,0.5,1,1,TTAGAGCTCGCCATGTCTCC,0,4077267
xylFp,0.5,1,1,TTAGAGCCGGGTCATTGTGG,0,4070385
xylFp,0.5,1,1,TTAGAAGTGGTTATAAAAAC,0,4062002
xylFp,0.5,1,1,TTACTTCTTCCGAGTCAATG,0,4077910
xylFp,0.5,1,1,TTACTCGTCGGACAAAAGGA,0,4068886
xylFp,0.5,1,1,TTACCGAAATCACGGATGGC,0,4071257
xylFp,0.5,1,1,TTAAGGGTTTAACAAGTTCC,0,4066628
xylFp,0.5,1,1,TTAACGCTGCCGTTGTCGAG,0,4064429
xylFp,0.5,1,1,TGTTGTCGCTCCCCGAGATT,0,4056787
xylFp,0.5,1,1,TGTTGCCCTTTGGCGTCTGT,0,4062404
xylFp,0.5,1,1,TGTTGCACTAGGTTGCAACT,0,4075042
xylFp,0.5,1,1,TGTTCGCCGGTTAGCAATAT,0,4061403
xylFp,0.5,1,1,TGTTCCAATCATATCTTGAA,0,4070487
xylFp,0.5,1,1,TGTTATAGCGAAGTCGGTAC,0,4072196
xylFp,0.5,1,1,TGTGGACACAGTTCAGCAAT,0,4074029
xylFp,0.5,1,1,TGTGGAATGACGCTGCGATA,0,4075483
xylFp,0.5,1,1,TGTGCCGACGGTACTAAGGA,0,4067135
xylFp,0.5,1,1,TGTCTTCAAACATTTTCTAA,0,4058248
xylFp,0.5,1,1,TGTCTGAGGTGCATAGCGCT,0,4070458
xylFp,0.5,1,1,TGTCTCAGCTCCCCGCCGCT,0,4073737
xylFp,0.5,1,1,TGTCGGGTGGGAGAGAATCG,0,4059591
xylFp,0.5,1,1,TGTCGCTGCTGGTGTACCTA,0,4068866
xylFp,0.5,1,1,TGTCGAGCTCAATCCGTTCG,0,4075316
xylFp,0.5,1,1,TGTCACAATGATTTGGGCAA,0,4073728
xylFp,0.5,1,1,TGTATGACTATCTAAACGGA,0,4058889
xylFp,0.5,1,1,TGTAGATGGCGAACGGGTGA,0,4067098
xylFp,0.5,1,1,TGTAGAGTAGTAATATTTAG,0,4077026
xylFp,0.5,1,1,TGTACGATTCACCGCCAACT,0,4073547
xylFp,0.5,1,1,TGTACCAATAGAAGCCGTTT,0,4073003
xylFp,0.5,1,1,TGTAATTTGGCCTGGTCCGT,0,4067683
xylFp,0.5,1,1,TGTAATCTATGAGTCGGTGC,0,4068194
xylFp,0.5,1,1,TGTAACCTAGGCAAAGTCTC,0,4069947
xylFp,0.5,1,1,TGTAAATTGGGCTAGCGTGT,0,4063075
xylFp,0.5,1,1,TGGTTGCCCAGAGGTTATGG,0,4074085
xylFp,0.5,1,1,TGGTCATGTCACAGTGGAGT,0,4062409
xylFp,0.5,1,1,TGGTATACCAGCAAAAGTTA,0,4072971
xylFp,0.5,1,1,TGGTACTTCTTTTTAGTGCT,0,4060388
xylFp,0.5,1,1,TGGGGTATCGTTAGGGATTG,0,4066930
xylFp,0.5,1,1,TGGGGCCTTCGACCGCGTCG,0,4060465
xylFp,0.5,1,1,TGGGGATGTATCGCACTCAG,0,4070465
xylFp,0.5,1,1,TGGGGATGCGAAAGACCCAA,0,4060630
xylFp,0.5,1,1,TGGGGAGGGCAAGAGATGTT,0,4061190
xylFp,0.5,1,1,TGGGGACTGATGGGCAGGCT,0,4056961
xylFp,0.5,1,1,TGGGCTCTGTGAAGCTGTAC,0,4067118
xylFp,0.5,1,1,TGGGACCTAGTTCGAGACAC,0,4062442
xylFp,0.5,1,1,TGGCTCGAAGGGCAATTGCA,0,4061612
xylFp,0.5,1,1,TGGCGGGTCTAATGGACCAT,0,4076838
xylFp,0.5,1,1,TGGCGATGCCCATATCGGAC,0,4063481
xylFp,0.5,1,1,TGGCGATATTATCTGGGCGT,0,4067158
xylFp,0.5,1,1,TGGCGACTTTCCGGCACCGT,0,4068163
xylFp,0.5,1,1,TGGCCGGTTGAGGCTATAAT,0,4055661
xylFp,0.5,1,1,TGGCCAATGGAGGGCCTTGG,0,4075846
xylFp,0.5,1,1,TGGATCATACATTTCTGGGT,0,4069662
xylFp,0.5,1,1,TGGAGTCACGACGGAACCAT,0,4056932
xylFp,0.5,1,1,TGGAAGAATCCGCTAGAGAG,0,4070497
xylFp,0.5,1,1,TGCTTTAGGAGCTGAACCAA,0,4059892
xylFp,0.5,1,1,TGCTTTACAATAGTTGATGA,0,4058021
xylFp,0.5,1,1,TGCTGGTACATCTACCAGAG,0,4057235
xylFp,0.5,1,1,TGCTGCGACAAAAAAACCTA,0,4062535
xylFp,0.5,1,1,TGCTCATGCTCTACACTTTT,0,4074260
xylFp,0.5,1,1,TGCTCAGCCTTCAACGAAAT,0,4077765
xylFp,0.5,1,1,TGCGTTCTAGAGAGCTAGTG,0,4060515
xylFp,0.5,1,1,TGCGGTGGGCCTACTCATCA,0,4076872
xylFp,0.5,1,1,TGCGGTGGCATTAGTTTAGG,0,4074598
xylFp,0.5,1,1,TGCGCCTGTGCAGTCTCCAC,0,4064987
xylFp,0.5,1,1,TGCGCCACGTGGTCGATCTA,0,4076901
xylFp,0.5,1,1,TGCATATATTTAGCACATAC,0,4060082
xylFp,0.5,1,1,TGCAGAGTGGAATCTTACCG,0,4072393
xylFp,0.5,1,1,TGCAAGAGGTCTCTGGTGGC,0,4055058
xylFp,0.5,1,1,TGATGTTGGTTCCGTTATAT,0,4077730
xylFp,0.5,1,1,TGATCTGCTACTTAATTCCG,0,4064204
xylFp,0.5,1,1,TGAGTTAGATTTTTGTTAGT,0,4066404
xylFp,0.5,1,1,TGAGGGGGATCTTTAAGCAA,0,4071035
xylFp,0.5,1,1,TGAGCATTTCAAGACGTCCT,0,4066350
xylFp,0.5,1,1,TGACTCATATCCCCGAGCGA,0,4060223
xylFp,0.5,1,1,TGACTAGATCGGCAAAGCCT,0,4056209
xylFp,0.5,1,1,TGACGGCCACTGAAGACTCA,0,4061632
xylFp,0.5,1,1,TGACCCATGGGGACTGAATT,0,4065716
xylFp,0.5,1,1,TGAATTCAACACCGTCGTCT,0,4060852
xylFp,0.5,1,1,TGAATTAAAGTACAATGCAC,0,4076139
xylFp,0.5,1,1,TGAATGGGCGTTCTCAACAA,0,4070376
xylFp,0.5,1,1,TGAATAGTGAAGGCATTCAG,0,4064964
xylFp,0.5,1,1,TGAAAGTACGCTGACGACGC,0,4069038
xylFp,0.5,1,1,TGAAACGAATGTTTACATAG,0,4060689
xylFp,0.5,1,1,TCTTTTGAGATAATGCCCTT,0,4074143
xylFp,0.5,1,1,TCTTTTCATTCGGGGTGGTG,0,4057382
xylFp,0.5,1,1,TCTTTGTAACGAAGGCGCAA,0,4057228
xylFp,0.5,1,1,TCTTTGCAAGTTCGAGTACT,0,4063122
xylFp,0.5,1,1,TCTTTATTTAGCTCAAAGGA,0,4060249
xylFp,0.5,1,1,TCTTCCTCATAGTTTCGTAG,0,4072101
xylFp,0.5,1,1,TCTGTTTCTCGAGCTCTCGC,0,4055326
xylFp,0.5,1,1,TCTGTGGGTACCATGCTCTC,0,4065589
xylFp,0.5,1,1,TCTGTCGAATACGCCCCAGT,0,4068474
xylFp,0.5,1,1,TCTGCGCCCGGCGCCACCTG,0,4068543
xylFp,0.5,1,1,TCTGCATGCACAAGAATAAT,0,4068603
xylFp,0.5,1,1,TCTGCAAAAAGTGCCAGGAT,0,4069010
xylFp,0.5,1,1,TCTCGCTACACACCAGATGG,0,4066255
xylFp,0.5,1,1,TCTCCGAGTGTGACGTGAGG,0,4060971
xylFp,0.5,1,1,TCTCACTCCGAGCGTTTTAG,0,4058898
xylFp,0.5,1,1,TCTCACAAGCGGATATGTTC,0,4066432
xylFp,0.5,1,1,TCTATTCACGAGGTCTATGG,0,4055706
xylFp,0.5,1,1,TCTATGGTAATCGCTCTACT,0,4069487
xylFp,0.5,1,1,TCTAGCCAACTAGCATCCTT,0,4071185
xylFp,0.5,1,1,TCTAGAGATCTGTTTGAGAT,0,4059376
xylFp,0.5,1,1,TCTACGAAGTAGAGTGGAGC,0,4071409
xylFp,0.5,1,1,TCTACCGTCGTCATTCCCGT,0,4073970
xylFp,0.5,1,1,TCGTGAGTCGAAAAGGTCGG,0,4075948
xylFp,0.5,1,1,TCGTATAAAACTGGCGATCT,0,4068581
xylFp,0.5,1,1,TCGGTTTTGTCAAGTATCCA,0,4056059
xylFp,0.5,1,1,TCGGCTTGTAGTCACATCCG,0,4057431
xylFp,0.5,1,1,TCGGCTAGACGCTATGCACT,0,4056963
xylFp,0.5,1,1,TCGGACTAGACTATCTCACC,0,4062774
xylFp,0.5,1,1,TCGGACCATGCGGGAATCCT,0,4064891
xylFp,0.5,1,1,TCGCTGCTACGTCTCATAGG,0,4058848
xylFp,0.5,1,1,TCGCGCTGTACGCGCTGCTA,0,4060460
xylFp,0.5,1,1,TCGCGATGGTATTGTAAGAA,0,4070690
xylFp,0.5,1,1,TCGCCTTGGGATTAATGGAG,0,4076118
xylFp,0.5,1,1,TCGCATGTCCCTCTCCTTCG,0,4074305
xylFp,0.5,1,1,TCGATCGGCGTCGGCAAAGT,0,4070853
xylFp,0.5,1,1,TCGAGTTAGTTACCTAGCAT,0,4074567
xylFp,0.5,1,1,TCGAGCGCCTGTAATTATCG,0,4066933
xylFp,0.5,1,1,TCGACGGAACCCTTCCTTCT,0,4071794
xylFp,0.5,1,1,TCGAAGAGAGGTATTAGGAT,0,4069103
xylFp,0.5,1,1,TCCTTCGATGAGTCGAGGGA,0,4065608
xylFp,0.5,1,1,TCCTGGGCCACAAGGTTTGT,0,4059062
xylFp,0.5,1,1,TCCTGGACACAAACCCTCTC,0,4072335
xylFp,0.5,1,1,TCCTCGCGGACGCTTGAAGT,0,4061816
xylFp,0.5,1,1,TCCTAGCGCTGATGGGGACT,0,4070055
xylFp,0.5,1,1,TCCGTGTAAGGACAGACAAT,0,4057819
xylFp,0.5,1,1,TCCGGGATGAGTGCACCTTC,0,4057641
xylFp,0.5,1,1,TCCGCGTCGGGCTAACCTCA,0,4064508
xylFp,0.5,1,1,TCCGATGGCGTTTCAATCTT,0,4056266
xylFp,0.5,1,1,TCCGACTCCACCTCCGGTTC,0,4073259
xylFp,0.5,1,1,TCCCATTTAGCTATTTGGTA,0,4075384
xylFp,0.5,1,1,TCCCACCAAGTCAGGGAGTT,0,4061571
xylFp,0.5,1,1,TCCAGCATTAGCCCGCACTT,0,4072368
xylFp,0.5,1,1,TCCAGAACTGCCGGTGACCT,0,4057230
xylFp,0.5,1,1,TCATTCCAACAATGGAATAG,0,4060391
xylFp,0.5,1,1,TCATCTGCCCTTTGGGTTGA,0,4066725
xylFp,0.5,1,1,TCATCTAAATAGCTCAAAGG,0,4065777
xylFp,0.5,1,1,TCATCTAAACTTGGTAAAGT,0,4067724
xylFp,0.5,1,1,TCATATTATTGTCTTTGGTC,0,4076374
xylFp,0.5,1,1,TCATAGTAGACGGCCTAATT,0,4076260
xylFp,0.5,1,1,TCATAGCGATCGATAAAGCC,0,4074194
xylFp,0.5,1,1,TCATACTTCTAAGTAAACCA,0,4065820
xylFp,0.5,1,1,TCAGGGCTTCTGTCCCGTTC,0,4065690
xylFp,0.5,1,1,TCAGGCCAAAACTCTCCATT,0,4074909
xylFp,0.5,1,1,TCAGGCAGGAGATGCAGACG,0,4062596
xylFp,0.5,1,1,TCAGCCTCTTAAGCTAATCT,0,4072970
xylFp,0.5,1,1,TCAGACCTGGCAGGGTCCGT,0,4066073
xylFp,0.5,1,1,TCACTTAGTACAATTATCTA,0,4062619
xylFp,0.5,1,1,TCACTAAGTTTGAGTGATTA,0,4074570
xylFp,0.5,1,1,TCACGGGTGTCCTTGACGTG,0,4073779
xylFp,0.5,1,1,TCACCTAGAGGATATTATTT,0,4065865
xylFp,0.5,1,1,TCACCCGGTGGAATAATAAA,0,4073539
xylFp,0.5,1,1,TCACCAGAACGTGAGAACTG,0,4073852
xylFp,0.5,1,1,TCACATACTTGCAGCCTGCT,0,4075666
xylFp,0.5,1,1,TCACATAACCCTATGTGTAA,0,4074636
xylFp,0.5,1,1,TCAATCCCGAGACGGTCCCT,0,4075461
xylFp,0.5,1,1,TCAACGGCGAATCAGTGATA,0,4072048
xylFp,0.5,1,1,TATTTACGTGCTGGCACCCC,0,4056623
xylFp,0.5,1,1,TATTCTTAGGAGGTACACGT,0,4057837
xylFp,0.5,1,1,TATTACGCCTTCGGGGACTG,0,4072181
xylFp,0.5,1,1,TATTAAGGTGATCTCGACCA,0,4056465
xylFp,0.5,1,1,TATGTTAGATTGAACCTTAC,0,4078142
xylFp,0.5,1,1,TATGCGGGGTTGTCCTGGGA,0,4066295
xylFp,0.5,1,1,TATGCGCGTGTCCTCCGCGA,0,4058951
xylFp,0.5,1,1,TATCCTGATACTTGAATTTT,0,4063490
xylFp,0.5,1,1,TATCCGGGCCAACGTCTGAC,0,4070921
xylFp,0.5,1,1,TATCCCAGTGCCAGACGGTG,0,4076603
xylFp,0.5,1,1,TATCAGATCATTAAGACCAC,0,4060457
xylFp,0.5,1,1,TATCAGAGATCACGAACACT,0,4066980
xylFp,0.5,1,1,TATATCGAGGACGACATGGT,0,4065199
xylFp,0.5,1,1,TATAGTATAGATATTTACTA,0,4067049
xylFp,0.5,1,1,TATACGGATGGGGCTGTTTC,0,4071495
xylFp,0.5,1,1,TAGTTAGCATTTGGGCAAGT,0,4075896
xylFp,0.5,1,1,TAGGGAAGGTCACACGTCCT,0,4065558
xylFp,0.5,1,1,TAGGCTGAGCTGGGCTTTCC,0,4060915
xylFp,0.5,1,1,TAGGCCCACCACGATTAAAA,0,4069710
xylFp,0.5,1,1,TAGGCCACCCCTCGGGCTCT,0,4063635
xylFp,0.5,1,1,TAGGATGTATGCTCAAGGTC,0,4063374
xylFp,0.5,1,1,TAGCAATCAGCACTAAACTG,0,4056186
xylFp,0.5,1,1,TAGCAAGCCGGCTGATGATG,0,4066869
xylFp,0.5,1,1,TAGATGGGATGGGATCTTGA,0,4061602
xylFp,0.5,1,1,TAGAGTGTAGTGTAGCTCAT,0,4069012
xylFp,0.5,1,1,TAGACCGTATGAGAGCGGCG,0,4056933
xylFp,0.5,1,1,TAGACCACGCATAAAACATT,0,4071721
xylFp,0.5,1,1,TAGACAGGTTTCAATTGAAT,0,4058952
xylFp,0.5,1,1,TAGAATTTGGGGAGTATTTG,0,4067670
xylFp,0.5,1,1,TAGAAATCGTATCAACAACA,0,4070734
xylFp,0.5,1,1,TACTGGTATGCCATGTCATG,0,4057422
xylFp,0.5,1,1,TACTGGCTCCTCTTTCTCCC,0,4074522
xylFp,0.5,1,1,TACTACTGGGATCTAATCGT,0,4069284
xylFp,0.5,1,1,TACGGCTATGAGGAAGGGCG,0,4061853
xylFp,0.5,1,1,TACGGCGCCTAAAAACACTA,0,4059061
xylFp,0.5,1,1,TACGGCAAACTAATAAGTCG,0,4063570
xylFp,0.5,1,1,TACGAAATGGTCAAAGTTCG,0,4077319
xylFp,0.5,1,1,TACCTGGAGCAATGATGCTG,0,4056325
xylFp,0.5,1,1,TACCACCCCGTTACTTTTAC,0,4076743
xylFp,0.5,1,1,TACCACAGATATGGTCCAAA,0,4061672
xylFp,0.5,1,1,TACATGAGGGGTCGAGCAGA,0,4059361
xylFp,0.5,1,1,TACATCATTCTCACACCTCC,0,4061788
xylFp,0.5,1,1,TACACCTTTCGTCAGGGTGT,0,4067496
xylFp,0.5,1,1,TACAAACCTGGGGTAAGTCT,0,4067812
xylFp,0.5,1,1,TAATGACTTATGTCCGCCCT,0,4059383
xylFp,0.5,1,1,TAATCAGGAGGACTCGTAGT,0,4057420
xylFp,0.5,1,1,TAATATTGTAAGCGATGGAT,0,4064164
xylFp,0.5,1,1,TAATAGTTTAAATTTTGCGG,0,4065569
xylFp,0.5,1,1,TAAGTAATGATCAGCCCTAT,0,4064086
xylFp,0.5,1,1,TAAGCCGCCATAGTAGGCTA,0,4066192
xylFp,0.5,1,1,TAACTGGAGGGGTGGGTTAT,0,4062124
xylFp,0.5,1,1,TAACTGCTTTCGACTTGGAT,0,4068165
xylFp,0.5,1,1,TAACTGAGGGGCGGGTGAAA,0,4056722
xylFp,0.5,1,1,TAACTCGCTGGGCCAAAAGG,0,4078074
xylFp,0.5,1,1,TAACGGTATGCACCTGTAGT,0,4071398
xylFp,0.5,1,1,TAACGGGCTAGTTAATTAAT,0,4055803
xylFp,0.5,1,1,TAACGACGCGGCATCCTTTG,0,4062679
xylFp,0.5,1,1,TAACCATTCATATCGCGCTA,0,4055126
xylFp,0.5,1,1,TAACAATTATGAATATAGAC,0,4057868
xylFp,0.5,1,1,TAAAGTGGTATTCTGGAAAG,0,4075079
xylFp,0.5,1,1,TAAAGTCATAATATTGCAGC,0,4066516
xylFp,0.5,1,1,TAAAGGTCCTGAATGCCCAG,0,4064039
xylFp,0.5,1,1,TAAAAATACACTTATGGCGT,0,4072089
xylFp,0.5,1,1,GTTTGTGCCGAGGAGAGGGT,0,4066083
xylFp,0.5,1,1,GTTTGAAAATCGCTGTTTCA,0,4071395
xylFp,0.5,1,1,GTTTCCTCCAGATTTGGTTC,0,4063507
xylFp,0.5,1,1,GTTTACGATCTCCCTTGCCC,0,4076804
xylFp,0.5,1,1,GTTGTCCGATGTAGAACGAA,0,4076020
xylFp,0.5,1,1,GTTGGGTGGTCTCAGGTCTT,0,4077375
xylFp,0.5,1,1,GTTGGCGCAGTGGGTGTTTC,0,4066949
xylFp,0.5,1,1,GTTGGACGAGAGCGCCCTCA,0,4073051
xylFp,0.5,1,1,GTTGCAATCTTCATCCACGT,0,4066288
xylFp,0.5,1,1,GTTCCGAGGTGGAGTGTTGT,0,4074208
xylFp,0.5,1,1,GTTATTGGGCAAGGCCGCCG,0,4068801
xylFp,0.5,1,1,GTTATAATGACCGGGTAACA,0,4065310
xylFp,0.5,1,1,GTTAGTTGGATACAGCCTCG,0,4063396
xylFp,0.5,1,1,GTTACGCAGGCTACACCGGA,0,4063928
xylFp,0.5,1,1,GTTACCAACCGATCGGGTAA,0,4056677
xylFp,0.5,1,1,GTGTGCGGCGTGCGCGACAA,0,4060520
xylFp,0.5,1,1,GTGTCCGGATGTAAGATCGT,0,4056312
xylFp,0.5,1,1,GTGTACTTATCAGCACCGAT,0,4056084
xylFp,0.5,1,1,GTGTACATGTGCGGGAGATC,0,4076499
xylFp,0.5,1,1,GTGTACAATCGTGGAATATT,0,4072875
xylFp,0.5,1,1,GTGGTTGACCGCATACACTG,0,4056344
xylFp,0.5,1,1,GTGGGTCGTGCATGGGTGGT,0,4071856
xylFp,0.5,1,1,GTGGGAGCCCCAGACCTTTG,0,4059013
xylFp,0.5,1,1,GTGGCGTAGGTGAGCGCGCC,0,4078060
xylFp,0.5,1,1,GTGGACCGTCACGTCATCCT,0,4057355
xylFp,0.5,1,1,GTGCGCGGTAGCAACGTGTA,0,4072524
xylFp,0.5,1,1,GTGCCACTTCCGCACAAGGT,0,4074418
xylFp,0.5,1,1,GTGCACGAATTAACCAGTGG,0,4059355
xylFp,0.5,1,1,GTGATCATGTAGAATTAGCT,0,4077101
xylFp,0.5,1,1,GTGAGCGTAATACCGTGATC,0,4070191
xylFp,0.5,1,1,GTGACCTCGCGACTGCATTA,0,4069122
xylFp,0.5,1,1,GTCTTTAGTGGCTACGGTTT,0,4057144
xylFp,0.5,1,1,GTCTGGTCAGGGAGCCAGAA,0,4056975
xylFp,0.5,1,1,GTCTGCGTTGGCGAAGTGCA,0,4077314
xylFp,0.5,1,1,GTCTGATCCGGGCTTCTGGA,0,4064828
xylFp,0.5,1,1,GTCTGATCAGAAACGTCGAA,0,4056433
xylFp,0.5,1,1,GTCTCAGGTCAATTTCCGGC,0,4060605
xylFp,0.5,1,1,GTCTATACACGGTTGGGCTT,0,4075736
xylFp,0.5,1,1,GTCTATAATTGCACGGTGGG,0,4059168
xylFp,0.5,1,1,GTCGGGCTGTGCGTCTCTTA,0,4060129
xylFp,0.5,1,1,GTCGCCTCACCTTGACGAAT,0,4072552
xylFp,0.5,1,1,GTCGCCTAAGACACACAGAC,0,4066648
xylFp,0.5,1,1,GTCGCCGGCGCTTTACCCGG,0,4077212
xylFp,0.5,1,1,GTCGCATAGGCAGTCTTGAG,0,4063998
xylFp,0.5,1,1,GTCCTTCACGAGTGAATCTC,0,4059240
xylFp,0.5,1,1,GTCCGAATGCTAATGAGCCT,0,4059503
xylFp,0.5,1,1,GTCCCGGGTATTTGGGTACC,0,4073266
xylFp,0.5,1,1,GTCCCGACATAAGAGGATAT,0,4066997
xylFp,0.5,1,1,GTCCCCGGATCACTGCGACG,0,4071355
xylFp,0.5,1,1,GTCCCAGTTGCGCATGGCTA,0,4077517
xylFp,0.5,1,1,GTCATCACCCCGGGGCCAGT,0,4076165
xylFp,0.5,1,1,GTCATATGAATGAAGTGCCC,0,4061805
xylFp,0.5,1,1,GTCAGCCTGTCTCGAACGCG,0,4055591
xylFp,0.5,1,1,GTCACAATGGGGGTCGCCTG,0,4071054
xylFp,0.5,1,1,GTCAAGACTATTCGAAGTTC,0,4062019
xylFp,0.5,1,1,GTCAACTATACACCGCGTAC,0,4055323
xylFp,0.5,1,1,GTCAAAATCAATAGGGCTTT,0,4071007
xylFp,0.5,1,1,GTATTAAGCGGCGACTCGAC,0,4057490
xylFp,0.5,1,1,GTATGTTCAACGGTCGCTCC,0,4072469
xylFp,0.5,1,1,GTATGTCAACCTCCGCCGAC,0,4074121
xylFp,0.5,1,1,GTATCTGCCTCGCGAAGGCC,0,4071566
xylFp,0.5,1,1,GTATACCTACTCCATTTGTT,0,4072105
xylFp,0.5,1,1,GTAGGCTAAACAGGGCTTTG,0,4075245
xylFp,0.5,1,1,GTAGGCCCTATGTATAAATG,0,4067880
xylFp,0.5,1,1,GTACTTACTAGGATAGGGCT,0,4060783
xylFp,0.5,1,1,GTACTGTCACCAACTTAGAA,0,4061492
xylFp,0.5,1,1,GTACGTGTTCCGTTTCCTAT,0,4070364
xylFp,0.5,1,1,GTACCCGCTTCTCCATCGTT,0,4067082
xylFp,0.5,1,1,GTAATACGCATGGACAGGCT,0,4056203
xylFp,0.5,1,1,GGTTGTAGAAAATGTAGCTG,0,4056317
xylFp,0.5,1,1,GGTTGCTACGTTATGGATGG,0,4060793
xylFp,0.5,1,1,GGTTGAATGGGTAGAATGTT,0,4075133
xylFp,0.5,1,1,GGTGTATCTCGGGAGTACTT,0,4071057
xylFp,0.5,1,1,GGTGGCGCCACACTATCTCA,0,4075236
xylFp,0.5,1,1,GGTGGCCTAATCAGTTTGGC,0,4062717
xylFp,0.5,1,1,GGTGCATCAGTGGACTACGC,0,4072133
xylFp,0.5,1,1,GGTGCACACTCCCACTATTA,0,4066604
xylFp,0.5,1,1,GGTGAGCTAGAGTTCAGTGA,0,4061761
xylFp,0.5,1,1,GGTGAGATTTTGAAACCGAT,0,4068868
xylFp,0.5,1,1,GGTCTAATTAATTCCTGTGT,0,4077828
xylFp,0.5,1,1,GGTCCGGCCGAACCTCGTAT,0,4067600
xylFp,0.5,1,1,GGTCAGATGCGGAGAGCTCG,0,4068812
xylFp,0.5,1,1,GGTATCATATGGTGGTTTTC,0,4070280
xylFp,0.5,1,1,GGTAATCGCGGGTGGGGAGG,0,4076066
xylFp,0.5,1,1,GGTAAGACTAAAATTTTGAG,0,4063587
xylFp,0.5,1,1,GGTAACTTGAGGTAGTCTGT,0,4070667
xylFp,0.5,1,1,GGGTTACTGACTCGGTACAT,0,4071478
xylFp,0.5,1,1,GGGTGTAGCTTCAGGAGACC,0,4057065
xylFp,0.5,1,1,GGGTGGTAACTCCGCCAAAA,0,4075239
xylFp,0.5,1,1,GGGTGGAATTGTTTCAGACT,0,4063909
xylFp,0.5,1,1,GGGTCGTGGGATAGTGTAGG,0,4075759
xylFp,0.5,1,1,GGGTCGGTCTACGGGACCCA,0,4055054
xylFp,0.5,1,1,GGGTCCTCCCTGCGTGTCAC,0,4068593
xylFp,0.5,1,1,GGGTCAGATACCAAGTGAGC,0,4075315
xylFp,0.5,1,1,GGGTATTATAAGTTCAACTT,0,4057998
xylFp,0.5,1,1,GGGTACTGGTAGCTGCTGGC,0,4059967
xylFp,0.5,1,1,GGGGTTATCGGCTACATATA,0,4062830
xylFp,0.5,1,1,GGGGGCACATTACCTGGTAA,0,4065184
xylFp,0.5,1,1,GGGGCGCTCTTTGCTAGAAT,0,4077310
xylFp,0.5,1,1,GGGGCGCATAAGCTGCCCCT,0,4060715
xylFp,0.5,1,1,GGGGATATTGGCTTTAGGAT,0,4064797
xylFp,0.5,1,1,GGGGATACAGCCATCCCGGT,0,4062023
xylFp,0.5,1,1,GGGGAGTGATCCGGCATTAG,0,4077856
xylFp,0.5,1,1,GGGGAACCGCATTGTGTTTT,0,4070210
xylFp,0.5,1,1,GGGCTGTTATCGGACCTGAT,0,4054996
xylFp,0.5,1,1,GGGCGGGACGACTGGGAGTG,0,4070845
xylFp,0.5,1,1,GGGCGCAGCATATAGTTGCT,0,4074292
xylFp,0.5,1,1,GGGCGAGCACCGTAGAATGT,0,4076331
xylFp,0.5,1,1,GGGCCGACCATCCGGCGCGG,0,4057784
xylFp,0.5,1,1,GGGCCAAAGGGGGATTGTAA,0,4058797
xylFp,0.5,1,1,GGGCAAAAACTTATGGCCTC,0,4060742
xylFp,0.5,1,1,GGGATCAATCGGCCTACGTA,0,4068573
xylFp,0.5,1,1,GGGAGCCGGAAGATTGTAAG,0,4076063
xylFp,0.5,1,1,GGGAAGTCCGGGGCACTTGG,0,4069942
xylFp,0.5,1,1,GGCTTGCGTTCGCGGCTTGA,0,4070073
xylFp,0.5,1,1,GGCTGGGACGGGCTAGTTTG,0,4075289
xylFp,0.5,1,1,GGCTGGAGTCGGAGAGACCA,0,4064615
xylFp,0.5,1,1,GGCTAACTGTGCATCGTCCT,0,4060005
xylFp,0.5,1,1,GGCTAACCAAGCTGCAAACT,0,4068293
xylFp,0.5,1,1,GGCGTCCAGCGAACTAAATT,0,4063044
xylFp,0.5,1,1,GGCGGTAATGATAACGCAAA,0,4069413
xylFp,0.5,1,1,GGCCGTTAAGGTCTAGGTTG,0,4076166
xylFp,0.5,1,1,GGCCATCTTATTTAGGACGG,0,4063880
xylFp,0.5,1,1,GGCAGTATTCAACCACTTGC,0,4059609
xylFp,0.5,1,1,GGCAGATCGGGGAGTTCGTC,0,4060830
xylFp,0.5,1,1,GGCACCCATCCGAAGTGTCA,0,4058365
xylFp,0.5,1,1,GGCAACCTGCATGGTAGGAG,0,4063711
xylFp,0.5,1,1,GGATTGCGCGCTCGTGATCA,0,4069085
xylFp,0.5,1,1,GGATTAATCATCGGACAGTT,0,4070751
xylFp,0.5,1,1,GGATGACTGTCCGTTTTGCG,0,4076704
xylFp,0.5,1,1,GGATCTTATTCAATTTGTAT,0,4067804
xylFp,0.5,1,1,GGATCTGCCGTTGATAGCCC,0,4068421
xylFp,0.5,1,1,GGATCCACACTAGGCCGTCC,0,4071449
xylFp,0.5,1,1,GGAGTAGAGTTAGGGCTGTA,0,4067009
xylFp,0.5,1,1,GGAGGTGCGCATAGCCCACT,0,4076392
xylFp,0.5,1,1,GGAGCTCACCACATTAGCCC,0,4059152
xylFp,0.5,1,1,GGACTTATGGAGCGTTAAAC,0,4057659
xylFp,0.5,1,1,GGACCACTGGGGGTCGAACC,0,4066189
xylFp,0.5,1,1,GGACACTGCTCAAAGCAACG,0,4067206
xylFp,0.5,1,1,GGAATATAGGGGGACATACG,0,4076287
xylFp,0.5,1,1,GGAAGTAGGGTCTAATGGAG,0,4056102
xylFp,0.5,1,1,GGAAGAAATATAACCCCAAG,0,4066630
xylFp,0.5,1,1,GGAAATCCGGAAAGGTCGTG,0,4061815
xylFp,0.5,1,1,GCTTTTATGGCGGTCAGCTC,0,4055597
xylFp,0.5,1,1,GCTTTCTTGTACAGGATCCG,0,4077737
xylFp,0.5,1,1,GCTTTCGAATAGCCACTGTG,0,4057541
xylFp,0.5,1,1,GCTTAAGAATGTGCTTCACC,0,4074561
xylFp,0.5,1,1,GCTGTAATATGTTCGTAAAT,0,4075423
xylFp,0.5,1,1,GCTGGGTTCAGCTGTAATAA,0,4064180
xylFp,0.5,1,1,GCTGGGCGCACTTGCTACCT,0,4060688
xylFp,0.5,1,1,GCTGCCTTTTGAGAGCGCCA,0,4069568
xylFp,0.5,1,1,GCTGCAGCGAAAAGATGCAA,0,4064927
xylFp,0.5,1,1,GCTCTCGTAAGCGTAAAAAG,0,4078066
xylFp,0.5,1,1,GCTAGCTTTTATCAAGATGG,0,4062240
xylFp,0.5,1,1,GCGTGGTTATAAGTAGTATT,0,4060849
xylFp,0.5,1,1,GCGTGGGGCTCTCACAACAT,0,4075107
xylFp,0.5,1,1,GCGTGGCTGCAATTTAAATA,0,4066450
xylFp,0.5,1,1,GCGTGGCTAGCGGGTGGCCA,0,4066270
xylFp,0.5,1,1,GCGTCCAGAACGTGATGACA,0,4055621
xylFp,0.5,1,1,GCGTAGTGCATTGCCTGTGG,0,4063830
xylFp,0.5,1,1,GCGGGGCGGATGTTTCCACG,0,4062225
xylFp,0.5,1,1,GCGCGCTTGGGCAGAGTTAC,0,4060094
xylFp,0.5,1,1,GCGCCATTAAAACCAGCCGG,0,4068933
xylFp,0.5,1,1,GCGCACTGGGCCAACTCCAA,0,4071364
xylFp,0.5,1,1,GCGATGGCTAATTGAGCTTA,0,4061195
xylFp,0.5,1,1,GCGAGTGTCATAGGCGGTCT,0,4073475
xylFp,0.5,1,1,GCGACCCACTGTAGCGACCC,0,4072219
xylFp,0.5,1,1,GCGAAGGACTACCCTATTCG,0,4068042
xylFp,0.5,1,1,GCGAACGTCCCACTTCTGGG,0,4074510
xylFp,0.5,1,1,GCGAACATCCGGGTAGAGCA,0,4061113
xylFp,0.5,1,1,GCCTTTCGTCATTAAAACAG,0,4075555
xylFp,0.5,1,1,GCCTGATCCCAGTATCCGGA,0,4065085
xylFp,0.5,1,1,GCCTCGAGTTGTCCTTATAC,0,4065874
xylFp,0.5,1,1,GCCGGTCGAGGGTCGCATAC,0,4077463
xylFp,0.5,1,1,GCCGGTAGTTCGGAATTCCC,0,4071838
xylFp,0.5,1,1,GCCGGGGACGTTTAATCCTG,0,4057884
xylFp,0.5,1,1,GCCGGGAACACTCTAAAATC,0,4057135
xylFp,0.5,1,1,GCCGGCTGTTTTTATTCTTG,0,4059395
xylFp,0.5,1,1,GCCGCCTGTTCTCTGTTCTT,0,4058929
xylFp,0.5,1,1,GCCGAGTACGCAGTTATCAT,0,4067611
xylFp,0.5,1,1,GCCGAATATGATCCGTCCTT,0,4072816
xylFp,0.5,1,1,GCCCTTACATCGGGAACGCC,0,4063447
xylFp,0.5,1,1,GCCCGCCCCACACATCCAAG,0,4064335
xylFp,0.5,1,1,GCCCCGGGTATTACAAGACC,0,4075761
xylFp,0.5,1,1,GCCCCGGGCACGATAAGAAA,0,4066572
xylFp,0.5,1,1,GCCCATGGGCATACGTTGTG,0,4069324
xylFp,0.5,1,1,GCCCATACGGACTATACGGT,0,4060434
xylFp,0.5,1,1,GCCAGCATAGTCAGTCAGAA,0,4054950
xylFp,0.5,1,1,GCCAGAGGAGCCCTATAATT,0,4074196
xylFp,0.5,1,1,GCCAGACACAATAGGACGTC,0,4068993
xylFp,0.5,1,1,GCCACGGCCCAGCGCCATGT,0,4059067
xylFp,0.5,1,1,GCCACAAGCCGTTCGCTCAC,0,4068547
xylFp,0.5,1,1,GCATGATCGCGGCGCTCAGT,0,4060487
xylFp,0.5,1,1,GCAGTTAATAACGAGGGGTG,0,4065671
xylFp,0.5,1,1,GCAGTGTTCATTTCCTCAGT,0,4058976
xylFp,0.5,1,1,GCAGTGAGATAGTGATCATG,0,4072295
xylFp,0.5,1,1,GCAGCCAGAGGGCGTATAAG,0,4075714
xylFp,0.5,1,1,GCAGACATTATGTAGAGAAG,0,4060069
xylFp,0.5,1,1,GCAGAAGTGGTAGATGTAAG,0,4070117
xylFp,0.5,1,1,GCACGAGCAAATACCTGCAC,0,4066171
xylFp,0.5,1,1,GCACCGCACGATGCGCCATT,0,4075034
xylFp,0.5,1,1,GCACATCAAATACTAGATAT,0,4061200
xylFp,0.5,1,1,GCACAGGAGCAATGAGCTTG,0,4069253
xylFp,0.5,1,1,GCAATGTGTTAGGGTGGACT,0,4065050
xylFp,0.5,1,1,GCAAGTCTGATTAAAAGTGT,0,4057519
xylFp,0.5,1,1,GCAAGGTGTTAGAGACTCAC,0,4067389
xylFp,0.5,1,1,GCAACTTAGCGGCGTTGCCT,0,4071419
xylFp,0.5,1,1,GCAACGCGAAAGCTTCACGA,0,4055986
xylFp,0.5,1,1,GCAACAACCGATTCTTCGTA,0,4058060
xylFp,0.5,1,1,GCAAAGGTTCCGTTCAGCGC,0,4058918
xylFp,0.5,1,1,GCAAAAATGTGTGAAGCTCA,0,4063113
xylFp,0.5,1,1,GATTTCATATCGAAGCTGCC,0,4063781
xylFp,0.5,1,1,GATTACTGATGCATACTCAC,0,4065975
xylFp,0.5,1,1,GATTACCCCCCCAGCGGTTA,0,4070072
xylFp,0.5,1,1,GATGTCGGCGATCTTCTACT,0,4074958
xylFp,0.5,1,1,GATGGATCCGGGATGTTAGT,0,4072741
xylFp,0.5,1,1,GATGACGAGCTAATTGTTGT,0,4062694
xylFp,0.5,1,1,GATCGTAGCGGTGTACAGGG,0,4069839
xylFp,0.5,1,1,GATCGGTACGATAATTATTA,0,4065937
xylFp,0.5,1,1,GATCAGTCACCTCCGGGAGT,0,4065548
xylFp,0.5,1,1,GATCACTCGTCCGAGCCTTC,0,4064082
xylFp,0.5,1,1,GATATCAATCTAGATGACAA,0,4063609
xylFp,0.5,1,1,GATATAGTGTGTGACGCTGG,0,4058246
xylFp,0.5,1,1,GATAATATCTAATTACTTCT,0,4060848
xylFp,0.5,1,1,GATAACCGCTTACTACTGGC,0,4067187
xylFp,0.5,1,1,GATAAAGGTGGAATAAACGT,0,4055555
xylFp,0.5,1,1,GAGTGTTGTAGATGTGTTTT,0,4055778
xylFp,0.5,1,1,GAGTATACAATTTTCATCCG,0,4060988
xylFp,0.5,1,1,GAGTAGAGTCACGGTCGGTG,0,4056949
xylFp,0.5,1,1,GAGGGGCGAATTATCTCATT,0,4056147
xylFp,0.5,1,1,GAGGGGACCAACCTGGTCTA,0,4070271
xylFp,0.5,1,1,GAGGGCGACAGTACTGGGTC,0,4074986
xylFp,0.5,1,1,GAGGCGGGCTTCACTTGCAT,0,4064881
xylFp,0.5,1,1,GAGCTTATAGGAGGATGTCA,0,4071745
xylFp,0.5,1,1,GAGCGGGCTCCACCTTACAA,0,4072795
xylFp,0.5,1,1,GAGCGGATCCATGTAGCCTT,0,4077540
xylFp,0.5,1,1,GAGCGACGGGAGAGGCATAT,0,4062047
xylFp,0.5,1,1,GAGCAGCCACTTGCCAGCAG,0,4069712
xylFp,0.5,1,1,GAGACGGCAACATTCTTTTC,0,4055315
xylFp,0.5,1,1,GAGACCCTAGCCGTCGCGCT,0,4068548
xylFp,0.5,1,1,GAGACCACAAGAGGCACAGA,0,4071315
xylFp,0.5,1,1,GAGAAAGTACATGCCTTCTC,0,4071366
xylFp,0.5,1,1,GACTTGTCTTAGGTTCTCAC,0,4061242
xylFp,0.5,1,1,GACTTCTGATCAAAGGGTAA,0,4072473
xylFp,0.5,1,1,GACTTCTCACACGCGTCGTG,0,4066843
xylFp,0.5,1,1,GACTTCACTTCGAATTACAT,0,4078115
xylFp,0.5,1,1,GACTTATGGATGCCTGCGTG,0,4070572
xylFp,0.5,1,1,GACTGGTACTAACATGACAC,0,4057881
xylFp,0.5,1,1,GACTCGAGAGATATCCACAT,0,4070129
xylFp,0.5,1,1,GACTCACGAGGTACCCGGGA,0,4072308
xylFp,0.5,1,1,GACTATTTTAGAGGAAGGGG,0,4076728
xylFp,0.5,1,1,GACTACACGAACGGCTCCAA,0,4055448
xylFp,0.5,1,1,GACTAAACATGTTGCGCCCT,0,4064923
xylFp,0.5,1,1,GACGTAGACCATGGCATTTA,0,4070402
xylFp,0.5,1,1,GACGCCCATCTACGGATCTA,0,4069724
xylFp,0.5,1,1,GACCTAGACTACGCACGTAG,0,4068101
xylFp,0.5,1,1,GACCGGTCCGGCTTGGCCCG,0,4058905
xylFp,0.5,1,1,GACCCCGTGTGGGCGATTTC,0,4076772
xylFp,0.5,1,1,GACCCCGGATCCCCCATGTA,0,4065246
xylFp,0.5,1,1,GACCCACTATGTAATGTCGT,0,4076828
xylFp,0.5,1,1,GACCAGTGACGGATACGCCC,0,4061350
xylFp,0.5,1,1,GACATTAAAGTCGGAATCGG,0,4059459
xylFp,0.5,1,1,GACAGAGTGAGTATTTACGA,0,4068307
xylFp,0.5,1,1,GAATGTTAGTCGCACGGGAG,0,4064202
xylFp,0.5,1,1,GAATCTCTATATGGCTGCAT,0,4075945
xylFp,0.5,1,1,GAATCCTGAGTGTCTGGAAA,0,4055003
xylFp,0.5,1,1,GAATAAGGGGGTCATGTCAA,0,4055987
xylFp,0.5,1,1,GAAGTTTGTATGATTGCTCT,0,4065949
xylFp,0.5,1,1,GAAGGCTTCTTCACTAGGTA,0,4063594
xylFp,0.5,1,1,GAAGGATAGAATGACTCAGC,0,4075156
xylFp,0.5,1,1,GAAGGAGTTGTACCAGGGGC,0,4063377
xylFp,0.5,1,1,GAAGCCCTTGGGGAAACCAA,0,4058085
xylFp,0.5,1,1,GAAGAGGACTAACATGACCC,0,4074066
xylFp,0.5,1,1,GAACTTTTGGCTCATGTATG,0,4066845
xylFp,0.5,1,1,GAACTATGGGCTGCAATGTC,0,4059280
xylFp,0.5,1,1,GAACCACATTGGATTCATCG,0,4059722
xylFp,0.5,1,1,GAACACGCCGACCAAGCTCA,0,4072540
xylFp,0.5,1,1,GAAATGTTCGCCGGCTGTAG,0,4062384
xylFp,0.5,1,1,GAAAGCGGTCAGACACGCCC,0,4064904
xylFp,0.5,1,1,GAAAATCTAAAACGACCGTA,0,4065992
xylFp,0.5,1,1,GAAAATCATCCAATTGGTGC,0,4057526
xylFp,0.5,1,1,CTTTTATGCTTGGGTCGAAA,0,4068476
xylFp,0.5,1,1,CTTTGCTGCCCTGCCACCCC,0,4063706
xylFp,0.5,1,1,CTTTCGTTGCCCAATCTTCA,0,4075967
xylFp,0.5,1,1,CTTTCCAGCGGAGTGCCCAT,0,4062639
xylFp,0.5,1,1,CTTTAGCCGGCTAACCACGT,0,4057969
xylFp,0.5,1,1,CTTGGGTGGCTTTCGAGGAG,0,4059142
xylFp,0.5,1,1,CTTGGCCCTCCAGCACGCAT,0,4075575
xylFp,0.5,1,1,CTTGGATACCTTCCACAACG,0,4057096
xylFp,0.5,1,1,CTTGGACGGTTCGAATAATG,0,4077823
xylFp,0.5,1,1,CTTGATGAGCCGATGCACGC,0,4070540
xylFp,0.5,1,1,CTTCTCAAATAGTGGTAAGG,0,4061409
xylFp,0.5,1,1,CTTCTACACTATTAGGGCAT,0,4057085
xylFp,0.5,1,1,CTTCGCAATATTGGTATGTA,0,4065746
xylFp,0.5,1,1,CTTCGACACGGCCCCGCGAG,0,4057801
xylFp,0.5,1,1,CTTCCTCAGCGCACTTAAGC,0,4064364
xylFp,0.5,1,1,CTTCCCGGTGTTCTGGCATT,0,4068396
xylFp,0.5,1,1,CTTCAGGCCTGGGGGGGTGG,0,4065221
xylFp,0.5,1,1,CTTATTTACAAGAACCTGAA,0,4076710
xylFp,0.5,1,1,CTTATTAGAACCTAGGCCTT,0,4076081
xylFp,0.5,1,1,CTTATATGTGAATTCCTGAG,0,4057852
xylFp,0.5,1,1,CTTAATTTACATTGGACAGG,0,4065172
xylFp,0.5,1,1,CTTAAGGCGAGATATTTGAC,0,4059699
xylFp,0.5,1,1,CTTAAGGCCTTATTAGTGGT,0,4064845
xylFp,0.5,1,1,CTTAAGGATGTTATCCTCCC,0,4073903
xylFp,0.5,1,1,CTTAACAAGGATTAACGGTT,0,4062527
xylFp,0.5,1,1,CTGTTAGCGTCTTAGAGACA,0,4062654
xylFp,0.5,1,1,CTGTTAATCCGAATGGGCTA,0,4056886
xylFp,0.5,1,1,CTGTGTTTCGAACGTGGAAT,0,4066086
xylFp,0.5,1,1,CTGTGCGTAGCATGCAGTCC,0,4076594
xylFp,0.5,1,1,CTGTCTGTTTGTCCTACGTC,0,4071342
xylFp,0.5,1,1,CTGTCCCGATTCAGGCGCTG,0,4055299
xylFp,0.5,1,1,CTGTAGGGAATTCACGCCCC,0,4055626
xylFp,0.5,1,1,CTGTACCCTGCGTTTGGATA,0,4062416
xylFp,0.5,1,1,CTGTAAGTTGTCAGGATAAA,0,4075987
xylFp,0.5,1,1,CTGGTGGTCGCGACATCCTC,0,4066536
xylFp,0.5,1,1,CTGGGTTTAACGTATTCCAA,0,4061837
xylFp,0.5,1,1,CTGGGACGAGTTTGCCAGTC,0,4071786
xylFp,0.5,1,1,CTGGCTGATCGGTCAATACC,0,4072183
xylFp,0.5,1,1,CTGGACCAAGGTAGTAGCGT,0,4072716
xylFp,0.5,1,1,CTGCTGGATTCCGATCCTAA,0,4071760
xylFp,0.5,1,1,CTGCTGCTTGAGGAGTACGT,0,4064569
xylFp,0.5,1,1,CTGCGATAAATATTTTGATT,0,4067240
xylFp,0.5,1,1,CTGCCGACGAATCAGAACTC,0,4067981
xylFp,0.5,1,1,CTGCAATGTTGGTCGGGCAA,0,4073680
xylFp,0.5,1,1,CTGATAGAGACGAACAATCA,0,4057311
xylFp,0.5,1,1,CTGAGCCTGTTCCGGCCTCC,0,4059304
xylFp,0.5,1,1,CTGAATGTACCCCGGCTCTA,0,4070245
xylFp,0.5,1,1,CTGAAAACAGCCCTATCGCT,0,4077497
xylFp,0.5,1,1,CTCTGCCTTAGTGTTCGGGT,0,4063622
xylFp,0.5,1,1,CTCTGAAACATCCACTGTAT,0,4065034
xylFp,0.5,1,1,CTCTACCGGACATTCATTTG,0,4073829
xylFp,0.5,1,1,CTCGTGGGCGATTGGGGTGT,0,4074550
xylFp,0.5,1,1,CTCGCTGTGTGGGATGCTCT,0,4070597
xylFp,0.5,1,1,CTCGATACCTGGTCGTAATA,0,4067798
xylFp,0.5,1,1,CTCGATAATGTATTCATCGC,0,4077940
xylFp,0.5,1,1,CTCCTCCTAAACTTAGACAT,0,4073950
xylFp,0.5,1,1,CTCCGCTCAAGGTCTAAGTG,0,4072391
xylFp,0.5,1,1,CTCCAACGGGGAGCGGGAGT,0,4073124
xylFp,0.5,1,1,CTCATACGTGTGACACTGAA,0,4062947
xylFp,0.5,1,1,CTCAGAGTCTCAGAAAGAGT,0,4075818
xylFp,0.5,1,1,CTCAGAAAGCACTCCATTAT,0,4074731
xylFp,0.5,1,1,CTCAAGGTTCTGATGATCTT,0,4060361
xylFp,0.5,1,1,CTCAACTTTGGTTCGCGATC,0,4057809
xylFp,0.5,1,1,CTATTTACGCAGGTTCGTTT,0,4058975
xylFp,0.5,1,1,CTATGGACGGGAAGGGCTTG,0,4063835
xylFp,0.5,1,1,CTATGCTCGTCGTAACAACA,0,4073030
xylFp,0.5,1,1,CTATCGGACGGATCCAGGTT,0,4071598
xylFp,0.5,1,1,CTAGGGACATGAGGCGTCAG,0,4071330
xylFp,0.5,1,1,CTAGCGCGCAACCACTGACT,0,4073699
xylFp,0.5,1,1,CTAGACTGTCTCGGACGATT,0,4069906
xylFp,0.5,1,1,CTACCTTCTGAGGTTGACGG,0,4061727
xylFp,0.5,1,1,CTACATAGTACTCGCTAGTA,0,4066880
xylFp,0.5,1,1,CTACACCCTCGTTCCATCTG,0,4059379
xylFp,0.5,1,1,CTACAAGTACGGTTCAAGGT,0,4056455
xylFp,0.5,1,1,CTAAGTCAAAAACGAGGTAC,0,4078175
xylFp,0.5,1,1,CTAAGGGAGGACGGGCCACT,0,4070885
xylFp,0.5,1,1,CTAAGGGAAGCCTCGTCCAA,0,4076199
xylFp,0.5,1,1,CGTTTCGGACGAAGACACCT,0,4060963
xylFp,0.5,1,1,CGTTGTAGTACGCATCACGG,0,4071146
xylFp,0.5,1,1,CGTTCGTTCTCCGGTGGTGT,0,4062003
xylFp,0.5,1,1,CGTTATTGATTGAACGGACT,0,4061741
xylFp,0.5,1,1,CGTGTTCAGGGGCATTAACG,0,4078027
xylFp,0.5,1,1,CGTGTGGTCGTCTATTCCCG,0,4056876
xylFp,0.5,1,1,CGTGCCCAACGTTCTCTGGT,0,4056611
xylFp,0.5,1,1,CGTGCACGCACCTTGGCATT,0,4059862
xylFp,0.5,1,1,CGTGATTTGAGGCTAGGTAG,0,4072438
xylFp,0.5,1,1,CGTCTTGTAAGATCTTCGGT,0,4064685
xylFp,0.5,1,1,CGTCGCAGTCGTGACCGCGT,0,4066234
xylFp,0.5,1,1,CGTCGAGAATGTTAATTTTT,0,4055203
xylFp,0.5,1,1,CGTCAAATCGTCTCGATTGA,0,4068022
xylFp,0.5,1,1,CGTATTGGGACCGTCCAAGT,0,4055454
xylFp,0.5,1,1,CGTAGGTTGCACTGGACCAG,0,4071825
xylFp,0.5,1,1,CGTAGACAACTGGATTGACA,0,4070233
xylFp,0.5,1,1,CGTACGAAGCTCGGGGCGGC,0,4061217
xylFp,0.5,1,1,CGTACCGACGCTAACGGTCG,0,4068113
xylFp,0.5,1,1,CGTAACGCCAGGGAGAGCTG,0,4057055
xylFp,0.5,1,1,CGGTTCCTACGGTACGCCGT,0,4073414
xylFp,0.5,1,1,CGGTGTCAGTCCGGAGAAAC,0,4068242
xylFp,0.5,1,1,CGGTCAAGGTGCCGACATCA,0,4068361
xylFp,0.5,1,1,CGGTATTCATTCTGCAGCGA,0,4056095
xylFp,0.5,1,1,CGGTATTATCGAAAATGTTG,0,4067205
xylFp,0.5,1,1,CGGTACGAGAACGGCTCGAT,0,4071618
xylFp,0.5,1,1,CGGTAATACTTCACACGTTT,0,4069538
xylFp,0.5,1,1,CGGGTAAAATTCACACGCAT,0,4073299
xylFp,0.5,1,1,CGGGCTAGAACCTGCCTGAA,0,4076264
xylFp,0.5,1,1,CGGGACTCGATATCAAAAGT,0,4055108
xylFp,0.5,1,1,CGGCTTTTCTAGCTTTTAGC,0,4056732
xylFp,0.5,1,1,CGGCGGAAAACTGTAGATCC,0,4071960
xylFp,0.5,1,1,CGGCCTTGTCGGTGCAGCTA,0,4075943
xylFp,0.5,1,1,CGGCCGTCTTGCTCGAAATG,0,4057486
xylFp,0.5,1,1,CGGCCACGGGGGGGCACGGG,0,4071273
xylFp,0.5,1,1,CGGCCAAGCACAGTATCTGT,0,4070108
xylFp,0.5,1,1,CGGCAAGTTAGAAGTCACTT,0,4058274
xylFp,0.5,1,1,CGGATTGTATGGTACACGTG,0,4055347
xylFp,0.5,1,1,CGGATGTGGAGCAGCGAGAA,0,4057542
xylFp,0.5,1,1,CGGAGTGGATTATTGGCCTG,0,4068939
xylFp,0.5,1,1,CGGAGATACACCTAATTAGA,0,4077023
xylFp,0.5,1,1,CGGACTGGTGACCTGTAATC,0,4056844
xylFp,0.5,1,1,CGGACGTACGTGTTGTAAGA,0,4071568
xylFp,0.5,1,1,CGGAATCTGCAGGGGTCATA,0,4063248
xylFp,0.5,1,1,CGCTGTGATAGGGCACATAG,0,4073459
xylFp,0.5,1,1,CGCTATAGACCTACAGACAC,0,4067001
xylFp,0.5,1,1,CGCTAGATCCAGTGCTACCT,0,4060056
xylFp,0.5,1,1,CGCGCTCTTCGTGTCTTCAG,0,4070602
xylFp,0.5,1,1,CGCGCCCATCGCAAATCAGT,0,4064776
xylFp,0.5,1,1,CGCGCAAGTGGTGGGAGTAA,0,4077859
xylFp,0.5,1,1,CGCGATTGGAGCAGCGCGGT,0,4065647
xylFp,0.5,1,1,CGCGACCTCTCCCCACGCTC,0,4069080
xylFp,0.5,1,1,CGCGAATAAGGGTCGTAATA,0,4058032
xylFp,0.5,1,1,CGCCTTTGTGGTACATAGTT,0,4058132
xylFp,0.5,1,1,CGCCTAGGCACAATCAGAAA,0,4064407
xylFp,0.5,1,1,CGCCTACTGCGGAGGAATAT,0,4062459
xylFp,0.5,1,1,CGCCGCGCCCAAAACCATCT,0,4067037
xylFp,0.5,1,1,CGCCCGAATTTGTATTAGAC,0,4075058
xylFp,0.5,1,1,CGCCCCTTTCAAGTGTATCT,0,4055020
xylFp,0.5,1,1,CGCCACGTCAGAATGGCTCG,0,4060185
xylFp,0.5,1,1,CGCATGGGTTTAGACTATAC,0,4068186
xylFp,0.5,1,1,CGCAGGGCGAGCTTGCACGG,0,4065544
xylFp,0.5,1,1,CGCAGGATTCGTGGTGCATA,0,4072422
xylFp,0.5,1,1,CGCAGCTAAGATTCTCGTAC,0,4065012
xylFp,0.5,1,1,CGCAAAACAGTTTCTGTGTA,0,4071658
xylFp,0.5,1,1,CGATTCGTTCGAAACTGGCT,0,4061231
xylFp,0.5,1,1,CGATGAGAGTACTTGGGTTT,0,4072821
xylFp,0.5,1,1,CGATCGGCACGAGATATCAC,0,4067555
xylFp,0.5,1,1,CGAGTTAAAGTAGCTTAACG,0,4064860
xylFp,0.5,1,1,CGAGCCAGGGAAGTAGACAA,0,4062517
xylFp,0.5,1,1,CGAGACGGGCCAGTGTGAAT,0,4076827
xylFp,0.5,1,1,CGACTTTCTCGACGATCAAT,0,4061521
xylFp,0.5,1,1,CGACTTAAGTGAAAGCCGAT,0,4074879
xylFp,0.5,1,1,CGACCTCTCTTTTAAAGGGT,0,4060961
xylFp,0.5,1,1,CGAAGTGGGCACGTGCACTC,0,4074817
xylFp,0.5,1,1,CGAACAATCAACAGCTTACT,0,4068193
xylFp,0.5,1,1,CGAAAGAAAATGGGATCTAT,0,4062929
xylFp,0.5,1,1,CCTTGTAGGAAGCGACTTTC,0,4063475
xylFp,0.5,1,1,CCTTGTAGACAGCTTCCACT,0,4056877
xylFp,0.5,1,1,CCTTGCTTGGATGCGGTCCA,0,4056998
xylFp,0.5,1,1,CCTTGCAACATCGTTCCCAA,0,4065840
xylFp,0.5,1,1,CCTTCTACTAGGGAGTGATT,0,4063771
xylFp,0.5,1,1,CCTTCCATCGGGACCGGGGC,0,4059880
xylFp,0.5,1,1,CCTTCACAACAGTTAAATCC,0,4071365
xylFp,0.5,1,1,CCTTAAGTCCTTGCGTAAAC,0,4064465
xylFp,0.5,1,1,CCTGGAGGGGGTATAAGCTT,0,4060799
xylFp,0.5,1,1,CCTGCTCTAGACTGTCCTGT,0,4062674
xylFp,0.5,1,1,CCTGCCTCTAGCGAGGCGGT,0,4057603
xylFp,0.5,1,1,CCTGATCCCTATAATTACGC,0,4072158
xylFp,0.5,1,1,CCTGACTGGAGGGATCTGAA,0,4056254
xylFp,0.5,1,1,CCTCGCTTCATTGAGTTTAC,0,4072143
xylFp,0.5,1,1,CCTATTTTGGCCTACGCAAG,0,4060665
xylFp,0.5,1,1,CCTATTAGAAGCCTAGGAAT,0,4077584
xylFp,0.5,1,1,CCTATGACTCCGGTTATCCT,0,4072062
xylFp,0.5,1,1,CCTAGGTCTCAGTTCAGGAC,0,4066601
xylFp,0.5,1,1,CCGTTGCCCGTACGACCGGT,0,4059322
xylFp,0.5,1,1,CCGTGGTCATAACGGGCTTG,0,4069651
xylFp,0.5,1,1,CCGTCAGGGTGGACGCTGGA,0,4074337
xylFp,0.5,1,1,CCGTATAGCGTAAGCGGGTT,0,4072050
xylFp,0.5,1,1,CCGTAGTCGGTATTCTAACC,0,4077152
xylFp,0.5,1,1,CCGGTGAAATTGCTAAGGGA,0,4064720
xylFp,0.5,1,1,CCGGTCAGTTTGTGCAGCAA,0,4068364
xylFp,0.5,1,1,CCGGTATCAGAATGAAAGGT,0,4060861
xylFp,0.5,1,1,CCGGTACGACTAACAAACGC,0,4058573
xylFp,0.5,1,1,CCGGATTTCGTTATCAACCA,0,4059523
xylFp,0.5,1,1,CCGGATTCATGCAGTAGACC,0,4064713
xylFp,0.5,1,1,CCGGAACCCTGGGAGAAAAT,0,4062168
xylFp,0.5,1,1,CCGCGTACTACGACTCAAGC,0,4061543
xylFp,0.5,1,1,CCGCGGTATACGATCACAAT,0,4062477
xylFp,0.5,1,1,CCGCCCTTCCCCCTTTTCGT,0,4072578
xylFp,0.5,1,1,CCGCATTCCTTACTAACTCT,0,4066668
xylFp,0.5,1,1,CCGCAACCTAGTGAGGATAA,0,4071847
xylFp,0.5,1,1,CCGAGTTGTTCGGTGGACAC,0,4063090
xylFp,0.5,1,1,CCGAGTGGGCCAGTAGTTTT,0,4074888
xylFp,0.5,1,1,CCGACTGTACCTGGTGAGAA,0,4061068
xylFp,0.5,1,1,CCGACGAAACACTGCGGGGA,0,4064905
xylFp,0.5,1,1,CCCTTCCAGTGAAGATTATA,0,4058299
xylFp,0.5,1,1,CCCTGTGTTTTTGCATGTAC,0,4070387
xylFp,0.5,1,1,CCCTGCTCCCTTCCAAATGC,0,4056202
xylFp,0.5,1,1,CCCGTATCTTCGCGCTGAGC,0,4056660
xylFp,0.5,1,1,CCCGGAATGAACTAAGAGCG,0,4054997
xylFp,0.5,1,1,CCCGGAAATGTAGTAAATGC,0,4064241
xylFp,0.5,1,1,CCCGAACCATGAATGACTAT,0,4056182
xylFp,0.5,1,1,CCCCGGCAGTGCATGGTCTT,0,4061961
xylFp,0.5,1,1,CCCCGCCAGTACGAAACTCT,0,4059072
xylFp,0.5,1,1,CCCCCTGGCTGAATATAATA,0,4065682
xylFp,0.5,1,1,CCCCCCAAGCAGCTTAGTCA,0,4061647
xylFp,0.5,1,1,CCCCATTTGAAAGGGTAGGT,0,4062411
xylFp,0.5,1,1,CCCATGAGCCCGCGCAGCCT,0,4074118
xylFp,0.5,1,1,CCCAGTGCGAGATCGGCGGC,0,4071160
xylFp,0.5,1,1,CCCAGCGCCGTATAGCGAAC,0,4063199
xylFp,0.5,1,1,CCATTCTTGTTGTAAGTACG,0,4076443
xylFp,0.5,1,1,CCATGTTGTCTTCCCCGGGT,0,4069035
xylFp,0.5,1,1,CCATGTTAAACCATAATTCG,0,4069334
xylFp,0.5,1,1,CCATGATAGAGCTGCATCGG,0,4057643
xylFp,0.5,1,1,CCATCGCTCGTTCCTTCGTG,0,4073139
xylFp,0.5,1,1,CCATCGCCGGTCAAGTGTAT,0,4062635
xylFp,0.5,1,1,CCAGTGAGGGTTTATCCCAG,0,4070538
xylFp,0.5,1,1,CCAGTAGCAGTAATGCGCGC,0,4071446
xylFp,0.5,1,1,CCAGCAGTTGAACTTGGCAG,0,4065803
xylFp,0.5,1,1,CCAGAACCCTAAGGTTTATA,0,4070354
xylFp,0.5,1,1,CCACGGGTGGCCTCATTTAT,0,4074378
xylFp,0.5,1,1,CCACCTCACAATCTTCTCTT,0,4077068
xylFp,0.5,1,1,CCACCGATATACGTTGCATT,0,4073043
xylFp,0.5,1,1,CCACCCATTCCAGTACTTTG,0,4055498
xylFp,0.5,1,1,CCAAGTATCAGTGGAGCATT,0,4073151
xylFp,0.5,1,1,CCAAGGCGACCCATCCGATT,0,4067459
xylFp,0.5,1,1,CCAAGGATACAGGGCCATTA,0,4070150
xylFp,0.5,1,1,CCAAATATTAGCAGATTACC,0,4060385
xylFp,0.5,1,1,CATTGGGTGTAGTTTGTTCA,0,4075931
xylFp,0.5,1,1,CATTGCAGGAATCGCGAGTG,0,4062400
xylFp,0.5,1,1,CATTGACCCGCACTATAAGT,0,4071560
xylFp,0.5,1,1,CATTCGGGATCCAGTCCGAC,0,4066026
xylFp,0.5,1,1,CATTAAGGACAATTCCTAAA,0,4075740
xylFp,0.5,1,1,CATGGGTTAATCCCTCGGGG,0,4058813
xylFp,0.5,1,1,CATGGCCGGGCACTCTTCTC,0,4075638
xylFp,0.5,1,1,CATGCGGTCAGATGCCGGCT,0,4056990
xylFp,0.5,1,1,CATGCCCAGTCAAGTTAGTG,0,4074150
xylFp,0.5,1,1,CATCTTCGAGCATGCATTCA,0,4072242
xylFp,0.5,1,1,CATCTGGACGATAGTAGGCG,0,4060677
xylFp,0.5,1,1,CATCTCCGGAATCGCGAGGT,0,4068445
xylFp,0.5,1,1,CATCGAGTGAGAGGGTCGCT,0,4064555
xylFp,0.5,1,1,CATCCGTAGTATTATTTGGG,0,4061950
xylFp,0.5,1,1,CATCCGCGGGCCAATATGGA,0,4069547
xylFp,0.5,1,1,CATCATAGGGTTGAACGAAG,0,4062963
xylFp,0.5,1,1,CATCAGCTACAGGACTCGGT,0,4059409
xylFp,0.5,1,1,CATCACCCTGTAAAGACTAG,0,4070097
xylFp,0.5,1,1,CATATTGAACGTTCCGCTAT,0,4075275
xylFp,0.5,1,1,CATAGAGAGATTAGCTGGCA,0,4075393
xylFp,0.5,1,1,CATACGTGAAAGCACCGTGG,0,4064922
xylFp,0.5,1,1,CATAATTTATTCGCTATCAT,0,4063707
xylFp,0.5,1,1,CATAAGGCGTCGTCACAGGG,0,4060173
xylFp,0.5,1,1,CAGTTCATTTATGTAAACTG,0,4078216
xylFp,0.5,1,1,CAGTGGCCTTATCTAATGTA,0,4055327
xylFp,0.5,1,1,CAGTGATGAGGTTGGGATCT,0,4065817
xylFp,0.5,1,1,CAGTCCTTAAAAGGAGCGAA,0,4055633
xylFp,0.5,1,1,CAGTAGACCGTCAGAGGGCG,0,4075173
xylFp,0.5,1,1,CAGGTTGGACTTTTTGAAGG,0,4070311
xylFp,0.5,1,1,CAGGGTGCGATACCTCTGTC,0,4062177
xylFp,0.5,1,1,CAGGGGATCGTAGTCTACAA,0,4075966
xylFp,0.5,1,1,CAGGGAAGTCTGCCTTTACA,0,4066040
xylFp,0.5,1,1,CAGCGTATTAGGGACGGGTC,0,4072173
xylFp,0.5,1,1,CAGCGGGATGCATGCGAGAG,0,4072433
xylFp,0.5,1,1,CAGATCTAGCAACCCCGAGT,0,4062653
xylFp,0.5,1,1,CAGAGTGATACGTTCTTCCG,0,4074368
xylFp,0.5,1,1,CAGAGGGGCAAGGCCGGTTG,0,4057181
xylFp,0.5,1,1,CAGACGAGCACGGGTTCGCG,0,4062250
xylFp,0.5,1,1,CAGACCGAGTGGTAACCGTT,0,4056593
xylFp,0.5,1,1,CACTTTTAAGCCCCTGTACA,0,4055932
xylFp,0.5,1,1,CACTTGTGACAGCCCTGTGC,0,4063636
xylFp,0.5,1,1,CACTTGGGGATGAAGGGACT,0,4060510
xylFp,0.5,1,1,CACTGTCCCCCGAAGTGGTC,0,4075562
xylFp,0.5,1,1,CACTGCAGCGATCACGGTAC,0,4062503
xylFp,0.5,1,1,CACTAGTAACAGGGTCTCCT,0,4069574
xylFp,0.5,1,1,CACTAGGGTAACTCTCGCTA,0,4063556
xylFp,0.5,1,1,CACTAAGTAGCAGCGAATCG,0,4074004
xylFp,0.5,1,1,CACGTTAAGCGGCCGCCGAT,0,4076223
xylFp,0.5,1,1,CACGCGCATAGCTCACCATA,0,4059004
xylFp,0.5,1,1,CACGCATTGCCCGACTGATG,0,4071013
xylFp,0.5,1,1,CACCTGTAGCGGATTGAATT,0,4062990
xylFp,0.5,1,1,CACATCGGCACATAACCGAT,0,4076606
xylFp,0.5,1,1,CACATAGTTTGAGTTCTCGA,0,4078094
xylFp,0.5,1,1,CACAGAAATGGTGTCGTACT,0,4058054
xylFp,0.5,1,1,CACACGCGATGTCGAAGGAC,0,4064095
xylFp,0.5,1,1,CACACCTCCGTATAGCAACG,0,4071143
xylFp,0.5,1,1,CACAACCGTCAGCCGATTCA,0,4072310
xylFp,0.5,1,1,CACAAATGTCTGCTCCTAAC,0,4078167
xylFp,0.5,1,1,CAATTCCGGGTATCCGTCTT,0,4072148
xylFp,0.5,1,1,CAATGCGGCAATACAGGCGC,0,4060407
xylFp,0.5,1,1,CAAGGATTGCCCAAATCCTC,0,4076903
xylFp,0.5,1,1,CAAGGATGCCCTCCGGAATA,0,4077370
xylFp,0.5,1,1,CAAGCTTAAGCGAGCAAGAT,0,4064087
xylFp,0.5,1,1,CAAGCGAAGTGGATTCATAG,0,4078091
xylFp,0.5,1,1,CAAGCACGCGTGTGAGTGTC,0,4067742
xylFp,0.5,1,1,CAAGATGTTTTTTCACTGTC,0,4059038
xylFp,0.5,1,1,CAAGAGTATAGCCAGTTATT,0,4058134
xylFp,0.5,1,1,CAAGAACAAGTCTTAGTCAA,0,4068947
xylFp,0.5,1,1,CAACGAGTGGTCAGACCGGA,0,4072895
xylFp,0.5,1,1,CAACCCAACGCGCGTGCCAC,0,4062316
xylFp,0.5,1,1,CAACAGGACGCTCGACGTTA,0,4055153
xylFp,0.5,1,1,CAACACAGAAAACGTACCGA,0,4068514
xylFp,0.5,1,1,CAAAGCCCGAGTGGCCAGTC,0,4063170
xylFp,0.5,1,1,CAAAGATATGCGTGATGTAA,0,4055223
xylFp,0.5,1,1,ATTTTTAACGCGCAAACAAA,0,4077359
xylFp,0.5,1,1,ATTTTGCACTTCACAGATAG,0,4077878
xylFp,0.5,1,1,ATTTGTGAGAGGTGCTAGTG,0,4069520
xylFp,0.5,1,1,ATTTAGTGGAGTTAGGAGCC,0,4064999
xylFp,0.5,1,1,ATTGCGTTCGATCAGTCGTC,0,4071875
xylFp,0.5,1,1,ATTGCGGGTTTTGACGTGAC,0,4066427
xylFp,0.5,1,1,ATTGCAGTGGGCAATACTCC,0,4076818
xylFp,0.5,1,1,ATTGATCATGGTGCATTAAA,0,4075280
xylFp,0.5,1,1,ATTGATAGTACGATTCTGAC,0,4074843
xylFp,0.5,1,1,ATTGAGCCAATGATAACTTG,0,4070676
xylFp,0.5,1,1,ATTCTGCGAGAACTGTTTCT,0,4061043
xylFp,0.5,1,1,ATTCTCAGTTACGATCCATC,0,4056105
xylFp,0.5,1,1,ATTCTAGGGCTATGTTGATA,0,4068816
xylFp,0.5,1,1,ATTCGTTGCCTGGGTCGGGT,0,4069894
xylFp,0.5,1,1,ATTCCGTATTACACAGGCTA,0,4074974
xylFp,0.5,1,1,ATTCACTGGTTTAGTAAGCC,0,4073889
xylFp,0.5,1,1,ATTCAAGTGAGGAGGTGATT,0,4077535
xylFp,0.5,1,1,ATTCAACGCACGTAGGGCCA,0,4075010
xylFp,0.5,1,1,ATTCAAACGTCCGGACAGGC,0,4060968
xylFp,0.5,1,1,ATTATTTGCATTTCGAAATA,0,4074915
xylFp,0.5,1,1,ATTATCAGCTAATCATTCTA,0,4069017
xylFp,0.5,1,1,ATTAGTGCCTAGTCGTCGCT,0,4070500
xylFp,0.5,1,1,ATTACGGACAACTACGCGTG,0,4068819
xylFp,0.5,1,1,ATTACAGGTCGCTCCTTAAA,0,4074499
xylFp,0.5,1,1,ATTAATCTGCCCTACATTCA,0,4058953
xylFp,0.5,1,1,ATTAAGGCTATACGAGTACT,0,4061022
xylFp,0.5,1,1,ATTAAAGCCCAACGATGGAC,0,4076832
xylFp,0.5,1,1,ATGTTGCTTGCCAAGGTTAC,0,4070974
xylFp,0.5,1,1,ATGTTATGAATTTGTGTCAC,0,4057640
xylFp,0.5,1,1,ATGTGAATTAGTTCGTATAT,0,4056491
xylFp,0.5,1,1,ATGTCACCTGATAAACGTCC,0,4071783
xylFp,0.5,1,1,ATGTAGAAGTAACGTACGGT,0,4075604
xylFp,0.5,1,1,ATGGGCGCCATTAAATCGTC,0,4067404
xylFp,0.5,1,1,ATGGCAAGGTTTCACACGTC,0,4055524
xylFp,0.5,1,1,ATGGACGTTTATGCATGTGC,0,4076350
xylFp,0.5,1,1,ATGGAAGCTGGCTCGGGTGG,0,4071104
xylFp,0.5,1,1,ATGATGTTTGCCCGCGTCTT,0,4065061
xylFp,0.5,1,1,ATGACCGTTTTGCATCGCAA,0,4066297
xylFp,0.5,1,1,ATGACATGTCACTCGGTCCT,0,4059021
xylFp,0.5,1,1,ATGACAACCTTCGTGAGTCA,0,4072113
xylFp,0.5,1,1,ATCTTTGATGGGACCGGTAC,0,4060147
xylFp,0.5,1,1,ATCTCGTGCCGACACCTTTA,0,4064408
xylFp,0.5,1,1,ATCGTTACGCAGGTCTCCAA,0,4065025
xylFp,0.5,1,1,ATCGGGTAGAGGAGGGTAAA,0,4066306
xylFp,0.5,1,1,ATCGCGGTAGATGATGCATG,0,4075021
xylFp,0.5,1,1,ATCGAGATGGTGTTTCCCTG,0,4056003
xylFp,0.5,1,1,ATCCTAGGGCTCCTGCCATA,0,4061668
xylFp,0.5,1,1,ATCCGTCACGGAGTAACACT,0,4068131
xylFp,0.5,1,1,ATCCCTCGAGCGTCCCTAAC,0,4068624
xylFp,0.5,1,1,ATCCCGGCTTATCCTGTTCA,0,4058551
xylFp,0.5,1,1,ATCCCACACGACCTATTCGA,0,4076472
xylFp,0.5,1,1,ATCCAGCGGGCGCCTCAGTG,0,4070121
xylFp,0.5,1,1,ATCCACTCGGACACCGTGGG,0,4067356
xylFp,0.5,1,1,ATCATGCTAGCATAAACAAG,0,4076068
xylFp,0.5,1,1,ATCAAGGCTTGAACCCGCTC,0,4075364
xylFp,0.5,1,1,ATCAACACTCGGGTTGTACA,0,4057500
xylFp,0.5,1,1,ATATTAAGTAGCTGATATCA,0,4067070
xylFp,0.5,1,1,ATATGTTGTTGCTGATCGCA,0,4064469
xylFp,0.5,1,1,ATATGGCGACACAGTACCAA,0,4070939
xylFp,0.5,1,1,ATATCGGGGATGGGCGCTGG,0,4064218
xylFp,0.5,1,1,ATATCGCGATCCGGAGCTAT,0,4066459
xylFp,0.5,1,1,ATATCCATCCCAGTTCCAAA,0,4064049
xylFp,0.5,1,1,ATAGTATGCGGTCCACCCAT,0,4058079
xylFp,0.5,1,1,ATAGCAAGGTTGGGAATACA,0,4064762
xylFp,0.5,1,1,ATAGATTTACGGGAGCTGCC,0,4068424
xylFp,0.5,1,1,ATAGATAAATTCTATCGCGT,0,4062012
xylFp,0.5,1,1,ATACTTTACCGGTGAGACAG,0,4069774
xylFp,0.5,1,1,ATACTTCGCGAGAAAGCGTG,0,4070779
xylFp,0.5,1,1,ATACGACGCTATCGTGCGGT,0,4065680
xylFp,0.5,1,1,ATACCTGCGCTTGTTTTTTA,0,4074367
xylFp,0.5,1,1,ATAATGCGAAAAATCTTACC,0,4077941
xylFp,0.5,1,1,ATAATCCGAGAGCCAGAATC,0,4062709
xylFp,0.5,1,1,ATAACCCGTACCACAGTAAC,0,4068175
xylFp,0.5,1,1,AGTTTTTCCTGAACATGTGG,0,4076167
xylFp,0.5,1,1,AGTTTCGAAACGTGTAAGGA,0,4075552
xylFp,0.5,1,1,AGTTTATTTCGGTTTCTACG,0,4078206
xylFp,0.5,1,1,AGTTGTGTCTATGGTAATCG,0,4063598
xylFp,0.5,1,1,AGTTGGGTGGCTTATGGGAC,0,4075419
xylFp,0.5,1,1,AGTTCTGATATCCCCCCAAC,0,4070252
xylFp,0.5,1,1,AGTTAGCGCATTTAATCGAC,0,4060365
xylFp,0.5,1,1,AGTGTTGAGGGCATGACCAT,0,4063116
xylFp,0.5,1,1,AGTGTCAACAAACCTTGTGA,0,4077424
xylFp,0.5,1,1,AGTGTACCTTCTATTACTCT,0,4061660
xylFp,0.5,1,1,AGTGGGAACGCGATCGCACT,0,4060900
xylFp,0.5,1,1,AGTGGCCCCCGGTGCTGCGG,0,4056625
xylFp,0.5,1,1,AGTGCGCACCCGTCATTTCA,0,4061470
xylFp,0.5,1,1,AGTGCCCCTTCCGTGCGCGC,0,4074945
xylFp,0.5,1,1,AGTGAGACACGTATAGCTCT,0,4073187
xylFp,0.5,1,1,AGTCTTATTTTTACTCGGAG,0,4071394
xylFp,0.5,1,1,AGTCTAGCTAGGATAGATTA,0,4056054
xylFp,0.5,1,1,AGTCCTAAGACGACTAGGCT,0,4064447
xylFp,0.5,1,1,AGTCCGAACAACCCAGTCAC,0,4067528
xylFp,0.5,1,1,AGTCAAATTGTTCAACACTT,0,4063753
xylFp,0.5,1,1,AGTAGGAGTTTGGAAGATGT,0,4066055
xylFp,0.5,1,1,AGTACCATTATATTATACGG,0,4074363
xylFp,0.5,1,1,AGTACAGCGGTTAAGACTCT,0,4055688
xylFp,0.5,1,1,AGTAAAACCGCACATAGAAG,0,4070083
xylFp,0.5,1,1,AGGTTCCCTGGGTAACTATA,0,4074959
xylFp,0.5,1,1,AGGTTATCGCGTGACATTAT,0,4070305
xylFp,0.5,1,1,AGGTTACGCCTGAAAATCTA,0,4064195
xylFp,0.5,1,1,AGGTGCTAGTACGGCGCGGG,0,4062901
xylFp,0.5,1,1,AGGTCGAGGTGAGACCCTAG,0,4064546
xylFp,0.5,1,1,AGGGTTTCCAATGCCAACAA,0,4064170
xylFp,0.5,1,1,AGGGTGTATCCAGGCGCCCT,0,4073890
xylFp,0.5,1,1,AGGGTAATTGGCATCCTCTA,0,4062180
xylFp,0.5,1,1,AGGGGTTCCGCCAGATACCT,0,4058916
xylFp,0.5,1,1,AGGGGGTAACACCTATTTAT,0,4065343
xylFp,0.5,1,1,AGGGGCTCCTCCTTACCTCT,0,4069535
xylFp,0.5,1,1,AGGGGCGCCTGTCTGAATCT,0,4060928
xylFp,0.5,1,1,AGGGCGACCGCAGACTGAGA,0,4074027
xylFp,0.5,1,1,AGGGCCGTTGAGGTCGCGAT,0,4063204
xylFp,0.5,1,1,AGGGCCGGTCCGGTGGCCGG,0,4072293
xylFp,0.5,1,1,AGGCTGGCTATAAACGGTTA,0,4063124
xylFp,0.5,1,1,AGGCTGCTGCACCTCGCCGT,0,4059439
xylFp,0.5,1,1,AGGCGATCCCTCCTTGATTT,0,4057258
xylFp,0.5,1,1,AGGCCGCCACCTCAGAGGAC,0,4062549
xylFp,0.5,1,1,AGGCAGATCACTGCGCAGAT,0,4073784
xylFp,0.5,1,1,AGGCACCGTTGGATAGGTAC,0,4068863
xylFp,0.5,1,1,AGGATCCCGTAGCTACTTTT,0,4077376
xylFp,0.5,1,1,AGGAGGTATATTATGCCTTC,0,4069863
xylFp,0.5,1,1,AGGAGAATACTGAATATTAT,0,4057336
xylFp,0.5,1,1,AGGAATTTACGCCGCCCTCA,0,4068723
xylFp,0.5,1,1,AGGAATTGACTTGACAGGAG,0,4060959
xylFp,0.5,1,1,AGGAATAAAGACATCCGTGG,0,4061951
xylFp,0.5,1,1,AGGAAGTGGTAATTTACAAT,0,4076623
xylFp,0.5,1,1,AGGAAAGCGTGGCTTTGCCA,0,4064125
xylFp,0.5,1,1,AGGAAAATGATGGCTGCTCA,0,4073782
xylFp,0.5,1,1,AGCTCATATGAGGCAATTGG,0,4057797
xylFp,0.5,1,1,AGCTCAGATCATAGCTCAGG,0,4075599
xylFp,0.5,1,1,AGCTAACCAGCCCCATGGGA,0,4055718
xylFp,0.5,1,1,AGCGGGCTAGCCGTGATTCT,0,4065099
xylFp,0.5,1,1,AGCGGGCGTATATACACTAT,0,4056472
xylFp,0.5,1,1,AGCGGATGCTGTTCAGGTTG,0,4075992
xylFp,0.5,1,1,AGCGGACGCCGGCTGGACGC,0,4077462
xylFp,0.5,1,1,AGCGATGCTGAGCTCACCGT,0,4058920
xylFp,0.5,1,1,AGCCTTTGTGAATATGGGGA,0,4056591
xylFp,0.5,1,1,AGCCTTGATTTTGGAAAGGT,0,4064940
xylFp,0.5,1,1,AGCCCTGCTGCGGAGTGAAT,0,4070418
xylFp,0.5,1,1,AGCCCCTCTTAATGCGGACT,0,4075986
xylFp,0.5,1,1,AGCATGTACTTTCACACGTA,0,4070113
xylFp,0.5,1,1,AGCATGCAGCGAAGCTAGAC,0,4059801
xylFp,0.5,1,1,AGCACGGCGATTCCGTCGAG,0,4073701
xylFp,0.5,1,1,AGATCCCTGGGGTCATGGTG,0,4063630
xylFp,0.5,1,1,AGATAGGACCTTGATGTCAT,0,4064691
xylFp,0.5,1,1,AGATAAGATCGTTTATCCTT,0,4057254
xylFp,0.5,1,1,AGAGTAGGATATGGCAAACA,0,4069081
xylFp,0.5,1,1,AGAGGTACTGCCTCTGAGGG,0,4065989
xylFp,0.5,1,1,AGAGGCAGTTGTAAACCAGT,0,4060563
xylFp,0.5,1,1,AGAGCGCTCAGGATGGAAGT,0,4061653
xylFp,0.5,1,1,AGAGACGACCTCGAAAGACC,0,4061397
xylFp,0.5,1,1,AGACAAGGCGGTCTCTAACT,0,4059262
xylFp,0.5,1,1,AGAAGGAAATTCTCGATGCT,0,4057397
xylFp,0.5,1,1,AGAAGAGAACTCGCATGTAA,0,4065929
xylFp,0.5,1,1,AGAACGTCTTTTATGCCTAC,0,4057357
xylFp,0.5,1,1,AGAAACGACGATGTCATGAG,0,4073587
xylFp,0.5,1,1,AGAAAATTATACGGATGTGG,0,4067089
xylFp,0.5,1,1,AGAAAAGGGATTAGTGTCCA,0,4060805
xylFp,0.5,1,1,ACTTGCACTAATATAGGAGT,0,4072120
xylFp,0.5,1,1,ACTTACTCATATCATGCGTG,0,4056706
xylFp,0.5,1,1,ACTTACGCGTCGGTCCGGCG,0,4065623
xylFp,0.5,1,1,ACTGTGTCCGCTTCACTATC,0,4074419
xylFp,0.5,1,1,ACTGTGTAAGACATTATCGT,0,4071521
xylFp,0.5,1,1,ACTGTGGGGGAGAATAGGAA,0,4057594
xylFp,0.5,1,1,ACTGTAGCACAGTGGGAACC,0,4078289
xylFp,0.5,1,1,ACTGCAAAGATCCTTATCTT,0,4060122
xylFp,0.5,1,1,ACTCTTTGCGGTCGCGAGCG,0,4055744
xylFp,0.5,1,1,ACTCGATGCAATAGAGTTAG,0,4065664
xylFp,0.5,1,1,ACTCCTATACTCACATCGTC,0,4077437
xylFp,0.5,1,1,ACTCCATTCGTGTCCCGTGG,0,4060525
xylFp,0.5,1,1,ACTAGGCCCAGGGGTATCGT,0,4065645
xylFp,0.5,1,1,ACTACCTGAAAGGCTCTACC,0,4055340
xylFp,0.5,1,1,ACTAAATAAACTCGACTGTA,0,4057081
xylFp,0.5,1,1,ACGTATTCAACGAACGAACC,0,4057765
xylFp,0.5,1,1,ACGTATATATATCCATACAG,0,4062704
xylFp,0.5,1,1,ACGTATAAGTCAAAATCAGA,0,4066466
xylFp,0.5,1,1,ACGGTAGGAGGCCGACCCGG,0,4074719
xylFp,0.5,1,1,ACGGTAATCTCCAATCGTCT,0,4056803
xylFp,0.5,1,1,ACGGGACTCCTAGACGCCTT,0,4062105
xylFp,0.5,1,1,ACGGCTATTATAACTAGAAG,0,4073967
xylFp,0.5,1,1,ACGGAAGTTCGGATAGGAAT,0,4068717
xylFp,0.5,1,1,ACGCTTGCACGTCTCAATAA,0,4057656
xylFp,0.5,1,1,ACGCGCTGATTGGTCGAAGT,0,4056760
xylFp,0.5,1,1,ACGCCTGTCGTCCGGATTGC,0,4069195
xylFp,0.5,1,1,ACGCAAGACCTGGGTTCAGG,0,4057602
xylFp,0.5,1,1,ACGATGTGAAAGAATGGCTC,0,4074853
xylFp,0.5,1,1,ACGATAGCAAACAGCGACAA,0,4076309
xylFp,0.5,1,1,ACCTTTGTCGAGAGAAGCTG,0,4060575
xylFp,0.5,1,1,ACCTTGATTTTGCGGACCCA,0,4062223
xylFp,0.5,1,1,ACCTTAAGTGCACAGTGCCC,0,4063328
xylFp,0.5,1,1,ACCTGTGAGATCAAAGGTGC,0,4062318
xylFp,0.5,1,1,ACCTCTGAACGGACTGCGCA,0,4068895
xylFp,0.5,1,1,ACCTCTAGCGCTCATACGTC,0,4056273
xylFp,0.5,1,1,ACCTCGGAAGAAACTGCAGT,0,4076664
xylFp,0.5,1,1,ACCGTCATGTTAGGAGCATA,0,4076674
xylFp,0.5,1,1,ACCGGGTAACTTCCTCAAAG,0,4066688
xylFp,0.5,1,1,ACCGGCCCGCGGGGTAGCGT,0,4076192
xylFp,0.5,1,1,ACCGCGGGACCCTCGCTGAT,0,4062412
xylFp,0.5,1,1,ACCGCACTATGCTTCAAGTA,0,4060139
xylFp,0.5,1,1,ACCGATGGCACCATAGTCAG,0,4072383
xylFp,0.5,1,1,ACCGAGCGATCGTGCTTTAC,0,4060213
xylFp,0.5,1,1,ACCGAAGCGAGTGGCGCCTG,0,4065407
xylFp,0.5,1,1,ACCGAACCGAAGTAACGGTC,0,4063146
xylFp,0.5,1,1,ACCCGTTCCTGGCAATGTAT,0,4060981
xylFp,0.5,1,1,ACCCCAGTTAGGTAGTGCCT,0,4063981
xylFp,0.5,1,1,ACCCCAAGTATAATCAGCGT,0,4059804
xylFp,0.5,1,1,ACCCATGGAACGCTTCATTT,0,4057328
xylFp,0.5,1,1,ACCATTCTTTAAGTTTAATG,0,4066891
xylFp,0.5,1,1,ACCATGGCTGTAATCGCGAT,0,4064692
xylFp,0.5,1,1,ACCATGAATAACAAGCCAAT,0,4059422
xylFp,0.5,1,1,ACCAGTCGCTTACGATGCAC,0,4060451
xylFp,0.5,1,1,ACCAGGTTAACGTTCTCTTA,0,4057173
xylFp,0.5,1,1,ACCAGGAGTGATGTCAAAGA,0,4075559
xylFp,0.5,1,1,ACCACTTTTCATCGAGGCGT,0,4056588
xylFp,0.5,1,1,ACCAAATTTACTAAACTCGC,0,4061787
xylFp,0.5,1,1,ACATTTTGTGTTACCTACAG,0,4063030
xylFp,0.5,1,1,ACATTCAGCAGCTATCTGCT,0,4056061
xylFp,0.5,1,1,ACATTAACACTGTAGCCCGG,0,4073281
xylFp,0.5,1,1,ACATGGCTTGTATCAACCGA,0,4061323
xylFp,0.5,1,1,ACATATCAGCATTCGATCCA,0,4064220
xylFp,0.5,1,1,ACATAGCAACCGGCGTCCAT,0,4062456
xylFp,0.5,1,1,ACAGTTGGAACCATGGTACG,0,4071309
xylFp,0.5,1,1,ACAGGTGGCATGGCATGAAT,0,4066642
xylFp,0.5,1,1,ACAGCGTTGGCGCATGCTGA,0,4066634
xylFp,0.5,1,1,ACAGCCGGTTTCGAGTAAAA,0,4075549
xylFp,0.5,1,1,ACAGATTACGATTATCTGTG,0,4061657
xylFp,0.5,1,1,ACAGAACCTAAGACACTGGA,0,4060432
xylFp,0.5,1,1,ACACGTGGCCTGTATTAATC,0,4076640
xylFp,0.5,1,1,ACACCGTGGAAGAGGAGAAG,0,4074050
xylFp,0.5,1,1,ACAATCGCGTGGTCTTTCGA,0,4058271
xylFp,0.5,1,1,AATTTCCCCAGAGGTTAAAG,0,4058172
xylFp,0.5,1,1,AATTGTAACCGGTGATGGAA,0,4061973
xylFp,0.5,1,1,AATTGGTTGCCCATACGTAG,0,4075696
xylFp,0.5,1,1,AATTGGAGTGGACCCAAGCT,0,4063110
xylFp,0.5,1,1,AATTGCGCAAACGTGTGTTG,0,4065882
xylFp,0.5,1,1,AATTGCCCAATTTGTACAAC,0,4065784
xylFp,0.5,1,1,AATTATATCCTGTCCGTCAC,0,4064874
xylFp,0.5,1,1,AATGTACCATAGAATCAAAT,0,4071570
xylFp,0.5,1,1,AATGGGGGCTATGCGTACAT,0,4056610
xylFp,0.5,1,1,AATGATCAGTTTCAAGTCCG,0,4055473
xylFp,0.5,1,1,AATGATACGGAGACGAATTT,0,4074645
xylFp,0.5,1,1,AATCGAGATAGTTTCTGATT,0,4076377
xylFp,0.5,1,1,AATCGAAGATATACTACACC,0,4063386
xylFp,0.5,1,1,AATCCTGGTAGGGAAAAACG,0,4071417
xylFp,0.5,1,1,AATCCTGAACCCTACCGGTG,0,4055175
xylFp,0.5,1,1,AATCCCCAACATGTGTCAAT,0,4057906
xylFp,0.5,1,1,AATCAGACACAATACGCAGA,0,4076865
xylFp,0.5,1,1,AATATTTTGGATCAGACCTC,0,4070628
xylFp,0.5,1,1,AATATTCGAGATCAGACTCC,0,4076481
xylFp,0.5,1,1,AATATACGTCGGGCGAGGCC,0,4070595
xylFp,0.5,1,1,AATACGGGCTTCCGTTTATG,0,4069439
xylFp,0.5,1,1,AAGTTTTAAAAAAGTACGAA,0,4063777
xylFp,0.5,1,1,AAGTGTCACCCGACGAATTT,0,4071553
xylFp,0.5,1,1,AAGTGCTCGAAGATACAAGT,0,4070199
xylFp,0.5,1,1,AAGTGAGTTACATGACGGTG,0,4061883
xylFp,0.5,1,1,AAGTCTCGATGGATGCACAG,0,4057437
xylFp,0.5,1,1,AAGGTGGTCGTGGGTCCGGG,0,4074902
xylFp,0.5,1,1,AAGGGGTCACGGACTGGATA,0,4058630
xylFp,0.5,1,1,AAGGCTGGATTAAGCGACCA,0,4055747
xylFp,0.5,1,1,AAGGAGTATCGACTTTCACT,0,4070693
xylFp,0.5,1,1,AAGCTGAGTACAGAAAAAGC,0,4059493
xylFp,0.5,1,1,AAGCCCGGGTAAAATCAAAA,0,4070013
xylFp,0.5,1,1,AAGCCCGAAGTGTCTCAGAG,0,4067300
xylFp,0.5,1,1,AAGCCATCTGAATCACGCGA,0,4061355
xylFp,0.5,1,1,AAGCATGTAACGGTCGGTAA,0,4072941
xylFp,0.5,1,1,AAGCATGGCGCGACAAGGGA,0,4058439
xylFp,0.5,1,1,AAGCAGGGACAGCATATATT,0,4062380
xylFp,0.5,1,1,AAGATTTCTAAGGCCCTAAT,0,4072298
xylFp,0.5,1,1,AAGATTCTGAAGTCCGTTAC,0,4057227
xylFp,0.5,1,1,AAGATGGAGAGCACGTCCGT,0,4071874
xylFp,0.5,1,1,AAGATCAACTTGGATTGACC,0,4057465
xylFp,0.5,1,1,AAGACGGGTACGTTCGAGCA,0,4070618
xylFp,0.5,1,1,AAGAATCCGGTTCCAGCAGC,0,4056073
xylFp,0.5,1,1,AAGAAAACTAAGTCCGGGTA,0,4063355
xylFp,0.5,1,1,AACTGTTGGCAACGAGACTC,0,4061874
xylFp,0.5,1,1,AACTGGAAGCACATAAGTAA,0,4075486
xylFp,0.5,1,1,AACTGCCGCGTAAGCTGCGT,0,4067299
xylFp,0.5,1,1,AACTCTGTGCAAGCCTCCTC,0,4059671
xylFp,0.5,1,1,AACTCTGACCCAGACGTACA,0,4061450
xylFp,0.5,1,1,AACTCACGAAACTTAGTAAC,0,4056757
xylFp,0.5,1,1,AACGTTTCAGTACCTTTTCG,0,4060203
xylFp,0.5,1,1,AACGTTGCAGCATTGTCTTA,0,4076735
xylFp,0.5,1,1,AACGTATTCCGTACCGGGCT,0,4067756
xylFp,0.5,1,1,AACGCGGTCTAGTACTTCCA,0,4057912
xylFp,0.5,1,1,AACCTTGTAATCTAATTTTT,0,4073562
xylFp,0.5,1,1,AACCTAAATGGGGATATCGG,0,4074475
xylFp,0.5,1,1,AACCGGATTTAGAGGCTGTG,0,4068035
xylFp,0.5,1,1,AACCGCGGTTTGACCTTATA,0,4056538
xylFp,0.5,1,1,AACCGCATGTCTTTCTCAGT,0,4071200
xylFp,0.5,1,1,AACCGACTAGATGGTGATCA,0,4072975
xylFp,0.5,1,1,AACCCGCCTAGGAAGAAGCG,0,4067672
xylFp,0.5,1,1,AACATTATTCCCAACTTCAA,0,4073724
xylFp,0.5,1,1,AACATGAGCAATCGGAAATG,0,4056978
xylFp,0.5,1,1,AACACGCGTTATCCGACCAC,0,4075957
xylFp,0.5,1,1,AACACGAAGCGACAAGCTCG,0,4062029
xylFp,0.5,1,1,AACAATACCAGGCCGGGTCT,0,4064853
xylFp,0.5,1,1,AACAAGAGGCGGATAAAGAC,0,4061921
xylFp,0.5,1,1,AACAACCCACGCGTATCAGT,0,4056367
xylFp,0.5,1,1,AAATTTGACTTGATCAACTA,0,4077179
xylFp,0.5,1,1,AAATGGCCCGGTAAGGTATC,0,4066780
xylFp,0.5,1,1,AAATGCGGCCGTACCATAGG,0,4068351
xylFp,0.5,1,1,AAATCTTGGTTGCACCGAAT,0,4071299
xylFp,0.5,1,1,AAATCAGCCTGGACCAGTAG,0,4057433
xylFp,0.5,1,1,AAATATGAACTAACTAGATT,0,4067208
xylFp,0.5,1,1,AAATACGCTTCAGCAACGAA,0,4064380
xylFp,0.5,1,1,AAAGCGTTTTTACCTTGAAG,0,4064331
xylFp,0.5,1,1,AAAGCCCGGAGAAGATTGAA,0,4075515
xylFp,0.5,1,1,AAACTGCAAGGGGATTGAAT,0,4062507
xylFp,0.5,1,1,AAACGTTGGAGGCCATTATC,0,4068160
xylFp,0.5,1,1,AAACATCAATTACTTTGTAG,0,4070835
xylFp,0.5,1,1,AAAATGTCCCCCGGAATGTG,0,4058686
xylFp,0.5,1,1,AAAATCCGGACAGGTCCGTT,0,4075591
xylFp,0.5,1,1,AAAACCGTTAACGTGCTATT,0,4076117
xylFp,0.5,1,1,AAAACACAGACTGTGACGGG,0,4064216
xylFp,0.5,1,1,AAAAATAACCCTCTGGAACG,0,4071834
xylFp,53.0,52,0,GGTACTAGCGCCCCTTTGTC,52,4076776
xylFp,35.0,34,0,TGATGCGTTCACATGATGTC,34,4063699
xylFp,30.0,29,0,ATTGTTGCGTTTATTACTGT,29,4065445
xylFp,29.0,28,0,TCCGCACCCTAGGGTTTAGG,28,4064563
xylFp,27.0,26,0,TGCACATGCTTTCATGCGAT,26,4063222
xylFp,27.0,26,0,GAACCCAGGAACTCTTACTC,26,4056907
xylFp,26.0,25,0,AGTGGCCAGGGCCATCGTGA,25,4072966
xylFp,25.0,24,0,CGATTACCCTAGACACGTTT,24,4071649
xylFp,24.0,23,0,TCGCCCCCGCGGCACAGACA,23,4064330
xylFp,24.0,23,0,GTAATAAGCTAAGGGGTACG,23,4065673
xylFp,24.0,23,0,CCCCTCATGAAATCGGGAAC,23,4059557
xylFp,23.0,22,0,TATGAACGAAGGTCAAGATT,22,4058752
xylFp,23.0,22,0,GCGATATTAGCAGTCGCATA,22,4062594
xylFp,23.0,22,0,CTCGCGCAGTTAGTTAGCCC,22,4064695
xylFp,23.0,22,0,AAGACCTCACGGTACCAGCT,22,4061055
xylFp,21.0,20,0,CGTTTTGAGTTTGGGGTTCT,20,4058225
xylFp,21.0,20,0,ACTCGTTGGCAATCTAAGGG,20,4063373
xylFp,20.0,19,0,GTTTACATAGTATCTGAAGC,19,4054940
xylFp,20.0,19,0,GTGATAAGTGCGCTCAGGGC,19,4072306
xylFp,20.0,19,0,ATGATGCCCTGTACGGGTGC,19,4056330
xylFp,20.0,19,0,ACAGCGTCTCCTGGCCCAGC,19,4059943
xylFp,18.0,17,0,TTAGACAGCCAAACAGTGGT,17,4067577
xylFp,18.0,17,0,TCTCCGTATATGATCGTTTT,17,4070543
xylFp,18.0,17,0,TCCATATGATGTGTTCCCAT,17,4061380
xylFp,18.0,17,0,TCCAGGTGAGGATTTTACGT,17,4062000
xylFp,18.0,17,0,GGCAGTCGGGTACTACGGCC,17,4058833
xylFp,18.0,17,0,GGACGATTTGGGGCCTGCCC,17,4061634
xylFp,18.0,17,0,GACTGCCTTTAGTATTCTGA,17,4067064
xylFp,17.0,16,0,TGTTTGCCCTGGTGCTTGGG,16,4071821
xylFp,17.0,16,0,TAAATATGTGGTATGCTTAT,16,4075159
xylFp,17.0,16,0,GCTCCCGGCAAGTCCATGGG,16,4077014
xylFp,17.0,16,0,CGGGGGGGTAAACTCCAATT,16,4069492
xylFp,17.0,16,0,ATTCACTGCACTCATTATGT,16,4064282
xylFp,16.0,15,0,TGTAAGCACACTCCACGGCT,15,4058742
xylFp,16.0,15,0,ATTGCTGCGAGAGGCCTTCT,15,4076149
xylFp,15.0,14,0,GGCTGTAACCGTAGACATAT,14,4069285
xylFp,14.0,13,0,TCTCACAATCTGTGGTTTCG,13,4073639
xylFp,14.0,13,0,GCGAGCCCGATGTCGTTAAT,13,4067338
xylFp,14.0,13,0,CTGACCAAAAGCCCAGTATC,13,4078124
xylFp,13.0,12,0,GCTGACGGTGGGCTGATATC,12,4074340
xylFp,13.0,12,0,ATCGCTTAAATCGGTTGTCG,12,4060211
xylFp,12.0,11,0,TGTCCAGTCGTGTTGCAACC,11,4076595
xylFp,12.0,11,0,TCGTTTGCTTCTCACGTCAT,11,4066237
xylFp,12.0,11,0,CGGGAAGGTTTCCGCGTCAT,11,4072600
xylFp,12.0,11,0,CGCGAGATTAGTTGTAACAA,11,4055880
xylFp,12.0,11,0,CGATTAGCGGGTACAATAAT,11,4065760
xylFp,11.0,10,0,TGTCCTAGCAATGTAGCCTA,10,4072162
xylFp,11.0,10,0,ATCTGTGGATATCTCTATCT,10,4062587
xylFp,10.0,9,0,TATCCTTCGGACAGATATGA,9,4058921
xylFp,10.0,9,0,GATCGACCGGCGCTATCCTC,9,4068509
xylFp,9.0,8,0,TTAAAGCGACCAGACAGGCT,8,4060375
xylFp,9.0,8,0,TGTGCGCCGAGTGCCTTTGT,8,4056545
xylFp,9.0,8,0,GTTGAAGATTGGATTGACTA,8,4075826
xylFp,7.0,6,0,GTCTATGATCTTAATGAATG,6,4055085
xylFp,6.0,5,0,AGGTCTCTATTTTTTTCATC,5,4070386
xylFp,5.0,4,0,AGAGGTCTATATTAATCTTC,4,4069152
xylFp,4.0,3,0,GAATCCTCCTCATCGAATTT,3,4076954
xylFp,4.0,3,0,AGAGTTTAGAGGTCTCTCGG,3,4057132
xylFp,3.0,2,0,CTCTCTTGCAATCTTTGCAG,2,4076275
xylFp,3.0,2,0,ATCGAATAGATACAAGTAGA,2,4058572
xylFp,2.0,1,0,TTACGTGTGCTTGAAGTCCA,1,4070093
xylFp,2.0,1,0,TGGGGGTCCAAGAGCGTCAT,1,4064019
xylFp,2.0,1,0,TGGACTGGCATTCCCCCCCC,1,4070490
xylFp,2.0,1,0,TCGAAGAGATGGTTGCTACG,1,4075612
xylFp,2.0,1,0,TACTGATCCACTCTCAATAG,1,4077160
xylFp,2.0,1,0,GTGCATCCATCTCAAAAACC,1,4071631
xylFp,2.0,1,0,GGTCATCTCGGGCGTGGGTT,1,4071924
xylFp,2.0,1,0,GGGAAGTGTAAATCGAGGTC,1,4077079
xylFp,2.0,1,0,GCCCACGTGCCGCCTTCTAG,1,4068045
xylFp,2.0,1,0,CTGAGGAGATATTATCGTAC,1,4061933
xylFp,2.0,1,0,CGCTCTCAAGTACAAATTTT,1,4075357
xylFp,2.0,1,0,CGCTCGTGACTACGGTGTGC,1,4077041
xylFp,2.0,1,0,CGCGTATACAGCAACTCTAC,1,4076853
xylFp,2.0,1,0,CCGGGCTTAAATAACACGTG,1,4069099
xylFp,2.0,1,0,CCACGCGTAAACTTAATATT,1,4057560
xylFp,2.0,1,0,CAGTAGCGGCGCTTCCCTCG,1,4069510
xylFp,2.0,1,0,ATCGTTCGGGCGCTGCAACA,1,4065954
xylFp,2.0,1,0,ATATTATCGCCACCACGGGG,1,4065134
xylFp,2.0,1,0,AGCATAGCCCCATGGGGGTT,1,4065927
