name,relative_counts,ct,ct_0,barcode,ct_1,barcode_ind
rspAp,0.7890855457227138,1211,677,CGACTAACGAGAAAGACAAA,534,3308911
rspAp,0.11467889908256881,241,217,GGGTGGGCGACGTAGCACAA,24,3308878
rspAp,0.16083916083916083,164,142,GCCGAGTGCTCAGTTTAATT,22,3327041
rspAp,0.7293233082706767,228,132,GCTCCAATAATCGGATCTAT,96,3309187
rspAp,0.4230769230769231,183,129,TTGGCGCTGAATAGTGTGAA,54,3332271
rspAp,0.4230769230769231,183,129,AGCCCGGTCACAAAAAACCC,54,3309023
rspAp,0.40625,178,127,GGACATCTATTTTTACGGAA,51,3310429
rspAp,0.6864406779661016,197,117,GTCTTTTGGTGTAAGGAAGT,80,3309566
rspAp,0.5087719298245614,170,113,AGGTAGAAAGCTAGATTCTG,57,3310531
rspAp,0.33636363636363636,145,109,CAGTTGTGACTTGACGTTTC,36,3308974
rspAp,0.8037383177570093,191,106,TATCCACTCAATCATTAAGA,85,3311412
rspAp,0.2336448598130841,130,106,GGTTTGTTAGCTGGGTTACT,24,3314649
rspAp,0.7383177570093458,184,106,GCCACGCATTTCGATTGTCT,78,3313397
rspAp,0.8823529411764706,190,101,TGAAACCAAAATCGCGACAT,89,3319997
rspAp,0.55,153,99,ATTAAGTCCCCACCAGATCG,54,3314880
rspAp,0.5670103092783505,150,96,CCTGGCTTGCATTCGAGTGT,54,3317333
rspAp,0.6105263157894737,151,94,GTCTCCCGAGAGGTGTGCAT,57,3309255
rspAp,0.8829787234042553,175,93,ATCTTCAGACTCAACTCGAA,82,3315299
rspAp,0.4,124,89,GGAGTGGGACCATTCCATAT,35,3309426
rspAp,0.8295454545454546,159,87,TCCCGCCGCCCCAAGGAGAG,72,3308921
rspAp,0.4367816091954023,123,86,TCCTGCACGGCTCATTTATT,37,3314016
rspAp,0.7619047619047619,146,83,CAGCATCCAATGGCCGTAGT,63,3318753
rspAp,0.4457831325301205,118,82,TTATTGTCTGATATAAACCG,36,3325235
rspAp,1.7469879518072289,226,82,TCCATAGGTGCCTCCCAATA,144,3308940
rspAp,0.8414634146341463,149,81,CGCTACGTTCCGGTGGGCAT,68,3310344
rspAp,0.43902439024390244,116,81,CAGGGCAGGGGTCTGGGTAA,35,3314143
rspAp,0.345679012345679,107,80,GTAATACAAGCAATTGCACA,27,3313479
rspAp,0.3625,107,79,TTTAGTCAACTGGTCGGCTC,28,3318944
rspAp,0.1625,91,79,GGCGGCGTATGCACAGCATC,12,3321039
rspAp,0.1625,91,79,CGTCGGGGGAGAAACCGTGC,12,3328225
rspAp,1.3766233766233766,181,76,TCCAAGGCGTATGAGTTCCA,105,3316577
rspAp,0.05194805194805195,79,76,ATGGATTTCTCGTGCAGGTA,3,3321411
rspAp,1.5657894736842106,193,75,TCACGCCTCTACAGTCAGGT,118,3322014
rspAp,0.6447368421052632,123,75,GAGGTGTTAGCTGACAAGGG,48,3311176
rspAp,0.48,109,74,TAGCATAGGGGAGTGATTGA,35,3309342
rspAp,0.7733333333333333,131,74,CTTCAAACGGCACGATAGGT,57,3322392
rspAp,0.7466666666666667,129,74,CGCCCGCGGATGCCCCGACG,55,3321135
rspAp,0.14666666666666667,84,74,AGCTAGCTTGCCCGAATTGG,10,3310278
rspAp,0.4583333333333333,103,71,CAACATCGCACGTAGCTGCT,32,3329664
rspAp,0.5285714285714286,105,69,GGGTAAGCAAGAGTTATCTA,36,3328036
rspAp,0.3142857142857143,90,69,GCCACGGGCGCGTGACGAGC,21,3309639
rspAp,2.4,236,69,GATCAATTTGGGCCGGCGAT,167,3310810
rspAp,0.21428571428571427,83,69,AGAGTTTGGTAGAATCCTAA,14,3322656
rspAp,0.5942028985507246,108,68,TTCATGAGCGTTTCCACTCT,40,3310199
rspAp,1.289855072463768,156,68,TGTTGACATATCACGGCAAT,88,3311973
rspAp,0.2608695652173913,85,68,TCATCTCATTCCGCAGCATC,17,3311498
rspAp,0.4782608695652174,100,68,GTCATACTCGGGTTCGCAAA,32,3316786
rspAp,0.37681159420289856,93,68,GTCAGCTCTATGGGACGGTG,25,3325195
rspAp,0.4782608695652174,100,68,CCTCAGACGAGTCATAAGAC,32,3318035
rspAp,0.4782608695652174,100,68,CCTAACTATTAGTGTTGTAT,32,3312991
rspAp,1.161764705882353,145,67,GGTGGGCGTGGATTGCAGTC,78,3312820
rspAp,0.14705882352941177,76,67,ATGACTAGGTGCGAACGTGG,9,3312145
rspAp,0.4411764705882353,96,67,ATATATCAGCAGCCTGGCAT,29,3317911
rspAp,0.8656716417910447,123,66,GGTTGCCTACTCCGGTAGTA,57,3310259
rspAp,0.5074626865671642,99,66,CAAACCTTGCGGGGACGTTT,33,3328129
rspAp,0.6417910447761194,108,66,AAGAAATTTTATAGCGTTGA,42,3319922
rspAp,0.4696969696969697,95,65,TACCACGTCCAAAGGGAGCT,30,3326244
rspAp,1.121212121212121,138,65,GCTCTTTACGGGTCTTGGCA,73,3317818
rspAp,0.24242424242424243,80,65,GCGGTCGATAGGCTCGCGCA,15,3322134
rspAp,3.6615384615384614,301,64,TCTCGTATAGTAAGCATATG,237,3313895
rspAp,1.0615384615384615,132,64,GCGGCGAGTAGAGCCCGCTT,68,3318014
rspAp,0.6923076923076923,108,64,GATGTCCGCCAGTATCAGCA,44,3320413
rspAp,0.6923076923076923,108,64,CTAGAATTAGTTGAGTTCAT,44,3326940
rspAp,0.031746031746031744,63,62,TGCTTATAAGATGTTATGAT,1,3315578
rspAp,0.38095238095238093,85,62,TGCACTCACGTTTCGGATCT,23,3310290
rspAp,0.1746031746031746,72,62,GCCAGTTCACTATAGTGCTA,10,3329074
rspAp,0.031746031746031744,63,62,CGCTTTATTTCTGAGGCTCA,1,3309648
rspAp,1.873015873015873,179,62,ATCCTTCAAAACCAACTACA,117,3312414
rspAp,0.5161290322580645,92,61,TGCTCTCACCTTCTCGTTCG,31,3315640
rspAp,1.6774193548387097,164,61,GACAGAGTACAAGCATACTC,103,3315885
rspAp,0.45161290322580644,88,61,GACACTTCTTTTAATTAGGT,27,3321573
rspAp,0.3225806451612903,80,61,CCGATTCACTTCATTTGTAT,19,3312631
rspAp,0.25806451612903225,76,61,CACGTAATTGGTGTTAAAAG,15,3321571
rspAp,0.7903225806451613,109,61,ACCCACGAATTTTTCATACT,48,3315825
rspAp,0.13114754098360656,67,60,TAGAGGAACCGGACTGATCT,7,3312767
rspAp,0.26229508196721313,75,60,GCGGTGGTAGTGATTAGTTA,15,3310351
rspAp,0.4262295081967213,85,60,CTCTTATCACGTTGATTGAC,25,3323998
rspAp,0.7213114754098361,103,60,AGGGTTCAGCACGCCTGTTG,43,3318070
rspAp,0.5833333333333334,93,59,TGAAAGCCGCAGGCAGTTAG,34,3326907
rspAp,1.3333333333333333,138,59,TCTCTCTTGCAAGGAGTGAA,79,3310660
rspAp,1.25,133,59,TAAGACCGCTCTAGGCGCTC,74,3311863
rspAp,1.25,133,59,GGACTTTACACTTCGGAATG,74,3332272
rspAp,1.0833333333333333,123,59,CCTTTAAATTGGGCGGATGT,64,3317751
rspAp,0.6166666666666667,95,59,CCGTGCGTAAAATTTTTTGT,36,3325908
rspAp,0.423728813559322,82,58,TTTTGTGATGTTAGAATACA,24,3321208
rspAp,1.0,116,58,TGAACGGATCGGCTGGTGCA,58,3313558
rspAp,0.0847457627118644,62,58,GCCCAGAGGGTCGTAGTGGC,4,3309116
rspAp,0.4915254237288136,86,58,CATGGACCTCTCAGATAGTA,28,3324447
rspAp,0.4406779661016949,83,58,CATCAGGAGTAACCCAGATT,25,3320203
rspAp,0.559322033898305,90,58,CAATGCCAGGTCCTCGCACC,32,3310750
rspAp,1.4067796610169492,140,58,ATGGTGTGCTCAGTCAGGAA,82,3316335
rspAp,0.896551724137931,108,57,TTTTGAACTCTGGCGACGCA,51,3328292
rspAp,0.7413793103448276,99,57,GTGCCTTTCCCCCATGAAGA,42,3309299
rspAp,0.5862068965517241,90,57,GAATTTCGTTCGTGACAGCG,33,3319728
rspAp,0.5172413793103449,86,57,GAAGGTGTATACGTCCGCTA,29,3311115
rspAp,0.27586206896551724,72,57,ACTCTACGGAGCGCGTGTCT,15,3318394
rspAp,0.5614035087719298,87,56,TGAAAGCAGCGCGTGGATCA,31,3330807
rspAp,1.543859649122807,143,56,GCATCCTCTGAAAGGTAAAA,87,3325843
rspAp,10.929824561403509,678,56,GAAGGAATGGAACCTGCCTC,622,3326834
rspAp,0.22807017543859648,68,56,CTCAGGGGCTCGGGCAGTTG,12,3310276
rspAp,1.1228070175438596,119,56,CATGCATTGAGGGATAATAT,63,3325674
rspAp,0.5263157894736842,85,56,ATGTGCTTGCAGGGCTTCGG,29,3311761
rspAp,0.6491228070175439,92,56,ACCTGATACTCGTAAATAGG,36,3311594
rspAp,0.75,96,55,TTTTTCGCTCATCCTACGTA,41,3313413
rspAp,0.07142857142857142,58,55,CTGGGAAATCGCCCGAACTA,3,3318826
rspAp,0.17857142857142858,64,55,CTGAGACGCGAGCACCATGT,9,3317831
rspAp,0.2857142857142857,70,55,ATGCCGAGTCTCAAATGTAT,15,3314683
rspAp,0.2857142857142857,70,55,AGTCTTGGACGTTTGAGGTG,15,3317331
rspAp,0.4107142857142857,77,55,AGCTCAGATATCGTCATCAT,22,3325007
rspAp,2.618181818181818,197,54,TGTGGCCTAATGTTTTTCGA,143,3313438
rspAp,0.7454545454545455,94,54,TCGCGAAAAGAACTAGCGAC,40,3309136
rspAp,1.1454545454545455,116,54,TACCGCCAGTCGCTTGCTTC,62,3316445
rspAp,0.34545454545454546,72,54,TAACCGATTGATTCGCGTTT,18,3324048
rspAp,1.2727272727272727,123,54,GGCCACCAGTCGAACCTCGA,69,3328063
rspAp,1.7636363636363637,150,54,CTCCAATCCAGGTCCAGCCT,96,3320473
rspAp,0.18181818181818182,63,54,CTACTACAGGGGCATCCGCG,9,3321075
rspAp,11.727272727272727,698,54,CAGGACAGCAGCAGATGATC,644,3313374
rspAp,0.1111111111111111,58,53,TGAGTCGGAAGTGGATTTGT,5,3309005
rspAp,0.25925925925925924,66,53,TCGCTTGGTGATATTTTTCT,13,3322210
rspAp,0.8703703703703703,99,53,GCACTCATTCCTAAATTCCC,46,3313133
rspAp,0.35185185185185186,71,53,CGGCAGGCGACATCCAAGCT,18,3317451
rspAp,0.16666666666666666,61,53,CGCGCTGGTATACTGAGGCG,8,3309237
rspAp,1.4259259259259258,129,53,CGATCACGTATAGTACGGCA,76,3315871
rspAp,0.37037037037037035,72,53,ACTGGGGGGAAAACCGTATG,19,3322826
rspAp,1.0555555555555556,109,53,ACTGCATGCGTCTATTTACA,56,3325230
rspAp,0.37735849056603776,71,52,TCTATTGTTGGCTCACTGAA,19,3319504
rspAp,0.5094339622641509,78,52,GTACAACCTGTTGTACCAAC,26,3313573
rspAp,0.7358490566037735,90,52,GGGCGAACTCGTGGTAGTCT,38,3318850
rspAp,0.18867924528301888,61,52,GCGACTTACAACATGAACGC,9,3328714
rspAp,0.5471698113207547,80,52,CACCCTGGATATAGGAGAAA,28,3319932
rspAp,0.7358490566037735,90,52,AGAGTGAGGCTACCACTAAT,38,3328213
rspAp,0.5283018867924528,79,52,AATCGAGAAGTTCTGGTGGA,27,3321353
rspAp,0.4716981132075472,76,52,AAGTTGACTCGGGAACTTGG,24,3332057
rspAp,0.07692307692307693,54,51,GCCTAGTCGAGCTGTGAAAC,3,3313344
rspAp,0.6153846153846154,82,51,GCACTAACGAATGATATTTT,31,3312518
rspAp,0.5192307692307693,77,51,CTGCGGGCATTCCGTCGCCC,26,3319056
rspAp,0.038461538461538464,52,51,CCATCTTTCCCCAGATACTG,1,3320023
rspAp,0.40384615384615385,71,51,CACTATAGTCAAACTGTTCG,20,3323238
rspAp,0.46153846153846156,74,51,AGGTTTGGATGTAGATATGG,23,3312048
rspAp,0.9807692307692307,101,51,AGGGACATACACTGGGCCTA,50,3318635
rspAp,0.1346153846153846,57,51,AGGCTACTTAATAGTTTGTC,6,3316018
rspAp,0.40384615384615385,71,51,AGACGGTTGCCAGGTGCGCG,20,3314117
rspAp,1.25,115,51,ACCACTACCTCAAAATCAGA,64,3327366
rspAp,0.8461538461538461,94,51,AAGGGGCATATTCGAGAAGA,43,3316808
rspAp,0.49019607843137253,74,50,TCACAAGTAAATTAGTAAAA,24,3320347
rspAp,10.03921568627451,561,50,GTATTGTTACAGGCAATGCT,511,3324940
rspAp,3.0784313725490198,206,50,GCCGGGAGAGATATTTGCAG,156,3315365
rspAp,0.7058823529411765,85,50,GACGGGATTGCATGCTGAAA,35,3309384
rspAp,0.9803921568627451,99,50,ATGCCCGACGACCAACTACA,49,3315246
rspAp,0.49019607843137253,74,50,ATCGTGTACACGGCTAAAAA,24,3310771
rspAp,0.43137254901960786,71,50,AGTTGCCCACAGACGGCTCT,21,3310828
rspAp,1.0392156862745099,102,50,AGGTATGCGCCATCCGAGGA,52,3309285
rspAp,0.8627450980392157,93,50,ACGATCCCTGAAGGTGGTGG,43,3317646
rspAp,0.9607843137254902,98,50,AAATAGACTGTAAGGCTTAA,48,3314178
rspAp,0.42,69,49,TACTGGTATACTGACGGCAT,20,3323945
rspAp,4.0,248,49,TAACCCGGGATCAATTCCAA,199,3317491
rspAp,0.48,72,49,CCCGCACTAGAAGTCTTTGG,23,3312752
rspAp,0.34,65,49,CAATCAGGATCCTGCGGGTA,16,3322955
rspAp,0.44,70,49,ATACTGCGAAGACTACTAAG,21,3331681
rspAp,0.46,71,49,AACTGTACTCTGTTTATATG,22,3310430
rspAp,0.4,68,49,AAAAGGTTTACGCGTTAGTG,19,3309049
rspAp,0.30612244897959184,62,48,TCACGCCTTGCGGCATCCAC,14,3319114
rspAp,1.6326530612244898,127,48,GGGTTTACCTACTATTTTCA,79,3308941
rspAp,1.0816326530612246,100,48,GCCTCTAGCGGTTACCGTTC,52,3320301
rspAp,0.5510204081632653,74,48,CTGCACCCGGGGGACAGACA,26,3311312
rspAp,0.5833333333333334,74,47,TTAATGAGAACTTCCAAAGT,27,3314671
rspAp,0.25,58,47,TGTAAAGGGACCGAGACGCT,11,3329358
rspAp,0.3541666666666667,63,47,TGGTCACCCTGTTCCTCTGC,16,3325364
rspAp,2.4583333333333335,164,47,TGGCTACGTCGAATAGCATA,117,3314786
rspAp,0.3125,61,47,TCCGATATCAATCATATATA,14,3320964
rspAp,0.3333333333333333,62,47,TATATCGGAATTTACTGCTT,15,3311511
rspAp,1.0208333333333333,95,47,GTTTGTAGATGTTAAGTGAG,48,3310862
rspAp,2.0833333333333335,146,47,GTTCACCAAACGCCCAATTT,99,3315040
rspAp,0.375,64,47,GCCTTTGTTGGTATAATCTC,17,3323840
rspAp,0.22916666666666666,57,47,GCCTCAAGGTGCTCGTGTTA,10,3327646
rspAp,0.041666666666666664,48,47,GATCGGGAACGAGCGGCGAC,1,3320880
rspAp,0.08333333333333333,50,47,CGGATTCGTTGACTGGAGAC,3,3315223
rspAp,0.6875,79,47,CGCGGGGTACCTCGAGGATG,32,3312428
rspAp,2.3333333333333335,158,47,CAACCGTAAAAGCTATTGCC,111,3319303
rspAp,1.2291666666666667,105,47,ATGCAGCGCATCCCACGGGT,58,3315887
rspAp,0.4375,67,47,ACCGGAATCGATATGTGACT,20,3312444
rspAp,0.723404255319149,79,46,TTCTCGTCTCGACGTCTGAA,33,3309025
rspAp,3.276595744680851,199,46,TTCATGAGTGCATAACCTGA,153,3312215
rspAp,4.638297872340425,263,46,TGTTTTAACGTCAGTGTGTC,217,3309215
rspAp,0.6382978723404256,75,46,TCCGTCAATAAGGGACTCAC,29,3309951
rspAp,0.6595744680851063,76,46,TCATCAGGAGGCCCGTCTAA,30,3315145
rspAp,0.2978723404255319,59,46,TAAGGTAAGTGCTCGGGCAG,13,3332739
rspAp,0.574468085106383,72,46,GCGCAAAGTAATGCCCTCTG,26,3311238
rspAp,0.2978723404255319,59,46,GATGGCTGGTCCAGAGCGCT,13,3321689
rspAp,2.425531914893617,159,46,CAAGGTGTTCGAGACTATTG,113,3328106
rspAp,0.9361702127659575,89,46,AGGTCCGAGTAGCCTTCTTC,43,3310785
rspAp,0.5531914893617021,71,46,ACGGTATCGGGGCTGTAATT,25,3313789
rspAp,0.0425531914893617,47,46,ACGACCTAACGTAAGCGTTT,1,3309242
rspAp,1.553191489361702,118,46,AACCGTGTTTCTCCTATCGT,72,3314804
rspAp,1.565217391304348,116,45,TGTTAGGAGCGACGACATCT,71,3311524
rspAp,0.34782608695652173,60,45,TAGGGATGACTGCTTGGTTA,15,3316497
rspAp,0.6086956521739131,72,45,GTTCGAGAACGCAAAAAATG,27,3328737
rspAp,0.6304347826086957,73,45,GAGGCTAGTTGCTACTGACA,28,3310717
rspAp,2.4130434782608696,155,45,CTACGGGCTCGATCAGATAA,110,3313298
rspAp,0.10869565217391304,49,45,CAATTCGTTCCATGAGTTAA,4,3330973
rspAp,0.2391304347826087,55,45,ATTACGTATACTTCCCTGAT,10,3312731
rspAp,0.1956521739130435,53,45,AGGCGCAGTCGGGCTGTAAC,8,3312080
rspAp,0.32608695652173914,59,45,AGGACACTTGGGACAAAGCT,14,3311306
rspAp,2.3260869565217392,151,45,AGCGAGGCAGAGGCTAATCT,106,3330044
rspAp,0.43478260869565216,64,45,AAGGACCAGGCTCATGCATA,19,3311097
rspAp,0.8666666666666667,82,44,TTGACATTCGTTATTGTCCT,38,3328406
rspAp,0.044444444444444446,45,44,TTCCGCTATGGATGGTAAAT,1,3331193
rspAp,3.3333333333333335,193,44,TGCGTGAGAACCATACAGAC,149,3319423
rspAp,0.9111111111111111,84,44,TGATGTGGATGGTTTAGAAC,40,3314392
rspAp,0.6666666666666666,73,44,TCGTGCAACGTCACGCTGGT,29,3322451
rspAp,0.08888888888888889,47,44,TACGAGCGGGCTAACCATCA,3,3309107
rspAp,1.2,97,44,GGTCTTTGCAGGTCTGGATG,53,3314709
rspAp,0.28888888888888886,56,44,GCCTATATGCAACCGTGGTA,12,3329609
rspAp,0.28888888888888886,56,44,GATTTGTAACATTATTGAGT,12,3326746
rspAp,0.08888888888888889,47,44,GAGATCCACTCAACTGTTTA,3,3310752
rspAp,1.6444444444444444,117,44,CTCAAGTTGAGGGTACGGCC,73,3309377
rspAp,4.377777777777778,240,44,CGGAGAGATATTTCGAGCAT,196,3322806
rspAp,0.4,61,44,CAAAAGATTCGGGGGCTACG,17,3311369
rspAp,0.06666666666666667,46,44,AGTCCAGCGGCTGGACCGAT,2,3328316
rspAp,0.37777777777777777,60,44,AGAGCGTACCCTGCTCTCCG,16,3322534
rspAp,4.911111111111111,264,44,ACAGATAAACGAACTGCGAT,220,3313896
rspAp,0.25,53,43,TTGTCTGTGCCTTACTTGTC,10,3314514
rspAp,0.8181818181818182,78,43,TCGGATTTCCTCGCGACGCA,35,3324013
rspAp,0.13636363636363635,48,43,TATTGTGGGAAGTGCTACAC,5,3331043
rspAp,1.2045454545454546,95,43,TACACAACGTTGGACTCGCA,52,3312554
rspAp,0.29545454545454547,55,43,TAAGTTCTGAAATGGCTCCG,12,3309351
rspAp,0.9545454545454546,84,43,TAACATAGTCAGAGTTCCGT,41,3320965
rspAp,0.11363636363636363,47,43,GTGATCTCCGCCGAGAATTT,4,3321499
rspAp,0.22727272727272727,52,43,GGTACCTCGGTGGCGTAAGA,9,3315233
rspAp,0.13636363636363635,48,43,GCACCGACAAGTCCAGTAGT,5,3312182
rspAp,0.4090909090909091,60,43,GATTTGATAAGCAAACGTTT,17,3327626
rspAp,0.3409090909090909,57,43,GATCCACCTGGACGAATTTA,14,3325153
rspAp,0.4318181818181818,61,43,CGCCCGACCGCCTTCTCCGA,18,3321835
rspAp,3.227272727272727,184,43,CGAGTCTCCTGGTACGTTAG,141,3312063
rspAp,1.6136363636363635,113,43,CCACGACACAGTTCTCTCAT,70,3312919
rspAp,0.6363636363636364,70,43,CCACCACGACGAGGCGGAGG,27,3310347
rspAp,0.5909090909090909,68,43,CAAGACCCCTGCGATGGGAA,25,3322415
rspAp,0.045454545454545456,44,43,ATATTGATCTCTAATTCTCG,1,3315061
rspAp,0.6136363636363636,69,43,AGGGGTGAGGACGGTGGGGA,26,3315977
rspAp,0.7045454545454546,73,43,ACCTGGCTTAGTTCGTTTTG,30,3327794
rspAp,0.5909090909090909,68,43,AATGGGTACCACCGGGCGGT,25,3313533
rspAp,0.045454545454545456,44,43,AAGGACACTGGCTGCTATCA,1,3331505
rspAp,0.4772727272727273,63,43,AACCATGCGAGTTGCCACTT,20,3311993
rspAp,0.6046511627906976,67,42,TAACGCATGTACAATAATTT,25,3328777
rspAp,1.3488372093023255,99,42,GTTACGAAGGCTGGACATAT,57,3323416
rspAp,1.1162790697674418,89,42,GTATTGAGAACCCATGGCGA,47,3320722
rspAp,2.9302325581395348,167,42,GCATTCTCGTTCGGAGATCC,125,3329480
rspAp,0.9302325581395349,81,42,CATACCGTAGAGAATCCGGA,39,3331674
rspAp,0.3023255813953488,54,42,CACTAGGGTCATTCGCCATT,12,3312315
rspAp,0.20930232558139536,50,42,ATGGCAGAGTTTGAATGTAC,8,3310540
rspAp,0.16279069767441862,48,42,AGAGAAGGTGCGACTGGAAA,6,3312308
rspAp,0.627906976744186,68,42,AGACAGCCGTTTATGGTTTA,26,3317395
rspAp,0.813953488372093,76,42,ACGCGGGAGCTAATGACATC,34,3321324
rspAp,0.5348837209302325,64,42,ACGCCTAAAATAATATTTAA,22,3311837
rspAp,0.9069767441860465,80,42,AAATTACAATTGTTAATGCA,38,3309984
rspAp,0.7441860465116279,73,42,AAAAAGCGCTATGCAGTCCA,31,3322350
rspAp,0.14285714285714285,46,41,TTGACTCTCGGTGCCCCAGT,5,3315538
rspAp,0.9285714285714286,79,41,TGGGCTGAACGGGCTAGGGT,38,3316548
rspAp,0.5476190476190477,63,41,TCCTGCAACGTCTAAGCCAT,22,3323794
rspAp,1.2619047619047619,93,41,TCAGGGTGACACGGGGCTGA,52,3320271
rspAp,0.14285714285714285,46,41,TAGGAATCATATTCATATGA,5,3324444
rspAp,0.35714285714285715,55,41,TACGACGCACAAATTAAGAG,14,3325933
rspAp,0.42857142857142855,58,41,GTAATGGTAGCAATCATGAT,17,3310677
rspAp,2.238095238095238,134,41,GGCCAATACGCTTGTCCAGT,93,3311392
rspAp,0.5714285714285714,64,41,GATGTCCCCAATTGGACTAT,23,3313687
rspAp,2.738095238095238,155,41,GACATGTGATTCCCGTTCTG,114,3311751
rspAp,0.6428571428571429,67,41,CTGTGCTGAGCATCGGCAGA,26,3314666
rspAp,1.4285714285714286,100,41,CGTCTGGCCAAATCAGTTGA,59,3311228
rspAp,0.11904761904761904,45,41,CGTCCAGGGGCCGCGTCAAT,4,3318912
rspAp,0.38095238095238093,56,41,CGCGGTAGTTAACTGGCGCG,15,3327992
rspAp,0.16666666666666666,47,41,CCCCAGTGACAATAGCCCTA,6,3309455
rspAp,4.285714285714286,220,41,CCAGTTCAACGGAATCGCGA,179,3324873
rspAp,0.5952380952380952,65,41,CACTCACAAAGGCAAAGGTG,24,3320861
rspAp,0.11904761904761904,45,41,ATCTGACAATTTCACCACCC,4,3314175
rspAp,0.6190476190476191,66,41,AGGCCTCGCGCTCCATTAGC,25,3332025
rspAp,0.40476190476190477,57,41,AGCATAATTGCCCAGGGCAG,16,3320684
rspAp,0.21428571428571427,49,41,ACGCAGGAGCACAAGAAATG,8,3331053
rspAp,0.4146341463414634,56,40,TTCGACTAGGGGTCTGTATA,16,3320167
rspAp,0.24390243902439024,49,40,TGATGTAACACGGCTGGCTG,9,3322943
rspAp,0.17073170731707318,46,40,TCATAGGACGCATACTGTCT,6,3315062
rspAp,0.4146341463414634,56,40,TAGTTTATGGAGGGTAGTTT,16,3310325
rspAp,0.4878048780487805,59,40,TAAGGTGGTCAATAATTGTA,19,3312994
rspAp,0.4146341463414634,56,40,GTTAGTGCGTCACTTTAGGA,16,3309618
rspAp,0.0975609756097561,43,40,GGTACGATAGGCCACGCCCA,3,3329011
rspAp,1.048780487804878,82,40,GCAGCTCAGTGTGCTTCGCA,42,3330476
rspAp,0.3902439024390244,55,40,CGGAGTAGAGCAATGAGCTG,15,3316020
rspAp,1.6097560975609757,105,40,CGCGTGATCGCCGAGCTGAC,65,3315430
rspAp,0.8292682926829268,73,40,CCATGACCAGTAACAGCCAT,33,3316867
rspAp,0.5609756097560976,62,40,CAACCTGGAGGCATAGGACG,22,3313148
rspAp,0.6097560975609756,64,40,ATGTTATGCGAGCAAGTCAC,24,3315122
rspAp,0.4146341463414634,56,40,ATAGACCGGTTTCAGGCTGC,16,3332974
rspAp,0.4878048780487805,59,40,AAGCTTTGTTCGAACGGGAT,19,3311715
rspAp,0.125,43,39,TCTGATTCGTCGCAGTCCTC,4,3326795
rspAp,0.35,52,39,TCCGCTGCTACAGCTGGTGT,13,3324071
rspAp,0.225,47,39,TATAGCAGTTCGATGATGGT,8,3322914
rspAp,0.325,51,39,TAGACAATGTGGAATTACGG,12,3310588
rspAp,0.9,74,39,GTTTTCGGGCAGCGTTACGC,35,3317142
rspAp,0.5,58,39,GTTACCTCCGTCACGCTCGT,19,3318765
rspAp,0.375,53,39,GGGTTCAACTTCACCTCTTG,14,3317639
rspAp,2.7,146,39,GGGGTAAGCTAGTTAGACGC,107,3316970
rspAp,0.575,61,39,GGAGCGCTTCGGGGTGAAGC,22,3314415
rspAp,1.9,114,39,GCGATTAATGTGTTGTGCAG,75,3317759
rspAp,1.0,78,39,CTGTTAACGGGTGCCAACTG,39,3313508
rspAp,0.35,52,39,CTATCAAGGTGAGGTAAAAA,13,3316566
rspAp,0.15,44,39,CGTACGCACATTGTCGTCGT,5,3321519
rspAp,0.275,49,39,CGGCAATCTAAGCCATGGAT,10,3312563
rspAp,0.45,56,39,CCTGCAAGCATGTATACAGG,17,3315769
rspAp,0.4,54,39,CCATATACGTACTATGCCGA,15,3320805
rspAp,0.275,49,39,CAGGTCTGTGTGTACAAAGC,10,3323365
rspAp,0.9,74,39,CAGGCTCACTAATTACCAAT,35,3327254
rspAp,0.7,66,39,CAGCAAGTTCGTTCCACATG,27,3324102
rspAp,0.55,60,39,ATGCAACGTCTTATGTGTTA,21,3325010
rspAp,0.2,46,39,ATAGTCATGCACCCTTCTCC,7,3317920
rspAp,0.25,48,39,AGTTTGGGTATGGGTCTTTA,9,3314479
rspAp,0.45,56,39,AGTCTGTTTTCCAGGGGATC,17,3332001
rspAp,3.45,176,39,AGTCCGTCTGAACATGTCGT,137,3317840
rspAp,0.175,45,39,AGTCCAGGCGCATTGTATGA,6,3317527
rspAp,0.975,77,39,AGCAGAAGGCTTCGCGTTGA,38,3311416
rspAp,0.45,56,39,ACGGTAGGGTAGGGTGCACT,17,3315005
rspAp,1.125,83,39,AAAATCCGGCTCCCCCGAGG,44,3323795
rspAp,0.3076923076923077,49,38,TTGAATTCGTTTGTGAGGGT,11,3321323
rspAp,1.2307692307692308,85,38,TGCGATCGTGCAGTTATTAC,47,3327094
rspAp,0.6666666666666666,63,38,TCGCGCAACAACTTCCGGGT,25,3311910
rspAp,0.717948717948718,65,38,TATTGGGACTCCCATCTGTG,27,3315332
rspAp,0.8205128205128205,69,38,TAGGGCCGCGTGACTTTACT,31,3327135
rspAp,1.0512820512820513,78,38,TACGCACGGACTTACTTCGA,40,3309050
rspAp,0.1282051282051282,42,38,GCAAACGATTGGCGGAATGG,4,3317885
rspAp,0.05128205128205128,39,38,GAAACGCATATGGACGTTAG,1,3315750
rspAp,0.8205128205128205,69,38,CTGGCATGCCGGCATCCCTA,31,3321741
rspAp,2.0,115,38,CTCTACCGGCAACACGACCA,77,3329852
rspAp,0.5641025641025641,59,38,CGTTCGTTCCGTGGGGCCTT,21,3314176
rspAp,1.2307692307692308,85,38,CGTAGGATAATAGTAGGCTA,47,3312779
rspAp,1.2820512820512822,87,38,CGTAATCCATGCTAGGGAAA,49,3326544
rspAp,0.9230769230769231,73,38,CGGGCGTTCGGTTACGCCAC,35,3309787
rspAp,1.0256410256410255,77,38,CGGAGTCACGATCTGTCGTC,39,3312832
rspAp,0.10256410256410256,41,38,CGATGGAGAAGTAGGTGGTT,3,3323387
rspAp,1.1025641025641026,80,38,CCTACCGTCTCGCATTGTGT,42,3320474
rspAp,1.5897435897435896,99,38,CCGGTGCCCCGTCTGCTGGT,61,3329561
rspAp,0.1794871794871795,44,38,CCCGATACTGTCATATTTAT,6,3309641
rspAp,3.5384615384615383,175,38,ATAAGTAAGAAGAATCTATA,137,3309893
rspAp,0.38461538461538464,52,38,AGAGCTATGGCAGCGGACGA,14,3311370
rspAp,3.6923076923076925,181,38,ACAAAGGACTATTTCGTGCA,143,3313058
rspAp,0.3076923076923077,49,38,AAAACCCGCATTTCGAGGAT,11,3321404
rspAp,0.47368421052631576,54,37,TTACCCACGGGCTATACCTC,17,3311080
rspAp,1.394736842105263,89,37,TGCAGGTTAAGACTGTGCGA,52,3314295
rspAp,0.23684210526315788,45,37,TCGCCTAAATTGCTTGAACT,8,3328001
rspAp,0.6578947368421053,61,37,TACTGGCTGTCTCTTAGTCA,24,3323600
rspAp,2.763157894736842,141,37,TACTCGTGTTCAAAATCGGT,104,3317496
rspAp,0.34210526315789475,49,37,TACCGGAAATCGGCGAGGGA,12,3318071
rspAp,0.3684210526315789,50,37,TAAGAGCACGACTAGAGAGA,13,3321303
rspAp,0.23684210526315788,45,37,GTGGTTTGTTACTCGTTCTA,8,3331081
rspAp,0.868421052631579,69,37,GTCGACCGTAATGCCGTTAT,32,3319560
rspAp,0.15789473684210525,42,37,GTACTAGTGTTCAGGGGGAG,5,3309288
rspAp,0.9210526315789473,71,37,GACTGCTAGGTGACGAGTTA,34,3313396
rspAp,0.7368421052631579,64,37,GAATTGTGAAGCATGTGAGA,27,3317592
rspAp,0.6842105263157895,62,37,CGGGGGTATGGGAGGCTAAT,25,3324144
rspAp,0.13157894736842105,41,37,CCTAGGGCCTCGGCTCATGT,4,3329924
rspAp,0.5526315789473685,57,37,CCGGCTGCGCTTCGAACCTG,20,3313840
rspAp,0.39473684210526316,51,37,CCCGTGGAATGATAGCGGGG,14,3328610
rspAp,1.0789473684210527,77,37,CATAGCTCTGCAACGCATTA,40,3311006
rspAp,0.7368421052631579,64,37,ATTTAAGACCCGTGCTCCAT,27,3330285
rspAp,0.631578947368421,60,37,ATACTCTCCCTGAAGTCACG,23,3331652
rspAp,0.7894736842105263,66,37,AGGCGTTTATTGCATCTTGA,29,3322482
rspAp,1.3421052631578947,87,37,AGCGGTATGTACAGCCTGCA,50,3328780
rspAp,0.2631578947368421,46,37,AGCCATCGGTTAGCAGGAAG,9,3312712
rspAp,0.13157894736842105,41,37,AGAGTAATTTTCTTGATCGA,4,3332597
rspAp,0.6578947368421053,61,37,ACTTGCTCTCATTCAACATC,24,3323438
rspAp,0.7368421052631579,64,37,ACTTCTTGGCGGGACAAGGA,27,3317319
rspAp,1.263157894736842,84,37,ACGAATCGGCGTGGGCGTAA,47,3327501
rspAp,0.631578947368421,60,37,AAGCCCCTCGCTGGTGCGTC,23,3315796
rspAp,0.7837837837837838,64,36,TTTCCATATCGGTCTACTCG,28,3319148
rspAp,0.6486486486486487,59,36,TTGGTTAGTTGAAAAATAAT,23,3310090
rspAp,0.3783783783783784,49,36,TTCAATTCGCTGGGCCGTAA,13,3319214
rspAp,3.2432432432432434,155,36,TTACGCATTTGGGTCTCGTA,119,3319426
rspAp,6.54054054054054,277,36,TCGCACGTCTGTATCAGAAC,241,3317279
rspAp,0.08108108108108109,38,36,TCCGCACCTCGTCAGGCCTG,2,3313800
rspAp,2.5135135135135136,128,36,TCAGTATATTGACAAGGTCA,92,3317686
rspAp,0.16216216216216217,41,36,GTTCTATATAAACCATGAAT,5,3322583
rspAp,1.5945945945945945,94,36,GTCTAGTATATAGGCTTGTG,58,3319805
rspAp,1.1891891891891893,79,36,GTACTAATGATTAGTAAGTA,43,3312493
rspAp,0.6486486486486487,59,36,GGAAACCGGGAAAAAGATTT,23,3315583
rspAp,23.972972972972972,922,36,GCATATCTGAAGAATCGTCT,886,3323343
rspAp,1.0810810810810811,75,36,GATCGAGGAAGCTGATCACA,39,3313264
rspAp,3.189189189189189,153,36,GAAACTTCGCTAGAGCTAGT,117,3315886
rspAp,0.40540540540540543,50,36,CTACTTACGCGTAATATTCA,14,3318789
rspAp,0.3783783783783784,49,36,CGATGGATCCAACGCATCTC,13,3324413
rspAp,0.4864864864864865,53,36,CACAGGTAACCCGGGCAGTA,17,3321285
rspAp,0.16216216216216217,41,36,CAACAGTGTAGCAAGGTACA,5,3311575
rspAp,1.837837837837838,103,36,CAAAGGACTGCAAATTCTAG,67,3328815
rspAp,0.35135135135135137,48,36,ATTGAAAGCCGTCCGGCCTG,12,3318293
rspAp,0.21621621621621623,43,36,ATCCCAAGCACTGTTACGTC,7,3311925
rspAp,1.1081081081081081,76,36,ATACCTTGAGACTCGAGGGT,40,3320278
rspAp,1.2972972972972974,83,36,AGTACAGAGCTCCTATGTAG,47,3327666
rspAp,0.24324324324324326,44,36,AGCTGCGCGACATATTACCA,8,3312430
rspAp,0.24324324324324326,44,36,AGATCGAGGGAACTATCTGT,8,3314582
rspAp,1.3513513513513513,85,36,ACGCAAGTTGCACGTAAGGT,49,3310578
rspAp,3.945945945945946,181,36,ACGATCGAGTTTTGGTACTA,145,3309622
rspAp,0.5135135135135135,54,36,AATAAGCAATACCACCTTTA,18,3318857
rspAp,0.05405405405405406,37,36,AACTACAATGGACATACTCG,1,3311181
rspAp,0.19444444444444445,41,35,TCGCAACAAGGCGTTGCCAC,6,3314909
rspAp,0.05555555555555555,36,35,TCCAAGTAAGTTCCCGACAG,1,3311396
rspAp,0.05555555555555555,36,35,TCACTGTCATCACTGGGTGA,1,3324543
rspAp,0.25,43,35,TCAATTCTCGGAATTATGGG,8,3316662
rspAp,0.4166666666666667,49,35,TAGGAGATCAGAAGCTAGAG,14,3309447
rspAp,0.25,43,35,TAATGTCTGGAGGACGCGTC,8,3322719
rspAp,0.5277777777777778,53,35,GTTATACCTGTTAAGTTCGT,18,3309614
rspAp,0.25,43,35,GGGTCACTGTACAAGTTAGT,8,3332568
rspAp,0.6111111111111112,56,35,GGCCCCTTCTGAGCATGTGT,21,3324680
rspAp,0.5,52,35,GCTTTTTCAGAGGAGGAGGG,17,3332114
rspAp,1.2777777777777777,80,35,GCCTTCGGTCCATTTCAGAG,45,3309954
rspAp,0.4444444444444444,50,35,GCCGCTACTTTGCGGACAGA,15,3308968
rspAp,0.8888888888888888,66,35,CTGCGTTCACAGTTAGAACC,31,3316475
rspAp,0.16666666666666666,40,35,CTATACTCTCAACATTTACA,5,3328100
rspAp,0.6666666666666666,58,35,CGGACGGCACTGGTCCATTG,23,3333181
rspAp,4.388888888888889,192,35,CGAGTAGCGTTTTGTCCTCG,157,3311736
rspAp,0.5277777777777778,53,35,CGAAGGGCCAGTAAAGGAAC,18,3323203
rspAp,0.4444444444444444,50,35,CCTGGTGGGATGTCGGTAAC,15,3311063
rspAp,0.7777777777777778,62,35,CCAGTGATAAACAACGACGA,27,3322153
rspAp,1.9722222222222223,105,35,ATGGCGGTCGCGTGGAAATC,70,3319987
rspAp,1.9722222222222223,105,35,AGTTTTGGTCACAAGTGTCT,70,3320539
rspAp,0.7777777777777778,62,35,AGGTATCAGTGCAGGGGCCA,27,3311331
rspAp,0.9722222222222222,69,35,AGAGTGCGGCCTACCCATCT,34,3309072
rspAp,0.5555555555555556,54,35,ACGCTAGGTTAGAATCTGAG,19,3331244
rspAp,3.5833333333333335,163,35,ACGCAGATAGATCGAGAAAA,128,3327577
rspAp,0.3611111111111111,47,35,AAGCAGCAGCTAAGGCCGTT,12,3332598
rspAp,1.0277777777777777,71,35,AACTCAACAGCGCGGCGTTG,36,3310463
rspAp,0.5428571428571428,52,34,TTTGCCATATTAGTAGTCTT,18,3314393
rspAp,0.14285714285714285,38,34,TTAGTGTTTCACAAAACAGG,4,3312708
rspAp,0.6,54,34,TGTCTAACATGCTTCCCTAG,20,3321164
rspAp,0.2,40,34,TGGTCCTTCGGGGACGCAGA,6,3328599
rspAp,0.34285714285714286,45,34,TGAGCACGGCCTGTGGTATG,11,3311997
rspAp,1.4285714285714286,83,34,TGAAACCACTTGTTAGTGGC,49,3310547
rspAp,1.8285714285714285,97,34,TCTGCCATGATCCAGCCGAA,63,3325489
rspAp,0.6857142857142857,57,34,TCCTGTGTTTGCGCGTTTAT,23,3332190
rspAp,1.0857142857142856,71,34,TCAAGAGGCTCTTCAGCTTT,37,3314060
rspAp,0.11428571428571428,37,34,TATCTTCAGGGAGGTGTGGT,3,3310062
rspAp,2.0285714285714285,104,34,TAATTTCTTGTGAGTTATTT,70,3316611
rspAp,0.34285714285714286,45,34,TAAGTACGGGCTGAAATGGC,11,3320534
rspAp,0.6,54,34,GTATGGTTTAAATGACAAGG,20,3310579
rspAp,0.37142857142857144,46,34,GGTCCTGACCCTAGAGTACT,12,3315560
rspAp,1.2571428571428571,77,34,GGTCCGGTCGTCAAGTGGAT,43,3312078
rspAp,0.22857142857142856,41,34,GGTAATAGAAAAATGACTTT,7,3320225
rspAp,0.6285714285714286,55,34,GGGGGCAGAAATTAATATCA,21,3319808
rspAp,0.2,40,34,GCGCTGCTCATAGACTTCCA,6,3318107
rspAp,1.1714285714285715,74,34,GCGAGGAGTGCCCAGCTACA,40,3313560
rspAp,0.45714285714285713,49,34,GACGTCGCAGTAAGAACACG,15,3327945
rspAp,0.2571428571428571,42,34,CTCTTGAGCGAAATACGCAA,8,3309480
rspAp,0.2571428571428571,42,34,CCGCAGTAGGTTCTCCAACG,8,3312463
rspAp,0.08571428571428572,36,34,CATTCGAGGAATCCTATACA,2,3321680
rspAp,1.1714285714285715,74,34,CAAGGTTCTGCTGGGCTCGC,40,3328288
rspAp,0.9714285714285714,67,34,CAAGACAGACCCCTACAGTC,33,3311037
rspAp,1.9428571428571428,101,34,ATGTCATTCATGCACTGTAC,67,3321736
rspAp,0.08571428571428572,36,34,ATGAATTACCGCACTTAGCA,2,3322519
rspAp,1.1428571428571428,73,34,AGTTCAGTGGGCATGCCAAT,39,3313724
rspAp,0.5428571428571428,52,34,AGTCACGATGGGTTTTCTGT,18,3316452
rspAp,0.2571428571428571,42,34,AGGCTCAACGGTACGGGCTC,8,3327283
rspAp,0.9142857142857143,65,34,AGGCGATCCGGCATATCAAT,31,3313784
rspAp,2.342857142857143,115,34,ACGGTTGGTTCGTCCACTAT,81,3330042
rspAp,0.9142857142857143,65,34,ACCTCCCCTCTCTCAAGAGC,31,3319726
rspAp,0.14285714285714285,38,34,ACCTATTACTTCTTGTAGAA,4,3315729
rspAp,0.4857142857142857,50,34,ACATCGGGAACGGCTAACGT,16,3315693
rspAp,0.17647058823529413,38,33,TGGCAAATAGCGTGGCTTAA,5,3316401
rspAp,0.5588235294117647,51,33,TCGCACTCTCCAGCTCTCGT,18,3327747
rspAp,0.35294117647058826,44,33,TCGACGATACGCGAGTAGTA,11,3326494
rspAp,0.17647058823529413,38,33,TCCACAGTTGACATTTGTCC,5,3317449
rspAp,0.5294117647058824,50,33,GTGCTACCTGTGTCCAAAGT,17,3312587
rspAp,0.9705882352941176,65,33,GTATAGTAAGGGGTAACCGT,32,3323598
rspAp,0.35294117647058826,44,33,GGTACTGGACGAGTGCCTCC,11,3318734
rspAp,0.14705882352941177,37,33,GGGGGGGTACCACACACTCC,4,3316384
rspAp,0.20588235294117646,39,33,GCTTGAATGATTGGGCAAGA,6,3318074
rspAp,0.35294117647058826,44,33,GCTGTATATCAGACTGGGGT,11,3324100
rspAp,1.1176470588235294,70,33,GCTGCGGATCCTCGAAGGTG,37,3317710
rspAp,0.8529411764705882,61,33,GCCCAGTGGACACGACCCTA,28,3308899
rspAp,0.7352941176470589,57,33,GAGTTAGCACCGCTAAAAAT,24,3320256
rspAp,0.6176470588235294,53,33,GACTTTACTGTGCCATCGCG,20,3310157
rspAp,0.5588235294117647,51,33,CTGGCAACTGGTGGGGCGGA,18,3313395
rspAp,0.6764705882352942,55,33,CTATCGTGTCAACAGGAGTT,22,3326311
rspAp,0.14705882352941177,37,33,CGCGCCGCAGCCGCACACTG,4,3312332
rspAp,1.2941176470588236,76,33,CGACAGTGCCGGTCAACTCG,43,3319923
rspAp,0.38235294117647056,45,33,CCTCGATGCATCCTGTTGCG,12,3324813
rspAp,0.08823529411764706,35,33,CAGGAATCCAGTGATTAGGT,2,3313878
rspAp,0.35294117647058826,44,33,CAAGTAGCCTTAAGAAATGC,11,3311104
rspAp,0.2647058823529412,41,33,AGCTTGCTCTCTAAGGGACT,8,3310889
rspAp,1.2647058823529411,75,33,ACAGAAACGGCTCATTGGTA,42,3326165
rspAp,0.7058823529411765,56,33,AATATCAAGGCACGCACCAG,23,3316834
rspAp,1.2941176470588236,76,33,AAACGATTAGCCAAATCGAA,43,3328501
rspAp,0.18181818181818182,37,32,TTTGATTCCATGTCGTTCTG,5,3311082
rspAp,0.6363636363636364,52,32,TTGCGTGTCTGTATAGTCAT,20,3318713
rspAp,3.0303030303030303,131,32,TCTATTTTTGGCCTACGAAG,99,3333286
rspAp,0.42424242424242425,45,32,TAATCTAGAAGTCCCGGAAG,13,3314050
rspAp,0.8787878787878788,60,32,GGTAAGGATATACCCCAAAG,28,3315039
rspAp,0.696969696969697,54,32,GGCCGGGTACCGAGACACCA,22,3316168
rspAp,0.42424242424242425,45,32,CTTATCGGTCGGGTTCTAAC,13,3310763
rspAp,0.5151515151515151,48,32,CTTAGCGTCGTAAATCCGAT,16,3321758
rspAp,1.2727272727272727,73,32,CTGGAGTCTATCCACTCCTA,41,3315789
rspAp,0.45454545454545453,46,32,CGTTTTATAATCCGGGAAAG,14,3315388
rspAp,1.4242424242424243,78,32,CGGCGTGAACCAGGTCAGGA,46,3311154
rspAp,0.12121212121212122,35,32,CGCTAGTAACGAGTTCTCAA,3,3316131
rspAp,1.2424242424242424,72,32,CCGTGGGGCGACAATACGAT,40,3324507
rspAp,3.303030303030303,140,32,CCGGGCGCTGAAAGAAGCCG,108,3310028
rspAp,0.3333333333333333,42,32,CCGATGTGACAGACACCGTG,10,3326399
rspAp,0.6666666666666666,53,32,CCATGACAGGTATTTAAACA,21,3314918
rspAp,3.1818181818181817,136,32,CATCGATCACCTCTTTTAAG,104,3317854
rspAp,0.06060606060606061,33,32,CAGTGCTGCCCCTGTCCCAG,1,3315678
rspAp,0.6363636363636364,52,32,CAGACGCAGCCGGATACTGC,20,3314439
rspAp,1.0909090909090908,67,32,CAAACTTAATTGGGTTTAGG,35,3309372
rspAp,0.18181818181818182,37,32,CAAACTGTATACGTGAAATA,5,3332562
rspAp,0.6060606060606061,51,32,ATTGGACATACGTTTCTGTG,19,3327483
rspAp,0.3333333333333333,42,32,AGTGGGAAATGGCTTAACGA,10,3322390
rspAp,0.3333333333333333,42,32,AGATCCCAGTGACAGGAAGC,10,3320671
rspAp,0.36363636363636365,43,32,ACGTACTCCTTGAAATGAAA,11,3332196
rspAp,0.15151515151515152,36,32,ACGGCACCAGGCAGAGCATT,4,3313339
rspAp,0.21212121212121213,38,32,ACAAGACGGCCAGAATTTCA,6,3317529
rspAp,0.36363636363636365,43,32,AATTAGACGGGGATAGGGTA,11,3321372
rspAp,0.21212121212121213,38,32,AATAACGGACCATATGGTAA,6,3323785
rspAp,1.0303030303030303,65,32,AACATCTGCGTTTTGCCGGT,33,3316429
rspAp,0.2727272727272727,40,32,AAACCTTATAACCTAAATGG,8,3317019
rspAp,0.125,34,31,TTTTTTATTAGGTAACCTGA,3,3321777
rspAp,0.5625,48,31,TTGTAGCGGAAGGTAAGGGA,17,3311867
rspAp,0.96875,61,31,TTATGCGGTCTCGCGGGATA,30,3320254
rspAp,0.65625,51,31,TTAGATCTTGGGAAGCACTG,20,3327009
rspAp,0.15625,35,31,TGCGGGGAGGATCTTGTGTA,4,3315824
rspAp,0.34375,41,31,TGAATCTGCTTCTGTAAACT,10,3329262
rspAp,0.59375,49,31,TCCGGTGTCGTAGGGCGAAC,18,3310971
rspAp,0.28125,39,31,TCCCCATTGAAGATAGGTAC,8,3323683
rspAp,0.34375,41,31,TCAAGAGCACGGGGTCCGCC,10,3315134
rspAp,0.59375,49,31,TAGATCTGGGGGGTCGTCCT,18,3325572
rspAp,0.625,50,31,GGTGGATGTAAATTTAAGTG,19,3317437
rspAp,0.0625,32,31,GGTGCCAACGTATTATTTCA,1,3310906
rspAp,0.53125,47,31,GGGGCAAAGGTACTCAGAAC,16,3311348
rspAp,1.3125,72,31,GGGCCAGATGCCATCGCGTG,41,3328414
rspAp,0.875,58,31,GGCTTGAACCGTATCTCCAC,27,3319710
rspAp,0.71875,53,31,GGCTATGCTTGATGAAACTA,22,3318854
rspAp,0.90625,59,31,GGCGCTTTAGGTCGCGCACT,28,3326131
rspAp,0.28125,39,31,GGAAAAGGAATTATCCGTTT,8,3310258
rspAp,0.96875,61,31,GCGTCCAGGTTTGATGCAGA,30,3314241
rspAp,1.15625,67,31,GCGACAGTTCCACTACCAGG,36,3323140
rspAp,0.125,34,31,GATTTGTTTGATAAAGCTTC,3,3320478
rspAp,0.59375,49,31,GAATTATGATACGGGTCTCA,18,3331457
rspAp,0.875,58,31,GAAAGGGCTTGAGGAAGAAA,27,3316807
rspAp,0.65625,51,31,CTGTCTTCACTGCTAGGTTT,20,3309027
rspAp,1.0625,64,31,CGTTACACCGCTCATAGTAA,33,3333558
rspAp,0.90625,59,31,CGGAAAGTGGGATTCCTTTG,28,3310411
rspAp,0.71875,53,31,CGACCCCGCTGAAGTGCATA,22,3309244
rspAp,0.375,42,31,CGAACAAACCATAACGGTTC,11,3322626
rspAp,1.25,70,31,CCTGCCGTCCGGCCGTCATA,39,3323962
rspAp,0.09375,33,31,CCCCTATGGAGCGCCGCCAG,2,3321065
rspAp,0.71875,53,31,CAGCGGAAATCTCGGAATCA,22,3316676
rspAp,0.25,38,31,CACCAAGAGAGCACAGTAAA,7,3313193
rspAp,0.34375,41,31,CACAATCCCCTATCCCCGGG,10,3319488
rspAp,1.125,66,31,CAACTTACGGCGGATGCACA,35,3320342
rspAp,1.46875,77,31,CAAACCTGGTGGTATTTTTC,46,3328776
rspAp,0.71875,53,31,ATGGAATTACACTCATCACG,22,3319302
rspAp,1.28125,71,31,ATGCGAGCATATGGTGGGAG,40,3309521
rspAp,0.4375,44,31,ATAAGTTCTTTCATCTCCCG,13,3328677
rspAp,0.75,54,31,AGGTGAGGTGGCCGGAACCA,23,3326558
rspAp,0.1875,36,31,AGCTCAGGTGACCCTGGTGC,5,3327943
rspAp,0.0625,32,31,ACTGGATATGAGCACGTTAC,1,3312693
rspAp,0.5625,48,31,ACGTGATGAGCGGAATCCGG,17,3314314
rspAp,1.84375,89,31,ACCGTCACGGTGACACAAAC,58,3321163
rspAp,0.6875,52,31,AATCACGCGCCGTTATCTCT,21,3319278
rspAp,0.375,42,31,AAGCTTTGGGTAATCACTCT,11,3309519
rspAp,0.25,38,31,AAGACCGCTTTTGGGAATAT,7,3318091
rspAp,0.41935483870967744,42,30,TTGTCAAAAAGAACTGTCTA,12,3331761
rspAp,0.2903225806451613,38,30,TTGGCCAGCGTTGCGAGAAA,8,3310484
rspAp,0.06451612903225806,31,30,TGTGCAAAAGTCAAAGTTAG,1,3317972
rspAp,1.032258064516129,61,30,TGCTTGAACTTTCACGTAAA,31,3309505
rspAp,0.0967741935483871,32,30,TGCAAAAGCTAGGTTACGGA,2,3315951
rspAp,1.7419354838709677,83,30,TGATATATCCCTGAACACAG,53,3319309
rspAp,0.3870967741935484,41,30,TCCTTTGCCTCGATTCGAAT,11,3310986
rspAp,0.22580645161290322,36,30,TATTTCGCATACCTTCAGTT,6,3323804
rspAp,0.9032258064516129,57,30,TAGCTCAAAGGTAAGTGAAT,27,3309829
rspAp,0.2903225806451613,38,30,TACTGCACCTATACATGATG,8,3311107
rspAp,0.5161290322580645,45,30,TACGCTAAGGGTGAAGTGCT,15,3313267
rspAp,0.22580645161290322,36,30,TACCATTGTATCCGCAGTTT,6,3315978
rspAp,0.967741935483871,59,30,TAATCACCACCGGCCGCGGC,29,3315842
rspAp,0.41935483870967744,42,30,GTTTTGCAAAGTACTCTGAG,12,3309068
rspAp,6.387096774193548,227,30,GTTCTAATCCATGTTGTGAA,197,3324703
rspAp,0.6129032258064516,48,30,GTTAGCTTTGGGCAAAACAT,18,3319257
rspAp,0.1935483870967742,35,30,GTATTGTGGGCTGTGTTGGT,5,3319749
rspAp,0.5161290322580645,45,30,GGTTGATCAATCCAACGCTC,15,3319663
rspAp,0.6774193548387096,50,30,GGGCCGGGATTCCATATATT,20,3326711
rspAp,0.25806451612903225,37,30,GGCGGTTGATATAGTGCGAG,7,3327639
rspAp,0.9032258064516129,57,30,GGCCAGCGGTGGGAACTAAA,27,3324539
rspAp,0.16129032258064516,34,30,GGCACGTTTACTTGCAAAAT,4,3318514
rspAp,0.7419354838709677,52,30,GGACGCTAACAACTAGACGA,22,3314968
rspAp,0.5161290322580645,45,30,GGACAGGTCTGACTATCCTC,15,3319212
rspAp,2.838709677419355,117,30,GGAACTTTAACGCAGGGTAT,87,3325895
rspAp,1.064516129032258,62,30,GCCTACAGTTTAAGAATAGT,32,3309207
rspAp,0.5161290322580645,45,30,GACCGAAGATTTCGGGTTGT,15,3310012
rspAp,0.6451612903225806,49,30,GACATTCAATATGCTATGAT,19,3311005
rspAp,0.25806451612903225,37,30,GACAGGGAGCCAGGCGTGAT,7,3323087
rspAp,0.3548387096774194,40,30,GAATCGGTGTAACCTCTCGC,10,3318404
rspAp,0.7741935483870968,53,30,CTCCGCCGTAGTTAGTTGCT,23,3325549
rspAp,0.6451612903225806,49,30,CGTGTGTAAAATTTTGCCCC,19,3313045
rspAp,0.1935483870967742,35,30,CGCAGCTAGCCGAGCATATC,5,3329575
rspAp,0.16129032258064516,34,30,CGATTAAACCTATCGTAACT,4,3313916
rspAp,0.45161290322580644,43,30,CGACTATATTCTAGCGGGGT,13,3311532
rspAp,0.0967741935483871,32,30,CGACAGTTCCCTCAACTTTT,2,3326041
rspAp,0.3548387096774194,40,30,CCAGTACGTAACATTGTATT,10,3326262
rspAp,0.7419354838709677,52,30,CAGTGGTCCGTTCCATACAC,22,3314598
rspAp,0.22580645161290322,36,30,CAGATCACACAACCCAAGCA,6,3324046
rspAp,0.8709677419354839,56,30,CACTTCCAGCTGCACAAGGA,26,3309171
rspAp,1.4838709677419355,75,30,CACAAGACAATCTTGCCCCT,45,3323571
rspAp,0.4838709677419355,44,30,ATCTCGTGCCCCAGTTCCTC,14,3322414
rspAp,0.12903225806451613,33,30,ATCTCCGCATCAAAGTACAG,3,3314944
rspAp,0.6774193548387096,50,30,ATCGTCGAACTGGTTTGGGG,20,3317089
rspAp,0.5161290322580645,45,30,AGTACTGGCGCCACGGTGCA,15,3326326
rspAp,0.5161290322580645,45,30,AGCGGGTTCAGCACCGGGCG,15,3324395
rspAp,1.032258064516129,61,30,AGCAGCGTTCTTTGTGGCGA,31,3326036
rspAp,0.1935483870967742,35,30,AGAGACTTGTTCAGAAGCTG,5,3314639
rspAp,0.3548387096774194,40,30,ACATGAAAACATCCATAGGG,10,3328504
rspAp,0.22580645161290322,36,30,AATTTTCTTGGGCTGGCGAT,6,3317943
rspAp,1.1935483870967742,66,30,AACATAGATCAATGTCGAAA,36,3333074
rspAp,0.6,46,29,TTTAAGGAACTGATTCCTTT,17,3310493
rspAp,0.43333333333333335,41,29,TTTAACGCTTCTGTACCTTA,12,3317476
rspAp,0.9,55,29,TTCGAATGAGACGACCACTG,26,3317523
rspAp,1.2333333333333334,65,29,TTCCAGCCTAATGGCATCCA,36,3311820
rspAp,1.0,58,29,TGTTTGGTCGGATGGGATTA,29,3330068
rspAp,5.033333333333333,179,29,TGGCGTCCAAGGTAGCCTAT,150,3319908
rspAp,1.0666666666666667,60,29,TGGCAGAGGCTATTATACCT,31,3320878
rspAp,0.8,52,29,TGGATGTGACATCGGCATTA,23,3318012
rspAp,1.1333333333333333,62,29,TGCCATATAGTGGAGACACA,33,3314652
rspAp,0.9,55,29,TCCGCTGACAATAGTTAAAA,26,3324143
rspAp,1.4333333333333333,71,29,TCCAAATAGGCGGGGCTCAT,42,3314339
rspAp,0.4,40,29,TCAGTTTGGTAAGGTTCTTA,11,3315533
rspAp,1.2666666666666666,66,29,TCACCATGTTTCGGAACCCG,37,3317746
rspAp,0.9666666666666667,57,29,TATGGGCATGGCTGAGAGTT,28,3329612
rspAp,0.06666666666666667,30,29,GTTCGCCAAGCCGGCAGGCC,1,3316512
rspAp,1.1,61,29,GTCGCTATAGACGACGCATT,32,3315284
rspAp,1.6,76,29,GTATTCGCTCTAAGAGTCTT,47,3312792
rspAp,0.7,49,29,GGTATCATGTCAGAGCTATT,20,3321414
rspAp,0.5333333333333333,44,29,GGGACCTGCACAACGGGTCC,15,3332488
rspAp,0.2,34,29,GGCGCGAAGGGGTCAGCACT,5,3317645
rspAp,1.5666666666666667,75,29,GGCCCCGGGTGAGCACGCGG,46,3327303
rspAp,0.8666666666666667,54,29,GGAACAAGGTTCGAGGAGGA,25,3319281
rspAp,0.5333333333333333,44,29,GGAAAGGCATACTTTGCTTT,15,3326990
rspAp,2.433333333333333,101,29,GCTTTAGCCGAGGAGTACCC,72,3315352
rspAp,0.2,34,29,GCTCCCTATGGTGCTTCTAG,5,3310753
rspAp,0.8333333333333334,53,29,GCGAATACGGTGGCTGATCT,24,3331728
rspAp,0.4,40,29,GCCGGGTAAATATGCATATA,11,3323629
rspAp,2.6333333333333333,107,29,GACCTTAGTTTCTGGGAATC,78,3314293
rspAp,0.9,55,29,GACAATAAAGGCCGGCCGGT,26,3315807
rspAp,1.2,64,29,GAACAGGGTTGGGGCAACAT,35,3315251
rspAp,1.0,58,29,CTTAAGGTATGCTGGGTGTT,29,3309429
rspAp,0.16666666666666666,33,29,CTCGGGTAGATAGAGCTCAT,4,3316565
rspAp,0.13333333333333333,32,29,CTATCTGGGAATGCGAGCCT,3,3313412
rspAp,0.2,34,29,CTAGCAGAACTACACAACCC,5,3333537
rspAp,1.1666666666666667,63,29,CGGTTCATCGAGGCGAACCC,34,3309911
rspAp,3.2333333333333334,125,29,CGGGCTGCCGGTTTAACCGA,96,3331538
rspAp,0.6,46,29,CGGATTTAAGGAACGTTTAT,17,3317342
rspAp,0.5,43,29,CGCGCCCGCAGCCGGAGCTA,14,3311429
rspAp,0.9666666666666667,57,29,CGCCCGGTGGACATTCTTAC,28,3331458
rspAp,3.3333333333333335,128,29,CCTAATTTGCCGTGGAAGTA,99,3319802
rspAp,1.4,70,29,CAGGATGCATTATCGTCCGT,41,3314624
rspAp,0.4,40,29,CACGCCTTCGTATCTACAAC,11,3317464
rspAp,0.13333333333333333,32,29,CACAATAGTTCACCAAACAA,3,3328879
rspAp,0.3333333333333333,38,29,AGTCTTTGTCATGTCCAAAT,9,3329440
rspAp,0.4666666666666667,42,29,AGCAAACAACCCTTGGTTAA,13,3309755
rspAp,1.8333333333333333,83,29,AGATGTACTCGTAGTGCCAA,54,3317141
rspAp,1.6666666666666667,78,29,AGATAGGCGGCGGCATCTCG,49,3314680
rspAp,7.9,265,29,AGAATGGGGTTGTGACATAC,236,3333317
rspAp,0.8333333333333334,53,29,ACTGCAAGTGCGTAGGGATG,24,3314820
rspAp,1.0,58,29,ACGGCCACACGGCAAACCCA,29,3322884
rspAp,1.5666666666666667,75,29,AATGTACGTGGGTAGATCCT,46,3319366
rspAp,0.2,34,29,AATGCTAGCTGCACGTAGCA,5,3320687
rspAp,0.4,40,29,AAGGCCACATCAAGGGACTT,11,3327181
rspAp,0.2,34,29,AACTTCCTTACTTGGATAAC,5,3321416
rspAp,0.3333333333333333,38,29,AAATATAGCACAACTAAGAA,9,3316197
rspAp,0.7931034482758621,50,28,TTCGGCGTCTTAGAGAGTAT,22,3324681
rspAp,1.103448275862069,59,28,TTATTCGACTCGGGGCTTGT,31,3324141
rspAp,0.3448275862068966,37,28,TTATCTATACTAATCAGCCC,9,3318515
rspAp,0.10344827586206896,30,28,TTACGCCCAAGGTTCGGTTA,2,3325872
rspAp,0.41379310344827586,39,28,TGGGGTGCCTAAACGGCTCT,11,3322900
rspAp,1.4482758620689655,69,28,TGCCAGGCCGAAGGCCGCGA,41,3316205
rspAp,0.5517241379310345,43,28,TCGTCCACTTCGGTATCATA,15,3328736
rspAp,0.9655172413793104,55,28,TCGTAACACAGTGCCGCTGG,27,3327866
rspAp,0.5172413793103449,42,28,TCGGACCTGAGCCATAACCT,14,3330938
rspAp,2.1724137931034484,90,28,TCCAATCAACTAGGTCCGCT,62,3329479
rspAp,0.41379310344827586,39,28,TATAGCTGCCTCAAGTCCCC,11,3312402
rspAp,0.5172413793103449,42,28,TAGATTCGGAATACTTGGTC,14,3319277
rspAp,0.5517241379310345,43,28,TAGAGTTCGCTTTGCGGCCT,15,3319547
rspAp,0.3793103448275862,38,28,TAGAGGATTCCATCGGCCGA,10,3313261
rspAp,0.6551724137931034,46,28,GTGTATTATTTGTCTCTGTT,18,3333056
rspAp,0.3103448275862069,36,28,GTGTAATCTTTACGTTTACT,8,3311944
rspAp,0.3448275862068966,37,28,GTGATGTTCGAAGCCAGACA,9,3318524
rspAp,1.4482758620689655,69,28,GGGGGGCTTTCGGGATAGCA,41,3308942
rspAp,0.5517241379310345,43,28,GGGACGTTATCGAATATCAC,15,3310784
rspAp,0.41379310344827586,39,28,GGCTGATTAGAAAGGCCAAA,11,3314497
rspAp,0.8620689655172413,52,28,GGCGCGAGGGGAGCCACGGT,24,3318788
rspAp,0.06896551724137931,29,28,GGCAGGCTCCCATGGCACAA,1,3328136
rspAp,0.10344827586206896,30,28,GGATAGAAAGACAGGAACTA,2,3324392
rspAp,0.20689655172413793,33,28,GCTTTCTCGGCATCTGTTTA,5,3310483
rspAp,0.7931034482758621,50,28,GCGTTTCGCGAATCCCTTTC,22,3313399
rspAp,0.2413793103448276,34,28,GCGGATGAGTGGTTGCGGAC,6,3313565
rspAp,0.4482758620689655,40,28,GCGCTTAGGGAGGTATTTTT,12,3317979
rspAp,2.5172413793103448,100,28,GCATTGCACGGCGCTCTTGA,72,3321984
rspAp,0.10344827586206896,30,28,GCAAGTGGTAACAAGCATAG,2,3313849
rspAp,5.793103448275862,195,28,GCAAGCCTGATGATTAGCCC,167,3309901
rspAp,0.3448275862068966,37,28,GAGAGTGCGCTAGAACATAC,9,3312335
rspAp,1.4137931034482758,68,28,GAGAACAAAACCAATCCAAA,40,3316043
rspAp,0.6206896551724138,45,28,GAATAGCGCGATGGGCAGGC,17,3309869
rspAp,0.27586206896551724,35,28,CTCGGCCCCCACGGATAGCG,7,3325414
rspAp,0.8275862068965517,51,28,CTAAATAATATCGGGGTTTA,23,3318567
rspAp,1.896551724137931,82,28,CGGTCCGGCGGGTGTTCGGC,54,3318887
rspAp,0.13793103448275862,31,28,CGGTAGCGCCCGGCTGTTTT,3,3332302
rspAp,0.27586206896551724,35,28,CCTTTTCGCCTACGGGAAAA,7,3325128
rspAp,0.13793103448275862,31,28,CCTGAGGTTGGCTGGGCTCG,3,3326777
rspAp,0.13793103448275862,31,28,CCCTGACATAGAAGCCCCGG,3,3321092
rspAp,0.5517241379310345,43,28,CCATCGCGAGACCTCCGCCT,15,3325535
rspAp,0.1724137931034483,32,28,CCACTTGAGTTAACTTCTTA,4,3326915
rspAp,1.103448275862069,59,28,CATACTCGAGTAATAAATCA,31,3323324
rspAp,0.06896551724137931,29,28,CAGGCAGACTCGCAATGATG,1,3310663
rspAp,0.9310344827586207,54,28,CACTGTCGGACGTCAATACT,26,3311588
rspAp,0.4827586206896552,41,28,CACGCTCTGATTAGGCTCGC,13,3311500
rspAp,0.2413793103448276,34,28,CACGCTATTCACGCACACCT,6,3318917
rspAp,0.5862068965517241,44,28,AGTTGTCGTGGGGCTCCTGG,16,3328223
rspAp,0.5517241379310345,43,28,AGTGAGGAACTCCGTAGAGT,15,3316287
rspAp,1.0689655172413792,58,28,AGGCCACAGGCAGTCCTCGT,30,3327498
rspAp,1.5172413793103448,71,28,AGGATCGTCAGTGAAATCGA,43,3322320
rspAp,0.8620689655172413,52,28,AGACATACGATATCGCGAGG,24,3327342
rspAp,0.3448275862068966,37,28,AGAAGAGCCGGATCCGTTCG,9,3328010
rspAp,0.13793103448275862,31,28,ACCACTTTGGCAGTGCGGTG,3,3311237
rspAp,0.7931034482758621,50,28,ACATGGTGCCTAAGGGCCGT,22,3311765
rspAp,0.6551724137931034,46,28,ACATCTGCGCGCTGAACTAC,18,3310233
rspAp,0.27586206896551724,35,28,ACAGACAACGTCGTCGGCAG,7,3320140
rspAp,0.4482758620689655,40,28,ACACTTAAAATCATCCAAAG,12,3313561
rspAp,0.20689655172413793,33,28,AAGGAGATAGTACTGGGCCT,5,3312589
rspAp,0.7241379310344828,48,28,AAGCCTTTCGAGCTCTGGTA,20,3314106
rspAp,0.2857142857142857,34,27,TTTCTGGGTGACCGGGAGAG,7,3316105
rspAp,0.42857142857142855,38,27,TTTCCACGCACGGGCGGAGG,11,3313485
rspAp,0.9285714285714286,52,27,TTGTCGCCCTCACGACGTTG,25,3317374
rspAp,0.35714285714285715,36,27,TTACGACAAGTGCCCACAAG,9,3323000
rspAp,0.25,33,27,TTAAAGGGTGCGCAAATGTG,6,3309791
rspAp,1.6428571428571428,72,27,TGTCAGAGACTACAGAGGAT,45,3322212
rspAp,0.35714285714285715,36,27,TGTATGCTGGCGTACTTTCT,9,3327637
rspAp,1.1071428571428572,57,27,TGTAAGCCGCAAATTAAGTG,30,3330953
rspAp,3.0,110,27,TGGGGGTTTTATCTGCAGTC,83,3324907
rspAp,0.4642857142857143,39,27,TATTCGGGAGTACTGAACAG,12,3313507
rspAp,0.42857142857142855,38,27,TATTCAATGAGTCTTGGTTA,11,3319422
rspAp,0.7857142857142857,48,27,TACGCCTGTGAATCGTGCCA,21,3316396
rspAp,2.6785714285714284,101,27,TAAGGGTTACGTTGGGAACA,74,3325265
rspAp,0.5714285714285714,42,27,GTGATACTGAACTAATCCAA,15,3320975
rspAp,0.5714285714285714,42,27,GTAGACCGACGCGTCAGGTA,15,3314868
rspAp,4.178571428571429,143,27,GGTAACGTTCGATACTCTGT,116,3319363
rspAp,0.21428571428571427,32,27,GGGTCTTGCCTCGAAAGGCA,5,3326724
rspAp,0.10714285714285714,29,27,GGCGCCCACTCCGCCGGGGT,2,3321690
rspAp,0.6785714285714286,45,27,GGCACGCTTCACAGACGAGA,18,3309545
rspAp,0.4642857142857143,39,27,GCTTATAGACAAGGGCCTTA,12,3314480
rspAp,1.0357142857142858,55,27,GCTCGGGATGGATCCAGTCG,28,3319970
rspAp,0.17857142857142858,31,27,GCTCAGGATAGTCGGACCCC,4,3309448
rspAp,0.5,40,27,GATAGAAACTTCGACGCAAA,13,3326950
rspAp,0.07142857142857142,28,27,GACAGTCTTAGCATTTATTA,1,3315302
rspAp,2.4642857142857144,95,27,GACAATGCTTGGGTGCGACT,68,3324887
rspAp,0.42857142857142855,38,27,GAAGAATCCCCGTGGAGGCT,11,3309818
rspAp,0.5,40,27,GAACCGTGTCGGCGGACTGC,13,3313992
rspAp,0.32142857142857145,35,27,CTGCAGCATCGACTTTTCAA,8,3322369
rspAp,0.5,40,27,CTGACACCGCACACCGAGTA,13,3328992
rspAp,0.4642857142857143,39,27,CGGCGGACCCGGAATTATCA,12,3314992
rspAp,0.39285714285714285,37,27,CGACCCTCGGAGTGGCTGGT,10,3318955
rspAp,0.42857142857142855,38,27,CCGCACATGTAGGGGTTCCA,11,3312929
rspAp,0.6785714285714286,45,27,CCCGTCCCACTGATTTGAAG,18,3316709
rspAp,0.17857142857142858,31,27,CATGCTGAGCAGTATTTAGA,4,3325781
rspAp,0.2857142857142857,34,27,CACTGGTAGATTCTGTCCTG,7,3318655
rspAp,3.5357142857142856,125,27,CACTACGATAGATATGGATC,98,3315711
rspAp,1.4642857142857142,67,27,CAATGCTACATAGTCAATCT,40,3320438
rspAp,0.39285714285714285,37,27,CAAGCCCATAGTCGGCCGTG,10,3324926
rspAp,0.10714285714285714,29,27,ATGATAAAGAATGCGGCTTC,2,3331648
rspAp,0.32142857142857145,35,27,ATCAATAAGTAGAGCTATTT,8,3311296
rspAp,0.75,47,27,AGGTCACATGGGAGAAATTT,20,3323638
rspAp,2.6785714285714284,101,27,AGGTAAGGCGCATCGTCCTA,74,3309611
rspAp,2.2857142857142856,90,27,AGGAATGGAGGTATATCTGG,63,3308953
rspAp,1.6785714285714286,73,27,ACTTGGTTGTAGAATAGTCC,46,3319601
rspAp,1.1785714285714286,59,27,ACGTCCCACGACTTTGATAA,32,3315589
rspAp,0.5,40,27,ACGATTAGAGCTGGTCGCGT,13,3318054
rspAp,1.25,61,27,ACAAAGCTCTCATAGGCTGG,34,3319662
rspAp,0.6428571428571429,44,27,AAAGTGGAAGCTGGATATTA,17,3315596
rspAp,0.35714285714285715,36,27,AAACTTCCGAGAAAGTCCGC,9,3319522
rspAp,0.48148148148148145,38,26,TTTTGTTAACTGATCCCGGG,12,3320126
rspAp,0.1111111111111111,28,26,TTTGAGGAATGCTTCGCGGA,2,3328125
rspAp,0.4074074074074074,36,26,TTTCTAATTGCTTAATCGGT,10,3322823
rspAp,0.14814814814814814,29,26,TTGTGTGGTGCGTCCGTCCT,3,3328454
rspAp,1.1481481481481481,56,26,TTCGCTACCCACGAACGCAA,30,3321337
rspAp,0.5925925925925926,41,26,TTCCTACTCATTCCTTCGGT,15,3314561
rspAp,0.6296296296296297,42,26,TGTTCAGGACACGCAGATGG,16,3321014
rspAp,0.3333333333333333,34,26,TGTCCACAGGCATTCGAACT,8,3327543
rspAp,0.25925925925925924,32,26,TGTACTCGCGGCTATCAACT,6,3320983
rspAp,1.1111111111111112,55,26,TGGATACCACTCGTTTCGTA,29,3318985
rspAp,0.1111111111111111,28,26,TGCGATATTTAGCTCGTCGG,2,3327734
rspAp,0.1111111111111111,28,26,TGATTCGTCCCAGGTAGTCG,2,3315092
rspAp,0.8888888888888888,49,26,TGAGCCTTAAAGCAAAGTTT,23,3331281
rspAp,0.2962962962962963,33,26,TGAAAGCCGGGACCAAGTGC,7,3321238
rspAp,16.14814814814815,461,26,TCTTCCCAGCAGAAGTTAGT,435,3325700
rspAp,1.5555555555555556,67,26,TCGGTTCGTATTGTCAGTGG,41,3311044
rspAp,0.7407407407407407,45,26,TCCTGCCGGAGGACGGCGGT,19,3312922
rspAp,0.8148148148148148,47,26,TCCCCGGGCTAACTTCTGCA,21,3309328
rspAp,0.8518518518518519,48,26,TCATGCAAACGGGCTGAGGT,22,3316278
rspAp,0.6666666666666666,43,26,TCAACCAGCACAAGTAACGT,17,3309640
rspAp,0.7037037037037037,44,26,TATTATAGCAGCAGGCCCCT,18,3329090
rspAp,0.07407407407407407,27,26,TAACGAATTTATGCGCAGAA,1,3320360
rspAp,1.4814814814814814,65,26,GTGTTTCAGTCGTCGATTTT,39,3322987
rspAp,0.4444444444444444,37,26,GTGTTAACCGTTTTTTAGAG,11,3308880
rspAp,1.4444444444444444,64,26,GTCGTACCCTACGGAGACAG,38,3317500
rspAp,0.2962962962962963,33,26,GTCAATACTCCTAACTGCGA,7,3325604
rspAp,0.8888888888888888,49,26,GTATGCAAACTGGTACTTTT,23,3311546
rspAp,0.3333333333333333,34,26,GTACAACACGTACGCGGGCA,8,3329759
rspAp,0.6666666666666666,43,26,GGGGTGCGATGTCACGCTTT,17,3330882
rspAp,0.2222222222222222,31,26,GGGCTTTAAGAGTGTAAAGT,5,3317932
rspAp,0.2222222222222222,31,26,GGGCTCAAATTTTAACAATG,5,3309592
rspAp,0.8888888888888888,49,26,GGATGGAGCGAAATCATTGT,23,3314787
rspAp,0.9629629629629629,51,26,GGAAATAACCATACTGTCCA,25,3322174
rspAp,0.4444444444444444,37,26,GCTGTACGAAGGGGAACCAA,11,3323701
rspAp,0.7407407407407407,45,26,GCGGGTTAGTTTTGTGGGTA,19,3317047
rspAp,0.2222222222222222,31,26,GCGAAGTTGAGCTGATCGCG,5,3311426
rspAp,0.14814814814814814,29,26,GCAGTCACCACTTGAACGAA,3,3325124
rspAp,0.4444444444444444,37,26,GCAGTAGGCCGTGCTCAAGT,11,3325166
rspAp,0.5555555555555556,40,26,GATTACGGGATCCCGACATA,14,3324792
rspAp,0.2222222222222222,31,26,CTGCTGTACGTGATGGGATT,5,3311159
rspAp,0.2962962962962963,33,26,CTAGCAGGATTGGCCAGAGA,7,3313351
rspAp,0.7777777777777778,46,26,CTACGCATGCGCTCGGACAG,20,3312234
rspAp,0.5925925925925926,41,26,CGGCTTTCGTCCTGCGTCAA,15,3315606
rspAp,0.1111111111111111,28,26,CGGACATTATCAGGCCGGAT,2,3319782
rspAp,0.14814814814814814,29,26,CGATTCACATGGGTTTATGG,3,3311817
rspAp,0.6296296296296297,42,26,CCTCAATATCCACTGGACGA,16,3323916
rspAp,0.4444444444444444,37,26,CCGTATCAACCTCGATCTGC,11,3331235
rspAp,0.48148148148148145,38,26,CCCAAGCTATTTAAGGTCGT,12,3330259
rspAp,0.9259259259259259,50,26,CATAGTTCTACCCACCATAA,24,3319333
rspAp,0.4444444444444444,37,26,CAGGGGAACTTGAAGAATGT,11,3316457
rspAp,0.07407407407407407,27,26,CAGGATTCACCCGCGGTCAG,1,3314481
rspAp,0.5185185185185185,39,26,CAGAGACGCAGATAATTACG,13,3314597
rspAp,0.3333333333333333,34,26,CACGGGCACTGGTTAAACTC,8,3313741
rspAp,0.2222222222222222,31,26,CACGGACTTACTTCTTGATA,5,3329034
rspAp,0.7407407407407407,45,26,ATGTGCTTTGCTATCGAGTA,19,3326407
rspAp,0.7037037037037037,44,26,ATAACCAGTTGAAAGCTAGT,18,3332503
rspAp,1.2222222222222223,58,26,AGTTAAATTTCGTCTAGTAT,32,3323515
rspAp,0.7037037037037037,44,26,AGTGTTTCTTACGTTCCGAG,18,3324424
rspAp,1.2962962962962963,60,26,AGGACGGTCTTTCCCTGCAT,34,3315468
rspAp,2.2222222222222223,85,26,AGATCTTGCTACAGTAATGC,59,3321803
rspAp,0.2962962962962963,33,26,ACCGCGTTTGTGCTAGGACT,7,3313118
rspAp,2.740740740740741,99,26,ACCCGACAAGCCGCGATAGA,73,3309914
rspAp,1.4444444444444444,64,26,ACAAGCTAGAATAATTCCAG,38,3329279
rspAp,0.2222222222222222,31,26,AATTGACATTGTAGAGCGCT,5,3316250
rspAp,0.3333333333333333,34,26,AAGACATTCCGATCCCTGGA,8,3315042
rspAp,0.14814814814814814,29,26,AAAGTCCGATAACGTGTCAA,3,3317220
rspAp,0.8461538461538461,46,25,TTTGTCCCAACCGCCAAAAG,21,3319059
rspAp,0.11538461538461539,27,25,TTCTCGCCCGCGGAACGTGT,2,3328507
rspAp,0.07692307692307693,26,25,TGTTTTGATCTCACTTCCTA,1,3325878
rspAp,2.4615384615384617,88,25,TGTCTCGGCCGCGGTAAGTT,63,3317694
rspAp,0.46153846153846156,36,25,TGCGTATCGGATGTGTCCGA,11,3327946
rspAp,0.11538461538461539,27,25,TGCGACATGAACGCGGTTCA,2,3310744
rspAp,1.0,50,25,TGCCGCGTGTTAAGACGGCT,25,3321630
rspAp,0.5384615384615384,38,25,TCGTCCTATCTCAAACAGGC,13,3312020
rspAp,1.6923076923076923,68,25,TCGGTAAGCAGCGATGCAAG,43,3321717
rspAp,1.0384615384615385,51,25,TCCTATATTAAATCGATATA,26,3321282
rspAp,14.923076923076923,412,25,TCCGGGTTCCCAACATGTCT,387,3332865
rspAp,0.23076923076923078,30,25,TCAAGGTTGACGTGGCCGAT,5,3322617
rspAp,0.11538461538461539,27,25,GTTGACACTCATTCTAGTGG,2,3310724
rspAp,0.3076923076923077,32,25,GTGTCCATGACGACTTAGGG,7,3312898
rspAp,0.6153846153846154,40,25,GTGGGTGCAAGGGTATTCAG,15,3313627
rspAp,1.0769230769230769,52,25,GTCTCACCGCTATCCAACCT,27,3325915
rspAp,0.07692307692307693,26,25,GTCCTAGATACTCGGAAAAC,1,3316825
rspAp,1.1923076923076923,55,25,GTCCGGACACTATCCTCTGA,30,3330939
rspAp,1.0384615384615385,51,25,GTACAAGACAATTTGTAGGA,26,3329859
rspAp,0.3076923076923077,32,25,GGTAATATCAGTCTCTGGAT,7,3312562
rspAp,32.57692307692308,871,25,GGGTACGTGGGATCAGATTA,846,3312353
rspAp,0.6923076923076923,42,25,GGGAAATTTAGGAGCCACCG,17,3328858
rspAp,0.19230769230769232,29,25,GGCAGCTCTAGCTCTCCCAT,4,3317020
rspAp,0.7307692307692307,43,25,GCTAATGATGCTCGGCTTCT,18,3309664
rspAp,0.4230769230769231,35,25,GCCTTAACGATCATCAGCAG,10,3315178
rspAp,0.07692307692307693,26,25,GATCCGGGGAACTGGCTCAA,1,3322507
rspAp,0.7692307692307693,44,25,GACTGCTCTTCATGCTGGGA,19,3322632
rspAp,0.07692307692307693,26,25,GAAGTATATGTATGGACTTA,1,3328611
rspAp,0.6538461538461539,41,25,GAAAAGCATGTCCAACACGC,16,3323639
rspAp,0.8846153846153846,47,25,CTTCACCAATACCCGACTGT,22,3312522
rspAp,1.7692307692307692,70,25,CTTAGTCGTTACCTTTTTCT,45,3310209
rspAp,0.4230769230769231,35,25,CTTACAGTAGGGTCAGCCGT,10,3316708
rspAp,0.07692307692307693,26,25,CTCGTGATGCATAAACCCGA,1,3321413
rspAp,1.6923076923076923,68,25,CTATCTCTAGATTGTGACAT,43,3330586
rspAp,0.46153846153846156,36,25,CTATAACGGTTCCTAAGCGA,11,3319765
rspAp,0.19230769230769232,29,25,CGTAGCAGGAGTTTTTCTTA,4,3321769
rspAp,0.15384615384615385,28,25,CGGAGCTTTCTGTCCGAACA,3,3311413
rspAp,0.6153846153846154,40,25,CGCCCCTAAAGAGTAGCTCC,15,3310148
rspAp,2.5,89,25,CGACGCCTTGGTCCAGAACA,64,3308849
rspAp,2.269230769230769,83,25,CCCTCTGCCGATGCCAGAAG,58,3321968
rspAp,0.7307692307692307,43,25,CCCGTTCGGGCCATTAGTAC,18,3326689
rspAp,0.8461538461538461,46,25,CCAAGTGATTATCCTAAGAC,21,3310866
rspAp,1.7307692307692308,69,25,CATTTTCACATGTGGTAAGC,44,3331312
rspAp,0.4230769230769231,35,25,CACGGGAAGGGAAGCAAGCC,10,3327651
rspAp,0.34615384615384615,33,25,ATGGGTCGCCAAGACAAGAA,8,3310354
rspAp,0.46153846153846156,36,25,ATCCTTGCCGGCGTTTTACA,11,3313483
rspAp,0.6923076923076923,42,25,ATAGTCGTAGTCCAACCCTA,17,3318828
rspAp,1.8461538461538463,72,25,ACTGGAGACCGCGGGCCGTA,47,3317245
rspAp,3.923076923076923,126,25,ACGTGGGCGCAACTTTTCGT,101,3310032
rspAp,0.6538461538461539,41,25,ACGAAGGTTAAGACGTGCTA,16,3310010
rspAp,1.7307692307692308,69,25,ACACTACGCGGGCTAGGACA,44,3313299
rspAp,0.2692307692307692,31,25,ACACACTCGGAATGGATGAA,6,3318816
rspAp,0.11538461538461539,27,25,AATTCGACTCTGAGGTAGGG,2,3330836
rspAp,0.4230769230769231,35,25,AATGCGGTTGCGCGGTTATG,10,3319095
rspAp,0.4230769230769231,35,25,AAGTAATCTCAACGAGTAGG,10,3309604
rspAp,0.15384615384615385,28,25,AACTCGCATATTCGCATTAA,3,3314277
rspAp,0.2,28,24,TTTCGTGGGGAGTCTGTTTC,4,3315301
rspAp,1.8,68,24,TTGTTAACCACCCGTCTTAC,44,3331882
rspAp,0.16,27,24,TTCTTCAGCACTACACGTTA,3,3309760
rspAp,1.56,62,24,TTCTTCAGCACCTTCATTAG,38,3328544
rspAp,0.16,27,24,TTCTCCTTAAGCTAAAGGTC,3,3332044
rspAp,1.64,64,24,TTACGGAGTTAGGTGCCGCG,40,3310275
rspAp,0.8,43,24,TGCCGGGTCCCAAAGCCGTT,19,3312264
rspAp,0.56,37,24,TGCCAATCATGTCTCTGCTA,13,3316166
rspAp,2.24,79,24,TGAACAGAGTTGGGCGTGGC,55,3316973
rspAp,0.8,43,24,TCCAATGGTATCAAAGTCTT,19,3309309
rspAp,0.08,25,24,TCCAAATTTACTAAAGTAAC,1,3326059
rspAp,0.2,28,24,TCATTTTCCCTGACACTTCA,4,3313959
rspAp,1.44,59,24,TCAGAATTTCACATGTGCTT,35,3319847
rspAp,0.96,47,24,TATCCAAGAAGTATGGCAAG,23,3327295
rspAp,6.64,189,24,TATCACGCAATCAGCCGTTT,165,3324871
rspAp,0.08,25,24,TAGGAGCGTCGGCAGAGGCG,1,3316075
rspAp,0.32,31,24,TACCCATTGTCCCATTGTGT,7,3319291
rspAp,0.36,32,24,GTGGACACAGGTCAAGATGC,8,3325724
rspAp,0.12,26,24,GTGACGAATGTCGCTACTTT,2,3330593
rspAp,0.32,31,24,GTGACACTTGTTCAGCTAAA,7,3314020
rspAp,0.44,34,24,GTCCGCCCGTAGGGGGAGCT,10,3315587
rspAp,0.56,37,24,GGTGCGTAACTGTTTGTGGT,13,3327027
rspAp,2.0,73,24,GGTCAACTCACTGTCAGAGA,49,3309703
rspAp,1.32,56,24,GGTAGAGAGGGGCATATAAG,32,3310162
rspAp,0.2,28,24,GGGCTACACACTTAATCTTA,4,3321595
rspAp,2.08,75,24,GGGAGGGTCCAGGGGATGGG,51,3330033
rspAp,0.2,28,24,GGGACGGGTTGATGCTAATA,4,3317658
rspAp,0.68,40,24,GGCGTTGCATCTGAGTTTTG,16,3312478
rspAp,1.0,48,24,GCTTCTTTCATTGGGCATCA,24,3312691
rspAp,0.76,42,24,GCTGTACACCGTTTCAAGCC,18,3311204
rspAp,0.8,43,24,GCGCGGTTCGTAGAAATGCG,19,3332637
rspAp,0.12,26,24,GCGCGGGCGAATGTCTTTTG,2,3314763
rspAp,0.08,25,24,GCCGTAGCAGAGTTTTGCCG,1,3324724
rspAp,0.72,41,24,GCCATCGTGTTATATAGTGC,17,3319747
rspAp,2.04,74,24,GCCACTGGTCACAATGGAGA,50,3309390
rspAp,1.28,55,24,GCATGAATTAATATGGTGGT,31,3312821
rspAp,0.68,40,24,GCACGCTCTGAGTTAAGAAC,16,3329086
rspAp,1.08,50,24,GCACAAAAGTAAAGAGTCTA,26,3315643
rspAp,0.36,32,24,GCAAGTAAGTATAGCCGCGT,8,3313224
rspAp,1.44,59,24,GATACGGTGACTGCGTGAGT,35,3329495
rspAp,0.56,37,24,GAGCGCGCACGACACTCAGG,13,3319988
rspAp,0.56,37,24,GACCGCGGTCAAGTCTCCGG,13,3332892
rspAp,0.12,26,24,GAACTAAAGGGAGAAAGAGA,2,3316634
rspAp,0.52,36,24,CTTTTTTAGTCTTTGCCCTG,12,3319716
rspAp,0.48,35,24,CTTGTATAACGAGCGGCCCT,11,3310987
rspAp,1.44,59,24,CTCGAACCTTAGCTAAATCA,35,3323868
rspAp,1.72,66,24,CTCAGTATTTACGAAGAAGT,42,3329342
rspAp,4.6,138,24,CTATGCCGTTTGCAAGGGGA,114,3327123
rspAp,0.12,26,24,CGTTATGCGCTGAGGTCGGC,2,3319401
rspAp,5.0,148,24,CGGTTAGCCTAGTTTGACCA,124,3317493
rspAp,0.52,36,24,CGGCTCTTCGCAAAGTGACA,12,3312014
rspAp,0.84,44,24,CGGCCCTGAGTCGCACGCGC,20,3327874
rspAp,0.56,37,24,CGCAAGATTTATTGTGCCAG,13,3312823
rspAp,0.36,32,24,CGACTCGAAGTAAGCGCAGT,8,3327915
rspAp,0.6,38,24,CCTCCCAGAGCGAGTGCTGG,14,3317745
rspAp,2.44,84,24,CCGTCGCTACGACGCAAATG,60,3329448
rspAp,0.64,39,24,CCGCATGTTTAGTACCTGCA,15,3328298
rspAp,0.08,25,24,CCGCACGGAGGGCAGCACGT,1,3310360
rspAp,0.24,29,24,CCCCCGAATCAATCCGCAGA,5,3319773
rspAp,0.44,34,24,CCAATAGGTAAACCCAAGAG,10,3319729
rspAp,0.32,31,24,CAGTCATACTCTTATTATTA,7,3320047
rspAp,0.76,42,24,CAGGACATCCTCGAGTGAGG,18,3326500
rspAp,1.76,67,24,CAGCGGTCACTGGCAATTTC,43,3311137
rspAp,0.36,32,24,CAAATCACATTTCCAAGGCG,8,3310739
rspAp,0.28,30,24,CAAAACGAAGTATACTCTCT,6,3310908
rspAp,0.28,30,24,ATTACTTCTTAAATTTGTGG,6,3314537
rspAp,1.28,55,24,ATCCTATGGCCCCTCACTGC,31,3309544
rspAp,0.52,36,24,ATAGACAGAGTTGTGGCTGT,12,3321213
rspAp,1.12,51,24,ATACACGTCCGCCGGTCTCA,27,3314622
rspAp,2.64,89,24,AGTTAAGACACCAGACGCTT,65,3329143
rspAp,0.4,33,24,AGTATCGAGTGCCAGCAGGC,9,3312523
rspAp,0.2,28,24,AGGGGAGGCCCTGCTCTGGG,4,3309974
rspAp,0.28,30,24,AGGGAGGATTATGGCTTCGG,6,3320487
rspAp,0.4,33,24,AGCTGTACAATCCGGGCGAG,9,3328422
rspAp,0.48,35,24,AGCTCGGTGATTCCCCGTGC,11,3312780
rspAp,0.44,34,24,AGCGGAGGTATAGAGAGGAT,10,3330570
rspAp,0.96,47,24,AGACAGATTTGAAGTGTAAA,23,3315765
rspAp,1.16,52,24,AGAATCACCATTAGATTGGT,28,3324836
rspAp,6.36,182,24,AGAAAACTACAATTACGGTG,158,3328690
rspAp,0.12,26,24,ACTCTACTTCCGAGGTTAAA,2,3327161
rspAp,0.48,35,24,ACGGTCCCGCCCGCATGGAA,11,3312203
rspAp,0.56,37,24,ACGGGCATGCCCGACATAAT,13,3309542
rspAp,0.24,29,24,ACGGATGGAAGAACATTGCA,5,3309076
rspAp,1.04,49,24,ACAGAGTAAGAGGTAGTACC,25,3320410
rspAp,1.04,49,24,AAGGTGTAATGGCAAATCCC,25,3321912
rspAp,0.48,35,24,AAGGTCCTAGTGTAGTTTCT,11,3309651
rspAp,1.36,57,24,AACAGTAATAAAATAACTAT,33,3330571
rspAp,0.52,36,24,AACACTGGAACTAGATTCCT,12,3313155
rspAp,1.48,60,24,AAACATTCTCCCGCATCACT,36,3323905
rspAp,0.5833333333333334,36,23,TTTTGAGATTCATTATTCGT,13,3328814
rspAp,0.20833333333333334,27,23,TTGTCTTAGACGGACAGGGT,4,3332939
rspAp,0.625,37,23,TTGCCGGCATTCCGTATTGA,14,3311689
rspAp,0.2916666666666667,29,23,TTATAGATGAGTACGCGTAA,6,3314153
rspAp,0.5833333333333334,36,23,TTAACACTTGCGATTTGACG,13,3321915
rspAp,0.375,31,23,TGTCATTGGCAGCTGGAAAC,8,3328046
rspAp,0.9583333333333334,45,23,TGTCACACTCAAGGCTCGAT,22,3331620
rspAp,1.25,52,23,TGCTTTACTGTTCACTTGAG,29,3311717
rspAp,0.20833333333333334,27,23,TGCAATCCTAGAGTATTTAG,4,3325362
rspAp,0.9583333333333334,45,23,TCTGTGATCTGTAAAGCACT,22,3320283
rspAp,0.4166666666666667,32,23,TCTCTCCGATAATTGAATTT,9,3309693
rspAp,1.1666666666666667,50,23,TCGAAAAATTGGGCGCACCT,27,3314707
rspAp,1.0,46,23,TCCTGCACAGTTACTGTCTC,23,3325553
rspAp,3.75,112,23,TCACAGCAAACCCTACAAGG,89,3333099
rspAp,0.4166666666666667,32,23,TATATGTAGCAGAGCGTCTA,9,3316263
rspAp,1.2083333333333333,51,23,TAACGTACTACGGCAAAAAG,28,3326426
rspAp,0.75,40,23,GTTTCACCCGAAATCGTCGT,17,3323897
rspAp,1.3333333333333333,54,23,GTCCAAACTTGAATCGATTG,31,3323909
rspAp,0.20833333333333334,27,23,GGTTCATGGTAAGAGGATCT,4,3311439
rspAp,0.25,28,23,GGTACCTCATTAACAACAAA,5,3326884
rspAp,0.16666666666666666,26,23,GGGGTTCCATTAGGTTTAAA,3,3323405
rspAp,0.2916666666666667,29,23,GGGGAGCGAGTGCGTCGTAT,6,3316248
rspAp,0.7916666666666666,41,23,GGGGAGAGAAGTCCCTTGTC,18,3317918
rspAp,0.25,28,23,GGCTCCTAAGCATAGAAGAC,5,3330287
rspAp,0.2916666666666667,29,23,GGCCCTACGAGGGCCTATTC,6,3320761
rspAp,0.20833333333333334,27,23,GGCCCCGCTCATAGTTATGG,4,3329842
rspAp,0.16666666666666666,26,23,GGAATTATGTGCTAGGAGTT,3,3309706
rspAp,0.2916666666666667,29,23,GCGAATGTGATGTCGAATGA,6,3314489
rspAp,1.2083333333333333,51,23,GCACTCTATGTATACGATCT,28,3316916
rspAp,0.4583333333333333,33,23,GCAAGGGATATGCTAGCAAT,10,3321869
rspAp,1.2083333333333333,51,23,GATCACGGAGCCTTCTACGA,28,3316103
rspAp,1.9583333333333333,69,23,GAGTATGGACACCGCGTTCA,46,3319051
rspAp,0.3333333333333333,30,23,GAGAACGTTTCCTCTTGGAT,7,3317697
rspAp,0.375,31,23,GACTGCCATCGTGAAAAAGC,8,3313793
rspAp,0.2916666666666667,29,23,GACAGCATCTTCTACCGGTA,6,3316167
rspAp,0.2916666666666667,29,23,CTTTTACCACGGTCAAAGAT,6,3322397
rspAp,0.75,40,23,CTGTCTGTTTAAAGACATAT,17,3321180
rspAp,0.5833333333333334,36,23,CTCTCTCAAGACGAGCATTC,13,3312031
rspAp,1.125,49,23,CTCGGGAGATGCTCCTCCGT,26,3312707
rspAp,0.6666666666666666,38,23,CGGGAATAGAGTGCATGTAT,15,3326669
rspAp,0.6666666666666666,38,23,CGCTCTTAGCGTAAATGGAT,15,3315946
rspAp,1.0833333333333333,48,23,CGATTTTCCATTTTGAGGTG,25,3314581
rspAp,1.0416666666666667,47,23,CCTAGATCGTCCACGCGTGC,24,3311185
rspAp,0.2916666666666667,29,23,CCCCTGCGGGTACTATCGAA,6,3313996
rspAp,0.7083333333333334,39,23,CATCGGCGTATCATTTATGT,16,3332910
rspAp,0.4166666666666667,32,23,CAGGGCAAAACGGGTGAGCT,9,3318093
rspAp,0.08333333333333333,24,23,CACTATTTTGATGCCAATGT,1,3309643
rspAp,0.7916666666666666,41,23,CACGCTTAGGAACTGGTGTC,18,3325596
rspAp,0.875,43,23,CAATTATTCAAGCGTGGCAT,20,3320375
rspAp,0.7916666666666666,41,23,ATTTGGGTAGAGTTCGTTAA,18,3311838
rspAp,2.875,91,23,ATTGTACTGATCTGCGAAAG,68,3333100
rspAp,0.3333333333333333,30,23,ATTACACCCCACGGGTCCCA,7,3308860
rspAp,0.125,25,23,ATGTAGGCAATTAGCAGATG,2,3326483
rspAp,0.7083333333333334,39,23,ATGCAAGAGTTGAGTGGGCT,16,3310685
rspAp,0.2916666666666667,29,23,ATCGAGAATCGTGAACCGAT,6,3320724
rspAp,0.875,43,23,ATCAAGCATCCAAGTTGACG,20,3317131
rspAp,0.125,25,23,ATACAAGAGACGGACAGGCT,2,3324581
rspAp,0.625,37,23,AGTTATGGACGACGGCTGAA,14,3312625
rspAp,0.6666666666666666,38,23,AGTCAGTACTGAGCCCGACC,15,3322086
rspAp,2.375,79,23,AGGGGGCTGTGCCTACTGAA,56,3326600
rspAp,0.7916666666666666,41,23,AGCGACGATCATTCAAACAA,18,3317295
rspAp,0.16666666666666666,26,23,ACTTGGCATACTTTACTTAT,3,3310178
rspAp,0.08333333333333333,24,23,ACGTGCATCATGGGTAACTT,1,3315661
rspAp,0.20833333333333334,27,23,ACGTCTCCTAGGGTAGCGTG,4,3326159
rspAp,2.375,79,23,ACGGGTTTGAGGTTGTGATT,56,3326911
rspAp,0.75,40,23,AATCTGTTGTGTGCTCGATA,17,3329877
rspAp,0.5416666666666666,35,23,AATATTCAGGAGACGGCGGT,12,3317792
rspAp,0.20833333333333334,27,23,AACTCCGAAGACATTAAAAT,4,3310343
rspAp,0.875,43,23,AAATAACAAACTACGTTAAA,20,3313509
rspAp,0.6956521739130435,37,22,TTTGAGTTAGACAGCGCTTG,15,3319308
rspAp,0.9130434782608695,42,22,TTGGGCATAGGGAATCGGAC,20,3326038
rspAp,0.13043478260869565,24,22,TTGCCATTCCGGACCTGTTC,2,3322137
rspAp,0.7391304347826086,38,22,TTGAGGGATTTTCATCCAAC,16,3312995
rspAp,0.43478260869565216,31,22,TTCTCCCAGCGTCTATTCTA,9,3328239
rspAp,0.6086956521739131,35,22,TTCCACCCGAAGTACTGTTT,13,3321210
rspAp,0.17391304347826086,25,22,TTATTCACGGGCTCGAGTTA,3,3319304
rspAp,0.34782608695652173,29,22,TTAGGAACAGTTGTTAATTA,7,3310327
rspAp,0.7391304347826086,38,22,TGTATGCCTTGCCACCAGTG,16,3326387
rspAp,1.3478260869565217,52,22,TGGGTGAGTAAGTAATTGCG,30,3330546
rspAp,1.6521739130434783,59,22,TGGGTCCGCAAGCGTCCCCC,37,3309629
rspAp,1.0,44,22,TGGGAGCTCAACCACATTAT,22,3325140
rspAp,0.08695652173913043,23,22,TGGGAATCAGCTTAGTGCGG,1,3325057
rspAp,0.17391304347826086,25,22,TGCCGTCCATCAACGTAGAG,3,3319876
rspAp,0.5652173913043478,34,22,TGATGTGAAGCTTTATTGAT,12,3315280
rspAp,1.0434782608695652,45,22,TCTTCTACCGGGCACTTGTC,23,3311035
rspAp,0.6521739130434783,36,22,TCGTTCGGGTCTTCGAGATT,14,3321091
rspAp,0.7391304347826086,38,22,TCGAACCAACAACGGGAGCA,16,3314769
rspAp,0.5217391304347826,33,22,TCCATGGTGAAATCTCGCTA,11,3319750
rspAp,0.43478260869565216,31,22,TCAGATCACGTCTATTCCGA,9,3327763
rspAp,0.13043478260869565,24,22,TCACCTACGCCCAACAAGGA,2,3311927
rspAp,0.34782608695652173,29,22,TATTCACATCCTAAGTGTAG,7,3312954
rspAp,0.21739130434782608,26,22,TACATATCGGTAAGCTCTTT,4,3315751
rspAp,0.13043478260869565,24,22,TAACTTCTTACAGCCACTTC,2,3327919
rspAp,0.13043478260869565,24,22,TAACCGATTTAACGTTGGCA,2,3312696
rspAp,0.6521739130434783,36,22,GTGTGCCGAGGAGGACATTT,14,3314071
rspAp,0.21739130434782608,26,22,GTGGGACTAAGTACGCTAGT,4,3327170
rspAp,0.6086956521739131,35,22,GTACCTGGGCTGGAGAATCT,13,3326774
rspAp,2.739130434782609,84,22,GGTGGACACAGACTGATCGT,62,3319427
rspAp,1.0,44,22,GGTACGTACTCGTGCAGACC,22,3313122
rspAp,0.21739130434782608,26,22,GGGTGGAGAGACGTCAGAAA,4,3309742
rspAp,0.2608695652173913,27,22,GGCTGCCTTGACAGAGCTAG,5,3324723
rspAp,2.782608695652174,85,22,GGAATACATGTTGGATCCGT,63,3325038
rspAp,1.2608695652173914,50,22,GCTTCTCGTACCGTGGAATT,28,3319627
rspAp,1.7826086956521738,62,22,GCTACATGGTGTGCGTGGAG,40,3319989
rspAp,1.5217391304347827,56,22,GCCGCATATGATGTCCGTAG,34,3324738
rspAp,0.30434782608695654,28,22,GCCCTAGCGCTCCAATAATT,6,3315387
rspAp,2.217391304347826,72,22,GAGTCTGTCGCGATGATAGC,50,3318473
rspAp,1.1304347826086956,47,22,GAGGGGGGGCCTCTGTCTAT,25,3318978
rspAp,0.13043478260869565,24,22,GAAGGCGTTGAAACAAAACA,2,3315069
rspAp,1.8695652173913044,64,22,CTTGTAGTCATCTGGCGTTC,42,3325344
rspAp,1.8695652173913044,64,22,CTTCGTCACCTTACTGTCTT,42,3311012
rspAp,1.0869565217391304,46,22,CTAATCAATCGCCTACAGCA,24,3323065
rspAp,0.17391304347826086,25,22,CGTTCATCAAAACGTAACAT,3,3332016
rspAp,1.9130434782608696,65,22,CGTAGCCCGTCGTGACCCTT,43,3314667
rspAp,1.608695652173913,58,22,CGGTAACCCATGTAGTTGAA,36,3322056
rspAp,0.9130434782608695,42,22,CCTGGGTTCTCGTATATCCT,20,3318956
rspAp,0.6956521739130435,37,22,CCGTCGAAAGCGAGCTATGT,15,3326614
rspAp,0.2608695652173913,27,22,CCGGCTAGAAAGGATGTGTA,5,3322599
rspAp,0.391304347826087,30,22,CCGCAAAGATCGCGACCGCC,8,3328532
rspAp,0.08695652173913043,23,22,CCCCGAGCCTTTAGGTCAGC,1,3322294
rspAp,1.4782608695652173,55,22,CCACCAGGAAAGTGATCCGT,33,3315245
rspAp,0.4782608695652174,32,22,CATCCCACAGAGACGAAATA,10,3321693
rspAp,2.3043478260869565,74,22,CAATGCCACAGGTGACGTTA,52,3318842
rspAp,0.7391304347826086,38,22,CAAAGGGGTCCCGTTGTTTT,16,3318528
rspAp,0.43478260869565216,31,22,ATTCACAGTGGTAAAGAGGG,9,3330838
rspAp,0.6521739130434783,36,22,ATGCCTGATGTATGTCGCTG,14,3323976
rspAp,0.2608695652173913,27,22,ATCTTAGCGGGTTCATATTA,5,3316130
rspAp,1.2608695652173914,50,22,ATATGCTCACGATTAGTGAA,28,3329088
rspAp,0.34782608695652173,29,22,ATAAACGTACTGGGTGAGTG,7,3316054
rspAp,0.34782608695652173,29,22,AGAGTCTCGCGCCAATTTTA,7,3329095
rspAp,3.9565217391304346,112,22,ACTGCCCGTGCGCAATCGTT,90,3317802
rspAp,0.6086956521739131,35,22,ACCGGATCGTCTCGTTAGCT,13,3333030
rspAp,0.34782608695652173,29,22,ACCGAGTCGTGTGACATTTT,7,3312083
rspAp,0.4782608695652174,32,22,ACCCGCGCCCAGTCATGAGG,10,3324592
rspAp,0.08695652173913043,23,22,ACCCATCAGCCAACGACAGA,1,3327113
rspAp,0.8260869565217391,40,22,ACACCTGGGGGCTCATTACT,18,3332510
rspAp,0.34782608695652173,29,22,ACAATGCGATGCTAAAAGGG,7,3317088
rspAp,1.1304347826086956,47,22,AATTAGTGGTTCGCTACCTT,25,3326839
rspAp,0.782608695652174,39,22,AAGATCAATCAGCTAGTAGT,17,3321715
rspAp,0.18181818181818182,24,21,TTTCAATAAGAACTTTGGCC,3,3324858
rspAp,0.6363636363636364,34,21,TTGTACCAATAGGGCATAGG,13,3322035
rspAp,0.8636363636363636,39,21,TTGAGTACTACGAGGTCGAA,18,3318672
rspAp,0.18181818181818182,24,21,TTGACACAGCCTCTAGTGCC,3,3312030
rspAp,0.18181818181818182,24,21,TTCCAAGGTCAATGGTGAAA,3,3330359
rspAp,0.2727272727272727,26,21,TGTACTAGAGCCCATTTTTA,5,3327409
rspAp,0.5,31,21,TGGGCTTAGGTCGCAATCGT,10,3320849
rspAp,0.6818181818181818,35,21,TGGCGTCTTGATAACCGCGC,14,3310913
rspAp,3.6818181818181817,101,21,TGGCGGTGTCTACCACACAA,80,3326734
rspAp,0.18181818181818182,24,21,TGGCGAGATTGTTCGGCTGA,3,3320316
rspAp,0.6818181818181818,35,21,TGCGTGGTGTATCGACAGTT,14,3314270
rspAp,1.0,42,21,TGCGGTGTTTGAGACACCCT,21,3313559
rspAp,0.5454545454545454,32,21,TCTTCAGCATAGCCCGGGTT,11,3315931
rspAp,0.45454545454545453,30,21,TCAGATTGTGGGTGCAGAGA,9,3318809
rspAp,0.22727272727272727,25,21,TATGTGAGGGGACAGCGATA,4,3325293
rspAp,1.0,42,21,TATCCGCCATCGACTAATGT,21,3310590
rspAp,0.4090909090909091,29,21,TAGCGGCGCTTGGACGTAGA,8,3328025
rspAp,0.5909090909090909,33,21,TACTGTGGGAGGTTCAGCCC,12,3329546
rspAp,0.5909090909090909,33,21,TACGCTTGTTCCGCCCCACA,12,3325068
rspAp,0.18181818181818182,24,21,TACATCGGTGCAGTAACGAC,3,3321860
rspAp,0.2727272727272727,26,21,TAAGTCCCCAGCATCTAGGC,5,3309029
rspAp,0.9545454545454546,41,21,TAAATGCAGATCTTAGTCCA,20,3327049
rspAp,0.36363636363636365,28,21,GTTTGAATCTCCCGGCAGGT,7,3325556
rspAp,0.8636363636363636,39,21,GTTGTCTTATCCTTCAGTTA,18,3327617
rspAp,0.2727272727272727,26,21,GTTCAAAACCTCATTCCGAC,5,3310640
rspAp,0.5454545454545454,32,21,GTCATCGTCTCTTGCAGATC,11,3319577
rspAp,1.5454545454545454,54,21,GGTGACCAAAGTGGGTTACT,33,3332721
rspAp,0.13636363636363635,23,21,GGCTGTGCGCAGAATCCTGA,2,3323792
rspAp,0.22727272727272727,25,21,GGATGTCGTGAAGCGGAGCT,4,3312064
rspAp,0.2727272727272727,26,21,GGATGGCGCGATCCCCTGCA,5,3313966
rspAp,0.2727272727272727,26,21,GGACTACGTCTTTCGCTGCC,5,3326775
rspAp,0.7272727272727273,36,21,GCTTCATTGTCAACAGTGTA,15,3325196
rspAp,0.9545454545454546,41,21,GCTCTGGTCAAATGCAGGTA,20,3322310
rspAp,0.7272727272727273,36,21,GCGCGGTTTGGGTCTATTAT,15,3316276
rspAp,1.2272727272727273,47,21,GCCTGGATGAGGTCACATAT,26,3311673
rspAp,0.6363636363636364,34,21,GCCTATTCCAAAAATCACTT,13,3316687
rspAp,1.4090909090909092,51,21,GCCGTTACCACATGGGCCGC,30,3310767
rspAp,1.5454545454545454,54,21,GCCATGCGGAAGATGGCGAT,33,3320616
rspAp,1.3181818181818181,49,21,GCCATAGGTATGTCAAACAC,28,3312793
rspAp,0.13636363636363635,23,21,GCAGCGGACGAGTTTCCGTG,2,3313480
rspAp,0.6363636363636364,34,21,GCAGCCCCTCTGCCAAGGGG,13,3325098
rspAp,0.13636363636363635,23,21,GCAGAACTGATTGGTGTGCG,2,3317323
rspAp,0.45454545454545453,30,21,GATCGAGCAATTCGGCTTAT,9,3312186
rspAp,1.3636363636363635,50,21,GAGTAGACTGGTTACACAGC,29,3326108
rspAp,0.5454545454545454,32,21,GACATTAACGGTGGTCTCTT,11,3321087
rspAp,1.1818181818181819,46,21,CTTCAGCGACCACCTTACGT,25,3313629
rspAp,0.09090909090909091,22,21,CTGGGAGATGGTGGCGCCTA,1,3332571
rspAp,3.090909090909091,88,21,CTCTGTACTCCCTTCTCAGC,67,3322810
rspAp,0.22727272727272727,25,21,CTCTCAGTACTGTACGTTCC,4,3309300
rspAp,0.6818181818181818,35,21,CTAGCAAGTCCGCTCGACTT,14,3316544
rspAp,1.0,42,21,CTAACACGACGGGCAGAAAC,21,3327562
rspAp,0.4090909090909091,29,21,CTAAAGCGGTATCCGTTCAT,8,3325736
rspAp,0.36363636363636365,28,21,CGTCAAGCTTCTCCAGTAGA,7,3311267
rspAp,2.227272727272727,69,21,CGTACAAGGGTAGTCGCTAC,48,3308901
rspAp,0.5,31,21,CGGGGGTCAAAACTGGCATC,10,3322749
rspAp,0.5,31,21,CGGGAACTTGCTCAACAATG,10,3310122
rspAp,1.1363636363636365,45,21,CGGCCGGCGCGACGTTCTCA,24,3331810
rspAp,0.5909090909090909,33,21,CGCATTTCTAGTCGCAACAA,12,3321280
rspAp,0.6363636363636364,34,21,CGCACCAAGACTTGCGGAGT,13,3328551
rspAp,1.3636363636363635,50,21,CGAGTTAGCTTGTAGTTGTA,29,3322465
rspAp,0.4090909090909091,29,21,CGAACGAACGACGGATGTGC,8,3311641
rspAp,0.8636363636363636,39,21,CCTATAACTTAAGATTCCTC,18,3316726
rspAp,0.22727272727272727,25,21,CCTACCGGACCCCGCAGGTA,4,3323651
rspAp,0.22727272727272727,25,21,CCGGCCAGACAGCGCGATTG,4,3315641
rspAp,0.18181818181818182,24,21,CCCTCGGGGTGCCATGTTTA,3,3324449
rspAp,0.3181818181818182,27,21,CCCGTTGCTTTACTCGCTGG,6,3319979
rspAp,1.5909090909090908,55,21,CCCAATTCATGAGAGCCTGT,34,3319624
rspAp,0.8636363636363636,39,21,CCAGGCTACCGCGTTGAAGA,18,3310326
rspAp,0.13636363636363635,23,21,CATGGGGTAGCCGCCTCAAA,2,3320121
rspAp,0.36363636363636365,28,21,CAGTCCGGAATTGCCATGAA,7,3322291
rspAp,1.9545454545454546,63,21,CACCGCGTAGCTCTAGGACC,42,3322321
rspAp,1.4545454545454546,52,21,CACCACGCGTCGTTTACAGA,31,3327442
rspAp,2.0,64,21,CAATAGGTTACAGATATGGG,43,3316979
rspAp,1.5,53,21,CAACAGTCACGCCGTGGCTA,32,3319030
rspAp,0.13636363636363635,23,21,ATTTCCATATAAGGATTAAT,2,3332390
rspAp,0.09090909090909091,22,21,ATTGGTCTTATCGGCCATGA,1,3326767
rspAp,0.7727272727272727,37,21,ATGGTATCCGCCTTGCGTGT,16,3329696
rspAp,0.3181818181818182,27,21,ATGGGGTCTTGATTTCCCTG,6,3325054
rspAp,0.36363636363636365,28,21,ATGGGACGGTAAATGTATTG,7,3324732
rspAp,0.2727272727272727,26,21,ATCGTCTGCTCAAGGCGAAA,5,3311544
rspAp,1.2272727272727273,47,21,ATATTAGACTGATCTATGCA,26,3320762
rspAp,1.3181818181818181,49,21,ATAGGGAGCGAACGGGCGTG,28,3312216
rspAp,0.7272727272727273,36,21,ATAAGCCGCTGCCCGTATGT,15,3330989
rspAp,1.0,42,21,AGTACTAAGCTCCACATTTA,21,3315920
rspAp,1.2272727272727273,47,21,AGGTTATGAAAACAGCGGAG,26,3320460
rspAp,0.18181818181818182,24,21,AGGGTCCTCCCCTAGGATAT,3,3313219
rspAp,1.2727272727272727,48,21,AGGGTCCAATCCATACTTCG,27,3322351
rspAp,0.36363636363636365,28,21,AGGGGGGGCTTCCACGGCCT,7,3318644
rspAp,0.8181818181818182,38,21,AGCGGGTCCAGCTGCGCTTT,17,3326081
rspAp,1.1818181818181819,46,21,AGCCCCCTGGCGACATGGGA,25,3315116
rspAp,0.09090909090909091,22,21,AGAGAGAGAATGTGTAACTA,1,3317061
rspAp,2.0454545454545454,65,21,ACTTCCGTACCTCCTGATTG,44,3332788
rspAp,4.181818181818182,112,21,ACTGCTTTCCGAACTAACTA,91,3310812
rspAp,0.22727272727272727,25,21,ACCGCAGTCGTGGCCTGTTC,4,3318036
rspAp,0.7272727272727273,36,21,ACAGACTCACTTCAGAGTGT,15,3332250
rspAp,0.45454545454545453,30,21,AATCGGGCAACATCTGGACT,9,3318092
rspAp,0.2727272727272727,26,21,AATATTTACCGTGAGAACTG,5,3332790
rspAp,0.5454545454545454,32,21,AAGTTCGGACCGTCCGGGAG,11,3327492
rspAp,0.18181818181818182,24,21,AAGCCTGGTTTAATGTTAGG,3,3311633
rspAp,0.3181818181818182,27,21,AAGAACGCACGCCTCGCCTG,6,3317005
rspAp,10.142857142857142,232,20,TTTCTATGCTTCACCTGGTG,212,3309896
rspAp,0.23809523809523808,24,20,TTTACTAAAGACCGTGTGTT,4,3331515
rspAp,0.3333333333333333,26,20,TTGCGCCGGAGTAATGAACA,6,3315629
rspAp,1.4285714285714286,49,20,TTCCCTAACATCTTTTGTTA,29,3314302
rspAp,0.09523809523809523,21,20,TGTTGGATTCAAGGCGTCGT,1,3315136
rspAp,1.0476190476190477,41,20,TGTGTATGAATGGGCAAAAG,21,3322480
rspAp,0.2857142857142857,25,20,TGGTGGTTTTGTTAGTCATG,5,3321836
rspAp,1.1904761904761905,44,20,TGGATAGGTACAACTCCGAA,24,3309546
rspAp,0.3333333333333333,26,20,TGGAGCCCGATGGTACTCAG,6,3314936
rspAp,0.7619047619047619,35,20,TGCCACGTTTGCCGGATAGA,15,3312964
rspAp,1.0476190476190477,41,20,TGCAGTTCGTCTTTGGTGAA,21,3312065
rspAp,0.14285714285714285,22,20,TGAGAGGCGCTTGGGTTGCA,2,3331221
rspAp,0.09523809523809523,21,20,TCTCGTGTCTTGAATTGATA,1,3309485
rspAp,0.09523809523809523,21,20,TCTCATTTTAGTTCCATTTC,1,3320862
rspAp,0.8095238095238095,36,20,TCGTAGATCACCTGGCCAGG,16,3316366
rspAp,19.38095238095238,426,20,TCGGGGTGAGGCTCCGCCTG,406,3323346
rspAp,0.19047619047619047,23,20,TCATGTAAGTTCTTAGCTTG,3,3330613
rspAp,0.7619047619047619,35,20,TCATAGCTCAGTGTGCGTGT,15,3328270
rspAp,0.42857142857142855,28,20,TATGCTGACCACGTTTCAAT,8,3327648
rspAp,1.0476190476190477,41,20,TAGCCTAACCTGATTTGCGT,21,3325485
rspAp,0.8571428571428571,37,20,TACAAAACTTTCAGCCCGAC,17,3319244
rspAp,0.9523809523809523,39,20,GTTCGAGCTGCCATGCGCTC,19,3312990
rspAp,1.8095238095238095,57,20,GTGTGTGCGGGAGGATAAAC,37,3326312
rspAp,0.6190476190476191,32,20,GTCTGCGACCAAGCACCGCT,12,3312694
rspAp,0.3333333333333333,26,20,GTATGGGCCGTGGGACTGAG,6,3324847
rspAp,0.5714285714285714,31,20,GTACGATGCACTCCAAACCA,11,3314242
rspAp,5.714285714285714,139,20,GGGTCTGCGTATCCGCACGG,119,3330135
rspAp,0.09523809523809523,21,20,GGGGGAACCGGAAGGTTTCC,1,3333291
rspAp,0.09523809523809523,21,20,GGGAACTTTGCCAATCTGCC,1,3324503
rspAp,0.42857142857142855,28,20,GGCATCGGCTCGCTATCCAC,8,3310549
rspAp,0.6190476190476191,32,20,GGATGGCCTTTAGATAAAAC,12,3324229
rspAp,2.0952380952380953,63,20,GGATAGGGCTGTGACGAATA,43,3325974
rspAp,0.7619047619047619,35,20,GGAGGGCGCCAACTACACTA,15,3311942
rspAp,0.14285714285714285,22,20,GCTTTGAAACTGGAGGGAAC,2,3315429
rspAp,0.6190476190476191,32,20,GCCGGTATGTACGTCTGTAG,12,3325012
rspAp,1.0952380952380953,42,20,GCCCCCAGGCAGACCCCTGG,22,3326592
rspAp,0.38095238095238093,27,20,GCCAGATCGCCATATTCCGC,7,3314583
rspAp,0.6666666666666666,33,20,GCAGGGCATTTAAAAAAATG,13,3317750
rspAp,1.380952380952381,48,20,GCAAGGACAAAGAGGACTCA,28,3317919
rspAp,0.23809523809523808,24,20,GCAACCGGCTCCAAGTCTCC,4,3315285
rspAp,0.5714285714285714,31,20,GATCGCACGCGTCTTAGCTT,11,3323234
rspAp,1.619047619047619,53,20,GATAACCCAGCACGCACCTA,33,3320343
rspAp,0.6666666666666666,33,20,GAGTTGTGCCATGTTCTCAA,13,3310601
rspAp,1.1428571428571428,43,20,GAGAGTTAAGGCAATCCTGT,23,3322970
rspAp,0.8571428571428571,37,20,GACGGGTCGGTAACCGAGAA,17,3324855
rspAp,0.5714285714285714,31,20,GAACTACGCTTGATTAAAAG,11,3324443
rspAp,0.7142857142857143,34,20,GAACGCCCTTCGACACGATT,14,3316471
rspAp,1.7142857142857142,55,20,CTTTCTAGAACACCGAAGTT,35,3310227
rspAp,1.4285714285714286,49,20,CTTGTGATGTGCTGCGTAGT,29,3311040
rspAp,1.6666666666666667,54,20,CTGGAATGCACTAAAGCTTT,34,3332012
rspAp,15.428571428571429,343,20,CTCTTTCAGATGAATCACAT,323,3331487
rspAp,0.09523809523809523,21,20,CTCTAGAGTGATGATCCCGG,1,3326187
rspAp,0.42857142857142855,28,20,CTCCCGGGATTCTGACGATA,8,3323541
rspAp,0.47619047619047616,29,20,CTCCCCACGGAGAGACAGTG,9,3327159
rspAp,3.2857142857142856,88,20,CTCATAGATTAGGGGAGTAT,68,3324277
rspAp,0.3333333333333333,26,20,CTATCTTTCTGGGGTTAAAA,6,3310167
rspAp,0.6190476190476191,32,20,CTACTGCGCTACGGTGATAC,12,3333408
rspAp,1.1904761904761905,44,20,CTACAAACATGTGTGTGGCC,24,3316907
rspAp,1.0476190476190477,41,20,CGTATGCCTGCCTGAGATGC,21,3312558
rspAp,0.8571428571428571,37,20,CGGTTTGCAAACGCACGACA,17,3330612
rspAp,0.3333333333333333,26,20,CGGGCAACCTATTGCGCGTT,6,3313106
rspAp,0.38095238095238093,27,20,CGGATAACCGCGAGATTAAA,7,3324667
rspAp,0.47619047619047616,29,20,CGGAAGAAATCGCCCTCGAT,9,3316277
rspAp,0.8095238095238095,36,20,CGCGGCACGTCCCAGGTAAC,16,3312992
rspAp,0.2857142857142857,25,20,CGCAACTAGACCGAGATTTA,5,3311859
rspAp,2.619047619047619,74,20,CCTTACAGTGCAACACTACA,54,3317616
rspAp,2.8095238095238093,78,20,CCTCGCTCCATATCAAAGCG,58,3316186
rspAp,0.8095238095238095,36,20,CCCCTATGTGATAGATCGTA,16,3318456
rspAp,0.2857142857142857,25,20,CCCATCCCGCATGCTGGTGC,5,3330389
rspAp,1.1904761904761905,44,20,CCAAACCTGGTACGTAAGTT,24,3327297
rspAp,2.5714285714285716,73,20,CATCAGTGATCTATGCATCT,53,3326735
rspAp,0.2857142857142857,25,20,CAGGCCGCAGCGCAAGCTAC,5,3315983
rspAp,0.9523809523809523,39,20,CACGGGTTGTTGTAAGTGCT,19,3311975
rspAp,1.619047619047619,53,20,CACGGGAGGACTGACGCCAG,33,3323158
rspAp,1.8095238095238095,57,20,CACGCTTCCCGAACTGTTTC,37,3315390
rspAp,0.19047619047619047,23,20,CAATACGTGGGAGAAAGGTC,3,3330919
rspAp,0.2857142857142857,25,20,CAACTACGACTGGACTCTTG,5,3316104
rspAp,0.42857142857142855,28,20,CAAACAAGTATCGCTATTTA,8,3311325
rspAp,0.42857142857142855,28,20,ATTTCTACATGCCGTAGCCA,8,3328713
rspAp,0.8095238095238095,36,20,ATGCTAAGCCTCCGGCTCTA,16,3314315
rspAp,0.47619047619047616,29,20,ATCTCGGTGTGGAGTATCGC,9,3312950
rspAp,0.09523809523809523,21,20,ATCCTTCTAGTAATCTGCAT,1,3318461
rspAp,1.0476190476190477,41,20,ATCAGGTCTTCGAAGGAAGA,21,3330833
rspAp,1.2380952380952381,45,20,ATAGTGAGGTGCTCGGTAGG,25,3326284
rspAp,0.8571428571428571,37,20,ATACGCTGTATCTATGGAAC,17,3309190
rspAp,0.38095238095238093,27,20,AGTCATCTGTACCCGCAGGT,7,3314419
rspAp,0.5238095238095238,30,20,AGGCGGACCCGAATTGAAGT,10,3321433
rspAp,2.761904761904762,77,20,AGGCACATTCAAGCCTGAGT,57,3329834
rspAp,0.47619047619047616,29,20,AGGATTGTGCTGTGAACAAT,9,3329309
rspAp,0.6190476190476191,32,20,AGCTCTCTACTGTCATGGAG,12,3324796
rspAp,0.09523809523809523,21,20,AGATTCTTCCAGTTTTGTTA,1,3313813
rspAp,0.09523809523809523,21,20,AGATTAACCTTCCTCACACC,1,3308966
rspAp,0.23809523809523808,24,20,AGAAGTGAGCTGGATAAAAA,4,3312128
rspAp,1.7142857142857142,55,20,ACTGGAGAAACGGAGTTCGA,35,3318407
rspAp,0.5714285714285714,31,20,ACCTGTGCTGAAAGCTGCCA,11,3328531
rspAp,0.19047619047619047,23,20,ACAGTACATATGGCCAGCGG,3,3327766
rspAp,2.380952380952381,69,20,ACACTGAATAGTCGGAATTA,49,3330869
rspAp,0.7142857142857143,34,20,AATCTTCGAGGTATCTATGT,14,3315410
rspAp,1.8571428571428572,58,20,AATCGGAGGTGAGCCGCAAT,38,3324481
rspAp,0.3333333333333333,26,20,AATCGATAAGATCTACGTTG,6,3322315
rspAp,1.0476190476190477,41,20,AATAGAGGTAACCAGACGGG,21,3314543
rspAp,0.42857142857142855,28,20,AACTGTTGTAGTGATGTCCG,8,3316963
rspAp,0.8571428571428571,37,20,AACTATCTAATGACAGTAGA,17,3331551
rspAp,0.2857142857142857,25,20,AACGGCATTTGTATCGAGAT,5,3310935
rspAp,0.38095238095238093,27,20,AACGGACTTAATGAGGAGAC,7,3329035
rspAp,0.9047619047619048,38,20,AACCTGAACACGATAAGGAG,18,3332359
rspAp,0.25,23,19,TTTTGTTGATCGCTTTACTA,4,3330343
rspAp,1.75,53,19,TTTTCGAGCGAAGCTGGGTG,34,3321985
rspAp,0.25,23,19,TTGTTAGGATCATTGTAGGG,4,3314750
rspAp,1.8,54,19,TTGGTGACATCTCACCGGAT,35,3310662
rspAp,1.0,38,19,TTGAGCTGAGAGTCGCCCCC,19,3314987
rspAp,1.1,40,19,TTCTGGTCGTTCGCCTATAA,21,3322537
rspAp,0.45,27,19,TTCTCAATTCACTATTTGAT,8,3317011
rspAp,0.35,25,19,TTAACAATACCAGTTCAAAG,6,3329923
rspAp,0.6,30,19,TGTAGCACTTCGGGACGAAC,11,3317970
rspAp,0.35,25,19,TGGCCACCTTGACCGCGAGA,6,3323744
rspAp,1.6,50,19,TGGAGCGGTTAAGCCCCTAG,31,3322219
rspAp,1.1,40,19,TGCTAGGTTTCTATCCCCCA,21,3325834
rspAp,4.95,117,19,TGAAGACAGAACCTTAGTCC,98,3319956
rspAp,0.35,25,19,TCTGGCATGCTCTAGGTGAA,6,3329178
rspAp,0.4,26,19,TCGTAGTGTGGTCCTTTGAT,7,3311763
rspAp,1.3,44,19,TCCTAAGAAGCCGTAGGCAG,25,3325972
rspAp,0.15,21,19,TCCGGGAGGCGTTTCCGTTG,2,3312599
rspAp,0.6,30,19,TAGTTTGGAGCTCAGGTGCT,11,3312999
rspAp,0.5,28,19,TAGCAGTTCAGACCTCGTGC,9,3329226
rspAp,0.8,34,19,TAGAACGCATCTAACAGTCG,15,3315867
rspAp,0.1,20,19,TAATCTAGACATATGTCACG,1,3310791
rspAp,0.85,35,19,TAACTTGAACGTCGTATGTA,16,3318138
rspAp,0.65,31,19,GTTGCACAGCTTTAATTACC,12,3332005
rspAp,1.35,45,19,GTTCGCAACCGTTGATCTAT,26,3331318
rspAp,0.8,34,19,GTTCATTTCAACACAGCCGG,15,3315023
rspAp,0.15,21,19,GTTAGACCAAACCGAGTTTC,2,3314766
rspAp,0.4,26,19,GTGCATGGCCGTAGGGCGGC,7,3322872
rspAp,0.95,37,19,GTGAGCATGGTCATGTAATA,18,3311983
rspAp,0.4,26,19,GTCGGAATAGTATCATTGTT,7,3321424
rspAp,10.5,228,19,GTCCCGGTGCGGCGACGCGG,209,3313454
rspAp,0.3,24,19,GTCCAGAGTGGTTCGGTACT,5,3319977
rspAp,0.3,24,19,GGTTTCACCTCTGTGTACGT,5,3318168
rspAp,0.25,23,19,GGTTTCAACCGGGTGGAGTG,4,3311039
rspAp,0.3,24,19,GGTTAGTGTGGGATCCAAGA,5,3319748
rspAp,1.55,49,19,GGGAGAGAACCAAGACTTAT,30,3310140
rspAp,1.7,52,19,GGCGTCTTCGCAGGTGATGA,33,3316074
rspAp,0.35,25,19,GCTTTTCTTACCCACTTTGC,6,3311499
rspAp,0.15,21,19,GCTTGAATTCCAGACGCTGG,2,3324974
rspAp,1.55,49,19,GCGGACGTAGACTCGGCGTC,30,3313437
rspAp,0.1,20,19,GCGAGTCAAGAAGGTCATCA,1,3310646
rspAp,1.75,53,19,GCCGTCTGCCCTGAGCAGCT,34,3315695
rspAp,0.55,29,19,GCCGGTTTGCTGTCACACGA,10,3315808
rspAp,0.5,28,19,GCCATGGTCCGCGGTGTCAT,9,3318832
rspAp,1.45,47,19,GACTCGTTCTTCACTCAGTT,28,3329957
rspAp,1.6,50,19,GACCAGGGTCGTATCAGTCA,31,3318841
rspAp,0.75,33,19,GACAGCTGACTGCCTCAACG,14,3315434
rspAp,0.75,33,19,GACAATGGGTACCCCGGGAC,14,3314345
rspAp,0.3,24,19,GAAGTTATGCAGTACATTTT,5,3322052
rspAp,1.5,48,19,GAAGACTAGATAGCTATTAC,29,3329171
rspAp,0.3,24,19,GAAAGGTAAAACCCCCGGTC,5,3312107
rspAp,1.05,39,19,CTGTGTCATGGGTGATCGGA,20,3323605
rspAp,0.5,28,19,CTGGGTGGCGTCGGATCTAC,9,3317834
rspAp,0.7,32,19,CTGCGGAGAACCTAAGACCA,13,3323748
rspAp,0.35,25,19,CTCAGTAGCAGTAGTCAACA,6,3331778
rspAp,0.55,29,19,CTATATTCCGCGGTGACAAG,10,3331797
rspAp,0.15,21,19,CTATAGAGTTTGGGCGCGTC,2,3312546
rspAp,0.1,20,19,CGTAGTCATGGCGGTCAGAT,1,3318428
rspAp,1.55,49,19,CGGTCAATTGGGTTTTAGTA,30,3317420
rspAp,1.6,50,19,CGGGCAGCCAAGTGTGTAAG,31,3324576
rspAp,1.0,38,19,CGGCCCCGGAGACCTGCGTA,19,3324470
rspAp,1.15,41,19,CGGATTAGGATTACGTTGCA,22,3312928
rspAp,0.4,26,19,CGCACCATCGACATATGCAG,7,3318557
rspAp,0.7,32,19,CGAGGGTATCAACATTGCGA,13,3321426
rspAp,0.6,30,19,CCTTCCCGTGTTTTAGCTGT,11,3315440
rspAp,0.65,31,19,CCTGGCAGTACGATCGAGCG,12,3317436
rspAp,0.9,36,19,CCCTGTACCTTCACTTATAT,17,3312218
rspAp,0.35,25,19,CCATTTTAACACTCTGGTCC,6,3327692
rspAp,0.2,22,19,CCAAAGTGCTTCCGGTTGGA,3,3311372
rspAp,1.65,51,19,CATCATATCTACGTTGCTCA,32,3315710
rspAp,0.85,35,19,CAGATGTTCTCCGCCCTTCA,16,3320003
rspAp,0.5,28,19,CAGATGGTCAGTGGGCTGTA,9,3321496
rspAp,0.7,32,19,CACGGTGCCTGGAGGGCACA,13,3309606
rspAp,0.2,22,19,CACGCGCACCCGCTACAACT,3,3311786
rspAp,0.35,25,19,CACGAGTAGGCGCCGTCATT,6,3320005
rspAp,0.1,20,19,CACACCTGTTTAAACATCAC,1,3325471
rspAp,0.2,22,19,CAAACCCGGCGTCCTCAGGT,3,3322163
rspAp,0.7,32,19,CAAACAATATTTCGGAGCAA,13,3312130
rspAp,0.9,36,19,ATTGGAGCCCTGGGTGCTAG,17,3320575
rspAp,3.4,86,19,ATGCCAAGCACCGGTTGCAT,67,3318778
rspAp,0.95,37,19,ATCTCGGTATACGCGTGCGG,18,3315300
rspAp,1.5,48,19,ATCGCCGTCCGATAATGGAA,29,3322957
rspAp,0.55,29,19,ATCAGAGCCTATACGAGTTA,10,3318423
rspAp,1.75,53,19,AGTATCACTCCACTTCTCAT,34,3325996
rspAp,0.1,20,19,AGGTTTTTATCACCGTTTAA,1,3309492
rspAp,1.15,41,19,AGCGACTACGCCCCGCAAGC,22,3322430
rspAp,0.6,30,19,AGCCTCATAGGTCAAGGCTA,11,3333184
rspAp,0.7,32,19,AGAGGGCTTTCCGAATCTCT,13,3327344
rspAp,0.25,23,19,AGACTAAAGCGCTCATCGCG,4,3309137
rspAp,0.1,20,19,ACTGCAGTACCGCTCGCTGC,1,3319859
rspAp,0.1,20,19,ACGGGTGCGGTACAATAAAC,1,3326949
rspAp,2.2,62,19,ACGCTGAGGCTACCAAAGGG,43,3323397
rspAp,0.5,28,19,ACGATTGGTTTGCTGGTGCC,9,3325718
rspAp,1.05,39,19,ACGATCCGGCTTGGATGCTG,20,3314947
rspAp,8.75,193,19,ACACCATCGACTCGTGAGGC,174,3315197
rspAp,5.3,124,19,ACAAGATCATCAACTAACCC,105,3328547
rspAp,2.8,74,19,AATTTATCTGACTTTGTTAA,55,3319634
rspAp,0.5,28,19,AATCCAAATTGGGTATCCCA,9,3312679
rspAp,8.3,184,19,AATCAGTAACATCAACGATA,165,3313057
rspAp,3.7,92,19,AATCAGGCCCGGTACCGTAT,73,3317274
rspAp,0.45,27,19,AATATGGCGCGAATGGTATC,8,3326962
rspAp,0.65,31,19,AATAGGCTAGCATAATCAGG,12,3309603
rspAp,1.2,42,19,AAGCGTCGCGCGCCTTCCCG,23,3319777
rspAp,0.15,21,19,AACGTTCCTAAAGAATCATA,2,3329311
rspAp,1.05,39,19,AAAAGGCGTACGTTGAACAA,20,3313671
rspAp,0.3684210526315789,24,18,TTTGTCAGCCGAACTCGAGT,6,3317702
rspAp,0.21052631578947367,21,18,TTGTTTTGCTCTGGATCGTG,3,3324257
rspAp,0.2631578947368421,22,18,TTGTGTAGCAGGGGTAGGTC,4,3318496
rspAp,0.42105263157894735,25,18,TTGAGGGTGGCCCGATTCTA,7,3322727
rspAp,0.47368421052631576,26,18,TTCTTTGACTCCTAGCTGGA,8,3312614
rspAp,2.0,55,18,TTCGGCGGGCTTAGAATCAG,37,3324324
rspAp,0.7368421052631579,31,18,TTATCGCAAAGCGGAGCGGT,13,3317216
rspAp,0.47368421052631576,26,18,TTACAGGGCCTATGTGTAGT,8,3319856
rspAp,0.5263157894736842,27,18,TGTTCGTTGTAGTCAGGGCT,9,3329538
rspAp,0.631578947368421,29,18,TGGCTTTCCGGCAGATTGAA,11,3326122
rspAp,0.3157894736842105,23,18,TGCTTTGAAGAGAACACTTA,5,3333367
rspAp,0.631578947368421,29,18,TGATCGACACGCCTTTATTG,11,3311602
rspAp,0.15789473684210525,20,18,TGACATCATGTATCACAATT,2,3319463
rspAp,1.9473684210526316,54,18,TCTGCTTCTGGTTGGCACAG,36,3314087
rspAp,1.263157894736842,41,18,TCTCGGGGATCCGCACGTCA,23,3327077
rspAp,1.263157894736842,41,18,TCTATGTGTGAAACTACACA,23,3314921
rspAp,0.21052631578947367,21,18,TCTATAACCTTTGTGACGCT,3,3310436
rspAp,0.10526315789473684,19,18,TCGTCGCTATTGAGTATGCG,1,3311803
rspAp,0.3684210526315789,24,18,TCCTTGACGCCCTATCGGAA,6,3323326
rspAp,0.42105263157894735,25,18,TCCGCGTCGAACTAATAGGT,7,3322093
rspAp,0.3157894736842105,23,18,TCCCGCCTACCCATCAGAGG,5,3320241
rspAp,0.2631578947368421,22,18,TCCCGACTGTCACTGCTCCT,4,3313581
rspAp,0.7894736842105263,32,18,TCCCATTCATCCCAGGACAT,14,3326044
rspAp,0.7894736842105263,32,18,TCAGACTGGCTGCTGCAGCG,14,3308927
rspAp,0.7894736842105263,32,18,TATTCTCGGCCTTAGAGTCC,14,3328079
rspAp,1.263157894736842,41,18,TATCTTACTGACCACGACCA,23,3320541
rspAp,1.1578947368421053,39,18,TATCGTACTGTGTCACAGGG,21,3315129
rspAp,1.736842105263158,50,18,TATAGGCGACGGCTGATATG,32,3321823
rspAp,0.3684210526315789,24,18,TAGAATGTCTTTGTTAGCCA,6,3322594
rspAp,0.631578947368421,29,18,TACTCTCTCGGATTGGCGTC,11,3328047
rspAp,0.8947368421052632,34,18,TACGTTGTCCGGTCCTGTAG,16,3309913
rspAp,0.10526315789473684,19,18,TACACCTTCCAAAGAGCGAA,1,3313416
rspAp,0.3684210526315789,24,18,TAACGCACAACGTCGCTGCT,6,3330248
rspAp,0.7368421052631579,31,18,GTTTAAATATTGGGCCAATG,13,3317096
rspAp,0.21052631578947367,21,18,GTTGGGAAGGGGCCATTTTA,3,3328904
rspAp,1.4736842105263157,45,18,GTTCCGACATGTGTACATAA,27,3322665
rspAp,1.0,36,18,GTTATTCTCATCTTCCAACA,18,3321193
rspAp,0.7368421052631579,31,18,GTGGTCCGTGTTTTTTTGCA,13,3309559
rspAp,0.6842105263157895,30,18,GTGGAGAGCGAATCACGGAG,12,3308852
rspAp,0.3157894736842105,23,18,GTCTCCGTTGGCCGAGCGGC,5,3324205
rspAp,0.21052631578947367,21,18,GTCGGCTGACGTTATCGAGA,3,3327200
rspAp,11.842105263157896,242,18,GTCCGGGGGGATCATCATGA,224,3313061
rspAp,0.10526315789473684,19,18,GTCAGCTACGTCTCGGTGAA,1,3311213
rspAp,0.9473684210526315,35,18,GTATTCGGTTTGGTATAGCA,17,3324282
rspAp,2.5789473684210527,66,18,GGTACCTAAAATACACATAT,48,3317859
rspAp,2.736842105263158,69,18,GGGAGGAGTGAATTGTTCAT,51,3326111
rspAp,0.5789473684210527,28,18,GGGAAAATGATGTTCCCAGT,10,3311118
rspAp,1.1578947368421053,39,18,GGATGAATACTCCATCTTCT,21,3311929
rspAp,1.1578947368421053,39,18,GGAACCCGTGTGAGAATGGT,21,3324638
rspAp,0.7368421052631579,31,18,GCTTAGGACATTGTTTCGTG,13,3331161
rspAp,0.3684210526315789,24,18,GCTAGGGCGGGTGATAATTA,6,3324741
rspAp,0.5789473684210527,28,18,GCTAATCGAAGAACCCAGGG,10,3315947
rspAp,0.47368421052631576,26,18,GCGTTTGCGCATATACGAGT,8,3320595
rspAp,1.8421052631578947,52,18,GCGTGACGAGGTTTCAGAAC,34,3329871
rspAp,0.42105263157894735,25,18,GCGGGTACCAAGCCTATGTT,7,3322098
rspAp,3.9473684210526314,92,18,GCGACCCTTGCTTTAGTGAA,74,3312362
rspAp,0.15789473684210525,20,18,GCCTTGGCAAGACTCGAGGT,2,3310988
rspAp,0.15789473684210525,20,18,GCCACTCACATGGAGGATAA,2,3314022
rspAp,0.5789473684210527,28,18,GCATTGCGAGTTCTGGCCTC,10,3324241
rspAp,1.0,36,18,GCATGTTGTGTGCCGTAAAC,18,3312061
rspAp,0.631578947368421,29,18,GCAGTAGGACGGGTGGTATG,11,3317193
rspAp,1.1578947368421053,39,18,GCACTCTATCCCGGGCTTCA,21,3332757
rspAp,1.3157894736842106,42,18,GCAACTGGTCCAGCCAGTCA,24,3324601
rspAp,0.2631578947368421,22,18,GCAACCCTCATGGGTTGTCA,4,3315618
rspAp,0.42105263157894735,25,18,GAGGGCATGGGGCGCGCCAG,7,3310746
rspAp,0.47368421052631576,26,18,GAGACGCTCTCAGACAGTAA,8,3316663
rspAp,1.0,36,18,GACTGTTTTTCGATATGCAT,18,3310392
rspAp,0.5789473684210527,28,18,GACGTCTTAAGGGCTGGCCA,10,3328914
rspAp,1.105263157894737,38,18,CTTATGTGGAATTCATCGAA,20,3325686
rspAp,0.3157894736842105,23,18,CTTAGGGACAGGACCCGAAT,5,3316824
rspAp,0.3157894736842105,23,18,CTTACTTGCGTGCATCACGT,5,3310096
rspAp,0.8947368421052632,34,18,CTTACATTTTTCCGCACATA,16,3322053
rspAp,0.7368421052631579,31,18,CTGGTTCAGGTGTACATCTA,13,3311805
rspAp,1.736842105263158,50,18,CTGGGGTAGCAGGTATCAAG,32,3324656
rspAp,1.368421052631579,43,18,CTGCCACTACACCCTCGAGC,25,3323577
rspAp,1.0526315789473684,37,18,CTCCGACAGCTGTCTTGTCA,19,3329654
rspAp,0.2631578947368421,22,18,CTATTCGATGAAATAATAGA,4,3326057
rspAp,0.15789473684210525,20,18,CTATGTCGGGTTAGGTATGG,2,3320165
rspAp,0.15789473684210525,20,18,CTATCATGACGTCAGGCAAG,2,3329742
rspAp,25.94736842105263,510,18,CTACACGCAACCTGCTCAAA,492,3324948
rspAp,0.3684210526315789,24,18,CGTCCATGCTGCGTACCGTC,6,3317862
rspAp,0.3684210526315789,24,18,CGGCGATGTAGTTGGAGGGA,6,3312237
rspAp,1.5789473684210527,47,18,CGCTCTAGCATTCCTCCTTT,29,3325728
rspAp,0.21052631578947367,21,18,CGCCTCAGACGACGGGGTGC,3,3329680
rspAp,0.7894736842105263,32,18,CGAGAGAAATAGCGCCCTAC,14,3320908
rspAp,2.3684210526315788,62,18,CCTGCGAGGGACTCCATTGG,44,3315121
rspAp,1.4210526315789473,44,18,CCGATGAGGCCGGCGGCGAT,26,3318339
rspAp,1.0,36,18,CCGAAGAGCTTTGCCCTAGT,18,3330081
rspAp,0.8947368421052632,34,18,CCACGGGCCAGTGAGGCGTG,16,3328058
rspAp,1.1578947368421053,39,18,CATGGTCCGTACTGATGCCA,21,3310834
rspAp,1.1578947368421053,39,18,CATCCGTCCGCATCAGCCAG,21,3330572
rspAp,2.210526315789474,59,18,CATAGTGAGTGCCGCCCATA,41,3315041
rspAp,0.631578947368421,29,18,CAGGGCGCGACCACGTCATA,11,3312158
rspAp,0.47368421052631576,26,18,CACAGGTATCGAGACTAGCT,8,3323015
rspAp,0.5263157894736842,27,18,ATTTGGCCCACATGACCACT,9,3312291
rspAp,1.3157894736842106,42,18,ATTGGTCGCTTACATCCTTT,24,3313610
rspAp,0.6842105263157895,30,18,ATTCGGCGGATATGGTCAAG,12,3326515
rspAp,1.0,36,18,ATGAGGATCTCTAGTCCTGA,18,3321861
rspAp,0.3157894736842105,23,18,ATCTTAACCGGAGTGAGAGG,5,3322078
rspAp,0.631578947368421,29,18,ATCGAGGGTTTTTAACCGTT,11,3327762
rspAp,0.47368421052631576,26,18,AGGGGTGTATCTTGCGAGAA,8,3313690
rspAp,1.0,36,18,AGCAACGATCTAGACGTACG,18,3310228
rspAp,0.6842105263157895,30,18,AGAGCGGTCGGCGCCACCTG,12,3332783
rspAp,1.368421052631579,43,18,AGACGATCTCGTCCGGTACA,25,3333139
rspAp,0.47368421052631576,26,18,ACTTTACCACGGGCGGACTA,8,3326388
rspAp,1.0,36,18,ACTCTTAGCAGAGAATCCGC,18,3310066
rspAp,4.368421052631579,100,18,ACGGTGCATGAGATGGATTT,82,3315355
rspAp,0.3157894736842105,23,18,ACGGCTCTATGACATCTCGC,5,3312152
rspAp,0.8421052631578947,33,18,ACGATGCAAGTGGTCGCACC,15,3315066
rspAp,0.7894736842105263,32,18,ACCTTCTGAAAACAATCCAT,14,3326423
rspAp,0.3684210526315789,24,18,ACCGTAAGAGGTTAACACTG,6,3324307
rspAp,1.4736842105263157,45,18,ACACCCCTGACCGGGAAATG,27,3326982
rspAp,1.263157894736842,41,18,AAGCCAGATGAGCAGCTTGA,23,3322015
rspAp,0.5263157894736842,27,18,AACGTTTAGTCGCAATTGAT,9,3309325
rspAp,0.7894736842105263,32,18,AACCCATAAAATGTGGACGT,14,3316866
rspAp,14.789473684210526,298,18,AACCATTCGATTCTAGTAAT,280,3315198
rspAp,0.5263157894736842,27,18,AAAACTATAAGTTCCGCTCG,9,3327622
rspAp,0.16666666666666666,19,17,TTTTTTGGACGCTATAGTGT,2,3318241
rspAp,0.3333333333333333,22,17,TTTGGTCAGACGTATAGGTT,5,3315720
rspAp,5.388888888888889,113,17,TTGGCCGAGGTCATCGCAGT,96,3330407
rspAp,1.7222222222222223,47,17,TTCTTGTACGCGACACCTCT,30,3326082
rspAp,0.2222222222222222,20,17,TTCGTCAATGATGGCATACG,3,3317888
rspAp,0.5555555555555556,26,17,TTCGAAATGCTAGCCTCATT,9,3321043
rspAp,0.7777777777777778,30,17,TTATTCACGCCTCTTGCAGA,13,3333538
rspAp,0.16666666666666666,19,17,TTATGTCCATGCTTGGATTA,2,3322882
rspAp,4.166666666666667,91,17,TTAGTGCCCAGTTGGCCAAG,74,3328353
rspAp,0.5,25,17,TGTGCTTGTATGTCTCCGTC,8,3318913
rspAp,0.5,25,17,TGTGACCAATGTAAAAGCTT,8,3320760
rspAp,0.2777777777777778,21,17,TGGATTATTTCCTGTCGGAC,4,3333078
rspAp,0.5555555555555556,26,17,TGCTGTTCTGCTCAATGAGC,9,3331740
rspAp,0.6666666666666666,28,17,TGCTCAAATGTAATATGATA,11,3320358
rspAp,0.4444444444444444,24,17,TGAGTATATTTGAGTTTTCC,7,3311760
rspAp,0.2222222222222222,20,17,TGAGCTTCTTATTTGTCGAT,3,3326640
rspAp,0.2777777777777778,21,17,TGAAGATAGTCAATCACAGC,4,3320640
rspAp,0.1111111111111111,18,17,TGAAACTAAACGTGGCGACC,1,3312678
rspAp,0.6111111111111112,27,17,TCTTCATGCATCGGTGAAAA,10,3309168
rspAp,1.2222222222222223,38,17,TCTCGTCACACGAAGGCATG,21,3327882
rspAp,3.111111111111111,72,17,TCTAGAGGTACGTAATCAAT,55,3312340
rspAp,0.4444444444444444,24,17,TCGTCCAGGATACGCGCGGA,7,3331338
rspAp,0.6666666666666666,28,17,TCGTAAGCTTAAGGTTGAGA,11,3315882
rspAp,1.8888888888888888,50,17,TCGATTAAGGCGATTACATT,33,3326146
rspAp,0.8333333333333334,31,17,TCCTGGGCAGATGTTTGAGT,14,3322724
rspAp,1.0,34,17,TCCATACCGATTGGGGTGGA,17,3308998
rspAp,1.1666666666666667,37,17,TCATCGTTCACTATAAGTCT,20,3323298
rspAp,0.7222222222222222,29,17,TCAGTGGTAACGCACGCGGC,12,3321090
rspAp,0.1111111111111111,18,17,TCAGGAATCTTGGAGAGTGT,1,3329217
rspAp,0.8888888888888888,32,17,TCACCGTCTAGACCTGGGAT,15,3322426
rspAp,1.3888888888888888,41,17,TCAAGCCATACTTCTGTGCA,24,3324142
rspAp,0.1111111111111111,18,17,TATGTACTGCGATTATTTAC,1,3313970
rspAp,1.7222222222222223,47,17,TATCGACAAATGATGTACCG,30,3323742
rspAp,0.1111111111111111,18,17,TAGGCTTGTCTGTATACTGA,1,3311446
rspAp,0.2222222222222222,20,17,TAGGAGTGTCTGCGGGTTTA,3,3310470
rspAp,0.8888888888888888,32,17,TAGAACGGGCTAGACCCTTT,15,3321562
rspAp,0.2777777777777778,21,17,TACTTTTGTCGTTTGTTAAG,4,3309843
rspAp,0.1111111111111111,18,17,TACTGACGTTCTGTAAACTG,1,3331477
rspAp,0.1111111111111111,18,17,TACATAAGTGGGTAGAGCGG,1,3311351
rspAp,0.16666666666666666,19,17,TAATTAGCGCGGGATTACTC,2,3321283
rspAp,1.0,34,17,TAACCTCTAAAGGGCCTAAT,17,3330434
rspAp,0.2777777777777778,21,17,GTCGTTCGTAGCGCGTCTTT,4,3316181
rspAp,1.0555555555555556,35,17,GTCGTACCCGGTGGGGACAG,18,3333613
rspAp,0.4444444444444444,24,17,GTCGCGAGTGCGCCTAATCC,7,3326564
rspAp,1.1666666666666667,37,17,GTACCTGTCTCCAGTAGAGT,20,3319468
rspAp,1.6111111111111112,45,17,GGTGGCTTGTTCCGTCACGT,28,3310030
rspAp,0.1111111111111111,18,17,GGGTTTGGAATTCGTTGTTC,1,3324431
rspAp,2.388888888888889,59,17,GGGTCCAGTGAAGCCTATAC,42,3312492
rspAp,0.8333333333333334,31,17,GGCTACCGGCGATGCTCTTT,14,3328740
rspAp,0.2777777777777778,21,17,GGCCGGGTCTTCACATATAA,4,3319933
rspAp,0.8333333333333334,31,17,GGAATGCAGTGTGATCTCAG,14,3332745
rspAp,2.888888888888889,68,17,GCTCTGTAAAACGTCTTACA,51,3327211
rspAp,0.6666666666666666,28,17,GCTCGCCAGGACAAGCAACA,11,3324432
rspAp,0.9444444444444444,33,17,GCTCGAAATTGAATTGATAT,16,3331071
rspAp,0.3888888888888889,23,17,GCCCGTGGCACTACCATTGT,6,3324841
rspAp,0.6666666666666666,28,17,GCATGCACTTCTCGGGTGCG,11,3329076
rspAp,0.3333333333333333,22,17,GCAGTCATGCATAAAAACTG,5,3328625
rspAp,12.61111111111111,243,17,GCAGCTCTAATAACAGTATA,226,3313245
rspAp,0.3333333333333333,22,17,GCAGACCTGGCTAACGTCAA,5,3320808
rspAp,0.7777777777777778,30,17,GCACCCCTCCGGGTTATTTT,13,3316999
rspAp,0.1111111111111111,18,17,GATGTAGTGGGGAATCGAGA,1,3326563
rspAp,0.2777777777777778,21,17,GATATATGATTCTTTGAGCC,4,3320228
rspAp,0.1111111111111111,18,17,GAGTACTGCCTGGCGAACGT,1,3313349
rspAp,0.2777777777777778,21,17,GAGCGGAATCAATTGGGGCT,4,3314023
rspAp,0.2777777777777778,21,17,GACTTTTCCGCCCGGTCGGA,4,3326238
rspAp,0.3333333333333333,22,17,GACTTCACAGGCAGGCCCTT,5,3328326
rspAp,0.2222222222222222,20,17,GACTGTGAGATTTTCCGTGT,3,3329182
rspAp,0.2222222222222222,20,17,GACGTGGTCTCGGAAGCTTA,3,3314377
rspAp,4.888888888888889,104,17,GACGTACTTGGCCGTCCGTG,87,3309625
rspAp,0.2222222222222222,20,17,GACCCTGAAGTGGTCTTAGT,3,3325727
rspAp,0.2777777777777778,21,17,GACCCCTGTGAGGCATACGT,4,3331340
rspAp,0.3333333333333333,22,17,GAAGTGGTGCGCGTGGGCTG,5,3326390
rspAp,0.4444444444444444,24,17,CTTTCTGGTAGTCAGCTCCT,7,3322133
rspAp,1.4444444444444444,42,17,CTTGGGGGAATACCTGCATA,25,3325929
rspAp,0.5555555555555556,26,17,CTTGCACGGTCCCAATGTAA,9,3313802
rspAp,0.7222222222222222,29,17,CTTAGTGGGTTTTCTAGCTC,12,3314805
rspAp,0.8333333333333334,31,17,CTGTGAAACGGATACCACCT,14,3328649
rspAp,0.7777777777777778,30,17,CTGTACCGATGGGCCACGGA,13,3310596
rspAp,1.3333333333333333,40,17,CTGGTTTAGTCTCATATACT,23,3317215
rspAp,0.3333333333333333,22,17,CTCTTGTATGTTGGACCCCG,5,3320057
rspAp,0.16666666666666666,19,17,CTCAGAAATTCGATCTACGA,2,3315277
rspAp,1.5,43,17,CTCAAAATAAGCGTGAAGTT,26,3321657
rspAp,0.3333333333333333,22,17,CTATTCCAGAGTCTGCAGGT,5,3312993
rspAp,0.9444444444444444,33,17,CTATTAATGAGGAGAATAAA,16,3323851
rspAp,0.4444444444444444,24,17,CTAGGGCTCTCCGGCCTAGA,7,3312388
rspAp,1.5,43,17,CTAGGATCGGTTTGTTTAGT,26,3312179
rspAp,0.16666666666666666,19,17,CTAATCTAATTGACATAGAT,2,3312927
rspAp,0.1111111111111111,18,17,CGTGGTAAGAATAAAGCTGT,1,3324727
rspAp,21.38888888888889,401,17,CGTGCGCCGATTCCAGCTAA,384,3312364
rspAp,1.6111111111111112,45,17,CGTCTGGCCATGGATACAGG,28,3322827
rspAp,0.6111111111111112,27,17,CGTCACGAGGGACCCGTTTG,10,3309758
rspAp,0.7222222222222222,29,17,CGTACATATCTTTCATCCTA,12,3309856
rspAp,0.5,25,17,CGGGCGTGAGACCCATTCTG,8,3327665
rspAp,0.7222222222222222,29,17,CGGAAACAGGCGCTTGGGTT,12,3322883
rspAp,0.5555555555555556,26,17,CGCTGAGCATCCAACACAGG,9,3313801
rspAp,1.1666666666666667,37,17,CGCGACTTGCTACTTTCACC,20,3323767
rspAp,0.6666666666666666,28,17,CGCATCAGTGTGCAAATGTC,11,3328704
rspAp,0.2777777777777778,21,17,CGAGCCTAGACCTATGGCGG,4,3327567
rspAp,1.3333333333333333,40,17,CCTGGTCGCTTACTAACAGT,23,3315304
rspAp,0.5555555555555556,26,17,CCGGTTTAATGTTCGCTAGG,9,3319269
rspAp,3.8333333333333335,85,17,CCGCTGTTGTCGCGCTCCAT,68,3324829
rspAp,0.4444444444444444,24,17,CCGACTCTGTGTTAGGAGAA,7,3327542
rspAp,0.9444444444444444,33,17,CCGAACATGGTCCTGTGAAT,16,3318951
rspAp,0.8333333333333334,31,17,CCCCTTGACCTTACCTACTG,14,3326992
rspAp,1.7222222222222223,47,17,CCCAAGCTCGCATTATAATT,30,3310880
rspAp,1.2222222222222223,38,17,CCCAAGCGTCCAGCCAGTCA,21,3314265
rspAp,0.6666666666666666,28,17,CATTATTAGGGAGAGCTCCA,11,3325940
rspAp,1.3888888888888888,41,17,CATGACTCTTAACGCGGTGA,24,3324743
rspAp,1.1111111111111112,36,17,CATGACAATAGCCCCTTCGC,19,3317000
rspAp,0.16666666666666666,19,17,CACTTTGCTGCCTAATGAAT,2,3330197
rspAp,0.2222222222222222,20,17,CACTGCGCGGGGGAACGCGA,3,3314826
rspAp,0.7777777777777778,30,17,CAAGTTGGAGTCTCACGATT,13,3315008
rspAp,0.1111111111111111,18,17,CAAGTTCCCCGCACACGAAA,1,3322832
rspAp,1.1111111111111112,36,17,ATTGTGGTAATCTTGTACAT,19,3319048
rspAp,1.2777777777777777,39,17,ATTCCCTAAAGGACTGGTTG,22,3311569
rspAp,0.6111111111111112,27,17,ATGGGATACGGTGCAACGGG,10,3317263
rspAp,3.0,70,17,ATCGCTCCCGTGATACATCG,53,3330721
rspAp,0.8888888888888888,32,17,ATCCGTCGTTGGGACATTTA,15,3314881
rspAp,0.1111111111111111,18,17,ATCCGCCAACAAACGGGGTA,1,3319531
rspAp,1.1666666666666667,37,17,ATCAGTCGTCGCCCGCAATT,20,3321574
rspAp,0.4444444444444444,24,17,ATAGCCGGTGACTTCGCACT,7,3314762
rspAp,0.5,25,17,AGTGTGCGGACTCGCACGTT,8,3308883
rspAp,1.0,34,17,AGTGGGGGCATTCGTCCCCG,17,3326338
rspAp,0.6111111111111112,27,17,AGGGACGACTAAAAAAGATT,10,3318694
rspAp,0.3888888888888889,23,17,AGGAGTATTTGTTTTTTATT,6,3311239
rspAp,0.3333333333333333,22,17,AGCTACGGTACATCCAGCAA,5,3324529
rspAp,0.3888888888888889,23,17,AGCGACCCTGACACCTACGA,6,3331516
rspAp,0.1111111111111111,18,17,AGATAAGGGGTACTGAACGA,1,3322194
rspAp,0.2222222222222222,20,17,ACTGGTAAAAGCAGGACATG,3,3309306
rspAp,0.3333333333333333,22,17,ACTGACAGTTCACGTAAATT,5,3326991
rspAp,0.7777777777777778,30,17,ACTACGCGTCGGATATTGAA,13,3317343
rspAp,0.16666666666666666,19,17,ACGTTATAATCGAGCGCAGC,2,3325547
rspAp,2.7222222222222223,65,17,ACGGGAACAGATAGCCCAGG,48,3323963
rspAp,0.6666666666666666,28,17,ACGATAATCTGCCCCAGAAG,11,3322267
rspAp,0.1111111111111111,18,17,ACCAGGCCTCGTTTGAGATA,1,3310790
rspAp,0.1111111111111111,18,17,ACATTTCTGTCGCGATGTCG,1,3310827
rspAp,0.1111111111111111,18,17,ACACTTTGCCTGGTTCAACC,1,3309652
rspAp,0.2222222222222222,20,17,AATTATCGCCACGCGTTTCG,3,3323163
rspAp,1.3333333333333333,40,17,AATGATCCATCTGCAGCCGG,23,3309289
rspAp,0.16666666666666666,19,17,AAGTGAGGCGGTAATGGCCG,2,3320170
rspAp,0.1111111111111111,18,17,AAGCAGGGCGTCAGTTCAAG,1,3316280
rspAp,0.3333333333333333,22,17,AACTTATTGCATTCGAGAAC,5,3310161
rspAp,1.0555555555555556,35,17,AACCCCGGTGCCCAAAATGT,18,3329734
rspAp,0.2222222222222222,20,17,AACACAGCGGGTCCCCTGCC,3,3313511
rspAp,0.4444444444444444,24,17,AAATGTGTTGGATTGCTGGA,7,3313398
rspAp,1.3333333333333333,40,17,AAAACTTGTACGGCTATTAA,23,3318987
rspAp,0.29411764705882354,20,16,TTTTATACGCAGATCCAAGG,4,3332489
rspAp,0.11764705882352941,17,16,TTTCTAATGACCAGTGGTCT,1,3326119
rspAp,1.7647058823529411,45,16,TTGCGAGGACCCTGTAAGGC,29,3317246
rspAp,0.5294117647058824,24,16,TTCTGTATCCTGTAGCTGGG,8,3316000
rspAp,5.352941176470588,106,16,TTCAGATCACTATGTCCGTG,90,3324280
rspAp,0.4117647058823529,22,16,TTAGCCGAAGTAAAGGTGCT,6,3315806
rspAp,0.6470588235294118,26,16,TTAATCGCCATACGGTATGA,10,3314532
rspAp,0.47058823529411764,23,16,TGTTATTCGCTGGATGTGTG,7,3311901
rspAp,1.6470588235294117,43,16,TGTCCTGGTCCAAAGCATGT,27,3320345
rspAp,0.4117647058823529,22,16,TGTAGAGATGGTTTGAGATT,6,3325822
rspAp,0.23529411764705882,19,16,TGGTCGGAAGATGGAATAGC,3,3316838
rspAp,0.47058823529411764,23,16,TGGGCATGCCTCAATCCCAT,7,3319077
rspAp,0.7058823529411765,27,16,TGGACTCACCGTGGCCTGGC,11,3329713
rspAp,0.11764705882352941,17,16,TGCTATCATGGGACACTAAG,1,3324995
rspAp,0.47058823529411764,23,16,TGCTACGAATTATGGTTAGC,7,3315952
rspAp,1.588235294117647,42,16,TGCATGCCTAGACTCGTCAA,26,3327174
rspAp,0.7647058823529411,28,16,TGAGAAGGTTGAACACGGAC,12,3322584
rspAp,0.5882352941176471,25,16,TGAATCTGTCATTCCATTGA,9,3320485
rspAp,0.29411764705882354,20,16,TGAATCTGATCTACAGGCTC,4,3321955
rspAp,0.7058823529411765,27,16,TCTTGCCAACCTCCGTTCAC,11,3314036
rspAp,0.4117647058823529,22,16,TCGGTCCTAACGGGTCATAT,6,3312965
rspAp,0.29411764705882354,20,16,TCGGCAGTCGTAATCTAAAT,4,3310460
rspAp,0.7647058823529411,28,16,TCCGGCCTGTCTCCAGAGGC,12,3314038
rspAp,1.0588235294117647,33,16,TCCGCCGTGGTGGGAGGCAG,17,3327499
rspAp,1.1764705882352942,35,16,TCACGCACCATGGATCTCAT,19,3333413
rspAp,2.0,49,16,TATATGCGCGGAATTGGACT,33,3323630
rspAp,0.47058823529411764,23,16,TAGACGCACCAGTACTACAA,7,3325313
rspAp,0.35294117647058826,21,16,TACTAGAATAAGTAGAGAAG,5,3323236
rspAp,1.0588235294117647,33,16,TACGTCTGGTATCCTGTGTG,17,3331513
rspAp,0.17647058823529413,18,16,TACGGTGGGGGAGGTAAGTA,2,3331141
rspAp,0.5882352941176471,25,16,TACAGGCAGCTTTTTTCGGC,9,3309962
rspAp,1.0,32,16,TAATAAAACCTCCGCTAATG,16,3323435
rspAp,0.11764705882352941,17,16,GTGCTCGTCAGTGCTAAACA,1,3325305
rspAp,0.29411764705882354,20,16,GTGCGCGTGGAATATACTGT,4,3331303
rspAp,0.7647058823529411,28,16,GTGCGCGCTTAGTACGGATG,12,3324604
rspAp,0.29411764705882354,20,16,GTGCCGGGAGATACCCACTT,4,3327245
rspAp,0.7647058823529411,28,16,GTGCACAAGATCTAGGAAGA,12,3322121
rspAp,0.5294117647058824,24,16,GTCTAGCCCCATGATAGCGG,8,3329050
rspAp,1.2941176470588236,37,16,GTCAGTATGATTAGCTCGAT,21,3326454
rspAp,0.4117647058823529,22,16,GTCACCAGGGCTCCTTCCAA,6,3315449
rspAp,1.2941176470588236,37,16,GTAGTATTTTGCGGCATGTT,21,3326883
rspAp,0.11764705882352941,17,16,GTACATGACCCAAAGTGCTA,1,3332144
rspAp,0.17647058823529413,18,16,GTACACTATCCGGCTGCGAT,2,3331682
rspAp,2.764705882352941,62,16,GTAATCGGCCCGCTCGTGTA,46,3315761
rspAp,0.23529411764705882,19,16,GGTTACCTAGGCGCCAAAAG,3,3314438
rspAp,0.23529411764705882,19,16,GGTGAATTGTGTCAGTGCCA,3,3321911
rspAp,1.6470588235294117,43,16,GGGTTTTTCATTCACTTGGA,27,3326373
rspAp,0.8823529411764706,30,16,GGGTTCCGGTCTGCTATGTG,14,3323217
rspAp,0.7058823529411765,27,16,GGGCCACAGAGCATGTCCGT,11,3319138
rspAp,0.29411764705882354,20,16,GGGCACGCAACTTAAAAGCC,4,3315676
rspAp,2.411764705882353,56,16,GGGAAGGGTCTTTCGTAATG,40,3324204
rspAp,0.5294117647058824,24,16,GGGAACTCGTGAGTTCCTTC,8,3328291
rspAp,0.7647058823529411,28,16,GGCTTCGCACATTAGAACGT,12,3314953
rspAp,1.0,32,16,GGCTCCCGCTTTGGAAGTAA,16,3315108
rspAp,0.11764705882352941,17,16,GGCGGTTCCCGCCTTTCCAC,1,3323973
rspAp,0.17647058823529413,18,16,GGCCGTAGATGGCCGGGATC,2,3322601
rspAp,0.7647058823529411,28,16,GGATCTGGTTTCTGTGCACC,12,3315532
rspAp,0.11764705882352941,17,16,GGAATACGGCGATTAGTCCA,1,3316077
rspAp,1.7647058823529411,45,16,GCTTAAGAGAATCTCGCGAT,29,3309813
rspAp,0.17647058823529413,18,16,GCTAGTGCTTGTATGCCCCC,2,3329724
rspAp,0.29411764705882354,20,16,GCGCCGTCTAATAGAGTGAC,4,3312412
rspAp,1.7058823529411764,44,16,GCGAGTTCGGACGATTGGAC,28,3314950
rspAp,0.8823529411764706,30,16,GCCTCGTCTGATGGCGCATG,14,3323516
rspAp,0.11764705882352941,17,16,GCCGCGAAGGGGATGACGAG,1,3324978
rspAp,1.1764705882352942,35,16,GCCCTTAAACTACCGGGTCA,19,3321820
rspAp,0.4117647058823529,22,16,GCCATAGTCAGGACCCCGTA,6,3319580
rspAp,0.17647058823529413,18,16,GATGCCTAAGCGAGCGCCCA,2,3325723
rspAp,1.0588235294117647,33,16,GATATCCAGGTGTTGACCAT,17,3314384
rspAp,1.1764705882352942,35,16,GATAAGCCCCGTCTTTTGTC,19,3323012
rspAp,0.7058823529411765,27,16,GAGTTGTCAACAAGAGCTTC,11,3317155
rspAp,0.23529411764705882,19,16,GAGTGTGAGCATCAAGCCTG,3,3325795
rspAp,0.47058823529411764,23,16,GAGGTTGGTTTCGAAGGCAA,7,3317170
rspAp,0.23529411764705882,19,16,GACGGTTGTCGTAAAGCGAT,3,3331715
rspAp,0.47058823529411764,23,16,GACGGTAAGAGCCCCTCTAT,7,3320742
rspAp,1.3529411764705883,38,16,GAAATATAACCGGTCTGTGA,22,3318206
rspAp,0.35294117647058826,21,16,CTGACAGTGCTCAAAACTCA,5,3309238
rspAp,0.6470588235294118,26,16,CTGAAGATGCGTGAGGATTT,10,3326928
rspAp,3.0,66,16,CTCAGGTCCTGGAATTCCAG,50,3315433
rspAp,1.6470588235294117,43,16,CTCAAGCAATGGAAGGGTGT,27,3319931
rspAp,0.9411764705882353,31,16,CTATCATGCAACCCCGGCAA,15,3316412
rspAp,1.588235294117647,42,16,CTAATCGTTTGTCTTAATAA,26,3308886
rspAp,0.23529411764705882,19,16,CGTTGCACCGACCGCACACA,3,3313112
rspAp,0.6470588235294118,26,16,CGTCGATTGTCAGGCAAGCA,10,3321719
rspAp,0.11764705882352941,17,16,CGTAAACACCTCAGTTAATA,1,3324759
rspAp,1.2941176470588236,37,16,CGCGCAGTCCTCCGTAAACT,21,3327134
rspAp,2.411764705882353,56,16,CGAGGTCGTCATGGGGTTTG,40,3311864
rspAp,0.29411764705882354,20,16,CGAAGTAGGCTCCCGTACAA,4,3324375
rspAp,1.0,32,16,CGAAGCATTGGGTATGCCAG,16,3318018
rspAp,0.29411764705882354,20,16,CGAAATCACACCCTCGCGAT,4,3328228
rspAp,1.0588235294117647,33,16,CCTCCTTAGGAAGGTAGTGA,17,3315471
rspAp,0.5294117647058824,24,16,CCGTCGGGGCTACAAACTCC,8,3315543
rspAp,0.11764705882352941,17,16,CCGGAGATTGAAGCGCACAT,1,3310741
rspAp,1.2352941176470589,36,16,CCGACCGTCAGAAAATGAGC,20,3314313
rspAp,2.7058823529411766,61,16,CCCGTGCCGACCTAACACGG,45,3313670
rspAp,2.0588235294117645,50,16,CCAGTATGACTCCCGCCAGA,34,3322687
rspAp,0.29411764705882354,20,16,CCACACGATTCCTTCGGAAG,4,3320407
rspAp,0.23529411764705882,19,16,CATTGGAAGGGGACCCGGAC,3,3312864
rspAp,0.35294117647058826,21,16,CAGGTCCATTAGACTACATA,5,3325679
rspAp,1.6470588235294117,43,16,CAGACGGATGTGTCGGCGGA,27,3321471
rspAp,1.1176470588235294,34,16,CACGGCTTTTATTATGAAGG,18,3312484
rspAp,0.5294117647058824,24,16,CACGAAATAGGCATTTCGGG,8,3323967
rspAp,0.11764705882352941,17,16,CACCTTTTAGAGTGCAGCGA,1,3315979
rspAp,0.4117647058823529,22,16,CACATTTGCCAGGCACACGT,6,3329323
rspAp,0.47058823529411764,23,16,CAAGTATCATTTTATACTAA,7,3332195
rspAp,1.0588235294117647,33,16,ATTGATTTTTAGACCTAAGC,17,3331129
rspAp,1.6470588235294117,43,16,ATTAGTAGACGTGATTCTAT,27,3328953
rspAp,0.5882352941176471,25,16,ATTAAGCCCAACCCAAGGGA,9,3314292
rspAp,0.7058823529411765,27,16,ATGTTTATCGGTTAAAGGGT,11,3318939
rspAp,0.23529411764705882,19,16,ATGGTGCCTTTTAGAGCAGC,3,3315043
rspAp,0.7058823529411765,27,16,ATCCGTAAGGAACCTGCCTA,11,3328880
rspAp,0.23529411764705882,19,16,AGTTCATTGAGACTGGGCGA,3,3311282
rspAp,0.8823529411764706,30,16,AGGGTTCGCGCCAGATAGGC,14,3323276
rspAp,0.23529411764705882,19,16,AGGATTCAAGACCCCTTGCT,3,3312015
rspAp,7.0588235294117645,135,16,AGCTACCGATTTGGCTTTGC,119,3313373
rspAp,0.47058823529411764,23,16,AGCCCGTACCTTACTGCCCG,7,3327534
rspAp,0.8235294117647058,29,16,AGACGGTGATAACCTTCAAC,13,3321246
rspAp,1.6470588235294117,43,16,ACTGCCCTTCGTTCTGCTCA,27,3311036
rspAp,1.4705882352941178,40,16,ACCCCATGATTCCTGGCGGT,24,3311790
rspAp,0.11764705882352941,17,16,ACAGACGTACGTACCTACCG,1,3330205
rspAp,1.2352941176470589,36,16,AATGTAGGGCCGCCCGTTTG,20,3323166
rspAp,0.29411764705882354,20,16,AATGATGCGGGAGTGCGGCC,4,3325770
rspAp,0.11764705882352941,17,16,AAGCAAGACAACCCTATTCC,1,3315849
rspAp,0.8823529411764706,30,16,AACTTCTTGCAAATCTAACA,14,3317685
rspAp,7.5625,135,15,TTTTGTGCGGTTCGGACACT,120,3313458
rspAp,1.0625,31,15,TTTTCGGTCCAGAAATGGTA,16,3316332
rspAp,1.625,40,15,TTTGCTCGGGCACTGTACAC,25,3328909
rspAp,0.125,16,15,TTTAATGGGTGCTGCATCAT,1,3310755
rspAp,0.5625,23,15,TTTAAGCGTTTGATATAATC,8,3320492
rspAp,0.8125,27,15,TTGTTGTTCCATGTTCGGTT,12,3325062
rspAp,0.6875,25,15,TTGGGTTAAGGGGTAGAACT,10,3318078
rspAp,0.9375,29,15,TTCTATGATCGAACACGGAT,14,3331918
rspAp,0.9375,29,15,TTCTATCACAGTGCCTCGTA,14,3317915
rspAp,0.125,16,15,TTAGGTGCGGACTGAAGGGG,1,3330312
rspAp,0.125,16,15,TGTGAACGGATAAACACTTT,1,3313962
rspAp,0.1875,17,15,TGTAGACTAAAAGCCCATTT,2,3325498
rspAp,0.5,22,15,TGGTAATCCGTCCGAGCCTT,7,3315491
rspAp,0.625,24,15,TGGGTATCGCCTTCGAGTTG,9,3332997
rspAp,0.375,20,15,TGGCAGGTCCGTACGGTTCA,5,3333221
rspAp,1.6875,41,15,TGCTTTACCGTTATCGACCT,26,3317157
rspAp,1.25,34,15,TGCTGCAATCAGGGGACGCC,19,3314146
rspAp,0.5625,23,15,TGCACACCAGGAAACATCTA,8,3331162
rspAp,0.1875,17,15,TGATTTTGCCCCCTTCGTTC,2,3326153
rspAp,0.4375,21,15,TGAGGTGACCATACCCACTT,6,3329895
rspAp,7.6875,137,15,TGAGGAGCCCCGTAGGCTCT,122,3326838
rspAp,1.25,34,15,TCTTTTGGTAGGGAACGTAG,19,3314264
rspAp,1.3125,35,15,TCTGCCAGCCACCATATGTC,20,3315726
rspAp,0.9375,29,15,TCGTCATGTCAAATCGAGCG,14,3331960
rspAp,0.4375,21,15,TCGCACAACACGCTGTACCA,6,3317593
rspAp,0.125,16,15,TCATTTGGATAGTATTAGAG,1,3332927
rspAp,1.1875,33,15,TCAAGGGTTCCTTATACGAC,18,3322901
rspAp,0.75,26,15,TATTGAGAAGACGAGTCGAT,11,3320626
rspAp,0.6875,25,15,TATGGCTCTGAGCTAGCCAC,10,3333239
rspAp,2.125,48,15,TATCCGGGTAACCCATCTGC,33,3324423
rspAp,5.875,108,15,TAGCCCAGCATTTTTGGGAC,93,3327312
rspAp,0.5,22,15,TACTCCACCCGTGTTGCGGC,7,3315669
rspAp,0.375,20,15,TAATGCGAGTTCAACTGACA,5,3312290
rspAp,1.6875,41,15,TAATACTTCCTACTGATGCT,26,3317679
rspAp,1.9375,45,15,GTTTACTAAACCAGCACATT,30,3331067
rspAp,1.0,30,15,GTTGCCTTTATTCCTTGCGA,15,3312197
rspAp,0.25,18,15,GTTGCACTATTATCTCGTAC,3,3313401
rspAp,6.375,116,15,GTTAAGAGCCTAATGGGGGT,101,3332071
rspAp,0.375,20,15,GTGTGAGTAATCAGGGCAAA,5,3321340
rspAp,2.25,50,15,GTGGCAAAAGGAAATAAGCG,35,3319425
rspAp,3.1875,65,15,GTGAATGGGCATCACGCTAA,50,3325041
rspAp,0.6875,25,15,GTCGGTGTAGATTAAACGTT,10,3308993
rspAp,1.4375,37,15,GTCGGATCTCATACGAATGA,22,3315846
rspAp,0.125,16,15,GGTTTAGTAGATATCCTACG,1,3332119
rspAp,1.0,30,15,GGTCATGTGGATTCTACGTG,15,3330193
rspAp,0.375,20,15,GGTAATCCAAGTAAAGGGTA,5,3311589
rspAp,0.875,28,15,GGGTGGCCCTGTCCGGGGTT,13,3311787
rspAp,0.8125,27,15,GGGTAAAAGGGGCAGAAGGG,12,3311928
rspAp,0.4375,21,15,GGCTTTGACGGCCGCGAACC,6,3308848
rspAp,0.9375,29,15,GGCTTACGAACTTGAACAGG,14,3308851
rspAp,1.1875,33,15,GGAGTCGGGTAAGCCACGGC,18,3326778
rspAp,0.9375,29,15,GGAAGGTTTAGGGACCTGGA,14,3317008
rspAp,0.625,24,15,GGAACGCCCTTGCGTGCTTA,9,3333461
rspAp,3.875,76,15,GGAAAGGATTGTAACGTGGG,61,3331881
rspAp,0.3125,19,15,GCGTCAGTGAATGCAAACTT,4,3321576
rspAp,0.8125,27,15,GCGGGGTTCATCTGTCCACC,12,3310985
rspAp,1.0,30,15,GCGACACACTAGCGAAGGAC,15,3320613
rspAp,0.6875,25,15,GCCTCCAACTACACAGCCCT,10,3322997
rspAp,0.625,24,15,GCAGATGAAATTGTGGGTCA,9,3320627
rspAp,0.5,22,15,GCACTTATTCTGCTGTCAAG,7,3320600
rspAp,1.0,30,15,GATTTTGCCTGTGTTCGTCA,15,3310682
rspAp,0.6875,25,15,GATCCATTGGGACTCCGTAT,10,3322735
rspAp,1.5,38,15,GAGGCGTCCTCCTCAGCCTG,23,3317577
rspAp,0.4375,21,15,GAGAGTGCTTTACTTCCTTT,6,3318152
rspAp,2.125,48,15,GAATGGCGCAGGTTGATAAA,33,3318123
rspAp,2.3125,51,15,GAAGGGTGAAGCCTACGAAA,36,3319489
rspAp,7.75,138,15,GAACGTTCATAGTATTAACT,123,3315360
rspAp,0.9375,29,15,GAACAGCTTTGGCAATAAAT,14,3323457
rspAp,0.5,22,15,GAAAGACACGGGACGCTGCG,7,3309262
rspAp,0.1875,17,15,CTTTTGCATTCTCATAATGA,2,3320004
rspAp,1.75,42,15,CTTGTCCCAAGGCGAATGAT,27,3312034
rspAp,0.5,22,15,CTGTATTCGCAGGGGTACTC,7,3311804
rspAp,1.125,32,15,CTCAAACCGTACCTTTCGTG,17,3320408
rspAp,1.0,30,15,CTAGGGCTCGAATGCAGGTA,15,3320570
rspAp,1.3125,35,15,CTAATTTCTGAGTAGAAGAC,20,3317304
rspAp,1.375,36,15,CGTGAGAAAGACTCTCATAC,21,3311882
rspAp,1.1875,33,15,CGTCCACGCCCTGGTACGTC,18,3315672
rspAp,0.125,16,15,CGGCCTCTTCATAGGTCTCT,1,3318013
rspAp,1.25,34,15,CGGAGCGCATGTAAGGCGTA,19,3311274
rspAp,0.375,20,15,CGCTTGGGTTAACCTAAGAT,5,3316386
rspAp,0.9375,29,15,CGCTCCAGCGACGTAATTGC,14,3312923
rspAp,0.5625,23,15,CGCGTCCAGTTTCCGTTGAC,8,3319487
rspAp,0.125,16,15,CGCGCTAGGCATGCACGCCA,1,3329599
rspAp,0.9375,29,15,CGCCACCAGACCGGAGGGTG,14,3324394
rspAp,1.3125,35,15,CGCAACAGCCTCAGGTCTTG,20,3331787
rspAp,2.75,58,15,CGATGAATGTCTACCAGGGA,43,3310803
rspAp,0.4375,21,15,CGAGTTGACGGATCCGGGTA,6,3324140
rspAp,26.375,436,15,CGAGCGGGGTGGCGGGCGTC,421,3333085
rspAp,0.375,20,15,CGAGCAAGGCAGGAATCGTC,5,3324398
rspAp,3.5,70,15,CGACTACGTTATTCTCGCGT,55,3311138
rspAp,0.75,26,15,CGAATACAAACTAGCAGCGG,11,3317674
rspAp,0.4375,21,15,CCGTTAATACTTCGCAGTGT,6,3315432
rspAp,1.25,34,15,CCGTGTGATATGACGGGTGC,19,3323914
rspAp,1.1875,33,15,CCGCGGCATCAGGACGTCTA,18,3328226
rspAp,0.1875,17,15,CCCTTAAGTGGGTTGCGTAT,2,3325505
rspAp,1.5625,39,15,CCCGATGGATCTTGGCCTCC,24,3311157
rspAp,0.4375,21,15,CCCCATGGGGCTGATTATAC,6,3314284
rspAp,0.75,26,15,CATCGGGCCGGCCTTTGCTA,11,3325085
rspAp,0.3125,19,15,CAGTGCCATAGGCGATCCCG,4,3314114
rspAp,0.1875,17,15,CAGTGCCACGCTAGATACCT,2,3324580
rspAp,0.3125,19,15,CAGCATCTTGGCGTGGATAT,4,3329094
rspAp,0.75,26,15,CACTTCGGTATGTGGGTCCA,11,3326441
rspAp,0.25,18,15,CACAGCGGTCAAAACAGATC,3,3321249
rspAp,2.125,48,15,ATTAAAATCCCCGAAAGGCT,33,3312828
rspAp,1.6875,41,15,ATGTTTTGAGCTAAAGTTCG,26,3326514
rspAp,1.625,40,15,ATGGTGCCCGGGTTTAAGTG,25,3320783
rspAp,0.25,18,15,ATGCGGGACCCGACCTCAAA,3,3320723
rspAp,1.0625,31,15,ATCTGATGTACCCCCTGGAC,16,3312768
rspAp,0.125,16,15,ATCCGTGCCCTTGCCTCCGG,1,3317398
rspAp,6.25,114,15,ATCCGCGTTACGGTTCTCAT,99,3317604
rspAp,0.125,16,15,ATCCGCAACGTGTCGATTAT,1,3326485
rspAp,0.8125,27,15,ATCCCCCCAAGGGGCGTCAC,12,3326412
rspAp,0.125,16,15,ATATATATGCCCTTCAGTAT,1,3320942
rspAp,0.1875,17,15,AGTTGCCTTTATAATGGTTG,2,3319367
rspAp,2.4375,53,15,AGTCAGAGACGGCGCCTGAA,38,3313284
rspAp,0.5,22,15,AGGTTGGTATGGAAGGCGTA,7,3327829
rspAp,0.25,18,15,AGGTGTGTTTTATTCGGAGG,3,3316656
rspAp,0.1875,17,15,AGGTGTACCCTGACTGTGCT,2,3326679
rspAp,0.6875,25,15,AGGTCTTCTTGGCCTTACGA,10,3313759
rspAp,6.5625,119,15,AGGACCAAACCAGCGAAGTA,104,3328998
rspAp,0.8125,27,15,AGGAACGACGTACCAGCGGG,12,3309543
rspAp,0.875,28,15,AGCCCTGGCGTGTACGGTGG,13,3313281
rspAp,0.125,16,15,AGATTGACCAAGAGGTGAAG,1,3329814
rspAp,0.75,26,15,AGAGTGTGAGTTTTCAAGCA,11,3328513
rspAp,0.4375,21,15,AGACCTCCAGGGGCAAATAG,6,3323111
rspAp,0.5625,23,15,AGAAGGCACGGTAGTCAGCT,8,3310300
rspAp,1.1875,33,15,ACTGGCGGGTCCGGTGTGTC,18,3332274
rspAp,1.4375,37,15,ACTCACTAATATAGTCCACA,22,3321322
rspAp,1.25,34,15,ACTAAAGTCCGGTTCCCATG,19,3317538
rspAp,0.125,16,15,ACGCCGGGTATTTAACTGCT,1,3321570
rspAp,0.6875,25,15,ACCCAATTTTTTTAAGTGGT,10,3326389
rspAp,3.6875,73,15,ACATGACCGCATGTTCAGGT,58,3328267
rspAp,0.875,28,15,AATCTCTGGGTAAGTTCGGC,13,3318949
rspAp,0.125,16,15,AAGGGGACATCTGATACCGG,1,3326540
rspAp,0.375,20,15,AAGCAAGCGTGTGTTTCGCC,5,3318094
rspAp,0.9375,29,15,AACTTCCAAGTCTATGACCG,14,3328756
rspAp,1.5625,39,15,AACGCTTCAACCCCGGTAGA,24,3315117
rspAp,1.0625,31,15,AACCCGGAGAACGGCGGCGT,16,3329862
rspAp,0.9375,29,15,AACCCAGCTTGATTCTCCTA,14,3309454
rspAp,0.5625,23,15,AACCATTCGAGCGACAGAAA,8,3330396
rspAp,0.6666666666666666,23,14,TTTTCTATCTCTCAGAATGA,9,3327446
rspAp,0.26666666666666666,17,14,TTTACTTCGGTTCTTGGAAG,3,3330310
rspAp,8.866666666666667,146,14,TTGGGTCCCGCCTACCGTTG,132,3326740
rspAp,0.6666666666666666,23,14,TTGCAGAAAGGAAGCGCTAG,9,3331130
rspAp,0.7333333333333333,24,14,TTGAGCGTGTGAGCCGAGAA,10,3327947
rspAp,3.2666666666666666,62,14,TTGAGCGCAGAGCTGTGTTC,48,3317699
rspAp,0.8,25,14,TTCTTTTATTTAGTTTTCGC,11,3333097
rspAp,0.3333333333333333,18,14,TTCTTCAGTTAACATCTGCC,4,3309982
rspAp,0.4,19,14,TTCGGAGGTGTGCGGTGGTC,5,3315986
rspAp,0.4666666666666667,20,14,TTCACCAATGTATTGTCATT,6,3312901
rspAp,3.1333333333333333,60,14,TTAGGTCTATCGACATGTTA,46,3327213
rspAp,0.9333333333333333,27,14,TGTTCGTGGAAAACAGGTCT,13,3325334
rspAp,0.6666666666666666,23,14,TGTGGTACTGATTGTTGAAT,9,3316171
rspAp,0.4,19,14,TGTGATGTAGGAATTCGCTT,5,3317367
rspAp,1.2666666666666666,32,14,TGGTCGTGCTAGAACTCTGC,18,3321697
rspAp,0.2,16,14,TGGGTGTGCTACGGACATAA,2,3310542
rspAp,1.6666666666666667,38,14,TGGGGCATCTTAGCTTTCCA,24,3309070
rspAp,1.3333333333333333,33,14,TGGGCTCGTTAGTTCGACAC,19,3329193
rspAp,1.4,34,14,TGGGATTTCAGCATTTATGG,20,3318531
rspAp,0.4,19,14,TGGCCGTTTGCGCTCCAGAC,5,3320962
rspAp,0.6,22,14,TGGAGCCGTCAGCCAGGAAG,8,3330346
rspAp,2.533333333333333,51,14,TGGACGTGCAACAATAGTCA,37,3331609
rspAp,0.4666666666666667,20,14,TGGACATGCGAACAACGGCC,6,3309156
rspAp,2.8666666666666667,56,14,TGCTTCCTGGGGATACGCTG,42,3331855
rspAp,0.13333333333333333,15,14,TGCGATTAGCGTGCTTGGAC,1,3320141
rspAp,1.7333333333333334,39,14,TGAATATCTTGTTTGAGCGA,25,3329346
rspAp,15.133333333333333,240,14,TCTTGCCTGGTGACAGCGAT,226,3312378
rspAp,0.6,22,14,TCGTCGATATCGACCTACAC,8,3314564
rspAp,1.3333333333333333,33,14,TCGTATACTTAGTCCATAAT,19,3319807
rspAp,1.6,37,14,TCCTCCCTCTAGACCAAATA,23,3328118
rspAp,0.13333333333333333,15,14,TCCAGCAAGTCGTCAAGGGT,1,3330392
rspAp,0.5333333333333333,21,14,TCAGCGGGAGGATGCAATGA,7,3325800
rspAp,0.3333333333333333,18,14,TCAAAGGGGATCGTTGTAAC,4,3314428
rspAp,0.13333333333333333,15,14,TATTTCCGGGCACCTCACGA,1,3312769
rspAp,14.8,235,14,TATGCCACCAATATATGGAA,221,3332871
rspAp,1.5333333333333334,36,14,TATCATGCTAAGGCTACGGG,22,3315990
rspAp,1.3333333333333333,33,14,TAGGAAGACCCCCCGTGCAA,19,3320124
rspAp,0.4666666666666667,20,14,TACCTGTAAGTCTTCAGGCG,6,3312724
rspAp,0.6666666666666666,23,14,TAATGGGGACGACTTAAACC,9,3333424
rspAp,0.6,22,14,TAAAGTGTTGGGTACGGGCT,8,3324139
rspAp,1.2,31,14,GTTTCGATGGATACACGCTT,17,3310759
rspAp,0.2,16,14,GTTACGTACTTATGGACACA,2,3321711
rspAp,1.2666666666666666,32,14,GTTACCCTTCAATACCGCCG,18,3313147
rspAp,0.26666666666666666,17,14,GTGTCTTGCGTCACAAGTAG,3,3312276
rspAp,2.8666666666666667,56,14,GTGTAACTTCGCGATATCCT,42,3315353
rspAp,1.0,28,14,GTGGCTTCCAGTAGCCTTTC,14,3325377
rspAp,0.4666666666666667,20,14,GTGACGCTTGGCGAGCCAGC,6,3324098
rspAp,0.4,19,14,GTGAAGACGACCTGTTACTT,5,3320906
rspAp,0.5333333333333333,21,14,GTCCAGGCACCACTTAGCCT,7,3330258
rspAp,1.1333333333333333,30,14,GTAGCGATCGACTGACCTCC,16,3316578
rspAp,1.2,31,14,GTAGATTAATGTTGGCTCTA,17,3320280
rspAp,0.2,16,14,GGTTATCAACACTTGGGGTA,2,3327853
rspAp,1.3333333333333333,33,14,GGTGATAGTTGATCATAATC,19,3312588
rspAp,0.9333333333333333,27,14,GGTACGACGCGAATATCAGG,13,3327575
rspAp,1.5333333333333334,36,14,GGGATTTTATGCGGATACTA,22,3329438
rspAp,0.8666666666666667,26,14,GGCGAATGAATGCTCCGATA,12,3314062
rspAp,0.4,19,14,GGATGTAAGGGCCGGTTGTG,5,3329758
rspAp,2.4,49,14,GGAGCAAACTTTACCTGAGC,35,3329483
rspAp,0.6,22,14,GGAGACTCGCGGAGAACCAC,8,3313938
rspAp,1.7333333333333334,39,14,GCTCAAGTTATCTGTACGGG,25,3324722
rspAp,0.8666666666666667,26,14,GCTCAACACGCTAGAAAAAC,12,3322434
rspAp,0.5333333333333333,21,14,GCTATAGTCGGCGTGGCAAG,7,3317133
rspAp,0.6666666666666666,23,14,GCGATTGATTCTGGAGTGGG,9,3325176
rspAp,0.8666666666666667,26,14,GCCTGATAAACGATGTGCTA,12,3329496
rspAp,2.8,55,14,GCCGAAGCTTTCACCCAGCC,41,3311823
rspAp,1.2666666666666666,32,14,GCCCTTCGACGTTTATGCTG,18,3333628
rspAp,1.2,31,14,GCACTTGACAATCCGGCCGG,17,3310342
rspAp,1.0666666666666667,29,14,GCACGCTTACCGGGACCCTC,15,3322192
rspAp,1.6666666666666667,38,14,GCAATAAGTACCGATACGAA,24,3324077
rspAp,0.4,19,14,GCAACAAAGAAAACCTTGCA,5,3311444
rspAp,0.6,22,14,GCAAAATGTGCGCTATGAAG,8,3314798
rspAp,1.3333333333333333,33,14,GATTGATGCGTGCACGAGGT,19,3322910
rspAp,1.9333333333333333,42,14,GATGACGCGTGAATTAAGTA,28,3321834
rspAp,0.8666666666666667,26,14,GATCGCTCTCGAAGGTATGG,12,3309082
rspAp,1.4666666666666666,35,14,GATCGCTACAGATAGCCGGC,21,3319717
rspAp,0.9333333333333333,27,14,GATCCGGGTGAGTGGGCGCG,13,3309807
rspAp,0.6,22,14,GAGGTCAGAGTGCTTATCCC,8,3322241
rspAp,0.3333333333333333,18,14,GAGCTGCCGCTGGCTCGGTA,4,3325601
rspAp,0.6666666666666666,23,14,GAGCTACGAGGTGTCAAATA,9,3310331
rspAp,0.2,16,14,GAGCCACTGGGCTAGGCCAA,2,3322701
rspAp,0.8666666666666667,26,14,GAGCAGGTTATTGACGGTCG,12,3308952
rspAp,0.3333333333333333,18,14,GAGCAGGTCGGAACACAGAA,4,3313779
rspAp,0.4,19,14,GACTTCGGTAGGCCCATTGG,5,3325101
rspAp,0.4666666666666667,20,14,GACTTCGACGCTTCGTATTG,6,3310433
rspAp,0.8666666666666667,26,14,GACCGGTGACCAAGCCACTT,12,3315248
rspAp,1.8,40,14,GACCACTGGCCAAGTAAAGC,26,3312097
rspAp,1.0,28,14,GAACACTCCGCAATGCCGTC,14,3317910
rspAp,2.4,49,14,GAAAATGAAACACAGCTATA,35,3317678
rspAp,2.8,55,14,CTTTGTCGCATGTCAAGAAA,41,3311972
rspAp,0.3333333333333333,18,14,CTTTAGTACCGAGGTAATAA,4,3326051
rspAp,0.13333333333333333,15,14,CTTGCTCTACCGATAGATCC,1,3311281
rspAp,0.2,16,14,CTTCTATCCACTTGAAGCCA,2,3324005
rspAp,0.8666666666666667,26,14,CTTCCCTATTTGCGACAGCA,12,3329949
rspAp,0.13333333333333333,15,14,CTTCATTAGATGGCCATCAT,1,3316702
rspAp,0.6,22,14,CTTCACTATATCTTAATATG,8,3330109
rspAp,0.8666666666666667,26,14,CTGTCCACTTTTAGCAATGT,12,3326440
rspAp,1.3333333333333333,33,14,CTGTATGATAAGTCAGTATG,19,3318613
rspAp,0.8,25,14,CTGTACAAAAAGCCGCGTCT,11,3324099
rspAp,0.7333333333333333,24,14,CTGGCCGGGGCATAGAGTAT,10,3329526
rspAp,1.0666666666666667,29,14,CTGAAGTAGCACAGGGCAAC,15,3323540
rspAp,0.13333333333333333,15,14,CTCTGGTGACTCTACGGTCT,1,3332222
rspAp,2.533333333333333,51,14,CTCCAATGCGACGATCACCA,37,3326110
rspAp,0.4666666666666667,20,14,CTATTCTAACGACTGGCTTA,6,3329359
rspAp,0.2,16,14,CGTCGATATCGAATAGCACT,2,3333475
rspAp,1.4666666666666666,35,14,CGTAAGCTCGGTGGGGTATG,21,3333057
rspAp,0.6,22,14,CGGTCCTAAGAACGACGTCT,8,3326145
rspAp,0.8,25,14,CGGTCCCGGGATTCGGGCAT,11,3321359
rspAp,0.4,19,14,CGGCTGAGCCGCTTGCCAAG,5,3308944
rspAp,1.1333333333333333,30,14,CGGAGTGACTGAGGAGGGCT,16,3328030
rspAp,0.13333333333333333,15,14,CGGAGACCTCCCTGACGAAG,1,3323635
rspAp,12.666666666666666,203,14,CGCTCAAGTGCGGATCTCAT,189,3313456
rspAp,2.1333333333333333,45,14,CGCCCGTTGAAAATACGATG,31,3311486
rspAp,1.6666666666666667,38,14,CGAACCGTTCGATGCCTATT,24,3330512
rspAp,0.8,25,14,CCTGTTAGCCTGACATGGAG,11,3327516
rspAp,0.13333333333333333,15,14,CCTGCAGTTGTCCGACTCCT,1,3314379
rspAp,1.0,28,14,CCTAGGGGACGATGGCGGTA,14,3327720
rspAp,0.13333333333333333,15,14,CCCGTACCTTCGCCCACCGT,1,3309793
rspAp,1.4,34,14,CCCGAGTCGAGGGAAGGATA,20,3322890
rspAp,0.4666666666666667,20,14,CCCCGGCTCATGAGACATTT,6,3324181
rspAp,0.2,16,14,CCCCGGCCCAGTGCGACAAC,2,3328897
rspAp,4.733333333333333,84,14,CCCCATGTTCTGCGCCACTC,70,3333485
rspAp,2.066666666666667,44,14,CCCAGCGGTGTCGATGTCGC,30,3329788
rspAp,0.3333333333333333,18,14,CCAGGGCTCGATTTGGAGAT,4,3329240
rspAp,0.2,16,14,CCACACACCAGTTGTAAGGA,2,3326208
rspAp,1.2666666666666666,32,14,CAGGTGTCGCCTCCGAGGAT,18,3323016
rspAp,1.2,31,14,CACTGGCAACCAAGGAGACG,17,3318279
rspAp,0.7333333333333333,24,14,CACCCTTGTAGGCATATCAT,10,3331508
rspAp,1.6,37,14,CACAAGGAGTCGCAGAAGAG,23,3329714
rspAp,0.5333333333333333,21,14,CAAGGGGTGCATCAGACTAA,7,3318062
rspAp,0.4666666666666667,20,14,CAAAGCCAATGCACAGGACA,6,3326391
rspAp,2.1333333333333333,45,14,CAAAGACTTGAATCAAGTGT,31,3333641
rspAp,0.2,16,14,ATCGGCTGTGTTTATTAAGT,2,3322049
rspAp,0.3333333333333333,18,14,ATCGCTTGAAACTGTAACCT,4,3320189
rspAp,0.4666666666666667,20,14,ATCCCGGGTTAGCTACGTCT,6,3330826
rspAp,0.4,19,14,ATCATCTTTATTTCCCTGCT,5,3309873
rspAp,0.7333333333333333,24,14,ATAATGTTCTGCCGTACCGT,10,3327545
rspAp,2.4,49,14,AGTTCATGCGATCGCTAACC,35,3325830
rspAp,1.0,28,14,AGTTACTGAGACAAAAGCCC,14,3332525
rspAp,0.26666666666666666,17,14,AGTCGCGCCAGAGTTATGCA,3,3322742
rspAp,1.7333333333333334,39,14,AGTACCGTCCGTTCAACTTC,25,3318108
rspAp,0.13333333333333333,15,14,AGTAACTAAACGAATAGGGT,1,3317300
rspAp,0.3333333333333333,18,14,AGTAAAGGGTTTGGGGCCGA,4,3313013
rspAp,0.6666666666666666,23,14,AGGGGCATGCATGTGGAATA,9,3331688
rspAp,0.26666666666666666,17,14,AGCTATGTTAAGGGACCAAA,3,3321245
rspAp,1.2666666666666666,32,14,AGCTATATAGAGTGCGGCAG,18,3315730
rspAp,0.7333333333333333,24,14,AGCGGGGATGAATCAAGATA,10,3310103
rspAp,0.8,25,14,AGCCTTATACAGGGCCAATA,11,3330325
rspAp,0.6666666666666666,23,14,AGCCTTACAGGGAGCAGTAC,9,3317726
rspAp,2.7333333333333334,54,14,AGCAATCAACCAATATCTAT,40,3319661
rspAp,0.4666666666666667,20,14,AGAGTGGCCTGCTGCCAACG,6,3332814
rspAp,0.4666666666666667,20,14,AGAACCTTCGTTGCAGTATA,6,3329490
rspAp,0.13333333333333333,15,14,AGAAATGCCAACGGTATTCG,1,3320172
rspAp,1.6,37,14,AGAAACATGCAGGATACATC,23,3312865
rspAp,1.9333333333333333,42,14,ACTCTCAGAATGGGGAGTTA,28,3328898
rspAp,2.8666666666666667,56,14,ACTCAGCCCCTTTTATTGGC,42,3318216
rspAp,0.26666666666666666,17,14,ACGTAGGCAGGGCAGCATCT,3,3318431
rspAp,2.7333333333333334,54,14,ACGTACCGTGGAGGGTAATT,40,3311660
rspAp,0.26666666666666666,17,14,ACGCGAAATTCGTCGGGGGC,3,3323969
rspAp,0.3333333333333333,18,14,ACGCCGCCGTATAGGGGAAT,4,3328192
rspAp,1.2666666666666666,32,14,ACGAATATTTACGATAGCGG,18,3330155
rspAp,0.5333333333333333,21,14,ACCTGCTGCTCCCGATGGTT,7,3318280
rspAp,0.8666666666666667,26,14,ACCCATGTTCAAGATTCTAT,12,3317914
rspAp,0.13333333333333333,15,14,ACCATGCAGGGTCTGGCACC,1,3313263
rspAp,1.6,37,14,ACATGGTTGCATCGGATTCT,23,3322671
rspAp,0.13333333333333333,15,14,ACAGTGCGGAAACAACAAGA,1,3328460
rspAp,0.5333333333333333,21,14,ACAGTACGTCTAAAGACGTG,7,3325143
rspAp,0.6,22,14,ACAGGGGAGCTAGAGACACT,8,3326721
rspAp,0.9333333333333333,27,14,ACAAAGCCAGAACCGTCGAT,13,3321116
rspAp,1.7333333333333334,39,14,AATCGGTTGCTTTCCGGTTA,25,3308986
rspAp,0.6,22,14,AAGTCAAGCAATCTACAAGG,8,3319934
rspAp,1.6,37,14,AAGATGAGCGGATTACCAAT,23,3322836
rspAp,0.13333333333333333,15,14,AACTTGGTCAGTGGACCTTC,1,3318389
rspAp,0.2,16,14,AACGCTACACTTACCAAGCT,2,3315244
rspAp,0.8666666666666667,26,14,AAATAGCAGAATGGGGTTCT,12,3323102
rspAp,1.8666666666666667,41,14,AAACGCTCCGCGCGCTTGGA,27,3318371
rspAp,1.2142857142857142,29,13,TTTGCAGTATCCTCCTAAGT,16,3315930
rspAp,1.0,26,13,TTTGATGCGACTTACATGTG,13,3315901
rspAp,0.7142857142857143,22,13,TTTCATTATCGTAGTTTGTG,9,3330394
rspAp,1.0,26,13,TTTCAAGTGACCCGATCGGA,13,3319469
rspAp,0.2857142857142857,16,13,TTGTGCCTCTTACAGTACAC,3,3327513
rspAp,0.7142857142857143,22,13,TTGACGGCCGACTTGTTTAA,9,3311611
rspAp,0.6428571428571429,21,13,TTCATCCGTTAACAATGTAA,8,3324785
rspAp,2.142857142857143,42,13,TTCAAATACGGGTGGGAACA,29,3310432
rspAp,1.7857142857142858,37,13,TTATTTGCGTGGGCGCACGA,24,3317404
rspAp,0.42857142857142855,18,13,TGTTATAGACTAGACACTGA,5,3318612
rspAp,0.5714285714285714,20,13,TGTAGTATCTTACAGTTTGT,7,3320226
rspAp,0.5,19,13,TGTAGGACAAACAATGTTAT,6,3314654
rspAp,0.7857142857142857,23,13,TGGGATTAACTCCGTTCGAC,10,3316102
rspAp,0.14285714285714285,14,13,TGGATCGGGGAGCAGCGCTG,1,3332345
rspAp,1.4285714285714286,32,13,TGGACTCCTTATTGCCACGA,19,3310467
rspAp,0.9285714285714286,25,13,TGCTATCGTTCAAGGCGAGG,12,3319559
rspAp,0.14285714285714285,14,13,TGCCCGTTCATGGTTCGAAT,1,3327705
rspAp,1.1428571428571428,28,13,TGATGCGGTATGCAATTAAT,15,3319153
rspAp,0.35714285714285715,17,13,TGAGTAAGGGAAAACCCATC,4,3309374
rspAp,0.5,19,13,TGAATGCCGGTTTTTATCGC,6,3332232
rspAp,0.5,19,13,TCGTTGTGTACTACGTTAGC,6,3327689
rspAp,0.7142857142857143,22,13,TCGTCGCCAGCGGCCAACTT,9,3310890
rspAp,1.2142857142857142,29,13,TCGGTATGTTGGTCTTTGAC,16,3315728
rspAp,2.5714285714285716,48,13,TCGGCTAAGGAGCGGTTGAT,35,3330522
rspAp,0.9285714285714286,25,13,TCGCGCATCTATTTGCTTTT,12,3319025
rspAp,1.7857142857142858,37,13,TCCTGAGGCACATTTGGCGA,24,3317320
rspAp,2.2857142857142856,44,13,TCCTCACTTGCAGAGGCACA,31,3332447
rspAp,1.2857142857142858,30,13,TCAGCGCGAGTGTCTGATCA,17,3312220
rspAp,0.5714285714285714,20,13,TCAGCAGGTCACCGACCCTA,7,3314628
rspAp,1.2142857142857142,29,13,TCACCAACATACAGGGTGCA,16,3325820
rspAp,0.8571428571428571,24,13,TCAAGCACAAACTAAACGAG,11,3311559
rspAp,0.2857142857142857,16,13,TACTTGGCCAATGGTATGAT,3,3318349
rspAp,1.0714285714285714,27,13,TACCACCGGCGAGTTTAGCA,14,3309428
rspAp,0.2857142857142857,16,13,TAACTAAAAGCTCGCTAAGT,3,3315670
rspAp,1.4285714285714286,32,13,TAACCGTATCCGGTGGGCGA,19,3328854
rspAp,0.35714285714285715,17,13,GTTTTGATATCTTGTCATAA,4,3315154
rspAp,1.0,26,13,GTTTTAAGGGGCAACCTGCA,13,3327976
rspAp,0.14285714285714285,14,13,GTGTACCCCCGGTTCGCGGA,1,3321698
rspAp,1.9285714285714286,39,13,GTCACAAAATCTATAGTGTG,26,3325332
rspAp,0.35714285714285715,17,13,GGTTGATAACCTACTGAGGG,4,3327538
rspAp,0.21428571428571427,15,13,GGTTCTCAGCGCTGCGTCTT,2,3314626
rspAp,1.5714285714285714,34,13,GGTGGTATCTTCACGAGTGA,21,3310335
rspAp,1.7857142857142858,37,13,GGTCGTGTCGTACAGGCTCA,24,3311978
rspAp,0.7857142857142857,23,13,GGGTCACAACATGCCTTCGA,10,3317798
rspAp,0.7857142857142857,23,13,GGGCTCACCCACGAAAGCAT,10,3317298
rspAp,0.14285714285714285,14,13,GGGCGCTAGACCACGCAGAT,1,3313260
rspAp,0.14285714285714285,14,13,GGGCCTGTGCTGGTTGCACA,1,3328567
rspAp,0.14285714285714285,14,13,GGCTCCAGAGAAGGGGGGTT,1,3319216
rspAp,1.7142857142857142,36,13,GCTTCCAAAGAGGTGGGGAG,23,3318169
rspAp,0.35714285714285715,17,13,GCTTACGGATCATCTGCCAG,4,3332123
rspAp,4.285714285714286,72,13,GCGTGTAGGAGTGTCAATAT,59,3324710
rspAp,1.3571428571428572,31,13,GCGACCTCCGATCGAGAAGA,18,3319296
rspAp,0.5714285714285714,20,13,GCCGACACTTTAGGACCGGA,7,3310894
rspAp,5.5,89,13,GCATGGTGAACGCCCTGTCA,76,3313378
rspAp,0.5714285714285714,20,13,GCACTGAAACTTATTTACTC,7,3317874
rspAp,0.14285714285714285,14,13,GATTTCGACCCCCAATAACG,1,3322289
rspAp,0.6428571428571429,21,13,GATGCTCATCCCGCCTACTA,8,3315582
rspAp,2.357142857142857,45,13,GATCTCGCAGAGGGGTTGGT,32,3317864
rspAp,1.5714285714285714,34,13,GATCCATCGCAGAATCGATC,21,3320528
rspAp,0.14285714285714285,14,13,GAGGCATGCCGGAAAGACCA,1,3333131
rspAp,0.14285714285714285,14,13,GAGGATGTCTCATGCCATGT,1,3325989
rspAp,0.42857142857142855,18,13,GAGCGAGTGCGGAGTACGAC,5,3321259
rspAp,0.9285714285714286,25,13,GAGAAATTCATCACATGTGA,12,3309975
rspAp,0.21428571428571427,15,13,GACTAGAACGAGCTTACCGG,2,3330545
rspAp,0.9285714285714286,25,13,GACTACACGTAAGCGGCACA,12,3310722
rspAp,0.5,19,13,GACGTGGATAGGGGCCATGG,6,3328895
rspAp,0.5714285714285714,20,13,CTTATTCGCAACAAAAAATA,7,3320943
rspAp,1.0,26,13,CTTAGGGATACAGTTAACGG,13,3316657
rspAp,0.2857142857142857,16,13,CTTACCTCTGGTTAAGAGGG,3,3333042
rspAp,0.6428571428571429,21,13,CTTAACGTGAAACATTTCCC,8,3309330
rspAp,0.14285714285714285,14,13,CTGTGAAAACGAGTCAAATA,1,3320308
rspAp,1.5714285714285714,34,13,CTGCAAGATTGCCTCTACTT,21,3314906
rspAp,0.2857142857142857,16,13,CTCTGGCGTGAACGTCGTAT,3,3311824
rspAp,0.14285714285714285,14,13,CTCGGGCGTCGTAAGTTACT,1,3316400
rspAp,1.7857142857142858,37,13,CTCCTCTCTCGATTTAGTAA,24,3324268
rspAp,0.5,19,13,CTCATAGGACAAGCCATTCC,6,3312101
rspAp,14.714285714285714,218,13,CTAGGCCACCTCTGGTTTCG,205,3333320
rspAp,0.35714285714285715,17,13,CTACGTAAGGGAATCTATAG,4,3331691
rspAp,0.7142857142857143,22,13,CGTTTACTTTTTAGAAAGAA,9,3312251
rspAp,0.8571428571428571,24,13,CGTTGGAAACTCTGAAACAT,11,3318578
rspAp,1.1428571428571428,28,13,CGTGTTTAAGCGCGGGCGAG,15,3332299
rspAp,1.2857142857142858,30,13,CGTGGCAGTCCAGAAATCTT,17,3326944
rspAp,2.5,47,13,CGTGCTGTCGGAAGCCATAT,34,3317994
rspAp,0.8571428571428571,24,13,CGTCGGGGATTCGCAAGATG,11,3331605
rspAp,2.642857142857143,49,13,CGTATGGTTTTGGTGAGTTA,36,3330986
rspAp,1.1428571428571428,28,13,CGGGGTGCGGCAATCGGAAG,15,3314342
rspAp,1.5,33,13,CGGCTGGCGTTATGACAAGA,20,3315078
rspAp,0.42857142857142855,18,13,CGGCGTGAAGAATGTCAGGC,5,3325053
rspAp,0.21428571428571427,15,13,CGGCATTCGTCTATTGACGT,2,3313922
rspAp,1.0,26,13,CGGATTCTACGACTAAATAA,13,3309452
rspAp,2.2142857142857144,43,13,CGGAGCTGTTTCACCTAGGG,30,3328650
rspAp,0.35714285714285715,17,13,CGGAAGGAATTGGGCGTCAT,4,3323849
rspAp,1.1428571428571428,28,13,CGCTATCCAATTCACTATGG,15,3321300
rspAp,0.5,19,13,CGCGGAGTGTAAAAGGGGGA,6,3331207
rspAp,1.1428571428571428,28,13,CGCATTCGCTCCTGACTCGT,15,3325456
rspAp,2.7142857142857144,50,13,CGATTCAATTCTACGTTGTG,37,3332815
rspAp,0.42857142857142855,18,13,CGATCTAAATGAGCAACAAA,5,3328060
rspAp,0.42857142857142855,18,13,CGATAACACTCAGGGGGCAT,5,3324341
rspAp,0.21428571428571427,15,13,CGAGTTAGGCTAATTTAGCA,2,3328115
rspAp,1.0714285714285714,27,13,CGAGTGCTAGCCTCCCGAGC,14,3314165
rspAp,0.42857142857142855,18,13,CGAACTGGACGCCCTCAAAA,5,3310414
rspAp,0.8571428571428571,24,13,CCTGCCCAGAATGCTCCGAG,11,3323816
rspAp,1.0714285714285714,27,13,CCTCACAGCATGGGGTACGT,14,3310489
rspAp,0.9285714285714286,25,13,CCTAGTCTTCGGGACCCGGT,12,3321397
rspAp,0.6428571428571429,21,13,CCCGTCCTCCATGTAACTCG,8,3326285
rspAp,3.357142857142857,59,13,CCAGGCGAGACCTTGGCTGA,46,3311316
rspAp,0.2857142857142857,16,13,CCACGTAGCCGATGGTTCTG,3,3320860
rspAp,0.5714285714285714,20,13,CATTAGATGATGTGATAGGG,7,3316459
rspAp,0.21428571428571427,15,13,CATCTGTTCGCTATGCATAT,2,3316451
rspAp,0.5714285714285714,20,13,CATCCGCGCTGCCCCTAAAA,7,3318164
rspAp,0.6428571428571429,21,13,CATCACGGAAGACTCAATTG,8,3332591
rspAp,0.14285714285714285,14,13,CATATCTGCCGTTGCTGAGA,1,3329112
rspAp,0.35714285714285715,17,13,CAGTATGCCGAACTAATTCC,4,3318609
rspAp,0.5714285714285714,20,13,CAGTATAGCTGGAGACTTTT,7,3326723
rspAp,3.0,54,13,CACTTACTGTCGGCAAAACA,41,3312825
rspAp,0.14285714285714285,14,13,CACGGGCATAATATATAAAT,1,3309236
rspAp,1.7857142857142858,37,13,CACGACTCGAACCACAGGCA,24,3324960
rspAp,0.7142857142857143,22,13,CACAATATTGGGCTGCCCAA,9,3315826
rspAp,1.5,33,13,CAATTGTGTAGTTATAGAAG,20,3322935
rspAp,2.0714285714285716,41,13,CAATTCGCATCTCAGGTGTT,28,3311644
rspAp,6.142857142857143,98,13,CAAGGGTCCATGATGATGTT,85,3319639
rspAp,0.14285714285714285,14,13,CAAATTTTTGTAGAACCTCA,1,3317004
rspAp,0.2857142857142857,16,13,CAAATACCACTTCGGCCTTG,3,3318494
rspAp,0.35714285714285715,17,13,ATTTCGTGGGTAAGGTATAC,4,3323064
rspAp,0.21428571428571427,15,13,ATTATAATTGCATTGAAGGT,2,3326234
rspAp,0.7142857142857143,22,13,ATCTTCATCTCAGGCTGGAA,9,3331181
rspAp,0.5714285714285714,20,13,ATCCTCCACCGGCATCGTGC,7,3317336
rspAp,0.8571428571428571,24,13,ATAAGACGTACGTGTGAGCT,11,3309077
rspAp,0.14285714285714285,14,13,AGTGGTTGCGGCTAACAGCT,1,3317140
rspAp,2.4285714285714284,46,13,AGTCGCTTCGTTACTGTGGC,33,3315999
rspAp,0.42857142857142855,18,13,AGTACGTTGAGGGGGTACGT,5,3309654
rspAp,0.2857142857142857,16,13,AGTAAGGCCATGTTAAATAA,3,3327463
rspAp,0.6428571428571429,21,13,AGGGAACACAGAGAGGACAA,8,3312915
rspAp,0.21428571428571427,15,13,AGCCAGACCTGACCAACGCT,2,3321019
rspAp,1.7857142857142858,37,13,AGCAATCATGCAAGTTCAGG,24,3313605
rspAp,0.2857142857142857,16,13,AGAGGTTTTGTGGAAAGCGT,3,3326568
rspAp,1.5,33,13,AGAATGACGTCACCGCTGGC,20,3313967
rspAp,9.071428571428571,139,13,ACTTGCACCAGTCAGGTTTC,126,3319909
rspAp,0.5714285714285714,20,13,ACTTCCCTCTGGGCAGCTGG,7,3329888
rspAp,1.5,33,13,ACTTATGTTGACGTGGTCTT,20,3322762
rspAp,1.1428571428571428,28,13,ACTGGTATTAAAAGCCCCAG,15,3312960
rspAp,1.7142857142857142,36,13,ACTCCTTTTTAATACAATTC,23,3314267
rspAp,0.14285714285714285,14,13,ACTATGTTATTATCCAAGCG,1,3324635
rspAp,0.21428571428571427,15,13,ACCCTCTCTGTCGTTACTTA,2,3313400
rspAp,2.4285714285714284,46,13,ACAAAGAAGATGAGCCGCGT,33,3315793
rspAp,0.35714285714285715,17,13,AATTCTTTTTGACGATTGTA,4,3318329
rspAp,11.071428571428571,167,13,AATAGGGAATGGCTCTAAGC,154,3314867
rspAp,0.5,19,13,AAGTGGTTGGTAATTCTTGA,6,3321650
rspAp,0.42857142857142855,18,13,AAGTCTGTACGACGGCTATA,5,3323647
rspAp,0.21428571428571427,15,13,AAGTAGAACTAAACAGGAAA,2,3311177
rspAp,0.14285714285714285,14,13,AAGACACATTTGGCCCAACC,1,3313169
rspAp,2.0714285714285716,41,13,AAATTGGTTTCCGACCTCAT,28,3319775
rspAp,0.35714285714285715,17,13,AAATTATAAGTATACGTTAG,4,3318743
rspAp,0.23076923076923078,14,12,TTTGCGCGTGTTCCAGAATC,2,3330153
rspAp,2.5384615384615383,44,12,TTTATCCGACCAATTAATTC,32,3316579
rspAp,4.6923076923076925,72,12,TTGTTAGGACTCGGTAAGTA,60,3314296
rspAp,0.7692307692307693,21,12,TTGGGGTCTACGGGGCAAAT,9,3325406
rspAp,0.3076923076923077,15,12,TTGCACGCTTTGTATTATCA,3,3330327
rspAp,0.8461538461538461,22,12,TTGAGTCTGGCCCGGCGGCT,10,3332649
rspAp,0.23076923076923078,14,12,TTCTCTTCCGACAGGCTGAC,2,3310138
rspAp,5.0,76,12,TTCCGTTCGACGGGCAGTCT,64,3319907
rspAp,1.0,24,12,TTAGTGTTATGCCATTACGC,12,3308988
rspAp,0.23076923076923078,14,12,TTAGATGGATACAATATACT,2,3332441
rspAp,3.1538461538461537,52,12,TTAAAGTCCGATTGGGCGGG,40,3311737
rspAp,2.0,37,12,TGTTGGCGCCGTCAATCCTC,25,3311223
rspAp,0.46153846153846156,17,12,TGTGCGGGGCTCGCATGAAG,5,3309686
rspAp,1.8461538461538463,35,12,TGTGAAGCACAGGAGTCTTG,23,3310120
rspAp,1.4615384615384615,30,12,TGTCCACACCTTTGAGTCCC,18,3312038
rspAp,7.6923076923076925,111,12,TGGTAACCGGTGGAGCCTCA,99,3317273
rspAp,0.46153846153846156,17,12,TGGGGTGTCGCGATGGAGCA,5,3324306
rspAp,4.153846153846154,65,12,TGGATTCGTATAAATAGTAC,53,3325995
rspAp,3.4615384615384617,56,12,TGCTGCGCATGGGTGAGACA,44,3317003
rspAp,1.5384615384615385,31,12,TGCGGTTAGTGGCTTTTTTC,19,3315713
rspAp,0.3076923076923077,15,12,TGCCAGTGATTCCTCTTTGT,3,3331832
rspAp,0.38461538461538464,16,12,TGAGCGGCAGGGCCTTCCTC,4,3318023
rspAp,1.9230769230769231,36,12,TGAGATGTCGGGTCGCCCTA,24,3310867
rspAp,0.15384615384615385,13,12,TGACCTGATTAGCGCAGACC,1,3328251
rspAp,0.9230769230769231,23,12,TGAATCTTTAACACAAATGC,11,3325042
rspAp,0.5384615384615384,18,12,TGAAAAGGGATGGTCGAATA,6,3319854
rspAp,0.7692307692307693,21,12,TCTGGGTTACTCCTTGGGAT,9,3318855
rspAp,4.769230769230769,73,12,TCTAGGACCGTACGGTAATA,61,3331223
rspAp,0.46153846153846156,17,12,TCGGTGTGGCTAGATTTCTT,5,3329378
rspAp,0.3076923076923077,15,12,TCGGGGACCAAAGGGCAGGT,3,3318662
rspAp,4.769230769230769,73,12,TCGCTCTTTAATCTTCGGCA,61,3321651
rspAp,0.8461538461538461,22,12,TCGCCTTGAGCCCACTGGAC,10,3320555
rspAp,3.8461538461538463,61,12,TCCAGCTTTTTGTAAGCAAG,49,3327301
rspAp,1.7692307692307692,34,12,TCAGGTAACCTATTATCTTA,22,3320052
rspAp,0.38461538461538464,16,12,TCACGTAGTATCGGTCAGCC,4,3323763
rspAp,0.6923076923076923,20,12,TCAAGTCAGATATACCACAT,8,3331607
rspAp,1.0,24,12,TAGGCGGCATTGGGATGCCC,12,3318116
rspAp,4.076923076923077,64,12,TACTAGGTTACAGCACTCAA,52,3329847
rspAp,3.4615384615384617,56,12,TAAAATAATGGAAGATGTAG,44,3327228
rspAp,0.46153846153846156,17,12,GTTTGCAGGCAGGAGTCGAG,5,3310765
rspAp,0.15384615384615385,13,12,GTTGGGTCGCCGCGGGGAGA,1,3310864
rspAp,3.0,50,12,GTTGGAATGAATGTGGCTAC,38,3314067
rspAp,0.5384615384615384,18,12,GTTCTCCGCCTTTACCCGGA,6,3313972
rspAp,2.076923076923077,38,12,GTTACGTTGGTGTGCAGTTC,26,3316975
rspAp,0.23076923076923078,14,12,GTGGTGCTAGGTTCCTCCTA,2,3322368
rspAp,0.5384615384615384,18,12,GTGCGCCCTCATCACGGAAG,6,3326448
rspAp,1.4615384615384615,30,12,GTCGGTCCGCTGGTGCGAGG,18,3315120
rspAp,0.5384615384615384,18,12,GTATTCAGGGTTGGCACTTT,6,3310657
rspAp,0.7692307692307693,21,12,GTAATTATGTCAGCTCCCAA,9,3314904
rspAp,0.3076923076923077,15,12,GGTTTACACCTATACGGGGT,3,3314714
rspAp,1.7692307692307692,34,12,GGTGACCGCCGATTAGATGA,22,3309155
rspAp,0.8461538461538461,22,12,GGTCGTCAAACATGGACAAA,10,3320205
rspAp,0.23076923076923078,14,12,GGTCGATATTAATTCATAAT,2,3328007
rspAp,0.7692307692307693,21,12,GGGTTTCGTTCACTGGTTAC,9,3326425
rspAp,0.46153846153846156,17,12,GGGTGGACCAGACCTTTAAG,5,3332368
rspAp,0.6153846153846154,19,12,GGGCCACGACGACGCCATTG,7,3326585
rspAp,0.6153846153846154,19,12,GGGAGAAACTTTATGCTAAA,7,3330048
rspAp,1.6923076923076923,33,12,GGGACAATAATCATGTTGCT,21,3309056
rspAp,0.9230769230769231,23,12,GGCTGGGCATTCGCGGGACT,11,3321692
rspAp,0.6153846153846154,19,12,GGCTGAACCTCCGGTACGAA,7,3325799
rspAp,2.1538461538461537,39,12,GGCGGCCGCTGGCTTCTAAT,27,3311147
rspAp,1.8461538461538463,35,12,GGCGCTCCGTTAATACGATA,23,3325868
rspAp,1.1538461538461537,26,12,GGATGTTCGGGCTTATGAAG,14,3316314
rspAp,0.38461538461538464,16,12,GGATATGGCTGGGTACACGA,4,3317640
rspAp,1.1538461538461537,26,12,GGAGCTAGCCCACGTCAGCC,14,3320604
rspAp,0.9230769230769231,23,12,GGACTGGATAATTTATTATT,11,3323845
rspAp,0.8461538461538461,22,12,GGACAAGCTAAGATTGACGT,10,3328130
rspAp,0.6153846153846154,19,12,GCTTTTTCCTGTGCGTGTGT,7,3313168
rspAp,0.8461538461538461,22,12,GCGTACTAAGGTCCGTCCGA,10,3323272
rspAp,1.3076923076923077,28,12,GCGGTTTAGAAGCTCATCTG,16,3309973
rspAp,0.23076923076923078,14,12,GCGGTCAAAACTATAAGTAG,2,3315921
rspAp,1.6923076923076923,33,12,GCCTGGGGTAACACGGCATA,21,3317677
rspAp,0.38461538461538464,16,12,GCCTGAAGGTTGCAAAGTCA,4,3314967
rspAp,1.0769230769230769,25,12,GCCCCTTATGTCCTCGCGTT,13,3325285
rspAp,0.7692307692307693,21,12,GCCCAGGATTCGTCTCCATA,9,3332013
rspAp,0.7692307692307693,21,12,GCAGTCCCAACCGTTTAGTA,9,3317651
rspAp,0.5384615384615384,18,12,GCACCATTTATGGTTCGCCA,6,3331011
rspAp,0.5384615384615384,18,12,GATTGCACCTCGTCGCATGC,6,3323404
rspAp,0.5384615384615384,18,12,GATAGATTGCGTCTGTTTTA,6,3327293
rspAp,1.3846153846153846,29,12,GATAGAAAAAGCGCGCATTT,17,3310232
rspAp,0.6153846153846154,19,12,GAGTGCTTACCGTTGCGGCC,7,3323433
rspAp,1.3846153846153846,29,12,GAGACAGCCGATGTCGGCAA,17,3315152
rspAp,1.1538461538461537,26,12,GACCCAGAGAGGCGGTTTCA,14,3324312
rspAp,1.3076923076923077,28,12,GACATATAGTGCTCGCAGAA,16,3314822
rspAp,0.6923076923076923,20,12,GAATCCACTTCGAATGTTGT,8,3328863
rspAp,0.15384615384615385,13,12,GAAGATCCATATCGTCAGGT,1,3313190
rspAp,3.4615384615384617,56,12,GAACCACACTACAATCGGTT,44,3327101
rspAp,1.1538461538461537,26,12,GAAATTCCCTGCCCCTTTGA,14,3318915
rspAp,0.9230769230769231,23,12,CTTTTTCATAGTCATGATAT,11,3322597
rspAp,0.8461538461538461,22,12,CTTTGTATAATATTTTCATG,10,3333270
rspAp,1.7692307692307692,34,12,CTTGTGGCACTTAATTGGTT,22,3315550
rspAp,0.3076923076923077,15,12,CTTCTAGTTTAAGGGAGATG,3,3311452
rspAp,0.6153846153846154,19,12,CTTCGATTACTGAGCACGTA,7,3321079
rspAp,0.23076923076923078,14,12,CTTCATTCAGCGGGTCCGCG,2,3325620
rspAp,0.5384615384615384,18,12,CTTAATCGGGGATTTATGAT,6,3318882
rspAp,0.46153846153846156,17,12,CTTAACGAACTCCTTGGTAT,5,3310330
rspAp,0.5384615384615384,18,12,CTGTGCAGTGTGCCCAATGT,6,3310394
rspAp,0.6153846153846154,19,12,CTGCGTCTATCGGGTTTAAA,7,3311943
rspAp,0.3076923076923077,15,12,CTGAGATCTCACTCTGATGC,3,3322481
rspAp,1.3846153846153846,29,12,CTCGTCTCTCCCAGACATAC,17,3324446
rspAp,1.0,24,12,CTAGCTGTCTCGAGGCTTTA,12,3332630
rspAp,0.15384615384615385,13,12,CTAGAGCGAAGATTGTATGT,1,3309719
rspAp,0.3076923076923077,15,12,CTAATAGAATAAGATACACA,3,3327095
rspAp,0.23076923076923078,14,12,CGTGATGGGTCCGCCGACGT,2,3326957
rspAp,0.6153846153846154,19,12,CGTAAGTTACAACTGCGGAA,7,3313177
rspAp,8.23076923076923,118,12,CGGTATTACCACGGGTAGTC,106,3324906
rspAp,0.6153846153846154,19,12,CGGGTTGGGGGGTATGCTGA,7,3323699
rspAp,3.8461538461538463,61,12,CGGGTTAGCGCGTACGCCAT,49,3329410
rspAp,1.0769230769230769,25,12,CGGCTGGGTCCCAGTGGCGT,13,3313512
rspAp,0.8461538461538461,22,12,CGGCTGAAAAATCAATGGCA,10,3328498
rspAp,3.5384615384615383,57,12,CGGCCACGCTTCGCGGTTAA,45,3330026
rspAp,1.4615384615384615,30,12,CGCTTTGCGCAGAGGGCGCG,18,3310927
rspAp,2.5384615384615383,44,12,CGCTTGGCATATGGGGTTGT,32,3319012
rspAp,1.0,24,12,CGCGGATACCTCCCACGCTA,12,3321504
rspAp,0.15384615384615385,13,12,CGCGCATCTCTGCTTGTCAG,1,3313653
rspAp,1.4615384615384615,30,12,CGCACAATCTTCATCATATA,18,3309567
rspAp,0.6923076923076923,20,12,CGCAAAAGTCAATGCTGTTT,8,3317017
rspAp,0.38461538461538464,16,12,CGAGTTAGCCTGCGTTTCGT,4,3329823
rspAp,0.15384615384615385,13,12,CGACAAGAGTGCAACTTAAG,1,3321684
rspAp,0.23076923076923078,14,12,CGAAGAAGCGCACGCAGTAT,2,3321390
rspAp,0.23076923076923078,14,12,CGAACACGGAATACTATTGA,2,3330608
rspAp,3.0,50,12,CCTGTGCAATTCACATAGTT,38,3320143
rspAp,0.9230769230769231,23,12,CCTCAGGGCTCTTGAGCCCA,11,3318921
rspAp,7.0,102,12,CCTAGGGAGACCTACATCGT,90,3313971
rspAp,1.3846153846153846,29,12,CCGTTTACGTTTCGTGTCAC,17,3320305
rspAp,0.9230769230769231,23,12,CCGTGACTCCAGTAGGGCGC,11,3325685
rspAp,1.5384615384615385,31,12,CCGCCTGAGCACACGACTGA,19,3309169
rspAp,1.0769230769230769,25,12,CCGAAGTGGGGGATCTTGGG,13,3310099
rspAp,0.6923076923076923,20,12,CCCGTGTTCCGGTATTATTA,8,3323252
rspAp,4.923076923076923,75,12,CCCCGTCGGCTGGCAACGGA,63,3329273
rspAp,0.6923076923076923,20,12,CCCCAACCAGGGTTTCTTCA,8,3321914
rspAp,5.076923076923077,77,12,CCACGCGCTACATGGTCAGC,65,3310053
rspAp,0.46153846153846156,17,12,CATTATGGAAGGGCGTGAAA,5,3327066
rspAp,1.7692307692307692,34,12,CATGGGTAGATTACAGGTCG,22,3310690
rspAp,0.15384615384615385,13,12,CATCGATAAGCGAAGGACGT,1,3328723
rspAp,0.9230769230769231,23,12,CAGTGGGACGTGCCTTGGGC,11,3312147
rspAp,1.1538461538461537,26,12,CAGGTTCCTGACCCATGCGC,14,3326241
rspAp,1.0769230769230769,25,12,CAGGTACCTTGACATTTGTA,13,3317321
rspAp,0.6923076923076923,20,12,CAGGGTGCTTCAGAGAAGAC,8,3331554
rspAp,1.2307692307692308,27,12,CAGGACTTAGAGGTAGACAG,15,3317680
rspAp,0.7692307692307693,21,12,CAGCTGCTAGGTGGCGAAGC,9,3323912
rspAp,1.3846153846153846,29,12,CAGAGTTTTTTCTCCGGCCT,17,3314427
rspAp,1.8461538461538463,35,12,CACATATTTATTCGAACAAG,23,3319283
rspAp,0.6923076923076923,20,12,CAAAAGTCACTAAAGCCCGT,8,3315160
rspAp,0.38461538461538464,16,12,ATTTTCAAAGGCTTTCTAGC,4,3309977
rspAp,0.15384615384615385,13,12,ATTTGATGACCTGGCCAATT,1,3314394
rspAp,1.4615384615384615,30,12,ATTTCTCTTGGGGTGACTTA,18,3319022
rspAp,1.4615384615384615,30,12,ATTCCCTAGGGACATTCATC,18,3318095
rspAp,0.23076923076923078,14,12,ATTATTTCACCCGCGACCCT,2,3312456
rspAp,0.5384615384615384,18,12,ATTATCCGGGGTAGTTCCTG,6,3329579
rspAp,0.15384615384615385,13,12,ATGGGTTCGAAGCTGGAAAG,1,3319221
rspAp,0.9230769230769231,23,12,ATGCTCTGAGGTATGGGCGG,11,3331319
rspAp,0.9230769230769231,23,12,ATGAGGGGGGTATATAGGGT,11,3330530
rspAp,0.8461538461538461,22,12,ATGACACTGAACCTTTTTGT,10,3330643
rspAp,1.6153846153846154,32,12,ATCTGGTCATAAAGAGCAAC,20,3317134
rspAp,0.38461538461538464,16,12,ATCGATAAGGGTTCCACAAT,4,3331837
rspAp,1.0,24,12,ATATTCGGACGCGTACATAC,12,3309595
rspAp,0.6923076923076923,20,12,ATATACACTCGAATCTCTGA,8,3310524
rspAp,2.4615384615384617,43,12,ATAGCTGACCACTTTCCTAG,31,3309912
rspAp,0.5384615384615384,18,12,ATAGACACCACGTTTATTTA,6,3311967
rspAp,1.8461538461538463,35,12,ATAAGGATAGATCATCTTCA,23,3312157
rspAp,0.7692307692307693,21,12,AGTGTGACCTGATCTTCGAT,9,3319853
rspAp,0.6923076923076923,20,12,AGTCTAGACAACCATGTCTG,8,3323882
rspAp,0.5384615384615384,18,12,AGTCCCTCGAGTATGCAGTT,6,3313289
rspAp,3.8461538461538463,61,12,AGTCCAGCTAGACTTGGATG,49,3310239
rspAp,0.9230769230769231,23,12,AGCGGACGCGGGTCGCATTG,11,3319617
rspAp,1.3076923076923077,28,12,AGCGATCTGCGCGATCGTAG,16,3311116
rspAp,2.076923076923077,38,12,AGCCTAAGTCATACATTTCT,26,3322154
rspAp,0.6153846153846154,19,12,AGCATTCAAAAATAGTGTAT,7,3321685
rspAp,0.38461538461538464,16,12,AGCAGACCGGGTACAGGGCT,4,3321403
rspAp,0.38461538461538464,16,12,AGCAACAGCAATAACTCCGT,4,3320253
rspAp,0.9230769230769231,23,12,AGATCCACATGGACGCGTAT,11,3315626
rspAp,0.23076923076923078,14,12,AGAGGTACTTGTTGGCCGTA,2,3316890
rspAp,0.15384615384615385,13,12,AGACATATAGAAGGTAATGA,1,3327231
rspAp,0.3076923076923077,15,12,ACTTACGGGAGTGTATATAA,3,3325617
rspAp,2.076923076923077,38,12,ACTCCGACCAGCCCGTGGGT,26,3319350
rspAp,0.7692307692307693,21,12,ACGCTAAAGGGGCAATGGAG,9,3312538
rspAp,1.5384615384615385,31,12,ACGCCTCTGTTGCTACGGGA,19,3327964
rspAp,0.5384615384615384,18,12,ACGATCCTTTCAGGTGTCAT,6,3321201
rspAp,1.3076923076923077,28,12,ACCGACTCGGATTAAGTGCA,16,3311591
rspAp,1.2307692307692308,27,12,ACCCGTCCCTGCTCACCGTG,15,3327817
rspAp,1.1538461538461537,26,12,ACCAGTAATGGGAACTCACC,14,3313858
rspAp,9.846153846153847,139,12,ACAGTGAGGTTTCCGCGGCT,127,3330756
rspAp,0.6153846153846154,19,12,ACAGGTCCTCAGGCAAAGCA,7,3330446
rspAp,1.3846153846153846,29,12,ACAAGCTTCTACTTTTACTG,17,3311010
rspAp,0.9230769230769231,23,12,AATTGGGCCAGAACTGTGTA,11,3320591
rspAp,0.6923076923076923,20,12,AATGCCGAGAGTGAATGTCA,8,3324036
rspAp,0.15384615384615385,13,12,AATCGACTGCGAGGGATCGA,1,3330668
rspAp,3.923076923076923,62,12,AATCCGCAGGCTTGGGCCAT,50,3309894
rspAp,0.6923076923076923,20,12,AATAACATCACCTACGTCAA,8,3323964
rspAp,1.3846153846153846,29,12,AAGGGTTGGAGCGCAAATAG,17,3313860
rspAp,0.38461538461538464,16,12,AAGGGCACCGCAGGCGTGGA,4,3320013
rspAp,0.8461538461538461,22,12,AAGCTTGACGCTGGGTCGTC,10,3314340
rspAp,2.6153846153846154,45,12,AAGCTCGGTCCCGCGCCACT,33,3331572
rspAp,1.0,24,12,AAGCGTCACTCAGGCGGAAA,12,3330839
rspAp,0.6923076923076923,20,12,AAGCCGCGTCCTGAGACCAA,8,3329684
rspAp,0.6153846153846154,19,12,AAGACTGGGAATCAGCACGA,7,3329221
rspAp,0.38461538461538464,16,12,AACTTTGTTCTGAAAGGTGA,4,3325660
rspAp,0.7692307692307693,21,12,AAAATGTATGACTAGGGATG,9,3328843
rspAp,0.16666666666666666,12,11,TTTGAGCCATTTACCCAGGC,1,3322634
rspAp,0.5833333333333334,17,11,TTTCGGGGGTCGAAGACTTG,6,3310350
rspAp,0.16666666666666666,12,11,TTTCACGGCGCGACGATTAC,1,3317653
rspAp,4.833333333333333,68,11,TTTAATCGGCACGCACTGCA,57,3313089
rspAp,1.75,31,11,TTGTTCGATAAGCTCTCTGA,20,3325979
rspAp,0.3333333333333333,14,11,TTGGGAATCCGGCATTCCAT,3,3329413
rspAp,2.0,34,11,TTCGCGCTTTGACGACTAGA,23,3329873
rspAp,0.25,13,11,TTCCGTTGACCTTTTAACAC,2,3320702
rspAp,1.0,22,11,TTCCCGGGTTCCCTATTGCA,11,3310453
rspAp,0.16666666666666666,12,11,TTCAGTCTCCATCAACGATG,1,3315631
rspAp,3.6666666666666665,54,11,TTAGAGTTGAGGGGATACCC,43,3325335
rspAp,1.25,25,11,TTACGACAGGTATCCGCAGG,14,3331860
rspAp,1.3333333333333333,26,11,TTACAGTCGATGATTGCGCC,15,3317167
rspAp,0.8333333333333334,20,11,TTAAGTCGTAACGATATCCT,9,3327948
rspAp,0.25,13,11,TTAAGGGCGCACACTCCGCT,2,3314614
rspAp,0.5833333333333334,17,11,TTAAGAGTAGATTAGCCGGT,6,3325758
rspAp,1.6666666666666667,30,11,TGTTTGGAGTAAGCGGCGAT,19,3310770
rspAp,0.25,13,11,TGGTTTAGTGATGATTAGGG,2,3317410
rspAp,0.3333333333333333,14,11,TGGGCAAATTCTCTGTCGAT,3,3320780
rspAp,5.833333333333333,80,11,TGGCAGCCAGAGTATGGGTC,69,3313941
rspAp,0.5833333333333334,17,11,TGCTCCAGTGGTATCTGTGT,6,3324189
rspAp,1.75,31,11,TGATCTGTCCCGAGGATCGT,20,3332710
rspAp,0.4166666666666667,15,11,TGATACTTTTGGGTATTAAA,4,3309359
rspAp,1.5833333333333333,29,11,TGAGGACCGACGTGGATGAA,18,3311545
rspAp,14.416666666666666,183,11,TGAGCGCAGGGATATCCTAA,172,3317583
rspAp,0.6666666666666666,18,11,TGAAAGCGCACACACGCTAT,7,3318880
rspAp,0.8333333333333334,20,11,TCAGTTAACGGTGGCGGCAG,9,3328943
rspAp,0.4166666666666667,15,11,TCAGATAGGGCTGGTGAGTA,4,3329752
rspAp,1.4166666666666667,27,11,TCACTGGGAAGATCCCTGCA,16,3331622
rspAp,0.8333333333333334,20,11,TCACCGTTAGTTTTTGGTCA,9,3311085
rspAp,0.9166666666666666,21,11,TCAAAGACACAATGTGACAG,10,3331567
rspAp,1.4166666666666667,27,11,TATCGATGATCCACGTGAAT,16,3312092
rspAp,2.0,34,11,TATCCATACCTGAGGTGAAC,23,3319514
rspAp,2.25,37,11,TAGCGTGAGCCTGTGATTGG,26,3326849
rspAp,1.75,31,11,TACGCCTACATTCGTAGGCT,20,3311450
rspAp,1.1666666666666667,24,11,TACATCTTTCTGATTCTCTT,13,3325901
rspAp,0.8333333333333334,20,11,TACATAGCTTCTGATTGGCA,9,3324061
rspAp,1.0833333333333333,23,11,TAACTCTGAACGTCCCCTAG,12,3323274
rspAp,0.4166666666666667,15,11,TAAAAATAATGATCTTGAAA,4,3328307
rspAp,1.0,22,11,GTTATTGAGTCATCTAGAGG,11,3310661
rspAp,0.16666666666666666,12,11,GTTATAATCCTTGATTGAGT,1,3309147
rspAp,0.5,16,11,GTGGGGCCTCTTTTGGCCTA,5,3314519
rspAp,0.75,19,11,GTCGCGGCTGCCTATTATGC,8,3320614
rspAp,0.5,16,11,GTCATCCCAGAGGCACGTTC,5,3329377
rspAp,0.16666666666666666,12,11,GTCACTTGAGGCGGAAGCCA,1,3321419
rspAp,1.0,22,11,GTCACAGTGCCGGTCCATAT,11,3312389
rspAp,0.6666666666666666,18,11,GTCAAATGCTGTGGACCGCA,7,3315453
rspAp,0.5,16,11,GTATCGGATTCAAACGCAAA,5,3323092
rspAp,1.9166666666666667,33,11,GGTCGAAGGAGCTAGTCCAG,22,3309989
rspAp,0.16666666666666666,12,11,GGTCCCTCACCAGGCGGGGA,1,3333554
rspAp,0.5,16,11,GGTACATTCTTAACTGTAAC,5,3313003
rspAp,1.1666666666666667,24,11,GGGCTTCGTTTTAGAATGAG,13,3321579
rspAp,0.75,19,11,GGCTAGTGAGCCGCGTTACT,8,3312062
rspAp,1.25,25,11,GGCGACGCTCTGTCCTTAAA,14,3312831
rspAp,0.6666666666666666,18,11,GGATTAACGTAGGTGTAGAG,7,3315848
rspAp,3.25,49,11,GCTACGGGGTTGGAACTTAC,38,3323277
rspAp,0.75,19,11,GCGGTAAAGGTGGTGATAAC,8,3332316
rspAp,1.75,31,11,GCGGCGAATCTATGGTAAAG,20,3317962
rspAp,0.16666666666666666,12,11,GCCGCCGTATATAGGGTTTA,1,3330549
rspAp,1.9166666666666667,33,11,GCAGTACCTGTAGAAACGGT,22,3314134
rspAp,0.5833333333333334,17,11,GATTGTCTGAACAGACCTTG,6,3322932
rspAp,1.0833333333333333,23,11,GATAGCGTAACGACTGATTA,12,3320489
rspAp,0.16666666666666666,12,11,GAGATACGAACCGTGCTTAA,1,3318721
rspAp,0.25,13,11,GAGAACGTTCCCCTCCCCCA,2,3324993
rspAp,0.8333333333333334,20,11,GACTGTCTAGCGGTTACAAC,9,3321004
rspAp,0.16666666666666666,12,11,GACCTTGACTCTTCTTTGAA,1,3311252
rspAp,0.3333333333333333,14,11,GAATCGGGCGTGATATCTTT,3,3316984
rspAp,0.8333333333333334,20,11,GAAGGGACAGGTTCTTTTTG,9,3319834
rspAp,2.6666666666666665,42,11,GAACGCTCGTTGACGTAATA,31,3330475
rspAp,3.75,55,11,GAACGAAACTGAGGAACAAT,44,3313910
rspAp,3.0833333333333335,47,11,GAACCCATATCGGGGAACAA,36,3312113
rspAp,1.25,25,11,GAAATTCGGCGTTCAAAAGA,14,3314416
rspAp,0.5,16,11,GAAATTCAGCTACTGAACGA,5,3321393
rspAp,2.0,34,11,GAAATGGCACGCCGGGAACT,23,3310592
rspAp,1.0833333333333333,23,11,CTTCGTAGTTGACCTGCACT,12,3332003
rspAp,0.8333333333333334,20,11,CTTAGACCTATAGTCTGGCG,9,3331776
rspAp,8.916666666666666,117,11,CTGTATTTGCAAGGAGCATT,106,3319916
rspAp,0.9166666666666666,21,11,CTGGTTTTAACCCCACTCAA,10,3309404
rspAp,1.1666666666666667,24,11,CTGGTCAGCGGTAGACTGTC,13,3317260
rspAp,4.0,58,11,CTGGTAGATCGTGTTCGATG,47,3322808
rspAp,0.9166666666666666,21,11,CTGCGACCGGCGGGAGGATT,10,3312570
rspAp,1.1666666666666667,24,11,CTCATACCACGGGTCGGTTG,13,3333063
rspAp,0.9166666666666666,21,11,CTATTCGGTGGTCCTGCCCA,10,3327900
rspAp,1.0833333333333333,23,11,CTATCAGCTTTAGTTGCGAT,12,3326655
rspAp,0.25,13,11,CTAGTATTCGATGGGTGCCC,2,3309838
rspAp,0.3333333333333333,14,11,CTAGGCCCGGGATAAAAAGG,3,3319032
rspAp,0.16666666666666666,12,11,CTACTTCTTTTCATCTAATA,1,3317768
rspAp,0.3333333333333333,14,11,CTACGCATCTGCCACTCGAT,3,3317610
rspAp,0.25,13,11,CTACATTGTGGTCGGTACAT,2,3323019
rspAp,0.3333333333333333,14,11,CTAATGGCCACTTCAACCTT,3,3315837
rspAp,2.5,40,11,CTAACCACATCTATCGAACG,29,3328840
rspAp,0.6666666666666666,18,11,CGTAGTACACGAGGGCTGGG,7,3317905
rspAp,0.25,13,11,CGTAGCTAAAGCTACACATA,2,3317880
rspAp,2.6666666666666665,42,11,CGGGGGTATGGAGGCTACTG,31,3322010
rspAp,0.16666666666666666,12,11,CGGCGAACGAAATTTTTACA,1,3321469
rspAp,1.0833333333333333,23,11,CGGATAAAACGGCTTCAGTC,12,3320276
rspAp,4.166666666666667,60,11,CGCCAGACTTGGAGATAAAG,49,3331464
rspAp,0.3333333333333333,14,11,CGAGCATATGGAATTTGAGT,3,3313979
rspAp,0.16666666666666666,12,11,CGACCGCTTCGTGGTGATTA,1,3321759
rspAp,0.16666666666666666,12,11,CCTTTGAGCCTCTTAGAATT,1,3311547
rspAp,0.4166666666666667,15,11,CCTGGGATGAGCAAATTAGC,4,3329885
rspAp,3.5,52,11,CCTAAATCGCGCGACAATCG,41,3309217
rspAp,0.6666666666666666,18,11,CCGGACTATCTAAAAGACTT,7,3321540
rspAp,3.3333333333333335,50,11,CCGCTTTAGAGTAAAACTTA,39,3317212
rspAp,1.1666666666666667,24,11,CCGCAGGGGTAAATCAACAT,13,3319396
rspAp,0.9166666666666666,21,11,CCGAGGATCGTTATAGCGAC,10,3321472
rspAp,2.0,34,11,CCCAGCCTGGCATCTCAGTC,23,3310038
rspAp,14.75,187,11,CATTAATCGAGCGTTCTTCG,176,3329930
rspAp,1.9166666666666667,33,11,CATGACTAGCCTCACGCTCG,22,3324528
rspAp,0.25,13,11,CATCACGATTATTCAAAGAC,2,3314552
rspAp,2.0833333333333335,35,11,CAGTGAAGGACCCTACCTAC,24,3309173
rspAp,0.75,19,11,CAGGCGTTTCGAGACTCCTA,8,3326501
rspAp,1.5833333333333333,29,11,CAGCCATGAACTTGGAGTTA,18,3310464
rspAp,2.9166666666666665,45,11,CACGCGGGACTAGAGGCTAT,34,3317413
rspAp,1.0833333333333333,23,11,CACGCACAGTCACCGTTGCT,12,3322973
rspAp,0.75,19,11,CACCAGTTCCTCTTGGTTGG,8,3316021
rspAp,1.5,28,11,CACAAATAACAATCTCTGCC,17,3320542
rspAp,0.4166666666666667,15,11,CAAGATTTCGCGATGATATA,4,3330930
rspAp,4.833333333333333,68,11,CAACAGGGTCTGAGTACCAA,57,3325037
rspAp,2.5833333333333335,41,11,ATTGTGTGAAAAGCATGAAC,30,3329929
rspAp,0.3333333333333333,14,11,ATTGCCATTTGTTTTTCGGT,3,3328946
rspAp,0.25,13,11,ATTCTCCAGGGCTAAGGGGT,2,3325458
rspAp,0.4166666666666667,15,11,ATGTCGAACTACATATAGTA,4,3313230
rspAp,1.5,28,11,ATGTAGTAACTATGTAGTGA,17,3314043
rspAp,0.9166666666666666,21,11,ATGCGAACTGCTGTGCTTTT,10,3320486
rspAp,5.75,79,11,ATCGAATGTGATCCATCTGT,68,3314860
rspAp,1.75,31,11,ATCCGTCAACAGTTCGGTTA,20,3330987
rspAp,0.75,19,11,ATAGTATTCCGCGGACCATT,8,3324003
rspAp,1.1666666666666667,24,11,ATAGATTTGTGTGCCGTCGA,13,3333242
rspAp,0.4166666666666667,15,11,ATAACCATAAAACTCGTTCC,4,3318736
rspAp,0.3333333333333333,14,11,AGTTGACATCGTCTTTATAC,3,3314094
rspAp,0.16666666666666666,12,11,AGTTACACCAGTTTATTCTA,1,3311155
rspAp,0.25,13,11,AGTGCACCGTCGCTTTCGCT,2,3309085
rspAp,1.6666666666666667,30,11,AGGTTTCGTACGTGACCGGT,19,3317528
rspAp,3.1666666666666665,48,11,AGGGGTTCTATTGGCAATGC,37,3311738
rspAp,0.8333333333333334,20,11,AGGGCCGGGCTTAGTGGTCT,9,3333463
rspAp,1.9166666666666667,33,11,AGGCCGCCACACGTACCTGC,22,3316827
rspAp,1.0,22,11,AGGATATTAAACGATGCGCG,11,3332068
rspAp,2.5,40,11,AGCTCTGCCCTCGGGTGTGG,29,3332761
rspAp,1.0,22,11,AGAGTGCAATACGGTCGGCA,11,3309266
rspAp,0.5,16,11,AGAGTAGGGTAATATAGTAG,5,3331974
rspAp,3.8333333333333335,56,11,ACTTCACGTTGTATCTGGAC,45,3326518
rspAp,1.0,22,11,ACTCCCTGACTAATGGCTGA,11,3321584
rspAp,1.75,31,11,ACTATTATTTGGCATCTAGA,20,3317841
rspAp,1.5833333333333333,29,11,ACTAGCCTAGTAGTCAGCGT,18,3323872
rspAp,1.0833333333333333,23,11,ACTAACTTTTATTTATGCCT,12,3325279
rspAp,11.75,151,11,ACGGGCTACCCCGTGCTCAA,140,3328359
rspAp,1.6666666666666667,30,11,ACGGCCAATAGCCGCTAATT,19,3323046
rspAp,2.5833333333333335,41,11,ACGCGACCAAAAGTATGTAT,30,3332521
rspAp,1.8333333333333333,32,11,ACCTGAACGAAGGCCCGTGC,21,3312639
rspAp,11.833333333333334,152,11,ACCTCGCAGCGACTGAGGGT,141,3324623
rspAp,0.9166666666666666,21,11,ACATTTCTCTTGTGTGTTAC,10,3318675
rspAp,1.9166666666666667,33,11,ACACTTTGCGGCTCCAGCAA,22,3330444
rspAp,1.25,25,11,ACAACGGATTGGCCACTGGT,14,3314925
rspAp,0.16666666666666666,12,11,AATGGGACTTAAGCCACCAG,1,3328487
rspAp,0.9166666666666666,21,11,AATGCGCCGCATAGATTAGC,10,3313790
rspAp,1.3333333333333333,26,11,AATCCATGCGCGCTCGAATG,15,3332891
rspAp,3.4166666666666665,51,11,AAGTTCCGACGAGTCCTACA,40,3316342
rspAp,0.16666666666666666,12,11,AAGCGTAAGGGCCACAAGAA,1,3317292
rspAp,2.0833333333333335,35,11,AACTGTGCTGGGTACCAGAA,24,3312511
rspAp,2.1666666666666665,36,11,AACTAGCACGGGGATTCCAT,25,3327153
rspAp,0.25,13,11,AACTACCTCACCAGCACTGC,2,3330455
rspAp,0.5,16,11,AACGGGGCCATATCAGGTCA,5,3328245
rspAp,1.5,28,11,AACCATGATGTATTAATGAC,17,3325867
rspAp,0.16666666666666666,12,11,AACATTATACGGGGGTAGGA,1,3318019
rspAp,0.6666666666666666,18,11,AAATTTATAGTAACGTCTGA,7,3323533
rspAp,1.1666666666666667,24,11,AAAGGTGGCTACGACTAACA,13,3325019
rspAp,1.0833333333333333,23,11,AAAGGCGGGGCGCGTGCGAG,12,3318016
rspAp,1.25,25,11,AAACTGATGCGCAAGCTTGG,14,3319373
rspAp,1.8333333333333333,32,11,AAACAAGACTCTCCTCTCAG,21,3321887
rspAp,2.0,31,10,TTTTGTATATATCTCGCCCA,21,3314948
rspAp,1.9090909090909092,30,10,TTTTCGGCATGGAAGGTTTT,20,3310031
rspAp,2.4545454545454546,36,10,TTTGAGAATGGCTTCTTTCG,26,3316504
rspAp,0.2727272727272727,12,10,TTGTGTAACGCAGATCAGCT,2,3323901
rspAp,0.36363636363636365,13,10,TTGTCTCATCGAGTCGTCTA,3,3313588
rspAp,0.5454545454545454,15,10,TTGGATGCTAGGGACGACTA,5,3319978
rspAp,1.2727272727272727,23,10,TTGAGGCGCACCCGTGCTTT,13,3321436
rspAp,0.7272727272727273,17,10,TTCGGCTATATGAAGCAACT,7,3327421
rspAp,0.6363636363636364,16,10,TTCCGTTATCTAACCTAATA,6,3316037
rspAp,0.5454545454545454,15,10,TTCCCCTATCGCTTTGGAAA,5,3322643
rspAp,1.2727272727272727,23,10,TTACGGGGTGGAAAACGGGC,13,3315087
rspAp,0.6363636363636364,16,10,TTACGCGCGACGGGTTACGG,6,3316209
rspAp,0.18181818181818182,11,10,TGTTCGCCCCCGGATCGAAG,1,3331803
rspAp,1.3636363636363635,24,10,TGTAGCGGTTTGTTTCGATA,14,3325932
rspAp,0.7272727272727273,17,10,TGGGTTCCCTTGGTGCATAC,7,3316133
rspAp,0.7272727272727273,17,10,TGGGCGAAGAACATGACTCG,7,3328592
rspAp,0.18181818181818182,11,10,TGGGAACGAGGCCGATAAGG,1,3317068
rspAp,0.36363636363636365,13,10,TGGCCTATGGGGTAATAGTG,3,3327064
rspAp,5.2727272727272725,67,10,TGGACCAGTGAGTTCTTGTG,57,3315089
rspAp,0.45454545454545453,14,10,TGCACCCCTGAGTGGTGAGT,4,3318811
rspAp,1.1818181818181819,22,10,TGATGTACGTTTGTAGAGTA,12,3316759
rspAp,0.18181818181818182,11,10,TGATCAGTTTGCGACCTATG,1,3310584
rspAp,0.18181818181818182,11,10,TGATCAGGGTTTTAGACTTG,1,3329693
rspAp,0.36363636363636365,13,10,TGACAGCGTAGCCTTTTAGA,3,3329437
rspAp,0.6363636363636364,16,10,TGAATCCTAGTCCAAAGTCT,6,3316213
rspAp,1.9090909090909092,30,10,TCTGGAAGCACAGGGCGCGA,20,3318513
rspAp,0.5454545454545454,15,10,TCTCGGTAAACCTACTTGCC,5,3310042
rspAp,4.363636363636363,57,10,TCGGCCCAGTTATTGTCGCT,47,3311739
rspAp,1.9090909090909092,30,10,TCGCCGTAGTCTGGAACGCA,20,3325836
rspAp,0.9090909090909091,19,10,TCGCCCCTCACTTAGGGTAA,9,3320361
rspAp,0.7272727272727273,17,10,TCGATAGTGGTTAGATGATT,7,3328676
rspAp,0.6363636363636364,16,10,TCCTTATGGGAAAAGTTTTC,6,3323525
rspAp,2.8181818181818183,40,10,TCCTCAGAGCGACTCGGTTT,30,3314046
rspAp,1.4545454545454546,25,10,TCCGTGTAACGCTGGCTTTA,15,3317394
rspAp,1.7272727272727273,28,10,TCCGAGGCCCGTATCCGGAC,18,3318846
rspAp,0.18181818181818182,11,10,TCCATGAATCGTTTATACCC,1,3327592
rspAp,1.9090909090909092,30,10,TCAAGCTATAGCGAGTTCGT,20,3325949
rspAp,0.8181818181818182,18,10,TATTGCACCATTTGTTAGCA,8,3324565
rspAp,0.36363636363636365,13,10,TATCTTCAAAGCAGATGGAA,3,3312745
rspAp,0.45454545454545453,14,10,TATCACATCACTTGCAATGT,4,3316273
rspAp,0.5454545454545454,15,10,TATACCGAGCCACGACTCGG,5,3315919
rspAp,11.909090909090908,140,10,TAGGCCAAGTTGTCTCATAA,130,3312384
rspAp,1.7272727272727273,28,10,TAGAACCACTTCTTGTCATC,18,3312298
rspAp,0.18181818181818182,11,10,TACCTTCGAGGGAGTGAACG,1,3323480
rspAp,0.5454545454545454,15,10,TACCCTTGTATTAGCTTTGT,5,3316677
rspAp,0.36363636363636365,13,10,TAACGATATGATATCTGGCT,3,3318111
rspAp,0.2727272727272727,12,10,TAACATGATTCCGCGTGACA,2,3309757
rspAp,0.5454545454545454,15,10,TAAATGGAAGTTGACGCGTC,5,3309841
rspAp,1.9090909090909092,30,10,GTTTCAGGGGACTTGTACTC,20,3310315
rspAp,12.090909090909092,142,10,GTTTACCACGTTGCAGCAAA,132,3312357
rspAp,4.636363636363637,60,10,GTTGCGATACTTGTGTCAAG,50,3328408
rspAp,1.1818181818181819,22,10,GTTCAAAGCCTCTACGTAAA,12,3321981
rspAp,1.2727272727272727,23,10,GTTATACGATTCATTACTTA,13,3323564
rspAp,1.2727272727272727,23,10,GTGGGGACTCTCACGGGTCT,13,3317806
rspAp,1.7272727272727273,28,10,GTGGATGCGGTCCCATAATC,18,3317409
rspAp,0.9090909090909091,19,10,GTCCGTAGAATCAGGGCGTT,9,3332186
rspAp,0.7272727272727273,17,10,GTAGGCGGCATGGTTCTTCC,7,3315140
rspAp,0.36363636363636365,13,10,GTAAAGTAGTACCGTTCGGT,3,3309326
rspAp,1.3636363636363635,24,10,GGTTGCCTGAGAGCGCGAGA,14,3326683
rspAp,0.8181818181818182,18,10,GGTCTGGTCCTATCCAGGTA,8,3309552
rspAp,0.2727272727272727,12,10,GGTCTGAGACTCATCAAGGA,2,3314689
rspAp,3.1818181818181817,44,10,GGTCCGCAGAAACACATGGG,34,3310901
rspAp,0.5454545454545454,15,10,GGTCCGATGAAGTTAGTCTG,5,3322760
rspAp,0.36363636363636365,13,10,GGTCAAGGGCACACACAGGG,3,3322226
rspAp,0.36363636363636365,13,10,GGGTGGGACGCAGACAAGGG,3,3327566
rspAp,0.8181818181818182,18,10,GGCAGACATGTCCCACACCT,8,3309451
rspAp,0.6363636363636364,16,10,GGATCCTTTATCCGGCTTTC,6,3316692
rspAp,6.0,75,10,GGACCCCCCCCAGCTTCTAG,65,3315356
rspAp,0.2727272727272727,12,10,GGACAGATTCCGATGTATGA,2,3315224
rspAp,1.7272727272727273,28,10,GCTGTTGTCAATGAGGATAG,18,3328174
rspAp,0.18181818181818182,11,10,GCTCGCTATGACCAACGCCT,1,3314268
rspAp,1.1818181818181819,22,10,GCGGGGTTGGTCGTTAAATG,12,3328557
rspAp,0.18181818181818182,11,10,GCGCTAGGAGGACTAAAACT,1,3322247
rspAp,0.18181818181818182,11,10,GCCTTATATATTCCCGCTGA,1,3320221
rspAp,0.45454545454545453,14,10,GCCTGATGGCGACGGTCCAC,4,3332949
rspAp,1.6363636363636365,27,10,GCCTGACCGGCAGCTGTTGG,17,3329866
rspAp,0.36363636363636365,13,10,GCCGTTTGGTCTTGACCGTC,3,3329189
rspAp,0.2727272727272727,12,10,GCCGTGCTTCCGCGTATACC,2,3314808
rspAp,1.8181818181818181,29,10,GCCATTTACATCAAGACAAG,19,3320790
rspAp,0.18181818181818182,11,10,GCATGGCGCGAAGCTATAAC,1,3314526
rspAp,0.2727272727272727,12,10,GCACGTACACATGAACTGGT,2,3309055
rspAp,1.0909090909090908,21,10,GATATCTACTATATCACTCT,11,3316582
rspAp,0.5454545454545454,15,10,GAGGTTTGACAACTCGTTCT,5,3332406
rspAp,1.2727272727272727,23,10,GAGGAAGCCTAGAAGGATAG,13,3313331
rspAp,1.6363636363636365,27,10,GACTTCCGGTAAGAAACTCG,17,3322828
rspAp,1.0,20,10,GACGTTGGCTGCACGGACCA,10,3322998
rspAp,0.18181818181818182,11,10,GACGATCGCGTTGTGTTAAC,1,3317761
rspAp,0.18181818181818182,11,10,GACGAATTAGGCTCCCCGTA,1,3312467
rspAp,0.7272727272727273,17,10,GACACTAGGGGGACATAGCA,7,3325333
rspAp,15.272727272727273,177,10,GAAAGAGAAACCAATGGCGA,167,3331485
rspAp,1.7272727272727273,28,10,CTTCCACCCTTCTACAACGT,18,3332849
rspAp,1.5454545454545454,26,10,CTTACACAAACTCGACTTAA,16,3319384
rspAp,0.5454545454545454,15,10,CTGGTGGAGAGGCGGGTGAG,5,3323578
rspAp,1.1818181818181819,22,10,CTGCTACGATATGCTACAAA,12,3326212
rspAp,0.9090909090909091,19,10,CTGCGGTGGCCCAAAACGGC,9,3327290
rspAp,1.3636363636363635,24,10,CTCTACGTTATGCGTGGAGT,14,3309650
rspAp,0.2727272727272727,12,10,CTCGGAATACAGGCCTCCGC,2,3324049
rspAp,0.18181818181818182,11,10,CTAAAACGTGTATATTACGT,1,3329326
rspAp,0.5454545454545454,15,10,CGTCGTAGGTCATCTATCCA,5,3329237
rspAp,0.2727272727272727,12,10,CGTCCTGTAAATGATGTGGG,2,3330445
rspAp,0.5454545454545454,15,10,CGTATCAGTTTTTCTGGTAG,5,3318477
rspAp,1.2727272727272727,23,10,CGGTGTGTGTCTTTAGATTA,13,3319262
rspAp,0.18181818181818182,11,10,CGGGGTTCGCAGTACTGATG,1,3310868
rspAp,0.45454545454545453,14,10,CGGGACCAAACGGCAAGGGT,4,3315536
rspAp,0.36363636363636365,13,10,CGGCGGCGTTATGCATTACG,3,3314751
rspAp,2.5454545454545454,37,10,CGGCGCTCTGGACGATCTAC,27,3326603
rspAp,0.45454545454545453,14,10,CGGAACCCAATATCCATTCA,4,3316505
rspAp,0.9090909090909091,19,10,CGCTCGTGTTGGTCCTTGAT,9,3324492
rspAp,0.6363636363636364,16,10,CGCGTGTCCACGCTATGAAG,6,3309239
rspAp,0.45454545454545453,14,10,CGAGCGCTCACGAGTCGAAA,4,3312095
rspAp,0.36363636363636365,13,10,CGACTTCTACAATGCAGGCT,3,3323256
rspAp,3.4545454545454546,47,10,CGACTAGATCTCCTATTCAT,37,3324223
rspAp,27.272727272727273,309,10,CGAACAATCTTTCGACCAAT,299,3332961
rspAp,0.2727272727272727,12,10,CCTTGATTTTCTTTGTGGTT,2,3322025
rspAp,1.5454545454545454,26,10,CCGTATGTGTCTTAAGATCA,16,3320314
rspAp,1.0,20,10,CCGTACGTGCCTAGATCCCC,10,3309981
rspAp,0.36363636363636365,13,10,CCGCCCCATTTCTGTACCAA,3,3325823
rspAp,5.7272727272727275,72,10,CCGAAATGAAACATACTTGT,62,3313471
rspAp,0.18181818181818182,11,10,CCGAAAAAGACGGACTGCGA,1,3320866
rspAp,2.6363636363636362,38,10,CCCTCCTACCATTTTAAGCC,28,3309334
rspAp,2.4545454545454546,36,10,CCCTATGGGGGATCTTCTCA,26,3317844
rspAp,3.4545454545454546,47,10,CCCCTGCATCAGGTATAGAG,37,3318756
rspAp,1.5454545454545454,26,10,CCACGTGTCAGCTGGTCTGA,16,3308969
rspAp,0.45454545454545453,14,10,CCAATGTTGCTCTTACGTTT,4,3319941
rspAp,1.6363636363636365,27,10,CCAATCGGGCATCTATTTAC,17,3326048
rspAp,0.36363636363636365,13,10,CCAAGACCTAGCTGAGGGGT,3,3319053
rspAp,5.2727272727272725,67,10,CATGTAGTATGCTGAGAGTT,57,3327214
rspAp,3.0,42,10,CAGACTAGGTCCCTCAGTCT,32,3322683
rspAp,0.5454545454545454,15,10,CACGATACCGAACCTCGTGC,5,3318592
rspAp,1.8181818181818181,29,10,CACGACGATTAAGGACCGTG,19,3332567
rspAp,0.18181818181818182,11,10,CACAGCGGAAACCGGGGGCG,1,3331095
rspAp,0.5454545454545454,15,10,CAACCCCACACATGCTCGGG,5,3320304
rspAp,1.0,20,10,CAACACCGAGGGTGCCCTAG,10,3321837
rspAp,0.18181818181818182,11,10,CAAAGGCCGGCATATGCGAT,1,3330174
rspAp,2.0,31,10,CAAAATCCAGCTAGAACAGT,21,3312772
rspAp,1.7272727272727273,28,10,ATTCGTCAGCCCTCATTATA,18,3330604
rspAp,0.7272727272727273,17,10,ATTCCTAGTTTACGGAATCT,7,3311920
rspAp,0.7272727272727273,17,10,ATTCAAAGATACACATCACG,7,3323232
rspAp,3.727272727272727,50,10,ATTAGCACGTGACGTGATGA,40,3310811
rspAp,1.6363636363636365,27,10,ATTAGAGCATGTTTGCGTAA,17,3325337
rspAp,0.36363636363636365,13,10,ATTAAGATAAGCGGCGTAGT,3,3322073
rspAp,1.1818181818181819,22,10,ATGTCTGAGCGTGGTTGCGC,12,3320273
rspAp,0.8181818181818182,18,10,ATGTACTTCCGAGTTAAGAA,8,3322011
rspAp,0.18181818181818182,11,10,ATGCTGCCCTATTGCGCGCT,1,3311110
rspAp,0.9090909090909091,19,10,ATCTGCCGTCCTAATGACCA,9,3312524
rspAp,3.5454545454545454,48,10,ATCGTAAACCATTTTCCTTG,38,3313387
rspAp,2.0,31,10,ATCGGATGGCTCGAGAGAGG,21,3315645
rspAp,0.6363636363636364,16,10,ATCCCGCTGATTAAGAGGAT,6,3313883
rspAp,0.8181818181818182,18,10,ATCACCCCTCTTGGCACGTT,8,3324415
rspAp,1.6363636363636365,27,10,ATAGGGCTTTCTCGATATTC,17,3322158
rspAp,0.7272727272727273,17,10,ATAGATGCCCGTGAGCTTTG,7,3324588
rspAp,0.7272727272727273,17,10,ATAGACGCCCGAAAGTGACT,7,3312567
rspAp,0.18181818181818182,11,10,ATACTACTTGGGTTCGGAAT,1,3333417
rspAp,0.7272727272727273,17,10,ATACCTGCCGTAAGGAGGCA,7,3328457
rspAp,0.9090909090909091,19,10,ATAAGTGTGGGTCATGGGGG,9,3315232
rspAp,0.2727272727272727,12,10,ATAACGCGGACTCGTACCCA,2,3317101
rspAp,1.9090909090909092,30,10,AGTGTGGATACTCTGCGGGG,20,3327288
rspAp,0.9090909090909091,19,10,AGTGGCCCTTGTCTTCCTAG,9,3323814
rspAp,2.8181818181818183,40,10,AGTGGACTCGGCCCGGGCGT,30,3315881
rspAp,0.2727272727272727,12,10,AGTGATCCGCGGTGTTCCCT,2,3314200
rspAp,0.36363636363636365,13,10,AGGTTAGAAGTGAATCGGGC,3,3325284
rspAp,0.2727272727272727,12,10,AGGTGGGCAGGTAATGCCGG,2,3325640
rspAp,0.18181818181818182,11,10,AGGTCCCATTACATCATCAG,1,3312126
rspAp,0.7272727272727273,17,10,AGGGTCACATTCTTAATGAA,7,3328622
rspAp,0.36363636363636365,13,10,AGGGACATGCTGTCCGTTGA,3,3313543
rspAp,0.5454545454545454,15,10,AGGCGTCGTGACCGTTATCC,5,3329344
rspAp,1.4545454545454546,25,10,AGGCGGTTAGAAGGGACCGG,15,3312910
rspAp,2.272727272727273,34,10,AGGCCCCACACATGATCCTT,24,3314990
rspAp,0.6363636363636364,16,10,AGGATGTATAATTATTTACC,6,3321865
rspAp,1.4545454545454546,25,10,AGCGGCCGAGGTCAAGGGGG,15,3317002
rspAp,1.1818181818181819,22,10,AGCGCTGGATATAGATTGGA,12,3331443
rspAp,0.18181818181818182,11,10,AGCGCGTGGCTCACAAGACT,1,3309381
rspAp,0.18181818181818182,11,10,AGCGCAGACAATGCTGTGCA,1,3332035
rspAp,1.0909090909090908,21,10,AGCGAGACACGGAGGTCGCC,11,3321610
rspAp,1.0909090909090908,21,10,AGATTGTACGTTAGGCCAGC,11,3311696
rspAp,3.4545454545454546,47,10,AGATGGAGTTCAGGAATTAA,37,3312314
rspAp,0.6363636363636364,16,10,AGATCGTTTACCGGATTAAT,6,3323172
rspAp,2.1818181818181817,33,10,AGACCGGACCCTCAGTAGAC,23,3325059
rspAp,1.0,20,10,AGACCATGGCTTTAGAGAAC,10,3322016
rspAp,2.1818181818181817,33,10,ACTTCCGGGGCTTGCTAGTT,23,3319955
rspAp,0.9090909090909091,19,10,ACTTAGTCATTAGCAAGTAC,9,3317647
rspAp,0.18181818181818182,11,10,ACTGGGGACCACGGTTGCTA,1,3322916
rspAp,2.272727272727273,34,10,ACTCGCCTTTAGATTAAAGT,24,3317684
rspAp,0.18181818181818182,11,10,ACTCAATTTACGAAGACTAC,1,3319010
rspAp,1.1818181818181819,22,10,ACTATTCTTCACTGCTCGGT,12,3314063
rspAp,0.18181818181818182,11,10,ACGGTCGGTCAAGTCGTTTA,1,3318511
rspAp,1.0,20,10,ACGGTCGGGCTGATCAAGGC,10,3320925
rspAp,1.6363636363636365,27,10,ACGGTAAAGTAGAATGGGAC,17,3332653
rspAp,1.7272727272727273,28,10,ACGCAAATCGAGGTAAAGGA,18,3319598
rspAp,0.45454545454545453,14,10,ACGAGAAATGTGTTATCCGG,4,3323809
rspAp,1.2727272727272727,23,10,ACCGATCGACTCAAGACTGT,13,3312835
rspAp,0.7272727272727273,17,10,ACATTGGATAAGTCTCTCGT,7,3327793
rspAp,6.2727272727272725,78,10,ACAGGCTTCGAATTAGGTAG,68,3320328
rspAp,0.5454545454545454,15,10,ACACATTGAGTGAATGGAGA,5,3325210
rspAp,1.0,20,10,AATTGGATGGGCCCGCACGT,10,3328200
rspAp,1.9090909090909092,30,10,AATGGATGCCGGTTCTGGTC,20,3324164
rspAp,1.0909090909090908,21,10,AAGTGTATGCTTTCAACGCC,11,3331712
rspAp,0.2727272727272727,12,10,AAGTACTCTATGAATGCATG,2,3321218
rspAp,11.545454545454545,136,10,AAGGTTCGCGGAATTATGGT,126,3313077
rspAp,0.2727272727272727,12,10,AAGCGGGCGCTCAAACCCCT,2,3327963
rspAp,0.6363636363636364,16,10,AACGGTGCTTTATTCCGCCA,6,3327246
rspAp,1.0909090909090908,21,10,AACGGCCTACCGCGAAAAGT,11,3332015
rspAp,0.18181818181818182,11,10,AACATCTGGATGCGTGAGAC,1,3322054
rspAp,0.18181818181818182,11,10,AAATGCTTCTGTCGTGGGGT,1,3325973
rspAp,0.2727272727272727,12,10,AAAGGCAAGCAAGTATTGGT,2,3315834
rspAp,2.1,29,9,TTTTGGTAAGTATGCTAACG,20,3325846
rspAp,0.2,10,9,TTTCTAGTGCCGGAGGGCAC,1,3310301
rspAp,8.5,93,9,TTTCAAAAGAGCAGTTGGTG,84,3326848
rspAp,0.2,10,9,TTGGTCGGGCAGTTCTAGCA,1,3327340
rspAp,1.7,25,9,TTGATATATCCTGACTCTAG,16,3316367
rspAp,0.2,10,9,TTCGTAGGTCAGCCCTTGGG,1,3316661
rspAp,0.5,13,9,TTCGGTCTAGAAGGTTCGAA,4,3319464
rspAp,1.1,19,9,TTCGGTATTTTTAGCCATGG,10,3329434
rspAp,1.4,22,9,TTCGCAGATCAACGGAGCAG,13,3309286
rspAp,0.2,10,9,TTCAGGTAATGCTCGGCCTG,1,3322797
rspAp,0.9,17,9,TTCAAGGAAGGTCAATCAGT,8,3312343
rspAp,7.3,81,9,TTAGGACGACTGGTTGGCAT,72,3321497
rspAp,1.0,18,9,TTACATGGCGCCCGTCGCTG,9,3311527
rspAp,0.9,17,9,TTACACTCGCGATAGTAGTC,8,3329360
rspAp,0.9,17,9,TGTTTATTAGGTCGTTTTAT,8,3314706
rspAp,1.6,24,9,TGTTCGTGGCGTGGCCTAAT,15,3318282
rspAp,0.9,17,9,TGTGCCCAGACGTAATACCC,8,3322831
rspAp,0.3,11,9,TGTGACGGGTCGGCCACGTT,2,3325312
rspAp,0.5,13,9,TGGTGGAGCGTGTGTCTCAA,4,3323831
rspAp,2.9,37,9,TGGGTCAGTACAGCATGGCA,28,3314373
rspAp,1.1,19,9,TGGCATCACGCTTCGATGGG,10,3318110
rspAp,1.3,21,9,TGCGAATTGATTAGATCATA,12,3313973
rspAp,0.3,11,9,TGCCAGAGTGGCGTTATCAT,2,3310958
rspAp,0.4,12,9,TGAGCATTCGGCCCAATAGG,3,3309790
rspAp,1.2,20,9,TGACTTGGTCCTGCAGTGCC,11,3311702
rspAp,8.4,92,9,TGACTCTCTACTATCAAGAG,83,3330761
rspAp,0.2,10,9,TGACGCTCTGATACTAAGGA,1,3327563
rspAp,0.4,12,9,TGAATCTGTGCGTTTGAGTA,3,3322149
rspAp,1.3,21,9,TGAACTCTCCATTGTAATCC,12,3326638
rspAp,1.0,18,9,TCTGGAGGTAAGTCGAAATT,9,3322633
rspAp,3.5,43,9,TCGTACCATGCTGCCAGGAG,34,3309626
rspAp,0.8,16,9,TCGGTAGCGACTCTCTGAAA,7,3326291
rspAp,1.4,22,9,TCGCCTCCATTGTGGTCCTT,13,3328462
rspAp,0.4,12,9,TCCTCGATTGACTTATCTCC,3,3318568
rspAp,0.4,12,9,TCCTACGCTTCCTTTGGCTA,3,3317643
rspAp,3.1,39,9,TCATCGGTGGGGCACGCGCC,30,3326144
rspAp,1.1,19,9,TCAGGTCCAACTCTCGCTCC,10,3332933
rspAp,3.7,45,9,TCAGCCGTCAACGCCAGATG,36,3319440
rspAp,1.1,19,9,TCACAGTCTGCCTAGGCAAG,10,3328520
rspAp,4.5,53,9,TCAAGCCTATTGAGGAAGAA,44,3313300
rspAp,0.2,10,9,TCAACTTTACCTATAAGATT,1,3316514
rspAp,0.3,11,9,TATGCGGCATCTACTATACT,2,3319718
rspAp,1.9,27,9,TATCCCGGAGTTGTTCGCCT,18,3329875
rspAp,0.3,11,9,TATACATTGTTGTTCCCTCC,2,3313932
rspAp,1.4,22,9,TAGAAGGTTTCACGTCTCTA,13,3323502
rspAp,0.3,11,9,TACGCGTGTGATGCTCTATT,2,3310544
rspAp,0.6,14,9,TACGAGCATTTTTGGTTTAT,5,3309797
rspAp,1.0,18,9,TACCCCGAATGGTATTCTTT,9,3321236
rspAp,0.8,16,9,TACACGGTATAAGAGGAATC,7,3329329
rspAp,0.9,17,9,TAATGTTCTTCAAAGGACAG,8,3324007
rspAp,0.4,12,9,TAACCCTGACAGAACTCGCC,3,3325250
rspAp,2.5,33,9,GTTGAATCACTCGAGATCAA,24,3322899
rspAp,0.6,14,9,GTTCGGGGACTCTGAGCAAT,5,3318812
rspAp,0.3,11,9,GTGTTCCCGTGGTCCGTGGA,2,3314185
rspAp,1.5,23,9,GTGTCAGACAAGTGTTATTC,14,3321150
rspAp,1.7,25,9,GTGCCCTGTACCTTTCTATA,16,3327989
rspAp,0.4,12,9,GTGCAGTTCATACCTTGGTT,3,3313807
rspAp,1.5,23,9,GTGATCCCGATAAGTGGCCT,14,3323300
rspAp,0.2,10,9,GTGACATGCCCAGTTGCGCA,1,3322791
rspAp,2.0,28,9,GTGAACCGCCCATTGCCGTC,19,3318302
rspAp,0.7,15,9,GTGAAACTGCGTTGTTCCAT,6,3317534
rspAp,0.3,11,9,GTATTATGGGCGTTATGAGT,2,3328325
rspAp,2.7,35,9,GGTGAACTGCGGCACATTCT,26,3309978
rspAp,1.8,26,9,GGGTGGGGATACCAAGATAA,17,3319256
rspAp,0.7,15,9,GGGTGGCGCCGAAACGTTTG,6,3312744
rspAp,0.3,11,9,GGGGTGTAACCGTGGGACTG,2,3309832
rspAp,4.3,51,9,GGGGGGTTCCTTTCAAAAGG,42,3327678
rspAp,1.6,24,9,GGGGCTCTATGCGTGGGGCG,15,3311692
rspAp,0.6,14,9,GGCTTTAGGCGGGTCAATTT,5,3322538
rspAp,0.7,15,9,GGCTATCAGATTCCGGGTTG,6,3330991
rspAp,0.7,15,9,GGCCTAATCTCGAGTAGCGC,6,3331846
rspAp,3.4,42,9,GGCAACAGCCGTCGCTTTTC,33,3319169
rspAp,0.4,12,9,GGAGATTAATGGGGGATTCG,3,3318295
rspAp,2.1,29,9,GGAAGTAGCCGACAGCATGA,20,3323088
rspAp,0.9,17,9,GGAAACAAGTGTTGTATATA,8,3322082
rspAp,0.3,11,9,GCTTTCCGTAGCTCTGCCCC,2,3324348
rspAp,0.4,12,9,GCTTCTACACCTGTTCTAAT,3,3326598
rspAp,4.1,49,9,GCTTAGTCAGAAGTTCCAGA,40,3326743
rspAp,1.6,24,9,GCTGTTACAAACGCTAAGCA,15,3321733
rspAp,1.1,19,9,GCGTACAAGGTCGGCGGTCC,10,3316917
rspAp,0.8,16,9,GCGGTTGTCCGTAGGCAGAA,7,3318042
rspAp,0.2,10,9,GCGGGCTTACGGCTAGGCTG,1,3322455
rspAp,0.4,12,9,GCGGCCAGGCCCGGGTCACG,3,3320915
rspAp,0.8,16,9,GCGAGGTATCAGTGGATCAA,7,3322175
rspAp,1.1,19,9,GCCTTTAGTATCGAAAGCCT,10,3309738
rspAp,0.3,11,9,GCCGCTGGACCGTCATTAGT,2,3309292
rspAp,0.9,17,9,GCCCGGTATCTACAGGTATA,8,3312155
rspAp,1.2,20,9,GCAGCGCCTAGACGGCTCTC,11,3320311
rspAp,2.0,28,9,GCACATTTATTGGTCTTACC,19,3323536
rspAp,3.0,38,9,GATTGGCTTCATAGGGGATC,29,3313317
rspAp,0.4,12,9,GATGCGACGGAGCAACGTGC,3,3332679
rspAp,4.7,55,9,GATGCCAGTTGATGGGTGGT,46,3322370
rspAp,0.4,12,9,GATCGTCATATCAGCGGGTC,3,3324643
rspAp,1.6,24,9,GACGATGCCCCGCTATAAGT,15,3321599
rspAp,0.8,16,9,GACGAGCTAACCATAAGTAC,7,3313710
rspAp,1.6,24,9,GACCGTTAAGGAAATCCTTC,15,3330602
rspAp,0.5,13,9,GACACAGGAGATCTTCGATT,4,3331907
rspAp,2.1,29,9,GACAATTGCGCAATATGAAA,20,3330743
rspAp,0.6,14,9,GACAAAGTGGCGTTTAGTCT,5,3330087
rspAp,0.4,12,9,GAATGAACAGTTCCGGCGAG,3,3318541
rspAp,0.2,10,9,GAATACCGAGCATATTACTT,1,3321023
rspAp,0.3,11,9,GAAGCGAACGCATCGGTTCT,2,3329760
rspAp,2.2,30,9,GAAGCCTAGAGATCTTTGGT,21,3329180
rspAp,3.3,41,9,GAACCGAGTGCGAGATTAGT,32,3313562
rspAp,3.1,39,9,CTTCTGTGCGCTGCTCGCTT,30,3312710
rspAp,1.8,26,9,CTTCAGTTACGATGGCTTCC,17,3326352
rspAp,2.1,29,9,CTGTTGGCTTCAGCAGCCTA,20,3310583
rspAp,1.7,25,9,CTGTGAGTTCACCTCTAGGA,16,3325317
rspAp,8.8,96,9,CTGGGTTTGGCTCGAACTCT,87,3313455
rspAp,2.8,36,9,CTGCAGATCAAACGCGATCG,27,3317364
rspAp,1.0,18,9,CTGAGTTTTAATTGCACCCT,9,3315844
rspAp,1.5,23,9,CTGACATACCGGCATCAGTT,14,3316300
rspAp,1.2,20,9,CTCTGTACTGGTACAGGTGA,11,3323191
rspAp,1.1,19,9,CTCGGAGCGGTAAAGGGGGT,10,3326193
rspAp,2.1,29,9,CTCCCTTTATCGACTGGGCA,20,3324968
rspAp,2.0,28,9,CTAGCTGTGCCGTACCGGTG,19,3325018
rspAp,0.5,13,9,CTAGAAAAATAGTGCCCTTT,4,3313493
rspAp,0.5,13,9,CTACCCAGAGCCAGCTGCGC,4,3309690
rspAp,1.2,20,9,CTAAAAGCTTGATATGCAGA,11,3312957
rspAp,0.4,12,9,CGTGATATCCACATTTCGCG,3,3327272
rspAp,0.3,11,9,CGTCCCCAGGTCATCTTTTG,2,3309991
rspAp,2.8,36,9,CGTATTTTCGCAATAGGAAC,27,3332587
rspAp,0.2,10,9,CGTATGCGGGCGAGTACTCA,1,3324104
rspAp,1.0,18,9,CGTAGCCAGCTTTCCGGATC,9,3322258
rspAp,1.5,23,9,CGGTGTAGTCAAGGATTTCC,14,3313942
rspAp,0.5,13,9,CGGGCGGCATAATAGTGATT,4,3316236
rspAp,1.3,21,9,CGGCAGGTAGCCGGTATGGT,12,3309882
rspAp,2.9,37,9,CGGATACGCCGTTGGTCTGC,28,3310216
rspAp,0.8,16,9,CGGAGGCATGATGAGTAAAT,7,3309435
rspAp,0.8,16,9,CGCGTACTACTTACTCCAGT,7,3320985
rspAp,1.8,26,9,CGCGACATGTTGAACGCACG,17,3321623
rspAp,1.8,26,9,CGCAGTAGGTCTTTCTTCGC,17,3329916
rspAp,5.8,66,9,CGAGATCCGAAGCTTCAAAA,57,3315704
rspAp,0.7,15,9,CCTCCCACTCGGACTCAATG,6,3326417
rspAp,1.9,27,9,CCGTGGTATCGCAGATGCAT,18,3313926
rspAp,0.9,17,9,CCGGTAGCCTCACCTGCGCT,8,3326886
rspAp,0.8,16,9,CCGGTACCACTATTATACAT,7,3325632
rspAp,0.6,14,9,CCGGCCATCACCGAATTCAC,5,3316015
rspAp,3.4,42,9,CCCTGGTACTGGCGAGTTGA,33,3329931
rspAp,0.9,17,9,CCCTGCAATACGAATACTAC,8,3321410
rspAp,0.2,10,9,CCCGTGTGTTCTGTGACGTG,1,3316458
rspAp,1.6,24,9,CCCCCAAAGTAACTTTAATT,15,3319242
rspAp,1.6,24,9,CCACGCCTGGCCGTAAGTGC,15,3314690
rspAp,1.1,19,9,CCACATAGTCAATAAGGTAG,10,3318858
rspAp,0.3,11,9,CCAAGATATATGGGAAATAA,2,3325524
rspAp,4.1,49,9,CCAACGGACTAAGGCAGGGC,40,3310937
rspAp,0.8,16,9,CATTGCGTCCTGTATACAGA,7,3333003
rspAp,22.8,236,9,CAGCTTCAGCGCAGGACCCA,227,3331486
rspAp,1.8,26,9,CAGCACAACCTCGACTACTG,17,3325555
rspAp,1.6,24,9,CAGAACTCATATTGTCCAGA,15,3316361
rspAp,1.5,23,9,CACTTGGGATCTTTTTAGGA,14,3332021
rspAp,0.5,13,9,CACTGGGAAGCTCAGGGGCT,4,3310159
rspAp,0.3,11,9,CACCGGCAGAACTTCGGTGC,2,3319613
rspAp,1.2,20,9,CACCATACCTTGTCCCGGAT,11,3317154
rspAp,9.0,98,9,CACACTTCCAAGTGCGCTAT,89,3316600
rspAp,2.3,31,9,CAATATACGCCTGACGTAAA,22,3317489
rspAp,1.5,23,9,CAATACAGCATAGACGAGAT,14,3317386
rspAp,1.3,21,9,CAACTAACGCAATTGAGAAC,12,3319952
rspAp,3.4,42,9,CAACCTAGCCTTAACCAGAA,33,3312494
rspAp,2.5,33,9,CAAAAGCCTAATTCAAACGA,24,3329775
rspAp,0.7,15,9,ATTTTTGACTCCTTAGGCCA,6,3320679
rspAp,0.5,13,9,ATTTACCGCCGAGGTTTGTA,4,3323029
rspAp,2.9,37,9,ATTTACAGCGTCCGCGCAGT,28,3325806
rspAp,0.4,12,9,ATTGTTTCGGCCACTCAGCA,3,3333261
rspAp,0.4,12,9,ATTGGCCGGAACGACCGGAT,3,3333504
rspAp,0.9,17,9,ATTGACTCTGTGACTTATAC,8,3328180
rspAp,0.5,13,9,ATTATTAGGTATCAAGTCTG,4,3317369
rspAp,0.6,14,9,ATTATACGTGGGTATTCATC,5,3315119
rspAp,1.5,23,9,ATTAGTTTAGCGGGACATAT,14,3332938
rspAp,0.8,16,9,ATTAAAAGCGTATCCGTGTT,7,3330894
rspAp,4.9,57,9,ATGTCGCCTCGCGGGCACGT,48,3310035
rspAp,0.3,11,9,ATGGCCCGATAGCATGCCGC,2,3316967
rspAp,0.2,10,9,ATCTGGGAGGGCTACTATGC,1,3318673
rspAp,1.2,20,9,ATCGATTAACGGCTGAGATT,11,3325162
rspAp,14.4,152,9,ATATAATGAACTGTAATATG,143,3325697
rspAp,1.5,23,9,ATACTCGGCTACCCGTATAG,14,3324488
rspAp,0.2,10,9,ATACACTGTGATGCCTCTTC,1,3326100
rspAp,0.4,12,9,AGTGTCCTTCAAGTGTTCTA,3,3322467
rspAp,0.4,12,9,AGTGGTTACCGTTGGGGTAC,3,3322967
rspAp,0.3,11,9,AGTGACAAAAAATTTGAAGT,2,3310872
rspAp,0.3,11,9,AGTCTCCTTAGGGCAGCCTA,2,3322332
rspAp,4.6,54,9,AGTATAGGCTCCTCGATCTC,45,3317689
rspAp,0.4,12,9,AGGTTTAGGCACACTGAGAT,3,3309258
rspAp,0.2,10,9,AGGGTTGAGACCTATCCCAC,1,3310916
rspAp,0.2,10,9,AGGGAAGCACTTACCATCGC,1,3326394
rspAp,0.6,14,9,AGGCATCGAAGCTTCTCATT,5,3311505
rspAp,1.3,21,9,AGGCATCCAAGTAGGGTGGT,12,3324025
rspAp,1.7,25,9,AGCGCCTAGGGTCGCGGCCT,16,3328061
rspAp,3.0,38,9,AGCATAACGACAAAGTTTGT,29,3325390
rspAp,4.5,53,9,AGAATCGATGAGAACGTATC,44,3329963
rspAp,0.8,16,9,AGAACTCTAGCACGCGCTTC,7,3310870
rspAp,3.1,39,9,ACTTCATATCAGGCGGTCTG,30,3327969
rspAp,0.8,16,9,ACTGACGATACTTAGATGTG,7,3330990
rspAp,1.9,27,9,ACTCCCTTTCATTTGTGCCA,18,3315708
rspAp,1.6,24,9,ACTAGCTATGCACAGTGCTT,15,3321714
rspAp,0.5,13,9,ACGCACTGGCGAGCGGTTTG,4,3322554
rspAp,0.3,11,9,ACGCACGCCCTCACTAGCGA,2,3311509
rspAp,0.6,14,9,ACCGGCGCATTGATTAGCGG,5,3323509
rspAp,2.1,29,9,ACCGCGGCGGGCGGCAGTGT,20,3314012
rspAp,0.6,14,9,ACCGCGCGATGGCGAAATTA,5,3312470
rspAp,1.7,25,9,ACCCCAAGACTAGGGAAGGC,16,3321517
rspAp,2.4,32,9,ACAGTTAACCAGAGCATAGT,23,3327316
rspAp,0.4,12,9,ACAGCAATTAGCTCCACTAA,3,3312090
rspAp,0.6,14,9,ACAACAGCCCCGTAACATAC,5,3309346
rspAp,4.4,52,9,AATTTAGCTTTTACACACGA,43,3326012
rspAp,0.4,12,9,AATGAGGTGGTGTCTTTTGG,3,3316921
rspAp,1.7,25,9,AATGACTTGCGGGACGACAA,16,3322028
rspAp,0.7,15,9,AATCTCCGAGCTCTGGAAGG,6,3326726
rspAp,1.6,24,9,AAGACATTCTAGTATCGGCA,15,3311915
rspAp,0.7,15,9,AACTAATGCTTTCCCGCTTA,6,3314732
rspAp,0.7,15,9,AACGTATCGTATGTTTACTA,6,3310983
rspAp,1.6,24,9,AACGAGCGTCGGCTGCGAGG,15,3325689
rspAp,0.6,14,9,AACCTCCAGTCCAAAACTGA,5,3328614
rspAp,0.6,14,9,AACCGTTGATTAACCCCCAG,5,3309074
rspAp,0.2,10,9,AACCCGAGAGTAGTATTAGT,1,3319223
rspAp,1.8,26,9,AAATGCGCGTTCTACTCTTT,17,3322266
rspAp,2.2,30,9,AAATCGTCATTCGTCAAACT,21,3329176
rspAp,4.5,53,9,AAACTAATTATGTTATTCTA,44,3326827
rspAp,4.0,48,9,AAAATAATTCCGCTTAGTTA,39,3317361
rspAp,0.7777777777777778,14,8,TTTTTAGTTTGCTGTCACAA,6,3318636
rspAp,1.5555555555555556,21,8,TTTTGCTTCTTGCACCGCGG,13,3310163
rspAp,0.7777777777777778,14,8,TTTTGCCATCTACACTTTTG,6,3314694
rspAp,1.5555555555555556,21,8,TTTGTACGAGTGAGCAGAGG,13,3313584
rspAp,1.3333333333333333,19,8,TTTAGCATCGTTCCGGCGAT,11,3324523
rspAp,0.4444444444444444,11,8,TTTACACTTGTCCTGGGCTT,3,3316067
rspAp,0.6666666666666666,13,8,TTGTTGGTGTGATTCCAGTG,5,3312464
rspAp,1.5555555555555556,21,8,TTGCTTCCGCTATCGTAACT,13,3313636
rspAp,2.3333333333333335,28,8,TTGCTCCTACGAGTATCGAT,20,3315719
rspAp,0.3333333333333333,10,8,TTCTCCAGGATGTTCCCCCT,2,3325599
rspAp,0.4444444444444444,11,8,TTCTAATGCGCTCGACATGC,3,3319648
rspAp,0.8888888888888888,15,8,TTCCTTCGTGTCTTTTATGT,7,3309265
rspAp,0.2222222222222222,9,8,TTCCTGGGGCCTTCGGTTTG,1,3326691
rspAp,3.2222222222222223,36,8,TTCCAACATGACCGATTTAC,28,3323736
rspAp,0.5555555555555556,12,8,TTCACTCATGCTGGCGTCCT,4,3333454
rspAp,0.8888888888888888,15,8,TTCACTATGCCAATCTCATC,7,3318584
rspAp,0.4444444444444444,11,8,TTATGACTCTCTGGAGAAGT,3,3326408
rspAp,5.111111111111111,53,8,TTAGGCGTTCGCTTCCGGTG,45,3327426
rspAp,2.3333333333333335,28,8,TTAGATCCGTTAAGTCCCGG,20,3322790
rspAp,3.6666666666666665,40,8,TGTCTTACCGCACAACTGGC,32,3318994
rspAp,0.2222222222222222,9,8,TGTATCAAGGTATAATGGCC,1,3330877
rspAp,0.3333333333333333,10,8,TGTAAAGCCAGGTCACAATA,2,3327832
rspAp,0.2222222222222222,9,8,TGGTTCTGAGTGAACAATTC,1,3324206
rspAp,1.3333333333333333,19,8,TGCTCGATCGAGTGTGAGTA,11,3323129
rspAp,4.444444444444445,47,8,TGATTAGGGCTTTTGACTCG,39,3329966
rspAp,0.5555555555555556,12,8,TGATAGGCTCGCTAATAGGG,4,3325428
rspAp,1.5555555555555556,21,8,TGACAGCGATCCGTTGATCT,13,3323047
rspAp,11.444444444444445,110,8,TGAATGAGGGATCAGGGGAC,102,3325850
rspAp,0.5555555555555556,12,8,TGAAGAAGAAAATGTAAATT,4,3310043
rspAp,0.2222222222222222,9,8,TCGTGGAAAAAGTCGCGAGT,1,3330975
rspAp,2.7777777777777777,32,8,TCGGGCATGTTGGACTAGAT,24,3317833
rspAp,3.3333333333333335,37,8,TCGGGAAGGGCCAATCCTCG,29,3314623
rspAp,1.7777777777777777,23,8,TCGCTATACTGTTATCGCCA,15,3321716
rspAp,2.7777777777777777,32,8,TCGCTAAGAGCGGGCAATAT,24,3325764
rspAp,0.2222222222222222,9,8,TCGCCCAGTTTAGTTTGTTA,1,3326328
rspAp,0.8888888888888888,15,8,TCGCCACTGGAACTCAAGGG,7,3322147
rspAp,0.6666666666666666,13,8,TCGACCGAGTTCATAGTTTC,5,3321778
rspAp,0.3333333333333333,10,8,TCGAAATTGTTGCTTGTAGT,2,3311047
rspAp,0.2222222222222222,9,8,TCCTCGGCTTCTAATCATCG,1,3332732
rspAp,15.0,142,8,TCAGCACTTGGATTTGAGCA,134,3321807
rspAp,0.7777777777777778,14,8,TCACAAGGTCCAACTGGCAT,6,3325257
rspAp,1.2222222222222223,18,8,TATTGCGGCTGAGTATAGCA,10,3317767
rspAp,0.3333333333333333,10,8,TATGTTACTGGTCAAGGTTC,2,3309188
rspAp,2.0,25,8,TATGGCCTCGAGGGGTTTCG,17,3321325
rspAp,0.2222222222222222,9,8,TAGCTAGCTCCCGTTAAAGG,1,3328390
rspAp,1.7777777777777777,23,8,TACTGCAGCCGTCAGGGGGA,15,3322977
rspAp,0.2222222222222222,9,8,TACTATCAATCTGGAGATAT,1,3312250
rspAp,0.8888888888888888,15,8,TACGCTAATAAAAGCCGGGT,7,3332985
rspAp,1.1111111111111112,17,8,TACCCTCATCAACGAGGGCT,9,3317387
rspAp,3.4444444444444446,38,8,TACCACTCCACTAGCTCTTC,30,3316474
rspAp,1.0,16,8,TAATTTCAAATCTCCAATAA,8,3322228
rspAp,0.6666666666666666,13,8,TAATGTGCACTCATCGGGCT,5,3319061
rspAp,0.6666666666666666,13,8,TAAGGTTGCGAGGATATAGT,5,3328870
rspAp,1.8888888888888888,24,8,TAACGGTCAAAATACGAAGC,16,3324203
rspAp,1.7777777777777777,23,8,TAACCTTCATGTGGCGATTA,15,3313826
rspAp,1.3333333333333333,19,8,GTTTGTGCACACACGGATAG,11,3310100
rspAp,0.5555555555555556,12,8,GTTTCGCACCACGCCATATC,4,3320346
rspAp,0.4444444444444444,11,8,GTTGCGGTGGGCTTCGAGGG,3,3317037
rspAp,0.5555555555555556,12,8,GTTATAGCTTGGCAGCGCAA,4,3330459
rspAp,0.8888888888888888,15,8,GTTAATCGTACCTTGATAGA,7,3316174
rspAp,0.3333333333333333,10,8,GTGTCGGGAAGGTATCTATG,2,3332512
rspAp,0.2222222222222222,9,8,GTCTCCGTTGCTAGAGCCCA,1,3315982
rspAp,1.2222222222222223,18,8,GTCGCAATTCGACCTACGCA,10,3323766
rspAp,0.7777777777777778,14,8,GTCGATGATGACAGCATTGA,6,3325021
rspAp,0.6666666666666666,13,8,GTCGATCTGATGGATCGTAT,5,3310989
rspAp,0.6666666666666666,13,8,GTCAGCTTAGTCCGCCAGCC,5,3332928
rspAp,0.6666666666666666,13,8,GTCAATCGGTTCGCACGATA,5,3312593
rspAp,2.3333333333333335,28,8,GTATCCCGCTACCGTCCTAG,20,3329832
rspAp,1.2222222222222223,18,8,GTAATATCCATTGGGCTCTC,10,3310852
rspAp,1.6666666666666667,22,8,GTAACTTGAACTCCTTCGCT,14,3325232
rspAp,0.6666666666666666,13,8,GTAAACCGCACACACACCAG,5,3317641
rspAp,3.6666666666666665,40,8,GGTTTAGGTCACACTAACCT,32,3332677
rspAp,1.0,16,8,GGTTAATTAGGCGACAAGGT,8,3316142
rspAp,0.4444444444444444,11,8,GGTGTCGTCAAGGGAACGTG,3,3320630
rspAp,0.6666666666666666,13,8,GGTCGGCCTTAACATAACCT,5,3316881
rspAp,0.8888888888888888,15,8,GGTATAGGAGCGGTGAGTTC,7,3310738
rspAp,6.111111111111111,62,8,GGGTGGTCCAGGCCGTCCTT,54,3329975
rspAp,0.7777777777777778,14,8,GGGGTGATGGCCTATCGCAG,6,3316739
rspAp,0.8888888888888888,15,8,GGGGTCAGTACGACAATCCA,7,3332343
rspAp,0.6666666666666666,13,8,GGGAGACCTAAGGGGATTGG,5,3324687
rspAp,3.0,34,8,GGCTGAGACGATGGGAAGTC,26,3316678
rspAp,2.111111111111111,26,8,GGCGAATGTTCAGTGACTAT,18,3326083
rspAp,0.2222222222222222,9,8,GGATCTACAGAGAGCGCGCA,1,3312899
rspAp,0.4444444444444444,11,8,GGACGGATAGTATGGGAACT,3,3333337
rspAp,1.4444444444444444,20,8,GGAAACTCCCTCACAGAAGG,12,3332522
rspAp,1.1111111111111112,17,8,GCTGATGATGCACCGACAAA,9,3311526
rspAp,0.7777777777777778,14,8,GCTCTCTATAGCGGTCATAG,6,3309995
rspAp,1.2222222222222223,18,8,GCGTTTCAAGGGGAGAGCTA,10,3321839
rspAp,1.4444444444444444,20,8,GCGAACGATTCCCAACGATA,12,3331073
rspAp,2.3333333333333335,28,8,GCCTTCGGTACTTGCGGCAA,20,3319249
rspAp,12.444444444444445,119,8,GCCCGCGCAGGGAACTTATG,111,3319163
rspAp,0.2222222222222222,9,8,GCCCACCTGCGAATTTAACT,1,3326243
rspAp,0.7777777777777778,14,8,GCCAGCATGCGATGTACAAT,6,3332553
rspAp,2.2222222222222223,27,8,GCATTTGTGAATCGATCCGA,19,3310168
rspAp,1.0,16,8,GCATGCTTGATTTGGATTCA,8,3327333
rspAp,0.4444444444444444,11,8,GCATCTATGCAGAACAAGCT,3,3333167
rspAp,11.777777777777779,113,8,GCATCAATTGATTAAGGGGT,105,3325706
rspAp,3.2222222222222223,36,8,GCATAACCATAACTCCCGGA,28,3321465
rspAp,0.6666666666666666,13,8,GCAGACTTTGCAGATGCCGG,5,3319561
rspAp,1.0,16,8,GCACGCAGGTGTCAAATTCT,8,3330752
rspAp,2.5555555555555554,30,8,GCACATGTAGTGAAACCGGC,22,3312884
rspAp,1.0,16,8,GCAAACATATATTAACAACC,8,3310200
rspAp,0.6666666666666666,13,8,GATTACGTACGGTATCAAGA,5,3315843
rspAp,1.4444444444444444,20,8,GATCGCACATAATAGGCCCA,12,3314073
rspAp,1.8888888888888888,24,8,GAGAGACCTACAAGTTTGGA,16,3312638
rspAp,5.0,52,8,GACGGGCTACAGCGTGGGAT,44,3315630
rspAp,0.7777777777777778,14,8,GACCTCAGCCAAAACTAATT,6,3313727
rspAp,0.2222222222222222,9,8,GACCACCTTGTCGCGACTGT,1,3322144
rspAp,1.5555555555555556,21,8,GACCAAGTAGCTTATCGTGA,13,3323308
rspAp,0.8888888888888888,15,8,GACACCAGGTGTCAAAAGGG,7,3321976
rspAp,1.4444444444444444,20,8,GAAGAAACCCCACGAGTAGG,12,3324064
rspAp,1.4444444444444444,20,8,GAACCGGCCGTCGATCAAGG,12,3323828
rspAp,0.5555555555555556,12,8,GAAAGTCGGAACAATTTGAT,4,3309712
rspAp,3.3333333333333335,37,8,CTTGTTGTCTTCACGACCCT,29,3317272
rspAp,0.4444444444444444,11,8,CTTGCGTCCACCCTGTGTAT,3,3315890
rspAp,2.3333333333333335,28,8,CTTCGGGCGCCAGTACTTCT,20,3333106
rspAp,0.8888888888888888,15,8,CTTCATGGGTGGACCAGCCA,7,3329435
rspAp,0.6666666666666666,13,8,CTTCATACTCGGCGACGTAG,5,3331029
rspAp,0.3333333333333333,10,8,CTTCACGGCTGTGCCAACTA,2,3311339
rspAp,2.888888888888889,33,8,CTGTTTGATTATTTTCGAAA,25,3323412
rspAp,0.7777777777777778,14,8,CTGTTAGCAACTAATCAGAT,6,3320842
rspAp,0.2222222222222222,9,8,CTGTCAATTCTTGTGGGAGG,1,3321447
rspAp,0.2222222222222222,9,8,CTGCGTCGCGGCCACCAGTT,1,3324691
rspAp,1.6666666666666667,22,8,CTGCGGGTACTGCCTTCCAG,14,3321643
rspAp,9.222222222222221,90,8,CTGCACCACATATGATGTGA,82,3332627
rspAp,1.4444444444444444,20,8,CTGAGCCGGGATTGCACCGT,12,3331072
rspAp,0.5555555555555556,12,8,CTCTGGCTATTTCCGCACTT,4,3332616
rspAp,2.888888888888889,33,8,CTCGGCGGGTCCAGCCCGCA,25,3316190
rspAp,2.0,25,8,CTCGACAGCAAGTTGGCTGA,17,3326446
rspAp,5.666666666666667,58,8,CTCCAGGAACCGTGCGCATT,50,3317276
rspAp,0.3333333333333333,10,8,CTCATGTTCAGCGGTCGCGT,2,3315785
rspAp,0.7777777777777778,14,8,CTACTGAGTAAACTCGGGGG,6,3319809
rspAp,1.6666666666666667,22,8,CTAAAGGCGGATCCAGTGCT,14,3327800
rspAp,0.5555555555555556,12,8,CGTGGTGCCTAACACAGTGG,4,3329504
rspAp,2.0,25,8,CGTGCAATACGTAAGCTTTG,17,3330188
rspAp,1.4444444444444444,20,8,CGTCTTCAATAAAGTTGGGA,12,3322341
rspAp,3.2222222222222223,36,8,CGTCTGCATCGAATCCATGG,28,3322867
rspAp,0.2222222222222222,9,8,CGTAGTTGGCTTTATATTTC,1,3333446
rspAp,1.0,16,8,CGGTTCGCAAAGTCATCGCA,8,3311705
rspAp,1.1111111111111112,17,8,CGGTCTTGGCTAAGGGTTAC,9,3311065
rspAp,1.5555555555555556,21,8,CGGGGATGTCCGGCATTGAT,13,3332502
rspAp,6.666666666666667,67,8,CGGGCTCTTCTCGTAGCATC,59,3316949
rspAp,11.222222222222221,108,8,CGGGCCAAGCTCAGAAACGG,100,3326845
rspAp,1.6666666666666667,22,8,CGGGAGACCATGGGTCCCAT,14,3315705
rspAp,0.3333333333333333,10,8,CGGATTATTTAGGATACTAA,2,3323105
rspAp,0.6666666666666666,13,8,CGGATCCTGTTCTGAGCCTT,5,3332472
rspAp,2.4444444444444446,29,8,CGGACCCTTTCCGATCGGCA,21,3333233
rspAp,1.7777777777777777,23,8,CGCGTGCCACTACCACCTTC,15,3323269
rspAp,1.4444444444444444,20,8,CGCCGACGCGTACCGAATGA,12,3326881
rspAp,4.0,43,8,CGCAACAGCATGCCGGAACA,35,3313380
rspAp,1.3333333333333333,19,8,CGCAAACCTTGATATAAGCG,11,3316658
rspAp,1.2222222222222223,18,8,CGAGCTGCCCGCTGTCACAA,10,3310280
rspAp,0.2222222222222222,9,8,CGAGCGGAGGTCCCTGGAGT,1,3320344
rspAp,0.3333333333333333,10,8,CGACGGTCGCGGTTAGTCAA,2,3327550
rspAp,0.2222222222222222,9,8,CGACGGCCCGAGACATCTTT,1,3312921
rspAp,0.8888888888888888,15,8,CCTCGGTGCGGATCCGAGCA,7,3318834
rspAp,0.4444444444444444,11,8,CCTCGATCTACCAGCCAGGT,3,3315067
rspAp,0.5555555555555556,12,8,CCTATGCTTGTTGCGGTTAG,4,3312848
rspAp,2.0,25,8,CCGTGAGGAAAGGCTGTGTT,17,3326006
rspAp,2.0,25,8,CCGACTTCTGAACAGCTGCA,17,3312695
rspAp,1.1111111111111112,17,8,CCGACATTCTATGCGCCCGA,9,3310060
rspAp,2.3333333333333335,28,8,CCCTGCAAGATCGATGGACA,20,3320416
rspAp,0.3333333333333333,10,8,CCCGCAGACTCCCATGGCGC,2,3327411
rspAp,2.2222222222222223,27,8,CCCCGACGCTTCTCCCGGGT,19,3328665
rspAp,0.6666666666666666,13,8,CCAGGTAACAAAGTGCCGAA,5,3319861
rspAp,3.6666666666666665,40,8,CCAGCTAGCAAAATGTGCGG,32,3313098
rspAp,0.6666666666666666,13,8,CCACGCTGCCTCGGTGCCAT,5,3312089
rspAp,2.5555555555555554,30,8,CCACAGGTTATATGCACTGA,22,3318716
rspAp,0.7777777777777778,14,8,CCAAGGTGATAACGAGTCTT,6,3317351
rspAp,3.3333333333333335,37,8,CATGTGGCATCGAGAACGGG,29,3315375
rspAp,1.2222222222222223,18,8,CATATACCCTGATTACGTGA,10,3320758
rspAp,0.7777777777777778,14,8,CAGATATGAATACATCCGTA,6,3310412
rspAp,0.2222222222222222,9,8,CAGAAACACCCGGGTTAAGG,1,3321274
rspAp,0.5555555555555556,12,8,CACGACGATATGTCCGTGCA,4,3319831
rspAp,2.4444444444444446,29,8,CACCATGTGGGCATACCCGT,21,3331821
rspAp,0.5555555555555556,12,8,CACAATCGAACGTCCTGTCC,4,3326484
rspAp,1.6666666666666667,22,8,CAATGTTAAGTCCATTTTAG,14,3322233
rspAp,2.111111111111111,26,8,CAATGTGACAGGTGGTTAAG,18,3314752
rspAp,0.3333333333333333,10,8,CAAGTGACGCCGGGCATAGC,2,3318105
rspAp,0.3333333333333333,10,8,CAAGAGTGATCTGCTACGGG,2,3318424
rspAp,2.0,25,8,ATTTCGTTGGGCCAGACAAA,17,3317819
rspAp,0.4444444444444444,11,8,ATTCGCCTTCGAGCATCTAC,3,3327576
rspAp,3.0,34,8,ATTCCGCTGTTGACCCCTAG,26,3308949
rspAp,0.7777777777777778,14,8,ATTATGGTTCAATTGACCAC,6,3324095
rspAp,0.3333333333333333,10,8,ATGTTATGTACTGGAAAAGG,2,3314123
rspAp,0.7777777777777778,14,8,ATGTGGCGCACATGTCATGA,6,3312091
rspAp,3.5555555555555554,39,8,ATGGTATTGTCCGGCATAAT,31,3331419
rspAp,1.0,16,8,ATGGAGGGATTGCGGGTTAT,8,3332789
rspAp,1.6666666666666667,22,8,ATGGACGCCCTCAATCCAGT,14,3309916
rspAp,8.88888888888889,87,8,ATGCTCTACAGCACGTTACA,79,3319364
rspAp,0.7777777777777778,14,8,ATGCGTGACGTCGGGTGTGA,6,3310606
rspAp,1.2222222222222223,18,8,ATGCGTATATGTGCTGCGAC,10,3331342
rspAp,0.4444444444444444,11,8,ATGAGCATATTATCTTGTAT,3,3310786
rspAp,0.6666666666666666,13,8,ATCTTTAGACGTATATTGTG,5,3309803
rspAp,2.4444444444444446,29,8,ATCTTCCGTTCGTACTCTGT,21,3309842
rspAp,0.2222222222222222,9,8,ATCGCGTTTCGATGCCGGAG,1,3310726
rspAp,0.4444444444444444,11,8,ATCGACGCCGAGTGGATCAG,3,3330047
rspAp,1.6666666666666667,22,8,ATCACTCGGTAACGCCCCGA,14,3323928
rspAp,1.5555555555555556,21,8,ATACAAGAGGATGCAGACAT,13,3322685
rspAp,0.3333333333333333,10,8,AGTTCCGATCAAGCCGCTCC,2,3313114
rspAp,0.5555555555555556,12,8,AGTGTTTACATCTCTATACT,4,3330524
rspAp,0.8888888888888888,15,8,AGTGTGAGTGTCACCTTGTA,7,3325870
rspAp,1.0,16,8,AGTCTTAGGACAGCCGTTGT,8,3313110
rspAp,0.3333333333333333,10,8,AGTCCCTCCCCCTTTCTACA,2,3325527
rspAp,2.6666666666666665,31,8,AGTATTTTAGGTCTCATTAA,23,3326882
rspAp,5.0,52,8,AGTAGGGCTTCATTCCAACA,44,3332181
rspAp,0.2222222222222222,9,8,AGGTGCCACGCGCTCCGACG,1,3311427
rspAp,0.5555555555555556,12,8,AGGTCTTGACGCTCGTTCAA,4,3324495
rspAp,0.6666666666666666,13,8,AGGGAATGGGGCCAGCAGCA,5,3313514
rspAp,0.6666666666666666,13,8,AGGAGGGAGTCGGGGGTTCC,5,3332389
rspAp,2.2222222222222223,27,8,AGGAATTCATGAATGTCTGC,19,3316265
rspAp,3.6666666666666665,40,8,AGCTTCGCCAAGAATAGCAT,32,3316338
rspAp,0.3333333333333333,10,8,AGCGGGATAGCTGGTTTGGA,2,3332184
rspAp,1.4444444444444444,20,8,AGCCTCTACCATAACTACTT,12,3318918
rspAp,0.4444444444444444,11,8,AGCCAGCGTCTCATGGATCG,3,3311431
rspAp,2.111111111111111,26,8,AGACCATATAGAGCCAGAGG,18,3321207
rspAp,1.6666666666666667,22,8,ACTGCGCCATTGAAGTAATA,14,3330664
rspAp,1.2222222222222223,18,8,ACGTTAGTAGTCGGGGATTA,10,3325986
rspAp,0.4444444444444444,11,8,ACGTGGGGCTACGACACATT,3,3323631
rspAp,3.2222222222222223,36,8,ACGTCCTTCGAGCTCTGTAG,28,3313302
rspAp,3.111111111111111,35,8,ACGGACCTGAAGTAGTGGGA,27,3328409
rspAp,0.2222222222222222,9,8,ACGAAGGTCTCTGGAGTTGG,1,3315138
rspAp,0.2222222222222222,9,8,ACGAACGCTCTATTCCGCAA,1,3321617
rspAp,1.7777777777777777,23,8,ACCTTTTAGTATCACTAATC,15,3331527
rspAp,2.6666666666666665,31,8,ACCGGCAGGTTTGTCGAGGC,23,3311338
rspAp,0.6666666666666666,13,8,ACCGATGGAACCCGTGCGAG,5,3313590
rspAp,0.5555555555555556,12,8,ACCATCTGCGCTACTAGAGA,4,3309138
rspAp,0.4444444444444444,11,8,ACCAGAATTGGGTATCCTGA,3,3315467
rspAp,1.3333333333333333,19,8,ACCAATGATTGGGTCCAAGA,11,3311870
rspAp,2.3333333333333335,28,8,ACATTTAGTGACCCGGGGCA,20,3333311
rspAp,1.5555555555555556,21,8,ACAGTCTCTTATTAATTCGA,13,3325508
rspAp,1.8888888888888888,24,8,ACAAGCTACCGCTGTGCAAC,16,3324070
rspAp,0.8888888888888888,15,8,AATTTCACGCACCCGCCGTC,7,3311114
rspAp,1.5555555555555556,21,8,AATGCACACTATCACGATTT,13,3312561
rspAp,0.6666666666666666,13,8,AATAGATTAGCGGTTTAAAC,5,3328842
rspAp,1.0,16,8,AATAGACGAATCTATTATAA,8,3327306
rspAp,0.8888888888888888,15,8,AAGGACAACCCCAATCAAGG,7,3320223
rspAp,1.0,16,8,AAGCGTAAGCGCCTACATGG,8,3320505
rspAp,2.4444444444444446,29,8,AAGATCACTTCCCGAGTCAT,21,3332680
rspAp,1.2222222222222223,18,8,AACTCCGACTTTTAACCGCT,10,3325493
rspAp,1.7777777777777777,23,8,AACGGCGGGTGGGATGATCG,15,3323870
rspAp,0.2222222222222222,9,8,AAAGTGCGATGGTATAGGTA,1,3319900
rspAp,1.0,14,7,TTTTATGCGGTTAACGCAAG,7,3318487
rspAp,1.25,16,7,TTTTAATTAGCTTCTAGGTC,9,3312978
rspAp,1.75,20,7,TTTCCTCCAGCGGAAATCAA,13,3319595
rspAp,3.125,31,7,TTTAAGGGGATTTAATTGTA,24,3333281
rspAp,3.0,30,7,TTTAACGTACTACAGGAAGT,23,3315644
rspAp,0.375,9,7,TTGTCGAGATTTACGTCTGA,2,3316875
rspAp,4.5,42,7,TTGGTTTCGAATAAACCCCG,35,3320330
rspAp,3.75,36,7,TTGGGTTACACACCCGGGCA,29,3323835
rspAp,0.25,8,7,TTGGATGGGTGGAAACGGGT,1,3320913
rspAp,1.625,19,7,TTGCTGCAATTCGCCGAGGA,12,3323219
rspAp,1.25,16,7,TTGCGTCCGATAATGTGCTC,9,3325598
rspAp,30.125,247,7,TTGCGCCATCAGAGGGATAG,240,3313060
rspAp,0.625,11,7,TTGACATCGCTGGTTTGGTC,4,3321137
rspAp,2.375,25,7,TTCTAGGCCGTTCTGCCGAA,18,3317403
rspAp,0.375,9,7,TTCGTGCAAGACGTGAAAGT,2,3315257
rspAp,3.5,34,7,TTCGGGTCAGGGCTCTGCAG,27,3312249
rspAp,1.375,17,7,TTCATAGGCGCTCAGAGTAG,10,3324379
rspAp,0.875,13,7,TTATGCATGGAAGACAGGCG,6,3312640
rspAp,4.875,45,7,TTAGGGCCAAGCGTTGCTGA,38,3318268
rspAp,4.0,38,7,TTAGCGTTTAGGCACTGATG,31,3319083
rspAp,1.375,17,7,TTAGAAGATGAACAGGATCC,10,3332535
rspAp,2.5,26,7,TTACGGGTTCGTACACTGAA,19,3331680
rspAp,0.875,13,7,TGTGTACAAAACGGGCGCTT,6,3321578
rspAp,1.875,21,7,TGTCCTTTCTTGGAGCCGGA,14,3322101
rspAp,0.25,8,7,TGTCCGACTTTCCTATTCAA,1,3314018
rspAp,3.25,32,7,TGTCAGCATGTCCACGGACC,25,3310137
rspAp,1.75,20,7,TGTCACTCGATGTTTGCCCG,13,3317006
rspAp,0.25,8,7,TGTCAACCAGGCCCACTGCA,1,3309983
rspAp,2.875,29,7,TGTACATGGCGGGGATTACA,22,3330888
rspAp,3.5,34,7,TGGGTTCGAAGCGAGCTTTA,27,3322809
rspAp,1.625,19,7,TGGGTGATCTCGAAGCATCC,12,3318561
rspAp,0.5,10,7,TGGACGTGGAGGTGCACCAT,3,3321843
rspAp,21.5,178,7,TGGAAGACTAGCCACGAGAA,171,3332866
rspAp,0.75,12,7,TGGAACGCTGCTATCTGCTC,5,3318523
rspAp,1.5,18,7,TGCTGTTATTACGGATACCT,11,3311628
rspAp,5.875,53,7,TGCTGCAGACAGTCAACACC,46,3311735
rspAp,1.75,20,7,TGCGATATCGGCTCACTCGA,13,3324812
rspAp,0.25,8,7,TGCCTAGGAGCAAAGTCCTC,1,3326785
rspAp,1.375,17,7,TGCAGCAATCTCAGTATCAA,10,3321655
rspAp,12.25,104,7,TGATAACCTCATCCACTGAG,97,3309808
rspAp,1.125,15,7,TGAGTTAAACTGTCATTACT,8,3328724
rspAp,1.0,14,7,TGAGTCTAGCAGCCCGATCA,7,3318677
rspAp,2.25,24,7,TGACTGACCTAAGGACCCGT,17,3314356
rspAp,1.375,17,7,TGACTAATGCGCTGTGGGTT,10,3330208
rspAp,0.625,11,7,TCTGTAGGATTGCTATGGGA,4,3324468
rspAp,2.875,29,7,TCTGAATCCTGGTAGAAATC,22,3316196
rspAp,0.5,10,7,TCTACGGGGGCGATATTGTT,3,3330874
rspAp,1.625,19,7,TCGTGTTTTTTTAAGACACA,12,3315200
rspAp,0.375,9,7,TCGTATGCGGGATTGCCTGG,2,3311394
rspAp,0.375,9,7,TCGCTTTAGTTTATGCAGCA,2,3322352
rspAp,1.625,19,7,TCGCTTACATTGGGGAGTGT,12,3315889
rspAp,0.75,12,7,TCGCAAGAACACATAGGCTC,5,3321764
rspAp,2.625,27,7,TCGAGCACCATGCGTGTTTT,20,3332885
rspAp,3.0,30,7,TCCTACAGGACTCTAGAATG,23,3318914
rspAp,3.625,35,7,TCCGAAATGCCGTCGGTCTG,28,3326263
rspAp,0.5,10,7,TCCCCTCTACGCAGGAAGTG,3,3327264
rspAp,0.625,11,7,TCATTAGTGGTCGGGGCAAC,4,3314994
rspAp,3.125,31,7,TCAGTCTTGTCGTTTAAAAG,24,3331722
rspAp,3.0,30,7,TCAGCGCGGGGAGCTTGGAA,23,3326582
rspAp,0.5,10,7,TCACAAAAATCACGGTTCGC,3,3315649
rspAp,5.75,52,7,TCAAAATATTAGGTAGCTAA,45,3313314
rspAp,1.5,18,7,TATTGCCCTTGAACGATAGA,11,3321920
rspAp,0.75,12,7,TATGTCTACCCGGTTGAGAT,5,3315514
rspAp,1.75,20,7,TATGACTCCTGTTACGGCAG,13,3310922
rspAp,1.375,17,7,TATAATTTAACGCCAGCCCC,10,3315915
rspAp,1.375,17,7,TAGTCGCTTCTGAAGGAGGA,10,3329656
rspAp,0.5,10,7,TAGGCAACTCGTTGTTGTAC,3,3324314
rspAp,1.125,15,7,TAGCACCGCGGCATACAAGT,8,3333124
rspAp,0.375,9,7,TAGAGTGGCTTTTGATGTAT,2,3320571
rspAp,0.625,11,7,TACGTGCCACGCACGCCTCC,4,3321215
rspAp,5.25,48,7,TACGGCGGAATTTGATTATC,41,3315888
rspAp,1.375,17,7,TACCTTGCTCTAACTAACCT,10,3325487
rspAp,7.0,62,7,TACCCTTAATAGACCAAATT,55,3312233
rspAp,0.625,11,7,TACACTCTTTGGTGTACGCG,4,3317909
rspAp,0.25,8,7,TAATTACGCCCCGAGTGAAA,1,3310172
rspAp,0.375,9,7,TAAGTGGAGCGACTGGTTAG,2,3323482
rspAp,1.375,17,7,GTTTTTCCGCTCAAAGTCGT,10,3323686
rspAp,16.75,140,7,GTTGCCTTTCAAACTGCAAT,133,3319042
rspAp,27.875,229,7,GTTGAGTGCCTGGTTTGCGC,222,3312368
rspAp,0.25,8,7,GTTCGCGTAGGTACACATTG,1,3312867
rspAp,0.875,13,7,GTGTGACCGCGGCTTGATAA,6,3324346
rspAp,0.375,9,7,GTGTAATCCCGGAGTCGCAG,2,3309402
rspAp,0.375,9,7,GTGTAACTAATGATGGGTCG,2,3311986
rspAp,3.25,32,7,GTGCGACCTATTTCATACCT,25,3331933
rspAp,0.75,12,7,GTGCCCCGTTCAGGCTATCA,5,3320879
rspAp,2.0,22,7,GTGAGCTTAATGCCTCCTGG,15,3327304
rspAp,3.25,32,7,GTCGGACTTGAATCGGTCTT,25,3319365
rspAp,1.625,19,7,GTCAAGACTCAATGCCTCAC,12,3326789
rspAp,0.375,9,7,GTATTGTATGCTCGGAGTTC,2,3329643
rspAp,0.5,10,7,GTAGTCGGGGGATCGCGGTC,3,3330497
rspAp,11.25,96,7,GTAGGGAGCAGGATCTCCTA,89,3311742
rspAp,0.75,12,7,GTAGGAATAGTATAACCCGC,5,3313691
rspAp,1.0,14,7,GGTTTCTGTTGGGTTTTCAT,7,3328674
rspAp,0.375,9,7,GGTGTTCGTAGCCTAAATCA,2,3311229
rspAp,1.0,14,7,GGTGTCCGCGGAGTACACGC,7,3330478
rspAp,3.125,31,7,GGTGAGAATGCCCCCACGTC,24,3333238
rspAp,0.75,12,7,GGTGACGTAACGTTCATACT,5,3311792
rspAp,0.25,8,7,GGTCAAGACCTATATCGAGT,1,3327232
rspAp,1.25,16,7,GGGCATTTCCTACGAAATAA,9,3318844
rspAp,1.75,20,7,GGGCATGTGGGTGGTGGCGG,13,3310678
rspAp,0.625,11,7,GGCCTCTGGTTTACCCTACA,4,3319290
rspAp,1.125,15,7,GGCCGTCTATAGCCAGGTAT,8,3331217
rspAp,6.5,58,7,GGCCGAGAGATCCTCAGGAT,51,3310040
rspAp,1.125,15,7,GGAGCAGTAATACCGTCCTC,8,3317815
rspAp,1.25,16,7,GGAAATTAGACTTGATGTAT,9,3333027
rspAp,0.625,11,7,GCTCATCGTGGTTATGAAGG,4,3329096
rspAp,1.5,18,7,GCTAAACGTACGATGCCCGT,11,3329870
rspAp,0.375,9,7,GCGGCTATGCGATTGTTACA,2,3316737
rspAp,1.75,20,7,GCGACCGCCCAACGAACTAC,13,3321518
rspAp,0.5,10,7,GCCTCGGGTGGATAGTAACC,3,3312371
rspAp,3.5,34,7,GCCTAGGCTACGACAGGTAG,27,3317277
rspAp,0.75,12,7,GCCCGACGACGGGTTGAGTG,5,3310532
rspAp,3.625,35,7,GCCACGAAGCATAATCATAA,28,3320445
rspAp,3.625,35,7,GCCAAACGGAAAGAATTCAG,28,3329223
rspAp,0.375,9,7,GCATTGGTCTGTTTACGGCA,2,3312257
rspAp,0.25,8,7,GCATCCTGGGAGGCTTAAAG,1,3324589
rspAp,0.875,13,7,GCATATTAGTCGCGGTGATA,6,3327683
rspAp,0.875,13,7,GCATAGGTGACCCTTTCATA,6,3319250
rspAp,0.25,8,7,GCACAGTAGCAGGTTGGCCA,1,3332555
rspAp,1.625,19,7,GATGGGTGCACCCGTCGAAT,12,3332563
rspAp,1.375,17,7,GATCGGTGTCGCAGCAATCC,10,3315680
rspAp,2.375,25,7,GATAGTAGCGTCCGCAACGC,18,3314562
rspAp,1.125,15,7,GAGGTCTACAACGATGCAAC,8,3324032
rspAp,1.375,17,7,GAGAGATAAAACTAAGGGTG,10,3328068
rspAp,1.125,15,7,GACGCGCGCCCCATTTACAT,8,3309295
rspAp,1.75,20,7,GACGCCGCCCACTGTCTGTT,13,3323049
rspAp,3.375,33,7,GACCAGCCACGACTAGCCTT,26,3333204
rspAp,0.875,13,7,GACATGGCGCTTCCGCTCGC,6,3331163
rspAp,1.625,19,7,GACAAATGTGACTGATCGCA,12,3314421
rspAp,0.25,8,7,GAAGCCGGGTTCGTAGAGAA,1,3317896
rspAp,1.75,20,7,GAAGCACAAGGAAGTCGGCG,13,3326891
rspAp,0.5,10,7,GAAGATTCCGTGTTCACAAT,3,3329064
rspAp,2.5,26,7,GAAGAGATTCGAACGTCCAT,19,3310914
rspAp,1.625,19,7,CTTTTAGGAAGAGGATTTTT,12,3316385
rspAp,0.75,12,7,CTTGTGAGCGATGCGAAAGA,5,3321520
rspAp,3.5,34,7,CTTGTATCCGAAGGGCCTTT,27,3327218
rspAp,0.75,12,7,CTTGGGTTGATAATACACTA,5,3316339
rspAp,1.375,17,7,CTTGGGAGCGCTAGGACTTT,10,3311206
rspAp,0.25,8,7,CTTGCAACGGCAATGACGAA,1,3322062
rspAp,1.625,19,7,CTTCAGCGGTGTATCAGGGA,12,3324153
rspAp,2.125,23,7,CTGTACGGGTGATGCCATTG,16,3323484
rspAp,0.25,8,7,CTGGGCTTCGTACTCAGCGG,1,3323227
rspAp,3.0,30,7,CTGACCATGACCTCAGTAAG,23,3325909
rspAp,2.0,22,7,CTCGATATTGTTTCACATCC,15,3310580
rspAp,1.375,17,7,CTATATATGGCACTTAAGAA,10,3314764
rspAp,2.25,24,7,CTATACGCTGACTTTGGCTG,17,3323915
rspAp,0.375,9,7,CTATAAGTATGTGTTCTATA,2,3310256
rspAp,1.5,18,7,CTAGCACTTCCCTCACCGAA,11,3332913
rspAp,0.375,9,7,CTACTATGGGTAGTGGTTTA,2,3310865
rspAp,0.375,9,7,CTACCGGAAGTGGCATGGCT,2,3314085
rspAp,1.0,14,7,CTAAGTGATGTGGGACAGGA,7,3310231
rspAp,0.25,8,7,CTAAGCTAGTGGGTTATTGA,1,3314688
rspAp,1.25,16,7,CTAAACCGCGATTACAAACC,9,3318443
rspAp,4.375,41,7,CGTTGGCAGAGCTTATGGTC,34,3309897
rspAp,0.75,12,7,CGTTATGGGGCAGGCATACG,5,3330060
rspAp,1.375,17,7,CGTGCGTGTAGTAGACTGTA,10,3319478
rspAp,0.5,10,7,CGTATATCACATGGTGCCGA,3,3310417
rspAp,1.625,19,7,CGTATAGGGAATGGCGTTCG,12,3332120
rspAp,2.0,22,7,CGTACGACCTGGTTATGATC,15,3327950
rspAp,0.25,8,7,CGGTGGCATCGTCTATCGTG,1,3333567
rspAp,1.625,19,7,CGGTCTATATGAAGTTCAAG,12,3321720
rspAp,1.625,19,7,CGGTAGTATTATAGTCGCGA,12,3318015
rspAp,0.75,12,7,CGGGAGGCACTGTTTGCGGC,5,3318373
rspAp,8.375,73,7,CGGATTACAAACCGTAGCTC,66,3329964
rspAp,0.375,9,7,CGCCGTTAAGCTGGGGGTCC,2,3320044
rspAp,2.0,22,7,CGATATAACGGGTCGTTTTG,15,3309593
rspAp,0.25,8,7,CGAGGTACTGGTTATGGGTA,1,3316613
rspAp,1.125,15,7,CGAGGCGTTGCCAGACACAT,8,3311403
rspAp,0.375,9,7,CGAGCACCGCTGGCATCCTT,2,3325970
rspAp,1.125,15,7,CGACCCGAAGTACGAATTAC,8,3315658
rspAp,0.25,8,7,CCTTCATTAGTTTAGTTTCA,1,3314040
rspAp,1.0,14,7,CCTTCAGTGCTCCGATCTAG,7,3310829
rspAp,0.75,12,7,CCTTCACGCCCCATCTACCA,5,3321564
rspAp,0.625,11,7,CCTGGAAGATATCCGGAAGT,4,3330328
rspAp,1.375,17,7,CCTCTGCTGCTTAAGGCTTG,10,3328728
rspAp,0.25,8,7,CCTCGCGTGCAAAACGTTGG,1,3328978
rspAp,1.125,15,7,CCCCGGCGACCTGATAACGA,8,3319194
rspAp,0.75,12,7,CCCCGCCATGATGTCCAGTT,5,3330292
rspAp,2.375,25,7,CCATTGCTCCTCTGTGCCTA,18,3332209
rspAp,1.25,16,7,CCATGCAATAGCTTAAGACG,9,3327458
rspAp,1.25,16,7,CCAGCGCTACCATGGCAATT,9,3322462
rspAp,0.625,11,7,CCAGAGGTTTATTTAGCTAC,4,3332336
rspAp,1.125,15,7,CCAAGCTCGAGTCTTAAGAA,8,3330463
rspAp,1.625,19,7,CCAAGAAGAGGAAGCTCAAC,12,3310679
rspAp,1.875,21,7,CATGGTCACAAAATCGTTAC,14,3319116
rspAp,1.875,21,7,CATCTTGAGTCCGTGACCGA,14,3319812
rspAp,0.5,10,7,CATCTCTGGGGTATCCAGCC,3,3333218
rspAp,9.25,80,7,CATAGCACTTGCAGGGGCAT,73,3314298
rspAp,2.125,23,7,CAGTTCACGTACATAATGAA,16,3309895
rspAp,0.625,11,7,CAGTGCGTGTCCGTTCTCAT,4,3321421
rspAp,1.0,14,7,CAGTGCCATCTTCCTGAGAA,7,3326715
rspAp,0.5,10,7,CAGTCAGCGCGTAAGCCCGA,3,3327578
rspAp,0.625,11,7,CAGGCAGTAAAGCTGAACCT,4,3313728
rspAp,1.25,16,7,CAGCTCGGCCGCTACGCGCC,9,3323696
rspAp,0.25,8,7,CAGCACTGATGCCGCAGTCG,1,3313306
rspAp,0.875,13,7,CAGCACGAACTGTTTCGGTT,6,3309159
rspAp,0.625,11,7,CAGATACCAGCCGCACACTT,4,3310118
rspAp,1.875,21,7,CAGAGCAGTGTCTAATGGAA,14,3314844
rspAp,0.375,9,7,CAGAGCAACGGGCATAGGAG,2,3329682
rspAp,3.75,36,7,CAGACTCGGCCTTTGCGCGG,29,3330295
rspAp,0.875,13,7,CACTGGCGAACATCGGCATG,6,3327904
rspAp,1.125,15,7,CACGACTATGAATTCCGGTT,8,3321866
rspAp,0.875,13,7,CACCACGTGCCTCAGATTTT,6,3319013
rspAp,1.375,17,7,CAAGGTATCAACCTCCTCGC,10,3318340
rspAp,1.375,17,7,CAACACGAAGTGCGCGACGT,10,3326360
rspAp,2.0,22,7,ATTTCGGGCTGTAAATTATG,15,3329660
rspAp,2.25,24,7,ATTGGCAGTAGTACACCTGA,17,3328701
rspAp,15.5,130,7,ATTGCCATCTGGGCATGCCC,123,3328695
rspAp,2.25,24,7,ATGTTAGCAACTTCTGTAAT,17,3318249
rspAp,1.5,18,7,ATGTGTTACCTAGCACGTGA,11,3329153
rspAp,1.75,20,7,ATGTGAACAGTTCCGGGTCT,13,3321625
rspAp,0.75,12,7,ATGGGCTCTGTAATATTTAG,5,3315046
rspAp,0.375,9,7,ATGGGATCACAGCAGGTGCT,2,3310833
rspAp,0.25,8,7,ATGGACTCGTCCTTCTGTAA,1,3317752
rspAp,1.0,14,7,ATGCGTGTAATTTCGTTATA,7,3321978
rspAp,4.25,40,7,ATGCATCAGGCTCGACACTC,33,3321237
rspAp,2.75,28,7,ATGACGATCCCTCCTGAAAT,21,3331407
rspAp,0.25,8,7,ATCTCACTTCGTAGCAGCCC,1,3314761
rspAp,3.375,33,7,ATCTAGTAACCAACGCTGAC,26,3329146
rspAp,0.375,9,7,ATCCACGGCATCCCTGACCG,2,3309822
rspAp,2.125,23,7,ATCAGAAGTCTGTGTTTGAT,16,3309594
rspAp,1.125,15,7,ATCACGTTCCGATGTGAATC,8,3328037
rspAp,0.625,11,7,ATCACACATCGGTCTCTTCT,4,3333117
rspAp,3.0,30,7,ATACACATTCCGCAATTTCA,23,3314281
rspAp,0.5,10,7,ATAACATATGAAGTAAAATG,3,3316754
rspAp,0.625,11,7,AGTTTAAAGGATCTAGTTTA,4,3331833
rspAp,2.125,23,7,AGTTGCATCGTCGTTCAAAG,16,3326403
rspAp,0.25,8,7,AGTGGGTGAATTAGTTTCAT,1,3310283
rspAp,0.375,9,7,AGTCTGACCGGCCTTCGTTG,2,3324311
rspAp,0.5,10,7,AGTCAACATGGCAAGCAGTA,3,3314791
rspAp,1.5,18,7,AGTATCTCAAACGTGTCCCT,11,3322162
rspAp,1.25,16,7,AGTATATAATTTGAAGTAAA,9,3317492
rspAp,0.25,8,7,AGGTAGATACCGGCCAACGC,1,3318378
rspAp,3.375,33,7,AGGCTTTCGGACAGAACTTT,26,3332883
rspAp,2.375,25,7,AGGCGTTAGCTAGTCGTAAA,18,3327681
rspAp,3.0,30,7,AGGCCGTTGGTTCTACAATA,23,3316583
rspAp,1.625,19,7,AGCTCCTGTTATCGGCCGAA,12,3317539
rspAp,0.375,9,7,AGCAGTTGGTACCTATCTTC,2,3332669
rspAp,4.125,39,7,AGATCTTTACACCGCTTCTA,32,3320864
rspAp,0.5,10,7,AGATACAAGACTGATGGTGC,3,3311977
rspAp,0.25,8,7,AGAAGTAGCCCCCAATGAGA,1,3310339
rspAp,0.625,11,7,AGAAGGATAGGGCAGGACTT,4,3314181
rspAp,0.25,8,7,AGAAAATCGGCCCACTCCGT,1,3318151
rspAp,1.5,18,7,ACTTCAACAAGATGTTGAGT,11,3310121
rspAp,4.0,38,7,ACTTACAATGAGGGCGTTCG,31,3329163
rspAp,2.125,23,7,ACTGGTGCTCAAACTGGCGT,16,3321202
rspAp,1.0,14,7,ACGTTACTTACAGTTTATAT,7,3323385
rspAp,0.5,10,7,ACGTCGATTACACCGAACAG,3,3319628
rspAp,0.375,9,7,ACGGGATCGGATAGGCCAGT,2,3311143
rspAp,0.25,8,7,ACGGGAATTCGTGTCCGCAT,1,3316743
rspAp,15.5,130,7,ACGAGTTCGAGAAGAGACCC,123,3333088
rspAp,2.25,24,7,ACGACGACCGTCGGATGGGC,17,3327472
rspAp,3.125,31,7,ACCTGCGCATACGTTTAACA,24,3316110
rspAp,0.625,11,7,ACCGACCGCTAGCATAAACG,4,3332002
rspAp,0.75,12,7,ACCGAATAGTTCTCGGTGAC,5,3313587
rspAp,1.0,14,7,ACCGAACCCTTAATAATTAT,7,3328052
rspAp,3.0,30,7,ACCAGTACATTGCATTATGT,23,3324438
rspAp,1.125,15,7,ACATTATCGGTACTCTCACC,8,3322075
rspAp,3.125,31,7,ACATCAGTCTTTAGGGTTAA,24,3325394
rspAp,0.25,8,7,ACAGGGTTCGGGGGTAGTGT,1,3309598
rspAp,1.125,15,7,ACACAGCTCGATGCGTAGCC,8,3317791
rspAp,2.125,23,7,ACAAATACAACAGGTGACCA,16,3331604
rspAp,7.5,66,7,AATGGCGCCGGATTTGGAAA,59,3310919
rspAp,0.5,10,7,AATGGCATGAAGTTCTTAAA,3,3328443
rspAp,0.875,13,7,AATCGGTAGAGCAAGCGAAG,6,3312900
rspAp,1.125,15,7,AATCAGGGGAGGACGATCTC,8,3317886
rspAp,2.375,25,7,AATCAGCATCCTAAATGAAC,18,3318250
rspAp,0.375,9,7,AATATGTGGTTTCTACTGGT,2,3325292
rspAp,2.0,22,7,AAGGCCCGGGAAGCCCACGC,15,3312480
rspAp,4.375,41,7,AAGCCGCTGTACTTCCCGGT,34,3328861
rspAp,30.5,250,7,AACTCACGTAGGGCATAAGG,243,3313062
rspAp,0.5,10,7,AACCCCAAATAAGGTGATAG,3,3321896
rspAp,1.625,19,7,AAATTAATTCCCCGGGAAAG,12,3319640
rspAp,0.25,8,7,AAATCATGACGACTCAAACT,1,3320383
rspAp,1.625,19,7,AAAGTGCGTGGTCAGATCGC,12,3329264
rspAp,7.75,68,7,AAACCCCATGCGCTGCGTGA,61,3333104
rspAp,0.25,8,7,AAAATACATGAGCAGCATGG,1,3310647
rspAp,0.5,10,7,AAAAGCATGCGGGACTGATT,3,3329559
rspAp,0.5,10,7,AAAACTACTGTCTTTACAGA,3,3325536
rspAp,32.5,266,7,AAAACACAGTGATGGAGTGC,259,3323352
rspAp,0.7142857142857143,10,6,TTTTAGCGGGGGCAGAGCCA,4,3308946
rspAp,1.5714285714285714,16,6,TTGTTTTGTCTCAACAACGG,10,3320168
rspAp,45.142857142857146,321,6,TTGGTGGCTTGATAGATGTA,315,3324941
rspAp,2.0,19,6,TTGGGTATGTCAAACGATTC,13,3315737
rspAp,1.4285714285714286,15,6,TTGGCCTCTAAGCCATAGCC,9,3330160
rspAp,4.142857142857143,34,6,TTGATTGGCTACTTCTCGGC,28,3329939
rspAp,1.1428571428571428,13,6,TTGACTCGGGTCGAGTTTTT,7,3319631
rspAp,0.7142857142857143,10,6,TTCTTCTCGCCCCGTTAGTA,4,3325603
rspAp,1.1428571428571428,13,6,TTCTTCGTTACGCGTCACGT,7,3316803
rspAp,6.142857142857143,48,6,TTCTGATAACATCCAACTAG,42,3325897
rspAp,13.571428571428571,100,6,TTCTCTGCTAGCGGTCGGAG,94,3333316
rspAp,0.7142857142857143,10,6,TTCTAAACCCTGTACGTAGC,4,3319258
rspAp,1.2857142857142858,14,6,TTCGGAACAGCACAAAAGGA,8,3313301
rspAp,0.2857142857142857,7,6,TTATTAGTATCTATCGTGTG,1,3310769
rspAp,1.0,12,6,TTATCTGGCGAAAGCACGGT,6,3322218
rspAp,3.142857142857143,27,6,TTAGGTAATTAACGGCTACT,21,3331488
rspAp,1.5714285714285714,16,6,TTAAGGGTCTAGCCGCGCAT,10,3327927
rspAp,1.1428571428571428,13,6,TTAAACCCCAGAAGTATACG,7,3324147
rspAp,5.0,40,6,TGTGGACTATCCTTACTAGA,34,3316598
rspAp,0.8571428571428571,11,6,TGTGCCTCGTAGGCTTGAAA,5,3319725
rspAp,1.0,12,6,TGTCGCCAGGAGTATTAGGG,6,3312716
rspAp,1.4285714285714286,15,6,TGTAAGGACCCCGGTTTGTG,9,3316056
rspAp,0.42857142857142855,8,6,TGGTTGCGCTCGTGAACTTC,2,3319882
rspAp,0.5714285714285714,9,6,TGGTTAGACCCTAGTTAAGG,3,3324313
rspAp,2.4285714285714284,22,6,TGGTCTCTGAATTTATACCT,16,3333053
rspAp,0.5714285714285714,9,6,TGGAGGCATGTGGCGTTTGT,3,3332329
rspAp,8.142857142857142,62,6,TGGAATTAGTATCCTGCCCT,56,3320552
rspAp,0.2857142857142857,7,6,TGCTTAGCTGACATATTGCG,1,3326218
rspAp,1.1428571428571428,13,6,TGCACTATCCTTGCTTAACT,7,3312242
rspAp,0.2857142857142857,7,6,TGCAATTTCGCTTAACACGT,1,3314330
rspAp,0.5714285714285714,9,6,TGATCAGGGCGTCGAACGGA,3,3315161
rspAp,0.8571428571428571,11,6,TGAGGTATTGGTACGGTTTT,5,3321874
rspAp,0.7142857142857143,10,6,TCTTGAAGTCACGGTACTCG,4,3324694
rspAp,0.2857142857142857,7,6,TCTTCGTCATTTCCTGTTAT,1,3320736
rspAp,1.1428571428571428,13,6,TCTAGCGTGGTGTGGATAAA,7,3318493
rspAp,0.2857142857142857,7,6,TCTACTGGTGTAACACTTGC,1,3331868
rspAp,1.1428571428571428,13,6,TCTACGGTCAGTCCTCAGGA,7,3311240
rspAp,1.4285714285714286,15,6,TCGTCCCGCAAATATCTGTC,9,3313646
rspAp,2.0,19,6,TCGCGCGGACGTGAGAGGAC,13,3321811
rspAp,2.7142857142857144,24,6,TCGCAAATCATCTCTGCGAG,18,3319594
rspAp,1.1428571428571428,13,6,TCCTCACCACCGCAACCATC,7,3318790
rspAp,2.2857142857142856,21,6,TCCGGCAAGTTACGTTTTTA,15,3325619
rspAp,2.2857142857142856,21,6,TCCCCAGATAGCTATGGTGC,15,3319240
rspAp,2.142857142857143,20,6,TCAGCCCAGCTTGTGCGCCT,14,3331259
rspAp,2.4285714285714284,22,6,TCAACGCTGTACCGGCCTGT,16,3312125
rspAp,2.7142857142857144,24,6,TCAACCCTGCGAAAGTCCAA,18,3320712
rspAp,0.2857142857142857,7,6,TCAAATGATATTGCATCACG,1,3332023
rspAp,1.8571428571428572,18,6,TATTAACGGCTGAGTTATCA,12,3325340
rspAp,2.857142857142857,25,6,TATCAGAAGTTTGATAAAAC,19,3311525
rspAp,0.8571428571428571,11,6,TATATGGCTGTTTCTCAACG,5,3322566
rspAp,0.2857142857142857,7,6,TAGCACGCCGACTTTTGTCG,1,3315504
rspAp,2.142857142857143,20,6,TAGAGAATTTTAGGTAAATC,14,3316915
rspAp,33.57142857142857,240,6,TACGAAAGCTACCGTTGGGC,234,3330758
rspAp,1.5714285714285714,16,6,TACCGAGACATATGCGATCT,10,3311674
rspAp,1.4285714285714286,15,6,TACCATCAATCCCTCACTAA,9,3327986
rspAp,0.2857142857142857,7,6,TAATGACGCCACTTCAGAAC,1,3316419
rspAp,0.8571428571428571,11,6,TAATAAACGCCGCACTTCTT,5,3311598
rspAp,1.4285714285714286,15,6,TAAAGGGGGTAAACGTAAAA,9,3311180
rspAp,2.142857142857143,20,6,GTTGTGGGCCGCCTAGATGG,14,3317687
rspAp,1.0,12,6,GTGTACCGGGATCCCAGAAG,6,3323410
rspAp,2.4285714285714284,22,6,GTGTAAAGGCAGTTCAATAC,16,3313960
rspAp,0.2857142857142857,7,6,GTGGTAGTGCGTTTCTTTTC,1,3331920
rspAp,1.7142857142857142,17,6,GTGGGATTATATAGTTGAAA,11,3309819
rspAp,4.285714285714286,35,6,GTGGATGTGTTGGAACGGTC,29,3324566
rspAp,1.1428571428571428,13,6,GTGCGCGCGTCACACTGGGA,7,3317961
rspAp,3.142857142857143,27,6,GTGATCTAGACCGCCTGCCA,21,3328293
rspAp,0.5714285714285714,9,6,GTGATCAGTATCGCGTTATG,3,3326538
rspAp,0.8571428571428571,11,6,GTGAGCGCTCGGGAACTACC,5,3320075
rspAp,0.8571428571428571,11,6,GTCTCAAGGTGCGCGAGGTC,5,3314601
rspAp,1.4285714285714286,15,6,GTCGGGCATTCAAGACCACA,9,3321119
rspAp,2.7142857142857144,24,6,GTCGCAAAACAAAGCAGCTC,18,3312254
rspAp,2.857142857142857,25,6,GTCCGCCGCGGGGCACTCCT,19,3321357
rspAp,0.42857142857142855,8,6,GTCCCATTTAAATAATTCCA,2,3329743
rspAp,1.1428571428571428,13,6,GTAGGGCGTACTTCACGAGT,7,3320475
rspAp,0.8571428571428571,11,6,GTAGGCCTAGTCGAGCGATC,5,3328546
rspAp,2.0,19,6,GGTTTTCATCAAGAGTTCCA,13,3325937
rspAp,2.0,19,6,GGTTTGCGAAATCTTTTCGG,13,3323136
rspAp,1.5714285714285714,16,6,GGTTGCCAGCTACGCGACGC,10,3328703
rspAp,0.2857142857142857,7,6,GGTCTGGCATCTACAAACTT,1,3318997
rspAp,0.7142857142857143,10,6,GGTCATGCGTGCTGGGTATG,4,3325372
rspAp,1.8571428571428572,18,6,GGGTCGCATTCTATACATAA,12,3314945
rspAp,8.428571428571429,64,6,GGGGTGGTACGTGTCCAGGC,58,3309903
rspAp,0.2857142857142857,7,6,GGGCTTGGGCTCAGAATATA,1,3332592
rspAp,2.857142857142857,25,6,GGGAATCGTGTAGCCCGACT,19,3331107
rspAp,1.4285714285714286,15,6,GGCAGGTCAGTGTGTAGCCG,9,3312741
rspAp,2.7142857142857144,24,6,GGCACAGTGCTCCTAACCGG,18,3331735
rspAp,0.5714285714285714,9,6,GGATGGGTCATCTACATCCC,3,3328583
rspAp,0.8571428571428571,11,6,GGACGTTGACTATTTTATAT,5,3320037
rspAp,0.7142857142857143,10,6,GGACGAAACGACAGCGCAAA,4,3322034
rspAp,1.0,12,6,GCTTAATGCGAAACCAAACC,6,3320277
rspAp,13.285714285714286,98,6,GCTGCTTTAATAGTAGTGAT,92,3313375
rspAp,1.1428571428571428,13,6,GCTCGCGTCTCAGAGCAAGA,7,3313340
rspAp,2.2857142857142856,21,6,GCTAACGGTTGGGTGTGCCC,15,3332401
rspAp,0.8571428571428571,11,6,GCGAGAAACATAACTGCTTG,5,3324992
rspAp,3.142857142857143,27,6,GCGACTCAACAAGAGACACA,21,3316885
rspAp,1.1428571428571428,13,6,GCGACGTTTTGCACAATCCA,7,3322622
rspAp,1.0,12,6,GCCTCGTGTCTGCTTCAAGT,6,3330250
rspAp,2.5714285714285716,23,6,GCCTCAATGCCAAGGAGGCG,17,3332996
rspAp,6.714285714285714,52,6,GCCTATCAGCCAGGATGTAG,46,3329786
rspAp,0.8571428571428571,11,6,GCCTAACGGGCGACAACGCC,5,3318715
rspAp,1.7142857142857142,17,6,GCCGCGATGTATGGTGAGTT,11,3317857
rspAp,2.2857142857142856,21,6,GCCGAGGAAGCAAGCATTGA,15,3325048
rspAp,0.42857142857142855,8,6,GCCCGGTGTCCCTGTGCAAA,2,3333594
rspAp,0.42857142857142855,8,6,GCCATCTTCTGTGGGTCGCA,2,3319345
rspAp,0.7142857142857143,10,6,GCCACGTACGGGCTTACTAT,4,3327757
rspAp,1.2857142857142858,14,6,GCAGATCACCCGATGGATGC,8,3325336
rspAp,0.42857142857142855,8,6,GCACATTAACCACATTGCCG,2,3311607
rspAp,1.5714285714285714,16,6,GCAATCGCCTCCGCGCAGGA,10,3314924
rspAp,0.7142857142857143,10,6,GATGGCGGCTTACCTGGCTA,4,3324613
rspAp,2.5714285714285716,23,6,GATAGTTAATGGCACGCATA,17,3325396
rspAp,6.285714285714286,49,6,GAGTCGGTACAGAAATCGCA,43,3332135
rspAp,1.2857142857142858,14,6,GAGTCAGATGGGGACAGTCT,8,3313614
rspAp,10.0,75,6,GAGTAGAGTATAGTTACAAT,69,3316976
rspAp,0.2857142857142857,7,6,GAGAGGCTCCAGATCGGGCT,1,3323775
rspAp,1.8571428571428572,18,6,GACTGTTGTATGCACGCTCA,12,3313591
rspAp,1.1428571428571428,13,6,GACTCGACTTGGTTGTTCAG,7,3326653
rspAp,1.0,12,6,GACGTCAAAATGTACGAGAT,6,3328804
rspAp,0.42857142857142855,8,6,GACCCAGTGTGAGTTTAGTC,2,3309825
rspAp,3.2857142857142856,28,6,GACCAGAATGTCTCTGGATT,22,3333362
rspAp,1.4285714285714286,15,6,GACAAGGTCGTCTAAGGAAA,9,3319505
rspAp,0.8571428571428571,11,6,GAACCTATTAAGTCGTAAGC,5,3310589
rspAp,2.142857142857143,20,6,GAAATCCAGCACCAGCAAAG,14,3319667
rspAp,1.4285714285714286,15,6,CTTGTGTTTCTGCCACTTCG,9,3333358
rspAp,0.42857142857142855,8,6,CTTGCGCAGTATGTGTTAAT,2,3326790
rspAp,1.1428571428571428,13,6,CTTCCTTCGTTGCGCTTAGT,7,3327584
rspAp,0.42857142857142855,8,6,CTTCAGGAGCCTGCGTCCTA,2,3324472
rspAp,0.5714285714285714,9,6,CTGGATACCCGGTGAACTCA,3,3321141
rspAp,1.4285714285714286,15,6,CTCTTCCTATAAGCTAAACT,9,3313820
rspAp,1.2857142857142858,14,6,CTCTCCCGTGTGTCACATGA,8,3313129
rspAp,2.857142857142857,25,6,CTCCGCGCGCACTGCCAGCG,19,3312422
rspAp,4.571428571428571,37,6,CTCAGTGGCCCGGTAAGTAA,31,3327401
rspAp,1.2857142857142858,14,6,CTCACGTTACTTGGGTGCTC,8,3323282
rspAp,1.5714285714285714,16,6,CTAGGTTTTGATTCACAGAC,10,3329297
rspAp,0.2857142857142857,7,6,CTAGCGGCCCATACTCCTTT,1,3310473
rspAp,49.57142857142857,352,6,CTACCTCCTCACATAGCCCG,346,3319041
rspAp,2.5714285714285716,23,6,CTAATAGCATCAGCAACTTA,17,3312771
rspAp,0.2857142857142857,7,6,CGTTTACGAGGGCCGGTTTA,1,3327712
rspAp,10.142857142857142,76,6,CGTCGGACAAGCCGATCCTT,70,3313068
rspAp,0.5714285714285714,9,6,CGTCCAGGGCTTCATGAAAG,3,3309516
rspAp,4.714285714285714,38,6,CGTCATACCTTAGATTTTAA,32,3316974
rspAp,0.42857142857142855,8,6,CGTAGCAAAAATCGCACGTT,2,3319218
rspAp,0.2857142857142857,7,6,CGGTGGAACCCCGTTGACGA,1,3326541
rspAp,1.1428571428571428,13,6,CGGGAAAGGCCAGACAGCGG,7,3314556
rspAp,0.5714285714285714,9,6,CGGCTTCCGTAACTTCAATA,3,3311603
rspAp,0.2857142857142857,7,6,CGGACTCGCTATTGCACCAC,1,3322558
rspAp,0.7142857142857143,10,6,CGCTTCCCGTCATCAGTCAC,4,3320444
rspAp,0.42857142857142855,8,6,CGCTGAGGGGCATGACTTCT,2,3321362
rspAp,0.7142857142857143,10,6,CGCGCGTTTTTCGCCGGCGA,4,3311226
rspAp,0.5714285714285714,9,6,CGATGGTCTCATCTCATCAT,3,3324292
rspAp,0.2857142857142857,7,6,CGACAATCCCTGCCATTTTA,1,3329017
rspAp,5.857142857142857,46,6,CCTTTTACGCAACGTGGACA,40,3326843
rspAp,0.42857142857142855,8,6,CCTTGTGCACCAGCTGGGCT,2,3326595
rspAp,1.5714285714285714,16,6,CCTATCTAATTTGGACGAAC,10,3316587
rspAp,0.42857142857142855,8,6,CCGGTTCCTGCTCACAAAGG,2,3318208
rspAp,0.42857142857142855,8,6,CCGGTACAACTGGGACTTGC,2,3320406
rspAp,1.4285714285714286,15,6,CCCTCTCTTGACCACAATAC,9,3329711
rspAp,1.1428571428571428,13,6,CCCGTTTGGTGAAAGACACT,7,3310628
rspAp,9.0,68,6,CCCCGAATGCGGCGAATCAC,62,3313059
rspAp,4.285714285714286,35,6,CCATGCGATATTGACCGATT,29,3328273
rspAp,0.2857142857142857,7,6,CCAGTAAACATTCGGCGTCC,1,3316134
rspAp,2.2857142857142856,21,6,CCAGCGACACCCCGCGATCA,15,3321796
rspAp,2.857142857142857,25,6,CCAATTCGGGTAGACATGGT,19,3326668
rspAp,1.5714285714285714,16,6,CCAAGGCGCCTCCAAGTCGT,10,3328093
rspAp,4.571428571428571,37,6,CCAAATCGGCTCGACTATCC,31,3316972
rspAp,1.2857142857142858,14,6,CATTATGTGCCGAGGGTAAG,8,3320794
rspAp,1.0,12,6,CATCCTTTACATGGCCGGCA,6,3313927
rspAp,5.571428571428571,44,6,CAGCTCGGGGGGCGTTCTTG,38,3323539
rspAp,1.1428571428571428,13,6,CAGCATAACAGAAAAATCCT,7,3313924
rspAp,0.5714285714285714,9,6,CACGTCCCCAATTTAATAGA,3,3311788
rspAp,0.5714285714285714,9,6,CACCGCTGGTACACTGGCCA,3,3324451
rspAp,0.7142857142857143,10,6,CACATTTGTCATTTCCGGTT,4,3333044
rspAp,5.857142857142857,46,6,CACATGTGACCTGGGTGGAC,40,3322553
rspAp,2.7142857142857144,24,6,CAATTGCAATAGTTTTTAAT,18,3316622
rspAp,5.285714285714286,42,6,CAATAGACAATGGCGCGCAT,36,3326375
rspAp,1.8571428571428572,18,6,CAAGTGCCGGGTCGGACAGT,12,3317747
rspAp,13.0,96,6,CAACGAAAACTATTTAACCA,90,3332538
rspAp,1.2857142857142858,14,6,CAACCCACGCGAAGGTAAGC,8,3329603
rspAp,10.285714285714286,77,6,CAAATGCCCCGCACTATTCT,71,3313248
rspAp,1.5714285714285714,16,6,CAAAGCGCGACGAGCGAAGT,10,3316373
rspAp,0.42857142857142855,8,6,CAAACCGAAGTCAAGCGTGT,2,3315436
rspAp,1.7142857142857142,17,6,ATTCGAGATGACCTAATATT,11,3315709
rspAp,2.2857142857142856,21,6,ATGTACATTATTGTTGTGTC,15,3333599
rspAp,4.285714285714286,35,6,ATGGGGAAGAGACAAATTAA,29,3323762
rspAp,1.0,12,6,ATGCTAGTGCGGGTCAGGAT,6,3323513
rspAp,1.5714285714285714,16,6,ATGATATGGAGCGCCAGGCA,10,3325373
rspAp,0.5714285714285714,9,6,ATGATATATACTACCCAAAT,3,3308981
rspAp,1.1428571428571428,13,6,ATCTCTAGGAGATCATTCCA,7,3331825
rspAp,2.142857142857143,20,6,ATACCTGAGAAGGCTCCGAT,14,3310141
rspAp,0.5714285714285714,9,6,ATACAAGTCGAGTCCACTTG,3,3326139
rspAp,1.0,12,6,ATAAGTGAGTGAGCCATAAA,6,3323283
rspAp,2.0,19,6,ATAACGTATAGTGATAGTCT,13,3317696
rspAp,0.5714285714285714,9,6,AGTTGAGGTGCTATATGATC,3,3309024
rspAp,1.5714285714285714,16,6,AGTCTATTCTGACCTTCTCT,10,3314520
rspAp,0.5714285714285714,9,6,AGTCATCTTACGAGGTGGGA,3,3330238
rspAp,3.2857142857142856,28,6,AGGTTTCCCTGGAGCCGACA,22,3319255
rspAp,0.7142857142857143,10,6,AGGTCCGAAGAGTGCCTGTT,4,3330149
rspAp,1.2857142857142858,14,6,AGCTGGATAGAACGTAATGT,8,3310918
rspAp,1.8571428571428572,18,6,AGCTGATCTTTGCCCCATGT,12,3317898
rspAp,1.0,12,6,AGCTAGAAATGGGAATCAAC,6,3312903
rspAp,1.7142857142857142,17,6,AGCGTCGCAGGTGTAAGAGC,11,3322288
rspAp,0.5714285714285714,9,6,AGCCATTAATGGTCGGAATT,3,3319823
rspAp,1.8571428571428572,18,6,AGCCACGAAATAAGCAAGAC,12,3330150
rspAp,0.8571428571428571,11,6,AGCACTGTTCACCAACTTAG,5,3325641
rspAp,0.42857142857142855,8,6,AGCAACGTCATGGCGAGGGG,2,3326488
rspAp,1.8571428571428572,18,6,AGATGCTCAGGTAACTTCAG,12,3324637
rspAp,3.2857142857142856,28,6,AGAGTCGGGTCAATAACACT,22,3317322
rspAp,0.42857142857142855,8,6,AGAGCTGCCAGCTGGACCTA,2,3318222
rspAp,1.7142857142857142,17,6,AGAATGTGTGCCATTGTTCC,11,3327527
rspAp,1.7142857142857142,17,6,AGAAGCTTTCTGAGACCACT,11,3316602
rspAp,0.8571428571428571,11,6,ACTTCTCGTCGTGTCTCTTG,5,3323185
rspAp,0.42857142857142855,8,6,ACTGCAGTCAGGCATCTACA,2,3324128
rspAp,0.2857142857142857,7,6,ACTCTGGGTGGGGGCCGCTT,1,3315764
rspAp,0.2857142857142857,7,6,ACTAACCCGTCTTCTCACCG,1,3313303
rspAp,15.428571428571429,113,6,ACGTTTCCAAGGTGGACATA,107,3330132
rspAp,1.1428571428571428,13,6,ACGTGGTGTAACGTCCTGGA,7,3319551
rspAp,1.8571428571428572,18,6,ACGGTAACGACAATAGCCTC,12,3317822
rspAp,0.8571428571428571,11,6,ACGGCACTATCAATCATGTC,5,3320053
rspAp,2.4285714285714284,22,6,ACCTCCGAGGACCAGGCGCG,16,3316706
rspAp,2.7142857142857144,24,6,ACATATAAACACCATCGTAA,18,3320628
rspAp,1.1428571428571428,13,6,ACAGGGGTCTCAACTCGGAC,7,3329179
rspAp,1.4285714285714286,15,6,ACAGCTTGCTTTCTCGCGTT,9,3310893
rspAp,0.2857142857142857,7,6,ACAGCATGTGCGATTTATAC,1,3327995
rspAp,0.2857142857142857,7,6,ACAACTTCCATAGGGAGGAA,1,3314484
rspAp,0.5714285714285714,9,6,AATTTATTTAGCCATTGGTA,3,3315628
rspAp,0.5714285714285714,9,6,AATGGAGCAAGTGTGACGCA,3,3318665
rspAp,2.4285714285714284,22,6,AATCGTGCACGCAACTATAG,16,3333626
rspAp,1.2857142857142858,14,6,AATCGGCGGGGTTTTCAGCC,8,3324074
rspAp,2.7142857142857144,24,6,AAGTTGCAAGCCCCCGAGGC,18,3329628
rspAp,2.857142857142857,25,6,AAGTGCTAATGTCTGTGTTA,19,3319178
rspAp,0.42857142857142855,8,6,AAGGGAGTAAGACGCACTCC,2,3317839
rspAp,3.4285714285714284,29,6,AAGACTGAACATGTAATCAT,23,3312591
rspAp,0.42857142857142855,8,6,AAGACTCCCTCCCCGTGAAC,2,3318326
rspAp,1.4285714285714286,15,6,AAGACATACGTCAAGCAGCG,9,3321591
rspAp,2.142857142857143,20,6,AACTGCTAACGAGTAGTAAC,14,3329746
rspAp,0.2857142857142857,7,6,AACTATAACCTTTGAGCCGG,1,3321704
rspAp,0.42857142857142855,8,6,AACGACCTCTCCAGATCGAT,2,3323637
rspAp,4.714285714285714,38,6,AACCGCATTTAGTTTTACCA,32,3315230
rspAp,9.428571428571429,71,6,AACATCTGGCAGTATTATTA,65,3328279
rspAp,2.2857142857142856,21,6,AACAGGAGCAACCCCGTTTC,15,3312225
rspAp,1.0,12,6,AAATGGTCAGTCCCTATCCC,6,3331785
rspAp,0.42857142857142855,8,6,AAATGATACCTGAGTTCTTT,2,3330178
rspAp,6.428571428571429,50,6,AAAGCTAACACGCACTCGGC,44,3323355
rspAp,3.7142857142857144,31,6,AAACAGGGCGAGGCCGCCTA,25,3321991
rspAp,0.2857142857142857,7,6,AAAACCTTAATTGTCTGCCT,1,3327073
rspAp,50.666666666666664,308,5,TTTTCACACTAGCATCGAAG,303,3332963
rspAp,1.3333333333333333,12,5,TTTGTTGGTAACTCGATGCA,7,3310665
rspAp,0.3333333333333333,6,5,TTTGGGAAACGGTTGGTCAA,1,3323873
rspAp,0.3333333333333333,6,5,TTTCGGTGGGTTAAAGGAAC,1,3332252
rspAp,1.3333333333333333,12,5,TTTCGCTGGATCAGGTGTCC,7,3327529
rspAp,0.5,7,5,TTTCCACACGATTTCGGTTA,2,3322956
rspAp,0.6666666666666666,8,5,TTTATTCATAGCATTGTGAT,3,3321199
rspAp,1.1666666666666667,11,5,TTGTGGGCTGAGATAGCGAG,6,3333077
rspAp,0.8333333333333334,9,5,TTGTGAGACCGGGAATTTGG,4,3308967
rspAp,1.1666666666666667,11,5,TTGTATTGGCATAGTCGCTG,6,3322508
rspAp,2.8333333333333335,21,5,TTGGGCACGGAACGGTGCCA,16,3318706
rspAp,3.1666666666666665,23,5,TTGCTGATCTGATGTCGTTC,18,3322303
rspAp,0.3333333333333333,6,5,TTGCGAGAGACCGAATTCAT,1,3316154
rspAp,0.3333333333333333,6,5,TTGCATTAGAGACTGGGGGG,1,3314657
rspAp,0.5,7,5,TTGATCGATTAGTGGCAAGT,2,3324235
rspAp,0.8333333333333334,9,5,TTCTATGCCATGTTTCCACT,4,3320086
rspAp,0.3333333333333333,6,5,TTCTAAAATGACCAAGGGCG,1,3319878
rspAp,1.3333333333333333,12,5,TTCCTCCTCTTTCACTGGTT,7,3319117
rspAp,2.6666666666666665,20,5,TTCCAGAGGCATTCCAGGCA,15,3330574
rspAp,0.3333333333333333,6,5,TTCATGAAACTTACCTAGTG,1,3316857
rspAp,1.6666666666666667,14,5,TTATCGATGAATGTACACTG,9,3323544
rspAp,0.8333333333333334,9,5,TTAGAGCGTAAAGAATAGTG,4,3316041
rspAp,1.6666666666666667,14,5,TTACGTAGGCCCTAGGTAGA,9,3319602
rspAp,0.8333333333333334,9,5,TTACGGTCCGCATGGTGAAT,4,3317550
rspAp,0.3333333333333333,6,5,TGTTTTGCCCGGTTGCTCCT,1,3320532
rspAp,2.3333333333333335,18,5,TGTTGTTTGCTATATGCGAT,13,3313563
rspAp,2.0,16,5,TGTGGGTCGCTTTCCTGTCC,11,3318209
rspAp,0.5,7,5,TGGCCGCTCAGGGATTGTTT,2,3317978
rspAp,1.6666666666666667,14,5,TGGCAGGGGGTGAGAGGAAA,9,3311161
rspAp,1.5,13,5,TGGATGCTGCCAGCTCGGTT,8,3320017
rspAp,0.3333333333333333,6,5,TGGACGCGGGAACCGGATGT,1,3311645
rspAp,0.6666666666666666,8,5,TGCGTAACGAACTTCAAATC,3,3314946
rspAp,0.3333333333333333,6,5,TGCATACTCTGAGGCGCCAC,1,3319292
rspAp,1.5,13,5,TGATTCTTGCCAAACCTTCT,8,3331030
rspAp,0.6666666666666666,8,5,TGATGTACACGCAAAATTGC,3,3310666
rspAp,0.6666666666666666,8,5,TGAGGTCAAAAGTATCTACT,3,3311330
rspAp,0.5,7,5,TGACTATAGAGCATGTGTAT,2,3328802
rspAp,1.6666666666666667,14,5,TGACGGAGCATAACCCAGTT,9,3314376
rspAp,0.5,7,5,TCTAGTCATGGTCTCCTCTG,2,3327638
rspAp,0.3333333333333333,6,5,TCTAGGTTACGTTCTATTGC,1,3318485
rspAp,0.3333333333333333,6,5,TCTAAAGATAGAGCTTGTAA,1,3319623
rspAp,4.0,28,5,TCGTCTTAAGGGACCTACCT,23,3332156
rspAp,20.333333333333332,126,5,TCGTCGTGAGATTTACATTG,121,3314862
rspAp,1.8333333333333333,15,5,TCGAGCGCGTACTTGTTATG,10,3327819
rspAp,0.5,7,5,TCGAAAGGTGTAGTATGACC,2,3321412
rspAp,0.5,7,5,TCCTGAGTAATATCCATCAA,2,3312711
rspAp,0.3333333333333333,6,5,TCCGTTTCTAAAGTTTCGGA,1,3326536
rspAp,1.0,10,5,TCCGTGGACGTCCTATAAAA,5,3315281
rspAp,3.0,22,5,TCCGGCGTAAGTAAGACAAA,17,3310920
rspAp,16.333333333333332,102,5,TCCGGCGATCATGGCACGAC,97,3328352
rspAp,0.6666666666666666,8,5,TCCGCCGGCACGGTTGCGAT,3,3314889
rspAp,1.1666666666666667,11,5,TCCATGGAATCGGTTCATTT,6,3316149
rspAp,0.6666666666666666,8,5,TCCACCGCATGGGCTGCGTG,3,3321269
rspAp,1.6666666666666667,14,5,TCACTGTTTTCCGGACCGCT,9,3319184
rspAp,0.6666666666666666,8,5,TATTGAGGAAATAGTGAGTA,3,3314144
rspAp,1.8333333333333333,15,5,TATTATATAAGTGCCTCGGT,10,3317494
rspAp,3.0,22,5,TATGAGCAACGTTACGCAAC,17,3312637
rspAp,4.5,31,5,TATCGTCCGTGGTAGACTCC,26,3327970
rspAp,1.5,13,5,TATATGAGAAGATTGAAGTA,8,3320118
rspAp,5.833333333333333,39,5,TATAAGCTCCATTCTGGTAA,34,3317280
rspAp,11.333333333333334,72,5,TATAACGTATTGCTTCCTAG,67,3314869
rspAp,1.1666666666666667,11,5,TAGTTGTCTTCGGGTATAGA,6,3320714
rspAp,6.333333333333333,42,5,TAGGCAGAAAGACACTTGAA,37,3333602
rspAp,2.8333333333333335,21,5,TAGCCATCCCGACCTGGTGG,16,3310029
rspAp,2.1666666666666665,17,5,TAGCAAGGCTCTCTGGCAGT,12,3328113
rspAp,0.8333333333333334,9,5,TAGACTACCGGAAAGACCCA,4,3315581
rspAp,1.5,13,5,TACTGCGGTAGATCAGTACG,8,3319274
rspAp,0.8333333333333334,9,5,TACGCCGGTGTTGGATGGTA,4,3330014
rspAp,11.5,73,5,TACCTTCTGGGTATGTGATA,68,3316941
rspAp,4.666666666666667,32,5,TACCTAAAGGGAGCGGTTAC,27,3330326
rspAp,0.5,7,5,TAATGGGGTCGCTGTGAAGA,2,3311287
rspAp,0.5,7,5,TAAGTGCTACAGTGAGCAAG,2,3323460
rspAp,2.1666666666666665,17,5,TAAGATGGCCGCCTCCACGC,12,3316391
rspAp,2.8333333333333335,21,5,TAACTTCGCGGCCCAGGATT,16,3311266
rspAp,1.1666666666666667,11,5,TAACCCCGTGTCTAACTTCC,6,3314588
rspAp,1.6666666666666667,14,5,TAAATCTTTCATTTTCGGCC,9,3318695
rspAp,0.6666666666666666,8,5,TAAAGCCTTCATCACGCGTA,3,3311480
rspAp,17.666666666666668,110,5,GTTGGCACAGGACGCAACAG,105,3319039
rspAp,2.0,16,5,GTTCCCCGATATTTGCGTCA,11,3322774
rspAp,1.0,10,5,GTTCACGCCGATGGTGATTA,5,3309666
rspAp,0.5,7,5,GTGTATAGTATGCAGAGGCA,2,3327759
rspAp,1.8333333333333333,15,5,GTGTACGCTTCAACGAGAGT,10,3325160
rspAp,2.0,16,5,GTGGGAAAATGGCGTAACGA,11,3312067
rspAp,0.5,7,5,GTCTTACTTCTGGTCTCGGT,2,3328252
rspAp,0.5,7,5,GTCGGGGTAGGCGGGTGGCG,2,3332379
rspAp,0.3333333333333333,6,5,GTCGCTAATGCATAACAGGT,1,3326995
rspAp,9.166666666666666,59,5,GTCATCAGATTTTAGTCGGA,54,3331499
rspAp,0.5,7,5,GTCAGTGACACACTCATCTT,2,3313929
rspAp,0.5,7,5,GTAGTACCCCTTTACACCAC,2,3323996
rspAp,0.8333333333333334,9,5,GTAGGCTAAGCCAGAATAAT,4,3317425
rspAp,0.6666666666666666,8,5,GGTTCATAAGAGAGGATGTT,3,3333254
rspAp,0.3333333333333333,6,5,GGTGGGTAATCAGAGGGTGG,1,3324409
rspAp,0.3333333333333333,6,5,GGTGGGCCGAAGCTTTCTGA,1,3318837
rspAp,0.3333333333333333,6,5,GGTGCACAGGTACTAGACCA,1,3326794
rspAp,11.5,73,5,GGTCTGGTTCTTAGACCGGT,68,3313071
rspAp,0.8333333333333334,9,5,GGTATGGTAGAGTGCTAATC,4,3315870
rspAp,0.3333333333333333,6,5,GGGATTCCCGGGCCACAGGT,1,3313195
rspAp,2.6666666666666665,20,5,GGCTTACGAGGGGGTTATGG,15,3309729
rspAp,11.666666666666666,74,5,GGATCACGCTAGTGAGGATA,69,3328283
rspAp,2.0,16,5,GGAGGAACATATTCGTTCCT,11,3319866
rspAp,2.5,19,5,GGACCACGTAAAGCGTTCCG,14,3321641
rspAp,0.6666666666666666,8,5,GGAAGTGTTCTGATGTAAAT,3,3323265
rspAp,1.6666666666666667,14,5,GCTTCTCACAGTGTCCGCCG,9,3315243
rspAp,0.3333333333333333,6,5,GCTGCAACACAGCCTTAGGA,1,3332473
rspAp,1.3333333333333333,12,5,GCTCTGGATCCGCCTTGGCG,7,3323633
rspAp,2.8333333333333335,21,5,GCTCATGGATTAAGCAAGCG,16,3318247
rspAp,0.5,7,5,GCTAGGTCCAACTCATGCTC,2,3328836
rspAp,0.6666666666666666,8,5,GCTACGTTAGTCTGCCCAGG,3,3315325
rspAp,1.0,10,5,GCTAAGGGGTATCAGGTGGG,5,3312967
rspAp,9.5,61,5,GCTAAGCCGGTAATCTCAAC,56,3312367
rspAp,0.3333333333333333,6,5,GCGTGCTCTCTGGAAGAGCA,1,3326113
rspAp,8.5,55,5,GCGGATTGCGCACGGAACAT,50,3330051
rspAp,0.3333333333333333,6,5,GCGAGGTACTGGCGAGTTTT,1,3316788
rspAp,2.0,16,5,GCCTTGATCGGGATACACTG,11,3315895
rspAp,0.3333333333333333,6,5,GCCGATTCGTCGGCGCTTGA,1,3330381
rspAp,2.5,19,5,GCCCCTGTAGAGAACTTAGC,14,3317506
rspAp,1.8333333333333333,15,5,GCCCCGATCTGAGGTTTAAA,10,3311245
rspAp,1.0,10,5,GCATTTTCCTGCGCAGATTA,5,3310778
rspAp,0.8333333333333334,9,5,GCAGCAATGAAGCAGCAGGT,4,3324328
rspAp,0.5,7,5,GCACTGTGGGTCCAGCTGCT,2,3322171
rspAp,0.8333333333333334,9,5,GCACGTTTCTGGAGTTTTCG,4,3321181
rspAp,1.5,13,5,GCACGATGAGCTTTGAAGTC,8,3319895
rspAp,0.6666666666666666,8,5,GCACATTTATGAAGACATGT,3,3328569
rspAp,2.0,16,5,GCAACGTGATACACCAACCA,11,3331719
rspAp,13.5,85,5,GATTCAGGGAGCCTAAACAT,80,3313384
rspAp,2.0,16,5,GATGGGGACCTTCCTCGACC,11,3324740
rspAp,1.0,10,5,GATCGTCCTCGATACATCGA,5,3328912
rspAp,5.833333333333333,39,5,GATCAGAAGTATCCTTGCCT,34,3322180
rspAp,2.3333333333333335,18,5,GAGAGTGATATGCTCGGACA,13,3328519
rspAp,0.5,7,5,GACTTGGTACATACAGCCTA,2,3316416
rspAp,8.0,52,5,GACTAGCTTAGACTGGTTGG,47,3317281
rspAp,33.166666666666664,203,5,GACCTTTAAAAGTTACATCA,198,3325451
rspAp,2.5,19,5,GACCTATCTAATCGTCGTCA,14,3317990
rspAp,1.6666666666666667,14,5,GACCCCTTTGGTAATTTGGA,9,3322891
rspAp,2.1666666666666665,17,5,GAATGGTGCCACATGACCCT,12,3318691
rspAp,3.1666666666666665,23,5,GAAGCTGTCAGTCATGCCGT,18,3333324
rspAp,0.6666666666666666,8,5,GAAGCCATAGGTCACAGGTT,3,3316903
rspAp,1.6666666666666667,14,5,GAAGAGATGGGCGAGAGTTT,9,3317269
rspAp,1.8333333333333333,15,5,GAACGAACATCAACGGAGAG,10,3315323
rspAp,0.8333333333333334,9,5,GAAATCTCACGCACTCAGTA,4,3330055
rspAp,1.5,13,5,GAAATAGGATCCCCCATGTG,8,3322399
rspAp,2.6666666666666665,20,5,CTTTGCTATGAGGGAACGCA,15,3315857
rspAp,0.3333333333333333,6,5,CTTTCTACGAAGCTTTTGCA,1,3328741
rspAp,0.6666666666666666,8,5,CTGGTCCCTCATGTCGCCAA,3,3325370
rspAp,6.333333333333333,42,5,CTGGCCGCGAGGAGTTGTAT,37,3318492
rspAp,1.5,13,5,CTGGCCCGCCTTAGGCTCGC,8,3313222
rspAp,2.0,16,5,CTGCTTCCGGCGGTATAGTG,11,3316573
rspAp,1.1666666666666667,11,5,CTGCTAAAGATGAGCACGAC,6,3324367
rspAp,1.1666666666666667,11,5,CTGCAATGCACACCCTATGA,6,3327921
rspAp,0.3333333333333333,6,5,CTGAGTCAAAGTGTTGTAAG,1,3329676
rspAp,2.1666666666666665,17,5,CTCGTAGCGTCAGGAAATTT,12,3317877
rspAp,1.6666666666666667,14,5,CTCGCCCGTAGGAGGGACGG,9,3314630
rspAp,2.0,16,5,CTCCGCAATCCTAGTAACGA,11,3326759
rspAp,0.3333333333333333,6,5,CTCAGTGCAGAGGTCCAGCG,1,3328571
rspAp,1.0,10,5,CTCACGAACTCCTGAAATCT,5,3318851
rspAp,1.1666666666666667,11,5,CTAGTGTTGTGAGGTCAAGA,6,3319536
rspAp,0.5,7,5,CTAGGCGGGTCAACTCTAGG,2,3316828
rspAp,10.666666666666666,68,5,CTAGCGGCCCGCTCCATTAG,63,3333199
rspAp,0.8333333333333334,9,5,CGTGGCTGGGTAAAAGATGC,4,3327053
rspAp,8.666666666666666,56,5,CGTGCTTGTGCTTTCGCCTG,51,3331942
rspAp,1.0,10,5,CGTCGTATTCAGTTCCAATC,5,3316363
rspAp,1.6666666666666667,14,5,CGGTGTAAGATGCTTTACAC,9,3317405
rspAp,3.0,22,5,CGGTCGATCGTTCGGGATCT,17,3322140
rspAp,0.5,7,5,CGGTCAGGGATAGCTTTTAT,2,3330929
rspAp,2.0,16,5,CGGGTGCTGGTTCAAGCTTG,11,3322745
rspAp,0.3333333333333333,6,5,CGGGGGGTTTGCGCCTGAGT,1,3327849
rspAp,0.3333333333333333,6,5,CGCGCAGGGTTGATAATTGA,1,3317728
rspAp,2.5,19,5,CGCCCCTGTTGGAGACCACC,14,3324285
rspAp,2.3333333333333335,18,5,CGCCAGCACGGAAGCAGAGC,13,3318051
rspAp,0.5,7,5,CGATGTCTCGCTGGTCATAC,2,3323601
rspAp,1.8333333333333333,15,5,CGAGTGTTCTGACATTCGGC,10,3311940
rspAp,1.5,13,5,CGACTTCTATTCGCGCCGTA,8,3315525
rspAp,0.3333333333333333,6,5,CGACTTACGCGCAAGGCCAT,1,3332335
rspAp,3.5,25,5,CGACAGCGTCCTCAACAATC,20,3329886
rspAp,0.5,7,5,CGAATCACGTAGCGCAATAG,2,3319513
rspAp,0.6666666666666666,8,5,CGAAACTTACTGCAGCAAGT,3,3321895
rspAp,16.833333333333332,105,5,CCTTTATTAAGTGTCTGCCC,100,3313997
rspAp,0.5,7,5,CCTTGATGTGCCTATGTGCC,2,3330899
rspAp,2.5,19,5,CCTCTGCGAGTCCAGCAACC,14,3318161
rspAp,0.5,7,5,CCTCGACTGAGAACCTTTTG,2,3316158
rspAp,0.6666666666666666,8,5,CCTCCCGAAGGGTCACACGA,3,3318466
rspAp,0.3333333333333333,6,5,CCTATTAGTCTGCACCTGCG,1,3322389
rspAp,1.5,13,5,CCTACTGGGTTGTGGGACTT,8,3326807
rspAp,0.3333333333333333,6,5,CCGTATTCTGCCGCCCGATG,1,3326872
rspAp,25.666666666666668,158,5,CCGGGTCGCCTTTGTCTGAC,153,3323345
rspAp,0.8333333333333334,9,5,CCGCCTAGGAAGTGGTTCCT,4,3321100
rspAp,3.1666666666666665,23,5,CCGCCGCTCAAAGTTATGGT,18,3316426
rspAp,1.5,13,5,CCGAGGCAAAGTGCGAAATC,8,3322393
rspAp,1.1666666666666667,11,5,CCGAAAGTTGTGGGCCATGA,6,3312655
rspAp,0.5,7,5,CCCTATTACCGAACCTCTTC,2,3322120
rspAp,6.666666666666667,44,5,CCATGACTGCTAATGCGCTG,39,3332956
rspAp,0.3333333333333333,6,5,CCATATGTGATTTGTATACC,1,3328202
rspAp,0.6666666666666666,8,5,CCAGTCCCTCGTAGATTCTT,3,3325977
rspAp,2.8333333333333335,21,5,CCAGCTTCTAAAGGGTGTTT,16,3328637
rspAp,1.3333333333333333,12,5,CCACTGTATCTTGGCTGACT,7,3325264
rspAp,2.5,19,5,CCACGCGGAAGTGGACCTGT,14,3327466
rspAp,0.3333333333333333,6,5,CCACCCGTCGGTGTTTTCTA,1,3313198
rspAp,1.6666666666666667,14,5,CCAACTAAAAGTTAGCGTGT,9,3329692
rspAp,3.3333333333333335,24,5,CCAACCTCGCGGTTGCAGAT,19,3322452
rspAp,1.6666666666666667,14,5,CCAAAAACGGTTAGGCTCTA,9,3316341
rspAp,4.666666666666667,32,5,CATATTGACGCTATATGACA,27,3324817
rspAp,2.1666666666666665,17,5,CATAATCATAACCGAGATAA,12,3314739
rspAp,0.5,7,5,CAGTGTTGCCGGTTCATTAC,2,3316767
rspAp,8.333333333333334,54,5,CAGTCCTATAGATATTCATT,49,3332624
rspAp,1.3333333333333333,12,5,CAGGATCCTGTCTATAAGTC,7,3315225
rspAp,0.3333333333333333,6,5,CAGCGTGGCATGACACGAAC,1,3316150
rspAp,1.3333333333333333,12,5,CAGCCACTCTGCTGGCATAA,7,3318055
rspAp,2.1666666666666665,17,5,CACTCCGGGCCTTTAACCGG,12,3322435
rspAp,3.3333333333333335,24,5,CACTCAGATTTGGTCTGTCG,19,3319599
rspAp,1.6666666666666667,14,5,CACGCGCAGCTTAAGAACCA,9,3322142
rspAp,0.3333333333333333,6,5,CACCTAATTTCTGGAGCAAC,1,3323552
rspAp,4.833333333333333,33,5,CACCCGGCAGAGTAACATAC,28,3318705
rspAp,2.8333333333333335,21,5,CACAGCACCTAGGTTGAACA,16,3322471
rspAp,0.8333333333333334,9,5,CAAGTTGTAATGCGTACCGT,4,3330449
rspAp,1.0,10,5,CAAGCCCTCGCTCACAGGGT,5,3315992
rspAp,2.1666666666666665,17,5,CAAGCAAACCCGATCTAGTA,12,3324911
rspAp,2.5,19,5,CAACCCCGGCTTATGGAGCA,14,3316484
rspAp,3.0,22,5,ATTTTTAGATAATGTTATGG,17,3322773
rspAp,2.3333333333333335,18,5,ATTTATGGATAATTTTGGTA,13,3331153
rspAp,0.3333333333333333,6,5,ATTGCGAGGAGCCTGCGATC,1,3323436
rspAp,1.1666666666666667,11,5,ATTCTATTGGCTGACAGATT,6,3329984
rspAp,2.0,16,5,ATTCCGGTAACCGGCGTCAA,11,3320264
rspAp,4.333333333333333,30,5,ATTCCGAAATTGCTTCCGCA,25,3332231
rspAp,1.1666666666666667,11,5,ATTCAATACACACGAGTTTC,6,3330013
rspAp,0.6666666666666666,8,5,ATGGTGAGACGCAGCAGAAC,3,3316113
rspAp,0.8333333333333334,9,5,ATGGTGAATTCGATCCAAAA,4,3313037
rspAp,4.0,28,5,ATGGATCAGCGAGAACGATG,23,3311334
rspAp,0.6666666666666666,8,5,ATCTTATCAATAGGTGGTCT,3,3319325
rspAp,2.1666666666666665,17,5,ATCTCTGTGTCTTAACGTTA,12,3317388
rspAp,1.5,13,5,ATCTCGGGGCATGCTTCTTT,8,3321971
rspAp,0.6666666666666666,8,5,ATCGCCGGGAAGGCCTCTAT,3,3326672
rspAp,0.5,7,5,ATCGAGCGGATGAGGCTTTC,2,3329285
rspAp,0.8333333333333334,9,5,ATCCAGCTTTGCACTAAGGG,4,3322333
rspAp,15.333333333333334,96,5,ATCAGCGGTCGGTCGATAAG,91,3315358
rspAp,2.1666666666666665,17,5,ATCAACAGTGTGAACGACGG,12,3321289
rspAp,2.0,16,5,ATAATGGCTTTGATCGGGCA,11,3325331
rspAp,1.1666666666666667,11,5,ATAATGAACTCCATCGTATT,6,3331044
rspAp,6.833333333333333,45,5,AGTTTTTCTGTTTATTATTT,40,3320339
rspAp,4.833333333333333,33,5,AGTTCCAGTGGGTCCAGAGT,28,3318242
rspAp,0.6666666666666666,8,5,AGTGACCTTATTTGTCTAGA,3,3327833
rspAp,1.6666666666666667,14,5,AGTGAACATTGGCCCCAGCG,9,3316349
rspAp,3.1666666666666665,23,5,AGTATTCACCGCGAGTAGAC,18,3322030
rspAp,0.5,7,5,AGTAGAACAGGCAGTGACGG,2,3310277
rspAp,1.1666666666666667,11,5,AGGGTGTATTATAAGATGGA,6,3329797
rspAp,0.5,7,5,AGGGATGTTTGCTGGGAGCT,2,3320798
rspAp,2.0,16,5,AGGCTTAATTGCCCGCCTAG,11,3310780
rspAp,0.8333333333333334,9,5,AGGCCCTTCTCGCACTTAGA,4,3320582
rspAp,2.6666666666666665,20,5,AGGCACGAGTCTTTGTATGC,15,3322950
rspAp,8.0,52,5,AGGACCAAAGCAGCTTGAGG,47,3322811
rspAp,0.6666666666666666,8,5,AGCGGACGAGAAAGCTAGCG,3,3310500
rspAp,1.0,10,5,AGCCTGGGATGGCGCCGGCA,5,3324087
rspAp,7.0,46,5,AGCAGGATATGTTTTGCGAC,41,3319165
rspAp,0.5,7,5,AGCAAGCAAATTTAGGTCTA,2,3326620
rspAp,1.6666666666666667,14,5,AGCAAATAGATCGCTGTTCA,9,3322070
rspAp,1.5,13,5,AGATGAAGGATATACTCGTC,8,3309117
rspAp,0.6666666666666666,8,5,AGATCATCGTAAATAGCCTT,3,3326287
rspAp,0.5,7,5,AGAGTTGTTGCTATCCGTCT,2,3321155
rspAp,4.833333333333333,33,5,AGAGACACAATTGTCGGCTA,28,3319358
rspAp,0.8333333333333334,9,5,AGAAAGTCTCCGATGATACT,4,3327838
rspAp,0.3333333333333333,6,5,AGAAACTTTTTATCTTGGAC,1,3310684
rspAp,0.6666666666666666,8,5,ACTGGGGCCGGTCGGCACAA,3,3333260
rspAp,0.8333333333333334,9,5,ACTATGCTATTCTCCTTCAG,4,3332323
rspAp,4.0,28,5,ACGTGGACGATCGCACGGAT,23,3319626
rspAp,3.0,22,5,ACGTCGATCACCGTGCGATC,17,3317106
rspAp,0.8333333333333334,9,5,ACGCGTCAGTTGGGCGTATA,4,3320603
rspAp,0.5,7,5,ACGCGCAGAGAGAGTCAGTT,2,3313644
rspAp,0.5,7,5,ACGACGAACATTGGTTAAGA,2,3323323
rspAp,2.0,16,5,ACCTCGTGTTGCGCATGTTC,11,3320152
rspAp,1.6666666666666667,14,5,ACCGGCCAGAAACTTGTCTA,9,3320648
rspAp,0.8333333333333334,9,5,ACCGAGATATGTCATTGTAC,4,3324764
rspAp,1.3333333333333333,12,5,ACCCAAAACTTCAGATTCGC,7,3330247
rspAp,2.8333333333333335,21,5,ACAGCCTAATGGTGACCCAC,16,3314733
rspAp,4.5,31,5,ACAGCAACGCAGGACGGGAC,26,3311146
rspAp,8.833333333333334,57,5,ACACCACGGATAATTGGACT,52,3319960
rspAp,7.833333333333333,51,5,AATGAGGTTAACGCATGAGC,46,3313467
rspAp,0.5,7,5,AATCTTTGGAACCAATTGAC,2,3314118
rspAp,2.5,19,5,AATACTCTCTACGTTGGTGA,14,3318606
rspAp,2.0,16,5,AAGTGCGCTCCCCGCAAGGA,11,3311350
rspAp,0.5,7,5,AAGTCAACCCCAATGTCCTT,2,3318618
rspAp,1.5,13,5,AAGGTACCGGTTCAACAGAG,8,3330372
rspAp,2.5,19,5,AAGCAGAAACCCCTAATAAT,14,3333512
rspAp,0.6666666666666666,8,5,AAGACTAAGAAATCCTCCTG,3,3321191
rspAp,0.3333333333333333,6,5,AAGAATGCGGAAGTGAAGGC,1,3320948
rspAp,2.3333333333333335,18,5,AACGCACACAACGAGTGCGC,13,3312633
rspAp,1.6666666666666667,14,5,AACCATCATGAATTGAGCGC,9,3318822
rspAp,3.0,22,5,AACATTAGCAATGATACTCA,17,3315443
rspAp,3.1666666666666665,23,5,AAATGATACGCCAGCCTTTC,18,3318237
rspAp,1.3333333333333333,12,5,AAAGAGCCATCTTATCGCAT,7,3332089
rspAp,1.6666666666666667,14,5,AAACCAGGACCTCTGTCGTG,9,3315204
rspAp,0.6666666666666666,8,5,AAAATACTATCAGTATGCCA,3,3326223
rspAp,1.0,8,4,TTTTCGCCAGGTTCCTGGAT,4,3331195
rspAp,20.4,105,4,TTTGGGGCGCACGGCCGAGG,101,3312358
rspAp,0.6,6,4,TTTGCCGACGCCAAATGCCC,2,3314225
rspAp,0.6,6,4,TTTCCATCTGAACCTCTCAT,2,3315932
rspAp,11.4,60,4,TTGCGTTTCGCGAGCACATT,56,3313076
rspAp,2.2,14,4,TTGACGTTGTGCAAGCGGCG,10,3330421
rspAp,9.8,52,4,TTCTGGTACTTGTAACGTCT,48,3330234
rspAp,0.4,5,4,TTCTCCACTTTTGATCAACT,1,3325072
rspAp,5.2,29,4,TTCTATGGGAGTAGTAATAG,25,3317993
rspAp,2.8,17,4,TTCGATACAGCAGTCCTTAA,13,3317598
rspAp,3.2,19,4,TTCCCAAACAATGAACGTCT,15,3321760
rspAp,1.0,8,4,TTCCATCATCGCTAACAAAA,4,3320763
rspAp,0.8,7,4,TTATTGGCGGCACGCAAGGC,3,3319778
rspAp,5.8,32,4,TGTTTCGCATGCCTCGATGT,28,3322311
rspAp,2.0,13,4,TGTGTGAGGCATGGCAGCCT,9,3326191
rspAp,1.2,9,4,TGTGCAGGTGTACATCCTGA,5,3329835
rspAp,3.8,22,4,TGTCTCATTCTTGTTCAAAG,18,3325341
rspAp,1.6,11,4,TGTCGCGACCCTAGTAGTTG,7,3317656
rspAp,13.0,68,4,TGGTTAGTACGAAATGGTTA,64,3321802
rspAp,3.2,19,4,TGGTGTCAGTCACGACGGAA,15,3327667
rspAp,0.6,6,4,TGGCTCCTAAAGAATATCGA,2,3311249
rspAp,0.4,5,4,TGGACGATAAGGGTATACAT,1,3328884
rspAp,1.8,12,4,TGCGATGTGCTCTAACGCCC,8,3313898
rspAp,0.4,5,4,TGCAGGCTCTCTGGTTCACG,1,3311896
rspAp,0.4,5,4,TGATCCGGAGTACTCACTCC,1,3321343
rspAp,2.4,15,4,TGATCAAAATTTCATCATGG,11,3326874
rspAp,18.0,93,4,TGAGGTGAGACATTGTGCGG,89,3329934
rspAp,0.4,5,4,TGAGGCGATTATCCTAATCC,1,3318587
rspAp,1.2,9,4,TGAGATCGCGGCTTTAGTTA,5,3318824
rspAp,0.4,5,4,TGAGAATTCCCGGGCTCTGT,1,3318991
rspAp,3.0,18,4,TGAACTACTTGGGACCCCAT,14,3332210
rspAp,1.8,12,4,TGAACAAGCGCGCCGTGCTC,8,3322051
rspAp,1.2,9,4,TGAAAATGAAATTTTAAGCG,5,3314125
rspAp,1.2,9,4,TCTTCATACAACCCTGCTAT,5,3327772
rspAp,1.2,9,4,TCTTAAACTAGATGCTACAA,5,3328525
rspAp,0.4,5,4,TCTGGATGAATATTTTCAGT,1,3319198
rspAp,0.6,6,4,TCTCACGAACACGCGCTGCG,2,3315696
rspAp,6.2,34,4,TCGTGCATGTCATCGATTCC,30,3319057
rspAp,2.0,13,4,TCGGTTAGTGCAACCCAGAG,9,3326116
rspAp,0.8,7,4,TCGGTCTAGAACTAGAAGGT,3,3323413
rspAp,3.2,19,4,TCGATTTTATTGTCTACCCG,15,3311086
rspAp,17.8,92,4,TCGAGTCCGCGGCGAGTATT,88,3328689
rspAp,1.0,8,4,TCGAAAATTTATATGTTCCC,4,3328841
rspAp,1.2,9,4,TCCTGTGATAAAATGTTTGA,5,3327388
rspAp,2.0,13,4,TCCTCGATTAAGAGTGTAGT,9,3331990
rspAp,1.0,8,4,TCCCGAGCAGCGCATAATTT,4,3311513
rspAp,0.6,6,4,TCCCAGATGAGATGGCGAAT,2,3319686
rspAp,1.2,9,4,TCCACTGTCAATTAATACCT,5,3321313
rspAp,1.0,8,4,TCATGAAGACATCCTGCTAT,4,3312873
rspAp,3.0,18,4,TCAGCGAGTGTTCGGTCGGA,14,3315896
rspAp,1.6,11,4,TCAGAGAACTATGATTTGGG,7,3313443
rspAp,6.2,34,4,TCACGCTACGACTTGCTATT,30,3315716
rspAp,3.0,18,4,TCACGCGATGTCAGACGATA,14,3325032
rspAp,1.2,9,4,TCAAGACCGGATTCTGACTT,5,3318586
rspAp,0.4,5,4,TCAACTGTTTCTGTCATTCC,1,3323075
rspAp,3.2,19,4,TATTGCAGGTCTCGCAGCGT,15,3317211
rspAp,7.0,38,4,TATGTAAAAGGAGGTGACCA,34,3319964
rspAp,1.0,8,4,TATGGGAGTGAGACGGTCCG,4,3328860
rspAp,8.2,44,4,TATAGTGCCCAGATTGTACA,40,3310036
rspAp,0.8,7,4,TAGGCTGACTCGGCTGAAAA,3,3320803
rspAp,1.2,9,4,TAGCAGCCTGGTGTAGGGTA,5,3310876
rspAp,4.4,25,4,TACTCCGCATGGGACCAGAA,21,3312521
rspAp,2.0,13,4,TACGTGGGTTACCGCCTATG,9,3330624
rspAp,1.2,9,4,TACGCTATTCGATGAGGCCG,5,3312885
rspAp,2.0,13,4,TACCTTCCTCTTGACGAGGC,9,3326497
rspAp,2.2,14,4,TAACACTGCTATTTCGAGAT,10,3326087
rspAp,1.0,8,4,TAAATTACATTAGGCCGCGT,4,3327257
rspAp,1.4,10,4,TAAAGCCTACAATTGTAGCT,6,3324985
rspAp,4.0,23,4,TAAAGAGGTAGGCATTGCGG,19,3320022
rspAp,2.0,13,4,GTTTTTTTACGCACTTCAAT,9,3312970
rspAp,0.8,7,4,GTTTTAGGGACCTAATGTTT,3,3325088
rspAp,1.0,8,4,GTTTCGCTGTAACTGATACC,4,3314316
rspAp,1.2,9,4,GTTTCCCGCTAGCGCCCGTG,5,3315393
rspAp,0.4,5,4,GTTTCCATTGGGTTGGCCCA,1,3329901
rspAp,1.6,11,4,GTTATCGATGAGTTACTACG,7,3316298
rspAp,1.6,11,4,GTGCGGAAACCGGTCGGGGA,7,3330184
rspAp,0.8,7,4,GTCTCCCAGAGGGAAGAGTC,3,3319403
rspAp,0.6,6,4,GTCCTCCTTGGGGATCCCAA,2,3318100
rspAp,6.2,34,4,GTCAGCTTTGCCGAGGGCAA,30,3333201
rspAp,2.6,16,4,GTATGGATTGCGACCCTGTC,12,3312753
rspAp,5.6,31,4,GTATCGACTCGAGCGGCAGG,27,3324874
rspAp,0.8,7,4,GTAGTGCCGCGTACCTGGCG,3,3322019
rspAp,3.6,21,4,GTAGTACCTTAGTCAGCCTG,17,3321670
rspAp,0.4,5,4,GTAGCAGGCGTGCTATGGTC,1,3328137
rspAp,0.8,7,4,GGTTGGTTCGCTTGTGACCT,3,3319894
rspAp,1.0,8,4,GGTAGGCCCCTGGAGCATAT,4,3325083
rspAp,1.6,11,4,GGGGGACACGTGGCCGAAAG,7,3320032
rspAp,5.4,30,4,GGGCAAGGGAGAATGGTTAT,26,3319954
rspAp,2.6,16,4,GGGATTCTAATGATCGTCGC,12,3319546
rspAp,1.0,8,4,GGGAGCGGCTATGCAAATTG,4,3313505
rspAp,2.4,15,4,GGCTTGGCCGACTCTTGTGG,11,3329239
rspAp,0.8,7,4,GGCTCCGGGAGAGGTACTGA,3,3318607
rspAp,3.8,22,4,GGCGCATGGTCCACGACGAG,18,3317930
rspAp,0.4,5,4,GGCCGATCTCTCAAGGAGGT,1,3315792
rspAp,0.6,6,4,GGATGGCGCGTTTTAGGAAT,2,3312434
rspAp,0.8,7,4,GGATCCGGGCCAATCGCCGA,3,3321122
rspAp,0.8,7,4,GGAGGTTGGGGTACGTAGAC,3,3317980
rspAp,0.6,6,4,GGAGACCCACACGCCGTGGA,2,3327156
rspAp,3.2,19,4,GGAAGGTACCGCAATTGTTA,15,3325484
rspAp,0.8,7,4,GGAACGCGTGTGGTGTAATT,3,3323070
rspAp,3.4,20,4,GCTTCAATAATGGACTTCGA,16,3312036
rspAp,0.8,7,4,GCTTAGGTTTATACTATACG,3,3309919
rspAp,3.0,18,4,GCTGCTAAGCTAGAACATCA,14,3312839
rspAp,1.6,11,4,GCTAGCACCGGTATCGGGCT,7,3315762
rspAp,14.4,75,4,GCGTGTCCCCAAATAATCCT,71,3330412
rspAp,0.4,5,4,GCGGCTTACTTTCCAACGCT,1,3316155
rspAp,3.8,22,4,GCGGAAGGGAAGTGCCATGT,18,3317842
rspAp,6.6,36,4,GCGCTGTCTACCCTGATGTC,32,3326737
rspAp,1.4,10,4,GCGCTCTCAAGTGTCTGTCC,6,3322511
rspAp,3.0,18,4,GCGCGGCGATAGGTCCGATT,14,3320083
rspAp,1.4,10,4,GCGCCTACTGATTTGTGATG,6,3317691
rspAp,4.4,25,4,GCGCCATTGCTACCCTGGAC,21,3322002
rspAp,3.0,18,4,GCCTCGGGGGTGTTAGTGAA,14,3330978
rspAp,4.0,23,4,GCCCAAGGTTAAGCCGGGGT,19,3315707
rspAp,1.4,10,4,GCCATTGGCGCACCCCTCAA,6,3317307
rspAp,3.2,19,4,GCCATTCGGGACGCCTATAA,15,3315454
rspAp,7.6,41,4,GCCATAGCCGGCGGTGCCGG,37,3328798
rspAp,0.4,5,4,GCCACTATCGCTTTTTTTTG,1,3322424
rspAp,5.0,28,4,GCATGTGCGCCCGTTTTAAG,24,3317370
rspAp,1.4,10,4,GCATGAATTTCTACATGTCA,6,3320970
rspAp,5.6,31,4,GCATACGTCTCTTCCACGAC,27,3316254
rspAp,0.4,5,4,GCAGAAATATTTTTCACTAA,1,3316549
rspAp,4.6,26,4,GCACATGTCTCTTCGTCTAA,22,3322475
rspAp,4.6,26,4,GATTTTAGGAGGAGTCGCAT,22,3314809
rspAp,2.6,16,4,GATTATTAGATGACGGTATT,12,3330646
rspAp,4.2,24,4,GATCTGCCCGTGACCGTTGG,20,3330221
rspAp,0.6,6,4,GATCGTTCACGTTATCATCG,2,3330941
rspAp,2.8,17,4,GATAGTACAAGATCATCAGG,13,3319444
rspAp,1.0,8,4,GATAAGTATCTAGTATTGGG,4,3332277
rspAp,1.0,8,4,GAGGTGAGTACACTTACCTC,4,3329343
rspAp,1.4,10,4,GAGCTAAAGAACGTATACCT,6,3320233
rspAp,1.6,11,4,GAGATAGACCCATTGACTAC,7,3312302
rspAp,0.4,5,4,GAGATAAACTCGAGTGTACG,1,3312016
rspAp,0.6,6,4,GACTTGGAGACTAAAATGGA,2,3328111
rspAp,8.2,44,4,GACCGGGGATGCTGTGCTAA,40,3317845
rspAp,0.4,5,4,GAATGCACGACACGTTTGAA,1,3311971
rspAp,2.0,13,4,GAAAGATGCTTGAGACACGG,9,3331495
rspAp,0.6,6,4,GAAAGAGCGACATTTGCATC,2,3309859
rspAp,21.6,111,4,CTTTGCGTACGACGGGCTAG,107,3331494
rspAp,2.2,14,4,CTTGCCCGTATTGGGTTCAG,10,3329306
rspAp,1.4,10,4,CTTGACCCTTCACCGTGCCT,6,3319237
rspAp,0.6,6,4,CTTCGACGGCAGTAGGGGAC,2,3312143
rspAp,1.6,11,4,CTTATGCCGAACAACCCGGC,7,3314297
rspAp,0.4,5,4,CTTATGAGATAACCCGTCTT,1,3321762
rspAp,1.2,9,4,CTTAGGCTGCTTCCATTCTG,5,3325534
rspAp,0.4,5,4,CTTAGCGGTCACACTGAACC,1,3308881
rspAp,1.0,8,4,CTGGGGGAGCGAGAGGAGCA,4,3333192
rspAp,5.0,28,4,CTGGAGTGGACGAGTGTAAC,24,3328859
rspAp,6.0,33,4,CTGCCTTGCTGGACCACTGG,29,3326875
rspAp,2.6,16,4,CTGCCCTTAGCATGGGGTTT,12,3323483
rspAp,3.6,21,4,CTGCCCTCAATTAGGGGGGG,17,3313672
rspAp,4.0,23,4,CTGACACGCAACACGGCATG,19,3329919
rspAp,0.4,5,4,CTGAATCAGGAACCGATCCT,1,3328110
rspAp,2.0,13,4,CTCTCGAAACCACCGTCAGC,9,3315415
rspAp,1.2,9,4,CTCCTCTAGAGTTAGTCAAT,5,3317852
rspAp,0.6,6,4,CTCCTCATGACCTAAGGGTA,2,3328537
rspAp,0.4,5,4,CTCCGCTACCTGGTTTCTGA,1,3308900
rspAp,0.8,7,4,CTCCGCGCAGTTTGATAAGC,3,3309772
rspAp,1.6,11,4,CTCCCTTCCTAATATATGCA,7,3333496
rspAp,0.4,5,4,CTCAGAATTTTAGAAAGAAT,1,3326147
rspAp,6.2,34,4,CTATGGCCGAGCCTGCCAAC,30,3332868
rspAp,3.4,20,4,CTACCTCGCAAAGGAGCACT,16,3313719
rspAp,3.2,19,4,CGTTTGTACCAGTTAACTAT,15,3324476
rspAp,0.6,6,4,CGTTCAATATAAATATCAAC,2,3320409
rspAp,0.6,6,4,CGTGAAAGAATCACTTTTAG,2,3324859
rspAp,1.0,8,4,CGTCAGGTAAACGGGTTTTG,4,3320036
rspAp,2.4,15,4,CGTATGACGACGAGTTTAGG,11,3318863
rspAp,2.6,16,4,CGTAAATTGTAGAAAGGCGA,12,3333449
rspAp,0.6,6,4,CGTAAATGCGAGTATTAAGG,2,3322834
rspAp,2.0,13,4,CGTAAATACGGAATCTGTAT,9,3314475
rspAp,3.4,20,4,CGTAAAACGTGTTGCTCATA,16,3320188
rspAp,0.4,5,4,CGGTCGCTCCGGAGACTTAG,1,3329945
rspAp,12.0,63,4,CGGGGTGACAACGTTAAAAT,59,3328355
rspAp,3.0,18,4,CGGGCGATGCCAGAATCGCA,14,3324073
rspAp,2.0,13,4,CGGCACAGTCTGCATCTTCC,9,3333606
rspAp,0.6,6,4,CGGAGAGTCTGGTGTACTAG,2,3328064
rspAp,1.4,10,4,CGCTTTTCGCCGGCCTAACC,6,3315228
rspAp,2.6,16,4,CGCGATGGAACCGCCTGAAT,12,3319429
rspAp,0.8,7,4,CGATGTTGGTGGGGAGGATA,3,3325501
rspAp,0.8,7,4,CGATACGGATTAACAACCGC,3,3329340
rspAp,1.0,8,4,CGATACATGCCAAGGGATAA,4,3324427
rspAp,15.2,79,4,CGAGTTGTGCTGTATTGATA,75,3330129
rspAp,1.2,9,4,CGAACCTAGCCTGTATCCTC,5,3326229
rspAp,1.2,9,4,CCTTGTCAGTATTGGGATCC,5,3326645
rspAp,0.6,6,4,CCTGCATGGCGCAGGATAAT,2,3311345
rspAp,2.6,16,4,CCTGACTAAATTCAAGGAAA,12,3322575
rspAp,0.4,5,4,CCTCCTGAGTATTGGGAAAT,1,3324125
rspAp,1.6,11,4,CCTATAACTAAGTTGCCTCA,7,3326195
rspAp,0.4,5,4,CCTAACCAGTTCCGGTCTTC,1,3323886
rspAp,0.4,5,4,CCGTTTAGCCTACATCCTGG,1,3324227
rspAp,2.6,16,4,CCGTGGAAATAGGGACACGC,12,3311716
rspAp,1.2,9,4,CCGTGAGCTGACTTTGTCCG,5,3318751
rspAp,2.2,14,4,CCGTCATCATCTCCGCAAAA,10,3311356
rspAp,0.8,7,4,CCGGCGGAAATCTCCGTTAA,3,3313137
rspAp,0.6,6,4,CCGCAGGGCTCTCTACCGAA,2,3326549
rspAp,1.6,11,4,CCGCACGTGTCTCCCCAGGC,7,3311422
rspAp,1.8,12,4,CCGAAGGAGAAGGTTGCAAC,8,3325775
rspAp,3.8,22,4,CCCCTCTGACTCCGAACGTT,18,3332725
rspAp,1.0,8,4,CCCAGGCAATCCAGCAAGGA,4,3316960
rspAp,0.8,7,4,CCCAGCAACTGAGTTCCGCG,3,3323339
rspAp,1.6,11,4,CCACTGTGTAGCGCCTCCTC,7,3311385
rspAp,0.6,6,4,CCACGGGGCGTTTGACTGAG,2,3311725
rspAp,1.2,9,4,CCACCTGGGCGTAAGCCCTT,5,3314885
rspAp,0.6,6,4,CCACCGTGGCGCTTCGTCGT,2,3308980
rspAp,1.6,11,4,CATGGCCGGGCTTGGCTTAC,7,3318338
rspAp,10.2,54,4,CATGCCGATCGCATTCCCGA,50,3321804
rspAp,0.8,7,4,CATCGCCCATGGCGGTTGTG,3,3313761
rspAp,4.0,23,4,CATAGCGGCATTTCACTGCC,19,3333283
rspAp,4.8,27,4,CATACTCTGCAAGCTAGCTT,23,3321606
rspAp,1.6,11,4,CATACACATTCGGGGCAACT,7,3331475
rspAp,0.6,6,4,CAGTGCATTACCCTGATACG,2,3323342
rspAp,3.8,22,4,CAGGTCGTATATAATGGTGT,18,3330724
rspAp,0.6,6,4,CAGCTCCCTCGAGAGCATCC,2,3316001
rspAp,2.4,15,4,CAGATGGTTAGGGCTTACGT,11,3327614
rspAp,0.4,5,4,CACTTTCCAGGCAGTCCAAA,1,3318400
rspAp,1.8,12,4,CACTATGTTTTCACAAAAGT,8,3326537
rspAp,4.2,24,4,CACGGGACAATGACACGTTT,20,3316612
rspAp,0.4,5,4,CACGATTCGGGATACTCCGA,1,3321712
rspAp,5.6,31,4,CACATTATGTCAGATCCCGC,27,3327822
rspAp,2.4,15,4,CACAAGAATGGCAAAACGTC,11,3312647
rspAp,3.2,19,4,CAATCTCTCCTCCGATGGCC,15,3311883
rspAp,1.0,8,4,CAATCTCGCACGCAAAAAGC,4,3313760
rspAp,6.6,36,4,CAATAACTATGTGTCCTGGG,32,3320847
rspAp,3.0,18,4,CAAGGTGAAATGAAACTGCT,14,3314227
rspAp,3.2,19,4,CAAGGCAATCCGGCTTTCAG,15,3332260
rspAp,1.4,10,4,CAACTTAATTAAGTGCAGAC,6,3310835
rspAp,4.0,23,4,CAACACGCTCCGTCAAGCTT,19,3317863
rspAp,3.2,19,4,ATTTAATTGTCTCTAGACAA,15,3315096
rspAp,0.8,7,4,ATTGGCGTACAGCAGCCGGT,3,3320097
rspAp,2.0,13,4,ATTAATGTCATTCCGGACTC,9,3318690
rspAp,2.8,17,4,ATTAAGTGTAGGCTTAGGCC,13,3328785
rspAp,1.2,9,4,ATTAACTTATGGGCGTGCTG,5,3315389
rspAp,1.0,8,4,ATGACTAGGCATCTCCTTAC,4,3309820
rspAp,1.2,9,4,ATCTACAGCTCACGTCCGGA,5,3328120
rspAp,2.6,16,4,ATCGCGGTATGGAACTCCTA,12,3320332
rspAp,1.6,11,4,ATCGAGGTGATCGCGCGACA,7,3317143
rspAp,0.8,7,4,ATATTGACTGCTCTGTGATC,3,3319094
rspAp,2.0,13,4,ATATTCAGATGGGCACGTGA,9,3318430
rspAp,2.4,15,4,ATAGCTTGAAGACAGCACAT,11,3313308
rspAp,1.4,10,4,ATAGAAACACTACGGCTTCT,6,3329698
rspAp,3.2,19,4,ATACCGATAAACCGTCCGAG,15,3316479
rspAp,2.2,14,4,ATAATTTTATGGAGTAAGTC,10,3319585
rspAp,4.0,23,4,ATAAGGTCCCGGAATAAACG,19,3309902
rspAp,2.2,14,4,ATAAAGGACGAGCTACTTGA,10,3321314
rspAp,2.0,13,4,AGTGCCGGCCCGGGGAAATA,9,3323415
rspAp,1.4,10,4,AGTCTTGAAGCTCCCGTAAG,6,3315782
rspAp,1.4,10,4,AGGTACTTTATAGCGGGAGC,6,3328745
rspAp,3.6,21,4,AGGTAAACCACATTAACCTT,17,3312079
rspAp,0.4,5,4,AGGGGCCAGCTGCCTGGGAT,1,3318211
rspAp,0.4,5,4,AGGGCGACGGCGTAGTACTT,1,3328824
rspAp,1.2,9,4,AGGGCATATCAATCCTTTTT,5,3331998
rspAp,5.8,32,4,AGGATTGCACGCCATCCGGC,28,3331550
rspAp,3.8,22,4,AGGACGGTAGCCGCCAGACT,18,3330113
rspAp,4.4,25,4,AGGACCGTCACTTTATTCTC,21,3326438
rspAp,0.4,5,4,AGCTTTTTCGTTGTCATGCA,1,3326590
rspAp,16.6,86,4,AGCTCCTCATTTATCGCGGG,82,3332131
rspAp,6.0,33,4,AGCGTCCGCTATCCAGTTGA,29,3318676
rspAp,0.8,7,4,AGCATCACGGCTCGGGATAG,3,3311995
rspAp,1.4,10,4,AGCATACGTAATGTGAGCAA,6,3315099
rspAp,1.6,11,4,AGCACGATCTGATACGAGCT,7,3320008
rspAp,1.2,9,4,AGATCTACACACTATGTTAA,5,3327511
rspAp,4.8,27,4,AGACTACGGGCGTTTTCAAC,23,3319442
rspAp,6.0,33,4,AGACCGGGTCCTCCGCTCGT,29,3324909
rspAp,1.0,8,4,ACTTGCCTAAAGGTTAGGGA,4,3312496
rspAp,0.6,6,4,ACTGGTACCTCTATAGCACC,2,3316682
rspAp,5.6,31,4,ACTGGATTACAGGCATCCAT,27,3328801
rspAp,1.0,8,4,ACTGCGATCAACAACGTCAA,4,3310313
rspAp,1.2,9,4,ACTACAAAGACCTTTGCCTA,5,3320816
rspAp,1.8,12,4,ACTAATGCTGGGGGTTGCCC,8,3320123
rspAp,1.2,9,4,ACGGTTTTACGCATATTTAC,5,3321183
rspAp,8.8,47,4,ACGGATCTAGTGGCCGCTTT,43,3333098
rspAp,1.8,12,4,ACGCGGCAGAAAAGATCAAC,8,3316199
rspAp,3.2,19,4,ACGATCGAGACTTCTAGGTT,15,3315902
rspAp,0.8,7,4,ACGAGAGAAACATCAGCCCC,3,3311955
rspAp,2.4,15,4,ACCATTTAATCTAAAAGGCT,11,3317078
rspAp,2.2,14,4,ACATTATTTAAGTCAAGGTA,10,3331518
rspAp,1.2,9,4,ACATACTATAAAATGTCCGA,5,3319017
rspAp,0.6,6,4,ACATACGTTCTAGACCCGGC,2,3320067
rspAp,3.0,18,4,ACAGTTTGGAAAGACTGAGG,14,3323367
rspAp,0.8,7,4,ACAGGTCATATACACACTTC,3,3311291
rspAp,0.6,6,4,ACAGCTTACCTTCCCCTTAA,2,3328746
rspAp,3.4,20,4,ACAGAGACGTCTTCTTTATT,16,3323241
rspAp,2.2,14,4,ACACATTAGCAGAGCGAATT,10,3310670
rspAp,39.0,198,4,ACAAGCCAGATGTCCGACTA,194,3332539
rspAp,1.6,11,4,ACAACTCACGTAGAATCCCC,7,3333029
rspAp,1.0,8,4,AATTTCTCTTCCGGAACAGA,4,3331714
rspAp,2.4,15,4,AATTTCCGAACTGGGAGGTT,11,3326316
rspAp,4.2,24,4,AATGGCGGGTTTGAGGCTCA,20,3322862
rspAp,0.6,6,4,AATGCCAAATTCCGCGGTGC,2,3316398
rspAp,1.2,9,4,AATCTGAAAGGAAGTACCAT,5,3314005
rspAp,0.8,7,4,AATCCTGTGAGCACTCTGGA,3,3309097
rspAp,0.4,5,4,AATCCATGCCGTCAATGCTG,1,3325104
rspAp,0.6,6,4,AAGTCTATGCGAGTGAAAAA,2,3333577
rspAp,0.6,6,4,AAGTCGTTATCAGGGTCAAA,2,3326155
rspAp,9.4,50,4,AAGTATGGTGGTCCTTGTCA,46,3313914
rspAp,4.2,24,4,AAGCAGCAAACCGAGGTCGC,20,3311018
rspAp,4.0,23,4,AACTTTTTGATCTTAGGGGC,19,3310409
rspAp,0.4,5,4,AACTCAGTTGCGTCCATAGG,1,3314420
rspAp,0.6,6,4,AACGATGAACATTAATCATC,2,3310650
rspAp,4.4,25,4,AACCCTGCTGAGACGGCCTC,21,3319603
rspAp,2.2,14,4,AAATAGTACTCAGCTGGGCT,10,3322992
rspAp,0.6,6,4,AAAGCCGTATAGATGGGATT,2,3327079
rspAp,7.75,33,3,TTTTGGATCTCAACTCGTCA,30,3316044
rspAp,0.5,4,3,TTTTGCCCTAGATGGGCGTC,1,3318248
rspAp,1.0,6,3,TTTTCGGGAGTTGTGCGGTA,3,3319596
rspAp,0.75,5,3,TTTGTACGTCCAGACTGATC,2,3312318
rspAp,1.5,8,3,TTTGAAGATGATATGTAACG,5,3316714
rspAp,0.5,4,3,TTTATAGCGATCCCACGGGG,1,3324163
rspAp,3.25,15,3,TTTACCGGTCGCTTTCCAAT,12,3309624
rspAp,3.75,17,3,TTGTTTACTGAATGACTAAT,14,3315463
rspAp,0.75,5,3,TTGCTTTCTTCCAAGTCCCC,2,3329481
rspAp,10.5,44,3,TTCTTGGATGTTTACTGCCT,41,3324955
rspAp,1.75,9,3,TTCTGGTCGCGTGGATCAAG,6,3310933
rspAp,0.5,4,3,TTATGCGCTCGGTTGTATGT,1,3315495
rspAp,0.5,4,3,TTACACCTATAAGAATAGGG,1,3320380
rspAp,1.0,6,3,TTACAATCTACTATGCTGTC,3,3321051
rspAp,5.25,23,3,TGTTTGAACGCATGTACAAT,20,3332622
rspAp,2.0,10,3,TGTGTGGGAAGCGCTGCTTC,7,3318823
rspAp,2.5,12,3,TGTATGGATACGTTTGAAAC,9,3316325
rspAp,3.5,16,3,TGTACGGGGGGTAGTCAATC,13,3315400
rspAp,0.5,4,3,TGGTTAAGATAAAAGAACTA,1,3321178
rspAp,1.75,9,3,TGGTCGTGGGACGCAGAGTA,6,3332652
rspAp,0.5,4,3,TGGTCAATGAGCAAGATTGT,1,3324877
rspAp,0.5,4,3,TGGGTCGGTTTCGCACAGCA,1,3315480
rspAp,0.5,4,3,TGGGTATACGGAAAATACAA,1,3312405
rspAp,3.5,16,3,TGGCAACAGCGCATCCTGGA,13,3331947
rspAp,1.0,6,3,TGGACCTCTGCTAGGGTCTG,3,3312843
rspAp,2.75,13,3,TGCCCTTCCGGTATGAACTT,10,3310089
rspAp,0.5,4,3,TGCCCAGCCTGGGTCTGTCA,1,3317218
rspAp,17.0,70,3,TGCCACGTACTTTATCCGAG,67,3328693
rspAp,1.75,9,3,TGATTGTGGCGCAAGTAATC,6,3326265
rspAp,3.0,14,3,TGATGCACCATATTCTGTCG,11,3332238
rspAp,3.25,15,3,TGAGATCTTGAAGAAAACCG,12,3331569
rspAp,0.75,5,3,TGAGACTTAATAATATGCAA,2,3317526
rspAp,3.0,14,3,TCTTGTGGGATACATCACAG,11,3325696
rspAp,2.5,12,3,TCTTGATACTCTCAGTCAAT,9,3315347
rspAp,0.5,4,3,TCTCGTTTGATGCCCATCGT,1,3332284
rspAp,3.5,16,3,TCTAGTTATGGCGTTCATTT,13,3314300
rspAp,2.25,11,3,TCGTAGTCCGAGAGTTGGGC,8,3314164
rspAp,1.0,6,3,TCGGGCCAATTTTAGATAGC,3,3324975
rspAp,2.0,10,3,TCGCGCATAAAGTTGTACCT,7,3330716
rspAp,2.25,11,3,TCGATGCCGCAGCAGATCAC,8,3314224
rspAp,7.5,32,3,TCGATCGAGATCTGATCGCA,29,3313974
rspAp,2.5,12,3,TCGACGCTAAGATAATTATG,9,3330981
rspAp,6.5,28,3,TCGACGCCTCGTCACCATAG,25,3318052
rspAp,2.5,12,3,TCCTTGGGTCCGTGTGCCGG,9,3313152
rspAp,1.5,8,3,TCCTCCTTTCATCTTAAGCC,5,3320821
rspAp,15.75,65,3,TCCGTGAGTCGGAATTGATA,62,3319458
rspAp,1.0,6,3,TCCAACAGTCTACACAGGGT,3,3317698
rspAp,0.5,4,3,TCAGTCTAGTGTGGGTCCTG,1,3320941
rspAp,5.75,25,3,TCAGGGGAGATCCAGAGGGG,22,3314670
rspAp,0.75,5,3,TCAGCAGTTGAGAGTGTTAG,2,3324837
rspAp,0.75,5,3,TCACTCCTGTATTTGTTTCG,2,3333294
rspAp,1.75,9,3,TCACCGTAGTCGCTTCGTAC,6,3321799
rspAp,3.75,17,3,TCAATTGACAACACCGAACT,14,3333456
rspAp,3.5,16,3,TCAAACTTGCATGCACCTTT,13,3317176
rspAp,2.0,10,3,TCAAACGGATGACAGCCCAT,7,3311375
rspAp,3.5,16,3,TATGCCCGACAGTGGTCTTA,13,3328133
rspAp,2.5,12,3,TATATTAACTATGGCGGCCG,9,3331528
rspAp,1.0,6,3,TATACCTAAAAATTTTCAGT,3,3321356
rspAp,2.5,12,3,TAGCTTAGTTGTTGTCCGCA,9,3331732
rspAp,2.75,13,3,TAGCTCACGGAATTACTTCT,10,3332780
rspAp,1.75,9,3,TAGCATCCACGACAATTGTC,6,3310435
rspAp,3.5,16,3,TAGAGCCAATTTGTGCTTCT,13,3314721
rspAp,1.0,6,3,TACGTCTAGTGACAGGTTGG,3,3332772
rspAp,1.5,8,3,TACGCTCCTCTACTTTGCGC,5,3310376
rspAp,5.25,23,3,TACCCAAATAACGGTATTGT,20,3328403
rspAp,2.75,13,3,TACCATCTAGCCGTAGCGAA,10,3331369
rspAp,2.0,10,3,TACACGGTGCATGCTTGAGA,7,3311900
rspAp,2.5,12,3,TAACGTCGCATAAGCGGGGT,9,3323543
rspAp,1.5,8,3,TAACCTCTTGCCAGGGATCG,5,3312244
rspAp,0.5,4,3,TAACCGGGGAGAGGACGGTT,1,3319058
rspAp,0.5,4,3,TAACAGATCTCGAAAATGAT,1,3321302
rspAp,2.25,11,3,GTTGGGAGGTATATTGTCAC,8,3320103
rspAp,1.75,9,3,GTTGGAGTAATCGATGGTGT,6,3310783
rspAp,2.75,13,3,GTTCATCAGGCCATTGGCAA,10,3309445
rspAp,4.5,20,3,GTTAGCCGGGCGCAGCTGGT,17,3322179
rspAp,2.0,10,3,GTTAATCGTCAGCTCGCAAT,7,3309263
rspAp,7.25,31,3,GTGTCAAGTCATTCTCCATT,28,3328817
rspAp,2.75,13,3,GTGGGAGGGTAACTACACGC,10,3323576
rspAp,3.75,17,3,GTGAGCTAGGCATCGAACTC,14,3317183
rspAp,2.0,10,3,GTCTTATGTGCAAAGCCTCT,7,3319014
rspAp,2.5,12,3,GTATCCTGCACCAGGATACA,9,3332464
rspAp,4.75,21,3,GTACGTATCGGATCGGTATG,18,3329932
rspAp,2.25,11,3,GTAAGAGGATCTGAGTTCGA,8,3313792
rspAp,2.0,10,3,GTAACAACAGAGCCGTGACA,7,3310980
rspAp,4.25,19,3,GGTTTTTGGGATCCGTATCC,16,3309608
rspAp,3.25,15,3,GGTTCTTTGGCATGGCGAGG,12,3332258
rspAp,5.0,22,3,GGTTCTATCGTCAAAAGGTA,19,3326842
rspAp,1.0,6,3,GGTTATAAGGCGTACTATGG,3,3313191
rspAp,2.5,12,3,GGTTAGGGTACTATCACATT,9,3313965
rspAp,0.5,4,3,GGTAAACATCCAGTGTCGAT,1,3331225
rspAp,10.75,45,3,GGGTCGTTATCTAACTCCTC,42,3311558
rspAp,1.25,7,3,GGGGGCAACAAGGGCAAACG,4,3328732
rspAp,3.0,14,3,GGGCCGGACGTCTAGTCCCC,11,3326121
rspAp,0.75,5,3,GGGCACGGGGCCGAGAAAGT,2,3317389
rspAp,96.5,388,3,GGGACTGGGAGCCGCGGAGA,385,3333679
rspAp,0.5,4,3,GGGAATCGGTGGCATTTATC,1,3324504
rspAp,1.5,8,3,GGCGATAAGGCTTCGCAAGC,5,3320605
rspAp,4.0,18,3,GGCATGTCCGTTATCCGCTA,15,3313711
rspAp,0.5,4,3,GGCATGCTGGTTGGGCTGTA,1,3329729
rspAp,0.5,4,3,GGAGATGGCCTGGCTGATGG,1,3325597
rspAp,2.75,13,3,GGACGCACCCGGCTGTGCTT,10,3323960
rspAp,0.75,5,3,GGACCAGAGGTTAAGGTTCA,2,3329477
rspAp,2.0,10,3,GGACAAGCGACGATAAACGT,7,3310814
rspAp,3.75,17,3,GGAACCTGAATACGACTCGC,14,3331262
rspAp,1.0,6,3,GGAACCGGCGAGGTCGCACA,3,3327047
rspAp,1.25,7,3,GGAAACTCGGGTAGATAGGA,4,3316723
rspAp,2.75,13,3,GCTCGGATTAGCTTACGTAG,10,3327526
rspAp,3.5,16,3,GCGGTGCTTGCCAAGTTGAG,13,3309694
rspAp,2.5,12,3,GCGGCCGGGGTCCTATTGCT,9,3311791
rspAp,1.25,7,3,GCGGCAAGACGCCTTGAGGC,4,3331478
rspAp,1.5,8,3,GCGGAACCACTGTGCCTACA,5,3318793
rspAp,5.75,25,3,GCGACCCAGGTTGCCAAAGC,22,3315494
rspAp,3.25,15,3,GCCTGACCTCTTAGGCTGGA,12,3332216
rspAp,0.5,4,3,GCATGTAAGTGGCCGCACCA,1,3322800
rspAp,1.0,6,3,GCACTTTCGATGAGTCCGTC,3,3318153
rspAp,0.5,4,3,GCACACTAGGCACAACAGCC,1,3323138
rspAp,0.5,4,3,GATTGCTTAGGTGAGGCATA,1,3309042
rspAp,3.25,15,3,GATGTCATGTGGGGAACGAT,12,3319439
rspAp,0.5,4,3,GATGGGGCTCTTAATCGTGT,1,3327823
rspAp,2.5,12,3,GATGCATGGGGACCTACCAA,9,3332944
rspAp,1.25,7,3,GATCTGCGCAAATTTGGCGG,4,3332362
rspAp,3.5,16,3,GATCGGTGGTACCATCGGGT,13,3316810
rspAp,1.25,7,3,GATAGTGAACCACGCGAAAT,4,3327331
rspAp,4.75,21,3,GAGTGGCTCAGACAGTACTG,18,3331694
rspAp,3.5,16,3,GAGTGCAGGCTTCGCTCGCC,13,3322813
rspAp,8.0,34,3,GAGTACCCACCAAATTTCTT,31,3320333
rspAp,2.0,10,3,GAGGTCGTGTTTTTTATCCT,7,3330736
rspAp,1.5,8,3,GAGGGGGGACCATCTTTATG,5,3333476
rspAp,2.75,13,3,GAGGGGATCGCAGCAGTGCA,10,3324705
rspAp,3.75,17,3,GAGGGCACAAGAATATCACT,14,3327699
rspAp,1.0,6,3,GAGGGAACGCAACGGGTTCC,3,3323190
rspAp,1.25,7,3,GAGGCGGAAATATGTCACCT,4,3309506
rspAp,0.5,4,3,GAGAGCTTTGGGTGATTGGA,1,3330615
rspAp,3.25,15,3,GAGACACTACTACCAAACAG,12,3332287
rspAp,1.25,7,3,GACTTAGCAGATCTCGTAAG,4,3326828
rspAp,4.25,19,3,GACTCTGATCAATGTTTTTA,16,3319858
rspAp,2.75,13,3,GACGTAATGTCTCACGAGGA,10,3330333
rspAp,0.75,5,3,GACCTCGAGTGGATCTAACT,2,3314796
rspAp,3.75,17,3,GACCGACCTCGGGATCTCAT,14,3322933
rspAp,1.75,9,3,GAATTTATGGCACCGCCATC,6,3314323
rspAp,4.25,19,3,GAATCCTGGGGGGAAACGTT,16,3314744
rspAp,6.5,28,3,GAAGGGACAATGCGTGCCGT,25,3326853
rspAp,5.25,23,3,GAAGAGATACGCGAGGCACG,20,3328401
rspAp,1.5,8,3,GAACTTCAGGTCAGCCGAAA,5,3319324
rspAp,4.5,20,3,GAAATGGCGTTCCTCAGTAT,17,3312161
rspAp,4.5,20,3,GAAATCGATAGCTCAGCTTC,17,3316667
rspAp,5.5,24,3,GAAATAACAAGGATAGATCA,21,3325595
rspAp,3.0,14,3,GAAAGACCGTAACGTCAATT,11,3313220
rspAp,3.75,17,3,CTTTGAATGACAAATGATAA,14,3321867
rspAp,2.75,13,3,CTTGGGCGTTATGGTTTCTA,10,3329794
rspAp,0.5,4,3,CTTCTTCTGCCATAGCCTTC,1,3318056
rspAp,3.0,14,3,CTTAGTGCTCACTGGATGCT,11,3312643
rspAp,0.75,5,3,CTTAAAGAAGGATTAGGACA,2,3316914
rspAp,1.75,9,3,CTGCGAGGATTGGGCACGCT,6,3332992
rspAp,1.25,7,3,CTCTAGTGAAGCAAAAGCTA,4,3328502
rspAp,1.75,9,3,CTCGCGTTGTGAAGTGTACA,6,3312813
rspAp,3.5,16,3,CTCGCCAGCAAATCGCTCCT,13,3316589
rspAp,0.5,4,3,CTCATGCTCAATCTTCCAGA,1,3318109
rspAp,3.0,14,3,CTCATATTCGATAGTAGATT,11,3330236
rspAp,4.0,18,3,CTCATAGCTGGGCCAGGCTC,15,3318948
rspAp,4.5,20,3,CTCACTCGACCCTACCTTCA,17,3331917
rspAp,0.5,4,3,CTCACGTCGCGAATCCATTC,1,3331504
rspAp,2.0,10,3,CTACTACTGACAGATTGTCT,7,3320530
rspAp,2.0,10,3,CTAAGCAGGGTAAGAGCAGA,7,3318814
rspAp,2.25,11,3,CGTTTAGGTCTATCCCGTCG,8,3317097
rspAp,4.75,21,3,CGTTAGTGTGTGAATAGCCA,18,3332584
rspAp,2.0,10,3,CGTGAATAACATGGATTTAA,7,3309120
rspAp,0.5,4,3,CGTCAGCCGTCGTCCACAGC,1,3309846
rspAp,1.25,7,3,CGTATATGTGAATTTCACGA,4,3331563
rspAp,1.0,6,3,CGGTGGTGGTTAAAAGTCCG,3,3324247
rspAp,0.5,4,3,CGGTGGGTGTAGAAATTTCC,1,3327321
rspAp,2.75,13,3,CGGTATGGTTTCGGTTTGGA,10,3314369
rspAp,6.25,27,3,CGGGGCAGGGCAGTCCGTCC,24,3329047
rspAp,5.25,23,3,CGGGGAGATGAACATAACGT,20,3320533
rspAp,0.75,5,3,CGGGGAGATACGCGACAAGA,2,3329024
rspAp,1.75,9,3,CGGCCAAGTTTCGGGTCGGA,6,3309569
rspAp,2.25,11,3,CGGATCCAATCAGGTGAGTC,8,3310237
rspAp,0.5,4,3,CGGACCATGTAAGTAAGTAC,1,3317439
rspAp,1.0,6,3,CGGAATCCGTAAGTAGAATC,3,3326340
rspAp,2.5,12,3,CGCCTGACGGGATGTGAATA,9,3315344
rspAp,3.0,14,3,CGCCACGTCAAGGGACCTTA,11,3315646
rspAp,1.75,9,3,CGCATGCGACATCTGCGGGA,6,3317380
rspAp,2.0,10,3,CGAGTGGTATTATTTGTCTG,7,3316729
rspAp,0.75,5,3,CGAGGCAACAGTAATTGTCT,2,3314677
rspAp,3.25,15,3,CCTGGCCTAGATTTACGTAC,12,3330642
rspAp,1.5,8,3,CCTCGTCCATCATACTCAAT,5,3320120
rspAp,1.25,7,3,CCTCGCGCTGGAGGTGAGGC,4,3311691
rspAp,3.25,15,3,CCTCGACACATAGGTCTGGG,12,3320439
rspAp,1.5,8,3,CCGTTACACGTCTCACTTCT,5,3314331
rspAp,0.5,4,3,CCGGCGCCACGAGATTGTCT,1,3327327
rspAp,0.75,5,3,CCGGAGACTTGACAGGAAGA,2,3332756
rspAp,3.5,16,3,CCGCGATGCCTTAAAGACGA,13,3324287
rspAp,1.75,9,3,CCGCATCGGGAAGCCAGTGT,6,3321473
rspAp,2.75,13,3,CCGATGACAGGGACAACGGG,10,3321646
rspAp,0.75,5,3,CCGAGGTGAATACGGTTGCC,2,3319604
rspAp,4.5,20,3,CCGAACTTAGCTTCTGAAGA,17,3322759
rspAp,0.75,5,3,CCCGAACAGGCCTCCGATCA,2,3315593
rspAp,2.75,13,3,CCCCATCGTGCGGTTGAGGG,10,3315435
rspAp,5.75,25,3,CCCATAGGCAGTCCCGGTCC,22,3310766
rspAp,2.25,11,3,CCATGCGGTTACCAAGTAAG,8,3311182
rspAp,7.5,32,3,CCAGTTGCGCTGTGTGTAAT,29,3313074
rspAp,3.5,16,3,CCAGGGTGTTGCGTCCCGAT,13,3318570
rspAp,1.5,8,3,CCAGCTATAGTGTGGTCCCA,5,3312827
rspAp,1.0,6,3,CCAGATAAATCCACTGCGCA,3,3313105
rspAp,3.25,15,3,CCAGAGTATCCTGAGGGTCA,12,3313652
rspAp,13.0,54,3,CCACTTCAGCTATAGATGAT,51,3327359
rspAp,7.25,31,3,CCACAATCGTGCAGTTGCAC,28,3324207
rspAp,1.5,8,3,CATGGAAAACATGGATAGGT,5,3326409
rspAp,1.75,9,3,CATCGAAGTCTTCATTCTTG,6,3317808
rspAp,12.5,52,3,CATCAGTGTGTGACTTGCGT,49,3317642
rspAp,1.75,9,3,CATAGGCTCTGGCGGGTAGG,6,3319554
rspAp,21.25,87,3,CATACATGATAAACGATCCT,84,3313478
rspAp,0.5,4,3,CATAAACATCGTTCTAGGAT,1,3321266
rspAp,2.0,10,3,CAGTCGTTAAATTAAAACCA,7,3310404
rspAp,0.5,4,3,CAGGAAGGGTGGCCCGTAAT,1,3311342
rspAp,1.5,8,3,CACTGGTCCTGTGACGCATA,5,3318840
rspAp,1.0,6,3,CACTGGACCGGGAGGAAACC,3,3314424
rspAp,5.25,23,3,CACCACCAATTCTCCATTCC,20,3317406
rspAp,0.5,4,3,CACATGTGTGTTCCAGGTGC,1,3331165
rspAp,0.75,5,3,CACAATCTCACCAGGAAATC,2,3326428
rspAp,2.0,10,3,CAAGTGCCGAAGCGTTACAA,7,3312837
rspAp,4.0,18,3,CAAGTCCCGGGATTAACATT,15,3321460
rspAp,0.5,4,3,CAAATTATCGTCTGGTAGGA,1,3318150
rspAp,1.0,6,3,CAAAGCAGTCTACCTAGCGT,3,3312742
rspAp,13.25,55,3,CAAAATTCCATCTTCACTAT,52,3331103
rspAp,1.5,8,3,CAAAAGATAGCGATTATCGT,5,3322079
rspAp,2.0,10,3,ATTTCTGAACGTGACCTATT,7,3321382
rspAp,10.0,42,3,ATTTCCTCCTTAGAGGACGT,39,3321868
rspAp,5.75,25,3,ATTGCACCATTTCTGATGAA,22,3309145
rspAp,11.0,46,3,ATTCATCATAGGGCGAAAGA,43,3321801
rspAp,1.5,8,3,ATTATCGCGTGCCCTCCACT,5,3321505
rspAp,2.5,12,3,ATGATTGCTCGCATGTCGGT,9,3322812
rspAp,1.0,6,3,ATGAGATGAGGGGTAGTACA,3,3323877
rspAp,1.25,7,3,ATCCTTTAAGTGGACGGTGC,4,3321953
rspAp,3.5,16,3,ATCCTACGGGCCTGACGCAA,13,3332999
rspAp,12.5,52,3,ATCCCATCCGGCTCAGCTAT,49,3333102
rspAp,2.5,12,3,ATCCATACCCGGTTGTGGAG,9,3331601
rspAp,0.5,4,3,ATCAGAGTTAGATTAATTAC,1,3320593
rspAp,8.0,34,3,ATATTTATGTACGCAACAGA,31,3333318
rspAp,2.5,12,3,ATATGCCGTGTTATGCTATG,9,3327131
rspAp,1.75,9,3,ATATGCACTAGACTCCAGTA,6,3320686
rspAp,0.75,5,3,ATATGAGGTCCACACACCTA,2,3326535
rspAp,1.5,8,3,ATACAGGCGTGTCGAAGACT,5,3318391
rspAp,0.75,5,3,ATAATATATGAGCCATTAGG,2,3327839
rspAp,5.0,22,3,AGTTATCCGGCATAGTCAAG,19,3309333
rspAp,2.75,13,3,AGTGTGAAGAATATGTGCTA,10,3321718
rspAp,7.75,33,3,AGTGCCCACGGGAGACAGGC,30,3332451
rspAp,1.25,7,3,AGTGAATTATCATTATTGTT,4,3331059
rspAp,5.75,25,3,AGTATGGCACGAGCGTCCCA,22,3332229
rspAp,5.75,25,3,AGGTGGCCCCTGTAGGACTC,22,3313063
rspAp,1.25,7,3,AGGGTAAAAGTTTGCGTGCA,4,3327990
rspAp,6.5,28,3,AGGGACGAATGGCCTAAATT,25,3329111
rspAp,2.75,13,3,AGGCGAAGGTCCGGATCCTA,10,3329407
rspAp,2.0,10,3,AGGCACGGTCCATCCGGTAA,7,3328980
rspAp,2.25,11,3,AGGAGATGTTCCTAGTAACT,8,3330639
rspAp,8.75,37,3,AGCTCGATGTCTGTCCCGCA,34,3319912
rspAp,1.5,8,3,AGCGGACACAAAATTCTGTT,5,3312590
rspAp,5.0,22,3,AGCGCTAAGTCGCGCTCGCA,19,3316977
rspAp,1.0,6,3,AGCAGAATCGATATCCTCGT,3,3317417
rspAp,3.0,14,3,AGAGCATACAAGCCGGTTTA,11,3310554
rspAp,0.5,4,3,AGACAAGCTGTGGGGGTAAT,1,3311865
rspAp,4.25,19,3,ACTGTTGGATCAGTTACGAC,16,3310230
rspAp,4.0,18,3,ACTAGGGTGCTATACGGTCA,15,3313900
rspAp,5.75,25,3,ACTAATTCACAGGCAAGGTG,22,3326841
rspAp,0.5,4,3,ACGTTCCTATGACCAGCTTA,1,3332308
rspAp,1.75,9,3,ACGGTTGAATCGACAAAACG,6,3333076
rspAp,0.5,4,3,ACGGCGTCCTCTGAACCAGT,1,3330802
rspAp,1.5,8,3,ACGCAATCACTCAAGAGTTG,5,3321016
rspAp,9.75,41,3,ACGAGTAGCACCAGGGGGGG,38,3332882
rspAp,0.5,4,3,ACCTACAGCAGTGGTGGTCC,1,3330765
rspAp,3.25,15,3,ACCCTCAGCATTTGAGCAAG,12,3314395
rspAp,2.25,11,3,ACCCGGAGCATCGAGCTGAC,8,3328074
rspAp,1.5,8,3,ACCCCGGGATTCGCATTGTA,5,3323642
rspAp,1.25,7,3,ACAGTAATCCATACCTAAAA,4,3331600
rspAp,2.25,11,3,ACAACGAGTGCGGACGGAAG,8,3327782
rspAp,2.75,13,3,AATTCTGATCCCGCCGAGAC,10,3321593
rspAp,2.5,12,3,AATGCTGTCCGCTCACGAGC,9,3310155
rspAp,1.0,6,3,AATGATTCTCGACTTGTAGT,3,3325491
rspAp,0.5,4,3,AATCGACTGAAAGAAAGAGG,1,3315872
rspAp,22.0,90,3,AATAGTGTCTACTTCAACTG,87,3333087
rspAp,3.0,14,3,AATACATCTGAGAGGTCACC,11,3323030
rspAp,0.5,4,3,AAGGTGGACCGCCAATAGGA,1,3328186
rspAp,1.5,8,3,AAGGTCTCAAACACTCGCAG,5,3319998
rspAp,2.75,13,3,AAGGAGCAGTAGCAATGAAA,10,3327425
rspAp,0.75,5,3,AAGCTGTTTGTTTAAACAGC,2,3315981
rspAp,0.5,4,3,AAGCTCGATCTTGTTACCGG,1,3311141
rspAp,1.0,6,3,AAGACTTCCCCGCATCTCGG,3,3311121
rspAp,2.0,10,3,AACTTCTCGTACGCGGTAGA,7,3318608
rspAp,2.25,11,3,AACCCTTTCATGATGTGGCT,8,3323665
rspAp,2.0,10,3,AACCATTAGCAACCCGTCAG,7,3328123
rspAp,5.75,25,3,AACAATTCCAGCGATCGCAT,22,3313905
rspAp,2.0,10,3,AAATCTTTCCGTGGGAGGAG,7,3318307
rspAp,2.75,13,3,AAACTGAGCTGTAGTGTTGC,10,3314663
rspAp,13.25,55,3,AAACTCGTAGTTCATTCTTC,52,3313475
rspAp,17.25,71,3,AAACCCCATATGATCCAAGT,68,3319910
rspAp,0.75,5,3,AAACACCTCCAGGGACGTCT,2,3323393
rspAp,2.75,13,3,AAAATACGTTTGGGACACGG,10,3309680
rspAp,2.6666666666666665,9,2,TTTGTGAGCCATTTTGCAAC,7,3311979
rspAp,17.0,52,2,TTTCGACGGAAGGCGGGGCA,50,3321435
rspAp,2.3333333333333335,8,2,TTTCAGGCAAGGACATCAGC,6,3329629
rspAp,4.666666666666667,15,2,TTTACCAGTAAATGGCAACG,13,3328089
rspAp,7.0,22,2,TTGTGGGCTCCCTGCGCATG,20,3322470
rspAp,3.0,10,2,TTGTCTAACCTAAAAGATTT,8,3311638
rspAp,1.6666666666666667,6,2,TTGGGGGAGATGTGTACGGG,4,3331602
rspAp,1.3333333333333333,5,2,TTGGCTTCAGGGCCACGGCT,3,3309287
rspAp,0.6666666666666666,3,2,TTGCTGGTTGTGTCCTGATA,1,3332608
rspAp,12.666666666666666,39,2,TTGCATTCGTTAGGCCCTTT,37,3309230
rspAp,0.6666666666666666,3,2,TTGACCCGATTGACGGCTGG,1,3320224
rspAp,2.3333333333333335,8,2,TTGAAAGCTATGGTAGTGAC,6,3332415
rspAp,3.0,10,2,TTCGGAAATATATTGTTTAC,8,3313785
rspAp,5.333333333333333,17,2,TTCGCGGCGACATTACCGGG,15,3332049
rspAp,1.0,4,2,TTCCGAACGGAGGCCTAATC,2,3320317
rspAp,6.333333333333333,20,2,TTCACGACTTCTCAGTATTG,18,3320564
rspAp,1.6666666666666667,6,2,TTCAACGAATCCCCCTTTAT,4,3318043
rspAp,0.6666666666666666,3,2,TTATGTGATCATGGCGCAAA,1,3313787
rspAp,9.0,28,2,TTATCCGATGTAAACGTTCG,26,3330411
rspAp,1.3333333333333333,5,2,TTACCAACAAGCGCGTAAAT,3,3315391
rspAp,4.0,13,2,TTAAGGGTCCTAGAACTTGT,11,3318185
rspAp,3.0,10,2,TTAACGCATTATAAGAGGCG,8,3310787
rspAp,2.0,7,2,TGTCTACCAGTCGGTTGGGC,5,3331085
rspAp,7.666666666666667,24,2,TGGTAGAGGATGCTCGCACA,22,3318590
rspAp,1.6666666666666667,6,2,TGGGATGGGCGAGCGTACCT,4,3327386
rspAp,1.3333333333333333,5,2,TGGGACTCTTCGCCAGATTG,3,3309143
rspAp,7.666666666666667,24,2,TGCTTGCAATGGTTTACATA,22,3321304
rspAp,7.0,22,2,TGCTTGCAACCCCATGGTTA,20,3321652
rspAp,8.666666666666666,27,2,TGCTCCCCACTCCGAGCATT,25,3331492
rspAp,3.0,10,2,TGCGAGTATGAACCCATGGC,8,3313999
rspAp,3.0,10,2,TGCAGTAGCGAGTGAGACGG,8,3319664
rspAp,18.0,55,2,TGCACCCCGCCGTCATACTG,53,3313899
rspAp,4.0,13,2,TGATTGGCCACAGTTGCTGT,11,3330467
rspAp,1.0,4,2,TGAGCGACAAGGACTGATGA,2,3308984
rspAp,1.3333333333333333,5,2,TGACTTCAGACCGAAACGCC,3,3333579
rspAp,3.0,10,2,TGACAACGTAAAATTACTTG,8,3331034
rspAp,2.0,7,2,TCTTCCCTGGCAAGCGTAAC,5,3322675
rspAp,7.0,22,2,TCTGTGTTATCTGTTGGGGT,20,3328766
rspAp,1.3333333333333333,5,2,TCTGGAGGACCGATGCGCGC,3,3317179
rspAp,22.333333333333332,68,2,TCTGCATAACGGCAAGCGAA,66,3320560
rspAp,1.3333333333333333,5,2,TCTATGGGCGCGGGCCGGAT,3,3316450
rspAp,3.6666666666666665,12,2,TCTATAGTTAGGTGAATCTA,10,3318421
rspAp,1.6666666666666667,6,2,TCTACATGCTGTGCTCTCCT,4,3321260
rspAp,3.3333333333333335,11,2,TCTAAGTACATCAGGACAGA,9,3330702
rspAp,6.0,19,2,TCGTTTGCGATCTGCGGCCA,17,3313173
rspAp,4.333333333333333,14,2,TCGTTGACCTGCTCAACCCT,12,3318962
rspAp,3.0,10,2,TCGTCCACTTTCTCCCTTGA,8,3318189
rspAp,2.6666666666666665,9,2,TCGGGTACGGCGCGGCGCGT,7,3321138
rspAp,0.6666666666666666,3,2,TCGGGGCCGTTTAATAGAGA,1,3323296
rspAp,15.666666666666666,48,2,TCCTAGATGTTCTATCTCGT,46,3317503
rspAp,9.0,28,2,TCCGTTATTTCCATACTGGC,26,3310067
rspAp,28.333333333333332,86,2,TCCGGGGACGCTCACGCTGT,84,3332132
rspAp,1.6666666666666667,6,2,TCCATTGCGTGTGTTCTCAG,4,3327709
rspAp,0.6666666666666666,3,2,TCCATTAGTGCTTTTGTCAT,1,3314797
rspAp,1.6666666666666667,6,2,TCCAACCGAGACGAGCGCAT,4,3312132
rspAp,1.6666666666666667,6,2,TCATTTAATTACTTATACTT,4,3316919
rspAp,72.0,217,2,TCATCGATATTGTAGGGTTG,215,3312374
rspAp,4.0,13,2,TCAGGTGGCGCGTTATCTCA,11,3321513
rspAp,12.666666666666666,39,2,TCAGAGCACCCAGCGCCATT,37,3318432
rspAp,11.333333333333334,35,2,TCACTCGATGCGCACGGAAT,33,3330760
rspAp,1.6666666666666667,6,2,TCACAAATCGAAGTACAGGG,4,3319999
rspAp,2.3333333333333335,8,2,TCAAGAAGTACTACTCCGGA,6,3314234
rspAp,1.3333333333333333,5,2,TATATAAATCTGCGAGAAAA,3,3331467
rspAp,5.0,16,2,TAGGGTGTATTGGGTAAATA,14,3333486
rspAp,0.6666666666666666,3,2,TAGCAAGCCCTTATGTTATT,1,3316322
rspAp,6.333333333333333,20,2,TACTGTTTACAAACTTGGCA,18,3325782
rspAp,7.333333333333333,23,2,TACTGAGAGGTCTTGGCTAC,21,3310086
rspAp,6.0,19,2,TACTCTGTGGTGCTCTGTGG,17,3318337
rspAp,5.666666666666667,18,2,TACCGTGCGCTCTATTTGGA,16,3313948
rspAp,1.3333333333333333,5,2,TACCCATGTTCTAGTGATTC,3,3310813
rspAp,2.6666666666666665,9,2,TACCAAGTCGTAATCTGGTG,7,3325945
rspAp,2.3333333333333335,8,2,TAATGTACTCTGATAAGGAA,6,3310210
rspAp,4.0,13,2,TAATGGGGAAACGCCTTATC,11,3331463
rspAp,2.0,7,2,TAATCCCAGGGGAACGAACG,5,3323860
rspAp,1.0,4,2,TAAGGTGCATGTACGAAAAT,2,3329345
rspAp,15.0,46,2,TAAAGAAGGGACTGTAAATG,44,3313389
rspAp,2.6666666666666665,9,2,TAAAATCCTTCCCCGGAGTG,7,3309257
rspAp,9.666666666666666,30,2,GTTTCGGTCAGAGTTCAGCA,28,3332326
rspAp,4.666666666666667,15,2,GTTCCGTACATAGCGGTGCT,13,3315149
rspAp,7.333333333333333,23,2,GTTCCAGCTCAAGCGGGATA,21,3313574
rspAp,0.6666666666666666,3,2,GTTAGGGAAAAGAAGGACAA,1,3325907
rspAp,1.0,4,2,GTTAGGCGAACATTTCGATC,2,3314625
rspAp,1.3333333333333333,5,2,GTTACGGAAGCCCCCGTAGC,3,3329351
rspAp,3.3333333333333335,11,2,GTGTGGGCGCTAGCGCCCTT,9,3309628
rspAp,2.3333333333333335,8,2,GTGTACTAGATCCATTGCTT,6,3313046
rspAp,1.6666666666666667,6,2,GTGGCATAACGTAACTACGG,4,3328320
rspAp,9.333333333333334,29,2,GTGCTAGGACTCACGTAGTC,27,3317505
rspAp,1.3333333333333333,5,2,GTCTTGAGTACCATGGTTTG,3,3324151
rspAp,0.6666666666666666,3,2,GTCTACTCATGGCTTTCGGC,1,3313109
rspAp,33.666666666666664,102,2,GTCGATCCACTTTTTCTGTG,100,3331120
rspAp,17.0,52,2,GTCCTGCGGGTGAGGCATGC,50,3319913
rspAp,1.3333333333333333,5,2,GTCCGATACTCGGCAGACCA,3,3322353
rspAp,7.333333333333333,23,2,GTCCATGGTTAACTCCCTTT,21,3314429
rspAp,2.0,7,2,GTCATCGGAGCAAGGGCAGA,5,3309083
rspAp,1.3333333333333333,5,2,GTCATAGGTGCCCGTACACT,3,3322287
rspAp,2.6666666666666665,9,2,GTCAGATGTAGAAGGAAGAC,7,3322026
rspAp,3.3333333333333335,11,2,GTATTTGGTAAAACTCTGCA,9,3318418
rspAp,3.3333333333333335,11,2,GTATTTCTTGCTATAGAGTG,9,3331275
rspAp,1.0,4,2,GTATTCATTCCTGCTCAGAT,2,3328613
rspAp,2.6666666666666665,9,2,GTATAGCCCAAAATCAGCCA,7,3331150
rspAp,17.333333333333332,53,2,GTACCCCCAGCAAGCACCCT,51,3329837
rspAp,10.666666666666666,33,2,GTAATTTGCTAAGGCTGAGA,31,3315376
rspAp,2.0,7,2,GTAATTCACTGATATTGAGG,5,3319865
rspAp,8.333333333333334,26,2,GTAAGCAACCTACAAAGCTT,24,3328108
rspAp,7.0,22,2,GTAACAAACCGCTCATGTCT,20,3325155
rspAp,2.0,7,2,GGTTGCCACAGTCGGTCGTA,5,3330496
rspAp,4.333333333333333,14,2,GGTCCAAGTATTAATTGAGA,12,3330168
rspAp,0.6666666666666666,3,2,GGTATGTCCAATACTGCGCA,1,3325631
rspAp,1.6666666666666667,6,2,GGGTTTGTTCTTAGCTGCTC,4,3317799
rspAp,0.6666666666666666,3,2,GGGTGTGCGGGCGTGAATTT,1,3318692
rspAp,0.6666666666666666,3,2,GGGGAAGGCAAGCTGAGTGA,1,3312473
rspAp,7.666666666666667,24,2,GGGATGTATGGTGCCTCTAA,22,3319677
rspAp,1.6666666666666667,6,2,GGGACGGAATAGAATCGGGA,4,3316581
rspAp,5.666666666666667,18,2,GGGACCTGACCCAGGCAAAT,16,3321003
rspAp,1.6666666666666667,6,2,GGCCAGTGGTGGGGGTGCAC,4,3311822
rspAp,1.6666666666666667,6,2,GGAAGGGGAAGGTGTCTTAG,4,3331863
rspAp,1.3333333333333333,5,2,GCTGGGGTCGCTCAATCCAC,3,3329967
rspAp,4.0,13,2,GCTGACAGGCCAGGTCACTC,11,3329607
rspAp,0.6666666666666666,3,2,GCTGAAGTTCAGTCGGCCGT,1,3328184
rspAp,5.666666666666667,18,2,GCTCCTTGGAGGTTTTGTCA,16,3313746
rspAp,1.0,4,2,GCTCATGGCTTAGTACAGTG,2,3314272
rspAp,1.6666666666666667,6,2,GCTCACTGTTAAACGCGCAA,4,3326713
rspAp,4.666666666666667,15,2,GCGGGTTTGCAGACAACCGA,13,3321077
rspAp,1.0,4,2,GCGCCTTATAGAGAGCAATC,2,3316348
rspAp,0.6666666666666666,3,2,GCGCCGACATTCCCAAGATT,1,3327249
rspAp,1.0,4,2,GCGAGGCCTCTCGCGATCCG,2,3324484
rspAp,3.3333333333333335,11,2,GCCCGATCCAGCCCCTAGAT,9,3314378
rspAp,5.333333333333333,17,2,GCCAATGACTTTTCTCCTAT,15,3309432
rspAp,2.6666666666666665,9,2,GCCAAATGGTTTATTTCAAC,7,3321515
rspAp,31.666666666666668,96,2,GCATGGCAAGCCTTAGATGA,94,3324626
rspAp,2.3333333333333335,8,2,GCATCTTGATCGCATTAGCT,6,3324697
rspAp,1.0,4,2,GCATACTCGGTGACTTCACC,2,3328742
rspAp,2.0,7,2,GCATAACTGTGGAAAGCGCA,5,3324725
rspAp,1.6666666666666667,6,2,GCACGAGTAAAATCTACGAG,4,3316507
rspAp,12.666666666666666,39,2,GCACAATATCATGGGTGAAC,37,3325911
rspAp,15.0,46,2,GCAATTATTGGGTCTAGCCG,44,3321990
rspAp,16.666666666666668,51,2,GCAACCACTACCTATCGGGT,49,3325853
rspAp,5.0,16,2,GATGGGCCGAGCAACCTTCG,14,3329062
rspAp,1.3333333333333333,5,2,GATCTTTACTGCTTGGCTCG,3,3320060
rspAp,23.0,70,2,GATCCGGGGGGTCGTTAGAG,68,3328999
rspAp,3.0,10,2,GAGCGTACTTCCTGGTCCAA,8,3327270
rspAp,3.6666666666666665,12,2,GAGAACCGATTGCAAAGTAA,10,3313171
rspAp,5.0,16,2,GACTCCCGCGGCCCAGTGCT,14,3325543
rspAp,3.6666666666666665,12,2,GACTACACTCTCTAGGCGGC,10,3330262
rspAp,6.666666666666667,21,2,GACCTAATAAGCTTTCTCAA,19,3329488
rspAp,2.3333333333333335,8,2,GAAACTTTCTCTTAGGTCAG,6,3312222
rspAp,3.6666666666666665,12,2,CTTGTTGTCCTCGGAGAGGT,10,3326343
rspAp,0.6666666666666666,3,2,CTTGATCAGCTGTCTCATTA,1,3309700
rspAp,5.666666666666667,18,2,CTTCAAGTTCTGCTGAGACT,16,3310499
rspAp,4.0,13,2,CTTACAGGCCTATGGGGACC,11,3322211
rspAp,3.0,10,2,CTGTGTGCATTGGGAGCTTT,8,3308935
rspAp,1.6666666666666667,6,2,CTGGGCTACGGGGAATACGA,4,3325517
rspAp,4.666666666666667,15,2,CTGCGAAGGTTCTTCACTGA,13,3317681
rspAp,1.3333333333333333,5,2,CTGAAGATATATACAATTTA,3,3311776
rspAp,1.6666666666666667,6,2,CTCTAATGCTAATTATAAGT,4,3326049
rspAp,2.3333333333333335,8,2,CTCGGCCGTACGTTCAGCTC,6,3310117
rspAp,5.0,16,2,CTCGAAAGGGTGCTAACGTG,14,3316856
rspAp,2.3333333333333335,8,2,CTCACCTTGAGTTTCTATGA,6,3318611
rspAp,3.0,10,2,CTATGGTGCAATTGTGTGGT,8,3317438
rspAp,2.6666666666666665,9,2,CTATGGCAGGTTCCTCATAA,7,3333207
rspAp,5.666666666666667,18,2,CTAAGTGAACGGGCTTCGAC,16,3313976
rspAp,8.0,25,2,CTAAGGGTGAACCGGACTTT,23,3315445
rspAp,1.6666666666666667,6,2,CGTGCCAGGCACCGGTTGGG,4,3330462
rspAp,5.0,16,2,CGTGAGCACTTGACGGCGAG,14,3309556
rspAp,1.3333333333333333,5,2,CGTGACGGCGCTCCGACTAG,3,3327326
rspAp,5.333333333333333,17,2,CGTAGGGGTGAGCGCGTAAT,15,3331537
rspAp,1.6666666666666667,6,2,CGGTGACGCTTAATCTGAGA,4,3316770
rspAp,2.3333333333333335,8,2,CGGTATACGCCCGGCAGGGA,6,3322840
rspAp,1.3333333333333333,5,2,CGGTAGGGCTCGATTTGGAA,3,3315054
rspAp,1.6666666666666667,6,2,CGGGTTCATCTCCCTTAAGT,4,3315822
rspAp,4.0,13,2,CGGGCGACGTGCTCGCTAGT,11,3316694
rspAp,4.666666666666667,15,2,CGGGACCGGTACGCTACGCC,13,3327102
rspAp,5.0,16,2,CGGCTGACACAGTAAACAGC,14,3320285
rspAp,2.6666666666666665,9,2,CGGCTAAAACTTTGAAAGTT,7,3313234
rspAp,5.0,16,2,CGCTGTACTGGTTGCTAGTA,14,3327390
rspAp,1.0,4,2,CGCGTCGTTGCGTGAGTGGA,2,3314221
rspAp,3.6666666666666665,12,2,CGCGAGCGCGATCTGTATTA,10,3309917
rspAp,13.666666666666666,42,2,CGCCCGTGTCACGCAGTATA,40,3326932
rspAp,2.3333333333333335,8,2,CGCAGCGATTAGCGTAAGGT,6,3312466
rspAp,1.6666666666666667,6,2,CGATCAACCTACGGGTCCTA,4,3330032
rspAp,1.0,4,2,CGAGATCGCCCGTTGCATAA,2,3310545
rspAp,8.333333333333334,26,2,CGACGATCGATATATCCATT,24,3331497
rspAp,4.333333333333333,14,2,CGAATCCCGCAGCCACATGT,12,3318519
rspAp,2.0,7,2,CCTTTGTTTACTACCTTAGT,5,3313682
rspAp,3.3333333333333335,11,2,CCTGTATTAAAGTAGCTGAG,9,3323144
rspAp,5.666666666666667,18,2,CCTGAGGCAGGAGCGGTGGG,16,3312795
rspAp,4.0,13,2,CCGGGTGTATAGGCTTCAGG,11,3309736
rspAp,6.666666666666667,21,2,CCGGAGTGCCTCTCACTCGC,19,3325969
rspAp,1.0,4,2,CCGGAGGCTTAATCTTAGGG,2,3315013
rspAp,3.3333333333333335,11,2,CCGCGGCTGCGCTCGGCGTA,9,3316019
rspAp,1.0,4,2,CCGAGGCGTAACCTTTAAAC,2,3309607
rspAp,24.333333333333332,74,2,CCCTCGGATTCTGAAGCTGT,72,3324883
rspAp,0.6666666666666666,3,2,CCCCGGGTAACAGAAACTTA,1,3330008
rspAp,2.6666666666666665,9,2,CCCAATGTTCAGACCAATGG,7,3322768
rspAp,2.3333333333333335,8,2,CCCAACTCTACGGGGGGTCT,6,3325011
rspAp,2.3333333333333335,8,2,CCATGTGGATGCCGTACGAC,6,3323121
rspAp,1.6666666666666667,6,2,CCATCCATTCCAACGGCATT,4,3310727
rspAp,0.6666666666666666,3,2,CCAGTGGCCGGCCAAAGACT,1,3322969
rspAp,2.0,7,2,CCAGCAACGGCGCTCAGCAT,5,3323213
rspAp,2.0,7,2,CCAGAGCCCGAGTGGGTGAG,5,3317095
rspAp,21.333333333333332,65,2,CCAGACTCCTCCGCTATATA,63,3314863
rspAp,2.0,7,2,CCACGACAGAGCTAGCAAGC,5,3323394
rspAp,1.6666666666666667,6,2,CCAATAGCCCCTTCCATTTT,4,3316461
rspAp,5.0,16,2,CCAACTCCGAATTTTTACAG,14,3318791
rspAp,1.6666666666666667,6,2,CATTAGCCGATAGCACCGAA,4,3315264
rspAp,4.333333333333333,14,2,CATTACGACGCTCTGAGCAG,12,3332610
rspAp,5.666666666666667,18,2,CATGGCCTGCACTATACCCC,16,3333309
rspAp,1.3333333333333333,5,2,CATGCGCTGTGAAGGATCAA,3,3309087
rspAp,6.666666666666667,21,2,CATCTCGATCCACGACTTAG,19,3319957
rspAp,1.3333333333333333,5,2,CATCGACATCAAATCGCGGC,3,3316098
rspAp,0.6666666666666666,3,2,CATCCCGAACCTTCGCATTA,1,3315009
rspAp,3.3333333333333335,11,2,CATACACGGATTTTAAGCTT,9,3318386
rspAp,6.666666666666667,21,2,CATACAAATCATCCTCATGG,19,3332363
rspAp,2.3333333333333335,8,2,CATAAGCGGGAAGGTAGTCT,6,3320554
rspAp,11.0,34,2,CAGTTCTCGATCTCAAGTAG,32,3314865
rspAp,1.6666666666666667,6,2,CAGTATACTCCACTCATTGA,4,3327738
rspAp,2.0,7,2,CAGATTCGCGTTACGCAAAG,5,3331621
rspAp,1.3333333333333333,5,2,CAGATATAATAGTTAACGTC,3,3315466
rspAp,5.0,16,2,CAGAGTCGGGGTTGCAGATA,14,3330065
rspAp,4.0,13,2,CACTGTTGGGTGGAGGGAGG,11,3318693
rspAp,2.3333333333333335,8,2,CACGGAGACGCTTCCTCGTT,6,3331461
rspAp,4.0,13,2,CACGAGACGGTAATAGTACG,11,3333144
rspAp,1.0,4,2,CACATCAGGGTCTTCTGGAG,2,3326016
rspAp,2.3333333333333335,8,2,CAATCCTTAGGGTATGGCCT,6,3315810
rspAp,0.6666666666666666,3,2,CAACGCAGGCCACGTTGAAA,1,3311352
rspAp,1.3333333333333333,5,2,ATTTTTAACATACTGAGTGG,3,3319282
rspAp,1.3333333333333333,5,2,ATTTTCCTCGGAACCCCACT,3,3330957
rspAp,0.6666666666666666,3,2,ATTTGTCTACTAGGATTTAA,1,3332278
rspAp,1.6666666666666667,6,2,ATTTACTATCCAATTATTTG,4,3312392
rspAp,9.666666666666666,30,2,ATTCCTAGTGTAGCAGGGTC,28,3330405
rspAp,2.3333333333333335,8,2,ATTCATTGGGCTAATCCTGG,6,3318761
rspAp,1.3333333333333333,5,2,ATTAATCCATAAGGGCCTTG,3,3315181
rspAp,0.6666666666666666,3,2,ATGTGCGGAATTATGGTACT,1,3322425
rspAp,1.3333333333333333,5,2,ATGTAGGTCTACAGTTATCC,3,3310234
rspAp,3.3333333333333335,11,2,ATGCTCCTATCTTTAGCTAC,9,3310871
rspAp,6.666666666666667,21,2,ATGAGCTAGCCGGAGCTCTG,19,3325583
rspAp,0.6666666666666666,3,2,ATGAGAGGGATACTTTTGAA,1,3309273
rspAp,2.0,7,2,ATGAAGTTGACCGAGTCATA,5,3332014
rspAp,2.0,7,2,ATCTTTGTACTGAACTTATT,5,3314192
rspAp,39.666666666666664,120,2,ATCTGGACATGACTTGGAGT,118,3313246
rspAp,3.0,10,2,ATCTCCGACCACCAGCTTGA,8,3322682
rspAp,2.3333333333333335,8,2,ATCGTTAGTCTGCGACGCGT,6,3330045
rspAp,28.0,85,2,ATCGTGCGACATGCCAATGG,83,3328996
rspAp,0.6666666666666666,3,2,ATCACGCATCTCCATCCTCG,1,3326163
rspAp,6.333333333333333,20,2,ATATCACTACGCGCAGCCCA,18,3317510
rspAp,2.6666666666666665,9,2,ATAGACTAATACTAATATTG,7,3329785
rspAp,7.0,22,2,ATACGCAGTGAACGGACCAT,20,3315051
rspAp,5.0,16,2,AGTTACCGTAAGGAAACCTT,14,3309336
rspAp,0.6666666666666666,3,2,AGTGGCGCGCCTTGCACTTT,1,3331156
rspAp,1.0,4,2,AGTCTGTAGGAGATCCACGT,2,3330391
rspAp,0.6666666666666666,3,2,AGTAGTTCATACTATAGCCA,1,3314665
rspAp,1.3333333333333333,5,2,AGGGGTTAACGTTATGAGCT,3,3311400
rspAp,3.6666666666666665,12,2,AGGGGGGTCACGAACCGGGG,10,3329515
rspAp,3.3333333333333335,11,2,AGCGGGCCACTCTCCAGGTA,9,3323938
rspAp,0.6666666666666666,3,2,AGCGCCCGGCATGCTAAGTT,1,3320572
rspAp,1.3333333333333333,5,2,AGCCGTACAGCTAAACGAGA,3,3315024
rspAp,2.6666666666666665,9,2,AGCCATGGGAGGCTTGACGC,7,3312687
rspAp,0.6666666666666666,3,2,AGATAAACGTTTGTCAACTT,1,3317708
rspAp,1.6666666666666667,6,2,AGACGACCGATACGTGCAAT,4,3329727
rspAp,3.3333333333333335,11,2,AGAACGATTGAAAGGGTCGT,9,3328919
rspAp,12.333333333333334,38,2,ACTTTGCTAAATGAGAGCCG,36,3312217
rspAp,0.6666666666666666,3,2,ACTGTCAGGACGGGGTCCCA,1,3311949
rspAp,3.3333333333333335,11,2,ACTGGCATCCAAACGCAGGT,9,3327106
rspAp,0.6666666666666666,3,2,ACTGGAGGTCGTCGCGAACT,1,3309088
rspAp,4.0,13,2,ACTCGATACACACATATCGT,11,3330264
rspAp,5.0,16,2,ACTCGACTGCAGTGGATTTG,14,3322636
rspAp,3.0,10,2,ACGGGATGATATGTCGGTCA,8,3329563
rspAp,3.3333333333333335,11,2,ACGGCTTGAGATGTTTTTTG,9,3310905
rspAp,12.333333333333334,38,2,ACGGATGAGGAGGAGCACAA,36,3316351
rspAp,3.0,10,2,ACGGAGAGCTCGGTCCAATT,8,3327310
rspAp,4.0,13,2,ACGCCACTGGCCTAAAATCA,11,3324002
rspAp,1.0,4,2,ACGATTGCCCCGGGACTCAC,2,3320909
rspAp,1.6666666666666667,6,2,ACGATACGGGCACGGTAGGG,4,3326800
rspAp,16.0,49,2,ACGACTGATGGATCGCTTGG,47,3333285
rspAp,2.6666666666666665,9,2,ACGACGGGTTTTTAGAGTCA,7,3313489
rspAp,9.666666666666666,30,2,ACGACGGGGGATCATCAATC,28,3330917
rspAp,5.0,16,2,ACCTGTACTTTGTACTGAGA,14,3321870
rspAp,4.0,13,2,ACCTGGCAGGACGCCCGTTT,11,3331788
rspAp,4.0,13,2,ACCTCAAGGGTCTTTAATGA,11,3315685
rspAp,0.6666666666666666,3,2,ACCCCCATTCTAAGTGACGC,1,3322338
rspAp,1.3333333333333333,5,2,ACCATTTGGTTGGGCAGTAC,3,3311140
rspAp,3.0,10,2,ACCATGGACAGGAGGTGCGA,8,3327741
rspAp,0.6666666666666666,3,2,ACATTATGGTCGTAACATAA,1,3312112
rspAp,0.6666666666666666,3,2,ACATGTCTCGATGAGTTGCT,1,3332385
rspAp,4.333333333333333,14,2,ACATGAGACCCGGGGTGGCG,12,3316911
rspAp,5.666666666666667,18,2,ACACGTCCGTGCTTCGGATC,16,3310797
rspAp,4.0,13,2,ACACGCCGTTGGCTATTACT,11,3313583
rspAp,1.6666666666666667,6,2,ACAATACCGCAATGACGCTT,4,3322771
rspAp,1.6666666666666667,6,2,ACAAAGGTGATGGGATATTT,4,3322561
rspAp,4.333333333333333,14,2,AATGGGCAAAAACTGCATGA,12,3330112
rspAp,0.6666666666666666,3,2,AATCTTGAAATGAGCGAAAC,1,3326348
rspAp,1.6666666666666667,6,2,AATCGTTAAATCGTAGGATT,4,3311876
rspAp,4.666666666666667,15,2,AATCGAGAGAAGCCTCCGTC,13,3317567
rspAp,1.3333333333333333,5,2,AATAGGTCATCGCCCGGGAG,3,3326840
rspAp,2.3333333333333335,8,2,AAGTCGCGACTGTCGGGGGA,6,3329940
rspAp,0.6666666666666666,3,2,AAGCTGCGCCGGCGGAGGGC,1,3316176
rspAp,2.0,7,2,AACTGGGTACGACCGCAGAA,5,3330893
rspAp,0.6666666666666666,3,2,AACGAGCAGCACGACATCGC,1,3320181
rspAp,28.333333333333332,86,2,AACCAACAATTGTGTGAGTG,84,3313461
rspAp,0.6666666666666666,3,2,AACAAGGCCACGGCTTGGAT,1,3329418
rspAp,2.6666666666666665,9,2,AAATTGGTGGGCGGGGACAG,7,3309310
rspAp,7.333333333333333,23,2,AAATCGTGAGCGTGTGGCCC,21,3326370
rspAp,3.0,10,2,AAATCGGGGACCTTAAGCGG,8,3319826
rspAp,1.3333333333333333,5,2,AAATAAGGTAATTGGATTAC,3,3319028
rspAp,8.0,25,2,AAAGAGGTACGCCACCTAGT,23,3317524
rspAp,4.0,13,2,AAACTTTCTAGTTTAGGGAA,11,3327859
rspAp,1.0,4,2,AAAATCTTGTTTAGCCGTTA,2,3319434
rspAp,1.5,3,1,TTTTGGCCTTCTGGTCAGCT,2,3315537
rspAp,3.5,7,1,TTTTCCGACCAGGCGGAATT,6,3311150
rspAp,7.0,14,1,TTTGCGGTATGAAGGGTTAA,13,3329576
rspAp,24.0,48,1,TTTGCCTCGATGTGGGAAAC,47,3317499
rspAp,6.0,12,1,TTTATCCCGACTTCTGTTGC,11,3332879
rspAp,3.0,6,1,TTTAAGGCTGTTAGTCAGAC,5,3314039
rspAp,1.5,3,1,TTGTTTGCAATCGTCCCGAA,2,3327594
rspAp,6.5,13,1,TTGTCCCACACGCCGAACAA,12,3330300
rspAp,2.5,5,1,TTGGCGAGTAGCGCTAAACA,4,3311013
rspAp,3.0,6,1,TTGCTGTGACATCAATCCAG,5,3330652
rspAp,2.0,4,1,TTGCCTAGCAATTCACAAGT,3,3316381
rspAp,5.0,10,1,TTGCATATGCTGCGCTTTGA,9,3313305
rspAp,10.0,20,1,TTGATCCATAACAACCGCCG,19,3309282
rspAp,2.5,5,1,TTGAGTGCACTCAATCCGAC,4,3314803
rspAp,2.0,4,1,TTCTTTTCTGGTCGATCGAC,3,3322017
rspAp,5.5,11,1,TTCTTTCACGGGCTTGGCAT,10,3325936
rspAp,3.0,6,1,TTCGCGACCGAGGTGGAATC,5,3321983
rspAp,1.5,3,1,TTATTTATACCCAGTAGGAC,2,3312032
rspAp,4.5,9,1,TTAGTCAGCGCTTGAGGCCT,8,3320682
rspAp,1.5,3,1,TGTTCTTGCCTCCATGGTAG,2,3321728
rspAp,3.5,7,1,TGTTCATCCTCGGAACTCCA,6,3330235
rspAp,3.0,6,1,TGTTAATTCTTATACTCGAT,5,3319727
rspAp,28.0,56,1,TGTGGTTCAGGTGATTGGTT,55,3319162
rspAp,43.0,86,1,TGTCATTAACGGGGCTCCAT,85,3325449
rspAp,4.0,8,1,TGTCATAGTCACCACAGAGC,7,3318950
rspAp,2.5,5,1,TGTAGCACTTGGAAAGAGGA,4,3323769
rspAp,7.0,14,1,TGTAGACGGTGCATCGGATG,13,3316534
rspAp,5.5,11,1,TGGTTTACGTCGGCTGAGAT,10,3320331
rspAp,4.0,8,1,TGGCTGGAATGGAAGCGCTA,7,3319224
rspAp,1.0,2,1,TGGAAAAGGCCAATACCGGC,1,3313998
rspAp,6.0,12,1,TGCTGGATGTGCCAATCTGG,11,3310220
rspAp,1.5,3,1,TGCTGATGGCCTGTGTCGAT,2,3327315
rspAp,1.5,3,1,TGCGTGTCGCATTCAATCAA,2,3314840
rspAp,7.5,15,1,TGCGCACTGTATCTGAATTG,14,3317513
rspAp,1.5,3,1,TGCAGCACGGTTGGATGGTT,2,3311088
rspAp,4.5,9,1,TGCACCGTAGATTCATCGGT,8,3319096
rspAp,9.0,18,1,TGAGGTACCAAAACCACGCA,17,3324166
rspAp,8.0,16,1,TGAACATCGGCGAGTAGTTG,15,3323557
rspAp,1.0,2,1,TCTCCGTGAAGCTTATCCGT,1,3330880
rspAp,2.5,5,1,TCTAGTGTGAAACTTAACAT,4,3326706
rspAp,3.5,7,1,TCGTCGCGTGGGCAGTACGA,6,3324456
rspAp,6.5,13,1,TCGGTTGCGACCGGATCACG,12,3332245
rspAp,1.5,3,1,TCGCGTCCTGCCATCGCTTT,2,3327844
rspAp,7.0,14,1,TCGATGTCTCGTTCAAAAGG,13,3317803
rspAp,6.5,13,1,TCGAGTACATCGATCTCTCC,12,3317989
rspAp,4.5,9,1,TCCGGAGACGTGTACACTGC,8,3327397
rspAp,1.5,3,1,TCCATGGATAGCGAGCACAA,2,3319541
rspAp,2.5,5,1,TCAGAACGTATTTCCTCGCA,4,3313945
rspAp,9.5,19,1,TCACCTAACAGACCACGTCG,18,3324530
rspAp,1.5,3,1,TATTTGTTGTGCACTTCGGT,2,3314070
rspAp,2.5,5,1,TATTAGGTCATGCGCGGGGG,4,3332645
rspAp,2.0,4,1,TATTAAAGAGGTTCGGGCGG,3,3320911
rspAp,51.0,102,1,TAGGGAATCACTCTAGGCAA,101,3319038
rspAp,7.5,15,1,TAGGATCGCATAATATTATA,14,3326733
rspAp,19.0,38,1,TAGCCGGTCTGGGAACTCCA,37,3315847
rspAp,8.5,17,1,TAATGCTGTGCCGTAAACGT,16,3312714
rspAp,8.0,16,1,TAAGGAAACACGTCCAAGTT,15,3311050
rspAp,3.5,7,1,TAAGATCGTAGGGAAATTCT,6,3322705
rspAp,1.5,3,1,GTTGCCTCCGCATGTTGCCT,2,3318610
rspAp,8.5,17,1,GTTGCATACTTAAGCGAAAG,16,3315448
rspAp,1.5,3,1,GTTCGATCTTATGACAGTTC,2,3332242
rspAp,4.0,8,1,GTTAACGAGATGGAGTCACT,7,3328663
rspAp,1.0,2,1,GTGTTATTATAGATCAAACT,1,3320750
rspAp,3.0,6,1,GTGTCATGGGAGCTGTGCGA,5,3319924
rspAp,1.5,3,1,GTGGCGGCCGTATATCCTGA,2,3327907
rspAp,3.0,6,1,GTCGCTTAGGTACAGACGGT,5,3326999
rspAp,2.5,5,1,GTCGCCACTGCCACCCGTTC,4,3315958
rspAp,2.0,4,1,GTCAATAGCAGCGGAGGGTT,3,3320921
rspAp,15.0,30,1,GTCAAGTTCTGCGACACAAT,29,3327373
rspAp,2.0,4,1,GTCAAAGGCTACTTTTTCTC,3,3315354
rspAp,9.0,18,1,GTATGCCGGCCCTACTGCCT,17,3319650
rspAp,18.0,36,1,GTATGATGGTCTTTTGCCAT,35,3313250
rspAp,2.0,4,1,GTAGTTTTTTACGTAGCGAG,3,3324211
rspAp,1.0,2,1,GTAGGTTTCATCTCTTACGG,1,3322459
rspAp,9.0,18,1,GTAGGGTGACTCCTCGACGG,17,3333370
rspAp,1.0,2,1,GTAGCACCCGAATAAGGACG,1,3322918
rspAp,2.5,5,1,GTACTGCAGGGATGTGGAGT,4,3323797
rspAp,1.0,2,1,GTAACCTCAGCAGTGGGGTG,1,3327761
rspAp,1.5,3,1,GGTTCTGACGCGCATTCGTG,2,3310368
rspAp,3.0,6,1,GGTGGTGCCGAGGGTTTAAA,5,3324950
rspAp,3.5,7,1,GGTGGGCTTCACTCCGACCC,6,3323707
rspAp,3.0,6,1,GGTATGATGGATTCTGCCGT,5,3315960
rspAp,2.0,4,1,GGTAGATCGAAACCTGGGTT,3,3329018
rspAp,4.5,9,1,GGGGTAAGTCCAGATTGATT,8,3317889
rspAp,4.5,9,1,GGGGGTGTAATGGCGCTCAG,8,3313252
rspAp,1.0,2,1,GGGGGATTGGAGGAGTTGTA,1,3319946
rspAp,7.0,14,1,GGGGCTATTGGTTGTCAATT,13,3324538
rspAp,1.0,2,1,GGCTTCGCACGCTCCCTCCT,1,3330115
rspAp,11.0,22,1,GGCTATCTCATGTCTCTTCA,21,3325342
rspAp,1.0,2,1,GGCGTCCCCACGCACTGACC,1,3329891
rspAp,3.0,6,1,GGCGGTATAGCGGCCGCGCA,5,3312571
rspAp,7.5,15,1,GGCGCCATGAGGTGAAAAAT,14,3324664
rspAp,1.0,2,1,GGCCCAGAGTGCGCGGCGCG,1,3309743
rspAp,2.5,5,1,GGCCACTCTTCCCGAGCCGA,4,3320651
rspAp,2.5,5,1,GGCATATTGCTACGTCCTTC,4,3325629
rspAp,4.5,9,1,GGCAGCGGTATAGCTTTTAG,8,3320302
rspAp,7.5,15,1,GGATAGATATCATATAGCAG,14,3319453
rspAp,3.5,7,1,GGAGATCCTGGATAATTCTT,6,3323161
rspAp,5.0,10,1,GGACGCGTAATGTCGGATTA,9,3326584
rspAp,11.0,22,1,GCTGACAGTTAGGCTGGTAG,21,3324944
rspAp,3.0,6,1,GCTCGGTCTATCACTGCGAA,5,3318098
rspAp,1.0,2,1,GCTCGCAATGGCCTTCGAGT,1,3323184
rspAp,4.5,9,1,GCTATGTCAATTTCCTAATA,8,3326616
rspAp,1.0,2,1,GCTAAACGGTGCCCAGAAAT,1,3309175
rspAp,2.0,4,1,GCGCGCGGAACCCGGCTTGA,3,3331470
rspAp,6.5,13,1,GCGCCCTTTTATCAGAGGAC,12,3323906
rspAp,4.0,8,1,GCGCCAGAAACGCGTTCGCC,7,3330289
rspAp,1.0,2,1,GCCTTCTACATGTCGTATGT,1,3324275
rspAp,19.0,38,1,GCCGGTGGGGACTTGGCCCG,37,3331408
rspAp,1.0,2,1,GCCCATCTTTGGGCCAGAAT,1,3315368
rspAp,3.5,7,1,GCATCCGGTACGACTCTCTC,6,3321654
rspAp,15.5,31,1,GCATATTAGCCAGTGATATT,30,3317584
rspAp,1.5,3,1,GCACGCCTTGCAGCCCGTTG,2,3323859
rspAp,4.0,8,1,GCAATTTCCAGGTGATGGAG,7,3321247
rspAp,1.5,3,1,GATTGGTTTGTCAGTGGAGA,2,3325353
rspAp,4.0,8,1,GATAGTAATACATTAAGCAC,7,3331144
rspAp,2.0,4,1,GATACCGCAAAGAACCGAGT,3,3331379
rspAp,1.0,2,1,GAGGTCATAGGACGTGAGAA,1,3332275
rspAp,2.0,4,1,GAGGCTATGAGCATCACCAT,3,3313444
rspAp,8.0,16,1,GAGCTGTTTAACCGGTATCG,15,3322260
rspAp,8.5,17,1,GAGAAGTCTCGCCGTCAGTC,16,3331102
rspAp,9.5,19,1,GACGGTTCTTTGCAGTGATT,18,3324867
rspAp,4.0,8,1,GACCTATCTTAAGGCAACTG,7,3332765
rspAp,5.0,10,1,GACCTACTATGTTTCGTTTC,9,3319424
rspAp,2.0,4,1,GACAATGAGAGCAGTCCCCA,3,3325045
rspAp,6.5,13,1,GAATTGCACCATCCAGACCA,12,3309439
rspAp,1.0,2,1,GAATTCAAGTCCTGCGTGAT,1,3312136
rspAp,9.5,19,1,GAAGCAGGTGCCACCAACGA,18,3327385
rspAp,1.0,2,1,GAACAGGAGTACCTGAAATT,1,3329380
rspAp,4.0,8,1,GAACACAAGGTTGGTCCATT,7,3329417
rspAp,4.5,9,1,CTTTGTCAAGGGTCCACACA,8,3312006
rspAp,1.0,2,1,CTTTGGGTTGGTTGAGGCGC,1,3315516
rspAp,10.0,20,1,CTTCATTAAAAGCACAACGT,19,3332621
rspAp,5.0,10,1,CTTAGATGGACTGATGTGGT,9,3325047
rspAp,4.0,8,1,CTGGATATCTGGTTTGTCAG,7,3329219
rspAp,7.0,14,1,CTGGAAGTTGGAGTCTACAA,13,3321541
rspAp,3.5,7,1,CTGCCGTATAGAGGAATTAC,6,3331828
rspAp,3.5,7,1,CTGATTCGAATTGGGACATT,6,3331534
rspAp,1.0,2,1,CTGAGTTGCTAATTAGACTG,1,3333489
rspAp,5.0,10,1,CTGACGTTATGCCTACTGAC,9,3332375
rspAp,4.0,8,1,CTGAATGGCTATCTGACTAA,7,3325069
rspAp,18.5,37,1,CTCTAACCCTGCCAGGCAGT,36,3313386
rspAp,3.0,6,1,CTCGTGCGCCCGCCGATAGA,5,3314449
rspAp,11.5,23,1,CTATCCAAAGGGCTCCTTAG,22,3329819
rspAp,3.5,7,1,CTAGCTATGGTAAAACATGA,6,3313620
rspAp,5.5,11,1,CTAGCCCGTCCATAGGGTCT,10,3333274
rspAp,6.5,13,1,CTACCACCAGCATTGCTCTC,12,3318375
rspAp,8.0,16,1,CGTGTTAGCATGCACTGGTA,15,3315135
rspAp,15.0,30,1,CGTGGGCAGGTTAACCAGAA,29,3324910
rspAp,4.0,8,1,CGTGCGAGTTCAGTTGTTCG,7,3330648
rspAp,3.0,6,1,CGTGAAGCAGCAGATCCTGT,5,3331046
rspAp,3.5,7,1,CGTCTGACTCCTGGCCCCCC,6,3323925
rspAp,11.0,22,1,CGTCCGGTTGACGGAAGTGT,21,3331209
rspAp,19.5,39,1,CGTATCATGATTCGGGGGAG,38,3326736
rspAp,15.0,30,1,CGGTTTCCTAGTCATAGACA,29,3309900
rspAp,2.5,5,1,CGGTCACGTCCGCATCCCGA,4,3331741
rspAp,1.0,2,1,CGGGAACCCCAGCTCAACAA,1,3322264
rspAp,1.5,3,1,CGGGAAATCGAATAGACGTG,2,3319125
rspAp,5.0,10,1,CGGAAGCTTAGCGGTGAAAG,9,3317416
rspAp,3.0,6,1,CGCGACCAATTGATATCCTA,5,3322863
rspAp,3.5,7,1,CGCCGTTCGGCACGACATCC,6,3309952
rspAp,1.0,2,1,CGCCGTGATAACAAAGTAGC,1,3324682
rspAp,1.0,2,1,CGCATGTATCCTTCCTTGGG,1,3322419
rspAp,6.0,12,1,CGACCGTGTATGATCCGTGT,11,3324624
rspAp,2.0,4,1,CGACATATTAACGCGCATAT,3,3323545
rspAp,12.0,24,1,CGACAATGACCTGGTCTGGA,23,3320845
rspAp,3.5,7,1,CGAACCCCACCCAGGATCAC,6,3309647
rspAp,1.5,3,1,CGAAATCCAGTTAAAACGCC,2,3311531
rspAp,8.5,17,1,CCTTAATGGGAACTTCGGTC,16,3321457
rspAp,40.5,81,1,CCGTCTGCCTTAGTACAGCT,80,3319921
rspAp,6.5,13,1,CCGGTCCTGTGATAGCTCCT,12,3314444
rspAp,9.5,19,1,CCGGCGCCAGAACCATCGCG,18,3326141
rspAp,2.0,4,1,CCGCATCGTAATGGTCTTCT,3,3315899
rspAp,10.0,20,1,CCGATTATGCGCGAACACGC,19,3328856
rspAp,2.0,4,1,CCGAAACAAATCCTTCCGGG,3,3313419
rspAp,3.0,6,1,CCCTTCTCCTTCCGCCATGA,5,3331421
rspAp,17.0,34,1,CCCTCTTTCAGGTAGACGAA,33,3321973
rspAp,3.0,6,1,CCCTATGATCAAGGGGTCGG,5,3311683
rspAp,4.0,8,1,CCCGAGTGCAATCTCCGTTA,7,3331872
rspAp,1.0,2,1,CCCCATAAGGAGAGGACTTT,1,3320725
rspAp,20.0,40,1,CCCAGACGTTGGTTCACTAA,39,3332964
rspAp,5.5,11,1,CCATTTTATTATCCAGTTGA,10,3315362
rspAp,1.0,2,1,CCATCTAAGATAGCGATAAT,1,3327206
rspAp,1.0,2,1,CCAAGCTATGTGGCCATTAC,1,3312193
rspAp,11.0,22,1,CATTTCCGTGAGAGGGCATA,21,3332874
rspAp,15.5,31,1,CATTCTCCCAAGTTGGTGTT,30,3332965
rspAp,5.5,11,1,CATTCCACCCAGACAGTATC,10,3328782
rspAp,18.5,37,1,CATTAAGACGAAAGTGCAAG,36,3314859
rspAp,3.0,6,1,CATGATTGAATCGTAAGCTA,5,3320731
rspAp,7.5,15,1,CATCTAATTGTTATCACTAC,14,3324786
rspAp,1.0,2,1,CATCCCTTCTTATGGGGTTC,1,3319635
rspAp,2.0,4,1,CATCATATAAGGTCCCCAAT,3,3318453
rspAp,11.0,22,1,CATCAGGGAACTCGCGCTGA,21,3322498
rspAp,1.0,2,1,CATCACGGTGGGTACGTGCG,1,3321864
rspAp,1.0,2,1,CAGTACCCCGGCTTGTGGTC,1,3310832
rspAp,5.0,10,1,CAGGTTGCTTGCCGAGAGCT,9,3311677
rspAp,4.0,8,1,CAGCGGTTGGGATCAGAAGA,7,3319055
rspAp,1.0,2,1,CAGAGACTTATGTGGGTCAA,1,3316722
rspAp,1.0,2,1,CACTAATGATGGCAGGTAAT,1,3329505
rspAp,1.0,2,1,CACGGATGGTTGGCAGATTA,1,3309605
rspAp,12.0,24,1,CACCGACCTGGCAACTCGTG,23,3329933
rspAp,1.5,3,1,CACAATTTTGGCGCTTTAGT,2,3310693
rspAp,3.5,7,1,CACAAAAACCGGCGCGGGGC,6,3315894
rspAp,1.0,2,1,CAATGTCATTTGCATTGCGA,1,3327797
rspAp,7.0,14,1,CAATGAGAGTCACCTGGTGT,13,3309759
rspAp,6.0,12,1,CAACTACAGACATGTTCAGC,11,3317996
rspAp,5.0,10,1,CAAAGTGAGACGTCGCCTCT,9,3309420
rspAp,4.0,8,1,CAAACCAAGATACTGGACGT,7,3322472
rspAp,13.5,27,1,ATTTCTCAGGGCATATTTAC,26,3312069
rspAp,4.0,8,1,ATTTCCCGTGAAAAAATAAT,7,3317081
rspAp,3.0,6,1,ATTTATCGGGTTGCCGACCT,5,3327212
rspAp,3.5,7,1,ATTCGCGTTTAGGAAATCGG,6,3322555
rspAp,3.5,7,1,ATTCAAACCTGTCTTGGTTC,6,3326398
rspAp,19.5,39,1,ATTATTGGGCAGCCCAACGC,38,3332962
rspAp,2.5,5,1,ATTATCGTGGCCTTAAGTAC,4,3326158
rspAp,4.5,9,1,ATTATCGAGAGACCACGGCC,8,3321873
rspAp,6.5,13,1,ATTAGAGGACGGACCTCGAA,12,3330526
rspAp,5.5,11,1,ATGTACACGTCGATAACAGT,10,3320007
rspAp,1.5,3,1,ATGGGTCTTCAACTGAGGTC,2,3310214
rspAp,1.5,3,1,ATGGGGCTTATCAGTAATAT,2,3313363
rspAp,1.0,2,1,ATGGCGACGCGTAACAGACG,1,3313744
rspAp,1.5,3,1,ATGGAGTTTGTTTATAGGTT,2,3320846
rspAp,9.0,18,1,ATGATGGTTCGGTATCGTGC,17,3322012
rspAp,31.0,62,1,ATCGTGGATTGCCAGAATCG,61,3333677
rspAp,10.0,20,1,ATCCTTTAGGGTGAGGACGA,19,3318199
rspAp,1.5,3,1,ATCCTAATCACATTTGAACG,2,3308876
rspAp,2.5,5,1,ATCAGTTTCTCGGGTCTCAT,4,3323268
rspAp,1.0,2,1,ATCACGCTTTGGCGCCGACC,1,3312796
rspAp,1.0,2,1,ATATGGTAGCCCACGCAAAA,1,3311017
rspAp,1.5,3,1,ATATCGTCCCCCCAGCGTTT,2,3323953
rspAp,6.5,13,1,ATAGGCAGCCGGTGGAACAA,12,3329981
rspAp,2.0,4,1,ATAACGTGCCCCAGGATTAT,3,3320726
rspAp,13.0,26,1,AGTTGCCTTTCTTGTCGGGT,25,3319629
rspAp,1.0,2,1,AGTTCAATCCGCGCTGTTTC,1,3326322
rspAp,7.0,14,1,AGTGTCTTTTCCCGGAAGAC,13,3330059
rspAp,4.0,8,1,AGTCTTTAATCGTCTTTCGA,7,3330265
rspAp,4.5,9,1,AGTCCTGCGTCTTTTTTTGT,8,3322043
rspAp,4.5,9,1,AGGTTCAGTTGCTCCAGATG,8,3312938
rspAp,1.0,2,1,AGGTATATTATACTATTCAC,1,3330775
rspAp,20.5,41,1,AGGGTAAGTGAGCGTCTTGC,40,3316599
rspAp,4.0,8,1,AGGGAGTAGTGTATTAGACG,7,3332658
rspAp,1.5,3,1,AGGCGGCTTAAAGTCCCCGA,2,3325091
rspAp,1.0,2,1,AGGCCTAGGTTTAACAAGTT,1,3329912
rspAp,3.5,7,1,AGCTGCTGGCACAATAGAAA,6,3329652
rspAp,13.5,27,1,AGCTGCGGTACTGAGCGTCA,26,3313072
rspAp,4.0,8,1,AGCTATTTCCCGTCACAGGG,7,3330142
rspAp,2.0,4,1,AGCGGTGGGCGGAGACCAGT,3,3328411
rspAp,2.0,4,1,AGCGCTAAATATCATGGCTG,3,3321020
rspAp,2.0,4,1,AGCCACAGCAGCCTCTACCT,3,3321101
rspAp,2.0,4,1,AGCATCCGTGCAGCTACACC,3,3319123
rspAp,1.5,3,1,AGCATACTAGACGTAGTGCA,2,3325231
rspAp,6.5,13,1,AGCACCAGTCAACTGACCTG,12,3324269
rspAp,4.5,9,1,AGACTGTTGGCTGCGAGCAA,8,3319630
rspAp,5.5,11,1,AGACGACGGGGATACAGAAC,10,3311676
rspAp,5.5,11,1,AGACCTCGATGAGTGGTCCG,10,3315470
rspAp,4.5,9,1,AGACAGACAGAAGGAAGTTA,8,3329809
rspAp,1.0,2,1,AGAATCGAGTACAGGGTTGG,1,3316571
rspAp,10.5,21,1,AGAAGAGCCACTGGAGCCTA,20,3318474
rspAp,4.0,8,1,ACTGATGGTTTGGGAACATT,7,3314324
rspAp,1.0,2,1,ACTCGTACAAGCTACGCTAG,1,3314778
rspAp,2.5,5,1,ACGGGCTAAACCCTACACAC,4,3329795
rspAp,4.5,9,1,ACGGGAATGTACTTCGCGGT,8,3328258
rspAp,1.0,2,1,ACGGAGACCGGCAATAGTGA,1,3327589
rspAp,5.0,10,1,ACGCCCAGCCCTCAGCAGGT,9,3330870
rspAp,3.0,6,1,ACGATTATCGTGAAAGCCCC,5,3321701
rspAp,3.0,6,1,ACCTGGTCACACTTTGAAAT,5,3327949
rspAp,2.5,5,1,ACCGTAGAAGTTTGCCGAAT,4,3314929
rspAp,7.5,15,1,ACCGCAGCTCTGGCACCGCA,14,3311911
rspAp,7.5,15,1,ACCCAAGGAGGACCTGAAAA,14,3308943
rspAp,4.0,8,1,ACCAGCTTTGTGGTTTTGTG,7,3315109
rspAp,2.0,4,1,ACATTTAATCGAACGAAGTC,3,3317557
rspAp,7.0,14,1,ACATTATGCATGCGCTATTA,13,3311813
rspAp,31.0,62,1,ACAGTTTAATGAAGCCGTTG,61,3321810
rspAp,5.5,11,1,ACAGCAACTTATACAAGAGC,10,3316038
rspAp,1.0,2,1,ACAGAGATCCGCACGTCCCT,1,3321781
rspAp,8.5,17,1,AATTGCGAATCCAAGTGCCC,16,3312519
rspAp,2.0,4,1,AATTCCTCGCCGTTCGCGGC,3,3315836
rspAp,1.0,2,1,AATGTGCATGCCTATACCAC,1,3312214
rspAp,3.5,7,1,AATGCAGGGGACCAGGCGTC,6,3332322
rspAp,6.5,13,1,AATATTCAGCGATTCGAGCA,12,3324603
rspAp,16.0,32,1,AATAATCCGACAGAGTTCCT,31,3332133
rspAp,5.5,11,1,AAGTGGCCTGTCGCATCCAG,10,3324126
rspAp,24.5,49,1,AAGGGTAGGATTCACTATAG,48,3319164
rspAp,3.0,6,1,AAGGGCGGTTGGAACGGGAT,5,3318520
rspAp,2.0,4,1,AAGGCCTCCACTGTCGTTAC,3,3329792
rspAp,1.5,3,1,AACTGCTCGCAAGGCTCCGG,2,3330474
rspAp,4.5,9,1,AACGTGTAATAGCTACGCTG,8,3329920
rspAp,16.0,32,1,AACCATCTTACTGGGCAACA,31,3310146
rspAp,8.5,17,1,AACCACCCTTCCAAACAGAG,16,3312925
rspAp,1.0,2,1,AACATCCGAGCCTTCAGGTG,1,3315937
rspAp,3.0,6,1,AACAAGAAGACAACGCAGCA,5,3321969
rspAp,1.0,2,1,AAACTTTCTTAGACCAGGGC,1,3317843
rspAp,1.5,3,1,AAACCGTGCCGCCCTGGGTA,2,3327565
rspAp,0.02127659574468085,46,46,GCCTGCGTTCCAAGAAGGAG,0,3315384
rspAp,0.022222222222222223,44,44,CTGCATCGTGTTAAACTACG,0,3323682
rspAp,0.023255813953488372,42,42,AAAACCACGGGGCGTTCTAG,0,3320757
rspAp,0.023809523809523808,41,41,TGCGATCAAACGACTCATCA,0,3318112
rspAp,0.024390243902439025,40,40,AGCACACGGCGCGTGATGCT,0,3310649
rspAp,0.025,39,39,TACAAGTCAGAAAGGACACC,0,3309108
rspAp,0.02631578947368421,37,37,TTCGGGCACATAAGATAGCC,0,3329399
rspAp,0.02631578947368421,37,37,TTATTGGTGCGCCGGTCAGA,0,3319875
rspAp,0.02631578947368421,37,37,AATAGGGTCTTCCTCCTACC,0,3315411
rspAp,0.02702702702702703,36,36,TCCAGAAGGCTCGTGGTATC,0,3312676
rspAp,0.027777777777777776,35,35,TCCCGTCAAAGCTAAGTGCT,0,3312445
rspAp,0.02857142857142857,34,34,TGCCAGTTACACTTAGGCCA,0,3310346
rspAp,0.02857142857142857,34,34,TGAGCCATAGGATCACGTCC,0,3317444
rspAp,0.02857142857142857,34,34,CTTAGTTTGATATTCCCCAG,0,3328347
rspAp,0.030303030303030304,32,32,GCACGGCTGGTGTTATTAGC,0,3320810
rspAp,0.030303030303030304,32,32,CAGATGTTTCTTAAGCTGGT,0,3322752
rspAp,0.030303030303030304,32,32,ACGGAGGCCATCGTGAAATG,0,3324183
rspAp,0.03125,31,31,GTGCTATAAGTCAGGCGGAG,0,3319294
rspAp,0.03125,31,31,CTACCCTTGACTACGTATGT,0,3327571
rspAp,0.03125,31,31,CCAAGCAGGGGACTTTAGTT,0,3310543
rspAp,0.03125,31,31,CAGGATCTAAAAACAATTAT,0,3318263
rspAp,0.03125,31,31,AGTCATCACTGGACGCGACA,0,3324860
rspAp,0.03225806451612903,30,30,TGACAGAAATAGAGGCGAGG,0,3310448
rspAp,0.03225806451612903,30,30,GTTTCTCGTTCTAGCCTCGA,0,3319881
rspAp,0.03225806451612903,30,30,GGTCATTGTGGCTTCTGTAG,0,3311503
rspAp,0.03225806451612903,30,30,AAGGACAAAAGGGCAGTCGG,0,3309821
rspAp,0.03333333333333333,29,29,TGCCCTGTTTCAAATGTCTG,0,3323563
rspAp,0.03333333333333333,29,29,GATAGGAGAGCAAAAGGAGA,0,3322453
rspAp,0.03333333333333333,29,29,CTATGAGGTACGTGATATCT,0,3328751
rspAp,0.03333333333333333,29,29,CGGACCCTGCGTACAACTAC,0,3323517
rspAp,0.03333333333333333,29,29,AGCGAGCGCCGGCACCCTTA,0,3314609
rspAp,0.034482758620689655,28,28,TAGGTCAGGCGTGGGTCTTT,0,3322746
rspAp,0.034482758620689655,28,28,CGATCCTTTAGAAGCAAAGG,0,3319690
rspAp,0.034482758620689655,28,28,AGTGTGCGCGGGACGTCCAA,0,3317549
rspAp,0.034482758620689655,28,28,ACTGGGTAGAATTCTGACCC,0,3329229
rspAp,0.03571428571428571,27,27,TGGAGTCGCTAAACGAGGTG,0,3312526
rspAp,0.03571428571428571,27,27,GGGTTCTCTTCACGAGATAT,0,3330323
rspAp,0.03571428571428571,27,27,GCCGCATTATTAGATGTCCC,0,3328568
rspAp,0.03571428571428571,27,27,GAAGTGATATAAGAAGCTGT,0,3319036
rspAp,0.03571428571428571,27,27,CTACGTCCAGCACCGGAGTA,0,3327840
rspAp,0.03571428571428571,27,27,ATGGCGGTACACAAGGACCT,0,3331866
rspAp,0.03571428571428571,27,27,AGCGCTGCGCTTCGAGGCAA,0,3318815
rspAp,0.03571428571428571,27,27,ACAGAGAGTTGCGTGTTTAA,0,3330492
rspAp,0.037037037037037035,26,26,CGTTACGCAGCGACGTGCAG,0,3325785
rspAp,0.037037037037037035,26,26,CCTCTCATATACTTACGTGG,0,3310485
rspAp,0.037037037037037035,26,26,AACACGGGGGAGGCTATATG,0,3325804
rspAp,0.037037037037037035,26,26,AAACGGCTCCCTCCACTACG,0,3319023
rspAp,0.038461538461538464,25,25,TTTCGAGATGGTCCTGATCA,0,3319587
rspAp,0.038461538461538464,25,25,TGAAGTAACCGATACTATGT,0,3329177
rspAp,0.038461538461538464,25,25,TATATCCTTATGAAACGGGT,0,3312033
rspAp,0.038461538461538464,25,25,TAGCCATTGAGTTAAAGCAA,0,3309316
rspAp,0.038461538461538464,25,25,GTACTTAACGGCTACGTCAG,0,3315692
rspAp,0.038461538461538464,25,25,GGTTCAGCTCAGCTAGACGA,0,3324751
rspAp,0.038461538461538464,25,25,GGACTTCACCACGTTCGCCA,0,3328427
rspAp,0.038461538461538464,25,25,GCAAAGTTTTGGGTGGGCTT,0,3331867
rspAp,0.038461538461538464,25,25,GAGTTAAAACAGACCCGTCG,0,3315590
rspAp,0.038461538461538464,25,25,CTAATCTGGTCGATTCTACT,0,3316460
rspAp,0.038461538461538464,25,25,CGCATGCGAGTAGGCTGGTA,0,3312275
rspAp,0.038461538461538464,25,25,CCCCGATGGGATATGAACGC,0,3324965
rspAp,0.038461538461538464,25,25,CAGCCAGGGTCCACTGTACG,0,3312675
rspAp,0.038461538461538464,25,25,AGCATATTCGTTATGATCTG,0,3310541
rspAp,0.038461538461538464,25,25,AGACCCACGTGGTGTATACA,0,3325675
rspAp,0.038461538461538464,25,25,ACCAATCAAACAAAGGAGCA,0,3313534
rspAp,0.038461538461538464,25,25,ACAGTCGAAAATAGTTATTG,0,3313963
rspAp,0.038461538461538464,25,25,AATGAGACCTAGGATCTCAC,0,3327530
rspAp,0.038461538461538464,25,25,AAATCATACGAGCGAGCGAC,0,3331370
rspAp,0.04,24,24,TTCATTTGGTAGAAGTAGCT,0,3319578
rspAp,0.04,24,24,TCGTTGTATGAGCTACCTAG,0,3309778
rspAp,0.04,24,24,TATTGCTCTTGCCCTCTAAT,0,3329998
rspAp,0.04,24,24,GTTGTTAGTGCTGGATATGT,0,3309486
rspAp,0.04,24,24,GTGGAATGGACTGCCGACGG,0,3321060
rspAp,0.04,24,24,CGGCGCATCCAAAGCTGGAT,0,3310173
rspAp,0.04,24,24,CAGTCAAGAGCCTGTTCACC,0,3321724
rspAp,0.04,24,24,CAATCCCTTGCTTGACATTA,0,3313315
rspAp,0.04,24,24,AGATTTGAGACGGTTATGGA,0,3311502
rspAp,0.04,24,24,ACGTCGGGCGGCAACCTCAA,0,3317912
rspAp,0.04,24,24,ACGGTCCTTAGGGGACCCGG,0,3309735
rspAp,0.04,24,24,ACCTTTTACGAGAAGTGAAC,0,3314162
rspAp,0.04,24,24,AACTTAACCTGGATCTGGTG,0,3309331
rspAp,0.04,24,24,AACCTTCGATTGGGCCTCGA,0,3320907
rspAp,0.041666666666666664,23,23,TGTTGGTTAAATTATTAGAG,0,3318073
rspAp,0.041666666666666664,23,23,TCTCGGGAACCGTTAGGCAT,0,3329892
rspAp,0.041666666666666664,23,23,GTAGCTGCCGTGAACCAAGT,0,3330386
rspAp,0.041666666666666664,23,23,GCTGATTAGCATGCCGAGTG,0,3311203
rspAp,0.041666666666666664,23,23,GATTGATGACCAATCCGTAG,0,3316753
rspAp,0.041666666666666664,23,23,GAGTGATGAAGTCTTGCGGT,0,3330964
rspAp,0.041666666666666664,23,23,CTTCGGGCGAGATTAAGGTA,0,3311775
rspAp,0.041666666666666664,23,23,CTCCAGGCGGCAGGCGCGGC,0,3312809
rspAp,0.041666666666666664,23,23,CCGGAGGTACTATTTGAATC,0,3315071
rspAp,0.041666666666666664,23,23,ACCTGGAGTTGTGGTGGGCC,0,3320139
rspAp,0.041666666666666664,23,23,AACAGGAATTGGACTCACAA,0,3308850
rspAp,0.043478260869565216,22,22,TCGAGGGATCTTGTCGATTA,0,3318986
rspAp,0.043478260869565216,22,22,TATGTGTTTGCCGGTGAGCC,0,3322331
rspAp,0.043478260869565216,22,22,GGTGGTAATCAATACACAGG,0,3312396
rspAp,0.043478260869565216,22,22,GGGGACTCTCTGGTTAGCCA,0,3321455
rspAp,0.043478260869565216,22,22,GGGACCGATAACAGTAGTTG,0,3315179
rspAp,0.043478260869565216,22,22,GAGGGTGCGCCGATTGACGT,0,3313890
rspAp,0.043478260869565216,22,22,CGTGGTGTACGAGGTGAATA,0,3320637
rspAp,0.043478260869565216,22,22,CCCGGTACCTGAAATTATCG,0,3331969
rspAp,0.043478260869565216,22,22,CCCCTTGTTTTTCCCGCGCC,0,3330900
rspAp,0.043478260869565216,22,22,CCAGCTTCGAGATTCATAGG,0,3319332
rspAp,0.043478260869565216,22,22,CCAGATATATAATCGAGCGA,0,3312240
rspAp,0.043478260869565216,22,22,CAGCTCAGTCCATTTTGCCA,0,3314179
rspAp,0.043478260869565216,22,22,AAGGAATTTGATTCAACAGA,0,3310725
rspAp,0.045454545454545456,21,21,TTCGAGCCACATATGCGCGG,0,3309936
rspAp,0.045454545454545456,21,21,TTCCACATTAAATTCATCCA,0,3323018
rspAp,0.045454545454545456,21,21,TTATGTCTTCTCTTTTTGCT,0,3320881
rspAp,0.045454545454545456,21,21,TGGCGAACACCAGTTTGCCA,0,3310345
rspAp,0.045454545454545456,21,21,TGCGGAGCGTACAGGGCTTA,0,3312429
rspAp,0.045454545454545456,21,21,TATATTCGTTCCTCATACGA,0,3311887
rspAp,0.045454545454545456,21,21,TAGACCAGCGACCTAACCAT,0,3311354
rspAp,0.045454545454545456,21,21,GTCATGGGGGTAGTCTCTTC,0,3323418
rspAp,0.045454545454545456,21,21,GGCGGCCTGAGGCCAATAGA,0,3328423
rspAp,0.045454545454545456,21,21,CTGCGGACACAAGTTGTCAA,0,3314988
rspAp,0.045454545454545456,21,21,CTGCGCCGAGGATTGTGCGA,0,3329430
rspAp,0.045454545454545456,21,21,CGGGCGTATCTAGATACCGT,0,3321093
rspAp,0.045454545454545456,21,21,ATAAGTAGCCAGTAGGGTCT,0,3330616
rspAp,0.045454545454545456,21,21,AGTCTCTTGGGGTCATACGA,0,3332391
rspAp,0.045454545454545456,21,21,AGGCAAAGTGCATTACCCCA,0,3318904
rspAp,0.045454545454545456,21,21,AGATTTGTTTGTCGTTGACC,0,3318130
rspAp,0.045454545454545456,21,21,AGATCATAAATTGCAGGTTC,0,3324973
rspAp,0.045454545454545456,21,21,ACTACAACTGCTACCAAGAG,0,3326750
rspAp,0.045454545454545456,21,21,AAATTTGTAACGCGTATCCA,0,3314155
rspAp,0.047619047619047616,20,20,TTGGGAGGAGACCTATGGAT,0,3328545
rspAp,0.047619047619047616,20,20,TTGCACTATGACACCGCAAC,0,3315953
rspAp,0.047619047619047616,20,20,TCTGTCGTACGTATAAAGAG,0,3312953
rspAp,0.047619047619047616,20,20,TCTGTACTCAAAGTGGGGTA,0,3314730
rspAp,0.047619047619047616,20,20,TAGGTGAGCGACAAGCCGTT,0,3321572
rspAp,0.047619047619047616,20,20,GTTAAGATCGCACTTAAACG,0,3319935
rspAp,0.047619047619047616,20,20,GGCGGTGGCTTCAAAGGTAG,0,3327532
rspAp,0.047619047619047616,20,20,GAGTGCTATTCTGGATTACT,0,3309695
rspAp,0.047619047619047616,20,20,CAGATTAGTTTTTCATAACC,0,3322560
rspAp,0.047619047619047616,20,20,ATTTGGCAAGGGCTCAGTTA,0,3329961
rspAp,0.047619047619047616,20,20,ATGAGGGTTTTCAGTTCGCA,0,3328445
rspAp,0.047619047619047616,20,20,ATAGAAGCACGGCCTTTCAA,0,3309961
rspAp,0.05,19,19,TGAGAACCAGAGCTTGCCCT,0,3309059
rspAp,0.05,19,19,TATCTAACTGTAACGATGAT,0,3311549
rspAp,0.05,19,19,GTTTCAAAGCCAGAAAATTG,0,3314042
rspAp,0.05,19,19,GTTTATCGCCCGCGCACTAC,0,3323842
rspAp,0.05,19,19,GGTGTCTCCATGTTTTTTGA,0,3325528
rspAp,0.05,19,19,GGTGCAGATGATAGGGCCAC,0,3321069
rspAp,0.05,19,19,GGAAGCGTAACGACATCGAC,0,3332837
rspAp,0.05,19,19,GCCGAGTAATTTCACCAGAG,0,3326439
rspAp,0.05,19,19,GACTGAGGAGAAGGACCTGT,0,3312235
rspAp,0.05,19,19,GAAGTAGTGCCCTGAGGATG,0,3320974
rspAp,0.05,19,19,GAAGGATCAAGATCCGCGCT,0,3314584
rspAp,0.05,19,19,CTGGCGCGTTAGAAACATGG,0,3313778
rspAp,0.05,19,19,CTCATTTTACAAGTTGCTGG,0,3310229
rspAp,0.05,19,19,CGGACCGAGCCCTCACGTGT,0,3318322
rspAp,0.05,19,19,ATCGACCGGGTGTACTCTTG,0,3330614
rspAp,0.05,19,19,ATCCTGTCAGTTTCAAAAGC,0,3316560
rspAp,0.05,19,19,ATCAGCTGCTGACAAGAAAG,0,3320594
rspAp,0.05,19,19,ACGGGTCCTCCAATCTCCGC,0,3326637
rspAp,0.05,19,19,AAGTTGGGGCTCGGCAAAGT,0,3316528
rspAp,0.05,19,19,AACCTGCTAGCAAGTAAGGG,0,3332475
rspAp,0.05263157894736842,18,18,TTTCTCGAGGGTCTGTAATA,0,3309378
rspAp,0.05263157894736842,18,18,TTGAGCCTATAATAAGGATA,0,3311606
rspAp,0.05263157894736842,18,18,TTATCCCTTCTCAGCGAGTA,0,3313551
rspAp,0.05263157894736842,18,18,TGTCATACGCAGTTATTCTA,0,3315508
rspAp,0.05263157894736842,18,18,TGGTCTTTTATATAGTGCTT,0,3313856
rspAp,0.05263157894736842,18,18,TGGGGCGTAACCTCATAGGT,0,3311567
rspAp,0.05263157894736842,18,18,TGAGGGGTCGGGCCTTCGTC,0,3332770
rspAp,0.05263157894736842,18,18,TGACGCCGATATTCGCCGCC,0,3324366
rspAp,0.05263157894736842,18,18,TCTCGTCGCCTAGTCCACGA,0,3326534
rspAp,0.05263157894736842,18,18,TCGAGTTTCTTTATGGTCGC,0,3323327
rspAp,0.05263157894736842,18,18,TCATCACATTGCAGGGGCCT,0,3310496
rspAp,0.05263157894736842,18,18,TATGCGACGTTTGGATGGAG,0,3315938
rspAp,0.05263157894736842,18,18,TATAATAGACTCCGAGATGC,0,3327924
rspAp,0.05263157894736842,18,18,TACGTCAATGGCGGACGTTC,0,3329736
rspAp,0.05263157894736842,18,18,GTATTTGTGCCTAAATTTTG,0,3315025
rspAp,0.05263157894736842,18,18,GTAGGAGGTCCGGAAGAAGA,0,3327072
rspAp,0.05263157894736842,18,18,GTACACGTCTGAGTAGTTCA,0,3312096
rspAp,0.05263157894736842,18,18,GGTCGCGATTCCACAGGGGA,0,3308862
rspAp,0.05263157894736842,18,18,GCGATGAATAAGACCTCGAT,0,3329594
rspAp,0.05263157894736842,18,18,GCCTCCTGCGCCCATGCATA,0,3331143
rspAp,0.05263157894736842,18,18,GATTTATTCCGGAATTCAGG,0,3309774
rspAp,0.05263157894736842,18,18,GAACTAGAACTTACTCTCGT,0,3320924
rspAp,0.05263157894736842,18,18,CTTACGGGACATACCTGTAC,0,3316741
rspAp,0.05263157894736842,18,18,CCCCAGGTTGTGTGGTCCAA,0,3319886
rspAp,0.05263157894736842,18,18,CAGGCAAGAGCCTACTTCTC,0,3317450
rspAp,0.05263157894736842,18,18,CACTGTGAATGGTCAAGCGT,0,3327980
rspAp,0.05263157894736842,18,18,CAACAGTGTGAGCAACCCCT,0,3319806
rspAp,0.05263157894736842,18,18,ATTCTTACAAATCCGGATCA,0,3330322
rspAp,0.05263157894736842,18,18,ATATTGTGTTGGTCCGATTG,0,3328128
rspAp,0.05263157894736842,18,18,ACTTTCGGTTCCAGATGATC,0,3315114
rspAp,0.05263157894736842,18,18,ACGTGTGTGCGGGGAAGCCC,0,3310085
rspAp,0.05263157894736842,18,18,ACCCGCTCCCGGTAATTTGG,0,3312432
rspAp,0.05263157894736842,18,18,ACAAGCTCGCATCTAAAATT,0,3323183
rspAp,0.05263157894736842,18,18,AATTACAGCATCTGGACGGG,0,3323106
rspAp,0.05555555555555555,17,17,TTGGCGGGATCATGTGTTGG,0,3321395
rspAp,0.05555555555555555,17,17,TGGCGCGGGTGATCCAATAA,0,3316195
rspAp,0.05555555555555555,17,17,TCGTGCCCATCGTGCAGCTG,0,3322013
rspAp,0.05555555555555555,17,17,TCGGTCGGCGGTTTTCGAAA,0,3331360
rspAp,0.05555555555555555,17,17,TCCGTCTTCCTCTTTTACTG,0,3320704
rspAp,0.05555555555555555,17,17,TATCTGAAACGTGCGATGCC,0,3328344
rspAp,0.05555555555555555,17,17,TAGGATACGGACCTTGACAG,0,3328044
rspAp,0.05555555555555555,17,17,TACAAGTACACCCAAAATTC,0,3311709
rspAp,0.05555555555555555,17,17,GTTCTTGTACCCCCAATCGA,0,3310123
rspAp,0.05555555555555555,17,17,GTGGGGGTTTGAAGCAGTCA,0,3319562
rspAp,0.05555555555555555,17,17,GGAAACGGGCGTTCGAGGCA,0,3318924
rspAp,0.05555555555555555,17,17,GCGTTCTATTTTATGTTGCT,0,3312578
rspAp,0.05555555555555555,17,17,GCGCGGACGACACTTGCCCA,0,3324966
rspAp,0.05555555555555555,17,17,GATGCAACCGCATCGCCTTA,0,3331979
rspAp,0.05555555555555555,17,17,GAACGGGAGAGGGTCTATCA,0,3318589
rspAp,0.05555555555555555,17,17,CTACGGTATGGAAACTAAGA,0,3323202
rspAp,0.05555555555555555,17,17,CGGTTACAACGCCATTACTT,0,3311836
rspAp,0.05555555555555555,17,17,CGGACGGTGAACGAGGTCGT,0,3319215
rspAp,0.05555555555555555,17,17,CGCTTCCGAGTTCGCACAAG,0,3326197
rspAp,0.05555555555555555,17,17,CATTATACACCGTAGTTAGG,0,3320691
rspAp,0.05555555555555555,17,17,CAAGCCTAACATGGAACGCG,0,3311307
rspAp,0.05555555555555555,17,17,ATACGACACCAAAATCATTA,0,3315289
rspAp,0.05555555555555555,17,17,ATAACGATTTCATGGACCGT,0,3327732
rspAp,0.05555555555555555,17,17,AGCCGACACGAGGGAGGACC,0,3332705
rspAp,0.05555555555555555,17,17,AGACAACATTGGGTTTACAA,0,3327869
rspAp,0.05555555555555555,17,17,AATGGACGAACATCCTAAAT,0,3312127
rspAp,0.05555555555555555,17,17,AATCTTATCCAAAGGCCTGG,0,3323580
rspAp,0.05555555555555555,17,17,AAGTGTGAAGCGAGTGGGCG,0,3327733
rspAp,0.05555555555555555,17,17,AAACCCTGGGGGCTCACGTT,0,3310285
rspAp,0.058823529411764705,16,16,TGTTTTGGACATCGGAAGGT,0,3331142
rspAp,0.058823529411764705,16,16,TGTTACCAACAATGGGCCGG,0,3328146
rspAp,0.058823529411764705,16,16,TGTCGGAAACCTCTATGACT,0,3329502
rspAp,0.058823529411764705,16,16,TCTAAGAACCAGCCTAATAG,0,3314159
rspAp,0.058823529411764705,16,16,TCGCGGATGTGAGGATCTCT,0,3310591
rspAp,0.058823529411764705,16,16,TAGACTCCATCACTCATCAC,0,3325129
rspAp,0.058823529411764705,16,16,TAATAGGGGACTTGGGTTGT,0,3328135
rspAp,0.058823529411764705,16,16,TAACCAAGGGGGACGGCCGG,0,3314219
rspAp,0.058823529411764705,16,16,GTTTACTAATTTATGTAGGG,0,3323706
rspAp,0.058823529411764705,16,16,GTGACGAGGATCGGCTTCCG,0,3322963
rspAp,0.058823529411764705,16,16,GTCCGCATCGTGATGTACAC,0,3326447
rspAp,0.058823529411764705,16,16,GGTTTACGAACCCGCGTCGG,0,3329854
rspAp,0.058823529411764705,16,16,GGTGCGGATTAGTGGAAGTG,0,3323721
rspAp,0.058823529411764705,16,16,GGTCTCCGTCCACGCAGGTA,0,3325136
rspAp,0.058823529411764705,16,16,GGGGACGATGTGTAGTGGGA,0,3327012
rspAp,0.058823529411764705,16,16,GGGAGCCATCAAAACCCGCT,0,3331574
rspAp,0.058823529411764705,16,16,GGATGCCAACACACGATCTT,0,3312342
rspAp,0.058823529411764705,16,16,GGATACATCCCGCCCAGCTC,0,3314989
rspAp,0.058823529411764705,16,16,GCTTATAACTGAAAGACACA,0,3322177
rspAp,0.058823529411764705,16,16,GCCTACGATCTCCCGGGCGA,0,3329611
rspAp,0.058823529411764705,16,16,GCAACTGAACGGTTTACGTT,0,3331590
rspAp,0.058823529411764705,16,16,GATCGTGAGGTATCATCTGC,0,3309123
rspAp,0.058823529411764705,16,16,GAGCTCGCTTAGACTGGCTA,0,3315014
rspAp,0.058823529411764705,16,16,GACATCACCCGGTAGAGAGC,0,3310600
rspAp,0.058823529411764705,16,16,CGTACACATCTTTCCTTCAG,0,3324377
rspAp,0.058823529411764705,16,16,CGGTGATCAAAGACCCTCTG,0,3331372
rspAp,0.058823529411764705,16,16,CGCTTGCCGTCAGTACAAGA,0,3328461
rspAp,0.058823529411764705,16,16,CCTTTTAATCGATAGCATAA,0,3328095
rspAp,0.058823529411764705,16,16,CCCGTGAGCGGACTTCGCAT,0,3323411
rspAp,0.058823529411764705,16,16,CCCGATAATTACCGGGTGGA,0,3325519
rspAp,0.058823529411764705,16,16,CCATTCATGGTCAGGCGTGT,0,3325417
rspAp,0.058823529411764705,16,16,CACGGCCACTAAGTATAGAC,0,3323188
rspAp,0.058823529411764705,16,16,CAAGAGGTCAACACTAGAGG,0,3315815
rspAp,0.058823529411764705,16,16,CAACACCACGTCTGGCAAAA,0,3325291
rspAp,0.058823529411764705,16,16,ATTGTAATCCAACTAATAAC,0,3322657
rspAp,0.058823529411764705,16,16,ATAGGCGGTACTCCATTACA,0,3331148
rspAp,0.058823529411764705,16,16,ATAGAGCCCCCGACACCGTC,0,3333412
rspAp,0.058823529411764705,16,16,AGGCCAAGACGCTTGCAAAT,0,3313212
rspAp,0.058823529411764705,16,16,AGGAATGTACCACTGCCATA,0,3317223
rspAp,0.058823529411764705,16,16,AGCCCCGACAAGGAACGGCT,0,3310519
rspAp,0.058823529411764705,16,16,AGACTTAGCGGTACGGGAGT,0,3315385
rspAp,0.058823529411764705,16,16,ACTTTGCTCCCGTACTCAAT,0,3309344
rspAp,0.058823529411764705,16,16,ACGGTATCTCAAGTGCAATT,0,3309998
rspAp,0.058823529411764705,16,16,ACGGGTGCTTACGAACTAAA,0,3326277
rspAp,0.058823529411764705,16,16,AATCAATATTACGTACCACC,0,3331932
rspAp,0.0625,15,15,TTTGCGCAGCCGTAGTCGAG,0,3329238
rspAp,0.0625,15,15,TTTCACACGGGCTTACAGGA,0,3323014
rspAp,0.0625,15,15,TGTGGATTTTGGTTCCCGGT,0,3323267
rspAp,0.0625,15,15,TGCGCCTTAGTTCGTAGTTG,0,3332847
rspAp,0.0625,15,15,TGACACCCTAGTTTACGCTG,0,3309268
rspAp,0.0625,15,15,TGAAGGACCCCGTTGGATCG,0,3323380
rspAp,0.0625,15,15,TCTTGGTTTAACGTGGATAA,0,3316187
rspAp,0.0625,15,15,TCTTAGAACGGTGGATGCAT,0,3330711
rspAp,0.0625,15,15,TCCTCGTCGTAGCATTACAG,0,3331552
rspAp,0.0625,15,15,TCAGTTCTTGAAGGTTTAGG,0,3325869
rspAp,0.0625,15,15,TAGAGTGGGCTGGTCCCGGC,0,3313018
rspAp,0.0625,15,15,TACGTACCACGAGTGGCTGC,0,3319506
rspAp,0.0625,15,15,TAAGGTTTCATGGTGCAACG,0,3326665
rspAp,0.0625,15,15,TAACCTGGGGCTACCTCACA,0,3315738
rspAp,0.0625,15,15,GTTACTATGCTATTGGGTCG,0,3323098
rspAp,0.0625,15,15,GTCGTCTGGTTTTTTGCCTT,0,3318207
rspAp,0.0625,15,15,GTCCGGCAACGTGAGATCCG,0,3311888
rspAp,0.0625,15,15,GCTTCGGAACATGGCCTAAC,0,3320871
rspAp,0.0625,15,15,GCTTAGCCCCGATCAACTGG,0,3326524
rspAp,0.0625,15,15,GCGGGAATAGTCCGACTGAT,0,3312723
rspAp,0.0625,15,15,GCGAGAGGTGGCAGCATAGG,0,3330666
rspAp,0.0625,15,15,GATATAGCGGCCTTACGGGA,0,3317087
rspAp,0.0625,15,15,GAGTTTCATGACAGTTGATT,0,3311762
rspAp,0.0625,15,15,GACATGCTCTCCGTGTATTC,0,3314180
rspAp,0.0625,15,15,GAAACTTCAGAATGCGCGCA,0,3325552
rspAp,0.0625,15,15,GAAACCGGTTCTCTGCCAAG,0,3327898
rspAp,0.0625,15,15,CTTTTATTTGGTCACGAAGG,0,3327250
rspAp,0.0625,15,15,CTTGGGGACGCCGCAAATTC,0,3310686
rspAp,0.0625,15,15,CTTAAATGGCACTTATTGGG,0,3317338
rspAp,0.0625,15,15,CTGTTATTAGAGCCCCATAT,0,3315029
rspAp,0.0625,15,15,CGGACAGGGTCGAAGTATTC,0,3317837
rspAp,0.0625,15,15,CGAGTATAACGCACTACACC,0,3315293
rspAp,0.0625,15,15,CCGTGGAACGCGTACAGAAT,0,3310108
rspAp,0.0625,15,15,CCGCTCACGGGGTCGTAGAA,0,3323325
rspAp,0.0625,15,15,CCAGCCCGGAGCAGCAATCG,0,3309613
rspAp,0.0625,15,15,CAGGTGAGTTAATCGATGGC,0,3327842
rspAp,0.0625,15,15,CAAGGACGCAAAGGGCTTAT,0,3328577
rspAp,0.0625,15,15,CAACTTATGCACAGGGGCAA,0,3318154
rspAp,0.0625,15,15,ATTGCGAATCAAGTCGCCTA,0,3308854
rspAp,0.0625,15,15,ATGGGAATTCTGCTCCGTAT,0,3314653
rspAp,0.0625,15,15,AGTATGTAGACGTTCTCGGA,0,3316147
rspAp,0.0625,15,15,AGGTATCGAGCAGAGAAACA,0,3331745
rspAp,0.0625,15,15,AGGCAAATCGCTCTTACATG,0,3311179
rspAp,0.0625,15,15,ACGAGGTTAGGACGGATTTC,0,3325412
rspAp,0.0625,15,15,ACCTAACGACGGTGCAGGAT,0,3327875
rspAp,0.0625,15,15,AAGGGCCAATTAATGTACAG,0,3315821
rspAp,0.0625,15,15,AAGATCCGGTTGTCCCTTTA,0,3326097
rspAp,0.06666666666666667,14,14,TTGAATAAATTAGGAAACCT,0,3328632
rspAp,0.06666666666666667,14,14,TTCTACTCACGTCCGAAACT,0,3311802
rspAp,0.06666666666666667,14,14,TTCATGGGTCATCGAGAGTC,0,3320806
rspAp,0.06666666666666667,14,14,TTATATATGTTTGTATTGTC,0,3324762
rspAp,0.06666666666666667,14,14,TGGCCAGTACTTTGGCGAAA,0,3320819
rspAp,0.06666666666666667,14,14,TGGAACCGCATACGCATCAA,0,3324021
rspAp,0.06666666666666667,14,14,TGCTCTTCCGGATACCAGGT,0,3314448
rspAp,0.06666666666666667,14,14,TGCAGCATCAATGTGGATCT,0,3331353
rspAp,0.06666666666666667,14,14,TGACGTCGGCTTCCCACCAC,0,3333553
rspAp,0.06666666666666667,14,14,TCTCTCATCCGCCACGACAT,0,3311070
rspAp,0.06666666666666667,14,14,TCGCACTGCATCCAGTAGCA,0,3328065
rspAp,0.06666666666666667,14,14,TATCTCCGGACCACAGCTTA,0,3313879
rspAp,0.06666666666666667,14,14,TAGACGTTGCCGCATGATGT,0,3327434
rspAp,0.06666666666666667,14,14,TAGAAAAAGGGGTTATGGTA,0,3332505
rspAp,0.06666666666666667,14,14,TACTTAGGGTACACCGAGTT,0,3326468
rspAp,0.06666666666666667,14,14,TAATTATGTAGGACTATGCG,0,3327923
rspAp,0.06666666666666667,14,14,TAAAGGTTTGATTCGCTCTG,0,3323093
rspAp,0.06666666666666667,14,14,TAAACAGGATAGTTAAAGGC,0,3311280
rspAp,0.06666666666666667,14,14,GTTCTGCCGTTAAGGTAAAG,0,3319983
rspAp,0.06666666666666667,14,14,GTGGGGAGACGTCTCCTGTA,0,3315673
rspAp,0.06666666666666667,14,14,GTGCTCTCAGTCCAGTTGAT,0,3315638
rspAp,0.06666666666666667,14,14,GTCTCCAAATTTTGCATACT,0,3326776
rspAp,0.06666666666666667,14,14,GTCGGAACTGACCTAGGTTA,0,3311818
rspAp,0.06666666666666667,14,14,GTCCTGATGCGGGGTCTTTT,0,3315957
rspAp,0.06666666666666667,14,14,GTCATGACTACCTTCTGCCT,0,3312908
rspAp,0.06666666666666667,14,14,GGTCCAGGGTGACACTATTT,0,3328522
rspAp,0.06666666666666667,14,14,GGGCGGCATGGCGACGATTT,0,3327071
rspAp,0.06666666666666667,14,14,GGCAAAAGTGGTTTGTCGGA,0,3310355
rspAp,0.06666666666666667,14,14,GGAGAGGTGACCTATCTTGG,0,3315392
rspAp,0.06666666666666667,14,14,GGAAAGATCGGCACGTAGTC,0,3325368
rspAp,0.06666666666666667,14,14,GGAAAAAGTGCATAGATTAT,0,3314606
rspAp,0.06666666666666667,14,14,GCGCCTTAACGTGGTTGGGA,0,3317334
rspAp,0.06666666666666667,14,14,GCCGGCAATGGCCTGACAAT,0,3311919
rspAp,0.06666666666666667,14,14,GAGTCGGCCTAATCGGGCGG,0,3326273
rspAp,0.06666666666666667,14,14,CTGTTAGCTTCAATTAGGAA,0,3326457
rspAp,0.06666666666666667,14,14,CTCGTTGGGCAAAACTGCGG,0,3315414
rspAp,0.06666666666666667,14,14,CTCCTACCAGTAGCGACGAG,0,3309553
rspAp,0.06666666666666667,14,14,CGTAGGTTCTTATGTACTGT,0,3329907
rspAp,0.06666666666666667,14,14,CGGAGAATCTTTATCAACGT,0,3327602
rspAp,0.06666666666666667,14,14,CGAGAGTGGTATCTTAATCT,0,3320705
rspAp,0.06666666666666667,14,14,CGACTAGTAAGAAGTGGAAT,0,3313794
rspAp,0.06666666666666667,14,14,CGACGAGTTCTGGGAGTTAT,0,3316809
rspAp,0.06666666666666667,14,14,CCTTTGGGTCAGGCATCCAT,0,3328172
rspAp,0.06666666666666667,14,14,CCTGTATTATAATCGTCCCA,0,3314695
rspAp,0.06666666666666667,14,14,CCGTATGAAACCAGGCTGTA,0,3314161
rspAp,0.06666666666666667,14,14,CCCCGTTGATCCTCAATCAA,0,3316891
rspAp,0.06666666666666667,14,14,CCATCTAATGTCTTCTTACT,0,3309304
rspAp,0.06666666666666667,14,14,CCACCCAGCCCGTTTCGTTG,0,3333571
rspAp,0.06666666666666667,14,14,CCAACAGTATTTTAGGAACC,0,3308983
rspAp,0.06666666666666667,14,14,CATGTACCGTGGCAAAATAG,0,3314496
rspAp,0.06666666666666667,14,14,CATAGAACCTTTTATAAATG,0,3325172
rspAp,0.06666666666666667,14,14,CATAAGGAACGTGTGAGACA,0,3320641
rspAp,0.06666666666666667,14,14,CAGGGTAATTCCTGAAGGAA,0,3329523
rspAp,0.06666666666666667,14,14,CACGGCCGTGCTTGAAAGGC,0,3329186
rspAp,0.06666666666666667,14,14,ATTGGCAGCGGAGTCATACT,0,3310779
rspAp,0.06666666666666667,14,14,ATATATACTGTTGTCTAGGA,0,3311639
rspAp,0.06666666666666667,14,14,AGGCCCAAAGTAAACTCGGA,0,3320222
rspAp,0.06666666666666667,14,14,AGAATTGGGTTTCGTTAGAT,0,3316257
rspAp,0.06666666666666667,14,14,AGAACTTCAATTCTTCTGAA,0,3325076
rspAp,0.06666666666666667,14,14,ACTCTAGATGAATCGATGTT,0,3330842
rspAp,0.06666666666666667,14,14,ACGTATCAGGCGTCAACAGA,0,3332490
rspAp,0.06666666666666667,14,14,ACGCTGTAACGATTCATTGC,0,3309792
rspAp,0.06666666666666667,14,14,ACCTTTGCCCGGAACCCGAT,0,3330363
rspAp,0.06666666666666667,14,14,ACCTGCACCGCAGTTACATA,0,3313542
rspAp,0.07142857142857142,13,13,TTAGCGCTCATGGAACATGG,0,3325816
rspAp,0.07142857142857142,13,13,TGTGATCGTCTAGTGATCGG,0,3331869
rspAp,0.07142857142857142,13,13,TGATTCCGCGAACAGATCGA,0,3322796
rspAp,0.07142857142857142,13,13,TCTATGCGGCAATTAGTCAG,0,3332309
rspAp,0.07142857142857142,13,13,TCTAATGTTTTCTATGCGAG,0,3325759
rspAp,0.07142857142857142,13,13,TCCTTGTGTGTGCAAGCACT,0,3314072
rspAp,0.07142857142857142,13,13,TCATCCCCGGAATCGGAGCA,0,3313341
rspAp,0.07142857142857142,13,13,TCAGGAGGTATTTAACGCCA,0,3316425
rspAp,0.07142857142857142,13,13,TACCGCTCCGTGCTGGGCGT,0,3313217
rspAp,0.07142857142857142,13,13,GTGTGGGGGAGGTCGTGGCC,0,3311255
rspAp,0.07142857142857142,13,13,GTGGTTTCTATGCCAGAAAC,0,3314437
rspAp,0.07142857142857142,13,13,GTGCATCACAGATGATAAAC,0,3310891
rspAp,0.07142857142857142,13,13,GTCCAGTCATGGACCGGGAG,0,3331220
rspAp,0.07142857142857142,13,13,GTCACCTCTTCCTCGCAAGG,0,3325213
rspAp,0.07142857142857142,13,13,GTACTTCTCGAACCAGCCTT,0,3326295
rspAp,0.07142857142857142,13,13,GGTAACTATCCCCTCAGCGT,0,3329402
rspAp,0.07142857142857142,13,13,GGGCTTGTCCTAACACACTT,0,3309468
rspAp,0.07142857142857142,13,13,GGCTGATAATTCGTGCACAG,0,3319746
rspAp,0.07142857142857142,13,13,GGCCAACTCGATTTGGCACA,0,3326688
rspAp,0.07142857142857142,13,13,GCTGTCCCAAATACGTACAA,0,3320236
rspAp,0.07142857142857142,13,13,GCGTGCCCGGTTAATGCCCG,0,3329723
rspAp,0.07142857142857142,13,13,GCCTGGGGTGACTACGGGGA,0,3323328
rspAp,0.07142857142857142,13,13,GCCTCTCTCTGCTTCAATTC,0,3323077
rspAp,0.07142857142857142,13,13,GCCCAAGTAAGGACGTCTAG,0,3322483
rspAp,0.07142857142857142,13,13,GCACCTGCCCAGGGGCTACA,0,3323384
rspAp,0.07142857142857142,13,13,GCAAGGGCGACAACGGCATG,0,3326219
rspAp,0.07142857142857142,13,13,GATCTGCGAGGACTGTATAG,0,3316516
rspAp,0.07142857142857142,13,13,GAGGGACTGGTAGTTACTAC,0,3322484
rspAp,0.07142857142857142,13,13,GAGAACCTGATGATGCTTTG,0,3329436
rspAp,0.07142857142857142,13,13,GACTAAGAACGTTCGCTATG,0,3333663
rspAp,0.07142857142857142,13,13,GACATTCTGTAGCCCAGGGG,0,3313356
rspAp,0.07142857142857142,13,13,GAATCCGAGGGCTAATGGTA,0,3324254
rspAp,0.07142857142857142,13,13,GAAGGGAATCGGCAAACGTT,0,3316218
rspAp,0.07142857142857142,13,13,GAACAATAGTACCTGTGTGA,0,3309302
rspAp,0.07142857142857142,13,13,GAAAAGGGTAACAAGGAAAT,0,3317340
rspAp,0.07142857142857142,13,13,CTTTCCGGGTTCAATGTAAC,0,3312959
rspAp,0.07142857142857142,13,13,CTGCGTTCCCTTGACAACAT,0,3312866
rspAp,0.07142857142857142,13,13,CTACGGGCGGCCCTGCGTGT,0,3327703
rspAp,0.07142857142857142,13,13,CGTCGATTAATTATGACTTT,0,3316910
rspAp,0.07142857142857142,13,13,CGGGGCTTTGGTACGACGGT,0,3316379
rspAp,0.07142857142857142,13,13,CGCTATTTCCAAACCTATTC,0,3311215
rspAp,0.07142857142857142,13,13,CGAGGATCAGTTCGGTATCA,0,3316853
rspAp,0.07142857142857142,13,13,CCGTACACTACTGCATACTG,0,3331558
rspAp,0.07142857142857142,13,13,CCGGATATATTAGCTGCTCT,0,3313815
rspAp,0.07142857142857142,13,13,CCCGGAAACAAGCGATTAAG,0,3322669
rspAp,0.07142857142857142,13,13,CCAGAGGAGACAAAATTGTT,0,3316796
rspAp,0.07142857142857142,13,13,CCACCTGAGAAAGATTCGAA,0,3325090
rspAp,0.07142857142857142,13,13,CACATAGATTCGTGTCATCG,0,3328913
rspAp,0.07142857142857142,13,13,CACAAAAAGTAATTTGCGAA,0,3330738
rspAp,0.07142857142857142,13,13,ATTAGCAAGGTAGTCTCTCA,0,3328237
rspAp,0.07142857142857142,13,13,ATGGCATACTACAGTCACAG,0,3313282
rspAp,0.07142857142857142,13,13,ATCCGTGAGTTGATGCCGGA,0,3317348
rspAp,0.07142857142857142,13,13,ATCATTTTTTTAAGGTGACA,0,3316031
rspAp,0.07142857142857142,13,13,AGTGCTCGACAGCCGTGTAC,0,3313725
rspAp,0.07142857142857142,13,13,AGTCTGAATCGCCTGAAAAT,0,3324802
rspAp,0.07142857142857142,13,13,AGAGAGAAGGGACAAGAGGT,0,3313452
rspAp,0.07142857142857142,13,13,ACTGAGATGCAGCTAGGGCG,0,3316801
rspAp,0.07142857142857142,13,13,ACGTTGTTCCGCTGAGCCCC,0,3312971
rspAp,0.07142857142857142,13,13,ACGTCCGGACTCAGTACGCC,0,3319835
rspAp,0.07142857142857142,13,13,ACAGCCGTCTATCACACTAG,0,3323275
rspAp,0.07142857142857142,13,13,ACAACTGTATCTTCACGAGC,0,3322077
rspAp,0.07142857142857142,13,13,AATCGATCGGGCACCTACAA,0,3325258
rspAp,0.07142857142857142,13,13,AATCACGAGAGCATCTATTA,0,3320376
rspAp,0.07142857142857142,13,13,AAGTAATCTGTTTACGATTG,0,3317865
rspAp,0.07142857142857142,13,13,AACTATGTTTGGGCCATCTA,0,3323162
rspAp,0.07142857142857142,13,13,AAACGAATACGTAGAGCAGA,0,3329815
rspAp,0.07692307692307693,12,12,TTCTTCTTGCAATTGTGAGA,0,3311092
rspAp,0.07692307692307693,12,12,TTCTGGTTACTGTGTTATTT,0,3322602
rspAp,0.07692307692307693,12,12,TTAGCGTCCCATAGGCCCGA,0,3308864
rspAp,0.07692307692307693,12,12,TTACCTCATGACTAGTCATA,0,3317669
rspAp,0.07692307692307693,12,12,TTAATTGACCGGCACGTCAC,0,3327814
rspAp,0.07692307692307693,12,12,TGTATAAAATTAATTTTCTG,0,3309403
rspAp,0.07692307692307693,12,12,TGCTAGAATTAACCAGAGCT,0,3323826
rspAp,0.07692307692307693,12,12,TGATTGGCTTCTGGGTTCTC,0,3313594
rspAp,0.07692307692307693,12,12,TGAACGTGTAGTGGCTTCTG,0,3314471
rspAp,0.07692307692307693,12,12,TCTCGTAGCAGGTCTTGTGG,0,3331008
rspAp,0.07692307692307693,12,12,TCTCGAAGGGATCTCCTAGT,0,3329204
rspAp,0.07692307692307693,12,12,TCGTGAGATAAGGACTTCGG,0,3319098
rspAp,0.07692307692307693,12,12,TCCTTCTGTAGGAAATCACA,0,3328458
rspAp,0.07692307692307693,12,12,TCCGCTAGTAGCTGTCGCTG,0,3324182
rspAp,0.07692307692307693,12,12,TCCGCGCAGACGGTGGGGAT,0,3308970
rspAp,0.07692307692307693,12,12,TCCGCAGGATGCCCTATCTG,0,3332701
rspAp,0.07692307692307693,12,12,TCCATCCCTTGATCCCTACG,0,3311221
rspAp,0.07692307692307693,12,12,TCATGTGGCAAGTTGACTTG,0,3326799
rspAp,0.07692307692307693,12,12,TATTCTCCGTTGGACATTAT,0,3329424
rspAp,0.07692307692307693,12,12,TATTCCCTGCTCTAGTTAGG,0,3318459
rspAp,0.07692307692307693,12,12,TACCCTGAGTATAATCACTT,0,3309847
rspAp,0.07692307692307693,12,12,TAATCACAACACTTGCCTGT,0,3311695
rspAp,0.07692307692307693,12,12,TAATATCGCTCAGGTTCACT,0,3312886
rspAp,0.07692307692307693,12,12,TAAGGTAGACACAGCTCACA,0,3314585
rspAp,0.07692307692307693,12,12,TAACGTCGGGTGTACTAGAT,0,3327070
rspAp,0.07692307692307693,12,12,GTGTAAGCGTAGTGGATACA,0,3322184
rspAp,0.07692307692307693,12,12,GTGGGAGAGATCCACCGGAA,0,3317947
rspAp,0.07692307692307693,12,12,GTGGACGGGGCGGCTGTATA,0,3329075
rspAp,0.07692307692307693,12,12,GTGCCTGCTCCCAGAGGTGT,0,3331733
rspAp,0.07692307692307693,12,12,GTGCCATGGGCGTACAGCAA,0,3331915
rspAp,0.07692307692307693,12,12,GGAGCGATAGGCTTCTCCAT,0,3321415
rspAp,0.07692307692307693,12,12,GCGGAAAACGGTCCTAGTCC,0,3317156
rspAp,0.07692307692307693,12,12,GCGACTAAGCTCAGGGGGGT,0,3326685
rspAp,0.07692307692307693,12,12,GCCCTGTGTCGTATATGAGG,0,3322579
rspAp,0.07692307692307693,12,12,GCAGTTTCATCACCCCAGAT,0,3325223
rspAp,0.07692307692307693,12,12,GATTATTTCTTGTCTGACTC,0,3317522
rspAp,0.07692307692307693,12,12,GATACTCGCATTACCATAAC,0,3325376
rspAp,0.07692307692307693,12,12,GAGGTGTGGAACATTCTATC,0,3317090
rspAp,0.07692307692307693,12,12,GACAAGATAAATTGTTAACC,0,3316860
rspAp,0.07692307692307693,12,12,CTTGCTACGGGCCGCAAAAG,0,3318581
rspAp,0.07692307692307693,12,12,CTTCATAGGTGATAGTTTTG,0,3332671
rspAp,0.07692307692307693,12,12,CTGGTAAAAGAGGTGAGAGA,0,3326880
rspAp,0.07692307692307693,12,12,CTATGAGTAGCGTTTCGACT,0,3326450
rspAp,0.07692307692307693,12,12,CTACGGACCTTTGACGTTGG,0,3314684
rspAp,0.07692307692307693,12,12,CGTCACAAGGCAGCTTATTC,0,3318162
rspAp,0.07692307692307693,12,12,CGTAAATAAGGTAAATGAAC,0,3314716
rspAp,0.07692307692307693,12,12,CGGCCCGCAGCATAGTTATG,0,3327360
rspAp,0.07692307692307693,12,12,CGGAGGAGCAAGTTTTGAGG,0,3321184
rspAp,0.07692307692307693,12,12,CGGAAGCTTGACAATAATAT,0,3322286
rspAp,0.07692307692307693,12,12,CGCTTGGTATGAAGCCAACA,0,3329882
rspAp,0.07692307692307693,12,12,CGAGTATTGGGACAGTAACG,0,3314703
rspAp,0.07692307692307693,12,12,CGACGAACGAAGGCCATGCT,0,3327413
rspAp,0.07692307692307693,12,12,CGAAGGTGGTTGTGCAGCCA,0,3329909
rspAp,0.07692307692307693,12,12,CCTTTTAGGCTATGTTATAT,0,3321301
rspAp,0.07692307692307693,12,12,CCTTCGGGTCGGATACTCGA,0,3311766
rspAp,0.07692307692307693,12,12,CCGCTATCAGTCGATCCTCT,0,3325424
rspAp,0.07692307692307693,12,12,CCCTGGGCAATGACGTTCTG,0,3315830
rspAp,0.07692307692307693,12,12,CCCCTAGTGTTCCTGGAAGA,0,3328466
rspAp,0.07692307692307693,12,12,CCAGGGCGGAGACGCATACA,0,3318238
rspAp,0.07692307692307693,12,12,CATTACTCTGAGGCTCGACC,0,3319161
rspAp,0.07692307692307693,12,12,CAATGCGCGACCACAAGGAA,0,3331626
rspAp,0.07692307692307693,12,12,CAACCGAGTTAAGAGACTTG,0,3323246
rspAp,0.07692307692307693,12,12,ATTGGGGAGGATTAGGCTCT,0,3328662
rspAp,0.07692307692307693,12,12,ATCCACTATCGTCCCGAGAG,0,3313552
rspAp,0.07692307692307693,12,12,ATAGACCCGTGGGACCCGGG,0,3311134
rspAp,0.07692307692307693,12,12,ATACGGTCTATATTGCAGAC,0,3330207
rspAp,0.07692307692307693,12,12,ATAACCGGCATGTGAACATG,0,3330358
rspAp,0.07692307692307693,12,12,AGTTGTACAGGAAGACCGAA,0,3317024
rspAp,0.07692307692307693,12,12,AGTTCTTGTCAGCACCAAAG,0,3312715
rspAp,0.07692307692307693,12,12,AGTTCCCGTTCAGATTAGTA,0,3325177
rspAp,0.07692307692307693,12,12,AGCCCTCCAGGTGGCTGTAT,0,3324401
rspAp,0.07692307692307693,12,12,AGACTGATAGTTGTATTGCT,0,3316064
rspAp,0.07692307692307693,12,12,ACTTTTTGCGCAGATTCCAA,0,3326085
rspAp,0.07692307692307693,12,12,ACTTCTCGATTAAGTCACTA,0,3314827
rspAp,0.07692307692307693,12,12,ACTCGGGCTCGGAGGTGTAG,0,3316311
rspAp,0.07692307692307693,12,12,ACGTAATGTGATAACTTAAT,0,3333226
rspAp,0.07692307692307693,12,12,ACGGTTGTTTGTTTCGGTAT,0,3330816
rspAp,0.07692307692307693,12,12,ACGGTAAGAGCGTGGGAAGT,0,3317571
rspAp,0.07692307692307693,12,12,ACCGTTACCCTCACAACTAT,0,3318481
rspAp,0.07692307692307693,12,12,ACATGATTTTTTCCTTAGTC,0,3318952
rspAp,0.07692307692307693,12,12,AATAGTGGCTAGAGGCGACA,0,3321841
rspAp,0.07692307692307693,12,12,AAGTTCATTTCTCTACGGAT,0,3310550
rspAp,0.07692307692307693,12,12,AAGAGAAGGACACTGTCCGG,0,3326700
rspAp,0.07692307692307693,12,12,AAATTAGGGACCACATCGTT,0,3311635
rspAp,0.08333333333333333,11,11,TTTCTGTGGACGGTGCTACT,0,3309524
rspAp,0.08333333333333333,11,11,TTTACGTGAGTAGATCCGCT,0,3328521
rspAp,0.08333333333333333,11,11,TTATGAATTGTGCTGACTCA,0,3324798
rspAp,0.08333333333333333,11,11,TGGACGGTATAGGCTGGCGT,0,3318388
rspAp,0.08333333333333333,11,11,TGCTTTACTGGTCAGATCAA,0,3318099
rspAp,0.08333333333333333,11,11,TCTTATTTGGATACGTGGAA,0,3316306
rspAp,0.08333333333333333,11,11,TCTAGCATGGGGTAGTAACA,0,3313199
rspAp,0.08333333333333333,11,11,TCGACACGCCAGATGAGAGC,0,3312403
rspAp,0.08333333333333333,11,11,TCATAGCAGCGTATCAGTGT,0,3320204
rspAp,0.08333333333333333,11,11,TCAGGTGAGCTAAGTTAGGT,0,3324967
rspAp,0.08333333333333333,11,11,TCAGGTCTCTGCGACGGTCT,0,3331190
rspAp,0.08333333333333333,11,11,TATCGCACCAAGCAAAATGT,0,3326086
rspAp,0.08333333333333333,11,11,TATAGAATGTGAATATAGTT,0,3323827
rspAp,0.08333333333333333,11,11,TATACCTGCACATTATTTAA,0,3329918
rspAp,0.08333333333333333,11,11,TAGGGATACAGCAAGGGCTG,0,3328178
rspAp,0.08333333333333333,11,11,TAGGATTCTGATGCATAGTT,0,3318040
rspAp,0.08333333333333333,11,11,TACAACGTGTAAGGTACTCT,0,3318806
rspAp,0.08333333333333333,11,11,GTTTAGATATATAAAAGACT,0,3316297
rspAp,0.08333333333333333,11,11,GTGGTGCAATTTTGCCCAGG,0,3309574
rspAp,0.08333333333333333,11,11,GTGATCTCTCGAAGGCGTGA,0,3319818
rspAp,0.08333333333333333,11,11,GTCTTACCATGGTCAGAGTC,0,3324518
rspAp,0.08333333333333333,11,11,GTCCCATCTCGAACAAGGGC,0,3328986
rspAp,0.08333333333333333,11,11,GTACAGCGAGGGAAAATTAA,0,3323703
rspAp,0.08333333333333333,11,11,GGTGCGCTCAGTGGTCATGG,0,3320815
rspAp,0.08333333333333333,11,11,GGTCACCCGCTCCGGGACGG,0,3320592
rspAp,0.08333333333333333,11,11,GGTAAGACTCATCGTGGTAG,0,3318583
rspAp,0.08333333333333333,11,11,GGCACCCTTTTAATCTAACG,0,3327537
rspAp,0.08333333333333333,11,11,GCTCAACATTCGTAATCGTC,0,3319147
rspAp,0.08333333333333333,11,11,GCTATTCAAAGTCAATGGCT,0,3319682
rspAp,0.08333333333333333,11,11,GCATTTGCGCTAAAAGATGA,0,3325251
rspAp,0.08333333333333333,11,11,GCATTAGTCTTAGTCAGTCC,0,3312086
rspAp,0.08333333333333333,11,11,GCATTAGACAGTCCGTTACG,0,3321216
rspAp,0.08333333333333333,11,11,GCATCAAGCCTAGCCCAATG,0,3329012
rspAp,0.08333333333333333,11,11,GCACTTTATCACCAACGATG,0,3317596
rspAp,0.08333333333333333,11,11,GCACAAAGTTTGCGAACTGA,0,3309762
rspAp,0.08333333333333333,11,11,GCAAGCGGTCACACTCTCAC,0,3322595
rspAp,0.08333333333333333,11,11,GAGGGGGTCACATCTTTAGA,0,3323790
rspAp,0.08333333333333333,11,11,GAGCTATATGTACTCGAATT,0,3317555
rspAp,0.08333333333333333,11,11,GAATAAAGAGCGAAAACGTT,0,3330675
rspAp,0.08333333333333333,11,11,GAACTGTCTGCGAAGGGCGG,0,3325215
rspAp,0.08333333333333333,11,11,GAACGGGTTTACACGATGCC,0,3326902
rspAp,0.08333333333333333,11,11,CTGTTGTATCAGGGAGCAAT,0,3329906
rspAp,0.08333333333333333,11,11,CTGGTCGCACGAGGGAAAGC,0,3317028
rspAp,0.08333333333333333,11,11,CTGCTGGATCGCACGGTGTA,0,3328548
rspAp,0.08333333333333333,11,11,CTCTCACGAGGTGGCCCCGG,0,3320997
rspAp,0.08333333333333333,11,11,CTAGGGATATATGGATGTGG,0,3319563
rspAp,0.08333333333333333,11,11,CGGCCAATGTGGATCGAACT,0,3316469
rspAp,0.08333333333333333,11,11,CGGCACTCTGAGAATGCGCC,0,3325725
rspAp,0.08333333333333333,11,11,CGCACGGTTGCAACACTGCA,0,3320624
rspAp,0.08333333333333333,11,11,CGAAGCATACGAACGAAATG,0,3311420
rspAp,0.08333333333333333,11,11,CCTTCGACCTTTGTTCAGGG,0,3316051
rspAp,0.08333333333333333,11,11,CCTAGGCACATACGAAGCGC,0,3331646
rspAp,0.08333333333333333,11,11,CCGTACTATACACGTTAAAT,0,3332349
rspAp,0.08333333333333333,11,11,CCCGCCGCGGATGAGTAAGA,0,3327133
rspAp,0.08333333333333333,11,11,CCACGTACTGCATTCCTCTA,0,3332348
rspAp,0.08333333333333333,11,11,CCAACTTATGGATACTCATG,0,3310494
rspAp,0.08333333333333333,11,11,CACAGCGTTCGGTGTTTCAC,0,3318097
rspAp,0.08333333333333333,11,11,CAAACACATTCGGCCTAAGT,0,3312597
rspAp,0.08333333333333333,11,11,ATTGCCGAGCCGGTCGAACC,0,3318331
rspAp,0.08333333333333333,11,11,ATTAGGTTCGTTATAAGGCG,0,3327112
rspAp,0.08333333333333333,11,11,ATGTTGAGGGGCATACCTTG,0,3320286
rspAp,0.08333333333333333,11,11,ATGTGGGGTCCACTCGTTTC,0,3319788
rspAp,0.08333333333333333,11,11,ATGTAATTGCTGTGACGGTA,0,3326430
rspAp,0.08333333333333333,11,11,ATGAAGATAATGTTCCGTGC,0,3323089
rspAp,0.08333333333333333,11,11,ATCTTCCAGTGGGTTGTGGC,0,3317344
rspAp,0.08333333333333333,11,11,ATCAACGTGCGGAAACGAAC,0,3317793
rspAp,0.08333333333333333,11,11,ATATGCAATGGACGTGATCA,0,3317238
rspAp,0.08333333333333333,11,11,ATATCAAATGAGTGTAGTAC,0,3309840
rspAp,0.08333333333333333,11,11,ATATACAAAGACTCCGGTAG,0,3310212
rspAp,0.08333333333333333,11,11,ATAAAAGTTGTCCGTAGTCC,0,3313738
rspAp,0.08333333333333333,11,11,AGTTTATAGGACTGTCTAAC,0,3323957
rspAp,0.08333333333333333,11,11,AGTGCGTAGCGTGCCCCCGA,0,3309677
rspAp,0.08333333333333333,11,11,AGTATACATCAGGGCTTTGA,0,3317103
rspAp,0.08333333333333333,11,11,AGGGAGGATAGCCGATCACA,0,3311014
rspAp,0.08333333333333333,11,11,AGCTGTTGGACAGGAGGAGG,0,3316397
rspAp,0.08333333333333333,11,11,AGAACAAGATAGCAGATAAT,0,3325873
rspAp,0.08333333333333333,11,11,AGAAACTGTGGCGGTGAACC,0,3311477
rspAp,0.08333333333333333,11,11,ACTATCAATCGGCTTACGTA,0,3311103
rspAp,0.08333333333333333,11,11,ACGTTGTGAATAATAGTAGA,0,3326709
rspAp,0.08333333333333333,11,11,ACGGTATGGAGGTAACTAGA,0,3314997
rspAp,0.08333333333333333,11,11,ACCGTGGATCAGGTCCTCAC,0,3321691
rspAp,0.08333333333333333,11,11,ACCGCCCCTTATAGATTTCG,0,3323301
rspAp,0.08333333333333333,11,11,ACCCAACACCCTATTACTCA,0,3317044
rspAp,0.08333333333333333,11,11,ACAGGGAATTCGCGCGACAC,0,3321317
rspAp,0.08333333333333333,11,11,AATACTGGTCACCTAGAAGT,0,3315075
rspAp,0.08333333333333333,11,11,AACGCCATGCAGTCAGGTTT,0,3333191
rspAp,0.08333333333333333,11,11,AACAGAGACAGTGAGCCCGT,0,3317039
rspAp,0.09090909090909091,10,10,TTTTATAAGGGAGGCAGCCA,0,3309034
rspAp,0.09090909090909091,10,10,TTTGTCGGAAGTTGGATATC,0,3311120
rspAp,0.09090909090909091,10,10,TTTAAAGGACCTTGGCCCAC,0,3318374
rspAp,0.09090909090909091,10,10,TTGCCCCTGATCTGCTGATG,0,3321908
rspAp,0.09090909090909091,10,10,TTCTCGCTAGGCTGGTGCCT,0,3316057
rspAp,0.09090909090909091,10,10,TTACTGTCAGGCTTACCTTT,0,3310897
rspAp,0.09090909090909091,10,10,TTACAGCGTTTGTGGAGCTC,0,3331192
rspAp,0.09090909090909091,10,10,TTAATGTTATCTCCAGTAGT,0,3313134
rspAp,0.09090909090909091,10,10,TGTTTGATATATCGTCTTAG,0,3320131
rspAp,0.09090909090909091,10,10,TGGGTATGAATCTCCTAAAG,0,3322217
rspAp,0.09090909090909091,10,10,TGGGGGCAGTATTGCGAAAT,0,3326414
rspAp,0.09090909090909091,10,10,TGGCTTACGGTCATCCTGGA,0,3327553
rspAp,0.09090909090909091,10,10,TGCCTGTATCTGCGGCTCGG,0,3330187
rspAp,0.09090909090909091,10,10,TGAGTCCAGCTAGGACTTAG,0,3329804
rspAp,0.09090909090909091,10,10,TCTTGTGTTAACAGCAACCG,0,3318484
rspAp,0.09090909090909091,10,10,TCTCTAAGCGCTAATGCATA,0,3315512
rspAp,0.09090909090909091,10,10,TCGCTTCGCCGTTTCCCATT,0,3309007
rspAp,0.09090909090909091,10,10,TCGCAATTGCGAACTTTAAA,0,3330084
rspAp,0.09090909090909091,10,10,TCCTGTGGCCGTGTATATTC,0,3311020
rspAp,0.09090909090909091,10,10,TCATTAAAGTTATTGGAAAA,0,3319533
rspAp,0.09090909090909091,10,10,TCATATCTAGGGTCACCTCG,0,3317544
rspAp,0.09090909090909091,10,10,TCACTTCTTAGGAATGCCGG,0,3321409
rspAp,0.09090909090909091,10,10,TCACGAGTGAACAAATAAAC,0,3329060
rspAp,0.09090909090909091,10,10,TATTTGGATCCTCTAGATTT,0,3311007
rspAp,0.09090909090909091,10,10,TATTTCCTATCTATGAGGTT,0,3324811
rspAp,0.09090909090909091,10,10,TATGGGGAAGATAGCTAGAG,0,3311501
rspAp,0.09090909090909091,10,10,TATCTAGGTGGACCTCCTTG,0,3316093
rspAp,0.09090909090909091,10,10,TATACACTGAAATGACGGAC,0,3324783
rspAp,0.09090909090909091,10,10,TACTAAACGGGTTAGGGATA,0,3325361
rspAp,0.09090909090909091,10,10,TAATCAATAAACAGAGAGGA,0,3329233
rspAp,0.09090909090909091,10,10,TAAAGCGGTAATGAGCGGAT,0,3310533
rspAp,0.09090909090909091,10,10,GTTTTGCAAGCGGTCTTGGG,0,3333166
rspAp,0.09090909090909091,10,10,GTTCTCAAACCGTCCAGTCA,0,3315688
rspAp,0.09090909090909091,10,10,GTTACAACCGGACTCTTGCA,0,3323264
rspAp,0.09090909090909091,10,10,GTGGGATACAGGCTCACATT,0,3328431
rspAp,0.09090909090909091,10,10,GTGGAACCATCGGGCAGGAT,0,3309570
rspAp,0.09090909090909091,10,10,GTCGTCTAGTCACATTAGTA,0,3331809
rspAp,0.09090909090909091,10,10,GTCCGGGTTGGTTGTACTCG,0,3322739
rspAp,0.09090909090909091,10,10,GTATTTCTACTGCGGTCAAT,0,3313001
rspAp,0.09090909090909091,10,10,GTATGCAGTTTCGTGTCGTT,0,3320966
rspAp,0.09090909090909091,10,10,GTACTGGCGTGCGGGGTAGT,0,3310111
rspAp,0.09090909090909091,10,10,GTAACTGTGGTTATGTTTCG,0,3317213
rspAp,0.09090909090909091,10,10,GGTAATCCACATCCCGATTA,0,3324663
rspAp,0.09090909090909091,10,10,GGGTACGGACCCAGGAAGGG,0,3327291
rspAp,0.09090909090909091,10,10,GGGCGCGTCGCAGGGCTCCT,0,3318354
rspAp,0.09090909090909091,10,10,GGGAAAACTAAATGCGGCCT,0,3319676
rspAp,0.09090909090909091,10,10,GGCTTCTCGAGTTAGGAATG,0,3320030
rspAp,0.09090909090909091,10,10,GGAGAACTCGGCTATCCACA,0,3320643
rspAp,0.09090909090909091,10,10,GCGTCTTTTTGGTGAAGGCC,0,3319078
rspAp,0.09090909090909091,10,10,GCCTTATTTGCGCCTAACGT,0,3310963
rspAp,0.09090909090909091,10,10,GCCTATCCCGTGCTCACGTA,0,3315100
rspAp,0.09090909090909091,10,10,GCCCCGCAAACATAGGTAAG,0,3322450
rspAp,0.09090909090909091,10,10,GCCACAGCGTCCCGGTTGGT,0,3326642
rspAp,0.09090909090909091,10,10,GCACACGAATATTAGAATAG,0,3325680
rspAp,0.09090909090909091,10,10,GAATGTCCCAGAAAATTATT,0,3312324
rspAp,0.09090909090909091,10,10,GAAATCGTGTGTAACGGGGT,0,3313952
rspAp,0.09090909090909091,10,10,CTTTCAAGGGCACTGAATTG,0,3326220
rspAp,0.09090909090909091,10,10,CTGTGCGCGTTCCAGAGCTG,0,3320926
rspAp,0.09090909090909091,10,10,CTGCACGTCGGCTATGCGAA,0,3330883
rspAp,0.09090909090909091,10,10,CTGAATATGGTCGCAGAGAG,0,3322763
rspAp,0.09090909090909091,10,10,CTCTCCTCGCGGTTCGGGAA,0,3327660
rspAp,0.09090909090909091,10,10,CTCCTTATCTGTACAGGACC,0,3312720
rspAp,0.09090909090909091,10,10,CTCCGGTGCAATAAATCGTT,0,3328931
rspAp,0.09090909090909091,10,10,CTATATCAACCATCAGTGCC,0,3324015
rspAp,0.09090909090909091,10,10,CGTCGGGGTTGGGAGCACGA,0,3331291
rspAp,0.09090909090909091,10,10,CGTCACGAGGGAGAACCGTA,0,3311926
rspAp,0.09090909090909091,10,10,CGGTCGTGGAAGCAATACAC,0,3332256
rspAp,0.09090909090909091,10,10,CGATGCAAGTAAAGGCTTCT,0,3328846
rspAp,0.09090909090909091,10,10,CGAGGTCACGCGCCAACCCG,0,3322588
rspAp,0.09090909090909091,10,10,CGAATGGTTGAAAAGGTATA,0,3314422
rspAp,0.09090909090909091,10,10,CCGAGAAGAAGTCCACCTGT,0,3316855
rspAp,0.09090909090909091,10,10,CCATGGCGGTACCTTCGAGC,0,3324636
rspAp,0.09090909090909091,10,10,CCATAGGAGAGGGGTGTGAT,0,3318239
rspAp,0.09090909090909091,10,10,CCACAGCGGTCAATGTAGGC,0,3329946
rspAp,0.09090909090909091,10,10,CCAAAATCAAAGTCGGTACA,0,3309069
rspAp,0.09090909090909091,10,10,CATGGCTGTGTTGCACACAT,0,3332172
rspAp,0.09090909090909091,10,10,CAGCCGGGACTTCCGGTCAT,0,3325365
rspAp,0.09090909090909091,10,10,CAGACGGGTGGGAGCGATGG,0,3330151
rspAp,0.09090909090909091,10,10,CAATGAGAGTCGGCTCGCCA,0,3313150
rspAp,0.09090909090909091,10,10,CAAGCCGGATCCCCGTCCAA,0,3326650
rspAp,0.09090909090909091,10,10,ATTTGGGCCATCGGTCGCCA,0,3328894
rspAp,0.09090909090909091,10,10,ATTTGCCTGACTAATGCCCA,0,3328882
rspAp,0.09090909090909091,10,10,ATTTACACAGCATGGCTGGC,0,3330185
rspAp,0.09090909090909091,10,10,ATTAGTAGAGCAATAATTTG,0,3318930
rspAp,0.09090909090909091,10,10,ATCATGACGTTCGCGGTATT,0,3323434
rspAp,0.09090909090909091,10,10,ATACGTTCTGCCCTCACTCC,0,3312180
rspAp,0.09090909090909091,10,10,AGTTGAACATGGAAGGATTC,0,3328988
rspAp,0.09090909090909091,10,10,AGTGCTCATGCATTCGCCGC,0,3318684
rspAp,0.09090909090909091,10,10,AGTACGACTGGCGTGGTCGG,0,3325093
rspAp,0.09090909090909091,10,10,AGGCTTGCGGGTTCCTTGGG,0,3322638
rspAp,0.09090909090909091,10,10,AGGCGGCTGTTAACCATGTC,0,3312814
rspAp,0.09090909090909091,10,10,AGCTCGGACGGCAACATCGC,0,3330286
rspAp,0.09090909090909091,10,10,AGCCCGTGAGACTGTACCGC,0,3308858
rspAp,0.09090909090909091,10,10,AGCAGTACTCGACCTTCATG,0,3318137
rspAp,0.09090909090909091,10,10,AGACAGAAAGCGTCTTGTGT,0,3311064
rspAp,0.09090909090909091,10,10,AGACACCTATTCAACTCGGC,0,3319930
rspAp,0.09090909090909091,10,10,AGAAGTCCGTAAAGACTGTT,0,3332590
rspAp,0.09090909090909091,10,10,ACTCGGTGCTGACGACTCGT,0,3325719
rspAp,0.09090909090909091,10,10,ACTCGGCCGCGTATAGCCTC,0,3330656
rspAp,0.09090909090909091,10,10,ACGGATCTAGATAAACATCA,0,3312391
rspAp,0.09090909090909091,10,10,ACGCCCGTTCGATACCAGAG,0,3330812
rspAp,0.09090909090909091,10,10,ACGACAGGATCCGGAGTAGT,0,3315540
rspAp,0.09090909090909091,10,10,ACCGGGGACTAATCTAGACC,0,3318065
rspAp,0.09090909090909091,10,10,ACCAATGTTAAGGGAAGAGC,0,3316909
rspAp,0.09090909090909091,10,10,ACAGCGCGGCCTCGCAACCA,0,3320721
rspAp,0.09090909090909091,10,10,ACACGCTCGGGGTACCTAGA,0,3309697
rspAp,0.09090909090909091,10,10,AATGGAATTGGTTAGGGGCA,0,3328907
rspAp,0.09090909090909091,10,10,AATCTGTGGGTCGCAGCCGG,0,3309763
rspAp,0.09090909090909091,10,10,AATATAACCAGTTTGGGATA,0,3321048
rspAp,0.09090909090909091,10,10,AAGGCCGGCAGAGCAACCTA,0,3328101
rspAp,0.09090909090909091,10,10,AACGCTGCTGGTGCAGGTAC,0,3311043
rspAp,0.09090909090909091,10,10,AAAATGCGGAAATATTTCGC,0,3327528
rspAp,0.1,9,9,TTTTCCAGGACAGCTGTTGT,0,3330092
rspAp,0.1,9,9,TTTGGCTGCGATCTGCGTAA,0,3321114
rspAp,0.1,9,9,TTTCCTAACCCCGGTGTGTT,0,3310909
rspAp,0.1,9,9,TTGCCATTTGCTCTAGTCGT,0,3315249
rspAp,0.1,9,9,TTCTTACTTCGTTTAGCCGG,0,3327988
rspAp,0.1,9,9,TTCGAGCGCGTCGGCAGCTG,0,3326362
rspAp,0.1,9,9,TGTTGGTGCTGGGGCGATGG,0,3329725
rspAp,0.1,9,9,TGTGCGGGGTCTTGTAAGAG,0,3317093
rspAp,0.1,9,9,TGGTAGCGACATGGGATATG,0,3322887
rspAp,0.1,9,9,TGGTACTGCGCCTGTTAGTG,0,3323853
rspAp,0.1,9,9,TGGCGATTATTTTTGTTGCA,0,3325651
rspAp,0.1,9,9,TGGAGCAGGTAGGAGGGGAA,0,3316008
rspAp,0.1,9,9,TGGACGCCCGCACATTATGT,0,3311271
rspAp,0.1,9,9,TGATTGTTAAAGATTGCAGA,0,3326929
rspAp,0.1,9,9,TCTGGAGGGCGGCGGCAGTA,0,3309449
rspAp,0.1,9,9,TCGCCATAAGGACATTTGTA,0,3322536
rspAp,0.1,9,9,TCCTGGTCAACAGATGGGAG,0,3322238
rspAp,0.1,9,9,TCCGTCACAATTTAGCGGTG,0,3318866
rspAp,0.1,9,9,TCAGGCGTTGTATAGAAGGT,0,3315539
rspAp,0.1,9,9,TCACGTTTATGACTCGTTCT,0,3329489
rspAp,0.1,9,9,TCACCAAGCAAGTGATGTAC,0,3330383
rspAp,0.1,9,9,TATAGCTTACTTGTGGGACG,0,3331524
rspAp,0.1,9,9,TAGTCCAGTCTTTGATGAAG,0,3321923
rspAp,0.1,9,9,TAGGTTGACAGAGGTGGGTG,0,3313101
rspAp,0.1,9,9,TAGGTCTGCCAAAAAAGTCC,0,3328659
rspAp,0.1,9,9,TACGTAAAGGAAGGAAGGGG,0,3310559
rspAp,0.1,9,9,TAAATGTTGCGTGGTGCTGA,0,3322864
rspAp,0.1,9,9,TAAAGTAATCAGCTACACCT,0,3309142
rspAp,0.1,9,9,GTTTGCCTCATAGCGACCCC,0,3330301
rspAp,0.1,9,9,GTTTAGGAAGAAGCGGGAGG,0,3331145
rspAp,0.1,9,9,GTTTAATCTACGCCTGTTCG,0,3331807
rspAp,0.1,9,9,GTTGAGATTACAGACTTGCC,0,3321139
rspAp,0.1,9,9,GTTCGTTTCGGCACCCTTCA,0,3312117
rspAp,0.1,9,9,GTGTCATTAACTACAGCGAT,0,3323168
rspAp,0.1,9,9,GTGGGACCGGAATTACTTCG,0,3314124
rspAp,0.1,9,9,GTGGACCGTGATCTTAGCTG,0,3314974
rspAp,0.1,9,9,GTGCGCTGGCCATCCTACAA,0,3309709
rspAp,0.1,9,9,GTCGCCTATCGGTCGGCAAG,0,3308913
rspAp,0.1,9,9,GTCCTCAGGGAGAAAACAAG,0,3317168
rspAp,0.1,9,9,GTCCGCCCTTAGATTCCGTG,0,3321423
rspAp,0.1,9,9,GTATCGAGCGCTTCGTAGAT,0,3330271
rspAp,0.1,9,9,GGTTAGTGTGGGTTCACGTT,0,3329527
rspAp,0.1,9,9,GGTGGAGAGCGTCACATGGT,0,3312297
rspAp,0.1,9,9,GGTGCTATGGCTCAAGTCTC,0,3331671
rspAp,0.1,9,9,GGTGCCTAAGCCTTAACGGG,0,3320237
rspAp,0.1,9,9,GGTCCCGGTCCGCACCAGGT,0,3312448
rspAp,0.1,9,9,GGTCCCGGAGATCGTCCTAG,0,3332755
rspAp,0.1,9,9,GGGTTAAAGAGCACTTTCAG,0,3325557
rspAp,0.1,9,9,GGGGCATACTGCGGACGTCC,0,3323335
rspAp,0.1,9,9,GGGGACACAGGTGGTACTAA,0,3315090
rspAp,0.1,9,9,GGGCTAGATGGTTTCGGCCT,0,3324654
rspAp,0.1,9,9,GGGACTATTAAATGGGGCCT,0,3322518
rspAp,0.1,9,9,GGATTTTTGAAACAACGCGG,0,3315155
rspAp,0.1,9,9,GGATTTAATCTCCTTACCAG,0,3321917
rspAp,0.1,9,9,GGATGTGCTACTAGCCTTGT,0,3329773
rspAp,0.1,9,9,GGACTGTAAGTTGGCCATGG,0,3320026
rspAp,0.1,9,9,GGAAGCGTTACAAGCTTCTC,0,3316545
rspAp,0.1,9,9,GGAACGGTGGTAACTCATTG,0,3321344
rspAp,0.1,9,9,GCTGCGCAAGATAGGACAAC,0,3313002
rspAp,0.1,9,9,GCTCAATGTGATGAACTGAC,0,3310106
rspAp,0.1,9,9,GCTAGCATTATTGCAGGAAA,0,3312877
rspAp,0.1,9,9,GCTACGACCTCGATCGGTTC,0,3322074
rspAp,0.1,9,9,GCGAGCGAATCAGACTCCGC,0,3313538
rspAp,0.1,9,9,GCCTTTAGCCCAAGTCTAAG,0,3330852
rspAp,0.1,9,9,GCAATTCTTATGAAGTTCAT,0,3311670
rspAp,0.1,9,9,GCAAATGTGCCGCTCGTAAT,0,3320450
rspAp,0.1,9,9,GATTTACGTTATTTACGTTG,0,3309969
rspAp,0.1,9,9,GATTCTTTCGTTAGCGCTTT,0,3330010
rspAp,0.1,9,9,GAGCGTCTTATAATATTATG,0,3312503
rspAp,0.1,9,9,GAGAACTCGTTTGCCGAGAT,0,3311819
rspAp,0.1,9,9,GACTGTTGTGGGATCAATGA,0,3309596
rspAp,0.1,9,9,GACCTCCGAAGAGTGGGACA,0,3310261
rspAp,0.1,9,9,GACACTATTCGGACGGGGCA,0,3314470
rspAp,0.1,9,9,GAAGGCGCTTGTAAGAACCT,0,3327653
rspAp,0.1,9,9,GAAGGACGTCTGAGGCTGAA,0,3312022
rspAp,0.1,9,9,GAACTAGCTTTCAAATTACT,0,3323523
rspAp,0.1,9,9,GAAAGCGGGTGAGTTATCGG,0,3314969
rspAp,0.1,9,9,GAAACACGCTCGGATATTTG,0,3332097
rspAp,0.1,9,9,CTTGGCTTCTCCCTCAGTCG,0,3329571
rspAp,0.1,9,9,CTTCAAACAAGTACCTGCTG,0,3315428
rspAp,0.1,9,9,CTGCCAAACCTTCGTGCGCG,0,3321391
rspAp,0.1,9,9,CTCCAACGGCAGAATAGAGG,0,3308912
rspAp,0.1,9,9,CTACCACCTGCCTGTGGATT,0,3328131
rspAp,0.1,9,9,CGTTTTGGAGCCCGATCATG,0,3330218
rspAp,0.1,9,9,CGTTCTTCTCAAAGTATGTG,0,3326164
rspAp,0.1,9,9,CGGTCGCGCTTGGTTCGACA,0,3317531
rspAp,0.1,9,9,CGGGCGGGATCGGATGTCCT,0,3319862
rspAp,0.1,9,9,CGCTTCGCGTGGTAGGCAGT,0,3316842
rspAp,0.1,9,9,CGCCTCTGCTATTCCAGCGT,0,3313536
rspAp,0.1,9,9,CGATGTCACAATGAACCTGA,0,3332428
rspAp,0.1,9,9,CGACTGATCCCCCACATCGC,0,3322576
rspAp,0.1,9,9,CCTCTTAGTCAAAGAATAGC,0,3329148
rspAp,0.1,9,9,CCTCCCGTCGGGGTTTTCAA,0,3326432
rspAp,0.1,9,9,CCTATTGCACCTCATCACTA,0,3327934
rspAp,0.1,9,9,CCGGTTTTTCCCATGTCATG,0,3311809
rspAp,0.1,9,9,CCCGGTGATCGCAAGCCGGT,0,3312699
rspAp,0.1,9,9,CCCCTCAACATTTTGGGCTT,0,3318757
rspAp,0.1,9,9,CCCAGGCTTTGTCGAGCATT,0,3312969
rspAp,0.1,9,9,CCATAGGTCCCTATAGGTGA,0,3332030
rspAp,0.1,9,9,CCAGGGAGGGGCCATGCGGT,0,3314436
rspAp,0.1,9,9,CCAGACACGTACGTGCTCAT,0,3328624
rspAp,0.1,9,9,CATTCCCCGGCCGTTTGTGC,0,3332047
rspAp,0.1,9,9,CAGGTTGTTCGTTATACGGA,0,3327194
rspAp,0.1,9,9,CAGGCTTGAGGATCAGAAAT,0,3311447
rspAp,0.1,9,9,CACCGCACAAACAGTGGGCA,0,3321694
rspAp,0.1,9,9,CAAGTTGAGTCGTAGCTAGT,0,3316689
rspAp,0.1,9,9,CAACTCCTGTGTTTGCGTAG,0,3317946
rspAp,0.1,9,9,CAAAACCACCTCAGAGGATT,0,3309565
rspAp,0.1,9,9,ATTGGTTCCTATTAGGAGCA,0,3325152
rspAp,0.1,9,9,ATTCGGACAGGCAACTTTCT,0,3333169
rspAp,0.1,9,9,ATTCCTAGGATTGGTTACGT,0,3319232
rspAp,0.1,9,9,ATCGCGTAAAATTGGCATAG,0,3324826
rspAp,0.1,9,9,ATCAGTGCATTCTGGGAGAT,0,3315757
rspAp,0.1,9,9,ATAGTATGATGGGGGGTAAA,0,3310789
rspAp,0.1,9,9,ATACCTAACTCTTTGGTGGA,0,3325437
rspAp,0.1,9,9,AGTCTACACCTTGATAGTGA,0,3314017
rspAp,0.1,9,9,AGTCGAATTCTCTCGGAACT,0,3311517
rspAp,0.1,9,9,AGTAGCCGGCCAATTCGCTT,0,3312293
rspAp,0.1,9,9,AGGCGTTCGGAGTACGGTCC,0,3316095
rspAp,0.1,9,9,AGGACCGGCACCGCTAAATT,0,3316413
rspAp,0.1,9,9,AGCCCGGCCCTGGTCCGGAT,0,3318119
rspAp,0.1,9,9,AGACATCATTCCGCACGCCC,0,3321468
rspAp,0.1,9,9,AGAAATGTAGGTTGCTATGT,0,3331060
rspAp,0.1,9,9,ACTGCAACGGATTATGCTGA,0,3321006
rspAp,0.1,9,9,ACTCTCCTCGACCTCAAGAT,0,3320232
rspAp,0.1,9,9,ACTCAAATCTTGGTTTTGGT,0,3316502
rspAp,0.1,9,9,ACGTTAGGTCGATCGGTTAC,0,3318220
rspAp,0.1,9,9,ACGGCACAATTCCGAATATG,0,3311504
rspAp,0.1,9,9,ACGCGAATTGGACAATACAG,0,3309003
rspAp,0.1,9,9,ACGCCGGATATGTTGTTGAA,0,3314729
rspAp,0.1,9,9,ACCGTGCCGAATCTAGCGCA,0,3328853
rspAp,0.1,9,9,ACCATGACCTCCCGCAGCTA,0,3321373
rspAp,0.1,9,9,ACATTATTTTTTCCAGTACG,0,3313753
rspAp,0.1,9,9,ACAAAAGGCAAAGCTAGAGC,0,3329400
rspAp,0.1,9,9,AATGCCAATTGTATGCTCCA,0,3328922
rspAp,0.1,9,9,AATCGGTCATCTCCAGAAGG,0,3329098
rspAp,0.1,9,9,AAGGGTCCAATCAATCATGA,0,3326887
rspAp,0.1,9,9,AAGCATGCCTCAGTCGGGAT,0,3316170
rspAp,0.1,9,9,AAGCAGAGTCGAATCGGCGT,0,3332045
rspAp,0.1,9,9,AAGATCCTTGGGACTTTGGA,0,3328918
rspAp,0.1,9,9,AACGCTCTTGGGAAGCATTA,0,3320747
rspAp,0.1,9,9,AACATCCTGCGCTGCTCTGC,0,3326933
rspAp,0.1,9,9,AAAGTATCTACAGGATGTCT,0,3312608
rspAp,0.1111111111111111,8,8,TTTTTCTAAGGTAATCGGAA,0,3318076
rspAp,0.1111111111111111,8,8,TTTTTATAGAGAGTACCATT,0,3323554
rspAp,0.1111111111111111,8,8,TTTAAATCCTACTTCACGTC,0,3329122
rspAp,0.1111111111111111,8,8,TTGTAATGGGCGAGTTTCGT,0,3327486
rspAp,0.1111111111111111,8,8,TTGTAACGCGGTGGCGTCTC,0,3313481
rspAp,0.1111111111111111,8,8,TTGGGGGAACCACAGCCCGA,0,3315605
rspAp,0.1111111111111111,8,8,TTGCCTTGGGATGGTTATTC,0,3318205
rspAp,0.1111111111111111,8,8,TTGACAGAATCAATCTAAAG,0,3309960
rspAp,0.1111111111111111,8,8,TTCTGGGGCGGGTAATTCAT,0,3332283
rspAp,0.1111111111111111,8,8,TTCGCTACATAGGAGTAATT,0,3322736
rspAp,0.1111111111111111,8,8,TTCCTCTGGGCAACGTTCAA,0,3314736
rspAp,0.1111111111111111,8,8,TTATCCGGGGGACTCACGCG,0,3320781
rspAp,0.1111111111111111,8,8,TTATAATTGGAGTATTGTAC,0,3316377
rspAp,0.1111111111111111,8,8,TTAGGAGTGGGCACGTATCT,0,3323139
rspAp,0.1111111111111111,8,8,TTAGCTGTGTAGAAATCGGC,0,3319127
rspAp,0.1111111111111111,8,8,TTAGATGTGGGATTTGCCGA,0,3321713
rspAp,0.1111111111111111,8,8,TTACCTCAAGTGCCACCATC,0,3310723
rspAp,0.1111111111111111,8,8,TGTAGAAACTTGTTGTTCAA,0,3310764
rspAp,0.1111111111111111,8,8,TGGTGTTTGGCAAAGAAGCC,0,3313689
rspAp,0.1111111111111111,8,8,TGGTCCGGCCGGGCTGTTTG,0,3315319
rspAp,0.1111111111111111,8,8,TGGGGGGTCAATTTGGCTCT,0,3323110
rspAp,0.1111111111111111,8,8,TGCCGAACGAAGGTGACGGC,0,3319382
rspAp,0.1111111111111111,8,8,TGAGCAGCATGGCATTCCGC,0,3317964
rspAp,0.1111111111111111,8,8,TGAAGATCAAACCTAACGTT,0,3313845
rspAp,0.1111111111111111,8,8,TCTTGTGTTCTTCCCTAACC,0,3319481
rspAp,0.1111111111111111,8,8,TCTTGAGAAAAGGCAGCACG,0,3317112
rspAp,0.1111111111111111,8,8,TCGTTGACCGCATGGGTCGT,0,3317764
rspAp,0.1111111111111111,8,8,TCGTGGTGTAAAGTTTTAAG,0,3327030
rspAp,0.1111111111111111,8,8,TCGGACGTGAGGCCAGTAAA,0,3333346
rspAp,0.1111111111111111,8,8,TCGCAGTCTTATGACCGGTG,0,3319086
rspAp,0.1111111111111111,8,8,TCCCAGCATTGTTCCCATCT,0,3316438
rspAp,0.1111111111111111,8,8,TCATTTGGATTGTAATTGTT,0,3312039
rspAp,0.1111111111111111,8,8,TCATAGTGAGTTAAGAACCA,0,3309073
rspAp,0.1111111111111111,8,8,TCACCAGCCAGCCTCGTATC,0,3317820
rspAp,0.1111111111111111,8,8,TCAAATCCGCTTGTAATTCC,0,3316637
rspAp,0.1111111111111111,8,8,TATTGTCCCTCCAGTGACAG,0,3326249
rspAp,0.1111111111111111,8,8,TATCAATCCGGACCGTAGAC,0,3312920
rspAp,0.1111111111111111,8,8,TATACTGGAGCTTTCAGCTG,0,3326133
rspAp,0.1111111111111111,8,8,TAGCGTCTCAGTCAACGGTA,0,3319386
rspAp,0.1111111111111111,8,8,TAGCGGGAATCGACCGGAAT,0,3316531
rspAp,0.1111111111111111,8,8,TAGCCATTTCCCCGGGAGCA,0,3314515
rspAp,0.1111111111111111,8,8,TACGGTGATCACGACCAGGT,0,3318860
rspAp,0.1111111111111111,8,8,TACGCTACGGCAAAGATTTT,0,3332396
rspAp,0.1111111111111111,8,8,GTTCAAACCTGTTTGTAGTG,0,3324110
rspAp,0.1111111111111111,8,8,GTGTGTCGTCGATAAATAGT,0,3321088
rspAp,0.1111111111111111,8,8,GTGTCAAGGAGTCAGATAGC,0,3308884
rspAp,0.1111111111111111,8,8,GTGGTAGGATAGACACTCGC,0,3325431
rspAp,0.1111111111111111,8,8,GTGGGCTCGCCGCGTAACGT,0,3313185
rspAp,0.1111111111111111,8,8,GTCTCTTCGGGTACATCAAA,0,3313285
rspAp,0.1111111111111111,8,8,GTCCATATGCTCGGGCTTTG,0,3314149
rspAp,0.1111111111111111,8,8,GTATAGTCGGTCTCAAGTTT,0,3328210
rspAp,0.1111111111111111,8,8,GTACTCCGCACCACCTGTAG,0,3330373
rspAp,0.1111111111111111,8,8,GGTAAACCCAGTACGATCAC,0,3309028
rspAp,0.1111111111111111,8,8,GGGCTTCTTGGGCTACGAGA,0,3324666
rspAp,0.1111111111111111,8,8,GGGCTTCTGCTGTAAGTTTG,0,3330469
rspAp,0.1111111111111111,8,8,GGGACAGGATCTGCTTGCTA,0,3322607
rspAp,0.1111111111111111,8,8,GGCTCCGGCAGCGGAGCTTA,0,3329298
rspAp,0.1111111111111111,8,8,GGCGTCATCTAAAGCCTATA,0,3326180
rspAp,0.1111111111111111,8,8,GGCGGCATGAGGCGAGTTTA,0,3315229
rspAp,0.1111111111111111,8,8,GGCGCCCTTCCTAAGGAAAG,0,3324459
rspAp,0.1111111111111111,8,8,GGCGACATAAGAAGTAGTAG,0,3316247
rspAp,0.1111111111111111,8,8,GGATCGTGCTCGTCAGTATA,0,3314381
rspAp,0.1111111111111111,8,8,GGAGGTGTGAACAAAAGCAT,0,3332056
rspAp,0.1111111111111111,8,8,GGAGGGAGGGGCGCGGGCGA,0,3323437
rspAp,0.1111111111111111,8,8,GGACTAGACGCGCCTACGAG,0,3318096
rspAp,0.1111111111111111,8,8,GGAATAAATCCTTAACTTGC,0,3309312
rspAp,0.1111111111111111,8,8,GGAAGGGATGCCATCTGCAT,0,3328759
rspAp,0.1111111111111111,8,8,GCTAGTGAGAGTTCTCAGGA,0,3315855
rspAp,0.1111111111111111,8,8,GCGGAGCGTACCGTGTTGCG,0,3323341
rspAp,0.1111111111111111,8,8,GCCGTATAGCCCCGCAGTAA,0,3328549
rspAp,0.1111111111111111,8,8,GCCAACTCATGTCAAAGTTG,0,3317590
rspAp,0.1111111111111111,8,8,GCAGCGGGTCGCTCGCCGGA,0,3315935
rspAp,0.1111111111111111,8,8,GCAACGAAGCTTATAGAAAA,0,3320242
rspAp,0.1111111111111111,8,8,GATCTACGGTCAAATGACTA,0,3332656
rspAp,0.1111111111111111,8,8,GATAAATAAGCGTTTTTGGA,0,3331977
rspAp,0.1111111111111111,8,8,GAGTATTGTTTCCGGAGTCA,0,3326947
rspAp,0.1111111111111111,8,8,GAGTACGCGGAACACAGGGT,0,3330865
rspAp,0.1111111111111111,8,8,GAGACGTAACCGATCCACTA,0,3327479
rspAp,0.1111111111111111,8,8,GACTTCGACGTCCCGGGATC,0,3326797
rspAp,0.1111111111111111,8,8,GAATCACGCTTAGGGAACGG,0,3321021
rspAp,0.1111111111111111,8,8,GAAAAACGCCTAGGGGTAAT,0,3330085
rspAp,0.1111111111111111,8,8,CTTTCTTCAGCGGCTGAACC,0,3325488
rspAp,0.1111111111111111,8,8,CTTAGAAGGGTGCGCCCCTA,0,3327515
rspAp,0.1111111111111111,8,8,CTTAAGGTTGTGCTGTAGGG,0,3318457
rspAp,0.1111111111111111,8,8,CTGTGGCCATCAGGGAAAAA,0,3329202
rspAp,0.1111111111111111,8,8,CTGTGCTAGACCCTAATAAT,0,3321842
rspAp,0.1111111111111111,8,8,CTGGCTAGCATATCAGGCGA,0,3316473
rspAp,0.1111111111111111,8,8,CTGGACGTTAGTTCGCATTT,0,3326996
rspAp,0.1111111111111111,8,8,CTCTTGTGTCGTTATCGACC,0,3310594
rspAp,0.1111111111111111,8,8,CTATGCAGAACGGGATATTG,0,3328021
rspAp,0.1111111111111111,8,8,CTATCCAACTAGGGCGCGGT,0,3327711
rspAp,0.1111111111111111,8,8,CTATAACTAGGAGGTCGTAG,0,3332794
rspAp,0.1111111111111111,8,8,CTACTCGTACACCGGCTGTG,0,3314318
rspAp,0.1111111111111111,8,8,CGTGGGCTCGTTTGAAACGA,0,3309151
rspAp,0.1111111111111111,8,8,CGTACTCCATAGTTACACAC,0,3331814
rspAp,0.1111111111111111,8,8,CGGTGTCGCCCGGTCCTTTG,0,3322091
rspAp,0.1111111111111111,8,8,CGCTAGCAGACCAACTTCTC,0,3318163
rspAp,0.1111111111111111,8,8,CGCGTGTGGTCGCCGACATG,0,3312316
rspAp,0.1111111111111111,8,8,CGCGTCCCGTCCGATCGAGC,0,3331656
rspAp,0.1111111111111111,8,8,CGCGGGGAATGAGGTCCAGC,0,3323924
rspAp,0.1111111111111111,8,8,CGCCATGCCTTGTACTTGGC,0,3331045
rspAp,0.1111111111111111,8,8,CGAGCTATGGGATGATTGAG,0,3317558
rspAp,0.1111111111111111,8,8,CGACGCCGAACTCCCGAGCT,0,3314504
rspAp,0.1111111111111111,8,8,CGACAAAATGCACATCTTAC,0,3319825
rspAp,0.1111111111111111,8,8,CGAACTAATAACTTTTCCGC,0,3321474
rspAp,0.1111111111111111,8,8,CGAAAGCGAGGCCATCCGTG,0,3318745
rspAp,0.1111111111111111,8,8,CCTTTAATTGCATGCCAGAA,0,3323247
rspAp,0.1111111111111111,8,8,CCTTAGAGCTCGTTTTGTTA,0,3318267
rspAp,0.1111111111111111,8,8,CCTGGCTCGCCAATTTGCAG,0,3312341
rspAp,0.1111111111111111,8,8,CCTGCAACATGGGCGCCCAT,0,3318890
rspAp,0.1111111111111111,8,8,CCGTTGACAGCCGAGGGAAA,0,3330466
rspAp,0.1111111111111111,8,8,CCGCGAGGTGGTCCTACGTT,0,3324034
rspAp,0.1111111111111111,8,8,CCGCAACGTTTATGTGGCCG,0,3323930
rspAp,0.1111111111111111,8,8,CCCGCCGGGTATCGTTATCA,0,3331247
rspAp,0.1111111111111111,8,8,CCCGCCCCCTAAGTGTATAG,0,3330994
rspAp,0.1111111111111111,8,8,CCCCGGTCCTTAGACGGGGC,0,3318945
rspAp,0.1111111111111111,8,8,CCACAATAACCTGAGCCCTA,0,3316570
rspAp,0.1111111111111111,8,8,CCAAGTCTCGCTCGGTATAA,0,3320703
rspAp,0.1111111111111111,8,8,CATTTACAGCCGTGAAAGTG,0,3324088
rspAp,0.1111111111111111,8,8,CATGTTACATGCGAAGCGGC,0,3316520
rspAp,0.1111111111111111,8,8,CATCGACCCCTATTCAAATA,0,3313732
rspAp,0.1111111111111111,8,8,CATCAAACCAATACCCCCCA,0,3320536
rspAp,0.1111111111111111,8,8,CAGTCTAAAGAGCCTTGTGT,0,3329651
rspAp,0.1111111111111111,8,8,CAGGTCTGACTTGATCTGCT,0,3325734
rspAp,0.1111111111111111,8,8,CAGGCGTCATGAAACATTCG,0,3325573
rspAp,0.1111111111111111,8,8,CAGCTCGTGTATAATCTGTA,0,3311554
rspAp,0.1111111111111111,8,8,CAGCATCGTTGTTTTAGCAA,0,3328731
rspAp,0.1111111111111111,8,8,CACAGCGAACGAGATCCTCA,0,3314209
rspAp,0.1111111111111111,8,8,CACAGAGATCTGTAGTATTA,0,3331754
rspAp,0.1111111111111111,8,8,CAACGTGGTTGCTCAGTCGT,0,3333467
rspAp,0.1111111111111111,8,8,CAAAATTTCCTGGGGACAAG,0,3310703
rspAp,0.1111111111111111,8,8,ATTTAAACTATCGTGAGTTT,0,3317623
rspAp,0.1111111111111111,8,8,ATTGTGAACCGATTGGCGCT,0,3309800
rspAp,0.1111111111111111,8,8,ATTGCATCGGGCACGGTTAA,0,3325314
rspAp,0.1111111111111111,8,8,ATTAGACAAAGCCTGATTGG,0,3316309
rspAp,0.1111111111111111,8,8,ATGTGGTCTAACCTAATGCT,0,3321543
rspAp,0.1111111111111111,8,8,ATGTCTAACTACCAAGGAGG,0,3313156
rspAp,0.1111111111111111,8,8,ATGGCTCCCCGGCATTGACT,0,3308907
rspAp,0.1111111111111111,8,8,ATGCCATTTGGCTGATATAC,0,3322647
rspAp,0.1111111111111111,8,8,ATGATTTGGCATTCCCACGA,0,3326482
rspAp,0.1111111111111111,8,8,ATGAACCGTGGCAACGGTTT,0,3324572
rspAp,0.1111111111111111,8,8,ATCGATGGCAATTCATGCAT,0,3327083
rspAp,0.1111111111111111,8,8,ATCCAACGACTGAGGACTCC,0,3331241
rspAp,0.1111111111111111,8,8,ATAGTAGACGACTATGTTAT,0,3314058
rspAp,0.1111111111111111,8,8,ATAGCAAAAAGTCGTGGCCT,0,3326670
rspAp,0.1111111111111111,8,8,ATACGAGTTAAATGCTCTAC,0,3326464
rspAp,0.1111111111111111,8,8,ATAAGGTTATATCGACTATG,0,3320415
rspAp,0.1111111111111111,8,8,AGTCCGTTTTCTCAGGGAGA,0,3323679
rspAp,0.1111111111111111,8,8,AGTATCCTCAAACTGTAGGT,0,3325828
rspAp,0.1111111111111111,8,8,AGGTTGGGGATCGATCAGAC,0,3331994
rspAp,0.1111111111111111,8,8,AGGTTCAAAGCTGTACGTGG,0,3326315
rspAp,0.1111111111111111,8,8,AGGTCAAGGTTACGAAGAAC,0,3323798
rspAp,0.1111111111111111,8,8,AGGCTCTCGTGGGACCGGCA,0,3314743
rspAp,0.1111111111111111,8,8,AGGCAATTGGACAGATCCGA,0,3319217
rspAp,0.1111111111111111,8,8,AGCGACCTTCTGAATAGCAA,0,3316436
rspAp,0.1111111111111111,8,8,AGAGCAGCGTTGGGACCTCG,0,3325432
rspAp,0.1111111111111111,8,8,AGAGAGCGAGAGAGGTCACC,0,3309170
rspAp,0.1111111111111111,8,8,AGAGACCGACTGAGACCCCG,0,3331136
rspAp,0.1111111111111111,8,8,AGACGTGACCTGGTTAGTAT,0,3329097
rspAp,0.1111111111111111,8,8,AGACGTCGTCCCTGAATCTA,0,3314507
rspAp,0.1111111111111111,8,8,ACTTACTTAAAGCCGCGGAA,0,3325473
rspAp,0.1111111111111111,8,8,ACTATTTGATGGTCGCATTT,0,3312170
rspAp,0.1111111111111111,8,8,ACGTGTTGAATCAGTGTACT,0,3329548
rspAp,0.1111111111111111,8,8,ACGGGTATGGCAAAGGTTAA,0,3314734
rspAp,0.1111111111111111,8,8,ACGGGGTCCGTAATCGAATA,0,3314402
rspAp,0.1111111111111111,8,8,ACGATCTTTCCTGGGTCCAA,0,3323939
rspAp,0.1111111111111111,8,8,ACGAAAAGCGGGTCTTAGCC,0,3329049
rspAp,0.1111111111111111,8,8,ACCTATATTTAGGATTGCTG,0,3312431
rspAp,0.1111111111111111,8,8,ACCGAGTTCGCCCCACTTAA,0,3330800
rspAp,0.1111111111111111,8,8,ACCCTGCGTGCCCGCGACAC,0,3311225
rspAp,0.1111111111111111,8,8,ACCAGCTGAGCTTATGAAAG,0,3326625
rspAp,0.1111111111111111,8,8,ACCAGAGGTTAATAGATCGG,0,3309619
rspAp,0.1111111111111111,8,8,ACATGACGCGCTCCACAAAT,0,3313918
rspAp,0.1111111111111111,8,8,AATCTGTGAATTGGCGCAAT,0,3324060
rspAp,0.1111111111111111,8,8,AAGGGCCGTTCGTGAAGGCT,0,3324118
rspAp,0.1111111111111111,8,8,AAGGATGACCGTATAACCGT,0,3321944
rspAp,0.1111111111111111,8,8,AAGATTGCCTCTTGCTCTAC,0,3311808
rspAp,0.1111111111111111,8,8,AAGACTTTTGAGAATCACGC,0,3323667
rspAp,0.1111111111111111,8,8,AACGTGCCTCCTGGATATAC,0,3314218
rspAp,0.1111111111111111,8,8,AAATGTCGGGCCTCTACGGC,0,3322990
rspAp,0.1111111111111111,8,8,AAATATCGTAGGACCTTTAC,0,3321470
rspAp,0.1111111111111111,8,8,AAAGGACGTGTGTACTCGCC,0,3313634
rspAp,0.1111111111111111,8,8,AAAAGGAATAAGAGAAGACT,0,3329295
rspAp,0.125,7,7,TTTTTCGGGAGCGCGGAATA,0,3330979
rspAp,0.125,7,7,TTTTACGGGCGAACGGATGT,0,3325141
rspAp,0.125,7,7,TTTGGAGGGAAACTGTAAGT,0,3319471
rspAp,0.125,7,7,TTTCGACGAACAGTACGGCA,0,3314279
rspAp,0.125,7,7,TTTAATATCGGTATCTTCTT,0,3312168
rspAp,0.125,7,7,TTGTCTACGGATCTGCCGTA,0,3320363
rspAp,0.125,7,7,TTGGCGATAGTCACCGGGGT,0,3330960
rspAp,0.125,7,7,TTCTGGACCAGCAGTGGGGC,0,3313343
rspAp,0.125,7,7,TTCTCTAGATGCACATAAAC,0,3314133
rspAp,0.125,7,7,TTCCGTCCTACCAGTCTCTT,0,3318735
rspAp,0.125,7,7,TTAAGGTAAAGAACTGTCGG,0,3309968
rspAp,0.125,7,7,TTAACACGTTTATGTCTGCA,0,3326035
rspAp,0.125,7,7,TGTGTTGGCTGAGAGTCCAG,0,3324230
rspAp,0.125,7,7,TGTGGTTTGAACTAAACTAG,0,3312697
rspAp,0.125,7,7,TGTGGTCCCGTTTGCTGAGA,0,3326278
rspAp,0.125,7,7,TGTGAGCAAAGAGTATAGAT,0,3326337
rspAp,0.125,7,7,TGTCGGCGGCTGGCCGCTAC,0,3326126
rspAp,0.125,7,7,TGTAATTATTTGCGTGAAGC,0,3323409
rspAp,0.125,7,7,TGGTTAACGTGATGTCACTG,0,3326975
rspAp,0.125,7,7,TGCGTTGAAGCGACATCCTG,0,3318406
rspAp,0.125,7,7,TGCGAGTGGATCGAGGTTTA,0,3314674
rspAp,0.125,7,7,TGATTCCGGTAGACACCACC,0,3320045
rspAp,0.125,7,7,TGATAATACCCTGTCTAGTG,0,3322572
rspAp,0.125,7,7,TGAGTGCGATACGGCATTAA,0,3313404
rspAp,0.125,7,7,TGAGGCATCCAGTAGTGAGA,0,3317293
rspAp,0.125,7,7,TGAACAGCGAAGAGAAGAGA,0,3319496
rspAp,0.125,7,7,TCTGGGCTGCAAGACAACTG,0,3312803
rspAp,0.125,7,7,TCTCTTTTGACCGTTGGGAG,0,3322577
rspAp,0.125,7,7,TCTCGACTGTTCAATTAACC,0,3328151
rspAp,0.125,7,7,TCTATCAACCATAGAACGGC,0,3327268
rspAp,0.125,7,7,TCGTTGGCATCACGTATTCC,0,3325055
rspAp,0.125,7,7,TCGGGCGCAAAAAGTGAGAT,0,3309551
rspAp,0.125,7,7,TCCTAATCCACTCAGATTCG,0,3322416
rspAp,0.125,7,7,TCATCTGCATCCGGGCATCT,0,3331578
rspAp,0.125,7,7,TCAGCGGAAGGAATAGAACT,0,3325757
rspAp,0.125,7,7,TATTGAGCCAAATGTGTGCT,0,3327541
rspAp,0.125,7,7,TATTAGAGACTACTGCCTGC,0,3317058
rspAp,0.125,7,7,TATGTTAGGATGCATTGCCT,0,3323923
rspAp,0.125,7,7,TAGCGGTTAACGCACATTAG,0,3333234
rspAp,0.125,7,7,TAGCCTGTGCTAAAGAGAAA,0,3316456
rspAp,0.125,7,7,TACTGTGGCGCTGGTACGTG,0,3326058
rspAp,0.125,7,7,TACCAATTACGCATCTAAGT,0,3318659
rspAp,0.125,7,7,TACATTAACTTAAATGCCTC,0,3310758
rspAp,0.125,7,7,TAATGGATTACCTGTCTTAT,0,3314586
rspAp,0.125,7,7,TAACTACATCGCCTAGCATT,0,3325077
rspAp,0.125,7,7,TAAATACCAGTATGCGACCC,0,3320171
rspAp,0.125,7,7,TAAAGGTAATAGTCAGATTA,0,3320822
rspAp,0.125,7,7,GTTTCAAGGCAGATTTAAAA,0,3330220
rspAp,0.125,7,7,GTTGTAATATAATCCTTAAA,0,3331284
rspAp,0.125,7,7,GTTGACTGCCTCGGATAGAG,0,3314901
rspAp,0.125,7,7,GTGTACTGGATGTACTTCTT,0,3320348
rspAp,0.125,7,7,GTGGAGGTAAGCCAACAGGG,0,3314533
rspAp,0.125,7,7,GTCTGATTACGTGCCAAGCC,0,3324505
rspAp,0.125,7,7,GTCGTTCCGCGGCCGTTATC,0,3331650
rspAp,0.125,7,7,GTCGATGGACATGCATCCGG,0,3314344
rspAp,0.125,7,7,GTATGGCCGCTACTCGCGTC,0,3327443
rspAp,0.125,7,7,GTAATATCCACAGGTCCTAG,0,3325515
rspAp,0.125,7,7,GGTTTCCCGGGGTAGCGTAC,0,3325510
rspAp,0.125,7,7,GGTAGATGATGCATGTTCTT,0,3328586
rspAp,0.125,7,7,GGGTCCGTTCAACACACGGT,0,3319343
rspAp,0.125,7,7,GGGGTGGCGGTTTAAGAACT,0,3328500
rspAp,0.125,7,7,GGGGAGTGGGATGGGTCTCG,0,3318992
rspAp,0.125,7,7,GGGCATAATCCACCACAGTA,0,3328348
rspAp,0.125,7,7,GGGATTGTACCTTATGTTGG,0,3333440
rspAp,0.125,7,7,GGGAGAACGTAGGTTGGTCG,0,3315068
rspAp,0.125,7,7,GGGACAAACAGAAACACTAA,0,3320288
rspAp,0.125,7,7,GGCGTCAGATTCGTGCATCG,0,3330617
rspAp,0.125,7,7,GGCCACTGAACTACGGGTAT,0,3323673
rspAp,0.125,7,7,GGAGTGAGGACGTTTTGGAT,0,3311024
rspAp,0.125,7,7,GGACCTGAATTCTTTTCTTG,0,3316831
rspAp,0.125,7,7,GGAAACGTATGTACATTATA,0,3317985
rspAp,0.125,7,7,GCTATGGCGTTCGTATCGTC,0,3314939
rspAp,0.125,7,7,GCGGTAGGGGTAGTCATTGG,0,3314266
rspAp,0.125,7,7,GCCGTGGAGGTGGGTCCCTC,0,3332233
rspAp,0.125,7,7,GCCGGTGTTAACGGTTAATT,0,3332333
rspAp,0.125,7,7,GCATGGTGCCCCTGATCCTG,0,3309507
rspAp,0.125,7,7,GCATACGTCCTCTTGAGAAA,0,3328763
rspAp,0.125,7,7,GCACTAGAAACAAGACGGAT,0,3330020
rspAp,0.125,7,7,GCAACGTTCGGCCGTGTTAA,0,3310976
rspAp,0.125,7,7,GATCTGGACCTCACCAAGTC,0,3314207
rspAp,0.125,7,7,GATATCTACTAATAGTGTCG,0,3309761
rspAp,0.125,7,7,GAGTTCATTCCGATGTCCGC,0,3309789
rspAp,0.125,7,7,GAGTCTATTCCAAGAGTATT,0,3321826
rspAp,0.125,7,7,GAGGCGGAGACAAGTTTTGT,0,3322755
rspAp,0.125,7,7,GACGTCGGGTACAACCCCGT,0,3323987
rspAp,0.125,7,7,GACGTAGCTAATTTCCCCTA,0,3312549
rspAp,0.125,7,7,GACCTTTTAGCAGTCCCGAA,0,3323832
rspAp,0.125,7,7,GACCAGGCTTAGGACAGTTG,0,3320638
rspAp,0.125,7,7,GAAGAGACGTACGTTAAGCT,0,3309427
rspAp,0.125,7,7,GAACGTGCATTAACAGTGCG,0,3330671
rspAp,0.125,7,7,GAAACGGCCACACAATTGAC,0,3312301
rspAp,0.125,7,7,CTTCAGTATGTTGTCATCCA,0,3322020
rspAp,0.125,7,7,CTTAATGAGTGTTCCCCTCC,0,3333394
rspAp,0.125,7,7,CTGGGCGGTGAGAGGGGCCA,0,3331700
rspAp,0.125,7,7,CTGCTTTTTTTCTGTTCTTC,0,3332050
rspAp,0.125,7,7,CTGCGATGAAGGGCGGGCAG,0,3322753
rspAp,0.125,7,7,CTATTATGATCCCTCGCGAA,0,3322185
rspAp,0.125,7,7,CTATCGCTGATGAATTCCAA,0,3329671
rspAp,0.125,7,7,CGTTCATGTATTACCATATG,0,3329157
rspAp,0.125,7,7,CGTCAGTTAAGAAGGGCTGG,0,3310610
rspAp,0.125,7,7,CGCCAGGACTTCGAGTCTAA,0,3311166
rspAp,0.125,7,7,CGCAGGTCGTCTATTCGCGT,0,3318422
rspAp,0.125,7,7,CGCACGTGAACTCATCGAAT,0,3310849
rspAp,0.125,7,7,CGATTCCAACGGATGTTTCG,0,3324969
rspAp,0.125,7,7,CGACACTGTTAATTTTCTAT,0,3323898
rspAp,0.125,7,7,CCTAGCCAGGAGTTCCTGCA,0,3332301
rspAp,0.125,7,7,CCGAATAGAGAAAACTGCGT,0,3312962
rspAp,0.125,7,7,CCCGGGTGGACAGAATTTTG,0,3311939
rspAp,0.125,7,7,CCCGCGGCCGAAGTTATCGA,0,3312966
rspAp,0.125,7,7,CCACAGCAGGATCTGGGCTC,0,3322088
rspAp,0.125,7,7,CATAAGGTCCAGACTACATA,0,3331009
rspAp,0.125,7,7,CAGTTCCACGTAACTGGTCA,0,3312322
rspAp,0.125,7,7,CAGCGTTTAATAATTGATTG,0,3319052
rspAp,0.125,7,7,CAGCAGTAACGAGGCCGTTC,0,3309490
rspAp,0.125,7,7,CAGACGGCTTTCGGGCACCT,0,3329236
rspAp,0.125,7,7,CACGACACTGTCAAGTAAGT,0,3313693
rspAp,0.125,7,7,CAAGAACCGGGCCCCGCAAC,0,3322443
rspAp,0.125,7,7,ATTTGATCAGTCTAGCGTTA,0,3326958
rspAp,0.125,7,7,ATTTACGGGCTTCGACGTAA,0,3322432
rspAp,0.125,7,7,ATTCTTTGTGTTGAAGGCCA,0,3310505
rspAp,0.125,7,7,ATGGCCCTCAATCAGGCTAT,0,3332171
rspAp,0.125,7,7,ATGATCTCTATGTGTAATGT,0,3329816
rspAp,0.125,7,7,ATGATCGTGCGTAAACGGTT,0,3315341
rspAp,0.125,7,7,ATAGTTAAGGAGACGCTGTT,0,3316227
rspAp,0.125,7,7,ATACTCTGAACAGCGACGGA,0,3323456
rspAp,0.125,7,7,ATAAGCACGTAGAAGAGTAT,0,3329195
rspAp,0.125,7,7,AGTTTTTCGAACGAGACTGG,0,3327163
rspAp,0.125,7,7,AGTTTGATCAGTCGGAGCGC,0,3312968
rspAp,0.125,7,7,AGTTTAAAAATAGTCCGTCA,0,3322596
rspAp,0.125,7,7,AGTGTCGAAACAAACCCTGT,0,3311614
rspAp,0.125,7,7,AGTAGAATACCCTTGTCTCC,0,3310754
rspAp,0.125,7,7,AGGCCCGAGGTATCACTGGT,0,3313763
rspAp,0.125,7,7,AGGAATGGGGTCAGCTATTA,0,3328031
rspAp,0.125,7,7,AGGAACCTGACCTGGATTCA,0,3327062
rspAp,0.125,7,7,AGCTTATCGAGTCGTTGATT,0,3317199
rspAp,0.125,7,7,AGCTTAGGGGCGCCGTCTCC,0,3329857
rspAp,0.125,7,7,AGCTGAAGGAATAGTTGGAG,0,3309343
rspAp,0.125,7,7,AGCGCGCCGATTTAGCCTAT,0,3318187
rspAp,0.125,7,7,AGCCCGTTGTGTAGAAATTT,0,3323961
rspAp,0.125,7,7,AGCCACTACCGACCGGTTCC,0,3316556
rspAp,0.125,7,7,AGATTATCATTCTAGCATCT,0,3317453
rspAp,0.125,7,7,AGAGCGCAACAGTTGTACGA,0,3315502
rspAp,0.125,7,7,AGACCTACGTAGTTACGCGA,0,3323890
rspAp,0.125,7,7,AGACCAATTACAACACACAT,0,3332032
rspAp,0.125,7,7,AGAAGTCGCTTGGGGGAAGA,0,3329947
rspAp,0.125,7,7,ACTTATACGTCTGCACAAGT,0,3332318
rspAp,0.125,7,7,ACGGGCGACGTAATCAGGCA,0,3316627
rspAp,0.125,7,7,ACGAATGTTTCCAAGGGTCC,0,3331240
rspAp,0.125,7,7,ACCCTCCGGTAAGCTCATCG,0,3325423
rspAp,0.125,7,7,ACAGGTTAGGCCATGCACGT,0,3325653
rspAp,0.125,7,7,ACAGCCATTGACGGGAGAGT,0,3327481
rspAp,0.125,7,7,ACAGCACTCATAGCGCTTCT,0,3313000
rspAp,0.125,7,7,ACAATTGGCCACAGTAAGAC,0,3329528
rspAp,0.125,7,7,ACAAGGGGGCGAGCACTCGC,0,3310938
rspAp,0.125,7,7,AATTTTTTCCCGAAGGGTAG,0,3312243
rspAp,0.125,7,7,AATTCAGAATGATAGGATTC,0,3319771
rspAp,0.125,7,7,AATTAGTAAAACATTTTGGA,0,3309396
rspAp,0.125,7,7,AAGACCTTATTTTTAGCGCA,0,3331926
rspAp,0.125,7,7,AAGAATAACACTAAAAGTTT,0,3314821
rspAp,0.125,7,7,AACTCCACATGAATGACTTC,0,3333523
rspAp,0.125,7,7,AAAGGTCCGTATATATTCGA,0,3326149
rspAp,0.125,7,7,AAAGACATATCGGACACGAT,0,3327247
rspAp,0.125,7,7,AAAATGCTTCACCTAGCCTG,0,3316058
rspAp,0.125,7,7,AAAACGTTACAGGTAACCGC,0,3326666
rspAp,0.125,7,7,AAAAATCTGTTGGGAATCCA,0,3317466
rspAp,0.14285714285714285,6,6,TTTTGCCTAGCGGAGGCGCG,0,3329207
rspAp,0.14285714285714285,6,6,TTTTAACCGGAATACAGGGA,0,3324797
rspAp,0.14285714285714285,6,6,TTTCAGCTCTCGATCGAAAA,0,3323857
rspAp,0.14285714285714285,6,6,TTTACGTTATGATACCTGGC,0,3332327
rspAp,0.14285714285714285,6,6,TTTACCAACATGGGCACGGT,0,3326320
rspAp,0.14285714285714285,6,6,TTGGACGCGTGCGATTTTGT,0,3308861
rspAp,0.14285714285714285,6,6,TTGAGTATGGGGCAGGCGAT,0,3311868
rspAp,0.14285714285714285,6,6,TTGAGCCCAGATAGTGCGCA,0,3315045
rspAp,0.14285714285714285,6,6,TTCTAGCTTATCTTCGGAAT,0,3330603
rspAp,0.14285714285714285,6,6,TTCGGCCCTTGCAAATTGGT,0,3317463
rspAp,0.14285714285714285,6,6,TTCGCGTGGTGGATAGCACA,0,3329013
rspAp,0.14285714285714285,6,6,TTATAAGCAAAAAAAGGGTC,0,3320813
rspAp,0.14285714285714285,6,6,TTACTGATTGGATATGCCAA,0,3318041
rspAp,0.14285714285714285,6,6,TTACGGAAAATATGGGGCCT,0,3315167
rspAp,0.14285714285714285,6,6,TGTTTTTTTACTGTATCGAG,0,3316447
rspAp,0.14285714285714285,6,6,TGTGGTGCAAATTGGCGCTG,0,3330074
rspAp,0.14285714285714285,6,6,TGTGCATCGTATGCCAAGAG,0,3311269
rspAp,0.14285714285714285,6,6,TGTAGGCCTCGATATGTCCA,0,3329258
rspAp,0.14285714285714285,6,6,TGCGGGTTAGCAGGGAAGTC,0,3314212
rspAp,0.14285714285714285,6,6,TGCGCTCCTAGCTTTCCAAT,0,3323481
rspAp,0.14285714285714285,6,6,TGAGCGAGACTCGGCGTGAC,0,3328601
rspAp,0.14285714285714285,6,6,TGAATAGTATCAATTCTCTT,0,3310892
rspAp,0.14285714285714285,6,6,TCTTTCCATCGAGGCAAGTA,0,3311623
rspAp,0.14285714285714285,6,6,TCTGAGATGCGGGCCGAGAA,0,3324400
rspAp,0.14285714285714285,6,6,TCTCAATTTCGTGAGGAAAT,0,3309670
rspAp,0.14285714285714285,6,6,TCTATGTTGAATTGTGAACT,0,3328121
rspAp,0.14285714285714285,6,6,TCTATACGGAGTCTGTCACC,0,3321264
rspAp,0.14285714285714285,6,6,TCTAGTGGGCATTACTTGGT,0,3324111
rspAp,0.14285714285714285,6,6,TCGTTCAAATCGATCACCAC,0,3328244
rspAp,0.14285714285714285,6,6,TCGGGTGCAGTGCTCGCGCT,0,3321508
rspAp,0.14285714285714285,6,6,TCGGATATTATGCCCCTTGG,0,3323518
rspAp,0.14285714285714285,6,6,TCGCCAATCTATCAGGAAAC,0,3311340
rspAp,0.14285714285714285,6,6,TCCGCAAAATATATGAAAAT,0,3309127
rspAp,0.14285714285714285,6,6,TCCCGGTAATCACTTGTCTA,0,3331779
rspAp,0.14285714285714285,6,6,TCATTCCCTGCCTGTTCCGT,0,3326276
rspAp,0.14285714285714285,6,6,TCATGGCCTACTTTTTCTCT,0,3319936
rspAp,0.14285714285714285,6,6,TCATGAAATGCGAATGTGTT,0,3318017
rspAp,0.14285714285714285,6,6,TCAGTGCTGCCCTCAGCATT,0,3311389
rspAp,0.14285714285714285,6,6,TCAGTGATGCCCCGACCCTA,0,3319757
rspAp,0.14285714285714285,6,6,TCACGTATACCGCCGATTAA,0,3309579
rspAp,0.14285714285714285,6,6,TCAATATCGTTCTCCTCCCA,0,3319027
rspAp,0.14285714285714285,6,6,TATGCGTTGGTATTCTATTA,0,3320055
rspAp,0.14285714285714285,6,6,TATGCCCCTCGAGCAGCTCC,0,3311122
rspAp,0.14285714285714285,6,6,TATCGACAATAGTCAAGGGT,0,3309967
rspAp,0.14285714285714285,6,6,TATCCTTATAGGTAACTCCT,0,3314375
rspAp,0.14285714285714285,6,6,TATCACATGGTGACGCAATG,0,3329363
rspAp,0.14285714285714285,6,6,TAGGTACATTCGGTCGTAGA,0,3316854
rspAp,0.14285714285714285,6,6,TAGGGCTACTGGTACCCGTA,0,3315647
rspAp,0.14285714285714285,6,6,TAGACTGGGCAAAAGTGTAC,0,3320837
rspAp,0.14285714285714285,6,6,TACTACCACAGGGTAAGACG,0,3321339
rspAp,0.14285714285714285,6,6,TACGTCAATGCATAGGTGTA,0,3322920
rspAp,0.14285714285714285,6,6,TAATTAGGATTGACATCCCC,0,3311309
rspAp,0.14285714285714285,6,6,TAATATAAATTGCGTCGAAA,0,3320639
rspAp,0.14285714285714285,6,6,TAAGTAGATGGGCATAATGT,0,3317626
rspAp,0.14285714285714285,6,6,TAAATATTGCGATTGAGCAT,0,3329999
rspAp,0.14285714285714285,6,6,GTTGTGCCTGACAGTAAGGG,0,3314001
rspAp,0.14285714285714285,6,6,GTTGATTGACAGAGGACGTT,0,3319020
rspAp,0.14285714285714285,6,6,GTTCTGTTATATGTCTAGCT,0,3311250
rspAp,0.14285714285714285,6,6,GTGTCCCCCTCAGGGGTCAA,0,3322639
rspAp,0.14285714285714285,6,6,GTGCGCAAGCTTTACCTTAT,0,3309174
rspAp,0.14285714285714285,6,6,GTCGAATTTATACGGTCAAT,0,3322437
rspAp,0.14285714285714285,6,6,GTCACACGTTTAATCTTCCA,0,3332715
rspAp,0.14285714285714285,6,6,GTCAAGATGTACGTATTCGT,0,3310793
rspAp,0.14285714285714285,6,6,GTAGGAAAGCAGCGTAGCAA,0,3311610
rspAp,0.14285714285714285,6,6,GTAGCGTAGATGTCACTCGG,0,3318221
rspAp,0.14285714285714285,6,6,GTAGCACTATTTACATGGTG,0,3324744
rspAp,0.14285714285714285,6,6,GTAGATGGGACAGTACCAAG,0,3322718
rspAp,0.14285714285714285,6,6,GTAAACCAGTCTCTACACCC,0,3325356
rspAp,0.14285714285714285,6,6,GGTTTTTTCATGCCTCCGAG,0,3312713
rspAp,0.14285714285714285,6,6,GGTTGCAGCGCTGCCCCCCG,0,3324605
rspAp,0.14285714285714285,6,6,GGTTAGGGACTCGTGAATTT,0,3323874
rspAp,0.14285714285714285,6,6,GGTCAGAGAGGGTACGGGTG,0,3320743
rspAp,0.14285714285714285,6,6,GGTCACCTTGCTGGACCCAG,0,3318742
rspAp,0.14285714285714285,6,6,GGTAGAGAGGCAACTGCAGC,0,3312465
rspAp,0.14285714285714285,6,6,GGGCCATATTGGGAATATTA,0,3325789
rspAp,0.14285714285714285,6,6,GGCATGCGGGTACTCCATTG,0,3312645
rspAp,0.14285714285714285,6,6,GCTGATCTCCAGGTCAACTA,0,3316481
rspAp,0.14285714285714285,6,6,GCGGGCGAGTCAATGGTACA,0,3322852
rspAp,0.14285714285714285,6,6,GCGATCGTAAATAGTTTCGA,0,3314651
rspAp,0.14285714285714285,6,6,GCGAATAGGTTAGACTTTTT,0,3326696
rspAp,0.14285714285714285,6,6,GCCTAGCCTTGATCCGTATA,0,3312183
rspAp,0.14285714285714285,6,6,GCCGTGTAATTGGCTTAACA,0,3311022
rspAp,0.14285714285714285,6,6,GCCAGCGGGGGCACCACCAT,0,3330395
rspAp,0.14285714285714285,6,6,GCATTAGGAGAGTTAGAAAT,0,3325948
rspAp,0.14285714285714285,6,6,GCATCCGCCCAACGTGATTC,0,3317968
rspAp,0.14285714285714285,6,6,GCATCATTATGAATCCTATA,0,3323735
rspAp,0.14285714285714285,6,6,GCACTCGCGTGTATCGTCCT,0,3320895
rspAp,0.14285714285714285,6,6,GATTGATGGCCTAAGTCTGT,0,3326583
rspAp,0.14285714285714285,6,6,GATTGAACACCTGCCGAGGT,0,3324234
rspAp,0.14285714285714285,6,6,GATGATTAAACGTGGGCTAT,0,3328580
rspAp,0.14285714285714285,6,6,GATACATGGCCGAGCCCACG,0,3316414
rspAp,0.14285714285714285,6,6,GAGGGACATGAGGAGGTCGG,0,3331557
rspAp,0.14285714285714285,6,6,GAGGATCCCTAGAATGCGAC,0,3322523
rspAp,0.14285714285714285,6,6,GACCCGTCCGCCCGCATTTT,0,3326652
rspAp,0.14285714285714285,6,6,GACACCAAGCGGTGGCGGCC,0,3325584
rspAp,0.14285714285714285,6,6,GACAATGCTACTGCCAGTGT,0,3311708
rspAp,0.14285714285714285,6,6,GAATGAGGATACTAGAATAA,0,3331304
rspAp,0.14285714285714285,6,6,GAAGTGTAAGACGCATACTA,0,3320741
rspAp,0.14285714285714285,6,6,GAACAGCTTGCATCGTGTGA,0,3324033
rspAp,0.14285714285714285,6,6,GAAAGACAAGACGCATAATG,0,3312337
rspAp,0.14285714285714285,6,6,GAAACTCACCCTGGGAGCCC,0,3321233
rspAp,0.14285714285714285,6,6,CTTCAGGTAGCTGGCTGCAT,0,3327114
rspAp,0.14285714285714285,6,6,CTGGTAATCGTGCGTTGCGG,0,3329149
rspAp,0.14285714285714285,6,6,CTGAGTTGAAGCCGTAAGCT,0,3327837
rspAp,0.14285714285714285,6,6,CTCGGTGACCAGCAAATTTC,0,3330722
rspAp,0.14285714285714285,6,6,CTCGCGTAACGGTGTCTCGA,0,3315754
rspAp,0.14285714285714285,6,6,CTCCGCCTTCCCGGTAAACG,0,3332315
rspAp,0.14285714285714285,6,6,CTCATCTTACGTTCATGAGC,0,3312139
rspAp,0.14285714285714285,6,6,CTATTGCAACAAGAGTTTAG,0,3325430
rspAp,0.14285714285714285,6,6,CTAGCGCCGGGCATTGCGAT,0,3315492
rspAp,0.14285714285714285,6,6,CGTATAGAGGGCTCCATCAA,0,3315431
rspAp,0.14285714285714285,6,6,CGGTCTGTTGAACCTACATC,0,3330435
rspAp,0.14285714285714285,6,6,CGGAGCTTGTGTTTGTATAT,0,3330550
rspAp,0.14285714285714285,6,6,CGCTGAACTCACCGGTCCCA,0,3313269
rspAp,0.14285714285714285,6,6,CGCAGGAACGCGAATGCGCC,0,3312238
rspAp,0.14285714285714285,6,6,CGCAAATCGGGCGACAGTAC,0,3316049
rspAp,0.14285714285714285,6,6,CGATTGATCGCATCAAGATA,0,3318807
rspAp,0.14285714285714285,6,6,CGATCCTAGGAGCTCTTCAC,0,3332223
rspAp,0.14285714285714285,6,6,CGACGGGCCACGGCCGACAT,0,3319903
rspAp,0.14285714285714285,6,6,CGACCTCACACACTTCCTTG,0,3309033
rspAp,0.14285714285714285,6,6,CGAAGTGACAGTCGCTGGGA,0,3326478
rspAp,0.14285714285714285,6,6,CGAAGGTTACTAGCTAGAGG,0,3326392
rspAp,0.14285714285714285,6,6,CGAAAAATGGCTATAGGCAG,0,3319400
rspAp,0.14285714285714285,6,6,CCTTCCCGCCTTGTAAATCC,0,3329801
rspAp,0.14285714285714285,6,6,CCTGGATATGAGGGGAAGTC,0,3318916
rspAp,0.14285714285714285,6,6,CCTGACCCGGGGGGCCATCT,0,3323303
rspAp,0.14285714285714285,6,6,CCTATCGTCTTTGAACTGTA,0,3314174
rspAp,0.14285714285714285,6,6,CCTACGTCGTATCGATTTCA,0,3328872
rspAp,0.14285714285714285,6,6,CCGTGCGGCAGCGCATCCCG,0,3323336
rspAp,0.14285714285714285,6,6,CCGTACAGTGAAGCATAAGC,0,3317214
rspAp,0.14285714285714285,6,6,CCGGGCTGCATATAGACTGT,0,3308929
rspAp,0.14285714285714285,6,6,CCGGCCCCTAGCAACTAGAC,0,3318228
rspAp,0.14285714285714285,6,6,CCGCTGCAGACACTGATATT,0,3325621
rspAp,0.14285714285714285,6,6,CCGACCTAATTTCGGTTATC,0,3314199
rspAp,0.14285714285714285,6,6,CCCCGACATGGCGTGCAGTC,0,3309431
rspAp,0.14285714285714285,6,6,CCCCCCGGAGCCCGATTTGA,0,3322645
rspAp,0.14285714285714285,6,6,CCCCCCCCGTTTTCGTCGTC,0,3330801
rspAp,0.14285714285714285,6,6,CCCAGTGAGGGTACTCAAGC,0,3320214
rspAp,0.14285714285714285,6,6,CCATGGAGCTGCCGTGAGGG,0,3321115
rspAp,0.14285714285714285,6,6,CCATATCTGGATGGAGCGGG,0,3332353
rspAp,0.14285714285714285,6,6,CCAGGCGAGGGTTCGGTCCT,0,3310875
rspAp,0.14285714285714285,6,6,CCAATGCGACCGGCCCGTCC,0,3312822
rspAp,0.14285714285714285,6,6,CCAATCAGGTCCGCTGGTGA,0,3310794
rspAp,0.14285714285714285,6,6,CATTCCGCCTGTTGGACCAT,0,3312897
rspAp,0.14285714285714285,6,6,CATGCTCAGTAGCAGTCTCA,0,3329118
rspAp,0.14285714285714285,6,6,CATGATGGCGTCTAGGGAGG,0,3327858
rspAp,0.14285714285714285,6,6,CATATGCAGTCTATGCGGAG,0,3331236
rspAp,0.14285714285714285,6,6,CAGGTTTACTGCGGACGTCG,0,3327564
rspAp,0.14285714285714285,6,6,CAGGCGCTGCAGTCCTTACA,0,3324754
rspAp,0.14285714285714285,6,6,CAGCCTCCTCTACATCTGGA,0,3310924
rspAp,0.14285714285714285,6,6,CAGAACTAGCCCGACAGTAT,0,3324253
rspAp,0.14285714285714285,6,6,CAAGGTTACTGTGTTACGTA,0,3333392
rspAp,0.14285714285714285,6,6,CAACTTTTCGTGTCCGAAGT,0,3331106
rspAp,0.14285714285714285,6,6,CAACGGGTGGCTTAGTGACG,0,3318433
rspAp,0.14285714285714285,6,6,CAAACACATGAAGGCACCGG,0,3323039
rspAp,0.14285714285714285,6,6,ATTTTTGTAGATCGCTCCTT,0,3322770
rspAp,0.14285714285714285,6,6,ATTTTGTCTCTAACGAGGGT,0,3318617
rspAp,0.14285714285714285,6,6,ATTTTCGTGCAGCGGTAGGA,0,3323186
rspAp,0.14285714285714285,6,6,ATTTAGGTGGATACGGCTCT,0,3320457
rspAp,0.14285714285714285,6,6,ATTATCAGTATATAGATCAT,0,3324600
rspAp,0.14285714285714285,6,6,ATGTTAGTTGCGTCAATCAT,0,3320730
rspAp,0.14285714285714285,6,6,ATGTCGCATAGGCGCCGGAG,0,3333448
rspAp,0.14285714285714285,6,6,ATGGCTACGGGCGCGGCCTC,0,3333123
rspAp,0.14285714285714285,6,6,ATGGCACACGTGACGCCGAG,0,3324521
rspAp,0.14285714285714285,6,6,ATGATGCGAACTGTGGAGGT,0,3315752
rspAp,0.14285714285714285,6,6,ATGAGTATGAGTAGTATTTG,0,3312253
rspAp,0.14285714285714285,6,6,ATCGTAGACTCATAGGATGT,0,3309765
rspAp,0.14285714285714285,6,6,ATCGTAATGTACGACGCGTT,0,3311202
rspAp,0.14285714285714285,6,6,ATCGGCCCTTTACCATCTAC,0,3324226
rspAp,0.14285714285714285,6,6,ATCGGCCCGTGTTGCACAGA,0,3321743
rspAp,0.14285714285714285,6,6,ATCATGCGCCGCATATGCAG,0,3323078
rspAp,0.14285714285714285,6,6,ATCATGATGACGAGAAAAAA,0,3316671
rspAp,0.14285714285714285,6,6,ATATGCGCACAGAATCTTAA,0,3322999
rspAp,0.14285714285714285,6,6,ATATCCGCTACAGGAGCCGT,0,3325655
rspAp,0.14285714285714285,6,6,ATAGTTGTGAAAATCGCACA,0,3318021
rspAp,0.14285714285714285,6,6,ATAGTCCTGAAAAAAACAAA,0,3331238
rspAp,0.14285714285714285,6,6,ATAGACCGCTGATAGGTGGT,0,3326240
rspAp,0.14285714285714285,6,6,ATAACGTGACCACGGCACTT,0,3326037
rspAp,0.14285714285714285,6,6,ATAAATCATCAGCCTTGACG,0,3326323
rspAp,0.14285714285714285,6,6,ATAAACATACTGACGATAAC,0,3332492
rspAp,0.14285714285714285,6,6,AGTTGTGAGCCACCGAGGCA,0,3329365
rspAp,0.14285714285714285,6,6,AGTTAAATTGGTCGTTTACG,0,3313934
rspAp,0.14285714285714285,6,6,AGTGGGATATTCAGTTAACT,0,3312133
rspAp,0.14285714285714285,6,6,AGGTGCAGAACAGAAAGACA,0,3311319
rspAp,0.14285714285714285,6,6,AGGCGTTGAGGTGTCCAGTA,0,3311414
rspAp,0.14285714285714285,6,6,AGGCCTATTCGTTCGCTAGC,0,3327704
rspAp,0.14285714285714285,6,6,AGGCAGTTTTTTGGAAAATC,0,3319097
rspAp,0.14285714285714285,6,6,AGGATAATCCACACCGCCGT,0,3325233
rspAp,0.14285714285714285,6,6,AGGAAACGCCATTGAGCTTA,0,3324122
rspAp,0.14285714285714285,6,6,AGCGGCAATTGCTCTTATAA,0,3319769
rspAp,0.14285714285714285,6,6,AGCCACCTTCACGACAGAGC,0,3316336
rspAp,0.14285714285714285,6,6,AGCAGGCGGCTGGAAACATT,0,3326868
rspAp,0.14285714285714285,6,6,AGATTTGAGTGTGGCCGAGG,0,3329844
rspAp,0.14285714285714285,6,6,AGAAAACCAATGGTGGCGCA,0,3328474
rspAp,0.14285714285714285,6,6,ACTGATTCCACAAGTGAAGT,0,3312025
rspAp,0.14285714285714285,6,6,ACTCTGACGTGACTACGGAT,0,3315660
rspAp,0.14285714285714285,6,6,ACTCGCTAACATTCGACAAT,0,3312154
rspAp,0.14285714285714285,6,6,ACTCCAGACGTCTCCACGTG,0,3323381
rspAp,0.14285714285714285,6,6,ACTATGTATCAGAAACAGGG,0,3310348
rspAp,0.14285714285714285,6,6,ACGTGAGGAGTGGTATTCGT,0,3328424
rspAp,0.14285714285714285,6,6,ACATTGCGGTTCAAACGTAT,0,3312786
rspAp,0.14285714285714285,6,6,ACAGGTTAAAGTACGTCTCC,0,3321145
rspAp,0.14285714285714285,6,6,ACAGAGATTACATTGGAGCC,0,3314203
rspAp,0.14285714285714285,6,6,ACAATGTATGTATGGGGGGT,0,3313417
rspAp,0.14285714285714285,6,6,AATTAGGATCGAGCGAACAA,0,3324773
rspAp,0.14285714285714285,6,6,AATGGTGTGGGAGATCAATC,0,3311105
rspAp,0.14285714285714285,6,6,AATGCCGATGAGGGTCAAGT,0,3332425
rspAp,0.14285714285714285,6,6,AATCGACCCGGGGGGAGCGC,0,3316239
rspAp,0.14285714285714285,6,6,AAGTGCGAACAGATACGCCG,0,3316023
rspAp,0.14285714285714285,6,6,AAGCTGTCGATGTGCCCCAC,0,3312952
rspAp,0.14285714285714285,6,6,AAGCACCGAAAGTGGTAGCC,0,3328376
rspAp,0.14285714285714285,6,6,AAGACTATCGGCTCTTAGGA,0,3315627
rspAp,0.14285714285714285,6,6,AAGAAAGCAGCGCTGTGCCG,0,3323943
rspAp,0.14285714285714285,6,6,AACTCAAATTTTCCAAAATG,0,3309687
rspAp,0.14285714285714285,6,6,AACAATGTTGAGGCGGGGAC,0,3319246
rspAp,0.14285714285714285,6,6,AAAGCTACACCGCGTGAACA,0,3309352
rspAp,0.16666666666666666,5,5,TTTTCGCTTATACGGATATA,0,3324255
rspAp,0.16666666666666666,5,5,TTTGGCGTCTTATTTGACGG,0,3322772
rspAp,0.16666666666666666,5,5,TTTGGAGGGTGTTCAGACTT,0,3322557
rspAp,0.16666666666666666,5,5,TTTGCTCTCATGTTTTCCAA,0,3332105
rspAp,0.16666666666666666,5,5,TTTCAGTGGTCCGTCCGACA,0,3329218
rspAp,0.16666666666666666,5,5,TTTATCTAGAGATCTCAGGG,0,3309795
rspAp,0.16666666666666666,5,5,TTTATCCAACTTGACTCGCA,0,3320891
rspAp,0.16666666666666666,5,5,TTTACTCCGCATGTAACGCA,0,3319310
rspAp,0.16666666666666666,5,5,TTGTGCGTAGTCCACCGAGA,0,3331755
rspAp,0.16666666666666666,5,5,TTGCCCCCACATCTTAGGAA,0,3322993
rspAp,0.16666666666666666,5,5,TTGCAGCCGTTATTATCGAA,0,3317725
rspAp,0.16666666666666666,5,5,TTGCAGAATTAGATGCGTAG,0,3317339
rspAp,0.16666666666666666,5,5,TTCCGTCCCATCTCCAAGAA,0,3310064
rspAp,0.16666666666666666,5,5,TTATGGATCTGGAAAGCCAT,0,3313593
rspAp,0.16666666666666666,5,5,TTACTGGAGAGCTAATAGAA,0,3326132
rspAp,0.16666666666666666,5,5,TTAAGCGCGCCAGAAGTATG,0,3329644
rspAp,0.16666666666666666,5,5,TTAACCAGGGCAATCTATGG,0,3330460
rspAp,0.16666666666666666,5,5,TGTCCTGTGATGAATCCCGT,0,3314195
rspAp,0.16666666666666666,5,5,TGTCCCGTCCAGAGGCTTTC,0,3312872
rspAp,0.16666666666666666,5,5,TGTAGGTTTAGTCCCTTTAA,0,3332276
rspAp,0.16666666666666666,5,5,TGGAAGCTCCTTTAGGCCTG,0,3329646
rspAp,0.16666666666666666,5,5,TGCGGGAGGTTGTGGCATTG,0,3314190
rspAp,0.16666666666666666,5,5,TGCGGCTCTGCGGGTCCTCT,0,3328294
rspAp,0.16666666666666666,5,5,TGCCTGTACTTCACTCTCAT,0,3316490
rspAp,0.16666666666666666,5,5,TGCCTCAAACCAGTCCTAAC,0,3321294
rspAp,0.16666666666666666,5,5,TGAGACGTCCCATATATAGC,0,3328995
rspAp,0.16666666666666666,5,5,TCTTCACCGTATAAATTCAC,0,3331664
rspAp,0.16666666666666666,5,5,TCTTAATCAACTAAATCCTA,0,3312164
rspAp,0.16666666666666666,5,5,TCTGGACCGGTGCTTAACAT,0,3319684
rspAp,0.16666666666666666,5,5,TCTGCTTTACGATGAATATT,0,3322929
rspAp,0.16666666666666666,5,5,TCGTGTGCGTGATTTTTGGT,0,3329020
rspAp,0.16666666666666666,5,5,TCGTCTAGAGCGGACTTAAC,0,3333280
rspAp,0.16666666666666666,5,5,TCGAATTAAGCAATAGGATC,0,3313743
rspAp,0.16666666666666666,5,5,TCGAACTGTTGTCGTACTTT,0,3314255
rspAp,0.16666666666666666,5,5,TCCTTTCTGATAATAGAGGC,0,3322824
rspAp,0.16666666666666666,5,5,TCATCTTCCCCCGTTATTTT,0,3318147
rspAp,0.16666666666666666,5,5,TCAGATTGCCTTCAAAACGA,0,3321047
rspAp,0.16666666666666666,5,5,TCACCGCCGTGCTGCATGAA,0,3311953
rspAp,0.16666666666666666,5,5,TCAAAGAAGCTGGCTGCCTA,0,3320315
rspAp,0.16666666666666666,5,5,TCAAAACTTGGGTCTTGTCC,0,3326545
rspAp,0.16666666666666666,5,5,TATGTCAATTGTTAAGGTAG,0,3314518
rspAp,0.16666666666666666,5,5,TATGGCACGTACGTAACTTT,0,3311479
rspAp,0.16666666666666666,5,5,TATGCCCGCCTTGCGTATGC,0,3325953
rspAp,0.16666666666666666,5,5,TATCTTACACAAGGACGAAG,0,3322500
rspAp,0.16666666666666666,5,5,TATAGCGCCGAGGTAACTTA,0,3314007
rspAp,0.16666666666666666,5,5,TATAACCAAAGCGTCGGTCT,0,3317838
rspAp,0.16666666666666666,5,5,TAGTATATAGGACTTACCTA,0,3318910
rspAp,0.16666666666666666,5,5,TAGGTTAAACGCCTCATCCA,0,3323689
rspAp,0.16666666666666666,5,5,TAGCTAATCTTAACCAGGAG,0,3328476
rspAp,0.16666666666666666,5,5,TAGCCCCTCCTCCGAATACC,0,3325752
rspAp,0.16666666666666666,5,5,TACGGCGCTAATACTCCAAA,0,3311665
rspAp,0.16666666666666666,5,5,TACGCTTACGAAAGGCGGCT,0,3331432
rspAp,0.16666666666666666,5,5,TACGCTCAAGTACTGGGCGT,0,3327517
rspAp,0.16666666666666666,5,5,TACGCGCGCTGTGGGGCCAT,0,3323455
rspAp,0.16666666666666666,5,5,TACACTAAGCCAAAGGTGCG,0,3310546
rspAp,0.16666666666666666,5,5,TAAAATGGTTGACCGTAAAA,0,3325784
rspAp,0.16666666666666666,5,5,GTTTCCCTACAAATTCCGTG,0,3328715
rspAp,0.16666666666666666,5,5,GTTTCAATGACAACCATCTT,0,3312045
rspAp,0.16666666666666666,5,5,GTTGTCTGTAGCGCGTTATA,0,3323569
rspAp,0.16666666666666666,5,5,GTTGCTAACCCATTGGAGTA,0,3325582
rspAp,0.16666666666666666,5,5,GTTGCGTAGTTTTTTAGCGG,0,3333562
rspAp,0.16666666666666666,5,5,GTTAGGAGCGGAATCCCATC,0,3325642
rspAp,0.16666666666666666,5,5,GTTAGCAACAGACCCAGACT,0,3313780
rspAp,0.16666666666666666,5,5,GTGTCAAGGCTATCAGTAAC,0,3319144
rspAp,0.16666666666666666,5,5,GTGTACCGAACGGAAAAAGA,0,3333224
rspAp,0.16666666666666666,5,5,GTGCTCTCTCACGTACAGCG,0,3309705
rspAp,0.16666666666666666,5,5,GTGCCACACTTGGTGCGGTA,0,3319398
rspAp,0.16666666666666666,5,5,GTCTTCTCGCTTTGATCTTG,0,3311421
rspAp,0.16666666666666666,5,5,GTCTAAGATCGGGCAGGCAA,0,3317291
rspAp,0.16666666666666666,5,5,GTCTAACCTCTTACTTGGAG,0,3312148
rspAp,0.16666666666666666,5,5,GTCGATGGAATGAGCTGGGT,0,3324678
rspAp,0.16666666666666666,5,5,GTATGGACAGACAGGTATAG,0,3312850
rspAp,0.16666666666666666,5,5,GTATGCCACGAAGAGTAGTA,0,3312762
rspAp,0.16666666666666666,5,5,GTAGTGCTCTTACGGTTTCT,0,3330744
rspAp,0.16666666666666666,5,5,GTAAAATGGTATTAATAAAA,0,3318601
rspAp,0.16666666666666666,5,5,GGTTTATGTAGGATATAGGT,0,3322417
rspAp,0.16666666666666666,5,5,GGTCGCTTGCGGAAGAACTC,0,3323446
rspAp,0.16666666666666666,5,5,GGGTTCGTTGGGAGCATGGA,0,3312926
rspAp,0.16666666666666666,5,5,GGGTTACTTGTACATCGTGA,0,3309872
rspAp,0.16666666666666666,5,5,GGGTGATGCTCCACCCCCTT,0,3323109
rspAp,0.16666666666666666,5,5,GGGTAAAATTTATTGACTTA,0,3325173
rspAp,0.16666666666666666,5,5,GGGCTACGTGGCCAGACAAT,0,3318999
rspAp,0.16666666666666666,5,5,GGGAAATGTAGTTACCTCAA,0,3320238
rspAp,0.16666666666666666,5,5,GGCTCTTATCGTCACAGATG,0,3321611
rspAp,0.16666666666666666,5,5,GGCGGATTATCTGTAAGAAA,0,3315559
rspAp,0.16666666666666666,5,5,GGCATCTAATTAAAGTGGCG,0,3331387
rspAp,0.16666666666666666,5,5,GGCAAGGTGGGAGTTGTAAT,0,3329993
rspAp,0.16666666666666666,5,5,GGATTTCCCCTTTAAACGCG,0,3309767
rspAp,0.16666666666666666,5,5,GGATTATGAGTTTGGATTAG,0,3330629
rspAp,0.16666666666666666,5,5,GGAGTGGCCTGTGATCCTTC,0,3311951
rspAp,0.16666666666666666,5,5,GGACTCTGCCTAGCGGACCA,0,3321255
rspAp,0.16666666666666666,5,5,GGACCCTGGTCGCCACTTAC,0,3330625
rspAp,0.16666666666666666,5,5,GGAATAGTGGCTTGTTTGGT,0,3324325
rspAp,0.16666666666666666,5,5,GGAAACCTACAAAACTGAGG,0,3318129
rspAp,0.16666666666666666,5,5,GGAAACCAAAGTATACTCAG,0,3331976
rspAp,0.16666666666666666,5,5,GCTGTTCATCTGTTAATAGC,0,3329087
rspAp,0.16666666666666666,5,5,GCTCTCCACATAATCTGTTT,0,3315650
rspAp,0.16666666666666666,5,5,GCTAAACGTACACATTAGAT,0,3312171
rspAp,0.16666666666666666,5,5,GCGTGGTACATCAGAATTAC,0,3329865
rspAp,0.16666666666666666,5,5,GCGTACGGAGCCGCAGTCAA,0,3313832
rspAp,0.16666666666666666,5,5,GCGGGTTTGTGAAAAGGCTC,0,3319722
rspAp,0.16666666666666666,5,5,GCGGGGTGCATGAATTGCTT,0,3320646
rspAp,0.16666666666666666,5,5,GCGGGGTCCTCCTTACAGGA,0,3333411
rspAp,0.16666666666666666,5,5,GCCGCTATTGTGATTTAATG,0,3315567
rspAp,0.16666666666666666,5,5,GCCGAATACACGTCAGACTT,0,3330950
rspAp,0.16666666666666666,5,5,GCCCTGTATCTTCGGCATAG,0,3322427
rspAp,0.16666666666666666,5,5,GCCCGCATGAATGCAGTTAG,0,3325415
rspAp,0.16666666666666666,5,5,GCCACGATAGGTCACGCAGG,0,3332723
rspAp,0.16666666666666666,5,5,GCAGGGTCTACAAGTTTTTC,0,3324016
rspAp,0.16666666666666666,5,5,GCAATGCCCCACTCTCAAAG,0,3316463
rspAp,0.16666666666666666,5,5,GCAAAGGCCCAAGTTTGAAG,0,3324998
rspAp,0.16666666666666666,5,5,GATGGCACTGTTTAGCTTCA,0,3312961
rspAp,0.16666666666666666,5,5,GAGTGACATACGTGGGCACG,0,3324793
rspAp,0.16666666666666666,5,5,GAGGAAGACCTTTCGGAAAC,0,3328528
rspAp,0.16666666666666666,5,5,GAGCGTATACGCTGAGCAAA,0,3320136
rspAp,0.16666666666666666,5,5,GACAGCCGCAAGAATCTTCA,0,3328775
rspAp,0.16666666666666666,5,5,GAAGTCTTATAATGGCCCCA,0,3323164
rspAp,0.16666666666666666,5,5,CTTTTTGATATTGCAAATCA,0,3322127
rspAp,0.16666666666666666,5,5,CTTTCGACGGGCAAGCTCGT,0,3330704
rspAp,0.16666666666666666,5,5,CTTGAGTCGTGGTCGTCGCT,0,3309986
rspAp,0.16666666666666666,5,5,CTGGGGGTAATCTAAGGAGA,0,3317749
rspAp,0.16666666666666666,5,5,CTGGATGGTTTACCCTAGTT,0,3322971
rspAp,0.16666666666666666,5,5,CTGCCAGCAACGGTTACACT,0,3316793
rspAp,0.16666666666666666,5,5,CTGCCACCAGGGAGTGTGGA,0,3309655
rspAp,0.16666666666666666,5,5,CTGAGGGGGGAACTCGTCCC,0,3326185
rspAp,0.16666666666666666,5,5,CTGACGCCTGAGAATCTGAA,0,3314223
rspAp,0.16666666666666666,5,5,CTCGCTCAAAAAACTTGTGC,0,3327533
rspAp,0.16666666666666666,5,5,CTCGACCCGATCTCCATCGC,0,3309558
rspAp,0.16666666666666666,5,5,CTCCCGCAAGGACCGTTCTA,0,3328179
rspAp,0.16666666666666666,5,5,CTCCCATGGATTTGACAGTG,0,3314693
rspAp,0.16666666666666666,5,5,CTATCAGTTGCGGGTATAGT,0,3321305
rspAp,0.16666666666666666,5,5,CTAGGGAGTACGGATGGAGT,0,3329722
rspAp,0.16666666666666666,5,5,CTAGCTGCGGTGCATGGTCT,0,3317098
rspAp,0.16666666666666666,5,5,CTACTCTCCATCCGGCCTGA,0,3314031
rspAp,0.16666666666666666,5,5,CTACCTCCATCGTAGAGTTA,0,3319007
rspAp,0.16666666666666666,5,5,CTAACTGTCTAATAGCGTGT,0,3321252
rspAp,0.16666666666666666,5,5,CTAAACCGACGTCTCCGCGT,0,3315873
rspAp,0.16666666666666666,5,5,CTAAAAGCGCCTACCAGCGG,0,3316465
rspAp,0.16666666666666666,5,5,CGTATGAATATGGTGTAAGA,0,3311246
rspAp,0.16666666666666666,5,5,CGGTTGTACTGTCTCATAAC,0,3330311
rspAp,0.16666666666666666,5,5,CGGTTGGAGGTACCTCTCCG,0,3329867
rspAp,0.16666666666666666,5,5,CGGTTGATTGCGTATCTCAA,0,3314387
rspAp,0.16666666666666666,5,5,CGGTGGACGCCGCGGGCCGC,0,3325287
rspAp,0.16666666666666666,5,5,CGGAAGGGGGCAATCGCTAA,0,3332434
rspAp,0.16666666666666666,5,5,CGCCCCTCTCACCTGCGTGA,0,3329547
rspAp,0.16666666666666666,5,5,CGCCATAATAGGCAATATAA,0,3327152
rspAp,0.16666666666666666,5,5,CGAGGTCATAGGTTAGGATT,0,3310091
rspAp,0.16666666666666666,5,5,CGAGCCGATGGGAGGGGGAA,0,3321575
rspAp,0.16666666666666666,5,5,CGAGAGGTGAGACCAGTCTT,0,3329334
rspAp,0.16666666666666666,5,5,CGACTATAGTGGCACCAGAC,0,3313126
rspAp,0.16666666666666666,5,5,CGACATACAATTCGGAGTCG,0,3319815
rspAp,0.16666666666666666,5,5,CGAAGAAAGGGATTGTCAAT,0,3311507
rspAp,0.16666666666666666,5,5,CGAACTGCGGAATCAATCAA,0,3313964
rspAp,0.16666666666666666,5,5,CCTCTGCACGACGGTTTTGC,0,3331341
rspAp,0.16666666666666666,5,5,CCTCAGCGTCGGCCATGGGT,0,3316091
rspAp,0.16666666666666666,5,5,CCTAGAGTGACAATTGAGAG,0,3315335
rspAp,0.16666666666666666,5,5,CCGTCAGGCCGTCAGCCTGG,0,3316547
rspAp,0.16666666666666666,5,5,CCGGACACCGGGCAGTTCGG,0,3326505
rspAp,0.16666666666666666,5,5,CCGCTAGACACCTTCATGAT,0,3321686
rspAp,0.16666666666666666,5,5,CCGCACCAAAGATTGATTCA,0,3318178
rspAp,0.16666666666666666,5,5,CCCGATTTCCGCATGAACCA,0,3326239
rspAp,0.16666666666666666,5,5,CCATGTATTTACCGATTATA,0,3324964
rspAp,0.16666666666666666,5,5,CCATGCCCAAAGATGACTCC,0,3314823
rspAp,0.16666666666666666,5,5,CCACCTGTCTTTAGGCAACA,0,3309208
rspAp,0.16666666666666666,5,5,CATTGAATAAGATCCGTGTC,0,3324256
rspAp,0.16666666666666666,5,5,CATTCGTTGACGTCCATCGC,0,3319732
rspAp,0.16666666666666666,5,5,CATGCGGGATTGCTGATCGT,0,3330937
rspAp,0.16666666666666666,5,5,CATCTTCCTTTTGAAAACCA,0,3320529
rspAp,0.16666666666666666,5,5,CATATAGGTAAAGACTACTC,0,3314908
rspAp,0.16666666666666666,5,5,CATAGCTAGAAAATTTCTCG,0,3330015
rspAp,0.16666666666666666,5,5,CATAAAGGCTATTCTCCGAC,0,3310095
rspAp,0.16666666666666666,5,5,CAGTCCACCGTCATATAACC,0,3320144
rspAp,0.16666666666666666,5,5,CAGGTCGGAATTCTCTGATT,0,3323829
rspAp,0.16666666666666666,5,5,CAGCTACGCTGCCCTATAGG,0,3325079
rspAp,0.16666666666666666,5,5,CAGCCGGCCGGTAACAACAG,0,3323591
rspAp,0.16666666666666666,5,5,CAGCAGTCCGCGACCGACTG,0,3324665
rspAp,0.16666666666666666,5,5,CACTCTCGCTGCTGGCACAT,0,3324916
rspAp,0.16666666666666666,5,5,CACTCCGGCTAAGCCGGGTC,0,3320074
rspAp,0.16666666666666666,5,5,CACTAAATCTCGAAGAGGCA,0,3321113
rspAp,0.16666666666666666,5,5,CACGGAGGTAGGTCCAGTGA,0,3332836
rspAp,0.16666666666666666,5,5,CACATTTTCGGCGTCCTTAC,0,3328043
rspAp,0.16666666666666666,5,5,CACAACCATCAACGAATACC,0,3324329
rspAp,0.16666666666666666,5,5,CAATCTCTCCATCGAGGTGT,0,3326300
rspAp,0.16666666666666666,5,5,CAATCTACATGGGAGCAGCT,0,3322911
rspAp,0.16666666666666666,5,5,CAAATTGTTTGCGGAACCAC,0,3330217
rspAp,0.16666666666666666,5,5,CAAACCGTCTAAATCTATTC,0,3331347
rspAp,0.16666666666666666,5,5,ATTTGATTGAATATATGCTT,0,3310449
rspAp,0.16666666666666666,5,5,ATTATCTACCGGCGATTCCA,0,3330186
rspAp,0.16666666666666666,5,5,ATTAGCATACCTAGCGGCTT,0,3328367
rspAp,0.16666666666666666,5,5,ATTACACGTCCCTACCGGAC,0,3312194
rspAp,0.16666666666666666,5,5,ATGGATTAGTTTCAGTCTGG,0,3310706
rspAp,0.16666666666666666,5,5,ATGATAGTTCCTATCCGCAT,0,3325801
rspAp,0.16666666666666666,5,5,ATGACAGTCCAAATTAGGGT,0,3314290
rspAp,0.16666666666666666,5,5,ATCTTGATTTGTGATGCCAA,0,3320436
rspAp,0.16666666666666666,5,5,ATCGTGAGGAAGCCTCATTC,0,3326780
rspAp,0.16666666666666666,5,5,ATCGGGAACCTCCTGCCAAT,0,3313803
rspAp,0.16666666666666666,5,5,ATCGCGGGCTATATAAGAAC,0,3320448
rspAp,0.16666666666666666,5,5,ATCCACTTCGGCGTGGAGTA,0,3332664
rspAp,0.16666666666666666,5,5,ATCCAAGGGGAAATCCGCCA,0,3315486
rspAp,0.16666666666666666,5,5,ATCATGTAATCTAGGAAGGC,0,3331326
rspAp,0.16666666666666666,5,5,ATATATCTCCGGTAAGTGTA,0,3327117
rspAp,0.16666666666666666,5,5,ATATACGGGCATTTCCTTTT,0,3319076
rspAp,0.16666666666666666,5,5,ATAGCGGTATAAGGATCTTT,0,3328735
rspAp,0.16666666666666666,5,5,AGTTGGAGTAACCTCGATCT,0,3319467
rspAp,0.16666666666666666,5,5,AGTTGCAAGTTGTGGAGCAA,0,3324686
rspAp,0.16666666666666666,5,5,AGTGTTGATCGAGGGTAGCC,0,3324393
rspAp,0.16666666666666666,5,5,AGTGCGCCGGGACTACATAC,0,3309337
rspAp,0.16666666666666666,5,5,AGTGACCACGCCATCCATGA,0,3331753
rspAp,0.16666666666666666,5,5,AGTACCAGTGAAAGGTGTCT,0,3321146
rspAp,0.16666666666666666,5,5,AGTAATCCAGTGTCCGCCTC,0,3315753
rspAp,0.16666666666666666,5,5,AGGTTAAGTGTGTTGAACTG,0,3315607
rspAp,0.16666666666666666,5,5,AGGGAGAGATTACCACATGC,0,3315447
rspAp,0.16666666666666666,5,5,AGGCAGAGTGCTTGTGTTAA,0,3328049
rspAp,0.16666666666666666,5,5,AGGAGGTCGGACGCGAGCTA,0,3328377
rspAp,0.16666666666666666,5,5,AGCTTGATTGAGTTTTAATC,0,3319141
rspAp,0.16666666666666666,5,5,AGCTATCGCCCCGCTACCGT,0,3319245
rspAp,0.16666666666666666,5,5,AGCGTACTTTAGCAGACTGT,0,3314441
rspAp,0.16666666666666666,5,5,AGCGCGACCGCGGCAATGAT,0,3312888
rspAp,0.16666666666666666,5,5,AGCGCCTTGTGTTAGGAAAA,0,3328305
rspAp,0.16666666666666666,5,5,AGCCTGTGCCCGCGTAATTA,0,3321746
rspAp,0.16666666666666666,5,5,AGCCTCTATGGGTCGGCATG,0,3322684
rspAp,0.16666666666666666,5,5,AGCAAACTGTTGCGACAATG,0,3314973
rspAp,0.16666666666666666,5,5,AGATAACCCAAGGCCGAAAC,0,3319699
rspAp,0.16666666666666666,5,5,AGAGTTCCGTCTTCTATTCC,0,3314920
rspAp,0.16666666666666666,5,5,AGAGCGAGTGAAAGTCTAAC,0,3331022
rspAp,0.16666666666666666,5,5,AGACCATCCTACCTTTAAAG,0,3318723
rspAp,0.16666666666666666,5,5,AGAACTGGCCTTAATAAGGC,0,3325154
rspAp,0.16666666666666666,5,5,ACTCCATACCTGCATAATAT,0,3312111
rspAp,0.16666666666666666,5,5,ACGGTTGGGTTGCCCGTTAT,0,3310447
rspAp,0.16666666666666666,5,5,ACGCTCCTGTTGTCATTCAC,0,3326021
rspAp,0.16666666666666666,5,5,ACGACCTAACCTTTATACTG,0,3311283
rspAp,0.16666666666666666,5,5,ACCAATTTACGTCCCGACAA,0,3331784
rspAp,0.16666666666666666,5,5,ACAGGCACGTGGTCCCGGAA,0,3317532
rspAp,0.16666666666666666,5,5,ACACAGGGTACCTTCTCGTG,0,3308995
rspAp,0.16666666666666666,5,5,ACAATAGGCGTGCATGACCA,0,3325667
rspAp,0.16666666666666666,5,5,ACAAAAGCGAGGGCTGAGTT,0,3329296
rspAp,0.16666666666666666,5,5,AATTTGACTACGTTAGAAAG,0,3324460
rspAp,0.16666666666666666,5,5,AATGAGTGGATTTGATACGC,0,3320392
rspAp,0.16666666666666666,5,5,AATCAGGATCCCCTATACTC,0,3319369
rspAp,0.16666666666666666,5,5,AATACAAGGCCGCAGCGGCA,0,3326052
rspAp,0.16666666666666666,5,5,AAGTCTGACGCGGGATGCCT,0,3318657
rspAp,0.16666666666666666,5,5,AAGCTACAATTGATCCGCGG,0,3330707
rspAp,0.16666666666666666,5,5,AACTTGCCGTAAACCGCTTC,0,3322187
rspAp,0.16666666666666666,5,5,AACTCCGAGGGTGAGCAGGT,0,3320119
rspAp,0.16666666666666666,5,5,AACCTTTCAACTCGTTAACA,0,3333464
rspAp,0.16666666666666666,5,5,AACCAACCCGCCGCCAGTTA,0,3316076
rspAp,0.16666666666666666,5,5,AACACGACTACATAGCTGCT,0,3311703
rspAp,0.16666666666666666,5,5,AAAGAGTGTATCACCCCGGA,0,3313993
rspAp,0.16666666666666666,5,5,AAACAGTTCCTTCGGAGATT,0,3324072
rspAp,0.2,4,4,TTTGATTATTGGTCCCAGTG,0,3319149
rspAp,0.2,4,4,TTTGATCAGTATTAGAGGAT,0,3313477
rspAp,0.2,4,4,TTTCGACAATGAACCGTATC,0,3326281
rspAp,0.2,4,4,TTTAAGTCGGGGTTTTAGTC,0,3312472
rspAp,0.2,4,4,TTGGAGCTACGCGTATGTAA,0,3328483
rspAp,0.2,4,4,TTGCAGTTCTGAGTCTCCTC,0,3328641
rspAp,0.2,4,4,TTGATAATGGGCCGTCAGGT,0,3331774
rspAp,0.2,4,4,TTCTCGCCAAACGTTTGCGA,0,3332850
rspAp,0.2,4,4,TTCGCATTTCGGCTGGGCAA,0,3315019
rspAp,0.2,4,4,TTCGAGCCATAGTTCCCTGT,0,3333439
rspAp,0.2,4,4,TTCCCCTGCGTTGAGTGATA,0,3322112
rspAp,0.2,4,4,TTCCCAATAAACTTCGGCTT,0,3329531
rspAp,0.2,4,4,TTCACTATCATGCAGGACAA,0,3320677
rspAp,0.2,4,4,TTATTTTTAAGGCGGCCAGG,0,3310333
rspAp,0.2,4,4,TTATGGCATGATGTATGGGA,0,3311410
rspAp,0.2,4,4,TTAGATGACGCACTAGCCGA,0,3320930
rspAp,0.2,4,4,TTACTTCTTTTAACTTCGGA,0,3320785
rspAp,0.2,4,4,TTACTTAATGTCATACTCAT,0,3310642
rspAp,0.2,4,4,TTACGGGTATCCTTCGAACG,0,3324726
rspAp,0.2,4,4,TTACCCCAATATGCCTAACG,0,3330963
rspAp,0.2,4,4,TGTTCATCGCCTATTCGAAG,0,3321941
rspAp,0.2,4,4,TGTGACCATTGCGACTTAGG,0,3312556
rspAp,0.2,4,4,TGTATGATTAGGTCATTGGT,0,3313578
rspAp,0.2,4,4,TGTATAGATATAATCGGTAA,0,3332090
rspAp,0.2,4,4,TGTACTCTCTCGGTCTTGCC,0,3311874
rspAp,0.2,4,4,TGGGCATAGTAGGCAGTTAA,0,3320894
rspAp,0.2,4,4,TGGCCGCAGAGGCGATCTCG,0,3331967
rspAp,0.2,4,4,TGGATGCTCGATCCTGTCAA,0,3322178
rspAp,0.2,4,4,TGCTTAGACTGTAAGCACGC,0,3317724
rspAp,0.2,4,4,TGCTAAGATTTCCATGGTAC,0,3311999
rspAp,0.2,4,4,TGCGTCTTATCCTTTGATTC,0,3324196
rspAp,0.2,4,4,TGCGATCGCAGGTTTCAAAC,0,3314045
rspAp,0.2,4,4,TGCCTATGACTGTATCCAGT,0,3324130
rspAp,0.2,4,4,TGCCGATCCGGTGGGTCTTT,0,3325871
rspAp,0.2,4,4,TGACTCTTGTATATTCTCTA,0,3318438
rspAp,0.2,4,4,TGACTCCGGAAACGATCAGG,0,3318564
rspAp,0.2,4,4,TGACTCAGGAAGGTACGTTC,0,3312245
rspAp,0.2,4,4,TGACAGCGTAGATTTCGGAG,0,3331310
rspAp,0.2,4,4,TGAAGCATATTTTTTGAGTC,0,3323807
rspAp,0.2,4,4,TCTTGGCCATGCGGCACCCG,0,3331884
rspAp,0.2,4,4,TCTTCGGCTTATCATCGACT,0,3315399
rspAp,0.2,4,4,TCTGGGCTCAAACAACTCAG,0,3314551
rspAp,0.2,4,4,TCTGCAGTTCCATACGTTCA,0,3322978
rspAp,0.2,4,4,TCGTTTTCACATAACGCCTG,0,3323993
rspAp,0.2,4,4,TCGTCTACTCTAGGTACCAG,0,3318942
rspAp,0.2,4,4,TCGTATTGCGCTATACTCGG,0,3327739
rspAp,0.2,4,4,TCGGTGGCAGAGCGGGACTA,0,3321608
rspAp,0.2,4,4,TCGGCAGCCCCAACAATCGA,0,3331556
rspAp,0.2,4,4,TCGGAGGTGATGAAAAAGCA,0,3331591
rspAp,0.2,4,4,TCGCTGATCTTCGTTTCTGG,0,3332310
rspAp,0.2,4,4,TCGATCCGTGTGCGTTTGTT,0,3328761
rspAp,0.2,4,4,TCGAATCTTATTCGGGCACC,0,3318133
rspAp,0.2,4,4,TCGAAAGGTGTTGACATGCT,0,3323787
rspAp,0.2,4,4,TCCGCCCAGTCGGCGTTTCA,0,3329959
rspAp,0.2,4,4,TCCCTATCGTGGTTATGGGA,0,3318548
rspAp,0.2,4,4,TCCCAAAGTATTCAGCGAGT,0,3310498
rspAp,0.2,4,4,TCAGGAACTCGGATGTTGTC,0,3322644
rspAp,0.2,4,4,TCAGCGGCTGCGCCGACCTT,0,3314962
rspAp,0.2,4,4,TCAGAGGGGGTTGGATCCTA,0,3326487
rspAp,0.2,4,4,TCAGAAGAACCTGCTAAAGG,0,3325260
rspAp,0.2,4,4,TCAATTCGAGGGAAGTTTGC,0,3331525
rspAp,0.2,4,4,TCAATCGGATGGGGAAGTCG,0,3311515
rspAp,0.2,4,4,TCAATAAATCTTAACGATCC,0,3320423
rspAp,0.2,4,4,TATTTGTTCGATAGCTTAGT,0,3328968
rspAp,0.2,4,4,TATTCGTCGGGGACTAACGT,0,3331623
rspAp,0.2,4,4,TATACATGAACGCACCATTT,0,3308887
rspAp,0.2,4,4,TATAAAGAACGGTATATTCT,0,3318754
rspAp,0.2,4,4,TACTTCAGGCTATGCGTTGT,0,3313135
rspAp,0.2,4,4,TACTTAAACGATTAACTGAT,0,3328345
rspAp,0.2,4,4,TACTCGGTTCGTGTCAGGGT,0,3315283
rspAp,0.2,4,4,TACTAGCCCCATTAGCATGA,0,3318039
rspAp,0.2,4,4,TACGGCTGCCTCTTACAACA,0,3322706
rspAp,0.2,4,4,TACCAATTAGAACAGCACCC,0,3323489
rspAp,0.2,4,4,TACATTTAAGGTCTCCCCAG,0,3308994
rspAp,0.2,4,4,TACAGAGGATACGGTGGGGA,0,3328511
rspAp,0.2,4,4,TACACTGGTCGGAGTACAGC,0,3312181
rspAp,0.2,4,4,TACACCGTAGGCAGTTAATT,0,3321597
rspAp,0.2,4,4,TAATTAGAGTCTATACTTGT,0,3312798
rspAp,0.2,4,4,TAATTACGGCCACGCATCCT,0,3319549
rspAp,0.2,4,4,TAAGTAGGGAACACTCACAC,0,3318990
rspAp,0.2,4,4,TAAGCTAATACGTTCACCAA,0,3321627
rspAp,0.2,4,4,TAACACACGTAAGACCCAGG,0,3312010
rspAp,0.2,4,4,TAAAGGGGGAGTGCCCCGAG,0,3318526
rspAp,0.2,4,4,GTTTGTATATTCAAACTCAG,0,3324591
rspAp,0.2,4,4,GTTTCCTATAATTCATAAAC,0,3329570
rspAp,0.2,4,4,GTTCATACAATTGCTGTCTC,0,3318540
rspAp,0.2,4,4,GTTCAAAGATGGGATCTGTG,0,3328442
rspAp,0.2,4,4,GTTAGTACTTTTTAGCGCGG,0,3316284
rspAp,0.2,4,4,GTGTCCTACGGTTGGGCGCC,0,3330090
rspAp,0.2,4,4,GTGTCCACAGTCACATCGAC,0,3313361
rspAp,0.2,4,4,GTGGTAGCGATTAGTCCGAT,0,3311436
rspAp,0.2,4,4,GTGGCATTTTGGGACATGGT,0,3329103
rspAp,0.2,4,4,GTGCGATTTTATTCGCGGCG,0,3321334
rspAp,0.2,4,4,GTGACAGGTGAGATGTTGGT,0,3331212
rspAp,0.2,4,4,GTGAAGGTTTAATCCGCGGG,0,3321384
rspAp,0.2,4,4,GTCTTCGCTTGTCTGTTTCG,0,3313240
rspAp,0.2,4,4,GTCTACGCGGATAGGCGCTA,0,3328712
rspAp,0.2,4,4,GTCGGTCTTAATATTGGCCA,0,3324673
rspAp,0.2,4,4,GTCGGGTGATAATGAGTGAT,0,3317887
rspAp,0.2,4,4,GTCCTGGCACACAGTGGCGC,0,3315306
rspAp,0.2,4,4,GTCCATACATGGTGAAGCCC,0,3326397
rspAp,0.2,4,4,GTCAGGAATCGACCATTACT,0,3317895
rspAp,0.2,4,4,GTATAACCAGAGATTACGTG,0,3315032
rspAp,0.2,4,4,GTAGGTGGGTCCACTTTGTC,0,3315162
rspAp,0.2,4,4,GTAGGTATTCAGAATTTTAT,0,3326449
rspAp,0.2,4,4,GTACCGAAATGAAAGGGCAA,0,3326998
rspAp,0.2,4,4,GTAATTGTGCGCGCCAAACC,0,3323626
rspAp,0.2,4,4,GTAATCATACTCGTAGTTAC,0,3329517
rspAp,0.2,4,4,GTAAGGCAGGAAACGGATTT,0,3331908
rspAp,0.2,4,4,GTAACCGTCCGCCGACCGAG,0,3323028
rspAp,0.2,4,4,GTAAAGCATCGTACTCCGTA,0,3326890
rspAp,0.2,4,4,GGTTGCCCGCACATGTGAAT,0,3323141
rspAp,0.2,4,4,GGTTATGAGACCGGGGTTTG,0,3315359
rspAp,0.2,4,4,GGTTATAATCGGAATACCTA,0,3326473
rspAp,0.2,4,4,GGTGGAAGCGTCTGTCCCTT,0,3315038
rspAp,0.2,4,4,GGTCTTTGTAAAGAGGAGTA,0,3333619
rspAp,0.2,4,4,GGTCCGCTCTGTAAGGGCGC,0,3319301
rspAp,0.2,4,4,GGGTACGGTGGACCAGACAC,0,3331074
rspAp,0.2,4,4,GGGGTCTGAACGTAGCATGG,0,3320892
rspAp,0.2,4,4,GGGGGCCTACGACAGTGCCA,0,3319295
rspAp,0.2,4,4,GGGGCGCAAAAAACCATATG,0,3317934
rspAp,0.2,4,4,GGGGCAGGGGTTATGACCCT,0,3326324
rspAp,0.2,4,4,GGGCTCTTGCGGACCTGTTG,0,3321656
rspAp,0.2,4,4,GGCTGCTCCAAGTACAGCTG,0,3326888
rspAp,0.2,4,4,GGCTAACGTTTTAGGTTGAA,0,3318813
rspAp,0.2,4,4,GGCGGGTAGGGTCTTAACCT,0,3314754
rspAp,0.2,4,4,GGCGGACTACACGGAAGTTT,0,3311158
rspAp,0.2,4,4,GGCGATTCCAGAGTCCCATA,0,3317925
rspAp,0.2,4,4,GGCCCGAGAAAATACTGGTT,0,3321450
rspAp,0.2,4,4,GGCAGGAAGGGGAGTAGGTG,0,3321951
rspAp,0.2,4,4,GGCAATGGAACTACTTGTAA,0,3333401
rspAp,0.2,4,4,GGAGGGTAGCGCTTTTTGGT,0,3315797
rspAp,0.2,4,4,GGAGCCGTGAAGCGTGTGGG,0,3309684
rspAp,0.2,4,4,GGAGATTGCACCTGTACAAC,0,3321438
rspAp,0.2,4,4,GGAAGTAAGGTATTAGCAAC,0,3330925
rspAp,0.2,4,4,GCTTGTTATCAAGGCAGGCT,0,3317248
rspAp,0.2,4,4,GCTTGTCCCGGAACCCATAA,0,3318314
rspAp,0.2,4,4,GCTGTAAAATAACCACCGAA,0,3315148
rspAp,0.2,4,4,GCTCGACTCGCATTGTAAGT,0,3311767
rspAp,0.2,4,4,GCGTCGTTCAGGCGTGGATC,0,3313366
rspAp,0.2,4,4,GCGTAGACGGGTTGACGGCT,0,3324747
rspAp,0.2,4,4,GCGTACCTGATACCCCCGGT,0,3315077
rspAp,0.2,4,4,GCGGGTAAGAGTTAAGGCAT,0,3320009
rspAp,0.2,4,4,GCGGAAAATCACTTGGTTCA,0,3311183
rspAp,0.2,4,4,GCGCACTACCCTTGAGCCAG,0,3314482
rspAp,0.2,4,4,GCGATACTAAAGGCATTTTG,0,3311941
rspAp,0.2,4,4,GCGAACTACGCACTGGCAGC,0,3315933
rspAp,0.2,4,4,GCCCCGAAACCACCCTTCGT,0,3317195
rspAp,0.2,4,4,GCCATTCGCGGTATCTGAAT,0,3330605
rspAp,0.2,4,4,GCCAGCATTGAAGAGTTTAG,0,3313367
rspAp,0.2,4,4,GCATGCTATAGGCGGTTACG,0,3322324
rspAp,0.2,4,4,GCACCCCCATCCCCAGACAA,0,3326768
rspAp,0.2,4,4,GCACAGTTGTCTGCCTTCAA,0,3331355
rspAp,0.2,4,4,GATTAGGGGCTTTAGAAACC,0,3316503
rspAp,0.2,4,4,GATCTCGTTCAGCAAAACTT,0,3332461
rspAp,0.2,4,4,GAGTGTACGGTTGTATGCTC,0,3313688
rspAp,0.2,4,4,GAGGTCTCGCCTTACGGTCC,0,3326472
rspAp,0.2,4,4,GAGGGTATGTCTAAACGGCT,0,3321847
rspAp,0.2,4,4,GAGAGGTGATTTACTCGTGA,0,3331087
rspAp,0.2,4,4,GACTTAACTTCCCAAGTCTC,0,3309272
rspAp,0.2,4,4,GACTCAGTCCGATTCAGAGT,0,3329697
rspAp,0.2,4,4,GACGACTCCCGTAGCGACAA,0,3331439
rspAp,0.2,4,4,GACACAACATGATATTAACG,0,3308972
rspAp,0.2,4,4,GAATGTTAGCCTCCGCCGGA,0,3308987
rspAp,0.2,4,4,GAATGCCCTGTGCAGTTAAA,0,3319229
rspAp,0.2,4,4,GAAGGGGGGGTTGCCGGTGT,0,3317628
rspAp,0.2,4,4,GAAGCCAAGGTCTATAGGGG,0,3320046
rspAp,0.2,4,4,GAAGCATCGCGTCAAGTAAC,0,3315465
rspAp,0.2,4,4,GAACGGCTAAACCGCCGGAG,0,3322825
rspAp,0.2,4,4,GAACCTATGTTCAAGAACCC,0,3313546
rspAp,0.2,4,4,GAAATTCTGGCGCCGATGTG,0,3324374
rspAp,0.2,4,4,CTTTTCAAAAGCCGTCGATA,0,3315659
rspAp,0.2,4,4,CTTGATACTGCACGACCGTC,0,3327788
rspAp,0.2,4,4,CTTCCGGAGCATGCTCTTGT,0,3326744
rspAp,0.2,4,4,CTTCCGACTATACCACCACC,0,3328094
rspAp,0.2,4,4,CTTCATTCACTCCCCTCGTA,0,3325659
rspAp,0.2,4,4,CTTATTCATACTTTTGGCCG,0,3326421
rspAp,0.2,4,4,CTTATCTGTTTGGTAGATTG,0,3323490
rspAp,0.2,4,4,CTTATCGGGCTAGTCGCTTA,0,3328477
rspAp,0.2,4,4,CTGCCTGCAGCTAGGTCGAG,0,3312184
rspAp,0.2,4,4,CTGCCTGAGTGACATAGGCC,0,3329783
rspAp,0.2,4,4,CTGAACTTACAAGACCATGC,0,3316501
rspAp,0.2,4,4,CTCTTACGTGGTATTGCGTC,0,3330158
rspAp,0.2,4,4,CTCTTACCGCTGGTAAATTG,0,3320429
rspAp,0.2,4,4,CTCTGCTCTGCAGTACCCGA,0,3332063
rspAp,0.2,4,4,CTCAGGATGTCCCTAGCGCG,0,3312236
rspAp,0.2,4,4,CTAGATGTGTCGCCAAGCGA,0,3313312
rspAp,0.2,4,4,CTAATGTTCCGGACGCCCGT,0,3315739
rspAp,0.2,4,4,CTAAGGGACACCTGTACAGG,0,3332636
rspAp,0.2,4,4,CTAACTTATACATTCTCGGA,0,3324606
rspAp,0.2,4,4,CGTGCTTCTCACACTAAAAC,0,3323660
rspAp,0.2,4,4,CGTGAAGATTCGACGCCCAC,0,3314406
rspAp,0.2,4,4,CGTCTGCCTTCTCTCGGATA,0,3326232
rspAp,0.2,4,4,CGTCTACTTTACCCCGGCTA,0,3321267
rspAp,0.2,4,4,CGTCGTACAGTTGACTAATT,0,3317062
rspAp,0.2,4,4,CGTAATTTCTTTGTAACTCC,0,3329996
rspAp,0.2,4,4,CGGGGCCTCAGGGTTGGTAT,0,3327663
rspAp,0.2,4,4,CGGCTGGTTCACGTCGAGAA,0,3329054
rspAp,0.2,4,4,CGGCTAAAAGATAAGTTAAC,0,3320792
rspAp,0.2,4,4,CGGCAAGGGGATAGGTGGTA,0,3320476
rspAp,0.2,4,4,CGGATCACTGTATAATATCT,0,3311106
rspAp,0.2,4,4,CGGACGAAAACGGAATGGTC,0,3312334
rspAp,0.2,4,4,CGCTAAAGTGGTAATGACTC,0,3329259
rspAp,0.2,4,4,CGCGGTGAACATTGGACCGC,0,3318961
rspAp,0.2,4,4,CGCGGTCCATTACTGGGAAA,0,3325392
rspAp,0.2,4,4,CGCGGCTGCTTCACTGAGCA,0,3332531
rspAp,0.2,4,4,CGCGCAGTATCCTCCACAAT,0,3319570
rspAp,0.2,4,4,CGCCTACGGTCGTCCGCAGA,0,3331818
rspAp,0.2,4,4,CGCCGCGCGAGAATTTGGAA,0,3313487
rspAp,0.2,4,4,CGCAGGTTCAGAGGTAATGC,0,3323562
rspAp,0.2,4,4,CGCAAATAATCACAATGGTC,0,3323103
rspAp,0.2,4,4,CGCAAAGCTGGCTACCGCGT,0,3327445
rspAp,0.2,4,4,CGATTCGAGGCGGACTTCCC,0,3316524
rspAp,0.2,4,4,CGAGTACCCGCTGCACACCG,0,3323910
rspAp,0.2,4,4,CGACGACAACTAGGGGGGAC,0,3321949
rspAp,0.2,4,4,CGACATTATGTAGTCTGGAC,0,3310488
rspAp,0.2,4,4,CGAAGCAGTATTTGTCCGTA,0,3309464
rspAp,0.2,4,4,CGAAAGCATTAGTGGACTAA,0,3313969
rspAp,0.2,4,4,CGAAAGAGAATTTTTGATGC,0,3313270
rspAp,0.2,4,4,CCTTTCCGTGTGACCTTGTC,0,3311831
rspAp,0.2,4,4,CCTGCACACCTCTATAGACA,0,3332173
rspAp,0.2,4,4,CCTCCCGTGTACGAGCCCAG,0,3308985
rspAp,0.2,4,4,CCGTTGGGCAAACGATGCAT,0,3320147
rspAp,0.2,4,4,CCGTAGCAGACTCGCAGCGA,0,3314474
rspAp,0.2,4,4,CCGGGTTCGAGGCTCTCGAT,0,3311668
rspAp,0.2,4,4,CCGGCCTGCATGTGAAAGTC,0,3313606
rspAp,0.2,4,4,CCGCCCACGGGATAGTGGGG,0,3314610
rspAp,0.2,4,4,CCGAACCCGTAGAGACTTGC,0,3320784
rspAp,0.2,4,4,CCCTGGAAGGGCAGCTTGAC,0,3316249
rspAp,0.2,4,4,CCCGTTGAACCAAGAGTTTG,0,3323091
rspAp,0.2,4,4,CCCGTAAAACTTCATGACAA,0,3326266
rspAp,0.2,4,4,CCATCGTATCGGATCTGAAT,0,3315295
rspAp,0.2,4,4,CCACGCAGCAATTTGCAAGT,0,3310395
rspAp,0.2,4,4,CCAATATGCTTATTAACGGG,0,3315011
rspAp,0.2,4,4,CATTCTGCTGATTGCAATTA,0,3311810
rspAp,0.2,4,4,CATGTTCTCGGCAGTCGTAT,0,3329102
rspAp,0.2,4,4,CATCACGGGTAATCAAGGAA,0,3310304
rspAp,0.2,4,4,CATAAGTGATCGGTCAAAGC,0,3331476
rspAp,0.2,4,4,CAGATAAGCACTCCCAGTCT,0,3326101
rspAp,0.2,4,4,CAGACTGTTTCTTTTTGAGA,0,3311254
rspAp,0.2,4,4,CACTTTAGGAGCTCGGGTGG,0,3324208
rspAp,0.2,4,4,CACTCAGCGAGTCCGATAGT,0,3312140
rspAp,0.2,4,4,CACGTTACCATTGCTCCGTA,0,3319326
rspAp,0.2,4,4,CACGGAAGTATTGAGGACGC,0,3322915
rspAp,0.2,4,4,CACCGGAGATCCCAGTCGTT,0,3314382
rspAp,0.2,4,4,CACCCTCCCACCAACTCCTA,0,3320164
rspAp,0.2,4,4,CACCCGTCGGTCGGCGGCGA,0,3319021
rspAp,0.2,4,4,CACAGCGTGGCACGTTTCTG,0,3314183
rspAp,0.2,4,4,CAATATTAACTATGAACGAT,0,3323808
rspAp,0.2,4,4,CAACGACCCTGTCGGTTCAG,0,3313328
rspAp,0.2,4,4,CAAATTGGGCGTAGTCGTGC,0,3321727
rspAp,0.2,4,4,CAAATCGTATTAGCTTGTGT,0,3312098
rspAp,0.2,4,4,ATTTGGAAGCTCGGCCCGTA,0,3327471
rspAp,0.2,4,4,ATTTCATTATAAGGTTAGGT,0,3325730
rspAp,0.2,4,4,ATTTATGGTTACGAAGCAAC,0,3329776
rspAp,0.2,4,4,ATTTAGTCTCTATGCGTTCA,0,3321449
rspAp,0.2,4,4,ATTGCACGGGCTCACTTAGC,0,3316971
rspAp,0.2,4,4,ATTGATACCTCGATGTAGAA,0,3327093
rspAp,0.2,4,4,ATTAGGGGGGTGCGGCCTCA,0,3328910
rspAp,0.2,4,4,ATTAGATGTAGCGCTGCGCA,0,3314727
rspAp,0.2,4,4,ATGTTAGAGTTCCCCGATAC,0,3323377
rspAp,0.2,4,4,ATGTCTTCTGAACATAATCG,0,3315588
rspAp,0.2,4,4,ATGGGTGAAATTACATCGGA,0,3313218
rspAp,0.2,4,4,ATGCGAGGCCAAGTTACGGC,0,3328527
rspAp,0.2,4,4,ATGCACGGCGAATTCGAAGG,0,3322512
rspAp,0.2,4,4,ATGAGTCAAATGGCAGACCT,0,3315795
rspAp,0.2,4,4,ATGACAACCCGCAGTCTCCT,0,3329083
rspAp,0.2,4,4,ATGAATTGGAATTAGGCCCA,0,3320658
rspAp,0.2,4,4,ATGAATTATAGCCATAGGGT,0,3317533
rspAp,0.2,4,4,ATCGGAAGGCACGTGCAAGA,0,3325516
rspAp,0.2,4,4,ATCCTCGAGTTCACACGCAA,0,3329188
rspAp,0.2,4,4,ATCACGTTTCATCTCTATAA,0,3328255
rspAp,0.2,4,4,ATCACCGTTTGGCTCAGTGG,0,3316428
rspAp,0.2,4,4,ATATATCCTGTTCCTTGGCA,0,3315234
rspAp,0.2,4,4,ATACGGAGGGTGTAGTATTA,0,3326624
rspAp,0.2,4,4,ATACCCCTGTTGTACGTTAC,0,3318281
rspAp,0.2,4,4,ATAATGCTCCTTGGCAGAAC,0,3316861
rspAp,0.2,4,4,ATAACTCACCCGGTTTCTCA,0,3313859
rspAp,0.2,4,4,ATAAACAAAACCGTTTCTCT,0,3329796
rspAp,0.2,4,4,AGTTTCTTCCATGTTCATGA,0,3313848
rspAp,0.2,4,4,AGTGGAGTATGGTAGCATGC,0,3318642
rspAp,0.2,4,4,AGTCGTGGAGATAAATCGAA,0,3309676
rspAp,0.2,4,4,AGTCCATCTGATTAATTTTA,0,3333433
rspAp,0.2,4,4,AGTAATTGATTTTATACTGA,0,3312142
rspAp,0.2,4,4,AGGTGCGATCTAAGACGGAG,0,3317429
rspAp,0.2,4,4,AGGTGCCCGGCACAGCCAAA,0,3320287
rspAp,0.2,4,4,AGGTCGCTAATAAGACGATA,0,3312450
rspAp,0.2,4,4,AGGGTACAACCTACTTAATC,0,3318777
rspAp,0.2,4,4,AGGGGCTGTCAACAAGACCA,0,3311368
rspAp,0.2,4,4,AGGCATAAAACTCACCTGAC,0,3318759
rspAp,0.2,4,4,AGGATTCAGAATCATACAAC,0,3318507
rspAp,0.2,4,4,AGCGCAGAGGGCGTACTAAC,0,3332524
rspAp,0.2,4,4,AGCGAGTCACATGGCGCCTT,0,3312052
rspAp,0.2,4,4,AGCCTAAGGCCCCTACCTCA,0,3316731
rspAp,0.2,4,4,AGCCGCCATTACAGCCAACT,0,3325206
rspAp,0.2,4,4,AGCCCCCCTATGACTGCACG,0,3323045
rspAp,0.2,4,4,AGCACTCATCTCATTCCGAT,0,3320451
rspAp,0.2,4,4,AGCAAAGTGGACTCCTACAA,0,3326162
rspAp,0.2,4,4,AGATTTGGAATTCCGGGAGT,0,3322712
rspAp,0.2,4,4,AGAGTTTCGGATTCCAGCGT,0,3312951
rspAp,0.2,4,4,AGAGGGATATAGTCGTATGA,0,3323666
rspAp,0.2,4,4,AGACGTTGGTCGTATCTAGC,0,3324585
rspAp,0.2,4,4,AGAATTACCCGGCGAACCTC,0,3331862
rspAp,0.2,4,4,ACTTTTCAAACGGTCGGCGC,0,3313495
rspAp,0.2,4,4,ACTTTGATAACTAGCGTTGA,0,3315073
rspAp,0.2,4,4,ACTTTACGGCCTACCGATAC,0,3318245
rspAp,0.2,4,4,ACTTGTTGGAGTAACCACCA,0,3309957
rspAp,0.2,4,4,ACTGTGCAGGATCTCTATGC,0,3333468
rspAp,0.2,4,4,ACTCGACCAACCAACTTTGT,0,3313196
rspAp,0.2,4,4,ACTCCATGGTCCCTCAGTAT,0,3327827
rspAp,0.2,4,4,ACGTGCCACACTGATTATGG,0,3313192
rspAp,0.2,4,4,ACGTCAGTGCGCGCCAGACG,0,3327568
rspAp,0.2,4,4,ACGGGCGCACCATAGCGCGC,0,3321008
rspAp,0.2,4,4,ACGGGACATCCATTAGTAAT,0,3312636
rspAp,0.2,4,4,ACGCAAAGCACATGAACGCG,0,3323054
rspAp,0.2,4,4,ACGAAACCGCGTAGTGGTTG,0,3309457
rspAp,0.2,4,4,ACCTATTTTTACAAGAAGTG,0,3312018
rspAp,0.2,4,4,ACCCTCGCTCGATCATGCAT,0,3330209
rspAp,0.2,4,4,ACCCCTGCTCCAGGTGCTTT,0,3331146
rspAp,0.2,4,4,ACCCACTTGCACCCTTTTCA,0,3310664
rspAp,0.2,4,4,ACCCAAGTTTCTTCCGTTTA,0,3328067
rspAp,0.2,4,4,ACCACAACAAATCTCGAAGT,0,3315510
rspAp,0.2,4,4,AATTGGGGCCAAGATAACGG,0,3327473
rspAp,0.2,4,4,AATTCGGCGATGTTGCGTGC,0,3323085
rspAp,0.2,4,4,AATTAGGACCGGACATAGAT,0,3313635
rspAp,0.2,4,4,AATGTGGAGTCTCAACGGCT,0,3321488
rspAp,0.2,4,4,AATGTCAAGTTTTTGACGCG,0,3333524
rspAp,0.2,4,4,AATGGTTCCAGGGTCTTTTG,0,3327478
rspAp,0.2,4,4,AATCAATTAGAACGGGGATG,0,3313225
rspAp,0.2,4,4,AATACCGGCCATACGACATA,0,3330705
rspAp,0.2,4,4,AATAACAGCAACCTGCCACA,0,3322620
rspAp,0.2,4,4,AAGCACCGGCCGGGGGGTGG,0,3328661
rspAp,0.2,4,4,AAGAGACGTCACTCTTGGAT,0,3313553
rspAp,0.2,4,4,AACTTGGATGAAAGGGCAGG,0,3325751
rspAp,0.2,4,4,AACATATCCCAGCGGGGGGT,0,3319011
rspAp,0.2,4,4,AACAGAATCTCTCAGTAACT,0,3326569
rspAp,0.2,4,4,AACAAGTGCCTCATCTCAGA,0,3322119
rspAp,0.2,4,4,AAATCCCGATGTGTAGAAGC,0,3317026
rspAp,0.2,4,4,AAATATCCGACTTTGATTCC,0,3331091
rspAp,0.2,4,4,AAAGGTGGGTCCGTTTAAGT,0,3323521
rspAp,0.2,4,4,AAACTTAGAAATACCACTTA,0,3316472
rspAp,0.2,4,4,AAAATCAACATAATTGAGTT,0,3316704
rspAp,0.2,4,4,AAAACATCTTACTGACGCGT,0,3326791
rspAp,0.2,4,4,AAAAAAGTTTTACTCGTGAG,0,3309958
rspAp,0.25,3,3,TTTTGCATCCTTCAACGGAA,0,3329274
rspAp,0.25,3,3,TTTCTAGAGATCGCTCGAGT,0,3311931
rspAp,0.25,3,3,TTTCACGAATGCGTCCGGCC,0,3316282
rspAp,0.25,3,3,TTTAGCCGACTGTCTCAAGA,0,3320618
rspAp,0.25,3,3,TTTACTACGGACTAGCTGGA,0,3309293
rspAp,0.25,3,3,TTGTTCGCTTTACCACTCAA,0,3323113
rspAp,0.25,3,3,TTGTGTTCAGGCTCGAAGTT,0,3323414
rspAp,0.25,3,3,TTGTGATAAATAGGAAAGTG,0,3322717
rspAp,0.25,3,3,TTGGCTTGAGCCTATAAAGC,0,3328313
rspAp,0.25,3,3,TTGGAAAACGTTGCGACGAC,0,3316136
rspAp,0.25,3,3,TTGCTGTAGTCTGCCCAATG,0,3326293
rspAp,0.25,3,3,TTGCCACAAACAGCGCGGGA,0,3310910
rspAp,0.25,3,3,TTGAAAACGGGATATTACAG,0,3316292
rspAp,0.25,3,3,TTCTGCCAGATCCTAATATG,0,3329827
rspAp,0.25,3,3,TTCCCATATGCGAAGATTGA,0,3330595
rspAp,0.25,3,3,TTCCCACGTGCCTCCGCACT,0,3315609
rspAp,0.25,3,3,TTCACAATTATTTGGCCATG,0,3327074
rspAp,0.25,3,3,TTCAACCCGTGCAGCCTTCA,0,3323022
rspAp,0.25,3,3,TTATGATGTCTCTGGCTGGG,0,3323159
rspAp,0.25,3,3,TTACGCTTTTGATGTGGTCG,0,3315250
rspAp,0.25,3,3,TTACAAATACGCTTATTGAC,0,3332631
rspAp,0.25,3,3,TTAATCCGGAAGATCCCTCC,0,3314553
rspAp,0.25,3,3,TTAAGTGTGACGTCTTCGCG,0,3311568
rspAp,0.25,3,3,TTAAGTCGCTAGTCAACTCT,0,3320479
rspAp,0.25,3,3,TTAACGGGTACCTTGTACGT,0,3331729
rspAp,0.25,3,3,TTAACCATACTAACCGTTTC,0,3321338
rspAp,0.25,3,3,TGTTCCGGCATCAGTTAAGC,0,3320381
rspAp,0.25,3,3,TGTCTCAATTGTACCCTTGT,0,3315063
rspAp,0.25,3,3,TGTACACTTCCCACGTCGAA,0,3327010
rspAp,0.25,3,3,TGGGTGTCTCTTCCTCTCAT,0,3328090
rspAp,0.25,3,3,TGGGCCGTGAGCTTATTAGT,0,3322485
rspAp,0.25,3,3,TGGGAGCTGAGGCGTTTACT,0,3315733
rspAp,0.25,3,3,TGGGAGAGAATCTCAGGATA,0,3314718
rspAp,0.25,3,3,TGGCACACCGCGCAGCTGGC,0,3317655
rspAp,0.25,3,3,TGGATACGAATGCATGAGAC,0,3313491
rspAp,0.25,3,3,TGGAGGCTGGGTATCCTCAG,0,3319674
rspAp,0.25,3,3,TGCTATTGTTTCGACGGTTG,0,3318744
rspAp,0.25,3,3,TGCGTTAACGGCGGGTTCGC,0,3309953
rspAp,0.25,3,3,TGCGAGTGTGGCCTAATGTC,0,3323441
rspAp,0.25,3,3,TGCAGGTATGCGTGCCTTAA,0,3324516
rspAp,0.25,3,3,TGATTTGACCTGACTCTTGT,0,3309332
rspAp,0.25,3,3,TGAGGCGTTACGCATTTCTG,0,3318266
rspAp,0.25,3,3,TGACTTAGGGCGCAGCGACG,0,3328208
rspAp,0.25,3,3,TGACGCGATACAAGGATGTT,0,3315493
rspAp,0.25,3,3,TGACACTTACTGAATTAGCA,0,3320598
rspAp,0.25,3,3,TGACACAGGCAAGTTTCTGT,0,3312094
rspAp,0.25,3,3,TGAAGACCAGAACCGCTCTT,0,3309656
rspAp,0.25,3,3,TGAACAGCGCGATTAAAGGG,0,3327464
rspAp,0.25,3,3,TGAAATGATACCTGCAACAC,0,3314589
rspAp,0.25,3,3,TCTTGTTAACAAGGCCATTG,0,3327721
rspAp,0.25,3,3,TCTTGTCACCGATATGACTC,0,3331239
rspAp,0.25,3,3,TCTTCGGCTTCAACAGGCCT,0,3324752
rspAp,0.25,3,3,TCTTATGGTTAAATACTTAC,0,3320284
rspAp,0.25,3,3,TCTGCTATTCACTGGTTGTC,0,3316894
rspAp,0.25,3,3,TCTCCATGCCAGGCTCACTA,0,3309121
rspAp,0.25,3,3,TCGTGGATTCAATGTGGAGA,0,3317185
rspAp,0.25,3,3,TCGGGCAAGGTAGACCGAAT,0,3318318
rspAp,0.25,3,3,TCGCGGCAGTTAGATGTAAC,0,3310616
rspAp,0.25,3,3,TCGCGGAAGGGCAACCTCCG,0,3319160
rspAp,0.25,3,3,TCGCCTTGGCCAGATACAGA,0,3324335
rspAp,0.25,3,3,TCGACAGGGAACATATAAGC,0,3314907
rspAp,0.25,3,3,TCCGTAGTGATGAAAGCTGC,0,3314919
rspAp,0.25,3,3,TCCGGTGCTGGTTATACATG,0,3308875
rspAp,0.25,3,3,TCCCAATGGGGGGAGCATCG,0,3321592
rspAp,0.25,3,3,TCCAGGATCCAGGGGGGATC,0,3328002
rspAp,0.25,3,3,TCCAGCACGGCTCTGACGGA,0,3317115
rspAp,0.25,3,3,TCATTCAAATCGGTGTGCGA,0,3327349
rspAp,0.25,3,3,TCATCGGCTAAAGGCTCTCG,0,3308989
rspAp,0.25,3,3,TCAGTGCTGAATGTTTGTAA,0,3319150
rspAp,0.25,3,3,TCAGTCATGTGAGCTCTAAT,0,3332096
rspAp,0.25,3,3,TCAGTATTCTTCCCCGAGAT,0,3322250
rspAp,0.25,3,3,TCAGGAGGAACCATTTAACA,0,3313816
rspAp,0.25,3,3,TCACCCGTGGGGGTCAAGGG,0,3327514
rspAp,0.25,3,3,TATGGGTGACGACGTTGCTA,0,3316403
rspAp,0.25,3,3,TATATCATTGTTAGGCCAAC,0,3320963
rspAp,0.25,3,3,TATAGCCTTAGCGATGGCCT,0,3327332
rspAp,0.25,3,3,TATAGATACGATGCCCTAGT,0,3316430
rspAp,0.25,3,3,TAGCTTTTACGCGATACCAT,0,3314875
rspAp,0.25,3,3,TAGATCAACAACCCTCACAC,0,3311049
rspAp,0.25,3,3,TAGAGTGAACCTGGATACAG,0,3309125
rspAp,0.25,3,3,TAGACCGTAACACGCTAGCA,0,3312555
rspAp,0.25,3,3,TACTGGCGTACGAGATAGGG,0,3327119
rspAp,0.25,3,3,TACTCGTGACTCGGGTGAGT,0,3318965
rspAp,0.25,3,3,TACCTCCTCTACTCATAAGA,0,3323071
rspAp,0.25,3,3,TACATTACCAGTGGCAAGGT,0,3331751
rspAp,0.25,3,3,TACAGGTCTTGGAGCCGGTC,0,3331147
rspAp,0.25,3,3,TAATCTTCGTGTTGCCACGG,0,3324171
rspAp,0.25,3,3,TAAGCGATCTCTCCACCAGA,0,3325750
rspAp,0.25,3,3,TAACTCTAATTGGTAGCACA,0,3333428
rspAp,0.25,3,3,TAAATCTCCATAAAGATTGG,0,3323561
rspAp,0.25,3,3,GTTGTTCCGAGTCAAGGGGG,0,3314276
rspAp,0.25,3,3,GTTGAAGTTCGTTTGAGAAT,0,3316823
rspAp,0.25,3,3,GTTCTTGGGAATTTTAACGT,0,3332726
rspAp,0.25,3,3,GTTCGGGTGCAACACTTATG,0,3328470
rspAp,0.25,3,3,GTTCATTACTAAAAATGTTC,0,3319919
rspAp,0.25,3,3,GTTAGCGACTAGCTGTACAC,0,3319507
rspAp,0.25,3,3,GTGTCAGGAGGCTCTTTCAG,0,3330477
rspAp,0.25,3,3,GTGGTCCAAGAAATCCAAAC,0,3328673
rspAp,0.25,3,3,GTGGACTTCGATTTTTGTCT,0,3317294
rspAp,0.25,3,3,GTGCCGTCTCCCCTTATTAG,0,3328900
rspAp,0.25,3,3,GTGCCAGCGGTTTATGTAGA,0,3310617
rspAp,0.25,3,3,GTGCATCGCTCAAATTCAAG,0,3318479
rspAp,0.25,3,3,GTGCAGAGCTCGTCAACGTC,0,3316659
rspAp,0.25,3,3,GTGAGGGCTGGCGGCAAGAG,0,3313649
rspAp,0.25,3,3,GTGACGATATACGATTTACT,0,3312782
rspAp,0.25,3,3,GTCTGGCCTAACATCGCACA,0,3311374
rspAp,0.25,3,3,GTCCAGGCTCCCGGCCCGCA,0,3323391
rspAp,0.25,3,3,GTCAATATTCTTGACCAGGT,0,3333066
rspAp,0.25,3,3,GTATTTCGATTATCCATCTT,0,3332930
rspAp,0.25,3,3,GTATCTTATGTCATGATTCA,0,3309456
rspAp,0.25,3,3,GTATCTCGTAGTCACTTGAC,0,3324648
rspAp,0.25,3,3,GTATCACACCATCCATAAGA,0,3322563
rspAp,0.25,3,3,GTAGGTAACAAAGCCCATCG,0,3320058
rspAp,0.25,3,3,GTAGGGGAGTCTCCTTGGCT,0,3330720
rspAp,0.25,3,3,GTACATTAGGAACATGCGTG,0,3330324
rspAp,0.25,3,3,GTACACAAGCCGCTCCACAG,0,3322690
rspAp,0.25,3,3,GTAAGAAAGAGCAGCGGTGT,0,3329525
rspAp,0.25,3,3,GTAAACACACGGTTTTAGTT,0,3320070
rspAp,0.25,3,3,GTAAAAAAGTAGGAGGAGTT,0,3326350
rspAp,0.25,3,3,GGTTTACGCACCCGCTAGCA,0,3313819
rspAp,0.25,3,3,GGTTACACTTTTCTTACCTC,0,3321862
rspAp,0.25,3,3,GGTGATGACATTCCCAGTCA,0,3325913
rspAp,0.25,3,3,GGTGACGCCAGCACCGACCT,0,3324445
rspAp,0.25,3,3,GGTCTGGTATATCGTTCCTA,0,3330483
rspAp,0.25,3,3,GGTCTACGGCGCATGTTCTT,0,3320365
rspAp,0.25,3,3,GGTATTCCCTTCCGAAATGA,0,3319790
rspAp,0.25,3,3,GGTAGTGCTCAGAAGACCGG,0,3309489
rspAp,0.25,3,3,GGTAGGAGTGAAGTAGCATG,0,3321742
rspAp,0.25,3,3,GGGTCGCATATTGGTGAGGG,0,3313420
rspAp,0.25,3,3,GGGGTGGCCTAAAAATGTTG,0,3330517
rspAp,0.25,3,3,GGGGTAGCACGCATTGACTA,0,3315542
rspAp,0.25,3,3,GGGGCAATCAGTCGTCAACG,0,3320629
rspAp,0.25,3,3,GGGCTCGGCTGTGAGGGGGT,0,3318995
rspAp,0.25,3,3,GGGCCGGAGCCTCGCGTTGT,0,3330634
rspAp,0.25,3,3,GGGCATCTGCGTATCCCGGT,0,3314319
rspAp,0.25,3,3,GGGCAGCCTCCTAGGTGCCC,0,3324185
rspAp,0.25,3,3,GGGACGAACGCATCCGCGTC,0,3327329
rspAp,0.25,3,3,GGGACAGGGGAAGAAAGACA,0,3312277
rspAp,0.25,3,3,GGCTGCACCAACCTATAACG,0,3320110
rspAp,0.25,3,3,GGCTCTACATGAATGCATTC,0,3323378
rspAp,0.25,3,3,GGCGAAAGTCTCTTCCGTAT,0,3316567
rspAp,0.25,3,3,GGCCTTTGCACTATTCCTGA,0,3311712
rspAp,0.25,3,3,GGCCGTAGCCTTTTACATAG,0,3316087
rspAp,0.25,3,3,GGCCATATTCATCTAGCTCA,0,3318086
rspAp,0.25,3,3,GGCATTACTCTTGAGAGGCC,0,3317094
rspAp,0.25,3,3,GGCAGCACTGCTCGGGCTTA,0,3323917
rspAp,0.25,3,3,GGATCAACAAATCACCGAGG,0,3313359
rspAp,0.25,3,3,GGAGTTCTCTACGAGCCTCC,0,3329513
rspAp,0.25,3,3,GGAGGCTGTTAGCCGACGGA,0,3330776
rspAp,0.25,3,3,GGAGATTTGAACGGCTGTGA,0,3328254
rspAp,0.25,3,3,GGACGCATAAATGCTGTGGC,0,3323700
rspAp,0.25,3,3,GGAAGTGGTACGGGTGGTCA,0,3320307
rspAp,0.25,3,3,GGAAATTAGGATGATTTGAG,0,3316362
rspAp,0.25,3,3,GGAAAGGGCCAGGCAACCCG,0,3324414
rspAp,0.25,3,3,GGAAACCCACACGAGATCGT,0,3312941
rspAp,0.25,3,3,GCTGTATTAGTTCCCAGTAT,0,3332325
rspAp,0.25,3,3,GCTCGTTCAGGTGCACAATT,0,3324642
rspAp,0.25,3,3,GCTCGTTAGGGTCCCTCTAA,0,3315150
rspAp,0.25,3,3,GCTCGCTCATGAGCCAGTAA,0,3311428
rspAp,0.25,3,3,GCGTTCATGAATATGAGGGG,0,3319500
rspAp,0.25,3,3,GCGTTATTGCCATGTTTCTT,0,3327795
rspAp,0.25,3,3,GCGTCTAACGGAAAGCGTCG,0,3318740
rspAp,0.25,3,3,GCGGTTTTAAGTCCAACACA,0,3318232
rspAp,0.25,3,3,GCGGTGCTCCCGGCCGGAAA,0,3316468
rspAp,0.25,3,3,GCGGTGATCTCCCGCCTAAG,0,3309756
rspAp,0.25,3,3,GCGGGTGATTACAATGGGAG,0,3324106
rspAp,0.25,3,3,GCGGCCGATGAGTTTAAGAG,0,3324252
rspAp,0.25,3,3,GCGCTCGTGACCCTGATAAC,0,3309311
rspAp,0.25,3,3,GCCTTCCCTCATGTTATACG,0,3332744
rspAp,0.25,3,3,GCCTCTCCAAAAATGTGTCT,0,3309335
rspAp,0.25,3,3,GCCGGGTAGCGGAAATAAGG,0,3325347
rspAp,0.25,3,3,GCCATTACCTCCTTCAAAAG,0,3332459
rspAp,0.25,3,3,GCCATCCCTTCACACAGTTC,0,3318794
rspAp,0.25,3,3,GCCAACGATCCTAAAACTAA,0,3324090
rspAp,0.25,3,3,GCAGTGTATCGCTACTGCAA,0,3331436
rspAp,0.25,3,3,GCACGTGGGCTATAATTAAC,0,3312439
rspAp,0.25,3,3,GCAACTTGAAGCTTGGACTT,0,3313611
rspAp,0.25,3,3,GATTGAGGCGGGCGCTCGAA,0,3313773
rspAp,0.25,3,3,GATTCTCATGGTCAGGCGCT,0,3331406
rspAp,0.25,3,3,GATGTCATTGATATTTCAAG,0,3322720
rspAp,0.25,3,3,GATGCTAAAACTGTTCACTC,0,3309189
rspAp,0.25,3,3,GATGACCTCGAATCAGACAG,0,3327707
rspAp,0.25,3,3,GATCAACGAACTTATATATA,0,3330331
rspAp,0.25,3,3,GATATTGGACTTTATTAGCA,0,3319106
rspAp,0.25,3,3,GATATTGACGATAGATGCGG,0,3326801
rspAp,0.25,3,3,GATAGACCGCATATTATGTG,0,3308869
rspAp,0.25,3,3,GAGTTAATCTACCCTTATGG,0,3312520
rspAp,0.25,3,3,GAGTCCCCGCCTCATACTAA,0,3320917
rspAp,0.25,3,3,GAGGGGGATGCGTTGGCAAG,0,3314773
rspAp,0.25,3,3,GAGGGATTGTAGAAGTGTTT,0,3331010
rspAp,0.25,3,3,GAGGCATTCCGTAATGAAAA,0,3320073
rspAp,0.25,3,3,GAGGATTGGGCAAAAATTTT,0,3328075
rspAp,0.25,3,3,GAGACAGAAATAGTTATAAA,0,3317198
rspAp,0.25,3,3,GACTTTGGAATATTGTTGAA,0,3315551
rspAp,0.25,3,3,GACTTTCCCGACACAGGTAT,0,3324135
rspAp,0.25,3,3,GACTACTCGTATCGGTGCAG,0,3310299
rspAp,0.25,3,3,GACTACACAACCGGGTTTCT,0,3322535
rspAp,0.25,3,3,GACGTCATATATAGTCCGTG,0,3323187
rspAp,0.25,3,3,GACCCCGCATGGAGTTATCT,0,3314991
rspAp,0.25,3,3,GACAGATTGTAAAGGTAACG,0,3323401
rspAp,0.25,3,3,GACACGGTACTGACGTGAAG,0,3312690
rspAp,0.25,3,3,GACACGGAAAAAGCATCGGC,0,3322375
rspAp,0.25,3,3,GACAACAACGCGCCATGAAA,0,3322259
rspAp,0.25,3,3,GAAGCTCGGACGGCCTCCGA,0,3333607
rspAp,0.25,3,3,GAAATTAAAGCAGCAAGAAG,0,3329718
rspAp,0.25,3,3,GAAAACACATAATGAAAGGG,0,3323020
rspAp,0.25,3,3,CTTTGCCATTTGTCAGTTTT,0,3320954
rspAp,0.25,3,3,CTTTATCAAGAATCGGATGT,0,3322937
rspAp,0.25,3,3,CTTTAGACTCGTTATTTTAG,0,3314542
rspAp,0.25,3,3,CTTGTATAGTACACTATTGG,0,3329812
rspAp,0.25,3,3,CTTGCACGCTTCCTCGGTTT,0,3327346
rspAp,0.25,3,3,CTTCTATACCCTTGCGTTGC,0,3327476
rspAp,0.25,3,3,CTTCCGGCGGATCATTCCGT,0,3311778
rspAp,0.25,3,3,CTTATACGCCCTACGAGTAA,0,3316088
rspAp,0.25,3,3,CTGTAACAGTTAAATTGCAA,0,3325479
rspAp,0.25,3,3,CTGGGATGCATCAGATACCA,0,3324108
rspAp,0.25,3,3,CTGCAAGCCTTAGAAAGCCG,0,3333305
rspAp,0.25,3,3,CTGATTAAGTTTGCGGGACA,0,3325289
rspAp,0.25,3,3,CTGAGAATTCAGACCAGATT,0,3332364
rspAp,0.25,3,3,CTGACTTCGGTGACTCTGCT,0,3311335
rspAp,0.25,3,3,CTGACAAATCATTTTCTCTG,0,3317482
rspAp,0.25,3,3,CTCTGGGAAGGGCTCGTCCA,0,3324035
rspAp,0.25,3,3,CTCTGGATAGGCGATTACTT,0,3325179
rspAp,0.25,3,3,CTCCTAGTCTGCATGTTTAC,0,3313628
rspAp,0.25,3,3,CTCAGGTAGTTGCACTCGAT,0,3309052
rspAp,0.25,3,3,CTCAGGGGGCCTGTTTCTCT,0,3318296
rspAp,0.25,3,3,CTCAGAGGCCCTGGGCTACT,0,3321928
rspAp,0.25,3,3,CTATGGCACGTGACACCAAG,0,3311160
rspAp,0.25,3,3,CTAGACATCGTGGCCACTCT,0,3324533
rspAp,0.25,3,3,CTACGCATGGTATACAGATA,0,3315189
rspAp,0.25,3,3,CTAAGCCAAAAGCATGCTGG,0,3324590
rspAp,0.25,3,3,CGTTCTCGCGTATGGGTTAA,0,3325073
rspAp,0.25,3,3,CGTTAGATTCTCATTGTGCC,0,3309375
rspAp,0.25,3,3,CGTGCAAAATTGAGATCACT,0,3324349
rspAp,0.25,3,3,CGTCTGAGATCCAAGAGCAT,0,3315662
rspAp,0.25,3,3,CGGTTGATCTTTAAATGCCA,0,3327682
rspAp,0.25,3,3,CGGGTATTACCATCAGAGGT,0,3330072
rspAp,0.25,3,3,CGGGGGATTTAAATAGTTCA,0,3319535
rspAp,0.25,3,3,CGGGATATGACTTTAGACTA,0,3330012
rspAp,0.25,3,3,CGGGAATCCGTGGCTCGGCC,0,3318072
rspAp,0.25,3,3,CGGCGCCAATCGACGTTTTG,0,3321288
rspAp,0.25,3,3,CGGACGTGGAGAGGCCGCCA,0,3324425
rspAp,0.25,3,3,CGGACAGCATTTTTAGCATG,0,3320996
rspAp,0.25,3,3,CGCGCGGGCTAAAGCGAACC,0,3314004
rspAp,0.25,3,3,CGCCGCTCTATTTGGGTCTG,0,3320759
rspAp,0.25,3,3,CGCATCGCTCACTTTGCAAA,0,3318144
rspAp,0.25,3,3,CGCAGAATAGACAGGGTCAC,0,3311433
rspAp,0.25,3,3,CGATTGGGTACTATTGTGCA,0,3325794
rspAp,0.25,3,3,CGATGTTTTAAATACGGTAG,0,3333174
rspAp,0.25,3,3,CGATGTTAGGTCCACTAAAT,0,3321365
rspAp,0.25,3,3,CGAGGTGATATAGTTATGGG,0,3321345
rspAp,0.25,3,3,CGAGGAGTTTGTAGATTCAT,0,3325056
rspAp,0.25,3,3,CGAGACTGCTTGCCTAAACT,0,3327993
rspAp,0.25,3,3,CGAAAGTTAAGCCCCCAGCT,0,3332154
rspAp,0.25,3,3,CCTTCCGGTTTGGTAACAGG,0,3313847
rspAp,0.25,3,3,CCTCCTTGTTCAGTAGTACT,0,3332638
rspAp,0.25,3,3,CCTCAGGGGGAGTCGGTAAC,0,3326161
rspAp,0.25,3,3,CCTAGCGACTGGTTCGTTTT,0,3329516
rspAp,0.25,3,3,CCTACCATGCCTGTGCGGTC,0,3320359
rspAp,0.25,3,3,CCTAAGTATAATACGCCTTT,0,3326522
rspAp,0.25,3,3,CCGTGATTGTTAGATACTAA,0,3328318
rspAp,0.25,3,3,CCGCAGTCCTAGAGCGATGA,0,3319707
rspAp,0.25,3,3,CCGCACTGATCCTGAATGTC,0,3329144
rspAp,0.25,3,3,CCCGATGCACATCACGGGCT,0,3310715
rspAp,0.25,3,3,CCCGACTTCGTGCGCTACAC,0,3327143
rspAp,0.25,3,3,CCCATCAGGGATACCGGCGC,0,3312446
rspAp,0.25,3,3,CCACTGTGGAACTTAAAACC,0,3314617
rspAp,0.25,3,3,CCACATGGGATGACGATGAA,0,3309379
rspAp,0.25,3,3,CCACAGAATATGTCCCTCGG,0,3326793
rspAp,0.25,3,3,CCAATGTCAGGGTGGCATGT,0,3322751
rspAp,0.25,3,3,CCAATGGCGACGAACTTTTC,0,3322401
rspAp,0.25,3,3,CCAATATAGTCATTTCCTCA,0,3311476
rspAp,0.25,3,3,CCAAGTGCTATAGCTAGTTA,0,3317554
rspAp,0.25,3,3,CATGCTTTTTCTTAGTGAAT,0,3315188
rspAp,0.25,3,3,CATCCAGCCGGGTCCAAACC,0,3323371
rspAp,0.25,3,3,CAGGAACGTGGAGGGTTGGG,0,3323135
rspAp,0.25,3,3,CAGCTCAATAGGTTGAGAGT,0,3316991
rspAp,0.25,3,3,CAGCGAAGTTACGATCGCAT,0,3315770
rspAp,0.25,3,3,CAGCCACTCCGAGTTCCTCA,0,3317936
rspAp,0.25,3,3,CAGATGTAGAGTGCCCCATC,0,3314629
rspAp,0.25,3,3,CAGATCAACGGACTCCCACC,0,3322372
rspAp,0.25,3,3,CAGACACAGACGCTAAAGGC,0,3318638
rspAp,0.25,3,3,CAGAAGGAGGCGGCTTGCAA,0,3332735
rspAp,0.25,3,3,CACTTGCCTGAGTTCTAAGC,0,3322343
rspAp,0.25,3,3,CACTTAACCATAACCGCGAC,0,3316434
rspAp,0.25,3,3,CACGTCACCTATCATGGCAT,0,3322988
rspAp,0.25,3,3,CACCTGATAGGTAAGATAAC,0,3308926
rspAp,0.25,3,3,CACCGGCGTATCTCGTTGTG,0,3310081
rspAp,0.25,3,3,CACCCACGCTCATTGAGCGG,0,3316317
rspAp,0.25,3,3,CACAGCGCTCAGTATGAAAG,0,3315334
rspAp,0.25,3,3,CAATTATCTCACGGGTAAAG,0,3332417
rspAp,0.25,3,3,CAATCGATGGTATCCCAATA,0,3326725
rspAp,0.25,3,3,CAAGCACACAATCATTACAC,0,3323929
rspAp,0.25,3,3,CAACCCGCCTCAGCGAAGGG,0,3326151
rspAp,0.25,3,3,CAAAGCCCATTAGGTGTACT,0,3318566
rspAp,0.25,3,3,CAAAGAATATGGCCGATCCC,0,3322989
rspAp,0.25,3,3,ATTTGGTCTTTTCAAAGACT,0,3324246
rspAp,0.25,3,3,ATTTGGGACGGAGCTCTGTT,0,3323740
rspAp,0.25,3,3,ATTGTTCGTCTTTTTGGGAG,0,3314499
rspAp,0.25,3,3,ATTGCGGTTCATGAGGCACT,0,3329904
rspAp,0.25,3,3,ATTGACCTGATTAGCGCTAC,0,3331631
rspAp,0.25,3,3,ATTGAACGTTGGCTTGCCAG,0,3329615
rspAp,0.25,3,3,ATTCGTTATCGCGCACTCAG,0,3316851
rspAp,0.25,3,3,ATTCGTTAGAGTTCCCCGGG,0,3332807
rspAp,0.25,3,3,ATTAGCTTTTGGGTGCTCGA,0,3311196
rspAp,0.25,3,3,ATTACCATAGCAGAATGCTC,0,3309026
rspAp,0.25,3,3,ATGGATTGCTAGTGGCCACC,0,3314611
rspAp,0.25,3,3,ATGCCGAAAGAACATCTTCA,0,3309062
rspAp,0.25,3,3,ATGCAGTTAATCTGTATACT,0,3316664
rspAp,0.25,3,3,ATGAGACAGCTCAACCTGAG,0,3328552
rspAp,0.25,3,3,ATCTTGAAGATAAATATACG,0,3322670
rspAp,0.25,3,3,ATCTAGAATAGTGTTTACGC,0,3329109
rspAp,0.25,3,3,ATCGGGAGCGGCCCATGGTT,0,3316811
rspAp,0.25,3,3,ATCGATTATTGTTGCCATAG,0,3315000
rspAp,0.25,3,3,ATCCGTGCAGACATTCAGCG,0,3328584
rspAp,0.25,3,3,ATCCAATATCTGTGCGAAGG,0,3324641
rspAp,0.25,3,3,ATCAAGTCTGGTGAGCAACG,0,3313867
rspAp,0.25,3,3,ATATCCTGTAGCTTGGGGGT,0,3308856
rspAp,0.25,3,3,ATAGTTTGGGCAGGATATTA,0,3317230
rspAp,0.25,3,3,ATAGTGTGAATAGCCTCATT,0,3325315
rspAp,0.25,3,3,ATAGTACATACGAATACGCA,0,3328259
rspAp,0.25,3,3,ATACGGAAATCGATGCGGTA,0,3317171
rspAp,0.25,3,3,ATACCGCTGGGAGTAGTCTA,0,3318533
rspAp,0.25,3,3,ATACCGAGCCGGCTGATAAT,0,3314034
rspAp,0.25,3,3,ATAATTTAACAGGAGTAAAC,0,3323146
rspAp,0.25,3,3,AGTCATTTGCCTGGTTAACG,0,3325652
rspAp,0.25,3,3,AGTAGAGAAGGCCAAGAAAG,0,3323302
rspAp,0.25,3,3,AGTACTGACTCGCCCACCTT,0,3328340
rspAp,0.25,3,3,AGTAAAAGGTGGGCCATTAA,0,3323080
rspAp,0.25,3,3,AGGTGTACCGTCTGAATTTG,0,3320824
rspAp,0.25,3,3,AGGTCTACGCCTTTGAGCCC,0,3332128
rspAp,0.25,3,3,AGGTAGGATGTGTTAACTTC,0,3319796
rspAp,0.25,3,3,AGGCCCAAAACATAAGGCCG,0,3314074
rspAp,0.25,3,3,AGGATTCACTGCTATAAGCC,0,3328070
rspAp,0.25,3,3,AGCGTCAGTGCCCATTATGT,0,3317458
rspAp,0.25,3,3,AGCGGTAGGAGTACACCGAT,0,3327780
rspAp,0.25,3,3,AGCCTTGATTCGCGAACCAG,0,3316256
rspAp,0.25,3,3,AGCCGGGCTGAACGAAGTAT,0,3320087
rspAp,0.25,3,3,AGCACATGTAGCGGAAGGTT,0,3314286
rspAp,0.25,3,3,AGATTTCTCTAAGCTATCTA,0,3319872
rspAp,0.25,3,3,AGATGGGGGCTCTTTTCTAT,0,3320944
rspAp,0.25,3,3,AGAGGTCGCAGCGGACTAGA,0,3314351
rspAp,0.25,3,3,AGACAGGTTCCCCTCACGAT,0,3323941
rspAp,0.25,3,3,AGAAGATCATCGCACCTGGG,0,3320683
rspAp,0.25,3,3,AGAAGAATCTATCTATCTCC,0,3333222
rspAp,0.25,3,3,AGAACCGTGCTGCAAATTTC,0,3315694
rspAp,0.25,3,3,AGAAAGTTGGTTACTGCAGA,0,3315777
rspAp,0.25,3,3,ACTTTGCACAGGCAATGGGA,0,3312851
rspAp,0.25,3,3,ACTTCGCCAAGTCACCCTGC,0,3322124
rspAp,0.25,3,3,ACTGATTTCGATGACCTGAT,0,3326900
rspAp,0.25,3,3,ACTCGGGAATGTTTATCGCG,0,3316246
rspAp,0.25,3,3,ACTCCCGTGTCTCATTGGGG,0,3325209
rspAp,0.25,3,3,ACGTGTGTCCGGTTAGGCTT,0,3313044
rspAp,0.25,3,3,ACGTGTGTCAGTCGTGATAA,0,3312732
rspAp,0.25,3,3,ACGTGAGACCGCCTTGATTA,0,3332759
rspAp,0.25,3,3,ACGCTATCGTACTCCGTGAT,0,3321134
rspAp,0.25,3,3,ACGCCTCTTACGTGGTGCGG,0,3319501
rspAp,0.25,3,3,ACCGCTGCCCGAAACAAATT,0,3322846
rspAp,0.25,3,3,ACCCTCCCAACTGATCGCAG,0,3315955
rspAp,0.25,3,3,ACCCGTTTCCTGCCGCATCA,0,3321437
rspAp,0.25,3,3,ACCCCGATGTGTCGCCCTCA,0,3321009
rspAp,0.25,3,3,ACCCATTACTGGCTACGCAT,0,3318059
rspAp,0.25,3,3,ACCCAAAGTCGGTACTGCAT,0,3312300
rspAp,0.25,3,3,ACCAATGAGAATAGGGACTC,0,3333065
rspAp,0.25,3,3,ACCAAATACTATCTTCTTAT,0,3332635
rspAp,0.25,3,3,ACATGCTGCTTGACAGGGAT,0,3320399
rspAp,0.25,3,3,ACAGACTTTAATGTAGATTA,0,3314000
rspAp,0.25,3,3,ACACAGTGGTGCGCGATGTA,0,3316264
rspAp,0.25,3,3,AATTTCGAACACTCAGCGTT,0,3318197
rspAp,0.25,3,3,AATTTACAACCGAAAGGTTG,0,3309881
rspAp,0.25,3,3,AATTGACGGGATTATGTTGC,0,3313866
rspAp,0.25,3,3,AATGGAGACTGGTGATTGCG,0,3328421
rspAp,0.25,3,3,AATGACATTGAAACTCATAG,0,3333075
rspAp,0.25,3,3,AATGAATTATGCGCAGCGCG,0,3314095
rspAp,0.25,3,3,AATCGTGGCTTCAGTACTGA,0,3333561
rspAp,0.25,3,3,AATCGGTAGTATACCATAGT,0,3318624
rspAp,0.25,3,3,AATAGGAACGCGTACATGCG,0,3325194
rspAp,0.25,3,3,AATACCAAGAGTTGTTCTTC,0,3311117
rspAp,0.25,3,3,AAGTGTGGGGTAATATCAAC,0,3330533
rspAp,0.25,3,3,AAGGCTCAAGTGCCGAAACT,0,3330892
rspAp,0.25,3,3,AAGCTACTGGCAATCAACTC,0,3321681
rspAp,0.25,3,3,AAGCGCAGGCGCGCAGACTC,0,3319016
rspAp,0.25,3,3,AAGCCTAGGTTGTCGGAAAT,0,3325378
rspAp,0.25,3,3,AAGAGAGTATTAGCGTAGCT,0,3324983
rspAp,0.25,3,3,AACGCCCCGGTGTGTACTCT,0,3313242
rspAp,0.25,3,3,AACGAATACATCGACCCAGG,0,3312304
rspAp,0.25,3,3,AACGAAAAGGAAACGGGACC,0,3325125
rspAp,0.25,3,3,AACCATCCGTCAATCCCTGC,0,3310149
rspAp,0.25,3,3,AACCAGGCCAGGTAGCCCAC,0,3318925
rspAp,0.25,3,3,AACAATAATTGTATAACCAA,0,3333156
rspAp,0.25,3,3,AACAAGTCGCCTGGCCAGAT,0,3325982
rspAp,0.25,3,3,AAATTTTTTAACGCAAAGCC,0,3309204
rspAp,0.25,3,3,AAATCTAATATGGGTCGTCT,0,3314656
rspAp,0.25,3,3,AAATCCTGGAAGACTCCACC,0,3318654
rspAp,0.25,3,3,AAAGTGTGTGGGGGAGTACT,0,3321602
rspAp,0.25,3,3,AAAGACAGGATGCGTTCAGA,0,3333171
rspAp,0.25,3,3,AAACGCATCACCTTGATTGG,0,3316763
rspAp,0.25,3,3,AAACATCTGCTTCAGATTCA,0,3320786
rspAp,0.25,3,3,AAAAAGAGCATGCAGATGTA,0,3316888
rspAp,0.3333333333333333,2,2,TTTTTTCCTCACGACTCCGA,0,3312611
rspAp,0.3333333333333333,2,2,TTTTTGGCCCTCGACGCACA,0,3325391
rspAp,0.3333333333333333,2,2,TTTTCACTGGCGCACGTATT,0,3332602
rspAp,0.3333333333333333,2,2,TTTGGTCCGCTCTTGGTAGC,0,3313010
rspAp,0.3333333333333333,2,2,TTTGCTCGTTAGCCGTATCT,0,3315118
rspAp,0.3333333333333333,2,2,TTTGCCCTCGATGGTACGTA,0,3310088
rspAp,0.3333333333333333,2,2,TTTGCAGAGTTTTGCCTACC,0,3332678
rspAp,0.3333333333333333,2,2,TTTGAAGATTTTACAATAGG,0,3312081
rspAp,0.3333333333333333,2,2,TTTCGGGTGAAATTTGTGCT,0,3324815
rspAp,0.3333333333333333,2,2,TTTCCAGTAGTCTCCGTACA,0,3324231
rspAp,0.3333333333333333,2,2,TTTACGAAGCCCTCCATCAT,0,3319124
rspAp,0.3333333333333333,2,2,TTTAATCGAACCCCTTTACT,0,3315177
rspAp,0.3333333333333333,2,2,TTGTCCTCGGAGCGGTATGA,0,3313204
rspAp,0.3333333333333333,2,2,TTGGTTGAGACATATGTCCA,0,3315444
rspAp,0.3333333333333333,2,2,TTGCAAGAAGTCGTGTGGCC,0,3326247
rspAp,0.3333333333333333,2,2,TTGAGGCACATTGCGAAACT,0,3320852
rspAp,0.3333333333333333,2,2,TTCTAGAAAATGGGTGTTCG,0,3318968
rspAp,0.3333333333333333,2,2,TTCGTCCTCGGGTACATGAT,0,3314447
rspAp,0.3333333333333333,2,2,TTCGCCAAAGGAATAAGACG,0,3317368
rspAp,0.3333333333333333,2,2,TTCGCAAGGGAACGCATCTC,0,3320883
rspAp,0.3333333333333333,2,2,TTCGAGTTTTGATGGGACTT,0,3317579
rspAp,0.3333333333333333,2,2,TTCCTGTTCCATCGGCGAAG,0,3330820
rspAp,0.3333333333333333,2,2,TTCCAACCTGACAGTAGTCT,0,3326682
rspAp,0.3333333333333333,2,2,TTCATTTCCACAGCGCCTTT,0,3324545
rspAp,0.3333333333333333,2,2,TTATTGAGTCCTAGACCAAA,0,3327688
rspAp,0.3333333333333333,2,2,TTATTATCCCGTACGCCGTG,0,3316665
rspAp,0.3333333333333333,2,2,TTATCGCTTCGGCCTTACTG,0,3328373
rspAp,0.3333333333333333,2,2,TTATCCGCCCCAGAAAGAAC,0,3316299
rspAp,0.3333333333333333,2,2,TTAGTTAACATACTGGCTCG,0,3318343
rspAp,0.3333333333333333,2,2,TTAGGTCTCACTGGCGCTTT,0,3327658
rspAp,0.3333333333333333,2,2,TTAGATCGCTGAGAGGAAAC,0,3314154
rspAp,0.3333333333333333,2,2,TTAGAGGTTGGCTATAAGCA,0,3322994
rspAp,0.3333333333333333,2,2,TTACCTAATGCGTTACAGTT,0,3316727
rspAp,0.3333333333333333,2,2,TTACCCATACTATTACTACG,0,3309327
rspAp,0.3333333333333333,2,2,TTACCCAGACGTGAATCGAT,0,3330853
rspAp,0.3333333333333333,2,2,TTAAGTTGGGCCGACGCAGT,0,3317595
rspAp,0.3333333333333333,2,2,TTAACAAGAAGAACGGTTCC,0,3315671
rspAp,0.3333333333333333,2,2,TGTTACTACCGGCTGTAGTG,0,3325965
rspAp,0.3333333333333333,2,2,TGTGGCCATAATACGACACC,0,3330504
rspAp,0.3333333333333333,2,2,TGTCTATCCGTGATGTGTCA,0,3318874
rspAp,0.3333333333333333,2,2,TGTCCCACGAACTTAGCAGG,0,3327768
rspAp,0.3333333333333333,2,2,TGTAAGACCCAGGTTCCTAC,0,3313886
rspAp,0.3333333333333333,2,2,TGGTGATTCTTGTATACATA,0,3325513
rspAp,0.3333333333333333,2,2,TGGGGGCTAAGGGCTACCTA,0,3329282
rspAp,0.3333333333333333,2,2,TGGGCAGAAGGCGGTCTGTT,0,3328489
rspAp,0.3333333333333333,2,2,TGGATTTAGGGGCTTCCAAG,0,3308866
rspAp,0.3333333333333333,2,2,TGGACTCAGTCGCCTCCATG,0,3323160
rspAp,0.3333333333333333,2,2,TGGAAGAACCTCGGGGCGTC,0,3311222
rspAp,0.3333333333333333,2,2,TGCTTCATCGGTATTACTTG,0,3312784
rspAp,0.3333333333333333,2,2,TGCGTTGTGTAAGTCTGGTC,0,3309662
rspAp,0.3333333333333333,2,2,TGCGGCATTTTACCATGAAG,0,3333400
rspAp,0.3333333333333333,2,2,TGCGCAATTAACCTATTTTC,0,3328529
rspAp,0.3333333333333333,2,2,TGCCGCCCTCCCGAACGTGA,0,3332235
rspAp,0.3333333333333333,2,2,TGCCCCCCCTAGGATTGGCT,0,3310975
rspAp,0.3333333333333333,2,2,TGCAGGTTCTAGAGATCGCT,0,3314905
rspAp,0.3333333333333333,2,2,TGCAACCCAAAACAAATATA,0,3317740
rspAp,0.3333333333333333,2,2,TGATTGCTTCTAACCTGCCT,0,3321980
rspAp,0.3333333333333333,2,2,TGATTCATGAGCTACCGACG,0,3313008
rspAp,0.3333333333333333,2,2,TGATCTGATTATGCGCTTTA,0,3329429
rspAp,0.3333333333333333,2,2,TGATCGAGTTTCCCTGTCAG,0,3327193
rspAp,0.3333333333333333,2,2,TGAGCCCAACCCCGGATTCC,0,3330315
rspAp,0.3333333333333333,2,2,TGAGAGAGAATAACATTACC,0,3314525
rspAp,0.3333333333333333,2,2,TGAGACTAGAAGAGCTCCGA,0,3316878
rspAp,0.3333333333333333,2,2,TGACATGTGGCTAAGAACAT,0,3329507
rspAp,0.3333333333333333,2,2,TGAATTACAGATTAGTGGAG,0,3326615
rspAp,0.3333333333333333,2,2,TGAATGTCTCAAGGGTTCGT,0,3323003
rspAp,0.3333333333333333,2,2,TGAAGGGTTCCCCCACACAT,0,3309192
rspAp,0.3333333333333333,2,2,TCTTGGGAGATCTGTCGAGT,0,3328881
rspAp,0.3333333333333333,2,2,TCTTGAACGCGCGCGGAGAG,0,3317572
rspAp,0.3333333333333333,2,2,TCTGGACAAGTCCCTCTTTG,0,3318981
rspAp,0.3333333333333333,2,2,TCTGCTGTCTTGGATCAATC,0,3332915
rspAp,0.3333333333333333,2,2,TCTAACAATGTGAAGTCCAT,0,3314627
rspAp,0.3333333333333333,2,2,TCGTCTCGGTTGGGCGAAGA,0,3322499
rspAp,0.3333333333333333,2,2,TCGGGGCCTGGCTCAGGAGC,0,3317945
rspAp,0.3333333333333333,2,2,TCGGCCGTGCAGAAACCTAC,0,3323149
rspAp,0.3333333333333333,2,2,TCGGCCCAGGGGTGCACAAT,0,3314800
rspAp,0.3333333333333333,2,2,TCGCTTCGGGGAAGAACTCT,0,3329678
rspAp,0.3333333333333333,2,2,TCGCTAGGTCCCACTCCGTG,0,3331668
rspAp,0.3333333333333333,2,2,TCGATGCCCATCAGCAGTAG,0,3319534
rspAp,0.3333333333333333,2,2,TCGAGTTCCCCTGGGTTGAC,0,3321239
rspAp,0.3333333333333333,2,2,TCGAAACGAGACTCGCTCTA,0,3325554
rspAp,0.3333333333333333,2,2,TCCTTGCGAGGTACTGTCTA,0,3309453
rspAp,0.3333333333333333,2,2,TCCTCACTGATGGCCTTTCA,0,3327278
rspAp,0.3333333333333333,2,2,TCCTCACTCGTAAAGACGAC,0,3319530
rspAp,0.3333333333333333,2,2,TCCCTTCAACTTAACCGAGT,0,3313736
rspAp,0.3333333333333333,2,2,TCCAATAGGACGTTCTATTT,0,3314687
rspAp,0.3333333333333333,2,2,TCCAACTCTTTACCCAGTGG,0,3316027
rspAp,0.3333333333333333,2,2,TCATTAGCTTTTTGGGCGAA,0,3331248
rspAp,0.3333333333333333,2,2,TCATCCACTTCACTGCTGTG,0,3333570
rspAp,0.3333333333333333,2,2,TCATACCAGCGGACAGAGAA,0,3314107
rspAp,0.3333333333333333,2,2,TCAGTCTGAGGGCCTAAACG,0,3333560
rspAp,0.3333333333333333,2,2,TCAGCCGTTGGGACGAGTGA,0,3327549
rspAp,0.3333333333333333,2,2,TCAAAAAGGAGCCACGACCA,0,3327448
rspAp,0.3333333333333333,2,2,TATTTTCAGCTATAAGCTGT,0,3319850
rspAp,0.3333333333333333,2,2,TATTCTATCGCACCAACGCG,0,3326020
rspAp,0.3333333333333333,2,2,TATGTACAAAAGTACCGTAA,0,3311600
rspAp,0.3333333333333333,2,2,TATCTACGTAAAGGTACAAT,0,3315690
rspAp,0.3333333333333333,2,2,TATCATCGTAGTCCTGTCTC,0,3324352
rspAp,0.3333333333333333,2,2,TATAGCCCCGCACCGGAGGG,0,3322262
rspAp,0.3333333333333333,2,2,TAGCCCAGGCACCTGGACGG,0,3314244
rspAp,0.3333333333333333,2,2,TAGCAGGGGCGTATTATGAG,0,3316870
rspAp,0.3333333333333333,2,2,TAGAAGATTGGTCCGAGCCA,0,3323090
rspAp,0.3333333333333333,2,2,TACTCGTGAAGTTCTAGGGG,0,3326617
rspAp,0.3333333333333333,2,2,TACTCACTGCTCTACTCTGA,0,3332565
rspAp,0.3333333333333333,2,2,TACGGGGCGTCCTTAGTTAG,0,3321358
rspAp,0.3333333333333333,2,2,TACGCGCATCGTGGTCTATG,0,3315642
rspAp,0.3333333333333333,2,2,TACCACGTGCGCATCTGGCA,0,3318660
rspAp,0.3333333333333333,2,2,TACACTTGTCCTGGGATTGT,0,3331334
rspAp,0.3333333333333333,2,2,TACACCATGAAATCTTGATG,0,3330958
rspAp,0.3333333333333333,2,2,TACAAATCTGGAACCATGAG,0,3318535
rspAp,0.3333333333333333,2,2,TAATTTCTGCCGTAATACGG,0,3320993
rspAp,0.3333333333333333,2,2,TAATGGGAATGCTTGGCGAT,0,3328945
rspAp,0.3333333333333333,2,2,TAATCCCTTCGGGGAGGCAG,0,3325923
rspAp,0.3333333333333333,2,2,TAAGGGGCAATTGCCATTTA,0,3330653
rspAp,0.3333333333333333,2,2,TAAGAGACGATACTAGACTA,0,3314011
rspAp,0.3333333333333333,2,2,TAAACCGAGTGAGGAGTTCG,0,3329023
rspAp,0.3333333333333333,2,2,GTTTGTACGCTAGCATCTTC,0,3309644
rspAp,0.3333333333333333,2,2,GTTCGAATCCAATGTTGCCT,0,3317027
rspAp,0.3333333333333333,2,2,GTTATCCTGCAAAAGGTAAA,0,3317935
rspAp,0.3333333333333333,2,2,GTTATCCTACTACGGAACTC,0,3308879
rspAp,0.3333333333333333,2,2,GTTACCTCATGATGCGGCTG,0,3314938
rspAp,0.3333333333333333,2,2,GTTAACGGTCACTTTTCTCA,0,3326898
rspAp,0.3333333333333333,2,2,GTGTTGCTAAGGCGTACCCC,0,3333348
rspAp,0.3333333333333333,2,2,GTGTCTAATAATCTCGAGTA,0,3312677
rspAp,0.3333333333333333,2,2,GTGTCAAGACTTGCTCCTCT,0,3310329
rspAp,0.3333333333333333,2,2,GTGGTGCGCGCGAACCTTGC,0,3314879
rspAp,0.3333333333333333,2,2,GTGGGCGAACCAACAGTCTG,0,3317624
rspAp,0.3333333333333333,2,2,GTGCTGGCTACGAAACATTT,0,3322165
rspAp,0.3333333333333333,2,2,GTGCTCTATAACCTACACTG,0,3321098
rspAp,0.3333333333333333,2,2,GTGATATTTGCGTAAGAGAT,0,3327675
rspAp,0.3333333333333333,2,2,GTGATAACGGGACGTACGAA,0,3329960
rspAp,0.3333333333333333,2,2,GTGAGTCTAGATCGGGGCGG,0,3324262
rspAp,0.3333333333333333,2,2,GTGACAGACATGCGAAAAAT,0,3320071
rspAp,0.3333333333333333,2,2,GTCTTTCTTGAGCTTGCGTG,0,3320163
rspAp,0.3333333333333333,2,2,GTCGTAGACAATCAAGTTTA,0,3312977
rspAp,0.3333333333333333,2,2,GTCGCCTAGGCGTCGATACC,0,3319576
rspAp,0.3333333333333333,2,2,GTCGCACTATGCAGTGGGCG,0,3311512
rspAp,0.3333333333333333,2,2,GTCGAGTCCTGCTCCAAGAT,0,3316713
rspAp,0.3333333333333333,2,2,GTCCGTGCCGGGGTGGCAAA,0,3328719
rspAp,0.3333333333333333,2,2,GTCCCCGCGATATAACCATG,0,3324267
rspAp,0.3333333333333333,2,2,GTCCCATTGTCTACTCGTCG,0,3327480
rspAp,0.3333333333333333,2,2,GTCAGGGAGGCATCTCTGTT,0,3318646
rspAp,0.3333333333333333,2,2,GTCACCGGCCGCAATTCACT,0,3330111
rspAp,0.3333333333333333,2,2,GTCACCCAGCGGGATGGCAG,0,3319139
rspAp,0.3333333333333333,2,2,GTCACACACCGTGTAGGTTG,0,3332736
rspAp,0.3333333333333333,2,2,GTATCAGTGACAAGTTCAAT,0,3332452
rspAp,0.3333333333333333,2,2,GTAGCATCTAGGATTCATCT,0,3325253
rspAp,0.3333333333333333,2,2,GTAGAGCCCGGGTACATTTC,0,3332799
rspAp,0.3333333333333333,2,2,GTAGACGGGTTTGGGCGAGG,0,3321924
rspAp,0.3333333333333333,2,2,GTACAGGCTGGTCAGTAGAT,0,3321342
rspAp,0.3333333333333333,2,2,GTAAGCACAGACCTTAACTC,0,3330283
rspAp,0.3333333333333333,2,2,GGTTCCGCTAGCGCGGCCTC,0,3323902
rspAp,0.3333333333333333,2,2,GGTGGTCCTAGTGCAAAAGT,0,3330909
rspAp,0.3333333333333333,2,2,GGTGGCCTCTAGACCGTTCT,0,3322513
rspAp,0.3333333333333333,2,2,GGTGCCTCGGGCTTGTTATC,0,3312680
rspAp,0.3333333333333333,2,2,GGTCTCTTAAGTTTAGTCAC,0,3329838
rspAp,0.3333333333333333,2,2,GGTCGAATCACGTTGGTCTA,0,3321853
rspAp,0.3333333333333333,2,2,GGTAGTCCGGCTCTTCCTCC,0,3312634
rspAp,0.3333333333333333,2,2,GGTACTCGACGCTAATCTTC,0,3323248
rspAp,0.3333333333333333,2,2,GGTACGGTACTTCAAACGGT,0,3329602
rspAp,0.3333333333333333,2,2,GGTACACTCCGTAGGTTTTT,0,3310174
rspAp,0.3333333333333333,2,2,GGTAATCTATACGGACTGCC,0,3314275
rspAp,0.3333333333333333,2,2,GGGTTGGCGGCACTCGCGCG,0,3326452
rspAp,0.3333333333333333,2,2,GGGTTCACAGTCCGTTAAAT,0,3326169
rspAp,0.3333333333333333,2,2,GGGTGTTATCCACGGTATGG,0,3317490
rspAp,0.3333333333333333,2,2,GGGTGGAATGGTAAACTTTA,0,3319069
rspAp,0.3333333333333333,2,2,GGGTCTGTATGCTACCTTCA,0,3327330
rspAp,0.3333333333333333,2,2,GGGTCAGCGTGGGCTTAGGG,0,3332208
rspAp,0.3333333333333333,2,2,GGGGGTCGAGTTCCTAATTC,0,3316498
rspAp,0.3333333333333333,2,2,GGGGGCTGTCCTAGCATGAG,0,3325413
rspAp,0.3333333333333333,2,2,GGGGAGTTCTCCCCCTGGCA,0,3321118
rspAp,0.3333333333333333,2,2,GGGGAGAAATTGAGCCGTAA,0,3328297
rspAp,0.3333333333333333,2,2,GGGGAAGTAAACCTAAGACC,0,3331937
rspAp,0.3333333333333333,2,2,GGGCTGCTTGGTCCCAGAGG,0,3311153
rspAp,0.3333333333333333,2,2,GGGCTACTTTACGTCCATAA,0,3319128
rspAp,0.3333333333333333,2,2,GGGCGAGGATAAAGTTAAGA,0,3331307
rspAp,0.3333333333333333,2,2,GGGATAGAACTGCTTCGCAT,0,3313837
rspAp,0.3333333333333333,2,2,GGGAGACTATAGAATTCCGC,0,3316347
rspAp,0.3333333333333333,2,2,GGCGTCGCCAGATCATCTTG,0,3311768
rspAp,0.3333333333333333,2,2,GGCGTATCATTAGTCCCAGC,0,3318148
rspAp,0.3333333333333333,2,2,GGCGCCTGTTTAGAGTGCCT,0,3318575
rspAp,0.3333333333333333,2,2,GGCCTGGTATAATTTGCAAG,0,3326989
rspAp,0.3333333333333333,2,2,GGCCGAACTAGGTCTTCATG,0,3328823
rspAp,0.3333333333333333,2,2,GGCCCACCTTCGGGTTTCCT,0,3328072
rspAp,0.3333333333333333,2,2,GGCACTCGAATCGGGAAAGG,0,3330520
rspAp,0.3333333333333333,2,2,GGCAACCATGATCGTCAGAA,0,3325539
rspAp,0.3333333333333333,2,2,GGATTCCGCTTTCGAACGAA,0,3333246
rspAp,0.3333333333333333,2,2,GGATGTCTGGTGTGTGATGC,0,3333526
rspAp,0.3333333333333333,2,2,GGATGCTTGAAGACTAACGT,0,3311475
rspAp,0.3333333333333333,2,2,GGAGTGACGCCCGGGTTGCA,0,3331183
rspAp,0.3333333333333333,2,2,GGAGACCAGGAGCTTTAGGT,0,3312256
rspAp,0.3333333333333333,2,2,GGACGGGCCAACTACACTTC,0,3333646
rspAp,0.3333333333333333,2,2,GGACCAACCGTTCCGGGGTG,0,3330988
rspAp,0.3333333333333333,2,2,GGACATCATACCTGGGGTTA,0,3323570
rspAp,0.3333333333333333,2,2,GGAATGTATGGTGCCAAATG,0,3308857
rspAp,0.3333333333333333,2,2,GCTTCACCGCCATCTGAGGG,0,3315674
rspAp,0.3333333333333333,2,2,GCTGGAGGCAAGGAGAGACG,0,3326712
rspAp,0.3333333333333333,2,2,GCTATCTGACCGGTATTGAA,0,3331891
rspAp,0.3333333333333333,2,2,GCTACTCATTACCGAGGCGA,0,3313200
rspAp,0.3333333333333333,2,2,GCGTTGGCACAAATTCTGCG,0,3316790
rspAp,0.3333333333333333,2,2,GCGTTGAGATATATACAATA,0,3321063
rspAp,0.3333333333333333,2,2,GCGTCTCATAGCAGTCTGGT,0,3321947
rspAp,0.3333333333333333,2,2,GCGGTGATCCGGGATTTGAT,0,3326687
rspAp,0.3333333333333333,2,2,GCGGGAAAGGAGTACTAGTT,0,3309461
rspAp,0.3333333333333333,2,2,GCGCCTCTAGCACCTAGGAC,0,3315479
rspAp,0.3333333333333333,2,2,GCGCAATGTAAGGCTGTAAG,0,3323710
rspAp,0.3333333333333333,2,2,GCGAACCGGTCCATCTGCCT,0,3312497
rspAp,0.3333333333333333,2,2,GCCTTCATCACAAGAACTGG,0,3312307
rspAp,0.3333333333333333,2,2,GCCTATCTCCAAAGAGCGGT,0,3323312
rspAp,0.3333333333333333,2,2,GCCTACTTAGGCGGTGTCAC,0,3317251
rspAp,0.3333333333333333,2,2,GCCGAAAATCTTTGGGGCCG,0,3319926
rspAp,0.3333333333333333,2,2,GCCCCAAGGCCGGTTATCGC,0,3309852
rspAp,0.3333333333333333,2,2,GCCAGCATGTGCGGCTGTAT,0,3313115
rspAp,0.3333333333333333,2,2,GCCACGAACCAGACACTAAT,0,3314851
rspAp,0.3333333333333333,2,2,GCATTGGACACCTTTCTGTT,0,3328905
rspAp,0.3333333333333333,2,2,GCATGCGCAAGTAGGACTAT,0,3325821
rspAp,0.3333333333333333,2,2,GCATCCTACTTTCACCCGCA,0,3318542
rspAp,0.3333333333333333,2,2,GCAGTTCTATGACCTTTGCC,0,3323584
rspAp,0.3333333333333333,2,2,GCAGAAGTGCCGACGGAGTG,0,3322225
rspAp,0.3333333333333333,2,2,GCACTTACTGTCGCGCATAC,0,3310129
rspAp,0.3333333333333333,2,2,GCACTCGTTAGCATGGGGCA,0,3325369
rspAp,0.3333333333333333,2,2,GCACCTAGGTAGCGCGGTCC,0,3333292
rspAp,0.3333333333333333,2,2,GCACCGGCCAAGACTAATTG,0,3320014
rspAp,0.3333333333333333,2,2,GCACCGAGCTCATGAGTAAT,0,3329113
rspAp,0.3333333333333333,2,2,GCACACGGCTAATTAGCTAG,0,3328397
rspAp,0.3333333333333333,2,2,GATTCGCTGGGTGGGGTCCC,0,3324388
rspAp,0.3333333333333333,2,2,GATGCTGAAGATTCTGTAAC,0,3329853
rspAp,0.3333333333333333,2,2,GATCTCGTTTAGGTGACGAC,0,3312486
rspAp,0.3333333333333333,2,2,GATCGACGCCGTGTACGTCA,0,3319857
rspAp,0.3333333333333333,2,2,GATATTTTCAATACGTAGGG,0,3325205
rspAp,0.3333333333333333,2,2,GATATTGTGCCATGGCCTAA,0,3330342
rspAp,0.3333333333333333,2,2,GATATATCGTCCACGGCTAA,0,3329567
rspAp,0.3333333333333333,2,2,GATAGATGCCTGGGCGGGCC,0,3314824
rspAp,0.3333333333333333,2,2,GATACAAAGTAAAGAGCACG,0,3320675
rspAp,0.3333333333333333,2,2,GAGTTACGGGTGTAGCGTGA,0,3313411
rspAp,0.3333333333333333,2,2,GAGGTTGAACGATTCCTGCG,0,3320706
rspAp,0.3333333333333333,2,2,GAGGCGTAACGTAAACATTC,0,3323206
rspAp,0.3333333333333333,2,2,GAGGATTTATTCACGCTTTT,0,3315679
rspAp,0.3333333333333333,2,2,GAGCGTCCGACCGGCCTTGA,0,3322407
rspAp,0.3333333333333333,2,2,GAGCGTACACTTTGAACCCA,0,3313203
rspAp,0.3333333333333333,2,2,GACGCTTGCAAATCTTCGGT,0,3331789
rspAp,0.3333333333333333,2,2,GACCAGGTGATAGAGAAGCA,0,3326357
rspAp,0.3333333333333333,2,2,GACATTGTGGTCTTCTCCGT,0,3315309
rspAp,0.3333333333333333,2,2,GACAAGCATCTGTCACTCGG,0,3312876
rspAp,0.3333333333333333,2,2,GAATCGGTGCTGGGTATCGA,0,3310017
rspAp,0.3333333333333333,2,2,GAATCGCGCAAGGGTGAATT,0,3322838
rspAp,0.3333333333333333,2,2,GAAGTATCGGTCCGAAACTG,0,3310756
rspAp,0.3333333333333333,2,2,GAACAGGTAGATCCTAGCAA,0,3313209
rspAp,0.3333333333333333,2,2,GAAATAGGCTCGCCGTAGGC,0,3328035
rspAp,0.3333333333333333,2,2,GAAATACAAAAACATAACCA,0,3324188
rspAp,0.3333333333333333,2,2,GAAACCGCCTTCCACGACTG,0,3312576
rspAp,0.3333333333333333,2,2,GAAACATCATGTCATCGCTG,0,3330152
rspAp,0.3333333333333333,2,2,GAAACAATTTCTGCTAAATT,0,3310680
rspAp,0.3333333333333333,2,2,CTTTGGTGCAATCCCGGGTG,0,3328248
rspAp,0.3333333333333333,2,2,CTTTCATTGGCCTCAATAGC,0,3331955
rspAp,0.3333333333333333,2,2,CTTTACGCCGCGGGGAGCTT,0,3319524
rspAp,0.3333333333333333,2,2,CTTGGCCGCAGGTTGCGGTT,0,3309497
rspAp,0.3333333333333333,2,2,CTTGCTCAGGATCTCTTGGA,0,3313791
rspAp,0.3333333333333333,2,2,CTTCTAGCACTTAGGAGGTG,0,3324929
rspAp,0.3333333333333333,2,2,CTTCCGTCGAGGCACCCACC,0,3311071
rspAp,0.3333333333333333,2,2,CTTCAAGTTTGACACTTACT,0,3312247
rspAp,0.3333333333333333,2,2,CTTATTATATCAGTGGACTT,0,3310518
rspAp,0.3333333333333333,2,2,CTTACCTAACTGGGGGCAGA,0,3324881
rspAp,0.3333333333333333,2,2,CTGTACCTCCAGCTTATTTT,0,3317059
rspAp,0.3333333333333333,2,2,CTGTAATCGTTCGATTTGAG,0,3309548
rspAp,0.3333333333333333,2,2,CTGGGTAATAGCCATGCGCT,0,3312905
rspAp,0.3333333333333333,2,2,CTGACGGTTATTCGGAGGGA,0,3321248
rspAp,0.3333333333333333,2,2,CTCTGTGTGGGTACAAGTCC,0,3313519
rspAp,0.3333333333333333,2,2,CTCTGGCGTGCCCTACGTAG,0,3311726
rspAp,0.3333333333333333,2,2,CTCTCTAATCTGCGGATCAA,0,3312178
rspAp,0.3333333333333333,2,2,CTCTCGATGCCCAACATTAG,0,3310525
rspAp,0.3333333333333333,2,2,CTCTCCCAGGTACAACACGA,0,3331736
rspAp,0.3333333333333333,2,2,CTCGACGCAAAACTATTCTA,0,3331042
rspAp,0.3333333333333333,2,2,CTCCAGATGCGCTTGTGTGA,0,3320069
rspAp,0.3333333333333333,2,2,CTCCAAAACCATTGGAAACC,0,3330189
rspAp,0.3333333333333333,2,2,CTCATCATTTAGATCTTTAT,0,3325168
rspAp,0.3333333333333333,2,2,CTCAGGTACGTTCCGTCCGA,0,3317149
rspAp,0.3333333333333333,2,2,CTCAAGAGAACACTCTGGTT,0,3327032
rspAp,0.3333333333333333,2,2,CTCAACCATCACCGCAGGAT,0,3328944
rspAp,0.3333333333333333,2,2,CTAGGGTCTCTTATCATGCT,0,3318833
rspAp,0.3333333333333333,2,2,CTAGCTGGAAACTGGATGAA,0,3320680
rspAp,0.3333333333333333,2,2,CTACACGTCGGCGAGCATGT,0,3329463
rspAp,0.3333333333333333,2,2,CTAAATGGAATCAGAGCACG,0,3318188
rspAp,0.3333333333333333,2,2,CGTTTGTGTAGCTTAACCGG,0,3312754
rspAp,0.3333333333333333,2,2,CGTTTCACTTGAGCCGCTGC,0,3317203
rspAp,0.3333333333333333,2,2,CGTTGTCCGGCATCTTTTGC,0,3330523
rspAp,0.3333333333333333,2,2,CGTTCATCTAACAGTCACGT,0,3310396
rspAp,0.3333333333333333,2,2,CGTTATACAGTACGTCGATC,0,3324835
rspAp,0.3333333333333333,2,2,CGTTAGGATATGTGGCTTCA,0,3327435
rspAp,0.3333333333333333,2,2,CGTGGCAGGACTCGCGATTG,0,3311318
rspAp,0.3333333333333333,2,2,CGTGCCTAATCACGGAGCGC,0,3319734
rspAp,0.3333333333333333,2,2,CGTATTCAGCTGGATATACC,0,3325252
rspAp,0.3333333333333333,2,2,CGTATGTACCTCTAAAAGGT,0,3320493
rspAp,0.3333333333333333,2,2,CGTATCTTTTTACAATGATC,0,3328236
rspAp,0.3333333333333333,2,2,CGTAGCGAAGTATTTTCATC,0,3320929
rspAp,0.3333333333333333,2,2,CGGTTGGCCCTCGTCTTTGA,0,3314545
rspAp,0.3333333333333333,2,2,CGGTTAACCCGATACCCCAG,0,3316705
rspAp,0.3333333333333333,2,2,CGGTCGTAAGCGGCACTGAC,0,3313742
rspAp,0.3333333333333333,2,2,CGGGTATTCCAAAAACCAAG,0,3309597
rspAp,0.3333333333333333,2,2,CGGGTAATAAACCTGACTTT,0,3331021
rspAp,0.3333333333333333,2,2,CGGGGTTGTCAACGGTTATC,0,3329695
rspAp,0.3333333333333333,2,2,CGGGGGGATCGACTGTATAG,0,3315580
rspAp,0.3333333333333333,2,2,CGGGATGCTTAAGACTCGAC,0,3313439
rspAp,0.3333333333333333,2,2,CGGCGTAATGATAGCGTCCC,0,3313162
rspAp,0.3333333333333333,2,2,CGGCGCATCCCACTGCGTGC,0,3325931
rspAp,0.3333333333333333,2,2,CGGCGAGGCCATACGTAAGG,0,3319344
rspAp,0.3333333333333333,2,2,CGGCAGTTCAGGCTCTGTCC,0,3333138
rspAp,0.3333333333333333,2,2,CGGAGTAACACATTACGAAG,0,3321948
rspAp,0.3333333333333333,2,2,CGCTGCCCCAAGGAAGACGG,0,3311210
rspAp,0.3333333333333333,2,2,CGCTCTTGTGAGGCCCTTGT,0,3310094
rspAp,0.3333333333333333,2,2,CGCGTATTTCCCCAGATAAG,0,3327343
rspAp,0.3333333333333333,2,2,CGCGCGTACTTCCACTGTAC,0,3323386
rspAp,0.3333333333333333,2,2,CGCCTCAGGGTTGTACCAAC,0,3309576
rspAp,0.3333333333333333,2,2,CGCCGTGCTGATCCGTCGTT,0,3320971
rspAp,0.3333333333333333,2,2,CGCCGGGCGGAGCGCGCGAC,0,3318061
rspAp,0.3333333333333333,2,2,CGCACCAACAAGTCAGGTCA,0,3310353
rspAp,0.3333333333333333,2,2,CGCAACGCTTCATCACTGGG,0,3312602
rspAp,0.3333333333333333,2,2,CGATCGAGAGCGACGCGAAG,0,3332378
rspAp,0.3333333333333333,2,2,CGATCCGATCCCAGACGTTG,0,3311667
rspAp,0.3333333333333333,2,2,CGACGATATGAGCTATCCAC,0,3318372
rspAp,0.3333333333333333,2,2,CGACGAGCTCCCGTGAGCCC,0,3318709
rspAp,0.3333333333333333,2,2,CGAATAAAAAATAGAAAGAG,0,3327173
rspAp,0.3333333333333333,2,2,CGAACATCCGTCAATTCCAG,0,3328587
rspAp,0.3333333333333333,2,2,CCTGGTCGAGCGATTCACTT,0,3310565
rspAp,0.3333333333333333,2,2,CCTGCCCTTCTGCCGGGATG,0,3324961
rspAp,0.3333333333333333,2,2,CCTCTAGAGGTGGCTGACGT,0,3332940
rspAp,0.3333333333333333,2,2,CCTCCCGATGCCCGGGAGAC,0,3329181
rspAp,0.3333333333333333,2,2,CCTCATGCATAGATGAGGTA,0,3332719
rspAp,0.3333333333333333,2,2,CCTAGGCCCAGGTATGGATC,0,3331655
rspAp,0.3333333333333333,2,2,CCTACTTGTAGGCGCGGAAC,0,3320404
rspAp,0.3333333333333333,2,2,CCTACTAGGGCAAATCCGGG,0,3329187
rspAp,0.3333333333333333,2,2,CCTACCGTGGCGCATTATGT,0,3315625
rspAp,0.3333333333333333,2,2,CCGTGACATACCCTCCGGTG,0,3327449
rspAp,0.3333333333333333,2,2,CCGGTCCCCAGAAAGGGCTC,0,3309408
rspAp,0.3333333333333333,2,2,CCGGTATTATCACAAGCAAT,0,3322342
rspAp,0.3333333333333333,2,2,CCGGCGGTAGCTTGTACCAA,0,3329120
rspAp,0.3333333333333333,2,2,CCGGACCATTCACCAGATGC,0,3315878
rspAp,0.3333333333333333,2,2,CCGCGTGTGCTCATATCGGA,0,3327240
rspAp,0.3333333333333333,2,2,CCGCACGAGGGACCGGCTCG,0,3318947
rspAp,0.3333333333333333,2,2,CCGACAGGGAGATTTCCACT,0,3325388
rspAp,0.3333333333333333,2,2,CCCTATCGGTACGGTCGCTC,0,3312574
rspAp,0.3333333333333333,2,2,CCCGGGCACTCAACGAATGG,0,3315321
rspAp,0.3333333333333333,2,2,CCCGGAAGCAGCTTGATGGA,0,3318285
rspAp,0.3333333333333333,2,2,CCCGCTAACATACAACATCG,0,3320113
rspAp,0.3333333333333333,2,2,CCCGAGGATAGCCACAGGAT,0,3319520
rspAp,0.3333333333333333,2,2,CCCCATCGGGTATAAGTACT,0,3332087
rspAp,0.3333333333333333,2,2,CCCCAGAGTTAGGACCAAGC,0,3316874
rspAp,0.3333333333333333,2,2,CCCAGCACATCTTCTGTTCT,0,3310139
rspAp,0.3333333333333333,2,2,CCCAAATCACCCACAGTGGT,0,3332800
rspAp,0.3333333333333333,2,2,CCCAAAGGTACAACCGAGAA,0,3312824
rspAp,0.3333333333333333,2,2,CCATGCATGTCCTACGCTCT,0,3322150
rspAp,0.3333333333333333,2,2,CCATCCCGCATTGCTCGCGT,0,3325222
rspAp,0.3333333333333333,2,2,CCATAAGTTGATGTGCTGAA,0,3321745
rspAp,0.3333333333333333,2,2,CCAGGGGACTACGGCTAAAA,0,3323645
rspAp,0.3333333333333333,2,2,CCACCCCCGTGCGTCAGAAG,0,3321017
rspAp,0.3333333333333333,2,2,CCACATCGCGTGCACCGGTT,0,3318141
rspAp,0.3333333333333333,2,2,CATTGGGGGATGCCGTTTTT,0,3325013
rspAp,0.3333333333333333,2,2,CATCCCAAGTCCATACCAAC,0,3328597
rspAp,0.3333333333333333,2,2,CATAAACTGCAATGAATTGT,0,3326416
rspAp,0.3333333333333333,2,2,CAGTTCCTGACTAACCTAAA,0,3323731
rspAp,0.3333333333333333,2,2,CAGGTGTATAAGAAGGATAT,0,3320418
rspAp,0.3333333333333333,2,2,CAGGTCTTAGGGGGCAATGT,0,3331374
rspAp,0.3333333333333333,2,2,CAGCTGGAATAAACCGTACG,0,3329768
rspAp,0.3333333333333333,2,2,CAGATTCAGCCAATCCCGAT,0,3327233
rspAp,0.3333333333333333,2,2,CAGATATTCATCGTTGTGGG,0,3317040
rspAp,0.3333333333333333,2,2,CAGACATTATTCCTGTCTAG,0,3312000
rspAp,0.3333333333333333,2,2,CAGAAGGAAGTTGTATCGAC,0,3324621
rspAp,0.3333333333333333,2,2,CACCGCGTCATAATGTTCTC,0,3320984
rspAp,0.3333333333333333,2,2,CACCCGGAATACTCCAAGCT,0,3315850
rspAp,0.3333333333333333,2,2,CACCATGAGACTGGTGAGGG,0,3322799
rspAp,0.3333333333333333,2,2,CACAGCTAACCTGGGACCAG,0,3315473
rspAp,0.3333333333333333,2,2,CACAAAGGGAACGCGATTTA,0,3318345
rspAp,0.3333333333333333,2,2,CAATTACTCAGTTGGCTCCT,0,3326242
rspAp,0.3333333333333333,2,2,CAATGCTGTGCTAAGGGTAC,0,3315303
rspAp,0.3333333333333333,2,2,CAATGAGCCCACCTGGCGCG,0,3322741
rspAp,0.3333333333333333,2,2,CAATCAAGGATGTCAGGATT,0,3330195
rspAp,0.3333333333333333,2,2,CAATACGTCACGCAGTTTCT,0,3317392
rspAp,0.3333333333333333,2,2,CAAGGCCTTTATCCCGCAAC,0,3330397
rspAp,0.3333333333333333,2,2,CAAGCGGCGTACAATGATGA,0,3316078
rspAp,0.3333333333333333,2,2,CAAGAAAAGCCAAACTAAGG,0,3324756
rspAp,0.3333333333333333,2,2,CAACTCGGCTTACATACCAT,0,3313717
rspAp,0.3333333333333333,2,2,CAAATGCCAGATGAAGAGTA,0,3310144
rspAp,0.3333333333333333,2,2,ATTTGCCCGGTGCCACCTGG,0,3314418
rspAp,0.3333333333333333,2,2,ATTGTGCCCCTCGTAATCAC,0,3327456
rspAp,0.3333333333333333,2,2,ATTGTCCCATGATAAGGCAA,0,3327050
rspAp,0.3333333333333333,2,2,ATTCGCAGTGCGGTCTGAAG,0,3311026
rspAp,0.3333333333333333,2,2,ATTCCTATCAACTATAGATA,0,3325796
rspAp,0.3333333333333333,2,2,ATTCACACTGAGTTGTTGAT,0,3317917
rspAp,0.3333333333333333,2,2,ATTAACTGACGGCCGTCATC,0,3331213
rspAp,0.3333333333333333,2,2,ATGTCCGATGGGTGGGGTGC,0,3324912
rspAp,0.3333333333333333,2,2,ATGTAAGGTAATGTGAGCGT,0,3327770
rspAp,0.3333333333333333,2,2,ATGGTCTACGACCGTCAGGT,0,3316738
rspAp,0.3333333333333333,2,2,ATGGCCTTCTTGAGTATTTG,0,3318640
rspAp,0.3333333333333333,2,2,ATGGATCGATTTGATATGGC,0,3313994
rspAp,0.3333333333333333,2,2,ATGCGTGAGTGTGAAATTCA,0,3329519
rspAp,0.3333333333333333,2,2,ATGCGGGGCTCATGGTATCC,0,3317551
rspAp,0.3333333333333333,2,2,ATGATAATCGCCAAACTTCG,0,3322635
rspAp,0.3333333333333333,2,2,ATGACTGTTGGAGATTTGGA,0,3320306
rspAp,0.3333333333333333,2,2,ATGACCGGAACCATAGCTCT,0,3317139
rspAp,0.3333333333333333,2,2,ATGACCAGACAGGTGTGTAT,0,3329467
rspAp,0.3333333333333333,2,2,ATCTTCTTACCTATCGATTC,0,3323498
rspAp,0.3333333333333333,2,2,ATCGTGGAAATGAAACATCC,0,3330673
rspAp,0.3333333333333333,2,2,ATCGCGCGCTAGGAAGCCAC,0,3324551
rspAp,0.3333333333333333,2,2,ATCCTGATAGCAGGCTAGGC,0,3308917
rspAp,0.3333333333333333,2,2,ATCCGGGACATTACAGCAAA,0,3308855
rspAp,0.3333333333333333,2,2,ATCCCCATGAGGTGCTCGAC,0,3310093
rspAp,0.3333333333333333,2,2,ATCATACTCAACAAATGGTT,0,3322676
rspAp,0.3333333333333333,2,2,ATATTGCTTGTTAGATCCCA,0,3330547
rspAp,0.3333333333333333,2,2,ATATAAAATAGACGGCTAGT,0,3318862
rspAp,0.3333333333333333,2,2,ATAGCCGTAGCGTACGTCAA,0,3315945
rspAp,0.3333333333333333,2,2,ATAGCACTTTGTACGGGGAA,0,3310359
rspAp,0.3333333333333333,2,2,ATACTTGAATCACAGGTGGG,0,3332511
rspAp,0.3333333333333333,2,2,ATACGCTCATGGGGCCATCT,0,3332650
rspAp,0.3333333333333333,2,2,ATACGAAGTTCCCGACTGAT,0,3332526
rspAp,0.3333333333333333,2,2,ATACAAGGGGAATATGTCCT,0,3327196
rspAp,0.3333333333333333,2,2,ATAAACCGTGACATGCCTTA,0,3321821
rspAp,0.3333333333333333,2,2,AGTGCGCCAAGTGGCGCCGT,0,3330962
rspAp,0.3333333333333333,2,2,AGTCTGGGTCTGGGGGGATT,0,3312743
rspAp,0.3333333333333333,2,2,AGTCAACGGGCAGTGAGGGA,0,3317177
rspAp,0.3333333333333333,2,2,AGTAGCTGTATGCGGAGTTT,0,3331685
rspAp,0.3333333333333333,2,2,AGTAGAGTTGGGTCTGTTAC,0,3326152
rspAp,0.3333333333333333,2,2,AGGTTTGGGGGAAGGCACGT,0,3333235
rspAp,0.3333333333333333,2,2,AGGTTTGGCAGGGGATTTAC,0,3325656
rspAp,0.3333333333333333,2,2,AGGTGTCGGTTAATCTGTAT,0,3324997
rspAp,0.3333333333333333,2,2,AGGTGGCTTCGATGTACTCG,0,3314061
rspAp,0.3333333333333333,2,2,AGGTGGAGCATGGAGACAAT,0,3329156
rspAp,0.3333333333333333,2,2,AGGTCGTCACAACGTTGTAA,0,3314409
rspAp,0.3333333333333333,2,2,AGGTCAGCCCGATTAATAGG,0,3332698
rspAp,0.3333333333333333,2,2,AGGTACTCGTTTTAAGAATG,0,3313488
rspAp,0.3333333333333333,2,2,AGGGCAGGACCACATGCCCT,0,3311000
rspAp,0.3333333333333333,2,2,AGGGATACTAGCGTGTTCGG,0,3330261
rspAp,0.3333333333333333,2,2,AGGGAGGTGTATGTTTAACT,0,3311573
rspAp,0.3333333333333333,2,2,AGGGAGCGCGTGCGCTACTG,0,3321189
rspAp,0.3333333333333333,2,2,AGGCCACGTGGGACCCGCAA,0,3312088
rspAp,0.3333333333333333,2,2,AGGCATCCTCGAGAAACGAC,0,3317469
rspAp,0.3333333333333333,2,2,AGGATGACATTGTTATAGTA,0,3322540
rspAp,0.3333333333333333,2,2,AGGAGGTAGCGTGTCTATAG,0,3325352
rspAp,0.3333333333333333,2,2,AGGACCGGTCGTAACCGACA,0,3317824
rspAp,0.3333333333333333,2,2,AGGACCCCCAACTCGAGTCC,0,3312279
rspAp,0.3333333333333333,2,2,AGCTGAGTCGTCCAGGGTTA,0,3312607
rspAp,0.3333333333333333,2,2,AGCTCTATGGGTATGATCAG,0,3318455
rspAp,0.3333333333333333,2,2,AGCGGGACCCCCACGTACGC,0,3314839
rspAp,0.3333333333333333,2,2,AGCCTTTAACTTCACTCGGT,0,3319810
rspAp,0.3333333333333333,2,2,AGCCTCTGATAACCAAAGGA,0,3329052
rspAp,0.3333333333333333,2,2,AGCCAGCGAACACCAGTGGC,0,3323243
rspAp,0.3333333333333333,2,2,AGCATGAGTAAATATGTGCT,0,3319483
rspAp,0.3333333333333333,2,2,AGCAATCCTAAACTCATATT,0,3332019
rspAp,0.3333333333333333,2,2,AGATGCGAGTGATAGTCGCT,0,3311947
rspAp,0.3333333333333333,2,2,AGAGATCATATGGGTAGGTA,0,3314099
rspAp,0.3333333333333333,2,2,AGACTGGTCAGTCAGTCGAA,0,3313342
rspAp,0.3333333333333333,2,2,AGACTCTGATGTCCGTTGCA,0,3313492
rspAp,0.3333333333333333,2,2,AGACATTTGGCACGCATTAA,0,3315636
rspAp,0.3333333333333333,2,2,AGACAGTGCACATTCAGGTA,0,3314188
rspAp,0.3333333333333333,2,2,AGAAGACATTTAGGCTCGCC,0,3310437
rspAp,0.3333333333333333,2,2,AGAACAGGTAATGTGGAGTA,0,3315305
rspAp,0.3333333333333333,2,2,ACTTACACTGGAGACACTCC,0,3314830
rspAp,0.3333333333333333,2,2,ACTGTCTGTACCAGAAGAGG,0,3316752
rspAp,0.3333333333333333,2,2,ACTGGTAATGAGGCGCGAGT,0,3309878
rspAp,0.3333333333333333,2,2,ACTGATAATCCATCGAGTTT,0,3321881
rspAp,0.3333333333333333,2,2,ACTGACCCCTGCACAAGTCA,0,3331965
rspAp,0.3333333333333333,2,2,ACTCTTACTACCTCAATCTC,0,3329048
rspAp,0.3333333333333333,2,2,ACTCCGCAAGAGTCCGCTCC,0,3314933
rspAp,0.3333333333333333,2,2,ACTCCCAGGCACAAAAGGGA,0,3328290
rspAp,0.3333333333333333,2,2,ACTCCAGCGTAGAGAAAGAT,0,3327613
rspAp,0.3333333333333333,2,2,ACTCCAACGCCTGAGAGATT,0,3316728
rspAp,0.3333333333333333,2,2,ACTATTGGGCGGTTGGGATG,0,3325256
rspAp,0.3333333333333333,2,2,ACTAGGAGTAATCGCAAACT,0,3312001
rspAp,0.3333333333333333,2,2,ACTACCGGCGCCTGTTGAAA,0,3324583
rspAp,0.3333333333333333,2,2,ACGTTGTTAGTCACGTACAG,0,3331433
rspAp,0.3333333333333333,2,2,ACGTCGGGCTCTGGGACATT,0,3331390
rspAp,0.3333333333333333,2,2,ACGTCAGATGGGACGATGGT,0,3324669
rspAp,0.3333333333333333,2,2,ACGGTTCGCATTTACGACGG,0,3316734
rspAp,0.3333333333333333,2,2,ACGGTTCAGTTTTCCTCCCT,0,3314516
rspAp,0.3333333333333333,2,2,ACGGCGCACATCGCGACCAA,0,3310957
rspAp,0.3333333333333333,2,2,ACGATTTCGCGTGCTGCCGA,0,3325731
rspAp,0.3333333333333333,2,2,ACGAATCGGTGACGTATGCG,0,3327878
rspAp,0.3333333333333333,2,2,ACGAACCGTTTGGAGAATAG,0,3318741
rspAp,0.3333333333333333,2,2,ACCTTATGCACAGCCAATGC,0,3328957
rspAp,0.3333333333333333,2,2,ACCTTACGGTCTGTGGAGTA,0,3329124
rspAp,0.3333333333333333,2,2,ACCTGGCTTGGGCGGATCGG,0,3322603
rspAp,0.3333333333333333,2,2,ACCTGCGCAGATTTAATGTT,0,3315159
rspAp,0.3333333333333333,2,2,ACCTGCAATTTTCTATCCGC,0,3317111
rspAp,0.3333333333333333,2,2,ACCGCTTAGTGCGCGGGAAC,0,3318498
rspAp,0.3333333333333333,2,2,ACCCGGGCAGTTGAACTATG,0,3325474
rspAp,0.3333333333333333,2,2,ACCCGGCATATACACTATAT,0,3314452
rspAp,0.3333333333333333,2,2,ACCCCCGGAAAGGTCGAGCA,0,3322445
rspAp,0.3333333333333333,2,2,ACCCCCACAGGTAGTCGAAC,0,3328935
rspAp,0.3333333333333333,2,2,ACATAGATTGTGTTCGAAGT,0,3320019
rspAp,0.3333333333333333,2,2,ACATAGAAAATCTAACTATA,0,3327677
rspAp,0.3333333333333333,2,2,ACAGTGCCAGGATATGGGCA,0,3320885
rspAp,0.3333333333333333,2,2,ACAGCGGTGGACATACATGG,0,3309140
rspAp,0.3333333333333333,2,2,ACAATTGAGAGAATTTGAGA,0,3315561
rspAp,0.3333333333333333,2,2,AATTTTTAAGGGATATAGAC,0,3311528
rspAp,0.3333333333333333,2,2,AATTTGCACATGATACTTGG,0,3325755
rspAp,0.3333333333333333,2,2,AATTGGTCTGCCGACGGCGA,0,3311231
rspAp,0.3333333333333333,2,2,AATTACGGTTTAGCTCAAGG,0,3313843
rspAp,0.3333333333333333,2,2,AATGGGTTATCCACAGATCA,0,3321876
rspAp,0.3333333333333333,2,2,AATGGATTTGCAGACACGAA,0,3321045
rspAp,0.3333333333333333,2,2,AATGATGTTGAGGGTCTAGG,0,3332366
rspAp,0.3333333333333333,2,2,AATGACGTGGACGCTTTAGG,0,3326356
rspAp,0.3333333333333333,2,2,AATCTAAGTGAGCTCTGACT,0,3330257
rspAp,0.3333333333333333,2,2,AATCAACTATGTTCGGCGAT,0,3326943
rspAp,0.3333333333333333,2,2,AATATTTTAGGCTGTAGGGA,0,3318261
rspAp,0.3333333333333333,2,2,AATACTCAACCCCTGTGTGA,0,3332767
rspAp,0.3333333333333333,2,2,AATAATGCGTGGCATATATC,0,3314536
rspAp,0.3333333333333333,2,2,AAGGGTGTTATGACCTCGTC,0,3318739
rspAp,0.3333333333333333,2,2,AAGCTATGTGCGTCCTAGAC,0,3309139
rspAp,0.3333333333333333,2,2,AAGCGGTCTTCTTTAGGGGT,0,3332791
rspAp,0.3333333333333333,2,2,AAGCACCATTATAGCCGATG,0,3322934
rspAp,0.3333333333333333,2,2,AACTGACTATGAACTTTATA,0,3314280
rspAp,0.3333333333333333,2,2,AACTCAACTGTGTGATTCCA,0,3315098
rspAp,0.3333333333333333,2,2,AACGTGTGTTGACCTCGTAC,0,3324124
rspAp,0.3333333333333333,2,2,AACGGGCGACAGAACCCGTC,0,3328617
rspAp,0.3333333333333333,2,2,AACGCGTGCCCTAACCGGTA,0,3311277
rspAp,0.3333333333333333,2,2,AACCTGCCGAGGGCTTGCCT,0,3313811
rspAp,0.3333333333333333,2,2,AACAAGTAGGGCGCTTCACT,0,3329511
rspAp,0.3333333333333333,2,2,AAATTTAACCCTAAGGGTTC,0,3324334
rspAp,0.3333333333333333,2,2,AAATCATAGTTTATGTCGAT,0,3320782
rspAp,0.3333333333333333,2,2,AAAGGGGCAACGGCGGATCG,0,3315528
rspAp,0.3333333333333333,2,2,AAAGCCCGTAGACGTTCCCC,0,3326684
rspAp,0.3333333333333333,2,2,AAACTGGCGCGGATATTCAT,0,3330804
rspAp,0.3333333333333333,2,2,AAACGGCTCAAAAGTCGGCT,0,3322732
rspAp,0.3333333333333333,2,2,AAACCGGTCTCTCGGCCGCT,0,3318502
rspAp,0.3333333333333333,2,2,AAACATATTTTCATGTCCCA,0,3313615
rspAp,0.3333333333333333,2,2,AAAATGGAGGATCAAGTCAG,0,3308902
rspAp,0.3333333333333333,2,2,AAAAAGGCTACCTAGGTTTG,0,3318798
rspAp,0.5,1,1,TTTTTTACTGTGTGATAGCT,0,3331339
rspAp,0.5,1,1,TTTTTTACATTCGTCATTTA,0,3324809
rspAp,0.5,1,1,TTTTCGGCGATCTCAGTGAC,0,3322230
rspAp,0.5,1,1,TTTTCGACCTCGGGTTTAAT,0,3311144
rspAp,0.5,1,1,TTTTAGAGCACTGCAGCTGC,0,3316822
rspAp,0.5,1,1,TTTGTGCAGCTTTCCTATCA,0,3332605
rspAp,0.5,1,1,TTTCGTATTTGATTCTGGAT,0,3325958
rspAp,0.5,1,1,TTTCGGGAGCTTACGGTACT,0,3314897
rspAp,0.5,1,1,TTTCACGTCAGTTCAGGATC,0,3316930
rspAp,0.5,1,1,TTTCAATCACTCACTGGGAA,0,3329030
rspAp,0.5,1,1,TTTATGAAGGCGTCCCGGAC,0,3328984
rspAp,0.5,1,1,TTTAGGACGCGGGCCGGTAG,0,3322621
rspAp,0.5,1,1,TTTAATTGACGTTTGCGGGA,0,3312252
rspAp,0.5,1,1,TTGTTTGTAATTGGAGTCCT,0,3314510
rspAp,0.5,1,1,TTGTGTAAGCGCACCGGAAG,0,3324787
rspAp,0.5,1,1,TTGTAGTAGACGACGACGCC,0,3311167
rspAp,0.5,1,1,TTGGGAGATTAGAGCCAGTC,0,3320391
rspAp,0.5,1,1,TTGGAGTGTTAGGGCTCCTT,0,3325753
rspAp,0.5,1,1,TTGCTTTCCAGGCAACACAT,0,3331521
rspAp,0.5,1,1,TTCTTGGCTACGTGGACTGC,0,3314725
rspAp,0.5,1,1,TTCTGAGTAATAATGGCATA,0,3325281
rspAp,0.5,1,1,TTCTCAGTCTTCTTTCATAC,0,3317205
rspAp,0.5,1,1,TTCTAGGCGCCGATGGAGGT,0,3331175
rspAp,0.5,1,1,TTCGTGGCGCTCACGACTGG,0,3326474
rspAp,0.5,1,1,TTCCTGCCCTCGGGGGAGCT,0,3330834
rspAp,0.5,1,1,TTCAGCTGTTACGCCCTAGT,0,3315759
rspAp,0.5,1,1,TTCAGCGCCGGGAACGATAT,0,3315996
rspAp,0.5,1,1,TTCACTGGTTTGCTAGATAC,0,3311401
rspAp,0.5,1,1,TTCACACGGAGTATCTCCAA,0,3312692
rspAp,0.5,1,1,TTATTACGGACATGGTGTGG,0,3325081
rspAp,0.5,1,1,TTATGGCCGTGCCAGGTGAG,0,3319063
rspAp,0.5,1,1,TTATCTTGAATCTACCGGGT,0,3322293
rspAp,0.5,1,1,TTAGGATCGAAAGGAGATAG,0,3321783
rspAp,0.5,1,1,TTAGCTGGGGGGTATCGTGT,0,3310587
rspAp,0.5,1,1,TTAGCAGAACATGTTGAGTT,0,3311912
rspAp,0.5,1,1,TTACGAAACCCGAATCGGTC,0,3314243
rspAp,0.5,1,1,TTACCTAAGCTCCCACAGCC,0,3315766
rspAp,0.5,1,1,TGTGCCTGATAGGGGACCAG,0,3332474
rspAp,0.5,1,1,TGTGCAAGGCAATTGAGTGT,0,3324612
rspAp,0.5,1,1,TGTGATGAGTAACGGCAATT,0,3319945
rspAp,0.5,1,1,TGTGATCCTCCGCCTATCAC,0,3333610
rspAp,0.5,1,1,TGTCTCTGGGAGTTCGAATT,0,3315095
rspAp,0.5,1,1,TGGTTCTCACTTCCGGAAGG,0,3318838
rspAp,0.5,1,1,TGGTGCTTGGTGCTTTATTT,0,3325676
rspAp,0.5,1,1,TGGTGATGGGGCGTTCTGAA,0,3315266
rspAp,0.5,1,1,TGGTATTGAGATGATCGTCT,0,3318861
rspAp,0.5,1,1,TGGGTTTGGCTCTGCGACTT,0,3318020
rspAp,0.5,1,1,TGGGTATGCATTTCAAATCA,0,3319000
rspAp,0.5,1,1,TGGGCACTGATCAGCTTTCA,0,3328734
rspAp,0.5,1,1,TGGGCACAAGACCCAGGTTC,0,3321171
rspAp,0.5,1,1,TGGGATAAGCTCTATAGCAC,0,3322861
rspAp,0.5,1,1,TGGCATCCGAACTAAGTGGT,0,3321109
rspAp,0.5,1,1,TGGCAGTGTGTGGTTAGCCT,0,3321790
rspAp,0.5,1,1,TGGAGTCAGAAGAAAAACGA,0,3312783
rspAp,0.5,1,1,TGGACGGTCGGACTGATACC,0,3313980
rspAp,0.5,1,1,TGGAACATACATATTATAGA,0,3319691
rspAp,0.5,1,1,TGCGTGCCGATTGCCGGTCG,0,3318294
rspAp,0.5,1,1,TGCGTCTCTGTTGGCTTCCC,0,3320093
rspAp,0.5,1,1,TGCGTCAGCCACATACCTTA,0,3322839
rspAp,0.5,1,1,TGCGACGTATATCAGCGTTG,0,3310982
rspAp,0.5,1,1,TGCCATGGTACATGTGCTCC,0,3311399
rspAp,0.5,1,1,TGCAAGTACAAGTCCTGTTA,0,3321095
rspAp,0.5,1,1,TGATTCAGCATCAGTTTCCT,0,3316703
rspAp,0.5,1,1,TGATGTTTCTGTAATGATAG,0,3316880
rspAp,0.5,1,1,TGATGTTCAGGTTCACAGTA,0,3316552
rspAp,0.5,1,1,TGATCAATAGCGGAGGTCAC,0,3332288
rspAp,0.5,1,1,TGAGTTATGAAGGTCGCGGG,0,3313415
rspAp,0.5,1,1,TGAGCCATTTTTTCTGCGGC,0,3327641
rspAp,0.5,1,1,TGACTGAGCGATGAGCGGGG,0,3311041
rspAp,0.5,1,1,TGACCTTGCAATCACTTGGT,0,3309520
rspAp,0.5,1,1,TGAAGGCTACCCAAGGAAAC,0,3324380
rspAp,0.5,1,1,TGAACGCGTGAAGCTTTCGG,0,3329597
rspAp,0.5,1,1,TGAACCACTTTCCTTGGGTT,0,3329373
rspAp,0.5,1,1,TGAAAGAATCGAGAGGTGAC,0,3318264
rspAp,0.5,1,1,TCTTTTCCAACGTATTCGCC,0,3331517
rspAp,0.5,1,1,TCTTCTGTGTATAATGGGAG,0,3323754
rspAp,0.5,1,1,TCTTCGGCAGCCTTCGGGTG,0,3316791
rspAp,0.5,1,1,TCTTACGACGGCGGAGAACA,0,3315519
rspAp,0.5,1,1,TCTGTTCTCGGTCCGACAGC,0,3333407
rspAp,0.5,1,1,TCTGTGTGTAGCCCGTGTTC,0,3331692
rspAp,0.5,1,1,TCTGTCATTAAGCGTACGCC,0,3318582
rspAp,0.5,1,1,TCTGCCTCTCATGGCACCGC,0,3315147
rspAp,0.5,1,1,TCTCGGTTTCTTTACTTGTG,0,3309355
rspAp,0.5,1,1,TCTCCTCGGTGCCGACTGGA,0,3325008
rspAp,0.5,1,1,TCTCAGCTTAGCTCGTCTGC,0,3329061
rspAp,0.5,1,1,TCTATGTTTTCCACGACGTG,0,3331405
rspAp,0.5,1,1,TCTACATGATCCGAGGGCTT,0,3309350
rspAp,0.5,1,1,TCGTTCTTATACGTCTCCTT,0,3329700
rspAp,0.5,1,1,TCGTCATAGGAACATATATA,0,3309196
rspAp,0.5,1,1,TCGTACACGATTACTGGCAC,0,3313286
rspAp,0.5,1,1,TCGTAACCCACTTGCCAGGA,0,3314535
rspAp,0.5,1,1,TCGGCAGGGTAGGCGCTGTG,0,3315199
rspAp,0.5,1,1,TCGCTTGAAAGGTTGTTTAC,0,3330923
rspAp,0.5,1,1,TCGCTATCATACAAGTTTCT,0,3309398
rspAp,0.5,1,1,TCGCGTTCCCTCACAAGATT,0,3328391
rspAp,0.5,1,1,TCGCGGGCCTTCAGAGCAAG,0,3310441
rspAp,0.5,1,1,TCGATTCATGGAACACGTTA,0,3320424
rspAp,0.5,1,1,TCGATAGTGTTTGCGCACTA,0,3313405
rspAp,0.5,1,1,TCCTTCCCGAACCCACAGCG,0,3312505
rspAp,0.5,1,1,TCCTACGTTTTAGAAAGTAG,0,3322468
rspAp,0.5,1,1,TCCTAAATTGAGATCTCGCC,0,3318255
rspAp,0.5,1,1,TCCGGATTCTCGGTTCACCA,0,3325087
rspAp,0.5,1,1,TCCGAGAGTGAGCGGACTAA,0,3312801
rspAp,0.5,1,1,TCCCTCTGATGCTGTCGTAT,0,3327015
rspAp,0.5,1,1,TCCCCCTCTAAGTTCACTAT,0,3314836
rspAp,0.5,1,1,TCATGTCGCCATTCGATGTC,0,3312192
rspAp,0.5,1,1,TCATCGCCCCGGAGCACCGG,0,3322213
rspAp,0.5,1,1,TCATCAGGGTCCTGTGGGGG,0,3312267
rspAp,0.5,1,1,TCATACCAATCTTAGTAAAG,0,3317548
rspAp,0.5,1,1,TCATAAGAAAAACCGCGTGA,0,3311053
rspAp,0.5,1,1,TCAGTTTTTTTGCCTCAACG,0,3314021
rspAp,0.5,1,1,TCAGTCAGATTGAGATCGAC,0,3317016
rspAp,0.5,1,1,TCAGGGGGCGTACGCTGTTC,0,3329316
rspAp,0.5,1,1,TCAGGGATGGAAAGTGTCAT,0,3310018
rspAp,0.5,1,1,TCACCAACTTAGATGCCATA,0,3330855
rspAp,0.5,1,1,TCAAGGACGTGTTGAAGGAG,0,3328076
rspAp,0.5,1,1,TCAAAGTCTGTCAAAGACTT,0,3317308
rspAp,0.5,1,1,TATATACATCTTTTCGTACT,0,3315908
rspAp,0.5,1,1,TATAGCTAGTTGGCGGCTTT,0,3333535
rspAp,0.5,1,1,TATAACGTAAGGAATCGGCG,0,3312890
rspAp,0.5,1,1,TAGTCGCGGCGCCTTAAAAA,0,3309181
rspAp,0.5,1,1,TAGGGGGTTTTCCGCGAGTG,0,3312099
rspAp,0.5,1,1,TAGCTTCCTAACGGGCCGCC,0,3310119
rspAp,0.5,1,1,TAGCTGCTAACTTTGTCCAG,0,3331194
rspAp,0.5,1,1,TAGCTATGTGTTTTTTGCAG,0,3316449
rspAp,0.5,1,1,TAGCCAACGGTTGCCGGGCG,0,3330050
rspAp,0.5,1,1,TAGAGTCTCGGAAGTTCTTA,0,3332377
rspAp,0.5,1,1,TAGAGGATTAAGCGGCGGCG,0,3318328
rspAp,0.5,1,1,TAGAGAAAATTTCCGGGGCA,0,3310838
rspAp,0.5,1,1,TAGACCCGCTCACCAGCACT,0,3309280
rspAp,0.5,1,1,TACTTTGTTTCACTTCATGG,0,3326667
rspAp,0.5,1,1,TACTTGGACAAGACAGTAAA,0,3320766
rspAp,0.5,1,1,TACTTGAGAAAATCTCTCTG,0,3312802
rspAp,0.5,1,1,TACTGATCGATGGCCAGACA,0,3317470
rspAp,0.5,1,1,TACTGAGTTACTGATTCGGC,0,3316755
rspAp,0.5,1,1,TACTCTGAGTCGCCCGATCC,0,3311661
rspAp,0.5,1,1,TACTCGGGTCCTTGAGTCAA,0,3311362
rspAp,0.5,1,1,TACTAGGCCTTCACTATTAA,0,3332145
rspAp,0.5,1,1,TACGTGTATTGGGGTCTTCC,0,3326072
rspAp,0.5,1,1,TACCCCTATAACGCGGGCGT,0,3326393
rspAp,0.5,1,1,TACCACACTACGCCGAGCTG,0,3319099
rspAp,0.5,1,1,TACAACGCTATTAGGCGGTG,0,3329591
rspAp,0.5,1,1,TAATTTCCCGTGCGGGTGGT,0,3321549
rspAp,0.5,1,1,TAATCGCAACCTACCGTTGG,0,3329242
rspAp,0.5,1,1,TAAGGTTCATTTTGAATCAG,0,3318724
rspAp,0.5,1,1,TAAGAGTAGGAAGTGGAGTT,0,3315064
rspAp,0.5,1,1,TAACGATTGAAAGGGGTTAC,0,3310169
rspAp,0.5,1,1,TAACACGTAAAATACAAGGG,0,3332367
rspAp,0.5,1,1,TAAACACCATGCGGGAAAAG,0,3328153
rspAp,0.5,1,1,GTTTTCGTGCTAAGTATAAG,0,3325924
rspAp,0.5,1,1,GTTTGTTGGAAGGTTATCTA,0,3315956
rspAp,0.5,1,1,GTTTGATTTTACGAGGCACT,0,3319889
rspAp,0.5,1,1,GTTGATGGCCGGGCTCGTGG,0,3311336
rspAp,0.5,1,1,GTTCTTCTGTATGGACCCGA,0,3309779
rspAp,0.5,1,1,GTTCAACGTCTGTGTTACAG,0,3322623
rspAp,0.5,1,1,GTTATTGGGCATGCCAAACG,0,3310708
rspAp,0.5,1,1,GTTATGCGCTCGTTTATTGT,0,3311360
rspAp,0.5,1,1,GTTATAGTAGATACATCACA,0,3309094
rspAp,0.5,1,1,GTTAATTTTGCCAAGAGATG,0,3315923
rspAp,0.5,1,1,GTTAACTAGAGCAGCTCAAT,0,3328082
rspAp,0.5,1,1,GTGTGTCTTTCTTCGTTAGC,0,3321604
rspAp,0.5,1,1,GTGTATGACTAACAGTATCG,0,3325426
rspAp,0.5,1,1,GTGGTCCAGCTGTTGTAGCT,0,3324496
rspAp,0.5,1,1,GTGGGGATTTCGTCACCAAG,0,3324228
rspAp,0.5,1,1,GTGGCTGGAGTGAGGTCAAA,0,3319130
rspAp,0.5,1,1,GTGGCGCAACTCTAAATGGT,0,3333128
rspAp,0.5,1,1,GTGGCATCTGGTAGGACCGT,0,3331176
rspAp,0.5,1,1,GTGGAACACACGGTCTGCTG,0,3315732
rspAp,0.5,1,1,GTGCGGATTTTCACGACCTC,0,3316331
rspAp,0.5,1,1,GTCTGGCGTCGGACTCAGGG,0,3322360
rspAp,0.5,1,1,GTCTGAAAGAGGTCAGTTGT,0,3333414
rspAp,0.5,1,1,GTCTCCCTCTACATGATCCA,0,3324979
rspAp,0.5,1,1,GTCTCATAGTCCCGATAAAG,0,3326039
rspAp,0.5,1,1,GTCGTTAGAAAATCACTAGG,0,3331644
rspAp,0.5,1,1,GTCGGTAGATACTTGGTTGG,0,3331082
rspAp,0.5,1,1,GTCGCGCTATTATGTCAACC,0,3332906
rspAp,0.5,1,1,GTCCTTGCACGATTTCTGAA,0,3314145
rspAp,0.5,1,1,GTCCCGGGTTCATACATACC,0,3328642
rspAp,0.5,1,1,GTCCCGGCTGGGTACACAGA,0,3330837
rspAp,0.5,1,1,GTCCCCTTCGTGTTTCCAGA,0,3316985
rspAp,0.5,1,1,GTCAGGACAGGCCACTGAAG,0,3326869
rspAp,0.5,1,1,GTCAGCTGGCTGAACATCGG,0,3319402
rspAp,0.5,1,1,GTCAGAGCAAAACGCGTACA,0,3321500
rspAp,0.5,1,1,GTATTTTCTTTGTGATACGT,0,3326054
rspAp,0.5,1,1,GTATTGTCCATCCCTCTGTT,0,3325702
rspAp,0.5,1,1,GTAGGCTATATTGTGCAAGT,0,3310831
rspAp,0.5,1,1,GTACGCGTTTCACAACTCCC,0,3311349
rspAp,0.5,1,1,GTAACTGGTGCGTGTGCCTA,0,3314490
rspAp,0.5,1,1,GGTTGCAATTCCGCTCCGCG,0,3330940
rspAp,0.5,1,1,GGTTAAACCAACGGGACGCA,0,3311842
rspAp,0.5,1,1,GGTGTCATAGTGCGACGTAG,0,3320950
rspAp,0.5,1,1,GGTGGGCTCTCCTCTTCCGT,0,3324779
rspAp,0.5,1,1,GGTCTGACGTTTGTGTAAAG,0,3326186
rspAp,0.5,1,1,GGTCAGTTTTGGTGGGAGGT,0,3309353
rspAp,0.5,1,1,GGTAGCAATAACCAGTATCA,0,3330022
rspAp,0.5,1,1,GGTAATATAGTAGCGTATAT,0,3319779
rspAp,0.5,1,1,GGGTCCTCGAACCGAGCTCT,0,3314321
rspAp,0.5,1,1,GGGTAGGTAGACGGAAAGTA,0,3312709
rspAp,0.5,1,1,GGGTACATAGATAGCCCTGT,0,3328388
rspAp,0.5,1,1,GGGGTTTAATACAGCCTCAC,0,3328979
rspAp,0.5,1,1,GGGGCCACGCCATTTCAATG,0,3315456
rspAp,0.5,1,1,GGGCACTCCACTTTGCGTGA,0,3311814
rspAp,0.5,1,1,GGGATAAAGACTGTACCATA,0,3331876
rspAp,0.5,1,1,GGCTGGACAGGGGCAGTGTC,0,3332427
rspAp,0.5,1,1,GGCTCAACAATGGGAGCTGA,0,3316683
rspAp,0.5,1,1,GGCTAACGGAGTCGCCTGTT,0,3326200
rspAp,0.5,1,1,GGCGTGTACGGGTCCCATCT,0,3332840
rspAp,0.5,1,1,GGCGTAGCAAGCAACCCATC,0,3323491
rspAp,0.5,1,1,GGCGAGGCGTCTTGCAGACG,0,3312411
rspAp,0.5,1,1,GGCCGCAGAGTCGGCGGGTG,0,3314182
rspAp,0.5,1,1,GGCCATGTATTTCGTTTCAA,0,3329401
rspAp,0.5,1,1,GGCCAGTGCCTTGTGTGCAA,0,3324946
rspAp,0.5,1,1,GGCCACCAACAAACAATTTC,0,3319103
rspAp,0.5,1,1,GGCATGTGCTAAACCGTTAT,0,3330491
rspAp,0.5,1,1,GGCATCGTCTAGCGTACAAC,0,3319867
rspAp,0.5,1,1,GGCATACAATGGAGGGTAGT,0,3326784
rspAp,0.5,1,1,GGCACTGGAGCTCCTCATTA,0,3332412
rspAp,0.5,1,1,GGCACAGATTGGATGCAAAC,0,3330390
rspAp,0.5,1,1,GGCACAAGGTTACAGGCGGA,0,3323364
rspAp,0.5,1,1,GGCAAGGAGATCTGTATGCA,0,3329104
rspAp,0.5,1,1,GGATGTAAAAGGAATACATT,0,3333399
rspAp,0.5,1,1,GGATATGCGTATGCTGGAAA,0,3313287
rspAp,0.5,1,1,GGAGCCTCACGAAAAAAGAA,0,3324996
rspAp,0.5,1,1,GGAGACATGGGCGCAGAAGC,0,3331995
rspAp,0.5,1,1,GGAGAATAGGTAGATTAGTC,0,3314417
rspAp,0.5,1,1,GGACTTTCCGCCAATTTACC,0,3310063
rspAp,0.5,1,1,GGACAGGTCGGCGTTTAACA,0,3319830
rspAp,0.5,1,1,GGAATCCAAGCCTCTTCGCG,0,3320488
rspAp,0.5,1,1,GCTGGTTACACAGGGCTTCT,0,3316533
rspAp,0.5,1,1,GCTGCCGGAAAAGGTCGGAT,0,3332589
rspAp,0.5,1,1,GCTGCATGAGGCGACGACTG,0,3331444
rspAp,0.5,1,1,GCTGATGTTAACACAACAAT,0,3311384
rspAp,0.5,1,1,GCTGAAGGAGACTATGGCCC,0,3320707
rspAp,0.5,1,1,GCTCTGGTAAACATGGATCC,0,3327727
rspAp,0.5,1,1,GCTCCTATGTGACTTGCATC,0,3327590
rspAp,0.5,1,1,GCTCCGAGCTCGTCAGTATC,0,3329618
rspAp,0.5,1,1,GCTCCACTATCGGGTAGCAA,0,3329155
rspAp,0.5,1,1,GCGTTCCCGGCACGATCCCT,0,3310165
rspAp,0.5,1,1,GCGTTAGAAAACCAGACGAG,0,3322598
rspAp,0.5,1,1,GCGTACTTTGTCTAGGGCGT,0,3310603
rspAp,0.5,1,1,GCGGTGCTCGCCACACTGAC,0,3331647
rspAp,0.5,1,1,GCGCTTACGTCCCCCAGAAA,0,3313277
rspAp,0.5,1,1,GCGCGTATATCGATAATTGA,0,3329764
rspAp,0.5,1,1,GCGCGCCCACAGCGAGGAGT,0,3333687
rspAp,0.5,1,1,GCGCCCGCGGGCGACTTACA,0,3329917
rspAp,0.5,1,1,GCGCAGTGTACAGCAGAGGC,0,3321879
rspAp,0.5,1,1,GCGCACTAGATAGCTATCTT,0,3329869
rspAp,0.5,1,1,GCGAGGAACCCAACTCCGAG,0,3309839
rspAp,0.5,1,1,GCGACTTTCCAACTATTAGA,0,3333355
rspAp,0.5,1,1,GCCTTCTTCGTTATTTGCCC,0,3329674
rspAp,0.5,1,1,GCCTCGCGCTCCAAGCTTCA,0,3318174
rspAp,0.5,1,1,GCCTCACAGACAGAGTTGGG,0,3332228
rspAp,0.5,1,1,GCCTAGCCATGATCTATGAG,0,3326062
rspAp,0.5,1,1,GCCGGGAAAGCTTAACACGA,0,3328664
rspAp,0.5,1,1,GCCCGTCTAGGGCATATTTT,0,3327588
rspAp,0.5,1,1,GCCATAGTGTTAAGGTACCA,0,3320898
rspAp,0.5,1,1,GCCAGGTCGCAGCTCTACTG,0,3320452
rspAp,0.5,1,1,GCATTTTGGGCGTAGCGTCT,0,3328566
rspAp,0.5,1,1,GCATTGTCTCCATGAGGCTC,0,3325304
rspAp,0.5,1,1,GCATTGCTGCACGCGTCTCA,0,3312781
rspAp,0.5,1,1,GCATGGTAACCTCGTGTGAC,0,3320807
rspAp,0.5,1,1,GCAGGTAGGCATCTGAAGGT,0,3321346
rspAp,0.5,1,1,GCAGCGCCCCAGAGAACCAA,0,3320830
rspAp,0.5,1,1,GCACTGTTTAAGCCACGCCT,0,3325425
rspAp,0.5,1,1,GCACGAGACCACTGGCACGG,0,3312131
rspAp,0.5,1,1,GCAAGGTAGTCCTAACTTTG,0,3322489
rspAp,0.5,1,1,GCAAATCAAACAACCCCGCA,0,3327818
rspAp,0.5,1,1,GATTGATTTTTAGGCTTTAT,0,3329110
rspAp,0.5,1,1,GATTCGGCATGTAGTTAAAC,0,3328150
rspAp,0.5,1,1,GATGCCGCTTCGTGTACCAA,0,3323374
rspAp,0.5,1,1,GATCGCTAGTACGGCCCAAA,0,3330954
rspAp,0.5,1,1,GATCGCGCTCGGTAGCCTAT,0,3329553
rspAp,0.5,1,1,GATATAAGAAAGGCCTCCGC,0,3320540
rspAp,0.5,1,1,GATACGGGGTGCCTCAGGGG,0,3317290
rspAp,0.5,1,1,GATACAACTAAACTTCGTTG,0,3315823
rspAp,0.5,1,1,GATAACATACCTTGGCTTAA,0,3316139
rspAp,0.5,1,1,GAGTTTCCGCATTGAGTTCG,0,3311893
rspAp,0.5,1,1,GAGCTATCGCTCCGACGGGT,0,3312294
rspAp,0.5,1,1,GAGATCGTACGACGGATTAG,0,3322573
rspAp,0.5,1,1,GAGATAGTGAGTCACCCCAA,0,3309704
rspAp,0.5,1,1,GAGATACGCATGTCTGAAGG,0,3323338
rspAp,0.5,1,1,GAGAGTCATACGTGTTTGTC,0,3319243
rspAp,0.5,1,1,GAGAGTATTGTTACGGAAAC,0,3327920
rspAp,0.5,1,1,GAGACTCAGAATCTTACAGC,0,3322674
rspAp,0.5,1,1,GACTTTAACTACTTCTGATA,0,3321432
rspAp,0.5,1,1,GACTCGTTTTTCCATGCAAG,0,3313943
rspAp,0.5,1,1,GACGATGTGCGACCCAGGCA,0,3333462
rspAp,0.5,1,1,GACCTGCGTGCACGGCCTAG,0,3316901
rspAp,0.5,1,1,GACCCTTTAGAACCATCTCA,0,3323579
rspAp,0.5,1,1,GACCCTGTATCTAAAGAGCA,0,3313571
rspAp,0.5,1,1,GACCCATTGGAAGCCATCTG,0,3309141
rspAp,0.5,1,1,GACAGCGAATGCTCGTCTAC,0,3311288
rspAp,0.5,1,1,GAAGACTCCCCTCTTTACTT,0,3328333
rspAp,0.5,1,1,GAACGGGGACGAACTCCGGG,0,3319411
rspAp,0.5,1,1,GAACAGTATCTGAAAAGTCA,0,3311750
rspAp,0.5,1,1,GAAAGTTGCAGCGTTCGCAG,0,3318223
rspAp,0.5,1,1,GAAAGGTTTAGTGGGGGTAC,0,3324579
rspAp,0.5,1,1,GAAACACTGTCCTCCCAGAC,0,3317455
rspAp,0.5,1,1,CTTTTATTTTACTCGTTTCA,0,3328097
rspAp,0.5,1,1,CTTTGGACCGAGTTCGAGCT,0,3326704
rspAp,0.5,1,1,CTTGCATCTCCAGGTCCCTC,0,3316539
rspAp,0.5,1,1,CTTGAATGCTCCCTGTGTTT,0,3332712
rspAp,0.5,1,1,CTTGAAGGGTATGCTGAAGT,0,3317868
rspAp,0.5,1,1,CTTCTTAGACCAGGTTGTCG,0,3331216
rspAp,0.5,1,1,CTTCCTACCAATACGTCTCA,0,3324281
rspAp,0.5,1,1,CTTATGGGACGTGGAAATAG,0,3329379
rspAp,0.5,1,1,CTTAGTGGAGTAGGCGGTGT,0,3310251
rspAp,0.5,1,1,CTTACCAGTTTGCACGTGTA,0,3310705
rspAp,0.5,1,1,CTTAACGTAGGACACCTGTC,0,3327933
rspAp,0.5,1,1,CTTAACGGAACCGTGCGTCT,0,3326718
rspAp,0.5,1,1,CTGTTTATACGAAACTAGCA,0,3326994
rspAp,0.5,1,1,CTGTTATCCTCCCGAAGACG,0,3320503
rspAp,0.5,1,1,CTGTCGCGACCAACCGAGTT,0,3324609
rspAp,0.5,1,1,CTGGCACTAGCCCAAACAGT,0,3326176
rspAp,0.5,1,1,CTGGATATGGGTCCGAGGCT,0,3327307
rspAp,0.5,1,1,CTGCTTGGTGTACCATGCCT,0,3313330
rspAp,0.5,1,1,CTGCAACCCCTGTAAGTTCT,0,3314486
rspAp,0.5,1,1,CTGAATTAGTAGGCGGTTAG,0,3330749
rspAp,0.5,1,1,CTCTATACCATGTAGACTGG,0,3327586
rspAp,0.5,1,1,CTCGATTCACGGGAAGGCGT,0,3328253
rspAp,0.5,1,1,CTCCCAAACTATACAATGGC,0,3320051
rspAp,0.5,1,1,CTCCACGAAGCCTGTAGCTC,0,3320483
rspAp,0.5,1,1,CTCATGCCACGTACAGGTGC,0,3321149
rspAp,0.5,1,1,CTCAGGTCACGGTAAAGGCC,0,3327552
rspAp,0.5,1,1,CTCACTCTGCTTCAGGACAA,0,3329791
rspAp,0.5,1,1,CTCACCTACACGCATCGTGT,0,3315144
rspAp,0.5,1,1,CTATTTACTTCTAGCTACTA,0,3314257
rspAp,0.5,1,1,CTATCACTTTTAGAACGAAT,0,3326533
rspAp,0.5,1,1,CTAGTTTGGAGGTCCCGCTA,0,3330660
rspAp,0.5,1,1,CTAGTTGTCGAGATGATGAT,0,3320850
rspAp,0.5,1,1,CTAGGCCCCGCTAGGTCTTG,0,3314655
rspAp,0.5,1,1,CTACGCACTAGGTTCACTAT,0,3328896
rspAp,0.5,1,1,CTACAGCGTAGTCTAAACAT,0,3332198
rspAp,0.5,1,1,CTACAAAGTGTGACGTGTCT,0,3315936
rspAp,0.5,1,1,CTACAAAAATAAAATCTGTC,0,3322198
rspAp,0.5,1,1,CTAACTCGCTTCTACTGACT,0,3332344
rspAp,0.5,1,1,CGTTGCCTCTGGCAAGATTA,0,3317362
rspAp,0.5,1,1,CGTTCCTAAGAATGCGCATC,0,3332033
rspAp,0.5,1,1,CGTTCCCTACTGTTGAGATC,0,3316868
rspAp,0.5,1,1,CGTTCCCGATTAAAAACGGG,0,3317916
rspAp,0.5,1,1,CGTTCAAATCTAAGCATGAA,0,3321739
rspAp,0.5,1,1,CGTTCAAAGACATAAACCGA,0,3311548
rspAp,0.5,1,1,CGTGTTTGGGTCCAACCTGC,0,3332092
rspAp,0.5,1,1,CGTGTTGCGATCCAGGTTTA,0,3328915
rspAp,0.5,1,1,CGTGGTGTGTGTGCTGCATT,0,3311358
rspAp,0.5,1,1,CGTGCTGAACTGGGATAGGC,0,3331064
rspAp,0.5,1,1,CGTGCGTACGAAGGCCCGTA,0,3323444
rspAp,0.5,1,1,CGTGCAAAGTTATTGGTAGT,0,3312577
rspAp,0.5,1,1,CGTCTGCTGGGCTGCACGCT,0,3327847
rspAp,0.5,1,1,CGTCTCCTGAACCCGAAGCA,0,3321666
rspAp,0.5,1,1,CGTCGTGCCGCACTACTATA,0,3315614
rspAp,0.5,1,1,CGTCCCGGCCTCGTTCGACC,0,3325624
rspAp,0.5,1,1,CGTAGTACCACCCTATCCTA,0,3309118
rspAp,0.5,1,1,CGGTTAGGTATCATTGGAAG,0,3314753
rspAp,0.5,1,1,CGGTGGTTGTGGCACAGGGT,0,3311652
rspAp,0.5,1,1,CGGTGGGTGTGTAGCCTTTA,0,3319050
rspAp,0.5,1,1,CGGTGGCAAGGAACATTCGT,0,3310954
rspAp,0.5,1,1,CGGTCCTATGGGCGGCTACG,0,3315439
rspAp,0.5,1,1,CGGTACTGAACAGTCCCGCC,0,3324497
rspAp,0.5,1,1,CGGTAAGATGGATGCGTACG,0,3311571
rspAp,0.5,1,1,CGGGTGTAGAAACTCTGCAT,0,3328871
rspAp,0.5,1,1,CGGGTCGCAGCTGGTTAATC,0,3313006
rspAp,0.5,1,1,CGGGTCAGTCGAGTATCACA,0,3317922
rspAp,0.5,1,1,CGGCGTGGATGTTTCTGATG,0,3322922
rspAp,0.5,1,1,CGGCCATTGCGTAGTTTTGA,0,3327786
rspAp,0.5,1,1,CGGCATCAGAAGGTCTATGC,0,3328053
rspAp,0.5,1,1,CGGATGCCCCGCCGAGAATA,0,3315727
rspAp,0.5,1,1,CGGAAGTACGCTGGTCCAAG,0,3326969
rspAp,0.5,1,1,CGGAACTACCTTTTCGCGAT,0,3325429
rspAp,0.5,1,1,CGCTGGCGACAAGCGGTCAT,0,3310712
rspAp,0.5,1,1,CGCTCCCTGTCTCGGGTCGT,0,3323142
rspAp,0.5,1,1,CGCGGTTCACGCAGCCATGG,0,3310808
rspAp,0.5,1,1,CGCGGGGCGTGCAATCGCAG,0,3322036
rspAp,0.5,1,1,CGCCTTGGTAATTCTGATTA,0,3323479
rspAp,0.5,1,1,CGCCTCCAAACAGGAACCAC,0,3324320
rspAp,0.5,1,1,CGCAGTAAAGGTCGGTAGTC,0,3308922
rspAp,0.5,1,1,CGATGGGGATCCCGGCCGAA,0,3310332
rspAp,0.5,1,1,CGATATTTGCGCTGCTTTAA,0,3317762
rspAp,0.5,1,1,CGATATCTGTAGTGGCGGAT,0,3314317
rspAp,0.5,1,1,CGAGCACCGTGGCGTCGAAC,0,3314440
rspAp,0.5,1,1,CGACTTTCATGCCCTGCCCT,0,3332257
rspAp,0.5,1,1,CGACTTACGGATCATGGCCC,0,3326486
rspAp,0.5,1,1,CGACTCTACAAGGCTCCACT,0,3313309
rspAp,0.5,1,1,CGACTCGCTAGCAGACGGCG,0,3318243
rspAp,0.5,1,1,CGAAGCCCATTGTAATGCCC,0,3329478
rspAp,0.5,1,1,CGAAAGCAGAGACTAGCGGG,0,3308931
rspAp,0.5,1,1,CCTTGGCCAGGAGGGAGCTT,0,3332347
rspAp,0.5,1,1,CCTTCATGACGCTCCCACTC,0,3318661
rspAp,0.5,1,1,CCTTAAGAACTGGACCCCCG,0,3323854
rspAp,0.5,1,1,CCTGATGGGATCGTGAGCAG,0,3317876
rspAp,0.5,1,1,CCTGAACACATTCTAGTGTT,0,3328615
rspAp,0.5,1,1,CCTCTATCAGATAATGTCAA,0,3313882
rspAp,0.5,1,1,CCTCGGCCACATATGGGTAG,0,3329642
rspAp,0.5,1,1,CCTCATTCGCAATCACCCGT,0,3315146
rspAp,0.5,1,1,CCTATGCACCACATCAATTC,0,3319270
rspAp,0.5,1,1,CCTACGTGTAAAGTGCTCAC,0,3329498
rspAp,0.5,1,1,CCTAAGGTGCGGGTGTGAGG,0,3326824
rspAp,0.5,1,1,CCGTTAAGGCTGCATGGAAT,0,3325000
rspAp,0.5,1,1,CCGTATTGATCGGTGGTGAG,0,3324668
rspAp,0.5,1,1,CCGTATCCATGACCACGTAT,0,3324778
rspAp,0.5,1,1,CCGTATCACTCAAAGGTTCC,0,3322232
rspAp,0.5,1,1,CCGTAGGTCAATGTGGAAAC,0,3327166
rspAp,0.5,1,1,CCGTAATGTTCGATCTGAGT,0,3309153
rspAp,0.5,1,1,CCGGGTAAGCATTACTTGTT,0,3323756
rspAp,0.5,1,1,CCGGGGGGTGAGTTGCCTTG,0,3333282
rspAp,0.5,1,1,CCGGCATAGAAATGTCGAAC,0,3309053
rspAp,0.5,1,1,CCGGATACATGAGCAAAGGA,0,3309119
rspAp,0.5,1,1,CCGGAAGGTTGAAGAGAGGT,0,3319313
rspAp,0.5,1,1,CCGCTTCTGGTTCATGTAAC,0,3317657
rspAp,0.5,1,1,CCGCGTTGTATCGAAATTTA,0,3323421
rspAp,0.5,1,1,CCGATTGTTTTAACGCGAGG,0,3317229
rspAp,0.5,1,1,CCGAATTGTGCACATATATC,0,3318996
rspAp,0.5,1,1,CCCTTGTGTAGGCCGAAAAT,0,3314691
rspAp,0.5,1,1,CCCTTGCAAAGTCATTCAAT,0,3313414
rspAp,0.5,1,1,CCCTTCGGACTGCCCTGACG,0,3329044
rspAp,0.5,1,1,CCCTGTCTTGGGGTGTGAGT,0,3312114
rspAp,0.5,1,1,CCCTGATTGGGTGGTCTACA,0,3317110
rspAp,0.5,1,1,CCCGCGCACATATGGACTTA,0,3332564
rspAp,0.5,1,1,CCCGATTTGGAGAGGCTGTC,0,3326221
rspAp,0.5,1,1,CCCCGTGTCAAAACAGGCGA,0,3318763
rspAp,0.5,1,1,CCCAATAGATTTGACACGTA,0,3316946
rspAp,0.5,1,1,CCATTTCCTGTGCTCGATTT,0,3326001
rspAp,0.5,1,1,CCATCCAAAACAAGGTGATC,0,3319593
rspAp,0.5,1,1,CCAGTGGCGTCTTTAGCTTT,0,3323304
rspAp,0.5,1,1,CCACCCTTACCATCGGTGCT,0,3312051
rspAp,0.5,1,1,CCACCAACGCGAAGAGTTCC,0,3329606
rspAp,0.5,1,1,CCACAGGCCATCAGACGTGT,0,3322912
rspAp,0.5,1,1,CCAAAACCAGAGCACAGGGC,0,3325427
rspAp,0.5,1,1,CATTGTAGCGGGAGCGACAA,0,3313694
rspAp,0.5,1,1,CATTCGAGAATTTTTACCAA,0,3317247
rspAp,0.5,1,1,CATTCACACCAGGGGCTGAA,0,3320078
rspAp,0.5,1,1,CATGTGGGACCACAGAATCC,0,3329884
rspAp,0.5,1,1,CATCGTCAACAACGGTTTAC,0,3321600
rspAp,0.5,1,1,CATCGTATGCACCATGCACA,0,3309267
rspAp,0.5,1,1,CATCATCACAGGCTCTGAAA,0,3325318
rspAp,0.5,1,1,CATATACGGATACAGAAATA,0,3327209
rspAp,0.5,1,1,CATACTAGGCAACGAATGTC,0,3333556
rspAp,0.5,1,1,CAGTTGTTTATCTTCGCGCT,0,3309041
rspAp,0.5,1,1,CAGTCTATTCGTTTGGCGTG,0,3320588
rspAp,0.5,1,1,CAGTAAACACAGCCTCCAGT,0,3332470
rspAp,0.5,1,1,CAGGTACGGGCTTTCGCTGA,0,3317944
rspAp,0.5,1,1,CAGGGTCTCAGTTCTCTTAA,0,3327267
rspAp,0.5,1,1,CAGGCGTGAAGCTGCTGGTG,0,3331224
rspAp,0.5,1,1,CAGCTCGAACGCGCCAAAAT,0,3322591
rspAp,0.5,1,1,CAGCTCCGTCAGTAATTTGC,0,3330806
rspAp,0.5,1,1,CAGCGCTCTGCGACCTTTCA,0,3328368
rspAp,0.5,1,1,CAGCGCGCTTCGTGGCTTCC,0,3309955
rspAp,0.5,1,1,CAGCCAAAGCGACCCCACAA,0,3324225
rspAp,0.5,1,1,CAGACAAAATGGTGCCTTCA,0,3327579
rspAp,0.5,1,1,CACTTTCGCGGCCTGTTTAA,0,3316962
rspAp,0.5,1,1,CACTGCCCGCATGTTGCGTC,0,3322309
rspAp,0.5,1,1,CACGGCCGTGGAAGGCAAAG,0,3327932
rspAp,0.5,1,1,CACGCACTGATTGAGGTCTC,0,3328206
rspAp,0.5,1,1,CACCCCCTTGAGTCGGACCT,0,3315845
rspAp,0.5,1,1,CACCATTAGTCGTCTCCAAC,0,3313288
rspAp,0.5,1,1,CACCACTATCTTCACCACTA,0,3330393
rspAp,0.5,1,1,CACCAATATGCTAAAGTAGT,0,3325883
rspAp,0.5,1,1,CAATATGCGGTCCGGGGGAC,0,3331949
rspAp,0.5,1,1,CAAGTGATTTGTACTGCAAA,0,3311815
rspAp,0.5,1,1,CAAGCGGTGGTGCGCTCGTC,0,3316212
rspAp,0.5,1,1,CAACGGTATCGTAGTGGCCT,0,3323980
rspAp,0.5,1,1,CAACGACGCGGCTTTATCCC,0,3326420
rspAp,0.5,1,1,CAAAGAAACACTTGCGCAGG,0,3315505
rspAp,0.5,1,1,CAAAAACGATGTTATAGCTC,0,3327056
rspAp,0.5,1,1,ATTTTGGGGTTCGTTGAGTC,0,3331437
rspAp,0.5,1,1,ATTTGTCATTGACAATGAAT,0,3322505
rspAp,0.5,1,1,ATTGTCACCGAGAATTGTTA,0,3320817
rspAp,0.5,1,1,ATTGGTTAAGCGCGGACAAG,0,3333576
rspAp,0.5,1,1,ATTGGTAAGAATGGTATAAA,0,3325778
rspAp,0.5,1,1,ATTGAATGGAGTTGCTTATT,0,3325910
rspAp,0.5,1,1,ATTCGAGGCTCTCAACTCTG,0,3311827
rspAp,0.5,1,1,ATTCCGTGGCTAGGCGCCAT,0,3327377
rspAp,0.5,1,1,ATTCACGTCGTAGCACTTAT,0,3311377
rspAp,0.5,1,1,ATTATCTCCGTGTGCCTACC,0,3322582
rspAp,0.5,1,1,ATGTTGTGAGCGGGGTTTGA,0,3329766
rspAp,0.5,1,1,ATGTGTAAGGCACCGTTTGG,0,3312281
rspAp,0.5,1,1,ATGTGGCTTAGCGGACGCAA,0,3329645
rspAp,0.5,1,1,ATGTCTTCAGAAGGCACGTT,0,3324288
rspAp,0.5,1,1,ATGCTGTAATCTTATTATGC,0,3313348
rspAp,0.5,1,1,ATGCCAGGCGTCACAGCCTC,0,3328327
rspAp,0.5,1,1,ATGCAGGACAGTCTGCTCGT,0,3329293
rspAp,0.5,1,1,ATGCAGAGGTCGCGACCACC,0,3331830
rspAp,0.5,1,1,ATGCACAGGACGCCTGAACC,0,3312770
rspAp,0.5,1,1,ATGATACCCACTCGGGACAA,0,3318594
rspAp,0.5,1,1,ATGATAATTTATGATGGGAT,0,3311793
rspAp,0.5,1,1,ATGAGGTGGCGAAATAAGGC,0,3332493
rspAp,0.5,1,1,ATCTCGCGGCAAGTGTAAAC,0,3321970
rspAp,0.5,1,1,ATCTCCGGGGGACGCAGCTA,0,3316568
rspAp,0.5,1,1,ATCGTTACTATGGACGCCTA,0,3308904
rspAp,0.5,1,1,ATCGTGGGCGTGATCAACGT,0,3327195
rspAp,0.5,1,1,ATCGGAAATCGATTATTGAT,0,3327019
rspAp,0.5,1,1,ATCGCATCGGATGCGTTTCT,0,3323628
rspAp,0.5,1,1,ATCAGGGGGTGTGAGTCACG,0,3319319
rspAp,0.5,1,1,ATCAGGGGGTATACTCTATC,0,3318149
rspAp,0.5,1,1,ATCAAAGGGAATGTGGTCTG,0,3327158
rspAp,0.5,1,1,ATATTTAACGCAACAGATGA,0,3322221
rspAp,0.5,1,1,ATATGCCACCTTAAGACCGG,0,3331168
rspAp,0.5,1,1,ATATGAAGGCATGGACGGAT,0,3311101
rspAp,0.5,1,1,ATAGTTGGTGCCGTACATGG,0,3317597
rspAp,0.5,1,1,ATAGGACGGGTCAAGAAACC,0,3321254
rspAp,0.5,1,1,ATAGATTGGGGTATGGACAC,0,3328440
rspAp,0.5,1,1,ATAGAATGTGGTGTACAGCG,0,3330403
rspAp,0.5,1,1,ATACTAATTTGAGTGGATAG,0,3316517
rspAp,0.5,1,1,ATACGCCGGAATCGACTCTA,0,3310788
rspAp,0.5,1,1,ATAATGTTTTATTATGAGCG,0,3309844
rspAp,0.5,1,1,ATAAGTCCGCACAGCCGAAC,0,3327465
rspAp,0.5,1,1,ATAAATTGAGCACCTTACCT,0,3328812
rspAp,0.5,1,1,AGTTGATCGCATACTCAGAA,0,3325893
rspAp,0.5,1,1,AGTTAATCACGACAACTACA,0,3313877
rspAp,0.5,1,1,AGTCCACACCTTATCCCTTA,0,3332125
rspAp,0.5,1,1,AGTCATCGTGCCTGGGTATC,0,3323602
rspAp,0.5,1,1,AGTCAATTTCAGACTCTCAG,0,3332307
rspAp,0.5,1,1,AGTAACGGAAGACGAATAGC,0,3316522
rspAp,0.5,1,1,AGGTTTCCCCACCCGAGGCA,0,3320176
rspAp,0.5,1,1,AGGTTTATGCATCCTGACTG,0,3321544
rspAp,0.5,1,1,AGGTTCCCTAGACTTAGGGT,0,3309788
rspAp,0.5,1,1,AGGTGTCGAGAAGTGTCTTA,0,3330583
rspAp,0.5,1,1,AGGTGGTCCGATGAGTCTTG,0,3328478
rspAp,0.5,1,1,AGGTCTGGGTCGGGTCCTGG,0,3332596
rspAp,0.5,1,1,AGGGGAAGCTGAATTTAGTT,0,3313026
rspAp,0.5,1,1,AGGGCGGAGAGGCAAGACGC,0,3311839
rspAp,0.5,1,1,AGGGAGTTGTGTCGGATTAG,0,3326722
rspAp,0.5,1,1,AGGCTAGGACTTCGGGAGTA,0,3328903
rspAp,0.5,1,1,AGGCCTCCAACAACGGCCTT,0,3316143
rspAp,0.5,1,1,AGGCAAGGAAAGTAATGCAA,0,3330563
rspAp,0.5,1,1,AGGATGGTCATTCATCTGGT,0,3324927
rspAp,0.5,1,1,AGGAGACGTATGTCTAGGCT,0,3317001
rspAp,0.5,1,1,AGGAATGATTAACTCTAACC,0,3321062
rspAp,0.5,1,1,AGCTTCAGAAACGACATATT,0,3331906
rspAp,0.5,1,1,AGCTGAGGGGCTCAAGAATA,0,3329655
rspAp,0.5,1,1,AGCGTGGAATACGCTGGTAC,0,3313609
rspAp,0.5,1,1,AGCGGTAACGGGTGTATAAA,0,3328395
rspAp,0.5,1,1,AGCGGAGCGGGGGTACTTCA,0,3333488
rspAp,0.5,1,1,AGCGCAAACAATGTGTTGGA,0,3311230
rspAp,0.5,1,1,AGCCTATAACAGGGATACAG,0,3323242
rspAp,0.5,1,1,AGCCGGGTTCGGGGCGGTAC,0,3327128
rspAp,0.5,1,1,AGCCAAGCAAGCATATACAG,0,3316173
rspAp,0.5,1,1,AGCCAAATTGGGCCACTAGA,0,3314024
rspAp,0.5,1,1,AGATATACTACCGCGGTGTC,0,3313011
rspAp,0.5,1,1,AGATAGAGGCAGTTATTAGA,0,3327220
rspAp,0.5,1,1,AGAGTTTCAGGAAGACGGGT,0,3322646
rspAp,0.5,1,1,AGAGTCGGGGGGACCCTCAT,0,3331180
rspAp,0.5,1,1,AGAGGGTAATTCAACGGTTA,0,3323869
rspAp,0.5,1,1,AGAGAGTCCGTACTCCCCCA,0,3309810
rspAp,0.5,1,1,AGAGAATACCTGGGCAAGAG,0,3331055
rspAp,0.5,1,1,AGACAGTCGTTATGTAGACT,0,3324506
rspAp,0.5,1,1,AGAAAGCAAAGAAGGGCATG,0,3326489
rspAp,0.5,1,1,AGAAAAGTTCTTGCTCCGAG,0,3331756
rspAp,0.5,1,1,ACTTCTACTGAAAGTGCCTG,0,3326639
rspAp,0.5,1,1,ACTTATATAGTTGGGCTAGT,0,3332951
rspAp,0.5,1,1,ACTGGTGCGACACAACCGGA,0,3312024
rspAp,0.5,1,1,ACTGCTTACGTTCTGCATTA,0,3322100
rspAp,0.5,1,1,ACTCCAAACAGCGATCTCGT,0,3311284
rspAp,0.5,1,1,ACGTCAGCGCTGACTGAGAG,0,3332332
rspAp,0.5,1,1,ACGTAAGAAGTCATCGCGTC,0,3319019
rspAp,0.5,1,1,ACGGTATTGATCAGACTTAC,0,3318390
rspAp,0.5,1,1,ACGGGAGCTCGTCCCTGACA,0,3322313
rspAp,0.5,1,1,ACGCTGCTAAATAACGTTTC,0,3323451
rspAp,0.5,1,1,ACGCTAGTACAGGCCGCAAG,0,3324232
rspAp,0.5,1,1,ACGCGTCTCTACTCCCAAAT,0,3310176
rspAp,0.5,1,1,ACGCAGGGTGCGATTGTAAG,0,3315396
rspAp,0.5,1,1,ACGCACCGAGACCGTCCTAA,0,3321567
rspAp,0.5,1,1,ACGATAGCTGCGAGTTCGAC,0,3318637
rspAp,0.5,1,1,ACGAGTACCGAGGTTTCGTT,0,3311275
rspAp,0.5,1,1,ACGAGGCAATACACCCCTGA,0,3333360
rspAp,0.5,1,1,ACGAGCTGTCATCCAAGCGG,0,3330810
rspAp,0.5,1,1,ACGAGATTCGGAGCATCGCC,0,3327051
rspAp,0.5,1,1,ACGAAGACCCGCCAGGATAC,0,3325144
rspAp,0.5,1,1,ACCTTGCGTCACGCAAGTTG,0,3310468
rspAp,0.5,1,1,ACCTTAGAGTACAATCTACT,0,3326330
rspAp,0.5,1,1,ACCGGTGTAACATTCTCTGA,0,3310643
rspAp,0.5,1,1,ACCGCATCACACCTGACTCA,0,3332155
rspAp,0.5,1,1,ACCGAATTAATTATGGTAAA,0,3319774
rspAp,0.5,1,1,ACCGAAAGCTTGAATACCCT,0,3315291
rspAp,0.5,1,1,ACCCAGTCCTTCTGTCAGAC,0,3313770
rspAp,0.5,1,1,ACCACTATCAAATAAGCACT,0,3327744
rspAp,0.5,1,1,ACCACCTCCTATCATGAAAA,0,3310598
rspAp,0.5,1,1,ACATGTCCTCTCCTGATTTG,0,3321270
rspAp,0.5,1,1,ACATCTATGAGTATCACTAT,0,3315307
rspAp,0.5,1,1,ACAGTTAACCGGTGTGTTTA,0,3311789
rspAp,0.5,1,1,ACAGGATTCACGCAGCATAA,0,3326429
rspAp,0.5,1,1,ACACTACACGCACGCCAAAC,0,3321750
rspAp,0.5,1,1,ACACGGAGGGTTGCCTGCAG,0,3310480
rspAp,0.5,1,1,AATTTCATGCGTACCCCTTC,0,3316707
rspAp,0.5,1,1,AATTGATCACGCCCAACAGT,0,3317099
rspAp,0.5,1,1,AATTGATAGGAGCGGATAGA,0,3308979
rspAp,0.5,1,1,AATTCTGGCCGTAGACGTTA,0,3319327
rspAp,0.5,1,1,AATGTTTGTGAACGAGCACC,0,3326966
rspAp,0.5,1,1,AATGTAATTATCAGAATGAT,0,3328987
rspAp,0.5,1,1,AATGGGGTCCCGGCATGCAT,0,3333354
rspAp,0.5,1,1,AATGAGGCGGACATGTCGAT,0,3314696
rspAp,0.5,1,1,AATGAGCACTAATTACCAGT,0,3316643
rspAp,0.5,1,1,AATCTCTCCCCCGATGAGGC,0,3321099
rspAp,0.5,1,1,AATCATAATTCAGATCCTTA,0,3328148
rspAp,0.5,1,1,AATCAGAGGGAAGGACTTGC,0,3314927
rspAp,0.5,1,1,AATAGAGTTGTTTAGTGGGG,0,3329099
rspAp,0.5,1,1,AAGTTAGCAATCCTTGGGAA,0,3314923
rspAp,0.5,1,1,AAGTGGAGAGTTAAATGTAA,0,3318895
rspAp,0.5,1,1,AAGTCCGGAGCAGAGTATCG,0,3322704
rspAp,0.5,1,1,AAGTCATAGCGCTGTGACCT,0,3330246
rspAp,0.5,1,1,AAGTAAATCGGGGTTATTTG,0,3332058
rspAp,0.5,1,1,AAGACACGGTCTACTCCTCA,0,3332162
rspAp,0.5,1,1,AACTATAATTATGGGCGATC,0,3319306
rspAp,0.5,1,1,AACGTGTCCACATAAATAGG,0,3310164
rspAp,0.5,1,1,AACGTACAAGTGGATTTGAT,0,3327455
rspAp,0.5,1,1,AACCTTAGGGGCGCTACAAC,0,3320670
rspAp,0.5,1,1,AACCGACATAGAATCACATT,0,3321286
rspAp,0.5,1,1,AACCCGCTTTTTGGTCGGTA,0,3313651
rspAp,0.5,1,1,AACAAGTCTCTGGATAATCG,0,3312528
rspAp,0.5,1,1,AACAAGTAACTTTACGTTTT,0,3316109
rspAp,0.5,1,1,AACAAATCAGCAGGACCAGG,0,3317045
rspAp,0.5,1,1,AAATTACTTAACCCCAGCCA,0,3319348
rspAp,0.5,1,1,AAAGTGCTGTCGAATGACAC,0,3321501
rspAp,0.5,1,1,AAAGGTCACGAGTGCTGATC,0,3314723
rspAp,0.5,1,1,AAAGAAAAGAACATTACCGT,0,3329100
rspAp,0.5,1,1,AAACTCCCAACATAGGCCGC,0,3330079
rspAp,0.5,1,1,AAACATGCCGAGCAGGGTCT,0,3310991
rspAp,0.5,1,1,AAAATCGCTACGGAACCCGA,0,3325733
rspAp,0.5,1,1,AAAAGCTTTGACCTTGCATG,0,3311938
rspAp,0.5,1,1,AAAACCATAGGCGAAGTCGG,0,3313863
rspAp,58.0,57,0,CAGGTGTTCTTGTCCCTGAT,57,3312369
rspAp,57.0,56,0,GTTCATGGACACTTAGAAGG,56,3332960
rspAp,56.0,55,0,GATGGAATGGCGGAATAGAG,55,3332875
rspAp,51.0,50,0,GGGTCCTTCGACTTTGCGGG,50,3331490
rspAp,47.0,46,0,CGAAGTAGTAATGACAAGTT,46,3328351
rspAp,43.0,42,0,AGATCCTAGGAAGGGCGAAC,42,3330120
rspAp,41.0,40,0,TTTCCGGTGAAAGACCCTTA,40,3330027
rspAp,41.0,40,0,CCACCGCATGCTACCTGGGC,40,3324914
rspAp,39.0,38,0,CTAGCTCATATTCCAAGTGC,38,3315898
rspAp,35.0,34,0,GGGGCTCGGGTCCAGCCAGT,34,3319171
rspAp,32.0,31,0,ATTCCACTGTTGAGTAGTTG,31,3317801
rspAp,30.0,29,0,GCGGATCGTCTCATAGGTGA,29,3326374
rspAp,29.0,28,0,CGTTAAACATAAAGTAGCCA,28,3331489
rspAp,29.0,28,0,AACACAGACGGTACCCGCAA,28,3329635
rspAp,28.0,27,0,TGGATCACCAGCAGGAAAAC,27,3326836
rspAp,28.0,27,0,GTCCAGGGGGAAACCGTAGC,27,3321443
rspAp,28.0,27,0,CCAACTCTGTTCGCCCTACT,27,3313065
rspAp,28.0,27,0,CATATGACGTGATGGGGACA,27,3329246
rspAp,27.0,26,0,CATCGTTGTTCAAGTGGATA,26,3316666
rspAp,25.0,24,0,TGGTAATGTCGAATCTTATG,24,3330137
rspAp,25.0,24,0,CGAGGCCTTGTTTCAAGTCT,24,3333084
rspAp,24.0,23,0,GGAATCTCATGGGTCCGTCT,23,3317704
rspAp,24.0,23,0,ACCCAGATGCGTTAAATCCT,23,3328416
rspAp,23.0,22,0,TTCGACCCACCTCCAGGATC,22,3315012
rspAp,23.0,22,0,GTTGTAAAAGTCCTGAGACA,22,3331539
rspAp,23.0,22,0,GGTCAGTAATATCGGATCTG,22,3318472
rspAp,22.0,21,0,TGAATGATACCTCTTGCCAA,21,3332971
rspAp,22.0,21,0,CAAGATTGGTGTTGGTGATA,21,3317851
rspAp,22.0,21,0,ATCTCAATGACGTGCGGGAT,21,3317975
rspAp,22.0,21,0,AGTCCAGTTTGCTGATCGGA,21,3313091
rspAp,22.0,21,0,ACTTTAGCCACGCCGGTCCC,21,3321797
rspAp,21.0,20,0,TGAAAATTGAGAGCAGTGTT,20,3332958
rspAp,21.0,20,0,GTGTGCCCGCAAATCGGCGA,20,3315905
rspAp,21.0,20,0,GGCGTTTATAGTGGCAGGAG,20,3325276
rspAp,20.0,19,0,GTGATCCGCTACCCAGGGGA,19,3316913
rspAp,20.0,19,0,CTTCGATCGCGACCCCTTTC,19,3315595
rspAp,20.0,19,0,CTCAATCATGGTCTGAGATA,19,3311744
rspAp,20.0,19,0,CGCTCGTCATGAACGTCGAA,19,3332081
rspAp,20.0,19,0,AGTAAGAGAAGGTAAATATA,19,3330133
rspAp,19.0,18,0,TTGATGGTCCAACCGGCCCA,18,3333603
rspAp,19.0,18,0,GACTGGAAGACTCCAGGGGA,18,3321377
rspAp,19.0,18,0,CTCCCAACCACGACAGTTGC,18,3328573
rspAp,19.0,18,0,CACGCAAAGTTTGACGAAGG,18,3311996
rspAp,19.0,18,0,ATATTAGTCCGGTCTCGGTT,18,3323542
rspAp,18.0,17,0,TGTGACCTAATGACGTGACT,17,3324294
rspAp,18.0,17,0,TGGCACAAGTGTGGCTCTAC,17,3310034
rspAp,18.0,17,0,GTAGCTGGATCGCTCAATGC,17,3326613
rspAp,18.0,17,0,GGATGGGCCGGGTTCTTTAC,17,3313097
rspAp,18.0,17,0,GATGTTGAAGGTTTTCATAT,17,3331453
rspAp,18.0,17,0,AATTGTTACTGTTAGTTCCT,17,3311914
rspAp,17.0,16,0,TGTGTACCCAAATGGATAGA,16,3316843
rspAp,17.0,16,0,TCCTATCCTTCTGCATTACT,16,3327372
rspAp,17.0,16,0,TCCATTTGTTTTTACAAGGG,16,3320839
rspAp,17.0,16,0,TCATCGCCGCTACTAATCGG,16,3333086
rspAp,17.0,16,0,TACTCGGGCGGATCTTACAG,16,3315369
rspAp,17.0,16,0,CGACGCAAGTACACAGTTCG,16,3323271
rspAp,17.0,16,0,AGACCTGGGGATGAGGAAGT,16,3314177
rspAp,16.0,15,0,TTTGCGGTACTTGGGAAGCC,15,3312360
rspAp,16.0,15,0,GTTCCATGGTCAGTGTACTC,15,3329846
rspAp,16.0,15,0,CTTGGTACGCGGTCTGTGTT,15,3321808
rspAp,16.0,15,0,AAAGGCCTTAGTGTAACGCG,15,3326779
rspAp,15.0,14,0,TTGGATAGCGATTTCCTTGC,14,3329935
rspAp,15.0,14,0,TTGGAACAGGGTTGCCTTAT,14,3315206
rspAp,15.0,14,0,TGTAATGCCTCGTCACGTGC,14,3330143
rspAp,15.0,14,0,TGGAACAAAAACGGGAAAGC,14,3315515
rspAp,15.0,14,0,TGATCCAGGTCGCCCTTCTA,14,3324168
rspAp,15.0,14,0,TCTTTGGGTCGTCGCAGGTA,14,3311423
rspAp,15.0,14,0,GCTTCCTCCCTGTATGGCCA,14,3320711
rspAp,15.0,14,0,GCACACACAGCTATGCGCGT,14,3325280
rspAp,15.0,14,0,GACCCTTTACTGCCGAGGTC,14,3314563
rspAp,14.0,13,0,TCGTAATAGTCTCACCGGCA,13,3311483
rspAp,14.0,13,0,TAGGAGATTTAGGACTGTAC,13,3331759
rspAp,14.0,13,0,TACGGGCACGTAATGCAGGC,13,3315205
rspAp,14.0,13,0,CTTGGTACACTGACCCTGGG,13,3315980
rspAp,14.0,13,0,CCCGGAAAGAGATGGCTAGT,13,3311740
rspAp,14.0,13,0,CCAGGACAGACTATTCGCGA,13,3323773
rspAp,14.0,13,0,ACTCGATCGACTGTTTCCCA,13,3322409
rspAp,14.0,13,0,AACGTAGTAAGGTCTCGACC,13,3323295
rspAp,13.0,12,0,TTTCTCCTTACTGTTGATGA,12,3333403
rspAp,13.0,12,0,TTGTCCTAGCAGGTTCAAGA,12,3314068
rspAp,13.0,12,0,TACTAAGCTACCCGTCGAGG,12,3316148
rspAp,13.0,12,0,TACATGTCCTCGGGTTTGCG,12,3320329
rspAp,13.0,12,0,GCAGAGAGAACGTGTCCTAG,12,3311753
rspAp,13.0,12,0,AGTGATCAGGGAGGTCTGCC,12,3319166
rspAp,13.0,12,0,AAAATCAGGGGGTCTGAATA,12,3319666
rspAp,12.0,11,0,TGTAACCTCTATCACCCGGC,11,3328119
rspAp,12.0,11,0,TGATTTCCTAAGTTACGTAA,11,3310929
rspAp,12.0,11,0,TCTCGGTATGCTAAGTGATA,11,3321168
rspAp,12.0,11,0,TCGGCGTTTGCCGAACAGTG,11,3312054
rspAp,12.0,11,0,TCGCCCTTGTTGCTTGTAGG,11,3316736
rspAp,12.0,11,0,GCAATGGGAGATCCATCCCT,11,3315798
rspAp,12.0,11,0,CGCAGCAACGTACTTTAGAC,11,3324688
rspAp,12.0,11,0,CCGCGGCCTGCGCGGCACCT,11,3326579
rspAp,12.0,11,0,CCGACCTGTGGAGCCAGGAC,11,3327370
rspAp,12.0,11,0,CATGTGCGGTCTCGTAGATG,11,3310033
rspAp,12.0,11,0,CAGTTCCTAATCGACAAGGG,11,3326914
rspAp,12.0,11,0,CAGTCAACCTTGTATCTGGG,11,3311220
rspAp,12.0,11,0,CAACACACAATAACTACCTG,11,3317399
rspAp,12.0,11,0,AAGGTGTCAGATGGTTGTTG,11,3320255
rspAp,11.0,10,0,TCTTACCACGAGCTGTATGA,10,3316983
rspAp,11.0,10,0,TCGGGGTAGGCCCATTAGGG,10,3314030
rspAp,11.0,10,0,TATACTGCCCGTGGTGAAGA,10,3324794
rspAp,11.0,10,0,GTGACGTGATCCATTCATAG,10,3327126
rspAp,11.0,10,0,GAAAGTGAGTGTACCTTGGT,10,3320912
rspAp,11.0,10,0,CCTTTCGCTGTCGCGCCCAA,10,3321977
rspAp,11.0,10,0,CCCGAGTTTCGTCGTCTTCC,10,3314102
rspAp,11.0,10,0,ATGATGGGTTTGGGAGCCTC,10,3315211
rspAp,11.0,10,0,ATACGGAAGATTAGAAGCGT,10,3315413
rspAp,11.0,10,0,AGCCTAGCACCGTGATAGGC,10,3313733
rspAp,11.0,10,0,AGATCACGTCTGGTTCAAGT,10,3316935
rspAp,11.0,10,0,ACGTATCCGTAAGTTCTAGG,10,3324674
rspAp,11.0,10,0,ACAAGCTAGTAATTGTACTC,10,3324704
rspAp,11.0,10,0,AAGGGGGTACAATCAGCTTG,10,3317794
rspAp,10.0,9,0,TTTGCCTTCGCGGGATTTGT,9,3328808
rspAp,10.0,9,0,TTCTCGGGATGTGCCTCAGT,9,3308950
rspAp,10.0,9,0,TGTAACGCTCAGTGGTGGGC,9,3314019
rspAp,10.0,9,0,TGGTTGCATTGCGACACGTT,9,3323652
rspAp,10.0,9,0,TCACACATAACATCCAACCT,9,3333642
rspAp,10.0,9,0,GGTTGACACTATTCAGCGAA,9,3313136
rspAp,10.0,9,0,GGGCTTGTAGCGTGGGACGG,9,3332098
rspAp,10.0,9,0,GGCATACCATCGGTGGGTTG,9,3321798
rspAp,10.0,9,0,GCGTAGGGTTTACATGATCA,9,3324951
rspAp,10.0,9,0,GCGGCCGACTGAAATTTTTT,9,3322148
rspAp,10.0,9,0,GCCTTGTCGCAGGGAGACGG,9,3317603
rspAp,10.0,9,0,CTTCTTTAGGTTTGGTGTCG,9,3311243
rspAp,10.0,9,0,CTGGGTATAGAATCGAATTG,9,3328811
rspAp,10.0,9,0,CTGATGTATTAGCCGGCGGT,9,3327925
rspAp,10.0,9,0,CTCGGTATTAAACTAGGATG,9,3315279
rspAp,10.0,9,0,CTAACGCGGGCTTGGCTCTT,9,3313435
rspAp,10.0,9,0,ATAATTTAACTTGGTAGGTC,9,3320440
rspAp,10.0,9,0,AGCCCGCAACTGTGGGCCGG,9,3329457
rspAp,10.0,9,0,AACCACGTCTCACACATACC,9,3316310
rspAp,9.0,8,0,TTTTGGATCATCTGACCAAA,8,3328643
rspAp,9.0,8,0,TGAGGTAGTCGGGCATCCGA,8,3316198
rspAp,9.0,8,0,TCCGCACCTGTGCCCTACAT,8,3327722
rspAp,9.0,8,0,TCAGGGTTCACTCCGGATGG,8,3319279
rspAp,9.0,8,0,GTTTGCGTGTTTCCATTCGT,8,3310267
rspAp,9.0,8,0,GTCAAGGTCCTGCCCGTGTG,8,3310397
rspAp,9.0,8,0,GATGGCAGGAAGTTGGAGTG,8,3321585
rspAp,9.0,8,0,GAGGAAACTCGAGATTCTGT,8,3329312
rspAp,9.0,8,0,GAATGCGCACCTGCTTTACT,8,3311084
rspAp,9.0,8,0,CGGAAAGACGTCGTCTAACA,8,3319914
rspAp,9.0,8,0,CGAAGAAGCGTACATCGGTT,8,3327279
rspAp,9.0,8,0,CCAGCTTCTGCCGTGGTTAA,8,3319317
rspAp,9.0,8,0,CATGAGCTCAAGCCACAAGC,8,3326467
rspAp,9.0,8,0,ATCTCTAGATTGCGACGAGC,8,3322276
rspAp,9.0,8,0,ATATCTTTAAGCAAGGCTTA,8,3329741
rspAp,9.0,8,0,ATACAGTTTTCGATTGAAGG,8,3323900
rspAp,9.0,8,0,AGTTGTTCCTCGTTCCCGCG,8,3317682
rspAp,9.0,8,0,AGTGTAAACGAGCGGCGAGT,8,3321880
rspAp,9.0,8,0,AGTATAAACTCTGGTATAGT,8,3316628
rspAp,9.0,8,0,ACGGCAACTTGGTAGTCAAT,8,3316220
rspAp,9.0,8,0,ACCGAAGTAGCCGTGCGGCT,8,3313385
rspAp,9.0,8,0,AATTTCCGTGTAAAACATGG,8,3310431
rspAp,8.0,7,0,TTTTCTGTGTGTCTGGTCTG,7,3331675
rspAp,8.0,7,0,TTTACAAGAGCAGGGTACCC,7,3315851
rspAp,8.0,7,0,TTGCGTCCTAGCCCAAGGTT,7,3311089
rspAp,8.0,7,0,TTAGACGTCAACACCGAGAC,7,3313201
rspAp,8.0,7,0,TGCCCCCTGCCGCACCTTTG,7,3328361
rspAp,8.0,7,0,TCCGGGCAATGGGCAGCTCG,7,3321628
rspAp,8.0,7,0,TATTCGGACACCAGTCAACA,7,3332711
rspAp,8.0,7,0,GTGTTAGTAGTAGATCGGGC,7,3323461
rspAp,8.0,7,0,GTCAAGTTTCCATTAGGAGT,7,3310026
rspAp,8.0,7,0,GGTTGGCGAAAGTCATTGAA,7,3312572
rspAp,8.0,7,0,GGTTCTCGAATCGACTAGCT,7,3320989
rspAp,8.0,7,0,GGCATCAGCGTGGGCCAACT,7,3332872
rspAp,8.0,7,0,GCGACACAAATACAAATATA,7,3317608
rspAp,8.0,7,0,GAGTCACCTGACATTCCTGT,7,3324101
rspAp,8.0,7,0,GAATTAGATTTCCCGAAAAT,7,3322892
rspAp,8.0,7,0,CTTACGGTTCGCGTTTTCAA,7,3319953
rspAp,8.0,7,0,CTGTATGGGCGATCCCAAAA,7,3328816
rspAp,8.0,7,0,CTCTCTCCTCACTGGGTCTA,7,3309783
rspAp,8.0,7,0,CCATCCCTAACCCGAAGATA,7,3312416
rspAp,8.0,7,0,CATAAGTAAATAGTCACCAG,7,3326959
rspAp,8.0,7,0,CACGCGTGGAAACTCCTCGG,7,3317266
rspAp,8.0,7,0,CAATCGGGATTTGCGTGTTC,7,3315568
rspAp,8.0,7,0,ATCTGTCAATTTTTTGGATA,7,3320195
rspAp,8.0,7,0,ATAGAGGCATGTCCCGATCG,7,3326254
rspAp,8.0,7,0,ACGGTAGTTTTGTCAATGCT,7,3324952
rspAp,8.0,7,0,ACCTACTCAGGCTTATACTC,7,3328848
rspAp,8.0,7,0,AAAACTCATCGTAGGGGTAG,7,3319044
rspAp,7.0,6,0,TTGGATATCGGGACACACTT,6,3330314
rspAp,7.0,6,0,TGTGCTCGCGGGGTTCGCTA,6,3326562
rspAp,7.0,6,0,TGGTTAGTTACAACCGGAGG,6,3318308
rspAp,7.0,6,0,TGCGCATTCCTAAGCGCGAG,6,3325507
rspAp,7.0,6,0,TCTCTCTCGTCACGTCACGA,6,3320299
rspAp,7.0,6,0,TCATGGCTAGGGGCTAAGAG,6,3320978
rspAp,7.0,6,0,TAAGCTAAATAGATGTCGTA,6,3320569
rspAp,7.0,6,0,GTCAACTCAAGGCCATGTAT,6,3327680
rspAp,7.0,6,0,GCTTTGTAAGTCGTGGCCTA,6,3319958
rspAp,7.0,6,0,GCGCCCCTGGCCGGGCAGCA,6,3319338
rspAp,7.0,6,0,GCGACCTGTTTAACAGTCAT,6,3319474
rspAp,7.0,6,0,GCATCAAATTCCTGGCAGCT,6,3324780
rspAp,7.0,6,0,GACCAAATACGATCTGTCAG,6,3311451
rspAp,7.0,6,0,GAAATTCTACAATTATGTTG,6,3326194
rspAp,7.0,6,0,CGATGCCCCTCGGGTGAAGA,6,3314541
rspAp,7.0,6,0,CCCACGAGTGGCAACGCTAT,6,3321731
rspAp,7.0,6,0,CATCTGCGTAACCACCGGAC,6,3321321
rspAp,7.0,6,0,CATCCGAGCTTACGAATGCA,6,3322326
rspAp,7.0,6,0,AGTGGCCGTTAGAGCTTCAT,6,3332520
rspAp,7.0,6,0,AGGCCCAGCTTTGGGGACTC,6,3315969
rspAp,7.0,6,0,AATCCGGTGCGGTGAACGCA,6,3313463
rspAp,7.0,6,0,AACGCATAATCGTTTCGGCC,6,3309149
rspAp,6.0,5,0,TGGTGTGTTTACCTCCTACT,5,3317971
rspAp,6.0,5,0,TGCGTGCTCCCAGGATACAC,5,3309387
rspAp,6.0,5,0,TGACCTACAAAGTCAGCTAA,5,3325578
rspAp,6.0,5,0,TCGGTCTTAACGTTTAGCCT,5,3310848
rspAp,6.0,5,0,TCCAGAGTCTATGGGAGATC,5,3330489
rspAp,6.0,5,0,TACAGGCTGGGCACTGGGGC,5,3316320
rspAp,6.0,5,0,TAAATGCAACAACATTTCTG,5,3315202
rspAp,6.0,5,0,GTCAGAGCTGGTCATAGGCA,5,3313946
rspAp,6.0,5,0,GTCACTCTCGCGTGCCAAGC,5,3312049
rspAp,6.0,5,0,GGAGACTCCGTCTCAGGTGG,5,3324378
rspAp,6.0,5,0,GATCGATGCTAAACAGGGCT,5,3310019
rspAp,6.0,5,0,GACTAGGATTGAGAGGTTAC,5,3312106
rspAp,6.0,5,0,GACCGTTCTACCGGGGAGAT,5,3329276
rspAp,6.0,5,0,CTTTTTTAATTCGGGAAGTT,5,3318946
rspAp,6.0,5,0,CGCTTATTGCGCGGCGTTTC,5,3324625
rspAp,6.0,5,0,CCCCACTATGGACCGCTATT,5,3330654
rspAp,6.0,5,0,CCATTGGTCAATATCCGGAA,5,3314884
rspAp,6.0,5,0,CACTTGCCAAGATGTCTGCG,5,3325170
rspAp,6.0,5,0,ATTGGATACAACCATAAGCA,5,3327758
rspAp,6.0,5,0,ATTCCGACGACTGTGCACTA,5,3313795
rspAp,6.0,5,0,ATGTATGATCGCCAACGGGT,5,3327132
rspAp,6.0,5,0,AGTTGATACTTGTAATAGGT,5,3327944
rspAp,6.0,5,0,AGCCCCGGCTTCGAATGTGT,5,3318929
rspAp,6.0,5,0,ACGCCTAAGCGAGGGGTTAA,5,3310782
rspAp,6.0,5,0,ACCCGAGACGCTCTATCGCT,5,3308863
rspAp,6.0,5,0,AACATAGCTACATACCAACA,5,3314247
rspAp,5.0,4,0,TGATAGTTCATTAGAACAGA,4,3332400
rspAp,5.0,4,0,TACAGATCGGCGACGCTGAG,4,3333380
rspAp,5.0,4,0,GTTGTGTCTTGGGAAGCGAT,4,3332163
rspAp,5.0,4,0,GTTACTTAGAGTTTAACCAG,4,3319172
rspAp,5.0,4,0,GTGATCGTGTCATCCCCCCT,4,3315597
rspAp,5.0,4,0,GTCCCTGATGCGAATATATC,4,3320349
rspAp,5.0,4,0,GGTTTAACGGTTTTCAAGGT,4,3330726
rspAp,5.0,4,0,GCGCAACGATCTCGGTGACT,4,3314759
rspAp,5.0,4,0,GCCGCCTATTGTAGTATCTC,4,3333121
rspAp,5.0,4,0,GCACGGTGGACTGTGGGCGT,4,3317875
rspAp,5.0,4,0,GAGCGGTAACAATCTAGCAT,4,3324819
rspAp,5.0,4,0,GACAGCACGTAATACCTGCA,4,3321464
rspAp,5.0,4,0,CTGTGCTTCGCGTGGGAAAT,4,3320274
rspAp,5.0,4,0,CTAGATCAGAGGCGCCTAGG,4,3315125
rspAp,5.0,4,0,CTAACATAGGATTCGGGACC,4,3324097
rspAp,5.0,4,0,CGCAAACGGCCCGACGTTGC,4,3314334
rspAp,5.0,4,0,CCCGGAATCGGAGGACCAGA,4,3327488
rspAp,5.0,4,0,CATGACACTTTACTTCTTGT,4,3322474
rspAp,5.0,4,0,CAACCCTATATCTACCCGCG,4,3318385
rspAp,5.0,4,0,ATTTCTATATATTTCCTGGT,4,3311145
rspAp,5.0,4,0,ATCGTCGATCCGCGCATTAG,4,3316238
rspAp,5.0,4,0,ACCGGTATTCTTTACGACGT,4,3316635
rspAp,5.0,4,0,AAACTGCCACAATCGGTCAA,4,3321631
rspAp,4.0,3,0,TTGCCAAGAGTGCACTGCCA,3,3316002
rspAp,4.0,3,0,TTGCACTACGCTCGTAAGGA,3,3326747
rspAp,4.0,3,0,TTGATGCGATCAGGAACTTT,3,3332113
rspAp,4.0,3,0,TTCTCGTATCCGATTTTTGG,3,3313975
rspAp,4.0,3,0,TGTTTAGTTTAAGGGCAACG,3,3329881
rspAp,4.0,3,0,TGGAACCGGGATAGTGGTGA,3,3326327
rspAp,4.0,3,0,TGACGTTCTAACTCTGGTTT,3,3331887
rspAp,4.0,3,0,TCTCCCTGGCAGCGTATACA,3,3333048
rspAp,4.0,3,0,TCGCTACCTACTGAAGACGA,3,3319822
rspAp,4.0,3,0,TCGAGGGCTGGTACTATTAA,3,3315261
rspAp,4.0,3,0,TCACCTTGGTAGCTGGACGA,3,3330727
rspAp,4.0,3,0,TAGCGTCTGGCCCTATCCCA,3,3330699
rspAp,4.0,3,0,TACTTAGGTAGTGCTTACGG,3,3328272
rspAp,4.0,3,0,TACTGGTAAGCGGCCTCCCT,3,3325703
rspAp,4.0,3,0,TAAGGGCTGAAAATTGCATA,3,3311680
rspAp,4.0,3,0,GTTATGCCACGTCCATAGAC,3,3312887
rspAp,4.0,3,0,GTGTCCATTCCCTCGGATTC,3,3321446
rspAp,4.0,3,0,GTGCTCCTCGGCTAGTCAAT,3,3315497
rspAp,4.0,3,0,GTACTTGCGACGATCTCCGT,3,3324387
rspAp,4.0,3,0,GCGTCTGCCATTTTGGATTT,3,3319961
rspAp,4.0,3,0,GCAGCTGTCCACTGAGCGGG,3,3314524
rspAp,4.0,3,0,GATCAAGTGGAGAACTAGCT,3,3324918
rspAp,4.0,3,0,GATAAACGGTAGAAATCTTC,3,3313436
rspAp,4.0,3,0,GAAACTCTGCATTGCCTAGT,3,3314121
rspAp,4.0,3,0,CTTGTTTATATCTCTCAAGA,3,3314858
rspAp,4.0,3,0,CTTATATACACTGTTGGGCT,3,3330868
rspAp,4.0,3,0,CTAATGGCAAGGCAGTCTAT,3,3323733
rspAp,4.0,3,0,CGCGCTAAGGGGTATAAACG,3,3314283
rspAp,4.0,3,0,CCTCTGTGCTAAGTTGCGCC,3,3311042
rspAp,4.0,3,0,CCTCGCGTTACCACTTTAAG,3,3316617
rspAp,4.0,3,0,CCGGTATAAACCAGCGTCCA,3,3322807
rspAp,4.0,3,0,CCGGCGGATCCCGGCGCTAA,3,3312421
rspAp,4.0,3,0,CCGCGTTATACGCCAAAAGG,3,3308903
rspAp,4.0,3,0,CCCCGCCTCCTGCGATATGT,3,3322522
rspAp,4.0,3,0,ATGTGTCTCAGCAAAGTGCA,3,3321332
rspAp,4.0,3,0,ATAAGTAAGCGCTAGTTCCC,3,3318982
rspAp,4.0,3,0,AGGTTTCGTAAAGCAGCCCA,3,3324386
rspAp,4.0,3,0,AGGCACGGAACCTGCTTCAA,3,3328512
rspAp,4.0,3,0,AGCATCGACGTCATTGTGTT,3,3327203
rspAp,4.0,3,0,ACTTGTTACAAGGTAACGTT,3,3321083
rspAp,4.0,3,0,ACGGCAGACTGCTTACTAAA,3,3312077
rspAp,4.0,3,0,ACATATCTCACACTGGGGCA,3,3317800
rspAp,3.0,2,0,TTTCATGGGCCTCGCATCAG,2,3322714
rspAp,3.0,2,0,TTGGTTTCGGTACGTACTTA,2,3319555
rspAp,3.0,2,0,TTATTCGCACTTTGTAGAAT,2,3325026
rspAp,3.0,2,0,TGACCCACTGCATGTCGTGT,2,3314294
rspAp,3.0,2,0,TCAGGGCGTAAGGTAGAATA,2,3313460
rspAp,3.0,2,0,TACCGGAAGCGTTATCGACC,2,3326586
rspAp,3.0,2,0,TAACAGTGGCCGCACGCCTA,2,3311247
rspAp,3.0,2,0,GTAAACTCTTGCTACGATTT,2,3325956
rspAp,3.0,2,0,GGTTCCGGCAGCCGTGTATC,2,3320275
rspAp,3.0,2,0,GGGGTATCGGCGGGGTCTTC,2,3324434
rspAp,3.0,2,0,GGGCTCGGTCTTTATACAGT,2,3317663
rspAp,3.0,2,0,GGACTCGAACACAGCCCTCG,2,3326917
rspAp,3.0,2,0,GCTACGCGGTCGATCCGGTG,2,3326751
rspAp,3.0,2,0,GCAAAGTTCCGCGGGAGTGC,2,3322104
rspAp,3.0,2,0,GATTTTCACAGCCTATACCT,2,3311474
rspAp,3.0,2,0,GATCTTATGGCAGATGGCGC,2,3326411
rspAp,3.0,2,0,GAGCTGGTGTGGGATGGCAA,2,3328722
rspAp,3.0,2,0,GAGCAACAGGCTTGTTTGGA,2,3332471
rspAp,3.0,2,0,CTGAACAAAGATAGGGAAAC,2,3311811
rspAp,3.0,2,0,CTCGAGTCTGTAGGGCCTAC,2,3332029
rspAp,3.0,2,0,CTCCGCTTCGAACGCCGATA,2,3327931
rspAp,3.0,2,0,CGCGTCCATGTGCTGTGAAG,2,3318698
rspAp,3.0,2,0,CGACGCGGGTTGGAGCTCGA,2,3316235
rspAp,3.0,2,0,CCTAATTGGGTGTAAGAATT,2,3328009
rspAp,3.0,2,0,CCGTTATACAGGCGCGTTCC,2,3329036
rspAp,3.0,2,0,CCCTCTAATCGGGTCGAAGT,2,3323459
rspAp,3.0,2,0,CAGCATTGGCATTCCTGTCC,2,3319766
rspAp,3.0,2,0,ATGGTGAATGTACTGTCGGA,2,3328306
rspAp,3.0,2,0,ATGCAATGCGCGGGCCGATT,2,3325998
rspAp,3.0,2,0,ATGAATCCCTTCGAAGTGAA,2,3310442
rspAp,3.0,2,0,ATATCCGGCCGTTCCCCTAG,2,3323115
rspAp,3.0,2,0,AGTCCCGTGGGAAAGCTTTT,2,3324816
rspAp,3.0,2,0,AGTAGATCTCTGGGAGTTCA,2,3333586
rspAp,3.0,2,0,AGGTCTCGGGAGCTACTGCG,2,3326963
rspAp,3.0,2,0,ACAGGATCATCTTCAATAGG,2,3332450
rspAp,3.0,2,0,ACACTTCAGGGCGCACCGCT,2,3324972
rspAp,2.0,1,0,TTTTAGGTTTATGCCTGCAG,1,3328505
rspAp,2.0,1,0,TTGGAGGTGGTCTCAAAAGA,1,3332430
rspAp,2.0,1,0,TTCGGGGCGGGCTAGTTACA,1,3311357
rspAp,2.0,1,0,TTAGGTTAAAACGACTCGAA,1,3311317
rspAp,2.0,1,0,TTAGATGTGACTTCCGCCGA,1,3309923
rspAp,2.0,1,0,TTAATTACCGATACCGGACA,1,3319225
rspAp,2.0,1,0,TGGGGCCGGCCTGGCGACGT,1,3316747
rspAp,2.0,1,0,TGACACCGATCGGTGTAAGA,1,3329089
rspAp,2.0,1,0,TCTATGTAGAGGCACTGTCG,1,3318647
rspAp,2.0,1,0,TCGTAGACGATCTCATCTCC,1,3325717
rspAp,2.0,1,0,TCCGATAACGATCAGATTGC,1,3315511
rspAp,2.0,1,0,TCAGAGTAATTAGAGTTTCC,1,3318362
rspAp,2.0,1,0,TCAAGAGTGCTTGAGTTCCC,1,3327544
rspAp,2.0,1,0,TCAAATCTATACTGACGTTA,1,3310439
rspAp,2.0,1,0,TATCAGCGCATCCCTCGGCC,1,3317773
rspAp,2.0,1,0,TATCAAGAAACTAGGCACAC,1,3310563
rspAp,2.0,1,0,TATAGGCATGGAGATTATTG,1,3321165
rspAp,2.0,1,0,TAGACGTTGGAGTTTCACGA,1,3329288
rspAp,2.0,1,0,TACAAGGAACCTATTGATAC,1,3328784
rspAp,2.0,1,0,GTCCAGCACATACGCTCCCT,1,3320142
rspAp,2.0,1,0,GGTATAGAATGATACGTTCA,1,3320756
rspAp,2.0,1,0,GGTACGGTTGGCACATTCGC,1,3324602
rspAp,2.0,1,0,GGATAGCTATATAACACATT,1,3332801
rspAp,2.0,1,0,GGACGGACATGTTCCCGGGG,1,3312717
rspAp,2.0,1,0,GGAATTGGCTTTGGTATCGA,1,3318038
rspAp,2.0,1,0,GCTGTGATTGGCTTCCGGTT,1,3319119
rspAp,2.0,1,0,GCTATCAGACTCTAATGGGA,1,3309769
rspAp,2.0,1,0,GCGATGGCTTCTCTCTCATG,1,3329588
rspAp,2.0,1,0,GCCGTATGCTCCCTGGATGC,1,3327314
rspAp,2.0,1,0,GATTTAGATAGTTACACGCT,1,3313183
rspAp,2.0,1,0,GACGTTGCGTTTCGGGCATT,1,3325669
rspAp,2.0,1,0,GACGAGCCTATCAGTGAGAC,1,3319898
rspAp,2.0,1,0,GACCGGGCTCCCTCTGGTTG,1,3332881
rspAp,2.0,1,0,GAATTTCCGCTTATAAATGG,1,3318458
rspAp,2.0,1,0,GAAGGTGGTACGCGCAAATC,1,3325756
rspAp,2.0,1,0,GAACGCACTACACGCGAGAG,1,3318081
rspAp,2.0,1,0,CTTGGCCCGGAACCTCTGGA,1,3309032
rspAp,2.0,1,0,CTTCCTTGTCTCTTAGGATC,1,3330971
rspAp,2.0,1,0,CTGGACGGTACTAACTGGTG,1,3323048
rspAp,2.0,1,0,CTAACGGCGAGACACCTTTG,1,3331864
rspAp,2.0,1,0,CGTCCCGCTCATTTAATAGC,1,3322395
rspAp,2.0,1,0,CGGGTTTTAGCCTATTAGCT,1,3310107
rspAp,2.0,1,0,CGGATGGGATTTGAGCGCGC,1,3328939
rspAp,2.0,1,0,CGACAGGCACACTTCAGGTG,1,3313589
rspAp,2.0,1,0,CCTACGGCGAATTCCCCTCA,1,3316826
rspAp,2.0,1,0,CCGTTGGAAATGATAAGGAG,1,3331245
rspAp,2.0,1,0,CCGGACTGGAACAGATCGGA,1,3326738
rspAp,2.0,1,0,CCGATCTCATATGCCCCATG,1,3327769
rspAp,2.0,1,0,CCAAGGTCGCCTACAAATCC,1,3326760
rspAp,2.0,1,0,CATCATCCGGCGTGGCGGTG,1,3325845
rspAp,2.0,1,0,CATAATCTGAGAGAGACCGA,1,3325827
rspAp,2.0,1,0,CACAGCCGAAGGGGACTTGC,1,3320551
rspAp,2.0,1,0,CAAGGGAGTGGTTTCCGAGT,1,3326893
rspAp,2.0,1,0,CAACATTCTAACGAGTGGGA,1,3332826
rspAp,2.0,1,0,ATTGGGGGTCAAGTATAATT,1,3324814
rspAp,2.0,1,0,ATTACCCCGCAACTACATTT,1,3314971
rspAp,2.0,1,0,ATGGGTCCGCGCTAGGGCTC,1,3316980
rspAp,2.0,1,0,ATCTTTCTGCGAGAATACAC,1,3327668
rspAp,2.0,1,0,ATCGGAGGGGTGCACAACAC,1,3323812
rspAp,2.0,1,0,ATCGATGGATATTCTGCGGG,1,3325896
rspAp,2.0,1,0,ATATTTCTCATTCCAAGAGT,1,3331898
rspAp,2.0,1,0,ATAAACTTACCAATGCGACT,1,3330667
rspAp,2.0,1,0,AGTTCCGTCCCCCAGGGCTT,1,3315633
rspAp,2.0,1,0,AGGTTCCACCCATGAGCGGA,1,3310252
rspAp,2.0,1,0,AGGAGGGGCCTTTCCCTGCA,1,3319638
rspAp,2.0,1,0,AGCTCATACATCATGAATAG,1,3332980
rspAp,2.0,1,0,AGCGCAGTCAAGGTCATTTA,1,3331731
rspAp,2.0,1,0,AGACACCCTCATGACAGAGT,1,3316604
rspAp,2.0,1,0,ACTTGTTTCGCGTCCTCAGG,1,3317892
rspAp,2.0,1,0,ACCTTCCAAAAACTCCATGT,1,3318284
rspAp,2.0,1,0,ACATTGCGCACGGTTTTTTC,1,3316847
rspAp,2.0,1,0,AATGCTATGCGGAGTACGGC,1,3310602
rspAp,2.0,1,0,AAGCCGTGACGAACACCCGT,1,3328799
rspAp,2.0,1,0,AAATGGCCTCCTGCGCCAAC,1,3332894
