name,relative_counts,ct,ct_0,barcode,ct_1,barcode_ind
tmaR_predicted,0.22807017543859648,138,113,GCTCCGTCCCTCGCACTGGC,25,3626414
tmaR_predicted,0.35454545454545455,147,109,ATAGCATTTCATCTTAGCTA,38,3617064
tmaR_predicted,0.7446808510638298,162,93,TGGTCACAGGCTAAACGCGT,69,3604960
tmaR_predicted,0.8202247191011236,160,88,GCTATAACATAACCTTGCTC,72,3616497
tmaR_predicted,1.0843373493975903,171,82,AATCCGTTTGTAGTACCCAG,89,3614472
tmaR_predicted,1.275,180,79,AACTATCTGAATTACAAGGA,101,3606644
tmaR_predicted,2.282051282051282,254,77,CTTTAGCCATGGAGGGGCAA,177,3631731
tmaR_predicted,1.5256410256410255,195,77,AGTGCGCATCTTGGTATACG,118,3604159
tmaR_predicted,0.922077922077922,146,76,GACCTGTTGAAATGTAGTGA,70,3604392
tmaR_predicted,0.5616438356164384,112,72,TATTGTGCCTGGCCCAGGTC,40,3615087
tmaR_predicted,1.082191780821918,150,72,CATCAGTTGTCTAATTCAAA,78,3608746
tmaR_predicted,0.04477611940298507,68,66,GGGATTCTCAAGGTACAACA,2,3607012
tmaR_predicted,0.04477611940298507,68,66,ACCCGGCGTGGCTTTCTGAG,2,3618774
tmaR_predicted,2.21875,204,63,CCGTTTACCAACTCAACAAG,141,3605498
tmaR_predicted,1.140625,135,63,CCATTACTAGGGGGCCGCAT,72,3613374
tmaR_predicted,4.746031746031746,360,62,AAAGGTGACTTCAATGGTGG,298,3617312
tmaR_predicted,1.096774193548387,128,61,TTATGCTCCCGTATGAGACA,67,3612124
tmaR_predicted,1.1311475409836065,128,60,TGCTGTGAAGTAGTACTTTG,68,3607389
tmaR_predicted,1.4426229508196722,147,60,GGTAGCCGGGGCAGACTCCA,87,3605564
tmaR_predicted,0.3050847457627119,75,58,CAAAGGTCACCCGGTGTAAG,17,3643576
tmaR_predicted,0.17543859649122806,65,56,TCCACGACCGACTCGCGTGT,9,3604248
tmaR_predicted,0.16363636363636364,62,54,CACCTAGGGACTCTAGGCCT,8,3609617
tmaR_predicted,0.12962962962962962,59,53,CTCCCGCCACTCCGTTCCAT,6,3607949
tmaR_predicted,0.05555555555555555,55,53,CCTGTAGACGTCGGGGCGAA,2,3632246
tmaR_predicted,1.0925925925925926,111,53,AGCTTCCCCGAAGTGCTGAA,58,3615307
tmaR_predicted,0.660377358490566,86,52,GTAGTTATGCGTTGCCAGAT,34,3604535
tmaR_predicted,4.2075471698113205,274,52,GATCATCTTCTGCGATGCCG,222,3621151
tmaR_predicted,0.03773584905660377,53,52,GAAGCCTGTGACCACAAGTC,1,3605218
tmaR_predicted,4.037735849056604,265,52,ACAGTGCGGGCGGACCGTGA,213,3618699
tmaR_predicted,5.576923076923077,340,51,TAGGCAATAAGCACATATAA,289,3638265
tmaR_predicted,0.2692307692307692,64,51,GAATGACGTTTTGGCCGACA,13,3622961
tmaR_predicted,1.4615384615384615,126,51,CGTGCTTCATATAAGTCGGT,75,3612639
tmaR_predicted,0.038461538461538464,52,51,CACACAATATGTCACTTAGA,1,3638762
tmaR_predicted,0.1346153846153846,57,51,ATACACCTTTAGTTGGGTCA,6,3615808
tmaR_predicted,0.6730769230769231,85,51,ACAGACAAAACGCAGAAAGC,34,3604447
tmaR_predicted,0.5882352941176471,79,50,CCGACAACAGTTGTCGGTAT,29,3614348
tmaR_predicted,0.6,78,49,GTATTTCCGTACGGATGTTG,29,3649055
tmaR_predicted,0.04,50,49,GGCGAGACGGCCGAAGTCGT,1,3648953
tmaR_predicted,0.04,50,49,CGCTGCTAGAGCCAGTCGGT,1,3642907
tmaR_predicted,0.64,80,49,ATATAGGGCACAGACCGGGT,31,3610873
tmaR_predicted,1.1020408163265305,101,48,CGCGCCAGATATGTGGCTTG,53,3612330
tmaR_predicted,0.22448979591836735,58,48,CATCCATGGGGATAGTGCGC,10,3608634
tmaR_predicted,15.291666666666666,780,47,GCCGGTGGAAAGCTAGCTTA,733,3615235
tmaR_predicted,2.9791666666666665,189,47,CTCCGCCATTTCTGATTTAA,142,3609078
tmaR_predicted,0.9375,91,47,CGGATACCGATTACGGGTAG,44,3645755
tmaR_predicted,0.7291666666666666,81,47,ATTCCGGTGGGCGCTTTCTC,34,3605728
tmaR_predicted,1.25,106,47,ACCCTTTACATACAGCTATG,59,3611817
tmaR_predicted,0.5833333333333334,74,47,ACATATACGCGGGTCATTGG,27,3632316
tmaR_predicted,3.4375,211,47,AAGAGTATCGCCATGGTTAA,164,3610329
tmaR_predicted,0.0425531914893617,47,46,TCAGGTAACTAAGGCTCTCA,1,3607985
tmaR_predicted,0.0851063829787234,49,46,CCATTCTAGCTACGTAGCTT,3,3631682
tmaR_predicted,6.891304347826087,361,45,ATCTAATGGGCCGCAACTCC,316,3624550
tmaR_predicted,1.9130434782608696,132,45,AGCAGAATAGCTAAAGTATG,87,3606948
tmaR_predicted,1.1555555555555554,95,44,TTCTAAGTCGGGGACATCAT,51,3615302
tmaR_predicted,0.24444444444444444,54,44,TATTTTATTAACATGAGTGG,10,3619048
tmaR_predicted,1.2,97,44,GCATAGTAAAAGTGTCTACC,53,3604521
tmaR_predicted,10.488888888888889,515,44,CATCCAAAGGTGTAGTGTCT,471,3607213
tmaR_predicted,0.09090909090909091,46,43,TTGATACTTCGGGGGCCTCT,3,3608300
tmaR_predicted,0.045454545454545456,44,43,TGTATATTTACGTCTGCGTG,1,3608880
tmaR_predicted,2.2954545454545454,143,43,GGGGAATAACGATTGCCCCA,100,3606369
tmaR_predicted,1.25,97,43,GCGGTACGTGTGAGACGATT,54,3605460
tmaR_predicted,0.6818181818181818,72,43,GAGCGTTACGCTTAGTGTTC,29,3637814
tmaR_predicted,0.22727272727272727,52,43,AACGGTGTTACTCTAAAACC,9,3645940
tmaR_predicted,0.046511627906976744,43,42,TGGAAACGCTGAAGCTTCAA,1,3604375
tmaR_predicted,1.1162790697674418,89,42,TGCGCCAGGCATTACATTCA,47,3618862
tmaR_predicted,0.4418604651162791,60,42,TACTTTGTTACTCCCGACAT,18,3615867
tmaR_predicted,1.1162790697674418,89,42,TACATTTATGGATTTTATAA,47,3635875
tmaR_predicted,0.627906976744186,68,42,GTGTGGTATCATTCGGATGA,26,3628522
tmaR_predicted,1.6046511627906976,110,42,GGACACTCAAGAGATTATAG,68,3615442
tmaR_predicted,0.20930232558139536,50,42,AGGTATAGGTGGTGTTCAAA,8,3611518
tmaR_predicted,2.395348837209302,144,42,AATGCGCAGGCGCTACTCGG,102,3620800
tmaR_predicted,1.380952380952381,98,41,TTTCCGATATTGCCTCTCCC,57,3604161
tmaR_predicted,0.16666666666666666,47,41,TTATGCCAGTGCGGAAAAAA,6,3604741
tmaR_predicted,4.9523809523809526,248,41,TATGGCGCTCACCAGAAGTG,207,3625008
tmaR_predicted,0.047619047619047616,42,41,TAGATTGCGTGCAGATTTAT,1,3643374
tmaR_predicted,2.0952380952380953,128,41,GTCACGGTCGGGACAGGCCT,87,3630498
tmaR_predicted,0.38095238095238093,56,41,GATTAGCTTTCCATTGGATA,15,3605080
tmaR_predicted,0.5714285714285714,64,41,CCAAGGGTCGAGGATTAATT,23,3647929
tmaR_predicted,4.380952380952381,224,41,CCAAAGGTGCCCACCGATTC,183,3606241
tmaR_predicted,1.880952380952381,119,41,ATCCTGAGTCTGATGGGATT,78,3624766
tmaR_predicted,1.3333333333333333,96,41,ACCGGGAGTTTGCTGAATAT,55,3616061
tmaR_predicted,1.1666666666666667,89,41,AACAGCGAAGCGCGTAGATT,48,3612809
tmaR_predicted,0.047619047619047616,42,41,AAACATTACCTGTAAGACCA,1,3604333
tmaR_predicted,0.04878048780487805,41,40,TGTTCTCCGCCGGAATTTTT,1,3647321
tmaR_predicted,0.9512195121951219,78,40,TGGGTGGCACGGCAGTGGCA,38,3608625
tmaR_predicted,1.7804878048780488,112,40,GTGCTAGGACCAAAGTGCGC,72,3641712
tmaR_predicted,1.3658536585365855,95,40,CCGTCCCAATGAGCCTTCAT,55,3608313
tmaR_predicted,3.4634146341463414,181,40,CCCGGGGCTGTCCACACGAT,141,3619143
tmaR_predicted,4.390243902439025,219,40,AAGTGCAGCTGGCGTTAAAG,179,3633210
tmaR_predicted,0.075,41,39,TTATCTTAACTTGAGTTTTG,2,3615728
tmaR_predicted,29.525,1219,39,GTTATCCCTCCTTAGCGAAG,1180,3633542
tmaR_predicted,3.625,183,39,GCGGACGTGGACAAAGCAAC,144,3623550
tmaR_predicted,1.4,94,39,GCGCGCAAAGAATTATCCAT,55,3638383
tmaR_predicted,0.9,74,39,ATGATAGTGGTATGCACGGA,35,3623244
tmaR_predicted,1.85,112,39,AGACATCATGCCGCCGTTTG,73,3637330
tmaR_predicted,0.10256410256410256,41,38,TCGTTGCTAGCTTCGCTGTT,3,3605699
tmaR_predicted,0.05128205128205128,39,38,GTTGATGACGCGTGAGTCCA,1,3620707
tmaR_predicted,1.1025641025641026,80,38,CCGTGTCTCAGCATTGCCTC,42,3610466
tmaR_predicted,1.2564102564102564,86,38,CCCCACACGGGTCACCACTT,48,3620149
tmaR_predicted,0.6923076923076923,64,38,AGCAGGTGAGAGTTCGGCAA,26,3647317
tmaR_predicted,0.2564102564102564,47,38,ACCAGTGGATTCAGGGAAGC,9,3641894
tmaR_predicted,1.0263157894736843,75,37,TCGGAATCCGTGGTCGGTCA,38,3645538
tmaR_predicted,2.1842105263157894,119,37,GGTTTGAAGGGTGAGACTCG,82,3606745
tmaR_predicted,0.9473684210526315,72,37,GGTAGTTCGCAGCAGCAGGT,35,3627342
tmaR_predicted,2.1842105263157894,119,37,GGCCTTGGATCCGATCAAAT,82,3634219
tmaR_predicted,2.5,131,37,GAGGTACTGCGACGCACTCT,94,3613967
tmaR_predicted,2.973684210526316,149,37,GACATTTGTAAGAACATCAC,112,3604089
tmaR_predicted,0.34210526315789475,49,37,CGGCCCGTCTGTATAGGCTG,12,3624797
tmaR_predicted,0.9473684210526315,72,37,CAGAAGCCCGAGCAACGTAC,35,3618415
tmaR_predicted,0.42105263157894735,52,37,AGCTTCGAGGTACGCCTCGT,15,3618744
tmaR_predicted,0.6756756756756757,60,36,TTGTTTTAGGCGAACGCCGT,24,3617146
tmaR_predicted,3.6486486486486487,170,36,TCGGAAATCCACAGGCCATG,134,3606200
tmaR_predicted,1.0,72,36,TCCCCCGAGACATTACAGTT,36,3640703
tmaR_predicted,0.8918918918918919,68,36,GGCCTGGACCTCGGATGCAT,32,3614471
tmaR_predicted,0.05405405405405406,37,36,GGAAGGTGCCTTGACTTTGA,1,3608119
tmaR_predicted,0.972972972972973,71,36,GCGGATCTCTGAGAGTGTGG,35,3616304
tmaR_predicted,0.972972972972973,71,36,CGGTAAGCTTATGGGATTCG,35,3622922
tmaR_predicted,1.2702702702702702,82,36,CGATCGACCCACGAGACCGA,46,3621986
tmaR_predicted,3.5675675675675675,167,36,CCATGTCCGACTGGCAACTA,131,3629070
tmaR_predicted,0.40540540540540543,50,36,AGTCTAAACTACCCGGGCTC,14,3630502
tmaR_predicted,2.054054054054054,111,36,AGACAGCTGGTCTCTTTTCT,75,3634288
tmaR_predicted,2.1944444444444446,113,35,TTGTACTCTGAATCATTCCG,78,3619113
tmaR_predicted,0.7222222222222222,60,35,TTGGTAAAGACCAAAAATGA,25,3648905
tmaR_predicted,0.7777777777777778,62,35,TGGGTATTCCTTCAGGCCCA,27,3608669
tmaR_predicted,0.5,52,35,TACTCCAGAGAAGGGTGTCT,17,3611666
tmaR_predicted,0.08333333333333333,37,35,GGTGGGGCGCTCTGCATTGA,2,3605647
tmaR_predicted,3.138888888888889,147,35,GGGCGTGTCAGGGGTAATAT,112,3634918
tmaR_predicted,1.3055555555555556,81,35,GCAGAAATTACGTAGATTTC,46,3623639
tmaR_predicted,0.05555555555555555,36,35,GCACACGACCAGCGGGCTCG,1,3614268
tmaR_predicted,1.25,79,35,GACTACTGACCATATTGGGA,44,3607733
tmaR_predicted,1.9166666666666667,103,35,CGATGCGCTCGAGCCGGAGA,68,3611492
tmaR_predicted,5.277777777777778,224,35,AGTACCCGTACCTTTAAGGT,189,3606661
tmaR_predicted,1.0833333333333333,73,35,AAACAAGCGGGACTACAGCT,38,3627756
tmaR_predicted,0.08333333333333333,37,35,AAAATGCCGATGGTGTAGGA,2,3623875
tmaR_predicted,1.4,82,34,TGGACTGTAAAAAAGGATAT,48,3608035
tmaR_predicted,3.085714285714286,141,34,TACACGGGGCCCATCTTAAT,107,3604767
tmaR_predicted,2.3142857142857145,114,34,TAAAGACACTAAGAGCGCTT,80,3610090
tmaR_predicted,0.08571428571428572,36,34,GTATTAAGGGCGGCCTCTAG,2,3604376
tmaR_predicted,2.1142857142857143,107,34,GGGCAGGCAAGGCAGGGCCT,73,3622747
tmaR_predicted,1.4285714285714286,83,34,GGCCATAACGTATCTATTGC,49,3608138
tmaR_predicted,0.05714285714285714,35,34,GAGTGTTAGATTGAAGTATG,1,3608344
tmaR_predicted,0.2,40,34,GAGTGGCCTAGTAATTAGAT,6,3605462
tmaR_predicted,9.057142857142857,350,34,CTCGAATAGCCGAATTAGGT,316,3609196
tmaR_predicted,0.6285714285714286,55,34,CGGATTCACTGGACGTACAG,21,3613637
tmaR_predicted,1.2571428571428571,77,34,CCGCACTTTGAAATATTCGA,43,3606237
tmaR_predicted,2.085714285714286,106,34,ACGGATTCTCTTAGTTCTGT,72,3607115
tmaR_predicted,9.771428571428572,375,34,ACATTAAGCACACCGCATGT,341,3604121
tmaR_predicted,1.5,83,33,TTAGAGTCTCTAAGGATCGG,50,3635089
tmaR_predicted,2.088235294117647,103,33,TGCACTTGGGAAGCACTCAC,70,3645201
tmaR_predicted,2.1470588235294117,105,33,GCTAGTGAATGCTTCAGGAC,72,3625144
tmaR_predicted,9.941176470588236,370,33,CTTTTTTTCCAATATAATTT,337,3606194
tmaR_predicted,0.08823529411764706,35,33,CTTGATATCTCCTGCTGCGC,2,3614037
tmaR_predicted,3.264705882352941,143,33,CTTCGCACAGCAGCTTTTGT,110,3643349
tmaR_predicted,0.6764705882352942,55,33,CAGAGTATTCCAACCGTGCT,22,3609564
tmaR_predicted,3.0588235294117645,136,33,CACCAGCCGGACGGACACTG,103,3647930
tmaR_predicted,2.823529411764706,128,33,AGTGGACTTTGGCTAAGAGT,95,3608542
tmaR_predicted,0.058823529411764705,34,33,AGTCTACGGTATAGTAATTT,1,3631719
tmaR_predicted,1.2941176470588236,76,33,ACGCATGGGGACGCTAATCT,43,3604281
tmaR_predicted,2.9411764705882355,132,33,ACCCAGTGGTCAGCATTTTT,99,3604190
tmaR_predicted,0.08823529411764706,35,33,AATTACGACTCGGACCGGTG,2,3623561
tmaR_predicted,0.058823529411764705,34,33,AAAAAGTCAAAGTGCTTGAG,1,3612335
tmaR_predicted,0.06060606060606061,33,32,TTCAGACCGAACAGAAACAC,1,3644450
tmaR_predicted,2.5757575757575757,116,32,TGTAGAAAGCCCGCATCAGG,84,3627594
tmaR_predicted,0.06060606060606061,33,32,TGCGAAGGAGAGGATTAGTA,1,3627653
tmaR_predicted,1.5151515151515151,81,32,TCCCGATATCCATAGTATGG,49,3627343
tmaR_predicted,0.06060606060606061,33,32,TAAACCTTCCAACGGTAATT,1,3621586
tmaR_predicted,0.8787878787878788,60,32,GTTTGGGAGGGTAGTTGCCT,28,3629533
tmaR_predicted,2.1818181818181817,103,32,GTTCCAATCAGTCAATCCCT,71,3604064
tmaR_predicted,0.06060606060606061,33,32,GGCGGAGCGATGATGTGGGG,1,3622932
tmaR_predicted,4.7272727272727275,187,32,GCACGACCGAGAAAACTGGT,155,3617094
tmaR_predicted,0.09090909090909091,34,32,GAGGCAAGCACAGTAAAAAC,2,3615079
tmaR_predicted,2.3636363636363638,109,32,GACAATACATGGCTTGTGCT,77,3605407
tmaR_predicted,1.3636363636363635,76,32,CACGAAAAATTGGAGGGATG,44,3644706
tmaR_predicted,0.06060606060606061,33,32,AGCTCATCTAGAGAGGGAAG,1,3613971
tmaR_predicted,2.0606060606060606,99,32,AGCCTCGCGATCGAGGTTCA,67,3611761
tmaR_predicted,2.1515151515151514,102,32,ACCGCGGATAATACGCGCCT,70,3605362
tmaR_predicted,0.25,38,31,TTTCACGTTACACTTTTAGT,7,3608626
tmaR_predicted,0.09375,33,31,TTGAGGTGGAAAGGTGCTGA,2,3624754
tmaR_predicted,0.15625,35,31,TCTACTCCAGATTTCCAGAC,4,3611293
tmaR_predicted,1.46875,77,31,TAGAGCATTTTTAGCCCAGT,46,3624798
tmaR_predicted,0.0625,32,31,GTGGAAAGTGAGTCGCAGGG,1,3646446
tmaR_predicted,0.0625,32,31,GTACCGGTGCCCAACTAAGG,1,3608602
tmaR_predicted,3.25,134,31,GCATGCCGAGGACATAGAAT,103,3612590
tmaR_predicted,0.875,58,31,AGGCCTGGTTGGAACCAGTA,27,3604963
tmaR_predicted,0.09375,33,31,ACTCGGTAATTAGTGGCCGA,2,3605089
tmaR_predicted,2.3548387096774195,102,30,TTGCTTCAGCGACTACGTAC,72,3622511
tmaR_predicted,0.06451612903225806,31,30,TTCTGCCCAATGATGCAACA,1,3639584
tmaR_predicted,0.06451612903225806,31,30,TTCAGGGGTACGCAACCTCT,1,3604643
tmaR_predicted,0.0967741935483871,32,30,TCTCACGGACTCACGCCCTT,2,3631461
tmaR_predicted,0.9354838709677419,58,30,TCCTTCGAACCTGCCGTTAA,28,3644579
tmaR_predicted,0.0967741935483871,32,30,TCAGTTCGAATTCGCGCTGA,2,3628950
tmaR_predicted,3.5483870967741935,139,30,TATCCACGTGTTTAGAGTAG,109,3631185
tmaR_predicted,0.45161290322580644,43,30,GTCCGAGAACGGATATTTAT,13,3643372
tmaR_predicted,1.8709677419354838,87,30,GGGTAGTGAAACGTCTGAAA,57,3633653
tmaR_predicted,1.4838709677419355,75,30,GGGCAGATATTACGCCGCAA,45,3604697
tmaR_predicted,2.7096774193548385,113,30,GGAGCGCCTCCACACAGACA,83,3604536
tmaR_predicted,3.0,122,30,GCGAGGTAGGATCCATGGTG,92,3615379
tmaR_predicted,0.06451612903225806,31,30,GCATTTATTGAGAACATTGA,1,3642529
tmaR_predicted,0.06451612903225806,31,30,GCAAAGGGCCGTTTAACAGC,1,3635277
tmaR_predicted,3.806451612903226,147,30,CTTGAGATTGACGACTCTAC,117,3607254
tmaR_predicted,2.3548387096774195,102,30,CTTAGAGAATCGCTGTCGGT,72,3638092
tmaR_predicted,0.06451612903225806,31,30,CCTTATACGGACGCGCGACA,1,3605283
tmaR_predicted,10.935483870967742,368,30,CCTGGAGGAGCCCTGACGGA,338,3632857
tmaR_predicted,0.3548387096774194,40,30,CCTACTCCATGAGACCTGAT,10,3627776
tmaR_predicted,0.06451612903225806,31,30,CCATGCAGAACGCGCTCCGG,1,3614000
tmaR_predicted,2.6129032258064515,110,30,CATTGAGATGAGGTGTTTGA,80,3607039
tmaR_predicted,3.4516129032258065,136,30,CAAGCCCAGTGCGTGCACAC,106,3642287
tmaR_predicted,1.5806451612903225,78,30,ATCGCGGTGACATGGCTACC,48,3649555
tmaR_predicted,5.903225806451613,212,30,ATCCTTACCATAGGCATGTT,182,3648089
tmaR_predicted,0.06451612903225806,31,30,ATACAGCTGGGTCAGGACAT,1,3625450
tmaR_predicted,0.06451612903225806,31,30,AGGTGCAGCCGGGTTGAAAA,1,3613766
tmaR_predicted,4.166666666666667,153,29,TTGTAGGCCGTTTACCCTCT,124,3609266
tmaR_predicted,0.06666666666666667,30,29,TACCTGTTATAATCCATTTT,1,3622098
tmaR_predicted,2.966666666666667,117,29,GACAGACGAGTGACCAGAAT,88,3608787
tmaR_predicted,1.5,73,29,CGTCCCGTCAGGTACGGCAG,44,3637729
tmaR_predicted,1.2,64,29,CGGCACTATCCGGCAGGCCG,35,3616685
tmaR_predicted,3.1333333333333333,122,29,CGCCCAAGGTCCAGCGGAGA,93,3620191
tmaR_predicted,0.6333333333333333,47,29,CCAGAGCTGGAGCGCTTGGC,18,3622231
tmaR_predicted,2.1666666666666665,93,29,ATATATGTGTGAAGTAGATG,64,3605415
tmaR_predicted,2.7666666666666666,111,29,ACTTCTAGAAGCACGGAAAT,82,3610691
tmaR_predicted,11.533333333333333,374,29,ACTCTTTGCGGGCAGTGAAG,345,3622510
tmaR_predicted,3.7333333333333334,140,29,ACGTCGGATCATGTAGGCTG,111,3606404
tmaR_predicted,2.0,88,29,ACCTAGGAGTCTGCACGGAG,59,3633347
tmaR_predicted,4.758620689655173,165,28,TTACTGCTATGCTGCTGAGC,137,3617302
tmaR_predicted,0.06896551724137931,29,28,TCGGACATATATTATGTTCT,1,3615526
tmaR_predicted,1.0689655172413792,58,28,TACTAGGTGGCGCCTTGTCG,30,3606844
tmaR_predicted,2.689655172413793,105,28,GTTACCTATAGGAATTCGCA,77,3626203
tmaR_predicted,0.3103448275862069,36,28,GTCTCGGACTCACGCATCGC,8,3621601
tmaR_predicted,1.103448275862069,59,28,GCGTGTCCGAGAGTAAGATG,31,3607819
tmaR_predicted,22.06896551724138,667,28,GACCGTTTGCAAGACCTGTA,639,3616530
tmaR_predicted,0.10344827586206896,30,28,CTGAGGTCAATCGCAATCAC,2,3637680
tmaR_predicted,1.4137931034482758,68,28,CTCGCACGCATTGGTGATGA,40,3641075
tmaR_predicted,0.06896551724137931,29,28,CTACCGCTATCCATACGAAT,1,3604335
tmaR_predicted,0.06896551724137931,29,28,CGACGGTGCTTAATTCTTGA,1,3641980
tmaR_predicted,2.793103448275862,108,28,CCCGGGACTAACGGCGGCCA,80,3624401
tmaR_predicted,2.9310344827586206,112,28,CAGTAGCCCTGGCTCGGGAG,84,3606545
tmaR_predicted,5.931034482758621,199,28,ATCAGTCAGGGCCTACAGCT,171,3605408
tmaR_predicted,3.3793103448275863,125,28,AGTGAAAGAATGCATGTCCA,97,3626220
tmaR_predicted,0.6551724137931034,46,28,ACGTGATGTAGTGAGAAGTT,18,3614680
tmaR_predicted,0.5517241379310345,43,28,AAGTGGATTGCTCACAGACA,15,3640068
tmaR_predicted,0.10344827586206896,30,28,AAGAACTGGTGCGTGTTAGT,2,3613203
tmaR_predicted,0.3793103448275862,38,28,AACACCAACCCTGGTAAAAG,10,3610024
tmaR_predicted,1.6785714285714286,73,27,TTTTAGACTGTGTTTACTTC,46,3625807
tmaR_predicted,1.3571428571428572,64,27,TGTAGGAGAGGGCGTCCTTC,37,3627278
tmaR_predicted,0.42857142857142855,38,27,TGGTATAATGTCCCGTGGCT,11,3604775
tmaR_predicted,0.10714285714285714,29,27,TCCGTTTATCAGCTATATAA,2,3605192
tmaR_predicted,0.14285714285714285,30,27,TAGCACCGAACGGAGTCAGT,3,3606638
tmaR_predicted,0.14285714285714285,30,27,TACTTGTTCATAGCGGGATT,3,3618552
tmaR_predicted,1.2857142857142858,62,27,TACCATTTTGGGACATCACG,35,3628490
tmaR_predicted,0.21428571428571427,32,27,TAAACTAAGGCCGAACTGGA,5,3629133
tmaR_predicted,0.35714285714285715,36,27,GTGGCGTTGAACTGTGGGTA,9,3613739
tmaR_predicted,0.6071428571428571,43,27,GTGGATTACCATATCAGGCT,16,3626517
tmaR_predicted,4.928571428571429,164,27,GTATCTACAGACTTCGCAAC,137,3625021
tmaR_predicted,0.7142857142857143,46,27,GGGGCAGGTGCTTTGATATT,19,3647461
tmaR_predicted,0.75,47,27,GGCCCATAGTTATGGCACGT,20,3616163
tmaR_predicted,1.7857142857142858,76,27,GCGTGACGCGGTATGGAAAT,49,3608770
tmaR_predicted,0.10714285714285714,29,27,GCGTCGAAGCTCCCAGTACA,2,3613910
tmaR_predicted,2.1785714285714284,87,27,GCATCAATAATCACTAGCGA,60,3637075
tmaR_predicted,0.8214285714285714,49,27,GACTAATATCAGGTTATATT,22,3624408
tmaR_predicted,0.75,47,27,GACCAGGTATATCTTACCGA,20,3609387
tmaR_predicted,1.5714285714285714,70,27,CGGCTAGGATATATTTGTAA,43,3648655
tmaR_predicted,0.07142857142857142,28,27,CGATACGCTGCCGTTGGTTA,1,3645684
tmaR_predicted,1.5,68,27,CCTTGATTTCGGCATACTAG,41,3606774
tmaR_predicted,2.642857142857143,100,27,ATGAGCCAAGAATTCACTTT,73,3627391
tmaR_predicted,0.07142857142857142,28,27,AGCTGTATGGTACCTAAGGG,1,3636081
tmaR_predicted,0.7857142857142857,48,27,AGAATATATAACTCTTCGCT,21,3616929
tmaR_predicted,0.07142857142857142,28,27,ACGCAGTCAATTCGTCCCGA,1,3632004
tmaR_predicted,0.5357142857142857,41,27,AACTATCGTTCCGCATTCTG,14,3633198
tmaR_predicted,0.07407407407407407,27,26,TTCCGGGCACGACGTCTGCG,1,3632131
tmaR_predicted,3.7037037037037037,125,26,TGTCTGCTCGCTCGTGTAGC,99,3625015
tmaR_predicted,0.1111111111111111,28,26,TCTCTTCGAAAATGGCGGTT,2,3648271
tmaR_predicted,0.6666666666666666,43,26,TCGTTGCTTATTTGCATGGA,17,3612258
tmaR_predicted,0.37037037037037035,35,26,TCGCAGTTGATGTCCTGCAG,9,3636912
tmaR_predicted,0.07407407407407407,27,26,TCATTTGTTCACGGGATTAT,1,3646729
tmaR_predicted,2.2222222222222223,85,26,TATGGGGAGATTGCGGAGGA,59,3621909
tmaR_predicted,3.4814814814814814,119,26,TAGATTGTTCCGCTCTGAGA,93,3629329
tmaR_predicted,2.962962962962963,105,26,GTTACCGTGGCTAGGACAGC,79,3629597
tmaR_predicted,0.25925925925925924,32,26,GTCCTCTACCAAGCTAAGAG,6,3606196
tmaR_predicted,2.962962962962963,105,26,GTAAGGCGGGTTTCATTCGA,79,3621778
tmaR_predicted,2.3703703703703702,89,26,GGAGACACGTGCGCGGAAAC,63,3608910
tmaR_predicted,1.2962962962962963,60,26,GCTTAATTAAACCTGTTCCT,34,3640640
tmaR_predicted,3.5925925925925926,122,26,GCTGATGGGGTTGTTTAGTT,96,3623940
tmaR_predicted,0.9259259259259259,50,26,GCTGAACTGAAATCATGTAC,24,3615305
tmaR_predicted,0.07407407407407407,27,26,GCCATGTCTCAGTACCCGTT,1,3622364
tmaR_predicted,0.25925925925925924,32,26,GATAATTCGTAGGTCTTCCA,6,3616712
tmaR_predicted,4.185185185185185,138,26,GAGAATTTTTTCGGGAAGAT,112,3631886
tmaR_predicted,2.3703703703703702,89,26,CTTGCCGTTTTTGCTCCATA,63,3630682
tmaR_predicted,3.5185185185185186,120,26,CTGGGAAGAGAAATTTCTTA,94,3616122
tmaR_predicted,0.07407407407407407,27,26,CTAGTATACGAGCTTTCTAT,1,3616968
tmaR_predicted,0.9259259259259259,50,26,CGTGGATCGAGGTTTATCAT,24,3646209
tmaR_predicted,14.333333333333334,412,26,CGGGGAGGGGCAACGTGGCG,386,3618860
tmaR_predicted,1.1111111111111112,55,26,CGAGTTGTCACGGGAGTATG,29,3629109
tmaR_predicted,0.9629629629629629,51,26,CCCCCGGTCTCTCCAGGGTC,25,3618433
tmaR_predicted,0.07407407407407407,27,26,CAGATGTGCCGGAAAGTGAA,1,3629137
tmaR_predicted,7.148148148148148,218,26,CAATGCCGCACTGTCCGGTC,192,3609717
tmaR_predicted,1.5925925925925926,68,26,ATAAGCCGAATGACGTGTGA,42,3620083
tmaR_predicted,2.7037037037037037,98,26,AGCGTAGTCGTGCGCATGGT,72,3622053
tmaR_predicted,0.8148148148148148,47,26,ACGCCTCGACTGTGTCAGAC,21,3615543
tmaR_predicted,1.8518518518518519,75,26,AACGCAACGGTCACGGTGCT,49,3645259
tmaR_predicted,1.2307692307692308,56,25,TTTCTCCGGGGCCACTCGAA,31,3618737
tmaR_predicted,1.6923076923076923,68,25,TTGCTGAGCGCGAGATCACG,43,3610812
tmaR_predicted,3.6538461538461537,119,25,TTCGAGGAGGATCCCGGTGA,94,3610636
tmaR_predicted,3.3461538461538463,111,25,TTAGCCTCGGTCAGGGGCTC,86,3604511
tmaR_predicted,0.19230769230769232,29,25,TGCGGTAAAAAGCTATCCTT,4,3608534
tmaR_predicted,0.07692307692307693,26,25,TGATAAATTCGACATCGTGT,1,3620221
tmaR_predicted,9.0,258,25,TATTGAGACCCCGCCATGAT,233,3633705
tmaR_predicted,0.15384615384615385,28,25,TAGCACCGTCAGGGTGTGTG,3,3641522
tmaR_predicted,0.9230769230769231,48,25,TACCGAGTGGACACAGATGA,23,3632574
tmaR_predicted,0.5769230769230769,39,25,GTTGGGTGCCAGAGAGTGGT,14,3610611
tmaR_predicted,0.07692307692307693,26,25,GTGCATACGTACGTGGAACC,1,3638304
tmaR_predicted,1.5769230769230769,65,25,GTGCAAACCTACTGGACAAA,40,3632702
tmaR_predicted,0.07692307692307693,26,25,GTCTAAACGCGTGTTCACTT,1,3630549
tmaR_predicted,0.11538461538461539,27,25,GGCTTAAGCAATAAGGTGAA,2,3618195
tmaR_predicted,5.115384615384615,157,25,GATTAATGTACCTATCACCC,132,3609104
tmaR_predicted,0.5,37,25,GACTAGGCTGTGGTCCAAGA,12,3649871
tmaR_predicted,6.269230769230769,187,25,CTTGGGGGTGTCGCGAAGCG,162,3626210
tmaR_predicted,2.9615384615384617,101,25,CTGTAAGCCATAATTTGGTC,76,3621505
tmaR_predicted,6.076923076923077,182,25,CTCTAGATCTCGACGCCGGA,157,3617412
tmaR_predicted,0.8846153846153846,47,25,CGTACTCGATTAAACGACGT,22,3610017
tmaR_predicted,0.07692307692307693,26,25,CGGGCCATGTGCCTGAATCT,1,3621054
tmaR_predicted,0.15384615384615385,28,25,CGCTCAGAGTCTAGGATCGG,3,3624195
tmaR_predicted,6.769230769230769,200,25,CCTTGAGTGATGGCGGGCCG,175,3636544
tmaR_predicted,2.769230769230769,96,25,CCGAGCCGCGGCAGGACAAG,71,3643781
tmaR_predicted,5.576923076923077,169,25,CCCGTGGATATTACGGGTTT,144,3616047
tmaR_predicted,2.923076923076923,100,25,CATCTTCGCTTGTGCGGGAG,75,3641167
tmaR_predicted,1.4230769230769231,61,25,CACTCGCACCCGCTCAGCTT,36,3635156
tmaR_predicted,1.9230769230769231,74,25,ATTAATCAAGTTACCCGCTT,49,3631348
tmaR_predicted,1.3076923076923077,58,25,ATGGATCGGTGTATAATGTC,33,3613039
tmaR_predicted,7.923076923076923,230,25,AGGGGAGATCTGGTCACGAA,205,3642801
tmaR_predicted,0.07692307692307693,26,25,AGGGCAGGAAAACTTAACTC,1,3614229
tmaR_predicted,2.1538461538461537,80,25,AGAATACAGGGGTCCGTCGG,55,3608060
tmaR_predicted,1.5384615384615385,64,25,ACTGCATTGTTGTGGTATTG,39,3629576
tmaR_predicted,0.07692307692307693,26,25,ACCGCCGTCGGGGTGTTAAT,1,3649932
tmaR_predicted,3.12,101,24,TTTTCCCTGAGATGAGGCTA,77,3626948
tmaR_predicted,5.32,156,24,TTCGTAGTGGTGTCGAAGGT,132,3631177
tmaR_predicted,1.68,65,24,TGTTTCTTCAACGATGAATC,41,3623708
tmaR_predicted,0.64,39,24,TGCGTTAAGTGCAATCGTCA,15,3626082
tmaR_predicted,0.12,26,24,TGAAGTATATCCGGGTTTAT,2,3630500
tmaR_predicted,4.64,139,24,TGAAATCGGTCGCACCGTGT,115,3615237
tmaR_predicted,0.28,30,24,TCGGTCCGCAGATAGTGTCA,6,3609635
tmaR_predicted,2.04,74,24,TCATGGCGGCGGCGGGCGGA,50,3606202
tmaR_predicted,3.04,99,24,TCAGCGAAATGCAGACAGGG,75,3613997
tmaR_predicted,3.08,100,24,TCACGGCTGAGGTTCAACAA,76,3623407
tmaR_predicted,46.48,1185,24,TACCTAGAGTGAACGTCTAA,1161,3642385
tmaR_predicted,1.96,72,24,GTTAAGTCCCTTGGACCGGA,48,3604987
tmaR_predicted,4.6,138,24,GTATACGGTCAAAACTGCGT,114,3604508
tmaR_predicted,4.76,142,24,GTAGATCTGCACGTCCGTCT,118,3608851
tmaR_predicted,4.48,135,24,GGCTGACTATGAAGACAGTA,111,3617702
tmaR_predicted,16.76,442,24,GGCATGAAGGATAGATGCGA,418,3627056
tmaR_predicted,1.36,57,24,GGATCATCCTTGGCTACATA,33,3644120
tmaR_predicted,2.32,81,24,GCCGGCTTGACTTGCACCCA,57,3636307
tmaR_predicted,3.2,103,24,GCAATAGAGCGCTCATGACT,79,3617067
tmaR_predicted,1.16,52,24,GAGTTATTTAACTCAGACCG,28,3644179
tmaR_predicted,0.08,25,24,CGGGATGAAGTTTCAGGGAA,1,3605321
tmaR_predicted,1.8,68,24,CGCAATTCGACACGGATACT,44,3624233
tmaR_predicted,0.08,25,24,CCCGCATGTAAGGCTTAGTG,1,3630010
tmaR_predicted,4.84,144,24,CCATGCTGTTACGGCTCAGA,120,3609780
tmaR_predicted,0.76,42,24,CCAAAGTTCAGGCATTCTAA,18,3649568
tmaR_predicted,0.08,25,24,CATTTCCCTGCGCGGTCTTT,1,3643883
tmaR_predicted,0.08,25,24,CATGCAGCTGAGTTGAATAG,1,3634420
tmaR_predicted,0.08,25,24,CAGCGCGCTTCATATAAATG,1,3615444
tmaR_predicted,3.36,107,24,CAACACCGCAGAGGGTGCGA,83,3615644
tmaR_predicted,0.92,46,24,ATTCATTGGGACGTACGCTC,22,3608391
tmaR_predicted,0.28,30,24,ATGGGGAGTAATAGGTACAC,6,3606125
tmaR_predicted,0.08,25,24,ATCAGTGGCAGCCGTATGAC,1,3648695
tmaR_predicted,1.0,48,24,ATAACTGCAAGGGGGCCACA,24,3639708
tmaR_predicted,6.96,197,24,AGTCAGTACGCCCGTTGCAA,173,3633660
tmaR_predicted,1.28,55,24,AGGCGAGAGGGCGCAGACAC,31,3637678
tmaR_predicted,0.08,25,24,AGCGTCCCACTGTCTACCTG,1,3620069
tmaR_predicted,0.4,33,24,AATCTCCAAAGCGAGTCCCA,9,3642289
tmaR_predicted,0.16,27,24,AAGGGAACGCAATCGTTTTC,3,3605648
tmaR_predicted,0.08,25,24,AAGCACACCCCGTGAGCTCA,1,3615178
tmaR_predicted,0.12,26,24,AACCCACTTTGCCGCCGGAT,2,3627640
tmaR_predicted,0.16,27,24,AAAGAGCAATGTCGGTTCAA,3,3614578
tmaR_predicted,0.08333333333333333,24,23,TGGCATTTACGAACGGCCAT,1,3615722
tmaR_predicted,0.6666666666666666,38,23,TGGCATCCCCCTATGGTCAT,15,3637735
tmaR_predicted,2.2916666666666665,77,23,TCATTTCGCGAAAGACAGAA,54,3622356
tmaR_predicted,1.7083333333333333,63,23,TATCTTCCCGCCGATCTAAA,40,3610695
tmaR_predicted,0.75,40,23,TACCTAATTAGCACAGTCAG,17,3611172
tmaR_predicted,1.6666666666666667,62,23,TACCAGTCCACAGTTTCATG,39,3628604
tmaR_predicted,6.125,169,23,TAAGGCTCCCTCTGGTTATA,146,3627871
tmaR_predicted,10.25,268,23,GTGCTGGGCGAATGGGATTT,245,3608081
tmaR_predicted,0.08333333333333333,24,23,GGTTTTACGAGACTCTCTGA,1,3645043
tmaR_predicted,2.125,73,23,GCACTGCGTCTAAGGATTAC,50,3649340
tmaR_predicted,1.2083333333333333,51,23,GATTGACGACAGACATTTTT,28,3640512
tmaR_predicted,1.4166666666666667,56,23,GATTAGAAAAGATCATCGAT,33,3640701
tmaR_predicted,0.08333333333333333,24,23,GAACAATGCAAATGGTCCAA,1,3614386
tmaR_predicted,2.75,88,23,GAAAATACTGGGTAATGGCA,65,3637186
tmaR_predicted,0.08333333333333333,24,23,CTTATTTAGCCACATTACTT,1,3617852
tmaR_predicted,2.0,70,23,CTGTGCGACAACTGGGAATT,47,3635195
tmaR_predicted,0.16666666666666666,26,23,CTATCAGAACCAGCGCGGGT,3,3637385
tmaR_predicted,1.375,55,23,CCCGTCTGCAATTACGCTAG,32,3618413
tmaR_predicted,0.08333333333333333,24,23,CATGGACACAGCAGAATTTT,1,3631768
tmaR_predicted,3.5416666666666665,107,23,CATGATCTAGGTAATAGTGG,84,3635532
tmaR_predicted,0.08333333333333333,24,23,CACGAAATGCCTATACCCGA,1,3605474
tmaR_predicted,1.3333333333333333,54,23,CAAGCTTCCAAATTAGCTCA,31,3636496
tmaR_predicted,0.08333333333333333,24,23,ATGACGGTTGTGGGTGCATT,1,3637151
tmaR_predicted,0.9583333333333334,45,23,AGGGTGATCCCGTACGCCAT,22,3632788
tmaR_predicted,0.08333333333333333,24,23,ACTACGGTCTTCCGCGTCTT,1,3612659
tmaR_predicted,4.125,121,23,ACGTAGAGTATCAGAGTAGC,98,3628959
tmaR_predicted,4.541666666666667,131,23,ACGCTCCGTCACGCCATGTT,108,3627231
tmaR_predicted,1.1666666666666667,50,23,AAGTTTTCATAACCCCTCTG,27,3621354
tmaR_predicted,0.9583333333333334,45,23,AAGGGTTTGAGCGACGCCTT,22,3618271
tmaR_predicted,1.5416666666666667,59,23,AAGACATCCGCCGACCATCA,36,3609814
tmaR_predicted,3.260869565217391,96,22,TTCCCTAGCTAGTTAAGCAG,74,3636697
tmaR_predicted,0.34782608695652173,29,22,TGTTGTTCATTGAGTGAGAC,7,3635932
tmaR_predicted,1.7826086956521738,62,22,TGTACTATAGCGGTCGTCCT,40,3616323
tmaR_predicted,3.217391304347826,95,22,TGGGAGACGCGAAGATGTCG,73,3606494
tmaR_predicted,0.7391304347826086,38,22,TGGAGATTGTCTAGCCTGAT,16,3606888
tmaR_predicted,0.6521739130434783,36,22,TGCTCCTCACTCTGGGTTCT,14,3625602
tmaR_predicted,3.217391304347826,95,22,TGAATGCTCTCGAGCCGGGT,73,3638982
tmaR_predicted,0.5217391304347826,33,22,TAACCCTATACTCCACCGGC,11,3618677
tmaR_predicted,0.08695652173913043,23,22,GTGTAGCAGTCAAGATCATG,1,3608109
tmaR_predicted,0.17391304347826086,25,22,GTGAATTTCATTTGCGGAAA,3,3619819
tmaR_predicted,0.08695652173913043,23,22,GGTTCGGGAATCCAAGGCCC,1,3632603
tmaR_predicted,0.13043478260869565,24,22,GGAACCGTGTTTTGGTCACA,2,3628911
tmaR_predicted,0.08695652173913043,23,22,GCGCTAGCTCCCTGAGCTTT,1,3649901
tmaR_predicted,5.043478260869565,137,22,GATTTGCTATCTAGACCAAT,115,3611669
tmaR_predicted,0.08695652173913043,23,22,GAGTTATGGAGAGCGGGAGT,1,3623634
tmaR_predicted,0.08695652173913043,23,22,GAGGGTTATGAGGTGTTGAT,1,3626891
tmaR_predicted,6.695652173913044,175,22,GACCACCTTAACAATCTTGA,153,3621084
tmaR_predicted,4.739130434782608,130,22,CTTTGCGAGCGACCAATACG,108,3606666
tmaR_predicted,4.260869565217392,119,22,CTGTAAGGAGGATCCAGTGA,97,3606307
tmaR_predicted,0.9565217391304348,43,22,CTCCGCCACTCGTTCAACTC,21,3609760
tmaR_predicted,7.391304347826087,191,22,CTATCTCGGGGATCATATGA,169,3629100
tmaR_predicted,0.30434782608695654,28,22,CTATAAGCTCTAGCTGTAGA,6,3613144
tmaR_predicted,1.8695652173913044,64,22,CGGTCATCCCTAAGAAGTAA,42,3630384
tmaR_predicted,3.217391304347826,95,22,CGGACCGCTACAGGCTATAT,73,3609711
tmaR_predicted,9.91304347826087,249,22,CGCCGTTAATAGTGGGACCT,227,3613487
tmaR_predicted,1.0434782608695652,45,22,CGCAGGTCTATCCCCACTGG,23,3646382
tmaR_predicted,6.086956521739131,161,22,CGAGGCTAAGGATCGGCAAA,139,3629937
tmaR_predicted,3.6956521739130435,106,22,CCCAACCGCTTCCGCTCGCA,84,3643561
tmaR_predicted,5.0,136,22,CAGGGTCGATCTGGAAACTA,114,3645532
tmaR_predicted,1.434782608695652,54,22,CACCTAGCTTTCCTCTTACA,32,3623963
tmaR_predicted,2.391304347826087,76,22,CACCCCCTCGAAGTGTCTAT,54,3643295
tmaR_predicted,1.1304347826086956,47,22,CAATTGTCTTCGTCCAGAGA,25,3604776
tmaR_predicted,2.9565217391304346,89,22,ATTTACTCAAACCAACAATA,67,3617620
tmaR_predicted,3.3043478260869565,97,22,ATCGAGAGGGGGGAGTGGCT,75,3626893
tmaR_predicted,3.260869565217391,96,22,AGTTAGACGGCTACATCCAG,74,3605565
tmaR_predicted,2.8260869565217392,86,22,AGTCTGAGCGGAGACTGGAA,64,3631093
tmaR_predicted,0.08695652173913043,23,22,AGGCTGTCACTTCCGAGTCA,1,3638269
tmaR_predicted,0.17391304347826086,25,22,AGCTTGGGAAATCGGTCGAG,3,3634278
tmaR_predicted,1.5217391304347827,56,22,AGCGAGGTAGAGGTGGAGGT,34,3639180
tmaR_predicted,3.782608695652174,108,22,AGACGAGGGTAAGCTTCCGG,86,3642496
tmaR_predicted,0.08695652173913043,23,22,AGACCTGGTGTGCAGTAGTA,1,3631238
tmaR_predicted,0.391304347826087,30,22,ACTGGCTAAATATAGCTTGT,8,3629844
tmaR_predicted,4.434782608695652,123,22,ACTACATGGGCTAGGACTTA,101,3611057
tmaR_predicted,0.9130434782608695,42,22,ACCCTGGTTTACTACCCATG,20,3616651
tmaR_predicted,0.08695652173913043,23,22,ACCATGGCAACACAGTGGAG,1,3627634
tmaR_predicted,7.739130434782608,199,22,ACATACGACGGCCCCGCTTT,177,3643541
tmaR_predicted,2.869565217391304,87,22,AATAGATCGGTACTTATCGA,65,3610061
tmaR_predicted,0.08695652173913043,23,22,AAGTCAAATGATCGCCGTAA,1,3628883
tmaR_predicted,1.0454545454545454,43,21,TTGTCCAATAAGATTAGCAG,22,3621954
tmaR_predicted,10.818181818181818,258,21,TTGCCTGTTGTGCTCATCTA,237,3608197
tmaR_predicted,0.09090909090909091,22,21,TGTCAAGCCTGATCCGAAAT,1,3616147
tmaR_predicted,2.772727272727273,81,21,TGTAACATGGATTTCACGGG,60,3625527
tmaR_predicted,2.909090909090909,84,21,TGGCTCGGAGGAACTGGTTA,63,3631810
tmaR_predicted,2.5,75,21,TGAGTTCCATCCAGGCTCAT,54,3621781
tmaR_predicted,0.09090909090909091,22,21,TCCTGGCATATAGCACAAGT,1,3609388
tmaR_predicted,8.863636363636363,215,21,GTTCAGACCATTGCAAACCA,194,3640353
tmaR_predicted,0.09090909090909091,22,21,GTTACGTTTCAATTTACCGT,1,3612939
tmaR_predicted,2.6818181818181817,79,21,GTCAATTATTCACAAGTATC,58,3613449
tmaR_predicted,7.909090909090909,194,21,GTAGGTTGGGGTCGCACATA,173,3605277
tmaR_predicted,3.0,86,21,GCTTACCTATATGAGGGCGA,65,3642950
tmaR_predicted,2.0454545454545454,65,21,GCCTATTACTATCCGTCTAT,44,3629809
tmaR_predicted,5.454545454545454,140,21,CTTAGAGGAAAGGTCCTTAC,119,3613056
tmaR_predicted,6.2727272727272725,158,21,CTGCGGGGACTGGAAAGCGG,137,3618784
tmaR_predicted,0.18181818181818182,24,21,CTACCAAGGAACTGAAAACT,3,3629649
tmaR_predicted,1.1818181818181819,46,21,CGTGAATGCGTGCAGCTTTT,25,3616395
tmaR_predicted,2.727272727272727,80,21,CGCTCATCGGAGAGACATGT,59,3647946
tmaR_predicted,0.13636363636363635,23,21,CGCCGTTCAAGGCCTGTTAT,2,3637555
tmaR_predicted,2.0454545454545454,65,21,CGAATCCTTACGCGTGTCTC,44,3614302
tmaR_predicted,0.09090909090909091,22,21,CCGGATTAGGTGTCGGCCAC,1,3612762
tmaR_predicted,3.1363636363636362,89,21,CATTGCTGGGAAGTGCAGTG,68,3624132
tmaR_predicted,0.09090909090909091,22,21,CATGTATGTGGTACTTATTA,1,3611844
tmaR_predicted,0.5,31,21,CAGATAAATCTAAAAGTATC,10,3632033
tmaR_predicted,0.36363636363636365,28,21,CACGTTCCTGTTACCACGTG,7,3607268
tmaR_predicted,0.3181818181818182,27,21,CACAGACTATTAGAGGAAGA,6,3634097
tmaR_predicted,2.272727272727273,70,21,CAACGGTATGCAGTACTGCA,49,3627485
tmaR_predicted,0.09090909090909091,22,21,CAAACCACCGAAATCCCGAG,1,3608032
tmaR_predicted,0.7727272727272727,37,21,ATTTGGGTGTGCATTGTAGG,16,3606645
tmaR_predicted,0.09090909090909091,22,21,ATTGATAAGATACGGGATTC,1,3638835
tmaR_predicted,1.5,53,21,ATTCGCTTATAGTTGAGCGG,32,3634582
tmaR_predicted,3.272727272727273,92,21,ATTCCGCTCGGTAAACGATG,71,3644979
tmaR_predicted,0.13636363636363635,23,21,ATGGGACCACGGCGCGGGAT,2,3606878
tmaR_predicted,7.090909090909091,176,21,ATCGTTAACGCCTCCAATGT,155,3650139
tmaR_predicted,1.4545454545454546,52,21,AGGCAAGGGATAGATAAATG,31,3644704
tmaR_predicted,0.13636363636363635,23,21,AGACTATCGTCAACACCTTA,2,3622867
tmaR_predicted,0.09090909090909091,22,21,ACGTATAGCTGGTTATTCGT,1,3611715
tmaR_predicted,0.2727272727272727,26,21,ACGCACGAGTCACCCTACTA,5,3610380
tmaR_predicted,0.09090909090909091,22,21,ACACAACGGGTATCATAAAT,1,3625317
tmaR_predicted,0.09090909090909091,22,21,AAGCGACCCTATGGGGATCC,1,3620194
tmaR_predicted,0.19047619047619047,23,20,TTTAAGAGAATATCTAAGGG,3,3625017
tmaR_predicted,2.0476190476190474,62,20,TTGGGTTACTCTAGTGCCAT,42,3648914
tmaR_predicted,6.238095238095238,150,20,TTCCTGCCGTGGTCAATTTC,130,3615250
tmaR_predicted,5.904761904761905,143,20,TGTATGTTACGCGACACATT,123,3606195
tmaR_predicted,7.190476190476191,170,20,TGGACCACCAGTAGGGGTGA,150,3634034
tmaR_predicted,0.5238095238095238,30,20,TCTCCGCAGCTGATCAGGAT,10,3611631
tmaR_predicted,0.09523809523809523,21,20,TCAGCCAGTTGAGCGTAAGT,1,3629164
tmaR_predicted,0.09523809523809523,21,20,TATGCAGGCTCGAGAGATGT,1,3635247
tmaR_predicted,6.857142857142857,163,20,TACTGGGCCGCAGTCCAGTC,143,3610193
tmaR_predicted,2.9047619047619047,80,20,GTTCTCGTATCCTAGCCGGG,60,3616663
tmaR_predicted,0.3333333333333333,26,20,GTGGGGCACTCTTTCGCTTA,6,3650376
tmaR_predicted,1.2857142857142858,46,20,GTGCTTTGCTGGCATGGGCC,26,3627547
tmaR_predicted,3.238095238095238,87,20,GTGCACCGAAGGCATTGTCT,67,3609538
tmaR_predicted,0.09523809523809523,21,20,GGTGGCGTCTGTCCTTTGTA,1,3607411
tmaR_predicted,0.09523809523809523,21,20,GGTCGGTGGTAATCTCTCAG,1,3619677
tmaR_predicted,0.09523809523809523,21,20,GGTCGCGGCAATCGCGATAT,1,3624611
tmaR_predicted,1.8095238095238095,57,20,GGGTCAGGACTTGGTTAAGC,37,3623820
tmaR_predicted,0.14285714285714285,22,20,GGGTAGCACCGCGCGTCATG,2,3610113
tmaR_predicted,0.09523809523809523,21,20,GGGAAGCCGCCCACTGCCTA,1,3613376
tmaR_predicted,4.619047619047619,116,20,GGAGGGATAGTGCCCAATTT,96,3648500
tmaR_predicted,0.09523809523809523,21,20,GGAGCCGTCGCGTTATTTGT,1,3622082
tmaR_predicted,2.238095238095238,66,20,GCGGAAAATATGGCGTTCTG,46,3623852
tmaR_predicted,0.09523809523809523,21,20,GATGACCGATGCATGGGCAA,1,3618771
tmaR_predicted,0.3333333333333333,26,20,GACGTTGCCCGGTTGCAACA,6,3639104
tmaR_predicted,7.142857142857143,169,20,GAAAAACTCCGGAAATAGAG,149,3618375
tmaR_predicted,0.6666666666666666,33,20,CTACTCGCGGCATCCCATTT,13,3629699
tmaR_predicted,3.8095238095238093,99,20,CTACAGGATAATCGGGCCGA,79,3635851
tmaR_predicted,3.857142857142857,100,20,CGTGAGAGATGTAGAAACCA,80,3632677
tmaR_predicted,1.1904761904761905,44,20,CGGGCGCCGACTATCGGGCG,24,3624438
tmaR_predicted,0.19047619047619047,23,20,CGGCAGGGTTGAAATGTGAT,3,3619950
tmaR_predicted,0.09523809523809523,21,20,CGCTAGCTGAAAGAGCCCTT,1,3608748
tmaR_predicted,0.9047619047619048,38,20,CGATCGCGGATGATGTCGCA,18,3623743
tmaR_predicted,1.9523809523809523,60,20,CGAACAGGCCGCCGCCTGTG,40,3621818
tmaR_predicted,0.09523809523809523,21,20,CCTGATTCTGCGGGCCTCTG,1,3618608
tmaR_predicted,4.619047619047619,116,20,CCTCACGCCCTTACCCCGGT,96,3633184
tmaR_predicted,4.380952380952381,111,20,CATAGCTTCTATGTAAAGTT,91,3621815
tmaR_predicted,0.2857142857142857,25,20,CAGTATTGGCACTTCGGCTA,5,3641509
tmaR_predicted,0.14285714285714285,22,20,CACTGGATCCGGCGACGGGG,2,3607693
tmaR_predicted,35.857142857142854,772,20,CAATTTGGACGTTAGTTAGA,752,3642471
tmaR_predicted,10.333333333333334,236,20,ATGATAAGGAGCTAGGTGAG,216,3618770
tmaR_predicted,0.09523809523809523,21,20,AGTCGGGCCTATTGTGGACG,1,3627695
tmaR_predicted,1.619047619047619,53,20,AGTATGGGGTTGCTATAATA,33,3612810
tmaR_predicted,2.4761904761904763,71,20,AGCTAACCGCAGCCCACCAA,51,3604522
tmaR_predicted,5.0476190476190474,125,20,ACGTGTGGGCGATGTCTGAG,105,3635986
tmaR_predicted,0.09523809523809523,21,20,ACCGCTCATCAGGCTAGCCT,1,3628520
tmaR_predicted,4.809523809523809,120,20,ACAGAGAAGTTAGGCTTCAT,100,3629118
tmaR_predicted,0.38095238095238093,27,20,AATATTTATCAGAGCCTCGA,7,3627293
tmaR_predicted,0.09523809523809523,21,20,AACCGTTTACACCCACCGAC,1,3622553
tmaR_predicted,4.095238095238095,105,20,AAATCCACTACACCCTCCTG,85,3616768
tmaR_predicted,13.3,284,19,TTGATTCCGTCTAGGTAGTG,265,3613484
tmaR_predicted,0.2,22,19,TTCGTGTCCAACCGGCGAGC,3,3646385
tmaR_predicted,0.4,26,19,TTCGCTCGGTTTTTGTGTAA,7,3647582
tmaR_predicted,3.5,88,19,TTCATCATCCGGGAGTGTAC,69,3607312
tmaR_predicted,0.1,20,19,TTACGTGCAAATGTATACTT,1,3604640
tmaR_predicted,0.1,20,19,TGTTTCAAGTTCCTAACGGA,1,3604513
tmaR_predicted,1.95,57,19,TGGAAATAGGAGGGCTGAAA,38,3631570
tmaR_predicted,1.8,54,19,TGCCACGCCGCGTCAGTGCG,35,3635810
tmaR_predicted,5.9,136,19,TCGCGCCCTCCGGTGCAGCG,117,3632551
tmaR_predicted,1.7,52,19,TCAGGCTCTAGCCTTGGGTG,33,3617047
tmaR_predicted,0.1,20,19,TACAAGTTTCCTCCCTTGCC,1,3605319
tmaR_predicted,0.1,20,19,GTTTTAATTCTTATTCGTCT,1,3609993
tmaR_predicted,0.75,33,19,GTTAGAGGCCTCACGGAAGG,14,3632134
tmaR_predicted,0.15,21,19,GTCGATGGTAAGGCGGCAGG,2,3612106
tmaR_predicted,0.1,20,19,GTATGCGTGTGCATCGATAA,1,3626518
tmaR_predicted,0.85,35,19,GGGCTCCGCGATTTATTATA,16,3608956
tmaR_predicted,1.5,48,19,GGGACGTCATGATAGAGATC,29,3615443
tmaR_predicted,2.55,69,19,GGATGTCATATTTTCAATAA,50,3604381
tmaR_predicted,0.1,20,19,GCTTTTTGACACTTAAGTCA,1,3634221
tmaR_predicted,4.2,102,19,GCTCCATACAGTGTAAAAAG,83,3609971
tmaR_predicted,5.4,126,19,GCGCTAATATTTTCTCACAT,107,3628548
tmaR_predicted,0.1,20,19,GCACGCGACCCCATGACCTT,1,3610818
tmaR_predicted,6.7,152,19,GATAGCTTGGAAGGATCAGA,133,3621591
tmaR_predicted,2.0,58,19,GAGTATTTTCTTAGTATGTA,39,3611146
tmaR_predicted,0.1,20,19,GAGAGGGGGCACGAGCTCTG,1,3617393
tmaR_predicted,0.6,30,19,GAATGTGATGTTAAGTTGGT,11,3626818
tmaR_predicted,2.8,74,19,GAAGGGATACGAAATTCAAG,55,3611990
tmaR_predicted,1.5,48,19,GAACTCGGAGTTAATGCCAA,29,3624358
tmaR_predicted,0.1,20,19,CTGGTTTCGTACATAACGAT,1,3638736
tmaR_predicted,7.1,160,19,CTCAGTTTCGTAAAGGATGT,141,3622048
tmaR_predicted,10.85,235,19,CTCAAAGCTAACCTTTTCTT,216,3621638
tmaR_predicted,2.5,68,19,CTAGACGAAGTATTTTTCCT,49,3626367
tmaR_predicted,9.7,212,19,CGTATTTTATTCAACGGGTG,193,3627050
tmaR_predicted,2.45,67,19,CGTACGTATGAGGCGGGCTT,48,3646341
tmaR_predicted,1.45,47,19,CGGGAGGCACGGGACCTATA,28,3642734
tmaR_predicted,0.1,20,19,CGCTCACCGGGAGCAGAGTA,1,3639795
tmaR_predicted,1.65,51,19,CCTGGACTGGCACCACCTTT,32,3623990
tmaR_predicted,0.1,20,19,CCGTTACGCTAAGGCAAGAT,1,3639945
tmaR_predicted,0.1,20,19,CCGCCCGGCACCCCAGGCTA,1,3632074
tmaR_predicted,3.7,92,19,CCCTGAAGGTAGCGTTCTCA,73,3621114
tmaR_predicted,0.15,21,19,CCCGCGGTTAACTCATTGAT,2,3631211
tmaR_predicted,3.75,93,19,CCAGCTAAGTAGGGTTGAAG,74,3620251
tmaR_predicted,0.4,26,19,CATTGCTGATGCGTACGGGA,7,3634267
tmaR_predicted,0.15,21,19,CATCACTAATTAAGGTATGG,2,3618621
tmaR_predicted,3.8,94,19,CAGGTGTCGCTGCCCCTCAG,75,3622333
tmaR_predicted,2.2,62,19,CACCTGGTTACGACCTGGGC,43,3637182
tmaR_predicted,8.05,179,19,CAAGAAGCCGAAGAGGACAC,160,3614603
tmaR_predicted,0.2,22,19,CAACTCTGCTTTACTCGTCA,3,3626940
tmaR_predicted,1.9,56,19,ATCCCCGCATTCTGGTTCCA,37,3642436
tmaR_predicted,6.0,138,19,ATAGTAAGCGCCTCGGTTAT,119,3649112
tmaR_predicted,0.1,20,19,ATAGCGCTGGTCGTCGCCTT,1,3621592
tmaR_predicted,0.15,21,19,AGTATCATCTACAGTAACGG,2,3617700
tmaR_predicted,5.2,122,19,AGGGCCGACGAGCTAGTTAA,103,3606660
tmaR_predicted,3.3,84,19,AGGCAAAGTTGCCGAGTTAC,65,3624944
tmaR_predicted,9.85,215,19,AGCAAAACTCGGTGGGCTCA,196,3609197
tmaR_predicted,2.6,70,19,ACTTCCGAGTAGTCTAATTT,51,3632380
tmaR_predicted,0.25,23,19,ACCGAATTCTGCTCCTGGAA,4,3604819
tmaR_predicted,0.5,28,19,ACATTCACAAGAGACTAACC,9,3650072
tmaR_predicted,16.35,345,19,AAGTGTGTTTACACCACCTG,326,3624472
tmaR_predicted,2.6,70,19,AAGGCACATGTACAGTTTGT,51,3641272
tmaR_predicted,0.75,33,19,AAGATGTAGATTTATACCCT,14,3650022
tmaR_predicted,0.1,20,19,AAAATTTCGCTGCATGCTCA,1,3631656
tmaR_predicted,2.6315789473684212,67,18,TTTCGGAGTAAAATTAGAGC,49,3613555
tmaR_predicted,0.7368421052631579,31,18,TTTCCTTGAGCTGGCGTTCA,13,3619362
tmaR_predicted,6.631578947368421,143,18,TTGTGCAAAAATTAGGTCCA,125,3612162
tmaR_predicted,0.10526315789473684,19,18,TTGTGACATAAGCTGTACTA,1,3642748
tmaR_predicted,0.10526315789473684,19,18,TTGGAATATCTTGCTCGCCT,1,3618282
tmaR_predicted,0.10526315789473684,19,18,TTCAAGCGACTGCCAGCATT,1,3632377
tmaR_predicted,3.3684210526315788,81,18,TTAGTTGATACTCGCTGGCA,63,3614715
tmaR_predicted,1.0,36,18,TTAGGAAGCTACAGGGGTGG,18,3635763
tmaR_predicted,2.6842105263157894,68,18,TGTTCGTGGGGTCGGGGCAA,50,3620466
tmaR_predicted,2.8421052631578947,71,18,TGTGCCGTACCAATATATTA,53,3641395
tmaR_predicted,0.10526315789473684,19,18,TGTCACAATTTGCGCCAGCT,1,3625600
tmaR_predicted,5.315789473684211,118,18,TGGTGTCCTCCCCAAGTGTG,100,3619080
tmaR_predicted,0.8947368421052632,34,18,TGACGGTAGGAAGACGTGTG,16,3608456
tmaR_predicted,6.631578947368421,143,18,TCGGGGATGCGTTCTGCGCT,125,3626574
tmaR_predicted,3.8421052631578947,90,18,TCACCCAAAGTAATTACGAA,72,3637477
tmaR_predicted,0.10526315789473684,19,18,TATTGAATCCGACGACGTTC,1,3629217
tmaR_predicted,0.10526315789473684,19,18,GTTTGGATTCTAAATTATAG,1,3634848
tmaR_predicted,3.526315789473684,84,18,GTCTCGGAAACAGCCGGTGA,66,3617814
tmaR_predicted,0.3157894736842105,23,18,GTCTATACGTACAAGGAAAA,5,3647862
tmaR_predicted,0.10526315789473684,19,18,GTATCCTGTAGGCTGACGAG,1,3641400
tmaR_predicted,1.5263157894736843,46,18,GTACCGTATCTACCTGTCCT,28,3613938
tmaR_predicted,0.10526315789473684,19,18,GGTTCTGACTTTCAGACTAG,1,3631981
tmaR_predicted,3.6842105263157894,87,18,GGGTCACATCAATCTCGCTA,69,3606448
tmaR_predicted,0.10526315789473684,19,18,GGGGCGCCACGAGATCCACC,1,3608251
tmaR_predicted,0.2631578947368421,22,18,GGGATAGGCTCCAAGCTAGT,4,3611748
tmaR_predicted,0.10526315789473684,19,18,GGCACAATACATGAAGGACT,1,3638596
tmaR_predicted,0.10526315789473684,19,18,GCTCTACTCACTTGTGAAAG,1,3620250
tmaR_predicted,0.15789473684210525,20,18,GCTCGAATGTGTCGTTCCAG,2,3606309
tmaR_predicted,0.10526315789473684,19,18,GCTCAAACGTCGTCACTTCA,1,3634683
tmaR_predicted,0.9473684210526315,35,18,GCCGGGGTATCCAATCGTAT,17,3613057
tmaR_predicted,4.2105263157894735,97,18,GCACATTTTCGTAGACACTG,79,3633699
tmaR_predicted,20.63157894736842,409,18,GCACACTGGGGGCGAAGGTA,391,3606851
tmaR_predicted,0.21052631578947367,21,18,GATTCTCGATAACCGCTGAG,3,3644325
tmaR_predicted,9.052631578947368,189,18,GATGCATGACCATATAAATT,171,3642134
tmaR_predicted,5.0,112,18,GATGAGAATAAAGTAATACA,94,3606438
tmaR_predicted,0.10526315789473684,19,18,GACTAGGCCATAACACCTAT,1,3625044
tmaR_predicted,0.10526315789473684,19,18,GAATCTGACAGCGATGGATT,1,3616673
tmaR_predicted,0.10526315789473684,19,18,CTTTTTGGTCTATATCATCA,1,3633420
tmaR_predicted,1.3157894736842106,42,18,CTTATATCGTCGCTTGGGTT,24,3640304
tmaR_predicted,4.368421052631579,100,18,CTGTACAGCTAGGAGCACCG,82,3631646
tmaR_predicted,2.1052631578947367,57,18,CTCCAAGGTCATCCACTACA,39,3649271
tmaR_predicted,0.10526315789473684,19,18,CGTTTTGGAAAATTGGGCGG,1,3612079
tmaR_predicted,0.10526315789473684,19,18,CGCAATAGCCCTCATGCGCT,1,3607873
tmaR_predicted,14.052631578947368,284,18,CGATGGTTAGTCATGAGTAT,266,3605525
tmaR_predicted,0.8947368421052632,34,18,CCTAGTGGAACTCTCAGCGG,16,3610874
tmaR_predicted,0.10526315789473684,19,18,CCGTGGGCACCGCATTCTTT,1,3625783
tmaR_predicted,0.10526315789473684,19,18,CCCCTGCCGTGATCCCAAAT,1,3626317
tmaR_predicted,0.10526315789473684,19,18,CCACGGCCAGGTTTCCTGTT,1,3630695
tmaR_predicted,1.0,36,18,CCAACTAGACTTTTCAGTCT,18,3604918
tmaR_predicted,0.10526315789473684,19,18,CAAGAGTAATTGTTAGAACA,1,3639440
tmaR_predicted,4.421052631578948,101,18,CAACCACCAATTGGCCTATA,83,3636916
tmaR_predicted,4.0,93,18,ATTGAAGAGCAATAACGGTT,75,3617890
tmaR_predicted,1.736842105263158,50,18,ATTCAGGGATGGGGGGCAAG,32,3605963
tmaR_predicted,0.10526315789473684,19,18,ATGTAGTAATCATGGCTATA,1,3621294
tmaR_predicted,0.10526315789473684,19,18,AGTCAGGGATCTATCAGGCA,1,3618604
tmaR_predicted,4.368421052631579,100,18,AGTCAAAGACTGCCATTGCG,82,3605274
tmaR_predicted,0.6842105263157895,30,18,AGGTATCAATTTCAGACCGT,12,3604523
tmaR_predicted,1.736842105263158,50,18,AGGCATGAAAGCAGGTATTG,32,3606696
tmaR_predicted,4.7894736842105265,108,18,AGCTAGGTAGATCTTGGTAT,90,3644985
tmaR_predicted,0.15789473684210525,20,18,ACTATCGTTTACGGATAGAT,2,3614495
tmaR_predicted,6.526315789473684,141,18,ACGCTCTAATCTGAGGTGCT,123,3620616
tmaR_predicted,4.2105263157894735,97,18,AAGGTCTAGGGGTAGGGCAT,79,3647008
tmaR_predicted,1.0526315789473684,37,18,AAGAACCCCAATAGTAATCA,19,3626233
tmaR_predicted,1.105263157894737,38,18,AAAATTCACGGGCAATCAAA,20,3645269
tmaR_predicted,0.2777777777777778,21,17,TTTAACGCCAAGGGATCTAC,4,3639754
tmaR_predicted,0.1111111111111111,18,17,TTCGAGGGAACTGATCGGTC,1,3630667
tmaR_predicted,2.2777777777777777,57,17,TTATCTGGACCGACAGAAGA,40,3604379
tmaR_predicted,3.3333333333333335,76,17,TGTCTCCGCTTGCAGCAAGA,59,3629666
tmaR_predicted,3.888888888888889,86,17,TGGCATTCCCGAGGGTTGTC,69,3614993
tmaR_predicted,3.8333333333333335,85,17,TGGAAACCGGGGCTATTAGG,68,3623707
tmaR_predicted,3.111111111111111,72,17,TGCATAGCGGTAATGTTATA,55,3644779
tmaR_predicted,1.5555555555555556,44,17,TGAGTGGTACGTTAGAATAA,27,3619430
tmaR_predicted,0.16666666666666666,19,17,TGACATCAGCAACGTAGTGC,2,3640832
tmaR_predicted,0.1111111111111111,18,17,TCGTACCGATCAAGTTCGCA,1,3637739
tmaR_predicted,0.1111111111111111,18,17,TCGAGTAATATACTGCAACC,1,3634603
tmaR_predicted,3.1666666666666665,73,17,TCGACATCAGCCGGGATAGA,56,3640309
tmaR_predicted,0.1111111111111111,18,17,TCCGATCGTATCGCCGCACG,1,3618296
tmaR_predicted,5.055555555555555,107,17,TCCCGGAGTATATCGTTACA,90,3630590
tmaR_predicted,0.2777777777777778,21,17,TACATAAGGCACATCTAATC,4,3616145
tmaR_predicted,2.2222222222222223,56,17,TACAGAAATGAAGTACATAT,39,3633394
tmaR_predicted,4.444444444444445,96,17,TACAATGCCCCATGCGACCC,79,3606843
tmaR_predicted,0.1111111111111111,18,17,GTGAGCCACGCTCTCCAGCT,1,3640610
tmaR_predicted,2.6666666666666665,64,17,GTGACCGAGACGTGATTGTA,47,3608500
tmaR_predicted,0.1111111111111111,18,17,GTCTCACTTGATCCCTCTGC,1,3640170
tmaR_predicted,1.9444444444444444,51,17,GTCCCCACATACCTTCAATT,34,3615966
tmaR_predicted,4.166666666666667,91,17,GTCAAGGCCACATAACAGGA,74,3623208
tmaR_predicted,3.388888888888889,77,17,GTATCTCGAGACGATCATAG,60,3610600
tmaR_predicted,0.4444444444444444,24,17,GTATCGGCCTCTCGGCCTCA,7,3608601
tmaR_predicted,0.2222222222222222,20,17,GTAATAGCCGACCCTAGAAT,3,3636797
tmaR_predicted,0.7222222222222222,29,17,GGTCTCCGTTAGGGGCTTGG,12,3646761
tmaR_predicted,0.2222222222222222,20,17,GGGCGGTAAGATTATGAGTA,3,3624164
tmaR_predicted,0.1111111111111111,18,17,GGGAACAATACTATTTGAAA,1,3635939
tmaR_predicted,7.277777777777778,147,17,GGCTTAATGTTCCTCCAGTA,130,3631980
tmaR_predicted,2.2777777777777777,57,17,GGATGACTCAGTCCATACTA,40,3614783
tmaR_predicted,0.16666666666666666,19,17,GGAACCTCGCGTGGTGAGAG,2,3619074
tmaR_predicted,0.1111111111111111,18,17,GGAACCGAATCTAGGGGCCA,1,3641776
tmaR_predicted,0.1111111111111111,18,17,GCTTCTTGAGCACGCGCAAA,1,3608436
tmaR_predicted,0.1111111111111111,18,17,GCGATGCGGGCGACGGTGAT,1,3611060
tmaR_predicted,1.6111111111111112,45,17,GCAGGGGCCATGATATCTGA,28,3619003
tmaR_predicted,1.0,34,17,GAGATGCGACCGTTAGCATA,17,3635849
tmaR_predicted,1.7222222222222223,47,17,GAGACCGCATGGCTACAGAA,30,3649437
tmaR_predicted,0.7222222222222222,29,17,GACCCGTATCGTCTTAGACG,12,3642297
tmaR_predicted,2.0,52,17,GACCAACATAATACCAGGGG,35,3614755
tmaR_predicted,1.1666666666666667,37,17,CTCTAGGCTAAAGTATGGAT,20,3609847
tmaR_predicted,2.4444444444444446,60,17,CTAGTAGGTAATATTGGCTG,43,3625289
tmaR_predicted,2.7222222222222223,65,17,CTACCCCGCGGGTAAAACTG,48,3612665
tmaR_predicted,1.5555555555555556,44,17,CTAAGGGCCAGGCAGATCAT,27,3629534
tmaR_predicted,4.833333333333333,103,17,CGAGTAATTTTCCGGCCTCT,86,3605494
tmaR_predicted,2.0,52,17,CGAAGACGCCCATTGGAGAG,35,3627597
tmaR_predicted,0.7222222222222222,29,17,CGAACGTACTCAACTGGTCA,12,3609875
tmaR_predicted,8.11111111111111,162,17,CCTTCCAAGGTGTCCGCGGA,145,3619303
tmaR_predicted,6.222222222222222,128,17,CCTGTCGTTGTCACAGACTA,111,3648645
tmaR_predicted,1.1111111111111112,36,17,CCTCGTGCTTCTCTGCGGGA,19,3647907
tmaR_predicted,0.16666666666666666,19,17,CCGTAAAGAGCCTAGTCAAA,2,3644901
tmaR_predicted,0.2222222222222222,20,17,CATTAGCAGGCATGGATGGT,3,3630909
tmaR_predicted,1.3888888888888888,41,17,CATGAAACTTGAAAGTACCC,24,3630362
tmaR_predicted,18.444444444444443,348,17,CATCTAACTGTAGAGCTCAA,331,3633540
tmaR_predicted,2.2222222222222223,56,17,CAGTCCTCTGGTTCTTCGCG,39,3610056
tmaR_predicted,1.1666666666666667,37,17,CAGCAGCAGGCAAAGCTCAC,20,3604995
tmaR_predicted,0.1111111111111111,18,17,CACCCAGCAAGACAGCATAG,1,3630879
tmaR_predicted,5.444444444444445,114,17,CAAGATTGCGTTCGATCCTT,97,3615236
tmaR_predicted,0.1111111111111111,18,17,CAAGAAGCCTATGTGAGTCA,1,3624044
tmaR_predicted,4.166666666666667,91,17,ATTCGCTAGGAAAAGCTGTT,74,3616046
tmaR_predicted,1.3333333333333333,40,17,ATATCTACTTGACCCATAGC,23,3604134
tmaR_predicted,3.888888888888889,86,17,ATAGTGCCGTGTTAGGTCGT,69,3605275
tmaR_predicted,7.611111111111111,153,17,AGGTTTTTGATTCGCTAATT,136,3623537
tmaR_predicted,4.388888888888889,95,17,AGGTGGGTTCGTTTTGTGAA,78,3611533
tmaR_predicted,1.2222222222222223,38,17,AGGGCACTTTGGACAGGTTC,21,3607313
tmaR_predicted,5.666666666666667,118,17,AGCTCCACCTAGTTCAGGGA,101,3638744
tmaR_predicted,1.9444444444444444,51,17,AGATAAGCCCCCGAGATGTT,34,3642235
tmaR_predicted,6.055555555555555,125,17,AGAACCGATCGCTCGTATGA,108,3624080
tmaR_predicted,5.111111111111111,108,17,ACTAGAAACGGAGATTTGGG,91,3619945
tmaR_predicted,0.16666666666666666,19,17,ACGCCGGCTGAGCAACAGCC,2,3605433
tmaR_predicted,2.9444444444444446,69,17,ACGCCAAAACAAAGACGCGA,52,3617303
tmaR_predicted,14.0,268,17,ACGATCATTTAGGCTAAGAT,251,3617096
tmaR_predicted,0.1111111111111111,18,17,ACCCGGCTAGGCAAAATGTG,1,3636519
tmaR_predicted,4.222222222222222,92,17,ACATATAGGCCCAACCCAGA,75,3626408
tmaR_predicted,3.2222222222222223,74,17,AATCAGACAACGCCTTAGTC,57,3648562
tmaR_predicted,3.0555555555555554,71,17,AACTTTGAGCGTCCAGATTC,54,3623631
tmaR_predicted,0.16666666666666666,19,17,AAAATTGTGTAGCCTTCCTG,2,3648060
tmaR_predicted,0.35294117647058826,21,16,TTTGGAACGTATATGGGACC,5,3633626
tmaR_predicted,0.11764705882352941,17,16,TTTAGCGTTGAATTGCGGAT,1,3605044
tmaR_predicted,0.11764705882352941,17,16,TTGTGTGCAGTCCATAGCGA,1,3631684
tmaR_predicted,1.0,32,16,TTCGGTTATTCTAGTTAGTG,16,3634371
tmaR_predicted,3.764705882352941,79,16,TTCAGCTCGGAGTTTTTCCT,63,3644948
tmaR_predicted,2.0,49,16,TTAGTCATCGCTGTCGTCCT,33,3646884
tmaR_predicted,0.29411764705882354,20,16,TTACCGGTCCATCAGGTAGT,4,3612525
tmaR_predicted,3.235294117647059,70,16,TTAAGTCGTCCAGACTGACG,54,3615161
tmaR_predicted,19.470588235294116,346,16,TGTGGTATTACTCTTTGTTT,330,3612521
tmaR_predicted,4.176470588235294,86,16,TGTATACGGACTCTGAAAGA,70,3634586
tmaR_predicted,11.411764705882353,209,16,TGTACTTACGGCATTCTCCT,193,3604696
tmaR_predicted,0.11764705882352941,17,16,TGGAATTTGTGGTTCAGATC,1,3622572
tmaR_predicted,1.4705882352941178,40,16,TGGAATCGTGTGCTAGGCGA,24,3641217
tmaR_predicted,0.47058823529411764,23,16,TGACTAGGCTGATTAAAGCA,7,3645359
tmaR_predicted,3.235294117647059,70,16,TCTGCCGTCTGAAACCGGCT,54,3613803
tmaR_predicted,0.11764705882352941,17,16,TCGTCACGTCCCACAGCATA,1,3608879
tmaR_predicted,0.11764705882352941,17,16,TCGGTAGTCCCCGCGAACGG,1,3629040
tmaR_predicted,2.4705882352941178,57,16,TCGGCGTCGAACAAAGTCAA,41,3607863
tmaR_predicted,0.17647058823529413,18,16,TCCATATTAAGTGACGTATG,2,3616525
tmaR_predicted,0.8235294117647058,29,16,TCAGCAAGCAAGCATAAAGT,13,3633158
tmaR_predicted,0.11764705882352941,17,16,TCAAGCCGGTGTTCTGACAG,1,3625745
tmaR_predicted,1.411764705882353,39,16,TATGCTTTCGACCAGGCCAA,23,3622173
tmaR_predicted,3.6470588235294117,77,16,TAGGAGTCCTACTGTATGGG,61,3615348
tmaR_predicted,1.3529411764705883,38,16,TAATGACAATTTACAGGCCT,22,3630176
tmaR_predicted,0.5882352941176471,25,16,GTTTGTTTCGGATTTAAAGA,9,3632849
tmaR_predicted,5.705882352941177,112,16,GTTGCCGGTTTGTCGTAACA,96,3645553
tmaR_predicted,2.411764705882353,56,16,GTGTACTACATCATGCGCAA,40,3604698
tmaR_predicted,0.17647058823529413,18,16,GTGCGTATACCGGCGGCAGG,2,3635878
tmaR_predicted,1.3529411764705883,38,16,GTGCATTCTAGCATTTACTG,22,3628489
tmaR_predicted,0.11764705882352941,17,16,GGCCTGTAGGGCCAAAAGAT,1,3637579
tmaR_predicted,3.8823529411764706,81,16,GGAGCGACAAAACCAAGTTT,65,3606198
tmaR_predicted,2.823529411764706,63,16,GCTCCCGTATTCGCAGTGTA,47,3611900
tmaR_predicted,3.764705882352941,79,16,GCGGGTGCGTATTCGGGCCT,63,3619610
tmaR_predicted,2.3529411764705883,55,16,GCCCGGTGCCCGCGAGGTAT,39,3645202
tmaR_predicted,2.176470588235294,52,16,GCATCAAGAGCTTAAATAGT,36,3617329
tmaR_predicted,3.1176470588235294,68,16,GATAGGCTTGTTCTGTTCTA,52,3614691
tmaR_predicted,0.11764705882352941,17,16,GACTCTCAAACAGTGCTACG,1,3611205
tmaR_predicted,9.705882352941176,180,16,CTTGCCGAACAGTACGTGCT,164,3633628
tmaR_predicted,0.11764705882352941,17,16,CTCGTTAATCGCCCGAACAG,1,3621587
tmaR_predicted,3.235294117647059,70,16,CTCCTACCTTGTATACACAA,54,3606076
tmaR_predicted,0.11764705882352941,17,16,CTCCAGTTTTTTGATATATG,1,3625770
tmaR_predicted,6.411764705882353,124,16,CTAAATATACATCTAGCGTT,108,3630311
tmaR_predicted,4.647058823529412,94,16,CGTTCCCCGCCGGTAAAAAT,78,3614685
tmaR_predicted,0.11764705882352941,17,16,CGTGTTCACCTTCATCAGAC,1,3649212
tmaR_predicted,3.1176470588235294,68,16,CGTAGGATCAAAAACGAGTT,52,3613061
tmaR_predicted,0.35294117647058826,21,16,CGATCGCGGTGGGAGTCCAA,5,3606786
tmaR_predicted,7.352941176470588,140,16,CGAGCATACCGCTTTATTAA,124,3606208
tmaR_predicted,11.411764705882353,209,16,CGAATGTAAGTAAAGAGGAA,193,3614672
tmaR_predicted,1.7058823529411764,44,16,CCTCAAGCAGCGCCCCGTAC,28,3635488
tmaR_predicted,1.8235294117647058,46,16,CCGGTTGGGAAACGGTAGCT,30,3628979
tmaR_predicted,0.8823529411764706,30,16,CCCCCTAAAAAAAAAAACCT,14,3645630
tmaR_predicted,0.8235294117647058,29,16,CCATGCGAGAGGGGGTGTAC,13,3650048
tmaR_predicted,5.705882352941177,112,16,CATCCTTATCCCACTGGTAA,96,3647339
tmaR_predicted,0.11764705882352941,17,16,CAGCTAGTAACAGGTTCTGG,1,3625495
tmaR_predicted,0.11764705882352941,17,16,CAGCTAAATATGCTTAGCAA,1,3628245
tmaR_predicted,3.411764705882353,73,16,CAGAGTACGAGAAAACTAAG,57,3647381
tmaR_predicted,0.11764705882352941,17,16,CAAGCTCACGCTGCATCGCT,1,3634033
tmaR_predicted,0.11764705882352941,17,16,ATTCGTGGCAGAATTGTCTT,1,3646775
tmaR_predicted,1.0,32,16,ATGTGTTAATGTGGGTTCGA,16,3634121
tmaR_predicted,3.3529411764705883,72,16,ATGTGCGCGCTCTTAGGGAG,56,3623373
tmaR_predicted,0.11764705882352941,17,16,ATGTCAATTTCGGAGGTCGG,1,3622184
tmaR_predicted,23.941176470588236,422,16,ATGCACTGTGCAAATATGAA,406,3624612
tmaR_predicted,0.11764705882352941,17,16,ATGAACATTGTTACAGGATG,1,3616199
tmaR_predicted,6.0,117,16,ATCCGTATTAGGATCTTAGT,101,3637441
tmaR_predicted,4.823529411764706,97,16,ATCCGGCCACCATCTCGGAC,81,3646380
tmaR_predicted,3.411764705882353,73,16,ATCCGATAAGTTCGCGGCTG,57,3627595
tmaR_predicted,0.8823529411764706,30,16,ATAGATTAATGAGCCCCTCA,14,3607015
tmaR_predicted,1.4705882352941178,40,16,ATAGACGATGACTTTAAATG,24,3617484
tmaR_predicted,1.5294117647058822,41,16,AGGTTCGCTATGAGGACTAT,25,3629567
tmaR_predicted,0.5294117647058824,24,16,AGGATTAAGATGTGCACCAC,8,3630131
tmaR_predicted,0.17647058823529413,18,16,AGCACAGGAAGGGGAGCCTA,2,3609403
tmaR_predicted,0.11764705882352941,17,16,ACTAACTTCACTTATAGTTG,1,3645004
tmaR_predicted,4.117647058823529,85,16,ACCGCCGGATTTCAGATTAG,69,3619617
tmaR_predicted,0.17647058823529413,18,16,ACAGGGTCGGGCAGAGTCAG,2,3619825
tmaR_predicted,4.882352941176471,98,16,ACAAGAATCACGATCCATAT,82,3616024
tmaR_predicted,0.7647058823529411,28,16,AATCGATCGCCTTCACTGAT,12,3621358
tmaR_predicted,0.125,16,15,TTGTTTATGTGGCAGTGGAG,1,3643489
tmaR_predicted,0.5625,23,15,TTCAGGTCCTTATGCACCAC,8,3609669
tmaR_predicted,3.4375,69,15,TTCAAGGAACTTCTAAAAGC,54,3614580
tmaR_predicted,0.1875,17,15,TGTTAACTTGTCACCTTTGT,2,3617441
tmaR_predicted,1.125,32,15,TGGATAACGGCGCGACCAGA,17,3645746
tmaR_predicted,1.375,36,15,TCTTGTATGGCTGTTAGTCT,21,3609848
tmaR_predicted,8.25,146,15,TCCCCTCCCGGCTTACGGAA,131,3614548
tmaR_predicted,1.4375,37,15,TCACCGACATTAACTCCCTG,22,3612461
tmaR_predicted,5.5625,103,15,TCACAACGTCTGGCGAGCGT,88,3609486
tmaR_predicted,0.3125,19,15,TAATTTTCCAGTGAAACCTA,4,3648138
tmaR_predicted,3.6875,73,15,TAATCTCTTTACTACAGGAC,58,3617553
tmaR_predicted,9.5625,167,15,GTTCAGAGGCACCGGGGCAA,152,3604124
tmaR_predicted,14.625,248,15,GTTAAACCACGTCACATTTT,233,3639714
tmaR_predicted,5.8125,107,15,GTGTCATCAGGTCTGCTGTG,92,3648104
tmaR_predicted,1.25,34,15,GTGCGTGTTTCAGCGGTTGG,19,3641864
tmaR_predicted,3.9375,77,15,GTGAAGGGGAACGGCGAGGT,62,3611523
tmaR_predicted,2.1875,49,15,GTCACGGTTTCTTGTACCGA,34,3608698
tmaR_predicted,0.1875,17,15,GTAGTATTTAATCTCGGTGT,2,3608908
tmaR_predicted,4.3125,83,15,GGTCGGAATGAAAGAGTGAT,68,3626113
tmaR_predicted,7.4375,133,15,GGGTATAGCCTGCTGTACTG,118,3614996
tmaR_predicted,2.0625,47,15,GGGCGCGCATTGGGGACACA,32,3633291
tmaR_predicted,2.25,50,15,GGGATGCATCCGAATCCAGC,35,3628981
tmaR_predicted,3.9375,77,15,GGCAGGCCGAAAGCCGGCCC,62,3618998
tmaR_predicted,1.0,30,15,GCGAGTGGACCTCGAGCCGC,15,3615076
tmaR_predicted,11.625,200,15,GCCTCGTCGATGAGGTAGCC,185,3645609
tmaR_predicted,4.8125,91,15,GCCACAAATGCGCGAACGGC,76,3635125
tmaR_predicted,4.0,78,15,GAGATCACAAATCAGTTGAC,63,3632110
tmaR_predicted,0.125,16,15,GAGAGAACGAACGGCATTTT,1,3623298
tmaR_predicted,0.375,20,15,GAAATCCTTCAGCTGTGCAT,5,3645639
tmaR_predicted,0.5625,23,15,CTTGGAGCATCATGGGTAGG,8,3629154
tmaR_predicted,0.6875,25,15,CTTAATTCCTCTCTTCAGTG,10,3640371
tmaR_predicted,2.3125,51,15,CTGCGGGCGTCGGCTGAATT,36,3626523
tmaR_predicted,4.875,92,15,CTCTTGGTGTGAATATGTGA,77,3624772
tmaR_predicted,2.9375,61,15,CTCGAGTGCGTACATACTCT,46,3628558
tmaR_predicted,6.5,118,15,CGGTTCATATGGGTTGCTAT,103,3633704
tmaR_predicted,8.5625,151,15,CGGTCCCCCTTGCTAACAGA,136,3617996
tmaR_predicted,0.125,16,15,CGGAGTATTAATGTCAATAA,1,3616294
tmaR_predicted,0.1875,17,15,CGGACGGTTGGAATCAGGTA,2,3634087
tmaR_predicted,0.4375,21,15,CGCTGTACGTATGTATTGAA,6,3635122
tmaR_predicted,4.1875,81,15,CGATGTACCCGTGGTGTAAA,66,3643854
tmaR_predicted,4.375,84,15,CCTCAGAGAGGTTGATCAAG,69,3611676
tmaR_predicted,4.0625,79,15,CCGTGGTGTGAAAGGTGTGA,64,3645747
tmaR_predicted,1.6875,41,15,CCGGGCTGCAAGCACACCGT,26,3645328
tmaR_predicted,0.125,16,15,CCCTGGCCACGCGTCATGCT,1,3637331
tmaR_predicted,3.625,72,15,CCCCAGAGCTCAGCTTATCG,57,3606874
tmaR_predicted,11.4375,197,15,CATTTACAGCGATTACGCGT,182,3642886
tmaR_predicted,0.125,16,15,CATGATGAGCATGAATGTTA,1,3644536
tmaR_predicted,4.4375,85,15,CATCTGAGTCAGCTTGAGCA,70,3637372
tmaR_predicted,0.125,16,15,CATAAATGGACAGGTTACAA,1,3644001
tmaR_predicted,12.25,210,15,CACCTAGATGTCGGACAGCC,195,3649436
tmaR_predicted,0.9375,29,15,CACCGGGTTCCACGCGACTG,14,3607586
tmaR_predicted,0.125,16,15,ATTCGGGGTCGCGTATTGAA,1,3625522
tmaR_predicted,5.4375,101,15,ATTAGGTAGTCTAGCCCGTG,86,3613877
tmaR_predicted,1.4375,37,15,ATGTTGTAACGGGTGTTGTT,22,3619513
tmaR_predicted,2.5625,55,15,ATGTAATTTGGGCATGCGGA,40,3634947
tmaR_predicted,8.625,152,15,ATGGTGAGGAGCTACAAGGG,137,3638477
tmaR_predicted,10.125,176,15,ATGGCTTATTCAAAGCGTTC,161,3627764
tmaR_predicted,1.75,42,15,ATGCTTAGTTCCAGGTTAGG,27,3626236
tmaR_predicted,5.75,106,15,ATCATTGAATGCCATTCACA,91,3639775
tmaR_predicted,1.375,36,15,ATATCTGGACTGGCCGTGGG,21,3638354
tmaR_predicted,2.9375,61,15,ATAATGTCTTTCATGACGGA,46,3614759
tmaR_predicted,1.4375,37,15,AGTCGAGTATCGAAGTCGCG,22,3644397
tmaR_predicted,3.375,68,15,AGGTCATTCGGTCTGTCCCG,53,3615304
tmaR_predicted,1.0,30,15,AGGCCGGACATTCGGGGAAA,15,3639834
tmaR_predicted,3.75,74,15,AGGCACCCAGGTACCTGAGT,59,3631916
tmaR_predicted,0.4375,21,15,AGCATACCACGAAAATTCTA,6,3640324
tmaR_predicted,0.25,18,15,AGCAGCGCCAGGCTTCGGTA,3,3619455
tmaR_predicted,0.125,16,15,ACTTGAAGGATATGGACGTC,1,3642975
tmaR_predicted,9.0625,159,15,ACTGCGGCCTTGTAAGCGAT,144,3626316
tmaR_predicted,10.9375,189,15,ACGACCGGCAAATCCTCCAT,174,3623719
tmaR_predicted,3.1875,65,15,ACCAATTCCGAGGCTCATGC,50,3611891
tmaR_predicted,5.5,102,15,ACATACCCATGTAGTTGTAA,87,3642958
tmaR_predicted,0.5625,23,15,AATTACATCCCTACGGCGAG,8,3646883
tmaR_predicted,7.25,130,15,AATACCCTGTAAAAGTCATG,115,3622049
tmaR_predicted,0.125,16,15,AAGTGGGCGTTCTGTCGTTT,1,3636204
tmaR_predicted,6.0,110,15,AAGTCGATCCGGAAATGCCT,95,3626108
tmaR_predicted,0.125,16,15,AAGATCCTCCTTGCTTGATA,1,3637268
tmaR_predicted,1.4375,37,15,AACTAAGATCCTTTTTACTG,22,3624603
tmaR_predicted,0.125,16,15,AAAGCCATAGGTGATTAGGG,1,3639359
tmaR_predicted,4.5,86,15,AAACGACAAAGGGGCCGTCG,71,3647271
tmaR_predicted,0.13333333333333333,15,14,TTTTCTCCAACATGAAGCAG,1,3623042
tmaR_predicted,0.13333333333333333,15,14,TTTTAGCCGTTCATCAAGAA,1,3639864
tmaR_predicted,0.13333333333333333,15,14,TTTGCGCCGGTAGCCTGCTA,1,3643831
tmaR_predicted,2.2666666666666666,47,14,TTTGCCTTATGGTGAGTCGT,33,3612797
tmaR_predicted,3.8,70,14,TTTAGCGCCTCCGCGCCGGA,56,3634079
tmaR_predicted,0.6666666666666666,23,14,TTTAAGATCACTTTCATGTT,9,3628284
tmaR_predicted,0.9333333333333333,27,14,TGTGAGATCCGTTGTAGAGT,13,3647634
tmaR_predicted,1.4,34,14,TGTCCTTTGATAGCTACAGC,20,3632167
tmaR_predicted,0.8666666666666667,26,14,TGGTACGGCTTCATCTAGGT,12,3619528
tmaR_predicted,0.13333333333333333,15,14,TGGAGTTCTATAGAAGCCCT,1,3638086
tmaR_predicted,0.2,16,14,TGCGCACGAATGTCTTCATC,2,3635533
tmaR_predicted,3.933333333333333,72,14,TGCCTTGGGAGGTGAACGTA,58,3648831
tmaR_predicted,2.2666666666666666,47,14,TGCAGCAACAACCTTAGGCA,33,3621952
tmaR_predicted,0.13333333333333333,15,14,TGCACTTTAATAGCCTATAT,1,3620173
tmaR_predicted,1.7333333333333334,39,14,TGAGGAATATTTATCTACGA,25,3615080
tmaR_predicted,20.0,313,14,TGAGAGGGACGCACTCGCTT,299,3636864
tmaR_predicted,6.466666666666667,110,14,TGACTGGTACCGGTGCGGAA,96,3628152
tmaR_predicted,2.466666666666667,50,14,TGACAGTATCTTATGCTCCT,36,3647075
tmaR_predicted,0.26666666666666666,17,14,TCTCGCGGCAGGACCCCAAA,3,3647885
tmaR_predicted,0.3333333333333333,18,14,TCTCCCGACACAACGCTCTT,4,3638864
tmaR_predicted,5.533333333333333,96,14,TCGTTCCGCCATGTGTGAGC,82,3648359
tmaR_predicted,5.666666666666667,98,14,TCGGTGAATCGCTCCTCGGG,84,3604290
tmaR_predicted,2.4,49,14,TCGCGACGATCATGACTATC,35,3639892
tmaR_predicted,2.466666666666667,50,14,TCCTAGGTCCGTTTCTGGCT,36,3621085
tmaR_predicted,0.13333333333333333,15,14,TCCATTGGTCATCAAAGTAT,1,3606153
tmaR_predicted,0.13333333333333333,15,14,TCATTGCATAGTCGGCGCGC,1,3643918
tmaR_predicted,0.13333333333333333,15,14,TATCTATCATGATGGTAACG,1,3625919
tmaR_predicted,0.6666666666666666,23,14,TAGCTAGTAGTGCTGCTGGG,9,3620209
tmaR_predicted,0.6666666666666666,23,14,TAATTCGATGATGCTTACCT,9,3619171
tmaR_predicted,3.0,58,14,TAACGAGCTTGTAGTAAACA,44,3624817
tmaR_predicted,5.933333333333334,102,14,TAACAACGCAGTCGTGTTAA,88,3628952
tmaR_predicted,1.2,31,14,GTTATACTCTTAAGTCGCTA,17,3634038
tmaR_predicted,1.1333333333333333,30,14,GTGGATTCGGTGGTGCCCAC,16,3627048
tmaR_predicted,0.3333333333333333,18,14,GTCGTGTTGGTGAGGGAACC,4,3615727
tmaR_predicted,4.4,79,14,GTCGATGCATTTACGCATGT,65,3614273
tmaR_predicted,6.2,106,14,GGTTTACGACGTGTCCACGG,92,3644873
tmaR_predicted,4.533333333333333,81,14,GGGTCGCACCGTGGCTATAC,67,3634281
tmaR_predicted,4.466666666666667,80,14,GGGAGTCTGGACATGGTGCC,66,3649208
tmaR_predicted,0.2,16,14,GGCCCCTACGTCGGAATACT,2,3610744
tmaR_predicted,3.466666666666667,65,14,GGCCACCCAACTACTCCCGG,51,3630262
tmaR_predicted,4.6,82,14,GGATCCGATCCATCCCTCGG,68,3645555
tmaR_predicted,3.8,70,14,GGATACACTAGCTGCGGCGT,56,3633019
tmaR_predicted,2.933333333333333,57,14,GGAGTATAAAGTCGAGGATG,43,3634201
tmaR_predicted,0.13333333333333333,15,14,GCGCTACGTATACCCATGTT,1,3622812
tmaR_predicted,3.0,58,14,GCCTCTCTATACATGTGACT,44,3637161
tmaR_predicted,0.26666666666666666,17,14,GCCGGTCCTTCCCCGGTATC,3,3639942
tmaR_predicted,2.2666666666666666,47,14,GCATGTTAAATTAGGATTGT,33,3629516
tmaR_predicted,0.4666666666666667,20,14,GCAGTTTATTCTAGCCCCGC,6,3622431
tmaR_predicted,0.8,25,14,GCAACGCCCGTAAACAGAAT,11,3624878
tmaR_predicted,3.6666666666666665,68,14,GATATGAGCTTCGATGGCAA,54,3637180
tmaR_predicted,0.13333333333333333,15,14,GAGTATCGGCCATCCCCAAT,1,3619787
tmaR_predicted,0.13333333333333333,15,14,GAGGGCTGGCGTCTGCGTAT,1,3635599
tmaR_predicted,0.8,25,14,GAGCATTTACATGAACCCAT,11,3614989
tmaR_predicted,0.2,16,14,GACATTGGGGGCAGCAACGT,2,3621146
tmaR_predicted,1.4666666666666666,35,14,GAACGTTCTGGCCCTTCTAA,21,3604891
tmaR_predicted,0.13333333333333333,15,14,CTTATGGGCGAATTGGTCAT,1,3623909
tmaR_predicted,3.3333333333333335,63,14,CTTATCGATGGCTTAACGTG,49,3648275
tmaR_predicted,0.13333333333333333,15,14,CTTAACGGTCGGGATGCCTA,1,3634607
tmaR_predicted,6.533333333333333,111,14,CTGTTTGACCCCGGTGGCCT,97,3635146
tmaR_predicted,3.8666666666666667,71,14,CTGGGGACCAGGCATGTATA,57,3621321
tmaR_predicted,7.0,118,14,CTGCGTTGGGTTAGAACTGT,104,3627175
tmaR_predicted,0.5333333333333333,21,14,CTCCATGCTAGGCTGAGATT,7,3636781
tmaR_predicted,0.13333333333333333,15,14,CTATATTAAGCGGCCAGGGT,1,3638412
tmaR_predicted,2.6,52,14,CTACGCGCGAGGGAATTGGT,38,3649276
tmaR_predicted,0.2,16,14,CGGTCCAGATGAACTCACCA,2,3644468
tmaR_predicted,2.466666666666667,50,14,CGGGGCGTGGCGGTAAAATT,36,3644727
tmaR_predicted,0.13333333333333333,15,14,CGGGATCAGTATACCTGTCA,1,3607735
tmaR_predicted,1.7333333333333334,39,14,CGGCTCCTCCGTTCTGCGCT,25,3647786
tmaR_predicted,10.466666666666667,170,14,CGCTTGGAACGGAATTAAGG,156,3628864
tmaR_predicted,3.3333333333333335,63,14,CGACGGGCGAATAGAAGTCG,49,3644590
tmaR_predicted,16.6,262,14,CCTGGGCCGGGAGCAACTGC,248,3627047
tmaR_predicted,4.4,79,14,CCGGTTAATGCGAGACAAGC,65,3614909
tmaR_predicted,0.4666666666666667,20,14,CCCCTTGATGCATGGCCCGG,6,3645447
tmaR_predicted,0.13333333333333333,15,14,CCACCTCAATCCAACCTACA,1,3622976
tmaR_predicted,8.733333333333333,144,14,CCACCGTCGTGATGGAAGCT,130,3621924
tmaR_predicted,0.26666666666666666,17,14,CCAACAGCAGGTCACATAGA,3,3623942
tmaR_predicted,3.1333333333333333,60,14,CATGTTATATCTAGCATGCC,46,3610956
tmaR_predicted,0.13333333333333333,15,14,CATCGATGTACAATGGAAAA,1,3629233
tmaR_predicted,3.466666666666667,65,14,CAGGTTCGATCATCGGCCCC,51,3608531
tmaR_predicted,3.4,64,14,CAGGACTTGATCGGCGCCGT,50,3606164
tmaR_predicted,0.4,19,14,CAGAAGATTCAGGTCGCCAT,5,3639578
tmaR_predicted,4.4,79,14,ATTTAAACACTGCCGCTCGA,65,3626599
tmaR_predicted,0.3333333333333333,18,14,ATTGTTAATCCCCCAGGGCT,4,3610850
tmaR_predicted,3.6,67,14,ATTGGATGGCCGCTTGCGAT,53,3636664
tmaR_predicted,0.13333333333333333,15,14,ATTGGACATTAGGGTTTTTC,1,3614536
tmaR_predicted,4.533333333333333,81,14,ATGGTTGCACACAGGTACAG,67,3616896
tmaR_predicted,0.2,16,14,ATGGCCGGGCGTCGGCCACA,2,3641842
tmaR_predicted,0.26666666666666666,17,14,ATGGAGACCTGAATTTGCGA,3,3614605
tmaR_predicted,1.6666666666666667,38,14,ATGAATCGACAAGCGAGAGA,24,3611318
tmaR_predicted,1.5333333333333334,36,14,ATCGTTGAGCGGATGAGTAA,22,3641636
tmaR_predicted,7.266666666666667,122,14,ATAACAGCGCAAAGAGAGCT,108,3615254
tmaR_predicted,1.7333333333333334,39,14,ATAAAACGTACAATGCAAGC,25,3610877
tmaR_predicted,0.13333333333333333,15,14,AGAATATCTTATGAAGCTAC,1,3624224
tmaR_predicted,0.2,16,14,ACTGCGGGGATATGTAGAAA,2,3612593
tmaR_predicted,0.2,16,14,ACTAAGCACGGAAAAAGTCC,2,3614405
tmaR_predicted,10.0,163,14,ACGGGGATGGAGCATCTCTC,149,3637219
tmaR_predicted,0.13333333333333333,15,14,ACGCCAGCGGCTATATACTG,1,3612558
tmaR_predicted,2.4,49,14,ACCAGCGGCGTCTTCAGATC,35,3608040
tmaR_predicted,0.8,25,14,AATTAGTTGAGCTACCTTAA,11,3628897
tmaR_predicted,4.8,85,14,AAGGGTACTTAATCCGGGTA,71,3631649
tmaR_predicted,9.333333333333334,153,14,AACTCTACAAATCACCCGTA,139,3645537
tmaR_predicted,0.13333333333333333,15,14,AAATCTATCGGGAACGTAGG,1,3620559
tmaR_predicted,3.6,67,14,AAAATTGCAAGGAGGCCCAG,53,3640318
tmaR_predicted,0.21428571428571427,15,13,TTTTTTCTGTCCCGGCTTAT,2,3623962
tmaR_predicted,0.14285714285714285,14,13,TTTGCAATATGGTAATGTGA,1,3638059
tmaR_predicted,3.642857142857143,63,13,TTTCACATCCAGGCAATAAA,50,3617371
tmaR_predicted,5.714285714285714,92,13,TTTATAACCTTATGCGACCT,79,3606502
tmaR_predicted,0.14285714285714285,14,13,TTGACGAGCGCATGCAAACA,1,3610244
tmaR_predicted,1.1428571428571428,28,13,TTCCTCTATTTCCTATAATC,15,3610508
tmaR_predicted,0.14285714285714285,14,13,TTACAGTTCGGAGTTTTGGC,1,3610816
tmaR_predicted,3.0,54,13,TTACAGCTCCCCGCCGTGGG,41,3615450
tmaR_predicted,4.214285714285714,71,13,TGTGGATAGTCACTGGTGTG,58,3619001
tmaR_predicted,2.0714285714285716,41,13,TGTGCATTTCTTTCCTGGCG,28,3645654
tmaR_predicted,1.3571428571428572,31,13,TGTCTTGTAAGGGAACTCTC,18,3607016
tmaR_predicted,8.285714285714286,128,13,TGGGTACTCAATCGCGGGAA,115,3649299
tmaR_predicted,0.14285714285714285,14,13,TGGGCTCCAGGCCTAATAAT,1,3623632
tmaR_predicted,3.4285714285714284,60,13,TGACTGGATTTTATACCGCG,47,3648446
tmaR_predicted,0.2857142857142857,16,13,TGACCGGGTGTCCTATCAAA,3,3641528
tmaR_predicted,4.928571428571429,81,13,TGACACGTATCCGATGAGCT,68,3641857
tmaR_predicted,6.285714285714286,100,13,TCTTGATTCGTTGCAAAACT,87,3615508
tmaR_predicted,13.214285714285714,197,13,TCTTACACTGCGTCCACTAA,184,3633547
tmaR_predicted,2.5714285714285716,48,13,TCTCAAACGTCCCTAATTTT,35,3648108
tmaR_predicted,22.571428571428573,328,13,TCGGCGAGGATGGACTCGTG,315,3623529
tmaR_predicted,6.214285714285714,99,13,TCGAAATAATCGGCATTAGC,86,3623771
tmaR_predicted,0.42857142857142855,18,13,TCCTTTCCGCAGTCGCCCCC,5,3630670
tmaR_predicted,3.0714285714285716,55,13,TCCACTGTCCGAGACTCAGT,42,3624220
tmaR_predicted,5.214285714285714,85,13,TCATCCTCGAGGTGGCATGC,72,3608553
tmaR_predicted,0.14285714285714285,14,13,TAGCATCCAATAGCACGTCT,1,3606921
tmaR_predicted,0.35714285714285715,17,13,TACCGTGAGTATCCAGAATC,4,3645525
tmaR_predicted,7.857142857142857,122,13,TAATGTGTTGTGTGCTCTTG,109,3631604
tmaR_predicted,4.642857142857143,77,13,TAACCAAGGCAGGACCGCGA,64,3635933
tmaR_predicted,2.5,47,13,GTCCGCCCTGGGCGTACAAC,34,3629974
tmaR_predicted,4.642857142857143,77,13,GTCAGTTTTTCGGTGACTCA,64,3605098
tmaR_predicted,0.21428571428571427,15,13,GTAAGCGCATGAATTGGCTA,2,3648499
tmaR_predicted,6.5,103,13,GGTGGATCGATCAAGCTTAT,90,3635692
tmaR_predicted,0.2857142857142857,16,13,GGGTCCAACGGCTAGAAACC,3,3639135
tmaR_predicted,6.428571428571429,102,13,GGGAGACACGGCCTGTTTAG,89,3619035
tmaR_predicted,13.285714285714286,198,13,GGGAAGAGACGCCTAATCAA,185,3649022
tmaR_predicted,5.785714285714286,93,13,GGGAACCTTAAACGGGTATC,80,3633009
tmaR_predicted,14.142857142857142,210,13,GGATTTAATCGCGACAATCT,197,3619594
tmaR_predicted,0.14285714285714285,14,13,GGATCGTCCACACGAGCGGC,1,3637507
tmaR_predicted,0.14285714285714285,14,13,GGACGCATAGGCTTGTTAGT,1,3647206
tmaR_predicted,6.428571428571429,102,13,GGAAACACCAGCCTACTCGT,89,3638826
tmaR_predicted,0.5714285714285714,20,13,GCTAGAGGAATCCCAGCGCA,7,3611312
tmaR_predicted,1.5714285714285714,34,13,GCGTCAGAGTTGAAGATTTT,21,3638533
tmaR_predicted,1.1428571428571428,28,13,GCGCTACAGTTCGGCATGAT,15,3610241
tmaR_predicted,0.8571428571428571,24,13,GCGCAGCCTGAGGCAGACCG,11,3622573
tmaR_predicted,0.14285714285714285,14,13,GCATATGATGATGCCGGCCA,1,3607911
tmaR_predicted,0.14285714285714285,14,13,GCAGATTTTAATAATTACGA,1,3642055
tmaR_predicted,2.5,47,13,GCACGCACTGAGCCGATGGT,34,3618380
tmaR_predicted,1.2857142857142858,30,13,GATTGGTCAGTAGGGGTAAA,17,3605090
tmaR_predicted,9.142857142857142,140,13,GATTAGGAACAGCCGATTGA,127,3617101
tmaR_predicted,3.0714285714285716,55,13,GATGTGCTAGTCGTATTGGA,42,3624271
tmaR_predicted,6.357142857142857,101,13,GATCGGTATTACGAAATATA,88,3614991
tmaR_predicted,0.14285714285714285,14,13,GACTCGTCCCGGTCGAACTA,1,3633097
tmaR_predicted,2.857142857142857,52,13,GAACGGATCGGGAGTGATTA,39,3616980
tmaR_predicted,0.14285714285714285,14,13,GAAATGCCTGGAGAGCCCTG,1,3609394
tmaR_predicted,0.14285714285714285,14,13,GAAACTCCTGCTATCGCCAG,1,3626711
tmaR_predicted,0.14285714285714285,14,13,CTTTAACTTGGCTCTGAGGG,1,3617787
tmaR_predicted,13.071428571428571,195,13,CTTATTGCCCCGCGCGGCCC,182,3610377
tmaR_predicted,0.14285714285714285,14,13,CTTAAGTCGCCGCGGACCTG,1,3613089
tmaR_predicted,0.14285714285714285,14,13,CTGTCTGACAGTCCGGCGCC,1,3613255
tmaR_predicted,2.357142857142857,45,13,CTGGCTTGGACGTTCCCCGT,32,3637078
tmaR_predicted,8.571428571428571,132,13,CTCCCATAACACACCACGTT,119,3630220
tmaR_predicted,21.714285714285715,316,13,CTCCAACCGTTTCTGCTTAA,303,3647749
tmaR_predicted,0.35714285714285715,17,13,CGGTTATCTACGCGGGTGAC,4,3640928
tmaR_predicted,4.357142857142857,73,13,CGGGTCGCCGGAACGTTGCT,60,3605413
tmaR_predicted,6.0,96,13,CGCCTAAAAAAGGACGGCGA,83,3636891
tmaR_predicted,0.5714285714285714,20,13,CGAAGGTAGAATTGTCGAGT,7,3645123
tmaR_predicted,0.14285714285714285,14,13,CCTAGCGTACTCTATCAGCT,1,3620895
tmaR_predicted,8.428571428571429,130,13,CCTACAGGGTTTGGGGTTTA,117,3619527
tmaR_predicted,2.5,47,13,CCGTTTGAAAAACACAATCC,34,3637853
tmaR_predicted,0.14285714285714285,14,13,CCGTGATATGTGTGCAATCA,1,3608082
tmaR_predicted,13.857142857142858,206,13,CCGGTCCACCCACGAGAAGG,193,3634249
tmaR_predicted,0.21428571428571427,15,13,CCGCGTAGGGCGTCCTCTTC,2,3612619
tmaR_predicted,0.5,19,13,CCCGGCACTCAAACAGTTTC,6,3637489
tmaR_predicted,6.285714285714286,100,13,CCCGCAGCCACTGGGGCTAC,87,3619924
tmaR_predicted,2.7142857142857144,50,13,CCCCCGGAAAGCGCCAACAC,37,3636189
tmaR_predicted,8.285714285714286,128,13,CCCACTGGCTGGCACTGAGC,115,3617093
tmaR_predicted,14.785714285714286,219,13,CCAGCTGGCCTCTCGATTCA,206,3604537
tmaR_predicted,7.642857142857143,119,13,CCAAGGACACGGATCGCAAA,106,3634920
tmaR_predicted,46.642857142857146,665,13,CATCATCGGTGGATGCCTCA,652,3642559
tmaR_predicted,8.071428571428571,125,13,CAGTCAACGCATAGTACCCG,112,3618605
tmaR_predicted,2.2857142857142856,44,13,CAGAGGGTCAGACGTACATA,31,3646195
tmaR_predicted,1.5,33,13,CAGACGTTGCGTAACCTCCT,20,3639411
tmaR_predicted,1.3571428571428572,31,13,CAGAATTATATTGGCTTGTA,18,3612384
tmaR_predicted,0.14285714285714285,14,13,CACCTCGGGGGCGGACTAAA,1,3648796
tmaR_predicted,5.285714285714286,86,13,CACCATCTATGATTGGGCGG,73,3633780
tmaR_predicted,3.0,54,13,CAATCATTGTCACCCGCGTG,41,3623399
tmaR_predicted,2.2857142857142856,44,13,ATTTCCTTCTAGTACCCTGA,31,3609855
tmaR_predicted,48.07142857142857,685,13,ATTAGGCACAGGAAGGGCGT,672,3642545
tmaR_predicted,8.5,131,13,ATGTCGTTTCGCACAACTAG,118,3611721
tmaR_predicted,15.357142857142858,227,13,ATCGCGCGCATACTCGGAGT,214,3643072
tmaR_predicted,0.21428571428571427,15,13,ATCAACCATTATGGCGATCT,2,3641185
tmaR_predicted,1.3571428571428572,31,13,ATAGCCTAGTCTATTCGCGC,18,3629988
tmaR_predicted,4.357142857142857,73,13,ATAGATGTTTCTATAGCGGT,60,3605607
tmaR_predicted,2.142857142857143,42,13,AGTGAACTCAAGGTTATGCT,29,3631153
tmaR_predicted,0.14285714285714285,14,13,AGGTACACCTGACCGCTGAA,1,3650384
tmaR_predicted,45.5,649,13,AGGCAGCGCCGGATCATCGG,636,3631545
tmaR_predicted,13.928571428571429,207,13,AGGAAGCAACTCCAGAGGGT,194,3619514
tmaR_predicted,4.142857142857143,70,13,AGCACGCAACGGACCCGGGT,57,3648065
tmaR_predicted,0.14285714285714285,14,13,ACTGTTTAAGATCCCATGTC,1,3626609
tmaR_predicted,0.14285714285714285,14,13,ACTGTTCGCACCGCGCCAAT,1,3611950
tmaR_predicted,0.14285714285714285,14,13,ACTCTTGTGTAGATGGCCTA,1,3611383
tmaR_predicted,2.857142857142857,52,13,ACGTTCCACAGGACTTCCGG,39,3614930
tmaR_predicted,5.214285714285714,85,13,ACGGGGCGCCTTGTCCCTCG,72,3626570
tmaR_predicted,1.2857142857142858,30,13,AATGCGGCCATATACAGGAG,17,3645435
tmaR_predicted,7.857142857142857,122,13,AATGCGCGGTAGAAATAGCC,109,3604452
tmaR_predicted,5.142857142857143,84,13,AAGTTCTACGGCCAGGTTCG,71,3619603
tmaR_predicted,7.285714285714286,114,13,AAGCCAAGCACTCGTGTACA,101,3612752
tmaR_predicted,0.14285714285714285,14,13,AACCGGGACGTATTCCGACA,1,3641475
tmaR_predicted,0.14285714285714285,14,13,AACACACGTGGCATTTAATC,1,3634035
tmaR_predicted,5.0,82,13,AAATTGCGAGGACAACGTGT,69,3639886
tmaR_predicted,0.14285714285714285,14,13,AAATTCGTCACATTCAGAGA,1,3611211
tmaR_predicted,2.2142857142857144,43,13,AAAATGCCGACATTTTGCAT,30,3612131
tmaR_predicted,4.153846153846154,65,12,TTTCAGCCTAATACGTTGTG,53,3648388
tmaR_predicted,4.538461538461538,70,12,TTTAATTCAAAGACTTTCTT,58,3629411
tmaR_predicted,2.076923076923077,38,12,TTGTCAGGCGGGGGCGTATA,26,3605532
tmaR_predicted,3.230769230769231,53,12,TTGGTATTTGACTTAGCTTT,41,3620498
tmaR_predicted,0.15384615384615385,13,12,TTGCGTGAGAAATGGGACTA,1,3612767
tmaR_predicted,5.384615384615385,81,12,TTGAGACTATGGCGTCGAGT,69,3625767
tmaR_predicted,3.230769230769231,53,12,TTCCCGAACGGGGCACTTAG,41,3615418
tmaR_predicted,2.923076923076923,49,12,TTCCACCTAGCACCCCATAC,37,3610727
tmaR_predicted,6.846153846153846,100,12,TTATTGGGCTATACGTGAGG,88,3613549
tmaR_predicted,4.153846153846154,65,12,TTAGCACTGACTACTACGTT,53,3647106
tmaR_predicted,0.15384615384615385,13,12,TGTTGAGCTGAGGATGTATT,1,3627760
tmaR_predicted,1.8461538461538463,35,12,TGTTCTATGGTGGACCTTCG,23,3628175
tmaR_predicted,3.3076923076923075,54,12,TGTCCAACTAGCATGAAGCA,42,3604283
tmaR_predicted,5.384615384615385,81,12,TGGTGCGATTAATCGTGTTA,69,3625020
tmaR_predicted,5.846153846153846,87,12,TGGCGGGCTGTCGTTGTTTC,75,3639520
tmaR_predicted,5.153846153846154,78,12,TGGACCGACACGAAGCTATT,66,3625177
tmaR_predicted,0.6153846153846154,19,12,TGCCCATCATTCTTTCAGGT,7,3605496
tmaR_predicted,0.7692307692307693,21,12,TGAACAGCCGTGTCAACGTT,9,3607774
tmaR_predicted,4.461538461538462,69,12,TCGGTTCCTCGCCGTCCGTT,57,3644069
tmaR_predicted,0.38461538461538464,16,12,TCGCAGGAGACAAAGTAGCA,4,3633007
tmaR_predicted,2.769230769230769,47,12,TCCTAGCTAGTGCGAATCCA,35,3631345
tmaR_predicted,13.0,180,12,TCCCAAAGGACCCCCTTATA,168,3635964
tmaR_predicted,4.6923076923076925,72,12,TCATTGATCGGTGCCACGTA,60,3619717
tmaR_predicted,3.4615384615384617,56,12,TCAGCGTTAGACCGATTGTC,44,3644495
tmaR_predicted,1.2307692307692308,27,12,TATCCAAGTTAGGGTTACTT,15,3640224
tmaR_predicted,1.9230769230769231,36,12,TAGGGTTTTCCCCATCACAC,24,3628479
tmaR_predicted,3.6923076923076925,59,12,TAGCGCACGGGATCCGTAGT,47,3620294
tmaR_predicted,1.7692307692307692,34,12,TACTTTTCACCTCGTTGGAC,22,3621020
tmaR_predicted,1.7692307692307692,34,12,GTTATGTCGGCTCGGGATTA,22,3608044
tmaR_predicted,4.384615384615385,68,12,GTGAAATATCTGTGCGAGGA,56,3608185
tmaR_predicted,0.15384615384615385,13,12,GTCGAACAATATCCAGGTTG,1,3629864
tmaR_predicted,0.15384615384615385,13,12,GTAATGGCGCAGGTCAACAG,1,3614490
tmaR_predicted,5.384615384615385,81,12,GGTTTATATCCACATAGCAT,69,3619399
tmaR_predicted,2.5384615384615383,44,12,GGTTGGCTCGTGTTGATGTT,32,3620334
tmaR_predicted,0.5384615384615384,18,12,GGTTCAGCTCGGGTGCGAGC,6,3628524
tmaR_predicted,0.15384615384615385,13,12,GGGTTGCATCGTAGGGGGGT,1,3645109
tmaR_predicted,7.846153846153846,113,12,GGGGACAGGCGTTGAGTCTA,101,3604720
tmaR_predicted,3.6153846153846154,58,12,GGGCTAGTTAAAGACAACAC,46,3640808
tmaR_predicted,0.23076923076923078,14,12,GGCGTGCTTCACCCAAAGTA,2,3632846
tmaR_predicted,4.3076923076923075,67,12,GGCCCCGTTGATGCCCGATT,55,3624223
tmaR_predicted,1.7692307692307692,34,12,GGCCAATTTTGTTTGTACTA,22,3613214
tmaR_predicted,6.076923076923077,90,12,GGAGGGAACTCCCCGGCCGG,78,3632637
tmaR_predicted,0.23076923076923078,14,12,GGAAACAACCTGGTGGACAA,2,3607599
tmaR_predicted,0.15384615384615385,13,12,GCTTGCGGAGACACTTGCAA,1,3632652
tmaR_predicted,5.230769230769231,79,12,GCTACTCGGGAGGCTAGGCT,67,3612134
tmaR_predicted,0.15384615384615385,13,12,GCGTTCAATGTTTAAGATAC,1,3617699
tmaR_predicted,2.6923076923076925,46,12,GCCAGATGCAAGAGCGCACT,34,3611713
tmaR_predicted,1.5384615384615385,31,12,GCATTGTCCACATGAGATCA,19,3623395
tmaR_predicted,0.15384615384615385,13,12,GCACCGCTAATTGCCTCAAC,1,3618681
tmaR_predicted,1.3846153846153846,29,12,GATCTCGACACATACGCAAA,17,3608394
tmaR_predicted,2.076923076923077,38,12,GATCAGTATACTACCGTAAC,26,3623207
tmaR_predicted,4.076923076923077,64,12,GAGTGATCAATTAGTGCAGG,52,3637178
tmaR_predicted,2.4615384615384617,43,12,GAGTAAAGAGATACATTATT,31,3624592
tmaR_predicted,0.15384615384615385,13,12,GAGCGTAGGCGAATAGTGCC,1,3649873
tmaR_predicted,4.153846153846154,65,12,GACTGTGGTGGAGTTATCGT,53,3640541
tmaR_predicted,2.1538461538461537,39,12,GACCTTCATGCCATCCATAA,27,3615869
tmaR_predicted,3.769230769230769,60,12,CTTCTCGGGGGTCTAGAGCT,48,3614411
tmaR_predicted,2.4615384615384617,43,12,CTGTATAAGCCTCGTGCGCT,31,3635142
tmaR_predicted,31.153846153846153,416,12,CTCCTTCGTCGATAGACCAA,404,3643103
tmaR_predicted,0.23076923076923078,14,12,CTATGTTTCTCGCGTGGACT,2,3611995
tmaR_predicted,5.615384615384615,84,12,CGTGACCTGAGGAGTCAGAT,72,3638028
tmaR_predicted,7.0,102,12,CGTAACTAGGCGAGCGAAGT,90,3631054
tmaR_predicted,3.6923076923076925,59,12,CGGGATTTTATCCCATTATT,47,3648063
tmaR_predicted,2.4615384615384617,43,12,CGGGAGTCCTAACCAAATTC,31,3634580
tmaR_predicted,0.15384615384615385,13,12,CGGCTATGCAGATCTGCCAG,1,3615856
tmaR_predicted,8.538461538461538,122,12,CGCGCTTAGATTCGAACGAT,110,3609043
tmaR_predicted,0.15384615384615385,13,12,CGCGAGAATCCTCCCACCAC,1,3634895
tmaR_predicted,1.5384615384615385,31,12,CGCCTATCCCTCTTCCAATT,19,3619085
tmaR_predicted,6.3076923076923075,93,12,CGAGTCTGCTGAGTATCGGA,81,3619679
tmaR_predicted,28.153846153846153,377,12,CCTCTCAGATTTTTGTTAAC,365,3644812
tmaR_predicted,0.15384615384615385,13,12,CCGCGTTCAAGAATGCTAAG,1,3640033
tmaR_predicted,0.46153846153846156,17,12,CCGCGCTCTGTTTGCGGAAC,5,3633045
tmaR_predicted,0.15384615384615385,13,12,CCCCTCTCCGACGCGGCGGA,1,3642834
tmaR_predicted,4.153846153846154,65,12,CCAGGTCTTAGGGAGCTTTC,53,3627033
tmaR_predicted,1.7692307692307692,34,12,CCACTGGGACTGTGATTATA,22,3644009
tmaR_predicted,0.15384615384615385,13,12,CCACTCTTGCTTTACTTTAA,1,3609878
tmaR_predicted,4.615384615384615,71,12,CAGCCTTTTTGAGCGGTATA,59,3614847
tmaR_predicted,11.076923076923077,155,12,CAGACTGGCCAGATAGCTCA,143,3642544
tmaR_predicted,8.0,115,12,ATTTGTGAACCGGCATTAGC,103,3648453
tmaR_predicted,2.1538461538461537,39,12,ATTCTTTAAGTGGCATACTC,27,3628072
tmaR_predicted,0.15384615384615385,13,12,ATGTCGCAGCACCAACATAG,1,3639366
tmaR_predicted,0.38461538461538464,16,12,ATGGCGACGGCCACTATGCG,4,3620222
tmaR_predicted,0.15384615384615385,13,12,ATCTGGGCCTTCTGCAATTT,1,3620955
tmaR_predicted,7.769230769230769,112,12,ATCCATACCGCTCCGACCGG,100,3643197
tmaR_predicted,0.15384615384615385,13,12,ATCCAGGCCTACGTCCTTTA,1,3637494
tmaR_predicted,7.230769230769231,105,12,ATCAAGGACAGGTCTTAGAC,93,3631216
tmaR_predicted,4.461538461538462,69,12,ATATCGCAAACACAACATGG,57,3621741
tmaR_predicted,2.0,37,12,ATAGACGTAAGAGGTTCCCC,25,3617993
tmaR_predicted,0.15384615384615385,13,12,AGGGTCATTGCGGGGCCAAC,1,3605381
tmaR_predicted,2.3846153846153846,42,12,AGCCGTACGCCTAAATTCCA,30,3606497
tmaR_predicted,0.15384615384615385,13,12,AGCATATCTTAAATAAGCAG,1,3607075
tmaR_predicted,3.230769230769231,53,12,AGATATCAATCCACATCTGA,41,3643896
tmaR_predicted,2.6153846153846154,45,12,AGACTGTGTGCACGATGCTT,33,3618493
tmaR_predicted,3.3076923076923075,54,12,AGAAGGTCCCGACAGTCCGG,42,3625193
tmaR_predicted,4.461538461538462,69,12,ACTTAATACTATCGTTAGTT,57,3635534
tmaR_predicted,0.15384615384615385,13,12,ACGCCTTGGCCATCGTACGT,1,3616987
tmaR_predicted,0.15384615384615385,13,12,ACGAATGGCCCGCCGATCTG,1,3614038
tmaR_predicted,6.076923076923077,90,12,ACAGTTGTTGTTAAGCAGAA,78,3628910
tmaR_predicted,2.8461538461538463,48,12,AATGTGAACCCGGAGCATTA,36,3644066
tmaR_predicted,2.1538461538461537,39,12,AATCAGATTCAAGTCTCATA,27,3627782
tmaR_predicted,0.15384615384615385,13,12,AACCGGTCCCAAGGCAGGAA,1,3617105
tmaR_predicted,3.6153846153846154,58,12,AACCAGAGGGTAATCTCGAT,46,3621096
tmaR_predicted,0.38461538461538464,16,12,AAATGTCTAAAGCGAAGGGT,4,3637641
tmaR_predicted,16.416666666666668,207,11,TTTGGCCCTCTCATATAGAA,196,3646727
tmaR_predicted,0.4166666666666667,15,11,TTTGAGGTTCGTTTCCTGTA,4,3626841
tmaR_predicted,5.75,79,11,TTGGATCATTGTGACTCATG,68,3642467
tmaR_predicted,3.4166666666666665,51,11,TTCTATACTTCGCGCTACAT,40,3631356
tmaR_predicted,0.16666666666666666,12,11,TTAGATTCAGATCGGCCCCC,1,3619313
tmaR_predicted,3.6666666666666665,54,11,TGTTGGCGCACATTGCCTTT,43,3649680
tmaR_predicted,2.0,34,11,TGGTCTAAAAAGCACCGGAA,23,3641664
tmaR_predicted,0.5,16,11,TGGCACTGGACGTACTGTCA,5,3616846
tmaR_predicted,1.4166666666666667,27,11,TGCCGATACGTGATGTGCTC,16,3617154
tmaR_predicted,0.16666666666666666,12,11,TGATCCTATTCGCGAGACAT,1,3615810
tmaR_predicted,0.25,13,11,TGACCAACTACATGCGGAAG,2,3614726
tmaR_predicted,0.75,19,11,TGAATGGAACATTACAGTAC,8,3630669
tmaR_predicted,0.16666666666666666,12,11,TCTGGTTAAGGGAGTTTACT,1,3645513
tmaR_predicted,3.0,46,11,TCTGCTCGGTGGACCCGGCG,35,3627483
tmaR_predicted,0.4166666666666667,15,11,TCTATCCCTTTTCACGTATA,4,3608800
tmaR_predicted,0.16666666666666666,12,11,TCGGACGGATCCAGTGGGTA,1,3615899
tmaR_predicted,1.3333333333333333,26,11,TCGATGAGCAACATAAAACT,15,3616984
tmaR_predicted,3.8333333333333335,56,11,TCGAGGGCTCCCACAAACAT,45,3640910
tmaR_predicted,8.666666666666666,114,11,TCGACTCGAGACCGAGCAAA,103,3605417
tmaR_predicted,10.666666666666666,138,11,TCGAATGCTCATTTGACTAC,127,3615362
tmaR_predicted,5.083333333333333,71,11,TCCGCCCTCGGTTCCCAGAC,60,3632745
tmaR_predicted,0.16666666666666666,12,11,TCCCAGGGGGGGTGAGTCTA,1,3611201
tmaR_predicted,5.5,76,11,TCCAGTCGAATCTCAGACTC,65,3607446
tmaR_predicted,5.083333333333333,71,11,TCCACCTGTTCATACAATGC,60,3638868
tmaR_predicted,6.25,85,11,TCATAAACCTGGCGGCGACT,74,3624728
tmaR_predicted,1.5,28,11,TCAGTCGGTGATTTTTATCA,17,3645300
tmaR_predicted,0.16666666666666666,12,11,TCAACCGTGTGATCTTCCAA,1,3611482
tmaR_predicted,6.25,85,11,TATCATCTAAGATAGGTTGT,74,3647616
tmaR_predicted,2.6666666666666665,42,11,TATAAAATAGCGCCGAGTAT,31,3616149
tmaR_predicted,3.5833333333333335,53,11,TACTCACAAGTTGACGAGCA,42,3613414
tmaR_predicted,0.16666666666666666,12,11,TACGTTGAAGGGACTTCAGA,1,3608308
tmaR_predicted,0.16666666666666666,12,11,TAAACATCTGCTTGCCTGAG,1,3622360
tmaR_predicted,0.5833333333333334,17,11,TAAACACTCCTAGACGTCAA,6,3606024
tmaR_predicted,0.16666666666666666,12,11,GTTCTGAGCTCTAGAAGGTT,1,3604992
tmaR_predicted,5.333333333333333,74,11,GTTACTACCGGCCAAGTAAA,63,3634246
tmaR_predicted,0.16666666666666666,12,11,GTGGGCGTGGCGTTTTGGCA,1,3641470
tmaR_predicted,0.16666666666666666,12,11,GTCGTTAATGCTCCCTTGAC,1,3616658
tmaR_predicted,6.75,91,11,GTCATCGGTTTGGTGTACTC,80,3620048
tmaR_predicted,2.9166666666666665,45,11,GTAGTCGATTTTGGGTATTG,34,3639043
tmaR_predicted,0.16666666666666666,12,11,GTAGGTTATGCCATCGTTGA,1,3643452
tmaR_predicted,9.916666666666666,129,11,GTACGGTACATCACGGCGCA,118,3604067
tmaR_predicted,5.166666666666667,72,11,GGTTCGGTAACATCATGGGT,61,3615132
tmaR_predicted,0.16666666666666666,12,11,GGTTAACGTTGTTATTTCCT,1,3605047
tmaR_predicted,11.333333333333334,146,11,GGGAACTACTCTTTGATCAG,135,3627341
tmaR_predicted,4.583333333333333,65,11,GGCCCATATAATCGGCTGAA,54,3629986
tmaR_predicted,5.666666666666667,78,11,GGCATGAGTTAATTTAGCAA,67,3607802
tmaR_predicted,0.25,13,11,GGACCACTCGGTCTAGTGTT,2,3635541
tmaR_predicted,6.25,85,11,GCTTCCGTATTTTTTACTCT,74,3622456
tmaR_predicted,1.0833333333333333,23,11,GCTGCAAACTGGCAATATGA,12,3644152
tmaR_predicted,6.75,91,11,GCTATTTCCCCGCAGTAGCG,80,3621736
tmaR_predicted,0.16666666666666666,12,11,GCGTACGACGCGGATGAATT,1,3644977
tmaR_predicted,4.166666666666667,60,11,GCGTACCGTGAGGGAAGCAT,49,3636184
tmaR_predicted,2.5,40,11,GCCTCATGTCTCCACACGCA,29,3635716
tmaR_predicted,4.166666666666667,60,11,GATTGCTTAAACCTGTTGTT,49,3615765
tmaR_predicted,0.5833333333333334,17,11,GATACTGGGGTCTTGGGACG,6,3626228
tmaR_predicted,0.25,13,11,GAGAGCTCATGCCGGGAACA,2,3619360
tmaR_predicted,0.16666666666666666,12,11,GAAGATTAGGTGAGACACCC,1,3645321
tmaR_predicted,0.16666666666666666,12,11,GAAACAAACCTTCCGCCCCA,1,3640121
tmaR_predicted,5.0,70,11,CTTTCGACATCTGATGAGGG,59,3607587
tmaR_predicted,0.16666666666666666,12,11,CTTGGCTGAGACCTAGCACG,1,3617578
tmaR_predicted,0.16666666666666666,12,11,CTGGTAAGTCCCGTGTGTAC,1,3643716
tmaR_predicted,6.833333333333333,92,11,CTGGAGCTTGGGATAATTTT,81,3639026
tmaR_predicted,13.0,166,11,CTGCATCCGTTTCCAGGGAT,155,3618000
tmaR_predicted,0.6666666666666666,18,11,CTGAGCTTTCGATACCAAGC,7,3638644
tmaR_predicted,0.16666666666666666,12,11,CTCTATAATGTTAAGTTGGA,1,3606678
tmaR_predicted,7.5,100,11,CTAGTGCAAGTCACAGCCGG,89,3623031
tmaR_predicted,0.16666666666666666,12,11,CGGTGCGCATCAAAATATAT,1,3611590
tmaR_predicted,0.16666666666666666,12,11,CGGCGCTCACCCACAGGAAT,1,3630054
tmaR_predicted,0.16666666666666666,12,11,CGCAATGTGGTAGGTTCATC,1,3611777
tmaR_predicted,0.9166666666666666,21,11,CCTTATTGCGGTAAGGGCGT,10,3634952
tmaR_predicted,2.0,34,11,CCTCCGTATCTACCGCACAC,23,3626025
tmaR_predicted,0.25,13,11,CCTCAGAGCCTTACTACATT,2,3612912
tmaR_predicted,0.3333333333333333,14,11,CCTCACGGTACCGTTGCGCT,3,3628020
tmaR_predicted,2.0,34,11,CCGCCCACACGGGAACAGGA,23,3635244
tmaR_predicted,0.16666666666666666,12,11,CCGAGTGAGTGTCGTGCACG,1,3608752
tmaR_predicted,0.5833333333333334,17,11,CCCTTGCAGAAATGTTTATT,6,3639248
tmaR_predicted,11.75,151,11,CCCCTTCCGTTGACGAGGAT,140,3604122
tmaR_predicted,0.75,19,11,CCCAGAACAGCGTTTTAGAC,8,3613704
tmaR_predicted,9.0,118,11,CCAGTCGGATTTTAAAAAAG,107,3633020
tmaR_predicted,0.16666666666666666,12,11,CATGGAGATATGCGCCAGCG,1,3615974
tmaR_predicted,0.25,13,11,CATATATAAGAAACTTCTCT,2,3649843
tmaR_predicted,4.416666666666667,63,11,CAGGGCGTAGTCGTATCGCT,52,3637646
tmaR_predicted,6.5,88,11,CACTCTCTAATGCAGTAGAC,77,3606167
tmaR_predicted,1.0,22,11,CACCTCTAGATTTGTATCTA,11,3622609
tmaR_predicted,0.16666666666666666,12,11,CACACAGGTGTGTGTTTTGC,1,3626996
tmaR_predicted,17.333333333333332,218,11,CACAACAGCTACAAAGACAT,207,3622122
tmaR_predicted,0.16666666666666666,12,11,CAACACGGTCCTAGGCAACT,1,3620281
tmaR_predicted,2.5833333333333335,41,11,ATTGGTCGGATGATGCTCTA,30,3626283
tmaR_predicted,6.666666666666667,90,11,ATTAGGTATAACAGGTAGAT,79,3629321
tmaR_predicted,12.833333333333334,164,11,ATGAGGGTCAACCAATCCTT,153,3648623
tmaR_predicted,0.25,13,11,ATCTGAGTCTCTGGGGGAGT,2,3628552
tmaR_predicted,8.333333333333334,110,11,ATAGCGCTTCTGAGGTACAA,99,3637909
tmaR_predicted,0.16666666666666666,12,11,ATAGAGAGGGACTGGGGGCG,1,3620956
tmaR_predicted,6.0,82,11,ATACTTTGAATTTCTCAAAG,71,3631213
tmaR_predicted,0.16666666666666666,12,11,ATAAGCCTCGAGCGCGAGAT,1,3630421
tmaR_predicted,7.75,103,11,ATAAATCGTTGTCGCTTTCG,92,3639766
tmaR_predicted,8.916666666666666,117,11,ATAAACGCGAGCAGGACACC,106,3620849
tmaR_predicted,0.16666666666666666,12,11,AGTCTGGACTGCTGCCGTCT,1,3621991
tmaR_predicted,0.16666666666666666,12,11,AGGCTCAGAAAACGTAGTCT,1,3615563
tmaR_predicted,1.6666666666666667,30,11,AGGATTTGCCACCACCTTTC,19,3623742
tmaR_predicted,4.416666666666667,63,11,AGCTTGTTCCTATGACGGGG,52,3624426
tmaR_predicted,4.5,64,11,AGCGGGGCGACTCCTGCGCA,53,3633827
tmaR_predicted,0.16666666666666666,12,11,AGATCGCTGGTCATGAACGT,1,3642682
tmaR_predicted,10.5,136,11,AGAATTTTGTGTGCTCGCAA,125,3650411
tmaR_predicted,3.6666666666666665,54,11,ACGGTGCTAAGCGGGGAGGA,43,3619076
tmaR_predicted,13.833333333333334,176,11,ACCGGTTCCTGGGCAACTGA,165,3642154
tmaR_predicted,4.833333333333333,68,11,ACAGATGTTCGTGTGACCTA,57,3629670
tmaR_predicted,0.16666666666666666,12,11,ACACTAGAAATTTCTAGGTT,1,3646760
tmaR_predicted,7.833333333333333,104,11,ACAACGCAGTGTGCCTGTAT,93,3617378
tmaR_predicted,2.4166666666666665,39,11,AATGTTCCCTTTCAGCGACT,28,3646796
tmaR_predicted,0.8333333333333334,20,11,AATCGTAAACACTTCAAATC,9,3627406
tmaR_predicted,14.0,178,11,AATATGAGACGTTCCTACAT,167,3638366
tmaR_predicted,6.333333333333333,86,11,AATACAAACCACGCAAATGT,75,3616171
tmaR_predicted,6.833333333333333,92,11,AAGTTTGAGCGCAGCTGAGA,81,3625551
tmaR_predicted,9.5,124,11,AAGTCAAATGTCTGAGCACC,113,3635414
tmaR_predicted,0.16666666666666666,12,11,AAGCTAGATTAAAACGCGGC,1,3606690
tmaR_predicted,0.16666666666666666,12,11,AACCGAGATGGCAGACGGAT,1,3617637
tmaR_predicted,4.25,61,11,AAAGATAGCTAAGCGCAATA,50,3609849
tmaR_predicted,2.4166666666666665,39,11,AAAATAGTGCAGCCTTTGTG,28,3617690
tmaR_predicted,0.36363636363636365,13,10,TTTGTGTCCATATGAAAGCG,3,3618736
tmaR_predicted,9.090909090909092,109,10,TTTGCTATCCATACGATCAT,99,3628394
tmaR_predicted,0.18181818181818182,11,10,TTTGATGATCACGAGGCTCA,1,3612347
tmaR_predicted,2.909090909090909,41,10,TTTGACCGGAATAGGTAGCT,31,3618652
tmaR_predicted,5.909090909090909,74,10,TTGGTCAAATGCGAGTTGAA,64,3610829
tmaR_predicted,0.5454545454545454,15,10,TTGGCTGTTATATGTAGTCG,5,3650215
tmaR_predicted,2.909090909090909,41,10,TTGGACTTCGGTCCCCAGGA,31,3617667
tmaR_predicted,2.272727272727273,34,10,TTGCTTGCGCCACTAAGATT,24,3643311
tmaR_predicted,7.2727272727272725,89,10,TTCTATTAGCGTCTAATGGT,79,3637870
tmaR_predicted,0.18181818181818182,11,10,TTCGGGTCGGCTTCGACTTA,1,3620485
tmaR_predicted,0.18181818181818182,11,10,TTATTACTGTGGCGCGGTTC,1,3642047
tmaR_predicted,6.363636363636363,79,10,TTAGTCCGCTCCGTAAGTGT,69,3633089
tmaR_predicted,18.09090909090909,208,10,TGTTAGAGAACTAGATTGCC,198,3634829
tmaR_predicted,4.454545454545454,58,10,TGCATATAGCCGCGCATTGA,48,3639491
tmaR_predicted,0.18181818181818182,11,10,TGCACGTACACATGGGCCCA,1,3637418
tmaR_predicted,0.18181818181818182,11,10,TGACTTTTTACATACCAATA,1,3620433
tmaR_predicted,10.181818181818182,121,10,TCTGTCGGTATCTGACGGGC,111,3606443
tmaR_predicted,16.818181818181817,194,10,TCTGTACAGTCTGGGACCTT,184,3612522
tmaR_predicted,0.45454545454545453,14,10,TCTGGAGGGATCTCCCCAGC,4,3648579
tmaR_predicted,10.181818181818182,121,10,TCTCTTCTGGACAAAAGACT,111,3643517
tmaR_predicted,2.0,31,10,TCTAATCGCATATAAGTCTT,21,3639846
tmaR_predicted,6.909090909090909,85,10,TCGGAAACGAGCGGCAAATG,75,3631202
tmaR_predicted,4.0,53,10,TCGCAGCTAAAAATCATCTA,43,3611679
tmaR_predicted,0.18181818181818182,11,10,TCCATGACTTACCTGTACGG,1,3638407
tmaR_predicted,0.18181818181818182,11,10,TCCATCATGCGTCAAATGAC,1,3607717
tmaR_predicted,0.9090909090909091,19,10,TCATGACCTAATCGGCAAGC,9,3636495
tmaR_predicted,6.636363636363637,82,10,TCATCATTCACGCATATTCT,72,3643068
tmaR_predicted,0.18181818181818182,11,10,TCATAGTCACGTGCTTCCGG,1,3648740
tmaR_predicted,0.18181818181818182,11,10,TCACGAGTTGAATTAGATTG,1,3611894
tmaR_predicted,9.818181818181818,117,10,TATTCAGGCTTTCGGAAACT,107,3633549
tmaR_predicted,2.5454545454545454,37,10,TATCAGGAAAGACGGGCCTT,27,3616358
tmaR_predicted,0.2727272727272727,12,10,TACTATTCGCCTCTTAGTAC,2,3613553
tmaR_predicted,0.2727272727272727,12,10,TACCCGAAGCAGTCACCTAT,2,3641586
tmaR_predicted,5.636363636363637,71,10,TACCACTCTTAGACGAATCG,61,3647121
tmaR_predicted,4.454545454545454,58,10,TACATTGTGTGGAGCACAGT,48,3621588
tmaR_predicted,6.454545454545454,80,10,TACATATGCTCTACTTTGGA,70,3632765
tmaR_predicted,4.2727272727272725,56,10,TAAGTAAGTAATATTTGGCT,46,3632138
tmaR_predicted,3.6363636363636362,49,10,TAAACTGAGAACGCCAGGCC,39,3634275
tmaR_predicted,5.818181818181818,73,10,GTTTTGCTACATACCGCAAT,63,3618610
tmaR_predicted,24.09090909090909,274,10,GTTGGTCTGCGGGCAGCTTC,264,3625841
tmaR_predicted,5.363636363636363,68,10,GTTGATCGCTAGGTAGAAGC,58,3613282
tmaR_predicted,0.18181818181818182,11,10,GTGTGTACGGGGCGCCAATC,1,3624221
tmaR_predicted,6.7272727272727275,83,10,GTGGGAAAATGTATGATTAT,73,3605461
tmaR_predicted,20.545454545454547,235,10,GTCCAATCTTTACGCCTAAT,225,3619088
tmaR_predicted,13.272727272727273,155,10,GTATAGTACCATCGCTGCGT,145,3614923
tmaR_predicted,17.727272727272727,204,10,GTAATAGAGGTGCATCAGAC,194,3643001
tmaR_predicted,0.45454545454545453,14,10,GTAAGGAATACTACTTTTTG,4,3614137
tmaR_predicted,5.181818181818182,66,10,GGTAGCCTAGAAGGCTAGTG,56,3608083
tmaR_predicted,0.18181818181818182,11,10,GGTACATGCCAAAAGTAAAT,1,3634015
tmaR_predicted,6.909090909090909,85,10,GGGCCTTTAGCGACCGTAAA,75,3612944
tmaR_predicted,12.363636363636363,145,10,GGGATCGGCACTTCCGAGTA,135,3616010
tmaR_predicted,8.636363636363637,104,10,GGCGCTGCCCTATGACGAGA,94,3629710
tmaR_predicted,6.7272727272727275,83,10,GGCCCGAATCCTCGTTGATA,73,3613053
tmaR_predicted,2.727272727272727,39,10,GGCAGCACGTATGCTGCAAG,29,3621118
tmaR_predicted,1.4545454545454546,25,10,GGCACTGTAAAAGGTAACTA,15,3634012
tmaR_predicted,1.6363636363636365,27,10,GGAGTTATTCGGTGACACAA,17,3650004
tmaR_predicted,0.2727272727272727,12,10,GCTTCGGATTTCGATTGCGG,2,3613250
tmaR_predicted,8.545454545454545,103,10,GCTTACGACTCTCATAAGTA,93,3626788
tmaR_predicted,0.18181818181818182,11,10,GCTGTCAAACCCTATGATCA,1,3610344
tmaR_predicted,8.0,97,10,GCTCACGTGACCTTCCGTGA,87,3613069
tmaR_predicted,4.181818181818182,55,10,GCTATCACTTTGTGGGTTGT,45,3630614
tmaR_predicted,0.2727272727272727,12,10,GCCAGCCGCTACGATTTAAC,2,3609003
tmaR_predicted,3.8181818181818183,51,10,GCACCGGGATTTGCCCACGC,41,3627049
tmaR_predicted,3.909090909090909,52,10,GAGGTAAGAGGCAGAGCAGC,42,3640948
tmaR_predicted,8.363636363636363,101,10,GAGGGAGGGCACCAGAAGAA,91,3643430
tmaR_predicted,0.18181818181818182,11,10,GAGATCATCATCGTGGATGG,1,3635989
tmaR_predicted,0.18181818181818182,11,10,GAGAGGAAGTGTGGGCGTTG,1,3613413
tmaR_predicted,5.2727272727272725,67,10,GACGACCACTAAAGCAATTG,57,3627502
tmaR_predicted,6.909090909090909,85,10,CTTTTGCCCGTGTGCTCTCC,75,3633297
tmaR_predicted,0.18181818181818182,11,10,CTTCAGGCACCGACTGGGAA,1,3630083
tmaR_predicted,0.2727272727272727,12,10,CTCTTCGCCGAAACATTCCA,2,3613075
tmaR_predicted,3.727272727272727,50,10,CTCTTCCGCCGAAGGTAGTC,40,3629905
tmaR_predicted,10.272727272727273,122,10,CTCGTGAGGCTTTCGAGGAT,112,3627170
tmaR_predicted,8.363636363636363,101,10,CTCACAATACCGCGTTGAGG,91,3630245
tmaR_predicted,11.818181818181818,139,10,CTACTAGGTAGGGTTCAGTT,129,3648268
tmaR_predicted,0.36363636363636365,13,10,CTACATCTGTATAAAATGCT,3,3633192
tmaR_predicted,0.2727272727272727,12,10,CTAAGGATAACCATTGAGAA,2,3626023
tmaR_predicted,3.4545454545454546,47,10,CGTTCCTAAATGAATAATCA,37,3650415
tmaR_predicted,2.1818181818181817,33,10,CGTTAGAATTTCTCGCTACG,23,3637726
tmaR_predicted,0.18181818181818182,11,10,CGGCGCGAAATTGGCTTATG,1,3609475
tmaR_predicted,0.18181818181818182,11,10,CGGACTGCTCCAGGTTAGCC,1,3609532
tmaR_predicted,6.636363636363637,82,10,CGCGCTTGAGGATCGACAGA,72,3609501
tmaR_predicted,13.181818181818182,154,10,CGCGCGGCTCAACCCTTGGT,144,3640923
tmaR_predicted,18.90909090909091,217,10,CGCCTCGGCGTTACGGGGGA,207,3633671
tmaR_predicted,1.1818181818181819,22,10,CGCATTCGCTCGGCGACTCT,12,3634392
tmaR_predicted,2.6363636363636362,38,10,CGATGTATGTATCTATGGGG,28,3637894
tmaR_predicted,15.090909090909092,175,10,CCTGGTTTTTATATCGATCA,165,3626243
tmaR_predicted,0.2727272727272727,12,10,CCTGAGTTTGGGCTATTCTC,2,3624872
tmaR_predicted,0.2727272727272727,12,10,CCTAACGATGGCGAACTATT,2,3639441
tmaR_predicted,5.909090909090909,74,10,CCGTGCTTGCCGAGCGCCGA,64,3623744
tmaR_predicted,0.2727272727272727,12,10,CCGCCGCTTAGTATAGCGTC,2,3604316
tmaR_predicted,7.545454545454546,92,10,CCGAAGGGTACGCCCCATGA,82,3648066
tmaR_predicted,0.18181818181818182,11,10,CCCTTTCACAAGCGCAGCTG,1,3610387
tmaR_predicted,0.18181818181818182,11,10,CCCGCGTTCGTTGTGCTGTC,1,3636207
tmaR_predicted,2.727272727272727,39,10,CCCCCTAAAAAAAAAACCTC,29,3645652
tmaR_predicted,15.545454545454545,180,10,CCATAGGGATATGGTTTGTG,170,3625761
tmaR_predicted,2.5454545454545454,37,10,CCAGTCTATTTAAAGTTTAC,27,3629757
tmaR_predicted,5.545454545454546,70,10,CCACTGACAAGCGGGCCTTC,60,3640008
tmaR_predicted,0.18181818181818182,11,10,CCAATTTGGTGAGGTGGATG,1,3611078
tmaR_predicted,0.18181818181818182,11,10,CCAATAAGGCCGATTTGACA,1,3631082
tmaR_predicted,0.45454545454545453,14,10,CATTTACCAAATGTCCCTTT,4,3641962
tmaR_predicted,4.2727272727272725,56,10,CATTGTATAATACGTCGGAC,46,3645524
tmaR_predicted,6.545454545454546,81,10,CATTCAAGTGAGCTGAGGAC,71,3608838
tmaR_predicted,16.363636363636363,189,10,CATGAGTGGCCGCAGAATGC,179,3646317
tmaR_predicted,0.18181818181818182,11,10,CATATCGGACTGCCCATGCC,1,3627281
tmaR_predicted,0.18181818181818182,11,10,CATACTCAAGGCTAAAGATA,1,3629021
tmaR_predicted,6.7272727272727275,83,10,CACCGACCCCTCAGCAAGGT,73,3642797
tmaR_predicted,1.6363636363636365,27,10,CAACCCCGGAGTTCCGTGGG,17,3633245
tmaR_predicted,4.7272727272727275,61,10,CAACAACTATAGCTTGTCAA,51,3632640
tmaR_predicted,0.18181818181818182,11,10,CAAAGCATGGCGGTGTGGCC,1,3606809
tmaR_predicted,5.909090909090909,74,10,ATTGTGCTATTATGATTGTC,64,3642282
tmaR_predicted,3.1818181818181817,44,10,ATTGTCTGCAACTTACATAT,34,3613285
tmaR_predicted,0.18181818181818182,11,10,ATTGTCGCGGAACACAACGG,1,3615030
tmaR_predicted,5.181818181818182,66,10,ATTAGTCTGGCGTGCTACCC,56,3634975
tmaR_predicted,1.0,20,10,ATGTTACTTTGACAGAAGTT,10,3617267
tmaR_predicted,2.727272727272727,39,10,ATGCCGAAGGCAATATACAA,29,3640204
tmaR_predicted,3.3636363636363638,46,10,ATCGATGTAGTTCACAAGAA,36,3623130
tmaR_predicted,0.18181818181818182,11,10,ATCCAGTACGGGAACGCCCG,1,3631632
tmaR_predicted,0.2727272727272727,12,10,ATCAAACTGACTTAGTCCAT,2,3615187
tmaR_predicted,3.090909090909091,43,10,ATACTGTTCAGAGGCGGCCT,33,3608093
tmaR_predicted,0.18181818181818182,11,10,ATAAGTAGATTTGCTCATAC,1,3623709
tmaR_predicted,1.9090909090909092,30,10,AGTGTACAAGGCGATTCACA,20,3634761
tmaR_predicted,8.272727272727273,100,10,AGTGGGACCCGAACGCCTAC,90,3620148
tmaR_predicted,5.2727272727272725,67,10,AGTACAGGCCATAGAAATTG,57,3640671
tmaR_predicted,9.454545454545455,113,10,AGGTCAATCAGTCCACGGTG,103,3636883
tmaR_predicted,2.090909090909091,32,10,AGGAGCTACGGTCTGATCCG,22,3617762
tmaR_predicted,2.8181818181818183,40,10,AGCCTGCGTACGCGCGACTA,30,3611104
tmaR_predicted,13.818181818181818,161,10,AGCACATGTTAGTGCATCAA,151,3630061
tmaR_predicted,2.090909090909091,32,10,AGATTGTAACATTTCTAGCC,22,3635926
tmaR_predicted,10.0,119,10,AGAGGGATCGTGGGGTGTTT,109,3606776
tmaR_predicted,10.181818181818182,121,10,ACTTGTACATATCATATCCC,111,3629799
tmaR_predicted,3.0,42,10,ACTTCCGACAATTTTAGGAC,32,3647125
tmaR_predicted,0.18181818181818182,11,10,ACGTGCGAAGCATTGCAAAG,1,3644652
tmaR_predicted,0.2727272727272727,12,10,ACGGGTGCAGAAGGCTTGAA,2,3623341
tmaR_predicted,0.18181818181818182,11,10,ACGCGGCGAGCAACAAAGTT,1,3639348
tmaR_predicted,0.36363636363636365,13,10,ACCAGGCGTGGTTCTTCCAA,3,3637213
tmaR_predicted,7.909090909090909,96,10,ACACTCCTAGATAACCGTGT,86,3646701
tmaR_predicted,0.18181818181818182,11,10,AAGTTGGGATAAAACCAACT,1,3625595
tmaR_predicted,0.18181818181818182,11,10,AAGTGGTTCCATTTATCTAA,1,3626838
tmaR_predicted,5.636363636363637,71,10,AAGTCCCAGGTGAGACGCCA,61,3636401
tmaR_predicted,16.181818181818183,187,10,AACTGGACCTTCCAAGCCAA,177,3630542
tmaR_predicted,0.18181818181818182,11,10,AAATTTCACGTAACCCACGG,1,3633268
tmaR_predicted,0.36363636363636365,13,10,AAAGTTGTCCATCGCCTGAT,3,3626955
tmaR_predicted,3.3636363636363638,46,10,AAAATATAAAAACCCTCATG,36,3607675
tmaR_predicted,0.2,10,9,TTTTGGCAGTGAATGCAGTT,1,3631999
tmaR_predicted,6.1,69,9,TTTTCATTTTAAGGCGGCGT,60,3609479
tmaR_predicted,1.4,22,9,TTTTAGCCAAGCGGGGTGAA,13,3620087
tmaR_predicted,0.2,10,9,TTTCTTAGCGTTGGAAGGCT,1,3639414
tmaR_predicted,1.5,23,9,TTTCTCGACCGCACCATTCT,14,3619602
tmaR_predicted,3.8,46,9,TTTCGAAAGACGTTCTTATG,37,3622132
tmaR_predicted,0.3,11,9,TTTCCGAGACAGGAAACCTA,2,3617384
tmaR_predicted,5.1,59,9,TTGGTCAGTGCTTGCTCCAG,50,3618649
tmaR_predicted,0.2,10,9,TTGAGTGGCACCTCACCGCC,1,3617152
tmaR_predicted,8.9,97,9,TTGAAAGCTCGAGCGGATGA,88,3615078
tmaR_predicted,0.4,12,9,TTCGCAATGGTGTGTACAGA,3,3617969
tmaR_predicted,9.6,104,9,TTCCGCTTCGTAGTGGGTTT,95,3621578
tmaR_predicted,5.0,58,9,TTCCGCCTCACAGGCCCGGG,49,3625574
tmaR_predicted,6.8,76,9,TTCAACGCCACCGCCATGTG,67,3649458
tmaR_predicted,0.2,10,9,TGTTTTTCTGATTCGAGAGG,1,3616550
tmaR_predicted,4.6,54,9,TGTTGCTCTACATTCGATCC,45,3639648
tmaR_predicted,0.2,10,9,TGTTAGTCGTGCGACGTCGC,1,3639051
tmaR_predicted,0.4,12,9,TGTGTTGAAGTCCAACGCTA,3,3615420
tmaR_predicted,0.3,11,9,TGTCCATCCTCACAACCATT,2,3640039
tmaR_predicted,5.2,60,9,TGTCCAGATGGCTACTACGA,51,3642219
tmaR_predicted,0.3,11,9,TGGGGGTAGCTCAGGGGTGG,2,3607869
tmaR_predicted,3.6,44,9,TGCTGCGGCATGTAAGCTTT,35,3611065
tmaR_predicted,5.0,58,9,TGCCCGAGCTTATAGCACAC,49,3611230
tmaR_predicted,7.4,82,9,TGCAGCAGTGGAAATACATT,73,3617487
tmaR_predicted,3.8,46,9,TGAGTGCTACGGAATCCGAG,37,3617099
tmaR_predicted,2.2,30,9,TCTGCCTTGCGGAGCATGGC,21,3648037
tmaR_predicted,9.1,99,9,TCTCGTGGGTATAAATCCGG,90,3611248
tmaR_predicted,3.1,39,9,TCGTGCCGAGGTAATACTCG,30,3622294
tmaR_predicted,0.2,10,9,TCGGTTTAAATGACAGCTGC,1,3634282
tmaR_predicted,6.2,70,9,TCCCTTGGCGAATCATCTGT,61,3647688
tmaR_predicted,0.3,11,9,TCCCTCCTATAGTAAGCTTT,2,3607661
tmaR_predicted,2.7,35,9,TCCAAGACATCTACGTGCTG,26,3643940
tmaR_predicted,12.7,135,9,TCAGACAAACTACTGTTAGG,126,3606602
tmaR_predicted,3.0,38,9,TATTGCGTGGGGCATCATTA,29,3638617
tmaR_predicted,6.1,69,9,TATTAGGGACTCGGGAAGGA,60,3607779
tmaR_predicted,4.5,53,9,TATCGGTAAAACGGGATTAC,44,3610376
tmaR_predicted,6.8,76,9,TAGCCACTGACAAGGCACGT,67,3624738
tmaR_predicted,5.6,64,9,TAGAAGAAGCGAAGCAGATG,55,3638048
tmaR_predicted,0.2,10,9,TACAGTTCGGTCGAGGTTCT,1,3614864
tmaR_predicted,3.8,46,9,GTTGGCGTGGATCTGCTTAT,37,3615445
tmaR_predicted,29.3,301,9,GTTGGCACGCTTACTATTGG,292,3646035
tmaR_predicted,14.4,152,9,GTGGTACTTTGATACGCCCT,143,3650246
tmaR_predicted,0.3,11,9,GTGCTGGACTTCGAGGCTTG,2,3612265
tmaR_predicted,9.7,105,9,GTGAGTCGGGAGTTACCCCT,96,3625739
tmaR_predicted,0.9,17,9,GTCTAGACAACGATTACACA,8,3643493
tmaR_predicted,0.4,12,9,GTACTTGTTCGGAGACCTAC,3,3633947
tmaR_predicted,0.6,14,9,GTACCGGTGCGAATGACGAG,5,3610617
tmaR_predicted,9.6,104,9,GTAAAACGGGACGGCCTCAT,95,3615627
tmaR_predicted,0.5,13,9,GGTTGTGGCTAGGGCTTTCA,4,3624409
tmaR_predicted,0.2,10,9,GGTTGGAGGCTGACGACCGC,1,3617325
tmaR_predicted,15.5,163,9,GGTGGATTCATGCCTTAGGT,154,3614292
tmaR_predicted,4.7,55,9,GGTCACAATACGGGCGAGAT,46,3634461
tmaR_predicted,0.3,11,9,GGTAGCAACCCGGCTGGGCT,2,3617048
tmaR_predicted,4.2,50,9,GGGTCACAGTCCACACGTTA,41,3607799
tmaR_predicted,7.1,79,9,GGGTAGTGCGTATTGGGCGT,70,3635880
tmaR_predicted,0.2,10,9,GGCTGTGTCGTTGCCCCCGA,1,3634197
tmaR_predicted,0.2,10,9,GGCATAATTAGTCTGGCATA,1,3616843
tmaR_predicted,0.5,13,9,GCTTGGAACTAGCCTAAGGA,4,3625194
tmaR_predicted,13.2,140,9,GCGCTTTTGGTTATTTACTT,131,3607255
tmaR_predicted,0.2,10,9,GCGCTCACCTTCACCAGTTG,1,3642513
tmaR_predicted,2.2,30,9,GCGCGCCAACCTTGGGCAGG,21,3642003
tmaR_predicted,0.2,10,9,GCGCACAACGCTAAACGTCT,1,3630817
tmaR_predicted,21.1,219,9,GCGATCACCCATTTCATCGA,210,3644422
tmaR_predicted,4.9,57,9,GACTTAAAGACCCTGGCTTA,48,3603946
tmaR_predicted,15.6,164,9,GACATTTGCCCCACAACAGG,155,3605606
tmaR_predicted,3.9,47,9,CTTCTCTAGCAAGGACAACC,38,3612589
tmaR_predicted,0.4,12,9,CTTAGGGTCCGACGCGAAGA,3,3632747
tmaR_predicted,5.2,60,9,CTGGAACCCCCCTTCCGGCT,51,3624050
tmaR_predicted,1.6,24,9,CTCTCCCACCTGTAGGAGCT,15,3609785
tmaR_predicted,8.0,88,9,CTCCTCTTATGCATCTGCAT,79,3604350
tmaR_predicted,0.2,10,9,CTAGACGTTCCGAACGTGAA,1,3613246
tmaR_predicted,0.2,10,9,CTAAGCGCAGGGTCTTTTGG,1,3643199
tmaR_predicted,0.2,10,9,CGTGATACACGGAGTTCACC,1,3635213
tmaR_predicted,1.2,20,9,CGTAATAGTATATCCGCGTT,11,3612859
tmaR_predicted,0.2,10,9,CGGTCCTGGGTAAGTCTCAA,1,3643528
tmaR_predicted,3.1,39,9,CGGAACTCGAGGCATGAGCA,30,3648686
tmaR_predicted,0.2,10,9,CGGAAACGGTAACTACCCTG,1,3625569
tmaR_predicted,4.3,51,9,CGCTGTGGAAATTCCGTTAA,42,3614762
tmaR_predicted,6.0,68,9,CGCGGATAGTCTCGTACTAT,59,3647869
tmaR_predicted,1.9,27,9,CGATTATAGAGGCCGTCAAC,18,3620972
tmaR_predicted,3.2,40,9,CGAGACGATTCGTTCATGCT,31,3623046
tmaR_predicted,1.4,22,9,CGACGGTGCGGAAGAATGAT,13,3630699
tmaR_predicted,8.0,88,9,CGACGCAAGTTCGAGCTAGG,79,3628873
tmaR_predicted,5.4,62,9,CGAAAGAAAAGCCGTACCGA,53,3627608
tmaR_predicted,0.2,10,9,CCTTACTTCTCGATAGTCCA,1,3608496
tmaR_predicted,4.0,48,9,CCTGGAGGTTGGTGGACGCA,39,3622916
tmaR_predicted,0.2,10,9,CCTCGCGACTGTGGTATCAT,1,3606611
tmaR_predicted,0.9,17,9,CCTAGTCAATCGCTTGCGTG,8,3648249
tmaR_predicted,4.6,54,9,CCTAAGCTAAAGGCGACCTT,45,3615349
tmaR_predicted,4.5,53,9,CCGGTAATTGAGCTCCCTTC,44,3626777
tmaR_predicted,0.3,11,9,CCGCTTAATCATAGACGGAA,2,3638201
tmaR_predicted,6.2,70,9,CCGCTCGAATCTCAGGAAGG,61,3621640
tmaR_predicted,0.3,11,9,CCCGATCATAGAATGGCTAA,2,3624407
tmaR_predicted,0.2,10,9,CCCAACGCCATCCAGAGTAG,1,3616734
tmaR_predicted,0.2,10,9,CCCAACCGCGACGAGTTATC,1,3628827
tmaR_predicted,4.8,56,9,CATTATGTTGCACGCCTTTA,47,3606203
tmaR_predicted,5.4,62,9,CATGCAGTCTAGTGAAATAA,53,3619118
tmaR_predicted,0.2,10,9,CATCGTCGTCTGAAATACTC,1,3610519
tmaR_predicted,7.0,78,9,CATCAATGTCTCGGCGTCTC,69,3637492
tmaR_predicted,3.2,40,9,CATACCGGCGCTCAAGACGC,31,3613215
tmaR_predicted,1.0,18,9,CAGGTCTCGACTAACAGGGT,9,3624969
tmaR_predicted,31.1,319,9,CAGCTTCCACGGGATCACGG,310,3648287
tmaR_predicted,13.5,143,9,CAGCAAGTCGCACGAAGCTT,134,3648274
tmaR_predicted,0.2,10,9,CAGAATTCTTTACTATCTCA,1,3610069
tmaR_predicted,0.2,10,9,CACCGATGACGCGATTCGGA,1,3639647
tmaR_predicted,7.4,82,9,CACCGACACCGCACGCAGCA,73,3631149
tmaR_predicted,0.2,10,9,CAAAAACAACATGGTATCGA,1,3617392
tmaR_predicted,0.3,11,9,ATTTTAGTTTACCCCATTAT,2,3639650
tmaR_predicted,4.6,54,9,ATTCGTCTGATACCACTTAA,45,3630064
tmaR_predicted,0.2,10,9,ATCTTCCACGACTCCTGTAG,1,3624405
tmaR_predicted,0.2,10,9,ATCCGGGTGGAAATTAAAGT,1,3612392
tmaR_predicted,1.1,19,9,ATCAATGGTTGATTGTAATA,10,3610819
tmaR_predicted,0.2,10,9,ATCAACATACTCGAGTTAAC,1,3647892
tmaR_predicted,31.5,323,9,ATACGCTGGGAATGGATGCG,314,3635543
tmaR_predicted,3.0,38,9,ATACAAGTATCAAACAAATC,29,3611759
tmaR_predicted,5.9,67,9,ATAAACTCTACGCGTCATTT,58,3642453
tmaR_predicted,7.7,85,9,AGTCGGTTTTCGGCTAAATA,76,3624492
tmaR_predicted,0.4,12,9,AGTAATTGTCCGGGGGAGAG,3,3621145
tmaR_predicted,3.2,40,9,AGGCGACTGTCCCTGCGACA,31,3623819
tmaR_predicted,9.4,102,9,AGGATCCTGTCTCCCAGGAC,93,3621420
tmaR_predicted,6.5,73,9,AGCCCATGGCTCACGTAAGT,64,3620440
tmaR_predicted,0.2,10,9,AGCCAAGTCTACGTTGGGAT,1,3637308
tmaR_predicted,5.1,59,9,AGCATCCACAGAGCCAATGT,50,3610060
tmaR_predicted,5.4,62,9,AGAACATCGTATAGGAGGAG,53,3641501
tmaR_predicted,8.4,92,9,ACTTGTCACTGCATTGACCC,83,3618130
tmaR_predicted,5.4,62,9,ACTTATAGATTCTGGATGCG,53,3618999
tmaR_predicted,0.2,10,9,ACTACGGGGGCAAACGCACA,1,3621816
tmaR_predicted,7.2,80,9,ACAGCCTCCAGCGACCTGCT,71,3645475
tmaR_predicted,74.9,757,9,ACACGTTAGAGGTCCAGGGA,748,3609476
tmaR_predicted,10.4,112,9,AATGCCATACTATTCTCTAT,103,3629095
tmaR_predicted,8.1,89,9,AATCCAGGGCCTGTGCACTC,80,3613502
tmaR_predicted,4.3,51,9,AACGTGCCCGTCTGAAACGA,42,3607314
tmaR_predicted,11.6,124,9,AACATCTGGACTCTGATTGT,115,3612758
tmaR_predicted,3.0,38,9,AACAGGAGCGAGGATTAATA,29,3623860
tmaR_predicted,5.0,58,9,AAAGTTACGAGTACGTGGGT,49,3617073
tmaR_predicted,5.8,66,9,AAAGGTTTGACTGAGCGCAT,57,3613798
tmaR_predicted,2.0,28,9,AAAATACGGAGAGATGTGGG,19,3633553
tmaR_predicted,1.6666666666666667,22,8,TTTTTGCGCCAAGGGCTGGT,14,3637392
tmaR_predicted,8.0,79,8,TTCTTCATTTTCGGGGATAC,71,3606010
tmaR_predicted,5.888888888888889,60,8,TTCGCTGGGTCAGGCGGACT,52,3640017
tmaR_predicted,0.2222222222222222,9,8,TTACAAGCCCCCATTCACAC,1,3630694
tmaR_predicted,2.3333333333333335,28,8,TTAAGAGTGCTATCCGGGCA,20,3629798
tmaR_predicted,5.444444444444445,56,8,TGTGATGTCATGGTGTAAAG,48,3636424
tmaR_predicted,6.666666666666667,67,8,TGTCGCACGCGTCGGTACGT,59,3612913
tmaR_predicted,5.777777777777778,59,8,TGGTTAAAGCTAGCCCGCTG,51,3639380
tmaR_predicted,0.3333333333333333,10,8,TGGGTTATGCGGAGGGGTAA,2,3610710
tmaR_predicted,0.2222222222222222,9,8,TGGCCGATGCGGTAAGGGTG,1,3605940
tmaR_predicted,10.88888888888889,105,8,TGCTGAGTTGATACTAGACA,97,3642645
tmaR_predicted,0.2222222222222222,9,8,TGCCTTGGTTATGTTTGCGT,1,3608847
tmaR_predicted,9.0,88,8,TCTTAAGTGCTAAATCTTTC,80,3613055
tmaR_predicted,6.0,61,8,TCTGTGCTTTGCCACCTACT,53,3626951
tmaR_predicted,0.3333333333333333,10,8,TCTGATACTCACAATTTACA,2,3619490
tmaR_predicted,6.888888888888889,69,8,TCTAAGAAGCAGGGTCACAC,61,3618713
tmaR_predicted,10.11111111111111,98,8,TCGTCTCTTAGAGAATACGT,90,3628608
tmaR_predicted,0.3333333333333333,10,8,TCCGGAACGATCGTCGGTCT,2,3643992
tmaR_predicted,0.2222222222222222,9,8,TCCCGCGGAGTTTTACCTTA,1,3608589
tmaR_predicted,1.4444444444444444,20,8,TCAGCCCTGAATTTGCATTA,12,3622296
tmaR_predicted,0.2222222222222222,9,8,TCACTGGAGTCCTACCGCAG,1,3636957
tmaR_predicted,0.4444444444444444,11,8,TCACGAGGCGACAGCCACTT,3,3631636
tmaR_predicted,8.444444444444445,83,8,TCAAAGCGTCGCCGTCTCCA,75,3613878
tmaR_predicted,2.7777777777777777,32,8,TATCAAGACAGTGTGTAGTT,24,3645927
tmaR_predicted,0.3333333333333333,10,8,TATAGACCCGACCCAACCGT,2,3608670
tmaR_predicted,0.5555555555555556,12,8,TAGGATGACGTTTCCTTAGT,4,3609789
tmaR_predicted,4.555555555555555,48,8,TAGCTCGTAGACCGAACGCA,40,3638745
tmaR_predicted,4.777777777777778,50,8,TAGCGAACGCTACCGTCAGT,42,3626774
tmaR_predicted,35.111111111111114,323,8,TACTGACGACTTACTGATTT,315,3614669
tmaR_predicted,0.2222222222222222,9,8,TAATTTGCCATTACTTCGAG,1,3619150
tmaR_predicted,7.333333333333333,73,8,TAAGGTTCGTCAGGTACCCT,65,3642550
tmaR_predicted,0.2222222222222222,9,8,TAACTGCAGTCCAGCGTCAC,1,3606058
tmaR_predicted,0.2222222222222222,9,8,TAAAGCAGTCAATCTGGTTC,1,3614047
tmaR_predicted,1.5555555555555556,21,8,TAAACGGTGGGTTCCTCCCA,13,3640315
tmaR_predicted,4.0,43,8,GTTTCGACCCCGCTGTGTAA,35,3639539
tmaR_predicted,0.6666666666666666,13,8,GTTCTTTCGCGTCACCAACG,5,3642675
tmaR_predicted,4.333333333333333,46,8,GTTCGGGTCCACGGGACCAA,38,3634112
tmaR_predicted,13.444444444444445,128,8,GTGTTGCGAAATCCACTTGA,120,3626080
tmaR_predicted,22.88888888888889,213,8,GTGGCCCAGAGGTATCAGGT,205,3642633
tmaR_predicted,0.2222222222222222,9,8,GTCGGTCCAGGTGGCATTTT,1,3642706
tmaR_predicted,11.0,106,8,GTCAGACTCCACCATCCGAC,98,3608123
tmaR_predicted,1.3333333333333333,19,8,GTAACTAAGTGCGAACTGTA,11,3604742
tmaR_predicted,0.2222222222222222,9,8,GGTTTTCTGGTACGATTTGG,1,3643453
tmaR_predicted,0.4444444444444444,11,8,GGTTGGCGTCAAGGCTATCG,3,3618169
tmaR_predicted,13.11111111111111,125,8,GGTTCAGGTTCTGCCTCAAC,117,3613454
tmaR_predicted,0.4444444444444444,11,8,GGTTACACTCCGCGAAACGA,3,3643665
tmaR_predicted,8.88888888888889,87,8,GGTCACTGCATTCCTAGCGC,79,3620606
tmaR_predicted,3.6666666666666665,40,8,GGGTCCCGGGGATTAGGGGG,32,3647011
tmaR_predicted,1.8888888888888888,24,8,GGGGTTTTTTGTGTCTCCCT,16,3617445
tmaR_predicted,101.0,916,8,GGGGAAGATGCTGTCGGTAG,908,3644829
tmaR_predicted,12.222222222222221,117,8,GGGGAAGATCCACCGTTATG,109,3643084
tmaR_predicted,8.555555555555555,84,8,GGGATGACTCGGTTAAGAGC,76,3627878
tmaR_predicted,0.4444444444444444,11,8,GGCTGCAGCAGCCAGCAGGT,3,3639947
tmaR_predicted,0.2222222222222222,9,8,GGCTAAAAACATGGTGAAAT,1,3633286
tmaR_predicted,0.2222222222222222,9,8,GGCGCATGAGGCATGGGTTG,1,3619726
tmaR_predicted,12.666666666666666,121,8,GGCGAATCATACCCCGCCAC,113,3622043
tmaR_predicted,2.4444444444444446,29,8,GGCCGGAGTTGCAGCACAAT,21,3606422
tmaR_predicted,0.3333333333333333,10,8,GGATTAGCATGATTGCAGAT,2,3632539
tmaR_predicted,2.888888888888889,33,8,GGACGCGAGAAAGGTCGGGG,25,3641211
tmaR_predicted,2.2222222222222223,27,8,GGACCTCATGCCACGCTTGC,19,3620547
tmaR_predicted,0.2222222222222222,9,8,GCTTCCCAATGGGTGTCGCG,1,3648459
tmaR_predicted,8.666666666666666,85,8,GCTACCTATAGGTGGACGCA,77,3626034
tmaR_predicted,11.222222222222221,108,8,GCGATTATCCGGACACACGG,100,3617222
tmaR_predicted,1.5555555555555556,21,8,GCGATCGGCGATTGTGCGGT,13,3647524
tmaR_predicted,8.222222222222221,81,8,GCCGAACGTGGCTTAGTTGA,73,3617678
tmaR_predicted,23.11111111111111,215,8,GCCCTCCGCGATATTACGTA,207,3609779
tmaR_predicted,24.666666666666668,229,8,GCCCGACACAACATAGATTA,221,3625221
tmaR_predicted,4.888888888888889,51,8,GCCCCATTTCGACTGATCAG,43,3644121
tmaR_predicted,5.666666666666667,58,8,GCCAGTTTGTTGAGCCAATG,50,3645111
tmaR_predicted,0.2222222222222222,9,8,GCAGTCTCTCGGTCGAATGC,1,3611673
tmaR_predicted,0.2222222222222222,9,8,GCAGCTATCCATATCCTGCT,1,3622841
tmaR_predicted,0.2222222222222222,9,8,GCAGATAAGTACGAAACCAT,1,3632516
tmaR_predicted,35.22222222222222,324,8,GATCTTTGGTGATGTCTAGA,316,3621435
tmaR_predicted,0.3333333333333333,10,8,GATCCGGTCAGGTGCACAGG,2,3633979
tmaR_predicted,19.88888888888889,186,8,GAGTCTTGCGCGAAAGCCAT,178,3629906
tmaR_predicted,3.888888888888889,42,8,GAGGTTATGGTAACGAGCGG,34,3615248
tmaR_predicted,7.0,70,8,GAGGACCACCATAGAGGGAT,62,3633700
tmaR_predicted,0.2222222222222222,9,8,GAGCAAGGCGACAATTAAGG,1,3634277
tmaR_predicted,7.111111111111111,71,8,GAAGTATAGATACTTCTCTA,63,3629960
tmaR_predicted,11.0,106,8,GAACGTTCAGAGCCGAGTAC,98,3635695
tmaR_predicted,3.2222222222222223,36,8,CTTGCTTCTACGGTTCCCCA,28,3604780
tmaR_predicted,5.333333333333333,55,8,CTTGAAAGATAGGCGCCTAG,47,3638034
tmaR_predicted,0.2222222222222222,9,8,CTTCCATAGCATACGGGGCA,1,3619429
tmaR_predicted,0.2222222222222222,9,8,CTGCAGTAGCGCGCAGCGGC,1,3643837
tmaR_predicted,0.2222222222222222,9,8,CTCCACAAGCGAGGCTTCAG,1,3639109
tmaR_predicted,0.2222222222222222,9,8,CTAGTGCCGCCTATCACAGT,1,3607950
tmaR_predicted,8.777777777777779,86,8,CGTGTAGAGCCGGGCCTCAT,78,3628201
tmaR_predicted,0.3333333333333333,10,8,CGGTGGCCCACGTGGGTTAT,2,3641224
tmaR_predicted,0.4444444444444444,11,8,CGGAATATAAGTATCCCCAC,3,3650267
tmaR_predicted,5.0,52,8,CGGAAAAGCGCTTGGGGTCG,44,3633161
tmaR_predicted,4.888888888888889,51,8,CGCCGTCTAATCCCCCATCG,43,3614960
tmaR_predicted,0.2222222222222222,9,8,CGCCGCCTCTGACCCGTTAG,1,3633951
tmaR_predicted,5.222222222222222,54,8,CGCACTCCAGTATCGTTCTA,46,3632673
tmaR_predicted,1.0,16,8,CGCACCTACTGTCGCACGGG,8,3618212
tmaR_predicted,11.666666666666666,112,8,CGATAATGCAAGTTTACTGC,104,3639433
tmaR_predicted,0.2222222222222222,9,8,CCTTGCCGGGCAAGCAGAGG,1,3619578
tmaR_predicted,5.888888888888889,60,8,CCTGTTTCTTCAAGATTATC,52,3642352
tmaR_predicted,6.0,61,8,CCTGCGGGTACAATGGCGTT,53,3635954
tmaR_predicted,0.2222222222222222,9,8,CCTCGCCATTTCAGAAATCG,1,3615866
tmaR_predicted,10.555555555555555,102,8,CCGGCACGTAGTGCTTACGA,94,3613182
tmaR_predicted,4.888888888888889,51,8,CCGCTCTGGATTTCTTCTGA,43,3639889
tmaR_predicted,8.11111111111111,80,8,CCGCCACTGAGAGACGGCGA,72,3617369
tmaR_predicted,4.0,43,8,CCGACATGAAACTTGTTTAT,35,3615871
tmaR_predicted,6.666666666666667,67,8,CCCCTATCCTCCTAGTGAGT,59,3622459
tmaR_predicted,19.77777777777778,185,8,CCCAGCTCTACGTGGGTACT,177,3646327
tmaR_predicted,0.6666666666666666,13,8,CCAGAGTAGGTGCCCCTGTG,5,3610206
tmaR_predicted,0.2222222222222222,9,8,CCAGAGACCACAGTGCTTCA,1,3628028
tmaR_predicted,0.3333333333333333,10,8,CATCTCCAGATTTTCCAGAG,2,3608495
tmaR_predicted,8.333333333333334,82,8,CATAGTCCCCCAAACTTGCT,74,3627218
tmaR_predicted,9.555555555555555,93,8,CAGTATAATCTAGCAAGGGG,85,3633412
tmaR_predicted,0.3333333333333333,10,8,CAGCTATGCGTAAGGCTTGT,2,3620685
tmaR_predicted,6.222222222222222,63,8,CAGCTAGTGAGCAGAACAGA,55,3609645
tmaR_predicted,4.777777777777778,50,8,CACGTGCTCGGGCAGGGGCA,42,3614529
tmaR_predicted,2.5555555555555554,30,8,CAAGCAATGTGCGCATACGG,22,3612965
tmaR_predicted,0.2222222222222222,9,8,CAAAACCAGTGACAGTCCAC,1,3618766
tmaR_predicted,9.11111111111111,89,8,ATTCGTGGACCAGGTAGGTG,81,3632323
tmaR_predicted,0.2222222222222222,9,8,ATTCCGTTAATTGATGTTGG,1,3628693
tmaR_predicted,5.444444444444445,56,8,ATGGAAAGCTTGTCTTGTCT,48,3648946
tmaR_predicted,26.666666666666668,247,8,ATCTCTGGACAAGAAACTCT,239,3644440
tmaR_predicted,4.0,43,8,ATCGCGTAAGGAATTTTTCC,35,3639323
tmaR_predicted,0.4444444444444444,11,8,ATCCCCTATCTAAATGGGCA,3,3614401
tmaR_predicted,5.777777777777778,59,8,ATCCCCACCCACCTGTTGTG,51,3623003
tmaR_predicted,1.1111111111111112,17,8,ATCATGCGCTGTTTATTGAA,9,3638812
tmaR_predicted,0.2222222222222222,9,8,ATCAGGGCACGGAGAGCTCT,1,3629225
tmaR_predicted,10.777777777777779,104,8,ATATGGTTATTAACCAGACG,96,3609268
tmaR_predicted,4.111111111111111,44,8,ATATGCAAGGAGCACGGCAA,36,3604192
tmaR_predicted,7.333333333333333,73,8,ATATACAAAGAGTCTATACT,65,3628123
tmaR_predicted,0.2222222222222222,9,8,ATAACGCCTTCTGCATTCTA,1,3625007
tmaR_predicted,6.333333333333333,64,8,AGTTCGACAGCTTTGTATCT,56,3604878
tmaR_predicted,0.2222222222222222,9,8,AGTTCCTCGGCCGTAATCCA,1,3648170
tmaR_predicted,9.222222222222221,90,8,AGTTACCGAGAGCTCCATAA,82,3625365
tmaR_predicted,1.5555555555555556,21,8,AGTGCACTTCTACTCTGTCC,13,3620680
tmaR_predicted,3.888888888888889,42,8,AGTGAGCTAGGGATCCGTCA,34,3617343
tmaR_predicted,3.888888888888889,42,8,AGTCGGAGCATTAGTCTACT,34,3643558
tmaR_predicted,8.333333333333334,82,8,AGTCCCATTAGAACCCCCTT,74,3645847
tmaR_predicted,0.2222222222222222,9,8,AGTAGTTTCGCGGAAGATCA,1,3636509
tmaR_predicted,0.2222222222222222,9,8,AGTAGTCACAGGCCCGGCAA,1,3643714
tmaR_predicted,22.333333333333332,208,8,AGGTCCTGATTGGTTGGGTT,200,3613077
tmaR_predicted,5.0,52,8,AGGTAAGAGGCGGGATCTAT,44,3616695
tmaR_predicted,10.777777777777779,104,8,AGGGACTCGTAAAATCTAAG,96,3632573
tmaR_predicted,0.2222222222222222,9,8,AGGCCTCTGTTTTAGACCAT,1,3623083
tmaR_predicted,0.2222222222222222,9,8,AGCGGAACGGAAGCCAACCG,1,3613254
tmaR_predicted,21.666666666666668,202,8,AGCAGGGAGCGGCCAGCAAG,194,3631168
tmaR_predicted,5.444444444444445,56,8,AGATTTACCCATCCATTCAG,48,3616956
tmaR_predicted,10.777777777777779,104,8,AGATTCGGTGATCATTCCAA,96,3646653
tmaR_predicted,9.0,88,8,AGAGTATGCGGTCAATCCTT,80,3620704
tmaR_predicted,3.111111111111111,35,8,AGACTCGCAACAAGTATCTT,27,3627550
tmaR_predicted,0.6666666666666666,13,8,AGACGTCCCCAACCATACCA,5,3612446
tmaR_predicted,0.2222222222222222,9,8,ACTTGATGTTCAGTGGTCTC,1,3648766
tmaR_predicted,4.222222222222222,45,8,ACTCGGATTTAAAAACGTTC,37,3634797
tmaR_predicted,0.2222222222222222,9,8,ACGTGAAATCTTCTATAGGA,1,3626710
tmaR_predicted,8.222222222222221,81,8,ACGGGCACTATAGCGGCCAT,73,3609200
tmaR_predicted,1.3333333333333333,19,8,ACCTGCTTAGCTGATGCCAG,11,3605595
tmaR_predicted,15.666666666666666,148,8,ACCTCTGCCTACAACATGAT,140,3628139
tmaR_predicted,7.777777777777778,77,8,ACAGCTTCCTACTTCTTAGC,69,3641788
tmaR_predicted,0.2222222222222222,9,8,ACACTGTCGCCACAAAAAGT,1,3611516
tmaR_predicted,0.7777777777777778,14,8,ACAATGTTTGCCGACTTGCG,6,3614591
tmaR_predicted,7.222222222222222,72,8,AATGTGTTTGCACATCCAGG,64,3646527
tmaR_predicted,0.3333333333333333,10,8,AAGTTTCACTGGCGTTAGAT,2,3619931
tmaR_predicted,0.3333333333333333,10,8,AAGTGCTGTATACAGTCCTC,2,3632816
tmaR_predicted,14.666666666666666,139,8,AAGCAAGTACCCCCGGCTTG,131,3636402
tmaR_predicted,8.555555555555555,84,8,AAGACCACTCGATGTGGCAA,76,3640540
tmaR_predicted,4.666666666666667,49,8,AACCGACTTGAACCAGCTCT,41,3647162
tmaR_predicted,0.4444444444444444,11,8,AACATTTTTATTGCAGCATA,3,3617304
tmaR_predicted,5.0,52,8,AACAGCGCAGCCGCTTGGAA,44,3645510
tmaR_predicted,2.111111111111111,26,8,AAACTCCGTTTTAGCCTCGG,18,3640549
tmaR_predicted,0.25,8,7,TTTTGCTATTGGGTACCTCG,1,3631245
tmaR_predicted,0.25,8,7,TTTCTGAAGTAGTTGTAATG,1,3614246
tmaR_predicted,6.25,56,7,TTTCAGCCTCCGCCGGTGGG,49,3623830
tmaR_predicted,3.125,31,7,TTTAAGCGTCATGGTGATTG,24,3624825
tmaR_predicted,0.25,8,7,TTGTTCCTCTTTTAAGTTGT,1,3614676
tmaR_predicted,1.25,16,7,TTGAGTAAACTGTGTCCAAT,9,3634318
tmaR_predicted,6.25,56,7,TTGAAGAAGCGTAGTCCTGG,49,3609293
tmaR_predicted,1.25,16,7,TTATTAAATATGTTGAACGG,9,3641593
tmaR_predicted,0.25,8,7,TTAGGTATAGAAGCACTCTT,1,3637786
tmaR_predicted,2.0,22,7,TGTGCATTGATATATCGCTT,15,3615732
tmaR_predicted,0.25,8,7,TGTGATTTTCTTTCAGCACT,1,3610413
tmaR_predicted,0.625,11,7,TGTCAACTATGCGTCCCTTT,4,3629059
tmaR_predicted,0.25,8,7,TGGTATGAACGGAATAGTCA,1,3645474
tmaR_predicted,2.75,28,7,TGGTAAATGTCTCATAGGGA,21,3616332
tmaR_predicted,0.25,8,7,TGGCGCTGTCGTGACACCAT,1,3606081
tmaR_predicted,1.625,19,7,TGGCCTTTAAATCCTCGTGG,12,3624487
tmaR_predicted,0.25,8,7,TGGAGTTCTTTGGCGTTGCT,1,3622678
tmaR_predicted,0.25,8,7,TGCTTGGTATGACGTGCGCT,1,3621014
tmaR_predicted,0.25,8,7,TGCCAGAGGGCGCATCTAGA,1,3633834
tmaR_predicted,4.875,45,7,TGCAATAACCTCCTACACGA,38,3642530
tmaR_predicted,9.875,85,7,TGATAGCTACGAACAAAGGT,78,3608465
tmaR_predicted,12.25,104,7,TGATAAGCCGAATCCACGAC,97,3628391
tmaR_predicted,2.0,22,7,TGAGTGGAGTTTTGGATGAA,15,3626521
tmaR_predicted,22.25,184,7,TGAGTCCGCCGGTCCGTTGA,177,3604507
tmaR_predicted,0.875,13,7,TGAATCCGCTTTGCTGACGT,6,3604270
tmaR_predicted,0.375,9,7,TCTTCTATCTCTACGCTGAC,2,3612272
tmaR_predicted,4.0,38,7,TCTGCTGTTATCCATAGTTG,31,3619540
tmaR_predicted,0.5,10,7,TCTCCCTTTGCCGCCGGAGG,3,3636569
tmaR_predicted,1.375,17,7,TCTACTCAGTCCGACGAATG,10,3634036
tmaR_predicted,4.625,43,7,TCGCTAGTTTATGCGTACAA,36,3631045
tmaR_predicted,0.875,13,7,TCGAAGTCACCTTAGAGGGA,6,3642705
tmaR_predicted,0.25,8,7,TCCTTAGGAGGCATGTATGC,1,3644449
tmaR_predicted,8.75,76,7,TCCTATAGACAAGGCGTCAT,69,3633556
tmaR_predicted,1.625,19,7,TCCGAGGTCAGAGCCTTGGC,12,3623774
tmaR_predicted,8.0,70,7,TCCGAAATTATCAACCTTGG,63,3609355
tmaR_predicted,2.625,27,7,TCCCGTTCATGGCCATATGG,20,3623505
tmaR_predicted,0.375,9,7,TCCCGGTCAGCTTAAAACGC,2,3611935
tmaR_predicted,2.625,27,7,TCCACACTCCGTATTACCGA,20,3647554
tmaR_predicted,0.75,12,7,TCACTGGATACAGATGTGTT,5,3641214
tmaR_predicted,0.625,11,7,TATTAGTGTGTGCCGCGCCC,4,3618479
tmaR_predicted,8.25,72,7,TATCGAATCTAGGATACTTT,65,3637184
tmaR_predicted,2.125,23,7,TATAATGTCGAGTACGAGCG,16,3618442
tmaR_predicted,0.25,8,7,TAGGGACGCGTCGCGTCATA,1,3616894
tmaR_predicted,0.25,8,7,TAGCAATCCATAAGGCTGCG,1,3624819
tmaR_predicted,3.125,31,7,TACATCGGCTCGTAGTCTTA,24,3621835
tmaR_predicted,0.25,8,7,TACAATTAATCCTATTGCTA,1,3611496
tmaR_predicted,2.0,22,7,GTTGATGTGCTACGGTCTCT,15,3618240
tmaR_predicted,2.375,25,7,GTTCGCCTGCCTCAGTTGGG,18,3607842
tmaR_predicted,0.25,8,7,GTGTTAGACACGGTTCGGAT,1,3630712
tmaR_predicted,4.875,45,7,GTGCAAGAGTACTCGTGAGT,38,3628719
tmaR_predicted,10.625,91,7,GTCGCAGCACGGCGTCTGGT,84,3609493
tmaR_predicted,7.5,66,7,GTCACGTAAGTGCGAAATCG,59,3623532
tmaR_predicted,4.0,38,7,GTATTATATAGGAATGTCAC,31,3643750
tmaR_predicted,13.625,115,7,GTAGTCTACCACATCGGAAT,108,3633242
tmaR_predicted,11.125,95,7,GTAGGGTAGCTACAAAGCGT,88,3627486
tmaR_predicted,11.625,99,7,GTAGATCCTGGACTTGTTCA,92,3605477
tmaR_predicted,0.375,9,7,GTACGACGACTTACAAGTGG,2,3623801
tmaR_predicted,0.25,8,7,GTACCGCCGTGACCTGGAGT,1,3634274
tmaR_predicted,4.375,41,7,GTACAGTATTATCCATCATC,34,3609730
tmaR_predicted,3.125,31,7,GGTTGGCGTAGATAAATGAG,24,3648005
tmaR_predicted,0.25,8,7,GGTAACTTTTACTAGGGCGC,1,3637226
tmaR_predicted,3.625,35,7,GGGTTTCACAGTGTTGTGAT,28,3631621
tmaR_predicted,18.375,153,7,GGGTACATCCGTATGTCGGC,146,3630640
tmaR_predicted,6.625,59,7,GGGGTGACTGCACTGAGATG,52,3620681
tmaR_predicted,0.375,9,7,GGGGACTGGGCCTGGAGCAT,2,3627174
tmaR_predicted,0.25,8,7,GGGCTGATTCTTCTGGTAAT,1,3618606
tmaR_predicted,1.5,18,7,GGCCCATCTTAATCATATAT,11,3633512
tmaR_predicted,24.625,203,7,GGATACAAACCGCGCAGTTG,196,3632315
tmaR_predicted,0.25,8,7,GGAGCCCGGTACCCAAGAAT,1,3608400
tmaR_predicted,15.5,130,7,GGACAGGAGCAGTGAGCAAC,123,3645656
tmaR_predicted,5.375,49,7,GCTTCCCCGGAAACTTTTAG,42,3635535
tmaR_predicted,6.125,55,7,GCTCTTATGAAATTGCGCAT,48,3633548
tmaR_predicted,9.875,85,7,GCTCACCATCCATTGGGTTA,78,3614447
tmaR_predicted,0.25,8,7,GCGCTCGGTAAGATCAAGCT,1,3624841
tmaR_predicted,0.375,9,7,GCGCACTGCCCACATTTGGC,2,3634176
tmaR_predicted,4.625,43,7,GCCCTATGGTCGTTGGAGCC,36,3633182
tmaR_predicted,0.25,8,7,GCCCGCGAAGTACCGAGATG,1,3634280
tmaR_predicted,0.375,9,7,GCCATGAAATTTAGGGAAAA,2,3642218
tmaR_predicted,0.75,12,7,GCCAATATCCATTATGAGCT,5,3608705
tmaR_predicted,7.875,69,7,GCATGCCGACATTCTTCCAG,62,3632737
tmaR_predicted,3.0,30,7,GCAGGGGCTCACTAACCCGT,23,3621015
tmaR_predicted,0.25,8,7,GCACTTTAACGGGTGGTTAG,1,3627071
tmaR_predicted,5.625,51,7,GCACGGTCTTTAAGTGGAAT,44,3644375
tmaR_predicted,3.375,33,7,GATTTTCACGTATTGCCTGA,26,3637624
tmaR_predicted,0.25,8,7,GATTAGCTTTAATTGAAAAA,1,3642546
tmaR_predicted,0.25,8,7,GATGGGACACTGGGCATTTT,1,3638735
tmaR_predicted,0.625,11,7,GAGATGGAGCGTGAGTTAAA,4,3611251
tmaR_predicted,157.25,1264,7,GACTTGTTACCTGCGATTCC,1257,3621415
tmaR_predicted,0.25,8,7,GACTTCTGAGAATAACGGCA,1,3609953
tmaR_predicted,4.125,39,7,GACTGCAATCGGATTAAGCT,32,3644549
tmaR_predicted,3.375,33,7,GACGCGAGGTGAATGTCGAT,26,3647209
tmaR_predicted,17.75,148,7,GACCACATTGCATGCTGCAG,141,3643205
tmaR_predicted,0.25,8,7,GAACTCAAAAGGGGGCCTAT,1,3605737
tmaR_predicted,1.625,19,7,GAAAACTTTCTCAGCTCTCT,12,3608747
tmaR_predicted,5.125,47,7,CTTTATCGGAGCAGCACATA,40,3639129
tmaR_predicted,5.5,50,7,CTTGGTATTGACAAGTTGCA,43,3632387
tmaR_predicted,13.25,112,7,CTTAGGCTACCGCGACTTCA,105,3605513
tmaR_predicted,4.625,43,7,CTGGGAGGAACGGATTCTTT,36,3626895
tmaR_predicted,2.75,28,7,CTGCAAGCTACTTCCGATAG,21,3648572
tmaR_predicted,4.0,38,7,CTGCAAATGACATAGCCAGC,31,3639361
tmaR_predicted,7.25,64,7,CTCGTTGCCGGATATGTCGA,57,3648826
tmaR_predicted,7.25,64,7,CTCGCGACTGGATGTTATGT,57,3634798
tmaR_predicted,4.25,40,7,CTCCTCAATTAATTGTCGTA,33,3637754
tmaR_predicted,0.25,8,7,CTCCAACGTCCCCAAGCAAC,1,3607951
tmaR_predicted,0.25,8,7,CTATGCCGCCCCGTCTGGCT,1,3615448
tmaR_predicted,0.75,12,7,CTAGGACTTGCCTAACGGTA,5,3622840
tmaR_predicted,0.75,12,7,CGTCTAGTGCAGGGGCGCGC,5,3606016
tmaR_predicted,0.375,9,7,CGGTTTCATCAACCAACAAA,2,3617442
tmaR_predicted,23.125,191,7,CGGGCCGCTAATTGGTTCTT,184,3645539
tmaR_predicted,0.25,8,7,CGGAGTCACTGCTCAGTTAC,1,3616484
tmaR_predicted,3.625,35,7,CGGAAGGCGGAGAGACAGAT,28,3607952
tmaR_predicted,3.125,31,7,CGCTTTGTCGCCCACTTCTC,24,3631544
tmaR_predicted,85.0,686,7,CGCGATGTTCAATCCCTTCC,679,3649527
tmaR_predicted,0.25,8,7,CGATTCCCTAACGTTCAGAT,1,3650101
tmaR_predicted,0.25,8,7,CGATGGTTTCTGATTGCTCA,1,3650269
tmaR_predicted,2.625,27,7,CGATATAAACGGGAAGTATG,20,3631423
tmaR_predicted,4.25,40,7,CGAGAGACGTTAGAAACTTG,33,3629823
tmaR_predicted,0.625,11,7,CGAATGGCAATATGGATTGT,4,3645279
tmaR_predicted,0.25,8,7,CGAACAAGCCTAGGTAGGGT,1,3608842
tmaR_predicted,0.25,8,7,CCTTTGTTTGACGAGACTGT,1,3638951
tmaR_predicted,3.5,34,7,CCGTGCCACATGTTGTGAAG,27,3604876
tmaR_predicted,0.25,8,7,CCGGGAGGTAAACGTAGCTG,1,3616362
tmaR_predicted,7.125,63,7,CCGAGGCATGCCGCAAACCT,56,3615446
tmaR_predicted,11.0,94,7,CCGACCTACACAAACAAACC,87,3639174
tmaR_predicted,0.625,11,7,CCGAATTAAGGACATACCAA,4,3617904
tmaR_predicted,19.5,162,7,CCCATTTACATTCCTTATTG,155,3628199
tmaR_predicted,13.25,112,7,CCATCCCTACTTCCGGTCCC,105,3631541
tmaR_predicted,1.5,18,7,CCAGTCGGGAATCAAGAGAC,11,3618684
tmaR_predicted,6.75,60,7,CCACATCGCTACGTTGACTG,53,3648565
tmaR_predicted,5.25,48,7,CCAAGGCTCTCCTGCGCTGC,41,3604919
tmaR_predicted,0.5,10,7,CATTTCTTGAAAGGAAGATC,3,3623299
tmaR_predicted,9.625,83,7,CATAATTCGCCGTATTAGAA,76,3635438
tmaR_predicted,1.875,21,7,CAGACACACACGCGTTTCTA,14,3642301
tmaR_predicted,1.0,14,7,CACGGAGCGGTGCACGGGTT,7,3618896
tmaR_predicted,7.875,69,7,CACGCTCTTCAGCAGTGAGA,62,3633043
tmaR_predicted,7.625,67,7,CACGCACTCCGTGGAAATGG,60,3630610
tmaR_predicted,0.375,9,7,CACACCACACCACAGCGTGT,2,3606405
tmaR_predicted,5.875,53,7,CAATGTGAGGCTTTATCCAA,46,3645752
tmaR_predicted,1.875,21,7,CAAGGCGGCAGGGAATACAG,14,3637828
tmaR_predicted,0.25,8,7,CAACTATACGAAACCTGAGC,1,3628259
tmaR_predicted,0.25,8,7,ATTTACCAAGCAGATTTAAG,1,3648749
tmaR_predicted,0.25,8,7,ATTGTAGAGAAATAGGAGTA,1,3637253
tmaR_predicted,2.125,23,7,ATTGCGAGTGGAGCGGCTGA,16,3626866
tmaR_predicted,8.125,71,7,ATTCTGGATTGGTCCATGGT,64,3644974
tmaR_predicted,0.25,8,7,ATTCGGGTAAACGTGATGTT,1,3639521
tmaR_predicted,0.25,8,7,ATGGTTTCCGAACGCAGGTG,1,3632142
tmaR_predicted,8.375,73,7,ATGGAGCAAAGGCTTGCCGC,66,3649150
tmaR_predicted,8.625,75,7,ATGAGACGACTCACTTATCT,68,3619339
tmaR_predicted,15.125,127,7,ATCGTGCCTGGGCATCGAAA,120,3623600
tmaR_predicted,0.25,8,7,ATCGGCCTCAACAAATAGAA,1,3646044
tmaR_predicted,25.0,206,7,ATATGTCAGTTATTTCAGAT,199,3633191
tmaR_predicted,12.0,102,7,ATATCCCAAACCCATACGTC,95,3646740
tmaR_predicted,0.25,8,7,AGTTGTTGCTACCTTTCGCA,1,3604813
tmaR_predicted,0.25,8,7,AGTTAGCAAATCCATCGCAA,1,3635876
tmaR_predicted,4.625,43,7,AGTGTTGGGCTATGAAGGAT,36,3636999
tmaR_predicted,0.375,9,7,AGTGCGCATTTCATGCACAG,2,3609791
tmaR_predicted,10.125,87,7,AGTATCTCGGACTGCTACAC,80,3621846
tmaR_predicted,4.375,41,7,AGGTAGAAAAAACCGTCTAA,34,3610758
tmaR_predicted,4.25,40,7,AGGGTATTCCGAAGACTCGG,33,3623926
tmaR_predicted,2.875,29,7,AGGAATACCGGAAAGGGCCG,22,3618722
tmaR_predicted,21.125,175,7,AGCTGGAGTGGGATGGCGAT,168,3639073
tmaR_predicted,0.25,8,7,AGCCGGAATCTTTCTAAAGC,1,3623998
tmaR_predicted,2.75,28,7,AGAGAGAGATTATGCAGCAT,21,3607480
tmaR_predicted,36.5,298,7,AGAAGGTTTCCATGCGGTTA,291,3623104
tmaR_predicted,10.25,88,7,ACTGGATTTTGTGTCAACTT,81,3612271
tmaR_predicted,0.25,8,7,ACTCGGAAGCAAGTTCGCGC,1,3631182
tmaR_predicted,0.375,9,7,ACTCACATCACTCAGACGAT,2,3632207
tmaR_predicted,0.375,9,7,ACGGTCGGTGCCGTCATATG,2,3614476
tmaR_predicted,7.625,67,7,ACGGATTTCTTTGAATGAAT,60,3644784
tmaR_predicted,0.375,9,7,ACGCCACGCTAGGGTACCTC,2,3607575
tmaR_predicted,2.375,25,7,ACGAAGTAACGGGGCATTGA,18,3634464
tmaR_predicted,1.875,21,7,ACGAAGGGGATGGAAAAGAG,14,3609675
tmaR_predicted,6.125,55,7,ACCTCGAATCCTAATGCGTG,48,3604902
tmaR_predicted,0.375,9,7,ACCGTCCCCCGGCAGTTCTG,2,3640548
tmaR_predicted,17.125,143,7,ACCCCTATAAGCTTTATAAA,136,3620424
tmaR_predicted,0.25,8,7,ACCATTTGTCATATAAGGTT,1,3610330
tmaR_predicted,33.75,276,7,ACAGGCCCACTCTCGTGTCT,269,3619424
tmaR_predicted,5.625,51,7,AATTGCCTAGTTCCCCCGTT,44,3634398
tmaR_predicted,27.875,229,7,AATGCCGCGGCCGGTGCATT,222,3623317
tmaR_predicted,6.875,61,7,AATGCATGTTACTGTTATGT,54,3629508
tmaR_predicted,0.25,8,7,AATAGCCGCCAGATCGTTGC,1,3628876
tmaR_predicted,0.25,8,7,AATACGTAGTACACTAAGGA,1,3606437
tmaR_predicted,7.25,64,7,AAGTGGTATATCAGAGGGAA,57,3609885
tmaR_predicted,2.875,29,7,AAGGTAACGGTTAGGAAAAC,22,3607186
tmaR_predicted,41.625,339,7,AAATGTCATCGAGAGCGGGT,332,3612979
tmaR_predicted,8.5,74,7,AAATATAAGCGTTGGGAAAC,67,3625220
tmaR_predicted,8.375,73,7,AAACCCCCTCTCACGGTCCT,66,3611052
tmaR_predicted,5.875,53,7,AAACACCGAACGAATGGGGG,46,3635191
tmaR_predicted,0.5714285714285714,9,6,TTTTCGGTGGGCAATCACAC,3,3641608
tmaR_predicted,0.2857142857142857,7,6,TTTCTACGGCAGTCCATATC,1,3647583
tmaR_predicted,0.2857142857142857,7,6,TTGACAACTGCCAATACTTT,1,3615390
tmaR_predicted,0.2857142857142857,7,6,TTCTCTGTACTTCAGGCTGG,1,3645637
tmaR_predicted,3.4285714285714284,29,6,TTCCACTGTGTGACATTAAT,23,3640043
tmaR_predicted,5.857142857142857,46,6,TTATCTTAAGTCCTCTAGCT,40,3636334
tmaR_predicted,1.1428571428571428,13,6,TTATATCACGTTCGGCCGGG,7,3608905
tmaR_predicted,0.8571428571428571,11,6,TTAGCTATAGAGGAGTAGAA,5,3643938
tmaR_predicted,0.2857142857142857,7,6,TTAGCACCACCGGCTACTAT,1,3619653
tmaR_predicted,3.5714285714285716,30,6,TTAAACTATGATCTTAGGTA,24,3612562
tmaR_predicted,0.42857142857142855,8,6,TGTATACACACTGTCACCCA,2,3634865
tmaR_predicted,1.2857142857142858,14,6,TGTACGGAGACCGACACATA,8,3643657
tmaR_predicted,11.428571428571429,85,6,TGGGGTTACTAGGCGCAGGC,79,3628195
tmaR_predicted,9.0,68,6,TGGGCCGATGACTTCCATTG,62,3643015
tmaR_predicted,0.2857142857142857,7,6,TGCGTCGGTACCGTAACCGT,1,3626843
tmaR_predicted,2.0,19,6,TGCCGAAGGGCACTGACCGG,13,3611680
tmaR_predicted,1.4285714285714286,15,6,TGCCCATGGGATTTTTTTTG,9,3624983
tmaR_predicted,0.2857142857142857,7,6,TGCAAGTCCGGACATTCATT,1,3608904
tmaR_predicted,1.8571428571428572,18,6,TGATGTCATTTGAACAGCTA,12,3627551
tmaR_predicted,0.2857142857142857,7,6,TGAATATATGGCATCGACTG,1,3620855
tmaR_predicted,0.8571428571428571,11,6,TGAAGACTGTTTGACAGTAC,5,3650268
tmaR_predicted,0.5714285714285714,9,6,TCTTCGGCAGTCTCGACCAT,3,3618778
tmaR_predicted,4.142857142857143,34,6,TCTTAGGGCGCTAAGATAGA,28,3642718
tmaR_predicted,10.142857142857142,76,6,TCTTAGCTATGGCTTGTTTT,70,3616900
tmaR_predicted,13.0,96,6,TCTGGCGCAGCAATGGCGCG,90,3608874
tmaR_predicted,1.4285714285714286,15,6,TCTGAGGAACATGTCAGTAC,9,3631915
tmaR_predicted,8.142857142857142,62,6,TCTCGTTCCTTCATGGGTTC,56,3616184
tmaR_predicted,1.4285714285714286,15,6,TCTCCACGCAATAGGAGATT,9,3616491
tmaR_predicted,0.2857142857142857,7,6,TCGGTGATTTAAGCGCTACT,1,3605442
tmaR_predicted,0.2857142857142857,7,6,TCGGTGAGATTCGAGGGGCT,1,3621927
tmaR_predicted,7.0,54,6,TCGAAGAAGGGTTCCTAAGG,48,3642452
tmaR_predicted,0.42857142857142855,8,6,TCCATGCTGAAGGATCCCGC,2,3615472
tmaR_predicted,5.857142857142857,46,6,TCCACGCAGGAAGAACAGGT,40,3640034
tmaR_predicted,13.428571428571429,99,6,TCAGAGTTTGCGCAGAACAT,93,3631389
tmaR_predicted,0.2857142857142857,7,6,TCACTGCTGCTAATGCGGCA,1,3615058
tmaR_predicted,14.571428571428571,107,6,TCAAGGCATGTCCCTGCACC,101,3634806
tmaR_predicted,5.714285714285714,45,6,TATTCTACTACAGATTTAGT,39,3629672
tmaR_predicted,0.2857142857142857,7,6,TATATCGCAACGGTTGGCAT,1,3635661
tmaR_predicted,14.857142857142858,109,6,TACTAGGCTCGTACGGGAGT,103,3623522
tmaR_predicted,12.285714285714286,91,6,TACGGGAGTGTCCACATCCT,85,3644986
tmaR_predicted,0.2857142857142857,7,6,TACAGTACAGTAACTACACT,1,3614309
tmaR_predicted,2.2857142857142856,21,6,TAATGGTACTTCTACCTGAG,15,3604026
tmaR_predicted,2.5714285714285716,23,6,TAAGTGGAATTTAGGAAGAT,17,3622265
tmaR_predicted,0.2857142857142857,7,6,TAAGAGCTGTCTGTCTTCCG,1,3627913
tmaR_predicted,4.285714285714286,35,6,TAAAGTGTCTGAGGTCGGGG,29,3645660
tmaR_predicted,0.42857142857142855,8,6,GTTTTGGGCGATGATTAAGT,2,3617176
tmaR_predicted,0.2857142857142857,7,6,GTTGGTCAATCGTTAGGTGC,1,3616862
tmaR_predicted,0.2857142857142857,7,6,GTTGGCATGCCGGGTACTCA,1,3614096
tmaR_predicted,7.142857142857143,55,6,GTTCGGCCCCTGCCATTTTC,49,3611972
tmaR_predicted,0.2857142857142857,7,6,GTTCCCGGAGCGGTTGACAG,1,3612529
tmaR_predicted,11.428571428571429,85,6,GTTCAGGTGGCGGGCTTTAT,79,3617055
tmaR_predicted,0.5714285714285714,9,6,GTGTATACTTCGATGAATGT,3,3631271
tmaR_predicted,2.5714285714285716,23,6,GTGGAGAGGCTCCGGCATTT,17,3643079
tmaR_predicted,2.0,19,6,GTGCCTCTTTATGAGCCGGA,13,3630223
tmaR_predicted,17.714285714285715,129,6,GTGCATGCTCGGGCAAACTT,123,3608429
tmaR_predicted,3.857142857142857,32,6,GTCTCCCACAACTAAGCCAA,26,3607815
tmaR_predicted,0.2857142857142857,7,6,GTCACTAACGGACCACGCCA,1,3621568
tmaR_predicted,13.0,96,6,GTACCTTGACGTGGGAGCCC,90,3607215
tmaR_predicted,0.2857142857142857,7,6,GTACCATAATCTGTGTTCGA,1,3634581
tmaR_predicted,8.285714285714286,63,6,GGTTTAACATTATCCAAGTA,57,3629129
tmaR_predicted,0.2857142857142857,7,6,GGTTCATTGGTGTATATCTT,1,3615910
tmaR_predicted,4.857142857142857,39,6,GGTGCAGCCCACATTAACGA,33,3640704
tmaR_predicted,1.8571428571428572,18,6,GGTCTGCTGCGTTCTGTCAG,12,3641639
tmaR_predicted,8.571428571428571,65,6,GGTATCAAGAAATATATATG,59,3627911
tmaR_predicted,0.2857142857142857,7,6,GGGATGACATATATGACGGT,1,3611543
tmaR_predicted,6.571428571428571,51,6,GGCCTTTATCGGTTCCTCGC,45,3612387
tmaR_predicted,4.857142857142857,39,6,GGCCCAACGGGGTAGGCTGG,33,3623403
tmaR_predicted,5.428571428571429,43,6,GGCCATGTTGCGCACTTCCT,37,3648451
tmaR_predicted,6.428571428571429,50,6,GGATCGAGACTGGGTTTGCA,44,3611159
tmaR_predicted,6.285714285714286,49,6,GGAATTGCCGTAGTGACCCC,43,3627600
tmaR_predicted,10.571428571428571,79,6,GGAACCCTAAGAACTGGAAG,73,3621360
tmaR_predicted,13.142857142857142,97,6,GGAAAACCTATGCAGTAACA,91,3627664
tmaR_predicted,1.0,12,6,GCTGGAAGCTGAGTATGGTG,6,3607153
tmaR_predicted,0.2857142857142857,7,6,GCTCAGTTGGGCTACCCTCA,1,3645221
tmaR_predicted,0.5714285714285714,9,6,GCTATCAACGCCAACCGAAA,3,3608293
tmaR_predicted,0.2857142857142857,7,6,GCTAGCACACATCTTAGACT,1,3609671
tmaR_predicted,1.2857142857142858,14,6,GCTACGTAATATCTTTCGAT,8,3639315
tmaR_predicted,5.571428571428571,44,6,GCGTGAGCGCATTTCAGACG,38,3603918
tmaR_predicted,19.0,138,6,GCGGCAGTTGCTTCAGGCCC,132,3612977
tmaR_predicted,1.2857142857142858,14,6,GCGCTCCAGGCTCCTCAGAA,8,3645003
tmaR_predicted,0.2857142857142857,7,6,GCGAATGGTCTCATATCTGT,1,3619534
tmaR_predicted,13.142857142857142,97,6,GCCTAGTAGCTAGATACACT,91,3608917
tmaR_predicted,14.428571428571429,106,6,GCCGAACACAGCCTTACGCT,100,3612442
tmaR_predicted,1.5714285714285714,16,6,GCCCTGAACCTTCGATTTCA,10,3630569
tmaR_predicted,10.714285714285714,80,6,GCCAAGGTGACTCGTCGATG,74,3630191
tmaR_predicted,0.8571428571428571,11,6,GATCTAAGTGAGCTTGCTGA,5,3607466
tmaR_predicted,8.0,61,6,GAGTATCGGACACGTCCCGC,55,3606931
tmaR_predicted,1.8571428571428572,18,6,GAGGTGTGGCTTATAACCCA,12,3613512
tmaR_predicted,1.8571428571428572,18,6,GAGGGATCTCATTAGAACCT,12,3603988
tmaR_predicted,7.285714285714286,56,6,GAGCCTACTTCGAGATTTGC,50,3609773
tmaR_predicted,1.5714285714285714,16,6,GAGCCAGTAATACTGCATCA,10,3635674
tmaR_predicted,3.142857142857143,27,6,GACTCAAGCTGAGCTATCTG,21,3642210
tmaR_predicted,1.7142857142857142,17,6,GACTAGTGCTGCGAGGAAGA,11,3637577
tmaR_predicted,16.428571428571427,120,6,GACGCCAGGTTGGGGATTAG,114,3641102
tmaR_predicted,16.571428571428573,121,6,GACGATTAAAGACCCCCGTA,115,3618061
tmaR_predicted,0.2857142857142857,7,6,GACCCAGTGCGGCTAGCCTT,1,3622820
tmaR_predicted,22.0,159,6,GACCAGAAGACTCACCGGGG,153,3638842
tmaR_predicted,1.7142857142857142,17,6,GAAGAACTACCCATCCGGAC,11,3621211
tmaR_predicted,10.285714285714286,77,6,GAAATCGTCTTCACAGAGAA,71,3612028
tmaR_predicted,3.0,26,6,CTTTGTATAAGACCCCCAGT,20,3635427
tmaR_predicted,0.7142857142857143,10,6,CTTGAGTAACAGTCGCATTC,4,3610787
tmaR_predicted,5.142857142857143,41,6,CTTGACAGACCTTTACATTG,35,3631449
tmaR_predicted,0.42857142857142855,8,6,CTTAGCGTAATACGGGTCTC,2,3642799
tmaR_predicted,3.5714285714285716,30,6,CTGTTTACGCTTCTGCAATT,24,3606659
tmaR_predicted,4.142857142857143,34,6,CTGTGACGGTAAAGGTAGCG,28,3606575
tmaR_predicted,0.42857142857142855,8,6,CTGTATATCCCCTTTGATGC,2,3646520
tmaR_predicted,7.571428571428571,58,6,CTGGTATAACCGGGAATTAC,52,3614992
tmaR_predicted,0.2857142857142857,7,6,CTGGGTGGAAGGGAAGGCCC,1,3604962
tmaR_predicted,19.0,138,6,CTGGGAAATGGAAGGTGGGT,132,3632561
tmaR_predicted,8.714285714285714,66,6,CTGCGTACCGTAGTTAAGCG,60,3627340
tmaR_predicted,3.857142857142857,32,6,CTGCCCGGATCTGTGGATCA,26,3624301
tmaR_predicted,2.0,19,6,CTGATTAGCTTTTACGGTTG,13,3622921
tmaR_predicted,0.2857142857142857,7,6,CTCGGGTCCAACGCTCTTTA,1,3630595
tmaR_predicted,0.2857142857142857,7,6,CTCACCGGTTCCAGGTAAGA,1,3628951
tmaR_predicted,0.7142857142857143,10,6,CTATTCTCCCATTTCCAACT,4,3626743
tmaR_predicted,1.7142857142857142,17,6,CTAGATGCCCACGGAATGCG,11,3622815
tmaR_predicted,11.857142857142858,88,6,CTACTTGCTGGGCTGTGGAG,82,3610602
tmaR_predicted,9.857142857142858,74,6,CTACCTCCGACTATTACGTC,68,3647589
tmaR_predicted,14.142857142857142,104,6,CGTTAGACGATGAACAGAGC,98,3632325
tmaR_predicted,20.142857142857142,146,6,CGTGTGTGGGATCTTGAGGG,140,3634665
tmaR_predicted,11.571428571428571,86,6,CGTCTTGCTTATAATACAAT,80,3609713
tmaR_predicted,0.2857142857142857,7,6,CGTAGCCACTATAACGGCGT,1,3637412
tmaR_predicted,7.142857142857143,55,6,CGGTTGGCAGCCCCTGCATC,49,3647208
tmaR_predicted,8.857142857142858,67,6,CGGGTTCGTGGGTGGCCGCA,61,3615632
tmaR_predicted,8.857142857142858,67,6,CGGGCGCCGCGGCGACGGAA,61,3614718
tmaR_predicted,14.571428571428571,107,6,CGGCTACGCATCGCTACCAA,101,3626078
tmaR_predicted,5.571428571428571,44,6,CGGATTGCTCCAGGATAATC,38,3619456
tmaR_predicted,5.714285714285714,45,6,CGCTTGGGATATGTGTGGTA,39,3631596
tmaR_predicted,35.0,250,6,CGCTCTAACGAGGACGACTT,244,3632560
tmaR_predicted,1.7142857142857142,17,6,CGAGTACCAATCATCCTAAA,11,3614679
tmaR_predicted,0.42857142857142855,8,6,CGACTAAGTTGATCCTGGCT,2,3617446
tmaR_predicted,0.42857142857142855,8,6,CGAAAGAGTGACTCCCACAT,2,3622816
tmaR_predicted,12.571428571428571,93,6,CCTTTGTGCGAGTCTATCGA,87,3614670
tmaR_predicted,0.2857142857142857,7,6,CCTTATCGCCTGTTCATCCA,1,3618207
tmaR_predicted,0.2857142857142857,7,6,CCTCTCCGGCATCCAACATG,1,3615944
tmaR_predicted,9.571428571428571,72,6,CCTCACAGCACGATCGAGTC,66,3635699
tmaR_predicted,0.2857142857142857,7,6,CCGTCCAAACATGATTACGT,1,3616898
tmaR_predicted,0.42857142857142855,8,6,CCGGCTAACGCCGTCATGTT,2,3621052
tmaR_predicted,7.428571428571429,57,6,CCGATACGGTATGTAACGTA,51,3625198
tmaR_predicted,0.42857142857142855,8,6,CCGAACACGGGACAGGAGCC,2,3645327
tmaR_predicted,1.1428571428571428,13,6,CCAGTCGGACTGACCCGGGT,7,3627418
tmaR_predicted,7.857142857142857,60,6,CCAGGGTGCGTCGAGTCAGG,54,3635781
tmaR_predicted,12.428571428571429,92,6,CCACGTACGTTAGCCATCCG,86,3639363
tmaR_predicted,5.142857142857143,41,6,CCAACTTGCTGTTGTGGGTA,35,3630953
tmaR_predicted,8.0,61,6,CATTTCATGGGACAATTAAA,55,3634180
tmaR_predicted,9.714285714285714,73,6,CATGGACAAAGCGCTGGTGA,67,3643852
tmaR_predicted,6.142857142857143,48,6,CATGCCGGCACATCCTACGC,42,3611030
tmaR_predicted,10.142857142857142,76,6,CAGTCCGATCCTCCATCCAA,70,3627999
tmaR_predicted,7.571428571428571,58,6,CACGCATCGGTCACCGCCGG,52,3627785
tmaR_predicted,1.7142857142857142,17,6,CAATGCACTTGCGATGCATT,11,3617314
tmaR_predicted,1.5714285714285714,16,6,CAAGGCCTCTACTCCGTCGA,10,3644282
tmaR_predicted,26.0,187,6,ATTGACCAAAAAAACATAAA,181,3644428
tmaR_predicted,3.0,26,6,ATTCATCGGTTCGGCTCTTT,20,3638561
tmaR_predicted,0.2857142857142857,7,6,ATTATGGCTTATTACCGTCA,1,3612611
tmaR_predicted,3.2857142857142856,28,6,ATTAGGGACGCTGTATGGCG,22,3617440
tmaR_predicted,1.4285714285714286,15,6,ATTACAGCTTCAGGCTAGGG,9,3617151
tmaR_predicted,0.42857142857142855,8,6,ATGTACAGATCCGGAGAATA,2,3613220
tmaR_predicted,9.714285714285714,73,6,ATGGATAACGTGCGTCACAG,67,3644946
tmaR_predicted,0.7142857142857143,10,6,ATGGAGGCGGCCTCGCACTT,4,3623306
tmaR_predicted,0.42857142857142855,8,6,ATGCTAATTTGTTAGGTTAA,2,3628886
tmaR_predicted,2.7142857142857144,24,6,ATGCACCTTAGGAGGATTCT,18,3647710
tmaR_predicted,3.4285714285714284,29,6,ATGACAATGTAACGCATTAA,23,3616665
tmaR_predicted,6.0,47,6,ATCTAATCGCTTTACCGGAC,41,3615089
tmaR_predicted,0.2857142857142857,7,6,ATCTAACTCCATGTTGGTTA,1,3607443
tmaR_predicted,2.142857142857143,20,6,ATCGACCTGGAACGTTCAAG,14,3614933
tmaR_predicted,0.2857142857142857,7,6,ATCAGAGCCTAGTATCCCTT,1,3645311
tmaR_predicted,0.42857142857142855,8,6,ATAACACTCTTGCGACCTAA,2,3619917
tmaR_predicted,7.428571428571429,57,6,AGTTGTGTCTCTTGCAGGGA,51,3607979
tmaR_predicted,28.142857142857142,202,6,AGTTCGAGAATAGCTCTATG,196,3636868
tmaR_predicted,5.428571428571429,43,6,AGTGGGCCGTCCATAAAACG,37,3606107
tmaR_predicted,2.2857142857142856,21,6,AGTGATGCCTGCACATGCCG,15,3646734
tmaR_predicted,9.428571428571429,71,6,AGGTTACAGCTTGGAGATTT,65,3642890
tmaR_predicted,8.285714285714286,63,6,AGGTACCTCGCCCACTAGTT,57,3618052
tmaR_predicted,13.428571428571429,99,6,AGGTAAGCTGTGTTAATTCC,93,3639108
tmaR_predicted,0.2857142857142857,7,6,AGGGGAGTGCCCGGTGATTC,1,3604142
tmaR_predicted,0.2857142857142857,7,6,AGGACTTCCATACGTCGGTT,1,3647870
tmaR_predicted,5.857142857142857,46,6,AGCGGCCGGGTGACAGCATT,40,3608440
tmaR_predicted,0.2857142857142857,7,6,AGCGCGTGGTCGGCCTGGGA,1,3637531
tmaR_predicted,8.285714285714286,63,6,AGCCAATTCTGATTCGGTTT,57,3605570
tmaR_predicted,16.285714285714285,119,6,AGCACTCCACAACCACGCTG,113,3604069
tmaR_predicted,15.0,110,6,AGACTCGGCACTCGCGATTG,104,3632862
tmaR_predicted,7.857142857142857,60,6,AGAAATGCTGATCTCGGGAA,54,3649767
tmaR_predicted,21.142857142857142,153,6,ACTAAGCAACTAGGTGAAAC,147,3646521
tmaR_predicted,6.857142857142857,53,6,ACGTATGACTCCTGCCGAGA,47,3645556
tmaR_predicted,11.0,82,6,ACGCGAACGGTTGTAAACTT,76,3639370
tmaR_predicted,9.571428571428571,72,6,ACGCCCTTCGTCCGATATTC,66,3622993
tmaR_predicted,0.2857142857142857,7,6,ACGCACCGTATTTTGCGCAA,1,3618916
tmaR_predicted,2.2857142857142856,21,6,ACGATCGAGACCGGACAATT,15,3636716
tmaR_predicted,0.2857142857142857,7,6,ACGAAGCTTGATTGATCCAT,1,3614743
tmaR_predicted,2.857142857142857,25,6,ACCGTCTTCGCGATTACGTC,19,3633468
tmaR_predicted,53.57142857142857,380,6,ACCGAGGTAGATGACGCTTC,374,3644423
tmaR_predicted,5.142857142857143,41,6,ACCCGCGAGCGATCCTAGAA,35,3639877
tmaR_predicted,20.0,145,6,ACCCCTTGGGTGTACGAGGT,139,3632807
tmaR_predicted,0.2857142857142857,7,6,ACAGAAGGAACCCCTTCCCC,1,3632538
tmaR_predicted,7.142857142857143,55,6,ACAGAACCACAATTATGCAG,49,3638085
tmaR_predicted,5.142857142857143,41,6,ACAAAATCCTCCTCTGGATT,35,3648582
tmaR_predicted,7.571428571428571,58,6,AAGTTCTTCTCAACGTTAAA,52,3606449
tmaR_predicted,0.2857142857142857,7,6,AAGTTCAGGCAGGTAAGAAA,1,3627349
tmaR_predicted,0.2857142857142857,7,6,AAGTATCCCGAGCGCAACAA,1,3627376
tmaR_predicted,0.5714285714285714,9,6,AAGTAACTGTAGCGTCTATT,3,3649102
tmaR_predicted,14.714285714285714,108,6,AAGGTCCAACGGCTCATGCT,102,3615752
tmaR_predicted,1.7142857142857142,17,6,AAGGAGTGGATTTATCACAT,11,3626957
tmaR_predicted,3.857142857142857,32,6,AAGCCAACTTCGCCGTCAAG,26,3639559
tmaR_predicted,0.7142857142857143,10,6,AACTATTAGTCCCTACGAGG,4,3614073
tmaR_predicted,3.0,26,6,AAATCAACAGGTCATCTCAT,20,3641004
tmaR_predicted,0.5714285714285714,9,6,AAATATTTGAAGTCCGCGGA,3,3606406
tmaR_predicted,0.2857142857142857,7,6,AAAGAGTATGCAGGAAAAGT,1,3637215
tmaR_predicted,6.142857142857143,48,6,AAAGAGACATATTTACGATT,42,3630888
tmaR_predicted,0.42857142857142855,8,6,AAAAGACAATCCATCTGTCA,2,3641695
tmaR_predicted,0.5,7,5,TTTTGGATGGCACCCAGCCC,2,3611102
tmaR_predicted,0.3333333333333333,6,5,TTTCCTGGCGGTACGAGCAT,1,3614622
tmaR_predicted,0.5,7,5,TTTATAGCGCTGCACCGAAG,2,3640225
tmaR_predicted,14.666666666666666,92,5,TTGTTCAAATATAGCGTATA,87,3650118
tmaR_predicted,3.8333333333333335,27,5,TTGTGCGTGCACGGCACGGA,22,3606498
tmaR_predicted,15.166666666666666,95,5,TTGCGTTGACAGCGCACTGA,90,3642780
tmaR_predicted,37.333333333333336,228,5,TTGAGTGCTGGGTATCGACT,223,3636791
tmaR_predicted,14.5,91,5,TTCTAATCTCTGCCGCAGCG,86,3627780
tmaR_predicted,0.3333333333333333,6,5,TTCGGTTTATGCCTCCGAAA,1,3641110
tmaR_predicted,12.0,76,5,TTCCGGGGAAACCGCTCGAC,71,3647992
tmaR_predicted,0.3333333333333333,6,5,TTCCAAAAGATCTGCGTACT,1,3623874
tmaR_predicted,13.833333333333334,87,5,TTCACCGTGATGATCATGCG,82,3648516
tmaR_predicted,0.8333333333333334,9,5,TTATGCTGAAAGTACATCGG,4,3605058
tmaR_predicted,11.333333333333334,72,5,TTATCCTCCGCAGCTCCTCA,67,3639389
tmaR_predicted,1.0,10,5,TTATAATCGGGTTGCGGGTA,5,3626769
tmaR_predicted,5.666666666666667,38,5,TGTTGGCAAAATGACCTTTT,33,3621606
tmaR_predicted,1.8333333333333333,15,5,TGTGTATACTCGATGAAAAA,10,3617908
tmaR_predicted,0.3333333333333333,6,5,TGTGGGGGATTAACGTTACT,1,3650219
tmaR_predicted,6.5,43,5,TGTCTGTCTTGGTGCATGTG,38,3615344
tmaR_predicted,116.33333333333333,702,5,TGTCTGTACTCGCTGTGTGT,697,3647741
tmaR_predicted,10.333333333333334,66,5,TGTACCCAAGGACTTTTTTC,61,3615617
tmaR_predicted,12.333333333333334,78,5,TGGTTTATCTTCTAGCTACC,73,3630242
tmaR_predicted,12.333333333333334,78,5,TGGTCAGTAAGTAGGTCCCC,73,3644467
tmaR_predicted,2.1666666666666665,17,5,TGGGCCATGAATCGGACCGT,12,3608909
tmaR_predicted,1.0,10,5,TGGCGCATGTAGAGGGTAAA,5,3641672
tmaR_predicted,3.8333333333333335,27,5,TGGCCACATCAAAGCACAAG,22,3633369
tmaR_predicted,10.666666666666666,68,5,TGGACGACATAGACTCGTGG,63,3608055
tmaR_predicted,6.666666666666667,44,5,TGCTGCGGAATTGCGCGGTC,39,3624838
tmaR_predicted,29.0,178,5,TGCTGCGACTGATCCAAAGG,173,3621087
tmaR_predicted,6.5,43,5,TGCTCGACGCGGGTCTGGTA,38,3608349
tmaR_predicted,1.0,10,5,TGCAACAAAGTTCACCCTCC,5,3624498
tmaR_predicted,3.1666666666666665,23,5,TGATGCTAGGCGGCGTAATC,18,3649626
tmaR_predicted,0.5,7,5,TGACGAGGAGGATCGTGGCA,2,3642897
tmaR_predicted,14.666666666666666,92,5,TGACATCCACAGTGCTTGTT,87,3634682
tmaR_predicted,0.5,7,5,TGAAAGCCAGCGTTATAGGG,2,3605432
tmaR_predicted,2.3333333333333335,18,5,TCTGATGATCAGTTAGTGTA,13,3609061
tmaR_predicted,0.3333333333333333,6,5,TCGGATGCGGGAGCGCTCGC,1,3612049
tmaR_predicted,8.0,52,5,TCGGAGTACTTTGAGGAAGT,47,3627123
tmaR_predicted,10.666666666666666,68,5,TCGCCTGCCTAATGTGCACA,63,3611019
tmaR_predicted,1.0,10,5,TCGAAATACCGTTGCCATCC,5,3620114
tmaR_predicted,0.3333333333333333,6,5,TCCTAGGGCAGACGAGCATG,1,3647864
tmaR_predicted,1.0,10,5,TCCGTGCGAGCTCTAAACGT,5,3641235
tmaR_predicted,0.3333333333333333,6,5,TCCGATCCGTAGGGGCCTGA,1,3630341
tmaR_predicted,11.333333333333334,72,5,TATCGTCAGTAATGAGGAGG,67,3630317
tmaR_predicted,12.166666666666666,77,5,TATATTGACATCTTCGCCGG,72,3621925
tmaR_predicted,0.3333333333333333,6,5,TAGTATCGTAGTACGGCAAT,1,3622216
tmaR_predicted,5.5,37,5,TAGAAAAGCGTGGAATACTT,32,3605829
tmaR_predicted,6.0,40,5,TACGGATGTGATTCTAGAAC,35,3647235
tmaR_predicted,13.5,85,5,TACCACGACTTGAGCTTATA,80,3629528
tmaR_predicted,1.6666666666666667,14,5,TACATGACGTCTAGCACGTT,9,3649042
tmaR_predicted,0.5,7,5,TACAACCCTTTATAAGTAAT,2,3604070
tmaR_predicted,1.3333333333333333,12,5,TAAGTCGATGGGCTTAGTCA,7,3620543
tmaR_predicted,0.3333333333333333,6,5,TAACTCGCGGCATAGGGGCT,1,3618629
tmaR_predicted,5.333333333333333,36,5,GTTTTCCGGGTACAGCTTAC,31,3640678
tmaR_predicted,0.3333333333333333,6,5,GTTTGTCTCGAGTTTTCATA,1,3632686
tmaR_predicted,8.5,55,5,GTTTAATAGGCGCCGATTAG,50,3607920
tmaR_predicted,9.333333333333334,60,5,GTTGCTTCGACGAGGCTCAG,55,3609103
tmaR_predicted,13.166666666666666,83,5,GTGGAATCAGCTGGACCAAG,78,3627654
tmaR_predicted,15.333333333333334,96,5,GTGCGTCTTAAGCAACGTGT,91,3649356
tmaR_predicted,4.833333333333333,33,5,GTCACTCTGCATATCATCTC,28,3615708
tmaR_predicted,3.0,22,5,GTACCACAATACGATCGCAA,17,3623387
tmaR_predicted,4.166666666666667,29,5,GGTTTGCGGTATTTCAAGCG,24,3622849
tmaR_predicted,7.5,49,5,GGTTAGATGAGTCGACCTGA,44,3615347
tmaR_predicted,0.8333333333333334,9,5,GGTCCTACCGACGCGACGGA,4,3615945
tmaR_predicted,14.666666666666666,92,5,GGTCAGTTCGGGCTGCCCCC,87,3622367
tmaR_predicted,0.3333333333333333,6,5,GGTACACCGCCGTCACTCTA,1,3612469
tmaR_predicted,0.3333333333333333,6,5,GGTAACCGCACAAGGTCCAT,1,3646804
tmaR_predicted,0.5,7,5,GGGTTACCGCGAATCAATTC,2,3608312
tmaR_predicted,8.833333333333334,57,5,GGGTGCGACTCTTTGCACTG,52,3643899
tmaR_predicted,0.6666666666666666,8,5,GGGCCACGTTACCCCTTACA,3,3615245
tmaR_predicted,12.666666666666666,80,5,GGGCAGTGTCACGTGTCGGT,75,3648099
tmaR_predicted,20.166666666666668,125,5,GGGCACCATGCAACACATAT,120,3628889
tmaR_predicted,2.0,16,5,GGCGGGGTTTTGAATCTGAG,11,3611716
tmaR_predicted,8.833333333333334,57,5,GGCCGGGCACCTGTGCGCCC,52,3621890
tmaR_predicted,0.3333333333333333,6,5,GGCCAATGGGAAAAAACGGT,1,3621604
tmaR_predicted,0.3333333333333333,6,5,GGCAGGAAGAGGTGAAAGCG,1,3616183
tmaR_predicted,8.0,52,5,GGCAGCCCGCTAATACCCTG,47,3636568
tmaR_predicted,22.333333333333332,138,5,GGCAAACATTGGCACAAAGT,133,3616749
tmaR_predicted,0.3333333333333333,6,5,GGAGTAATTATTACTTGAGA,1,3639790
tmaR_predicted,14.666666666666666,92,5,GGAAAAGCATACACTTGGGA,87,3622047
tmaR_predicted,2.5,19,5,GCTGTAGAGGTTTAAGGGAA,14,3619973
tmaR_predicted,0.3333333333333333,6,5,GCTCATAATAAGGCGAGTTC,1,3630665
tmaR_predicted,0.8333333333333334,9,5,GCGTGTGTGTATTTTCTGAC,4,3641975
tmaR_predicted,17.166666666666668,107,5,GCGTCCCGAACTCTCGTAGG,102,3629801
tmaR_predicted,2.3333333333333335,18,5,GCGGCGCGAGCGACGTCAAT,13,3613740
tmaR_predicted,0.5,7,5,GCCTATCCAGGTCTCAAAGA,2,3645110
tmaR_predicted,7.666666666666667,50,5,GCCGTTCGAATACGCGACAT,45,3639612
tmaR_predicted,3.3333333333333335,24,5,GCCGCGAAGCGGAGACCAGG,19,3624778
tmaR_predicted,8.333333333333334,54,5,GCACCATCGGCCGTGCCAAG,49,3624446
tmaR_predicted,33.833333333333336,207,5,GCAATCTAAACGGTAAACGT,202,3644813
tmaR_predicted,0.3333333333333333,6,5,GCAACGAAGCCTGACAGAAC,1,3626629
tmaR_predicted,25.5,157,5,GATCATAACTTATCCAAGGA,152,3614399
tmaR_predicted,0.3333333333333333,6,5,GATATAAGGGTTCATGGTCG,1,3615191
tmaR_predicted,24.166666666666668,149,5,GAGTATCCTCTTGTTTAGCC,144,3647824
tmaR_predicted,8.833333333333334,57,5,GAGGATCATGATCCTCCGCA,52,3604718
tmaR_predicted,0.3333333333333333,6,5,GACAGTCATCGCTTCATCGG,1,3648893
tmaR_predicted,0.3333333333333333,6,5,GAATTTATCTTTTGTTAGAA,1,3642469
tmaR_predicted,0.3333333333333333,6,5,GAATCGCCTGGGGGACCAAA,1,3638357
tmaR_predicted,9.166666666666666,59,5,GAAGCATTTCACAGTGCCCA,54,3635723
tmaR_predicted,0.8333333333333334,9,5,GAACGTGCGAGATGACTGGG,4,3629674
tmaR_predicted,8.666666666666666,56,5,GAAATGGGTTGCCACATAGT,51,3634391
tmaR_predicted,3.8333333333333335,27,5,GAAATGATGATCCGTCTTGG,22,3612412
tmaR_predicted,12.5,79,5,GAAACTCCGGCTTCCAGCAA,74,3629106
tmaR_predicted,0.6666666666666666,8,5,CTTGCTACCGCGGTGAAAAT,3,3613561
tmaR_predicted,45.833333333333336,279,5,CTTCTCATATGACTTCAACT,274,3641244
tmaR_predicted,14.333333333333334,90,5,CTTCGGCCCAGTTCTATCCT,85,3641519
tmaR_predicted,1.1666666666666667,11,5,CTTCATCGCAGACAGCCCAT,6,3623947
tmaR_predicted,3.1666666666666665,23,5,CTTCAACCCGGTGAGTCATA,18,3640806
tmaR_predicted,4.166666666666667,29,5,CTGTCGGCTTTACTGCGCTC,24,3643606
tmaR_predicted,16.333333333333332,102,5,CTGGAAAATGTGTCGTCAGA,97,3640305
tmaR_predicted,4.166666666666667,29,5,CTCGGCTCTTAAGCTGGCTG,24,3639593
tmaR_predicted,0.3333333333333333,6,5,CTCGGAAGTGAATAAGGTGC,1,3618940
tmaR_predicted,0.5,7,5,CTCCGCTACACGTCACAATA,2,3631009
tmaR_predicted,0.3333333333333333,6,5,CTCATGCCAGAAGCGAAAAA,1,3625609
tmaR_predicted,5.333333333333333,36,5,CTCAGTTCGGCTAATTGCGG,31,3629901
tmaR_predicted,11.5,73,5,CTATGTATCCTCATTTTCGT,68,3635281
tmaR_predicted,6.666666666666667,44,5,CTATATTAAGCACTCGACGT,39,3629185
tmaR_predicted,0.5,7,5,CTAGAAGTCCCCCAAGCGCA,2,3609319
tmaR_predicted,3.3333333333333335,24,5,CTACCTATAGTGCGTATCCT,19,3631344
tmaR_predicted,0.3333333333333333,6,5,CTAAGCTTCTCGGTGAACTT,1,3622099
tmaR_predicted,3.8333333333333335,27,5,CGTGATTTCGCATCGGTCGG,22,3615983
tmaR_predicted,21.333333333333332,132,5,CGTCGCCTCTAGCAGCAGGA,127,3647629
tmaR_predicted,3.5,25,5,CGTATGTCGCCTTAGCATAG,20,3618673
tmaR_predicted,23.333333333333332,144,5,CGTACATCGTGGGGCAGGAC,139,3609748
tmaR_predicted,7.833333333333333,51,5,CGTAAGGCAAACATAGTCAG,46,3629807
tmaR_predicted,6.666666666666667,44,5,CGGGAGGCGCCAAACCTGTC,39,3637851
tmaR_predicted,12.166666666666666,77,5,CGGCCGGTACGATGCAGTAG,72,3616623
tmaR_predicted,4.166666666666667,29,5,CGGATCCTTGTATGTTCTAC,24,3629054
tmaR_predicted,12.0,76,5,CGCGCTGCGTTGATGTTAAC,71,3621712
tmaR_predicted,6.0,40,5,CGCCAATATGCTCAAGCCCC,35,3605083
tmaR_predicted,1.1666666666666667,11,5,CGCATCACCGACGAGGTCCT,6,3645252
tmaR_predicted,0.3333333333333333,6,5,CGACTCTCTCATAGATTCCT,1,3606648
tmaR_predicted,7.833333333333333,51,5,CGACTCCATCCACAAGACGG,46,3611553
tmaR_predicted,0.5,7,5,CGAATGGTGTAAAGGCTGTG,2,3640891
tmaR_predicted,0.3333333333333333,6,5,CCTTGGGCTCAAGACTCGGC,1,3608604
tmaR_predicted,0.3333333333333333,6,5,CCTTCAACCAGAATAGGAGT,1,3619091
tmaR_predicted,16.333333333333332,102,5,CCTGAGATGGGATTAATACT,97,3619393
tmaR_predicted,1.1666666666666667,11,5,CCTCTGTCGCAGATTAGGCT,6,3620609
tmaR_predicted,5.5,37,5,CCTCCTTTGGTCGCCACCAT,32,3606892
tmaR_predicted,0.5,7,5,CCTCAGAGATGCTTCTCTGT,2,3617753
tmaR_predicted,16.666666666666668,104,5,CCGTTGCTTGAAGGGCGACC,99,3628204
tmaR_predicted,8.333333333333334,54,5,CCGTCGGTAACAGAGCGCCC,49,3624474
tmaR_predicted,7.666666666666667,50,5,CCGCTGGCATCCCATTGCGT,45,3623599
tmaR_predicted,0.3333333333333333,6,5,CCGAAAGCCTTTGAAAGAGG,1,3647073
tmaR_predicted,3.6666666666666665,26,5,CCCGCCGGTGGACTGATTTC,21,3638907
tmaR_predicted,0.8333333333333334,9,5,CCCGAGCGAAGCTGGATCAA,4,3647240
tmaR_predicted,11.0,70,5,CCAGGGGATCCCAAGGGACT,65,3613970
tmaR_predicted,0.6666666666666666,8,5,CATTAATTTGGTCATGTGCG,3,3638204
tmaR_predicted,1.5,13,5,CATTAAATGGAGCTTGCCTG,8,3635865
tmaR_predicted,0.3333333333333333,6,5,CATCTTACCTATCGTGACAG,1,3638714
tmaR_predicted,26.333333333333332,162,5,CATCACGGGGTAACGCACAG,157,3617687
tmaR_predicted,30.666666666666668,188,5,CAGTTAAATCCGGTCGCACC,183,3630173
tmaR_predicted,0.3333333333333333,6,5,CAGTGCTGTATTGAAACGGC,1,3635324
tmaR_predicted,11.0,70,5,CAGCTAGTATATATAGCCTG,65,3604715
tmaR_predicted,10.166666666666666,65,5,CAGCCTTACTACGAGCCCTT,60,3634537
tmaR_predicted,0.3333333333333333,6,5,CAGCAAACTCGCCGGCGCCT,1,3612455
tmaR_predicted,6.5,43,5,CACTTGGGCATGGGTCTAAT,38,3640863
tmaR_predicted,16.0,100,5,CACTGGTTTGGTGTCTCTCG,95,3629093
tmaR_predicted,1.1666666666666667,11,5,CACGACTACTAGCAACCAAG,6,3607271
tmaR_predicted,3.6666666666666665,26,5,CACCGAAAGCAGGCCTAAAT,21,3633494
tmaR_predicted,0.6666666666666666,8,5,CACCACCGTTCTTGATTTAT,3,3636580
tmaR_predicted,0.5,7,5,CACAGCTACAACACGGTAGT,2,3640367
tmaR_predicted,0.3333333333333333,6,5,CAAGTCCAGGCGTAGCCAAG,1,3644127
tmaR_predicted,11.666666666666666,74,5,CAAGAGAAGTTCAACCAGTG,69,3624617
tmaR_predicted,0.3333333333333333,6,5,CAACTCTTGGGTTTACCCGT,1,3649393
tmaR_predicted,10.666666666666666,68,5,CAACGTAGCGCACCCGTGAG,63,3643983
tmaR_predicted,5.833333333333333,39,5,CAACATTCCGCCGGTATGTC,34,3628428
tmaR_predicted,0.6666666666666666,8,5,ATTTTTTTAGGACGCCTAGA,3,3642141
tmaR_predicted,0.6666666666666666,8,5,ATTTTTGTAGAACGTTGTAG,3,3612540
tmaR_predicted,0.3333333333333333,6,5,ATTCTACGATGCGAGCGGGA,1,3633333
tmaR_predicted,0.3333333333333333,6,5,ATTATTGGAGATATAGTTCC,1,3619190
tmaR_predicted,0.3333333333333333,6,5,ATTAGTGCCGTTATGTAGAC,1,3618142
tmaR_predicted,21.0,130,5,ATTACACAAGCAGTCATCAT,125,3621642
tmaR_predicted,2.8333333333333335,21,5,ATGGGTCTCTATGCTAGTGG,16,3620204
tmaR_predicted,4.833333333333333,33,5,ATGGGAATTGAGACTACTGT,28,3623037
tmaR_predicted,0.3333333333333333,6,5,ATCGTATACGCGTTAGTCCG,1,3647178
tmaR_predicted,16.0,100,5,ATCCTTCCGGCGCGTCCCAG,95,3611913
tmaR_predicted,11.0,70,5,ATCCTCGGCGGGCACCATCT,65,3633555
tmaR_predicted,1.0,10,5,ATCACCGCAGCGCGAGTTTT,5,3618985
tmaR_predicted,0.3333333333333333,6,5,ATATATAAGACAGGCACAGT,1,3645677
tmaR_predicted,0.3333333333333333,6,5,ATAGGCCTCGGTTGGGCATT,1,3636112
tmaR_predicted,7.166666666666667,47,5,ATACTTTTTTTAATATTGTG,42,3648133
tmaR_predicted,10.166666666666666,65,5,ATACGCCAATTTTATTAGTT,60,3613476
tmaR_predicted,0.5,7,5,AGTATCGCGTGACCCCATGG,2,3631158
tmaR_predicted,8.666666666666666,56,5,AGTAGGGTATAACAACTGTT,51,3647251
tmaR_predicted,33.666666666666664,206,5,AGGTTAATATCGCACCCCCC,201,3623756
tmaR_predicted,10.0,64,5,AGGGGACCACTGCTTGCACT,59,3627680
tmaR_predicted,3.1666666666666665,23,5,AGGGCGAGCCCGGGTGAGAG,18,3644961
tmaR_predicted,0.3333333333333333,6,5,AGCTGAAGGTGTGGGATTAG,1,3623072
tmaR_predicted,4.333333333333333,30,5,AGCTCGCAAATTTTAGGTGC,25,3633972
tmaR_predicted,4.166666666666667,29,5,AGCATTGGCCCGCGTAGCTT,24,3610293
tmaR_predicted,17.166666666666668,107,5,AGCATGCAGGCATCAACGAG,102,3607797
tmaR_predicted,0.6666666666666666,8,5,AGCAATGCACAAATACGGAT,3,3623215
tmaR_predicted,6.166666666666667,41,5,AGATGTATAACGGTGACGTT,36,3640425
tmaR_predicted,16.5,103,5,AGATATGGTACCCACGTTGA,98,3626463
tmaR_predicted,17.833333333333332,111,5,AGAGGCGGTCAATCCGTCAG,106,3643423
tmaR_predicted,12.333333333333334,78,5,AGACTGCCGCACCTCTCTCG,73,3625042
tmaR_predicted,4.5,31,5,AGAACCCAGAAGAGTGCATC,26,3641580
tmaR_predicted,0.3333333333333333,6,5,ACTATCCAATAGTACTGGCT,1,3627592
tmaR_predicted,0.3333333333333333,6,5,ACTAACGCACCTTTCGTGTT,1,3616991
tmaR_predicted,1.1666666666666667,11,5,ACGTTCGGGCTGGGGACATA,6,3635458
tmaR_predicted,0.3333333333333333,6,5,ACGCTCCGCGGGCTGCACCT,1,3614892
tmaR_predicted,0.5,7,5,ACGCAAACGACTGCTATGAT,2,3605497
tmaR_predicted,12.666666666666666,80,5,ACGAGTGTCTTTATACAACC,75,3633715
tmaR_predicted,0.3333333333333333,6,5,ACCGGGGTGAGTATAGTGTT,1,3648106
tmaR_predicted,7.0,46,5,ACCGGACAGACTTGTACGTA,41,3632488
tmaR_predicted,6.333333333333333,42,5,ACCATCATAGTCAACAGGAT,37,3636855
tmaR_predicted,26.333333333333332,162,5,ACCAGCTGTGTCAAACCGCT,157,3644214
tmaR_predicted,11.333333333333334,72,5,ACATCGCTGGTGTCGTCAAT,67,3624848
tmaR_predicted,0.5,7,5,AATTCCCGGCGTGGGGTTTA,2,3615007
tmaR_predicted,2.5,19,5,AATGCTCTCATAGATTAGAT,14,3648929
tmaR_predicted,0.5,7,5,AATCGAAGCCGTTCATATCG,2,3625334
tmaR_predicted,5.666666666666667,38,5,AATATATAAACAGCGTGCAA,33,3614330
tmaR_predicted,2.0,16,5,AAGTTAAAAGCCTGCCTAAT,11,3620245
tmaR_predicted,3.3333333333333335,24,5,AACCTCCGTGCCGGGCATGC,19,3619172
tmaR_predicted,5.166666666666667,35,5,AACCACGTGTCGCCCGTGAA,30,3649806
tmaR_predicted,0.3333333333333333,6,5,AACAACCCGCGATAAGTCGA,1,3641595
tmaR_predicted,10.166666666666666,65,5,AAACGCCGCAGTAACTGGGT,60,3649769
tmaR_predicted,0.4,5,4,TTTTTCGGGCCTTCGTTCCG,1,3649126
tmaR_predicted,61.6,311,4,TTTGCTCGGGTCCTGTACAG,307,3619920
tmaR_predicted,29.6,151,4,TTTCGGGCAGGGTGAGTCCC,147,3621935
tmaR_predicted,0.4,5,4,TTTAGGCGGACGGTGTGTCG,1,3623036
tmaR_predicted,0.6,6,4,TTGTCCTGCGGACACGGCCA,2,3642808
tmaR_predicted,2.0,13,4,TTGGGTCAAATTGTCATATT,9,3604349
tmaR_predicted,4.8,27,4,TTGAGTTGGCCCTTCCCGTA,23,3628200
tmaR_predicted,50.2,254,4,TTGACAGGGGGGCATCTACT,250,3612459
tmaR_predicted,0.4,5,4,TTCTACTTCGGTTCCACAAT,1,3616899
tmaR_predicted,0.4,5,4,TTCGACCGACAACTGCCGCA,1,3642056
tmaR_predicted,0.4,5,4,TTCCCCGGCCCTTCTTGATT,1,3629657
tmaR_predicted,0.6,6,4,TTCCCCGCACATATGCTTTA,2,3637049
tmaR_predicted,1.0,8,4,TTCACCTGCGCAGATGTGAA,4,3649728
tmaR_predicted,10.0,53,4,TTCAAAGTTTCATTACTCAA,49,3636553
tmaR_predicted,1.6,11,4,TTAGTCGCTCCGGCAATTCT,7,3627352
tmaR_predicted,0.4,5,4,TTAGGTCTCGCTAAGAGTTC,1,3623927
tmaR_predicted,12.2,64,4,TTAGACTTTCAACACTAACA,60,3620683
tmaR_predicted,0.4,5,4,TTACCCCCCACGCTGGCCGC,1,3617380
tmaR_predicted,0.4,5,4,TTAAGCAGCTAGAATAGTGA,1,3614126
tmaR_predicted,1.0,8,4,TTAACATGGTTCCTCTTGAG,4,3606662
tmaR_predicted,56.6,286,4,TGTTTGCCTGACGACCTCTG,282,3632211
tmaR_predicted,15.8,82,4,TGTTGGTAGCCACCCTGTCT,78,3619515
tmaR_predicted,8.8,47,4,TGTTAGGGAGTGTGTGGCTG,43,3618945
tmaR_predicted,0.4,5,4,TGTTAGAGGGACCGGATTAT,1,3650216
tmaR_predicted,0.4,5,4,TGTTAAATAGACTATATTCC,1,3614935
tmaR_predicted,27.6,141,4,TGTCGTGTGTGGCCTCCTTG,137,3629243
tmaR_predicted,3.4,20,4,TGTCGCTGAAGCAATATGCC,16,3606757
tmaR_predicted,30.2,154,4,TGGTGGGTAGTTCGGCTGTG,150,3606478
tmaR_predicted,17.8,92,4,TGCCGTAAGTGACGATTAAT,88,3620621
tmaR_predicted,21.4,110,4,TGCCCTGTTCAGTTGAATGA,106,3646420
tmaR_predicted,0.4,5,4,TGCCAGTATGCGAGAGAAGT,1,3614551
tmaR_predicted,3.2,19,4,TGATTGAGGCCCTATACTCA,15,3633183
tmaR_predicted,9.0,48,4,TGATTCGCCAGTACCAGAGG,44,3607798
tmaR_predicted,5.4,30,4,TGATATGGTCTGATCTCGCT,26,3604000
tmaR_predicted,1.2,9,4,TGACTGCAGGACGGACGTAA,5,3626205
tmaR_predicted,2.0,13,4,TGAATATCGGTCTGCCTATT,9,3628207
tmaR_predicted,0.4,5,4,TGAAAAGTATCATAAACCCT,1,3614113
tmaR_predicted,8.2,44,4,TCTTCTAACCTGATCTCTCT,40,3630905
tmaR_predicted,2.2,14,4,TCTTCAGTCTCAGACCTCTA,10,3644197
tmaR_predicted,9.2,49,4,TCTTACCGAATCCGACTCAC,45,3616526
tmaR_predicted,16.0,83,4,TCTGTTAGGAGTTCAGGGAC,79,3609781
tmaR_predicted,1.8,12,4,TCTGCTCAGGGGTTACAAAT,8,3628215
tmaR_predicted,2.8,17,4,TCTCGATCGGGCCATGCTCG,13,3615710
tmaR_predicted,0.4,5,4,TCGGGCAAGGGGCGCCGATG,1,3645735
tmaR_predicted,0.4,5,4,TCGATTAAATTTGATCTATA,1,3643272
tmaR_predicted,0.4,5,4,TCGAATGGTGCGTACATATG,1,3643156
tmaR_predicted,1.4,10,4,TCGAAACGCATCCTCTCTGT,6,3608645
tmaR_predicted,0.6,6,4,TCCGACGGAGGCATGACCGA,2,3637771
tmaR_predicted,0.4,5,4,TCCAAGAATTATCCCCGTGG,1,3628230
tmaR_predicted,0.4,5,4,TCATGGCAGGGCTGAAAAGG,1,3643238
tmaR_predicted,16.0,83,4,TCAGGCAGCCGGTTTACAAT,79,3615234
tmaR_predicted,7.6,41,4,TCACAATTGGCTGCACCGGC,37,3634832
tmaR_predicted,13.8,72,4,TCAAGGTATCCAAGCGGACG,68,3630429
tmaR_predicted,26.8,137,4,TCAACCAGACCCTTGAAAGG,133,3644427
tmaR_predicted,11.2,59,4,TATGTGGACTGCTAGTTAGA,55,3643898
tmaR_predicted,0.4,5,4,TATGGCTCCGGTGCGGTACG,1,3611464
tmaR_predicted,7.2,39,4,TATCGGACCCTAGATGCCGG,35,3620608
tmaR_predicted,2.4,15,4,TAGAAAATTAAGGATCGTTC,11,3621847
tmaR_predicted,6.4,35,4,TACTCGTTTACTAGGCTAGA,31,3626741
tmaR_predicted,13.0,68,4,TACTCATCCTGCATATATAA,64,3622357
tmaR_predicted,11.8,62,4,TACGCGCCAGCTACACGAGA,58,3642288
tmaR_predicted,9.4,50,4,TAATTATACACCACGGTCGT,46,3642582
tmaR_predicted,15.8,82,4,GTTTTAGAACAGTTGCGTAT,78,3610882
tmaR_predicted,7.2,39,4,GTTTAAGGATGATTGATCAA,35,3608906
tmaR_predicted,2.2,14,4,GTTGCTTGTCGTAGTTAGGA,10,3647266
tmaR_predicted,0.4,5,4,GTTCGACTCTTAATTTTATC,1,3645375
tmaR_predicted,0.4,5,4,GTTAAGTGGGGAACTGGCTT,1,3609974
tmaR_predicted,0.4,5,4,GTTAAATAGGTTATGTGCGC,1,3643377
tmaR_predicted,0.4,5,4,GTGTGCAGCTCTTTGGATGT,1,3646522
tmaR_predicted,16.0,83,4,GTGGGTGGCAGCGTGCATAG,79,3612312
tmaR_predicted,0.4,5,4,GTGCGGAACCCTTTCTGACG,1,3612973
tmaR_predicted,4.2,24,4,GTCTGCGTAGAAGCGTATGA,20,3636080
tmaR_predicted,15.8,82,4,GTCTATTTGATGTGGCTAAG,78,3612388
tmaR_predicted,0.6,6,4,GTCTAAGCTCTCCCCGGGCG,2,3604707
tmaR_predicted,6.0,33,4,GTCGTCAAGTTTACACCGAG,29,3621849
tmaR_predicted,0.4,5,4,GTCCTCACAGTAAATCTGTT,1,3632908
tmaR_predicted,0.4,5,4,GTCCGCGATAGTACTGTCTC,1,3619605
tmaR_predicted,9.2,49,4,GTCAATCCTAGGTGATATGT,45,3635399
tmaR_predicted,0.4,5,4,GTATTGATCCTGGCTCTATG,1,3614549
tmaR_predicted,0.4,5,4,GGTTGTTCCTCGGATGGGCG,1,3650179
tmaR_predicted,6.0,33,4,GGTTCGATCCATCGGTAGTA,29,3619936
tmaR_predicted,0.4,5,4,GGTTCACCAGTAACCGGGCC,1,3616022
tmaR_predicted,5.0,28,4,GGTTAGGGAATCAAGCCGCG,24,3627322
tmaR_predicted,0.4,5,4,GGTGGTCCGGTACTGACTTA,1,3647375
tmaR_predicted,21.8,112,4,GGTGACGGTAATATATCTAG,108,3649488
tmaR_predicted,2.2,14,4,GGTGAATTAGTGCTCGGGAC,10,3617454
tmaR_predicted,8.0,43,4,GGTCCGCCCGGTCGAGGCGA,39,3623917
tmaR_predicted,26.6,136,4,GGTATTCTAGACCGTAATGT,132,3619966
tmaR_predicted,4.0,23,4,GGTAGTGAGCCTCTTCAACC,19,3632615
tmaR_predicted,29.2,149,4,GGGTCGGATCAACGCGTGAT,145,3643089
tmaR_predicted,11.4,60,4,GGGGTGGAGCGGAACGGTTT,56,3611588
tmaR_predicted,0.4,5,4,GGGGGGTGCGGAAAATAAAA,1,3648448
tmaR_predicted,0.4,5,4,GGGGCCGGCGTATCTCTCCA,1,3631840
tmaR_predicted,4.8,27,4,GGGGATGCAGCACCAGGCTC,23,3613543
tmaR_predicted,5.2,29,4,GGGCAGGAAGTACAGCTGGC,25,3632402
tmaR_predicted,12.4,65,4,GGGAATGGTCGCTTCCCTGT,61,3614995
tmaR_predicted,6.6,36,4,GGCGCGCCGCACTTGCAATA,32,3649103
tmaR_predicted,12.6,66,4,GGCGATTAAAATAGTGGGTC,62,3639712
tmaR_predicted,7.0,38,4,GGCGAAGAGCGATTATGTGG,34,3614602
tmaR_predicted,20.8,107,4,GGCACAAAGTCTCGTGATAT,103,3647751
tmaR_predicted,5.6,31,4,GGATTCGAGTTAATAGCTGA,27,3629112
tmaR_predicted,6.6,36,4,GGATACGCGATATGCCGAGC,32,3635555
tmaR_predicted,2.0,13,4,GGAAGATTGTGCGGGCCTCC,9,3636007
tmaR_predicted,5.2,29,4,GGAAAGATCCCGAGCGGCAG,25,3618342
tmaR_predicted,2.8,17,4,GCTTTAAAGTAATTGGAACA,13,3608015
tmaR_predicted,5.8,32,4,GCTGCATGATCAGAGGTACA,28,3649531
tmaR_predicted,4.2,24,4,GCTCGTGCTTCCCCATAAGG,20,3606676
tmaR_predicted,6.2,34,4,GCGTTGGGCGGGCAAATAAT,30,3605658
tmaR_predicted,8.4,45,4,GCGGTTAGTCCCGGCTATCG,41,3620672
tmaR_predicted,0.4,5,4,GCGGAACTTCTCGACACAAG,1,3640280
tmaR_predicted,7.8,42,4,GCGATTTGCGTGCCACGGGC,38,3635630
tmaR_predicted,0.8,7,4,GCCTTGCACAGATCCAGAGA,3,3607453
tmaR_predicted,5.0,28,4,GCCGTCGAAGCGACGGGGAC,24,3619844
tmaR_predicted,19.2,99,4,GCCATTCCCATCTAAAAGTA,95,3636962
tmaR_predicted,6.0,33,4,GCACCGGCGCTAAGGGACCA,29,3634919
tmaR_predicted,0.4,5,4,GCACATTGGCTACCTACACT,1,3614809
tmaR_predicted,9.4,50,4,GATTTCAAGGCCTCTCTCAA,46,3644210
tmaR_predicted,0.4,5,4,GATTAATCGCCGCAGTTGTA,1,3645108
tmaR_predicted,0.4,5,4,GATGGTCAAAGCTAGCGACG,1,3613448
tmaR_predicted,10.8,57,4,GATCTTGATGAGAGAACGGA,53,3621594
tmaR_predicted,13.0,68,4,GATAGCTCTTTGGCTAACAT,64,3637261
tmaR_predicted,11.2,59,4,GATAAGACGCGGTCAGAGCA,55,3647866
tmaR_predicted,0.6,6,4,GAGGGATACACTCGCTGGGA,2,3648045
tmaR_predicted,19.8,102,4,GACTCTAGTGGAGGCGAACG,98,3643073
tmaR_predicted,12.8,67,4,GACCCTTATCGGTACCCGGC,63,3641726
tmaR_predicted,0.4,5,4,GAATTTCAAGTGTTCAAGGC,1,3605411
tmaR_predicted,0.8,7,4,GAATCGTGTTTAGTGTAAGA,3,3643031
tmaR_predicted,0.4,5,4,GAATCGTAGAGTGCGGCCAT,1,3619418
tmaR_predicted,2.0,13,4,GAACGGATAGGAATGTGAGC,9,3638705
tmaR_predicted,8.0,43,4,GAAATTCAGCCCAAGATCTC,39,3620156
tmaR_predicted,0.4,5,4,GAAAAGCTTTTCTCACATCA,1,3608671
tmaR_predicted,4.0,23,4,CTTCTAAACATGCTCTTCCT,19,3627492
tmaR_predicted,17.6,91,4,CTTAGACGCCATACAAGATG,87,3643200
tmaR_predicted,0.6,6,4,CTGGCCGTGGGTAAGGTCTC,2,3615506
tmaR_predicted,0.8,7,4,CTGGATTCTATCGTTTGTGA,3,3607455
tmaR_predicted,55.8,282,4,CTGCTTAGGGTGCAGCAAGA,278,3623107
tmaR_predicted,10.4,55,4,CTCTCTAAACTATTTGACAT,51,3642794
tmaR_predicted,0.6,6,4,CTCTACGTGAACGTGTGGCG,2,3614065
tmaR_predicted,8.0,43,4,CTCGTTGTAATCGTTCAAAT,39,3644045
tmaR_predicted,0.4,5,4,CTCCTGGCGCGGTCAAATAT,1,3639517
tmaR_predicted,11.2,59,4,CTCCGGAGGGAAACCTATTC,55,3616258
tmaR_predicted,9.2,49,4,CTCCGGAGGATACGACGAAC,45,3644842
tmaR_predicted,0.4,5,4,CTAGTTTCATCTCCATTGGA,1,3606669
tmaR_predicted,0.8,7,4,CTAGGAGTCAAAGGGATAGT,3,3604641
tmaR_predicted,3.4,20,4,CTAACGCGGGGCGCCATTCT,16,3619090
tmaR_predicted,5.8,32,4,CGTTAGCCTTGAGTGGTCCA,28,3625330
tmaR_predicted,0.4,5,4,CGTGGCTGTTCTCCAGCACA,1,3625981
tmaR_predicted,0.6,6,4,CGTCTAAACTTAGGCGAGCC,2,3622550
tmaR_predicted,7.2,39,4,CGGGAAGCGTGGCCAGGGTT,35,3629983
tmaR_predicted,3.8,22,4,CGGAGCATTCGTGTCACTGA,18,3617409
tmaR_predicted,0.4,5,4,CGGAAAAGCTTGCAAAAGAT,1,3628683
tmaR_predicted,0.4,5,4,CGCTTGCTCGTGCGTTCCTG,1,3621669
tmaR_predicted,5.0,28,4,CGCTTAGCGTCGGACGACTA,24,3632674
tmaR_predicted,1.0,8,4,CGCGCTGGAACGGGTTACGT,4,3638631
tmaR_predicted,24.6,126,4,CGCCATCCTACACCTTAGTG,122,3635163
tmaR_predicted,10.2,54,4,CGCACGTCAGGCCTTTACCA,50,3607626
tmaR_predicted,9.4,50,4,CGAATCAATGTTGCGCACAT,46,3626512
tmaR_predicted,5.0,28,4,CCTTTTGTAGTCGCGCGCGC,24,3619022
tmaR_predicted,0.4,5,4,CCTGGGCTTCTTATGAGCGA,1,3620277
tmaR_predicted,21.0,108,4,CCTGATCATAAGGGCGCGCC,104,3604138
tmaR_predicted,10.6,56,4,CCTCGTTTAAATGTCGTCTA,52,3616157
tmaR_predicted,1.2,9,4,CCGTCACATGCTTATGTTTT,5,3619250
tmaR_predicted,13.4,70,4,CCGCATCAGTTCCCACGGGC,66,3630059
tmaR_predicted,7.4,40,4,CCGACGTTCGTTGTTGCCCA,36,3636968
tmaR_predicted,17.2,89,4,CCCTTACGATTGGTACGTCA,85,3622469
tmaR_predicted,17.0,88,4,CATTGGGGGGGCGCTCCGTC,84,3634020
tmaR_predicted,0.4,5,4,CATTGATTTACGTCCCCTTT,1,3645476
tmaR_predicted,6.4,35,4,CATCTACGCATTAAGTAGAC,31,3616524
tmaR_predicted,22.4,115,4,CAGTACCCCCTCTCCTAGCA,111,3629848
tmaR_predicted,1.0,8,4,CAGGGGGACTACATGACAGT,4,3634276
tmaR_predicted,0.6,6,4,CAGCTCCCGACAGGAGTCAC,2,3625904
tmaR_predicted,2.6,16,4,CAGCCCCTCGTTCCTTAGGA,12,3645038
tmaR_predicted,0.4,5,4,CAGAAAGCTCCACCTATTAT,1,3609754
tmaR_predicted,0.4,5,4,CACTCAACCCGACTACACTA,1,3615284
tmaR_predicted,7.8,42,4,CACTAGGCCTTCGAGAGAGT,38,3620694
tmaR_predicted,33.0,168,4,CACGCCGAAGGGTCTGTACT,164,3609798
tmaR_predicted,13.8,72,4,CACATCATCACACTGATATT,68,3611892
tmaR_predicted,1.8,12,4,CAAGTTACGTATCTGAATGT,8,3635545
tmaR_predicted,0.4,5,4,CAAACTTAACCCCGCTCCTG,1,3605512
tmaR_predicted,10.2,54,4,CAAAAGCGTACCTTTCAGTG,50,3632547
tmaR_predicted,8.6,46,4,ATTTTGTATCACGACCGCCT,42,3630985
tmaR_predicted,88.4,445,4,ATTTGTGGAGGATTCACTGA,441,3611491
tmaR_predicted,5.0,28,4,ATTATGAGCTCTTACACCCA,24,3641225
tmaR_predicted,1.0,8,4,ATTAAGTAAAGATGGTAATT,4,3622534
tmaR_predicted,3.6,21,4,ATGGTTCAGCTCAGGGGATG,17,3612943
tmaR_predicted,1.4,10,4,ATGGGTCCAGTCGGACCATG,6,3647679
tmaR_predicted,0.8,7,4,ATGGGCTATTAAGAGAATGA,3,3607796
tmaR_predicted,6.0,33,4,ATGAAATCGGGCTATAATGC,29,3647633
tmaR_predicted,0.4,5,4,ATCTTTGAGGCAGTTCAGGC,1,3623844
tmaR_predicted,0.4,5,4,ATCGTCCAGCTACTCTCCTT,1,3640032
tmaR_predicted,9.2,49,4,ATCGGAGCGAACTGCGTAGC,45,3631770
tmaR_predicted,12.2,64,4,ATCAAACTAAAAGGATGTTT,60,3625572
tmaR_predicted,18.0,93,4,ATAGCAGGTAGCTCTCAGGG,89,3622575
tmaR_predicted,0.4,5,4,ATACCGATATATGGCTGACA,1,3641589
tmaR_predicted,2.2,14,4,AGTCTTTTTTAAGTCCTAAT,10,3646429
tmaR_predicted,0.6,6,4,AGTCGCAAGATACCCTGAGA,2,3618055
tmaR_predicted,7.4,40,4,AGTCAGTCGCGAGCCGAACT,36,3637246
tmaR_predicted,15.0,78,4,AGGTAGAGGACCAGCGTTTG,74,3606695
tmaR_predicted,20.4,105,4,AGGGTAAGGTGCATGACTGT,101,3637448
tmaR_predicted,9.2,49,4,AGGGCTAGGCCAGCATCGCA,45,3616266
tmaR_predicted,0.4,5,4,AGGGATTGTCAGGTTTCATC,1,3628991
tmaR_predicted,0.4,5,4,AGCTTTATCTCCCGGAGTAG,1,3640301
tmaR_predicted,0.4,5,4,AGCTAGTTTAACGACGGGGA,1,3645792
tmaR_predicted,0.4,5,4,AGCTAGTGCAACGCACTTGA,1,3648994
tmaR_predicted,34.8,177,4,AGCCTTTGATGAACTGGAAG,173,3649916
tmaR_predicted,0.4,5,4,AGCCGGGAAAGCCCCAACGA,1,3624733
tmaR_predicted,7.6,41,4,AGAAGTTTGCTGCTCAGTGT,37,3630424
tmaR_predicted,0.4,5,4,ACTAGGGTCAAGAGGTCCTG,1,3638317
tmaR_predicted,0.6,6,4,ACTACATGGGACAACAGAAA,2,3618528
tmaR_predicted,0.4,5,4,ACTAATATCTGGACCAGTTG,1,3639964
tmaR_predicted,5.2,29,4,ACGTTGGTTCCAAGCGACAA,25,3610112
tmaR_predicted,60.2,304,4,ACGTTACGCGTGTGAGCATT,300,3620615
tmaR_predicted,7.6,41,4,ACGTCATCCGGCATGCACGT,37,3617516
tmaR_predicted,0.8,7,4,ACGCCTTCGGCAGTTAATAT,3,3647294
tmaR_predicted,10.4,55,4,ACGCATCATGCAGAAATACA,51,3626239
tmaR_predicted,8.0,43,4,ACCGCCGAGACTCCTTGGGT,39,3641570
tmaR_predicted,5.2,29,4,ACCGATTTCTTACCGTTGGA,25,3624448
tmaR_predicted,0.8,7,4,ACCCTTCGCACTCTGTGGCA,3,3630436
tmaR_predicted,9.8,52,4,ACATTGGGTCAGGAGATTCA,48,3626569
tmaR_predicted,0.4,5,4,ACATGATATTCAAAAATCCA,1,3632326
tmaR_predicted,8.8,47,4,ACAGACTTCCTGGAATCGCC,43,3633669
tmaR_predicted,9.0,48,4,AATCTGTTTTTTCAGGTAAA,44,3645207
tmaR_predicted,7.6,41,4,AATCGTACCACGAGATCATA,37,3628120
tmaR_predicted,8.6,46,4,AAGCGAAATTGACACCGTTA,42,3622318
tmaR_predicted,0.8,7,4,AACTTCGACCAGAGGAGAGA,3,3623015
tmaR_predicted,0.4,5,4,AACCTGCGCTACATACTAGG,1,3616821
tmaR_predicted,1.2,9,4,AACCACGATCCGCACAGATA,5,3608039
tmaR_predicted,11.8,62,4,AACAAGAGAAGTTTTAGGAC,58,3640359
tmaR_predicted,2.75,13,3,TTTTGTTGGTTCGTTTTCGA,10,3643082
tmaR_predicted,0.5,4,3,TTTTGCCTGTTGAGGTTTAC,1,3638355
tmaR_predicted,6.0,26,3,TTTTGAATCCGGGAAGGGGG,23,3607701
tmaR_predicted,1.0,6,3,TTTGAGGAGAACGCGTTGAC,3,3606555
tmaR_predicted,5.75,25,3,TTGTTTCCTACACTGAGGCC,22,3645533
tmaR_predicted,6.25,27,3,TTGTTTACCCTACCAAAGTT,24,3637007
tmaR_predicted,21.0,86,3,TTGTGCTCGGATAGGCCTTG,83,3634471
tmaR_predicted,50.75,205,3,TTCTGCGACGAAGAAGCTCT,202,3626240
tmaR_predicted,1.75,9,3,TTCCACGCAAGTAGATTCCC,6,3642997
tmaR_predicted,5.5,24,3,TTAGTTCCTGTGTATGATGT,21,3613245
tmaR_predicted,22.5,92,3,TTAGACGCCTGTGAATGCAA,89,3632526
tmaR_predicted,0.5,4,3,TTAATGGAAAGCCTACATTG,1,3619428
tmaR_predicted,0.5,4,3,TTAAATGGGCGGAATCTATT,1,3642279
tmaR_predicted,0.5,4,3,TGTTCATATAGCGCTTAAGG,1,3632021
tmaR_predicted,0.5,4,3,TGTTAGGAGGTTATGTGGTA,1,3623823
tmaR_predicted,0.5,4,3,TGTTAGCTTCGGGGGAGTAG,1,3634063
tmaR_predicted,27.25,111,3,TGTGACCGTTGATAGCATCA,108,3605463
tmaR_predicted,4.25,19,3,TGTCCCCTCACGGTTTCTAT,16,3612644
tmaR_predicted,0.75,5,3,TGTCAGCGACGACCTCTTGG,2,3635330
tmaR_predicted,0.5,4,3,TGGTACGCAGCCCAGGTCGT,1,3632959
tmaR_predicted,14.0,58,3,TGGGGACGCCCCGATGCGGT,55,3644930
tmaR_predicted,0.5,4,3,TGGAGACGAGGGTAGCTCTA,1,3615701
tmaR_predicted,0.5,4,3,TGGAACGACTGGCGTGTGGT,1,3647313
tmaR_predicted,21.5,88,3,TGCTGAGCACTTTGCCGTAT,85,3628108
tmaR_predicted,16.5,68,3,TGCGTTTGTGCTCGTTACCG,65,3644886
tmaR_predicted,8.25,35,3,TGCCTCTAAGTGGTGATTAT,32,3634950
tmaR_predicted,28.0,114,3,TGCCAGGGCCGATATACCCT,111,3631660
tmaR_predicted,22.0,90,3,TGCAACTGTACCTCCGCGGG,87,3640967
tmaR_predicted,0.5,4,3,TGATTTCAGCACCTATCCTC,1,3646041
tmaR_predicted,0.5,4,3,TGACCTTGAGGTCGCACGGA,1,3622839
tmaR_predicted,18.0,74,3,TGACAATGGTACCACGTTCA,71,3630174
tmaR_predicted,4.75,21,3,TCTTAGTGCCTTCGCGAAGA,18,3642855
tmaR_predicted,0.5,4,3,TCTGGTGTTAGAAATCGCAC,1,3620603
tmaR_predicted,0.5,4,3,TCTCTCGGGGTACACAATCA,1,3630796
tmaR_predicted,0.5,4,3,TCTCGGGCATGAAAGCTTGG,1,3612588
tmaR_predicted,0.5,4,3,TCTCGGAGTCTGGTTAATTA,1,3630259
tmaR_predicted,28.0,114,3,TCGTGGTTATCTCCTCCAAC,111,3630509
tmaR_predicted,6.25,27,3,TCGTCTGCCACACTGGGCAG,24,3618387
tmaR_predicted,5.75,25,3,TCGGCTATATATCGCGTACA,22,3620049
tmaR_predicted,19.25,79,3,TCGCGAGCAGGAACGGACAC,76,3637802
tmaR_predicted,0.5,4,3,TCGCGAAACAGACTCGTCAT,1,3615881
tmaR_predicted,0.5,4,3,TCGAGTTTTGTGACGTGTCC,1,3622750
tmaR_predicted,0.5,4,3,TCGAAGGGAGAGGAAAGTAC,1,3642887
tmaR_predicted,3.0,14,3,TCCGAGATTTGCCCAGATAC,11,3618386
tmaR_predicted,4.0,18,3,TCCACAGCTGAAACGACTGG,15,3641778
tmaR_predicted,6.25,27,3,TCATTTATATTTTTTCCTAT,24,3606378
tmaR_predicted,6.25,27,3,TCATGGATACTAACCAACAT,24,3614547
tmaR_predicted,9.75,41,3,TCAGGTTTTCCTCAGGATTG,38,3628116
tmaR_predicted,14.0,58,3,TCACAGCCATTTGAGTGTTA,55,3621446
tmaR_predicted,0.5,4,3,TATTGGGACACTGAGCATGC,1,3642072
tmaR_predicted,18.0,74,3,TATTATCGGATAGGATTCTG,71,3642568
tmaR_predicted,83.5,336,3,TATCGGTACCCGCGCTGGCC,333,3613054
tmaR_predicted,35.0,142,3,TATCCATTCGCCTAGGACAT,139,3645614
tmaR_predicted,0.5,4,3,TATCCATCAAATAAATACAG,1,3648198
tmaR_predicted,1.75,9,3,TATAAGTCCCGGCTTAATGG,6,3633396
tmaR_predicted,5.25,23,3,TAGGTACAGTTTGGTAACTG,20,3605469
tmaR_predicted,0.75,5,3,TAGACATTCTGACTACCTGG,2,3630275
tmaR_predicted,65.75,265,3,TACGAAGTTGGAGATGATCT,262,3622936
tmaR_predicted,9.5,40,3,TACCCTATAAAAATGCGTCA,37,3642013
tmaR_predicted,2.75,13,3,TAAGAAGTGAGAGCGCGGAA,10,3645902
tmaR_predicted,34.0,138,3,TAAATGGCATATCGCGCGTC,135,3623711
tmaR_predicted,8.25,35,3,GTTGTATTTAAAGCGTTGAC,32,3626603
tmaR_predicted,1.75,9,3,GTTGCTGCCTTACTTTGACG,6,3606850
tmaR_predicted,13.25,55,3,GTTCGTGAGGGTTCCTGGAA,52,3623035
tmaR_predicted,17.0,70,3,GTTCGTGAGATAGAACGACC,67,3620782
tmaR_predicted,12.5,52,3,GTTAAGAAAAAGACTCATAT,49,3640169
tmaR_predicted,0.75,5,3,GTGGGTGGCCCATAAAGGTC,2,3647638
tmaR_predicted,7.75,33,3,GTGCCCGAATCAGTGGGCTT,30,3610352
tmaR_predicted,5.0,22,3,GTGATCTTGTCTCGCTGTGC,19,3636234
tmaR_predicted,0.75,5,3,GTGATCAACTCGAGACACCT,2,3617292
tmaR_predicted,17.75,73,3,GTCTCACGTATTACTCTGCG,70,3643067
tmaR_predicted,11.75,49,3,GTCCCTCGGATTGATATCGA,46,3615845
tmaR_predicted,66.5,268,3,GTATGTCTACTACCGATCTA,265,3625202
tmaR_predicted,20.75,85,3,GTACCATACATGGCTAGCTT,82,3616367
tmaR_predicted,3.0,14,3,GGTTGTAGGAGCTTGACCGG,11,3633670
tmaR_predicted,0.5,4,3,GGTTGCGTACAATTCACCAG,1,3650150
tmaR_predicted,10.75,45,3,GGTGTTTTTTAACGTTGATC,42,3618283
tmaR_predicted,22.0,90,3,GGTGATAGACAGGCTAGAGG,87,3649104
tmaR_predicted,1.25,7,3,GGGTTCTCTAAGGTACTTTC,4,3615387
tmaR_predicted,7.5,32,3,GGGGTCTTTACGTCACAATC,29,3625010
tmaR_predicted,43.25,175,3,GGGACTCGCCACGCATGGGT,172,3614674
tmaR_predicted,1.0,6,3,GGCTTTCAGCGAGCTTTTAC,3,3605970
tmaR_predicted,0.5,4,3,GGCTGGATACTCCGACGTGA,1,3609960
tmaR_predicted,31.25,127,3,GGCTCCGAGACTGACCCATC,124,3631353
tmaR_predicted,0.5,4,3,GGCTAGTAGGGAATAGACCT,1,3617512
tmaR_predicted,45.25,183,3,GGCGCCGTTGGTTTGGGTAA,180,3618709
tmaR_predicted,22.25,91,3,GGCGATTCTAGGCTTGAAGG,88,3630589
tmaR_predicted,0.5,4,3,GGATTTCCCTAGTAACACCA,1,3624344
tmaR_predicted,2.5,12,3,GGATGGCTGTACCACCAAAA,9,3633188
tmaR_predicted,5.5,24,3,GGAGCATAGAAAAATTGTAC,21,3615359
tmaR_predicted,23.0,94,3,GGAATTGGAAAGATCTAGTA,91,3618530
tmaR_predicted,0.5,4,3,GGAATCCGGTCGGAGTGGAT,1,3613912
tmaR_predicted,1.25,7,3,GGAAGACTACAGAAAATGTA,4,3650228
tmaR_predicted,19.5,80,3,GCTTTGCTATGTCGCGGTTT,77,3637759
tmaR_predicted,0.5,4,3,GCTGCCAGATTTTATGTGAA,1,3643736
tmaR_predicted,2.0,10,3,GCTCCCACAAGTAACGATGT,7,3618018
tmaR_predicted,3.0,14,3,GCTAGCCTAACACGGCTCCA,11,3621316
tmaR_predicted,6.5,28,3,GCGTCAGGCTAGTTGCCTCG,25,3636101
tmaR_predicted,30.5,124,3,GCGGGGTGCCTCAACCCATT,121,3605424
tmaR_predicted,0.5,4,3,GCGGCGCTCCGGGCAGCCAG,1,3630908
tmaR_predicted,0.5,4,3,GCGGATTACGAACCGCGGAC,1,3645571
tmaR_predicted,7.5,32,3,GCGCTACCGCCTTCTGATCA,29,3615548
tmaR_predicted,16.25,67,3,GCGATAGCCACGCCGTGTAA,64,3630437
tmaR_predicted,22.5,92,3,GCCTCGCGCCTTGAACGCTA,89,3633641
tmaR_predicted,6.5,28,3,GCCGAATGGTGTAGGCGGAA,25,3648125
tmaR_predicted,0.5,4,3,GCATAGAAGCATCGCGAGAT,1,3604405
tmaR_predicted,0.5,4,3,GCACTCTCGTGCCTAGACAA,1,3622027
tmaR_predicted,10.25,43,3,GATTGGGCCGTCTAATCCAT,40,3637712
tmaR_predicted,431.25,1727,3,GATGCTGGGTCAATGGGTTA,1724,3621416
tmaR_predicted,6.75,29,3,GATATCCTGCGAATCACCTG,26,3644830
tmaR_predicted,6.0,26,3,GATACCCCTATCGTGATTGT,23,3628970
tmaR_predicted,3.75,17,3,GAGTTAGTCCGGCCGAACTC,14,3607472
tmaR_predicted,0.75,5,3,GAGTATTTTTGCTTCGCTAT,2,3624473
tmaR_predicted,2.5,12,3,GAGGTACTGACTGAGATACT,9,3604892
tmaR_predicted,6.5,28,3,GAGGGACCAGTCCTTATAGA,25,3618304
tmaR_predicted,9.25,39,3,GAGCGTCCCCCTCCGCTCTC,36,3646475
tmaR_predicted,7.5,32,3,GAGCGACGCGATTATGCGCC,29,3622842
tmaR_predicted,0.5,4,3,GACTGGGACCCGGTCCTGTC,1,3622238
tmaR_predicted,1.0,6,3,GACTGCACCTGTCTTCACCC,3,3633010
tmaR_predicted,0.75,5,3,GACTGACTTGGGTTCGGTGG,2,3635757
tmaR_predicted,16.25,67,3,GACTACGCTCTCCTCGGCTC,64,3607342
tmaR_predicted,12.75,53,3,GACTACCAAAGAGGTACCGC,50,3647770
tmaR_predicted,17.75,73,3,GACGGTTGTACCGATACGTA,70,3647307
tmaR_predicted,0.5,4,3,GACGGTAGATCGAGCAGTAG,1,3642679
tmaR_predicted,0.5,4,3,GACCGTTAGTTCGTGCCTGA,1,3646229
tmaR_predicted,0.5,4,3,GACCACGCTCATCGAGCATG,1,3612022
tmaR_predicted,0.75,5,3,GAATGTGGGGACAGCCAGCT,2,3604870
tmaR_predicted,0.5,4,3,GAATGGTATTCACCACTATA,1,3604323
tmaR_predicted,14.5,60,3,CTTTCTGACCGCGCATGTTG,57,3618381
tmaR_predicted,2.25,11,3,CTTGTCATCACCGACCTAGA,8,3637181
tmaR_predicted,19.0,78,3,CTTCGCGGAGCACTAGCCAG,75,3619930
tmaR_predicted,26.75,109,3,CTGGCTTCCTACATAGTGCT,106,3624491
tmaR_predicted,21.0,86,3,CTGGACGAGGAAAGCAGGTG,83,3623810
tmaR_predicted,1.5,8,3,CTGAGTATACCTCAGCGGCG,5,3615247
tmaR_predicted,1.0,6,3,CTGACATGGTTAGGACGGGA,3,3616792
tmaR_predicted,20.25,83,3,CTCTACCTGACAGGAAGACT,80,3612449
tmaR_predicted,0.5,4,3,CTCATGCGAGTGGATCCAGT,1,3608245
tmaR_predicted,20.5,84,3,CTCAGCGATAGAACAATGCC,81,3646032
tmaR_predicted,4.5,20,3,CTATGAGACTTGCCGCCCGG,17,3646411
tmaR_predicted,16.75,69,3,CTACTAAATCGCAATCGCTA,66,3647606
tmaR_predicted,90.0,362,3,CTACGCAATCATGGTGGGGA,359,3630057
tmaR_predicted,1.0,6,3,CTAATCATTCCGGCACAGCA,3,3616050
tmaR_predicted,3.75,17,3,CTAATAAATCAGACGGGGGT,14,3608789
tmaR_predicted,21.0,86,3,CGTTCCAAACAAGCGGGGGG,83,3610354
tmaR_predicted,1.75,9,3,CGTCCGGGTAGCCTCTTTGA,6,3646392
tmaR_predicted,12.0,50,3,CGTATGGATCAGGATCCTGA,47,3615884
tmaR_predicted,18.75,77,3,CGTATCAGTTAATAACCCTA,74,3644789
tmaR_predicted,17.0,70,3,CGTAAGGAAACGATTAAACT,67,3643214
tmaR_predicted,17.75,73,3,CGGTTTAATCTATCCGGGAC,70,3649407
tmaR_predicted,1.75,9,3,CGGTCTTGCAGAATCGAGCA,6,3632847
tmaR_predicted,5.5,24,3,CGGGGACGGATTCGCTTTTT,21,3630816
tmaR_predicted,11.25,47,3,CGGCTATGGGATGCGGGTTG,44,3624134
tmaR_predicted,0.5,4,3,CGGAGGACGCTTCTAGTATT,1,3608133
tmaR_predicted,7.25,31,3,CGCGGCGCGAAGGGGGGAAT,28,3633413
tmaR_predicted,13.5,56,3,CGCGAGAGGCCCTAGGTCGT,53,3625842
tmaR_predicted,9.75,41,3,CGCATATCTTTCAGTTCACT,38,3648727
tmaR_predicted,12.5,52,3,CGCAAGGGGTTCCTTGGCTA,49,3632667
tmaR_predicted,27.25,111,3,CGATGCAACACTGGTGATCG,108,3644988
tmaR_predicted,11.0,46,3,CGAGCCCTACTTGCTAGGAT,43,3625628
tmaR_predicted,18.5,76,3,CGAGAGGCGGGGCGGCTTAG,73,3619494
tmaR_predicted,0.5,4,3,CGACTGGAGTTAATCTTCTA,1,3606978
tmaR_predicted,14.0,58,3,CGACGAAGGGCACAAAATGG,55,3609226
tmaR_predicted,24.75,101,3,CGACCCTCAACGCTGGCTTG,98,3609207
tmaR_predicted,32.0,130,3,CGAAGGAGTGCTCTGCAGAC,127,3636816
tmaR_predicted,1.25,7,3,CCTTGTGTATCCTACCCAAA,4,3616860
tmaR_predicted,15.0,62,3,CCTTACATCGAGGCCCTCCT,59,3633363
tmaR_predicted,10.25,43,3,CCTCGGACCTAACGTATGGT,40,3624403
tmaR_predicted,0.75,5,3,CCTCCACTGTGGGAGAGACA,2,3626924
tmaR_predicted,11.0,46,3,CCTAAGTATACCGGCCTGGG,43,3628228
tmaR_predicted,0.5,4,3,CCGTTGTAATAGGGCAGTTC,1,3627783
tmaR_predicted,0.5,4,3,CCGTCATAATTTTGCCGCTA,1,3645554
tmaR_predicted,8.0,34,3,CCGGTGGGTCGCATCCGTAC,31,3622639
tmaR_predicted,11.75,49,3,CCGAAAAGCCTTTCTACGTA,46,3621662
tmaR_predicted,11.5,48,3,CCCTCTTGGCGCATTCGCCA,45,3640819
tmaR_predicted,0.5,4,3,CCCTCGGAGATGCGACATCC,1,3641055
tmaR_predicted,3.0,14,3,CCCGCCCTCACTGACCGTTC,11,3615121
tmaR_predicted,9.75,41,3,CCCATGGATCGGCTTCTCGC,38,3629450
tmaR_predicted,0.5,4,3,CCCATAAGTGGGCACCTTTG,1,3632519
tmaR_predicted,39.25,159,3,CCATGTTAAGCCCCGCGAGA,156,3644907
tmaR_predicted,25.0,102,3,CCATCGAGTGCGCACCGTCT,99,3627673
tmaR_predicted,22.0,90,3,CCATATCTGGGACACACACT,87,3604377
tmaR_predicted,1.25,7,3,CCACTTTGAACACGTCTTAT,4,3604538
tmaR_predicted,6.5,28,3,CCAATAGCATTTACCCTCTA,25,3645672
tmaR_predicted,35.25,143,3,CCAAATGTTTGTTACGCGTC,140,3642459
tmaR_predicted,2.5,12,3,CATTATTGATTAATAATGAG,9,3641661
tmaR_predicted,0.5,4,3,CATTAAATTTCGCTAGTCCC,1,3607321
tmaR_predicted,1.25,7,3,CATGTGGATGTGTTCTGCCT,4,3626849
tmaR_predicted,0.5,4,3,CAGTTACAGAAGTAGGTTTA,1,3616488
tmaR_predicted,8.0,34,3,CAGGCAATCCTGGTCTAAAT,31,3631542
tmaR_predicted,10.25,43,3,CAGCTCTTAGTTATGCTCCA,40,3635906
tmaR_predicted,0.5,4,3,CAGCCGGACTAGGTCGTGTT,1,3642830
tmaR_predicted,0.5,4,3,CAGCATTAAAGACCCTTGCA,1,3617119
tmaR_predicted,11.25,47,3,CACTGTGTCAAGTAGACTCC,44,3626201
tmaR_predicted,4.5,20,3,CACTGCAGACGGGTGTTGGC,17,3631867
tmaR_predicted,0.5,4,3,CACGCGACGCGACTTCCTAC,1,3635582
tmaR_predicted,2.5,12,3,CAATAACACTAAGCCTAAGA,9,3612984
tmaR_predicted,1.0,6,3,CAAGATTACCGGCAACTAAA,3,3606370
tmaR_predicted,0.5,4,3,ATTTACAGACCGTATACATT,1,3644498
tmaR_predicted,0.5,4,3,ATTAACGAGGTCATTTTGGC,1,3620147
tmaR_predicted,0.5,4,3,ATGTTGGTATGTCCTTTATA,1,3644221
tmaR_predicted,0.5,4,3,ATGGCAGTCAAATTCAGGTA,1,3640990
tmaR_predicted,40.25,163,3,ATGCGGCTTCATACAAGTCT,160,3633613
tmaR_predicted,26.5,108,3,ATCAGTCCCATGCCGTCTGT,105,3629135
tmaR_predicted,17.75,73,3,ATCAAACACAGTGAATGGGA,70,3647743
tmaR_predicted,0.5,4,3,ATATCGACCTAGTGCGAGCG,1,3619079
tmaR_predicted,14.5,60,3,ATATATAGAACAGCATATGT,57,3633186
tmaR_predicted,11.5,48,3,ATACTCTTGTTGTGCCGCAT,45,3632855
tmaR_predicted,28.25,115,3,ATACGGCGGTCTAGCGGTAC,112,3647239
tmaR_predicted,15.75,65,3,AGTTATTCAGTGCGCCACCT,62,3644228
tmaR_predicted,0.5,4,3,AGTCCACAGGCCGATCAAGT,1,3610062
tmaR_predicted,3.75,17,3,AGTATTGGCACATAAATGTA,14,3612560
tmaR_predicted,0.5,4,3,AGGATGAAGCCATCTAAACT,1,3629456
tmaR_predicted,10.25,43,3,AGGATCTAGAATAGATATGT,40,3610378
tmaR_predicted,10.5,44,3,AGGACTGTATCTTCGCCGTA,41,3647086
tmaR_predicted,8.25,35,3,AGCTGCAGACTCATGGCTCC,32,3609030
tmaR_predicted,0.75,5,3,AGCCATGGTATTGGGGGTTT,2,3612527
tmaR_predicted,8.25,35,3,AGATCTAATAGAACCTTCAA,32,3619842
tmaR_predicted,0.5,4,3,AGATCATATCGGGAAAACTT,1,3621569
tmaR_predicted,6.0,26,3,AGAGGTGCTTGGGGTAACAT,23,3645806
tmaR_predicted,2.5,12,3,AGAGACGAAAGAGAGTGCTG,9,3626310
tmaR_predicted,6.75,29,3,AGACCAACGAGTGGCGCCGA,26,3642172
tmaR_predicted,46.75,189,3,AGAACTAGGTGAGGTTATCT,186,3642708
tmaR_predicted,15.25,63,3,ACTTAAAATGTTTTGGGTTT,60,3620626
tmaR_predicted,4.0,18,3,ACTGCGACATAAGATATAAC,15,3621253
tmaR_predicted,17.75,73,3,ACTCGCGCTTAGCCGTGTGA,70,3649295
tmaR_predicted,1.5,8,3,ACTCCAGCGGACGTCATTGG,5,3616055
tmaR_predicted,0.75,5,3,ACTCACCCGCGCACTGTTGT,2,3611948
tmaR_predicted,0.75,5,3,ACTATTGAGGCAAGATGAGG,2,3618294
tmaR_predicted,5.0,22,3,ACTATGTTTTGTAATACCTC,19,3640308
tmaR_predicted,14.5,60,3,ACGGGCTAATATACCAAAAT,57,3625068
tmaR_predicted,6.5,28,3,ACGCTGGCTCGCCCTAGTGT,25,3624957
tmaR_predicted,33.75,137,3,ACGATAGGTTAGTTCTTTTG,134,3631227
tmaR_predicted,12.0,50,3,ACCTTTATCATGCGTTGTCA,47,3612132
tmaR_predicted,4.75,21,3,ACCGGTATTTCCACCGTGGC,18,3626582
tmaR_predicted,22.0,90,3,ACCCTCCATTCATTCGAGGC,87,3609857
tmaR_predicted,0.75,5,3,ACCAAATTGAGAGGCTTGGG,2,3641285
tmaR_predicted,10.25,43,3,ACATGCGGGTCAATCCGCTC,40,3611498
tmaR_predicted,0.5,4,3,ACATATAGCGGTGCTAGGCT,1,3610942
tmaR_predicted,0.5,4,3,ACATAGGTTCAAAGCAAGCA,1,3648492
tmaR_predicted,0.5,4,3,ACAGGCAAACTTGAAACCCT,1,3641754
tmaR_predicted,22.75,93,3,ACAGCTCGCGGTTCTTCAGA,90,3628395
tmaR_predicted,0.5,4,3,ACACGTAGGATTTTCTCTGG,1,3607968
tmaR_predicted,0.5,4,3,AATTTCATCTCATCGCCACT,1,3634341
tmaR_predicted,29.25,119,3,AATGAAGCGCTCGGCTCCCC,116,3633185
tmaR_predicted,41.25,167,3,AATCCGTATGGGTGCCAAGC,164,3615346
tmaR_predicted,8.5,36,3,AAGCGGATCAGTGGACGAAT,33,3621148
tmaR_predicted,0.5,4,3,AAGCAGTCTCCACAGCCCGT,1,3641716
tmaR_predicted,64.0,258,3,AACTATTTGGGACCGAAGTA,255,3613060
tmaR_predicted,19.75,81,3,AACGGTCGGGTTCAATTGCA,78,3606210
tmaR_predicted,12.25,51,3,AACGGAATCCGGTGGCAGAT,48,3631176
tmaR_predicted,1.0,6,3,AACGAGGTTTTGAGGGGGAA,3,3648267
tmaR_predicted,24.0,98,3,AACACCTGGGCGGGTACATC,95,3626905
tmaR_predicted,13.5,56,3,AAAGCTATGACTATAGAAAA,53,3620054
tmaR_predicted,0.6666666666666666,3,2,TTTTCTCTCAAGGATGACTC,1,3644601
tmaR_predicted,12.0,37,2,TTTGGATAGGCTTCCGCATG,35,3648394
tmaR_predicted,0.6666666666666666,3,2,TTTCTTATTTGATGCGCGGT,1,3629538
tmaR_predicted,5.0,16,2,TTGTAATTGAAGTGGCTATG,14,3618553
tmaR_predicted,10.666666666666666,33,2,TTGGCTCCTGGCAGTATTTT,31,3648945
tmaR_predicted,14.0,43,2,TTGCTTATGTGCAACCGCTG,41,3633871
tmaR_predicted,26.333333333333332,80,2,TTGACGGCGATTCACAACGT,78,3618285
tmaR_predicted,0.6666666666666666,3,2,TTCTTGTACAGAGACCTTCT,1,3611538
tmaR_predicted,28.0,85,2,TTCTGTCTATAGAGCTCAGT,83,3620562
tmaR_predicted,13.666666666666666,42,2,TTCTGGGGTAGTCACGCCAG,40,3629091
tmaR_predicted,22.333333333333332,68,2,TTCTCTGCGTATCTCACTCT,66,3621928
tmaR_predicted,0.6666666666666666,3,2,TTCGTCCTGGGGAAAAGTGA,1,3617846
tmaR_predicted,3.6666666666666665,12,2,TTCCGAGTCTCAAAGGCCAC,10,3609480
tmaR_predicted,27.0,82,2,TTCCAGATGTGCTGCTTCTA,80,3605430
tmaR_predicted,0.6666666666666666,3,2,TTCATCCGTAGCGCTTAGCA,1,3606201
tmaR_predicted,13.333333333333334,41,2,TTCAAAGTTATCGTGAAACG,39,3607630
tmaR_predicted,0.6666666666666666,3,2,TTAGACCAATCCATATTGCG,1,3617068
tmaR_predicted,0.6666666666666666,3,2,TTACTTTCCTTGAATTCATG,1,3629651
tmaR_predicted,19.666666666666668,60,2,TGTGCCCTAATCCGAGAGCA,58,3627784
tmaR_predicted,1.0,4,2,TGTAAGGTATCAGGAGACCC,2,3643620
tmaR_predicted,10.666666666666666,33,2,TGGTAGGAGTTCCTCGGAGT,31,3633126
tmaR_predicted,11.0,34,2,TGGGCCGGAGAGCCGACGAC,32,3617891
tmaR_predicted,118.0,355,2,TGGATGCATGAAGTCCCGGT,353,3612475
tmaR_predicted,5.333333333333333,17,2,TGGAGCGGATTCAACCGATG,15,3612359
tmaR_predicted,18.0,55,2,TGCCTCAGGGATTAAAGATT,53,3614704
tmaR_predicted,29.333333333333332,89,2,TGCATCTGCGTGCTGTATAG,87,3633517
tmaR_predicted,23.666666666666668,72,2,TGCACCGGTAGCGATGCGTT,70,3610198
tmaR_predicted,21.0,64,2,TGCACAACTCCTGGCGATCC,62,3610237
tmaR_predicted,0.6666666666666666,3,2,TGAGTGCTAGTGGTTATCTA,1,3641186
tmaR_predicted,16.333333333333332,50,2,TGAGCGTAAATGTAGGTATG,48,3631983
tmaR_predicted,137.0,412,2,TGAATGGTCGGCAGTCAGCG,410,3620052
tmaR_predicted,10.333333333333334,32,2,TGAAGGAGTTCGCCGATTCG,30,3621322
tmaR_predicted,0.6666666666666666,3,2,TCTTCAAGGTCGGTTCCGTG,1,3608095
tmaR_predicted,1.3333333333333333,5,2,TCTGCCACACCAATTCGTGA,3,3640103
tmaR_predicted,16.0,49,2,TCTGATAGTGCCTGCACGAG,47,3616291
tmaR_predicted,25.666666666666668,78,2,TCTCTCGGTCAGCGCTAAAG,76,3629326
tmaR_predicted,15.666666666666666,48,2,TCTCCCAGTTGTACGTCAGA,46,3636423
tmaR_predicted,33.333333333333336,101,2,TCGCCTTTCCTTAGGTGTTA,99,3619426
tmaR_predicted,35.666666666666664,108,2,TCGAGGTTCTGAACGCTAGA,106,3633681
tmaR_predicted,1.0,4,2,TCGACACTGGTTCGATGTAA,2,3636322
tmaR_predicted,0.6666666666666666,3,2,TCGAAAGCCACGGTTGTAGA,1,3617967
tmaR_predicted,87.0,262,2,TCCTTAAAGCCCCTGCCAGA,260,3607222
tmaR_predicted,1.0,4,2,TCCTATGCAGGACGTTGAGC,2,3622821
tmaR_predicted,7.666666666666667,24,2,TCCTAAGAATTCGCTGGTGT,22,3640542
tmaR_predicted,16.666666666666668,51,2,TCCCAGACCATTGTGTCGAA,49,3642278
tmaR_predicted,32.0,97,2,TCACCACAGCGAAAAAGGTC,95,3627066
tmaR_predicted,3.3333333333333335,11,2,TCAACACATCTGGTCGATGC,9,3613416
tmaR_predicted,20.333333333333332,62,2,TATTATGATTCCAGCTTCAT,60,3632543
tmaR_predicted,13.0,40,2,TATTACCGGTAAGAAGCTCC,38,3629136
tmaR_predicted,0.6666666666666666,3,2,TATGTCCTCTGGACTACTGG,1,3632786
tmaR_predicted,0.6666666666666666,3,2,TATGGACTTACAGCCATCGC,1,3642293
tmaR_predicted,5.333333333333333,17,2,TATACATGGCTTCCCTCCAA,15,3622017
tmaR_predicted,10.333333333333334,32,2,TATAATGTGCCGATGTCCCT,30,3627553
tmaR_predicted,1.0,4,2,TATAACTACACGAAAAGCCC,2,3628129
tmaR_predicted,36.333333333333336,110,2,TAGCTTAGTTATTTGTCCTG,108,3627990
tmaR_predicted,24.666666666666668,75,2,TAGCGACTATGTTCGGAGAC,73,3629327
tmaR_predicted,12.666666666666666,39,2,TAGATCGATGCTAATAGAAC,37,3626768
tmaR_predicted,0.6666666666666666,3,2,TAGAGAAAGGTCAGAGCTTC,1,3612484
tmaR_predicted,7.333333333333333,23,2,TAGACTACCATTCACCATTG,21,3612425
tmaR_predicted,0.6666666666666666,3,2,TACTATGTATGAGATGGAGA,1,3637066
tmaR_predicted,11.666666666666666,36,2,TACGTGCTGATATGACACAG,34,3611404
tmaR_predicted,16.666666666666668,51,2,TACGTCGCGTACGTCTCCCA,49,3621335
tmaR_predicted,7.0,22,2,TACCATTTTTCGCTCCAGTC,20,3605922
tmaR_predicted,2.3333333333333335,8,2,TAATGCTCGTAGTAAAGGCT,6,3646460
tmaR_predicted,2.6666666666666665,9,2,TAACTTGATGCGCATAGATA,7,3634904
tmaR_predicted,5.333333333333333,17,2,TAACGCGGAAGAATTAGTGA,15,3605594
tmaR_predicted,3.6666666666666665,12,2,TAAATCCGCGGTCACATCTG,10,3634189
tmaR_predicted,12.0,37,2,TAAAGCAACAATCCCCGCAG,35,3636144
tmaR_predicted,1.0,4,2,GTTGTCATTGATCAAAGCCT,2,3639285
tmaR_predicted,0.6666666666666666,3,2,GTTGGAGCAGTCGCGGGTCT,1,3614937
tmaR_predicted,11.333333333333334,35,2,GTTAGCTAGTCTACAGGGAC,33,3643069
tmaR_predicted,0.6666666666666666,3,2,GTGTTTACCCTAGGCCGATT,1,3621120
tmaR_predicted,20.0,61,2,GTGGAAAGGAACGTTCACGA,59,3605558
tmaR_predicted,20.333333333333332,62,2,GTCTCACTGCCGCTCAGCAA,60,3650078
tmaR_predicted,3.6666666666666665,12,2,GTCGTGACATCGGCGGAAAG,10,3643169
tmaR_predicted,15.666666666666666,48,2,GTCGGCGGATACCGAACTTA,46,3609360
tmaR_predicted,14.0,43,2,GTCAGGAGAGCTCCAGTAAC,41,3629774
tmaR_predicted,5.0,16,2,GTCACCGTTAGGCGTCATTT,14,3630520
tmaR_predicted,12.333333333333334,38,2,GTCACCATTCAGGGATGATT,36,3639084
tmaR_predicted,5.0,16,2,GTCAAGTGCGTCTAAGGGTA,14,3610601
tmaR_predicted,71.66666666666667,216,2,GTATCGCAAAGATGGGAAGT,214,3605450
tmaR_predicted,0.6666666666666666,3,2,GTATCCATCATAGGTAGGGT,1,3605530
tmaR_predicted,1.3333333333333333,5,2,GGTTTGATTGAAGCTACAAG,3,3629517
tmaR_predicted,38.0,115,2,GGTTGAGACTCAGATCGGCG,113,3605302
tmaR_predicted,4.666666666666667,15,2,GGTGATCGTGCGAGGTAATA,13,3641480
tmaR_predicted,26.666666666666668,81,2,GGTCGTTGTCTTTGGTTAAA,79,3621992
tmaR_predicted,1.3333333333333333,5,2,GGTCAATATGACGCACGATC,3,3616357
tmaR_predicted,12.666666666666666,39,2,GGTATCATTAAAGACTATTA,37,3632003
tmaR_predicted,1.0,4,2,GGTATACTAGAGCTTGACAT,2,3612277
tmaR_predicted,4.0,13,2,GGGTTTCAGTATTGTCCCTC,11,3629119
tmaR_predicted,22.333333333333332,68,2,GGGTCCACGGATTGGGACAC,66,3610208
tmaR_predicted,6.333333333333333,20,2,GGGGACTTTCAGTACGGCCT,18,3625454
tmaR_predicted,1.0,4,2,GGGCTTAAGTATACTTTATC,2,3647344
tmaR_predicted,2.3333333333333335,8,2,GGGCCATTTTCAGCGGCGAG,6,3616280
tmaR_predicted,0.6666666666666666,3,2,GGGACAACGCGGACGTCGAA,1,3610824
tmaR_predicted,0.6666666666666666,3,2,GGCTGCGTCCGTGGTCAAAC,1,3617021
tmaR_predicted,2.3333333333333335,8,2,GGCCGCGGACTTCTGAGACT,6,3638867
tmaR_predicted,1.0,4,2,GGCATCATTCGAATACGCTT,2,3619159
tmaR_predicted,13.0,40,2,GGATGGGTGCCAGCTCCGTT,38,3638117
tmaR_predicted,0.6666666666666666,3,2,GGATGAACAAACAACCTGGA,1,3618255
tmaR_predicted,0.6666666666666666,3,2,GGATCCAGCGGTAAGTTAAT,1,3644019
tmaR_predicted,4.333333333333333,14,2,GGAGTTAGAAGCCGTCGTTT,12,3614681
tmaR_predicted,15.666666666666666,48,2,GGAACTATGTCTATAACAGA,46,3618053
tmaR_predicted,0.6666666666666666,3,2,GCTTCGCGTGAGAGCACCGG,1,3620299
tmaR_predicted,52.333333333333336,158,2,GCTGACAGTGCTCGTGCGAG,156,3647231
tmaR_predicted,20.0,61,2,GCTCTAGTGATGGGTATATC,59,3604239
tmaR_predicted,0.6666666666666666,3,2,GCTCGCCTAAATAAGATGCA,1,3648543
tmaR_predicted,7.666666666666667,24,2,GCTCGAGCTAATAGCTAGAG,22,3643986
tmaR_predicted,3.3333333333333335,11,2,GCTCATCGAAAACCGGGTGA,9,3636454
tmaR_predicted,9.333333333333334,29,2,GCGTTGAGGTCCCGAATCTG,27,3629644
tmaR_predicted,0.6666666666666666,3,2,GCGGTGGGTGACCTCCTGTT,1,3606761
tmaR_predicted,1.0,4,2,GCGCATAAGTTCCTCCTGTC,2,3608473
tmaR_predicted,0.6666666666666666,3,2,GCGATTCATGCGCACCCATA,1,3639302
tmaR_predicted,11.333333333333334,35,2,GCCTTCGAACGAGTAACCAG,33,3623983
tmaR_predicted,1.0,4,2,GCCGTGATATTGTAATAGCT,2,3648770
tmaR_predicted,51.0,154,2,GCCGGAAGACATATTGTAGC,152,3647076
tmaR_predicted,0.6666666666666666,3,2,GCCGACTGCCCCTTTTAACG,1,3641223
tmaR_predicted,0.6666666666666666,3,2,GCCCTGGTGGAGCCTGGACA,1,3643502
tmaR_predicted,0.6666666666666666,3,2,GCCCTGATTCAAGGAAGATC,1,3609491
tmaR_predicted,1.0,4,2,GCCACTTAGCCCGGATCAGG,2,3610327
tmaR_predicted,36.666666666666664,111,2,GCCAACCGCCCGAGACCAAT,109,3625740
tmaR_predicted,1.3333333333333333,5,2,GCATGACCCACAAGCGCCAG,3,3644634
tmaR_predicted,1.0,4,2,GCAGTTAGTTTTCTTGGTAT,2,3622297
tmaR_predicted,0.6666666666666666,3,2,GCAGGCTACCGAAATACCAA,1,3623416
tmaR_predicted,45.333333333333336,137,2,GCAGAGAGAGCAGCCCGGCA,135,3614408
tmaR_predicted,17.0,52,2,GCACCGGGCGATCCTGGTAT,50,3606976
tmaR_predicted,0.6666666666666666,3,2,GATTTTTAGCATGATATGGT,1,3644623
tmaR_predicted,4.333333333333333,14,2,GATCTTATACACCCTCCCTT,12,3627510
tmaR_predicted,27.0,82,2,GATCAATAGTACCGTTGAAG,80,3638840
tmaR_predicted,3.0,10,2,GATCAAAGGAGTCCAGGGTG,8,3626576
tmaR_predicted,21.0,64,2,GATATAGCGGCTCGCCAAAT,62,3633551
tmaR_predicted,51.333333333333336,155,2,GATACCGCCATGTTAGCTAC,153,3630237
tmaR_predicted,35.0,106,2,GAGCTGTGCACCGAGTATAA,104,3643077
tmaR_predicted,36.333333333333336,110,2,GAGCTCGTTCGAGCCTAGTT,108,3615350
tmaR_predicted,2.6666666666666665,9,2,GACGGATTTAAGCCTATTTC,7,3622587
tmaR_predicted,0.6666666666666666,3,2,GACATATCTTCGCGATACGA,1,3649391
tmaR_predicted,11.0,34,2,GAAGTAAGGCCCCTGTAGTT,32,3643531
tmaR_predicted,12.666666666666666,39,2,GAACTGCGGACACGCCCCCC,37,3611260
tmaR_predicted,8.333333333333334,26,2,GAACTCTCATCCCCCTCGGA,24,3638462
tmaR_predicted,0.6666666666666666,3,2,GAAAGGCCTTGTGACCCGTG,1,3616539
tmaR_predicted,27.0,82,2,CTTTGCTTAGCATGGCGTAT,80,3617305
tmaR_predicted,20.0,61,2,CTTAAAACTTCGACATCCTT,59,3650161
tmaR_predicted,0.6666666666666666,3,2,CTGTGTTCGGCCTTTCAGGT,1,3641113
tmaR_predicted,14.666666666666666,45,2,CTGTCGCTCATTCTTGTCCG,43,3645483
tmaR_predicted,9.333333333333334,29,2,CTGCGCGGGGTTCCTCGGAA,27,3620050
tmaR_predicted,0.6666666666666666,3,2,CTGCCCGTGGTTTTTGTATG,1,3619804
tmaR_predicted,4.333333333333333,14,2,CTCTCTCCAGATTTACCCTC,12,3649875
tmaR_predicted,0.6666666666666666,3,2,CTCTAGTGACAACGGTAATT,1,3618315
tmaR_predicted,0.6666666666666666,3,2,CTCGATTTGCGACAGACCGT,1,3604413
tmaR_predicted,2.0,7,2,CTCGATCCGCCGTTAAGTGG,5,3649048
tmaR_predicted,19.333333333333332,59,2,CTCCACCGGCATTTCCTTTT,57,3642904
tmaR_predicted,17.0,52,2,CTCAAGAATCACCTGGACAA,50,3626081
tmaR_predicted,0.6666666666666666,3,2,CTAGCGATCTGCGTTTCTTT,1,3642557
tmaR_predicted,11.666666666666666,36,2,CTACTGCGCTATGAAAATGC,34,3645211
tmaR_predicted,16.666666666666668,51,2,CTACAGAAACAAAGGTGTTA,49,3635023
tmaR_predicted,16.666666666666668,51,2,CTAATGGGGACTGATCAATT,49,3623134
tmaR_predicted,20.666666666666668,63,2,CTAATCGTGTACCCTCGAGG,61,3648369
tmaR_predicted,2.0,7,2,CTAAAGCTCTCAAAATCTCG,5,3620712
tmaR_predicted,4.333333333333333,14,2,CGTCTAAACAGGTACAAGTA,12,3634746
tmaR_predicted,38.333333333333336,116,2,CGTATCCGTACGTCATGAGT,114,3633865
tmaR_predicted,1.3333333333333333,5,2,CGTACAAAGAAGGATACGTC,3,3625014
tmaR_predicted,0.6666666666666666,3,2,CGGTTTGGAGCCAGTAGAAG,1,3645829
tmaR_predicted,29.333333333333332,89,2,CGGTGTCATTGCTACGCTCC,87,3627424
tmaR_predicted,0.6666666666666666,3,2,CGGTGCTATCGGTGTGGGAG,1,3642096
tmaR_predicted,23.333333333333332,71,2,CGGTCAGCAGTCATATGATC,69,3609853
tmaR_predicted,0.6666666666666666,3,2,CGCTTCTTTACATACCGTGT,1,3649327
tmaR_predicted,36.0,109,2,CGCTAACTTCCCAGGAGCAT,107,3643090
tmaR_predicted,0.6666666666666666,3,2,CGCGCCTCGACTTAACATGG,1,3630390
tmaR_predicted,15.333333333333334,47,2,CGATCTATGGAGTGGCACAA,45,3635992
tmaR_predicted,4.333333333333333,14,2,CGACGGGAATAATGTGAATG,12,3626571
tmaR_predicted,21.333333333333332,65,2,CGAAGCTGGGTTCCCAATGT,63,3610333
tmaR_predicted,59.0,178,2,CCTTTACTATGACATAGAAA,176,3614687
tmaR_predicted,3.6666666666666665,12,2,CCTTGTCGATTAAGTACTGA,10,3641700
tmaR_predicted,9.0,28,2,CCTGATCGGTCCCTACCTAC,26,3631091
tmaR_predicted,38.333333333333336,116,2,CCTCAAATCAATGGCGTTAG,114,3623345
tmaR_predicted,27.666666666666668,84,2,CCTACAACCTAGTTTCATCA,82,3629736
tmaR_predicted,81.33333333333333,245,2,CCTAACCGGACGCGTTGTCG,243,3606917
tmaR_predicted,6.0,19,2,CCGTTCCCTCGGCTTCCTCT,17,3609351
tmaR_predicted,29.666666666666668,90,2,CCGTACGAGGAATTATGTTA,88,3643076
tmaR_predicted,14.666666666666666,45,2,CCGGGTATGCATTGCTTGGT,43,3633682
tmaR_predicted,0.6666666666666666,3,2,CCGGCGAGTACGGTGAGGTA,1,3649101
tmaR_predicted,1.3333333333333333,5,2,CCGGCATCTCTATCGATCAT,3,3638479
tmaR_predicted,51.333333333333336,155,2,CCGCGGTTTGGTCCCCTGTT,153,3640076
tmaR_predicted,19.0,58,2,CCGACGAGAGGGGAGGGGTT,56,3635085
tmaR_predicted,60.666666666666664,183,2,CCCTCGCATTTCTCATTAGT,181,3608189
tmaR_predicted,21.666666666666668,66,2,CCCATTAATAGCCCACGGCA,64,3642623
tmaR_predicted,21.333333333333332,65,2,CCCACACTTAGCGGTGGGCT,63,3628531
tmaR_predicted,6.0,19,2,CCATTTATACGCAGTTGGAG,17,3610846
tmaR_predicted,17.666666666666668,54,2,CCATACCACTAGGATTTTGT,52,3628730
tmaR_predicted,10.0,31,2,CCAGTGTTGTCTGAATTATA,29,3614215
tmaR_predicted,1.3333333333333333,5,2,CCAGTCCATTGGTGAGCTAA,3,3625420
tmaR_predicted,9.666666666666666,30,2,CCAGGGTGCGAGCCATCCTG,28,3643087
tmaR_predicted,11.0,34,2,CCACCTCGGGGCAGGCTTGA,32,3636659
tmaR_predicted,10.0,31,2,CCACCCCGCTCTGAAATAAT,29,3637071
tmaR_predicted,0.6666666666666666,3,2,CCACATTGCATGTGTCACGA,1,3628975
tmaR_predicted,60.333333333333336,182,2,CCAAGGCACTCTAGTTAAGA,180,3619523
tmaR_predicted,0.6666666666666666,3,2,CCAACCCATCGACTCCCATC,1,3630881
tmaR_predicted,1.3333333333333333,5,2,CATTGATTGTATCGAGGGTA,3,3630229
tmaR_predicted,31.666666666666668,96,2,CATTCCAGTTCCTATAAGTC,94,3638655
tmaR_predicted,12.333333333333334,38,2,CATCACAGTTTCAACTCTAC,36,3644876
tmaR_predicted,6.0,19,2,CATAGCCTTACAATCAAAGC,17,3636582
tmaR_predicted,0.6666666666666666,3,2,CATACAATCACGATCAATGG,1,3615186
tmaR_predicted,15.666666666666666,48,2,CAGTCCCAGATACACGCTGT,46,3636678
tmaR_predicted,9.666666666666666,30,2,CAGGAGAGAGATGGTTCCGA,28,3617311
tmaR_predicted,5.666666666666667,18,2,CAGACTTAAAATTGCGCTTA,16,3642123
tmaR_predicted,1.0,4,2,CAGACTAGAGCAGGCCAGCT,2,3650329
tmaR_predicted,14.666666666666666,45,2,CACGGCCTACCTAGTATTGC,43,3636995
tmaR_predicted,0.6666666666666666,3,2,CACAAAGGGCTGCGGCATAG,1,3629668
tmaR_predicted,0.6666666666666666,3,2,CAATAGCTTACGCTCACTGC,1,3611327
tmaR_predicted,1.0,4,2,CAAGCGCCCTTCAATACCTA,2,3650412
tmaR_predicted,30.0,91,2,CAACGTTTGTGCAAGTGCGT,89,3615941
tmaR_predicted,2.3333333333333335,8,2,CAACGCTTACTTAACTCCGC,6,3634094
tmaR_predicted,0.6666666666666666,3,2,ATTTTGCTGGGTTACAACTC,1,3644578
tmaR_predicted,4.333333333333333,14,2,ATTCGTCAATTAGACTATGC,12,3623504
tmaR_predicted,1.0,4,2,ATTCCTAGACTAAAGACCCC,2,3649499
tmaR_predicted,0.6666666666666666,3,2,ATGTCTCCTGTCAGCGCTAC,1,3614550
tmaR_predicted,56.666666666666664,171,2,ATGGGGTCTTCTTGGGACTG,169,3624837
tmaR_predicted,70.0,211,2,ATGCGTAGGGGGTTTCTCAC,209,3604542
tmaR_predicted,1.3333333333333333,5,2,ATCTCGTTCCAGCATTCACC,3,3624175
tmaR_predicted,2.0,7,2,ATCGGACGGCAGATACTTAC,5,3615385
tmaR_predicted,9.0,28,2,ATCCAAGAATCCTGCAACAA,26,3616182
tmaR_predicted,6.666666666666667,21,2,ATCAGTCATGGGAGCTCGGG,19,3620302
tmaR_predicted,3.0,10,2,ATATCAATGCGCTGCTACAA,8,3629791
tmaR_predicted,18.666666666666668,57,2,ATAGTGTATGTCAGGAGAAT,55,3621275
tmaR_predicted,17.0,52,2,ATAGCATTCCTCGGTGACTA,50,3629677
tmaR_predicted,0.6666666666666666,3,2,AGTCCACGTATATAAGTTTG,1,3647362
tmaR_predicted,2.6666666666666665,9,2,AGTAGTTATCGAGCTTCAAC,7,3630398
tmaR_predicted,15.0,46,2,AGTAGTGGTGGTCTTGATGG,44,3644199
tmaR_predicted,0.6666666666666666,3,2,AGGTCAACTGTAGCTTTTCC,1,3640122
tmaR_predicted,0.6666666666666666,3,2,AGGGAGGGTCAGATTAGAAC,1,3638591
tmaR_predicted,1.3333333333333333,5,2,AGGCTAGGGTCAAAGCAATG,3,3612607
tmaR_predicted,0.6666666666666666,3,2,AGGCCAGCCAGTGTTACATA,1,3644414
tmaR_predicted,0.6666666666666666,3,2,AGGACTTTGACGAGAGCTGT,1,3619367
tmaR_predicted,0.6666666666666666,3,2,AGGACCATGCGCTGTACAGA,1,3612643
tmaR_predicted,14.666666666666666,45,2,AGGAACCCGAACTAGGCTAC,43,3648124
tmaR_predicted,13.666666666666666,42,2,AGCTTTCGTTAACATCTTGT,40,3643086
tmaR_predicted,4.0,13,2,AGCTTGCAACACGCCCATCG,11,3607261
tmaR_predicted,24.666666666666668,75,2,AGCGGTAAACACGTTGCCGT,73,3627797
tmaR_predicted,11.0,34,2,AGCGGAGTTAAAGGGCATGG,32,3619210
tmaR_predicted,12.333333333333334,38,2,AGCGGACGTCCGTGCGAATT,36,3625500
tmaR_predicted,5.0,16,2,AGCCTAATTAATTCTGATGT,14,3632707
tmaR_predicted,15.333333333333334,47,2,AGCATTCGATGACGGCCGCA,45,3645636
tmaR_predicted,28.333333333333332,86,2,AGCATCACAGAAAGGGCAAA,84,3629909
tmaR_predicted,22.666666666666668,69,2,AGATAAGTTGCGACTAATAT,67,3619618
tmaR_predicted,35.0,106,2,AGACCCGGAAGTTGACCGAT,104,3612612
tmaR_predicted,0.6666666666666666,3,2,ACTGGCAGTCTTCTCCATGT,1,3624920
tmaR_predicted,1.0,4,2,ACTCTTGGAGACCGGGCTAT,2,3649120
tmaR_predicted,0.6666666666666666,3,2,ACTCTGCGGGCCAGGCCCGC,1,3625072
tmaR_predicted,13.0,40,2,ACGTTTCTAAGATTTTACCT,38,3610830
tmaR_predicted,15.666666666666666,48,2,ACGGTTGCGGTGTCACCTAT,46,3610197
tmaR_predicted,19.666666666666668,60,2,ACGGTTAATGGCTCTCGAGC,58,3648385
tmaR_predicted,14.333333333333334,44,2,ACGGTCATTTGCTAAGTCGA,42,3634010
tmaR_predicted,96.66666666666667,291,2,ACGCAGCCGAGATACGTCGG,289,3619918
tmaR_predicted,26.0,79,2,ACCTTCGGTCAAGCGTCGCC,77,3621647
tmaR_predicted,90.66666666666667,273,2,ACCGTATAGTAGATGTGCAT,271,3642704
tmaR_predicted,6.666666666666667,21,2,ACCCAGGTCGGGGGGAGACA,19,3638626
tmaR_predicted,84.33333333333333,254,2,ACCCAGCCGTCTGGGTTCGC,252,3648449
tmaR_predicted,18.0,55,2,ACCCACTGGAGTACCCTAGA,53,3608056
tmaR_predicted,0.6666666666666666,3,2,ACAGTATGTGTAAGTTCCAC,1,3636583
tmaR_predicted,2.3333333333333335,8,2,ACAGCTGCGGATCAATTCGG,6,3647745
tmaR_predicted,45.666666666666664,138,2,ACAGCAGCTACTTGCATAGC,136,3620613
tmaR_predicted,17.666666666666668,54,2,ACAAGGGCTCACGAGTTTGT,52,3619377
tmaR_predicted,0.6666666666666666,3,2,ACAAGACAGAGCATACTAGC,1,3628185
tmaR_predicted,0.6666666666666666,3,2,AATTACCTAGGCGACCGGGT,1,3620226
tmaR_predicted,0.6666666666666666,3,2,AATGCACGACCAGTGCCTAT,1,3618302
tmaR_predicted,0.6666666666666666,3,2,AATGAATTTTTTAGAATTCC,1,3630335
tmaR_predicted,0.6666666666666666,3,2,AATCGTTCGGGCTGTGACTG,1,3631599
tmaR_predicted,23.0,70,2,AAGTTTAATAACGCATGACA,68,3615374
tmaR_predicted,24.666666666666668,75,2,AAGAATACGTGCGTTCCTCC,73,3619392
tmaR_predicted,0.6666666666666666,3,2,AACGATGCGCAGGATCTATC,1,3611868
tmaR_predicted,1.0,4,2,AACAACTCCAATTTTTGGTG,2,3617507
tmaR_predicted,1.0,4,2,AAATGGATCGTTCGCGGCAA,2,3603990
tmaR_predicted,0.6666666666666666,3,2,AAACAATTCCGATAAATAGC,1,3631320
tmaR_predicted,10.0,31,2,AAAACAGACACTGAATAGTA,29,3643911
tmaR_predicted,17.5,35,1,TTTTTGGTATCGGAGAATAA,34,3608158
tmaR_predicted,50.0,100,1,TTTCTGAGGTGCGGATTCGC,99,3626907
tmaR_predicted,21.5,43,1,TTTCGTGCGGTTCACGCGGG,42,3608848
tmaR_predicted,6.0,12,1,TTGTTGTGGCTTGGTCCTAC,11,3628102
tmaR_predicted,2.5,5,1,TTGTCTAGCCCCCTTCCCTT,4,3641770
tmaR_predicted,4.5,9,1,TTGTCGTTATGCACCTGGCT,8,3619533
tmaR_predicted,1.0,2,1,TTGGACGTCGGCGGGTTAAC,1,3642983
tmaR_predicted,2.5,5,1,TTGCATGGTCATGACCGTAC,4,3605311
tmaR_predicted,1.0,2,1,TTGAGGACGACGGATTTACT,1,3629621
tmaR_predicted,24.5,49,1,TTCTCCTACCGACGTTACCT,48,3609088
tmaR_predicted,17.0,34,1,TTCTACATTAACTTCTGAAC,33,3623303
tmaR_predicted,21.5,43,1,TTCTAATTCCCGGAGAGTTA,42,3617509
tmaR_predicted,43.5,87,1,TTCGGATGGCTGAAGCATCG,86,3641074
tmaR_predicted,44.0,88,1,TTCGACATTTGCGACGCCCT,87,3619645
tmaR_predicted,2.0,4,1,TTATGGACGATTTCTTCTGA,3,3623884
tmaR_predicted,8.5,17,1,TTAGTCTTCAATAAAATACT,16,3629474
tmaR_predicted,4.0,8,1,TTACACGCGCTTGGAACAGA,7,3622589
tmaR_predicted,13.0,26,1,TGTGTTTTGCGTATATTCAA,25,3612006
tmaR_predicted,1.0,2,1,TGGTTCGGGTGCGTTCATTG,1,3640078
tmaR_predicted,37.0,74,1,TGGTCATACTCGATATCATG,73,3619334
tmaR_predicted,24.5,49,1,TGGCTATCTGATTTCATGAT,48,3641468
tmaR_predicted,13.0,26,1,TGCTGTATTAGGGGTAATCT,25,3634115
tmaR_predicted,1.5,3,1,TGCTGCTTAGAGTCCGGCAT,2,3644269
tmaR_predicted,21.0,42,1,TGCTCTGTGTCTACCGATCT,41,3612419
tmaR_predicted,44.5,89,1,TGATTGAGTTTCAGGTGAGT,88,3622045
tmaR_predicted,52.5,105,1,TGATATCCGTGACTGAGATA,104,3647626
tmaR_predicted,2.5,5,1,TGACTGGTTCAATCAGGGAG,4,3623943
tmaR_predicted,34.0,68,1,TGAATATCATCTCTTTAGGG,67,3647458
tmaR_predicted,10.0,20,1,TGAACGTTCGGGCCTCCAAT,19,3614730
tmaR_predicted,7.0,14,1,TCTTACAACATTAGCCATCC,13,3618025
tmaR_predicted,4.5,9,1,TCTGTAATCACCGGGAGATG,8,3647779
tmaR_predicted,13.0,26,1,TCGTATTAGGCGCCAGGTTT,25,3622626
tmaR_predicted,32.0,64,1,TCCTCTCTGTTTATGGCTTC,63,3605620
tmaR_predicted,72.0,144,1,TCCTCATACCTGAGGTAGTC,143,3623106
tmaR_predicted,37.0,74,1,TCCCAGAAAAAAGCGGACCT,73,3637858
tmaR_predicted,63.5,127,1,TCAGGCGAACGATAATAGAC,126,3632549
tmaR_predicted,1.5,3,1,TCACCAGTATGGCTGGCATC,2,3612771
tmaR_predicted,1.0,2,1,TCACATGCATAAAGTTGGGG,1,3613300
tmaR_predicted,1.0,2,1,TCAACGATCTGCGTTACCTG,1,3614441
tmaR_predicted,1.5,3,1,TATTTATAATTTGGTTCTTT,2,3631516
tmaR_predicted,4.5,9,1,TATTCTGGTGTTCCACATAG,8,3625828
tmaR_predicted,35.0,70,1,TATCCGGGAATGGGTCTTCA,69,3640281
tmaR_predicted,1.0,2,1,TATATGGTGGGCACGCACGA,1,3608939
tmaR_predicted,1.0,2,1,TATAGTTAGCTTGATGTGCC,1,3614683
tmaR_predicted,2.0,4,1,TAGTTCTGATATTGTTACAT,3,3642050
tmaR_predicted,26.0,52,1,TACTCGGTCGTCGTTTTTCG,51,3632070
tmaR_predicted,21.0,42,1,TACGTTACCGGGTACATAAC,41,3637865
tmaR_predicted,88.5,177,1,TACGTAGACGTGTGGGGTTT,176,3644818
tmaR_predicted,2.0,4,1,TACAGATCGCCAACTTTAAC,3,3604127
tmaR_predicted,16.0,32,1,TAAGTCATTTGATGTACCGC,31,3645831
tmaR_predicted,1.5,3,1,TAAGGGGGGACACATAGCGC,2,3650199
tmaR_predicted,12.5,25,1,TAAGCGTTTGTACACCAAAA,24,3616260
tmaR_predicted,1.0,2,1,GTTGGCAAATCTATCGTTAT,1,3643519
tmaR_predicted,46.5,93,1,GTTGATATTAGGTGGTTAGC,92,3648583
tmaR_predicted,63.5,127,1,GTTCACCGTGCAAGGCTGGA,126,3621783
tmaR_predicted,28.5,57,1,GTGTAGGGCGAGACGTGCAG,56,3622473
tmaR_predicted,1.5,3,1,GTGGTTTCCTCAAGTAGTGG,2,3618738
tmaR_predicted,13.0,26,1,GTGGTCCGACAGAGGTTGCA,25,3643658
tmaR_predicted,8.5,17,1,GTCCCAGTATTCCAGCGTTG,16,3628213
tmaR_predicted,11.5,23,1,GTCATCGCATTCTGGAGGTC,22,3609578
tmaR_predicted,23.0,46,1,GTCATAGGAAGTCCTACCTT,45,3619015
tmaR_predicted,7.5,15,1,GTATGTATATTCAATAGGAG,14,3644972
tmaR_predicted,21.5,43,1,GTATGAAATCGCCTTTCGCA,42,3649464
tmaR_predicted,1.0,2,1,GTATATTCTTGTGCTACCGT,1,3617339
tmaR_predicted,43.0,86,1,GTAGTCGTCGCCGCACGTTG,85,3642703
tmaR_predicted,62.5,125,1,GTAGAGAACATGTCGCCAAA,124,3614746
tmaR_predicted,1.0,2,1,GTAAAGTAGGTCTCTTACGC,1,3631654
tmaR_predicted,2.5,5,1,GGTTTTTAACCTAGCAGTGT,4,3607264
tmaR_predicted,1.0,2,1,GGTTGCTGCTCACTAAGATA,1,3608137
tmaR_predicted,27.5,55,1,GGTTATACCAAGAATAAGAT,54,3608710
tmaR_predicted,37.5,75,1,GGTCTCGTCATGATACTTCT,74,3608099
tmaR_predicted,1.0,2,1,GGTCCTAGACAGCATCCAAA,1,3610042
tmaR_predicted,23.0,46,1,GGTCACGACACCGCACGGTG,45,3625470
tmaR_predicted,1.0,2,1,GGGGGAAACGCGCAATAACT,1,3608043
tmaR_predicted,52.5,105,1,GGGCTCCGTTTCGAACCTGG,104,3611435
tmaR_predicted,1.5,3,1,GGGAATGATGATGGCTGGAC,2,3649230
tmaR_predicted,9.0,18,1,GGCGTCTGAATTAGGTTGCT,17,3632463
tmaR_predicted,2.0,4,1,GGCCAGACTACGCTTTTCGA,3,3646125
tmaR_predicted,4.5,9,1,GGAGCTTCCGTCACCCCATT,8,3645068
tmaR_predicted,43.5,87,1,GGAGACTATCAGGGGCCTCA,86,3622617
tmaR_predicted,47.0,94,1,GGAACTCAGGGGCTTACAGG,93,3629094
tmaR_predicted,1.5,3,1,GCTTCTAGACACCTGGTCTA,2,3647627
tmaR_predicted,30.5,61,1,GCTTAGTTCTCCTCGATAGT,60,3645449
tmaR_predicted,13.0,26,1,GCTGTGTTGGGGGGAGAAAT,25,3638559
tmaR_predicted,1.0,2,1,GCTGAAGTTGTAATAGATCT,1,3645484
tmaR_predicted,24.5,49,1,GCTAATGTACCCTTTATGAA,48,3641443
tmaR_predicted,18.0,36,1,GCGTGACATCCACTCCCCGT,35,3604713
tmaR_predicted,1.0,2,1,GCGTCCGTCCTCACAGCAGT,1,3648450
tmaR_predicted,1.0,2,1,GCGTCCAGAATTGTCAGGCT,1,3633162
tmaR_predicted,29.5,59,1,GCGGTTAAGATCTCGATTTT,58,3617117
tmaR_predicted,36.5,73,1,GCGGTGGTGGCCAAGAAAGG,72,3610137
tmaR_predicted,335.5,671,1,GCGGGTACAACACCACTGGG,670,3649493
tmaR_predicted,3.5,7,1,GCGGCTATGGCCCAAAAGCA,6,3627584
tmaR_predicted,1.5,3,1,GCGGATACACATAGCATCCA,2,3639377
tmaR_predicted,19.5,39,1,GCGCGTCTCGTTGGACGGTG,38,3634585
tmaR_predicted,31.5,63,1,GCGCCTGGTCATCTTTCAGG,62,3647744
tmaR_predicted,1.0,2,1,GCGCCAATCCTAATTCGATG,1,3643038
tmaR_predicted,8.5,17,1,GCCCCGTTGGAGCATTATAT,16,3626538
tmaR_predicted,4.0,8,1,GCCATGACGTACCATCTTCT,7,3646457
tmaR_predicted,16.0,32,1,GCCAAACGACAATGAATGAG,31,3644815
tmaR_predicted,64.0,128,1,GCAGAGACCTATATACGGTG,127,3607220
tmaR_predicted,6.5,13,1,GCACTACGGAAGGTACTCAA,12,3608244
tmaR_predicted,43.0,86,1,GCAAGCCCCTATGATTTATC,85,3649492
tmaR_predicted,98.5,197,1,GATCCGGGCCGATGTGTGGG,196,3635326
tmaR_predicted,15.0,30,1,GATAAACACCGCTTGAACCT,29,3645522
tmaR_predicted,1.0,2,1,GAGTTGAATTATCTGAGCTA,1,3646187
tmaR_predicted,64.0,128,1,GAGTATTTCCCGCTAAGAGA,127,3635783
tmaR_predicted,160.5,321,1,GAGATGCTCGCTTGAGGAGA,320,3629646
tmaR_predicted,11.0,22,1,GAGAGCGCGCATCGGGTTTT,21,3627998
tmaR_predicted,16.5,33,1,GACGGTAAGAATCTGTTCTT,32,3622129
tmaR_predicted,1.0,2,1,GACGCCAGACAGCAGGCAAA,1,3609904
tmaR_predicted,2.0,4,1,GAATGTCCAGCCGTGGCCAG,3,3620053
tmaR_predicted,3.0,6,1,GAATGCGGGGGAGACCCTTT,5,3623105
tmaR_predicted,1.0,2,1,GAATCGAGGAACCGTTGGCT,1,3613568
tmaR_predicted,56.0,112,1,GAAGTGATCTGAAAAGTGGC,111,3639500
tmaR_predicted,1.0,2,1,CTTTTGCTTATAGCATACTC,1,3637683
tmaR_predicted,1.0,2,1,CTTTGTACCCCTTCCGACGG,1,3646712
tmaR_predicted,18.5,37,1,CTTTCGTTTAGTCCGTCCGT,36,3621279
tmaR_predicted,31.0,62,1,CTTTCAGTCGCGAGGAGTGG,61,3616621
tmaR_predicted,21.5,43,1,CTTTCACTAAGAAGTTAAAT,42,3628603
tmaR_predicted,2.0,4,1,CTTGGGAAACTGAGACAAAG,3,3622468
tmaR_predicted,38.5,77,1,CTTATCAATTTCGGGCACTT,76,3645536
tmaR_predicted,16.0,32,1,CTGTGGTTTGGAGAGTACCG,31,3616816
tmaR_predicted,1.5,3,1,CTGGCCTTGTCGTCCCTAGC,2,3631465
tmaR_predicted,22.5,45,1,CTGACCATGTGGGACTTGTT,44,3615574
tmaR_predicted,1.0,2,1,CTCGGGTGGAAGTCCTCCAA,1,3640266
tmaR_predicted,1.5,3,1,CTCGAAGCCCCCCTCCTTTC,2,3639707
tmaR_predicted,14.5,29,1,CTCCCGAGGCCTGTCCCGTG,28,3627051
tmaR_predicted,5.0,10,1,CTCACCTGTTTGGTCAGCTA,9,3620573
tmaR_predicted,1.0,2,1,CTATTCTACACTGTTTCTGT,1,3641171
tmaR_predicted,84.0,168,1,CTATTCCTGAAGCGTCAGAC,167,3605528
tmaR_predicted,1.0,2,1,CTATCCGGCTGACATGGTGC,1,3609484
tmaR_predicted,9.0,18,1,CTATCCGCAGAAAGTGTAGA,17,3646538
tmaR_predicted,4.0,8,1,CTACTACTCAGCAGCTTTTA,7,3623206
tmaR_predicted,1.0,2,1,CGTTCAGTGTGTGTTATGAA,1,3622792
tmaR_predicted,6.0,12,1,CGTTAAATTCTGGAACTTAC,11,3643080
tmaR_predicted,4.0,8,1,CGTGAGACTTCCGCCCGAAC,7,3634270
tmaR_predicted,25.5,51,1,CGTCTGCACGTCTCGGCCGA,50,3627052
tmaR_predicted,1.0,2,1,CGTAGCGCCGAAGCATCACT,1,3633397
tmaR_predicted,34.5,69,1,CGGTCGGTACAGGTGATTGC,68,3646028
tmaR_predicted,18.0,36,1,CGGTCCGGATATTACTTGTT,35,3633657
tmaR_predicted,1.0,2,1,CGGTAGTGGTACCCTGCGCG,1,3638787
tmaR_predicted,47.0,94,1,CGGCGGGAGGGAGACATAAA,93,3649762
tmaR_predicted,18.5,37,1,CGGCGAATCTAGAACCAGTC,36,3616547
tmaR_predicted,1.0,2,1,CGGCCGAACGTCCCAAGGAT,1,3605133
tmaR_predicted,1.5,3,1,CGGATGGCAACTGCCGTACT,2,3612445
tmaR_predicted,1.5,3,1,CGGAACGATGAATTGGAAGC,2,3636964
tmaR_predicted,1.0,2,1,CGGAAATCGCTTTCACTTAC,1,3624774
tmaR_predicted,45.0,90,1,CGCTGAGGATAATCTTACGC,89,3618374
tmaR_predicted,24.5,49,1,CGCAGGTGTTAACTGACGTG,48,3609274
tmaR_predicted,14.0,28,1,CGCACTAGATCGCATCGTAC,27,3638206
tmaR_predicted,31.5,63,1,CGCACCCAGGTTGTTAGCTT,62,3619089
tmaR_predicted,12.5,25,1,CGATCCACCCTGCCATCGAG,24,3636870
tmaR_predicted,1.0,2,1,CGAGATGACGGCACCCCGCG,1,3639326
tmaR_predicted,2.0,4,1,CGAGACCCTACCTCGCCGTC,3,3616081
tmaR_predicted,82.0,164,1,CGACCCTGGACACCGAAAAT,163,3622751
tmaR_predicted,1.0,2,1,CGAATACTGAAGTGCACAAT,1,3648208
tmaR_predicted,24.5,49,1,CGAAGGACACCTCGCGGAGA,48,3635444
tmaR_predicted,12.0,24,1,CGAAATTTCTGTGAGAGCTC,23,3635516
tmaR_predicted,33.5,67,1,CCTTCAGGTACAGGGCAAGC,66,3641361
tmaR_predicted,1.0,2,1,CCTCGTGCCCCCTGATAAAC,1,3636836
tmaR_predicted,26.0,52,1,CCTCAACTGTTCGGATTGCG,51,3642733
tmaR_predicted,1.0,2,1,CCGTTTTGGGCATACATGAC,1,3617505
tmaR_predicted,4.5,9,1,CCGCGTTGATTCAGTCCCGT,8,3639624
tmaR_predicted,12.0,24,1,CCGACGCTGTTTTCACTGTC,23,3623381
tmaR_predicted,1.0,2,1,CCCCTATATTGATCAACTGG,1,3631869
tmaR_predicted,1.0,2,1,CCATTACGTTCCGGACAATT,1,3609572
tmaR_predicted,1.0,2,1,CCAATCCGGCAATCAAGAAC,1,3627759
tmaR_predicted,36.0,72,1,CATTTCGTGGATGACAGCCG,71,3623567
tmaR_predicted,4.0,8,1,CATCCTGGACGGCGAACCTA,7,3633933
tmaR_predicted,41.5,83,1,CATCCCTCTGACGCTTCGGC,82,3625213
tmaR_predicted,3.0,6,1,CATCATCTAGTCGCCGAGGC,5,3637300
tmaR_predicted,137.5,275,1,CAGTTTGAACGGAATTTCAT,274,3649306
tmaR_predicted,1.0,2,1,CAGCCTCAGGCCTAAACGTA,1,3609345
tmaR_predicted,1.5,3,1,CAGATGCGCGGGGTGCGCTA,2,3609418
tmaR_predicted,1.0,2,1,CAGAGTGCGCATCACGGTCA,1,3643621
tmaR_predicted,1.0,2,1,CACTCTCGCATATATTTCTC,1,3637123
tmaR_predicted,46.5,93,1,CACTATCGGAAAAGAGGAGC,92,3638809
tmaR_predicted,18.0,36,1,CACCGTCATTATTTGTTATG,35,3639887
tmaR_predicted,16.0,32,1,CACATTGACCAATGGTAGGA,31,3639849
tmaR_predicted,1.0,2,1,CACAGAAAAATGCCCGACGA,1,3627677
tmaR_predicted,32.0,64,1,CACACGTCCGCCAGATGGTT,63,3649524
tmaR_predicted,1.5,3,1,CACAACGTTCCTTTAGTCGT,2,3644220
tmaR_predicted,1.0,2,1,CAAAATGGGTATACCATTGT,1,3610778
tmaR_predicted,34.5,69,1,ATTGATCTAACGTTGTCGAT,68,3625742
tmaR_predicted,28.5,57,1,ATTCGTTGACCTTCCTTAAC,56,3648955
tmaR_predicted,3.0,6,1,ATTATAAGCCTCCTCAACCT,5,3643683
tmaR_predicted,1.0,2,1,ATTATAACGTCCTGGTGTAA,1,3615630
tmaR_predicted,1.0,2,1,ATTAGTTGGTATTACAAGAA,1,3604358
tmaR_predicted,1.0,2,1,ATTAGAAGGTAATGCCTCAC,1,3604135
tmaR_predicted,24.5,49,1,ATGCTGCGGGTAGTGGTCAT,48,3645215
tmaR_predicted,5.5,11,1,ATGATAGGCTGTAGCCTTGT,10,3629945
tmaR_predicted,13.5,27,1,ATGAGCGGTACGGGCGGACC,26,3634332
tmaR_predicted,11.0,22,1,ATCTGACAGTATGTGTCAGG,21,3629660
tmaR_predicted,62.0,124,1,ATCGGCATCCGCATTTTTTG,123,3623333
tmaR_predicted,1.0,2,1,ATCGCAAATCAGTGTCTATT,1,3617024
tmaR_predicted,11.0,22,1,ATCCTAGTGGGGAGCTGGGA,21,3617250
tmaR_predicted,26.5,53,1,ATCCGTGAAAGAGAAGGATA,52,3640981
tmaR_predicted,1.0,2,1,ATATCCTCTCGGGTTAACAG,1,3631868
tmaR_predicted,35.0,70,1,ATAGTTAAGGCTACTGGAAA,69,3633546
tmaR_predicted,33.0,66,1,ATAGTGGGATTCTAACGAAA,65,3620675
tmaR_predicted,7.5,15,1,ATAGGAAATTCCCGGGCAGA,14,3631574
tmaR_predicted,32.5,65,1,ATAACGCATGCGTTGACTAC,64,3611330
tmaR_predicted,9.5,19,1,AGTTGTTCAGCGCTCCTGAA,18,3632481
tmaR_predicted,2.0,4,1,AGTGGGCCAACATTGATGGT,3,3618236
tmaR_predicted,49.0,98,1,AGTGGCCCTTACCGGTTCGA,97,3642676
tmaR_predicted,1.0,2,1,AGTCGGTCGTTGCAATCATT,1,3628829
tmaR_predicted,7.5,15,1,AGTCCGGCTACCGCTAGTCC,14,3604493
tmaR_predicted,1.5,3,1,AGTCAGGACATCTTGAAACC,2,3615619
tmaR_predicted,45.0,90,1,AGTATTCAGACCTATGGGTA,89,3638102
tmaR_predicted,1.0,2,1,AGTAGTTCGCACTAAAATCC,1,3639827
tmaR_predicted,46.0,92,1,AGTACCCAGCATGGTGTAAG,91,3629764
tmaR_predicted,1.5,3,1,AGGTTTCGACACGTGCAGTG,2,3632746
tmaR_predicted,6.5,13,1,AGGCTGTACGGAACTTACCT,12,3643071
tmaR_predicted,1.5,3,1,AGGCACCAGAGTCGGCGGAC,2,3631573
tmaR_predicted,32.5,65,1,AGGATAATACGCAACGCACG,64,3646029
tmaR_predicted,7.0,14,1,AGGACTAGTTAAAGATGCGT,13,3616578
tmaR_predicted,1.0,2,1,AGCTAAGACTCCGAGTGGTA,1,3626141
tmaR_predicted,68.5,137,1,AGCGGGACCAAGGACTAAAT,136,3626589
tmaR_predicted,1.5,3,1,AGCGCTTTGACATCGGATGA,2,3615678
tmaR_predicted,9.5,19,1,AGCCTAACCTCTTCGTTGCC,18,3646377
tmaR_predicted,31.0,62,1,AGCCACGTCGCGCAACCGTG,61,3640443
tmaR_predicted,34.5,69,1,AGCAGGCGGTACTCGAGGCA,68,3640081
tmaR_predicted,76.0,152,1,AGCAGGCCTAAGGCTGCACA,151,3642889
tmaR_predicted,3.0,6,1,AGCAGATCAGATTCAATTCA,5,3637094
tmaR_predicted,23.0,46,1,AGATGCCACTATTCTCAGGG,45,3637028
tmaR_predicted,1.0,2,1,AGAGGTCTCGGTAAGGCGTA,1,3604889
tmaR_predicted,44.0,88,1,ACTCTACCCGACATGATTAG,87,3637583
tmaR_predicted,80.0,160,1,ACTCCAGTAGCTGTGCGAAC,159,3612695
tmaR_predicted,8.5,17,1,ACTCATAATAAGTGCATATG,16,3639432
tmaR_predicted,1.5,3,1,ACTCAGGACAACTTTGGGGA,2,3614183
tmaR_predicted,3.0,6,1,ACTCAACGTCCGAATGCCAT,5,3643982
tmaR_predicted,30.5,61,1,ACTACCGAGATCCCGTTTTC,60,3618384
tmaR_predicted,8.0,16,1,ACGGCACGTCTCGAGCGGGG,15,3608089
tmaR_predicted,52.5,105,1,ACGGAGTCTAGTGGGACCAC,104,3606668
tmaR_predicted,1.0,2,1,ACGGAAGAGGGTGGTATATG,1,3626560
tmaR_predicted,32.5,65,1,ACGCTTCGTCTGATATGGGG,64,3634730
tmaR_predicted,1.0,2,1,ACGCCTGCAATATGGCACCT,1,3642592
tmaR_predicted,11.5,23,1,ACCGGGTATGAATGAATGAG,22,3609811
tmaR_predicted,25.0,50,1,ACCAACCTTATGGTAAGCAA,49,3625586
tmaR_predicted,4.5,9,1,ACCAAAGGAAGCAACCACAT,8,3638481
tmaR_predicted,57.0,114,1,ACAATAGGCACCATCAGGAT,113,3639072
tmaR_predicted,21.5,43,1,ACAACTCAGCACAGACATCC,42,3634542
tmaR_predicted,1.0,2,1,AATTTAGAGACGAAGCGGAC,1,3618075
tmaR_predicted,34.0,68,1,AATTCTAGGAGCAGGTTCCG,67,3646146
tmaR_predicted,22.5,45,1,AATTCGAGGTTTCGGCCATA,44,3632966
tmaR_predicted,78.0,156,1,AATCCCCGGATCTTGCCTTT,155,3616013
tmaR_predicted,107.0,214,1,AATAATTCTGTCTCCTCATC,213,3621428
tmaR_predicted,19.5,39,1,AAGTTTCCACGTACAGCATC,38,3628202
tmaR_predicted,29.5,59,1,AAGAGTGCCATTACACACGT,58,3633515
tmaR_predicted,6.0,12,1,AAGAAAATCATTCCAACTGG,11,3625214
tmaR_predicted,9.0,18,1,AACTGGTTGTATTCACTGCA,17,3634629
tmaR_predicted,5.0,10,1,AACTAACTCGTATTGCACCC,9,3617562
tmaR_predicted,1.0,2,1,AACGGGGAGACACCTGCGTG,1,3608070
tmaR_predicted,50.0,100,1,AACCAGACCATCGTGGTCTA,99,3643070
tmaR_predicted,1.5,3,1,AACCACGGTCCCGCAGAACG,2,3605654
tmaR_predicted,5.0,10,1,AACAGCGAAGCGTCAAGAAT,9,3623349
tmaR_predicted,41.0,82,1,AACAAGACCTTATTAGACAA,81,3609786
tmaR_predicted,30.0,60,1,AAATCCGGTCAGCAGCCCGG,59,3648821
tmaR_predicted,11.5,23,1,AAAGGTCTGATACTGAAGGA,22,3603948
tmaR_predicted,27.5,55,1,AAAGGCTGCGCTCTCATCGC,54,3641515
tmaR_predicted,20.5,41,1,AAACCTGTCATGAGGGGAGA,40,3638716
tmaR_predicted,31.0,62,1,AAAAGTACGTCCTGGCTTAA,61,3623112
tmaR_predicted,0.015873015873015872,62,62,CCGGTTGTGAGCGTACGGTT,0,3642607
tmaR_predicted,0.01694915254237288,58,58,AACCTTTATATTAGCTGTAA,0,3624729
tmaR_predicted,0.017857142857142856,55,55,ACAAGGCGTACCCGAGACTA,0,3632045
tmaR_predicted,0.01818181818181818,54,54,GCTAATAACTTAGAAAGATC,0,3604866
tmaR_predicted,0.01818181818181818,54,54,CAGGTAAATCGCGGGCCGTG,0,3615965
tmaR_predicted,0.01818181818181818,54,54,ATCTCAAGTAACCCAAAGGT,0,3609141
tmaR_predicted,0.018867924528301886,52,52,GCGTGCAGAGCGAGTATACT,0,3604019
tmaR_predicted,0.019230769230769232,51,51,TCTCGGACGACTGTGCGAAG,0,3610023
tmaR_predicted,0.019230769230769232,51,51,CTAACTTCAGTGGCAGGAGG,0,3643615
tmaR_predicted,0.02,49,49,CTATCGAGACCTACCATTAG,0,3615556
tmaR_predicted,0.02040816326530612,48,48,TGGCACGGCGACAGAGCGGA,0,3621210
tmaR_predicted,0.02040816326530612,48,48,CCCCTCTCAATGTGTGCACT,0,3621017
tmaR_predicted,0.021739130434782608,45,45,GGGGCAATCTAGTGCTAAAG,0,3627831
tmaR_predicted,0.021739130434782608,45,45,GGGATGCTTAGTCAGAGCGC,0,3613001
tmaR_predicted,0.021739130434782608,45,45,CTAGTAACCTCTGGGGAATC,0,3623798
tmaR_predicted,0.022222222222222223,44,44,TGTAGTAACGTGGCATAAGG,0,3636671
tmaR_predicted,0.022222222222222223,44,44,AACCTCGCGAAAGATATCGT,0,3621452
tmaR_predicted,0.022727272727272728,43,43,TCCGTGAGACCCGCGCTCAA,0,3620775
tmaR_predicted,0.023255813953488372,42,42,TGGGGTGCTCCATATTAGGA,0,3634152
tmaR_predicted,0.023255813953488372,42,42,GGCCGATTGCCGATACGATA,0,3621817
tmaR_predicted,0.023255813953488372,42,42,ATACTACCTGGCTGTCCGGA,0,3616841
tmaR_predicted,0.023255813953488372,42,42,AGCTTTTTCCAGGAAGTATC,0,3604481
tmaR_predicted,0.023809523809523808,41,41,GGTATCATGCGATAATATGT,0,3607347
tmaR_predicted,0.023809523809523808,41,41,GCGCAGCATCAGTCAGCAGC,0,3648475
tmaR_predicted,0.023809523809523808,41,41,CCATCCCATACGTGCATTCG,0,3604510
tmaR_predicted,0.023809523809523808,41,41,ATTGGTATAGAGTGTTCAGA,0,3631971
tmaR_predicted,0.024390243902439025,40,40,TGCTACTTGTTGGGATAGGA,0,3646893
tmaR_predicted,0.024390243902439025,40,40,CCATTGTTTGCTCGCATAGG,0,3623058
tmaR_predicted,0.024390243902439025,40,40,CAGCGCCAACGAAAGTTCCA,0,3630777
tmaR_predicted,0.025,39,39,GTTAGCCTGCGTGTGGTGCT,0,3610655
tmaR_predicted,0.02564102564102564,38,38,GAGTGACTACGGACATTTTG,0,3608299
tmaR_predicted,0.02564102564102564,38,38,AATAGGCCGGAAGGCCACAT,0,3608781
tmaR_predicted,0.02564102564102564,38,38,AAATACATTGCGACCAAGAA,0,3608191
tmaR_predicted,0.02631578947368421,37,37,TTAGCAACGTCTTGACTCAT,0,3633326
tmaR_predicted,0.02631578947368421,37,37,TCTCGTCATCGCAGATCTAA,0,3616410
tmaR_predicted,0.02631578947368421,37,37,TAACGAGCTGAGGCCTCCAG,0,3631496
tmaR_predicted,0.02631578947368421,37,37,GTGTTGTAGCAGGAGAGAGA,0,3605019
tmaR_predicted,0.02631578947368421,37,37,GGGCGGACAATAATTAGAAC,0,3624200
tmaR_predicted,0.02631578947368421,37,37,ACCTTGAGTGGGGTAGGTCA,0,3611932
tmaR_predicted,0.02702702702702703,36,36,TACAGGATCTACACCGAGCC,0,3620801
tmaR_predicted,0.02702702702702703,36,36,GTCGCCCTTGGGCGCATCTT,0,3616686
tmaR_predicted,0.02702702702702703,36,36,CACCAGCAGAACAATTCCCC,0,3616892
tmaR_predicted,0.027777777777777776,35,35,TCGGTACCCCTGTCCGGAGG,0,3613109
tmaR_predicted,0.027777777777777776,35,35,GGCGATGGTCCATAGGACCG,0,3609140
tmaR_predicted,0.027777777777777776,35,35,CCGGGGCACCCAATCACTGT,0,3614637
tmaR_predicted,0.027777777777777776,35,35,CACTGTCTCGGGCTGATCGC,0,3617992
tmaR_predicted,0.027777777777777776,35,35,AAGCATGGACCCAAGACTGA,0,3617909
tmaR_predicted,0.027777777777777776,35,35,AAATTGAAGCGATTAAGATG,0,3649662
tmaR_predicted,0.02857142857142857,34,34,TCGATTCCCAATCGGAGGCA,0,3647592
tmaR_predicted,0.02857142857142857,34,34,GTTCCCATGTAGCAGTGTAG,0,3648038
tmaR_predicted,0.02857142857142857,34,34,CAGCAGGGGGGGATAGGGTA,0,3634557
tmaR_predicted,0.02857142857142857,34,34,CACGGCCAGTTCACAAAGGA,0,3611942
tmaR_predicted,0.02857142857142857,34,34,CACATGAGCTATTTGCAGAG,0,3629293
tmaR_predicted,0.02857142857142857,34,34,ACCGTTGGTGCGGAGATCCT,0,3621739
tmaR_predicted,0.02857142857142857,34,34,AATGGTTACGACACCGAAGT,0,3623986
tmaR_predicted,0.02857142857142857,34,34,AATAAAAATCGGTTTACTCA,0,3616620
tmaR_predicted,0.029411764705882353,33,33,TTGTCTTATGTGCATGAGGG,0,3625379
tmaR_predicted,0.029411764705882353,33,33,TTAAACACTCGCTAGTGTAC,0,3616585
tmaR_predicted,0.029411764705882353,33,33,TCTGATCTGGCTATGGAAAT,0,3613768
tmaR_predicted,0.029411764705882353,33,33,TCCAGTAGTGTGGTAGTGCA,0,3629980
tmaR_predicted,0.029411764705882353,33,33,CTAGGCCTACGCTTTCCGGT,0,3641141
tmaR_predicted,0.029411764705882353,33,33,CGGCGGACTCGTCGATCGAA,0,3618463
tmaR_predicted,0.029411764705882353,33,33,CCGGAGACGTTACTTGTGTG,0,3614764
tmaR_predicted,0.029411764705882353,33,33,CCGGACCCCCGCTTCTAGAG,0,3604261
tmaR_predicted,0.029411764705882353,33,33,ATTTAAAGGCTTACAACAGA,0,3631944
tmaR_predicted,0.029411764705882353,33,33,ACCCAAAGAATATGGCTCTA,0,3611586
tmaR_predicted,0.029411764705882353,33,33,AAGTGTTTAGACACTATCGT,0,3611934
tmaR_predicted,0.029411764705882353,33,33,AAATCAAGACACAAATCGCA,0,3623822
tmaR_predicted,0.030303030303030304,32,32,TGTTTTACTGGACCTTGCAT,0,3627633
tmaR_predicted,0.030303030303030304,32,32,TGGAACCCACGCCATGGGGT,0,3612031
tmaR_predicted,0.030303030303030304,32,32,TATTGTACCAATTTCCGGGA,0,3612478
tmaR_predicted,0.030303030303030304,32,32,TACGCAAAGTTTATTCGTGG,0,3626695
tmaR_predicted,0.030303030303030304,32,32,GTTGTTTTTATAACCCTATA,0,3624037
tmaR_predicted,0.030303030303030304,32,32,GTGGCAATGTTGAATACGAT,0,3639453
tmaR_predicted,0.030303030303030304,32,32,GGGAGCCAATAAACACGCCC,0,3627120
tmaR_predicted,0.030303030303030304,32,32,GCGAGCTAGTGGAAATGAAA,0,3647942
tmaR_predicted,0.030303030303030304,32,32,CCCTACTCGACAAGGGGGTA,0,3604066
tmaR_predicted,0.030303030303030304,32,32,CACCGGCGGAGGTTGGTACT,0,3605577
tmaR_predicted,0.030303030303030304,32,32,ATCCGAAGGGACCTGCACAC,0,3634681
tmaR_predicted,0.030303030303030304,32,32,AGGGGTTCCTCGTCAGTGAA,0,3647523
tmaR_predicted,0.030303030303030304,32,32,ACAGCCGATGAGATGACGAT,0,3613918
tmaR_predicted,0.030303030303030304,32,32,AAACTATCAGTATTCCCACA,0,3623563
tmaR_predicted,0.03125,31,31,GGTATCTTTCGTGTCTGAAG,0,3626988
tmaR_predicted,0.03125,31,31,GCGGTGTTCTACCTGCTATA,0,3619963
tmaR_predicted,0.03125,31,31,GCCTACCTGGTCACATCTAC,0,3617697
tmaR_predicted,0.03125,31,31,CGGCAGGCACATGGACTTCG,0,3617812
tmaR_predicted,0.03125,31,31,CGGAGGTACTTATTCAAGCA,0,3632084
tmaR_predicted,0.03125,31,31,CGGAACTGGCCACCGTCTTA,0,3612345
tmaR_predicted,0.03125,31,31,CAATAGGGTACTAAGAATGT,0,3631460
tmaR_predicted,0.03125,31,31,ACGTAGCGGGTGTAGGTGAT,0,3604091
tmaR_predicted,0.03125,31,31,AAGTGGGTCCTCTGTGGCTA,0,3630476
tmaR_predicted,0.03125,31,31,AACCGACGCGTGGCGTGGGT,0,3624588
tmaR_predicted,0.03125,31,31,AAATATTCACGGCAAGGAAT,0,3607544
tmaR_predicted,0.03125,31,31,AAAATTTAGGGGCTGTTCTG,0,3633049
tmaR_predicted,0.03225806451612903,30,30,TGTAAGATTATGCGGTGCCT,0,3615029
tmaR_predicted,0.03225806451612903,30,30,TGGGTGGTGAAAGCGCCCAG,0,3616259
tmaR_predicted,0.03225806451612903,30,30,TCGGCCTCGTAACTGTTTAT,0,3625075
tmaR_predicted,0.03225806451612903,30,30,TCATTAGCAATTCCGTTCCT,0,3613521
tmaR_predicted,0.03225806451612903,30,30,GTGTCCCTACATCCAAATAG,0,3650100
tmaR_predicted,0.03225806451612903,30,30,GGGTAGGTCTAAGCGCTCCA,0,3627295
tmaR_predicted,0.03225806451612903,30,30,GGAAACTAAGCCTTCAGCCC,0,3622320
tmaR_predicted,0.03225806451612903,30,30,CTGGTAAGGGAAGGACTCAT,0,3613106
tmaR_predicted,0.03225806451612903,30,30,CCATGATCTGGGCCAGCCAC,0,3610975
tmaR_predicted,0.03225806451612903,30,30,CCATATGCTGGGGGACTTCA,0,3641801
tmaR_predicted,0.03225806451612903,30,30,ATTAGCCTGGTCCGGGTTAA,0,3638580
tmaR_predicted,0.03225806451612903,30,30,ATCGCGCTATACTGCATGTG,0,3612331
tmaR_predicted,0.03225806451612903,30,30,ATATAACTGTTTCCGGTATC,0,3613667
tmaR_predicted,0.03225806451612903,30,30,ACACCTCAATAGGACTACAT,0,3608110
tmaR_predicted,0.03225806451612903,30,30,ACAAGATTGGAAGATGATTG,0,3631053
tmaR_predicted,0.03333333333333333,29,29,TTCACGGTGCCTGGCTATGC,0,3613003
tmaR_predicted,0.03333333333333333,29,29,TGGATGCGGTCCCGAAGTAG,0,3626735
tmaR_predicted,0.03333333333333333,29,29,TCGTATAGAGTTTTTTTCGA,0,3649791
tmaR_predicted,0.03333333333333333,29,29,TCCGTAAGAAGGATTGCCCT,0,3619744
tmaR_predicted,0.03333333333333333,29,29,TAGGACGGTGCTAGAGTCTC,0,3610236
tmaR_predicted,0.03333333333333333,29,29,TAACAACGTAGCTCATGTTC,0,3608777
tmaR_predicted,0.03333333333333333,29,29,GTGGACTGAGGACGTAAGTA,0,3624505
tmaR_predicted,0.03333333333333333,29,29,GGTGTGAATCTCGTTGAGAA,0,3618414
tmaR_predicted,0.03333333333333333,29,29,GGCCCAAAACAGACCAAAAA,0,3631615
tmaR_predicted,0.03333333333333333,29,29,GGATCGGCACGCAGTTCTCG,0,3610159
tmaR_predicted,0.03333333333333333,29,29,GGAGCACCATACTCGAGGGG,0,3641581
tmaR_predicted,0.03333333333333333,29,29,GCGCTCCTTGCGGTTACTGT,0,3621779
tmaR_predicted,0.03333333333333333,29,29,GCAGGTGTTTTTATCAACAA,0,3615671
tmaR_predicted,0.03333333333333333,29,29,GATTTGTAACAGCCCGGGCG,0,3639995
tmaR_predicted,0.03333333333333333,29,29,CTCCAATGCATGCGCAGTGA,0,3634499
tmaR_predicted,0.03333333333333333,29,29,CGTGATGAGTCGTTACGTTT,0,3618096
tmaR_predicted,0.03333333333333333,29,29,CGCCCTGTTTAATGGGGAGC,0,3646116
tmaR_predicted,0.03333333333333333,29,29,CGAGAGGTATGGGAAAGCTA,0,3637093
tmaR_predicted,0.03333333333333333,29,29,CGACCCCCCGCATCGGTAAT,0,3623376
tmaR_predicted,0.03333333333333333,29,29,CAGGTTTATTGTGTCGTGAT,0,3622236
tmaR_predicted,0.03333333333333333,29,29,CAGCCGACATGTCTAGGGGT,0,3627530
tmaR_predicted,0.03333333333333333,29,29,ATGGAGCCCAGTTTGAATAG,0,3625073
tmaR_predicted,0.03333333333333333,29,29,AGGGGAACCACATTTTCCGA,0,3607823
tmaR_predicted,0.03333333333333333,29,29,AGGAATGGTGTAAGTCCGAG,0,3605197
tmaR_predicted,0.03333333333333333,29,29,ACTCCACTGACGGAGAAGTA,0,3640450
tmaR_predicted,0.03333333333333333,29,29,ACACGTAGAGCGTTTATACT,0,3621622
tmaR_predicted,0.03333333333333333,29,29,AAGGTCGTAGGTCCCTTTCA,0,3610814
tmaR_predicted,0.03333333333333333,29,29,AAGCGCACGGGTACGTAGTC,0,3610754
tmaR_predicted,0.034482758620689655,28,28,TTGGGTCAGAACCCGGAAAA,0,3609099
tmaR_predicted,0.034482758620689655,28,28,TTCGCAGAGGGCTGATCAGT,0,3638550
tmaR_predicted,0.034482758620689655,28,28,TGCTTCTAGTACGCTATTAC,0,3618154
tmaR_predicted,0.034482758620689655,28,28,TCTGGCGCACCGTTACGTGC,0,3638182
tmaR_predicted,0.034482758620689655,28,28,TCGGGGAGGGATGTCGCAGG,0,3639558
tmaR_predicted,0.034482758620689655,28,28,TAATTATCCTAGGACCCCCG,0,3634269
tmaR_predicted,0.034482758620689655,28,28,TAATATTCAATGATTCATTG,0,3641839
tmaR_predicted,0.034482758620689655,28,28,TAAAATGCTACGGCCTACAC,0,3615700
tmaR_predicted,0.034482758620689655,28,28,GTGAAATGGGATTCTCCATT,0,3627171
tmaR_predicted,0.034482758620689655,28,28,GGCCCCCCGGTTCCTCGAAC,0,3617791
tmaR_predicted,0.034482758620689655,28,28,GGAAAGGGAATTGAGTTTCT,0,3640758
tmaR_predicted,0.034482758620689655,28,28,GCCTACGGCATCACGTAAGG,0,3632375
tmaR_predicted,0.034482758620689655,28,28,CGGTTTGAAGCAGGACCCTC,0,3646184
tmaR_predicted,0.034482758620689655,28,28,CGAGGTTGTACGCTCTATCC,0,3644192
tmaR_predicted,0.034482758620689655,28,28,CATGCCGCCCTTCAAGATAG,0,3646490
tmaR_predicted,0.034482758620689655,28,28,CAGGCGCAAAGTAATCCGAA,0,3611996
tmaR_predicted,0.034482758620689655,28,28,CACTGTGTATGTGTACAACA,0,3619680
tmaR_predicted,0.034482758620689655,28,28,AGGTAACGTGCTCTTACAAC,0,3616891
tmaR_predicted,0.034482758620689655,28,28,ACTGGTTGCTCACGAACCCC,0,3638765
tmaR_predicted,0.034482758620689655,28,28,ACGGTTTACGGTGATTCCGG,0,3629240
tmaR_predicted,0.034482758620689655,28,28,AACGTCCTGTGGTATTCTTG,0,3611752
tmaR_predicted,0.03571428571428571,27,27,TCTGCAGGGTGGACTGACTT,0,3606570
tmaR_predicted,0.03571428571428571,27,27,TATCATAGATCCGCGCGGTA,0,3612483
tmaR_predicted,0.03571428571428571,27,27,TAGACACACGCACGAAGGAT,0,3636301
tmaR_predicted,0.03571428571428571,27,27,TACAGAACGCAAGCAGTACC,0,3607066
tmaR_predicted,0.03571428571428571,27,27,GTTCGTATCAGCTGAGTTGA,0,3646060
tmaR_predicted,0.03571428571428571,27,27,GTGTCTCCCGCGCTTTGAGG,0,3606420
tmaR_predicted,0.03571428571428571,27,27,GTCTGGCAATTGCACAGAAT,0,3612545
tmaR_predicted,0.03571428571428571,27,27,GGTATTCTGTTCACTGTTAA,0,3611813
tmaR_predicted,0.03571428571428571,27,27,GGGCGACGTATAAATCACTA,0,3642262
tmaR_predicted,0.03571428571428571,27,27,GGACCTGGGCATCCAGTCCA,0,3627872
tmaR_predicted,0.03571428571428571,27,27,GCACAGATGATAGCTATTAG,0,3620901
tmaR_predicted,0.03571428571428571,27,27,GAGTCGGAGTGATGCGGAAT,0,3625288
tmaR_predicted,0.03571428571428571,27,27,CTTGCCACGACCGTGATATG,0,3620018
tmaR_predicted,0.03571428571428571,27,27,CGGACTAATGAAGCCCTTAT,0,3621018
tmaR_predicted,0.03571428571428571,27,27,CGCTGAACAACCCAAGGCAG,0,3636180
tmaR_predicted,0.03571428571428571,27,27,CACAATACTGAGACCCGCCC,0,3626417
tmaR_predicted,0.03571428571428571,27,27,AGTCTTGTGATATAAGTCTA,0,3611861
tmaR_predicted,0.03571428571428571,27,27,AGTACTTTGGGCCAAGGTCT,0,3639860
tmaR_predicted,0.03571428571428571,27,27,AGTACGTGAGCAAGAGTTAC,0,3615314
tmaR_predicted,0.03571428571428571,27,27,AGCCGCATATAATGGTTCGG,0,3632448
tmaR_predicted,0.037037037037037035,26,26,TTGTTCTAGGGTCCGGGACT,0,3606057
tmaR_predicted,0.037037037037037035,26,26,TGTCTTCCCTGCTGGTGATA,0,3614361
tmaR_predicted,0.037037037037037035,26,26,TCTGATCATTATGTAGCGAA,0,3605239
tmaR_predicted,0.037037037037037035,26,26,TCCTGGCTTAGGGATGGTTT,0,3616842
tmaR_predicted,0.037037037037037035,26,26,TATGTTCCGTAGCGTACCCA,0,3641632
tmaR_predicted,0.037037037037037035,26,26,TATGCAGATATTCTGGATAG,0,3620025
tmaR_predicted,0.037037037037037035,26,26,GTTGTTTCTAACACAGTGAT,0,3606106
tmaR_predicted,0.037037037037037035,26,26,GTGGCAGCTCGCTAACATTG,0,3607179
tmaR_predicted,0.037037037037037035,26,26,GTAGGAGCGTTGAGACACTC,0,3627500
tmaR_predicted,0.037037037037037035,26,26,GGCAGTCTTAGCCCTCCCGC,0,3605043
tmaR_predicted,0.037037037037037035,26,26,GCTACGGGTAATCGCTCAGT,0,3609019
tmaR_predicted,0.037037037037037035,26,26,GCGTCCGGCTAGTGCGAACG,0,3643472
tmaR_predicted,0.037037037037037035,26,26,GATTGCGTGGTTAGCAGAAA,0,3626360
tmaR_predicted,0.037037037037037035,26,26,GATATGCAGTTCCGTGTTTG,0,3636152
tmaR_predicted,0.037037037037037035,26,26,GACGGCTCCGGCGCAACGGT,0,3604808
tmaR_predicted,0.037037037037037035,26,26,CTGCCCGTAACGCGTAATAA,0,3615773
tmaR_predicted,0.037037037037037035,26,26,CGTCTAGCGGGAACGCTACA,0,3628698
tmaR_predicted,0.037037037037037035,26,26,CGGAGTCAGATCCGGGCGTG,0,3611428
tmaR_predicted,0.037037037037037035,26,26,CGCAGGGGTCAGCTTTCGGG,0,3621525
tmaR_predicted,0.037037037037037035,26,26,CCAATTTGGCTGAGTAAAGG,0,3639140
tmaR_predicted,0.037037037037037035,26,26,CAACGACCGAATTATGTTGT,0,3637329
tmaR_predicted,0.037037037037037035,26,26,ATTGGTGAAAAGTGTTGTGG,0,3609024
tmaR_predicted,0.037037037037037035,26,26,AGGGATTTGTCCACAATAGC,0,3620490
tmaR_predicted,0.037037037037037035,26,26,AGCCTTTTTCCAATACACCG,0,3632919
tmaR_predicted,0.037037037037037035,26,26,AATATCTAATTCGATTTCGA,0,3607570
tmaR_predicted,0.037037037037037035,26,26,AACGCCGGCCGACATCCTCA,0,3635507
tmaR_predicted,0.038461538461538464,25,25,TTGCCTCCGAGTGTGATTAA,0,3647950
tmaR_predicted,0.038461538461538464,25,25,TTCGGAGGGATCAACGCTCT,0,3627392
tmaR_predicted,0.038461538461538464,25,25,TTCCGTAATGTCTCTAGGAT,0,3616306
tmaR_predicted,0.038461538461538464,25,25,TGTTGGTGAAACATGTGCTG,0,3619405
tmaR_predicted,0.038461538461538464,25,25,TGAGGAGTTCCGATCGGATT,0,3647157
tmaR_predicted,0.038461538461538464,25,25,TCCCATGGATCTTCGAGTTG,0,3613920
tmaR_predicted,0.038461538461538464,25,25,TATCCTTTAAGAACGAGGGT,0,3613968
tmaR_predicted,0.038461538461538464,25,25,TAGACGCTCACTATGTTTCT,0,3607077
tmaR_predicted,0.038461538461538464,25,25,TAAAGCTCGCGTCGTGAACA,0,3626411
tmaR_predicted,0.038461538461538464,25,25,GGTTTGTAAGGCGTGGATTG,0,3614772
tmaR_predicted,0.038461538461538464,25,25,GGGGTCTGTGTCCTGGAAAC,0,3628820
tmaR_predicted,0.038461538461538464,25,25,GCTACTTGTCGTTGGAACTG,0,3616979
tmaR_predicted,0.038461538461538464,25,25,GCCTATCTGACTGAAATCCA,0,3626351
tmaR_predicted,0.038461538461538464,25,25,GCAGTTAAGTTACAAGAAGA,0,3611430
tmaR_predicted,0.038461538461538464,25,25,GCACAACAATATTATTTCTG,0,3636647
tmaR_predicted,0.038461538461538464,25,25,GATTGTCCTGGCCTGCATTA,0,3630086
tmaR_predicted,0.038461538461538464,25,25,CTGAATGAAACCTAACAAAT,0,3632148
tmaR_predicted,0.038461538461538464,25,25,CGGGGCTTAAATTCCCTCAG,0,3644271
tmaR_predicted,0.038461538461538464,25,25,CGCGGTATACCTGGGTACCT,0,3616815
tmaR_predicted,0.038461538461538464,25,25,CATCACTACGACAACTGCCA,0,3644399
tmaR_predicted,0.038461538461538464,25,25,ACCGCTATACTCAATTCCAG,0,3626652
tmaR_predicted,0.038461538461538464,25,25,AACTGGAAGGAGCTATCATG,0,3607867
tmaR_predicted,0.04,24,24,TTGTCACCGGAAAGAAATAT,0,3639890
tmaR_predicted,0.04,24,24,TGAAGCTCCGCCCAGTAAGG,0,3641725
tmaR_predicted,0.04,24,24,TGAACCCGGACAGATGTGCA,0,3643302
tmaR_predicted,0.04,24,24,TCAGTTACCATTAACCAACT,0,3647995
tmaR_predicted,0.04,24,24,TATTCCGCCGTGGTTTTGTA,0,3628505
tmaR_predicted,0.04,24,24,TAACTATTCTCAAGCGATTG,0,3639875
tmaR_predicted,0.04,24,24,GTTCAAGCCGGTGCGAGACT,0,3607618
tmaR_predicted,0.04,24,24,GTCTTGTCCTGCCCATCCAT,0,3626987
tmaR_predicted,0.04,24,24,GGCTGTGAAGGGCGTACAGG,0,3635539
tmaR_predicted,0.04,24,24,GGAACTAATCGGCTGTGTAG,0,3607518
tmaR_predicted,0.04,24,24,GCGACCTTCTCCTACCCAAC,0,3628472
tmaR_predicted,0.04,24,24,GCCCACTCTATAGATACTTG,0,3614267
tmaR_predicted,0.04,24,24,CTTGAAATCCAAGGGTCCCA,0,3631718
tmaR_predicted,0.04,24,24,CTGTGGCCCAAAGAGGAGTT,0,3617755
tmaR_predicted,0.04,24,24,CTCTTCCGGTGTGAATCAAG,0,3637770
tmaR_predicted,0.04,24,24,CGCGGGAGTTTGTTATAGCC,0,3627852
tmaR_predicted,0.04,24,24,CCTTTCAGCTATGCGATTGA,0,3611232
tmaR_predicted,0.04,24,24,CCATGAGTGACCAAGGTCGC,0,3633282
tmaR_predicted,0.04,24,24,CAGGGTATGAGAACTTAAAG,0,3609285
tmaR_predicted,0.04,24,24,CACAATCTAGGGTTCCATAT,0,3623564
tmaR_predicted,0.04,24,24,CAATTCTGAGGGTACCTATA,0,3609935
tmaR_predicted,0.04,24,24,ATCCGTAAACTTGGGTCTCC,0,3627657
tmaR_predicted,0.04,24,24,ATATGCGACTCTTTATTACA,0,3620400
tmaR_predicted,0.04,24,24,AGTCCATCGCTATGGCTTGA,0,3630696
tmaR_predicted,0.04,24,24,AGGCAAGGGGTCATGCCGAG,0,3615766
tmaR_predicted,0.04,24,24,AGCCCTCCCAGTGTCACAAG,0,3616553
tmaR_predicted,0.04,24,24,AGACCTTCTCTGATACCTTG,0,3634984
tmaR_predicted,0.04,24,24,AATTCAACTGTTCGTTCTTC,0,3620022
tmaR_predicted,0.04,24,24,AACATCAGCCACTCTCGGTT,0,3619326
tmaR_predicted,0.04,24,24,AAAACCTATAGGTGTGTATA,0,3639025
tmaR_predicted,0.041666666666666664,23,23,TTCTCGCGCTCTAACAAAAT,0,3626311
tmaR_predicted,0.041666666666666664,23,23,TTCTAAATAGGAGTTTAACA,0,3607793
tmaR_predicted,0.041666666666666664,23,23,TGGAATGATGGGGCATGTCA,0,3605010
tmaR_predicted,0.041666666666666664,23,23,TGAAGCTCTAGGACCCAGAA,0,3629488
tmaR_predicted,0.041666666666666664,23,23,TCTATCCGGAGTACGCATGT,0,3633160
tmaR_predicted,0.041666666666666664,23,23,TCGTTGTTTTCGGGGTAGAG,0,3611845
tmaR_predicted,0.041666666666666664,23,23,TCCTAGACGGACAATACGAT,0,3604777
tmaR_predicted,0.041666666666666664,23,23,TCAGCTCTCTATCGCGATCA,0,3627484
tmaR_predicted,0.041666666666666664,23,23,TATTACGTCCATTTCGAGTT,0,3610505
tmaR_predicted,0.041666666666666664,23,23,TAAGTTTGTAGAATCCTAGT,0,3611106
tmaR_predicted,0.041666666666666664,23,23,GTGTGTCAGTTGGCTTTCAT,0,3646210
tmaR_predicted,0.041666666666666664,23,23,GTCAATCGTGGGGCGTGGGT,0,3639495
tmaR_predicted,0.041666666666666664,23,23,GTATTGCACGAAGGCTCCGG,0,3614475
tmaR_predicted,0.041666666666666664,23,23,GGTCTCAAGGAACACTATGG,0,3649954
tmaR_predicted,0.041666666666666664,23,23,GGGTGTTCTGTTTAAGAGAA,0,3610752
tmaR_predicted,0.041666666666666664,23,23,GGCGCCCGGCGAGTGACAAT,0,3616049
tmaR_predicted,0.041666666666666664,23,23,GGCCTGATCGTTTTGACCCT,0,3619847
tmaR_predicted,0.041666666666666664,23,23,GCGTTAGAAACAAGAGACTA,0,3623795
tmaR_predicted,0.041666666666666664,23,23,GCACTCGGGCAGTAAACAAA,0,3647558
tmaR_predicted,0.041666666666666664,23,23,GAGACAAACTGCGTGTCTAT,0,3633088
tmaR_predicted,0.041666666666666664,23,23,GACTTTTCTGGAAAATACAG,0,3623375
tmaR_predicted,0.041666666666666664,23,23,CTGCTCATACTGGCCGTGAA,0,3619837
tmaR_predicted,0.041666666666666664,23,23,CGGTTACCTCAGCAGCCTAA,0,3609655
tmaR_predicted,0.041666666666666664,23,23,CGGTCTAGCGACAGGGAATG,0,3618970
tmaR_predicted,0.041666666666666664,23,23,CGCTGCTCATCCATCCAGGC,0,3619409
tmaR_predicted,0.041666666666666664,23,23,CGCAATAACCCAGACGAAAG,0,3642351
tmaR_predicted,0.041666666666666664,23,23,CCTGTCCACGGGCATGCGAC,0,3637110
tmaR_predicted,0.041666666666666664,23,23,CCCTAAAAATGTTGGCACAT,0,3605150
tmaR_predicted,0.041666666666666664,23,23,CCAGTACGGTTGTAAGTTCG,0,3641415
tmaR_predicted,0.041666666666666664,23,23,CAAGTCACATTATTACTCCC,0,3604424
tmaR_predicted,0.041666666666666664,23,23,ATTCCGTTCATAGTGATTCT,0,3614011
tmaR_predicted,0.041666666666666664,23,23,ATTCCATAAGTGCGTTTACG,0,3627306
tmaR_predicted,0.041666666666666664,23,23,ATCCAATTGGTACAACCTGA,0,3630365
tmaR_predicted,0.041666666666666664,23,23,AATCGCAGGCCCGGTCTTTG,0,3616696
tmaR_predicted,0.041666666666666664,23,23,AAGGCATTCCGACACCTGTG,0,3630348
tmaR_predicted,0.043478260869565216,22,22,TTTTCAGCGCCGCCCTATCC,0,3619202
tmaR_predicted,0.043478260869565216,22,22,TTTCAATCGCCCGAAGGTGT,0,3628504
tmaR_predicted,0.043478260869565216,22,22,TTGGGAGCAGTTAGGGCCTA,0,3606880
tmaR_predicted,0.043478260869565216,22,22,TGTGCCTTTAGTCAACCCTC,0,3645198
tmaR_predicted,0.043478260869565216,22,22,TGGGCGGAGCCGGCTAGCCC,0,3610757
tmaR_predicted,0.043478260869565216,22,22,TGCTAACCACCACCGAACTG,0,3633368
tmaR_predicted,0.043478260869565216,22,22,TGCCTCGCCCCTGGAGTCAG,0,3628246
tmaR_predicted,0.043478260869565216,22,22,TGAGGGAACGCATAGGAGGC,0,3642017
tmaR_predicted,0.043478260869565216,22,22,TCAACGGGTCCGGCTGTGGA,0,3642066
tmaR_predicted,0.043478260869565216,22,22,TAAATGGATAGGAGCTTCGT,0,3644519
tmaR_predicted,0.043478260869565216,22,22,GTGATTCTCAAGAGCCGTCA,0,3610827
tmaR_predicted,0.043478260869565216,22,22,GGTCGTTTGACCTCCTCGAG,0,3628823
tmaR_predicted,0.043478260869565216,22,22,GGGATTGTCAGCAAAATAAG,0,3635607
tmaR_predicted,0.043478260869565216,22,22,GGGACTGAAAGAGCTGCTTG,0,3639794
tmaR_predicted,0.043478260869565216,22,22,GCTGCACTAGAATCGCCGTG,0,3605066
tmaR_predicted,0.043478260869565216,22,22,GCCAGGAATCGGAGATTGTG,0,3636703
tmaR_predicted,0.043478260869565216,22,22,GATAATATTTCTAGAGCGCT,0,3608790
tmaR_predicted,0.043478260869565216,22,22,GAGTGTGACTGTCGCACAAC,0,3631426
tmaR_predicted,0.043478260869565216,22,22,GACTAATTAAACAATCTGGG,0,3639835
tmaR_predicted,0.043478260869565216,22,22,CTCGGGTTGCCAGTCACACA,0,3642535
tmaR_predicted,0.043478260869565216,22,22,CTATTCGAGAAATGAGCACT,0,3619976
tmaR_predicted,0.043478260869565216,22,22,CGGGGGGTTGGTGATGGTTA,0,3641142
tmaR_predicted,0.043478260869565216,22,22,CGGGGGCGTACGCTCTTGAG,0,3637526
tmaR_predicted,0.043478260869565216,22,22,CGGACTGAGGAATTTGGACT,0,3607521
tmaR_predicted,0.043478260869565216,22,22,CGCAGTGTTGAGAGAAAGCA,0,3647268
tmaR_predicted,0.043478260869565216,22,22,CGAGACTTAACCGACACTCA,0,3617995
tmaR_predicted,0.043478260869565216,22,22,CCTCCTGCGAGTTAGGAATA,0,3617957
tmaR_predicted,0.043478260869565216,22,22,CCGTGTATTATTGCCATTTA,0,3640432
tmaR_predicted,0.043478260869565216,22,22,CCGATCCAGGTGGAGACAGA,0,3626921
tmaR_predicted,0.043478260869565216,22,22,CCCAGCGTGACTTGTGAGGG,0,3624049
tmaR_predicted,0.043478260869565216,22,22,CAGTTGACCACAGGTCTCGT,0,3615083
tmaR_predicted,0.043478260869565216,22,22,CAGAGTTTAGCCGGGTATCA,0,3633157
tmaR_predicted,0.043478260869565216,22,22,CAATGAGCATCAGAGTCAAT,0,3618249
tmaR_predicted,0.043478260869565216,22,22,ATCGGCCGTATACAAAGCGC,0,3635426
tmaR_predicted,0.043478260869565216,22,22,AGACACGGTTTCGGAAATAA,0,3615270
tmaR_predicted,0.043478260869565216,22,22,ACCGCGTGATTCCCCACGTA,0,3632143
tmaR_predicted,0.043478260869565216,22,22,AATTTCTCGGCTGACAGTCC,0,3612167
tmaR_predicted,0.043478260869565216,22,22,AATTGCTTGCTTACTCTATT,0,3604187
tmaR_predicted,0.043478260869565216,22,22,AACTGGGAGAATCGTTCTGT,0,3626892
tmaR_predicted,0.043478260869565216,22,22,AACGTCGTTACAAGGGTTGG,0,3603916
tmaR_predicted,0.043478260869565216,22,22,AAAGATGTGCCCGGTCCGTT,0,3644260
tmaR_predicted,0.045454545454545456,21,21,TTTTATTGTAACTGATAGCG,0,3623309
tmaR_predicted,0.045454545454545456,21,21,TTAGTAGAGACTGACTCGAA,0,3650299
tmaR_predicted,0.045454545454545456,21,21,TGCATGAGTGACCTCGGAGA,0,3621195
tmaR_predicted,0.045454545454545456,21,21,TGAGAGGCTGGTGGTCGAGA,0,3619160
tmaR_predicted,0.045454545454545456,21,21,TGAAATATTTGATTATCTAA,0,3633124
tmaR_predicted,0.045454545454545456,21,21,TCTACCGGCGGGGTTTTCCC,0,3608528
tmaR_predicted,0.045454545454545456,21,21,TAAGCATAGTAGTTACGCAA,0,3645002
tmaR_predicted,0.045454545454545456,21,21,GTTGGATGTTTTATCGGTCC,0,3642399
tmaR_predicted,0.045454545454545456,21,21,GTCGGAAGGTCGAGGCCGCG,0,3610452
tmaR_predicted,0.045454545454545456,21,21,GGGTGTTCAACGTTCAGTAT,0,3641802
tmaR_predicted,0.045454545454545456,21,21,GGGACTACACAGTAGAGAGA,0,3615984
tmaR_predicted,0.045454545454545456,21,21,GGCTAGCATTGGTATTAAGT,0,3617733
tmaR_predicted,0.045454545454545456,21,21,GGAGTCGTACTTCCCGTACT,0,3639263
tmaR_predicted,0.045454545454545456,21,21,GGAGCCATCATTAGCCCCCG,0,3640799
tmaR_predicted,0.045454545454545456,21,21,GCTGTGTTCACATGGGGGCT,0,3606315
tmaR_predicted,0.045454545454545456,21,21,GCTATGTAGGTGTCGGAGTA,0,3605335
tmaR_predicted,0.045454545454545456,21,21,GCGATGTAGAACTGTGACCG,0,3619201
tmaR_predicted,0.045454545454545456,21,21,GCCTGTAATGGCGACCTGAT,0,3620776
tmaR_predicted,0.045454545454545456,21,21,GCCAGAATGGTGCTGCCGAC,0,3621318
tmaR_predicted,0.045454545454545456,21,21,GCATTTACAGGTTTGGCTGG,0,3637474
tmaR_predicted,0.045454545454545456,21,21,GCACGTGCGGGCGAGCTTTT,0,3615982
tmaR_predicted,0.045454545454545456,21,21,GAGTCGTGTAGAACCGTGCA,0,3611202
tmaR_predicted,0.045454545454545456,21,21,GAGGTGTCTGAGTGAAGATA,0,3640227
tmaR_predicted,0.045454545454545456,21,21,CTGGACAGGTTTCAATGGAT,0,3628673
tmaR_predicted,0.045454545454545456,21,21,CTCGTGCGCTCTCGCCGGAC,0,3633288
tmaR_predicted,0.045454545454545456,21,21,CTAGGATACTAAAGGCTTTC,0,3615067
tmaR_predicted,0.045454545454545456,21,21,CGTTAGTTGGCTCAGTGCTG,0,3630409
tmaR_predicted,0.045454545454545456,21,21,CGTCGTCCGCTCAAAAACAG,0,3640470
tmaR_predicted,0.045454545454545456,21,21,CGGAGAAATCGCAACACGAA,0,3624589
tmaR_predicted,0.045454545454545456,21,21,CGCCTATGCTCGACTGAACG,0,3632600
tmaR_predicted,0.045454545454545456,21,21,CGCCGGAATAATGGTGGTTG,0,3634239
tmaR_predicted,0.045454545454545456,21,21,CCCATACGTGAGTCCGTCTA,0,3613286
tmaR_predicted,0.045454545454545456,21,21,CATCCTACCCATGTATCTCA,0,3632284
tmaR_predicted,0.045454545454545456,21,21,CAGGTAGTCAGTTTTAACGG,0,3607519
tmaR_predicted,0.045454545454545456,21,21,CAATTCCGTTTATGGTAGAT,0,3618969
tmaR_predicted,0.045454545454545456,21,21,CAATGTTGTGATTAGAGCTG,0,3616683
tmaR_predicted,0.045454545454545456,21,21,AGTTTGCGGGACTATCCAAT,0,3615705
tmaR_predicted,0.045454545454545456,21,21,AGGTGGGACGGACGCCAGCC,0,3630910
tmaR_predicted,0.045454545454545456,21,21,AGGCATTCTATAGAAGTAAT,0,3610930
tmaR_predicted,0.045454545454545456,21,21,AGCTACGAGTTCGGTGAGAT,0,3615943
tmaR_predicted,0.045454545454545456,21,21,AGAATCATTGCACATCCTGA,0,3648102
tmaR_predicted,0.045454545454545456,21,21,ACTTGAGCACATGGTATGAA,0,3619194
tmaR_predicted,0.045454545454545456,21,21,ACGGGCTTGTCAGATTGCCA,0,3618776
tmaR_predicted,0.045454545454545456,21,21,ACCAGGTGCCGTCGCCCGAG,0,3607352
tmaR_predicted,0.045454545454545456,21,21,ACATTTATAGGAACTAAGTT,0,3622018
tmaR_predicted,0.045454545454545456,21,21,ACAGTCACCTAGAGCGAAAG,0,3607915
tmaR_predicted,0.045454545454545456,21,21,ACAAACACCTCAAACGGCAT,0,3619614
tmaR_predicted,0.045454545454545456,21,21,AACCGCTTTATGTGATCGAA,0,3629569
tmaR_predicted,0.047619047619047616,20,20,TTTTTGCGACCCGGGTGTCT,0,3631966
tmaR_predicted,0.047619047619047616,20,20,TTTATGTACACCGCGCTTTT,0,3624911
tmaR_predicted,0.047619047619047616,20,20,TTGTCACCGGTGTTTCGCGT,0,3635859
tmaR_predicted,0.047619047619047616,20,20,TTGCGGTAGTCCTGCGCATG,0,3611180
tmaR_predicted,0.047619047619047616,20,20,TTGACTGAGACACCGTGGCT,0,3625384
tmaR_predicted,0.047619047619047616,20,20,TTAGCCATTGAGCACGGGGT,0,3609352
tmaR_predicted,0.047619047619047616,20,20,TGTCTCAGATTAAAACGGGG,0,3628392
tmaR_predicted,0.047619047619047616,20,20,TGGTTGGCATGGAACCGGCA,0,3638995
tmaR_predicted,0.047619047619047616,20,20,TGGTGTTCTATATTTATTTT,0,3650074
tmaR_predicted,0.047619047619047616,20,20,TGGGTCAACTAGGATAGTTA,0,3626828
tmaR_predicted,0.047619047619047616,20,20,TGGGGCATGCTGAAACTGAC,0,3636265
tmaR_predicted,0.047619047619047616,20,20,TGCTTTCGATCACGTTAGGA,0,3616269
tmaR_predicted,0.047619047619047616,20,20,TGAACACAGGGCGTTCATGC,0,3611645
tmaR_predicted,0.047619047619047616,20,20,TCTAATGTACATGACAAGCA,0,3631306
tmaR_predicted,0.047619047619047616,20,20,TCAAACGGAAGCGGCTCTTG,0,3634465
tmaR_predicted,0.047619047619047616,20,20,TATTAGCCTCCGAGGTTCAG,0,3613176
tmaR_predicted,0.047619047619047616,20,20,TACATTACCGATACTAAAAA,0,3609758
tmaR_predicted,0.047619047619047616,20,20,TAAGGTTATGTGAATGCATA,0,3608529
tmaR_predicted,0.047619047619047616,20,20,TAAATGGCGGGGGCTTTGTG,0,3607432
tmaR_predicted,0.047619047619047616,20,20,GTGGAAAGGCAATCGTTAAT,0,3645424
tmaR_predicted,0.047619047619047616,20,20,GGTGGTGGTGCGTACTTGGT,0,3618420
tmaR_predicted,0.047619047619047616,20,20,GGTGATACAGTTTGTTAGAT,0,3644281
tmaR_predicted,0.047619047619047616,20,20,GGAAGCAACAATTGACCAAG,0,3646255
tmaR_predicted,0.047619047619047616,20,20,GATCATATATGTGTATATCC,0,3634462
tmaR_predicted,0.047619047619047616,20,20,GAGTTGACCAATATGGAGCT,0,3604162
tmaR_predicted,0.047619047619047616,20,20,GAACGCGTCAGAACAATGTC,0,3627758
tmaR_predicted,0.047619047619047616,20,20,CTTACGGGCGTTTGGCTGAT,0,3625477
tmaR_predicted,0.047619047619047616,20,20,CTTAAAGGTATCCTGGGCCT,0,3628296
tmaR_predicted,0.047619047619047616,20,20,CTGCATAACGTACCGTAGTC,0,3605318
tmaR_predicted,0.047619047619047616,20,20,CTCGTCTTTAGCCTTCTATA,0,3647804
tmaR_predicted,0.047619047619047616,20,20,CTCGGGCTGGCATTTGCCTC,0,3612233
tmaR_predicted,0.047619047619047616,20,20,CTCCAAGTTATCTAACTTAT,0,3642070
tmaR_predicted,0.047619047619047616,20,20,CGTCTACATAAAAAGCGAGC,0,3606128
tmaR_predicted,0.047619047619047616,20,20,CGTCCGCGCTGCACGATAAT,0,3606012
tmaR_predicted,0.047619047619047616,20,20,CGCCGAACCGCTCATAGTTA,0,3639347
tmaR_predicted,0.047619047619047616,20,20,CGACACCCCTTATATGCATT,0,3648941
tmaR_predicted,0.047619047619047616,20,20,CCTTCAGGCACCGCCCCTAG,0,3610634
tmaR_predicted,0.047619047619047616,20,20,CCTCGGGTAACGTGTAGTTG,0,3630148
tmaR_predicted,0.047619047619047616,20,20,CCGAGTTGGAGGAGGTTATT,0,3632170
tmaR_predicted,0.047619047619047616,20,20,CCCGAAGTTGAGGCGTCATT,0,3623638
tmaR_predicted,0.047619047619047616,20,20,CCATGTGTGGACGCCTTGAG,0,3612623
tmaR_predicted,0.047619047619047616,20,20,CATCGCAGAACTACTCTGTT,0,3647944
tmaR_predicted,0.047619047619047616,20,20,CAGATTACACGGGGTCGTCA,0,3636676
tmaR_predicted,0.047619047619047616,20,20,CAGAAACATTGATTCGGCGT,0,3611462
tmaR_predicted,0.047619047619047616,20,20,CACCAGGTTTTACTAATCGT,0,3643524
tmaR_predicted,0.047619047619047616,20,20,CACCAATCCTCGTAGTATTG,0,3607253
tmaR_predicted,0.047619047619047616,20,20,CAATTCGTTCTCTCTAGACA,0,3617263
tmaR_predicted,0.047619047619047616,20,20,CAACCGCTCACTATGTTTTT,0,3618586
tmaR_predicted,0.047619047619047616,20,20,CAAACCCGCAAAATGCGAAT,0,3630363
tmaR_predicted,0.047619047619047616,20,20,ATTTTATTAACCCCGTTTTG,0,3640002
tmaR_predicted,0.047619047619047616,20,20,ATTATTCCCTTGCATGCGGG,0,3634577
tmaR_predicted,0.047619047619047616,20,20,ATTACCCGAGGAATCGCAAT,0,3611760
tmaR_predicted,0.047619047619047616,20,20,ATCTGCTCTGGGTTATTCAT,0,3625993
tmaR_predicted,0.047619047619047616,20,20,AGTCATTGTCGGGTCTGGAT,0,3621181
tmaR_predicted,0.047619047619047616,20,20,AGCTATTCGCGACGTTCAAT,0,3605958
tmaR_predicted,0.047619047619047616,20,20,AGAGCTTGCCTACGATACTG,0,3622667
tmaR_predicted,0.047619047619047616,20,20,ACGTTCATGAAGTTGAAAAT,0,3646644
tmaR_predicted,0.047619047619047616,20,20,ACGGGACAATATGCCACATC,0,3614775
tmaR_predicted,0.047619047619047616,20,20,ACGGCCAGAGCGCTATGACC,0,3621555
tmaR_predicted,0.047619047619047616,20,20,AACGATTAACCAAGTCTTAA,0,3637783
tmaR_predicted,0.047619047619047616,20,20,AACATATCAGTTGAGGTATG,0,3646379
tmaR_predicted,0.047619047619047616,20,20,AACAGATAAACCCGATAGGT,0,3626018
tmaR_predicted,0.05,19,19,TTTCCGGTAAAGGACTTCCC,0,3644726
tmaR_predicted,0.05,19,19,TTTAAATGAAACTGTGGGAT,0,3614295
tmaR_predicted,0.05,19,19,TTGTCTCGGGCGGAACATGG,0,3610285
tmaR_predicted,0.05,19,19,TTGCTTACGGTGTAAGGGAA,0,3631728
tmaR_predicted,0.05,19,19,TTAGCTACAAATGAAGAGAG,0,3606693
tmaR_predicted,0.05,19,19,TGTTACGACCGTAACTGTGC,0,3624121
tmaR_predicted,0.05,19,19,TGTGAGCATAAAGGCGGAGT,0,3606239
tmaR_predicted,0.05,19,19,TGTCCCCTTCTGAAGACAAA,0,3608945
tmaR_predicted,0.05,19,19,TGTAACTCGCACCAAGGCGG,0,3638300
tmaR_predicted,0.05,19,19,TGAAACCACATGAATAGTGG,0,3649562
tmaR_predicted,0.05,19,19,TCTCGGAGCGCACAACTAAA,0,3605304
tmaR_predicted,0.05,19,19,TCGTTTAGTGTCCTTGGGAT,0,3645091
tmaR_predicted,0.05,19,19,TCCGGTGGATGACTTAGGGT,0,3647932
tmaR_predicted,0.05,19,19,TCAGCTTGAATACCGATGCA,0,3634862
tmaR_predicted,0.05,19,19,TATGTTATGGGTCTCAGGGG,0,3640980
tmaR_predicted,0.05,19,19,TATATCCAAGGGCATTGCTG,0,3648972
tmaR_predicted,0.05,19,19,TAGTTACTGAGGGGCATAGG,0,3604393
tmaR_predicted,0.05,19,19,TACGCGGGTGTTGCTTGGAA,0,3626958
tmaR_predicted,0.05,19,19,GTTGATAGACCGTGTCAAAA,0,3631123
tmaR_predicted,0.05,19,19,GTTAATTGGACGTACGTCGT,0,3640757
tmaR_predicted,0.05,19,19,GTGTGGGGGTCCTTAAGGAT,0,3622306
tmaR_predicted,0.05,19,19,GTATGCATTATGTGGTCTAA,0,3622207
tmaR_predicted,0.05,19,19,GGTCGATACTCCTCGTACCT,0,3627201
tmaR_predicted,0.05,19,19,GGTATTGACCTGGGCTCCCG,0,3619205
tmaR_predicted,0.05,19,19,GGGAAAAGTCCCGAGGCTTT,0,3614763
tmaR_predicted,0.05,19,19,GGATTGGACGCTGCATCGGT,0,3609582
tmaR_predicted,0.05,19,19,GCGCATCTCTTGGCACATCG,0,3645417
tmaR_predicted,0.05,19,19,GCGAAAGGGCTAACGGGAAA,0,3642018
tmaR_predicted,0.05,19,19,GATCATGTAGCTGATGTGTC,0,3610832
tmaR_predicted,0.05,19,19,GATACCCCTCTTATCGTATC,0,3624756
tmaR_predicted,0.05,19,19,GAGAATTGGCGTTCGAACAG,0,3625496
tmaR_predicted,0.05,19,19,GACTGATTCCCTCGTAGTTT,0,3615628
tmaR_predicted,0.05,19,19,GACGTTATATGGCGCAGATC,0,3640447
tmaR_predicted,0.05,19,19,GACACAAATGGCGAGGTTAT,0,3610029
tmaR_predicted,0.05,19,19,GAATCACGTAAGGCAAGGGG,0,3637026
tmaR_predicted,0.05,19,19,GAATAATAAAGCGCACAAAC,0,3605250
tmaR_predicted,0.05,19,19,CTTTCACTGTTTAGGAAAAT,0,3631128
tmaR_predicted,0.05,19,19,CTCGACTCCCAGAGTAACTA,0,3624439
tmaR_predicted,0.05,19,19,CTCCACATGTGCATAGGTAT,0,3623633
tmaR_predicted,0.05,19,19,CTAAGGGGAGGTTTAAAGCA,0,3642401
tmaR_predicted,0.05,19,19,CGCCCGTAGTGCTTGCATAT,0,3608709
tmaR_predicted,0.05,19,19,CGAGAAACTGCAGGATGAGT,0,3606640
tmaR_predicted,0.05,19,19,CGAAAAACCCCGTCGGGGTA,0,3639490
tmaR_predicted,0.05,19,19,CCGAGAGGAACGGAGCATTA,0,3648386
tmaR_predicted,0.05,19,19,CCCGTGGCCAAGATGAAGGC,0,3607011
tmaR_predicted,0.05,19,19,CAACAGTTCCAATTCGCGTT,0,3636056
tmaR_predicted,0.05,19,19,CAAAAAACGATTTTGGCCCC,0,3629876
tmaR_predicted,0.05,19,19,ATTCGTTCGTTACATGTGAG,0,3622578
tmaR_predicted,0.05,19,19,ATGTGTTAGCTTTCGACCCG,0,3636178
tmaR_predicted,0.05,19,19,ATGACTTCTCCGTAGGAGGT,0,3637076
tmaR_predicted,0.05,19,19,AGTGCCCGTACAGTAATGAC,0,3618925
tmaR_predicted,0.05,19,19,AGTCTGACAACCGATGATGT,0,3646024
tmaR_predicted,0.05,19,19,AGTCAGCCGGTTCACAGATA,0,3640883
tmaR_predicted,0.05,19,19,AGTCAGCCGCGGCTTGGTTA,0,3616352
tmaR_predicted,0.05,19,19,AGTAGGCCTCGCCATTCAGC,0,3622152
tmaR_predicted,0.05,19,19,AGTACAATACCAACCATTGG,0,3617619
tmaR_predicted,0.05,19,19,AGGGGAGGGCTGCATACTGT,0,3613180
tmaR_predicted,0.05,19,19,AGCGGCGCAACCGCTGAGCA,0,3605925
tmaR_predicted,0.05,19,19,AGCCTCAAAGAGTTATGATT,0,3638774
tmaR_predicted,0.05,19,19,AGCCAGAACCTGAATAACCC,0,3637079
tmaR_predicted,0.05,19,19,ACGGTTAGGTCAATAGTCTG,0,3628875
tmaR_predicted,0.05,19,19,ACGGTGAGCGTGAGGCGAAG,0,3607447
tmaR_predicted,0.05,19,19,ACGGATATCATAATTGGGAA,0,3638769
tmaR_predicted,0.05,19,19,ACCTAAGGTCTATCCGTAGT,0,3632878
tmaR_predicted,0.05,19,19,ACAACTACGGCGGACGAGTA,0,3612260
tmaR_predicted,0.05,19,19,AAGTAGGTTGGCCCATGCTG,0,3617122
tmaR_predicted,0.05,19,19,AAACAATACGGGGATTGCAT,0,3606360
tmaR_predicted,0.05263157894736842,18,18,TTTATAGGACAAGGTATCAA,0,3623038
tmaR_predicted,0.05263157894736842,18,18,TTGCTATACAAAATCCGGAA,0,3609992
tmaR_predicted,0.05263157894736842,18,18,TTCTATATCGAATAGGGTTT,0,3625523
tmaR_predicted,0.05263157894736842,18,18,TTCAGTTCACAACGACCCGT,0,3604188
tmaR_predicted,0.05263157894736842,18,18,TTAAAGAGCAATAATGTGGT,0,3641437
tmaR_predicted,0.05263157894736842,18,18,TGTGGAAGCTCGTCGTCGAG,0,3621527
tmaR_predicted,0.05263157894736842,18,18,TGGCCTGAAGCCTGGGTCCG,0,3614402
tmaR_predicted,0.05263157894736842,18,18,TGGCAGCAAGGTCGATGACG,0,3607671
tmaR_predicted,0.05263157894736842,18,18,TGGAGAAAAAGCCCTTTCAC,0,3624255
tmaR_predicted,0.05263157894736842,18,18,TGCTGAAACCGACTAGTCGG,0,3633825
tmaR_predicted,0.05263157894736842,18,18,TGATGCGTACAAGTCGGTCG,0,3644371
tmaR_predicted,0.05263157894736842,18,18,TGATGACGCGATGATAGCGC,0,3625897
tmaR_predicted,0.05263157894736842,18,18,TCTGTCCAAACGCTCACGGT,0,3645759
tmaR_predicted,0.05263157894736842,18,18,TCGCCATGTACTTACTGTCT,0,3628671
tmaR_predicted,0.05263157894736842,18,18,TCGACCGTAAGCAGTATTAA,0,3620720
tmaR_predicted,0.05263157894736842,18,18,TCCTGCCAAGCTCTGATATT,0,3639609
tmaR_predicted,0.05263157894736842,18,18,TCCCGATGCTATTCCGCTAA,0,3613004
tmaR_predicted,0.05263157894736842,18,18,TATCACGGGTGACTTACCAC,0,3640796
tmaR_predicted,0.05263157894736842,18,18,TAAAGTCCAGCTGATCGGCC,0,3608423
tmaR_predicted,0.05263157894736842,18,18,GTTTTAGTGAAAGCCGGGTC,0,3623469
tmaR_predicted,0.05263157894736842,18,18,GTTTGTTTCAAAAAGGGCTA,0,3645805
tmaR_predicted,0.05263157894736842,18,18,GTTGCGGACCGCCTTTACGG,0,3644576
tmaR_predicted,0.05263157894736842,18,18,GTTAAGATAAGCGAGAATCG,0,3621503
tmaR_predicted,0.05263157894736842,18,18,GTGTTGTAGTGCCATCTTTA,0,3633953
tmaR_predicted,0.05263157894736842,18,18,GTCTCATGATAGAATACTTA,0,3627122
tmaR_predicted,0.05263157894736842,18,18,GTCGGAAGCGCTAACCTATT,0,3641073
tmaR_predicted,0.05263157894736842,18,18,GTCCTGGGTGATTACATGTT,0,3641278
tmaR_predicted,0.05263157894736842,18,18,GGGTTTGATTCTTCGGCCCC,0,3643395
tmaR_predicted,0.05263157894736842,18,18,GGCGGGAAAGGTCTGCGCGA,0,3626065
tmaR_predicted,0.05263157894736842,18,18,GGATTGGGGGACGATCGCTG,0,3605608
tmaR_predicted,0.05263157894736842,18,18,GCTTGATAATGCACGGAGTG,0,3606571
tmaR_predicted,0.05263157894736842,18,18,GCTAGCGCTTAATCGATCAA,0,3632035
tmaR_predicted,0.05263157894736842,18,18,GCCTTAACCAGAAAGTATAT,0,3637930
tmaR_predicted,0.05263157894736842,18,18,GCCCCAGAAGTGAATATGTG,0,3639921
tmaR_predicted,0.05263157894736842,18,18,GCCACGACTTGGTTCCTGTA,0,3617488
tmaR_predicted,0.05263157894736842,18,18,GCATATACCCTCCGATGTGA,0,3633742
tmaR_predicted,0.05263157894736842,18,18,GCAACATCTTGAAAATGGGA,0,3606961
tmaR_predicted,0.05263157894736842,18,18,GATATCAAAAATCAATGGGA,0,3645697
tmaR_predicted,0.05263157894736842,18,18,GATAGCGTCAAAGCAGAGTT,0,3616924
tmaR_predicted,0.05263157894736842,18,18,GAGCTGAGAAACAGGAGGAA,0,3642109
tmaR_predicted,0.05263157894736842,18,18,GAGCTCCCAACTTACCCAGG,0,3632043
tmaR_predicted,0.05263157894736842,18,18,GACTCTACCTCTTCCGACTG,0,3617489
tmaR_predicted,0.05263157894736842,18,18,GACGCGACCTAAGATATCCG,0,3614840
tmaR_predicted,0.05263157894736842,18,18,GACAGTGTCAAGGCTAATCA,0,3608034
tmaR_predicted,0.05263157894736842,18,18,GAATGAAATCAGTGTAGCTA,0,3608566
tmaR_predicted,0.05263157894736842,18,18,GAAGGCGTGTTTTGGATGGT,0,3620016
tmaR_predicted,0.05263157894736842,18,18,GAACACCAATGTCGAGCATG,0,3645282
tmaR_predicted,0.05263157894736842,18,18,CTTCTATTTGCGCTGCGGCG,0,3632199
tmaR_predicted,0.05263157894736842,18,18,CTGGTTTATGCGTCCGAGTT,0,3639046
tmaR_predicted,0.05263157894736842,18,18,CTCCTTAAGTACCGGATGCA,0,3607311
tmaR_predicted,0.05263157894736842,18,18,CGTTCTAATATCGACTGTCC,0,3650175
tmaR_predicted,0.05263157894736842,18,18,CGTATTTTTAACCGTGATGA,0,3607414
tmaR_predicted,0.05263157894736842,18,18,CGTATCCTATAAATGCTTAT,0,3630809
tmaR_predicted,0.05263157894736842,18,18,CGTACACTAGAAACCTCTAG,0,3631390
tmaR_predicted,0.05263157894736842,18,18,CGGTATGGCATATACAGGGA,0,3633280
tmaR_predicted,0.05263157894736842,18,18,CGGTATAACGGCAAGCCGTT,0,3616735
tmaR_predicted,0.05263157894736842,18,18,CGCTTATTACTAGAAACGTT,0,3621281
tmaR_predicted,0.05263157894736842,18,18,CGCTGGGTAAGATCAACTTA,0,3619196
tmaR_predicted,0.05263157894736842,18,18,CGCAGCCAAGCTAGGAGACA,0,3617994
tmaR_predicted,0.05263157894736842,18,18,CGATCTTTCTGCCTAACTCG,0,3619397
tmaR_predicted,0.05263157894736842,18,18,CCGGGCACGTTATTGGCTCG,0,3642004
tmaR_predicted,0.05263157894736842,18,18,CCGCTCCCTGAGGCCTAGGT,0,3623859
tmaR_predicted,0.05263157894736842,18,18,CCCTGGGTAAGAACAGAAGT,0,3631738
tmaR_predicted,0.05263157894736842,18,18,CCCGCCCCACAAGGGGTGGA,0,3635877
tmaR_predicted,0.05263157894736842,18,18,CCATGACTTTCTACTGGGTT,0,3632001
tmaR_predicted,0.05263157894736842,18,18,CCAGCTCAAGTTGCTAGTCT,0,3632317
tmaR_predicted,0.05263157894736842,18,18,CAGAAGCGGTCATTCACGGC,0,3629554
tmaR_predicted,0.05263157894736842,18,18,ATTTTGGGTTAGATGAGAGG,0,3622591
tmaR_predicted,0.05263157894736842,18,18,ATTACGTTGTCTCTTCCCCC,0,3620556
tmaR_predicted,0.05263157894736842,18,18,ATTAAAGGCTAGATCTGGAT,0,3629514
tmaR_predicted,0.05263157894736842,18,18,ATGTAAACAGTTTAGCGAAT,0,3609652
tmaR_predicted,0.05263157894736842,18,18,ATCGCAACACCAATGGTAAC,0,3608821
tmaR_predicted,0.05263157894736842,18,18,ATCCTCTTTGATTGTGTGAT,0,3618129
tmaR_predicted,0.05263157894736842,18,18,ATCAAGGTGATTCGTCGGCG,0,3629078
tmaR_predicted,0.05263157894736842,18,18,ATATAGTCTTCGATGGGGTG,0,3640217
tmaR_predicted,0.05263157894736842,18,18,AGTAAACAGTCGTTTAATCT,0,3626519
tmaR_predicted,0.05263157894736842,18,18,AGCGGAGTGGGTGGTGCATT,0,3649938
tmaR_predicted,0.05263157894736842,18,18,AGCCGCTGCCTACGCATTCA,0,3611103
tmaR_predicted,0.05263157894736842,18,18,ACGTCTCCGGTTGATCCAAT,0,3635597
tmaR_predicted,0.05263157894736842,18,18,ACGTAGGCATAGACTAGGAA,0,3623139
tmaR_predicted,0.05263157894736842,18,18,ACGGCCATGCTTCTCCAGAT,0,3605768
tmaR_predicted,0.05263157894736842,18,18,ACGCGGCCCGTTTCCCTTGA,0,3622328
tmaR_predicted,0.05263157894736842,18,18,AATTATGCGGCCAGAAACCT,0,3631952
tmaR_predicted,0.05263157894736842,18,18,AATCCCGGCGCGTGTGGCGT,0,3639525
tmaR_predicted,0.05555555555555555,17,17,TTTTGCAGTAGAATTTCAGC,0,3619275
tmaR_predicted,0.05555555555555555,17,17,TTTCCTGCGGTTATTGGTAA,0,3606749
tmaR_predicted,0.05555555555555555,17,17,TTTCCGTTACCATCCGGCAT,0,3627407
tmaR_predicted,0.05555555555555555,17,17,TTCTAGTTAAAAACCATCTC,0,3627563
tmaR_predicted,0.05555555555555555,17,17,TTCCCCCAGGGGCAGCTAGT,0,3620223
tmaR_predicted,0.05555555555555555,17,17,TTACGTCACAACTACACGGG,0,3636696
tmaR_predicted,0.05555555555555555,17,17,TTACGAGGGTGCCATTCGTC,0,3612125
tmaR_predicted,0.05555555555555555,17,17,TGTGTACTTAGGGATTCAAT,0,3625104
tmaR_predicted,0.05555555555555555,17,17,TGGGTTGCGGTCATTCCTCG,0,3620472
tmaR_predicted,0.05555555555555555,17,17,TGGGTAGGATCATCGCACTT,0,3622072
tmaR_predicted,0.05555555555555555,17,17,TGCTAGGACCGAATCCCTGC,0,3608395
tmaR_predicted,0.05555555555555555,17,17,TGCGATGGTGTCACCGCTCA,0,3620117
tmaR_predicted,0.05555555555555555,17,17,TGCACGAGCATCCCTTTAAA,0,3611468
tmaR_predicted,0.05555555555555555,17,17,TCTTGGACTTACAATCTATG,0,3623604
tmaR_predicted,0.05555555555555555,17,17,TCTCGTAATCCAAACACGGA,0,3639556
tmaR_predicted,0.05555555555555555,17,17,TCGAGTTCAGAACAATAGTC,0,3609021
tmaR_predicted,0.05555555555555555,17,17,TATTTTGGGTATGCGTTGTC,0,3640865
tmaR_predicted,0.05555555555555555,17,17,TAGGTTCGTGCAAGGTCTAT,0,3612210
tmaR_predicted,0.05555555555555555,17,17,TACTCTAAACGTTGGAGCGC,0,3628073
tmaR_predicted,0.05555555555555555,17,17,TACTCGACTATTAATGGTTT,0,3621056
tmaR_predicted,0.05555555555555555,17,17,TAAGACTATAGAAATGGCGG,0,3618683
tmaR_predicted,0.05555555555555555,17,17,TAACGGTCTCTTACCTGCAG,0,3638299
tmaR_predicted,0.05555555555555555,17,17,GTTGGATGTCCCCTTTATCT,0,3639171
tmaR_predicted,0.05555555555555555,17,17,GTTCTTGCATCATAGTCAGA,0,3612214
tmaR_predicted,0.05555555555555555,17,17,GTGATTACCCAGACAAGAGC,0,3607152
tmaR_predicted,0.05555555555555555,17,17,GTCGAGAGGTTTGACCGGTA,0,3642606
tmaR_predicted,0.05555555555555555,17,17,GTAGCGGGTATTCGTCACTG,0,3636177
tmaR_predicted,0.05555555555555555,17,17,GGTGGACTCAAAACAGCAAC,0,3610195
tmaR_predicted,0.05555555555555555,17,17,GGGCCGGTCCATTGAAGATT,0,3623180
tmaR_predicted,0.05555555555555555,17,17,GGCCGGGTCATACTTGTACA,0,3631824
tmaR_predicted,0.05555555555555555,17,17,GGAGCGACCCGGCTATGGGT,0,3604343
tmaR_predicted,0.05555555555555555,17,17,GGAGCAACGCACTCGTTGGT,0,3640702
tmaR_predicted,0.05555555555555555,17,17,GCTATTGTTAGAGCATCACT,0,3648947
tmaR_predicted,0.05555555555555555,17,17,GCGGCATGAAGCACGAGTCA,0,3606988
tmaR_predicted,0.05555555555555555,17,17,GCGGCAGGAAACGTCGTATT,0,3627884
tmaR_predicted,0.05555555555555555,17,17,GCACGAATTAAATCTGTCTT,0,3630107
tmaR_predicted,0.05555555555555555,17,17,GCAACTCAAACTTCTAACAA,0,3641275
tmaR_predicted,0.05555555555555555,17,17,GATGCAATAATGTTCGGTAT,0,3632324
tmaR_predicted,0.05555555555555555,17,17,GATCTAGCCAGTTCTGCGGA,0,3611387
tmaR_predicted,0.05555555555555555,17,17,GAGTCCCCCTAAATCGGTGA,0,3608128
tmaR_predicted,0.05555555555555555,17,17,GAGGCATCAAATAGGAGCAA,0,3639810
tmaR_predicted,0.05555555555555555,17,17,GAGCTTACCCGGACCTGAGA,0,3612111
tmaR_predicted,0.05555555555555555,17,17,GACTAAATGACGTCTATAAA,0,3629464
tmaR_predicted,0.05555555555555555,17,17,GACGTAGTAGGTGGGAACGA,0,3607119
tmaR_predicted,0.05555555555555555,17,17,GACCGTCATGTGGTCCATAG,0,3634009
tmaR_predicted,0.05555555555555555,17,17,CTCCTTGCACCAGCCGGGAA,0,3618437
tmaR_predicted,0.05555555555555555,17,17,CTCAAAGTTGTGATTAAAGT,0,3619678
tmaR_predicted,0.05555555555555555,17,17,CTAAATACGGATACTGACGT,0,3617148
tmaR_predicted,0.05555555555555555,17,17,CTAAACTTACTCACGATCGT,0,3645722
tmaR_predicted,0.05555555555555555,17,17,CTAAAAGTGTTACGACTAAG,0,3607541
tmaR_predicted,0.05555555555555555,17,17,CGTCTATTCGTTTTGTACGA,0,3625718
tmaR_predicted,0.05555555555555555,17,17,CGTAACCGTAAGAAAAGCCC,0,3630169
tmaR_predicted,0.05555555555555555,17,17,CGGGCCGGCCTATTTCTCAA,0,3643545
tmaR_predicted,0.05555555555555555,17,17,CGCATAGTAAGCTATGACCA,0,3615531
tmaR_predicted,0.05555555555555555,17,17,CGATCGCATTAGTGTACACT,0,3606962
tmaR_predicted,0.05555555555555555,17,17,CGAGGATGCGAGTTCTACAT,0,3626464
tmaR_predicted,0.05555555555555555,17,17,CCTGCTAGGGCCGAATATAA,0,3608168
tmaR_predicted,0.05555555555555555,17,17,CCGTGCTGCGGGGATCGGCG,0,3609967
tmaR_predicted,0.05555555555555555,17,17,CCCTTTCAAGTATGTCAATC,0,3640299
tmaR_predicted,0.05555555555555555,17,17,CCCGTTATAGTAGTTCAGCT,0,3644980
tmaR_predicted,0.05555555555555555,17,17,CCCCTTCAGGATTCGGCGGT,0,3612021
tmaR_predicted,0.05555555555555555,17,17,CAGGGATCTGGGGCGGACGT,0,3608699
tmaR_predicted,0.05555555555555555,17,17,CAGGAATAGGTTGCGAGGAT,0,3614214
tmaR_predicted,0.05555555555555555,17,17,CACCACGCCACTGGGTCTGC,0,3611552
tmaR_predicted,0.05555555555555555,17,17,CACATATTTGCCTCAAGAAG,0,3604967
tmaR_predicted,0.05555555555555555,17,17,CAATGCTGGCTATGGGACTC,0,3627206
tmaR_predicted,0.05555555555555555,17,17,CAATAGGACAGGTTATAGGG,0,3611843
tmaR_predicted,0.05555555555555555,17,17,CAAGACGCATAGTATAGATC,0,3608494
tmaR_predicted,0.05555555555555555,17,17,CAACACGCCGTAGGCCAACG,0,3607434
tmaR_predicted,0.05555555555555555,17,17,ATGTGGCATGCGGACTGATA,0,3639286
tmaR_predicted,0.05555555555555555,17,17,ATGAGAGGCGTCCGATGTCA,0,3615952
tmaR_predicted,0.05555555555555555,17,17,ATCTAGTTGATGGCGGCCAG,0,3607397
tmaR_predicted,0.05555555555555555,17,17,ATACAGTGTCACCACTTACT,0,3624865
tmaR_predicted,0.05555555555555555,17,17,AGTTGAGCGTCTGTTACACG,0,3631811
tmaR_predicted,0.05555555555555555,17,17,AGTGGCTACCACCAAAAGAG,0,3607349
tmaR_predicted,0.05555555555555555,17,17,AGGGGACACTCCTCTAATCA,0,3636149
tmaR_predicted,0.05555555555555555,17,17,AGGCAAAGTGTCAAAGGGGT,0,3613412
tmaR_predicted,0.05555555555555555,17,17,AGGATGTTCGTCAGGCTATT,0,3627081
tmaR_predicted,0.05555555555555555,17,17,ACTGGAATCCGAGCGATGTT,0,3635420
tmaR_predicted,0.05555555555555555,17,17,ACTCTTCCCCGAATCTCGTG,0,3604090
tmaR_predicted,0.05555555555555555,17,17,ACGTAATTGGGCGAGCAGGT,0,3632190
tmaR_predicted,0.05555555555555555,17,17,ACGGGTCAGCCCAACGCTCG,0,3631691
tmaR_predicted,0.05555555555555555,17,17,ACCTTTTAGAGAGAGTTTCG,0,3616873
tmaR_predicted,0.05555555555555555,17,17,ACCTGGGAAGCAAGTCTCTG,0,3640135
tmaR_predicted,0.05555555555555555,17,17,ACCGGATGGTTCCTGGAACC,0,3634279
tmaR_predicted,0.05555555555555555,17,17,ACATCTCACTACCATTGGGT,0,3649479
tmaR_predicted,0.05555555555555555,17,17,ACAGGGTACGTCAAACTCCA,0,3647474
tmaR_predicted,0.05555555555555555,17,17,ACACTCCACCGGTCCGATCA,0,3622170
tmaR_predicted,0.05555555555555555,17,17,ACACCCTCCTCTGTACACCA,0,3611105
tmaR_predicted,0.05555555555555555,17,17,AATACCCAGCGCTCGGGGCG,0,3650092
tmaR_predicted,0.05555555555555555,17,17,AAGAGGGGAATAAACTCGTA,0,3607864
tmaR_predicted,0.05555555555555555,17,17,AAGAAATTCTGACCAGCTTG,0,3610746
tmaR_predicted,0.05555555555555555,17,17,AACCAAGAAGCAATGGAGTG,0,3623269
tmaR_predicted,0.05555555555555555,17,17,AAAACGCCAATTGCGGCTTC,0,3645848
tmaR_predicted,0.058823529411764705,16,16,TTTACGTTCGGGACACGAGC,0,3614635
tmaR_predicted,0.058823529411764705,16,16,TTCAGTTCATGTTGGTCGCT,0,3634605
tmaR_predicted,0.058823529411764705,16,16,TTAGTCCTTACCCGAGGCTT,0,3633594
tmaR_predicted,0.058823529411764705,16,16,TTACAACAGGACCAGGTCCT,0,3631026
tmaR_predicted,0.058823529411764705,16,16,TTAATAGCTGCCCTACTTGG,0,3619682
tmaR_predicted,0.058823529411764705,16,16,TGGGAAAAGCAGAATCTACG,0,3626478
tmaR_predicted,0.058823529411764705,16,16,TGGAGGACCGCGCAAGGCCG,0,3604867
tmaR_predicted,0.058823529411764705,16,16,TGGAACCGCCGATCACATCA,0,3626484
tmaR_predicted,0.058823529411764705,16,16,TGCGGCTGTACCGGCCGGAT,0,3610286
tmaR_predicted,0.058823529411764705,16,16,TGATGCAGAACTTGTTGAGA,0,3612039
tmaR_predicted,0.058823529411764705,16,16,TGACCCAAACGGTCAGGGGG,0,3611395
tmaR_predicted,0.058823529411764705,16,16,TGAACGGCGGCCTAGGCCCA,0,3640429
tmaR_predicted,0.058823529411764705,16,16,TCTGAAAGGTGCTCCAACTA,0,3625961
tmaR_predicted,0.058823529411764705,16,16,TCGTCTTCCCTGATATTAGG,0,3614349
tmaR_predicted,0.058823529411764705,16,16,TCGCCCGCATCGGATGATAA,0,3648132
tmaR_predicted,0.058823529411764705,16,16,TCGAACAAGCACGCACCTGT,0,3640012
tmaR_predicted,0.058823529411764705,16,16,TCCAGACGAAAGTCTCCAAG,0,3615768
tmaR_predicted,0.058823529411764705,16,16,TCATGCTTAAACGTGGGCGA,0,3613921
tmaR_predicted,0.058823529411764705,16,16,TCATGATCAAGCAATTCGAT,0,3617548
tmaR_predicted,0.058823529411764705,16,16,TCAGCCCGAGGGACCTGCAG,0,3607334
tmaR_predicted,0.058823529411764705,16,16,TATTTGACTGCGAATGTTTA,0,3645284
tmaR_predicted,0.058823529411764705,16,16,TATCGTAGAAGAGGCACACC,0,3625673
tmaR_predicted,0.058823529411764705,16,16,TATCGGTCCATAAGAGCAGT,0,3612072
tmaR_predicted,0.058823529411764705,16,16,TACGTACACTAAAAGCCCGC,0,3606441
tmaR_predicted,0.058823529411764705,16,16,TACGAACATTCCAAGGGGAT,0,3636119
tmaR_predicted,0.058823529411764705,16,16,TACACTATCCGATCCAGGTT,0,3632338
tmaR_predicted,0.058823529411764705,16,16,TAATGGTGGCTAGAGTTAAG,0,3647018
tmaR_predicted,0.058823529411764705,16,16,GTTGGAGCGAAAGTACCGTG,0,3619124
tmaR_predicted,0.058823529411764705,16,16,GTTATGAGGATTGAATTGAT,0,3610697
tmaR_predicted,0.058823529411764705,16,16,GTTAGCCTCCCGGCGTAATG,0,3612023
tmaR_predicted,0.058823529411764705,16,16,GTGTGCCAGTCCCCTATGGG,0,3622109
tmaR_predicted,0.058823529411764705,16,16,GTGTATGCGTATGTCGATAT,0,3628721
tmaR_predicted,0.058823529411764705,16,16,GTCATCAGCATCCCTATCGC,0,3618105
tmaR_predicted,0.058823529411764705,16,16,GTCATATGGGCCGTATTAAA,0,3640351
tmaR_predicted,0.058823529411764705,16,16,GTATGGATAGGTTCTTAAGA,0,3627411
tmaR_predicted,0.058823529411764705,16,16,GGTGGAACAGCTACACTGGG,0,3612164
tmaR_predicted,0.058823529411764705,16,16,GGTACGGAGTTTAACGTCGT,0,3603907
tmaR_predicted,0.058823529411764705,16,16,GGTACCGCTACTAGCGGAAA,0,3620850
tmaR_predicted,0.058823529411764705,16,16,GGTAAACTCAGCTAGGGCAG,0,3636370
tmaR_predicted,0.058823529411764705,16,16,GGGGCTCCACCACGTGTCTG,0,3609044
tmaR_predicted,0.058823529411764705,16,16,GGGCAAGCGTGATGTTCTAT,0,3643564
tmaR_predicted,0.058823529411764705,16,16,GGCTCGGAGAGGACCCGTCA,0,3638814
tmaR_predicted,0.058823529411764705,16,16,GGCACCATTATTAGGGCATT,0,3636047
tmaR_predicted,0.058823529411764705,16,16,GGAGCAATTGTTGCCAACTA,0,3641662
tmaR_predicted,0.058823529411764705,16,16,GCTTGAGGAGCAAGGCTGGC,0,3627656
tmaR_predicted,0.058823529411764705,16,16,GCGGTGCGCAGTAACCAAAT,0,3619174
tmaR_predicted,0.058823529411764705,16,16,GCGGTAGTCATCAAGATGTT,0,3644065
tmaR_predicted,0.058823529411764705,16,16,GCGGCCCACGGAGACCCATC,0,3627757
tmaR_predicted,0.058823529411764705,16,16,GCGCCGGTTGAATGGGTAAA,0,3649836
tmaR_predicted,0.058823529411764705,16,16,GCACCTACGACGAAAATCCG,0,3616890
tmaR_predicted,0.058823529411764705,16,16,GCACACTCGGACAATCAGAA,0,3642601
tmaR_predicted,0.058823529411764705,16,16,GATTTCTTGATAGTTTGGTT,0,3617031
tmaR_predicted,0.058823529411764705,16,16,GATCCTAGTCTCGACACTGC,0,3626917
tmaR_predicted,0.058823529411764705,16,16,GATAGTTCCTTAAAGCCAGT,0,3635929
tmaR_predicted,0.058823529411764705,16,16,GAGTTGGGGTGTGTGGTCAC,0,3605224
tmaR_predicted,0.058823529411764705,16,16,GACTTTTTGTTGCTGGACGC,0,3626635
tmaR_predicted,0.058823529411764705,16,16,GAACTAAGCTGAGCACGAGT,0,3641609
tmaR_predicted,0.058823529411764705,16,16,GAAAATAATCGGGCATGACA,0,3605676
tmaR_predicted,0.058823529411764705,16,16,CTTGCAACTGCGGTTCCGGT,0,3605959
tmaR_predicted,0.058823529411764705,16,16,CTGCGTTAGATAAGCCCACA,0,3618152
tmaR_predicted,0.058823529411764705,16,16,CTCCAACCCACTTGACCCGA,0,3617694
tmaR_predicted,0.058823529411764705,16,16,CTACGATATTACGCGGTCCA,0,3625601
tmaR_predicted,0.058823529411764705,16,16,CGTTCGTGACACATGTTGTG,0,3615500
tmaR_predicted,0.058823529411764705,16,16,CGTCAGGCTTCGCATGTGTT,0,3620524
tmaR_predicted,0.058823529411764705,16,16,CGTATGTTGTACAAAGCCAC,0,3640232
tmaR_predicted,0.058823529411764705,16,16,CGCTGACCGGCGCGGATATA,0,3611397
tmaR_predicted,0.058823529411764705,16,16,CGCCTGGCGCTGGACATGTG,0,3628236
tmaR_predicted,0.058823529411764705,16,16,CGCCTAGGACCGATTGCCAT,0,3619305
tmaR_predicted,0.058823529411764705,16,16,CGCAGCGACAATTTACTGAA,0,3646620
tmaR_predicted,0.058823529411764705,16,16,CGCACCGACATCATCAGCTA,0,3618532
tmaR_predicted,0.058823529411764705,16,16,CGATACACGGTAAAGGCTAA,0,3630400
tmaR_predicted,0.058823529411764705,16,16,CCAGCCGAAATGCAGACTCG,0,3640871
tmaR_predicted,0.058823529411764705,16,16,CATGGAACGATTTTTTCGGG,0,3604345
tmaR_predicted,0.058823529411764705,16,16,CAGTTGAGCGTAATTAACCA,0,3629191
tmaR_predicted,0.058823529411764705,16,16,CACGTCCCCGTTATTACTGG,0,3639924
tmaR_predicted,0.058823529411764705,16,16,CACGGAGCATACGATTGACA,0,3617374
tmaR_predicted,0.058823529411764705,16,16,CAATACTGGTACATACAATG,0,3629619
tmaR_predicted,0.058823529411764705,16,16,ATGTCGAACCGACACGGGAT,0,3636268
tmaR_predicted,0.058823529411764705,16,16,ATCTGGTCCACAGCTTGTGC,0,3644452
tmaR_predicted,0.058823529411764705,16,16,ATCAAATTGCAGATGGATGG,0,3634349
tmaR_predicted,0.058823529411764705,16,16,ATAATCATGCAAGCCCAATG,0,3637029
tmaR_predicted,0.058823529411764705,16,16,AGTGTGGTGCGGGGTATGTA,0,3617079
tmaR_predicted,0.058823529411764705,16,16,AGTATGTCCTGGCTGCACTC,0,3619489
tmaR_predicted,0.058823529411764705,16,16,AGGATACGTGAACAACGAGA,0,3607557
tmaR_predicted,0.058823529411764705,16,16,AGCCTGCGTAGATAGTAAGT,0,3610852
tmaR_predicted,0.058823529411764705,16,16,AGCCTCCGGGTAACATCTCG,0,3605765
tmaR_predicted,0.058823529411764705,16,16,AGCATAGGGCTGGACAACAC,0,3605102
tmaR_predicted,0.058823529411764705,16,16,AGAAGTCCAGATTGATGGGA,0,3609813
tmaR_predicted,0.058823529411764705,16,16,ACTGCGGTTCTGTAATTACA,0,3649510
tmaR_predicted,0.058823529411764705,16,16,ACTGAGTGACGTCTGCCACT,0,3647810
tmaR_predicted,0.058823529411764705,16,16,ACTATACCTGGTCTTCTTAT,0,3603935
tmaR_predicted,0.058823529411764705,16,16,ACGTTAACTGTTAGTTGCCC,0,3611912
tmaR_predicted,0.058823529411764705,16,16,ACGGAATGCTTACGTGGAGT,0,3643687
tmaR_predicted,0.058823529411764705,16,16,ACCTCTGAAGGGGACGAACA,0,3633505
tmaR_predicted,0.058823529411764705,16,16,ACCCGCTTCCGAATTAGTCA,0,3615601
tmaR_predicted,0.058823529411764705,16,16,ACAGGGGGACGAGTAGGTTC,0,3612160
tmaR_predicted,0.058823529411764705,16,16,ACACGGCAACTATATGACAT,0,3630155
tmaR_predicted,0.058823529411764705,16,16,ACACATAATTAGTTTTCTAG,0,3605495
tmaR_predicted,0.058823529411764705,16,16,AACCGCAGTACACGCGCAGA,0,3629715
tmaR_predicted,0.058823529411764705,16,16,AACCGAGGTACGGAGTTAAT,0,3612550
tmaR_predicted,0.058823529411764705,16,16,AAAGGTCCTCCGGGTAAATG,0,3637247
tmaR_predicted,0.058823529411764705,16,16,AAAACCATAGGTAGCGAGAA,0,3635445
tmaR_predicted,0.0625,15,15,TTTCTTATGTGGCTTTTCGA,0,3630316
tmaR_predicted,0.0625,15,15,TTGTATCTCATGAGAGGAGG,0,3628239
tmaR_predicted,0.0625,15,15,TTGGTTCAAGGGCTGAATAG,0,3638608
tmaR_predicted,0.0625,15,15,TTGGGCTGTTTCATCGATAT,0,3645406
tmaR_predicted,0.0625,15,15,TTGGGATGCCGAGAGGCTGT,0,3614785
tmaR_predicted,0.0625,15,15,TTGGCCAAGATATCCGATTC,0,3629023
tmaR_predicted,0.0625,15,15,TTCAAGTTTACCCCCGGGAA,0,3614844
tmaR_predicted,0.0625,15,15,TTCAACCGCGAGCACTAAGG,0,3609536
tmaR_predicted,0.0625,15,15,TTAGAGTGAAAATAGGTCAC,0,3612211
tmaR_predicted,0.0625,15,15,TTACATTGCGTGACTTCTTT,0,3630882
tmaR_predicted,0.0625,15,15,TTAAGCTATCGAAAGGCATC,0,3610018
tmaR_predicted,0.0625,15,15,TGTTAGCGCCAGCGGTTCTT,0,3608159
tmaR_predicted,0.0625,15,15,TGTAGAGATTTCTACTGTAT,0,3618937
tmaR_predicted,0.0625,15,15,TGGGATGTGAGGTCAAGGCT,0,3614086
tmaR_predicted,0.0625,15,15,TGGATATCACTCGCGTATCT,0,3610934
tmaR_predicted,0.0625,15,15,TGCCACGCAATCGCCGACTT,0,3607135
tmaR_predicted,0.0625,15,15,TGATGGGGGCACTGAAAGAA,0,3647799
tmaR_predicted,0.0625,15,15,TGAGTCCTACACTTCGCTTA,0,3610481
tmaR_predicted,0.0625,15,15,TGACTCCAGTAGGTCCGTTT,0,3646848
tmaR_predicted,0.0625,15,15,TGAAGGAACGGGGGTACGAA,0,3640765
tmaR_predicted,0.0625,15,15,TCTTGCGGAGGAAGGTGCAG,0,3636384
tmaR_predicted,0.0625,15,15,TCGTGATCGACTATAATGCA,0,3619203
tmaR_predicted,0.0625,15,15,TCGGAATTACACTGCCCGTG,0,3635121
tmaR_predicted,0.0625,15,15,TCGATCAGGAACTCTGGTGA,0,3648756
tmaR_predicted,0.0625,15,15,TCCGTTGATTGATTACCGGT,0,3645629
tmaR_predicted,0.0625,15,15,TCATTGTGGTAACGCACGCA,0,3625094
tmaR_predicted,0.0625,15,15,TCATGTGAACTACTGGATAT,0,3634045
tmaR_predicted,0.0625,15,15,TCAGTACCGCTGTGTAAGGC,0,3634528
tmaR_predicted,0.0625,15,15,TATAATTAGAGCGGCCTATA,0,3629509
tmaR_predicted,0.0625,15,15,TACAGCGCCATCACGGTTCA,0,3609597
tmaR_predicted,0.0625,15,15,GTTATTCACTTCCTCATTCC,0,3631569
tmaR_predicted,0.0625,15,15,GTGTGCCACATAATCAATTC,0,3627203
tmaR_predicted,0.0625,15,15,GTGGTCGAGCCTTCCGAGGC,0,3642355
tmaR_predicted,0.0625,15,15,GTGCGATCGGTGTGACCAAA,0,3605079
tmaR_predicted,0.0625,15,15,GTGAAGTTGGTTAACATCGC,0,3623800
tmaR_predicted,0.0625,15,15,GTGAAGTGTTTGAATCCCTG,0,3605166
tmaR_predicted,0.0625,15,15,GTCTTCAGGACACATAGAAG,0,3622065
tmaR_predicted,0.0625,15,15,GTCAGGTCACAGTTAACGGT,0,3637874
tmaR_predicted,0.0625,15,15,GTATGTCGTACGGACAAAAG,0,3604351
tmaR_predicted,0.0625,15,15,GTATAATGTGATTTTACTAT,0,3614297
tmaR_predicted,0.0625,15,15,GGTCCAGAGGCCGGCTCCGG,0,3608393
tmaR_predicted,0.0625,15,15,GGGCTACAAGGATGTTCGTC,0,3616403
tmaR_predicted,0.0625,15,15,GGGCGACACACAAAACGTAA,0,3640334
tmaR_predicted,0.0625,15,15,GGGCCTCAACTGCCAATGTC,0,3640624
tmaR_predicted,0.0625,15,15,GGGAGGTACCATGAGTCCTT,0,3633287
tmaR_predicted,0.0625,15,15,GGGAAGGCGTACAGAACGGT,0,3633503
tmaR_predicted,0.0625,15,15,GGCTTCGTTCACTTCCCAGG,0,3626627
tmaR_predicted,0.0625,15,15,GGCTCGGGTAGAATAGAGCT,0,3610972
tmaR_predicted,0.0625,15,15,GGATGGTTGGGTTCCAATAT,0,3647176
tmaR_predicted,0.0625,15,15,GGATCGGTTGCACCTCTGAC,0,3628078
tmaR_predicted,0.0625,15,15,GCTTGAGAAGAATTTAGCGC,0,3625138
tmaR_predicted,0.0625,15,15,GCTGAGTCGGTCGCAAGGAC,0,3630802
tmaR_predicted,0.0625,15,15,GCTATCCCCTGGAGGATTTG,0,3606642
tmaR_predicted,0.0625,15,15,GCGTAAACAATAAGTTATGT,0,3604252
tmaR_predicted,0.0625,15,15,GCGGTCACGATCAAAATAGT,0,3610476
tmaR_predicted,0.0625,15,15,GCGACTGGCCCACGAGTCAT,0,3612385
tmaR_predicted,0.0625,15,15,GCCGATAGCGTGATGCTAGT,0,3648798
tmaR_predicted,0.0625,15,15,GCATCAGTGATCGTTGAACG,0,3620805
tmaR_predicted,0.0625,15,15,GATGTCCTGCCTCTCTAGGT,0,3639997
tmaR_predicted,0.0625,15,15,GAGCTAAGAATGGGGTTCAC,0,3639222
tmaR_predicted,0.0625,15,15,GACGGTTCTCCAGATTGGGT,0,3636421
tmaR_predicted,0.0625,15,15,GACAGGCGTCCGGAGGCTAA,0,3626467
tmaR_predicted,0.0625,15,15,GAACTGACATGGTTACAATG,0,3640712
tmaR_predicted,0.0625,15,15,GAAATTGAGTCGCATTGCCA,0,3615811
tmaR_predicted,0.0625,15,15,GAAAATCGGACCACGGTAAT,0,3645749
tmaR_predicted,0.0625,15,15,CTTTGCGGGATGCTCCTGGC,0,3618971
tmaR_predicted,0.0625,15,15,CTGATTATTTGCCAACAGTT,0,3620511
tmaR_predicted,0.0625,15,15,CTCTCTTCTGGTGAGAACTC,0,3608132
tmaR_predicted,0.0625,15,15,CGTTGGCCTTTGATTTCGTA,0,3628600
tmaR_predicted,0.0625,15,15,CGGCGAAATCCCTGTCGTTC,0,3636205
tmaR_predicted,0.0625,15,15,CGGATCCGAAGAAGGCCGCC,0,3647431
tmaR_predicted,0.0625,15,15,CGGAAATTCCCACGTCCTGA,0,3609173
tmaR_predicted,0.0625,15,15,CGCCTTAGTACGCAGAACTA,0,3639941
tmaR_predicted,0.0625,15,15,CGCAGCGCACATCCTCTGTA,0,3649173
tmaR_predicted,0.0625,15,15,CGATTGTTGAGGCGCGCGGT,0,3606643
tmaR_predicted,0.0625,15,15,CGATTATAGGGTCGGTACGA,0,3637189
tmaR_predicted,0.0625,15,15,CCTTCTCTTCGGGTGAATTT,0,3615770
tmaR_predicted,0.0625,15,15,CCTGACTCCGCTGAATCCCA,0,3635653
tmaR_predicted,0.0625,15,15,CCTCAGCGCATAGGCCCTCA,0,3609265
tmaR_predicted,0.0625,15,15,CCGCACGCGGGCGACGCGAA,0,3613009
tmaR_predicted,0.0625,15,15,CCGAGGTCCTCACATTGTAA,0,3624881
tmaR_predicted,0.0625,15,15,CCCATCAAGTGCGTGAGGCG,0,3619593
tmaR_predicted,0.0625,15,15,CCAACCTAGTTAAGTTTATT,0,3625293
tmaR_predicted,0.0625,15,15,CATTGGGAGGCGGCAGTGGT,0,3617098
tmaR_predicted,0.0625,15,15,CATAGACCTGGTTCTTGGAG,0,3605650
tmaR_predicted,0.0625,15,15,CATAACAGAGCAATAATAAT,0,3616944
tmaR_predicted,0.0625,15,15,CAGTCCTTCCATTGGTTTAG,0,3619199
tmaR_predicted,0.0625,15,15,CAGCTCCCATTAGGGGAGGT,0,3613805
tmaR_predicted,0.0625,15,15,CACGGGTGCGTGTGTCGTTG,0,3648951
tmaR_predicted,0.0625,15,15,CACCGAGCACTGCATCCATA,0,3650380
tmaR_predicted,0.0625,15,15,CACAAGGCCGGTTAGCCCCA,0,3639778
tmaR_predicted,0.0625,15,15,CAAGTACGATACACAACGAC,0,3632139
tmaR_predicted,0.0625,15,15,ATTGCTAGCGACATTACTTT,0,3614222
tmaR_predicted,0.0625,15,15,ATTATGACGTATACGGTGAG,0,3650014
tmaR_predicted,0.0625,15,15,ATTACGGCGATACGGTGGAA,0,3610089
tmaR_predicted,0.0625,15,15,ATGGTTCGTGTACGCATCTG,0,3618044
tmaR_predicted,0.0625,15,15,ATCTTGGAGAATGTGTCATA,0,3626529
tmaR_predicted,0.0625,15,15,ATCTTAGTTTAAATCTTTGC,0,3621277
tmaR_predicted,0.0625,15,15,ATCCAGGGTATTGGTTGAAA,0,3632357
tmaR_predicted,0.0625,15,15,ATCCACTCGGTCTTCTGGTT,0,3616453
tmaR_predicted,0.0625,15,15,ATCAATGGGTTACCAAAAAC,0,3605320
tmaR_predicted,0.0625,15,15,ATATACCGCCACCACGCAAG,0,3626526
tmaR_predicted,0.0625,15,15,ATAAATACTATGTACGTCCG,0,3624810
tmaR_predicted,0.0625,15,15,AGTTGGTACACGACGACAGC,0,3625296
tmaR_predicted,0.0625,15,15,AGTGCAGGAGTTTGGCCCGT,0,3644792
tmaR_predicted,0.0625,15,15,AGTCCTAACGGTCATACCTG,0,3619737
tmaR_predicted,0.0625,15,15,AGGTAAGTGGCGGCAACGAG,0,3642853
tmaR_predicted,0.0625,15,15,AGGCTGCACCTCAGTACCAC,0,3633070
tmaR_predicted,0.0625,15,15,AGGATCCTGAACCATCCCCA,0,3627301
tmaR_predicted,0.0625,15,15,AGGACAGTTGTATCTTGATT,0,3626745
tmaR_predicted,0.0625,15,15,AGACGTCACCATACCGGCGT,0,3611053
tmaR_predicted,0.0625,15,15,AGAATCAGTTTTTGATCTCA,0,3621823
tmaR_predicted,0.0625,15,15,ACGCCAAGGGGGAGACAGTT,0,3631985
tmaR_predicted,0.0625,15,15,ACGACTATCGTTCAACCAAA,0,3634427
tmaR_predicted,0.0625,15,15,ACCGTCTGTACGGGATCGCC,0,3646553
tmaR_predicted,0.0625,15,15,ACCATATAAAACGGTGTTCT,0,3616622
tmaR_predicted,0.0625,15,15,ACATCGAGATGAGCACCTAT,0,3606647
tmaR_predicted,0.0625,15,15,ACAGTTCATAGTGGTACTGG,0,3611085
tmaR_predicted,0.0625,15,15,ACAATGATGTGTGAGGCCTT,0,3606105
tmaR_predicted,0.0625,15,15,AATCTGAGGTGCCACCGTCG,0,3640356
tmaR_predicted,0.0625,15,15,AATCCAGACACAAAAGGAGC,0,3645809
tmaR_predicted,0.0625,15,15,AAGTGTCGGATTCTGAAATC,0,3618697
tmaR_predicted,0.0625,15,15,AAGTCGAGGCGCTGAATAAG,0,3631957
tmaR_predicted,0.0625,15,15,AAGGCACTCGTAGCATTGGC,0,3631391
tmaR_predicted,0.0625,15,15,AACTCGCAGGTCCCACTCTT,0,3607913
tmaR_predicted,0.0625,15,15,AACGGCCTGGGCTGGGATTG,0,3647420
tmaR_predicted,0.0625,15,15,AACGGCCCTGCGGTGGGGAT,0,3604366
tmaR_predicted,0.0625,15,15,AACAGGGCGGCAAGTTACTT,0,3617559
tmaR_predicted,0.0625,15,15,AACAGCGGCTCGTCGTAGGT,0,3635084
tmaR_predicted,0.06666666666666667,14,14,TTTTTAAGTTGCGGGTTTTA,0,3630772
tmaR_predicted,0.06666666666666667,14,14,TTGCCAAAGTATTAGAGAAT,0,3636083
tmaR_predicted,0.06666666666666667,14,14,TTGCAGTATCGAAGAGACAT,0,3612337
tmaR_predicted,0.06666666666666667,14,14,TTCTCGTAAACGCCGCTAGA,0,3615130
tmaR_predicted,0.06666666666666667,14,14,TTCTCATACAGTTGTACCAT,0,3607155
tmaR_predicted,0.06666666666666667,14,14,TTCAAATAGTTTATTGCTTA,0,3620748
tmaR_predicted,0.06666666666666667,14,14,TTATCCCGTTTCAGATTATA,0,3610016
tmaR_predicted,0.06666666666666667,14,14,TTATAAAGAGGATTTCGACG,0,3608127
tmaR_predicted,0.06666666666666667,14,14,TTACCTGGGCGGGCGCGACA,0,3628960
tmaR_predicted,0.06666666666666667,14,14,TGTGGTTAATTGCATCTGGT,0,3622421
tmaR_predicted,0.06666666666666667,14,14,TGTGCGGGCAGGTACTGGAT,0,3640861
tmaR_predicted,0.06666666666666667,14,14,TGGTTGCTCAAAGTACAAAA,0,3606700
tmaR_predicted,0.06666666666666667,14,14,TGGCTCTTTACAGTTCGGCA,0,3626164
tmaR_predicted,0.06666666666666667,14,14,TGGAAGTCTCAAGGCGCTCG,0,3606080
tmaR_predicted,0.06666666666666667,14,14,TGCCGGGGCGTCCGGGTTAT,0,3635363
tmaR_predicted,0.06666666666666667,14,14,TGCCCACCGTTCTCCGTGCA,0,3631351
tmaR_predicted,0.06666666666666667,14,14,TGATTTCGAGGTATATAATT,0,3605856
tmaR_predicted,0.06666666666666667,14,14,TCTGTTAGGATTCATAACAC,0,3636499
tmaR_predicted,0.06666666666666667,14,14,TCTCACGAGCTGCTCAACTA,0,3618416
tmaR_predicted,0.06666666666666667,14,14,TCTATCAACTTTCCGTAGAT,0,3607917
tmaR_predicted,0.06666666666666667,14,14,TCGCTGCAACCCTCTGCGTC,0,3619175
tmaR_predicted,0.06666666666666667,14,14,TCGAGGGTTTGTGCGAGTTC,0,3627447
tmaR_predicted,0.06666666666666667,14,14,TCCCGACCCATGAACGGCTT,0,3629547
tmaR_predicted,0.06666666666666667,14,14,TCAGATGGACTGGCTGAACT,0,3641071
tmaR_predicted,0.06666666666666667,14,14,TCAAATTTAGCAGTTTCGAT,0,3610015
tmaR_predicted,0.06666666666666667,14,14,TATTGGAGCGGCCCATTCTG,0,3630151
tmaR_predicted,0.06666666666666667,14,14,TATATGACTATTTACTTACC,0,3619689
tmaR_predicted,0.06666666666666667,14,14,TATATCGGCAAACGTCCGAT,0,3638267
tmaR_predicted,0.06666666666666667,14,14,TATAGGAATCGTTCTCTTGA,0,3634925
tmaR_predicted,0.06666666666666667,14,14,TAGGGCTACGTCTACGGCAA,0,3634636
tmaR_predicted,0.06666666666666667,14,14,TACGACCATGGAAGTATTCA,0,3629827
tmaR_predicted,0.06666666666666667,14,14,TAATTTTATTGACCCTCGGA,0,3608955
tmaR_predicted,0.06666666666666667,14,14,TAATGACATAAGATCTTGTG,0,3632881
tmaR_predicted,0.06666666666666667,14,14,TAACGTGCCAATCGGGTTGG,0,3608207
tmaR_predicted,0.06666666666666667,14,14,TAAAATTATACCCGCCTGTA,0,3646741
tmaR_predicted,0.06666666666666667,14,14,GTTGGCTTCTCGTGGCTTAA,0,3639483
tmaR_predicted,0.06666666666666667,14,14,GTTGGAGCCAATCAAAGGTA,0,3647007
tmaR_predicted,0.06666666666666667,14,14,GTTATGGTCTGCTAAACGTT,0,3604282
tmaR_predicted,0.06666666666666667,14,14,GTGGGCCTCAGTTTGGCTGT,0,3624757
tmaR_predicted,0.06666666666666667,14,14,GTCTGAAATGACGTAACGAT,0,3612686
tmaR_predicted,0.06666666666666667,14,14,GTCTCGCCGCGAGTCGTTAC,0,3625047
tmaR_predicted,0.06666666666666667,14,14,GTCAAAACAGGGAGTCGGCA,0,3615916
tmaR_predicted,0.06666666666666667,14,14,GTAGTGTCGGGATTGACGAC,0,3609815
tmaR_predicted,0.06666666666666667,14,14,GTAGTCTCCAGATGGTCGAA,0,3644705
tmaR_predicted,0.06666666666666667,14,14,GGTTGCATCGGGCATCACAA,0,3623577
tmaR_predicted,0.06666666666666667,14,14,GGTGGTACTCCCTAGCACCA,0,3630472
tmaR_predicted,0.06666666666666667,14,14,GGTGAGTGGTTCTAAGTGGA,0,3620470
tmaR_predicted,0.06666666666666667,14,14,GGTCTACGAACATCTAGGAG,0,3647216
tmaR_predicted,0.06666666666666667,14,14,GGTAGCAAGCGCTGGACTGA,0,3612720
tmaR_predicted,0.06666666666666667,14,14,GGGGACCTCAAATATGATCA,0,3618803
tmaR_predicted,0.06666666666666667,14,14,GGGCTCACAGCATAGGCAAT,0,3630678
tmaR_predicted,0.06666666666666667,14,14,GGGCGAGTATGTTAGGTTCA,0,3634041
tmaR_predicted,0.06666666666666667,14,14,GGGAAACCAGCAACCGGGCT,0,3618589
tmaR_predicted,0.06666666666666667,14,14,GGCCTCAGTAAGATCATCGT,0,3613514
tmaR_predicted,0.06666666666666667,14,14,GGCAGCACCGTTGACGAGCA,0,3613175
tmaR_predicted,0.06666666666666667,14,14,GGATGGGACGTGTATCAATG,0,3615345
tmaR_predicted,0.06666666666666667,14,14,GCTTCTCTCATTAGGCAAGA,0,3613605
tmaR_predicted,0.06666666666666667,14,14,GCGGACCCAGCCATTGCGCA,0,3618935
tmaR_predicted,0.06666666666666667,14,14,GCATGTCTAGGGCACAGGTC,0,3620200
tmaR_predicted,0.06666666666666667,14,14,GCAGCATTTATTGCCGGGGG,0,3625101
tmaR_predicted,0.06666666666666667,14,14,GCAAACGACTGGGCTAGATG,0,3615416
tmaR_predicted,0.06666666666666667,14,14,GATTTACATGCACGGTACGT,0,3634119
tmaR_predicted,0.06666666666666667,14,14,GATTACAGGAAATTGGCACG,0,3645036
tmaR_predicted,0.06666666666666667,14,14,GATCTCGGCCACAAACCCAC,0,3631696
tmaR_predicted,0.06666666666666667,14,14,GATCGGCGTCTTTTGGTGCT,0,3610405
tmaR_predicted,0.06666666666666667,14,14,GAAGTATGTCTGCCGAGGGT,0,3617230
tmaR_predicted,0.06666666666666667,14,14,GAACTGCGGACGCATCATTG,0,3645331
tmaR_predicted,0.06666666666666667,14,14,GAAATATGAGTTCTGTCGAT,0,3627152
tmaR_predicted,0.06666666666666667,14,14,GAAATACGAGCATTGCCGAC,0,3633008
tmaR_predicted,0.06666666666666667,14,14,GAAACTTTCTAAACACGCGC,0,3630545
tmaR_predicted,0.06666666666666667,14,14,CTTCCATGCGTCTGAGGACT,0,3624668
tmaR_predicted,0.06666666666666667,14,14,CTTCCAATGCCGAAAAATCT,0,3640123
tmaR_predicted,0.06666666666666667,14,14,CTGCTGAATGGTGATTTCAA,0,3618779
tmaR_predicted,0.06666666666666667,14,14,CTAGTAAAGGCCCGGACTCT,0,3632247
tmaR_predicted,0.06666666666666667,14,14,CGTCGGAACGGAACACCCAC,0,3613013
tmaR_predicted,0.06666666666666667,14,14,CGTACTGCTAGATCCCGTGA,0,3646064
tmaR_predicted,0.06666666666666667,14,14,CGGCGCCGAACGCACGGGGA,0,3631789
tmaR_predicted,0.06666666666666667,14,14,CGCTTGAAAGCTTCGAACTC,0,3625175
tmaR_predicted,0.06666666666666667,14,14,CGCCGTAAGGCCTAGACGTG,0,3637648
tmaR_predicted,0.06666666666666667,14,14,CGCAAGGCAACCCGCTGGAA,0,3645823
tmaR_predicted,0.06666666666666667,14,14,CGATCTCGGGGTTGGACGGC,0,3631318
tmaR_predicted,0.06666666666666667,14,14,CCCATAGGACCTAGGACGAT,0,3635393
tmaR_predicted,0.06666666666666667,14,14,CATCGGAGCCCATTTCAGAT,0,3639527
tmaR_predicted,0.06666666666666667,14,14,CAGTTGTGAGACGACGACGC,0,3631270
tmaR_predicted,0.06666666666666667,14,14,CAGATCTAATGGTGTAGGTG,0,3619047
tmaR_predicted,0.06666666666666667,14,14,CACTGACCCGTACATAGCAG,0,3623196
tmaR_predicted,0.06666666666666667,14,14,CACATATTTGCTAAGACCAA,0,3613216
tmaR_predicted,0.06666666666666667,14,14,CAAGGGGGGAGGCGAATCTA,0,3628071
tmaR_predicted,0.06666666666666667,14,14,ATTCCACGTGTCCCACAGCC,0,3646336
tmaR_predicted,0.06666666666666667,14,14,ATGAATCATTTTACTGAATG,0,3604191
tmaR_predicted,0.06666666666666667,14,14,ATCGGTCGGGCAACGTTGAA,0,3612925
tmaR_predicted,0.06666666666666667,14,14,ATATGTTATCTCGAAAGATG,0,3613363
tmaR_predicted,0.06666666666666667,14,14,ATAAGCAATCTTGCCGAATA,0,3645443
tmaR_predicted,0.06666666666666667,14,14,AGTAACCTTGCTGGTTCACG,0,3622574
tmaR_predicted,0.06666666666666667,14,14,AGGGTAAACTGGGTTTGCGT,0,3628878
tmaR_predicted,0.06666666666666667,14,14,AGGGGATCAGCCCATATGGG,0,3605630
tmaR_predicted,0.06666666666666667,14,14,AGGGCGCCAAATTAGCATGC,0,3627893
tmaR_predicted,0.06666666666666667,14,14,AGGATTCGTAAGTCTTGTAC,0,3615268
tmaR_predicted,0.06666666666666667,14,14,AGGACGACGCCACGTTTTCA,0,3613318
tmaR_predicted,0.06666666666666667,14,14,AGCTTTACCACGTTGTACCG,0,3622324
tmaR_predicted,0.06666666666666667,14,14,AGCGGGTCGGTCTGGTCGAT,0,3620749
tmaR_predicted,0.06666666666666667,14,14,AGCCTAGAACTATTCTCCTG,0,3616642
tmaR_predicted,0.06666666666666667,14,14,AGCCGGATATCGCGGAAGAA,0,3619461
tmaR_predicted,0.06666666666666667,14,14,AGCCATATGTGCCAGTGGGA,0,3646378
tmaR_predicted,0.06666666666666667,14,14,ACTAGGGGTGATGTGAGGGA,0,3645870
tmaR_predicted,0.06666666666666667,14,14,ACGTAAGTTAAGGCACAAGC,0,3615639
tmaR_predicted,0.06666666666666667,14,14,ACGGGGATAGGTGTGTCATC,0,3636485
tmaR_predicted,0.06666666666666667,14,14,ACCTTTAGGATACAATCCCG,0,3638740
tmaR_predicted,0.06666666666666667,14,14,ACCTTAACACAAACTTCTAT,0,3606310
tmaR_predicted,0.06666666666666667,14,14,ACCTGTTGGCAGGCCCCACT,0,3649661
tmaR_predicted,0.06666666666666667,14,14,ACCGTCAGCTATAAAATGTC,0,3631829
tmaR_predicted,0.06666666666666667,14,14,ACCAGCGGCTTTTCGGCGGT,0,3605766
tmaR_predicted,0.06666666666666667,14,14,ACAGTACTTGGTAGTGGTTA,0,3605240
tmaR_predicted,0.06666666666666667,14,14,ACAATTTTCACCAGTGGCTA,0,3625960
tmaR_predicted,0.06666666666666667,14,14,AATTGGGATCACGCGGTCGC,0,3605168
tmaR_predicted,0.06666666666666667,14,14,AATTGGCAAGGCTTTAGAAT,0,3607362
tmaR_predicted,0.06666666666666667,14,14,AAGTTGCTCGCATAGATTTA,0,3618740
tmaR_predicted,0.06666666666666667,14,14,AAGTGTTTCGTGTTGGGTAA,0,3642472
tmaR_predicted,0.06666666666666667,14,14,AAGTAGGGCGTTTAAGGCTG,0,3632550
tmaR_predicted,0.06666666666666667,14,14,AAGGTATGAACGAACTCGGG,0,3648776
tmaR_predicted,0.06666666666666667,14,14,AAGCACTTCACCCGATGCTT,0,3614288
tmaR_predicted,0.06666666666666667,14,14,AACCTGACGAGGCTGACGGT,0,3644551
tmaR_predicted,0.06666666666666667,14,14,AAACATAGATAGCTCGGACG,0,3631683
tmaR_predicted,0.06666666666666667,14,14,AAAATGCGTGGCTTAGAGAC,0,3607868
tmaR_predicted,0.07142857142857142,13,13,TTTTAGCTCCATGGCTGAAT,0,3610637
tmaR_predicted,0.07142857142857142,13,13,TTTGTTATGCTGCCGTGGTT,0,3619641
tmaR_predicted,0.07142857142857142,13,13,TTTGGAAGCCATTTTTCCGC,0,3614524
tmaR_predicted,0.07142857142857142,13,13,TTTCTTATTAGGGACTGTCA,0,3609874
tmaR_predicted,0.07142857142857142,13,13,TTTATAAGGGTTGGTAGCTA,0,3619693
tmaR_predicted,0.07142857142857142,13,13,TTTAAACTTTCTGATGGGTA,0,3644496
tmaR_predicted,0.07142857142857142,13,13,TTGGCGCCCCAGCTCGATCA,0,3611054
tmaR_predicted,0.07142857142857142,13,13,TTGGAATACAGATGTACCGA,0,3649790
tmaR_predicted,0.07142857142857142,13,13,TTGCTGACAAATTTCATACC,0,3611714
tmaR_predicted,0.07142857142857142,13,13,TTCAGCGTTCGAGCGACCAA,0,3612479
tmaR_predicted,0.07142857142857142,13,13,TTCACCGAAAGCCCCGCCAC,0,3610504
tmaR_predicted,0.07142857142857142,13,13,TTAGTAGTGGCTACCACCAA,0,3632515
tmaR_predicted,0.07142857142857142,13,13,TTAGATTACAGACCGGGATC,0,3617940
tmaR_predicted,0.07142857142857142,13,13,TTAATGATAAGGAAGTCTTG,0,3646376
tmaR_predicted,0.07142857142857142,13,13,TTAATACACACTGTTCGCAG,0,3642146
tmaR_predicted,0.07142857142857142,13,13,TTAAATGTGACTTATAAGCA,0,3616018
tmaR_predicted,0.07142857142857142,13,13,TTAAACCCCGGACTCGTCTT,0,3620437
tmaR_predicted,0.07142857142857142,13,13,TGTTTATAGGAAGCCGTTGG,0,3619308
tmaR_predicted,0.07142857142857142,13,13,TGTGGTAATCAAATAAAACC,0,3643194
tmaR_predicted,0.07142857142857142,13,13,TGTGAAAGAACACAAGAAAG,0,3645785
tmaR_predicted,0.07142857142857142,13,13,TGTCGAAGGTCCGCTATTCT,0,3630904
tmaR_predicted,0.07142857142857142,13,13,TGTCAGGGGATAATTGGCGG,0,3622869
tmaR_predicted,0.07142857142857142,13,13,TGGTGGCCGACGTTAATGTT,0,3638280
tmaR_predicted,0.07142857142857142,13,13,TGGCTGTCGAATTAGAGTAT,0,3644846
tmaR_predicted,0.07142857142857142,13,13,TGGCTGACCATACAATAGTT,0,3641386
tmaR_predicted,0.07142857142857142,13,13,TGCTCTACCACCACGGAATA,0,3637784
tmaR_predicted,0.07142857142857142,13,13,TGCCCTCGCAGCGCGTACGG,0,3633473
tmaR_predicted,0.07142857142857142,13,13,TGCAAGACGACAATCATTGG,0,3618423
tmaR_predicted,0.07142857142857142,13,13,TGATCTATACAGGTACAAAG,0,3627119
tmaR_predicted,0.07142857142857142,13,13,TGACTCTTTTGTCACCCTAT,0,3607348
tmaR_predicted,0.07142857142857142,13,13,TGACAGGGATACAAGTGGGT,0,3630244
tmaR_predicted,0.07142857142857142,13,13,TCTTGGGTCTACAACATCAA,0,3614598
tmaR_predicted,0.07142857142857142,13,13,TCTGAATGAGGGCGTGGTCA,0,3642512
tmaR_predicted,0.07142857142857142,13,13,TCGCGGGGCCTCTGAGTGGT,0,3629754
tmaR_predicted,0.07142857142857142,13,13,TCGCCGTATAGTGCGAGTGC,0,3624471
tmaR_predicted,0.07142857142857142,13,13,TCGCAAGCGTCAGGAGTAAT,0,3606881
tmaR_predicted,0.07142857142857142,13,13,TCGAGTGAATCACCTCTATA,0,3641906
tmaR_predicted,0.07142857142857142,13,13,TCGACTATTTAACAGGACAA,0,3647365
tmaR_predicted,0.07142857142857142,13,13,TCGACAAACATATCGCCCGA,0,3624312
tmaR_predicted,0.07142857142857142,13,13,TCCTCTCATCAGCGGGCCTT,0,3616761
tmaR_predicted,0.07142857142857142,13,13,TCCCTCAAATGGAGACATGA,0,3641168
tmaR_predicted,0.07142857142857142,13,13,TCATTCCGAACTCTTCGACG,0,3643418
tmaR_predicted,0.07142857142857142,13,13,TCATTCACTGTGCGTATTCT,0,3631723
tmaR_predicted,0.07142857142857142,13,13,TCATAATGGCCTCGTCAAGT,0,3626696
tmaR_predicted,0.07142857142857142,13,13,TCAGGGGGCTCCGTTGTGGA,0,3620952
tmaR_predicted,0.07142857142857142,13,13,TCACTTGCAGGGCTACACAG,0,3622716
tmaR_predicted,0.07142857142857142,13,13,TCACTAGAATTGAGACTGGC,0,3607158
tmaR_predicted,0.07142857142857142,13,13,TCAATCATGGGCTCCCGGAG,0,3621825
tmaR_predicted,0.07142857142857142,13,13,TATGTGAAGTGGTAGGAAAA,0,3608301
tmaR_predicted,0.07142857142857142,13,13,TAGGGCTCCGCCGGCCAATA,0,3620021
tmaR_predicted,0.07142857142857142,13,13,TAGGCGGTCAGAAAAAAACA,0,3626232
tmaR_predicted,0.07142857142857142,13,13,TACGGTGAAGAGGTCAGCGT,0,3629298
tmaR_predicted,0.07142857142857142,13,13,TACGGGCGTTTCTATGCACT,0,3625455
tmaR_predicted,0.07142857142857142,13,13,TAAGTATGATAGTGGGTTAG,0,3614862
tmaR_predicted,0.07142857142857142,13,13,TAAGAAACAGCCATCAGTAT,0,3629138
tmaR_predicted,0.07142857142857142,13,13,GTTTCCGCCATAAGCATCTC,0,3612610
tmaR_predicted,0.07142857142857142,13,13,GTTAGGCTCAACCGGTTTCT,0,3603909
tmaR_predicted,0.07142857142857142,13,13,GTGGTCAATAACTTTTTCCC,0,3640142
tmaR_predicted,0.07142857142857142,13,13,GTGGTAACGCTATGGGTGGT,0,3635478
tmaR_predicted,0.07142857142857142,13,13,GTGGCGTCAATCGCTGTCCG,0,3641428
tmaR_predicted,0.07142857142857142,13,13,GTCTCCATTGCGTATCTTTG,0,3621590
tmaR_predicted,0.07142857142857142,13,13,GTCGACGAGGACGCTGCTAT,0,3630762
tmaR_predicted,0.07142857142857142,13,13,GTATATAGAAGATAACGCCA,0,3616486
tmaR_predicted,0.07142857142857142,13,13,GTACTCACCAGTTCCACGCA,0,3608631
tmaR_predicted,0.07142857142857142,13,13,GTAAGGTCTTCGCGAATGCT,0,3611429
tmaR_predicted,0.07142857142857142,13,13,GTAACGGCGTCAATTGTGTG,0,3610859
tmaR_predicted,0.07142857142857142,13,13,GGTCTTGACATCGAGACGTG,0,3635659
tmaR_predicted,0.07142857142857142,13,13,GGTCATAACCAGAAGATCTT,0,3629424
tmaR_predicted,0.07142857142857142,13,13,GGTAGTTCCATCCAGAACGA,0,3647508
tmaR_predicted,0.07142857142857142,13,13,GGGTTATGTGCGATCACAGT,0,3642101
tmaR_predicted,0.07142857142857142,13,13,GGGCTTGCACATTGATCGCT,0,3641359
tmaR_predicted,0.07142857142857142,13,13,GGGCAGGTTTGAAAGATAGG,0,3618611
tmaR_predicted,0.07142857142857142,13,13,GGCTCACGAGTCCGTTCCGG,0,3639265
tmaR_predicted,0.07142857142857142,13,13,GGCGCGAAGGAGCCGTAGGG,0,3611754
tmaR_predicted,0.07142857142857142,13,13,GGCCAGTACGCTGTGCTATC,0,3647525
tmaR_predicted,0.07142857142857142,13,13,GGCAGCAATCTGCACTGTAT,0,3626312
tmaR_predicted,0.07142857142857142,13,13,GGATCTGCAGGCGACTTTGT,0,3617734
tmaR_predicted,0.07142857142857142,13,13,GGAGGAGACGTAAGTAGAGT,0,3614327
tmaR_predicted,0.07142857142857142,13,13,GGAATGGCGCGAATTGGTAC,0,3634205
tmaR_predicted,0.07142857142857142,13,13,GGAACTCGGGCTTGCCGAAC,0,3612914
tmaR_predicted,0.07142857142857142,13,13,GCTTAAGGAGAAACGACGTC,0,3636078
tmaR_predicted,0.07142857142857142,13,13,GCGTGATCAAAATAAAGCCA,0,3629108
tmaR_predicted,0.07142857142857142,13,13,GCGGTAGCGCTGTGGCTTGA,0,3631028
tmaR_predicted,0.07142857142857142,13,13,GCGGCGTCCCAGACGCCGCA,0,3640442
tmaR_predicted,0.07142857142857142,13,13,GCGCCCCCGTACATAGGGGA,0,3629712
tmaR_predicted,0.07142857142857142,13,13,GCCAGTACAAACACTCCGCC,0,3627010
tmaR_predicted,0.07142857142857142,13,13,GCAGAAAAGGTTGCCTTTAT,0,3647949
tmaR_predicted,0.07142857142857142,13,13,GCACGTTCGCTAAGTTTTAG,0,3631233
tmaR_predicted,0.07142857142857142,13,13,GCACCTGTCAGCCGAAATAA,0,3623129
tmaR_predicted,0.07142857142857142,13,13,GATTCGGCGTTGCGCGTACG,0,3607989
tmaR_predicted,0.07142857142857142,13,13,GATGTGGCAGACATATCGGA,0,3648980
tmaR_predicted,0.07142857142857142,13,13,GATGACACATGGGGATCTGA,0,3631272
tmaR_predicted,0.07142857142857142,13,13,GATAAAGTTTCTTGTTTGGG,0,3626738
tmaR_predicted,0.07142857142857142,13,13,GAGTCCAAATTACAACGGTC,0,3619822
tmaR_predicted,0.07142857142857142,13,13,GAGGCAGGAAAGTTATTCGA,0,3624866
tmaR_predicted,0.07142857142857142,13,13,GAGAGAGTTTTGGCTCAGGA,0,3637502
tmaR_predicted,0.07142857142857142,13,13,GAGACGGCGGAGCTGTCTTC,0,3620007
tmaR_predicted,0.07142857142857142,13,13,GACTGTCTAGCACTCGGGTT,0,3645289
tmaR_predicted,0.07142857142857142,13,13,GACTGGTAATCTTTACATAC,0,3646954
tmaR_predicted,0.07142857142857142,13,13,GACGGTGGTTGACCGATTAA,0,3625912
tmaR_predicted,0.07142857142857142,13,13,GACCGTCATGGTCTGGGGCT,0,3614552
tmaR_predicted,0.07142857142857142,13,13,GAAGCGGTCGTCCAGTCATA,0,3624000
tmaR_predicted,0.07142857142857142,13,13,GAACGTAAAGCATTGAATCA,0,3610864
tmaR_predicted,0.07142857142857142,13,13,GAAACTGCGCGTCCCTAAAA,0,3641767
tmaR_predicted,0.07142857142857142,13,13,CTTGCGGAGTAGCTAATCCC,0,3645909
tmaR_predicted,0.07142857142857142,13,13,CTTCTAAAGGGGTTGTCGGT,0,3618675
tmaR_predicted,0.07142857142857142,13,13,CTTAGGAGCCATATTCACGT,0,3606981
tmaR_predicted,0.07142857142857142,13,13,CTGTCAGCCGAGCTGGCATA,0,3606116
tmaR_predicted,0.07142857142857142,13,13,CTGGGCCACTCTACCATGAT,0,3623850
tmaR_predicted,0.07142857142857142,13,13,CTGCCACAATTGTGCTCGCA,0,3611392
tmaR_predicted,0.07142857142857142,13,13,CTCCGGACGGAGCCGTTGGT,0,3649900
tmaR_predicted,0.07142857142857142,13,13,CTCCATCATAAAAGATGCGA,0,3614938
tmaR_predicted,0.07142857142857142,13,13,CTAGTCCAGCTAGAGGCTGA,0,3608627
tmaR_predicted,0.07142857142857142,13,13,CTAATAATCAGGCGCCGGCT,0,3635440
tmaR_predicted,0.07142857142857142,13,13,CGTCTGTGACGACAGCGTCA,0,3643912
tmaR_predicted,0.07142857142857142,13,13,CGGTCAAGTGCCAGCATCGA,0,3623004
tmaR_predicted,0.07142857142857142,13,13,CGGTAAACGGTTGCTCTGCT,0,3631346
tmaR_predicted,0.07142857142857142,13,13,CGGCGGTTTTCTGACCTTTG,0,3627097
tmaR_predicted,0.07142857142857142,13,13,CGGAGAGACTCCTACATTTA,0,3619580
tmaR_predicted,0.07142857142857142,13,13,CGCTGGGGAATAGGAACTTC,0,3650023
tmaR_predicted,0.07142857142857142,13,13,CGCATCCAGTGAACGGGTCA,0,3622615
tmaR_predicted,0.07142857142857142,13,13,CGATTCGTCGTAGGAACCCA,0,3641733
tmaR_predicted,0.07142857142857142,13,13,CGAACGAGCCCCCAACTAAT,0,3618772
tmaR_predicted,0.07142857142857142,13,13,CCTGTGATTAGCAACGAATA,0,3640978
tmaR_predicted,0.07142857142857142,13,13,CCGGAGGCTGGCTCCAAGAT,0,3626155
tmaR_predicted,0.07142857142857142,13,13,CCGGAATGCGCATAGCCGAT,0,3637810
tmaR_predicted,0.07142857142857142,13,13,CATTGGAGGTGTCGGTATGT,0,3635662
tmaR_predicted,0.07142857142857142,13,13,CATGTATTAAGAGGAGGCGA,0,3620806
tmaR_predicted,0.07142857142857142,13,13,CATCCAAGTATGGACGGAGC,0,3632421
tmaR_predicted,0.07142857142857142,13,13,CATAAGGTCCCCAGAGCCGG,0,3649161
tmaR_predicted,0.07142857142857142,13,13,CAGCGGGTTGGTTAGACGCT,0,3617813
tmaR_predicted,0.07142857142857142,13,13,CAGCGGGCTCTTGTGTGGAT,0,3607696
tmaR_predicted,0.07142857142857142,13,13,CAGAGGGGATAGTGAAGGCC,0,3608351
tmaR_predicted,0.07142857142857142,13,13,CACTAATTGGTTAAACAATC,0,3628550
tmaR_predicted,0.07142857142857142,13,13,CACCGACGTGTCAGTGGTAA,0,3620383
tmaR_predicted,0.07142857142857142,13,13,CAAAGAGAGTAAATTCGCAA,0,3611592
tmaR_predicted,0.07142857142857142,13,13,CAAACACCGCGGCCGGGTGC,0,3635627
tmaR_predicted,0.07142857142857142,13,13,ATTTATCCCATCGTTAATGG,0,3619246
tmaR_predicted,0.07142857142857142,13,13,ATCTGGCCTTGGTGTTGAAC,0,3631273
tmaR_predicted,0.07142857142857142,13,13,ATCCGTTGACAATCCGCCGT,0,3624039
tmaR_predicted,0.07142857142857142,13,13,ATATAGCGGTTATCGATCTC,0,3616586
tmaR_predicted,0.07142857142857142,13,13,ATATAGCAGCGTTACGGACA,0,3622073
tmaR_predicted,0.07142857142857142,13,13,AGTTGGTCACGCGCGCAAAT,0,3647720
tmaR_predicted,0.07142857142857142,13,13,AGTGGGCTTGCAAACGCAAT,0,3640207
tmaR_predicted,0.07142857142857142,13,13,AGTAGGCGGGCCTTAGGAGA,0,3640921
tmaR_predicted,0.07142857142857142,13,13,AGGGGGCAACCACCTCCAAC,0,3626832
tmaR_predicted,0.07142857142857142,13,13,AGGCAGTCAGTCTCGTAGGT,0,3625992
tmaR_predicted,0.07142857142857142,13,13,AGCTCGGCAATAGCGAGTGA,0,3622674
tmaR_predicted,0.07142857142857142,13,13,AGCGTCAAAATGGAAAGAGA,0,3621027
tmaR_predicted,0.07142857142857142,13,13,AGCCGCGCTACGACCCCCAC,0,3604172
tmaR_predicted,0.07142857142857142,13,13,AGATAAGGTCGTAATGGTTG,0,3630399
tmaR_predicted,0.07142857142857142,13,13,AGACACAGGAACAGGCTCTT,0,3607703
tmaR_predicted,0.07142857142857142,13,13,ACTTTGGTTGGAACAAAGCA,0,3606818
tmaR_predicted,0.07142857142857142,13,13,ACTTGATAATGGGTTTCGAA,0,3645015
tmaR_predicted,0.07142857142857142,13,13,ACTGTGCGCATGGAAATAGA,0,3631497
tmaR_predicted,0.07142857142857142,13,13,ACTCTCGGTGGGTCTTGATG,0,3624804
tmaR_predicted,0.07142857142857142,13,13,ACGTGAAAAAGGGACCTCGT,0,3632892
tmaR_predicted,0.07142857142857142,13,13,ACGCATTTTCTTGTGATGTA,0,3617740
tmaR_predicted,0.07142857142857142,13,13,ACCGGGCCGGTAGTTTTTGC,0,3628241
tmaR_predicted,0.07142857142857142,13,13,ACATGGCCTCCGACGTTTGG,0,3625297
tmaR_predicted,0.07142857142857142,13,13,ACACTTAGAAGACCCCATCG,0,3629134
tmaR_predicted,0.07142857142857142,13,13,ACAAGAACATTGCTTCATAC,0,3613669
tmaR_predicted,0.07142857142857142,13,13,AATTCGACTACTCCAGCATC,0,3621524
tmaR_predicted,0.07142857142857142,13,13,AATACCTAAGCGGCGGTAAT,0,3637806
tmaR_predicted,0.07142857142857142,13,13,AAGGTCTAGCAGGGGTGTGT,0,3627832
tmaR_predicted,0.07142857142857142,13,13,AAGCCACGCGTTAATCCAGA,0,3630249
tmaR_predicted,0.07142857142857142,13,13,AAGATGTGGCATTATTGTTC,0,3627501
tmaR_predicted,0.07142857142857142,13,13,AACTCAGGATACGGAGCTTA,0,3608246
tmaR_predicted,0.07142857142857142,13,13,AACGGTGACGTACACACGAG,0,3610580
tmaR_predicted,0.07142857142857142,13,13,AACCTTCAACAGCTCAATGC,0,3647444
tmaR_predicted,0.07142857142857142,13,13,AAATCTGATCGTATTTCCTG,0,3621989
tmaR_predicted,0.07142857142857142,13,13,AAATAGCCGCCCCGGGATGG,0,3622778
tmaR_predicted,0.07142857142857142,13,13,AAAGTTATGATTAGTTGCTA,0,3635579
tmaR_predicted,0.07142857142857142,13,13,AAAGTATACTTGCGGTGATA,0,3605980
tmaR_predicted,0.07692307692307693,12,12,TTTTGGGCTTACGCGCGAAT,0,3649837
tmaR_predicted,0.07692307692307693,12,12,TTTTACATCCATGGGGTTAA,0,3633906
tmaR_predicted,0.07692307692307693,12,12,TTTGCAAGATTAAAGTTACA,0,3636377
tmaR_predicted,0.07692307692307693,12,12,TTTCGCGTTTGGTGTGCCAT,0,3622749
tmaR_predicted,0.07692307692307693,12,12,TTGGGAGCCCGGACGAGGGT,0,3620935
tmaR_predicted,0.07692307692307693,12,12,TTGGACTTATATATTGCGTC,0,3635360
tmaR_predicted,0.07692307692307693,12,12,TTGCCAGGGAGTTTACTTGG,0,3622917
tmaR_predicted,0.07692307692307693,12,12,TTGAAAACGGTCATTAATGC,0,3632490
tmaR_predicted,0.07692307692307693,12,12,TTCTCGAGGGACACAAACCA,0,3633907
tmaR_predicted,0.07692307692307693,12,12,TTCCGGTGCAACAGGGGCAA,0,3614007
tmaR_predicted,0.07692307692307693,12,12,TTCAAGTGTCAAGCCCATCG,0,3644919
tmaR_predicted,0.07692307692307693,12,12,TGTACCCGTGGTTCTGCCCC,0,3642211
tmaR_predicted,0.07692307692307693,12,12,TGTACAGGCGGCAAAATTCG,0,3604225
tmaR_predicted,0.07692307692307693,12,12,TGGGGAACGACTTTTGAATT,0,3611301
tmaR_predicted,0.07692307692307693,12,12,TGGCACCGTACTGGATTTGG,0,3608260
tmaR_predicted,0.07692307692307693,12,12,TGATTGCTCCACGGTTGCCT,0,3633679
tmaR_predicted,0.07692307692307693,12,12,TGAGAAGTTGCTCAAATTCG,0,3612713
tmaR_predicted,0.07692307692307693,12,12,TCTTAGGGAGTGGGTCTAAG,0,3611598
tmaR_predicted,0.07692307692307693,12,12,TCTGCGATGAGGACCCCCGG,0,3604993
tmaR_predicted,0.07692307692307693,12,12,TCTAGTCGAGCCGAAGAGAG,0,3622220
tmaR_predicted,0.07692307692307693,12,12,TCGTAGGGTCGCATGCGGTC,0,3639926
tmaR_predicted,0.07692307692307693,12,12,TCCCACGCATCGGATCTTTT,0,3617990
tmaR_predicted,0.07692307692307693,12,12,TCCCAAGGCGAGTAGATTAA,0,3610892
tmaR_predicted,0.07692307692307693,12,12,TCCATGATACGCCCTGAAGG,0,3609152
tmaR_predicted,0.07692307692307693,12,12,TCCACGTACGCTGGTTAAGG,0,3624273
tmaR_predicted,0.07692307692307693,12,12,TATGGACAACGCGCGTAGGG,0,3631215
tmaR_predicted,0.07692307692307693,12,12,TATCCACTCAAGATTCGATG,0,3644029
tmaR_predicted,0.07692307692307693,12,12,TATCAATGCCGACGATGTGC,0,3629740
tmaR_predicted,0.07692307692307693,12,12,TATATGGCTTGCCATCGATC,0,3629416
tmaR_predicted,0.07692307692307693,12,12,TAGGAAGGGGACAATACCAA,0,3610027
tmaR_predicted,0.07692307692307693,12,12,TAGACCATCAGTGGTGACAC,0,3648968
tmaR_predicted,0.07692307692307693,12,12,TACTTGGGCAACCTTCGTCA,0,3647563
tmaR_predicted,0.07692307692307693,12,12,TACTACCCATTCTAATGCCT,0,3634792
tmaR_predicted,0.07692307692307693,12,12,TACGATCGGACGGTGAATAA,0,3616791
tmaR_predicted,0.07692307692307693,12,12,TACCTCACGCGGACGGTATG,0,3641667
tmaR_predicted,0.07692307692307693,12,12,TACAAGGGGTGACGAAGGCG,0,3619181
tmaR_predicted,0.07692307692307693,12,12,TAAGCGGGCATCACTAGCAG,0,3620777
tmaR_predicted,0.07692307692307693,12,12,TAAATAAATCGCTCTACGAC,0,3612108
tmaR_predicted,0.07692307692307693,12,12,TAAACTGTGGATTGGACAGC,0,3629033
tmaR_predicted,0.07692307692307693,12,12,TAAAATTAGGAGTGTAGCTT,0,3628825
tmaR_predicted,0.07692307692307693,12,12,GTTTTTAGAGCTCATCTTGA,0,3616413
tmaR_predicted,0.07692307692307693,12,12,GTTAGATGAATTAGTACTGC,0,3635022
tmaR_predicted,0.07692307692307693,12,12,GTGTTATTGGATATTTATAT,0,3619241
tmaR_predicted,0.07692307692307693,12,12,GTGGGTGTACACGTCGCGCT,0,3618446
tmaR_predicted,0.07692307692307693,12,12,GTGGGTCTAGGAGATCAAAT,0,3630338
tmaR_predicted,0.07692307692307693,12,12,GTGACATTCAGCGGCGGAGG,0,3618678
tmaR_predicted,0.07692307692307693,12,12,GTCGCCGCCGAAACGGGTAT,0,3634967
tmaR_predicted,0.07692307692307693,12,12,GTCGCCGCATTACGGGCAAA,0,3629515
tmaR_predicted,0.07692307692307693,12,12,GTCCAGGCAGGTTCAATGTG,0,3623176
tmaR_predicted,0.07692307692307693,12,12,GTCAGGGGGATTTTGTTAAT,0,3612238
tmaR_predicted,0.07692307692307693,12,12,GTCAGCAGCGCGGATAGGTA,0,3615312
tmaR_predicted,0.07692307692307693,12,12,GTATTCTTAATCGTAGGCTG,0,3606143
tmaR_predicted,0.07692307692307693,12,12,GTAGGCTCCCATTTTAAGGG,0,3646952
tmaR_predicted,0.07692307692307693,12,12,GTACACCGCGATTGCGTCTA,0,3619145
tmaR_predicted,0.07692307692307693,12,12,GTAAGGTTTATCGGGATTCC,0,3620367
tmaR_predicted,0.07692307692307693,12,12,GGTTTAACTACGTGACACGA,0,3619942
tmaR_predicted,0.07692307692307693,12,12,GGTTGGATCGATAGTGCGAG,0,3612070
tmaR_predicted,0.07692307692307693,12,12,GGTCGCTGATGTTCCAGCAA,0,3646634
tmaR_predicted,0.07692307692307693,12,12,GGTAGGCTACGCCTTGGTAC,0,3612289
tmaR_predicted,0.07692307692307693,12,12,GGGGTTTTAGTGGCATAAAT,0,3611257
tmaR_predicted,0.07692307692307693,12,12,GGGGGTAATACCTGTTCTGA,0,3645750
tmaR_predicted,0.07692307692307693,12,12,GGGGGAGGTAAATTAATCTT,0,3615168
tmaR_predicted,0.07692307692307693,12,12,GGGCCTATGAATGCCCGAGA,0,3636238
tmaR_predicted,0.07692307692307693,12,12,GGCTTTTTATTCTCCCCGCC,0,3630385
tmaR_predicted,0.07692307692307693,12,12,GGCTATAAGAAAGCGCCGGT,0,3633562
tmaR_predicted,0.07692307692307693,12,12,GGCACAGGCGGTACTCTCGA,0,3639830
tmaR_predicted,0.07692307692307693,12,12,GGATACTGTGCCCGTGCGAC,0,3617462
tmaR_predicted,0.07692307692307693,12,12,GGAAAACGTACGGTCATTAA,0,3611941
tmaR_predicted,0.07692307692307693,12,12,GCTTGAGAATAAGCTAACGA,0,3633110
tmaR_predicted,0.07692307692307693,12,12,GCTCATGATCCTTGAATCCA,0,3612122
tmaR_predicted,0.07692307692307693,12,12,GCTATTGGCTACGTCAGCGA,0,3613727
tmaR_predicted,0.07692307692307693,12,12,GCGGTCTAGTGAGTGGTTTT,0,3622979
tmaR_predicted,0.07692307692307693,12,12,GCGGGTCTTGAGTATGTGTA,0,3626366
tmaR_predicted,0.07692307692307693,12,12,GCGGAGGTCCGTGCCATTTT,0,3608932
tmaR_predicted,0.07692307692307693,12,12,GCCTGACTCCTCTTCAGAGA,0,3610780
tmaR_predicted,0.07692307692307693,12,12,GCCTGAATAGCCGATACCCT,0,3618140
tmaR_predicted,0.07692307692307693,12,12,GCCTCACTGGAGACCTTATA,0,3637778
tmaR_predicted,0.07692307692307693,12,12,GCCCTCATAATACAGCTTAA,0,3622424
tmaR_predicted,0.07692307692307693,12,12,GCCATTTTAAGTGCAGGTTG,0,3645260
tmaR_predicted,0.07692307692307693,12,12,GCAAGCGGACCAGAGAACTA,0,3645045
tmaR_predicted,0.07692307692307693,12,12,GATAAACGCTAGGCCTTCTC,0,3648865
tmaR_predicted,0.07692307692307693,12,12,GAGCTTAATTGTAGTCAGGT,0,3615743
tmaR_predicted,0.07692307692307693,12,12,GAGCCATCATCATGATCCCT,0,3612546
tmaR_predicted,0.07692307692307693,12,12,GAGAACATGTCTTGGGCAGA,0,3624613
tmaR_predicted,0.07692307692307693,12,12,GAGAAACTTCTTGCAAATAA,0,3617785
tmaR_predicted,0.07692307692307693,12,12,GACGAGATTCTGGCGGGGAT,0,3611611
tmaR_predicted,0.07692307692307693,12,12,GACCCGCCACAGCGCACATG,0,3638952
tmaR_predicted,0.07692307692307693,12,12,GACCAAGCTCTCCCGTCTAC,0,3632077
tmaR_predicted,0.07692307692307693,12,12,GACAAGGGTGCGGGTCGGAT,0,3606726
tmaR_predicted,0.07692307692307693,12,12,GAATACTTTGAGGGGTGCTC,0,3604506
tmaR_predicted,0.07692307692307693,12,12,GAATAAACTCCAGGGGGCCT,0,3648944
tmaR_predicted,0.07692307692307693,12,12,GAAGTGGGAGTTTGCCGCAG,0,3627086
tmaR_predicted,0.07692307692307693,12,12,GAAAGGTAGCCCGGGCCTGT,0,3622826
tmaR_predicted,0.07692307692307693,12,12,GAAAGCAAGATTAGCATAAA,0,3631477
tmaR_predicted,0.07692307692307693,12,12,CTTTCGGTTCACGACGACTC,0,3630116
tmaR_predicted,0.07692307692307693,12,12,CTTGGTCAGTACTGTTCCGT,0,3617400
tmaR_predicted,0.07692307692307693,12,12,CTTGGGACCGTTTAAAGGAG,0,3608361
tmaR_predicted,0.07692307692307693,12,12,CTTGCTGCCGCGGGGGCCAG,0,3616769
tmaR_predicted,0.07692307692307693,12,12,CTTACCAATATGCGGCGAAT,0,3614042
tmaR_predicted,0.07692307692307693,12,12,CTCTTCTTATGAATTCGAAG,0,3634077
tmaR_predicted,0.07692307692307693,12,12,CTCTACTCTGACTGTTTGAT,0,3617877
tmaR_predicted,0.07692307692307693,12,12,CTCGCCTCCTGTCATTAGAC,0,3611728
tmaR_predicted,0.07692307692307693,12,12,CTCGAAAGCCCCCCGTAGGG,0,3650312
tmaR_predicted,0.07692307692307693,12,12,CTCATATTGCATCCGGGCTA,0,3605131
tmaR_predicted,0.07692307692307693,12,12,CTCACCACCCCCTCACTGAT,0,3614582
tmaR_predicted,0.07692307692307693,12,12,CTATGGCTGACTTAATGAAA,0,3645030
tmaR_predicted,0.07692307692307693,12,12,CGTGGCCAACCTTAACTAAT,0,3640378
tmaR_predicted,0.07692307692307693,12,12,CGTCCCGGCCAGCCGAATTG,0,3639292
tmaR_predicted,0.07692307692307693,12,12,CGTACCGAAGGAATCGACGC,0,3611641
tmaR_predicted,0.07692307692307693,12,12,CGGTCAGGTATAACGGAAAC,0,3612212
tmaR_predicted,0.07692307692307693,12,12,CGGGTCGCCAATCAGATAGC,0,3604211
tmaR_predicted,0.07692307692307693,12,12,CGGGTACGCCAAATTACCAT,0,3632177
tmaR_predicted,0.07692307692307693,12,12,CGGGGGTCCAAGCCCATGTA,0,3604249
tmaR_predicted,0.07692307692307693,12,12,CGGGCCGGACATTGCGATGC,0,3626095
tmaR_predicted,0.07692307692307693,12,12,CGCTCAAAATTCTGTTGACT,0,3629073
tmaR_predicted,0.07692307692307693,12,12,CGCCGTGAGTCCCGCTAATA,0,3644567
tmaR_predicted,0.07692307692307693,12,12,CGCCAGCAAGTTTTTTTGGT,0,3615598
tmaR_predicted,0.07692307692307693,12,12,CGCCACATACAACTTGTGGT,0,3622063
tmaR_predicted,0.07692307692307693,12,12,CGCATTTTATCGTGAGGCCA,0,3612512
tmaR_predicted,0.07692307692307693,12,12,CGAGTCGGCCTCTCGGAACC,0,3635658
tmaR_predicted,0.07692307692307693,12,12,CGAGGTATCAACAGTTATTG,0,3610003
tmaR_predicted,0.07692307692307693,12,12,CGAGCCTCGACGCCTAAGGT,0,3643124
tmaR_predicted,0.07692307692307693,12,12,CGACAGCCGTAGCAACGGTA,0,3609616
tmaR_predicted,0.07692307692307693,12,12,CGAAGGGTGCACCGTTGTAT,0,3643704
tmaR_predicted,0.07692307692307693,12,12,CGAACGTCGCTCACGCCCTA,0,3620872
tmaR_predicted,0.07692307692307693,12,12,CCTGTATAGTGTTTCTAGCA,0,3631772
tmaR_predicted,0.07692307692307693,12,12,CCTAAGGACCCAGGCGGCTG,0,3612662
tmaR_predicted,0.07692307692307693,12,12,CCGTCCACATACTAAAAGTA,0,3646335
tmaR_predicted,0.07692307692307693,12,12,CCGCCCGGTCAGCACGACTA,0,3611490
tmaR_predicted,0.07692307692307693,12,12,CCGCAGTACATGGACTTAAA,0,3622718
tmaR_predicted,0.07692307692307693,12,12,CCGATCCAGTGTCATTAAAC,0,3613908
tmaR_predicted,0.07692307692307693,12,12,CCGAGCAGAGTGTCACTCCC,0,3631127
tmaR_predicted,0.07692307692307693,12,12,CCGACAGCGATCTCCGAGCT,0,3627112
tmaR_predicted,0.07692307692307693,12,12,CCGACAATGCCCCACACTGC,0,3610943
tmaR_predicted,0.07692307692307693,12,12,CCGAACAATTTAATCAAGTG,0,3618692
tmaR_predicted,0.07692307692307693,12,12,CCCTTTGGGGCCAACCTAAA,0,3608969
tmaR_predicted,0.07692307692307693,12,12,CCCTTGCCGTGTATCTCGCC,0,3623991
tmaR_predicted,0.07692307692307693,12,12,CCCTACGGATGTTCTATATT,0,3609391
tmaR_predicted,0.07692307692307693,12,12,CCCATGACTTTAGTGCCTAA,0,3618948
tmaR_predicted,0.07692307692307693,12,12,CCCAGAGGGCGCTACCTACA,0,3649275
tmaR_predicted,0.07692307692307693,12,12,CCCAACTCACCGGGCAGTCA,0,3618194
tmaR_predicted,0.07692307692307693,12,12,CCAGTGTTGAACATCTCTAT,0,3613755
tmaR_predicted,0.07692307692307693,12,12,CCACGGTCGAGCACTGTCTT,0,3646581
tmaR_predicted,0.07692307692307693,12,12,CCACCCGAACGTGTTCCAGG,0,3620256
tmaR_predicted,0.07692307692307693,12,12,CCACATCCGCGGTATTGTCT,0,3631830
tmaR_predicted,0.07692307692307693,12,12,CCAAGTATCCCCGGCCGCGT,0,3616053
tmaR_predicted,0.07692307692307693,12,12,CATTAATACTCACCGGGACA,0,3634628
tmaR_predicted,0.07692307692307693,12,12,CATAGGCATCGGTATGGAAA,0,3630635
tmaR_predicted,0.07692307692307693,12,12,CAGTTTCGGATGGGCTGCCC,0,3628301
tmaR_predicted,0.07692307692307693,12,12,CAGGAGTTCAAGACCGCAGA,0,3638562
tmaR_predicted,0.07692307692307693,12,12,CAGCGTAAATCTGTGGTAAA,0,3650104
tmaR_predicted,0.07692307692307693,12,12,CAGCCTGTGAGTTCAAACGG,0,3636699
tmaR_predicted,0.07692307692307693,12,12,CACTTCGGGATCCAGCCAGG,0,3632388
tmaR_predicted,0.07692307692307693,12,12,CACGCTTAGGAGTACACCGG,0,3618734
tmaR_predicted,0.07692307692307693,12,12,CACGCCAGCCTTTATTTCGG,0,3623845
tmaR_predicted,0.07692307692307693,12,12,CACCCATTCGGTATAAGGAA,0,3623970
tmaR_predicted,0.07692307692307693,12,12,CAATTCTCTATCCGTTTTGA,0,3646728
tmaR_predicted,0.07692307692307693,12,12,CAATTCCGGTACTTGAGACT,0,3606314
tmaR_predicted,0.07692307692307693,12,12,CAATTATGGTGTGGATGCCT,0,3606426
tmaR_predicted,0.07692307692307693,12,12,CAACGCCTGTCCAGGCTAGG,0,3613958
tmaR_predicted,0.07692307692307693,12,12,CAACGCCTATCGTCAAATCA,0,3605764
tmaR_predicted,0.07692307692307693,12,12,CAACCGAGGCTAAAGCCCTT,0,3649726
tmaR_predicted,0.07692307692307693,12,12,CAACACCGGGGCGCAATGGT,0,3627877
tmaR_predicted,0.07692307692307693,12,12,CAAATCCTTTGGGATCCTAT,0,3620739
tmaR_predicted,0.07692307692307693,12,12,CAAATATTGTTCATACTTTG,0,3640471
tmaR_predicted,0.07692307692307693,12,12,ATTTAAGATACGTAAATGAA,0,3640397
tmaR_predicted,0.07692307692307693,12,12,ATTGTTCGAGACACATGTCG,0,3614070
tmaR_predicted,0.07692307692307693,12,12,ATTGTATTACGACGTGTATT,0,3647316
tmaR_predicted,0.07692307692307693,12,12,ATTAAGGCTGGCTCCTCACT,0,3606264
tmaR_predicted,0.07692307692307693,12,12,ATGTTCCGCCTTCTAATTGA,0,3634588
tmaR_predicted,0.07692307692307693,12,12,ATGTGGCCCGAAAAATCAGG,0,3614846
tmaR_predicted,0.07692307692307693,12,12,ATGGTCAACTGGACTAGACT,0,3609643
tmaR_predicted,0.07692307692307693,12,12,ATGCACAACTCCGCCGCGAA,0,3647448
tmaR_predicted,0.07692307692307693,12,12,ATCTTAAACCCGGATGTGGA,0,3627233
tmaR_predicted,0.07692307692307693,12,12,ATCTCCGTGGGTGGCCGTTT,0,3622319
tmaR_predicted,0.07692307692307693,12,12,ATCTAGACAGCACGACTCAA,0,3627237
tmaR_predicted,0.07692307692307693,12,12,ATCGGTAGAGAACGATGCAA,0,3616187
tmaR_predicted,0.07692307692307693,12,12,ATCGCTGCTACTACAGGTCA,0,3605801
tmaR_predicted,0.07692307692307693,12,12,ATCACGAGCTTTGGATTAAT,0,3639585
tmaR_predicted,0.07692307692307693,12,12,ATATCTCGAAGCAACTTTTG,0,3629127
tmaR_predicted,0.07692307692307693,12,12,ATAGTTGCAATATAACAGCT,0,3611173
tmaR_predicted,0.07692307692307693,12,12,ATACCTGCCAAGCTATTCAC,0,3612349
tmaR_predicted,0.07692307692307693,12,12,ATAAGTTCGACCGATGGGAG,0,3607114
tmaR_predicted,0.07692307692307693,12,12,ATAAGCGGCTGCGGACACCA,0,3638537
tmaR_predicted,0.07692307692307693,12,12,AGTGCTCCGTCTCGTCAACC,0,3614213
tmaR_predicted,0.07692307692307693,12,12,AGTAATCTAAGGGGTCGGCC,0,3631787
tmaR_predicted,0.07692307692307693,12,12,AGGTAATTAGGTTGTACCGG,0,3624582
tmaR_predicted,0.07692307692307693,12,12,AGGGTACGTGGCCACACTGT,0,3624364
tmaR_predicted,0.07692307692307693,12,12,AGGCCCGTGAATCGATTTTC,0,3607474
tmaR_predicted,0.07692307692307693,12,12,AGGATGGCCAAACAGTTCCT,0,3610973
tmaR_predicted,0.07692307692307693,12,12,AGCTCTCGCTAGAGTTCAGG,0,3639458
tmaR_predicted,0.07692307692307693,12,12,AGCTAAATGCATACTCCCAG,0,3628697
tmaR_predicted,0.07692307692307693,12,12,AGCGTGTCTCGTCCTCTTTC,0,3627820
tmaR_predicted,0.07692307692307693,12,12,AGCGCAACCATGGGAATCAC,0,3606375
tmaR_predicted,0.07692307692307693,12,12,AGCAGGATCATGGAAGAGTA,0,3630605
tmaR_predicted,0.07692307692307693,12,12,AGATGGCTGCTAATTTAGGG,0,3609906
tmaR_predicted,0.07692307692307693,12,12,AGATAAGAATACGATATTAA,0,3631689
tmaR_predicted,0.07692307692307693,12,12,AGAATAGTACAAGGCGGTGG,0,3616893
tmaR_predicted,0.07692307692307693,12,12,ACTTGTGGGCGAGTCCTTGA,0,3632328
tmaR_predicted,0.07692307692307693,12,12,ACTTGCTTAGTACGGTCTCT,0,3615938
tmaR_predicted,0.07692307692307693,12,12,ACTTGATGACTATACCGATG,0,3638595
tmaR_predicted,0.07692307692307693,12,12,ACTGTGCCAAGGTTGCATGT,0,3636309
tmaR_predicted,0.07692307692307693,12,12,ACTCTTCCCTTATTAGCGCC,0,3622666
tmaR_predicted,0.07692307692307693,12,12,ACGTGAGTTCTGACTCCATT,0,3622546
tmaR_predicted,0.07692307692307693,12,12,ACGAGAGAGTTTTCACGGTG,0,3646036
tmaR_predicted,0.07692307692307693,12,12,ACCTGTTTCTCCGTGCCACA,0,3641579
tmaR_predicted,0.07692307692307693,12,12,ACCTGGGATGTCTAGCCTTT,0,3613008
tmaR_predicted,0.07692307692307693,12,12,ACCTCTTACATCGTGAGCAT,0,3629852
tmaR_predicted,0.07692307692307693,12,12,ACCGGTGGCAATACCATGAC,0,3607912
tmaR_predicted,0.07692307692307693,12,12,ACCCGGTTCGGTTCTGCGGG,0,3643696
tmaR_predicted,0.07692307692307693,12,12,ACCAGCTCATTTACTTGTAA,0,3630105
tmaR_predicted,0.07692307692307693,12,12,ACACCGCGAATAACAACGCT,0,3630823
tmaR_predicted,0.07692307692307693,12,12,AATTCGTATTGACCCGCGCG,0,3640379
tmaR_predicted,0.07692307692307693,12,12,AATGGGTTCGCAACACTATA,0,3638190
tmaR_predicted,0.07692307692307693,12,12,AATACATAAGTATCGGGCAA,0,3611111
tmaR_predicted,0.07692307692307693,12,12,AAGCATCTCAACTGGATTAG,0,3641396
tmaR_predicted,0.07692307692307693,12,12,AAGAACTAAGGGATCAGAAT,0,3638411
tmaR_predicted,0.07692307692307693,12,12,AACTTACGCTCGTCAGACTC,0,3623401
tmaR_predicted,0.07692307692307693,12,12,AACGGAAGAGGGCGACGCCC,0,3604986
tmaR_predicted,0.07692307692307693,12,12,AACACCACCCGGATGTTATT,0,3610066
tmaR_predicted,0.07692307692307693,12,12,AAATAATTTGGCATACTCAC,0,3643931
tmaR_predicted,0.07692307692307693,12,12,AAAGAGGGCTCAACCGTAGT,0,3612104
tmaR_predicted,0.07692307692307693,12,12,AAAATGGAAAGGGCCAGCAA,0,3630243
tmaR_predicted,0.07692307692307693,12,12,AAAACAGACCCTCGTTTAAC,0,3643370
tmaR_predicted,0.08333333333333333,11,11,TTTTCGGGGCCATATGTTTG,0,3648568
tmaR_predicted,0.08333333333333333,11,11,TTTAGTATGAAGAGACGTCT,0,3632635
tmaR_predicted,0.08333333333333333,11,11,TTGTTATACACGCCTTTTGG,0,3623737
tmaR_predicted,0.08333333333333333,11,11,TTGTGCGGGTAGTAGGTCCT,0,3613670
tmaR_predicted,0.08333333333333333,11,11,TTGCGCTAGGGGGCTGCTGA,0,3607673
tmaR_predicted,0.08333333333333333,11,11,TTCCTTGTTAGGGGACGGCT,0,3636566
tmaR_predicted,0.08333333333333333,11,11,TTCAATGATTTGCGCGGCTT,0,3647522
tmaR_predicted,0.08333333333333333,11,11,TTATTCGTGTTACGGCATCA,0,3650186
tmaR_predicted,0.08333333333333333,11,11,TTAGAAAATATATACCAATC,0,3626847
tmaR_predicted,0.08333333333333333,11,11,TTACCTCAGCTTATTCGTCA,0,3606792
tmaR_predicted,0.08333333333333333,11,11,TTAAGAATAGATAGTTTAGT,0,3637115
tmaR_predicted,0.08333333333333333,11,11,TTAACACTACATGTATATAG,0,3634747
tmaR_predicted,0.08333333333333333,11,11,TGTGGGGGACGGGGAGCATA,0,3613813
tmaR_predicted,0.08333333333333333,11,11,TGTGCGTTACCCGACTCGAT,0,3637160
tmaR_predicted,0.08333333333333333,11,11,TGTATATCGAAAGGCTATGG,0,3644378
tmaR_predicted,0.08333333333333333,11,11,TGTAGGGTTTAGCACAATGG,0,3616943
tmaR_predicted,0.08333333333333333,11,11,TGCGGTCTAGCGGGATGTAC,0,3605790
tmaR_predicted,0.08333333333333333,11,11,TGCGCTTAATCGGTTCATAT,0,3639319
tmaR_predicted,0.08333333333333333,11,11,TGCGCGGTTGCTTGAAGCAT,0,3641072
tmaR_predicted,0.08333333333333333,11,11,TGCGATCCTCGTCTTCGCTC,0,3641693
tmaR_predicted,0.08333333333333333,11,11,TGCGACCAGATGTGCGTACA,0,3640477
tmaR_predicted,0.08333333333333333,11,11,TGCCGGCAATGCTGCGCAGA,0,3648361
tmaR_predicted,0.08333333333333333,11,11,TGAGTCATCCGAATGGCCAT,0,3641051
tmaR_predicted,0.08333333333333333,11,11,TGACTTGCTGCTGGTTTTTG,0,3613538
tmaR_predicted,0.08333333333333333,11,11,TCTGGTTAAGGGGCACGTGA,0,3629445
tmaR_predicted,0.08333333333333333,11,11,TCTCGTCGTATATTAAAGAG,0,3643243
tmaR_predicted,0.08333333333333333,11,11,TCTAGTAAATGAACGCTGTA,0,3637248
tmaR_predicted,0.08333333333333333,11,11,TCGTGGTGAAGCCTCACGGG,0,3648186
tmaR_predicted,0.08333333333333333,11,11,TCGCTCCCGCGTGGTCCGGG,0,3635506
tmaR_predicted,0.08333333333333333,11,11,TCGCACGAACCTCGGGTCGG,0,3632977
tmaR_predicted,0.08333333333333333,11,11,TCGATGACGCAAAATCTAAG,0,3648663
tmaR_predicted,0.08333333333333333,11,11,TCGATCCGATCGAGATGTAA,0,3617712
tmaR_predicted,0.08333333333333333,11,11,TCGATAAAGCCTACCTTGAA,0,3605104
tmaR_predicted,0.08333333333333333,11,11,TCGAGATTTGATCGGGGTAG,0,3626079
tmaR_predicted,0.08333333333333333,11,11,TCCTCAACCCGGTGCAAAGG,0,3623900
tmaR_predicted,0.08333333333333333,11,11,TCACTTCTGGTACAGCGTCA,0,3648615
tmaR_predicted,0.08333333333333333,11,11,TCACCCGTTGGCAGGCATAC,0,3640681
tmaR_predicted,0.08333333333333333,11,11,TCAATTTACGGCTTTGCACT,0,3634613
tmaR_predicted,0.08333333333333333,11,11,TCAACATGAGCACTGGCGTA,0,3633339
tmaR_predicted,0.08333333333333333,11,11,TATTATCGCCCTCTTTGGGG,0,3618759
tmaR_predicted,0.08333333333333333,11,11,TATTAATAGTAGGATACCTA,0,3647379
tmaR_predicted,0.08333333333333333,11,11,TATTAACACAATAAACAATA,0,3643304
tmaR_predicted,0.08333333333333333,11,11,TATCGCGACCGGACCATACA,0,3628212
tmaR_predicted,0.08333333333333333,11,11,TATATCCGATCGGAGGCATT,0,3607022
tmaR_predicted,0.08333333333333333,11,11,TAGGTCCGTAGGCGATTGCC,0,3615996
tmaR_predicted,0.08333333333333333,11,11,TAGCGCACTATAAAGGGGGA,0,3641516
tmaR_predicted,0.08333333333333333,11,11,TAGATAGATGTGTCGGGGAT,0,3642596
tmaR_predicted,0.08333333333333333,11,11,TAGACCAATTCCGCACTCGT,0,3624112
tmaR_predicted,0.08333333333333333,11,11,TAGACATATAAAGACTGGGA,0,3611298
tmaR_predicted,0.08333333333333333,11,11,TACGGTCGTCACAGTGACAA,0,3632797
tmaR_predicted,0.08333333333333333,11,11,TACCGTGGGTAATTTCAGCT,0,3615493
tmaR_predicted,0.08333333333333333,11,11,TACAGGAATTGCATTGAATT,0,3608427
tmaR_predicted,0.08333333333333333,11,11,TAAGGGTAAGCGATCTTACG,0,3633716
tmaR_predicted,0.08333333333333333,11,11,TAAGGCAGTATACGTATCTT,0,3607390
tmaR_predicted,0.08333333333333333,11,11,GTTTTTAATCCATCGTGCTC,0,3619725
tmaR_predicted,0.08333333333333333,11,11,GTGCTTTAGCCTCCTCAGGG,0,3634268
tmaR_predicted,0.08333333333333333,11,11,GTGAATGATGAGCGCACAGG,0,3619280
tmaR_predicted,0.08333333333333333,11,11,GTCTTTGTACCGAAGCCACG,0,3605167
tmaR_predicted,0.08333333333333333,11,11,GTCTCCCCCAGCGGAGGTAT,0,3635123
tmaR_predicted,0.08333333333333333,11,11,GTCTAGACTTCTTTCATTTA,0,3615169
tmaR_predicted,0.08333333333333333,11,11,GTCGGGTGATGGAAGCGCCA,0,3626645
tmaR_predicted,0.08333333333333333,11,11,GTCCAAGAACCGGAGTGCTT,0,3625097
tmaR_predicted,0.08333333333333333,11,11,GTCAGTATGATAGAACATTC,0,3617808
tmaR_predicted,0.08333333333333333,11,11,GTATTATAATCAGGTACGAT,0,3626415
tmaR_predicted,0.08333333333333333,11,11,GTAGCCGAGCGCAGGCCAGG,0,3647263
tmaR_predicted,0.08333333333333333,11,11,GTACGTGAGCCGTTATCAAA,0,3640384
tmaR_predicted,0.08333333333333333,11,11,GTACATACTAATGTGCAAGC,0,3624402
tmaR_predicted,0.08333333333333333,11,11,GGTTTGTTGACGTGGACGTA,0,3635086
tmaR_predicted,0.08333333333333333,11,11,GGTTACATGCTGGCTTCGAT,0,3605051
tmaR_predicted,0.08333333333333333,11,11,GGTCTCTGATACCTCCCGTG,0,3609092
tmaR_predicted,0.08333333333333333,11,11,GGGTCGGGATCTTGCATGTT,0,3604990
tmaR_predicted,0.08333333333333333,11,11,GGGTACTGAATCCCAAGGAC,0,3642793
tmaR_predicted,0.08333333333333333,11,11,GGGCTGACGGGTCCGCCCCT,0,3630612
tmaR_predicted,0.08333333333333333,11,11,GGGCTATTAAGACGCTATGC,0,3646847
tmaR_predicted,0.08333333333333333,11,11,GGGCTAGGCGTAAGGACACT,0,3624707
tmaR_predicted,0.08333333333333333,11,11,GGCCCAAAAGTATAATCTGG,0,3610091
tmaR_predicted,0.08333333333333333,11,11,GGAGTTGGTATTTACGAGGG,0,3639925
tmaR_predicted,0.08333333333333333,11,11,GGAGGGAATCCTCATTGGCA,0,3612333
tmaR_predicted,0.08333333333333333,11,11,GGAGGATACACTCTATGGCA,0,3605303
tmaR_predicted,0.08333333333333333,11,11,GGAGAATAGTGTATCTGAGT,0,3643448
tmaR_predicted,0.08333333333333333,11,11,GGACTTGGAGGACCAGGCAT,0,3604385
tmaR_predicted,0.08333333333333333,11,11,GGACTCATTCGATGATGAGC,0,3616970
tmaR_predicted,0.08333333333333333,11,11,GGAAAAATAATTTAGACTGC,0,3608192
tmaR_predicted,0.08333333333333333,11,11,GCTTGTTCGTCTACCATCAG,0,3637911
tmaR_predicted,0.08333333333333333,11,11,GCTGTCCTACGATATTCCGT,0,3647417
tmaR_predicted,0.08333333333333333,11,11,GCTATGGTAACACACCATGG,0,3631304
tmaR_predicted,0.08333333333333333,11,11,GCGGATTTTTAGGCGGCGCA,0,3625903
tmaR_predicted,0.08333333333333333,11,11,GCCGGTCCTCAAGCCCCACT,0,3639605
tmaR_predicted,0.08333333333333333,11,11,GCCGGTATTAACGTGTGCTT,0,3615769
tmaR_predicted,0.08333333333333333,11,11,GCCGGGCGGAGTAAACCTCT,0,3646391
tmaR_predicted,0.08333333333333333,11,11,GCCGCACGATGTACCCTTTT,0,3621577
tmaR_predicted,0.08333333333333333,11,11,GCCCGTCAACGGTGAAACAT,0,3632955
tmaR_predicted,0.08333333333333333,11,11,GCCATGGAACTGATGGGCGC,0,3612921
tmaR_predicted,0.08333333333333333,11,11,GCCAAAAATCCCGCCGGCGG,0,3647962
tmaR_predicted,0.08333333333333333,11,11,GCAGGGACGTACACAAGGTC,0,3621889
tmaR_predicted,0.08333333333333333,11,11,GCAGAGCGGCAGGCAAGAGT,0,3622174
tmaR_predicted,0.08333333333333333,11,11,GCACTTGATTAAGGGAGATC,0,3609283
tmaR_predicted,0.08333333333333333,11,11,GATTTATTCTGAAGGTCCAA,0,3644293
tmaR_predicted,0.08333333333333333,11,11,GAGTCATCTCTGAAACAGGT,0,3616835
tmaR_predicted,0.08333333333333333,11,11,GAGTAGCCGGACACCCAGCA,0,3647475
tmaR_predicted,0.08333333333333333,11,11,GAGGAAAGAACTTAACCCTC,0,3623606
tmaR_predicted,0.08333333333333333,11,11,GAGCGCGCCTGGTACTCTCT,0,3612664
tmaR_predicted,0.08333333333333333,11,11,GAGCGATAGGCGTCGGCGCG,0,3638817
tmaR_predicted,0.08333333333333333,11,11,GACGTATGCATGAGATGTTA,0,3638878
tmaR_predicted,0.08333333333333333,11,11,GACGGAGACAATGGTGCGTT,0,3636233
tmaR_predicted,0.08333333333333333,11,11,GACCATGTCTAATGTATGTA,0,3650207
tmaR_predicted,0.08333333333333333,11,11,GACCATCGATAAGGGCGCTG,0,3625873
tmaR_predicted,0.08333333333333333,11,11,GACCAACCAAATGCTGGGCT,0,3604428
tmaR_predicted,0.08333333333333333,11,11,GACACTAGCGTATCCTATTT,0,3646614
tmaR_predicted,0.08333333333333333,11,11,GAACGTGTCTTCACTCTGCT,0,3635038
tmaR_predicted,0.08333333333333333,11,11,GAAATGCACAAGATGCGTTT,0,3631835
tmaR_predicted,0.08333333333333333,11,11,GAAATACAGGTAAACAGTCA,0,3629846
tmaR_predicted,0.08333333333333333,11,11,GAAACGTCCGCATTTTATGA,0,3624400
tmaR_predicted,0.08333333333333333,11,11,CTTGAATAACTACCAATAAA,0,3649220
tmaR_predicted,0.08333333333333333,11,11,CTTCACGCAGGGGCACTATA,0,3646960
tmaR_predicted,0.08333333333333333,11,11,CTTAGCCCGCAGACAGAAGA,0,3634475
tmaR_predicted,0.08333333333333333,11,11,CTGTAGTAAGTATCAGGAAC,0,3626292
tmaR_predicted,0.08333333333333333,11,11,CTGGGGTGCTAGGTCCTCAC,0,3632217
tmaR_predicted,0.08333333333333333,11,11,CTGGGGCACAACTGATTAAT,0,3615812
tmaR_predicted,0.08333333333333333,11,11,CTGGCCCTGGTACACCTTAG,0,3634091
tmaR_predicted,0.08333333333333333,11,11,CTGAATCTGCCTATACTACG,0,3624679
tmaR_predicted,0.08333333333333333,11,11,CTGAAATTCTGCTCAGTCTT,0,3611747
tmaR_predicted,0.08333333333333333,11,11,CTGAAAAGGCTTACTTATCG,0,3630808
tmaR_predicted,0.08333333333333333,11,11,CTCTGATGCAGCCCTATTGT,0,3617269
tmaR_predicted,0.08333333333333333,11,11,CTCGATTTGCGTTAACTCGA,0,3649752
tmaR_predicted,0.08333333333333333,11,11,CTATCTTTAATCGCGTCGTT,0,3640055
tmaR_predicted,0.08333333333333333,11,11,CTACGGGCTGCTCGGCCTCA,0,3622142
tmaR_predicted,0.08333333333333333,11,11,CTACGGCTACGAGTACAAGT,0,3632532
tmaR_predicted,0.08333333333333333,11,11,CTAAGTTGGACGCAGCACCA,0,3616897
tmaR_predicted,0.08333333333333333,11,11,CTAAGGCGGAAAGGATGGAG,0,3643135
tmaR_predicted,0.08333333333333333,11,11,CGTTGGCGCGATCTTCCGTG,0,3638111
tmaR_predicted,0.08333333333333333,11,11,CGTGTCTGTATCACTCAAGT,0,3605649
tmaR_predicted,0.08333333333333333,11,11,CGTCATTACATCTGGGACGC,0,3645869
tmaR_predicted,0.08333333333333333,11,11,CGTAAGATGCCACTAGGTGT,0,3621112
tmaR_predicted,0.08333333333333333,11,11,CGGTAGTAAGGCCCCCGAGA,0,3642432
tmaR_predicted,0.08333333333333333,11,11,CGGGGCGACGCCCTGATAGA,0,3604544
tmaR_predicted,0.08333333333333333,11,11,CGGGCCAAGACAGCCTGGAC,0,3637943
tmaR_predicted,0.08333333333333333,11,11,CGGCTAGACTTGCACAGCTC,0,3623432
tmaR_predicted,0.08333333333333333,11,11,CGGCACCACCGAAAGCGTAC,0,3640761
tmaR_predicted,0.08333333333333333,11,11,CGGATGGCAAAGAGTGGCAA,0,3636239
tmaR_predicted,0.08333333333333333,11,11,CGGACAGGATAGATGATGGA,0,3603940
tmaR_predicted,0.08333333333333333,11,11,CGCTTAGCCTCTTTTGCAAG,0,3636805
tmaR_predicted,0.08333333333333333,11,11,CGCTATCGTTGCATCGGGTT,0,3616283
tmaR_predicted,0.08333333333333333,11,11,CGCGCTGGTTATAAGGGAAT,0,3622268
tmaR_predicted,0.08333333333333333,11,11,CGCGAGCGTCCCGTGTGGGA,0,3650157
tmaR_predicted,0.08333333333333333,11,11,CGATTTCAGTCCTCTTGAGG,0,3625323
tmaR_predicted,0.08333333333333333,11,11,CGATTACTGTAGATGTGGTA,0,3632257
tmaR_predicted,0.08333333333333333,11,11,CGAGCCGGCATGGCCTAGTA,0,3618288
tmaR_predicted,0.08333333333333333,11,11,CGACAGCGGTACACAACTTG,0,3613311
tmaR_predicted,0.08333333333333333,11,11,CGACAGATCACCTCGGATAA,0,3616975
tmaR_predicted,0.08333333333333333,11,11,CGAAATAGTGTACTCATCGT,0,3628439
tmaR_predicted,0.08333333333333333,11,11,CCTTGCGGAGATCGCTAGGT,0,3627838
tmaR_predicted,0.08333333333333333,11,11,CCTTATCCCGTATTGCTCAT,0,3635192
tmaR_predicted,0.08333333333333333,11,11,CCTCATTTCGTGCGCCAGGA,0,3621357
tmaR_predicted,0.08333333333333333,11,11,CCGTGGCCGTGTAAGCAGAC,0,3629149
tmaR_predicted,0.08333333333333333,11,11,CCGTATATCTCACTTATCAA,0,3644459
tmaR_predicted,0.08333333333333333,11,11,CCGCGAGACTGGCTCACTGT,0,3637903
tmaR_predicted,0.08333333333333333,11,11,CCCCGTACAATTCTAGCAAA,0,3622433
tmaR_predicted,0.08333333333333333,11,11,CCATTTACAAACGTAATACC,0,3638677
tmaR_predicted,0.08333333333333333,11,11,CCAGTGTCCTCCCACTTGTC,0,3613648
tmaR_predicted,0.08333333333333333,11,11,CCAGTGAAGCTATGCCCCAC,0,3614638
tmaR_predicted,0.08333333333333333,11,11,CCAGGCTGAGTCGATTTTAT,0,3615814
tmaR_predicted,0.08333333333333333,11,11,CCAGCTTCGGCCACTATAGT,0,3637376
tmaR_predicted,0.08333333333333333,11,11,CCACGAACGCCTTACGTAGT,0,3615813
tmaR_predicted,0.08333333333333333,11,11,CCACCACGAGTACCCCAGCA,0,3629012
tmaR_predicted,0.08333333333333333,11,11,CCAATTCAAAATACTCGGAA,0,3650263
tmaR_predicted,0.08333333333333333,11,11,CATACTCCAAGACTGTGCTT,0,3610557
tmaR_predicted,0.08333333333333333,11,11,CAGGGCGAATCGGGCAAAGT,0,3604450
tmaR_predicted,0.08333333333333333,11,11,CAGCTAGGCAAGCATAGTCT,0,3643398
tmaR_predicted,0.08333333333333333,11,11,CAGACTCACATCTATGCATT,0,3619192
tmaR_predicted,0.08333333333333333,11,11,CACTTAAAGAATTCGGGTGG,0,3608283
tmaR_predicted,0.08333333333333333,11,11,CACGAGCTGTGGGACGCTGC,0,3648254
tmaR_predicted,0.08333333333333333,11,11,CACCGACTAAGGAGATGGGG,0,3621353
tmaR_predicted,0.08333333333333333,11,11,CACAAACTGCGATCAGCTCA,0,3643409
tmaR_predicted,0.08333333333333333,11,11,CAAGGAGAACTTTATTGGGG,0,3622957
tmaR_predicted,0.08333333333333333,11,11,CAAATCCAGTTCAGCGTTCT,0,3613323
tmaR_predicted,0.08333333333333333,11,11,CAAAAGTATGAGTTTTCTCA,0,3627321
tmaR_predicted,0.08333333333333333,11,11,ATTGTACAGACTACCTTCTG,0,3607354
tmaR_predicted,0.08333333333333333,11,11,ATTGTAAGGCGCCATAGTAA,0,3632494
tmaR_predicted,0.08333333333333333,11,11,ATTGGTTTCATGTGGTACCT,0,3616855
tmaR_predicted,0.08333333333333333,11,11,ATTGGGTGTCTCGGGCAAGA,0,3623993
tmaR_predicted,0.08333333333333333,11,11,ATTATTAGCAAGCTCTACGA,0,3616985
tmaR_predicted,0.08333333333333333,11,11,ATTAGTAGCCCCTTGTCTCT,0,3604644
tmaR_predicted,0.08333333333333333,11,11,ATGTTGTTGATATCTCGCCC,0,3615238
tmaR_predicted,0.08333333333333333,11,11,ATGTATTTTGTTTACTTTAC,0,3609568
tmaR_predicted,0.08333333333333333,11,11,ATGGGTGCATCTAGCCGCCT,0,3634748
tmaR_predicted,0.08333333333333333,11,11,ATGAGGAACCCCTCTTCTTA,0,3618768
tmaR_predicted,0.08333333333333333,11,11,ATGAGCTGGTATGTTTTTCT,0,3606166
tmaR_predicted,0.08333333333333333,11,11,ATCCACCGTATCATCAGGGC,0,3617373
tmaR_predicted,0.08333333333333333,11,11,ATCATCATCGGAATCACAGA,0,3610119
tmaR_predicted,0.08333333333333333,11,11,ATCACAATAGATGGGGGACA,0,3638279
tmaR_predicted,0.08333333333333333,11,11,ATCAATGTATGGTTCTACGA,0,3645724
tmaR_predicted,0.08333333333333333,11,11,ATAGAGGACTGGCGTACCTT,0,3612700
tmaR_predicted,0.08333333333333333,11,11,ATAATTTCTTCTACTAAAAG,0,3623786
tmaR_predicted,0.08333333333333333,11,11,ATAAGCCTCAGTTCCTTCGA,0,3624057
tmaR_predicted,0.08333333333333333,11,11,AGGTGTCGCCCGCTCATGTT,0,3647017
tmaR_predicted,0.08333333333333333,11,11,AGGTAAAATAAGTCAACTCT,0,3634151
tmaR_predicted,0.08333333333333333,11,11,AGGGGGCTCGAGCAGGGGGA,0,3615487
tmaR_predicted,0.08333333333333333,11,11,AGGCTGATGATTAATGCAGG,0,3608304
tmaR_predicted,0.08333333333333333,11,11,AGGAGTAGTATCAAGTGGCC,0,3640739
tmaR_predicted,0.08333333333333333,11,11,AGCGGTAATACCTTGGTAAA,0,3646580
tmaR_predicted,0.08333333333333333,11,11,AGCCCTGTGACTCATGCGTA,0,3619596
tmaR_predicted,0.08333333333333333,11,11,AGCACGGGGTATCTTCTGCT,0,3632418
tmaR_predicted,0.08333333333333333,11,11,AGCACACTGAATGATTGTGT,0,3620228
tmaR_predicted,0.08333333333333333,11,11,AGATTTCCGGTGAGTTGTTA,0,3617517
tmaR_predicted,0.08333333333333333,11,11,AGAGTGCGCTGAGTCGAATA,0,3625096
tmaR_predicted,0.08333333333333333,11,11,AGACTATCCGTGTTGTAGAC,0,3632166
tmaR_predicted,0.08333333333333333,11,11,AGACGCAACTAAAAAAGCGA,0,3609673
tmaR_predicted,0.08333333333333333,11,11,AGACCATCCATTAGAGGGTG,0,3607262
tmaR_predicted,0.08333333333333333,11,11,AGAATGATTTGGTGGGATCC,0,3614708
tmaR_predicted,0.08333333333333333,11,11,ACTTGCCTTTTCGAAAAAGT,0,3610234
tmaR_predicted,0.08333333333333333,11,11,ACTAACCCGACGCCTTCTAT,0,3644759
tmaR_predicted,0.08333333333333333,11,11,ACGATAGAGACAGCGGCGGA,0,3625453
tmaR_predicted,0.08333333333333333,11,11,ACGAGTACTGAAGGTTATGC,0,3607154
tmaR_predicted,0.08333333333333333,11,11,ACGAAAGTTGCGCGGACGGA,0,3639748
tmaR_predicted,0.08333333333333333,11,11,ACCTGGGATCGGGACGATAG,0,3623703
tmaR_predicted,0.08333333333333333,11,11,ACCGCTATAATCGCAATGTA,0,3618007
tmaR_predicted,0.08333333333333333,11,11,ACCCTTGTGACCACACTTTA,0,3615645
tmaR_predicted,0.08333333333333333,11,11,ACCCACTTCCCACGTTCATT,0,3614138
tmaR_predicted,0.08333333333333333,11,11,ACCAGAACGAAACATAAAGT,0,3620463
tmaR_predicted,0.08333333333333333,11,11,ACATGGTCAAAAAGCAAGCA,0,3619620
tmaR_predicted,0.08333333333333333,11,11,ACAACTTACACCCGGCCCTT,0,3635981
tmaR_predicted,0.08333333333333333,11,11,AATTTTCTGTCATTCAGGCG,0,3618777
tmaR_predicted,0.08333333333333333,11,11,AATTTGTGACCTCTTCTGGT,0,3639170
tmaR_predicted,0.08333333333333333,11,11,AATTGGCGCAGCGCTCTCGT,0,3615088
tmaR_predicted,0.08333333333333333,11,11,AATGTGTACTGGGGATATGG,0,3640220
tmaR_predicted,0.08333333333333333,11,11,AATCCTTCGATCCGCGCAAG,0,3616971
tmaR_predicted,0.08333333333333333,11,11,AATCCGCGACCGTCGTGACT,0,3605503
tmaR_predicted,0.08333333333333333,11,11,AATCATGCTTGGTTTGTCTT,0,3642238
tmaR_predicted,0.08333333333333333,11,11,AATAACATCTTCATCAGTTG,0,3647861
tmaR_predicted,0.08333333333333333,11,11,AAGGGTACGACGGTGTGCTG,0,3645518
tmaR_predicted,0.08333333333333333,11,11,AAGCCAGGCCGAGGATACTA,0,3609569
tmaR_predicted,0.08333333333333333,11,11,AAGACTAACGTTTCCAGGAA,0,3625336
tmaR_predicted,0.08333333333333333,11,11,AACTCTCATATTTGTATAGG,0,3615846
tmaR_predicted,0.08333333333333333,11,11,AACTCGGCTGCAATTTTCAA,0,3629148
tmaR_predicted,0.08333333333333333,11,11,AACATGTCTGCTCCTACAGA,0,3636209
tmaR_predicted,0.08333333333333333,11,11,AACATCGGGGGGCCTACTGC,0,3636022
tmaR_predicted,0.08333333333333333,11,11,AACAGAGCCCTTCAGTCGGA,0,3614895
tmaR_predicted,0.08333333333333333,11,11,AACACTCGAGTCGCTCTCTG,0,3612396
tmaR_predicted,0.08333333333333333,11,11,AAATCAGGGCATACTCATTA,0,3606513
tmaR_predicted,0.08333333333333333,11,11,AAATAAGTGTACTATGATTA,0,3604165
tmaR_predicted,0.08333333333333333,11,11,AAAGGACCATTAACACAATT,0,3634743
tmaR_predicted,0.08333333333333333,11,11,AAAGCAAAATGCATACCTCC,0,3619342
tmaR_predicted,0.08333333333333333,11,11,AAAATATCACACTACTTCAT,0,3626953
tmaR_predicted,0.08333333333333333,11,11,AAAACGGGAAACACTATAGA,0,3629218
tmaR_predicted,0.08333333333333333,11,11,AAAAACAGCAGGTAGACATA,0,3613631
tmaR_predicted,0.09090909090909091,10,10,TTTTTGCAAGCCCGTCCCCC,0,3618922
tmaR_predicted,0.09090909090909091,10,10,TTTTTAATCTAGCTCCGACG,0,3640760
tmaR_predicted,0.09090909090909091,10,10,TTTTATAACCAGGACGGTAT,0,3628861
tmaR_predicted,0.09090909090909091,10,10,TTTGATGAGATATATCCGCA,0,3606884
tmaR_predicted,0.09090909090909091,10,10,TTTATTTCGCCGGTTTTGTT,0,3635570
tmaR_predicted,0.09090909090909091,10,10,TTGTTATATCATAGAATAGT,0,3604497
tmaR_predicted,0.09090909090909091,10,10,TTGTCAGGGCCGGTACACCT,0,3622147
tmaR_predicted,0.09090909090909091,10,10,TTGGGTGGTTCTTAATTGGG,0,3641805
tmaR_predicted,0.09090909090909091,10,10,TTGCGTCATTAGTATGGAAT,0,3625700
tmaR_predicted,0.09090909090909091,10,10,TTGATCCATTTGGCAGGCCT,0,3620113
tmaR_predicted,0.09090909090909091,10,10,TTGAGTCACATCTTTGCTCG,0,3616064
tmaR_predicted,0.09090909090909091,10,10,TTCGGAATTGCCGAGGCTGC,0,3625642
tmaR_predicted,0.09090909090909091,10,10,TTCGCCGTGCATATCTTCTT,0,3636388
tmaR_predicted,0.09090909090909091,10,10,TTCGAGAAACGCGTTGCTCT,0,3649274
tmaR_predicted,0.09090909090909091,10,10,TTCGAAAGGGTATTAGTCTT,0,3649309
tmaR_predicted,0.09090909090909091,10,10,TTCCTTATGCGGGCAATCTT,0,3610052
tmaR_predicted,0.09090909090909091,10,10,TTCCGTTCGGTCCTTGCAGG,0,3629512
tmaR_predicted,0.09090909090909091,10,10,TTCCAAAGTTGGAGAAATAA,0,3633500
tmaR_predicted,0.09090909090909091,10,10,TTCACCCCAAGACATGCGCA,0,3630114
tmaR_predicted,0.09090909090909091,10,10,TTAGTGCTTATTGCGTCCGC,0,3622425
tmaR_predicted,0.09090909090909091,10,10,TTAGGTGGGTAACTATTCAG,0,3623781
tmaR_predicted,0.09090909090909091,10,10,TGGTTCAGTGCGGTAAGGTT,0,3638050
tmaR_predicted,0.09090909090909091,10,10,TGGTACCTATCATTCCCTAG,0,3624565
tmaR_predicted,0.09090909090909091,10,10,TGGCCACATGAAGACAAAAT,0,3623641
tmaR_predicted,0.09090909090909091,10,10,TGGAGGCCCACATTTTTCGT,0,3635735
tmaR_predicted,0.09090909090909091,10,10,TGGACTAGAACGCATAATAG,0,3645409
tmaR_predicted,0.09090909090909091,10,10,TGATAGACAGACTCAACTCA,0,3611200
tmaR_predicted,0.09090909090909091,10,10,TGAGGTTATGATTCGTGTTG,0,3646858
tmaR_predicted,0.09090909090909091,10,10,TGAGCAATCTAGCAGTTAAC,0,3631782
tmaR_predicted,0.09090909090909091,10,10,TGAGAATGAGTTACTGATGA,0,3604425
tmaR_predicted,0.09090909090909091,10,10,TGAACGATCCACATGACAAT,0,3614893
tmaR_predicted,0.09090909090909091,10,10,TCTTTTTTGATACGAGAGCT,0,3611687
tmaR_predicted,0.09090909090909091,10,10,TCTGTGGCAGGCGGGGATTA,0,3639404
tmaR_predicted,0.09090909090909091,10,10,TCGTTTTGTGGAGACATATG,0,3616536
tmaR_predicted,0.09090909090909091,10,10,TCGGTTGGCCTGCGGGCGAA,0,3640040
tmaR_predicted,0.09090909090909091,10,10,TCGGCAGTAATATCCTTAGG,0,3637758
tmaR_predicted,0.09090909090909091,10,10,TCGAAGACTAAACAACGACG,0,3616690
tmaR_predicted,0.09090909090909091,10,10,TCCTTAAATTTCATTGATAT,0,3624926
tmaR_predicted,0.09090909090909091,10,10,TCCCTATAATAGACATGTAG,0,3632639
tmaR_predicted,0.09090909090909091,10,10,TCCCTAGCCAAGTAGAAAGA,0,3631240
tmaR_predicted,0.09090909090909091,10,10,TCATTATCGCGCACTCACAG,0,3610526
tmaR_predicted,0.09090909090909091,10,10,TCATGGTGCCGGAGATAGTT,0,3611649
tmaR_predicted,0.09090909090909091,10,10,TCACTCTGGGTCTATCAGAG,0,3625099
tmaR_predicted,0.09090909090909091,10,10,TCACGATAGTCAGGATGTGA,0,3607695
tmaR_predicted,0.09090909090909091,10,10,TATCTTCTTAGTTCCTGGAG,0,3637295
tmaR_predicted,0.09090909090909091,10,10,TATCGGGCACAATGGACGCT,0,3642882
tmaR_predicted,0.09090909090909091,10,10,TAGTGAAAGAAACCGGCGTA,0,3619739
tmaR_predicted,0.09090909090909091,10,10,TAGTCCCTAAAAGAGCGGTG,0,3645335
tmaR_predicted,0.09090909090909091,10,10,TAGGTGATTGGCGGAGACTG,0,3646079
tmaR_predicted,0.09090909090909091,10,10,TAGGTCAGGTTTAGAAAGCG,0,3609310
tmaR_predicted,0.09090909090909091,10,10,TAGGGGAACAGCGACCACCG,0,3634334
tmaR_predicted,0.09090909090909091,10,10,TAGGGACGCTGGTTTCGGGG,0,3606953
tmaR_predicted,0.09090909090909091,10,10,TAGCGTAGCCAAGTTTACAG,0,3629252
tmaR_predicted,0.09090909090909091,10,10,TACGTGGCAGTCGCGTTGCA,0,3630671
tmaR_predicted,0.09090909090909091,10,10,TACGGTAAGGCCTATGCTCT,0,3647418
tmaR_predicted,0.09090909090909091,10,10,TACGGCGTATGTTCTGAAGT,0,3618735
tmaR_predicted,0.09090909090909091,10,10,TACGCGTCTGGTTCAGAACC,0,3621380
tmaR_predicted,0.09090909090909091,10,10,TACATTTGGATATAATAGCA,0,3636922
tmaR_predicted,0.09090909090909091,10,10,TACAGTATCAAGCATGCTGC,0,3631190
tmaR_predicted,0.09090909090909091,10,10,TAATTAAGACTGGAAACCTA,0,3622540
tmaR_predicted,0.09090909090909091,10,10,TAATCCTGCGGCGATGCATC,0,3642321
tmaR_predicted,0.09090909090909091,10,10,TAAGAGAATGAGAGGACGTT,0,3628000
tmaR_predicted,0.09090909090909091,10,10,TAACCTCGTAGCAAATGCGC,0,3604028
tmaR_predicted,0.09090909090909091,10,10,GTTTTCAGGCGCAGTGCTCA,0,3633991
tmaR_predicted,0.09090909090909091,10,10,GTTTGACTGGATTTAGAAAG,0,3638548
tmaR_predicted,0.09090909090909091,10,10,GTTTATCGGCGTTAGTTCCA,0,3627881
tmaR_predicted,0.09090909090909091,10,10,GTTGGGCGGTTATAGTAGGG,0,3638215
tmaR_predicted,0.09090909090909091,10,10,GTTCTTTAGCCGACGTTTTA,0,3629705
tmaR_predicted,0.09090909090909091,10,10,GTTCAGCTTCATACCGTGTA,0,3644031
tmaR_predicted,0.09090909090909091,10,10,GTGTCAAGCATATGCATCCC,0,3620555
tmaR_predicted,0.09090909090909091,10,10,GTGGTGCGTATTGTAGGCGC,0,3614477
tmaR_predicted,0.09090909090909091,10,10,GTGCTCTGCCTACCCGTTAA,0,3604564
tmaR_predicted,0.09090909090909091,10,10,GTGCGACCCCCTGGAAGCTG,0,3633665
tmaR_predicted,0.09090909090909091,10,10,GTGCCACCGTCAAGGGTTGG,0,3620003
tmaR_predicted,0.09090909090909091,10,10,GTGCATGGGGTGTTACAGGG,0,3624480
tmaR_predicted,0.09090909090909091,10,10,GTGATTCGTCATCAGGGAAT,0,3614217
tmaR_predicted,0.09090909090909091,10,10,GTGAGAAAGGGGCGGGGGAC,0,3635606
tmaR_predicted,0.09090909090909091,10,10,GTCTACGATGGTTGTAATTT,0,3615306
tmaR_predicted,0.09090909090909091,10,10,GTCGGGCAGTCTAAGGACTC,0,3623597
tmaR_predicted,0.09090909090909091,10,10,GTCCGGTTGAGTAAACTCTG,0,3614352
tmaR_predicted,0.09090909090909091,10,10,GTATGTCGTTTTACGTAAAC,0,3636452
tmaR_predicted,0.09090909090909091,10,10,GTATGATCTTTTCACCCGTG,0,3628891
tmaR_predicted,0.09090909090909091,10,10,GTAGGAAAGTACTCACTACA,0,3616069
tmaR_predicted,0.09090909090909091,10,10,GTAAATTACCGTAGTAACAG,0,3640049
tmaR_predicted,0.09090909090909091,10,10,GGTTTACCAAGTGTGCACCA,0,3608457
tmaR_predicted,0.09090909090909091,10,10,GGTTCCTTCAACAGCTTGTT,0,3609038
tmaR_predicted,0.09090909090909091,10,10,GGTTAACCGTCGGGCTGAGC,0,3610129
tmaR_predicted,0.09090909090909091,10,10,GGTGGCCGGATATGATGAGA,0,3608815
tmaR_predicted,0.09090909090909091,10,10,GGTGATCCCGTGTCACGACT,0,3632500
tmaR_predicted,0.09090909090909091,10,10,GGTAACCTACAGCCGCATTT,0,3638324
tmaR_predicted,0.09090909090909091,10,10,GGGTGCCTGTCACTCAGTGC,0,3616849
tmaR_predicted,0.09090909090909091,10,10,GGGTGAGCGAAATTTAGGTG,0,3617977
tmaR_predicted,0.09090909090909091,10,10,GGGGTTGCTATCCGTGCTAC,0,3620161
tmaR_predicted,0.09090909090909091,10,10,GGGCTTGTAGGACGCGAGTT,0,3605278
tmaR_predicted,0.09090909090909091,10,10,GGGATGACAGATCCTGTTAT,0,3647355
tmaR_predicted,0.09090909090909091,10,10,GGCTAGTTTACGATCATCAT,0,3630126
tmaR_predicted,0.09090909090909091,10,10,GGCGTGACAGATGGAAACAA,0,3638268
tmaR_predicted,0.09090909090909091,10,10,GGCGTAGCTTACGGAGGTAA,0,3615720
tmaR_predicted,0.09090909090909091,10,10,GGCGCCGTCTTTTTACCTCA,0,3618323
tmaR_predicted,0.09090909090909091,10,10,GGCCCGCCACTCGGGAGTTC,0,3615466
tmaR_predicted,0.09090909090909091,10,10,GGCCCAATATCAGAGCCGGA,0,3646730
tmaR_predicted,0.09090909090909091,10,10,GGCCATTCCGCGCAGAACGA,0,3625679
tmaR_predicted,0.09090909090909091,10,10,GGCCACTAAGTACATACCGT,0,3648447
tmaR_predicted,0.09090909090909091,10,10,GGCAGATTTACAGCGTAGCA,0,3615676
tmaR_predicted,0.09090909090909091,10,10,GGCAACTCTTTATATGTACG,0,3631300
tmaR_predicted,0.09090909090909091,10,10,GGATTTACTCGGCATCGACG,0,3634500
tmaR_predicted,0.09090909090909091,10,10,GGAGCCACATCGCCGGAGCT,0,3646936
tmaR_predicted,0.09090909090909091,10,10,GGAGAGGCATTACCGCCAAC,0,3643860
tmaR_predicted,0.09090909090909091,10,10,GGACCCGGGGGTATGAACAT,0,3613389
tmaR_predicted,0.09090909090909091,10,10,GCTTGCACCCAAATCGCTGT,0,3627636
tmaR_predicted,0.09090909090909091,10,10,GCTTGAGGATAACGATCAAG,0,3605227
tmaR_predicted,0.09090909090909091,10,10,GCTTATGTCGAGTAAGAAGA,0,3612940
tmaR_predicted,0.09090909090909091,10,10,GCGTGATTGATTCTCATGCG,0,3607540
tmaR_predicted,0.09090909090909091,10,10,GCGTATGAAACAAGGTACAT,0,3634373
tmaR_predicted,0.09090909090909091,10,10,GCGGCAACATTTACATGGCA,0,3619458
tmaR_predicted,0.09090909090909091,10,10,GCGCGGTATTACCCAGTTGT,0,3648954
tmaR_predicted,0.09090909090909091,10,10,GCGAGCGACCGTTTTGAACT,0,3609606
tmaR_predicted,0.09090909090909091,10,10,GCGAGATGGGTGCGCTTCTA,0,3625376
tmaR_predicted,0.09090909090909091,10,10,GCCGACGTACTTCAAAGCGT,0,3645413
tmaR_predicted,0.09090909090909091,10,10,GCCCGGCAAGTCTGGGCAGA,0,3621611
tmaR_predicted,0.09090909090909091,10,10,GCCCCGGCAGATATCCACGG,0,3636055
tmaR_predicted,0.09090909090909091,10,10,GCCCCCCAGGTACCCGCGGG,0,3636373
tmaR_predicted,0.09090909090909091,10,10,GCCATATGTCGGCAATGTGA,0,3608204
tmaR_predicted,0.09090909090909091,10,10,GCATAGACAGGTTGGGCAAA,0,3612227
tmaR_predicted,0.09090909090909091,10,10,GCAGTCTCTGATAAAGGGAT,0,3648368
tmaR_predicted,0.09090909090909091,10,10,GCAATTGGATGGCGACTTAA,0,3611630
tmaR_predicted,0.09090909090909091,10,10,GCAAGCGCCATTGGGCAGGA,0,3609941
tmaR_predicted,0.09090909090909091,10,10,GCAACGGTAGGTTGCATTGA,0,3624357
tmaR_predicted,0.09090909090909091,10,10,GCAAAGTTTGTAACCAAGGT,0,3612866
tmaR_predicted,0.09090909090909091,10,10,GATTGGTGGGGCATTCGCGT,0,3629704
tmaR_predicted,0.09090909090909091,10,10,GATTCGAGATCCGGGGCCTC,0,3639405
tmaR_predicted,0.09090909090909091,10,10,GATGAGTCATCCCGCCGAAG,0,3627094
tmaR_predicted,0.09090909090909091,10,10,GAGTCGCATCATGCGCTGCA,0,3649973
tmaR_predicted,0.09090909090909091,10,10,GAGTCATTAGCCACATACGC,0,3629158
tmaR_predicted,0.09090909090909091,10,10,GAGGTGCTAAACTATCGGCC,0,3650323
tmaR_predicted,0.09090909090909091,10,10,GAGGGTGCCGAGACTGAGAC,0,3637860
tmaR_predicted,0.09090909090909091,10,10,GAGGGGTGGTTCCGCTCTTA,0,3608333
tmaR_predicted,0.09090909090909091,10,10,GAGGGAGTCTCACGCGAGTA,0,3616763
tmaR_predicted,0.09090909090909091,10,10,GAGAGTTGAGCCTGTTGAAG,0,3604921
tmaR_predicted,0.09090909090909091,10,10,GACTTAGGGGTCCAAGTGGG,0,3636048
tmaR_predicted,0.09090909090909091,10,10,GACTCTTAGAATATGCGTAC,0,3641895
tmaR_predicted,0.09090909090909091,10,10,GACGGAACTTTTGGAATGCG,0,3625599
tmaR_predicted,0.09090909090909091,10,10,GACCAGCTCCTCTTGCCAAC,0,3607260
tmaR_predicted,0.09090909090909091,10,10,GAAATGCATGGAGAGACCTT,0,3626643
tmaR_predicted,0.09090909090909091,10,10,GAAAGACAATATAATCGTCC,0,3631424
tmaR_predicted,0.09090909090909091,10,10,GAAAAGGGGGTCAGCCAGTG,0,3607041
tmaR_predicted,0.09090909090909091,10,10,CTTGGTTTGCCATTAACGCT,0,3637342
tmaR_predicted,0.09090909090909091,10,10,CTTGACTACGGTGGAAGGCG,0,3617976
tmaR_predicted,0.09090909090909091,10,10,CTTCGCGTGGGCTTTTCGGC,0,3638676
tmaR_predicted,0.09090909090909091,10,10,CTTCAAGTCGGGTAAGGCAG,0,3622472
tmaR_predicted,0.09090909090909091,10,10,CTTAGAGGGCAAAGCACTTG,0,3627312
tmaR_predicted,0.09090909090909091,10,10,CTTACTCTGATATGTGCCAA,0,3607850
tmaR_predicted,0.09090909090909091,10,10,CTGGCTAGACCCCTAATTCG,0,3625931
tmaR_predicted,0.09090909090909091,10,10,CTGGCATGCAATCCAATGCC,0,3639096
tmaR_predicted,0.09090909090909091,10,10,CTCTATGCTCAGACGCTGTA,0,3604700
tmaR_predicted,0.09090909090909091,10,10,CTCCAGACGATGCACTGTCG,0,3605645
tmaR_predicted,0.09090909090909091,10,10,CTCACGAACTGCGTCTTAAA,0,3631258
tmaR_predicted,0.09090909090909091,10,10,CTCAATTAGCAAGGAAACCA,0,3634796
tmaR_predicted,0.09090909090909091,10,10,CTACTAGAGTAGACATCAGT,0,3640723
tmaR_predicted,0.09090909090909091,10,10,CTACTAAGTAAAGCTGGTGC,0,3625377
tmaR_predicted,0.09090909090909091,10,10,CTAATTAAACACAAATCAAA,0,3634742
tmaR_predicted,0.09090909090909091,10,10,CGTTCGGCCGTTCGGCTGGT,0,3635979
tmaR_predicted,0.09090909090909091,10,10,CGTGGTAGAGCGTCGAAGCG,0,3626995
tmaR_predicted,0.09090909090909091,10,10,CGTGATCATTAGAATTAAAA,0,3637214
tmaR_predicted,0.09090909090909091,10,10,CGTCTATAGTTCGACGACGC,0,3605081
tmaR_predicted,0.09090909090909091,10,10,CGTCGGGCCGATTAACAGAG,0,3625319
tmaR_predicted,0.09090909090909091,10,10,CGTCCTCCATAGAGCTTATT,0,3610296
tmaR_predicted,0.09090909090909091,10,10,CGTCCGGGGCCTGCACAATT,0,3614053
tmaR_predicted,0.09090909090909091,10,10,CGTACTGGCTTTCGTGGAAA,0,3631947
tmaR_predicted,0.09090909090909091,10,10,CGTACCGCCCGCCGTTGTCA,0,3624229
tmaR_predicted,0.09090909090909091,10,10,CGGTGTTTCAGACTAATGGG,0,3628980
tmaR_predicted,0.09090909090909091,10,10,CGGGCCTCCTCGACTTGACT,0,3632795
tmaR_predicted,0.09090909090909091,10,10,CGGCATCCAAACACGCCGAA,0,3631343
tmaR_predicted,0.09090909090909091,10,10,CGGAAAAATGGCAGTAAGAA,0,3611394
tmaR_predicted,0.09090909090909091,10,10,CGCGTGTTTGAATACACAGA,0,3616976
tmaR_predicted,0.09090909090909091,10,10,CGCGGCGATTACTCTTATAT,0,3606790
tmaR_predicted,0.09090909090909091,10,10,CGCCAGCTTCGCGCATTAGT,0,3643479
tmaR_predicted,0.09090909090909091,10,10,CGCATAGTTGGTAGCGGTCA,0,3645031
tmaR_predicted,0.09090909090909091,10,10,CCTTCACGGCTACACTCCGA,0,3643980
tmaR_predicted,0.09090909090909091,10,10,CCTTACCGAGACTATTCACC,0,3625009
tmaR_predicted,0.09090909090909091,10,10,CCTCTTGCATTGTGGGTACA,0,3612754
tmaR_predicted,0.09090909090909091,10,10,CCTAGGTTTCCCGCATCCTC,0,3636854
tmaR_predicted,0.09090909090909091,10,10,CCGGCTGGACAATGACGTTA,0,3631311
tmaR_predicted,0.09090909090909091,10,10,CCGGCTAGTTACCCATCTGC,0,3621520
tmaR_predicted,0.09090909090909091,10,10,CCGGCATGTATCCGCTTACA,0,3642976
tmaR_predicted,0.09090909090909091,10,10,CCCTAGCTTTGTACTGGACA,0,3612941
tmaR_predicted,0.09090909090909091,10,10,CCCGACCGGGGCTCATATAT,0,3618979
tmaR_predicted,0.09090909090909091,10,10,CCCCTCTATTTCTACTACGT,0,3626021
tmaR_predicted,0.09090909090909091,10,10,CCCCGAGGACACGGAAGCGA,0,3638822
tmaR_predicted,0.09090909090909091,10,10,CCCAGACCCCTCGTTCCCTC,0,3611309
tmaR_predicted,0.09090909090909091,10,10,CCCAACGGGCGTCTCTGCCC,0,3640885
tmaR_predicted,0.09090909090909091,10,10,CCATGTAAGCATTGATCAGG,0,3605363
tmaR_predicted,0.09090909090909091,10,10,CCAGTTAGTCAGGCGGAGGT,0,3642800
tmaR_predicted,0.09090909090909091,10,10,CCAGGGGGTATACGACGAGT,0,3612257
tmaR_predicted,0.09090909090909091,10,10,CCACAGGTGTACTTCCAGGG,0,3645811
tmaR_predicted,0.09090909090909091,10,10,CCAATGTTACCTCCCGGGTC,0,3611403
tmaR_predicted,0.09090909090909091,10,10,CCAATCATATGTGCGGCCGA,0,3624792
tmaR_predicted,0.09090909090909091,10,10,CATTCCCCATCACTTACGGA,0,3614280
tmaR_predicted,0.09090909090909091,10,10,CATGTTTGTTCGAGGAAAGG,0,3636130
tmaR_predicted,0.09090909090909091,10,10,CATCGCGTTCATATGGGCCC,0,3613728
tmaR_predicted,0.09090909090909091,10,10,CATCCAATTAGGGTGCTCCA,0,3632280
tmaR_predicted,0.09090909090909091,10,10,CATCACGTCAAAGGCGGGGG,0,3641083
tmaR_predicted,0.09090909090909091,10,10,CATCAATGTATGTATCACTG,0,3643738
tmaR_predicted,0.09090909090909091,10,10,CATAATACTCGTGGCTGGAC,0,3622257
tmaR_predicted,0.09090909090909091,10,10,CAGTCGGTACGCGCGAAAGG,0,3628100
tmaR_predicted,0.09090909090909091,10,10,CAGTCAGGCCAGCTGACGGT,0,3641968
tmaR_predicted,0.09090909090909091,10,10,CAGGGCCCTCCATGGCCGAC,0,3617066
tmaR_predicted,0.09090909090909091,10,10,CAGCTACTCCACCAGAGTGC,0,3610092
tmaR_predicted,0.09090909090909091,10,10,CAGCATCGTGCGAAATGGTA,0,3611360
tmaR_predicted,0.09090909090909091,10,10,CAGAGTGATGACGCTAACGG,0,3630221
tmaR_predicted,0.09090909090909091,10,10,CACTGTGAGGATGGGATAGC,0,3617750
tmaR_predicted,0.09090909090909091,10,10,CACGGTGCTTATGTTATTTC,0,3606854
tmaR_predicted,0.09090909090909091,10,10,CACGAGGGGTAGTACATCAC,0,3619055
tmaR_predicted,0.09090909090909091,10,10,CACCGTAGCTTCACCGGCTG,0,3611594
tmaR_predicted,0.09090909090909091,10,10,CACAGCAATGTAGTGACCCC,0,3640860
tmaR_predicted,0.09090909090909091,10,10,CACACCGTCGTGTCTGGGGA,0,3639620
tmaR_predicted,0.09090909090909091,10,10,CAATTACTTATAGCATATGG,0,3607740
tmaR_predicted,0.09090909090909091,10,10,CAAGATTCGCTAGGACCAGC,0,3610639
tmaR_predicted,0.09090909090909091,10,10,CAACTTATCGATGGGGTCAT,0,3618260
tmaR_predicted,0.09090909090909091,10,10,CAACTGAGCATGGCTAGTAT,0,3640284
tmaR_predicted,0.09090909090909091,10,10,CAACAGACACCCGGCGATTC,0,3606777
tmaR_predicted,0.09090909090909091,10,10,ATTGAAGCCGATTGTAACAG,0,3641676
tmaR_predicted,0.09090909090909091,10,10,ATTCTCGTGCGGGATGGCTT,0,3620525
tmaR_predicted,0.09090909090909091,10,10,ATTAGTATGGTGGTCAATCA,0,3633024
tmaR_predicted,0.09090909090909091,10,10,ATGTGTGTGCTAGGCCAGCC,0,3636751
tmaR_predicted,0.09090909090909091,10,10,ATGTGGTTCGCCGTCTTCTA,0,3627674
tmaR_predicted,0.09090909090909091,10,10,ATGTGATCAGCCTAAGAATA,0,3629159
tmaR_predicted,0.09090909090909091,10,10,ATGTCGTGCCTGTCCGGTCG,0,3648595
tmaR_predicted,0.09090909090909091,10,10,ATGTCCTTCGTCGAGGGAAC,0,3608957
tmaR_predicted,0.09090909090909091,10,10,ATGTATCGTGTACTGGTAGG,0,3629187
tmaR_predicted,0.09090909090909091,10,10,ATCTGAGAGGGGACACTCCG,0,3606071
tmaR_predicted,0.09090909090909091,10,10,ATCTCCACTATTACATGAAT,0,3640557
tmaR_predicted,0.09090909090909091,10,10,ATCTACTGGTACAGGGCGTC,0,3636921
tmaR_predicted,0.09090909090909091,10,10,ATCGGAAAACTTAGATGGAC,0,3636457
tmaR_predicted,0.09090909090909091,10,10,ATCATTAAGGGCGCGTTAGT,0,3619940
tmaR_predicted,0.09090909090909091,10,10,ATCACTATATATAGAGGCAA,0,3620831
tmaR_predicted,0.09090909090909091,10,10,ATAGCTAGGGGTGATGTCAA,0,3643947
tmaR_predicted,0.09090909090909091,10,10,ATAACTATCGGCGAACGGAA,0,3635510
tmaR_predicted,0.09090909090909091,10,10,ATAACAAGAGCTTGACCTTG,0,3612608
tmaR_predicted,0.09090909090909091,10,10,AGTGTAGCTATCATACTGGT,0,3621355
tmaR_predicted,0.09090909090909091,10,10,AGGGAGCGCTGGCTGCGTAT,0,3630134
tmaR_predicted,0.09090909090909091,10,10,AGGGAACGGCGGAAACGGGA,0,3625982
tmaR_predicted,0.09090909090909091,10,10,AGCGTCGGTACCGGTACTCT,0,3636826
tmaR_predicted,0.09090909090909091,10,10,AGCGGATATTTTACCTCTGC,0,3617749
tmaR_predicted,0.09090909090909091,10,10,AGCGCTAGGCATGTAAAGGT,0,3638660
tmaR_predicted,0.09090909090909091,10,10,AGATCGGAGGGGACTTTAAT,0,3648036
tmaR_predicted,0.09090909090909091,10,10,AGAGATAGGTTTTCCTTTTG,0,3641471
tmaR_predicted,0.09090909090909091,10,10,ACTTACGAGCGCGACCAACT,0,3605656
tmaR_predicted,0.09090909090909091,10,10,ACTGCGGGTCATGTTCCTGT,0,3644693
tmaR_predicted,0.09090909090909091,10,10,ACTCTATTATGAGGTCCAGA,0,3611465
tmaR_predicted,0.09090909090909091,10,10,ACTACGGGAGTAAGACTACT,0,3605835
tmaR_predicted,0.09090909090909091,10,10,ACTAATAGGCCTAAACTCAA,0,3609037
tmaR_predicted,0.09090909090909091,10,10,ACTAACACTGATTCTCCTAC,0,3638109
tmaR_predicted,0.09090909090909091,10,10,ACGTATACCATATTCGCCAT,0,3649058
tmaR_predicted,0.09090909090909091,10,10,ACGGGGCGCTTGTCCTTAAT,0,3648991
tmaR_predicted,0.09090909090909091,10,10,ACGGGCGCGAAACGAGTAAT,0,3631269
tmaR_predicted,0.09090909090909091,10,10,ACGGGAACTCATTCTAGCCT,0,3625735
tmaR_predicted,0.09090909090909091,10,10,ACGGCTAAAGGATCTGTAAC,0,3616513
tmaR_predicted,0.09090909090909091,10,10,ACGCCGGCGGTGCGCGTATT,0,3633123
tmaR_predicted,0.09090909090909091,10,10,ACGCCCTGTCGTATACACTC,0,3617262
tmaR_predicted,0.09090909090909091,10,10,ACCCTCAGAGCGACTGGGCA,0,3607323
tmaR_predicted,0.09090909090909091,10,10,ACCATTTGCAAAACATCGTT,0,3643121
tmaR_predicted,0.09090909090909091,10,10,ACATTCCGGACAGGAGAAGT,0,3606639
tmaR_predicted,0.09090909090909091,10,10,ACAGGTTCATCCAACTTTAT,0,3606653
tmaR_predicted,0.09090909090909091,10,10,ACAGGCCGAAACAGGTTGAA,0,3634708
tmaR_predicted,0.09090909090909091,10,10,AATTTACTTGTCGCCATAAT,0,3612139
tmaR_predicted,0.09090909090909091,10,10,AATGTACGCTACCGCGCATT,0,3639382
tmaR_predicted,0.09090909090909091,10,10,AATGCGGGGAACCTGTTTTG,0,3626754
tmaR_predicted,0.09090909090909091,10,10,AATAGGTAACATGATTGTAA,0,3611254
tmaR_predicted,0.09090909090909091,10,10,AATACGGAATTCTTGCGATA,0,3606123
tmaR_predicted,0.09090909090909091,10,10,AAGTTGGGCTGGTCGGAAAA,0,3607702
tmaR_predicted,0.09090909090909091,10,10,AAGTCTCGACGCTATGTATT,0,3610242
tmaR_predicted,0.09090909090909091,10,10,AAGTATGAGTTGGCAGCAGT,0,3608502
tmaR_predicted,0.09090909090909091,10,10,AAGGGTCTGGGGGGCTAGAT,0,3648774
tmaR_predicted,0.09090909090909091,10,10,AAGATGGAATCCCGATCAAG,0,3635852
tmaR_predicted,0.09090909090909091,10,10,AAGACGGAGCCACTGGAGGC,0,3629143
tmaR_predicted,0.09090909090909091,10,10,AACGCAACGGGCAAATGGGA,0,3618192
tmaR_predicted,0.09090909090909091,10,10,AAATCGTATTTGGTGGACCT,0,3620882
tmaR_predicted,0.09090909090909091,10,10,AAATAACTTCCGGCTCAGCT,0,3604208
tmaR_predicted,0.09090909090909091,10,10,AAAGGCACGAATTTAAATGA,0,3639023
tmaR_predicted,0.09090909090909091,10,10,AAACTTCACCGACTCGATAG,0,3647172
tmaR_predicted,0.1,9,9,TTTTTCGTAATGTTGCTGCT,0,3615809
tmaR_predicted,0.1,9,9,TTTTCGTGGTGGTACTGTCT,0,3621558
tmaR_predicted,0.1,9,9,TTTCTTTCTAGGGTTCTAAC,0,3614618
tmaR_predicted,0.1,9,9,TTTAACTAGAATTCGCTCGC,0,3629511
tmaR_predicted,0.1,9,9,TTGTGCTCGGGGCCAAGAGG,0,3633067
tmaR_predicted,0.1,9,9,TTGTCTGAGATACATGAGCC,0,3616142
tmaR_predicted,0.1,9,9,TTGTACCTTGCATGTTCGAT,0,3629199
tmaR_predicted,0.1,9,9,TTGGCTATATGCAATGCCAT,0,3646190
tmaR_predicted,0.1,9,9,TTGGACCTGCAACTTATGCT,0,3611665
tmaR_predicted,0.1,9,9,TTGCCTAGGCGGCGAATAGA,0,3628613
tmaR_predicted,0.1,9,9,TTGATTCCAACCGGATCAAA,0,3643978
tmaR_predicted,0.1,9,9,TTCGGAATTAAACACGCGAT,0,3620009
tmaR_predicted,0.1,9,9,TTCCTGATCAAAGACTTATC,0,3634849
tmaR_predicted,0.1,9,9,TTCATCAGTCGTGTCTGCTG,0,3627765
tmaR_predicted,0.1,9,9,TTCACTATTTACGGAGCAAG,0,3614071
tmaR_predicted,0.1,9,9,TTATGCATACCGGATTGTCA,0,3643384
tmaR_predicted,0.1,9,9,TTATCTGTTCGAGAACGCCG,0,3629673
tmaR_predicted,0.1,9,9,TTATCTGTGTGTGGGACAAT,0,3605916
tmaR_predicted,0.1,9,9,TTAGTCTAGGGCAGTAACGG,0,3639282
tmaR_predicted,0.1,9,9,TTAGGAAACTCTGGTCGGCA,0,3613014
tmaR_predicted,0.1,9,9,TTACAGTAGAAAGATGCCGA,0,3619559
tmaR_predicted,0.1,9,9,TTACAGCGCCGATGATATCT,0,3649508
tmaR_predicted,0.1,9,9,TTAAGTGGACGTTCGTCATC,0,3630693
tmaR_predicted,0.1,9,9,TTAAGAGGGGGATGATAAGG,0,3613998
tmaR_predicted,0.1,9,9,TGTTGAGCAGAAGTTCGTCT,0,3606346
tmaR_predicted,0.1,9,9,TGTTAGGCCAGATCCTACAA,0,3615955
tmaR_predicted,0.1,9,9,TGTTACTGTGTCATTTACTT,0,3642609
tmaR_predicted,0.1,9,9,TGTGCTCGGCTAACCACAGA,0,3620403
tmaR_predicted,0.1,9,9,TGTGACGTCAGAGGGAGAAT,0,3609438
tmaR_predicted,0.1,9,9,TGTCAGCGCCACTACGAGTC,0,3634795
tmaR_predicted,0.1,9,9,TGTAGTCACCCGAGGCCGAA,0,3625782
tmaR_predicted,0.1,9,9,TGGTGGGAAATAAGATACAG,0,3615380
tmaR_predicted,0.1,9,9,TGGTCACTAACTTTAGGGCG,0,3625741
tmaR_predicted,0.1,9,9,TGGGGTTCATTTTCCGAGCA,0,3638850
tmaR_predicted,0.1,9,9,TGGCTGGAGCCATACAGTTA,0,3633457
tmaR_predicted,0.1,9,9,TGGCGGCGAAACTGAGCCGA,0,3609035
tmaR_predicted,0.1,9,9,TGGCCGTCCGCATTAGTCAA,0,3620558
tmaR_predicted,0.1,9,9,TGGCATAAACACATTATTCA,0,3627079
tmaR_predicted,0.1,9,9,TGCCGTCCCGTTAAGCCCCA,0,3604931
tmaR_predicted,0.1,9,9,TGCATTTGTCCCGGAAACAC,0,3629552
tmaR_predicted,0.1,9,9,TGCATTCCAATCGCGTGTAT,0,3628261
tmaR_predicted,0.1,9,9,TGCATCGATTCCTACATTCG,0,3619972
tmaR_predicted,0.1,9,9,TGCATCACTGGTCCGGCATT,0,3639356
tmaR_predicted,0.1,9,9,TGCATAGTGGCTTACTGCTT,0,3621556
tmaR_predicted,0.1,9,9,TGCAGCCGTTCCGTACGACC,0,3640646
tmaR_predicted,0.1,9,9,TGCACTCGATTGTATCACTA,0,3613551
tmaR_predicted,0.1,9,9,TGCAACATCCACTGACAGCG,0,3645904
tmaR_predicted,0.1,9,9,TGATACTCTGCGGCTTGGAA,0,3642776
tmaR_predicted,0.1,9,9,TGAGGTCGCACGATGCTGTC,0,3622245
tmaR_predicted,0.1,9,9,TGACTTCTTCCTGAGATATA,0,3613321
tmaR_predicted,0.1,9,9,TGACTGGACGACAGACTGTG,0,3608274
tmaR_predicted,0.1,9,9,TGACAATTAGGTACCCAATG,0,3639460
tmaR_predicted,0.1,9,9,TGAATCGGAGTTTAAGCTTT,0,3611604
tmaR_predicted,0.1,9,9,TCTTTACACGAGTTGCTAGC,0,3633046
tmaR_predicted,0.1,9,9,TCTTAGCCACAGCCGTCCCA,0,3648942
tmaR_predicted,0.1,9,9,TCTTAAACATTCCTCTGTCG,0,3621751
tmaR_predicted,0.1,9,9,TCTGTTGTGCACAGTCTGCC,0,3610902
tmaR_predicted,0.1,9,9,TCTGTAAACACTTCAAACAG,0,3613804
tmaR_predicted,0.1,9,9,TCTGGGAAAACAACAATTCT,0,3611936
tmaR_predicted,0.1,9,9,TCTGGAGTTATTTAGAAGCG,0,3626853
tmaR_predicted,0.1,9,9,TCTGAGGGCGTGACTGATGC,0,3631029
tmaR_predicted,0.1,9,9,TCTCGTGGCAGAAAGTAGCT,0,3621459
tmaR_predicted,0.1,9,9,TCTCGCTAGGCATTAGACCC,0,3618469
tmaR_predicted,0.1,9,9,TCTCCTTGGGGTCACTCGTA,0,3625900
tmaR_predicted,0.1,9,9,TCTATCGGGGAGTAGAATCA,0,3620134
tmaR_predicted,0.1,9,9,TCGTTTGCATATATCGGACT,0,3638007
tmaR_predicted,0.1,9,9,TCGTTGTGTTTCCTCAATTT,0,3623644
tmaR_predicted,0.1,9,9,TCGCAGTGGGTGGGCGTATT,0,3637379
tmaR_predicted,0.1,9,9,TCGCAAGCGGGCTCGGGTAA,0,3603922
tmaR_predicted,0.1,9,9,TCGAGATCGGGTTGGCTAGT,0,3611589
tmaR_predicted,0.1,9,9,TCGAGATCAATCATTGAAGT,0,3611983
tmaR_predicted,0.1,9,9,TCGAGAATCGCGCTCTGCGG,0,3625905
tmaR_predicted,0.1,9,9,TCCTCGCTCGCAGTGGCGCT,0,3612699
tmaR_predicted,0.1,9,9,TCCGGGAGGTAACCAACCCA,0,3630553
tmaR_predicted,0.1,9,9,TCCCAGCGCTTCCAGGGCAA,0,3638594
tmaR_predicted,0.1,9,9,TCCAGGCGATCGTATACTCC,0,3622654
tmaR_predicted,0.1,9,9,TCCAGAGGCACCATTTATTT,0,3644653
tmaR_predicted,0.1,9,9,TCCACCATAGATAGCGACGA,0,3606171
tmaR_predicted,0.1,9,9,TCCAATGCTGAGAAGCTTCT,0,3630124
tmaR_predicted,0.1,9,9,TCACGGGAACACCCTGCATT,0,3632716
tmaR_predicted,0.1,9,9,TCACGCGGCATCTACGTATG,0,3625461
tmaR_predicted,0.1,9,9,TCAAGTGTTCCACGATCGGA,0,3634667
tmaR_predicted,0.1,9,9,TCAACCTCACAACCATGCTA,0,3638205
tmaR_predicted,0.1,9,9,TATTTGCAATCCGTCAAGAA,0,3633296
tmaR_predicted,0.1,9,9,TATGATTGCCATGTTATGTT,0,3618239
tmaR_predicted,0.1,9,9,TATCACAATTGGCAAGTCCA,0,3616318
tmaR_predicted,0.1,9,9,TATCAAGGCTAAGGATTCGT,0,3635490
tmaR_predicted,0.1,9,9,TATCAAATCCTATAGGCAAG,0,3646681
tmaR_predicted,0.1,9,9,TATAAAGCTTTCTCTACTAG,0,3633960
tmaR_predicted,0.1,9,9,TAGGTTGGTCGGCGTGCAAG,0,3645876
tmaR_predicted,0.1,9,9,TAGCCAGGAGGGGTAGAACG,0,3643663
tmaR_predicted,0.1,9,9,TAGAGGAGGCCTAGTAACCA,0,3630147
tmaR_predicted,0.1,9,9,TAGACAAGCGAATCTGGTGA,0,3619115
tmaR_predicted,0.1,9,9,TACTACTTTAGGCCTTCGCC,0,3634422
tmaR_predicted,0.1,9,9,TACGGTTTTAGATGATCGCA,0,3642067
tmaR_predicted,0.1,9,9,TACGGTCTACAAGAACACCT,0,3612506
tmaR_predicted,0.1,9,9,TACCATAGACCGAAAAGATT,0,3635462
tmaR_predicted,0.1,9,9,TACAACCGGAGGTAGGGGCG,0,3609990
tmaR_predicted,0.1,9,9,TAACAGTATTAATCATTTCA,0,3649564
tmaR_predicted,0.1,9,9,TAACAATACGCCTACAATTT,0,3611520
tmaR_predicted,0.1,9,9,TAAATTCGCGCTGAACTAGC,0,3630912
tmaR_predicted,0.1,9,9,GTTTGTCCTACCGGACTGGT,0,3614439
tmaR_predicted,0.1,9,9,GTTTGGCGCGCGCAGGCCAT,0,3618440
tmaR_predicted,0.1,9,9,GTTTGAGGTTCATTGTCCGG,0,3637575
tmaR_predicted,0.1,9,9,GTTTATGCAATTAGGAGACA,0,3622918
tmaR_predicted,0.1,9,9,GTTTAATCCAACAAACTGTA,0,3608122
tmaR_predicted,0.1,9,9,GTTGGCTCCTTAAACTTATA,0,3631013
tmaR_predicted,0.1,9,9,GTTATAACAATCTGGGTGAT,0,3613601
tmaR_predicted,0.1,9,9,GTTAACATCGAGAGCTTGCC,0,3624146
tmaR_predicted,0.1,9,9,GTGTGTTACGGGGGCATGAA,0,3607156
tmaR_predicted,0.1,9,9,GTGTGGTTCCTAATAGCAAA,0,3612351
tmaR_predicted,0.1,9,9,GTGTGAATTAGCGAAAATCT,0,3636684
tmaR_predicted,0.1,9,9,GTGGGTGACTAAGGGTTTTT,0,3629570
tmaR_predicted,0.1,9,9,GTCTTCCTGCGAAGGTTTGT,0,3624755
tmaR_predicted,0.1,9,9,GTCTGGACTGTGCGGTAAAT,0,3616698
tmaR_predicted,0.1,9,9,GTCGCAAAATTGCAAGGCGG,0,3616192
tmaR_predicted,0.1,9,9,GTCCCCAAGTGACGTCCTTG,0,3616328
tmaR_predicted,0.1,9,9,GTCAGATGCCCCCACTGGAG,0,3632165
tmaR_predicted,0.1,9,9,GTATAGCCGTACGAGTCGTT,0,3637310
tmaR_predicted,0.1,9,9,GTACTAAGGGGAGTGGCTGA,0,3648772
tmaR_predicted,0.1,9,9,GTACATGTAATCGTAAGGAG,0,3618352
tmaR_predicted,0.1,9,9,GTAACTTGTTAATGTGAGAT,0,3631263
tmaR_predicted,0.1,9,9,GTAACTGCAGACTCTTTGCG,0,3637091
tmaR_predicted,0.1,9,9,GTAACTCAGAGCAAAGGAGT,0,3642883
tmaR_predicted,0.1,9,9,GGTTTACATATACCGAAGTG,0,3610322
tmaR_predicted,0.1,9,9,GGTTGGCGCATCACCGCGGG,0,3632254
tmaR_predicted,0.1,9,9,GGTGCTGTGCCCAGGGAGTA,0,3647485
tmaR_predicted,0.1,9,9,GGTGAAACCAAACCAAGGCG,0,3649416
tmaR_predicted,0.1,9,9,GGGTCCTATAAGGGGATGTT,0,3606655
tmaR_predicted,0.1,9,9,GGGGTCTATTTGTTCTGCCA,0,3618751
tmaR_predicted,0.1,9,9,GGGGGTTCAAAGCTTATTTT,0,3640922
tmaR_predicted,0.1,9,9,GGGCTCATGAGGCTATTTTG,0,3623383
tmaR_predicted,0.1,9,9,GGGCTATATGGGAGGGGTAC,0,3636049
tmaR_predicted,0.1,9,9,GGCTTCCCTGGCTTCAGTGC,0,3608933
tmaR_predicted,0.1,9,9,GGCTGAGGCTTAGCTCAACC,0,3620225
tmaR_predicted,0.1,9,9,GGCGGAGCAACTCGGGACGG,0,3650047
tmaR_predicted,0.1,9,9,GGCGCCTTACGAGAACCTTG,0,3632127
tmaR_predicted,0.1,9,9,GGCCTCCCTGTAGTCTTTGA,0,3642065
tmaR_predicted,0.1,9,9,GGCAGGAAATATATGTAGAT,0,3616494
tmaR_predicted,0.1,9,9,GGATCGTCCACGAATAGTGT,0,3618299
tmaR_predicted,0.1,9,9,GGATATTTGGCTCAATTACT,0,3650173
tmaR_predicted,0.1,9,9,GGATATGAGGCCGGGGTAAA,0,3625674
tmaR_predicted,0.1,9,9,GGAGGCTCTTGGTTGTCCGT,0,3626819
tmaR_predicted,0.1,9,9,GGAGGATATTTCTAGGAAAC,0,3630631
tmaR_predicted,0.1,9,9,GGACTTTAGGCTCGGGCGTT,0,3641267
tmaR_predicted,0.1,9,9,GGACGAAAGGAATGCCGGCG,0,3647952
tmaR_predicted,0.1,9,9,GCTGCATGTGTCGGCATAGG,0,3635175
tmaR_predicted,0.1,9,9,GCGTTGTATTTTCAAGTGTA,0,3630122
tmaR_predicted,0.1,9,9,GCGTGTACAAATTCCGATCT,0,3643379
tmaR_predicted,0.1,9,9,GCGTAGAGGGGTTAGGTTAG,0,3606325
tmaR_predicted,0.1,9,9,GCGGGAGTGACGCACCTTAA,0,3620752
tmaR_predicted,0.1,9,9,GCGCCAAGACGGAGGCGTAC,0,3648298
tmaR_predicted,0.1,9,9,GCGAGACACGACGGCGAGAT,0,3605982
tmaR_predicted,0.1,9,9,GCGACTGAAAAGGAAACACA,0,3625045
tmaR_predicted,0.1,9,9,GCCTTTACGACCTAGCATCG,0,3610704
tmaR_predicted,0.1,9,9,GCCTTGCGAGTGCTCCTGAG,0,3642361
tmaR_predicted,0.1,9,9,GCCTTCCACGTCATGCACTT,0,3619211
tmaR_predicted,0.1,9,9,GCCTCCATGGGGATAGATCT,0,3617052
tmaR_predicted,0.1,9,9,GCCGGCTAACCAACCTTACT,0,3617847
tmaR_predicted,0.1,9,9,GCCCACCGAAGATGTCAAGT,0,3634830
tmaR_predicted,0.1,9,9,GCATCAGGGAGGTGTCATCG,0,3609924
tmaR_predicted,0.1,9,9,GCACGCCGTGACGGCCATCA,0,3613036
tmaR_predicted,0.1,9,9,GCACCCCAGACGAAGTGAGA,0,3611147
tmaR_predicted,0.1,9,9,GCAATCAAGATGACCGGAGT,0,3621589
tmaR_predicted,0.1,9,9,GCAAACGTTTACGCAACACC,0,3612477
tmaR_predicted,0.1,9,9,GATTGCGGTTACGAATTTTC,0,3644028
tmaR_predicted,0.1,9,9,GATCATTTTTCAAACTGTTT,0,3637118
tmaR_predicted,0.1,9,9,GATACTAAGCCCAATTTCGT,0,3633424
tmaR_predicted,0.1,9,9,GATACAGAGACACTATTCAG,0,3622595
tmaR_predicted,0.1,9,9,GAGGGTCTTCGAGTTCTGAT,0,3633630
tmaR_predicted,0.1,9,9,GAGGATGTTTCACTAATGCG,0,3630593
tmaR_predicted,0.1,9,9,GAGCTGTGTTCCCTGCTAAT,0,3625631
tmaR_predicted,0.1,9,9,GAGATTTTCCTGAGCCAATA,0,3618747
tmaR_predicted,0.1,9,9,GAGATATGGGTATGCGGTCC,0,3613911
tmaR_predicted,0.1,9,9,GAGATAGAGATGGTGAGCCC,0,3641299
tmaR_predicted,0.1,9,9,GAGAGCCAGCTGAGCCGATT,0,3642074
tmaR_predicted,0.1,9,9,GAGACGGTTCACAGCAGGCC,0,3634973
tmaR_predicted,0.1,9,9,GACCAAGACGTCCCGCGACC,0,3626541
tmaR_predicted,0.1,9,9,GAATTGTCGATCGAACCCCC,0,3616324
tmaR_predicted,0.1,9,9,GAAGATGACATGAGACGAGG,0,3614004
tmaR_predicted,0.1,9,9,GAAGAGATCGAATAGAGGTG,0,3624370
tmaR_predicted,0.1,9,9,GAACTTAGCACGAGTTTCGT,0,3632321
tmaR_predicted,0.1,9,9,GAACCATGCAAAGTTGACTG,0,3640226
tmaR_predicted,0.1,9,9,CTTGAGGGTAAACTCACCTT,0,3630550
tmaR_predicted,0.1,9,9,CTTGAATGACTAATGGTTAG,0,3617735
tmaR_predicted,0.1,9,9,CTTCGATTAGGGAATAGGCC,0,3635614
tmaR_predicted,0.1,9,9,CTTATCCGTCATTTTCCCCG,0,3618739
tmaR_predicted,0.1,9,9,CTTAGACAACGTGATGCCCC,0,3624788
tmaR_predicted,0.1,9,9,CTGTTCGGCCACCCAGCGGG,0,3619795
tmaR_predicted,0.1,9,9,CTGTTAAACTACCCTGGATT,0,3620435
tmaR_predicted,0.1,9,9,CTGTGAATGTGATATGAATC,0,3620728
tmaR_predicted,0.1,9,9,CTGTATTAGATTCAGCCTGT,0,3618316
tmaR_predicted,0.1,9,9,CTGGTCCGGTGGTTAGCTTA,0,3640872
tmaR_predicted,0.1,9,9,CTGGAGAATTCGCTTTAACA,0,3635523
tmaR_predicted,0.1,9,9,CTGCGCCCGGGAAAACCCCC,0,3607547
tmaR_predicted,0.1,9,9,CTGCCCATCCCCAGGGTCAT,0,3650086
tmaR_predicted,0.1,9,9,CTGCACTTCGGCCAATCCTC,0,3617905
tmaR_predicted,0.1,9,9,CTGAGCGACCTGTTAAGGGC,0,3645959
tmaR_predicted,0.1,9,9,CTCTTGGTCGTCTCCTTCTA,0,3612100
tmaR_predicted,0.1,9,9,CTCTGCTGACCCTTGCTCGA,0,3640989
tmaR_predicted,0.1,9,9,CTCGTTCATTGTACGAGGTG,0,3622642
tmaR_predicted,0.1,9,9,CTCCGGTCGGGAGATCCATT,0,3611027
tmaR_predicted,0.1,9,9,CTCCATAGCGGCCTTCAACA,0,3626520
tmaR_predicted,0.1,9,9,CTCAGGATAACAATATCTGC,0,3644081
tmaR_predicted,0.1,9,9,CTATACCGTGTAGTTCTCAA,0,3621189
tmaR_predicted,0.1,9,9,CTACCTACAGCTTGTGATCA,0,3648985
tmaR_predicted,0.1,9,9,CTACATTGTCTGGGACCGCA,0,3641170
tmaR_predicted,0.1,9,9,CGTTCTAGCGATTACTCGAG,0,3627635
tmaR_predicted,0.1,9,9,CGTATGCCGATAGGTCACGT,0,3616638
tmaR_predicted,0.1,9,9,CGTAACTCCTTATTTGGCGG,0,3628906
tmaR_predicted,0.1,9,9,CGGTAACAATGAATCTCGCA,0,3611991
tmaR_predicted,0.1,9,9,CGGGGTCTGGGGCCTGTAAT,0,3617758
tmaR_predicted,0.1,9,9,CGGAGCCCGAATGGATTGCT,0,3617854
tmaR_predicted,0.1,9,9,CGGACGGCCCTGCAAGATCA,0,3613771
tmaR_predicted,0.1,9,9,CGGACCATGTCGTTGGCTAG,0,3632820
tmaR_predicted,0.1,9,9,CGCTCCGATTGCGTGATTTA,0,3606388
tmaR_predicted,0.1,9,9,CGCTACTGTCCATTGACAAT,0,3625011
tmaR_predicted,0.1,9,9,CGCTACCACAGGTTCCAACT,0,3617660
tmaR_predicted,0.1,9,9,CGCGGATGTTGTGCGAATGC,0,3637030
tmaR_predicted,0.1,9,9,CGCGATCATGTAACGTGGCC,0,3627702
tmaR_predicted,0.1,9,9,CGCACGTGCAATCCTGGGCT,0,3632876
tmaR_predicted,0.1,9,9,CGCACCGTGTGAGCCTATGC,0,3604482
tmaR_predicted,0.1,9,9,CGCAATCCGGAGTCCGGTTT,0,3644533
tmaR_predicted,0.1,9,9,CGAGGTGCGGAGCGATTCGA,0,3619443
tmaR_predicted,0.1,9,9,CGAGCTAAAATCGATGCGGT,0,3644606
tmaR_predicted,0.1,9,9,CGAGACGATGTGCAAGTTTC,0,3646232
tmaR_predicted,0.1,9,9,CGACGTGGGTTCTTTGAATG,0,3635284
tmaR_predicted,0.1,9,9,CGACAATCCGCTGCGGACCG,0,3629009
tmaR_predicted,0.1,9,9,CGAAAGAGTTGACGTGCATG,0,3650155
tmaR_predicted,0.1,9,9,CCTTGGATTGAACAACATCT,0,3612867
tmaR_predicted,0.1,9,9,CCTTCTTCCCCATTAGCCAT,0,3645434
tmaR_predicted,0.1,9,9,CCTGGTCGCGCGACTTCTGT,0,3643436
tmaR_predicted,0.1,9,9,CCTGCACGATATCCTACCAG,0,3632880
tmaR_predicted,0.1,9,9,CCTCACTCCCTAGGGGGTGA,0,3618613
tmaR_predicted,0.1,9,9,CCTATTATGGTAGGGGCAGT,0,3605149
tmaR_predicted,0.1,9,9,CCGTGACGGGGCGGTTTCGA,0,3638298
tmaR_predicted,0.1,9,9,CCGTCATCTCTGTGTAACAT,0,3621377
tmaR_predicted,0.1,9,9,CCGGTCTAATCGGAAGGGTT,0,3632191
tmaR_predicted,0.1,9,9,CCGGTCAACGTTGGTACGTA,0,3634752
tmaR_predicted,0.1,9,9,CCGGGCCTGCGGATCTGTAC,0,3603934
tmaR_predicted,0.1,9,9,CCGGCAATGTTTCGACGCAA,0,3641943
tmaR_predicted,0.1,9,9,CCGCAAGTTCTGGTAGAGGT,0,3624006
tmaR_predicted,0.1,9,9,CCCGACAGCGAGTACTAGGA,0,3646340
tmaR_predicted,0.1,9,9,CCCCTACTGGTAGGTAGATG,0,3609576
tmaR_predicted,0.1,9,9,CCCAGATCGCGACTGTGGCA,0,3636701
tmaR_predicted,0.1,9,9,CCCAAAGTTGTTTTCATGCT,0,3641566
tmaR_predicted,0.1,9,9,CCATTGGCTTGAGTTTTCCA,0,3619053
tmaR_predicted,0.1,9,9,CCATAATAAATCTAAACGGA,0,3637682
tmaR_predicted,0.1,9,9,CCAGCATGATTTCAGATCAC,0,3646709
tmaR_predicted,0.1,9,9,CATGGCTTGAACACTGGTAA,0,3617709
tmaR_predicted,0.1,9,9,CATCTTCGGAACACAGGTAG,0,3632362
tmaR_predicted,0.1,9,9,CATCGAACAAGGGTGTACTT,0,3649528
tmaR_predicted,0.1,9,9,CATCAAGGCGCACTGTGAGA,0,3629877
tmaR_predicted,0.1,9,9,CATACCAGATGCTATACGAG,0,3628285
tmaR_predicted,0.1,9,9,CAGCGCCGCACATCCCACGG,0,3620257
tmaR_predicted,0.1,9,9,CAGATTTTCACAGCAAAAAG,0,3648909
tmaR_predicted,0.1,9,9,CAGATTGCGACGAATGGTTC,0,3621225
tmaR_predicted,0.1,9,9,CACTGGTTAACTGAATACAA,0,3633826
tmaR_predicted,0.1,9,9,CACGTGGTACGTGCGGAGTT,0,3643774
tmaR_predicted,0.1,9,9,CACGATACCGCGCTTGATAT,0,3624515
tmaR_predicted,0.1,9,9,CACCGTGTTATCAGGCAATA,0,3631694
tmaR_predicted,0.1,9,9,CAAGTGGACTGTCTCATAAA,0,3608059
tmaR_predicted,0.1,9,9,CAAGCCTAGTGATGAACTGT,0,3632891
tmaR_predicted,0.1,9,9,CAAAGACGTGAGTGAACAAG,0,3646963
tmaR_predicted,0.1,9,9,CAAACGCTTTTATGTTCCTG,0,3620497
tmaR_predicted,0.1,9,9,CAAAATACGATGCACAGGGA,0,3604994
tmaR_predicted,0.1,9,9,ATTGTGCACGGTTTTCCGAG,0,3621068
tmaR_predicted,0.1,9,9,ATTGTGACATTAAATATGGT,0,3614818
tmaR_predicted,0.1,9,9,ATTGAATTGTTTGGCCCATG,0,3636115
tmaR_predicted,0.1,9,9,ATTGAAACGAGGTAAATCAG,0,3642409
tmaR_predicted,0.1,9,9,ATTCACACTGGTTAGTCCTC,0,3628423
tmaR_predicted,0.1,9,9,ATTATGGACCCAGGACGGGT,0,3618193
tmaR_predicted,0.1,9,9,ATGGTTGGGCTGGGTGTCGT,0,3625024
tmaR_predicted,0.1,9,9,ATGGTTAGATTATCGCGCGT,0,3649638
tmaR_predicted,0.1,9,9,ATGACGGCTTGTAGTGGGGA,0,3624176
tmaR_predicted,0.1,9,9,ATCAGCGTCAAGGATTGGAC,0,3613881
tmaR_predicted,0.1,9,9,ATCACGCAGGACGACCGCGC,0,3618383
tmaR_predicted,0.1,9,9,ATATTACGTAATCTTGGATT,0,3622960
tmaR_predicted,0.1,9,9,ATATGGGTCTAACCGGGGAT,0,3644671
tmaR_predicted,0.1,9,9,ATATGAATTGTTCGCGAGAA,0,3646687
tmaR_predicted,0.1,9,9,ATATCTAAACGTGCTCATCA,0,3635362
tmaR_predicted,0.1,9,9,ATAGTCCGCTCTCATACAAC,0,3612390
tmaR_predicted,0.1,9,9,ATAGGGCCTCCCAGGTCTAA,0,3614026
tmaR_predicted,0.1,9,9,ATAAAATGTGGGTGTAGATT,0,3645184
tmaR_predicted,0.1,9,9,AGTTGTACTCTTGGTTCAAA,0,3604221
tmaR_predicted,0.1,9,9,AGTTATGAGTGTGGGGTCAG,0,3623059
tmaR_predicted,0.1,9,9,AGGGCGGAGAGGCTCGGATA,0,3611567
tmaR_predicted,0.1,9,9,AGGGCGAGCTAGCCCACCAT,0,3607040
tmaR_predicted,0.1,9,9,AGGGATGGCTAAGAATCACA,0,3622832
tmaR_predicted,0.1,9,9,AGGCTCTAGATAAGCGTTGC,0,3640705
tmaR_predicted,0.1,9,9,AGGATTAGCATTTGGTGCCA,0,3614583
tmaR_predicted,0.1,9,9,AGGAGGGGTCGGCGTCGTCG,0,3615553
tmaR_predicted,0.1,9,9,AGCTGCTCTGGCTTCGCAGC,0,3610026
tmaR_predicted,0.1,9,9,AGCTCACCGCCTTGAGGAGC,0,3623796
tmaR_predicted,0.1,9,9,AGCTAACCCAGAGCAAAATA,0,3642479
tmaR_predicted,0.1,9,9,AGCGCGCGTGCAAACTTGAT,0,3606327
tmaR_predicted,0.1,9,9,AGCGAGATTACAGGTTTTGT,0,3630256
tmaR_predicted,0.1,9,9,AGCCGAAGGCATGCACTCAA,0,3625746
tmaR_predicted,0.1,9,9,AGCATACGGTCCCATCGGGG,0,3632200
tmaR_predicted,0.1,9,9,AGCACATATACTTGCTGCAG,0,3615286
tmaR_predicted,0.1,9,9,AGATAATCCACTTGTTGTCA,0,3646473
tmaR_predicted,0.1,9,9,AGAGGCAGTTGAACTCAAGA,0,3625132
tmaR_predicted,0.1,9,9,AGAGCATGGGAAGTGCCAGC,0,3623880
tmaR_predicted,0.1,9,9,AGAGCACGAACGAGTGGCCA,0,3618503
tmaR_predicted,0.1,9,9,AGACCCTCTCGAGTCAAGCT,0,3649694
tmaR_predicted,0.1,9,9,AGACATTAGTTATTGTCCTG,0,3645324
tmaR_predicted,0.1,9,9,ACTGCACGTCTTAAATAGAC,0,3622649
tmaR_predicted,0.1,9,9,ACTACTGTTGGTTTCATAGA,0,3630430
tmaR_predicted,0.1,9,9,ACGTTGTCCGCGGGTCTCTG,0,3627021
tmaR_predicted,0.1,9,9,ACGTCTACCCATTCGGACAC,0,3613800
tmaR_predicted,0.1,9,9,ACGTCAGCGGCCATAGAAGT,0,3647261
tmaR_predicted,0.1,9,9,ACGGATGAGCTTTGAGTAGA,0,3642578
tmaR_predicted,0.1,9,9,ACGGACACATGAACCGAGTC,0,3612355
tmaR_predicted,0.1,9,9,ACGCATATTATGGAATTATT,0,3613394
tmaR_predicted,0.1,9,9,ACGCACTCTTGATAACTCTA,0,3632173
tmaR_predicted,0.1,9,9,ACGATAGCTCTTCAAACGTA,0,3609962
tmaR_predicted,0.1,9,9,ACCTTGCTGAACATGGAACG,0,3644245
tmaR_predicted,0.1,9,9,ACCGGAGAGCCTTTGGGATG,0,3610475
tmaR_predicted,0.1,9,9,ACCGGACAAAGGAAACGAAT,0,3619184
tmaR_predicted,0.1,9,9,ACCCTGTCTGCTGGCACTCT,0,3630401
tmaR_predicted,0.1,9,9,ACCCCTCAGGTTATTGGCCT,0,3609926
tmaR_predicted,0.1,9,9,ACCCAAGCATACCTGTGTGC,0,3627154
tmaR_predicted,0.1,9,9,ACCAATGGGTAGAAGTTTTC,0,3634661
tmaR_predicted,0.1,9,9,ACAGAGCCCATAATGGGGTT,0,3629989
tmaR_predicted,0.1,9,9,ACAGACGTATTTTTGGTCTC,0,3613378
tmaR_predicted,0.1,9,9,ACACGCCCTAGGTTATGCCG,0,3632824
tmaR_predicted,0.1,9,9,ACACAGTTATACTCTTTTTT,0,3606313
tmaR_predicted,0.1,9,9,ACAACCGCTGACCAAACGTA,0,3630729
tmaR_predicted,0.1,9,9,AATCTGCAAGGAGCCACACT,0,3644455
tmaR_predicted,0.1,9,9,AAGTCATGTGAGTTATCTGC,0,3647482
tmaR_predicted,0.1,9,9,AAGGTGCTCAATCATGTAAG,0,3604706
tmaR_predicted,0.1,9,9,AAGATCAAGTATCATGCCGT,0,3633250
tmaR_predicted,0.1,9,9,AAGACGATCCACGCGAATTA,0,3625206
tmaR_predicted,0.1,9,9,AAGACCTCTTACATGGGCCG,0,3637470
tmaR_predicted,0.1,9,9,AACTTAATTGAATGTTATTG,0,3624500
tmaR_predicted,0.1,9,9,AACCTCCGAGACACAACAAG,0,3607858
tmaR_predicted,0.1,9,9,AACAAGCCAATATTCTTAAT,0,3615785
tmaR_predicted,0.1,9,9,AACAACCCCAGAGTGTCCTA,0,3606017
tmaR_predicted,0.1,9,9,AAATAGGTCCGTCGATGGGT,0,3625986
tmaR_predicted,0.1,9,9,AAAGCAGCCTTATTCCGACC,0,3648351
tmaR_predicted,0.1,9,9,AAACGGAACAAGAGTTGAGC,0,3626901
tmaR_predicted,0.1111111111111111,8,8,TTTTGAAGATGGATTACACC,0,3608018
tmaR_predicted,0.1111111111111111,8,8,TTTTCTGGAATAACGTCGCA,0,3619070
tmaR_predicted,0.1111111111111111,8,8,TTTGTTGTTGATGTATGAAG,0,3614168
tmaR_predicted,0.1111111111111111,8,8,TTTGGCTGTGAGGACCTTGG,0,3650037
tmaR_predicted,0.1111111111111111,8,8,TTTGGACACTCCGACACTAA,0,3630925
tmaR_predicted,0.1111111111111111,8,8,TTTGATTATGACCCGTAGAT,0,3647306
tmaR_predicted,0.1111111111111111,8,8,TTTCCCGGTGGTCTTACTGA,0,3612087
tmaR_predicted,0.1111111111111111,8,8,TTTAGTGATCGTCTGTACGG,0,3649490
tmaR_predicted,0.1111111111111111,8,8,TTGTTGACTGTAAAGAGCGT,0,3608888
tmaR_predicted,0.1111111111111111,8,8,TTGGTACGGCCCATCTGTGA,0,3644971
tmaR_predicted,0.1111111111111111,8,8,TTGGAGTTTTCTTAATGGCG,0,3646479
tmaR_predicted,0.1111111111111111,8,8,TTGGAGCTAAATGTCTAATC,0,3617577
tmaR_predicted,0.1111111111111111,8,8,TTGGAAGATGGTTTATCTCC,0,3630786
tmaR_predicted,0.1111111111111111,8,8,TTGCGCTGTCTGCTGTCATT,0,3621745
tmaR_predicted,0.1111111111111111,8,8,TTGCAAGTATGTAATTGTAC,0,3642856
tmaR_predicted,0.1111111111111111,8,8,TTGATGTCCCATACACCAAC,0,3619735
tmaR_predicted,0.1111111111111111,8,8,TTGAGACAGTGTTGTCAATG,0,3635151
tmaR_predicted,0.1111111111111111,8,8,TTGACTCATTCCCGGAATCC,0,3631194
tmaR_predicted,0.1111111111111111,8,8,TTGAAGTCTTTGTTCTCTAC,0,3610365
tmaR_predicted,0.1111111111111111,8,8,TTCTTTCGCTTACAACACGA,0,3644317
tmaR_predicted,0.1111111111111111,8,8,TTCCGATGTTGGGTTTTCAT,0,3638032
tmaR_predicted,0.1111111111111111,8,8,TTCATTGAGCTGCCTGTGAA,0,3624980
tmaR_predicted,0.1111111111111111,8,8,TTATGCGTGATATGTGCCAC,0,3608635
tmaR_predicted,0.1111111111111111,8,8,TTATCCAGCACGTTGAGGGC,0,3632248
tmaR_predicted,0.1111111111111111,8,8,TTATCAAGAGAAGGTGTGGT,0,3628767
tmaR_predicted,0.1111111111111111,8,8,TTATATCGAATTCAGTATTC,0,3615311
tmaR_predicted,0.1111111111111111,8,8,TTAGCGACCCCGGGCAGTTG,0,3634052
tmaR_predicted,0.1111111111111111,8,8,TTAAGGCCCACGGGAAACCA,0,3632704
tmaR_predicted,0.1111111111111111,8,8,TGTTTCAATAAGAAACTCCA,0,3616699
tmaR_predicted,0.1111111111111111,8,8,TGTTGTACCAGAGCCAATGC,0,3619369
tmaR_predicted,0.1111111111111111,8,8,TGTGAAGAGAAGTCTGTTCC,0,3616688
tmaR_predicted,0.1111111111111111,8,8,TGTAGTCTTCTAAATCAACT,0,3620764
tmaR_predicted,0.1111111111111111,8,8,TGTAGAGTGCGGATCTGAGC,0,3641172
tmaR_predicted,0.1111111111111111,8,8,TGTACTGGTCCTGTAGAGAA,0,3650214
tmaR_predicted,0.1111111111111111,8,8,TGTAAAGGAGTTCATCGTAG,0,3608611
tmaR_predicted,0.1111111111111111,8,8,TGGTGGCGGCAACTGTTGAT,0,3636118
tmaR_predicted,0.1111111111111111,8,8,TGGTGACGTCAGGCATGTCA,0,3630822
tmaR_predicted,0.1111111111111111,8,8,TGGTAAGTATGACACAGCGT,0,3618033
tmaR_predicted,0.1111111111111111,8,8,TGGGTATCTCACCTACAGGA,0,3605993
tmaR_predicted,0.1111111111111111,8,8,TGGATGCGGTTTATGTTCGT,0,3613179
tmaR_predicted,0.1111111111111111,8,8,TGGAATCTGGTTATTTTCGA,0,3605640
tmaR_predicted,0.1111111111111111,8,8,TGCTCAACTAAATGACGTAC,0,3634114
tmaR_predicted,0.1111111111111111,8,8,TGCGTTGCCTAAAGAGGAAT,0,3604194
tmaR_predicted,0.1111111111111111,8,8,TGCGGTATTATGGAGTACCA,0,3608392
tmaR_predicted,0.1111111111111111,8,8,TGCGCTTGGAAATGGGGTAA,0,3611591
tmaR_predicted,0.1111111111111111,8,8,TGCCTCATTGAGGAATAATC,0,3619486
tmaR_predicted,0.1111111111111111,8,8,TGCCTAACTTGTTCAAAGTA,0,3617634
tmaR_predicted,0.1111111111111111,8,8,TGATGGTAGGCGAGCGTTCT,0,3606371
tmaR_predicted,0.1111111111111111,8,8,TGACTGTGGCTGTCGAGACT,0,3638551
tmaR_predicted,0.1111111111111111,8,8,TGACATCCTCTGGTAACCTA,0,3627694
tmaR_predicted,0.1111111111111111,8,8,TGACAGGTTTTAGCTAGGGG,0,3632141
tmaR_predicted,0.1111111111111111,8,8,TGACAAGAAGAGTGCTCGAA,0,3622457
tmaR_predicted,0.1111111111111111,8,8,TGAAATACCTGTGATTCTGT,0,3610072
tmaR_predicted,0.1111111111111111,8,8,TCTTGTATTGGAACCAACTT,0,3622996
tmaR_predicted,0.1111111111111111,8,8,TCTTATTTACTTCACATGCA,0,3618688
tmaR_predicted,0.1111111111111111,8,8,TCTCGGGCGGTACGGGCACC,0,3647783
tmaR_predicted,0.1111111111111111,8,8,TCTCAGGCGGGAGGAAATTG,0,3629606
tmaR_predicted,0.1111111111111111,8,8,TCGGGAGGTACTGCTTAGCA,0,3622322
tmaR_predicted,0.1111111111111111,8,8,TCGGGACCGAGGGGAAAGAT,0,3622927
tmaR_predicted,0.1111111111111111,8,8,TCGCGTATACCACGCGTGGC,0,3617848
tmaR_predicted,0.1111111111111111,8,8,TCGACAAGTAGGCTTGTTGT,0,3630222
tmaR_predicted,0.1111111111111111,8,8,TCCTTCGTGGGCCGTCAAGT,0,3629331
tmaR_predicted,0.1111111111111111,8,8,TCCGTACAGTTATAACGACA,0,3623775
tmaR_predicted,0.1111111111111111,8,8,TCCGGCGCTTTTGATACTTA,0,3623916
tmaR_predicted,0.1111111111111111,8,8,TCCGGCCGCAGCTGGACATT,0,3635896
tmaR_predicted,0.1111111111111111,8,8,TCCGCCTAAACGAGGGGTTC,0,3619687
tmaR_predicted,0.1111111111111111,8,8,TCCCTCCGCTCTTCTGCTTA,0,3615721
tmaR_predicted,0.1111111111111111,8,8,TCCACAAGAGTTATCCCAAG,0,3607751
tmaR_predicted,0.1111111111111111,8,8,TCAGGACGCGCAACGCGGCT,0,3637765
tmaR_predicted,0.1111111111111111,8,8,TCACGGGGTCACTGAAGGAC,0,3650196
tmaR_predicted,0.1111111111111111,8,8,TCACGCATTGCTGAGAGCGA,0,3626839
tmaR_predicted,0.1111111111111111,8,8,TCACATGAAAGGGATTCATT,0,3642001
tmaR_predicted,0.1111111111111111,8,8,TATTCCAAAAATGCGTTATC,0,3631686
tmaR_predicted,0.1111111111111111,8,8,TATACGCTAATTTGCGTTAA,0,3610745
tmaR_predicted,0.1111111111111111,8,8,TAGGGATTCCGGCTCAGTTT,0,3632420
tmaR_predicted,0.1111111111111111,8,8,TAGGCATCAACCGGTCCACG,0,3622817
tmaR_predicted,0.1111111111111111,8,8,TAGGATTAAGGTATAAGGTA,0,3625909
tmaR_predicted,0.1111111111111111,8,8,TAGGAAAATAGCCTCCGCCA,0,3643981
tmaR_predicted,0.1111111111111111,8,8,TAGCCGGGTTTGATTTCATG,0,3626011
tmaR_predicted,0.1111111111111111,8,8,TACTTGGCTTAATCCCACTG,0,3642486
tmaR_predicted,0.1111111111111111,8,8,TACGTGTCTTGGCTGAACTA,0,3637272
tmaR_predicted,0.1111111111111111,8,8,TACGACGCTAGCTATATCGA,0,3610161
tmaR_predicted,0.1111111111111111,8,8,TAATTGCTACATCTTAGCAG,0,3647564
tmaR_predicted,0.1111111111111111,8,8,TAATCCCCTGTTGGAAATAT,0,3606952
tmaR_predicted,0.1111111111111111,8,8,TAATAGTGATACATTACGAG,0,3619517
tmaR_predicted,0.1111111111111111,8,8,TAAGCAAGGCCGTATGCTGG,0,3624156
tmaR_predicted,0.1111111111111111,8,8,TAACGCCCGACTGGGGCAAC,0,3607205
tmaR_predicted,0.1111111111111111,8,8,TAACCGACCCCTAATAATCG,0,3649331
tmaR_predicted,0.1111111111111111,8,8,TAAATCAGCTAACCCTCTTT,0,3612168
tmaR_predicted,0.1111111111111111,8,8,TAAAATCATGGCATTTCATT,0,3639773
tmaR_predicted,0.1111111111111111,8,8,GTTTCCCCTTGTGCCGTAGC,0,3646489
tmaR_predicted,0.1111111111111111,8,8,GTTGCTCGTGCGTGCCCGGT,0,3624317
tmaR_predicted,0.1111111111111111,8,8,GTTCTTCCATCGTGTTTCTG,0,3604035
tmaR_predicted,0.1111111111111111,8,8,GTTCACCGGTTGTGGGCGAG,0,3606440
tmaR_predicted,0.1111111111111111,8,8,GTTAGTCGATTGGTGCTGTG,0,3615623
tmaR_predicted,0.1111111111111111,8,8,GTGTTTAGGCCCGTCTAGCA,0,3605085
tmaR_predicted,0.1111111111111111,8,8,GTGTACCCCTCGCCTTTTGC,0,3635592
tmaR_predicted,0.1111111111111111,8,8,GTGGTTCAATGGGGGACATT,0,3605919
tmaR_predicted,0.1111111111111111,8,8,GTGCTCGTACATGAAGAAAA,0,3646986
tmaR_predicted,0.1111111111111111,8,8,GTGCGTAGAAGGGAACGGTT,0,3638801
tmaR_predicted,0.1111111111111111,8,8,GTGCCCTGCCCTGGGGATAC,0,3622051
tmaR_predicted,0.1111111111111111,8,8,GTGCAAACACAGCTTCATGA,0,3643676
tmaR_predicted,0.1111111111111111,8,8,GTCGTGGTCGGCGGATAGTA,0,3604817
tmaR_predicted,0.1111111111111111,8,8,GTCATCTTCACGGCGCAGCA,0,3643861
tmaR_predicted,0.1111111111111111,8,8,GTCATAAGGCTCAGGGTTGT,0,3614017
tmaR_predicted,0.1111111111111111,8,8,GTCACTTACCTTTACACACT,0,3641288
tmaR_predicted,0.1111111111111111,8,8,GTATTGGAACTTAGGGCGAA,0,3605770
tmaR_predicted,0.1111111111111111,8,8,GTATTCAACATTACCGAAGA,0,3649538
tmaR_predicted,0.1111111111111111,8,8,GTAGTTGAAAACAGCATTCA,0,3618242
tmaR_predicted,0.1111111111111111,8,8,GTAGGGATCTAAAAGTCATA,0,3610288
tmaR_predicted,0.1111111111111111,8,8,GTAGCCACGAAGTAGTCAGG,0,3612170
tmaR_predicted,0.1111111111111111,8,8,GTACTCTGCTTGTCAGGGTA,0,3611214
tmaR_predicted,0.1111111111111111,8,8,GTACGAATGATCAGTGACTG,0,3612363
tmaR_predicted,0.1111111111111111,8,8,GTACAATTTAATCCGTAATA,0,3623393
tmaR_predicted,0.1111111111111111,8,8,GGTTTATGGGTTTTAGTAGC,0,3637039
tmaR_predicted,0.1111111111111111,8,8,GGTTGGGGCAACAATTCGAA,0,3649311
tmaR_predicted,0.1111111111111111,8,8,GGTGGGCCAATAACCAGGAA,0,3635585
tmaR_predicted,0.1111111111111111,8,8,GGTGAAGGGTTAGCTCCAGC,0,3626131
tmaR_predicted,0.1111111111111111,8,8,GGTACTTTACTAGCTCCAAG,0,3605479
tmaR_predicted,0.1111111111111111,8,8,GGTACCCAGCAGAGCTTGTT,0,3610028
tmaR_predicted,0.1111111111111111,8,8,GGGTCCTTAAGCGACGCTGA,0,3622422
tmaR_predicted,0.1111111111111111,8,8,GGGTCCCATCCACTTGCAGC,0,3607666
tmaR_predicted,0.1111111111111111,8,8,GGGTAGTAGGGCTCCGAGGA,0,3626772
tmaR_predicted,0.1111111111111111,8,8,GGGTAAAAGTGGGTTTCATC,0,3642406
tmaR_predicted,0.1111111111111111,8,8,GGGGTTTAACTGGCCATAGC,0,3611209
tmaR_predicted,0.1111111111111111,8,8,GGGGTCCTAATAGGCTGGTG,0,3619979
tmaR_predicted,0.1111111111111111,8,8,GGGGCGGGCATGGGATTGCT,0,3627420
tmaR_predicted,0.1111111111111111,8,8,GGGGCAAATTCCCGATTTAG,0,3617309
tmaR_predicted,0.1111111111111111,8,8,GGGGATTAATCTGCGAAGAC,0,3606845
tmaR_predicted,0.1111111111111111,8,8,GGGCCCATCCCGCCCATAGT,0,3642168
tmaR_predicted,0.1111111111111111,8,8,GGGACGGAAGTGACCTAGCA,0,3638836
tmaR_predicted,0.1111111111111111,8,8,GGCTGCAATGCCCATACCGT,0,3604253
tmaR_predicted,0.1111111111111111,8,8,GGCTACACCGCTACTTCATA,0,3642398
tmaR_predicted,0.1111111111111111,8,8,GGCTAAGAGGTCCTGGTGCA,0,3617546
tmaR_predicted,0.1111111111111111,8,8,GGCGGTGGGAGTCGTATTTT,0,3610013
tmaR_predicted,0.1111111111111111,8,8,GGCCCAGAATTACACGGGAC,0,3644788
tmaR_predicted,0.1111111111111111,8,8,GGATGCGGCAGCTGTCGCCA,0,3629708
tmaR_predicted,0.1111111111111111,8,8,GGATAACGCACCCCCGCACC,0,3610667
tmaR_predicted,0.1111111111111111,8,8,GGAGCTTAACTCCTATTGCT,0,3614351
tmaR_predicted,0.1111111111111111,8,8,GGAGCCCACGTTGAAGAGGA,0,3619279
tmaR_predicted,0.1111111111111111,8,8,GGACGGGAAACAGGTTGTAG,0,3622361
tmaR_predicted,0.1111111111111111,8,8,GGACCATCATGCACGCTTCA,0,3632222
tmaR_predicted,0.1111111111111111,8,8,GGACAGGCCACCCCTTGTAC,0,3606423
tmaR_predicted,0.1111111111111111,8,8,GGAACCCGGGAGGCCCCGTT,0,3625990
tmaR_predicted,0.1111111111111111,8,8,GGAACCAGTTGAAATTGTCC,0,3631528
tmaR_predicted,0.1111111111111111,8,8,GGAAATCTTGGGACGCGTTG,0,3646988
tmaR_predicted,0.1111111111111111,8,8,GGAAACGCGCAGGAAAAGCG,0,3627320
tmaR_predicted,0.1111111111111111,8,8,GGAAACCCGTAGTCCTGCAT,0,3622429
tmaR_predicted,0.1111111111111111,8,8,GCTTTTGTACTGCAGGTTGA,0,3607488
tmaR_predicted,0.1111111111111111,8,8,GCTTTATGTGCTAAGGTGAT,0,3641774
tmaR_predicted,0.1111111111111111,8,8,GCTGGTAGACGGTCAATTCT,0,3613145
tmaR_predicted,0.1111111111111111,8,8,GCTCGGACCACCAGTTCTTG,0,3622001
tmaR_predicted,0.1111111111111111,8,8,GCTCCAATCCAATTCCATTC,0,3623595
tmaR_predicted,0.1111111111111111,8,8,GCTCACCTTTCCCATGCGGT,0,3636019
tmaR_predicted,0.1111111111111111,8,8,GCTAATTGCACAATGCGTAG,0,3635020
tmaR_predicted,0.1111111111111111,8,8,GCGGTCAGGAAATTCGGGGA,0,3621531
tmaR_predicted,0.1111111111111111,8,8,GCGCTTGTTCCGATGGGCAT,0,3615723
tmaR_predicted,0.1111111111111111,8,8,GCGCTGTGTTTGGGATACTT,0,3622640
tmaR_predicted,0.1111111111111111,8,8,GCGCTGCGGGGCGTACATAG,0,3641738
tmaR_predicted,0.1111111111111111,8,8,GCGCAGAAAGAACTCCGCGA,0,3649507
tmaR_predicted,0.1111111111111111,8,8,GCGATAGTATCTGTCAAGTT,0,3616392
tmaR_predicted,0.1111111111111111,8,8,GCGAACACATAAACGCTCTT,0,3612090
tmaR_predicted,0.1111111111111111,8,8,GCCTTGTCTCTCAGTAGCAG,0,3642838
tmaR_predicted,0.1111111111111111,8,8,GCCTCGCCCATTTGCCAGTG,0,3611306
tmaR_predicted,0.1111111111111111,8,8,GCCGGGATGAGGATCTTCGA,0,3617575
tmaR_predicted,0.1111111111111111,8,8,GCCGAAGGAATAGTTGAGAT,0,3614373
tmaR_predicted,0.1111111111111111,8,8,GCCAGTTTACAGATTCCCAA,0,3614757
tmaR_predicted,0.1111111111111111,8,8,GCCAATCAATGCGCAGTCCC,0,3648047
tmaR_predicted,0.1111111111111111,8,8,GCATACAAAGGTGGGAGTCG,0,3629881
tmaR_predicted,0.1111111111111111,8,8,GCAGATATCGGGTATCCAAA,0,3628602
tmaR_predicted,0.1111111111111111,8,8,GCAGAATTTAGGGGCTTCAG,0,3612723
tmaR_predicted,0.1111111111111111,8,8,GCACGTTATTACATCTTGAT,0,3632115
tmaR_predicted,0.1111111111111111,8,8,GCACAGAAAACAGACACGAT,0,3629971
tmaR_predicted,0.1111111111111111,8,8,GCACACTTGCCCCGACCCGG,0,3607665
tmaR_predicted,0.1111111111111111,8,8,GCAAGAAGGACCCTCGTGGC,0,3607589
tmaR_predicted,0.1111111111111111,8,8,GATTCTTCGCGTCGGCGTCG,0,3630153
tmaR_predicted,0.1111111111111111,8,8,GATTCCAAGGAAATCACGCG,0,3625677
tmaR_predicted,0.1111111111111111,8,8,GATTAGCACCTCGTTAACTA,0,3644877
tmaR_predicted,0.1111111111111111,8,8,GATGCCGGCATCAGCAATCA,0,3630489
tmaR_predicted,0.1111111111111111,8,8,GATCAGCGAGACTCGTCTAA,0,3616689
tmaR_predicted,0.1111111111111111,8,8,GATATCGATGTCCGCCTGAT,0,3615784
tmaR_predicted,0.1111111111111111,8,8,GAGCAGCGCATGCCCTGTCA,0,3613916
tmaR_predicted,0.1111111111111111,8,8,GAGACCGGATATAATTTCGC,0,3642490
tmaR_predicted,0.1111111111111111,8,8,GACTTGAGGGTTAGTGCGTC,0,3625957
tmaR_predicted,0.1111111111111111,8,8,GACTAATGTAATTATCTAAA,0,3607953
tmaR_predicted,0.1111111111111111,8,8,GACTAAACGGCTAGCCAGGT,0,3648204
tmaR_predicted,0.1111111111111111,8,8,GACGCATTAGGAGTCTGAGC,0,3638049
tmaR_predicted,0.1111111111111111,8,8,GACAGTATACAAGTGGCCAC,0,3627561
tmaR_predicted,0.1111111111111111,8,8,GACAGAATGACCGCCAGGAG,0,3611599
tmaR_predicted,0.1111111111111111,8,8,GACACTCGTGTCATCCCACA,0,3606944
tmaR_predicted,0.1111111111111111,8,8,GAAGTGCGACCGGGCTTCCC,0,3626323
tmaR_predicted,0.1111111111111111,8,8,GAAGGGCGAACAGTCGGCGT,0,3644335
tmaR_predicted,0.1111111111111111,8,8,GAAGGACCGTCTACGAGACT,0,3631891
tmaR_predicted,0.1111111111111111,8,8,CTTTCTTACATAGCGTAGTG,0,3644626
tmaR_predicted,0.1111111111111111,8,8,CTTTCGGGAGATTGCACGAT,0,3648956
tmaR_predicted,0.1111111111111111,8,8,CTTGGCAGCAGTGTGCGGCA,0,3612386
tmaR_predicted,0.1111111111111111,8,8,CTTGCTGAAGAGGCGTTTAT,0,3612151
tmaR_predicted,0.1111111111111111,8,8,CTTCACCGCAAGGTGACGGG,0,3610736
tmaR_predicted,0.1111111111111111,8,8,CTTATGGTGGGATGCTTAAA,0,3621990
tmaR_predicted,0.1111111111111111,8,8,CTGGCCGACTACACGTGTTA,0,3640406
tmaR_predicted,0.1111111111111111,8,8,CTGGCAGGCAGTGGTTACCA,0,3647570
tmaR_predicted,0.1111111111111111,8,8,CTGGAGTTTTCATCCCCATA,0,3620193
tmaR_predicted,0.1111111111111111,8,8,CTGCTCGGCACTTTGTCCTT,0,3604456
tmaR_predicted,0.1111111111111111,8,8,CTGCTCAGTGTCCAAGGCTT,0,3619276
tmaR_predicted,0.1111111111111111,8,8,CTGCCGGTAGCTCGAATGGA,0,3640491
tmaR_predicted,0.1111111111111111,8,8,CTGATTTGAAAATGGTTTAC,0,3623988
tmaR_predicted,0.1111111111111111,8,8,CTGAATCATTTATGATCAGA,0,3642665
tmaR_predicted,0.1111111111111111,8,8,CTGAAAGCAGTCGAAACGCT,0,3637741
tmaR_predicted,0.1111111111111111,8,8,CTGAAACCAATGAGCTGGAG,0,3628987
tmaR_predicted,0.1111111111111111,8,8,CTCTTGTCCGGTACACCTCC,0,3617049
tmaR_predicted,0.1111111111111111,8,8,CTCTGGCGGGATGTGATTTT,0,3625575
tmaR_predicted,0.1111111111111111,8,8,CTCTCCAGTCACGGTCAATT,0,3646801
tmaR_predicted,0.1111111111111111,8,8,CTCGTTAGGCTGTTTACGTT,0,3619304
tmaR_predicted,0.1111111111111111,8,8,CTCGGGGCATCAAACAGGTT,0,3604884
tmaR_predicted,0.1111111111111111,8,8,CTCGCGTGCCTCGTTCGAAC,0,3619464
tmaR_predicted,0.1111111111111111,8,8,CTCCCCTATCTTTCGGTCTG,0,3638058
tmaR_predicted,0.1111111111111111,8,8,CTATGGTTAATTGGAGATAC,0,3612261
tmaR_predicted,0.1111111111111111,8,8,CTATCTCTCATGGTGCCTAT,0,3612165
tmaR_predicted,0.1111111111111111,8,8,CTATCAAGGCTCGAGCACTA,0,3634536
tmaR_predicted,0.1111111111111111,8,8,CTATAGGTCCGTGCCCAAAG,0,3608794
tmaR_predicted,0.1111111111111111,8,8,CTAGTCTAGTAATGAGGGTG,0,3612886
tmaR_predicted,0.1111111111111111,8,8,CTAGTATCCGTCCCGATCGG,0,3623044
tmaR_predicted,0.1111111111111111,8,8,CTAGGCACCCACGGTCGCGC,0,3643708
tmaR_predicted,0.1111111111111111,8,8,CTAGATCTATGTTGTGAGGC,0,3628117
tmaR_predicted,0.1111111111111111,8,8,CTACCTTGGCGAAACCCGTG,0,3641112
tmaR_predicted,0.1111111111111111,8,8,CTACCGCAGCGACGGGGGTT,0,3635978
tmaR_predicted,0.1111111111111111,8,8,CTAAGTAAAGGAGGGTCTTT,0,3622608
tmaR_predicted,0.1111111111111111,8,8,CGTTTTTCCGTACAGCCCTC,0,3641177
tmaR_predicted,0.1111111111111111,8,8,CGTTTTAATGACAATTCGGT,0,3621448
tmaR_predicted,0.1111111111111111,8,8,CGTTGGTTCGCTACGGAGAA,0,3621784
tmaR_predicted,0.1111111111111111,8,8,CGTGCGCCATGCTAAATTAA,0,3645010
tmaR_predicted,0.1111111111111111,8,8,CGTGCCGGAACTACTAGCCT,0,3617083
tmaR_predicted,0.1111111111111111,8,8,CGTGACCCTTCGTTAGGGAT,0,3637278
tmaR_predicted,0.1111111111111111,8,8,CGTCGGTAGATGGTATGATT,0,3616083
tmaR_predicted,0.1111111111111111,8,8,CGTCGAAGGTACGGGAACAC,0,3605308
tmaR_predicted,0.1111111111111111,8,8,CGTCCTACGGGCATCATCAG,0,3615125
tmaR_predicted,0.1111111111111111,8,8,CGTCCCCAGGGCCAAGACAT,0,3640133
tmaR_predicted,0.1111111111111111,8,8,CGTATAATCGCCCCTGTGTG,0,3642673
tmaR_predicted,0.1111111111111111,8,8,CGTAGGCGCGCATGTAAATT,0,3630361
tmaR_predicted,0.1111111111111111,8,8,CGGGGCGCGGGGAGCAACCG,0,3633510
tmaR_predicted,0.1111111111111111,8,8,CGGGAGGGATCTTAGTCCTG,0,3613417
tmaR_predicted,0.1111111111111111,8,8,CGGGAAGATATGGTACATTA,0,3617308
tmaR_predicted,0.1111111111111111,8,8,CGGCGGAATTGGGGTGTGCT,0,3618058
tmaR_predicted,0.1111111111111111,8,8,CGGCAACTTCTTGAAGAGCC,0,3624059
tmaR_predicted,0.1111111111111111,8,8,CGGATCTGACAAGATGTAAT,0,3618198
tmaR_predicted,0.1111111111111111,8,8,CGCTGTCCGGCACTATGGCT,0,3611667
tmaR_predicted,0.1111111111111111,8,8,CGCGGTTTCTAGCGTGTATA,0,3633416
tmaR_predicted,0.1111111111111111,8,8,CGCGGAAATTCCGGAGGACC,0,3604189
tmaR_predicted,0.1111111111111111,8,8,CGCGCGGGTTAGTAAGTAAA,0,3647706
tmaR_predicted,0.1111111111111111,8,8,CGCGAATGGGTGCTTCTGAC,0,3606599
tmaR_predicted,0.1111111111111111,8,8,CGCCGTGGACGAGGAAGCAC,0,3635282
tmaR_predicted,0.1111111111111111,8,8,CGCACGTACAGGGGCTGTGT,0,3612946
tmaR_predicted,0.1111111111111111,8,8,CGCAAAAGGCTACGCGACTA,0,3607485
tmaR_predicted,0.1111111111111111,8,8,CGAGTGAGAATATGGTTTTG,0,3623882
tmaR_predicted,0.1111111111111111,8,8,CGAGCTCTGGAGAAGTCCCT,0,3627660
tmaR_predicted,0.1111111111111111,8,8,CCTGGTTTCATCCACTGCCA,0,3615185
tmaR_predicted,0.1111111111111111,8,8,CCTGGGCCGTGCTCATCAGT,0,3641900
tmaR_predicted,0.1111111111111111,8,8,CCTGAATGGTGCGAGAAGGT,0,3615712
tmaR_predicted,0.1111111111111111,8,8,CCTCTTATTAGGAGGAACAA,0,3624720
tmaR_predicted,0.1111111111111111,8,8,CCTCGGCGGTTGTACAGTCA,0,3607712
tmaR_predicted,0.1111111111111111,8,8,CCTAGGGTTCACCTCAAGGA,0,3611625
tmaR_predicted,0.1111111111111111,8,8,CCTAGAAATACTCATAGGAA,0,3617547
tmaR_predicted,0.1111111111111111,8,8,CCTACTTATTGATGCGGGAA,0,3612889
tmaR_predicted,0.1111111111111111,8,8,CCTAAATGGTACAGGCAGGC,0,3638381
tmaR_predicted,0.1111111111111111,8,8,CCGTTGCTAGTCTCTGGTTA,0,3621451
tmaR_predicted,0.1111111111111111,8,8,CCGTTGAAGACAATCTTGTA,0,3617971
tmaR_predicted,0.1111111111111111,8,8,CCGTTAACTTTCATTTGTTT,0,3638673
tmaR_predicted,0.1111111111111111,8,8,CCGGGAGACAGGGACTGTAG,0,3647553
tmaR_predicted,0.1111111111111111,8,8,CCGACTTCGACTCACCACCT,0,3606849
tmaR_predicted,0.1111111111111111,8,8,CCGAAGTCGGCCGTTTCTTA,0,3608776
tmaR_predicted,0.1111111111111111,8,8,CCCTTTCATACGGGGACCTC,0,3637657
tmaR_predicted,0.1111111111111111,8,8,CCCTGGGTGATGTTCAACGG,0,3630539
tmaR_predicted,0.1111111111111111,8,8,CCCTAACTATTGAGACTTAG,0,3640424
tmaR_predicted,0.1111111111111111,8,8,CCCCGTGCGACTAGGTGCTT,0,3641897
tmaR_predicted,0.1111111111111111,8,8,CCCCGCTTCTAGCTTCGCCA,0,3649406
tmaR_predicted,0.1111111111111111,8,8,CCCAAGCGAGATTGCGTCAC,0,3631688
tmaR_predicted,0.1111111111111111,8,8,CCCAAGCATTGCCCGAACTA,0,3606756
tmaR_predicted,0.1111111111111111,8,8,CCAGTACGTGCCGATCCACC,0,3643196
tmaR_predicted,0.1111111111111111,8,8,CCAGCGTAAAAAAGGTAGGT,0,3647342
tmaR_predicted,0.1111111111111111,8,8,CCAGCACTATACGTAAAGAG,0,3618245
tmaR_predicted,0.1111111111111111,8,8,CCAATGTTCCACGCGCCCCT,0,3623131
tmaR_predicted,0.1111111111111111,8,8,CCAAGCGTTGCTTTGCAGGG,0,3623063
tmaR_predicted,0.1111111111111111,8,8,CCAACCGGAGAGGGCCGGTT,0,3616412
tmaR_predicted,0.1111111111111111,8,8,CCAACAGTGGGGCTCGTATT,0,3642612
tmaR_predicted,0.1111111111111111,8,8,CATGTACACGGATAGAGGGA,0,3622811
tmaR_predicted,0.1111111111111111,8,8,CATCGGCCAGAGGTAAGTAG,0,3619214
tmaR_predicted,0.1111111111111111,8,8,CATCCGGCTCGCATCGTACG,0,3644223
tmaR_predicted,0.1111111111111111,8,8,CATCCGCACGATTTTTGCCC,0,3626110
tmaR_predicted,0.1111111111111111,8,8,CAGTCAAATCTCACAGACGG,0,3629415
tmaR_predicted,0.1111111111111111,8,8,CAGGTTGGTTAATTTGATAC,0,3612215
tmaR_predicted,0.1111111111111111,8,8,CAGGTTGAGTCATGGACTCA,0,3635839
tmaR_predicted,0.1111111111111111,8,8,CAGCGATGACAAGAACGGAT,0,3611178
tmaR_predicted,0.1111111111111111,8,8,CAGAGATTCCGTTGAGCCGG,0,3621051
tmaR_predicted,0.1111111111111111,8,8,CAATTTTCTATGTACCTAAT,0,3644924
tmaR_predicted,0.1111111111111111,8,8,CAAGCCTGCGTTGCCCTTAG,0,3610624
tmaR_predicted,0.1111111111111111,8,8,CAAATGGTTTGTAGGTGTTT,0,3640534
tmaR_predicted,0.1111111111111111,8,8,CAAACAGCGTGACCTAGGCT,0,3633163
tmaR_predicted,0.1111111111111111,8,8,ATTTTCGGTTCTCAAAATTC,0,3614965
tmaR_predicted,0.1111111111111111,8,8,ATTTAAGCCGCGGTATAGAA,0,3623257
tmaR_predicted,0.1111111111111111,8,8,ATTGTTTCCTCGCGTGACTA,0,3644248
tmaR_predicted,0.1111111111111111,8,8,ATTGTAGCAGAACGCGGTAC,0,3633615
tmaR_predicted,0.1111111111111111,8,8,ATTGTACAACAACATAACTT,0,3645842
tmaR_predicted,0.1111111111111111,8,8,ATTGCGGGGAACATACGTGA,0,3621973
tmaR_predicted,0.1111111111111111,8,8,ATTCTTCTTAATTTCAAAGT,0,3618099
tmaR_predicted,0.1111111111111111,8,8,ATTCCTCGTTAAGCGGGATT,0,3625671
tmaR_predicted,0.1111111111111111,8,8,ATTCCTCCTCTGAGTATACC,0,3621798
tmaR_predicted,0.1111111111111111,8,8,ATTAGTACAGATAGGTCATA,0,3604923
tmaR_predicted,0.1111111111111111,8,8,ATTACGCCGCCCAGTGGAGG,0,3649165
tmaR_predicted,0.1111111111111111,8,8,ATTAAAGTTTGCCTGCCCAT,0,3614822
tmaR_predicted,0.1111111111111111,8,8,ATGTTAACCGTACAGACCCG,0,3630111
tmaR_predicted,0.1111111111111111,8,8,ATGTCACGGCCCTATTAATT,0,3642832
tmaR_predicted,0.1111111111111111,8,8,ATGGGTACGATAAATGGGGA,0,3640260
tmaR_predicted,0.1111111111111111,8,8,ATGCCTGCGAATTTACCAGG,0,3643933
tmaR_predicted,0.1111111111111111,8,8,ATGAGAATAAAGTGTTAGAG,0,3626701
tmaR_predicted,0.1111111111111111,8,8,ATGAAGAGGAGCACTTATGA,0,3622926
tmaR_predicted,0.1111111111111111,8,8,ATCTAATAGAAATGATTCAT,0,3627280
tmaR_predicted,0.1111111111111111,8,8,ATCGCTTTTAACCTTTCGTT,0,3650351
tmaR_predicted,0.1111111111111111,8,8,ATCGAGGGCACGTCCATTTT,0,3609341
tmaR_predicted,0.1111111111111111,8,8,ATCCGCGAACTGTCCACAAA,0,3639232
tmaR_predicted,0.1111111111111111,8,8,ATCATGAGACCCAGAGGAGA,0,3617258
tmaR_predicted,0.1111111111111111,8,8,ATATGAAGCAACTCATCTCG,0,3612161
tmaR_predicted,0.1111111111111111,8,8,ATAGTTCGAGCCTTAGCAAA,0,3634869
tmaR_predicted,0.1111111111111111,8,8,ATAGGGTTGGGGAGTCGAGA,0,3623172
tmaR_predicted,0.1111111111111111,8,8,ATAGGCCAGGTCATTAGATC,0,3607882
tmaR_predicted,0.1111111111111111,8,8,ATAGCATTAAAACGCAGATT,0,3618559
tmaR_predicted,0.1111111111111111,8,8,ATACGAGGGGCCTGCCCGAA,0,3630019
tmaR_predicted,0.1111111111111111,8,8,ATACCTTTACGTCGTACGTG,0,3613328
tmaR_predicted,0.1111111111111111,8,8,AGTTGTTCTCTGAGTGCTCC,0,3638457
tmaR_predicted,0.1111111111111111,8,8,AGTGCTACTTGGTAGTCGAT,0,3630531
tmaR_predicted,0.1111111111111111,8,8,AGTCAAAGTGATAGAGGATC,0,3641393
tmaR_predicted,0.1111111111111111,8,8,AGGTTTTAACGTCCAGGCAA,0,3611413
tmaR_predicted,0.1111111111111111,8,8,AGGTTGCACTCTAGACCATA,0,3625636
tmaR_predicted,0.1111111111111111,8,8,AGGTTCACTTTTGGCTGTCA,0,3624943
tmaR_predicted,0.1111111111111111,8,8,AGGTGAGGGACCATAGGCAG,0,3634549
tmaR_predicted,0.1111111111111111,8,8,AGGTCGATTATACGGCATCG,0,3612173
tmaR_predicted,0.1111111111111111,8,8,AGGTAGTGACAGCCAGGATG,0,3649950
tmaR_predicted,0.1111111111111111,8,8,AGGGTACAGTTCGTACTCGA,0,3621932
tmaR_predicted,0.1111111111111111,8,8,AGGCGACAGCCTCCGTTTAC,0,3648648
tmaR_predicted,0.1111111111111111,8,8,AGGCATTCAAAAATTCTTTA,0,3605710
tmaR_predicted,0.1111111111111111,8,8,AGGCAAACGTCGTCCGTTTC,0,3634421
tmaR_predicted,0.1111111111111111,8,8,AGGATCTGAAGCAAGGCTAA,0,3648481
tmaR_predicted,0.1111111111111111,8,8,AGGACGTGACCCGGAGTCTT,0,3627092
tmaR_predicted,0.1111111111111111,8,8,AGGAAAGCGCATATAAGTTC,0,3644346
tmaR_predicted,0.1111111111111111,8,8,AGGAAACCGAACTCTTTGCG,0,3647167
tmaR_predicted,0.1111111111111111,8,8,AGCTAGCCCCTCGCCAGCCT,0,3610138
tmaR_predicted,0.1111111111111111,8,8,AGCGGCAAAGGATTAACGCG,0,3612346
tmaR_predicted,0.1111111111111111,8,8,AGCGCTCAGTGTTTAGATTG,0,3644613
tmaR_predicted,0.1111111111111111,8,8,AGCGCAACAAGGGTCGGGTG,0,3640854
tmaR_predicted,0.1111111111111111,8,8,AGCGAGCAGGACCTGAAACA,0,3609996
tmaR_predicted,0.1111111111111111,8,8,AGCGACACGGTCTTACGTTG,0,3630740
tmaR_predicted,0.1111111111111111,8,8,AGCCTGCCCCTGTTAAAAGG,0,3606078
tmaR_predicted,0.1111111111111111,8,8,AGCCGATTACTCATGCCTCT,0,3607848
tmaR_predicted,0.1111111111111111,8,8,AGAGGATGCTCTGGGGCCAG,0,3639513
tmaR_predicted,0.1111111111111111,8,8,AGACTTAGTTCAGAATCCTA,0,3604062
tmaR_predicted,0.1111111111111111,8,8,AGAATTTTGATACTATTGAT,0,3641147
tmaR_predicted,0.1111111111111111,8,8,ACTTAACTGGGTATTTTTCT,0,3607991
tmaR_predicted,0.1111111111111111,8,8,ACTGCGCATCCTTTGGCCGC,0,3604095
tmaR_predicted,0.1111111111111111,8,8,ACTCTCGCGGCGAAGGCCGG,0,3639407
tmaR_predicted,0.1111111111111111,8,8,ACTAATGTGGGAGGGCAGAT,0,3628881
tmaR_predicted,0.1111111111111111,8,8,ACGTGGTATGTTGTACTCGA,0,3641385
tmaR_predicted,0.1111111111111111,8,8,ACGGTCATCATTCACGAACA,0,3627417
tmaR_predicted,0.1111111111111111,8,8,ACGGCTCTCCCCGTGACCCG,0,3646332
tmaR_predicted,0.1111111111111111,8,8,ACGCTGGCATAATGTTCCTT,0,3648675
tmaR_predicted,0.1111111111111111,8,8,ACGCCCACCGAGCACGGCTG,0,3633475
tmaR_predicted,0.1111111111111111,8,8,ACGAACATTATAGTTACAGC,0,3622668
tmaR_predicted,0.1111111111111111,8,8,ACCGCCCCCAATACGCGGCC,0,3640383
tmaR_predicted,0.1111111111111111,8,8,ACCGAGGCGCCTCATGCGAA,0,3613281
tmaR_predicted,0.1111111111111111,8,8,ACCCGTACAGTGTCCGATTG,0,3619839
tmaR_predicted,0.1111111111111111,8,8,ACCACACTGCCATGGCAAAA,0,3604461
tmaR_predicted,0.1111111111111111,8,8,ACATGGTCCATGCCCCCGCG,0,3648642
tmaR_predicted,0.1111111111111111,8,8,ACATAGTGCATCATAAAATA,0,3637107
tmaR_predicted,0.1111111111111111,8,8,ACATAGCCATCGTACTATTC,0,3622814
tmaR_predicted,0.1111111111111111,8,8,ACATACGGGAACTTGATCGC,0,3636683
tmaR_predicted,0.1111111111111111,8,8,ACAGTCGCAAGCCGCGCGAG,0,3609743
tmaR_predicted,0.1111111111111111,8,8,ACAGGGACAATCCGTTCGTG,0,3634026
tmaR_predicted,0.1111111111111111,8,8,ACAGGCTCACTTGGGACCAA,0,3628590
tmaR_predicted,0.1111111111111111,8,8,AATGTCCACTACGAGTAGTT,0,3624984
tmaR_predicted,0.1111111111111111,8,8,AATGGGGGTTATTGCACTGG,0,3625204
tmaR_predicted,0.1111111111111111,8,8,AATCTAGCGATTTAACGGGA,0,3617123
tmaR_predicted,0.1111111111111111,8,8,AATACGAGGATTGAGACGAT,0,3615602
tmaR_predicted,0.1111111111111111,8,8,AATAAGAAAGTGTTATTTAA,0,3615146
tmaR_predicted,0.1111111111111111,8,8,AAGTGCATTGTCAGTGTAAA,0,3618191
tmaR_predicted,0.1111111111111111,8,8,AAGTAAGTGTTAACGGAGTA,0,3641465
tmaR_predicted,0.1111111111111111,8,8,AAGTAAAGAATGCACCAAGG,0,3615303
tmaR_predicted,0.1111111111111111,8,8,AAGGCTGAATGGTAGGCGAT,0,3620172
tmaR_predicted,0.1111111111111111,8,8,AAGCTTTGTAACGCGAAAGC,0,3642691
tmaR_predicted,0.1111111111111111,8,8,AAGCATTGTTTAAAGAAGCG,0,3622080
tmaR_predicted,0.1111111111111111,8,8,AAGAGATAGGGCACCCGAGG,0,3636075
tmaR_predicted,0.1111111111111111,8,8,AACTGAAGACGACTGCGGTT,0,3636730
tmaR_predicted,0.1111111111111111,8,8,AACTCTGCCACATTTTAGCG,0,3613126
tmaR_predicted,0.1111111111111111,8,8,AACGAATATCGTAAGCGTAT,0,3631396
tmaR_predicted,0.1111111111111111,8,8,AACGAAGTCTTGCCAGATAG,0,3639349
tmaR_predicted,0.1111111111111111,8,8,AACCTTAGTCGCAGTATGGC,0,3618627
tmaR_predicted,0.1111111111111111,8,8,AACATTTCAACCAATGGTGG,0,3618540
tmaR_predicted,0.1111111111111111,8,8,AACATTGTCGCAAGTCTTTT,0,3639233
tmaR_predicted,0.1111111111111111,8,8,AAATGAGTTAACGGCCAAAT,0,3610243
tmaR_predicted,0.1111111111111111,8,8,AAAGTAGTTCAAACGGTCCA,0,3615449
tmaR_predicted,0.1111111111111111,8,8,AAAGCCCACTGATACGACGT,0,3624918
tmaR_predicted,0.1111111111111111,8,8,AAACTTGGCCTCATACGGCT,0,3611597
tmaR_predicted,0.1111111111111111,8,8,AAACCTACTCTGAGGGAAGT,0,3605749
tmaR_predicted,0.1111111111111111,8,8,AAAATCTGAACATTCGGAAA,0,3635711
tmaR_predicted,0.1111111111111111,8,8,AAAAGTGTAGTAATATATAA,0,3630154
tmaR_predicted,0.1111111111111111,8,8,AAAAGTGCACTTACTGGCCC,0,3617958
tmaR_predicted,0.125,7,7,TTTTTTGATACTTGGAGCGT,0,3637817
tmaR_predicted,0.125,7,7,TTTTTTCGTATTCGGGATAG,0,3637769
tmaR_predicted,0.125,7,7,TTTGATGTGTAACCTCTGGA,0,3615905
tmaR_predicted,0.125,7,7,TTTCTGCTATTTGTCTGATT,0,3615709
tmaR_predicted,0.125,7,7,TTTCGCCATCCTGCAAGACG,0,3604220
tmaR_predicted,0.125,7,7,TTTATTGTTGTCTGAAAATT,0,3626359
tmaR_predicted,0.125,7,7,TTTACATAGGAAGTCAATCA,0,3622881
tmaR_predicted,0.125,7,7,TTGGTTATAATCCAATAGCG,0,3606785
tmaR_predicted,0.125,7,7,TTGGGGCACGTTAGAGAATT,0,3604255
tmaR_predicted,0.125,7,7,TTGCGACGGGGTTCGAGTTC,0,3639227
tmaR_predicted,0.125,7,7,TTGCAGTTACGATAGATGAG,0,3604943
tmaR_predicted,0.125,7,7,TTGAGGTTGATGGCCAGCAA,0,3606332
tmaR_predicted,0.125,7,7,TTGAGCTTCTGTTTGATTCT,0,3642291
tmaR_predicted,0.125,7,7,TTGAGAGGAATCTGTTGACA,0,3614170
tmaR_predicted,0.125,7,7,TTGACCAGGCAGTAGAATTG,0,3620335
tmaR_predicted,0.125,7,7,TTGAACCAGATTCTTAGAAA,0,3613552
tmaR_predicted,0.125,7,7,TTCGTTTCGTATCAGGAAGT,0,3639642
tmaR_predicted,0.125,7,7,TTCGTGCGTTAACTTTGGCA,0,3645574
tmaR_predicted,0.125,7,7,TTCGTGCGACAAAGGCTCAG,0,3644781
tmaR_predicted,0.125,7,7,TTCGCGGGAGTGGTGGAAAA,0,3626364
tmaR_predicted,0.125,7,7,TTCGAAGGGTATTGAGCGCC,0,3648190
tmaR_predicted,0.125,7,7,TTCCTGAAAGCACAGACCGA,0,3624184
tmaR_predicted,0.125,7,7,TTCCGGACTTAGTTGGCGTT,0,3609292
tmaR_predicted,0.125,7,7,TTCCGAATTGTCTTCTACAA,0,3621405
tmaR_predicted,0.125,7,7,TTCATGGGTAACTTGGAGTC,0,3606026
tmaR_predicted,0.125,7,7,TTATGTGGCTTTCGTCTCAT,0,3633922
tmaR_predicted,0.125,7,7,TTAGTTCAGACACAGCCCAG,0,3628449
tmaR_predicted,0.125,7,7,TTAGGCGAGCAGAAACCCGT,0,3640654
tmaR_predicted,0.125,7,7,TTAGATGAGCATAACTGCCA,0,3619833
tmaR_predicted,0.125,7,7,TTACGGCATTGTGGCCCGGG,0,3613746
tmaR_predicted,0.125,7,7,TTACGCAGTTAAGGTGAAGC,0,3637703
tmaR_predicted,0.125,7,7,TTACACCGCGCAGCACAACC,0,3617444
tmaR_predicted,0.125,7,7,TTAACTGAGCATCATCTGGT,0,3606395
tmaR_predicted,0.125,7,7,TTAACTCGCTTCACTGGGTT,0,3624262
tmaR_predicted,0.125,7,7,TTAACATGCGGGTTTGAGCC,0,3648651
tmaR_predicted,0.125,7,7,TGTTCGTGTTCCGGACACGT,0,3633465
tmaR_predicted,0.125,7,7,TGTCTTCCGCGTCGGACCAC,0,3614922
tmaR_predicted,0.125,7,7,TGTCTATTATCGATTTCAAG,0,3638711
tmaR_predicted,0.125,7,7,TGTATATCCCGGGGTACTTG,0,3645438
tmaR_predicted,0.125,7,7,TGTACAATGGCACATGACAG,0,3647273
tmaR_predicted,0.125,7,7,TGGTCATAGGTAAACTATCA,0,3615937
tmaR_predicted,0.125,7,7,TGGTAGAGACCGTATCCCAA,0,3628172
tmaR_predicted,0.125,7,7,TGGTAAGCGATTCCTATTAG,0,3625243
tmaR_predicted,0.125,7,7,TGGGCGACGGTATCTTCAAG,0,3637479
tmaR_predicted,0.125,7,7,TGGGCACGCCCGCCCCAGTA,0,3632126
tmaR_predicted,0.125,7,7,TGGCTCAGGTAACATCGATT,0,3606691
tmaR_predicted,0.125,7,7,TGGCGGCCCGTGCCGGGACT,0,3636523
tmaR_predicted,0.125,7,7,TGGCCGCTACTACTCGGTTC,0,3611314
tmaR_predicted,0.125,7,7,TGGACATCGTGAGTCTCGAG,0,3614241
tmaR_predicted,0.125,7,7,TGCTTTTGCCCACTTGCTGG,0,3615800
tmaR_predicted,0.125,7,7,TGCTCAGCGATTTCGTGCGA,0,3644891
tmaR_predicted,0.125,7,7,TGCGTCCCAACATTATCGAC,0,3627610
tmaR_predicted,0.125,7,7,TGCGGGCGTCGTGGCGACCG,0,3626666
tmaR_predicted,0.125,7,7,TGCCCTGGTTCCGGAAAATT,0,3641602
tmaR_predicted,0.125,7,7,TGCATGCCTGCAATGCTTTG,0,3617862
tmaR_predicted,0.125,7,7,TGCAGCTTTGCGGGGCTCGA,0,3606377
tmaR_predicted,0.125,7,7,TGCAAAGGCTCCACTAACAT,0,3609390
tmaR_predicted,0.125,7,7,TGATTTCAAGTATTTCACTG,0,3634131
tmaR_predicted,0.125,7,7,TGATGTGCATTTCCGTTGCG,0,3633627
tmaR_predicted,0.125,7,7,TGATCGCTTGCTAGACCTCC,0,3628238
tmaR_predicted,0.125,7,7,TGAGTGCCATTCAGGAATAG,0,3620196
tmaR_predicted,0.125,7,7,TGAGGTTTGCACACCCAGCC,0,3625821
tmaR_predicted,0.125,7,7,TGAGGGACAACTGATTTTGA,0,3637869
tmaR_predicted,0.125,7,7,TGACGAGCTTGGGGACTCCG,0,3618435
tmaR_predicted,0.125,7,7,TGACAGCCAGGCACTATTAT,0,3615183
tmaR_predicted,0.125,7,7,TGAAGCTAACTCACACAGCA,0,3635016
tmaR_predicted,0.125,7,7,TCTTGCTGCGATCGACTTCT,0,3637731
tmaR_predicted,0.125,7,7,TCTGTGAACGTTATTTCCTT,0,3644658
tmaR_predicted,0.125,7,7,TCTGCCCTGAAAAACAGCTA,0,3642537
tmaR_predicted,0.125,7,7,TCTGAGTACCCATAACGGTC,0,3639588
tmaR_predicted,0.125,7,7,TCTCCGCTTTTTAAATCCAT,0,3631945
tmaR_predicted,0.125,7,7,TCTAGGTAGTCCTTACTATT,0,3622864
tmaR_predicted,0.125,7,7,TCTACTAGATTGTAGCTCAG,0,3630829
tmaR_predicted,0.125,7,7,TCGTGCGGAGTATTAGAGTA,0,3629010
tmaR_predicted,0.125,7,7,TCGTACAAACAGCGGATATA,0,3645177
tmaR_predicted,0.125,7,7,TCGGGTAGCTGAATCCGTCC,0,3621988
tmaR_predicted,0.125,7,7,TCGGCCGTAGGGAGCCAGCT,0,3641419
tmaR_predicted,0.125,7,7,TCGCTGGCCGCAACTACGGG,0,3608332
tmaR_predicted,0.125,7,7,TCGCGGAGGCAAGGAACGTT,0,3626700
tmaR_predicted,0.125,7,7,TCGCGCGGGTCACGGTGACT,0,3627795
tmaR_predicted,0.125,7,7,TCGCCCCCCGGTGGGGACAC,0,3636590
tmaR_predicted,0.125,7,7,TCGCCCAGTCCGGCGTTGGG,0,3645491
tmaR_predicted,0.125,7,7,TCGCAAACAGGATCGCGGCT,0,3611606
tmaR_predicted,0.125,7,7,TCGATAGCTGCCTATTACAT,0,3625529
tmaR_predicted,0.125,7,7,TCCCGCAGGTCCAACAAAAG,0,3650181
tmaR_predicted,0.125,7,7,TCCCCTGTGTCAAGATGTCA,0,3617510
tmaR_predicted,0.125,7,7,TCCCCGACTGCGGCACGCGC,0,3619363
tmaR_predicted,0.125,7,7,TCCCCCGAGCATTCAGGCGC,0,3615162
tmaR_predicted,0.125,7,7,TCCCCACTATATCACTGCGG,0,3626055
tmaR_predicted,0.125,7,7,TCCCAAGCGGAAGGTAGTTG,0,3641122
tmaR_predicted,0.125,7,7,TCCAAAAGTGTGATGGACGT,0,3645304
tmaR_predicted,0.125,7,7,TCATTATAGAGGGTCTCTCT,0,3643674
tmaR_predicted,0.125,7,7,TCATTAAAATTACTGGTCCC,0,3622321
tmaR_predicted,0.125,7,7,TCATATATAGTGGTTCAATC,0,3607833
tmaR_predicted,0.125,7,7,TCAGCAGATCTTTGGGGCGG,0,3617809
tmaR_predicted,0.125,7,7,TCAGATACTTACGAATGTCT,0,3637367
tmaR_predicted,0.125,7,7,TCACAGCGACTCAACGCAGG,0,3642008
tmaR_predicted,0.125,7,7,TCAATTTTATCCTGCCCGTT,0,3628523
tmaR_predicted,0.125,7,7,TATGCACGGAGACCTCGATT,0,3632486
tmaR_predicted,0.125,7,7,TATAGATCGCTTCTTCTAAT,0,3609826
tmaR_predicted,0.125,7,7,TATAGACCCCGCTGTTGTTT,0,3607013
tmaR_predicted,0.125,7,7,TATAAATGCAATAATTCGTA,0,3640171
tmaR_predicted,0.125,7,7,TAGGGTTGCCGGCAAGATAC,0,3626572
tmaR_predicted,0.125,7,7,TAGGGCTAGATCGAGTTGGT,0,3635613
tmaR_predicted,0.125,7,7,TAGGCTGTGTCGTACAATTA,0,3636276
tmaR_predicted,0.125,7,7,TAGCGACTGGCGGACCCTAT,0,3643426
tmaR_predicted,0.125,7,7,TAGCAGCAGAACCGGTTGTT,0,3609110
tmaR_predicted,0.125,7,7,TAGAGCGCAGAGGGACCGAT,0,3627691
tmaR_predicted,0.125,7,7,TAGACGCGTAGCTCTGCTGG,0,3640035
tmaR_predicted,0.125,7,7,TAGACCCGCGTTCTCTTATC,0,3621758
tmaR_predicted,0.125,7,7,TACTGGGGCGGTTTCTAAAC,0,3632128
tmaR_predicted,0.125,7,7,TACTCTTTCTCGAACCGCGC,0,3639049
tmaR_predicted,0.125,7,7,TACGCTCCGAAAGATTCTGT,0,3617120
tmaR_predicted,0.125,7,7,TACGCTACGGCCATGGAGTT,0,3631726
tmaR_predicted,0.125,7,7,TACCGAGTTCGGGAGTTCTC,0,3618861
tmaR_predicted,0.125,7,7,TACATTGGTGGGTACAAGAA,0,3629950
tmaR_predicted,0.125,7,7,TACATGCAGCTACCTTGCTC,0,3608345
tmaR_predicted,0.125,7,7,TACAGTTTGAAGTCAACTAC,0,3638449
tmaR_predicted,0.125,7,7,TACACGCAATGCCCTTAAGA,0,3604553
tmaR_predicted,0.125,7,7,TACAAGATTGCGTTCAGCGA,0,3620333
tmaR_predicted,0.125,7,7,TAATGCATACGGAGGGGCCG,0,3609155
tmaR_predicted,0.125,7,7,TAAGGTCTCCCTGTCTGCTC,0,3610879
tmaR_predicted,0.125,7,7,TAAGGCGGACAACCCGAGCA,0,3627606
tmaR_predicted,0.125,7,7,TAAGCTTCCATTGTTGCCTT,0,3615173
tmaR_predicted,0.125,7,7,TAACTCTAAGAGATACTCCA,0,3625174
tmaR_predicted,0.125,7,7,TAACAGAAGGGGTGTCTTTA,0,3615402
tmaR_predicted,0.125,7,7,TAACACCGATGCGATTGGAC,0,3626657
tmaR_predicted,0.125,7,7,TAACAAACTTTTCGGTCAGA,0,3640749
tmaR_predicted,0.125,7,7,TAAATCATTTGCACTCTCCA,0,3645864
tmaR_predicted,0.125,7,7,GTTTTGCCCTTCATCGTATT,0,3621092
tmaR_predicted,0.125,7,7,GTTTCTATTGCCTAGCTTAG,0,3607990
tmaR_predicted,0.125,7,7,GTTGTATGCGCTCAGCGGAT,0,3632285
tmaR_predicted,0.125,7,7,GTTGCCCTTTGTTGGTTCAT,0,3631874
tmaR_predicted,0.125,7,7,GTTGAACCGAACGTACGGCG,0,3635887
tmaR_predicted,0.125,7,7,GTTAGCCGTTCGCCCACATT,0,3615179
tmaR_predicted,0.125,7,7,GTTAACTCGGTGTGCCGCAT,0,3640713
tmaR_predicted,0.125,7,7,GTGTTTGAGGGCGTACGTGG,0,3630554
tmaR_predicted,0.125,7,7,GTGTGCGAGGGGCTACTTCT,0,3617590
tmaR_predicted,0.125,7,7,GTGTCATAGCGGGCAAGATG,0,3641529
tmaR_predicted,0.125,7,7,GTGGGGATGTTAAATGAGTT,0,3648383
tmaR_predicted,0.125,7,7,GTGGACCTCCCGCTGGGGCG,0,3621031
tmaR_predicted,0.125,7,7,GTGGACCAGTGTTCACCGCT,0,3607083
tmaR_predicted,0.125,7,7,GTGCTCGTGGTCTGGTCTAA,0,3635641
tmaR_predicted,0.125,7,7,GTGCTACCCGCGTTACCAGG,0,3646598
tmaR_predicted,0.125,7,7,GTGCCCCCTCGACACTGAAT,0,3633596
tmaR_predicted,0.125,7,7,GTGCCAACTTCGTTGTGGCA,0,3630546
tmaR_predicted,0.125,7,7,GTGATCCCGTGACACAATTT,0,3647713
tmaR_predicted,0.125,7,7,GTGAGTGGACGGCAGCGTTC,0,3606603
tmaR_predicted,0.125,7,7,GTGAGCGTTCAACCTTTAAA,0,3622275
tmaR_predicted,0.125,7,7,GTCTACTGGCCTTGGCGCTC,0,3627921
tmaR_predicted,0.125,7,7,GTCCTACGACTTCGGGCCAT,0,3608878
tmaR_predicted,0.125,7,7,GTCATTTAGCCACGATAGTT,0,3649570
tmaR_predicted,0.125,7,7,GTCACGAGACGCGTACGAGT,0,3605917
tmaR_predicted,0.125,7,7,GTAGGGCTATTGTCGTTCCA,0,3604514
tmaR_predicted,0.125,7,7,GTAGCGAGTAATTGAATGGA,0,3621333
tmaR_predicted,0.125,7,7,GTAGCAGTCCGTCAAGAAAC,0,3622206
tmaR_predicted,0.125,7,7,GTAAGTGCTCAGTGATCCAG,0,3645281
tmaR_predicted,0.125,7,7,GGTTTGGGGCAGGTGCTATC,0,3647359
tmaR_predicted,0.125,7,7,GGTTCTGGCGCCTCGCGGTC,0,3635497
tmaR_predicted,0.125,7,7,GGTGTTCTATTGTGGTGAAT,0,3650270
tmaR_predicted,0.125,7,7,GGTGGGCGTTCTACAACGGC,0,3605858
tmaR_predicted,0.125,7,7,GGTGGAGGGTGCTCCAAGTT,0,3638027
tmaR_predicted,0.125,7,7,GGTCTGCGGCTATACAGCCC,0,3634271
tmaR_predicted,0.125,7,7,GGTCGGAACAGCAACAGCTT,0,3624319
tmaR_predicted,0.125,7,7,GGTCCTGAAATGTGGGCGTT,0,3611130
tmaR_predicted,0.125,7,7,GGTCCGTGAACAGACTTTCT,0,3625318
tmaR_predicted,0.125,7,7,GGGTATCGCTAACTGTACTG,0,3606762
tmaR_predicted,0.125,7,7,GGGGTTTGGCAAACAATCTA,0,3612675
tmaR_predicted,0.125,7,7,GGGGGGTGCCTAGGTGCGTA,0,3637688
tmaR_predicted,0.125,7,7,GGGGCTCACAATGTTCATAA,0,3605616
tmaR_predicted,0.125,7,7,GGGGAAAGCGTATATGAGTG,0,3639317
tmaR_predicted,0.125,7,7,GGGCTTAAGTTGGGCGGAAC,0,3626644
tmaR_predicted,0.125,7,7,GGGCAGGTCTGGTATTACTA,0,3633414
tmaR_predicted,0.125,7,7,GGGATCCGGGCGTGCTCGGA,0,3633334
tmaR_predicted,0.125,7,7,GGGACTCGCCTGACTGGCGC,0,3624922
tmaR_predicted,0.125,7,7,GGGACGAGCGTGGGGTGTAT,0,3640877
tmaR_predicted,0.125,7,7,GGGAATGCACAGGCGGTGAC,0,3627753
tmaR_predicted,0.125,7,7,GGCTTTACAGATCTAAACAG,0,3645479
tmaR_predicted,0.125,7,7,GGCTTCAACAGAACACGGAG,0,3643853
tmaR_predicted,0.125,7,7,GGCTCGAACGCGACCGACTT,0,3640774
tmaR_predicted,0.125,7,7,GGCGTGTGACCTCGGTGCAT,0,3636456
tmaR_predicted,0.125,7,7,GGCGGGTTTCATACGTCGTC,0,3623174
tmaR_predicted,0.125,7,7,GGCCCGGCTTCCCGCTAAAT,0,3625786
tmaR_predicted,0.125,7,7,GGCCAGGTTAGCCACGGAGT,0,3624318
tmaR_predicted,0.125,7,7,GGCATGCAACTTAACCTAAT,0,3606886
tmaR_predicted,0.125,7,7,GGCATCCAGGGAGAAGAGCG,0,3604104
tmaR_predicted,0.125,7,7,GGATTGAACGGTGACAAACG,0,3614481
tmaR_predicted,0.125,7,7,GGATGGCCCCCTAGGCCCCC,0,3645500
tmaR_predicted,0.125,7,7,GGATCAGCATGGAGTTTAGC,0,3641640
tmaR_predicted,0.125,7,7,GGAGTTGACCGGGTTCCTCA,0,3618712
tmaR_predicted,0.125,7,7,GGAGTGTCAAGTTGTTAACC,0,3621895
tmaR_predicted,0.125,7,7,GGAGTGACTCTTACTCCAGT,0,3642012
tmaR_predicted,0.125,7,7,GGAGAACAGAACTCCTTGTA,0,3617666
tmaR_predicted,0.125,7,7,GGACGCGCAGAACACTATCC,0,3645231
tmaR_predicted,0.125,7,7,GGAAGCTCTCGACGATCGAA,0,3616329
tmaR_predicted,0.125,7,7,GGAACCAGCTAGAAATGTGT,0,3626049
tmaR_predicted,0.125,7,7,GGAAATTCTAATTCGTTCCT,0,3616831
tmaR_predicted,0.125,7,7,GGAAAAACAGTATAAGGGAC,0,3638846
tmaR_predicted,0.125,7,7,GCTTACACGCAGTGTGAGCT,0,3623197
tmaR_predicted,0.125,7,7,GCTTAAATGATGATCTTCGA,0,3631298
tmaR_predicted,0.125,7,7,GCTGGAAACCCGGCAGCCGC,0,3630118
tmaR_predicted,0.125,7,7,GCTGACTGGGCTGGGATAAT,0,3626856
tmaR_predicted,0.125,7,7,GCTCCCTGGTGAGCCGGTTT,0,3619404
tmaR_predicted,0.125,7,7,GCTCACCTGGCATTCTCGGT,0,3636933
tmaR_predicted,0.125,7,7,GCTATACGTTACACTTCTCG,0,3612958
tmaR_predicted,0.125,7,7,GCGTGTTGGGAATTAGAGGT,0,3633746
tmaR_predicted,0.125,7,7,GCGTCCCATTTTTGCTTGTA,0,3631924
tmaR_predicted,0.125,7,7,GCGTCAATGCTGGAAGCTCT,0,3632599
tmaR_predicted,0.125,7,7,GCGTAGAATTCGGGGTCCCG,0,3644180
tmaR_predicted,0.125,7,7,GCGGGTATAGGGTCATTTGT,0,3634693
tmaR_predicted,0.125,7,7,GCGGGGTCCTTAAGCATGTA,0,3604463
tmaR_predicted,0.125,7,7,GCGGGCAGGTCCAGGGATTT,0,3618932
tmaR_predicted,0.125,7,7,GCGGATCAACGTTAAAAGGC,0,3609389
tmaR_predicted,0.125,7,7,GCGCAGAAGTACCATCCCCC,0,3611763
tmaR_predicted,0.125,7,7,GCGATAAGAATATCTATGCG,0,3629947
tmaR_predicted,0.125,7,7,GCGACCAATCCGTCCCGTGC,0,3636085
tmaR_predicted,0.125,7,7,GCGAATCGGACTCCACCAGT,0,3630787
tmaR_predicted,0.125,7,7,GCCTTAGGGCCAGGGTTGTG,0,3627416
tmaR_predicted,0.125,7,7,GCCTCACGTCGGATTCCACC,0,3613673
tmaR_predicted,0.125,7,7,GCCTAGCCACCGGTATTGCT,0,3606577
tmaR_predicted,0.125,7,7,GCCTAATCAGGCGGGGAGTC,0,3648539
tmaR_predicted,0.125,7,7,GCCGTCCTAGCGATTCGATC,0,3620331
tmaR_predicted,0.125,7,7,GCCGCAGACCCATGCAAGGA,0,3623246
tmaR_predicted,0.125,7,7,GCCGAAATGGCGCTTCGGCA,0,3606550
tmaR_predicted,0.125,7,7,GCCCTAGGAGGGGGTTTGAC,0,3648768
tmaR_predicted,0.125,7,7,GCCCCGGCAGGTCTATTTCT,0,3606439
tmaR_predicted,0.125,7,7,GCCCCGACACACCCCGTAGC,0,3609903
tmaR_predicted,0.125,7,7,GCCCACAGTATTCATCTAAC,0,3638326
tmaR_predicted,0.125,7,7,GCCCAATACAGGTTCATCAG,0,3632136
tmaR_predicted,0.125,7,7,GCCATAGCCAGAGTATCTGA,0,3611402
tmaR_predicted,0.125,7,7,GCCAGGCATCCATAGTAAAA,0,3649962
tmaR_predicted,0.125,7,7,GCATTGAGCGGCAGTCCGCA,0,3631866
tmaR_predicted,0.125,7,7,GCATTACGATGAGAATCGGT,0,3614008
tmaR_predicted,0.125,7,7,GCATGTTCCGGGTCGCTATA,0,3636303
tmaR_predicted,0.125,7,7,GCATGCTACCCTCTCACGGA,0,3631717
tmaR_predicted,0.125,7,7,GCAGGCGATGAATATGCGCT,0,3644703
tmaR_predicted,0.125,7,7,GCAGGAGGGCTACGATTCCT,0,3616930
tmaR_predicted,0.125,7,7,GCAGAGCGTAACTGTGAATA,0,3615789
tmaR_predicted,0.125,7,7,GCAGACTCTTCGTGATCTAA,0,3649594
tmaR_predicted,0.125,7,7,GCACTTATTGTGCATCGGTG,0,3616937
tmaR_predicted,0.125,7,7,GCACGTCTGATATACCCAAG,0,3613668
tmaR_predicted,0.125,7,7,GCACAGCAGTGTGCTTAACC,0,3621641
tmaR_predicted,0.125,7,7,GCAAATAAGTTGTTGCTCCA,0,3614645
tmaR_predicted,0.125,7,7,GATTTTTTTGACCCAGCTGG,0,3649866
tmaR_predicted,0.125,7,7,GATTGCCCGGCATGCTGTGT,0,3631614
tmaR_predicted,0.125,7,7,GATGTCTATTATTTCATATA,0,3621656
tmaR_predicted,0.125,7,7,GATGGGCTGCCGTCTCGAAT,0,3637940
tmaR_predicted,0.125,7,7,GATGGGATCGGTTTTTAAAA,0,3610115
tmaR_predicted,0.125,7,7,GATGCGTGCTACGTAGTAGC,0,3623706
tmaR_predicted,0.125,7,7,GATGCCCGCGTGCCGGCAGG,0,3644454
tmaR_predicted,0.125,7,7,GATCTACGGGTTTGCGCTAC,0,3613173
tmaR_predicted,0.125,7,7,GATATACACGTGAAAACATA,0,3643746
tmaR_predicted,0.125,7,7,GATAACAATTAGCACATAGG,0,3634658
tmaR_predicted,0.125,7,7,GAGTTGGTATACGTCGTCAG,0,3625869
tmaR_predicted,0.125,7,7,GAGTTATTCCTGGGGCACGG,0,3608936
tmaR_predicted,0.125,7,7,GAGTCAGTTCCCCGCCTCCA,0,3629940
tmaR_predicted,0.125,7,7,GAGTACCTATCATCGTTGTT,0,3623682
tmaR_predicted,0.125,7,7,GACTACTTGACCGGTTTTCC,0,3645232
tmaR_predicted,0.125,7,7,GACGGAAGCACACAGTAAAG,0,3619765
tmaR_predicted,0.125,7,7,GACCTGGGATCCAGACCACT,0,3611751
tmaR_predicted,0.125,7,7,GACCTCGGTTTCTTTTTCAA,0,3643937
tmaR_predicted,0.125,7,7,GACCGGCCCCTGCCTGGAGC,0,3625929
tmaR_predicted,0.125,7,7,GACCCCTAATCCACAACCGT,0,3617555
tmaR_predicted,0.125,7,7,GACCATAACCAAGGAAATAA,0,3628834
tmaR_predicted,0.125,7,7,GACACTGTAATTTCAGCAGT,0,3625949
tmaR_predicted,0.125,7,7,GACAACATCTTGCGGCCCCT,0,3614436
tmaR_predicted,0.125,7,7,GAATTCTTGTAACTTTCCCA,0,3639710
tmaR_predicted,0.125,7,7,GAATCTGGTAGAGGGGGTCC,0,3606050
tmaR_predicted,0.125,7,7,GAATCGATCCACTGCCTCAA,0,3635804
tmaR_predicted,0.125,7,7,GAAGTTCTCACGAGCGACGC,0,3642464
tmaR_predicted,0.125,7,7,GAAGAGACGTCATGACATAT,0,3644762
tmaR_predicted,0.125,7,7,GAACGCTGGGACCCAATGAT,0,3631619
tmaR_predicted,0.125,7,7,GAACATTAACTATCCGGATA,0,3616556
tmaR_predicted,0.125,7,7,GAACATATATTACAATGAAG,0,3641584
tmaR_predicted,0.125,7,7,GAAATACCCAGGCCAGCTTG,0,3608784
tmaR_predicted,0.125,7,7,GAAAGTGCATGTTTGGTGAA,0,3646670
tmaR_predicted,0.125,7,7,GAAAGTCGCTTCTCCTCCCG,0,3614608
tmaR_predicted,0.125,7,7,CTTTTTTTGACACCAGATGA,0,3636302
tmaR_predicted,0.125,7,7,CTTTTGCAAATTAATTTTCC,0,3610479
tmaR_predicted,0.125,7,7,CTTTGAGGATTGGACACCTC,0,3627755
tmaR_predicted,0.125,7,7,CTTGGTTTGTTGAGGCGGAT,0,3613019
tmaR_predicted,0.125,7,7,CTTCTTAGACGGGGTTATAT,0,3608278
tmaR_predicted,0.125,7,7,CTTCCATCTTCGTGGAATCT,0,3606895
tmaR_predicted,0.125,7,7,CTTCATGCGAAGAATCGCTT,0,3645478
tmaR_predicted,0.125,7,7,CTTAAGGGAATCTCGTGAAA,0,3639880
tmaR_predicted,0.125,7,7,CTGTGACGCTGTAATTGTGT,0,3605395
tmaR_predicted,0.125,7,7,CTGAGCCAATCCTATGGGAG,0,3631081
tmaR_predicted,0.125,7,7,CTGACTATGGTGCGTGTTAA,0,3638610
tmaR_predicted,0.125,7,7,CTGACCGAATACAGAGTCTT,0,3644882
tmaR_predicted,0.125,7,7,CTCGCGTGGGTAATCACGAT,0,3642616
tmaR_predicted,0.125,7,7,CTCGAACGTTGCGAGGCATA,0,3616997
tmaR_predicted,0.125,7,7,CTCATCGGAGTGTCGAGGAC,0,3632958
tmaR_predicted,0.125,7,7,CTCAGTGAATGCTCCTTTGC,0,3639940
tmaR_predicted,0.125,7,7,CTCAGGTGTTCTATATGACT,0,3639045
tmaR_predicted,0.125,7,7,CTCACGGATGATGTCATTCC,0,3624137
tmaR_predicted,0.125,7,7,CTATAGCAGGGTTTCTAGTT,0,3634841
tmaR_predicted,0.125,7,7,CTAGGTGAGAGTATGCAGAG,0,3619156
tmaR_predicted,0.125,7,7,CTAGGTCAGTATTAGAACAG,0,3630943
tmaR_predicted,0.125,7,7,CTAGCGGAGTAGTAGCCCTA,0,3646412
tmaR_predicted,0.125,7,7,CTAGCCTAGACTCCGTGAAC,0,3615273
tmaR_predicted,0.125,7,7,CTAGAACTTACCGTTGAATT,0,3645466
tmaR_predicted,0.125,7,7,CTACTGCAGGTTAGTCTGGG,0,3631781
tmaR_predicted,0.125,7,7,CTACTCGCAGCTACTATACC,0,3622258
tmaR_predicted,0.125,7,7,CTACCTCCAAGCTACGCATC,0,3631086
tmaR_predicted,0.125,7,7,CTAAGGAATGTCTAATCCGT,0,3649629
tmaR_predicted,0.125,7,7,CTAACGGGGCATTACATAGT,0,3627082
tmaR_predicted,0.125,7,7,CTAACCTGACCATGCCCCTC,0,3637090
tmaR_predicted,0.125,7,7,CTAACCGCGGCAGCCTTCAA,0,3615131
tmaR_predicted,0.125,7,7,CGTTTAGGTTACTGGAGTAT,0,3646955
tmaR_predicted,0.125,7,7,CGTTCGACTCTGCAAGTAAA,0,3645657
tmaR_predicted,0.125,7,7,CGTTAGAGACCACCTGTGCT,0,3631727
tmaR_predicted,0.125,7,7,CGTGGGAAACGGTATCATTC,0,3605684
tmaR_predicted,0.125,7,7,CGTGCTGCACTATGGAGGCC,0,3646117
tmaR_predicted,0.125,7,7,CGTCGAGCCTCTGGTTGGTA,0,3633599
tmaR_predicted,0.125,7,7,CGTCCATTAGCGTTCCAAAA,0,3615133
tmaR_predicted,0.125,7,7,CGTATGCCGGCTGGAGTTGT,0,3615054
tmaR_predicted,0.125,7,7,CGTACTTTGGATCCTGTATT,0,3606522
tmaR_predicted,0.125,7,7,CGTACGCACCTCTCTTCTTG,0,3614291
tmaR_predicted,0.125,7,7,CGTAACCAACGAACCCTGCA,0,3617714
tmaR_predicted,0.125,7,7,CGGGTACAACAATCGTTGCA,0,3623861
tmaR_predicted,0.125,7,7,CGGGGTTACTGTTACGGTTC,0,3649154
tmaR_predicted,0.125,7,7,CGGGGAGGTGATTGAATCGC,0,3623253
tmaR_predicted,0.125,7,7,CGGGCTAGCATGGGCCGACA,0,3628021
tmaR_predicted,0.125,7,7,CGGCTTGATTTCTGTGTCCT,0,3641544
tmaR_predicted,0.125,7,7,CGGCGTGGTATCTCTTGGTT,0,3609812
tmaR_predicted,0.125,7,7,CGCTGGATCATCACCTAGAT,0,3621363
tmaR_predicted,0.125,7,7,CGCGCTCCCTGGCGCGCAAT,0,3635946
tmaR_predicted,0.125,7,7,CGCGATATTGCGTTCAGGAG,0,3613742
tmaR_predicted,0.125,7,7,CGCCGCGGTAATGGTTGCCT,0,3615642
tmaR_predicted,0.125,7,7,CGCACGCGGGACGTTTATCT,0,3642358
tmaR_predicted,0.125,7,7,CGCAAGTCCTAGATCTGGGT,0,3618749
tmaR_predicted,0.125,7,7,CGCAAAGTAGTGAGGCGGAC,0,3639576
tmaR_predicted,0.125,7,7,CGAGGGAGGAGAGGCGGGTC,0,3616480
tmaR_predicted,0.125,7,7,CGACAAATCAGTTAACGCTG,0,3617232
tmaR_predicted,0.125,7,7,CGAAGTAGAGAGTCTCAGGT,0,3625518
tmaR_predicted,0.125,7,7,CGAAGCACACTGCGTTTATA,0,3619571
tmaR_predicted,0.125,7,7,CGAAGATCCAGGATCGAGGC,0,3633342
tmaR_predicted,0.125,7,7,CGAACTAGCGAGATAGTAAG,0,3623065
tmaR_predicted,0.125,7,7,CCTTTTATGATTCTTTTTGG,0,3628174
tmaR_predicted,0.125,7,7,CCTTCACACCTGCGGTAGAA,0,3612566
tmaR_predicted,0.125,7,7,CCTGCAGCGATCATTGATTA,0,3640892
tmaR_predicted,0.125,7,7,CCTGAGTAGGGCCACGTCAA,0,3638139
tmaR_predicted,0.125,7,7,CCTCCAGATCCGGTGCGCAA,0,3616417
tmaR_predicted,0.125,7,7,CCTCACTTGACGGCCCAGAT,0,3622070
tmaR_predicted,0.125,7,7,CCTATCGGCTCCCTAGCAAA,0,3639178
tmaR_predicted,0.125,7,7,CCTATATGTGGTCAGATCAA,0,3612837
tmaR_predicted,0.125,7,7,CCGTAGACATGTTTGGTGTC,0,3644688
tmaR_predicted,0.125,7,7,CCGGCTTTGTTGAGCCAGCT,0,3633593
tmaR_predicted,0.125,7,7,CCGGAGCACTTCAAGGGAGT,0,3629944
tmaR_predicted,0.125,7,7,CCGCGTAATCTTAGCAGAAG,0,3620708
tmaR_predicted,0.125,7,7,CCGCGCCTGGAGTGATAGAT,0,3631427
tmaR_predicted,0.125,7,7,CCGCCGGCGTTTTAGAATCA,0,3641514
tmaR_predicted,0.125,7,7,CCGCCCATGGGACAATGGGA,0,3627297
tmaR_predicted,0.125,7,7,CCGCCACGCCAGTTTGAGGC,0,3607051
tmaR_predicted,0.125,7,7,CCGAACCCTTTCCTTATCGG,0,3604584
tmaR_predicted,0.125,7,7,CCCGTGATGGGATAGTACCC,0,3614761
tmaR_predicted,0.125,7,7,CCCGGTCGATAAGGATGCGC,0,3622647
tmaR_predicted,0.125,7,7,CCCGCTATCACACATACATC,0,3641474
tmaR_predicted,0.125,7,7,CCCCGCGGGGTACCCCGTAT,0,3628446
tmaR_predicted,0.125,7,7,CCCCCGCCAAATGCAATCTG,0,3623465
tmaR_predicted,0.125,7,7,CCCCCAATCTTACGAATGGA,0,3613273
tmaR_predicted,0.125,7,7,CCATTGTCACGCGAGACCAA,0,3624279
tmaR_predicted,0.125,7,7,CCATGTTACTACCATTTCGA,0,3616798
tmaR_predicted,0.125,7,7,CCATGCTGACGGCGGTCGCA,0,3643481
tmaR_predicted,0.125,7,7,CCATAAGAATTAAGTTTCTT,0,3635584
tmaR_predicted,0.125,7,7,CCAGTGAGCAATGTGCCTCA,0,3647265
tmaR_predicted,0.125,7,7,CCACTGGCCGCGGGATAGAA,0,3621323
tmaR_predicted,0.125,7,7,CCACCTCTCCCGCTGTCCTT,0,3629222
tmaR_predicted,0.125,7,7,CCAAGAACTAACTTTACTCG,0,3629982
tmaR_predicted,0.125,7,7,CATGGAGTTGGAGCCCGCGA,0,3645011
tmaR_predicted,0.125,7,7,CATCTCTTCCGCAACTTTTG,0,3611818
tmaR_predicted,0.125,7,7,CATCGTGTGTAAATCGTTAA,0,3611569
tmaR_predicted,0.125,7,7,CATCGCACCGACCTTATGCC,0,3608145
tmaR_predicted,0.125,7,7,CATCGAAATGATCATGTACC,0,3607597
tmaR_predicted,0.125,7,7,CATACGAGTGGCGCTGAGAT,0,3625699
tmaR_predicted,0.125,7,7,CAGGGCATGAATAGTTAGAG,0,3611396
tmaR_predicted,0.125,7,7,CAGCGTGGAGTTTTTGGACA,0,3641392
tmaR_predicted,0.125,7,7,CAGCGGAAAATGGCTCCCCG,0,3607392
tmaR_predicted,0.125,7,7,CAGCGCAGGGAAAGCACGAA,0,3612362
tmaR_predicted,0.125,7,7,CAGCCCTCGACCGAAGGTGA,0,3620166
tmaR_predicted,0.125,7,7,CAGACTGAACTATGGTGCAT,0,3641366
tmaR_predicted,0.125,7,7,CAGAAAATGCACGCTGTAGG,0,3617142
tmaR_predicted,0.125,7,7,CACTACGTTCTGGCACCTGA,0,3637662
tmaR_predicted,0.125,7,7,CACGATGGAACAGGACCGGC,0,3645813
tmaR_predicted,0.125,7,7,CACCGGTTCGTACTCAAGGG,0,3646552
tmaR_predicted,0.125,7,7,CACATTGTCAGCATTGGAAA,0,3607879
tmaR_predicted,0.125,7,7,CACAGTCGTAGGGCAGATGC,0,3636918
tmaR_predicted,0.125,7,7,CACACTGAGGCCTATAGGTG,0,3640986
tmaR_predicted,0.125,7,7,CAATTTGGGGACGCCCTTCT,0,3639774
tmaR_predicted,0.125,7,7,CAATCTCCGTGCGCACGTAA,0,3643376
tmaR_predicted,0.125,7,7,CAATACCGTCGCCGGACCAA,0,3645845
tmaR_predicted,0.125,7,7,CAATAAGGAATCTTCTGGCG,0,3624329
tmaR_predicted,0.125,7,7,CAACGGATGAACCCAGCATG,0,3641696
tmaR_predicted,0.125,7,7,CAACCGACCTTGGTTCCCAA,0,3625911
tmaR_predicted,0.125,7,7,CAACCCACGCGGTCTGGAGG,0,3644083
tmaR_predicted,0.125,7,7,CAAAGGATAGAAGTGAGGTG,0,3612687
tmaR_predicted,0.125,7,7,CAAAATTGCGATACCTCAGT,0,3634039
tmaR_predicted,0.125,7,7,CAAAAGGGGTTAGAATTTGT,0,3630731
tmaR_predicted,0.125,7,7,ATTTCTATGCGATCTCACGA,0,3625537
tmaR_predicted,0.125,7,7,ATTGTTCATTGAGGATAGAG,0,3625456
tmaR_predicted,0.125,7,7,ATTGACAATGTCATCTGCAT,0,3648269
tmaR_predicted,0.125,7,7,ATTCAACGGGGATCACTCAT,0,3630725
tmaR_predicted,0.125,7,7,ATTACTTACCCACCCTTGTT,0,3621934
tmaR_predicted,0.125,7,7,ATTAATCCACACATTTAACG,0,3615184
tmaR_predicted,0.125,7,7,ATGTTAGCAAACATCGGGAC,0,3640159
tmaR_predicted,0.125,7,7,ATGTGGCGCCCCTTAATAGA,0,3617508
tmaR_predicted,0.125,7,7,ATGTGCCGTGTATGATTATG,0,3624051
tmaR_predicted,0.125,7,7,ATGGTGCGGCGTATAAGAAG,0,3649151
tmaR_predicted,0.125,7,7,ATGGGCAGTGCAGTCTTTAA,0,3621214
tmaR_predicted,0.125,7,7,ATGGCTGTCCTATTCCAGCA,0,3619785
tmaR_predicted,0.125,7,7,ATGCGTAGCGTATCCCACCT,0,3612264
tmaR_predicted,0.125,7,7,ATGAGTGTTGTATTTGTATT,0,3619636
tmaR_predicted,0.125,7,7,ATGACGCAAGGGGATAGCTC,0,3648619
tmaR_predicted,0.125,7,7,ATCTTGAAGCAGATTGCGTC,0,3605006
tmaR_predicted,0.125,7,7,ATCTCAGTTCCTGGGGACCC,0,3636464
tmaR_predicted,0.125,7,7,ATCGTGAGCGAAGTAACCAG,0,3647180
tmaR_predicted,0.125,7,7,ATCGTATGGGCTTCGCAGAA,0,3614642
tmaR_predicted,0.125,7,7,ATCGTAGGCCGACTGCTACT,0,3619198
tmaR_predicted,0.125,7,7,ATCGGAGCAATTTGAGTCGG,0,3637089
tmaR_predicted,0.125,7,7,ATCCACCCCCCCGAGTTCAT,0,3644251
tmaR_predicted,0.125,7,7,ATCCAAGGGGGTACGCATTG,0,3631493
tmaR_predicted,0.125,7,7,ATCATTTGTCATTGGTCCTA,0,3614890
tmaR_predicted,0.125,7,7,ATCACATGGGAGGTGGAGAC,0,3612843
tmaR_predicted,0.125,7,7,ATCAACGGGTAATGAGAAAG,0,3614958
tmaR_predicted,0.125,7,7,ATATTTATCACTTGTTTCGC,0,3623251
tmaR_predicted,0.125,7,7,ATAGGCCTAAACACAGGATT,0,3628288
tmaR_predicted,0.125,7,7,ATAGGCCCCGTCTCATCAAG,0,3637864
tmaR_predicted,0.125,7,7,ATAGAACGCGATCCAAGGCG,0,3636215
tmaR_predicted,0.125,7,7,ATACTTGATCCGTCTAGTTC,0,3635070
tmaR_predicted,0.125,7,7,ATACGTAAATGCCTTCGGCT,0,3607634
tmaR_predicted,0.125,7,7,ATACACCCATAGGGTGCGCA,0,3624570
tmaR_predicted,0.125,7,7,ATAAATACGGCTATTCGAAG,0,3636784
tmaR_predicted,0.125,7,7,AGTGTTTTATGCCGTTCTAA,0,3633702
tmaR_predicted,0.125,7,7,AGTGTCTTAAATTTTGTTTC,0,3616118
tmaR_predicted,0.125,7,7,AGTCTCTGGTACCGTAGCTA,0,3623922
tmaR_predicted,0.125,7,7,AGTCGGAGCCTGCTTTTTGA,0,3613509
tmaR_predicted,0.125,7,7,AGTCGCAACTGCTATTAGTG,0,3609296
tmaR_predicted,0.125,7,7,AGTCAGATAGCGTCTACCAA,0,3614069
tmaR_predicted,0.125,7,7,AGTAGCGGCGCGGGCGTTCC,0,3612020
tmaR_predicted,0.125,7,7,AGTACGTGCTTCGACGTCCG,0,3621833
tmaR_predicted,0.125,7,7,AGTAATCGACAACATTAGGC,0,3649041
tmaR_predicted,0.125,7,7,AGTAAATACCCTGTACTTAG,0,3627284
tmaR_predicted,0.125,7,7,AGGTGTTGAGGGTATTACAT,0,3639095
tmaR_predicted,0.125,7,7,AGGTGCTGTGACAGACATAG,0,3637282
tmaR_predicted,0.125,7,7,AGGTCGCGAAGCGTAACAAG,0,3613525
tmaR_predicted,0.125,7,7,AGGGGTTCTCGCCAACGTTC,0,3630789
tmaR_predicted,0.125,7,7,AGGGGATGCACCGGCAAACG,0,3647715
tmaR_predicted,0.125,7,7,AGGCGCGCCGCGGATTACGA,0,3633194
tmaR_predicted,0.125,7,7,AGGCACGTGAAGGGCCGTGG,0,3627568
tmaR_predicted,0.125,7,7,AGGATGCTCAGAATAAACGT,0,3648277
tmaR_predicted,0.125,7,7,AGGAGGTCACCGTTTGCTGC,0,3621290
tmaR_predicted,0.125,7,7,AGGAGGCAAAAAGTTAGAAT,0,3644424
tmaR_predicted,0.125,7,7,AGGACATAAATTGTAACGTG,0,3626154
tmaR_predicted,0.125,7,7,AGCTTTACCGATTGGCGGAT,0,3644329
tmaR_predicted,0.125,7,7,AGCTTGTAACGTCATTGAGT,0,3646850
tmaR_predicted,0.125,7,7,AGCTGCAGCGGAGACTGGAT,0,3620304
tmaR_predicted,0.125,7,7,AGCTGAGACGTGAGCTACCC,0,3616321
tmaR_predicted,0.125,7,7,AGCCGTCTGAAATAAGTGTA,0,3633795
tmaR_predicted,0.125,7,7,AGCCGCGGATGCCGGGATGA,0,3611750
tmaR_predicted,0.125,7,7,AGCCGATGGTTCTCGTCGAT,0,3632032
tmaR_predicted,0.125,7,7,AGCATGGTGGCTGTTTCTTG,0,3634916
tmaR_predicted,0.125,7,7,AGCAGGACGCGCGCGGTTCA,0,3615767
tmaR_predicted,0.125,7,7,AGCAGATACCCTGCTTTGAC,0,3644582
tmaR_predicted,0.125,7,7,AGCACTGCATATGATACCCC,0,3613638
tmaR_predicted,0.125,7,7,AGATGGGAGGGGAGAACTAA,0,3611672
tmaR_predicted,0.125,7,7,AGACAGATCGTCTGACCAAG,0,3605086
tmaR_predicted,0.125,7,7,AGACAACAGCTTCTTTGACG,0,3633248
tmaR_predicted,0.125,7,7,AGAACGCGTAACTTCACTAC,0,3609930
tmaR_predicted,0.125,7,7,AGAAAGTAAGGAATAACAAA,0,3642940
tmaR_predicted,0.125,7,7,AGAAAGGTTAAATCAATCAT,0,3612571
tmaR_predicted,0.125,7,7,ACTTAGTCATTAGTTGCTAA,0,3604123
tmaR_predicted,0.125,7,7,ACTGAACACATGAAAGTTCA,0,3638870
tmaR_predicted,0.125,7,7,ACTCTACCCACAGTAATTAC,0,3647129
tmaR_predicted,0.125,7,7,ACTCGTGTCCGCTATCGGGC,0,3617175
tmaR_predicted,0.125,7,7,ACTATGCGGTCACGGGTACC,0,3635988
tmaR_predicted,0.125,7,7,ACTATGAAAGCTAGTAAGCC,0,3640688
tmaR_predicted,0.125,7,7,ACTACTTAGGGACAACAGGA,0,3643728
tmaR_predicted,0.125,7,7,ACGTTTCACTCACTGATCTT,0,3622656
tmaR_predicted,0.125,7,7,ACGTCCTTTCAATTCCGCTG,0,3627798
tmaR_predicted,0.125,7,7,ACGTATTTACTTTCCGCGAC,0,3631733
tmaR_predicted,0.125,7,7,ACGTATCCCCTGGACGGGGA,0,3619786
tmaR_predicted,0.125,7,7,ACGGTCGGGGTCACTCTGCA,0,3637604
tmaR_predicted,0.125,7,7,ACGGACCCGATCGGTCTGGT,0,3606922
tmaR_predicted,0.125,7,7,ACCTTCCAATAAGATCAAAT,0,3631371
tmaR_predicted,0.125,7,7,ACCTGAACCCGAAAGTTGAT,0,3649542
tmaR_predicted,0.125,7,7,ACCTACACGTTATTATAGTG,0,3623866
tmaR_predicted,0.125,7,7,ACCGGAGCGGTAGCTGCTGC,0,3640925
tmaR_predicted,0.125,7,7,ACCCTAATGTACACAGATAT,0,3613720
tmaR_predicted,0.125,7,7,ACCCGGTCCAGGGTCGAACT,0,3614581
tmaR_predicted,0.125,7,7,ACCCGCCATGCACCAAGCAA,0,3628990
tmaR_predicted,0.125,7,7,ACCCCTAGGTACGGGTTCTA,0,3630565
tmaR_predicted,0.125,7,7,ACATTGTGTCAAGATTGGGA,0,3645872
tmaR_predicted,0.125,7,7,ACATATACCGTACATTTAGT,0,3635135
tmaR_predicted,0.125,7,7,ACAGAGGTCTTAGTCTCGGT,0,3609168
tmaR_predicted,0.125,7,7,ACACGCGAAAGTAATCCCAA,0,3622865
tmaR_predicted,0.125,7,7,ACAACCGTTATGTTAAGATG,0,3611872
tmaR_predicted,0.125,7,7,AATTTCACTCTAAATGACAA,0,3649077
tmaR_predicted,0.125,7,7,AATTGCGGAAAGACAAGGCA,0,3648652
tmaR_predicted,0.125,7,7,AATTGCATCGTAGCGCTTTC,0,3643028
tmaR_predicted,0.125,7,7,AATTCTCAAGGTGTATACGC,0,3604579
tmaR_predicted,0.125,7,7,AATGGTTCTTTCGTGTTGAA,0,3617071
tmaR_predicted,0.125,7,7,AATGCGCAGATAGTACAATT,0,3623168
tmaR_predicted,0.125,7,7,AATCCGTCTCCAAGTTCTAA,0,3618570
tmaR_predicted,0.125,7,7,AATCCCTTGTTAGTTTTAAA,0,3650200
tmaR_predicted,0.125,7,7,AATCAGTACGAAGGAACTAA,0,3610954
tmaR_predicted,0.125,7,7,AATAGAGAAGCTAAGGGAGC,0,3643434
tmaR_predicted,0.125,7,7,AATACCGGCAGCCAGACGCT,0,3635403
tmaR_predicted,0.125,7,7,AATAATACTTAGTTTGGTGC,0,3634154
tmaR_predicted,0.125,7,7,AAGTGGTGAGCCTTGTCTGT,0,3612486
tmaR_predicted,0.125,7,7,AAGCTTTAAGGCCCGGCTGC,0,3624701
tmaR_predicted,0.125,7,7,AAGCGGAGCAGACTAGCCAC,0,3611294
tmaR_predicted,0.125,7,7,AAGCGGAGAGCAAGCGGTGT,0,3614778
tmaR_predicted,0.125,7,7,AAGCGCCGATATGTGCTGAA,0,3613481
tmaR_predicted,0.125,7,7,AAGATTATAAGTCTCACAAG,0,3604023
tmaR_predicted,0.125,7,7,AACTGCTCCACAGTGACGTC,0,3608556
tmaR_predicted,0.125,7,7,AACGTTTTTACCGGCCCAAC,0,3629117
tmaR_predicted,0.125,7,7,AACGGTCCTTTTGCTTCTAA,0,3618097
tmaR_predicted,0.125,7,7,AACCTGAGCATGGTCAAGCT,0,3634937
tmaR_predicted,0.125,7,7,AACAGAGAACGACGAGAGTG,0,3620012
tmaR_predicted,0.125,7,7,AACACAAATCGGAAGCAGGA,0,3638482
tmaR_predicted,0.125,7,7,AAAGGGGCCGGCCCGGACTC,0,3640157
tmaR_predicted,0.125,7,7,AAAGGGAGTCATGACGAGCA,0,3616765
tmaR_predicted,0.125,7,7,AAAGCCGCACAGAGGAGGCA,0,3618934
tmaR_predicted,0.125,7,7,AAACATTATTACGCTTGGCA,0,3636025
tmaR_predicted,0.125,7,7,AAAATCGTACGCGTTCTCCA,0,3616169
tmaR_predicted,0.125,7,7,AAAAGTCATCTGGGTAACCC,0,3616066
tmaR_predicted,0.125,7,7,AAAAAAGCTCTTAGAAAGCT,0,3622671
tmaR_predicted,0.14285714285714285,6,6,TTTTTGGGACAGTTCAGATT,0,3636708
tmaR_predicted,0.14285714285714285,6,6,TTTTCGTTCCGGAAGCTAAT,0,3615176
tmaR_predicted,0.14285714285714285,6,6,TTTGTTAATTATCGGTGCTG,0,3607367
tmaR_predicted,0.14285714285714285,6,6,TTTGTATACGGCTAAAGAGA,0,3615093
tmaR_predicted,0.14285714285714285,6,6,TTTGGATGGAGCCCGGTATG,0,3639815
tmaR_predicted,0.14285714285714285,6,6,TTTGGAGTGTGGTTACACGG,0,3611722
tmaR_predicted,0.14285714285714285,6,6,TTTGATAAGACCGAGAGGGA,0,3635053
tmaR_predicted,0.14285714285714285,6,6,TTTGAAGAGACTGTATATGG,0,3610437
tmaR_predicted,0.14285714285714285,6,6,TTTCTCAATAACGGGTTCTG,0,3635609
tmaR_predicted,0.14285714285714285,6,6,TTTCCGCGTTCGGGCTGGGA,0,3616782
tmaR_predicted,0.14285714285714285,6,6,TTTACGCCTGAGCGAGGCCT,0,3624047
tmaR_predicted,0.14285714285714285,6,6,TTTACAGTCAGCATGAGCCA,0,3617297
tmaR_predicted,0.14285714285714285,6,6,TTTACAAACTGATCTTAGTA,0,3643314
tmaR_predicted,0.14285714285714285,6,6,TTGGGTGTACAGCGGCTGTA,0,3641563
tmaR_predicted,0.14285714285714285,6,6,TTGGGATGGGGTCCTTGCTC,0,3606746
tmaR_predicted,0.14285714285714285,6,6,TTGGATGAATGCCATTATGT,0,3614723
tmaR_predicted,0.14285714285714285,6,6,TTGCGTGTCATAGAGGTTCG,0,3617738
tmaR_predicted,0.14285714285714285,6,6,TTGCGCATCCTTCACGACGG,0,3633887
tmaR_predicted,0.14285714285714285,6,6,TTGCACAAACCACCTTGTTT,0,3644775
tmaR_predicted,0.14285714285714285,6,6,TTGATCCTTTGTACGCGAAC,0,3604701
tmaR_predicted,0.14285714285714285,6,6,TTCTTTCCTACCCATGGCGT,0,3642485
tmaR_predicted,0.14285714285714285,6,6,TTCTCCTTGTGACGTGATTG,0,3631052
tmaR_predicted,0.14285714285714285,6,6,TTCGCACTTGTAAGATCAAT,0,3648498
tmaR_predicted,0.14285714285714285,6,6,TTCCTGGTCGTAAAAGGGAA,0,3635128
tmaR_predicted,0.14285714285714285,6,6,TTCCGAGCAGACTAACTCTC,0,3613002
tmaR_predicted,0.14285714285714285,6,6,TTCATCAGCTAGTGTGTCCG,0,3622358
tmaR_predicted,0.14285714285714285,6,6,TTCAGAGCGCTGGACGCACG,0,3648034
tmaR_predicted,0.14285714285714285,6,6,TTATTTAGTAGCAGTTATAT,0,3644684
tmaR_predicted,0.14285714285714285,6,6,TTATGTAAGATGCGCTCTAG,0,3644619
tmaR_predicted,0.14285714285714285,6,6,TTATGAAATTAATTGTCGGG,0,3645069
tmaR_predicted,0.14285714285714285,6,6,TTATCTTGGGGCAATGATGA,0,3625201
tmaR_predicted,0.14285714285714285,6,6,TTATCCAGCAGGGTAGGGAT,0,3625290
tmaR_predicted,0.14285714285714285,6,6,TTATAGTAGAACTTCAGGCT,0,3649291
tmaR_predicted,0.14285714285714285,6,6,TTAGGTGCTATGCCGAGAAG,0,3620546
tmaR_predicted,0.14285714285714285,6,6,TTACTCGTTTATTGGACGTC,0,3642254
tmaR_predicted,0.14285714285714285,6,6,TTACTCATTTGACCAAGAGA,0,3641769
tmaR_predicted,0.14285714285714285,6,6,TTACACTTAAAACGCTATGC,0,3622794
tmaR_predicted,0.14285714285714285,6,6,TTAATCTCAGTTCTGTCAGT,0,3638944
tmaR_predicted,0.14285714285714285,6,6,TGTTTGTCAGGGCCATGCTT,0,3641777
tmaR_predicted,0.14285714285714285,6,6,TGTTCGAAGAGGTACGAATT,0,3616865
tmaR_predicted,0.14285714285714285,6,6,TGTTCCATAATAAGCCTTTA,0,3650154
tmaR_predicted,0.14285714285714285,6,6,TGTGCGGGTAGGGTTTAATA,0,3615055
tmaR_predicted,0.14285714285714285,6,6,TGTGCCGGTTTCGCCACCGG,0,3643127
tmaR_predicted,0.14285714285714285,6,6,TGTGAGCGAAAAAAGTCAGG,0,3618241
tmaR_predicted,0.14285714285714285,6,6,TGTGACTCTACTTCAATCGG,0,3634692
tmaR_predicted,0.14285714285714285,6,6,TGTGAATCAATTTAGGTTCA,0,3631188
tmaR_predicted,0.14285714285714285,6,6,TGTCTTGTTGGGTAAGATAA,0,3623714
tmaR_predicted,0.14285714285714285,6,6,TGTCTCTGACATCAGGTCGC,0,3620464
tmaR_predicted,0.14285714285714285,6,6,TGTCTATTGGTCTCAGGATT,0,3614758
tmaR_predicted,0.14285714285714285,6,6,TGTCGTGTACGTGCGTCCAA,0,3623748
tmaR_predicted,0.14285714285714285,6,6,TGTCGGGGTGCATGGACTTA,0,3634449
tmaR_predicted,0.14285714285714285,6,6,TGTACTTACACGTTAAAAAA,0,3611734
tmaR_predicted,0.14285714285714285,6,6,TGTACTCCCTTGGACGCTTA,0,3637813
tmaR_predicted,0.14285714285714285,6,6,TGTACAGCCCTGTGCCCCCT,0,3608493
tmaR_predicted,0.14285714285714285,6,6,TGGTGTATGAAGATTCTTCA,0,3640262
tmaR_predicted,0.14285714285714285,6,6,TGGGCTACAGAGGCATATGG,0,3632964
tmaR_predicted,0.14285714285714285,6,6,TGGGACATGAACCGGGTCCC,0,3622556
tmaR_predicted,0.14285714285714285,6,6,TGGACGATCAGGAAGAATTA,0,3604757
tmaR_predicted,0.14285714285714285,6,6,TGCTGAGTGGCCGCATACCA,0,3620118
tmaR_predicted,0.14285714285714285,6,6,TGCCCGGGAAAGCCAATGCC,0,3636145
tmaR_predicted,0.14285714285714285,6,6,TGCATTTATCACTTAGTATA,0,3624820
tmaR_predicted,0.14285714285714285,6,6,TGCAGTCTACGAAACATGGG,0,3631407
tmaR_predicted,0.14285714285714285,6,6,TGCAGGGGATCTGGGTCAGG,0,3635138
tmaR_predicted,0.14285714285714285,6,6,TGATTCTTGGCATAGAAGCG,0,3606928
tmaR_predicted,0.14285714285714285,6,6,TGATTATGGATTCCTAAGTC,0,3616853
tmaR_predicted,0.14285714285714285,6,6,TGATGGGGAGTGTATGGAGC,0,3627910
tmaR_predicted,0.14285714285714285,6,6,TGATACAGTTGTCACTGGGA,0,3647557
tmaR_predicted,0.14285714285714285,6,6,TGAGTTCTGCAGTAAACGTG,0,3604612
tmaR_predicted,0.14285714285714285,6,6,TGAGTATGAGAGTGATTTGG,0,3646991
tmaR_predicted,0.14285714285714285,6,6,TGAGGCTCGAGCGGTAATGC,0,3619503
tmaR_predicted,0.14285714285714285,6,6,TGACCACTTTGCAGGTCCAC,0,3605130
tmaR_predicted,0.14285714285714285,6,6,TGACACATGACTTCTTGCTG,0,3648172
tmaR_predicted,0.14285714285714285,6,6,TGAATTCATCAGACGCGTTG,0,3636996
tmaR_predicted,0.14285714285714285,6,6,TGAAGTTAGCGTGATTCACT,0,3630875
tmaR_predicted,0.14285714285714285,6,6,TGAACAGCTAACGCGTGCCA,0,3618390
tmaR_predicted,0.14285714285714285,6,6,TGAAATAGTTTTGTTATTCA,0,3618555
tmaR_predicted,0.14285714285714285,6,6,TCTTTGTGTAGGAGGAGGAA,0,3622923
tmaR_predicted,0.14285714285714285,6,6,TCTTTGGCTACCCACGCCGG,0,3629466
tmaR_predicted,0.14285714285714285,6,6,TCTTGACAGGGATAGGTTGC,0,3621892
tmaR_predicted,0.14285714285714285,6,6,TCTTATGGGGGACCTTCTAG,0,3643450
tmaR_predicted,0.14285714285714285,6,6,TCTGTAGTAATAAGGACAGT,0,3636221
tmaR_predicted,0.14285714285714285,6,6,TCTCCGGCCCCGGGGGGTGT,0,3621763
tmaR_predicted,0.14285714285714285,6,6,TCTACTGGGTACAGATGCGT,0,3648167
tmaR_predicted,0.14285714285714285,6,6,TCGTTGCATCTGGTGAAATC,0,3630664
tmaR_predicted,0.14285714285714285,6,6,TCGTGCCGATAGCCAGTGGT,0,3613663
tmaR_predicted,0.14285714285714285,6,6,TCGTCTTAATGTTCGAGAAC,0,3649364
tmaR_predicted,0.14285714285714285,6,6,TCGGGTAGGGTTTCCGTAAG,0,3622088
tmaR_predicted,0.14285714285714285,6,6,TCGGCGAGAGCCCATCGTTC,0,3606075
tmaR_predicted,0.14285714285714285,6,6,TCGGATTCAACACCTTCCAA,0,3628625
tmaR_predicted,0.14285714285714285,6,6,TCGGATACATTCGTGCTGGC,0,3608603
tmaR_predicted,0.14285714285714285,6,6,TCGGAGACGGGTCGGCTTAG,0,3627153
tmaR_predicted,0.14285714285714285,6,6,TCGCTTTGCAGCGTTCCGAT,0,3632386
tmaR_predicted,0.14285714285714285,6,6,TCGCGTGCACAATACTTCGT,0,3611655
tmaR_predicted,0.14285714285714285,6,6,TCGCGCAGCGGGAGTATTCA,0,3610801
tmaR_predicted,0.14285714285714285,6,6,TCGATACGTCGTTGACGCCA,0,3604471
tmaR_predicted,0.14285714285714285,6,6,TCGAGAAGGGAGCGTCTCAG,0,3627874
tmaR_predicted,0.14285714285714285,6,6,TCGACCGAGCAATTCAGCCT,0,3625727
tmaR_predicted,0.14285714285714285,6,6,TCCTTGGCAGAAGTTCCCTG,0,3630386
tmaR_predicted,0.14285714285714285,6,6,TCCTTCTCCCGACCCGGTGT,0,3645851
tmaR_predicted,0.14285714285714285,6,6,TCCTAGATGCGGACTCCGCA,0,3620781
tmaR_predicted,0.14285714285714285,6,6,TCCGAACAACACATTTACTG,0,3640128
tmaR_predicted,0.14285714285714285,6,6,TCCACCTCTGTTCGGAATTT,0,3613332
tmaR_predicted,0.14285714285714285,6,6,TCATGGAACTAGAGGCCCTG,0,3610781
tmaR_predicted,0.14285714285714285,6,6,TCATGATAGTCATTTCCCTT,0,3605568
tmaR_predicted,0.14285714285714285,6,6,TCATCCTTTTGCTAGGTACG,0,3634553
tmaR_predicted,0.14285714285714285,6,6,TCACTGTTTAGCCCTGCGCT,0,3613674
tmaR_predicted,0.14285714285714285,6,6,TATGCGTTATCGACGATGCA,0,3611311
tmaR_predicted,0.14285714285714285,6,6,TATGCGGGGTCGCAAAATAG,0,3609722
tmaR_predicted,0.14285714285714285,6,6,TATGCATATTTCTGGGGATC,0,3612766
tmaR_predicted,0.14285714285714285,6,6,TATCGTAGATCCCACCCCGA,0,3638560
tmaR_predicted,0.14285714285714285,6,6,TATCGCGTTAAGATAAATGG,0,3604177
tmaR_predicted,0.14285714285714285,6,6,TATCACCGTTGGCCGTCCTT,0,3604024
tmaR_predicted,0.14285714285714285,6,6,TATACGGTGCGTGAGTCTGA,0,3641510
tmaR_predicted,0.14285714285714285,6,6,TAGGACAGGTACGAACGTTG,0,3641838
tmaR_predicted,0.14285714285714285,6,6,TAGCATGAGTTCGTATACTA,0,3621044
tmaR_predicted,0.14285714285714285,6,6,TAGCAGCGAATATGCCTTTC,0,3622303
tmaR_predicted,0.14285714285714285,6,6,TAGCAGATGACAACACACGG,0,3645227
tmaR_predicted,0.14285714285714285,6,6,TAGATTCGTCTGAGTCCCGG,0,3611199
tmaR_predicted,0.14285714285714285,6,6,TAGATCAAAACAGCGCATCA,0,3608247
tmaR_predicted,0.14285714285714285,6,6,TAGAAGTGCGCCGCCCCGAG,0,3646511
tmaR_predicted,0.14285714285714285,6,6,TACTGCAGCCTTCCGTACAA,0,3629413
tmaR_predicted,0.14285714285714285,6,6,TACGTGAGGACTAGGCGGAC,0,3613797
tmaR_predicted,0.14285714285714285,6,6,TACGTCAAACCCAGGCCTTC,0,3615129
tmaR_predicted,0.14285714285714285,6,6,TACCTGGCTCTAAGAAGACT,0,3612668
tmaR_predicted,0.14285714285714285,6,6,TACCCACATAGGGTTCCTAA,0,3637938
tmaR_predicted,0.14285714285714285,6,6,TACACGCTGCCCATCAGGGA,0,3613741
tmaR_predicted,0.14285714285714285,6,6,TACAAAACTGGCACGGTAGA,0,3615430
tmaR_predicted,0.14285714285714285,6,6,TAATCACTCTGCCGAGTAAA,0,3612549
tmaR_predicted,0.14285714285714285,6,6,TAAGTGGTCTGCCGTTACAG,0,3612144
tmaR_predicted,0.14285714285714285,6,6,TAAGTGAGTGTGGCTCCGCA,0,3640083
tmaR_predicted,0.14285714285714285,6,6,TAAGGTTGTATGGTAAGAAA,0,3635096
tmaR_predicted,0.14285714285714285,6,6,TAAGGGTCCCAGAAAAATCT,0,3618439
tmaR_predicted,0.14285714285714285,6,6,TAACAATTCGGGGGAGTTAC,0,3616616
tmaR_predicted,0.14285714285714285,6,6,TAAATATATTCTAGAAGATG,0,3616068
tmaR_predicted,0.14285714285714285,6,6,TAAAGATACCTAGGCGTGTG,0,3604229
tmaR_predicted,0.14285714285714285,6,6,GTTTGTTCACGCTTTGTTGG,0,3629270
tmaR_predicted,0.14285714285714285,6,6,GTTGTGATTGATGCTATGGC,0,3639927
tmaR_predicted,0.14285714285714285,6,6,GTTCGTCTATTGGCTTACGA,0,3608791
tmaR_predicted,0.14285714285714285,6,6,GTTCCGGACCTCAAAGGCAG,0,3649936
tmaR_predicted,0.14285714285714285,6,6,GTTCCATCTTTGTCCGCGTT,0,3633965
tmaR_predicted,0.14285714285714285,6,6,GTTCATAAACCACCAATAAT,0,3642437
tmaR_predicted,0.14285714285714285,6,6,GTTACTCGAAACTGCGGTTC,0,3619788
tmaR_predicted,0.14285714285714285,6,6,GTTAACCAAATGCTTTCTCA,0,3622462
tmaR_predicted,0.14285714285714285,6,6,GTGTTAGTGGATTATAAGGA,0,3632383
tmaR_predicted,0.14285714285714285,6,6,GTCTTTGAAGTCGAACACTG,0,3642589
tmaR_predicted,0.14285714285714285,6,6,GTCTTATGGGGGTCCCGTTT,0,3633456
tmaR_predicted,0.14285714285714285,6,6,GTCTGGGATTCTCAACGTAC,0,3616293
tmaR_predicted,0.14285714285714285,6,6,GTCTGGACTATCGCAAGCGG,0,3613242
tmaR_predicted,0.14285714285714285,6,6,GTCTCACACTCAGCTTCGGA,0,3646221
tmaR_predicted,0.14285714285714285,6,6,GTCGTGAAAAGAGGCAGCGC,0,3631775
tmaR_predicted,0.14285714285714285,6,6,GTCGTATATGTCCATTCGGC,0,3610981
tmaR_predicted,0.14285714285714285,6,6,GTCGATCGCGTTAAGTCTCA,0,3643855
tmaR_predicted,0.14285714285714285,6,6,GTCCCTGAGCGGTGGTCCTA,0,3620342
tmaR_predicted,0.14285714285714285,6,6,GTCCATCAAGCGAATTATAC,0,3618421
tmaR_predicted,0.14285714285714285,6,6,GTCATTCAACTGGCTTCGTA,0,3618807
tmaR_predicted,0.14285714285714285,6,6,GTCAGCTCTGTCATAAGCCT,0,3622714
tmaR_predicted,0.14285714285714285,6,6,GTATGGTTGCAGGAGCAGTT,0,3608130
tmaR_predicted,0.14285714285714285,6,6,GTATGACGTAGTGCTGTTCG,0,3619743
tmaR_predicted,0.14285714285714285,6,6,GTATCTTAGTTTAGCATATT,0,3626767
tmaR_predicted,0.14285714285714285,6,6,GTATCAGGCGACGGCCAATG,0,3618289
tmaR_predicted,0.14285714285714285,6,6,GTATATAGGGTAGGCGGACT,0,3619927
tmaR_predicted,0.14285714285714285,6,6,GTAGTTCCGGTTCGAATCAC,0,3645096
tmaR_predicted,0.14285714285714285,6,6,GTAGTAATGGCCAGATAGAT,0,3635124
tmaR_predicted,0.14285714285714285,6,6,GTAGATCCACCCGCACTGGT,0,3646225
tmaR_predicted,0.14285714285714285,6,6,GTAGAGATCATAGTGCGCGC,0,3615201
tmaR_predicted,0.14285714285714285,6,6,GTAAAGACCTCTCTTCTAAA,0,3618160
tmaR_predicted,0.14285714285714285,6,6,GTAAACTGTACGGTTCGGGA,0,3637740
tmaR_predicted,0.14285714285714285,6,6,GGTTTTGATAGCGCGCTGTC,0,3608653
tmaR_predicted,0.14285714285714285,6,6,GGTCTCATAGTGCTGATCAA,0,3644201
tmaR_predicted,0.14285714285714285,6,6,GGTCCCAGTTTAGTCTATGG,0,3639580
tmaR_predicted,0.14285714285714285,6,6,GGTATAATCTATGTCGCCGC,0,3643547
tmaR_predicted,0.14285714285714285,6,6,GGTACTAGAGCCAATTACTA,0,3621757
tmaR_predicted,0.14285714285714285,6,6,GGTAAAGAGTGCAGCCTATC,0,3605365
tmaR_predicted,0.14285714285714285,6,6,GGGTACCTCACTTTTTCGCA,0,3607169
tmaR_predicted,0.14285714285714285,6,6,GGGGTGTCCACACCACGGCC,0,3620101
tmaR_predicted,0.14285714285714285,6,6,GGGGGACACAAACGTTTGCA,0,3625030
tmaR_predicted,0.14285714285714285,6,6,GGGGCTATCGCTAAAACAAG,0,3606963
tmaR_predicted,0.14285714285714285,6,6,GGGGCGAAGGTGACAGGTCT,0,3629058
tmaR_predicted,0.14285714285714285,6,6,GGGCTAAACGCACGGGCGCA,0,3645944
tmaR_predicted,0.14285714285714285,6,6,GGGCGTCGGCCTACAATTAC,0,3639452
tmaR_predicted,0.14285714285714285,6,6,GGGCGCAAAGAAAGCATCCC,0,3614360
tmaR_predicted,0.14285714285714285,6,6,GGGCCGGCGTTTACGATTGG,0,3609109
tmaR_predicted,0.14285714285714285,6,6,GGGATCAGCGGGCATGAATA,0,3641569
tmaR_predicted,0.14285714285714285,6,6,GGGATAAGAGGCTGAACGAT,0,3605428
tmaR_predicted,0.14285714285714285,6,6,GGGACGTTAGAACCTCTTCT,0,3610382
tmaR_predicted,0.14285714285714285,6,6,GGGACCTCTGTGATTCGCGC,0,3648876
tmaR_predicted,0.14285714285714285,6,6,GGCTTGGATTGTATCCGCAT,0,3642522
tmaR_predicted,0.14285714285714285,6,6,GGCCCGGTCCTGGGTCTGAA,0,3630737
tmaR_predicted,0.14285714285714285,6,6,GGCCCGGCCTTGAGTTTCGA,0,3628454
tmaR_predicted,0.14285714285714285,6,6,GGCAATTCTAAAACCCCCGC,0,3640767
tmaR_predicted,0.14285714285714285,6,6,GGCAAACGCAGCAAACAGGG,0,3641941
tmaR_predicted,0.14285714285714285,6,6,GGATTCTCGGGGGCTGTATA,0,3650187
tmaR_predicted,0.14285714285714285,6,6,GGATCGGCACTGGGACACTG,0,3618742
tmaR_predicted,0.14285714285714285,6,6,GGAGGACGTAGTTTCGTTGA,0,3648597
tmaR_predicted,0.14285714285714285,6,6,GGAGCGGACCTCTAAGAGTA,0,3626815
tmaR_predicted,0.14285714285714285,6,6,GGAGATGGCATTTAGATAAA,0,3611531
tmaR_predicted,0.14285714285714285,6,6,GGACCGATTTAGGGGTTCGT,0,3616442
tmaR_predicted,0.14285714285714285,6,6,GGACCAGTTTGAATGAGGGC,0,3626751
tmaR_predicted,0.14285714285714285,6,6,GGAATTCCGAGCATACGTTT,0,3649573
tmaR_predicted,0.14285714285714285,6,6,GGAATCACACTACCGATCAG,0,3608681
tmaR_predicted,0.14285714285714285,6,6,GGAACTTAGCCTGGTAGACC,0,3643036
tmaR_predicted,0.14285714285714285,6,6,GGAACGGCGATAGGTCCTAG,0,3620690
tmaR_predicted,0.14285714285714285,6,6,GGAAACTGAAGAACAGGATA,0,3620908
tmaR_predicted,0.14285714285714285,6,6,GCTTCGGGTCATCAGTTGAG,0,3625313
tmaR_predicted,0.14285714285714285,6,6,GCTTCCTCGCTCTCGAGTTG,0,3619311
tmaR_predicted,0.14285714285714285,6,6,GCTGCCAGATGTCTGAACAT,0,3624737
tmaR_predicted,0.14285714285714285,6,6,GCTCCGTCTCACATGCAACG,0,3631192
tmaR_predicted,0.14285714285714285,6,6,GCTCACTTGAACAACCTTTT,0,3611798
tmaR_predicted,0.14285714285714285,6,6,GCTAGGAGAAAGGGTAATAT,0,3644522
tmaR_predicted,0.14285714285714285,6,6,GCTAGAGTATTAGGGGGCTA,0,3613799
tmaR_predicted,0.14285714285714285,6,6,GCTAACAGCCAATCACTCCC,0,3639552
tmaR_predicted,0.14285714285714285,6,6,GCGGTTATTGCCTCTGACGG,0,3621454
tmaR_predicted,0.14285714285714285,6,6,GCGGTCGCGAAAAGTCGGAC,0,3609642
tmaR_predicted,0.14285714285714285,6,6,GCGGTCGCCGTTATGACCGA,0,3636422
tmaR_predicted,0.14285714285714285,6,6,GCGGAGAAAAGGTTTGTTGG,0,3621025
tmaR_predicted,0.14285714285714285,6,6,GCGGAAGTGTCCTAGGGGAA,0,3620799
tmaR_predicted,0.14285714285714285,6,6,GCGCTAGGTTCTACGAATTT,0,3638687
tmaR_predicted,0.14285714285714285,6,6,GCGATGCCCGCATGACGATG,0,3627368
tmaR_predicted,0.14285714285714285,6,6,GCCTCTCATGAAAGAGTCCT,0,3628432
tmaR_predicted,0.14285714285714285,6,6,GCCTACCAATACACGCGACT,0,3618977
tmaR_predicted,0.14285714285714285,6,6,GCCGTACTAAGGGCACAAAA,0,3619285
tmaR_predicted,0.14285714285714285,6,6,GCCGTACCCATAACATAGAA,0,3622672
tmaR_predicted,0.14285714285714285,6,6,GCCGGTGATAGGACTGGTGG,0,3645090
tmaR_predicted,0.14285714285714285,6,6,GCCGGGCCAATGAGTTGTAA,0,3647806
tmaR_predicted,0.14285714285714285,6,6,GCCGCAGGACAATAACCCTT,0,3647986
tmaR_predicted,0.14285714285714285,6,6,GCCAGATATTGTGGAGAAAC,0,3642511
tmaR_predicted,0.14285714285714285,6,6,GCCACTAGACCGATTTATAA,0,3640126
tmaR_predicted,0.14285714285714285,6,6,GCATTGGCGCTAGGGGGGGA,0,3648293
tmaR_predicted,0.14285714285714285,6,6,GCATGGTCACGAGACGTAGA,0,3644530
tmaR_predicted,0.14285714285714285,6,6,GCATCACGCGAGGGGACTTT,0,3643030
tmaR_predicted,0.14285714285714285,6,6,GCAGTGGCTACTAATCCCAG,0,3647131
tmaR_predicted,0.14285714285714285,6,6,GCACGGATGGTCCTGAAAAG,0,3642809
tmaR_predicted,0.14285714285714285,6,6,GCACATTAGTGGCAGTTCTA,0,3630701
tmaR_predicted,0.14285714285714285,6,6,GCAAGGTACCCAAACTCTAG,0,3641642
tmaR_predicted,0.14285714285714285,6,6,GCAAAGCGTTTGCACCACAT,0,3629518
tmaR_predicted,0.14285714285714285,6,6,GATTTGGGGTGGAGTAAAGT,0,3643249
tmaR_predicted,0.14285714285714285,6,6,GATTGCAACTACATGGTATC,0,3609050
tmaR_predicted,0.14285714285714285,6,6,GATTCGTCTTAGTGACCGAT,0,3643667
tmaR_predicted,0.14285714285714285,6,6,GATGGTTCGATCGTTACGAA,0,3646149
tmaR_predicted,0.14285714285714285,6,6,GATGGTAACCAGTCTAGGAA,0,3642403
tmaR_predicted,0.14285714285714285,6,6,GATGGGAGTCGTGCCAAACC,0,3649751
tmaR_predicted,0.14285714285714285,6,6,GATGGATTGTGATTGCCAGT,0,3643908
tmaR_predicted,0.14285714285714285,6,6,GATGCCGAGTAGCCCCGCTC,0,3611917
tmaR_predicted,0.14285714285714285,6,6,GATGATAAAATGATACAGCT,0,3606364
tmaR_predicted,0.14285714285714285,6,6,GATGAGCGTTTCAGACGAAT,0,3617682
tmaR_predicted,0.14285714285714285,6,6,GATCTTCCCACATCTTCATG,0,3638073
tmaR_predicted,0.14285714285714285,6,6,GATCATTGGAGCCTGTTGGC,0,3605378
tmaR_predicted,0.14285714285714285,6,6,GATATTTCTGGGTTCCGACC,0,3642173
tmaR_predicted,0.14285714285714285,6,6,GATACTGTCACGTCTCAAAG,0,3626611
tmaR_predicted,0.14285714285714285,6,6,GATAAAGGTTCCTTAAGGAC,0,3607734
tmaR_predicted,0.14285714285714285,6,6,GAGTGGGTAGTCTGTTGGAC,0,3620688
tmaR_predicted,0.14285714285714285,6,6,GAGTGCGTCTGTGTAATCGT,0,3611677
tmaR_predicted,0.14285714285714285,6,6,GAGGACGATGTCTTTCATGC,0,3647200
tmaR_predicted,0.14285714285714285,6,6,GAGGAAGCTCTCACATGATG,0,3631873
tmaR_predicted,0.14285714285714285,6,6,GAGCGTCCCATGAGGTTCGA,0,3629855
tmaR_predicted,0.14285714285714285,6,6,GAGATGCTGACAGCGTAAAT,0,3607914
tmaR_predicted,0.14285714285714285,6,6,GAGAGGGTGAATACTCCTTA,0,3630744
tmaR_predicted,0.14285714285714285,6,6,GAGACGATATGGATGCGAGT,0,3614779
tmaR_predicted,0.14285714285714285,6,6,GACTTGCTTAAGCCGGATAC,0,3613184
tmaR_predicted,0.14285714285714285,6,6,GACTCAGCCAATTGAGAGTG,0,3630310
tmaR_predicted,0.14285714285714285,6,6,GACGTACCCTCTTTTGAGGC,0,3631363
tmaR_predicted,0.14285714285714285,6,6,GACCTTACGCCCTAGCGAGG,0,3620742
tmaR_predicted,0.14285714285714285,6,6,GAATTTCAAACAGAACTGCA,0,3618434
tmaR_predicted,0.14285714285714285,6,6,GAAGCTAATCTCTCCAAATA,0,3606133
tmaR_predicted,0.14285714285714285,6,6,GAACCCAATTCATGGCCGTA,0,3637681
tmaR_predicted,0.14285714285714285,6,6,GAACATGAGCTAGGAGTGAG,0,3648345
tmaR_predicted,0.14285714285714285,6,6,GAACACTTAACCAATGCAAA,0,3611629
tmaR_predicted,0.14285714285714285,6,6,GAAATTCGGTACTTTAATTT,0,3634717
tmaR_predicted,0.14285714285714285,6,6,GAAAGTCGGCCCCGGCCGTT,0,3630027
tmaR_predicted,0.14285714285714285,6,6,GAAAGGTACATCCAGAGTCC,0,3608090
tmaR_predicted,0.14285714285714285,6,6,GAAACGGGACCGGATCACTT,0,3633886
tmaR_predicted,0.14285714285714285,6,6,GAAAAGGTCCGATGGCCTGG,0,3606316
tmaR_predicted,0.14285714285714285,6,6,GAAAAACATCACAGACTTCA,0,3648668
tmaR_predicted,0.14285714285714285,6,6,CTTTGCCGCACCTTTAAAAT,0,3608309
tmaR_predicted,0.14285714285714285,6,6,CTTTCGGACAGTTGTAAGTG,0,3624931
tmaR_predicted,0.14285714285714285,6,6,CTTGGGGTCGCCCCGGGTTA,0,3607930
tmaR_predicted,0.14285714285714285,6,6,CTTGCATATTCTTTTAGGTG,0,3644620
tmaR_predicted,0.14285714285714285,6,6,CTTCTTCCCGTGTATATTAT,0,3623414
tmaR_predicted,0.14285714285714285,6,6,CTTCTGGAATAAAGGTATAC,0,3647840
tmaR_predicted,0.14285714285714285,6,6,CTTCGCTCCAGAGTCTCTTG,0,3629891
tmaR_predicted,0.14285714285714285,6,6,CTTCGAAATCAGCCTTGCGA,0,3645641
tmaR_predicted,0.14285714285714285,6,6,CTTCCTCTAGTACTCGATTT,0,3642268
tmaR_predicted,0.14285714285714285,6,6,CTTCCCTATTTACGTTATAA,0,3619694
tmaR_predicted,0.14285714285714285,6,6,CTTCAGTCGTACTTTTTATT,0,3640618
tmaR_predicted,0.14285714285714285,6,6,CTTAGAACATCTATGATCGT,0,3630373
tmaR_predicted,0.14285714285714285,6,6,CTTACACGGCTACGACTCCA,0,3625978
tmaR_predicted,0.14285714285714285,6,6,CTTAAAAACACGATTCATAT,0,3647951
tmaR_predicted,0.14285714285714285,6,6,CTGTTACGCTTTCTGTCACA,0,3646994
tmaR_predicted,0.14285714285714285,6,6,CTGTATCTTCGGGGCAAATA,0,3612294
tmaR_predicted,0.14285714285714285,6,6,CTGGTGGCTACGCCACACAA,0,3611949
tmaR_predicted,0.14285714285714285,6,6,CTGCGATTGTCTACATCCTC,0,3606936
tmaR_predicted,0.14285714285714285,6,6,CTGCATTTGGAAGCACCCAC,0,3632518
tmaR_predicted,0.14285714285714285,6,6,CTGATGGGCTCACTTTACGT,0,3609161
tmaR_predicted,0.14285714285714285,6,6,CTGAACAGGAAACCTATATG,0,3614863
tmaR_predicted,0.14285714285714285,6,6,CTCTGGACGTCCGTCATTGA,0,3607941
tmaR_predicted,0.14285714285714285,6,6,CTCTCCTCAGGTAGCTTACT,0,3621996
tmaR_predicted,0.14285714285714285,6,6,CTCTCCGGACTCGCGACCAG,0,3608434
tmaR_predicted,0.14285714285714285,6,6,CTCGAAGTGTCCATGATCAG,0,3618720
tmaR_predicted,0.14285714285714285,6,6,CTCCGGTCATTTGGTAGGGG,0,3617685
tmaR_predicted,0.14285714285714285,6,6,CTCCCTAGGCCAACTGGGTC,0,3647383
tmaR_predicted,0.14285714285714285,6,6,CTCATTTAGGTTCAAATGCA,0,3626339
tmaR_predicted,0.14285714285714285,6,6,CTATTTTCGAATCATGTTCA,0,3615780
tmaR_predicted,0.14285714285714285,6,6,CTATGGTGGGACCGGCCAAG,0,3622464
tmaR_predicted,0.14285714285714285,6,6,CTATGGGAATAGATAAATTT,0,3605327
tmaR_predicted,0.14285714285714285,6,6,CTAGGACTGAAAATGAATCG,0,3605249
tmaR_predicted,0.14285714285714285,6,6,CTAGAACTCCGGAAGCGAAA,0,3637371
tmaR_predicted,0.14285714285714285,6,6,CTACTGGGCGTACAGGAAGA,0,3614185
tmaR_predicted,0.14285714285714285,6,6,CTAAGTATAGAGTCACACCT,0,3612670
tmaR_predicted,0.14285714285714285,6,6,CGTTTTCGGTTCTTGGGAGT,0,3616400
tmaR_predicted,0.14285714285714285,6,6,CGTGCTATACCATGTCTCCA,0,3640929
tmaR_predicted,0.14285714285714285,6,6,CGTCGTTGTGACCTCGGTGT,0,3610492
tmaR_predicted,0.14285714285714285,6,6,CGTCGAACTCGCTTGGGCAG,0,3637836
tmaR_predicted,0.14285714285714285,6,6,CGTCACCTGTCGGCCTATTT,0,3647657
tmaR_predicted,0.14285714285714285,6,6,CGTAGAAGGGGGCGGGAACG,0,3617375
tmaR_predicted,0.14285714285714285,6,6,CGTAACAAACATCTAGTAAA,0,3612389
tmaR_predicted,0.14285714285714285,6,6,CGGTCACGATACCGCCCGGG,0,3610036
tmaR_predicted,0.14285714285714285,6,6,CGGGTTATAAAAGGTCAGAC,0,3617254
tmaR_predicted,0.14285714285714285,6,6,CGGGTCCCGGAGACGCCATA,0,3635938
tmaR_predicted,0.14285714285714285,6,6,CGGGGGCCGGTGTGCTAGGG,0,3638908
tmaR_predicted,0.14285714285714285,6,6,CGGGCTGGGACAGAGAGTTA,0,3646191
tmaR_predicted,0.14285714285714285,6,6,CGGCATTCAGCGGTTTTCAC,0,3621639
tmaR_predicted,0.14285714285714285,6,6,CGGCAAGCTATGAAACAACG,0,3610635
tmaR_predicted,0.14285714285714285,6,6,CGGAAACAATGGAGAGGGGT,0,3628151
tmaR_predicted,0.14285714285714285,6,6,CGCGAATGTAAACACATACC,0,3640436
tmaR_predicted,0.14285714285714285,6,6,CGCCCGAACATAACACGTCT,0,3624703
tmaR_predicted,0.14285714285714285,6,6,CGCATCAGGGTGAAGTCACC,0,3645445
tmaR_predicted,0.14285714285714285,6,6,CGCATAGAAATAGCACAGCC,0,3634800
tmaR_predicted,0.14285714285714285,6,6,CGCAGCCGGGCGCCATTATT,0,3616945
tmaR_predicted,0.14285714285714285,6,6,CGATTGGGGCGTAGTAAAGC,0,3618651
tmaR_predicted,0.14285714285714285,6,6,CGATCTCGATGTGAGCAATA,0,3649833
tmaR_predicted,0.14285714285714285,6,6,CGATAAAACCTAATTCGGAT,0,3613146
tmaR_predicted,0.14285714285714285,6,6,CGAGTGTGGTGCTTTGTTAA,0,3615483
tmaR_predicted,0.14285714285714285,6,6,CGAGTGATAAGACTTTCAGT,0,3607585
tmaR_predicted,0.14285714285714285,6,6,CGAGTCTAAGAAACGGAAGA,0,3647174
tmaR_predicted,0.14285714285714285,6,6,CGACGCACATTTAGTTAATT,0,3644581
tmaR_predicted,0.14285714285714285,6,6,CGACATCATGTTTGCTATCC,0,3608733
tmaR_predicted,0.14285714285714285,6,6,CGACACTCGGACAGATTACG,0,3635483
tmaR_predicted,0.14285714285714285,6,6,CGAATTGGTTACGGCTGCTC,0,3609640
tmaR_predicted,0.14285714285714285,6,6,CGAATAATACCGCTTTGTAG,0,3603912
tmaR_predicted,0.14285714285714285,6,6,CGAAGTTCCCGCAGTTCGAG,0,3637693
tmaR_predicted,0.14285714285714285,6,6,CCTTTGTTGGGTACGATAAT,0,3612221
tmaR_predicted,0.14285714285714285,6,6,CCTTTATCCTGCACTTGGTG,0,3639674
tmaR_predicted,0.14285714285714285,6,6,CCTTATCTAACGAAGGATAA,0,3630028
tmaR_predicted,0.14285714285714285,6,6,CCTTAGAACACTACGGTTCA,0,3645873
tmaR_predicted,0.14285714285714285,6,6,CCTGGGCCAGCGCAACGCTG,0,3612336
tmaR_predicted,0.14285714285714285,6,6,CCGTTGCTCGGGTGCCAGGC,0,3610661
tmaR_predicted,0.14285714285714285,6,6,CCGTATACGTAAGCCCCTGA,0,3637642
tmaR_predicted,0.14285714285714285,6,6,CCGGTTGCGAGAAACATCGA,0,3635397
tmaR_predicted,0.14285714285714285,6,6,CCGGGCGCAGTTATGTGCAA,0,3616482
tmaR_predicted,0.14285714285714285,6,6,CCGCAGGGTAATTGCCTCCA,0,3614240
tmaR_predicted,0.14285714285714285,6,6,CCGATGTCGCCGAGCCGTAA,0,3610374
tmaR_predicted,0.14285714285714285,6,6,CCGATACTCCACGAGGTCTA,0,3622673
tmaR_predicted,0.14285714285714285,6,6,CCGACGGAGGCTTAAATTAT,0,3645900
tmaR_predicted,0.14285714285714285,6,6,CCGACCGGGTTTCGATCAGA,0,3626355
tmaR_predicted,0.14285714285714285,6,6,CCGAAACGAAGGTAAAAAAT,0,3625781
tmaR_predicted,0.14285714285714285,6,6,CCCTTGCCCGTGCCGACATT,0,3614921
tmaR_predicted,0.14285714285714285,6,6,CCCTCGAATGAATTCTTGGT,0,3609600
tmaR_predicted,0.14285714285714285,6,6,CCCGACCGTCCGTACGCGGA,0,3605771
tmaR_predicted,0.14285714285714285,6,6,CCCCTATACACAGTTAACCT,0,3619561
tmaR_predicted,0.14285714285714285,6,6,CCCCCCCCGCCATACGCCGA,0,3621858
tmaR_predicted,0.14285714285714285,6,6,CCCCAGCTCTCTATTCCACG,0,3610657
tmaR_predicted,0.14285714285714285,6,6,CCCATTCCAGTTACGAATGC,0,3613511
tmaR_predicted,0.14285714285714285,6,6,CCCATCCAGTCCATGTGGAG,0,3618498
tmaR_predicted,0.14285714285714285,6,6,CCCAATGTAATGAAGTTGAT,0,3625411
tmaR_predicted,0.14285714285714285,6,6,CCATAGTGGGCGTGAACGTG,0,3614440
tmaR_predicted,0.14285714285714285,6,6,CCAGTGCGTTGTCACAACAA,0,3645034
tmaR_predicted,0.14285714285714285,6,6,CCAGCATCAGGATTTGTAAA,0,3649880
tmaR_predicted,0.14285714285714285,6,6,CCACGACAGGAGATCCTGCT,0,3614561
tmaR_predicted,0.14285714285714285,6,6,CCACAGGCGTCGGGAATATA,0,3625955
tmaR_predicted,0.14285714285714285,6,6,CCAAGTGAACCCAGGTGGGA,0,3635586
tmaR_predicted,0.14285714285714285,6,6,CCAAAAGGGCTTACGCCTCG,0,3634556
tmaR_predicted,0.14285714285714285,6,6,CATTTATTGGGTAGAAATTA,0,3632055
tmaR_predicted,0.14285714285714285,6,6,CATTGCATACCGACCACCAC,0,3620509
tmaR_predicted,0.14285714285714285,6,6,CATTACCAGTTACAATCAAA,0,3609959
tmaR_predicted,0.14285714285714285,6,6,CATGGCACTGACCACCTTTG,0,3641599
tmaR_predicted,0.14285714285714285,6,6,CATCCCTTAAATGCTCAAGA,0,3648725
tmaR_predicted,0.14285714285714285,6,6,CATAGTGACAGACTCCCAAG,0,3614964
tmaR_predicted,0.14285714285714285,6,6,CATAGGCCGGGTGCTAATAA,0,3637684
tmaR_predicted,0.14285714285714285,6,6,CATACTGCGGGTGAATGAGG,0,3608412
tmaR_predicted,0.14285714285714285,6,6,CATACGATGTCTCGCGACAT,0,3646062
tmaR_predicted,0.14285714285714285,6,6,CAGTGCAGTTAACCGTGTAG,0,3606614
tmaR_predicted,0.14285714285714285,6,6,CAGGTGACAGGCCCAGCGCG,0,3630697
tmaR_predicted,0.14285714285714285,6,6,CAGGCCCAATATACAGTCTG,0,3647211
tmaR_predicted,0.14285714285714285,6,6,CAGCTGGAGAGCCACATCCA,0,3615196
tmaR_predicted,0.14285714285714285,6,6,CAGCGATACGGGTGGTATAC,0,3620286
tmaR_predicted,0.14285714285714285,6,6,CAGAACGCAGCGCTGAAACA,0,3626795
tmaR_predicted,0.14285714285714285,6,6,CACTGCGCCTGGCTTTTGAC,0,3639321
tmaR_predicted,0.14285714285714285,6,6,CACGCCGAACCGCGTAATAA,0,3623718
tmaR_predicted,0.14285714285714285,6,6,CACGCACTCCGGTGGGGTCT,0,3643624
tmaR_predicted,0.14285714285714285,6,6,CACATGTATTAACGTCGTAT,0,3616906
tmaR_predicted,0.14285714285714285,6,6,CACATGCTATCCATCTCTCT,0,3611529
tmaR_predicted,0.14285714285714285,6,6,CACACGAAATAATACGTCTG,0,3632251
tmaR_predicted,0.14285714285714285,6,6,CAATGCTTCAAACTGCTTTA,0,3617966
tmaR_predicted,0.14285714285714285,6,6,CAATCATCAATTAATCCGTT,0,3629046
tmaR_predicted,0.14285714285714285,6,6,CAACTACTTATCAGATTACG,0,3619840
tmaR_predicted,0.14285714285714285,6,6,CAACGGCTTTCCGAGCACGA,0,3605399
tmaR_predicted,0.14285714285714285,6,6,CAACCCATCGTGTCCTGGTA,0,3607987
tmaR_predicted,0.14285714285714285,6,6,CAACAAGTCCTCCCCCAGCC,0,3611963
tmaR_predicted,0.14285714285714285,6,6,CAAATATGAGAAGCCACGTG,0,3633252
tmaR_predicted,0.14285714285714285,6,6,ATTTTGGTAGAGCTCCACTT,0,3624133
tmaR_predicted,0.14285714285714285,6,6,ATTTGGTGCATTGTGTGAGC,0,3617912
tmaR_predicted,0.14285714285714285,6,6,ATTTGAACGACGTAGGGCTT,0,3614024
tmaR_predicted,0.14285714285714285,6,6,ATTTCTACAAATAAAGGTTT,0,3605017
tmaR_predicted,0.14285714285714285,6,6,ATTCTGAGACGAGCTAGTTA,0,3629238
tmaR_predicted,0.14285714285714285,6,6,ATTCAAGCGCATAGGCTCTC,0,3622228
tmaR_predicted,0.14285714285714285,6,6,ATTACGGGATCAATGGAACC,0,3618953
tmaR_predicted,0.14285714285714285,6,6,ATTAACGAGGCTTTGGACCT,0,3640977
tmaR_predicted,0.14285714285714285,6,6,ATGTGGTCTATGCCGTTAGA,0,3640987
tmaR_predicted,0.14285714285714285,6,6,ATGCTGCCGGCCGGGCAAGT,0,3645382
tmaR_predicted,0.14285714285714285,6,6,ATGCTCGCACGCGGTATACA,0,3633633
tmaR_predicted,0.14285714285714285,6,6,ATGCCACGGAGCATTTAGTT,0,3646762
tmaR_predicted,0.14285714285714285,6,6,ATGCAGTGGGTAAGAAACCA,0,3643237
tmaR_predicted,0.14285714285714285,6,6,ATGCACAGCTCTCTTTAGGA,0,3622437
tmaR_predicted,0.14285714285714285,6,6,ATGAGCCCCTGTAACCTGGA,0,3630541
tmaR_predicted,0.14285714285714285,6,6,ATGAATTTGGGGCTTACAGA,0,3649388
tmaR_predicted,0.14285714285714285,6,6,ATGAAAGCGGACGGTGCTCC,0,3604320
tmaR_predicted,0.14285714285714285,6,6,ATCTCATGAAGCCCTCCGGG,0,3643785
tmaR_predicted,0.14285714285714285,6,6,ATCGTAAATTTATGACGACA,0,3634689
tmaR_predicted,0.14285714285714285,6,6,ATCGGACGACGTGCCCTAAA,0,3628242
tmaR_predicted,0.14285714285714285,6,6,ATCGCTCAAAATCGTAACGG,0,3618462
tmaR_predicted,0.14285714285714285,6,6,ATCCTGTGAGCAACATAGAA,0,3629506
tmaR_predicted,0.14285714285714285,6,6,ATCCGATCCGCTAGATTCGC,0,3618138
tmaR_predicted,0.14285714285714285,6,6,ATCCCTTCGGATTCTTCCTT,0,3611959
tmaR_predicted,0.14285714285714285,6,6,ATCAGTCGCGTAACGCGGTT,0,3606808
tmaR_predicted,0.14285714285714285,6,6,ATATTTTCGCGCGACCTATC,0,3632366
tmaR_predicted,0.14285714285714285,6,6,ATATTTGCAAGAGTGCTTTA,0,3642595
tmaR_predicted,0.14285714285714285,6,6,ATATTTCCAAAGTCACGAAT,0,3643389
tmaR_predicted,0.14285714285714285,6,6,ATATCGAACATTCCAGGTGC,0,3611555
tmaR_predicted,0.14285714285714285,6,6,ATATCCAAGGGGGTAGACCC,0,3607074
tmaR_predicted,0.14285714285714285,6,6,ATAGTAAGTTAACTCCGTAG,0,3626136
tmaR_predicted,0.14285714285714285,6,6,ATAAGGACGTCATTTGAGGT,0,3606220
tmaR_predicted,0.14285714285714285,6,6,ATAACGCTCTCCCTCGCAAA,0,3605499
tmaR_predicted,0.14285714285714285,6,6,ATAACAACATAGGGGGCTGA,0,3650247
tmaR_predicted,0.14285714285714285,6,6,ATAAACCTAACGAGGGTAGT,0,3622214
tmaR_predicted,0.14285714285714285,6,6,AGTTTTTGAAGATAGAGCCT,0,3629721
tmaR_predicted,0.14285714285714285,6,6,AGTTAGGTACACTCTATCGT,0,3615875
tmaR_predicted,0.14285714285714285,6,6,AGTGTGGTCGGACATTAGTC,0,3614009
tmaR_predicted,0.14285714285714285,6,6,AGTGCCACTTTGTTTCGGGT,0,3622545
tmaR_predicted,0.14285714285714285,6,6,AGTGACGAACATGTCCGGTA,0,3623818
tmaR_predicted,0.14285714285714285,6,6,AGTATTAAACTCCTTACCGT,0,3637534
tmaR_predicted,0.14285714285714285,6,6,AGTATATAGTGACATCAGGA,0,3618317
tmaR_predicted,0.14285714285714285,6,6,AGTATAGGGCTCGCTGTCTA,0,3621033
tmaR_predicted,0.14285714285714285,6,6,AGTACAATTATGGTGGTCTT,0,3607738
tmaR_predicted,0.14285714285714285,6,6,AGTAATCGTCACATTACTTC,0,3629573
tmaR_predicted,0.14285714285714285,6,6,AGGTAAGAGTATATTGGGTT,0,3649421
tmaR_predicted,0.14285714285714285,6,6,AGGTAAAGCCGCTTGGGTAG,0,3606428
tmaR_predicted,0.14285714285714285,6,6,AGGGGATATGTAAATGATTG,0,3613128
tmaR_predicted,0.14285714285714285,6,6,AGGGACTTAAGTGGGCGGGA,0,3610120
tmaR_predicted,0.14285714285714285,6,6,AGGCCTGCAAAATTAGGCCA,0,3620923
tmaR_predicted,0.14285714285714285,6,6,AGGCCATAATCCGTGCAAAT,0,3617046
tmaR_predicted,0.14285714285714285,6,6,AGGCATTTCGCTGTTGGAAC,0,3608659
tmaR_predicted,0.14285714285714285,6,6,AGGATTCCTTCTTAGCCTAA,0,3610169
tmaR_predicted,0.14285714285714285,6,6,AGGACCGGATCAAAATCGAA,0,3625597
tmaR_predicted,0.14285714285714285,6,6,AGGACAGCAGGCCTAAGGCT,0,3604010
tmaR_predicted,0.14285714285714285,6,6,AGGACACACTAGCACATGTA,0,3607431
tmaR_predicted,0.14285714285714285,6,6,AGGAAGGATCAGATCTATTC,0,3608124
tmaR_predicted,0.14285714285714285,6,6,AGCTTGGCCTGACGTAAGTG,0,3633356
tmaR_predicted,0.14285714285714285,6,6,AGCTTGGATGCGACCTTCAG,0,3633765
tmaR_predicted,0.14285714285714285,6,6,AGCTTGGAAGGTAGCCGTCA,0,3636201
tmaR_predicted,0.14285714285714285,6,6,AGCTCGGACGAGCATCTTGA,0,3637294
tmaR_predicted,0.14285714285714285,6,6,AGCTAGTGGCAGCTTGTCCC,0,3642906
tmaR_predicted,0.14285714285714285,6,6,AGCTAAATTTAAGCATGTGA,0,3607739
tmaR_predicted,0.14285714285714285,6,6,AGCGGACTATCGACACCACG,0,3618563
tmaR_predicted,0.14285714285714285,6,6,AGCCTTTGTTGGCGGTACAT,0,3650265
tmaR_predicted,0.14285714285714285,6,6,AGCCAGAATGTTCATAACGG,0,3615122
tmaR_predicted,0.14285714285714285,6,6,AGCCACATTGTGACAGGTGT,0,3616759
tmaR_predicted,0.14285714285714285,6,6,AGCATAATGAGGCTCAACTG,0,3636170
tmaR_predicted,0.14285714285714285,6,6,AGCACTTTAAGTCCAATAGA,0,3621653
tmaR_predicted,0.14285714285714285,6,6,AGCACCACTCTTGATCGAAG,0,3606373
tmaR_predicted,0.14285714285714285,6,6,AGCACACCGATCGGTGCGAG,0,3629083
tmaR_predicted,0.14285714285714285,6,6,AGCAAGGCAACGGCGCTGAA,0,3645559
tmaR_predicted,0.14285714285714285,6,6,AGCAAAGACGTAGGCGAGCT,0,3638876
tmaR_predicted,0.14285714285714285,6,6,AGATTTGTATCGCTATACGC,0,3634043
tmaR_predicted,0.14285714285714285,6,6,AGATTACATAGCTTCACCCG,0,3616628
tmaR_predicted,0.14285714285714285,6,6,AGATGTACGAGGCACAATTA,0,3620905
tmaR_predicted,0.14285714285714285,6,6,AGATGCATTACGATTGCAAT,0,3629616
tmaR_predicted,0.14285714285714285,6,6,AGATCGTTGGCCGATGGACC,0,3609056
tmaR_predicted,0.14285714285714285,6,6,AGACTGAGGGTGTGGCTGTG,0,3632472
tmaR_predicted,0.14285714285714285,6,6,AGAACTCACCGCCTACAATA,0,3608463
tmaR_predicted,0.14285714285714285,6,6,AGAAAGGCGAAAAATCTGTA,0,3630666
tmaR_predicted,0.14285714285714285,6,6,ACTTTCCGTCGTCTTGCTAG,0,3632041
tmaR_predicted,0.14285714285714285,6,6,ACTGCCACCTGACATATAAG,0,3642599
tmaR_predicted,0.14285714285714285,6,6,ACTGAAAATGATAACCGGGA,0,3606919
tmaR_predicted,0.14285714285714285,6,6,ACTCTTCACCTAGACATGCT,0,3618418
tmaR_predicted,0.14285714285714285,6,6,ACTCTCACAGCCTTCTTGCA,0,3620902
tmaR_predicted,0.14285714285714285,6,6,ACTAAGTTTCTGCTATAAGC,0,3620500
tmaR_predicted,0.14285714285714285,6,6,ACTAAAGATATGAATGCACA,0,3610430
tmaR_predicted,0.14285714285714285,6,6,ACGGCAAAGCCCAGCGTACC,0,3641492
tmaR_predicted,0.14285714285714285,6,6,ACGGATTTTCGACTAGGATA,0,3612182
tmaR_predicted,0.14285714285714285,6,6,ACGCTAGAAAGACTTAACGT,0,3628826
tmaR_predicted,0.14285714285714285,6,6,ACGCTAACCCGTGGCTCTGT,0,3624748
tmaR_predicted,0.14285714285714285,6,6,ACGCGTGATCCTTGTCCGCC,0,3621089
tmaR_predicted,0.14285714285714285,6,6,ACGCAGTGTGCCCGCTGAGT,0,3626649
tmaR_predicted,0.14285714285714285,6,6,ACGAGGGCTATTAACAGGTG,0,3639133
tmaR_predicted,0.14285714285714285,6,6,ACCTCGCCAACCATCCCCGG,0,3622813
tmaR_predicted,0.14285714285714285,6,6,ACCTATCACCTAAGCACCAG,0,3629322
tmaR_predicted,0.14285714285714285,6,6,ACCGTAGGTCGCCGCGGGCT,0,3633980
tmaR_predicted,0.14285714285714285,6,6,ACCGCGACAGCTTGCGACAT,0,3643670
tmaR_predicted,0.14285714285714285,6,6,ACCGCATTGCCTATCCCGAT,0,3627294
tmaR_predicted,0.14285714285714285,6,6,ACCGATGCAGCACCCCCTGA,0,3647704
tmaR_predicted,0.14285714285714285,6,6,ACCCTGGAAGAGTTCCCCCT,0,3641749
tmaR_predicted,0.14285714285714285,6,6,ACCCGCGGCAATGTATTTAT,0,3613796
tmaR_predicted,0.14285714285714285,6,6,ACCCCATGACGGTAAAGCGA,0,3605573
tmaR_predicted,0.14285714285714285,6,6,ACCAGTGCGGAGTTCTATAC,0,3631503
tmaR_predicted,0.14285714285714285,6,6,ACCACAGCATATAGTTGAAA,0,3634840
tmaR_predicted,0.14285714285714285,6,6,ACATTAGACTTAGCCCTATT,0,3628964
tmaR_predicted,0.14285714285714285,6,6,ACATACAGCGATGAATTGGG,0,3635435
tmaR_predicted,0.14285714285714285,6,6,ACAGTAGCGGTTTTGCCGGA,0,3644188
tmaR_predicted,0.14285714285714285,6,6,ACAGCTCCCTATCGTAGGGA,0,3633304
tmaR_predicted,0.14285714285714285,6,6,ACAGCGCAAAGCTAATAGTT,0,3637183
tmaR_predicted,0.14285714285714285,6,6,ACACTGCCACGTTTACATCG,0,3645348
tmaR_predicted,0.14285714285714285,6,6,ACACGTCGTAGCTAACGGAG,0,3639888
tmaR_predicted,0.14285714285714285,6,6,ACACCGGACGGAAGCCCCCA,0,3609910
tmaR_predicted,0.14285714285714285,6,6,ACACACGCTCGCCGGCTTCT,0,3629845
tmaR_predicted,0.14285714285714285,6,6,ACAAGGCCATGGTAGTTGCA,0,3614443
tmaR_predicted,0.14285714285714285,6,6,ACAAGCGTCTCCTAATAGCC,0,3617132
tmaR_predicted,0.14285714285714285,6,6,ACAAATTTCGGAGTAGGCGG,0,3622670
tmaR_predicted,0.14285714285714285,6,6,AATTTGTTCACTCGATAGGC,0,3630757
tmaR_predicted,0.14285714285714285,6,6,AATTGGGTCCCGAGTGCGAG,0,3604886
tmaR_predicted,0.14285714285714285,6,6,AATTCTATTACAAGACGGAC,0,3633910
tmaR_predicted,0.14285714285714285,6,6,AATTCGAATGGGTTGAGTCT,0,3615325
tmaR_predicted,0.14285714285714285,6,6,AATTCATCCACTGAGAGAAT,0,3609816
tmaR_predicted,0.14285714285714285,6,6,AATTCAGACCAAGGGGTCCT,0,3611725
tmaR_predicted,0.14285714285714285,6,6,AATGTGGTACACGGCGGTCT,0,3604975
tmaR_predicted,0.14285714285714285,6,6,AATGCCACGATTATGTTGCC,0,3644642
tmaR_predicted,0.14285714285714285,6,6,AATGACTTTACCCACGGGAC,0,3607086
tmaR_predicted,0.14285714285714285,6,6,AATGAAGAAAGTCTAAACCC,0,3626466
tmaR_predicted,0.14285714285714285,6,6,AATCTGGTCGTCTGAAAAAG,0,3612068
tmaR_predicted,0.14285714285714285,6,6,AATCGCGTATGATAGCCTTA,0,3631388
tmaR_predicted,0.14285714285714285,6,6,AATCGAGTGGCAGTCTGACC,0,3615528
tmaR_predicted,0.14285714285714285,6,6,AATATTGTCCTGCACCGGAG,0,3645798
tmaR_predicted,0.14285714285714285,6,6,AATATAGCCGTGCAACAATT,0,3641469
tmaR_predicted,0.14285714285714285,6,6,AATAGAGCTCTGAGACAGGT,0,3604355
tmaR_predicted,0.14285714285714285,6,6,AATAAGACGTAGGTGCGCGG,0,3619691
tmaR_predicted,0.14285714285714285,6,6,AATAAATCAATGCCCTATCG,0,3611155
tmaR_predicted,0.14285714285714285,6,6,AAGTTGTTGACTTGTAAGAT,0,3622128
tmaR_predicted,0.14285714285714285,6,6,AAGTTGTTCGCTGAACTAGC,0,3623347
tmaR_predicted,0.14285714285714285,6,6,AAGTTGGTGAAAGTCGATAA,0,3629766
tmaR_predicted,0.14285714285714285,6,6,AAGGTGCAAAGGGACGGATT,0,3608700
tmaR_predicted,0.14285714285714285,6,6,AAGGTCTAGGATCGAGTTGG,0,3616588
tmaR_predicted,0.14285714285714285,6,6,AAGGGCAATCTGCTGTAACG,0,3648049
tmaR_predicted,0.14285714285714285,6,6,AAGGGAACCGGAGAATAGGG,0,3627397
tmaR_predicted,0.14285714285714285,6,6,AAGCTTACGATCCTGGCCAA,0,3606036
tmaR_predicted,0.14285714285714285,6,6,AAGATGTGACCGATCATCAA,0,3605175
tmaR_predicted,0.14285714285714285,6,6,AAGAGCTGATCCCTAGCTCA,0,3615702
tmaR_predicted,0.14285714285714285,6,6,AAGACGCCGCAGCCGCAACG,0,3615175
tmaR_predicted,0.14285714285714285,6,6,AAGAATAAAAGGCGCCCGAG,0,3635025
tmaR_predicted,0.14285714285714285,6,6,AACGTCCTTCACACCCCTGG,0,3620344
tmaR_predicted,0.14285714285714285,6,6,AACGTACAATACTGTCGGGG,0,3611148
tmaR_predicted,0.14285714285714285,6,6,AACGCGACGGTGACCACAAA,0,3641846
tmaR_predicted,0.14285714285714285,6,6,AACCGACGTTACCACACTTA,0,3624380
tmaR_predicted,0.14285714285714285,6,6,AACCCGCACTATTAAAGCTG,0,3630088
tmaR_predicted,0.14285714285714285,6,6,AACATTGAACTACATAGATG,0,3629018
tmaR_predicted,0.14285714285714285,6,6,AAATTGTTATGCTCGGTCGT,0,3640904
tmaR_predicted,0.14285714285714285,6,6,AAATGTCAGTCTGCCCATTT,0,3619281
tmaR_predicted,0.14285714285714285,6,6,AAATATATACTAAGGCTAGT,0,3632435
tmaR_predicted,0.14285714285714285,6,6,AAAGTAGTGATTCGAGGACA,0,3613320
tmaR_predicted,0.14285714285714285,6,6,AAAGGGTAGCACTCTGGGGG,0,3649651
tmaR_predicted,0.14285714285714285,6,6,AAAGCTAGTAATTCATTCAT,0,3610815
tmaR_predicted,0.14285714285714285,6,6,AAACTTGGACATGAATATAT,0,3634021
tmaR_predicted,0.14285714285714285,6,6,AAACTGGAGTGAAACGTCGG,0,3613268
tmaR_predicted,0.14285714285714285,6,6,AAACTCTAAGTTCAACCCTT,0,3634616
tmaR_predicted,0.14285714285714285,6,6,AAACCCGACTCGGGGGTTTT,0,3643739
tmaR_predicted,0.14285714285714285,6,6,AAAACGCGTTGTGGCGACTT,0,3614282
tmaR_predicted,0.14285714285714285,6,6,AAAAATAATCAGCACTGCCA,0,3634439
tmaR_predicted,0.14285714285714285,6,6,AAAAAAGGAAGATTCGGGGG,0,3619213
tmaR_predicted,0.16666666666666666,5,5,TTTTTTACAGCCGGCCGTGT,0,3633001
tmaR_predicted,0.16666666666666666,5,5,TTTTTAGTGACGCGAACCGT,0,3619766
tmaR_predicted,0.16666666666666666,5,5,TTTTAAATCAACCATACCGC,0,3642628
tmaR_predicted,0.16666666666666666,5,5,TTTGGCTGCAGGAATGGAAC,0,3644921
tmaR_predicted,0.16666666666666666,5,5,TTTGACGACAACGGTGCTTT,0,3641085
tmaR_predicted,0.16666666666666666,5,5,TTTCTCTGAAGAGTTGCACA,0,3643332
tmaR_predicted,0.16666666666666666,5,5,TTTATGATCGGGCTGTACTT,0,3646889
tmaR_predicted,0.16666666666666666,5,5,TTTATCGAGCCTTTCTTATT,0,3640878
tmaR_predicted,0.16666666666666666,5,5,TTTATATCTCCATGCAGCCC,0,3640909
tmaR_predicted,0.16666666666666666,5,5,TTTAGCAAACACCAGAATGT,0,3627663
tmaR_predicted,0.16666666666666666,5,5,TTTAAGCGTCCGGATGTGCT,0,3633459
tmaR_predicted,0.16666666666666666,5,5,TTGTGCGCTTTAAACACATA,0,3609027
tmaR_predicted,0.16666666666666666,5,5,TTGTGCCTAGTCAAATGGTT,0,3613188
tmaR_predicted,0.16666666666666666,5,5,TTGGGTGGAGCGGAAAATTG,0,3611828
tmaR_predicted,0.16666666666666666,5,5,TTGCGGGACCAATCGCCTCA,0,3639862
tmaR_predicted,0.16666666666666666,5,5,TTGCGCGGCTCCACCGTGAA,0,3621216
tmaR_predicted,0.16666666666666666,5,5,TTGATGCCGTGAAACTCAGT,0,3629441
tmaR_predicted,0.16666666666666666,5,5,TTGATACGTAGTACGGGAAA,0,3604400
tmaR_predicted,0.16666666666666666,5,5,TTGAGCCGCAAGCTAAAGGC,0,3635879
tmaR_predicted,0.16666666666666666,5,5,TTGAGACATTGAGGATCTTT,0,3612482
tmaR_predicted,0.16666666666666666,5,5,TTGAAGCTTGTTTTCACACA,0,3618148
tmaR_predicted,0.16666666666666666,5,5,TTGAACTTGAAAACCTGACC,0,3631498
tmaR_predicted,0.16666666666666666,5,5,TTGAAAATTTGACCGGCGCA,0,3628682
tmaR_predicted,0.16666666666666666,5,5,TTCTTCGCAACGTCCTTGTA,0,3640469
tmaR_predicted,0.16666666666666666,5,5,TTCTGGATACGAAATACAAA,0,3624591
tmaR_predicted,0.16666666666666666,5,5,TTCTGCTCAGAGGCGGGGTT,0,3618573
tmaR_predicted,0.16666666666666666,5,5,TTCTCTGCATAGCTTACCAC,0,3608724
tmaR_predicted,0.16666666666666666,5,5,TTCTATGACCGGAATTCGAA,0,3615820
tmaR_predicted,0.16666666666666666,5,5,TTCGAGGAGGGCTGGCTGAC,0,3640809
tmaR_predicted,0.16666666666666666,5,5,TTCCGTTAAATTACTATCGT,0,3633107
tmaR_predicted,0.16666666666666666,5,5,TTCCAGCATATATGCTCGAA,0,3612011
tmaR_predicted,0.16666666666666666,5,5,TTCAGGCATATCATAGATGA,0,3631897
tmaR_predicted,0.16666666666666666,5,5,TTATGTGATAGCCTAGAAGT,0,3631358
tmaR_predicted,0.16666666666666666,5,5,TTATGGATTCCCGCTCCAAT,0,3626699
tmaR_predicted,0.16666666666666666,5,5,TTATGCCCGCAGCTTCTGAT,0,3629638
tmaR_predicted,0.16666666666666666,5,5,TTATCCCGGTGTGGGAGTGA,0,3627879
tmaR_predicted,0.16666666666666666,5,5,TTATACCCTTCCTCAGTGCC,0,3636828
tmaR_predicted,0.16666666666666666,5,5,TTAGTATACGTATTGGGGAA,0,3611110
tmaR_predicted,0.16666666666666666,5,5,TTAGGCACCTAACGTTGGAG,0,3638323
tmaR_predicted,0.16666666666666666,5,5,TTAGGATCCGGCGAATCAGC,0,3619173
tmaR_predicted,0.16666666666666666,5,5,TTAGCGATGGAGTCCGGGGT,0,3634541
tmaR_predicted,0.16666666666666666,5,5,TTACTGAGTCTTAGGGATTA,0,3616974
tmaR_predicted,0.16666666666666666,5,5,TTACTCGGAGTCCATCCGAC,0,3604483
tmaR_predicted,0.16666666666666666,5,5,TTACGGGCCGCGGTTTGTGT,0,3616998
tmaR_predicted,0.16666666666666666,5,5,TTACGGAGCTCGTGTCAGTG,0,3609529
tmaR_predicted,0.16666666666666666,5,5,TTAATGGGCATACTCCGGTT,0,3627012
tmaR_predicted,0.16666666666666666,5,5,TGTTTTCCGCAGTCGAGGTG,0,3619613
tmaR_predicted,0.16666666666666666,5,5,TGTTTGGCCCGAGACCGTAC,0,3638470
tmaR_predicted,0.16666666666666666,5,5,TGTTTAGTGAATGGGTCCAT,0,3623637
tmaR_predicted,0.16666666666666666,5,5,TGTTTACGAACAGTCGAGCA,0,3638180
tmaR_predicted,0.16666666666666666,5,5,TGTTGGAACAACGTATACGT,0,3632957
tmaR_predicted,0.16666666666666666,5,5,TGTGTGTGTTGGCAAAGGTT,0,3624390
tmaR_predicted,0.16666666666666666,5,5,TGTGTCTCGCCCGCGCTGTT,0,3605795
tmaR_predicted,0.16666666666666666,5,5,TGTGTAGAGGGTTATTTGGT,0,3646046
tmaR_predicted,0.16666666666666666,5,5,TGTGACAGCTCCATGACAAA,0,3635199
tmaR_predicted,0.16666666666666666,5,5,TGTATGGGACCTGAGGGGCG,0,3615048
tmaR_predicted,0.16666666666666666,5,5,TGTAGATTTCCATGGAACAG,0,3642431
tmaR_predicted,0.16666666666666666,5,5,TGTAAGCTTCTTGTCGTGGG,0,3621801
tmaR_predicted,0.16666666666666666,5,5,TGGTAGTTTCGGACTTACCT,0,3620829
tmaR_predicted,0.16666666666666666,5,5,TGGGTTAGTTTGGCATTCTT,0,3607601
tmaR_predicted,0.16666666666666666,5,5,TGGGTCTAAGCTCGGAGGCT,0,3623066
tmaR_predicted,0.16666666666666666,5,5,TGGGCTATCTGCGAACGACG,0,3628247
tmaR_predicted,0.16666666666666666,5,5,TGGCTTCTGAACAACCGCAG,0,3638454
tmaR_predicted,0.16666666666666666,5,5,TGGCCGCGGCGGACAGACCA,0,3645171
tmaR_predicted,0.16666666666666666,5,5,TGCTTAAGGAGGCTAGGTTT,0,3627833
tmaR_predicted,0.16666666666666666,5,5,TGCGAAACCCAGGGTGAGCA,0,3609684
tmaR_predicted,0.16666666666666666,5,5,TGCCTGGACCTTCCCGCAGC,0,3612906
tmaR_predicted,0.16666666666666666,5,5,TGCATTAGTAGAGATGCTTA,0,3613644
tmaR_predicted,0.16666666666666666,5,5,TGCATCATATCGCGGATGCT,0,3631212
tmaR_predicted,0.16666666666666666,5,5,TGCAGCGATGCGTGGCCCCC,0,3641511
tmaR_predicted,0.16666666666666666,5,5,TGCACAGGGGCCGGAGAGAA,0,3605918
tmaR_predicted,0.16666666666666666,5,5,TGATTGGTTAACGGGGAACT,0,3617720
tmaR_predicted,0.16666666666666666,5,5,TGATTCAGCATATGTCCCTC,0,3604972
tmaR_predicted,0.16666666666666666,5,5,TGATCGTCAGATCACAAGTA,0,3621854
tmaR_predicted,0.16666666666666666,5,5,TGATCGGACGGTCTATCACA,0,3648549
tmaR_predicted,0.16666666666666666,5,5,TGACGCCCAGGGGTTCCACA,0,3611638
tmaR_predicted,0.16666666666666666,5,5,TGAAGTAGTCCCGCTGTGAT,0,3628596
tmaR_predicted,0.16666666666666666,5,5,TGAACTAGGGCGTTCCTATT,0,3626736
tmaR_predicted,0.16666666666666666,5,5,TGAAATTGAAAGACCGTGCG,0,3608241
tmaR_predicted,0.16666666666666666,5,5,TCTTTTTTTACTGCTATACA,0,3622602
tmaR_predicted,0.16666666666666666,5,5,TCTTGCGGCCATTCGAGTGG,0,3609163
tmaR_predicted,0.16666666666666666,5,5,TCTGTGGATGTCAAGCAATC,0,3606421
tmaR_predicted,0.16666666666666666,5,5,TCTGGGAGATGTGTAAGATA,0,3606504
tmaR_predicted,0.16666666666666666,5,5,TCTATTGGTATTCCGGACGT,0,3631948
tmaR_predicted,0.16666666666666666,5,5,TCTATCAATGGTAGGTACTG,0,3607925
tmaR_predicted,0.16666666666666666,5,5,TCTAATCTGTATGCGTTGAG,0,3616401
tmaR_predicted,0.16666666666666666,5,5,TCGTTCGATGATCGCCAGGT,0,3613712
tmaR_predicted,0.16666666666666666,5,5,TCGTTCATTCTGGTATGAAA,0,3613602
tmaR_predicted,0.16666666666666666,5,5,TCGGTTACTGTAATGCCAGT,0,3648292
tmaR_predicted,0.16666666666666666,5,5,TCGGTATCTGCTATCTTAAC,0,3616062
tmaR_predicted,0.16666666666666666,5,5,TCGGGACTTCGTGCTACCGC,0,3629865
tmaR_predicted,0.16666666666666666,5,5,TCGGCCCTGCAAATTGTCCA,0,3646164
tmaR_predicted,0.16666666666666666,5,5,TCGGCCCGTTGATTAGTTAG,0,3623519
tmaR_predicted,0.16666666666666666,5,5,TCGGAGTGGCAGCAGAAAGG,0,3604790
tmaR_predicted,0.16666666666666666,5,5,TCGCCACGTGTTTACGTACG,0,3607830
tmaR_predicted,0.16666666666666666,5,5,TCGATGTAAGGGTTTGTATG,0,3648402
tmaR_predicted,0.16666666666666666,5,5,TCGACTTACTGGTTCGCTCA,0,3645846
tmaR_predicted,0.16666666666666666,5,5,TCCTGTAGCCGGAGTGGTCA,0,3608252
tmaR_predicted,0.16666666666666666,5,5,TCCTCGTGCGATGTGAGTCG,0,3639236
tmaR_predicted,0.16666666666666666,5,5,TCCCTCAATAGATCGCCGAA,0,3605383
tmaR_predicted,0.16666666666666666,5,5,TCCCCCTCCACCACAAGGAT,0,3645285
tmaR_predicted,0.16666666666666666,5,5,TCCCATCGGTCTAATGTGCG,0,3619607
tmaR_predicted,0.16666666666666666,5,5,TCCAGGGTTCCGGGTCGGCG,0,3648928
tmaR_predicted,0.16666666666666666,5,5,TCCAATTAAATGAGGGATGG,0,3608445
tmaR_predicted,0.16666666666666666,5,5,TCATTTAGTCCCCTATGGAA,0,3615819
tmaR_predicted,0.16666666666666666,5,5,TCATTGTGTGAACGTCCACC,0,3623772
tmaR_predicted,0.16666666666666666,5,5,TCAGTTCATTGGTTCTTGAC,0,3624110
tmaR_predicted,0.16666666666666666,5,5,TCAGTTAAAGTGGTAGGTCA,0,3613647
tmaR_predicted,0.16666666666666666,5,5,TCAGGTCTAAGAAGTGCAGC,0,3630766
tmaR_predicted,0.16666666666666666,5,5,TCAGCCTCCCAGCCACCCCT,0,3605611
tmaR_predicted,0.16666666666666666,5,5,TCAGCACTTATCTGACAAGG,0,3643655
tmaR_predicted,0.16666666666666666,5,5,TCAGAGGTCCACATTAGTCC,0,3648057
tmaR_predicted,0.16666666666666666,5,5,TCAGAAGTAATTTCAGACGT,0,3613519
tmaR_predicted,0.16666666666666666,5,5,TCACTCAACCTTCTGCGAAC,0,3612166
tmaR_predicted,0.16666666666666666,5,5,TCACGTCGGGGGTCACGGGG,0,3606516
tmaR_predicted,0.16666666666666666,5,5,TCACAGGGCGTAAATTATCG,0,3613299
tmaR_predicted,0.16666666666666666,5,5,TCAAGTGGTGATTGTGCCAG,0,3639105
tmaR_predicted,0.16666666666666666,5,5,TATTTATAACTATAGGTGGT,0,3631613
tmaR_predicted,0.16666666666666666,5,5,TATTACAAATGGTCTGTCAT,0,3616962
tmaR_predicted,0.16666666666666666,5,5,TATGTCGCACTGGTCATGGT,0,3638782
tmaR_predicted,0.16666666666666666,5,5,TATGCGTGTTAGCCGACGTT,0,3627393
tmaR_predicted,0.16666666666666666,5,5,TATGCCGTGTTAATGAACTT,0,3623409
tmaR_predicted,0.16666666666666666,5,5,TATGACCGCATGGTACCACC,0,3604198
tmaR_predicted,0.16666666666666666,5,5,TATATCGGGTCCGCAATACA,0,3626186
tmaR_predicted,0.16666666666666666,5,5,TATATAGGCCTGTCAATTCC,0,3620203
tmaR_predicted,0.16666666666666666,5,5,TATAGTTAGTCGCAGAAAGG,0,3617255
tmaR_predicted,0.16666666666666666,5,5,TATAACATACTCCCATCACA,0,3635406
tmaR_predicted,0.16666666666666666,5,5,TAGGCGTGGACAGACCACAT,0,3633290
tmaR_predicted,0.16666666666666666,5,5,TAGGAATGTAGGTAGCTGAT,0,3614873
tmaR_predicted,0.16666666666666666,5,5,TAGCAACGCGCGGAGACACA,0,3633072
tmaR_predicted,0.16666666666666666,5,5,TAGAGTGCTTGCCTGAGTTC,0,3620565
tmaR_predicted,0.16666666666666666,5,5,TAGACTGGTGAAGTGACACG,0,3610991
tmaR_predicted,0.16666666666666666,5,5,TAGACCGGAGAGAGTCAATC,0,3606308
tmaR_predicted,0.16666666666666666,5,5,TAGACAGCCAATACGGAAAC,0,3617970
tmaR_predicted,0.16666666666666666,5,5,TACTTCCCAAGCCAATGCCG,0,3605730
tmaR_predicted,0.16666666666666666,5,5,TACTGAGACCTATCTGACCA,0,3605753
tmaR_predicted,0.16666666666666666,5,5,TACTCAATAAGATTAGCAAG,0,3610662
tmaR_predicted,0.16666666666666666,5,5,TACTCAAGTCTATGCCCGAC,0,3623228
tmaR_predicted,0.16666666666666666,5,5,TACTATTCATCAACAACGTC,0,3627552
tmaR_predicted,0.16666666666666666,5,5,TACGTCACGGTTCAACGTGT,0,3623386
tmaR_predicted,0.16666666666666666,5,5,TACGTAATTTATAGTTAAAT,0,3643906
tmaR_predicted,0.16666666666666666,5,5,TACGGGTGTGCACATTTCCA,0,3636486
tmaR_predicted,0.16666666666666666,5,5,TACGCACGCGGGGACTAAAG,0,3631883
tmaR_predicted,0.16666666666666666,5,5,TACGCAAACGCGTGACAGTG,0,3617737
tmaR_predicted,0.16666666666666666,5,5,TACGATATACACATATTCAT,0,3642498
tmaR_predicted,0.16666666666666666,5,5,TACGACAAAACAGGGCATAT,0,3625098
tmaR_predicted,0.16666666666666666,5,5,TACCGGTGCACAATTGCGTC,0,3632882
tmaR_predicted,0.16666666666666666,5,5,TACCGCCTGGTAATGCTGTA,0,3634477
tmaR_predicted,0.16666666666666666,5,5,TACCCATATTAAAGCTACGC,0,3624181
tmaR_predicted,0.16666666666666666,5,5,TACACTAGAGCCCGTTGTTA,0,3609309
tmaR_predicted,0.16666666666666666,5,5,TACACTACGGGAACTAAGGT,0,3619023
tmaR_predicted,0.16666666666666666,5,5,TACACGTAACTACGAGACTG,0,3641694
tmaR_predicted,0.16666666666666666,5,5,TACAAATCCGGGTGACCATG,0,3645354
tmaR_predicted,0.16666666666666666,5,5,TAATTAGGAGATGATGTGAT,0,3619420
tmaR_predicted,0.16666666666666666,5,5,TAACGTCTTCCCAACGCACA,0,3638980
tmaR_predicted,0.16666666666666666,5,5,TAACGGAGAACCTCTACTAC,0,3619331
tmaR_predicted,0.16666666666666666,5,5,TAACCTATTGCGTCCAATAA,0,3649475
tmaR_predicted,0.16666666666666666,5,5,TAAACCCGTTATTTATCGCC,0,3612103
tmaR_predicted,0.16666666666666666,5,5,GTTTGGGAACACTTTGTAGG,0,3633461
tmaR_predicted,0.16666666666666666,5,5,GTTTCTCTATCTGACTTCGC,0,3626456
tmaR_predicted,0.16666666666666666,5,5,GTTTATGCTATTGTTATGTC,0,3608491
tmaR_predicted,0.16666666666666666,5,5,GTTGGGCTGTAGCTTCCCAT,0,3606468
tmaR_predicted,0.16666666666666666,5,5,GTTGATTGACCGATCACGAA,0,3607391
tmaR_predicted,0.16666666666666666,5,5,GTTGATAGACTTTGGAAAAG,0,3627204
tmaR_predicted,0.16666666666666666,5,5,GTTGAGTTAACCTGGTGGGA,0,3614756
tmaR_predicted,0.16666666666666666,5,5,GTTCCATCACGCTTTTACTC,0,3625048
tmaR_predicted,0.16666666666666666,5,5,GTTCATTACAGCGTAGACGT,0,3640639
tmaR_predicted,0.16666666666666666,5,5,GTTCATCGTAGAATTTGTAA,0,3615452
tmaR_predicted,0.16666666666666666,5,5,GTTAGCCCCAACCCTCTCCA,0,3647708
tmaR_predicted,0.16666666666666666,5,5,GTTAGATCTGCAGATAGAAA,0,3633048
tmaR_predicted,0.16666666666666666,5,5,GTTACGAAAGCCTTTGTCAT,0,3610982
tmaR_predicted,0.16666666666666666,5,5,GTGTGGTCTCCGTCACATAA,0,3615844
tmaR_predicted,0.16666666666666666,5,5,GTGTAGAGCGTAGGTCTCGT,0,3649874
tmaR_predicted,0.16666666666666666,5,5,GTGGACTTTCGCACAAGATG,0,3639528
tmaR_predicted,0.16666666666666666,5,5,GTGCGCCTCTAGCTTAGATA,0,3635623
tmaR_predicted,0.16666666666666666,5,5,GTGCCTATTGAGTTTCGAGT,0,3628684
tmaR_predicted,0.16666666666666666,5,5,GTGCACTTTATTCAGGTGGA,0,3618630
tmaR_predicted,0.16666666666666666,5,5,GTGCACATGGGGTCTGTTGT,0,3613879
tmaR_predicted,0.16666666666666666,5,5,GTGAATTAAACCTGAACGGT,0,3605096
tmaR_predicted,0.16666666666666666,5,5,GTGAAAGCACGATGAATCCA,0,3647424
tmaR_predicted,0.16666666666666666,5,5,GTCTTTCTAACGGCAGGGGT,0,3618892
tmaR_predicted,0.16666666666666666,5,5,GTCTTAGCTCATGGACCATT,0,3622787
tmaR_predicted,0.16666666666666666,5,5,GTCTGTGCGGTGCGTGAAAA,0,3639256
tmaR_predicted,0.16666666666666666,5,5,GTCTGCCAATATTCCAGTAC,0,3619643
tmaR_predicted,0.16666666666666666,5,5,GTCGGGGCTGTGCCGCGCTA,0,3650013
tmaR_predicted,0.16666666666666666,5,5,GTCGGCACGTTGTATGCGTT,0,3635982
tmaR_predicted,0.16666666666666666,5,5,GTCCCTACGAGAATGGAAAC,0,3608750
tmaR_predicted,0.16666666666666666,5,5,GTCCATTGCCCCACACCATG,0,3622828
tmaR_predicted,0.16666666666666666,5,5,GTCCAAGAGGTGCGAGAAAT,0,3638904
tmaR_predicted,0.16666666666666666,5,5,GTCAGTAAAGAATTCGGATA,0,3627303
tmaR_predicted,0.16666666666666666,5,5,GTCAGGCAACTTAGGGCTGT,0,3619612
tmaR_predicted,0.16666666666666666,5,5,GTCACGTTGAGTTGCCTGGT,0,3617635
tmaR_predicted,0.16666666666666666,5,5,GTCACGGATTTCCCAACCTT,0,3612339
tmaR_predicted,0.16666666666666666,5,5,GTATCGGCGGTGCGAGGATA,0,3647500
tmaR_predicted,0.16666666666666666,5,5,GTATAGAAGTTTAGAAAAAT,0,3606088
tmaR_predicted,0.16666666666666666,5,5,GTAGTCTCTCTGGGACCAAT,0,3605663
tmaR_predicted,0.16666666666666666,5,5,GTAGGAGCTCATCAATGGGG,0,3621255
tmaR_predicted,0.16666666666666666,5,5,GTAGCATACAAAGGTCTAAT,0,3605144
tmaR_predicted,0.16666666666666666,5,5,GTAGAAGGGGGGTTTGATCG,0,3633911
tmaR_predicted,0.16666666666666666,5,5,GTACTCAACGGGTTATTGTG,0,3636020
tmaR_predicted,0.16666666666666666,5,5,GTACGACATTGGCGCGCACA,0,3629237
tmaR_predicted,0.16666666666666666,5,5,GTACAAACGGTGGTCTATAG,0,3614005
tmaR_predicted,0.16666666666666666,5,5,GTAAGAGAGGTGCCGCAATC,0,3610117
tmaR_predicted,0.16666666666666666,5,5,GTAACTTTCTCCCAATATGG,0,3617526
tmaR_predicted,0.16666666666666666,5,5,GTAACTCGTCTAGTGGATGA,0,3643317
tmaR_predicted,0.16666666666666666,5,5,GTAAATGGGTTAACCTAGTG,0,3643544
tmaR_predicted,0.16666666666666666,5,5,GGTTTTGAGATCGCAAAAAT,0,3647295
tmaR_predicted,0.16666666666666666,5,5,GGTCTTTTTTCGCGATGTGA,0,3647181
tmaR_predicted,0.16666666666666666,5,5,GGTCGTTCATATTGGCATAA,0,3627394
tmaR_predicted,0.16666666666666666,5,5,GGTCAAGGTTCGATACGCCG,0,3626182
tmaR_predicted,0.16666666666666666,5,5,GGTAAGCTCTCGGGCACCTC,0,3649354
tmaR_predicted,0.16666666666666666,5,5,GGGTTAGATAATCATTAATG,0,3613198
tmaR_predicted,0.16666666666666666,5,5,GGGGTCAACACTGGACGATC,0,3606172
tmaR_predicted,0.16666666666666666,5,5,GGGGGACGTGAGGTAGTACT,0,3604042
tmaR_predicted,0.16666666666666666,5,5,GGGGCACTCAGGGCACCCTT,0,3625415
tmaR_predicted,0.16666666666666666,5,5,GGGGATTATGCCAACCATCT,0,3631350
tmaR_predicted,0.16666666666666666,5,5,GGGCCTTACTAAGCTTAGAA,0,3604068
tmaR_predicted,0.16666666666666666,5,5,GGGACATACCAGCGCCATAA,0,3647384
tmaR_predicted,0.16666666666666666,5,5,GGCTTGTTTGCATGCGGGAA,0,3639780
tmaR_predicted,0.16666666666666666,5,5,GGCTGTCGGTTTTCCCGCCT,0,3611308
tmaR_predicted,0.16666666666666666,5,5,GGCTGAGGGCCGTTTCAAAG,0,3617856
tmaR_predicted,0.16666666666666666,5,5,GGCGCATGGCTGACTGTTTG,0,3632701
tmaR_predicted,0.16666666666666666,5,5,GGCCCATCGCGTAACAGATG,0,3633434
tmaR_predicted,0.16666666666666666,5,5,GGCCAGTTGCAATTCCGAAT,0,3607137
tmaR_predicted,0.16666666666666666,5,5,GGCAGCGATCCGATGACTAG,0,3630014
tmaR_predicted,0.16666666666666666,5,5,GGCACTAGATACCTTTCGCG,0,3648273
tmaR_predicted,0.16666666666666666,5,5,GGATGATGCTTCTAGGTTTA,0,3646067
tmaR_predicted,0.16666666666666666,5,5,GGAGTTGTCGGCGGCCAAAG,0,3641387
tmaR_predicted,0.16666666666666666,5,5,GGAGCGGAGTTTTATGGCTC,0,3620535
tmaR_predicted,0.16666666666666666,5,5,GGACTATCAAGTGCAAACGC,0,3619119
tmaR_predicted,0.16666666666666666,5,5,GGAAGATCTCGAGTCGCGAT,0,3612236
tmaR_predicted,0.16666666666666666,5,5,GGAACAGTACTATTTTTATA,0,3604448
tmaR_predicted,0.16666666666666666,5,5,GGAAACACCGTCAGATTCGT,0,3623274
tmaR_predicted,0.16666666666666666,5,5,GCTTTACGTGCTTATTGTCT,0,3611469
tmaR_predicted,0.16666666666666666,5,5,GCTTGGCTAGAAGCTGTCCG,0,3611605
tmaR_predicted,0.16666666666666666,5,5,GCTTGCAACAGGGCTCGGGT,0,3637608
tmaR_predicted,0.16666666666666666,5,5,GCTGCGCGAAGAAAAGGCCA,0,3622715
tmaR_predicted,0.16666666666666666,5,5,GCTGCCCAAGCCTTATGTAT,0,3633652
tmaR_predicted,0.16666666666666666,5,5,GCTCTCGTGGCGCGTGACAT,0,3603915
tmaR_predicted,0.16666666666666666,5,5,GCTCTCACCATCAGGTTAAC,0,3631896
tmaR_predicted,0.16666666666666666,5,5,GCTCATTGCGTGAGTAGTGG,0,3638409
tmaR_predicted,0.16666666666666666,5,5,GCGTTGGTTATTTAATAGCG,0,3640346
tmaR_predicted,0.16666666666666666,5,5,GCGTTGGGGGCTACACACTT,0,3623256
tmaR_predicted,0.16666666666666666,5,5,GCGTTATGCAAACAGGATAG,0,3627555
tmaR_predicted,0.16666666666666666,5,5,GCGTGGCTTTAGACGTGCAA,0,3640440
tmaR_predicted,0.16666666666666666,5,5,GCGTATCCGCATCGCATGCA,0,3614154
tmaR_predicted,0.16666666666666666,5,5,GCGGGGGCCAGCGGCCACAA,0,3624321
tmaR_predicted,0.16666666666666666,5,5,GCGAGGAATGGTACGCCTCT,0,3615907
tmaR_predicted,0.16666666666666666,5,5,GCCTTGACTTTGGCCTCTCT,0,3607706
tmaR_predicted,0.16666666666666666,5,5,GCCTTAGGTTGGTCTTAGAT,0,3627291
tmaR_predicted,0.16666666666666666,5,5,GCCTTACTGCGCGCGTTTTC,0,3623382
tmaR_predicted,0.16666666666666666,5,5,GCCTCAGTTACCTTTACGTC,0,3607038
tmaR_predicted,0.16666666666666666,5,5,GCCTCAATGCTCTGCATAGG,0,3610514
tmaR_predicted,0.16666666666666666,5,5,GCCTACTCGATCCCAGCAAC,0,3635882
tmaR_predicted,0.16666666666666666,5,5,GCCATAGCAAGGGCTAAATG,0,3613131
tmaR_predicted,0.16666666666666666,5,5,GCCAGCAGTCGGATGATCTT,0,3634507
tmaR_predicted,0.16666666666666666,5,5,GCCAGACAGGTATGTAGAAC,0,3616072
tmaR_predicted,0.16666666666666666,5,5,GCCAAGGATACTAGAATAGA,0,3625383
tmaR_predicted,0.16666666666666666,5,5,GCATTGGGACAATACCGGAA,0,3611895
tmaR_predicted,0.16666666666666666,5,5,GCATGCGTGATGAAGGGCAT,0,3637508
tmaR_predicted,0.16666666666666666,5,5,GCATGAGTCGAACAAGGAAT,0,3647868
tmaR_predicted,0.16666666666666666,5,5,GCATCCATTGGATGGCCGGT,0,3629234
tmaR_predicted,0.16666666666666666,5,5,GCAGGATCCGTATACCGGAC,0,3626365
tmaR_predicted,0.16666666666666666,5,5,GCAGGAAATGATCTGTATCT,0,3629675
tmaR_predicted,0.16666666666666666,5,5,GCAGCTGTTGCGCAGCACCT,0,3638959
tmaR_predicted,0.16666666666666666,5,5,GCACTAATCGCTGTTACTCC,0,3620779
tmaR_predicted,0.16666666666666666,5,5,GCACATGGGCCTTCTGCGTC,0,3613909
tmaR_predicted,0.16666666666666666,5,5,GCAAGTCGAGGGTAGACGCG,0,3628424
tmaR_predicted,0.16666666666666666,5,5,GATTCCTGGAATTTTGAGCT,0,3648653
tmaR_predicted,0.16666666666666666,5,5,GATGGTCTTGCTGTGCGGAG,0,3635925
tmaR_predicted,0.16666666666666666,5,5,GATGGGCTCCAGGGAGGCAG,0,3649344
tmaR_predicted,0.16666666666666666,5,5,GATGCTCCCGGGCTGGCATT,0,3624270
tmaR_predicted,0.16666666666666666,5,5,GATGCAAGGCGTTAAGTGAA,0,3604140
tmaR_predicted,0.16666666666666666,5,5,GATGAGCAGGACGGAGTAGC,0,3624103
tmaR_predicted,0.16666666666666666,5,5,GATGACCAGCTGTTCACTAA,0,3622394
tmaR_predicted,0.16666666666666666,5,5,GATGAAATAACGACGCCCTA,0,3640013
tmaR_predicted,0.16666666666666666,5,5,GATCTGGTCACTGATATCTA,0,3646273
tmaR_predicted,0.16666666666666666,5,5,GATCCATTTAACGAGCTCAG,0,3633077
tmaR_predicted,0.16666666666666666,5,5,GATATACTCACGGCGATGTC,0,3620120
tmaR_predicted,0.16666666666666666,5,5,GAGTTGTGATGCACCTAGCT,0,3645748
tmaR_predicted,0.16666666666666666,5,5,GAGGTACGAATCCTCGTGCC,0,3649370
tmaR_predicted,0.16666666666666666,5,5,GAGGGGACGATCTCTGCTGT,0,3637838
tmaR_predicted,0.16666666666666666,5,5,GAGGCGCGTTATAGAATGAA,0,3637708
tmaR_predicted,0.16666666666666666,5,5,GAGGCGAGCAATATTGCCGT,0,3613620
tmaR_predicted,0.16666666666666666,5,5,GAGGCCCTATAAAACACTGC,0,3647542
tmaR_predicted,0.16666666666666666,5,5,GAGGCCCTACTCATTTTCAA,0,3634769
tmaR_predicted,0.16666666666666666,5,5,GAGGACCCGTAGCCTAAATT,0,3646152
tmaR_predicted,0.16666666666666666,5,5,GAGCTCGGGGTGGACCGGTC,0,3624336
tmaR_predicted,0.16666666666666666,5,5,GAGCTCGAGCCATATGTTTG,0,3617707
tmaR_predicted,0.16666666666666666,5,5,GAGCGGTGGGGAGACTTGTA,0,3646258
tmaR_predicted,0.16666666666666666,5,5,GAGCAGTACGTCGTTTGGCA,0,3612783
tmaR_predicted,0.16666666666666666,5,5,GAGACTAGGAGTTAAATCCT,0,3615167
tmaR_predicted,0.16666666666666666,5,5,GAGAATTAATCTGACACGAA,0,3644261
tmaR_predicted,0.16666666666666666,5,5,GACTCTAGAGGAAAGTACTA,0,3643312
tmaR_predicted,0.16666666666666666,5,5,GACGGTTACAAGAGCCAGTT,0,3646759
tmaR_predicted,0.16666666666666666,5,5,GACGGTACATCGGGCGACCT,0,3605193
tmaR_predicted,0.16666666666666666,5,5,GACGGGGTTAAGTTGCATCA,0,3647126
tmaR_predicted,0.16666666666666666,5,5,GACCTTAAGGGTGACATTGA,0,3639355
tmaR_predicted,0.16666666666666666,5,5,GACCGGTCCTATCCCGGGAC,0,3643764
tmaR_predicted,0.16666666666666666,5,5,GACCCAGCCCGCTCTGAAAC,0,3605416
tmaR_predicted,0.16666666666666666,5,5,GACCAGGTCAGAGTTTACAA,0,3626075
tmaR_predicted,0.16666666666666666,5,5,GACATGACTTTTATACCCTG,0,3634284
tmaR_predicted,0.16666666666666666,5,5,GACATACCGTAAATTAAATT,0,3605859
tmaR_predicted,0.16666666666666666,5,5,GACAATTCCAGCCTTACGCA,0,3632364
tmaR_predicted,0.16666666666666666,5,5,GAATTTGACGTCGCCTATAA,0,3638965
tmaR_predicted,0.16666666666666666,5,5,GAATTATATACAGCCATCCA,0,3629432
tmaR_predicted,0.16666666666666666,5,5,GAATCGATTTTTGTACGGAT,0,3627779
tmaR_predicted,0.16666666666666666,5,5,GAATCAGGGATTCTTGAAGT,0,3627126
tmaR_predicted,0.16666666666666666,5,5,GAATATTGAACCATTTTAAC,0,3620011
tmaR_predicted,0.16666666666666666,5,5,GAATACTTCAACAGTTGAGT,0,3611307
tmaR_predicted,0.16666666666666666,5,5,GAAGGTCAGCGCGGCGTCGA,0,3626949
tmaR_predicted,0.16666666666666666,5,5,GAAGATTAATCCGACTCAAG,0,3642858
tmaR_predicted,0.16666666666666666,5,5,GAACTCAGTAGCCCGACAAT,0,3620013
tmaR_predicted,0.16666666666666666,5,5,GAACCTTTACCGGTGGAGTG,0,3614543
tmaR_predicted,0.16666666666666666,5,5,GAAATGGATTTGACAAGCGG,0,3626284
tmaR_predicted,0.16666666666666666,5,5,GAAATGGAGGATCCAAATCT,0,3631664
tmaR_predicted,0.16666666666666666,5,5,GAAAAAGGTCCCTGTTGTCT,0,3604727
tmaR_predicted,0.16666666666666666,5,5,CTTTTCAATACAGGTAGGCC,0,3628425
tmaR_predicted,0.16666666666666666,5,5,CTTTCTGGTGAATTGACGCT,0,3628582
tmaR_predicted,0.16666666666666666,5,5,CTTGTTCACGATCTTAAGCA,0,3633658
tmaR_predicted,0.16666666666666666,5,5,CTTGTTATATACCGGATGTT,0,3648898
tmaR_predicted,0.16666666666666666,5,5,CTTGCTTCGATCATCGTGTC,0,3640870
tmaR_predicted,0.16666666666666666,5,5,CTTGATGTGTGATGGTGGAG,0,3624977
tmaR_predicted,0.16666666666666666,5,5,CTTGACCCGACGACGTTCAG,0,3625626
tmaR_predicted,0.16666666666666666,5,5,CTTGACAACATAGATAGCGC,0,3650197
tmaR_predicted,0.16666666666666666,5,5,CTTGAAGCCACCAACCATGT,0,3634804
tmaR_predicted,0.16666666666666666,5,5,CTTCTACATGAAACCCCTAT,0,3605579
tmaR_predicted,0.16666666666666666,5,5,CTTCCCGGTGCTTTGTGTCC,0,3635836
tmaR_predicted,0.16666666666666666,5,5,CTTCCAACCGTACTTTCTCG,0,3614091
tmaR_predicted,0.16666666666666666,5,5,CTTAGTATGATGATCTACTA,0,3613334
tmaR_predicted,0.16666666666666666,5,5,CTGTTAGAATATCTCTGACA,0,3612618
tmaR_predicted,0.16666666666666666,5,5,CTGTATCGGCTCTACCTTGT,0,3639930
tmaR_predicted,0.16666666666666666,5,5,CTGTAGACGTAGTTAGATAA,0,3638144
tmaR_predicted,0.16666666666666666,5,5,CTGTAAACGGGAACTGAGAG,0,3627562
tmaR_predicted,0.16666666666666666,5,5,CTGGTAAAATGCACCACCTT,0,3644953
tmaR_predicted,0.16666666666666666,5,5,CTGAGGTTATGATTCGCTCC,0,3605522
tmaR_predicted,0.16666666666666666,5,5,CTCCTCGGTAATGATGGCAA,0,3642552
tmaR_predicted,0.16666666666666666,5,5,CTCCGCAGGATGATCTTGCG,0,3620554
tmaR_predicted,0.16666666666666666,5,5,CTCCAGAGTGTCACAATTAT,0,3626925
tmaR_predicted,0.16666666666666666,5,5,CTCATGCCCATAGGGTAATT,0,3616870
tmaR_predicted,0.16666666666666666,5,5,CTCACTGTACGAAATGGCTT,0,3616382
tmaR_predicted,0.16666666666666666,5,5,CTATTTGACTTGGCAGAAAT,0,3633745
tmaR_predicted,0.16666666666666666,5,5,CTATGCAGAGGGATACGTAC,0,3636159
tmaR_predicted,0.16666666666666666,5,5,CTAGACAAGGGGTGTCGTTT,0,3632329
tmaR_predicted,0.16666666666666666,5,5,CTACGGGGGATGCGCCCCGC,0,3618867
tmaR_predicted,0.16666666666666666,5,5,CTACATTAGTTGTACAACAA,0,3644622
tmaR_predicted,0.16666666666666666,5,5,CTACAATTAGAGTGGTTTAT,0,3644295
tmaR_predicted,0.16666666666666666,5,5,CTAAGAAGACTAGCTCGCAT,0,3612667
tmaR_predicted,0.16666666666666666,5,5,CGTTTGCTGCTGACTATCAC,0,3638382
tmaR_predicted,0.16666666666666666,5,5,CGTTTAAATGGCATCCGCGA,0,3649867
tmaR_predicted,0.16666666666666666,5,5,CGTTGTCTGCCCGAACGGTG,0,3620856
tmaR_predicted,0.16666666666666666,5,5,CGTTGTAGAAACAGAAATGC,0,3645723
tmaR_predicted,0.16666666666666666,5,5,CGTTGCAATCTTAGTGCTTG,0,3630662
tmaR_predicted,0.16666666666666666,5,5,CGTTGACCCGGAGCTCCCAC,0,3634008
tmaR_predicted,0.16666666666666666,5,5,CGTTATTAGAGGTTACATTG,0,3641178
tmaR_predicted,0.16666666666666666,5,5,CGTTACATACGTAGTCGGCC,0,3637312
tmaR_predicted,0.16666666666666666,5,5,CGTGGGCTTACGATGGTGGT,0,3629430
tmaR_predicted,0.16666666666666666,5,5,CGTGAGCTAGCACCCGGTAT,0,3637574
tmaR_predicted,0.16666666666666666,5,5,CGTCCAACCTGTGCACCGGT,0,3621237
tmaR_predicted,0.16666666666666666,5,5,CGTCAGGCTGAAATAATCGC,0,3634384
tmaR_predicted,0.16666666666666666,5,5,CGTATTGGTGGGAGTCTACT,0,3636967
tmaR_predicted,0.16666666666666666,5,5,CGTAGAACCTGGGGCGTTGT,0,3646860
tmaR_predicted,0.16666666666666666,5,5,CGTAACGCGTCTCTAGAGGG,0,3603930
tmaR_predicted,0.16666666666666666,5,5,CGGTCAGGCCTGTGGGTACC,0,3614322
tmaR_predicted,0.16666666666666666,5,5,CGGTAGGTCACGCTGTTGAA,0,3610247
tmaR_predicted,0.16666666666666666,5,5,CGGGCGGGTCTTTATCATGA,0,3607603
tmaR_predicted,0.16666666666666666,5,5,CGGGAATATGGCCCCACGAA,0,3618449
tmaR_predicted,0.16666666666666666,5,5,CGGATTACTTCAATACTTGT,0,3629188
tmaR_predicted,0.16666666666666666,5,5,CGGAGAGTCATCGTATGTCA,0,3611768
tmaR_predicted,0.16666666666666666,5,5,CGGAATAATGATGGCGTGGT,0,3614179
tmaR_predicted,0.16666666666666666,5,5,CGCTTTCGATCAGCGTGGGT,0,3640985
tmaR_predicted,0.16666666666666666,5,5,CGCTCCGGATAAATGATCCG,0,3647874
tmaR_predicted,0.16666666666666666,5,5,CGCTATGATTCGCGCGAAAT,0,3627907
tmaR_predicted,0.16666666666666666,5,5,CGCCGTGTTTTAACCCAGGG,0,3631517
tmaR_predicted,0.16666666666666666,5,5,CGCCGAACGACGGTTGGTAT,0,3635936
tmaR_predicted,0.16666666666666666,5,5,CGCCACCCTCCAAATACACC,0,3633536
tmaR_predicted,0.16666666666666666,5,5,CGCCAACCGACGGGTGTAAG,0,3626785
tmaR_predicted,0.16666666666666666,5,5,CGCATTGGATCGGACGGCGA,0,3637335
tmaR_predicted,0.16666666666666666,5,5,CGCATCTTAACTGGCGCCAA,0,3607966
tmaR_predicted,0.16666666666666666,5,5,CGCAAGGCGTACCCGGGTCA,0,3613489
tmaR_predicted,0.16666666666666666,5,5,CGATCCGCCATATCGACTCG,0,3627299
tmaR_predicted,0.16666666666666666,5,5,CGAGTCCCACGGACTAGGGT,0,3636459
tmaR_predicted,0.16666666666666666,5,5,CGAGCGGGCAGGAAACTCAA,0,3625650
tmaR_predicted,0.16666666666666666,5,5,CGACGGGGTCACCCCAACCA,0,3609080
tmaR_predicted,0.16666666666666666,5,5,CGACCGATTACTGGGCAATG,0,3612916
tmaR_predicted,0.16666666666666666,5,5,CGACCATCTTCTTGTTTCTA,0,3622259
tmaR_predicted,0.16666666666666666,5,5,CGACACGTCTTTAGAGATTC,0,3636894
tmaR_predicted,0.16666666666666666,5,5,CCTTGCTGATGTGCAGTTCT,0,3643260
tmaR_predicted,0.16666666666666666,5,5,CCTTATACATCGTTTTTAGG,0,3614403
tmaR_predicted,0.16666666666666666,5,5,CCTGTAGTCTATCACACGCT,0,3614027
tmaR_predicted,0.16666666666666666,5,5,CCTGGGCTACTCCTCCCCGA,0,3620711
tmaR_predicted,0.16666666666666666,5,5,CCTCGTGCACGAAGCTAGCA,0,3644532
tmaR_predicted,0.16666666666666666,5,5,CCTCGGATTGTATTCTGGTC,0,3638216
tmaR_predicted,0.16666666666666666,5,5,CCTATTCACAAGAGAGTTGG,0,3606612
tmaR_predicted,0.16666666666666666,5,5,CCTATCGTCGGCAGCGTAGA,0,3608143
tmaR_predicted,0.16666666666666666,5,5,CCTATATCATGGGGCTGTAC,0,3624458
tmaR_predicted,0.16666666666666666,5,5,CCTACATTTCTCGATCCCGT,0,3604651
tmaR_predicted,0.16666666666666666,5,5,CCTAACAAATCAGGGCCTAT,0,3608942
tmaR_predicted,0.16666666666666666,5,5,CCGTATTGAGCTATTCGAGT,0,3633864
tmaR_predicted,0.16666666666666666,5,5,CCGTAGCTGAAGAGGGTCCA,0,3648514
tmaR_predicted,0.16666666666666666,5,5,CCGGCTTCGTTGGCGTGGTA,0,3613801
tmaR_predicted,0.16666666666666666,5,5,CCGGATTAATCAGTATCAAA,0,3631196
tmaR_predicted,0.16666666666666666,5,5,CCGGACGAAGGAACGTAAAC,0,3617857
tmaR_predicted,0.16666666666666666,5,5,CCGGAACAACTGTGTTGATG,0,3613826
tmaR_predicted,0.16666666666666666,5,5,CCGCTCGAGCTGCAGTATTG,0,3605136
tmaR_predicted,0.16666666666666666,5,5,CCGCTACCCTTGTGGCGGAG,0,3634861
tmaR_predicted,0.16666666666666666,5,5,CCGCGCTAGACAGTCACTCT,0,3649835
tmaR_predicted,0.16666666666666666,5,5,CCGCGCAGAAACAGTCGGGA,0,3612199
tmaR_predicted,0.16666666666666666,5,5,CCGATTAGTAGGAACCTTCT,0,3619236
tmaR_predicted,0.16666666666666666,5,5,CCGAGGCCCGCTAGAGCTTG,0,3644064
tmaR_predicted,0.16666666666666666,5,5,CCGACTGTGCCCGCAGCGTA,0,3612819
tmaR_predicted,0.16666666666666666,5,5,CCCTCGAAAGACCTCAGTTG,0,3628949
tmaR_predicted,0.16666666666666666,5,5,CCCTCCCAAGCCCCGTCAAG,0,3647192
tmaR_predicted,0.16666666666666666,5,5,CCCTCCAACCAGTAACGAGG,0,3620163
tmaR_predicted,0.16666666666666666,5,5,CCCGTGACTGACCCCAGGCG,0,3632193
tmaR_predicted,0.16666666666666666,5,5,CCCGTCCCATGCAGATGCTG,0,3623745
tmaR_predicted,0.16666666666666666,5,5,CCCGGTGATCTGAGGTCGGA,0,3634405
tmaR_predicted,0.16666666666666666,5,5,CCCGGTCGTTTCTGCTGCTT,0,3632712
tmaR_predicted,0.16666666666666666,5,5,CCCGGTACTAGTGCTGTTGA,0,3604602
tmaR_predicted,0.16666666666666666,5,5,CCCCGCACAGAACAGCCACA,0,3615791
tmaR_predicted,0.16666666666666666,5,5,CCCCCCATATGACCTGCATA,0,3608720
tmaR_predicted,0.16666666666666666,5,5,CCCATTGTCGTGGTAATCCG,0,3616758
tmaR_predicted,0.16666666666666666,5,5,CCCAGGTCTATAGAAGAGCG,0,3618910
tmaR_predicted,0.16666666666666666,5,5,CCCACTCTAAGTTCGTTGCA,0,3620599
tmaR_predicted,0.16666666666666666,5,5,CCCAATGACTTCCTACCTTG,0,3619427
tmaR_predicted,0.16666666666666666,5,5,CCATGTAAAACGTTACCGGT,0,3605152
tmaR_predicted,0.16666666666666666,5,5,CCATAGCAGAGCGGCGATAC,0,3616940
tmaR_predicted,0.16666666666666666,5,5,CCATAAAGTACACTTCGTAG,0,3614299
tmaR_predicted,0.16666666666666666,5,5,CCAGTGCGTTTCCCTGGTTT,0,3635046
tmaR_predicted,0.16666666666666666,5,5,CCAGTAGAAACGCAGGTTTC,0,3639837
tmaR_predicted,0.16666666666666666,5,5,CCAGGTACGGGTTAGAGAAT,0,3644272
tmaR_predicted,0.16666666666666666,5,5,CCAGCGGTACATTCAATGTC,0,3612945
tmaR_predicted,0.16666666666666666,5,5,CCACTTGACTCAACTTGCGA,0,3629724
tmaR_predicted,0.16666666666666666,5,5,CCACAAGTTTAAAAGCCACT,0,3622179
tmaR_predicted,0.16666666666666666,5,5,CCAATGAATCTCTGCGGGAA,0,3625052
tmaR_predicted,0.16666666666666666,5,5,CCAAGTCTCGGGATCGAGGA,0,3614555
tmaR_predicted,0.16666666666666666,5,5,CCAAGATAGCGAGTGGCAAC,0,3636091
tmaR_predicted,0.16666666666666666,5,5,CCAAGAGCATAAGAGGCTGT,0,3624340
tmaR_predicted,0.16666666666666666,5,5,CATTTAAACGCAAGATATGG,0,3607697
tmaR_predicted,0.16666666666666666,5,5,CATTGCGATACGTCGGCACA,0,3639464
tmaR_predicted,0.16666666666666666,5,5,CATTCGTCAGGCGGGCAACT,0,3644604
tmaR_predicted,0.16666666666666666,5,5,CATTCCGTTCGCAGACACTT,0,3611385
tmaR_predicted,0.16666666666666666,5,5,CATCGCTGCCTGAAGCCTCC,0,3649400
tmaR_predicted,0.16666666666666666,5,5,CATCACGACGTGTGCCAGGG,0,3610512
tmaR_predicted,0.16666666666666666,5,5,CATAATCCGCGGACTTGCCT,0,3630013
tmaR_predicted,0.16666666666666666,5,5,CAGTTCCAGGTATCAACGGG,0,3621900
tmaR_predicted,0.16666666666666666,5,5,CAGTCAGGGAGGCGAAATCG,0,3612823
tmaR_predicted,0.16666666666666666,5,5,CAGTACCATGGATTCGCGTT,0,3637396
tmaR_predicted,0.16666666666666666,5,5,CAGGTGGCAACGGACCTTCC,0,3612241
tmaR_predicted,0.16666666666666666,5,5,CAGGTGCCCTCGGTAGACTT,0,3637705
tmaR_predicted,0.16666666666666666,5,5,CAGGCGCGCAGTCAGTTCAC,0,3609357
tmaR_predicted,0.16666666666666666,5,5,CAGCTGACAAAATCCGTGCA,0,3631522
tmaR_predicted,0.16666666666666666,5,5,CAGCCCGTTGAAGGCTGACG,0,3614612
tmaR_predicted,0.16666666666666666,5,5,CAGCACCCGTGCTCCTATGT,0,3626497
tmaR_predicted,0.16666666666666666,5,5,CACGGGCGCTGCGGGAGGCT,0,3620808
tmaR_predicted,0.16666666666666666,5,5,CACCTGGAAAAAGTCTTTAA,0,3643191
tmaR_predicted,0.16666666666666666,5,5,CACCACTAGCTCAATCGATT,0,3625399
tmaR_predicted,0.16666666666666666,5,5,CACACTTTTGAGAAAACTCA,0,3627131
tmaR_predicted,0.16666666666666666,5,5,CACAAGCTCGTTGCCAATTG,0,3609107
tmaR_predicted,0.16666666666666666,5,5,CAATTTTTGCTGAGCGCGTC,0,3621571
tmaR_predicted,0.16666666666666666,5,5,CAATTAGAGATTATGCGAGA,0,3649445
tmaR_predicted,0.16666666666666666,5,5,CAATCAACCACTACACTTGG,0,3639221
tmaR_predicted,0.16666666666666666,5,5,CAAGGAGCTCAGGTTGCTTC,0,3616309
tmaR_predicted,0.16666666666666666,5,5,CAAGAGCACTCCGAAGGGAG,0,3648504
tmaR_predicted,0.16666666666666666,5,5,CAACTCCTTCCCCGCGCATC,0,3633472
tmaR_predicted,0.16666666666666666,5,5,CAACGTCTCGTGAGATGATC,0,3623965
tmaR_predicted,0.16666666666666666,5,5,CAACGGGGTCCATTACACAG,0,3645305
tmaR_predicted,0.16666666666666666,5,5,CAACGCTTCGATGGACGGCA,0,3642914
tmaR_predicted,0.16666666666666666,5,5,CAACGCACCGCTTGACAAGG,0,3620610
tmaR_predicted,0.16666666666666666,5,5,CAACCTTTTTTGGAGATTAA,0,3637116
tmaR_predicted,0.16666666666666666,5,5,CAACCCCTCCTCGTTCACAT,0,3618893
tmaR_predicted,0.16666666666666666,5,5,CAAAAATTGCCTATGCTAAC,0,3639059
tmaR_predicted,0.16666666666666666,5,5,ATTTGGGTCGAACATGGGCT,0,3604543
tmaR_predicted,0.16666666666666666,5,5,ATTTCCGAAGGTGACTGATA,0,3617676
tmaR_predicted,0.16666666666666666,5,5,ATTGTGACCGAGATGTGTTT,0,3627244
tmaR_predicted,0.16666666666666666,5,5,ATTGTCAAGGTGGTGCTCTC,0,3641043
tmaR_predicted,0.16666666666666666,5,5,ATTGTAAAACTGCTCGCCCG,0,3650431
tmaR_predicted,0.16666666666666666,5,5,ATTGGATACTGCATGACTTT,0,3613479
tmaR_predicted,0.16666666666666666,5,5,ATTGACCCTACCCAAATAGT,0,3644448
tmaR_predicted,0.16666666666666666,5,5,ATTCGCAACCGGGAACCTAG,0,3646241
tmaR_predicted,0.16666666666666666,5,5,ATTCCGAGGACCAGGTTCTC,0,3612259
tmaR_predicted,0.16666666666666666,5,5,ATTACACGTTTATCACCTAT,0,3643944
tmaR_predicted,0.16666666666666666,5,5,ATTAATTTCGGGTGAATGAC,0,3629556
tmaR_predicted,0.16666666666666666,5,5,ATGTTTGTAATAAATTGTGT,0,3647132
tmaR_predicted,0.16666666666666666,5,5,ATGTGTCGAGTCTCAGTCGC,0,3626118
tmaR_predicted,0.16666666666666666,5,5,ATGTGCCAGAGACACACCGA,0,3607623
tmaR_predicted,0.16666666666666666,5,5,ATGTCACTCCGAGGATGCAA,0,3639832
tmaR_predicted,0.16666666666666666,5,5,ATGTACACTAACTCGATACA,0,3623385
tmaR_predicted,0.16666666666666666,5,5,ATGTAATTGGACCTCAAATG,0,3625815
tmaR_predicted,0.16666666666666666,5,5,ATGTAATTCCCGCCAAACAC,0,3629026
tmaR_predicted,0.16666666666666666,5,5,ATGTAATCTGATTTGGCTGA,0,3646170
tmaR_predicted,0.16666666666666666,5,5,ATGGTGTCTCGGTTGTCGGG,0,3635765
tmaR_predicted,0.16666666666666666,5,5,ATGGACGTGCGCACATGTTA,0,3621282
tmaR_predicted,0.16666666666666666,5,5,ATGCCGTCATTACTAGTGCC,0,3619597
tmaR_predicted,0.16666666666666666,5,5,ATGCAAGTCAGGCGTGACCG,0,3639365
tmaR_predicted,0.16666666666666666,5,5,ATGCAAAATGATAACTAGGA,0,3640616
tmaR_predicted,0.16666666666666666,5,5,ATGATTATTAACCGGCAGCT,0,3624670
tmaR_predicted,0.16666666666666666,5,5,ATCTTTAGGGAGTTTATGAA,0,3611108
tmaR_predicted,0.16666666666666666,5,5,ATCTGATTCGTAGTACAGGG,0,3626354
tmaR_predicted,0.16666666666666666,5,5,ATCTGAAGCCTGGATCAGGT,0,3629900
tmaR_predicted,0.16666666666666666,5,5,ATCTCAGACCGTTCTCAGGC,0,3625577
tmaR_predicted,0.16666666666666666,5,5,ATCTACCTGAATGACCACTT,0,3607360
tmaR_predicted,0.16666666666666666,5,5,ATCTAATAAGATCGCGCCCC,0,3608953
tmaR_predicted,0.16666666666666666,5,5,ATCGTTGATAAAATTCCGTG,0,3648901
tmaR_predicted,0.16666666666666666,5,5,ATCGGGGTGTACAATATAGT,0,3624052
tmaR_predicted,0.16666666666666666,5,5,ATCGCTTCCGAAGCGTTTCG,0,3617910
tmaR_predicted,0.16666666666666666,5,5,ATCGATTATACGTCCAATTA,0,3607580
tmaR_predicted,0.16666666666666666,5,5,ATCGAATGAAGGAAACCAAC,0,3620757
tmaR_predicted,0.16666666666666666,5,5,ATCCCGAGTGGCACGTGGCC,0,3613415
tmaR_predicted,0.16666666666666666,5,5,ATCATCACCGTTTGTGAGCA,0,3641783
tmaR_predicted,0.16666666666666666,5,5,ATCATAGGCGGTATTCTGAA,0,3617911
tmaR_predicted,0.16666666666666666,5,5,ATCACGGCTCCATCGCGACG,0,3635994
tmaR_predicted,0.16666666666666666,5,5,ATCAACTGAGCATGTATTGC,0,3631954
tmaR_predicted,0.16666666666666666,5,5,ATATGAAAACAGAGTTGAAG,0,3630548
tmaR_predicted,0.16666666666666666,5,5,ATAGTTTACCCTGTTGCGAA,0,3616030
tmaR_predicted,0.16666666666666666,5,5,ATAGCACGACATGAGCAGTG,0,3628961
tmaR_predicted,0.16666666666666666,5,5,ATACGTCGCGCGTGGGACGT,0,3614176
tmaR_predicted,0.16666666666666666,5,5,ATACGCATTGGTGTGTACAT,0,3603906
tmaR_predicted,0.16666666666666666,5,5,ATACGACTGGGGTCCGAACT,0,3628389
tmaR_predicted,0.16666666666666666,5,5,ATACAGAGTGGTCCCCAGTC,0,3633931
tmaR_predicted,0.16666666666666666,5,5,ATAAGTATATTCTCGGGACA,0,3633044
tmaR_predicted,0.16666666666666666,5,5,ATAAGGAGAAGACGGGTTCT,0,3645955
tmaR_predicted,0.16666666666666666,5,5,AGTTTGTTTCGTGAGCGGGT,0,3648647
tmaR_predicted,0.16666666666666666,5,5,AGTTTAACGCGGTTAAACAG,0,3611438
tmaR_predicted,0.16666666666666666,5,5,AGTTCTCTCCCCATAGACCT,0,3629072
tmaR_predicted,0.16666666666666666,5,5,AGTTCCTTGTAGTCAGTGGT,0,3622193
tmaR_predicted,0.16666666666666666,5,5,AGTTCACCGTAACAATAGGG,0,3614856
tmaR_predicted,0.16666666666666666,5,5,AGTCTCGTCCCTCTCGGTTG,0,3610151
tmaR_predicted,0.16666666666666666,5,5,AGTCGGCAGCCGGAGCAATT,0,3613717
tmaR_predicted,0.16666666666666666,5,5,AGTCCCTAATGCCGAACTAG,0,3619781
tmaR_predicted,0.16666666666666666,5,5,AGTATGGGCAGCGCATCGAA,0,3640245
tmaR_predicted,0.16666666666666666,5,5,AGTAGGTTTAAGGTGTCCAT,0,3622067
tmaR_predicted,0.16666666666666666,5,5,AGTAATGTAATTGGGGCTTC,0,3620094
tmaR_predicted,0.16666666666666666,5,5,AGTAAACGGTCTGCCATTAG,0,3620131
tmaR_predicted,0.16666666666666666,5,5,AGGTTGCCCGCTGCAGTCCG,0,3622552
tmaR_predicted,0.16666666666666666,5,5,AGGTTCGTAGATAAAATCGG,0,3606597
tmaR_predicted,0.16666666666666666,5,5,AGGTGCCCAGGGGTGTTGTA,0,3607957
tmaR_predicted,0.16666666666666666,5,5,AGGTGACCAGTTCAGTTTCG,0,3628159
tmaR_predicted,0.16666666666666666,5,5,AGGTCAATCATTAATCCATA,0,3606444
tmaR_predicted,0.16666666666666666,5,5,AGGTATAAAGTAAGACACGT,0,3643596
tmaR_predicted,0.16666666666666666,5,5,AGGGTACGACAGGTGTACTA,0,3637780
tmaR_predicted,0.16666666666666666,5,5,AGGGGTTCAGCCGAGGTCCC,0,3624477
tmaR_predicted,0.16666666666666666,5,5,AGGGGCCTACTGTATAGGAC,0,3623033
tmaR_predicted,0.16666666666666666,5,5,AGGGCTAGTAATCTTGCCTT,0,3646423
tmaR_predicted,0.16666666666666666,5,5,AGGGCGTTGACGGTGCGGGA,0,3624366
tmaR_predicted,0.16666666666666666,5,5,AGGGAATAGACGATCACATC,0,3633216
tmaR_predicted,0.16666666666666666,5,5,AGGCTAGTCTTGGATTAGCT,0,3630982
tmaR_predicted,0.16666666666666666,5,5,AGGCGCGCGTCTTTACTAGA,0,3627243
tmaR_predicted,0.16666666666666666,5,5,AGGCCGGCCCCCTAGGCAAG,0,3610549
tmaR_predicted,0.16666666666666666,5,5,AGGCCCTGTGATCTGTAAGC,0,3629452
tmaR_predicted,0.16666666666666666,5,5,AGGAGGGGCTCATAGTGCCA,0,3612669
tmaR_predicted,0.16666666666666666,5,5,AGGACTTGGAAAAAGACGAT,0,3640754
tmaR_predicted,0.16666666666666666,5,5,AGGACGAGCGTACACAAGCA,0,3631837
tmaR_predicted,0.16666666666666666,5,5,AGGAATCAATGCTGGGGGCA,0,3604756
tmaR_predicted,0.16666666666666666,5,5,AGCTTTTGTACGACCTGATG,0,3631183
tmaR_predicted,0.16666666666666666,5,5,AGCTGCATCTATTATGAAAC,0,3626532
tmaR_predicted,0.16666666666666666,5,5,AGCTAAAAATCACTAATGAT,0,3609031
tmaR_predicted,0.16666666666666666,5,5,AGCGTCAACATTCACCCCCC,0,3604539
tmaR_predicted,0.16666666666666666,5,5,AGCGAGAGTCAAACCCTCCT,0,3635336
tmaR_predicted,0.16666666666666666,5,5,AGCCTATTTAAAAGTTTATT,0,3612609
tmaR_predicted,0.16666666666666666,5,5,AGCCGGCTGGGGGTTCCGCA,0,3650035
tmaR_predicted,0.16666666666666666,5,5,AGCCCATTCCGCTATACCGC,0,3633734
tmaR_predicted,0.16666666666666666,5,5,AGCCAATTAGTACCCCCGGG,0,3613439
tmaR_predicted,0.16666666666666666,5,5,AGCAGGCCCGACCAGATCAC,0,3641269
tmaR_predicted,0.16666666666666666,5,5,AGCACATGCCCGCCAGCAAA,0,3608202
tmaR_predicted,0.16666666666666666,5,5,AGCAAGGGAGTCCTTAACAA,0,3619690
tmaR_predicted,0.16666666666666666,5,5,AGATCCGGTATCTCACGGGG,0,3628290
tmaR_predicted,0.16666666666666666,5,5,AGAGTCCTTAGTCATGCAGT,0,3611587
tmaR_predicted,0.16666666666666666,5,5,AGAGAAGTTTCATAAGCGAG,0,3605574
tmaR_predicted,0.16666666666666666,5,5,AGACTTTACGGGCCAGTATC,0,3639963
tmaR_predicted,0.16666666666666666,5,5,AGACCGGTGACACGAGCCCC,0,3618891
tmaR_predicted,0.16666666666666666,5,5,AGAATTTTTGCTCCAGGTTA,0,3627712
tmaR_predicted,0.16666666666666666,5,5,AGAAGTGCTAATGGCCAATT,0,3649469
tmaR_predicted,0.16666666666666666,5,5,AGAAAGAGCGTATAACCAGC,0,3612537
tmaR_predicted,0.16666666666666666,5,5,ACTTTGTCCGGTAACATAGA,0,3632617
tmaR_predicted,0.16666666666666666,5,5,ACTTGTGGGAAACTCTAGTC,0,3646953
tmaR_predicted,0.16666666666666666,5,5,ACTTAACACGCGGGCCTTTT,0,3639805
tmaR_predicted,0.16666666666666666,5,5,ACTCTTTCGTGCACAAAGGA,0,3638567
tmaR_predicted,0.16666666666666666,5,5,ACTCTGGAGCTGCAATCATT,0,3609068
tmaR_predicted,0.16666666666666666,5,5,ACTCTGAAACTGTAGATCCA,0,3634551
tmaR_predicted,0.16666666666666666,5,5,ACTCTAATTTTCTAGAATTT,0,3624041
tmaR_predicted,0.16666666666666666,5,5,ACTCGATAAAGCCTTTAAGG,0,3611955
tmaR_predicted,0.16666666666666666,5,5,ACTCATGCTCGAATGCCGTC,0,3645441
tmaR_predicted,0.16666666666666666,5,5,ACGTGAGTTTTTCTGTGCGG,0,3634608
tmaR_predicted,0.16666666666666666,5,5,ACGTCGGGCCTCACAATGCA,0,3605244
tmaR_predicted,0.16666666666666666,5,5,ACGTCCCGGTTTAGTCGAGA,0,3638321
tmaR_predicted,0.16666666666666666,5,5,ACGACACTATGTGCCGATTT,0,3626477
tmaR_predicted,0.16666666666666666,5,5,ACGACAAAAGATCATCCAAA,0,3623166
tmaR_predicted,0.16666666666666666,5,5,ACCTGCTGGCTGTGCGATCC,0,3640141
tmaR_predicted,0.16666666666666666,5,5,ACCGTAGTCCTTCGAAATTA,0,3632206
tmaR_predicted,0.16666666666666666,5,5,ACCGTAACGCTTGCCCGAAC,0,3618094
tmaR_predicted,0.16666666666666666,5,5,ACCGCGAACGTGAGCCGTTA,0,3626244
tmaR_predicted,0.16666666666666666,5,5,ACCGAATAACTATCATATCA,0,3624360
tmaR_predicted,0.16666666666666666,5,5,ACCCGTCGGGTATTGATGAC,0,3627862
tmaR_predicted,0.16666666666666666,5,5,ACCCACGGCGCGTAAGTCCG,0,3622465
tmaR_predicted,0.16666666666666666,5,5,ACCATTTGAAGACAGGGACG,0,3606549
tmaR_predicted,0.16666666666666666,5,5,ACATTGTCATGCGCTCTATA,0,3613119
tmaR_predicted,0.16666666666666666,5,5,ACATGCGCCCGCCGATTTAA,0,3616071
tmaR_predicted,0.16666666666666666,5,5,ACATGCGATGGAGAAGTCAA,0,3606937
tmaR_predicted,0.16666666666666666,5,5,ACAGGGTTTAACTGTGTTTT,0,3618754
tmaR_predicted,0.16666666666666666,5,5,ACAGGGCGCAAACCATACTG,0,3641398
tmaR_predicted,0.16666666666666666,5,5,ACAGCTTCCCTCTTTGGCAG,0,3636748
tmaR_predicted,0.16666666666666666,5,5,ACAGCCACTTTCAGTTCACG,0,3622416
tmaR_predicted,0.16666666666666666,5,5,ACACTTGGTCCTCTAGATAA,0,3614636
tmaR_predicted,0.16666666666666666,5,5,ACACGGCCTACGATTCCACC,0,3631359
tmaR_predicted,0.16666666666666666,5,5,AATTTAGTAGGGCAGGTCGC,0,3625224
tmaR_predicted,0.16666666666666666,5,5,AATTATGCGTCGCCATGGGT,0,3609961
tmaR_predicted,0.16666666666666666,5,5,AATGAACTTTTTCACATGAA,0,3616739
tmaR_predicted,0.16666666666666666,5,5,AATCTCCGCGATGGCTTACA,0,3625991
tmaR_predicted,0.16666666666666666,5,5,AATCGTTAGGTCTGCACGAA,0,3632384
tmaR_predicted,0.16666666666666666,5,5,AATCGGCCTGCACCGTTTCG,0,3647919
tmaR_predicted,0.16666666666666666,5,5,AATCGGATCAGCTGAGCAGC,0,3623028
tmaR_predicted,0.16666666666666666,5,5,AATCGAGCCATTTTGATCGG,0,3635019
tmaR_predicted,0.16666666666666666,5,5,AATATCGTGGGGTCTTCGAG,0,3630312
tmaR_predicted,0.16666666666666666,5,5,AATATATTCTAAGCTCCGCA,0,3642960
tmaR_predicted,0.16666666666666666,5,5,AAGTCTAGTTGATTAGCAGA,0,3612581
tmaR_predicted,0.16666666666666666,5,5,AAGTAGAAGGGCTATCGGTC,0,3627292
tmaR_predicted,0.16666666666666666,5,5,AAGGTGGCTTGAGGGAATCA,0,3639091
tmaR_predicted,0.16666666666666666,5,5,AAGGTATATACTCCACGTAG,0,3612871
tmaR_predicted,0.16666666666666666,5,5,AAGGCTGAATTCACCTCGCG,0,3615056
tmaR_predicted,0.16666666666666666,5,5,AAGGCCAGTCTCCGATTAAG,0,3625083
tmaR_predicted,0.16666666666666666,5,5,AAGGCAAGAGGCTCGTGGGC,0,3632419
tmaR_predicted,0.16666666666666666,5,5,AAGCGATATGCGCATTAGGC,0,3606554
tmaR_predicted,0.16666666666666666,5,5,AAGCACTCAAGTCTTTGTCC,0,3650109
tmaR_predicted,0.16666666666666666,5,5,AAGATTCTTAATCTCAGGCA,0,3639176
tmaR_predicted,0.16666666666666666,5,5,AAGATCCTCCAGGCCTAGTG,0,3617491
tmaR_predicted,0.16666666666666666,5,5,AAGAGGGACGCTCAAATTGT,0,3648126
tmaR_predicted,0.16666666666666666,5,5,AAGACGCCGTCTCAGACCGT,0,3648576
tmaR_predicted,0.16666666666666666,5,5,AAGACAGGTTGCTTCGGTTC,0,3638391
tmaR_predicted,0.16666666666666666,5,5,AAGACAGCTGATCCCGACTA,0,3647822
tmaR_predicted,0.16666666666666666,5,5,AAGACAAACCACTAATTGAA,0,3627288
tmaR_predicted,0.16666666666666666,5,5,AACTCCCAACGGAAAGCATA,0,3637773
tmaR_predicted,0.16666666666666666,5,5,AACGGGACATCGTGGCAGCA,0,3624979
tmaR_predicted,0.16666666666666666,5,5,AACGAGTTATCAATTAGGGT,0,3615778
tmaR_predicted,0.16666666666666666,5,5,AACCTAGGGGCGAGATCACA,0,3607069
tmaR_predicted,0.16666666666666666,5,5,AACCCTCACATTCGTGTGAG,0,3610641
tmaR_predicted,0.16666666666666666,5,5,AACCCCATATGCCCTGTCAT,0,3627296
tmaR_predicted,0.16666666666666666,5,5,AACCATTCGGTTAATGATGC,0,3650244
tmaR_predicted,0.16666666666666666,5,5,AACCATCAATGCCTAACGGT,0,3610705
tmaR_predicted,0.16666666666666666,5,5,AACCAGTCAGTTAGCGCGCT,0,3603923
tmaR_predicted,0.16666666666666666,5,5,AACCACATTGCCCAACATCA,0,3640662
tmaR_predicted,0.16666666666666666,5,5,AACATTACACACCGACTGCG,0,3635812
tmaR_predicted,0.16666666666666666,5,5,AACATCCATAAATTTATGGT,0,3604409
tmaR_predicted,0.16666666666666666,5,5,AACACTTAAGGCGGTCCTCG,0,3634606
tmaR_predicted,0.16666666666666666,5,5,AACAAGGTGGCCATCCTTAC,0,3648320
tmaR_predicted,0.16666666666666666,5,5,AAATTCTGTCCTTGCCTACT,0,3642203
tmaR_predicted,0.16666666666666666,5,5,AAATCCTTTGTCAGTGATGA,0,3633006
tmaR_predicted,0.16666666666666666,5,5,AAATCAGGGCAAACACACTC,0,3636734
tmaR_predicted,0.16666666666666666,5,5,AAATAGAATTAGAATCCAGT,0,3621220
tmaR_predicted,0.16666666666666666,5,5,AAAGTTATCTCTTTAGAACG,0,3616193
tmaR_predicted,0.16666666666666666,5,5,AAAATATGCGACGCGGAACC,0,3634990
tmaR_predicted,0.16666666666666666,5,5,AAAATACGTAGTAGGGTAGA,0,3607133
tmaR_predicted,0.16666666666666666,5,5,AAAAGTAACAGCGGAAGATA,0,3615419
tmaR_predicted,0.16666666666666666,5,5,AAAAGAGCCACCCCGTTCGT,0,3648627
tmaR_predicted,0.16666666666666666,5,5,AAAACTATCTAAGCACGACA,0,3646824
tmaR_predicted,0.16666666666666666,5,5,AAAACAGTAATGAGCAACCC,0,3624502
tmaR_predicted,0.16666666666666666,5,5,AAAACAGGCCCGGTGGGACG,0,3639782
tmaR_predicted,0.2,4,4,TTTTTGCCCAGCCCCCGAGT,0,3635160
tmaR_predicted,0.2,4,4,TTTTGAGACTTACGGAAATC,0,3628499
tmaR_predicted,0.2,4,4,TTTTCTTCCGTGTGCTACAG,0,3613293
tmaR_predicted,0.2,4,4,TTTTCAAATCATACCTAGAT,0,3630776
tmaR_predicted,0.2,4,4,TTTGCTTTTGTCTATCTAGT,0,3614974
tmaR_predicted,0.2,4,4,TTTGACTAGGTACTTATTTA,0,3607889
tmaR_predicted,0.2,4,4,TTTGAATGTGCGTTGGAATG,0,3607227
tmaR_predicted,0.2,4,4,TTTGAAGGTTCGAAACAGGT,0,3608008
tmaR_predicted,0.2,4,4,TTTCATGGGTCATCTCGTTA,0,3633146
tmaR_predicted,0.2,4,4,TTTAGGTATCTACATGCTTA,0,3615049
tmaR_predicted,0.2,4,4,TTTAGCCGGAGTCGGCGCCA,0,3642110
tmaR_predicted,0.2,4,4,TTTAATCCGCCCATGGCCGG,0,3609447
tmaR_predicted,0.2,4,4,TTTAACCGGTTATCTGGTAA,0,3624054
tmaR_predicted,0.2,4,4,TTTAAATTGGGAATTGCTAG,0,3604704
tmaR_predicted,0.2,4,4,TTGTGTCTCTACATATATCT,0,3609958
tmaR_predicted,0.2,4,4,TTGTGCTTGAAGTTAAGCAA,0,3614227
tmaR_predicted,0.2,4,4,TTGTGATACTTCCAAGAAGC,0,3619495
tmaR_predicted,0.2,4,4,TTGTCGATTACCTAATAGGG,0,3634710
tmaR_predicted,0.2,4,4,TTGTACGGGAATAAACCAAG,0,3604646
tmaR_predicted,0.2,4,4,TTGGTGAATTGGGTCTGCTC,0,3613520
tmaR_predicted,0.2,4,4,TTGGTAATACCAAAGTTGCG,0,3644463
tmaR_predicted,0.2,4,4,TTGGGGGGTCGGATAATCAA,0,3648586
tmaR_predicted,0.2,4,4,TTGGGGATCTCAATGGCCTC,0,3647931
tmaR_predicted,0.2,4,4,TTGGCTTTTCACGTGAGGAG,0,3637077
tmaR_predicted,0.2,4,4,TTGGCTTGATACATTCACTT,0,3645911
tmaR_predicted,0.2,4,4,TTGGCTACATCCTACCTCAC,0,3629443
tmaR_predicted,0.2,4,4,TTGGCACACAATTGTATTCA,0,3618502
tmaR_predicted,0.2,4,4,TTGCGTGAGGATGGATCCTG,0,3617708
tmaR_predicted,0.2,4,4,TTGCACTGGGCAACGTCGGG,0,3638955
tmaR_predicted,0.2,4,4,TTGCAATCGGTCGGCCTGCG,0,3647130
tmaR_predicted,0.2,4,4,TTGCAAACTGCATTCAATAA,0,3636342
tmaR_predicted,0.2,4,4,TTGATTTAACCTCGCGGGTG,0,3639252
tmaR_predicted,0.2,4,4,TTGAGATTTAGCTCCTTTTC,0,3640279
tmaR_predicted,0.2,4,4,TTGAGACTTGGTCAACAGAG,0,3648313
tmaR_predicted,0.2,4,4,TTGACGCGGCGCATGGGTCT,0,3636986
tmaR_predicted,0.2,4,4,TTGAACAGTGGGCCTGCATG,0,3648350
tmaR_predicted,0.2,4,4,TTCTCGCTGGCGACCCACCT,0,3615190
tmaR_predicted,0.2,4,4,TTCTCCTACAAGTGATCCGT,0,3637546
tmaR_predicted,0.2,4,4,TTCTATGATGAGTCCGGTAC,0,3604453
tmaR_predicted,0.2,4,4,TTCTACAACGACTCGCCTCC,0,3624201
tmaR_predicted,0.2,4,4,TTCGTTCTTACCCAGGAAGT,0,3605092
tmaR_predicted,0.2,4,4,TTCCTTTGGACATAATAGCT,0,3633935
tmaR_predicted,0.2,4,4,TTCCATCCTGAAAGATCCTA,0,3644656
tmaR_predicted,0.2,4,4,TTCCAATCATGACTCTGGGT,0,3614296
tmaR_predicted,0.2,4,4,TTCCAACTACAACTCCTTTG,0,3621072
tmaR_predicted,0.2,4,4,TTCATGTGGGGCCACCAAGA,0,3635515
tmaR_predicted,0.2,4,4,TTCACTTGCACAGCCATGAG,0,3641380
tmaR_predicted,0.2,4,4,TTATTACCACAATGCTTCGG,0,3622197
tmaR_predicted,0.2,4,4,TTATGTGGAATCTCCACCAG,0,3646849
tmaR_predicted,0.2,4,4,TTATGGAGGCGTTTGTGGAA,0,3637644
tmaR_predicted,0.2,4,4,TTATCACAGTCACCACAGGT,0,3610797
tmaR_predicted,0.2,4,4,TTATAGCTACCCTGGGTTGC,0,3607880
tmaR_predicted,0.2,4,4,TTATAAAAAGAGTGTCACGT,0,3626874
tmaR_predicted,0.2,4,4,TTAGGTGGTACTGACGGCCG,0,3616728
tmaR_predicted,0.2,4,4,TTAGGTCTCAATGCCACACC,0,3618002
tmaR_predicted,0.2,4,4,TTAGACTAACGATACGTTGA,0,3614218
tmaR_predicted,0.2,4,4,TTACAACTCGCAAGTGGTCC,0,3627035
tmaR_predicted,0.2,4,4,TTAATTGTTCAGCTTGAGTA,0,3632608
tmaR_predicted,0.2,4,4,TTAATCTGGCCTGATTTTGG,0,3621444
tmaR_predicted,0.2,4,4,TTAACAGGACCGAACTCAGG,0,3626533
tmaR_predicted,0.2,4,4,TTAAATGGAGGGGTGAGGAA,0,3633066
tmaR_predicted,0.2,4,4,TGTTGCTGAGAGGAGGTTCT,0,3644791
tmaR_predicted,0.2,4,4,TGTTGACGGTTGAAAATCGC,0,3641466
tmaR_predicted,0.2,4,4,TGTTGACCAAACAGAACTCG,0,3619716
tmaR_predicted,0.2,4,4,TGTTAGATCCGGGGGCACAT,0,3617058
tmaR_predicted,0.2,4,4,TGTGCCGCGGATAAATATCG,0,3604105
tmaR_predicted,0.2,4,4,TGTGAAATATTCCTCGCCGA,0,3623229
tmaR_predicted,0.2,4,4,TGTCTGTCCACGGGAGCAGA,0,3644580
tmaR_predicted,0.2,4,4,TGTCATACACAGTAAGCCAC,0,3615672
tmaR_predicted,0.2,4,4,TGTCAGCCAGCCCGATATAG,0,3632341
tmaR_predicted,0.2,4,4,TGTAGTGTCAGGGATGTAAT,0,3640567
tmaR_predicted,0.2,4,4,TGGTTTCGTATGTTATAGGT,0,3633439
tmaR_predicted,0.2,4,4,TGGTCATAGGATGCCTGGGC,0,3622612
tmaR_predicted,0.2,4,4,TGGGTTATATGGGTAAGTTC,0,3644451
tmaR_predicted,0.2,4,4,TGGGTCGGCTATTGAAACAA,0,3634902
tmaR_predicted,0.2,4,4,TGGGCGGCCCGTGACTCCCC,0,3636955
tmaR_predicted,0.2,4,4,TGGCTATGGATGGGCTGCCG,0,3627666
tmaR_predicted,0.2,4,4,TGGCAGGTCACGTCACTACT,0,3644871
tmaR_predicted,0.2,4,4,TGGATTTTCTGAGGGTAAAT,0,3606272
tmaR_predicted,0.2,4,4,TGGAGTTTAGTATTTCCCGG,0,3641215
tmaR_predicted,0.2,4,4,TGGAATGATGCTCCGCACTC,0,3644862
tmaR_predicted,0.2,4,4,TGGAACCTAGAGCCATTGGG,0,3611326
tmaR_predicted,0.2,4,4,TGCTGCACAATTTTCTATAT,0,3623481
tmaR_predicted,0.2,4,4,TGCTCCTTCCTCCCATGCTG,0,3625917
tmaR_predicted,0.2,4,4,TGCTACGAAAGGGTTTCATA,0,3637027
tmaR_predicted,0.2,4,4,TGCTAATCTGTGGTTTCACG,0,3628303
tmaR_predicted,0.2,4,4,TGCCTTAGTACTTGCATGAC,0,3611596
tmaR_predicted,0.2,4,4,TGCCTGGTACCAACGTTGGT,0,3626476
tmaR_predicted,0.2,4,4,TGCCTGGGCTTTTGGTCGCT,0,3607190
tmaR_predicted,0.2,4,4,TGCCTGCCGCTTGGAAATAT,0,3604047
tmaR_predicted,0.2,4,4,TGCCGCTGTGCCATCGTATG,0,3605597
tmaR_predicted,0.2,4,4,TGCCGCCTAAGCGCCGCGCG,0,3613639
tmaR_predicted,0.2,4,4,TGCCGACTTCATTAAGATTG,0,3644783
tmaR_predicted,0.2,4,4,TGCCCTGTACGATGATCATA,0,3649053
tmaR_predicted,0.2,4,4,TGCCAACGGGGAGGGGTATG,0,3627106
tmaR_predicted,0.2,4,4,TGCACAAGGTAACCCTATGG,0,3623846
tmaR_predicted,0.2,4,4,TGCAAAGGAGCGCCTGAGCG,0,3606712
tmaR_predicted,0.2,4,4,TGCAAACGGCACATTTCATA,0,3627580
tmaR_predicted,0.2,4,4,TGATTGTAACGGGAACAACA,0,3634998
tmaR_predicted,0.2,4,4,TGATTCCGGTCCAATTCGAA,0,3621217
tmaR_predicted,0.2,4,4,TGATTAGTCGATCAAGCAAC,0,3648626
tmaR_predicted,0.2,4,4,TGATGGTACGACCCTGCGAG,0,3638288
tmaR_predicted,0.2,4,4,TGATCGGGTACGGGGCCGGG,0,3632646
tmaR_predicted,0.2,4,4,TGATCGCAATGGAATCCTCA,0,3633224
tmaR_predicted,0.2,4,4,TGATAAACTCGTGGTGAGTC,0,3631237
tmaR_predicted,0.2,4,4,TGACGCAACGCACCATAATA,0,3639899
tmaR_predicted,0.2,4,4,TGACATTTCAGTGATCATCA,0,3607415
tmaR_predicted,0.2,4,4,TGAAGTTCACACCGTCGGAG,0,3627672
tmaR_predicted,0.2,4,4,TGAACTAAGTCTATTCATAT,0,3608987
tmaR_predicted,0.2,4,4,TCTTTTGCGTACTACGCGGG,0,3644348
tmaR_predicted,0.2,4,4,TCTTGAGCTGGTATTGTGTA,0,3622823
tmaR_predicted,0.2,4,4,TCTTCTGCCAATGCCTCTGT,0,3639386
tmaR_predicted,0.2,4,4,TCTTCCTTTACGTCACCTCA,0,3636263
tmaR_predicted,0.2,4,4,TCTTAAGCATTCGGGCGGGG,0,3612213
tmaR_predicted,0.2,4,4,TCTGGCTATCGTCTTGGATG,0,3645786
tmaR_predicted,0.2,4,4,TCTGAGTATAGAACAAAAGC,0,3622810
tmaR_predicted,0.2,4,4,TCTCGGTTGGCTCAACTTTC,0,3628918
tmaR_predicted,0.2,4,4,TCTCGGTCGGTCGTTGAGCT,0,3639146
tmaR_predicted,0.2,4,4,TCTCCACTGCTGCGGGCTGC,0,3626106
tmaR_predicted,0.2,4,4,TCTCACGAATGCTTATCGCT,0,3635109
tmaR_predicted,0.2,4,4,TCTAGTTATGTATAGCTGCT,0,3608785
tmaR_predicted,0.2,4,4,TCTAGCGTTAATTTGAGCGG,0,3617060
tmaR_predicted,0.2,4,4,TCTACCCGCGCATTGAAATT,0,3639537
tmaR_predicted,0.2,4,4,TCTAATTACGTCAAACAGTA,0,3643749
tmaR_predicted,0.2,4,4,TCGTGGCCCGATGACCCATG,0,3633366
tmaR_predicted,0.2,4,4,TCGTGCTTATCGTAACCTGG,0,3620954
tmaR_predicted,0.2,4,4,TCGTCGAGTTAAGGGAGGGG,0,3617406
tmaR_predicted,0.2,4,4,TCGTAGCAGGGAGCTCTTCT,0,3608163
tmaR_predicted,0.2,4,4,TCGTACCTCCGGGCACCTCA,0,3611820
tmaR_predicted,0.2,4,4,TCGGTCTAGACAATACGGAT,0,3605659
tmaR_predicted,0.2,4,4,TCGGGGCCTATATGGTATGT,0,3629949
tmaR_predicted,0.2,4,4,TCGGGAACGAGCCGGAGTGT,0,3625922
tmaR_predicted,0.2,4,4,TCGGCTTTGAGCTGACATAG,0,3626231
tmaR_predicted,0.2,4,4,TCGGCTGTCGGGGCTCCGGC,0,3611125
tmaR_predicted,0.2,4,4,TCGGATGACTCGGTATCCAT,0,3636050
tmaR_predicted,0.2,4,4,TCGGATACTCGGACAAAAGC,0,3609312
tmaR_predicted,0.2,4,4,TCGGACTTATTTCCCCAAGA,0,3639134
tmaR_predicted,0.2,4,4,TCGCTAGGTCTAACGAGCCA,0,3633085
tmaR_predicted,0.2,4,4,TCGCCAGTGGGGGTGCTATG,0,3612178
tmaR_predicted,0.2,4,4,TCGATTGCACGCACAAGCAT,0,3633839
tmaR_predicted,0.2,4,4,TCGATAAGACTGCGAGGGCG,0,3644367
tmaR_predicted,0.2,4,4,TCGAGTGTCCACTGTGGGCT,0,3649019
tmaR_predicted,0.2,4,4,TCCGTGTCAAGGCATGGTAA,0,3634438
tmaR_predicted,0.2,4,4,TCCGGGATACAAGTCACTTG,0,3621356
tmaR_predicted,0.2,4,4,TCCGCTGCAGTCTAAGTTGG,0,3608086
tmaR_predicted,0.2,4,4,TCCCGTATCTTGCTGCTAGC,0,3620199
tmaR_predicted,0.2,4,4,TCCCCTGATCCTAGTTGTTA,0,3617356
tmaR_predicted,0.2,4,4,TCCCCCGCGCGTACGAAACA,0,3613034
tmaR_predicted,0.2,4,4,TCCCAGCTCTTGCCGGGGTA,0,3647894
tmaR_predicted,0.2,4,4,TCCCAGCGGCCCCAGGGTAC,0,3617675
tmaR_predicted,0.2,4,4,TCCCAAGTGTGAGCGTCTGA,0,3606698
tmaR_predicted,0.2,4,4,TCCATCGGTAATCTTCGGCA,0,3625309
tmaR_predicted,0.2,4,4,TCCAGCCCTGCGATCGCGCG,0,3619126
tmaR_predicted,0.2,4,4,TCCACGGGTTTCGTTCCCGC,0,3640672
tmaR_predicted,0.2,4,4,TCCACGATATTCGCGTCCCC,0,3606618
tmaR_predicted,0.2,4,4,TCATTTTTAGGGGAAAGGTG,0,3648577
tmaR_predicted,0.2,4,4,TCATTGATACCGTGTTACGG,0,3641391
tmaR_predicted,0.2,4,4,TCATTCTGATAGTATGCGGT,0,3625524
tmaR_predicted,0.2,4,4,TCATCCATCTTGGCTTAACT,0,3633764
tmaR_predicted,0.2,4,4,TCATATTCGCTGTATGGCCG,0,3618607
tmaR_predicted,0.2,4,4,TCATAGTATGCGCGCACAAT,0,3604284
tmaR_predicted,0.2,4,4,TCATACTGTCCTACGGCCGG,0,3626664
tmaR_predicted,0.2,4,4,TCAGGGGACCTTGGTACTGT,0,3644372
tmaR_predicted,0.2,4,4,TCAGGGCATCCGCGCTTAGC,0,3604065
tmaR_predicted,0.2,4,4,TCAGGGAACGTCCGGGGGTA,0,3616867
tmaR_predicted,0.2,4,4,TCAGCTCTAAAGGTCCCCAT,0,3619619
tmaR_predicted,0.2,4,4,TCAGCCCCCAAAAGCTAAAC,0,3607773
tmaR_predicted,0.2,4,4,TCAGAGTGCCCGTTCATTGG,0,3611274
tmaR_predicted,0.2,4,4,TCACTCCCTGTCTATCAGGC,0,3613372
tmaR_predicted,0.2,4,4,TCACCGCGGCATAGCAATTA,0,3646066
tmaR_predicted,0.2,4,4,TCACAAATGACAGCCCGAAG,0,3611512
tmaR_predicted,0.2,4,4,TCAATATCATTAGATTTCGA,0,3609757
tmaR_predicted,0.2,4,4,TCAAGTTACCCTACGAAACA,0,3643133
tmaR_predicted,0.2,4,4,TCAAATTGTACCGTGAGGTA,0,3644464
tmaR_predicted,0.2,4,4,TATTCGACGGCGAATATATT,0,3618467
tmaR_predicted,0.2,4,4,TATTCCACTTCCGACGCCAA,0,3610911
tmaR_predicted,0.2,4,4,TATTCATTGGAAACAAGATT,0,3639439
tmaR_predicted,0.2,4,4,TATTAGCACATTGTCGGCCC,0,3608396
tmaR_predicted,0.2,4,4,TATTAATGGATTTCAAGGAC,0,3605975
tmaR_predicted,0.2,4,4,TATGTTCCTACTCTTCTGCA,0,3630913
tmaR_predicted,0.2,4,4,TATGTCGGGAATAAGTTACG,0,3624140
tmaR_predicted,0.2,4,4,TATGCAGAGAACTACAATAT,0,3644667
tmaR_predicted,0.2,4,4,TATGATTAAGATAACTTATA,0,3640073
tmaR_predicted,0.2,4,4,TATGAAGGAATAAGACTAAC,0,3603905
tmaR_predicted,0.2,4,4,TATCTATGTAGATTAGACGA,0,3629729
tmaR_predicted,0.2,4,4,TATCGGAGACGCCGTAGACA,0,3625913
tmaR_predicted,0.2,4,4,TATCACTGAGATTGAAGAAG,0,3616921
tmaR_predicted,0.2,4,4,TATCAAGTGACTTGTGGCCA,0,3645203
tmaR_predicted,0.2,4,4,TATATGACCCGGACGGTAAG,0,3628313
tmaR_predicted,0.2,4,4,TATATCGAACGATTCTGTAG,0,3624868
tmaR_predicted,0.2,4,4,TATATCAGCCAACTTAAGGA,0,3643047
tmaR_predicted,0.2,4,4,TATAGGTCGCGTTGGCTAAT,0,3609621
tmaR_predicted,0.2,4,4,TATAGGAGTTCACTCAGCCC,0,3614149
tmaR_predicted,0.2,4,4,TATACACGAAAGAACAAGTC,0,3627011
tmaR_predicted,0.2,4,4,TAGTTTCCACGAGATGAATT,0,3612234
tmaR_predicted,0.2,4,4,TAGTTATGCGGAATCATTCA,0,3643267
tmaR_predicted,0.2,4,4,TAGTTAGCGCGGGGCCAGCC,0,3610938
tmaR_predicted,0.2,4,4,TAGTCCCTGTGCGGCTCTGT,0,3612952
tmaR_predicted,0.2,4,4,TAGGGTTTCTTTCGTTCGGT,0,3649995
tmaR_predicted,0.2,4,4,TAGGGGGACTGGCCTGGCAT,0,3620815
tmaR_predicted,0.2,4,4,TAGGGGAGATGGGGCCAAAG,0,3625503
tmaR_predicted,0.2,4,4,TAGGCAGAGTCGCGGAGGTG,0,3643263
tmaR_predicted,0.2,4,4,TAGGAATGGATTTACATTCA,0,3610558
tmaR_predicted,0.2,4,4,TAGCTCACACGTATTGGCAA,0,3626262
tmaR_predicted,0.2,4,4,TAGCATCGTCTACGGAACCT,0,3647118
tmaR_predicted,0.2,4,4,TAGCATCCCCTGCTCGTAGT,0,3631400
tmaR_predicted,0.2,4,4,TAGCATCAGTAAGGTTGCCA,0,3604226
tmaR_predicted,0.2,4,4,TAGCACCCACACATCTCCGC,0,3649410
tmaR_predicted,0.2,4,4,TAGCACCAGCTTCCGTCATC,0,3642849
tmaR_predicted,0.2,4,4,TAGACTATAGACCTCAAGCT,0,3639939
tmaR_predicted,0.2,4,4,TAGACGGATAGGCCTTGATG,0,3630464
tmaR_predicted,0.2,4,4,TAGAACGGAAGATTAAAAGT,0,3609112
tmaR_predicted,0.2,4,4,TACTGGGATAAGACCGACGG,0,3637333
tmaR_predicted,0.2,4,4,TACTGAGCTTCTGTCGATTA,0,3605717
tmaR_predicted,0.2,4,4,TACTCGCTTAACTCCGACCA,0,3624652
tmaR_predicted,0.2,4,4,TACTATTCATTCTTATTGGT,0,3645804
tmaR_predicted,0.2,4,4,TACTAGCAATGGGTTTTTAT,0,3648621
tmaR_predicted,0.2,4,4,TACTAAAGCTTGGTCTGGAC,0,3609991
tmaR_predicted,0.2,4,4,TACGGGGTAATTTATTATTG,0,3629194
tmaR_predicted,0.2,4,4,TACGGCCCTCGGATCCAAAC,0,3649229
tmaR_predicted,0.2,4,4,TACGGCACTGCAGTGGACGT,0,3613130
tmaR_predicted,0.2,4,4,TACGGAAAAATGGCGGTCAC,0,3621456
tmaR_predicted,0.2,4,4,TACGCGTTGTATATTGGACG,0,3609079
tmaR_predicted,0.2,4,4,TACGCACGTGCATCGTGAGA,0,3626442
tmaR_predicted,0.2,4,4,TACGCAAGATAGGCGGAACG,0,3638286
tmaR_predicted,0.2,4,4,TACCGCAGGCCTAACGACAA,0,3633969
tmaR_predicted,0.2,4,4,TACAGGAAGTCTGACTGATA,0,3608320
tmaR_predicted,0.2,4,4,TAATAGTTGATTTCTTTAAC,0,3610295
tmaR_predicted,0.2,4,4,TAATAGGCTATACACGGTCT,0,3649259
tmaR_predicted,0.2,4,4,TAACTGTACCTGGGGATCTT,0,3628287
tmaR_predicted,0.2,4,4,TAACGGTCACTACAACGCTT,0,3609618
tmaR_predicted,0.2,4,4,TAACCCCAATCCATTGAGCC,0,3604515
tmaR_predicted,0.2,4,4,TAAATGGTGCCCATCGCAGT,0,3631195
tmaR_predicted,0.2,4,4,TAAATCGTATGTGGCCTCCG,0,3628896
tmaR_predicted,0.2,4,4,TAAATCCGTGAGATCCCCGA,0,3608911
tmaR_predicted,0.2,4,4,TAAAGGTAGTGAGGTTGATC,0,3611021
tmaR_predicted,0.2,4,4,TAAACGGCGGCGAACGGAGT,0,3620168
tmaR_predicted,0.2,4,4,GTTTATACTGGGGCGTTTCG,0,3610855
tmaR_predicted,0.2,4,4,GTTTATAACCCTTTTCACAG,0,3632492
tmaR_predicted,0.2,4,4,GTTGCACTATGGGCTCCACT,0,3638270
tmaR_predicted,0.2,4,4,GTTCCTCGTGGGACAGTCTT,0,3644716
tmaR_predicted,0.2,4,4,GTTCAGGGGCCTGACTGGAT,0,3625856
tmaR_predicted,0.2,4,4,GTTACGTGTACATAAGTTGC,0,3641012
tmaR_predicted,0.2,4,4,GTTACATCGTGGCGTGTACT,0,3632781
tmaR_predicted,0.2,4,4,GTTAATTTGAGCACTAAACG,0,3619971
tmaR_predicted,0.2,4,4,GTGTCCTTACTCCAGGGCAG,0,3642441
tmaR_predicted,0.2,4,4,GTGGGTCACCATGAGACACG,0,3605151
tmaR_predicted,0.2,4,4,GTGGGAACCCAGCGATTGCC,0,3617147
tmaR_predicted,0.2,4,4,GTGGCCGTAAGACACTCGGC,0,3630561
tmaR_predicted,0.2,4,4,GTGGCCAGGCCCTTCCAATA,0,3631471
tmaR_predicted,0.2,4,4,GTGGCAGGAACGCTCTTAAC,0,3608706
tmaR_predicted,0.2,4,4,GTGGATGGGGATAAATCTTG,0,3615283
tmaR_predicted,0.2,4,4,GTGCGGACAGTCCATCTTCA,0,3638531
tmaR_predicted,0.2,4,4,GTGCGCCACCTGAGCACTTG,0,3639655
tmaR_predicted,0.2,4,4,GTGCACTCCATTGAGGTACG,0,3631745
tmaR_predicted,0.2,4,4,GTGCAACTTGCGAAGGGGTC,0,3648515
tmaR_predicted,0.2,4,4,GTGCAACCGCGTCATAAGGT,0,3646970
tmaR_predicted,0.2,4,4,GTGATTCATCGGTGAGACAT,0,3604336
tmaR_predicted,0.2,4,4,GTGAAATGTTGTCGTCCTAC,0,3629219
tmaR_predicted,0.2,4,4,GTGAAATGAGGTTTACTCCA,0,3641041
tmaR_predicted,0.2,4,4,GTCTTCGGCTTGCCTTCGCT,0,3636928
tmaR_predicted,0.2,4,4,GTCTGTTAACCGAACATCTT,0,3632495
tmaR_predicted,0.2,4,4,GTCTGCTATGGGGATCTATC,0,3627307
tmaR_predicted,0.2,4,4,GTCTATCTGTCTATTGAAGC,0,3644345
tmaR_predicted,0.2,4,4,GTCGTCTACACAGTTTATAA,0,3640519
tmaR_predicted,0.2,4,4,GTCGTCAGAGCGAGGCTGCT,0,3611658
tmaR_predicted,0.2,4,4,GTCGGTCACAGTCTCACAGA,0,3606760
tmaR_predicted,0.2,4,4,GTCGGATTAGAACGTTCGCT,0,3620532
tmaR_predicted,0.2,4,4,GTCGCCCGGGGTGAGTGCCT,0,3615762
tmaR_predicted,0.2,4,4,GTCCTATAAAAGAGGTCGAA,0,3616691
tmaR_predicted,0.2,4,4,GTCCTAATCCTCGCCAAGGG,0,3616009
tmaR_predicted,0.2,4,4,GTCCGTTAACTTCCAAAGCT,0,3605173
tmaR_predicted,0.2,4,4,GTCCCGAGGTCTACGGATTC,0,3614539
tmaR_predicted,0.2,4,4,GTCCACACTGCAAAGTCCAT,0,3640150
tmaR_predicted,0.2,4,4,GTCATTAAGACCGGGTTTAG,0,3625452
tmaR_predicted,0.2,4,4,GTCATGCTCATCCCAGTGTT,0,3620406
tmaR_predicted,0.2,4,4,GTCAGACTTTTTCTTTACCT,0,3605837
tmaR_predicted,0.2,4,4,GTATGTATACTCTTAGATAC,0,3613422
tmaR_predicted,0.2,4,4,GTATCCACGGAGTGAATCAG,0,3636793
tmaR_predicted,0.2,4,4,GTATCACACTGGGGTTAAGA,0,3620717
tmaR_predicted,0.2,4,4,GTATAGAATCCAGCTTAACT,0,3639851
tmaR_predicted,0.2,4,4,GTAGGGGTAGTAAGGGATGA,0,3604072
tmaR_predicted,0.2,4,4,GTAGCTATACGGGCCTTGCC,0,3646188
tmaR_predicted,0.2,4,4,GTAGCCGCCAACTTGTCGAT,0,3635837
tmaR_predicted,0.2,4,4,GTACAGGTAGTTTGGACTCC,0,3616671
tmaR_predicted,0.2,4,4,GGTTTACGAACTTTGCCACA,0,3646213
tmaR_predicted,0.2,4,4,GGTTGAGTGACGTACGATGA,0,3606778
tmaR_predicted,0.2,4,4,GGTTCCCAGGATGAGGACAC,0,3612481
tmaR_predicted,0.2,4,4,GGTGCCGCGGACAAGGGTAC,0,3632851
tmaR_predicted,0.2,4,4,GGTGCCGAAAATGTAAGTGC,0,3608741
tmaR_predicted,0.2,4,4,GGTCGTAGATTTAGTTCTTA,0,3604041
tmaR_predicted,0.2,4,4,GGTCCTGTCCCGTCCTTGCG,0,3638747
tmaR_predicted,0.2,4,4,GGTCCGCGCACAATGTAAGA,0,3633069
tmaR_predicted,0.2,4,4,GGTATCATGTCTCAAAGGGT,0,3606619
tmaR_predicted,0.2,4,4,GGTAGTTAACATACCGACGC,0,3648880
tmaR_predicted,0.2,4,4,GGTAATAGTGGCCGATACCA,0,3624298
tmaR_predicted,0.2,4,4,GGTAACCCTCGGCAACCTTC,0,3614175
tmaR_predicted,0.2,4,4,GGGTTGAGGGGTCTTTGCGA,0,3648250
tmaR_predicted,0.2,4,4,GGGTTAATCGAATCTTTTCG,0,3630611
tmaR_predicted,0.2,4,4,GGGTATAAATCCCGATGTAT,0,3617963
tmaR_predicted,0.2,4,4,GGGTAGTCCCGATAACAGCG,0,3648022
tmaR_predicted,0.2,4,4,GGGGCGCTAGAATGCTTTGG,0,3620006
tmaR_predicted,0.2,4,4,GGGGATCCTGACGTCATAGT,0,3621742
tmaR_predicted,0.2,4,4,GGGGAATCGGAACCAATGTA,0,3611966
tmaR_predicted,0.2,4,4,GGGCGGAACATGCGCTAAGG,0,3611952
tmaR_predicted,0.2,4,4,GGGCCGTAAGTCCACTTTAA,0,3642334
tmaR_predicted,0.2,4,4,GGGAATCTACTCTCAATCCG,0,3621787
tmaR_predicted,0.2,4,4,GGGAAGATGTAATGCTGGTA,0,3616144
tmaR_predicted,0.2,4,4,GGCTTCCAGACAAAAAATAA,0,3641011
tmaR_predicted,0.2,4,4,GGCTGCTGTGATTTTTATGT,0,3623565
tmaR_predicted,0.2,4,4,GGCTGCCGCCTGACAGCTGC,0,3609535
tmaR_predicted,0.2,4,4,GGCTCAATACGCCACCCCCT,0,3605030
tmaR_predicted,0.2,4,4,GGCTATGGAGCCAGAATAGT,0,3618495
tmaR_predicted,0.2,4,4,GGCGCCTAGCATGTTATACG,0,3646318
tmaR_predicted,0.2,4,4,GGCGAGCTGGAGCTAGTGTA,0,3619885
tmaR_predicted,0.2,4,4,GGCCTGTAAAAGTCGCACAT,0,3608186
tmaR_predicted,0.2,4,4,GGCCCTTGATAGACCATTAA,0,3611439
tmaR_predicted,0.2,4,4,GGCCCAGAAATCGGTACGCA,0,3606267
tmaR_predicted,0.2,4,4,GGCCAGCGTTCGCAGGTCCG,0,3637383
tmaR_predicted,0.2,4,4,GGCCACCCTAAAGGGCGAGC,0,3622000
tmaR_predicted,0.2,4,4,GGCATCAAGTACCGGCTTTA,0,3616844
tmaR_predicted,0.2,4,4,GGATTGGAGCGACGCTAGTG,0,3644797
tmaR_predicted,0.2,4,4,GGATTCAGCGGCGGCTCATT,0,3607583
tmaR_predicted,0.2,4,4,GGATGTTTTGGTATCTGCTA,0,3623821
tmaR_predicted,0.2,4,4,GGATGCGGAATCAAACTGCG,0,3616757
tmaR_predicted,0.2,4,4,GGATGCGCAGAACCCGTGCA,0,3613330
tmaR_predicted,0.2,4,4,GGATCTCCTTACGTTCGACT,0,3609942
tmaR_predicted,0.2,4,4,GGATCCGGCGGCTTAACTGC,0,3608257
tmaR_predicted,0.2,4,4,GGATATACGTAGGCGGAATG,0,3621379
tmaR_predicted,0.2,4,4,GGATACTTGACAAATGTCTA,0,3613745
tmaR_predicted,0.2,4,4,GGATACAGAACCAGTTAGCC,0,3616119
tmaR_predicted,0.2,4,4,GGAGTTCGGCTCAGGTGGGT,0,3624043
tmaR_predicted,0.2,4,4,GGAGTCCGTAGACGTTGGCG,0,3617249
tmaR_predicted,0.2,4,4,GGAGGGGACTTATACGTCTC,0,3647600
tmaR_predicted,0.2,4,4,GGAGCGATCCTGCGGCCTGG,0,3638609
tmaR_predicted,0.2,4,4,GGAGCCGTGGGTCTCGGATG,0,3649254
tmaR_predicted,0.2,4,4,GGAGCAACCGTCTACACAAT,0,3624605
tmaR_predicted,0.2,4,4,GGAGAGAACCTCAATACCCA,0,3632205
tmaR_predicted,0.2,4,4,GGAGACGGGTTTCTATTAAT,0,3635891
tmaR_predicted,0.2,4,4,GGACTCTTCGGAGGCATTTC,0,3605121
tmaR_predicted,0.2,4,4,GGACCGCTGTCTATGAATTA,0,3639751
tmaR_predicted,0.2,4,4,GGAAGCTACGCGGGCCAGTC,0,3605170
tmaR_predicted,0.2,4,4,GGAACCTGATATAGGATCTC,0,3614186
tmaR_predicted,0.2,4,4,GCTTTAAAGGTGACCCAATG,0,3642716
tmaR_predicted,0.2,4,4,GCTTGGAGATCAAGATTACC,0,3624422
tmaR_predicted,0.2,4,4,GCTTGCGGTCGCCATTCACA,0,3615050
tmaR_predicted,0.2,4,4,GCTTCTCCGTGGGGCAGGTG,0,3640711
tmaR_predicted,0.2,4,4,GCTGTTAATTGGATTTTTTA,0,3649307
tmaR_predicted,0.2,4,4,GCTGTGTTCCATGCAGAGAA,0,3640375
tmaR_predicted,0.2,4,4,GCTGTGGACACCGTACTTAA,0,3619720
tmaR_predicted,0.2,4,4,GCTCTAGTTTTTCTCGCCAA,0,3609445
tmaR_predicted,0.2,4,4,GCTCAGTCCAGGCCCAGGCA,0,3635660
tmaR_predicted,0.2,4,4,GCTAGGACAATTTGACCTCA,0,3627668
tmaR_predicted,0.2,4,4,GCTACTACGGCATGCATTTA,0,3610790
tmaR_predicted,0.2,4,4,GCGTATATTAGGAAATCTTG,0,3619851
tmaR_predicted,0.2,4,4,GCGGCTCTTTTTTTATGAGA,0,3646561
tmaR_predicted,0.2,4,4,GCGGCGCTCGGATAACGGAC,0,3642223
tmaR_predicted,0.2,4,4,GCGGCGCGCGAAGTGCTGAT,0,3641292
tmaR_predicted,0.2,4,4,GCGGAGGCTGTTGGTTCCTT,0,3618599
tmaR_predicted,0.2,4,4,GCGCTTAGTTAGGTTTTACT,0,3627904
tmaR_predicted,0.2,4,4,GCGCTCAATCTGTACGAGGC,0,3631392
tmaR_predicted,0.2,4,4,GCGCTAGCCTGACGAGTTTG,0,3631579
tmaR_predicted,0.2,4,4,GCGCGGCCGAAGGAACGTCA,0,3611943
tmaR_predicted,0.2,4,4,GCGCCCTCCGACGACGTTTT,0,3621136
tmaR_predicted,0.2,4,4,GCGCATCCGCGCGAATCATA,0,3645790
tmaR_predicted,0.2,4,4,GCGAGCTAATATTCTTACAT,0,3628318
tmaR_predicted,0.2,4,4,GCGAGACGGAGTCCTTCACG,0,3609565
tmaR_predicted,0.2,4,4,GCGACTCCAGTTATCCCGGG,0,3628830
tmaR_predicted,0.2,4,4,GCGACGGCACCGCACGAGAT,0,3614941
tmaR_predicted,0.2,4,4,GCGACCAATTTTGCCAGCGG,0,3625952
tmaR_predicted,0.2,4,4,GCGAACGACAGCCCCGCGAT,0,3613611
tmaR_predicted,0.2,4,4,GCCTTCCCCTCCTACTTCTG,0,3626309
tmaR_predicted,0.2,4,4,GCCTTACTGCTCCCAAGCTT,0,3628473
tmaR_predicted,0.2,4,4,GCCTGTAGGGACCATAGGTA,0,3617150
tmaR_predicted,0.2,4,4,GCCTGATGGGAAATGTCAGG,0,3632963
tmaR_predicted,0.2,4,4,GCCTGAGAAGACATTCAGCG,0,3607080
tmaR_predicted,0.2,4,4,GCCTCTGCGCAGATGACGGA,0,3636896
tmaR_predicted,0.2,4,4,GCCGGATGTCGCTCAAGATA,0,3628275
tmaR_predicted,0.2,4,4,GCCGAAGTCCGTGCAAGGTC,0,3618821
tmaR_predicted,0.2,4,4,GCCCGGTCTAGCATTACCAG,0,3607187
tmaR_predicted,0.2,4,4,GCCCCGCTACCACGCCGAAT,0,3606923
tmaR_predicted,0.2,4,4,GCCATCGTTAAATTGGCTAG,0,3627053
tmaR_predicted,0.2,4,4,GCCATCCTGATTCCGGACAC,0,3634694
tmaR_predicted,0.2,4,4,GCCAGTCTAAGCTTATTCAA,0,3629002
tmaR_predicted,0.2,4,4,GCCAGGGAATATTACCCGGA,0,3635129
tmaR_predicted,0.2,4,4,GCCACTCATTGAAAGCACGA,0,3610067
tmaR_predicted,0.2,4,4,GCCACACGATAAGCGCTTCA,0,3632682
tmaR_predicted,0.2,4,4,GCATTTTCCTCGGTTGTCCC,0,3634705
tmaR_predicted,0.2,4,4,GCATCGCGTTGTAGAGTCGA,0,3632430
tmaR_predicted,0.2,4,4,GCATCCCTTTTATGAAGGAA,0,3629250
tmaR_predicted,0.2,4,4,GCATAGTGCCGCTCTCCACC,0,3640144
tmaR_predicted,0.2,4,4,GCAGTGACTCTTTATGTGAT,0,3607931
tmaR_predicted,0.2,4,4,GCAGTAGCCAGGGTTGTACG,0,3624476
tmaR_predicted,0.2,4,4,GCAGGTATGCACGCTGGTCC,0,3625302
tmaR_predicted,0.2,4,4,GCAGCGTCACGGACTCTAAA,0,3612171
tmaR_predicted,0.2,4,4,GCAGATCCTGTAGCAAATCG,0,3612410
tmaR_predicted,0.2,4,4,GCACTGCGGATTGTGCTACA,0,3628478
tmaR_predicted,0.2,4,4,GCACTCTATGATCGTATGCT,0,3649907
tmaR_predicted,0.2,4,4,GCACCTCTGTGGCATACAGC,0,3631401
tmaR_predicted,0.2,4,4,GCACCCTTATGGATAATGGG,0,3613178
tmaR_predicted,0.2,4,4,GCAAATGACTCTCGCCGGCT,0,3649955
tmaR_predicted,0.2,4,4,GCAAACAACAGTTGGTAGGA,0,3616587
tmaR_predicted,0.2,4,4,GCAAAAGGTGCCTCCCCTTA,0,3624917
tmaR_predicted,0.2,4,4,GATTAGCCGATTGCCATATA,0,3624555
tmaR_predicted,0.2,4,4,GATGTTGCCCTCCGGAAGGC,0,3606885
tmaR_predicted,0.2,4,4,GATGTGAACTGATCTCAGTG,0,3633173
tmaR_predicted,0.2,4,4,GATGCATCGCGCTCATCCGG,0,3614167
tmaR_predicted,0.2,4,4,GATGCAGGATCGTGTAGTTA,0,3620987
tmaR_predicted,0.2,4,4,GATGATAACAAGTCGTGATG,0,3628674
tmaR_predicted,0.2,4,4,GATCTACTCTCTGTAGTGAG,0,3622423
tmaR_predicted,0.2,4,4,GATCGCCTATGCTAGTACCA,0,3627178
tmaR_predicted,0.2,4,4,GATATAGAGTTCGATAACCC,0,3622914
tmaR_predicted,0.2,4,4,GATAGTCTGCCATATAGGGT,0,3613982
tmaR_predicted,0.2,4,4,GATAGGCGTGCAGTGGGTTG,0,3631644
tmaR_predicted,0.2,4,4,GATACAGAGAACCTCTCTTA,0,3624328
tmaR_predicted,0.2,4,4,GAGTGTCACCCAAGCTAAAG,0,3631870
tmaR_predicted,0.2,4,4,GAGTGAAGCCGACCGTTAAG,0,3626380
tmaR_predicted,0.2,4,4,GAGTCAAAGTCCTGGCCACC,0,3639328
tmaR_predicted,0.2,4,4,GAGGCCTGTCACTCGTGAAG,0,3610164
tmaR_predicted,0.2,4,4,GAGGATCTGTGTGTGGGGCT,0,3641039
tmaR_predicted,0.2,4,4,GAGGAGAGCCGACATAGAAA,0,3650110
tmaR_predicted,0.2,4,4,GAGGACCTGAGTGTGCTGGA,0,3638056
tmaR_predicted,0.2,4,4,GAGCGGCAGGGCAGACGCAT,0,3605241
tmaR_predicted,0.2,4,4,GAGATGTCAATGGACCTTGT,0,3619749
tmaR_predicted,0.2,4,4,GAGAGAGACTCTACACGCGA,0,3605425
tmaR_predicted,0.2,4,4,GAGACCCCGGGGGGCAAGCG,0,3640249
tmaR_predicted,0.2,4,4,GACTTCGCCGCGGATCTCAG,0,3621522
tmaR_predicted,0.2,4,4,GACTGGTTTATCTATCTCTA,0,3630907
tmaR_predicted,0.2,4,4,GACGTGAGTTGTGTCGATTT,0,3639360
tmaR_predicted,0.2,4,4,GACGGATGTTGCGCGCATGG,0,3634745
tmaR_predicted,0.2,4,4,GACATTATACTTATTTACCC,0,3614843
tmaR_predicted,0.2,4,4,GACATTAACCACTCGACGTA,0,3639934
tmaR_predicted,0.2,4,4,GACATCTTGAGATTCCCGAA,0,3611026
tmaR_predicted,0.2,4,4,GACAGCACCGCGCGGCGACA,0,3621998
tmaR_predicted,0.2,4,4,GAATGCGAGACCACAAGTGC,0,3647693
tmaR_predicted,0.2,4,4,GAATGACTTCTCTCGATCCA,0,3619273
tmaR_predicted,0.2,4,4,GAATCGATTAGCAACTTTAG,0,3617789
tmaR_predicted,0.2,4,4,GAAGGCCTTGTTGGGATTTG,0,3644376
tmaR_predicted,0.2,4,4,GAAGCCTAGGTTACAAAATG,0,3616443
tmaR_predicted,0.2,4,4,GAAGCAGCTTAGTTTCGAAT,0,3617701
tmaR_predicted,0.2,4,4,GAAGATATAGCCGTAAGTGG,0,3631505
tmaR_predicted,0.2,4,4,GAACTGAGTCCCAATCCCAT,0,3640231
tmaR_predicted,0.2,4,4,GAACTAGCGTATTAGTTGGT,0,3638775
tmaR_predicted,0.2,4,4,GAACGGTAAGGTGGTAGTAT,0,3635834
tmaR_predicted,0.2,4,4,GAACCGCTCTAAGGACTTCA,0,3614056
tmaR_predicted,0.2,4,4,GAACCATGACAGAATAGTTT,0,3645373
tmaR_predicted,0.2,4,4,GAAACGCGGGTCTTGGACAG,0,3604250
tmaR_predicted,0.2,4,4,GAAACAGAGTTCTATTAAGA,0,3649632
tmaR_predicted,0.2,4,4,GAAAACGAGACTCGTGACGA,0,3645295
tmaR_predicted,0.2,4,4,CTTTTTCACCGGTATCGACA,0,3648654
tmaR_predicted,0.2,4,4,CTTTGCTGAATTATTTAGTT,0,3622426
tmaR_predicted,0.2,4,4,CTTTGCTCCGCATATTCCCC,0,3647573
tmaR_predicted,0.2,4,4,CTTGTTCACTTTCTTATGTC,0,3605203
tmaR_predicted,0.2,4,4,CTTGTGGGCGGCCATTATCT,0,3612403
tmaR_predicted,0.2,4,4,CTTGCTCCAACATTGCTCAG,0,3604294
tmaR_predicted,0.2,4,4,CTTGCGGAAAAAGGGCACAG,0,3616942
tmaR_predicted,0.2,4,4,CTTGAATGCTCCAGTGCTTT,0,3621580
tmaR_predicted,0.2,4,4,CTTCTCCTAAGATGGTCCCA,0,3608424
tmaR_predicted,0.2,4,4,CTTCGTCTCTGTAAATTGCT,0,3637803
tmaR_predicted,0.2,4,4,CTTCGAAAGACAGGTCTCCG,0,3636739
tmaR_predicted,0.2,4,4,CTTCCAAATACCACTACACT,0,3613599
tmaR_predicted,0.2,4,4,CTTCACACAGTTCTCGTCCA,0,3625242
tmaR_predicted,0.2,4,4,CTTAAAACTCTGCGAATCGG,0,3611432
tmaR_predicted,0.2,4,4,CTGTAGCCATAGGCTATGCG,0,3620617
tmaR_predicted,0.2,4,4,CTGGCAGATATCGCTGAATC,0,3626083
tmaR_predicted,0.2,4,4,CTGGAGCTATGATTTGTGTC,0,3618918
tmaR_predicted,0.2,4,4,CTGCTCATTTTTATCACGCA,0,3644246
tmaR_predicted,0.2,4,4,CTGCGTTTTTTAGTTGTGGA,0,3604745
tmaR_predicted,0.2,4,4,CTGCGTCTGGCCTTAGTGCA,0,3648863
tmaR_predicted,0.2,4,4,CTGCCGGCGCAGCCATCAAT,0,3610914
tmaR_predicted,0.2,4,4,CTGCACCTTGATCCCGCAAG,0,3630345
tmaR_predicted,0.2,4,4,CTGAGACCCCGCGTCTTGTA,0,3617761
tmaR_predicted,0.2,4,4,CTCTCTTACCATGGACTCGA,0,3619841
tmaR_predicted,0.2,4,4,CTCTCGCAACGTCAAGGGAT,0,3649634
tmaR_predicted,0.2,4,4,CTCGTGAGTGGCAATCTCTG,0,3622248
tmaR_predicted,0.2,4,4,CTCGGGTATTCCCAGAACGA,0,3647707
tmaR_predicted,0.2,4,4,CTCCTTTTCGCTTCCGAAAG,0,3637679
tmaR_predicted,0.2,4,4,CTCCTATGGGCACTAAAACT,0,3612815
tmaR_predicted,0.2,4,4,CTCCGGTTTATCCGCCATTT,0,3606347
tmaR_predicted,0.2,4,4,CTCCCCACGAGTTACAGACA,0,3645973
tmaR_predicted,0.2,4,4,CTCATCTTCTTCACTGCTGG,0,3611612
tmaR_predicted,0.2,4,4,CTCAGGAGACGTTGATCTGT,0,3633243
tmaR_predicted,0.2,4,4,CTCAGACTCCTCAGAGGGCT,0,3619395
tmaR_predicted,0.2,4,4,CTCACTGTGAGGAAGCTAAG,0,3631576
tmaR_predicted,0.2,4,4,CTCACATGGCGACTCGGTAC,0,3609672
tmaR_predicted,0.2,4,4,CTCAAGTGTTACAGGAAGAG,0,3616477
tmaR_predicted,0.2,4,4,CTATTTCACGGCTGGGGCGG,0,3616659
tmaR_predicted,0.2,4,4,CTATCGCAGCCCGCTCGTCA,0,3629805
tmaR_predicted,0.2,4,4,CTATCACCAAAGAGCATACC,0,3643778
tmaR_predicted,0.2,4,4,CTATACTTATTAAAGCTGTA,0,3646186
tmaR_predicted,0.2,4,4,CTAGTTACATGTAGACTAAA,0,3626702
tmaR_predicted,0.2,4,4,CTAGACGGGCATAGATTACA,0,3620448
tmaR_predicted,0.2,4,4,CTACAACGGGTGGCGGCCAG,0,3606318
tmaR_predicted,0.2,4,4,CTACAAACAGTCATGCGGAA,0,3639339
tmaR_predicted,0.2,4,4,CTAATGGCTTACGCTTGATG,0,3605340
tmaR_predicted,0.2,4,4,CTAATATGGACGGCCCATCA,0,3646355
tmaR_predicted,0.2,4,4,CTAATACATGATTGATTTCC,0,3646853
tmaR_predicted,0.2,4,4,CTAAGAGTGAATACCAGGGC,0,3632796
tmaR_predicted,0.2,4,4,CTAAGACTTCGTATGATAAC,0,3623372
tmaR_predicted,0.2,4,4,CTAAATAAGCGATACGAGGA,0,3632394
tmaR_predicted,0.2,4,4,CGTTTCTGTCCCCCTGAGGT,0,3627513
tmaR_predicted,0.2,4,4,CGTTCTTCCATTTGAAACTC,0,3611297
tmaR_predicted,0.2,4,4,CGTTCGCGAGGGCAAATCTC,0,3623151
tmaR_predicted,0.2,4,4,CGTGCGGTTGATCGCTTTAT,0,3617265
tmaR_predicted,0.2,4,4,CGTGATCGTGTGCTCAGGTG,0,3611871
tmaR_predicted,0.2,4,4,CGTCCCGGCTATGTCGGGAT,0,3647979
tmaR_predicted,0.2,4,4,CGTCACTCGATTTTTCTAAG,0,3610203
tmaR_predicted,0.2,4,4,CGTATGTTAGCCTCCGCTTA,0,3634641
tmaR_predicted,0.2,4,4,CGTATATAACTTTTATTAGT,0,3633129
tmaR_predicted,0.2,4,4,CGTATAACGGGGGACGGCCA,0,3612082
tmaR_predicted,0.2,4,4,CGTACTACGCTGAAATGGTT,0,3631831
tmaR_predicted,0.2,4,4,CGTAACGGAGTTGGATTTCA,0,3620313
tmaR_predicted,0.2,4,4,CGGTTGTACATTGGCTGTTG,0,3645701
tmaR_predicted,0.2,4,4,CGGTTCAGTACCCGGTGCCC,0,3611964
tmaR_predicted,0.2,4,4,CGGTATAGTTGCCGTCCCAT,0,3621794
tmaR_predicted,0.2,4,4,CGGGTCTCCGTTTGCCCACG,0,3626438
tmaR_predicted,0.2,4,4,CGGGTAGCAGATACCGGTTG,0,3630367
tmaR_predicted,0.2,4,4,CGGGGTTAGCAGAGCAGGTA,0,3632379
tmaR_predicted,0.2,4,4,CGGGCGAGCCACCTCGGAAC,0,3630228
tmaR_predicted,0.2,4,4,CGGGACTGACGCCCGGCAGA,0,3642575
tmaR_predicted,0.2,4,4,CGGGACAGGGGCTCTCTAAT,0,3606975
tmaR_predicted,0.2,4,4,CGGCAACTGGATGGCGTGTT,0,3644398
tmaR_predicted,0.2,4,4,CGGATTGAGCTTAGCACCAA,0,3625185
tmaR_predicted,0.2,4,4,CGGAGTAACCCCAGGGCTGT,0,3604941
tmaR_predicted,0.2,4,4,CGGACTTACTGTTTATCAAT,0,3606751
tmaR_predicted,0.2,4,4,CGCTAATACTGCCTGTCGTC,0,3617760
tmaR_predicted,0.2,4,4,CGCTAAGATACACGCCAGAC,0,3610172
tmaR_predicted,0.2,4,4,CGCGTTAGTGGCTGAACATC,0,3633771
tmaR_predicted,0.2,4,4,CGCGGCGACTGCAGCGAGCG,0,3620780
tmaR_predicted,0.2,4,4,CGCGATTACTATCATGAAAC,0,3626608
tmaR_predicted,0.2,4,4,CGCCTCATACGTCATGGGTA,0,3616785
tmaR_predicted,0.2,4,4,CGCAGCATTCGCGAACTTCC,0,3645863
tmaR_predicted,0.2,4,4,CGCAACACCCGCCCGGAATC,0,3620813
tmaR_predicted,0.2,4,4,CGATTAAGGTCACATAAATT,0,3617496
tmaR_predicted,0.2,4,4,CGATGTATACGTAACGGACC,0,3636235
tmaR_predicted,0.2,4,4,CGATGGGGTCGAAGAATAAG,0,3623018
tmaR_predicted,0.2,4,4,CGAGGGGGGTCCCTCATTCA,0,3631849
tmaR_predicted,0.2,4,4,CGAGGGAAAGCGAGCGACTT,0,3610094
tmaR_predicted,0.2,4,4,CGAGGAAACTTTCTACTCAG,0,3631220
tmaR_predicted,0.2,4,4,CGAGCATGCGCATGAGTGTC,0,3647347
tmaR_predicted,0.2,4,4,CGAGCACATAGTATATTGAT,0,3627644
tmaR_predicted,0.2,4,4,CGAGATTGGGCGTAGCCCCC,0,3613346
tmaR_predicted,0.2,4,4,CGACTCGGGCCAGTATACAA,0,3637445
tmaR_predicted,0.2,4,4,CGACCGGGCTTTGTCACGGT,0,3626844
tmaR_predicted,0.2,4,4,CGACATGTACAGGTACAGGT,0,3645810
tmaR_predicted,0.2,4,4,CGACAACTCCGATAAGTCTT,0,3643730
tmaR_predicted,0.2,4,4,CGAAGACTTGGGATTTGCTC,0,3622471
tmaR_predicted,0.2,4,4,CGAACTGATCGTGTGCGTCC,0,3632671
tmaR_predicted,0.2,4,4,CGAAATAGAAGCATTATAAC,0,3614841
tmaR_predicted,0.2,4,4,CCTTTCGGGGAGTATTAGGG,0,3620754
tmaR_predicted,0.2,4,4,CCTTCCGGGTGTTTACACTG,0,3631495
tmaR_predicted,0.2,4,4,CCTTCATGTCATGGTTGTAT,0,3621898
tmaR_predicted,0.2,4,4,CCTGTAGTGACCCTGAGGTA,0,3645056
tmaR_predicted,0.2,4,4,CCTGACGGTCCTAAGTCGAG,0,3627512
tmaR_predicted,0.2,4,4,CCTCTGGGGTTTAATGTGGC,0,3613294
tmaR_predicted,0.2,4,4,CCTCTCTGATTAGTGTGATA,0,3627282
tmaR_predicted,0.2,4,4,CCTCGCGGGATCATGGTGAG,0,3616135
tmaR_predicted,0.2,4,4,CCTCATCAGTTCACTGCTGT,0,3605471
tmaR_predicted,0.2,4,4,CCTCACCGCCCTATATTACT,0,3624769
tmaR_predicted,0.2,4,4,CCTAGAATGCTTCCACGCGA,0,3648197
tmaR_predicted,0.2,4,4,CCTACATCTCGAATGTCATT,0,3615119
tmaR_predicted,0.2,4,4,CCTACAACCGGAATGCGGGC,0,3609534
tmaR_predicted,0.2,4,4,CCGTGCGGAGTAACCACGTA,0,3624653
tmaR_predicted,0.2,4,4,CCGTCTTGCCCCGACCATAG,0,3640740
tmaR_predicted,0.2,4,4,CCGTATCGCAGCGCGATTCT,0,3631083
tmaR_predicted,0.2,4,4,CCGGCTTTGTCTCGCATCCG,0,3640802
tmaR_predicted,0.2,4,4,CCGGCTTTACAACGATTAAG,0,3649064
tmaR_predicted,0.2,4,4,CCGGCTATCACGCCAATTTG,0,3614388
tmaR_predicted,0.2,4,4,CCGGCCACGATAAGGTAAAG,0,3635508
tmaR_predicted,0.2,4,4,CCGCTTACGCTATTGTGGTA,0,3636556
tmaR_predicted,0.2,4,4,CCGCTGAGATCGACCTTTCT,0,3624647
tmaR_predicted,0.2,4,4,CCGCGTATACCAGGTGTACG,0,3640178
tmaR_predicted,0.2,4,4,CCGCGGTCAGACTGATGACT,0,3627026
tmaR_predicted,0.2,4,4,CCGCCTCGTACAATCACCGA,0,3615239
tmaR_predicted,0.2,4,4,CCGCCTATTAGAAGTCGTAT,0,3624190
tmaR_predicted,0.2,4,4,CCGCATGACGATGCCTAAAT,0,3642859
tmaR_predicted,0.2,4,4,CCGCACGCTCGCGTAAAGAT,0,3623609
tmaR_predicted,0.2,4,4,CCGATCAGCTATGTTTGATT,0,3606898
tmaR_predicted,0.2,4,4,CCCTAAGTACGGGGCGCACC,0,3607224
tmaR_predicted,0.2,4,4,CCCGTGCAATGAGTGCCCCA,0,3647742
tmaR_predicted,0.2,4,4,CCCGGTTTGTCTCGTGACGT,0,3639797
tmaR_predicted,0.2,4,4,CCCGGGCCGCCAAGAGGAGG,0,3604658
tmaR_predicted,0.2,4,4,CCCGGGACACCAACCCGATA,0,3635402
tmaR_predicted,0.2,4,4,CCCGCGTAATGTACACGGAG,0,3642353
tmaR_predicted,0.2,4,4,CCCGCGATGCTTTGGTCGTA,0,3626964
tmaR_predicted,0.2,4,4,CCCGCATCTTCGAGGGCTGT,0,3646021
tmaR_predicted,0.2,4,4,CCCCATGAGGAATCGGTTGG,0,3613174
tmaR_predicted,0.2,4,4,CCCACTGTGATAGTATGTAG,0,3638766
tmaR_predicted,0.2,4,4,CCCACGTGGGAATGGTCAAG,0,3628687
tmaR_predicted,0.2,4,4,CCATGGGGTAGTCCTTAAGA,0,3616552
tmaR_predicted,0.2,4,4,CCATGATGGTGGTTGCATCG,0,3629412
tmaR_predicted,0.2,4,4,CCAGGGGTGTCTTGGACCTC,0,3606255
tmaR_predicted,0.2,4,4,CCAGATAGACTCAGAACGGT,0,3610194
tmaR_predicted,0.2,4,4,CCACTGCAGAGCCGCTTTCC,0,3616931
tmaR_predicted,0.2,4,4,CCACTCGCCAAGATTTTCCT,0,3640903
tmaR_predicted,0.2,4,4,CCACCGCAATGTTAACCCGA,0,3644155
tmaR_predicted,0.2,4,4,CCACATTCCAGCGTAATCTC,0,3608208
tmaR_predicted,0.2,4,4,CCACATGTTGTTCATCTGGC,0,3610693
tmaR_predicted,0.2,4,4,CCACACGCCCCGGCGTCAGT,0,3629251
tmaR_predicted,0.2,4,4,CCAATGGAGAGTAAAGCAAT,0,3623245
tmaR_predicted,0.2,4,4,CCAATCAGGGCCCTAGCGCA,0,3626353
tmaR_predicted,0.2,4,4,CCAACGGTATGGTGGCAGTG,0,3618489
tmaR_predicted,0.2,4,4,CCAAAGAAGTCGCAGCCAAA,0,3613780
tmaR_predicted,0.2,4,4,CATTGATTGCATAGTGGACC,0,3648879
tmaR_predicted,0.2,4,4,CATTCCGCGGGCATTTGTGT,0,3618206
tmaR_predicted,0.2,4,4,CATTCATCGAAATTACCGGT,0,3627347
tmaR_predicted,0.2,4,4,CATTAACTGACCTGTATATG,0,3642980
tmaR_predicted,0.2,4,4,CATGTGACAAAGGCTTTCCT,0,3620589
tmaR_predicted,0.2,4,4,CATGGGAGCCCAGGCGGAGT,0,3616204
tmaR_predicted,0.2,4,4,CATGAAGCTGTGCACTATAG,0,3638218
tmaR_predicted,0.2,4,4,CATCTGGCATGGGTAACTTG,0,3624434
tmaR_predicted,0.2,4,4,CATCGGACCGACTTACAGGC,0,3604763
tmaR_predicted,0.2,4,4,CATCAGTTACCAAACACATG,0,3608054
tmaR_predicted,0.2,4,4,CATCAACTTCTCCACAGGAC,0,3618959
tmaR_predicted,0.2,4,4,CATATGCTGAATCGTTTCTC,0,3631494
tmaR_predicted,0.2,4,4,CATATAAATCTGGTGGTTAC,0,3630337
tmaR_predicted,0.2,4,4,CATAAAAGCTTATACGAGAA,0,3616322
tmaR_predicted,0.2,4,4,CAGTTTTTATTTGCTTACAA,0,3621644
tmaR_predicted,0.2,4,4,CAGTCTATCAGGCCTGTATC,0,3642898
tmaR_predicted,0.2,4,4,CAGTAGGTGATTATTCGGTG,0,3619245
tmaR_predicted,0.2,4,4,CAGTAGCCTAGTAGCTCTCA,0,3649886
tmaR_predicted,0.2,4,4,CAGTAACCGACATCCTGTCA,0,3612360
tmaR_predicted,0.2,4,4,CAGGTACTTGTGCCCGTCAG,0,3641525
tmaR_predicted,0.2,4,4,CAGGGTTCCACGGCGGTGAA,0,3629800
tmaR_predicted,0.2,4,4,CAGGCATCTAACTCCTTGGA,0,3634614
tmaR_predicted,0.2,4,4,CAGCAATAGATGGTCTTAGA,0,3620673
tmaR_predicted,0.2,4,4,CAGAGTGTAGCGCACCGTTA,0,3630819
tmaR_predicted,0.2,4,4,CAGACAGGGCCAACCACAGG,0,3609907
tmaR_predicted,0.2,4,4,CAGAAGCGTTGGGCAACAAT,0,3646455
tmaR_predicted,0.2,4,4,CACTTCTATGAACTCTCCGA,0,3626235
tmaR_predicted,0.2,4,4,CACTCGCACCTTTCAAAACA,0,3644303
tmaR_predicted,0.2,4,4,CACTATTGCAATTGGGAGAA,0,3648130
tmaR_predicted,0.2,4,4,CACGTCCTTTCCGGGTACAG,0,3623642
tmaR_predicted,0.2,4,4,CACGTCAAGTCGTATGGCTA,0,3627032
tmaR_predicted,0.2,4,4,CACGGTCGATGTTTTAGCTA,0,3604296
tmaR_predicted,0.2,4,4,CACGGTCAGCCTAGGGTTTT,0,3617626
tmaR_predicted,0.2,4,4,CACGCCCTGCGGTCGTACGC,0,3626972
tmaR_predicted,0.2,4,4,CACGACCCATCTTAAAACTA,0,3605097
tmaR_predicted,0.2,4,4,CACGAACATCATCGTTGATG,0,3627613
tmaR_predicted,0.2,4,4,CACCATTCCCATACCGGTCC,0,3608310
tmaR_predicted,0.2,4,4,CACATAGGCTAACGCAGTAA,0,3607318
tmaR_predicted,0.2,4,4,CAATTCGGTCGATGGGGCTT,0,3612007
tmaR_predicted,0.2,4,4,CAATACTCTCCGCTTGCCGC,0,3632355
tmaR_predicted,0.2,4,4,CAAGTCAGCTTCTGTTCTCA,0,3604021
tmaR_predicted,0.2,4,4,CAAGGACACGTACCCGGAGT,0,3605384
tmaR_predicted,0.2,4,4,CAAGGAAGGCCCGTATGCGG,0,3621915
tmaR_predicted,0.2,4,4,CAAGATTGTCAACCTTCTCG,0,3607617
tmaR_predicted,0.2,4,4,CAACTATCGCTAGTTGGTGA,0,3616077
tmaR_predicted,0.2,4,4,CAACGAAAACTCGCGACCAT,0,3610694
tmaR_predicted,0.2,4,4,CAACCAAACGGCACTGGTGC,0,3645233
tmaR_predicted,0.2,4,4,CAAATCCGGGTAAGTAGTGA,0,3638273
tmaR_predicted,0.2,4,4,CAAATAAGGATAGTGCGCTC,0,3633698
tmaR_predicted,0.2,4,4,CAAAAATCGTTATACTCCAT,0,3631299
tmaR_predicted,0.2,4,4,ATTTCGTTGCGGGGGCTTGA,0,3610139
tmaR_predicted,0.2,4,4,ATTTCCTGTGGCCATAAAGC,0,3620710
tmaR_predicted,0.2,4,4,ATTGTGCAATACTGCGCCGG,0,3621060
tmaR_predicted,0.2,4,4,ATTGGATACGGCACACCAGT,0,3636021
tmaR_predicted,0.2,4,4,ATTGCTGACAGTATCGGCTC,0,3620819
tmaR_predicted,0.2,4,4,ATTGCGTGCCGCTTAGATCG,0,3632160
tmaR_predicted,0.2,4,4,ATTGATGCCGAGCGCGATGC,0,3633654
tmaR_predicted,0.2,4,4,ATTCTTCTGGAAAGCACATC,0,3624539
tmaR_predicted,0.2,4,4,ATTCTATCTGAACCTCATAT,0,3611545
tmaR_predicted,0.2,4,4,ATTCGGTGTGTGGTTCGGAT,0,3624552
tmaR_predicted,0.2,4,4,ATTCCTTTGCAATGCACGGC,0,3638418
tmaR_predicted,0.2,4,4,ATTCAGCGCGATCCTTGGTG,0,3622537
tmaR_predicted,0.2,4,4,ATTCAGCAGAGGACCCTGTT,0,3634923
tmaR_predicted,0.2,4,4,ATTCAACAGGATAAAACGAA,0,3623722
tmaR_predicted,0.2,4,4,ATTATTCGGTTGCGCTGAGA,0,3630770
tmaR_predicted,0.2,4,4,ATTAGGTAGATTTCCGTTCC,0,3632086
tmaR_predicted,0.2,4,4,ATTAGAGTTTTCGAGTGATG,0,3615163
tmaR_predicted,0.2,4,4,ATTACGTTGCAAGCAATTGA,0,3649771
tmaR_predicted,0.2,4,4,ATTACGAATTTATCGTACTG,0,3638852
tmaR_predicted,0.2,4,4,ATGTTGGTCAGTAGCACACC,0,3639508
tmaR_predicted,0.2,4,4,ATGTCATTGTCACATGTATT,0,3623378
tmaR_predicted,0.2,4,4,ATGGTAACATACGCCTACAG,0,3605484
tmaR_predicted,0.2,4,4,ATGGGTCGGCTACTGTGATT,0,3619919
tmaR_predicted,0.2,4,4,ATGGGAAGGTAACCAAATCC,0,3633846
tmaR_predicted,0.2,4,4,ATGGCTCACATTGTTCGTGA,0,3637964
tmaR_predicted,0.2,4,4,ATGCTTTCAGGACACGGCGG,0,3605635
tmaR_predicted,0.2,4,4,ATGCTAGCGAGTGCTCATTA,0,3645561
tmaR_predicted,0.2,4,4,ATGCGTGGCCCGACAACACG,0,3617044
tmaR_predicted,0.2,4,4,ATGCGCCATCTCAGAGGCAA,0,3643034
tmaR_predicted,0.2,4,4,ATGCGACGTGTGTGGAGGCC,0,3649452
tmaR_predicted,0.2,4,4,ATGAGTTGGGGTTTGGCGTT,0,3627813
tmaR_predicted,0.2,4,4,ATGAATAAAAGTAATCGCGC,0,3627934
tmaR_predicted,0.2,4,4,ATGAAGGTCCTACGGGTTCT,0,3639436
tmaR_predicted,0.2,4,4,ATCGGAGTACGCCGGCCCTC,0,3630442
tmaR_predicted,0.2,4,4,ATCCGTGTACAGGGGCCTAA,0,3618050
tmaR_predicted,0.2,4,4,ATCCCGCGTACGTCGTACGG,0,3618485
tmaR_predicted,0.2,4,4,ATCCCGAAAGTGGGGCTCAG,0,3630036
tmaR_predicted,0.2,4,4,ATCCCCCAATTTAATGAGTG,0,3607123
tmaR_predicted,0.2,4,4,ATCATGTCTCAGACACCAGT,0,3647427
tmaR_predicted,0.2,4,4,ATCAGTGCGCTGTCATCCTG,0,3648501
tmaR_predicted,0.2,4,4,ATCAAATAGCTCCGATATTC,0,3609902
tmaR_predicted,0.2,4,4,ATATGGCACCGACTTCTCGG,0,3608540
tmaR_predicted,0.2,4,4,ATATCAGCTTCCCTGTCCGC,0,3612003
tmaR_predicted,0.2,4,4,ATATATATTGCTTCCAGGGG,0,3640876
tmaR_predicted,0.2,4,4,ATAGCGAAGGGTTCTCAGTG,0,3606605
tmaR_predicted,0.2,4,4,ATAGCCTGACGTTTTGAATT,0,3640571
tmaR_predicted,0.2,4,4,ATAGAATGGAATCATTGAAG,0,3612135
tmaR_predicted,0.2,4,4,ATACGCGTCGCAAGTTATCC,0,3608689
tmaR_predicted,0.2,4,4,ATACACCCGCGATTTTCGCA,0,3639870
tmaR_predicted,0.2,4,4,ATAAGGTAGTTGGCACGGTT,0,3645696
tmaR_predicted,0.2,4,4,ATAACGTTGTACCAAGATGT,0,3645673
tmaR_predicted,0.2,4,4,ATAACCAACGGTGAAGTCCG,0,3636425
tmaR_predicted,0.2,4,4,AGTTTTCTTCATTCGTAGAT,0,3616913
tmaR_predicted,0.2,4,4,AGTTCTGGCATTTCATTAGA,0,3613884
tmaR_predicted,0.2,4,4,AGTTATTGAACAGAGGGGAA,0,3648992
tmaR_predicted,0.2,4,4,AGTTAGTTAGTCTCCGAATC,0,3646934
tmaR_predicted,0.2,4,4,AGTTAGGGGTGCGTGGGTAG,0,3633003
tmaR_predicted,0.2,4,4,AGTTACGGGTTCACATTCTG,0,3621366
tmaR_predicted,0.2,4,4,AGTTAAGCAAGGTGTAAAGG,0,3622618
tmaR_predicted,0.2,4,4,AGTGTGCTAGGCGATTGCAT,0,3631386
tmaR_predicted,0.2,4,4,AGTGGCAAAGTTACTACGGA,0,3615293
tmaR_predicted,0.2,4,4,AGTGGAAATATGTAGGGACT,0,3646652
tmaR_predicted,0.2,4,4,AGTCGCGCTCAGCGATGGGT,0,3643367
tmaR_predicted,0.2,4,4,AGTCGAGCTATCTGCCCGAC,0,3610732
tmaR_predicted,0.2,4,4,AGTCGAAGGATACGCGTATA,0,3606451
tmaR_predicted,0.2,4,4,AGTAGCGAGTACTCAGCTCG,0,3643698
tmaR_predicted,0.2,4,4,AGTAGATCCTCATGCATACT,0,3624765
tmaR_predicted,0.2,4,4,AGTACAAAGCATTTTCACTA,0,3646076
tmaR_predicted,0.2,4,4,AGTAAGCGCTGTTGGCTCCA,0,3616694
tmaR_predicted,0.2,4,4,AGGTTAGTACCAAGTGAGAG,0,3611776
tmaR_predicted,0.2,4,4,AGGTGCTTGGTGGAAGCGCG,0,3641212
tmaR_predicted,0.2,4,4,AGGTCTTAGGGACAAATAGT,0,3614990
tmaR_predicted,0.2,4,4,AGGTCTACCGCTCGGTAGCA,0,3612586
tmaR_predicted,0.2,4,4,AGGTCCTCCGAGTATCTTTT,0,3604216
tmaR_predicted,0.2,4,4,AGGTAATTTAATTCGCTTAG,0,3608673
tmaR_predicted,0.2,4,4,AGGGTCAGCGGCGCGTCTTG,0,3621542
tmaR_predicted,0.2,4,4,AGGGTAAATAACGTTTGTTT,0,3606152
tmaR_predicted,0.2,4,4,AGGGCAACATTTGCACCGGA,0,3610263
tmaR_predicted,0.2,4,4,AGGCGATTAACGTTGACAAC,0,3606574
tmaR_predicted,0.2,4,4,AGGCCCTCACCATTCTACTC,0,3638966
tmaR_predicted,0.2,4,4,AGGCAAAATCAGTGGCAACG,0,3606300
tmaR_predicted,0.2,4,4,AGGATAAAAGATTGGAGACG,0,3631697
tmaR_predicted,0.2,4,4,AGGAGTTTGCTTGCAAAAAT,0,3615624
tmaR_predicted,0.2,4,4,AGGAGTAGGCCATCTGAGTA,0,3608355
tmaR_predicted,0.2,4,4,AGCTGTTGGCACTTTTTAGT,0,3648559
tmaR_predicted,0.2,4,4,AGCTGGTCGTCCGCCATTCT,0,3623984
tmaR_predicted,0.2,4,4,AGCTGATGATCAGTATGTGC,0,3631908
tmaR_predicted,0.2,4,4,AGCTAAACTCGACTTCGCAG,0,3618214
tmaR_predicted,0.2,4,4,AGCCATAGCCGATGCCGGGC,0,3604027
tmaR_predicted,0.2,4,4,AGCCAACCATCAGAACGTGT,0,3632011
tmaR_predicted,0.2,4,4,AGATTTAGGACGGTCATGGC,0,3635105
tmaR_predicted,0.2,4,4,AGATGATTTTTTCGAACCGA,0,3606959
tmaR_predicted,0.2,4,4,AGATACCAGCCACACGTGTT,0,3611793
tmaR_predicted,0.2,4,4,AGAGCGCCGTGGTGATATCA,0,3606317
tmaR_predicted,0.2,4,4,AGAGCCCGGTTCAAAACCGA,0,3619289
tmaR_predicted,0.2,4,4,AGAGACGTACGAGCGTGCCC,0,3634711
tmaR_predicted,0.2,4,4,AGACAGTGCTCATAGCATGG,0,3633052
tmaR_predicted,0.2,4,4,AGACACAGCACCGTTGCCTA,0,3631647
tmaR_predicted,0.2,4,4,AGAATCAACTCATTGTCAGT,0,3637723
tmaR_predicted,0.2,4,4,AGAAACTCAACATTGACTTC,0,3630192
tmaR_predicted,0.2,4,4,AGAAACCTAAAATTTAACTT,0,3649799
tmaR_predicted,0.2,4,4,ACTTTGCGAAGTTCTTTGTA,0,3606117
tmaR_predicted,0.2,4,4,ACTTCTTTGGGGAGGGCTCT,0,3637527
tmaR_predicted,0.2,4,4,ACTGCTCACTGGGTCCATAC,0,3620254
tmaR_predicted,0.2,4,4,ACTGCACAGCCTGTTTTACG,0,3637582
tmaR_predicted,0.2,4,4,ACTCGTCTATTAGCGGATTA,0,3639532
tmaR_predicted,0.2,4,4,ACTCGGCAAGAGGACGCATC,0,3647559
tmaR_predicted,0.2,4,4,ACTCCTGGGCATGAACTATC,0,3647437
tmaR_predicted,0.2,4,4,ACTACTTTTAGCGATAGAGC,0,3619466
tmaR_predicted,0.2,4,4,ACGTTTCGTTATGAGGTCAG,0,3626900
tmaR_predicted,0.2,4,4,ACGTTCAGGCAGTGTGAGAT,0,3618802
tmaR_predicted,0.2,4,4,ACGTGAGATATTTTAATAGC,0,3611442
tmaR_predicted,0.2,4,4,ACGTACAACAGCGCCGGTAG,0,3615171
tmaR_predicted,0.2,4,4,ACGGTATAGGTTAGATCACA,0,3634171
tmaR_predicted,0.2,4,4,ACGGGGGACGAGGATTGACA,0,3610058
tmaR_predicted,0.2,4,4,ACGGGAGCGACGTGTCTGAC,0,3635724
tmaR_predicted,0.2,4,4,ACGGCGTTAGCACCAGAGAA,0,3644528
tmaR_predicted,0.2,4,4,ACGGAGACTACTAAACCAGG,0,3645685
tmaR_predicted,0.2,4,4,ACGCTGATCCCAACGCGTAG,0,3644071
tmaR_predicted,0.2,4,4,ACGCGGTCACGGAAATCAAG,0,3619855
tmaR_predicted,0.2,4,4,ACGCACTGTTAATAGTCACT,0,3629300
tmaR_predicted,0.2,4,4,ACCTAACCTGTCCTAACGGA,0,3627823
tmaR_predicted,0.2,4,4,ACCGGGAATGTCCACATACC,0,3648148
tmaR_predicted,0.2,4,4,ACCGAATTTTGCGGGTGGGG,0,3605691
tmaR_predicted,0.2,4,4,ACCCCGCAGACGGTGTTCAG,0,3616557
tmaR_predicted,0.2,4,4,ACCCATGGTTCTCGTTTTTA,0,3638999
tmaR_predicted,0.2,4,4,ACCAGGCTTCCCAGGGAGGC,0,3626499
tmaR_predicted,0.2,4,4,ACCAGACTATTATGCTAGTT,0,3625712
tmaR_predicted,0.2,4,4,ACCAAGTATTCAATGTGCAA,0,3611519
tmaR_predicted,0.2,4,4,ACCAACGCCTCGTCTTGGCA,0,3633785
tmaR_predicted,0.2,4,4,ACCAACACAGGCATTGCAAG,0,3639502
tmaR_predicted,0.2,4,4,ACCAAAGGGATTGGTTGTGC,0,3643936
tmaR_predicted,0.2,4,4,ACATTAGGGCTTACGGCTAA,0,3642669
tmaR_predicted,0.2,4,4,ACATCAAAGGGGCGGCCCTA,0,3639814
tmaR_predicted,0.2,4,4,ACATACAGGCCAGTGCCAGG,0,3604917
tmaR_predicted,0.2,4,4,ACATAATGTACACGCCATCT,0,3617020
tmaR_predicted,0.2,4,4,ACAGCGCAGTATGGGGGGCT,0,3606108
tmaR_predicted,0.2,4,4,ACAGAGTCGTTAAGACAGCA,0,3643659
tmaR_predicted,0.2,4,4,ACAGAGGCGCTGTGAGACTG,0,3647660
tmaR_predicted,0.2,4,4,ACACGGGGCATCTGTTGGCA,0,3635187
tmaR_predicted,0.2,4,4,ACACCGTGATCTATGATACA,0,3607996
tmaR_predicted,0.2,4,4,ACACCCCTTAATCACAGTCT,0,3625902
tmaR_predicted,0.2,4,4,ACAATCTCGCGACAAGGACG,0,3616063
tmaR_predicted,0.2,4,4,ACAATCGGAGGCGTAGCAAG,0,3637933
tmaR_predicted,0.2,4,4,ACAACGAGAATGGGATTCTG,0,3644405
tmaR_predicted,0.2,4,4,AATTAGACGTTTGGCATTTA,0,3632407
tmaR_predicted,0.2,4,4,AATTACGCGGGGACAGCTCA,0,3631170
tmaR_predicted,0.2,4,4,AATGTCGCCATCTTTCAGCC,0,3614101
tmaR_predicted,0.2,4,4,AATGCTTGAATATCAATGTA,0,3616143
tmaR_predicted,0.2,4,4,AATGCGCAAAGCTACACTAG,0,3633429
tmaR_predicted,0.2,4,4,AATGATCGATAGTGTGATGA,0,3613283
tmaR_predicted,0.2,4,4,AATCCAATCGCTGTGCTGGC,0,3640824
tmaR_predicted,0.2,4,4,AATCAGAAGGAGTTTACCGT,0,3632252
tmaR_predicted,0.2,4,4,AATATTAATCGCATTTGCCT,0,3625511
tmaR_predicted,0.2,4,4,AATACGTCGCGGCCTCGCCA,0,3612873
tmaR_predicted,0.2,4,4,AATAATTAAGTCCTGAGGCG,0,3626116
tmaR_predicted,0.2,4,4,AATAAGAGCATATAGGCGGT,0,3611805
tmaR_predicted,0.2,4,4,AAGTGAGTATGTCAACCATC,0,3636512
tmaR_predicted,0.2,4,4,AAGTCCCAAAACCAAGATCA,0,3615848
tmaR_predicted,0.2,4,4,AAGTACAGGGGGATACTGTC,0,3610986
tmaR_predicted,0.2,4,4,AAGGTTATATAGTGATCGTA,0,3638806
tmaR_predicted,0.2,4,4,AAGGTGTCCTGCTGTATTCA,0,3624745
tmaR_predicted,0.2,4,4,AAGGTCTCGATGAGCCCGCA,0,3628358
tmaR_predicted,0.2,4,4,AAGGGTAGCGGCCGTAGGCT,0,3611610
tmaR_predicted,0.2,4,4,AAGGGGTAACGCATACTTCT,0,3645253
tmaR_predicted,0.2,4,4,AAGGGCCAGCCACGAGTGTA,0,3614225
tmaR_predicted,0.2,4,4,AAGGCCATTACGTGATCTAC,0,3636552
tmaR_predicted,0.2,4,4,AAGGATCTGATTCTTCCGCT,0,3645686
tmaR_predicted,0.2,4,4,AAGGAGCTAAACGAGCCGCG,0,3622541
tmaR_predicted,0.2,4,4,AAGCAGTTGCCTAGGTTGGA,0,3649960
tmaR_predicted,0.2,4,4,AAGCAGACACCACTGCAGGA,0,3605248
tmaR_predicted,0.2,4,4,AAGAAGGTACCTGTCATCCC,0,3642752
tmaR_predicted,0.2,4,4,AACTTGGGTATACTTGAGAC,0,3635082
tmaR_predicted,0.2,4,4,AACTCCACGGCCCCAGCGTA,0,3633200
tmaR_predicted,0.2,4,4,AACGTAATCGTGTTCGACCT,0,3632469
tmaR_predicted,0.2,4,4,AACGGCGCTACAGTAAATGA,0,3639126
tmaR_predicted,0.2,4,4,AACGGATGAGGAGTCGATGC,0,3609316
tmaR_predicted,0.2,4,4,AACGCTCGTGAGCCCTCCAC,0,3629448
tmaR_predicted,0.2,4,4,AACATGTCAGTAAAAGCGTG,0,3622212
tmaR_predicted,0.2,4,4,AACATGGGCAACATATGGCA,0,3607445
tmaR_predicted,0.2,4,4,AACATGATCGGTATTTGCCA,0,3641919
tmaR_predicted,0.2,4,4,AAATTTTCACGCGGGGATAA,0,3626384
tmaR_predicted,0.2,4,4,AAATTCAGGAGGCATAGCGA,0,3620695
tmaR_predicted,0.2,4,4,AAATGTTTCAGAAAGATGCA,0,3604285
tmaR_predicted,0.2,4,4,AAATGTCTGTAAGATGGACA,0,3607607
tmaR_predicted,0.2,4,4,AAAGGATCATTCCTAAAGTG,0,3620000
tmaR_predicted,0.2,4,4,AAAGCGAGCCAGATGATCCT,0,3626747
tmaR_predicted,0.2,4,4,AAAGAAATGGGCATCCTTAT,0,3631882
tmaR_predicted,0.2,4,4,AAACTGCGAGTTCCTGGACT,0,3627220
tmaR_predicted,0.2,4,4,AAACTAGCGTACCAAGTTTT,0,3605220
tmaR_predicted,0.2,4,4,AAAATCTGTTGTGGAGCCGC,0,3628984
tmaR_predicted,0.2,4,4,AAAACTTACCCCAACCAAGA,0,3645426
tmaR_predicted,0.2,4,4,AAAACCCGTAAAGTGTCCGG,0,3635100
tmaR_predicted,0.2,4,4,AAAACCCCGTAGTGATTTCA,0,3618620
tmaR_predicted,0.2,4,4,AAAAACGCAAAAATCGGTAC,0,3610046
tmaR_predicted,0.25,3,3,TTTTTGGTAGCCCGACACCA,0,3606598
tmaR_predicted,0.25,3,3,TTTTTATGAACACATCGGCC,0,3613335
tmaR_predicted,0.25,3,3,TTTTCTCGCGCCTAACTTTC,0,3607794
tmaR_predicted,0.25,3,3,TTTTCAAGAGTCGTGTCCAT,0,3627223
tmaR_predicted,0.25,3,3,TTTTACCGGGATTCCCATTG,0,3606475
tmaR_predicted,0.25,3,3,TTTTAACTTCCGGTGCCTCC,0,3629939
tmaR_predicted,0.25,3,3,TTTGAACGGGAATTAACCTC,0,3619195
tmaR_predicted,0.25,3,3,TTTCTGGTGTGGCAGGGTCA,0,3630674
tmaR_predicted,0.25,3,3,TTTCTCCAGCTCTTTTCAAC,0,3644794
tmaR_predicted,0.25,3,3,TTTCTCAGTGGTCCGAGCCG,0,3607423
tmaR_predicted,0.25,3,3,TTTCGTTGTCACCCCAAAGA,0,3637384
tmaR_predicted,0.25,3,3,TTTCGTGTAGTGGGTACTGG,0,3607374
tmaR_predicted,0.25,3,3,TTTCGTGGTTAGGTGCCACA,0,3607394
tmaR_predicted,0.25,3,3,TTTCGAAGGGACAGGAACCC,0,3611067
tmaR_predicted,0.25,3,3,TTTAGATGAGTTTCAAGCGC,0,3635935
tmaR_predicted,0.25,3,3,TTTAAAAGTAGGTTCATCCG,0,3636811
tmaR_predicted,0.25,3,3,TTGTTGTGTCTCACAGATTT,0,3634393
tmaR_predicted,0.25,3,3,TTGTGCGATGTACGCCTCCA,0,3620215
tmaR_predicted,0.25,3,3,TTGTACGCAAGTCGGTAGTA,0,3642843
tmaR_predicted,0.25,3,3,TTGTACCGCTGTCAATACGG,0,3639967
tmaR_predicted,0.25,3,3,TTGGTTTTCGAAAGATAGCA,0,3605236
tmaR_predicted,0.25,3,3,TTGGCTTATATATATCAGAC,0,3647712
tmaR_predicted,0.25,3,3,TTGCTGCCCGGGGAGGCATG,0,3639523
tmaR_predicted,0.25,3,3,TTGCTCCTAATTTGGTACGA,0,3637827
tmaR_predicted,0.25,3,3,TTGCGATTTTGGGTTATCAA,0,3638605
tmaR_predicted,0.25,3,3,TTGAGTTATTTCGGGTGCTC,0,3610937
tmaR_predicted,0.25,3,3,TTGAGAACTCGCGTTCCACT,0,3632529
tmaR_predicted,0.25,3,3,TTGACCAGCCCCACGAAGAA,0,3611865
tmaR_predicted,0.25,3,3,TTCTGGGTTCGTTGGGCTGG,0,3604416
tmaR_predicted,0.25,3,3,TTCTGCGGGCTTGTGGCAAT,0,3616857
tmaR_predicted,0.25,3,3,TTCTCAAGAGTTTAGAATAC,0,3649685
tmaR_predicted,0.25,3,3,TTCGTCGGAGCGCGTTGGCT,0,3635950
tmaR_predicted,0.25,3,3,TTCGGTCCTGGTACCAGGAC,0,3607202
tmaR_predicted,0.25,3,3,TTCGCCTTGGTGAACTCATG,0,3636381
tmaR_predicted,0.25,3,3,TTCCGGGCTGGATCGAGACA,0,3642642
tmaR_predicted,0.25,3,3,TTCCCACCGAAACGGCCGAT,0,3612691
tmaR_predicted,0.25,3,3,TTCCAGCCCGCACCCTCGCG,0,3641402
tmaR_predicted,0.25,3,3,TTCCAGACGCGCATCGGGTT,0,3616895
tmaR_predicted,0.25,3,3,TTCAGTGAAGTTACGTAGGA,0,3645758
tmaR_predicted,0.25,3,3,TTCAGAAGCGGTAAACCTGG,0,3633418
tmaR_predicted,0.25,3,3,TTCACCTGGAGAGTTCGGGG,0,3644254
tmaR_predicted,0.25,3,3,TTCACCTCTTGAAGTCCAGA,0,3607358
tmaR_predicted,0.25,3,3,TTCAATCGGTCAAGCGAGTA,0,3618305
tmaR_predicted,0.25,3,3,TTCAAGCTGTAGGTAGGGGG,0,3645678
tmaR_predicted,0.25,3,3,TTATTCCTCAGACTTGGACT,0,3615622
tmaR_predicted,0.25,3,3,TTATTAATGGACCGGAATTT,0,3610966
tmaR_predicted,0.25,3,3,TTATATGGGGAATGTGGTGT,0,3608084
tmaR_predicted,0.25,3,3,TTATACGACGCCAAGAGACA,0,3614659
tmaR_predicted,0.25,3,3,TTATAATCCGGGATGAGCTG,0,3643741
tmaR_predicted,0.25,3,3,TTAGTCGTACACCATCACAC,0,3644396
tmaR_predicted,0.25,3,3,TTAGTCCAGGGCGCTCCTTT,0,3609937
tmaR_predicted,0.25,3,3,TTAGGGACTTCTGGAAGTTT,0,3611766
tmaR_predicted,0.25,3,3,TTAGCGCTTAAGATAATCAA,0,3646959
tmaR_predicted,0.25,3,3,TTAGCGCCGGAGACCAGTTT,0,3625375
tmaR_predicted,0.25,3,3,TTACGGCGCATCACAGATTA,0,3637949
tmaR_predicted,0.25,3,3,TTACCTCTACGGTACGAACT,0,3610390
tmaR_predicted,0.25,3,3,TTACCGAAGCACTCACCATA,0,3625880
tmaR_predicted,0.25,3,3,TTAAGATAACCGACCTCCGG,0,3647145
tmaR_predicted,0.25,3,3,TTAACGAAGTCCAACGACTT,0,3645586
tmaR_predicted,0.25,3,3,TTAAATCATGCTTGGTTGAT,0,3608591
tmaR_predicted,0.25,3,3,TTAAAACGGCCACGGACAGA,0,3644916
tmaR_predicted,0.25,3,3,TGTTCGGCGCGCCGCCTTAT,0,3623594
tmaR_predicted,0.25,3,3,TGTTCAACTTTTTATCTTTT,0,3640282
tmaR_predicted,0.25,3,3,TGTTATCTACCGAAGGCTGG,0,3610065
tmaR_predicted,0.25,3,3,TGTTAGAGAGCGGACATCGG,0,3623797
tmaR_predicted,0.25,3,3,TGTGTGGAGTGATTTTGGTT,0,3613510
tmaR_predicted,0.25,3,3,TGTGGTCGGTGGCACAGACA,0,3629140
tmaR_predicted,0.25,3,3,TGTGACCGTAGTTCTAGAGA,0,3613308
tmaR_predicted,0.25,3,3,TGTCTCTTTAATGAAGACCA,0,3638389
tmaR_predicted,0.25,3,3,TGTCTAATCGGGCACAGGAG,0,3617698
tmaR_predicted,0.25,3,3,TGTCGGTGCCTCACAGAACA,0,3604527
tmaR_predicted,0.25,3,3,TGTCGCGCTGCAGACGCTTC,0,3638067
tmaR_predicted,0.25,3,3,TGTCCTCTTGAAGGGTGCCG,0,3630501
tmaR_predicted,0.25,3,3,TGTCCTAGCTTTAGCACATC,0,3629566
tmaR_predicted,0.25,3,3,TGTCCATAACAGTGGAAGCA,0,3646549
tmaR_predicted,0.25,3,3,TGTCCAGACGTAGCGCATCT,0,3606613
tmaR_predicted,0.25,3,3,TGTCATATGGTAGTTTGTCA,0,3631266
tmaR_predicted,0.25,3,3,TGTATCCCTCATCATTAAAA,0,3609705
tmaR_predicted,0.25,3,3,TGTAGCGCTCACCATGTAGA,0,3622885
tmaR_predicted,0.25,3,3,TGTACCATTTACAGATATAT,0,3649449
tmaR_predicted,0.25,3,3,TGTACAATCGGAACAGTACC,0,3633915
tmaR_predicted,0.25,3,3,TGTAAGCGCTCGTCCGTCAG,0,3639931
tmaR_predicted,0.25,3,3,TGTAAGCCCCGGTACCGTAC,0,3636987
tmaR_predicted,0.25,3,3,TGTAACCACCCTGGGAAATA,0,3649727
tmaR_predicted,0.25,3,3,TGTAAAGGCTTGCGCGGATC,0,3618560
tmaR_predicted,0.25,3,3,TGGTTCACTCTCAGCGCTGT,0,3607704
tmaR_predicted,0.25,3,3,TGGTGTGGGCACTCGAATCT,0,3642977
tmaR_predicted,0.25,3,3,TGGTGATCGGCCAGGGAACC,0,3608704
tmaR_predicted,0.25,3,3,TGGTCCTAATTGCGAGGCCT,0,3641818
tmaR_predicted,0.25,3,3,TGGTCCGTCCAAGCAGGACA,0,3629962
tmaR_predicted,0.25,3,3,TGGTCCAGTTAGCGTGACCC,0,3612827
tmaR_predicted,0.25,3,3,TGGGTTTGGCGCACCATTAA,0,3644323
tmaR_predicted,0.25,3,3,TGGGGAGCAAAGCTATTTTA,0,3631247
tmaR_predicted,0.25,3,3,TGGCTTTTAACTTCTGGAGC,0,3624775
tmaR_predicted,0.25,3,3,TGGCTTGCACCCGGATAAGA,0,3618975
tmaR_predicted,0.25,3,3,TGGCTGGGGACGGACCTCTT,0,3619410
tmaR_predicted,0.25,3,3,TGGCTCCACCGTGTGTGCGT,0,3645655
tmaR_predicted,0.25,3,3,TGGCTATTGGCGCTAAACGA,0,3612172
tmaR_predicted,0.25,3,3,TGGCTATCATATTTGACGGG,0,3642280
tmaR_predicted,0.25,3,3,TGGCGTTATGACCGTCCACA,0,3634144
tmaR_predicted,0.25,3,3,TGGCGTGCCGGTGTGCTAGA,0,3617490
tmaR_predicted,0.25,3,3,TGGCGCGCTCCCAATCTGGG,0,3625573
tmaR_predicted,0.25,3,3,TGGATGTCCTTTTCACGTGT,0,3630011
tmaR_predicted,0.25,3,3,TGCTTTCCTCGAGCCGTGGT,0,3606720
tmaR_predicted,0.25,3,3,TGCTGCCTACAGGCCCTGGC,0,3606244
tmaR_predicted,0.25,3,3,TGCTCTGGCTAACGTACAGT,0,3616454
tmaR_predicted,0.25,3,3,TGCTCTATGTGATCGGTAAG,0,3604449
tmaR_predicted,0.25,3,3,TGCTCGTCCTGTCTATCGCT,0,3620999
tmaR_predicted,0.25,3,3,TGCTCGTACGCAAACGCGCA,0,3623785
tmaR_predicted,0.25,3,3,TGCGGTGCTTGGTTTGGGGA,0,3618137
tmaR_predicted,0.25,3,3,TGCGCCGATTTCGTCCAGAT,0,3613629
tmaR_predicted,0.25,3,3,TGCCTGGGTACTTCCCTGAC,0,3620169
tmaR_predicted,0.25,3,3,TGCCGTGTTGGTTTCATTCG,0,3639980
tmaR_predicted,0.25,3,3,TGCCGCCGTACACGTTCCCA,0,3624414
tmaR_predicted,0.25,3,3,TGCCCAATGTTTCCCGGCAG,0,3639579
tmaR_predicted,0.25,3,3,TGCACCTGCAGCTCATGACA,0,3609784
tmaR_predicted,0.25,3,3,TGATTTCAATACCTAGGTGA,0,3632850
tmaR_predicted,0.25,3,3,TGATGGGTATAGCGCTCAAT,0,3618012
tmaR_predicted,0.25,3,3,TGATGGGACTGTGTGGTCAT,0,3637884
tmaR_predicted,0.25,3,3,TGAGGAGTGTCCTACGCCCA,0,3640302
tmaR_predicted,0.25,3,3,TGAGATTGACGGAAGATCTA,0,3641728
tmaR_predicted,0.25,3,3,TGACTGGTGACGAGCCAAAT,0,3638818
tmaR_predicted,0.25,3,3,TGACTGGCAACTTGATAATG,0,3614959
tmaR_predicted,0.25,3,3,TGACTCAAAAATCGCGTTCT,0,3615654
tmaR_predicted,0.25,3,3,TGACGCAAGGCTCTTACTGT,0,3639522
tmaR_predicted,0.25,3,3,TGACCCGGTCTGGTGATTTT,0,3610063
tmaR_predicted,0.25,3,3,TGACATTAGCCGCTCACGGC,0,3638369
tmaR_predicted,0.25,3,3,TGACACCACGATGAACTCAG,0,3613012
tmaR_predicted,0.25,3,3,TGAATGGAGCAAATGCACAC,0,3642133
tmaR_predicted,0.25,3,3,TGAATCGTTGCGTCCACAGT,0,3631043
tmaR_predicted,0.25,3,3,TGAATAGCACACAGTGCATC,0,3649182
tmaR_predicted,0.25,3,3,TGAAGACCACCTCCCGTGTG,0,3634534
tmaR_predicted,0.25,3,3,TGAACCAAACTCATTTTAGA,0,3641775
tmaR_predicted,0.25,3,3,TGAACACGGGCGCGGTCTAA,0,3609311
tmaR_predicted,0.25,3,3,TCTTGGATCAGAGGAGTGAC,0,3605208
tmaR_predicted,0.25,3,3,TCTTAGATTGAACGCGGAAA,0,3640603
tmaR_predicted,0.25,3,3,TCTTAAGAAGGTCCATTTCT,0,3634172
tmaR_predicted,0.25,3,3,TCTGTGTACGGTTTTGCCAG,0,3604394
tmaR_predicted,0.25,3,3,TCTGTGAGCCTCCCCAAGCA,0,3619425
tmaR_predicted,0.25,3,3,TCTGTCGGGTATGGAGTCCT,0,3607923
tmaR_predicted,0.25,3,3,TCTGAGTTAGCGGTGACAAA,0,3645007
tmaR_predicted,0.25,3,3,TCTGAACTAACACAAGGGAG,0,3604228
tmaR_predicted,0.25,3,3,TCTCCGAGATCTGATCGTGA,0,3615529
tmaR_predicted,0.25,3,3,TCTCCAGGTGTGTATATAAC,0,3608703
tmaR_predicted,0.25,3,3,TCTCATAACCAAGCTGAAGA,0,3628281
tmaR_predicted,0.25,3,3,TCTAGTTTTTGGGATTATCG,0,3610106
tmaR_predicted,0.25,3,3,TCGTTCCCCTGATCCTAGGT,0,3629756
tmaR_predicted,0.25,3,3,TCGTTATTAATACGACTAGC,0,3605718
tmaR_predicted,0.25,3,3,TCGTGTCTGCCACGACTGTA,0,3616307
tmaR_predicted,0.25,3,3,TCGTGACTGTAACTCTCTCC,0,3642236
tmaR_predicted,0.25,3,3,TCGTCCAGTGGCTACCTACG,0,3629229
tmaR_predicted,0.25,3,3,TCGTCATCCAGGGCTTGACT,0,3629015
tmaR_predicted,0.25,3,3,TCGTAGGTACAGGTTGGCTG,0,3610468
tmaR_predicted,0.25,3,3,TCGGTGCCAACAAAGGCAAC,0,3643664
tmaR_predicted,0.25,3,3,TCGGTACGTACATACCTTCA,0,3609363
tmaR_predicted,0.25,3,3,TCGGGCTTCCCACTCCAGAC,0,3647594
tmaR_predicted,0.25,3,3,TCGGCTATATTTGGAATCGA,0,3608402
tmaR_predicted,0.25,3,3,TCGGCTACGCCTAATACACG,0,3607622
tmaR_predicted,0.25,3,3,TCGATTTGGAAAGACATGTG,0,3635517
tmaR_predicted,0.25,3,3,TCGATGCCGCATCATTCTCA,0,3638905
tmaR_predicted,0.25,3,3,TCGATGCAGATTTCCCCATA,0,3635048
tmaR_predicted,0.25,3,3,TCGATGAGTATAATCCGTAT,0,3606372
tmaR_predicted,0.25,3,3,TCGAGGTGGACCGCTTCGTT,0,3606087
tmaR_predicted,0.25,3,3,TCGACCGTATGCGTTCAGTG,0,3612024
tmaR_predicted,0.25,3,3,TCGAAAACGTCCGCGATGAG,0,3640710
tmaR_predicted,0.25,3,3,TCCTTATTCACGACTGGATC,0,3641634
tmaR_predicted,0.25,3,3,TCCTCCCAAGTGTGCGTCCA,0,3642019
tmaR_predicted,0.25,3,3,TCCTAGGGCGTAGTCTAAAT,0,3624369
tmaR_predicted,0.25,3,3,TCCGTGATCTAAAGCGGTGA,0,3611832
tmaR_predicted,0.25,3,3,TCCGGCCTCACCAGTATAAC,0,3628051
tmaR_predicted,0.25,3,3,TCCGGCATATTAGTCTAGGT,0,3606014
tmaR_predicted,0.25,3,3,TCCCTTTGTGCGACTCAGGT,0,3628933
tmaR_predicted,0.25,3,3,TCCCTTTCCCTTGCGCAGAA,0,3647098
tmaR_predicted,0.25,3,3,TCCCTCTTCTCTTCCCCTCT,0,3637855
tmaR_predicted,0.25,3,3,TCCCCCTCGGACTTTGGAAA,0,3645587
tmaR_predicted,0.25,3,3,TCCCACTAAGTGGGCCATCT,0,3621702
tmaR_predicted,0.25,3,3,TCCCACGCCACGAAGCCGTT,0,3625291
tmaR_predicted,0.25,3,3,TCCATATCTGTGCGTCTATA,0,3613475
tmaR_predicted,0.25,3,3,TCCAGCTCGTGGCTTCAGCG,0,3641876
tmaR_predicted,0.25,3,3,TCCAGCCGAGACGGCTCACT,0,3623640
tmaR_predicted,0.25,3,3,TCCACCAGTATTGGATAAGT,0,3608254
tmaR_predicted,0.25,3,3,TCATTGGCCTGACCAGTGGT,0,3618378
tmaR_predicted,0.25,3,3,TCATGTTCAACCGGCTGGCA,0,3648858
tmaR_predicted,0.25,3,3,TCATCGTTCGACTATAATCA,0,3617956
tmaR_predicted,0.25,3,3,TCATAAGGAAGACTAGCTTA,0,3625295
tmaR_predicted,0.25,3,3,TCATAACCTGCAACACCGAT,0,3643297
tmaR_predicted,0.25,3,3,TCAGTTTTATATACTTATTG,0,3616823
tmaR_predicted,0.25,3,3,TCAGTCGTGAGTTAGTCAGT,0,3632998
tmaR_predicted,0.25,3,3,TCAGGCTGACTCAATGGATG,0,3644643
tmaR_predicted,0.25,3,3,TCAGCCAGGTACAACGACGA,0,3605841
tmaR_predicted,0.25,3,3,TCAGCAGGTCGATCTCCCTA,0,3611922
tmaR_predicted,0.25,3,3,TCAGCACACAAGGGTCAACA,0,3648064
tmaR_predicted,0.25,3,3,TCAGACTTTAACGTTCCTGG,0,3638658
tmaR_predicted,0.25,3,3,TCAGAATGAGACAGATAATC,0,3641659
tmaR_predicted,0.25,3,3,TCACGCATTCTGTATCATGG,0,3611213
tmaR_predicted,0.25,3,3,TCACAGCGCGCGGCCCTCGC,0,3625710
tmaR_predicted,0.25,3,3,TCAATGAGTCTAGGACAGAC,0,3635577
tmaR_predicted,0.25,3,3,TCAATAGATCAGGTTTCGAT,0,3641931
tmaR_predicted,0.25,3,3,TCAAGGTCCCAGTAGGGTAG,0,3608958
tmaR_predicted,0.25,3,3,TCAAGCGCTGGCAGCAGAGT,0,3644611
tmaR_predicted,0.25,3,3,TCAACCTAGCTAATAGCCGG,0,3637263
tmaR_predicted,0.25,3,3,TCAAAAGTAAAAGATAGCAA,0,3617107
tmaR_predicted,0.25,3,3,TCAAAAACTTGCAGTCGCTA,0,3648169
tmaR_predicted,0.25,3,3,TATTTAGGTTCGGATTCCAA,0,3632376
tmaR_predicted,0.25,3,3,TATTCACGACACTTGGGAAA,0,3621561
tmaR_predicted,0.25,3,3,TATTATGTATCGGCGGAAAA,0,3636958
tmaR_predicted,0.25,3,3,TATTACAGAGCCGTCCTTAA,0,3640468
tmaR_predicted,0.25,3,3,TATGTTCTCCAAGAAGGTCT,0,3633643
tmaR_predicted,0.25,3,3,TATGTCGTGCTCATAGAAGC,0,3640211
tmaR_predicted,0.25,3,3,TATGGCAATCACCATAGGAC,0,3610372
tmaR_predicted,0.25,3,3,TATGCATAATCGGGCGACTG,0,3641940
tmaR_predicted,0.25,3,3,TATGCACAGACGACGGGCAA,0,3645852
tmaR_predicted,0.25,3,3,TATGCACACGGAAAGCTTAA,0,3639351
tmaR_predicted,0.25,3,3,TATCTCGTACCGGCCTTTGC,0,3613557
tmaR_predicted,0.25,3,3,TATCTCAAATTAAGGTGGAC,0,3620761
tmaR_predicted,0.25,3,3,TATCTATCTAATTGAGCGCG,0,3615290
tmaR_predicted,0.25,3,3,TATCGGCACGCTGGCCGTCT,0,3626389
tmaR_predicted,0.25,3,3,TATCACCAATCGGGCCATAC,0,3641082
tmaR_predicted,0.25,3,3,TATAGATAGATGAGATGTCA,0,3649595
tmaR_predicted,0.25,3,3,TATACTTGACTCGGACTTAA,0,3617591
tmaR_predicted,0.25,3,3,TATACTCTGTCTATGCGTAT,0,3640607
tmaR_predicted,0.25,3,3,TATACTCACTGTAAATTACA,0,3613229
tmaR_predicted,0.25,3,3,TATACCTATCTGCGTGTTGT,0,3643460
tmaR_predicted,0.25,3,3,TAGTCATAAATAGGTTATAA,0,3630728
tmaR_predicted,0.25,3,3,TAGGTCTCCTTCAATTAACT,0,3648950
tmaR_predicted,0.25,3,3,TAGGGCAAGCATCAGCCAGC,0,3620696
tmaR_predicted,0.25,3,3,TAGCGCGAGAAAGTAGAAGA,0,3641933
tmaR_predicted,0.25,3,3,TAGCAGCACTCCCCGGTGGG,0,3614093
tmaR_predicted,0.25,3,3,TAGAGTACGGAAGGCTTGGA,0,3627790
tmaR_predicted,0.25,3,3,TAGAGGGGAAAATACACTAG,0,3632137
tmaR_predicted,0.25,3,3,TAGACTACTTAGGGGCCTTG,0,3614219
tmaR_predicted,0.25,3,3,TAGAATTCAAAGACGTCTCA,0,3611674
tmaR_predicted,0.25,3,3,TACTTCGCGTGAAGATGTGA,0,3648458
tmaR_predicted,0.25,3,3,TACTCTCTGTTTGGCCGTCT,0,3623313
tmaR_predicted,0.25,3,3,TACTCGAATTTACGAAAGCA,0,3613403
tmaR_predicted,0.25,3,3,TACTCCGCAGCAGGCTTGGC,0,3606168
tmaR_predicted,0.25,3,3,TACGTTTTACTGATGCCGGC,0,3615535
tmaR_predicted,0.25,3,3,TACGCTGTGGTTAGGGCATG,0,3628675
tmaR_predicted,0.25,3,3,TACGAGGGTCGATACAGCGT,0,3632189
tmaR_predicted,0.25,3,3,TACCTCAGAAAGGGAAAACC,0,3625498
tmaR_predicted,0.25,3,3,TAATGGGGATAATTTGATAA,0,3631027
tmaR_predicted,0.25,3,3,TAATATCCGTCACGCGGCAT,0,3643501
tmaR_predicted,0.25,3,3,TAAGTCGTCGTTATTTAGCC,0,3615327
tmaR_predicted,0.25,3,3,TAAGGCGAGATTCTACTGCA,0,3609620
tmaR_predicted,0.25,3,3,TAAGCATCACAAGTAGGGTG,0,3608348
tmaR_predicted,0.25,3,3,TAAGCAGCAATTTTTACTGG,0,3632690
tmaR_predicted,0.25,3,3,TAAGATCCATCTTACTCCTG,0,3615391
tmaR_predicted,0.25,3,3,TAACGGGCGCTCAGTTCGCG,0,3624158
tmaR_predicted,0.25,3,3,TAACGCGAGCGACGAGGAGA,0,3633956
tmaR_predicted,0.25,3,3,TAACATTAGTGAGCAGATAC,0,3612592
tmaR_predicted,0.25,3,3,TAACATCGTTGAATCGCATT,0,3612561
tmaR_predicted,0.25,3,3,TAACAGAACATCGGAACGTG,0,3630364
tmaR_predicted,0.25,3,3,TAAAGTTCTAGATTAGTTGA,0,3621400
tmaR_predicted,0.25,3,3,TAAAGGTGCCTTTGAGGCCC,0,3623314
tmaR_predicted,0.25,3,3,TAAAAAACCGGTCTCCACGA,0,3606891
tmaR_predicted,0.25,3,3,GTTTGTACTCTGTAAATTGT,0,3609287
tmaR_predicted,0.25,3,3,GTTTCGTCTCGGGGCCGACT,0,3622731
tmaR_predicted,0.25,3,3,GTTTACTGTTGAAGTCGGCA,0,3607019
tmaR_predicted,0.25,3,3,GTTTAAGAGTCAGGTCGCGA,0,3621306
tmaR_predicted,0.25,3,3,GTTGTTCCATTCGCGCAGGA,0,3632336
tmaR_predicted,0.25,3,3,GTTGTGTAATCGATTCGACC,0,3645115
tmaR_predicted,0.25,3,3,GTTGTCGCCCTTTGAGCCCA,0,3628616
tmaR_predicted,0.25,3,3,GTTGCGCGCAGCGTGTCACG,0,3618865
tmaR_predicted,0.25,3,3,GTTGAGTTTTAGTTTAAATC,0,3631122
tmaR_predicted,0.25,3,3,GTTCTGCGCTTACGTGTGTT,0,3614609
tmaR_predicted,0.25,3,3,GTTCTCCAAAATAGTAGAGG,0,3636548
tmaR_predicted,0.25,3,3,GTTCGTTCAGAAATAGGAAC,0,3616648
tmaR_predicted,0.25,3,3,GTTCGTAATGCGAACCACAC,0,3612918
tmaR_predicted,0.25,3,3,GTTCGATGGCGTGACCCTAC,0,3604540
tmaR_predicted,0.25,3,3,GTTCGATAAAACATACGGCA,0,3612714
tmaR_predicted,0.25,3,3,GTTATTACTAAGTGGCTGCC,0,3618438
tmaR_predicted,0.25,3,3,GTTAAATAGGATCTCGCGTT,0,3626662
tmaR_predicted,0.25,3,3,GTGTTCACTGTCTACCAACT,0,3635538
tmaR_predicted,0.25,3,3,GTGTGACTTCGACTAAAAAG,0,3617903
tmaR_predicted,0.25,3,3,GTGTCCGAAGCTGATTGGTA,0,3629629
tmaR_predicted,0.25,3,3,GTGTAGGCGGACTGTTGCAA,0,3604318
tmaR_predicted,0.25,3,3,GTGGGCGCGATGGCATGTTC,0,3631035
tmaR_predicted,0.25,3,3,GTGGATAACGGGTGACCAGG,0,3647380
tmaR_predicted,0.25,3,3,GTGCTTCGTTAGGGGGAATG,0,3644859
tmaR_predicted,0.25,3,3,GTGCTCTCATATTTTTGTGT,0,3610903
tmaR_predicted,0.25,3,3,GTGCGCTTAAAGCGATAAAG,0,3635705
tmaR_predicted,0.25,3,3,GTGCGACTTTCCTAGTACAC,0,3649800
tmaR_predicted,0.25,3,3,GTGCCGTTGTTCATAAGACG,0,3613786
tmaR_predicted,0.25,3,3,GTGATCTTCATAGCGACACT,0,3635214
tmaR_predicted,0.25,3,3,GTGAGCCCCCATCTGAAGGA,0,3636038
tmaR_predicted,0.25,3,3,GTGACCACTCGGGACCAACA,0,3609533
tmaR_predicted,0.25,3,3,GTGACAGCAGAGGCGCGCGT,0,3632147
tmaR_predicted,0.25,3,3,GTGAAGCGCTAGACGTGCGT,0,3624144
tmaR_predicted,0.25,3,3,GTCTGTTGACACGTGCAAGT,0,3625124
tmaR_predicted,0.25,3,3,GTCTCAGTCCAGGACGTACA,0,3624117
tmaR_predicted,0.25,3,3,GTCGTCTCCTGATTACCGAT,0,3639651
tmaR_predicted,0.25,3,3,GTCGTCCGGGGAGCTGATTA,0,3648255
tmaR_predicted,0.25,3,3,GTCGGGTTTTGGAGAGGGGA,0,3608977
tmaR_predicted,0.25,3,3,GTCGGCCTCTTGCCCATGCG,0,3609029
tmaR_predicted,0.25,3,3,GTCGCATGCGCACGTCGACA,0,3612844
tmaR_predicted,0.25,3,3,GTCGATCGTGGGAAAGCCTA,0,3612117
tmaR_predicted,0.25,3,3,GTCCTACACCCGCGGCTCAG,0,3635241
tmaR_predicted,0.25,3,3,GTCCCGACGCTTCAGGAACA,0,3627305
tmaR_predicted,0.25,3,3,GTCCACATGCCACAGTCGCG,0,3608713
tmaR_predicted,0.25,3,3,GTCCAAGACATACGGGATAC,0,3614927
tmaR_predicted,0.25,3,3,GTCAGTTAAAGGACAAGTTC,0,3635411
tmaR_predicted,0.25,3,3,GTCAAGCGTGCTGTTTATGC,0,3611608
tmaR_predicted,0.25,3,3,GTCAAAAGAAATGAATGCAT,0,3635181
tmaR_predicted,0.25,3,3,GTAGGTGTTCGAGCCAGGTC,0,3605683
tmaR_predicted,0.25,3,3,GTAGGTCAACTACAGTCTGC,0,3614604
tmaR_predicted,0.25,3,3,GTAGGATTTTATAGGCTGTC,0,3645855
tmaR_predicted,0.25,3,3,GTAGCATCTACCGACGTGGA,0,3633090
tmaR_predicted,0.25,3,3,GTAGATTTAAGAATCTTGGC,0,3639972
tmaR_predicted,0.25,3,3,GTACCGTCGTGGTTGAGAAC,0,3646417
tmaR_predicted,0.25,3,3,GTAATTGCGTCAGCGGAACA,0,3626238
tmaR_predicted,0.25,3,3,GTAAGTCCGGACTAGCGAGA,0,3634535
tmaR_predicted,0.25,3,3,GTAAGCGAGGATAATCTGGG,0,3613147
tmaR_predicted,0.25,3,3,GTAACTAATTTCACAGACTT,0,3634256
tmaR_predicted,0.25,3,3,GTAACGTATTGGGGGTGGCT,0,3644287
tmaR_predicted,0.25,3,3,GTAACAACGGCATATTCGCG,0,3650059
tmaR_predicted,0.25,3,3,GGTTTGTACAGGGGCTGGGG,0,3622543
tmaR_predicted,0.25,3,3,GGTTTGGCCGCAAGCCTTCC,0,3607595
tmaR_predicted,0.25,3,3,GGTTTGAGTTGGGTAATGCG,0,3629549
tmaR_predicted,0.25,3,3,GGTTCGGGCATCCGCCAAAT,0,3619006
tmaR_predicted,0.25,3,3,GGTGTTCCAGGCGCCTAGAA,0,3622295
tmaR_predicted,0.25,3,3,GGTGTTCAGTGCGGCTGATA,0,3627905
tmaR_predicted,0.25,3,3,GGTGTGGTCCCACGATATAC,0,3637857
tmaR_predicted,0.25,3,3,GGTGTCTCCTCATCATGTCC,0,3611177
tmaR_predicted,0.25,3,3,GGTGTCGATGCTGCTCTTTG,0,3632730
tmaR_predicted,0.25,3,3,GGTGGGCAACCAGAAGGACC,0,3625979
tmaR_predicted,0.25,3,3,GGTGGAGCATGGCCCCTCTA,0,3616717
tmaR_predicted,0.25,3,3,GGTGCCGAAATGTTGATGTG,0,3610434
tmaR_predicted,0.25,3,3,GGTGCAAAGCGACATCGTGT,0,3611757
tmaR_predicted,0.25,3,3,GGTGATACCACGTCCCAGGA,0,3614432
tmaR_predicted,0.25,3,3,GGTGAGAACGACGGATGTGA,0,3623148
tmaR_predicted,0.25,3,3,GGTCGGGCTACATTGTACTG,0,3618804
tmaR_predicted,0.25,3,3,GGTCAGAGATAAGCTGTTAC,0,3620804
tmaR_predicted,0.25,3,3,GGTCACGCAATGCGCTTAGC,0,3638611
tmaR_predicted,0.25,3,3,GGTAGACTAAGTTTTATTTC,0,3621128
tmaR_predicted,0.25,3,3,GGTACCTTCTCTCAATGCTA,0,3643770
tmaR_predicted,0.25,3,3,GGTAAAATGGGGCCTCCAAA,0,3630724
tmaR_predicted,0.25,3,3,GGGTTCATTAGCCGACCGGT,0,3625413
tmaR_predicted,0.25,3,3,GGGTGCTATAGGCAGATTCA,0,3631151
tmaR_predicted,0.25,3,3,GGGTGAATAAGGTTTCAAGT,0,3636203
tmaR_predicted,0.25,3,3,GGGTAGGTACGTGACTACAA,0,3639264
tmaR_predicted,0.25,3,3,GGGGTTCGTTGCCGACAGTT,0,3634128
tmaR_predicted,0.25,3,3,GGGGTCGCTTATGGCTTTTC,0,3631303
tmaR_predicted,0.25,3,3,GGGGTCCGCTCGGGTTACTC,0,3634749
tmaR_predicted,0.25,3,3,GGGGGATTGAACATATGCGA,0,3630902
tmaR_predicted,0.25,3,3,GGGGCAGTGCGGCTTGGATC,0,3629220
tmaR_predicted,0.25,3,3,GGGGCAGAACGCCCATTATG,0,3645814
tmaR_predicted,0.25,3,3,GGGGACGCATGGACCCTCAA,0,3631110
tmaR_predicted,0.25,3,3,GGGCTGCTGTTCGGTGCGTT,0,3635693
tmaR_predicted,0.25,3,3,GGGCACTCTGCGGATTGGAA,0,3636426
tmaR_predicted,0.25,3,3,GGGAGGCGCTTCCTTTGTGA,0,3626282
tmaR_predicted,0.25,3,3,GGGACAAGATGAGCTCTGTA,0,3616531
tmaR_predicted,0.25,3,3,GGGAAAAGTCATCACAACTG,0,3647608
tmaR_predicted,0.25,3,3,GGCTTTGTTAGGTGTGTCTT,0,3615558
tmaR_predicted,0.25,3,3,GGCTTTAGAACATGCCTTAA,0,3648820
tmaR_predicted,0.25,3,3,GGCTTCTGCCCTGAGCGGTA,0,3642919
tmaR_predicted,0.25,3,3,GGCTGAAGCTAATTCAATCT,0,3635853
tmaR_predicted,0.25,3,3,GGCGGGTACAAGGAGGCTTC,0,3646115
tmaR_predicted,0.25,3,3,GGCGCGTTGCCTTGGGTTCT,0,3620854
tmaR_predicted,0.25,3,3,GGCGCGTCCCTGGAAGAAAT,0,3642444
tmaR_predicted,0.25,3,3,GGCGCCGGTTAGTTATCAGG,0,3609386
tmaR_predicted,0.25,3,3,GGCGAGAGTAGAGCTGCCCT,0,3635861
tmaR_predicted,0.25,3,3,GGCGACGGCAGATTATCTTT,0,3614092
tmaR_predicted,0.25,3,3,GGCCTACACTTACGTCATCG,0,3615189
tmaR_predicted,0.25,3,3,GGCCGAACCTAGTGCCGCCA,0,3633731
tmaR_predicted,0.25,3,3,GGCCCTCGGATTCGGGCCAA,0,3647782
tmaR_predicted,0.25,3,3,GGCCCGTAGCGCGGCTCTTT,0,3616635
tmaR_predicted,0.25,3,3,GGCCCGGGCCTAGTTACATG,0,3628672
tmaR_predicted,0.25,3,3,GGCATTCGCAACTATCGGTC,0,3631329
tmaR_predicted,0.25,3,3,GGCATGTTCGATATCGAAAA,0,3608218
tmaR_predicted,0.25,3,3,GGCAACTCTTCATGGCTTAA,0,3625953
tmaR_predicted,0.25,3,3,GGATTTGAGCCTTCACTCGA,0,3604163
tmaR_predicted,0.25,3,3,GGATCTGGATTTGCGATATC,0,3613802
tmaR_predicted,0.25,3,3,GGATCTGCGGAAGCCGGTTG,0,3623889
tmaR_predicted,0.25,3,3,GGATCTCCCAGGCTTATTGT,0,3627114
tmaR_predicted,0.25,3,3,GGATCGTTTCCCCATAGCCG,0,3644707
tmaR_predicted,0.25,3,3,GGATCGGAAGACTCCTCATA,0,3633758
tmaR_predicted,0.25,3,3,GGATCCAGCTCTACGAGCAT,0,3638358
tmaR_predicted,0.25,3,3,GGAGCTTAACGTGGGTCCAC,0,3606092
tmaR_predicted,0.25,3,3,GGACACTTGTGCGACTGGAT,0,3626338
tmaR_predicted,0.25,3,3,GGACACAGCGAAGTCATGTG,0,3613296
tmaR_predicted,0.25,3,3,GGAACTAAACATACGAGCGT,0,3621331
tmaR_predicted,0.25,3,3,GGAACGACGTTACAGAGGCG,0,3621293
tmaR_predicted,0.25,3,3,GGAACCCTTCGCATGGCAAC,0,3622536
tmaR_predicted,0.25,3,3,GGAACAGAATGTCGGCGTAG,0,3621526
tmaR_predicted,0.25,3,3,GGAAAGTTGGGGAGGCCTAA,0,3620188
tmaR_predicted,0.25,3,3,GGAAAGCTTGATGTTCGTGT,0,3605836
tmaR_predicted,0.25,3,3,GGAAAAACTTCTACTTCATT,0,3605984
tmaR_predicted,0.25,3,3,GCTTTTTTTACCTCGGCTCG,0,3627089
tmaR_predicted,0.25,3,3,GCTTTTGTGTAGACCTGACG,0,3627793
tmaR_predicted,0.25,3,3,GCTTTGAGTCCCATCATCTT,0,3610517
tmaR_predicted,0.25,3,3,GCTTGGTAGCAGAGGGGCCG,0,3612820
tmaR_predicted,0.25,3,3,GCTGTGATTCCACCCCGAGG,0,3634670
tmaR_predicted,0.25,3,3,GCTGGGGGCGATGAGACGGC,0,3643765
tmaR_predicted,0.25,3,3,GCTCTCTACTCGGTCTCTGT,0,3625751
tmaR_predicted,0.25,3,3,GCTCTCAGCTGCTCGCCACA,0,3605031
tmaR_predicted,0.25,3,3,GCTCTAATGATGTCATGCCC,0,3636731
tmaR_predicted,0.25,3,3,GCTCGTTTCTGCAAACGGGT,0,3619018
tmaR_predicted,0.25,3,3,GCTCGCTCAGTGTAGTACGA,0,3643386
tmaR_predicted,0.25,3,3,GCTCGCCCACAGATGTTTCA,0,3625629
tmaR_predicted,0.25,3,3,GCTCGCATTGCACATCAAAG,0,3647099
tmaR_predicted,0.25,3,3,GCTCCCCGATACCGGGCTGG,0,3630798
tmaR_predicted,0.25,3,3,GCTAAGGTGATATTTCCCGC,0,3640643
tmaR_predicted,0.25,3,3,GCTAACCAATGACTTGACAA,0,3604203
tmaR_predicted,0.25,3,3,GCGTTAGGGGGAATAGGCTG,0,3607527
tmaR_predicted,0.25,3,3,GCGTCTGCAACAGCGGCGAG,0,3607694
tmaR_predicted,0.25,3,3,GCGTCCCCGTAACTTGTACA,0,3616922
tmaR_predicted,0.25,3,3,GCGTCAGTCCGATATATAAG,0,3625209
tmaR_predicted,0.25,3,3,GCGTCACAACTATTTTTACT,0,3606242
tmaR_predicted,0.25,3,3,GCGTAGCATTATGACCGTCC,0,3643902
tmaR_predicted,0.25,3,3,GCGCTTCAGTTATCCACCCA,0,3638989
tmaR_predicted,0.25,3,3,GCGCGTATAGTCAAATTTAT,0,3641653
tmaR_predicted,0.25,3,3,GCGCCCCGCGCAGACTATGG,0,3607378
tmaR_predicted,0.25,3,3,GCGCATGAGGTAACCTTGGG,0,3626719
tmaR_predicted,0.25,3,3,GCGAGTCTTCAGGGGCGTGC,0,3625840
tmaR_predicted,0.25,3,3,GCGAGGGGCGTAGTTCCTGG,0,3648160
tmaR_predicted,0.25,3,3,GCGACTTCAGGTGCGATCCT,0,3603989
tmaR_predicted,0.25,3,3,GCCTGCATGACTGCCCACTA,0,3632750
tmaR_predicted,0.25,3,3,GCCTCTGTGCTGTAAACCGT,0,3625676
tmaR_predicted,0.25,3,3,GCCTAGTGGCAACCGAAAGC,0,3608707
tmaR_predicted,0.25,3,3,GCCTACGATTAAGCTCTTGG,0,3619640
tmaR_predicted,0.25,3,3,GCCGGTACGTGTACCCCTTA,0,3649865
tmaR_predicted,0.25,3,3,GCCGCGACTGTAGATAAAAC,0,3624857
tmaR_predicted,0.25,3,3,GCCCGTTCACGCACGGAGAT,0,3640119
tmaR_predicted,0.25,3,3,GCCAGCGTCCTCACACAAAG,0,3638920
tmaR_predicted,0.25,3,3,GCCAGATATATCACGTCTCA,0,3610959
tmaR_predicted,0.25,3,3,GCCAACGTTGTGTAAGATCC,0,3636320
tmaR_predicted,0.25,3,3,GCATTGGGAGATCGAATGGT,0,3649677
tmaR_predicted,0.25,3,3,GCATGTGCTCATTTATCGCT,0,3604747
tmaR_predicted,0.25,3,3,GCATGTACGTAGACACGTCT,0,3640435
tmaR_predicted,0.25,3,3,GCATCTCGTGCAAGCACGAG,0,3643682
tmaR_predicted,0.25,3,3,GCATCATCAGGCGGATGCAA,0,3624698
tmaR_predicted,0.25,3,3,GCAGGGCGGTCAGTGCTACT,0,3635185
tmaR_predicted,0.25,3,3,GCAGCGACGTTAAAGGTCAT,0,3612947
tmaR_predicted,0.25,3,3,GCAGATTTACTCCGGGAAAG,0,3646617
tmaR_predicted,0.25,3,3,GCAGAAACAAGACTCGATTC,0,3641698
tmaR_predicted,0.25,3,3,GCACATCTAGCGAGTCACCT,0,3630644
tmaR_predicted,0.25,3,3,GCACAAGCCTACCCGCCGGA,0,3641478
tmaR_predicted,0.25,3,3,GCAAGTTAATGTATGAGGGC,0,3639646
tmaR_predicted,0.25,3,3,GCAAGCGAACCGCTCATAGT,0,3606029
tmaR_predicted,0.25,3,3,GCAAGATTCCTCATGAGAGC,0,3606447
tmaR_predicted,0.25,3,3,GCAAATATCCCGAGCCACAG,0,3623535
tmaR_predicted,0.25,3,3,GATTGGGGCAAAGTTGTCGG,0,3614507
tmaR_predicted,0.25,3,3,GATTGAGGTTGACCATGGAA,0,3641467
tmaR_predicted,0.25,3,3,GATTGAGATGGTGCTACACC,0,3604429
tmaR_predicted,0.25,3,3,GATTCGGGGGCTGGTTAGGA,0,3642538
tmaR_predicted,0.25,3,3,GATTCAAGGGCTCCGTGTGA,0,3608759
tmaR_predicted,0.25,3,3,GATGTCAGATTAATGGGGAT,0,3631046
tmaR_predicted,0.25,3,3,GATGCTGATTGTTGTGATAG,0,3614688
tmaR_predicted,0.25,3,3,GATGCATAAAGCCGCGTGGC,0,3626814
tmaR_predicted,0.25,3,3,GATCTTTGGGAATTACCTCG,0,3606795
tmaR_predicted,0.25,3,3,GATCTGTGCGTGTGGTAAAT,0,3645114
tmaR_predicted,0.25,3,3,GATCCGATTTGGTTTCCGCA,0,3625765
tmaR_predicted,0.25,3,3,GATCATTGCCCTTTTTAAAA,0,3625369
tmaR_predicted,0.25,3,3,GATCACCCGACCAGTGGTTG,0,3636822
tmaR_predicted,0.25,3,3,GATCAATTCCTCGCGTAAAT,0,3642974
tmaR_predicted,0.25,3,3,GATAACATGAACGACCCAAC,0,3612427
tmaR_predicted,0.25,3,3,GATAAACACTTAGTTAGGTG,0,3610130
tmaR_predicted,0.25,3,3,GAGTCGCGAGGAAAACTCAA,0,3639200
tmaR_predicted,0.25,3,3,GAGGTATATATCCCTACTTT,0,3630339
tmaR_predicted,0.25,3,3,GAGGATTATTTCCTGGTCTA,0,3622824
tmaR_predicted,0.25,3,3,GAGGATTACAGAAGTTCCAA,0,3648843
tmaR_predicted,0.25,3,3,GAGGAGTATCGTCTCAATCG,0,3605702
tmaR_predicted,0.25,3,3,GAGGAATTAATATTTAGGTT,0,3614525
tmaR_predicted,0.25,3,3,GAGCTAACAGCTACAGAGGA,0,3632971
tmaR_predicted,0.25,3,3,GAGCGCAAATGAGCCTTCAC,0,3620492
tmaR_predicted,0.25,3,3,GAGCGAACGGTTTGCTGGTG,0,3650316
tmaR_predicted,0.25,3,3,GAGCCTCTACAGGTCAAAGC,0,3628042
tmaR_predicted,0.25,3,3,GAGCATTAGTAAATTGACAT,0,3629987
tmaR_predicted,0.25,3,3,GAGCATACCCGCATAGGACC,0,3612027
tmaR_predicted,0.25,3,3,GAGAGGTCTGGTCCGCGTGT,0,3621754
tmaR_predicted,0.25,3,3,GACTTAAACATTTTCAGCAA,0,3634548
tmaR_predicted,0.25,3,3,GACTGTTAGTATCGGACAGG,0,3642306
tmaR_predicted,0.25,3,3,GACTGCCGGGCTACGGAGAA,0,3631232
tmaR_predicted,0.25,3,3,GACTATCGTAGTATTACGTG,0,3607986
tmaR_predicted,0.25,3,3,GACGTTTTCGTCAGGCGCAA,0,3647997
tmaR_predicted,0.25,3,3,GACGTGCCCGATCACTTCTT,0,3613059
tmaR_predicted,0.25,3,3,GACGGGCACGAATTTATCTC,0,3639068
tmaR_predicted,0.25,3,3,GACGCTCGCACCTGGGTTGG,0,3615288
tmaR_predicted,0.25,3,3,GACGCGTCGTTGGCCACGAG,0,3649090
tmaR_predicted,0.25,3,3,GACCTTCGGCGAACTCTAGC,0,3646852
tmaR_predicted,0.25,3,3,GACCAGGAGTGCGACCTTTC,0,3639669
tmaR_predicted,0.25,3,3,GACCACAGAAATGGTCGGCA,0,3631657
tmaR_predicted,0.25,3,3,GACAGCGGTGACTTCTCGTC,0,3637548
tmaR_predicted,0.25,3,3,GACACTGCTGTATGTCGCGG,0,3617149
tmaR_predicted,0.25,3,3,GAATGGATCGCAAGTATGTA,0,3627348
tmaR_predicted,0.25,3,3,GAATGCTCCCGCTTGGGACA,0,3608290
tmaR_predicted,0.25,3,3,GAATGAAACCTCATAACCTT,0,3647421
tmaR_predicted,0.25,3,3,GAATCTAAGGGTCCATCCTA,0,3609410
tmaR_predicted,0.25,3,3,GAATCAGATGAATGGCCGCT,0,3637031
tmaR_predicted,0.25,3,3,GAATCAACATGACCAGTTCA,0,3614713
tmaR_predicted,0.25,3,3,GAATAGTATCGATAGGAAGC,0,3607319
tmaR_predicted,0.25,3,3,GAATACTACATATGGATTAC,0,3614006
tmaR_predicted,0.25,3,3,GAAGGGTCATCTGGATCGCG,0,3650094
tmaR_predicted,0.25,3,3,GAAGAGCAGGAGGAACAGTA,0,3646557
tmaR_predicted,0.25,3,3,GAACAAAGCCCAGAAAAGCT,0,3623716
tmaR_predicted,0.25,3,3,GAAATCTCCAGGTCTCAGAT,0,3611993
tmaR_predicted,0.25,3,3,GAAAGGGATGAACGGTGAAG,0,3613038
tmaR_predicted,0.25,3,3,GAAAGGACCGCGGGGCGACC,0,3605677
tmaR_predicted,0.25,3,3,GAAAGCAGTGCGCTTCGGCG,0,3640230
tmaR_predicted,0.25,3,3,GAAACTGAGTGGGTTCGGCT,0,3650332
tmaR_predicted,0.25,3,3,GAAACGGCCGGGTTTTCGAG,0,3614850
tmaR_predicted,0.25,3,3,GAAAAGATTCGTCATGGTGG,0,3639047
tmaR_predicted,0.25,3,3,CTTTGTAGATTGTTAGTCGG,0,3637774
tmaR_predicted,0.25,3,3,CTTTGCCATCCCATAGTCAC,0,3644521
tmaR_predicted,0.25,3,3,CTTTCCTGGGATTCCCTCAC,0,3624962
tmaR_predicted,0.25,3,3,CTTTAGCGTGCTTGCCAAGA,0,3610444
tmaR_predicted,0.25,3,3,CTTGTCATCATCTTATCGGA,0,3649618
tmaR_predicted,0.25,3,3,CTTGGCCAATATAGCAGATG,0,3621314
tmaR_predicted,0.25,3,3,CTTGGACGAGCGCAGTACTC,0,3611937
tmaR_predicted,0.25,3,3,CTTGATAGTGCGGACGGCGA,0,3617998
tmaR_predicted,0.25,3,3,CTTCTGAGGCCTGAAGGGTC,0,3630761
tmaR_predicted,0.25,3,3,CTTCGTTAAACCCGTACAAA,0,3648872
tmaR_predicted,0.25,3,3,CTTCCTGGATGAAGAACCAC,0,3615651
tmaR_predicted,0.25,3,3,CTTCACAGGTCCGCGCAGGT,0,3619448
tmaR_predicted,0.25,3,3,CTTAGCCCGATCGAGCACCA,0,3644300
tmaR_predicted,0.25,3,3,CTTAATCACTTCGCACTCGC,0,3642671
tmaR_predicted,0.25,3,3,CTTAAGTCCAGTCCCAGTCT,0,3612293
tmaR_predicted,0.25,3,3,CTTAACCGTCCACCGCGGCG,0,3612671
tmaR_predicted,0.25,3,3,CTGTGCCATGTCCGCGAATA,0,3639701
tmaR_predicted,0.25,3,3,CTGGTGTATTTACTCTAGCG,0,3616901
tmaR_predicted,0.25,3,3,CTGGTCACCCCTGGCCACGT,0,3623662
tmaR_predicted,0.25,3,3,CTGGTCACAACGGCAGATAG,0,3636920
tmaR_predicted,0.25,3,3,CTGGCTGTCGCCCGCGACAA,0,3622279
tmaR_predicted,0.25,3,3,CTGGCTGACTCGGGAAAGTT,0,3606127
tmaR_predicted,0.25,3,3,CTGGCGTGACAGACAATCTA,0,3646251
tmaR_predicted,0.25,3,3,CTGGCAGGACCGGCCTAAGA,0,3614725
tmaR_predicted,0.25,3,3,CTGGATTCTAAGGTGAATGA,0,3629580
tmaR_predicted,0.25,3,3,CTGCTACACATAGGGTCAAC,0,3619696
tmaR_predicted,0.25,3,3,CTGCCCGTTTGCTTATATAG,0,3625127
tmaR_predicted,0.25,3,3,CTGCCCCAGCTTGACAGCGC,0,3610201
tmaR_predicted,0.25,3,3,CTGCATTAGACGCCGTTCTG,0,3636278
tmaR_predicted,0.25,3,3,CTGAACATATCGTTGAACGT,0,3611129
tmaR_predicted,0.25,3,3,CTCTTAACCGTATTTGGCTC,0,3609146
tmaR_predicted,0.25,3,3,CTCTTAAAACCCAACCGAGA,0,3615960
tmaR_predicted,0.25,3,3,CTCTCCCAACTCCAGCTGGA,0,3609737
tmaR_predicted,0.25,3,3,CTCGGCGAGGCCTCTATGCA,0,3646502
tmaR_predicted,0.25,3,3,CTCGCCAACCGTATCGGTCT,0,3631085
tmaR_predicted,0.25,3,3,CTCGATATCTGTTTATGACC,0,3644494
tmaR_predicted,0.25,3,3,CTCGACGAACTCGAATGATC,0,3627713
tmaR_predicted,0.25,3,3,CTCCGTGACGAAGCCAGGAC,0,3624947
tmaR_predicted,0.25,3,3,CTCCGCGGGACAAACACTGT,0,3607783
tmaR_predicted,0.25,3,3,CTCAGTCACAAAGTTTCTTC,0,3606486
tmaR_predicted,0.25,3,3,CTCAGATAGATGCTAAGTCC,0,3616355
tmaR_predicted,0.25,3,3,CTATTCTTGTTGGTTGCTTT,0,3639638
tmaR_predicted,0.25,3,3,CTATTCTCATGCTTGCCCCG,0,3634884
tmaR_predicted,0.25,3,3,CTATTAAACGCCAAGAAGAG,0,3605613
tmaR_predicted,0.25,3,3,CTATGGCTCTCGTATGTTTA,0,3633655
tmaR_predicted,0.25,3,3,CTATAACTTGAGGTGTATTT,0,3637788
tmaR_predicted,0.25,3,3,CTATAACCGTGTCATTGCTC,0,3644593
tmaR_predicted,0.25,3,3,CTAGTCTTCGGGGCCGCCAA,0,3628983
tmaR_predicted,0.25,3,3,CTAGGTTGTTAAGTTACATA,0,3634258
tmaR_predicted,0.25,3,3,CTAGGTTAGGGGGTCATAAT,0,3620508
tmaR_predicted,0.25,3,3,CTAGCTAATGCTGGCACAGT,0,3636262
tmaR_predicted,0.25,3,3,CTACGCTATTCACGCAACTG,0,3629206
tmaR_predicted,0.25,3,3,CTAATTCTTAAGTATCCTTC,0,3614003
tmaR_predicted,0.25,3,3,CTAATGACGTCTTAATAGAT,0,3629245
tmaR_predicted,0.25,3,3,CTAAGTTCCGTGCAGTTTCT,0,3641561
tmaR_predicted,0.25,3,3,CTAAGCGGTAATTTTCTCAT,0,3637500
tmaR_predicted,0.25,3,3,CTAACTCGTTTGAAATAGAA,0,3642400
tmaR_predicted,0.25,3,3,CTAACCTGGCCAGGTACTTC,0,3605374
tmaR_predicted,0.25,3,3,CTAAAGAGTTGTAGGCCAGT,0,3632983
tmaR_predicted,0.25,3,3,CTAAACCGGTTGTTAGATGG,0,3622740
tmaR_predicted,0.25,3,3,CTAAAAGGGGATACCTCCAT,0,3621748
tmaR_predicted,0.25,3,3,CTAAAACCCCATGGTCTTAG,0,3615053
tmaR_predicted,0.25,3,3,CGTTTAATGCCTATACCTTA,0,3604784
tmaR_predicted,0.25,3,3,CGTTGTGCGAGTATTAGTAG,0,3631119
tmaR_predicted,0.25,3,3,CGTTGTCCGGCCACCTAAAT,0,3627827
tmaR_predicted,0.25,3,3,CGTTCCAGCAGGGCTTTCAG,0,3630615
tmaR_predicted,0.25,3,3,CGTTAGTCGCGGGTGATGAT,0,3630632
tmaR_predicted,0.25,3,3,CGTTAGCTGCTGTGAGTAGG,0,3621053
tmaR_predicted,0.25,3,3,CGTGTTAAGTGTGTTACCAC,0,3645174
tmaR_predicted,0.25,3,3,CGTGTCTAAGAAGTACGTAT,0,3640793
tmaR_predicted,0.25,3,3,CGTGCGTCGGGAATACTAGA,0,3635066
tmaR_predicted,0.25,3,3,CGTCTGCCAGTTATCCTTCG,0,3629167
tmaR_predicted,0.25,3,3,CGTCGTATGCAAGAGGTTCG,0,3633187
tmaR_predicted,0.25,3,3,CGTCGCACCTAGCTTATTGA,0,3605093
tmaR_predicted,0.25,3,3,CGTCGACCGCTAACGCGTAT,0,3611739
tmaR_predicted,0.25,3,3,CGTCCGTCGGCATCGCTTAC,0,3616261
tmaR_predicted,0.25,3,3,CGTCAAGTGGATCCCCGGGG,0,3632197
tmaR_predicted,0.25,3,3,CGTCAACATTGGTACTCTCA,0,3611746
tmaR_predicted,0.25,3,3,CGTATCCGTGGCGCTATGTG,0,3622653
tmaR_predicted,0.25,3,3,CGTACGGCATGTAATAGCAG,0,3626286
tmaR_predicted,0.25,3,3,CGTACGAACAAATACCGATA,0,3649166
tmaR_predicted,0.25,3,3,CGTACCTAGACATAGGCCGC,0,3625217
tmaR_predicted,0.25,3,3,CGTAATGCATCATTGGGTGT,0,3631648
tmaR_predicted,0.25,3,3,CGGTCTTTTTAGATCATCTG,0,3630483
tmaR_predicted,0.25,3,3,CGGTCGTGGTCGGACTCTCT,0,3607576
tmaR_predicted,0.25,3,3,CGGTATCCGTCAGGACCCGT,0,3615564
tmaR_predicted,0.25,3,3,CGGGTCCTCCCGCAGAGTAT,0,3644890
tmaR_predicted,0.25,3,3,CGGGGTATTAAAAGGCGCTT,0,3621378
tmaR_predicted,0.25,3,3,CGGGGGAAGTATCGATTCGA,0,3613930
tmaR_predicted,0.25,3,3,CGGGGACTTCGCCAACGCCC,0,3649133
tmaR_predicted,0.25,3,3,CGGGCAGGCAGCCGCTTTAC,0,3622143
tmaR_predicted,0.25,3,3,CGGGCAGCCGCCGAGGACGA,0,3625087
tmaR_predicted,0.25,3,3,CGGGCAACCAGCTGTACGCC,0,3623061
tmaR_predicted,0.25,3,3,CGGGATTTCAGTCCTTTAGG,0,3610448
tmaR_predicted,0.25,3,3,CGGGAGTCAAATTCCACCGG,0,3609299
tmaR_predicted,0.25,3,3,CGGGACTGTGGTAGGCAATC,0,3616629
tmaR_predicted,0.25,3,3,CGGGACTGCTTGGAGCCTGG,0,3610308
tmaR_predicted,0.25,3,3,CGGGACACCGTTGCTGCCTC,0,3625824
tmaR_predicted,0.25,3,3,CGGGAAGCAAGTAGACCCAA,0,3649252
tmaR_predicted,0.25,3,3,CGGGAAGAAGCATGGATATC,0,3619049
tmaR_predicted,0.25,3,3,CGGGAACCCAGAAGGAGGAC,0,3627155
tmaR_predicted,0.25,3,3,CGGCGTCCATATTCACGAAA,0,3606861
tmaR_predicted,0.25,3,3,CGGCGCCTACCCATAGCAGC,0,3631044
tmaR_predicted,0.25,3,3,CGGACTGCACACTGCCAGCC,0,3635230
tmaR_predicted,0.25,3,3,CGGACTCTACAATAGTCGAA,0,3605990
tmaR_predicted,0.25,3,3,CGGACAGGGCGTGCGCTCTA,0,3645488
tmaR_predicted,0.25,3,3,CGGAAGTCGAATTACAAAGA,0,3605003
tmaR_predicted,0.25,3,3,CGCTTGGGGTTTGCAGTAAT,0,3638490
tmaR_predicted,0.25,3,3,CGCTTCCTCGCGGTTTTCAT,0,3606682
tmaR_predicted,0.25,3,3,CGCTGCGTCTATCACTGGCG,0,3605965
tmaR_predicted,0.25,3,3,CGCTATGGTTAGCTAAGTCA,0,3620539
tmaR_predicted,0.25,3,3,CGCGGTGTTTATTAACCGCG,0,3639333
tmaR_predicted,0.25,3,3,CGCGGTAGGTCCGCAAGATG,0,3629658
tmaR_predicted,0.25,3,3,CGCGAAGGGCGTCATAATAC,0,3606755
tmaR_predicted,0.25,3,3,CGCCCGAGGCGTAAAGGTAC,0,3604025
tmaR_predicted,0.25,3,3,CGCCCCACGCCGCTGGTAGT,0,3635434
tmaR_predicted,0.25,3,3,CGCCAGAGGCATGCCCGCGG,0,3644508
tmaR_predicted,0.25,3,3,CGCAGCCCGAAGTGTTAGAT,0,3627806
tmaR_predicted,0.25,3,3,CGCAGAACTGATCACCGCTC,0,3633707
tmaR_predicted,0.25,3,3,CGCACGCTAAAACCAACGTG,0,3647788
tmaR_predicted,0.25,3,3,CGCACCACGAAGTCCGGTTA,0,3637373
tmaR_predicted,0.25,3,3,CGCACAGATAGGCAAGCGGA,0,3610114
tmaR_predicted,0.25,3,3,CGCAACAGGGGATTATCGTG,0,3633246
tmaR_predicted,0.25,3,3,CGCAAACCGGCATGCGTAAA,0,3630462
tmaR_predicted,0.25,3,3,CGATTACCCGGGCTAATCGC,0,3643966
tmaR_predicted,0.25,3,3,CGATGTTAGACTTTATGTAG,0,3649566
tmaR_predicted,0.25,3,3,CGATGCCGGGCTGGACGGTC,0,3611580
tmaR_predicted,0.25,3,3,CGATGATATGCGTTCAAAAT,0,3622078
tmaR_predicted,0.25,3,3,CGATCCCCGGACAGTAAGTG,0,3628086
tmaR_predicted,0.25,3,3,CGATAGCAACACAGCTATGT,0,3607736
tmaR_predicted,0.25,3,3,CGAGGTCTGTCCACATACTT,0,3630811
tmaR_predicted,0.25,3,3,CGAGCGCCTTTGCTGGCGCC,0,3638808
tmaR_predicted,0.25,3,3,CGACTCTTATTGTTGGGTCC,0,3635443
tmaR_predicted,0.25,3,3,CGACACGCTACAATATGGTA,0,3627095
tmaR_predicted,0.25,3,3,CGACACCACCGGCTCGCAGC,0,3618095
tmaR_predicted,0.25,3,3,CGACACACGTTCTCTCTTCA,0,3616264
tmaR_predicted,0.25,3,3,CGAATTGCAAAATGCGTTAT,0,3647561
tmaR_predicted,0.25,3,3,CGAACTTTTAGCTAGAAGAA,0,3620297
tmaR_predicted,0.25,3,3,CGAACAAGTGGTTAAACTCT,0,3621740
tmaR_predicted,0.25,3,3,CCTTGCACCGCGTCCATACA,0,3607550
tmaR_predicted,0.25,3,3,CCTTCGGTGTACGCATCATA,0,3627173
tmaR_predicted,0.25,3,3,CCTTAAATAACGCGCTACCA,0,3649557
tmaR_predicted,0.25,3,3,CCTGATTACCTTCTTATGGA,0,3625675
tmaR_predicted,0.25,3,3,CCTGATACATCGGGGTCATG,0,3640545
tmaR_predicted,0.25,3,3,CCTCCAAAGAGCCCGGCACA,0,3608805
tmaR_predicted,0.25,3,3,CCTCAATTGTAACAAGCTAA,0,3628996
tmaR_predicted,0.25,3,3,CCTATGTAACGCGGGGTGTT,0,3611915
tmaR_predicted,0.25,3,3,CCTATCTCCGGCGCAACGTC,0,3620528
tmaR_predicted,0.25,3,3,CCTAGTGGACAAAACTCAGC,0,3615901
tmaR_predicted,0.25,3,3,CCTAGTCTACGATCAACTCA,0,3636369
tmaR_predicted,0.25,3,3,CCTAGCTCGGCCTGATGATT,0,3649257
tmaR_predicted,0.25,3,3,CCTACTGGTATTTGATAGGG,0,3646217
tmaR_predicted,0.25,3,3,CCGTGACAAGGTGACGAGTA,0,3648882
tmaR_predicted,0.25,3,3,CCGTCTGAAAACGGCGCCCC,0,3632738
tmaR_predicted,0.25,3,3,CCGGCTAAATGATACGTTGT,0,3640941
tmaR_predicted,0.25,3,3,CCGCGTGTGCTGCGACACTC,0,3621396
tmaR_predicted,0.25,3,3,CCGCAGTACCGTAGCCTCAA,0,3632749
tmaR_predicted,0.25,3,3,CCGCAGCAAAGGACACTGGT,0,3610543
tmaR_predicted,0.25,3,3,CCGATTTGTCTAAATCGTCA,0,3642363
tmaR_predicted,0.25,3,3,CCGAGTATCACCCACCGCAT,0,3615685
tmaR_predicted,0.25,3,3,CCGAGGGGCCGAGGCCGGGG,0,3633078
tmaR_predicted,0.25,3,3,CCGACGACAAGACGGATAGC,0,3628580
tmaR_predicted,0.25,3,3,CCCTTGTTCTAGGAGCGACG,0,3623136
tmaR_predicted,0.25,3,3,CCCTGTTTAGAACTGACGGT,0,3633462
tmaR_predicted,0.25,3,3,CCCTGAATTGACCTCAACGG,0,3605628
tmaR_predicted,0.25,3,3,CCCTCTGAAGGGTAGTGCCA,0,3623218
tmaR_predicted,0.25,3,3,CCCTCAGCGCATTCCCCAGT,0,3616459
tmaR_predicted,0.25,3,3,CCCTAGATAGCGACTCCGTG,0,3606073
tmaR_predicted,0.25,3,3,CCCGGTTTTTTGTGCAAAGG,0,3605825
tmaR_predicted,0.25,3,3,CCCGCGTAGCCACCGGTGAT,0,3619075
tmaR_predicted,0.25,3,3,CCCGAGGGACATGCTTCACT,0,3617582
tmaR_predicted,0.25,3,3,CCCCTCCTATGCAAGACCAG,0,3646061
tmaR_predicted,0.25,3,3,CCCCGGTCACTCAATCGATG,0,3633908
tmaR_predicted,0.25,3,3,CCCCGGGCGAGGAGGTGATC,0,3617424
tmaR_predicted,0.25,3,3,CCCCAGGGATACAGCACAGC,0,3625406
tmaR_predicted,0.25,3,3,CCATTTGTCATCCGCTAAAC,0,3634969
tmaR_predicted,0.25,3,3,CCATTGCCTGTCTGGGACAT,0,3626328
tmaR_predicted,0.25,3,3,CCATTAGGTTCGGTACTTGG,0,3632283
tmaR_predicted,0.25,3,3,CCATTACTGCGACCGGGCTA,0,3614171
tmaR_predicted,0.25,3,3,CCATGCTATTACATAGAGAG,0,3645287
tmaR_predicted,0.25,3,3,CCATGCGAATCAGCGGATGT,0,3630512
tmaR_predicted,0.25,3,3,CCATGATCGCGCCTTGCACT,0,3641860
tmaR_predicted,0.25,3,3,CCATCTCGACTTTAGTTTAA,0,3614611
tmaR_predicted,0.25,3,3,CCATCGGTGCGTGAATACGG,0,3608129
tmaR_predicted,0.25,3,3,CCATATTACGAGAGGAAGAC,0,3627256
tmaR_predicted,0.25,3,3,CCATAAACAGACGCCCATCA,0,3625643
tmaR_predicted,0.25,3,3,CCAGTATCAACCGTTAATGT,0,3649758
tmaR_predicted,0.25,3,3,CCAGGGCATGCGGGGAGTGT,0,3643361
tmaR_predicted,0.25,3,3,CCAGGCTTCGGAGACTCCCG,0,3613718
tmaR_predicted,0.25,3,3,CCAGGCGGGAAGGTGTATCA,0,3634389
tmaR_predicted,0.25,3,3,CCAGATGACATATTTCACTT,0,3616512
tmaR_predicted,0.25,3,3,CCAGAGCAGCTGGGCGCGGG,0,3631740
tmaR_predicted,0.25,3,3,CCAGAGCAACCCACAACTGT,0,3644976
tmaR_predicted,0.25,3,3,CCACTTGCCGGCCATACCAA,0,3603914
tmaR_predicted,0.25,3,3,CCACGGTTCGGTCATGGAAC,0,3639283
tmaR_predicted,0.25,3,3,CCACGACGCCGGAAACAGAG,0,3642605
tmaR_predicted,0.25,3,3,CCACCGCGTGACGCCAAATG,0,3609762
tmaR_predicted,0.25,3,3,CCACCAGGGAGGCTCATACC,0,3627761
tmaR_predicted,0.25,3,3,CCACAGCGCTGCCGGACAGG,0,3636371
tmaR_predicted,0.25,3,3,CCACACTCTTTCTCTTGGTT,0,3609835
tmaR_predicted,0.25,3,3,CCACACTAATCCGCCATCAG,0,3611398
tmaR_predicted,0.25,3,3,CCAATTCCGAGCAGTGGACC,0,3643598
tmaR_predicted,0.25,3,3,CCAATTCAGGCTCGATAGCG,0,3643623
tmaR_predicted,0.25,3,3,CCAATTAGCGTCCAATCCAC,0,3613643
tmaR_predicted,0.25,3,3,CCAATAGCTTTACCGGGACT,0,3624335
tmaR_predicted,0.25,3,3,CCAAGCAGTAGGCCCTCGTT,0,3624768
tmaR_predicted,0.25,3,3,CCAACGGCATTTCAGAAAGA,0,3646864
tmaR_predicted,0.25,3,3,CCAACGCGAGGGATTATTCA,0,3607002
tmaR_predicted,0.25,3,3,CATGTGCCACCTGGCTTTTC,0,3645901
tmaR_predicted,0.25,3,3,CATGTATGTTACAAAGTCCA,0,3631120
tmaR_predicted,0.25,3,3,CATGGGCATTTTGTGACCAC,0,3622342
tmaR_predicted,0.25,3,3,CATGAGCCTCGGGACATCAT,0,3650343
tmaR_predicted,0.25,3,3,CATGAAGTTGGCAACGGTTA,0,3611525
tmaR_predicted,0.25,3,3,CATCTGAGAGTAACCCGTGA,0,3635730
tmaR_predicted,0.25,3,3,CATCGGCTGGTTAGACAATC,0,3631506
tmaR_predicted,0.25,3,3,CATCCCGCGGTACCTCTTAA,0,3609402
tmaR_predicted,0.25,3,3,CATATACCCTGGCCTATACA,0,3631436
tmaR_predicted,0.25,3,3,CATAGTGATCGAAGCAGAGT,0,3628248
tmaR_predicted,0.25,3,3,CATACTCTTAGGCTGTTAGG,0,3634569
tmaR_predicted,0.25,3,3,CATAATCAGCACTATGAGAA,0,3627939
tmaR_predicted,0.25,3,3,CATAAGTTCAGAGTATCAGT,0,3630570
tmaR_predicted,0.25,3,3,CATAAAAGTATAACAGGTTA,0,3647253
tmaR_predicted,0.25,3,3,CAGTTATTCTGGGGCGTAAG,0,3614967
tmaR_predicted,0.25,3,3,CAGTTAGCATTTAAATGTGG,0,3611322
tmaR_predicted,0.25,3,3,CAGTGTTAAAGTGATAGTCT,0,3608907
tmaR_predicted,0.25,3,3,CAGTATTGCCTTCACACTAG,0,3618894
tmaR_predicted,0.25,3,3,CAGGAACGCTCTAGTCTTAA,0,3636270
tmaR_predicted,0.25,3,3,CAGCGTCTTACTTCGACTTA,0,3636183
tmaR_predicted,0.25,3,3,CAGCCGCTAGTGGGCAAACA,0,3609020
tmaR_predicted,0.25,3,3,CAGCCCGGGCTCGGGTCCGT,0,3639430
tmaR_predicted,0.25,3,3,CAGCCAGCTTCCGCGTTCCG,0,3618949
tmaR_predicted,0.25,3,3,CAGATGTCCAACCGGCTAAC,0,3642009
tmaR_predicted,0.25,3,3,CAGATAAATGAATACAAGGA,0,3638662
tmaR_predicted,0.25,3,3,CAGACCGACTGCCATTATAT,0,3647236
tmaR_predicted,0.25,3,3,CAGAACACCGGGGGGCGAGT,0,3605938
tmaR_predicted,0.25,3,3,CACTTGGTAGGGGCGTACAT,0,3616744
tmaR_predicted,0.25,3,3,CACTTGGAATGTACACTTTG,0,3611692
tmaR_predicted,0.25,3,3,CACTGGAGCCTCGCTGCACA,0,3612666
tmaR_predicted,0.25,3,3,CACTCGTCTAGTTGAGACGG,0,3604887
tmaR_predicted,0.25,3,3,CACTCCCAGGGCTGTCTAAT,0,3618457
tmaR_predicted,0.25,3,3,CACGGTTCTACTACGGTATC,0,3643856
tmaR_predicted,0.25,3,3,CACGGTACAGCGGGTGTCCG,0,3641512
tmaR_predicted,0.25,3,3,CACGCGTCTGGTAAACCACC,0,3613450
tmaR_predicted,0.25,3,3,CACGATGCCAACGTTAATGG,0,3606130
tmaR_predicted,0.25,3,3,CACGACTTTAGGCGCGAAGT,0,3632158
tmaR_predicted,0.25,3,3,CACCGGACAAACTAGAGCGG,0,3641046
tmaR_predicted,0.25,3,3,CACCGCTCAGATATCGGAGG,0,3603950
tmaR_predicted,0.25,3,3,CACCCGTATTCTGCTCGGCT,0,3636175
tmaR_predicted,0.25,3,3,CACCCGCATCATAGCATTAG,0,3645251
tmaR_predicted,0.25,3,3,CAAGTCCCTAATGCCAAACA,0,3625373
tmaR_predicted,0.25,3,3,CAAGGGACATCAATACCTAT,0,3625879
tmaR_predicted,0.25,3,3,CAAGCCTATATTAGCACAGG,0,3604558
tmaR_predicted,0.25,3,3,CAACCTTCGCTGGAGTGAAA,0,3610202
tmaR_predicted,0.25,3,3,CAACAAATCTATTGGACAGT,0,3618204
tmaR_predicted,0.25,3,3,CAAATGACGGGTTCCCGGCT,0,3610436
tmaR_predicted,0.25,3,3,CAAAGGTCTGAAGATGCTAC,0,3626373
tmaR_predicted,0.25,3,3,CAAAATCGTATATATGCGAC,0,3608049
tmaR_predicted,0.25,3,3,CAAAAGTATCAATCTAACGC,0,3629020
tmaR_predicted,0.25,3,3,ATTTTAATTCCGAACTGAGC,0,3619697
tmaR_predicted,0.25,3,3,ATTTGTCCCCGGACTACAGC,0,3639590
tmaR_predicted,0.25,3,3,ATTTGAACCCGCTCTCTTTA,0,3630986
tmaR_predicted,0.25,3,3,ATTTCCACACGTATACAGGG,0,3646346
tmaR_predicted,0.25,3,3,ATTTCAATTCTTAACCTGAA,0,3612547
tmaR_predicted,0.25,3,3,ATTTAACAGTACATGACTGG,0,3616029
tmaR_predicted,0.25,3,3,ATTGTAAAGTGCCCATGGTC,0,3639492
tmaR_predicted,0.25,3,3,ATTGCTAGATCCCGAACGCA,0,3613730
tmaR_predicted,0.25,3,3,ATTGCGACCATTGGCAACCC,0,3607590
tmaR_predicted,0.25,3,3,ATTGCAGGTAGGGGTCGGAG,0,3622101
tmaR_predicted,0.25,3,3,ATTGCACAGTATTGGAAATA,0,3619789
tmaR_predicted,0.25,3,3,ATTGACCATTTGGTAATCTT,0,3635212
tmaR_predicted,0.25,3,3,ATTCCGAGAAGAAAAGCTCT,0,3643231
tmaR_predicted,0.25,3,3,ATTCATGGATATGCGAATGG,0,3643830
tmaR_predicted,0.25,3,3,ATTCAGTGTAAGCACCCACG,0,3619968
tmaR_predicted,0.25,3,3,ATTCACATCGTGCTGGCTCC,0,3639241
tmaR_predicted,0.25,3,3,ATTACTTCCTTAGAATTGTT,0,3617467
tmaR_predicted,0.25,3,3,ATTAACGGTATCAGTGTTCC,0,3628165
tmaR_predicted,0.25,3,3,ATGTGCGCCGACATAGGGGG,0,3631845
tmaR_predicted,0.25,3,3,ATGTGAACCCTTTAAGGATT,0,3613770
tmaR_predicted,0.25,3,3,ATGTAGACATAGCGAAAGGA,0,3647445
tmaR_predicted,0.25,3,3,ATGGGTATTTCAGTGGTTGT,0,3626968
tmaR_predicted,0.25,3,3,ATGGGCGCAGGCCTAAAGGT,0,3626458
tmaR_predicted,0.25,3,3,ATGGCTCATCTTCTGAGTTT,0,3646822
tmaR_predicted,0.25,3,3,ATGGATGCTCTAGCTAACGA,0,3650297
tmaR_predicted,0.25,3,3,ATGCTGCAAGGCGATGCCCC,0,3614560
tmaR_predicted,0.25,3,3,ATGCGGGTCGAGGGCTCCAA,0,3607865
tmaR_predicted,0.25,3,3,ATGCGGCCTGTCGATGTAGA,0,3633375
tmaR_predicted,0.25,3,3,ATGCGGAAGCCTTGTGAACT,0,3607958
tmaR_predicted,0.25,3,3,ATGCGCGGCTGATGCTTGGC,0,3617515
tmaR_predicted,0.25,3,3,ATGCGCCGTGGAAACGTGGT,0,3645945
tmaR_predicted,0.25,3,3,ATGCCATAGAATAGTATCCT,0,3636502
tmaR_predicted,0.25,3,3,ATGCCAAAGGGGTCGCCATC,0,3637439
tmaR_predicted,0.25,3,3,ATGCAAGTGCTGTCAGTGAA,0,3628034
tmaR_predicted,0.25,3,3,ATGAACGGAGGACCCAAAAG,0,3619272
tmaR_predicted,0.25,3,3,ATCTTGTGGTTCGTAGGTTA,0,3643092
tmaR_predicted,0.25,3,3,ATCTTGGCTAGCAGGCGTGT,0,3631246
tmaR_predicted,0.25,3,3,ATCTGGGCGCGAACTCCCAT,0,3640752
tmaR_predicted,0.25,3,3,ATCTGCGAACTTATGGAAGT,0,3649710
tmaR_predicted,0.25,3,3,ATCTGACTCTCCCTACGGTG,0,3630068
tmaR_predicted,0.25,3,3,ATCTGACATGCCGGACCCCA,0,3613451
tmaR_predicted,0.25,3,3,ATCTCGTGTTCGTTCCACTC,0,3629299
tmaR_predicted,0.25,3,3,ATCTCGTGTGAATAGTAAAG,0,3640764
tmaR_predicted,0.25,3,3,ATCTCGGTTGGTCATGGATC,0,3645048
tmaR_predicted,0.25,3,3,ATCTCCTACGTAAGGGTTAC,0,3633207
tmaR_predicted,0.25,3,3,ATCTCAACTAAATTTGGTAA,0,3622924
tmaR_predicted,0.25,3,3,ATCTAGCATGCGACGTTGTG,0,3615014
tmaR_predicted,0.25,3,3,ATCGTTCCCTCGCTATGAAC,0,3627251
tmaR_predicted,0.25,3,3,ATCGTGATGGCTACCGGAAC,0,3617851
tmaR_predicted,0.25,3,3,ATCGTAAATGCGGATGCGAT,0,3612281
tmaR_predicted,0.25,3,3,ATCGGTCTACGTTTTAGAAC,0,3648109
tmaR_predicted,0.25,3,3,ATCGGTCATCCATGCGACAA,0,3615682
tmaR_predicted,0.25,3,3,ATCGGATTATAATATCTTGG,0,3632037
tmaR_predicted,0.25,3,3,ATCCTGTGTCTCCTACGGGG,0,3626542
tmaR_predicted,0.25,3,3,ATCCTAATTACGTATCAAGA,0,3646929
tmaR_predicted,0.25,3,3,ATCCGGCGGATCCACACATG,0,3620267
tmaR_predicted,0.25,3,3,ATCATCAGCTCATATCCTTC,0,3640831
tmaR_predicted,0.25,3,3,ATCAGACGGTGCGAGTACGT,0,3647207
tmaR_predicted,0.25,3,3,ATCACTCCGTAAACGGGAAC,0,3640341
tmaR_predicted,0.25,3,3,ATCACGGCCGGTAGGCATTG,0,3619248
tmaR_predicted,0.25,3,3,ATCACAAAGTATCCCTAGCG,0,3644712
tmaR_predicted,0.25,3,3,ATATTTTTTCTCGCCTATGG,0,3623005
tmaR_predicted,0.25,3,3,ATATAACTTTGCCTACCGAC,0,3646145
tmaR_predicted,0.25,3,3,ATAGCGTATGGTTCAGTTAC,0,3612489
tmaR_predicted,0.25,3,3,ATACCCTCGTGTACTTGGGG,0,3621086
tmaR_predicted,0.25,3,3,ATACCACCTTACAGGCTTCC,0,3625956
tmaR_predicted,0.25,3,3,ATAACGAACGTGAGGCAAGA,0,3627317
tmaR_predicted,0.25,3,3,AGTTTCGGTCCCAGCATGGG,0,3643042
tmaR_predicted,0.25,3,3,AGTTTCCTGGCCCGGGGACA,0,3640380
tmaR_predicted,0.25,3,3,AGTTGAGACGGTGTCTCTCT,0,3641205
tmaR_predicted,0.25,3,3,AGTTCTGACACAAAGGCCTC,0,3616591
tmaR_predicted,0.25,3,3,AGTTATCATCTGCCGGAACC,0,3634530
tmaR_predicted,0.25,3,3,AGTGTGTATTAAGCCTCTAA,0,3620676
tmaR_predicted,0.25,3,3,AGTGGCTCCTGACAGTTTGT,0,3619923
tmaR_predicted,0.25,3,3,AGTGGCTAAGGTCTCTGACA,0,3648606
tmaR_predicted,0.25,3,3,AGTGCGGAGACGAAACGCCA,0,3611323
tmaR_predicted,0.25,3,3,AGTGAGGAACTCCATGGATA,0,3643735
tmaR_predicted,0.25,3,3,AGTGACACTTGTGAGTGGCG,0,3618226
tmaR_predicted,0.25,3,3,AGTCTAATTCATATGGTAAT,0,3628497
tmaR_predicted,0.25,3,3,AGTCCACTCCTACGGCTTAA,0,3644944
tmaR_predicted,0.25,3,3,AGTCAAGGCCCGGCCTGTGA,0,3630404
tmaR_predicted,0.25,3,3,AGTATGCCAAGACCCTCGAC,0,3618115
tmaR_predicted,0.25,3,3,AGTAGTAAGAGACCCGGCTA,0,3612300
tmaR_predicted,0.25,3,3,AGTACGCGAGTCCCCTCGCA,0,3643298
tmaR_predicted,0.25,3,3,AGTAACGCTTCGTGTGAGGG,0,3631972
tmaR_predicted,0.25,3,3,AGGTAGCCAAAGACATGACC,0,3622285
tmaR_predicted,0.25,3,3,AGGGGTTTATACGAAACTCA,0,3624161
tmaR_predicted,0.25,3,3,AGGGGTAAAGTCCCGCGGGC,0,3627698
tmaR_predicted,0.25,3,3,AGGGCCGCTTAAAGAATGAT,0,3614019
tmaR_predicted,0.25,3,3,AGGGATTTAGAGAGCTGAAT,0,3636821
tmaR_predicted,0.25,3,3,AGGGACCACGTATGAAACAC,0,3609396
tmaR_predicted,0.25,3,3,AGGCTGAGACCTGTGGAGAT,0,3639024
tmaR_predicted,0.25,3,3,AGGCAACCCGGAAACCTATG,0,3611433
tmaR_predicted,0.25,3,3,AGGATGCCCTACCATATATT,0,3608152
tmaR_predicted,0.25,3,3,AGGAGGTCATCGCCATTGGT,0,3612239
tmaR_predicted,0.25,3,3,AGGAGCACATATTAGCCTGG,0,3639721
tmaR_predicted,0.25,3,3,AGGACAGAGCGTATTCCAGA,0,3633550
tmaR_predicted,0.25,3,3,AGGAATAGGGATACCAGTTA,0,3636656
tmaR_predicted,0.25,3,3,AGGAACTTTTTTCCGGCGAT,0,3645352
tmaR_predicted,0.25,3,3,AGGAACCACTTGATGGTACA,0,3623231
tmaR_predicted,0.25,3,3,AGCTTTGACCTGCAAGAGCT,0,3625432
tmaR_predicted,0.25,3,3,AGCTTGGACGAATTAACGCT,0,3644950
tmaR_predicted,0.25,3,3,AGCTGGCCTCTCACAGTTAT,0,3648919
tmaR_predicted,0.25,3,3,AGCTGCAGAGGAGGCCAATC,0,3609105
tmaR_predicted,0.25,3,3,AGCTCGAGATGGCTGGAGGT,0,3624048
tmaR_predicted,0.25,3,3,AGCTCCCTGCGATTGAGAAT,0,3645309
tmaR_predicted,0.25,3,3,AGCTAAAATGTATCTGGCAT,0,3631239
tmaR_predicted,0.25,3,3,AGCGGTAGTTCCTCATTCAA,0,3633631
tmaR_predicted,0.25,3,3,AGCGCTAAAAGTTTCGTCGT,0,3609790
tmaR_predicted,0.25,3,3,AGCGCCCCGGCTCAGGGAAT,0,3629089
tmaR_predicted,0.25,3,3,AGCGAGATGAGCTGCTCTTG,0,3616317
tmaR_predicted,0.25,3,3,AGCGAAGTAAACGCACCAGG,0,3631899
tmaR_predicted,0.25,3,3,AGCCTCGTGGAATGGAGACA,0,3645856
tmaR_predicted,0.25,3,3,AGCCTACGGCGGCTCGCCCA,0,3641768
tmaR_predicted,0.25,3,3,AGCCACATGATCCAAAGAGA,0,3627658
tmaR_predicted,0.25,3,3,AGCATTCGACTACTTAGGAA,0,3639750
tmaR_predicted,0.25,3,3,AGCACTTGTGCAGTATTTTA,0,3642951
tmaR_predicted,0.25,3,3,AGCACGGCTCCTTTCACAAA,0,3613193
tmaR_predicted,0.25,3,3,AGCACAGAGAGGCGCTGTAC,0,3632900
tmaR_predicted,0.25,3,3,AGATTCAGCAATTCCAGGCG,0,3615968
tmaR_predicted,0.25,3,3,AGATTATGTCCGGAGCAGTG,0,3615383
tmaR_predicted,0.25,3,3,AGATTAACGATGACCTGCTG,0,3618878
tmaR_predicted,0.25,3,3,AGATCTAATTAAAATGTAAG,0,3641669
tmaR_predicted,0.25,3,3,AGAGTGTGGATATGTGGGAA,0,3632856
tmaR_predicted,0.25,3,3,AGAGTACGGCGCGATAGATC,0,3633167
tmaR_predicted,0.25,3,3,AGAGTAACTCGTTTAGGTAC,0,3638837
tmaR_predicted,0.25,3,3,AGAGGCTAGTGCGGTTACTG,0,3643320
tmaR_predicted,0.25,3,3,AGAGGACCCGTTCCCAGAGC,0,3619361
tmaR_predicted,0.25,3,3,AGACTCGCACCGTAGGGCGC,0,3632744
tmaR_predicted,0.25,3,3,AGACGACTACCCGTGATAGT,0,3643885
tmaR_predicted,0.25,3,3,AGACGAAGGACTCGGTTCCT,0,3619247
tmaR_predicted,0.25,3,3,AGACCGTGGCGGCTAGAAGT,0,3621744
tmaR_predicted,0.25,3,3,AGACCGACCCCATCCTTCTT,0,3610305
tmaR_predicted,0.25,3,3,AGACCAGAGGCGCGTGGCAA,0,3612354
tmaR_predicted,0.25,3,3,AGACACTATGACACACATGT,0,3617214
tmaR_predicted,0.25,3,3,AGACACACCAACCAGGCACA,0,3631617
tmaR_predicted,0.25,3,3,AGAATTACTGCCTGGAGGAC,0,3625808
tmaR_predicted,0.25,3,3,AGAATGCCGTTATCGAACTG,0,3615534
tmaR_predicted,0.25,3,3,AGAATCGTGGCGTGGTGCGT,0,3606205
tmaR_predicted,0.25,3,3,AGAATATTCGTAAGAAATCT,0,3609882
tmaR_predicted,0.25,3,3,AGAAAGCCTCGCCTGTACAA,0,3641850
tmaR_predicted,0.25,3,3,AGAAAGACGCGGATCGTTTA,0,3636321
tmaR_predicted,0.25,3,3,ACTTTTACTCTATGTCGAAC,0,3622710
tmaR_predicted,0.25,3,3,ACTTTCGGTAGGTAGAGTAG,0,3648030
tmaR_predicted,0.25,3,3,ACTTTAGCCTCCGAGAACAC,0,3645195
tmaR_predicted,0.25,3,3,ACTTGTCATCTCTGTGCTTA,0,3631055
tmaR_predicted,0.25,3,3,ACTTGCCCGAACGGAACCGT,0,3630877
tmaR_predicted,0.25,3,3,ACTTGCCCAAGAGCATTCGG,0,3649079
tmaR_predicted,0.25,3,3,ACTTGATCAATTACCTTGTG,0,3612881
tmaR_predicted,0.25,3,3,ACTTGAGGCAAGATATAGTC,0,3640893
tmaR_predicted,0.25,3,3,ACTTCCGCAGCTCAGAGCAA,0,3615135
tmaR_predicted,0.25,3,3,ACTTCACTGGTTTGGCGGAC,0,3607439
tmaR_predicted,0.25,3,3,ACTGTGTGGTTTCTATGCTA,0,3604971
tmaR_predicted,0.25,3,3,ACTGTCTGTAGGTTGCAGGG,0,3614614
tmaR_predicted,0.25,3,3,ACTGGTTGTCTTCGTATACT,0,3620084
tmaR_predicted,0.25,3,3,ACTGGGCGGCCTCAAGTCCA,0,3604657
tmaR_predicted,0.25,3,3,ACTGGCTAGAAGGAGAATAG,0,3629981
tmaR_predicted,0.25,3,3,ACTGGACTGACACGAGGAGC,0,3621028
tmaR_predicted,0.25,3,3,ACTGGAATTCTTCGATTCTA,0,3622586
tmaR_predicted,0.25,3,3,ACTGCGGGGGCCGACTAATA,0,3631040
tmaR_predicted,0.25,3,3,ACTCTGCTTTTTCGATTATG,0,3638602
tmaR_predicted,0.25,3,3,ACTCTCAGAGGTCGAACGGG,0,3612033
tmaR_predicted,0.25,3,3,ACTCGGAGCAGTTTCCGAAT,0,3608772
tmaR_predicted,0.25,3,3,ACTCGGACCAGTGTGGTATC,0,3620619
tmaR_predicted,0.25,3,3,ACTCCATTACCGCTTAAAAA,0,3614333
tmaR_predicted,0.25,3,3,ACTAGCTGTTCGCCCCTACG,0,3634323
tmaR_predicted,0.25,3,3,ACTAGATTCCGGCTCCATAG,0,3649236
tmaR_predicted,0.25,3,3,ACTAGAGTTGACCACGCGGG,0,3625988
tmaR_predicted,0.25,3,3,ACTACCGAATGTAGAAGATT,0,3628938
tmaR_predicted,0.25,3,3,ACTAAAGCATCAGAGTGTTG,0,3642132
tmaR_predicted,0.25,3,3,ACGTGACCTAGGTCCTGTAA,0,3632194
tmaR_predicted,0.25,3,3,ACGTCCGTAGGACGCAATGG,0,3619933
tmaR_predicted,0.25,3,3,ACGTACAGGGTCAGTGTCGG,0,3638322
tmaR_predicted,0.25,3,3,ACGGTCGAGTCGCAGGGTGC,0,3643375
tmaR_predicted,0.25,3,3,ACGGTCAATTCCAACCGATA,0,3639841
tmaR_predicted,0.25,3,3,ACGGGTTGGTTTTTAGACAC,0,3642239
tmaR_predicted,0.25,3,3,ACGGCTGACCGGCAAAGTCT,0,3643514
tmaR_predicted,0.25,3,3,ACGGCTCCCGATTTAGCTGT,0,3620576
tmaR_predicted,0.25,3,3,ACGCTCCGTCATCGCCCTGT,0,3617324
tmaR_predicted,0.25,3,3,ACGCTCAGTGCCCGGTATCT,0,3630371
tmaR_predicted,0.25,3,3,ACGCTATACCTGGCCTAGAC,0,3641003
tmaR_predicted,0.25,3,3,ACGCGGGCAGGTTCGTTCTA,0,3632071
tmaR_predicted,0.25,3,3,ACGCGAGGGATTTGCAACGG,0,3633913
tmaR_predicted,0.25,3,3,ACGCACTATAGGATTTATTC,0,3609119
tmaR_predicted,0.25,3,3,ACGATTTACGTCAAAGATTA,0,3617455
tmaR_predicted,0.25,3,3,ACGAGTCTCATAGTGTTGCA,0,3644885
tmaR_predicted,0.25,3,3,ACGAAGGACATTCCGGTTCT,0,3616787
tmaR_predicted,0.25,3,3,ACCTTTCCCACCCAACGGAA,0,3641573
tmaR_predicted,0.25,3,3,ACCTGTATTATCGCTCCGGT,0,3636470
tmaR_predicted,0.25,3,3,ACCTGAGAGTCAGATGTGAC,0,3625702
tmaR_predicted,0.25,3,3,ACCTCGTTGTCCTAGGGAGT,0,3626930
tmaR_predicted,0.25,3,3,ACCTCAGCCGAATGTATGCG,0,3611824
tmaR_predicted,0.25,3,3,ACCTATTTGGCAGTTTCCTG,0,3604955
tmaR_predicted,0.25,3,3,ACCTATGGGTGTAATCCCAC,0,3644351
tmaR_predicted,0.25,3,3,ACCGGCGATGGGGTAAACTG,0,3638183
tmaR_predicted,0.25,3,3,ACCGCTCGAGGGTGAGTATA,0,3640859
tmaR_predicted,0.25,3,3,ACCGCGTTGTATTTGGACCA,0,3634080
tmaR_predicted,0.25,3,3,ACCGAATCTGCAGGAAGAGA,0,3644349
tmaR_predicted,0.25,3,3,ACCCTTATGACATCTGGAAT,0,3610770
tmaR_predicted,0.25,3,3,ACCCTAACTCATCAATATAA,0,3648560
tmaR_predicted,0.25,3,3,ACCAGACAGTGTACAGATCT,0,3614087
tmaR_predicted,0.25,3,3,ACCAAGTGGGATTTGCATAC,0,3611526
tmaR_predicted,0.25,3,3,ACATTGAGTGGTGGCCTGAC,0,3627576
tmaR_predicted,0.25,3,3,ACATGTGAAGCATGAGGATA,0,3604075
tmaR_predicted,0.25,3,3,ACATCGATCGGATATGGGAA,0,3630563
tmaR_predicted,0.25,3,3,ACATACTCGTGGTTAATCAA,0,3627160
tmaR_predicted,0.25,3,3,ACAGGGCGCAAACCATACTT,0,3641388
tmaR_predicted,0.25,3,3,ACAGCGGGCTGTTGTTAGAC,0,3629195
tmaR_predicted,0.25,3,3,ACAGCCGCTGGAAATGCCTA,0,3605279
tmaR_predicted,0.25,3,3,ACAGCCAGTCTGGAGGCGGA,0,3632002
tmaR_predicted,0.25,3,3,ACAGATTAGAGCAAGTTGTA,0,3610166
tmaR_predicted,0.25,3,3,ACACTATCGACGACTGATCG,0,3640244
tmaR_predicted,0.25,3,3,ACACGGTGGATATCGACCAA,0,3634977
tmaR_predicted,0.25,3,3,ACACGAATCCACTCAGTATT,0,3634561
tmaR_predicted,0.25,3,3,ACAATTATTCGCGCGACCAG,0,3615981
tmaR_predicted,0.25,3,3,ACAACCTGAATATTCCTCCG,0,3617519
tmaR_predicted,0.25,3,3,AATTTTGTCCCACCTCTCAG,0,3648472
tmaR_predicted,0.25,3,3,AATTTTCGATGTGTGTACGC,0,3615422
tmaR_predicted,0.25,3,3,AATTGGTCAACCCCCAGAGT,0,3623062
tmaR_predicted,0.25,3,3,AATTGGAGCAGTGGGACAGC,0,3612008
tmaR_predicted,0.25,3,3,AATTGAGTTTAATTGTCAGA,0,3636380
tmaR_predicted,0.25,3,3,AATTCTGGTGCAATGGAGCC,0,3643869
tmaR_predicted,0.25,3,3,AATTCGGTAAGATTTGGCAA,0,3620427
tmaR_predicted,0.25,3,3,AATTCCCTGCTCCGAAACTC,0,3613244
tmaR_predicted,0.25,3,3,AATTAGTGAGAGCCTGATTG,0,3617447
tmaR_predicted,0.25,3,3,AATTAGGCGATCCCTTAGAG,0,3625305
tmaR_predicted,0.25,3,3,AATTACCCTCGGATGACTTG,0,3635015
tmaR_predicted,0.25,3,3,AATGGGTTGAACTTTTGGAA,0,3621251
tmaR_predicted,0.25,3,3,AATGGGGTACACGTCACTCT,0,3614509
tmaR_predicted,0.25,3,3,AATGGGCACGGGACAACGCA,0,3613678
tmaR_predicted,0.25,3,3,AATGGCGGCCACCGCATATA,0,3616012
tmaR_predicted,0.25,3,3,AATGAGTCGCGAATAGTGGC,0,3627731
tmaR_predicted,0.25,3,3,AATCTCCAAAAACGGCCAAT,0,3636166
tmaR_predicted,0.25,3,3,AATCGGGCCTACTAGCCACT,0,3604321
tmaR_predicted,0.25,3,3,AATCGGCTGCCTGACTTCAA,0,3620759
tmaR_predicted,0.25,3,3,AATCACTAGACTCCTGCGGT,0,3647711
tmaR_predicted,0.25,3,3,AATCACGTAGATCCCGGATC,0,3606345
tmaR_predicted,0.25,3,3,AATCAAGATTAGTAGGTAGC,0,3616966
tmaR_predicted,0.25,3,3,AATATTAACGCAGATTCTAC,0,3609912
tmaR_predicted,0.25,3,3,AATAGAGCGTCTGTCCTCTA,0,3608593
tmaR_predicted,0.25,3,3,AATAAGGGTTATACCCGTGA,0,3614224
tmaR_predicted,0.25,3,3,AAGTGGGTACAAAAAGAAGG,0,3610759
tmaR_predicted,0.25,3,3,AAGTGGAGACGACATTGAAA,0,3625237
tmaR_predicted,0.25,3,3,AAGTCTAAATGCCAGGTTTT,0,3639128
tmaR_predicted,0.25,3,3,AAGTCGTTCAGTGATATCGG,0,3626846
tmaR_predicted,0.25,3,3,AAGTCCTCTGGTCTACTGTC,0,3625171
tmaR_predicted,0.25,3,3,AAGTCCAAAATGGGCCGGGG,0,3642981
tmaR_predicted,0.25,3,3,AAGGTGCAATCCGAACGCTA,0,3634532
tmaR_predicted,0.25,3,3,AAGGGTCTGTTTTTGGGGAG,0,3611564
tmaR_predicted,0.25,3,3,AAGGGATGCAAAATATGATT,0,3625053
tmaR_predicted,0.25,3,3,AAGGCTGAATCTAGGCGTCT,0,3636151
tmaR_predicted,0.25,3,3,AAGCTTCCTACCTAGGCGCG,0,3641010
tmaR_predicted,0.25,3,3,AAGCACAAGATTCAGGGTGG,0,3647254
tmaR_predicted,0.25,3,3,AAGATGTGTATAGTTTGTCG,0,3617451
tmaR_predicted,0.25,3,3,AAGATCCGTAGCTCACCCGT,0,3633147
tmaR_predicted,0.25,3,3,AAGAGGAAGCAGCAGGTCGG,0,3636833
tmaR_predicted,0.25,3,3,AAGACGGTCTATCTGGATGT,0,3610614
tmaR_predicted,0.25,3,3,AAGAAATGTTCATCAACGGT,0,3610507
tmaR_predicted,0.25,3,3,AACTTCTTTATCGGTACCGA,0,3637653
tmaR_predicted,0.25,3,3,AACTGAATGGCTCACGTGCT,0,3612452
tmaR_predicted,0.25,3,3,AACTCGTCGGGCGCCCACTC,0,3611762
tmaR_predicted,0.25,3,3,AACTCGTAGCTTATCCCGAA,0,3648674
tmaR_predicted,0.25,3,3,AACTCGGAGTGTCCACGGCT,0,3629025
tmaR_predicted,0.25,3,3,AACTATTGGGTCGCTCAGGT,0,3604103
tmaR_predicted,0.25,3,3,AACTAGCTGCGTCACACTTG,0,3645070
tmaR_predicted,0.25,3,3,AACCCTCCGCCAAAACGTCG,0,3621654
tmaR_predicted,0.25,3,3,AACCATTCTAACGCATCTCC,0,3638303
tmaR_predicted,0.25,3,3,AACCAGCCCCATCCTACACC,0,3633564
tmaR_predicted,0.25,3,3,AACCACTCAAACCGGCACCT,0,3638388
tmaR_predicted,0.25,3,3,AACATTGAGGGATAGAGCTG,0,3606011
tmaR_predicted,0.25,3,3,AACATATGTGAGTTGGTTGA,0,3649804
tmaR_predicted,0.25,3,3,AACAGTTCCTCGCAGCGTAG,0,3640233
tmaR_predicted,0.25,3,3,AACAGGTGGTGAGGCATTTG,0,3614735
tmaR_predicted,0.25,3,3,AACAGGGCCAATGTACCTGG,0,3616074
tmaR_predicted,0.25,3,3,AACACGTCGAGCTTAAGACT,0,3628065
tmaR_predicted,0.25,3,3,AACAAGCGTCTTGGGATGTT,0,3632616
tmaR_predicted,0.25,3,3,AAATGGTAAAGCTCAGAGGT,0,3633916
tmaR_predicted,0.25,3,3,AAATGCGTAAAACAGCGCAG,0,3639137
tmaR_predicted,0.25,3,3,AAATGCATGCGGGCCGCGCA,0,3634273
tmaR_predicted,0.25,3,3,AAATCACGATTGAGGAAGAT,0,3633948
tmaR_predicted,0.25,3,3,AAATATGCTGGGCCAGGCTA,0,3632204
tmaR_predicted,0.25,3,3,AAATAGTCCTTCATGATTCG,0,3635990
tmaR_predicted,0.25,3,3,AAATACGGGCTTTCCCTATG,0,3638026
tmaR_predicted,0.25,3,3,AAATACCCGCTCGACCCAAA,0,3639201
tmaR_predicted,0.25,3,3,AAATACCCAGCCGTCCACGG,0,3604439
tmaR_predicted,0.25,3,3,AAAGTTACTCTAGCGCGCAG,0,3637651
tmaR_predicted,0.25,3,3,AAAGTATTTCCCTGCAACAA,0,3630931
tmaR_predicted,0.25,3,3,AAAGTACAACGCCGAACCCA,0,3623211
tmaR_predicted,0.25,3,3,AAAGGGTTCCGGGGTAACAC,0,3650335
tmaR_predicted,0.25,3,3,AAAGGGGCTCTCCAATTGAC,0,3648165
tmaR_predicted,0.25,3,3,AAAGGATTCTACGCGACAGG,0,3638266
tmaR_predicted,0.25,3,3,AAAGCTTATCATCGAAGATC,0,3620461
tmaR_predicted,0.25,3,3,AAAGCTGGAAGCATCAAAGA,0,3642011
tmaR_predicted,0.25,3,3,AAAGCAACCATCTAGCCAGA,0,3617391
tmaR_predicted,0.25,3,3,AAAGACACTCTGGAATACGT,0,3624880
tmaR_predicted,0.25,3,3,AAACTTTTCGCACTTAGTAT,0,3613827
tmaR_predicted,0.25,3,3,AAACTTGAAACCCATCATTG,0,3622146
tmaR_predicted,0.25,3,3,AAACGGCTTCGACCATCAGC,0,3607124
tmaR_predicted,0.25,3,3,AAACAAAGTCAGAGGCAAGT,0,3618499
tmaR_predicted,0.25,3,3,AAACAAAGGGAGGGACAGTA,0,3612298
tmaR_predicted,0.25,3,3,AAAACAAAATACTCCAATAT,0,3640869
tmaR_predicted,0.25,3,3,AAAAAGTGACCGTCATCCCG,0,3617381
tmaR_predicted,0.25,3,3,AAAAAGTCATGGGACTTACA,0,3622577
tmaR_predicted,0.3333333333333333,2,2,TTTTTGACCCATTAATGCAA,0,3638742
tmaR_predicted,0.3333333333333333,2,2,TTTTTACATTTAGACTCTAA,0,3643340
tmaR_predicted,0.3333333333333333,2,2,TTTTCAGTACTATAAAACTT,0,3643029
tmaR_predicted,0.3333333333333333,2,2,TTTGGCAATAGGATGGCGAA,0,3618972
tmaR_predicted,0.3333333333333333,2,2,TTTCTCGCAGCCTTATTGAT,0,3631411
tmaR_predicted,0.3333333333333333,2,2,TTTCTAAGGAGCATTTGGTC,0,3616542
tmaR_predicted,0.3333333333333333,2,2,TTTCGGTGCCAATCATGTCG,0,3628776
tmaR_predicted,0.3333333333333333,2,2,TTTCCCTTGCTGCTTTCCGA,0,3627482
tmaR_predicted,0.3333333333333333,2,2,TTTCAGTCGTGCGCGTGTTT,0,3604621
tmaR_predicted,0.3333333333333333,2,2,TTTATGTGTGATTAATTGTT,0,3624038
tmaR_predicted,0.3333333333333333,2,2,TTTAGACAGACGCTGAGAGA,0,3648517
tmaR_predicted,0.3333333333333333,2,2,TTTACCGGTTGACAGTTCTG,0,3619278
tmaR_predicted,0.3333333333333333,2,2,TTTAAGGTATTCATCCGCAT,0,3619083
tmaR_predicted,0.3333333333333333,2,2,TTTAAAACTATTCCATGTCT,0,3643820
tmaR_predicted,0.3333333333333333,2,2,TTGTTGTGGGTTCGCCCGGT,0,3635552
tmaR_predicted,0.3333333333333333,2,2,TTGTTCCTGGATCGTCTCAT,0,3610142
tmaR_predicted,0.3333333333333333,2,2,TTGTGGTATCATAGATGCGG,0,3646933
tmaR_predicted,0.3333333333333333,2,2,TTGTGGGCATCCCTAGCTCA,0,3626460
tmaR_predicted,0.3333333333333333,2,2,TTGTGCAGCAATATCGGTTA,0,3647328
tmaR_predicted,0.3333333333333333,2,2,TTGGTTGTTACTCCAATCAC,0,3646651
tmaR_predicted,0.3333333333333333,2,2,TTGGGTGTGGCAGTTCCACT,0,3617964
tmaR_predicted,0.3333333333333333,2,2,TTGGACCACGGTTTTTTCCC,0,3633213
tmaR_predicted,0.3333333333333333,2,2,TTGATATAGGACTCGGCTTC,0,3629041
tmaR_predicted,0.3333333333333333,2,2,TTGACGGGCTATGTAATGTA,0,3616421
tmaR_predicted,0.3333333333333333,2,2,TTGACCGGAAGATGCGCCTA,0,3649092
tmaR_predicted,0.3333333333333333,2,2,TTGAATGGATTGTCCTGTAA,0,3610541
tmaR_predicted,0.3333333333333333,2,2,TTCTTCTTGTATGTAGTGAC,0,3637805
tmaR_predicted,0.3333333333333333,2,2,TTCTTCGCGAGCGCTTACTA,0,3628240
tmaR_predicted,0.3333333333333333,2,2,TTCTTAGTCGGGGCCATATC,0,3608714
tmaR_predicted,0.3333333333333333,2,2,TTCTGTATAATTTGGTACCA,0,3646493
tmaR_predicted,0.3333333333333333,2,2,TTCTGGGGTAGCTGATGGCG,0,3617855
tmaR_predicted,0.3333333333333333,2,2,TTCTGGATGGGTATACTTGG,0,3607062
tmaR_predicted,0.3333333333333333,2,2,TTCTCGTAGATCAATAATGC,0,3632710
tmaR_predicted,0.3333333333333333,2,2,TTCTCGGAAGAATACTCGGA,0,3628081
tmaR_predicted,0.3333333333333333,2,2,TTCTAGAAGCTGCATCTACC,0,3636045
tmaR_predicted,0.3333333333333333,2,2,TTCTACCCCGGGGATCGTGT,0,3646867
tmaR_predicted,0.3333333333333333,2,2,TTCGTGAAGATCCCGTGCCT,0,3638047
tmaR_predicted,0.3333333333333333,2,2,TTCGTAGTGAAGAGTAGGAT,0,3613337
tmaR_predicted,0.3333333333333333,2,2,TTCGTAAGGCTTAGGTTAAC,0,3646925
tmaR_predicted,0.3333333333333333,2,2,TTCGGCTTAGTGCTCTTGTC,0,3635083
tmaR_predicted,0.3333333333333333,2,2,TTCGGCCCACCGCCCTGGAA,0,3632602
tmaR_predicted,0.3333333333333333,2,2,TTCGGACACCTGGACCAGGG,0,3625086
tmaR_predicted,0.3333333333333333,2,2,TTCGCTGGGGCATGATGCTA,0,3612716
tmaR_predicted,0.3333333333333333,2,2,TTCGAACACGCGTTTAATGT,0,3631394
tmaR_predicted,0.3333333333333333,2,2,TTCCTTATACTGGACGGGCA,0,3647173
tmaR_predicted,0.3333333333333333,2,2,TTCCTTAGACAGCACGAGGG,0,3619639
tmaR_predicted,0.3333333333333333,2,2,TTCCGGCCAATTGGCTCCCC,0,3647776
tmaR_predicted,0.3333333333333333,2,2,TTCCCGCGCGGCAAAAGGTG,0,3640608
tmaR_predicted,0.3333333333333333,2,2,TTCCCAGATTGCAGTATCTC,0,3641518
tmaR_predicted,0.3333333333333333,2,2,TTCATGTAACGGCGATCATA,0,3642650
tmaR_predicted,0.3333333333333333,2,2,TTCATATGGTCTTGTCTAAT,0,3642611
tmaR_predicted,0.3333333333333333,2,2,TTCATATGAATGACTGAAAT,0,3629683
tmaR_predicted,0.3333333333333333,2,2,TTCATAAAGAATTCTTATGA,0,3607573
tmaR_predicted,0.3333333333333333,2,2,TTCAGGAAAGATTGCTTAGA,0,3642151
tmaR_predicted,0.3333333333333333,2,2,TTCAATGGCTGTCAGCCGGT,0,3623903
tmaR_predicted,0.3333333333333333,2,2,TTATTTGGATTGGGCTTTGG,0,3630084
tmaR_predicted,0.3333333333333333,2,2,TTATCATTACGACCGCCGCA,0,3622180
tmaR_predicted,0.3333333333333333,2,2,TTATCAAGATCCCGGTAGCC,0,3612127
tmaR_predicted,0.3333333333333333,2,2,TTATATTGGACGACTACACG,0,3614682
tmaR_predicted,0.3333333333333333,2,2,TTAGTCCTGGATGACTGGCT,0,3626956
tmaR_predicted,0.3333333333333333,2,2,TTAGTAATGATCACTCGCGT,0,3613806
tmaR_predicted,0.3333333333333333,2,2,TTAGGGGCGCGACCGGTAGG,0,3618090
tmaR_predicted,0.3333333333333333,2,2,TTAGAATAAGTGCGGCGATG,0,3613633
tmaR_predicted,0.3333333333333333,2,2,TTACGTCTACAAGAATACGC,0,3611632
tmaR_predicted,0.3333333333333333,2,2,TTACGCTGCGCTTAACGGAA,0,3639975
tmaR_predicted,0.3333333333333333,2,2,TTACCGTACTCCTGGAGGGG,0,3634610
tmaR_predicted,0.3333333333333333,2,2,TTAATTCCGGAACACGCTCC,0,3610442
tmaR_predicted,0.3333333333333333,2,2,TTAATGGCTTCGTGACTGTC,0,3639455
tmaR_predicted,0.3333333333333333,2,2,TTAAGTTCGCCCAGCTAATT,0,3618136
tmaR_predicted,0.3333333333333333,2,2,TTAAGGAAGCTATAAGGTAC,0,3643354
tmaR_predicted,0.3333333333333333,2,2,TTAAGCAACAGAGGTGAACT,0,3629943
tmaR_predicted,0.3333333333333333,2,2,TTAACTTAAGGTCCATGCTG,0,3612353
tmaR_predicted,0.3333333333333333,2,2,TTAAAACCAGAGGTGCGATA,0,3633159
tmaR_predicted,0.3333333333333333,2,2,TGTTTTAAATACGGAGGAAT,0,3639141
tmaR_predicted,0.3333333333333333,2,2,TGTTTGCTCGGATGATATAG,0,3608358
tmaR_predicted,0.3333333333333333,2,2,TGTTTAAACAATGCCCTTGG,0,3621573
tmaR_predicted,0.3333333333333333,2,2,TGTTGCATGCGTTGACTCTG,0,3625378
tmaR_predicted,0.3333333333333333,2,2,TGTTATTTCGCATTTAATCG,0,3637593
tmaR_predicted,0.3333333333333333,2,2,TGTTAGACATAATCTTTAGT,0,3624202
tmaR_predicted,0.3333333333333333,2,2,TGTTAAATCATCCCTTAACG,0,3628528
tmaR_predicted,0.3333333333333333,2,2,TGTGTTTCGCGAATGCTTTA,0,3637647
tmaR_predicted,0.3333333333333333,2,2,TGTGTTACGATAGCGCGCCG,0,3605857
tmaR_predicted,0.3333333333333333,2,2,TGTGCTCGGACAGCTGTCTT,0,3635385
tmaR_predicted,0.3333333333333333,2,2,TGTGCAAGTGCTCGAGGCCC,0,3634715
tmaR_predicted,0.3333333333333333,2,2,TGTGAATTTATGATCTTAGT,0,3621296
tmaR_predicted,0.3333333333333333,2,2,TGTGAAACCCTATTACAGAA,0,3636510
tmaR_predicted,0.3333333333333333,2,2,TGTCGTGCGCGAAAAAACTG,0,3616801
tmaR_predicted,0.3333333333333333,2,2,TGTCGTCCGAGGGAGCTCCT,0,3620345
tmaR_predicted,0.3333333333333333,2,2,TGTCCGGCGGACAGCGCCAT,0,3621150
tmaR_predicted,0.3333333333333333,2,2,TGTCAGATGCACTCGTTCTT,0,3606551
tmaR_predicted,0.3333333333333333,2,2,TGTCAGACGGACTAGCACGT,0,3636897
tmaR_predicted,0.3333333333333333,2,2,TGTCAACTCCGAGTCTAAAT,0,3614242
tmaR_predicted,0.3333333333333333,2,2,TGTATGCGTGTGGGTAGTAA,0,3621284
tmaR_predicted,0.3333333333333333,2,2,TGGTTTCCTCATGTAATGGG,0,3633792
tmaR_predicted,0.3333333333333333,2,2,TGGTTTCAGCCAATTCGCCT,0,3632633
tmaR_predicted,0.3333333333333333,2,2,TGGTGGGTGAAGATTTTGAC,0,3628298
tmaR_predicted,0.3333333333333333,2,2,TGGTCCTATTTGCCGCTTTA,0,3610200
tmaR_predicted,0.3333333333333333,2,2,TGGGTTTCACTGGCGTTTGC,0,3621853
tmaR_predicted,0.3333333333333333,2,2,TGGGTTCCTTAAACGCACGA,0,3622283
tmaR_predicted,0.3333333333333333,2,2,TGGGGTGATCGCATGGATGA,0,3634013
tmaR_predicted,0.3333333333333333,2,2,TGGGGAGTGCCGCGGGATTC,0,3635818
tmaR_predicted,0.3333333333333333,2,2,TGGGAGCTGGTTCGTGGTTA,0,3623979
tmaR_predicted,0.3333333333333333,2,2,TGGCTTACTTAGATAAGTCA,0,3641441
tmaR_predicted,0.3333333333333333,2,2,TGGCTCTTTGCTCTGTGCAG,0,3629679
tmaR_predicted,0.3333333333333333,2,2,TGGCCTTAGCTGTAGGGCTT,0,3606276
tmaR_predicted,0.3333333333333333,2,2,TGGCCATAAAGATCGTCGCA,0,3612423
tmaR_predicted,0.3333333333333333,2,2,TGGCAACCATTTACTGAATC,0,3620473
tmaR_predicted,0.3333333333333333,2,2,TGGAGTCGTGACGTCGCGTG,0,3604530
tmaR_predicted,0.3333333333333333,2,2,TGGAGGTCTGCTACACTGGA,0,3626606
tmaR_predicted,0.3333333333333333,2,2,TGGAGGGTCACCGCGTGTGA,0,3616067
tmaR_predicted,0.3333333333333333,2,2,TGGAGGCCGTGGCGTTTCAA,0,3610984
tmaR_predicted,0.3333333333333333,2,2,TGGACAATACCAGGCTTTCT,0,3627830
tmaR_predicted,0.3333333333333333,2,2,TGGAATCCCTGCCCGTTTCT,0,3638127
tmaR_predicted,0.3333333333333333,2,2,TGCTTATTAGCGGTGGGCTC,0,3622369
tmaR_predicted,0.3333333333333333,2,2,TGCTGCTGAGCTTCACAGAG,0,3611008
tmaR_predicted,0.3333333333333333,2,2,TGCTCCGCGGGCGACTACGC,0,3649583
tmaR_predicted,0.3333333333333333,2,2,TGCTAAGCTGACTGAGACAC,0,3619988
tmaR_predicted,0.3333333333333333,2,2,TGCGCGACTAAGAAAAAGCC,0,3624228
tmaR_predicted,0.3333333333333333,2,2,TGCGAGTAGGCCTAGAGAGA,0,3617317
tmaR_predicted,0.3333333333333333,2,2,TGCCTTCAATGGATTCAGGT,0,3648848
tmaR_predicted,0.3333333333333333,2,2,TGCCTGACCTCCGGTTAGGT,0,3622681
tmaR_predicted,0.3333333333333333,2,2,TGCCTATCTAGTCTAGTGAC,0,3629690
tmaR_predicted,0.3333333333333333,2,2,TGCCGGGCGGGAAGAGCAAT,0,3625850
tmaR_predicted,0.3333333333333333,2,2,TGCAGAACGGCCTATTTCAC,0,3630016
tmaR_predicted,0.3333333333333333,2,2,TGCACTGAGGATTACGTTTA,0,3615947
tmaR_predicted,0.3333333333333333,2,2,TGCAAGGATTCAGAACGCAT,0,3629057
tmaR_predicted,0.3333333333333333,2,2,TGCAAATAAATGACCCCCAG,0,3611013
tmaR_predicted,0.3333333333333333,2,2,TGATTAGTCACAAGGGGAGC,0,3630733
tmaR_predicted,0.3333333333333333,2,2,TGATGGCTGTATCACTGGTC,0,3625062
tmaR_predicted,0.3333333333333333,2,2,TGATCTTCGTTATGGTAATG,0,3626156
tmaR_predicted,0.3333333333333333,2,2,TGATCGGTGTATCCATAATG,0,3639863
tmaR_predicted,0.3333333333333333,2,2,TGATATCTGTCACCTCAGCA,0,3605103
tmaR_predicted,0.3333333333333333,2,2,TGATATCTGCCCGATTGTAT,0,3617867
tmaR_predicted,0.3333333333333333,2,2,TGATAACCTATGCGTAAAAC,0,3626109
tmaR_predicted,0.3333333333333333,2,2,TGAGTACAGTTTTAATAGGA,0,3645326
tmaR_predicted,0.3333333333333333,2,2,TGAGGTGACAGTCTCTGATG,0,3629963
tmaR_predicted,0.3333333333333333,2,2,TGAGCGCAAGTGTGAACCTC,0,3612862
tmaR_predicted,0.3333333333333333,2,2,TGAGCGATTATGACGCCCAA,0,3644471
tmaR_predicted,0.3333333333333333,2,2,TGAGCAAACCTACATTCAGT,0,3640292
tmaR_predicted,0.3333333333333333,2,2,TGAGAGGTACTTGTCCAGAG,0,3611685
tmaR_predicted,0.3333333333333333,2,2,TGACTTGCTTGGGCGACAAC,0,3615971
tmaR_predicted,0.3333333333333333,2,2,TGACTAAAACGGGAGTCTAG,0,3643157
tmaR_predicted,0.3333333333333333,2,2,TGACAGTTATACTAGATGGC,0,3609014
tmaR_predicted,0.3333333333333333,2,2,TGACAGGCCAAGCCGGCCGG,0,3637080
tmaR_predicted,0.3333333333333333,2,2,TGACAAGCGTGCCAAGTGAA,0,3630314
tmaR_predicted,0.3333333333333333,2,2,TGAATCCATCCAGGTGGCAT,0,3629953
tmaR_predicted,0.3333333333333333,2,2,TGAACTGATCGTTCTCTGTA,0,3641748
tmaR_predicted,0.3333333333333333,2,2,TGAACGAGGGCATGCTCTTT,0,3606141
tmaR_predicted,0.3333333333333333,2,2,TCTTTTCGTGCGTCCGTCAA,0,3606025
tmaR_predicted,0.3333333333333333,2,2,TCTTCCTCGAGGACAGCCAT,0,3642531
tmaR_predicted,0.3333333333333333,2,2,TCTTCCCGCTTAACCCTGTC,0,3614976
tmaR_predicted,0.3333333333333333,2,2,TCTTCATCATGGATTTGACG,0,3616771
tmaR_predicted,0.3333333333333333,2,2,TCTGTCGAGCTCAGTTGGCA,0,3609062
tmaR_predicted,0.3333333333333333,2,2,TCTGGCTCGCGATCAGACGC,0,3615906
tmaR_predicted,0.3333333333333333,2,2,TCTGGAAGCAGGTAGCTGAC,0,3640467
tmaR_predicted,0.3333333333333333,2,2,TCTGCAAACCTGAGTTCAGT,0,3607625
tmaR_predicted,0.3333333333333333,2,2,TCTGATAAGAGATCTGTTAG,0,3607180
tmaR_predicted,0.3333333333333333,2,2,TCTCTCTGTAGGATGCAGAA,0,3641495
tmaR_predicted,0.3333333333333333,2,2,TCTCCTACGGTAATATGGTC,0,3641964
tmaR_predicted,0.3333333333333333,2,2,TCTCATCACTCATTAAATAC,0,3613630
tmaR_predicted,0.3333333333333333,2,2,TCTCAACTTTCTTCATGCAA,0,3614874
tmaR_predicted,0.3333333333333333,2,2,TCTAGTCCTAAGTTTGGTTG,0,3646038
tmaR_predicted,0.3333333333333333,2,2,TCTAGGGGAGCATACTTAAC,0,3616521
tmaR_predicted,0.3333333333333333,2,2,TCTAGATTCAATGACAAGAT,0,3617070
tmaR_predicted,0.3333333333333333,2,2,TCTACCTGAAGACGACACAT,0,3619290
tmaR_predicted,0.3333333333333333,2,2,TCTACCTCTCTCATAAAGCC,0,3611910
tmaR_predicted,0.3333333333333333,2,2,TCTACAGGGCTCAGGTACCC,0,3615775
tmaR_predicted,0.3333333333333333,2,2,TCTAAGGTTATTAGTTTTCA,0,3607067
tmaR_predicted,0.3333333333333333,2,2,TCTAAGCGACTCTACGGTAA,0,3628244
tmaR_predicted,0.3333333333333333,2,2,TCTAACGAGATGTAGCAGAG,0,3632611
tmaR_predicted,0.3333333333333333,2,2,TCTAAATTAAGGGTTACATA,0,3633592
tmaR_predicted,0.3333333333333333,2,2,TCGTTCGGTAGATCAAGTCC,0,3608937
tmaR_predicted,0.3333333333333333,2,2,TCGTGTTCAGACTAAGCTCC,0,3640572
tmaR_predicted,0.3333333333333333,2,2,TCGTGGAGACGCGCCGTCAC,0,3642643
tmaR_predicted,0.3333333333333333,2,2,TCGTGATAGCGCGACGCCAG,0,3617486
tmaR_predicted,0.3333333333333333,2,2,TCGTCTCTTGTCTGCGGCCT,0,3646875
tmaR_predicted,0.3333333333333333,2,2,TCGTAGTGTACCGAATGTGA,0,3613496
tmaR_predicted,0.3333333333333333,2,2,TCGTAATTTAGTCAAAGCCA,0,3641483
tmaR_predicted,0.3333333333333333,2,2,TCGTAATAGGGGTTAAGCGG,0,3639132
tmaR_predicted,0.3333333333333333,2,2,TCGGTTCCACAGGGTTTATG,0,3613627
tmaR_predicted,0.3333333333333333,2,2,TCGGTTACTTGGGCCAATCA,0,3648252
tmaR_predicted,0.3333333333333333,2,2,TCGGTGGTCATTGACAGCCG,0,3635733
tmaR_predicted,0.3333333333333333,2,2,TCGGTCATGTGATGGTCAGT,0,3645731
tmaR_predicted,0.3333333333333333,2,2,TCGGTACATCAGCGAGCAGG,0,3632785
tmaR_predicted,0.3333333333333333,2,2,TCGGGGTAGTGCGGTGTACC,0,3625449
tmaR_predicted,0.3333333333333333,2,2,TCGGCTGTCAATTCCAATGA,0,3607143
tmaR_predicted,0.3333333333333333,2,2,TCGGCCTAGTTACGGGAAAA,0,3627991
tmaR_predicted,0.3333333333333333,2,2,TCGGCAAATCCGGGCTGATA,0,3610940
tmaR_predicted,0.3333333333333333,2,2,TCGGATGGTTGGGTTCTTTG,0,3646151
tmaR_predicted,0.3333333333333333,2,2,TCGCTGACGTAGCACCAATC,0,3606109
tmaR_predicted,0.3333333333333333,2,2,TCGCTGACGATTATTCGAAT,0,3642777
tmaR_predicted,0.3333333333333333,2,2,TCGCTACTCCCTATGTTCCG,0,3641796
tmaR_predicted,0.3333333333333333,2,2,TCGCCGGGCTGGAGGACATC,0,3615382
tmaR_predicted,0.3333333333333333,2,2,TCGCAATCTGATCCGTAACA,0,3629156
tmaR_predicted,0.3333333333333333,2,2,TCGATGGAGTCGATCGTAAA,0,3611119
tmaR_predicted,0.3333333333333333,2,2,TCGATAGTTTAGTTGCGAGA,0,3638203
tmaR_predicted,0.3333333333333333,2,2,TCGATACGACGCGACACTCC,0,3640172
tmaR_predicted,0.3333333333333333,2,2,TCGACTTGATCAATGTAACC,0,3622086
tmaR_predicted,0.3333333333333333,2,2,TCGAAGGTGCAACGAGTTTG,0,3619258
tmaR_predicted,0.3333333333333333,2,2,TCCTTGTGGGTTGGTGTCCT,0,3642758
tmaR_predicted,0.3333333333333333,2,2,TCCTAGGCCTAACAGGGACA,0,3605744
tmaR_predicted,0.3333333333333333,2,2,TCCGGGGCACCCAAGTGCAA,0,3645394
tmaR_predicted,0.3333333333333333,2,2,TCCGCTAAATGGCGGTTAAT,0,3616866
tmaR_predicted,0.3333333333333333,2,2,TCCGCAAATGGCGCTTCAGC,0,3611570
tmaR_predicted,0.3333333333333333,2,2,TCCCTCTCCTCGTTGACGGT,0,3620338
tmaR_predicted,0.3333333333333333,2,2,TCCCGTAATGGGTAGGTGGG,0,3643039
tmaR_predicted,0.3333333333333333,2,2,TCCCGCCATTAATATGTACA,0,3627422
tmaR_predicted,0.3333333333333333,2,2,TCCCCACTCTATGGCCGATA,0,3615313
tmaR_predicted,0.3333333333333333,2,2,TCCCCAACTAAAGGGAATTA,0,3633073
tmaR_predicted,0.3333333333333333,2,2,TCCCAGACTGGATCCTGGAG,0,3628758
tmaR_predicted,0.3333333333333333,2,2,TCCATGCGGTTACCAGTAGT,0,3617939
tmaR_predicted,0.3333333333333333,2,2,TCCATCAACAATATAATGTA,0,3650385
tmaR_predicted,0.3333333333333333,2,2,TCCACTTATAATCCTTGAAT,0,3617745
tmaR_predicted,0.3333333333333333,2,2,TCCACACGATACTCCTGCCA,0,3638781
tmaR_predicted,0.3333333333333333,2,2,TCCAACAACTTTCACAGACC,0,3605729
tmaR_predicted,0.3333333333333333,2,2,TCATTTTTTATGGTCCGTTT,0,3630885
tmaR_predicted,0.3333333333333333,2,2,TCATTGCGAACTAACCGTGG,0,3615473
tmaR_predicted,0.3333333333333333,2,2,TCATTCTCCTTTATCGGCTT,0,3642774
tmaR_predicted,0.3333333333333333,2,2,TCATCGCTATGGGCTTAAGT,0,3615400
tmaR_predicted,0.3333333333333333,2,2,TCATCCAAGGCCACTCTAGG,0,3644559
tmaR_predicted,0.3333333333333333,2,2,TCATCACTCAAGCGCAACTC,0,3633766
tmaR_predicted,0.3333333333333333,2,2,TCAGTGAGCAAAAATTTTAT,0,3604964
tmaR_predicted,0.3333333333333333,2,2,TCAGGTCACACCCTAAGATG,0,3620098
tmaR_predicted,0.3333333333333333,2,2,TCAGGACTAAGGATGGAATA,0,3639653
tmaR_predicted,0.3333333333333333,2,2,TCAGCCGTTAAGGCGGTGTA,0,3629759
tmaR_predicted,0.3333333333333333,2,2,TCAGACGACAATAAGGTATT,0,3636700
tmaR_predicted,0.3333333333333333,2,2,TCACTTTTATATTCGAATCT,0,3610756
tmaR_predicted,0.3333333333333333,2,2,TCACGGTGTTTAGGTATCTA,0,3642510
tmaR_predicted,0.3333333333333333,2,2,TCACCGTTAACGGGAGCCTT,0,3606672
tmaR_predicted,0.3333333333333333,2,2,TCAATACTAAAAGGGCGACG,0,3649446
tmaR_predicted,0.3333333333333333,2,2,TCAAGCTCCAAATACGATGT,0,3628269
tmaR_predicted,0.3333333333333333,2,2,TATTTTGGATATGTTACCCG,0,3635842
tmaR_predicted,0.3333333333333333,2,2,TATTTTAAGCGGGAACTAGC,0,3639343
tmaR_predicted,0.3333333333333333,2,2,TATTTCCTCTGCAGGCCGCT,0,3616692
tmaR_predicted,0.3333333333333333,2,2,TATTGCCGTCTCCATGCACG,0,3640485
tmaR_predicted,0.3333333333333333,2,2,TATTGACGCACCTTGGTTAT,0,3629047
tmaR_predicted,0.3333333333333333,2,2,TATTCCTATGGGATCGTGAA,0,3617897
tmaR_predicted,0.3333333333333333,2,2,TATTACTGGGACAGGTCTAT,0,3648031
tmaR_predicted,0.3333333333333333,2,2,TATGTTTGACTTTACAAAAG,0,3627620
tmaR_predicted,0.3333333333333333,2,2,TATGCCAGGCACCAGGCATC,0,3648484
tmaR_predicted,0.3333333333333333,2,2,TATGCAGACGTGGCAGTCGG,0,3627781
tmaR_predicted,0.3333333333333333,2,2,TATGCAAACTTGTCGAAATA,0,3608315
tmaR_predicted,0.3333333333333333,2,2,TATGATTAGCCCTGGCCATG,0,3604729
tmaR_predicted,0.3333333333333333,2,2,TATGATGCAATGTTCTCGAT,0,3627102
tmaR_predicted,0.3333333333333333,2,2,TATGACAACAGTACTGGGAA,0,3607778
tmaR_predicted,0.3333333333333333,2,2,TATCCGCTACGAGTAAAGGT,0,3621298
tmaR_predicted,0.3333333333333333,2,2,TATCCGCCGGGCGGGAGTGC,0,3618163
tmaR_predicted,0.3333333333333333,2,2,TATCATTTTGGGGGCACGTT,0,3608931
tmaR_predicted,0.3333333333333333,2,2,TATATTCCTATTTGAGTATG,0,3635178
tmaR_predicted,0.3333333333333333,2,2,TATATACTTTGCGCGAATCT,0,3614944
tmaR_predicted,0.3333333333333333,2,2,TATAGCACAACAAATGGTAT,0,3614226
tmaR_predicted,0.3333333333333333,2,2,TAGTGCTATCTGTATGATCG,0,3617638
tmaR_predicted,0.3333333333333333,2,2,TAGGGACCGACACAGAAAAA,0,3648003
tmaR_predicted,0.3333333333333333,2,2,TAGGCGTACAGACGTCTGCC,0,3649142
tmaR_predicted,0.3333333333333333,2,2,TAGGCGGTGCGGGAATCGTT,0,3614277
tmaR_predicted,0.3333333333333333,2,2,TAGCGGGACTTGGTCTGTTA,0,3619943
tmaR_predicted,0.3333333333333333,2,2,TAGCCTCCTAATGCATGTCT,0,3606725
tmaR_predicted,0.3333333333333333,2,2,TAGCACGTTCCCCGGAAGAC,0,3624174
tmaR_predicted,0.3333333333333333,2,2,TAGCACCTCGCGAGGAGGCC,0,3608164
tmaR_predicted,0.3333333333333333,2,2,TAGAACCGGTTACCGCGCAG,0,3642935
tmaR_predicted,0.3333333333333333,2,2,TACTTGATATAGTACAAGAA,0,3622554
tmaR_predicted,0.3333333333333333,2,2,TACTGCTGATCACTAAATGG,0,3649599
tmaR_predicted,0.3333333333333333,2,2,TACTGAGCATGGGGCCAAGC,0,3607134
tmaR_predicted,0.3333333333333333,2,2,TACTGACATCCGTCGGGTAG,0,3636453
tmaR_predicted,0.3333333333333333,2,2,TACGTGCCATGAATTCGCTT,0,3637763
tmaR_predicted,0.3333333333333333,2,2,TACGGTACACTACACCTAAC,0,3644402
tmaR_predicted,0.3333333333333333,2,2,TACGGCTCGGCTAAGCGGCA,0,3648916
tmaR_predicted,0.3333333333333333,2,2,TACGACTCTCAGGGCGCTAT,0,3646223
tmaR_predicted,0.3333333333333333,2,2,TACCTAGGCCGGCATCTTGC,0,3617600
tmaR_predicted,0.3333333333333333,2,2,TACCGTAGACCCAAGCGATC,0,3642005
tmaR_predicted,0.3333333333333333,2,2,TACCCGTTGATGACACTTTC,0,3639438
tmaR_predicted,0.3333333333333333,2,2,TACAGGTGAGAAACCCCACA,0,3630272
tmaR_predicted,0.3333333333333333,2,2,TACAGAGGAAGTTTCTAAAA,0,3630366
tmaR_predicted,0.3333333333333333,2,2,TACACTAGCAGTGTAATGTC,0,3628111
tmaR_predicted,0.3333333333333333,2,2,TACAAGTAACATAAACAACA,0,3647428
tmaR_predicted,0.3333333333333333,2,2,TACAAATTAGTGCTCGCACT,0,3631895
tmaR_predicted,0.3333333333333333,2,2,TAATTAGCTTATAGGAGGAT,0,3634539
tmaR_predicted,0.3333333333333333,2,2,TAATGGGGATTTGGCAAAAA,0,3645850
tmaR_predicted,0.3333333333333333,2,2,TAATGGGCAGCGGACCCAAT,0,3610609
tmaR_predicted,0.3333333333333333,2,2,TAATCAGATTAAATCATTGG,0,3628985
tmaR_predicted,0.3333333333333333,2,2,TAATAAGCGCTGGGCTTTTA,0,3611577
tmaR_predicted,0.3333333333333333,2,2,TAAGTAATCGTAGTATATAC,0,3622789
tmaR_predicted,0.3333333333333333,2,2,TAAGGGTTGTAGGAACGGTT,0,3620976
tmaR_predicted,0.3333333333333333,2,2,TAAGGAAGATTATTAGAGAG,0,3636273
tmaR_predicted,0.3333333333333333,2,2,TAAGCATGGAAAGTTAGCCT,0,3646812
tmaR_predicted,0.3333333333333333,2,2,TAAGATACGTTAACCAGTTG,0,3639894
tmaR_predicted,0.3333333333333333,2,2,TAAGAGGGATTCGGAAGATT,0,3632067
tmaR_predicted,0.3333333333333333,2,2,TAACTGGAAAAATGGTATTT,0,3612724
tmaR_predicted,0.3333333333333333,2,2,TAACGTTCTCGCATCCGAGT,0,3611150
tmaR_predicted,0.3333333333333333,2,2,TAACGTCGTTTTATTAAAAG,0,3648753
tmaR_predicted,0.3333333333333333,2,2,TAACCGAGTTGTAGAAAATG,0,3641916
tmaR_predicted,0.3333333333333333,2,2,TAACATTGGCCCCCTCAGTC,0,3636181
tmaR_predicted,0.3333333333333333,2,2,TAACAGCAGGGCGTCGGCAT,0,3616667
tmaR_predicted,0.3333333333333333,2,2,TAACACAAAGCAAGTGCATA,0,3617781
tmaR_predicted,0.3333333333333333,2,2,TAAATGACACAGTAGGCAGC,0,3631693
tmaR_predicted,0.3333333333333333,2,2,TAAATCGAGCGCTACCGTCG,0,3623402
tmaR_predicted,0.3333333333333333,2,2,TAAAATGGTATTATTTTCCT,0,3624933
tmaR_predicted,0.3333333333333333,2,2,GTTTTTCCCAGACGCGGGAA,0,3637250
tmaR_predicted,0.3333333333333333,2,2,GTTTTACCTTCACGTTCATT,0,3625416
tmaR_predicted,0.3333333333333333,2,2,GTTTGTGGAAGAGGACGACT,0,3628457
tmaR_predicted,0.3333333333333333,2,2,GTTTGTGATCGGCAAGATGT,0,3624683
tmaR_predicted,0.3333333333333333,2,2,GTTTCTCCCGCGACGCGAAT,0,3610516
tmaR_predicted,0.3333333333333333,2,2,GTTTCAGGCTGCTCACAAAT,0,3624004
tmaR_predicted,0.3333333333333333,2,2,GTTGTGGGGATGTCCGACAC,0,3624105
tmaR_predicted,0.3333333333333333,2,2,GTTGTGCAATGACGTGGTAC,0,3613691
tmaR_predicted,0.3333333333333333,2,2,GTTGGGGTTCCGCAAAGCTA,0,3606960
tmaR_predicted,0.3333333333333333,2,2,GTTGGGCCTACAACCTCCTA,0,3629716
tmaR_predicted,0.3333333333333333,2,2,GTTGCATCTGTGTTCGGACC,0,3635371
tmaR_predicted,0.3333333333333333,2,2,GTTGAAGGCTGACAATCCAT,0,3632140
tmaR_predicted,0.3333333333333333,2,2,GTTCTGACACAGATTTCTTT,0,3629946
tmaR_predicted,0.3333333333333333,2,2,GTTCGCTCCATTCTAGTTGA,0,3644296
tmaR_predicted,0.3333333333333333,2,2,GTTCGCAGCAGATTGTGAGA,0,3629303
tmaR_predicted,0.3333333333333333,2,2,GTTCACATCCCCGGGATCGC,0,3642979
tmaR_predicted,0.3333333333333333,2,2,GTTATCTTTTCATCCGGCCG,0,3647498
tmaR_predicted,0.3333333333333333,2,2,GTTATCCTCTCGCCCCGTCT,0,3608306
tmaR_predicted,0.3333333333333333,2,2,GTTAGTCCCCGCTTGCTCAT,0,3628161
tmaR_predicted,0.3333333333333333,2,2,GTTAGGTACCTCCACAACGT,0,3649788
tmaR_predicted,0.3333333333333333,2,2,GTTACGCATCGCAGTACGTC,0,3610985
tmaR_predicted,0.3333333333333333,2,2,GTTACAATGGAGGGTCAACT,0,3639665
tmaR_predicted,0.3333333333333333,2,2,GTGTTCAGCATCTTACATAA,0,3624359
tmaR_predicted,0.3333333333333333,2,2,GTGTGTCATTAAATTGCTGC,0,3631784
tmaR_predicted,0.3333333333333333,2,2,GTGTATTGTGCATGCGCTAG,0,3638633
tmaR_predicted,0.3333333333333333,2,2,GTGGTTATCAAGGACTCAGT,0,3624243
tmaR_predicted,0.3333333333333333,2,2,GTGGTCAAGCGCGATACGGC,0,3633957
tmaR_predicted,0.3333333333333333,2,2,GTGGGTACATCTCGTACCAA,0,3620046
tmaR_predicted,0.3333333333333333,2,2,GTGGGCGCCTCTCTCAATGC,0,3624250
tmaR_predicted,0.3333333333333333,2,2,GTGCGGTCCTGTCTGTCGAC,0,3638464
tmaR_predicted,0.3333333333333333,2,2,GTGCCTATTGGGAGCCTTGG,0,3614774
tmaR_predicted,0.3333333333333333,2,2,GTGCACCGCCCGCGACCTGT,0,3611905
tmaR_predicted,0.3333333333333333,2,2,GTGATGGGCCGCATTAAAAT,0,3623141
tmaR_predicted,0.3333333333333333,2,2,GTCTGTCTACTGCCACGGAA,0,3626641
tmaR_predicted,0.3333333333333333,2,2,GTCTGTATCAGATGCTCCGC,0,3609276
tmaR_predicted,0.3333333333333333,2,2,GTCTGGTCTTCCAAATCTGT,0,3616631
tmaR_predicted,0.3333333333333333,2,2,GTCTGCTTCGATGGTCCTAC,0,3620337
tmaR_predicted,0.3333333333333333,2,2,GTCTCGGCCTGAGCTCATCC,0,3644951
tmaR_predicted,0.3333333333333333,2,2,GTCTCCGCAGAGGCGGGGTG,0,3616487
tmaR_predicted,0.3333333333333333,2,2,GTCTCCACACTAGCGATGAA,0,3614629
tmaR_predicted,0.3333333333333333,2,2,GTCTCCAATACGCAGGATGG,0,3640617
tmaR_predicted,0.3333333333333333,2,2,GTCGTTGTACGATCACGCGG,0,3616796
tmaR_predicted,0.3333333333333333,2,2,GTCGTGCGTAAGTCATCACA,0,3604484
tmaR_predicted,0.3333333333333333,2,2,GTCGGATTAGCTCTGTCCGG,0,3612555
tmaR_predicted,0.3333333333333333,2,2,GTCGCTGCATAAGAGCGGTG,0,3638873
tmaR_predicted,0.3333333333333333,2,2,GTCGCTAAAATCTGGTCGTT,0,3637117
tmaR_predicted,0.3333333333333333,2,2,GTCGAAATTAACGCACTGGG,0,3627083
tmaR_predicted,0.3333333333333333,2,2,GTCCTCCACGACCCTGCAAT,0,3618187
tmaR_predicted,0.3333333333333333,2,2,GTCCGCTTTTTGGTCTCACA,0,3646537
tmaR_predicted,0.3333333333333333,2,2,GTCAAGCGTGTAAGGTAGGG,0,3647455
tmaR_predicted,0.3333333333333333,2,2,GTCAAAAGGTCTCGAGCGTG,0,3610267
tmaR_predicted,0.3333333333333333,2,2,GTATTCGGTACGCACGCCCA,0,3634019
tmaR_predicted,0.3333333333333333,2,2,GTATTCAGATCGGCCCTTTG,0,3608435
tmaR_predicted,0.3333333333333333,2,2,GTATGTAAATGTTTTGAATC,0,3623938
tmaR_predicted,0.3333333333333333,2,2,GTATCGGAGTATGCCACCCC,0,3606238
tmaR_predicted,0.3333333333333333,2,2,GTATCCACTCCAACTTCCAC,0,3649119
tmaR_predicted,0.3333333333333333,2,2,GTATCAACAGAGTCTGCTGC,0,3633638
tmaR_predicted,0.3333333333333333,2,2,GTATAGCCTGCGTCTTGCTA,0,3605962
tmaR_predicted,0.3333333333333333,2,2,GTATAGAAGCTGGATGCAGT,0,3606374
tmaR_predicted,0.3333333333333333,2,2,GTAGTTTGTTGGTTTAGCTA,0,3634781
tmaR_predicted,0.3333333333333333,2,2,GTAGGCAAGGATATTCGGTC,0,3642982
tmaR_predicted,0.3333333333333333,2,2,GTAGCACAGGTAAATAAGAA,0,3641491
tmaR_predicted,0.3333333333333333,2,2,GTACTCTCCTTGTTGACGCG,0,3637473
tmaR_predicted,0.3333333333333333,2,2,GTACCTTTTGCGATTTCATA,0,3607359
tmaR_predicted,0.3333333333333333,2,2,GTACCTTCGGCAAAAGTTGC,0,3632556
tmaR_predicted,0.3333333333333333,2,2,GTACCGCATGTCCGAAGATG,0,3634425
tmaR_predicted,0.3333333333333333,2,2,GTAAGCAGAAGCGCATGTTG,0,3612745
tmaR_predicted,0.3333333333333333,2,2,GGTTTTGGCTAAGTGTATAC,0,3634272
tmaR_predicted,0.3333333333333333,2,2,GGTTTTGCTGTTCTAGGCCT,0,3609087
tmaR_predicted,0.3333333333333333,2,2,GGTTTGTCGGTATGTGGTTG,0,3631201
tmaR_predicted,0.3333333333333333,2,2,GGTTGGTGATAAACGTTTTA,0,3649238
tmaR_predicted,0.3333333333333333,2,2,GGTTGCCAGCTCTTAATCTA,0,3644615
tmaR_predicted,0.3333333333333333,2,2,GGTTCTCTACATCTCGTCCC,0,3624672
tmaR_predicted,0.3333333333333333,2,2,GGTTATGAAGATGACGGACC,0,3608672
tmaR_predicted,0.3333333333333333,2,2,GGTGTACGTTCGCTACTTCC,0,3628132
tmaR_predicted,0.3333333333333333,2,2,GGTGGCCTCTACTACCCAAT,0,3604969
tmaR_predicted,0.3333333333333333,2,2,GGTGGAGTTTTGGGAAACGT,0,3618513
tmaR_predicted,0.3333333333333333,2,2,GGTGATCTACCACTCTCAGC,0,3614379
tmaR_predicted,0.3333333333333333,2,2,GGTCTTATTTGTATAATCTG,0,3642407
tmaR_predicted,0.3333333333333333,2,2,GGTCTTAGTAGGTGTCTTGC,0,3611554
tmaR_predicted,0.3333333333333333,2,2,GGTCCTAGGAGCATAGTGGC,0,3615618
tmaR_predicted,0.3333333333333333,2,2,GGTCAGCCTCCCCCTGCAGC,0,3618933
tmaR_predicted,0.3333333333333333,2,2,GGTCACCTCTCCGGAGGTAG,0,3628045
tmaR_predicted,0.3333333333333333,2,2,GGTCAAGTCTCGCTTATCAA,0,3612595
tmaR_predicted,0.3333333333333333,2,2,GGTATATGGCTCCTAAGAGG,0,3610670
tmaR_predicted,0.3333333333333333,2,2,GGTAGGGGCTCGGTGCGTCA,0,3607549
tmaR_predicted,0.3333333333333333,2,2,GGTAGACCACCTATTATCGA,0,3625823
tmaR_predicted,0.3333333333333333,2,2,GGTACTGGTCTATTTAAAGC,0,3620210
tmaR_predicted,0.3333333333333333,2,2,GGTAAGGGGCTCCGTGGATA,0,3624324
tmaR_predicted,0.3333333333333333,2,2,GGGTTTCCGTAGGAAAGACA,0,3605680
tmaR_predicted,0.3333333333333333,2,2,GGGTTCGTAGACGTGGCTTA,0,3629235
tmaR_predicted,0.3333333333333333,2,2,GGGTGTTCCTAGACGCAAGG,0,3624799
tmaR_predicted,0.3333333333333333,2,2,GGGTGTGGACGGCGAACATG,0,3650198
tmaR_predicted,0.3333333333333333,2,2,GGGTGTAACGTTAGCAAGTG,0,3625142
tmaR_predicted,0.3333333333333333,2,2,GGGTGGTCCGACCCGGTGTA,0,3641701
tmaR_predicted,0.3333333333333333,2,2,GGGTGATGCCCCGCCCTGTA,0,3631769
tmaR_predicted,0.3333333333333333,2,2,GGGTAGCAGTATGTAAATAC,0,3606240
tmaR_predicted,0.3333333333333333,2,2,GGGGTGGATTTAGCCCGATG,0,3636878
tmaR_predicted,0.3333333333333333,2,2,GGGGGTGATAATTAAAAACA,0,3620726
tmaR_predicted,0.3333333333333333,2,2,GGGGGGACTCCTTATAGGGT,0,3641841
tmaR_predicted,0.3333333333333333,2,2,GGGGGACAGGAACCCGAGGG,0,3626639
tmaR_predicted,0.3333333333333333,2,2,GGGGGAAACTGCAGCGTCGC,0,3639314
tmaR_predicted,0.3333333333333333,2,2,GGGGCTTTAAACATTGGTGC,0,3610307
tmaR_predicted,0.3333333333333333,2,2,GGGGCCAATCAATTGCTTTC,0,3632477
tmaR_predicted,0.3333333333333333,2,2,GGGGAGGTCCTTGGCAAACG,0,3609638
tmaR_predicted,0.3333333333333333,2,2,GGGCGGCAGTAATGGCCCCC,0,3626744
tmaR_predicted,0.3333333333333333,2,2,GGGCGGACGAACTTTGGTCG,0,3626327
tmaR_predicted,0.3333333333333333,2,2,GGGCGACGAAGCTTACTCGT,0,3625417
tmaR_predicted,0.3333333333333333,2,2,GGGCCGCCTACTAGCGTTTA,0,3616437
tmaR_predicted,0.3333333333333333,2,2,GGGCCAAAACGGTTTGGATA,0,3609539
tmaR_predicted,0.3333333333333333,2,2,GGGATCGGTCGTAAAGATCA,0,3630989
tmaR_predicted,0.3333333333333333,2,2,GGGATCCAAAATCGGGCAGA,0,3625788
tmaR_predicted,0.3333333333333333,2,2,GGGATACCCTGTCCAAGTCG,0,3609115
tmaR_predicted,0.3333333333333333,2,2,GGGAGCATGGTGAAACCAGA,0,3639473
tmaR_predicted,0.3333333333333333,2,2,GGGACTCGATGTAGCCTCGA,0,3631425
tmaR_predicted,0.3333333333333333,2,2,GGGAATCGGATAAAGCGGAC,0,3608986
tmaR_predicted,0.3333333333333333,2,2,GGGAACGTCCTGTGCTCTAG,0,3619078
tmaR_predicted,0.3333333333333333,2,2,GGGAAAATTCAGTTGGAGGT,0,3637775
tmaR_predicted,0.3333333333333333,2,2,GGCTTTATTGGGGTAATCCC,0,3628677
tmaR_predicted,0.3333333333333333,2,2,GGCTTCTGGTGATTCAAAAA,0,3622046
tmaR_predicted,0.3333333333333333,2,2,GGCTGTTCACAGGAAGGGAA,0,3639042
tmaR_predicted,0.3333333333333333,2,2,GGCTGATCAGGTCAATACAA,0,3618101
tmaR_predicted,0.3333333333333333,2,2,GGCTAATAATTGGATGTTGG,0,3634985
tmaR_predicted,0.3333333333333333,2,2,GGCGTGGAGAATCATATCAG,0,3608614
tmaR_predicted,0.3333333333333333,2,2,GGCGTGCGTTTAGTGTAGTA,0,3621920
tmaR_predicted,0.3333333333333333,2,2,GGCGTCCCTTCCACGCTAAG,0,3616479
tmaR_predicted,0.3333333333333333,2,2,GGCGGTAAGCCACCACTGGC,0,3637727
tmaR_predicted,0.3333333333333333,2,2,GGCGCGTGCTTCAACTCCGA,0,3610001
tmaR_predicted,0.3333333333333333,2,2,GGCGCCACCTGACCCCCTCA,0,3629965
tmaR_predicted,0.3333333333333333,2,2,GGCGATGAGCGTTCACGTAC,0,3609999
tmaR_predicted,0.3333333333333333,2,2,GGCGACCGGCAAAGCAATAC,0,3604516
tmaR_predicted,0.3333333333333333,2,2,GGCCGTCGTCGCAGCTGATT,0,3610438
tmaR_predicted,0.3333333333333333,2,2,GGCCGGATATGCTTGGTCAC,0,3619207
tmaR_predicted,0.3333333333333333,2,2,GGCCCGCTTACCGCGCGATA,0,3607127
tmaR_predicted,0.3333333333333333,2,2,GGCACTCAGCCGCAATAAAG,0,3606243
tmaR_predicted,0.3333333333333333,2,2,GGCAATAAAAGACACATTTT,0,3629236
tmaR_predicted,0.3333333333333333,2,2,GGAGTAACGAATCCTATTGC,0,3620820
tmaR_predicted,0.3333333333333333,2,2,GGAGGTCAATACTCAGAATG,0,3641899
tmaR_predicted,0.3333333333333333,2,2,GGAGGCCCTCGCGGTTTCCA,0,3605332
tmaR_predicted,0.3333333333333333,2,2,GGAGAGTGTTGCGCCCATTT,0,3638815
tmaR_predicted,0.3333333333333333,2,2,GGAGAGTAACTGCTGTAACT,0,3635509
tmaR_predicted,0.3333333333333333,2,2,GGAGAGCGGGTGGGGAGGAG,0,3639575
tmaR_predicted,0.3333333333333333,2,2,GGAGAAGTGACGGGCGTTCC,0,3621401
tmaR_predicted,0.3333333333333333,2,2,GGACGATCAATCAGGGTTAG,0,3640038
tmaR_predicted,0.3333333333333333,2,2,GGACCAGGGTGGCCGCTAAT,0,3612693
tmaR_predicted,0.3333333333333333,2,2,GGACATCTAATATCGACCAT,0,3641328
tmaR_predicted,0.3333333333333333,2,2,GGAATTTGGAGGGAACGTCT,0,3609083
tmaR_predicted,0.3333333333333333,2,2,GGAATGATTTGGCTGAAATC,0,3611069
tmaR_predicted,0.3333333333333333,2,2,GGAATCGGGGGTGCGACGAT,0,3618648
tmaR_predicted,0.3333333333333333,2,2,GGAAGGGTTATATTGGATTT,0,3623503
tmaR_predicted,0.3333333333333333,2,2,GGAAGGCACACTGTCTACGA,0,3635431
tmaR_predicted,0.3333333333333333,2,2,GCTTTTTGACGTGCAGTCAA,0,3619451
tmaR_predicted,0.3333333333333333,2,2,GCTTTCGGAGACACAAAAGG,0,3633659
tmaR_predicted,0.3333333333333333,2,2,GCTTTCCCGGGCAGAGACAT,0,3643417
tmaR_predicted,0.3333333333333333,2,2,GCTTTACCGTGAGGGCCTAC,0,3642227
tmaR_predicted,0.3333333333333333,2,2,GCTTGGTAATTCAATAGTGA,0,3646384
tmaR_predicted,0.3333333333333333,2,2,GCTTGATGCATTGGGGTGAT,0,3631795
tmaR_predicted,0.3333333333333333,2,2,GCTTCCCCCATACATCTGAG,0,3650330
tmaR_predicted,0.3333333333333333,2,2,GCTTACCGTTACAATTGGTT,0,3604744
tmaR_predicted,0.3333333333333333,2,2,GCTTAAACCCTCGATTAGTC,0,3648841
tmaR_predicted,0.3333333333333333,2,2,GCTGTTCAATGGATTTGCTA,0,3610603
tmaR_predicted,0.3333333333333333,2,2,GCTGTCTCTTGTGACTAGAT,0,3630024
tmaR_predicted,0.3333333333333333,2,2,GCTGTCCCGAATAGGAATGA,0,3611727
tmaR_predicted,0.3333333333333333,2,2,GCTGTACTGGGGTAGAAGTC,0,3631134
tmaR_predicted,0.3333333333333333,2,2,GCTGGTCGCAAGCGAACTCG,0,3648035
tmaR_predicted,0.3333333333333333,2,2,GCTCTCTGCGTCGGTTGTGA,0,3645700
tmaR_predicted,0.3333333333333333,2,2,GCTCGACGGATGATAACTAG,0,3628294
tmaR_predicted,0.3333333333333333,2,2,GCTCCCTTGCTTCTTCGGGA,0,3644290
tmaR_predicted,0.3333333333333333,2,2,GCTCCAAAAGGCTCGGAGGA,0,3637732
tmaR_predicted,0.3333333333333333,2,2,GCTCATGGGCATCGCCCTCA,0,3628480
tmaR_predicted,0.3333333333333333,2,2,GCTCATAGAGATCGTTATAC,0,3641111
tmaR_predicted,0.3333333333333333,2,2,GCTATTTCTTGGTAGGAGGT,0,3632507
tmaR_predicted,0.3333333333333333,2,2,GCTATGTTCGTGAGTGACGA,0,3634218
tmaR_predicted,0.3333333333333333,2,2,GCTAGTAAAGTTATTGCCCC,0,3630673
tmaR_predicted,0.3333333333333333,2,2,GCTAGGGGATATATTGCTAC,0,3641536
tmaR_predicted,0.3333333333333333,2,2,GCTACCAATTCGAGAGACAA,0,3643120
tmaR_predicted,0.3333333333333333,2,2,GCTACAACCCCTAATTGTTA,0,3619487
tmaR_predicted,0.3333333333333333,2,2,GCTAATTTGGGGCGCAAAAT,0,3604875
tmaR_predicted,0.3333333333333333,2,2,GCGTTATGCCGTTCCGCTAA,0,3611923
tmaR_predicted,0.3333333333333333,2,2,GCGTCCCAGAACTTACCTCT,0,3638984
tmaR_predicted,0.3333333333333333,2,2,GCGTCATATACCGATGGTTC,0,3614376
tmaR_predicted,0.3333333333333333,2,2,GCGTATTCGGGTTGAATGTA,0,3623713
tmaR_predicted,0.3333333333333333,2,2,GCGTACACTTTGCTCACGTG,0,3616441
tmaR_predicted,0.3333333333333333,2,2,GCGGTCTTAGGTGGGCACGG,0,3611252
tmaR_predicted,0.3333333333333333,2,2,GCGGTCCTAATGAGCTTGTA,0,3647622
tmaR_predicted,0.3333333333333333,2,2,GCGGCAGCGCATATTCGGCG,0,3649278
tmaR_predicted,0.3333333333333333,2,2,GCGGAGCTCGTCCACAATTC,0,3605977
tmaR_predicted,0.3333333333333333,2,2,GCGGAACAAGTACTTCAGAA,0,3618292
tmaR_predicted,0.3333333333333333,2,2,GCGCTTCACGCACTCGTCAA,0,3626368
tmaR_predicted,0.3333333333333333,2,2,GCGCTAGGTGTCTTTCCGAA,0,3609439
tmaR_predicted,0.3333333333333333,2,2,GCGCGTGCGGGTGACTTGCT,0,3617522
tmaR_predicted,0.3333333333333333,2,2,GCGCGCAGAATCTATACTCT,0,3615396
tmaR_predicted,0.3333333333333333,2,2,GCGCCTTCGTTACTGGACCT,0,3646830
tmaR_predicted,0.3333333333333333,2,2,GCGATTGTTCCACGACGTTA,0,3623054
tmaR_predicted,0.3333333333333333,2,2,GCGATGGATGAATTGCGAGG,0,3632482
tmaR_predicted,0.3333333333333333,2,2,GCGACTTCGGCCACCCGGTT,0,3613222
tmaR_predicted,0.3333333333333333,2,2,GCCTTTCAATGATTGCCTTT,0,3618921
tmaR_predicted,0.3333333333333333,2,2,GCCTTGGTATAGCTCACAGG,0,3604944
tmaR_predicted,0.3333333333333333,2,2,GCCTTGAAGAACGGGATACT,0,3629297
tmaR_predicted,0.3333333333333333,2,2,GCCTGGAGAGTCTAGAGACT,0,3627529
tmaR_predicted,0.3333333333333333,2,2,GCCTAAAGCATTGACAAGGG,0,3650043
tmaR_predicted,0.3333333333333333,2,2,GCCGTCTTACGAATTGGTGA,0,3605134
tmaR_predicted,0.3333333333333333,2,2,GCCGGGTAATTATTCTGTAG,0,3642892
tmaR_predicted,0.3333333333333333,2,2,GCCCTGTAACATCCTAGCGG,0,3637547
tmaR_predicted,0.3333333333333333,2,2,GCCCTAGTGTCGGGGTCAAA,0,3638583
tmaR_predicted,0.3333333333333333,2,2,GCCCTACTCTGTATTTGATG,0,3617321
tmaR_predicted,0.3333333333333333,2,2,GCCCGTTGCACGAGTGTACC,0,3611530
tmaR_predicted,0.3333333333333333,2,2,GCCCGCCCATGTCACGATGG,0,3614251
tmaR_predicted,0.3333333333333333,2,2,GCCCCTCTTAGTTTTTATGT,0,3617818
tmaR_predicted,0.3333333333333333,2,2,GCCCCCAGATACGGCCGCTT,0,3610765
tmaR_predicted,0.3333333333333333,2,2,GCCCCACAGTAGGGAGGTCT,0,3623017
tmaR_predicted,0.3333333333333333,2,2,GCCCACGTTGATCACTAGCG,0,3647139
tmaR_predicted,0.3333333333333333,2,2,GCCATTCACGAGGCCAACGT,0,3638181
tmaR_predicted,0.3333333333333333,2,2,GCCAGGAAGTAGGCACTTTT,0,3615404
tmaR_predicted,0.3333333333333333,2,2,GCCAGCAGACTATTGGCCAA,0,3613684
tmaR_predicted,0.3333333333333333,2,2,GCCACGGATGTTCGATGATT,0,3625896
tmaR_predicted,0.3333333333333333,2,2,GCCAATGCAAGGTCCTTGAA,0,3617450
tmaR_predicted,0.3333333333333333,2,2,GCCAATGATATTCGGCCTCC,0,3617541
tmaR_predicted,0.3333333333333333,2,2,GCCAAACAACAGGCCAAGAG,0,3609441
tmaR_predicted,0.3333333333333333,2,2,GCATTATTGACACATCTTCT,0,3626413
tmaR_predicted,0.3333333333333333,2,2,GCATTACCGTAGAGTGTCTA,0,3647451
tmaR_predicted,0.3333333333333333,2,2,GCATCGAGATGCCAAATGTA,0,3646387
tmaR_predicted,0.3333333333333333,2,2,GCATCAGTTGGACATTAGGA,0,3618556
tmaR_predicted,0.3333333333333333,2,2,GCATAAATCAAAGCTCGCCG,0,3632172
tmaR_predicted,0.3333333333333333,2,2,GCAGTTTTTGCGCGAAGAAA,0,3618250
tmaR_predicted,0.3333333333333333,2,2,GCAGTCAGTTGTACACGCAA,0,3625812
tmaR_predicted,0.3333333333333333,2,2,GCAGGTTTAGAACGCCGAAT,0,3608809
tmaR_predicted,0.3333333333333333,2,2,GCAGGTGCAACGACCCCTCA,0,3616141
tmaR_predicted,0.3333333333333333,2,2,GCAGGACGAGCCTACATAAA,0,3646856
tmaR_predicted,0.3333333333333333,2,2,GCAGCTCTTAAGAGCTGGCA,0,3604498
tmaR_predicted,0.3333333333333333,2,2,GCACTTACAGCCCTCACTGG,0,3618093
tmaR_predicted,0.3333333333333333,2,2,GCACTGATCAGGGTCGGAAG,0,3610474
tmaR_predicted,0.3333333333333333,2,2,GCACTGAGTCAAACGCATTG,0,3644406
tmaR_predicted,0.3333333333333333,2,2,GCACGGCACATGAAAGATTA,0,3612857
tmaR_predicted,0.3333333333333333,2,2,GCACGGCAAACCGTTCTGAT,0,3613711
tmaR_predicted,0.3333333333333333,2,2,GCACGCGAATAGAGCTACTC,0,3636570
tmaR_predicted,0.3333333333333333,2,2,GCACGCCTTTAGTCATTCGT,0,3604258
tmaR_predicted,0.3333333333333333,2,2,GCACCGGACTCGGGGTTAGG,0,3608638
tmaR_predicted,0.3333333333333333,2,2,GCACATCATACAACAGGTCC,0,3636923
tmaR_predicted,0.3333333333333333,2,2,GCAATTTTTCTGGCCAGATG,0,3620740
tmaR_predicted,0.3333333333333333,2,2,GCAATTGCCTGGATTCTGTT,0,3647826
tmaR_predicted,0.3333333333333333,2,2,GCAATTACGTCGCCAATCGC,0,3608444
tmaR_predicted,0.3333333333333333,2,2,GCAACTGTGGCCTAAAAAGT,0,3613513
tmaR_predicted,0.3333333333333333,2,2,GCAAATCCAATAGTCAGAGC,0,3623735
tmaR_predicted,0.3333333333333333,2,2,GCAAAGTACCAGTGATCACA,0,3647578
tmaR_predicted,0.3333333333333333,2,2,GATTTAATCCGTCATTTCGA,0,3621738
tmaR_predicted,0.3333333333333333,2,2,GATTGCAGGGAATGAGTAGG,0,3643279
tmaR_predicted,0.3333333333333333,2,2,GATTCTGATTTTACGACATA,0,3620909
tmaR_predicted,0.3333333333333333,2,2,GATGATACCGGCCTCAGGCG,0,3634337
tmaR_predicted,0.3333333333333333,2,2,GATGAAATGCCGGATAAGAA,0,3634467
tmaR_predicted,0.3333333333333333,2,2,GATCGACAGGTTTTCCCTCT,0,3619573
tmaR_predicted,0.3333333333333333,2,2,GATCCCCCCGGTGAGCGGTC,0,3615085
tmaR_predicted,0.3333333333333333,2,2,GATCCCACGTAGGCAATTTG,0,3631187
tmaR_predicted,0.3333333333333333,2,2,GATCCAGGAATGTCCCAACT,0,3631405
tmaR_predicted,0.3333333333333333,2,2,GATCAACCCAAAGTGGCACC,0,3627279
tmaR_predicted,0.3333333333333333,2,2,GATATGGTTAACTGACTGAT,0,3615037
tmaR_predicted,0.3333333333333333,2,2,GATATGGAATCCGAAGTAGT,0,3613810
tmaR_predicted,0.3333333333333333,2,2,GATATCGTCAGAAACGGCAA,0,3646496
tmaR_predicted,0.3333333333333333,2,2,GATAACTTCCAATAAGGCGG,0,3615660
tmaR_predicted,0.3333333333333333,2,2,GATAACTGGAGTAATAGGTC,0,3615188
tmaR_predicted,0.3333333333333333,2,2,GAGTTTGATTTGGCCCCGTG,0,3621540
tmaR_predicted,0.3333333333333333,2,2,GAGTTAATATGGGGACTTAA,0,3639840
tmaR_predicted,0.3333333333333333,2,2,GAGTGCCACAAACAATACAG,0,3623276
tmaR_predicted,0.3333333333333333,2,2,GAGTATTTACTAAAAAGGCA,0,3648468
tmaR_predicted,0.3333333333333333,2,2,GAGGGCAGAAACTCCTAAGA,0,3647863
tmaR_predicted,0.3333333333333333,2,2,GAGGCCATGCTAACAATGCT,0,3628581
tmaR_predicted,0.3333333333333333,2,2,GAGGAGACGAAATGCTCCGA,0,3614781
tmaR_predicted,0.3333333333333333,2,2,GAGCTGGTCCGCGAAGACAT,0,3610887
tmaR_predicted,0.3333333333333333,2,2,GAGCTGAGGGAGCGTGTCCA,0,3627355
tmaR_predicted,0.3333333333333333,2,2,GAGCGGCAGTGCGTGTCGAG,0,3608889
tmaR_predicted,0.3333333333333333,2,2,GAGCGAGGTTGTGTGATGCC,0,3625950
tmaR_predicted,0.3333333333333333,2,2,GAGCCGGGCACTAGCGCGGG,0,3630813
tmaR_predicted,0.3333333333333333,2,2,GAGCAGTTACTCGGGGGATG,0,3622209
tmaR_predicted,0.3333333333333333,2,2,GAGATTTGGCCCGAGCCGAT,0,3627238
tmaR_predicted,0.3333333333333333,2,2,GAGATGTGCCGTGTATGCGT,0,3649989
tmaR_predicted,0.3333333333333333,2,2,GAGAGCGGTACGTAAACAGT,0,3629856
tmaR_predicted,0.3333333333333333,2,2,GAGACTTAACATTCATTTAA,0,3640924
tmaR_predicted,0.3333333333333333,2,2,GAGACGGGACTGACATATCT,0,3636100
tmaR_predicted,0.3333333333333333,2,2,GAGACAAGTTAGTCTATCCT,0,3645567
tmaR_predicted,0.3333333333333333,2,2,GACTTTCCGGATCTAGGCGT,0,3644933
tmaR_predicted,0.3333333333333333,2,2,GACTTTAGGAGCGGCGGAGG,0,3642324
tmaR_predicted,0.3333333333333333,2,2,GACTTCCCGGACTAGAACAG,0,3624758
tmaR_predicted,0.3333333333333333,2,2,GACTCGAACAATAGGTATGC,0,3631466
tmaR_predicted,0.3333333333333333,2,2,GACTACCGAACCCCCGTCCA,0,3640673
tmaR_predicted,0.3333333333333333,2,2,GACGTTAGAACAGTTTAAAT,0,3626648
tmaR_predicted,0.3333333333333333,2,2,GACGTAGGCGCTCCTAACCT,0,3608525
tmaR_predicted,0.3333333333333333,2,2,GACGGCTCGGGGGCGTAGGA,0,3627506
tmaR_predicted,0.3333333333333333,2,2,GACGCCCATCATGGGTGTAC,0,3623064
tmaR_predicted,0.3333333333333333,2,2,GACCTACGGGTCTATTGACG,0,3611561
tmaR_predicted,0.3333333333333333,2,2,GACATGACCGAGAGATGAAA,0,3604708
tmaR_predicted,0.3333333333333333,2,2,GACAGGCAGTCTAACGACAG,0,3625507
tmaR_predicted,0.3333333333333333,2,2,GACACCAAAACATGGATCTA,0,3614817
tmaR_predicted,0.3333333333333333,2,2,GACACAATACAATGCCGGTG,0,3632178
tmaR_predicted,0.3333333333333333,2,2,GACAAATACGTCTTTGCCTC,0,3628905
tmaR_predicted,0.3333333333333333,2,2,GAATGCCTGGGTAGATAGAC,0,3644320
tmaR_predicted,0.3333333333333333,2,2,GAATGACCACAGCGATGCGT,0,3640641
tmaR_predicted,0.3333333333333333,2,2,GAATCTTTAACACTAGATAC,0,3608773
tmaR_predicted,0.3333333333333333,2,2,GAATCATAGAAGGTCTGCCC,0,3644472
tmaR_predicted,0.3333333333333333,2,2,GAATAACATGCTCTAAAAGA,0,3626530
tmaR_predicted,0.3333333333333333,2,2,GAAGTCTACTAGGTTTCCCT,0,3648866
tmaR_predicted,0.3333333333333333,2,2,GAACTAGGATTCTGTAAACC,0,3640674
tmaR_predicted,0.3333333333333333,2,2,GAACGCAAACGGGCTCGCTC,0,3626362
tmaR_predicted,0.3333333333333333,2,2,GAACCGTCATTTTAACGAAT,0,3647466
tmaR_predicted,0.3333333333333333,2,2,GAACATGCTTGTAACAGGGC,0,3618650
tmaR_predicted,0.3333333333333333,2,2,GAACATGACCTAAAGCCAAT,0,3609335
tmaR_predicted,0.3333333333333333,2,2,GAAATGCCTATTAGAAGACT,0,3612274
tmaR_predicted,0.3333333333333333,2,2,GAAAGCACCTGCATGTGCCG,0,3649368
tmaR_predicted,0.3333333333333333,2,2,GAAAGATGGTTCTGTGTTGC,0,3644231
tmaR_predicted,0.3333333333333333,2,2,GAAACGTCTCATTAGACGCA,0,3648966
tmaR_predicted,0.3333333333333333,2,2,GAAACGAGTGGCAAGAGAGA,0,3604797
tmaR_predicted,0.3333333333333333,2,2,GAAACAAGAGGAGCGTACTA,0,3630878
tmaR_predicted,0.3333333333333333,2,2,GAAAAGTACTTGGGTAATAG,0,3606859
tmaR_predicted,0.3333333333333333,2,2,CTTTTATCCTCACTGTAGTT,0,3619474
tmaR_predicted,0.3333333333333333,2,2,CTTTGCGCTGTTTGTGAACA,0,3630522
tmaR_predicted,0.3333333333333333,2,2,CTTTGCGCGGTCTATTCTAT,0,3637901
tmaR_predicted,0.3333333333333333,2,2,CTTGCGACGCGCGGCAGTGA,0,3625016
tmaR_predicted,0.3333333333333333,2,2,CTTCTGGCGAAACAAGGTAG,0,3608428
tmaR_predicted,0.3333333333333333,2,2,CTTCTATGTTTAATTACCAA,0,3641374
tmaR_predicted,0.3333333333333333,2,2,CTTCTAATTACCATTGACGC,0,3633406
tmaR_predicted,0.3333333333333333,2,2,CTTCCTGTAGGGTTAACCCC,0,3616308
tmaR_predicted,0.3333333333333333,2,2,CTTCATTGACGCCTCTTATT,0,3611266
tmaR_predicted,0.3333333333333333,2,2,CTTCATACGTTTTTAGGACC,0,3624648
tmaR_predicted,0.3333333333333333,2,2,CTTCAACTATTTCTGCTACA,0,3613736
tmaR_predicted,0.3333333333333333,2,2,CTTATTGAGGCCGGACAGAT,0,3604357
tmaR_predicted,0.3333333333333333,2,2,CTTATGTTTCATATAACGGC,0,3633868
tmaR_predicted,0.3333333333333333,2,2,CTTATGTCTGCTGGCTACTA,0,3638452
tmaR_predicted,0.3333333333333333,2,2,CTTACCTCACCGTCAGGGGA,0,3607846
tmaR_predicted,0.3333333333333333,2,2,CTGTGTGTAGACAGTGTCCA,0,3619249
tmaR_predicted,0.3333333333333333,2,2,CTGTGGTACACTGGGGTAAC,0,3644848
tmaR_predicted,0.3333333333333333,2,2,CTGTATCGTATACATACGGA,0,3606781
tmaR_predicted,0.3333333333333333,2,2,CTGTACTTAAGTAAGAGGAA,0,3648594
tmaR_predicted,0.3333333333333333,2,2,CTGGTGAAAGTTAACCAAAC,0,3616015
tmaR_predicted,0.3333333333333333,2,2,CTGGTCTCGTATCATTGCGA,0,3650359
tmaR_predicted,0.3333333333333333,2,2,CTGGGTGAGAAACCCTTGTC,0,3645860
tmaR_predicted,0.3333333333333333,2,2,CTGGGAAAATCCTACGGAAC,0,3604772
tmaR_predicted,0.3333333333333333,2,2,CTGGAAGCTCTTTCACTTCT,0,3616617
tmaR_predicted,0.3333333333333333,2,2,CTGGAAACTGAACGAGCGAA,0,3608768
tmaR_predicted,0.3333333333333333,2,2,CTGCGGGGGATTATAATATT,0,3628621
tmaR_predicted,0.3333333333333333,2,2,CTGCGGGATGGACGCGATGT,0,3630130
tmaR_predicted,0.3333333333333333,2,2,CTGCGCCGTCACGTCCCCTG,0,3621212
tmaR_predicted,0.3333333333333333,2,2,CTGCACGGCAATTCTGGTGC,0,3639643
tmaR_predicted,0.3333333333333333,2,2,CTGATCGCCAAATTGTGCTT,0,3608871
tmaR_predicted,0.3333333333333333,2,2,CTGATCCGGCTAGGGCAACT,0,3604050
tmaR_predicted,0.3333333333333333,2,2,CTGATAAAATTTAGCAATCC,0,3638942
tmaR_predicted,0.3333333333333333,2,2,CTGAAAATGGATCCATATAC,0,3625951
tmaR_predicted,0.3333333333333333,2,2,CTCTTAGCGCCCTTACAGTC,0,3621894
tmaR_predicted,0.3333333333333333,2,2,CTCTGCGACATGCATATTAT,0,3649083
tmaR_predicted,0.3333333333333333,2,2,CTCTGAATGTGAACTCCTCA,0,3640759
tmaR_predicted,0.3333333333333333,2,2,CTCTATCGTTGAGAGCAGAT,0,3621184
tmaR_predicted,0.3333333333333333,2,2,CTCGGTTGAAAGTTTACCCT,0,3650012
tmaR_predicted,0.3333333333333333,2,2,CTCGGTTAATTATCCATCTG,0,3609160
tmaR_predicted,0.3333333333333333,2,2,CTCGGTGGGTAGCTTCACTT,0,3614245
tmaR_predicted,0.3333333333333333,2,2,CTCGAATATCAGGGTCCGGT,0,3618549
tmaR_predicted,0.3333333333333333,2,2,CTCGAAAACGGTAGCAACGC,0,3644607
tmaR_predicted,0.3333333333333333,2,2,CTCCTCTTACTCCTTCTACA,0,3639600
tmaR_predicted,0.3333333333333333,2,2,CTCCTACCTTCCCAGTTGTC,0,3641682
tmaR_predicted,0.3333333333333333,2,2,CTCAGGCGTTAGATGGCACA,0,3610075
tmaR_predicted,0.3333333333333333,2,2,CTCAGGCGTAATGGGTCGTT,0,3626089
tmaR_predicted,0.3333333333333333,2,2,CTCAGCAATACCGTTACGCA,0,3603911
tmaR_predicted,0.3333333333333333,2,2,CTCACTAGGAGGGTCACTCC,0,3605966
tmaR_predicted,0.3333333333333333,2,2,CTATTCAGGACAATGATGTT,0,3634757
tmaR_predicted,0.3333333333333333,2,2,CTATCTGCGGTACTTCCCGA,0,3619431
tmaR_predicted,0.3333333333333333,2,2,CTAGTCTCCCGGGAATTATT,0,3613329
tmaR_predicted,0.3333333333333333,2,2,CTAGAACGGTTCATTACGAT,0,3637139
tmaR_predicted,0.3333333333333333,2,2,CTACTGCTGTCAAACGTCAC,0,3607406
tmaR_predicted,0.3333333333333333,2,2,CTACTAATCCTCTCAGTTTG,0,3622066
tmaR_predicted,0.3333333333333333,2,2,CTACCGAAAGCATATGGGAA,0,3630085
tmaR_predicted,0.3333333333333333,2,2,CTAATATGTCCTGTCGTCCA,0,3629444
tmaR_predicted,0.3333333333333333,2,2,CTAACGTCTGAGCCTAAAAA,0,3614595
tmaR_predicted,0.3333333333333333,2,2,CTAACCCCAGGGTGTCTACT,0,3610381
tmaR_predicted,0.3333333333333333,2,2,CTAAACAGGTATTGGGACAG,0,3607070
tmaR_predicted,0.3333333333333333,2,2,CGTTTTGGTACTACTTTCTC,0,3609763
tmaR_predicted,0.3333333333333333,2,2,CGTTTTGAGCGTCCTTATCC,0,3644181
tmaR_predicted,0.3333333333333333,2,2,CGTTTTAGTGATCATTCATA,0,3639092
tmaR_predicted,0.3333333333333333,2,2,CGTTTCACAAAAATGTTGCG,0,3619375
tmaR_predicted,0.3333333333333333,2,2,CGTTATGTCGGATGCCGTAC,0,3643125
tmaR_predicted,0.3333333333333333,2,2,CGTTATATTAGATTTAGTCC,0,3622722
tmaR_predicted,0.3333333333333333,2,2,CGTTAGTAAACATGGCTCGG,0,3641420
tmaR_predicted,0.3333333333333333,2,2,CGTGTATGTTTAAGACAGTG,0,3626035
tmaR_predicted,0.3333333333333333,2,2,CGTGTAATTTAGAACACGTA,0,3637898
tmaR_predicted,0.3333333333333333,2,2,CGTGGCCGTCTCATATGGTG,0,3646672
tmaR_predicted,0.3333333333333333,2,2,CGTGGCAAACCTCGTCAACA,0,3625079
tmaR_predicted,0.3333333333333333,2,2,CGTGGATTTATTGGTTTCTC,0,3639731
tmaR_predicted,0.3333333333333333,2,2,CGTGCCGTAAAGGTCGTCTA,0,3633561
tmaR_predicted,0.3333333333333333,2,2,CGTGCAGAAGCCAGGCGTGC,0,3616738
tmaR_predicted,0.3333333333333333,2,2,CGTGACGGAAGTGAGTTGAC,0,3634117
tmaR_predicted,0.3333333333333333,2,2,CGTCTTTCAGACGAGTGGAT,0,3619601
tmaR_predicted,0.3333333333333333,2,2,CGTCTGACGGGCGCGGTGTG,0,3614768
tmaR_predicted,0.3333333333333333,2,2,CGTCGGACTGGGCTGACAAA,0,3625637
tmaR_predicted,0.3333333333333333,2,2,CGTCATTTCGGCCCCATTAT,0,3645600
tmaR_predicted,0.3333333333333333,2,2,CGTCAAGGCACGCCGATCCA,0,3614064
tmaR_predicted,0.3333333333333333,2,2,CGTAGTGTTCACCATCACCA,0,3633541
tmaR_predicted,0.3333333333333333,2,2,CGTACTCGCCTACTGTAAAT,0,3643138
tmaR_predicted,0.3333333333333333,2,2,CGTACGAGGAACTACTCGTT,0,3625849
tmaR_predicted,0.3333333333333333,2,2,CGTAACTCGTCCCAAAGACT,0,3622467
tmaR_predicted,0.3333333333333333,2,2,CGGTGTTGCTTGTCGTCAAG,0,3612069
tmaR_predicted,0.3333333333333333,2,2,CGGTCGCAATATACACAGCG,0,3632059
tmaR_predicted,0.3333333333333333,2,2,CGGTCGAGTGATATGATTTT,0,3617354
tmaR_predicted,0.3333333333333333,2,2,CGGTCAATAACGTACCGAGT,0,3638453
tmaR_predicted,0.3333333333333333,2,2,CGGTCAAGGATAAAGGAAAT,0,3635961
tmaR_predicted,0.3333333333333333,2,2,CGGTATCGCACTTTCTTCCG,0,3604473
tmaR_predicted,0.3333333333333333,2,2,CGGTATATAACCATGCAAGT,0,3627507
tmaR_predicted,0.3333333333333333,2,2,CGGTACACATCCTAGGCAAC,0,3618781
tmaR_predicted,0.3333333333333333,2,2,CGGTAACCTTTTGTAGGTTC,0,3606138
tmaR_predicted,0.3333333333333333,2,2,CGGTAAACTAATAATGTGTG,0,3638771
tmaR_predicted,0.3333333333333333,2,2,CGGGTTAATGTGCCGTCCGT,0,3619738
tmaR_predicted,0.3333333333333333,2,2,CGGGCTTTTATCTCTGCCGG,0,3640714
tmaR_predicted,0.3333333333333333,2,2,CGGGCATATGACCGCACACA,0,3625151
tmaR_predicted,0.3333333333333333,2,2,CGGGATACACCCAGAGACAA,0,3618054
tmaR_predicted,0.3333333333333333,2,2,CGGGACACTGGCGGCACTCC,0,3617104
tmaR_predicted,0.3333333333333333,2,2,CGGCGTGCTGGTCCATTCTC,0,3610034
tmaR_predicted,0.3333333333333333,2,2,CGGCGCGGGATCCAATCCGG,0,3635239
tmaR_predicted,0.3333333333333333,2,2,CGGCCCAGGCTGCACACTCG,0,3646017
tmaR_predicted,0.3333333333333333,2,2,CGGCACGCCTCCAATGGCCG,0,3632391
tmaR_predicted,0.3333333333333333,2,2,CGGCAACGCGAGAAGAGGTA,0,3650401
tmaR_predicted,0.3333333333333333,2,2,CGGATTATAGGCTAAACGTA,0,3636216
tmaR_predicted,0.3333333333333333,2,2,CGGATGTATCTGGGAGCGGG,0,3646985
tmaR_predicted,0.3333333333333333,2,2,CGGAGTATCAGTGTTCCTCG,0,3614108
tmaR_predicted,0.3333333333333333,2,2,CGGAGGGGACCCAGTGATCG,0,3635622
tmaR_predicted,0.3333333333333333,2,2,CGGAGGACGAATAGCAGGTT,0,3648629
tmaR_predicted,0.3333333333333333,2,2,CGGACTCACTTACAGGCCTT,0,3608498
tmaR_predicted,0.3333333333333333,2,2,CGGACGCCAAACGCACACGT,0,3607263
tmaR_predicted,0.3333333333333333,2,2,CGCTTTATACGGAGTCTCGT,0,3645009
tmaR_predicted,0.3333333333333333,2,2,CGCTTGGGCGTGGTGCCCCA,0,3607420
tmaR_predicted,0.3333333333333333,2,2,CGCTTCCTGTGGGGCTTTGG,0,3605423
tmaR_predicted,0.3333333333333333,2,2,CGCTGGCACGGCCGTACCTT,0,3613729
tmaR_predicted,0.3333333333333333,2,2,CGCTGCGGAGACAAAGCAGG,0,3626321
tmaR_predicted,0.3333333333333333,2,2,CGCTGCACCGGGGAAACCCG,0,3614384
tmaR_predicted,0.3333333333333333,2,2,CGCTGATCACGACTAGGGGG,0,3636202
tmaR_predicted,0.3333333333333333,2,2,CGCTCTCAAGTTCACTAGGC,0,3623412
tmaR_predicted,0.3333333333333333,2,2,CGCTCTAGACCTTCGAATGT,0,3620807
tmaR_predicted,0.3333333333333333,2,2,CGCTCGCTCATTGAATTTCA,0,3644122
tmaR_predicted,0.3333333333333333,2,2,CGCGTGCGCTCGAAATGATG,0,3642450
tmaR_predicted,0.3333333333333333,2,2,CGCGGTAGTCAAATAATGTG,0,3618755
tmaR_predicted,0.3333333333333333,2,2,CGCGCTGGACGGTCTTAAGT,0,3605414
tmaR_predicted,0.3333333333333333,2,2,CGCGCTGATCCTTATGATAA,0,3621969
tmaR_predicted,0.3333333333333333,2,2,CGCGAGCGGCTTCTCGGATA,0,3632965
tmaR_predicted,0.3333333333333333,2,2,CGCGAAAGACCCTGGGGGTA,0,3626894
tmaR_predicted,0.3333333333333333,2,2,CGCCTGGCTCCAAAATCCGG,0,3650099
tmaR_predicted,0.3333333333333333,2,2,CGCCGCCGGCGTAATTGCAG,0,3626326
tmaR_predicted,0.3333333333333333,2,2,CGCCGCCGCACACTGTGTTA,0,3634310
tmaR_predicted,0.3333333333333333,2,2,CGCCCTATTTTGCAGACGTT,0,3644322
tmaR_predicted,0.3333333333333333,2,2,CGCCAATAGAAGCTTAGTAT,0,3639223
tmaR_predicted,0.3333333333333333,2,2,CGCACGTCCACTAATTCGGC,0,3642798
tmaR_predicted,0.3333333333333333,2,2,CGCAACAAGCCCGCGAATCT,0,3649025
tmaR_predicted,0.3333333333333333,2,2,CGATTACGACGGGCCTCGAG,0,3633022
tmaR_predicted,0.3333333333333333,2,2,CGATACCTCCTGTGGGGGAG,0,3624138
tmaR_predicted,0.3333333333333333,2,2,CGAGTTTCAAAGAGTACAAC,0,3622479
tmaR_predicted,0.3333333333333333,2,2,CGAGGGGCTACGGTATTAGT,0,3633714
tmaR_predicted,0.3333333333333333,2,2,CGAGGCATAACGGTCCGATA,0,3615774
tmaR_predicted,0.3333333333333333,2,2,CGAGCTTTCGCACGCCTCTA,0,3633565
tmaR_predicted,0.3333333333333333,2,2,CGAGATAGATACAGCGCAAC,0,3619773
tmaR_predicted,0.3333333333333333,2,2,CGAGATACTGCGAGAGATAC,0,3645175
tmaR_predicted,0.3333333333333333,2,2,CGAGAGTCCATTTACCTGAG,0,3620766
tmaR_predicted,0.3333333333333333,2,2,CGAGACAATCTCCCGAGTTC,0,3635681
tmaR_predicted,0.3333333333333333,2,2,CGAGAACACTTTGGCCGCGC,0,3635225
tmaR_predicted,0.3333333333333333,2,2,CGACTCATGGTGTCCCAGAC,0,3633710
tmaR_predicted,0.3333333333333333,2,2,CGACGTAAAATATGGACCAA,0,3621901
tmaR_predicted,0.3333333333333333,2,2,CGACGCACTTTTTCTATTCT,0,3636051
tmaR_predicted,0.3333333333333333,2,2,CGACGAATTAGGTCTCCGTA,0,3629116
tmaR_predicted,0.3333333333333333,2,2,CGACCGTAGACGTATGAGAC,0,3635465
tmaR_predicted,0.3333333333333333,2,2,CGACATCCCTTAAGGCTGAC,0,3641804
tmaR_predicted,0.3333333333333333,2,2,CGACAGCTTGGGGACGCCCC,0,3638703
tmaR_predicted,0.3333333333333333,2,2,CGAATTGGGCAAGTTCACCG,0,3649043
tmaR_predicted,0.3333333333333333,2,2,CGAATGTTGTTTGACCCCAT,0,3632642
tmaR_predicted,0.3333333333333333,2,2,CGAAGCTGCCGATAGCCCCC,0,3632711
tmaR_predicted,0.3333333333333333,2,2,CGAACTCGCTAACCTTTTAA,0,3632887
tmaR_predicted,0.3333333333333333,2,2,CGAACCATCTTCGGCATGAA,0,3632339
tmaR_predicted,0.3333333333333333,2,2,CGAAATGCCAAGGCGGGACA,0,3635631
tmaR_predicted,0.3333333333333333,2,2,CGAAAGGGACTACTTCAAGT,0,3631500
tmaR_predicted,0.3333333333333333,2,2,CGAAAAGTTTTCCAGACAGA,0,3637414
tmaR_predicted,0.3333333333333333,2,2,CGAAAAAAACATCTTTCAGC,0,3613331
tmaR_predicted,0.3333333333333333,2,2,CCTTCAGAGCTGAGTTATTC,0,3639472
tmaR_predicted,0.3333333333333333,2,2,CCTTATCCTGCGTATCCTCT,0,3616595
tmaR_predicted,0.3333333333333333,2,2,CCTGTTCTGCCGCCGCAAAC,0,3607117
tmaR_predicted,0.3333333333333333,2,2,CCTGTGTAGTTTTACAATAA,0,3626382
tmaR_predicted,0.3333333333333333,2,2,CCTGGTAACGCCACTGCGGT,0,3634604
tmaR_predicted,0.3333333333333333,2,2,CCTGGCCCAGGATCCACGTC,0,3633398
tmaR_predicted,0.3333333333333333,2,2,CCTGCGGAGTCGTCACGTCG,0,3633065
tmaR_predicted,0.3333333333333333,2,2,CCTGATTGCCAGAACCGGAG,0,3641736
tmaR_predicted,0.3333333333333333,2,2,CCTGAAGCGTACTCGTTCTG,0,3630463
tmaR_predicted,0.3333333333333333,2,2,CCTCGGGCGGAGACTGCCGG,0,3623254
tmaR_predicted,0.3333333333333333,2,2,CCTCGGCACGAGGCCGTCTC,0,3617552
tmaR_predicted,0.3333333333333333,2,2,CCTCGCGTCCGGACAGTGAC,0,3629732
tmaR_predicted,0.3333333333333333,2,2,CCTCGCCCCTGCTACCCAGG,0,3626817
tmaR_predicted,0.3333333333333333,2,2,CCTCAGTTGTTTGAATAGAC,0,3620785
tmaR_predicted,0.3333333333333333,2,2,CCTCACTTGTCGAAGTCTTC,0,3637809
tmaR_predicted,0.3333333333333333,2,2,CCTATTGCTGAGACCATCTG,0,3616784
tmaR_predicted,0.3333333333333333,2,2,CCTAGCCAGTCTCACTGTCG,0,3608292
tmaR_predicted,0.3333333333333333,2,2,CCTAGATGTTGATTTGAAAA,0,3605222
tmaR_predicted,0.3333333333333333,2,2,CCTACGCTCCGCATGCAAGA,0,3615621
tmaR_predicted,0.3333333333333333,2,2,CCTAACTCGCAGAGGAACGG,0,3621570
tmaR_predicted,0.3333333333333333,2,2,CCTAAATGGGGCCGTCTATG,0,3645310
tmaR_predicted,0.3333333333333333,2,2,CCGTGACTTAAAACCTCAAA,0,3610708
tmaR_predicted,0.3333333333333333,2,2,CCGTGACGGTCAAGACGGGT,0,3636971
tmaR_predicted,0.3333333333333333,2,2,CCGTCTGTGATAATTATACG,0,3615495
tmaR_predicted,0.3333333333333333,2,2,CCGTACCTCCCCAGCGACGA,0,3615868
tmaR_predicted,0.3333333333333333,2,2,CCGGTTGACGAACTCATCTG,0,3634788
tmaR_predicted,0.3333333333333333,2,2,CCGGTAGGAGCCCGCCCCGG,0,3611025
tmaR_predicted,0.3333333333333333,2,2,CCGGTAGCTAGGTACAGTCC,0,3619705
tmaR_predicted,0.3333333333333333,2,2,CCGGTAAAACGATATCGAAT,0,3639619
tmaR_predicted,0.3333333333333333,2,2,CCGGGTGAGGTCAGGTAATA,0,3634146
tmaR_predicted,0.3333333333333333,2,2,CCGGGGCGACCTAGGCCGGC,0,3626059
tmaR_predicted,0.3333333333333333,2,2,CCGGGAAATTATTCATTTAA,0,3626531
tmaR_predicted,0.3333333333333333,2,2,CCGATAGTAATTACGTGCGC,0,3618114
tmaR_predicted,0.3333333333333333,2,2,CCGATAAACACGAGAGGGAT,0,3622092
tmaR_predicted,0.3333333333333333,2,2,CCGACTTAGTTGAGAGCATG,0,3625772
tmaR_predicted,0.3333333333333333,2,2,CCCTGTCGCATGAGCTCAGC,0,3626325
tmaR_predicted,0.3333333333333333,2,2,CCCTGGCGATGCGTGTGCGT,0,3616829
tmaR_predicted,0.3333333333333333,2,2,CCCTGGATGGTCTTAAGAAT,0,3639867
tmaR_predicted,0.3333333333333333,2,2,CCCTAATCTAATATTCTGAA,0,3637782
tmaR_predicted,0.3333333333333333,2,2,CCCGTACAGTGCAAAATGCT,0,3617594
tmaR_predicted,0.3333333333333333,2,2,CCCGGTAAGGAACTCCGATC,0,3634784
tmaR_predicted,0.3333333333333333,2,2,CCCGGCTTTCTGGCATCTAT,0,3626291
tmaR_predicted,0.3333333333333333,2,2,CCCGGATTCTGAACATCTCG,0,3608643
tmaR_predicted,0.3333333333333333,2,2,CCCGGAACTCGACGAGGTTG,0,3644183
tmaR_predicted,0.3333333333333333,2,2,CCCGCTGCTGCCTGCCCGGG,0,3635098
tmaR_predicted,0.3333333333333333,2,2,CCCGCCCATGGCATAGTTGA,0,3631844
tmaR_predicted,0.3333333333333333,2,2,CCCCTTCATAGCTCTCTTGT,0,3635727
tmaR_predicted,0.3333333333333333,2,2,CCCCTTATGGTATTCCTGCC,0,3619600
tmaR_predicted,0.3333333333333333,2,2,CCCCGTAAGGGGCACGAAAC,0,3640952
tmaR_predicted,0.3333333333333333,2,2,CCCCCCAGTTTAGAAGGTAC,0,3605652
tmaR_predicted,0.3333333333333333,2,2,CCCCATAGCTTATAGTGGCC,0,3644253
tmaR_predicted,0.3333333333333333,2,2,CCCATTACATTACAATCTTG,0,3647441
tmaR_predicted,0.3333333333333333,2,2,CCCATGGGGACTCGGGCGGG,0,3619327
tmaR_predicted,0.3333333333333333,2,2,CCCATCTCGTGGTAGGACGC,0,3616701
tmaR_predicted,0.3333333333333333,2,2,CCCATCATGCGCCTTCATGC,0,3629468
tmaR_predicted,0.3333333333333333,2,2,CCCAGCGCTATAGATTCTGG,0,3618436
tmaR_predicted,0.3333333333333333,2,2,CCCACAGACCGTTCCAACAC,0,3611902
tmaR_predicted,0.3333333333333333,2,2,CCATTTCCTAGCACTCTGGG,0,3607178
tmaR_predicted,0.3333333333333333,2,2,CCATCTCTCATTTTGCGCCA,0,3637119
tmaR_predicted,0.3333333333333333,2,2,CCATATTGGAGGCATATCAG,0,3625571
tmaR_predicted,0.3333333333333333,2,2,CCAGTGTTGTATGCCCTTGA,0,3606622
tmaR_predicted,0.3333333333333333,2,2,CCAGGTGCGGGATAGATGCC,0,3608503
tmaR_predicted,0.3333333333333333,2,2,CCAGCACATACAGAATGGTA,0,3617997
tmaR_predicted,0.3333333333333333,2,2,CCAGATACAACTAACTCACA,0,3621016
tmaR_predicted,0.3333333333333333,2,2,CCAGAAGGGCGGAGGAGGCC,0,3624092
tmaR_predicted,0.3333333333333333,2,2,CCACTTAACCGAAAATGCGA,0,3629698
tmaR_predicted,0.3333333333333333,2,2,CCACTCCAGAAGCATGCTCG,0,3634376
tmaR_predicted,0.3333333333333333,2,2,CCACGTAACCCGGCGTCCAT,0,3612646
tmaR_predicted,0.3333333333333333,2,2,CCACCGAGACGTGCGGTCAG,0,3604998
tmaR_predicted,0.3333333333333333,2,2,CCACCCGAATGACGTCTGGT,0,3605286
tmaR_predicted,0.3333333333333333,2,2,CCACCCATTCGCGGGGAGAG,0,3605223
tmaR_predicted,0.3333333333333333,2,2,CCACATCCGATCTCAGTACT,0,3638530
tmaR_predicted,0.3333333333333333,2,2,CCAATGGATGCAGTCCTCTC,0,3611056
tmaR_predicted,0.3333333333333333,2,2,CCAATATGGCTTCTAGGGAG,0,3611117
tmaR_predicted,0.3333333333333333,2,2,CCAAGAATTCAGTTGCTGTT,0,3626440
tmaR_predicted,0.3333333333333333,2,2,CCAACGGAGTGAGCGTACGC,0,3636460
tmaR_predicted,0.3333333333333333,2,2,CCAACCTATTTTGCTATATC,0,3608702
tmaR_predicted,0.3333333333333333,2,2,CATTTCGTCTTCGATGGTTG,0,3621755
tmaR_predicted,0.3333333333333333,2,2,CATTGTCGTATATGTTTGCC,0,3610640
tmaR_predicted,0.3333333333333333,2,2,CATTGGCCTTCGTGCCTCAG,0,3640706
tmaR_predicted,0.3333333333333333,2,2,CATTGCGAATGGGAATCCGA,0,3606699
tmaR_predicted,0.3333333333333333,2,2,CATTAAAGCGGCGGGTATTT,0,3650271
tmaR_predicted,0.3333333333333333,2,2,CATGTACTGTTGATATGTCT,0,3618504
tmaR_predicted,0.3333333333333333,2,2,CATGCAGATAGCACACTTAG,0,3630149
tmaR_predicted,0.3333333333333333,2,2,CATGACCTGGCCGGACCATG,0,3617050
tmaR_predicted,0.3333333333333333,2,2,CATCTTGTTCGGTAGCTTAT,0,3628839
tmaR_predicted,0.3333333333333333,2,2,CATCGTACAAAAGCCTCATA,0,3629246
tmaR_predicted,0.3333333333333333,2,2,CATCGATTCCGCATGCTTTG,0,3618564
tmaR_predicted,0.3333333333333333,2,2,CATCCGGTATGTGATATACA,0,3616043
tmaR_predicted,0.3333333333333333,2,2,CATCCACCGTAAACTGAAGC,0,3610467
tmaR_predicted,0.3333333333333333,2,2,CATCATTATGGGTATTCTAT,0,3607600
tmaR_predicted,0.3333333333333333,2,2,CATCAGGACGGCCAATCTAT,0,3645173
tmaR_predicted,0.3333333333333333,2,2,CATCAAGGTCTTCGCATACG,0,3618758
tmaR_predicted,0.3333333333333333,2,2,CATATACAGCAGCACCTGCA,0,3632422
tmaR_predicted,0.3333333333333333,2,2,CATAGGTGTCCTGAACAAGG,0,3605931
tmaR_predicted,0.3333333333333333,2,2,CATACTTACGACGTCGTGAT,0,3620632
tmaR_predicted,0.3333333333333333,2,2,CATACTAGATCTGAACACCA,0,3636337
tmaR_predicted,0.3333333333333333,2,2,CATAACTTTTCTACAAGTCA,0,3613326
tmaR_predicted,0.3333333333333333,2,2,CAGTTATGAAGGGTACCATC,0,3635856
tmaR_predicted,0.3333333333333333,2,2,CAGTGTGCATTGATCTGGGG,0,3618313
tmaR_predicted,0.3333333333333333,2,2,CAGTGTCGTGCGACCCATTT,0,3643322
tmaR_predicted,0.3333333333333333,2,2,CAGTGAGCGACGCATTTTCT,0,3649597
tmaR_predicted,0.3333333333333333,2,2,CAGTCCCCATTCACGAAGGG,0,3649730
tmaR_predicted,0.3333333333333333,2,2,CAGTCACCCGTGGCTACCAT,0,3641188
tmaR_predicted,0.3333333333333333,2,2,CAGTACCAATTTCGGAATGC,0,3649108
tmaR_predicted,0.3333333333333333,2,2,CAGGTGTCTATGCATGTCTT,0,3633228
tmaR_predicted,0.3333333333333333,2,2,CAGGTCGCTACTACGCGGCA,0,3639173
tmaR_predicted,0.3333333333333333,2,2,CAGGGGGAATCCCGCAGACA,0,3616848
tmaR_predicted,0.3333333333333333,2,2,CAGGGCTATTCTTCCTTGAA,0,3638318
tmaR_predicted,0.3333333333333333,2,2,CAGGGCGGGACGGACCACAT,0,3615490
tmaR_predicted,0.3333333333333333,2,2,CAGGCTACACCTATGCCACG,0,3644154
tmaR_predicted,0.3333333333333333,2,2,CAGGAGTCGGTCCCCTCCGA,0,3631004
tmaR_predicted,0.3333333333333333,2,2,CAGGAGGAGATCACTCCATA,0,3608279
tmaR_predicted,0.3333333333333333,2,2,CAGGAATGAAACGTACCGGT,0,3632981
tmaR_predicted,0.3333333333333333,2,2,CAGCGTGCAACCCGGACTTT,0,3612640
tmaR_predicted,0.3333333333333333,2,2,CAGCGCGCACATAACGCAGG,0,3632426
tmaR_predicted,0.3333333333333333,2,2,CAGCCTTGTGGGCAGCGGGC,0,3644404
tmaR_predicted,0.3333333333333333,2,2,CAGCCCAGCTTGTGGGTAAA,0,3632299
tmaR_predicted,0.3333333333333333,2,2,CAGCATCTTGATGTACCTGA,0,3613491
tmaR_predicted,0.3333333333333333,2,2,CAGCAGCAGTATGCTTATGG,0,3628909
tmaR_predicted,0.3333333333333333,2,2,CAGCAAGCACTGGTGGCTAC,0,3643432
tmaR_predicted,0.3333333333333333,2,2,CAGAGTCTGGATCAATGTGA,0,3607368
tmaR_predicted,0.3333333333333333,2,2,CAGAGAAGCCAGCCCCCCAT,0,3606646
tmaR_predicted,0.3333333333333333,2,2,CAGACCTTCATGTTAATCTT,0,3638275
tmaR_predicted,0.3333333333333333,2,2,CAGAATTGTAGTTGCAGCAA,0,3645371
tmaR_predicted,0.3333333333333333,2,2,CACTTAATGGTTCCGGATGT,0,3608764
tmaR_predicted,0.3333333333333333,2,2,CACGTTCCTTCAAGCTCGCT,0,3642410
tmaR_predicted,0.3333333333333333,2,2,CACGTACGTTCACCAGGCTT,0,3621994
tmaR_predicted,0.3333333333333333,2,2,CACGGTGTGGGACGCGGTAA,0,3610057
tmaR_predicted,0.3333333333333333,2,2,CACGGAAAGCACCTTAAAAG,0,3605132
tmaR_predicted,0.3333333333333333,2,2,CACGATCTCAGCAAGTTCGT,0,3607456
tmaR_predicted,0.3333333333333333,2,2,CACGACTAGAATGGATGGGG,0,3646276
tmaR_predicted,0.3333333333333333,2,2,CACCGAAACTAAAGCCTACT,0,3640003
tmaR_predicted,0.3333333333333333,2,2,CACCCTGATGGGACGCCTCC,0,3605284
tmaR_predicted,0.3333333333333333,2,2,CACCATAACGCTTACCTTCA,0,3620789
tmaR_predicted,0.3333333333333333,2,2,CACATTCGTCGGCACGTCCA,0,3637109
tmaR_predicted,0.3333333333333333,2,2,CACACTAGCGTACGGGCTCA,0,3642610
tmaR_predicted,0.3333333333333333,2,2,CACACGCACGGTCAAGGGCA,0,3619288
tmaR_predicted,0.3333333333333333,2,2,CACACCTATGGTTCAAGAGA,0,3636673
tmaR_predicted,0.3333333333333333,2,2,CACACAGAGACGGTAATCTG,0,3616195
tmaR_predicted,0.3333333333333333,2,2,CACAAGGTTGGCTCCCGTAG,0,3610411
tmaR_predicted,0.3333333333333333,2,2,CAATTGGCCCGCGAGATCGT,0,3608793
tmaR_predicted,0.3333333333333333,2,2,CAATATGCTTTAAAACGGAT,0,3635601
tmaR_predicted,0.3333333333333333,2,2,CAATATAGTGACTAGGGTAC,0,3624649
tmaR_predicted,0.3333333333333333,2,2,CAATACGTGTAAGTGCACAT,0,3640800
tmaR_predicted,0.3333333333333333,2,2,CAAGGTTTGCGAATCAGTAT,0,3629061
tmaR_predicted,0.3333333333333333,2,2,CAAGCCCGCCTTGGAGAATC,0,3613882
tmaR_predicted,0.3333333333333333,2,2,CAAGAATAGTCCATGTACAT,0,3623102
tmaR_predicted,0.3333333333333333,2,2,CAACTTGGCCTGAACTTGAG,0,3640619
tmaR_predicted,0.3333333333333333,2,2,CAACTGCCGACTAACTGTGC,0,3624730
tmaR_predicted,0.3333333333333333,2,2,CAACGGAGTGAGGGGTTATA,0,3614469
tmaR_predicted,0.3333333333333333,2,2,CAACCGTACTACGGCCTCTC,0,3617821
tmaR_predicted,0.3333333333333333,2,2,CAACAGGCACTCAGTGAGCT,0,3618619
tmaR_predicted,0.3333333333333333,2,2,CAACAGAGTTACTACGGCTA,0,3619307
tmaR_predicted,0.3333333333333333,2,2,CAAATGATATACCTGTCAGG,0,3646698
tmaR_predicted,0.3333333333333333,2,2,CAAATGAGGGTACGATGACA,0,3642320
tmaR_predicted,0.3333333333333333,2,2,CAAATATATGCTCGCACGTT,0,3633133
tmaR_predicted,0.3333333333333333,2,2,CAAATAGAGGGGGGTTTAAT,0,3617742
tmaR_predicted,0.3333333333333333,2,2,CAAAGTCCAATGTCCTTGGG,0,3619483
tmaR_predicted,0.3333333333333333,2,2,CAAAGCTAAACCGGGGCTAC,0,3612493
tmaR_predicted,0.3333333333333333,2,2,CAAACTATGCTAGTAACGCA,0,3641002
tmaR_predicted,0.3333333333333333,2,2,CAAAACAGATCCGCCACCTC,0,3644476
tmaR_predicted,0.3333333333333333,2,2,CAAAAATCAAATTCTAATGA,0,3636479
tmaR_predicted,0.3333333333333333,2,2,ATTTTAGGGAATGTTAGCTA,0,3625457
tmaR_predicted,0.3333333333333333,2,2,ATTTGGTCAGTGGCCAGCAT,0,3635811
tmaR_predicted,0.3333333333333333,2,2,ATTGTGGAGTGTGCACAAAG,0,3611829
tmaR_predicted,0.3333333333333333,2,2,ATTGTGCGGGTTTAGCGAAT,0,3623906
tmaR_predicted,0.3333333333333333,2,2,ATTGGCCAATGTACTTGGCA,0,3632080
tmaR_predicted,0.3333333333333333,2,2,ATTGCTTGTAGTAGTACTTG,0,3644719
tmaR_predicted,0.3333333333333333,2,2,ATTGCGGAAACGCAAGCTTC,0,3615010
tmaR_predicted,0.3333333333333333,2,2,ATTGCGACGTGTCCTTGCTT,0,3646185
tmaR_predicted,0.3333333333333333,2,2,ATTGCCCTGACGTACGCCCC,0,3616737
tmaR_predicted,0.3333333333333333,2,2,ATTGCCAATCCTGAGTCTAG,0,3619447
tmaR_predicted,0.3333333333333333,2,2,ATTGCAACGTAGTTCCTCGT,0,3645125
tmaR_predicted,0.3333333333333333,2,2,ATTGATGGTTGAGTACAGTA,0,3639420
tmaR_predicted,0.3333333333333333,2,2,ATTCGAGTGGAAACCAGGAG,0,3619577
tmaR_predicted,0.3333333333333333,2,2,ATTCGACACTCACCCAATTC,0,3647166
tmaR_predicted,0.3333333333333333,2,2,ATTCATGTGATATTGGTCGG,0,3647289
tmaR_predicted,0.3333333333333333,2,2,ATTATTCTCCCAACTGTAAT,0,3633606
tmaR_predicted,0.3333333333333333,2,2,ATTAGGTGCTTGGTTATCCA,0,3624615
tmaR_predicted,0.3333333333333333,2,2,ATTAGGGGCTTACAGTTTCG,0,3641384
tmaR_predicted,0.3333333333333333,2,2,ATTAGCATTCGCTGTTTGCA,0,3643989
tmaR_predicted,0.3333333333333333,2,2,ATTAGCACGAAAAATCTACT,0,3604974
tmaR_predicted,0.3333333333333333,2,2,ATTACGTGGGGGGGTACACG,0,3607877
tmaR_predicted,0.3333333333333333,2,2,ATTAACGGTGAACACAACAC,0,3628605
tmaR_predicted,0.3333333333333333,2,2,ATGTGCCGGACTACGTCCGT,0,3637704
tmaR_predicted,0.3333333333333333,2,2,ATGTGAGCAGAGTCCAGGCC,0,3614902
tmaR_predicted,0.3333333333333333,2,2,ATGTGAAGTGCACCTTACAT,0,3632154
tmaR_predicted,0.3333333333333333,2,2,ATGTATTGCTCATTCTTATG,0,3618631
tmaR_predicted,0.3333333333333333,2,2,ATGTACTCTCTTTTTCGTAA,0,3635140
tmaR_predicted,0.3333333333333333,2,2,ATGTAAGTTCAAAAGGGTGC,0,3615662
tmaR_predicted,0.3333333333333333,2,2,ATGGTTTTGTAACGCGCAGA,0,3622576
tmaR_predicted,0.3333333333333333,2,2,ATGGTCCAGTACAAGGGAAT,0,3623443
tmaR_predicted,0.3333333333333333,2,2,ATGGTATGATTTACCTTCAT,0,3609883
tmaR_predicted,0.3333333333333333,2,2,ATGGGTATTCGTAGAACGTT,0,3613485
tmaR_predicted,0.3333333333333333,2,2,ATGGGGTGCCGAAATTCCCT,0,3612077
tmaR_predicted,0.3333333333333333,2,2,ATGGGAGGCTGTATTGGTGT,0,3632506
tmaR_predicted,0.3333333333333333,2,2,ATGGCGTCTGGACCTTTAAA,0,3613885
tmaR_predicted,0.3333333333333333,2,2,ATGGCAGTTTACTTTGAAGC,0,3612621
tmaR_predicted,0.3333333333333333,2,2,ATGGATTCTCCCATTCCTCG,0,3647896
tmaR_predicted,0.3333333333333333,2,2,ATGGATGAAAAGACTCCTTG,0,3640783
tmaR_predicted,0.3333333333333333,2,2,ATGCGTCCTAGGTCTAGCCA,0,3643005
tmaR_predicted,0.3333333333333333,2,2,ATGCGAGCTTCCTAGCATCG,0,3630552
tmaR_predicted,0.3333333333333333,2,2,ATGCGAGCGTTGGTATCACA,0,3627442
tmaR_predicted,0.3333333333333333,2,2,ATGCCTTCTGATGATGCCTC,0,3616254
tmaR_predicted,0.3333333333333333,2,2,ATGATTGGTACAAGGATAGT,0,3635784
tmaR_predicted,0.3333333333333333,2,2,ATGAGGGTGGTAGAGTCATG,0,3606278
tmaR_predicted,0.3333333333333333,2,2,ATGAGGACTTAGGACCAAGT,0,3622878
tmaR_predicted,0.3333333333333333,2,2,ATGACTGGTGGCGTTTTGGG,0,3636892
tmaR_predicted,0.3333333333333333,2,2,ATGACCAAAGTTTGTAGTTC,0,3618634
tmaR_predicted,0.3333333333333333,2,2,ATGACAACCGCGAGCTGGTT,0,3606352
tmaR_predicted,0.3333333333333333,2,2,ATCTTTCGGATGGGCAAGTA,0,3644304
tmaR_predicted,0.3333333333333333,2,2,ATCTGGGTTGGTGTGTGTCT,0,3635764
tmaR_predicted,0.3333333333333333,2,2,ATCTCGCTCAGCTAAATCGA,0,3649709
tmaR_predicted,0.3333333333333333,2,2,ATCTATCCCGTACACTCTAT,0,3641970
tmaR_predicted,0.3333333333333333,2,2,ATCTAACAACGATAATGAAT,0,3626759
tmaR_predicted,0.3333333333333333,2,2,ATCGAACAACGAGCGCATGT,0,3622677
tmaR_predicted,0.3333333333333333,2,2,ATCCGTAGTTAGGGTGACCC,0,3636834
tmaR_predicted,0.3333333333333333,2,2,ATCCGGGCATGAGGCTGATG,0,3647515
tmaR_predicted,0.3333333333333333,2,2,ATCCCGAGAGGCCTCTTTTT,0,3613679
tmaR_predicted,0.3333333333333333,2,2,ATCCAAGCTATTACACGTAA,0,3645379
tmaR_predicted,0.3333333333333333,2,2,ATCAGTGCCTCTCCACCACT,0,3611055
tmaR_predicted,0.3333333333333333,2,2,ATCAGTGATGCGACTTGCCC,0,3604193
tmaR_predicted,0.3333333333333333,2,2,ATCACACATAAAAGAGTTAA,0,3611265
tmaR_predicted,0.3333333333333333,2,2,ATCAAGCCGCCTCGGTCGCT,0,3609440
tmaR_predicted,0.3333333333333333,2,2,ATCAACTGCGGAATCCGGAC,0,3627087
tmaR_predicted,0.3333333333333333,2,2,ATCAAAAGGTATACAAGTCT,0,3639798
tmaR_predicted,0.3333333333333333,2,2,ATATTTTTGCCTGTACTGTT,0,3606579
tmaR_predicted,0.3333333333333333,2,2,ATATGAGGACCACCGGTGGT,0,3625538
tmaR_predicted,0.3333333333333333,2,2,ATATCGGGAGTCCCCTGTAA,0,3618032
tmaR_predicted,0.3333333333333333,2,2,ATATCAGGGCGTGACATCTG,0,3641091
tmaR_predicted,0.3333333333333333,2,2,ATACTGCTCCCCATAGGGTA,0,3632703
tmaR_predicted,0.3333333333333333,2,2,ATACTAAAGGACATGGAGAT,0,3645182
tmaR_predicted,0.3333333333333333,2,2,ATACCTGTCTGTGATCAAAC,0,3610876
tmaR_predicted,0.3333333333333333,2,2,ATACCGGTGGAGTGGTTTCA,0,3622370
tmaR_predicted,0.3333333333333333,2,2,ATACCGGAAGTTTGGCGGGG,0,3637108
tmaR_predicted,0.3333333333333333,2,2,ATAATTAACGCCAAGTATAT,0,3622458
tmaR_predicted,0.3333333333333333,2,2,ATAAGTTGTCGTGCTTCAGT,0,3613076
tmaR_predicted,0.3333333333333333,2,2,ATAAGACAGAGCCCGGGGCT,0,3635778
tmaR_predicted,0.3333333333333333,2,2,ATAACATAGCGCGTTGTAAG,0,3626724
tmaR_predicted,0.3333333333333333,2,2,ATAAAGTGTCCTGCCATACA,0,3610160
tmaR_predicted,0.3333333333333333,2,2,AGTTTTACAAATGTATAAGA,0,3643483
tmaR_predicted,0.3333333333333333,2,2,AGTTTGGTTTTTCTATCTAT,0,3637317
tmaR_predicted,0.3333333333333333,2,2,AGTTGTAACCTCGCACTGGG,0,3611541
tmaR_predicted,0.3333333333333333,2,2,AGTTCTCACACCTATAGCCA,0,3631839
tmaR_predicted,0.3333333333333333,2,2,AGTTACTTCACGTGTGTCAA,0,3604175
tmaR_predicted,0.3333333333333333,2,2,AGTGTGTACGGCTTGCGATG,0,3637344
tmaR_predicted,0.3333333333333333,2,2,AGTGTACGTTCGCTTTCATA,0,3640399
tmaR_predicted,0.3333333333333333,2,2,AGTGCTCATACATCCAATGT,0,3622535
tmaR_predicted,0.3333333333333333,2,2,AGTGATCCCCCACGTAGCTC,0,3611875
tmaR_predicted,0.3333333333333333,2,2,AGTCTGGGTGTTTCAACGTT,0,3627504
tmaR_predicted,0.3333333333333333,2,2,AGTCTGGCTCGACCTTTGAT,0,3612727
tmaR_predicted,0.3333333333333333,2,2,AGTCTCAGTGGTGCATTCAA,0,3646834
tmaR_predicted,0.3333333333333333,2,2,AGTCGTCGATTAGAGGACAT,0,3631774
tmaR_predicted,0.3333333333333333,2,2,AGTCGTCCGCACGCTGAAGG,0,3647348
tmaR_predicted,0.3333333333333333,2,2,AGTCGGATGCAGTCCCTATA,0,3636313
tmaR_predicted,0.3333333333333333,2,2,AGTCGCCAATCTATTACCAT,0,3630833
tmaR_predicted,0.3333333333333333,2,2,AGTCCGCGGGCACTCCGGAC,0,3610245
tmaR_predicted,0.3333333333333333,2,2,AGTCCGAACCTGGTGTTGAA,0,3641488
tmaR_predicted,0.3333333333333333,2,2,AGTATGTTAGGAGCATAGCC,0,3619186
tmaR_predicted,0.3333333333333333,2,2,AGTATCGTCCGGATCCTGTC,0,3617449
tmaR_predicted,0.3333333333333333,2,2,AGTAGGTTAACCGGATTGTT,0,3630518
tmaR_predicted,0.3333333333333333,2,2,AGTAGCAGGGACGCGCTTGG,0,3629772
tmaR_predicted,0.3333333333333333,2,2,AGTAGACTTATGGCGAGGGA,0,3617658
tmaR_predicted,0.3333333333333333,2,2,AGTACGTAACGTCGTTATAT,0,3639953
tmaR_predicted,0.3333333333333333,2,2,AGTACGAACACCGCCACATA,0,3604809
tmaR_predicted,0.3333333333333333,2,2,AGTACCAGGAACTCCGGCTA,0,3622232
tmaR_predicted,0.3333333333333333,2,2,AGTACACGATATCATCATGA,0,3638569
tmaR_predicted,0.3333333333333333,2,2,AGTAATCTGGGTCTTAGGAA,0,3626042
tmaR_predicted,0.3333333333333333,2,2,AGTAAGGTGAGACCTATGCA,0,3617334
tmaR_predicted,0.3333333333333333,2,2,AGTAAACCTAATAACGGTGC,0,3607571
tmaR_predicted,0.3333333333333333,2,2,AGGTGGTTCTAAAGGCCGAG,0,3612890
tmaR_predicted,0.3333333333333333,2,2,AGGTCGCATATTGGTCTCGT,0,3610698
tmaR_predicted,0.3333333333333333,2,2,AGGTCCCCTCCCGCTTACGG,0,3611559
tmaR_predicted,0.3333333333333333,2,2,AGGTCCACTCCGGACGGAGA,0,3635252
tmaR_predicted,0.3333333333333333,2,2,AGGTATCTCGGTCCGTTCAT,0,3631551
tmaR_predicted,0.3333333333333333,2,2,AGGGTGTGCGCGGAAACTTC,0,3608135
tmaR_predicted,0.3333333333333333,2,2,AGGGGTATGGTTCTAAACAT,0,3611819
tmaR_predicted,0.3333333333333333,2,2,AGGGGGGCGCGTTTCAAATC,0,3611253
tmaR_predicted,0.3333333333333333,2,2,AGGGGCTGGCTTATAATACC,0,3615629
tmaR_predicted,0.3333333333333333,2,2,AGGGGCGGTCTGAGATGCCG,0,3614369
tmaR_predicted,0.3333333333333333,2,2,AGGGGCCTACCCAGAACATA,0,3636084
tmaR_predicted,0.3333333333333333,2,2,AGGGGAGAGGGGGTCCGACT,0,3636744
tmaR_predicted,0.3333333333333333,2,2,AGGGGACTCGGGTACACCAG,0,3639465
tmaR_predicted,0.3333333333333333,2,2,AGGGCGTGTGCTTATTTCCC,0,3610417
tmaR_predicted,0.3333333333333333,2,2,AGGGCCATCGCTTGGAAATT,0,3650375
tmaR_predicted,0.3333333333333333,2,2,AGGGCAGGTGGTCACATCGG,0,3605861
tmaR_predicted,0.3333333333333333,2,2,AGGGAACGGCACTGGTCGAA,0,3624951
tmaR_predicted,0.3333333333333333,2,2,AGGCTTCGGATCCATTGCTA,0,3608425
tmaR_predicted,0.3333333333333333,2,2,AGGCTGGATAGTGTGTCTTC,0,3639566
tmaR_predicted,0.3333333333333333,2,2,AGGCTCGATGAGCTTAGCCA,0,3622777
tmaR_predicted,0.3333333333333333,2,2,AGGCTATCGGGCGCTGGTCA,0,3630422
tmaR_predicted,0.3333333333333333,2,2,AGGCGCCTACTGAGATATTT,0,3607020
tmaR_predicted,0.3333333333333333,2,2,AGGCCCGCCATGCGAGAGAC,0,3618609
tmaR_predicted,0.3333333333333333,2,2,AGGATACTATGTCCCGCTCA,0,3638564
tmaR_predicted,0.3333333333333333,2,2,AGGAGGGTAAGCCACCGATA,0,3638340
tmaR_predicted,0.3333333333333333,2,2,AGGAGCATGACATCCTGCAA,0,3632250
tmaR_predicted,0.3333333333333333,2,2,AGGAGAGCTTGCCCGTCGTT,0,3633985
tmaR_predicted,0.3333333333333333,2,2,AGGAGACAACGTGATAGTAG,0,3647748
tmaR_predicted,0.3333333333333333,2,2,AGCTTTGCCGGGTCCAAAGC,0,3627494
tmaR_predicted,0.3333333333333333,2,2,AGCTTCGAAGGGGGCTCTAC,0,3643323
tmaR_predicted,0.3333333333333333,2,2,AGCTGTCAGTCCGAGCCGTT,0,3620471
tmaR_predicted,0.3333333333333333,2,2,AGCTGGGACGTATAATACCA,0,3646805
tmaR_predicted,0.3333333333333333,2,2,AGCTGGCGAAGTCCACCCTG,0,3648042
tmaR_predicted,0.3333333333333333,2,2,AGCTCGACCCGCTCTAACTT,0,3638096
tmaR_predicted,0.3333333333333333,2,2,AGCTAATGAAGTGGATTATC,0,3611960
tmaR_predicted,0.3333333333333333,2,2,AGCTAAGGGACAACAGCTTT,0,3621288
tmaR_predicted,0.3333333333333333,2,2,AGCGCTAATGTGCCACAGAA,0,3626084
tmaR_predicted,0.3333333333333333,2,2,AGCGCGTTGTGTGCACGCTA,0,3629574
tmaR_predicted,0.3333333333333333,2,2,AGCGCCACCAGCTGGACTAA,0,3638302
tmaR_predicted,0.3333333333333333,2,2,AGCCGTCCTTACACGGCACC,0,3640326
tmaR_predicted,0.3333333333333333,2,2,AGCCGAGTTTTCCGGGCTGC,0,3615269
tmaR_predicted,0.3333333333333333,2,2,AGCCAGAGCTCATTTTGAGC,0,3638996
tmaR_predicted,0.3333333333333333,2,2,AGATTGTGTCCTTAAAGACG,0,3621747
tmaR_predicted,0.3333333333333333,2,2,AGATGGTCCTGGCCCGACAC,0,3631735
tmaR_predicted,0.3333333333333333,2,2,AGATGCGCTTGGGAGCAGAA,0,3632582
tmaR_predicted,0.3333333333333333,2,2,AGATCGTCAATTCATGCAAA,0,3647680
tmaR_predicted,0.3333333333333333,2,2,AGATCAAGGTATAATCGTAG,0,3643329
tmaR_predicted,0.3333333333333333,2,2,AGATACCATCCCGACCGTCG,0,3618340
tmaR_predicted,0.3333333333333333,2,2,AGAGGTTCATCATTAGTCAG,0,3608754
tmaR_predicted,0.3333333333333333,2,2,AGAGGCCACAACTGTCTCTC,0,3631580
tmaR_predicted,0.3333333333333333,2,2,AGAGGATGTAATCTTCTCGG,0,3645368
tmaR_predicted,0.3333333333333333,2,2,AGAGCATAATGCACGAATCA,0,3604434
tmaR_predicted,0.3333333333333333,2,2,AGAGATTTTTAGTTACAGAT,0,3644850
tmaR_predicted,0.3333333333333333,2,2,AGAGATCTCCAGGGCCTCCA,0,3628837
tmaR_predicted,0.3333333333333333,2,2,AGACTGTAGCGTCGGGCAAA,0,3648745
tmaR_predicted,0.3333333333333333,2,2,AGACTCCCTGGTCATGTAAA,0,3637422
tmaR_predicted,0.3333333333333333,2,2,AGACTCAGCATTCAGCATGC,0,3614148
tmaR_predicted,0.3333333333333333,2,2,AGACGCGCGGACATAATTCT,0,3608190
tmaR_predicted,0.3333333333333333,2,2,AGACACTGCAACCAGACCAC,0,3643915
tmaR_predicted,0.3333333333333333,2,2,AGAATATTATGGTGTACGAA,0,3618976
tmaR_predicted,0.3333333333333333,2,2,AGAAGGCGGGGACTGATAGT,0,3645754
tmaR_predicted,0.3333333333333333,2,2,AGAACTAATATATGTGGAAT,0,3627177
tmaR_predicted,0.3333333333333333,2,2,AGAACGCATTATTCTCGCTG,0,3643026
tmaR_predicted,0.3333333333333333,2,2,ACTTTTTGGCAGAGATGCCT,0,3605145
tmaR_predicted,0.3333333333333333,2,2,ACTTTTAATCTCGCCGGAGC,0,3626500
tmaR_predicted,0.3333333333333333,2,2,ACTTGGCAATAAATTACGAG,0,3646075
tmaR_predicted,0.3333333333333333,2,2,ACTTGCAGAGCTATCATGAA,0,3646212
tmaR_predicted,0.3333333333333333,2,2,ACTTGAGCCCTTCACATATG,0,3618056
tmaR_predicted,0.3333333333333333,2,2,ACTTCCAAGTTCGCCAGTGA,0,3644776
tmaR_predicted,0.3333333333333333,2,2,ACTTCATCGAGTTACGCTAC,0,3607919
tmaR_predicted,0.3333333333333333,2,2,ACTGTGGATGCGTCATAGAC,0,3607926
tmaR_predicted,0.3333333333333333,2,2,ACTGGTTTCATCAAGCTCCC,0,3621038
tmaR_predicted,0.3333333333333333,2,2,ACTGCTTTCAAGTCCGGAGA,0,3622363
tmaR_predicted,0.3333333333333333,2,2,ACTGCGGTGCCTGCTCCAAT,0,3645075
tmaR_predicted,0.3333333333333333,2,2,ACTGCATCATCTAATTCCTT,0,3634377
tmaR_predicted,0.3333333333333333,2,2,ACTGCAGGGCGAGGTAGCCT,0,3610291
tmaR_predicted,0.3333333333333333,2,2,ACTCTGGGCCACATGACATA,0,3613248
tmaR_predicted,0.3333333333333333,2,2,ACTCGACACAGTGTTTGACG,0,3629042
tmaR_predicted,0.3333333333333333,2,2,ACTCCTACAGTACGATACTC,0,3645631
tmaR_predicted,0.3333333333333333,2,2,ACTCCGTGACCAATGCGTAC,0,3628627
tmaR_predicted,0.3333333333333333,2,2,ACTCATGTGTAAGGCGGGTG,0,3604013
tmaR_predicted,0.3333333333333333,2,2,ACTCATGGCGGTTAGGAGGG,0,3609670
tmaR_predicted,0.3333333333333333,2,2,ACTATCGTGCCGTCATTTTT,0,3630389
tmaR_predicted,0.3333333333333333,2,2,ACTATCACAGAGTCTCCGCC,0,3639470
tmaR_predicted,0.3333333333333333,2,2,ACTAGCTGAAGCAAAATTCA,0,3607699
tmaR_predicted,0.3333333333333333,2,2,ACTAGAGGTGCTGCCGTGAT,0,3629831
tmaR_predicted,0.3333333333333333,2,2,ACTACTTGATGATATCGATA,0,3645770
tmaR_predicted,0.3333333333333333,2,2,ACTACAGCGTGAGGAACCGG,0,3614278
tmaR_predicted,0.3333333333333333,2,2,ACTACACAAGGGAAAGAATT,0,3646321
tmaR_predicted,0.3333333333333333,2,2,ACGTTGGAAGGAGGGCAACA,0,3617251
tmaR_predicted,0.3333333333333333,2,2,ACGTTCTGTATTGGAGCTGA,0,3649455
tmaR_predicted,0.3333333333333333,2,2,ACGTGTGTGTGGATTGGAGT,0,3604751
tmaR_predicted,0.3333333333333333,2,2,ACGTGTCAGCTTTTAAGCGT,0,3646480
tmaR_predicted,0.3333333333333333,2,2,ACGTGACGGTCAATTGCGCG,0,3607276
tmaR_predicted,0.3333333333333333,2,2,ACGTAGATAGCGACAGACAA,0,3620985
tmaR_predicted,0.3333333333333333,2,2,ACGTACATATTTCTGGTCCC,0,3624192
tmaR_predicted,0.3333333333333333,2,2,ACGGTTGCGCGGCTACGTAG,0,3604160
tmaR_predicted,0.3333333333333333,2,2,ACGGGTAGCCAAATAGATCC,0,3618201
tmaR_predicted,0.3333333333333333,2,2,ACGGGAACAAGATCACGTGG,0,3647778
tmaR_predicted,0.3333333333333333,2,2,ACGGCGGCCTGAACGTAAGG,0,3610791
tmaR_predicted,0.3333333333333333,2,2,ACGGAGGGCAAAAGTAAAGT,0,3613322
tmaR_predicted,0.3333333333333333,2,2,ACGGAAATCTCTGAAGCTGT,0,3641007
tmaR_predicted,0.3333333333333333,2,2,ACGCGGGTATAATTGGGTAA,0,3624086
tmaR_predicted,0.3333333333333333,2,2,ACGCCGCGGTATGTGGAACA,0,3626281
tmaR_predicted,0.3333333333333333,2,2,ACGCCCTTGTATATCGCTTA,0,3615425
tmaR_predicted,0.3333333333333333,2,2,ACGCATCAATTCGCAGGGCG,0,3640625
tmaR_predicted,0.3333333333333333,2,2,ACGATTCTAGATCCTGTTGT,0,3623877
tmaR_predicted,0.3333333333333333,2,2,ACGATGAACTGCATGGCCCC,0,3623758
tmaR_predicted,0.3333333333333333,2,2,ACGATCATAGCTCAAAAGCA,0,3625307
tmaR_predicted,0.3333333333333333,2,2,ACGACGTATTAAGCCGCTGC,0,3614147
tmaR_predicted,0.3333333333333333,2,2,ACGACATTCACTGTGATATC,0,3643991
tmaR_predicted,0.3333333333333333,2,2,ACCTTGCACGAACGCGGTGC,0,3617792
tmaR_predicted,0.3333333333333333,2,2,ACCTGGGGCCTATGTAGAAG,0,3635358
tmaR_predicted,0.3333333333333333,2,2,ACCTCGGAAGGATTCGCGGC,0,3622883
tmaR_predicted,0.3333333333333333,2,2,ACCTCCGATTAATAAGCACA,0,3648152
tmaR_predicted,0.3333333333333333,2,2,ACCTAAGGATTTGGCGAGCC,0,3635805
tmaR_predicted,0.3333333333333333,2,2,ACCGGCTGCTGATCTCGGTG,0,3606301
tmaR_predicted,0.3333333333333333,2,2,ACCCGCCGTTCTGGTACCTA,0,3624322
tmaR_predicted,0.3333333333333333,2,2,ACCCGCCCCTTAACCTCACG,0,3616444
tmaR_predicted,0.3333333333333333,2,2,ACCCGAATGTGAACCTTGCC,0,3629239
tmaR_predicted,0.3333333333333333,2,2,ACCCGAAATGCCTACGGTTC,0,3630572
tmaR_predicted,0.3333333333333333,2,2,ACCCCAGGCGCCTTTTGCAC,0,3619790
tmaR_predicted,0.3333333333333333,2,2,ACCCCACAGAACTTCATAAT,0,3633600
tmaR_predicted,0.3333333333333333,2,2,ACCCATAATCCTATTTTATA,0,3621595
tmaR_predicted,0.3333333333333333,2,2,ACCATACGTCCTTCCAGTTA,0,3628106
tmaR_predicted,0.3333333333333333,2,2,ACCAATTGTACTGTTGGTTT,0,3638283
tmaR_predicted,0.3333333333333333,2,2,ACCAATATTGCGTACGAAAC,0,3619335
tmaR_predicted,0.3333333333333333,2,2,ACATGTGGATGTCATCGAGA,0,3634851
tmaR_predicted,0.3333333333333333,2,2,ACATATTTGACTTCTCTCTC,0,3605661
tmaR_predicted,0.3333333333333333,2,2,ACATATGGAGCAGGTCTTGT,0,3631725
tmaR_predicted,0.3333333333333333,2,2,ACATAGCCGCGAATTCATTT,0,3648689
tmaR_predicted,0.3333333333333333,2,2,ACATACGGGCTTTACCTGAG,0,3628114
tmaR_predicted,0.3333333333333333,2,2,ACATACAGTAAAAATAACTG,0,3613495
tmaR_predicted,0.3333333333333333,2,2,ACATACAGACTGCAGTCGCA,0,3635003
tmaR_predicted,0.3333333333333333,2,2,ACATAATGAGGGTCGCCGCT,0,3640051
tmaR_predicted,0.3333333333333333,2,2,ACATAACCGTTCCTGGGCCA,0,3608284
tmaR_predicted,0.3333333333333333,2,2,ACAGGATAGCTCTGCCACAA,0,3614589
tmaR_predicted,0.3333333333333333,2,2,ACAGACGCCCGATCTCATCC,0,3616456
tmaR_predicted,0.3333333333333333,2,2,ACAGAAACTTCTGTGATTTT,0,3625810
tmaR_predicted,0.3333333333333333,2,2,ACACTTTTTAGCCTCAGCTT,0,3632821
tmaR_predicted,0.3333333333333333,2,2,ACACTCACTGTTCTTTCGAT,0,3630164
tmaR_predicted,0.3333333333333333,2,2,ACACGTGATTATTCTCTCGG,0,3645408
tmaR_predicted,0.3333333333333333,2,2,ACACGTCCATTCGGGGAAAG,0,3605576
tmaR_predicted,0.3333333333333333,2,2,ACACCAGACACAATATTGGG,0,3635395
tmaR_predicted,0.3333333333333333,2,2,ACAATAAAACCATTCATTGG,0,3615911
tmaR_predicted,0.3333333333333333,2,2,ACAAGGGGTAGCGACTGGTG,0,3640007
tmaR_predicted,0.3333333333333333,2,2,ACAAGATGCGACATCGTATA,0,3645699
tmaR_predicted,0.3333333333333333,2,2,ACAACGCTTTCGCTTGTCCT,0,3638887
tmaR_predicted,0.3333333333333333,2,2,ACAAATATGTCATCACGCTA,0,3619505
tmaR_predicted,0.3333333333333333,2,2,ACAAAGGCCGCGCGTGGCCC,0,3628126
tmaR_predicted,0.3333333333333333,2,2,AATTTTTGCACTGATAAGTC,0,3633912
tmaR_predicted,0.3333333333333333,2,2,AATTTGTGGGCGTCCATTTA,0,3645706
tmaR_predicted,0.3333333333333333,2,2,AATTTATACTCTCTTCGCGC,0,3620229
tmaR_predicted,0.3333333333333333,2,2,AATTGGTTACAAGTTATCAA,0,3649544
tmaR_predicted,0.3333333333333333,2,2,AATTGGGCCTGCCATAGTTT,0,3618320
tmaR_predicted,0.3333333333333333,2,2,AATTGCTAACATTGTTAGGA,0,3609824
tmaR_predicted,0.3333333333333333,2,2,AATTCTCTACAACTTTAGCT,0,3630906
tmaR_predicted,0.3333333333333333,2,2,AATTCTAGCTTCGCCATGTA,0,3604938
tmaR_predicted,0.3333333333333333,2,2,AATTAGCCGTTACTACTATT,0,3647686
tmaR_predicted,0.3333333333333333,2,2,AATGTTCACGGAGGCGTAAT,0,3608088
tmaR_predicted,0.3333333333333333,2,2,AATGTGATAGGGCACACGTG,0,3644806
tmaR_predicted,0.3333333333333333,2,2,AATGGCCAACAGGAAGTAAA,0,3642860
tmaR_predicted,0.3333333333333333,2,2,AATGCTAATCGCGTGACAAC,0,3640593
tmaR_predicted,0.3333333333333333,2,2,AATCTTGGAATTGAGGGTGG,0,3644010
tmaR_predicted,0.3333333333333333,2,2,AATCTGGACATAAACCTTCA,0,3638924
tmaR_predicted,0.3333333333333333,2,2,AATCTATTTTCTCTCCGGAT,0,3639097
tmaR_predicted,0.3333333333333333,2,2,AATCGTGTCTGGAAAAACAG,0,3606483
tmaR_predicted,0.3333333333333333,2,2,AATCGCTCATTCACTAACTT,0,3634976
tmaR_predicted,0.3333333333333333,2,2,AATCCTGTCCAATCACGTGG,0,3615388
tmaR_predicted,0.3333333333333333,2,2,AATCCTGGTATGTGTTCGCA,0,3605309
tmaR_predicted,0.3333333333333333,2,2,AATCCAATAATAAATCTTAA,0,3638872
tmaR_predicted,0.3333333333333333,2,2,AATATTTGGCAAGCCGGTGA,0,3613612
tmaR_predicted,0.3333333333333333,2,2,AATATGTCAGACATTCACGT,0,3607023
tmaR_predicted,0.3333333333333333,2,2,AATATCTCGCAAGGGGCAGT,0,3620157
tmaR_predicted,0.3333333333333333,2,2,AATAACCCGATGGGTACGGT,0,3631618
tmaR_predicted,0.3333333333333333,2,2,AAGTTGTATTTACTCTGCCC,0,3618165
tmaR_predicted,0.3333333333333333,2,2,AAGGGCGGATAAACCCAAGC,0,3646872
tmaR_predicted,0.3333333333333333,2,2,AAGGCATAGCTCAGCGCACA,0,3642418
tmaR_predicted,0.3333333333333333,2,2,AAGGCAATTACACTTTGAGA,0,3642954
tmaR_predicted,0.3333333333333333,2,2,AAGGATCGCATATCTGGTGT,0,3616460
tmaR_predicted,0.3333333333333333,2,2,AAGGATATTTTCTTTAAGGG,0,3631729
tmaR_predicted,0.3333333333333333,2,2,AAGGACGCGAAAACCGAGAC,0,3616457
tmaR_predicted,0.3333333333333333,2,2,AAGCTTAGGCCTGGCGAGGC,0,3623167
tmaR_predicted,0.3333333333333333,2,2,AAGCTCACGCTGGTAAATCT,0,3606511
tmaR_predicted,0.3333333333333333,2,2,AAGCCAAAGTTTAAGCTAAA,0,3634265
tmaR_predicted,0.3333333333333333,2,2,AAGCATTGAGGTATAGTGTC,0,3637081
tmaR_predicted,0.3333333333333333,2,2,AAGATTTACGATAGGTAGGT,0,3614826
tmaR_predicted,0.3333333333333333,2,2,AAGAGTGAGCCACCGTCAAG,0,3639922
tmaR_predicted,0.3333333333333333,2,2,AAGAGCTACTGGGTAGTGCT,0,3627792
tmaR_predicted,0.3333333333333333,2,2,AAGAGCTACGCACAGGGAAG,0,3608940
tmaR_predicted,0.3333333333333333,2,2,AAGAATGTGACGCTGCATTT,0,3648062
tmaR_predicted,0.3333333333333333,2,2,AACTCCTGCACAGTCTGCAA,0,3634755
tmaR_predicted,0.3333333333333333,2,2,AACTCCAGAAAAGCACTCTT,0,3613894
tmaR_predicted,0.3333333333333333,2,2,AACTACACGTCAGAGCGCCA,0,3605147
tmaR_predicted,0.3333333333333333,2,2,AACGTCTTTTTATCAATGCC,0,3610831
tmaR_predicted,0.3333333333333333,2,2,AACGTCCTATTTCTCTACGG,0,3629028
tmaR_predicted,0.3333333333333333,2,2,AACGGTCTTCTAGTACTACA,0,3610431
tmaR_predicted,0.3333333333333333,2,2,AACGGCTACTCTACCTGGGG,0,3636374
tmaR_predicted,0.3333333333333333,2,2,AACGCCTCGCTGAAGGAAGC,0,3622463
tmaR_predicted,0.3333333333333333,2,2,AACGCCATTTCAGGGCAGAT,0,3639234
tmaR_predicted,0.3333333333333333,2,2,AACGCAAAACGTGACCCCGG,0,3622808
tmaR_predicted,0.3333333333333333,2,2,AACCTCCAGAGAACCTGCGA,0,3614076
tmaR_predicted,0.3333333333333333,2,2,AACCTAGAGACGTCCGGAGC,0,3630573
tmaR_predicted,0.3333333333333333,2,2,AACCGATCCCTAGTTAAGAC,0,3612105
tmaR_predicted,0.3333333333333333,2,2,AACCCTTATTATCCTTCGTA,0,3612243
tmaR_predicted,0.3333333333333333,2,2,AACCCATACGTTGCCAGGTT,0,3626821
tmaR_predicted,0.3333333333333333,2,2,AACATCGCCAGACGCACACA,0,3640138
tmaR_predicted,0.3333333333333333,2,2,AACAGGATGAACGGTTATCA,0,3624139
tmaR_predicted,0.3333333333333333,2,2,AACAGCTGGGCGTTCCCAAT,0,3617853
tmaR_predicted,0.3333333333333333,2,2,AACAGAAGCACACCAAAGAT,0,3612460
tmaR_predicted,0.3333333333333333,2,2,AAATTGCTGGGGGCTAGGTT,0,3605467
tmaR_predicted,0.3333333333333333,2,2,AAATTCGTCAGTTTTTCATT,0,3645526
tmaR_predicted,0.3333333333333333,2,2,AAATTAGCTGTGTGCGCACT,0,3650285
tmaR_predicted,0.3333333333333333,2,2,AAATGCAGCATACTGGGCTG,0,3615040
tmaR_predicted,0.3333333333333333,2,2,AAATCATGGAGCAGGAATCG,0,3633597
tmaR_predicted,0.3333333333333333,2,2,AAATATTACATTCGTGCTGT,0,3616909
tmaR_predicted,0.3333333333333333,2,2,AAAGTATATGAAATCCGCAG,0,3613271
tmaR_predicted,0.3333333333333333,2,2,AAAGGTTTTGGCCTATGCTT,0,3648171
tmaR_predicted,0.3333333333333333,2,2,AAAGGCCGCGGCCATATATA,0,3645416
tmaR_predicted,0.3333333333333333,2,2,AAAGGACCACATGCGATAGT,0,3605826
tmaR_predicted,0.3333333333333333,2,2,AAAGGAATCACGTCCGATTC,0,3647287
tmaR_predicted,0.3333333333333333,2,2,AAAGCGCTGTTTTTGTATTA,0,3630387
tmaR_predicted,0.3333333333333333,2,2,AAACACGAATCGGTCCTATA,0,3605636
tmaR_predicted,0.3333333333333333,2,2,AAAAGTGCGGCGTTAGACGC,0,3605015
tmaR_predicted,0.3333333333333333,2,2,AAAAGTAGCACTTAGCCTAA,0,3623193
tmaR_predicted,0.3333333333333333,2,2,AAAAGGATCATCATAACGGT,0,3605440
tmaR_predicted,0.3333333333333333,2,2,AAAAGCACTTCATATACAAT,0,3609177
tmaR_predicted,0.3333333333333333,2,2,AAAAGAAAGCGTGACATGTT,0,3635598
tmaR_predicted,0.3333333333333333,2,2,AAAACGCGAAACCCGTAGAG,0,3626887
tmaR_predicted,0.3333333333333333,2,2,AAAACCAGAATTATCTGAGC,0,3649250
tmaR_predicted,0.5,1,1,TTTTTACATGATGCCGGGCG,0,3618066
tmaR_predicted,0.5,1,1,TTTTGGTGCCCCAATGCGCA,0,3626899
tmaR_predicted,0.5,1,1,TTTTGCATTAAGTAACTAAA,0,3630960
tmaR_predicted,0.5,1,1,TTTTGATTTAGGGGCACCTG,0,3644962
tmaR_predicted,0.5,1,1,TTTTCATGTCAAGTGTCCGT,0,3631501
tmaR_predicted,0.5,1,1,TTTTCACCTGTATGTGCCAA,0,3613345
tmaR_predicted,0.5,1,1,TTTTATGCAGCCCCTAAGTC,0,3638115
tmaR_predicted,0.5,1,1,TTTTATCGTTATAGGGTTTG,0,3640866
tmaR_predicted,0.5,1,1,TTTTAACGTTCTCAATATGC,0,3635177
tmaR_predicted,0.5,1,1,TTTGTGATTCTAACACGCAA,0,3647358
tmaR_predicted,0.5,1,1,TTTGTACTGCTGAGGAATTA,0,3619777
tmaR_predicted,0.5,1,1,TTTGTAATGTAGACATCACA,0,3636153
tmaR_predicted,0.5,1,1,TTTGGTCAGTTAAGATGCCG,0,3638621
tmaR_predicted,0.5,1,1,TTTGGGATTTGTCACGTTCA,0,3613645
tmaR_predicted,0.5,1,1,TTTGGATATTTAAGTTCCCG,0,3640604
tmaR_predicted,0.5,1,1,TTTGCTCGAAAATAGTATCA,0,3615421
tmaR_predicted,0.5,1,1,TTTGCGCTAGTGTGATTGGT,0,3628500
tmaR_predicted,0.5,1,1,TTTGCGAGAATGTCGAGTGG,0,3650106
tmaR_predicted,0.5,1,1,TTTCTGTTGTCTGGCCGTTA,0,3638064
tmaR_predicted,0.5,1,1,TTTCTGTACCGCCGGCACAA,0,3636919
tmaR_predicted,0.5,1,1,TTTCGTCATTCCACAGGTCC,0,3615625
tmaR_predicted,0.5,1,1,TTTCGCAGAGCTAGCTCAAT,0,3638208
tmaR_predicted,0.5,1,1,TTTCGACGCCACGCAATCTC,0,3624638
tmaR_predicted,0.5,1,1,TTTCCGCGTCTGGCAGGCGT,0,3645353
tmaR_predicted,0.5,1,1,TTTCCACCATGGGTTGCTCA,0,3640203
tmaR_predicted,0.5,1,1,TTTCAATCGCTCGTTGCATC,0,3615904
tmaR_predicted,0.5,1,1,TTTACCGACGAATAGTGGAT,0,3633417
tmaR_predicted,0.5,1,1,TTTAAGGCCACGCCACTTCC,0,3621221
tmaR_predicted,0.5,1,1,TTTAACTTGCATGAAAAGGG,0,3648203
tmaR_predicted,0.5,1,1,TTTAACCAGCTGGCAATGTC,0,3647363
tmaR_predicted,0.5,1,1,TTGTTTGTTCATTTCTCTAG,0,3611691
tmaR_predicted,0.5,1,1,TTGTTCACTATTCTCGATTG,0,3636737
tmaR_predicted,0.5,1,1,TTGTGGGTCGGAGGAAGGGA,0,3609660
tmaR_predicted,0.5,1,1,TTGTGAAACGCCGATAGTAT,0,3617557
tmaR_predicted,0.5,1,1,TTGTCCTAAACTAAAGGTAA,0,3605713
tmaR_predicted,0.5,1,1,TTGTATCGTCTGTCCGTGTC,0,3619054
tmaR_predicted,0.5,1,1,TTGGTATAATGGCCAAGACT,0,3646827
tmaR_predicted,0.5,1,1,TTGGCTGTTTGAGGTTTAAA,0,3609451
tmaR_predicted,0.5,1,1,TTGGCGCCTCTCCGTCACGG,0,3629991
tmaR_predicted,0.5,1,1,TTGGCACTCCAACCGTTAGG,0,3621090
tmaR_predicted,0.5,1,1,TTGGACTTAAGTAGCTCATA,0,3626557
tmaR_predicted,0.5,1,1,TTGGACCTAACGCTTAGTGA,0,3625764
tmaR_predicted,0.5,1,1,TTGCTTGAAGTGCAGATCGA,0,3635270
tmaR_predicted,0.5,1,1,TTGCTGTATAACCTTTGCAG,0,3638285
tmaR_predicted,0.5,1,1,TTGCGTCCAAGAAGCCCCGC,0,3617576
tmaR_predicted,0.5,1,1,TTGCGGTACGATAGAATCCA,0,3643599
tmaR_predicted,0.5,1,1,TTGCGAATCATTATTCCGGA,0,3610355
tmaR_predicted,0.5,1,1,TTGCCTATCCTGCTAGACGT,0,3635422
tmaR_predicted,0.5,1,1,TTGCCGTCCTGAGGGCTTGA,0,3641966
tmaR_predicted,0.5,1,1,TTGCCAACCCTTGCAAATGC,0,3609528
tmaR_predicted,0.5,1,1,TTGCACACCATGCCGGTCGG,0,3644659
tmaR_predicted,0.5,1,1,TTGCAAGTAGGTATGACCCC,0,3617858
tmaR_predicted,0.5,1,1,TTGATTTGAGCGTGAGCCTA,0,3641118
tmaR_predicted,0.5,1,1,TTGATTGTTCGGGCTACAGA,0,3636458
tmaR_predicted,0.5,1,1,TTGATTAGCATTCCGACTTG,0,3638319
tmaR_predicted,0.5,1,1,TTGATTACTTGCAGAATTCC,0,3643350
tmaR_predicted,0.5,1,1,TTGAGGGTTTATTGCTCATC,0,3646525
tmaR_predicted,0.5,1,1,TTGAGACGTGCCAGGTCAAC,0,3643697
tmaR_predicted,0.5,1,1,TTGACCTCTTGGACACAACT,0,3631063
tmaR_predicted,0.5,1,1,TTCTCGTCAAGCTGTAAGCA,0,3614961
tmaR_predicted,0.5,1,1,TTCTCGGGCGAAAGCAGCCG,0,3643942
tmaR_predicted,0.5,1,1,TTCTCGAGGGCTTGGTACGA,0,3634970
tmaR_predicted,0.5,1,1,TTCTAGTATTGGAGCCGGCA,0,3618785
tmaR_predicted,0.5,1,1,TTCTAATAGGGCGCCCGTCT,0,3628442
tmaR_predicted,0.5,1,1,TTCTAAAATGGCGACAGAAA,0,3613264
tmaR_predicted,0.5,1,1,TTCGTGTCTGAAATGATATC,0,3610343
tmaR_predicted,0.5,1,1,TTCGTCTCTTACTACGTGAA,0,3637498
tmaR_predicted,0.5,1,1,TTCGGATGGATAGTTTCGAT,0,3637686
tmaR_predicted,0.5,1,1,TTCGCGTCATACAGTGTGGG,0,3633563
tmaR_predicted,0.5,1,1,TTCGCCTGCTTGACCAGTCG,0,3647442
tmaR_predicted,0.5,1,1,TTCGCCAAGGCCACACTCTG,0,3617326
tmaR_predicted,0.5,1,1,TTCGAGTGTATAGGCAGGCT,0,3607844
tmaR_predicted,0.5,1,1,TTCCTTTAAGGCTTCCGCTA,0,3631508
tmaR_predicted,0.5,1,1,TTCCTTCGATGGAGAGTTAC,0,3628421
tmaR_predicted,0.5,1,1,TTCCTGCACTGTGGCGATCG,0,3648505
tmaR_predicted,0.5,1,1,TTCCGGATACCACGACACAG,0,3622638
tmaR_predicted,0.5,1,1,TTCCGGACACAGATGCGAAT,0,3613945
tmaR_predicted,0.5,1,1,TTCATCACAAGTGTGTGTGA,0,3630117
tmaR_predicted,0.5,1,1,TTCATAGATAGAAATGGTGC,0,3606701
tmaR_predicted,0.5,1,1,TTCAGGGAGTTGGGCTTCGG,0,3612591
tmaR_predicted,0.5,1,1,TTCAGGAAGCAATTTGTTAT,0,3646266
tmaR_predicted,0.5,1,1,TTCAGCTTCGGTTACTGCCT,0,3607226
tmaR_predicted,0.5,1,1,TTCAATAGCCTAATCTTTTC,0,3625414
tmaR_predicted,0.5,1,1,TTCAAGATGGATCTCTTGGT,0,3610692
tmaR_predicted,0.5,1,1,TTATTGGTGCCGCCCCTCCC,0,3629022
tmaR_predicted,0.5,1,1,TTATTGCCATAAGGGAGGAC,0,3649247
tmaR_predicted,0.5,1,1,TTATGAGTTACATGTCCTAA,0,3615336
tmaR_predicted,0.5,1,1,TTATCTCACGATTTTTAGCA,0,3641812
tmaR_predicted,0.5,1,1,TTATCGGGGCGCTAGCACAA,0,3640176
tmaR_predicted,0.5,1,1,TTATCGAGCAAAAATTTACT,0,3631080
tmaR_predicted,0.5,1,1,TTATATACTGGTATTCGAAG,0,3638985
tmaR_predicted,0.5,1,1,TTATAACGTGTTTTTTAGGA,0,3618244
tmaR_predicted,0.5,1,1,TTAGGACCGCAGTTCGCGCT,0,3636220
tmaR_predicted,0.5,1,1,TTACGGTTTACCGCATAAAT,0,3609650
tmaR_predicted,0.5,1,1,TTACGGGTTGACTTGGAATA,0,3624620
tmaR_predicted,0.5,1,1,TTACGAGTAGGATTCGCAAC,0,3637158
tmaR_predicted,0.5,1,1,TTACCTGCTCGTTCAGGAAA,0,3644834
tmaR_predicted,0.5,1,1,TTACCAACAATTTAGCAATC,0,3611517
tmaR_predicted,0.5,1,1,TTACAGCGTAGATCGGTCCA,0,3641740
tmaR_predicted,0.5,1,1,TTAATGATACTGGTTGTGGG,0,3606954
tmaR_predicted,0.5,1,1,TTAAGTCTTAACTGCAAATC,0,3649080
tmaR_predicted,0.5,1,1,TTAAGGGCGAAATACACCTT,0,3624919
tmaR_predicted,0.5,1,1,TTAAGGATATCGTAACCAGT,0,3649689
tmaR_predicted,0.5,1,1,TTAACTCGCGGAGACGTCAT,0,3610292
tmaR_predicted,0.5,1,1,TTAAATGCCTGCTAAGACAG,0,3631164
tmaR_predicted,0.5,1,1,TTAAAGACATACCTGTTGAT,0,3604164
tmaR_predicted,0.5,1,1,TTAAACTGGGCGTCATGCGC,0,3607579
tmaR_predicted,0.5,1,1,TGTTGCCATTAAGCAGACGA,0,3611157
tmaR_predicted,0.5,1,1,TGTTCCTACCTAGCTCGCTA,0,3623001
tmaR_predicted,0.5,1,1,TGTTCCGTAGCTTCAACGTT,0,3634505
tmaR_predicted,0.5,1,1,TGTTCCCCCCCAGGTAGAAT,0,3635974
tmaR_predicted,0.5,1,1,TGTTATCTCACCTCCAGGGT,0,3615386
tmaR_predicted,0.5,1,1,TGTGTTGAGCAAGAATACGA,0,3642477
tmaR_predicted,0.5,1,1,TGTGTCAACAACAGGCATTA,0,3610135
tmaR_predicted,0.5,1,1,TGTGGTGGTTTAATAAGCAG,0,3650071
tmaR_predicted,0.5,1,1,TGTGAGAGCCGCATAGGGTA,0,3612567
tmaR_predicted,0.5,1,1,TGTCTTACACGGGAGCGCGC,0,3640979
tmaR_predicted,0.5,1,1,TGTCTAGAGGTTTGGCCACC,0,3643074
tmaR_predicted,0.5,1,1,TGTATGGAAAGTGTAAATGA,0,3609686
tmaR_predicted,0.5,1,1,TGTATCTTTGGCAAGCGCTT,0,3619387
tmaR_predicted,0.5,1,1,TGTAGTGGTTTCTGAAGGAA,0,3636717
tmaR_predicted,0.5,1,1,TGTAGATTCCCTCACATTCA,0,3617704
tmaR_predicted,0.5,1,1,TGGTTATCCTGTAGCATAAG,0,3613156
tmaR_predicted,0.5,1,1,TGGTGACGCCCGTGAAAGTA,0,3607300
tmaR_predicted,0.5,1,1,TGGTGACCCTGGGGAATCTG,0,3643901
tmaR_predicted,0.5,1,1,TGGTGAACGGAGACCAATTC,0,3629477
tmaR_predicted,0.5,1,1,TGGTCCGGCGGCTTCAAAAC,0,3633932
tmaR_predicted,0.5,1,1,TGGTCCGCAAGCCTCCGTAT,0,3621213
tmaR_predicted,0.5,1,1,TGGTATCAAAGTATAGAGGA,0,3608134
tmaR_predicted,0.5,1,1,TGGTATAAGTAAGGATGTAG,0,3618691
tmaR_predicted,0.5,1,1,TGGTAATACCGCATACATTT,0,3604574
tmaR_predicted,0.5,1,1,TGGTAATAACTTTCGCGAGT,0,3608684
tmaR_predicted,0.5,1,1,TGGGTGTCGCCGCACGTATG,0,3630100
tmaR_predicted,0.5,1,1,TGGGTGCGAGAAGGGGCAGA,0,3649890
tmaR_predicted,0.5,1,1,TGGGGGCCGGCGCCGTATTC,0,3631473
tmaR_predicted,0.5,1,1,TGGGCATAAAATAGATCGTT,0,3643006
tmaR_predicted,0.5,1,1,TGGGCACTCTACTGACATAA,0,3616657
tmaR_predicted,0.5,1,1,TGGGAACCCGTTATTTAACG,0,3612441
tmaR_predicted,0.5,1,1,TGGCGGGCGCCTTGGCATTC,0,3645907
tmaR_predicted,0.5,1,1,TGGCGCACCGCTAGTCTTGA,0,3613420
tmaR_predicted,0.5,1,1,TGGCCTCCGGTAATAGAGCA,0,3650259
tmaR_predicted,0.5,1,1,TGGCCAACCTACCGCAGCAA,0,3621024
tmaR_predicted,0.5,1,1,TGGCAGTGGGGCTTCAGTGC,0,3650010
tmaR_predicted,0.5,1,1,TGGCAGACGGATGCTTTTAT,0,3648943
tmaR_predicted,0.5,1,1,TGGCAGACCTAGACTGGAAG,0,3615929
tmaR_predicted,0.5,1,1,TGGCAATTGATGCCCCTTGT,0,3613914
tmaR_predicted,0.5,1,1,TGGATCAATTACGAGGAAGA,0,3629525
tmaR_predicted,0.5,1,1,TGGAGCTGGAAGAGCTCTCG,0,3641605
tmaR_predicted,0.5,1,1,TGGAGCAATGGCAGGGTCAA,0,3635145
tmaR_predicted,0.5,1,1,TGGACCCGCGGCGCGTTGCC,0,3647774
tmaR_predicted,0.5,1,1,TGGAAGGGCAAGCTGATAGG,0,3612361
tmaR_predicted,0.5,1,1,TGGAAGGGAAGCCAAAAGGG,0,3649164
tmaR_predicted,0.5,1,1,TGCTGTAGCAAATAGTCTCC,0,3643515
tmaR_predicted,0.5,1,1,TGCTGCTTGAAAGGAAAAAT,0,3636417
tmaR_predicted,0.5,1,1,TGCTATGATTTATGTATTGT,0,3638538
tmaR_predicted,0.5,1,1,TGCTACCTGTGCAGGCGTCC,0,3640930
tmaR_predicted,0.5,1,1,TGCGTCGGGTTTGGCATACA,0,3649756
tmaR_predicted,0.5,1,1,TGCGTATAGGATCGCCGTCG,0,3648032
tmaR_predicted,0.5,1,1,TGCGGGAGAGTGCAGAGGAT,0,3627242
tmaR_predicted,0.5,1,1,TGCGGCGCCACTTACTAAAT,0,3622438
tmaR_predicted,0.5,1,1,TGCGACACGCACAACGTGTT,0,3637618
tmaR_predicted,0.5,1,1,TGCCTTCGCGATGAGCACAA,0,3635951
tmaR_predicted,0.5,1,1,TGCCTCGAGCAATGTCATCT,0,3607025
tmaR_predicted,0.5,1,1,TGCCTCCCAGTCAGTACCCC,0,3635987
tmaR_predicted,0.5,1,1,TGCCTCAACTTCGTACAGTA,0,3644456
tmaR_predicted,0.5,1,1,TGCCCCCGGAACGCACAGAG,0,3624870
tmaR_predicted,0.5,1,1,TGCCCCAGTGAGTATCTCGT,0,3634987
tmaR_predicted,0.5,1,1,TGCCACTTCCCAACGAATCG,0,3610132
tmaR_predicted,0.5,1,1,TGCCAATCGCTAGTACATGG,0,3614264
tmaR_predicted,0.5,1,1,TGCATCTTGTTACTAGCTCA,0,3604131
tmaR_predicted,0.5,1,1,TGCAGTAACGGCAACAAGTT,0,3645037
tmaR_predicted,0.5,1,1,TGCAGCTCACGGTGGGGCCA,0,3620423
tmaR_predicted,0.5,1,1,TGCAGCCGCGGAGAGTTATG,0,3626237
tmaR_predicted,0.5,1,1,TGCAGCAAGGACCGGCGCGT,0,3630940
tmaR_predicted,0.5,1,1,TGCACTTAGCTCCACGACAG,0,3646173
tmaR_predicted,0.5,1,1,TGCAATGTGTCTTCGAACGC,0,3603913
tmaR_predicted,0.5,1,1,TGCAACGGGAGTGCAACAGT,0,3632884
tmaR_predicted,0.5,1,1,TGATTTTTCCGATGCGAGCA,0,3633662
tmaR_predicted,0.5,1,1,TGATTGGGAGCAGGTATTGC,0,3626077
tmaR_predicted,0.5,1,1,TGATGTGTAAATGCGGCCCA,0,3621055
tmaR_predicted,0.5,1,1,TGATGTGACCCTACCCAATT,0,3618707
tmaR_predicted,0.5,1,1,TGATGAACCGAAGAAGGGTT,0,3626670
tmaR_predicted,0.5,1,1,TGATATACACATGCATGGAA,0,3644739
tmaR_predicted,0.5,1,1,TGATAGGGATAGGCATAGAT,0,3649210
tmaR_predicted,0.5,1,1,TGATAACGCAGGGCAGCGAG,0,3605867
tmaR_predicted,0.5,1,1,TGAGTCATTCGAGCTAAACT,0,3613754
tmaR_predicted,0.5,1,1,TGAGGTATTTCGGTCAAGGG,0,3639929
tmaR_predicted,0.5,1,1,TGAGGGGGGAAAGGCACGAG,0,3618131
tmaR_predicted,0.5,1,1,TGAGGGGCGCCCTTCAATAT,0,3620031
tmaR_predicted,0.5,1,1,TGAGGGCGAGGTGCGACGCA,0,3646621
tmaR_predicted,0.5,1,1,TGAGGGACCACAGGAAAGCG,0,3610233
tmaR_predicted,0.5,1,1,TGAGCGGCCTCCTGACTAGA,0,3633031
tmaR_predicted,0.5,1,1,TGACTGTCCAGACGAGGGCA,0,3608162
tmaR_predicted,0.5,1,1,TGACTGAAATAGTGAAATTT,0,3615275
tmaR_predicted,0.5,1,1,TGACTCGAATCCGTTCTTTA,0,3609323
tmaR_predicted,0.5,1,1,TGACTAACGTACTGCGCAAA,0,3620155
tmaR_predicted,0.5,1,1,TGACGCCGAAGTCACCTTCG,0,3624801
tmaR_predicted,0.5,1,1,TGACACGCACGCCTGTGGGA,0,3626038
tmaR_predicted,0.5,1,1,TGACAATCCCAGGACGGTCT,0,3625680
tmaR_predicted,0.5,1,1,TGAATTAGTGAGCTTAGGCG,0,3632607
tmaR_predicted,0.5,1,1,TGAATTAACCAGTGGACGAC,0,3625324
tmaR_predicted,0.5,1,1,TGAATATGGCTCACAGATCG,0,3635831
tmaR_predicted,0.5,1,1,TGAACTCGGCAGTTTCTGAG,0,3609822
tmaR_predicted,0.5,1,1,TGAACCTATAGAACCACCCT,0,3614400
tmaR_predicted,0.5,1,1,TGAACCAAGGTAAGTGAGCA,0,3647584
tmaR_predicted,0.5,1,1,TCTTTTGTTTTGATTACCCT,0,3632319
tmaR_predicted,0.5,1,1,TCTTTTGGATTTGCCGGGAC,0,3628874
tmaR_predicted,0.5,1,1,TCTTTTGCACTACTATAGAG,0,3622512
tmaR_predicted,0.5,1,1,TCTTTTAAACAATTTGGGTG,0,3643717
tmaR_predicted,0.5,1,1,TCTTTCGTGGTGACCTAACG,0,3619591
tmaR_predicted,0.5,1,1,TCTTATTCACTCAGAGTTCA,0,3635335
tmaR_predicted,0.5,1,1,TCTTATATCGGTAAGTAATA,0,3646873
tmaR_predicted,0.5,1,1,TCTGGTTTCAGAGCATTTTG,0,3638568
tmaR_predicted,0.5,1,1,TCTGGTTCGCTGGACCCATA,0,3622880
tmaR_predicted,0.5,1,1,TCTGGTAACCTAGTCCCATC,0,3621005
tmaR_predicted,0.5,1,1,TCTGGATTGTGGTTCGCGTA,0,3632403
tmaR_predicted,0.5,1,1,TCTGCTAAAATCGGCCAGTC,0,3622994
tmaR_predicted,0.5,1,1,TCTGCACCGCAAACGCGCGT,0,3612676
tmaR_predicted,0.5,1,1,TCTCTTCACTAATGATCTAG,0,3633507
tmaR_predicted,0.5,1,1,TCTCTGTGCTGATATGTCCA,0,3636662
tmaR_predicted,0.5,1,1,TCTCGCCCTGTCTCACTCCA,0,3620950
tmaR_predicted,0.5,1,1,TCTCCCCGTTCTTGGGCAAA,0,3621609
tmaR_predicted,0.5,1,1,TCTCACTGGACGTGTCTGTA,0,3641365
tmaR_predicted,0.5,1,1,TCTCAACGATGCAAAATTGT,0,3607961
tmaR_predicted,0.5,1,1,TCTACGAACCAAGGACGCAG,0,3639235
tmaR_predicted,0.5,1,1,TCTACAACCGCTAGTAATCC,0,3632358
tmaR_predicted,0.5,1,1,TCGTTTGAATGAAACATGAT,0,3639928
tmaR_predicted,0.5,1,1,TCGTTGTGAGTCCCATTAGT,0,3641935
tmaR_predicted,0.5,1,1,TCGTTGCTGGGTTCGGACTA,0,3617703
tmaR_predicted,0.5,1,1,TCGTCTCCTAGCATCGTTTT,0,3612980
tmaR_predicted,0.5,1,1,TCGTCATTCTGATGTGCCTT,0,3607560
tmaR_predicted,0.5,1,1,TCGTCATCCCGTCTGCATTT,0,3612733
tmaR_predicted,0.5,1,1,TCGTCACATCTTAACGTCTA,0,3635499
tmaR_predicted,0.5,1,1,TCGTATTTATGGTTCAATGA,0,3632982
tmaR_predicted,0.5,1,1,TCGTATCAGGCTTAAGGTGA,0,3630109
tmaR_predicted,0.5,1,1,TCGTAGGATGATACGATTCA,0,3632754
tmaR_predicted,0.5,1,1,TCGTAAATCCCGTTCTGCGT,0,3604652
tmaR_predicted,0.5,1,1,TCGGTGTTAAAGGGGAGCTC,0,3614169
tmaR_predicted,0.5,1,1,TCGGTCCTGCAATGGGCCGA,0,3645312
tmaR_predicted,0.5,1,1,TCGGTAAGATCCACGTGCGG,0,3641448
tmaR_predicted,0.5,1,1,TCGGGCAGCCTCGCCAACTT,0,3606576
tmaR_predicted,0.5,1,1,TCGGCGAGGTAGGTCTATCT,0,3619180
tmaR_predicted,0.5,1,1,TCGGAGGGGAGCAAGTAGTA,0,3640798
tmaR_predicted,0.5,1,1,TCGGAGCGGATCTTGATCAC,0,3615017
tmaR_predicted,0.5,1,1,TCGGAAAGGCCCTATTAGGT,0,3638484
tmaR_predicted,0.5,1,1,TCGCGCGAGCTGCATGGGCG,0,3626146
tmaR_predicted,0.5,1,1,TCGCGAGAGTTAGCAGGGAG,0,3606974
tmaR_predicted,0.5,1,1,TCGCCGAAAGATTTATCGTA,0,3632436
tmaR_predicted,0.5,1,1,TCGCAGAACGGCAAGAGCGC,0,3615909
tmaR_predicted,0.5,1,1,TCGATTCAGTAGTGTGGGGA,0,3640612
tmaR_predicted,0.5,1,1,TCGATTAGGACCATGGCGAC,0,3623895
tmaR_predicted,0.5,1,1,TCGATGCCTCTACGGATATG,0,3627017
tmaR_predicted,0.5,1,1,TCGATGAGGATGATTAGCGT,0,3611782
tmaR_predicted,0.5,1,1,TCGATATTGACTAAACTATT,0,3640362
tmaR_predicted,0.5,1,1,TCGATAACCCAATGCCAGCT,0,3635157
tmaR_predicted,0.5,1,1,TCGAGTTGTTATCTAAGTAA,0,3649423
tmaR_predicted,0.5,1,1,TCGAGTTGCGGCGTAGATGG,0,3615737
tmaR_predicted,0.5,1,1,TCGAGAGATACGTGTTGGTA,0,3607043
tmaR_predicted,0.5,1,1,TCGACTCCTCAACACGTTGT,0,3607737
tmaR_predicted,0.5,1,1,TCGACTCAATTACATGGTCT,0,3616375
tmaR_predicted,0.5,1,1,TCGAATCGTAGATCGTATGT,0,3643787
tmaR_predicted,0.5,1,1,TCGAACATTCAGAATACTTC,0,3632956
tmaR_predicted,0.5,1,1,TCGAAACGATGACACGTGTA,0,3613996
tmaR_predicted,0.5,1,1,TCCTTACAGGATTAATGTTC,0,3625747
tmaR_predicted,0.5,1,1,TCCTGCCCGCTTCCACCGTA,0,3648842
tmaR_predicted,0.5,1,1,TCCTGATTGCGCACGCTTTT,0,3635201
tmaR_predicted,0.5,1,1,TCCTCTTGATTGAACGCCGC,0,3632114
tmaR_predicted,0.5,1,1,TCCTCGTTGGATGAGTAGTT,0,3630022
tmaR_predicted,0.5,1,1,TCCTCGCCACTAACTTGGAT,0,3628560
tmaR_predicted,0.5,1,1,TCCGGTACCAGAGAGTGCTA,0,3624989
tmaR_predicted,0.5,1,1,TCCGGAGCAGTGGACCTTCA,0,3647255
tmaR_predicted,0.5,1,1,TCCGCGCGTAATCCCGTACG,0,3615939
tmaR_predicted,0.5,1,1,TCCCTCTGTGGCCCCTGGGT,0,3634837
tmaR_predicted,0.5,1,1,TCCCTCAGATTCAAGCGCAC,0,3605700
tmaR_predicted,0.5,1,1,TCCATTATACCCGGAGCAAC,0,3608858
tmaR_predicted,0.5,1,1,TCCATGTACACCGCTATTGT,0,3628474
tmaR_predicted,0.5,1,1,TCCATCTGACTGCGAATGGT,0,3641759
tmaR_predicted,0.5,1,1,TCCACTGACTCTCGAGGAGA,0,3625111
tmaR_predicted,0.5,1,1,TCCACGTTCTGGTCGGCATG,0,3644952
tmaR_predicted,0.5,1,1,TCCACCTACAATATTCAAGT,0,3613478
tmaR_predicted,0.5,1,1,TCCACAAACTCAGGGCGTGC,0,3617310
tmaR_predicted,0.5,1,1,TCATTTAAACCATATAGCGG,0,3631871
tmaR_predicted,0.5,1,1,TCATGGCACGAGATTCCCGG,0,3621317
tmaR_predicted,0.5,1,1,TCATGAAATCGGTCCCTACA,0,3623392
tmaR_predicted,0.5,1,1,TCATCGCATTATATGAGTGC,0,3649418
tmaR_predicted,0.5,1,1,TCATCCGTCATGTTGCTATT,0,3621636
tmaR_predicted,0.5,1,1,TCATCCGCTGTTCTGTAGCA,0,3625683
tmaR_predicted,0.5,1,1,TCATATTTGAATGATTGGGC,0,3633499
tmaR_predicted,0.5,1,1,TCATACCTATCAGCCAGGAT,0,3648008
tmaR_predicted,0.5,1,1,TCAGGCCTCAGCGTCAGTTT,0,3613163
tmaR_predicted,0.5,1,1,TCAGATTCTTATTCCGTAGT,0,3617480
tmaR_predicted,0.5,1,1,TCAGATGACATTATTAAAAG,0,3618694
tmaR_predicted,0.5,1,1,TCACTGCTAGGGTCCAGCCC,0,3606503
tmaR_predicted,0.5,1,1,TCACTCACCCTGGGTCCTGC,0,3645176
tmaR_predicted,0.5,1,1,TCACTATTTTCAGGGGCAGT,0,3621116
tmaR_predicted,0.5,1,1,TCACGGGCGTGCGTTCAGCT,0,3643677
tmaR_predicted,0.5,1,1,TCACGGATACCGATGATCCC,0,3648962
tmaR_predicted,0.5,1,1,TCACCTGCGCTCCAAGGACA,0,3631105
tmaR_predicted,0.5,1,1,TCACCCCTGGGGGCTTCCAC,0,3609994
tmaR_predicted,0.5,1,1,TCACCACTGGTGGTAAGGTA,0,3629615
tmaR_predicted,0.5,1,1,TCACAGTGATACGCTGAAGT,0,3612026
tmaR_predicted,0.5,1,1,TCAACGTTCAGGAAACAGCG,0,3646148
tmaR_predicted,0.5,1,1,TCAAACTTACCGGACTTAAC,0,3607118
tmaR_predicted,0.5,1,1,TATTTAGATACGCACGGGTG,0,3630073
tmaR_predicted,0.5,1,1,TATTTACTGTACCGATCGGC,0,3648117
tmaR_predicted,0.5,1,1,TATTCTGGTACGATCGCAGC,0,3630340
tmaR_predicted,0.5,1,1,TATTCATCTGTCAGTCAACA,0,3614881
tmaR_predicted,0.5,1,1,TATTAAGATTTATACACCTA,0,3624566
tmaR_predicted,0.5,1,1,TATGGCTTGCTAGCTATGAA,0,3647709
tmaR_predicted,0.5,1,1,TATGCACAGACAAACTCTAG,0,3628885
tmaR_predicted,0.5,1,1,TATGCAAGGTAAACAGTGGA,0,3636721
tmaR_predicted,0.5,1,1,TATCCGAGTTCACTCATAGA,0,3631902
tmaR_predicted,0.5,1,1,TATCAGCACGATACCGGGGG,0,3644288
tmaR_predicted,0.5,1,1,TATCAAGGGTGCTATTGTCA,0,3634304
tmaR_predicted,0.5,1,1,TATCAAGACCTTATTCATCT,0,3604108
tmaR_predicted,0.5,1,1,TATATTAGCCAGCTAATTGG,0,3642068
tmaR_predicted,0.5,1,1,TATAGTTCTCGAGTTGACGT,0,3621147
tmaR_predicted,0.5,1,1,TATAGGTCAACTGCGAGCCA,0,3635021
tmaR_predicted,0.5,1,1,TATAGCAGGGCAGTTCACGT,0,3627986
tmaR_predicted,0.5,1,1,TATACTTGAGGACAATCGGC,0,3616928
tmaR_predicted,0.5,1,1,TATAATTTGTCCTCTATACT,0,3639387
tmaR_predicted,0.5,1,1,TATAATCTCGTTAACGTTAA,0,3640067
tmaR_predicted,0.5,1,1,TATAACTATTTTGTGACTTT,0,3615659
tmaR_predicted,0.5,1,1,TAGTTTGCAGGATGCGTCAG,0,3630505
tmaR_predicted,0.5,1,1,TAGGTTTATCCGCGTTTCAC,0,3608501
tmaR_predicted,0.5,1,1,TAGGTTGGCACGTCTTTTCG,0,3637193
tmaR_predicted,0.5,1,1,TAGGTTCAGATTGTGACGTA,0,3642749
tmaR_predicted,0.5,1,1,TAGGTCATAGCCACAATTCA,0,3612092
tmaR_predicted,0.5,1,1,TAGGTAAACGGTTGAACATG,0,3642285
tmaR_predicted,0.5,1,1,TAGGGTGGCAGGACTGGCTC,0,3617224
tmaR_predicted,0.5,1,1,TAGGGCAGCTCCGTTGAAGC,0,3643581
tmaR_predicted,0.5,1,1,TAGGCTCCCGAGAGGGAGGA,0,3608113
tmaR_predicted,0.5,1,1,TAGGACTGGTCTCCGTACCC,0,3633227
tmaR_predicted,0.5,1,1,TAGGACCCACCGGAGAGTGC,0,3640918
tmaR_predicted,0.5,1,1,TAGGAACCACCCCATGTCAA,0,3622083
tmaR_predicted,0.5,1,1,TAGCTGTAGCGACTAGAACA,0,3606692
tmaR_predicted,0.5,1,1,TAGCTGCTGTTCTTCCAGAC,0,3634053
tmaR_predicted,0.5,1,1,TAGCTGCTAGCCAAAGACAA,0,3617549
tmaR_predicted,0.5,1,1,TAGCGTCCGTGCTGACTGTA,0,3624166
tmaR_predicted,0.5,1,1,TAGCGCGCAGCACACGGAGA,0,3608918
tmaR_predicted,0.5,1,1,TAGCGACTGCCGTGCTCTGG,0,3643435
tmaR_predicted,0.5,1,1,TAGATGTGGATTTCAGACCA,0,3630219
tmaR_predicted,0.5,1,1,TAGATGCGAGTCTAGCATTA,0,3624767
tmaR_predicted,0.5,1,1,TAGATGAGATCACAACTCAT,0,3641532
tmaR_predicted,0.5,1,1,TAGAGAATCGGTTGGTGCCC,0,3635243
tmaR_predicted,0.5,1,1,TAGAACACAGCATGATTACA,0,3636398
tmaR_predicted,0.5,1,1,TACTTCGTATTTGGGGTATA,0,3643420
tmaR_predicted,0.5,1,1,TACTGGCTCTTGGTCTAGAC,0,3628974
tmaR_predicted,0.5,1,1,TACTCCGATTGCAATCGTGT,0,3643289
tmaR_predicted,0.5,1,1,TACTCACAGTCTTGGGGTTA,0,3645888
tmaR_predicted,0.5,1,1,TACTAGCACCAGTCGTTGGA,0,3642170
tmaR_predicted,0.5,1,1,TACGTTGTCTGGGAATACGT,0,3636733
tmaR_predicted,0.5,1,1,TACGGTTTCGCTTCTGGGCT,0,3646073
tmaR_predicted,0.5,1,1,TACGCTACCGACTGTTTAGC,0,3634509
tmaR_predicted,0.5,1,1,TACGCGTGTCGTATCTCCAG,0,3629648
tmaR_predicted,0.5,1,1,TACGCCGTCCGAATACCCAA,0,3632036
tmaR_predicted,0.5,1,1,TACGATAGCGCAGTTGGAAG,0,3622756
tmaR_predicted,0.5,1,1,TACCTTCGTATCTCTATTTA,0,3620247
tmaR_predicted,0.5,1,1,TACCTTAGTCTGTAACGTAG,0,3629092
tmaR_predicted,0.5,1,1,TACCTTAGAACTAATGCTGG,0,3623562
tmaR_predicted,0.5,1,1,TACCTGGTTTGAATTTCAGG,0,3614125
tmaR_predicted,0.5,1,1,TACCTCTTCTTTGTCTTCCC,0,3644356
tmaR_predicted,0.5,1,1,TACCATGTTGGTGCTGCTTC,0,3608228
tmaR_predicted,0.5,1,1,TACCAGAGCAAAAGGTTCGG,0,3634145
tmaR_predicted,0.5,1,1,TACATTGTAACCGTCAATCC,0,3632125
tmaR_predicted,0.5,1,1,TACATTGGGTAGGCGCATCA,0,3613969
tmaR_predicted,0.5,1,1,TACATGTTTTACAGCCCAGC,0,3624361
tmaR_predicted,0.5,1,1,TACATACTACGGCGCAAAGG,0,3644063
tmaR_predicted,0.5,1,1,TACAGGTTTTTCCGTTGTAG,0,3605466
tmaR_predicted,0.5,1,1,TACAGGCCGTGCAGAGGTCC,0,3632860
tmaR_predicted,0.5,1,1,TACAGCACCTAAGCTTAACG,0,3623164
tmaR_predicted,0.5,1,1,TACACCGTGCGCTGCCAGTG,0,3629064
tmaR_predicted,0.5,1,1,TACAAGCCGCGTTGGATACC,0,3621820
tmaR_predicted,0.5,1,1,TACAACTATTCGTAGCAGTT,0,3617647
tmaR_predicted,0.5,1,1,TACAACAAACCGGTGTTTGT,0,3629622
tmaR_predicted,0.5,1,1,TAATTCAGGACTAACTTGGC,0,3628094
tmaR_predicted,0.5,1,1,TAATTAAGGCCGCGTTGGGT,0,3639494
tmaR_predicted,0.5,1,1,TAATGTCACGAGAAATCGAG,0,3626142
tmaR_predicted,0.5,1,1,TAATGATGTGGTCAACCCCC,0,3645005
tmaR_predicted,0.5,1,1,TAATCCGATTTACGTCGATG,0,3606274
tmaR_predicted,0.5,1,1,TAATATTATCGTAGAGCAAG,0,3633096
tmaR_predicted,0.5,1,1,TAATAAACATCCATCTGCGG,0,3642417
tmaR_predicted,0.5,1,1,TAAGGGTGTCTTACAGCGTT,0,3617919
tmaR_predicted,0.5,1,1,TAAGGGACACTTCTGTCGTT,0,3614851
tmaR_predicted,0.5,1,1,TAAGGCGCGCGTCGAGGCGC,0,3636859
tmaR_predicted,0.5,1,1,TAAGCTCCTCCGATCCCGGT,0,3632853
tmaR_predicted,0.5,1,1,TAAGCGTTGCTAAGAAGAGC,0,3619562
tmaR_predicted,0.5,1,1,TAAGCAAGCCCGAGGATGGC,0,3634185
tmaR_predicted,0.5,1,1,TAAGATCTGGGCTCTCTCGA,0,3644000
tmaR_predicted,0.5,1,1,TAACTTTGTGACACCTACCA,0,3636095
tmaR_predicted,0.5,1,1,TAACTTACCTCGAGTGAGGT,0,3615560
tmaR_predicted,0.5,1,1,TAACTCGCAGAGCATCGCAT,0,3622583
tmaR_predicted,0.5,1,1,TAACGGGCGTCTACTTGCGA,0,3623258
tmaR_predicted,0.5,1,1,TAACGCAGACAGTTGTGATG,0,3625870
tmaR_predicted,0.5,1,1,TAACCTTATCAACTGTCAAA,0,3626851
tmaR_predicted,0.5,1,1,TAACAAAAAAGATTGGTCTC,0,3638566
tmaR_predicted,0.5,1,1,TAAATGACTTGGACGGCTGA,0,3631834
tmaR_predicted,0.5,1,1,TAAATCAGGAGTCGCGCAAG,0,3610259
tmaR_predicted,0.5,1,1,TAAAGTCTAACTTTGAAGAT,0,3636681
tmaR_predicted,0.5,1,1,TAAACTTACCCTGGCTGTTA,0,3618773
tmaR_predicted,0.5,1,1,TAAACGGAGCTTAAGCAGTC,0,3640303
tmaR_predicted,0.5,1,1,TAAACCGGACTCGCGGTCCC,0,3608512
tmaR_predicted,0.5,1,1,GTTTTGCGGGTCCGCTGGGG,0,3648775
tmaR_predicted,0.5,1,1,GTTTTATCCTTAGTCCGGAT,0,3616953
tmaR_predicted,0.5,1,1,GTTTTACGACGTGCGCAAGA,0,3643740
tmaR_predicted,0.5,1,1,GTTTGTATTCGGCGTCGCAA,0,3622561
tmaR_predicted,0.5,1,1,GTTTGGTCACTCTTTGACGT,0,3623778
tmaR_predicted,0.5,1,1,GTTTGCTAAGGAAAGCATAA,0,3633331
tmaR_predicted,0.5,1,1,GTTTGAACATCTCCCTCTAC,0,3627363
tmaR_predicted,0.5,1,1,GTTTCTCAATTCAAATGCCA,0,3618791
tmaR_predicted,0.5,1,1,GTTTCAGTGGTCCTATGGCT,0,3628585
tmaR_predicted,0.5,1,1,GTTTCAGGTAGTGCGGCCTG,0,3648319
tmaR_predicted,0.5,1,1,GTTTCACTCCACACTACCAC,0,3637179
tmaR_predicted,0.5,1,1,GTTTATCTCTGTTGGGTAAA,0,3648845
tmaR_predicted,0.5,1,1,GTTGGTTAGCGGCTCTACAG,0,3634843
tmaR_predicted,0.5,1,1,GTTGGTGATTTATTTGTATA,0,3614074
tmaR_predicted,0.5,1,1,GTTGGCGGTCATATCTCGGG,0,3650122
tmaR_predicted,0.5,1,1,GTTGGCGCAAGAGAACTCTC,0,3648917
tmaR_predicted,0.5,1,1,GTTGGCACGGCCCGATTACT,0,3639216
tmaR_predicted,0.5,1,1,GTTGCTTATATGGCTTTGGA,0,3608196
tmaR_predicted,0.5,1,1,GTTGCACTAAGCTTGGGGCA,0,3605352
tmaR_predicted,0.5,1,1,GTTGATCTTGGGAAATCAGC,0,3647920
tmaR_predicted,0.5,1,1,GTTGATCCAGCTTCAGAGAT,0,3645576
tmaR_predicted,0.5,1,1,GTTGAGGCAGTGGATCAAAT,0,3627863
tmaR_predicted,0.5,1,1,GTTCTCCGCTCACTCAGAGG,0,3614928
tmaR_predicted,0.5,1,1,GTTCTAGTACTGGAGTTGAA,0,3645487
tmaR_predicted,0.5,1,1,GTTCGAAGGGTATGGGGACG,0,3643577
tmaR_predicted,0.5,1,1,GTTCCTCTCTGTGGTCCCGC,0,3641435
tmaR_predicted,0.5,1,1,GTTAGTTCAATCAGCTTTTG,0,3642112
tmaR_predicted,0.5,1,1,GTTACCTCCCAGTCCCTGCA,0,3606556
tmaR_predicted,0.5,1,1,GTTACCGTTAGGACTGCATT,0,3626740
tmaR_predicted,0.5,1,1,GTTACCGTAACGGCAGATCT,0,3626936
tmaR_predicted,0.5,1,1,GTTACCAGAGGTTCCTGGGT,0,3631050
tmaR_predicted,0.5,1,1,GTTAAACCATAAGTGTACGC,0,3620024
tmaR_predicted,0.5,1,1,GTGTTCGGAGTTTCAGGCCA,0,3634263
tmaR_predicted,0.5,1,1,GTGTGGGCTTTGACGGAAAC,0,3644655
tmaR_predicted,0.5,1,1,GTGTCGTTCGGGGTCCGTAC,0,3621780
tmaR_predicted,0.5,1,1,GTGTCGTCACAAGTCTGCCC,0,3608377
tmaR_predicted,0.5,1,1,GTGTCACTTAATACACGTTA,0,3616923
tmaR_predicted,0.5,1,1,GTGTCACGGTCGGTCACCCT,0,3642953
tmaR_predicted,0.5,1,1,GTGTATCGTCCTGTTGCACA,0,3615948
tmaR_predicted,0.5,1,1,GTGGTCCAGATCGTTTGGGT,0,3626313
tmaR_predicted,0.5,1,1,GTGGTATTTGCTAAATTGGA,0,3615372
tmaR_predicted,0.5,1,1,GTGGGTTCCTACACGCAACC,0,3626698
tmaR_predicted,0.5,1,1,GTGGGTCAGCAAAATTTACC,0,3636982
tmaR_predicted,0.5,1,1,GTGGGCATGGGCAATCTCAG,0,3629935
tmaR_predicted,0.5,1,1,GTGGGAGACGTCCCTGGACA,0,3625554
tmaR_predicted,0.5,1,1,GTGGCCTGCCGAACTACTCT,0,3629150
tmaR_predicted,0.5,1,1,GTGCTATCCGAAGGGCTAGT,0,3621125
tmaR_predicted,0.5,1,1,GTGCGGCGTCGCACAGGTTT,0,3642458
tmaR_predicted,0.5,1,1,GTGCGAGTATAATGACGCGA,0,3622076
tmaR_predicted,0.5,1,1,GTGCGAAGGTCACCCAGGTG,0,3606641
tmaR_predicted,0.5,1,1,GTGCCAGTGACTCCGATGCC,0,3645199
tmaR_predicted,0.5,1,1,GTGCATGGGATGGGTTCCCT,0,3632267
tmaR_predicted,0.5,1,1,GTGATCGCGATTTATAACAG,0,3607980
tmaR_predicted,0.5,1,1,GTGATACCTACCTTTCCCCA,0,3621824
tmaR_predicted,0.5,1,1,GTGAGGGGGAGCAATACTTC,0,3634081
tmaR_predicted,0.5,1,1,GTGAGGAAGTCTCCTCTTTG,0,3608413
tmaR_predicted,0.5,1,1,GTGAGATAAAGTTTAATTAT,0,3645258
tmaR_predicted,0.5,1,1,GTGAGACGAGTCGGGTCCAC,0,3624554
tmaR_predicted,0.5,1,1,GTCTTCGGTGTATCTACATC,0,3639291
tmaR_predicted,0.5,1,1,GTCTGCTTCTTGGCGTACGC,0,3626638
tmaR_predicted,0.5,1,1,GTCTGCAGTGACTGGCAAGA,0,3641013
tmaR_predicted,0.5,1,1,GTCTCTGGCTACCTTTTGGT,0,3629999
tmaR_predicted,0.5,1,1,GTCGGGTGGGGTAGCATTGG,0,3623430
tmaR_predicted,0.5,1,1,GTCGGGCATAGGAAGGGGGT,0,3641956
tmaR_predicted,0.5,1,1,GTCGGACATGAGTACTTTAT,0,3611647
tmaR_predicted,0.5,1,1,GTCGATTACACGGTTTGAAA,0,3620017
tmaR_predicted,0.5,1,1,GTCGAGCCAGTGGAAGTTCT,0,3620405
tmaR_predicted,0.5,1,1,GTCCTGGGTATTCACCTCCA,0,3637645
tmaR_predicted,0.5,1,1,GTCCTGGGTAGCAAAGCGTC,0,3611940
tmaR_predicted,0.5,1,1,GTCCGTGTCTTCGACGTCTT,0,3606496
tmaR_predicted,0.5,1,1,GTCCGCCTTTGCGAAATCCG,0,3626165
tmaR_predicted,0.5,1,1,GTCCGAACGCGGGCATTAAT,0,3615549
tmaR_predicted,0.5,1,1,GTCCCAAACACGCGCCGGAT,0,3610008
tmaR_predicted,0.5,1,1,GTCCAGGGCAAAAATGGTTA,0,3633893
tmaR_predicted,0.5,1,1,GTCCAGAGTTGTTCTACTTT,0,3641810
tmaR_predicted,0.5,1,1,GTCATGGGCTTGGTGGTAAG,0,3615538
tmaR_predicted,0.5,1,1,GTCATGATCGAACCCTAGTT,0,3627596
tmaR_predicted,0.5,1,1,GTCATCGTCCCTCATTGATA,0,3646738
tmaR_predicted,0.5,1,1,GTCATCCATACAGATAGTCT,0,3609976
tmaR_predicted,0.5,1,1,GTCATAGGCTGTCCGCCATG,0,3616554
tmaR_predicted,0.5,1,1,GTCAGTGTCACCCTTGTGCC,0,3629678
tmaR_predicted,0.5,1,1,GTCAGGCGCAGGCGCGTTGA,0,3610928
tmaR_predicted,0.5,1,1,GTCAGAGCGGATAGTAAGAT,0,3609916
tmaR_predicted,0.5,1,1,GTCACAATACAATGGATGGA,0,3642779
tmaR_predicted,0.5,1,1,GTCAATACTCTGGACATGTT,0,3648599
tmaR_predicted,0.5,1,1,GTCAAGGGCTTTTTCATCAT,0,3635833
tmaR_predicted,0.5,1,1,GTATTTGATGGGGCATATAT,0,3642829
tmaR_predicted,0.5,1,1,GTATTTAAGCACCGAGGTTT,0,3646945
tmaR_predicted,0.5,1,1,GTATTCTGCAGCTGTATACC,0,3607591
tmaR_predicted,0.5,1,1,GTATTCGATCACGTGACCTT,0,3629121
tmaR_predicted,0.5,1,1,GTATTCCTGCTCCCCAGCGA,0,3628743
tmaR_predicted,0.5,1,1,GTATTATGCGGCATGGGTGG,0,3635762
tmaR_predicted,0.5,1,1,GTATTAATTACGAAGGATGA,0,3626628
tmaR_predicted,0.5,1,1,GTATGTCGTTGCGGCAGCCG,0,3627855
tmaR_predicted,0.5,1,1,GTATGTCAAGGTAAAGATCG,0,3626748
tmaR_predicted,0.5,1,1,GTATCGTCATAAGTCACATA,0,3637506
tmaR_predicted,0.5,1,1,GTATCCCATGTACTCCCCAC,0,3630504
tmaR_predicted,0.5,1,1,GTATCCAGAACTGCCTTTGG,0,3627875
tmaR_predicted,0.5,1,1,GTATCATTGAGTTGCATAAA,0,3613159
tmaR_predicted,0.5,1,1,GTAGTACATAGTAGCAGGTA,0,3644080
tmaR_predicted,0.5,1,1,GTAGCGTAAATGTAGTCTCC,0,3631156
tmaR_predicted,0.5,1,1,GTAGCCGGGTCCGCAGACCT,0,3639197
tmaR_predicted,0.5,1,1,GTAGCCATCAGAATGTGACA,0,3611876
tmaR_predicted,0.5,1,1,GTAGCCATACTTCGGTTCGC,0,3614178
tmaR_predicted,0.5,1,1,GTAGCAAATAGTGTCGGCAG,0,3629051
tmaR_predicted,0.5,1,1,GTAGAGCGTGCGATCCGGTA,0,3611755
tmaR_predicted,0.5,1,1,GTAGACCGTCACGGCTGATT,0,3618202
tmaR_predicted,0.5,1,1,GTACTCTAGACTGAAGAGTC,0,3604202
tmaR_predicted,0.5,1,1,GTACGCAGCGCCATTCGATC,0,3614654
tmaR_predicted,0.5,1,1,GTACCCCCACCTCATGTAGT,0,3643993
tmaR_predicted,0.5,1,1,GTACCACACCCGTATATGGT,0,3644673
tmaR_predicted,0.5,1,1,GTACATGATGAAGTGTGGGG,0,3636406
tmaR_predicted,0.5,1,1,GTACACCTACGAGCTTCTTG,0,3609909
tmaR_predicted,0.5,1,1,GTACAATATCCTAAAGTACG,0,3617893
tmaR_predicted,0.5,1,1,GTAATAGCACGGAGATTTGA,0,3622876
tmaR_predicted,0.5,1,1,GTAAGGCTTGTCTGTGAACG,0,3613761
tmaR_predicted,0.5,1,1,GTAAGGCACTGTATGAAGAG,0,3637751
tmaR_predicted,0.5,1,1,GTAAGATTCTCTCGGGTGTC,0,3643485
tmaR_predicted,0.5,1,1,GTAACTACCTTCGAGAGGAT,0,3611063
tmaR_predicted,0.5,1,1,GTAACCGATGGTCTTTAACG,0,3644708
tmaR_predicted,0.5,1,1,GTAACATGTCAGTGGCTGTT,0,3604888
tmaR_predicted,0.5,1,1,GTAAAGGCCTAGCTGTATGA,0,3638187
tmaR_predicted,0.5,1,1,GTAAAATCGTACCAGCAGCA,0,3645457
tmaR_predicted,0.5,1,1,GGTTTGCAGGTCTAGTGGAA,0,3641050
tmaR_predicted,0.5,1,1,GGTTTCCGGCTGTTACGCCA,0,3638718
tmaR_predicted,0.5,1,1,GGTTCCAGAAGCATCAGGGT,0,3610610
tmaR_predicted,0.5,1,1,GGTTATCACTAGGGACAAAG,0,3612903
tmaR_predicted,0.5,1,1,GGTTAGAGGTCCATCGGCCA,0,3640991
tmaR_predicted,0.5,1,1,GGTGTGCCGATTCATAAAGT,0,3635845
tmaR_predicted,0.5,1,1,GGTGGGAAACGAGATACCCA,0,3633177
tmaR_predicted,0.5,1,1,GGTGGCGAGTGCGGGATCGA,0,3643964
tmaR_predicted,0.5,1,1,GGTGGATGTTATCGGGGATC,0,3634668
tmaR_predicted,0.5,1,1,GGTGCCTAGAATCCAGGGGA,0,3633266
tmaR_predicted,0.5,1,1,GGTGCAGAGGACGGGGAGAA,0,3649640
tmaR_predicted,0.5,1,1,GGTGATCGCCTCTAATGTCT,0,3639074
tmaR_predicted,0.5,1,1,GGTCGGCGGGTAGTGCGGGA,0,3609622
tmaR_predicted,0.5,1,1,GGTCCTCTACCCAAAATACG,0,3646874
tmaR_predicted,0.5,1,1,GGTCCCTGATTATTGTCCAA,0,3613759
tmaR_predicted,0.5,1,1,GGTCCAATGGGGTTCTCGCC,0,3605653
tmaR_predicted,0.5,1,1,GGTCACTATGCGCGCGAAGT,0,3611636
tmaR_predicted,0.5,1,1,GGTATTCTCGGTACATCTAA,0,3615646
tmaR_predicted,0.5,1,1,GGTATATTTACGAGTAAAGG,0,3617501
tmaR_predicted,0.5,1,1,GGTAGTGCCCGTCCGCCAGA,0,3645913
tmaR_predicted,0.5,1,1,GGTAGTCCATGTCATTAATA,0,3645255
tmaR_predicted,0.5,1,1,GGTAGATTTGAGAGAGAAAG,0,3639379
tmaR_predicted,0.5,1,1,GGTACGTAACTGTTACCGTT,0,3624808
tmaR_predicted,0.5,1,1,GGTAATTGTTCGAAACCTGT,0,3639962
tmaR_predicted,0.5,1,1,GGTAAGGCGCACCACATATT,0,3616483
tmaR_predicted,0.5,1,1,GGTAACATACTGCGCGTTCG,0,3610167
tmaR_predicted,0.5,1,1,GGTAAATAAGTACTGACTTG,0,3650046
tmaR_predicted,0.5,1,1,GGGTTCTCTAAGACCAAACA,0,3632112
tmaR_predicted,0.5,1,1,GGGTTCACGCCTGTTATGTA,0,3621750
tmaR_predicted,0.5,1,1,GGGTTACCTTCTCGGTTTAA,0,3650353
tmaR_predicted,0.5,1,1,GGGTGTTAGCTCAAGTTTGG,0,3646821
tmaR_predicted,0.5,1,1,GGGTGTACGCCCGTGGTACG,0,3642364
tmaR_predicted,0.5,1,1,GGGTGATAATTATTTTCAAA,0,3632450
tmaR_predicted,0.5,1,1,GGGTCCCTGGGGGGTCGATA,0,3616404
tmaR_predicted,0.5,1,1,GGGTCCATAAGGGGTACAGG,0,3607302
tmaR_predicted,0.5,1,1,GGGTCCAGAAGGTTCTTTCC,0,3611016
tmaR_predicted,0.5,1,1,GGGTCAAGCGGCCCGCCACG,0,3646078
tmaR_predicted,0.5,1,1,GGGTATTAAATCACCTAGTA,0,3647884
tmaR_predicted,0.5,1,1,GGGTATCTACTCCGTAGGTT,0,3610978
tmaR_predicted,0.5,1,1,GGGTACACGATCACGTGTAG,0,3636481
tmaR_predicted,0.5,1,1,GGGGTGTTAGGCAGTTATGG,0,3632314
tmaR_predicted,0.5,1,1,GGGGGGCGTTCGGCCGCGCC,0,3626857
tmaR_predicted,0.5,1,1,GGGGCCTCAAAGCGTTATTC,0,3616044
tmaR_predicted,0.5,1,1,GGGGATTAGAAATCGTGATG,0,3616461
tmaR_predicted,0.5,1,1,GGGGATGTATCGCTCTCCGA,0,3643004
tmaR_predicted,0.5,1,1,GGGGAGTTGCGCGTACGCGT,0,3611100
tmaR_predicted,0.5,1,1,GGGGACAGACTGGCGCGTAA,0,3623648
tmaR_predicted,0.5,1,1,GGGGAAACCGTGGAAACACC,0,3630601
tmaR_predicted,0.5,1,1,GGGCGCCCGCGTCAAGCTCT,0,3626600
tmaR_predicted,0.5,1,1,GGGCCTCTGCCTGAACTTCC,0,3621232
tmaR_predicted,0.5,1,1,GGGCCAGTTGGAGACCTGCT,0,3633605
tmaR_predicted,0.5,1,1,GGGCCACCACGTGATCCACC,0,3648256
tmaR_predicted,0.5,1,1,GGGCACGTCGGGGAGAGACT,0,3647217
tmaR_predicted,0.5,1,1,GGGCACATGTTGAATGTAAG,0,3613928
tmaR_predicted,0.5,1,1,GGGCAACCTCTCATACTAGA,0,3646616
tmaR_predicted,0.5,1,1,GGGATCATCACCGCGGGACA,0,3609114
tmaR_predicted,0.5,1,1,GGGAGTGGGAGGGGCAGGTT,0,3610606
tmaR_predicted,0.5,1,1,GGGAGTAGATTCTGCCGACA,0,3622125
tmaR_predicted,0.5,1,1,GGGAGATTATCGATCCCCTT,0,3621327
tmaR_predicted,0.5,1,1,GGGAGACTGTTAATACAGAG,0,3626991
tmaR_predicted,0.5,1,1,GGGACTCTGAAATAGGCGGT,0,3606059
tmaR_predicted,0.5,1,1,GGGACCCTTGCCATGGAATC,0,3615296
tmaR_predicted,0.5,1,1,GGGACAGTTCAACGACTCTG,0,3622069
tmaR_predicted,0.5,1,1,GGGAAGGAGCTTTGCTCTAA,0,3607890
tmaR_predicted,0.5,1,1,GGCTTAGCCAAAGTACCGTA,0,3606215
tmaR_predicted,0.5,1,1,GGCTGGGGTCCCCGGTCCGG,0,3630914
tmaR_predicted,0.5,1,1,GGCTGCCACCGACACACCTG,0,3619492
tmaR_predicted,0.5,1,1,GGCTGCATTATGGCCGTGCC,0,3639608
tmaR_predicted,0.5,1,1,GGCTGCAGTCATTCACTCCC,0,3617642
tmaR_predicted,0.5,1,1,GGCTGATCTGGGATGCGAAC,0,3623464
tmaR_predicted,0.5,1,1,GGCTGATCAGGCAACATTCC,0,3608459
tmaR_predicted,0.5,1,1,GGCTCTTGCTGTCACGATAC,0,3643348
tmaR_predicted,0.5,1,1,GGCTCGCGCCTCGTCTACAC,0,3630540
tmaR_predicted,0.5,1,1,GGCTCCAGCTAACTCAAGTG,0,3640709
tmaR_predicted,0.5,1,1,GGCGTGATTTCGTAGTTCCA,0,3623635
tmaR_predicted,0.5,1,1,GGCGTATACCAGCATTTGGG,0,3619568
tmaR_predicted,0.5,1,1,GGCGTAGTTGTTACCCTGGG,0,3649572
tmaR_predicted,0.5,1,1,GGCGTAAAGAGCTTCTGGTG,0,3623920
tmaR_predicted,0.5,1,1,GGCGGGGTCACGTGGTGAAC,0,3618132
tmaR_predicted,0.5,1,1,GGCGGCCGAAGTACTAGACT,0,3605014
tmaR_predicted,0.5,1,1,GGCGGATCCGTCGTCCGCTA,0,3645662
tmaR_predicted,0.5,1,1,GGCGCTTGAGGGCATCCTGA,0,3615641
tmaR_predicted,0.5,1,1,GGCGCCCCTCTTTTCTCGAG,0,3637368
tmaR_predicted,0.5,1,1,GGCGCATTCGCACGATCGCA,0,3625211
tmaR_predicted,0.5,1,1,GGCCGCGACGCGCTCTTCTC,0,3606694
tmaR_predicted,0.5,1,1,GGCCCGTCTATATCTGCTTG,0,3606606
tmaR_predicted,0.5,1,1,GGCCCCTATGAATTACCACT,0,3617587
tmaR_predicted,0.5,1,1,GGCCAGGAACAGGACAATTA,0,3620091
tmaR_predicted,0.5,1,1,GGCATGGCACTCCTGTCGGA,0,3643626
tmaR_predicted,0.5,1,1,GGCATGCTCTCCAGGGCCGC,0,3640882
tmaR_predicted,0.5,1,1,GGCATCCAATGTTACTTGCA,0,3605084
tmaR_predicted,0.5,1,1,GGCAGTGAAAGGTGCGCGAA,0,3645557
tmaR_predicted,0.5,1,1,GGCACCAGTTCGAGCATGCT,0,3608476
tmaR_predicted,0.5,1,1,GGCAAGAAAGGTGTAAAGGG,0,3617949
tmaR_predicted,0.5,1,1,GGATTGATCAGTCCCGAACA,0,3613288
tmaR_predicted,0.5,1,1,GGATTAGAATCAGGCCTACA,0,3622002
tmaR_predicted,0.5,1,1,GGATGTGACCTTGTGCCTAC,0,3612447
tmaR_predicted,0.5,1,1,GGATGACCATTGTCGCGGCG,0,3641553
tmaR_predicted,0.5,1,1,GGATCTCGGCGCTGATCCGG,0,3622646
tmaR_predicted,0.5,1,1,GGATCGAACTTATTGCCCAT,0,3625077
tmaR_predicted,0.5,1,1,GGATCCCCAGGCAACTGCGG,0,3648556
tmaR_predicted,0.5,1,1,GGAGTTGCTTAGACATGGTT,0,3613289
tmaR_predicted,0.5,1,1,GGAGTTGAATTACCTCCGCC,0,3630233
tmaR_predicted,0.5,1,1,GGAGTTAGGACACAGTTCAT,0,3624930
tmaR_predicted,0.5,1,1,GGAGGGCTAGTTTTTTGGCA,0,3615501
tmaR_predicted,0.5,1,1,GGAGGATATATTTATACATT,0,3624376
tmaR_predicted,0.5,1,1,GGAGCGACGCTTAATGGATT,0,3606920
tmaR_predicted,0.5,1,1,GGAGCGACCAAGTGGCCTCT,0,3647566
tmaR_predicted,0.5,1,1,GGACTAGTAGGAGGGATTCT,0,3630717
tmaR_predicted,0.5,1,1,GGACTAGACATTTGGCTTTT,0,3646205
tmaR_predicted,0.5,1,1,GGACTACTCGTCTTTTGTAG,0,3621126
tmaR_predicted,0.5,1,1,GGACGTCCGTCCTTCCGCGG,0,3621597
tmaR_predicted,0.5,1,1,GGACGTATCGGCTAGAATAC,0,3649044
tmaR_predicted,0.5,1,1,GGACGACGCGCGTCCGGGCA,0,3640042
tmaR_predicted,0.5,1,1,GGACCCTGCAGTGGAGCTTC,0,3632912
tmaR_predicted,0.5,1,1,GGACCACGTCCTTATCTCCT,0,3626971
tmaR_predicted,0.5,1,1,GGACATCGCGCCAAGGAGGC,0,3617942
tmaR_predicted,0.5,1,1,GGACAGCTTTAAACGCCCTC,0,3628053
tmaR_predicted,0.5,1,1,GGACAAAGGTATTGATAGGT,0,3631446
tmaR_predicted,0.5,1,1,GGAATTGATGAGATCCGCCA,0,3619969
tmaR_predicted,0.5,1,1,GGAAGACTTCATCTCGCTGT,0,3634184
tmaR_predicted,0.5,1,1,GGAACTCTTGCAGTTTAGTG,0,3642995
tmaR_predicted,0.5,1,1,GGAACCCATACGCTTCGTAT,0,3607963
tmaR_predicted,0.5,1,1,GGAAATTTCACATTCTCTCT,0,3623826
tmaR_predicted,0.5,1,1,GGAAATGTTTATAGAAGAAA,0,3617759
tmaR_predicted,0.5,1,1,GGAAAACAATTCGCTCGTCC,0,3633109
tmaR_predicted,0.5,1,1,GCTTTTACACGTCGGATCGC,0,3630460
tmaR_predicted,0.5,1,1,GCTTTGACACTCGTGTAAAC,0,3604427
tmaR_predicted,0.5,1,1,GCTTACAGGTGTTACTGCGT,0,3619565
tmaR_predicted,0.5,1,1,GCTTACACATGATAGATTTA,0,3632576
tmaR_predicted,0.5,1,1,GCTTAACCAACGGTCGTATC,0,3621899
tmaR_predicted,0.5,1,1,GCTTAAACGAGTCATGCGCA,0,3634564
tmaR_predicted,0.5,1,1,GCTGGGTCTTAAACCTAGTC,0,3613165
tmaR_predicted,0.5,1,1,GCTGCTGGACACCATATGCA,0,3647957
tmaR_predicted,0.5,1,1,GCTGCATTGTATCCCTTATT,0,3613632
tmaR_predicted,0.5,1,1,GCTGCACTTAGGTGGCGTCT,0,3632302
tmaR_predicted,0.5,1,1,GCTGCAAACTTGCTGCTCAT,0,3638858
tmaR_predicted,0.5,1,1,GCTGACTCGCTTGTGAGGGC,0,3650237
tmaR_predicted,0.5,1,1,GCTGACCCCTCGAACAGCGA,0,3633895
tmaR_predicted,0.5,1,1,GCTGAAACGGGCGGGTCAAA,0,3615815
tmaR_predicted,0.5,1,1,GCTCTCGAGCAAGTTAATCT,0,3623285
tmaR_predicted,0.5,1,1,GCTCTCCGAGGCGGGATATT,0,3644256
tmaR_predicted,0.5,1,1,GCTCGAAATTGTTGGATGTC,0,3633701
tmaR_predicted,0.5,1,1,GCTCCGCGTGGTTATTCCGA,0,3649574
tmaR_predicted,0.5,1,1,GCTCATCGATCATATGTAAC,0,3626737
tmaR_predicted,0.5,1,1,GCTATGGGAATGTTTTCTTG,0,3643941
tmaR_predicted,0.5,1,1,GCTATCGTAGGTTTGACGGG,0,3614151
tmaR_predicted,0.5,1,1,GCTATAGATCGGCAGTATCC,0,3624362
tmaR_predicted,0.5,1,1,GCTAGTGCTGATAAGTACGA,0,3638545
tmaR_predicted,0.5,1,1,GCTACTCTTTTGGAGCTATG,0,3639998
tmaR_predicted,0.5,1,1,GCTAATCGCACAGTCCCACT,0,3634583
tmaR_predicted,0.5,1,1,GCTAAAAGAATTACCACTAC,0,3644004
tmaR_predicted,0.5,1,1,GCGTTGAACAGGTATAGAAT,0,3626263
tmaR_predicted,0.5,1,1,GCGTTACTAAATGACATTGA,0,3603931
tmaR_predicted,0.5,1,1,GCGTGGAAAAGCGGATGCTA,0,3631048
tmaR_predicted,0.5,1,1,GCGTGAAGCTCAAAAGTAAA,0,3626375
tmaR_predicted,0.5,1,1,GCGTCGATGAATTATCGCCC,0,3628862
tmaR_predicted,0.5,1,1,GCGTCCCGACGCAATTCTTG,0,3621648
tmaR_predicted,0.5,1,1,GCGTAGCTGATATATTGACT,0,3649443
tmaR_predicted,0.5,1,1,GCGCAGAACCCGGAGCCTCG,0,3617786
tmaR_predicted,0.5,1,1,GCGAGCGAGTTTCCGCCACA,0,3606477
tmaR_predicted,0.5,1,1,GCGAGCCACATCGCTTGTTG,0,3615310
tmaR_predicted,0.5,1,1,GCGAGACACGGTGTAGTACT,0,3618141
tmaR_predicted,0.5,1,1,GCGACACAATAGTGTTGGCC,0,3642388
tmaR_predicted,0.5,1,1,GCGAATCCGTGACTAGAGCA,0,3649050
tmaR_predicted,0.5,1,1,GCGAAATTAAATCCGGGTTT,0,3636677
tmaR_predicted,0.5,1,1,GCCTTTGACAAGAGCCTCGC,0,3640947
tmaR_predicted,0.5,1,1,GCCTTGGGCATATTTTTCGT,0,3639322
tmaR_predicted,0.5,1,1,GCCTGTAAATCCTCCTTTCG,0,3635257
tmaR_predicted,0.5,1,1,GCCTGGAACAAACAGCCCTT,0,3642078
tmaR_predicted,0.5,1,1,GCCTGATGAAACTTGGCAGA,0,3604988
tmaR_predicted,0.5,1,1,GCCTCCCGTGATGATCCAGT,0,3609356
tmaR_predicted,0.5,1,1,GCCTCATATCTCCACCGCGC,0,3627995
tmaR_predicted,0.5,1,1,GCCTATTCCACCTTCTCGCA,0,3616450
tmaR_predicted,0.5,1,1,GCCTATCTGTAAGTCGTTCT,0,3627638
tmaR_predicted,0.5,1,1,GCCTACTTTTCCATTACCCT,0,3622847
tmaR_predicted,0.5,1,1,GCCTAATGGGGATTAATGGA,0,3627794
tmaR_predicted,0.5,1,1,GCCTAAGGGTTGCCTTACGC,0,3621190
tmaR_predicted,0.5,1,1,GCCTAACGGTGGCACAAAGT,0,3644648
tmaR_predicted,0.5,1,1,GCCGTTTCCAGGCATACTTC,0,3638991
tmaR_predicted,0.5,1,1,GCCGTAATAGTGATAAAAAG,0,3631089
tmaR_predicted,0.5,1,1,GCCGGTGGAAAGGATTACGC,0,3613792
tmaR_predicted,0.5,1,1,GCCGGTCACTGGGAATACTA,0,3625789
tmaR_predicted,0.5,1,1,GCCCTGAAGGTCGGCAGCTA,0,3629249
tmaR_predicted,0.5,1,1,GCCCTAAGAGATGAGTCAAT,0,3637150
tmaR_predicted,0.5,1,1,GCCCGGAGCAAGCCTCAAAT,0,3640609
tmaR_predicted,0.5,1,1,GCCCGCTTTGGGGTGCCGCG,0,3646976
tmaR_predicted,0.5,1,1,GCCCGATCGTTCAATGCTAA,0,3630115
tmaR_predicted,0.5,1,1,GCCCCGCTTGGCTTAGGCCA,0,3650305
tmaR_predicted,0.5,1,1,GCCCCATTTTTTATTAGGGA,0,3606121
tmaR_predicted,0.5,1,1,GCCAGCAAACCGGTTCTGGC,0,3649903
tmaR_predicted,0.5,1,1,GCCAAGCACCGGAATCTGGA,0,3618135
tmaR_predicted,0.5,1,1,GCATTCCGTTGGGGATGCGA,0,3609965
tmaR_predicted,0.5,1,1,GCATTCACGGTTCAAGGCTA,0,3605434
tmaR_predicted,0.5,1,1,GCATGCATTATTGCGGTGAT,0,3616455
tmaR_predicted,0.5,1,1,GCATGAATCTTAGTCTTCGT,0,3615092
tmaR_predicted,0.5,1,1,GCATGAAGCGCCGCGCACCA,0,3625638
tmaR_predicted,0.5,1,1,GCATCTACCCTCGAGTGGCT,0,3621511
tmaR_predicted,0.5,1,1,GCATCCACCCCTGAAAATTA,0,3617402
tmaR_predicted,0.5,1,1,GCATCATGTCCTTGTGATTT,0,3648077
tmaR_predicted,0.5,1,1,GCATATGTTCCCGGATTCAA,0,3620410
tmaR_predicted,0.5,1,1,GCATAGGCAAGTTCCCGGGT,0,3604814
tmaR_predicted,0.5,1,1,GCATAGCCACGTGCATTAGA,0,3641771
tmaR_predicted,0.5,1,1,GCATACTTCCAAGCACTATT,0,3609313
tmaR_predicted,0.5,1,1,GCAGTTAAAGCTCCACTCCA,0,3611717
tmaR_predicted,0.5,1,1,GCAGTATGGAACCAGGGTTC,0,3611107
tmaR_predicted,0.5,1,1,GCAGCTCCGGGTCGCTTATG,0,3630941
tmaR_predicted,0.5,1,1,GCAGACAACTATACCATTGA,0,3621382
tmaR_predicted,0.5,1,1,GCAGAATCTTACGGCTTTAA,0,3609023
tmaR_predicted,0.5,1,1,GCAGAACCTCCTCACGAAAC,0,3620252
tmaR_predicted,0.5,1,1,GCACTTATTCATATCATGGT,0,3642178
tmaR_predicted,0.5,1,1,GCACGTGCTTTCCATCTGTG,0,3636070
tmaR_predicted,0.5,1,1,GCACCCAAACTGATGACGCT,0,3623987
tmaR_predicted,0.5,1,1,GCACCACCCTCCCAGAATCA,0,3640205
tmaR_predicted,0.5,1,1,GCACATTCAGTGTATCGTGT,0,3641218
tmaR_predicted,0.5,1,1,GCACAGAACGGTCCCTCTTT,0,3645591
tmaR_predicted,0.5,1,1,GCAACTCTCTTAATGGGGTA,0,3605968
tmaR_predicted,0.5,1,1,GCAACGGCACCAAGGGTTTC,0,3617457
tmaR_predicted,0.5,1,1,GCAACGCTACACTCCTCTGC,0,3617439
tmaR_predicted,0.5,1,1,GCAAAAACTCGCCACACTCT,0,3641264
tmaR_predicted,0.5,1,1,GATTGGCATGCTAAGCCAGG,0,3630892
tmaR_predicted,0.5,1,1,GATTGCTAACATTTACTGGT,0,3620197
tmaR_predicted,0.5,1,1,GATTCTACGGAGACAGAAAC,0,3604702
tmaR_predicted,0.5,1,1,GATTACTTCATCCGCTTCTC,0,3624040
tmaR_predicted,0.5,1,1,GATTACCCTCCAATTGCTTT,0,3648649
tmaR_predicted,0.5,1,1,GATTAACAATTGAGAGATAT,0,3620430
tmaR_predicted,0.5,1,1,GATGTGTGCAGTACAACCGT,0,3613781
tmaR_predicted,0.5,1,1,GATGTGCGTCCCGTCCTCCG,0,3639923
tmaR_predicted,0.5,1,1,GATGTCACACAATGTTAGAC,0,3623530
tmaR_predicted,0.5,1,1,GATGCTACTAGGCTCTAATG,0,3644679
tmaR_predicted,0.5,1,1,GATGCGGTGAGTTCACCGGG,0,3620951
tmaR_predicted,0.5,1,1,GATGATAGAGCCCCCGGCTG,0,3648673
tmaR_predicted,0.5,1,1,GATGAAGAGCCCTGGACGTA,0,3606896
tmaR_predicted,0.5,1,1,GATCTGGGTATTACGGTCTG,0,3640797
tmaR_predicted,0.5,1,1,GATCTCGGCGGCCGTTCGCA,0,3637847
tmaR_predicted,0.5,1,1,GATCTCCGGTGAACAGCTGG,0,3610128
tmaR_predicted,0.5,1,1,GATCCGTAATCAAAACTTGG,0,3620803
tmaR_predicted,0.5,1,1,GATCCCACACCATTGTGGGC,0,3629565
tmaR_predicted,0.5,1,1,GATCACAGCAGTAAAGCGTC,0,3611593
tmaR_predicted,0.5,1,1,GATATCTGATATGAGTACTC,0,3620906
tmaR_predicted,0.5,1,1,GATAATGGATCCAGTGGAGA,0,3628099
tmaR_predicted,0.5,1,1,GATAACTATTTATTATTCTA,0,3621565
tmaR_predicted,0.5,1,1,GATAAAGTATACCTACAATC,0,3644641
tmaR_predicted,0.5,1,1,GATAAAACCGCAGCCCCTTA,0,3647533
tmaR_predicted,0.5,1,1,GAGTTTTAACTCCAAGTTTT,0,3604952
tmaR_predicted,0.5,1,1,GAGTTCCCTGTAATAATTAA,0,3647588
tmaR_predicted,0.5,1,1,GAGTGAACGTTTTTCCGTGC,0,3628533
tmaR_predicted,0.5,1,1,GAGTCGGTTGAGAAATTAGC,0,3626898
tmaR_predicted,0.5,1,1,GAGGTACAGCGGGATGTAAG,0,3629671
tmaR_predicted,0.5,1,1,GAGGTAAGCTCCGGGCTCGC,0,3613172
tmaR_predicted,0.5,1,1,GAGGGGACAGTCACCGAGAG,0,3640568
tmaR_predicted,0.5,1,1,GAGGCCTGAAATGCTGCTTA,0,3626033
tmaR_predicted,0.5,1,1,GAGGATCTCCGACTCGAGTG,0,3604699
tmaR_predicted,0.5,1,1,GAGGACTTTCAGAGCCGTGA,0,3610196
tmaR_predicted,0.5,1,1,GAGGACTGACCCCCACGAGC,0,3614671
tmaR_predicted,0.5,1,1,GAGGACAGGCTGGCTTCGAC,0,3619120
tmaR_predicted,0.5,1,1,GAGCTAGGCCCTGGGCGCTG,0,3606126
tmaR_predicted,0.5,1,1,GAGCTAGACGTCGATTCTAT,0,3644826
tmaR_predicted,0.5,1,1,GAGCCCCTGCTATCAATATC,0,3650301
tmaR_predicted,0.5,1,1,GAGCATGGATTATTGCAAAA,0,3627156
tmaR_predicted,0.5,1,1,GAGCACCTCGCTTGGCCGGG,0,3648620
tmaR_predicted,0.5,1,1,GAGAGCGCTGTCCATATATA,0,3610748
tmaR_predicted,0.5,1,1,GAGAACGGACCCCAATCCCC,0,3616167
tmaR_predicted,0.5,1,1,GACTTCGCGCGACGTCACGA,0,3604779
tmaR_predicted,0.5,1,1,GACTGACGGTGTCGGCTGAC,0,3631722
tmaR_predicted,0.5,1,1,GACTCGTTCCCTTTGCGCCA,0,3618898
tmaR_predicted,0.5,1,1,GACTCGACTCAACGTTAGGT,0,3613113
tmaR_predicted,0.5,1,1,GACGTTTTAATCTCACCATT,0,3627527
tmaR_predicted,0.5,1,1,GACGTCACGATCTTATAAAA,0,3632093
tmaR_predicted,0.5,1,1,GACGCTCGATTACTACCGCA,0,3627258
tmaR_predicted,0.5,1,1,GACGCCGCGTGTTATTTCCA,0,3641106
tmaR_predicted,0.5,1,1,GACGCATGGAGATGTAACAG,0,3638416
tmaR_predicted,0.5,1,1,GACGAAATCAATCTTTGCAT,0,3631663
tmaR_predicted,0.5,1,1,GACGAAAAATGCGGCCCACA,0,3642577
tmaR_predicted,0.5,1,1,GACCCCGTGAGCTGTTTGAT,0,3612421
tmaR_predicted,0.5,1,1,GACACTGGATATCCGTATTA,0,3641370
tmaR_predicted,0.5,1,1,GACACTATTACCCCGGTTCT,0,3612019
tmaR_predicted,0.5,1,1,GACACGGCAGTCACAACGTA,0,3635738
tmaR_predicted,0.5,1,1,GACAAGGCCGCTTATGGAAC,0,3625920
tmaR_predicted,0.5,1,1,GAATTTGCAGCATTGGCCAC,0,3644635
tmaR_predicted,0.5,1,1,GAATTTCGGTTAATGAGGAC,0,3615090
tmaR_predicted,0.5,1,1,GAATTCGGAATTGCATATCA,0,3642091
tmaR_predicted,0.5,1,1,GAATTATTTGGCTGTCAACT,0,3649745
tmaR_predicted,0.5,1,1,GAATGTTCCAATCCATGTGA,0,3643974
tmaR_predicted,0.5,1,1,GAATGGATCGTGTAGAAAAA,0,3624631
tmaR_predicted,0.5,1,1,GAATGAAACACTGTGTGCAA,0,3617166
tmaR_predicted,0.5,1,1,GAATCTGGCTAAAACGCTAT,0,3647045
tmaR_predicted,0.5,1,1,GAATCGGAATGTATTGACGA,0,3615091
tmaR_predicted,0.5,1,1,GAATCCTGTTGACAATGACA,0,3610076
tmaR_predicted,0.5,1,1,GAATCCAGGTCCTAGCGTTG,0,3625388
tmaR_predicted,0.5,1,1,GAATAGGCTCCGAGGAATTG,0,3605025
tmaR_predicted,0.5,1,1,GAATAAAGTACTTGGGGTCT,0,3640127
tmaR_predicted,0.5,1,1,GAAGTTAGGCGCAAGTCGCT,0,3624883
tmaR_predicted,0.5,1,1,GAAGTGGGTCCCGTACGTCG,0,3629854
tmaR_predicted,0.5,1,1,GAAGGTGTACCACACAGGCC,0,3626697
tmaR_predicted,0.5,1,1,GAAGGACACGTGGTTCTATG,0,3631383
tmaR_predicted,0.5,1,1,GAAGCGACCAGGCTTCATCA,0,3616407
tmaR_predicted,0.5,1,1,GAAGCATGTCTAAGAAGGGA,0,3610731
tmaR_predicted,0.5,1,1,GAAGAGGGGTAGGTTTGATA,0,3649369
tmaR_predicted,0.5,1,1,GAAGACGTGTATGCTTATTT,0,3642978
tmaR_predicted,0.5,1,1,GAACTTCTTTAAGGCTATTG,0,3617257
tmaR_predicted,0.5,1,1,GAACTTCAGGGCAATCAGAG,0,3608935
tmaR_predicted,0.5,1,1,GAACTGCAGTAGATCTAAGT,0,3619243
tmaR_predicted,0.5,1,1,GAACTATGGGATCAGGTTCT,0,3639207
tmaR_predicted,0.5,1,1,GAACTACTGTATCTTAGAGT,0,3642959
tmaR_predicted,0.5,1,1,GAACGGGCACCACGATGCCG,0,3606589
tmaR_predicted,0.5,1,1,GAACGGCTTAACGCTCTCCA,0,3648846
tmaR_predicted,0.5,1,1,GAACCGGCATAGTGTCTCAT,0,3605788
tmaR_predicted,0.5,1,1,GAACCCTGCTCTTGTCGCGC,0,3622374
tmaR_predicted,0.5,1,1,GAACCCGCTGTGAGCATCGA,0,3638756
tmaR_predicted,0.5,1,1,GAACATTTTTTTGTCTTGAC,0,3621199
tmaR_predicted,0.5,1,1,GAACATGCCGCCCCTCAGTG,0,3605972
tmaR_predicted,0.5,1,1,GAACAGTGGGAAGTACAATC,0,3635028
tmaR_predicted,0.5,1,1,GAACAGGCAAGTACTATTGC,0,3630763
tmaR_predicted,0.5,1,1,GAACAAAATTTCGAGCTCCA,0,3622181
tmaR_predicted,0.5,1,1,GAAAGAAGAACGTCGCATGA,0,3632619
tmaR_predicted,0.5,1,1,GAAACTGATTCCCACCCCCT,0,3646999
tmaR_predicted,0.5,1,1,CTTTTATCATGTTGATGTAT,0,3627598
tmaR_predicted,0.5,1,1,CTTTGGGGGGCCGATAGGAG,0,3626053
tmaR_predicted,0.5,1,1,CTTTGGGGGAGAGGTCCATA,0,3623379
tmaR_predicted,0.5,1,1,CTTTGCCTGATTAAACAAGG,0,3617379
tmaR_predicted,0.5,1,1,CTTTGCATCTAAACGACTGG,0,3637408
tmaR_predicted,0.5,1,1,CTTTCAAGACAGTAGAACGG,0,3610796
tmaR_predicted,0.5,1,1,CTTTAGTAACTGCTTGCAAG,0,3616496
tmaR_predicted,0.5,1,1,CTTTACTCTAACTAAGTACC,0,3638813
tmaR_predicted,0.5,1,1,CTTTAATCTCCGGAAGAGGG,0,3634982
tmaR_predicted,0.5,1,1,CTTGTAGGAAAACAGTGGGT,0,3646861
tmaR_predicted,0.5,1,1,CTTGGTACTGGACGAGTGCA,0,3634372
tmaR_predicted,0.5,1,1,CTTGGGAGTTATGCCCCAAC,0,3628355
tmaR_predicted,0.5,1,1,CTTGGCTTCAGCCGGATGCA,0,3639611
tmaR_predicted,0.5,1,1,CTTGCACACGCGGAGGTAAG,0,3645407
tmaR_predicted,0.5,1,1,CTTGATGGCCGCGTTACGTG,0,3627985
tmaR_predicted,0.5,1,1,CTTGAGCGCTCCAACATGTC,0,3611944
tmaR_predicted,0.5,1,1,CTTGACACAATAGACCGTAA,0,3629157
tmaR_predicted,0.5,1,1,CTTCTGGGACGGATCAACGC,0,3640642
tmaR_predicted,0.5,1,1,CTTCGTTTTTCTCGGGGTTT,0,3623249
tmaR_predicted,0.5,1,1,CTTCGGCCCTTTCGTCCAGT,0,3614869
tmaR_predicted,0.5,1,1,CTTCGGAAAGTTGCTACAAG,0,3627158
tmaR_predicted,0.5,1,1,CTTCGACCAGGTTTGATTGG,0,3617621
tmaR_predicted,0.5,1,1,CTTCCTGGCGCCAGGATCCA,0,3639409
tmaR_predicted,0.5,1,1,CTTCATCTGCGAAGCAGGGC,0,3612893
tmaR_predicted,0.5,1,1,CTTCACGCGTCATGCTAACA,0,3648926
tmaR_predicted,0.5,1,1,CTTCACCCGTATGTAATGTC,0,3622474
tmaR_predicted,0.5,1,1,CTTATCTGTAGCATACGCCT,0,3639431
tmaR_predicted,0.5,1,1,CTTAGAGCTCGCTATATGTG,0,3637377
tmaR_predicted,0.5,1,1,CTTAATCAGCAAACTTGGTA,0,3610095
tmaR_predicted,0.5,1,1,CTTAAACACGGCACTGATGT,0,3636728
tmaR_predicted,0.5,1,1,CTTAAAAACAAAAAGCACGA,0,3610644
tmaR_predicted,0.5,1,1,CTGTTTGCCATGCGCCATTA,0,3613883
tmaR_predicted,0.5,1,1,CTGTTCCTGACGGCAACCGC,0,3649170
tmaR_predicted,0.5,1,1,CTGTGGCGACTCCAAGTATA,0,3609931
tmaR_predicted,0.5,1,1,CTGTGATCCCGCCCCCTACC,0,3616341
tmaR_predicted,0.5,1,1,CTGTCGAGTCATCAGGTGGG,0,3605106
tmaR_predicted,0.5,1,1,CTGTCATAGCGTCGATCCTT,0,3641179
tmaR_predicted,0.5,1,1,CTGTATAATGCTCGAACTTT,0,3608316
tmaR_predicted,0.5,1,1,CTGGGGCACACGCCATATCT,0,3607055
tmaR_predicted,0.5,1,1,CTGGGACCTCCGCCGTATTC,0,3614152
tmaR_predicted,0.5,1,1,CTGGCTAGTTGGAATGGTTA,0,3644553
tmaR_predicted,0.5,1,1,CTGGAATATCGCAATGCGGA,0,3611303
tmaR_predicted,0.5,1,1,CTGCTGAATGACTAATCGGT,0,3615423
tmaR_predicted,0.5,1,1,CTGCGATCACAGGACTCTAT,0,3636844
tmaR_predicted,0.5,1,1,CTGCCTCCCAATCTTTTCTT,0,3623908
tmaR_predicted,0.5,1,1,CTGCCGTGGAATGTCTGGCC,0,3633330
tmaR_predicted,0.5,1,1,CTGCACTTTATTTCTTCGGA,0,3614497
tmaR_predicted,0.5,1,1,CTGATTGATGGATTTAGCAC,0,3618134
tmaR_predicted,0.5,1,1,CTGATGGTACAGTCAGTAGG,0,3641837
tmaR_predicted,0.5,1,1,CTGAGTGTGAGCGGTTATAA,0,3615739
tmaR_predicted,0.5,1,1,CTGAGGGTAGGGGTAAGACG,0,3626129
tmaR_predicted,0.5,1,1,CTGACGCTGGAGAACCCCTG,0,3650296
tmaR_predicted,0.5,1,1,CTGACGAGTGATCAGAACAG,0,3636704
tmaR_predicted,0.5,1,1,CTGAAGCTCACTATAATGCG,0,3632787
tmaR_predicted,0.5,1,1,CTCTTTGAATAAAAAAAATG,0,3620205
tmaR_predicted,0.5,1,1,CTCTTGTGGACCGGCCACGC,0,3606578
tmaR_predicted,0.5,1,1,CTCTTAGAGCGGCAAGGCGC,0,3637365
tmaR_predicted,0.5,1,1,CTCTAAATGGCCATCTTTCC,0,3649686
tmaR_predicted,0.5,1,1,CTCGGGCTCAGCATCGTCTA,0,3633909
tmaR_predicted,0.5,1,1,CTCGGCGGCTCCAAATCCCC,0,3630323
tmaR_predicted,0.5,1,1,CTCGGCAGGCCGTTTTAATG,0,3621117
tmaR_predicted,0.5,1,1,CTCGATAAGTGGATGGTATT,0,3639107
tmaR_predicted,0.5,1,1,CTCGACGCGGTCTGGCGAAA,0,3616190
tmaR_predicted,0.5,1,1,CTCCGGGTTTTCTATGCAGC,0,3623747
tmaR_predicted,0.5,1,1,CTCCGGGGGATCTGTCAGCG,0,3624383
tmaR_predicted,0.5,1,1,CTCCGGAGGGGCGAGGGAAT,0,3634167
tmaR_predicted,0.5,1,1,CTCCGCTTAATTCCATCTGA,0,3612599
tmaR_predicted,0.5,1,1,CTCCCAGGATTTCCAATCTC,0,3610792
tmaR_predicted,0.5,1,1,CTCCCAATCTACATAATGAG,0,3628915
tmaR_predicted,0.5,1,1,CTCAGGCCCTCACTAAGAAA,0,3631847
tmaR_predicted,0.5,1,1,CTCAGACGGCACTAAGTACT,0,3607827
tmaR_predicted,0.5,1,1,CTCACCAAGGGCTAATGGTG,0,3629689
tmaR_predicted,0.5,1,1,CTCAACCTATTAGCGCTGAT,0,3648101
tmaR_predicted,0.5,1,1,CTCAACACATTGGGGCATGA,0,3647311
tmaR_predicted,0.5,1,1,CTCAAAGACTCGCTCCATGG,0,3604935
tmaR_predicted,0.5,1,1,CTCAAACGGCGAACGGCACT,0,3649184
tmaR_predicted,0.5,1,1,CTATTGCAGAAGCACAGTGA,0,3639177
tmaR_predicted,0.5,1,1,CTATGTGTACAAATCGGAAG,0,3634612
tmaR_predicted,0.5,1,1,CTATGGAGACCTTACGAGGA,0,3635279
tmaR_predicted,0.5,1,1,CTATGACCCTCGGTTAACGA,0,3625754
tmaR_predicted,0.5,1,1,CTATCTTACCTAGTTGACTT,0,3648803
tmaR_predicted,0.5,1,1,CTATAATTACACGTTGGGAA,0,3609966
tmaR_predicted,0.5,1,1,CTATAATACGCATAGTACTT,0,3639318
tmaR_predicted,0.5,1,1,CTAGTATTCAGGCCCGGTAT,0,3636823
tmaR_predicted,0.5,1,1,CTAGTAGAGGCTGGGAGACA,0,3645079
tmaR_predicted,0.5,1,1,CTAGGTACCAGGTGGCTAAT,0,3635167
tmaR_predicted,0.5,1,1,CTAGGTAAATTACCGGACGT,0,3639378
tmaR_predicted,0.5,1,1,CTAGGCCTTGTACAACCGGC,0,3624377
tmaR_predicted,0.5,1,1,CTAGGCCTGACAGCTAGACG,0,3622264
tmaR_predicted,0.5,1,1,CTAGGATTACACGTCGTTTC,0,3624489
tmaR_predicted,0.5,1,1,CTAGGAGTAGCACAAGTCTT,0,3612472
tmaR_predicted,0.5,1,1,CTAGATAGGCCCTTTCCACG,0,3607780
tmaR_predicted,0.5,1,1,CTAGACTTTGCCGTTCAAAG,0,3641903
tmaR_predicted,0.5,1,1,CTACTGGCGATGGGAAGCAG,0,3630479
tmaR_predicted,0.5,1,1,CTACGTTACTCCCGATGAGG,0,3642097
tmaR_predicted,0.5,1,1,CTACGTTAACGGTCGTATGT,0,3616793
tmaR_predicted,0.5,1,1,CTACGGCTATTGTAGCTGGG,0,3624614
tmaR_predicted,0.5,1,1,CTACGCTATTTCAGGAGGAG,0,3628103
tmaR_predicted,0.5,1,1,CTACCTCTTAAGACATAACT,0,3639742
tmaR_predicted,0.5,1,1,CTACCAACCGATGTCACCGC,0,3613577
tmaR_predicted,0.5,1,1,CTACAAAGCTCCGGGAAGAG,0,3612291
tmaR_predicted,0.5,1,1,CTAATCAAAGAGTTGACTGC,0,3611427
tmaR_predicted,0.5,1,1,CTAAGTAGGCCACCAGGGGA,0,3616312
tmaR_predicted,0.5,1,1,CTAAGGCGGAGTGTACCTAA,0,3635469
tmaR_predicted,0.5,1,1,CTAACGGCGTGCAGCCTCTG,0,3647670
tmaR_predicted,0.5,1,1,CTAACCGTTCTGTGGTCAAC,0,3605135
tmaR_predicted,0.5,1,1,CTAACAGAACTTGAGTGCAA,0,3620271
tmaR_predicted,0.5,1,1,CTAACAAGAGAGAACCAATT,0,3639688
tmaR_predicted,0.5,1,1,CTAAATGACCCCAAGAACAG,0,3623881
tmaR_predicted,0.5,1,1,CGTTGGATGTCTGTACGGTT,0,3644136
tmaR_predicted,0.5,1,1,CGTTCTCCTCGATCGTAACA,0,3637694
tmaR_predicted,0.5,1,1,CGTTCGTTTCTTTCGCAGTC,0,3647809
tmaR_predicted,0.5,1,1,CGTTCGGGGGAGTAACTGAT,0,3626650
tmaR_predicted,0.5,1,1,CGTTAGCACGCGGTGTCTCG,0,3613713
tmaR_predicted,0.5,1,1,CGTGTTGGGCCGGGATTATG,0,3609142
tmaR_predicted,0.5,1,1,CGTGCGGTCAAGAACTCCCA,0,3619294
tmaR_predicted,0.5,1,1,CGTGCCGATTGAGATGGACT,0,3625915
tmaR_predicted,0.5,1,1,CGTGATACTGTAATTTTCTC,0,3610301
tmaR_predicted,0.5,1,1,CGTGATAAGCACGCTTATGC,0,3613375
tmaR_predicted,0.5,1,1,CGTCTTGCTACGCGACCTCA,0,3620930
tmaR_predicted,0.5,1,1,CGTCCTGACATCATAAGGTG,0,3608199
tmaR_predicted,0.5,1,1,CGTCCTCTCCAATTTGTGAC,0,3630425
tmaR_predicted,0.5,1,1,CGTCCAACGGGGACTTGCCG,0,3633294
tmaR_predicted,0.5,1,1,CGTCATGTTGTCCGCTATCT,0,3606386
tmaR_predicted,0.5,1,1,CGTCACAGGCAGTGGCCTAT,0,3633831
tmaR_predicted,0.5,1,1,CGTATATGCGGATCGGGGCT,0,3617062
tmaR_predicted,0.5,1,1,CGTATAGCTGAGTATGGATT,0,3627493
tmaR_predicted,0.5,1,1,CGTATAATTTGGATTCTTTC,0,3625130
tmaR_predicted,0.5,1,1,CGTAGCTAACAAGCTGGATT,0,3618587
tmaR_predicted,0.5,1,1,CGTAATAAGCGTTCTGGACC,0,3609530
tmaR_predicted,0.5,1,1,CGTAAGCGTTGATCGGCCTG,0,3624731
tmaR_predicted,0.5,1,1,CGTAACAGATAGCTGGGGTG,0,3625390
tmaR_predicted,0.5,1,1,CGGTGGTGCCCCGGCGCTGG,0,3637293
tmaR_predicted,0.5,1,1,CGGTGCTGAAGGACGACCAC,0,3612825
tmaR_predicted,0.5,1,1,CGGTCTTAATGCATGGTGGG,0,3636812
tmaR_predicted,0.5,1,1,CGGTCTACGACATCGTTATA,0,3619667
tmaR_predicted,0.5,1,1,CGGTCGTTTATTCAATGCTC,0,3635238
tmaR_predicted,0.5,1,1,CGGTAGGATAGCCCTCGCGG,0,3635332
tmaR_predicted,0.5,1,1,CGGTACCCGATGGCCCAGGA,0,3623894
tmaR_predicted,0.5,1,1,CGGGTTGATGTATAGACAAT,0,3648777
tmaR_predicted,0.5,1,1,CGGGTCAGCCTTCATATGCA,0,3629324
tmaR_predicted,0.5,1,1,CGGGTATTAATACAGTTAAT,0,3610990
tmaR_predicted,0.5,1,1,CGGGTAGTTCGCGATAGGGG,0,3649255
tmaR_predicted,0.5,1,1,CGGGGTAGAACAATCAATAA,0,3643045
tmaR_predicted,0.5,1,1,CGGGGGTGCAACGAGATGGG,0,3647569
tmaR_predicted,0.5,1,1,CGGGGCTCACCGTTACCCGC,0,3637417
tmaR_predicted,0.5,1,1,CGGGGCGTCACAAACTATTC,0,3628048
tmaR_predicted,0.5,1,1,CGGGGAACTGGCACATTTCA,0,3643160
tmaR_predicted,0.5,1,1,CGGGGAACCTGGCTTATTGT,0,3607871
tmaR_predicted,0.5,1,1,CGGGATACGACAAATGAGGT,0,3627216
tmaR_predicted,0.5,1,1,CGGGACTTACTAAATTGGCT,0,3613731
tmaR_predicted,0.5,1,1,CGGGACACGTATCCGCGGAC,0,3612334
tmaR_predicted,0.5,1,1,CGGCTCTAGACATCTGAAGT,0,3640311
tmaR_predicted,0.5,1,1,CGGCTCGTGGTTGAAACGGG,0,3632359
tmaR_predicted,0.5,1,1,CGGCGTTCGAGCTGACGGTC,0,3621512
tmaR_predicted,0.5,1,1,CGGCCGCTGCGACCATAGGT,0,3631900
tmaR_predicted,0.5,1,1,CGGCCAGGAGACGGAACATC,0,3635120
tmaR_predicted,0.5,1,1,CGGCATAAAATCCACCACGG,0,3632755
tmaR_predicted,0.5,1,1,CGGCAATTGTGAACAGCGAC,0,3645040
tmaR_predicted,0.5,1,1,CGGAGGCGTAGTGTTCATTA,0,3644543
tmaR_predicted,0.5,1,1,CGGACTAAGTTCAGTGAGTT,0,3609956
tmaR_predicted,0.5,1,1,CGGACGTATACACCTCTGGC,0,3648409
tmaR_predicted,0.5,1,1,CGGAATAACTACCCGATGTT,0,3615507
tmaR_predicted,0.5,1,1,CGGAAACACGACGCTGCCAA,0,3624816
tmaR_predicted,0.5,1,1,CGCTTGCCAACTGCCTGACC,0,3647297
tmaR_predicted,0.5,1,1,CGCTGTGAGATTTTCAACTG,0,3614194
tmaR_predicted,0.5,1,1,CGCTGCGCCAAAATTGTGAC,0,3637478
tmaR_predicted,0.5,1,1,CGCTCTATATTAAAGTTTCC,0,3628557
tmaR_predicted,0.5,1,1,CGCGTTTTTGACTTCACCCA,0,3637612
tmaR_predicted,0.5,1,1,CGCGTTTCCATGCAAACCCC,0,3635767
tmaR_predicted,0.5,1,1,CGCGGTTCTCCTATCTATGA,0,3612273
tmaR_predicted,0.5,1,1,CGCGGTAGGGATCATTTGAA,0,3619200
tmaR_predicted,0.5,1,1,CGCGGCGACTGTACGATATC,0,3633426
tmaR_predicted,0.5,1,1,CGCGCGAATAGCAAGAACGT,0,3647302
tmaR_predicted,0.5,1,1,CGCGCCCAAACGAAAATATG,0,3634591
tmaR_predicted,0.5,1,1,CGCGACCTATGGCCTGTCCC,0,3638084
tmaR_predicted,0.5,1,1,CGCGAACCATTATTAATCTA,0,3643413
tmaR_predicted,0.5,1,1,CGCGAACACCGTTTGCGCCA,0,3642735
tmaR_predicted,0.5,1,1,CGCCTTCGCTTACCTCGATT,0,3637370
tmaR_predicted,0.5,1,1,CGCCTGACTTCTTGTGGTAC,0,3625028
tmaR_predicted,0.5,1,1,CGCCGTTCTGTCGAGCTAAA,0,3613545
tmaR_predicted,0.5,1,1,CGCCGCTTTTGGGGGGAAGT,0,3618501
tmaR_predicted,0.5,1,1,CGCATACCACAGCCCTTGCT,0,3640347
tmaR_predicted,0.5,1,1,CGCAGTCTCATTTCTACTTT,0,3643236
tmaR_predicted,0.5,1,1,CGCAGGCGCCCGAGGAAATA,0,3623040
tmaR_predicted,0.5,1,1,CGCACTTACAACGGCTACGT,0,3615849
tmaR_predicted,0.5,1,1,CGCAATCAGATGAACATCAA,0,3634662
tmaR_predicted,0.5,1,1,CGCAACGGTTAACCTTCGCG,0,3607369
tmaR_predicted,0.5,1,1,CGCAACACGAAGAGACTACA,0,3605987
tmaR_predicted,0.5,1,1,CGATTGTTGGTGACCGCTCG,0,3631432
tmaR_predicted,0.5,1,1,CGATGGCAGAGTCACCTGGT,0,3615704
tmaR_predicted,0.5,1,1,CGAGTTTAAGCTTTATTCCC,0,3637896
tmaR_predicted,0.5,1,1,CGAGTTCACGCACAATCGTA,0,3644507
tmaR_predicted,0.5,1,1,CGAGTGCGGACGTTTGCCTC,0,3629667
tmaR_predicted,0.5,1,1,CGAGTCAAGGTTGTATACTT,0,3622482
tmaR_predicted,0.5,1,1,CGAGCGTGAGCTTCCATATC,0,3629719
tmaR_predicted,0.5,1,1,CGAGCGTCGAATTTGTTGCC,0,3615351
tmaR_predicted,0.5,1,1,CGAGAGATACATCATGCCCA,0,3629055
tmaR_predicted,0.5,1,1,CGAGAAGAATGTACATAGAT,0,3615834
tmaR_predicted,0.5,1,1,CGACTTAGCAGTGTTTTTCC,0,3608839
tmaR_predicted,0.5,1,1,CGACTGCAATTCACGTGCCT,0,3622019
tmaR_predicted,0.5,1,1,CGACTCCTGTACCACCAACT,0,3622391
tmaR_predicted,0.5,1,1,CGACGCCCTCTACGATTAGA,0,3637218
tmaR_predicted,0.5,1,1,CGACCTCTTAAAGTGGACAA,0,3639869
tmaR_predicted,0.5,1,1,CGACCTCCTCATACCACGTA,0,3608974
tmaR_predicted,0.5,1,1,CGACCGATCTGCTAGCTTAG,0,3624602
tmaR_predicted,0.5,1,1,CGACCATCACAATTCATAGC,0,3630112
tmaR_predicted,0.5,1,1,CGACAAGATACCGTCGTACA,0,3635437
tmaR_predicted,0.5,1,1,CGAAGGCGCTACGCGGCTGG,0,3649961
tmaR_predicted,0.5,1,1,CGAACCTCTGTGGGACCATC,0,3635373
tmaR_predicted,0.5,1,1,CGAAATCGCCCGACGGGCAA,0,3620981
tmaR_predicted,0.5,1,1,CGAAACGGAATACGCGAGAC,0,3612218
tmaR_predicted,0.5,1,1,CGAAAAGTTAACAGCGAATT,0,3612375
tmaR_predicted,0.5,1,1,CCTTTAGCTAATCGTCTCAT,0,3621714
tmaR_predicted,0.5,1,1,CCTTTAAGCCAGCTGGTTCT,0,3647716
tmaR_predicted,0.5,1,1,CCTTGGGGTAGTACTAATTC,0,3649924
tmaR_predicted,0.5,1,1,CCTTGGCCTGCCTTAAATCA,0,3632601
tmaR_predicted,0.5,1,1,CCTTGGATTCTCCCGTTCGG,0,3633432
tmaR_predicted,0.5,1,1,CCTTGCGGTATTGAGTGATC,0,3638335
tmaR_predicted,0.5,1,1,CCTTCAGCCCGGCCTAAGTT,0,3644552
tmaR_predicted,0.5,1,1,CCTTAGGACTTGTGCTTGGG,0,3630179
tmaR_predicted,0.5,1,1,CCTGTTAACTAGATTCGTGG,0,3606501
tmaR_predicted,0.5,1,1,CCTGATTTCACGGAGTTATG,0,3638854
tmaR_predicted,0.5,1,1,CCTCTCTGAAGATACCATCA,0,3612688
tmaR_predicted,0.5,1,1,CCTCTCTCGATTAGGGATAA,0,3624991
tmaR_predicted,0.5,1,1,CCTCGTGGCAGGTGAGCACA,0,3623311
tmaR_predicted,0.5,1,1,CCTCGGCAATTCTCTATTGG,0,3647581
tmaR_predicted,0.5,1,1,CCTCGCCAGGTGGACGTGGA,0,3609464
tmaR_predicted,0.5,1,1,CCTCGATGCGTTTGTCTCGG,0,3617550
tmaR_predicted,0.5,1,1,CCTCACCAGCCGGTACCAGG,0,3613127
tmaR_predicted,0.5,1,1,CCTCACCAAGGGTTCTTCCA,0,3648069
tmaR_predicted,0.5,1,1,CCTCAAGACGATCAGCAAAG,0,3648079
tmaR_predicted,0.5,1,1,CCTATTCAGACCGTGGAAAC,0,3622396
tmaR_predicted,0.5,1,1,CCTATGGCAGCGCCCTAGGT,0,3639467
tmaR_predicted,0.5,1,1,CCTATAAGGAATTACACCCA,0,3618830
tmaR_predicted,0.5,1,1,CCTAGGGGGGCCTCGAGGTC,0,3647083
tmaR_predicted,0.5,1,1,CCTAATGTGCGGCTGCTGAA,0,3630012
tmaR_predicted,0.5,1,1,CCTAAGCGCCCATGATCGGT,0,3618470
tmaR_predicted,0.5,1,1,CCGTTTCTGGACTCCAGGTC,0,3624282
tmaR_predicted,0.5,1,1,CCGTTCTAGTTTAAAATAGT,0,3640354
tmaR_predicted,0.5,1,1,CCGTTCCCTCTCAGACCAAC,0,3628471
tmaR_predicted,0.5,1,1,CCGTCGGACGTGTGTAGGTT,0,3641277
tmaR_predicted,0.5,1,1,CCGTCCATTTTTCGCTGTAT,0,3647527
tmaR_predicted,0.5,1,1,CCGTAGGTTGTTGATGCAAA,0,3631174
tmaR_predicted,0.5,1,1,CCGTAGGTATACACTCGTTA,0,3608264
tmaR_predicted,0.5,1,1,CCGTAGGAAAAGTTATTCGG,0,3627599
tmaR_predicted,0.5,1,1,CCGTAAGCCGTGTCTAAAGT,0,3613217
tmaR_predicted,0.5,1,1,CCGGTTATATTGTTACTCGG,0,3640543
tmaR_predicted,0.5,1,1,CCGGTGGCTTCTTTGCAATA,0,3624337
tmaR_predicted,0.5,1,1,CCGGTATTAGTATGTTGCAA,0,3628315
tmaR_predicted,0.5,1,1,CCGGTACCAGGCCGGTAGCA,0,3645101
tmaR_predicted,0.5,1,1,CCGGTAATATCTCATTTGCA,0,3612524
tmaR_predicted,0.5,1,1,CCGGGTCACTCAGAGTAAAT,0,3620253
tmaR_predicted,0.5,1,1,CCGGGGTACCAGACAGTACT,0,3615786
tmaR_predicted,0.5,1,1,CCGGGGCTGAGAAATTAGTC,0,3633189
tmaR_predicted,0.5,1,1,CCGGGCGTTAGTGACGCATG,0,3630707
tmaR_predicted,0.5,1,1,CCGGCCCTTGCTAGCCTCGT,0,3636649
tmaR_predicted,0.5,1,1,CCGGCCCCACGTTATGCGAA,0,3631357
tmaR_predicted,0.5,1,1,CCGGCCAGCGCAGTAATTCG,0,3625809
tmaR_predicted,0.5,1,1,CCGGACGCCAATAACAACAT,0,3621855
tmaR_predicted,0.5,1,1,CCGGACCCGTCGAAATGTTT,0,3631302
tmaR_predicted,0.5,1,1,CCGGACCAGTAATTCTCACT,0,3622958
tmaR_predicted,0.5,1,1,CCGCTACCTAGGCACGGTGC,0,3645517
tmaR_predicted,0.5,1,1,CCGCGTCCACGCCCGGTCTT,0,3627433
tmaR_predicted,0.5,1,1,CCGCGGCCATAGTAGAGCAA,0,3610074
tmaR_predicted,0.5,1,1,CCGCGAACTCCCAGGCAATT,0,3638030
tmaR_predicted,0.5,1,1,CCGCAGGTAATATGGAGGTC,0,3607308
tmaR_predicted,0.5,1,1,CCGAGTCCCTTTTGGGCGAT,0,3608749
tmaR_predicted,0.5,1,1,CCGAGCAACTGTCCGACCTC,0,3612338
tmaR_predicted,0.5,1,1,CCGAGATGTACATTTCTATA,0,3632198
tmaR_predicted,0.5,1,1,CCGAGACCACTCAACCCGCT,0,3613753
tmaR_predicted,0.5,1,1,CCGAGAAGAAGCCGCATGAT,0,3605245
tmaR_predicted,0.5,1,1,CCGAATCAAGGGGCTTCGAG,0,3640381
tmaR_predicted,0.5,1,1,CCGAACTCCGCGGAACCAGT,0,3613267
tmaR_predicted,0.5,1,1,CCGAAAGTACAAAATCGTGG,0,3619460
tmaR_predicted,0.5,1,1,CCCTTTGTTTATACTGTTTT,0,3624527
tmaR_predicted,0.5,1,1,CCCTGCGTTCAACATAGGTT,0,3614375
tmaR_predicted,0.5,1,1,CCCTAGCGTGCATGTGACAC,0,3639933
tmaR_predicted,0.5,1,1,CCCGTTATGGACTGCTTAAT,0,3611339
tmaR_predicted,0.5,1,1,CCCGATTTGCGAGAATTATT,0,3617253
tmaR_predicted,0.5,1,1,CCCGACCTGCGTTATGATTA,0,3635056
tmaR_predicted,0.5,1,1,CCCCTTGTGCGCCAACATCC,0,3620124
tmaR_predicted,0.5,1,1,CCCCTGATATGAGAGTGCGA,0,3630383
tmaR_predicted,0.5,1,1,CCCCGAGAAGTCAAATAATG,0,3631706
tmaR_predicted,0.5,1,1,CCCCAGCCTTGAAACAAATA,0,3633367
tmaR_predicted,0.5,1,1,CCCCACGTATTACGCAGCGC,0,3643275
tmaR_predicted,0.5,1,1,CCCCACAATTTCAATGTCAA,0,3619746
tmaR_predicted,0.5,1,1,CCCCAAGCAAGATATACCCA,0,3624188
tmaR_predicted,0.5,1,1,CCCCAAATGTAGCATTACAA,0,3636785
tmaR_predicted,0.5,1,1,CCCATTATACAAAGTTCGTG,0,3637122
tmaR_predicted,0.5,1,1,CCCATGGCGAAAAGGTAGCG,0,3641197
tmaR_predicted,0.5,1,1,CCCATGCAGGAGCAGTGCGT,0,3636264
tmaR_predicted,0.5,1,1,CCCACGCCATGTCCGTGTCT,0,3645915
tmaR_predicted,0.5,1,1,CCCAAGAAGATGGCTGCAAA,0,3638767
tmaR_predicted,0.5,1,1,CCATGCCTTCACTCTGATGT,0,3635493
tmaR_predicted,0.5,1,1,CCATCATTGTAACCATGGTA,0,3613006
tmaR_predicted,0.5,1,1,CCATATACTCTCAATCGACG,0,3628773
tmaR_predicted,0.5,1,1,CCATAGGATGGCAATACTGT,0,3628107
tmaR_predicted,0.5,1,1,CCAGTAGCCTTACAACACCA,0,3626973
tmaR_predicted,0.5,1,1,CCAGGGGTCTTATTATTATA,0,3643318
tmaR_predicted,0.5,1,1,CCAGGAGTCTCTTTGTCGTT,0,3647828
tmaR_predicted,0.5,1,1,CCAGGAAGGATTCTTTGAGC,0,3623610
tmaR_predicted,0.5,1,1,CCAGCTAGGAACGTGCATGT,0,3632684
tmaR_predicted,0.5,1,1,CCAGAGCGAACCCTAGTTAT,0,3627234
tmaR_predicted,0.5,1,1,CCAGACTGAGCTAGCAGCCG,0,3616185
tmaR_predicted,0.5,1,1,CCAGACGGGCAAACTCTCGA,0,3613715
tmaR_predicted,0.5,1,1,CCACTTTTATGATATAAGTA,0,3615839
tmaR_predicted,0.5,1,1,CCACCCACTGGTTGGTGGGG,0,3646305
tmaR_predicted,0.5,1,1,CCACAGTCATGGCCCTGCTG,0,3642916
tmaR_predicted,0.5,1,1,CCACAAACGTGCCAGATAGC,0,3610409
tmaR_predicted,0.5,1,1,CCAAGGCGCTCCTATTTATT,0,3633086
tmaR_predicted,0.5,1,1,CCAAATATGAAAGAAAGATT,0,3630108
tmaR_predicted,0.5,1,1,CCAAAGCCTCGAGATCCATT,0,3643597
tmaR_predicted,0.5,1,1,CCAAACCTCAAACAATTATC,0,3630812
tmaR_predicted,0.5,1,1,CCAAACCGCCTAGTAATTCC,0,3640183
tmaR_predicted,0.5,1,1,CATTGGGTCCTGGGCGCGGC,0,3633495
tmaR_predicted,0.5,1,1,CATTGGCGGATCTAGGGTCT,0,3624656
tmaR_predicted,0.5,1,1,CATTGCTTCCGGTTGCGAAG,0,3625936
tmaR_predicted,0.5,1,1,CATTGATCGTCGGGAAGGTA,0,3634476
tmaR_predicted,0.5,1,1,CATTCTGTTGCTCAAGGCGT,0,3623226
tmaR_predicted,0.5,1,1,CATTCGTTGTCCTAATTAGG,0,3649435
tmaR_predicted,0.5,1,1,CATTCAGAATTTATCATGAA,0,3606452
tmaR_predicted,0.5,1,1,CATTACTAAGTGTTGGTTGT,0,3630708
tmaR_predicted,0.5,1,1,CATTAATCTATTCAGTGTGT,0,3604200
tmaR_predicted,0.5,1,1,CATGTTTTGACTTCCGAGTT,0,3634450
tmaR_predicted,0.5,1,1,CATGTCCATGAGGATACTCA,0,3641977
tmaR_predicted,0.5,1,1,CATGTCAGTCAGTTGACTTA,0,3610070
tmaR_predicted,0.5,1,1,CATGGTGAGACTGTGGACCT,0,3647142
tmaR_predicted,0.5,1,1,CATGGATACTTAAAGGTAAC,0,3640125
tmaR_predicted,0.5,1,1,CATGCCGAGCGGGGTTGAAG,0,3604937
tmaR_predicted,0.5,1,1,CATGATTGCAGTTGGCTACA,0,3604286
tmaR_predicted,0.5,1,1,CATGAAAGGCTTTAGCAGAT,0,3609997
tmaR_predicted,0.5,1,1,CATGAAAAGTGCAGAACGGT,0,3641273
tmaR_predicted,0.5,1,1,CATCGGTATGAAGGCTTCAC,0,3637359
tmaR_predicted,0.5,1,1,CATCGGATCTAGTCCTATTA,0,3634828
tmaR_predicted,0.5,1,1,CATCGCGTTATACTCAGGTC,0,3627777
tmaR_predicted,0.5,1,1,CATCGCCGCAGATAATCCGA,0,3636157
tmaR_predicted,0.5,1,1,CATCATGGCTGAACGCCTAG,0,3605655
tmaR_predicted,0.5,1,1,CATATTTTAGGCATCTCAGT,0,3646309
tmaR_predicted,0.5,1,1,CATATTCGGACCTGCTTCCG,0,3630706
tmaR_predicted,0.5,1,1,CATATTACTCAACGACGTAT,0,3635153
tmaR_predicted,0.5,1,1,CATATGTACCGGTGAACTGC,0,3645325
tmaR_predicted,0.5,1,1,CATATGCCCAGGATAGGGCA,0,3633481
tmaR_predicted,0.5,1,1,CATATGCATAGGGACGTACA,0,3614975
tmaR_predicted,0.5,1,1,CATATGCAAGCACATGACCT,0,3634959
tmaR_predicted,0.5,1,1,CATATGAAGGAACCCTGTGC,0,3628681
tmaR_predicted,0.5,1,1,CATAGGCGTCCCCTACGGGT,0,3645078
tmaR_predicted,0.5,1,1,CATAGGCAGGTGGTTGCTGC,0,3626439
tmaR_predicted,0.5,1,1,CATACTTCTTGGGTCACCGG,0,3631197
tmaR_predicted,0.5,1,1,CATACGTTTCGGAGGTCAGG,0,3644718
tmaR_predicted,0.5,1,1,CATACCTTAGTGTCCTGTCT,0,3632913
tmaR_predicted,0.5,1,1,CAGTTGTTGGCACGGACTTA,0,3649211
tmaR_predicted,0.5,1,1,CAGTGTCGGCCAATGCCTTT,0,3647964
tmaR_predicted,0.5,1,1,CAGTGGAGTGAGGCCGATGA,0,3613047
tmaR_predicted,0.5,1,1,CAGTGGAGGATCGCTTGTAT,0,3636542
tmaR_predicted,0.5,1,1,CAGTGCTCGGACAGCGTATT,0,3622432
tmaR_predicted,0.5,1,1,CAGTGACGGAGCAGTTTGCA,0,3611446
tmaR_predicted,0.5,1,1,CAGTCGCACTTAGAGAGCGT,0,3608432
tmaR_predicted,0.5,1,1,CAGTCAGTTCTGTACCGGTC,0,3647028
tmaR_predicted,0.5,1,1,CAGTCAGCCAAGGGAATGTC,0,3609602
tmaR_predicted,0.5,1,1,CAGTATTCGCCTACGCAGTA,0,3649001
tmaR_predicted,0.5,1,1,CAGTACCTTTCCAAATAAAG,0,3643656
tmaR_predicted,0.5,1,1,CAGGTTCTGAGACCTTCAAG,0,3616567
tmaR_predicted,0.5,1,1,CAGGTGCTGGCAGTGGAACT,0,3619008
tmaR_predicted,0.5,1,1,CAGGGGTACACGGCCCGCTG,0,3626314
tmaR_predicted,0.5,1,1,CAGGGGGTCGCCCCCAAAAT,0,3613999
tmaR_predicted,0.5,1,1,CAGGCTTCTTGCTTATACCT,0,3609385
tmaR_predicted,0.5,1,1,CAGGCGGAAGGGATAGCTTA,0,3646528
tmaR_predicted,0.5,1,1,CAGGCCTTCAGATCCTTAGG,0,3622123
tmaR_predicted,0.5,1,1,CAGGATGGCCCAATTTTAGG,0,3625158
tmaR_predicted,0.5,1,1,CAGGATAGGCACAAGAATTT,0,3648523
tmaR_predicted,0.5,1,1,CAGCTTCATGACCAAGCTGG,0,3611401
tmaR_predicted,0.5,1,1,CAGCTCAGCGCTTCAGTAAT,0,3626858
tmaR_predicted,0.5,1,1,CAGCGCGTCCACTATTGTTA,0,3648012
tmaR_predicted,0.5,1,1,CAGCCATTATTCTCTCCCCT,0,3623173
tmaR_predicted,0.5,1,1,CAGCCAGTTCTTTATACTCG,0,3641967
tmaR_predicted,0.5,1,1,CAGCATATCATTGGAACCTT,0,3607771
tmaR_predicted,0.5,1,1,CAGCAAACAACGGTCGACGG,0,3639604
tmaR_predicted,0.5,1,1,CAGATCAGAACTCTGATATG,0,3614693
tmaR_predicted,0.5,1,1,CAGAGGCGGGTCGGAACGGA,0,3607906
tmaR_predicted,0.5,1,1,CAGAGCTCCGCGCCAATAGT,0,3632766
tmaR_predicted,0.5,1,1,CAGACTTGGGCCGACGAATG,0,3635741
tmaR_predicted,0.5,1,1,CAGACTGGTAGCCTTGTACT,0,3648644
tmaR_predicted,0.5,1,1,CAGACTATACGGGGCCAGAA,0,3643139
tmaR_predicted,0.5,1,1,CAGACGATAGCGCTCATCTG,0,3630132
tmaR_predicted,0.5,1,1,CAGAAACTCTCCCGCCGCAG,0,3643284
tmaR_predicted,0.5,1,1,CACTTTTCCGCCTGTTCGAC,0,3623050
tmaR_predicted,0.5,1,1,CACTTGCCGAGGCGCCGCCG,0,3620192
tmaR_predicted,0.5,1,1,CACTTCCTGAAGATTAAATT,0,3632232
tmaR_predicted,0.5,1,1,CACTGTGTTAATATAGGGCA,0,3637772
tmaR_predicted,0.5,1,1,CACTGGCGTCCATCAGAGTT,0,3628782
tmaR_predicted,0.5,1,1,CACTCTCCACAGACCTCAAA,0,3624303
tmaR_predicted,0.5,1,1,CACTCGCGGGGGCGAAGAGT,0,3642803
tmaR_predicted,0.5,1,1,CACTCAAACGTCCTCGTCTA,0,3641791
tmaR_predicted,0.5,1,1,CACGTGATGTACCAACACAT,0,3620817
tmaR_predicted,0.5,1,1,CACGTCCGGGATTCGGACGC,0,3609208
tmaR_predicted,0.5,1,1,CACGGCGCTCAACACGCCCC,0,3617665
tmaR_predicted,0.5,1,1,CACGGCATATGAGCACGACA,0,3642179
tmaR_predicted,0.5,1,1,CACGCGATGGTGTCTAGAAA,0,3627250
tmaR_predicted,0.5,1,1,CACGCAGAGCAAGCAATGAG,0,3606517
tmaR_predicted,0.5,1,1,CACGACAGTTCAAGGTATCG,0,3629471
tmaR_predicted,0.5,1,1,CACCGTTCGAATCCATCGCC,0,3649049
tmaR_predicted,0.5,1,1,CACCGGTTGACTCCGGGAAG,0,3637730
tmaR_predicted,0.5,1,1,CACCGCGTGATCGCTCGCCC,0,3620523
tmaR_predicted,0.5,1,1,CACCGACCTCTGTGCGAGAC,0,3622273
tmaR_predicted,0.5,1,1,CACCCTCGATAGGGACGGTA,0,3622611
tmaR_predicted,0.5,1,1,CACCATGGAGGTCGATTGGT,0,3620085
tmaR_predicted,0.5,1,1,CACCAGCAGTCTTCTGGCTT,0,3637821
tmaR_predicted,0.5,1,1,CACATTTGCTCGCACTTCTT,0,3617133
tmaR_predicted,0.5,1,1,CACATATCGATTCTTTTAAA,0,3607960
tmaR_predicted,0.5,1,1,CACATACGTAGGAAACGCTG,0,3634696
tmaR_predicted,0.5,1,1,CACACTTATGAGCACCTGTG,0,3644216
tmaR_predicted,0.5,1,1,CACACCAGGCTTAGAATAAT,0,3638219
tmaR_predicted,0.5,1,1,CACACAGGAGATTATCGGTC,0,3624093
tmaR_predicted,0.5,1,1,CACAATAAAATCCTCAGTGG,0,3635736
tmaR_predicted,0.5,1,1,CAATTCAGCGAACCTGAGCA,0,3642846
tmaR_predicted,0.5,1,1,CAATGTTTAGACTGAGTTGT,0,3625504
tmaR_predicted,0.5,1,1,CAATGGAATACCGCGCGCAT,0,3610170
tmaR_predicted,0.5,1,1,CAATCTTAGCTGAGCCCTCT,0,3612416
tmaR_predicted,0.5,1,1,CAATAAGATATAAAATGAGT,0,3620931
tmaR_predicted,0.5,1,1,CAATAACAATTGACGTTACC,0,3626371
tmaR_predicted,0.5,1,1,CAAGTCTAATCACTTGCGAC,0,3609541
tmaR_predicted,0.5,1,1,CAAGTCATTTGACGAGTGCA,0,3615354
tmaR_predicted,0.5,1,1,CAAGGACGATCCACGGAAGT,0,3608233
tmaR_predicted,0.5,1,1,CAAGCGGGCAGTACTACCAC,0,3626054
tmaR_predicted,0.5,1,1,CAAGCGCCTACAAGGTTAGG,0,3637421
tmaR_predicted,0.5,1,1,CAAGCCTGAGGATCGGGCAA,0,3614968
tmaR_predicted,0.5,1,1,CAAGACTGTTTAGTACTCAA,0,3615525
tmaR_predicted,0.5,1,1,CAACTCTCTATTTCTACCAA,0,3616627
tmaR_predicted,0.5,1,1,CAACGCTCTGAATACCTCTT,0,3607700
tmaR_predicted,0.5,1,1,CAAATGACCTCTTTTTAGCA,0,3636335
tmaR_predicted,0.5,1,1,CAAATCGGGACTTCTAAAAT,0,3613390
tmaR_predicted,0.5,1,1,CAAAGTCAGGTCGAGCCCCG,0,3604126
tmaR_predicted,0.5,1,1,CAAAAACGTAATCTTCGTTT,0,3640515
tmaR_predicted,0.5,1,1,ATTTTTTGTAGCGTCCCATT,0,3646992
tmaR_predicted,0.5,1,1,ATTTTTGTTGTATGCTCGTC,0,3642076
tmaR_predicted,0.5,1,1,ATTTTATTGTCCGCATAACC,0,3638083
tmaR_predicted,0.5,1,1,ATTTGTACGGCTTAGAAGGT,0,3646699
tmaR_predicted,0.5,1,1,ATTTGCCGCGCCGGGAGGAT,0,3628777
tmaR_predicted,0.5,1,1,ATTTGATGTACTCGACTCGT,0,3629767
tmaR_predicted,0.5,1,1,ATTTGATGCGTGTTGGCCCC,0,3631274
tmaR_predicted,0.5,1,1,ATTTCTCAAGTGCGGAGCCT,0,3642337
tmaR_predicted,0.5,1,1,ATTTCTACGTCAATTTCCCC,0,3617387
tmaR_predicted,0.5,1,1,ATTTACACCACCGTATATTA,0,3635018
tmaR_predicted,0.5,1,1,ATTGTACAACCACGACTGGA,0,3604170
tmaR_predicted,0.5,1,1,ATTGGCCTGATAGTGTTCCA,0,3644983
tmaR_predicted,0.5,1,1,ATTGCTAATGGGTATCGTAG,0,3618614
tmaR_predicted,0.5,1,1,ATTGATGCGTGTCAGTTCGT,0,3618529
tmaR_predicted,0.5,1,1,ATTGATCCGACGTCAGTGCC,0,3642836
tmaR_predicted,0.5,1,1,ATTCTGTAGTTGGTCACACA,0,3631107
tmaR_predicted,0.5,1,1,ATTCTGCGCCACTGTGGTGT,0,3644612
tmaR_predicted,0.5,1,1,ATTCTATGACCTCGCACATG,0,3626178
tmaR_predicted,0.5,1,1,ATTCGTACCGCGAACACGTC,0,3639749
tmaR_predicted,0.5,1,1,ATTCGCTGTAAGTGCGAGTG,0,3625357
tmaR_predicted,0.5,1,1,ATTCCGTACGGAGGACTCTA,0,3606389
tmaR_predicted,0.5,1,1,ATTCACCTGGGGAGTTCTCA,0,3649107
tmaR_predicted,0.5,1,1,ATTATCTATATGTACAAAGC,0,3612764
tmaR_predicted,0.5,1,1,ATTAGCTTTCGATTGGCTAG,0,3605711
tmaR_predicted,0.5,1,1,ATTAGCGTACTCGGATGGAA,0,3625894
tmaR_predicted,0.5,1,1,ATTAGCCGCTTGAGCGTTTG,0,3641526
tmaR_predicted,0.5,1,1,ATTAGAAATTTTCTGCGTCC,0,3647422
tmaR_predicted,0.5,1,1,ATTAAGTCACTTCAAAGCAG,0,3611497
tmaR_predicted,0.5,1,1,ATTAAACCGAGGATGTTCAT,0,3648536
tmaR_predicted,0.5,1,1,ATGTTGGTCGCCGCCTCATC,0,3641485
tmaR_predicted,0.5,1,1,ATGTGTTACCTTCACCATAT,0,3646431
tmaR_predicted,0.5,1,1,ATGTGACAGGGTGCTAGTTT,0,3649480
tmaR_predicted,0.5,1,1,ATGTAGGGCAGCAAGTTAAG,0,3646461
tmaR_predicted,0.5,1,1,ATGTACTTTATAAGGAAGCG,0,3627266
tmaR_predicted,0.5,1,1,ATGTACACAAGGCGTGAGGG,0,3645858
tmaR_predicted,0.5,1,1,ATGGCATATTCCCTTTGTAC,0,3641582
tmaR_predicted,0.5,1,1,ATGGACGTGCGTTCATTGCA,0,3611028
tmaR_predicted,0.5,1,1,ATGGAACCGACTTTGTATTT,0,3618798
tmaR_predicted,0.5,1,1,ATGCTTTCTTTACCTTCTCA,0,3612143
tmaR_predicted,0.5,1,1,ATGCTTCGTACGACAAATTT,0,3620160
tmaR_predicted,0.5,1,1,ATGCTGCTCGACTCGTCTGT,0,3649251
tmaR_predicted,0.5,1,1,ATGCCGTCTCATCAATACGA,0,3632879
tmaR_predicted,0.5,1,1,ATGCCGAGCCGCCCTTCAGG,0,3642864
tmaR_predicted,0.5,1,1,ATGCCCGGGAATGTCACCGA,0,3642686
tmaR_predicted,0.5,1,1,ATGCCATTGAAGATATCTTG,0,3640762
tmaR_predicted,0.5,1,1,ATGATACCTTCCTTCATTCT,0,3643235
tmaR_predicted,0.5,1,1,ATGAGTACTTCGGCGGCTGA,0,3634726
tmaR_predicted,0.5,1,1,ATGAGGGTACAAGGAATGTA,0,3609639
tmaR_predicted,0.5,1,1,ATGACTACGGGGAAAGGGAT,0,3613773
tmaR_predicted,0.5,1,1,ATGACATGTGGTGTCTGGTT,0,3632638
tmaR_predicted,0.5,1,1,ATCTTTCAGGTATTGGGTTG,0,3627309
tmaR_predicted,0.5,1,1,ATCTGCGGAAATCCCGCGTA,0,3645265
tmaR_predicted,0.5,1,1,ATCTGAGGTGCGACCCTTAA,0,3617390
tmaR_predicted,0.5,1,1,ATCTCTATGACAGCTCCAAG,0,3647484
tmaR_predicted,0.5,1,1,ATCTCCTTGTCTTTAAAAAC,0,3616598
tmaR_predicted,0.5,1,1,ATCTATCTGTCAAGGAATAC,0,3632281
tmaR_predicted,0.5,1,1,ATCGTAATTAAGCCTTAAAG,0,3621724
tmaR_predicted,0.5,1,1,ATCGGCACCTCGGATATTAG,0,3646624
tmaR_predicted,0.5,1,1,ATCGGAGTGCCTTTTACAAA,0,3616907
tmaR_predicted,0.5,1,1,ATCGCACGGGCAATACATCT,0,3611939
tmaR_predicted,0.5,1,1,ATCGCAACGCGCACTGTAGT,0,3605553
tmaR_predicted,0.5,1,1,ATCGAGACCTCACATGGCAT,0,3637815
tmaR_predicted,0.5,1,1,ATCGAATAGGACGGTACCCG,0,3616197
tmaR_predicted,0.5,1,1,ATCCGGCCTTCATTGAAGTG,0,3643693
tmaR_predicted,0.5,1,1,ATCCGAGCTTGGGCCAGAGC,0,3628022
tmaR_predicted,0.5,1,1,ATCCCAAGTACGCGAGACTA,0,3619727
tmaR_predicted,0.5,1,1,ATCCAGTCTTCTGCCGTGGT,0,3643884
tmaR_predicted,0.5,1,1,ATCCAAACTACTAATTGAAA,0,3629192
tmaR_predicted,0.5,1,1,ATCAGCTCCAGGTTACGCTC,0,3620266
tmaR_predicted,0.5,1,1,ATCAGCGCCGGACGGTAAGA,0,3647632
tmaR_predicted,0.5,1,1,ATCACCGCTTTCCACAGCGG,0,3604092
tmaR_predicted,0.5,1,1,ATCAAGGACTAACCGCCATC,0,3614066
tmaR_predicted,0.5,1,1,ATCAACCGGTCGATAGGTGA,0,3649381
tmaR_predicted,0.5,1,1,ATATTTTACCGGGAGTCGCT,0,3649253
tmaR_predicted,0.5,1,1,ATATGGCCATCCGGCATAAT,0,3613393
tmaR_predicted,0.5,1,1,ATATCCCACTTTTGAGCGGC,0,3630095
tmaR_predicted,0.5,1,1,ATATAGCATGTTAATTATAT,0,3623668
tmaR_predicted,0.5,1,1,ATATACCCTCTAGAGGGGTC,0,3633467
tmaR_predicted,0.5,1,1,ATAGTCCCTGCGTATGTTTA,0,3638871
tmaR_predicted,0.5,1,1,ATAGTAGGACCGGTTGTTAG,0,3636926
tmaR_predicted,0.5,1,1,ATAGCTCCAATGGTGTGTCT,0,3605587
tmaR_predicted,0.5,1,1,ATAGCGAGCTTCTCAATCGA,0,3636250
tmaR_predicted,0.5,1,1,ATAGCCCGTCTGCGAGGCTC,0,3633092
tmaR_predicted,0.5,1,1,ATAGAGCGGTTCGAACCTGC,0,3618293
tmaR_predicted,0.5,1,1,ATAGAGACGCGGCCATGATG,0,3637112
tmaR_predicted,0.5,1,1,ATACTCCCTCCGGATATCCG,0,3625817
tmaR_predicted,0.5,1,1,ATACTAGGGTCCACTATGTA,0,3640246
tmaR_predicted,0.5,1,1,ATACTACGAGCAATGAACCC,0,3623079
tmaR_predicted,0.5,1,1,ATACGTCGGGAGGGCTCAAG,0,3607128
tmaR_predicted,0.5,1,1,ATACGCTTTCACGATCTCCG,0,3631033
tmaR_predicted,0.5,1,1,ATACCTCGGCCAATCTATGG,0,3642350
tmaR_predicted,0.5,1,1,ATACAGCACCAGACCATTCT,0,3635204
tmaR_predicted,0.5,1,1,ATAATGATCAGCAACACAAA,0,3628700
tmaR_predicted,0.5,1,1,ATAATGAGTTATAACTGTTG,0,3634374
tmaR_predicted,0.5,1,1,ATAAGTTGGTTAGACGACAT,0,3626462
tmaR_predicted,0.5,1,1,ATAAGGAGCTGTCTTAATCT,0,3641668
tmaR_predicted,0.5,1,1,ATAAGGAAACACTTAGAGCA,0,3632340
tmaR_predicted,0.5,1,1,ATAACTCGTCTCGGCTTTAC,0,3649876
tmaR_predicted,0.5,1,1,ATAACGCGGTCATTGATTTC,0,3631749
tmaR_predicted,0.5,1,1,ATAACCAGTGGATAGTTTTG,0,3612845
tmaR_predicted,0.5,1,1,ATAAAGGGAAAGGCCGTTTT,0,3620633
tmaR_predicted,0.5,1,1,ATAAACTGTGGCCGTTCTGG,0,3636944
tmaR_predicted,0.5,1,1,ATAAACGTTGGGGGTTATGA,0,3641746
tmaR_predicted,0.5,1,1,AGTTGGTTGTGGACTATGTG,0,3619146
tmaR_predicted,0.5,1,1,AGTTCGTGGGGGTAGGTTGC,0,3635602
tmaR_predicted,0.5,1,1,AGTTAAAGGTGGCGATGGGT,0,3640951
tmaR_predicted,0.5,1,1,AGTTAAAATCCGGGGGATCC,0,3637655
tmaR_predicted,0.5,1,1,AGTGTTTATCCCCAACTAAG,0,3622620
tmaR_predicted,0.5,1,1,AGTGTTCTAGAACGCAAGTT,0,3630444
tmaR_predicted,0.5,1,1,AGTGTTCAAGGTACTCATAA,0,3638184
tmaR_predicted,0.5,1,1,AGTGTCCGTCATTAATGGTT,0,3638087
tmaR_predicted,0.5,1,1,AGTGGGGTCTAACAATCCAA,0,3604344
tmaR_predicted,0.5,1,1,AGTGGGGGCCTCTTTAATAA,0,3603954
tmaR_predicted,0.5,1,1,AGTGGCATGCCCTTCCTGAT,0,3617234
tmaR_predicted,0.5,1,1,AGTGCTATGCGGGGTTTTAA,0,3626503
tmaR_predicted,0.5,1,1,AGTGAACGTTTTTTGTGAAT,0,3605287
tmaR_predicted,0.5,1,1,AGTCTTCTCTCCTTCACCAC,0,3618761
tmaR_predicted,0.5,1,1,AGTCTTCAATACGATCCATA,0,3618505
tmaR_predicted,0.5,1,1,AGTCTGCGGACTAATTTCTA,0,3647378
tmaR_predicted,0.5,1,1,AGTCTAGTCATTGTCATGAT,0,3639700
tmaR_predicted,0.5,1,1,AGTCGTTATGCTATGGTTTG,0,3614793
tmaR_predicted,0.5,1,1,AGTCCAAAAGATTTAGGCGT,0,3619958
tmaR_predicted,0.5,1,1,AGTCAGCGGGGATGTGGGAA,0,3646474
tmaR_predicted,0.5,1,1,AGTCACTCGGAGGCAAGCCT,0,3607351
tmaR_predicted,0.5,1,1,AGTCACATATGGCTCAGAAA,0,3626336
tmaR_predicted,0.5,1,1,AGTCAATGTTACTGTTGCGA,0,3608201
tmaR_predicted,0.5,1,1,AGTATATACGTATGCGTGAC,0,3646957
tmaR_predicted,0.5,1,1,AGTATAGTGGGTTCTTAGTA,0,3606351
tmaR_predicted,0.5,1,1,AGTATAGGTTGACCTTCCAA,0,3611149
tmaR_predicted,0.5,1,1,AGTAGCAACCCGCGCTCAGG,0,3622234
tmaR_predicted,0.5,1,1,AGTACGTTTCAGTTACCGCG,0,3624206
tmaR_predicted,0.5,1,1,AGTAATAGCGCGGTACGTCA,0,3649408
tmaR_predicted,0.5,1,1,AGTAACCTATGGGCACAACA,0,3640070
tmaR_predicted,0.5,1,1,AGGTGTCGGCGCGGCCGGAC,0,3623935
tmaR_predicted,0.5,1,1,AGGTGGCTGTCGAATGCTTC,0,3648784
tmaR_predicted,0.5,1,1,AGGTGCTATCAGTCAACCAT,0,3639606
tmaR_predicted,0.5,1,1,AGGTGCGACCACCTTGCTGG,0,3638950
tmaR_predicted,0.5,1,1,AGGTGCCGCAGCAAATGAAC,0,3608038
tmaR_predicted,0.5,1,1,AGGTGATCGTTTTCTCGTAC,0,3625540
tmaR_predicted,0.5,1,1,AGGTCGGAATGGAGATGCTC,0,3636732
tmaR_predicted,0.5,1,1,AGGTATTAACTTCATGCTAT,0,3631685
tmaR_predicted,0.5,1,1,AGGTAGAGTGGTGACCAATA,0,3650053
tmaR_predicted,0.5,1,1,AGGTAATCTCTTTAGGGCTG,0,3632522
tmaR_predicted,0.5,1,1,AGGGTTTCGGTGGATGATAC,0,3623069
tmaR_predicted,0.5,1,1,AGGGTTGGTATAAGTAGATG,0,3606965
tmaR_predicted,0.5,1,1,AGGGTAATAAGCAGTTGATA,0,3626490
tmaR_predicted,0.5,1,1,AGGGGGCTGGGAGCGTAATG,0,3616319
tmaR_predicted,0.5,1,1,AGGGGGCGCCACCTGAGTGT,0,3639693
tmaR_predicted,0.5,1,1,AGGGGAAGCACACGGCTTGA,0,3606211
tmaR_predicted,0.5,1,1,AGGGCGAGGCAGACCGGGAT,0,3629990
tmaR_predicted,0.5,1,1,AGGGCACCGCTCTAGTCTAC,0,3648344
tmaR_predicted,0.5,1,1,AGGGAGGGAGCGTCGTGGCT,0,3604520
tmaR_predicted,0.5,1,1,AGGGAGACAAGTCTGTTGGT,0,3643482
tmaR_predicted,0.5,1,1,AGGGACGTGTGGTGGGTGTA,0,3642969
tmaR_predicted,0.5,1,1,AGGGACACTTGGGCGGCCCT,0,3636399
tmaR_predicted,0.5,1,1,AGGCTTGCCGGCGACCCGTG,0,3638764
tmaR_predicted,0.5,1,1,AGGCTACCCGCGGCTCACGG,0,3607667
tmaR_predicted,0.5,1,1,AGGCGTATCTCATTTGGTCG,0,3633376
tmaR_predicted,0.5,1,1,AGGCGGGTGATTGGTCACAT,0,3643700
tmaR_predicted,0.5,1,1,AGGCGGGATGATAAACGGAA,0,3623006
tmaR_predicted,0.5,1,1,AGGCGCATCACGTCTCATTT,0,3620526
tmaR_predicted,0.5,1,1,AGGCCTGGCAGCGGATTCCA,0,3617382
tmaR_predicted,0.5,1,1,AGGCCTGCATTAATCCAATT,0,3604107
tmaR_predicted,0.5,1,1,AGGCCCGTGGCAGCAGAGCC,0,3618428
tmaR_predicted,0.5,1,1,AGGCATTGTCGCGCCAGAGG,0,3645256
tmaR_predicted,0.5,1,1,AGGCAGCGGTCTTTGGATCA,0,3634622
tmaR_predicted,0.5,1,1,AGGCAACTAGGTCCACTCCA,0,3615828
tmaR_predicted,0.5,1,1,AGGATGGGTAGTAACATCTA,0,3642468
tmaR_predicted,0.5,1,1,AGGATGCTCCGAGTACCCAG,0,3640811
tmaR_predicted,0.5,1,1,AGGAGTGCAGCGGGCGTGCG,0,3610510
tmaR_predicted,0.5,1,1,AGGAGCGCAACTTCGCCGGA,0,3620115
tmaR_predicted,0.5,1,1,AGGAGAGCGGTGGCACCCTT,0,3623421
tmaR_predicted,0.5,1,1,AGGACTGTCCCTAGGTATCT,0,3611615
tmaR_predicted,0.5,1,1,AGGAAGAGGCCTCACCGCTC,0,3623918
tmaR_predicted,0.5,1,1,AGCTGCGTAAAGTCGCTCAC,0,3625681
tmaR_predicted,0.5,1,1,AGCTCCGCTGGCTCAGGCCA,0,3646778
tmaR_predicted,0.5,1,1,AGCTCAAGCTAGCCGAGCAG,0,3637025
tmaR_predicted,0.5,1,1,AGCTATCTCCCTTGTTTCAG,0,3639952
tmaR_predicted,0.5,1,1,AGCTAGGGGTCGTAAGAGGG,0,3613600
tmaR_predicted,0.5,1,1,AGCGGGCTCGTGTGTGTTAG,0,3628007
tmaR_predicted,0.5,1,1,AGCGCTGAATGATTGCACCA,0,3639350
tmaR_predicted,0.5,1,1,AGCGAACAATTGAAGTCTGG,0,3609603
tmaR_predicted,0.5,1,1,AGCCTAGCTCCAGACCTGTG,0,3616736
tmaR_predicted,0.5,1,1,AGCCGTTTCCGCAAGTTACA,0,3648521
tmaR_predicted,0.5,1,1,AGCCGGAAATGGACGATTAC,0,3644526
tmaR_predicted,0.5,1,1,AGCCGCCGGCCTACCTCCTG,0,3637586
tmaR_predicted,0.5,1,1,AGCCCGACGGTGAGATCAAA,0,3612813
tmaR_predicted,0.5,1,1,AGCCACAGGGGGTTTGGTTG,0,3630129
tmaR_predicted,0.5,1,1,AGCCAAGCCATGAACAGAGC,0,3619419
tmaR_predicted,0.5,1,1,AGCCAACATCACAGATATGG,0,3617483
tmaR_predicted,0.5,1,1,AGCATTATTAGGCGTTAACC,0,3629821
tmaR_predicted,0.5,1,1,AGCATGTCTAATTACTTAGA,0,3633000
tmaR_predicted,0.5,1,1,AGCATCTTCCCGTGGGAGAA,0,3645419
tmaR_predicted,0.5,1,1,AGCAGCTGAGAGGGGTTCGC,0,3636799
tmaR_predicted,0.5,1,1,AGCAATCGGAATATGAATAA,0,3612928
tmaR_predicted,0.5,1,1,AGCAAGGAAGGAAACGTGGA,0,3640182
tmaR_predicted,0.5,1,1,AGCAACCGTCCGCGAAAAGC,0,3635739
tmaR_predicted,0.5,1,1,AGCAACAAGATCTTGTCCCT,0,3647135
tmaR_predicted,0.5,1,1,AGCAAAGGTCGTACCGACCA,0,3644629
tmaR_predicted,0.5,1,1,AGCAAACCCGAATCCTTTTC,0,3611786
tmaR_predicted,0.5,1,1,AGATTGTCAGGCCTTCAAAC,0,3609025
tmaR_predicted,0.5,1,1,AGATGAACGGCCGGTATATT,0,3636280
tmaR_predicted,0.5,1,1,AGATAGGAACGTACTTGCCC,0,3608120
tmaR_predicted,0.5,1,1,AGAGTTGATATCGCGATTAA,0,3627697
tmaR_predicted,0.5,1,1,AGAGGGGGGCGGTTATTGAT,0,3632290
tmaR_predicted,0.5,1,1,AGAGGCTCGTTACCCGTAGT,0,3632613
tmaR_predicted,0.5,1,1,AGAGGCAGCCAGCCGTTTAC,0,3628074
tmaR_predicted,0.5,1,1,AGAGCATATTGTCGAGCTCA,0,3607995
tmaR_predicted,0.5,1,1,AGAGCAGTAGAAAATCCATG,0,3643832
tmaR_predicted,0.5,1,1,AGAGACGATGGCCTACAGAA,0,3633869
tmaR_predicted,0.5,1,1,AGACTATAGGGTTTTCGTAA,0,3644395
tmaR_predicted,0.5,1,1,AGACGTAGGCAAGGCCCCGT,0,3649085
tmaR_predicted,0.5,1,1,AGACCACTCGTAATCGCCTC,0,3635890
tmaR_predicted,0.5,1,1,AGACATTAATCCGATAGGAA,0,3623032
tmaR_predicted,0.5,1,1,AGACATGGTGTACTCAGACT,0,3637566
tmaR_predicted,0.5,1,1,AGACACCGAGCCCTAGCAGT,0,3606353
tmaR_predicted,0.5,1,1,AGAAGCCACGTGGGGATTTT,0,3627247
tmaR_predicted,0.5,1,1,AGAACAGCAAAATCCACTCA,0,3606544
tmaR_predicted,0.5,1,1,AGAAACGGTAGCCCCGCTCG,0,3650174
tmaR_predicted,0.5,1,1,ACTTTTGACGATTGGTAGTC,0,3623832
tmaR_predicted,0.5,1,1,ACTTTATACGTCCGTGCAGT,0,3649218
tmaR_predicted,0.5,1,1,ACTTGTTCGGGTGCTACTCG,0,3622150
tmaR_predicted,0.5,1,1,ACTTGAGCCCGTGGCACGCT,0,3615680
tmaR_predicted,0.5,1,1,ACTTGAAGAGGCCGACTCAA,0,3628729
tmaR_predicted,0.5,1,1,ACTTCAGTGTATCCGGTTTG,0,3614250
tmaR_predicted,0.5,1,1,ACTGCTGTGGAAAAATATGT,0,3608934
tmaR_predicted,0.5,1,1,ACTGCAATCTTGAAAAAGTG,0,3644337
tmaR_predicted,0.5,1,1,ACTGACGCTAAATGAACAGG,0,3637131
tmaR_predicted,0.5,1,1,ACTCGTTTGATTCGGTGTGC,0,3624135
tmaR_predicted,0.5,1,1,ACTCCGCGAATCCTCAGGAC,0,3633803
tmaR_predicted,0.5,1,1,ACTCCGAGAATTTTTGATTT,0,3632048
tmaR_predicted,0.5,1,1,ACTCCCAATGTAAGAGAATG,0,3606519
tmaR_predicted,0.5,1,1,ACTATCAGCTGCCTAGTATA,0,3638856
tmaR_predicted,0.5,1,1,ACTAGGTGTGGCATCCGGCA,0,3630006
tmaR_predicted,0.5,1,1,ACTACTACAAATTTGATTGC,0,3625385
tmaR_predicted,0.5,1,1,ACTAAGCAACGAACGACCCA,0,3622105
tmaR_predicted,0.5,1,1,ACTAAGACGAGGCTCAGTGA,0,3639561
tmaR_predicted,0.5,1,1,ACTAACTAGGCGCGTATCAG,0,3618943
tmaR_predicted,0.5,1,1,ACTAAAGGCCAGAATGTATT,0,3648908
tmaR_predicted,0.5,1,1,ACTAAAAGGGGCACGGATCC,0,3613738
tmaR_predicted,0.5,1,1,ACGTTTGACTGCTTACGTAT,0,3626475
tmaR_predicted,0.5,1,1,ACGTTTATGAGGGTAGCGTA,0,3643035
tmaR_predicted,0.5,1,1,ACGTTCCTTGTTACACCTTG,0,3609913
tmaR_predicted,0.5,1,1,ACGTGTAATGCTTATGGGCA,0,3620822
tmaR_predicted,0.5,1,1,ACGTGGCTGACGAGTTTGGT,0,3613493
tmaR_predicted,0.5,1,1,ACGTGAAACCTAAACATGGA,0,3632990
tmaR_predicted,0.5,1,1,ACGTCTACAGGTTCGAGTCA,0,3641858
tmaR_predicted,0.5,1,1,ACGTCGTCCCACCGCTATTT,0,3636126
tmaR_predicted,0.5,1,1,ACGTCGTAACAGGTGGTCCC,0,3605831
tmaR_predicted,0.5,1,1,ACGTCGATATAAAATGGAAT,0,3611792
tmaR_predicted,0.5,1,1,ACGTCCCACGAAATTTGGGT,0,3627647
tmaR_predicted,0.5,1,1,ACGTATATCAAACTCCCCGC,0,3617878
tmaR_predicted,0.5,1,1,ACGGTTTCAGATTGTTGACT,0,3620802
tmaR_predicted,0.5,1,1,ACGGTTGAGATCTGTCTCAG,0,3620963
tmaR_predicted,0.5,1,1,ACGGTTAAGAGTACATACGT,0,3647147
tmaR_predicted,0.5,1,1,ACGGTGTATCTCGACGTTCA,0,3636463
tmaR_predicted,0.5,1,1,ACGGTCAAGTTTCGCCGTTC,0,3642281
tmaR_predicted,0.5,1,1,ACGGGCAAAATGGCGGCGGA,0,3613951
tmaR_predicted,0.5,1,1,ACGGCTGCTACACATGGAGG,0,3615417
tmaR_predicted,0.5,1,1,ACGGCAAAATTATCGTAAGA,0,3614588
tmaR_predicted,0.5,1,1,ACGGCAAAATCCCAATGAAG,0,3631023
tmaR_predicted,0.5,1,1,ACGGACGCTCTATGTAAAGC,0,3626605
tmaR_predicted,0.5,1,1,ACGGAAGCGACCGCATATGG,0,3621326
tmaR_predicted,0.5,1,1,ACGGAACTGCTGTTACTAGC,0,3631708
tmaR_predicted,0.5,1,1,ACGCTCCGCTGATACAACAA,0,3610373
tmaR_predicted,0.5,1,1,ACGCGTCAATCAGAACTCGT,0,3638039
tmaR_predicted,0.5,1,1,ACGCGACCAGACGAGTATCC,0,3611305
tmaR_predicted,0.5,1,1,ACGCCGCTCCGACAACACTC,0,3638105
tmaR_predicted,0.5,1,1,ACGCCAACAAGTCGTAACGG,0,3625239
tmaR_predicted,0.5,1,1,ACGCCAAAAAACAGTAACTG,0,3624860
tmaR_predicted,0.5,1,1,ACGCATTTGCTCATAATGCC,0,3608650
tmaR_predicted,0.5,1,1,ACGCATTCCTACGCTGAGCT,0,3616181
tmaR_predicted,0.5,1,1,ACGATATTGGACGGACTGGC,0,3648861
tmaR_predicted,0.5,1,1,ACGAGGCAACCGAGGTAATG,0,3605054
tmaR_predicted,0.5,1,1,ACGAGATGAAGGTCGTTTTT,0,3621805
tmaR_predicted,0.5,1,1,ACGAGACGAATATGCGCATC,0,3620092
tmaR_predicted,0.5,1,1,ACGACAATAGAATAGGCGTA,0,3636965
tmaR_predicted,0.5,1,1,ACGAACCTATCGGCAATGTT,0,3605067
tmaR_predicted,0.5,1,1,ACCTGCGTCCCACTCGCAAA,0,3617403
tmaR_predicted,0.5,1,1,ACCTCAGTAAATGCACCGAC,0,3640385
tmaR_predicted,0.5,1,1,ACCGTCAGCGGTTTTAGGCC,0,3646189
tmaR_predicted,0.5,1,1,ACCGGTTTGTATGAGGGAAG,0,3649045
tmaR_predicted,0.5,1,1,ACCGGGCACTGTTTACGGCA,0,3649298
tmaR_predicted,0.5,1,1,ACCGGCGAGCCCGCCACCCT,0,3604761
tmaR_predicted,0.5,1,1,ACCGCCACACGCTTTACAGT,0,3636875
tmaR_predicted,0.5,1,1,ACCGAGGCGTAGAACCCCCA,0,3620953
tmaR_predicted,0.5,1,1,ACCCTCTAGGACCCGGCCAG,0,3648084
tmaR_predicted,0.5,1,1,ACCCTCCATGAACGTCACCT,0,3638841
tmaR_predicted,0.5,1,1,ACCCGTCCCGGAGGCGTGTA,0,3625299
tmaR_predicted,0.5,1,1,ACCCGGTGTTGCTATCCAAT,0,3641699
tmaR_predicted,0.5,1,1,ACCCGAGATATTGATTTCTT,0,3627754
tmaR_predicted,0.5,1,1,ACCCCGGGTTGTACAGATCG,0,3629221
tmaR_predicted,0.5,1,1,ACCCCACCTCAACTGGTCAA,0,3648742
tmaR_predicted,0.5,1,1,ACCCAGGTCAAGATGTGTCA,0,3606265
tmaR_predicted,0.5,1,1,ACCATCTGTAGCTGATAAAG,0,3625579
tmaR_predicted,0.5,1,1,ACCAGGTCCGAGGCTGTCTT,0,3623660
tmaR_predicted,0.5,1,1,ACCAACTGAACTAGGCAGTG,0,3618004
tmaR_predicted,0.5,1,1,ACCAAAAGCCGTATCCTGCA,0,3645962
tmaR_predicted,0.5,1,1,ACATTCTCAGTCGCGATACC,0,3644945
tmaR_predicted,0.5,1,1,ACATTCATTAGCATAGTTGG,0,3635519
tmaR_predicted,0.5,1,1,ACATGTCAATTGAAGTACAC,0,3610140
tmaR_predicted,0.5,1,1,ACATGTATGTCACTCCCGCT,0,3643330
tmaR_predicted,0.5,1,1,ACATGGCGAAATACCGATAT,0,3626954
tmaR_predicted,0.5,1,1,ACATGCACGTATGACATACT,0,3647291
tmaR_predicted,0.5,1,1,ACATCATTCGGGTTGAATGG,0,3626046
tmaR_predicted,0.5,1,1,ACATATTATGTACAGTGCAA,0,3625055
tmaR_predicted,0.5,1,1,ACATATGTGCTTCTGTCACC,0,3615358
tmaR_predicted,0.5,1,1,ACAGGTTTCCGCTGCGCATG,0,3625429
tmaR_predicted,0.5,1,1,ACAGGTCGCGACTCCGGAAG,0,3646819
tmaR_predicted,0.5,1,1,ACAGGCTTCAATCTGGTAAA,0,3624199
tmaR_predicted,0.5,1,1,ACAGCCCTAACCCAAATCCG,0,3630510
tmaR_predicted,0.5,1,1,ACAGCATCGAGAGAGCGTGC,0,3619274
tmaR_predicted,0.5,1,1,ACAGAGTGACGTGACCGGAG,0,3607662
tmaR_predicted,0.5,1,1,ACACGCCCCTTCTATAACGT,0,3650405
tmaR_predicted,0.5,1,1,ACACCGTCTCCTGGAGCGGG,0,3610608
tmaR_predicted,0.5,1,1,ACACCGATGCTGGCAGGCTT,0,3608446
tmaR_predicted,0.5,1,1,ACACAACGGTCATCCTCTCA,0,3608622
tmaR_predicted,0.5,1,1,ACAATTAATTTACAGAGGAT,0,3627124
tmaR_predicted,0.5,1,1,ACAATGTCATTTTGAACAAC,0,3629013
tmaR_predicted,0.5,1,1,ACAAGATAGAGTGGTCAGAT,0,3636468
tmaR_predicted,0.5,1,1,ACAACTTCAGAAATCGTCTT,0,3646477
tmaR_predicted,0.5,1,1,ACAACAGGGCTCCTCAAGCC,0,3647382
tmaR_predicted,0.5,1,1,ACAAACGGAGCATAATGTGC,0,3639101
tmaR_predicted,0.5,1,1,AATTTCGGTTGCCCCGGTGG,0,3633251
tmaR_predicted,0.5,1,1,AATTTCGATAAGTCTATTTC,0,3616274
tmaR_predicted,0.5,1,1,AATTTCCCCGATTTGGCATT,0,3643546
tmaR_predicted,0.5,1,1,AATTTATATGTTACAAACAT,0,3607366
tmaR_predicted,0.5,1,1,AATTGCGACGCCGCATGGTT,0,3622243
tmaR_predicted,0.5,1,1,AATTCGTCGCTGCTTTAAGA,0,3611772
tmaR_predicted,0.5,1,1,AATTCGCTGGAGTATCCAAT,0,3612246
tmaR_predicted,0.5,1,1,AATTCCCATAGTGTAGTCAC,0,3645440
tmaR_predicted,0.5,1,1,AATTATATGGGTTTATGTCA,0,3638983
tmaR_predicted,0.5,1,1,AATTAGGCGGACAGATCCGA,0,3647296
tmaR_predicted,0.5,1,1,AATTACAGTGGGGTAGAAGT,0,3620925
tmaR_predicted,0.5,1,1,AATGTATGAACCTAATCATT,0,3631184
tmaR_predicted,0.5,1,1,AATGGGGCTAAGTGTTTCAG,0,3634174
tmaR_predicted,0.5,1,1,AATGGGGCCGCCAATCAATA,0,3609723
tmaR_predicted,0.5,1,1,AATGCGGGGTTGCACAGTAT,0,3637229
tmaR_predicted,0.5,1,1,AATGCACTCACGAACTCTGA,0,3605301
tmaR_predicted,0.5,1,1,AATGACTGGGACTTTAAGGT,0,3646307
tmaR_predicted,0.5,1,1,AATGACGCTCCCTCTCGGCA,0,3621907
tmaR_predicted,0.5,1,1,AATGAACTTCGGATAGACTG,0,3606784
tmaR_predicted,0.5,1,1,AATCTGGTGGTTGAAAGAGG,0,3646065
tmaR_predicted,0.5,1,1,AATCCAGCGAGACGGCATTT,0,3613913
tmaR_predicted,0.5,1,1,AATCCACGTTGCGGACGTAC,0,3623182
tmaR_predicted,0.5,1,1,AATCATTCATTGACTCCTGT,0,3639803
tmaR_predicted,0.5,1,1,AATATGTAGCCGGTCATAGA,0,3647775
tmaR_predicted,0.5,1,1,AATATCTCGTGGGGTTAACG,0,3622298
tmaR_predicted,0.5,1,1,AATAGCCCAGCACCATCGAC,0,3645568
tmaR_predicted,0.5,1,1,AATACGTCCTTGAAACAGTC,0,3646876
tmaR_predicted,0.5,1,1,AATACCCCCGATTCTTCAGT,0,3616518
tmaR_predicted,0.5,1,1,AATAACGATTGTATTCGGCT,0,3607852
tmaR_predicted,0.5,1,1,AAGTTGACCAAAGTAATTGA,0,3605505
tmaR_predicted,0.5,1,1,AAGTGGTGGTGGGCGGTTTT,0,3617026
tmaR_predicted,0.5,1,1,AAGTGGCTAAGGTCCCGATA,0,3623598
tmaR_predicted,0.5,1,1,AAGTGCCTGCGTACAATACG,0,3618314
tmaR_predicted,0.5,1,1,AAGTCCCATGTCAGTAGAGA,0,3620718
tmaR_predicted,0.5,1,1,AAGTCAACGGGAATAAAAGA,0,3626554
tmaR_predicted,0.5,1,1,AAGTATCCCGAGTCAATGCA,0,3629476
tmaR_predicted,0.5,1,1,AAGTAATTTGAATATCGTAA,0,3604896
tmaR_predicted,0.5,1,1,AAGTAATGGTTGAGCCCGAC,0,3644086
tmaR_predicted,0.5,1,1,AAGTAATGGGGGGATGTTTG,0,3629260
tmaR_predicted,0.5,1,1,AAGGGGTCTCGGACTTACGC,0,3637346
tmaR_predicted,0.5,1,1,AAGGGCAATCGGAGTTAACT,0,3622998
tmaR_predicted,0.5,1,1,AAGGGAAGAAAATCTTATTA,0,3609034
tmaR_predicted,0.5,1,1,AAGGCTTTATAGAGTAATTT,0,3639183
tmaR_predicted,0.5,1,1,AAGGCTGCTCCTTTGCCAGG,0,3644855
tmaR_predicted,0.5,1,1,AAGGATACAATCGTCTACGT,0,3613432
tmaR_predicted,0.5,1,1,AAGCTATAACAGTTTTTCGA,0,3639050
tmaR_predicted,0.5,1,1,AAGCTAACTCTCACCGCAAG,0,3635396
tmaR_predicted,0.5,1,1,AAGCGTCGGGAGCGCCGGTC,0,3647293
tmaR_predicted,0.5,1,1,AAGCCTCCACCTCTCGAGTA,0,3624115
tmaR_predicted,0.5,1,1,AAGCCCATCTTAGTAATTCG,0,3615059
tmaR_predicted,0.5,1,1,AAGCCAAGTTGATTGAACGC,0,3640472
tmaR_predicted,0.5,1,1,AAGCATGGAAGTTGTCATAA,0,3629014
tmaR_predicted,0.5,1,1,AAGCACTCACGGAGGAAGTA,0,3627908
tmaR_predicted,0.5,1,1,AAGCACCGTCTGATCAGACT,0,3607523
tmaR_predicted,0.5,1,1,AAGATGCAGGCTTGCATGGA,0,3645119
tmaR_predicted,0.5,1,1,AAGATAGTAGCGATTGCAAA,0,3641216
tmaR_predicted,0.5,1,1,AAGAGAGGCGGAAAATAATA,0,3641859
tmaR_predicted,0.5,1,1,AAGACTTGCCGAGTCTTTGT,0,3647972
tmaR_predicted,0.5,1,1,AAGAATTAAATGATTCATTA,0,3646543
tmaR_predicted,0.5,1,1,AAGAATGGGTTCGTATACAT,0,3609218
tmaR_predicted,0.5,1,1,AAGAAAAATATTACGGCTCG,0,3645543
tmaR_predicted,0.5,1,1,AACTTCATCAAGAGCGCCTT,0,3603949
tmaR_predicted,0.5,1,1,AACTCTACGAGCACGCGCTG,0,3642002
tmaR_predicted,0.5,1,1,AACTCATCAACGTTGATATT,0,3619005
tmaR_predicted,0.5,1,1,AACTAATAGACGAGCATTTC,0,3627481
tmaR_predicted,0.5,1,1,AACGTTACGGCTTGACGTTA,0,3644881
tmaR_predicted,0.5,1,1,AACGTGGCGCCGAATTCGTG,0,3623405
tmaR_predicted,0.5,1,1,AACGGGCACTTACCTTGACG,0,3633309
tmaR_predicted,0.5,1,1,AACGGCAAATTCCCAGCACA,0,3624330
tmaR_predicted,0.5,1,1,AACGACTGTCAAGAACGGTA,0,3649864
tmaR_predicted,0.5,1,1,AACGAATGATAATCACGTAA,0,3634691
tmaR_predicted,0.5,1,1,AACGAAGTTCCCAAGCGGAA,0,3632665
tmaR_predicted,0.5,1,1,AACCTTTTGAGGTATCCATG,0,3635984
tmaR_predicted,0.5,1,1,AACCTTGGTAGTGTACCCTT,0,3630738
tmaR_predicted,0.5,1,1,AACCGCGAGCCCATCTCACT,0,3609340
tmaR_predicted,0.5,1,1,AACCCGAGGGAGTCACTAAC,0,3641145
tmaR_predicted,0.5,1,1,AACCAGCGACATACCGCTCA,0,3610528
tmaR_predicted,0.5,1,1,AACCAAACTGTAGCATCGGA,0,3644270
tmaR_predicted,0.5,1,1,AACATTTAATTGGGGAGGTA,0,3620195
tmaR_predicted,0.5,1,1,AACATTGTGATTGGATTAGG,0,3650264
tmaR_predicted,0.5,1,1,AACACGGCTTGGCGCTAGGT,0,3632427
tmaR_predicted,0.5,1,1,AACACAAGCACACTTCTTCA,0,3641922
tmaR_predicted,0.5,1,1,AACAAAATTTGGAAGAAAAG,0,3620248
tmaR_predicted,0.5,1,1,AACAAAAGTTGGTAAGATCG,0,3612064
tmaR_predicted,0.5,1,1,AAATTTCAACCTGGTTTTTT,0,3616398
tmaR_predicted,0.5,1,1,AAATTATTTTTGTCCTGCAG,0,3627369
tmaR_predicted,0.5,1,1,AAATGTGATATTGGTCTGAT,0,3622428
tmaR_predicted,0.5,1,1,AAATGGAGTGCTTGACCTAC,0,3648900
tmaR_predicted,0.5,1,1,AAATCTTGAGGCGCATTAAT,0,3605246
tmaR_predicted,0.5,1,1,AAATCCTCATCTCAGTTTGT,0,3605787
tmaR_predicted,0.5,1,1,AAATAGCCAATGGGGCCGTT,0,3610331
tmaR_predicted,0.5,1,1,AAATACTGAGATTCATTCTC,0,3646416
tmaR_predicted,0.5,1,1,AAATACGACAATTTTATAAC,0,3620980
tmaR_predicted,0.5,1,1,AAAGTGTTCCACCGGGACTT,0,3649134
tmaR_predicted,0.5,1,1,AAAGTGGGTCAGGGGCCATG,0,3605200
tmaR_predicted,0.5,1,1,AAAGGTCAACGGTCAGAATA,0,3610433
tmaR_predicted,0.5,1,1,AAAGATCTTGCGGTGCTCTC,0,3626111
tmaR_predicted,0.5,1,1,AAAGACCGTGCGAACAAACA,0,3649477
tmaR_predicted,0.5,1,1,AAAGACCGTAGAATACTGCT,0,3625012
tmaR_predicted,0.5,1,1,AAAGACCGAAAGGGACTTCG,0,3616186
tmaR_predicted,0.5,1,1,AAACTTAGAAGCGGTTAGTT,0,3615895
tmaR_predicted,0.5,1,1,AAACTGTATAGCTAGATTGC,0,3620428
tmaR_predicted,0.5,1,1,AAACTCTACGCATTACATGT,0,3630782
tmaR_predicted,0.5,1,1,AAACGGCCTCTCACTCCGAA,0,3632288
tmaR_predicted,0.5,1,1,AAACCATACCAATGCCTCAG,0,3611215
tmaR_predicted,0.5,1,1,AAACCAACAGGTAAGCCCGC,0,3612814
tmaR_predicted,0.5,1,1,AAACATCCCTTAGTCTCCTG,0,3611689
tmaR_predicted,0.5,1,1,AAACAGCTTGTAGACATCTG,0,3614650
tmaR_predicted,0.5,1,1,AAACAAGGAAGTAGTCTAAT,0,3613297
tmaR_predicted,0.5,1,1,AAAATGGTTCTCAATCGTGG,0,3610071
tmaR_predicted,0.5,1,1,AAAATCGCAAGTTATGGGAA,0,3607028
tmaR_predicted,0.5,1,1,AAAAGACGGCCGTCTTTTTG,0,3613735
tmaR_predicted,0.5,1,1,AAAACAGGAAGGTGAGGTTT,0,3605629
tmaR_predicted,0.5,1,1,AAAAATTAAAATCCATTATG,0,3627319
tmaR_predicted,0.5,1,1,AAAAAAAATAGGGCTGTGTA,0,3606407
tmaR_predicted,298.0,297,0,GGGTTGAGCCAAATGACGGC,297,3644824
tmaR_predicted,289.0,288,0,CCAAACGAAACGGGTTCCGT,288,3618089
tmaR_predicted,226.0,225,0,GGCTTAGATAGGCGTGCCGT,225,3644828
tmaR_predicted,223.0,222,0,AACGGTGTGCCAGTCAATAT,222,3633828
tmaR_predicted,215.0,214,0,GGCTACGCCTACCCATCTTT,214,3628157
tmaR_predicted,180.0,179,0,AACAGGGCGGGAGTTCTGGT,179,3629687
tmaR_predicted,170.0,169,0,TCTAACAGTCTCGCCCATGA,169,3620602
tmaR_predicted,153.0,152,0,ATGATGAGGGCGATGTATTC,152,3621434
tmaR_predicted,150.0,149,0,CTTGACAGTTCAGAGGAAGT,149,3624531
tmaR_predicted,149.0,148,0,CAGCGGGACGCGTTCACGGG,148,3637430
tmaR_predicted,149.0,148,0,CACGGGCTCGATTGAGGGCA,148,3626209
tmaR_predicted,144.0,143,0,GGCCTGGATAGCGGCTGGTT,143,3615242
tmaR_predicted,138.0,137,0,GGATCGGTTTGGCCGGCTTT,137,3621091
tmaR_predicted,128.0,127,0,GCTGACAAATACGCTTTGAT,127,3637064
tmaR_predicted,126.0,125,0,TGAGCTCTAAGTTAACGGCC,125,3623110
tmaR_predicted,125.0,124,0,ATCTGCTCAGTCCTTTGCGA,124,3643099
tmaR_predicted,124.0,123,0,GTCCCTATCCGCTCACGGAT,123,3617422
tmaR_predicted,123.0,122,0,CCCGGATCCTGTTCGTCGCA,122,3632073
tmaR_predicted,112.0,111,0,ACCTGACTGTTGGTTCACAA,111,3633994
tmaR_predicted,111.0,110,0,CGAGAGGCCGCCAGGTAAGA,110,3640833
tmaR_predicted,109.0,108,0,AGGCTTAACCTATTTTGCCC,108,3614999
tmaR_predicted,107.0,106,0,CCCTTGAAGCTAGGTGCACA,106,3619550
tmaR_predicted,107.0,106,0,CAAGGTTTGAAGTATGCATT,106,3642707
tmaR_predicted,105.0,104,0,CGGCCTAATAAACTTGCGGT,104,3618816
tmaR_predicted,104.0,103,0,GATTGGTACTCCTTGTCCCA,103,3608092
tmaR_predicted,100.0,99,0,GGGTGGCAGCCTTGAAACTA,99,3614810
tmaR_predicted,100.0,99,0,CCATCCTACCGTTATACCTA,99,3629247
tmaR_predicted,99.0,98,0,ATATTACCTCGGTTCGCCTT,98,3619751
tmaR_predicted,98.0,97,0,TCGCCCTGAGCTGAGGTTGT,97,3641054
tmaR_predicted,98.0,97,0,TCCGAGGCCTTGGCCGTACG,97,3621959
tmaR_predicted,94.0,93,0,GGGTACGAGTGGATATACTA,93,3644814
tmaR_predicted,94.0,93,0,GGAGACTGGTAAACATCTTT,93,3606547
tmaR_predicted,94.0,93,0,ATACGCAACCTGCGAGATGG,93,3635329
tmaR_predicted,94.0,93,0,AGCAACGAACGCGGTTACGT,93,3646389
tmaR_predicted,94.0,93,0,ACGACACCTCTCTCGAAAAA,93,3618718
tmaR_predicted,91.0,90,0,TTCGACATGTGCTCCATCTA,90,3648839
tmaR_predicted,91.0,90,0,GTGGGTGCCTAAGGGTACTC,90,3634921
tmaR_predicted,90.0,89,0,ACACCCTCAGACGAGACGGA,89,3639391
tmaR_predicted,90.0,89,0,AATCTGCGAAAGAAACAACG,89,3637260
tmaR_predicted,89.0,88,0,TGCCGGGGTGTGCGATCCGA,88,3609220
tmaR_predicted,89.0,88,0,GAAAAGTTATTTTCAAGGAG,88,3628205
tmaR_predicted,89.0,88,0,CTGCCCGCGTAATGAATAGC,88,3614694
tmaR_predicted,88.0,87,0,TTGGAACTGGTCGAGCCAAA,87,3608824
tmaR_predicted,86.0,85,0,ACGTTCGAGTGCCCTCAAAC,85,3627300
tmaR_predicted,84.0,83,0,CGAAGGGGTTGTCTGAATCG,83,3643075
tmaR_predicted,84.0,83,0,CCAAGCAGCTTTAGTATCTG,83,3650424
tmaR_predicted,83.0,82,0,CCATGGCAACCTTGTCGCAA,82,3619162
tmaR_predicted,83.0,82,0,CAGGTTCGATACCACGACTA,82,3611901
tmaR_predicted,82.0,81,0,GACATCAATCTTAGGATTCC,81,3640210
tmaR_predicted,82.0,81,0,CCAGGCATATGCAGACTGTA,81,3646388
tmaR_predicted,82.0,81,0,AGAGACGTCCAGTATACTCA,81,3644884
tmaR_predicted,82.0,81,0,ACATAGCAAGATGTCGCTCT,81,3637126
tmaR_predicted,81.0,80,0,TGTTTTACGGCGGCCTTAAT,80,3642943
tmaR_predicted,80.0,79,0,TACACTCGATACACTGAAGC,79,3616537
tmaR_predicted,80.0,79,0,GCTCGTTAGGACGTAATTAT,79,3649529
tmaR_predicted,79.0,78,0,AGCGACCATAGGGCGGTGTT,78,3609504
tmaR_predicted,78.0,77,0,CGCCGTTTAAGCTCACTGCT,77,3642737
tmaR_predicted,78.0,77,0,AATCATTCTAGGCAAGTCAA,77,3606847
tmaR_predicted,77.0,76,0,ATGTACAGAAGATTTCGAAA,76,3639678
tmaR_predicted,76.0,75,0,TAGGACCGCCCGCCGATGTC,75,3633661
tmaR_predicted,76.0,75,0,CCCGGCATCGAACTATACTT,75,3619921
tmaR_predicted,76.0,75,0,ACTTGTATCACCCGAGCTAT,75,3626573
tmaR_predicted,75.0,74,0,GACTAATTTCTGAGATGCTT,74,3650147
tmaR_predicted,75.0,74,0,AGTGGGCTATCGAAACTGTG,74,3608037
tmaR_predicted,75.0,74,0,AGGCCAACTAGAACGTTTGT,74,3637050
tmaR_predicted,74.0,73,0,TCTAGAGGCAACAGCTAGTC,73,3630955
tmaR_predicted,74.0,73,0,GGGCACTGCCGCTAATGACG,73,3626718
tmaR_predicted,74.0,73,0,GACCTCTTTCAGCTCGATTC,73,3641604
tmaR_predicted,72.0,71,0,GCGACAACGGCCGGGTCAGT,71,3619535
tmaR_predicted,71.0,70,0,CACAGTTAACCTTACTAGCC,70,3643085
tmaR_predicted,69.0,68,0,TCGGGGTTTACTTTATAAGG,68,3610432
tmaR_predicted,69.0,68,0,GCCATGCCGCGCGGAAGTAC,68,3626679
tmaR_predicted,69.0,68,0,AATCTTCGGGTACCGTCTAT,68,3636768
tmaR_predicted,68.0,67,0,TGGACATCTTGAGCGGGGAG,67,3620315
tmaR_predicted,68.0,67,0,CGACACCCCGCGTTGCTATA,67,3642327
tmaR_predicted,68.0,67,0,AAGTGGCTGGATATAGTGGT,67,3628179
tmaR_predicted,67.0,66,0,GTATCAGGTGACTATTACCG,66,3643520
tmaR_predicted,66.0,65,0,TTAAAAGACGTACCACGGCG,65,3604145
tmaR_predicted,66.0,65,0,TAGAGCGTCCTCACTCGGCA,65,3643011
tmaR_predicted,66.0,65,0,GGGGCTGGAGCTCGGCGCTT,65,3628208
tmaR_predicted,66.0,65,0,CAAGGCATGGGTGTCTTCAA,65,3629540
tmaR_predicted,65.0,64,0,GTTACAGTAGCTACTACTTA,64,3625129
tmaR_predicted,65.0,64,0,CTCCTGAGTGGCGGCTAATT,64,3634801
tmaR_predicted,65.0,64,0,ATTTTCGGTAGTACAGCTTA,64,3612989
tmaR_predicted,64.0,63,0,GGGGGATGTTACTGCGAGTA,63,3644433
tmaR_predicted,63.0,62,0,TGCGAATCGTAACAGCCATC,62,3617679
tmaR_predicted,61.0,60,0,GTCGGGGACGTGCCACCTGG,60,3623507
tmaR_predicted,60.0,59,0,TTGCTCGTAATTCTGCATGG,59,3615649
tmaR_predicted,60.0,59,0,AGAGCGGATTTATATTGTGC,59,3634901
tmaR_predicted,60.0,59,0,AGACTTAATTGTGTAATTAT,59,3634707
tmaR_predicted,59.0,58,0,GGTCCCGTCGAAGTGCACCT,58,3645621
tmaR_predicted,59.0,58,0,ATAATCGGAACAGAACATGT,58,3607225
tmaR_predicted,58.0,57,0,GACTGGCGATTAGGGGGCTA,57,3631352
tmaR_predicted,58.0,57,0,CTATGTCGTATCACATGAAC,57,3628153
tmaR_predicted,58.0,57,0,CCCGTCAAGTTGCCGGCGAT,57,3621852
tmaR_predicted,58.0,57,0,ATGTGAGTTTACGTTCCGAG,57,3615039
tmaR_predicted,57.0,56,0,CGACTTATACATCAGATAAG,56,3622518
tmaR_predicted,57.0,56,0,CCCCGGGATTCGATCGTGCT,56,3621325
tmaR_predicted,57.0,56,0,CATGATCCTGATACCTTTGT,56,3622892
tmaR_predicted,57.0,56,0,AGGGGGACGTAAGATCGTGG,56,3628197
tmaR_predicted,56.0,55,0,TTCGTCCGCATCGCTAGTTC,55,3615018
tmaR_predicted,56.0,55,0,CGCTGCGGGTGGTGGCCTTT,55,3639535
tmaR_predicted,56.0,55,0,CCCGACGGTGAGTGTCGGGA,55,3605545
tmaR_predicted,55.0,54,0,TCCGGTCGGGATGTAGGCCG,54,3621941
tmaR_predicted,55.0,54,0,TATCAAAGCTTGGTAGAACA,54,3641213
tmaR_predicted,55.0,54,0,ATTGGACATCGTGAGTGAGG,54,3620086
tmaR_predicted,55.0,54,0,AATATCTGTCCACAGCAGGT,54,3638119
tmaR_predicted,55.0,54,0,AAGTGATGCAATGATCCTCC,54,3636866
tmaR_predicted,54.0,53,0,TTGCGTCCTGACTCGTGGCA,53,3634250
tmaR_predicted,54.0,53,0,TCAAGAGGTGTGCGTTAGGG,53,3639901
tmaR_predicted,54.0,53,0,CCGCCAAGCATTTCATTGGA,53,3624829
tmaR_predicted,53.0,52,0,TCGTAAGGTTAAAGCCCCGA,52,3628156
tmaR_predicted,53.0,52,0,TCACCGGCAAAATATGCATC,52,3635492
tmaR_predicted,53.0,52,0,CTGCCTCATGGGAACGGTAC,52,3622235
tmaR_predicted,53.0,52,0,CGGAAGTCCCAGGCATGCCT,52,3635821
tmaR_predicted,53.0,52,0,CATCCCCTGCGCTTCGCGGA,52,3605551
tmaR_predicted,53.0,52,0,AGAAACATGCGTTAGCCATT,52,3647264
tmaR_predicted,52.0,51,0,CTATCTTGTGATGCGTGGCC,51,3609277
tmaR_predicted,52.0,51,0,CGATCTAGTGGGGCAAGTTT,51,3634203
tmaR_predicted,52.0,51,0,ATTACGATATGCCCAATTAC,51,3605537
tmaR_predicted,52.0,51,0,AATTTCTCGCTCGCTCCTAA,51,3625766
tmaR_predicted,51.0,50,0,AGCGCACGCACAGATACTGG,50,3617959
tmaR_predicted,51.0,50,0,AAGCTAATTTGTTCTTGAAC,50,3607233
tmaR_predicted,50.0,49,0,GTTATATCCTGCGTGGACTT,49,3641646
tmaR_predicted,50.0,49,0,AGTTGGCCGCGTGCGGGTAG,49,3609787
tmaR_predicted,49.0,48,0,CGTAGAGCTACCTGTGCATA,48,3632390
tmaR_predicted,48.0,47,0,TTTGCTACCATCGGCTAGAG,47,3621563
tmaR_predicted,48.0,47,0,TCTACCCCTGTCCTCGTGCC,47,3604020
tmaR_predicted,48.0,47,0,GTCCAGGTGCTACCGGGGTA,47,3640494
tmaR_predicted,48.0,47,0,GTATGACGTTCGTAGACGGG,47,3637203
tmaR_predicted,48.0,47,0,CTCCAGGGATCGCCTATCGA,47,3636148
tmaR_predicted,48.0,47,0,AGGAAGGCCCAGCTCCCATA,47,3620482
tmaR_predicted,47.0,46,0,TTCATCGTCGTCTATGGATG,46,3646725
tmaR_predicted,47.0,46,0,GCCTTTGGACAAAGCGATTG,46,3636994
tmaR_predicted,47.0,46,0,CGTGCTACGAGACATACTGT,46,3611810
tmaR_predicted,47.0,46,0,AGAGATGGTCATCTAGCGTG,46,3619592
tmaR_predicted,45.0,44,0,GGTGTAAAGAATCAAGGGTG,44,3635308
tmaR_predicted,45.0,44,0,CCATGGAAACGCAAGTCGTT,44,3628211
tmaR_predicted,45.0,44,0,ATGAGCCCGCGAATTCATGT,44,3639891
tmaR_predicted,44.0,43,0,CTCTGGAAACCGCCTTAAAG,43,3626765
tmaR_predicted,43.0,42,0,ACGCGCGTAAGAGATGTCCT,42,3643093
tmaR_predicted,42.0,41,0,TGGATAGTTGAAGTTCCGAT,41,3605910
tmaR_predicted,42.0,41,0,GCGGCATAAACAACATGGAC,41,3612029
tmaR_predicted,42.0,41,0,GATGCCTATGTTAACCGCGT,41,3608497
tmaR_predicted,41.0,40,0,TGGTAAGTCCAGCTGTCTCC,40,3613068
tmaR_predicted,41.0,40,0,GTGCGAAGACCGCTTCGAGA,40,3613340
tmaR_predicted,41.0,40,0,GCGGGGCAACTACTCCCGGC,40,3611278
tmaR_predicted,41.0,40,0,GAATCTGTGAGTATCCTCAT,40,3646311
tmaR_predicted,41.0,40,0,ACTAGCCAACCTTTAACAGT,40,3610540
tmaR_predicted,41.0,40,0,ACAGAACTTGGACTTCCTCC,40,3610392
tmaR_predicted,40.0,39,0,TCGGCTCTTTTCTACTTGCG,39,3632005
tmaR_predicted,40.0,39,0,CTGGTTGTAGGCCCAGTGTC,39,3621422
tmaR_predicted,40.0,39,0,ACGCTTGATTACGCGCTGTC,39,3627339
tmaR_predicted,39.0,38,0,TTGCATGCGCCTGGGAAATA,38,3640196
tmaR_predicted,39.0,38,0,TGGGAGGCCATGTACCGACC,38,3614866
tmaR_predicted,39.0,38,0,TGGCCTGTGGTATTGCGTTA,38,3605679
tmaR_predicted,39.0,38,0,TCTGAATGTTGGTCACTCCT,38,3621608
tmaR_predicted,39.0,38,0,ATGAACGTAGCGACTAAACG,38,3644823
tmaR_predicted,39.0,38,0,ACTAGGCTACAGATGCCGCC,38,3628282
tmaR_predicted,38.0,37,0,TTATACATTGAGCAGAAGTG,37,3621413
tmaR_predicted,38.0,37,0,GCGTCCTCGCAGCCAGTGGA,37,3632783
tmaR_predicted,38.0,37,0,CGCGAGGAGTCATTAGATCT,37,3642554
tmaR_predicted,38.0,37,0,ATCTCCAGATGCATGACTAT,37,3634295
tmaR_predicted,37.0,36,0,AGCACAGAAGCTCTTTTGCA,36,3650192
tmaR_predicted,36.0,35,0,CTCCAATCGTCATTTTTATT,35,3644072
tmaR_predicted,36.0,35,0,ATCAGAGGGTCCAGTTCAAG,35,3616795
tmaR_predicted,36.0,35,0,AATCTAAACAGACGGGGCTG,35,3649100
tmaR_predicted,35.0,34,0,TTACTCACATTCAACTTTTT,34,3607228
tmaR_predicted,33.0,32,0,TGGGCCTCCCTTCTGAGGTT,32,3647850
tmaR_predicted,33.0,32,0,TAACTTCTCCCCACGGACGT,32,3648302
tmaR_predicted,33.0,32,0,GAACTTCGGGCCTGGTACGT,32,3635398
tmaR_predicted,33.0,32,0,ATCGGAATTGGCTCTAAACG,32,3637054
tmaR_predicted,33.0,32,0,AGAGTATATGGAAAACCAGT,32,3622379
tmaR_predicted,33.0,32,0,ACGGCAATAAGGGGCAAATG,32,3607216
tmaR_predicted,32.0,31,0,GGTAATGCTTCATATACATC,31,3608087
tmaR_predicted,32.0,31,0,GCATCAGGTATCGCCACGTG,31,3618376
tmaR_predicted,32.0,31,0,CTCATGCCGATAGGCCCCGT,31,3615246
tmaR_predicted,32.0,31,0,ACGTCAATGCGCACATAGTA,31,3638640
tmaR_predicted,31.0,30,0,CAATCACTAAATTCCTTGGA,30,3611440
tmaR_predicted,31.0,30,0,AAACCAGATCTGTGAGCCCA,30,3642915
tmaR_predicted,30.0,29,0,TCATTAGCAGGATGTTGAGT,29,3642049
tmaR_predicted,30.0,29,0,GCTTCTTGATTCTTCAATGA,29,3614052
tmaR_predicted,30.0,29,0,GCGACGGCGACCGCGGGTCG,29,3610184
tmaR_predicted,30.0,29,0,CAGATGGCGCAGGTCTCTAC,29,3617593
tmaR_predicted,29.0,28,0,TCTATTACTGTCCGTAACCA,28,3638645
tmaR_predicted,29.0,28,0,CTTGCGGTTAGGAGCATACT,28,3647488
tmaR_predicted,29.0,28,0,CCATCCCTTAAGCTCAGCCC,28,3629098
tmaR_predicted,28.0,27,0,TTAGTTAGAGGACGTCCAGA,27,3649915
tmaR_predicted,28.0,27,0,GCCATCCGACGGCGGTGTCT,27,3639649
tmaR_predicted,27.0,26,0,CAACACTGCCGTTGGACCAC,26,3644193
tmaR_predicted,27.0,26,0,ATAGATCATCGTGTACGGCC,26,3615002
tmaR_predicted,26.0,25,0,GGTAGTGAGTTGCCACTACG,25,3613135
tmaR_predicted,26.0,25,0,ACTCAAGAGCTCGCGAGCAT,25,3629930
tmaR_predicted,25.0,24,0,TAAACTAGAAAGGCGCAAAA,24,3643960
tmaR_predicted,25.0,24,0,GGCAAGCGGCTAGGATAACG,24,3608091
tmaR_predicted,25.0,24,0,AAACCTGAAGCATTTGTGGA,24,3647746
tmaR_predicted,24.0,23,0,CGGTTGATCGGGCACGCACT,23,3633244
tmaR_predicted,24.0,23,0,CATAAACTGGACGGGCGATA,23,3626085
tmaR_predicted,24.0,23,0,ACTATCTCGGAGTTTGATAT,23,3618750
tmaR_predicted,23.0,22,0,GGCAGGAGCTCCCGTACTGT,22,3608968
tmaR_predicted,23.0,22,0,CTAACCTGAATCGTCATCCT,22,3648270
tmaR_predicted,23.0,22,0,ATTAGTAGATTCTTTTGCCC,22,3631214
tmaR_predicted,22.0,21,0,GCCGGACGATCAGTTAATGT,21,3634587
tmaR_predicted,22.0,21,0,CCGTTACATCTGCTACGACA,21,3646120
tmaR_predicted,21.0,20,0,TGCTGCCTCAATCTAGGGTC,20,3625080
tmaR_predicted,20.0,19,0,TTGGTACTCCTTGGCTGTTT,19,3638392
tmaR_predicted,20.0,19,0,TTCTCCACGCATCGAGCTGG,19,3638387
tmaR_predicted,20.0,19,0,GGCAGACTATAAAGTGAGGC,19,3618391
tmaR_predicted,20.0,19,0,ATGGAGGAGTATGGACCTTG,19,3614729
tmaR_predicted,20.0,19,0,AGGAGGTGGACGGAGCTAGG,19,3617899
tmaR_predicted,20.0,19,0,AAACATAATCTAAAGAGAGG,19,3635697
tmaR_predicted,19.0,18,0,GACACACGAGTGATTTCAGT,18,3609215
tmaR_predicted,19.0,18,0,AAGGATAGTTGAACGTCCTG,18,3648958
tmaR_predicted,18.0,17,0,GTATGACCTTGCAGCAGTGT,17,3620557
tmaR_predicted,18.0,17,0,CTACCCGCACATTCGAGACA,17,3619401
tmaR_predicted,18.0,17,0,AACCTGTCCCCCATTACGTG,17,3623715
tmaR_predicted,18.0,17,0,AAAGTGATGCCCCGAAGTTA,17,3629410
tmaR_predicted,17.0,16,0,GTAACGGATACTGCCCTTTA,16,3646657
tmaR_predicted,17.0,16,0,GACGGTCCCGGAGACCCTAT,16,3606214
tmaR_predicted,16.0,15,0,TTTGTCGGCGGTCCCACTAC,15,3644836
tmaR_predicted,16.0,15,0,AGGGATATAAGAGTCACATG,15,3619364
tmaR_predicted,15.0,14,0,GATCCAACGGTTGCGGGCAA,14,3647044
tmaR_predicted,15.0,14,0,GAAAGAGAGTAGTGCAGAGA,14,3626264
tmaR_predicted,15.0,14,0,CACACAGTGCCCTTATAGAT,14,3643024
tmaR_predicted,14.0,13,0,TTCTTACACTTTGGTACCAC,13,3608835
tmaR_predicted,14.0,13,0,CGCTCCAAAAGCGACACTCA,13,3638628
tmaR_predicted,14.0,13,0,CGAGACCGCTACTCAAACGT,13,3614973
tmaR_predicted,14.0,13,0,ATGACCTGTCAAGGCCGAGT,13,3643210
tmaR_predicted,13.0,12,0,TTGGTACTGTCACACAAGAC,12,3636522
tmaR_predicted,13.0,12,0,GTTTGAGGGTGGATATGGGG,12,3644426
tmaR_predicted,13.0,12,0,CTAGACGGCGCCCTGTCCTA,12,3631553
tmaR_predicted,13.0,12,0,CAGGGCGGCATGTACATTGT,12,3646654
tmaR_predicted,13.0,12,0,AACCAATGTTCTTTGATGTA,12,3608013
tmaR_predicted,12.0,11,0,TTCACGTTGACCGACCGTCA,11,3637063
tmaR_predicted,12.0,11,0,TCGTGTAAATTGCTTTAAAG,11,3640117
tmaR_predicted,12.0,11,0,CGGTGGTAAGGGGGCTCCTT,11,3638478
tmaR_predicted,12.0,11,0,CCCCCCCCTTCCGGACTTGC,11,3629475
tmaR_predicted,11.0,10,0,TTGGATGCGAAGCCTAGGGA,10,3639711
tmaR_predicted,11.0,10,0,TTACATTGTCACTCGCCCCT,10,3647817
tmaR_predicted,11.0,10,0,TAGGCTAACGGATAACCAGT,10,3638088
tmaR_predicted,11.0,10,0,TACAACGGACGCATAAAAGT,10,3619028
tmaR_predicted,11.0,10,0,CGTAACACCTCTAGCACGCT,10,3618653
tmaR_predicted,11.0,10,0,ATCCGCATCAGAACACTTAA,10,3647789
tmaR_predicted,11.0,10,0,ACGTCGGTCTTAAGGCCTTA,10,3604260
tmaR_predicted,10.0,9,0,TTTCCTTCTAGCAAACTCGC,9,3638618
tmaR_predicted,10.0,9,0,TTGGGCGGAAGGCTACATTT,9,3633470
tmaR_predicted,10.0,9,0,TTGAGCGTCAAACGAACTGG,9,3618318
tmaR_predicted,10.0,9,0,TATCTTTCCACCGATACACT,9,3647752
tmaR_predicted,10.0,9,0,GCTGTCATCAAACGCCACCA,9,3608121
tmaR_predicted,9.0,8,0,TCTGGCCTATCTCCATGGTC,8,3649560
tmaR_predicted,9.0,8,0,AGGTTGTTCGTGAGGATACG,8,3623539
tmaR_predicted,8.0,7,0,TCCTTAACCGAAAGTGCCTA,7,3628173
tmaR_predicted,8.0,7,0,GAGTATTTAAGAACGGACCT,7,3641965
tmaR_predicted,8.0,7,0,GAAAGGAACGTAGTATAGGA,7,3616080
tmaR_predicted,8.0,7,0,CGGTCACTAGCCGCGTGAAT,7,3633687
tmaR_predicted,7.0,6,0,GCGCGCGTGCTCCACCCGAA,6,3618019
tmaR_predicted,7.0,6,0,AGGGCCACATGCGCCGTGCT,6,3650325
tmaR_predicted,7.0,6,0,AGGCATGGTCTTTAACCATA,6,3612393
tmaR_predicted,7.0,6,0,ACTGGTGCAAAGCATCTTCT,6,3644892
tmaR_predicted,7.0,6,0,AACGAGAACGGATCCCAGCG,6,3605421
tmaR_predicted,6.0,5,0,TTGCCCAAATGAATCATCGT,5,3623344
tmaR_predicted,6.0,5,0,GTTCTTTCTCGACTGTCGGA,5,3615081
tmaR_predicted,6.0,5,0,GCTGATAAGGCACTTAAGTC,5,3649757
tmaR_predicted,6.0,5,0,GCATCGGTAATAACAGCTTA,5,3630983
tmaR_predicted,6.0,5,0,GACACTGAGGAGTAGCGGCC,5,3642720
tmaR_predicted,5.0,4,0,TTAAGCCAAGCTATGGGGTT,4,3617494
tmaR_predicted,5.0,4,0,CGGGCAGCATAAAAGTACGT,4,3605598
tmaR_predicted,5.0,4,0,ATCTTCAATCATATACTCTC,4,3633471
tmaR_predicted,5.0,4,0,AGATGCAATAAGCTGTCTAT,4,3640179
tmaR_predicted,4.0,3,0,TGCAGCCAATACGTAACCGC,3,3609478
tmaR_predicted,4.0,3,0,GGTAATCAACATTCGAAGGA,3,3633199
tmaR_predicted,4.0,3,0,GCTGATCGTTTTCCAGATTT,3,3620691
tmaR_predicted,4.0,3,0,CTCAGACGGCATATCTGGAT,3,3613583
tmaR_predicted,4.0,3,0,CTCACCGACAAACGACGCAA,3,3627491
tmaR_predicted,4.0,3,0,CGCATATCTCCGTATCGAAT,3,3642312
tmaR_predicted,4.0,3,0,CAATAGATACGCCTCTACCT,3,3647591
tmaR_predicted,4.0,3,0,ATTTGCCGAAGCGTCCCTGA,3,3626241
tmaR_predicted,4.0,3,0,ATTCAAGGGGTGTAGTGACC,3,3629323
tmaR_predicted,4.0,3,0,ATGCTGACTGATTGTTCGGC,3,3605531
tmaR_predicted,4.0,3,0,ATCGCCATCAGGCATGGCTA,3,3608096
tmaR_predicted,3.0,2,0,TTGCGTAGGGATTAGTGGAA,2,3638465
tmaR_predicted,3.0,2,0,TATTTCAATACCATGTGGTC,2,3605213
tmaR_predicted,3.0,2,0,TAGGGTGTAGCACAAACTTG,2,3636416
tmaR_predicted,3.0,2,0,TAGCCGGTTTGGATGAATAG,2,3627909
tmaR_predicted,3.0,2,0,TACTGAGTACTGATAGAAAT,2,3635745
tmaR_predicted,3.0,2,0,GTCCTTGTAAACATCGCGGC,2,3647644
tmaR_predicted,3.0,2,0,GTCATACTGTGTAGCTGAAA,2,3643554
tmaR_predicted,3.0,2,0,GCACCTAAAAGAATGCGACA,2,3637196
tmaR_predicted,3.0,2,0,GAGATGCGGATCAATCCTAA,2,3625916
tmaR_predicted,3.0,2,0,CTAGGATGGAAGCGCCTTGG,2,3619647
tmaR_predicted,3.0,2,0,CCACAAGTAAGTTGTATCGG,2,3604129
tmaR_predicted,3.0,2,0,CATCGTATCGTGCGATGCCT,2,3609495
tmaR_predicted,3.0,2,0,AGTCCTTTTTCTTGGCGAAT,2,3644820
tmaR_predicted,3.0,2,0,AGGTAGCACTTTCGGTACCA,2,3638969
tmaR_predicted,3.0,2,0,AGATCAGCGGATATGAGTGC,2,3611501
tmaR_predicted,2.0,1,0,TTGTTCTAGGGCTAAAATCA,1,3650184
tmaR_predicted,2.0,1,0,TTGTGGGGACCCTGCAATAC,1,3636432
tmaR_predicted,2.0,1,0,TTGCGGGTCCTGATCTATTC,1,3627283
tmaR_predicted,2.0,1,0,TTCTCAGGAGTGAGGGTCTA,1,3612755
tmaR_predicted,2.0,1,0,TTCGGTGTATACATCACAAG,1,3612603
tmaR_predicted,2.0,1,0,TTATTAACGTCACATAACCC,1,3611681
tmaR_predicted,2.0,1,0,TTATAAGTACCAGCATGTAT,1,3611970
tmaR_predicted,2.0,1,0,TTAGTATTAGCATCCTGGTA,1,3604488
tmaR_predicted,2.0,1,0,TGATTGGCAACGCCTAAGGA,1,3634896
tmaR_predicted,2.0,1,0,TGATAATTACGACTTGTCAA,1,3620047
tmaR_predicted,2.0,1,0,TCTTGCTACCTAGGCGATGC,1,3642148
tmaR_predicted,2.0,1,0,TCTCATATCTGTGAAGGCCT,1,3606111
tmaR_predicted,2.0,1,0,TCGCCATAGGGCGCCTCCCA,1,3634893
tmaR_predicted,2.0,1,0,TCCCCTGTAGATACTGTTTG,1,3647668
tmaR_predicted,2.0,1,0,TCAGTTCTGGTTGAGAGTGT,1,3639557
tmaR_predicted,2.0,1,0,TCAGTCAATATCTGGACACT,1,3636400
tmaR_predicted,2.0,1,0,TAGACGGCTACCCCCAGCTG,1,3626162
tmaR_predicted,2.0,1,0,TACACTTACTACTCACTTTC,1,3631113
tmaR_predicted,2.0,1,0,TAATGGGCAGCCCGTGGATT,1,3605779
tmaR_predicted,2.0,1,0,TAAGAGGGATTTTTCCGTAC,1,3645347
tmaR_predicted,2.0,1,0,TAACACAGCCATCCAAGTAA,1,3629654
tmaR_predicted,2.0,1,0,GTTCGGAGAGACATCACACA,1,3619845
tmaR_predicted,2.0,1,0,GTGTCTAAGAAGCTTCTACT,1,3646638
tmaR_predicted,2.0,1,0,GTGTCCGCCCACTGAATCCC,1,3604965
tmaR_predicted,2.0,1,0,GTGCAACAAGGGTAGATATG,1,3642395
tmaR_predicted,2.0,1,0,GTCTGTCAAGTAGGAGCCAG,1,3629819
tmaR_predicted,2.0,1,0,GTCTAACTTCTGACTTGCAC,1,3639077
tmaR_predicted,2.0,1,0,GTCGTCCGTGCAACTGGGAC,1,3604782
tmaR_predicted,2.0,1,0,GTATCAGGAGTGTCTGAGGT,1,3620431
tmaR_predicted,2.0,1,0,GTAGTAAGCAGTTAACGGCA,1,3628361
tmaR_predicted,2.0,1,0,GTAATATTGGGGCATGCAGA,1,3646219
tmaR_predicted,2.0,1,0,GGTTGTGGTAAAAGTATGGA,1,3643722
tmaR_predicted,2.0,1,0,GGGTGCAACGGAGGATGGAC,1,3644963
tmaR_predicted,2.0,1,0,GCTGCTTTTACTGGGTTATA,1,3620816
tmaR_predicted,2.0,1,0,GCTGAGCTCAGAAGAGGATG,1,3636648
tmaR_predicted,2.0,1,0,GCTATTTCGTGACTTCCGGG,1,3635866
tmaR_predicted,2.0,1,0,GCGCATAAGACATTATCTCT,1,3643715
tmaR_predicted,2.0,1,0,GCCGCCTAGCGGGATGCTAC,1,3625705
tmaR_predicted,2.0,1,0,GCCCACGATGGATGAATCGA,1,3618088
tmaR_predicted,2.0,1,0,GCCATCCCCCTTCACTGGGA,1,3615360
tmaR_predicted,2.0,1,0,GATTTTCTGGAAATTGGATC,1,3604219
tmaR_predicted,2.0,1,0,GATTTATTCTTTGTGGCAAT,1,3623074
tmaR_predicted,2.0,1,0,GATATTACAGTGAAACGCAT,1,3645659
tmaR_predicted,2.0,1,0,GAGGGACCAAATGCCACCCC,1,3637420
tmaR_predicted,2.0,1,0,GAGAGGCGAAAGATTTTAAT,1,3613151
tmaR_predicted,2.0,1,0,CTTGCTGAACGGGAAGCCTT,1,3620446
tmaR_predicted,2.0,1,0,CTTGAGACACTTCAGTTTCA,1,3638706
tmaR_predicted,2.0,1,0,CTGACAAGCCCGTCGATCCC,1,3616871
tmaR_predicted,2.0,1,0,CTCTCCAGGAGTCATTGAGG,1,3607214
tmaR_predicted,2.0,1,0,CTCGGGCGTTTGGCTAATAT,1,3619736
tmaR_predicted,2.0,1,0,CTCGGAATCTGGCTAGTTTG,1,3629633
tmaR_predicted,2.0,1,0,CTACTGAGCAGCCTACTAAT,1,3625126
tmaR_predicted,2.0,1,0,CGTGTAGATATGAGGAGCAT,1,3636947
tmaR_predicted,2.0,1,0,CGGTTATCAACTATTGCGGG,1,3647436
tmaR_predicted,2.0,1,0,CGGGCCACGCATTCGGGTTT,1,3642466
tmaR_predicted,2.0,1,0,CGGCCCGCCATCTGCCTAAG,1,3635364
tmaR_predicted,2.0,1,0,CGCTTTCAAGTGTTCCGAGT,1,3604922
tmaR_predicted,2.0,1,0,CGCACGGCAGATCCTAATAA,1,3637057
tmaR_predicted,2.0,1,0,CGATAACGGCGGTCGAATAT,1,3645206
tmaR_predicted,2.0,1,0,CCATGTGAGGCATGGGAGAG,1,3607221
tmaR_predicted,2.0,1,0,CCACGCTAATCTTTACTTAT,1,3635345
tmaR_predicted,2.0,1,0,CAGGCTTTGTCCCTATTCAC,1,3644196
tmaR_predicted,2.0,1,0,CAGCGCGCAGGAGGGCATTT,1,3630921
tmaR_predicted,2.0,1,0,CAGCGCCTACGAGATGTTTC,1,3632753
tmaR_predicted,2.0,1,0,CAGACTTGCCTTTTGTCGAA,1,3605418
tmaR_predicted,2.0,1,0,CACGGGTACATATAGGAGTA,1,3619084
tmaR_predicted,2.0,1,0,CACCATTCGGTTCGTGCCCA,1,3626579
tmaR_predicted,2.0,1,0,CACCATCTGAACAGTGAAGT,1,3630226
tmaR_predicted,2.0,1,0,CAAGATCTGAACATTGGGCA,1,3649305
tmaR_predicted,2.0,1,0,CAACGGAGGAGTCGAGTGAA,1,3617306
tmaR_predicted,2.0,1,0,ATTTTGTGTTGAAGGAGTGG,1,3607994
tmaR_predicted,2.0,1,0,ATTCCGAAGGGATATAACGA,1,3619012
tmaR_predicted,2.0,1,0,ATGGTTAGGGTAGTTAACGT,1,3637341
tmaR_predicted,2.0,1,0,ATGCGGGTATGCAATCGCTT,1,3649913
tmaR_predicted,2.0,1,0,ATGCATCTGCTCGACCTGTG,1,3616775
tmaR_predicted,2.0,1,0,ATGAATCTTAGAGCCGCCAG,1,3616478
tmaR_predicted,2.0,1,0,ATAATTAGCCTTGCGACTAT,1,3635813
tmaR_predicted,2.0,1,0,ATAACCGCGAGCAGGACACC,1,3620887
tmaR_predicted,2.0,1,0,AGTTCCTGGAGCCGATACGT,1,3623034
tmaR_predicted,2.0,1,0,AGTCACGTGAGGGTATCCTT,1,3640478
tmaR_predicted,2.0,1,0,AGGTAGCCAAATCGGGCAAG,1,3610379
tmaR_predicted,2.0,1,0,AGGGCGCGTAACTTAAACCC,1,3637243
tmaR_predicted,2.0,1,0,AGGCTCTTAGGGTGTAGGGA,1,3610890
tmaR_predicted,2.0,1,0,AGGAGAGTACGATGATAGCG,1,3635740
tmaR_predicted,2.0,1,0,AGCACCTCGCCGCTGGAGTG,1,3608788
tmaR_predicted,2.0,1,0,AGATTGCGGTCCCCCAAATA,1,3637572
tmaR_predicted,2.0,1,0,AGATGGGCGGTAGGGATCTA,1,3607281
tmaR_predicted,2.0,1,0,ACTTCCTGGACATGTCATTC,1,3619698
tmaR_predicted,2.0,1,0,ACGTTTGATGCGCAGGTTAA,1,3640089
tmaR_predicted,2.0,1,0,ACCGTGTTAAACTTCTTCGC,1,3634141
tmaR_predicted,2.0,1,0,AATTGTATTTCAACATCTCA,1,3624981
tmaR_predicted,2.0,1,0,AAGTCATAGATGTACTAAAG,1,3644429
tmaR_predicted,2.0,1,0,AAGGTGAATGTGGCCCCAGT,1,3630089
tmaR_predicted,2.0,1,0,AAGGGTACGCGGAGCGCTGC,1,3617203
tmaR_predicted,2.0,1,0,AACTCAGCGTACACTACCGG,1,3645751
tmaR_predicted,2.0,1,0,AACGCGATGCCAGAGGCTGG,1,3649434
tmaR_predicted,2.0,1,0,AAACCTGCGAGAGACTCAGG,1,3647839
