name,relative_counts,ct,ct_0,barcode,ct_1,barcode_ind
acrZp,1.2810609116579266,22617,9915,TATGCCGACCATACCAAGCT,12702,410267
acrZp,0.9688581314878892,567,288,GCCACGAACAGATTGTAAAG,279,409309
acrZp,1.1074380165289257,253,120,CCCCTAGCATTCCATACAAA,133,409396
acrZp,1.6407766990291262,270,102,AACTTACGGCCTAAAAGTAC,168,466498
acrZp,0.6373626373626373,147,90,GGTGACTCCCCAAATGTCTA,57,410692
acrZp,1.4761904761904763,206,83,CCGCAGCCGAGGAGCTTAAG,123,408953
acrZp,0.4939759036144578,122,82,CAGTGTCAGCTTAAATCTAG,40,410655
acrZp,1.1341463414634145,173,81,GTACCATACGTCTAGAGATC,92,409354
acrZp,0.7307692307692307,133,77,GGCACACTCTGTAACATCTT,56,409513
acrZp,1.9726027397260273,215,72,AATATAGAGTGAGACTCGGA,143,409434
acrZp,2.6,250,69,GAACTGGTTTTCGTGAATAT,181,441986
acrZp,0.8571428571428571,128,69,CCAAGTTGAAAAGGCACAAT,59,409048
acrZp,1.4492753623188406,167,68,GGTTCATAGCGGCAAATCAC,99,420329
acrZp,1.25,151,67,TATCCGACTGCTAACCAGCA,84,443902
acrZp,0.5441176470588235,103,67,GAGGCCGTAACGGCTACGAC,36,408579
acrZp,2.193548387096774,196,61,CTGATGCCACTAAGTACGTA,135,410774
acrZp,1.1967213114754098,132,60,AATCTTAGTCACTTTGCCAG,72,411221
acrZp,0.27586206896551724,72,57,TACTGTATAGTGGTAATACG,15,459051
acrZp,1.5087719298245614,141,56,ATAGAGTACGAATCAGCCGT,85,429065
acrZp,0.07142857142857142,58,55,ACAATGTGAGCATGACCCTG,3,428685
acrZp,0.7636363636363637,95,54,CGAAGGTACTGGGGGCAACA,41,411645
acrZp,0.6,86,54,CATTCCTCTAACGACCAATA,32,451602
acrZp,2.2037037037037037,171,53,CCTGGAGCATATAAGCTAAA,118,429526
acrZp,0.6415094339622641,85,52,CGAACGTCGGAACGTCGGTA,33,409754
acrZp,0.5283018867924528,79,52,ACAAAGTGCACAGTATAAGT,27,454076
acrZp,0.23076923076923078,62,51,TGCACAATTATGTACCGGAC,11,418333
acrZp,0.40384615384615385,71,51,GGGCGTTGATGTCCACCTCA,20,432672
acrZp,1.4038461538461537,123,51,GGCACCCCTCTCGGAATTGC,72,454226
acrZp,0.36538461538461536,69,51,CAGCATGGCCGAATTTTTAC,18,417243
acrZp,0.6730769230769231,85,51,ATTGTCGATCATTGTTCGTG,34,440798
acrZp,0.6862745098039216,84,50,TAAAATTGTTGTAATCGCAT,34,417693
acrZp,1.7058823529411764,136,50,CGTCGAGGTATTCTAATTTT,86,416201
acrZp,1.803921568627451,141,50,CGCGGATCTGTCTAAGCCGG,91,427136
acrZp,0.44,70,49,TGGATAATGGTTTCAATCGT,21,463932
acrZp,0.52,74,49,CTTTCACATGTCGATTCACA,25,408956
acrZp,1.4,118,49,CGCGTTGCCTATGTCAACAT,69,422708
acrZp,2.06,151,49,AGAAACGAACGCGCCGGATT,102,459937
acrZp,0.5,73,49,AATACTCAGCCCCTGGCAAG,24,418440
acrZp,1.2653061224489797,109,48,CCGCATGACCATCTGGGAAA,61,412023
acrZp,1.3541666666666667,111,47,GCCATCGAGTCATACCAGGC,64,442869
acrZp,0.7708333333333334,83,47,CATGGGAACCATTTCATTTA,36,415170
acrZp,0.574468085106383,72,46,GGGCGTGGATGAGTTCTCCC,26,419744
acrZp,4.404255319148936,252,46,GACCCTAGAGGATTTGCTTT,206,410336
acrZp,1.872340425531915,133,46,CGAATACGCGTGGCATATTT,87,411961
acrZp,4.108695652173913,233,45,TGTAATGCTGGGATCGAAAG,188,443670
acrZp,1.1304347826086956,96,45,GATGAACGTGGTCTCCGGTG,51,450567
acrZp,2.108695652173913,141,45,CTAACGGAGCGAAGGGCTAT,96,419480
acrZp,0.6304347826086957,73,45,CAGCTGTACAAGTGCGGAAT,28,414763
acrZp,1.826086956521739,128,45,ACGATCCTCTGGTAGAGTGG,83,409997
acrZp,0.044444444444444446,45,44,GGCAGATGTGAGTTAGAAAT,1,459784
acrZp,0.9333333333333333,85,44,GCACGTTGTGGACGAGAGCC,41,414583
acrZp,1.6,115,44,ACACTCGAGTGCCTAGGCAT,71,460825
acrZp,0.8863636363636364,81,43,GTTTAATCTATCATTGGGCT,38,466128
acrZp,1.069767441860465,87,42,TTTAAAGAACGGTATTTAGG,45,428165
acrZp,0.9069767441860465,80,42,GGCGTGGCGATAGGGCTTGT,38,418106
acrZp,0.11627906976744186,46,42,GAGATCGCTATATTGGCCGC,4,416414
acrZp,1.0,84,42,CTGCCTACGAACTTAGGATT,42,437844
acrZp,0.7441860465116279,73,42,CGGCCCGCGCTATAGGGTAA,31,434263
acrZp,0.4523809523809524,59,41,TTGGGGCGGGCGCGGCGACC,18,453980
acrZp,0.5952380952380952,65,41,GGGAATAGGCGTTAATCATA,24,438797
acrZp,0.6666666666666666,68,41,CTCTGGAAATACGGCTGCGT,27,417158
acrZp,0.38095238095238093,56,41,CGTCTATAGAAATTGTATTT,15,418235
acrZp,1.5476190476190477,105,41,CCATTACCTGTGCATGGTCA,64,442720
acrZp,1.6666666666666667,110,41,CAGTAATAACTGTGGGGTAT,69,409079
acrZp,1.2380952380952381,92,41,AACTCGAGGTCAGCAGGTCA,51,424360
acrZp,4.048780487804878,205,40,GTATACAGTAATTTTGATCT,165,420448
acrZp,0.4878048780487805,59,40,GGGGAAGATCGCTGGGGAGA,19,410378
acrZp,0.926829268292683,77,40,GGCGCTGTTCGAACCGCGCA,37,423616
acrZp,0.4634146341463415,58,40,GCGACTCACAAAACCAAGAA,18,426637
acrZp,1.6829268292682926,108,40,AGGTACATAGGGTCATCGTA,68,418474
acrZp,0.7804878048780488,71,40,ACGTGTCGAGAATTCCAGGA,31,416403
acrZp,2.275,129,39,GCGGTGCGACAGTTTTATGA,90,451408
acrZp,0.775,69,39,ACGCAATAGCGCGCAGCTTG,30,411011
acrZp,1.0256410256410255,77,38,TACATACTTACTCTTACGAG,39,431628
acrZp,7.128205128205129,315,38,GGCATGACACAGTTTTTGGG,277,444777
acrZp,7.3076923076923075,322,38,CGGCAGTAAGTCTCGAGCCC,284,410011
acrZp,2.282051282051282,126,38,AGTAGTCATGAGTAAACACT,88,409953
acrZp,2.5128205128205128,135,38,AGCATCACCGGTCGGTCGAT,97,432453
acrZp,1.6923076923076923,103,38,ACTGAGGACTAGGGGCGTTG,65,413478
acrZp,0.47368421052631576,54,37,TTCAGCGACGGCCCTCCAAC,17,423497
acrZp,0.47368421052631576,54,37,GACTGTCGAGTACTCGTGTT,17,410953
acrZp,2.0789473684210527,115,37,CACGGCCACAAAAGCTAAGT,78,443711
acrZp,1.5,93,37,CACCTCGTTCCACAATTATG,56,411386
acrZp,0.05263157894736842,38,37,AAAGAGGGTGATTCGTAAGC,1,409000
acrZp,1.6486486486486487,96,36,TTAACTTCTTTACTATGTAG,60,416661
acrZp,1.3513513513513513,85,36,TACCAGTCATGGAGTGTTCT,49,412335
acrZp,0.5135135135135135,54,36,GTGAGATAACTGTCTGGTTA,18,415898
acrZp,2.7837837837837838,138,36,CGTAGTACCCGCACTCGATG,102,418590
acrZp,0.4594594594594595,52,36,CGAACACGATTGCACATGCC,16,462218
acrZp,1.8918918918918919,105,36,CCAGCGAGTCATGAGAGCAA,69,412060
acrZp,0.7027027027027027,61,36,AGCCTGGAGTGCTCACGCAT,25,458269
acrZp,1.945945945945946,107,36,ACGCCACCAAGAGCCACGAT,71,423683
acrZp,0.8918918918918919,68,36,AACATACCATTCGGGATCTG,32,442861
acrZp,2.4722222222222223,123,35,CTGTTTGGTGGCGTTGCGTA,88,410821
acrZp,0.4722222222222222,51,35,CTGCACAGCCCCTCTCTGGT,16,411721
acrZp,1.7222222222222223,96,35,CTCATGTAGAATAGTGTATT,61,408858
acrZp,0.7777777777777778,62,35,CGAGGACGTCCGGGCATTAA,27,461578
acrZp,0.7777777777777778,62,35,CAGATTCTCACGGCGCTATA,27,448003
acrZp,1.7222222222222223,96,35,CACGTTGCTCCAATCCGCGC,61,449887
acrZp,1.0555555555555556,72,35,ATGAGGCAGCATGATCCTTT,37,412719
acrZp,0.2777777777777778,44,35,ATCCCTCGACGGGTATGGTG,9,417226
acrZp,4.055555555555555,180,35,ATACAGCCAAGGCCCTACGT,145,451706
acrZp,0.05555555555555555,36,35,AATATGACCGGGCTTGTAAT,1,419714
acrZp,1.7222222222222223,96,35,AAGACGGGTGGCCCCTTAGA,61,411146
acrZp,1.7714285714285714,95,34,TCATAATCTGGGTGAGCTTA,61,426148
acrZp,0.7428571428571429,59,34,TATAAGCTATTGTTCGGTAT,25,432739
acrZp,1.3142857142857143,79,34,CTCTAGGGCCTCACCTGCAG,45,411299
acrZp,1.6571428571428573,91,34,CACAAATTGCAGAGTAAGGC,57,416574
acrZp,1.2,75,34,ATGTTACTTATACTTCTCCT,41,413259
acrZp,0.4857142857142857,50,34,AGAAGCTTGACAGTAGGCAA,16,438686
acrZp,0.5428571428571428,52,34,AACAAGGTTGCACTAGGTCA,18,440525
acrZp,0.38235294117647056,45,33,GTCCGAAGATTAATTCCAGT,12,413765
acrZp,0.35294117647058826,44,33,GTAAGGTTGTTCATAAGGAT,11,463137
acrZp,0.8823529411764706,62,33,GGTGCGGGAGGGGGGTTATA,29,429783
acrZp,0.5882352941176471,52,33,GGTCATGGCGGATATGTTTT,19,428418
acrZp,0.6470588235294118,54,33,GAGCTCTAAGACGAAGTAGA,21,446322
acrZp,2.0294117647058822,101,33,CTGACTCCTCGTCATAAAAG,68,461461
acrZp,0.38235294117647056,45,33,CAGGCGGTGTTTAGTCTTGA,12,430511
acrZp,1.2647058823529411,75,33,ACTCAACCGGCGTATAGGAG,42,412113
acrZp,0.8181818181818182,58,32,TCTGAACTAGACCAGTTTCA,26,459079
acrZp,2.6363636363636362,118,32,TATCTATCGTCGAAATATTA,86,426677
acrZp,2.3636363636363638,109,32,GAGACCTGACAATCGCAGGT,77,429873
acrZp,1.0,64,32,CTACGTCTTTCTGACGGCGT,32,418059
acrZp,2.3636363636363638,109,32,CGAGGGTTAACTGAATTTGC,77,426266
acrZp,5.242424242424242,204,32,CCTTTATTCTTCGCCGCGGT,172,447933
acrZp,0.9696969696969697,63,32,CCGACAGACGTATGCACATT,31,441291
acrZp,1.121212121212121,68,32,CCCCCTTGTGGACAACTGCA,36,428257
acrZp,0.8787878787878788,60,32,CCACTTACCGTCACTACACA,28,454225
acrZp,0.24242424242424243,39,32,CACACGCCTCGGTCTGGATA,7,418026
acrZp,0.06060606060606061,33,32,ATCCAATGTTGGGGTCTGGG,1,441070
acrZp,1.4375,76,31,TTCAAGGCATTTGATGATCG,45,409707
acrZp,1.125,66,31,TCACCAGGTATAATCTGGCT,35,409265
acrZp,0.59375,49,31,TACTGCTCCCAGGAAAAATT,18,425439
acrZp,1.0,62,31,GGTAAGAAGGACGCCGCAAT,31,447926
acrZp,1.09375,65,31,GGGCGCTGGTAACGTCGTCA,34,418108
acrZp,1.40625,75,31,CTTGTGCGCCAACCTCTCTA,44,460909
acrZp,0.625,50,31,CGGTAAACGGCACGTTTTCA,19,443950
acrZp,1.0,62,31,CGGGTCGGCCAGCCAGGGCG,31,461866
acrZp,0.65625,51,31,ATGAAGTGACACATATCGAT,20,438372
acrZp,1.09375,65,31,AAGTACCATGGATGGACTGT,34,420221
acrZp,1.096774193548387,63,30,TCTGAATGCAAGGGCCTGAT,33,409778
acrZp,0.9354838709677419,58,30,TATGTGTCTTGAGCACTCCA,28,422584
acrZp,0.5483870967741935,46,30,TAATTTAGTACTGGCGCCGA,16,426460
acrZp,1.4516129032258065,74,30,TAAGCTACCAATAGAAGCAA,44,447671
acrZp,0.5483870967741935,46,30,GGGTATTTCGCTATCTCTCA,16,431326
acrZp,0.7419354838709677,52,30,GGGCGGAAACGAGGATTAAA,22,465264
acrZp,1.7419354838709677,83,30,GCGGCGACGAATAGTCATGT,53,408798
acrZp,0.6129032258064516,48,30,CGATGCGATTAACAGAGTGT,18,439386
acrZp,0.41935483870967744,42,30,CCAACCAGATCTGCAAAGCT,12,415743
acrZp,0.7419354838709677,52,30,AGGTAAGACGATATGAATAG,22,436626
acrZp,1.4193548387096775,73,30,ACTACAATATTGCAAGAGGA,43,431773
acrZp,2.064516129032258,93,30,AATTGTGGGCTAATGGCAAC,63,436550
acrZp,0.6129032258064516,48,30,AATCTTAGGTGGACTATGTG,18,429196
acrZp,0.4,40,29,TTGGTTAACTATAAACTACG,11,431950
acrZp,0.5,43,29,TTCGAGTTCTATCACCTTAT,14,435827
acrZp,0.7,49,29,TGCGAACTTCACACAAGTGA,20,423144
acrZp,0.6,46,29,TCCCTGGCGACAGACTACGT,17,423127
acrZp,0.26666666666666666,36,29,TATGATACGGCCTGTGATGA,7,424810
acrZp,0.5333333333333333,44,29,TAGGTGGTTTGTCTCATACA,15,464564
acrZp,1.0333333333333334,59,29,GTGGGAGTAACCGGTTTAAC,30,410752
acrZp,0.8,52,29,GGGGCGGATAGTCAACGCGG,23,409185
acrZp,0.16666666666666666,33,29,GGCCACGAGGAGCACTCTCT,4,408570
acrZp,3.066666666666667,120,29,GATAGTTCGGCCACTTTCCA,91,416863
acrZp,2.7333333333333334,110,29,GAGATTATTACAAGCATTGT,81,416862
acrZp,0.6666666666666666,48,29,GAATACTGAATTTCTTGTTG,19,459320
acrZp,1.1333333333333333,62,29,CTTGGTATCGCAGGCCGATG,33,416114
acrZp,0.9666666666666667,57,29,CTGTAGGAGCCTCCTCAGAG,28,419228
acrZp,0.36666666666666664,39,29,CGCACTTAATCTGTGTCATG,10,415836
acrZp,0.4666666666666667,42,29,CATGCAGGATTCGGAGTCAA,13,461308
acrZp,1.0666666666666667,60,29,CAGGCAAGATTTACTGAAAA,31,410454
acrZp,1.2333333333333334,65,29,CAATGTATATACCCCCTACT,36,433276
acrZp,1.5666666666666667,75,29,ATCACTATGATTTACTCTTT,46,412165
acrZp,0.4,40,29,ACTTGGCCCTGGTTCAGGTG,11,425082
acrZp,0.8333333333333334,53,29,ACTGGGAAGGACACTACCTT,24,449626
acrZp,0.6,46,29,ACTAATGAGCATGCACGGAT,17,435276
acrZp,0.6666666666666666,48,29,AACTGTATACAACTTCCGGA,19,434814
acrZp,0.6,46,29,AACGCTGTCCAATCGTCCTG,17,425708
acrZp,0.6896551724137931,47,28,TTAGTTGCGATAGGTTTTTA,19,453708
acrZp,1.3103448275862069,65,28,TGTTTCCACCATCAAACTTA,37,439966
acrZp,0.06896551724137931,29,28,TGGAGTAGTACGGGTTCCGT,1,416762
acrZp,1.4482758620689655,69,28,TGAAAAGCTGATAAAAATCC,41,420392
acrZp,3.2758620689655173,122,28,TCAGTGAAGCAGAGCGCTGT,94,426552
acrZp,0.6551724137931034,46,28,TCAACTTCGACCTTTGGAAT,18,449684
acrZp,1.206896551724138,62,28,GTTTCATATTCAGTATTCCT,34,434603
acrZp,1.896551724137931,82,28,GTTAGAACAGGGCGGTCAAG,54,446864
acrZp,1.1379310344827587,60,28,GGTTCCGTACCCGTTACGTT,32,416031
acrZp,0.9655172413793104,55,28,GGGGAACTAGAGAGAGGGCT,27,412693
acrZp,0.6551724137931034,46,28,GCTAATATTTCCTTTACATA,18,440485
acrZp,2.9655172413793105,113,28,GAGGGCAGGCTAATCGGCCT,85,420266
acrZp,1.5517241379310345,72,28,GAGAGGCGGGAGTTCATTTT,44,439501
acrZp,0.1724137931034483,32,28,GACACTTCACGGCTGTGCTA,4,414542
acrZp,0.6551724137931034,46,28,CTTAGCTACGAAACTTGAAA,18,445136
acrZp,1.7241379310344827,77,28,CTGTCTCGCTATACTGGCGC,49,426532
acrZp,0.2413793103448276,34,28,CTGGTAAGCTTGTGAGCCAG,6,420067
acrZp,0.27586206896551724,35,28,CTCATCGCCGTTCTCGCGGG,7,412032
acrZp,3.6551724137931036,133,28,CGTCCATTAGGGTCGAGCCA,105,417738
acrZp,0.06896551724137931,29,28,ATGTCTCGCCAAGACGCTGT,1,449958
acrZp,1.4827586206896552,70,28,AGGCCGATTCAACCACTTGT,42,435338
acrZp,1.7857142857142858,76,27,TTCGACAACCGTCCGAACGC,49,459798
acrZp,0.9285714285714286,52,27,TGTCTCTAATCCAAGTACTT,25,427236
acrZp,2.25,89,27,TCGTATTATGCCACGGGAAC,62,448977
acrZp,0.39285714285714285,37,27,TCGGGGTATGTATGTTTTTT,10,444613
acrZp,0.6428571428571429,44,27,TCGATTTAAATCTTCCTGTA,17,451140
acrZp,0.6785714285714286,45,27,GTGTCGTCCTGAGGCTGCGA,18,414013
acrZp,0.6785714285714286,45,27,GTGCATATGAATGACGTCCG,18,410088
acrZp,0.6428571428571429,44,27,GTACAAGTCCGCTCTCAAAT,17,416553
acrZp,0.39285714285714285,37,27,GTAACGATTAGATTAAGTGA,10,427874
acrZp,0.7142857142857143,46,27,GGGGGATCGGTATGGAAACG,19,435904
acrZp,0.6071428571428571,43,27,GGGGCACGCCGTGAAAATGT,16,452822
acrZp,0.07142857142857142,28,27,GGATGCGTACGAAGGAATCC,1,460740
acrZp,0.8928571428571429,51,27,GCTTGCAATGAGCTTAGATC,24,444775
acrZp,0.5357142857142857,41,27,GCGAGGCGACTCGGCGAGAT,14,455233
acrZp,0.6071428571428571,43,27,CTCTGGCGGATCAGGGTATT,16,410509
acrZp,0.8571428571428571,50,27,CTCAGTGGGCGACGAAGACT,23,413101
acrZp,0.32142857142857145,35,27,CGGGCACTGCACCAAGTGTT,8,418804
acrZp,1.5,68,27,AGGGCGTAGCGAGGCTATTG,41,451238
acrZp,1.1428571428571428,58,27,AATGCACTTTAGGCTTGGAC,31,413417
acrZp,0.7857142857142857,48,27,AACCTAGCCCATGGGTTCTT,21,446866
acrZp,1.3214285714285714,63,27,AAACATCAGGAGTTAAGCAG,36,411517
acrZp,0.7407407407407407,45,26,TTTTACGGCCCCGGTAACGA,19,417611
acrZp,0.48148148148148145,38,26,TTCGACTAGGGAGTGGTCCT,12,409752
acrZp,2.037037037037037,80,26,TCGGATATGCGGGATCATTC,54,448275
acrZp,0.4444444444444444,37,26,TACTTGACGAGCGATGTAGT,11,438923
acrZp,0.4074074074074074,36,26,TACCAAAAGCATACATAGGG,10,417997
acrZp,4.037037037037037,134,26,GTTGTCCGGTCGAGCGATCC,108,452208
acrZp,0.37037037037037035,35,26,GTACAGTTTCAGTCAAAGAT,9,434184
acrZp,0.5555555555555556,40,26,GGCAATAGGGCGTCTAGGGG,14,446172
acrZp,0.48148148148148145,38,26,GCGGTCTGGGCGCCCATGCA,12,426931
acrZp,0.7777777777777778,46,26,GCATACCAAAGTCCCGGGCT,20,409753
acrZp,1.3703703703703705,62,26,GCAACCCTAACGCCATCTTT,36,445637
acrZp,1.4074074074074074,63,26,CTGTGCAGACCGTTAGCGGG,37,426509
acrZp,2.8518518518518516,102,26,CGAGCCAACACGGCTATCGT,76,448955
acrZp,0.25925925925925924,32,26,CAGGTTTCGTGAGACGTGCG,6,459557
acrZp,3.037037037037037,107,26,CACGCCCGAGGAGTATCAAA,81,433443
acrZp,0.07407407407407407,27,26,CACATAGTCAGGTTAGACTA,1,462875
acrZp,0.7037037037037037,44,26,CAAGTCCGCGGGGCAGGTCT,18,460160
acrZp,0.5185185185185185,39,26,CAACCCCAAATCACTCTTCA,13,459543
acrZp,2.037037037037037,80,26,ATATGACTTTGGAAGGTTAT,54,452976
acrZp,0.5555555555555556,40,26,AGGGGCTAAAGATTTTATAC,14,419223
acrZp,1.1111111111111112,55,26,AGGGCATTCAACCATCCATG,29,444695
acrZp,0.6666666666666666,43,26,ACACAGTTATGTCCAATATC,17,411725
acrZp,3.5925925925925926,122,26,AAGCCGTGGTAACGTTGCGT,96,428346
acrZp,1.2592592592592593,59,26,AAAGGTTCCTTATACCACTT,33,420223
acrZp,1.4615384615384615,62,25,TTGAGCCGCCGTCGTGCCGA,37,426389
acrZp,0.3076923076923077,32,25,TGTGCCCGAGCTTACGACGG,7,430592
acrZp,0.2692307692307692,31,25,TAACATTATTTTTATAAGTA,6,451051
acrZp,0.8846153846153846,47,25,GTAATAGCAAAGTGTATGCT,22,417244
acrZp,1.2692307692307692,57,25,GCTGAATGGACCCCTACTAG,32,410505
acrZp,0.34615384615384615,33,25,GCGCGTGCACTCAATTTTGA,8,444495
acrZp,1.3076923076923077,58,25,GCCTAATGCTAGAAAGCACA,33,413710
acrZp,1.4615384615384615,62,25,GCACCCTAGTATTCGCCAAA,37,440796
acrZp,0.38461538461538464,34,25,CTGGATGTTTATGCTCCTCT,9,436041
acrZp,0.8846153846153846,47,25,CCTCGGTGCTGATCACGGAC,22,413847
acrZp,0.07692307692307693,26,25,CCGTTCAGTTTATGAGTCCC,1,450763
acrZp,1.6538461538461537,67,25,CATTACACAGCCAGCTGGTG,42,448517
acrZp,1.3076923076923077,58,25,ATGGCTCCTGGGAGTAACAA,33,419879
acrZp,2.8076923076923075,97,25,AGGATAGTATTTCGCCGGAT,72,453169
acrZp,3.0384615384615383,103,25,AGGACATAAGTACTTGTATG,78,459387
acrZp,0.9615384615384616,49,25,AGCGGGAGACCGACACCGGA,24,436463
acrZp,0.2692307692307692,31,25,ACGTTATTCAGTACCTTGGG,6,453057
acrZp,0.11538461538461539,27,25,ACGGACCACACAATGAATAA,2,437216
acrZp,2.8076923076923075,97,25,ACCTCGGACTTCTGACAAAA,72,457423
acrZp,0.2692307692307692,31,25,ACAACGGCGTGAAACTCTAT,6,409127
acrZp,0.5769230769230769,39,25,AATGGTGGGAGAGCAATTTA,14,432271
acrZp,0.8461538461538461,46,25,AATGGGAAAGGACAGTTGCT,21,423749
acrZp,2.2,78,24,TTTCCTTTTGCTGGCGACTG,54,453987
acrZp,0.36,32,24,TTTCCGTACATGTCCCTAGT,8,463887
acrZp,0.08,25,24,TTGTCCGATCTACCAGACGA,1,455961
acrZp,1.2,53,24,TTAGCGGCGCGGGGCGTCCA,29,453227
acrZp,0.6,38,24,TGGTCTTCGTTGGCAAGGTT,14,420332
acrZp,0.92,46,24,TGACGTCTTTTTTCGAAAAA,22,445843
acrZp,1.68,65,24,TCTTGCGAACCTCCGTGGCC,41,411013
acrZp,0.52,36,24,TCGGCACGCACCCTATGAAT,12,419080
acrZp,0.44,34,24,TCGCCTACTAGACTTCACTA,10,447607
acrZp,1.44,59,24,TCGACTCAAAGCCTAGATGT,35,451357
acrZp,3.6,113,24,TATGTGTAGAGATGAGTAGT,89,443413
acrZp,0.56,37,24,TATACCCACTCAGCTGCCTT,13,420393
acrZp,0.6,38,24,TAAAGCTGAACTCCTGCCCG,14,420417
acrZp,1.44,59,24,GTGGTTCGAGGGTGATTTTA,35,428234
acrZp,0.08,25,24,GTGAGGTGGGATGAATGAGT,1,414023
acrZp,5.04,149,24,GTCATAGTCCGATGGTCTGA,125,447230
acrZp,1.0,48,24,GTAATCCGAGCAGTAGTCCC,24,434012
acrZp,0.76,42,24,GGGATTAAAGGACCGCAAGC,18,412782
acrZp,0.88,45,24,GGACAAGGCCTACCTACACG,21,440961
acrZp,0.08,25,24,GCTCCCCGATCGTTGTACTG,1,427875
acrZp,1.44,59,24,GAACAGGTCTAATAAAGGGG,35,422587
acrZp,2.24,79,24,CTTATTTTAGGCTTGTATAG,55,443867
acrZp,0.24,29,24,CTCTTAAGGCTACATCACAT,5,442579
acrZp,2.0,73,24,CTCACCACGAAACATCAAGA,49,414024
acrZp,1.52,61,24,CGTCTGCCAAGGCGAGAAGC,37,448908
acrZp,1.04,49,24,CGTCCCGTGTTCAGGGTATA,25,412558
acrZp,0.96,47,24,CGGCTGTGCCTCCACAAGTA,23,423440
acrZp,1.16,52,24,CGAGACCGAGGAGATTACGG,28,435251
acrZp,1.08,50,24,CAGTTGGGCCTAAACGGCTT,26,408751
acrZp,1.52,61,24,CAGCGCCTCATTAGCCCTGT,37,415296
acrZp,1.16,52,24,CAATCCCCGCGCCAGCCATT,28,418136
acrZp,0.8,43,24,ATTGAATGTAACCCCACCTG,19,438158
acrZp,0.96,47,24,ATCCTTCGATCATGGCGCAG,23,452089
acrZp,0.48,35,24,AGTTTCCTTCAGGTAGGTTT,11,415752
acrZp,2.96,97,24,AGGTTTATGCCTTTGGGCAA,73,431231
acrZp,1.0,48,24,AAAGGAGGGGTGAATGCGGT,24,465800
acrZp,0.8,43,24,AAAATAAAGCTTGATAGGCT,19,416368
acrZp,2.4583333333333335,81,23,TTTTCCGGGTAGACCATAAA,58,450297
acrZp,0.75,40,23,TTTGCGGATGTCGTGCAAAA,17,448060
acrZp,0.125,25,23,TTGTGTATCCACTTTGCATA,2,415860
acrZp,0.3333333333333333,30,23,TTGAGATAAGAGGATTATGG,7,421514
acrZp,2.25,76,23,TCAGCAAAGTAGGGCCGGAT,53,446454
acrZp,2.125,73,23,GTGCAAGTAGATATTTGAGT,50,464180
acrZp,1.0,46,23,GTACAAATATAGAAGTTGGA,23,414359
acrZp,0.5416666666666666,35,23,GGTTCGCGTGAAAGGCCGGA,12,419665
acrZp,1.4166666666666667,56,23,GGATTCTCAGCCCAACAATT,33,459376
acrZp,0.6666666666666666,38,23,GGATTACTTTCGTTAGAGTG,15,444964
acrZp,1.875,67,23,GGACATTCGGGCATCAAGCT,44,422712
acrZp,0.9166666666666666,44,23,GATGAGCAGGGCGGCAGGGT,21,415913
acrZp,0.9166666666666666,44,23,GAATTACCGTAGCAAGGCCC,21,455801
acrZp,1.0833333333333333,48,23,GAAGGAACGGTCTTCACCAG,25,446446
acrZp,1.0833333333333333,48,23,CTTATCTCTGTATGTCGTTA,25,448058
acrZp,0.75,40,23,CTCTTCCCCTACTGGCCAAA,17,418957
acrZp,1.375,55,23,CTCCATCGAAGCATAGTTCT,32,457655
acrZp,1.9166666666666667,68,23,CGTGGTCTGTTGCCCGTCCG,45,420222
acrZp,0.75,40,23,CGTAGGACTGGGCGTTATCA,17,435833
acrZp,0.7083333333333334,39,23,CGAAATTATTGTTACACAAT,16,408954
acrZp,1.2083333333333333,51,23,CCCGCAGAAGGCTTGGGGAC,28,409130
acrZp,0.16666666666666666,26,23,CAGTGAAAAATTCAGGGCAA,3,453873
acrZp,2.125,73,23,CAACATCGTGAGTTGCCGGA,50,446272
acrZp,2.375,79,23,ATGTGGGCTGACGGCTGGAT,56,417450
acrZp,0.3333333333333333,30,23,ATAATGTACTTAACCAGTTC,7,432350
acrZp,1.0833333333333333,48,23,AGCCTTAGAAGGTGAAGTAT,25,411958
acrZp,0.375,31,23,AGATGGCGCGTGCACATCTG,8,412814
acrZp,0.9583333333333334,45,23,ACTTGAGTCAGATGACCCTA,22,413761
acrZp,0.5,34,23,ACTCAGCCCTCGTAAATTTC,11,421841
acrZp,6.375,175,23,ACAAAGAGCGTTGCGTGCCT,152,434665
acrZp,1.375,55,23,AAGTTGAATCTCCCCGGAGC,32,421344
acrZp,0.2916666666666667,29,23,AAAGCGTTATGGCGTCAACA,6,451007
acrZp,0.782608695652174,39,22,TTACCGGCGCCGAAAATTTT,17,427729
acrZp,1.0434782608695652,45,22,TGTGGTAAGTGGCTAAACAT,23,439426
acrZp,2.217391304347826,72,22,TGAGAGGAAAGGGGATTTAG,50,427686
acrZp,0.6086956521739131,35,22,TCTGCAGGAGTATAGACCCT,13,413658
acrZp,1.5217391304347827,56,22,TCGTGCTACCACCTACACTA,34,429026
acrZp,1.0869565217391304,46,22,TCGAGTCCTCTCGGGGGCAG,24,422061
acrZp,1.6956521739130435,60,22,TATCGTGATGCGTCCAGGCT,38,417887
acrZp,0.43478260869565216,31,22,TACTTGCGGTGACACTTCCT,9,419947
acrZp,1.0434782608695652,45,22,GTTCTGTACATGGGTACGAA,23,426678
acrZp,0.8695652173913043,41,22,GTCGGGATCAGTTGCATTGT,19,451092
acrZp,0.8695652173913043,41,22,GTCATATACTTGAGTTTCTA,19,410455
acrZp,14.565217391304348,356,22,GTAAAGGGCAGACAGTATGA,334,464932
acrZp,1.608695652173913,58,22,GCTGACGCGAGGGCCGTGCA,36,411492
acrZp,0.6521739130434783,36,22,GCTAACAAACCACCCATGGA,14,409404
acrZp,3.130434782608696,93,22,GCAGATTGCAGGCGTGCTGT,71,420506
acrZp,1.2608695652173914,50,22,GACTGCTAGTCACAGCGGGA,28,415876
acrZp,2.347826086956522,75,22,CTTAGTCTTATTGCATTATT,53,448844
acrZp,4.913043478260869,134,22,CTGTGTCGCGGAAGCGCGGG,112,412930
acrZp,0.08695652173913043,23,22,CTACTTACCTACGATTCGGT,1,434470
acrZp,0.9130434782608695,42,22,CGTGTCGGAAAATGGATTTC,20,422800
acrZp,0.391304347826087,30,22,CGGTTTGATACGGCGACACC,8,417122
acrZp,0.9130434782608695,42,22,CGCTGTGAAAGTGAGGGAGC,20,422350
acrZp,0.5652173913043478,34,22,CCGCCTTCTGTCTAGCGCGT,12,412685
acrZp,0.08695652173913043,23,22,CCCAAAGGTGACCGGCGGGA,1,416309
acrZp,1.5217391304347827,56,22,CCATTCTGTGTACCGAAAGG,34,421648
acrZp,0.6956521739130435,37,22,CCACAGCGGTGTTACCTGGA,15,464529
acrZp,2.0869565217391304,69,22,CAGGAGCTCTAGCAAATTAC,47,452801
acrZp,1.5217391304347827,56,22,CACCCCTAGCGTAAGGACGT,34,413107
acrZp,0.5217391304347826,33,22,CACAAACTTGGCTCCGCTCA,11,428267
acrZp,1.173913043478261,48,22,ATTTGGGGTCCACGGGGCCT,26,441448
acrZp,1.434782608695652,54,22,ATTACTATAAAAGTTATTGA,32,441334
acrZp,1.826086956521739,63,22,ATGTTGAACTCGGCTAGTAA,41,440363
acrZp,2.782608695652174,85,22,ATGGTTACATGCACATCGCT,63,413165
acrZp,0.5652173913043478,34,22,ATCTGGCGCCACACCTACGT,12,432868
acrZp,0.13043478260869565,24,22,ACCTGAACAGGGCAGTAGCA,2,453845
acrZp,1.2608695652173914,50,22,ACCCTACTGGGAGGATAACT,28,449328
acrZp,2.347826086956522,75,22,AATTCGTTAAAAAAGTAGGT,53,415806
acrZp,1.1304347826086956,47,22,AATGACCACAGTCACCGGAG,25,462635
acrZp,0.5454545454545454,32,21,TTGCTACAGTTTTCGTTCGT,11,409009
acrZp,1.1818181818181819,46,21,TTGACCGGTCTACTTTATAA,25,434954
acrZp,1.2727272727272727,48,21,TGTGGTGTCCACAGAGCGAG,27,432511
acrZp,2.0454545454545454,65,21,TGTGACCAGGAGCTCTGTGG,44,427738
acrZp,0.09090909090909091,22,21,TGTCAAGTACGGTAATTCTC,1,435573
acrZp,1.5,53,21,TGTACTGTGTGTGCATTAAT,32,440682
acrZp,1.5,53,21,TGGTATACGAGATTTTGTAT,32,462133
acrZp,0.09090909090909091,22,21,TGGGCGGAAAGCCTAACGGT,1,422810
acrZp,1.3636363636363635,50,21,TGGATGGACCTGGTGGACGC,29,456869
acrZp,0.09090909090909091,22,21,TGAGACTAAGATACTTGTGT,1,461186
acrZp,1.1818181818181819,46,21,TCGTGCTATCATACCACCTT,25,445933
acrZp,0.5,31,21,TCGAAGCTGTGGATATATTA,10,417656
acrZp,1.3636363636363635,50,21,TAGAGTACATGGATACAGCT,29,421117
acrZp,0.9545454545454546,41,21,GTTTCCCGCGTGAAAGCACC,20,446398
acrZp,0.5,31,21,GTGAAGGTGTAGCCTTCGGT,10,460397
acrZp,1.0,42,21,GGTTATTCTAGTACCGACGC,21,430300
acrZp,0.36363636363636365,28,21,GGAAGTGATTTGTATGTCCT,7,433557
acrZp,0.9545454545454546,41,21,GCTCTCTCCGATCATCGTCA,20,441293
acrZp,0.09090909090909091,22,21,GAGAAAAGACCGGCTGTATA,1,422107
acrZp,0.4090909090909091,29,21,CTATGGATGCACTAGACATT,8,412115
acrZp,1.9545454545454546,63,21,CTACAATGAAACCCGATCCC,42,455035
acrZp,6.2272727272727275,157,21,CGGGGGCTCAGGATGCCTAG,136,425312
acrZp,1.3636363636363635,50,21,CGGGCGTGACCGTCTCTTCA,29,448835
acrZp,0.9090909090909091,40,21,CGGCCCGTGATCAGATCTGA,19,418632
acrZp,1.9545454545454546,63,21,CGAGAAAGGGTACTATTGTC,42,426031
acrZp,1.2727272727272727,48,21,CGACTCAAAATTGGTGTTCA,27,441196
acrZp,0.5454545454545454,32,21,CCGCGGCTTGAACACGAGGG,11,418639
acrZp,2.227272727272727,69,21,CCACACGCAGTGCACTCGCC,48,408855
acrZp,3.227272727272727,91,21,CAGTACACGGGCATAGTCTA,70,411061
acrZp,1.3181818181818181,49,21,CAGGGTCCATTCCTGGGTTT,28,418633
acrZp,1.7727272727272727,59,21,CAGACCCTGGGACTCTTAGA,38,410506
acrZp,1.1818181818181819,46,21,CACTAGCCATGGTTACGGTG,25,442142
acrZp,0.6363636363636364,34,21,CACGTAAAGTTCAGGAAGAT,13,427564
acrZp,0.6363636363636364,34,21,CACGCCGCCTTCCATGACTT,13,432387
acrZp,0.6818181818181818,35,21,CAAGTTTAGCAACTGGAGTA,14,449272
acrZp,1.5909090909090908,55,21,CAACCAAGTTGGCTATAGGA,34,435064
acrZp,1.0454545454545454,43,21,ATGTATTCGCTGTCAGGGAA,22,441988
acrZp,0.36363636363636365,28,21,ATCTTTAAGAGTGTTTCTCA,7,447295
acrZp,2.5454545454545454,76,21,ATATACCAGGCCGGGCGAAC,55,439162
acrZp,2.227272727272727,69,21,ATATACATGTGATGAGCCGT,48,435067
acrZp,0.6363636363636364,34,21,AGTCCAGAGAACTTTAAGAA,13,413103
acrZp,1.4090909090909092,51,21,AGGAGGAAATAACGACCTGA,30,430976
acrZp,0.4090909090909091,29,21,AGCTCTCGGTCCCTCACGGT,8,419015
acrZp,3.909090909090909,106,21,AGCTAGGGAGCCATACCCAA,85,459897
acrZp,1.2272727272727273,47,21,AGCCTAGATGGGCCGTTTAT,26,461535
acrZp,2.5454545454545454,76,21,AGCCCTGCTTTGCATGCGAG,55,423864
acrZp,1.5454545454545454,54,21,AGATCCAATACTAGCGTTTA,33,423130
acrZp,0.9090909090909091,40,21,ACGCGGGTAAGAGTGCCAAG,19,448846
acrZp,1.0909090909090908,44,21,ACCCCGTCGCAATCGCGACA,23,408863
acrZp,0.5454545454545454,32,21,ACATGTAGGGGACAAGGTGT,11,420165
acrZp,0.09090909090909091,22,21,ACAGACCTGCAGCTCACCAT,1,462672
acrZp,1.7727272727272727,59,21,ACAATGGCATAGTCGAGCTT,38,426692
acrZp,1.0454545454545454,43,21,AATGGTCCTGGCGATTGCCA,22,432219
acrZp,1.1818181818181819,46,21,AAACGCATTTTAAATACCAG,25,424541
acrZp,2.0476190476190474,62,20,TTGAGCCACCAGTTCTCTCT,42,460318
acrZp,0.8571428571428571,37,20,TTCTCTGCGTCATTTCACTC,17,430686
acrZp,1.3333333333333333,47,20,TGGAATCGAAGCCCGTATAC,27,424317
acrZp,1.1904761904761905,44,20,TGCTTTATACAAAGGGAAAT,24,427727
acrZp,1.7142857142857142,55,20,TCTTGGCATGCCGCATACAG,35,453444
acrZp,3.380952380952381,90,20,TCTGGATCACTTTTGTCGAA,70,417037
acrZp,2.238095238095238,66,20,TCTCCTAAAGAACTTCATAG,46,450570
acrZp,3.8095238095238093,99,20,TCGGATCCCAATTATATTGT,79,421220
acrZp,1.8571428571428572,58,20,TCGCGCCTTCTCATTAATGA,38,457004
acrZp,2.7142857142857144,76,20,TCCGGTTCGGTCTCTTTTAG,56,434505
acrZp,0.42857142857142855,28,20,TCACTCGGTACGGTTTTCCT,8,443386
acrZp,1.0,40,20,TCACGCTTTAATATACGTCT,20,454289
acrZp,0.7142857142857143,34,20,TAAGCGAGTTTAGTAACCAA,14,425438
acrZp,0.7142857142857143,34,20,GTGCTGGGCTAGGCTTTTTT,14,417769
acrZp,1.8571428571428572,58,20,GTCCCTAGGCCTACGTAATT,38,417835
acrZp,4.476190476190476,113,20,GTCATTGCGGGCATAGACTA,93,465512
acrZp,0.7619047619047619,35,20,GTATCTTAAGATAGTAGAGA,15,440365
acrZp,2.4285714285714284,70,20,GTAGCCCGAGTCGATAGGAA,50,437340
acrZp,0.8571428571428571,37,20,GGTCCAGACCTCGTAGCGTC,17,447121
acrZp,1.8095238095238095,57,20,GGGCTAAGGCTCGATCCGCA,37,410694
acrZp,0.19047619047619047,23,20,GGGCATGTTTTGCAAATAGT,3,426227
acrZp,1.4761904761904763,50,20,GCGTTTGTTACCCTAGTAGT,30,410518
acrZp,0.9523809523809523,39,20,GCGTTACTTGACGTGGAGTG,19,433821
acrZp,0.3333333333333333,26,20,GCGTGCATTGCTGACGGGTT,6,408687
acrZp,0.6190476190476191,32,20,GCGACAATTGAGCTTCGAGA,12,414520
acrZp,1.7619047619047619,56,20,GCCACCGGCTCACCGAGGCG,36,459795
acrZp,0.47619047619047616,29,20,GCATAAATGCGACTACGAAC,9,461743
acrZp,11.285714285714286,256,20,GCACCTTACTCCATTGGTTG,236,417435
acrZp,0.7619047619047619,35,20,GAGGCTGTGCTGCGCTGTAC,15,433953
acrZp,1.4761904761904763,50,20,GAAGAGCGCAACTCTAAAAA,30,437389
acrZp,3.142857142857143,85,20,CTTAGAGGTGACGACAGACC,65,461787
acrZp,1.6666666666666667,54,20,CTATTTTCATCGAGCTTTGG,34,411886
acrZp,0.8571428571428571,37,20,CGTTTATATCATGGCTACGC,17,425521
acrZp,2.142857142857143,64,20,CGTGGAATCTAGGATTATTG,44,427013
acrZp,1.0,40,20,CGTGCTTTTGGGGGGCATAT,20,436621
acrZp,1.380952380952381,48,20,CGTAAGCGTCCTCCCATGAT,28,451784
acrZp,1.619047619047619,53,20,CGGTGCTAGTTATCATGCTA,33,463847
acrZp,0.3333333333333333,26,20,CGGTCAAAAATCTACCTCCA,6,445131
acrZp,1.0,40,20,CGGATTAGTGCCCGCGTGCT,20,436853
acrZp,1.6666666666666667,54,20,CGATTATGTCGATATGAAAA,34,435383
acrZp,1.1904761904761905,44,20,CCGGGACTTTTTTCATCTTA,24,449797
acrZp,1.4285714285714286,49,20,CCGGCAGTAAATATGCGGCT,29,432956
acrZp,1.3333333333333333,47,20,CCATTGTCGCGTGGCGACCT,27,431911
acrZp,1.2857142857142858,46,20,CCACTTTGACCAGAGTTACT,26,450380
acrZp,0.8095238095238095,36,20,CCAAGCGGGCCTGGAAGTAA,16,418765
acrZp,1.4761904761904763,50,20,CCAAAGCCCCATGTGATGGT,30,409049
acrZp,0.7619047619047619,35,20,CATTTAATCAATGGATTTGA,15,428593
acrZp,14.666666666666666,327,20,CATGGGCGGCGAAACCATGT,307,464543
acrZp,0.7619047619047619,35,20,ATGCTGTAGGGAGATAGTGC,15,426839
acrZp,1.1428571428571428,43,20,ATCTTGGGGGCGTGAGGATC,23,428839
acrZp,0.6666666666666666,33,20,ATCGTTGGTATTTCCTGATA,13,443663
acrZp,1.0952380952380953,42,20,ATAATTGGGGAGAGGCACTC,22,454473
acrZp,1.380952380952381,48,20,ACTTGTCTACTATGTGTATT,28,413985
acrZp,4.619047619047619,116,20,ACCGTTCATGTGCCTACTGG,96,464934
acrZp,2.1904761904761907,65,20,ACAATCATTCGTGATGGAGC,45,411771
acrZp,0.9523809523809523,39,20,AATCATATGTTGGCTGGTGT,19,442927
acrZp,5.571428571428571,136,20,AATATGATGTCCGGAACATA,116,433145
acrZp,1.2857142857142858,46,20,AATAGTAGCGTGTGAAACCT,26,414170
acrZp,1.0952380952380953,42,20,AAGCTCATTGGATTCTCAGA,22,449819
acrZp,0.6666666666666666,33,20,AACCGCAAGCGTGACGACCA,13,427898
acrZp,0.55,29,19,TTGGAGCGCTTCTCCGAGCA,10,413659
acrZp,0.8,34,19,TTCATGCCCAGTTTCGGTGG,15,443664
acrZp,2.1,60,19,TTATGGCTGGCTAAGACCGG,41,428316
acrZp,1.45,47,19,TTATGAGCACAACTCTTAAG,28,451171
acrZp,0.95,37,19,TTAGGGGGGACGGGCGCCGT,18,423086
acrZp,4.05,99,19,TTAGAACAGTGCCCGGCTCG,80,440537
acrZp,0.9,36,19,TGGACCAGCGCAGAATGGAA,17,451984
acrZp,1.85,55,19,TCGGATGTCACACATATTGC,36,442761
acrZp,1.65,51,19,TCGCGTAACCGCAAGATTGC,32,428188
acrZp,0.75,33,19,TCGAGCCCGTGTGCACCCCC,14,422257
acrZp,0.4,26,19,TCAGCAGCGTGGCTGAGGAT,7,411519
acrZp,1.7,52,19,TATGCAGCCTGGGGAAGGCC,33,415669
acrZp,2.9,76,19,TATCACGCTGGCCCTAGCAG,57,426462
acrZp,0.1,20,19,TAGGAGCGCTCTAAGTTGTT,1,414764
acrZp,2.8,74,19,TAGGAAGAATAAGTCTTGCG,55,421364
acrZp,1.95,57,19,GTTAGGTGTAGCGTGCAATT,38,424531
acrZp,8.8,194,19,GTGTACAGACTCGAATAGCG,175,408796
acrZp,0.8,34,19,GTATCCGCTTTCGCCCCAGT,15,421643
acrZp,1.15,41,19,GGGATACCTAGTGGGAGACA,22,451709
acrZp,0.6,30,19,GGCCCACGTGAGCAAGGGAG,11,425394
acrZp,1.1,40,19,GCTAGGGACATCGAGGGTGC,21,417808
acrZp,0.95,37,19,GCCGGTTATGTAATGTCAAA,18,422415
acrZp,1.0,38,19,GATGATCCGACATGGGGAAA,19,446170
acrZp,1.8,54,19,GAGAACTGCTTGTGTACAGA,35,451705
acrZp,0.9,36,19,GACTACCCTATGGTGTGGTT,17,448581
acrZp,3.55,89,19,GAATATTCTCACAAAGACCG,70,422544
acrZp,0.7,32,19,CTTGGAATTTAGAGGCCTTT,13,460773
acrZp,0.35,25,19,CTTCTGTTCACGGTCGGTGA,6,412982
acrZp,2.2,62,19,CTCTTGAAGGTGGGGCACAG,43,408755
acrZp,0.7,32,19,CTCCGGCTAAATGTACTTAA,13,433323
acrZp,0.65,31,19,CTCCATATATTATGAACGTA,12,411016
acrZp,0.95,37,19,CTCCAGGGTCTAAACGAGTG,18,417629
acrZp,2.2,62,19,CTCATCATCGAGTATCAATT,43,439847
acrZp,1.6,50,19,CTAGAGGTTGATCAAAGGGT,31,458140
acrZp,0.85,35,19,CTACCCCAGTCACTTCGTCA,16,409165
acrZp,1.15,41,19,CGCCGCGAGGATTTGCAATG,22,418192
acrZp,0.75,33,19,CGAAGTTTGCTAAAAGTCTC,14,421756
acrZp,3.65,91,19,CCCTACTATCGGCCTTCGAC,72,415243
acrZp,3.45,87,19,CCCCGGGAACGTCCGTTACA,68,464057
acrZp,1.1,40,19,CCCCAGAGTAAGAAGGTACA,21,460972
acrZp,3.45,87,19,CCATCGAGTCCTGCAAGACT,68,429527
acrZp,2.2,62,19,CAAGTATATTGGCTCCTACT,43,424666
acrZp,2.35,65,19,CAAGGGGTAGGTTTAGGTGT,46,461600
acrZp,1.75,53,19,CAACCGAAGAAAGGTGCGTC,34,438884
acrZp,1.6,50,19,ATTTTTCTGACTGCGTAGGA,31,438833
acrZp,0.1,20,19,ATTCTTTATGTTAAAAGTCT,1,429228
acrZp,1.0,38,19,ATTCCGGCAAGGTGCCGCCC,19,410882
acrZp,1.1,40,19,ATGTATGCCTAGCAAACCTA,21,436905
acrZp,0.75,33,19,ATAAATTTACAATAAGAAAA,14,416560
acrZp,0.1,20,19,AGGTGCTGCACTGCCGCGCG,1,411642
acrZp,0.65,31,19,AGGTCGTTAGCGCAGAGCCT,12,465028
acrZp,0.7,32,19,AGCGGACCAGCAGTTCGGCG,13,452438
acrZp,0.55,29,19,AGACAACAAGACCATTGTGT,10,426924
acrZp,1.65,51,19,ACTGGACTCACGAACTCTCC,32,433711
acrZp,0.6,30,19,ACTCGGTTTTATTTACGTGT,11,451975
acrZp,0.9,36,19,ACTCAGATGAGCACTTCGTT,17,422215
acrZp,0.15,21,19,ACCCGTATGCTCGACGGATC,2,454010
acrZp,4.0,98,19,ACATAGTGAGCGGGTAGACG,79,435007
acrZp,1.5,48,19,ACACTGGCGAGCAGGCACCT,29,455780
acrZp,0.4,26,19,AATTGGCTACAGTCCCAGAT,7,461267
acrZp,0.75,33,19,AAGCCCTTAAGTTTTTGATT,14,422237
acrZp,0.85,35,19,AAGACGCGACCGTCCCTTGT,16,410575
acrZp,0.6,30,19,AACGACCGCTTAACGGTGGA,11,447792
acrZp,5.05,119,19,AACATCGCTCACAGACAATC,100,465470
acrZp,0.85,35,19,AAACGGCTCTGATTGAGTAT,16,435747
acrZp,0.7894736842105263,32,18,TTTGCCATGCCTCCGTCCAC,14,420514
acrZp,1.5263157894736843,46,18,TTGTTCTTATTGTGGAACCT,28,423508
acrZp,0.5789473684210527,28,18,TTAATACCAGGCCAGCCTTA,10,457066
acrZp,1.0,36,18,TGGAGCCGGTCTAGACATTG,18,415437
acrZp,2.0,55,18,TGCGTTCTGTTACCAATAAG,37,432628
acrZp,0.3684210526315789,24,18,TCTGGAGTGCTTTTTTTTCG,6,457259
acrZp,0.9473684210526315,35,18,TCTCGTATCTTCAACGCCAT,17,464698
acrZp,1.4736842105263157,45,18,TCGTGTGTGCATCGCATCAC,27,459540
acrZp,0.7894736842105263,32,18,TCGTGAACTACACTGGTAGG,14,411879
acrZp,0.6842105263157895,30,18,TCGAAGCGCACTCTATGTTA,12,444082
acrZp,2.8947368421052633,72,18,TCCCACAGAGATGGCTGTTT,54,450064
acrZp,3.0,74,18,TCATGTCGCACACTTCACAG,56,434190
acrZp,0.9473684210526315,35,18,TATGGAACCTTAAGAATCTG,17,427145
acrZp,1.736842105263158,50,18,TATCTTGTGTGAGAGTACGT,32,442972
acrZp,0.7368421052631579,31,18,TAGGTTTGCGCGAATCACTA,13,428494
acrZp,2.6315789473684212,67,18,TACGGGGCAGCTGAGATTCT,49,448800
acrZp,2.3684210526315788,62,18,GTTATTGCGAACCCACCGCA,44,459076
acrZp,1.0526315789473684,37,18,GTGGGTCGGTCCCCACCATA,19,424605
acrZp,0.8947368421052632,34,18,GTCATTTTGGTTATCTCGAA,16,449408
acrZp,2.210526315789474,59,18,GTATAGGGACAGGTTTACGT,41,450062
acrZp,0.10526315789473684,19,18,GTAACGGTATCGCCGACGGC,1,412297
acrZp,0.3684210526315789,24,18,GTAAACAGCACGTGCATCAA,6,426401
acrZp,0.6842105263157895,30,18,GGTCCGTATTAGTCACTTAG,12,465416
acrZp,0.631578947368421,29,18,GGTATTAGATACGCTTGGCA,11,422896
acrZp,1.263157894736842,41,18,GGTATCTATATCGTCAGAGT,23,448006
acrZp,1.0526315789473684,37,18,GGGTACTTTAAAACATTTCA,19,413638
acrZp,0.10526315789473684,19,18,GGAGTGCGGCGACATCCGAC,1,412632
acrZp,0.47368421052631576,26,18,GGACCTCACGCCACGAGCTT,8,428978
acrZp,1.105263157894737,38,18,GGAACTGACCTCACGTAGTG,20,409998
acrZp,0.6842105263157895,30,18,GCTTTCTCGTGTCTAAGATT,12,428320
acrZp,0.2631578947368421,22,18,GCTTCCCGATGTACGTAATA,4,432260
acrZp,1.1578947368421053,39,18,GCTGTTTGGTATACCAGTCT,21,439928
acrZp,0.7368421052631579,31,18,GCTCACATAATGTTGCAATG,13,461108
acrZp,0.9473684210526315,35,18,GCGATTGGTACTCGATGTCG,17,441248
acrZp,0.7894736842105263,32,18,GCCAGTCCGAAAGAGACTCC,14,421714
acrZp,2.6842105263157894,68,18,GATGTACGGTTACCAATTCG,50,415308
acrZp,1.736842105263158,50,18,GAGGAAGACGGCTTCGCGAT,32,422803
acrZp,1.2105263157894737,40,18,GACCTGCCATGCCTCCCCAT,22,435466
acrZp,4.947368421052632,111,18,GAATGCCAGATCGCATAGAA,93,412940
acrZp,3.3684210526315788,81,18,CTCCTCGAAGGGGATTACCT,63,464477
acrZp,3.0526315789473686,75,18,CTCCCGCTGTGATCGAATTT,57,421653
acrZp,1.2105263157894737,40,18,CTATAGACGCAGGCCAGAAG,22,451009
acrZp,2.736842105263158,69,18,CTAATGAGAGATCTGCTGTT,51,432448
acrZp,0.6842105263157895,30,18,CGGGCAACTGACCAAGGGCA,12,465216
acrZp,3.263157894736842,79,18,CGGAGGCTCGTCCGCCGCGT,61,442250
acrZp,0.9473684210526315,35,18,CGCGCGTCAACGCTCGCATC,17,414951
acrZp,2.9473684210526314,73,18,CGCACGTCTCTCAACTAGAA,55,463589
acrZp,0.8947368421052632,34,18,CCTCAGAGGAGATGTCCCAC,16,431408
acrZp,1.263157894736842,41,18,CCCGATAGTCTTTAATATCA,23,465100
acrZp,1.0,36,18,CCCCATGTCAATAGCAGGAC,18,459678
acrZp,9.31578947368421,194,18,CCATCACAGGCTTCGCCATA,176,439250
acrZp,0.3157894736842105,23,18,CCACGCGAGGTCTGGTTAGT,5,422585
acrZp,0.7368421052631579,31,18,CATTAACACCTGGCCAAGTC,13,410698
acrZp,3.5789473684210527,85,18,CAGTTATTGCCTGTCATCAG,67,457480
acrZp,0.2631578947368421,22,18,CAGGTTGGCATTAAGCTGCG,4,449949
acrZp,2.473684210526316,64,18,CACATCGTGGTCTTATTAAG,46,419315
acrZp,0.8421052631578947,33,18,CAATAAAGGTCTCTACATTT,15,420728
acrZp,3.0,74,18,ATTCTTTGGGTGCCCCGTCA,56,412208
acrZp,0.6842105263157895,30,18,ATTCCAGTCATCCCACCTTT,12,410926
acrZp,3.5789473684210527,85,18,ATGTTCCAGACGGAGTAAGT,67,431579
acrZp,1.4736842105263157,45,18,ATGGGTCTCATTGATGGGAT,27,460842
acrZp,3.6315789473684212,86,18,ATGCTGTTTACTAAGCGTTA,68,466127
acrZp,2.473684210526316,64,18,ATCTGCGCCTCTCGGTCTTA,46,452271
acrZp,0.9473684210526315,35,18,AGTAACCTAACATTTAGTCA,17,462631
acrZp,1.4210526315789473,44,18,AGGGGGATATGGCAGTATTG,26,462204
acrZp,1.6842105263157894,49,18,AGCTCCAACACTGAGAAGGA,31,437433
acrZp,3.0526315789473686,75,18,AGCACATGATGCCCTCATTG,57,443782
acrZp,0.8947368421052632,34,18,AGAGGAATCGGACCTCGCGA,16,410330
acrZp,0.3684210526315789,24,18,ACTATCTTGGTGAGCCAAGT,6,427572
acrZp,2.263157894736842,60,18,ACGTTAGATCCATGATATCA,42,451084
acrZp,0.631578947368421,29,18,ACGTCCACTACTGACTTCGC,11,445040
acrZp,1.4210526315789473,44,18,ACGCGTAGCATAATGGCGTA,26,412879
acrZp,1.1578947368421053,39,18,ACGAATGAGGATGCCAATCA,21,419318
acrZp,3.526315789473684,84,18,ACATGCAATGCCGTTAGATA,66,432456
acrZp,2.263157894736842,60,18,AATAGCGTTGACTGGGGTCG,42,449545
acrZp,0.5789473684210527,28,18,AAGAGCCGCGCCAGCTAGGT,10,424198
acrZp,0.8421052631578947,33,18,AACCGTACGATGTTCGAAGT,15,426014
acrZp,0.8333333333333334,31,17,TTTTGCAACAAGAACGCGGC,14,440670
acrZp,0.6111111111111112,27,17,TTTGGCCACCGGTTCCGAAA,10,426406
acrZp,0.9444444444444444,33,17,TTGTTCGCGCGCTCTGTTAT,16,448390
acrZp,1.3888888888888888,41,17,TTGTACCTGGTGTGAGTGTT,24,441295
acrZp,1.4444444444444444,42,17,TTGGCTTGTTGGTTGACCTA,25,413164
acrZp,3.388888888888889,77,17,TTCCGTTACAGACTCTGGAT,60,410385
acrZp,0.2777777777777778,21,17,TTCCGCTCGTGGCGTTATGT,4,443091
acrZp,5.055555555555555,107,17,TTCATTAGTGTTGGAAAAAA,90,452794
acrZp,2.6666666666666665,64,17,TTAAACAGGGTTGGGCCGAT,47,447225
acrZp,2.0555555555555554,53,17,TGGCTAAATCGTCACCATTG,36,409131
acrZp,3.1666666666666665,73,17,TGCGGCTACGTAATGGGATG,56,464053
acrZp,1.3888888888888888,41,17,TGCCTAGTCGTCCGAGCGAT,24,419590
acrZp,1.8333333333333333,49,17,TGACAGTGTAATTATGCAGT,32,436821
acrZp,1.8888888888888888,50,17,TGAAAGATTAACCGTGCGTC,33,451085
acrZp,0.3333333333333333,22,17,TCTCAAGATTCCGCTACAGC,5,428036
acrZp,0.7777777777777778,30,17,TCGGGGGTTTAGGCTAGTGA,13,435812
acrZp,2.2222222222222223,56,17,TCGGCCCGGGTACTGCCAAG,39,443990
acrZp,0.7222222222222222,29,17,TCATAAGGGACGCTGACACT,12,412874
acrZp,1.8333333333333333,49,17,TAGATACGCGTCCCACACAC,32,419459
acrZp,0.4444444444444444,24,17,TACGCGATCCTCATTAGATA,7,449817
acrZp,1.6666666666666667,46,17,TAAGTCACGGGGCGGAGATG,29,460206
acrZp,1.6666666666666667,46,17,TAACATTCGTATTAAAGTCG,29,419481
acrZp,0.9444444444444444,33,17,GTGGTCTCGTTACCGACATA,16,445010
acrZp,0.3333333333333333,22,17,GTCCATAACGAGAGGCGAAG,5,426791
acrZp,1.2222222222222223,38,17,GTCAGATCCTAATAGTACCA,21,445005
acrZp,0.8333333333333334,31,17,GGCACGCATTACAAAATCAC,14,460025
acrZp,3.888888888888889,86,17,GGATATACGAGCGCATTCGG,69,460276
acrZp,3.888888888888889,86,17,GGATAAACAGCAAAGGATTT,69,445891
acrZp,0.5,25,17,GGAGGTCTTCCATTCATGAT,8,420132
acrZp,0.1111111111111111,18,17,GCTGGGGGTGTTAGAAGCTA,1,445813
acrZp,1.0,34,17,GCTGGGGGAACAAGACCTTG,17,436523
acrZp,2.0,52,17,GCTCGGGGTACAGGGCCGTA,35,450096
acrZp,0.9444444444444444,33,17,GCCTCCTGACAAGCATGTCC,16,415779
acrZp,3.6666666666666665,82,17,GCCCGGCTATGCAAAAGGGT,65,461349
acrZp,1.0,34,17,GCACGTATTGTAGCGAGGAG,17,445003
acrZp,1.8333333333333333,49,17,GCACAGCCGATCGTACAGCG,32,433086
acrZp,1.1111111111111112,36,17,GCAAGAAGTATCGTTTGGCC,19,409465
acrZp,0.1111111111111111,18,17,GACGGCTGACTTTTTTCTTG,1,449047
acrZp,5.055555555555555,107,17,CTTGTGCCAGGGAACAGCAT,90,429833
acrZp,1.9444444444444444,51,17,CTTAGAGAGCACGTCTTTCT,34,420730
acrZp,1.0,34,17,CTGAGGAAAGGCTGGTAGGG,17,450911
acrZp,5.777777777777778,120,17,CTCTTTGCATTGGCAATATC,103,410311
acrZp,0.5,25,17,CGTGTAGTGGACAATCGCCT,8,443939
acrZp,1.6111111111111112,45,17,CGTATGGGAAGTGGGACATA,28,460961
acrZp,0.1111111111111111,18,17,CGGTTGGCCCCATCGGCGCG,1,435872
acrZp,1.5555555555555556,44,17,CGGTTAGTCAATACGCTAGA,27,465261
acrZp,1.0,34,17,CGCTGCGCCATAGCGGGATG,17,438389
acrZp,2.0,52,17,CGCCTTCGAAACCCTATCAG,35,409601
acrZp,1.6111111111111112,45,17,CGCACACAAAGCTCTTCATC,28,437701
acrZp,2.1666666666666665,55,17,CGAAATGAGATCGGGTCGGT,38,420879
acrZp,0.2777777777777778,21,17,CGAAAACTAACCCTCGAGTT,4,458778
acrZp,0.9444444444444444,33,17,CCTGTCCTTCGTGATGCGGA,16,441035
acrZp,2.2222222222222223,56,17,CCTGTCAGCGAATCGGGAAC,39,410820
acrZp,1.1666666666666667,37,17,CCTGCGGGATTAGGGATCCT,20,454545
acrZp,0.8333333333333334,31,17,CCTCTCTACTAACTGTTTTA,14,443348
acrZp,0.6111111111111112,27,17,CCGGATACCAGTTCGGTCGG,10,436538
acrZp,0.8333333333333334,31,17,CCGGAGTTGGTTCGTCGCAT,14,418770
acrZp,1.8333333333333333,49,17,CCCTTGTGCCGAGATTTGAT,32,410897
acrZp,8.38888888888889,167,17,CCCCTTGAGTGAGGTTTCCA,150,449133
acrZp,0.9444444444444444,33,17,CCATTGCCGTATCACAGGGT,16,420916
acrZp,0.5555555555555556,26,17,CCAAGGGTACAGTGCTTGAC,9,454932
acrZp,20.38888888888889,383,17,CATTTGTAACCGGGGTCCCT,366,427926
acrZp,0.7222222222222222,29,17,CATTGTCCACGGAGTGAGGA,12,456851
acrZp,0.2777777777777778,21,17,CATTGGGAACGGGCAAGCTT,4,425801
acrZp,1.8888888888888888,50,17,CAGTGTAGACTAGCTCTGCA,33,409833
acrZp,1.0,34,17,CAGCGCCTGCACTAGCCCGT,17,442072
acrZp,1.0555555555555556,35,17,ATTGAAGGAGGGGCTGCACT,18,425013
acrZp,1.6111111111111112,45,17,ATTCCTTGGATTGCTCCGAT,28,446950
acrZp,2.6666666666666665,64,17,ATTATCACACGGGCTGACGC,47,428842
acrZp,0.9444444444444444,33,17,ATTAGATAACTGGATGCGGA,16,411675
acrZp,2.0555555555555554,53,17,ATGTTTGACCGGAGAGTATA,36,420226
acrZp,0.2777777777777778,21,17,ATGTTATCGAGGTGTGATGT,4,415150
acrZp,3.0,70,17,ATGGGTTCACTCCAAGCAGG,53,420836
acrZp,7.388888888888889,149,17,ATGAGACGACGCTAGTACAT,132,463542
acrZp,0.3888888888888889,23,17,ATACTGGGCTGGGGAGTTTG,6,463884
acrZp,1.0555555555555556,35,17,ATACGGGTTGTTCGAGATAA,18,446921
acrZp,0.7222222222222222,29,17,ATACCACAAACGTTGCCTTA,12,431375
acrZp,1.1666666666666667,37,17,AGAGCGGCGAGGCACTCTCG,20,428390
acrZp,5.055555555555555,107,17,ACGCCGTGCAGAAGATTGTA,90,438518
acrZp,0.8333333333333334,31,17,ACCATAGACTTCGTTAGGTA,14,426634
acrZp,2.1666666666666665,55,17,ACATTGTTCCCTTAGCCAAT,38,425015
acrZp,1.0555555555555556,35,17,ACATAGATAGAGCACAGTCA,18,420092
acrZp,0.7777777777777778,30,17,ACAGTCAATCAGACCCTGCC,13,447436
acrZp,0.9444444444444444,33,17,ACAGGGGCCGGGCAAACGCG,16,454294
acrZp,1.0555555555555556,35,17,ACAGCATGTACAATGGTATA,18,435372
acrZp,0.8333333333333334,31,17,ACAATCTAGCGCGTTGACAG,14,425652
acrZp,0.1111111111111111,18,17,AAGTGGCGTGCCCGATGGAT,1,454104
acrZp,1.0555555555555556,35,17,AAGGGGCGGTTTGAACGATT,18,451721
acrZp,1.0555555555555556,35,17,AAGGCTTTGTTCCAGATCGA,18,457303
acrZp,0.5,25,17,AACACAGAGCGCTGACCACA,8,435868
acrZp,0.9444444444444444,33,17,AAAGGGGGACGCAGATTAGA,16,457501
acrZp,1.2941176470588236,37,16,TTTGATGACGGGTATCTTGC,21,435266
acrZp,0.8823529411764706,30,16,TTGGTCTGGTATGCCCAGAT,14,424182
acrZp,1.0588235294117647,33,16,TTGGATGCCACGCTCCCGCC,17,431813
acrZp,2.9411764705882355,65,16,TTCACATGGTGTAAGGAAGT,49,439168
acrZp,3.1176470588235294,68,16,TTAGGGCGGGCAGGAAACAA,52,451647
acrZp,2.0,49,16,TTAAGGGTACATGTGTTCTT,33,429351
acrZp,3.5294117647058822,75,16,TGTTAAACCAGACCCGGGTG,59,450685
acrZp,0.11764705882352941,17,16,TGTGTTCTTTTTTTTACAAC,1,453997
acrZp,0.7647058823529411,28,16,TGTGTATTCTACGCCGCAGC,12,426936
acrZp,0.9411764705882353,31,16,TGTCTACTTAAGCCAAGTGT,15,419898
acrZp,1.1176470588235294,34,16,TGTAACCCTTCACGTCACTA,18,431193
acrZp,1.5294117647058822,41,16,TGGGTGCCACACATTTCGGT,25,426559
acrZp,1.0,32,16,TGGCATGGTTTATAGACTGT,16,463034
acrZp,2.235294117647059,53,16,TGCGTGGGTGGCTACGGAGG,37,459941
acrZp,2.411764705882353,56,16,TGCCAAGATCGGTATAGAGT,40,443614
acrZp,1.0,32,16,TGAAAGATTCCTCGTATGGT,16,415005
acrZp,0.29411764705882354,20,16,TCTGTCTTGACTCAATATTC,4,466905
acrZp,12.0,219,16,TCTGGAGGCGATTTCGCGTA,203,409267
acrZp,2.6470588235294117,60,16,TCTGAGCTTGGGCCGCACCG,44,441936
acrZp,1.1176470588235294,34,16,TCGTTCAACAGTCTGTCGTT,18,465271
acrZp,0.8235294117647058,29,16,TCAAACGTAGATTGCAAGAT,13,463091
acrZp,0.9411764705882353,31,16,TATGTGTCGCTAGACGGATT,15,423021
acrZp,1.1764705882352942,35,16,TATGGTCGGCACGTGAACAT,19,430317
acrZp,0.8235294117647058,29,16,TATGGGGTAGATGATAGTTC,13,418759
acrZp,1.6470588235294117,43,16,TAGCGAGGAGACGGCTCGGT,27,459898
acrZp,0.8235294117647058,29,16,TAGCATATCGTATGGTGGAA,13,442148
acrZp,2.588235294117647,59,16,TACTTTGTTCAAAGATAGAA,43,419666
acrZp,5.176470588235294,103,16,TACTGTTGGCACACCATCTA,87,430032
acrZp,1.2941176470588236,37,16,TACGTTCCCACGCACTTCCT,21,455280
acrZp,3.7058823529411766,78,16,TAAGACTCGAGTCTCTGTTG,62,443718
acrZp,1.2352941176470589,36,16,GTTGTTATAATACATTAACA,20,450210
acrZp,3.6470588235294117,77,16,GTTCCGGCGGCGGCGTGCCA,61,437250
acrZp,0.9411764705882353,31,16,GTCTAAAACTTCTTCGAGCG,15,459184
acrZp,1.3529411764705883,38,16,GTCCGGGTATGTGCAGGTCA,22,434781
acrZp,1.6470588235294117,43,16,GTACTTCGCGGGGGCATAAT,27,451853
acrZp,0.35294117647058826,21,16,GGGATCATCATTCCTTGCAG,5,433553
acrZp,1.1764705882352942,35,16,GGCGGACTACCGCTAGCGCG,19,411694
acrZp,0.7058823529411765,27,16,GGACCCAGGGCGCTCCGGTA,11,441335
acrZp,1.2352941176470589,36,16,GCTTCAAGCAGCCCTCAACT,20,424074
acrZp,1.0,32,16,GCTAGTTCCGCCATGATATG,16,451756
acrZp,0.9411764705882353,31,16,GCCTACGACGTACCAGTGGG,15,440736
acrZp,0.8823529411764706,30,16,GCACATGAGGAACCGGGTAA,14,423023
acrZp,1.7647058823529411,45,16,GATGTGTTAAAGATGGCAAA,29,449235
acrZp,4.470588235294118,91,16,GATGTCCATGCATTCGGATG,75,459934
acrZp,2.411764705882353,56,16,GATGCAGATTAACAAGGTCG,40,432227
acrZp,2.3529411764705883,55,16,GAGGCTTAAGGGAATCGCGT,39,414241
acrZp,1.2941176470588236,37,16,GACATCTACTGAATCTCTAG,21,424255
acrZp,3.2941176470588234,71,16,GAAATATTGGTCAGCGGTTC,55,427012
acrZp,9.058823529411764,169,16,CTGTCGCGTACTTGATAGTT,153,446426
acrZp,0.8235294117647058,29,16,CTGGTGAACACGGGAGGAAT,13,437791
acrZp,1.2941176470588236,37,16,CTGGCATGGCGTAAACTTTT,21,440006
acrZp,2.2941176470588234,54,16,CTGGCACAGGTAGCCTTTTA,38,425235
acrZp,1.411764705882353,39,16,CTGAGCAACAAACCCGTATA,23,425248
acrZp,0.7647058823529411,28,16,CTCGCACAATGTAAGCCAGG,12,453602
acrZp,1.0,32,16,CTCGAGGGTGGTGACACTAA,16,443498
acrZp,1.0,32,16,CTATAGAGGGCATATACAGC,16,421789
acrZp,0.17647058823529413,18,16,CTACGGCAGGTCCAAAAACA,2,437504
acrZp,2.2941176470588234,54,16,CTAATTTGAAAGACGGCAAT,38,447740
acrZp,0.4117647058823529,22,16,CTAAACGACAAGCGATACGA,6,413062
acrZp,1.588235294117647,42,16,CGTGGAAGATTAAACTTTAT,26,423659
acrZp,0.29411764705882354,20,16,CGTACTGCGCGCCCCTATGC,4,461989
acrZp,2.7058823529411766,61,16,CGGTGGGATACAAGAAAGAA,45,438961
acrZp,1.6470588235294117,43,16,CGGACGGGACTACGCGTATG,27,428231
acrZp,3.3529411764705883,72,16,CGCACATTCTGCCGGAATAA,56,434602
acrZp,2.3529411764705883,55,16,CGATAGAGTCCGACCTGGTT,39,435826
acrZp,1.411764705882353,39,16,CGAGCGCGATATTCTTTAAT,23,420869
acrZp,1.2352941176470589,36,16,CGAGCCTCTTTGCATTCCTG,20,439611
acrZp,0.8235294117647058,29,16,CCGTATCACTCTCTCAGCAT,13,443986
acrZp,0.5294117647058824,24,16,CCCCGCTTCGTAGCTGGGTT,8,442114
acrZp,5.235294117647059,104,16,CCCACCGATGTAGGACTGAC,88,413207
acrZp,0.4117647058823529,22,16,CCAGATGGCACATACAGAGG,6,441340
acrZp,1.8823529411764706,47,16,CCACGAGCAACCCAGGGTCT,31,436912
acrZp,0.5294117647058824,24,16,CCAAAGCGGTCCCCGCTCGA,8,454002
acrZp,1.5294117647058822,41,16,CATAACGTAACACTGGGGTT,25,460642
acrZp,0.7058823529411765,27,16,CACTAGGTGGATAAGTCTCA,11,454215
acrZp,1.4705882352941178,40,16,ATGGGGGAATTTGGTATTTT,24,440087
acrZp,1.3529411764705883,38,16,ATGACCCAACACATAATCGA,22,431623
acrZp,1.5294117647058822,41,16,ATCGGCGGCGGGGCCGTGGA,25,452481
acrZp,0.47058823529411764,23,16,AGTTACGTTCGAAGCGTCAT,7,433008
acrZp,3.4705882352941178,74,16,AGTGAGGAGCACGGACTCAA,58,421748
acrZp,1.588235294117647,42,16,AGTAGATATGATCATCGTGT,26,421047
acrZp,3.588235294117647,76,16,AGCCCGGGGTTTGCTCCCGC,60,434635
acrZp,6.9411764705882355,133,16,AGCCAGCGTGATCGACACCA,117,445265
acrZp,1.1176470588235294,34,16,ACTGTGAGGGGCTTGCAGGG,18,423184
acrZp,1.7647058823529411,45,16,ACTCATATCCATTCAGCATT,29,423261
acrZp,0.11764705882352941,17,16,ACTAGTTGGTGGGGGTATCA,1,425069
acrZp,1.2352941176470589,36,16,ACGGACAAGCTATTCTTCCA,20,441695
acrZp,4.470588235294118,91,16,ACGAGTGAGTTCCAGTCTGG,75,459262
acrZp,0.35294117647058826,21,16,ACAGCCTGGTCGGAGACGCA,5,451111
acrZp,0.35294117647058826,21,16,AAGTCGCTTGGCGGGAGAGT,5,454991
acrZp,1.1176470588235294,34,16,AAGTACCAATGGTGTAACGC,18,452700
acrZp,2.235294117647059,53,16,AAGGGACGAAAATAAGAAAA,37,420005
acrZp,5.235294117647059,104,16,AAGGGACCAGTACGGACGCA,88,452334
acrZp,0.23529411764705882,19,16,AAGGCTAGTAGTTATGGCAG,3,417772
acrZp,0.6470588235294118,26,16,AAGGAGACTTTGACATCTGG,10,422349
acrZp,2.588235294117647,59,16,AACTTAAGTTCGTAATCACA,43,425870
acrZp,1.1176470588235294,34,16,AACGTGGCATACGGGCTTCT,18,457998
acrZp,1.1176470588235294,34,16,AACCCAGAAGTCCGCATTAT,18,431066
acrZp,0.5625,23,15,TTTGTGGGCTGAATTGCATG,8,444493
acrZp,0.5,22,15,TTTCCGCGTGTATCCTAGTA,7,454014
acrZp,0.375,20,15,TTGTCAGCTTTTTTTCGAGT,5,427232
acrZp,1.625,40,15,TTCGTCCTCCGACCTGTTTC,25,428946
acrZp,1.25,34,15,TTCACACTCGGATCCATTAC,19,426926
acrZp,2.4375,53,15,TGGGACCGCGGAACAATGGT,38,426700
acrZp,1.3125,35,15,TGCGAATTCTGTGCGTCCCA,20,455794
acrZp,1.4375,37,15,TCTAGTCAGGATGAGATGTA,22,424859
acrZp,1.0625,31,15,TCGTTGCCAGCTGCTGAACT,16,444226
acrZp,3.3125,67,15,TCGTGCGCTTTGGGCCGTGT,52,450634
acrZp,2.375,52,15,TCGGAGCCACTCGTGAAGCT,37,462874
acrZp,0.9375,29,15,TCGCCCGCGTCCGCTTAACT,14,430729
acrZp,0.6875,25,15,TCCATTCTGACAACTGGAAA,10,435036
acrZp,0.125,16,15,TCCACGTCAAGGCAGGTGAA,1,458824
acrZp,1.1875,33,15,TCCACGACCTGCTTATGGGT,18,459421
acrZp,1.375,36,15,TCATTAGGAGTTCAGGATCA,21,449668
acrZp,1.0625,31,15,TCAACAGGGTGTCGCAGTGT,16,409060
acrZp,5.125,96,15,TATACCAACTCCAAGTAAAT,81,409007
acrZp,3.0,62,15,TACGGTGAGAACGATCATCG,47,458513
acrZp,1.3125,35,15,TACGCGGGTGGCGTCGGCTC,20,458086
acrZp,0.125,16,15,TACCTTCCTGTGTCTGTGCG,1,410347
acrZp,2.6875,57,15,TACCATACTTGTGCGTTATT,42,415302
acrZp,3.0,62,15,TAAGTACACGTGGAGACCAG,47,446432
acrZp,2.4375,53,15,TAACCCCAGGGCAAGACGTC,38,414685
acrZp,1.6875,41,15,GTGGACAATGGTTTCCTTGG,26,448332
acrZp,1.8125,43,15,GTGACCCTGGGCCGGCCCAG,28,432674
acrZp,1.75,42,15,GTCTTTTACGGGATGTGCAT,27,410516
acrZp,1.125,32,15,GTCGTGGATAGGGAGATAGA,17,457855
acrZp,1.125,32,15,GTAGATACTTCTCTGTTGCG,17,409558
acrZp,1.25,34,15,GTAACTTAGTTTCTAAGAAG,19,427340
acrZp,4.75,90,15,GGTTTGTGATACAAGCCTAT,75,428932
acrZp,2.875,60,15,GGTGGCGGGACCCAGGAAAC,45,409081
acrZp,0.625,24,15,GGTGGAGGCTAGCTTAGGGG,9,413618
acrZp,1.9375,45,15,GGTAGGTAGATATACTCAAA,30,429612
acrZp,1.4375,37,15,GGATTAGGCGAGGTCGCATA,22,418634
acrZp,1.3125,35,15,GGATGCCGCCCCATAAACGT,20,454011
acrZp,0.125,16,15,GCTTTCCAACGGTAAGACTG,1,427556
acrZp,1.1875,33,15,GCTTATGATCCGTAGTGCCT,18,426368
acrZp,2.5625,55,15,GCGCGGGCTAAATGCGTCAC,40,452542
acrZp,3.6875,73,15,GCGCCGATATTCGGCATAAA,58,460675
acrZp,1.3125,35,15,GATAGCACGGTCGAACTGTG,20,413293
acrZp,0.75,26,15,GATACGCCAGTGGGAGTTGA,11,454992
acrZp,0.125,16,15,GAGGTAAAATCAGTTTGATC,1,434328
acrZp,1.625,40,15,GAGATGCGGTTAAACTGACA,25,445241
acrZp,0.75,26,15,GACATGGTCTCCAAAATTAC,11,429089
acrZp,0.75,26,15,GAATTCGTGGACCTGCACGA,11,447963
acrZp,0.75,26,15,GAAGCAAGATGACTGAAGCA,11,432767
acrZp,1.5,38,15,GAAGATACTCACCAGTACAT,23,461683
acrZp,2.6875,57,15,CTTTTATGTATATGGTGTTG,42,426562
acrZp,0.375,20,15,CTCTTGCCTTTGGTCTCTAC,5,442174
acrZp,1.4375,37,15,CTCTCCTTGAAGCAGAGTGC,22,429649
acrZp,2.75,58,15,CTCCCGCACAGCTGCCCACA,43,455188
acrZp,1.3125,35,15,CTATGGCCCTAACCGGGACA,20,426151
acrZp,1.0625,31,15,CTAGTCTTTATTGTGCCAGT,16,449233
acrZp,0.75,26,15,CTAGGATTAGAAATGTCCGA,11,431366
acrZp,3.1875,65,15,CTAGAGGCGAGCGTAAGCCA,50,457932
acrZp,1.5625,39,15,CGTTCTGTAACGTAATGTGA,24,420009
acrZp,1.0,30,15,CGTCATTCCGGATGCTGGCC,15,429192
acrZp,0.75,26,15,CGTAAAATATTGCCTAGCAG,11,456785
acrZp,0.6875,25,15,CGGTAACGCCAGAGGTTTGA,10,465749
acrZp,1.125,32,15,CGCATTTGGAGATTCCGAGA,17,413697
acrZp,1.25,34,15,CCTGGGACAGTTGGGCTCCC,19,419009
acrZp,0.6875,25,15,CCGGTTGATCTTCTGGCCGA,10,411772
acrZp,1.25,34,15,CCCTTGCGTGAGGGGTGAGT,19,466339
acrZp,0.375,20,15,CCCGGCCCTAACTGATTTAA,5,453742
acrZp,1.3125,35,15,CCCATGTACTGCATTTCGGC,20,446631
acrZp,1.375,36,15,CCCAGCTCTTCGCAATCCGT,21,428524
acrZp,1.0,30,15,CCATATTCCGTCTGGGCAAG,15,467184
acrZp,0.6875,25,15,CCAGCAGTTACAATCACGCA,10,459682
acrZp,1.3125,35,15,CCAGAAATGAAGATTCCGGA,20,419274
acrZp,9.4375,165,15,CCACTTTACGGTGTCTGCAA,150,458279
acrZp,0.375,20,15,CCAATCCCTCTACTACGCGT,5,426157
acrZp,1.5,38,15,CATATATCGAACCGTATCAC,23,415525
acrZp,1.6875,41,15,CAGTGGCGGACCGCAGCGTT,26,458702
acrZp,1.375,36,15,CAGTGACAGTGGTTCTTGTC,21,411572
acrZp,1.0,30,15,CAGGGGTTACACGACACCCA,15,442513
acrZp,0.125,16,15,CAGAAAACCTATACTGCGCG,1,430187
acrZp,0.5625,23,15,CACGCGAGAGTAGAAGAGGC,8,447713
acrZp,3.125,64,15,CACAGCAGTGCAAGCAGATT,49,415241
acrZp,1.0625,31,15,CAAGCATTACGGGCCGTCTA,16,419012
acrZp,0.125,16,15,ATTTCCAAAAAGTAAGTCGT,1,448238
acrZp,3.4375,69,15,ATTTCACGCCGAGTAGAGAA,54,452093
acrZp,5.1875,97,15,ATTTAGGGTAGTGCGCCATT,82,416451
acrZp,3.4375,69,15,ATGTGATGCTTTCCCCTTTG,54,408870
acrZp,0.9375,29,15,ATGTCCTCGGTTTCTAGCTC,14,427814
acrZp,0.375,20,15,ATGTAGCTACCAGCGCGTCA,5,409361
acrZp,1.125,32,15,ATGAGTATGAAGGATGCATC,17,437427
acrZp,1.3125,35,15,ATCTCCTAGGTTCGACACCC,20,416992
acrZp,1.8125,43,15,ATCACGAGGGCTTCCAAAAG,28,437657
acrZp,1.375,36,15,ATATGGGTTGAACCTTGTGT,21,414244
acrZp,0.5,22,15,ATATAATCCCCTTGCCGTTG,7,452114
acrZp,0.6875,25,15,ATACCATGCTAAAATATCAA,10,439014
acrZp,1.5,38,15,ATAACCACCACATGCATGGA,23,430308
acrZp,1.625,40,15,AGTACCAAAATAAGAAGACT,25,427839
acrZp,0.6875,25,15,AGGTTTTTTGTCTTGCCGCA,10,423938
acrZp,1.0625,31,15,AGGCCGATTCGGCTGGTTCA,16,418762
acrZp,1.875,44,15,AGCTGTTTTGCTGCACAGGA,29,414907
acrZp,1.3125,35,15,AGCCTCGTGGATGCTGGCCT,20,451611
acrZp,1.625,40,15,AGCCACGACTTGGCACTTAT,25,433919
acrZp,0.875,28,15,AGCAGCATGCCGGTTTTTAG,13,467334
acrZp,0.875,28,15,AGCACTGGTATTTTGCTAGA,13,456750
acrZp,2.875,60,15,ACTCTCCATCTCAGTAAATT,45,415157
acrZp,0.5,22,15,ACGCCCCTGCTCCCAACGGG,7,431817
acrZp,2.25,50,15,ACCTATGACAATCTCCATGT,35,461081
acrZp,0.6875,25,15,ACATTGGGCCACTCAGCTTG,10,460286
acrZp,1.3125,35,15,ACATAAAGGCCACGGTTGCA,20,437958
acrZp,2.1875,49,15,ACAGCATTGGGCTTACCAAA,34,440308
acrZp,1.0,30,15,ACAAAGCCGGTGACAGTAAG,15,415008
acrZp,1.375,36,15,AAGGCCTCAAGGGTAGCCAA,21,431191
acrZp,0.1875,17,15,AAGGCATGGCAAAATTGGAG,2,455975
acrZp,2.4375,53,15,AACTTTCGCAGCATCTCTTG,38,464352
acrZp,2.625,56,15,AACGGTTGTAAACATGGTGA,41,413063
acrZp,2.0625,47,15,AACAGATATTAGTCTTACAT,32,419698
acrZp,1.1875,33,15,AAATCACGTCTGACTAGATT,18,447108
acrZp,0.26666666666666666,17,14,TTTTAGGGGGCGACTTCTGG,3,430628
acrZp,2.4,49,14,TTTGTATGGCCGACTTAAAC,35,461342
acrZp,1.9333333333333333,42,14,TTTCCCGCACTCCACGCTGG,28,459008
acrZp,1.8,40,14,TTGTATCGTGGCGAGTACGC,26,410847
acrZp,0.13333333333333333,15,14,TTGCCGGGCCTCTCAGCTAT,1,442719
acrZp,1.4,34,14,TTCGATTCGACGACTAACGG,20,414363
acrZp,0.5333333333333333,21,14,TTCGAGGACCTCTGTTTGCA,7,418692
acrZp,1.9333333333333333,42,14,TTCACGCGATAGGACAGGTT,28,425566
acrZp,1.4,34,14,TTACCACACCTGCCACACCA,20,415568
acrZp,4.133333333333334,75,14,TTACATCCCTGTACGCCGAT,61,431065
acrZp,2.4,49,14,TTACAGCGACTAGGGAGAGA,35,460101
acrZp,1.0,28,14,TGTGGCTAAGGGGTTGGACA,14,449943
acrZp,0.9333333333333333,27,14,TGTCTTATCAGCATAGAGTA,13,422022
acrZp,2.6,52,14,TGGCTTGACAGCTCGGACTA,38,414814
acrZp,0.13333333333333333,15,14,TGGATGTGGCAATCTGATAA,1,433599
acrZp,4.666666666666667,83,14,TGATGTTCAGGCATGGACGA,69,460467
acrZp,0.13333333333333333,15,14,TCTTTTTAGAATGATCCTAA,1,454710
acrZp,1.8666666666666667,41,14,TCTGGAAGCCGCCGCACGTT,27,441886
acrZp,0.26666666666666666,17,14,TCTGCGCGGTAGTCCCTCCT,3,411149
acrZp,2.7333333333333334,54,14,TCGCCCGTCCCGATAGCGGG,40,451769
acrZp,3.3333333333333335,63,14,TCCAGGCTATTTACTGATAT,49,412130
acrZp,4.266666666666667,77,14,TCACGGGTCTGTGTGGTTGA,63,435930
acrZp,1.0666666666666667,29,14,TCAAGGCGACAGCTTCACGC,15,418640
acrZp,0.6,22,14,TCAACGCAACCTTCTGTGGT,8,439500
acrZp,2.7333333333333334,54,14,TATTATAGTAGGAGACGTGT,40,413257
acrZp,2.4,49,14,TATCTCGCACTGCATGTAAT,35,411614
acrZp,0.5333333333333333,21,14,TAGAGACCTCACGTCCGGCA,7,443556
acrZp,1.0,28,14,TAGAATAATCAGGGCGAAGG,14,457954
acrZp,2.466666666666667,50,14,TACTGTTCGCCTTATTTGAT,36,430963
acrZp,2.8,55,14,TAATGGGTGCATGTAGTCAC,41,446395
acrZp,2.4,49,14,TAAGCGTTTGATAACGATTG,35,423618
acrZp,0.9333333333333333,27,14,GTTTTCCTGGGAGCTGCTAC,13,429535
acrZp,2.2666666666666666,47,14,GTTTTCAGGAATAGTATAGT,33,453391
acrZp,1.8666666666666667,41,14,GTTGTGCAACACCGCTGTCC,27,438365
acrZp,2.6666666666666665,53,14,GTTGTGATGGATCCTCAAGG,39,436247
acrZp,0.13333333333333333,15,14,GTGTCGCGCCAGAGCCTGTT,1,411647
acrZp,1.3333333333333333,33,14,GTGGCAAACCCCGCGTGAAA,19,412373
acrZp,0.26666666666666666,17,14,GTGCGCAAGGTCTCCGGGAT,3,464350
acrZp,0.5333333333333333,21,14,GTCTCGTATCCACTTGTGTG,7,451810
acrZp,0.6,22,14,GTCCTCCAACATAGACCTCC,8,410755
acrZp,0.13333333333333333,15,14,GTCACCATTGTTAGAATCTG,1,417803
acrZp,2.466666666666667,50,14,GGTCAGTAATGGTGCGAAAT,36,427234
acrZp,0.5333333333333333,21,14,GGTAGTGGTTTGGAGGTCGT,7,446236
acrZp,1.2666666666666666,32,14,GGGGGATCGACCTCGTGGAT,18,441442
acrZp,3.2666666666666666,62,14,GGGCGGCAGGGGACAATCAA,48,445527
acrZp,1.4,34,14,GGGACGGTTTGAGCAGAAAA,20,451714
acrZp,1.6666666666666667,38,14,GGCTCATCGAGATCCAATCC,24,451627
acrZp,3.2,61,14,GGCAGTGAAGCGGGTGGCGC,47,435160
acrZp,2.8,55,14,GGATTTGTAAAAGAATAATA,41,442392
acrZp,2.8666666666666667,56,14,GGATGTTCACAGAAACTAAT,42,421580
acrZp,0.8666666666666667,26,14,GGATGGCATCATGGGAGAAT,12,452571
acrZp,0.6666666666666666,23,14,GCTTGGAGTTGTAAGCATTG,9,459353
acrZp,1.6,37,14,GCTGATCGTAAAAACACCAA,23,449804
acrZp,0.26666666666666666,17,14,GCTAGGTCCTAGCGCCCCTT,3,459163
acrZp,1.6,37,14,GCGTCAAATAAACCAACGTT,23,420571
acrZp,1.2,31,14,GCCTCCCCGTGGATGCCTTT,17,409518
acrZp,2.0,43,14,GCCGCAGCCCTGAAATTTGA,29,455101
acrZp,2.0,43,14,GCCCTGGAAACATCTGTCCA,29,419814
acrZp,0.2,16,14,GCCCTACATGGATTGTTCTT,2,423109
acrZp,1.0666666666666667,29,14,GCACTGAAGAATACATAGTC,15,424712
acrZp,1.0666666666666667,29,14,GCACAGATCCGGATTGGGTT,15,459872
acrZp,0.13333333333333333,15,14,GATTATGGGTCAGCCACAGC,1,435414
acrZp,1.6,37,14,GAGAGGAAACCATGCCCGGG,23,417615
acrZp,0.13333333333333333,15,14,GACGTGTGGTGAGGTTGCGG,1,457045
acrZp,0.13333333333333333,15,14,GAATCGGGTTCGTCTCATGT,1,423909
acrZp,1.4666666666666666,35,14,GAAGCGGTGACGTCTTCCAT,21,454446
acrZp,1.2,31,14,CTTGGATGCTGATAACGCGG,17,414404
acrZp,2.2666666666666666,47,14,CTGTGTTAGCATTTTCCTAC,33,445029
acrZp,1.0,28,14,CTGTCGTGTGCCCGTAAGAA,14,438954
acrZp,0.5333333333333333,21,14,CTGGTATGCCGGCACCCACT,7,466579
acrZp,0.8,25,14,CTGGGGTCTGCAATTTGGAG,11,453953
acrZp,0.6666666666666666,23,14,CTGCCTTTCCTATCCAGGTG,9,460754
acrZp,4.8,85,14,CTGACAGTGGGGTCCTAATG,71,420703
acrZp,1.2666666666666666,32,14,CTCCGCCGGTATATTGGTAA,18,464392
acrZp,1.0666666666666667,29,14,CTCAACGCCGCGGGACGGTA,15,425499
acrZp,1.2666666666666666,32,14,CTCAACACGGAGGGCTAAGG,18,446503
acrZp,1.2666666666666666,32,14,CTATCCGCTAGGAACTGCGA,18,411424
acrZp,0.9333333333333333,27,14,CTACATTTGAGCGATTCATA,13,415671
acrZp,3.466666666666667,65,14,CGTTTTAACGAGGTTTGGCA,51,462884
acrZp,4.666666666666667,83,14,CGTTGCCCCAGCGACGGTCC,69,425915
acrZp,2.6666666666666665,53,14,CGTAAACCTGGAGTTTGTTA,39,437005
acrZp,1.1333333333333333,30,14,CGGTTCAGTCCTCCGTTAGG,16,434512
acrZp,2.0,43,14,CGGCCTAAGTGAATTGTGCG,29,459440
acrZp,2.533333333333333,51,14,CGACATGGCCAGAGACGGCG,37,445760
acrZp,0.26666666666666666,17,14,CCTAGACCAGGGCCATCAAC,3,436563
acrZp,0.13333333333333333,15,14,CCGTACAAGTATGCTAGGTC,1,421909
acrZp,0.13333333333333333,15,14,CCGAGAGCTTGTAGTCGTAC,1,456964
acrZp,0.8,25,14,CCCTCTAACACAGCCCCGGG,11,441980
acrZp,0.9333333333333333,27,14,CCCACGTTGACTCAATCCAG,13,409957
acrZp,0.4666666666666667,20,14,CCAAGGCTGACACGAACCTT,6,447593
acrZp,1.0666666666666667,29,14,CATGAATATTCGCAGATTTC,15,462614
acrZp,5.933333333333334,102,14,CATCCGGGACTCAATCACAT,88,416663
acrZp,1.2,31,14,CAGTTACTACAGCGAGACAT,17,426742
acrZp,0.6,22,14,CAGGGTGCGGTTGCGTAGGA,8,438646
acrZp,0.13333333333333333,15,14,CAGGAACTGGGTAGAAGGCA,1,467744
acrZp,0.13333333333333333,15,14,CAGCGCAGTTCGGTGGATGT,1,439810
acrZp,1.4,34,14,CAAGCAGCTGGGTCTATAGT,20,467741
acrZp,0.4666666666666667,20,14,CAACGCGATGCGGTCACTCT,6,437285
acrZp,2.2,46,14,ATGGTCTTCTAAATGCAATG,32,414370
acrZp,3.6666666666666665,68,14,ATCTGGACAACATTTGCGTT,54,454293
acrZp,1.2666666666666666,32,14,ATCGTTTAGAGATAAAAATT,18,466749
acrZp,1.8666666666666667,41,14,ATATTCCGTTGCAGTCTCCA,27,441622
acrZp,1.2,31,14,ATAATGCACTGCATCGTGAT,17,414559
acrZp,1.8,40,14,AGTACGGATCCATTCCTTCC,26,459553
acrZp,2.533333333333333,51,14,AGGTCCGATCTTACGTTCAC,37,449858
acrZp,2.3333333333333335,48,14,AGGTCAACGGGCCAATATTA,34,429735
acrZp,1.0666666666666667,29,14,AGGGCGTGTGCAGCCAAAAT,15,422248
acrZp,0.6666666666666666,23,14,AGGCACCGGCCGAAAGCGAA,9,421600
acrZp,1.6666666666666667,38,14,AGGAGACCGTCAAGGTTATT,24,446804
acrZp,0.13333333333333333,15,14,AGCGCACGTGATGTTGTGAG,1,421455
acrZp,1.3333333333333333,33,14,AGATTACGTGAGGCATATCT,19,419841
acrZp,1.4,34,14,ACTACCATACGAGAGCTAGA,20,452434
acrZp,1.0666666666666667,29,14,ACGGTAAATGAGAACCGGAA,15,450872
acrZp,0.13333333333333333,15,14,ACCTGTTGAGGCGGACCACA,1,441549
acrZp,1.5333333333333334,36,14,ACCGTTTGGCGGAACCAAAA,22,432843
acrZp,4.066666666666666,74,14,ACCCGACATGTTTTACTACA,60,413975
acrZp,0.8,25,14,ACCCAGGCAACTTCGATCGA,11,410133
acrZp,3.466666666666667,65,14,ACATCGTTCCGACGGGATTC,51,419865
acrZp,2.466666666666667,50,14,ACAAAATATAGAGGAGTCGC,36,440444
acrZp,1.8,40,14,AATGGGTCAGCGTTTCCTGT,26,436095
acrZp,1.1333333333333333,30,14,AAGGGGATATTACGCGCAGT,16,409071
acrZp,0.13333333333333333,15,14,AAGATTATGTCGGCATTTAT,1,461116
acrZp,5.133333333333334,90,14,AACTAAGCCACACCGGCATG,76,410057
acrZp,1.2,31,14,AACCATTTTTAAGTGCTGTG,17,448564
acrZp,3.8666666666666667,71,14,AAAGTACATTAATTTGATGA,57,451565
acrZp,1.2666666666666666,32,14,AAAAGGGGGCAATGTTAATA,18,415563
acrZp,1.6428571428571428,35,13,TTTTTTCTTGGGTATCATTG,22,462618
acrZp,1.2142857142857142,29,13,TTTTACCGGCAGAGATCATT,16,428953
acrZp,2.9285714285714284,53,13,TTGGAGTTTTGTGGGGTTAT,40,450535
acrZp,2.0714285714285716,41,13,TTGGAGATTGTAGACTGAAG,28,410238
acrZp,0.5714285714285714,20,13,TTGACTTCGTTAAAACGGGG,7,436982
acrZp,0.42857142857142855,18,13,TTCTGAGCGGCATTCCAAAC,5,412827
acrZp,0.8571428571428571,24,13,TTCTATTTGCTCTGTGCCCA,11,464095
acrZp,5.071428571428571,83,13,TTCCGGAGCGTACTGGGCGG,70,465459
acrZp,0.5,19,13,TTCCAAATCGTATTCTTTAT,6,414133
acrZp,3.7857142857142856,65,13,TTCAAGACCAAGGATGCCTA,52,410218
acrZp,0.9285714285714286,25,13,TTAGATTCGACCGGCTATAG,12,439455
acrZp,0.21428571428571427,15,13,TTACTCTATTGGTGCGCGCG,2,411581
acrZp,1.6428571428571428,35,13,TTAATGCTTGGACTTCCTAC,22,467396
acrZp,1.8571428571428572,38,13,TGTTGTGACCAGCCTCTAAA,25,464579
acrZp,0.21428571428571427,15,13,TGTCTCAACTTGGGGGCCAT,2,464512
acrZp,1.0,26,13,TGTATTTCGCGTGTGTATCT,13,438170
acrZp,2.4285714285714284,46,13,TGCTGTTTTTCAGCAAGGTG,33,411890
acrZp,2.5,47,13,TGCCGTCAGAAAGCGTAACA,34,429094
acrZp,0.5,19,13,TGCCGTACGTGACACAACGC,6,417888
acrZp,1.5,33,13,TGCCACTCACGACCCATTAT,20,429881
acrZp,3.9285714285714284,67,13,TGATAGGGCCACCTGATCGC,54,436249
acrZp,2.7142857142857144,50,13,TGAGGCTTTTACCGTGGGCT,37,421003
acrZp,1.7857142857142858,37,13,TGAGCCACTAGCCCCCGGTG,24,431016
acrZp,0.6428571428571429,21,13,TCTTCCGAAGGTTCCACGGA,8,455764
acrZp,0.7857142857142857,23,13,TCTACGCGGACAACCACTCC,10,433674
acrZp,1.9285714285714286,39,13,TCTAATGCGAGTTCGGCAAA,26,418775
acrZp,1.2142857142857142,29,13,TCCTTAGCAGGGCGGCTCAG,16,430185
acrZp,7.071428571428571,111,13,TCCGGAGAGGTCGAGAGTAG,98,458866
acrZp,1.5,33,13,TCCGCGGCAGGACACGTAAT,20,431588
acrZp,0.7142857142857143,22,13,TCCCTGCGACCGTCTCCACA,9,427868
acrZp,2.2142857142857144,43,13,TCCCGACGGGTTTATTCACA,30,457533
acrZp,0.9285714285714286,25,13,TCCAGCCCTCCGCTGCCTTG,12,424187
acrZp,3.9285714285714284,67,13,TCAGAAAGCGGTGTCGCTTA,54,438978
acrZp,1.8571428571428572,38,13,TCAAGCCGAGTGGCCAAGAG,25,410574
acrZp,3.7857142857142856,65,13,TATTTAAGCTCATTGCGTGT,52,423185
acrZp,1.2142857142857142,29,13,TATGACTCTCGGTACGTGGA,16,415792
acrZp,3.357142857142857,59,13,TATCGTTCGGAGTGTTTCAT,46,416765
acrZp,1.2857142857142858,30,13,TATATGTTCACTCCAGGTCA,17,443788
acrZp,1.1428571428571428,28,13,TAGCGCGTCTGCTCTAGGGT,15,453846
acrZp,1.0714285714285714,27,13,TACGATCTCTAGAGTGGGAT,14,447468
acrZp,1.4285714285714286,32,13,TAACTCTCACATGTTCGGCT,19,438364
acrZp,0.14285714285714285,14,13,TAAAAGGCCTTCACCCTGGT,1,464062
acrZp,2.7857142857142856,51,13,GTTTGCAGACGTGGTCACAG,38,454768
acrZp,2.142857142857143,42,13,GTTGGAAATCAAGGAAGCTT,29,431010
acrZp,1.5714285714285714,34,13,GTTCACCCAATTCAATCAAA,21,423085
acrZp,0.8571428571428571,24,13,GTTATTCGGTACAGTACCGC,11,442730
acrZp,1.2142857142857142,29,13,GTGATCCGGAGAATGAGCGA,16,412376
acrZp,0.7142857142857143,22,13,GTGAAGGTCACCATTGGGAA,9,439056
acrZp,3.0714285714285716,55,13,GTCCTAAGGTTACTCACAGG,42,449483
acrZp,0.14285714285714285,14,13,GTCAGGCCAGAGTTAGGCGT,1,430892
acrZp,2.0714285714285716,41,13,GTCAGCATATTGTAGACCTA,28,454525
acrZp,1.0,26,13,GTACGATAGGCTATGCCACA,13,465589
acrZp,3.357142857142857,59,13,GTAACACCTAGCGATATTAG,46,444154
acrZp,1.7857142857142858,37,13,GGTGACTTTGGCTGACGCAA,24,460599
acrZp,0.14285714285714285,14,13,GGTCTCCAAAACGAACACTG,1,414769
acrZp,0.14285714285714285,14,13,GGTCGGCCGTCGTCTACCCA,1,460960
acrZp,0.9285714285714286,25,13,GGGTCTTATTCGCGTCAACT,12,419400
acrZp,0.14285714285714285,14,13,GGGGACTCTCGATATTTTTA,1,434404
acrZp,3.0,54,13,GGCGTCGATAAAATCGTCTG,41,446786
acrZp,2.4285714285714284,46,13,GGCATCGTGGCCAGATATTT,33,451278
acrZp,2.2857142857142856,44,13,GGCAGTGACTAAGGCGTAGT,31,461624
acrZp,0.35714285714285715,17,13,GGCAGTATGAGTCATATAAG,4,446053
acrZp,0.14285714285714285,14,13,GGATCGTCAGGATTGACACA,1,441495
acrZp,4.0,68,13,GGACTTGTGGCAGGAGAAAT,55,432257
acrZp,1.3571428571428572,31,13,GGACCGGATGGGCTTATTCT,18,414959
acrZp,3.357142857142857,59,13,GCTTACGGTTGGCGTTCTTC,46,418507
acrZp,1.5714285714285714,34,13,GCTCGTCTCGGTCAGGTTGT,21,420726
acrZp,0.5714285714285714,20,13,GCGCTCGGGAGGTACTGAAG,7,411545
acrZp,1.4285714285714286,32,13,GCCTGCGACCGAAATGTTCT,19,410428
acrZp,1.6428571428571428,35,13,GCCGACACTAAAGCACGTTT,22,415004
acrZp,1.2142857142857142,29,13,GCCCTTCGCAGGACAGATGA,16,414251
acrZp,1.8571428571428572,38,13,GCCCGCCGACGTGTCTTGGA,25,434233
acrZp,1.7142857142857142,36,13,GCCAGGGACGCTAAGGCAGA,23,417110
acrZp,3.2142857142857144,57,13,GCAGCTCTAGAGTCCTGAGT,44,455141
acrZp,6.142857142857143,98,13,GCAGAAGGGGTCGGGTGCGA,85,452862
acrZp,0.9285714285714286,25,13,GCACAAACTGAAAATCTTTC,12,438802
acrZp,1.5,33,13,GCAATGTTAGAATGAGCCCA,20,444343
acrZp,1.0714285714285714,27,13,GCAACTGTTCCGAATCGATA,14,444606
acrZp,1.8571428571428572,38,13,GCAAAAGCTCACGTAAATGC,25,448353
acrZp,2.642857142857143,49,13,GATTGAATGTAACTTAGTGT,36,441859
acrZp,2.0714285714285716,41,13,GATCCACTTTGGTGTCGGAT,28,410225
acrZp,0.14285714285714285,14,13,GAGGGTATGGTCAAGTCCTT,1,409602
acrZp,0.14285714285714285,14,13,GAGGAAGGTAAGAACAGGCA,1,440008
acrZp,0.6428571428571429,21,13,GAGCATCATTGGAATCTTTC,8,433971
acrZp,6.357142857142857,101,13,GACTAGATCCTTTAGAGTTA,88,432178
acrZp,0.7857142857142857,23,13,GACATCAGAACGCTATCAAG,10,451042
acrZp,2.0,40,13,GAAGTGTTCTCGCACGTACG,27,408857
acrZp,1.2857142857142858,30,13,GAAGACTTTAAGGCTCGATA,17,438666
acrZp,3.2857142857142856,58,13,GAAATCTAGCTTTTATCATT,45,465460
acrZp,1.5,33,13,CTTGGTCAGTTTTAGTTATG,20,461276
acrZp,17.0,250,13,CTTGCCGGGGAAACTTGGCT,237,409099
acrZp,1.6428571428571428,35,13,CTTCAAACTCCGAGCCGAGA,22,455915
acrZp,2.5714285714285716,48,13,CTGTCGCTAGCGGTCGCGCA,35,440301
acrZp,3.7857142857142856,65,13,CTGTAAACCGTATCCTCCAT,52,441332
acrZp,3.7857142857142856,65,13,CTGGTGGCCGGCAAACGTTG,52,425558
acrZp,1.5714285714285714,34,13,CTGGCTTCTGTCGTAGTCGC,21,460539
acrZp,1.4285714285714286,32,13,CTGCCCGAGTGGCTGGCGCT,19,451000
acrZp,1.2857142857142858,30,13,CTGATCGACCGGCCCTTTAA,17,409850
acrZp,0.9285714285714286,25,13,CTAGAACCTGAACACTACTC,12,423419
acrZp,0.5714285714285714,20,13,CTAAAGCCGAAGCAGTTGGG,7,451118
acrZp,1.8571428571428572,38,13,CGTGATGCCCTAAGCTCGAA,25,433677
acrZp,2.642857142857143,49,13,CGGTTCATAGGCGGGAATCT,36,454941
acrZp,2.642857142857143,49,13,CGGCAACGGCAGTGCCTGAC,36,427977
acrZp,1.7857142857142858,37,13,CGGACATGAGACACTTCTTA,24,446739
acrZp,1.0,26,13,CGCGATTCGAAGGGGACTTG,13,424907
acrZp,1.5714285714285714,34,13,CGCATCCTTGGGATCCTCGA,21,447438
acrZp,0.5714285714285714,20,13,CGCACGATCTTCCGTCGGAC,7,439540
acrZp,0.8571428571428571,24,13,CGAGTCGTCTGGGCAGCAAC,11,434257
acrZp,3.2142857142857144,57,13,CGACCAATGTTGGGCTACCA,44,432845
acrZp,14.071428571428571,209,13,CGACACAGTTTGATCCCGTT,196,448972
acrZp,0.8571428571428571,24,13,CGAAATTGACAATATTACTG,11,423623
acrZp,1.0714285714285714,27,13,CCTTTGGGGGGCCTGATAGC,14,433242
acrZp,1.8571428571428572,38,13,CCTTGCCCCTAGGTCTATTG,25,445500
acrZp,0.6428571428571429,21,13,CCTGGCTACGAATTCGATCA,8,450140
acrZp,0.8571428571428571,24,13,CCTCGATTTTCCCCAGACAC,11,412884
acrZp,1.6428571428571428,35,13,CCGATCGAAACTGGCACGTT,22,431421
acrZp,2.5,47,13,CCCGTTCCCTAGCGCTTCAA,34,461361
acrZp,1.5,33,13,CCCCCTAGGGTTCCAGCTGG,20,433714
acrZp,1.2142857142857142,29,13,CCCCATCGGGGTTGTGGAAC,16,455413
acrZp,1.0,26,13,CATTCTAATCAACTTAGCGA,13,438918
acrZp,4.357142857142857,73,13,CAGGTCTTAATATTTTACTT,60,448234
acrZp,0.14285714285714285,14,13,CAGCGCCACGGCAGCCGTTA,1,420064
acrZp,1.1428571428571428,28,13,CACCGTAAAAGCCGTTGGAC,15,418063
acrZp,3.2142857142857144,57,13,ATGAGGGTTACCAGGACACG,44,420872
acrZp,0.42857142857142855,18,13,ATACTAGAATAAAAGATACA,5,412206
acrZp,2.7142857142857144,50,13,ATAAAGCCACGCACTCAGAA,37,451273
acrZp,3.5,61,13,ATAAACCCGCGACTCTGTCG,48,412246
acrZp,1.0714285714285714,27,13,AGTGTTAGAATTATCAAGGA,14,409515
acrZp,0.7142857142857143,22,13,AGTGTACCACGTCAGACCAT,9,449895
acrZp,2.142857142857143,42,13,AGTCACACAAATACCCCAAC,29,420523
acrZp,1.9285714285714286,39,13,AGGGGTTCTCGAAAATCAAT,26,425098
acrZp,0.8571428571428571,24,13,AGGGAGATATCGGTAATGCC,11,458667
acrZp,0.14285714285714285,14,13,AGGCCTCGCCTCCTACTGGT,1,441905
acrZp,1.8571428571428572,38,13,AGGACCGCGTGGCGTTGAAC,25,446171
acrZp,3.9285714285714284,67,13,AGCCCAGGTCATTGGGAGAA,54,418476
acrZp,0.9285714285714286,25,13,AGCATTGTTGTAGCCTATGA,12,430833
acrZp,2.5,47,13,AGACACCACTGGAGCGAGTA,34,431761
acrZp,1.4285714285714286,32,13,ACTGGTTTCTGCGCGTAATG,19,460305
acrZp,0.9285714285714286,25,13,ACTATGTTGATATCGCGATG,12,420918
acrZp,2.7857142857142856,51,13,ACGCGCGATAAAGGATCCAT,38,461400
acrZp,1.2142857142857142,29,13,ACGCATCTCTTCGCACGCCC,16,420236
acrZp,0.6428571428571429,21,13,ACGAAAGTCTATGATATGGA,8,409205
acrZp,0.8571428571428571,24,13,ACCTGAAGGAAGCGCTTTGT,11,461796
acrZp,1.0,26,13,ACCATATCGCGTCACTCTCC,13,416312
acrZp,1.0,26,13,ACCAAGAGATACGTTAACGA,13,418924
acrZp,0.14285714285714285,14,13,ACAGTCGTCCGACGGCCGGG,1,419375
acrZp,4.785714285714286,79,13,ACACAGCAGTGCACGACATG,66,448575
acrZp,2.0714285714285716,41,13,AATTGAGACGCCGGTTTTGC,28,420505
acrZp,1.5714285714285714,34,13,AATGCAAGCCGTGCTGGTGT,21,457297
acrZp,1.6428571428571428,35,13,AAGCACTGGTGATTGCGAAC,22,421787
acrZp,1.2142857142857142,29,13,AAGATCGTCTTGTACAACAG,16,438962
acrZp,1.0,26,13,AACTCAGTGGTTAGAAAAAG,13,462184
acrZp,2.5,47,13,AACGCGAGCTGGGCACGAGA,34,452941
acrZp,1.7142857142857142,36,13,AAACAGCAGCACCCTCGGAT,23,451548
acrZp,8.307692307692308,119,12,TTTTCGAACTGTTATACGCT,107,436597
acrZp,0.5384615384615384,18,12,TTTTCCTCCGCGTTCAAGGT,6,450854
acrZp,1.3076923076923077,28,12,TTGTCGGAGGGATCTGCTAT,16,412596
acrZp,0.15384615384615385,13,12,TTGCCGGACACGGGTGGGCA,1,445295
acrZp,1.6153846153846154,32,12,TTGATGAGTAGCATTGACGA,20,437527
acrZp,0.15384615384615385,13,12,TTGACATAGCAATATTCAAA,1,413449
acrZp,0.9230769230769231,23,12,TTCGGAGCCGAATAGTCATG,11,449874
acrZp,4.384615384615385,68,12,TTATCGGATCGGTGGTCTGT,56,445698
acrZp,3.230769230769231,53,12,TTACGTATGGGGTGTACCAG,41,445166
acrZp,1.0769230769230769,25,12,TTAATAAGTCAGCGATGAGC,13,417655
acrZp,1.5384615384615385,31,12,TGTGCTTGTGGCATATGATC,19,448590
acrZp,1.0769230769230769,25,12,TGTGAAGTAGGTTTAAGTAC,13,411152
acrZp,1.9230769230769231,36,12,TGGGAGGGTTAGGAGCCCGG,24,427877
acrZp,2.5384615384615383,44,12,TGGATGCCACATAGGTCTCT,32,436090
acrZp,0.7692307692307693,21,12,TGCTTGAACTAAGATCCCCT,9,447643
acrZp,0.15384615384615385,13,12,TGCGCGGAGTACAGGTTTTG,1,455884
acrZp,1.0769230769230769,25,12,TGCCTTAATTCCGGGGTCTG,13,465054
acrZp,3.4615384615384617,56,12,TGCCTCAGCGAGATGAATAC,44,451400
acrZp,5.538461538461538,83,12,TGCCGTGTTAGTGTTGCATT,71,437387
acrZp,0.15384615384615385,13,12,TGCAATATATTACTGCCAGG,1,418023
acrZp,2.3076923076923075,41,12,TGACCCCCCTATAATTGAGA,29,444856
acrZp,2.769230769230769,47,12,TCTTTTGTACTAGCGATCTA,35,437566
acrZp,0.15384615384615385,13,12,TCTTTTATGGCCGTATGTCT,1,430727
acrZp,2.230769230769231,40,12,TCTTTGCCAGTTGACAAAGC,28,461619
acrZp,0.15384615384615385,13,12,TCTAGAGTAACACACCGTGT,1,413896
acrZp,1.4615384615384615,30,12,TCGTGTAGGTCACCCGGTCT,18,444607
acrZp,1.5384615384615385,31,12,TCGTCATTTGGTTGGACATG,19,440145
acrZp,1.0769230769230769,25,12,TCGGTCAATAGAAACGTTTC,13,424809
acrZp,4.846153846153846,74,12,TCGCCAAAACCACGATTTCC,62,428517
acrZp,0.7692307692307693,21,12,TCGATGTAACCCTTTCCGTC,9,442959
acrZp,2.4615384615384617,43,12,TCCGTGATTGAAGTGGAAAT,31,417844
acrZp,1.9230769230769231,36,12,TCCGCGCTTGCAGGTCTCGT,24,449387
acrZp,0.15384615384615385,13,12,TCCCGGCGGTTGATTTGCAT,1,417308
acrZp,2.076923076923077,38,12,TCCCCATGGAGGACGGCTGA,26,449675
acrZp,3.076923076923077,51,12,TCCACGTTGGTGTTGAGTCA,39,457110
acrZp,2.5384615384615383,44,12,TCACCGAGCCCCGTTATGAG,32,458893
acrZp,1.0,24,12,TATTTGGGCCATCTAATCAA,12,453356
acrZp,1.3846153846153846,29,12,TATTGCGCAACAACTTTCTA,17,438154
acrZp,1.3076923076923077,28,12,TATCAATGTTGATGACCGGG,16,437561
acrZp,1.8461538461538463,35,12,TATACAGTAACGATTAATAT,23,449338
acrZp,2.4615384615384617,43,12,TAGGTAGGATGCTAAGCGAG,31,435892
acrZp,0.7692307692307693,21,12,TACTCTAGGGTTCAGAGCCT,9,442372
acrZp,1.1538461538461537,26,12,TACGCAGTTAATAAATCCGG,14,441499
acrZp,1.8461538461538463,35,12,TACGCAGGTTCCTTAAATCA,23,435680
acrZp,1.3076923076923077,28,12,TACCGCTGTCCGTACACAAT,16,410466
acrZp,1.0769230769230769,25,12,TACCGCTCACACCCGGTGCA,13,464894
acrZp,0.8461538461538461,22,12,TAATTGTTAGATTCTTCGAT,10,412278
acrZp,1.9230769230769231,36,12,TAATTCGCGCCTACAGTTGG,24,448062
acrZp,0.8461538461538461,22,12,TAACTTTACACGGTTCAGGT,10,451446
acrZp,1.0769230769230769,25,12,GTTTGCAGAGCACCCCACTC,13,422951
acrZp,0.15384615384615385,13,12,GTTGGCCCAGTTTGCGGCGT,1,462966
acrZp,0.8461538461538461,22,12,GTTCCCCTTCCGAATAACGA,10,467249
acrZp,0.7692307692307693,21,12,GTCCCTTATCCGGGGGGGTA,9,444949
acrZp,0.6923076923076923,20,12,GTAAGTTACGCGTGCTTCCG,8,443336
acrZp,0.38461538461538464,16,12,GGTTGTGACTCGGGTTGCCT,4,438657
acrZp,1.4615384615384615,30,12,GGTTCTAACTTCGGTGCATG,18,456045
acrZp,0.15384615384615385,13,12,GGTCTTGGTGCTGAGGACCC,1,449234
acrZp,2.230769230769231,40,12,GGGCCGTGTGTGGCGACCAA,28,457425
acrZp,3.5384615384615383,57,12,GGCTGAACCCACCTTACTCG,45,412121
acrZp,0.6923076923076923,20,12,GGCGTGACAGGCGAGAACCA,8,461309
acrZp,2.0,37,12,GGCGTCGTTCATAGTGTACT,25,456457
acrZp,1.6923076923076923,33,12,GGCCGTGCGAGGTTGGCAAT,21,451166
acrZp,1.0769230769230769,25,12,GGCCCACAGCGTGGTCTGTT,13,446279
acrZp,1.5384615384615385,31,12,GGAAGAGTATTTGCTCTTTG,19,417014
acrZp,4.923076923076923,75,12,GCTTATAGACGCTTTGATAA,63,415606
acrZp,3.076923076923077,51,12,GCTTAAGTATAGAATAGTGC,39,427382
acrZp,1.3846153846153846,29,12,GCTAGACGCGATTCTAGCCG,17,432457
acrZp,0.46153846153846156,17,12,GCGGCCTAAAACCTGATCGG,5,443554
acrZp,1.6923076923076923,33,12,GCGCTGTTTGAGGGAAATCC,21,417159
acrZp,2.923076923076923,49,12,GCCGCCTGTCTGGAGTGTAA,37,420411
acrZp,3.4615384615384617,56,12,GCATGTGGGGCGGGCGCATA,44,460722
acrZp,4.076923076923077,64,12,GCATGAGAATTGGGTCCGGG,52,451641
acrZp,0.15384615384615385,13,12,GCAGCGTAGGGTCGGCAAGT,1,412931
acrZp,1.4615384615384615,30,12,GCAATATTAGCCGTCTCAAT,18,428166
acrZp,1.3076923076923077,28,12,GATTATTCCGTTCTTCGAAT,16,439679
acrZp,2.4615384615384617,43,12,GATCCGGGCTCAGCAATACA,31,457108
acrZp,4.0,63,12,GAGGCGAAGCTTGACTTAAC,51,441092
acrZp,0.46153846153846156,17,12,GAGCTATCAGCTTGAGGCGG,5,433253
acrZp,0.15384615384615385,13,12,GAGCGCCCAGGCACATTCAG,1,444113
acrZp,2.3846153846153846,42,12,GAGCAATTGTATCTTTGTGT,30,412937
acrZp,3.0,50,12,GAGAGATGTAGGCCGTAACT,38,460278
acrZp,0.38461538461538464,16,12,GACTCATAGTTTTTCTTTGG,4,434476
acrZp,1.8461538461538463,35,12,GACATATAGTAGCAGCACGC,23,420238
acrZp,1.6153846153846154,32,12,GAAGATAAGGCTTATGCACG,20,433478
acrZp,1.4615384615384615,30,12,CTTTTGAGTACTTTTGCAGA,18,423481
acrZp,1.5384615384615385,31,12,CTTCATCCGGGGTTGCCTAA,19,439513
acrZp,0.15384615384615385,13,12,CTGTGAACCGTGTACGACAA,1,415673
acrZp,2.3076923076923075,41,12,CTGGCATAGATCTCTACCTG,29,437952
acrZp,2.5384615384615383,44,12,CTGATTTGATAGGACGGTGA,32,409710
acrZp,4.6923076923076925,72,12,CTGACACGCCTTCCTTGTCA,60,422844
acrZp,6.6923076923076925,98,12,CTCGTGATCAAGCTCGGAGG,86,433235
acrZp,2.076923076923077,38,12,CTCCGTACGCGTAGAGGTGT,26,460975
acrZp,3.769230769230769,60,12,CTCCACGTTAACGTCGTTTG,48,443251
acrZp,1.4615384615384615,30,12,CTATTAGTCTTTTGGCCAAT,18,433322
acrZp,1.0,24,12,CTAGTGTGTAGGTTTTATCC,12,443667
acrZp,0.9230769230769231,23,12,CTAGATAGGAGTGGACCATA,11,422548
acrZp,0.23076923076923078,14,12,CGTCGAGCACGAGAAGCGAA,2,419514
acrZp,5.6923076923076925,85,12,CGGTTATTGAGTGTGGTGGC,73,453270
acrZp,0.7692307692307693,21,12,CGGTCTTAGCTCAACAGGAA,9,436353
acrZp,4.615384615384615,71,12,CGGCTTATAAGCGTATTTAC,59,441444
acrZp,1.4615384615384615,30,12,CGGATTATACCTTCCTTAAT,18,417298
acrZp,1.3846153846153846,29,12,CGCTGACGGTCTCTAACTCT,17,410658
acrZp,0.15384615384615385,13,12,CGCGCAATGGCGAATTATTT,1,456784
acrZp,0.6923076923076923,20,12,CGCAAACAGGGGATTCATTT,8,464570
acrZp,0.3076923076923077,15,12,CGAGCACAGTGTCAAAATGC,3,413346
acrZp,2.923076923076923,49,12,CGACTTCGCAGGAAGTCTCT,37,434880
acrZp,1.3846153846153846,29,12,CGACGGCTGCCGTCACCGGT,17,459528
acrZp,3.5384615384615383,57,12,CGACACTACCAACCGTGTCA,45,457900
acrZp,1.6923076923076923,33,12,CCTTTGCTCTCGTCGGAACA,21,442586
acrZp,2.1538461538461537,39,12,CCTCGTGGGTAATGACGCGA,27,425586
acrZp,0.6153846153846154,19,12,CCGTTATGGTTTTTACGCAA,7,455609
acrZp,2.3076923076923075,41,12,CCGTAACAGTGCAAACACGA,29,426681
acrZp,3.230769230769231,53,12,CCGGGACAAGTGAAGGCTAC,41,449882
acrZp,0.15384615384615385,13,12,CCCTAAGGGATTAACTGAAA,1,423213
acrZp,1.3076923076923077,28,12,CCCCTTGCCCCAGGGAGCAG,16,415470
acrZp,0.38461538461538464,16,12,CCCCCGAATTAAGATGGATA,4,423512
acrZp,2.1538461538461537,39,12,CCCATCGACTGGCTCCACCG,27,449210
acrZp,0.15384615384615385,13,12,CCATTATTAGACGTAACCGT,1,438011
acrZp,2.0,37,12,CCACTAATCAGTTAATATTT,25,433764
acrZp,1.3846153846153846,29,12,CATTAGTAAAACATTAGAAC,17,419314
acrZp,1.0,24,12,CATTAGGAGATCGCTTGGGT,12,412548
acrZp,0.23076923076923078,14,12,CATGTGACGGCAGAGTGGTG,2,409862
acrZp,1.2307692307692308,27,12,CATAGTCTCGCTGACCGACG,15,446926
acrZp,0.15384615384615385,13,12,CATAGCATTCGTGTGCCCTC,1,430996
acrZp,2.5384615384615383,44,12,CATAGATCATCATGAGTGTG,32,434504
acrZp,0.15384615384615385,13,12,CAGGGCGTAGCCGTAACATT,1,452894
acrZp,0.15384615384615385,13,12,CACTGCCCCTTCGCGAAGTT,1,436509
acrZp,0.15384615384615385,13,12,CACCGAGTCTTCTACCCATA,1,423581
acrZp,1.3076923076923077,28,12,CACACTGGTCGCACCCCGGT,16,410696
acrZp,1.3846153846153846,29,12,CACAACCGCACGGGGAGCGT,17,435498
acrZp,0.9230769230769231,23,12,CAATTCGCGGTTCTCATGAA,11,415753
acrZp,1.1538461538461537,26,12,CAAGAATACGAGGTGCCGCT,14,410014
acrZp,1.3076923076923077,28,12,ATGTAGCGATCCTGTTTTTC,16,426118
acrZp,1.2307692307692308,27,12,ATGGGTCCTCTCTGGAGCCT,15,452724
acrZp,0.15384615384615385,13,12,ATGGAACTCTAGAGTTGTAA,1,460011
acrZp,0.6153846153846154,19,12,ATGATTACAAGATCACGATC,7,423200
acrZp,0.7692307692307693,21,12,ATGAACTACGAACGGTCTAT,9,412126
acrZp,0.9230769230769231,23,12,ATCATCGCATATACCGGTCG,11,450477
acrZp,1.6923076923076923,33,12,ATATCCTGCCCAACCCTGAG,21,420013
acrZp,0.38461538461538464,16,12,ATATCCACGTTTCTGGCTAA,4,437027
acrZp,1.0769230769230769,25,12,ATATCATACGGATTTTTGAC,13,418143
acrZp,0.3076923076923077,15,12,ATATCAAACCCCGGGCATTC,3,420642
acrZp,1.6923076923076923,33,12,ATACAGCGCACATTGCACTA,21,423987
acrZp,0.5384615384615384,18,12,ATAATTTGAAAGGGGTGCTA,6,450404
acrZp,2.076923076923077,38,12,AGTTTTCTGCTTTAAGAGCT,26,445751
acrZp,0.6923076923076923,20,12,AGTGGTGGGCACTCTGTTCA,8,465702
acrZp,7.6923076923076925,111,12,AGTGACATGGCCGGGCATAA,99,441032
acrZp,1.3846153846153846,29,12,AGGGCTTCTGCTGCCATCTA,17,439053
acrZp,1.2307692307692308,27,12,AGGGCGAGCTCCAGGCCGTG,15,455317
acrZp,1.0,24,12,AGGCACAGCCCGAAGCGCCT,12,424538
acrZp,1.7692307692307692,34,12,AGGCACAGCCAGCCAACACT,22,434082
acrZp,1.8461538461538463,35,12,AGCTTTCACAGTGATCGTGG,23,424181
acrZp,3.6923076923076925,59,12,AGCATACCATTGCGGTGGAC,47,453173
acrZp,1.2307692307692308,27,12,AGACCTAAAAGGCAGGCATA,15,416379
acrZp,0.15384615384615385,13,12,AGAATGAGCAGGCCCCTCCT,1,423248
acrZp,1.0,24,12,AGAAGTCGGGGTCAGGGGTA,12,434010
acrZp,1.8461538461538463,35,12,ACTTTCAACTTATCCAGACT,23,443270
acrZp,0.46153846153846156,17,12,ACTCGGGATATGCGTTAAAC,5,450856
acrZp,1.8461538461538463,35,12,ACGTAATATGTCGTCCACCC,23,450066
acrZp,1.3076923076923077,28,12,ACGGGTCCCGGACGGCTTTA,16,462463
acrZp,2.8461538461538463,48,12,ACGGGACCTGGAGAGTAAAT,36,432261
acrZp,1.9230769230769231,36,12,ACGGCCCTCCAATAGACGTT,24,450630
acrZp,1.0,24,12,ACCTGATTAAACTAGCGTCA,12,458008
acrZp,5.615384615384615,84,12,ACCTCTGTGGTGGGCACCAT,72,431257
acrZp,4.769230769230769,73,12,ACAGTGGCTCATCCAGGCAT,61,434056
acrZp,1.4615384615384615,30,12,ACACGACAAATCTGAGGGTT,18,432729
acrZp,1.1538461538461537,26,12,ACACAAATCACCCCTCCATA,14,460912
acrZp,3.769230769230769,60,12,AATGTCCACCGGGCAGCCAT,48,421646
acrZp,0.7692307692307693,21,12,AATAAGTGGGATAACAAGCT,9,430681
acrZp,0.6153846153846154,19,12,AATAAGGTAAACACAAGAAA,7,461990
acrZp,0.7692307692307693,21,12,AAGGGTTTAGTCGGACTGTA,9,459539
acrZp,2.6923076923076925,46,12,AAGGCTAACAGTATGAGATA,34,434087
acrZp,1.4615384615384615,30,12,AAGGAACGGTTCGGTAATAA,18,420231
acrZp,1.6923076923076923,33,12,AAGATCTTCCGGGGCGCTAG,21,444003
acrZp,1.3076923076923077,28,12,AACTAGGGACGCGTAGGACC,16,459570
acrZp,1.5384615384615385,31,12,AAATGTGATCGGTACTATTT,19,456909
acrZp,1.6666666666666667,30,11,TTTTGCCTGTCCTTAGTCGG,19,412449
acrZp,1.1666666666666667,24,11,TTTTCCATTGGGCTGGAAAA,13,428979
acrZp,0.8333333333333334,20,11,TTTGTTTCCTTCTACGGTCA,9,455414
acrZp,1.5,28,11,TTTAAACTCGGAGATTTCTA,17,456435
acrZp,4.666666666666667,66,11,TTGTGAGGAAGGACTGACAT,55,420584
acrZp,2.5833333333333335,41,11,TTGGCCCGGGCAACTAAGAC,30,422246
acrZp,1.5,28,11,TTCTGACGAATAGGACAGGA,17,466922
acrZp,0.75,19,11,TTCTCTACTTACTTAGGCAT,8,447162
acrZp,0.5833333333333334,17,11,TTCCTGCGTTCAGTCTCCTA,6,424424
acrZp,1.4166666666666667,27,11,TTAGTATCACCACCTGAAGC,16,420225
acrZp,6.583333333333333,89,11,TTACGGAGTGAGATTCAGAG,78,421221
acrZp,1.25,25,11,TTAAATTACAGAAAGAACTT,14,459940
acrZp,3.1666666666666665,48,11,TGTTCATCACAGGGTCCTTC,37,436961
acrZp,1.75,31,11,TGTCGGTGGCGGCCAAAGTG,20,454268
acrZp,2.3333333333333335,38,11,TGTCCTTCAGAGATAAACGC,27,434973
acrZp,1.5,28,11,TGTCCGTTATCTTAATCACA,17,418511
acrZp,1.0833333333333333,23,11,TGGTGTTCCAAAACGCGTGG,12,463326
acrZp,1.5,28,11,TGGCGTGAATGATCATTGAA,17,450733
acrZp,1.4166666666666667,27,11,TGGCGCGCCCTCTTCAAATA,16,413168
acrZp,1.1666666666666667,24,11,TGCTGAAGAGTGCGGAGGTA,13,426390
acrZp,1.8333333333333333,32,11,TGCCTAGTAAACGGCTTTAC,21,422036
acrZp,3.3333333333333335,50,11,TGCCGGCGGTATATTTGACC,39,438561
acrZp,1.3333333333333333,26,11,TGATTCGCTCGCTCACTTCG,15,431389
acrZp,0.16666666666666666,12,11,TGAATTTTACTAAACGAAAA,1,452228
acrZp,2.8333333333333335,44,11,TGAAATAGGCGTATCAGCGA,33,466144
acrZp,15.416666666666666,195,11,TGAAACACGCAAGTATTGGT,184,414912
acrZp,0.3333333333333333,14,11,TCTCAACAGACGTGTAGTTA,3,422106
acrZp,3.1666666666666665,48,11,TCTACATCCCGTACAGGCGC,37,450923
acrZp,1.9166666666666667,33,11,TCGGCACCGAGGGCATTGCG,22,432115
acrZp,5.0,70,11,TCCCGTTCCCTCTGTCCTCA,59,417462
acrZp,1.25,25,11,TCAATGGGACGTGTGAGTAT,14,420336
acrZp,7.166666666666667,96,11,TCAAACAAAACGGTGGGATA,85,432460
acrZp,0.9166666666666666,21,11,TATTGATTCTCTGGAAACGA,10,420640
acrZp,1.1666666666666667,24,11,TAGTTGAATCCTTTTCTACA,13,426098
acrZp,1.25,25,11,TAGGTGTAGCAAGCCAGACC,14,417660
acrZp,0.16666666666666666,12,11,TAGGATGTGCGACCGGGGAT,1,431815
acrZp,9.25,121,11,TAGCCCATGGCTGACCGGAT,110,450912
acrZp,4.833333333333333,68,11,TAGAGCCATCGGCTCATGTC,57,434579
acrZp,0.5833333333333334,17,11,TACCCTGACATCTCAGGAAA,6,464697
acrZp,1.6666666666666667,30,11,TAATAAAACGGGGACAATTG,19,426188
acrZp,1.75,31,11,TAAGAATCGCGTTACGAGTA,20,414122
acrZp,0.8333333333333334,20,11,TAACACAGTGTCTTAACGTT,9,462555
acrZp,0.16666666666666666,12,11,TAAAGAAAGCGGGCGGCTTT,1,437662
acrZp,1.25,25,11,TAAAACGTCGGATTTAGGCT,14,432550
acrZp,1.5,28,11,GTTTCTGTATGCTGGTAGAT,17,465507
acrZp,1.25,25,11,GTTGGTACAAAAAAACCCGC,14,413762
acrZp,0.6666666666666666,18,11,GTTCTTCCTGCTGCGCCCTG,7,457198
acrZp,0.75,19,11,GTTATATACGGGCTCGTTGA,8,415621
acrZp,0.16666666666666666,12,11,GTGGGAATGCGGACTCGGCC,1,459102
acrZp,3.9166666666666665,57,11,GTGGCTGCTCTGAGTCCACT,46,444823
acrZp,2.0833333333333335,35,11,GTGGCCGTCCACGTATTCCA,24,420609
acrZp,0.8333333333333334,20,11,GTGGATCACTTTGAATATCT,9,437147
acrZp,1.5833333333333333,29,11,GTGCGGCTTCCTTTGTGGTA,18,428575
acrZp,1.5,28,11,GTGCCCAACCGTTCTGCTAT,17,410715
acrZp,3.0833333333333335,47,11,GTGATGGCATCACACATGCA,36,410823
acrZp,0.8333333333333334,20,11,GTCTGGAGCAGGTTGTTCAC,9,423005
acrZp,1.6666666666666667,30,11,GTCTGAAGCGGATGCGGCGT,19,459178
acrZp,8.083333333333334,107,11,GTCGTAAAAGAGTAAACGAA,96,412727
acrZp,6.5,88,11,GTCGGGCAGTGCTGGTCGAT,77,415092
acrZp,2.1666666666666665,36,11,GTCGAATAACAGGAGTCGTC,25,442244
acrZp,1.25,25,11,GTCCGGTCGGAGGGTCTATG,14,432737
acrZp,1.8333333333333333,32,11,GTACTCCTGTGGTAAGATTC,21,415889
acrZp,2.8333333333333335,44,11,GGTTTTCGCGTTTTCCGGCG,33,460466
acrZp,1.1666666666666667,24,11,GGTTCCACGCTGAATTGAGA,13,454913
acrZp,1.5833333333333333,29,11,GGTGCTCCTTGTAGTATCGC,18,424316
acrZp,6.333333333333333,86,11,GGTCGATGCAGATCTCTCTT,75,436908
acrZp,1.1666666666666667,24,11,GGTCAAGGTTTAGCCGTACC,13,458704
acrZp,0.8333333333333334,20,11,GGTACGTTAAACAGCTTTAG,9,426469
acrZp,1.1666666666666667,24,11,GGGTAACAACGAGTTATTGC,13,445808
acrZp,2.6666666666666665,42,11,GGGGGGGAACGTAGCTATAT,31,424067
acrZp,2.4166666666666665,39,11,GGCGATCAGAACGGATGTGT,28,462139
acrZp,0.3333333333333333,14,11,GGCCGGAACCAACGTCATTT,3,442582
acrZp,0.6666666666666666,18,11,GGATGACCAAGGGATACGTT,7,418329
acrZp,4.083333333333333,59,11,GGAGTGATAGTATGCTCGTA,48,414316
acrZp,4.333333333333333,62,11,GGACTATATCCAAATAAATC,51,429619
acrZp,1.0833333333333333,23,11,GCTTCTTATTCAGATCTCAT,12,441421
acrZp,1.1666666666666667,24,11,GCTGGATCATGGGCGTATAC,13,434331
acrZp,1.0,22,11,GCGGAGTGTATAGAAGGGGA,11,457385
acrZp,1.9166666666666667,33,11,GCCTCCGTGTCGCGCGAGGG,22,428866
acrZp,7.0,94,11,GCCGCGGGTTGGTATCCTAT,83,417509
acrZp,2.5,40,11,GCCGACAACGGCGCAGTCTC,29,424815
acrZp,1.4166666666666667,27,11,GCCCTGCCTCCTTTGGCTTA,16,438018
acrZp,0.6666666666666666,18,11,GCATCGTGAGCGTCCCCATG,7,446477
acrZp,1.0833333333333333,23,11,GCATAGCGTCCGGCGCATTG,12,428601
acrZp,1.6666666666666667,30,11,GCAGTCAATAGTTAGTAAGT,19,436281
acrZp,0.25,13,11,GATTGGTCGCTGCAAATCAT,2,411617
acrZp,0.3333333333333333,14,11,GATGCTAAACCTGCCGGATA,3,446865
acrZp,1.8333333333333333,32,11,GATGAAGGATAATTCTGTGA,21,424185
acrZp,1.6666666666666667,30,11,GAGGAACGTTCGTTATCGGC,19,426197
acrZp,1.0,22,11,GACCTAGGTCTCTTAGCTCC,11,424128
acrZp,3.5,52,11,GACCCCGGGTCAAAACCTAC,41,446559
acrZp,1.3333333333333333,26,11,GACCACTGTGATGTTGGAGA,15,453922
acrZp,0.5,16,11,GACACCATAGGCGTTGACGA,5,448471
acrZp,0.6666666666666666,18,11,GAAAGTCGTCCCTGCGGAGA,7,451601
acrZp,1.3333333333333333,26,11,GAAACAGAACTGCGCTCGAA,15,459956
acrZp,1.0833333333333333,23,11,CTTTTAGTAGACCTCCTCAA,12,443083
acrZp,0.16666666666666666,12,11,CTTCACGGATATTGTAGAAC,1,423940
acrZp,1.6666666666666667,30,11,CTTACCAACCGGAGCTTCGT,19,411121
acrZp,4.25,61,11,CTGGGTACTTTATTCCCCCC,50,463568
acrZp,1.8333333333333333,32,11,CTCTGTACCGAGAGTTGTGC,21,427061
acrZp,0.9166666666666666,21,11,CTAGGTAAAATATTCTAAAA,10,419164
acrZp,0.8333333333333334,20,11,CTACAAATTACAAAAGCGAG,9,426309
acrZp,2.0833333333333335,35,11,CGTTTTGTCCTCTTATGCTC,24,414443
acrZp,0.75,19,11,CGTTTGGTTTGAGAGTCGGC,8,427876
acrZp,2.5833333333333335,41,11,CGTTAACTTCTGTCGAGATT,30,454907
acrZp,0.16666666666666666,12,11,CGTGTGAAAGGGGTTAAAAG,1,451289
acrZp,1.5,28,11,CGTCGTGGTTGCGAGTGCGA,17,417162
acrZp,1.6666666666666667,30,11,CGTACATTCCAGAGAAGAAG,19,430304
acrZp,3.1666666666666665,48,11,CGGTTCTCCTCACTTGTGCT,37,449487
acrZp,1.5833333333333333,29,11,CGGCTTTTATCTTCGTCACC,18,460973
acrZp,3.1666666666666665,48,11,CGCGTGACATGGCGTTCAGG,37,443196
acrZp,0.9166666666666666,21,11,CGCGGGGACATGTCGGGCCT,10,410384
acrZp,0.3333333333333333,14,11,CGCCGTCGGAGTTCCCCGTG,3,439247
acrZp,1.6666666666666667,30,11,CGCCACTTGCGTCGGCTAAG,19,425643
acrZp,1.0833333333333333,23,11,CGATTTGCCAGCCATACGGC,12,462116
acrZp,1.3333333333333333,26,11,CGAGTGGTGTCATACCGTGT,15,441468
acrZp,1.8333333333333333,32,11,CGAGATAGAGCATGTGCAGT,21,409639
acrZp,1.0,22,11,CGAACTCTACCGACGCGAGT,11,421650
acrZp,1.3333333333333333,26,11,CCTTTGTGCGTCTTGTGTAC,15,411303
acrZp,2.0,34,11,CCTGTAGACAATACATCGTG,23,439436
acrZp,5.666666666666667,78,11,CCTGCCGAGACCGGGTTACA,67,458449
acrZp,1.9166666666666667,33,11,CCTAGAATGACAGTACGGGG,22,438161
acrZp,1.3333333333333333,26,11,CCTACGCCCATAGAGCGTAT,15,426446
acrZp,1.75,31,11,CCGTGTCCTCTAAGATGTCC,20,441077
acrZp,2.4166666666666665,39,11,CCGGGTTCAATGATCGACTA,28,413703
acrZp,0.4166666666666667,15,11,CCGGGCGGAAAAAGGAACCT,4,443827
acrZp,0.8333333333333334,20,11,CCGCGTCCAGGGTCGGCCCG,9,414129
acrZp,7.25,97,11,CCGACTAGACTTCCACGTGG,86,411799
acrZp,2.8333333333333335,44,11,CCCGGTTCTGGGGTTCGCAA,33,435620
acrZp,0.8333333333333334,20,11,CATCCTCACACACAGGCTAA,9,416246
acrZp,0.75,19,11,CATCCGAATCCTGGCTTTGG,8,409058
acrZp,4.166666666666667,60,11,CATAATGCTAAGCGAGCATT,49,420473
acrZp,1.6666666666666667,30,11,CAGAATCTGCCACTGACCTC,19,409855
acrZp,1.25,25,11,CAGAATCCTGCGCATGGACT,14,419460
acrZp,1.5833333333333333,29,11,CACGACATGTTGTCATTGTA,18,418480
acrZp,0.16666666666666666,12,11,CACCCAGCGAGGGTTAATGC,1,415436
acrZp,9.25,121,11,CAATGCGGATTTATGTTCTG,110,432185
acrZp,1.0,22,11,CAACGAATGACATCTATGTA,11,451086
acrZp,1.1666666666666667,24,11,CAAAACAACCTTGTCTGTCT,13,419115
acrZp,0.5,16,11,ATTCTTCGGTCATGAGTAAG,5,459912
acrZp,0.3333333333333333,14,11,ATGTCGAGGTTCGGTGTTGA,3,462642
acrZp,3.1666666666666665,48,11,ATGGGAGACCTAATCATGGT,37,422493
acrZp,1.75,31,11,ATGGCGGCGATGTGTGGGCA,20,451237
acrZp,2.0833333333333335,35,11,ATGGAACTGCATTGCCCCTC,24,430273
acrZp,1.75,31,11,ATGAAGTTTAAAGGTCGGAC,20,442922
acrZp,0.16666666666666666,12,11,ATCCCCATACGCGTACGGAT,1,430183
acrZp,2.0,34,11,ATCATCGGTGAGGCGGATAG,23,456503
acrZp,6.583333333333333,89,11,ATCAACTTTGAACTACCTCC,78,443426
acrZp,2.75,43,11,ATATCAAGAAGCATTGAGAG,32,445004
acrZp,1.25,25,11,ATAGTGATAGATGGCCTCAG,14,427740
acrZp,2.5,40,11,ATAGTCTGTCCAGGCAGGTA,29,457771
acrZp,1.0,22,11,ATAGGGGACAGCCACTCCCC,11,448020
acrZp,1.3333333333333333,26,11,ATACGACTGTACCTAATCTT,15,414849
acrZp,0.75,19,11,ATAATAGGCTGCGATAAAAA,8,459297
acrZp,1.0,22,11,ATAAAAAAAAATAGCCCTTT,11,436298
acrZp,1.0,22,11,AGTTCTATACGCATCGTTAA,11,443762
acrZp,2.5,40,11,AGTGATAGAGGATCGAATTG,29,436459
acrZp,0.16666666666666666,12,11,AGTACTCGGGGTCCCTGTTA,1,441642
acrZp,1.6666666666666667,30,11,AGGGGGTAATCGCTCCTCAA,19,424197
acrZp,1.0,22,11,AGGGATAAATACTTGCTGAC,11,463150
acrZp,3.5833333333333335,53,11,AGGATCGCGCGCGGTTGAAG,42,452096
acrZp,1.3333333333333333,26,11,AGCGGAGGTAATGGAACGGA,15,421205
acrZp,17.083333333333332,215,11,AGCGCGTCGAGAGTCTGGTG,204,424507
acrZp,2.8333333333333335,44,11,AGCCGGGTGATCATCGAAAG,33,440709
acrZp,0.9166666666666666,21,11,AGACAGGCAAGAGCGGAGGT,10,454982
acrZp,0.3333333333333333,14,11,ACTTCGAGCACTCGGCCAGC,3,465182
acrZp,1.1666666666666667,24,11,ACTTCCTATCATGCCGGGAC,13,447141
acrZp,4.916666666666667,69,11,ACTTAATTAGTCTTCTTGGA,58,427838
acrZp,2.0833333333333335,35,11,ACTGGAAAAATTGGCAGCCT,24,440451
acrZp,0.75,19,11,ACGTTTATCGTTCCCGTTCA,8,442223
acrZp,2.3333333333333335,38,11,ACGTGCAAAGGAGCTTAACG,27,443299
acrZp,1.6666666666666667,30,11,ACGTCCTCGAATACAAGTAA,19,431624
acrZp,1.4166666666666667,27,11,ACGTATTCTCAGCCTGTTCG,16,440847
acrZp,1.1666666666666667,24,11,ACGTACGCGCACCTCCGTAC,13,427068
acrZp,1.8333333333333333,32,11,ACGGTCTCGCTCCGCACCGT,21,412118
acrZp,0.8333333333333334,20,11,ACGGGGAATGTGGGTCCCCT,9,418469
acrZp,1.8333333333333333,32,11,ACGCTGTTTTTGAAAATATA,21,424119
acrZp,1.5,28,11,ACGCCGTAGTCCTGCCCAGA,17,416815
acrZp,1.4166666666666667,27,11,ACGCATAACCAGTATCAAGC,16,426086
acrZp,4.75,67,11,ACCTTTCGCCCCGGAGAACT,56,443701
acrZp,1.5,28,11,ACCGTATCCCAATTCTCTCT,17,432161
acrZp,1.0833333333333333,23,11,ACCCGAACCGTTCGACTGAG,12,432934
acrZp,1.1666666666666667,24,11,ACCATACGGAATACTCCGGG,13,450731
acrZp,1.5833333333333333,29,11,ACATTCCAAGCAAGGCGGCT,18,445683
acrZp,0.16666666666666666,12,11,ACATGTCATCCTCATCACCA,1,459673
acrZp,2.1666666666666665,36,11,ACAATCCGTAATTGCGAGAT,25,448807
acrZp,4.583333333333333,65,11,AATTACGGCAAACTTTCTGG,54,425318
acrZp,1.5,28,11,AATGCCAATCCGTATCGCCA,17,461834
acrZp,0.9166666666666666,21,11,AATATGCGCCCCTGTTGGGT,10,442428
acrZp,4.0,58,11,AAGTTATTTTTGGCCAAGCA,47,437955
acrZp,1.9166666666666667,33,11,AAGCGGGGATTGGAAGTCTG,22,423908
acrZp,3.5833333333333335,53,11,AAGATCTAGACTGCATGTTA,42,461614
acrZp,1.6666666666666667,30,11,AAGAGACGTCGCGGGTCCTC,19,427878
acrZp,0.6666666666666666,18,11,AACCTATGTTCCGGCACATT,7,460850
acrZp,0.5833333333333334,17,11,AAAGTCATGTCGAAACTCGC,6,467415
acrZp,0.9166666666666666,21,11,AAACGTGTTAGCCGTCGTTG,10,434667
acrZp,0.9166666666666666,21,11,AAACATATTCCAAAAGTGCG,10,444197
acrZp,2.6363636363636362,38,10,TTTGTTCACGCACAGTCTAC,28,419516
acrZp,0.5454545454545454,15,10,TTTGTAACCACGCTTGTGTC,5,452179
acrZp,0.6363636363636364,16,10,TTTGGACCATCAGGAATATA,6,442609
acrZp,2.0,31,10,TTTGAAGCAAGAAATGATTG,21,419857
acrZp,4.636363636363637,60,10,TTTCTAAATCAGATCTAACC,50,416498
acrZp,0.6363636363636364,16,10,TTGTAACGGCCCGCAACTAG,6,437247
acrZp,3.272727272727273,45,10,TTGCCTGGTTTACTGGGCTT,35,454073
acrZp,1.1818181818181819,22,10,TTGCCATTCCGACTCGACGT,12,420579
acrZp,5.363636363636363,68,10,TTGAGCAATCGTAGGGCATT,58,412724
acrZp,26.545454545454547,301,10,TTCGGGAAGATATCTTCAAA,291,422663
acrZp,2.0,31,10,TTCCAATCCTCCACAGGGAG,21,429733
acrZp,1.8181818181818181,29,10,TTCAGCTCAAGGACCCGGCA,19,437246
acrZp,1.0,20,10,TTAGTTCAAATGTATGGTTC,10,458812
acrZp,1.4545454545454546,25,10,TTAGCTACTAAACATACTAC,15,429040
acrZp,0.36363636363636365,13,10,TTAGAGCAGCCTATAGTTTT,3,441872
acrZp,0.6363636363636364,16,10,TGTGGATAGGCTTGGTTAAT,6,462870
acrZp,0.7272727272727273,17,10,TGTCCGGTCATAGGCCCGCA,7,431670
acrZp,4.818181818181818,62,10,TGTAGGCGAGCGAACTCCCC,52,413166
acrZp,1.0,20,10,TGTACTTGGGACGCCCGTCA,10,428537
acrZp,2.272727272727273,34,10,TGGTCTTGGGAGATTAGCAG,24,438974
acrZp,1.4545454545454546,25,10,TGGTATTGCGCAACCATCGT,15,458639
acrZp,0.18181818181818182,11,10,TGGTAACCCCAGGAACTGGA,1,410700
acrZp,1.6363636363636365,27,10,TGGGAAGAAGCCCCCGAGTA,17,415066
acrZp,3.727272727272727,50,10,TGGCCTGTCCCGCCTGTTTA,40,456448
acrZp,1.5454545454545454,26,10,TGGCCCGAACTGGCAAACTC,16,409405
acrZp,3.6363636363636362,49,10,TGCTCTTCATGGACCGAGCT,39,429699
acrZp,1.4545454545454546,25,10,TGCGTAATGGACTTTGGTAA,15,417188
acrZp,0.18181818181818182,11,10,TGCCTGTGTATCCGAATTGG,1,465653
acrZp,3.5454545454545454,48,10,TGCCGGTGAGGCATGATTGT,38,415718
acrZp,4.818181818181818,62,10,TGAGTTTGCATAGCAACAAA,52,466278
acrZp,1.2727272727272727,23,10,TCTCGGGGGACTTTTTGACC,13,437739
acrZp,1.7272727272727273,28,10,TCGCCGTTTTTTGGCCCACA,18,420616
acrZp,3.272727272727273,45,10,TCCTGCAAGGGTCGCAAATC,35,416456
acrZp,0.36363636363636365,13,10,TCCTCCGGACTCCTTAAGTT,3,441572
acrZp,1.8181818181818181,29,10,TCCTAGTCCGGCGGGCAAGT,19,415903
acrZp,0.9090909090909091,19,10,TCCGTTTTGGGGCGCTTAAA,9,418832
acrZp,1.7272727272727273,28,10,TCATGAATTTGTACGTAGCA,18,437186
acrZp,2.0,31,10,TCACAAAATCCGGTAGTCAG,21,423233
acrZp,0.9090909090909091,19,10,TCAACGCAAAAACGAGGAGT,9,424030
acrZp,5.545454545454546,70,10,TATCTGATCGCATTGAATCG,60,423193
acrZp,0.9090909090909091,19,10,TATCTCAGTCACGGTTATCC,9,431497
acrZp,0.6363636363636364,16,10,TATCCTCCCCTGTTTTGAAT,6,465763
acrZp,0.7272727272727273,17,10,TAGTATTAATTGTCATTCCC,7,435507
acrZp,0.7272727272727273,17,10,TAGCCGAGCATGAATGGGAT,7,425753
acrZp,5.636363636363637,71,10,TAGACGAGACCAGGAAAGCA,61,457188
acrZp,4.0,53,10,TACCTGCGGATGATCAGGAC,43,450728
acrZp,1.8181818181818181,29,10,TACAGTCCTACGCGCCTGGG,19,418615
acrZp,0.18181818181818182,11,10,TAATCCTCAATCCGTCGGCC,1,452273
acrZp,3.4545454545454546,47,10,GTTGTTTACAATCACGCTCC,37,426568
acrZp,2.090909090909091,32,10,GTTGGCTACAACGTTGGACA,22,414857
acrZp,1.1818181818181819,22,10,GTTCCGGCGAGGTTGTACGT,12,415011
acrZp,1.8181818181818181,29,10,GTTCAGCGCAAAAAGTGGGG,19,414861
acrZp,1.4545454545454546,25,10,GTGAAGGCCTGCTATTACAA,15,423088
acrZp,1.0909090909090908,21,10,GTCTTCTCGTGGATGATCGA,11,417774
acrZp,1.0909090909090908,21,10,GTCCCGACGCACACTAAGCG,11,462869
acrZp,2.6363636363636362,38,10,GTCATTCGCCCCTGCAAATG,28,454638
acrZp,2.090909090909091,32,10,GTCAGCAGTCAGAGACACGG,22,457952
acrZp,4.545454545454546,59,10,GTATATACCTGTCCAGGGCA,49,425360
acrZp,2.909090909090909,41,10,GTAAGGATATGGGCAAGCCT,31,459995
acrZp,1.3636363636363635,24,10,GTAAAGCATGTAGAGCGTAA,14,431908
acrZp,4.7272727272727275,61,10,GGTTCCGCACTACATACATT,51,446596
acrZp,3.0,42,10,GGTCGAATGATTCTATAGTA,32,420343
acrZp,3.090909090909091,43,10,GGTCAGCGAGGTCACGCTTT,33,423009
acrZp,2.4545454545454546,36,10,GGTAGTCTAAGGGTCTGTCA,26,448389
acrZp,1.6363636363636365,27,10,GGTACTACCAGAATACGACC,17,448475
acrZp,1.8181818181818181,29,10,GGGTTGCTGGGTTATGTTCA,19,450444
acrZp,1.8181818181818181,29,10,GGGTCGTTATAGACACGTTG,19,437507
acrZp,5.090909090909091,65,10,GGGATCCGGAGACCTGGGGG,55,430666
acrZp,0.7272727272727273,17,10,GGGACTTCCAGTTTTATCTC,7,462205
acrZp,1.3636363636363635,24,10,GGCTCACCGATAGAAGCAAA,14,429569
acrZp,2.3636363636363638,35,10,GGCACGCCCACTAGATCACA,25,444242
acrZp,2.272727272727273,34,10,GGATGGCTGTCCTAGCGACG,24,413262
acrZp,5.454545454545454,69,10,GCTTGGGCTGACGCCGCGCA,59,419322
acrZp,1.4545454545454546,25,10,GCTGGTCACCTCGATATTAG,15,428807
acrZp,4.7272727272727275,61,10,GCTGCAACGGCAGGAGGCTA,51,437957
acrZp,0.9090909090909091,19,10,GCGGGTTTTTTAGCGTAGGA,9,437388
acrZp,1.0909090909090908,21,10,GCGGAAGTGTACCCCCGAAC,11,434410
acrZp,2.5454545454545454,37,10,GCGCCCAATAAGTGACCTGA,27,436356
acrZp,0.9090909090909091,19,10,GCCACCACCACGCTTGCTGT,9,424589
acrZp,4.090909090909091,54,10,GCAGCCCGGGTCAAGTTTGT,44,417459
acrZp,0.8181818181818182,18,10,GATTGATACTCTTCCAGTAT,8,423621
acrZp,1.0,20,10,GATGATTACTTGCGCATCTA,10,451576
acrZp,0.9090909090909091,19,10,GATATGTTGGCAAACTGTGT,9,430274
acrZp,1.9090909090909092,30,10,GAGGGCATGGGGGGTTCCTT,20,447673
acrZp,0.7272727272727273,17,10,GAGGGAGTATACCGAACACA,7,433558
acrZp,2.0,31,10,GAGGATGCCGAGCATGAATG,21,440266
acrZp,1.2727272727272727,23,10,GACCTGTTCAGGCTGACGAG,13,408575
acrZp,0.18181818181818182,11,10,GACCTGTATTCGGGGATCCA,1,412992
acrZp,1.2727272727272727,23,10,GACAACTTGTCTCTGGCCTA,13,417404
acrZp,1.2727272727272727,23,10,GAATTTTCCCCCTTCACAAT,13,419316
acrZp,0.18181818181818182,11,10,GAAGGTTTTATCGCCGTAAC,1,433943
acrZp,1.9090909090909092,30,10,GAAGAATCGTGTAATATTGT,20,433543
acrZp,1.7272727272727273,28,10,GAACTAAGGGTCCCGCGGGT,18,425845
acrZp,0.2727272727272727,12,10,GAACAGAGCTCTTCGATTTA,2,422224
acrZp,0.18181818181818182,11,10,CTTTGCTGTAAGTGGGTTTC,1,448959
acrZp,1.4545454545454546,25,10,CTTGCTCTGATGGGAACGAT,15,464712
acrZp,0.8181818181818182,18,10,CTTGCGCAAGATATTCCCTG,8,443885
acrZp,1.6363636363636365,27,10,CTTCTTACCGATGTTGCGGT,17,420704
acrZp,1.0,20,10,CTTCGTACCACGATAGTCCT,10,459693
acrZp,5.0,64,10,CTTCCGTGTACCGACACTAT,54,422261
acrZp,1.7272727272727273,28,10,CTGGCTGCACTCGGTATCAC,18,426034
acrZp,0.7272727272727273,17,10,CTGGCGGCAACTAATCGGCC,7,457774
acrZp,0.8181818181818182,18,10,CTGGCGAACTGATCAGAACA,8,428927
acrZp,1.3636363636363635,24,10,CTGACAAATTCCCTAGGGTC,14,464660
acrZp,0.18181818181818182,11,10,CTCGCGTGCCAATCATACGG,1,437431
acrZp,0.5454545454545454,15,10,CTCCTCTCTATGGCACTTCA,5,436381
acrZp,1.6363636363636365,27,10,CTCACGAGCTCAGACTCTAA,17,451443
acrZp,5.181818181818182,66,10,CTCAATAGGGAACGATGTTA,56,458510
acrZp,3.8181818181818183,51,10,CTCAAAATATCAGTCTCGCA,41,428740
acrZp,1.3636363636363635,24,10,CTACTGGACCGTCCGAATAA,14,447063
acrZp,1.4545454545454546,25,10,CTACAATTTTGGTATAATAT,15,462053
acrZp,1.5454545454545454,26,10,CGTCCAGAATATGTTAGATG,16,424786
acrZp,4.636363636363637,60,10,CGTAAGGAGTGATTATTAAT,50,413977
acrZp,1.2727272727272727,23,10,CGGGTTCACGGCTTAAGACG,13,423238
acrZp,2.1818181818181817,33,10,CGGGGTGCTGCGAAGGAGTA,23,437539
acrZp,3.6363636363636362,49,10,CGGGAGAGTCAAACGGCAAG,39,442233
acrZp,0.2727272727272727,12,10,CGCTCACCCAAGGGAGGGAG,2,453606
acrZp,0.6363636363636364,16,10,CGCCCCTGCCGCCAAAGGGA,6,445242
acrZp,0.18181818181818182,11,10,CGCCAATCTAAGGTTTTGAT,1,416714
acrZp,1.3636363636363635,24,10,CGCATTGGATAGGCAAAACT,14,409023
acrZp,1.9090909090909092,30,10,CGCAGCCTGTAAATCATGGA,20,433095
acrZp,1.0,20,10,CGATTGCTTGGTCACATTAG,10,414810
acrZp,6.545454545454546,81,10,CGACAACTTCTGATGCTGTG,71,452625
acrZp,0.6363636363636364,16,10,CCGGCGGTAGTTCTTGAGAT,6,445445
acrZp,2.6363636363636362,38,10,CCGATGCTGGACGACCTTAG,28,433318
acrZp,0.9090909090909091,19,10,CCGAATAGAATGGACACTTC,9,423410
acrZp,0.6363636363636364,16,10,CCCTATCTTCGTTCATGGAC,6,453876
acrZp,2.727272727272727,39,10,CCCCTCCGCGCATCCCTTGT,29,436083
acrZp,2.1818181818181817,33,10,CCCATGCTTTTGTGGACGTA,23,410513
acrZp,1.7272727272727273,28,10,CCCATATTGTAGATTGATCA,18,439782
acrZp,5.818181818181818,73,10,CCATTCCATGGCACTAGATA,63,458361
acrZp,1.7272727272727273,28,10,CCAGTAGCAAACATGCTATT,18,410274
acrZp,0.6363636363636364,16,10,CCACGACTACTTGCGCTCAC,6,409857
acrZp,2.090909090909091,32,10,CATTTTAGATCCCGACAAAA,22,411814
acrZp,0.18181818181818182,11,10,CATTCGGTTGCCCAACGCGG,1,435259
acrZp,0.6363636363636364,16,10,CATGCTTGGGCTCCGCACCA,6,454062
acrZp,6.454545454545454,80,10,CATCAAATCACGGCGGCGAG,70,464137
acrZp,0.5454545454545454,15,10,CATAAGATTCAGAATTGCGA,5,445194
acrZp,2.272727272727273,34,10,CAGTTCGATGCTTTGGCTGA,24,437175
acrZp,2.090909090909091,32,10,CAGTATGTGGCGGCACGCGA,22,461310
acrZp,0.9090909090909091,19,10,CAGGAAAGCGGCCCACTTTT,9,431587
acrZp,1.8181818181818181,29,10,CAGCGAGTCTGCCGGATGTT,19,413459
acrZp,2.6363636363636362,38,10,CAGCAAGTAGTCCGGCCTAA,28,412355
acrZp,2.4545454545454546,36,10,CAGAATTATTAAGGCAAAGG,26,413699
acrZp,3.3636363636363638,46,10,CACGTGACGAGGTGGCGTGA,36,466591
acrZp,0.7272727272727273,17,10,CACCTGCCCTCAGACTGATT,7,444624
acrZp,1.3636363636363635,24,10,CACATTGACCAATGTGGCTG,14,463987
acrZp,1.4545454545454546,25,10,CAACTGGCCGCCTGCTATGG,15,454594
acrZp,2.0,31,10,CAACTATGGAGGAGAAACAT,21,440264
acrZp,2.3636363636363638,35,10,CAACGTGTCCCAGGTTAAGC,25,444234
acrZp,2.1818181818181817,33,10,CAACGCGGCATCGTAGCTCT,23,428077
acrZp,1.6363636363636365,27,10,CAACCTCAATCATAAGGGAA,17,456511
acrZp,1.1818181818181819,22,10,ATTCGTCGGGCTAGATCAGA,12,428071
acrZp,1.4545454545454546,25,10,ATGTTGACGTATGTTTATTT,15,412076
acrZp,1.0,20,10,ATGTTCGAGGCAACTCAACT,10,443947
acrZp,3.0,42,10,ATGGCATTAAGTGGAGCAAT,32,427795
acrZp,1.5454545454545454,26,10,ATGGATATCAGGTGACTTGT,16,429712
acrZp,3.0,42,10,ATCGTCCAACAACAGTGACC,32,440842
acrZp,2.1818181818181817,33,10,ATCAGCCCCCCGTCTTCGAA,23,422521
acrZp,4.818181818181818,62,10,ATATGAAAATCGTTTAGGAG,52,462761
acrZp,1.3636363636363635,24,10,ATAATGCGTAGATTAAAAGC,14,420508
acrZp,0.45454545454545453,14,10,ATAACTTTCTCACGTGCTGG,4,421914
acrZp,0.9090909090909091,19,10,AGTGTGCATAGGGAAAACAT,9,411150
acrZp,2.0,31,10,AGTGCGAAGGGCTGGGATAG,21,455750
acrZp,4.545454545454546,59,10,AGTCACATGGCCGAAGGGCC,49,431837
acrZp,2.0,31,10,AGGTGACCAGGCCTTAGACT,21,417233
acrZp,1.3636363636363635,24,10,AGGGCTGTGTGACCTCGCGT,14,425654
acrZp,1.4545454545454546,25,10,AGGCTCGTAATGTATAGTAA,15,445024
acrZp,2.727272727272727,39,10,AGCTTTGCGCCATTTGGTGG,29,441118
acrZp,2.1818181818181817,33,10,AGCGGGTAGCAACCGGAAGT,23,458828
acrZp,2.909090909090909,41,10,AGCCTTGTGCAGGGCATACA,31,442185
acrZp,1.3636363636363635,24,10,AGATTCGCACGGCAGAGTAA,14,437937
acrZp,2.1818181818181817,33,10,AGATGCACAACATGCCTTTG,23,462493
acrZp,1.7272727272727273,28,10,AGAGTGATCAAAGAAGATTC,18,433539
acrZp,1.5454545454545454,26,10,AGAGATCGTCTTCTTGCTAA,16,453176
acrZp,1.0909090909090908,21,10,AGAATACATTGCTACTTTCA,11,428423
acrZp,1.9090909090909092,30,10,AGAAGTGTCTTGGACGCGGT,20,420842
acrZp,1.1818181818181819,22,10,ACTGGATGCTAGGTAGGACC,12,465843
acrZp,1.7272727272727273,28,10,ACTATGTATGTTTTTTATCT,18,456134
acrZp,1.3636363636363635,24,10,ACGTGAACTCGAGCGGAGGG,14,425067
acrZp,1.9090909090909092,30,10,ACGCCGTATTACCTTCGTTT,20,417626
acrZp,3.1818181818181817,44,10,ACGCAACTCAATACGGGGTG,34,441871
acrZp,2.1818181818181817,33,10,ACGACGATTCCGGCGCTCTA,23,430144
acrZp,1.0,20,10,ACCTTAAAATCGGATTCCAC,10,446756
acrZp,1.9090909090909092,30,10,ACCGCAAGATCGGTAACTCA,20,431258
acrZp,1.6363636363636365,27,10,ACCGATAGGTTGAAGTTGAA,17,433712
acrZp,3.727272727272727,50,10,ACAGAGGCCCGACTTTAAGG,40,420170
acrZp,0.5454545454545454,15,10,ACACAATCGTCCCATGAGGC,5,430023
acrZp,2.272727272727273,34,10,ACAAGAGTTGTGCCTGGTTT,24,449006
acrZp,1.5454545454545454,26,10,ACAACGTATCCTAGTTTCAG,16,456710
acrZp,0.18181818181818182,11,10,AATTCACCCTCACCCCTCCT,1,446052
acrZp,0.18181818181818182,11,10,AATGAAAGCTACACCAAGGT,1,412456
acrZp,1.1818181818181819,22,10,AATCCACTCAAATAGGCGCA,12,439218
acrZp,5.7272727272727275,72,10,AATAGCTCCCGGTCCGTCCC,62,433114
acrZp,0.7272727272727273,17,10,AATACCGCGCCAACTTCTCT,7,415213
acrZp,1.5454545454545454,26,10,AAGGGTGGACACGTCCTGCG,16,433597
acrZp,1.5454545454545454,26,10,AAGGGAGATGTCGTTGGAGC,16,429198
acrZp,4.818181818181818,62,10,AAGCAAATCCAGTAAGATAT,52,416036
acrZp,1.6363636363636365,27,10,AAGAAACTCGTGATCTATCT,17,447859
acrZp,1.8181818181818181,29,10,AACTATCATACACAATTAGA,19,422020
acrZp,1.6363636363636365,27,10,AACCTGGGTTAGAAATTCTT,17,434288
acrZp,1.2727272727272727,23,10,AAACTTTCTTCCGTTCACGA,13,443922
acrZp,0.18181818181818182,11,10,AAACAGTATATTGGTAACAT,1,427595
acrZp,4.7272727272727275,61,10,AAAAACTACAATAACCATTT,51,464157
acrZp,0.7,15,9,TTTTCGATAGGAGCATACGG,6,448529
acrZp,1.5,23,9,TTTGCGACATAGCCTCTTTG,14,438922
acrZp,0.8,16,9,TTTAAGGGGTAGACGGCACT,7,419331
acrZp,1.6,24,9,TTGGGTATTTGAGGGCGGTG,15,450114
acrZp,0.2,10,9,TTCAGATCTTGGGGAAGGAA,1,465173
acrZp,0.3,11,9,TTAGTGTGATCAGATCAGCC,2,422904
acrZp,0.4,12,9,TTACCGTATCCATATAGCAT,3,464641
acrZp,1.2,20,9,TGTTGGGCTCATAAACGGAA,11,425264
acrZp,3.6,44,9,TGTTCGGCTAGACGGTCACG,35,458394
acrZp,2.1,29,9,TGTGCCCATGCAGATTGTAA,20,435931
acrZp,2.4,32,9,TGTCTGTCGATTCGCCAGTG,23,452113
acrZp,2.5,33,9,TGTCCCTTGGGCGGTCGTGA,24,460966
acrZp,2.5,33,9,TGGGTTGCTATTGGGATCGA,24,454391
acrZp,2.1,29,9,TGCGTCTGCAAGTGAATACT,20,437900
acrZp,3.8,46,9,TGCGATAATGGAACATCCTC,37,424898
acrZp,0.9,17,9,TGCCGGCTGGTGCAGAGATA,8,445395
acrZp,2.0,28,9,TGCCGGAGTGACCTTGAATG,19,445280
acrZp,4.0,48,9,TGATAAACATCGAACTAGCT,39,434382
acrZp,2.1,29,9,TGAGGGGGTAGATTCGTAGG,20,439761
acrZp,3.0,38,9,TCTTGTGTCAGACGGCGGAA,29,458611
acrZp,2.5,33,9,TCTGGCCAAGACGAGGGATA,24,432183
acrZp,2.5,33,9,TCTCGGGCATGACTCGTACC,24,423370
acrZp,6.1,69,9,TCTCAATTGCTCACAAGGAA,60,448982
acrZp,0.7,15,9,TCTAGAATGGGGCCAGACTT,6,435434
acrZp,1.9,27,9,TCTACCAGGACTACGACAAG,18,415861
acrZp,0.9,17,9,TCGGTTTATACCCCGGACTA,8,416356
acrZp,2.7,35,9,TCGCGTCGCTGTAGGCAGTT,26,461493
acrZp,1.8,26,9,TCGCCAGTTTGCCGTAGCAC,17,435270
acrZp,0.2,10,9,TCCTTGTTCCTCCCAAGACT,1,455778
acrZp,6.6,74,9,TCCTCCCAAGTAACTTTGCC,65,450295
acrZp,1.7,25,9,TCCTAGGAAGGAACCGAGTT,16,413613
acrZp,0.4,12,9,TCCGCAAAACTGCGTCTCCT,3,436942
acrZp,1.7,25,9,TCCCTATCTATTCGCCACTC,16,438476
acrZp,3.5,43,9,TCAGTGTTGTTCCCGGGAAA,34,462701
acrZp,1.2,20,9,TCAGTCTCAAAAACGAAGTC,11,438068
acrZp,1.2,20,9,TCAGGGTTGTCATCTGACAT,11,437748
acrZp,2.7,35,9,TATGTGTCAGGGTGCAGCGC,26,419238
acrZp,2.3,31,9,TATGGATTTCTAAGGGTAAA,22,409483
acrZp,2.3,31,9,TATGCCTTCTGATGGCAGGC,22,453277
acrZp,1.3,21,9,TATCTCAACGTGCAGGCATA,12,436736
acrZp,2.2,30,9,TATCGGTAGCCGTTTCGTGC,21,412818
acrZp,3.5,43,9,TATCCGCCGTCTGGAACCTT,34,425356
acrZp,1.6,24,9,TATCATGAAGCTCCCACCGG,15,442915
acrZp,1.3,21,9,TAGGCTCCCGATATATCACA,12,435116
acrZp,2.2,30,9,TAGGATCAGGGTTTGTTCAC,21,465889
acrZp,2.5,33,9,TAGGACAGTCTTACACTGGA,24,434191
acrZp,2.7,35,9,TAGGAATTCCGAGAAGATAT,26,460616
acrZp,0.9,17,9,TAGCGTTTCCGGGTGTCTGA,8,465814
acrZp,5.9,67,9,TAGCACCTCGTCTAGCAGAT,58,446429
acrZp,2.4,32,9,TACCATCTTGAGAACTTGAG,23,449239
acrZp,1.6,24,9,TAAGTCCCAGTCCAGTATTG,15,447043
acrZp,9.4,102,9,TAACGATTTCAGTCCTATGC,93,461838
acrZp,3.1,39,9,TAACCTCCAATTTCACGGTA,30,444496
acrZp,10.2,110,9,TAACCAACGCGTACGAAACG,101,408821
acrZp,5.3,61,9,GTTTACAATAGTCTCTTCTA,52,445531
acrZp,0.2,10,9,GTTGGTATTCGGTACAAATG,1,462468
acrZp,0.2,10,9,GTTCTCGTAAAGCGGGAACC,1,410884
acrZp,3.9,47,9,GTTCGGTCACCCCCGGTGAG,38,415064
acrZp,0.2,10,9,GTTCATGGGGTTTACGAGTG,1,417387
acrZp,0.2,10,9,GTTACGTGCCGGATCCGCAA,1,426468
acrZp,4.7,55,9,GTGGGCAGCCCCTTAAAATC,46,413231
acrZp,0.5,13,9,GTGATCCGTTATTGCGGACT,4,427019
acrZp,5.2,60,9,GTGACTTCGGTCGCATGCAG,51,454333
acrZp,1.4,22,9,GTGAATACACCATCATTAAA,13,426983
acrZp,0.2,10,9,GTCTGGGACGTAGGCACATT,1,428480
acrZp,8.5,93,9,GTCCGGGACCAGCGTCGGTA,84,431260
acrZp,0.2,10,9,GTCCCCTTGGCTATAGTACA,1,466250
acrZp,0.6,14,9,GTCCATAGTACAGTCGAGCT,5,459080
acrZp,0.2,10,9,GTCATCACCTAGTAGTTGCA,1,424434
acrZp,0.2,10,9,GTCATACGGAAGTCTAGAGA,1,423443
acrZp,4.1,49,9,GTCACAATATGATATACATA,40,421004
acrZp,3.1,39,9,GTAGGGCCGTCGTATCCATT,30,452158
acrZp,2.1,29,9,GTAGCCGTGGACTTACCCCA,20,425881
acrZp,2.5,33,9,GTACGTTGACACGCCCCTTT,24,446323
acrZp,3.1,39,9,GGTTCACATTCCTGCAAAAC,30,427728
acrZp,1.7,25,9,GGTGGCAATATTTGTGCTCT,16,459360
acrZp,5.0,58,9,GGGTCTGCCTGCGACCGCGT,49,439257
acrZp,2.0,28,9,GGGGGACCTGATAGAACATA,19,459381
acrZp,1.5,23,9,GGGGACACATCTTAACTATC,14,408690
acrZp,2.5,33,9,GGGCTCTGGGTTCGGCCGTA,24,430934
acrZp,2.6,34,9,GGGAGTTAAAAAAGGACCCA,25,415610
acrZp,0.2,10,9,GGGAGTGGAAATAGTTTTTA,1,422377
acrZp,0.5,13,9,GGCTGGCCGGTCGGGGTTTG,4,445802
acrZp,1.4,22,9,GGCGTCCTGAGCACTTTAGA,13,418149
acrZp,1.7,25,9,GGCGTACCAAGATTTCGTAC,16,460208
acrZp,2.3,31,9,GGCAGACAGGATGTTGTTCT,22,436705
acrZp,1.5,23,9,GGAGGTCAAACTTCATAACA,14,438956
acrZp,12.0,128,9,GGAGGCCCCGAAGCCCGGGC,119,435008
acrZp,1.8,26,9,GGACTGCGCATATTTTCTAT,17,419549
acrZp,1.9,27,9,GGAACGAATCAGTAACAAGG,18,408752
acrZp,2.5,33,9,GCTGCCAGGTCTGCAGTGAT,24,449580
acrZp,0.2,10,9,GCTACCTGCAACAACAGCAA,1,463494
acrZp,9.0,98,9,GCGTTACCTACCCTTTGTAG,89,429031
acrZp,2.0,28,9,GCGTGACAGGCTGAATCGAT,19,425585
acrZp,1.8,26,9,GCGGATATTGGTCATGACGT,17,433033
acrZp,1.7,25,9,GCGAAGGTCCTTCGGTGTTG,16,426594
acrZp,2.6,34,9,GCCGCTGTAGGTTCGGGTGT,25,427238
acrZp,1.9,27,9,GCATCCCACGCGGATCAAAA,18,423842
acrZp,1.6,24,9,GCATATGGGATTTAACCTAG,15,440408
acrZp,2.9,37,9,GCACAAATGCTTCGCGTGCA,28,414403
acrZp,0.2,10,9,GATGTAACTTCGATTACGAC,1,412788
acrZp,2.4,32,9,GATAATCTAGCACGAGCATA,23,424630
acrZp,2.9,37,9,GAGGGACATGCTTCTCATTT,28,459608
acrZp,1.8,26,9,GAGGATCAACTAGCTGGTAG,17,439707
acrZp,0.2,10,9,GAGCTCAAATACGGCCATCA,1,411828
acrZp,1.7,25,9,GAGCCCGTCGGTTAAGCCAC,16,432675
acrZp,26.0,268,9,GAGAACTAATCCTCGACTGG,259,466535
acrZp,1.5,23,9,GACGACGGGAATAATTAATG,14,418894
acrZp,1.5,23,9,GAAGCGACTATAGATAGGGC,14,432556
acrZp,1.8,26,9,GAACGGGACTAAAATTCTTG,17,446561
acrZp,4.1,49,9,GAACCGAGAGATGCATTGAG,40,414056
acrZp,3.7,45,9,CTTTTTTAGGATTTTTCGGA,36,425359
acrZp,4.0,48,9,CTTTTGAGTTCGAGTGAACA,39,416452
acrZp,0.9,17,9,CTTTCACTCGGATAAAATCT,8,457832
acrZp,0.8,16,9,CTTGCCCTCAGGCGTAAGTC,7,414847
acrZp,2.0,28,9,CTTGCATTGGATGTACCCTT,19,453237
acrZp,2.1,29,9,CTGGCGGCGTGATTCCTACA,20,412567
acrZp,1.4,22,9,CTCAAACACGTTATAGACCA,13,413615
acrZp,0.2,10,9,CTAGCAATCTTAGGTCTGCT,1,414258
acrZp,4.0,48,9,CTAACTGGTCAATGAACGGT,39,436446
acrZp,2.0,28,9,CTAACGACTTGCTGAATAGC,19,424159
acrZp,1.3,21,9,CGTTTCAAGAAAACCCACAA,12,452961
acrZp,1.5,23,9,CGTTCGTCATCACGGCTTTG,14,435870
acrZp,1.3,21,9,CGTTACCTCCGGCCATAAAA,12,432869
acrZp,3.2,40,9,CGTGAGGAGTGGGTCCGGAT,31,434402
acrZp,1.5,23,9,CGTCTACACATGTGTGACTC,14,423907
acrZp,1.1,19,9,CGGTGACAAAAGGACGATGT,10,433630
acrZp,0.6,14,9,CGGAGCATCAAGGAACATCT,5,425784
acrZp,1.3,21,9,CGCTTCTAGCCGCCCACACA,12,414420
acrZp,3.6,44,9,CGCTTATGTGGGACGACGGG,35,461233
acrZp,1.7,25,9,CGCGGGAGTCGCCGCGCTCT,16,464707
acrZp,3.0,38,9,CGCCTGGGATGCAGAACCCA,29,455845
acrZp,0.7,15,9,CGCCCAGACCCCTGCGGTCG,6,418854
acrZp,3.1,39,9,CGCAGCGTTTTAACTCCACT,30,437361
acrZp,0.4,12,9,CGCAGATGCAACTAAAGGGG,3,452798
acrZp,1.3,21,9,CGCAAGCAGGTTTCAAAGTC,12,453526
acrZp,5.3,61,9,CGCAAAAGTCCAGCGCAACA,52,448337
acrZp,4.9,57,9,CGATTCTGATGCACACAGTC,48,414798
acrZp,1.8,26,9,CGATGACCAAAAAATATTTG,17,458356
acrZp,0.3,11,9,CGAGGGGTACGCAGACGGTG,2,416871
acrZp,11.2,120,9,CGAGCCCAGCTTGCCGTCTC,111,467552
acrZp,1.3,21,9,CGAAGGGTTAGCCCGTCGCG,12,430639
acrZp,0.5,13,9,CCTTAAATCTCAATCCGTGC,4,426228
acrZp,0.8,16,9,CCTGATTACAAGTACACAGC,7,442882
acrZp,0.2,10,9,CCTGATCGACTATAGCCGCG,1,425595
acrZp,1.7,25,9,CCTCTTTCATTACGAAGGTA,16,456403
acrZp,3.8,46,9,CCGGACGTACAATCGACCGG,37,419472
acrZp,3.7,45,9,CCGCAACCGTAGGCGCCCTT,36,449361
acrZp,2.8,36,9,CCGAATAGGATAAGGGCGCC,27,421590
acrZp,2.3,31,9,CCCCTCGCAGTTTGAGAAGC,22,436632
acrZp,2.0,28,9,CCCCCCATGGGCAGTAATTA,19,464562
acrZp,1.2,20,9,CCATCCCTGGGGTGCAGGAC,11,459441
acrZp,2.1,29,9,CCATCATATCAGCTTTTCGT,20,429312
acrZp,2.6,34,9,CCATAAACCATACACGCTGT,25,463898
acrZp,1.8,26,9,CCAGCCGGGATGCCTCATGG,17,409286
acrZp,1.9,27,9,CCACACAAGTCCACTGATAT,18,460442
acrZp,2.0,28,9,CATTACGATGTTCGGACTCT,19,439603
acrZp,0.7,15,9,CATGGCTTTCGTTGGTGTCT,6,417739
acrZp,1.9,27,9,CATGGCAGGCTACCTTATTA,18,412571
acrZp,0.2,10,9,CATCGAGGGAAGTGGTAGGC,1,442226
acrZp,1.2,20,9,CATCATCTGAGCCGTGCTCC,11,463989
acrZp,7.1,79,9,CAGGACTACCCGTTTGACAT,70,447878
acrZp,2.8,36,9,CAGCTGTCAATGCCCTGGGA,27,411528
acrZp,2.4,32,9,CACCTATTCCTCACTAATGT,23,458831
acrZp,1.1,19,9,CAATCTGATAATATCGTGTT,10,430406
acrZp,2.7,35,9,CAAGTCAGCAGACTCGGTCC,26,460788
acrZp,3.7,45,9,CAACGTAGGTTGCACGTGTG,36,437113
acrZp,0.9,17,9,CAAAACCACGCCAGTCTGTG,8,419794
acrZp,0.3,11,9,ATTTGTCGGGTCTTGTATTG,2,437850
acrZp,1.6,24,9,ATGTCCTTACGGTTAGAGAT,15,454677
acrZp,1.7,25,9,ATGGCCTTGTGGGGCTAGCA,16,414627
acrZp,1.4,22,9,ATGATCACAGTCACAAAGGT,13,458715
acrZp,2.8,36,9,ATGAGACTCTTGCACTCGGG,27,452975
acrZp,0.8,16,9,ATCCCCAAATGGTTAAGCCT,7,455417
acrZp,3.1,39,9,ATCCAAGGCGCCTCCCACGA,30,442112
acrZp,3.5,43,9,ATCACAGGGTTCAGGCGAGG,34,444789
acrZp,2.9,37,9,ATCAATCCAGAGGGTCAAGA,28,446990
acrZp,2.8,36,9,ATATTGCGTACCACTGGTTT,27,429978
acrZp,1.1,19,9,ATATACTGTAGGGATCGAGG,10,457069
acrZp,1.8,26,9,ATAGGTGGTTACGTGATGCA,17,424667
acrZp,2.5,33,9,ATAGGGCACGGCACGGTGAT,24,440452
acrZp,0.8,16,9,ATACTCCCTCCCCGTCGTGT,7,463372
acrZp,0.9,17,9,ATACAAAGGTTTTACAAGGC,8,427327
acrZp,1.7,25,9,ATAAACGCCTATACTGGAGC,16,448487
acrZp,0.2,10,9,AGTTGAGCGTATTTGCCACT,1,455016
acrZp,2.3,31,9,AGTGGACAGCGAAGGTAGGC,22,415611
acrZp,1.1,19,9,AGTGAGCGTTTCCAGGTTCT,10,433442
acrZp,0.2,10,9,AGGGTGTCACTGTATAATTC,1,421214
acrZp,0.2,10,9,AGGCTGTGTTTTTGTTTCTC,1,463239
acrZp,1.6,24,9,AGCCCGTGCTTGACCTTATA,15,438409
acrZp,1.9,27,9,AGCAGCCACGCATCCGACGA,18,417048
acrZp,1.0,18,9,AGCACATGGCGTGGTAAGAG,9,452382
acrZp,4.8,56,9,AGATCAATCAAAGGCGCTTA,47,418491
acrZp,1.0,18,9,AGAGTGCATTCTGTGGCGCG,9,440973
acrZp,0.2,10,9,AGAAACGTCTCTCCTGGCGA,1,421742
acrZp,0.2,10,9,ACTTCCGTAAATCTAGATAC,1,417507
acrZp,1.2,20,9,ACTGACGGCGATTGGATGCC,11,430015
acrZp,1.4,22,9,ACTCCCTCCTTTTTTCGCTT,13,439327
acrZp,0.8,16,9,ACTCCAGGGGTTTGGCTTCT,7,467190
acrZp,1.2,20,9,ACTCATCATTAGGAGGCAGA,11,438558
acrZp,1.5,23,9,ACTACTTTGCGAGTCATTAA,14,425194
acrZp,1.5,23,9,ACGTTAAGCGGATACTAGAA,14,438509
acrZp,23.1,239,9,ACGGTGGGCGTCGTAAGGGT,230,462546
acrZp,1.9,27,9,ACGGCTAAAGTCCGGCGTTC,18,454285
acrZp,1.6,24,9,ACGCCGGTCGCTCTGGTCAA,15,466590
acrZp,2.6,34,9,ACGACACGTCAGTGAGGCTT,25,451090
acrZp,4.8,56,9,ACCTTGAGTCTGTAAACCCT,47,423548
acrZp,1.6,24,9,ACCTGGAGGTTCCGCCCCGT,15,460950
acrZp,0.6,14,9,ACCTACGGCACGCTCAGTTC,5,421476
acrZp,1.4,22,9,AATGGTTGGCCTTTGAATTA,13,423555
acrZp,0.9,17,9,AATGAACGACGTGATGCCCT,8,465329
acrZp,7.4,82,9,AATCCCTGTCGGGACGTAGC,73,449013
acrZp,1.7,25,9,AATAATCTAGTTGGCGTAAA,16,457499
acrZp,1.8,26,9,AAGTACTACTCTTGTTGGAA,17,419982
acrZp,6.5,73,9,AAGCCAGCCTATCATTCGCG,64,430160
acrZp,0.3,11,9,AACGCATCGCCCTGTTACAT,2,408581
acrZp,2.1,29,9,AACAGAAAAATGCCGTCGCT,20,447964
acrZp,0.2,10,9,AACAAGGGGTTCAGTGAGTC,1,447003
acrZp,0.4,12,9,AAATCAGCCCCCTTCTTCTT,3,414030
acrZp,1.7,25,9,AAATACCTCGGACAGGTTTA,16,446723
acrZp,0.2,10,9,AAAGGTAACTAACATTAGCC,1,423441
acrZp,2.5,33,9,AAAATCATATAAGAATTGTC,24,442514
acrZp,2.111111111111111,26,8,TTTTTGATTAGTTCTCATAA,18,443346
acrZp,2.0,25,8,TTTTGGTCCAGGCGATCGAG,17,430175
acrZp,4.0,43,8,TTTTAACCCTAGGTGGGGTC,35,447321
acrZp,2.111111111111111,26,8,TTTGTGGTTCTACGGGACGC,18,465038
acrZp,1.6666666666666667,22,8,TTTGCCGCTCTTGCCTCCCC,14,428453
acrZp,0.8888888888888888,15,8,TTTCTAGGAAGGGCGGTAGG,7,434433
acrZp,0.7777777777777778,14,8,TTTAATGGCTTAGAGGTTCT,6,458723
acrZp,2.7777777777777777,32,8,TTGTAATCACTCAGAGCTTC,24,430318
acrZp,2.3333333333333335,28,8,TTGGGGCAGAGACGCCATCT,20,430836
acrZp,3.888888888888889,42,8,TTCTCCGGGACACGAGAGGA,34,414579
acrZp,17.22222222222222,162,8,TTCGGGGTTAATTTTTTTAG,154,444305
acrZp,1.6666666666666667,22,8,TTCCGGGGCCGTGGAGTGAA,14,432512
acrZp,5.444444444444445,56,8,TTCATCCGCGAGGAAAGGCA,48,466471
acrZp,0.2222222222222222,9,8,TTCAAACTTCAGGAGGGGCT,1,463717
acrZp,1.5555555555555556,21,8,TTAGGTCTGTATGCGATTAT,13,437653
acrZp,0.3333333333333333,10,8,TTAGAGAATGTCATCTGCTG,2,457277
acrZp,2.0,25,8,TTACGCAGGCAGTAGTAGAT,17,425339
acrZp,2.3333333333333335,28,8,TTACCCCAAATGGGAATTTC,20,433705
acrZp,1.6666666666666667,22,8,TTAAAGGAAGGTACAAACTG,14,432742
acrZp,2.4444444444444446,29,8,TGTTTGTTTCACCCGGAAGC,21,463301
acrZp,2.0,25,8,TGTTACCGACGGCATTTAAT,17,464197
acrZp,1.3333333333333333,19,8,TGTTACCGAAAAATATCCGC,11,437995
acrZp,3.3333333333333335,37,8,TGTCCCTGCAGTGCCTTCGT,29,420631
acrZp,1.3333333333333333,19,8,TGTCATAACTAGGGAAAGCA,11,449217
acrZp,2.2222222222222223,27,8,TGTCACGCCAGCTATTAAAG,19,435859
acrZp,5.222222222222222,54,8,TGTAGCAGAGCAGTCGTCGG,46,426890
acrZp,1.6666666666666667,22,8,TGGTGGAAGCTCTGCGATAT,14,466805
acrZp,7.222222222222222,72,8,TGGAGAGAGTATCGCTGCGG,64,459480
acrZp,3.7777777777777777,41,8,TGCTTGAGCCTTGTGAAAGA,33,446198
acrZp,1.4444444444444444,20,8,TGCGGATCCACTTTCTATAT,12,439563
acrZp,1.4444444444444444,20,8,TGCCGATTTTAATCCGGCTT,12,455145
acrZp,2.111111111111111,26,8,TGCCCCAGCCAACTCGTCGC,18,410185
acrZp,2.5555555555555554,30,8,TGCACACATGTGGAATGCTG,22,442395
acrZp,2.5555555555555554,30,8,TGATAGAATACTACGGACCA,22,445596
acrZp,2.6666666666666665,31,8,TGAGGAGTGGTTTGGGCTTT,23,432123
acrZp,4.222222222222222,45,8,TGACTTCCATCCTTGAATAG,37,464830
acrZp,2.0,25,8,TGACATCGGCCTTGTGGATA,17,416170
acrZp,1.8888888888888888,24,8,TGAATGTCAAGAACGCTAGT,16,427254
acrZp,1.5555555555555556,21,8,TGAACGGTGGCCGTGCCTAG,13,415248
acrZp,0.6666666666666666,13,8,TGAACCGTAAAGTAGTTCGG,5,409412
acrZp,2.888888888888889,33,8,TCTGGGACCGGGCCTCAGGG,25,464961
acrZp,1.6666666666666667,22,8,TCGTTTAGTCGGGAGTACTG,14,452780
acrZp,3.4444444444444446,38,8,TCGGTTTAAGAGTTTTGTGT,30,451087
acrZp,1.7777777777777777,23,8,TCGGGTCGTTTGTAAAAAAG,15,447718
acrZp,2.0,25,8,TCGGGGGGGCATATCCCAGC,17,466432
acrZp,1.1111111111111112,17,8,TCGCTTCGTGCTAAAAGGAC,9,441201
acrZp,0.2222222222222222,9,8,TCGCGTACTGGGTATTACAT,1,435918
acrZp,2.7777777777777777,32,8,TCGCGAAACTGCGATAGGTC,24,435084
acrZp,0.6666666666666666,13,8,TCCTCTATTAATACGACGCA,5,422558
acrZp,5.0,52,8,TCCGTTATCATGACATCACA,44,417189
acrZp,4.333333333333333,46,8,TCCGATCTTAAGGTGTGCCA,38,446459
acrZp,4.666666666666667,49,8,TCCCCAGTTTTAGAATGCGT,41,439794
acrZp,3.5555555555555554,39,8,TCAGTGATTGGTTAAGACCG,31,454348
acrZp,2.0,25,8,TCAGAGCAGCTTTGCACGGT,17,458953
acrZp,2.5555555555555554,30,8,TCAATGGCTAGGTGCTAGAA,22,449240
acrZp,0.2222222222222222,9,8,TCAAGTCCTTCACACATTGG,1,428869
acrZp,2.0,25,8,TCAAGCGCGGTCCATCTAGC,17,412276
acrZp,4.0,43,8,TATGTCTGGACATCATCTTT,35,430040
acrZp,2.3333333333333335,28,8,TATGAATGGGTCCGCGTGAT,20,429353
acrZp,1.6666666666666667,22,8,TAGGTCGATCGTAGTGTCTG,14,437693
acrZp,9.0,88,8,TAGCTCCCACAATCTTAGTT,80,410358
acrZp,4.555555555555555,48,8,TAGACTTATTCGCCCAGTCT,40,454406
acrZp,2.0,25,8,TAGACATGCGTAAGACTCGA,17,435502
acrZp,2.888888888888889,33,8,TACTAGCCATAGGGTCGGCT,25,417458
acrZp,0.7777777777777778,14,8,TACGTCACTCACGAGCGATA,6,427769
acrZp,0.5555555555555556,12,8,TACCAGGGGCCACCATGAGG,4,423445
acrZp,3.2222222222222223,36,8,TACATACGTTACAGCTATGG,28,411327
acrZp,1.0,16,8,TACAATTCCTGTGTGGGCGC,8,455669
acrZp,4.222222222222222,45,8,TAATGATAGTACGTGCGCCT,37,458753
acrZp,0.8888888888888888,15,8,TAACCTCCAAGGTTGCTGAG,7,436854
acrZp,0.2222222222222222,9,8,TAAACCGATGGTATTTTTCT,1,443421
acrZp,1.6666666666666667,22,8,GTTGGGTCCGACAACGATAA,14,432218
acrZp,1.8888888888888888,24,8,GTTGCGAGCGACTCCCATAA,16,460944
acrZp,5.333333333333333,55,8,GTTAGAAAGCTCTGTAGACT,47,457641
acrZp,0.7777777777777778,14,8,GTGTTCATAGGGTTTTGGCA,6,409365
acrZp,0.7777777777777778,14,8,GTGTCTCAAAGGTAGACCAT,6,409355
acrZp,0.2222222222222222,9,8,GTGGTATCCTGTGCCGGGCA,1,432425
acrZp,2.3333333333333335,28,8,GTGGGGGCAGTACACGGAGC,20,434717
acrZp,7.444444444444445,74,8,GTGCGCACTCTGTGCGTAGT,66,413696
acrZp,3.0,34,8,GTGCCAGAAGCCGGGCGCGT,26,423696
acrZp,0.2222222222222222,9,8,GTGCACGATAGTAAGCGAGT,1,416840
acrZp,2.2222222222222223,27,8,GTGAGTAAAGAGGAGTGTCA,19,418849
acrZp,2.5555555555555554,30,8,GTGAGCTCCTTATCGCACGG,22,437364
acrZp,2.4444444444444446,29,8,GTGAGATCACTATACATGGA,21,428319
acrZp,3.4444444444444446,38,8,GTCGTAGGGTATGCGAAGAC,30,431232
acrZp,1.4444444444444444,20,8,GTCCAAATTCGGGTACCCGA,12,467047
acrZp,1.3333333333333333,19,8,GTCACCAATCGCCAGTGCAA,11,435413
acrZp,3.2222222222222223,36,8,GTCAATTTATTTATTCAGTG,28,456576
acrZp,2.888888888888889,33,8,GTCAAGCCTAATGTCCCACT,25,419466
acrZp,1.2222222222222223,18,8,GTATCCCTCATTTATTGTTT,10,453160
acrZp,2.7777777777777777,32,8,GTAATCAGTGCTCATGGACA,24,434492
acrZp,2.4444444444444446,29,8,GTAACTCTCGCGGACATCGC,21,430925
acrZp,1.0,16,8,GGTTTCAGGCGAGTATAGGT,8,446613
acrZp,3.0,34,8,GGTTGAAGGATAGACGCCAA,26,447811
acrZp,3.5555555555555554,39,8,GGTGGCAGCATATATCGCAA,31,463496
acrZp,1.7777777777777777,23,8,GGTCTTGGATAAACATAACT,15,463008
acrZp,1.2222222222222223,18,8,GGTCCTTCAATGCTTATTTG,10,452704
acrZp,1.2222222222222223,18,8,GGGGACTCGATTTTGGATGT,10,413167
acrZp,3.7777777777777777,41,8,GGGCCGTGAGGCGATGGATA,33,446719
acrZp,1.4444444444444444,20,8,GGGACTGAGCTGTGTACGTT,12,418478
acrZp,0.2222222222222222,9,8,GGGAACTAGGTGGGCTCGGG,1,439326
acrZp,2.5555555555555554,30,8,GGCTTCGCTTGAAGCTCATT,22,455995
acrZp,1.0,16,8,GGCCGTTGGCGAGTTATGCA,8,433241
acrZp,2.2222222222222223,27,8,GGATTTTATCATAAGTAGGG,19,429156
acrZp,0.4444444444444444,11,8,GGATTCTTCTCGCAGCTCTC,3,421746
acrZp,2.4444444444444446,29,8,GGATCTCCCAAAGTCAGAAA,21,455149
acrZp,3.7777777777777777,41,8,GGAGCAAAAGGGTGTATAAA,33,436108
acrZp,0.7777777777777778,14,8,GGAACCGGACCAGTTAAAGA,6,442575
acrZp,4.333333333333333,46,8,GGAACCCGGGGGTCAGGCGG,38,451558
acrZp,1.8888888888888888,24,8,GCTTTTAACTAGACGCTTTG,16,420693
acrZp,3.3333333333333335,37,8,GCTGGGCCAAGGTGGCAACT,29,435500
acrZp,1.5555555555555556,21,8,GCTGATCGGGGCTCGGATTT,13,418983
acrZp,2.5555555555555554,30,8,GCGCCGAAGTTACAATAAAG,22,454389
acrZp,0.8888888888888888,15,8,GCGCAGTCTAGTACCTTAAC,7,440931
acrZp,0.5555555555555556,12,8,GCCGGTGAGGACACAAACGA,4,411649
acrZp,1.2222222222222223,18,8,GCCGCGTGATATGTGCAGTA,10,418226
acrZp,3.0,34,8,GCCGATAGGGTCTCATTCTT,26,452765
acrZp,5.222222222222222,54,8,GCCCTGTTAGCTCATCTCCT,46,410624
acrZp,2.888888888888889,33,8,GCCATAGCCTCGGTGGGGGA,25,451403
acrZp,0.5555555555555556,12,8,GCATACACCCCGGCACTCTA,4,460815
acrZp,2.6666666666666665,31,8,GCAGAACGGTTGATCCATCA,23,437195
acrZp,3.888888888888889,42,8,GCACGTTTTGTCTTATTTGC,34,444195
acrZp,0.2222222222222222,9,8,GCAACTAGATAAAAATGCGT,1,409108
acrZp,3.3333333333333335,37,8,GATTGAACGATTCAAAGCGT,29,460952
acrZp,2.4444444444444446,29,8,GATGATTGTTGCAGGTAGTC,21,445291
acrZp,0.2222222222222222,9,8,GATCACCAATTTCGCATGGC,1,465623
acrZp,0.6666666666666666,13,8,GATAAAAAGTGCGAAGAACC,5,460082
acrZp,1.0,16,8,GAGTGTCGTACCTCTTGCAT,8,411403
acrZp,0.7777777777777778,14,8,GAGTGGTCTGGGCGATTTGC,6,445959
acrZp,3.6666666666666665,40,8,GAGTGGCCTAATTATGATCT,32,429884
acrZp,1.8888888888888888,24,8,GAGTGACTGACCTTAATCAG,16,430651
acrZp,2.2222222222222223,27,8,GAGGTGGATAATTCCTAATT,19,422668
acrZp,1.3333333333333333,19,8,GAGGTGATTGTTATGTCACC,11,419895
acrZp,2.888888888888889,33,8,GAGCCAATAAAGCTACGACC,25,434618
acrZp,4.0,43,8,GAGAGCCTCGTCTATTTAGA,35,412034
acrZp,4.0,43,8,GACTCTGTAGTGTGATACAT,35,421373
acrZp,1.1111111111111112,17,8,GAATGAACGACCTTCTGTCA,9,443104
acrZp,1.6666666666666667,22,8,GAAGTCGGATTACTCCGCAT,14,438205
acrZp,2.3333333333333335,28,8,GAACGCCTTCGTTATGACCT,20,448173
acrZp,2.6666666666666665,31,8,GAAACGGCAGCCTAGGAGTG,23,450833
acrZp,1.2222222222222223,18,8,CTTGGTCAACAAATTAGTTA,10,415745
acrZp,2.0,25,8,CTTCACACGTACTGTATGAG,17,456364
acrZp,2.7777777777777777,32,8,CTTATTCCCTCTACTACAAA,24,428381
acrZp,1.6666666666666667,22,8,CTTATATCTCTAGCGATTAA,14,409439
acrZp,16.666666666666668,157,8,CTGTCTGAATAGCCTAGATA,149,454139
acrZp,1.2222222222222223,18,8,CTGGACAGAAGCCCGTAGAG,10,434674
acrZp,1.4444444444444444,20,8,CTGCTGCTCAATGTCCTACA,12,434355
acrZp,4.444444444444445,47,8,CTGCTCACATTCGACGGTGA,39,430027
acrZp,1.7777777777777777,23,8,CTCCGTGCTCCGTGCTAGTA,15,442298
acrZp,0.8888888888888888,15,8,CTCATACCTGGCTTTCTTGA,7,437359
acrZp,2.7777777777777777,32,8,CTCAGTGTAGTCGGCAGGGA,24,464996
acrZp,1.2222222222222223,18,8,CTACACTCGTTATCGGACCT,10,416033
acrZp,7.111111111111111,71,8,CTAAGTAGCCCGGCCAGACC,63,437251
acrZp,2.2222222222222223,27,8,CTAAACCTAATTGGCTACTG,19,435473
acrZp,0.2222222222222222,9,8,CGTTCACCACTGTCCTAGCA,1,424780
acrZp,6.777777777777778,68,8,CGTGCTCGGCCTAGGGACGC,60,456725
acrZp,3.3333333333333335,37,8,CGTGCAAGGACGGTGTCCCA,29,434005
acrZp,4.0,43,8,CGTAAAGGGCTTGGCTCTCG,35,462222
acrZp,0.7777777777777778,14,8,CGGTCACAGGTGTATTGCCG,6,451079
acrZp,2.111111111111111,26,8,CGGTACTATGAAATACGAAT,18,411204
acrZp,1.7777777777777777,23,8,CGGGAACGAACTATATTATG,15,429209
acrZp,3.2222222222222223,36,8,CGGCAATGTGGTAGCCCGCC,28,430650
acrZp,1.3333333333333333,19,8,CGGATTATTCTCTGATCCCA,11,452703
acrZp,1.4444444444444444,20,8,CGCTGAGCATAAGGGGGATA,12,464448
acrZp,1.0,16,8,CGCGTTAAAGGTTTTTAGAA,8,440763
acrZp,1.3333333333333333,19,8,CGCGTCTACCGGAATTTATA,11,421345
acrZp,1.1111111111111112,17,8,CGCGATCGGGCAGAGACAAG,9,438233
acrZp,2.888888888888889,33,8,CGCCGTCACCGAATATTAGG,25,431964
acrZp,1.0,16,8,CGAGCTCTTCAAAGACGAAG,8,428073
acrZp,1.6666666666666667,22,8,CGAATCAGAGCCGGAAGCGA,14,421271
acrZp,8.555555555555555,84,8,CCTGTTTCAACTCTACTGAC,76,432650
acrZp,1.7777777777777777,23,8,CCTGAACTAGGTCAAGTTGT,15,420740
acrZp,1.7777777777777777,23,8,CCTCCCAGAGCGGATCGCGA,15,441522
acrZp,3.111111111111111,35,8,CCGTATGGCCGGGGATCCGC,27,453595
acrZp,1.0,16,8,CCGCTTTTAAGACTTAATTA,8,442675
acrZp,1.0,16,8,CCGCGGCTCTCGAGGTTCTG,8,416548
acrZp,3.2222222222222223,36,8,CCGATTTCACTGTAGCGTTA,28,441625
acrZp,1.2222222222222223,18,8,CCGATTGCGGAAACGTTCAT,10,444712
acrZp,11.88888888888889,114,8,CCGAGACTGTCAATTCAAAC,106,441987
acrZp,1.2222222222222223,18,8,CCGAGAACGGGACTCCAGCT,10,430860
acrZp,2.4444444444444446,29,8,CCGACAAAGCAGAGAGCAAG,21,451198
acrZp,0.2222222222222222,9,8,CCCGTTCGAGTGGTCTAGAT,1,410312
acrZp,11.222222222222221,108,8,CCCGGAACCATGGTCGGGTA,100,437807
acrZp,1.7777777777777777,23,8,CCCCTACTGTGAAGAGGTAG,15,422294
acrZp,5.111111111111111,53,8,CCCCGTGCGCCATAATCATT,45,428553
acrZp,2.2222222222222223,27,8,CCCCCTGTTATTCGCAAAAT,19,433514
acrZp,1.8888888888888888,24,8,CCCATCAATTGGTAGGGCGT,16,431379
acrZp,2.2222222222222223,27,8,CCCAGCTGGGGGCGATTATG,19,416699
acrZp,0.2222222222222222,9,8,CCCAAGGTGCGTGTCTCCGT,1,431955
acrZp,1.6666666666666667,22,8,CCATTCTCTCGTAAGCCACT,14,432256
acrZp,2.2222222222222223,27,8,CCATATAGTTTCGGTTTCAC,19,413105
acrZp,2.3333333333333335,28,8,CCAGATGGACACTGAAAATT,20,423922
acrZp,0.2222222222222222,9,8,CCAAGTTGCAGAAACGGCCC,1,420883
acrZp,1.3333333333333333,19,8,CATGGACCTGTCTCCCTGAA,11,436692
acrZp,3.111111111111111,35,8,CATCTAGACTAATATCAACG,27,449482
acrZp,3.111111111111111,35,8,CATCATGCGTCTGAGCTAAG,27,465089
acrZp,1.5555555555555556,21,8,CAGTGTCGCAGAATTCACGG,13,459331
acrZp,4.0,43,8,CAGTGACGATCGCGAAGATT,35,450600
acrZp,2.4444444444444446,29,8,CAGTCGGTTCGTATGATTCC,21,412036
acrZp,2.6666666666666665,31,8,CAGGTATTCAAGAGGAACTA,23,421837
acrZp,2.0,25,8,CAGGAGCCTACGCAGACCCC,17,426184
acrZp,1.7777777777777777,23,8,CAGCAGGTGAGGGCCTAGGT,15,438681
acrZp,2.4444444444444446,29,8,CACTTGAAGACTGCTGACCT,21,456676
acrZp,1.4444444444444444,20,8,CACGTGTATCCACACAGCAG,12,460906
acrZp,5.333333333333333,55,8,CACGGATGAGTTCAAGGCGG,47,452864
acrZp,2.3333333333333335,28,8,CACGACTTCAGCTAACTCGC,20,434399
acrZp,1.8888888888888888,24,8,CACCCGCTTAGTAAACATTC,16,419090
acrZp,2.6666666666666665,31,8,CACAACTATGCCCGGGGCTT,23,458358
acrZp,3.2222222222222223,36,8,CAATGACGTTATTGGGATCT,28,444156
acrZp,2.4444444444444446,29,8,CAACGAAACAAGGATCGGTC,21,429227
acrZp,6.0,61,8,CAAACTGGAAGCGGGGGAAT,53,443525
acrZp,4.0,43,8,ATTTGGCCGCTACACGTATA,35,441833
acrZp,4.555555555555555,48,8,ATTTGGACCCGCGAGATCAT,40,416503
acrZp,5.0,52,8,ATTTAACCAATGGACAGGCT,44,441439
acrZp,0.2222222222222222,9,8,ATTGCTATCTCCCCACGAGC,1,445800
acrZp,0.2222222222222222,9,8,ATTCGTCCGTTAATCTCATC,1,445615
acrZp,9.444444444444445,92,8,ATTCCGCTCGGCTGCTAGTG,84,418859
acrZp,2.0,25,8,ATTAAATTCACTCCTGGAGG,17,411015
acrZp,3.0,34,8,ATGTTAGATAGGCAAAATCA,26,458680
acrZp,2.111111111111111,26,8,ATGTGGACGGCGCAATCTTG,18,451965
acrZp,2.111111111111111,26,8,ATGTGCCCTTAAGCTGTACC,18,444382
acrZp,2.888888888888889,33,8,ATGCTCATTCCGCAACTGTT,25,414351
acrZp,3.7777777777777777,41,8,ATGCGGGTTGTCACGGGTCA,33,467080
acrZp,11.11111111111111,107,8,ATGCAGGTATCTTGCCTGGT,99,408818
acrZp,0.2222222222222222,9,8,ATCTATGGTGCCTACGAGAT,1,451486
acrZp,2.6666666666666665,31,8,ATCGACCACGCCGCGTATAG,23,409411
acrZp,2.4444444444444446,29,8,ATCCTGAGATGGAGATATCG,21,432390
acrZp,1.8888888888888888,24,8,ATCATACGTTCACCCCGAGG,16,443551
acrZp,2.2222222222222223,27,8,ATCAGGGACATATATTTATA,19,457483
acrZp,2.5555555555555554,30,8,ATATGAAGGTCCCCAATAAT,22,426404
acrZp,1.3333333333333333,19,8,ATAGGCTCTTAGATTGGGAA,11,458229
acrZp,4.555555555555555,48,8,ATACTGAATCAATGAAGTGA,40,427652
acrZp,3.5555555555555554,39,8,ATACTACAGGGTCAGCCAGG,31,446500
acrZp,6.555555555555555,66,8,ATACGGTGAAATAAGCCGTT,58,429872
acrZp,2.5555555555555554,30,8,ATAAATCACCCGAACGGTTA,22,437201
acrZp,0.8888888888888888,15,8,AGTTTTATATACCTACTACA,7,435404
acrZp,0.6666666666666666,13,8,AGTTTCCAAAAGGGTGGGTT,5,417658
acrZp,2.0,25,8,AGTGGTCGCAGCGGGCTCAC,17,457182
acrZp,0.2222222222222222,9,8,AGTGAGAGACCCAGTCCCAA,1,431489
acrZp,2.3333333333333335,28,8,AGTCTACGTGAACCCTGACA,20,437432
acrZp,1.1111111111111112,17,8,AGTATTATGGACCAGTCATA,9,454135
acrZp,2.0,25,8,AGGTTGATGTGCGTTGATAT,17,417495
acrZp,2.7777777777777777,32,8,AGGTCTCTGCAGTGCGGGAC,24,465764
acrZp,1.6666666666666667,22,8,AGGTCATTTTTTCGCGGGGA,14,452818
acrZp,0.4444444444444444,11,8,AGGCTCAGAATTTAGCTTTC,3,426466
acrZp,2.111111111111111,26,8,AGGATATACCGCACGCTCAC,18,435440
acrZp,3.111111111111111,35,8,AGGAGATACTTGCGGACAGA,27,412863
acrZp,2.3333333333333335,28,8,AGGACACCTCGGAAAGAGTA,20,459677
acrZp,0.2222222222222222,9,8,AGCCTAGTCACTATCTGTGA,1,418504
acrZp,0.7777777777777778,14,8,AGATTTAATTGCAATTTGTC,6,415295
acrZp,2.0,25,8,AGAGGGTGAACGCGCCAGAC,17,460560
acrZp,1.6666666666666667,22,8,AGAGCCGACCCGCGATCAGT,14,433563
acrZp,1.8888888888888888,24,8,AGACTCTAACGCCCACGGCA,16,425365
acrZp,1.7777777777777777,23,8,AGACTCATGAACCGTTGAAG,15,440737
acrZp,3.5555555555555554,39,8,AGACGAGAAAGACCGGCGAT,31,460087
acrZp,0.5555555555555556,12,8,ACTTTAGTCGCTTGATTATC,4,444392
acrZp,4.888888888888889,51,8,ACTATGCAAGATGCTCTGGT,43,437782
acrZp,1.6666666666666667,22,8,ACTATCCACAAAACACACCT,14,448232
acrZp,0.5555555555555556,12,8,ACGTTCCCCGGTCCAACCGC,4,431689
acrZp,1.8888888888888888,24,8,ACGGACCTCGCTGCTGAGAG,16,413709
acrZp,2.0,25,8,ACGGAAGCTGACTGGACATG,17,446089
acrZp,1.6666666666666667,22,8,ACGCGGCGGTAGGCTAGGAA,14,418061
acrZp,2.4444444444444446,29,8,ACGCCGGATGGTACTCAGCG,21,425931
acrZp,3.3333333333333335,37,8,ACCTTAACCGAATTTCGGTC,29,434713
acrZp,2.4444444444444446,29,8,ACCTCGATAGTGAGTCTTAT,21,463935
acrZp,4.333333333333333,46,8,ACCTAGCCTGGGCAGGGTTG,38,441373
acrZp,0.8888888888888888,15,8,ACCCCTCTAGTGGGCGCAGA,7,425148
acrZp,1.7777777777777777,23,8,ACCAGTTGGCCACTCGCTAA,15,430112
acrZp,0.2222222222222222,9,8,ACCAGGTGAACGGTTGACCA,1,464041
acrZp,0.8888888888888888,15,8,ACCAGGAAGCCTGGATGAGC,7,411197
acrZp,1.3333333333333333,19,8,ACAGTTTATACAATAGACAA,11,444007
acrZp,2.0,25,8,ACAGACCAAAGGCATGCCGC,17,462087
acrZp,4.0,43,8,ACACCGGGGGCTGCGCATAA,35,422121
acrZp,0.7777777777777778,14,8,ACAAGAAACGTTACCTATGC,6,452180
acrZp,3.6666666666666665,40,8,ACAACTTGGGGTCCTGAGTT,32,431145
acrZp,0.2222222222222222,9,8,ACAACGCATCCTTAATGTTC,1,426364
acrZp,0.2222222222222222,9,8,ACAAACATGGGTGGGTGTCA,1,439926
acrZp,1.3333333333333333,19,8,AATGAGAGAATGGCCCACCA,11,410799
acrZp,2.3333333333333335,28,8,AAGTTAGTCTCCTGAGTGCC,20,424319
acrZp,1.6666666666666667,22,8,AAGTGCTTGCTCCACTTGAA,14,448626
acrZp,2.5555555555555554,30,8,AAGTAGAATGCTTGTATCGA,22,408822
acrZp,1.5555555555555556,21,8,AAGGTGCATCTAACGACACT,13,449020
acrZp,3.6666666666666665,40,8,AAGCGCGACCCCGTGTCCTT,32,447094
acrZp,1.8888888888888888,24,8,AAGATATGCGGAGAGTTAGG,16,414447
acrZp,3.111111111111111,35,8,AAGAATTCCGGTGTGTCCCT,27,410143
acrZp,4.111111111111111,44,8,AAGAATACTGAAGAGCTGAT,36,425646
acrZp,0.6666666666666666,13,8,AAGAAGTAGGATCGTAACTT,5,464240
acrZp,2.7777777777777777,32,8,AACGAGCCTTCTATTCGGGG,24,415698
acrZp,2.0,25,8,AACCGGGCATTCGTTTGTAT,17,430876
acrZp,2.3333333333333335,28,8,AACACCGCTCTTCAGTACTC,20,454993
acrZp,0.8888888888888888,15,8,AAATACGTGGATTCGATCTG,7,450582
acrZp,0.4444444444444444,11,8,AAACGTGAGTAACGAGTACT,3,444375
acrZp,15.88888888888889,150,8,AAACGGGCACTCCGTCTTCT,142,409103
acrZp,6.444444444444445,65,8,AAACCAGAGAATTGGGTCAC,57,425867
acrZp,3.2222222222222223,36,8,AAACAATTTAGAGTGCGGAC,28,450198
acrZp,1.25,16,7,TTTTGTCCCATTGTGCTCTG,9,432521
acrZp,1.375,17,7,TTTTCGCTGCGATGCTTACT,10,416493
acrZp,2.375,25,7,TTTGGTCTGTCCGGAGTGTA,18,417950
acrZp,4.5,42,7,TTTGCCTAATACACATGGGC,35,427735
acrZp,2.5,26,7,TTCGGTGTCTAAGGATAGAC,19,436599
acrZp,4.625,43,7,TTCGGCCTCGTTCCTGTCTG,36,421515
acrZp,2.125,23,7,TTCCCCAAAAGTTTTGGCGT,16,439016
acrZp,2.5,26,7,TTCATGGCCGAATGAGCCTC,19,441651
acrZp,1.875,21,7,TTACTTTGTGGTTCTGGGCG,14,429838
acrZp,2.625,27,7,TTACTCGCTTCCGCGTGTGA,20,409818
acrZp,4.25,40,7,TTACAGTCTTAGGCTAGAGC,33,410826
acrZp,0.25,8,7,TTAAAATTGAGGCGCCTTGG,1,441117
acrZp,1.875,21,7,TGTGTATATAACCACTAATA,14,466912
acrZp,3.125,31,7,TGTCACTCAGGCCGCCAGGA,24,420150
acrZp,0.875,13,7,TGTACCAACCCTTACAGGGG,6,465933
acrZp,5.125,47,7,TGTAAACGGGCCGTATCGTC,40,422564
acrZp,4.25,40,7,TGGGGACTATGTCCAGCAAT,33,428478
acrZp,2.125,23,7,TGGCGCCGGCTCACAGCGTT,16,456133
acrZp,4.125,39,7,TGGCCGTGAGCCAGGCCTCA,32,451566
acrZp,2.25,24,7,TGGCCATTACAAGTGCTACT,17,443278
acrZp,1.25,16,7,TGGCAGTAGTGTCTTAAGTT,9,447024
acrZp,2.25,24,7,TGGCACGCGCATGGCCTAGG,17,414086
acrZp,0.375,9,7,TGGAGTGCGACGGAGTAGAG,2,408753
acrZp,3.0,30,7,TGGAGACGTACTAGAGCTAA,23,413357
acrZp,1.875,21,7,TGGACTGCTTCGGACACATC,14,449998
acrZp,2.5,26,7,TGGAAGGTGGTCGTGATTTC,19,425183
acrZp,7.125,63,7,TGCATTGATCGCACTGAAAG,56,455389
acrZp,2.75,28,7,TGATCCTCACATCTTCTAAC,21,434605
acrZp,2.0,22,7,TGAGGCAAGTGTAGGGCGTT,15,423195
acrZp,5.5,50,7,TGACTACACCTTCAGGATAC,43,463637
acrZp,2.75,28,7,TCTTGTTACTTACGCTTTAG,21,456753
acrZp,1.125,15,7,TCTTGATCTGGGAGGCCTTG,8,440083
acrZp,3.875,37,7,TCTTGAAACTAATCAGCCGT,30,429943
acrZp,1.75,20,7,TCTTCAAGAGGCATCTCCCA,13,422653
acrZp,14.125,119,7,TCTGGGTTTGCGGAAAAGTT,112,464055
acrZp,2.0,22,7,TCTGGGAAAGCATTGGGCCG,15,441297
acrZp,1.25,16,7,TCTGGCGCGCCTTTTATTGC,9,445812
acrZp,2.375,25,7,TCGTTTGGTACAATTATCAT,18,449671
acrZp,0.375,9,7,TCGTTACGCAGGATCCTACG,2,437608
acrZp,2.75,28,7,TCGCCTCCGACTTTTACATG,21,425806
acrZp,3.125,31,7,TCGCAGATTGTAAGAGCCTC,24,464406
acrZp,0.25,8,7,TCGATTCGAAGAGCTCCTGA,1,427231
acrZp,0.25,8,7,TCGAAGTATACCTGGAAACC,1,436100
acrZp,1.875,21,7,TCCTGGATGGCGCGTAGGTG,14,427985
acrZp,4.0,38,7,TCCAGGACCCGATAGTCAGT,31,457918
acrZp,2.0,22,7,TCATGCGCCAAGCCTGTCTC,15,458565
acrZp,0.25,8,7,TCATATCATGGCCGCAAGGA,1,427121
acrZp,2.5,26,7,TCATACCGGGACATATGTTC,19,414360
acrZp,2.375,25,7,TCACTATTGATCATCGCGAC,18,436080
acrZp,0.25,8,7,TCACGCGGTAGTTATGAAAA,1,455130
acrZp,1.5,18,7,TCACCTGTCGTTCCCGAGAA,11,415901
acrZp,1.875,21,7,TCACAGGTGTCACGGATTAC,14,461036
acrZp,2.25,24,7,TATTCCAGAAAGAGATGTCC,17,461201
acrZp,1.375,17,7,TATTAAGTCTGTCCTTCCTC,10,457707
acrZp,1.625,19,7,TATGTCTCCGGGCAGACGTT,12,465845
acrZp,2.125,23,7,TATGCTATTCTCGTAGGCAT,16,455967
acrZp,4.375,41,7,TATCGCGTCTTGATAGAGAT,34,451703
acrZp,2.25,24,7,TATCCGCGAGTCCCGGCAAG,17,437980
acrZp,0.25,8,7,TATAGCTCATGGGGCTCTGT,1,410154
acrZp,3.25,32,7,TAGGCTTAGTGACGATGAAA,25,462085
acrZp,3.5,34,7,TAGCGCGGGCCGACCAATCC,27,414199
acrZp,0.25,8,7,TAGCACGGATTCTAGAGAAC,1,459612
acrZp,1.0,14,7,TAGACCCAATACATTGTGTC,7,440086
acrZp,1.875,21,7,TACGTGCCAACGGTCAAGCG,14,424772
acrZp,0.75,12,7,TACGCTGTCGGGGTCTAGAA,5,409852
acrZp,1.25,16,7,TACCCACGACACGAGCTTGA,9,464238
acrZp,4.25,40,7,TAATAAGTCGTCTAAAGAGA,33,427840
acrZp,1.875,21,7,TAACTCGCGCCTCGTCGGTA,14,431432
acrZp,1.875,21,7,TAACGGAACTCCGCTCATAA,14,410236
acrZp,0.25,8,7,TAACATAGGCACCGACAACG,1,426885
acrZp,13.375,113,7,GTTGGCCCTGTTGACAGGCC,106,441630
acrZp,2.25,24,7,GTTGATTAGTGCTCCTTATG,17,445006
acrZp,0.375,9,7,GTTATTAGTGGATCTTCGCC,2,451356
acrZp,2.125,23,7,GTTAGGCGGTAAAGACACGG,16,409807
acrZp,0.25,8,7,GTGTTACGCTTGAAATGACG,1,457010
acrZp,1.875,21,7,GTGGTACTATTCAATAAAGT,14,423273
acrZp,2.5,26,7,GTGGCAATTTCTCGTACTAT,19,436460
acrZp,5.0,46,7,GTGCAAGCTCAACAACTTTG,39,417443
acrZp,0.5,10,7,GTCGCGGCTGCCGAATATTA,3,426557
acrZp,3.125,31,7,GTCCTTTTTGTATACACGCT,24,449585
acrZp,1.875,21,7,GTCCATGCAGGAAGCCCCTC,14,443209
acrZp,3.5,34,7,GTCATTCTACTTACATAATG,27,462566
acrZp,2.75,28,7,GTCAAGTTCTGATCCGGTTG,21,450362
acrZp,2.625,27,7,GTAGTGCTGTTACCTCAGTC,20,455917
acrZp,1.25,16,7,GTAGTATGTCTGAGGTAAAC,9,466412
acrZp,3.5,34,7,GTACTCTGCTTTGCGTATAA,27,458007
acrZp,3.5,34,7,GTACGGGCCGGAGTCCGCAG,27,445884
acrZp,0.25,8,7,GTACCGCACGAAAAAGAGAA,1,460853
acrZp,2.0,22,7,GTACCCGGCTCTGCTGTTCA,15,428269
acrZp,1.625,19,7,GTACAGGATTGAGAGCTTGG,12,441246
acrZp,8.625,75,7,GGTTAGGCGGTTCAAAGTGA,68,464397
acrZp,1.5,18,7,GGTTACAATTAAATACGCTT,11,427773
acrZp,0.375,9,7,GGTGTTCAGTTTCTGGCGCA,2,421589
acrZp,1.0,14,7,GGTGGGTCAATATGATAGGC,7,437572
acrZp,0.25,8,7,GGTCACGCTTTCCCAACAAT,1,420629
acrZp,0.75,12,7,GGTAGCTATCGGCTTGACAC,5,433458
acrZp,8.0,70,7,GGGGCGAGAGCCACACCATG,63,450886
acrZp,3.625,35,7,GGGCATTCACGATGTCCGGT,28,445259
acrZp,1.0,14,7,GGGAGCCCTGGGAAACACGA,7,457850
acrZp,2.375,25,7,GGGAGATCTACTCCTCAGGT,18,412473
acrZp,0.625,11,7,GGCCGTCTCTTAGCTTTAAG,4,453603
acrZp,1.625,19,7,GGCCGTCGATTCGACCACTA,12,440185
acrZp,1.875,21,7,GGCCCCCGGTGTATTACGTT,14,433119
acrZp,3.375,33,7,GGCATGGAGAGTCGTGGATA,26,451197
acrZp,3.125,31,7,GGCAGCATGTTAACGTACTA,24,444353
acrZp,2.5,26,7,GGATTCTCTGTTGAAACTTT,19,412784
acrZp,3.125,31,7,GGATGCACGAGGGAAAATCA,24,415749
acrZp,1.75,20,7,GGAGACATTGGCTCCCAGGG,13,460346
acrZp,0.75,12,7,GGACTACGGGTCGGTAAATA,5,458874
acrZp,6.25,56,7,GGAAGATTTTAGAGGCTTTG,49,433959
acrZp,1.75,20,7,GGAACCTGGAACTCACGCAT,13,447557
acrZp,3.125,31,7,GGAAAAAGTAGCACCAAAGA,24,442037
acrZp,10.875,93,7,GCTTGCGATTTGCAGACCAA,86,427929
acrZp,4.125,39,7,GCTTAGACTGCACCATGGGG,32,429841
acrZp,2.5,26,7,GCTCGATTAAGGGATCGGAA,19,459796
acrZp,2.875,29,7,GCTCGAACTCATACAAGATA,22,462657
acrZp,1.5,18,7,GCTACTTAAATCATGCCGCC,11,451444
acrZp,2.375,25,7,GCGTGATAGATTCCCCATAT,18,413505
acrZp,0.875,13,7,GCGTCGGGAGCCACCTGAAT,6,440533
acrZp,5.0,46,7,GCGTCGCACGTGATAGGCCC,39,427639
acrZp,1.25,16,7,GCGTCCATGTACCGTGGTGA,9,430527
acrZp,5.5,50,7,GCGGAAACTTTCTGCAACGT,43,435074
acrZp,8.375,73,7,GCGCCGCCTCGTTAGCCGTC,66,436327
acrZp,2.125,23,7,GCCTTTTGTCGAGTAATCGT,16,428736
acrZp,2.5,26,7,GCCTGGTAAACGTCAATGCT,19,459672
acrZp,1.875,21,7,GCCTGCCCTACCGGGATAGG,14,423823
acrZp,1.0,14,7,GCCGCGCTGGTTAGGCGGAG,7,427843
acrZp,2.5,26,7,GCCACTTAATTTGGATTGAG,19,413997
acrZp,1.625,19,7,GCAATTGACCCAAGTATTAG,12,435983
acrZp,3.5,34,7,GCAATAGGCCTAGGGTCAAG,27,444685
acrZp,9.875,85,7,GCAAATGCCGGCGCAAGCAT,78,439242
acrZp,4.875,45,7,GATTGTGGATGCGGCCGGAG,38,437934
acrZp,2.25,24,7,GATGCTGCTCTCAATTGAAT,17,439600
acrZp,3.0,30,7,GATCGTGAATAGAGGAGAAA,23,411229
acrZp,1.0,14,7,GATCGACAAGTTTCCCAGGT,7,455007
acrZp,0.25,8,7,GATCATTTGGCGCTTGTAAT,1,438792
acrZp,1.625,19,7,GATAAGGCCCGGTTTCAGGT,12,447935
acrZp,7.25,64,7,GATAAAGGTTAGGATGTGGT,57,420764
acrZp,0.375,9,7,GAGGGGACGTACTCATAATG,2,457304
acrZp,3.125,31,7,GAGGCTCCTCCGATTATATT,24,466959
acrZp,1.375,17,7,GAGCGGACGCTGACCCCTGG,10,421524
acrZp,4.625,43,7,GAGCCCCGCAGCTTGGTGGA,36,445190
acrZp,0.75,12,7,GACGTTACGATGACCGTAAA,5,466271
acrZp,2.25,24,7,GACGTCACCTCCTTGCATTT,17,443641
acrZp,0.25,8,7,GACCTCATGAGCCCGTTAGC,1,454636
acrZp,0.375,9,7,GACCCCCGATCACATTTTGG,2,454675
acrZp,2.625,27,7,GACCAAGACAAGAAAGATTC,20,442746
acrZp,4.0,38,7,GAATCCAACGTTAGTAAGGA,31,459456
acrZp,5.625,51,7,GAAGTTAGTAATTGGGATCA,44,424491
acrZp,3.125,31,7,GAACTCGTAGAAGTTCGAAT,24,445708
acrZp,10.25,88,7,GAACTCGGCATTCAACGGTT,81,431070
acrZp,0.75,12,7,GAACTAAAATTGTCTATGTA,5,433707
acrZp,4.875,45,7,GAAAGGTTCTGCCTGTGCCA,38,453362
acrZp,2.375,25,7,CTTTGTAATAATACAGACAC,18,414911
acrZp,1.75,20,7,CTTATGGCAGATAACAGAAG,13,414263
acrZp,2.0,22,7,CTTAGGCCAATGGTGGCCAT,15,438917
acrZp,2.5,26,7,CTTAGATAGATGCTGACGTA,19,411072
acrZp,1.0,14,7,CTTACTTTTATTTAATCTTA,7,450424
acrZp,1.625,19,7,CTTACGAATAGCTGGGCATA,12,440021
acrZp,5.25,48,7,CTGCAAATTCCGTGGGCGTC,41,463054
acrZp,1.875,21,7,CTGCAAAGAGCGGGGGTCAT,14,465879
acrZp,2.75,28,7,CTGATCGAATAACCCAGTAA,21,421924
acrZp,2.0,22,7,CTGAGAACGACCAGTCAGCT,15,458694
acrZp,3.25,32,7,CTCTTCTGGCATATAGGCGA,25,438614
acrZp,5.0,46,7,CTCTCGCTCACTTTTAGGTC,39,459481
acrZp,2.125,23,7,CTCGCAGTATTCGTTGCGAG,16,417848
acrZp,0.25,8,7,CTCCTGAATGGTGTAACCCG,1,458401
acrZp,1.125,15,7,CTCCGATGCAGGCTTTGCCG,8,454642
acrZp,0.75,12,7,CTCCGAATACTCGAGAGGCC,5,441890
acrZp,2.375,25,7,CTCCCAACGGTGACACAAAG,18,423817
acrZp,0.625,11,7,CTATGGGGTGAAACATGGAA,4,412934
acrZp,2.25,24,7,CTAGATTTGGACAAATATCA,17,432635
acrZp,0.75,12,7,CTACCCCCGTTATGTTTCCA,5,431582
acrZp,1.25,16,7,CTAATCATAGTACCAGTGTA,9,421692
acrZp,5.125,47,7,CTAAGACTACGAAGGAGTTA,40,454214
acrZp,4.375,41,7,CGTTTGTAGGATACTTTGGA,34,427470
acrZp,6.125,55,7,CGTTCGATTCATTAGAGGTT,48,462217
acrZp,2.0,22,7,CGTTATACGGGAACGCTGCA,15,459438
acrZp,5.75,52,7,CGTCTAACTCTAGTGTACCT,45,424654
acrZp,4.125,39,7,CGTAGGTTCTCTGGCGACCC,32,456684
acrZp,0.625,11,7,CGGTTAGTAAATCCTTTGCA,4,446239
acrZp,2.0,22,7,CGGTAGAAGATTTTGAAAAA,15,438812
acrZp,0.25,8,7,CGGGTGATTGCCGTCTCCGA,1,462265
acrZp,1.625,19,7,CGGGCAACATACGGGACGTA,12,445008
acrZp,3.125,31,7,CGGCTTATGTGCAGGGTTTG,24,440516
acrZp,0.75,12,7,CGGCGCTCTTCGTGAGCGTC,5,463146
acrZp,3.125,31,7,CGGCCGCTTATAGCTCACAC,24,449243
acrZp,2.25,24,7,CGGATCACCGGTTCACTTAC,17,418767
acrZp,0.25,8,7,CGCTGATGGGTCAAAAAGGT,1,433827
acrZp,2.75,28,7,CGCTCCGGTGCTTTGCCAAT,21,451730
acrZp,2.625,27,7,CGCGTTGTGGTTGTGTGGCG,20,433598
acrZp,1.875,21,7,CGCCTTCGAGTCCTGAGACG,14,438883
acrZp,1.25,16,7,CGCCCTAGCAACTGAGGGAA,9,462451
acrZp,0.25,8,7,CGATTAGAGCAGGTCTGGGT,1,462496
acrZp,2.25,24,7,CGATTAAGGCTTTGGTAATG,17,464403
acrZp,2.375,25,7,CGATGTATAGCTTCAATTAA,18,420406
acrZp,2.875,29,7,CGAGTAGACGAGCGCGTAGC,22,461873
acrZp,2.0,22,7,CGAGCTCAGTACCAGTCGGA,15,438791
acrZp,1.75,20,7,CGAATTATTTGAGGTACTCC,13,452599
acrZp,2.375,25,7,CGAATAACCACACCCAGTAC,18,411477
acrZp,3.125,31,7,CGAACTGCGACACTAAACCG,24,452183
acrZp,3.125,31,7,CGAAACTAGGTGGTTTCGAG,24,464146
acrZp,1.875,21,7,CCTGTTGACACCAAGCGAGG,14,413844
acrZp,1.375,17,7,CCTGGATCTAGCGGTAGTGT,10,435938
acrZp,1.875,21,7,CCTCTCGCTGGCACCTACGT,14,409976
acrZp,4.25,40,7,CCTCATTAATGGTTTTGACA,33,446356
acrZp,1.875,21,7,CCTCAGTACATTCTATGGTC,14,457382
acrZp,3.75,36,7,CCTATCAAAACCTGTGATTA,29,452495
acrZp,1.875,21,7,CCTACCAGGATGCTAACTCG,14,411222
acrZp,2.375,25,7,CCGGTGGTCTCTATGCCGAG,18,443309
acrZp,1.625,19,7,CCGCTAGTTGACACTAAGGC,12,423688
acrZp,0.375,9,7,CCGACTGACGATTGCATCCG,2,441985
acrZp,0.25,8,7,CCCTCTCCGGACAGGGCCAC,1,454173
acrZp,1.125,15,7,CCCTATCGACGACCCCACCA,8,439850
acrZp,1.5,18,7,CCCTAAGATGTTATGTTACT,11,442552
acrZp,5.625,51,7,CCCGTACGGGGACGGAAGCG,44,445385
acrZp,2.625,27,7,CCCGATTTACCCAAATAAGA,20,416357
acrZp,2.0,22,7,CCCCTCTCGGGCGCGGCATC,15,461280
acrZp,2.875,29,7,CCCCTCATCTATGCGATCAC,22,466280
acrZp,3.25,32,7,CCAGTACTCCGATAGGTTCT,25,431076
acrZp,4.125,39,7,CCAGGTCCGGCCACTTTACC,32,459865
acrZp,0.5,10,7,CCACTATTGGACCGTCCGGA,3,422086
acrZp,0.25,8,7,CATTGGCCAACGATTTGTAT,1,443160
acrZp,1.875,21,7,CATTCGCTAAAGACCCACAG,14,440187
acrZp,2.625,27,7,CATGCGGATAGTCCCAGATG,20,430555
acrZp,1.375,17,7,CATCTAAAAACTGGCTGAAT,10,411431
acrZp,0.625,11,7,CATAAGTTATTCTTAGGTCC,4,411388
acrZp,2.125,23,7,CAGTGGGACCTTCTCTTCGT,16,467335
acrZp,1.875,21,7,CAGATACTCTCGGATCCGCT,14,414799
acrZp,4.0,38,7,CAGAGCATCCACGTTCATGT,31,455799
acrZp,0.75,12,7,CAGAAAGTCCAGTCAAATAC,5,444467
acrZp,0.25,8,7,CACTTAAAAACTTGTGCATC,1,436734
acrZp,3.5,34,7,CACAAAGGGTCTGGGGTAAT,27,416769
acrZp,2.0,22,7,CAATGGATAGACCCATGCAT,15,465903
acrZp,3.0,30,7,CAATCGATATCGAGGCATCT,23,465902
acrZp,2.125,23,7,CAACGGTACTTAGTGGGACC,16,465473
acrZp,6.5,58,7,CAACGGGGAAAAGGGAAGTA,51,424862
acrZp,1.75,20,7,CAACAGACAGGGCGTCACGA,13,420978
acrZp,3.125,31,7,ATTTTCGCGGTACATGGGAC,24,421832
acrZp,4.5,42,7,ATTGTTGCAGCCGTTAGGAG,35,455649
acrZp,7.25,64,7,ATTGTGCTTAGCGCTAGATT,57,431771
acrZp,4.625,43,7,ATTGCATTCTTAGCATCAAG,36,443710
acrZp,1.625,19,7,ATTCCTTGACCAGTGACCTG,12,426199
acrZp,0.25,8,7,ATTAGACGGGTGAGCGCTTG,1,409544
acrZp,2.25,24,7,ATTAAGACCTCACCGAGCCT,17,420229
acrZp,3.75,36,7,ATGTTTTACGCTATCCCATG,29,425869
acrZp,0.875,13,7,ATGTCCGGACCCTTGGTACA,6,427922
acrZp,1.875,21,7,ATGTATTAGATTGCAGGTAG,14,417898
acrZp,1.125,15,7,ATGTACAGATGAGATAATGC,8,448536
acrZp,4.25,40,7,ATGGTCCAATTGCTCCCGGG,33,450606
acrZp,1.625,19,7,ATGGGCTTTTTCAACGTGCG,12,417187
acrZp,1.875,21,7,ATGCTGGCCTGCCAACCTCA,14,409440
acrZp,1.625,19,7,ATGCGGACTGTGGAGAATGG,12,417892
acrZp,0.25,8,7,ATGCAAAAGGCCCCGATCTA,1,457298
acrZp,0.25,8,7,ATGAATATAGCCGGAAGTGA,1,441463
acrZp,2.375,25,7,ATCGTTTTAGCACACAGAAT,18,430271
acrZp,2.5,26,7,ATCGGTCAGAGGCAGAGGAT,19,418148
acrZp,4.875,45,7,ATCCCTGGATTCCCGATGAA,38,412347
acrZp,1.75,20,7,ATCAATGACCCAATTATAAT,13,436927
acrZp,0.25,8,7,ATATGTGCGGTGGCATCTTA,1,463299
acrZp,3.375,33,7,ATATCTGCGTACGAAGCTGT,26,429420
acrZp,2.75,28,7,ATATATGGACTACCTATCCA,21,412553
acrZp,0.375,9,7,ATAGTTCTAATCCCGCGTGC,2,418897
acrZp,1.625,19,7,ATACACACCTAACCCAATCA,12,434081
acrZp,1.25,16,7,AGTTTAAATCTAGATCCCTT,9,427651
acrZp,1.5,18,7,AGTGTAGAGTTAGAGTTCGA,11,456333
acrZp,5.75,52,7,AGTGGTTCTCCCACCGGCGA,45,427363
acrZp,4.0,38,7,AGTGGCGCAATATCTTAAGT,31,422254
acrZp,1.875,21,7,AGTAGATGAAATGCCCGGAT,14,432213
acrZp,2.125,23,7,AGGTCTTTCTGTGTTAGAAT,16,465866
acrZp,2.625,27,7,AGGTCACTTGGGTCTACGCC,20,451041
acrZp,1.5,18,7,AGGTATTTGGCCGTTTAAAA,11,460279
acrZp,2.125,23,7,AGGGGTCAGAGGTTTATAGT,16,430369
acrZp,2.25,24,7,AGGACGCTGGGAGATTGAAA,17,422739
acrZp,3.875,37,7,AGGAAAAATGTAACTCAGAC,30,452090
acrZp,3.125,31,7,AGCTGACAAGTGGCTATCGG,24,432871
acrZp,1.25,16,7,AGCTCAAGGGATGCATGACA,9,454196
acrZp,0.25,8,7,AGCGAATGGTTGTGTTTTTC,1,452643
acrZp,0.25,8,7,AGCGAAGAGGCTGTAGCCAT,1,450877
acrZp,2.125,23,7,AGCATTGTGAGGAACCGAAG,16,431405
acrZp,0.375,9,7,AGATCGCTAGGATATGGAGG,2,459500
acrZp,2.375,25,7,AGAGGTCCTGCCGCATTGGC,18,422357
acrZp,4.75,44,7,AGAGGGGTCACTCACATAAC,37,437394
acrZp,1.5,18,7,AGACAAGACCATGTCCCTTT,11,408957
acrZp,1.5,18,7,ACTTGATTTCTGGCGTAGAT,11,455337
acrZp,1.75,20,7,ACTGGCAGGCGCGCCACTGC,13,417894
acrZp,1.625,19,7,ACTATCACATAATACAGGTT,12,451855
acrZp,6.875,61,7,ACTAGTGCGCCGATTCGTCT,54,448986
acrZp,2.375,25,7,ACGTAAAGCGGCCCTGTATT,18,453287
acrZp,1.125,15,7,ACGGTTAGAGGTTAGTCAAT,8,417165
acrZp,12.625,107,7,ACGGGGGACGACGAGCGGTC,100,436244
acrZp,1.375,17,7,ACGGGGCGCAACATTGTAGG,10,450451
acrZp,2.25,24,7,ACCTGGTTACGTAAATGCCG,17,426293
acrZp,4.625,43,7,ACCTAACCTATGGTTCGTCG,36,456778
acrZp,4.375,41,7,ACCGTTGACCATAGTGCTCT,34,462366
acrZp,2.0,22,7,ACCGCAAATTTATGGGCCGA,15,432764
acrZp,1.875,21,7,ACCCGTGAGATCGGGGGCAG,14,446790
acrZp,0.25,8,7,ACCCCGCCTTTTGACGAGGA,1,454256
acrZp,1.375,17,7,ACCAGTTCGTGGATCAGGTT,10,410004
acrZp,4.125,39,7,ACCAGACCATCCTGGGGTTT,32,445171
acrZp,4.75,44,7,ACCAATGTGGACTCAGACGA,37,423035
acrZp,2.375,25,7,ACCAATCCACCATTCGTTTT,18,446243
acrZp,2.875,29,7,ACATTCTGACATCATGAACG,22,439535
acrZp,1.875,21,7,ACATTACTGTCCAGCCGGTT,14,422220
acrZp,3.0,30,7,ACATAGTTTCCACCGGTCGC,23,452997
acrZp,1.375,17,7,ACAGCTCGAGGGGGGCCACT,10,455663
acrZp,3.25,32,7,ACAGAACCTGCAACTACACT,25,444009
acrZp,1.125,15,7,ACAAAGGATGTCAATGTTAT,8,446479
acrZp,6.875,61,7,AATTTGTTTCCTCCTACCAG,54,456748
acrZp,14.375,121,7,AATTATGCAACGTGCAACCT,114,421239
acrZp,2.0,22,7,AATTACTCCCTCCTTGCAAG,15,432861
acrZp,1.25,16,7,AATGTGCAGGGACTCAAAAA,9,426319
acrZp,0.875,13,7,AAGTTGTCCCGGTAGACTCC,6,418605
acrZp,4.5,42,7,AAGTGTCCCATAATTAACCC,35,459624
acrZp,2.625,27,7,AAGGGTTTCTAACCCTCTCT,20,410310
acrZp,1.125,15,7,AAGCGCGCGTCACTCAGTAT,8,423554
acrZp,1.625,19,7,AAGCATAGTATCACGCACAA,12,458080
acrZp,1.75,20,7,AAGATCTGCGATCCATGCGC,13,449475
acrZp,0.875,13,7,AACGGCACCTTCCAGCAGAG,6,461679
acrZp,4.0,38,7,AACCCTCGTGTCAGGTTCTA,31,427387
acrZp,9.125,79,7,AACCATAAACGGTCAAAGTT,72,436325
acrZp,1.25,16,7,AACCAAGCGGGTCTAGCAGT,9,433834
acrZp,2.75,28,7,AAATTATCCGAACCCGGTAC,21,427284
acrZp,1.125,15,7,AAATGAGAGTTAAAGCGGGG,8,420802
acrZp,3.75,36,7,AAATCCTGGTGCGCAAGGCC,29,452498
acrZp,2.125,23,7,AAATCAGCGGTAAGGCTCGT,16,439103
acrZp,1.125,15,7,AAATAAAATCACCAGAAGGC,8,434021
acrZp,2.375,25,7,AAAGTTCCGCCAGATGCACA,18,444123
acrZp,1.875,21,7,AAAGGCAGGGGTCGTCCATT,14,415206
acrZp,6.75,60,7,AAAGGATAAGACTTAGGTGA,53,417676
acrZp,0.5,10,7,AAAGCACGGCCACGTGCTTG,3,421765
acrZp,1.875,21,7,AAACTTGTCCCAGTATCTCA,14,456095
acrZp,0.875,13,7,AAACGTGTATCTTTTCACCT,6,425954
acrZp,3.625,35,7,AAACCTCTGTGGAATCCGGT,28,410125
acrZp,0.25,8,7,AAAAGACAGTAGATGTGCTA,1,420519
acrZp,0.25,8,7,AAAACCTTGCTGACAGGGAG,1,432187
acrZp,3.5714285714285716,30,6,TTTTGATAGCAATACGGTTC,24,440092
acrZp,1.0,12,6,TTTGTGCCTAGCATTTAACT,6,437808
acrZp,4.0,33,6,TTTGCCCTCAAGTCATGTGC,27,449607
acrZp,6.428571428571429,50,6,TTTATCGCGATGGCGTGGGC,44,459502
acrZp,3.857142857142857,32,6,TTTAGACTAAGACTATCCGC,26,451145
acrZp,2.142857142857143,20,6,TTTAGACATCGTATTCTATG,14,410609
acrZp,2.2857142857142856,21,6,TTTACTATCATATCTGACAC,15,425173
acrZp,2.4285714285714284,22,6,TTGTACGTCTCACAAAAGTT,16,433949
acrZp,2.2857142857142856,21,6,TTGATTCTTGCATGCAAATT,15,460898
acrZp,2.5714285714285716,23,6,TTGACCCGACCCGGATCCAC,17,422807
acrZp,0.2857142857142857,7,6,TTCTACACATAAAATCGCCT,1,443671
acrZp,1.7142857142857142,17,6,TTCTAAGTCTCCTACTATAG,11,446670
acrZp,3.2857142857142856,28,6,TTCTAAATCTATGTCGAGCA,22,462411
acrZp,2.0,19,6,TTCGTTATTAGCCCGGTGCT,13,451404
acrZp,9.285714285714286,70,6,TTCGGCCACTTTGTCTTTTT,64,429829
acrZp,18.714285714285715,136,6,TTCGATTCGAAGATGAGTTC,130,422687
acrZp,10.285714285714286,77,6,TTCGATCTGCCAGGCCCCAT,71,465920
acrZp,5.428571428571429,43,6,TTCCTTTAGGTGGTGAGAGA,37,421641
acrZp,4.428571428571429,36,6,TTCCGAAATGAGCGGCGTTA,30,432659
acrZp,1.1428571428571428,13,6,TTCCCGTACGGGCCGGTGTT,7,415298
acrZp,2.857142857142857,25,6,TTCCATCATGTGCGGCGTTA,19,420330
acrZp,0.2857142857142857,7,6,TTCACATGTGAAGACAGCAT,1,417960
acrZp,7.285714285714286,56,6,TTCAATAATCTGGGGGACAT,50,435181
acrZp,1.8571428571428572,18,6,TTCAAGCCTGGAGCTTACTG,12,447402
acrZp,3.7142857142857144,31,6,TTCAACCCGTTAGGTTAGGC,25,451420
acrZp,2.5714285714285716,23,6,TTAGTATGCCTTACTGACAC,17,431764
acrZp,4.428571428571429,36,6,TTACTACGGATTTTCGCATC,30,449259
acrZp,2.2857142857142856,21,6,TTACCGCTACACCCTGCTTA,15,455343
acrZp,3.4285714285714284,29,6,TTAAATGGGCGCACCGAGTG,23,429828
acrZp,4.285714285714286,35,6,TGTGTGAGCGCGGTCTTACA,29,447861
acrZp,35.57142857142857,254,6,TGGTTGCTTGAATATCTTAA,248,408824
acrZp,2.7142857142857144,24,6,TGGGTTTCGAACGGAGAAGT,18,427212
acrZp,3.0,26,6,TGGCCAACAGCAGAATTAGG,20,409758
acrZp,1.7142857142857142,17,6,TGGCATCGAGCTAGTGGGTT,11,451283
acrZp,5.428571428571429,43,6,TGGATTGTATGGCCTGCCAC,37,420453
acrZp,2.857142857142857,25,6,TGCTTCACGTCTCGTCCTAG,19,428787
acrZp,7.428571428571429,57,6,TGCTACAGAGGACTGTTATC,51,452931
acrZp,0.42857142857142855,8,6,TGCTAAGGCGAAGGGCTGAC,2,413700
acrZp,0.2857142857142857,7,6,TGCTAAATGTATTTTGAATG,1,459022
acrZp,2.0,19,6,TGCGGTACAACTATGTCCGC,13,459681
acrZp,2.4285714285714284,22,6,TGCGCGCAGATCATGAAATA,16,430659
acrZp,2.857142857142857,25,6,TGCATGAGACCATACAAACG,19,445225
acrZp,4.142857142857143,34,6,TGCAGCAGCGTTCACCGGGT,28,453854
acrZp,0.2857142857142857,7,6,TGATATGTAGGTGGCACTAT,1,411156
acrZp,2.857142857142857,25,6,TGATACCAGTATTGTCGATT,19,450300
acrZp,2.4285714285714284,22,6,TGAGTGGTTACTCGCCACCC,16,436223
acrZp,3.7142857142857144,31,6,TGAGATAGGCCTTCTAGCGT,25,451418
acrZp,1.7142857142857142,17,6,TGACCTCTGACGACAGCATA,11,423036
acrZp,2.142857142857143,20,6,TCTTCATAGTGTCTGCGGTC,14,442063
acrZp,3.4285714285714284,29,6,TCTGCCGGCGCGGTAGACCA,23,428934
acrZp,4.714285714285714,38,6,TCGTTGGGCGCACTGGGGCT,32,440511
acrZp,3.4285714285714284,29,6,TCGTGAACTACGTAAAATCC,23,465669
acrZp,5.571428571428571,44,6,TCGTAGTACGTTTATTGGCG,38,464540
acrZp,2.0,19,6,TCGTAGAAGAGACCGCTTCC,13,429275
acrZp,1.2857142857142858,14,6,TCGGCCGTAACTCATTCGCG,8,455197
acrZp,2.2857142857142856,21,6,TCGCTTCATCAGACTGTAAA,15,428274
acrZp,3.142857142857143,27,6,TCGAGGCCCCCTACTGTCAG,21,431525
acrZp,2.142857142857143,20,6,TCCATCACATTGGTTCATCT,14,456254
acrZp,4.285714285714286,35,6,TCATTGAATATATAGGAGAG,29,445534
acrZp,1.4285714285714286,15,6,TCATGCAATCTGTGGTCAAG,9,449794
acrZp,2.7142857142857144,24,6,TCATCCTACCATAGCCTGAT,18,441341
acrZp,3.7142857142857144,31,6,TCATCCGGTCTGCATCAGAG,25,440317
acrZp,3.4285714285714284,29,6,TCAGAGCTGCGTACATGTGC,23,419269
acrZp,5.571428571428571,44,6,TCAGACGCTAAGGCCAATGT,38,464192
acrZp,3.7142857142857144,31,6,TCACGTTCGCGCATATTCCG,25,410090
acrZp,2.5714285714285716,23,6,TCAATACCGAAGGACACGTT,17,414321
acrZp,2.857142857142857,25,6,TATTTACACGCTAGAAGAAA,19,457101
acrZp,2.142857142857143,20,6,TATTGTGCACCGAGTAGAGA,14,441840
acrZp,2.7142857142857144,24,6,TATTGATGACACCGTTGCTG,18,414216
acrZp,3.4285714285714284,29,6,TATGTGGGGTCTGCAGACAC,23,444622
acrZp,1.1428571428571428,13,6,TATAGATTCTACATCGAGCG,7,427702
acrZp,1.0,12,6,TAGGACCGCCATCACTGTAC,6,464563
acrZp,1.2857142857142858,14,6,TAGCTGAGGTTACCCGACGT,8,428168
acrZp,29.428571428571427,211,6,TAGAATCTCAGCACATGTTG,205,451515
acrZp,1.0,12,6,TAGAAACAAGCCCCGGGGAC,6,437425
acrZp,2.142857142857143,20,6,TACTCTTAGATGAGGCACGA,14,432541
acrZp,2.857142857142857,25,6,TACGGCTGAAGCTTGAATAG,19,437520
acrZp,0.8571428571428571,11,6,TAATCTCATGATCTCCAGCT,5,439248
acrZp,5.142857142857143,41,6,TAATCCATACTAGGGACCAC,35,433941
acrZp,2.2857142857142856,21,6,TAAGCCAAGGGAGAGTAGGG,15,442068
acrZp,4.857142857142857,39,6,TAAGAGCTCAGCCGTCGGGT,33,419172
acrZp,0.2857142857142857,7,6,TAAGAGATAAACTAACAGTA,1,461478
acrZp,5.857142857142857,46,6,TAACTCGGGGGATCGCTCCT,40,465619
acrZp,2.142857142857143,20,6,TAACAGTTGAGTTAGATGGT,14,411433
acrZp,2.0,19,6,TAAAGTCGGCGAATACTGTA,13,427017
acrZp,1.7142857142857142,17,6,TAAAGTACAAGATCAGCATA,11,412881
acrZp,4.428571428571429,36,6,TAAAGCCACGGGGGTGACGC,30,427571
acrZp,5.285714285714286,42,6,TAAAAGGGAATTTCTTTGTT,36,459364
acrZp,0.42857142857142855,8,6,TAAAACAAAAAATCAGAAGT,2,424172
acrZp,4.714285714285714,38,6,GTTTGAGGATTGAGCCGCAA,32,445352
acrZp,8.0,61,6,GTTTAGTGAGGGCTAGGCGC,55,430075
acrZp,0.2857142857142857,7,6,GTTGCCGGTGCTGCCTGGAT,1,448160
acrZp,15.428571428571429,113,6,GTTCAGGCCGAGAAAAACAG,107,465090
acrZp,6.0,47,6,GTTAGCGTAGTAGGAGATTA,41,418191
acrZp,1.2857142857142858,14,6,GTTACACTCCTCGACAGGAT,8,430477
acrZp,0.2857142857142857,7,6,GTTAAACGCGTGGTCCTCCT,1,445386
acrZp,2.5714285714285716,23,6,GTTAAAAGCGCTTACGAAGA,17,458308
acrZp,2.0,19,6,GTGGATTTCCCGTCGGGATG,13,451519
acrZp,1.1428571428571428,13,6,GTGCCGTCGCTTAACAATCC,7,429239
acrZp,4.285714285714286,35,6,GTGCATGCCCAGCTCTTACA,29,454688
acrZp,1.1428571428571428,13,6,GTGCAATTATATCTTAGGTT,7,455418
acrZp,3.2857142857142856,28,6,GTGATAGGCTCCTAATGATA,22,425413
acrZp,6.0,47,6,GTGAGTCAGTCCATGTAGTC,41,439498
acrZp,2.7142857142857144,24,6,GTGAGCTTATGGATGCAGAT,18,427475
acrZp,6.714285714285714,52,6,GTGACGGCTGCGCTCCGCTT,46,441344
acrZp,1.8571428571428572,18,6,GTGACCTCAACATCAACCGA,12,460283
acrZp,2.7142857142857144,24,6,GTCTTAAATCCACTGTAGAA,18,462915
acrZp,2.2857142857142856,21,6,GTCTGCCGACTAACGTGATC,15,463936
acrZp,0.2857142857142857,7,6,GTCGCAGCAATGTAGAGGGG,1,439963
acrZp,2.0,19,6,GTCCACGCTTCAACGTCCAA,13,434364
acrZp,3.0,26,6,GTATGGCGTGAGAATCACCA,20,460719
acrZp,2.4285714285714284,22,6,GTACTGTTGGCCGGAGAGTC,16,452237
acrZp,5.428571428571429,43,6,GGTTGCCTTGCACTCTGTAA,37,433111
acrZp,0.2857142857142857,7,6,GGTGTAATTCCCATATAATG,1,440540
acrZp,2.2857142857142856,21,6,GGTGGGAATTGACCGATGCC,15,421268
acrZp,2.0,19,6,GGTCCTGATACCCGACATAA,13,448674
acrZp,1.5714285714285714,16,6,GGTCACAATAATGATAAGGA,10,427149
acrZp,2.7142857142857144,24,6,GGTATTATATGGACCAGAAA,18,410434
acrZp,3.2857142857142856,28,6,GGTACGGGAAAGGCGCGATC,22,423947
acrZp,4.0,33,6,GGGTATTGTAGTCGATAGTA,27,412248
acrZp,2.0,19,6,GGGTACGCATGACGAAGGTC,13,417390
acrZp,0.8571428571428571,11,6,GGGTAATAAATTTCCCTGAA,5,409675
acrZp,4.857142857142857,39,6,GGGGTATAGTTTGTTCGGTA,33,450530
acrZp,2.2857142857142856,21,6,GGGGCCAGGAAGCAGGGTTA,15,446922
acrZp,3.5714285714285716,30,6,GGGCTCGGCGGGGAACGCCT,24,433554
acrZp,2.4285714285714284,22,6,GGGCTCCCTTAGACGGAAAA,16,409717
acrZp,6.0,47,6,GGGCGAAGCCCCAGTAAACA,41,410291
acrZp,3.5714285714285716,30,6,GGGACGACTGGATCGATTGA,24,449420
acrZp,8.285714285714286,63,6,GGCGGGCTCGGTGGTCGATA,57,427380
acrZp,1.5714285714285714,16,6,GGCGGCTTTTGAGCGTCAGA,10,452145
acrZp,2.7142857142857144,24,6,GGCGCGTTTTGATTCCGCGT,18,412460
acrZp,5.285714285714286,42,6,GGCGCCTCCAAGATGGCCGA,36,462960
acrZp,1.8571428571428572,18,6,GGCCTCTGGTCTGCCGGGAG,12,425041
acrZp,13.428571428571429,99,6,GGCAGGAACTGATGACATGC,93,466751
acrZp,0.8571428571428571,11,6,GGCACACGTTAATATCGAGT,5,449536
acrZp,3.5714285714285716,30,6,GGCAAAGAAAGTGCTCACTA,24,462461
acrZp,2.5714285714285716,23,6,GGATTACATAAAACCTATGT,17,418140
acrZp,3.2857142857142856,28,6,GGATCTCCGAGCCAACTCTA,22,430373
acrZp,0.2857142857142857,7,6,GGAGTATACGCGGTTCCGAA,1,459976
acrZp,2.142857142857143,20,6,GGAGCCGTCACAGGCATCAT,14,465282
acrZp,1.4285714285714286,15,6,GGAACTAACGACGTGACAAA,9,439246
acrZp,2.4285714285714284,22,6,GCTGTGTTGTAAGGGCGGCG,16,457947
acrZp,1.0,12,6,GCTGCCTACATGGGGGGTGG,6,440098
acrZp,2.5714285714285716,23,6,GCTCCATAGAACCGTGGCCA,17,421989
acrZp,1.7142857142857142,17,6,GCTCACGACAAACTGTCATA,11,418445
acrZp,0.7142857142857143,10,6,GCTAAGGATTCTACCCTACA,4,419324
acrZp,4.285714285714286,35,6,GCGTACATTATATCTGGCGG,29,412936
acrZp,5.285714285714286,42,6,GCGGTCATTTTGACGTCCAA,36,460601
acrZp,1.8571428571428572,18,6,GCGGCTCTACGCTCCTCCAC,12,453624
acrZp,3.857142857142857,32,6,GCGGATCCGGTCCATAGTCA,26,424190
acrZp,1.2857142857142858,14,6,GCGGACGGGAGGCACACGAT,8,458711
acrZp,1.1428571428571428,13,6,GCCTGGTGCAGGAGCGAACT,7,463256
acrZp,1.8571428571428572,18,6,GCCGTGTGTAGGTGGTAACC,12,466831
acrZp,3.142857142857143,27,6,GCCCCGTGGAGTTCGCGACT,21,438847
acrZp,13.714285714285714,101,6,GCCCCACGGATTTGGAAAGC,95,466245
acrZp,2.0,19,6,GCCAAATTGTAAAATGTTCA,13,438627
acrZp,1.5714285714285714,16,6,GCAGACCGGGGAATTAAGAA,10,421290
acrZp,0.2857142857142857,7,6,GCACTCTAATAAAGCAGTGC,1,464640
acrZp,2.5714285714285716,23,6,GCAAAGCCCAAGGGTTTCCG,17,458562
acrZp,9.142857142857142,69,6,GATCGCGCCGGTTAGCGTGT,63,418853
acrZp,1.8571428571428572,18,6,GATCCCTTGTATTTACTTCT,12,421946
acrZp,2.5714285714285716,23,6,GATCCACGCAGCTGGGAGAA,17,418533
acrZp,0.7142857142857143,10,6,GAGACGGTACAACGGGTGCA,4,467073
acrZp,0.2857142857142857,7,6,GAGACACCATCAGATGGCAT,1,445667
acrZp,1.2857142857142858,14,6,GACTTCATCTCTGCGCCGCC,8,420839
acrZp,5.285714285714286,42,6,GACTGAGGTTGGTCGGATAG,36,417485
acrZp,3.4285714285714284,29,6,GACGTATGTCCCAACCATAT,23,424628
acrZp,2.0,19,6,GACCTTGTTATCGATTCGAG,13,418993
acrZp,2.4285714285714284,22,6,GACCTCCGGGGCAGTGCACT,16,465111
acrZp,2.2857142857142856,21,6,GACCATGTGAGCTACTCCTT,15,462808
acrZp,1.1428571428571428,13,6,GACACCGGGTGCTTTGTGGA,7,435871
acrZp,4.142857142857143,34,6,GAATCCTCGCCGGATCGCTT,28,455726
acrZp,2.5714285714285716,23,6,GAAAAGTTGGGGAGGCAGGG,17,408761
acrZp,2.5714285714285716,23,6,CTTCTATTTTTTTACTCACA,17,444377
acrZp,4.142857142857143,34,6,CTTCATCCAGGCCCTGGCAA,28,427848
acrZp,2.4285714285714284,22,6,CTTATGGTTACCTCGTACCG,16,452281
acrZp,1.5714285714285714,16,6,CTGTGGGCGAAAGCAATTTG,10,466049
acrZp,3.5714285714285716,30,6,CTGTATTTGGTTCGAAAAAT,24,423777
acrZp,6.428571428571429,50,6,CTGCGCAAACGTCGCTCAGA,44,437183
acrZp,6.285714285714286,49,6,CTGCCAGATTGAGCGTATAG,43,442389
acrZp,2.0,19,6,CTGATTCTACTGCGTCGGAA,13,411027
acrZp,2.142857142857143,20,6,CTGAGAAAGCGCATAATGGA,14,431681
acrZp,4.285714285714286,35,6,CTCTACCGTTTGCCCGGCGC,29,426558
acrZp,2.2857142857142856,21,6,CTCTAATGGCTATGAGATTG,15,434637
acrZp,1.2857142857142858,14,6,CTCGTAGAGACAGTGGCCAC,8,437555
acrZp,4.857142857142857,39,6,CTCCGTGAAATAACTCGTTA,33,429784
acrZp,3.7142857142857144,31,6,CTCCCGAATTAGCCACCGGG,25,444665
acrZp,2.5714285714285716,23,6,CTCCATCGTGTGTTTACCAA,17,430776
acrZp,2.142857142857143,20,6,CTATGGCTTGAAAGTGGTAA,14,426687
acrZp,0.7142857142857143,10,6,CTATGAGCTATTTTCACAAC,4,443385
acrZp,1.2857142857142858,14,6,CTATATAAAAAGCGTGAACG,8,430696
acrZp,0.2857142857142857,7,6,CTAGTTTATACTCCAGAAAG,1,413916
acrZp,2.142857142857143,20,6,CTAGATCGATACTACAGTGT,14,465194
acrZp,0.8571428571428571,11,6,CTACCTCAGCTGTGTTCACT,5,447776
acrZp,3.7142857142857144,31,6,CTAAAACCCGGGAGCCCGAA,25,420837
acrZp,0.2857142857142857,7,6,CGTTGGTGTGTAGGGTAACC,1,457015
acrZp,2.142857142857143,20,6,CGTTGCTTCAGAGGTCTTGT,14,456157
acrZp,2.7142857142857144,24,6,CGTGTTTTTTGGCAAAGGTG,18,448753
acrZp,4.285714285714286,35,6,CGTGTAACTGGTAGACGGTC,29,446742
acrZp,1.7142857142857142,17,6,CGTGCCTATAAGATCAGAAC,11,436823
acrZp,2.7142857142857144,24,6,CGTCTCCCCTCGATAACGTC,18,451707
acrZp,3.7142857142857144,31,6,CGTCGGGATCATGTTCAATT,25,448016
acrZp,1.0,12,6,CGTAGCCCTATGGTTACATG,6,414765
acrZp,2.857142857142857,25,6,CGTAGCAACAAGTAGCCCAA,19,433373
acrZp,1.1428571428571428,13,6,CGTACCACCCGCCGACGAGG,7,416573
acrZp,4.571428571428571,37,6,CGGTATAGTAGTACGTCGCA,31,462840
acrZp,37.42857142857143,267,6,CGGTACGCGTTCTGGGTGCT,261,437078
acrZp,1.5714285714285714,16,6,CGGGAGGTTCGTGCAGCCGA,10,449633
acrZp,0.2857142857142857,7,6,CGGAGGGGAATAGAAAGGGC,1,465624
acrZp,3.2857142857142856,28,6,CGGACGTTAGATTACCGCGG,22,433826
acrZp,2.5714285714285716,23,6,CGCTATGATTTCTCCAATTA,17,461911
acrZp,4.0,33,6,CGCTATATGCAATGTAGGAT,27,466186
acrZp,1.2857142857142858,14,6,CGCTAAGCGTGTGAAATTCG,8,466571
acrZp,2.5714285714285716,23,6,CGCTAAATGAGTTAAACATT,17,424428
acrZp,1.5714285714285714,16,6,CGCGTTAATACGGACTTCAA,10,448569
acrZp,7.428571428571429,57,6,CGCGTCGCTGTCCGCGCCGA,51,458862
acrZp,2.7142857142857144,24,6,CGCGGGCACTTTGTAGCGGT,18,411161
acrZp,1.5714285714285714,16,6,CGCCGCGATTCGAGGCGAGG,10,447938
acrZp,5.714285714285714,45,6,CGAGGTAGTCGATCTCACTG,39,446497
acrZp,3.0,26,6,CGAACCGTCAGGGTCTCAAC,20,441164
acrZp,3.857142857142857,32,6,CCTTAACGGTTTGAAGGGAT,26,430664
acrZp,2.7142857142857144,24,6,CCTCAAACAATTGTTCAGCC,18,422232
acrZp,5.428571428571429,43,6,CCTACGCGCAGTGCCATCCT,37,451047
acrZp,2.857142857142857,25,6,CCGTGCCTTGCATCAAATTC,19,431318
acrZp,2.4285714285714284,22,6,CCGGTTGTCGATCCGTCTAA,16,433434
acrZp,0.8571428571428571,11,6,CCGGCGAGGTACAGGTGTTA,5,429840
acrZp,70.14285714285714,496,6,CCGGATAAGCGACCTACGAT,490,467349
acrZp,4.0,33,6,CCGCCGGTTCCAACGGAATC,27,416255
acrZp,8.0,61,6,CCGCCGGCACCACCAGTTCT,55,459933
acrZp,0.2857142857142857,7,6,CCGACTGTTCGAGATTTCCA,1,447616
acrZp,7.285714285714286,56,6,CCGACGTGTGTTGATACCGG,50,466463
acrZp,2.7142857142857144,24,6,CCCTTATAGCCTGTAAGTTA,18,446876
acrZp,3.0,26,6,CCCTGTCTTCTGGGAGCGCC,20,417171
acrZp,1.8571428571428572,18,6,CCCGGCTGCAAACCACCCCC,12,456439
acrZp,0.8571428571428571,11,6,CCCGACTCTACTTGAAATAT,5,420714
acrZp,2.2857142857142856,21,6,CCCCTGCGAAGTGACATCGT,15,417002
acrZp,0.8571428571428571,11,6,CCCCGGACGGTTAAAGAGAA,5,434757
acrZp,3.7142857142857144,31,6,CCCCCAGACTTGAGCTCGTC,25,415915
acrZp,2.7142857142857144,24,6,CCCACGCTCTGGAGAGAAGT,18,439692
acrZp,3.7142857142857144,31,6,CCATTCAGGCTGAGCGGACA,25,431830
acrZp,1.7142857142857142,17,6,CCATGTCGATTCAAAGATAT,11,460699
acrZp,1.7142857142857142,17,6,CCATGTACTAATCTCTCCGT,11,461136
acrZp,4.571428571428571,37,6,CCATGATATTCGGCGAACAA,31,446005
acrZp,3.857142857142857,32,6,CCATGAGGGGATAGCGGAAA,26,425243
acrZp,2.7142857142857144,24,6,CCAGTTTACCGCATTATGAT,18,420254
acrZp,2.0,19,6,CCAGGTTGAAAGCAAAAGTT,13,457232
acrZp,2.5714285714285716,23,6,CCACTGTGAGTTGGCTATGG,17,462753
acrZp,0.2857142857142857,7,6,CCAACTTGACACCAGGGCTT,1,461409
acrZp,2.0,19,6,CCAAAGCTCACTGTATAACA,13,410511
acrZp,3.4285714285714284,29,6,CATTGAGTGAGCCACCCCGA,23,452515
acrZp,2.2857142857142856,21,6,CATGTGAGCTATTCATTGCG,15,421657
acrZp,3.0,26,6,CATGGCTCAGACCTAATACT,20,431359
acrZp,2.2857142857142856,21,6,CATCAAACTTCCAAGGTACT,15,414362
acrZp,1.2857142857142858,14,6,CATACAGCGGAATGGCTGCG,8,417045
acrZp,2.2857142857142856,21,6,CAGTGAACAGATTGAACCTC,15,420284
acrZp,2.7142857142857144,24,6,CAGTCCAAAGACAATGAGCG,18,450574
acrZp,3.142857142857143,27,6,CAGGGCTAAATTAGGCGGAT,21,426693
acrZp,2.7142857142857144,24,6,CAGGCTGCGTAGACGTAGCT,18,438658
acrZp,2.2857142857142856,21,6,CAGGCAACGCATTATGGAAA,15,436986
acrZp,2.142857142857143,20,6,CAGATGTTAGGTCGTGCAGA,14,464445
acrZp,10.714285714285714,80,6,CACTTGCAGTCATCGGAGAT,74,437991
acrZp,9.142857142857142,69,6,CACGTACTCGGTTAAGATTA,63,459684
acrZp,2.857142857142857,25,6,CACCTCCGAGTAGACCGCTT,19,422859
acrZp,2.7142857142857144,24,6,CACATCCCGTCCCATAGTCA,18,447613
acrZp,3.5714285714285716,30,6,CACAGAAGGTTTGGTTACCT,24,444399
acrZp,4.0,33,6,CAAGCCACTAAGCATGGCTC,27,443414
acrZp,2.0,19,6,CAAATTGAGGTTGTTCTCCG,13,432987
acrZp,0.2857142857142857,7,6,CAAATGGTTTACACCAGGGG,1,449726
acrZp,1.7142857142857142,17,6,CAAATAGCGGTAGTAAGTTC,11,415674
acrZp,3.2857142857142856,28,6,ATTTTTGTAGCCTGTGATCT,22,461377
acrZp,4.0,33,6,ATTTTTGCGTGAATGTCCAG,27,444782
acrZp,3.0,26,6,ATTTGACCGGGGGGTTTAAG,20,432637
acrZp,2.7142857142857144,24,6,ATTTCCAATAGCACACGATC,18,421579
acrZp,1.5714285714285714,16,6,ATTTATACCTTAGGTCAATA,10,435515
acrZp,1.8571428571428572,18,6,ATTGCAAGAATTCCCCTAGT,12,443494
acrZp,2.142857142857143,20,6,ATTCTCAGGAGCAAAAAAAG,14,461313
acrZp,5.857142857142857,46,6,ATTCCCCCTGGGTCTGGCCC,40,465611
acrZp,1.5714285714285714,16,6,ATTATTGTCCTGGACACGGA,10,411777
acrZp,18.285714285714285,133,6,ATTATGAATGAATCAGACGA,127,441967
acrZp,9.0,68,6,ATTAAACCGGGAGTTGTAAT,62,429831
acrZp,1.5714285714285714,16,6,ATGTTTGCAGATTTCACTAT,10,425445
acrZp,1.0,12,6,ATGTTCAAGACCCTTGTACT,6,438291
acrZp,2.142857142857143,20,6,ATGTGGGCGAGAAGCATCGT,14,415153
acrZp,1.2857142857142858,14,6,ATGGTGACCAGGGTGCCTAG,8,457726
acrZp,2.2857142857142856,21,6,ATGGCTCTACACGCCAGACA,15,433556
acrZp,2.0,19,6,ATGGCAATTAGCACATAGGT,13,425269
acrZp,9.714285714285714,73,6,ATGCGCCGACCGGCCTTGGG,67,449151
acrZp,2.7142857142857144,24,6,ATGCAGGGAATTTGTTCGGG,18,445721
acrZp,2.142857142857143,20,6,ATGATATGACGGTTGTTGTA,14,462570
acrZp,2.142857142857143,20,6,ATCTCCGTGCCGAGGTAGGG,14,437344
acrZp,0.2857142857142857,7,6,ATCCTGTGGTCCTTCCCGCA,1,458623
acrZp,2.4285714285714284,22,6,ATCAGTCTCCGATGCTCACA,16,466869
acrZp,2.7142857142857144,24,6,ATATTCGCATGATCAATTTC,18,449004
acrZp,6.428571428571429,50,6,ATATCGAGCTAACTTTTCTA,44,462563
acrZp,1.8571428571428572,18,6,ATAGACTGGATGAGATACTC,12,410273
acrZp,1.4285714285714286,15,6,ATACACGAATGTTTACCAGG,9,411520
acrZp,3.2857142857142856,28,6,ATACAATCTCGTCGTAATAT,22,414690
acrZp,2.5714285714285716,23,6,ATAATGCTTCATATTTTTCT,17,452381
acrZp,3.7142857142857144,31,6,ATAAGATGCCTGAAACTTGG,25,418664
acrZp,1.4285714285714286,15,6,AGTGTGGCACAATGAATGCT,9,462231
acrZp,1.4285714285714286,15,6,AGTGGTTAATTTGTGCACTT,9,418247
acrZp,0.2857142857142857,7,6,AGTGCTGCCCTGACCCCACC,1,438682
acrZp,3.142857142857143,27,6,AGTGACGTCTAACGGTTCCA,21,460097
acrZp,2.5714285714285716,23,6,AGGTTAGCCGCGGAATGTGG,17,442806
acrZp,4.0,33,6,AGGGTCGCACTGCAACGCCA,27,456006
acrZp,1.7142857142857142,17,6,AGGCGTCTTGGGTTCGGCCA,11,427027
acrZp,0.2857142857142857,7,6,AGGCATCTACTCCACTGGCT,1,448568
acrZp,3.142857142857143,27,6,AGGCAAGTGATATAGGGCTC,21,420512
acrZp,0.8571428571428571,11,6,AGCTCCGAGCCCACTAGCAG,5,419699
acrZp,2.4285714285714284,22,6,AGCGTCATCCCGGGGTCAGT,16,412413
acrZp,3.2857142857142856,28,6,AGCGTATCCGACACCGCTTA,22,454197
acrZp,1.5714285714285714,16,6,AGCGTAACACTGACTGGCTA,10,430306
acrZp,2.5714285714285716,23,6,AGCGGTCCAGTTCGTCAGGT,17,460293
acrZp,0.2857142857142857,7,6,AGCGCGCTGGACACCATTTA,1,412414
acrZp,1.8571428571428572,18,6,AGCGCATTCAAGAAATCTCC,12,466974
acrZp,1.1428571428571428,13,6,AGCCTTATTCCATTCTGTGA,7,431697
acrZp,3.142857142857143,27,6,AGCCGCATAGTTGTAAGGTA,21,429063
acrZp,3.5714285714285716,30,6,AGCATGTAAGTACAACTAAC,24,457994
acrZp,0.2857142857142857,7,6,AGCATCGATATTTAAGAGCG,1,455859
acrZp,0.42857142857142855,8,6,AGCAGGTGTAACCTCTGACA,2,429777
acrZp,1.5714285714285714,16,6,AGCAGATCCTAGCTCCATCA,10,427469
acrZp,1.2857142857142858,14,6,AGAGCGATCGGTCATCTTAT,8,463643
acrZp,5.571428571428571,44,6,AGAGAGTGGTAAATCACAAG,38,442375
acrZp,1.4285714285714286,15,6,AGAAGCAGAGGGGGGTAATA,9,424927
acrZp,3.5714285714285716,30,6,AGAACTAACACCGCGGTTCG,24,442059
acrZp,1.7142857142857142,17,6,AGAAAACAACATATCTTAAG,11,440285
acrZp,1.0,12,6,ACTTAGTACCCGTCCGCTCT,6,421521
acrZp,3.5714285714285716,30,6,ACTGCGCAGTCTAACAGCTT,24,412779
acrZp,3.142857142857143,27,6,ACTGCGACGAGTAAATCAGA,21,434666
acrZp,1.4285714285714286,15,6,ACTCGACGACACTCTCCCTA,9,417059
acrZp,1.2857142857142858,14,6,ACTCATTGCCGTCAAGAAAG,8,444120
acrZp,1.1428571428571428,13,6,ACTAACAAAGCCTAGCGGCG,7,461318
acrZp,0.2857142857142857,7,6,ACGTTCATCTACAGCGGAGC,1,416202
acrZp,9.0,68,6,ACGTCCGGACAACACGATCC,62,445266
acrZp,2.4285714285714284,22,6,ACGGCTCACAATGTTAATTT,16,451632
acrZp,3.0,26,6,ACGCCATTTTTTATGGCCTC,20,441283
acrZp,1.7142857142857142,17,6,ACGATTAAGGACGTGGGACG,11,444015
acrZp,1.0,12,6,ACGATATTGGATCATTATGC,6,418077
acrZp,3.7142857142857144,31,6,ACCTTGCTCTGTTGACCATT,25,446440
acrZp,7.571428571428571,58,6,ACCTGTGTATCCAGGTGGCC,52,435537
acrZp,11.571428571428571,86,6,ACCGGTTGTCACACGTGTGA,80,444304
acrZp,2.4285714285714284,22,6,ACCGCGTAATATTCCGGATT,16,442970
acrZp,0.2857142857142857,7,6,ACCCGGTCGTAGCCTGAAAG,1,442303
acrZp,2.142857142857143,20,6,ACCCAAGCGCAGACTATCGA,14,420228
acrZp,4.571428571428571,37,6,ACCATCGGAGTTCGATAGTC,31,414906
acrZp,4.142857142857143,34,6,ACATACCTTGTCGTCGTTGA,28,435182
acrZp,0.7142857142857143,10,6,ACAGGTTGGAATGTTTCTAG,4,448526
acrZp,0.2857142857142857,7,6,ACAGGTAAAGCTGCGGGTCT,1,454064
acrZp,0.5714285714285714,9,6,ACAGCACTATTGGTTGTGGG,3,422769
acrZp,4.857142857142857,39,6,ACACTAAGTACAAAGGCTTA,33,454933
acrZp,9.571428571428571,72,6,ACACCGCCTTGGCTGGTGCC,66,452045
acrZp,2.5714285714285716,23,6,ACAATACGAGTCAAGCATTA,17,419548
acrZp,4.714285714285714,38,6,ACAAATCGGTGATCAAAGGA,32,458465
acrZp,11.285714285714286,84,6,AATGCCAGTTAAAAGAGTAG,78,434566
acrZp,3.0,26,6,AATGACTGTCGGATGTTTCC,20,460060
acrZp,6.0,47,6,AATCTGATAGCTGCGGTTAG,41,419044
acrZp,0.2857142857142857,7,6,AATCCTGGGGTAGCAGAGGT,1,444429
acrZp,3.2857142857142856,28,6,AATAGCAGCTTATGTGTACC,22,435133
acrZp,1.0,12,6,AAGTACAGGATGGGATCTAT,6,447509
acrZp,6.142857142857143,48,6,AAGGGGGGCTCGATCAAGAA,42,412457
acrZp,6.142857142857143,48,6,AAGCGTCCCTTCTGGCGGCA,42,436449
acrZp,1.8571428571428572,18,6,AAGATATCGGCGCGTACACC,12,422069
acrZp,1.7142857142857142,17,6,AACTTTTTAATCCCTGTTTC,11,424769
acrZp,2.5714285714285716,23,6,AACGTACCGTATCGGCAGAT,17,427637
acrZp,2.5714285714285716,23,6,AACGACTAAGGTAGGCGGCA,17,421164
acrZp,0.42857142857142855,8,6,AACCCGATTAAGCCCAAGCA,2,437941
acrZp,1.1428571428571428,13,6,AACCCGATCTCACCTCGCTC,7,442429
acrZp,0.42857142857142855,8,6,AAATGCCGCGATTCGGAGGA,2,431824
acrZp,1.5714285714285714,16,6,AAATCCGCTTGTCTGTGTGC,10,460810
acrZp,11.142857142857142,83,6,AAAGTACTCGCAAACCGGCC,77,409004
acrZp,1.7142857142857142,17,6,AAACGTTACCCGACTGAGGA,11,428868
acrZp,1.1428571428571428,13,6,AAAATTTACGCCTCGCTTCT,7,414426
acrZp,1.8571428571428572,18,6,AAAATATGCAGTGGACTAGC,12,442079
acrZp,2.0,19,6,AAAACGGACATATAACGGGA,13,439299
acrZp,1.0,12,6,AAAACGATTTTGGATATGGG,6,443681
acrZp,2.4285714285714284,22,6,AAAACACATTGTTGTATGAA,16,438519
acrZp,4.333333333333333,30,5,TTTTATTCACGACCTTGATC,25,428318
acrZp,3.0,22,5,TTTTACTCGAGCTCTGCAGG,17,459493
acrZp,1.6666666666666667,14,5,TTTGTCCGTCTCGGGGCCTT,9,427043
acrZp,2.5,19,5,TTTGATGAGAGGTGGGAAGT,14,432354
acrZp,2.1666666666666665,17,5,TTTCAGGAGAGGTCGGGCGA,12,433538
acrZp,2.0,16,5,TTGTTGTCTTAGAAGTCACA,11,445292
acrZp,0.3333333333333333,6,5,TTGTTCTCGGCCTGAGAAGC,1,426640
acrZp,3.6666666666666665,26,5,TTGTCGTTCCTTGCATCCTG,21,458430
acrZp,2.0,16,5,TTGTATCATTGCTGATGTTC,11,460307
acrZp,2.3333333333333335,18,5,TTGTAAGAGTACTGCGCACA,13,434522
acrZp,1.8333333333333333,15,5,TTGGGTGGGTGAACGCAGAC,10,448244
acrZp,3.6666666666666665,26,5,TTGGCGATTCACGCAGTACA,21,416457
acrZp,2.5,19,5,TTGCGGTTTAGAACCCAGCT,14,448502
acrZp,4.833333333333333,33,5,TTGATTATGGGGGTAGCTGC,28,427272
acrZp,2.6666666666666665,20,5,TTCTTTCAGGTACCTTCTGT,15,458738
acrZp,3.3333333333333335,24,5,TTCTAACTCCGAAGCGTTCA,19,433283
acrZp,5.666666666666667,38,5,TTCGCGACTGTGTTGAGGTG,33,426560
acrZp,5.333333333333333,36,5,TTCCGGCCTCGGCGACCGTT,31,418392
acrZp,2.6666666666666665,20,5,TTCCCGTCGGGGATCGTCCA,15,460807
acrZp,5.0,34,5,TTCATGTAGAGGGGGGCACG,29,460559
acrZp,3.1666666666666665,23,5,TTCATCAAAACAGAAAGACC,18,408799
acrZp,3.0,22,5,TTCATAAATATAAAGACGGC,17,464658
acrZp,2.6666666666666665,20,5,TTCACCTTGGGCGAATTATG,15,454218
acrZp,2.8333333333333335,21,5,TTCACCAGTTCCGCTCCGTA,16,427767
acrZp,4.0,28,5,TTATATAGTGTTGATCCAGT,23,461595
acrZp,0.3333333333333333,6,5,TTAGTTACTCGTCGGCGACT,1,441111
acrZp,15.166666666666666,95,5,TTAGGACAGGGTCCGGATCT,90,452044
acrZp,2.5,19,5,TTACTCACTGACCGTTTTAT,14,425377
acrZp,6.333333333333333,42,5,TTACGACGCGCAGTACAGGA,37,430147
acrZp,2.0,16,5,TTAATCCCTCATCAGCTTAC,11,458997
acrZp,2.5,19,5,TTAAAGCTAAGAGTTCCAGT,14,444752
acrZp,0.3333333333333333,6,5,TGTTATGAGGTTTGGTGCGA,1,425016
acrZp,2.5,19,5,TGTCCTCTTGCTCGGAGCTA,14,414361
acrZp,3.5,25,5,TGTAGAGCCGGGCTTTAGCA,20,417317
acrZp,8.666666666666666,56,5,TGGGTACACTAGGGCGCTAC,51,427466
acrZp,5.5,37,5,TGGGGGTACCACAAGGCTAG,32,433386
acrZp,3.6666666666666665,26,5,TGGGCGGCATTCCGTAGGCT,21,450512
acrZp,3.5,25,5,TGGGAGACGCGATATGTGCA,20,448675
acrZp,2.8333333333333335,21,5,TGGCATTGACTTATCACGAT,16,436878
acrZp,3.1666666666666665,23,5,TGGCACACTCACCGCTGTAC,18,457997
acrZp,1.6666666666666667,14,5,TGCTTGCCACCCAGCTGTTG,9,418821
acrZp,3.0,22,5,TGCTCATGCGCGCACGTATT,17,467551
acrZp,1.1666666666666667,11,5,TGCGGAGGTTCAAAGCATCA,6,465080
acrZp,1.6666666666666667,14,5,TGCACGGCAAGTTACTCCGC,9,463136
acrZp,2.6666666666666665,20,5,TGATGTCCCTGTGCCTAAGC,15,437430
acrZp,9.0,58,5,TGATCTAGGGTAAGTCTAGC,53,461875
acrZp,3.5,25,5,TGAGTTGTAATAGCACTCGA,20,445552
acrZp,0.3333333333333333,6,5,TGAGTACCTACACACACAGT,1,432636
acrZp,1.5,13,5,TGACTGTCGGTAGAGCGCCA,8,423190
acrZp,3.3333333333333335,24,5,TGACGTCCCAGAGCAAGCCC,19,456407
acrZp,0.3333333333333333,6,5,TGAATAATTGGTCGGTGAGG,1,415282
acrZp,2.6666666666666665,20,5,TCTTTTTCCTGGGTCCACGC,15,456908
acrZp,4.333333333333333,30,5,TCTGTGGGATAATGGCCATA,25,455971
acrZp,2.8333333333333335,21,5,TCTGCATGTTAAACTGTAGC,16,441556
acrZp,2.8333333333333335,21,5,TCGTATAGGTCCTGGCATGG,16,410341
acrZp,3.3333333333333335,24,5,TCGTAACTCCGTGGAATCAC,19,462243
acrZp,3.5,25,5,TCGGTCGCCCAGTTGTAGCG,20,421390
acrZp,2.0,16,5,TCGGGTAGATATGCAGCTGT,11,411901
acrZp,3.5,25,5,TCGGGGCGGGCATTTTCCAT,20,466767
acrZp,4.333333333333333,30,5,TCGGGCTTCTCAGCTTAGGA,25,453382
acrZp,3.3333333333333335,24,5,TCGGAGGACAAAGACTGAAA,19,464244
acrZp,2.6666666666666665,20,5,TCGCAGGCCTAGGAGGAGGA,15,429740
acrZp,2.1666666666666665,17,5,TCGATCACGGGTGGAGTTGA,12,445430
acrZp,31.0,190,5,TCGAGGACCGCTGGACTATT,185,427928
acrZp,3.1666666666666665,23,5,TCCTCGACGTTTTGTATCTA,18,421067
acrZp,4.166666666666667,29,5,TCCGTCATTCAGGTATCTTT,24,458529
acrZp,2.1666666666666665,17,5,TCCCGGTTTCTGGCCCGCTA,12,466838
acrZp,0.3333333333333333,6,5,TCCCGCGAACCATGTAATTG,1,459764
acrZp,3.1666666666666665,23,5,TCCCGCCAAGCTTACTCTAA,18,436730
acrZp,4.333333333333333,30,5,TCCATAATTGGGAGATGTTA,25,454450
acrZp,1.8333333333333333,15,5,TCCACGCACCCTCCTAGCAG,10,426993
acrZp,1.3333333333333333,12,5,TCCACAACCACCATTTTATA,7,408825
acrZp,3.3333333333333335,24,5,TCATCCTTCGCATTTAGATG,19,426886
acrZp,1.5,13,5,TCACAATGCTCCTGTCCCTT,8,428331
acrZp,1.0,10,5,TCAAGTCCAAGACGAGTGTG,5,434435
acrZp,13.166666666666666,83,5,TATGGCCGCTGAGTAATCTA,78,441095
acrZp,3.8333333333333335,27,5,TAGGGTTAAACCCGAGAAGC,22,409042
acrZp,0.3333333333333333,6,5,TAGCTTCTGAAGCACGGAAT,1,447862
acrZp,4.833333333333333,33,5,TAGCTCCCGTAATCGCAGCA,28,444266
acrZp,8.666666666666666,56,5,TAGCGAGAGGAGCTTGTACA,51,462541
acrZp,1.8333333333333333,15,5,TAGCCAAGGCAAGGTCCACC,10,425593
acrZp,0.3333333333333333,6,5,TAGATAGGAAAGTGAAAGTT,1,414614
acrZp,0.3333333333333333,6,5,TACGTCTAGTGGTGTTACTA,1,466997
acrZp,2.5,19,5,TACCCCTATGCAATTGCTGC,14,451107
acrZp,2.6666666666666665,20,5,TACAGATACTTGAAGGACAG,15,416634
acrZp,3.1666666666666665,23,5,TAATAATAACGGGATAAAAG,18,424536
acrZp,4.333333333333333,30,5,TAATAAGGGGGGAACCGCTG,25,446873
acrZp,1.6666666666666667,14,5,TAAGTTCATGAGTTGTCCTG,9,444458
acrZp,0.3333333333333333,6,5,TAAGCCACTGTTTGCTTTAA,1,443866
acrZp,4.0,28,5,TAAGCATAGTTCACTGGACC,23,423371
acrZp,2.6666666666666665,20,5,TAACGGATATCTCCGTGTCG,15,456736
acrZp,4.166666666666667,29,5,TAACATGGGAATCTCGAGGG,24,450072
acrZp,3.5,25,5,TAAATCAGTGGACATGCAGA,20,410709
acrZp,10.5,67,5,TAAACTACGGCTTTTCAAGT,62,445145
acrZp,0.5,7,5,GTTTACCCGCGTTGTGGCGT,2,436001
acrZp,7.333333333333333,48,5,GTTCTGGCCATTGGGTTCAC,43,416873
acrZp,0.5,7,5,GTTCGCTAAAGCAACTCGTT,2,436354
acrZp,1.8333333333333333,15,5,GTTCCTTTTTTGGTCACAGA,10,411708
acrZp,3.1666666666666665,23,5,GTTACTACGCCTCGCGTGGC,18,449720
acrZp,3.8333333333333335,27,5,GTTACATTTAGATGTCATCA,22,431064
acrZp,3.6666666666666665,26,5,GTGGTCGCCCAATGTTAAGT,21,464059
acrZp,0.3333333333333333,6,5,GTGGGGAGAGGTTAGGTCCT,1,411839
acrZp,2.1666666666666665,17,5,GTGCACAGTAACTCTGGGCA,12,433924
acrZp,16.0,100,5,GTGAGGGGGTTGACTCTACC,95,436875
acrZp,3.1666666666666665,23,5,GTGACGGACACCTTCATGGT,18,435152
acrZp,0.3333333333333333,6,5,GTGACCAAAGGACCTTATAC,1,428479
acrZp,0.3333333333333333,6,5,GTGAAACTTACACCTAGAGC,1,420243
acrZp,4.5,31,5,GTCTGCAAATACTAAGCCTT,26,414905
acrZp,8.333333333333334,54,5,GTCGTTCAATTGGGTTCCCA,49,441755
acrZp,58.5,355,5,GTCGTACACCAGGCTGCACG,350,422662
acrZp,0.3333333333333333,6,5,GTCGCCGCACCAATCAAGAG,1,435839
acrZp,3.6666666666666665,26,5,GTCCGCGTTTGTCTTGAGAT,21,426819
acrZp,2.5,19,5,GTCAGTAGTTAGTCAAAAGG,14,450331
acrZp,4.666666666666667,32,5,GTCACGTGAGCGATGTGTGT,27,418346
acrZp,4.0,28,5,GTCAAACGTCTGAATGGGGT,23,448843
acrZp,2.8333333333333335,21,5,GTATTAGGTTAAGGCAAGGA,16,439731
acrZp,4.833333333333333,33,5,GTATCCGCATTGGACAGCTC,28,431334
acrZp,5.666666666666667,38,5,GTAGGAGTAGCGGTACGGGA,33,421158
acrZp,2.8333333333333335,21,5,GTACTTTAGTCGATAATAAG,16,442677
acrZp,2.1666666666666665,17,5,GTACTCGTCCTACAATTTTC,12,438868
acrZp,2.8333333333333335,21,5,GTACGCATCAGTTCGACTGA,16,432101
acrZp,8.5,55,5,GTACATATTCCTATCAAGTT,50,433370
acrZp,0.3333333333333333,6,5,GTAAATCGCATCAACCACTT,1,416686
acrZp,3.0,22,5,GGTTGGACGGAGATAGCACT,17,461402
acrZp,3.0,22,5,GGTTCAACCCCTCTTCAATG,17,463371
acrZp,3.8333333333333335,27,5,GGTGGCCACGCGACGTGTAT,22,420345
acrZp,0.6666666666666666,8,5,GGTGACTTCTGTTTGTTTGT,3,412411
acrZp,1.5,13,5,GGTCTGCATCGCGTGCAGTT,8,437841
acrZp,0.3333333333333333,6,5,GGTCGGGCGGCAAGGGCTAA,1,419545
acrZp,1.6666666666666667,14,5,GGTAGACACCGGAAAGAGGT,9,465262
acrZp,0.3333333333333333,6,5,GGTACAGGGAGCTTGCCCTC,1,444534
acrZp,1.8333333333333333,15,5,GGGTAATTTTCGAGGTCGTA,10,454111
acrZp,3.5,25,5,GGGGAACACCCGGCATCCTG,20,438941
acrZp,3.5,25,5,GGGCGTGCCAAGGATCTGTA,20,447110
acrZp,4.833333333333333,33,5,GGGACTGACAAGGAATTGAT,28,416238
acrZp,1.5,13,5,GGGACAAAGCTCTTCATCCC,8,441585
acrZp,6.833333333333333,45,5,GGGAAAGAGGCACCAGAGCA,40,466021
acrZp,0.8333333333333334,9,5,GGCTTATGTCTTAGACCGAG,4,464709
acrZp,6.0,40,5,GGCTCTTCGCACCTTACCCA,35,434895
acrZp,3.1666666666666665,23,5,GGCCGCCTTGTCTACAGTAA,18,455042
acrZp,3.3333333333333335,24,5,GGCATTACAGCCGGAGGATC,19,425851
acrZp,10.0,64,5,GGATTTCAACAGTTCATGAT,59,454138
acrZp,4.166666666666667,29,5,GGAGGGTCAGCGTTTCGATG,24,412247
acrZp,5.166666666666667,35,5,GGAACCTGACCCAGCTCTTC,30,433595
acrZp,3.3333333333333335,24,5,GCTTGGTCTCCGATGAATAC,19,453138
acrZp,4.166666666666667,29,5,GCTTGATGTGACGGATGGGC,24,459061
acrZp,4.166666666666667,29,5,GCTTCCGGGAGGACTTACTA,24,416929
acrZp,0.3333333333333333,6,5,GCTGGGCTCAGGCTCTAACG,1,441245
acrZp,4.333333333333333,30,5,GCTCGTTCAGAGACCACCTA,25,437963
acrZp,2.1666666666666665,17,5,GCTCAATAGAGACAGGCTGT,12,434537
acrZp,3.5,25,5,GCGGTTAAGTATGTGTTTGT,20,462764
acrZp,1.5,13,5,GCGGTAGGATCGGTATACTG,8,448525
acrZp,5.333333333333333,36,5,GCGGACAGGGATATGTGTAT,31,454565
acrZp,0.3333333333333333,6,5,GCGCAGACTGGATGACAACA,1,425568
acrZp,1.5,13,5,GCCGTAATGGCCGATGGGTA,8,449911
acrZp,1.5,13,5,GCCGGATCACTATTTGCTTG,8,446603
acrZp,1.8333333333333333,15,5,GCCGCGCAGGCGACCGAAAT,10,413554
acrZp,20.0,124,5,GCCGACCTACGTCGCATCCA,119,452047
acrZp,5.166666666666667,35,5,GCCCTGCTGGTCGTGGGGCT,30,454452
acrZp,1.3333333333333333,12,5,GCCCGGAACCTGTCATGCCC,7,422419
acrZp,3.5,25,5,GCATGGGTCAGGGTACTGCG,20,426902
acrZp,1.8333333333333333,15,5,GCATGGAAGTTCGGGTTTCA,10,435255
acrZp,0.5,7,5,GCAGTTCCCACAGGCTCGTA,2,466347
acrZp,3.5,25,5,GCAGAGCAGAAGGTACAACT,20,460597
acrZp,2.0,16,5,GCACGTGTTCGTACCGCCTC,11,464875
acrZp,1.8333333333333333,15,5,GCACGGCGGCGTGGCCGATA,10,444149
acrZp,1.8333333333333333,15,5,GCAACTAAGCTATCTTATAG,10,425423
acrZp,2.5,19,5,GCAAATCCCTAGGGCCGTCC,14,409132
acrZp,2.1666666666666665,17,5,GCAAACAGAGATAGCGAGTT,12,443495
acrZp,2.5,19,5,GATGTGGGCTCAACCCAAGG,14,423299
acrZp,3.3333333333333335,24,5,GATCCCGAACGTCCCTGTCG,19,417041
acrZp,1.5,13,5,GATCACGCGTGCTAATCATG,8,461541
acrZp,9.166666666666666,59,5,GAGGTCTTCGACAGTACTAT,54,410693
acrZp,3.1666666666666665,23,5,GAGGCCAGCCCTATGGCCCG,18,409780
acrZp,2.3333333333333335,18,5,GAGCTTTGGTACGTACTGGA,13,411830
acrZp,5.5,37,5,GAGCGTCACAGCAGCGTGAC,32,439687
acrZp,2.8333333333333335,21,5,GACTAACTGTATCTACTACA,16,430798
acrZp,2.0,16,5,GACGCGGACTGGTCCGTGGA,11,416345
acrZp,20.5,127,5,GACGACTCGGTATTGGAGAA,122,436316
acrZp,0.8333333333333334,9,5,GACAAAGCGGCGCAACGAAT,4,461694
acrZp,0.8333333333333334,9,5,GAACTTACGGGGATCTCGGG,4,433584
acrZp,1.5,13,5,GAACGCGGTTGGAACAAAAA,8,463852
acrZp,4.166666666666667,29,5,GAACCAGGCAACCAATCGGG,24,437122
acrZp,6.5,43,5,CTTTGTATACCATGCTAGCT,38,426683
acrZp,5.5,37,5,CTTGTGAAAAGGGCGACCTA,32,426235
acrZp,1.0,10,5,CTTGCCTGGAACCACCAAAG,5,428955
acrZp,2.1666666666666665,17,5,CTTCGGAAGAGAGTAAAGAC,12,442024
acrZp,2.0,16,5,CTTCGAGAGTCGGAGGAGTA,11,408958
acrZp,1.0,10,5,CTTCCGGATGCGATCGGAGG,5,410615
acrZp,6.5,43,5,CTTCCGCTTATGCTCTGATT,38,408819
acrZp,1.6666666666666667,14,5,CTTATTTGCAGCCAAGCCGC,9,410007
acrZp,2.3333333333333335,18,5,CTTAAGAAACGTGGACAGAT,13,425553
acrZp,0.3333333333333333,6,5,CTGGTTCGAGAGATCTCCGG,1,418694
acrZp,1.1666666666666667,11,5,CTGGCAGCAGCTTCTTTCGA,6,466178
acrZp,2.6666666666666665,20,5,CTGGATAGCGTGAGTATTCA,15,411404
acrZp,1.8333333333333333,15,5,CTGGACCGATCAAAATTACA,10,433250
acrZp,2.0,16,5,CTGGAAATAAAGTGCAAAAT,11,437590
acrZp,0.6666666666666666,8,5,CTGCTTCCACCACATCGGCA,3,418981
acrZp,2.0,16,5,CTGCCACTGCAGGGATATAT,11,417787
acrZp,4.833333333333333,33,5,CTGATAATGATGTATTTCAT,28,446501
acrZp,1.0,10,5,CTGACAAGACCTCGCAGTGA,5,413381
acrZp,3.3333333333333335,24,5,CTGAATTAGCTTTTTGGACA,19,420969
acrZp,2.1666666666666665,17,5,CTCGGTTAGTTTCCGTGTCA,12,428521
acrZp,6.0,40,5,CTCCCAATGGGGTTCCGGTC,35,463594
acrZp,6.5,43,5,CTCCAAGGTTTCCATTACAC,38,432732
acrZp,9.0,58,5,CTCATCTCACGAGACCATGG,53,453562
acrZp,2.5,19,5,CTCATCCCCGACCGGTTTGC,14,464804
acrZp,1.6666666666666667,14,5,CTATCAAAGTGTTCTGATGC,9,449484
acrZp,4.166666666666667,29,5,CTACTGCTGCACGCGGCAAG,24,417864
acrZp,0.6666666666666666,8,5,CTAACTGGCAGCAGGCGCCC,3,421428
acrZp,22.5,139,5,CGTTTGCGCACCTTATGTAA,134,463598
acrZp,2.0,16,5,CGTTGAGATCGCACCTTGGC,11,434214
acrZp,0.3333333333333333,6,5,CGTTAGGCTTCAAGCGGTTA,1,462399
acrZp,3.5,25,5,CGTTAACTAACCGAGATGGA,20,465289
acrZp,3.3333333333333335,24,5,CGTCCAACTGAGTAGGTTGG,19,456438
acrZp,4.5,31,5,CGTAGGTGTTCACACTCCTC,26,432445
acrZp,3.5,25,5,CGTAGACGACTAGAGCACTC,20,415321
acrZp,5.833333333333333,39,5,CGTACGTGATCTGTCCGTAG,34,440743
acrZp,1.5,13,5,CGGTCACTGGTTGGCATGGT,8,461344
acrZp,1.0,10,5,CGGGCTGATTTCGTTAAACT,5,452408
acrZp,0.6666666666666666,8,5,CGGGAGCGCCGTTCAAGAGT,3,442558
acrZp,3.3333333333333335,24,5,CGGGAAGCGAATCATAAGAT,19,462209
acrZp,2.8333333333333335,21,5,CGGCTCATCCGGCGCCACCC,16,430591
acrZp,3.0,22,5,CGGCAGCACGGTGGGGTCTG,17,459104
acrZp,3.1666666666666665,23,5,CGGCAACGCAGTCGAGCATA,18,449415
acrZp,3.3333333333333335,24,5,CGGACTCTTAGTGAGACCAC,19,447522
acrZp,3.5,25,5,CGGACCCTATTGATCAGTAA,20,431960
acrZp,1.5,13,5,CGCCTATCCCCGTACGGAAC,8,435792
acrZp,2.1666666666666665,17,5,CGATTTATGGGACTCGGACC,12,459234
acrZp,2.6666666666666665,20,5,CGATTGGCTATAAGCCAACT,15,450071
acrZp,2.6666666666666665,20,5,CGATGTGTTTTAAATTTCTA,15,456251
acrZp,2.3333333333333335,18,5,CGATGAATGTGCGAGTCAAT,13,448124
acrZp,3.3333333333333335,24,5,CGAGTGTTCCCGTATGAAGC,19,431731
acrZp,6.5,43,5,CGAAGTTACCAAGCTGAGTG,38,445852
acrZp,0.3333333333333333,6,5,CGAAGCTGTCCTACTCGTCT,1,460936
acrZp,8.666666666666666,56,5,CGAAATTGGGGGTTAACGGT,51,467453
acrZp,2.0,16,5,CGAAATCACGATTAAGTAAC,11,427942
acrZp,4.833333333333333,33,5,CCTTTGCAGGTGTGAAAGGT,28,451520
acrZp,2.8333333333333335,21,5,CCTTACTCGGACCACCGCAT,16,454347
acrZp,2.3333333333333335,18,5,CCTGGGTCTGGATGGCAGAG,13,459821
acrZp,3.8333333333333335,27,5,CCTGCGTAAAACGCGAAGTG,22,441243
acrZp,6.5,43,5,CCTGAAACAGAACATCAATC,38,427187
acrZp,2.0,16,5,CCTCTCAGATTAAATATCTA,11,456131
acrZp,3.8333333333333335,27,5,CCTCGTATTCACCCTAGAAG,22,462464
acrZp,8.0,52,5,CCTCATGTATGCGGTTAGAA,47,417522
acrZp,3.0,22,5,CCGTGTCTCCCTCACAGACA,17,410314
acrZp,1.8333333333333333,15,5,CCGTGGGCCACCAAGCGAGA,10,430255
acrZp,0.5,7,5,CCGTGGGCACCGTCTGTTAA,2,459442
acrZp,1.1666666666666667,11,5,CCGTGGATAAGTGCTACAGG,6,421897
acrZp,5.166666666666667,35,5,CCGTGCAATAATTCGCTATG,30,413173
acrZp,3.8333333333333335,27,5,CCGTGATCTGAGGGGGGTTG,22,411959
acrZp,18.5,115,5,CCGCTTAATGTCCAGTCTGG,110,426566
acrZp,5.833333333333333,39,5,CCGAGTCGTCCCTACACCTA,34,419848
acrZp,6.333333333333333,42,5,CCCTGGTAGGCTGCCGCCAC,37,451797
acrZp,4.5,31,5,CCCTCCTCCGGCTTGCGAAT,26,409783
acrZp,0.8333333333333334,9,5,CCCTCCCCCCTTACTGGTTC,4,418200
acrZp,3.0,22,5,CCCGTGTTTTAACCCGTTGT,17,413660
acrZp,2.5,19,5,CCCCGCGGCTTCTAGCCCGT,14,423022
acrZp,2.0,16,5,CCCATCAAACTGGTACTGTA,11,426152
acrZp,3.6666666666666665,26,5,CCCAGAGAACTTCATCAAAT,21,430089
acrZp,3.6666666666666665,26,5,CCAACGTCGCGGATAATAGT,21,408801
acrZp,4.333333333333333,30,5,CATTTGCTGAGCAATAGATG,25,417447
acrZp,2.8333333333333335,21,5,CATTTCGAGTAGTTTGAATG,16,432692
acrZp,2.1666666666666665,17,5,CATTCGCATAGCCGCTATGG,12,415462
acrZp,10.833333333333334,69,5,CATTAGCAGTGATCACTCAA,64,444780
acrZp,3.5,25,5,CATGGTTATGTGCGCAGAGA,20,428032
acrZp,7.833333333333333,51,5,CATCCAGAAATCGCTGTGCA,46,441093
acrZp,0.3333333333333333,6,5,CATCACCTGACCTTTTCATA,1,448110
acrZp,4.833333333333333,33,5,CATAAAGCCCTATTCCAAGG,28,464459
acrZp,2.6666666666666665,20,5,CAGGTTGAGCAAGGCAGGTC,15,411425
acrZp,3.5,25,5,CAGCTACCGCACATAGGTGT,20,439712
acrZp,1.8333333333333333,15,5,CAGAGCACCTCCATCGCCGT,10,417859
acrZp,4.0,28,5,CAGAACGGGACCGACCAGTT,23,410932
acrZp,3.0,22,5,CACCCCTCAAGAGATACGTA,17,426427
acrZp,1.6666666666666667,14,5,CACCCATCGGCACCTATGAA,9,419510
acrZp,2.5,19,5,CACATCTTACTGCGCTACGA,14,439931
acrZp,3.8333333333333335,27,5,CACATCTACCATTCCTAGTC,22,453168
acrZp,13.166666666666666,83,5,CACAGTTAGACTTACGCCGG,78,450212
acrZp,3.0,22,5,CACAATTAGGCGTCCGTACT,17,453036
acrZp,0.3333333333333333,6,5,CAATGGTCAGTAGTCTCTGG,1,437274
acrZp,4.666666666666667,32,5,CAAGGGTAGGATTGCTTTAG,27,452858
acrZp,1.0,10,5,ATTTTTGGCGCTGCGACCAA,5,452796
acrZp,1.8333333333333333,15,5,ATTGGTTTTAGGGGACTCCA,10,426844
acrZp,5.666666666666667,38,5,ATTGGCCAATCGCAGGCGCG,33,436691
acrZp,9.0,58,5,ATTCCTGAGCGAGTTACCTT,53,435539
acrZp,4.166666666666667,29,5,ATTCAGACCGGGACGTACCG,24,424609
acrZp,3.1666666666666665,23,5,ATTATAGGCTATTATAATAG,18,464148
acrZp,1.5,13,5,ATTATAAACCGATCAGGAGC,8,429087
acrZp,4.0,28,5,ATGTACAATGGAAGGCGGCT,23,448107
acrZp,4.0,28,5,ATGCCGCACTCGTGGCCGAC,23,457730
acrZp,2.0,16,5,ATGCCACATTATATTAGCCC,11,451735
acrZp,4.5,31,5,ATGCATAAAACCACGTGCAG,26,427833
acrZp,1.6666666666666667,14,5,ATGCACTCTTGGCACCAAAT,9,418011
acrZp,3.8333333333333335,27,5,ATGAGTATCGCGCATTACAA,22,412050
acrZp,1.3333333333333333,12,5,ATCTGATTTTTCAGATGCGA,7,448974
acrZp,2.5,19,5,ATCTAGTGGCATCCCATCTC,14,423503
acrZp,1.0,10,5,ATCTAGCCATTTACGCGTTC,5,446194
acrZp,2.0,16,5,ATCTAAGCAAAGTTAGGGGA,11,418078
acrZp,0.6666666666666666,8,5,ATCGGTGATTGGTTGCGCGT,3,452396
acrZp,4.333333333333333,30,5,ATCGAGGACATGATCACGCA,25,426905
acrZp,2.6666666666666665,20,5,ATCCAGTATCTAACACCTAG,15,440132
acrZp,6.5,43,5,ATCCACAAGGCGGAAACTAA,38,449164
acrZp,2.5,19,5,ATCAGCTTGGACCGGGATCA,14,454297
acrZp,0.3333333333333333,6,5,ATATATGTCTCAGCGGACCC,1,460146
acrZp,4.0,28,5,ATATAACCTGGGTGATAAAA,23,442990
acrZp,4.666666666666667,32,5,ATAGGTAGACTGGAAGGAAC,27,462216
acrZp,0.3333333333333333,6,5,ATAGGGTGCCTCGCTTCGGA,1,428528
acrZp,2.6666666666666665,20,5,ATACGCGGGTATATGTAGGA,15,466866
acrZp,1.3333333333333333,12,5,ATAATCTGCGCGGCATAAGA,7,443187
acrZp,3.1666666666666665,23,5,ATAATCGCTGATCTAGAGGT,18,465706
acrZp,3.8333333333333335,27,5,ATAAAATGACGTGCCAATAC,22,445535
acrZp,0.6666666666666666,8,5,AGTTGGTCAGAAACAGATCG,3,420678
acrZp,0.6666666666666666,8,5,AGTTACGACCGCAGCCAGGA,3,419586
acrZp,2.5,19,5,AGTTACAAAGGGGTCAAGGC,14,448572
acrZp,1.3333333333333333,12,5,AGTGGTTCGGACTCCTGTGA,7,419074
acrZp,2.3333333333333335,18,5,AGTGGGGTCCTCGCGCTCCT,13,412800
acrZp,0.3333333333333333,6,5,AGTGCGAGTTAGAATAGGTC,1,417388
acrZp,3.0,22,5,AGTGCAAGGGCTGGGGCCGT,17,411539
acrZp,1.8333333333333333,15,5,AGTACGGTCGCAGTTAGTGC,10,437553
acrZp,4.166666666666667,29,5,AGGCAATGCCGTCGGCGAGA,24,450439
acrZp,0.5,7,5,AGGACCTTTCCCGGTTAAGC,2,447598
acrZp,0.5,7,5,AGCTCTGGTCCGTTCATACC,2,420331
acrZp,3.6666666666666665,26,5,AGCGACAGTGATGACCTCAA,21,455634
acrZp,11.0,70,5,AGCCGGGAAAGCAGCACCGT,65,461792
acrZp,1.3333333333333333,12,5,AGCACCAAGAGGGAGGTAAT,7,414883
acrZp,2.6666666666666665,20,5,AGCAATATTTACTTTCCAAG,15,420509
acrZp,2.6666666666666665,20,5,AGATTTTTCCGTTACGTACA,15,440386
acrZp,0.3333333333333333,6,5,AGATTGGGTTACTACATGTT,1,464082
acrZp,3.0,22,5,AGACGTCAGAAGAGGACACT,17,417044
acrZp,9.666666666666666,62,5,AGACGCTACACAGTCCCGGT,57,413453
acrZp,1.6666666666666667,14,5,AGAAGTGCAGGCATCTCGGT,9,422880
acrZp,4.5,31,5,AGAAGCCAACCGTGGTTAAG,26,413919
acrZp,4.0,28,5,ACTTGATATCGATACGTAAA,23,408729
acrZp,2.3333333333333335,18,5,ACTTCGTGCCAAGCTGACAC,13,436539
acrZp,1.6666666666666667,14,5,ACTCATCGTTTCCCGCCGAG,9,449325
acrZp,2.1666666666666665,17,5,ACTAAGCCTACGGCTTCGTG,12,466559
acrZp,0.8333333333333334,9,5,ACGTCCACACAGGCGGCCGG,4,445284
acrZp,2.0,16,5,ACGTACGTAGCGCGTTGGGC,11,427140
acrZp,4.166666666666667,29,5,ACGGGGCTACAAATCGTCAA,24,465923
acrZp,2.3333333333333335,18,5,ACGGATGACTTTAGAGTATA,13,465908
acrZp,3.1666666666666665,23,5,ACGCAGAACTGTCGTCTAGA,18,461745
acrZp,7.833333333333333,51,5,ACGAAATGATAAGACATTCA,46,452603
acrZp,9.166666666666666,59,5,ACGAAAGAAGAGTAGCGCCC,54,420450
acrZp,6.833333333333333,45,5,ACCCGAAAGTGTCGCCCATA,40,466500
acrZp,5.333333333333333,36,5,ACCCAGCTGCCCATCGGCTG,31,437778
acrZp,2.0,16,5,ACCACATCCCTCTACAGTCA,11,451771
acrZp,3.8333333333333335,27,5,ACCAATATGATTCGCTATAA,22,438938
acrZp,2.3333333333333335,18,5,ACATCAGTACGACAACAATG,13,427517
acrZp,7.166666666666667,47,5,ACAGTCGTCCGAGAATAACA,42,428529
acrZp,1.5,13,5,ACAGCGAGAACTTCGGCAAT,8,410627
acrZp,2.0,16,5,ACAGACGAAGTTGTGGAGGA,11,443416
acrZp,3.1666666666666665,23,5,ACACTTCAGGGCTGTCCTTC,18,455549
acrZp,1.6666666666666667,14,5,ACACGACGTAGACATTGATT,9,424603
acrZp,2.5,19,5,ACAACGAACCTGTCGTCGCA,14,426232
acrZp,2.0,16,5,ACAAATGTAAACAGAGCGAC,11,449795
acrZp,15.5,97,5,AATTTCAGCGTGAGTAGTCA,92,425561
acrZp,5.5,37,5,AATTTACCCTACGTGAGGGT,32,414904
acrZp,0.3333333333333333,6,5,AATTGGCCCTAGCGGGTTTA,1,464699
acrZp,0.3333333333333333,6,5,AATTGCTTACGCATGGTTTA,1,450601
acrZp,0.3333333333333333,6,5,AATGGCGTCCGCGATACCTA,1,437960
acrZp,2.3333333333333335,18,5,AATGCTTTACTGTCATTAGT,13,458972
acrZp,2.3333333333333335,18,5,AATCGTGACACAAAAGCGAG,13,444970
acrZp,2.8333333333333335,21,5,AAGGCACGGAGATAAAGAAA,16,421206
acrZp,3.6666666666666665,26,5,AAGCGCGCTTAAAGTTAAGT,21,435032
acrZp,5.0,34,5,AAGCGAGGGAGTCAACGATT,29,434370
acrZp,3.0,22,5,AAGCACGGTAACCTTTAGCT,17,449538
acrZp,3.1666666666666665,23,5,AAGATTTAGCGGCGGTGATA,18,445192
acrZp,14.166666666666666,89,5,AAGAGGGGATTGTGTCTCGC,84,431776
acrZp,5.0,34,5,AACTTTTCATACCACCGGAA,29,421741
acrZp,3.6666666666666665,26,5,AACGTTATATCTCTCAGCCA,21,460535
acrZp,1.5,13,5,AACGGGTTGGGATCACGCGG,8,444397
acrZp,10.0,64,5,AACAGGTACTTAAAAAGACT,59,438014
acrZp,7.5,49,5,AACAAAGGCTCGAAACCTTT,44,467577
acrZp,5.833333333333333,39,5,AAATCGACGGGCGAATAGTT,34,436102
acrZp,7.666666666666667,50,5,AAAGGGACTGACGGACCCGA,45,449247
acrZp,1.8333333333333333,15,5,AAACTAGCAGGCTGTCAAAT,10,423950
acrZp,2.1666666666666665,17,5,AAACAATGTATCATCCTTCG,12,459572
acrZp,4.166666666666667,29,5,AAAAGTTCGGGCGAAGGTAA,24,444840
acrZp,9.0,48,4,TTTTAGAAGGGCGAGGCGTT,44,427190
acrZp,6.2,34,4,TTTGGGCGTGCGCGGGGTGT,30,466242
acrZp,0.8,7,4,TTTGCATTGCGTATCGATGA,3,452337
acrZp,3.8,22,4,TTTCCCATGCGAGATCGGAT,18,410343
acrZp,4.2,24,4,TTTCAGGATATCAGAATTGT,20,462333
acrZp,0.4,5,4,TTGTTAGCTTCCTATAGCGA,1,452376
acrZp,4.4,25,4,TTGTTAGAATCTTTCACTGT,21,413181
acrZp,0.4,5,4,TTGTGTGATGTAGCGTACGT,1,448968
acrZp,1.6,11,4,TTGTCAAGCTTGAATATCTC,7,450120
acrZp,3.4,20,4,TTGTCAACTTAGCAGGCTTG,16,445269
acrZp,16.2,84,4,TTGTACAGCAGTAGTGGCAT,80,429936
acrZp,5.4,30,4,TTGGGGACTAAGAACCCCGA,26,410570
acrZp,3.2,19,4,TTGCTTATATGCACCTAGCG,15,429454
acrZp,5.2,29,4,TTGACCGAAGTTCGGTAGCG,25,448570
acrZp,5.0,28,4,TTCGCGTTCAACACTTTATC,24,436586
acrZp,8.0,43,4,TTCGAGCAATAACACGACTA,39,465171
acrZp,3.0,18,4,TTCCTCAAAATACGAACTAT,14,463964
acrZp,0.8,7,4,TTATTCTGGTAAATTGGCAG,3,461988
acrZp,5.6,31,4,TTATGGTGTCTTACTACTCT,27,432307
acrZp,2.2,14,4,TTATAGGGTAACCTACAACG,10,463854
acrZp,0.4,5,4,TTAGTGCGCAATCCATAATG,1,446012
acrZp,3.0,18,4,TTAGCTCCGACTCTTCCAAA,14,436495
acrZp,5.2,29,4,TTAGCCTACGTAATGAAATA,25,443052
acrZp,3.0,18,4,TTACTGATACACCACCGAGG,14,435177
acrZp,1.6,11,4,TTACTATTAGCATTTCTAAG,7,419337
acrZp,1.0,8,4,TGTTGGCGTGATTCCTTCTG,4,454810
acrZp,2.8,17,4,TGTTCCTATTGCTCTCGGTC,13,414803
acrZp,0.4,5,4,TGTGTTCGATGACTGAACCC,1,428052
acrZp,3.6,21,4,TGTCAGAAAATCTCGCCCTA,17,414607
acrZp,4.0,23,4,TGTATCGATTCGCAGGAAGT,19,435886
acrZp,2.2,14,4,TGGTCTCAATGTTGCCACCA,10,447508
acrZp,4.2,24,4,TGGTAGTGCTCACTCGCTTA,20,418338
acrZp,1.2,9,4,TGGTAGAGTCTGGATAACAG,5,460211
acrZp,3.0,18,4,TGGTAATAGCGCGGGGTTGG,14,440951
acrZp,1.8,12,4,TGGGTTATACCGTAAATTGG,8,453136
acrZp,1.8,12,4,TGGGTCCACTATGAGTTTGA,8,418923
acrZp,7.4,40,4,TGGGCACACAATGGGGAATC,36,421587
acrZp,1.2,9,4,TGGCAGGTCTGTAGTGGACA,5,440311
acrZp,5.0,28,4,TGGACTGTTACGCCCTACTC,24,444117
acrZp,3.8,22,4,TGCTTGCCCATAATCGGGCT,18,457554
acrZp,2.2,14,4,TGCGGACATTGGGATGTGTG,10,428472
acrZp,4.4,25,4,TGCGCTGCTACCCGATTGTA,21,466233
acrZp,3.6,21,4,TGCCGCCGTGAGGATCGGCA,17,458574
acrZp,2.0,13,4,TGCAGCGTCCGGGGCCCACT,9,426837
acrZp,18.4,95,4,TGAGGTCTAGGGGATGTTAC,91,443821
acrZp,3.4,20,4,TGAGCGGAGATCCCTTAAAT,16,417468
acrZp,5.4,30,4,TGAGAGTGGTAACAGAATCA,26,422031
acrZp,3.0,18,4,TGACTTCACGACCCATCTAG,14,409329
acrZp,4.0,23,4,TGACTAGCAGCCCGAGCCCT,19,460295
acrZp,4.8,27,4,TGAAGGCGCCAATTTAAGCA,23,447984
acrZp,2.0,13,4,TGAAGAGCGCACCGGTTGAT,9,442235
acrZp,2.2,14,4,TGAACTACAAGAATGTAAGA,10,439072
acrZp,0.8,7,4,TGAACGTCCCCTTCGTTGCG,3,412468
acrZp,10.0,53,4,TCTTTCTCTGAGTGCAATTC,49,461477
acrZp,2.2,14,4,TCTTGTTCAAATACATATGT,10,415074
acrZp,6.0,33,4,TCTTAGGGCTAACGCTACTA,29,419862
acrZp,0.4,5,4,TCTTACGACTAAAGAGCAGA,1,433756
acrZp,8.2,44,4,TCGTTCCCTCTCTAGGAAAG,40,438494
acrZp,3.4,20,4,TCGGTGACGCTCAGGAGCTT,16,423597
acrZp,2.6,16,4,TCGGATCGTTGGCAGTTATG,12,443692
acrZp,2.4,15,4,TCGCCGCAGGCCTCGTCTTG,11,440582
acrZp,7.4,40,4,TCGCCACCGGGGGGGTCGCA,36,429722
acrZp,2.0,13,4,TCGACGCAGGCGGAAATTTT,9,454030
acrZp,1.8,12,4,TCGACCATACTCCAGTGTAT,8,411889
acrZp,3.4,20,4,TCGAAGATAGACTCTTAATC,16,460968
acrZp,5.6,31,4,TCGAAAACCGGGTCTCGGGA,27,452050
acrZp,2.0,13,4,TCCTCATCCCAAGGAAGAGA,9,442225
acrZp,10.2,54,4,TCCTAAGTCATCTTAGACAC,50,455307
acrZp,0.8,7,4,TCCGCTTCAATTGGGAGGAG,3,445926
acrZp,0.4,5,4,TCCCGCTTCCACCAGCTGTA,1,421223
acrZp,3.0,18,4,TCCCATGGAGGCTCTGTATC,14,445823
acrZp,2.8,17,4,TCCAATCTATAGGGGCAAAT,13,439529
acrZp,4.0,23,4,TCATCTCCATTGTACAGCCC,19,449424
acrZp,4.6,26,4,TCATATGGAGCTCTGAGAAC,22,420999
acrZp,2.6,16,4,TCATATAAGCGAAGCTCAGA,12,450608
acrZp,2.4,15,4,TCACTCGATTTTAGGATAGT,11,433398
acrZp,2.6,16,4,TCACTACTCAGCCCGATTGC,12,440930
acrZp,6.4,35,4,TCACATGCCCTATCTATAGG,31,439420
acrZp,2.6,16,4,TCACATGCATTCCGGTGCCA,12,409786
acrZp,3.4,20,4,TCAAGTCACCGCAGTGCCTA,16,430150
acrZp,6.4,35,4,TCAAAGAACAAAATTCCGGG,31,425313
acrZp,4.2,24,4,TATGTGGAGACCTTTGACGC,20,462313
acrZp,3.0,18,4,TATGTGATCCCCAATAATCA,14,435971
acrZp,3.2,19,4,TATGGGCTAGGAACAGATCC,15,410793
acrZp,3.4,20,4,TATGCTATTAGCGCATCAGG,16,428217
acrZp,5.0,28,4,TATGATAGAATCTCCTCCGC,24,442512
acrZp,1.4,10,4,TATCTGTCATACTTTATGAG,6,444486
acrZp,2.4,15,4,TATCGGTGCAGTGAGTTCAG,11,419703
acrZp,0.4,5,4,TATCCCCAAGGTTAATATAA,1,459439
acrZp,6.0,33,4,TAGTTGCAGCTGCGTCTGAC,29,414710
acrZp,1.6,11,4,TAGGTTAAACGAAAAGAGGT,7,448278
acrZp,3.6,21,4,TAGGCATTACCGTTCGGCGA,17,461854
acrZp,3.4,20,4,TAGCCTGCTAACTCTGTGTT,16,451811
acrZp,2.4,15,4,TAGCATCTTCCAAGTGGGGT,11,426048
acrZp,16.6,86,4,TAGCAGCCCAGCACACCCGT,82,450310
acrZp,2.2,14,4,TAGCAATTCCGCTAATTATG,10,444731
acrZp,4.8,27,4,TAGATGTGTCTGAATAACTA,23,428804
acrZp,3.0,18,4,TAGACCACAAGGCGGTCACA,14,410422
acrZp,8.6,46,4,TAGACAGCTAGCAGCACGGC,42,457346
acrZp,2.4,15,4,TAGAATTAGCTTAGTAATTG,11,456930
acrZp,3.4,20,4,TACTGGAGACGGTACAGTAA,16,457853
acrZp,1.2,9,4,TACGGTCCACCTTTTGGCAT,5,459591
acrZp,2.2,14,4,TACGGGACTCTGTGCATAAA,10,427174
acrZp,0.4,5,4,TACGCTACAACTTTTACGAA,1,440188
acrZp,3.6,21,4,TACAGTCACTGCCACCCAAG,17,434565
acrZp,19.0,98,4,TACAGCCGCGGTGTTACCTA,94,450311
acrZp,0.4,5,4,TACACAGAACAAGCAAGCTA,1,436703
acrZp,5.4,30,4,TACACACCGGTGATAGTAAG,26,423431
acrZp,0.4,5,4,TAATGTTAAGGCACTTCTGT,1,440093
acrZp,3.8,22,4,TAAGATGTCTGGTCGCCATT,18,416901
acrZp,3.0,18,4,TAAGAAGCGTGCATACGACG,14,424248
acrZp,8.8,47,4,TAAGAACTTCCAACCCCCGT,43,420771
acrZp,8.6,46,4,TAACGGCGGATCGTCAGATT,42,466882
acrZp,3.4,20,4,TAACCCACCATGTTCAAGCT,16,450221
acrZp,4.2,24,4,TAACAGAACGTAGGAACACT,20,451184
acrZp,2.0,13,4,TAAAGGTGGGCACGATGGGA,9,458576
acrZp,0.4,5,4,GTTTGTAACCTGCAAGTCAG,1,428244
acrZp,4.0,23,4,GTTTCTAGTCACATTGAGGA,19,416316
acrZp,0.4,5,4,GTTTCCCCACCAGCATTCAA,1,462914
acrZp,7.4,40,4,GTTTAGCCACAGTCTAGGCT,36,467467
acrZp,7.0,38,4,GTTGTTTTCTATCAGTAGAA,34,452646
acrZp,5.2,29,4,GTTGTAGTTTTCGAACGAAT,25,445719
acrZp,2.6,16,4,GTTGGTAAGTCATGCAGAAC,12,410142
acrZp,2.8,17,4,GTTGGCCGTGGTTGCGCGTT,13,463262
acrZp,12.0,63,4,GTTGAGGGTAGACAAACGCA,59,432648
acrZp,20.6,106,4,GTTGACCTACCAGGGGGTCC,102,460969
acrZp,1.8,12,4,GTTCTTTGGCTACGTGAGAC,8,421531
acrZp,4.2,24,4,GTTCTGGGTGCGGTCAATGG,20,427842
acrZp,0.8,7,4,GTTCGTCCTGGATTTTCTCC,3,427609
acrZp,6.6,36,4,GTTCCATAAGCTGTACAAAG,32,451656
acrZp,6.0,33,4,GTTAATCCCGTCTAACACAT,29,450913
acrZp,3.8,22,4,GTGGTCACGCAATTAGCCGG,18,465505
acrZp,0.4,5,4,GTGGGACCCACAGGTGGACG,1,437041
acrZp,4.2,24,4,GTGGCCCGAACTGTACTTGT,20,466223
acrZp,4.8,27,4,GTGCTGGTGCTCTCTTCGGG,23,417128
acrZp,3.4,20,4,GTGCTACTTACTGGGCAGAT,16,455885
acrZp,4.6,26,4,GTGCGTTCGATGTCTGAATG,22,449155
acrZp,3.4,20,4,GTGCCTCGATAGTGAGTCAG,16,416685
acrZp,4.0,23,4,GTGCATCATTCGCGGTTATA,19,451212
acrZp,4.2,24,4,GTGATTCACGGAGTGCACTA,20,432217
acrZp,2.8,17,4,GTGATGGTGACCAGACACTT,13,413927
acrZp,2.6,16,4,GTGAGCAACCCCCCAATACG,12,436631
acrZp,0.4,5,4,GTCTTTACCTACATATATAT,1,425548
acrZp,4.0,23,4,GTCTGCCACCCCGTTGTGCA,19,409149
acrZp,0.4,5,4,GTCTGCATCGACCAGTTACT,1,421720
acrZp,3.6,21,4,GTCTCTCTTCCGGGGCTTAT,17,431679
acrZp,2.0,13,4,GTCTATGAAGCCCAGCGGTA,9,460915
acrZp,0.4,5,4,GTCGGATCACGTGGTGGAAT,1,442246
acrZp,2.8,17,4,GTCCTATTCCCGCCCCATAG,13,447050
acrZp,0.4,5,4,GTCCGTCAAGCTTGAACTGC,1,422030
acrZp,3.6,21,4,GTCCGGTATGGAGAATAGTA,17,424726
acrZp,2.4,15,4,GTCCGGCTTTTCCTTATAAT,11,419338
acrZp,5.4,30,4,GTCATTCGCAATCTGAGCTA,26,417364
acrZp,3.0,18,4,GTCAGCCAAGGTTTTCGTAA,14,438676
acrZp,1.8,12,4,GTCAATTTACTTCCATTATC,8,466558
acrZp,8.2,44,4,GTATATCAATGCGGAGCGAT,40,431012
acrZp,3.6,21,4,GTATACGACGCTTAGGACGA,17,455916
acrZp,8.2,44,4,GTAGGAGTCGTAACTGGCAT,40,450878
acrZp,2.6,16,4,GTACTTGAAGTCTGACTGTC,12,425163
acrZp,2.4,15,4,GTAACAATTACAGCGCACGT,11,448961
acrZp,3.0,18,4,GGTTAAAATGGTCGCTCGCA,14,463207
acrZp,2.2,14,4,GGTGTCTTCGCCAAAGAGAA,10,420410
acrZp,2.2,14,4,GGTGCGAGCTATCGATGCAA,10,411798
acrZp,3.0,18,4,GGTCTACCAGTTGACTCATT,14,445293
acrZp,3.4,20,4,GGTCGTGAGGTAGTCCCGTC,16,410074
acrZp,4.6,26,4,GGTCGATAAGCAGACCTTGA,22,443493
acrZp,2.8,17,4,GGTAAAATCGCGCGTTGTAT,13,454339
acrZp,3.6,21,4,GGGTGGAAGGGCGTTCTTTG,17,450729
acrZp,4.2,24,4,GGGTCACAAACAGATCTAAA,20,445887
acrZp,4.0,23,4,GGGTATCGGCAGCCTCCTCA,19,465812
acrZp,2.6,16,4,GGGTAACGTGAAGTCTACTG,12,429053
acrZp,4.8,27,4,GGGCCTGCCTCTAGTGGCGG,23,462484
acrZp,2.2,14,4,GGGCCTCAAAGCGAAGTCAA,10,438736
acrZp,5.4,30,4,GGGCCGGTGGATGCTGATCT,26,444383
acrZp,0.6,6,4,GGCTTTTTTCATCCGCAGTG,2,414058
acrZp,2.2,14,4,GGCTTCTTACCTCGAGTCAT,10,431597
acrZp,1.2,9,4,GGCTCCTGCCGGCCTACATC,5,464293
acrZp,3.2,19,4,GGCTATCTATACCTGATGGC,15,446273
acrZp,4.6,26,4,GGCTACGCGGACCCGGAGGC,22,410760
acrZp,4.2,24,4,GGCTACCTTTTACTTGTAGA,20,463138
acrZp,7.0,38,4,GGCTACATCCCAGGACTCAT,34,441862
acrZp,8.0,43,4,GGCCGGTTCTCTATCCCATG,39,450302
acrZp,1.6,11,4,GGCCGGAGGCAACCGGAAAT,7,409010
acrZp,2.8,17,4,GGCCATGTATCACATGGGCC,13,409484
acrZp,4.0,23,4,GGCCAAGGTGCGTGTCCCGC,19,461742
acrZp,2.4,15,4,GGCATTGCAGTTCCCGGAAC,11,435961
acrZp,0.4,5,4,GGATTCGAATCCGTAGGAAA,1,452629
acrZp,4.2,24,4,GGATCACCCCCTGATAGTCA,20,430146
acrZp,19.6,101,4,GGATATGATCCCTTCAAGGG,97,466458
acrZp,2.4,15,4,GGACGATCACCATAGTCAAT,11,444379
acrZp,6.6,36,4,GGACCCGTGTGGCCTAGTTA,32,457786
acrZp,5.0,28,4,GGACCAGAACTACTCAGTAG,24,463748
acrZp,2.0,13,4,GGAATAGTGGGCTACGGTGG,9,463792
acrZp,12.2,64,4,GGAACCAGGGTCCTCATTCG,60,465652
acrZp,0.4,5,4,GCTTTGACCACTTGATTCCA,1,448181
acrZp,2.0,13,4,GCTTGACATCTATGATACCC,9,410871
acrZp,3.2,19,4,GCTGGGAAGAGCACGTCACA,15,409113
acrZp,1.6,11,4,GCTCTAATCTCAGGTCCTGT,7,460009
acrZp,2.2,14,4,GCTCGACGCTGGATGCAAAC,10,448215
acrZp,2.8,17,4,GCTCCATCCCATAGGGTTTA,13,429734
acrZp,42.6,216,4,GCGTGGATCGTCCGCATCTC,212,408836
acrZp,7.2,39,4,GCGTGAAGAAGATCGTGATC,35,417833
acrZp,1.2,9,4,GCGTAGCAAAATGACCACAG,5,440150
acrZp,4.0,23,4,GCGGCTACCACAAATTTTAT,19,459532
acrZp,1.8,12,4,GCGGCTAAACTAAGCAGGCA,8,431430
acrZp,3.2,19,4,GCGCTCGAACGTGTCAATGT,15,415319
acrZp,3.6,21,4,GCGCCCTTTATGAATTGACA,17,454692
acrZp,0.4,5,4,GCGAGGACCTTCCTCCCATA,1,453604
acrZp,3.0,18,4,GCCCTTTATGGAAAGGTGGT,14,438795
acrZp,2.2,14,4,GCCAAGGGTCGAATCAATCG,10,438933
acrZp,3.8,22,4,GCCAAGCGAGTGAATACACA,18,460093
acrZp,2.2,14,4,GCATTCGGGGTCCCGCAGAT,10,431593
acrZp,9.8,52,4,GCATGTTCCGAGCGATCGTA,48,428370
acrZp,4.0,23,4,GCAGCAAGAAAGTGCTCGAA,19,451399
acrZp,2.8,17,4,GCACATCTGTGTGACCCTCA,13,453528
acrZp,0.4,5,4,GCACATCATTCAGGCTTTGG,1,461038
acrZp,3.8,22,4,GCAAAGATAACTGTAGAAAA,18,416460
acrZp,4.4,25,4,GATTGTACGCATCGAGAGTC,21,450306
acrZp,4.2,24,4,GATTCCTAAAAAACGTGAAC,20,448013
acrZp,8.2,44,4,GATGTGATCCCAAGTCCGCA,40,414920
acrZp,0.4,5,4,GATGATTAAAGCAGCAAACA,1,435964
acrZp,3.2,19,4,GATCCGTTCACTCGCGCGTA,15,422471
acrZp,6.4,35,4,GATCCAGACCGTATGTACCT,31,423330
acrZp,10.6,56,4,GATATGGTTATGTAGCGTTT,52,445811
acrZp,3.4,20,4,GATACATTTTGTTGTGCTGT,16,451753
acrZp,3.8,22,4,GATACACGCGCCTCGGTAAA,18,420513
acrZp,4.8,27,4,GATACAACGCATACGCGGAT,23,462553
acrZp,0.4,5,4,GAGTGGGCGCATTTCCTCAC,1,426593
acrZp,2.2,14,4,GAGGTGGGGGTAGAGTAATT,10,454388
acrZp,5.4,30,4,GAGGGGCAAACTATGAGATG,26,447649
acrZp,10.8,57,4,GAGGGCCATAGTTGTTAACG,53,415803
acrZp,7.4,40,4,GAGCTGGACCGGGCGTCAGG,36,439171
acrZp,11.2,59,4,GAGATACCGTGGCCTATCCC,55,413915
acrZp,0.4,5,4,GACTGTCCCCCCAGCTGAAG,1,462984
acrZp,2.4,15,4,GACGTGGAGGACTTGACGTC,11,466975
acrZp,7.8,42,4,GACGTAACGACCTCGGCGTA,38,439240
acrZp,3.2,19,4,GACCGCTCAGTCGTAACAGA,15,432929
acrZp,4.0,23,4,CTTGTACACAATAGAATGAA,19,409445
acrZp,5.0,28,4,CTTGCAGTTGCGAGTGATAA,24,440750
acrZp,3.8,22,4,CTTGATGTGTCTGGATTAGG,18,447257
acrZp,2.6,16,4,CTTCCGTATTAGAGACGGCA,12,438062
acrZp,1.0,8,4,CTTCCAGTGTTGTTATAGAT,4,425196
acrZp,5.8,32,4,CTTCAGCAGCAGGCCCTGGT,28,459609
acrZp,3.6,21,4,CTTCAAGGCTCTTGAAACCT,17,434572
acrZp,2.8,17,4,CTTACCAATAGCTGTGTACC,13,437187
acrZp,2.4,15,4,CTGTCTAAGCGAGTAAACTT,11,412542
acrZp,3.6,21,4,CTGTATACTTGCGTGTCAGT,17,459130
acrZp,4.6,26,4,CTGGGGTCTTAGTGGTTATG,22,421899
acrZp,3.6,21,4,CTGGACTAGGGCGAACAGTA,17,415154
acrZp,2.8,17,4,CTGCCAGCCCGGCTACTGCC,13,416759
acrZp,2.6,16,4,CTGATCCGCATCCGAGCCGT,12,438928
acrZp,4.6,26,4,CTGAGGGTCAACAATAAGCC,22,454965
acrZp,3.2,19,4,CTGACGAAAGTTAGACGCCT,15,409201
acrZp,3.2,19,4,CTCATGAAGAGCCTAGACTT,15,437396
acrZp,4.2,24,4,CTCAGTACGCGACTGTTTGA,20,415355
acrZp,2.4,15,4,CTCACCGAAGCCCGGATCAT,11,455708
acrZp,3.4,20,4,CTCAATATGAAGATGCGACT,16,443826
acrZp,3.8,22,4,CTAGACCACACGAATGAAAG,18,460350
acrZp,1.6,11,4,CTACTTGATGAGGTTTGCTC,7,448135
acrZp,2.0,13,4,CTAATAATGATAATGCCAAG,9,418330
acrZp,1.2,9,4,CTAACTGATCGAATCGTTTT,5,454744
acrZp,3.6,21,4,CGTTGGTCTGGGATTACCAT,17,464986
acrZp,4.0,23,4,CGTTGCGCGTAGTGTGTAAA,19,450219
acrZp,9.6,51,4,CGTTATAAAAACTTAGAGCT,47,433251
acrZp,0.4,5,4,CGTCTTAAATTATATGTCCT,1,415617
acrZp,0.6,6,4,CGTCTCGCTCACCACCGTAC,2,429530
acrZp,4.4,25,4,CGTCCCTCTGGAGCCGTTTT,21,442062
acrZp,2.6,16,4,CGTCATAGTGGTAATAGGTA,12,409285
acrZp,4.2,24,4,CGTATATTACATCACTTTGA,20,421877
acrZp,5.2,29,4,CGTACATCATGTGAGGTTAG,25,422157
acrZp,8.8,47,4,CGTACAGATTTCGCAGGCCA,43,432184
acrZp,4.8,27,4,CGTAACTGCCAGCCTTAAGC,23,466155
acrZp,4.8,27,4,CGGTGTTCTGCTCAACCGAT,23,415258
acrZp,4.8,27,4,CGGTACACTTGATATGGTAA,23,429099
acrZp,1.6,11,4,CGGCGTCCTTTCCGCTCACC,7,457439
acrZp,4.2,24,4,CGGACCCTGAGTGATTGGCA,20,445890
acrZp,3.4,20,4,CGGAAGTGTGCGAGGCATCT,16,450393
acrZp,1.0,8,4,CGCTTGCCGCCGTAGACTTA,4,452868
acrZp,15.6,81,4,CGCTTCCACGTATCAACGAA,77,458386
acrZp,3.8,22,4,CGCGGGCCTTCTTGAAGGAG,18,465696
acrZp,8.0,43,4,CGCGGCATACCTTCTATGTA,39,434588
acrZp,0.4,5,4,CGCGATACCATCTTCCAAAA,1,439930
acrZp,0.8,7,4,CGCGAACACTCCCCGGTCGA,3,446703
acrZp,0.4,5,4,CGCCGCTCAACGCTTGCTTC,1,417990
acrZp,4.6,26,4,CGATGCTAAAAAGAAGGCAT,22,425299
acrZp,2.6,16,4,CGATCGCAGTTTAACGGATT,12,431580
acrZp,5.2,29,4,CGAATAAGCTTTCCGTAAGA,25,457886
acrZp,3.4,20,4,CGAAGCGATCGTCTCGGGAT,16,466119
acrZp,3.0,18,4,CGAACTATTTGATTACGATG,14,452537
acrZp,2.6,16,4,CGAACGGCTTGGTCGGGATC,12,451406
acrZp,5.8,32,4,CCTGTCTCCCACGACTGAGA,28,418487
acrZp,4.4,25,4,CCTGTCATGAACACAGCAAG,21,422281
acrZp,4.2,24,4,CCTGTACATACGCCAGAGCC,20,455928
acrZp,2.8,17,4,CCTGGATATCCGGTTCGTGA,13,462452
acrZp,5.0,28,4,CCTGCTAGGCCACACAGCTA,24,436335
acrZp,3.8,22,4,CCTGCCGATCTCCGTTATCT,18,445007
acrZp,4.0,23,4,CCTCCGGCAACCTATTTCGA,19,460021
acrZp,1.8,12,4,CCTCAGCCGCGCCTTGCACC,8,431864
acrZp,0.4,5,4,CCTATCAAAACGAAGCGGAT,1,424240
acrZp,5.0,28,4,CCTAGTTAACAGTTGACCTG,24,436735
acrZp,3.0,18,4,CCGTCTCGGGGTGAATCATT,14,457377
acrZp,0.4,5,4,CCGTCGCCACGTGATGGATC,1,465417
acrZp,3.0,18,4,CCGGCCGTGAGTAGACACGG,14,448958
acrZp,2.2,14,4,CCGCGTTTTTATAAAATCGA,10,447608
acrZp,5.0,28,4,CCGCCCTTGGTGGCTACTCA,24,425715
acrZp,2.0,13,4,CCGCAAAGGAAAGTTCGGTA,9,440933
acrZp,3.8,22,4,CCGACTTGAAGAAGAGAGTC,18,435514
acrZp,3.4,20,4,CCGAATCTCGTACATCCAAT,16,437345
acrZp,4.4,25,4,CCCTTAGTAGACGCAAGCAT,21,447893
acrZp,1.8,12,4,CCCTGTAGTTAGATTGAGTC,8,463591
acrZp,2.2,14,4,CCCGAATTCGGGGGAGCTCT,10,410840
acrZp,5.8,32,4,CCCCTAATGAATTTAAGATA,28,453566
acrZp,16.0,83,4,CCCCCGCCGAGTCGTAGTAA,79,425330
acrZp,2.8,17,4,CCCCCCTGGTATCGGAGGCA,13,448034
acrZp,1.4,10,4,CCCAGGGACTAGATGAGAAT,6,417813
acrZp,4.0,23,4,CCCAACGCCGTTGTATCATA,19,452832
acrZp,5.4,30,4,CCATGACTCTACCGGCCATC,26,464441
acrZp,4.8,27,4,CCAGTCAAGAACAGTTCTGT,23,427389
acrZp,4.6,26,4,CCAGGGGCATTGATTACCCA,22,438486
acrZp,22.2,114,4,CCAGGCCAATTTTTTCTGCA,110,417467
acrZp,5.0,28,4,CCAGAGGGTAATGTCTAACA,24,456671
acrZp,2.6,16,4,CCAGAGAGCTGTATGAACGT,12,442711
acrZp,3.8,22,4,CCAGAGACATCGGCATTCTC,18,453542
acrZp,3.2,19,4,CCACGGACACGAACCGAAAC,15,458516
acrZp,3.6,21,4,CCAATCCGGGTTCGTTGTAG,17,425128
acrZp,7.6,41,4,CCAATCACCAGCAGACCAGA,37,413218
acrZp,3.4,20,4,CCAAGATAGGTATGTTGCAT,16,434047
acrZp,3.8,22,4,CCAAGACACGGGTCGCCCTG,18,437579
acrZp,4.4,25,4,CATTGTGCTTGGTCAAGAAA,21,433945
acrZp,3.2,19,4,CATTGCTCCTTAGAGTGTGA,15,438965
acrZp,7.4,40,4,CATTAGTCTCCTTAGATACC,36,467229
acrZp,3.2,19,4,CATGTCACACGGTCGAGGGT,15,431341
acrZp,4.4,25,4,CATGCCTCCTTGCGGAACGT,21,449318
acrZp,1.4,10,4,CATGCAGTAGCTCCCAAAAA,6,443870
acrZp,2.4,15,4,CATGCAGACCAAAAGATTAA,11,436030
acrZp,1.6,11,4,CATGATTTCACTGACTGGAA,7,428880
acrZp,1.4,10,4,CATCAGGGCTCTTTTATTAG,6,449442
acrZp,2.6,16,4,CAGTCGTTAGGCGAAGCCGA,12,437045
acrZp,5.8,32,4,CAGTAGCGATGATAATGTAT,28,414192
acrZp,2.4,15,4,CAGGTTCTGGGTACGAGACA,11,444155
acrZp,8.2,44,4,CAGGTCGTGCGGCCATCGAA,40,459939
acrZp,1.4,10,4,CAGGGTTAAATGATAAATTT,6,456937
acrZp,0.4,5,4,CAGATGCTAGAAGTATGACT,1,450532
acrZp,2.6,16,4,CAGATGAACGTAACCATAGA,12,437046
acrZp,0.4,5,4,CAGAACCCGCTCTCCCAGGG,1,452998
acrZp,3.0,18,4,CACGTGCGAACATGGTACAA,14,428039
acrZp,4.0,23,4,CACGGTCCCATAACTGGTGG,19,438920
acrZp,2.2,14,4,CACCCAATGGTGGAACCCTT,10,426216
acrZp,4.2,24,4,CACAGTATCTCGGAAATACG,20,446714
acrZp,4.6,26,4,CACAGGTCTCAAATATTAAG,22,457796
acrZp,6.8,37,4,CAATATAGGGTTGGTACTAG,33,447224
acrZp,9.2,49,4,CAAGGTGGGATAGTCGCGAC,45,450732
acrZp,4.6,26,4,CAAGCCTCTTTATGTGATGG,22,446722
acrZp,6.0,33,4,CAAACTTCGAGGTCAAACTT,29,438737
acrZp,4.8,27,4,CAAACCCCACTTCAGAAGCG,23,458666
acrZp,4.4,25,4,ATTGTGAGTAAGTTACTTTT,21,417192
acrZp,8.4,45,4,ATTCGAACTATTGGCAGGTA,41,447237
acrZp,3.4,20,4,ATTCCTAGTAACCAATGAGT,16,415105
acrZp,5.0,28,4,ATTCCGACGGCTTGCACGAC,24,410614
acrZp,10.4,55,4,ATGGCAGGCGCACATTCGAT,51,435066
acrZp,3.4,20,4,ATGGACGAACAGAGGCGCAA,16,428080
acrZp,4.4,25,4,ATGCTGCCCACTCGAATGCG,21,430894
acrZp,8.6,46,4,ATGATTACATACGGGTAGTT,42,408816
acrZp,8.2,44,4,ATGATGCTCGTGGCTGAACG,40,413195
acrZp,6.2,34,4,ATGAGACCCTTGGACGGCTA,30,467245
acrZp,1.8,12,4,ATGAACTACAACATGGGGAT,8,440738
acrZp,2.0,13,4,ATCTGGCTTTTGTCCGGCCC,9,436773
acrZp,3.2,19,4,ATCTCACTTCTATCGCTGTA,15,457854
acrZp,71.2,359,4,ATCGGGGGAGATTCGTATTT,355,464181
acrZp,2.4,15,4,ATCGCTCAAGCTATGGGAGG,11,430258
acrZp,3.8,22,4,ATATTTACAACTCCTTACGG,18,430935
acrZp,5.0,28,4,ATATATAGACTTACTAGATG,24,416631
acrZp,3.8,22,4,ATAGAACGTACCAAATCCTC,18,462179
acrZp,1.6,11,4,ATACATTGCAGTGCCACGCA,7,452566
acrZp,3.2,19,4,ATACACTCCGCTCTCGAAGC,15,440804
acrZp,2.4,15,4,AGTGTCGCTATCTTGGTTCG,11,425640
acrZp,10.2,54,4,AGTGCACTTGTCGGCCTCAA,50,457602
acrZp,3.8,22,4,AGTCCGCGCGGAGCTGTGCA,18,428954
acrZp,5.4,30,4,AGTCCCCTTCAAAAGCGGGA,26,451176
acrZp,8.4,45,4,AGTCAGTCACGTTGGTAGTG,41,435162
acrZp,4.2,24,4,AGTATTATTTACCTATTTTT,20,459077
acrZp,9.8,52,4,AGGGCAAAACGCAGTGACGG,48,439066
acrZp,3.0,18,4,AGGCTCAGATCGAATTTGGC,14,415253
acrZp,3.2,19,4,AGGCGTGAACATGACGGTGG,15,460147
acrZp,2.2,14,4,AGGCCGGTTATCCGTTGCTA,10,434564
acrZp,2.4,15,4,AGGAAGCCCTAATAACCACC,11,454482
acrZp,2.8,17,4,AGGAACTGGGCAGCTATAAA,13,432124
acrZp,2.8,17,4,AGCTTTATGTCTTCTGGGCT,13,460618
acrZp,12.2,64,4,AGCTCAGTAGGAACAGGGCT,60,436079
acrZp,13.0,68,4,AGCGCTTCTGAATGCACTAC,64,447910
acrZp,10.2,54,4,AGCGAGAGATATTCGAGTCA,50,414357
acrZp,5.4,30,4,AGCCGACTAAACTCCCAGCG,26,431513
acrZp,2.2,14,4,AGCCCGAAAGAAGCCGATCA,10,447298
acrZp,2.6,16,4,AGCCCACTACATTGCGCGAA,12,420407
acrZp,3.4,20,4,AGCCAATCCTAGTCCAGAGG,16,459059
acrZp,4.2,24,4,AGATGTCTGTAATACAGCTT,20,447754
acrZp,1.8,12,4,AGATGTACAGGAAGGCCGGT,8,435403
acrZp,2.8,17,4,AGACGGCGATTGGACGTGTG,13,454063
acrZp,1.8,12,4,ACTTTTGGCGGGGACCAGAC,8,421602
acrZp,3.6,21,4,ACTTTGACACGACGACAAGT,17,436651
acrZp,7.4,40,4,ACTTTATAGAACAACGGTAC,36,439244
acrZp,6.2,34,4,ACTTGTGGGTCTTTCACTCG,30,467201
acrZp,3.2,19,4,ACTTATATGATAGTTATAGA,15,446869
acrZp,2.2,14,4,ACTTACAGTTTCGCCCGGAT,10,411723
acrZp,12.6,66,4,ACTGGTCATATCGGACTGCT,62,464136
acrZp,12.6,66,4,ACTGACGACGTGTGTCTTCA,62,441748
acrZp,0.4,5,4,ACTCGTGTTGCCTAATTTAT,1,419783
acrZp,3.8,22,4,ACTCGTGGTTAGGCGTTACC,18,443804
acrZp,7.8,42,4,ACTCAAACGACCGCTCGAAG,38,417732
acrZp,0.4,5,4,ACTAAGCTGCAAAACTAGCA,1,415762
acrZp,4.2,24,4,ACGGTTCGGGAGGTAAGCGC,20,410507
acrZp,14.0,73,4,ACGCTCGGAGTTGCCCGAAC,69,411778
acrZp,18.0,93,4,ACGCGCTTGGATGCGATTAA,89,420455
acrZp,0.6,6,4,ACGCGATGAACTAATTCCGG,2,448463
acrZp,1.4,10,4,ACGCCTCACGCATGACCTTC,6,434292
acrZp,8.0,43,4,ACCTGGATATGAGCATTCTA,39,458978
acrZp,2.4,15,4,ACCGAATTGGATCATCGGTA,11,442978
acrZp,3.4,20,4,ACCCCGTTGGGTAGTCAATT,16,454208
acrZp,5.0,28,4,ACCAAGCGGCGAACCCCAGA,24,413065
acrZp,1.8,12,4,ACATTAACGGGCAAAACGTA,8,464008
acrZp,3.6,21,4,ACATGTGATAGTAAGTTTTG,17,441865
acrZp,4.4,25,4,ACAGTCCAATGACGAAATAT,21,455046
acrZp,3.0,18,4,ACAGCGAATTTCTACTGAAC,14,435590
acrZp,3.0,18,4,ACACTGAGGATCACTCCTAA,14,418972
acrZp,4.4,25,4,ACAACTCTCTTGTACTAAAC,21,454186
acrZp,4.0,23,4,ACAACAGTCTTTGGTCCTGA,19,457475
acrZp,2.2,14,4,ACAAATTTCATTCAGGCGTC,10,443098
acrZp,0.4,5,4,ACAAATTACTTCTTCCACTC,1,443388
acrZp,2.8,17,4,AATTTATCTCGGCACCCCGG,13,414595
acrZp,5.2,29,4,AATTCATGTTTCTTACTTTG,25,461097
acrZp,1.8,12,4,AATTAACGAAGGATTAAAAA,8,456547
acrZp,2.6,16,4,AATCGGTACAGGACGGCAAA,12,432312
acrZp,5.6,31,4,AATCCCCATCGTCATTGAGA,27,463638
acrZp,4.8,27,4,AATATGCCTATGAAGAGTCG,23,428710
acrZp,3.4,20,4,AATAACGTCGGTAACGATAA,16,460561
acrZp,3.6,21,4,AAGGGCTGTGGTGGCCATAT,17,432738
acrZp,3.0,18,4,AAGGATTTGGTGAACCACCC,14,420945
acrZp,4.4,25,4,AAGCTCTTTCGGGCAGTATT,21,417433
acrZp,3.0,18,4,AAGCTCGCCGAGCCCCTGAT,14,460308
acrZp,3.6,21,4,AAGCCCGCATTACTAGAATA,17,415581
acrZp,3.8,22,4,AAGACTGTTGTAGCGTCGGT,18,466672
acrZp,0.4,5,4,AAGACTCAGCTAACGGTGAG,1,433571
acrZp,1.6,11,4,AACTTGCCAGACGCACGTTA,7,427490
acrZp,3.0,18,4,AACCCAAGGTAAATAACATC,14,424670
acrZp,3.4,20,4,AAATTTGGAACTCAAGCTAA,16,461839
acrZp,2.6,16,4,AAATTCTCGGGTGGTCGATT,12,425644
acrZp,4.2,24,4,AAATCGCTTTTCCTTACGAT,20,449038
acrZp,7.2,39,4,AAATACGCGTTTTGACCATA,35,463540
acrZp,5.2,29,4,AAAGTTAAAGTTTCAGTATA,25,416811
acrZp,3.4,20,4,AAAGGTGTCTCCGCGGGTTG,16,449077
acrZp,2.8,17,4,AAAGCCGTGAATAGTATATC,13,416208
acrZp,2.0,13,4,AAACTGAGTACGCCCCCTGA,9,440239
acrZp,3.2,19,4,AAACGCAGTTCAAAGGGGCT,15,461987
acrZp,1.8,12,4,AAAATCGTGCGCCAATCAGA,8,461229
acrZp,0.5,4,3,TTTTTAGCTTAAGTGTGTTA,1,427755
acrZp,4.25,19,3,TTTTGTTTCTCCGGCGTCTA,16,445276
acrZp,6.5,28,3,TTTTCAAAGTTACTTGAGCC,25,435439
acrZp,11.0,46,3,TTTGGTCGTAGGTCCACTAT,43,438301
acrZp,0.5,4,3,TTTGGCCACTTATGAGCATG,1,434532
acrZp,5.75,25,3,TTTCTGTAGAGGTAAGTACG,22,436082
acrZp,3.5,16,3,TTTATGGTGAACAGGTCCTA,13,444471
acrZp,12.5,52,3,TTTATACATAATTTAAACTG,49,465905
acrZp,6.75,29,3,TTTACACCTGGATAACTGTG,26,458257
acrZp,5.0,22,3,TTGTGTGCACTGATGCAGCA,19,415808
acrZp,1.75,9,3,TTGTGCGCGTAAATTTATTC,6,415273
acrZp,2.75,13,3,TTGTCTAGGACAAACAGCTC,10,433149
acrZp,1.0,6,3,TTGGTCGTGCGCGGTCTTTT,3,419091
acrZp,1.75,9,3,TTGGAGCGTCTGTCCTACAC,6,449971
acrZp,3.25,15,3,TTGGACCACCATCGAATCTG,12,434488
acrZp,2.0,10,3,TTGCTTTCTTGTCTGGTAAA,7,417452
acrZp,5.75,25,3,TTGCTATACGGAAATCGGCT,22,452054
acrZp,4.5,20,3,TTGCGTCAGCCTTGGCTAGT,17,453743
acrZp,10.0,42,3,TTGCACCAGACGTCAGCCTG,39,437800
acrZp,6.0,26,3,TTGAGATCAGTCCACACTGG,23,416502
acrZp,6.5,28,3,TTGAACCCTCTCTACAGGGA,25,453054
acrZp,0.5,4,3,TTGAACAGAAGTGCTTGGGT,1,423251
acrZp,4.75,21,3,TTCTGTCTTTTTAACTCATC,18,414169
acrZp,19.0,78,3,TTCTAGCAAGGTGCAGTGCG,75,456551
acrZp,3.25,15,3,TTCGGGTAGGAATACATTCG,12,436693
acrZp,3.0,14,3,TTCCTGGGTAATGGAGCACT,11,431768
acrZp,4.75,21,3,TTCCTATTCTTCCAATACCC,18,419757
acrZp,5.0,22,3,TTCATTGGGATTATCGGGAT,19,458825
acrZp,3.75,17,3,TTCAACATCTTAAATTTTCT,14,446363
acrZp,7.25,31,3,TTATGCAGAGCGTTTTTCTT,28,417446
acrZp,9.75,41,3,TTAGTGTGTCGCCCGCTGTT,38,449604
acrZp,3.0,14,3,TTAGGGATAACCAAGACAGA,11,463011
acrZp,2.75,13,3,TTAGCCAGTATAGGGTTTTA,10,418843
acrZp,16.0,66,3,TTAGATCTGTTTGTAAAGTC,63,445525
acrZp,11.25,47,3,TTACCTGGTACAACCATTAG,44,446823
acrZp,5.75,25,3,TTAATTGCGCACCGTTGAGT,22,439571
acrZp,3.5,16,3,TTAACAGCCTTTTTCGCCAA,13,459603
acrZp,5.75,25,3,TTAAAAGGTTTACCTTGCTA,22,423028
acrZp,2.75,13,3,TGTTTGCCAAAGGGGGACCT,10,413205
acrZp,1.75,9,3,TGTTACGACGGACGATACTA,6,425022
acrZp,4.25,19,3,TGTGGTCCGGTAATTGCGAC,16,420846
acrZp,5.25,23,3,TGTGCGGTAAGGGTAAGGTC,20,413217
acrZp,10.75,45,3,TGTGCAGGTGAAGCTTTAGA,42,460209
acrZp,6.5,28,3,TGTCTTGAATCAGCTCAGTC,25,435009
acrZp,18.25,75,3,TGTCAGATGCGGAGTCAGCT,72,464164
acrZp,3.25,15,3,TGTAGGCGACCGCGGGTTAT,12,461573
acrZp,3.5,16,3,TGTACTGTACATCGTGCCCA,13,418925
acrZp,7.75,33,3,TGTAATCATTCGTTAAAGTA,30,439866
acrZp,3.5,16,3,TGGTGCGACTGCTAGTATTC,13,450777
acrZp,4.0,18,3,TGGTAGTATCGATGGAGTGA,15,466374
acrZp,4.75,21,3,TGGGTGGCTGAGCCCTGGAC,18,464799
acrZp,6.5,28,3,TGGCTGTAAAACAGGCAGAA,25,465996
acrZp,4.25,19,3,TGGCTGCACCTATGAGACCA,16,458265
acrZp,7.0,30,3,TGCTCCGATAGAGCACGCAA,27,458463
acrZp,1.0,6,3,TGCGAGTACCAGCAGAAGCT,3,448343
acrZp,8.75,37,3,TGCCTGGTCTGGCTTCTTAC,34,410340
acrZp,8.25,35,3,TGCCTGCAGCTCCTTGATGG,32,444873
acrZp,0.75,5,3,TGCACGGTGAAAATTGTAAA,2,451711
acrZp,9.5,40,3,TGATTTTCTCAGGATGACTT,37,418658
acrZp,5.5,24,3,TGAGTTCTATAGCGTTCATC,21,457035
acrZp,1.5,8,3,TGAGTTACGAGGTCGCCTAC,5,447396
acrZp,2.75,13,3,TGAATCCCAATCCTCTCGTC,10,463491
acrZp,5.5,24,3,TGAACGACATTCTTACATAG,21,443726
acrZp,9.75,41,3,TCTTGATGATCGGGTATTAG,38,433365
acrZp,2.75,13,3,TCTTCTCTTTATTAACAGAT,10,427634
acrZp,1.5,8,3,TCTTATCGCCAAATACGCGG,5,419574
acrZp,2.5,12,3,TCTGATCGGCCGGTTACATA,9,435591
acrZp,2.0,10,3,TCTGATAGGTCACATCTGCA,7,421834
acrZp,27.0,110,3,TCTCTCAAGCTGCTCTTATT,107,456673
acrZp,3.75,17,3,TCTCCTTCACGAGCACGTCT,14,463477
acrZp,4.0,18,3,TCTAGGGCACCACATGCAGT,15,465101
acrZp,10.25,43,3,TCTAAGATTTCCACAAACTC,40,459508
acrZp,1.5,8,3,TCTAAGAAAGGGGCCTAACT,5,427777
acrZp,3.25,15,3,TCGTGTAAGAACGTACGATA,12,446986
acrZp,27.25,111,3,TCGTGGTTCACTTGGTGGTT,108,467123
acrZp,3.25,15,3,TCGTACCGACCGCCCGCTAT,12,409654
acrZp,5.25,23,3,TCGGTCACGAAGTTTATTGA,20,465519
acrZp,9.5,40,3,TCGGTAACATTTCCTACAAC,37,444786
acrZp,10.0,42,3,TCGGCGGTGGGTCGCACCTT,39,466992
acrZp,0.5,4,3,TCGCGACTACATTCCGCGTG,1,457999
acrZp,4.5,20,3,TCGCATTCGAATACCTAAGC,17,429027
acrZp,3.25,15,3,TCGAGTACTACCGGCGCACG,12,454266
acrZp,4.0,18,3,TCGAAATATGACGTAAGAGT,15,430695
acrZp,0.5,4,3,TCCGGAACTGACAAGGGTTA,1,420185
acrZp,3.0,14,3,TCCGCCAACAACTCCAGCCT,11,450633
acrZp,3.5,16,3,TCCCTAGGAGATGGGTATTA,13,430333
acrZp,1.75,9,3,TCCACGACGCAAAGGTGGCG,6,418678
acrZp,9.25,39,3,TCCAACCTCGAGCGCGGTGA,36,457612
acrZp,3.75,17,3,TCCAAAAGTAATCTAGAGCT,14,466044
acrZp,4.25,19,3,TCATCCCCTCTGGAACCCGC,16,420813
acrZp,4.0,18,3,TCAGTCGTGGAAGCAACCCA,15,441724
acrZp,4.5,20,3,TCAGCATTTGGAAGGCCCGC,17,436893
acrZp,3.25,15,3,TCAGATCGTCCAGAGGGATT,12,456098
acrZp,0.5,4,3,TCAAGGCGTCCAGGCACGGT,1,410912
acrZp,1.5,8,3,TATTCTACATGAGAGTCAAC,5,428802
acrZp,5.75,25,3,TATTATTTCCGGCAATCAGT,22,443894
acrZp,2.75,13,3,TATTACGACGAGTTGCCTTA,10,410777
acrZp,9.0,38,3,TATGCGGTTTCTACAAGAAC,35,451236
acrZp,4.0,18,3,TAGGGAAAGGTGATTCTCTT,15,411088
acrZp,1.25,7,3,TAGGCCTCGCCGCCATGGGT,4,412760
acrZp,26.5,108,3,TAGGACCCCGAACACTGGTG,105,437244
acrZp,6.5,28,3,TAGCGAATGGTAACTGGCTC,25,429070
acrZp,2.5,12,3,TAGCATACCGTCTTCGGTCC,9,414661
acrZp,4.0,18,3,TAGATGTTTGGGAATTCACT,15,442393
acrZp,5.5,24,3,TACTCAGTACGACCGGGAAT,21,420770
acrZp,5.25,23,3,TACTAAGTTACTAACGTGTT,20,428196
acrZp,0.5,4,3,TACGTAAGCTGAAGCGGGCG,1,423319
acrZp,4.75,21,3,TACCCTGCGGATCCTCCGAT,18,410941
acrZp,6.25,27,3,TAATGTTTACTCTGCCTGTC,24,421233
acrZp,0.5,4,3,TAATGTATCGCATTAATGTG,1,409666
acrZp,0.5,4,3,TAATAGAGCTAGTTAGGCGG,1,466159
acrZp,14.25,59,3,TAAGAGTGTGAGCTACCGGT,56,467368
acrZp,6.25,27,3,TAACTAACCCCGTAAAGACC,24,436818
acrZp,14.5,60,3,TAACGGTTGGACTGCCCGAC,57,441637
acrZp,4.25,19,3,TAACAACCAGGACCGGCCTA,16,458360
acrZp,2.75,13,3,TAAAGCCCCTTTTTGAGATC,10,438297
acrZp,5.25,23,3,TAAACGATATGCCATGGATC,20,428522
acrZp,3.5,16,3,TAAACAGTTGCGGTACCCTA,13,432195
acrZp,4.0,18,3,GTTTTTAAGCATGTCATGGT,15,459680
acrZp,4.75,21,3,GTTTTGATTCTGTGTATACT,18,439421
acrZp,1.0,6,3,GTTTCGTACAATAGAATGAG,3,420133
acrZp,3.5,16,3,GTTTAACAGCAGCCAGCGAG,13,419809
acrZp,2.25,11,3,GTTGATACTAAGCAGTGCAG,8,452203
acrZp,10.25,43,3,GTTCCGCGTCATCGGCGCAG,40,431459
acrZp,0.75,5,3,GTGTTCTATCAGTCACGCGC,2,466635
acrZp,5.25,23,3,GTGTTAAGTCTGATCTTGCA,20,432355
acrZp,4.75,21,3,GTGTGGAGTTTTGAAGCGCA,18,449614
acrZp,4.75,21,3,GTGTGATTCGCCTTAAACCG,18,420103
acrZp,2.5,12,3,GTGTAACTTTTAATAGGGGT,9,457933
acrZp,6.0,26,3,GTGGGACGAGTTGCCACGGG,23,417191
acrZp,8.25,35,3,GTGGCTTATGGGAGAAACGA,32,436874
acrZp,4.75,21,3,GTGCTCGCCGGGGAATGGCG,18,414317
acrZp,4.5,20,3,GTGATCACCAGAAGCATGTG,17,434640
acrZp,6.75,29,3,GTGAGACAGCACACTATCCC,26,452847
acrZp,3.5,16,3,GTGAATACGTGTCCAAAGTA,13,446846
acrZp,3.75,17,3,GTGAACGCGAGGTTCTCAGG,14,413639
acrZp,2.0,10,3,GTCTGAAACACATGGGGTCA,7,460020
acrZp,4.75,21,3,GTCTATGATGCCTAACTCGC,18,415763
acrZp,2.5,12,3,GTCGGAGCTTGGTCCATTGC,9,465308
acrZp,5.25,23,3,GTCGATATGCGACGTACAGG,20,412518
acrZp,0.5,4,3,GTCCTAATGCTTTTTCATTA,1,447232
acrZp,6.5,28,3,GTCCATAGGTCATACCGTAC,25,421432
acrZp,1.5,8,3,GTCATCTCGAATAAGACGAT,5,448763
acrZp,3.75,17,3,GTATTTTCGAATTATGGCGT,14,414700
acrZp,3.25,15,3,GTATGCTACGGTGACATGGC,12,443115
acrZp,1.0,6,3,GTATACCGGATGCTGGTCAA,3,464429
acrZp,2.25,11,3,GTATACACAAGTGGCAGGCC,8,458572
acrZp,1.75,9,3,GTACGGTGAGATAATGGACT,6,423042
acrZp,21.0,86,3,GTACGATGACGGTTGCGTAA,83,467359
acrZp,2.25,11,3,GTACGACCACGCGGCAAGGT,8,460902
acrZp,5.0,22,3,GTACCGGACCTTTACGCATT,19,458773
acrZp,1.25,7,3,GTACAGAAGCGTAGTAACAT,4,414703
acrZp,9.0,38,3,GTAAGTTGCTCACAACCTCG,35,421052
acrZp,1.5,8,3,GGTTGGCTCTAGGACGGCTT,5,463180
acrZp,3.25,15,3,GGTGAGGTCGGCCTACGGGT,12,465534
acrZp,13.75,57,3,GGTCCACGTACGGCCTTAAT,54,457863
acrZp,20.25,83,3,GGTATGCTGTCGTCTGCTAT,80,427949
acrZp,14.0,58,3,GGTAGGAAGTCGATGGCCAC,55,425883
acrZp,3.25,15,3,GGGTTCCGGCAAGGCCCGTC,12,455436
acrZp,8.5,36,3,GGGTATCGTAGGTATGACGC,33,430977
acrZp,6.75,29,3,GGGGCATTGAGTCTCTTCCT,26,438786
acrZp,1.75,9,3,GGGGAAGCTTATTATGGTGT,6,449492
acrZp,0.5,4,3,GGGCTGCGACAAGAGGTAGA,1,422821
acrZp,5.25,23,3,GGGCGATATTCTATGCGTGC,20,452985
acrZp,4.75,21,3,GGGCCGGCCTGGGTCATACA,18,413667
acrZp,3.5,16,3,GGGCAAATGGGTCCCCGATG,13,431078
acrZp,6.75,29,3,GGGATGATACCATGCCAGGG,26,420126
acrZp,3.25,15,3,GGCTGGGAGACCTTTTCAGT,12,466270
acrZp,4.25,19,3,GGCTCGTGCAACGGTGAGGT,16,414582
acrZp,6.0,26,3,GGCTAGGATAGGTGGATACA,23,447239
acrZp,6.0,26,3,GGCGTAGGTGAATAGCCTAT,23,456747
acrZp,0.5,4,3,GGCGCTGGCTAGAACAATTA,1,461965
acrZp,4.25,19,3,GGCGCGCCTAATCCGCTAAG,16,425982
acrZp,8.75,37,3,GGCATTCACACCTAACGATA,34,417560
acrZp,10.0,42,3,GGCAATTCCTTGATGCACCA,39,430141
acrZp,3.5,16,3,GGATCAGTCGAGATATCCTT,13,436913
acrZp,7.5,32,3,GGAGACCTTTGTAGAGGGTA,29,408756
acrZp,4.0,18,3,GGAGACATCTTTGTGGTCAT,15,431241
acrZp,3.5,16,3,GGACCGATTGGTCGGTCCAA,13,466353
acrZp,1.0,6,3,GGACAGTTCATTTTAGAAAT,3,422770
acrZp,1.0,6,3,GGACAGTATCTCTTAATGAA,3,458438
acrZp,2.25,11,3,GGAATAATGCTTGCGGAGCG,8,438651
acrZp,2.5,12,3,GGAACGTAGACTCACTAAGC,9,425508
acrZp,6.0,26,3,GGAAATGAGCGATTAGGCGC,23,449365
acrZp,3.75,17,3,GCTTGGGCGGGGGCCTGGGC,14,460970
acrZp,4.0,18,3,GCTCGACAAAATTTGGATAT,15,438770
acrZp,3.25,15,3,GCTCCGTATTCGAGTCACTC,12,445356
acrZp,2.25,11,3,GCTCCAATCGTCCTGGCGAT,8,442819
acrZp,5.25,23,3,GCTACTTCATCCGTTAAGAT,20,467099
acrZp,6.75,29,3,GCGTTAGGACAATTGTGTTG,26,436448
acrZp,2.5,12,3,GCGTCACGCATGGCGGCATA,9,435486
acrZp,0.5,4,3,GCGGGTGTCTTTGTTAATGT,1,434524
acrZp,2.75,13,3,GCGCAACTAATTCTCGTTAT,10,457247
acrZp,4.5,20,3,GCGATGCTTGCCTGATACCA,17,457557
acrZp,13.25,55,3,GCCTTGCGAGCCGACCGTAG,52,408814
acrZp,7.0,30,3,GCCTTCGAGCGATTTCCGCT,27,440138
acrZp,0.5,4,3,GCCTGTGACCAAAGGACCGA,1,416041
acrZp,3.75,17,3,GCCTGTATTAGCCGGTGTTC,14,454371
acrZp,6.0,26,3,GCCAGATTTCTCGTACCCTA,23,442678
acrZp,4.75,21,3,GCCAAATGTTGGGTGGTAGG,18,419464
acrZp,1.0,6,3,GCAAGTCACGCAAAGATTTT,3,414057
acrZp,7.75,33,3,GCAACCTTTATCTTCCTTTT,30,417733
acrZp,11.5,48,3,GATTTCCCTTAGTAAGGGTG,45,416884
acrZp,6.25,27,3,GATTCACGTTTTCTTCCGTA,24,441207
acrZp,5.5,24,3,GATGTTGAAGCCGACCTTAC,21,465226
acrZp,5.0,22,3,GATCCATTAGTTTTTGACAC,19,441462
acrZp,3.25,15,3,GATCATCATCTGATGGAGAC,12,458959
acrZp,2.25,11,3,GATCAGGTGGTTGCTAATTC,8,430270
acrZp,4.75,21,3,GATAGGTACCTCCGAACCAG,18,420739
acrZp,13.0,54,3,GAGTTTGTCTGAAACCGCGA,51,464361
acrZp,0.5,4,3,GAGTCCACCATAGGTAGAAG,1,429423
acrZp,6.0,26,3,GAGGTCATTATACTCAGCAG,23,423553
acrZp,4.25,19,3,GAGCGTCTACAATACTGAAA,16,455496
acrZp,2.25,11,3,GAGCAACGGAGCGGACCGTA,8,436056
acrZp,7.0,30,3,GAGATTTTGAATTAGGAGCT,27,432274
acrZp,6.25,27,3,GAGATTCAAGCTTATCTAAC,24,425674
acrZp,3.0,14,3,GAGAGAGCGGTCACGTAGAC,11,436627
acrZp,1.25,7,3,GAGACGAGATGGACGCTCAT,4,433863
acrZp,5.0,22,3,GACTTGCCAGGTGTCGCTAT,19,412033
acrZp,3.0,14,3,GACTCGTGTACAGTCTGGTC,11,440450
acrZp,2.25,11,3,GACTCGGAGACTCCATTGTA,8,429463
acrZp,5.0,22,3,GACGTTCAGTTCAGTACCCC,19,450488
acrZp,4.0,18,3,GACGGGTACGTCGAGTCGAC,15,417436
acrZp,5.5,24,3,GACCAGAGGCCCGGATTGCC,21,447905
acrZp,40.5,164,3,GAATCCGTCGGTCACGCGAA,161,422661
acrZp,6.25,27,3,GAATATTATGCGGGTGTTTA,24,459691
acrZp,5.5,24,3,GAATAATGGCTACACCGTAT,21,437648
acrZp,0.75,5,3,GAATAAGGAGTCTATAAATT,2,467328
acrZp,84.5,340,3,GAAGCCCCTTGTCGTACATA,337,427937
acrZp,4.0,18,3,GAAGACAGGAGGTAACCGCA,15,413260
acrZp,3.25,15,3,GAAGAAATACTTTCGTAGAG,12,450613
acrZp,2.0,10,3,GAACGCTTGTTTGTACAAGT,7,453467
acrZp,5.75,25,3,CTTTTTCCATATCGGATAGT,22,464437
acrZp,9.0,38,3,CTTTGGCAGGCATCCTGACT,35,413951
acrZp,4.75,21,3,CTTTATGCCGGTTACTCAAA,18,463163
acrZp,3.75,17,3,CTTGTTCCACATTGAAGTTT,14,426937
acrZp,2.25,11,3,CTTCTGCAAGCGTGACTTCT,8,426269
acrZp,4.5,20,3,CTTCTCGCGGTTTAAAGGAC,17,413171
acrZp,4.25,19,3,CTTCGTATTATATTGCGGAT,16,429566
acrZp,4.0,18,3,CTTCGCTGATAAACTCATAC,15,418968
acrZp,2.75,13,3,CTTCCGTGCCGGAGGCTGAG,10,431240
acrZp,5.0,22,3,CTTCAGGGTTGACCTGCACG,19,457301
acrZp,4.0,18,3,CTTACGTCATGTTTGGCGAA,15,448809
acrZp,4.75,21,3,CTTAATCCGAAAATAAAAGC,18,458397
acrZp,4.25,19,3,CTGTCTATCTTTGGTATCGT,16,463726
acrZp,5.5,24,3,CTGTCTAATTGCTACTGGGT,21,447223
acrZp,3.5,16,3,CTGTCGCGGGCGCTGTATAC,13,466883
acrZp,3.75,17,3,CTGTAGGGAAAAAGTGACAG,14,431365
acrZp,2.25,11,3,CTGGACGGCGATTCTCCCCT,8,445165
acrZp,3.75,17,3,CTGGACCGGGCTCCCGTCTC,14,441104
acrZp,4.0,18,3,CTGCTTATTAGATGAATCTT,15,460013
acrZp,0.5,4,3,CTGCTATTTACAACTTCTAC,1,445856
acrZp,7.0,30,3,CTGCGAAAAATCGCGCAAGT,27,422005
acrZp,0.5,4,3,CTGCCCGGTCTCGGCTTTCG,1,415751
acrZp,9.25,39,3,CTGATTGTAACAGGGGCATT,36,450176
acrZp,1.5,8,3,CTGAGTAACCACGAGGTCTT,5,429355
acrZp,6.0,26,3,CTGAGCGGTTCGGCGCACCG,23,434576
acrZp,2.5,12,3,CTCTTGGGGTGCGCTACTGA,9,457500
acrZp,1.0,6,3,CTCTCGTACTGCCAGTGGAC,3,454335
acrZp,6.0,26,3,CTCGAACTAGGGTTCGACCA,23,443257
acrZp,2.75,13,3,CTCGAAATTCAGGCGTTAGA,10,431170
acrZp,1.75,9,3,CTCCGATAGTGGTAGCGAGC,6,412746
acrZp,4.0,18,3,CTCACGTTTAAACTCGGACG,15,429966
acrZp,2.75,13,3,CTATTATATAGCGGGTTGGT,10,454128
acrZp,3.0,14,3,CTAGTTCACCCGGAGTCCTT,11,462537
acrZp,4.25,19,3,CTAGTGCCCATGTATGAGAG,16,416520
acrZp,0.5,4,3,CTAGATCCTTCCCTGTAACT,1,438074
acrZp,2.25,11,3,CTACTTACGGCGACCTCGGT,8,414872
acrZp,5.25,23,3,CTACACGCACATGGTCCCGA,20,434715
acrZp,0.5,4,3,CTAAATGTCGCTCGCACCCT,1,423059
acrZp,1.75,9,3,CGTTTCGGGGGGACTGTTGG,6,419890
acrZp,5.75,25,3,CGTTCGCTCCCATAATCGGA,22,463614
acrZp,5.0,22,3,CGTTAGTGGCTTAAACTCCA,19,445268
acrZp,4.5,20,3,CGTGTAGGCTCATCCCCTTG,17,443040
acrZp,4.5,20,3,CGTGAGTACGGGTTTCTGAT,17,428282
acrZp,6.25,27,3,CGTCTCCAACAGACCCGATA,24,445706
acrZp,4.0,18,3,CGTCGCGGATTGAGTGTTCG,15,433220
acrZp,9.25,39,3,CGTCCGGTCGAGACTGGAAT,36,442744
acrZp,2.0,10,3,CGTCCGCGGCCTAAAGGGAA,7,413503
acrZp,4.0,18,3,CGTCAGAGGCACGTCATTGT,15,437480
acrZp,6.25,27,3,CGGTTGAGAATCGGATTTCC,24,446979
acrZp,2.25,11,3,CGGGTTGCGATTGGACCACA,8,416887
acrZp,0.5,4,3,CGGGGGTACTAATGTATAAG,1,431729
acrZp,1.25,7,3,CGGGCTTATGCTTCGGCTAC,4,448334
acrZp,7.5,32,3,CGGGCGGCAGGGTTCTACGA,29,411963
acrZp,9.25,39,3,CGGCTGACCAGGTACGAAAA,36,420485
acrZp,5.75,25,3,CGGAGAAGAATCCCTAGGCT,22,420354
acrZp,7.25,31,3,CGGAACCCGGCGAGGGAGGG,28,427384
acrZp,2.75,13,3,CGCTGGGCTTTTCCGGATAC,10,422104
acrZp,7.5,32,3,CGCTCTCCTGTATTCGGCGG,29,452655
acrZp,1.25,7,3,CGCTCGTCAGTTTCTGTTTG,4,408804
acrZp,5.25,23,3,CGCTAATCTACGCAACACTC,20,421055
acrZp,5.0,22,3,CGCGTGCCGCTTTCGACGGA,19,465481
acrZp,3.5,16,3,CGCGTCAGTAAGAGTGGCAT,13,456760
acrZp,8.0,34,3,CGCGGAGCCTCGCCCATTGC,31,445106
acrZp,3.75,17,3,CGCGAGAGGACAGCCGCCGT,14,433655
acrZp,1.0,6,3,CGCCATGGAAATGTGATTGG,3,427635
acrZp,6.0,26,3,CGCAGTCTTGTTATTTCAGT,23,412067
acrZp,1.0,6,3,CGCACGATGGCCCCCCCCGG,3,426570
acrZp,4.75,21,3,CGCACCTATGTCATCGTTAC,18,423982
acrZp,7.5,32,3,CGCACCAGAAGAGCCAGCGA,29,414936
acrZp,2.25,11,3,CGAGCGCAAGAAGAAATCGC,8,456365
acrZp,2.5,12,3,CGAGCGATAGGTCTTTGAAG,9,418387
acrZp,5.75,25,3,CGACGCTACAGCCGCGCCCT,22,449759
acrZp,3.25,15,3,CGAAGTCATGGGCTATACCT,12,409144
acrZp,0.5,4,3,CGAAATCGTGATTCACAGAC,1,417562
acrZp,1.5,8,3,CCTTAGTGTCAAAATCAATT,5,419825
acrZp,4.25,19,3,CCTGCGAAATAAGTACCCCC,16,410111
acrZp,4.25,19,3,CCTGATTTTCTATTGATAAC,16,433009
acrZp,1.5,8,3,CCTCGTACGAATCGGATATC,5,444193
acrZp,6.75,29,3,CCTCGGTTTAAATAACTGTA,26,423198
acrZp,5.75,25,3,CCTCATTGGTATTTGATCGG,22,434672
acrZp,3.75,17,3,CCTCACGAACCTAAGGAGCC,14,458300
acrZp,2.0,10,3,CCTATTCATCAGGTACGGTT,7,436286
acrZp,0.75,5,3,CCTAGGGGACGGATATACCA,2,461536
acrZp,3.5,16,3,CCGTCTTTCGCCCGTAAAAT,13,457322
acrZp,4.5,20,3,CCGGCTAAATGTGACATGCG,17,459340
acrZp,4.25,19,3,CCGGCAAATAGAGCGTAGCC,16,432882
acrZp,15.25,63,3,CCGGAACCTTTGAGCTGCCC,60,458843
acrZp,4.0,18,3,CCGAGCGACAATTATGGAGG,15,424068
acrZp,6.75,29,3,CCGACAGCGCTTTGGTTCCT,26,427246
acrZp,3.75,17,3,CCCTGGTCTAGATATTTTTA,14,454668
acrZp,3.75,17,3,CCCTCACAGCCCGCTCCTGG,14,461440
acrZp,2.25,11,3,CCCCTCCGCGCTGGTACAAG,8,465769
acrZp,5.25,23,3,CCCATGGTCGGGCGAATCGT,20,420476
acrZp,4.0,18,3,CCATTCGCTACCCTCTTTGA,15,440545
acrZp,5.5,24,3,CCATTCCCGTAGATTGAAAC,21,447414
acrZp,9.5,40,3,CCAGGCATTTGTCAATGCGA,37,444969
acrZp,0.5,4,3,CCAGCGTCACTACTTGTGCT,1,462542
acrZp,3.5,16,3,CCACTGTGATAGTCTTTCCC,13,423344
acrZp,5.25,23,3,CCAAGTTAGCTCATACCAAG,20,442227
acrZp,2.25,11,3,CCAACAGTCTTCGAGTTGAA,8,457960
acrZp,6.0,26,3,CATTCCGGGGCTTTACCCAT,23,409709
acrZp,5.25,23,3,CATTACGGGTGTGGTCGGCC,20,460419
acrZp,4.75,21,3,CATGTTCAATCGAGGTCCGC,18,449324
acrZp,3.25,15,3,CATGGTTCGGGTGGGACCCC,12,425711
acrZp,4.0,18,3,CATCACTGGGTGCAAAACCG,15,457168
acrZp,3.25,15,3,CATAGCCCGATGCTCGACAT,12,450188
acrZp,10.75,45,3,CATACTGAATGGGCCGTTCA,42,412153
acrZp,5.0,22,3,CAGTTTCTGCCCCAAGGTAT,19,434815
acrZp,3.25,15,3,CAGTCTAACAAAGCAGCCTG,12,436710
acrZp,4.0,18,3,CAGGTTATTCCTATAAATTC,15,456493
acrZp,6.0,26,3,CAGGCTTGAAGCCTTCAGGA,23,428078
acrZp,1.0,6,3,CAGGATTAGGGGTACACTTT,3,428875
acrZp,4.75,21,3,CAGCTGCGCCACTCCAGATA,18,445842
acrZp,4.0,18,3,CAGCGGCGAGTGACGGCCAC,15,465644
acrZp,4.25,19,3,CAGCCGCACATAGACTGGCT,16,409643
acrZp,3.0,14,3,CAGAGAACCTCTCGTACCAA,11,430754
acrZp,3.25,15,3,CAGACGCGCCTATTCCTGCA,12,424400
acrZp,4.25,19,3,CACTTATAGTTGTGATTCTA,16,459605
acrZp,4.5,20,3,CACTCCCTGGCAGTCGAGAC,17,429935
acrZp,3.25,15,3,CACTCATCCCAATCGAGGCA,12,457939
acrZp,4.5,20,3,CACGGACTCCGGATTCTCCA,17,424916
acrZp,3.25,15,3,CACCCAACCCGTGTGATCAA,12,430154
acrZp,2.75,13,3,CACATATATCCACGGCCTAA,10,425314
acrZp,5.0,22,3,CACACGGGAGAGGTAGACAC,19,441942
acrZp,4.0,18,3,CAATTTGCGGTGGGTGTCAG,15,436109
acrZp,8.5,36,3,CAAGTAGACACTAGATGTCC,33,459378
acrZp,1.25,7,3,CAAGAAACGAGGATACAAAG,4,410317
acrZp,3.0,14,3,CAACTGAGGGTGTATAACGG,11,418197
acrZp,0.5,4,3,CAAATTGGATTGAATCGGTC,1,421237
acrZp,5.0,22,3,CAAAGGCGAGGGTTGGTTAG,19,412259
acrZp,6.5,28,3,ATTTTGCCTATCTTTCATAC,25,448277
acrZp,3.5,16,3,ATTTACACGAGCGAACGCCG,13,412524
acrZp,6.75,29,3,ATTGGAGCTGCGCAGCATTG,26,429877
acrZp,3.0,14,3,ATTCGTGTCGCATGGCTACT,11,454240
acrZp,2.75,13,3,ATTCGTGCGCCAGGGCACTT,10,410198
acrZp,5.5,24,3,ATTCGGGTCTAACATGGACG,21,425068
acrZp,5.75,25,3,ATTCAGGATGTCGAGGGAGG,22,466971
acrZp,6.0,26,3,ATTACATGGTTAAAATTCCT,23,454161
acrZp,3.25,15,3,ATGGGTAGCCCGGAGAATTG,12,467290
acrZp,6.0,26,3,ATGGCGTTTATTCAAGCAGC,23,461640
acrZp,7.25,31,3,ATGCTTGCAGGCAAGCAATA,28,433526
acrZp,14.25,59,3,ATGCCGTGTGTACAGTGTAG,56,427123
acrZp,4.25,19,3,ATGCCGCGGTGTGGATGTCT,16,413711
acrZp,4.5,20,3,ATGAGCATGAACAGCTTAAG,17,408709
acrZp,3.5,16,3,ATGAATGGGTGGACATAGTT,13,426596
acrZp,5.75,25,3,ATCTCAGACCTGATAGTAAG,22,441311
acrZp,6.0,26,3,ATCTCAATTAGCTTAGTGCA,23,452763
acrZp,3.75,17,3,ATCGGAAGGCTCCTTTAAGT,14,416595
acrZp,9.5,40,3,ATCGCTAATCGCCAAATTTA,37,466717
acrZp,3.5,16,3,ATCCTTTTTCAATGCATGCC,13,409537
acrZp,2.0,10,3,ATCCCTAACACGGCCCCTTT,7,414657
acrZp,2.75,13,3,ATCCACTTGAATTTATAATG,10,451058
acrZp,7.75,33,3,ATCAGATCTAACCGGCTGGT,30,410567
acrZp,6.75,29,3,ATCACGGAAAGGGCACGCGC,26,414972
acrZp,3.75,17,3,ATCAATAAGTGGTTGGGTGC,14,410045
acrZp,7.25,31,3,ATATCACATTGTCTCAAAAC,28,428734
acrZp,4.5,20,3,ATATATAACGCGTTCCGGCT,17,461825
acrZp,2.25,11,3,ATATACCCGCGAGCAATCGG,8,429697
acrZp,9.5,40,3,ATAATTCGGAAACTCACTGA,37,466734
acrZp,6.5,28,3,AGTTTTTCGCAGTGGTTCTG,25,460262
acrZp,3.0,14,3,AGTTGTATGCGACGGAGCGG,11,410702
acrZp,0.5,4,3,AGTGCCGCTCGTAGTCACTG,1,431137
acrZp,11.0,46,3,AGTGCAAAAAATAAGCCTGG,43,461725
acrZp,4.75,21,3,AGTCGGGGCTGCGAGGTGTA,18,459611
acrZp,2.25,11,3,AGTCAGGTTTGGGGATGCCT,8,458156
acrZp,34.75,141,3,AGGTCAATTTGCCTAGTACG,138,439249
acrZp,5.0,22,3,AGGTATAACGCAAAACCGGC,19,415686
acrZp,5.75,25,3,AGGTAATCACACCGTTGGTG,22,465317
acrZp,0.5,4,3,AGGGTTGTCCGAATCAGAAT,1,409105
acrZp,2.25,11,3,AGGGTCTAGTGACTCGTCGT,8,452972
acrZp,5.25,23,3,AGGGTCAACCGCGGAGCTTG,20,413210
acrZp,1.75,9,3,AGGGGGTTCCCGACCTGACG,6,427119
acrZp,0.5,4,3,AGGGCTGCGAAAGTGCTCAT,1,414299
acrZp,7.5,32,3,AGGGAAATTCAGTGCCGCTC,29,442218
acrZp,7.75,33,3,AGGCGCGAAGAAAACAAACT,30,455836
acrZp,6.25,27,3,AGGCGCCGTGAACTGAGATA,24,458227
acrZp,8.25,35,3,AGGCGATGGATCAATACTAG,32,446595
acrZp,3.75,17,3,AGGCGACGAGTTTTGCCCGC,14,455209
acrZp,4.0,18,3,AGGCAGTATGTAGACGACTT,15,449011
acrZp,11.25,47,3,AGGCAGGACTGCCAGGGGTG,44,422673
acrZp,1.75,9,3,AGGCAATATAGTCATGTATG,6,408601
acrZp,2.75,13,3,AGGATTTATAACCCACTACT,10,439503
acrZp,3.75,17,3,AGGAATTCATGCAGTCTCGG,14,458923
acrZp,4.5,20,3,AGCGTTCGGCCAACGCGAGG,17,417735
acrZp,3.0,14,3,AGCGGCATGCGAGGTGGTCT,11,448482
acrZp,3.25,15,3,AGCCGAGGACACGTCTACTG,12,437899
acrZp,5.5,24,3,AGCATTGCAACCAAGAAAGC,21,419112
acrZp,3.5,16,3,AGCAGCATTTAACATTACAT,13,437789
acrZp,1.5,8,3,AGCAAATTGGGCTATCCCTT,5,419113
acrZp,6.0,26,3,AGATTCTTAGGACTGATGCA,23,414729
acrZp,4.5,20,3,AGATGTAGATGAAGTCAGTA,17,440453
acrZp,7.0,30,3,AGATACAGACGACTTCGCTT,27,432644
acrZp,4.0,18,3,AGATAATAGGTTCGGTAAAT,15,458582
acrZp,4.5,20,3,AGAGTAGGAGCAATGTGGGA,17,428870
acrZp,2.25,11,3,AGAGGGTGATCCTACCAGCC,8,467092
acrZp,5.75,25,3,AGAGGAGCGGCTGTCATATA,22,440254
acrZp,6.5,28,3,ACTTTACTCGTATAGTCTTT,25,449501
acrZp,4.5,20,3,ACTTGGCTGGGGACGCATAC,17,457076
acrZp,3.25,15,3,ACTTCATCTAGCAGAGCCTA,12,453019
acrZp,7.75,33,3,ACTGTGGACGACCCCATGTA,30,454584
acrZp,0.5,4,3,ACTGGTGGGATCCATACCAA,1,453247
acrZp,0.75,5,3,ACTGCTTATAAGAGACTCTC,2,419283
acrZp,5.75,25,3,ACTAGGTCAAAATAGGTTGA,22,429581
acrZp,26.0,106,3,ACTAGGAAGCTGAAACCTGT,103,411805
acrZp,1.75,9,3,ACTACGAAAGCAGTCTTCAC,6,422820
acrZp,4.25,19,3,ACGTTGCGAATGGGTAATTA,16,439134
acrZp,10.0,42,3,ACGTTAGGTCCTCAGCCGAG,39,413183
acrZp,5.5,24,3,ACGTGCTCCCAACTAGCGTT,21,437192
acrZp,1.5,8,3,ACGTAGCCAAGACACCTCAA,5,465731
acrZp,2.75,13,3,ACGGGGTGATTACGACCAGC,10,411684
acrZp,10.25,43,3,ACGGGCCAGTACAAAAGGCG,40,438725
acrZp,4.5,20,3,ACGGCACAATAGTCGGGAGA,17,413779
acrZp,3.75,17,3,ACGGATGACACGTCATTATG,14,443562
acrZp,2.75,13,3,ACGGAGTTCGGCAAGTTCGT,10,458987
acrZp,1.0,6,3,ACGCTGGCCAGAAAATCTGC,3,429776
acrZp,1.25,7,3,ACGCGGAAGTTTTCTGACGG,4,459737
acrZp,6.75,29,3,ACGACAGCCTACGTGGTTCC,26,429950
acrZp,5.0,22,3,ACCTTGCCGCCTAACTAAAT,19,445696
acrZp,6.0,26,3,ACCTTCGGTAAGAGATCTTG,23,461726
acrZp,7.75,33,3,ACCTGCGTGGACGAGTGACA,30,427602
acrZp,1.25,7,3,ACCTGCGTGAGGGATATCAA,4,417969
acrZp,4.5,20,3,ACCTACCAAAGTCTTGATGT,17,437882
acrZp,5.0,22,3,ACCGACCCTCAAACTTGGAG,19,451534
acrZp,7.0,30,3,ACCCCCCCCCTGGGGGATTT,27,467533
acrZp,2.75,13,3,ACCCAATCCTGCTAAATGTG,10,457856
acrZp,4.5,20,3,ACCAGTACACAGATCAGAGT,17,432259
acrZp,0.5,4,3,ACCAGCATTGAGTTTGTAGT,1,463859
acrZp,4.25,19,3,ACCACCGCTGAGTCAGTAGA,16,436402
acrZp,4.0,18,3,ACAGGTCGTAAGCCCAGCCG,15,420844
acrZp,3.5,16,3,ACACACGCGAGAGGGAACCG,13,414043
acrZp,5.0,22,3,ACAATGTATACTCCACAAGC,19,408971
acrZp,1.5,8,3,ACAACGAATATTACCGATGT,5,429165
acrZp,6.25,27,3,ACAAACTAAAGGGTAATTTC,24,442000
acrZp,5.5,24,3,AATTTACTAGCCAGGCCCTC,21,416423
acrZp,6.5,28,3,AATTGTTGTTATCGGAAAGC,25,416875
acrZp,5.5,24,3,AATTGGGTTAATCCACATGA,21,447594
acrZp,2.75,13,3,AATTACAAGGTTAGAATGCA,10,441170
acrZp,6.0,26,3,AATGGGCAGATGGTTGATCC,23,464811
acrZp,5.0,22,3,AATGGAGTAGGAAACACGAA,19,445697
acrZp,10.5,44,3,AATGCCATGGTCTACTTACA,41,464675
acrZp,1.75,9,3,AATGCAGCGCTAATACTCTA,6,448576
acrZp,2.5,12,3,AATGAACATAAGACTCTGTC,9,454112
acrZp,5.75,25,3,AATCGGCAGTCGGCGCATCA,22,461534
acrZp,0.75,5,3,AATCCGGCGTGGCTGATCGT,2,414206
acrZp,1.0,6,3,AATAGTCTTACAACCCTTAA,3,464065
acrZp,3.0,14,3,AATACCGCTTTCCAATAATG,11,447717
acrZp,2.5,12,3,AAGTTTCTGCAGGGGAAGGC,9,454006
acrZp,3.5,16,3,AAGTAGGACCACGGCTCTAG,13,456286
acrZp,0.5,4,3,AAGTAGGAATAGTGAGGCTG,1,434531
acrZp,2.5,12,3,AAGGGGCCTAGAGACGAGTT,9,467051
acrZp,6.25,27,3,AAGGCGCGCGCAAGTCTCAG,24,459943
acrZp,0.5,4,3,AAGGCCTTAGATACATCTTG,1,434883
acrZp,6.5,28,3,AAGGCACATATCTAAATCCG,25,440843
acrZp,5.0,22,3,AAGCGTCCAGTGGTACTCAG,19,409455
acrZp,0.5,4,3,AAGCGCCAAGCGCGTTGGCA,1,412200
acrZp,7.75,33,3,AAGCCCGCATCCGAAGACAT,30,461569
acrZp,5.75,25,3,AAGCCACAGACGAGGCAGAG,22,466114
acrZp,4.25,19,3,AAGAGCAGCGAGCCTGCTGT,16,435014
acrZp,7.5,32,3,AACTGGTTTGCACTAGGCAT,29,423182
acrZp,21.25,87,3,AACTCTATTCACGATATGGA,84,413924
acrZp,7.25,31,3,AACTCATTGGCGCAACAATG,28,462230
acrZp,2.25,11,3,AACGGACTAGCGGCGCGCTA,8,414090
acrZp,8.25,35,3,AACGCTAGGGACAACCGGCT,32,466849
acrZp,5.25,23,3,AACCTAGCAAGGCAGTCCTC,20,463685
acrZp,5.0,22,3,AACCCCTGGGAGAGGGTATT,19,458989
acrZp,4.25,19,3,AACCACGGTCAACATGGCCC,16,418797
acrZp,2.0,10,3,AAAGTGCACGATATTTTTTA,7,451199
acrZp,11.5,48,3,AAAGTCGCTGGGTTAGTCAG,45,457329
acrZp,13.25,55,3,AAAGCTCTCCAAAGTGAATC,52,462561
acrZp,5.5,24,3,AAAGCCATGACGCCTCTGCA,21,448957
acrZp,1.0,6,3,AAAGCAGGCTGACTCCGTCA,3,459971
acrZp,5.0,22,3,AAAGAGCAGCGTAAGCGATA,19,438970
acrZp,5.0,22,3,AAAAGTAAAAGAATTCCTCA,19,446054
acrZp,6.25,27,3,AAAACCACCACTGTACGTCC,24,427943
acrZp,4.25,19,3,AAAACAATGCGCTTTGGCGC,16,423496
acrZp,6.0,19,2,TTTGTAGATCTGATTTATAA,17,463046
acrZp,9.0,28,2,TTTGCTCAGGATATGGTGGT,26,459328
acrZp,4.333333333333333,14,2,TTTCCAAGGGTCGATGTTGG,12,435199
acrZp,3.6666666666666665,12,2,TTTAGCGGTCAAAGATTTAC,10,447563
acrZp,0.6666666666666666,3,2,TTGTTCCTGCTCTTCGAAGC,1,420689
acrZp,0.6666666666666666,3,2,TTGTCCGCGCTATAGCGTGG,1,413068
acrZp,9.666666666666666,30,2,TTGTAGGTATTTAATTTAGT,28,447901
acrZp,21.333333333333332,65,2,TTGGGTCAGTTGGGCGGGTA,63,411974
acrZp,12.666666666666666,39,2,TTGGAGGTGAGACGCTCCGA,37,465901
acrZp,6.333333333333333,20,2,TTGCGGCTAGGCGGGCGGTC,18,444675
acrZp,7.666666666666667,24,2,TTGCACGGATAGGTCTAGAA,22,419373
acrZp,5.666666666666667,18,2,TTGAATACAAGGTCTTCCCT,16,408689
acrZp,21.0,64,2,TTGAACCTCACAGCGGGTCC,62,457621
acrZp,7.333333333333333,23,2,TTCTCGAAGGAGTGCTTAAG,21,433371
acrZp,6.0,19,2,TTCGGAGGGACATGAGGTTG,17,445854
acrZp,6.666666666666667,21,2,TTCGAGTTCAATCTGGGAGA,19,427120
acrZp,4.0,13,2,TTCCATTTAACGCGGCGAAG,11,409101
acrZp,7.666666666666667,24,2,TTCAGATATCTGCAGGCCGG,22,415096
acrZp,9.0,28,2,TTCACAATTAAACGGAACGG,26,436445
acrZp,4.666666666666667,15,2,TTAGTGAAAATTTGCTCTGC,13,452067
acrZp,6.666666666666667,21,2,TTAGGTTGCAGAGGGCGCCG,19,428040
acrZp,0.6666666666666666,3,2,TTAGGGTTGAAGCTATCCAA,1,421956
acrZp,3.0,10,2,TTAGCGCCAGTACGGTTTCG,8,450471
acrZp,11.0,34,2,TTACTAACCAGTTTAGCTAA,32,467422
acrZp,21.333333333333332,65,2,TTACACAGGAGTCAAGGGTC,63,452574
acrZp,6.666666666666667,21,2,TTAAGTCGAACTGGTAAACA,19,452135
acrZp,2.0,7,2,TTAACATCGCCCCGTTATCC,5,443418
acrZp,0.6666666666666666,3,2,TGTGTTCGTGGTTAAGGGGA,1,430970
acrZp,33.333333333333336,101,2,TGTCCGCTTTCTCCGCTCGT,99,461653
acrZp,6.666666666666667,21,2,TGGTTTAAGCGAATGAAAAC,19,412721
acrZp,3.6666666666666665,12,2,TGGTTAATTTCAGGACTTCG,10,428243
acrZp,5.666666666666667,18,2,TGGTCTTGGCTATTATCAGC,16,460376
acrZp,5.333333333333333,17,2,TGGTATTCCGCTGCACGTGT,15,415315
acrZp,4.0,13,2,TGGTACCTCAAACGTTTACA,11,417840
acrZp,9.666666666666666,30,2,TGGTACCAGAGCCAGAAATA,28,411021
acrZp,14.0,43,2,TGGGTTTGGTCATCTCAAGA,41,448756
acrZp,0.6666666666666666,3,2,TGGGTTAACGGTTTTATTTA,1,412250
acrZp,5.666666666666667,18,2,TGGGCAGTCCACGGCCCCGA,16,425702
acrZp,4.333333333333333,14,2,TGGCGGGCGTTTGCTCCCCA,12,463101
acrZp,3.6666666666666665,12,2,TGGAGTTTGGTATTTGGGAA,10,455396
acrZp,4.666666666666667,15,2,TGGAGCCGATCTTATGGAAT,13,422685
acrZp,2.0,7,2,TGCTTGGCCCGCCGCTAAGT,5,436096
acrZp,4.0,13,2,TGCTGGCACGGGGTGCCGAA,11,415664
acrZp,14.333333333333334,44,2,TGCTAATTGTTCTCCCAAGT,42,427944
acrZp,8.0,25,2,TGCGGCTCTTTGGAGAACCC,23,441621
acrZp,3.0,10,2,TGCGAATAATTGCGAATCCC,8,414726
acrZp,4.666666666666667,15,2,TGCCGGCCTGCTAGATTAGT,13,466595
acrZp,3.3333333333333335,11,2,TGCCCCCACCGGTCTCGAGT,9,458709
acrZp,7.333333333333333,23,2,TGCAGGTGTTGATGCCGGCG,21,410605
acrZp,3.6666666666666665,12,2,TGCACTTGGAACAATTGAGC,10,437812
acrZp,0.6666666666666666,3,2,TGCACGGTCCGTGGCCTCAG,1,442832
acrZp,2.0,7,2,TGATTTTGACGGCCAGGGAT,5,446879
acrZp,8.0,25,2,TGATAGCGGCGTCTCCTTAC,23,435632
acrZp,3.3333333333333335,11,2,TGAGGGGCTGGCAGTAAAAT,9,416664
acrZp,5.333333333333333,17,2,TGAGGAAGTAAGAACGATTC,15,417132
acrZp,0.6666666666666666,3,2,TGAGCCAGTGTACTACTTAT,1,435876
acrZp,10.666666666666666,33,2,TGAGAACACCATCTCGAGCA,31,467127
acrZp,5.666666666666667,18,2,TGAATGATGATGCCACACCC,16,423310
acrZp,4.333333333333333,14,2,TGAAGGTAGTTTCAATTCGT,12,438899
acrZp,7.0,22,2,TGAACTGGTTCCGTGTTATA,20,424947
acrZp,4.666666666666667,15,2,TGAACCATCCAGCTGCGAGA,13,422736
acrZp,5.0,16,2,TCTTGTAAATAGTAGTTTGA,14,443130
acrZp,6.333333333333333,20,2,TCTGGGCAAAGAATAGGAAT,18,439309
acrZp,7.666666666666667,24,2,TCTCTATCTGAGCAATTGAA,22,423428
acrZp,31.0,94,2,TCTCGACGCGACACCCGGAC,92,466707
acrZp,6.333333333333333,20,2,TCTCCAGGCTAAGCAGCGTC,18,434006
acrZp,3.3333333333333335,11,2,TCGTTCCACGTACAAGATGA,9,464925
acrZp,5.666666666666667,18,2,TCGTCCCGTGACTGTGGTAG,16,441668
acrZp,25.666666666666668,78,2,TCGTAGAGTGCCGGTGACAT,76,466775
acrZp,10.666666666666666,33,2,TCGGTCGTGATCCGCGGCTC,31,458362
acrZp,5.666666666666667,18,2,TCGGTAAGCTACAAGGGTGA,16,439271
acrZp,5.666666666666667,18,2,TCGGGTCCGAAGCTACGCAT,16,417697
acrZp,6.666666666666667,21,2,TCGCGCAAGATGGCCCGCGG,19,420786
acrZp,8.0,25,2,TCCTGCATGTTGGCTATCAT,23,410176
acrZp,16.666666666666668,51,2,TCCTCGAATGTATAGCGAGA,49,465084
acrZp,11.666666666666666,36,2,TCCCGTCGGGGCTCACGTTC,34,437513
acrZp,11.0,34,2,TCCCAGGGTTCGCTCTATAG,32,436881
acrZp,4.666666666666667,15,2,TCCCACATTATAGAAGCTCC,13,460130
acrZp,4.0,13,2,TCAGTTCGCTAGGTACATTC,11,437319
acrZp,10.0,31,2,TCAGTCGGACCATTGGGGCT,29,460062
acrZp,3.0,10,2,TCAGTAGAGCGTATACAGGG,8,429200
acrZp,13.0,40,2,TCAGGGCTTACCGTAGACCT,38,466702
acrZp,4.333333333333333,14,2,TCAGGAACTCGCTTCTTACG,12,459296
acrZp,4.333333333333333,14,2,TCACGGCTACGACAAGGTGA,12,445676
acrZp,4.666666666666667,15,2,TCACAGTTGTAAAGTCAGGC,13,464662
acrZp,7.666666666666667,24,2,TCAATAGCGGAGGACGGCCC,22,451773
acrZp,0.6666666666666666,3,2,TATTCCCGGTACTAGGTCGT,1,437569
acrZp,4.333333333333333,14,2,TATTCACGTCATGCCAGCCC,12,410611
acrZp,11.0,34,2,TATGAGATTAGGTTTTTAGA,32,410355
acrZp,2.0,7,2,TATGAACACATGAGTCACTG,5,445893
acrZp,4.666666666666667,15,2,TATCCTGTAAGGTTATTTAC,13,455422
acrZp,39.666666666666664,120,2,TATCCAGTCTGTAGGCGTTT,118,467563
acrZp,1.3333333333333333,5,2,TATAGACTATGAGCGCTTGT,3,421238
acrZp,4.666666666666667,15,2,TAGGTAGCACGCCTAGGGTT,13,459935
acrZp,6.333333333333333,20,2,TAGGATAGAGCAGTTCAGAC,18,448138
acrZp,9.333333333333334,29,2,TAGGAGACAAGGCGACAGGG,27,420379
acrZp,1.3333333333333333,5,2,TAGAAGGGTTTCGTGGTGCT,3,450890
acrZp,4.333333333333333,14,2,TACGTCTCCAGCATCTGCGA,12,447318
acrZp,6.0,19,2,TACGCGCTGATCAGTGTGGA,17,427402
acrZp,9.333333333333334,29,2,TACGCGAATCGGGGAAAGGT,27,414410
acrZp,8.333333333333334,26,2,TAATGCAAGCTCGAGATTGA,24,441063
acrZp,6.0,19,2,TAATCGGAAGTTTGAGTACT,17,445717
acrZp,7.333333333333333,23,2,TAAGTGCGATGCCATAAGTG,21,428288
acrZp,8.0,25,2,TAAGATTTAAGTATCAACAT,23,450322
acrZp,14.0,43,2,GTTTCAAAGTCTTATCTGAA,41,465471
acrZp,5.333333333333333,17,2,GTTGGCCGTTAGCAATTGCT,15,447397
acrZp,7.666666666666667,24,2,GTTCGATAGCAGCGCTATCT,22,459944
acrZp,13.666666666666666,42,2,GTTCCTCACCACATGTCCAA,40,447411
acrZp,0.6666666666666666,3,2,GTTCCGCCTACAAGTAACCC,1,435031
acrZp,3.3333333333333335,11,2,GTTCATGCGTCATCGCAAAA,9,423203
acrZp,4.666666666666667,15,2,GTTAGAAGACGACGGAAGTG,13,435543
acrZp,4.0,13,2,GTGTTGACGCTGACAAGAGG,11,446732
acrZp,18.0,55,2,GTGGGGCGGCTAGTCATCTA,53,464927
acrZp,2.3333333333333335,8,2,GTGCTCATTTGTAAAGCTCT,6,432586
acrZp,0.6666666666666666,3,2,GTGCATAGTTTAGTACACGG,1,456456
acrZp,2.3333333333333335,8,2,GTGATCTTTTATGTAGGGAA,6,421022
acrZp,3.0,10,2,GTCCACGTATATTTACGCGC,8,421719
acrZp,5.666666666666667,18,2,GTCCAACCGAGGGTCGCCAG,16,429732
acrZp,6.333333333333333,20,2,GTCACTTGTCGAAATGAACA,18,461599
acrZp,5.666666666666667,18,2,GTCAACTTACCTACATGGAT,16,451369
acrZp,4.333333333333333,14,2,GTCAACGTTTGCCACCGAAG,12,433693
acrZp,4.666666666666667,15,2,GTAGTGACCTAGTTACTTGG,13,440978
acrZp,0.6666666666666666,3,2,GTAGGTGGACTAAATTGCCG,1,413949
acrZp,3.0,10,2,GTAGGTGCTTGGGCCAGGTT,8,464347
acrZp,0.6666666666666666,3,2,GTAGAGGTAATTTATTGAAG,1,435429
acrZp,5.333333333333333,17,2,GTACTGCAAACTGTAGGGGA,15,409584
acrZp,6.0,19,2,GTACAGAGTGTGTAGTGTTG,17,463603
acrZp,6.0,19,2,GTAAGAGGCGGAATCATCAT,17,409314
acrZp,5.333333333333333,17,2,GTAACTCATCTACCTCTTTT,15,432265
acrZp,4.333333333333333,14,2,GGTTTTCAGTCAGCGAAGCT,12,458377
acrZp,2.6666666666666665,9,2,GGTTTAGAAATTCGGTGGCG,7,463636
acrZp,3.0,10,2,GGTTGTAGCAACATCGGCCT,8,457917
acrZp,7.333333333333333,23,2,GGTTCACAATGGGACGTCGC,21,423868
acrZp,7.333333333333333,23,2,GGTTCAATCATACAGCGCCA,21,417039
acrZp,0.6666666666666666,3,2,GGTTATCAAGGCCTTCAACA,1,414611
acrZp,4.666666666666667,15,2,GGTGGGAACGGCTCTCTAGA,13,437567
acrZp,5.666666666666667,18,2,GGTGAAGACTTAGAGCCAGT,16,457512
acrZp,5.0,16,2,GGTCATTAAGTCTGGAGCGC,14,412739
acrZp,8.333333333333334,26,2,GGTATAAGAGTCAATGTGCT,24,461675
acrZp,1.6666666666666667,6,2,GGGTTAGCACTGTCTCCGCC,4,410781
acrZp,13.666666666666666,42,2,GGGTGTCGATATATATCGGA,40,458478
acrZp,9.333333333333334,29,2,GGGTCTAGGAGAGCAGAGAT,27,445846
acrZp,6.666666666666667,21,2,GGGTACAGGATTGTAGGGGG,19,436339
acrZp,11.0,34,2,GGGCGATTCAGATGGGAATA,32,439243
acrZp,12.333333333333334,38,2,GGGCATTTTTTAGGGGTAGA,36,422371
acrZp,0.6666666666666666,3,2,GGGCACTTGTAAATTCACGA,1,413547
acrZp,7.0,22,2,GGGCACGACTGGTCACTACG,20,463587
acrZp,11.333333333333334,35,2,GGGAGGAAATGTCACGAAAC,33,463557
acrZp,4.333333333333333,14,2,GGGAAAATGATGCACGCACA,12,443747
acrZp,2.6666666666666665,9,2,GGCTTTTCCAGGCAATAATC,7,429830
acrZp,2.0,7,2,GGCTAGATGTTGGTTATATG,5,416865
acrZp,1.6666666666666667,6,2,GGCGCTATCGAGTGCGTTTG,4,457448
acrZp,9.333333333333334,29,2,GGCGAAACCCCTTGGCTTAA,27,441818
acrZp,4.666666666666667,15,2,GGCCTGCCGTAAGGATAGAG,13,458439
acrZp,4.0,13,2,GGCCGTAGGGCCTCTTCCTG,11,425443
acrZp,8.666666666666666,27,2,GGCACCTCTAACGGCAGCTT,25,428495
acrZp,5.333333333333333,17,2,GGCAATACAGCCGGGATTGT,15,459896
acrZp,7.0,22,2,GGCAAAGGACAGTCTTGCTA,20,459646
acrZp,6.666666666666667,21,2,GGATGTCAGCCAGCGGATGA,19,464196
acrZp,3.0,10,2,GGAGGTTTGAGTCTTCGAAG,8,429968
acrZp,3.0,10,2,GGAGAGGGTTGGCCCAAAGT,8,420167
acrZp,4.0,13,2,GGACTACTGCGGTTGAACTC,11,421318
acrZp,1.0,4,2,GGACCTGATAGGCACAGGTT,2,426948
acrZp,3.0,10,2,GGACCATAAATGAGGACCAA,8,440043
acrZp,12.666666666666666,39,2,GCTTTATCGGTTTCTGCGGG,37,466722
acrZp,13.666666666666666,42,2,GCTTGGCAGGGCTGGGGAGC,40,466969
acrZp,5.0,16,2,GCTTGAGGGGAGAATCCGCA,14,426465
acrZp,4.333333333333333,14,2,GCTGTACGTACGAGTGCGTG,12,410524
acrZp,6.333333333333333,20,2,GCTCTGTTCACGGGTCAGCT,18,411966
acrZp,7.333333333333333,23,2,GCTCCCTCGGACTTAACGTC,21,453431
acrZp,0.6666666666666666,3,2,GCTCAACAACAGGGCCGGCG,1,447895
acrZp,88.33333333333333,266,2,GCTACGAGCCGCGGCATAAG,264,464156
acrZp,7.0,22,2,GCTACCCATCAATTCACTGC,20,447766
acrZp,7.0,22,2,GCGTTCGCGCAAGCGTAGGT,20,422180
acrZp,3.6666666666666665,12,2,GCGTAGTGTGGGTCTCACTT,10,464988
acrZp,6.333333333333333,20,2,GCGGTCATCTAGGGGTGCCG,18,429871
acrZp,4.0,13,2,GCGGTAGCTGCAAGAGTTTT,11,466794
acrZp,3.3333333333333335,11,2,GCGGGAGATTCAGGTCCAAT,9,449877
acrZp,4.666666666666667,15,2,GCGCAGCTGTCTTATTCGGC,13,444671
acrZp,22.0,67,2,GCGCACGCTAACTGTTCAAC,65,436641
acrZp,5.666666666666667,18,2,GCGATCAATACACATGTTTC,16,450014
acrZp,14.0,43,2,GCCTGGGTCTCGTAGGCATT,41,416789
acrZp,3.6666666666666665,12,2,GCCTCCACCTAAAACCAATC,10,459219
acrZp,2.0,7,2,GCCGCTTTCCGTTCTTGAAC,5,445205
acrZp,3.3333333333333335,11,2,GCCGAGTTTCATTCGTAACA,9,409326
acrZp,0.6666666666666666,3,2,GCCATCTTACTGGGATGGAC,1,428747
acrZp,6.0,19,2,GCCAGCTTTGCATCTAACGG,17,445529
acrZp,3.6666666666666665,12,2,GCCACACTCTTCGCCGCATG,10,459936
acrZp,20.0,61,2,GCATGTTGATCTAAATGGAA,59,452848
acrZp,5.333333333333333,17,2,GCAGTGAAGACTCGAAGTGT,15,445099
acrZp,3.3333333333333335,11,2,GCAGGGTTATTCTTAGCAAT,9,415864
acrZp,6.333333333333333,20,2,GCACTAGGAGTCATCTATGA,18,446013
acrZp,3.3333333333333335,11,2,GCACCGTGAACTCTCTAAGT,9,417442
acrZp,1.3333333333333333,5,2,GATTTTGTATCTCTCACCCT,3,411983
acrZp,5.0,16,2,GATTGGAATCGCTTGACCGA,14,452679
acrZp,7.666666666666667,24,2,GATTGAGCCTTGTTCTCGAT,22,451568
acrZp,0.6666666666666666,3,2,GATTCAACTCCGTCTGCTAA,1,426840
acrZp,6.0,19,2,GATGGAGTCACACTTTGCGT,17,465677
acrZp,0.6666666666666666,3,2,GATGCTGATGGCGAGATGGA,1,420504
acrZp,7.0,22,2,GATGAGTTTTTTTCTACCCA,20,445851
acrZp,6.0,19,2,GATCTAGATGTGACTAACTA,17,440201
acrZp,0.6666666666666666,3,2,GATCAACTAAACTGTCAATA,1,414560
acrZp,3.6666666666666665,12,2,GATATGTCCTAAGGCCCTCC,10,445762
acrZp,3.3333333333333335,11,2,GATAGCGCTTAACCACGAGA,9,466907
acrZp,4.666666666666667,15,2,GATAAACACGCACCGATGCC,13,460715
acrZp,5.666666666666667,18,2,GAGTGTATAACTCGGGCACA,16,424125
acrZp,6.0,19,2,GAGTCAGGTTTCCTAATGTC,17,467387
acrZp,5.333333333333333,17,2,GAGTAATGGAACTATGGTAA,15,417042
acrZp,2.6666666666666665,9,2,GAGGTAGTGTACGAAGGTAT,7,417622
acrZp,2.6666666666666665,9,2,GAGGGTCTTTCAATTTACCA,7,441715
acrZp,9.0,28,2,GAGGGGGTCTTTAGCAAGGG,26,438709
acrZp,2.0,7,2,GAGGGGAATTCGGGTCGATG,5,417834
acrZp,22.333333333333332,68,2,GAGGGATCAACAGTATGAAA,66,427939
acrZp,7.666666666666667,24,2,GAGGCTAACACTTCGTACAG,22,412452
acrZp,6.0,19,2,GAGGCGCAATTTCTACCAGT,17,467451
acrZp,6.666666666666667,21,2,GAGCGGCGAGGGCTTATTTT,19,408832
acrZp,4.333333333333333,14,2,GAGACGATGTCCTGAAGCTA,12,443058
acrZp,2.6666666666666665,9,2,GAGAATCACTTTAGCTTGTT,7,460398
acrZp,1.3333333333333333,5,2,GAGAAGCCCTACAAGGGACC,3,464995
acrZp,7.333333333333333,23,2,GACTTCCGGCTGCGACGAAC,21,410632
acrZp,5.333333333333333,17,2,GACTGTGGAACTAAATGAAT,15,466768
acrZp,9.0,28,2,GACGATATTTGACTGTGCGG,26,445950
acrZp,5.666666666666667,18,2,GACCTTCTGGGTGCCCCCGT,16,448093
acrZp,3.3333333333333335,11,2,GACCTCACGAAAGTCTGCGC,9,412617
acrZp,6.666666666666667,21,2,GACCCTTCACTATTCGAGTG,19,453456
acrZp,15.333333333333334,47,2,GACCCGGAGTTATGCGGTAA,45,465070
acrZp,3.0,10,2,GAATTTAGTATGATACACGT,8,453850
acrZp,6.333333333333333,20,2,GAACTTAATAGGGATCGGCT,18,427237
acrZp,4.333333333333333,14,2,GAACTGAGTAAGTACATAAC,12,445526
acrZp,1.0,4,2,CTTTGTATCAAAAGGGATTA,2,429837
acrZp,9.333333333333334,29,2,CTTTATCCCGACTTGGGTTA,27,424627
acrZp,5.0,16,2,CTTTACATGCTTGTCGTTTC,14,417333
acrZp,7.0,22,2,CTTGAGCATGGACGGCGTAT,20,462171
acrZp,7.333333333333333,23,2,CTTCATTGCTGCAACTCGTA,21,451560
acrZp,7.0,22,2,CTTAGACCGAGCAAGTTAGC,20,457819
acrZp,6.333333333333333,20,2,CTTAATTTACGGAGAAACGT,18,438810
acrZp,4.333333333333333,14,2,CTGTGTATTCCCAGTCGGAG,12,437780
acrZp,2.0,7,2,CTGTATCATACGTCGGGAAT,5,440518
acrZp,7.0,22,2,CTGGTTAGATAATTAGAAAT,20,446999
acrZp,5.666666666666667,18,2,CTGGTGAAGCTCGGTTACAT,16,462549
acrZp,0.6666666666666666,3,2,CTGGTATACATGCAAGGGTT,1,434019
acrZp,5.333333333333333,17,2,CTGGGCGTTACTGAGCTGAC,15,412455
acrZp,7.333333333333333,23,2,CTGGCTGGCTCAGAATCATA,21,440852
acrZp,8.0,25,2,CTGGAAGTCCCTCGGTGATT,23,446591
acrZp,8.333333333333334,26,2,CTGCTCTTGGTTCTGGCTAA,24,438138
acrZp,6.0,19,2,CTGCTATGTGATGTGAATTT,17,440447
acrZp,8.333333333333334,26,2,CTGCGGCGAATAGGCCCAAA,24,467046
acrZp,0.6666666666666666,3,2,CTGCATGCGTGTTGTACGGG,1,408879
acrZp,14.666666666666666,45,2,CTGAAATCCATGAAATCAGT,43,417521
acrZp,0.6666666666666666,3,2,CTGAAAGGGATCCGGCAATG,1,418505
acrZp,4.0,13,2,CTCTGCGTTGGTGAACACAT,11,450498
acrZp,5.666666666666667,18,2,CTCTCGCTTTCACCCTCGTC,16,434510
acrZp,1.3333333333333333,5,2,CTCTATGATCTGCTCAGTGT,3,451538
acrZp,4.666666666666667,15,2,CTCGCATTTAAGCCATCCTA,13,447836
acrZp,5.666666666666667,18,2,CTCCTCTGGGATATTAGCTG,16,425755
acrZp,15.0,46,2,CTCATCGGACTGTAGCCGAA,44,428518
acrZp,22.666666666666668,69,2,CTATTCGGCAGATGGCTTTC,67,415303
acrZp,4.333333333333333,14,2,CTATAGCTTGAGTCCCCTCC,12,437346
acrZp,7.333333333333333,23,2,CTAGATGTTATTGGCGATCC,21,464613
acrZp,4.0,13,2,CGTTCGGTAGGGTGGATTGT,11,442936
acrZp,5.666666666666667,18,2,CGTGTACAATCACACGGCAT,16,439036
acrZp,4.0,13,2,CGTGCTGCCACGCCGTAGAC,11,460854
acrZp,5.0,16,2,CGTCTCGAACGGGATTACTC,14,467297
acrZp,11.666666666666666,36,2,CGTCGCTACTGTCCCCGGGC,34,456730
acrZp,17.666666666666668,54,2,CGTCCGGCTTCTCAAGTTCG,52,417513
acrZp,2.0,7,2,CGTATCGGTCTCAAAAAACG,5,417304
acrZp,9.0,28,2,CGTATATGCACGTTGGTCCT,26,414693
acrZp,3.0,10,2,CGGTCACAACAAACTCGTTA,8,443682
acrZp,4.333333333333333,14,2,CGGGGTCGCGCTGCATGTAT,12,422826
acrZp,4.0,13,2,CGGAGCGTCAATGGCCATAC,11,454873
acrZp,7.333333333333333,23,2,CGGACACCTGATGCAGCTTC,21,425333
acrZp,9.666666666666666,30,2,CGGAAGAACGACATACGGTA,28,435175
acrZp,5.333333333333333,17,2,CGCTCATGCTATCTGAGGTA,15,447346
acrZp,5.666666666666667,18,2,CGCTAGACCGACATCGCCCG,16,433725
acrZp,4.666666666666667,15,2,CGCGTCGCAGGTTGCCAAAA,13,420816
acrZp,4.666666666666667,15,2,CGCGTCCTTTCTATGAACCT,13,465067
acrZp,2.6666666666666665,9,2,CGCGTAGTCCAGACTAGATT,7,461823
acrZp,2.3333333333333335,8,2,CGCGGTCATCTTCTGTACCG,6,460282
acrZp,4.666666666666667,15,2,CGCCGGATATCCAAGGACAG,13,458040
acrZp,5.333333333333333,17,2,CGACTAAGGGTGGCGTCTGT,15,446006
acrZp,4.333333333333333,14,2,CGACGTTCTTATATTTCTAT,12,409560
acrZp,13.333333333333334,41,2,CGACAGCCCAATCCGTTTAA,39,462377
acrZp,3.3333333333333335,11,2,CCTTTGAGCAGTCTGTAACG,9,417437
acrZp,6.333333333333333,20,2,CCTGGCTTTAAGTGCCGATT,18,426932
acrZp,7.666666666666667,24,2,CCTGCGTTCTGGTACGTTTA,22,429207
acrZp,6.333333333333333,20,2,CCTCGGATAACCTAGGAACG,18,466843
acrZp,9.666666666666666,30,2,CCTCCCTCCGAAGCTCAGAG,28,411975
acrZp,2.3333333333333335,8,2,CCTAATCTGTTAAATTTCCC,6,437291
acrZp,14.666666666666666,45,2,CCTAATCACGTCCTTCTGAG,43,417541
acrZp,4.0,13,2,CCGTGTAACCACCAAGACGG,11,416351
acrZp,12.0,37,2,CCGTGCAGTTTCCGTAGCTC,35,426447
acrZp,6.333333333333333,20,2,CCGTCTATTAGTATTACGTC,18,441230
acrZp,5.0,16,2,CCGGTATTTGTTAATAATTA,14,444825
acrZp,8.333333333333334,26,2,CCGGCTCCTCATCTAGCGCA,24,429090
acrZp,7.333333333333333,23,2,CCGGATATCATGAGGGCACC,21,459172
acrZp,5.666666666666667,18,2,CCGCTATGTTGACATTTGAA,16,436776
acrZp,33.0,100,2,CCGCGCTCACAACCAATCGT,98,467532
acrZp,7.0,22,2,CCGCGAGGATAAGCAGGTGT,20,450707
acrZp,5.333333333333333,17,2,CCGACTTGCGCTACCGTGAG,15,460083
acrZp,5.333333333333333,17,2,CCCTCCTTGCAAATCACGAC,15,412728
acrZp,6.666666666666667,21,2,CCCGGAGGGACCAAAAAATC,19,436089
acrZp,42.666666666666664,129,2,CCCGCGTGGAGGGATCAGGG,127,437975
acrZp,4.666666666666667,15,2,CCCCTGGCAGGCTCGGGTAA,13,432860
acrZp,3.6666666666666665,12,2,CCCCTATAAATTAGTGGCCA,10,420843
acrZp,1.3333333333333333,5,2,CCCCTAGCATTCCATACAAC,3,409428
acrZp,10.666666666666666,33,2,CCCCGGTGTGGATTTCCCAC,31,430575
acrZp,2.3333333333333335,8,2,CCCCATACCACAACCAAAAG,6,436947
acrZp,7.0,22,2,CCCAGCGGACGAGGAGCATT,20,457336
acrZp,3.0,10,2,CCCAGAGCGCAATCCGGGTA,8,434367
acrZp,15.0,46,2,CCCACTGGTCACACGCGCAA,44,460625
acrZp,8.333333333333334,26,2,CCCAATTATGTCTAGATCCT,24,452094
acrZp,7.666666666666667,24,2,CCAGCGATGTAAAAGAGCGG,22,412295
acrZp,6.666666666666667,21,2,CCAGACGCGGAACACAGGTC,19,420780
acrZp,4.333333333333333,14,2,CCACTCGGATTCTGGTGTAA,12,423349
acrZp,2.0,7,2,CCACTCATATTCGGAAGGGG,5,439945
acrZp,2.0,7,2,CCACGGTTAGTCATCGTAAT,5,461707
acrZp,0.6666666666666666,3,2,CCACGGTGTACAGGGAGACG,1,420260
acrZp,3.0,10,2,CCACCTCAGGTTCCTTTTAT,8,428322
acrZp,7.0,22,2,CCAAGGCCATGTTGTCCATT,20,414183
acrZp,8.0,25,2,CCAAATTCTGAGGGATCCGT,23,465431
acrZp,4.666666666666667,15,2,CATTATACTGATGGGGGACA,13,435555
acrZp,1.6666666666666667,6,2,CATGTGGCTCCGGCAAGCGC,4,445844
acrZp,8.0,25,2,CATGCAGTAGCACCGAACAA,23,462806
acrZp,0.6666666666666666,3,2,CATCGTATCAGGTCGATGCC,1,417837
acrZp,5.333333333333333,17,2,CAGTGTCTCTTCTCCTATAT,15,438135
acrZp,4.333333333333333,14,2,CAGTAGCTTAAAGCGAGGTG,12,441308
acrZp,6.333333333333333,20,2,CAGGTGTGACGGCCGACGTA,18,438469
acrZp,0.6666666666666666,3,2,CAGATTGCGAATCGATTTTT,1,466383
acrZp,6.333333333333333,20,2,CACTCCAATCAAGCTCTGGT,18,426691
acrZp,3.6666666666666665,12,2,CACTACTTCTTGACATGCGG,10,415451
acrZp,4.666666666666667,15,2,CACGACCAGGATCGGGGCGC,13,422398
acrZp,4.0,13,2,CACCTTGGAGAAGGAAGGAG,11,424641
acrZp,8.0,25,2,CACCTAAAACATAGATAACA,23,441982
acrZp,3.3333333333333335,11,2,CACCGGGCAGTCAGCATGAA,9,464147
acrZp,5.666666666666667,18,2,CACACCTGCAGATGACGTTT,16,443668
acrZp,27.333333333333332,83,2,CACAATCGCTCGGAATGTGC,81,452272
acrZp,6.666666666666667,21,2,CACAACGGTAAGCTTGGGAA,19,453015
acrZp,7.666666666666667,24,2,CAATATAAGGGCAGATCCAG,22,440157
acrZp,8.666666666666666,27,2,CAAGGACTTCTTCCACTATC,25,453911
acrZp,8.0,25,2,CAAGCTACTGAAAGGCGAAA,23,455795
acrZp,5.333333333333333,17,2,ATTTCTTCGAAGCATGGGTC,15,452219
acrZp,2.6666666666666665,9,2,ATTTACCGGTGTGCCATCCA,7,431963
acrZp,7.0,22,2,ATTGTGCCCCGTGTCGCCTA,20,452717
acrZp,1.0,4,2,ATTAGAGGAGATACTCAAAC,2,447252
acrZp,10.0,31,2,ATGTGTGATGCTTCGTGTCG,29,431261
acrZp,24.0,73,2,ATGTGTGAGCATTGGAAATC,71,425984
acrZp,2.0,7,2,ATGTGTCCGGAAAGTCGGAA,5,456348
acrZp,4.0,13,2,ATGGTAAAGAGATTACCCAC,11,461942
acrZp,2.3333333333333335,8,2,ATGGCTAAGACGGGGTTCGT,6,444882
acrZp,4.333333333333333,14,2,ATGCGTGGAGCCTAGAAGGC,12,419979
acrZp,13.0,40,2,ATGCCGAGGGGTCGGATTTA,38,416868
acrZp,4.333333333333333,14,2,ATGCATATCAAAGCAATTTC,12,412081
acrZp,6.666666666666667,21,2,ATCTTGAAAGGACCTGCCGG,19,452052
acrZp,3.6666666666666665,12,2,ATCTTCCTAAAAACCAACGG,10,418857
acrZp,6.0,19,2,ATCGTCCTTCCGTTTTGTCA,17,438034
acrZp,4.333333333333333,14,2,ATCGGGCAGGGAACTTATGT,12,420391
acrZp,6.333333333333333,20,2,ATCGGGAGCAGGAGCAAAGA,18,449940
acrZp,10.0,31,2,ATCCGCTGTGCCCTGCGGTG,29,416455
acrZp,7.666666666666667,24,2,ATCACCATGGGGCACAGTGC,22,460908
acrZp,28.333333333333332,86,2,ATATCAGTAATGTATTTGTT,84,422664
acrZp,14.666666666666666,45,2,ATATAGTGAGAGTCACCGGA,43,437524
acrZp,3.6666666666666665,12,2,ATAGCAGTTTTGCTCGGCGC,10,444535
acrZp,7.333333333333333,23,2,ATAGAGTTCTGAATGCAGTC,21,464201
acrZp,7.666666666666667,24,2,ATACGATGAAAGACACTGAT,22,445134
acrZp,6.666666666666667,21,2,ATACATGCGCTCGCCTCGGT,19,442715
acrZp,5.666666666666667,18,2,ATACAGCCGGCAGCCTGGTC,16,434823
acrZp,2.3333333333333335,8,2,ATACAAGAGTTCGCCGTGAC,6,445892
acrZp,6.666666666666667,21,2,ATAACCGTTATCGTGCTACG,19,441788
acrZp,0.6666666666666666,3,2,AGTTCTCGGTGTGCCACCTG,1,422132
acrZp,5.333333333333333,17,2,AGTGTATTCGGTGTGCCAGA,15,436097
acrZp,6.666666666666667,21,2,AGTGAATACCTCCTACCTAC,19,413572
acrZp,7.666666666666667,24,2,AGTCTAATCGTTATAGTAGC,22,427278
acrZp,1.6666666666666667,6,2,AGTCCCGATACAGACGATAC,4,437076
acrZp,9.0,28,2,AGGTGTCGGATCCTTAGACG,26,464096
acrZp,8.666666666666666,27,2,AGGTGAAGAAGGGGGACAGT,25,415768
acrZp,5.333333333333333,17,2,AGGGGGAGAACGTTTGCAAT,15,448503
acrZp,7.666666666666667,24,2,AGGGCGACACCATAGACCGG,22,440748
acrZp,31.0,94,2,AGGGCCTTGAAGAACAGTGT,92,466462
acrZp,0.6666666666666666,3,2,AGGGCCACCGAAAGCCGGCT,1,444224
acrZp,14.666666666666666,45,2,AGGCTGGTCACGACTGCAAT,43,465076
acrZp,9.333333333333334,29,2,AGGCTGCTAGAGTAAGTAAT,27,440019
acrZp,3.3333333333333335,11,2,AGGCTCTCGTTGTAAAGATG,9,448811
acrZp,3.3333333333333335,11,2,AGGCGTAGTGTCGGGACCCC,9,438756
acrZp,5.333333333333333,17,2,AGGCGAAGGAATGTCAATTC,15,457063
acrZp,8.666666666666666,27,2,AGGATCTATTACAGCGCAGC,25,452536
acrZp,3.0,10,2,AGGAGCAATGACTGTATTAA,8,442436
acrZp,4.0,13,2,AGGACACTGACATTGTGCTA,11,441699
acrZp,15.333333333333334,47,2,AGCTGTGTCTATCTTTCTGG,45,441242
acrZp,7.0,22,2,AGCTATTCCAACGGGTAGGT,20,443089
acrZp,34.0,103,2,AGCGTGCCGAAATAACATCG,101,431256
acrZp,27.333333333333332,83,2,AGCATCATATTCGGCTGCGA,81,457603
acrZp,3.0,10,2,AGCACTTACGTTTAACTAAG,8,443446
acrZp,6.666666666666667,21,2,AGCACGTCGCCTTTCAGAGC,19,415211
acrZp,2.3333333333333335,8,2,AGATAGGAAGGTAATACCAG,6,429402
acrZp,7.333333333333333,23,2,AGATACATCATAGGTAAGTC,21,466740
acrZp,7.666666666666667,24,2,AGACTCCAAGACGTCAATGT,22,432152
acrZp,0.6666666666666666,3,2,AGAAGTTTGGATAGCCAGTA,1,443974
acrZp,6.333333333333333,20,2,AGAAGGGCTTCGGTTTCAGA,18,461610
acrZp,8.666666666666666,27,2,AGAAAGACGGGGGCAACGTT,25,433857
acrZp,0.6666666666666666,3,2,ACTTGACGCAATCGAGGGCT,1,440912
acrZp,3.3333333333333335,11,2,ACTTCTAGTAGAAATCCGGT,9,431235
acrZp,1.0,4,2,ACTGTCGCCATTCAAGCATC,2,456762
acrZp,4.666666666666667,15,2,ACTGGACGTTTAGGGTCTTG,13,426196
acrZp,2.6666666666666665,9,2,ACTCTTCAAAGGTGGGTCTC,7,467243
acrZp,4.0,13,2,ACTCACAAGTAAGGCCCATA,11,410113
acrZp,6.666666666666667,21,2,ACTATCTCCGATTGCGGTGC,19,444426
acrZp,1.0,4,2,ACGTGTTTACCCACTGTAGT,2,440176
acrZp,7.666666666666667,24,2,ACGGAATGATCCCTAGGCAT,22,458592
acrZp,7.0,22,2,ACGCGTCATCCCCGCGCGGT,20,451803
acrZp,6.0,19,2,ACGCATGTTGACGACGACTG,17,466153
acrZp,5.0,16,2,ACGATATCACAATAAGGCTC,14,441687
acrZp,5.0,16,2,ACGACTCCGTCGGGGTCTCG,14,418457
acrZp,2.6666666666666665,9,2,ACCTTAAGATGCTATTCGAA,7,446118
acrZp,6.666666666666667,21,2,ACCGGTGCAAGGACTACTAT,19,466417
acrZp,10.666666666666666,33,2,ACCGGCGGTCTGTGATTCTA,31,420783
acrZp,3.6666666666666665,12,2,ACCCAGGAATTACCTTGTTG,10,448876
acrZp,4.0,13,2,ACCCACAGGCGTATGGTATC,11,417326
acrZp,0.6666666666666666,3,2,ACCATAGAGTACTGTCGGGT,1,427733
acrZp,1.6666666666666667,6,2,ACATGAAGCTGTGGTATAGT,4,453416
acrZp,7.0,22,2,ACACTAGGGATTCGAACTCA,20,435615
acrZp,7.666666666666667,24,2,ACAAGATTTGGCCCGCCTGC,22,432108
acrZp,5.666666666666667,18,2,ACAACCCGGCCATAACGCAA,16,436333
acrZp,5.0,16,2,AATTCTTAAACATAGTCTAC,14,417828
acrZp,8.666666666666666,27,2,AATTAGCGAGATGACTCGCA,25,452710
acrZp,12.333333333333334,38,2,AATGTGTCATTGTGTCGTTG,36,462069
acrZp,6.0,19,2,AATCTTACCTACTCGCAGCG,17,416462
acrZp,0.6666666666666666,3,2,AATCTGAGCATAACGCTTGG,1,455354
acrZp,7.666666666666667,24,2,AATCCATAACTCCGGGCTTC,22,420511
acrZp,1.0,4,2,AAGTAGTATGGACCCAGGTG,2,411533
acrZp,6.666666666666667,21,2,AAGGTACCCGCCATCTTGTG,19,438819
acrZp,6.0,19,2,AAGCTTCTTCTAAATACTCT,17,442027
acrZp,0.6666666666666666,3,2,AAGCGGGGTCAGACAAAATT,1,457205
acrZp,6.0,19,2,AAGATCGACTGTACAGTGGG,17,440741
acrZp,3.6666666666666665,12,2,AAGAGACGTTTTTTGCACGT,10,457098
acrZp,4.666666666666667,15,2,AACGACAGAGACCAAGTTTT,13,460677
acrZp,5.666666666666667,18,2,AACCCGAACGTGTGACCGAT,16,428167
acrZp,4.0,13,2,AACCCCGGCCAAGGGGTGTC,11,452999
acrZp,5.333333333333333,17,2,AACCCACGTCACGGAAGTCG,15,428145
acrZp,6.333333333333333,20,2,AACACAACACCGCTAATTCC,18,422815
acrZp,1.3333333333333333,5,2,AACAAGCTTCGGCAAGGTTT,3,444128
acrZp,5.333333333333333,17,2,AAACTCACTGGTCTCCTTCT,15,425452
acrZp,4.333333333333333,14,2,AAACGATCAAGGTGTTAGCC,12,436925
acrZp,2.0,7,2,AAACCGCTACCACCCCTATA,5,430110
acrZp,6.333333333333333,20,2,AAAATCTGAAGATTAAACGC,18,434379
acrZp,4.666666666666667,15,2,AAAAAGGGCTACGCCGGATA,13,453795
acrZp,8.0,16,1,TTTTGTTCTACCGAATATCA,15,439282
acrZp,6.0,12,1,TTTTGGATTCGCTCATACGA,11,426268
acrZp,10.0,20,1,TTTGGTCAATCAATATACAC,19,432961
acrZp,8.0,16,1,TTTGATTGATATTCGCTAAT,15,463043
acrZp,11.5,23,1,TTTCGATTCGCCCACCATCT,22,466956
acrZp,6.5,13,1,TTTATAGAGATAATGGACCA,12,427707
acrZp,5.5,11,1,TTGTTGCTACCTGGCTTCCA,10,455113
acrZp,1.0,2,1,TTGTTCGGAACTATTCCGAT,1,465508
acrZp,28.0,56,1,TTGTTCCTACTCGGCTCGTA,55,464135
acrZp,1.5,3,1,TTGTGGTGTTTCTAGGCATA,2,458493
acrZp,1.0,2,1,TTGTCTGGCGGCCGACCGCT,1,410381
acrZp,4.5,9,1,TTGTACACTCGATTCGATCA,8,428879
acrZp,66.0,132,1,TTGGCCTAGTTTGACGACTG,131,427941
acrZp,6.0,12,1,TTGCCATGTCGTTACGCAGA,11,459521
acrZp,11.5,23,1,TTGATTGCACTCCCCGTATT,22,442921
acrZp,9.0,18,1,TTGATCGTAGGGTCATACCT,17,451419
acrZp,11.5,23,1,TTCTGCTTTTCAGCCAAGTT,22,451874
acrZp,10.5,21,1,TTCTCTGAGGTGAGGCCGCT,20,460819
acrZp,9.0,18,1,TTCGCTAGACGGTCTGGCCC,17,454189
acrZp,9.5,19,1,TTCCGAAGGGGGGAGGGGGG,18,465782
acrZp,6.5,13,1,TTCCAATATGCCTCGAATAA,12,450146
acrZp,9.5,19,1,TTCAGTGAGATAAGGTCCTC,18,409566
acrZp,12.5,25,1,TTCAGCATAGTGGAAATGCT,24,425918
acrZp,8.0,16,1,TTATGTTTTGATGTGCAGCC,15,465185
acrZp,1.0,2,1,TTAGGCACAATTCCCCGGAT,1,437236
acrZp,5.0,10,1,TTACTCCCGCAAGCATTATG,9,429885
acrZp,10.5,21,1,TTAAGCGTATCGTATGGGTC,20,462557
acrZp,4.5,9,1,TTAACTAACGACGTATGCAA,8,460450
acrZp,6.0,12,1,TTAAAACTCTAGTGGTATTT,11,456943
acrZp,11.0,22,1,TGTTGTTTTGTAAGGACACG,21,416819
acrZp,27.0,54,1,TGTGCCGGCATCGACCAATA,53,444178
acrZp,1.5,3,1,TGTCGAGCCACAATACTATA,2,421222
acrZp,38.5,77,1,TGGTTCAAGCTAGGCCAGTC,76,410337
acrZp,14.5,29,1,TGGTTACCATCTAGTGTCTC,28,447197
acrZp,31.5,63,1,TGGTATGCGGAACTACGACG,62,447226
acrZp,13.0,26,1,TGGCCATCGTGCATTTTCGT,25,427474
acrZp,10.5,21,1,TGGCAGGGTGCACAGTGGCT,20,457594
acrZp,2.5,5,1,TGGATCTCACTGTGCCCGTA,4,465614
acrZp,4.0,8,1,TGGACACTGTAATTATTCAC,7,464511
acrZp,9.0,18,1,TGCTGTGTGGAGTATGGCCA,17,456735
acrZp,5.5,11,1,TGCTGACTCAACCGGCAGGC,10,457553
acrZp,5.5,11,1,TGCTGAACCAGCATTGCAAC,10,448249
acrZp,8.0,16,1,TGCTCCAGGCCCGTCATCTG,15,418384
acrZp,7.5,15,1,TGCTATTTGTGATGACGGAA,14,454683
acrZp,9.5,19,1,TGCGATGCGCCAGGGTAAAA,18,464230
acrZp,10.0,20,1,TGCAGTTGCCCAAACGGTCC,19,461537
acrZp,1.5,3,1,TGCAATCGCACTTGCGAAGC,2,423799
acrZp,7.0,14,1,TGCAATCCGATGAATTAAAA,13,411169
acrZp,21.5,43,1,TGCAACGAGTCGAACACTGG,42,408812
acrZp,5.0,10,1,TGATTCGCGCAGTTTGTGGT,9,448931
acrZp,10.5,21,1,TGATGAAAGCGCGCATTGGA,20,429624
acrZp,1.0,2,1,TGAGCGCGGCGGGCCGATTC,1,466534
acrZp,8.5,17,1,TGACTTTCCGTGTGTTGGTT,16,460685
acrZp,9.0,18,1,TGACGGCCCCAGAGCCAGCC,17,420452
acrZp,8.0,16,1,TGACCTACTCCCGGCGCTTT,15,465167
acrZp,4.5,9,1,TGACAACAATAAAAGGCACT,8,458175
acrZp,7.5,15,1,TCTTTATTGCAGAGGATCAT,14,411688
acrZp,32.0,64,1,TCTTGCAAGTTAGAACCATC,63,461084
acrZp,7.5,15,1,TCTGTACAGGCTCCAATTGG,14,418852
acrZp,8.0,16,1,TCTCGTTGTCCGACAAGGAC,15,463212
acrZp,28.0,56,1,TCTACAAAGCAGTAAGCAGG,55,418498
acrZp,5.0,10,1,TCGTGCAAACGTCAATACCT,9,413715
acrZp,4.5,9,1,TCGTCTGAAAGCGGACACAT,8,448255
acrZp,5.0,10,1,TCGCCTTTTACCACGGTGGG,9,417123
acrZp,20.0,40,1,TCGACTTACCCGGTCTCTCA,39,461607
acrZp,12.5,25,1,TCCTGAACGGGAGGTCGAGC,24,454587
acrZp,13.0,26,1,TCCTCTGTGTGTTACAATGG,25,422158
acrZp,1.0,2,1,TCCTAAACCTTTTATCGGTC,1,444750
acrZp,4.5,9,1,TCCGAACAACCGAAGTGTGT,8,463893
acrZp,8.5,17,1,TCCCTGGGCCTCTCCCCAAT,16,414935
acrZp,10.5,21,1,TCCCCACGATGGTAAAAAGC,20,431067
acrZp,10.0,20,1,TCCCAGGTGTGTTCACACGG,19,460747
acrZp,5.5,11,1,TCCAAGGTTCGAGAGTCCTC,10,438667
acrZp,10.0,20,1,TCAGTGGTGGCATACGAATG,19,427424
acrZp,12.0,24,1,TCAGTCGGCTTATAGCAAGT,23,448307
acrZp,19.0,38,1,TCAGGTTTAGAAATGCATGT,37,415214
acrZp,8.5,17,1,TCAGGTCAGGCGTGCTGGGC,16,415208
acrZp,5.0,10,1,TCAGGGGAAGCCAGACCTCT,9,444538
acrZp,5.0,10,1,TCAGACTTTGGTATTGGGTT,9,463919
acrZp,3.5,7,1,TCACAGACAAATCAACGGTC,6,414713
acrZp,4.5,9,1,TCAAGAAAAGTTGCATCAGG,8,430766
acrZp,1.0,2,1,TATTGAATGCGACTTCAAGC,1,455198
acrZp,7.5,15,1,TATTCTCATACCGGCGAACT,14,454437
acrZp,11.0,22,1,TATGCCGTACACTCGTCCCT,21,466728
acrZp,2.5,5,1,TATGAGATAGATAGACCCCC,4,462161
acrZp,9.0,18,1,TATGAATCGACATCAGAGTG,17,452280
acrZp,8.0,16,1,TATGAAGCAGGTTCTAAGGC,15,444446
acrZp,4.5,9,1,TATCGATATTGGGCTCACCT,8,427215
acrZp,5.5,11,1,TATAATGGCAGAACGGACGT,10,467142
acrZp,12.0,24,1,TAGGTGCCGTGGATACTACA,23,413555
acrZp,3.5,7,1,TAGCAGCCCTCGTTATACAT,6,415692
acrZp,4.5,9,1,TAGACTTGCTCTCCTGTAAA,8,428699
acrZp,2.5,5,1,TACTAGCAGGGTGCACAGTA,4,464910
acrZp,11.0,22,1,TACGCGGCAGGGTTTGCCCT,21,421760
acrZp,18.0,36,1,TACCCGCAATCCTTTAATAC,35,415793
acrZp,9.5,19,1,TACAGGGCCGGAGCTTGGTG,18,413717
acrZp,12.0,24,1,TACAATAGTTGACTAAGACT,23,467460
acrZp,9.0,18,1,TAATTAAAATCGCTCATTAC,17,414182
acrZp,12.0,24,1,TAATAGCCGCGAAGTGAGAT,23,459458
acrZp,1.0,2,1,TAATACCGCAGAGCAGTCAT,1,449690
acrZp,3.0,6,1,TAAGCACGTCAAGCGGAATA,5,419672
acrZp,13.5,27,1,TAACTCAGGCGAGCCTGGGT,26,410956
acrZp,10.0,20,1,TAACGTTCGACTAGATGAAC,19,435687
acrZp,14.0,28,1,TAACGGCGCTATTCAAATGC,27,418773
acrZp,1.0,2,1,TAACAAATCCTGCTAGAACC,1,452842
acrZp,17.5,35,1,TAAAGCGCAAACCAAGCGTA,34,436984
acrZp,5.0,10,1,GTTTCGCATTTAATGGCCCC,9,446566
acrZp,18.0,36,1,GTTTCGCATGGAGCCGCTAT,35,430653
acrZp,8.0,16,1,GTTGCTTTCTAGGACGGGTT,15,421843
acrZp,11.5,23,1,GTTGCTCAATATTCCGGCTC,22,419811
acrZp,13.5,27,1,GTTGCAGTTGTTCAATTGTC,26,434216
acrZp,5.5,11,1,GTTCTGGAGATGCGCTCGTC,10,456581
acrZp,60.0,120,1,GTTCCTTGTTGTACCTACAC,119,449532
acrZp,5.5,11,1,GTTAGGGACCCGTCGCCTCG,10,451535
acrZp,14.5,29,1,GTTAGGCGGTGACGAGAATT,28,431970
acrZp,12.5,25,1,GTTAAGGTCTACGAAGTAGG,24,419589
acrZp,7.5,15,1,GTGTCGGACTACTCAGTTGC,14,426688
acrZp,27.5,55,1,GTGGGCGTCCACTTGAACCT,54,438711
acrZp,6.5,13,1,GTGCTTTAAGTAGCGCTAAT,12,455782
acrZp,1.0,2,1,GTGACCAAGTAACGGAAGCT,1,447515
acrZp,8.0,16,1,GTCTATTCTGATGTTGACAT,15,457910
acrZp,62.0,124,1,GTCGTATAGAAATCGCCCTT,123,464138
acrZp,11.5,23,1,GTCGGCTGTGGATCCGAGTC,22,420286
acrZp,17.5,35,1,GTCCGTGGAGTAACGTGAGC,34,462579
acrZp,11.0,22,1,GTCCGCACATGAATTAGATT,21,414633
acrZp,10.0,20,1,GTCAGTCATCGATACTCACC,19,467582
acrZp,35.0,70,1,GTCAGGCATAGGGCATCAAG,69,437085
acrZp,13.5,27,1,GTCACAGGCGCGCCTCGACT,26,441343
acrZp,7.5,15,1,GTATTACACTGGCCTCTGTG,14,416761
acrZp,24.0,48,1,GTAGTGGACCGAGTCGAGAT,47,457592
acrZp,2.0,4,1,GTACCCTAGCTCGGGGCAGG,3,441696
acrZp,12.5,25,1,GTACAATCCAGCATGAATCG,24,438087
acrZp,3.5,7,1,GTAAGCGCGTACGTTTTCGC,6,464502
acrZp,1.0,2,1,GTAAAAGGCTGACTACAGTG,1,419759
acrZp,7.0,14,1,GGTTGTGAAACCTGAGGTAA,13,454888
acrZp,17.0,34,1,GGTTAATGCACCTCTCAGTA,33,458456
acrZp,6.5,13,1,GGTCTTCCTCCTTCAGTTAA,12,418935
acrZp,15.0,30,1,GGTCTGGAACTTCTACTTTC,29,414927
acrZp,10.0,20,1,GGTCTCAAGGGGGTGGAGTA,19,438030
acrZp,8.5,17,1,GGTATTCTATCTGGTATTCA,16,451770
acrZp,6.5,13,1,GGGTTCGATACACTTAACAG,12,423257
acrZp,6.0,12,1,GGGCTCGGGTGGCTGTTTTC,11,460260
acrZp,8.0,16,1,GGGCGGCGCGTCGGTTTCAA,15,456606
acrZp,7.5,15,1,GGGCGCCGCAATATGAGGAG,14,441124
acrZp,7.5,15,1,GGGATTTCCTAAAGTTCGTG,14,440417
acrZp,5.5,11,1,GGGACATGTAAACTTACACT,10,420430
acrZp,8.5,17,1,GGGACACTAACCGCCAGATG,16,444309
acrZp,10.5,21,1,GGCGCTTGCCTAGCTCTGAC,20,455289
acrZp,11.5,23,1,GGCGCTGGGAAGAGTCAGCT,22,446762
acrZp,1.0,2,1,GGCCCATAGCCCCACTGCGT,1,466344
acrZp,7.5,15,1,GGCAGTAGGAACGGTTGGCG,14,441251
acrZp,22.0,44,1,GGCACGCACGCGATCGTCGT,43,450688
acrZp,9.5,19,1,GGATTCCTCAAACCATGGAG,18,444500
acrZp,8.0,16,1,GGATAGGTTATTTCTCCGAT,15,426367
acrZp,30.0,60,1,GGAGTTCGAAAATGCGATGT,59,451578
acrZp,10.5,21,1,GGAGGGTGTAATATAGAATA,20,430102
acrZp,10.5,21,1,GGAGCCAACCTTCCATGAAG,20,445167
acrZp,19.5,39,1,GGACGTCCATGTCGCATTCC,38,412458
acrZp,9.5,19,1,GGAATGCCCTCAGATTGTCC,18,456553
acrZp,7.5,15,1,GGAACGTACGTAACACAAAA,14,456572
acrZp,4.5,9,1,GGAACATTATTACATCTGAA,8,433402
acrZp,17.0,34,1,GCTTTTCATCGACTATGCCC,33,432078
acrZp,7.0,14,1,GCTTTGGCAAGATAGAGGGT,13,459448
acrZp,8.0,16,1,GCTTCACTATACTCTTATTG,15,425852
acrZp,4.0,8,1,GCTCTCGCGGGGCTTTATAT,7,459513
acrZp,21.0,42,1,GCTCGAGGAGAGTCTAACGT,41,456986
acrZp,8.0,16,1,GCTCCCAATTACTACCGAGT,15,420359
acrZp,10.5,21,1,GCTCAGACGGGCAACACTGC,20,424777
acrZp,10.0,20,1,GCTAAGGAACGTCAGTTATC,19,461234
acrZp,22.0,44,1,GCGTTGGTTTGGACTCCAAT,43,428738
acrZp,13.0,26,1,GCGGTTGAACGATTTGCCAT,25,424735
acrZp,13.0,26,1,GCGGTACCGCGTGGGCTATG,25,435157
acrZp,14.0,28,1,GCGGCGCTGACGACGTTTCG,27,449498
acrZp,35.5,71,1,GCGCGAGTTCGATCTCTGGC,70,411784
acrZp,4.5,9,1,GCGATCAGATTCTATGGCCA,8,424514
acrZp,5.5,11,1,GCGAATGTGTGTTGCGTCGG,10,444987
acrZp,9.0,18,1,GCGAACTTAGGTAGCACTAT,17,459138
acrZp,6.5,13,1,GCCTTATATCTCAACGGTGT,12,450154
acrZp,4.5,9,1,GCCGTCCTGGAACGGGCGCA,8,457963
acrZp,10.5,21,1,GCCGGATTTTAGGGTCAGGG,20,456043
acrZp,12.0,24,1,GCCCGGGGGTAGTCGAACCT,23,446935
acrZp,9.0,18,1,GCCCGCCTCTCAAGTATAGA,17,461642
acrZp,11.0,22,1,GCCCACTTATCAATCTGTCT,21,441212
acrZp,1.5,3,1,GCCACGACCAGATTGTAAAG,2,409333
acrZp,9.5,19,1,GCATACAATAGCAGTAGTTA,18,463793
acrZp,13.5,27,1,GCATAAGGGAGGTTTCATGG,26,449353
acrZp,13.0,26,1,GCACCGGTGTTGATTATTCA,25,466287
acrZp,10.5,21,1,GCAATTTCAAGAATGTCTAC,20,419163
acrZp,17.0,34,1,GATTACTCAGATATCACCGT,33,428441
acrZp,6.5,13,1,GATGTTTGACTAATTAAGCT,12,460621
acrZp,1.0,2,1,GATGGTCTGGAAACAAATGG,1,409018
acrZp,18.0,36,1,GATGCTCAGAATTGGCTCTG,35,467114
acrZp,8.0,16,1,GATGCGGAAGAGGCAGAGGA,15,462904
acrZp,36.0,72,1,GATCTGGAGTCATCCTATAC,71,441645
acrZp,3.5,7,1,GATCGCGAAAAAACCAGGCA,6,427699
acrZp,10.5,21,1,GATAGGTTAGGGATCTAATC,20,457913
acrZp,12.0,24,1,GATAGAACGTATTATTAGCT,23,437095
acrZp,6.0,12,1,GATAAGTGAAGCACGATTCT,11,452448
acrZp,9.5,19,1,GATAAGCAGTTTCTACGCCA,18,466011
acrZp,2.5,5,1,GAGGGTAATGCTTGATGGGT,4,457825
acrZp,1.0,2,1,GAGGCAGGGCTTCGACCCCA,1,420240
acrZp,8.0,16,1,GAGCTTAGGTAGTTTGGGCT,15,436084
acrZp,2.5,5,1,GACTGATCCCGGGAAAGATT,4,440680
acrZp,19.5,39,1,GACTATCCACTTACTACGAT,38,418899
acrZp,7.0,14,1,GACTAACACGCTCTGGCTCA,13,445354
acrZp,9.0,18,1,GACATATCAGCTACAAGTCT,17,444975
acrZp,14.0,28,1,GACACATAACGAGAATCGAG,27,440129
acrZp,7.0,14,1,GAATTTGTGATACTGTCGCT,13,437074
acrZp,8.5,17,1,GAATTTCTGGCGTCGGTGAC,16,409287
acrZp,3.0,6,1,GAATTGGGCACGATTCGTCC,5,438028
acrZp,10.0,20,1,GAATGAACAAGGTTGGGCAT,19,419656
acrZp,8.0,16,1,GAAGTTGGATGTCATCCACA,15,426275
acrZp,8.0,16,1,GAACTTCAGTCCATACAACA,15,409812
acrZp,10.0,20,1,GAACTAGGCCTCAATGAATA,19,419701
acrZp,8.0,16,1,GAACTAAATCGCTTGAAACG,15,452005
acrZp,10.5,21,1,GAACGGTATTAAAAATGCTC,20,457920
acrZp,8.5,17,1,GAACGACCATAGAGGCCGTT,16,435946
acrZp,8.0,16,1,CTTTTAGCTACTTCGATCCT,15,436091
acrZp,6.0,12,1,CTTTGCTACCGGTTCCCATA,11,451718
acrZp,10.5,21,1,CTTGACAATCCTCTCGGGAC,20,456806
acrZp,7.5,15,1,CTTCTCTTTGAATGGGGTTT,14,451861
acrZp,1.0,2,1,CTTCCGCGGCACAGAACAAA,1,450199
acrZp,23.5,47,1,CTTCCCGCGTTAACCTCGGA,46,452982
acrZp,7.0,14,1,CTTCAGGGCTGGGACCCTCG,13,447692
acrZp,6.5,13,1,CTTAGGGGGAATGTGAGCTG,12,425421
acrZp,26.5,53,1,CTTAGGGCCTCCTCTCAGGG,52,452103
acrZp,9.5,19,1,CTTAGCTTATGTCCGTCACG,18,458764
acrZp,8.5,17,1,CTTACACGCACGGCACTTGT,16,435441
acrZp,6.0,12,1,CTTAATTTGTCACCGGATCC,11,410724
acrZp,9.5,19,1,CTGTTCTAGGAGAGGTGTGT,18,409171
acrZp,3.5,7,1,CTGTAGCTGGATGCTAGGTT,6,421397
acrZp,6.5,13,1,CTGCAGTGGTAGTAATGTTC,12,432893
acrZp,8.5,17,1,CTGCAGCAGGCTTCGTAAAA,16,412935
acrZp,8.0,16,1,CTGACATCACATAAATTCAT,15,452125
acrZp,13.5,27,1,CTGACACACTGCGCTACGAT,26,449064
acrZp,5.0,10,1,CTGAAGTTAGCTGTTCGGAA,9,429386
acrZp,9.0,18,1,CTCATAAGAGTGCAATTGTG,17,409585
acrZp,5.5,11,1,CTCAGGGTCTCTGCGGGGCG,10,410472
acrZp,4.5,9,1,CTCAGCTTTGCGACGTATGC,8,460446
acrZp,4.5,9,1,CTCAACTCGTATGAGAATCC,8,441993
acrZp,12.0,24,1,CTATATCAAACCAGGCGGGG,23,418652
acrZp,8.5,17,1,CTAGGACATCCAAATCAGTG,16,432368
acrZp,5.5,11,1,CTACCTCCTTGATCGGATAT,10,418516
acrZp,13.0,26,1,CTACCATGTGTTGCTATAGC,25,434980
acrZp,7.0,14,1,CTACAGCCGCTCCCCCCGGG,13,429698
acrZp,11.0,22,1,CTAATGCCACTGCACCGTTG,21,435857
acrZp,8.0,16,1,CTAATCGTTGACTATGGGAT,15,439676
acrZp,8.0,16,1,CGTTTTCTAATGTTATAATT,15,437904
acrZp,2.0,4,1,CGTGTTAGAACATTCCCACA,3,436370
acrZp,9.5,19,1,CGTGTAGGGATCATTACGAT,18,447194
acrZp,6.5,13,1,CGTGAATTCATTCCCAGCGG,12,449255
acrZp,1.0,2,1,CGTCTGTACTGCTCCATTAG,1,464442
acrZp,10.5,21,1,CGTCCTCTTAAGCCTCCGCT,20,441429
acrZp,18.0,36,1,CGTATAACAAAGAGAGTATG,35,427529
acrZp,6.0,12,1,CGTAGCAACGGACTCACACA,11,449632
acrZp,1.0,2,1,CGGTTTTCTACCTCATAGCA,1,454490
acrZp,1.5,3,1,CGGTTTCATTGGAGGTCTTG,2,411076
acrZp,7.0,14,1,CGGTGGCCTTACGCGCTAGA,13,453183
acrZp,38.0,76,1,CGGCGGTGGAGTCAGTAACC,75,466963
acrZp,1.0,2,1,CGGCGATTGGGTAGCCCGTG,1,458664
acrZp,8.5,17,1,CGGCCTAACTTGTGGTGTTT,16,466972
acrZp,15.0,30,1,CGGAGGTGGGATCGTTGGTC,29,417047
acrZp,9.5,19,1,CGGAATTCTTGTCTTTCACC,18,463988
acrZp,1.0,2,1,CGCTTTATGCAGTACTAAGG,1,445384
acrZp,8.5,17,1,CGCTTGCGAACTTGCAGTCG,16,450636
acrZp,7.0,14,1,CGCTGGGTCGAAACCAATTC,13,409619
acrZp,4.0,8,1,CGCTGAGGTGCGATTTTTCC,7,410954
acrZp,39.5,79,1,CGCGATCGTGGATAAGTGTG,78,466960
acrZp,13.5,27,1,CGCCTCATCAACTTCTCATG,26,458146
acrZp,10.0,20,1,CGATGGAGGGGCCTGTACCG,19,457868
acrZp,11.5,23,1,CGATAAGTGCTTGGATTTCG,22,414332
acrZp,1.5,3,1,CGAGCACGAAGGCCTCTCTT,2,410837
acrZp,9.0,18,1,CGAGATATACAAGCGCCTTG,17,457926
acrZp,9.5,19,1,CGACTACGTCTATATGAGAC,18,425901
acrZp,18.5,37,1,CGACGCCGAATAAATCGAAG,36,418878
acrZp,8.5,17,1,CGACCTTCTCAAATGTAATA,16,465195
acrZp,2.0,4,1,CGAATGTTGGCCGCACTTGT,3,419524
acrZp,16.5,33,1,CGAATGTTCTGGTCGAACGA,32,413428
acrZp,5.5,11,1,CCTTTTATGTTTGTTCAAAG,10,467350
acrZp,6.5,13,1,CCTTTCTACTACCATCCCGT,12,439506
acrZp,8.5,17,1,CCTTGTAAGTGAGTACAGGT,16,455103
acrZp,3.5,7,1,CCTTCTTTTATAACGTACAG,6,413888
acrZp,5.5,11,1,CCTTAATAGAATCAAGAGGT,10,441441
acrZp,12.0,24,1,CCTGTGGCTAAGCTTTGTGA,23,443246
acrZp,1.0,2,1,CCTCTTAGACCCCCGCCGCA,1,410098
acrZp,5.0,10,1,CCTCGGGAGTTTGGGCAGAA,9,434777
acrZp,10.5,21,1,CCTCCGTCATCGGCCTACAT,20,452962
acrZp,1.0,2,1,CCTAGGAAGGTAGTGCGGCC,1,439341
acrZp,27.0,54,1,CCTAACGCCACATTCCTCAT,53,452074
acrZp,2.5,5,1,CCGTTCAGTTTTCTTATCAT,4,429832
acrZp,8.0,16,1,CCGTGCCCCTCGGTACGCTG,15,467655
acrZp,8.5,17,1,CCGTCTGGTGCGTAAGTTGT,16,454853
acrZp,8.0,16,1,CCGCCTTTGGATGGCTTCGA,15,413238
acrZp,11.5,23,1,CCGATCAGCCCGGTTCCAGT,22,434650
acrZp,44.0,88,1,CCGAGGGGAACCCACTGTAG,87,414910
acrZp,9.0,18,1,CCGACCTTTAAGATCAAGCA,17,416999
acrZp,6.0,12,1,CCGAATATCTTTACTATATT,11,434481
acrZp,12.5,25,1,CCCTTATACCCGCGATTCTT,24,439820
acrZp,16.5,33,1,CCCTAGTCTACGTGTTCGTT,32,424778
acrZp,6.0,12,1,CCCGTCCGTCTTTAGGAAAT,11,411122
acrZp,17.5,35,1,CCCGATTAGTACCAGTACGG,34,445267
acrZp,11.5,23,1,CCCATCGTCGAGTGATTTCG,22,409470
acrZp,1.0,2,1,CCCACCGCGAAAATCTTAGT,1,429484
acrZp,22.5,45,1,CCATCTGGTACCTCCGGAGC,44,425866
acrZp,18.0,36,1,CCATCAGACAGAGCCTCGTT,35,418838
acrZp,3.5,7,1,CCATAATTTGTGCATCGCCC,6,439343
acrZp,7.0,14,1,CCAGCTCTCCCATGGAGAAG,13,415033
acrZp,12.0,24,1,CCACTTGGGCTTTGCATCCA,23,451006
acrZp,12.5,25,1,CCAATCGAAAGCCAGCAGCT,24,417470
acrZp,7.0,14,1,CCAACCGGGCTCCCACCTAT,13,415327
acrZp,9.0,18,1,CCAAAGCTCTTTATGTGTCG,17,437796
acrZp,17.5,35,1,CCAAACAAATGCCGCGAGAT,34,450603
acrZp,9.5,19,1,CATTCTATCTTGGGCGCAAT,18,415143
acrZp,11.0,22,1,CATGTATGTAGTCTCCATTT,21,457921
acrZp,27.0,54,1,CATGGTCCCCACAGCATACT,53,452541
acrZp,18.0,36,1,CATGCTCGCGCAGAACGTTA,35,466784
acrZp,19.5,39,1,CATGATTAAGCCATCGTACA,38,411773
acrZp,10.5,21,1,CATGACCAAGGATGGATATA,20,425805
acrZp,11.0,22,1,CATCTGATTTAGCGAGGCTA,21,417740
acrZp,9.5,19,1,CATCGTAACCATGCAGGGAG,18,445544
acrZp,1.0,2,1,CATCGCTTGAACACATTTCA,1,415689
acrZp,12.5,25,1,CATCAGAAACTGCATTTTGG,24,443129
acrZp,4.0,8,1,CATAGGGTAAACAGGGTGGT,7,418867
acrZp,6.5,13,1,CATACACGGCTGAAGAGTTG,12,434243
acrZp,3.0,6,1,CAGTTAAATCTCACGGTTTG,5,457065
acrZp,10.0,20,1,CAGTAGCTTGTCGATTTCGT,19,409541
acrZp,10.5,21,1,CAGGTGCCTCAACATAACGT,20,451241
acrZp,2.0,4,1,CAGGGAGACATTGACCGAGA,3,425282
acrZp,1.0,2,1,CAGCTCTTCTCTGAACAGAG,1,413918
acrZp,7.5,15,1,CAGCTATTCGCAAACCAAGG,14,440205
acrZp,12.0,24,1,CAGCGGCAGCGAACTTAACG,23,449914
acrZp,3.5,7,1,CAGCCCTCACACCGCGCTTG,6,428187
acrZp,11.0,22,1,CAGCACTCACCACAGCACGT,21,462911
acrZp,2.5,5,1,CAGATGCCGGAGAAAGAAGA,4,452053
acrZp,11.0,22,1,CACTTTGGTTATCCAGTTCT,21,411564
acrZp,1.0,2,1,CACTCTAGAGAGTTGTACTT,1,438570
acrZp,8.5,17,1,CACGTCATGGAATACCTCGT,16,419482
acrZp,15.0,30,1,CACGTCATCTAGTTGATGGA,29,461345
acrZp,9.0,18,1,CACGGATATCGGAGTTGTAT,17,416482
acrZp,7.5,15,1,CACGCGAATGGTTGGAGGAT,14,423949
acrZp,4.0,8,1,CACCTGCACTCTCGATGTTC,7,444947
acrZp,1.0,2,1,CACCCGGCGCGTACTGTTAA,1,428429
acrZp,14.0,28,1,CACATTCTTACTGAGGTCCT,27,442835
acrZp,18.0,36,1,CACAACAGTTTGGGGCGGTA,35,410664
acrZp,4.5,9,1,CACAAACTTGCGATTAAATA,8,445927
acrZp,11.0,22,1,CAATATTCTCAGTAGAAATT,21,446197
acrZp,6.0,12,1,CAATAGAGGTATGACTATAG,11,457958
acrZp,17.0,34,1,CAAGGGTGCATACTCAGCAG,33,442809
acrZp,1.0,2,1,CAACTTCGATATATGGTAGG,1,420684
acrZp,8.5,17,1,CAAAGGTAGACGCGGTAGTC,16,414708
acrZp,22.5,45,1,CAAAAGTGGAAGGCATTGAT,44,446259
acrZp,3.0,6,1,ATTTTCGTGTCGCCATGTCT,5,447897
acrZp,6.0,12,1,ATTTCTGCGTTCGGGTAGTC,11,444153
acrZp,1.0,2,1,ATTGGATCCGCGGCCTGATG,1,460094
acrZp,9.0,18,1,ATTGCCCACAAGCACTGGAT,17,466260
acrZp,6.0,12,1,ATTCTGCAAACAGCCCTCTA,11,456469
acrZp,10.0,20,1,ATTATTTGGCAGTCCTTGAG,19,418641
acrZp,3.0,6,1,ATTATGTCAGAAGCCTACGA,5,467098
acrZp,10.0,20,1,ATTACTACGCATGCTCGGTC,19,413742
acrZp,9.0,18,1,ATGTTTCCAAGTGTTGAGCC,17,467125
acrZp,7.0,14,1,ATGTTGAGCGCCTATCTGAA,13,465959
acrZp,10.0,20,1,ATGGGTACTTCTAAGCACTA,19,462935
acrZp,1.0,2,1,ATGGGAATCTTGGTCCTAAA,1,459468
acrZp,4.0,8,1,ATGGCTAGGACCGGAATTGA,7,413510
acrZp,1.0,2,1,ATGCCCTGGCGAGCTCCAAC,1,409910
acrZp,1.0,2,1,ATGACAAGACTGCGCTTGCG,1,452449
acrZp,18.0,36,1,ATCTGAGGTGTTAGTCATTA,35,462831
acrZp,10.0,20,1,ATCTGAGCCCCGCGACACCA,19,434369
acrZp,12.0,24,1,ATCTATGGTTCGCCGGTGCA,23,430979
acrZp,9.0,18,1,ATCTAACATGAGACCGCTCC,17,447896
acrZp,5.0,10,1,ATCGGGCTTCGCCTCACAAA,9,412079
acrZp,10.5,21,1,ATCGAGGGAATTAAATTTAC,20,414406
acrZp,10.5,21,1,ATCCGTCTTGTAACGGCGGG,20,412181
acrZp,1.0,2,1,ATCATAGGGGAGTCATCCTC,1,423444
acrZp,9.5,19,1,ATCAGGAGGGTTGTCCGGCA,18,437977
acrZp,4.0,8,1,ATATGGTAGTTGCTGCCCCA,7,467058
acrZp,11.0,22,1,ATATACTGCGTAATATGCTT,21,461845
acrZp,4.0,8,1,ATAGCAGACAATGCCGCACA,7,419864
acrZp,5.0,10,1,ATAGAAGGTCGCAATCTGAT,9,447071
acrZp,5.0,10,1,ATACTAGCCTCAACACAATG,9,456682
acrZp,7.0,14,1,ATACTAAAGTTTCCAGTGGC,13,434501
acrZp,7.0,14,1,ATAATCCATATTTTTGGGGA,13,414590
acrZp,20.5,41,1,ATAAGCCTGGCACGGCATAT,40,413109
acrZp,5.5,11,1,ATAAGCCGTGAACACCTCTG,10,430038
acrZp,10.0,20,1,AGTTCCGCCCCGAGTTGCAA,19,447203
acrZp,9.5,19,1,AGTGACACGTTGCAAATCAA,18,451244
acrZp,21.5,43,1,AGTCTCCTCCTGTTAAATAT,42,413704
acrZp,3.0,6,1,AGTCTATACATCCCCACTTC,5,439973
acrZp,4.0,8,1,AGTCGGGACTTTGGCATTTA,7,416692
acrZp,3.0,6,1,AGTCCCTCCTTTTTTCGCTT,5,439368
acrZp,1.5,3,1,AGTCATCTTCATCTCTCCTA,2,429850
acrZp,10.0,20,1,AGTACAGTTGCAATGTTGTT,19,425403
acrZp,6.5,13,1,AGGTTACTGCATGTGTCGCC,12,454057
acrZp,5.0,10,1,AGGTCCCGTACGGAGAGTTT,9,411700
acrZp,11.0,22,1,AGGTAAAGTGGGCCGATTCG,21,463721
acrZp,1.5,3,1,AGGCACGCGAGAGACGCCAT,2,418622
acrZp,19.0,38,1,AGGATACTCGCGAACAAATG,37,420456
acrZp,7.5,15,1,AGCTCGATGAAGGATCAGTG,14,410013
acrZp,5.5,11,1,AGCGTGACGCCCGCTCACGT,10,464404
acrZp,9.0,18,1,AGCGTCGAGGCACGACTCGA,17,444336
acrZp,6.5,13,1,AGCGGCGTTATAGTAGCTAG,12,451580
acrZp,6.5,13,1,AGCGCCTCAAACGCCTCCTA,12,448351
acrZp,9.0,18,1,AGCCTCCACGCTACACGTGG,17,442217
acrZp,3.0,6,1,AGCCGGTCATTAATCCTGGT,5,418958
acrZp,14.5,29,1,AGCATGAGCATCTGTCTAAC,28,440557
acrZp,5.5,11,1,AGCACGCGTTGGTGTTGGTC,10,445530
acrZp,28.0,56,1,AGATCAGGGGGCTTCGCACT,55,464152
acrZp,8.5,17,1,AGATACGCTTGGCATAAATG,16,427357
acrZp,14.5,29,1,AGAGTTACTCGCGTCTAATG,28,442035
acrZp,17.5,35,1,AGAGCCCAATCATGTGGCAG,34,451533
acrZp,8.0,16,1,AGACCAACCTGAAAAGCCTT,15,429279
acrZp,4.5,9,1,AGACACTATGATACGTGTCA,8,411727
acrZp,6.0,12,1,AGAATAAAGCCCCCCTGAAA,11,445820
acrZp,7.0,14,1,AGAACGGAAGGTGGTTCAAC,13,444474
acrZp,5.5,11,1,ACTCGTCCGGTGTGTAAGAT,10,462108
acrZp,18.0,36,1,ACGGTCTCTCTATTCATGGT,35,450099
acrZp,10.0,20,1,ACGGTAATATGTGTTCTATG,19,411836
acrZp,6.0,12,1,ACGCCCGTGTGCGTTCATCC,11,432694
acrZp,6.5,13,1,ACGCAGGGGATGGGTCTTAA,12,425687
acrZp,11.0,22,1,ACGATTATCAACCCCTTTAA,21,443290
acrZp,10.5,21,1,ACGATGCATCATCGCGGACC,20,431767
acrZp,11.5,23,1,ACGACGACCTTCCATAGACT,22,433374
acrZp,11.5,23,1,ACGAACCCGGCATTCGACAA,22,464154
acrZp,10.0,20,1,ACCGCTGTTTAATCCCCCCA,19,438977
acrZp,10.0,20,1,ACCGCGACTTCCCAGGTGTG,19,452056
acrZp,1.0,2,1,ACCCGGACCCTGCTATGGTG,1,419818
acrZp,7.0,14,1,ACCCGATACAGGGAAGCGGT,13,457599
acrZp,1.0,2,1,ACCATCCTTGCGTGATTGAT,1,429360
acrZp,7.0,14,1,ACCACCTTTCAATCCGGCGA,13,456445
acrZp,8.0,16,1,ACATTCCTATCGTGAGCCGG,15,464141
acrZp,5.0,10,1,ACATCCAAAAAAGCCGTTCT,9,453302
acrZp,12.5,25,1,ACAGGAAGAGTATACCTAGG,24,460421
acrZp,9.0,18,1,ACACCTGGCTGCAATTACAC,17,429614
acrZp,9.5,19,1,ACACCCGGGCCAGTTACCTT,18,444307
acrZp,10.0,20,1,ACAATTTGTAGTCAAGCGTA,19,435392
acrZp,8.0,16,1,ACAATCCCCCGAGGCTGTGA,15,428564
acrZp,9.0,18,1,AATTGATCCTTGCAGTCTCT,17,453983
acrZp,5.0,10,1,AATTACCTACGCGCAATGCC,9,455159
acrZp,13.0,26,1,AATATCGTCTTATACGTAAT,25,422676
acrZp,1.0,2,1,AATATAAACAAGTGCGTGGC,1,434095
acrZp,6.0,12,1,AAGGTGCCACAATTGTATAA,11,436252
acrZp,7.0,14,1,AAGCTGTAGTTCAGCCAGCT,13,436403
acrZp,6.0,12,1,AAGAGACTAATCGGATCGGG,11,440204
acrZp,8.5,17,1,AAGACTATGAGCGGACAGCT,16,428482
acrZp,1.0,2,1,AACTGTCACTAAGGTAGTGA,1,420451
acrZp,5.5,11,1,AACTCATACATCTAATCCTA,10,424734
acrZp,12.0,24,1,AACGTGCTAAGCTCCGCAGG,23,444190
acrZp,12.0,24,1,AACGTACGCCATAGGCGTTA,23,434479
acrZp,12.5,25,1,AACGGGTGTCACGCAGTACT,24,446325
acrZp,23.5,47,1,AACCTTTCGTGCAATACTAT,46,420460
acrZp,8.0,16,1,AACCGTCCCGGGTCTGTTTT,15,443892
acrZp,5.0,10,1,AACAGACTTCGGCAGCGCTT,9,460558
acrZp,16.0,32,1,AACAATCAGAGGAACATCAA,31,436706
acrZp,9.5,19,1,AAATTGGTTTGCCGCATTTC,18,416767
acrZp,6.5,13,1,AAATGCGGACAGTTGCCCTC,12,453108
acrZp,1.0,2,1,AAAGTGTCACCTCCCTCCCT,1,423571
acrZp,3.5,7,1,AAAGCGGCTTTTGTCAGGAA,6,429441
acrZp,5.5,11,1,AAACTGCCCGAGCATCGGTA,10,455394
acrZp,8.0,16,1,AAACGGGTTCAAATGACGAG,15,451859
acrZp,9.5,19,1,AAAATGTAGTGCCAAATAGA,18,427391
acrZp,10.0,20,1,AAAAAGGGTTTATTTTGAAG,19,463328
acrZp,0.01818181818181818,54,54,CGCAGCCTGAGCGGTCAGTG,0,449941
acrZp,0.018518518518518517,53,53,CTCTTGCGGAACTCAATTCC,0,447190
acrZp,0.019230769230769232,51,51,TGACTGTTTCCTTGCTCTGT,0,435114
acrZp,0.0196078431372549,50,50,GCAGAGGGGAATCTAGATTG,0,465420
acrZp,0.02127659574468085,46,46,ACCTCCAGTAGCGGTCCGTT,0,421640
acrZp,0.023809523809523808,41,41,CCTACCCGCCTTTCCGGAGT,0,412683
acrZp,0.024390243902439025,40,40,TGGACAATCGATGGACTCAG,0,421051
acrZp,0.02702702702702703,36,36,TGGAAGTACCTGCGGAACGC,0,456437
acrZp,0.02857142857142857,34,34,CAGGGAAACTATATAGAAAT,0,430874
acrZp,0.029411764705882353,33,33,TGGGCAGGTGGAAACTCAAT,0,437731
acrZp,0.029411764705882353,33,33,TACTCCGACCCTGTGCCTTG,0,417798
acrZp,0.029411764705882353,33,33,CTTGCACCACCCCAGCTTTT,0,461438
acrZp,0.029411764705882353,33,33,CCTCCCCCAATTACTTGGAG,0,435899
acrZp,0.029411764705882353,33,33,CCCGGCATATCATGACGGAA,0,458357
acrZp,0.029411764705882353,33,33,ATAGATGGCGCATCTGAAGA,0,457732
acrZp,0.029411764705882353,33,33,AACTCAATGGTCTACGGCGT,0,435607
acrZp,0.030303030303030304,32,32,TCAACCGCCGGCCGGGGGCT,0,413057
acrZp,0.030303030303030304,32,32,CTGGGTTCATTAGTCTAATG,0,411326
acrZp,0.030303030303030304,32,32,AGGGGGGAGGGCACCTAGAA,0,414956
acrZp,0.03125,31,31,TATCATCTTAACGCGGCGCC,0,412336
acrZp,0.03125,31,31,GTTGTATTTTTAAGTGCAAC,0,425925
acrZp,0.03125,31,31,CCCACCCGATCTTGTCATTA,0,416339
acrZp,0.03225806451612903,30,30,GATACGTTAAATCACAGAAA,0,418139
acrZp,0.03225806451612903,30,30,CGTCTCGAGCGTTTTCGCTA,0,424157
acrZp,0.03225806451612903,30,30,CAAAGAAATACTGTCTTCGA,0,412025
acrZp,0.03225806451612903,30,30,AAAACGCGTCTAAAGTGCAG,0,432912
acrZp,0.03333333333333333,29,29,GGCAGCGAAACCAGCCCGTT,0,416243
acrZp,0.03333333333333333,29,29,GATTCCCGCGAACAGTTTAT,0,411148
acrZp,0.03333333333333333,29,29,CGTAAGCTGACTGTAAGTTC,0,420237
acrZp,0.03333333333333333,29,29,CGCAGTCTCTTTGGGCTATA,0,445042
acrZp,0.03333333333333333,29,29,AGGTCCCGTCCCCGCAGTAG,0,410822
acrZp,0.034482758620689655,28,28,TCGAGGTAACGACGCCCGTG,0,418764
acrZp,0.034482758620689655,28,28,TATGTTACACAGGGAAGGAA,0,438841
acrZp,0.034482758620689655,28,28,GTGAGTAATGCTTATTGGTA,0,423813
acrZp,0.034482758620689655,28,28,GAACCGGTAATACTTGTTAT,0,446841
acrZp,0.034482758620689655,28,28,CGAAATTAGTTTGTTCCTTC,0,410268
acrZp,0.034482758620689655,28,28,CCCATTAAATTCCGGGCAAT,0,414282
acrZp,0.03571428571428571,27,27,TTCGCAATCGCCGTCACTAA,0,450821
acrZp,0.03571428571428571,27,27,TAGCAATTGCAAGCTCCAAA,0,419099
acrZp,0.03571428571428571,27,27,TAAGAGCGGCACACGTTTGG,0,419165
acrZp,0.03571428571428571,27,27,GTCAGTAGTCTTCCCTGACC,0,427063
acrZp,0.03571428571428571,27,27,GTAGGCTCCATGCAATTATA,0,451038
acrZp,0.03571428571428571,27,27,GGAGTTCCCCTCGGGCGCGA,0,411829
acrZp,0.03571428571428571,27,27,CCGCAGCAGCTTGTTTAGAA,0,448465
acrZp,0.03571428571428571,27,27,CAAAAAGATTGCTCTTCCCA,0,410656
acrZp,0.03571428571428571,27,27,AGGTAAACTCGCGGTGTTTT,0,411898
acrZp,0.03571428571428571,27,27,AAGTCAGAGCTGTTCTAGTA,0,429066
acrZp,0.037037037037037035,26,26,TGTGCCAGGCGGAATAGTTA,0,433673
acrZp,0.037037037037037035,26,26,TGCGATCCAGGTACCGACCT,0,422314
acrZp,0.037037037037037035,26,26,TACAAGTTAGCGAACTGGTT,0,419109
acrZp,0.037037037037037035,26,26,GGGAGGAGCATACTGCTCGT,0,428394
acrZp,0.037037037037037035,26,26,CGTGGGGGAAGCTTTGGATG,0,433775
acrZp,0.037037037037037035,26,26,CAAGAAGCATCGAAAATGAC,0,415018
acrZp,0.037037037037037035,26,26,ATAGAACCCGACGAACGGCT,0,442902
acrZp,0.037037037037037035,26,26,AGGTTCTAAGAGACGAGGCA,0,434289
acrZp,0.037037037037037035,26,26,ACTGGGTGGCGCTATATACT,0,460875
acrZp,0.037037037037037035,26,26,AACTGCGCGGTGACGTTTAG,0,458750
acrZp,0.037037037037037035,26,26,AAAGATACGATGGAAGGCCG,0,426150
acrZp,0.038461538461538464,25,25,TCCACTACGGTGGTCACGCT,0,461111
acrZp,0.038461538461538464,25,25,TACTGTAGTATGCGGCCTGA,0,411918
acrZp,0.038461538461538464,25,25,TACGTATCCGCATTCTTCTT,0,432954
acrZp,0.038461538461538464,25,25,GTTTAAGTAACGTAGTCCCG,0,428114
acrZp,0.038461538461538464,25,25,CATTACGTGTGTGCGCTGAA,0,416098
acrZp,0.038461538461538464,25,25,AGGCCTACAAAAGGGCGGTA,0,423369
acrZp,0.038461538461538464,25,25,AGCCTCGTATGCACCACTCC,0,420557
acrZp,0.038461538461538464,25,25,AAGTCTTAAATCGAGGTATG,0,454340
acrZp,0.038461538461538464,25,25,AACCATGCTGAGCTGTCATA,0,422913
acrZp,0.04,24,24,TTCACCCCGGACCCTTGGCA,0,430366
acrZp,0.04,24,24,TATACGGAATTAATACGTAT,0,428389
acrZp,0.04,24,24,GGGTTAGCCTCGTGTAGGGT,0,448459
acrZp,0.04,24,24,GGGTAAACAGGCTAAGTATT,0,410110
acrZp,0.04,24,24,GGGCTGGTAGCGAAAGGTGT,0,416547
acrZp,0.04,24,24,GCGCAGTTGTTCCAGCTAGA,0,448331
acrZp,0.04,24,24,GATTGGGGTAGGGTGACTGA,0,414773
acrZp,0.04,24,24,CTATAGGTAATATCTGTCAA,0,463897
acrZp,0.04,24,24,CGCGATCAAACTTGGACGAT,0,422417
acrZp,0.04,24,24,CATGTTATGGTTGGTGGGGG,0,455727
acrZp,0.04,24,24,ATTTCGCGGAAGCTTGCAAA,0,430104
acrZp,0.04,24,24,ATGCTACCCATAAACGTCCA,0,452768
acrZp,0.04,24,24,ATCAGTGTCCTCTCGGACTA,0,440936
acrZp,0.04,24,24,AGCGGAATATGTTGAGCATG,0,432111
acrZp,0.04,24,24,ACTGAAGTCCGTTTGAGCTA,0,457400
acrZp,0.04,24,24,ACTACTAATACGGCTTCCAG,0,454585
acrZp,0.04,24,24,ACACGACATGAATGGAAGCG,0,420059
acrZp,0.04,24,24,ACAATGGAATTACCTACTTC,0,432775
acrZp,0.041666666666666664,23,23,TTACCAGAATTGTTTCGTGT,0,413353
acrZp,0.041666666666666664,23,23,TGCCTGTCGCGCACGTGTTT,0,455580
acrZp,0.041666666666666664,23,23,TCTTTTATATCGGGAGTTTG,0,420258
acrZp,0.041666666666666664,23,23,TCGGGTAATAAACCGGGCTA,0,441576
acrZp,0.041666666666666664,23,23,TCATGAGAGGGCTTCGCGGA,0,419949
acrZp,0.041666666666666664,23,23,GCTCAACAGGGGGAGCAACC,0,432220
acrZp,0.041666666666666664,23,23,CGAGTCCAACATATACGGCA,0,417356
acrZp,0.041666666666666664,23,23,CATCAGAGATAAGCTGTCAA,0,411018
acrZp,0.041666666666666664,23,23,ATCAACTCACAATTAGTCAA,0,447289
acrZp,0.041666666666666664,23,23,AGCCAGCCTCGTAGTTGGAA,0,448469
acrZp,0.041666666666666664,23,23,AAGCCCGAGCCAACCTAATA,0,450079
acrZp,0.041666666666666664,23,23,AACGTTGTCGGGACCACTAA,0,444909
acrZp,0.043478260869565216,22,22,TGGAACGATAACGTTAGTCA,0,460941
acrZp,0.043478260869565216,22,22,TGCTTCCAGCGATTACGGTA,0,426229
acrZp,0.043478260869565216,22,22,TCCTGGTCCACCCCCCGCTT,0,453892
acrZp,0.043478260869565216,22,22,TCATATCCGAGTTTTCGGAG,0,413792
acrZp,0.043478260869565216,22,22,TATTTCGTGACCAGCCAGAT,0,431825
acrZp,0.043478260869565216,22,22,GTTGACATCAGTAGGGAGCT,0,417799
acrZp,0.043478260869565216,22,22,GGGTTGGACTTACGTATAAT,0,409547
acrZp,0.043478260869565216,22,22,GGAAACTTAATTTTTGTACT,0,433672
acrZp,0.043478260869565216,22,22,GCCGTATTCTCCTGCTGGTC,0,426318
acrZp,0.043478260869565216,22,22,GAGTGTAGTCCTGCTTTGGA,0,432513
acrZp,0.043478260869565216,22,22,GACGCGTTGACGGCAAGGGG,0,452767
acrZp,0.043478260869565216,22,22,GAAGGTGTGAACCGGGTCTG,0,457146
acrZp,0.043478260869565216,22,22,CTGACTTCGACCAAATGACG,0,409482
acrZp,0.043478260869565216,22,22,CGTTTCTCGGTGCCCCCCCA,0,466409
acrZp,0.043478260869565216,22,22,CGGCCCTGTTGTCCAGGGAC,0,465402
acrZp,0.043478260869565216,22,22,CCTAGGTGAAGTAATTACTG,0,432958
acrZp,0.043478260869565216,22,22,CCACCAGTGGCCCGAACAAG,0,437288
acrZp,0.043478260869565216,22,22,CCACAGGTCAATTCGTAACA,0,420224
acrZp,0.043478260869565216,22,22,CATGGGCGTAATTGCAGCCA,0,430726
acrZp,0.043478260869565216,22,22,AAAACTTGTGGGCGGGATCC,0,449309
acrZp,0.045454545454545456,21,21,TGTGGGTCAAACGGCAACGA,0,437328
acrZp,0.045454545454545456,21,21,TGAATCTTGCCCGGCTGGTT,0,425701
acrZp,0.045454545454545456,21,21,TCTCAGCATAGAATACCTTG,0,436852
acrZp,0.045454545454545456,21,21,GGCCACACTTATATATGACC,0,423951
acrZp,0.045454545454545456,21,21,GCAGCGTACTAGAGAGGGAG,0,431944
acrZp,0.045454545454545456,21,21,GATCCGTACCCGCCCCAACT,0,428864
acrZp,0.045454545454545456,21,21,GAGGAGCCGTACCATAATTT,0,446765
acrZp,0.045454545454545456,21,21,CTATACGGTGTGCTTGGGGA,0,433838
acrZp,0.045454545454545456,21,21,CTACACGACCACCGCGCTCA,0,417352
acrZp,0.045454545454545456,21,21,CGCAGCTGGCTTTCCCCGCA,0,460343
acrZp,0.045454545454545456,21,21,CGCAAATCGACGTATCGCTA,0,419399
acrZp,0.045454545454545456,21,21,CCTACGGGGGGCAGCTGAGT,0,458396
acrZp,0.045454545454545456,21,21,AGACAGGTCGATTTCCCAGT,0,450483
acrZp,0.045454545454545456,21,21,AAGCGGTCCTAAAAGCCCTA,0,435264
acrZp,0.045454545454545456,21,21,AAACCGAGGCAGGGAATCAT,0,463446
acrZp,0.047619047619047616,20,20,TTTTAGCGTAAGTCTGACAT,0,422018
acrZp,0.047619047619047616,20,20,TTGTGTGCCATCGCGACCAT,0,462344
acrZp,0.047619047619047616,20,20,TTCCCCCTCATGTTCGAGCT,0,448666
acrZp,0.047619047619047616,20,20,TGTGGGCCAATTCTGACGTG,0,436909
acrZp,0.047619047619047616,20,20,TGGTGGCCGAGTGCACTCTT,0,440703
acrZp,0.047619047619047616,20,20,TGGCTGAAGTATGGGTCGGG,0,436034
acrZp,0.047619047619047616,20,20,TGGCAAAAGAGGAAACACAC,0,464037
acrZp,0.047619047619047616,20,20,TCTCAAATCGGATGAGGTTG,0,427597
acrZp,0.047619047619047616,20,20,TCCATCAACGACTAAGCACT,0,465852
acrZp,0.047619047619047616,20,20,TCCAGGGAGTAAGATGTGTT,0,459086
acrZp,0.047619047619047616,20,20,GTTGATATGTCGTGAAGACA,0,436857
acrZp,0.047619047619047616,20,20,GGGCAAGTCAAAGTTTGGAT,0,433109
acrZp,0.047619047619047616,20,20,GGCTATATCGGGAGTTGAGG,0,424680
acrZp,0.047619047619047616,20,20,GGCATCCACAGGAGCGTATC,0,433273
acrZp,0.047619047619047616,20,20,GCTTACGTGTTAATGATTGC,0,415172
acrZp,0.047619047619047616,20,20,GCATCCTACGCGTATGATGT,0,437910
acrZp,0.047619047619047616,20,20,GCAAGTTAGGTCAGAGCGAT,0,424582
acrZp,0.047619047619047616,20,20,CTTAACAAGGCTGAATGGAC,0,424966
acrZp,0.047619047619047616,20,20,CGTCTGGCGGGAGTAATCAG,0,455646
acrZp,0.047619047619047616,20,20,CGGGTTAACACTACGCACGC,0,454867
acrZp,0.047619047619047616,20,20,CGAGCGTAGATGGGAGGCTA,0,460499
acrZp,0.047619047619047616,20,20,CCTCAGGTAAGAGTTGAAGC,0,421686
acrZp,0.047619047619047616,20,20,CATTACCCGCACCCAGTGAG,0,446838
acrZp,0.047619047619047616,20,20,CACAAGCAGATATCAGACCT,0,412192
acrZp,0.047619047619047616,20,20,CAATCTGAGTGGTACTAGCA,0,421267
acrZp,0.047619047619047616,20,20,ATTGTTCTCCTGGCAACAAA,0,418318
acrZp,0.047619047619047616,20,20,ATGATAGAATCCACCTGAGT,0,442905
acrZp,0.047619047619047616,20,20,AGGATTGGTACAGGAATAGT,0,434215
acrZp,0.047619047619047616,20,20,AGGAGCAACCCGAGGTAGGA,0,443993
acrZp,0.047619047619047616,20,20,AGCGTCATTGGATCCGAGTA,0,427891
acrZp,0.047619047619047616,20,20,AGAACACTCTCAACTCGTAC,0,423737
acrZp,0.047619047619047616,20,20,ACGTATGCGCGGATACAAAG,0,447281
acrZp,0.047619047619047616,20,20,ACGTAGTGGTAACTGGCTCC,0,418719
acrZp,0.047619047619047616,20,20,AAACTTTTACAAGCAGCCCG,0,424767
acrZp,0.05,19,19,TTTTCTTGAGCCATGCGCAT,0,410379
acrZp,0.05,19,19,TTAACGCAAGTAACGCGTGC,0,415076
acrZp,0.05,19,19,TGGGTGTTGGTGTTCCGGGA,0,424447
acrZp,0.05,19,19,TGGAGTGGCATGTACCTTCC,0,448014
acrZp,0.05,19,19,TCCTTTTGTGGGTAGCTAAC,0,460010
acrZp,0.05,19,19,TCATCAGTCGTGTCAGAGTG,0,446190
acrZp,0.05,19,19,TATAGCTCGGTCTTGTTCTC,0,437691
acrZp,0.05,19,19,TACTTATTCGGTGAGGCCAT,0,425501
acrZp,0.05,19,19,TACTCCCAGGCGCGACTTTA,0,454837
acrZp,0.05,19,19,TACTATGAGTTATCTGACTT,0,409551
acrZp,0.05,19,19,TACTACGATCCGTTTGTGCA,0,424258
acrZp,0.05,19,19,TAATGTAAAAGTGTGAATGA,0,423981
acrZp,0.05,19,19,GTTGGATATTTCTTTGGGAA,0,435985
acrZp,0.05,19,19,GTATGATTAGGACGGCGCCA,0,418188
acrZp,0.05,19,19,GGTCACCTATATTAAAGGAC,0,441156
acrZp,0.05,19,19,GGGGCACTGTACCTCTGATT,0,418805
acrZp,0.05,19,19,GGCCAGGGGATGCTCTGTAC,0,460724
acrZp,0.05,19,19,GCTACTGCTCATACGGCTCC,0,448714
acrZp,0.05,19,19,GCCATCGGTAGCATCCGGGT,0,430794
acrZp,0.05,19,19,GCATTACGTATAAAGCAGGC,0,442964
acrZp,0.05,19,19,GATTTGATGGACCGGCAGTA,0,430222
acrZp,0.05,19,19,CTTAGTGCTTGAATTGAATA,0,412407
acrZp,0.05,19,19,CTGTTTCGAGGAATATGGCC,0,448166
acrZp,0.05,19,19,CTCGAGAGATGCCGGCCGAA,0,460152
acrZp,0.05,19,19,CTATTGCTCGCGATGGGCCT,0,453852
acrZp,0.05,19,19,CTACATCCCGGAGGACTTGA,0,440494
acrZp,0.05,19,19,CGGTTCCGCTTATCACCCTG,0,419406
acrZp,0.05,19,19,CGGAGCTTCCGTGTTGTGCA,0,435875
acrZp,0.05,19,19,CGACAACAGTTAGGTCTCGC,0,413496
acrZp,0.05,19,19,CCCACCTCGTTCGCGATGAG,0,454861
acrZp,0.05,19,19,CCACGATCTATTGCCTTGTC,0,434349
acrZp,0.05,19,19,ATTCGTCAGATTACAGTGTT,0,420709
acrZp,0.05,19,19,ATTCCCGACACGGAGGACGC,0,453981
acrZp,0.05,19,19,ATGGCCCCGAGCCTGACATC,0,424366
acrZp,0.05,19,19,ACCGTCTAACATTTAAAAAG,0,450858
acrZp,0.05,19,19,ACCGATAGGTTACCGGACTT,0,416809
acrZp,0.05,19,19,ACCACTGTAAAGAATCTTGC,0,435779
acrZp,0.05263157894736842,18,18,TTTTTAAAGATGCAGTACCG,0,418712
acrZp,0.05263157894736842,18,18,TTTTACATGCGGGCCTGAAG,0,417360
acrZp,0.05263157894736842,18,18,TTGCCCGCATTCTTCCAGGC,0,448671
acrZp,0.05263157894736842,18,18,TGGTTCCTGGCGTCCATAAA,0,419222
acrZp,0.05263157894736842,18,18,TGGTGCCAAATCGATGTTAT,0,466018
acrZp,0.05263157894736842,18,18,TCTAGGGCGAGTAAAGGAAT,0,461368
acrZp,0.05263157894736842,18,18,TCAGGCCCCTACCTTTTACC,0,414858
acrZp,0.05263157894736842,18,18,TACACTAAAGCGTCGGTGCC,0,414405
acrZp,0.05263157894736842,18,18,GTCTGTGGGAGACTATGCAG,0,430024
acrZp,0.05263157894736842,18,18,GGTGGAAGTGGTCGTATCAA,0,457995
acrZp,0.05263157894736842,18,18,GGGCGTGCCAGAGTGTGAAT,0,421113
acrZp,0.05263157894736842,18,18,GGGATTGCGAGATCACTAAG,0,414797
acrZp,0.05263157894736842,18,18,GGCGTTGTCGCCCCGTCTAT,0,454838
acrZp,0.05263157894736842,18,18,GCACTCATCCCTGTAGGGAG,0,435608
acrZp,0.05263157894736842,18,18,GATAGGACAACACAGTTCAA,0,424591
acrZp,0.05263157894736842,18,18,GAAGGGGCTTCCTGTCACGT,0,430367
acrZp,0.05263157894736842,18,18,CTGTCCCCGCCGACGACTGG,0,422751
acrZp,0.05263157894736842,18,18,CTGGAAGGCACGCCGCACCC,0,454392
acrZp,0.05263157894736842,18,18,CTCAGCGCGACAAGTGCCGG,0,410386
acrZp,0.05263157894736842,18,18,CTAAGGAGTGGGGAGTTCCG,0,447313
acrZp,0.05263157894736842,18,18,CTAAGCCTGCACAATCGCCA,0,424256
acrZp,0.05263157894736842,18,18,CGCTTGTAAATGTGAGAACA,0,465131
acrZp,0.05263157894736842,18,18,CGCTGATCCCCGCATGGGAA,0,428432
acrZp,0.05263157894736842,18,18,CGATAGGGGTTCCAGGCGAA,0,440300
acrZp,0.05263157894736842,18,18,CCGGGCAGTCAGAGCTTTGA,0,446675
acrZp,0.05263157894736842,18,18,CATTTCCGGAGGGTATAGCG,0,409137
acrZp,0.05263157894736842,18,18,CAGAGAGGCCCAGTTTATCC,0,450333
acrZp,0.05263157894736842,18,18,CAGACTACCTCCCGGGCGAC,0,447442
acrZp,0.05263157894736842,18,18,ATTTGCGTTATTTGCTTTGT,0,439499
acrZp,0.05263157894736842,18,18,ATTACTCCATGAAACTTGAT,0,411489
acrZp,0.05263157894736842,18,18,ATGTCTTTGAGGAAAAGGCT,0,451275
acrZp,0.05263157894736842,18,18,ATGAACACGATAGAAATCGT,0,414247
acrZp,0.05263157894736842,18,18,ATCGAGTTTTGTGAGTTACA,0,416061
acrZp,0.05263157894736842,18,18,AGGTCCCCGCTCCGTGTGGC,0,448466
acrZp,0.05263157894736842,18,18,AGCTTTCGCGATCCAATAGG,0,456102
acrZp,0.05263157894736842,18,18,AGATAAATCTTAGGTGGCAT,0,426298
acrZp,0.05263157894736842,18,18,AGACGGCTCAATCCAAACGT,0,426040
acrZp,0.05263157894736842,18,18,ACTTTACGGTAGTGGCTCAT,0,413763
acrZp,0.05263157894736842,18,18,ACTCTCAGGGGGATCCTTGT,0,412352
acrZp,0.05263157894736842,18,18,ACTCATTGGAATAGCGGGTT,0,425181
acrZp,0.05263157894736842,18,18,AATGCCCCTAGATTGCGATA,0,410109
acrZp,0.05263157894736842,18,18,AACGGCTTTCGGAGTCATCA,0,417893
acrZp,0.05555555555555555,17,17,TTGCTTGACTTGGAATGCTG,0,427281
acrZp,0.05555555555555555,17,17,TGGAGAGAGAATGTGGTGGG,0,457638
acrZp,0.05555555555555555,17,17,TGCGAAACAGGCCCGCGGAT,0,441296
acrZp,0.05555555555555555,17,17,TCTGAGCCCCCACATAACTG,0,415067
acrZp,0.05555555555555555,17,17,TCTCGGGCCTAATGAGCTCA,0,462253
acrZp,0.05555555555555555,17,17,TCGGGGGGTATCTGTCTACA,0,433331
acrZp,0.05555555555555555,17,17,TCGGGGACAATGGACTTTCC,0,426934
acrZp,0.05555555555555555,17,17,TCGCAAGACGGATTTATATA,0,428375
acrZp,0.05555555555555555,17,17,TCAGACCAAACCGCTAAGGG,0,422318
acrZp,0.05555555555555555,17,17,TAGGAGCAGTCCAGAAGTAT,0,461441
acrZp,0.05555555555555555,17,17,TAGACGATACCCAATGTAGT,0,417610
acrZp,0.05555555555555555,17,17,TACTCTCGATAGACCAGCAG,0,460051
acrZp,0.05555555555555555,17,17,TACACGGCTCGAGTTATACA,0,450428
acrZp,0.05555555555555555,17,17,TAAGCAATGGGGGCTATAAC,0,416499
acrZp,0.05555555555555555,17,17,GTTTTGTAAGTGACGCATGA,0,440134
acrZp,0.05555555555555555,17,17,GTTTCAGGGCGGCCGGGATT,0,422207
acrZp,0.05555555555555555,17,17,GTGTATCGGCGACGTGATTT,0,413605
acrZp,0.05555555555555555,17,17,GTCTCACCATACGTCGAGTA,0,414172
acrZp,0.05555555555555555,17,17,GTCCAGCAACCGTTGGAGAT,0,408576
acrZp,0.05555555555555555,17,17,GTACCAGAGGCGCACTCAGC,0,413294
acrZp,0.05555555555555555,17,17,GGGTCCCAATGCGTTACCAA,0,466188
acrZp,0.05555555555555555,17,17,GGCTTAGACGGTTATGTATC,0,421388
acrZp,0.05555555555555555,17,17,GGACACAGCCTCAAAACTAT,0,462491
acrZp,0.05555555555555555,17,17,GCGGGCCAGCCGTATATAAT,0,414745
acrZp,0.05555555555555555,17,17,GCGAATCACCTTAGCACGGG,0,423859
acrZp,0.05555555555555555,17,17,GCCTTTCTAGGGAGGGCGGG,0,416713
acrZp,0.05555555555555555,17,17,CTTCAATGTAGCAAGGCTAC,0,458352
acrZp,0.05555555555555555,17,17,CTATTCGTATGCCACAAAAA,0,455086
acrZp,0.05555555555555555,17,17,CTAAGATAACCGGCCTAGCT,0,411650
acrZp,0.05555555555555555,17,17,CGTATAACCGGCGATGACAA,0,451306
acrZp,0.05555555555555555,17,17,CGCCATTACTTAAGGGACCA,0,423115
acrZp,0.05555555555555555,17,17,CGCATCCTACAAATTACTGT,0,451005
acrZp,0.05555555555555555,17,17,CGAAGCGTCTGTCTTTAAAC,0,448836
acrZp,0.05555555555555555,17,17,CCTTCCTTCGCACCGGTGGC,0,462404
acrZp,0.05555555555555555,17,17,CCGGTTTGAAACAGGATTAG,0,460530
acrZp,0.05555555555555555,17,17,CCAAACCATCTTTTCGCAAG,0,456867
acrZp,0.05555555555555555,17,17,CAATTGACTCTTTACCCCAC,0,421049
acrZp,0.05555555555555555,17,17,ATGTAGGCTCAAACTCTAGC,0,428990
acrZp,0.05555555555555555,17,17,ATCTGACAAACTCGGGTATG,0,414766
acrZp,0.05555555555555555,17,17,ATATAGGATAGGGTAATGTG,0,466050
acrZp,0.05555555555555555,17,17,ATACCGGGGCCGTCACAAGG,0,418760
acrZp,0.05555555555555555,17,17,AGTGGTCTGTGGTATTCCCC,0,434959
acrZp,0.05555555555555555,17,17,AGGCCTGGCCGTTGATGCGC,0,438408
acrZp,0.05555555555555555,17,17,AGCGGCAGATATTTTCGTTA,0,430878
acrZp,0.05555555555555555,17,17,AGATCATATCAGAGAGCTGT,0,449274
acrZp,0.05555555555555555,17,17,AGACAGGGGAGGAAACGTCT,0,439129
acrZp,0.05555555555555555,17,17,ACTTCGCAACTCGTGAGGTT,0,451845
acrZp,0.05555555555555555,17,17,ACACTCTATTGCCCGAGCAT,0,446839
acrZp,0.05555555555555555,17,17,AATCCATTGAACACTACTAT,0,456868
acrZp,0.05555555555555555,17,17,AAGATGGGCCGGAGATCGAG,0,437036
acrZp,0.058823529411764705,16,16,TTTCCGTGCTAACGCGATGT,0,411398
acrZp,0.058823529411764705,16,16,TTTAACTAACCTTGAGAACA,0,450816
acrZp,0.058823529411764705,16,16,TGTCTATAAGTCTCGGCGAC,0,410169
acrZp,0.058823529411764705,16,16,TGGGGCAATCCGGAATCCAT,0,462169
acrZp,0.058823529411764705,16,16,TGGGATACGTTGCTGTAGGT,0,449912
acrZp,0.058823529411764705,16,16,TGAAAGGGGAGCCACAAGTG,0,423321
acrZp,0.058823529411764705,16,16,TCTGTCTATAAGTTGTAGGT,0,426684
acrZp,0.058823529411764705,16,16,TCGTTTAAAGAGAGACTATA,0,416662
acrZp,0.058823529411764705,16,16,TCGGTGGTGTAATTGGGTCT,0,449844
acrZp,0.058823529411764705,16,16,TCCTGTACGCAATCGCGGCC,0,443908
acrZp,0.058823529411764705,16,16,TCATCAATAGCAGTAATCGC,0,440946
acrZp,0.058823529411764705,16,16,TCACCGGAACTGCTACTGTA,0,450797
acrZp,0.058823529411764705,16,16,TCAAACAAGACTTCGTCAAA,0,462641
acrZp,0.058823529411764705,16,16,TAGCCGTGTGCAATAATTCG,0,434986
acrZp,0.058823529411764705,16,16,TAAGGTTTGCCCTTTTCCGT,0,456332
acrZp,0.058823529411764705,16,16,GTTATTCGATTCGGCATTGA,0,422071
acrZp,0.058823529411764705,16,16,GTGCGTAGCACGGGTCGTTT,0,459516
acrZp,0.058823529411764705,16,16,GTGCACGTCATTGCCAAACC,0,446019
acrZp,0.058823529411764705,16,16,GTCAATGTGGACAAGGATCG,0,420003
acrZp,0.058823529411764705,16,16,GTACGTTCTCTCAAGGCCGT,0,453702
acrZp,0.058823529411764705,16,16,GGGTTTTGCTACTTTGTGTA,0,441583
acrZp,0.058823529411764705,16,16,GGACCACACTGTATCAGATG,0,433334
acrZp,0.058823529411764705,16,16,GCTACGTTGCTGAGGGACGT,0,437613
acrZp,0.058823529411764705,16,16,GCGGGTCTGACCGGAACGGG,0,423874
acrZp,0.058823529411764705,16,16,GCATTGTGTCATGGGTGAGG,0,462490
acrZp,0.058823529411764705,16,16,GCATAGAGTGACCAATTCGA,0,443942
acrZp,0.058823529411764705,16,16,GATATACTGTGAGCGTTCAT,0,417711
acrZp,0.058823529411764705,16,16,GACTCGGGTAGGTCAAGGCG,0,456731
acrZp,0.058823529411764705,16,16,GACCTGCTTCGGTATACAGA,0,423334
acrZp,0.058823529411764705,16,16,GAACGTATTTTCGATAAGAT,0,430687
acrZp,0.058823529411764705,16,16,CTTGGTGGGGCCACAAACAA,0,424359
acrZp,0.058823529411764705,16,16,CTCCTAATCTCAAGCCATTC,0,450907
acrZp,0.058823529411764705,16,16,CTCCATACACAAAGGGCACT,0,434788
acrZp,0.058823529411764705,16,16,CTATGAACTTTGAAAGGCAG,0,443124
acrZp,0.058823529411764705,16,16,CTAGCACTCTGTCATCCGGT,0,445750
acrZp,0.058823529411764705,16,16,CGTTATGAACTGGCGGCCTA,0,433159
acrZp,0.058823529411764705,16,16,CGGGCCATCCCATGTAATGG,0,429892
acrZp,0.058823529411764705,16,16,CGCGGCAAGGTTGCAGTTTT,0,419651
acrZp,0.058823529411764705,16,16,CGCAGGAGTTCATCAGGCTA,0,463097
acrZp,0.058823529411764705,16,16,CGCAATTAATAGATTTTAAT,0,427365
acrZp,0.058823529411764705,16,16,CGCAAGGGGTAGCATCCAGA,0,447435
acrZp,0.058823529411764705,16,16,CCTGGGAGCCTGGGTGCTGT,0,408639
acrZp,0.058823529411764705,16,16,CCATTGGGAAACCGGATGTG,0,430817
acrZp,0.058823529411764705,16,16,CCATTCTGCTAGCTGAGCTC,0,441127
acrZp,0.058823529411764705,16,16,CCATAGGGTACCAACTTAAG,0,431951
acrZp,0.058823529411764705,16,16,CCACCGGCGGTTAGAAACTA,0,441493
acrZp,0.058823529411764705,16,16,CATTAATCCCGCTTCAAGCA,0,429077
acrZp,0.058823529411764705,16,16,CATGCATTTGGGCGTGCGGT,0,413563
acrZp,0.058823529411764705,16,16,CATCATCGCCTACCCGTGGG,0,410701
acrZp,0.058823529411764705,16,16,CAGGCGTTAGATAAGTCTGT,0,464028
acrZp,0.058823529411764705,16,16,ATGTTAAGTTCATAAGCTTG,0,430923
acrZp,0.058823529411764705,16,16,AGTTTCATGATTCGAAGCAA,0,433228
acrZp,0.058823529411764705,16,16,AGAGTGGTACAAAAGATAGC,0,437516
acrZp,0.058823529411764705,16,16,AGACAGGGCCAGCTGACAGT,0,425495
acrZp,0.058823529411764705,16,16,ACGTCGCTGGCTTTCTTATT,0,413002
acrZp,0.058823529411764705,16,16,ACGGTTGTCCAATTGGTCCT,0,426556
acrZp,0.058823529411764705,16,16,ACGCCGGGTTTAGCTATCAT,0,466431
acrZp,0.058823529411764705,16,16,ACATTACTTGGGCATCCCTT,0,414412
acrZp,0.058823529411764705,16,16,ACATACGATTACGATCCGGC,0,441992
acrZp,0.058823529411764705,16,16,AATGACACGACTCCATGGCG,0,418448
acrZp,0.058823529411764705,16,16,AAGTGCAGCCTCGCTTCTGC,0,414284
acrZp,0.058823529411764705,16,16,AAGTCCCGCCATCCTATTCG,0,411064
acrZp,0.058823529411764705,16,16,AAGGGCCGACGATCTCCCAA,0,450085
acrZp,0.058823529411764705,16,16,AACTCCGTGCGCATGCGGGT,0,422545
acrZp,0.058823529411764705,16,16,AACGACAGGCTTACTAGCGT,0,442757
acrZp,0.058823529411764705,16,16,AACCGGGACAGTCCACACGT,0,465998
acrZp,0.0625,15,15,TTTCGTACTTTCGTCCTGGC,0,428428
acrZp,0.0625,15,15,TTTAATTCAGTGTAGGGAGA,0,443784
acrZp,0.0625,15,15,TTGGTGGCACCCTCAATGCT,0,466092
acrZp,0.0625,15,15,TTGGTCACAAGGCGGGCCTT,0,452777
acrZp,0.0625,15,15,TTGGACTGGTGTGTGCGGTT,0,411164
acrZp,0.0625,15,15,TTGAGTTAAAATATGTGGTC,0,420792
acrZp,0.0625,15,15,TTATTCAAATGCGGTCCATG,0,426632
acrZp,0.0625,15,15,TGTGTAGCCACCAGTGTTTC,0,429998
acrZp,0.0625,15,15,TGTATGTGGATGTTAGTCTT,0,459128
acrZp,0.0625,15,15,TGTAACGTCGCTTTAAGTGC,0,420006
acrZp,0.0625,15,15,TGGCGCGAAAAGTACTAGAA,0,448939
acrZp,0.0625,15,15,TGGCCCTATGCTAGATACAA,0,422416
acrZp,0.0625,15,15,TGCCCCGTGCAACTACTCCA,0,446863
acrZp,0.0625,15,15,TGCACTGACATTCCATACCT,0,422714
acrZp,0.0625,15,15,TGACCAACCGGTGGATGCGC,0,448085
acrZp,0.0625,15,15,TGAAGGGAAATATGTGGCGT,0,446995
acrZp,0.0625,15,15,TCTCAAACGAGCAGGACCGG,0,460441
acrZp,0.0625,15,15,TCTAACTTTATCGGAGCAAC,0,435253
acrZp,0.0625,15,15,TCCTGAGAGCGGAGCGACAA,0,446593
acrZp,0.0625,15,15,TCCATCTGGACGGACTGGCC,0,418193
acrZp,0.0625,15,15,TCAGATCGGGACAATACTTA,0,452375
acrZp,0.0625,15,15,TATTTATGATCTTACCTGCA,0,446982
acrZp,0.0625,15,15,GTGAGTTCGAATATGACCTA,0,415844
acrZp,0.0625,15,15,GTCCATAAATGTAAGCTTTT,0,426085
acrZp,0.0625,15,15,GTATGATCACCATACGGGAT,0,460930
acrZp,0.0625,15,15,GTACAACAAATAGTGGTTGT,0,448681
acrZp,0.0625,15,15,GGGGTATAAAATAACTCGAC,0,466567
acrZp,0.0625,15,15,GGCTGACGCCGCATCTTCTT,0,427982
acrZp,0.0625,15,15,GGAGACTCAAAGCGTATAAT,0,439098
acrZp,0.0625,15,15,GCTGGCCTCGCCGACCGAAT,0,440366
acrZp,0.0625,15,15,GCTCCGCAAACCACCAACCC,0,434258
acrZp,0.0625,15,15,GCTATGGCTGCTGAGGTATG,0,422808
acrZp,0.0625,15,15,GCCTCGGATTTATGGTTCGA,0,440263
acrZp,0.0625,15,15,GCCTACGTTTGACCCGGGGG,0,441586
acrZp,0.0625,15,15,GCCATATCGGTAGGCAATCG,0,447472
acrZp,0.0625,15,15,GCAGGGAGCCCGGCTAGGGG,0,447758
acrZp,0.0625,15,15,GATCTGCCATCCCAATGCTC,0,434330
acrZp,0.0625,15,15,GATCGAAGTTCGCACGGTGA,0,414450
acrZp,0.0625,15,15,GACCCCGCCTTTACTGGTGC,0,465010
acrZp,0.0625,15,15,CTTACGAGGATAAACAGAAG,0,414580
acrZp,0.0625,15,15,CTGGACATGAATTGTTAGAT,0,430629
acrZp,0.0625,15,15,CTCGTGTTGGAGTGCGTAAC,0,455350
acrZp,0.0625,15,15,CTAGCATGATAGGCTAGGTG,0,443754
acrZp,0.0625,15,15,CTAGAGGCAATGTGGACCAC,0,424328
acrZp,0.0625,15,15,CGTAGATCCGGTCTGTCGAT,0,414523
acrZp,0.0625,15,15,CGTACATCCCATCCGAAGCT,0,415102
acrZp,0.0625,15,15,CGGCCCGTACCCCGAAGCTA,0,420556
acrZp,0.0625,15,15,CGCGGTGCTCGCTTATAGAT,0,420138
acrZp,0.0625,15,15,CCTTGTCTGTTACGCCGGCT,0,411067
acrZp,0.0625,15,15,CCTTACAAGAAAGGTCTGCT,0,437912
acrZp,0.0625,15,15,CCTCGCTCTCTTCAAAAGGG,0,434975
acrZp,0.0625,15,15,CCTAGCTTGTTACTGACAGT,0,455345
acrZp,0.0625,15,15,CCTAGCGTGCTTTTAGAGTT,0,421851
acrZp,0.0625,15,15,CCGGAATGAAAGTCATAATT,0,419232
acrZp,0.0625,15,15,CCCGAAAGTCTGGGCATGAT,0,437215
acrZp,0.0625,15,15,CCACTCCACGTGCGGGCTCG,0,440710
acrZp,0.0625,15,15,CCAACCGTTAGGAGTAGAGA,0,446173
acrZp,0.0625,15,15,CAGTCGCTGTATCGGCAAAT,0,412410
acrZp,0.0625,15,15,CAGTACTAAACGGCTCGTGC,0,414850
acrZp,0.0625,15,15,CAAGTACGCTCAGCTTAGCA,0,417290
acrZp,0.0625,15,15,ATTAGGCGTCACGACTCCTG,0,420778
acrZp,0.0625,15,15,ATCTGCGCGCTTGACTGGAG,0,452627
acrZp,0.0625,15,15,ATAGAAGTGTATGATCTTGA,0,438089
acrZp,0.0625,15,15,AGTGGCGAAGCGCTGTTGTT,0,450683
acrZp,0.0625,15,15,AGTCACAATTTCTCAGTTAA,0,461464
acrZp,0.0625,15,15,AGGTCGTATCTGCCGGTTAT,0,409362
acrZp,0.0625,15,15,AGGGTACGCATGATGGCTGT,0,451796
acrZp,0.0625,15,15,AGCGTAACATTTGGGTCCCA,0,439924
acrZp,0.0625,15,15,AGCCAGCCATTCTTTTCGAC,0,412116
acrZp,0.0625,15,15,AGCACGAGCCCCAGTAGGCT,0,423108
acrZp,0.0625,15,15,AGAGACTATCAATGCCGGAA,0,419795
acrZp,0.0625,15,15,AGAAAGGGTATCTGGCGAGT,0,429048
acrZp,0.0625,15,15,ACTATCGAATAATGTCATCG,0,451343
acrZp,0.0625,15,15,ACGTCTATAAGACCGTTTTT,0,438805
acrZp,0.0625,15,15,ACGAGTAGAGGGCGAAATTG,0,434885
acrZp,0.0625,15,15,ACCACTAGCTAGATCGTTAT,0,457207
acrZp,0.0625,15,15,AATTTGGTATGCGTCCTGCA,0,423501
acrZp,0.0625,15,15,AATGGTAACCGTTAGCCCCA,0,421424
acrZp,0.0625,15,15,AATAGTGACCCTCTTAAAGC,0,423129
acrZp,0.0625,15,15,AAGGCTCAAATGCACTCCGA,0,415335
acrZp,0.0625,15,15,AACGACAAAACCTACACTCA,0,441036
acrZp,0.0625,15,15,AACCAATGCCGGGACATTCG,0,457037
acrZp,0.06666666666666667,14,14,TTTAGGTGGCATGTGCCTTC,0,454718
acrZp,0.06666666666666667,14,14,TTTAGATAGTCAAGTACTCC,0,425496
acrZp,0.06666666666666667,14,14,TTGGCGTCAAGTTTGCAATG,0,451798
acrZp,0.06666666666666667,14,14,TTCTGGGGGAGCGCACGAGG,0,463905
acrZp,0.06666666666666667,14,14,TTCCGTACAGACACTTCGGG,0,419017
acrZp,0.06666666666666667,14,14,TTAATTCACCCTAATTCAGA,0,453094
acrZp,0.06666666666666667,14,14,TGGTTAGGCACAGATCCATG,0,457776
acrZp,0.06666666666666667,14,14,TGGGTCCCATCGCCATCATA,0,411372
acrZp,0.06666666666666667,14,14,TGGGACACGGTGCCCCATCA,0,415579
acrZp,0.06666666666666667,14,14,TGGCTTTACTTTAGACAATA,0,412873
acrZp,0.06666666666666667,14,14,TGGCGTCAACGGCATATCGG,0,429232
acrZp,0.06666666666666667,14,14,TGGAAAGTAACACAGACAGA,0,425633
acrZp,0.06666666666666667,14,14,TGCCGTGGCTGTACACAGGA,0,446351
acrZp,0.06666666666666667,14,14,TGCACATTCTCCTTTAGCGT,0,437028
acrZp,0.06666666666666667,14,14,TGAGGTAATGTGTAGATATG,0,457640
acrZp,0.06666666666666667,14,14,TGAACGCAGCGGAGCGTCCT,0,419168
acrZp,0.06666666666666667,14,14,TCTGCTCTTCTGGGGGTTCT,0,411673
acrZp,0.06666666666666667,14,14,TCTCATAGCAACGAGATGCA,0,434881
acrZp,0.06666666666666667,14,14,TCTCAGCTGTCGGCCAGAAC,0,409782
acrZp,0.06666666666666667,14,14,TCGCCCCGGATGTGAGTATA,0,417161
acrZp,0.06666666666666667,14,14,TCATGCGAACATTTTAAAAT,0,424063
acrZp,0.06666666666666667,14,14,TATCACAGTCATGGGCGACG,0,443790
acrZp,0.06666666666666667,14,14,TATAGTCAATGTGAAAATTA,0,412517
acrZp,0.06666666666666667,14,14,TATAGCGGGTGGCCGCTACG,0,410108
acrZp,0.06666666666666667,14,14,TAGGGTGACAAATTGGCTTC,0,411062
acrZp,0.06666666666666667,14,14,TAGCGAAGGGCTGAACCAGG,0,447553
acrZp,0.06666666666666667,14,14,TACGTCCCATCTTGTCATGA,0,435334
acrZp,0.06666666666666667,14,14,TAATGCCGTATGACCAGCTG,0,408862
acrZp,0.06666666666666667,14,14,TAAGGTGAGGCCAACTTCTC,0,442815
acrZp,0.06666666666666667,14,14,TAAGGGAGCGGAAATCGACG,0,435987
acrZp,0.06666666666666667,14,14,TAAAGCTGCCTTATTTTTGG,0,446111
acrZp,0.06666666666666667,14,14,GTGGTCACGACGTAATTCAG,0,463408
acrZp,0.06666666666666667,14,14,GTGGGATCGGCGGATGCAGT,0,427763
acrZp,0.06666666666666667,14,14,GTGCGTACGGCAAATCAATA,0,462494
acrZp,0.06666666666666667,14,14,GTCTGGCGTCGTCTACCAAT,0,410020
acrZp,0.06666666666666667,14,14,GTCGCATCTTTGTATGTAAA,0,434083
acrZp,0.06666666666666667,14,14,GTCCAGTTCTGTGTAAGGAT,0,430214
acrZp,0.06666666666666667,14,14,GTACTATGCAGCTCGGTACT,0,455044
acrZp,0.06666666666666667,14,14,GTACATGGGAGAACGCGCAG,0,418638
acrZp,0.06666666666666667,14,14,GGTTTCTTGGCGAGGACCTG,0,424537
acrZp,0.06666666666666667,14,14,GGTTCGATCAAGGCGATTAT,0,447507
acrZp,0.06666666666666667,14,14,GGTCCTATTGATAAGCCATA,0,414448
acrZp,0.06666666666666667,14,14,GGGGGATTATTGTGTGTATG,0,409436
acrZp,0.06666666666666667,14,14,GGGCATTGTCATAACTATGA,0,453877
acrZp,0.06666666666666667,14,14,GGCTAATTTTCGTTCCGGGT,0,453881
acrZp,0.06666666666666667,14,14,GGCGTTTGAGCTTCAAATGG,0,421156
acrZp,0.06666666666666667,14,14,GCTAAGCTCAGGTTGTCGTA,0,433942
acrZp,0.06666666666666667,14,14,GCGTCAAGGGATTCCCGTTG,0,453820
acrZp,0.06666666666666667,14,14,GCGACATGGAGAGATCAATC,0,434882
acrZp,0.06666666666666667,14,14,GCCTAGAACCGCAATTTCTA,0,438953
acrZp,0.06666666666666667,14,14,GCCGTGGTCTCGGGCGCCCC,0,454156
acrZp,0.06666666666666667,14,14,GCCAGAACATTTCTTCTGGG,0,463205
acrZp,0.06666666666666667,14,14,GCACTCAGGTAGGTTGTCTT,0,445348
acrZp,0.06666666666666667,14,14,GATATCTATTGGGCTCCAAG,0,444011
acrZp,0.06666666666666667,14,14,GAGTCATAGACGCGGGGTTC,0,444821
acrZp,0.06666666666666667,14,14,GAAGTCTGCTCTTCACGTCA,0,441197
acrZp,0.06666666666666667,14,14,GAACTTAGTCTCGCACGAGT,0,439704
acrZp,0.06666666666666667,14,14,CTTAGTGGCTCCGCACCTTA,0,437029
acrZp,0.06666666666666667,14,14,CTGCTGTCGTCTGGTTGACG,0,454560
acrZp,0.06666666666666667,14,14,CTCTTTTAGAAATTGGTTCC,0,415813
acrZp,0.06666666666666667,14,14,CTCTGGTTCTCCTTAAGGCT,0,428852
acrZp,0.06666666666666667,14,14,CTCGCCGGCGGCAATTGCTG,0,454671
acrZp,0.06666666666666667,14,14,CTCAAATTATTGTTTTTCTC,0,460841
acrZp,0.06666666666666667,14,14,CTAAGGGTGCGTCACAGATC,0,414291
acrZp,0.06666666666666667,14,14,CGTGGTCCATAGTGCGGAAG,0,432583
acrZp,0.06666666666666667,14,14,CGTGAAGGGATCATTTGCAA,0,428427
acrZp,0.06666666666666667,14,14,CGGTCGCAACCGTTCCAAAT,0,440585
acrZp,0.06666666666666667,14,14,CGGTCAAATCACAACCCAAC,0,419055
acrZp,0.06666666666666667,14,14,CGGTAGCTTGGGGGTCGGAT,0,419915
acrZp,0.06666666666666667,14,14,CGGGGAAATGCCCTATCTGT,0,429613
acrZp,0.06666666666666667,14,14,CGGAATACCCAAATATACAA,0,443557
acrZp,0.06666666666666667,14,14,CGACCACGAAAATTGGGGTA,0,414127
acrZp,0.06666666666666667,14,14,CGAAAATCGTAACCGGCAGT,0,414853
acrZp,0.06666666666666667,14,14,CCGGGTTTGTAACGGCGCGA,0,427734
acrZp,0.06666666666666667,14,14,CCAATAGGCTAAAGCGCGCA,0,461299
acrZp,0.06666666666666667,14,14,CATGTTTTGGCCGCGAAGTT,0,439383
acrZp,0.06666666666666667,14,14,CATAGGAGGGCTAGTCAGCC,0,426822
acrZp,0.06666666666666667,14,14,CAGCCCTTGCAAGACTTACA,0,419425
acrZp,0.06666666666666667,14,14,CACTTTGATTGATGACCCCG,0,414659
acrZp,0.06666666666666667,14,14,CACTTGGATTTACGCAGGTG,0,410089
acrZp,0.06666666666666667,14,14,CACTCCTGAGCTAAGGGATA,0,411722
acrZp,0.06666666666666667,14,14,ATTTTGTATCCGGGTGCTAG,0,413383
acrZp,0.06666666666666667,14,14,ATTAACGGCCACTTTTATTT,0,431575
acrZp,0.06666666666666667,14,14,ATGGGAACGGGGCCTCCCAC,0,431556
acrZp,0.06666666666666667,14,14,ATGAAAATGCAGACCTCGTC,0,448393
acrZp,0.06666666666666667,14,14,ATCATGAATCGCGTCACATA,0,422459
acrZp,0.06666666666666667,14,14,ATATCGTGACTTCGCGAAAC,0,428237
acrZp,0.06666666666666667,14,14,ATAGACACATGGACATCTGT,0,424193
acrZp,0.06666666666666667,14,14,ATAAGGACTGGATTTAACCT,0,435377
acrZp,0.06666666666666667,14,14,AGTTCGTGAGTACCCGAGTC,0,413666
acrZp,0.06666666666666667,14,14,AGGTGGAATTAGAGTCCGCT,0,423105
acrZp,0.06666666666666667,14,14,AGGCGCCAAACCCGCATACT,0,438602
acrZp,0.06666666666666667,14,14,AGGCCACAGTGGATCGAAAC,0,427233
acrZp,0.06666666666666667,14,14,AGGCCAATCTCAGGTGAATT,0,436288
acrZp,0.06666666666666667,14,14,AGCGGCCATCAAATTGCTAA,0,441492
acrZp,0.06666666666666667,14,14,AGCCGTCCCAGTACCGTCTT,0,448664
acrZp,0.06666666666666667,14,14,AGCCAGAAAGAGTCAATGCA,0,409187
acrZp,0.06666666666666667,14,14,AGCCACACTGGTCCGCCGGT,0,448026
acrZp,0.06666666666666667,14,14,AGATGATTGACTCTTCTATG,0,459548
acrZp,0.06666666666666667,14,14,AGATCGTCTAACGCACAATG,0,452771
acrZp,0.06666666666666667,14,14,AGACATGTTATATAAGTCGG,0,456965
acrZp,0.06666666666666667,14,14,AGAATGGCTAGACTTCAGGT,0,432215
acrZp,0.06666666666666667,14,14,AGAAGCACTGTGAGAGCTTT,0,449250
acrZp,0.06666666666666667,14,14,ACTTCTGGGAGAGCTTCCTT,0,414587
acrZp,0.06666666666666667,14,14,ACGTACTGTGAGGTCAGGTG,0,423549
acrZp,0.06666666666666667,14,14,ACGGGACGGCATGCTAACAA,0,431759
acrZp,0.06666666666666667,14,14,ACGGCTTTTCCGGAAGCATT,0,436938
acrZp,0.06666666666666667,14,14,ACGCTCGTTCATTCATTTTT,0,416350
acrZp,0.06666666666666667,14,14,ACGATCTCGGTAAACCCCAC,0,452186
acrZp,0.06666666666666667,14,14,ACCGTTAATCATGCCTACTC,0,439095
acrZp,0.06666666666666667,14,14,ACCGGGCAGAACAGATTTTA,0,447828
acrZp,0.06666666666666667,14,14,ACCGGCCCCCCGTTAGTATT,0,461548
acrZp,0.06666666666666667,14,14,ACCCGGCGGGATTTCGGTGT,0,435617
acrZp,0.06666666666666667,14,14,ACCCATTTGGAACGAGAGTG,0,420906
acrZp,0.06666666666666667,14,14,ACATAACCCCGTCCCCACTT,0,422348
acrZp,0.06666666666666667,14,14,AATGAACGTGCGGGGTGCGT,0,414761
acrZp,0.06666666666666667,14,14,AATAAGCGGCGTGTCGCAGG,0,452732
acrZp,0.06666666666666667,14,14,AAGGTATTGGTTGAGAAAAA,0,434780
acrZp,0.06666666666666667,14,14,AACGAAACAGGGCTTACCTA,0,435115
acrZp,0.06666666666666667,14,14,AACAATTCAACAAATCCCGC,0,427760
acrZp,0.07142857142857142,13,13,TTTTGCCGTGAACTACGGCA,0,419517
acrZp,0.07142857142857142,13,13,TTTGTCCCTGTAGTTTCACG,0,438764
acrZp,0.07142857142857142,13,13,TTTGCCGGGCAAGGGAGGAA,0,463901
acrZp,0.07142857142857142,13,13,TTCTGGTAGATAACTTTGGG,0,443714
acrZp,0.07142857142857142,13,13,TTCATCACTTCGTACCAACT,0,424183
acrZp,0.07142857142857142,13,13,TTACTATTGGAGTCCAGATT,0,439969
acrZp,0.07142857142857142,13,13,TGTTGGGTTAGCGGCGAGAT,0,446240
acrZp,0.07142857142857142,13,13,TGTTCGAGTTAAGCTAACTA,0,437610
acrZp,0.07142857142857142,13,13,TGTCCACCGCCCAGTACGCA,0,415435
acrZp,0.07142857142857142,13,13,TGGGCCGCTACCTAATGTGT,0,449988
acrZp,0.07142857142857142,13,13,TGGCTTACCATCTGATAATA,0,411724
acrZp,0.07142857142857142,13,13,TGGCTGACAAAAGGGCTTTG,0,415452
acrZp,0.07142857142857142,13,13,TGCGGTCATCGCCGTCAGCC,0,436724
acrZp,0.07142857142857142,13,13,TGCGAGCTCGGGACTGGATT,0,466343
acrZp,0.07142857142857142,13,13,TGAGTCCAAGTCTGTGGCGA,0,434320
acrZp,0.07142857142857142,13,13,TGACCTATCATCAAGATTGA,0,431632
acrZp,0.07142857142857142,13,13,TCTTTGCCGCGGCCACTTTT,0,444331
acrZp,0.07142857142857142,13,13,TCTTAGTCTTCGAGGTGGTA,0,416381
acrZp,0.07142857142857142,13,13,TCTTACTCTTGTGGACGTGG,0,432151
acrZp,0.07142857142857142,13,13,TCTCTTGGAATACGCTGAGA,0,431021
acrZp,0.07142857142857142,13,13,TCTCATTCACTGAGGGATGG,0,415744
acrZp,0.07142857142857142,13,13,TCGTAGAGCTAGAAAAACGG,0,424621
acrZp,0.07142857142857142,13,13,TCAGGATTCATGATAAAAAG,0,426253
acrZp,0.07142857142857142,13,13,TAGCAAGGACAGAGCGGCAA,0,454582
acrZp,0.07142857142857142,13,13,TACCCCAGTAGTTGACTCAG,0,441548
acrZp,0.07142857142857142,13,13,TACCATTGATTAGTACCCAG,0,443901
acrZp,0.07142857142857142,13,13,TACCATTAGGCATTGAAATA,0,448702
acrZp,0.07142857142857142,13,13,TACCATCGCATACTCGTGCG,0,464798
acrZp,0.07142857142857142,13,13,TACACTCCGGTTAGGTAATT,0,410515
acrZp,0.07142857142857142,13,13,TAAGGAGGGAAGCACCATGT,0,465371
acrZp,0.07142857142857142,13,13,TAAAGCTTGCGTTTCAACTG,0,453271
acrZp,0.07142857142857142,13,13,GTGCTTCCCTCGACGAAAGG,0,461833
acrZp,0.07142857142857142,13,13,GTGCTCAGTAGCACAGATGA,0,430790
acrZp,0.07142857142857142,13,13,GTGAAGCCATAGGAGGGTTC,0,413458
acrZp,0.07142857142857142,13,13,GTCGGGAATTGCGACCTCTT,0,465007
acrZp,0.07142857142857142,13,13,GGGTTCCTTTTCGTTAAGTT,0,437611
acrZp,0.07142857142857142,13,13,GGGTACATCCGCACGGCATT,0,424431
acrZp,0.07142857142857142,13,13,GGGGTCCGCTGGTCTAAGGG,0,454220
acrZp,0.07142857142857142,13,13,GGCTTTGCATGTCACACAAG,0,455143
acrZp,0.07142857142857142,13,13,GGCTGCTCAATCCTAATGAG,0,434690
acrZp,0.07142857142857142,13,13,GGCTCTGTGTTTTCGCTAGT,0,430209
acrZp,0.07142857142857142,13,13,GGCGGGCTCCCAATAATCAG,0,453273
acrZp,0.07142857142857142,13,13,GGATGGAAACTAATTACGTT,0,462981
acrZp,0.07142857142857142,13,13,GGAATAATATTGGATGATCA,0,409313
acrZp,0.07142857142857142,13,13,GCTGCTTTTAACTAGCGAGA,0,410610
acrZp,0.07142857142857142,13,13,GCGTATGCTTATGTGGACGT,0,424018
acrZp,0.07142857142857142,13,13,GCCTTGGTCACACAGGTTAG,0,427762
acrZp,0.07142857142857142,13,13,GCCTGGGGTGGTGTGGATTA,0,422909
acrZp,0.07142857142857142,13,13,GCCGGAGGGAGGACGATGCA,0,423830
acrZp,0.07142857142857142,13,13,GCCCGGCTTCTGAAATCAAG,0,432412
acrZp,0.07142857142857142,13,13,GCAGAGGTGGCCATCAGCGA,0,415612
acrZp,0.07142857142857142,13,13,GATTTATTCCCGTCATAGCT,0,455279
acrZp,0.07142857142857142,13,13,GAGTTACCTGGAAGTGATGT,0,447835
acrZp,0.07142857142857142,13,13,GAGCTGGCCGCTTAGATAAA,0,443275
acrZp,0.07142857142857142,13,13,GACTGAAATGTACGATGTGT,0,431631
acrZp,0.07142857142857142,13,13,GAATGGGACCCGTAGATCCT,0,409128
acrZp,0.07142857142857142,13,13,GAACAAAGTTATAACGACAA,0,418766
acrZp,0.07142857142857142,13,13,CTTGTACCAAGATCCGCTTA,0,440445
acrZp,0.07142857142857142,13,13,CTTGGGAGGTTGCCTAACTT,0,446094
acrZp,0.07142857142857142,13,13,CTGTCGTGGGACTGACGGGG,0,451205
acrZp,0.07142857142857142,13,13,CTGCTGGAGGCATTGCAGAT,0,409795
acrZp,0.07142857142857142,13,13,CTGCGGTTTTTCAGAGAAAA,0,425799
acrZp,0.07142857142857142,13,13,CTGAACCGACCAGCCGGATA,0,459420
acrZp,0.07142857142857142,13,13,CTCCTCTGCCTAGGATCTCG,0,438421
acrZp,0.07142857142857142,13,13,CTATTTGGGAACAGGAGTGC,0,465427
acrZp,0.07142857142857142,13,13,CTATTATAATGATTAACGTA,0,422250
acrZp,0.07142857142857142,13,13,CTACCCTCCCTAGCCTAAGG,0,418928
acrZp,0.07142857142857142,13,13,CTAATTGAAAGGATATGTCG,0,413992
acrZp,0.07142857142857142,13,13,CGGCAATGTAGAGGCTCTAA,0,412406
acrZp,0.07142857142857142,13,13,CGGATAGCTGCACGACGCCC,0,452441
acrZp,0.07142857142857142,13,13,CGCTCCGGCCCATGGTCACT,0,433670
acrZp,0.07142857142857142,13,13,CGCGGGATTTCTTGCTACAC,0,445353
acrZp,0.07142857142857142,13,13,CGCCCCCCGCATCCGAAAGA,0,447347
acrZp,0.07142857142857142,13,13,CGATACTATTTTTCGTTCAC,0,412987
acrZp,0.07142857142857142,13,13,CGACGCACAAAACATGGAAA,0,418549
acrZp,0.07142857142857142,13,13,CCTTAGAGGAACGGAAGTCG,0,417886
acrZp,0.07142857142857142,13,13,CCCGGTACGTCAAGAGTAAG,0,463456
acrZp,0.07142857142857142,13,13,CCCCGTGTGCCTGGGACATG,0,435678
acrZp,0.07142857142857142,13,13,CATAGTGATAGTGCAGTTGA,0,415518
acrZp,0.07142857142857142,13,13,CAGCCCAAATAGCGTTCACC,0,419236
acrZp,0.07142857142857142,13,13,CAGCAAACAGGTATTGCGAG,0,465811
acrZp,0.07142857142857142,13,13,CACTCAGGTCGTCTTCCGGA,0,423985
acrZp,0.07142857142857142,13,13,CACAACAGGAGGCGGAGGTC,0,454028
acrZp,0.07142857142857142,13,13,CAATTGATAAATCTTACACA,0,429643
acrZp,0.07142857142857142,13,13,CAACTCTCTCATGAGGGTCT,0,435482
acrZp,0.07142857142857142,13,13,CAACTCGAGTGTACGCAGGG,0,419700
acrZp,0.07142857142857142,13,13,CAAAATTCCTGCCCATCTCG,0,435274
acrZp,0.07142857142857142,13,13,ATTTTACCCATACCACCAAC,0,432120
acrZp,0.07142857142857142,13,13,ATTCTCTTCGACAACCGATC,0,411470
acrZp,0.07142857142857142,13,13,ATTCTCAGTCACTAAGCAAT,0,418818
acrZp,0.07142857142857142,13,13,ATTCGGGTCGATCCATTTTT,0,411042
acrZp,0.07142857142857142,13,13,ATGTTGTACTTTTGTAAGAT,0,448449
acrZp,0.07142857142857142,13,13,ATGCGGCTCGGACGGCTTAC,0,439822
acrZp,0.07142857142857142,13,13,ATGATCGGTAGTCATGAATC,0,417092
acrZp,0.07142857142857142,13,13,ATAGGCACCCTACTCTCCGG,0,429525
acrZp,0.07142857142857142,13,13,ATAGCCTCGCGAAACTTGTG,0,410828
acrZp,0.07142857142857142,13,13,AGTGGGATCAACAGACTTGT,0,437743
acrZp,0.07142857142857142,13,13,AGGTCCCTGTCCGTCCTCGT,0,442058
acrZp,0.07142857142857142,13,13,AGGCTCCTGCACGAACAGTT,0,457189
acrZp,0.07142857142857142,13,13,AGGAATTTGAAGATAGGATT,0,427993
acrZp,0.07142857142857142,13,13,AGGAACAAATTCCTATCAGC,0,459171
acrZp,0.07142857142857142,13,13,AGCTACAAGCCCCGTTGGTA,0,435029
acrZp,0.07142857142857142,13,13,AGCCCATTCAGAACCCCTGT,0,439092
acrZp,0.07142857142857142,13,13,AGCAACACGTTGGGATGGTC,0,431360
acrZp,0.07142857142857142,13,13,AGACGGCGCGCCCTTGACGT,0,424768
acrZp,0.07142857142857142,13,13,AGACAGACAGAAGTGATTGG,0,421942
acrZp,0.07142857142857142,13,13,ACTATCAAGCTATTCTAGAA,0,435349
acrZp,0.07142857142857142,13,13,ACTAGCGTGATCGTCGAAAA,0,423523
acrZp,0.07142857142857142,13,13,ACTACAAGAACAACGACTCG,0,423046
acrZp,0.07142857142857142,13,13,ACGTTGGGACCTCGCTATTA,0,452699
acrZp,0.07142857142857142,13,13,ACGGTATATGACGTCCGAAC,0,454252
acrZp,0.07142857142857142,13,13,ACGGAATTGTCAGGCTCTTT,0,460185
acrZp,0.07142857142857142,13,13,ACAGGGAGAGCAAACATGTA,0,422165
acrZp,0.07142857142857142,13,13,ACAAGTGTAGCCGACGGTTT,0,425498
acrZp,0.07142857142857142,13,13,AATAACGATACCCTGATGGT,0,459867
acrZp,0.07142857142857142,13,13,AAGTTCTTGGTTTAGAGATC,0,451037
acrZp,0.07142857142857142,13,13,AAGCGTCTATCCATGGCCAA,0,447283
acrZp,0.07142857142857142,13,13,AAGAAGTCAGGGGTGACTAT,0,414417
acrZp,0.07142857142857142,13,13,AACGGAGACTTAGCCTATGC,0,426633
acrZp,0.07142857142857142,13,13,AACGCGAACACCCCGTACAC,0,433044
acrZp,0.07142857142857142,13,13,AACGCCTAGTCTAAGGTTGA,0,425804
acrZp,0.07142857142857142,13,13,AAATGCAAGTAATACAGGCT,0,437752
acrZp,0.07142857142857142,13,13,AAACTGCCAATCCTGATCCA,0,410461
acrZp,0.07142857142857142,13,13,AAACGGTTCGCAGAATAGGG,0,466171
acrZp,0.07142857142857142,13,13,AAAAGTTGGTCCTCGACAAT,0,467746
acrZp,0.07692307692307693,12,12,TTTTTCAGCTGTCCGCCTTT,0,447972
acrZp,0.07692307692307693,12,12,TTGATGCTTTAACCGCAAGT,0,422297
acrZp,0.07692307692307693,12,12,TTCTAGGGAGCAGAGTCGTC,0,418146
acrZp,0.07692307692307693,12,12,TTCCGATTTCATTTAGAGCT,0,449367
acrZp,0.07692307692307693,12,12,TTCAGATCCCTCGGGATGGT,0,466529
acrZp,0.07692307692307693,12,12,TTATCTGATGGCTTAATCTT,0,411573
acrZp,0.07692307692307693,12,12,TTATAAGGAGGGGAACAGCT,0,457693
acrZp,0.07692307692307693,12,12,TTAGGCCTAAATCGACCACT,0,462910
acrZp,0.07692307692307693,12,12,TTACTCTCCTGACAAGGTAG,0,431189
acrZp,0.07692307692307693,12,12,TTACCGTGAAGGGCGTGTTA,0,459895
acrZp,0.07692307692307693,12,12,TTACATGCTGGTATATGCGA,0,429788
acrZp,0.07692307692307693,12,12,TTAATGCGCATTCCGAGTAT,0,425765
acrZp,0.07692307692307693,12,12,TTAAGTGGCCTGCCAGTTGT,0,427276
acrZp,0.07692307692307693,12,12,TTAAGGGCGGTGCCACTCCC,0,410561
acrZp,0.07692307692307693,12,12,TGTGTTGACGCTATCAGATT,0,430974
acrZp,0.07692307692307693,12,12,TGTAGCTCGTGGCTGTCGGT,0,419013
acrZp,0.07692307692307693,12,12,TGGTGCATTGGATGTGGCGG,0,434259
acrZp,0.07692307692307693,12,12,TGGCATGTAGACGGATGAAT,0,458064
acrZp,0.07692307692307693,12,12,TGCGTCATGTCAACTTTTTG,0,422504
acrZp,0.07692307692307693,12,12,TCTCCGCGTGCAAGGGCATA,0,459483
acrZp,0.07692307692307693,12,12,TCTATTGGCATAAGACCACT,0,455038
acrZp,0.07692307692307693,12,12,TCGGTAGTGAGCGACTAATA,0,444824
acrZp,0.07692307692307693,12,12,TCGCAAGCTACGAGGATCCA,0,435730
acrZp,0.07692307692307693,12,12,TCCGTATGCACCAGGCCGGT,0,446589
acrZp,0.07692307692307693,12,12,TCCGGGCTCCACTGACACCG,0,425131
acrZp,0.07692307692307693,12,12,TCCCAACCGGCATCAAGGTC,0,452437
acrZp,0.07692307692307693,12,12,TCCACAGGTCGGACGTCGGC,0,428111
acrZp,0.07692307692307693,12,12,TCCAAAACTTTGAGCACGTT,0,438754
acrZp,0.07692307692307693,12,12,TCATCGGAGAATCATCACAG,0,428573
acrZp,0.07692307692307693,12,12,TATCCATGCATTTTCGATGC,0,448775
acrZp,0.07692307692307693,12,12,TATACCAGTGCAGGGCCAGA,0,412673
acrZp,0.07692307692307693,12,12,TACGGGCCTTCCACGGGAGC,0,459235
acrZp,0.07692307692307693,12,12,TACGCACGTGGTTGACCAAT,0,442229
acrZp,0.07692307692307693,12,12,TACGAGACGCTTCCTTGAAT,0,436003
acrZp,0.07692307692307693,12,12,TACCAGTAGGCGGAGCTGAG,0,434955
acrZp,0.07692307692307693,12,12,TACAGGGTGAAGTACGCCGA,0,408635
acrZp,0.07692307692307693,12,12,TAATCGCTTTTGACCGAACC,0,443049
acrZp,0.07692307692307693,12,12,TAACGTTGTCAACGACGAAC,0,414249
acrZp,0.07692307692307693,12,12,TAACGCGTATGATGGCCGCC,0,431971
acrZp,0.07692307692307693,12,12,TAACCACATAGGGCTCCTCA,0,461055
acrZp,0.07692307692307693,12,12,TAAACCATTAACAGAAGGAC,0,446679
acrZp,0.07692307692307693,12,12,TAAACATTACATTTAAGAAT,0,443992
acrZp,0.07692307692307693,12,12,GTTATTTATTGGTTCCGCGC,0,423074
acrZp,0.07692307692307693,12,12,GTTAATTCTGTTCGCAGACG,0,460755
acrZp,0.07692307692307693,12,12,GTGTCTCGGACATGTGTTGC,0,459375
acrZp,0.07692307692307693,12,12,GTATTGACCTGGCAGTGAGC,0,411180
acrZp,0.07692307692307693,12,12,GTAGTAGGTCCTTGATTGGT,0,448443
acrZp,0.07692307692307693,12,12,GTAACGATGATTACTTGATC,0,439507
acrZp,0.07692307692307693,12,12,GGTTCCGTGTCGAGACACGC,0,442299
acrZp,0.07692307692307693,12,12,GGTAATGGGTACTAGAGAAA,0,411019
acrZp,0.07692307692307693,12,12,GGGTTTCTTCAAGTCGTTTG,0,419171
acrZp,0.07692307692307693,12,12,GGGTCTGGGTGTGTCGCGGC,0,428878
acrZp,0.07692307692307693,12,12,GGGAGCACATTTTGTTTCTG,0,459141
acrZp,0.07692307692307693,12,12,GGCGTTACAGATCAGGTTCG,0,417090
acrZp,0.07692307692307693,12,12,GGCGTCGTTATGAATACTCA,0,418266
acrZp,0.07692307692307693,12,12,GGACCTGGGGGCCACGTCCG,0,464354
acrZp,0.07692307692307693,12,12,GCTGCCGCAACTCATACTAA,0,449009
acrZp,0.07692307692307693,12,12,GCTGAAAGTTTCGGCTTACA,0,445540
acrZp,0.07692307692307693,12,12,GCGTCACTCCATCCTTGGCG,0,422973
acrZp,0.07692307692307693,12,12,GCGAAGGACAGTTGGGTAGG,0,423006
acrZp,0.07692307692307693,12,12,GCCTCTAAAAGCTCAGTGGA,0,460692
acrZp,0.07692307692307693,12,12,GCCCGTCCCGACTCAGATCC,0,425456
acrZp,0.07692307692307693,12,12,GCAGTTAGCATGCACATTCC,0,411123
acrZp,0.07692307692307693,12,12,GCACAAACACCATATTCTGT,0,451056
acrZp,0.07692307692307693,12,12,GATTCGTAAGTAAGTACATG,0,411300
acrZp,0.07692307692307693,12,12,GATCGTTCTTCTAGCGTTGT,0,425050
acrZp,0.07692307692307693,12,12,GATCCGCTTAATCATGGTGC,0,442581
acrZp,0.07692307692307693,12,12,GACGGAGGGTCGTTGCTAAA,0,416140
acrZp,0.07692307692307693,12,12,GACGATGGAGTATTTCTACA,0,415756
acrZp,0.07692307692307693,12,12,GAAGGTAAGCCGACACATAC,0,417678
acrZp,0.07692307692307693,12,12,GAAGGAGAGAGCTAGGAGCA,0,443121
acrZp,0.07692307692307693,12,12,GAACTTCGAAGTCGCAATGA,0,448727
acrZp,0.07692307692307693,12,12,GAAATTTAAAGGTCAAAATT,0,432589
acrZp,0.07692307692307693,12,12,CTGGTCTACACTACTGGATA,0,439660
acrZp,0.07692307692307693,12,12,CTGGGCCATACCTCAGATCG,0,428285
acrZp,0.07692307692307693,12,12,CTGGGAGTTGGCACAGTTAT,0,438387
acrZp,0.07692307692307693,12,12,CTGCGTACATGAACGTGCCA,0,445930
acrZp,0.07692307692307693,12,12,CTGACAGGCTTACATAGGCA,0,441422
acrZp,0.07692307692307693,12,12,CTCGTCCGGTCAACACTGAA,0,452444
acrZp,0.07692307692307693,12,12,CTAGGTTCGGAATAAGAATT,0,452889
acrZp,0.07692307692307693,12,12,CTAATTGGGCGCCTAACCAT,0,443234
acrZp,0.07692307692307693,12,12,CGTTGTATGCGCATTCGTTA,0,450956
acrZp,0.07692307692307693,12,12,CGTGGCCGATAACGGGCATT,0,418455
acrZp,0.07692307692307693,12,12,CGTCTAGACCCGTGAAAGTT,0,413522
acrZp,0.07692307692307693,12,12,CGGTGATAGCCTAATTCAAT,0,441413
acrZp,0.07692307692307693,12,12,CGGGTGCGGGTGCGTACGGT,0,431284
acrZp,0.07692307692307693,12,12,CGGGGTAGAGGGAGGACTAC,0,418060
acrZp,0.07692307692307693,12,12,CGGGGGATGTACAGGATATC,0,428056
acrZp,0.07692307692307693,12,12,CGGGGCCGATCGCTGGAGCG,0,445290
acrZp,0.07692307692307693,12,12,CGGGCGTGCCCCAGTGGATG,0,450059
acrZp,0.07692307692307693,12,12,CGGGCAGCATTCTAATTTGC,0,457154
acrZp,0.07692307692307693,12,12,CGGCGGGATACCACGACATA,0,441720
acrZp,0.07692307692307693,12,12,CGGCAATACGACTCGACAGG,0,454485
acrZp,0.07692307692307693,12,12,CGGACGCTAGCTCAGATTAT,0,456912
acrZp,0.07692307692307693,12,12,CGCTGCGTTGTCCTCGGATT,0,462210
acrZp,0.07692307692307693,12,12,CGATAAGTAATTAAATCTTA,0,419850
acrZp,0.07692307692307693,12,12,CGAGTTATCTGCAAGTGGGG,0,457873
acrZp,0.07692307692307693,12,12,CGAGATTCAAGTCTCCACAG,0,453770
acrZp,0.07692307692307693,12,12,CGAGAATGGGAATGTAGGCA,0,435589
acrZp,0.07692307692307693,12,12,CCTAGGCAATCCGCGTAAGG,0,449669
acrZp,0.07692307692307693,12,12,CCGGGCTATTGAAGCACACT,0,444859
acrZp,0.07692307692307693,12,12,CCGGATAGCCTGAAGTTAGC,0,458398
acrZp,0.07692307692307693,12,12,CCGCTCCCTGAAAGCGGCCA,0,441182
acrZp,0.07692307692307693,12,12,CCCTGCCTGGCGGACTGCTC,0,431931
acrZp,0.07692307692307693,12,12,CCCGGCGAGGTCCATTGGTC,0,463009
acrZp,0.07692307692307693,12,12,CCCATAAAACTGTGTGCCCA,0,428574
acrZp,0.07692307692307693,12,12,CCATAGCGGGGCAGACTTCG,0,454793
acrZp,0.07692307692307693,12,12,CCAAATCCTCTTACGCTATC,0,411068
acrZp,0.07692307692307693,12,12,CAGTTCTGTGTTACGAAATG,0,425233
acrZp,0.07692307692307693,12,12,CAGTACGGACTGGCATACGA,0,427689
acrZp,0.07692307692307693,12,12,CACTGTCTTCCCTACGAGTG,0,453952
acrZp,0.07692307692307693,12,12,CACCAAAAATGATCCGAGTT,0,429781
acrZp,0.07692307692307693,12,12,CAATCTTAGGGCATCTGTTG,0,446242
acrZp,0.07692307692307693,12,12,CAATCATTATCGTTGTCAAT,0,448066
acrZp,0.07692307692307693,12,12,CAACTGACCTGTCACGCGCA,0,441928
acrZp,0.07692307692307693,12,12,ATTTTTGATAAACGTACGGA,0,426644
acrZp,0.07692307692307693,12,12,ATTTGCTCTTCTAGCAAGTC,0,438603
acrZp,0.07692307692307693,12,12,ATTGCGGCGGACTGTCGCCT,0,448890
acrZp,0.07692307692307693,12,12,ATTCCGCCTTTGTAATCTCT,0,438005
acrZp,0.07692307692307693,12,12,ATTAATTAATAAGGGGAGCG,0,454632
acrZp,0.07692307692307693,12,12,ATGGTATCAGTGGACCCCTA,0,437185
acrZp,0.07692307692307693,12,12,ATGGACAGCTACGGGAATAG,0,438338
acrZp,0.07692307692307693,12,12,ATGCTTCGGGCGCGGCATAA,0,408698
acrZp,0.07692307692307693,12,12,ATGCGACTATTTTCCTATCA,0,428123
acrZp,0.07692307692307693,12,12,ATGCATAAGATGTAGCGTGT,0,429361
acrZp,0.07692307692307693,12,12,ATCTGAGCGCATGAACCTAT,0,428118
acrZp,0.07692307692307693,12,12,ATCCTCTGGAGGTTTGGGTC,0,442194
acrZp,0.07692307692307693,12,12,ATATGATTGGAATGACCGAT,0,410875
acrZp,0.07692307692307693,12,12,ATACCGCCTGATCCTAGACA,0,443532
acrZp,0.07692307692307693,12,12,AGTCGTCGTTCTAGGAACTC,0,449452
acrZp,0.07692307692307693,12,12,AGTCGATTTTACGCTGACAT,0,438295
acrZp,0.07692307692307693,12,12,AGTAAAGGGCAGGTGTTCTG,0,416610
acrZp,0.07692307692307693,12,12,AGGTGGGAGGGGGTCCACAT,0,427846
acrZp,0.07692307692307693,12,12,AGGTATTGTGGATCGGGTCC,0,455039
acrZp,0.07692307692307693,12,12,AGGGGTTTATCATTGGCTTG,0,438679
acrZp,0.07692307692307693,12,12,AGGCGATGGTCCGAAACTCT,0,459541
acrZp,0.07692307692307693,12,12,AGGATTTTTCCGTCCGGGTG,0,448840
acrZp,0.07692307692307693,12,12,AGGACGAGGCAGTGCGAGTT,0,463798
acrZp,0.07692307692307693,12,12,AGCGAATGGCCGAGTGCCAT,0,436452
acrZp,0.07692307692307693,12,12,AGCACCCGCGCGAATATGGG,0,447200
acrZp,0.07692307692307693,12,12,AGAGACACGAACAACGCGAT,0,447453
acrZp,0.07692307692307693,12,12,AGAAAGGTCATTTTCCACGT,0,458756
acrZp,0.07692307692307693,12,12,ACTTTACTTCATATCAGCAA,0,440497
acrZp,0.07692307692307693,12,12,ACTGGGCAGTATTTAAGGTG,0,428433
acrZp,0.07692307692307693,12,12,ACTCCAGGCGTCATTTGAAT,0,408864
acrZp,0.07692307692307693,12,12,ACGTAACGACAAGTCTAGCA,0,456113
acrZp,0.07692307692307693,12,12,ACGAGATACTATCCCGTGCT,0,463050
acrZp,0.07692307692307693,12,12,ACCCTTATCGAGGTGGAGCT,0,427337
acrZp,0.07692307692307693,12,12,ACCCCGTGGGAAGGCAACAC,0,467052
acrZp,0.07692307692307693,12,12,ACACGATTCTTTGGTCGTCA,0,424601
acrZp,0.07692307692307693,12,12,ACAACGGAAGTTAGGACTCA,0,426679
acrZp,0.07692307692307693,12,12,AATGGGGGACATCCTATAAC,0,434693
acrZp,0.07692307692307693,12,12,AAGGGGGATGCGTGTTTCAT,0,412720
acrZp,0.07692307692307693,12,12,AAGGCGCTTATCTCCTAAAT,0,417230
acrZp,0.07692307692307693,12,12,AAGGCGATTAAAGAAACTCA,0,463042
acrZp,0.07692307692307693,12,12,AAGGCAGGCACCTTACCCTG,0,446718
acrZp,0.07692307692307693,12,12,AAGCCCAGGAGAAGCAAGTT,0,419546
acrZp,0.07692307692307693,12,12,AAGACAGCCGTCATAGAGTA,0,421351
acrZp,0.07692307692307693,12,12,AAGAAGACATATTCGGTGTT,0,461749
acrZp,0.07692307692307693,12,12,AAGAACGTATGACCCACGGG,0,411659
acrZp,0.07692307692307693,12,12,AACGGCCCAGGAAAGCCCGC,0,431874
acrZp,0.07692307692307693,12,12,AACGCGCAGAATCAAGTCAT,0,450632
acrZp,0.07692307692307693,12,12,AACAGAGGACACACCGAGCA,0,408960
acrZp,0.07692307692307693,12,12,AACACTATAACGGCAACACA,0,463524
acrZp,0.07692307692307693,12,12,AAATCCGGCTGCTCAAAGCA,0,412690
acrZp,0.07692307692307693,12,12,AAAGTTAGAGGGTTAGAGGT,0,447048
acrZp,0.07692307692307693,12,12,AAAACCGCGGTGAGGGAGGA,0,418827
acrZp,0.08333333333333333,11,11,TTTGTAGGCAGTGGGTAGCA,0,445897
acrZp,0.08333333333333333,11,11,TTTCTTGCACGTAGGGTCTG,0,420569
acrZp,0.08333333333333333,11,11,TTTCTATACGGTTACGATCA,0,445343
acrZp,0.08333333333333333,11,11,TTTCACGGAGTATTGCCGAG,0,428561
acrZp,0.08333333333333333,11,11,TTTAAAGGGCTCTGGAATAA,0,431956
acrZp,0.08333333333333333,11,11,TTGTCTGAATATAAGAGTGC,0,442913
acrZp,0.08333333333333333,11,11,TTGTAAATTGCCTCGACTCC,0,458922
acrZp,0.08333333333333333,11,11,TTGCAATTTGCAGAATTGTT,0,413351
acrZp,0.08333333333333333,11,11,TTGATGCAATTACAAGCCAC,0,432391
acrZp,0.08333333333333333,11,11,TTGAACCAGACTGTCATGCG,0,456611
acrZp,0.08333333333333333,11,11,TTCTATTCTTACTAGGGGGT,0,421995
acrZp,0.08333333333333333,11,11,TTCCGTCAAAATATTTGCGA,0,459685
acrZp,0.08333333333333333,11,11,TTCCGCAGAAGAGTCAAGCG,0,464897
acrZp,0.08333333333333333,11,11,TTCAGGAAGCGAAATACCTA,0,458911
acrZp,0.08333333333333333,11,11,TTATTCTGGTTAAACGGACA,0,461189
acrZp,0.08333333333333333,11,11,TTAGTCCACTCTCAGTTACT,0,412383
acrZp,0.08333333333333333,11,11,TTACTTCTAAAGGACCCCGT,0,436948
acrZp,0.08333333333333333,11,11,TTACTTATCATGATTATAAT,0,455412
acrZp,0.08333333333333333,11,11,TTACATCCCCCGCTGTCAGC,0,412409
acrZp,0.08333333333333333,11,11,TGTGAAAGGAAGCATACTTA,0,434110
acrZp,0.08333333333333333,11,11,TGGTGCCAAGCCAGCCTAGA,0,455366
acrZp,0.08333333333333333,11,11,TGGGCCATGGCCGTGATGAG,0,414471
acrZp,0.08333333333333333,11,11,TGGGATTATACCTCTACGTC,0,435784
acrZp,0.08333333333333333,11,11,TGGCTACCGGTAACTGCCAA,0,463107
acrZp,0.08333333333333333,11,11,TGCTGTCTTAGCAGGACTGT,0,417354
acrZp,0.08333333333333333,11,11,TGCACGGGAGGCGGCAACCT,0,453143
acrZp,0.08333333333333333,11,11,TGATTTAAGTCCTTCTTGGA,0,431869
acrZp,0.08333333333333333,11,11,TGATAAAACCTCACTGCCAG,0,437954
acrZp,0.08333333333333333,11,11,TGACGTTCTCGGAACATCGC,0,426928
acrZp,0.08333333333333333,11,11,TGAAAACTAGCGTAAAGTCA,0,415791
acrZp,0.08333333333333333,11,11,TCTTTGCGCGCGTTTACCAA,0,417770
acrZp,0.08333333333333333,11,11,TCTTTAGAACCCTCTCTATC,0,440288
acrZp,0.08333333333333333,11,11,TCTCAAATGTGAGGATTCAC,0,438485
acrZp,0.08333333333333333,11,11,TCTAGACGCGCGCTACGACG,0,417805
acrZp,0.08333333333333333,11,11,TCTACCGGGCAGATACAGGA,0,433339
acrZp,0.08333333333333333,11,11,TCGGGTGCATTCGAGACTGC,0,445396
acrZp,0.08333333333333333,11,11,TCGCTGGCGCATGCTCCTGA,0,417954
acrZp,0.08333333333333333,11,11,TCGCGAGCCTACCGCAATAG,0,440871
acrZp,0.08333333333333333,11,11,TCCTGACCTATGGTGGTGTT,0,425850
acrZp,0.08333333333333333,11,11,TCCGACAGATGATGATGCGA,0,412127
acrZp,0.08333333333333333,11,11,TCCAAGTGATGGGGAGAAAA,0,461946
acrZp,0.08333333333333333,11,11,TCATGACATACTTTCACGAA,0,423298
acrZp,0.08333333333333333,11,11,TCAGTGTGCTGGTATGTAGT,0,446205
acrZp,0.08333333333333333,11,11,TCAGTAAGACGAAACGTCGG,0,411084
acrZp,0.08333333333333333,11,11,TCACTAAATTATCGGTTGGA,0,434730
acrZp,0.08333333333333333,11,11,TCACCGTGCGCTATGTACTA,0,430758
acrZp,0.08333333333333333,11,11,TCACCATAAATTGCTGTACT,0,456504
acrZp,0.08333333333333333,11,11,TATTCTAGGTGGACGTGTTA,0,450995
acrZp,0.08333333333333333,11,11,TATTAGCCTCGTGTGCAGGC,0,412552
acrZp,0.08333333333333333,11,11,TATGTTAGGTGTACTATGTA,0,427565
acrZp,0.08333333333333333,11,11,TATGCTTTCCCGGCACACGA,0,425634
acrZp,0.08333333333333333,11,11,TATCTGTGCTTGGTTTTTCA,0,409032
acrZp,0.08333333333333333,11,11,TATCGGCAAGTCGCTGCAAG,0,412195
acrZp,0.08333333333333333,11,11,TATAAAATACACGCCGGAGT,0,445590
acrZp,0.08333333333333333,11,11,TAGGTAACTAGCTTGGATTT,0,446086
acrZp,0.08333333333333333,11,11,TAGACGGCAGCCTCGAAATC,0,445730
acrZp,0.08333333333333333,11,11,TACTGCAAGTGCAAGTACTA,0,409607
acrZp,0.08333333333333333,11,11,TACGATCTGGCCATTGATCC,0,420374
acrZp,0.08333333333333333,11,11,TACATAGGCATTCGATGAGT,0,438329
acrZp,0.08333333333333333,11,11,TACAGCACGACGATTCTGTC,0,420806
acrZp,0.08333333333333333,11,11,TAATGAAACGAAGCGGGCGC,0,464827
acrZp,0.08333333333333333,11,11,TAATCGAACTTCGCATTGCA,0,448435
acrZp,0.08333333333333333,11,11,TAATAGGCGTGTCTCGCGGT,0,421876
acrZp,0.08333333333333333,11,11,TAAGGGCAGATGAGTCTATG,0,456928
acrZp,0.08333333333333333,11,11,TAACAAGTCACTGGGCATTA,0,444052
acrZp,0.08333333333333333,11,11,TAACAAGCCAGGAACTGGCA,0,428398
acrZp,0.08333333333333333,11,11,GTTTCTATTCTCAGTGCATC,0,442901
acrZp,0.08333333333333333,11,11,GTTCTTATCGCATGGCCACC,0,428776
acrZp,0.08333333333333333,11,11,GTTCCAACAAACCTATGACA,0,417088
acrZp,0.08333333333333333,11,11,GTGGTACGTTGAAAAAGATG,0,443276
acrZp,0.08333333333333333,11,11,GTGCGTGCGCTACATGAGAC,0,464273
acrZp,0.08333333333333333,11,11,GTGCCCGACGTCTAGCCCGT,0,452770
acrZp,0.08333333333333333,11,11,GTCTAACATTGGTCAGGTTA,0,433552
acrZp,0.08333333333333333,11,11,GTCGCGTCCCGGCGTCGAAT,0,443252
acrZp,0.08333333333333333,11,11,GTAACACATTCCGGCGGCTA,0,435496
acrZp,0.08333333333333333,11,11,GGTTGTGTCCCTCTGTCCTT,0,443048
acrZp,0.08333333333333333,11,11,GGTTGTCCCAGGGTGAACGT,0,463018
acrZp,0.08333333333333333,11,11,GGTGTATATGGGGCCACAAC,0,411594
acrZp,0.08333333333333333,11,11,GGTCGGACCCGGAAAGATAT,0,427059
acrZp,0.08333333333333333,11,11,GGGTTTTGATGATTCCAGTC,0,433859
acrZp,0.08333333333333333,11,11,GGGTCCTTGGATTCATGGGG,0,462148
acrZp,0.08333333333333333,11,11,GGGCGGTACGTGCCTCTCCA,0,423269
acrZp,0.08333333333333333,11,11,GGGATGCCGCAGTTTGTGGG,0,451202
acrZp,0.08333333333333333,11,11,GGGACTGTCCAAGGCCGGAA,0,453274
acrZp,0.08333333333333333,11,11,GGGAAGGGATCTTTGTCTTA,0,460052
acrZp,0.08333333333333333,11,11,GGGAACTAGACAGGATAGAA,0,411728
acrZp,0.08333333333333333,11,11,GGCTTATAGTAGCATAATCT,0,411837
acrZp,0.08333333333333333,11,11,GGCTGTCTGCGTGGATCTGT,0,458094
acrZp,0.08333333333333333,11,11,GGCTATGCTGACGATGAGCG,0,454841
acrZp,0.08333333333333333,11,11,GGCGTTCGACAACAATGGCC,0,450094
acrZp,0.08333333333333333,11,11,GGCGCGATTAGCTGAATCCT,0,458429
acrZp,0.08333333333333333,11,11,GGCCTAGGTCTCTCCCTTTG,0,439967
acrZp,0.08333333333333333,11,11,GGATTTTTAACATGACCGCA,0,454676
acrZp,0.08333333333333333,11,11,GGATGGACGGTGCCTTGTCT,0,418599
acrZp,0.08333333333333333,11,11,GGAGGCGTCGTCAATTACGT,0,454227
acrZp,0.08333333333333333,11,11,GGAGCACTACCGGGGCTCCA,0,435616
acrZp,0.08333333333333333,11,11,GGACGGGTGAGTCATCCTAA,0,454101
acrZp,0.08333333333333333,11,11,GGAAGGCTCCGAAACTAGAG,0,451109
acrZp,0.08333333333333333,11,11,GCTGTGAATGTTGGCCGAAG,0,417242
acrZp,0.08333333333333333,11,11,GCTGGGCGCCAGGAGAACTC,0,426957
acrZp,0.08333333333333333,11,11,GCTGACACCAGTGTCCTGCT,0,466939
acrZp,0.08333333333333333,11,11,GCTCTTATCGAAAGAGTAGG,0,446673
acrZp,0.08333333333333333,11,11,GCTAGGAGCGGCTGAGTCCT,0,454169
acrZp,0.08333333333333333,11,11,GCTAACGTGGGCAGCGCTAC,0,431517
acrZp,0.08333333333333333,11,11,GCCTGCTTCGACGTCATCTT,0,417617
acrZp,0.08333333333333333,11,11,GCCACTCGCTGCGACATTAG,0,417779
acrZp,0.08333333333333333,11,11,GCATGGTTAGGAGGTAGATC,0,457141
acrZp,0.08333333333333333,11,11,GCAGGCTCCACGGGCACCGA,0,447646
acrZp,0.08333333333333333,11,11,GCACGGTCAGCGGGGGTCAA,0,460241
acrZp,0.08333333333333333,11,11,GCACCAAGTAATCCACTTCA,0,440492
acrZp,0.08333333333333333,11,11,GCACACATTTGACAGTAACT,0,454790
acrZp,0.08333333333333333,11,11,GATCAAAATCAGGGGTAAAA,0,460849
acrZp,0.08333333333333333,11,11,GAGTCGGCTCACGTACAAAT,0,449796
acrZp,0.08333333333333333,11,11,GAGGCCGGGCGTGATTGGTA,0,419973
acrZp,0.08333333333333333,11,11,GAGAGACTTTCAGTTAAGAA,0,418960
acrZp,0.08333333333333333,11,11,GAGACGGCCCTTATAACCGA,0,456477
acrZp,0.08333333333333333,11,11,GACTTGCCCTAGTCGCAATG,0,461880
acrZp,0.08333333333333333,11,11,GACGTGTATGATCAGCTTGA,0,463966
acrZp,0.08333333333333333,11,11,GACAACTCAAACATCCTGGT,0,467180
acrZp,0.08333333333333333,11,11,GAATTCTTAACCAATTAAGT,0,416830
acrZp,0.08333333333333333,11,11,GAAACTATAGCGCTGTGGCA,0,414456
acrZp,0.08333333333333333,11,11,CTTTTGGCAAACGGTTTGTA,0,441016
acrZp,0.08333333333333333,11,11,CTTTAGCATAGACTTAAGGA,0,462834
acrZp,0.08333333333333333,11,11,CTTCTTCCCTCGGGCGCTAA,0,419111
acrZp,0.08333333333333333,11,11,CTTCTACATCACCGCGTTTT,0,466111
acrZp,0.08333333333333333,11,11,CTTCCGCAATGCGCGTGTCC,0,441407
acrZp,0.08333333333333333,11,11,CTTCCAGAAGGCTACTGGCT,0,423735
acrZp,0.08333333333333333,11,11,CTTAGAGGCCTAAAATCTGT,0,440307
acrZp,0.08333333333333333,11,11,CTGGTCAAGGTGAGGCCGCG,0,426513
acrZp,0.08333333333333333,11,11,CTGGTAACGGTAATGATGAT,0,412302
acrZp,0.08333333333333333,11,11,CTCGAATACGTGGAGTTGAT,0,415267
acrZp,0.08333333333333333,11,11,CTCATGCCCATACAGCACAA,0,435681
acrZp,0.08333333333333333,11,11,CTATTCATTGATGGCTGGGG,0,438429
acrZp,0.08333333333333333,11,11,CTATGAGGCGAGAATCTTGT,0,422160
acrZp,0.08333333333333333,11,11,CTACAGTCTGTCCACATCGT,0,411306
acrZp,0.08333333333333333,11,11,CTAATTCAGGTGATGAGTTG,0,460904
acrZp,0.08333333333333333,11,11,CTAAAGCACTTGTGGGAGCA,0,443558
acrZp,0.08333333333333333,11,11,CGTGGCCTAGATTCCTCGGC,0,439099
acrZp,0.08333333333333333,11,11,CGTGGCCCAAGTATCACTGG,0,438017
acrZp,0.08333333333333333,11,11,CGTAGAGTATCTGCCCAGTT,0,434256
acrZp,0.08333333333333333,11,11,CGGTGGGTGTGTCGCTCTGC,0,458618
acrZp,0.08333333333333333,11,11,CGGTCCGGGCCTCTGCGGAA,0,455512
acrZp,0.08333333333333333,11,11,CGGGAGCACGTCCAGTCGGA,0,450946
acrZp,0.08333333333333333,11,11,CGGGAGATTAGTAAAACGAG,0,443669
acrZp,0.08333333333333333,11,11,CGGAGTGCACCCACCCTTCA,0,422588
acrZp,0.08333333333333333,11,11,CGCTATTGAGTAGACAAGTA,0,462608
acrZp,0.08333333333333333,11,11,CGCCAATGGCCTGTCCCATA,0,456137
acrZp,0.08333333333333333,11,11,CGCATCTGCTTCTCCCCTAC,0,466880
acrZp,0.08333333333333333,11,11,CGATGGATGCATCGTTACCA,0,434003
acrZp,0.08333333333333333,11,11,CGACCGCGTTGATACAGTTT,0,412735
acrZp,0.08333333333333333,11,11,CGAAAATGGGGAAACTCGGA,0,413004
acrZp,0.08333333333333333,11,11,CCTTGCACCGAAGGTCAGAC,0,466762
acrZp,0.08333333333333333,11,11,CCTTATCTGGTTCAGGGTTA,0,429727
acrZp,0.08333333333333333,11,11,CCTGTGTATCACCCGGGGCT,0,409686
acrZp,0.08333333333333333,11,11,CCTCCTTGCGCAACGAAAGT,0,423453
acrZp,0.08333333333333333,11,11,CCTAAGGAAAGCCCGGGACA,0,414092
acrZp,0.08333333333333333,11,11,CCGTGGATTGCTATACGGCC,0,455098
acrZp,0.08333333333333333,11,11,CCGTATCGTTTCGTCCAAAC,0,447550
acrZp,0.08333333333333333,11,11,CCCTGAGTAAAGGGGCCTGC,0,427282
acrZp,0.08333333333333333,11,11,CCCGGATCTGATTATGCCGT,0,443616
acrZp,0.08333333333333333,11,11,CCCGAGGCGTGACGCCATAG,0,464357
acrZp,0.08333333333333333,11,11,CCCAGAACAGCTCATGCCAG,0,436042
acrZp,0.08333333333333333,11,11,CCCACGCACATGGAAAACAA,0,436540
acrZp,0.08333333333333333,11,11,CCATGAATAGTCAGGATGCG,0,428915
acrZp,0.08333333333333333,11,11,CCAACCGTCTGCAAATGTAC,0,460148
acrZp,0.08333333333333333,11,11,CCAACACCACATTGCGACGT,0,463047
acrZp,0.08333333333333333,11,11,CATTCGGGGGTTAGCCTCTG,0,418244
acrZp,0.08333333333333333,11,11,CATGCTCAGTGTTCGTTCAA,0,422026
acrZp,0.08333333333333333,11,11,CATGATTGGCACCGCATTTG,0,427991
acrZp,0.08333333333333333,11,11,CATCTCCGCGCAGAACTATG,0,411426
acrZp,0.08333333333333333,11,11,CATATAGTCTAGGTGAGTGT,0,421676
acrZp,0.08333333333333333,11,11,CATACAGCGACATACGTGAC,0,455041
acrZp,0.08333333333333333,11,11,CAGGGCATGTATAAGTTTAT,0,467612
acrZp,0.08333333333333333,11,11,CAGGGCATAGCCGAGGGCGC,0,421536
acrZp,0.08333333333333333,11,11,CAGGAGATAGGAGTTTAAAG,0,410418
acrZp,0.08333333333333333,11,11,CAGCTGTAGGTCTGCCCGGA,0,427118
acrZp,0.08333333333333333,11,11,CAGCGGCATGAAAGGCTGCT,0,457586
acrZp,0.08333333333333333,11,11,CAGATCTTTGAGGCCTGATG,0,450953
acrZp,0.08333333333333333,11,11,CAGATCACGGCCTGTTTAGC,0,452430
acrZp,0.08333333333333333,11,11,CACGTCTGCTGAGGGAAGGT,0,466631
acrZp,0.08333333333333333,11,11,CACGATCATGAGGGAGTGCA,0,446244
acrZp,0.08333333333333333,11,11,CACATTCGGCCCAATAGCAG,0,466394
acrZp,0.08333333333333333,11,11,CACAAACTCGAGGATACCCT,0,434750
acrZp,0.08333333333333333,11,11,CAAATAATAAGTCACTGATT,0,456418
acrZp,0.08333333333333333,11,11,CAAAGGTCATCACTTACAGA,0,452119
acrZp,0.08333333333333333,11,11,ATTTCCGTCCGCGGAATTAA,0,432168
acrZp,0.08333333333333333,11,11,ATTATGTCTTAGCTTTCTTG,0,414592
acrZp,0.08333333333333333,11,11,ATTACACTTCCCTACAACCA,0,435570
acrZp,0.08333333333333333,11,11,ATGGGCTCTGACAGAAGAAG,0,459565
acrZp,0.08333333333333333,11,11,ATGCTAGTGCACCAGCGAAT,0,417701
acrZp,0.08333333333333333,11,11,ATGCCCGAATGTTGCATGAT,0,462311
acrZp,0.08333333333333333,11,11,ATGAATCGCCTACTAAGGTG,0,416144
acrZp,0.08333333333333333,11,11,ATCGAAGGCTAGGGCACATA,0,425538
acrZp,0.08333333333333333,11,11,ATCCATCACCCTCTACGATC,0,448511
acrZp,0.08333333333333333,11,11,ATCACCCACCAATATGGTTG,0,467271
acrZp,0.08333333333333333,11,11,ATAGGAGTCATGGTGCCCCT,0,442958
acrZp,0.08333333333333333,11,11,ATAGCCCGCACTGTGAACAG,0,414473
acrZp,0.08333333333333333,11,11,ATACCTCGAATTTTATTGTT,0,426039
acrZp,0.08333333333333333,11,11,ATAAGGGTATGGTGCGACGA,0,446558
acrZp,0.08333333333333333,11,11,AGTAGTAGTATGGCGTTATG,0,448396
acrZp,0.08333333333333333,11,11,AGTACGCCATGGGGTCCGAG,0,431316
acrZp,0.08333333333333333,11,11,AGGTATTCGTGAGTTCTTGC,0,414876
acrZp,0.08333333333333333,11,11,AGGCTATCAAAGCTCAGGTA,0,425273
acrZp,0.08333333333333333,11,11,AGGCTACTGGAGAAGACCAC,0,412783
acrZp,0.08333333333333333,11,11,AGGCGCCTCTTTGAAATCTA,0,439689
acrZp,0.08333333333333333,11,11,AGCGTGGAAGCGTCCCATGC,0,443938
acrZp,0.08333333333333333,11,11,AGCCGAGATCCAGGACGATT,0,427524
acrZp,0.08333333333333333,11,11,AGCCCGCATTGCTTGTTCTC,0,439417
acrZp,0.08333333333333333,11,11,AGCATGGCATTGACACTGAA,0,413066
acrZp,0.08333333333333333,11,11,AGCATCAGTGCACGCCAGAA,0,442756
acrZp,0.08333333333333333,11,11,AGCAACTAATCGCAACCTCT,0,413111
acrZp,0.08333333333333333,11,11,AGATGTTTAAAGCGCAATGA,0,433352
acrZp,0.08333333333333333,11,11,AGAGGCCAAGTCTACAGTGC,0,448854
acrZp,0.08333333333333333,11,11,AGACGACGCCACGGTGCAGT,0,431700
acrZp,0.08333333333333333,11,11,ACGTGCGGGTACTGTATTGT,0,460939
acrZp,0.08333333333333333,11,11,ACGGCGGTGCGGAGCGAATC,0,445188
acrZp,0.08333333333333333,11,11,ACGCCGGTGCGCCACGCATC,0,414289
acrZp,0.08333333333333333,11,11,ACGCATCAAGATCGTGAACC,0,415800
acrZp,0.08333333333333333,11,11,ACCTTAGAGAACGGAGTCAT,0,421682
acrZp,0.08333333333333333,11,11,ACCTCTCAACGTCATCTCAG,0,433366
acrZp,0.08333333333333333,11,11,ACCTATCGTGCGTGTGGTCG,0,421547
acrZp,0.08333333333333333,11,11,ACCCGACGAAGGCTTGTCGC,0,426087
acrZp,0.08333333333333333,11,11,ACCATGGTGTAGGTCCGGGA,0,452251
acrZp,0.08333333333333333,11,11,ACATCCCGCCTCCTCACTTG,0,422863
acrZp,0.08333333333333333,11,11,AATTGTGGTAGGGGCGGGGG,0,441504
acrZp,0.08333333333333333,11,11,AATGGGCGTGCTAATCCGGC,0,447800
acrZp,0.08333333333333333,11,11,AATGAGCGTCTGGGAGGGAC,0,442650
acrZp,0.08333333333333333,11,11,AAGTCCATCTTGGGAACGCA,0,449418
acrZp,0.08333333333333333,11,11,AAGTAATTTGAGATAAATCC,0,430574
acrZp,0.08333333333333333,11,11,AAGGCCGGGGTCTTGTACCA,0,434746
acrZp,0.08333333333333333,11,11,AAGCTGATACCCGATTGGCA,0,451608
acrZp,0.08333333333333333,11,11,AAGCGAAGCCTAGCTATGTA,0,424100
acrZp,0.08333333333333333,11,11,AAGCACATCCTTCCAAGGTT,0,427841
acrZp,0.08333333333333333,11,11,AAGAGTTATTTGGCATGTGA,0,431934
acrZp,0.08333333333333333,11,11,AACTTGGCAATATTTTTGTA,0,418932
acrZp,0.08333333333333333,11,11,AACTCGGAAACAAGTTAAAT,0,416718
acrZp,0.08333333333333333,11,11,AAATTACCCACCACGGGGAC,0,445452
acrZp,0.08333333333333333,11,11,AAATGTATAGTTTATCCCAC,0,442236
acrZp,0.08333333333333333,11,11,AAATATTCGCTCAGTTCACA,0,459485
acrZp,0.08333333333333333,11,11,AAAGCAAATTCATTAAGGAT,0,462027
acrZp,0.09090909090909091,10,10,TTTTTACGCAATTCTGCCAG,0,415171
acrZp,0.09090909090909091,10,10,TTTTGATAGAGCTCTACGTC,0,450851
acrZp,0.09090909090909091,10,10,TTTGAATGTGCAGTAGAGTA,0,427330
acrZp,0.09090909090909091,10,10,TTGGCTTAACACAAGCTGAC,0,411223
acrZp,0.09090909090909091,10,10,TTGCGAGGGAAGGGGGGTTG,0,442330
acrZp,0.09090909090909091,10,10,TTGCAGGAATGTGTAATAAG,0,428695
acrZp,0.09090909090909091,10,10,TTCTGGGCAACCGGGGGTTT,0,444062
acrZp,0.09090909090909091,10,10,TTCTGACGGGAGGAGCGCGT,0,417657
acrZp,0.09090909090909091,10,10,TTCAAGTGGAACTCCCCACT,0,433279
acrZp,0.09090909090909091,10,10,TTATTCCGTCGATGCCGACT,0,447116
acrZp,0.09090909090909091,10,10,TTATATTTTAGATAATCGGT,0,446433
acrZp,0.09090909090909091,10,10,TTAGCAGGCGGAGTCATACT,0,429419
acrZp,0.09090909090909091,10,10,TTACTCGGTGTTTGCCGAAA,0,435949
acrZp,0.09090909090909091,10,10,TTACTAGATTGACACTTCGA,0,454721
acrZp,0.09090909090909091,10,10,TTAAAGAGGGAACCTAAACG,0,411843
acrZp,0.09090909090909091,10,10,TGTTCGGCCTTATCGACTCT,0,432559
acrZp,0.09090909090909091,10,10,TGTGGCGAGTGAAACTTTCT,0,440753
acrZp,0.09090909090909091,10,10,TGTCGGCAGATAAAGTTGGT,0,445761
acrZp,0.09090909090909091,10,10,TGTCCACTACTTTGGCAGCG,0,421434
acrZp,0.09090909090909091,10,10,TGTACGCATGAATATCTGAG,0,449718
acrZp,0.09090909090909091,10,10,TGTAAACCGCTTCCATATAT,0,411578
acrZp,0.09090909090909091,10,10,TGGTTTTAGTATCAAGAGCC,0,460805
acrZp,0.09090909090909091,10,10,TGGTCTGAACACATGGGCGG,0,457143
acrZp,0.09090909090909091,10,10,TGGCGTTGCAAGTTTAAGCA,0,450164
acrZp,0.09090909090909091,10,10,TGGCAATTATTGCAAAAGGC,0,442117
acrZp,0.09090909090909091,10,10,TGGAGCGGCAATGGGAGCGA,0,460164
acrZp,0.09090909090909091,10,10,TGCTCACGCGGCGGTAGCCC,0,415163
acrZp,0.09090909090909091,10,10,TGCTACGACAGTTGGCCTAA,0,436291
acrZp,0.09090909090909091,10,10,TGCGTGGTTTACGTGACCAC,0,455129
acrZp,0.09090909090909091,10,10,TGCGCCGCAGCGTTTCATTT,0,450011
acrZp,0.09090909090909091,10,10,TGCGCACACGCTGGAAGCCT,0,462041
acrZp,0.09090909090909091,10,10,TGCATGGGCAAGCCTCTCTT,0,423128
acrZp,0.09090909090909091,10,10,TGATTTATGGCAATGGTATC,0,433332
acrZp,0.09090909090909091,10,10,TGATCCATTATAGGTAGTGG,0,409784
acrZp,0.09090909090909091,10,10,TGATATCCTCCATAGGTGTT,0,444084
acrZp,0.09090909090909091,10,10,TCTTGCAAAGCACTGGATTA,0,454586
acrZp,0.09090909090909091,10,10,TCGGTGCGAACTCAGTATGA,0,426665
acrZp,0.09090909090909091,10,10,TCGGTCTAACCTTTGCAGTT,0,430055
acrZp,0.09090909090909091,10,10,TCCTCGCGGGATGTCTCGGT,0,438609
acrZp,0.09090909090909091,10,10,TCCTAGGTGATTGCCGGGCT,0,450337
acrZp,0.09090909090909091,10,10,TCAGATAGATTCGTGGACGT,0,442180
acrZp,0.09090909090909091,10,10,TCACTAAGCATCGATAGTTA,0,441795
acrZp,0.09090909090909091,10,10,TCACGGGAGCAATTACTAGC,0,452229
acrZp,0.09090909090909091,10,10,TCACCGGAAGCGATGCGAAC,0,464593
acrZp,0.09090909090909091,10,10,TCAACTGGCTATTTTAAGGA,0,456318
acrZp,0.09090909090909091,10,10,TATTTCAGAGTGTGGGCACG,0,436584
acrZp,0.09090909090909091,10,10,TATTCGACTCAACGGAACTT,0,440801
acrZp,0.09090909090909091,10,10,TATCGTTTAGGCTCGGAATA,0,441502
acrZp,0.09090909090909091,10,10,TATCAGAAGATGCGGTGTCC,0,429378
acrZp,0.09090909090909091,10,10,TAGGTGCGCCAGTTTGCATG,0,449573
acrZp,0.09090909090909091,10,10,TAGAAGTTACCAACACGGCA,0,431758
acrZp,0.09090909090909091,10,10,TACTTCGGTCAAGTTAGCGG,0,466694
acrZp,0.09090909090909091,10,10,TACGGCCCCCAGCGTGGCGG,0,465398
acrZp,0.09090909090909091,10,10,TAATACTTCAGGATAGGAAT,0,434839
acrZp,0.09090909090909091,10,10,TAACTAAGATGCTCTTATGG,0,432363
acrZp,0.09090909090909091,10,10,TAAAGGCGACTCGGCTGAAT,0,422021
acrZp,0.09090909090909091,10,10,TAAACTTGGTAGCCGGTCGT,0,447752
acrZp,0.09090909090909091,10,10,TAAAATCGAGCAAGGCGGAA,0,418031
acrZp,0.09090909090909091,10,10,TAAAACGAGGAGTTTACTGA,0,432399
acrZp,0.09090909090909091,10,10,GTTTGTGTGTAGGTTGACTG,0,457430
acrZp,0.09090909090909091,10,10,GTTGCTTGCCTTTTAATATA,0,416158
acrZp,0.09090909090909091,10,10,GTTGCAAACCCTGAGGTCAG,0,460576
acrZp,0.09090909090909091,10,10,GTTACCCTGAGATTGGATGG,0,456786
acrZp,0.09090909090909091,10,10,GTGTTTCTGCTGACGAACTA,0,454003
acrZp,0.09090909090909091,10,10,GTGTTACGAACAATAATGCG,0,453158
acrZp,0.09090909090909091,10,10,GTGTCGGATAGAACACTCCC,0,432924
acrZp,0.09090909090909091,10,10,GTGTATTGCAATCGTGATCA,0,451358
acrZp,0.09090909090909091,10,10,GTGGTCTTTGGCCTTTTGTA,0,442401
acrZp,0.09090909090909091,10,10,GTGGCCGGTGCCCCTTAAAA,0,451665
acrZp,0.09090909090909091,10,10,GTGCGGTATTGATCCTTTTA,0,450696
acrZp,0.09090909090909091,10,10,GTGCGGCCGCCTTGGGAAGA,0,445817
acrZp,0.09090909090909091,10,10,GTGCCGCTTCTATAATTAGA,0,452116
acrZp,0.09090909090909091,10,10,GTGCCCTGTCCAAACCTGCA,0,447044
acrZp,0.09090909090909091,10,10,GTCGCCGTGGCCCGGGGGTT,0,441723
acrZp,0.09090909090909091,10,10,GTCACTCTCCACTGACTATT,0,446588
acrZp,0.09090909090909091,10,10,GTATGTCGCGGGTGATCAAA,0,435909
acrZp,0.09090909090909091,10,10,GTATAGTCTCTGGCGCAAGG,0,418261
acrZp,0.09090909090909091,10,10,GTACTTTCTAACTCAGAAGA,0,435855
acrZp,0.09090909090909091,10,10,GGTGGATTTAGGGCTGAGGC,0,463971
acrZp,0.09090909090909091,10,10,GGTCCTGCTTAAATAGAGAA,0,455877
acrZp,0.09090909090909091,10,10,GGTATATAATTCCTGTAGAG,0,456069
acrZp,0.09090909090909091,10,10,GGTAATGATAAGGGGGTTTA,0,457190
acrZp,0.09090909090909091,10,10,GGGTGTACGTGGAGGAGTCG,0,409546
acrZp,0.09090909090909091,10,10,GGGTAAATGAACTAACTGCT,0,438423
acrZp,0.09090909090909091,10,10,GGGGTACAGCGGTAGTATAC,0,424358
acrZp,0.09090909090909091,10,10,GGGCTCGGTCTCAGGTGACC,0,430191
acrZp,0.09090909090909091,10,10,GGCAGACTCTCTCCATCTCT,0,458765
acrZp,0.09090909090909091,10,10,GGAGTTAGCGTTTCTTATGT,0,429246
acrZp,0.09090909090909091,10,10,GGAGTCAGCGTGAGATGGGA,0,447623
acrZp,0.09090909090909091,10,10,GGAGCGTAATATGTTATACT,0,412559
acrZp,0.09090909090909091,10,10,GGACTTATTTGGACCAGTGG,0,436815
acrZp,0.09090909090909091,10,10,GGACTGGTCTTAGTCGGACC,0,453621
acrZp,0.09090909090909091,10,10,GCTTTTTCGTGTGTGTCCTT,0,453272
acrZp,0.09090909090909091,10,10,GCTTTCTTAGTACGGTGCCT,0,410122
acrZp,0.09090909090909091,10,10,GCTTCTCCCCACAGGGGGAC,0,463298
acrZp,0.09090909090909091,10,10,GCTGGGGTCACTTGGTCTAA,0,439116
acrZp,0.09090909090909091,10,10,GCTGACACTTATGTGCCGAA,0,441216
acrZp,0.09090909090909091,10,10,GCTCGCGCTTGGCCCCAATC,0,411930
acrZp,0.09090909090909091,10,10,GCGTTTTCGTGTTCCGTAAA,0,450338
acrZp,0.09090909090909091,10,10,GCGTCTCTGGCAAATGTTGA,0,416100
acrZp,0.09090909090909091,10,10,GCGGAATGACTTATGCTACA,0,447629
acrZp,0.09090909090909091,10,10,GCGGAATCACGCCAGTCGCA,0,429364
acrZp,0.09090909090909091,10,10,GCGCTGAACGGTCACCAATG,0,414368
acrZp,0.09090909090909091,10,10,GCGCGCTTCGGGCCGAGGCA,0,423318
acrZp,0.09090909090909091,10,10,GCCTTCTGGAAGAATGGAGT,0,422462
acrZp,0.09090909090909091,10,10,GCCTTCAGGGTAATACAAGG,0,421161
acrZp,0.09090909090909091,10,10,GCCTCCCCTAGGAGTACCAA,0,418761
acrZp,0.09090909090909091,10,10,GCCCTTCTTCGGGCCTTAAG,0,425589
acrZp,0.09090909090909091,10,10,GCAGTGAATCATACGTTTCC,0,463713
acrZp,0.09090909090909091,10,10,GCAAGTCTGGACCCTACACA,0,447799
acrZp,0.09090909090909091,10,10,GATTTGGGCTGGAAGACGGG,0,441299
acrZp,0.09090909090909091,10,10,GAGTGCATTTTAAAAATCCT,0,453389
acrZp,0.09090909090909091,10,10,GACTTACATTTGGAAGCCCG,0,416808
acrZp,0.09090909090909091,10,10,GACGGCGGTCCTATGTATGG,0,425703
acrZp,0.09090909090909091,10,10,GAAGTGGCTCAGACTTCTGG,0,411389
acrZp,0.09090909090909091,10,10,GAAGGGTATATAAAGCTGAG,0,425705
acrZp,0.09090909090909091,10,10,GAACACGATTACTGTCTTGG,0,457300
acrZp,0.09090909090909091,10,10,CTTGTATAATTGGTCCATAC,0,431666
acrZp,0.09090909090909091,10,10,CTTGTAAAACAAGCTGAGCA,0,448422
acrZp,0.09090909090909091,10,10,CTTGGGGTAGAGATCAAGAA,0,422035
acrZp,0.09090909090909091,10,10,CTTATGGGAGCAAAGCGTCC,0,453033
acrZp,0.09090909090909091,10,10,CTTAGACGCCGGTAATGTCC,0,450473
acrZp,0.09090909090909091,10,10,CTGTTTACCGCTGTCCTCGT,0,435751
acrZp,0.09090909090909091,10,10,CTGTTAAAGTCTCGGCATTC,0,451686
acrZp,0.09090909090909091,10,10,CTGTACGAACAGACGGATTG,0,417620
acrZp,0.09090909090909091,10,10,CTGCTCGACCCGGTTGACTT,0,441579
acrZp,0.09090909090909091,10,10,CTGCCCTACTGACTGGCAAT,0,416684
acrZp,0.09090909090909091,10,10,CTCTTTCATACTCGGAAGCC,0,448729
acrZp,0.09090909090909091,10,10,CTCTTGGAAGTTTCATTGTT,0,417097
acrZp,0.09090909090909091,10,10,CTCTTCAGCCTTCCGTCACC,0,413146
acrZp,0.09090909090909091,10,10,CTATTGGCCGCCATTGCGGT,0,458919
acrZp,0.09090909090909091,10,10,CTATCAGGGTCGTATAAGAT,0,447421
acrZp,0.09090909090909091,10,10,CTATACATGGGGGACCGCTA,0,413976
acrZp,0.09090909090909091,10,10,CTATAATATTGTATTTAGAG,0,422214
acrZp,0.09090909090909091,10,10,CTACCCACAGAGAGGTGAAA,0,444778
acrZp,0.09090909090909091,10,10,CTAATGTATCAACCGTTAAT,0,421947
acrZp,0.09090909090909091,10,10,CGTTTGTGTATCTTGAACCG,0,435492
acrZp,0.09090909090909091,10,10,CGTTGTTCCTAGTCAACAAA,0,438175
acrZp,0.09090909090909091,10,10,CGTTCAGGACTTGGTCGCCC,0,412258
acrZp,0.09090909090909091,10,10,CGTGTTCGGGGTCAGTCCAC,0,418562
acrZp,0.09090909090909091,10,10,CGTCTCGACTTGAGAAATAC,0,443828
acrZp,0.09090909090909091,10,10,CGTCACGCTAATGGCAAATG,0,429528
acrZp,0.09090909090909091,10,10,CGTAGCCACGGTCCACGCGG,0,429233
acrZp,0.09090909090909091,10,10,CGTAGAGAATGGTACGCGAT,0,467002
acrZp,0.09090909090909091,10,10,CGTACCCGCCAACAGGGCTA,0,460019
acrZp,0.09090909090909091,10,10,CGGTCAATGTATACGTTGTA,0,425268
acrZp,0.09090909090909091,10,10,CGGGTGCGAAGCCATGCACG,0,410898
acrZp,0.09090909090909091,10,10,CGGGAACAACCTTGCAGGCA,0,417214
acrZp,0.09090909090909091,10,10,CGGCTTGACACAGACGGCAA,0,439385
acrZp,0.09090909090909091,10,10,CGGATTTTTTGACAGAAGTC,0,430305
acrZp,0.09090909090909091,10,10,CGGAGGTCAAATACCATCCT,0,461399
acrZp,0.09090909090909091,10,10,CGCTTTTAGTTTTGTTAACG,0,417957
acrZp,0.09090909090909091,10,10,CGCTCCCTCACACATACCTT,0,466154
acrZp,0.09090909090909091,10,10,CGCGCGCATTCTGTAAGCAG,0,452115
acrZp,0.09090909090909091,10,10,CGCGAAAAGTCCGAGCCAAC,0,423534
acrZp,0.09090909090909091,10,10,CGCCGATTCCGGGAGCCATA,0,414121
acrZp,0.09090909090909091,10,10,CGATTATACCTATTGTCAAA,0,420681
acrZp,0.09090909090909091,10,10,CGATCCTAGTACGGTAAGGC,0,429278
acrZp,0.09090909090909091,10,10,CGATCACCTCTTTGGCTATG,0,424583
acrZp,0.09090909090909091,10,10,CGAGGAAAGCACGTCTGTAG,0,432744
acrZp,0.09090909090909091,10,10,CGAAATAGAGACTGAACAGA,0,428241
acrZp,0.09090909090909091,10,10,CCTGTACTTCAACCCGCGGG,0,444683
acrZp,0.09090909090909091,10,10,CCTGAGCCAAGATAGGTTGT,0,457109
acrZp,0.09090909090909091,10,10,CCTCTGAGTCAGGAGTCAGG,0,453073
acrZp,0.09090909090909091,10,10,CCTCCCCTGTTTAGCCAGGT,0,453252
acrZp,0.09090909090909091,10,10,CCTAGAAAGGGCTAGAGAAA,0,430220
acrZp,0.09090909090909091,10,10,CCTACTTGCCTGGTGTGCCA,0,419320
acrZp,0.09090909090909091,10,10,CCGTTAGCTACCACTGCATT,0,419622
acrZp,0.09090909090909091,10,10,CCGTGGGCGCGGGGGGGCCA,0,438460
acrZp,0.09090909090909091,10,10,CCGTCACTGTCGTGAATTAG,0,420409
acrZp,0.09090909090909091,10,10,CCGGGGTTTTTGATGTCCTT,0,461460
acrZp,0.09090909090909091,10,10,CCGGAGCAACCCTGACGTGT,0,436775
acrZp,0.09090909090909091,10,10,CCGCGCCGTAGATTGCTAGT,0,455415
acrZp,0.09090909090909091,10,10,CCGAGGAGTTTGGGCAGGCA,0,419231
acrZp,0.09090909090909091,10,10,CCCTCATTCGGACTTTGGAG,0,419623
acrZp,0.09090909090909091,10,10,CCCGTGCATGATTCAAAGTA,0,423132
acrZp,0.09090909090909091,10,10,CCCGGAAAGTGTTTAATGGC,0,427997
acrZp,0.09090909090909091,10,10,CCCCTCTTGGACCCGTGAAT,0,458084
acrZp,0.09090909090909091,10,10,CCCAAGTTTAGCTCTGTCAG,0,422962
acrZp,0.09090909090909091,10,10,CATTGCGTGGCTTAGTCTCC,0,417843
acrZp,0.09090909090909091,10,10,CATGGGATGTGGGGTATTCA,0,456607
acrZp,0.09090909090909091,10,10,CATCATCGAAGATGTACGGG,0,456998
acrZp,0.09090909090909091,10,10,CATCACGAGACTCTCATCAT,0,417282
acrZp,0.09090909090909091,10,10,CATACCTTGCCCAGGAGTTA,0,437343
acrZp,0.09090909090909091,10,10,CATACAGGCGAGGTATTTTC,0,454973
acrZp,0.09090909090909091,10,10,CATAACGACTATGTATGTGT,0,410553
acrZp,0.09090909090909091,10,10,CAGTTGCCTCAATTTAGTCA,0,447551
acrZp,0.09090909090909091,10,10,CAGGTGTGGGGATGTCTCCT,0,420093
acrZp,0.09090909090909091,10,10,CAGGCTGAGTATGTTGAGCG,0,455553
acrZp,0.09090909090909091,10,10,CAGCTTCGTAAGGGCTCTCT,0,428044
acrZp,0.09090909090909091,10,10,CAGACACTATGGTTTCGGGT,0,427653
acrZp,0.09090909090909091,10,10,CACGTGGGGCATTGAGCGTC,0,428466
acrZp,0.09090909090909091,10,10,CACCGACCTTTCAAACGATA,0,422799
acrZp,0.09090909090909091,10,10,CACAATCCGGCATGGGGTGC,0,441918
acrZp,0.09090909090909091,10,10,CAATGATAGCTCTGCATTAA,0,431289
acrZp,0.09090909090909091,10,10,CAACGACCCGCATTGTCGCT,0,454523
acrZp,0.09090909090909091,10,10,CAACAGAATGTGGAGGTTTA,0,426155
acrZp,0.09090909090909091,10,10,CAAAGAACCCGCTATCTGAT,0,410566
acrZp,0.09090909090909091,10,10,CAAACAGCATGCCCGACAGC,0,426748
acrZp,0.09090909090909091,10,10,ATTTTCAATCGCCTCGCTGG,0,457539
acrZp,0.09090909090909091,10,10,ATTTGTCAGGCAGAATCCGG,0,443941
acrZp,0.09090909090909091,10,10,ATTGGCTCGGACTCGGAATG,0,431809
acrZp,0.09090909090909091,10,10,ATTCTCCGTCGAATGCCTGT,0,443359
acrZp,0.09090909090909091,10,10,ATTCACTGAGGGGTTTAGTC,0,433035
acrZp,0.09090909090909091,10,10,ATTAGTATTCTGATGTGCGA,0,418635
acrZp,0.09090909090909091,10,10,ATGTTTACCTGAATGCTGGA,0,453706
acrZp,0.09090909090909091,10,10,ATGTGGGGTTCACTTGGTAG,0,426451
acrZp,0.09090909090909091,10,10,ATGTAGAGGATTTCATGAAG,0,424467
acrZp,0.09090909090909091,10,10,ATGGGGTCTAGTTGGTGATA,0,442722
acrZp,0.09090909090909091,10,10,ATGCTAATCAGTGAACTCCA,0,415014
acrZp,0.09090909090909091,10,10,ATGCAAGTTCAATAGACAGT,0,458907
acrZp,0.09090909090909091,10,10,ATCTTGGCGGAAGCTTTCGG,0,466227
acrZp,0.09090909090909091,10,10,ATCTTGCGGATGGCTTAAGG,0,409553
acrZp,0.09090909090909091,10,10,ATCGCAGCCCTATCCCCGAC,0,409542
acrZp,0.09090909090909091,10,10,ATCCTAAGAAGATGGTCACC,0,430165
acrZp,0.09090909090909091,10,10,ATAGCCGTCACGTTCGGTGG,0,419229
acrZp,0.09090909090909091,10,10,ATAAGGAGACCCACGTCCGG,0,409642
acrZp,0.09090909090909091,10,10,AGTTATTGGATAAACGTTAA,0,443673
acrZp,0.09090909090909091,10,10,AGTTAGGCATACGTACTTGA,0,455878
acrZp,0.09090909090909091,10,10,AGTTACACCGCGATTTGTCG,0,464314
acrZp,0.09090909090909091,10,10,AGTCTCGCAGTGCACACCGG,0,410526
acrZp,0.09090909090909091,10,10,AGTCCGGATGGACTCTGGGG,0,446110
acrZp,0.09090909090909091,10,10,AGTACAAGGACGCCACCTGA,0,414851
acrZp,0.09090909090909091,10,10,AGGTTACTGTGGATAAGCTC,0,411118
acrZp,0.09090909090909091,10,10,AGGTAAATGGGTTAGGCACA,0,453413
acrZp,0.09090909090909091,10,10,AGGGTTCAACGGATCATCTG,0,428190
acrZp,0.09090909090909091,10,10,AGGGATGCGCTCCGTTTTAA,0,460344
acrZp,0.09090909090909091,10,10,AGGCGTCCAGCCGCTCTCAA,0,426615
acrZp,0.09090909090909091,10,10,AGGCATTACTGATGGGACGA,0,438889
acrZp,0.09090909090909091,10,10,AGCCTTCCGGGACGAAGCCT,0,463376
acrZp,0.09090909090909091,10,10,AGCATCGGATAGCAATAGAA,0,429032
acrZp,0.09090909090909091,10,10,AGCAGGGTTTTGGGAGTTGA,0,433347
acrZp,0.09090909090909091,10,10,ACTTTTCTGCGCGGAACGAC,0,456872
acrZp,0.09090909090909091,10,10,ACTGTCTCCCTGCCTCAACG,0,419245
acrZp,0.09090909090909091,10,10,ACTGCCCAATAGAGCGAGAG,0,432180
acrZp,0.09090909090909091,10,10,ACTGACCCTGTAACAGACGA,0,423013
acrZp,0.09090909090909091,10,10,ACTAGGGAAGGGTGTCTTAG,0,416770
acrZp,0.09090909090909091,10,10,ACGTTACCACCCAATATTCT,0,438608
acrZp,0.09090909090909091,10,10,ACGTCCGTGGGGCAAATTAG,0,428106
acrZp,0.09090909090909091,10,10,ACGGGATTAGTGTGAGTTTA,0,438613
acrZp,0.09090909090909091,10,10,ACGGCAGTGGTTACGAGAGT,0,422552
acrZp,0.09090909090909091,10,10,ACGACCCGAAGTGGGGCGCC,0,452964
acrZp,0.09090909090909091,10,10,ACGAATTTGTCCCGCGCATG,0,416310
acrZp,0.09090909090909091,10,10,ACGAATGATCTCCCGCCTCC,0,421758
acrZp,0.09090909090909091,10,10,ACCGGGGGAGGTTCATAAAG,0,422004
acrZp,0.09090909090909091,10,10,ACATATAGGACCTCTTTTCA,0,411880
acrZp,0.09090909090909091,10,10,ACACAGGTCCGTACACAAGG,0,429384
acrZp,0.09090909090909091,10,10,ACACACGGAACCCCTACGTA,0,437629
acrZp,0.09090909090909091,10,10,AATCTTCCGGACTGGGTTGA,0,445250
acrZp,0.09090909090909091,10,10,AATCACCTAATATTGATCCA,0,447042
acrZp,0.09090909090909091,10,10,AAGTGGTGCCCATGTTAACA,0,458226
acrZp,0.09090909090909091,10,10,AAGGATCACGACGTGGAAAC,0,416585
acrZp,0.09090909090909091,10,10,AACGGGCACAGATACTGGAG,0,439764
acrZp,0.09090909090909091,10,10,AACACTACGGCACTGGGGGT,0,440292
acrZp,0.09090909090909091,10,10,AAAGTTGTTCATGAGGATAT,0,409169
acrZp,0.09090909090909091,10,10,AAAGTGGACCTCACCGCGGC,0,443712
acrZp,0.09090909090909091,10,10,AAAGTCCCCGCCTTCGACCG,0,421570
acrZp,0.09090909090909091,10,10,AAAGCACGGAGTGCAGAGAC,0,448259
acrZp,0.09090909090909091,10,10,AAACTAAAGGTGTGCCAGGA,0,424136
acrZp,0.09090909090909091,10,10,AAAATTACAAAGGATAGGGT,0,457993
acrZp,0.09090909090909091,10,10,AAAATACGGGTGCCAGTTAC,0,441017
acrZp,0.09090909090909091,10,10,AAAACGGCCCCCATTGTGCC,0,412826
acrZp,0.1,9,9,TTTTATTTATGGACTGAACA,0,415605
acrZp,0.1,9,9,TTTTAGTCTTGATCCGCAGA,0,411846
acrZp,0.1,9,9,TTTGTTATCGGTGTGATTGT,0,413380
acrZp,0.1,9,9,TTTGAGTGCCGGGGCAGCGC,0,413564
acrZp,0.1,9,9,TTTCCTGAGGGAAGGCATGC,0,444862
acrZp,0.1,9,9,TTGTGAGATTCTAAGCGGTA,0,439505
acrZp,0.1,9,9,TTGGGGGTGTCGCCACTCGA,0,462405
acrZp,0.1,9,9,TTGCCTATAAGCTATTCCGT,0,420102
acrZp,0.1,9,9,TTGAGCTGATCTCATAGTTA,0,456273
acrZp,0.1,9,9,TTGACTGCGTCGTTAAGTTT,0,439419
acrZp,0.1,9,9,TTCTTACTCGCGCGGTTTTA,0,436382
acrZp,0.1,9,9,TTCTGGGGTGACGGAGACGC,0,454794
acrZp,0.1,9,9,TTCTGATATAGTAGTGCTTT,0,443948
acrZp,0.1,9,9,TTCTATATGCACGAGTGTAT,0,423775
acrZp,0.1,9,9,TTCGTCACAGGGACCTGCAT,0,449395
acrZp,0.1,9,9,TTCGCTAAAGGTTCCCTGCA,0,413302
acrZp,0.1,9,9,TTCGAGGTTTCACGGCGTCT,0,415770
acrZp,0.1,9,9,TTCCGCAATGTTTGCTGGCG,0,447973
acrZp,0.1,9,9,TTCATGATCCGCACCCGCAT,0,432182
acrZp,0.1,9,9,TTCATAAAGTCGTGTAGAGG,0,432269
acrZp,0.1,9,9,TTATTTTCTGTCCGACAAGC,0,453147
acrZp,0.1,9,9,TTATGCCATAGAGCTTGACC,0,462640
acrZp,0.1,9,9,TTATATTATCCCTAGCGGAA,0,436917
acrZp,0.1,9,9,TTACTGGGTGCGGAAGATAA,0,459300
acrZp,0.1,9,9,TTACGTTCTATTATTGAATT,0,428130
acrZp,0.1,9,9,TTAAGCCGCCATAGTACTAT,0,423653
acrZp,0.1,9,9,TTAACATGTAATGAGCGCTA,0,445105
acrZp,0.1,9,9,TGTTTGGAACACTCAGCGGA,0,429315
acrZp,0.1,9,9,TGTGAATGGAGAGAGCATGT,0,461213
acrZp,0.1,9,9,TGTCAAGGACTGGACACGCG,0,452118
acrZp,0.1,9,9,TGTAACGGTTCGACTCGCGT,0,434246
acrZp,0.1,9,9,TGGATGTGATTTTAGGGCCA,0,423322
acrZp,0.1,9,9,TGGACCGTTGCCTAAACGTA,0,463912
acrZp,0.1,9,9,TGCGGTCACATTCGGGTCTT,0,452347
acrZp,0.1,9,9,TGCAGTTAGGTTGGGTGACC,0,425917
acrZp,0.1,9,9,TGATTAATGACTGGCGAAAA,0,460216
acrZp,0.1,9,9,TGAGTTGGTAATCACAGGCT,0,445603
acrZp,0.1,9,9,TGAGCTTAGATCTCCGGGAT,0,429739
acrZp,0.1,9,9,TGACTTCGCGCTAAGGTGAT,0,414408
acrZp,0.1,9,9,TGAAGTCGCCAGCAAACTGC,0,433031
acrZp,0.1,9,9,TGAAAACTTATACAGAGGAA,0,421157
acrZp,0.1,9,9,TCTGTACCGGCGTTGAACGC,0,418809
acrZp,0.1,9,9,TCTGACTTGTTAACAAGTCC,0,420956
acrZp,0.1,9,9,TCTCTCATGCTAGACGATGT,0,413521
acrZp,0.1,9,9,TCTCTCAATAGCGAGAATGG,0,453234
acrZp,0.1,9,9,TCTCAATCGTCAGTTCGGGG,0,458404
acrZp,0.1,9,9,TCTCAACTTCCTTTGATCTA,0,421307
acrZp,0.1,9,9,TCTATCGACTTAGGTTAACT,0,457279
acrZp,0.1,9,9,TCTAAAATATGCGGTCTTTC,0,451269
acrZp,0.1,9,9,TCGTTTGTGGTCACGGGTCA,0,444338
acrZp,0.1,9,9,TCGTTACACGACACCTTGGG,0,419512
acrZp,0.1,9,9,TCGCTACGCGAAATGATTAA,0,429244
acrZp,0.1,9,9,TCGAGGGATCCGCGTCAACC,0,418802
acrZp,0.1,9,9,TCGAGAATCGTTACAATATA,0,424118
acrZp,0.1,9,9,TCGACAGTATTGGAGACAGG,0,423337
acrZp,0.1,9,9,TCCGATTACCCATTCTGTCC,0,460847
acrZp,0.1,9,9,TCCGAGAACGAGATCGAATA,0,452631
acrZp,0.1,9,9,TCCCCGGAGGGATAACTATG,0,413793
acrZp,0.1,9,9,TCCATGCACGGCGGTTAGGT,0,410054
acrZp,0.1,9,9,TCATCTGTCTGTGATTTGTT,0,436639
acrZp,0.1,9,9,TCATCGCCATTGCATGTTGA,0,432680
acrZp,0.1,9,9,TCATAATATGCACCAGGCTA,0,451173
acrZp,0.1,9,9,TCAGTTAAGATGCAGCGTAT,0,437515
acrZp,0.1,9,9,TCAGCCCTTGGTCCGTTTTG,0,451245
acrZp,0.1,9,9,TCAGAAAACTGCAATCCTTG,0,464475
acrZp,0.1,9,9,TCACCACTTAATGGAGAGGC,0,458731
acrZp,0.1,9,9,TATGGTGAACTTCTTACGCC,0,437896
acrZp,0.1,9,9,TATATGCGTGAAAGGAAGGT,0,419058
acrZp,0.1,9,9,TAGTAATAGTGCCCCGGCCT,0,431138
acrZp,0.1,9,9,TAGGGTGTGCTCGGCTATGA,0,453920
acrZp,0.1,9,9,TAGCCGCGGTTACCGTGAAC,0,454387
acrZp,0.1,9,9,TAGCCGCCTTTAATGAAACA,0,421740
acrZp,0.1,9,9,TAGCAGGTGGAGGATACATT,0,458273
acrZp,0.1,9,9,TAGCAATGTACCGGTGCGAG,0,426592
acrZp,0.1,9,9,TACTTCATCTACGAATTTGG,0,422594
acrZp,0.1,9,9,TACTTACACATCGGTGACGC,0,432888
acrZp,0.1,9,9,TACTCACTGTAGCCAGACGT,0,434821
acrZp,0.1,9,9,TACGCGGACTTTGTGAGTGC,0,438665
acrZp,0.1,9,9,TACGCCGTAATGTGTCCTAA,0,442222
acrZp,0.1,9,9,TACCGTAGATCAGAGCAAGT,0,417089
acrZp,0.1,9,9,TACAGTGGCTAGGTGCCTAA,0,425716
acrZp,0.1,9,9,TAATCACGGCTATGCCACCC,0,444738
acrZp,0.1,9,9,TAAGAATGGCTATTAAAACA,0,456386
acrZp,0.1,9,9,TAAATGTTTCCTTGAACTCA,0,465112
acrZp,0.1,9,9,TAAAGCCAAATTTTGTCCCG,0,427709
acrZp,0.1,9,9,TAAACATGTTCAAGTCAACT,0,409054
acrZp,0.1,9,9,GTTTTAGTTTTATACTCCTT,0,466411
acrZp,0.1,9,9,GTTTGTCGCAAGTGTAAAAC,0,462833
acrZp,0.1,9,9,GTTTGGGGGGCAACTTGCTG,0,447294
acrZp,0.1,9,9,GTTTAGGTATAACCTTGCTA,0,420907
acrZp,0.1,9,9,GTTGGCAGAAGCTCCTACTT,0,431133
acrZp,0.1,9,9,GTTGAAATAGAATACCTGAG,0,450171
acrZp,0.1,9,9,GTTAGCTATCAGTTTGTGTG,0,412487
acrZp,0.1,9,9,GTTACTTGGGAAATAGTCAA,0,436742
acrZp,0.1,9,9,GTTACGAGCTTCGAAATTAC,0,439934
acrZp,0.1,9,9,GTGTTATTTAACAAGGAGGG,0,458399
acrZp,0.1,9,9,GTGCAGCCACGACGTCAAAA,0,445734
acrZp,0.1,9,9,GTGCAATGTGGTTGTTGGAA,0,431626
acrZp,0.1,9,9,GTGAAAGTCCCGAAAACCGA,0,456253
acrZp,0.1,9,9,GTCGGGCAATCAATTTTATA,0,454397
acrZp,0.1,9,9,GTCCGGAAGTAGACCCGCCC,0,440403
acrZp,0.1,9,9,GTCATCAAATGGAAGCGTGC,0,455721
acrZp,0.1,9,9,GTCAAAGGCGATAGAGCGGA,0,449444
acrZp,0.1,9,9,GTAGCATCCTTTCGTAAAAG,0,451267
acrZp,0.1,9,9,GTACGCCGTCGTAGTTGTGG,0,463302
acrZp,0.1,9,9,GTAATTTTCATGTACGGGAT,0,440396
acrZp,0.1,9,9,GGTTTCACGGACACACTGGC,0,442493
acrZp,0.1,9,9,GGTTCTCGCTACCGATGTCA,0,458460
acrZp,0.1,9,9,GGTGCACCGAGTCAGCCGGA,0,467270
acrZp,0.1,9,9,GGTCCGTTACTGCGGCAATC,0,454591
acrZp,0.1,9,9,GGTAGTTATTCCGTCAACGG,0,458795
acrZp,0.1,9,9,GGTACGTTACAGGATTGCCA,0,423693
acrZp,0.1,9,9,GGTACCAGTCGCACGGGAGT,0,444200
acrZp,0.1,9,9,GGGGAGCTGCCCGTAATCTA,0,443897
acrZp,0.1,9,9,GGGACACATCAGAGGGGTAG,0,419547
acrZp,0.1,9,9,GGCTGTTAGGTACTTGAGAA,0,411807
acrZp,0.1,9,9,GGCTATGAGGCGGCAGCTGG,0,430881
acrZp,0.1,9,9,GGCGGGGACGACTTGGCTTC,0,419711
acrZp,0.1,9,9,GGCGGAACCCGGCAACCAGT,0,446087
acrZp,0.1,9,9,GGCCGCTATAGCTACAGGGT,0,463846
acrZp,0.1,9,9,GGATTAGGGCGTGCAGGGGG,0,433986
acrZp,0.1,9,9,GGAATGTCGAGCCGGCAGAC,0,418064
acrZp,0.1,9,9,GGAACTGGGTTCGTTTGGTT,0,443999
acrZp,0.1,9,9,GGAAACTGACCACGTAGGCC,0,457094
acrZp,0.1,9,9,GCTTAGGAGGTTTGGAAAGT,0,431197
acrZp,0.1,9,9,GCTGGCGTGAGCTATTCCAT,0,437263
acrZp,0.1,9,9,GCTGGCACCATATCGAGGAT,0,460277
acrZp,0.1,9,9,GCTGCGAGAGATGGACGCAT,0,446657
acrZp,0.1,9,9,GCTGAGAGACTGCCGTAATT,0,420905
acrZp,0.1,9,9,GCTATAGCCGGCTGCTTACA,0,438553
acrZp,0.1,9,9,GCTACCGGCCGCAGGTCGTA,0,450303
acrZp,0.1,9,9,GCGTTCTCGTCAAGGATTAT,0,432452
acrZp,0.1,9,9,GCGGCAATGCCTACATAGTC,0,455090
acrZp,0.1,9,9,GCGGAGAGGCTTGCTCTCTC,0,421613
acrZp,0.1,9,9,GCGCCCGACTTTTTCGGCTT,0,456492
acrZp,0.1,9,9,GCGCCAGGTTACCAGGCAAT,0,417210
acrZp,0.1,9,9,GCGATAGCTAGCAAATAGGG,0,455186
acrZp,0.1,9,9,GCGAGGGGTATGTATAGCAA,0,442495
acrZp,0.1,9,9,GCGACGGAATTCTGCTTTCT,0,437362
acrZp,0.1,9,9,GCCTATTCCCCTGTGCGCAG,0,442139
acrZp,0.1,9,9,GCCGCCTAACTAACGTGAGA,0,453763
acrZp,0.1,9,9,GCCCCAGTAAAGCACATGGA,0,435766
acrZp,0.1,9,9,GCCATATGTCTCCGAGGGTG,0,433337
acrZp,0.1,9,9,GCCATAGCTCGTCCTTCGCC,0,445671
acrZp,0.1,9,9,GCCACCATATGAGCGGAGCC,0,426636
acrZp,0.1,9,9,GCCAACGTACCGGCACCAGA,0,458985
acrZp,0.1,9,9,GCAACTTGCGACCCTCCCTG,0,426635
acrZp,0.1,9,9,GATTTCGGTTTCCTTGCCGG,0,412342
acrZp,0.1,9,9,GATTAGAGTGGACTCAAGAG,0,454870
acrZp,0.1,9,9,GATGTCAGCGCGCAATCGTT,0,412686
acrZp,0.1,9,9,GATGCGCTTTTCATTACCGA,0,458058
acrZp,0.1,9,9,GATGCGCCATTCGGTGGAAA,0,460525
acrZp,0.1,9,9,GATGAGTGTCCAAAGGTCCT,0,451813
acrZp,0.1,9,9,GATCCACCAGGTCCGACATG,0,450693
acrZp,0.1,9,9,GATCCACATCCTAGAGAGAT,0,424750
acrZp,0.1,9,9,GAGTCGTCTAGGTCTATTAT,0,435565
acrZp,0.1,9,9,GAGTAGGTTAGGCCCTCGCA,0,433432
acrZp,0.1,9,9,GAGGTCGTTAACGCCCAGGC,0,433006
acrZp,0.1,9,9,GAGGGATATCATTATTTTTA,0,457503
acrZp,0.1,9,9,GAGGCAGCGCGACCAATCAA,0,462417
acrZp,0.1,9,9,GAGCCACTGAAGTCTGTGCT,0,420575
acrZp,0.1,9,9,GAGAGGTGCTACCGGACAGG,0,456933
acrZp,0.1,9,9,GACTTCCTGCCAATCGATCT,0,413857
acrZp,0.1,9,9,GACTCACTGCAGCCTCGGGA,0,460356
acrZp,0.1,9,9,GACTAGCACAGGACAAGGAC,0,416731
acrZp,0.1,9,9,GAATTCCGCCGTCCGACTCA,0,461699
acrZp,0.1,9,9,GAATAGGGTGAGCAGATAGC,0,451431
acrZp,0.1,9,9,GAAGCAGGTATCAAATAGCC,0,413069
acrZp,0.1,9,9,GAACTTTCGTAGGGGACAAC,0,465434
acrZp,0.1,9,9,GAAAAACACCTAGACCTTTA,0,425500
acrZp,0.1,9,9,CTTCTTGGTTCGCTTCGGAG,0,434714
acrZp,0.1,9,9,CTTCCTTCCAGGGTCATGGA,0,448544
acrZp,0.1,9,9,CTTCCCGTAAAGGTCTCCCA,0,434779
acrZp,0.1,9,9,CTTAGGAATGTTCCTGTTGC,0,456601
acrZp,0.1,9,9,CTTAACTCGAACGGCACGCA,0,463156
acrZp,0.1,9,9,CTTAAACATCGGATCAGTAA,0,444045
acrZp,0.1,9,9,CTGCTGTGAAATGCCGGTAG,0,454524
acrZp,0.1,9,9,CTGACCGGAGTTTCCTGAGC,0,417095
acrZp,0.1,9,9,CTCTGGAACTGGATTCTGAC,0,445050
acrZp,0.1,9,9,CTCTCAGATGATATGTGGGA,0,424717
acrZp,0.1,9,9,CTCGTGCGGTGCAAACTAAT,0,419402
acrZp,0.1,9,9,CTCGTCACTACTCGCGTCAC,0,453225
acrZp,0.1,9,9,CTCGGTACCGTCGAGATTCA,0,439979
acrZp,0.1,9,9,CTCGGGCCGTTTTCAAAACC,0,445031
acrZp,0.1,9,9,CTCGACGCTAGACGGACCTC,0,453258
acrZp,0.1,9,9,CTCAATCCGGGAAGCTAGTG,0,461885
acrZp,0.1,9,9,CTATGTTAGCCCGCGAGTGA,0,457145
acrZp,0.1,9,9,CTATGAAGGTTGCGTGACCG,0,446788
acrZp,0.1,9,9,CTAGATGTAGACGCCACGTT,0,453751
acrZp,0.1,9,9,CTACTGGGGACTTGGGGCCA,0,427596
acrZp,0.1,9,9,CTACCGAGAGTTGCCTATGT,0,454207
acrZp,0.1,9,9,CGTTTGAGCTGGGCTATACA,0,438425
acrZp,0.1,9,9,CGTTAGGTACCTGGGTTTTC,0,434956
acrZp,0.1,9,9,CGTTACGCAGGCAGTCGGCT,0,421788
acrZp,0.1,9,9,CGTGTCCGACGCTAGCCTTA,0,412075
acrZp,0.1,9,9,CGTGGGGAGGCCCCCCGCAG,0,450652
acrZp,0.1,9,9,CGTCGCCGGTTCGCAGGACG,0,425419
acrZp,0.1,9,9,CGTCAGCCAACAGCTCACGT,0,421346
acrZp,0.1,9,9,CGTAGAGTATTATGAGAAAG,0,467011
acrZp,0.1,9,9,CGTACCTCGATCACTCCAGA,0,418110
acrZp,0.1,9,9,CGTAAGATTGGATTTATGGT,0,433671
acrZp,0.1,9,9,CGGTCGCGTTCGTTTTAGTG,0,462967
acrZp,0.1,9,9,CGGTACTAGGTGCACAGCTA,0,436447
acrZp,0.1,9,9,CGGTACAAAAAATCCCAGGC,0,412166
acrZp,0.1,9,9,CGGTAAAGGTAACTCTTGCA,0,462828
acrZp,0.1,9,9,CGGGAGTTGAGGTAGGAATG,0,416342
acrZp,0.1,9,9,CGGGAGAGAAAATAGTGGAC,0,420870
acrZp,0.1,9,9,CGGCTTCGACGTGTATGAAG,0,417124
acrZp,0.1,9,9,CGGCGATGCGAGATAACTCC,0,463711
acrZp,0.1,9,9,CGGCGACTACAGAAGCTCAT,0,424458
acrZp,0.1,9,9,CGGATCCGTTATTCATCGGC,0,432515
acrZp,0.1,9,9,CGGAACCCTTCGGGTTGTAA,0,415794
acrZp,0.1,9,9,CGCTTACCAGAGGAAATTTT,0,430397
acrZp,0.1,9,9,CGCTACGAGGCCGTTGTGTC,0,433786
acrZp,0.1,9,9,CGCCTGGAGTCAATATGCCA,0,457636
acrZp,0.1,9,9,CGCCTGCGGCCTCGTCGCAG,0,449918
acrZp,0.1,9,9,CGCAGGCAAGGCCGCGTAGC,0,412802
acrZp,0.1,9,9,CGATTAAGGCGCAGCAGTAC,0,424645
acrZp,0.1,9,9,CGATCGTGCAATGTCTAGGA,0,411735
acrZp,0.1,9,9,CGATCGTGATCACATGGCCA,0,423670
acrZp,0.1,9,9,CGAGTACAGGCGAACTCGGA,0,450392
acrZp,0.1,9,9,CGAGGGGTAATGTAACGGAC,0,417661
acrZp,0.1,9,9,CGAGCAAACGCCGTTCTGTC,0,455787
acrZp,0.1,9,9,CGACTAACCCAAGGAGAGCG,0,442156
acrZp,0.1,9,9,CGACCGGGGTACCAAGTGTT,0,446371
acrZp,0.1,9,9,CGACCAATTGCAACAGATGA,0,416899
acrZp,0.1,9,9,CGACATCAGATACAGGGCGT,0,429874
acrZp,0.1,9,9,CGAACATGCGGCCGCGCATC,0,423280
acrZp,0.1,9,9,CCTTGAGATTCTGGCGTTTC,0,437612
acrZp,0.1,9,9,CCTTAAGAAAGATCTCCACC,0,436379
acrZp,0.1,9,9,CCTAGTCTTTCCGCCTCTGC,0,465213
acrZp,0.1,9,9,CCTAGATGGTTGAACTGCGC,0,416222
acrZp,0.1,9,9,CCGTGGCTTCGACAATGGCC,0,447709
acrZp,0.1,9,9,CCGCGGGTTCGAGACGGACT,0,463967
acrZp,0.1,9,9,CCGCCATTAACGTATATCCA,0,435248
acrZp,0.1,9,9,CCGATAAGCGTCGGAGACCT,0,418272
acrZp,0.1,9,9,CCGAGTTAAGCCGTCAGGCG,0,460872
acrZp,0.1,9,9,CCCTCGTACACATAGCTATC,0,409494
acrZp,0.1,9,9,CCCCTCTGGAATCCTGTTAT,0,445592
acrZp,0.1,9,9,CCCAGCCAAGCCTACACAGA,0,413301
acrZp,0.1,9,9,CCCACAGAGCGTTTCCCTCT,0,417104
acrZp,0.1,9,9,CCATGTGATAGCGCTAAATA,0,411128
acrZp,0.1,9,9,CCAGTGCGCTCGACAGTCAT,0,440364
acrZp,0.1,9,9,CCAGGTTAGTTATGTACTAG,0,444150
acrZp,0.1,9,9,CCAGGTATCGTCTGGGGATT,0,460365
acrZp,0.1,9,9,CCAGCCTTGAGTGACCCGCC,0,449209
acrZp,0.1,9,9,CCAGAGGTGGAAGACCGTGA,0,412549
acrZp,0.1,9,9,CCACCCTGCCTATTGGCATG,0,435898
acrZp,0.1,9,9,CCACCCAAGTGCGAGTTGAT,0,411070
acrZp,0.1,9,9,CCAATAAAGCTTCATCAGGC,0,442867
acrZp,0.1,9,9,CCAAAGGTGGGACGGGGTAT,0,453620
acrZp,0.1,9,9,CATTGTACATTACCCGCTAG,0,436629
acrZp,0.1,9,9,CATTCGGACACATCACGCCA,0,466434
acrZp,0.1,9,9,CATGTGTAGAAATCCCCGGC,0,420091
acrZp,0.1,9,9,CATGAGTGGGACACTTTCTA,0,412408
acrZp,0.1,9,9,CATCTCACTTAACCCGTACA,0,424833
acrZp,0.1,9,9,CATCGTATAAGAGCAGAATA,0,448803
acrZp,0.1,9,9,CATAGGATAAAGTTCCCTTG,0,411596
acrZp,0.1,9,9,CAGGCGATACTGCGGTCTTT,0,432508
acrZp,0.1,9,9,CAGCTGGATGATCCTCGGGC,0,464443
acrZp,0.1,9,9,CAGAATATACCAGAGAGCAT,0,443085
acrZp,0.1,9,9,CACTATAAAGTATCCTGCTG,0,422109
acrZp,0.1,9,9,CACGGCTTCCAAACTCTGGT,0,423081
acrZp,0.1,9,9,CACATTGTGCGGGGCCGCAT,0,425389
acrZp,0.1,9,9,CACACTATATCCCGGATTAT,0,460469
acrZp,0.1,9,9,CACACCTTGGCAGGGTTGAG,0,415912
acrZp,0.1,9,9,CAAGTGGCGTCCTCTGTCCT,0,414452
acrZp,0.1,9,9,CAAGTGATTGCGGCAGGGCC,0,422072
acrZp,0.1,9,9,CAAGCCGGTTACATCCACCG,0,450384
acrZp,0.1,9,9,CAAATGGGGAACACGAGGCA,0,449676
acrZp,0.1,9,9,ATTTTGAGTTGTAGCTTTTA,0,442556
acrZp,0.1,9,9,ATTTTCTGATAAATTTCATA,0,452482
acrZp,0.1,9,9,ATTTCCATCTAACGCCGCGA,0,429994
acrZp,0.1,9,9,ATTCCCATTTTATTTAGGAT,0,411163
acrZp,0.1,9,9,ATTCAAGAACAGACAGCATT,0,463990
acrZp,0.1,9,9,ATTATAAACGAACAGCTTGC,0,427362
acrZp,0.1,9,9,ATTAGTAGAATATACTCTTG,0,465309
acrZp,0.1,9,9,ATGTCTCCTGGGCTTTGGGT,0,450139
acrZp,0.1,9,9,ATGGTTTGGTGCTTGACGCA,0,445807
acrZp,0.1,9,9,ATGCCATGTCTTAAGTCTTG,0,425920
acrZp,0.1,9,9,ATGAATACCTCGCATCTCAG,0,426249
acrZp,0.1,9,9,ATCTTAAGTCGAAATACATT,0,423552
acrZp,0.1,9,9,ATATTTCTCACTATCATGAT,0,430789
acrZp,0.1,9,9,ATAGGGCGTTACACCAGAGC,0,410388
acrZp,0.1,9,9,ATAGCCTGAGCGCCTGATGG,0,446639
acrZp,0.1,9,9,ATAGAGCTACCGATATTGTT,0,443976
acrZp,0.1,9,9,ATACCCAGAACTCGTCTCGT,0,434604
acrZp,0.1,9,9,ATAACGTTTAATTCGGATCG,0,447287
acrZp,0.1,9,9,AGTTGCGGTGTCGCGGAGAT,0,422968
acrZp,0.1,9,9,AGTTAGGATCGTGAAAGCCG,0,450104
acrZp,0.1,9,9,AGTGCAAGTACTAATTTCCA,0,413295
acrZp,0.1,9,9,AGTGACTCGACCCCGTAGTC,0,414402
acrZp,0.1,9,9,AGTCGGGCCATCCTCCATCC,0,462170
acrZp,0.1,9,9,AGTCGAGTCTAGGCCAAGAT,0,418801
acrZp,0.1,9,9,AGTATGAGCGCAGGCTGCAT,0,444085
acrZp,0.1,9,9,AGTACGCACTGTGACCTGCA,0,409793
acrZp,0.1,9,9,AGGTTCCACGTCCATCATGT,0,466533
acrZp,0.1,9,9,AGGTGATTATGTGTAATTTT,0,444044
acrZp,0.1,9,9,AGGGTGGTTGAGCAGTACAG,0,450100
acrZp,0.1,9,9,AGGGGTAGAGCCCCCAGGGT,0,446056
acrZp,0.1,9,9,AGGGGCATAGACGGATCCCA,0,419746
acrZp,0.1,9,9,AGGCTGCGACGACCGTGGCT,0,460527
acrZp,0.1,9,9,AGGCTCAGTGAAATTCATTC,0,464863
acrZp,0.1,9,9,AGGCGACTTGCACAGCTTCT,0,417249
acrZp,0.1,9,9,AGGAGGGGTCGGGCCACGCG,0,452914
acrZp,0.1,9,9,AGCTTTGTACCCAGCCCGAG,0,433372
acrZp,0.1,9,9,AGCTGTGGCATACGCGACAT,0,445799
acrZp,0.1,9,9,AGCTGGCCGATAACTCTCAA,0,439074
acrZp,0.1,9,9,AGCTCGCCCGTTATAGTCAG,0,425541
acrZp,0.1,9,9,AGCGTGCTCAATTCATATGT,0,420295
acrZp,0.1,9,9,AGCGGGACGGTCATGTGGAT,0,449514
acrZp,0.1,9,9,AGCGCGTACCGGATAGGACT,0,411029
acrZp,0.1,9,9,AGCGAGACCAAGGGCTTTCA,0,414585
acrZp,0.1,9,9,AGCCGGTTTGAATGGAGACG,0,449939
acrZp,0.1,9,9,AGCAGGAGTAGCTCAGAGCC,0,435278
acrZp,0.1,9,9,AGATGTCCTGACACGTAGCC,0,447100
acrZp,0.1,9,9,AGATGCGATTCTCCGATCTC,0,426989
acrZp,0.1,9,9,AGAGCGTCTAAGAAGGATGT,0,438669
acrZp,0.1,9,9,AGACTACGCCGCTCCTGTGG,0,416633
acrZp,0.1,9,9,AGACCGGTGCTTACTCCGAG,0,461751
acrZp,0.1,9,9,ACTGTTCTCTATGAAAGGCC,0,410510
acrZp,0.1,9,9,ACTGTGAACGCAGCTTGCTT,0,419851
acrZp,0.1,9,9,ACTCTTTGACAGCAGTGCGT,0,436522
acrZp,0.1,9,9,ACTCGGTTGTCGTCGCGAAT,0,411071
acrZp,0.1,9,9,ACGTTCGGCTCATCAGGTTT,0,456756
acrZp,0.1,9,9,ACGGGTTACTCCGTAGTCCA,0,448010
acrZp,0.1,9,9,ACGGCACGGTCACGGCGTCC,0,463112
acrZp,0.1,9,9,ACGCTTGTAACAGCGCTTTA,0,422759
acrZp,0.1,9,9,ACGCGTTAGTATTGAGCCCC,0,440571
acrZp,0.1,9,9,ACGCACTGGACGAATGAACC,0,441647
acrZp,0.1,9,9,ACGAGCAGCTAGGGTGCCCG,0,430208
acrZp,0.1,9,9,ACGACGTAGGGAACTTAAAC,0,442492
acrZp,0.1,9,9,ACGACGATCACCGTTTACGG,0,432553
acrZp,0.1,9,9,ACCTGTAGCACATCACTTGT,0,438459
acrZp,0.1,9,9,ACCTGCTTAAAAGCGGCTGA,0,451088
acrZp,0.1,9,9,ACCTAAATATTACTTGCATC,0,452439
acrZp,0.1,9,9,ACCGTATTTGCATATCCGAT,0,411315
acrZp,0.1,9,9,ACCGAGCGGAGTGTGGAGCA,0,433435
acrZp,0.1,9,9,ACCCGTCGTTGCGATAGGGT,0,449942
acrZp,0.1,9,9,ACCCAGTCACATCATTAAAT,0,411305
acrZp,0.1,9,9,ACCATAGGGGATCAAACGTG,0,439319
acrZp,0.1,9,9,ACCAGATTGAAATCGAACCT,0,439346
acrZp,0.1,9,9,ACATTCGGCGAACCTGGTAT,0,429042
acrZp,0.1,9,9,ACATGGTACCAGGGCTTTGG,0,445360
acrZp,0.1,9,9,ACAAGAAATATGGCCAGGTT,0,438704
acrZp,0.1,9,9,AATTTTCGGGCAAGTCCTAG,0,428457
acrZp,0.1,9,9,AATGAGGCCATGGACACCCA,0,423933
acrZp,0.1,9,9,AATGAACTGAATCGATCCAA,0,455965
acrZp,0.1,9,9,AATCACATTTCGAAGATTGT,0,419748
acrZp,0.1,9,9,AAGTGGGATCAGTAGCGGTC,0,419950
acrZp,0.1,9,9,AAGGTTTTTGAGCGGTTGAA,0,430043
acrZp,0.1,9,9,AAGGGCCGCACTGCAAGCCA,0,433876
acrZp,0.1,9,9,AAGCAGTGGGCTAGGGGTGT,0,448905
acrZp,0.1,9,9,AACTGGTATAGACAACTCAT,0,417927
acrZp,0.1,9,9,AAATAATGCGCCCCGTGGAT,0,452143
acrZp,0.1,9,9,AAAGGAATCTTGACCTTCTA,0,420335
acrZp,0.1,9,9,AAAGCCCCGCTCGTCCAGAT,0,416237
acrZp,0.1,9,9,AAAGCCCATTCTAATGCGCG,0,432395
acrZp,0.1,9,9,AAACTTTCATTGTTAGGTTA,0,446569
acrZp,0.1,9,9,AAACAGTACCTTCGGGTAAT,0,439702
acrZp,0.1,9,9,AAACAAACCGTTTCCAGGTC,0,434784
acrZp,0.1,9,9,AAAATAGTCGGGCGGCCCTG,0,440572
acrZp,0.1111111111111111,8,8,TTTTCTTTGCGAACTGAATA,0,431474
acrZp,0.1111111111111111,8,8,TTTTCGTTCATGGTACGAAT,0,420195
acrZp,0.1111111111111111,8,8,TTTTACTGGCATGTTAATTA,0,421715
acrZp,0.1111111111111111,8,8,TTTCTTTACAGGTGGCACGT,0,448376
acrZp,0.1111111111111111,8,8,TTTCGGGATCAGGGGGCTGT,0,434086
acrZp,0.1111111111111111,8,8,TTTCGAGTAAATCGACTGCC,0,452455
acrZp,0.1111111111111111,8,8,TTTATCTCCGCTCCTGTTAA,0,434971
acrZp,0.1111111111111111,8,8,TTTAGTTGGTGCGGTCCTAG,0,449990
acrZp,0.1111111111111111,8,8,TTTAGTGTCCGAAAAGTTAT,0,435176
acrZp,0.1111111111111111,8,8,TTTACGTACCTGTTGGATCT,0,446563
acrZp,0.1111111111111111,8,8,TTGTGGTCACGTTAGGGCTG,0,454666
acrZp,0.1111111111111111,8,8,TTGTGCCGGGATGCTTAGTG,0,450394
acrZp,0.1111111111111111,8,8,TTGTATGGGTTCTGTTACTA,0,423378
acrZp,0.1111111111111111,8,8,TTGGTCCACGTGTGCTTTAG,0,441555
acrZp,0.1111111111111111,8,8,TTGGGAAGCATTGTTGTTGC,0,426649
acrZp,0.1111111111111111,8,8,TTGGAATCCGAGAGTGGCAG,0,455037
acrZp,0.1111111111111111,8,8,TTGCTCGTGAGCGATCTACC,0,408716
acrZp,0.1111111111111111,8,8,TTGCGATTCACCGGGTCGGT,0,449310
acrZp,0.1111111111111111,8,8,TTCTCGCCCAGAATGTACCT,0,432232
acrZp,0.1111111111111111,8,8,TTCTAATCCTGCATGGAGGA,0,426739
acrZp,0.1111111111111111,8,8,TTCTAAGAGAGTACTAGCGT,0,430371
acrZp,0.1111111111111111,8,8,TTCGTGCCGCCAAATTTGGA,0,416829
acrZp,0.1111111111111111,8,8,TTCGCAGTGTCTGCCCGGCA,0,417127
acrZp,0.1111111111111111,8,8,TTCCGTGTCGCCGCTAACTA,0,416040
acrZp,0.1111111111111111,8,8,TTCCCTCCGGGAATGGGAAG,0,452231
acrZp,0.1111111111111111,8,8,TTCATCGATACATCCCTCAG,0,442308
acrZp,0.1111111111111111,8,8,TTCAACCCTCAGGTGGTCGT,0,426853
acrZp,0.1111111111111111,8,8,TTATTCAGTATGAGCATATA,0,424901
acrZp,0.1111111111111111,8,8,TTATTCAATAAGCGGTATTC,0,444965
acrZp,0.1111111111111111,8,8,TTAGGGTCCCGTACAGGAGA,0,456372
acrZp,0.1111111111111111,8,8,TTAGGGAGCGTAGGAATTTG,0,457263
acrZp,0.1111111111111111,8,8,TTAGGCTCGAGGCTCGCATC,0,465319
acrZp,0.1111111111111111,8,8,TTACGTGCACGGCCGAGAAA,0,436585
acrZp,0.1111111111111111,8,8,TTAATTCCACATTTTTCTAT,0,430257
acrZp,0.1111111111111111,8,8,TTAAGTACCCGACGTGCTGT,0,415690
acrZp,0.1111111111111111,8,8,TTAAGAGCTGGTGTAAGAGG,0,410380
acrZp,0.1111111111111111,8,8,TTAAAAGACAGCAGCTCGTT,0,423341
acrZp,0.1111111111111111,8,8,TGTTTTCCTGAGGCTGCGAA,0,421582
acrZp,0.1111111111111111,8,8,TGTTTTAGAGCCCTGTCCAG,0,418374
acrZp,0.1111111111111111,8,8,TGTTTCAGGATTTAAAATGG,0,459390
acrZp,0.1111111111111111,8,8,TGTTGACTATAGGTTAAGAA,0,441757
acrZp,0.1111111111111111,8,8,TGTGTAATAGCTCTCGCGGA,0,439710
acrZp,0.1111111111111111,8,8,TGTGGGTGCGTTTCACTATT,0,419608
acrZp,0.1111111111111111,8,8,TGTGACCCAAGGGCGTCCTG,0,420776
acrZp,0.1111111111111111,8,8,TGTCGCCATGAGAACATTTG,0,448492
acrZp,0.1111111111111111,8,8,TGTAAAAGACGCATTATTTT,0,436822
acrZp,0.1111111111111111,8,8,TGGTCTTTGAAGTCCCCTGT,0,455768
acrZp,0.1111111111111111,8,8,TGGGGTCCAGCGAGTGTATA,0,440713
acrZp,0.1111111111111111,8,8,TGGGCTTTCGTTCCTTACTG,0,454994
acrZp,0.1111111111111111,8,8,TGGCGCCAACGTGCCCTTTT,0,455770
acrZp,0.1111111111111111,8,8,TGGCCAGGTTACGTAGGGAT,0,464893
acrZp,0.1111111111111111,8,8,TGGATCGATTTCCTTATCTC,0,425504
acrZp,0.1111111111111111,8,8,TGGAGGTGGGCGTAACTTAC,0,459120
acrZp,0.1111111111111111,8,8,TGGAAGCGTGGTCCATGGCT,0,425444
acrZp,0.1111111111111111,8,8,TGCTGCCACGACGTAGGTAA,0,447552
acrZp,0.1111111111111111,8,8,TGCGGTTCACTAGCGGAGAA,0,438169
acrZp,0.1111111111111111,8,8,TGCGCAAACGGCAGTCATCA,0,411859
acrZp,0.1111111111111111,8,8,TGCGATTTTACCGTAGGTCA,0,462731
acrZp,0.1111111111111111,8,8,TGCCGGTATGGTTTTACTTC,0,462634
acrZp,0.1111111111111111,8,8,TGCCCTGGGAAGCGCGCTGA,0,451972
acrZp,0.1111111111111111,8,8,TGCCATCCATGACGCCGGGA,0,417394
acrZp,0.1111111111111111,8,8,TGCATCTCACTTCTCGCCCT,0,417946
acrZp,0.1111111111111111,8,8,TGCAGGTGGGGGGCTGATTA,0,410119
acrZp,0.1111111111111111,8,8,TGCAGACGGTTGTTGAGGCG,0,467193
acrZp,0.1111111111111111,8,8,TGCAAGTTTTAATGAGCAGA,0,457261
acrZp,0.1111111111111111,8,8,TGATGTGTGATGTGAGAGTT,0,457642
acrZp,0.1111111111111111,8,8,TGATCACGTAAGCTGTGACT,0,417167
acrZp,0.1111111111111111,8,8,TGAAGGGGGTGACGGTGCAG,0,439100
acrZp,0.1111111111111111,8,8,TGAAACGGTGACGTCTCCGG,0,465277
acrZp,0.1111111111111111,8,8,TCTTTTCCAATTTCGAAAAT,0,435493
acrZp,0.1111111111111111,8,8,TCTTACCTATTTGTATTTAT,0,454158
acrZp,0.1111111111111111,8,8,TCTGGTCACCTTCACGGAGA,0,449513
acrZp,0.1111111111111111,8,8,TCTGGCTTCGCCGATCCTAC,0,423684
acrZp,0.1111111111111111,8,8,TCTGATTGAATTAGTCCCCT,0,448012
acrZp,0.1111111111111111,8,8,TCTCATGGCTCCTATTTGGG,0,450068
acrZp,0.1111111111111111,8,8,TCTACGGATCCTACAACTTA,0,432762
acrZp,0.1111111111111111,8,8,TCTACGCGCTAAGTAGTTGT,0,418637
acrZp,0.1111111111111111,8,8,TCGTTTACGCAGTCCGCATT,0,443021
acrZp,0.1111111111111111,8,8,TCGTAAACGTGTCTAAAAAG,0,420060
acrZp,0.1111111111111111,8,8,TCGGGGGCCTCGGATGTGTC,0,412980
acrZp,0.1111111111111111,8,8,TCGGGGCATAGCTAAATATG,0,456100
acrZp,0.1111111111111111,8,8,TCGGGCGAGTCCGAGCGAAC,0,415640
acrZp,0.1111111111111111,8,8,TCGGCCTCGAGGATGGAATT,0,450481
acrZp,0.1111111111111111,8,8,TCGCTCCGCCAGGGAGCTAT,0,459496
acrZp,0.1111111111111111,8,8,TCGCGTGTAACGTTAACGTA,0,431972
acrZp,0.1111111111111111,8,8,TCGCATGACTCTGCGCTAAG,0,431332
acrZp,0.1111111111111111,8,8,TCCTGACCGAAAGTATGCAT,0,420882
acrZp,0.1111111111111111,8,8,TCCTATTATGTATCACCAGG,0,413418
acrZp,0.1111111111111111,8,8,TCCGAGCTTAGACGGCACAT,0,456580
acrZp,0.1111111111111111,8,8,TCCCGGCTTTAGCAACGCAA,0,437559
acrZp,0.1111111111111111,8,8,TCCCATGCTTACCCCGCGTC,0,437907
acrZp,0.1111111111111111,8,8,TCCCAAAACAATTGACAGGT,0,440431
acrZp,0.1111111111111111,8,8,TCCATTGGTCCCATGCAACT,0,450402
acrZp,0.1111111111111111,8,8,TCATCTCTCCTGCGCTTGGC,0,440677
acrZp,0.1111111111111111,8,8,TCAGCTGAGTCCGTGTTCAA,0,432619
acrZp,0.1111111111111111,8,8,TCAGAAATTTCTTTCCTATA,0,420727
acrZp,0.1111111111111111,8,8,TCACCGTCGCAAAAAGTCTC,0,423135
acrZp,0.1111111111111111,8,8,TCACCATCATGGACCAGTAG,0,436944
acrZp,0.1111111111111111,8,8,TCACACGAGCGCTTGGGTCA,0,427090
acrZp,0.1111111111111111,8,8,TCAATCTACAGTTTGTCGCC,0,446397
acrZp,0.1111111111111111,8,8,TCAACGTAAGAAGCGATCGA,0,416989
acrZp,0.1111111111111111,8,8,TCAACCAAGGACGAGTGGAA,0,422470
acrZp,0.1111111111111111,8,8,TATTTGTTGTGGGAGTGCTG,0,453663
acrZp,0.1111111111111111,8,8,TATTGGTGCTCTCAAAACAG,0,434253
acrZp,0.1111111111111111,8,8,TATGTCAGCATATAGACGGT,0,440265
acrZp,0.1111111111111111,8,8,TAGTACCCGATGGCCATGCG,0,456257
acrZp,0.1111111111111111,8,8,TAGGGGGTGGACGTATCAGT,0,411785
acrZp,0.1111111111111111,8,8,TAGGAGGGTCTAGCTTGGTA,0,458879
acrZp,0.1111111111111111,8,8,TAGGACTTCGGTGCTTCTCT,0,459094
acrZp,0.1111111111111111,8,8,TAGGACTACAGGGGTAGGCC,0,417905
acrZp,0.1111111111111111,8,8,TAGAGTCTTTAGTCGTATCG,0,431370
acrZp,0.1111111111111111,8,8,TACGTTATTTCCACCAGGAA,0,455458
acrZp,0.1111111111111111,8,8,TACGCGTTCTTACCGTTGGT,0,429623
acrZp,0.1111111111111111,8,8,TACATGATATTACACGGGAC,0,444433
acrZp,0.1111111111111111,8,8,TACAGTTTTGCTACGCCGGT,0,442615
acrZp,0.1111111111111111,8,8,TACACTATTCTGTTTTTATG,0,416850
acrZp,0.1111111111111111,8,8,TACAATTGCCGTGCACGGTC,0,465655
acrZp,0.1111111111111111,8,8,TAATCTGAAGGCACGTACAT,0,425635
acrZp,0.1111111111111111,8,8,TAAGGCTCGTTAGAAGCTAT,0,423941
acrZp,0.1111111111111111,8,8,TAAGAGTGGGATGCTCGCGG,0,452737
acrZp,0.1111111111111111,8,8,TAACGGTTTTTTTACATAAA,0,431473
acrZp,0.1111111111111111,8,8,TAAACGGAAGGTTAGCCAAT,0,450253
acrZp,0.1111111111111111,8,8,GTTTATTTATTGTGGCTCAG,0,455341
acrZp,0.1111111111111111,8,8,GTTGGTAAAACGCTAGGTAT,0,409013
acrZp,0.1111111111111111,8,8,GTTGCATACGGAAACAGTCC,0,425179
acrZp,0.1111111111111111,8,8,GTTCGGGAGCTTAAATTGTC,0,424713
acrZp,0.1111111111111111,8,8,GTGTTCTTATCGGGCGTCGC,0,443977
acrZp,0.1111111111111111,8,8,GTGTACGGTTGGCCTATGAT,0,467630
acrZp,0.1111111111111111,8,8,GTGGGAGCATTGATTGTTTT,0,442611
acrZp,0.1111111111111111,8,8,GTCTGACACTGGTCTGTAGT,0,417659
acrZp,0.1111111111111111,8,8,GTCGGTTGCCTATAAACCGT,0,426536
acrZp,0.1111111111111111,8,8,GTCGCAAATTGAGATGATTA,0,456265
acrZp,0.1111111111111111,8,8,GTCCGGCATCCGGTTCGTCC,0,460959
acrZp,0.1111111111111111,8,8,GTCATCAAAACTGCGGGAAC,0,463794
acrZp,0.1111111111111111,8,8,GTCAGTGCAATCCTCAGTTG,0,430031
acrZp,0.1111111111111111,8,8,GTCAGTATTGGAGATATTGC,0,440584
acrZp,0.1111111111111111,8,8,GTCAGCTTTGTTGGAGTGTA,0,429805
acrZp,0.1111111111111111,8,8,GTAGTTCGGTTATGCAATAG,0,447876
acrZp,0.1111111111111111,8,8,GTAGTGGGAGGTGTGCGGAG,0,413355
acrZp,0.1111111111111111,8,8,GTAGGTGCTATTCCGGTATA,0,432970
acrZp,0.1111111111111111,8,8,GTAGATTATTTTTGGAGGAT,0,423007
acrZp,0.1111111111111111,8,8,GTACTGATGGGGGTAAAGAC,0,421478
acrZp,0.1111111111111111,8,8,GTACAGGATGGCGCTTTATT,0,438457
acrZp,0.1111111111111111,8,8,GTAACGATCCAGGGGTTGGT,0,432766
acrZp,0.1111111111111111,8,8,GGTTACTGTTATTTCCAATA,0,425794
acrZp,0.1111111111111111,8,8,GGTGTGGTGATACTGCGGAA,0,411491
acrZp,0.1111111111111111,8,8,GGTCTCCTGTGAACGACATC,0,419753
acrZp,0.1111111111111111,8,8,GGTCGCGCAAGGTATCCGGT,0,443236
acrZp,0.1111111111111111,8,8,GGTCCCATGATCCGGAAGTA,0,421427
acrZp,0.1111111111111111,8,8,GGTAAGGGCTACTTGGGGGA,0,438112
acrZp,0.1111111111111111,8,8,GGGTTTCGGGACGTGATGGC,0,414785
acrZp,0.1111111111111111,8,8,GGGTGGGCTGGCCGAGTATC,0,441703
acrZp,0.1111111111111111,8,8,GGGGTTGTACACTATTAGAC,0,431373
acrZp,0.1111111111111111,8,8,GGGCGGCTAGGCCTCAAGAC,0,416812
acrZp,0.1111111111111111,8,8,GGGCGGATCGTGAGGGTGAA,0,446445
acrZp,0.1111111111111111,8,8,GGCTCTGCGTTTAATCGGGC,0,448433
acrZp,0.1111111111111111,8,8,GGCTAATCACGAGGGACAGG,0,419398
acrZp,0.1111111111111111,8,8,GGCGTATACAGACACATGTC,0,411153
acrZp,0.1111111111111111,8,8,GGCGGTTTGCGTATGCTGGA,0,423202
acrZp,0.1111111111111111,8,8,GGCGGGGGACCCTATAAGTA,0,451048
acrZp,0.1111111111111111,8,8,GGCGGGCAACGTAGAAACGT,0,460358
acrZp,0.1111111111111111,8,8,GGCCGCCATCGAGACAATGC,0,415023
acrZp,0.1111111111111111,8,8,GGCCCTAGGTAGCCTCGGTA,0,434530
acrZp,0.1111111111111111,8,8,GGCAGTTCAAGGTTCACCGC,0,434397
acrZp,0.1111111111111111,8,8,GGCAGTCTTAAATCCTCGCA,0,452479
acrZp,0.1111111111111111,8,8,GGATGGCCGCGCCTCTACCT,0,456356
acrZp,0.1111111111111111,8,8,GGATCGACGTGGATTCCCTA,0,436033
acrZp,0.1111111111111111,8,8,GGATAAAAGAAAGACCGTAA,0,465284
acrZp,0.1111111111111111,8,8,GGAGGATCAAGTGATTGGTA,0,455571
acrZp,0.1111111111111111,8,8,GGACTTCCATTCCGCCGTGT,0,434193
acrZp,0.1111111111111111,8,8,GGACGTGTATGTCCTCAAGG,0,413021
acrZp,0.1111111111111111,8,8,GGAAGCCAGCCGTGTTGGCA,0,445801
acrZp,0.1111111111111111,8,8,GCTTGCAAATCAGGAACATT,0,456268
acrZp,0.1111111111111111,8,8,GCTTAGTTTTGGGTCTAGTT,0,442342
acrZp,0.1111111111111111,8,8,GCTTAGCATGTCTTCGGTAC,0,439457
acrZp,0.1111111111111111,8,8,GCTGTGAATCACTGGTTCAA,0,413868
acrZp,0.1111111111111111,8,8,GCTCGTGGGAGCCTTTCGTA,0,409840
acrZp,0.1111111111111111,8,8,GCTCGCCCTTGGTTGGCATA,0,409648
acrZp,0.1111111111111111,8,8,GCTCGCATTTGACGCCGGCG,0,461828
acrZp,0.1111111111111111,8,8,GCTACAAAGCCCCAAGATAC,0,418595
acrZp,0.1111111111111111,8,8,GCGTTTGAGGAGCTGTTATT,0,454023
acrZp,0.1111111111111111,8,8,GCGTGGGTGGAGGAATGACA,0,431026
acrZp,0.1111111111111111,8,8,GCGTCTTGAGTGAGTTGCGG,0,428846
acrZp,0.1111111111111111,8,8,GCGTCCCTGTAAGGCATCAT,0,456135
acrZp,0.1111111111111111,8,8,GCGCTCCTAGCGTGGGCGTA,0,455237
acrZp,0.1111111111111111,8,8,GCGCTAACAGGATCTGATGC,0,438484
acrZp,0.1111111111111111,8,8,GCGCCGACATAACGGCGCCT,0,446078
acrZp,0.1111111111111111,8,8,GCGAGTGATATTGTGGAGCA,0,412030
acrZp,0.1111111111111111,8,8,GCCGGTTCCTTGGCCATTAT,0,431828
acrZp,0.1111111111111111,8,8,GCCGGCACTACGTATACGAG,0,454593
acrZp,0.1111111111111111,8,8,GCCAGAGCCCATCTCGCGTT,0,444424
acrZp,0.1111111111111111,8,8,GCATTGCCCTATGCAGCGCT,0,410442
acrZp,0.1111111111111111,8,8,GCACTCCAGCCTTCATGGGG,0,437735
acrZp,0.1111111111111111,8,8,GCAACAATAATCCAACCCGT,0,411719
acrZp,0.1111111111111111,8,8,GCAAACCACTTGGTACCACT,0,433156
acrZp,0.1111111111111111,8,8,GATGGAACTGGATTCAATGC,0,430875
acrZp,0.1111111111111111,8,8,GATGCTTCTAAATGTAAGAT,0,444335
acrZp,0.1111111111111111,8,8,GAGTTCCGTCTGCAGCTCTA,0,463096
acrZp,0.1111111111111111,8,8,GAGGTGTGGTTAGAAATGTA,0,441123
acrZp,0.1111111111111111,8,8,GAGGGACATTGGACACCAGG,0,429775
acrZp,0.1111111111111111,8,8,GAGCCGGGAGCGGACCGCTG,0,428199
acrZp,0.1111111111111111,8,8,GAGCAGAGTTACGTCTCATG,0,462018
acrZp,0.1111111111111111,8,8,GAGACGGTATACGCTCGTTT,0,434073
acrZp,0.1111111111111111,8,8,GAGACACGGCTGGGTAAATT,0,450838
acrZp,0.1111111111111111,8,8,GACTAGAAACCACTTATGAC,0,421968
acrZp,0.1111111111111111,8,8,GACGTAAGGGGGGTCCCTCG,0,454665
acrZp,0.1111111111111111,8,8,GACCTATAAGATTTCTTGGA,0,447824
acrZp,0.1111111111111111,8,8,GACCGATCGTACTCGTGTCC,0,453285
acrZp,0.1111111111111111,8,8,GACCAGTCCCCTACGGGGTT,0,437656
acrZp,0.1111111111111111,8,8,GACATTAGTTTGTCAAGCTT,0,435285
acrZp,0.1111111111111111,8,8,GACATTACTCTTATGATCCA,0,409534
acrZp,0.1111111111111111,8,8,GACATGCCTTCCCTTATCGA,0,451311
acrZp,0.1111111111111111,8,8,GACATCCATCTCCGAGGATG,0,419521
acrZp,0.1111111111111111,8,8,GAATGGACTACCCAAAGGTC,0,424469
acrZp,0.1111111111111111,8,8,GAAGAGTCCAGGGGCCACCT,0,453142
acrZp,0.1111111111111111,8,8,GAACCATAAGTCGGATTGGG,0,445233
acrZp,0.1111111111111111,8,8,GAACAGTAAAGGCAGAAACT,0,427574
acrZp,0.1111111111111111,8,8,GAAATGCGCGCTCACCCACA,0,423781
acrZp,0.1111111111111111,8,8,GAAATAAGGAAATGCATTGT,0,419340
acrZp,0.1111111111111111,8,8,GAAAATAGCGGGTAGGAGCT,0,427834
acrZp,0.1111111111111111,8,8,CTTGGTTGTGGTGCGGGACA,0,421479
acrZp,0.1111111111111111,8,8,CTTGCATTTTCTAACTAGAA,0,453719
acrZp,0.1111111111111111,8,8,CTTCCTCAGTGCGGGCAGGG,0,431763
acrZp,0.1111111111111111,8,8,CTTATGGGTGCTATAAATAG,0,465771
acrZp,0.1111111111111111,8,8,CTTATGCCCCCTCCGGAAAG,0,422898
acrZp,0.1111111111111111,8,8,CTTACTTACAGGGGTGCCAA,0,427614
acrZp,0.1111111111111111,8,8,CTGTGATTATGGGCGCTGAT,0,417229
acrZp,0.1111111111111111,8,8,CTGGTGACCCGAGGCCCGCA,0,426316
acrZp,0.1111111111111111,8,8,CTGGGTTTGTGTGGTAATAG,0,420271
acrZp,0.1111111111111111,8,8,CTGGCGGGTTCTCAGACCCA,0,433833
acrZp,0.1111111111111111,8,8,CTGCCCTGTAATCCTCGCGG,0,411119
acrZp,0.1111111111111111,8,8,CTGCATGTCGAACTTAAAGC,0,436983
acrZp,0.1111111111111111,8,8,CTCTGCGAATCTAACGCTGA,0,464871
acrZp,0.1111111111111111,8,8,CTCTGCATATCCTCCTGATG,0,431406
acrZp,0.1111111111111111,8,8,CTCTCGGCGGTACTTGATAC,0,416918
acrZp,0.1111111111111111,8,8,CTCCCGCAAACTGTTTGTAC,0,422516
acrZp,0.1111111111111111,8,8,CTCAAGAGAATACATTCTGT,0,436035
acrZp,0.1111111111111111,8,8,CTATGGCAGGGTATTTCGCG,0,417201
acrZp,0.1111111111111111,8,8,CTATCTGATCATGCATGGCT,0,414193
acrZp,0.1111111111111111,8,8,CTAGTTTCCTTAATTGGTTA,0,426463
acrZp,0.1111111111111111,8,8,CTAGGCCGCAGGAGCGAGGA,0,459763
acrZp,0.1111111111111111,8,8,CTAGCCTCCAGGGCAGGATG,0,432465
acrZp,0.1111111111111111,8,8,CTAGATGCAGCATCCACGGT,0,448847
acrZp,0.1111111111111111,8,8,CTACCTAAGATATAATTACA,0,420141
acrZp,0.1111111111111111,8,8,CTAATTTACCAACCCAGAAG,0,438066
acrZp,0.1111111111111111,8,8,CTAATTGCATCTTCAATAAA,0,426597
acrZp,0.1111111111111111,8,8,CTAAGGAAGGAGAGTCAACG,0,452328
acrZp,0.1111111111111111,8,8,CTAAAGTAGGTAAGGGATTG,0,448201
acrZp,0.1111111111111111,8,8,CGTGGACGCCAAAATGATAG,0,447965
acrZp,0.1111111111111111,8,8,CGTCCGTGATGTATAATCGC,0,424860
acrZp,0.1111111111111111,8,8,CGTCAGGTTTCTTAAGGTCA,0,449589
acrZp,0.1111111111111111,8,8,CGGTTCTGCTGGTCTTCGGA,0,440136
acrZp,0.1111111111111111,8,8,CGGTGGTTCATATTCTATTG,0,441412
acrZp,0.1111111111111111,8,8,CGGGGAACTCATTACGACAA,0,440855
acrZp,0.1111111111111111,8,8,CGGGCGAGCACGGTCGCATA,0,444378
acrZp,0.1111111111111111,8,8,CGGGACCTCACCGTCGCTTC,0,418711
acrZp,0.1111111111111111,8,8,CGGGAAAGCTGGCGAAAACT,0,454979
acrZp,0.1111111111111111,8,8,CGGCAGATTCCGTCTGAGTT,0,451272
acrZp,0.1111111111111111,8,8,CGGAAGCCGTCGGGGTTTAT,0,450280
acrZp,0.1111111111111111,8,8,CGCTCTGAGTGGGCTACGCG,0,408692
acrZp,0.1111111111111111,8,8,CGCGGTATACGATGCGTTCG,0,433625
acrZp,0.1111111111111111,8,8,CGCGGCAATTACTGATTTCT,0,442900
acrZp,0.1111111111111111,8,8,CGCGATGGAAGTTGGTAGGG,0,425200
acrZp,0.1111111111111111,8,8,CGCACCACTCCATTTCATGT,0,439964
acrZp,0.1111111111111111,8,8,CGATTAGTTCTCCCACCCGT,0,428268
acrZp,0.1111111111111111,8,8,CGATGTCGGGGCGCAGACCG,0,409175
acrZp,0.1111111111111111,8,8,CGATCAGACACCGTCTCGGT,0,461184
acrZp,0.1111111111111111,8,8,CGATATCATGTAGTGCTATA,0,440009
acrZp,0.1111111111111111,8,8,CGAGGCGGTCCGGGCTTCAG,0,436416
acrZp,0.1111111111111111,8,8,CGAGCGACGATTGGTATCTT,0,466010
acrZp,0.1111111111111111,8,8,CGAGACTGCTTTTCGACAAT,0,419413
acrZp,0.1111111111111111,8,8,CGAAGCTCTCACCGGGGCCA,0,434290
acrZp,0.1111111111111111,8,8,CGAAAGAGAGACGGATCCCC,0,426845
acrZp,0.1111111111111111,8,8,CCTTCTAGTACGGGACACAG,0,447060
acrZp,0.1111111111111111,8,8,CCTTAGTTTTAGACAATAAG,0,459321
acrZp,0.1111111111111111,8,8,CCTCCAGACTCACCATCATC,0,446981
acrZp,0.1111111111111111,8,8,CCTCAAACGCACTCAATTTA,0,418552
acrZp,0.1111111111111111,8,8,CCTATGCAGCGGCATGGAAA,0,436920
acrZp,0.1111111111111111,8,8,CCGTTCAGACGTATAATAGC,0,426510
acrZp,0.1111111111111111,8,8,CCGTAACCGGGGTCAGACGT,0,419856
acrZp,0.1111111111111111,8,8,CCGGACCTTTTCTATGACGA,0,413209
acrZp,0.1111111111111111,8,8,CCGCGTGTGGAAAAATCGGT,0,463305
acrZp,0.1111111111111111,8,8,CCGCATATCTAAACTACGGA,0,412150
acrZp,0.1111111111111111,8,8,CCCTAGAATAGGCAGGTTGT,0,416035
acrZp,0.1111111111111111,8,8,CCCGGTAGCGGCAATTCCAG,0,439230
acrZp,0.1111111111111111,8,8,CCCAGCTAGCCGTTCGAATT,0,430279
acrZp,0.1111111111111111,8,8,CCCAATTTGGATACTTATAA,0,411571
acrZp,0.1111111111111111,8,8,CCCAAAAAGCCGTTGTGCGC,0,426241
acrZp,0.1111111111111111,8,8,CCATGGCTTCGGACCTCTGT,0,432873
acrZp,0.1111111111111111,8,8,CCATCCATTGATCTCCCCAT,0,418068
acrZp,0.1111111111111111,8,8,CCAGGGAACCTAGACATGCA,0,420063
acrZp,0.1111111111111111,8,8,CCAGGCGATGCCATTCTGTT,0,425126
acrZp,0.1111111111111111,8,8,CCAGAGTAGTAATTCGCTCT,0,422255
acrZp,0.1111111111111111,8,8,CCACTCTTGTAGTATGTTAC,0,450548
acrZp,0.1111111111111111,8,8,CCACCCGGATATACGTCGTG,0,414177
acrZp,0.1111111111111111,8,8,CCAATCGCGAGTAGCCTATC,0,421763
acrZp,0.1111111111111111,8,8,CCAAGATGCAGATACAATTA,0,461287
acrZp,0.1111111111111111,8,8,CCAAAGTTCGAATCCGGTGG,0,424161
acrZp,0.1111111111111111,8,8,CATTTCCGCAGTGCTACCAG,0,433160
acrZp,0.1111111111111111,8,8,CATGTCGCAATACATCTTAG,0,443752
acrZp,0.1111111111111111,8,8,CATGAGCCAGAAGCCGGTAC,0,434683
acrZp,0.1111111111111111,8,8,CATCGGACCTGGCGCGTCAT,0,457683
acrZp,0.1111111111111111,8,8,CATATGTGCGGCGGGGGGAT,0,467345
acrZp,0.1111111111111111,8,8,CATAGGCGCCAATGTCTCTG,0,432778
acrZp,0.1111111111111111,8,8,CAGTCGTTTGTGGACATTTT,0,421281
acrZp,0.1111111111111111,8,8,CAGTCGCTCTAGAGGCAGTG,0,440103
acrZp,0.1111111111111111,8,8,CAGGTCAGCGGTGCGTTCTC,0,419619
acrZp,0.1111111111111111,8,8,CAGGGCGGCTTTCGGATATA,0,441824
acrZp,0.1111111111111111,8,8,CAGGCAGGACTATGCTTCGA,0,436215
acrZp,0.1111111111111111,8,8,CAGAGGACCCGTTAATGGTG,0,453916
acrZp,0.1111111111111111,8,8,CACTCTTGACTCATTCACTT,0,421542
acrZp,0.1111111111111111,8,8,CACGAGTCCGATGCAATAGT,0,412702
acrZp,0.1111111111111111,8,8,CACATAATCTTACTCATGCT,0,440088
acrZp,0.1111111111111111,8,8,CACACCGGGCATAAGTAATA,0,439871
acrZp,0.1111111111111111,8,8,CAATGACGTTAGCCCATCTT,0,411556
acrZp,0.1111111111111111,8,8,CAATCGTAGTGTTGCGGGAA,0,430345
acrZp,0.1111111111111111,8,8,CAATATCATCCCGCGGGCAA,0,436493
acrZp,0.1111111111111111,8,8,CAATAGTTAGACCTAAGGGG,0,421053
acrZp,0.1111111111111111,8,8,CAACTTATGTGACGCAGTTA,0,430010
acrZp,0.1111111111111111,8,8,CAACCCACGGGCCTCTAACT,0,454726
acrZp,0.1111111111111111,8,8,CAAACAGCGACTTTCGGGGA,0,423622
acrZp,0.1111111111111111,8,8,CAAAAAAAGGGGATCCTCAG,0,416344
acrZp,0.1111111111111111,8,8,ATTTCTTGGGCTCTATGAAG,0,438963
acrZp,0.1111111111111111,8,8,ATTTCGCTCTGTCTGCTTCT,0,457841
acrZp,0.1111111111111111,8,8,ATTGTCCTTCTCGTAGACGA,0,437287
acrZp,0.1111111111111111,8,8,ATTGGTTGCTGGGGCCGCAT,0,438562
acrZp,0.1111111111111111,8,8,ATTCTATCGGATGCTTTGAA,0,447755
acrZp,0.1111111111111111,8,8,ATTCGGTCTGGGCGAGAGGA,0,462410
acrZp,0.1111111111111111,8,8,ATTCAAATATCTGCTGTAGT,0,461892
acrZp,0.1111111111111111,8,8,ATTACCATGAAATGCTACCA,0,413450
acrZp,0.1111111111111111,8,8,ATGGTTCAGTTCTTCTAACC,0,459325
acrZp,0.1111111111111111,8,8,ATGGTCGGATTGAGCTGGTA,0,427910
acrZp,0.1111111111111111,8,8,ATGGGTACCCCGGTTCCGTC,0,437390
acrZp,0.1111111111111111,8,8,ATGGCTATCTGTCCGGTGGG,0,444926
acrZp,0.1111111111111111,8,8,ATGACCAGGGATGGTTTGGT,0,460145
acrZp,0.1111111111111111,8,8,ATCTTGCACTCCGGATCTGT,0,453658
acrZp,0.1111111111111111,8,8,ATCTACTAGCCCCCCGTGTC,0,415517
acrZp,0.1111111111111111,8,8,ATCGGATAGTGCTGGCGATT,0,454673
acrZp,0.1111111111111111,8,8,ATCGCAGGGGGGTCTCATTC,0,435986
acrZp,0.1111111111111111,8,8,ATCATGGGACTCCTGTTAAT,0,424315
acrZp,0.1111111111111111,8,8,ATCATCGCAGTGACCGTTTG,0,418337
acrZp,0.1111111111111111,8,8,ATCAGGGCAAAGGCGCATGA,0,439297
acrZp,0.1111111111111111,8,8,ATCAGACCGGAGACCACGTC,0,444953
acrZp,0.1111111111111111,8,8,ATCACGTACGTCAGAGACTG,0,424552
acrZp,0.1111111111111111,8,8,ATCACGATGTAGGATGAATT,0,426523
acrZp,0.1111111111111111,8,8,ATCAAGCTCACCTCGCAGCA,0,464014
acrZp,0.1111111111111111,8,8,ATATATACTGTGCAATGACT,0,408754
acrZp,0.1111111111111111,8,8,ATATAAAGCATAGGCATAGT,0,421988
acrZp,0.1111111111111111,8,8,ATACCGGCTGAGTTGACCCC,0,418655
acrZp,0.1111111111111111,8,8,ATACCGGCAGTCTAATTTCA,0,452834
acrZp,0.1111111111111111,8,8,ATAACTATGCGCTTGCGGAC,0,411468
acrZp,0.1111111111111111,8,8,ATAAATCTCACACTTTTTCT,0,422537
acrZp,0.1111111111111111,8,8,AGTTGATGCTGAAGCGCATG,0,427801
acrZp,0.1111111111111111,8,8,AGTTACGTGGGCCGTCATCT,0,435960
acrZp,0.1111111111111111,8,8,AGTTACGTAGGAGAAATGGG,0,449531
acrZp,0.1111111111111111,8,8,AGTGGGGGTCTGCACGAGTA,0,413060
acrZp,0.1111111111111111,8,8,AGTGGCGAGCTAACGATTCC,0,416621
acrZp,0.1111111111111111,8,8,AGTGAACCATGGACCTCTTG,0,417842
acrZp,0.1111111111111111,8,8,AGTCTACTCTGTGCCCGATT,0,420107
acrZp,0.1111111111111111,8,8,AGTCTACTATGTAAGCCAAA,0,422080
acrZp,0.1111111111111111,8,8,AGTCCCCCTCTATGACCGGT,0,425950
acrZp,0.1111111111111111,8,8,AGTAGGGGCTGCACCTGTTC,0,419640
acrZp,0.1111111111111111,8,8,AGTAGCTGGAGAGCGGGTCC,0,448519
acrZp,0.1111111111111111,8,8,AGTACTATGAGATATGTGAC,0,453768
acrZp,0.1111111111111111,8,8,AGGTCGGGGGGGCATCTATA,0,422758
acrZp,0.1111111111111111,8,8,AGGTACATGGGTACTGACTC,0,430733
acrZp,0.1111111111111111,8,8,AGGGTCCCCACGAGATCACA,0,417398
acrZp,0.1111111111111111,8,8,AGGGGGCTTTACTACAGGAG,0,429870
acrZp,0.1111111111111111,8,8,AGGGCCGCAACACTTTTTCG,0,461945
acrZp,0.1111111111111111,8,8,AGGCTCGCCTCACCTGAACT,0,446731
acrZp,0.1111111111111111,8,8,AGGCAGGCTCGTTACCTGCA,0,454926
acrZp,0.1111111111111111,8,8,AGGATGAGCAGAAAGCCATA,0,428378
acrZp,0.1111111111111111,8,8,AGGACACGTGCTCCACAAGT,0,417301
acrZp,0.1111111111111111,8,8,AGCTTTCGAATCTCCTATCC,0,416340
acrZp,0.1111111111111111,8,8,AGCTTCGACAGATGATTTGG,0,454658
acrZp,0.1111111111111111,8,8,AGCGTGACTAGAATACAGGG,0,426101
acrZp,0.1111111111111111,8,8,AGCGTCTTGTGATAAAAGAC,0,450334
acrZp,0.1111111111111111,8,8,AGCGGACACTCAGACCGGCC,0,455781
acrZp,0.1111111111111111,8,8,AGCGCTTCATGAATACAGTA,0,466117
acrZp,0.1111111111111111,8,8,AGCGAGCGGGGCCTAACGAA,0,418173
acrZp,0.1111111111111111,8,8,AGCGAGAATCCTGGCCTAAA,0,414622
acrZp,0.1111111111111111,8,8,AGCACTAATTGATTATAACT,0,421423
acrZp,0.1111111111111111,8,8,AGCACACAATACACTGTTGA,0,446507
acrZp,0.1111111111111111,8,8,AGATGATAGGCTCATCCCTA,0,415085
acrZp,0.1111111111111111,8,8,AGAATCCATGGCAGTCGAGT,0,430885
acrZp,0.1111111111111111,8,8,AGAAGTGAGGGCGACCATAC,0,450018
acrZp,0.1111111111111111,8,8,AGAACAAAGTTCCTGCGGTC,0,437347
acrZp,0.1111111111111111,8,8,ACTTATCCTGGGGTCGCAAT,0,438437
acrZp,0.1111111111111111,8,8,ACTTAGGTCTTTATGGGAGA,0,461118
acrZp,0.1111111111111111,8,8,ACTGTAATTGCGAGCACGTG,0,460643
acrZp,0.1111111111111111,8,8,ACTGCGTTGAAATTGCATCT,0,448236
acrZp,0.1111111111111111,8,8,ACTGAAACAGCTAATGTTAA,0,412412
acrZp,0.1111111111111111,8,8,ACTCTCTAGAACTCGGACGT,0,409126
acrZp,0.1111111111111111,8,8,ACTACGATGTTTGTACTACT,0,432393
acrZp,0.1111111111111111,8,8,ACGTTGGAAAATAGAAGGGA,0,454253
acrZp,0.1111111111111111,8,8,ACGGTCCCAGGTGAGCTTGC,0,458372
acrZp,0.1111111111111111,8,8,ACGGTCCCAGCTTTTGCGGT,0,420668
acrZp,0.1111111111111111,8,8,ACGGGGAAATGTCTCCGAAA,0,426335
acrZp,0.1111111111111111,8,8,ACGGCTAGTGCACTTGTAGT,0,466172
acrZp,0.1111111111111111,8,8,ACGCCTTTAAGTGGAGTAGC,0,427346
acrZp,0.1111111111111111,8,8,ACGCATACTTCCCCCCCGCG,0,423743
acrZp,0.1111111111111111,8,8,ACGATGTAGACTAAGGACTA,0,462208
acrZp,0.1111111111111111,8,8,ACGAGCTCCATTGGGAGAAT,0,447558
acrZp,0.1111111111111111,8,8,ACCTGGACCCTGCTACCAGT,0,432352
acrZp,0.1111111111111111,8,8,ACCTGATAGAGCGTACAGCC,0,451004
acrZp,0.1111111111111111,8,8,ACCGGTCAAAGTCCATGCTA,0,425731
acrZp,0.1111111111111111,8,8,ACCGCATGGATGGATACCAC,0,420179
acrZp,0.1111111111111111,8,8,ACCCCTGGTGTTATCTCCTA,0,441600
acrZp,0.1111111111111111,8,8,ACCCAGTCGTAAAGGGCTTT,0,435068
acrZp,0.1111111111111111,8,8,ACCATTCTAGGAGGGTACAC,0,437697
acrZp,0.1111111111111111,8,8,ACCACCCGCATTCTTGTGTC,0,449409
acrZp,0.1111111111111111,8,8,ACCAATCGGGGTTGAGGAGA,0,419371
acrZp,0.1111111111111111,8,8,ACATGTCATTTCACTTCTGC,0,431576
acrZp,0.1111111111111111,8,8,ACATAGCACAGCGCAAGGAT,0,447352
acrZp,0.1111111111111111,8,8,ACAGTTCCCAAATGCCTGCA,0,444614
acrZp,0.1111111111111111,8,8,ACAGGGTGTTAGTCACAACA,0,452626
acrZp,0.1111111111111111,8,8,ACAGGACGATCGTTTATCTC,0,455134
acrZp,0.1111111111111111,8,8,ACAACACCGAATGTGTATAA,0,452142
acrZp,0.1111111111111111,8,8,ACAAAAACTGTGCTTCTGCC,0,423734
acrZp,0.1111111111111111,8,8,AATGTGATGCACGATGAAAA,0,455230
acrZp,0.1111111111111111,8,8,AATATTAACCACACTTCACA,0,448633
acrZp,0.1111111111111111,8,8,AATAGTTGGACCGGTACTAT,0,416763
acrZp,0.1111111111111111,8,8,AATACTGCTCGCGTTATCTT,0,443118
acrZp,0.1111111111111111,8,8,AATACTATAGAGCAGCTTTG,0,444940
acrZp,0.1111111111111111,8,8,AATAAAGTTCTGATAGAGAC,0,410913
acrZp,0.1111111111111111,8,8,AAGTATAGGCGTAGACGGCT,0,426986
acrZp,0.1111111111111111,8,8,AAGGGCATTAAGTTCGCAAG,0,409092
acrZp,0.1111111111111111,8,8,AAGCAATGGCATGGTTATTA,0,427540
acrZp,0.1111111111111111,8,8,AACTTTTCCAAATGTCAGAT,0,411601
acrZp,0.1111111111111111,8,8,AACTTCAAGTTTGGTCAACG,0,422954
acrZp,0.1111111111111111,8,8,AACTCTCTTTCTACGTGGTC,0,444295
acrZp,0.1111111111111111,8,8,AACGTTGTTTGCATGCGCAT,0,426181
acrZp,0.1111111111111111,8,8,AACGGTGATGTTCGGATTGT,0,431914
acrZp,0.1111111111111111,8,8,AACGCGCTCTTGCCCACCAT,0,455231
acrZp,0.1111111111111111,8,8,AACGAGGTTAGACAAGCAAA,0,449811
acrZp,0.1111111111111111,8,8,AACCGCGCCACGTGCGGCGT,0,429675
acrZp,0.1111111111111111,8,8,AACCCTTGATGCTTCGGGCA,0,456878
acrZp,0.1111111111111111,8,8,AACCCCGCTACAACCTTTGC,0,452133
acrZp,0.1111111111111111,8,8,AACAGTTGTATTTCGCACAT,0,432844
acrZp,0.1111111111111111,8,8,AACACGTGTACCTTCAGCGC,0,409224
acrZp,0.1111111111111111,8,8,AACACGGGTCAAGGTACGCC,0,465587
acrZp,0.1111111111111111,8,8,AACAACAAATAACATAGGAA,0,443649
acrZp,0.1111111111111111,8,8,AAATATGCTAACAACAACCG,0,456094
acrZp,0.1111111111111111,8,8,AAAGGGCATGATAGAGGTTC,0,424320
acrZp,0.1111111111111111,8,8,AAAGCGATCTTACTTTGCGC,0,429996
acrZp,0.1111111111111111,8,8,AAACTGCGATGCTCGCGGCT,0,464789
acrZp,0.1111111111111111,8,8,AAACATGCTCCCCATACTAT,0,435902
acrZp,0.1111111111111111,8,8,AAACAGCTGCCAGGGTACGG,0,447047
acrZp,0.1111111111111111,8,8,AAAATCGATCGGGGGTGACA,0,434441
acrZp,0.125,7,7,TTTTGTACCGCTAAGGAAAG,0,450999
acrZp,0.125,7,7,TTTTGCTATCGACGGACATA,0,430626
acrZp,0.125,7,7,TTTTGCCGATAAGCGGTTAC,0,432240
acrZp,0.125,7,7,TTTGTAGAGTTGTTAGTCAA,0,444968
acrZp,0.125,7,7,TTTGACTGTGACCAGACACA,0,421617
acrZp,0.125,7,7,TTTGAAGCGATACGGAGTGG,0,414519
acrZp,0.125,7,7,TTTCTTACGTGTGATAAGTG,0,456143
acrZp,0.125,7,7,TTTCTACCATCAGAGTATGT,0,433961
acrZp,0.125,7,7,TTTCCAGTGGGCTCAAGATC,0,451607
acrZp,0.125,7,7,TTTCAGACTAACCATTCCGA,0,439982
acrZp,0.125,7,7,TTTATTCCCGTTCATTCGAA,0,442807
acrZp,0.125,7,7,TTTACTATAAGCGACGCCGT,0,450346
acrZp,0.125,7,7,TTGTTGAGTCACGGTTTACG,0,424425
acrZp,0.125,7,7,TTGGGTACCGGCTTGCGCCT,0,416256
acrZp,0.125,7,7,TTGGGGTGAGCAGGCTTCAA,0,415882
acrZp,0.125,7,7,TTGGCTAAATCTCCATTGGT,0,421308
acrZp,0.125,7,7,TTGCCTGGTGTTCAATCGCT,0,438804
acrZp,0.125,7,7,TTGATCGTGAGATCAACCCT,0,425928
acrZp,0.125,7,7,TTCTTAGGGTTCAACGTAGT,0,430924
acrZp,0.125,7,7,TTCTGCAATACCAGGAGAGA,0,439060
acrZp,0.125,7,7,TTCTATTAGTTGTTTGTTGA,0,434701
acrZp,0.125,7,7,TTCGTTTCTGACGGCGTCCA,0,463281
acrZp,0.125,7,7,TTCGTGTTGGCATACCAGGT,0,435990
acrZp,0.125,7,7,TTCGAGCTAGGTAGGCCCTA,0,433619
acrZp,0.125,7,7,TTCGACCCGGACATACTCAC,0,415301
acrZp,0.125,7,7,TTCCCTCAGGCTACCTCAGT,0,438500
acrZp,0.125,7,7,TTCCCGGGGAGAGTTGAACT,0,461463
acrZp,0.125,7,7,TTCATTTACTTAAGTAGCTC,0,433164
acrZp,0.125,7,7,TTCAGTTCTACTCACTGCGT,0,433917
acrZp,0.125,7,7,TTCAGGGCTCATCACATATG,0,461139
acrZp,0.125,7,7,TTATTTCGTTCGCGCATTAT,0,444690
acrZp,0.125,7,7,TTATGTTTAGAAACAGAGAG,0,437777
acrZp,0.125,7,7,TTAGGTGAACACTCAAAGAT,0,460634
acrZp,0.125,7,7,TTACTCACAGGTACCGGCGC,0,416318
acrZp,0.125,7,7,TTAACGAAGGAGTTATGCAT,0,425955
acrZp,0.125,7,7,TTAAAGGAGTTAGCTTTAAT,0,419520
acrZp,0.125,7,7,TGTTGGCCATCGTTCTAGTT,0,444008
acrZp,0.125,7,7,TGTTCTGCTAGGTGATGCAG,0,435936
acrZp,0.125,7,7,TGTGGTAAGGGCGAGGGACA,0,428803
acrZp,0.125,7,7,TGTGCCTTAGTCATTTGAGA,0,412420
acrZp,0.125,7,7,TGTCCGACAGGCTCGTGATT,0,459443
acrZp,0.125,7,7,TGTCCAGCCGGCGGGTATAC,0,425944
acrZp,0.125,7,7,TGTAAGGCGCAGCACTCCGA,0,431861
acrZp,0.125,7,7,TGGTTTATCATGGCGATATG,0,417297
acrZp,0.125,7,7,TGGTTCAGGGTAAATCGTTG,0,411490
acrZp,0.125,7,7,TGGGTCATCAGGGGAGCAAC,0,436859
acrZp,0.125,7,7,TGGGCACCTGTCTTTTGGCT,0,459164
acrZp,0.125,7,7,TGGCTTAAAATACTATAAAC,0,415571
acrZp,0.125,7,7,TGGCGTAATTCCATCCAATC,0,413497
acrZp,0.125,7,7,TGGCCACGTGCAAGTAAAAC,0,408593
acrZp,0.125,7,7,TGGCATATATCTTGCTACGG,0,408887
acrZp,0.125,7,7,TGGATCCGCACGTTGGCCGA,0,434976
acrZp,0.125,7,7,TGGATAGTGACAACAGATGA,0,429861
acrZp,0.125,7,7,TGGACCGGGGAAGCCACACT,0,410270
acrZp,0.125,7,7,TGCTAATGCAGGGAACCTAG,0,451600
acrZp,0.125,7,7,TGCGTCTGAAGTAAAGTTAC,0,443434
acrZp,0.125,7,7,TGCGAAAACCTGGCCCGCGG,0,466788
acrZp,0.125,7,7,TGCCGCGCCCGCTTGCCAAT,0,440253
acrZp,0.125,7,7,TGAGAGCTGACAAAAGATGT,0,435315
acrZp,0.125,7,7,TGACTTATTGTCTCTGTTAG,0,431472
acrZp,0.125,7,7,TCTTGCAATCTAGCCAACTC,0,416057
acrZp,0.125,7,7,TCTTATAGGCGCGTAAGCCA,0,461396
acrZp,0.125,7,7,TCTGTTGAGCCCTGCTATAT,0,447205
acrZp,0.125,7,7,TCTCGTGTTGGACATCAGAG,0,453509
acrZp,0.125,7,7,TCTCCGTAAAGCAACGAGAT,0,444456
acrZp,0.125,7,7,TCTAGCAGTTAACGCTATAC,0,437838
acrZp,0.125,7,7,TCTAGCAATGCCGTGTAGGG,0,467015
acrZp,0.125,7,7,TCTACCTGCGCATACAAAGA,0,415924
acrZp,0.125,7,7,TCTACATTCTCGGAATCATT,0,434543
acrZp,0.125,7,7,TCTAAAGCGTCAGGCCTAGT,0,435226
acrZp,0.125,7,7,TCGTTATGGGTGCACGCCCT,0,417925
acrZp,0.125,7,7,TCGTACTGGCATTTCTCAAC,0,416876
acrZp,0.125,7,7,TCGTACTAAGGCCCTTCTGT,0,435271
acrZp,0.125,7,7,TCGGTAGGAACCCATAGTTT,0,411599
acrZp,0.125,7,7,TCGGGCAGAAGATTACAGGC,0,453923
acrZp,0.125,7,7,TCGCCTCAGTTTGACAGACA,0,466935
acrZp,0.125,7,7,TCGCATTCTTCATAAGGTGG,0,415608
acrZp,0.125,7,7,TCGCAAAATTAACCGTATCA,0,450204
acrZp,0.125,7,7,TCGATTAAAATGCATACAAT,0,443898
acrZp,0.125,7,7,TCGATCTTCTGAGTACCTTT,0,464639
acrZp,0.125,7,7,TCGATAAACAGCAGGAATAC,0,439132
acrZp,0.125,7,7,TCGACTTATGGGCGTATCTC,0,467742
acrZp,0.125,7,7,TCGACCTTGTCCGCCCTTAA,0,432760
acrZp,0.125,7,7,TCCTTGGCTGACCAGTTCCA,0,426774
acrZp,0.125,7,7,TCCGGTCAGTGCTTTCGAAG,0,437222
acrZp,0.125,7,7,TCCCGATATCGGTGTAACCA,0,444056
acrZp,0.125,7,7,TCCAGGGCTGCGCATTGTGA,0,454478
acrZp,0.125,7,7,TCATTGTGATTAGCATATGT,0,434965
acrZp,0.125,7,7,TCATCGGTGTGTGTCATTGG,0,463460
acrZp,0.125,7,7,TCAGTCCTAAAACGCATCGA,0,422917
acrZp,0.125,7,7,TCACTATTACGCCCGGGATG,0,416583
acrZp,0.125,7,7,TCACGGATTAGGAAGTTATC,0,439991
acrZp,0.125,7,7,TCACACCCTGGGCTATCATG,0,436862
acrZp,0.125,7,7,TCACACAATAATCATGCGTG,0,441260
acrZp,0.125,7,7,TCAATGTCCTTGTCACGTAC,0,416204
acrZp,0.125,7,7,TCAAGGTAAGCCCGCGAAGT,0,419958
acrZp,0.125,7,7,TATTGTATGCGATACTTGGC,0,409138
acrZp,0.125,7,7,TATTATCTTCGCTGAACGCA,0,414953
acrZp,0.125,7,7,TATCGGCGCAGAGTTCCACC,0,428420
acrZp,0.125,7,7,TATAATTCGGCCTGCTCCAT,0,438432
acrZp,0.125,7,7,TATAAAATATAGGTCTGTTC,0,457299
acrZp,0.125,7,7,TAGGGTCTCTTGCTACATAC,0,428191
acrZp,0.125,7,7,TAGGCCACTACTCATGAGAG,0,464019
acrZp,0.125,7,7,TAGCGGGCCTGATTCCATTA,0,414173
acrZp,0.125,7,7,TAGCCGATTGAGATTGAAGC,0,427067
acrZp,0.125,7,7,TAGATTGATAGCGTGTTTCT,0,410339
acrZp,0.125,7,7,TAGACCAGTTTACGTTCTGT,0,442066
acrZp,0.125,7,7,TACTGTCGCTTATTGCCACA,0,441532
acrZp,0.125,7,7,TACTCGCTTCTGGACGGCAA,0,464704
acrZp,0.125,7,7,TACGGGGACACGGATCAAGT,0,447365
acrZp,0.125,7,7,TACCGAATTGACACGAACGC,0,423270
acrZp,0.125,7,7,TACCAACGTTAAAACAGGCC,0,464862
acrZp,0.125,7,7,TAATGGAATATGGCATACTG,0,433704
acrZp,0.125,7,7,TAAGGAAACTCGGCTGTCCC,0,439839
acrZp,0.125,7,7,TAACGGCCCGAGCTTCCCAC,0,466081
acrZp,0.125,7,7,TAACCGATACAAGCGGGAAA,0,425007
acrZp,0.125,7,7,TAAATCTACACGGGAGTTCA,0,412886
acrZp,0.125,7,7,TAAACAGGTCGGAGTAACTC,0,444461
acrZp,0.125,7,7,GTTTTTGCTAATTGAAAGCC,0,437030
acrZp,0.125,7,7,GTTGGGGGTGCGTCAGCTTA,0,436203
acrZp,0.125,7,7,GTTGCTTCTCAGGATTCATG,0,414561
acrZp,0.125,7,7,GTTGATTGATTGAACCTACA,0,418707
acrZp,0.125,7,7,GTTCCGTAAAGTTGCCCTGT,0,442364
acrZp,0.125,7,7,GTTCAGCTATACCTTTCCTA,0,411587
acrZp,0.125,7,7,GTTCAGAGCCTTGAATTAGG,0,411518
acrZp,0.125,7,7,GTTATACATCACGCATCATG,0,450831
acrZp,0.125,7,7,GTTAGGACTTTCTGAGCGAA,0,414327
acrZp,0.125,7,7,GTTAAATCTCCTATCGGAAA,0,438905
acrZp,0.125,7,7,GTGTATTAAACGTAGGTCTA,0,411840
acrZp,0.125,7,7,GTGGTGAGTACTTGACCATT,0,440373
acrZp,0.125,7,7,GTGGTCAGACACACTGTAGG,0,459486
acrZp,0.125,7,7,GTGGTACTTGGTGGCGTGCA,0,433629
acrZp,0.125,7,7,GTGGGCAGTGCATTTTCAAA,0,416552
acrZp,0.125,7,7,GTGGAAGACGGCCCACGGAC,0,424253
acrZp,0.125,7,7,GTGCGGAAATCGGTACTATA,0,451487
acrZp,0.125,7,7,GTGCGCGATGATGCCAAGGC,0,467436
acrZp,0.125,7,7,GTGCCTCCCAAAATTTCTTC,0,439992
acrZp,0.125,7,7,GTGCCAAGGTAGTGGCTATA,0,441409
acrZp,0.125,7,7,GTGCAATTACTTGCAACTAG,0,452936
acrZp,0.125,7,7,GTGACGGGGCGCGGCGGGTA,0,432324
acrZp,0.125,7,7,GTCTCCAATATGCGTAACGC,0,446643
acrZp,0.125,7,7,GTCTACATCGTTAGGTGCGT,0,433715
acrZp,0.125,7,7,GTCGTGTTTGCGTAGGCAAG,0,445488
acrZp,0.125,7,7,GTCGGTCTTTCGGGTCGAAG,0,435832
acrZp,0.125,7,7,GTCGGGTTTGTTTATTCGAC,0,412296
acrZp,0.125,7,7,GTCGATACGACGAATGAAAA,0,441048
acrZp,0.125,7,7,GTCGAGTTGTAAATCTTATG,0,412554
acrZp,0.125,7,7,GTCCGCTGGTCCGCTAGGAA,0,460239
acrZp,0.125,7,7,GTCCGATGGTCTCTAGACTT,0,439334
acrZp,0.125,7,7,GTCCAACGGTGTCTCAATCG,0,446560
acrZp,0.125,7,7,GTCATCCCGCGTTGGAATCT,0,456832
acrZp,0.125,7,7,GTCAGCGGGGAGAGCCTGAT,0,439559
acrZp,0.125,7,7,GTCAAGCTGTTTGGAGAGTC,0,436968
acrZp,0.125,7,7,GTATCGACCTTGCCTGACTC,0,450097
acrZp,0.125,7,7,GTATCAGAAAGTACCACAGG,0,433524
acrZp,0.125,7,7,GTAGTCTAGAATCGCTCCGT,0,414868
acrZp,0.125,7,7,GTAGGTTGGCTACAGTGCGT,0,443340
acrZp,0.125,7,7,GTAGGTGCCTCCGAAATAAC,0,425919
acrZp,0.125,7,7,GTAGGACAACACACAGTCGC,0,439027
acrZp,0.125,7,7,GTAGGAAGGCCAAACAAAAA,0,409154
acrZp,0.125,7,7,GTAGCCACTTTATATGCGAT,0,412889
acrZp,0.125,7,7,GTACGACAATTATGGCATTA,0,408773
acrZp,0.125,7,7,GTAAAACAATCGTGAACCAT,0,466576
acrZp,0.125,7,7,GGTTAAGATACATAGAGAGA,0,440881
acrZp,0.125,7,7,GGTTAACTCTACTTTATGTC,0,422464
acrZp,0.125,7,7,GGTTAACCATGTACTGTATA,0,438085
acrZp,0.125,7,7,GGTGGGCGGCCCCGCAGGGT,0,455924
acrZp,0.125,7,7,GGTGCCCGGGCCTAACTAGA,0,416469
acrZp,0.125,7,7,GGTGCAGAGGTTGGAACATA,0,411921
acrZp,0.125,7,7,GGTGAGAGCCCGATGCTGAT,0,455144
acrZp,0.125,7,7,GGTCATCTCACGACGGGTGA,0,427886
acrZp,0.125,7,7,GGGTTCTGCTATAAGCCAGG,0,435844
acrZp,0.125,7,7,GGGTCTTGGGGACGTCTATC,0,458450
acrZp,0.125,7,7,GGGTCCGGAAACCAGCCCCG,0,433824
acrZp,0.125,7,7,GGGTCCAAGGTCGGGGCATA,0,460657
acrZp,0.125,7,7,GGGTACGCCTGTCGCCGTGG,0,424020
acrZp,0.125,7,7,GGGGGGGCGCATTGTATTGA,0,434787
acrZp,0.125,7,7,GGGCAAATGAACATCGAAGA,0,453801
acrZp,0.125,7,7,GGGATATAGGCTGCTTTCTA,0,465367
acrZp,0.125,7,7,GGGAGAATGATAATAAGAGC,0,465855
acrZp,0.125,7,7,GGGACAGCGTCAACGCTCCA,0,437898
acrZp,0.125,7,7,GGCTTCATGAATAGCCCATA,0,455736
acrZp,0.125,7,7,GGCTACTCGCAAAGAATGGG,0,409917
acrZp,0.125,7,7,GGCGGTTCGCTGAGCCAACG,0,418062
acrZp,0.125,7,7,GGCGAAAACCGAATCTAGTC,0,417474
acrZp,0.125,7,7,GGCCTGAGAAAGCCTGGTTT,0,460102
acrZp,0.125,7,7,GGCCGGATCTCCGTAGCACA,0,413136
acrZp,0.125,7,7,GGCCCATCAATCCTGATACC,0,421750
acrZp,0.125,7,7,GGCCACCCTAGGGGGTGGTT,0,448231
acrZp,0.125,7,7,GGCAACTGGGGCGCATGAGC,0,442056
acrZp,0.125,7,7,GGATGGCACCGGCAAGGATC,0,450047
acrZp,0.125,7,7,GGATGGATCTAGCAGGGTGA,0,427277
acrZp,0.125,7,7,GGAGTGTGTAGTAAGGAATA,0,422492
acrZp,0.125,7,7,GGAGTGCTGACGATATCTGT,0,423472
acrZp,0.125,7,7,GGACGCACTCGCAGCGGATT,0,463999
acrZp,0.125,7,7,GGACGAATTCTGTCTTTTTT,0,434393
acrZp,0.125,7,7,GGAAGGCCTCTCCTACAGTA,0,432736
acrZp,0.125,7,7,GCTTCGGTATCGTGATAATT,0,424586
acrZp,0.125,7,7,GCTTCATCCTCGCGCTCCTT,0,426410
acrZp,0.125,7,7,GCTTAAGTCGAGGTTGGTCA,0,415693
acrZp,0.125,7,7,GCTCTGCCAGCTTATAGGCT,0,421171
acrZp,0.125,7,7,GCTCGGGAGCAGTCGCGCGT,0,429629
acrZp,0.125,7,7,GCTCCGCGTAGTATCAGTGC,0,423619
acrZp,0.125,7,7,GCTAGATGTGGCGCACGCAA,0,448476
acrZp,0.125,7,7,GCTACCTGTTAATAGTGGTG,0,456947
acrZp,0.125,7,7,GCTACCCACGGTTCATCATA,0,453061
acrZp,0.125,7,7,GCTACATTAACGGTTTCTTC,0,458826
acrZp,0.125,7,7,GCGTTGATGGCTTTAAGATA,0,456505
acrZp,0.125,7,7,GCGTTAACGAGGGTGTGGAA,0,448862
acrZp,0.125,7,7,GCGTACGGGTGATAGGTTAA,0,435522
acrZp,0.125,7,7,GCGTACCGATGATTTATAGA,0,410219
acrZp,0.125,7,7,GCGGTTCATCACAAGGACTT,0,410134
acrZp,0.125,7,7,GCGGGTGCCCGCCGCGAGCG,0,467274
acrZp,0.125,7,7,GCGGATCCCCTTAATTGTGA,0,449454
acrZp,0.125,7,7,GCGCCTTGTAAGGCAGTCGA,0,457424
acrZp,0.125,7,7,GCGCCTCACACAAATGCCTA,0,451110
acrZp,0.125,7,7,GCGAGCCCGGAATCGCTGTA,0,444736
acrZp,0.125,7,7,GCGACACTATCCATCTAGCA,0,425026
acrZp,0.125,7,7,GCCTAGAGTTGGCCGAACGG,0,412241
acrZp,0.125,7,7,GCCGGGCACTGGCTAAGACG,0,465993
acrZp,0.125,7,7,GCCCCCTCAGTCCGAACCAG,0,462892
acrZp,0.125,7,7,GCCCAAAATCGACTATGGGT,0,443865
acrZp,0.125,7,7,GCCATTTTAGCTGGCGTACA,0,463866
acrZp,0.125,7,7,GCCACAACGGCGCGTCATAG,0,441581
acrZp,0.125,7,7,GCATTGGCCGGCATTAGGGT,0,456355
acrZp,0.125,7,7,GCAGTCCTCGTCAATGTGGA,0,452823
acrZp,0.125,7,7,GCAGGCCAATGATTGCGTAA,0,410295
acrZp,0.125,7,7,GATTTTGGCTGAATGTAGCT,0,460510
acrZp,0.125,7,7,GATGCATCCGGGCGCGTGGA,0,442113
acrZp,0.125,7,7,GATCCATAGTAACTGATTGA,0,456617
acrZp,0.125,7,7,GATATCACTGACTAGGTCAT,0,454686
acrZp,0.125,7,7,GATAGTTCCACACGGCCTAC,0,447164
acrZp,0.125,7,7,GATAGCATGCAGTCTTCATT,0,432585
acrZp,0.125,7,7,GATAGATTAGAATGGCCCCA,0,448462
acrZp,0.125,7,7,GATAGACTGTTTACGGACAA,0,409369
acrZp,0.125,7,7,GATACCGCTCTTTTAACTGG,0,408658
acrZp,0.125,7,7,GAGTAAAGTGGCAGCCACTC,0,443194
acrZp,0.125,7,7,GAGCGTTCAAGGCCTACAAG,0,443189
acrZp,0.125,7,7,GAGCGGACAAACCTCGTCTG,0,411241
acrZp,0.125,7,7,GAGCAGACACGACGGTCTTC,0,419709
acrZp,0.125,7,7,GAGAGAACTCTTCTAGGGAA,0,418930
acrZp,0.125,7,7,GAGACTTTTTTTAGGTCACT,0,441314
acrZp,0.125,7,7,GAGAATTGGGGGAGTGAAAA,0,428985
acrZp,0.125,7,7,GACTTGTCGGGGTGGAAAGA,0,450735
acrZp,0.125,7,7,GACTGGAAGGGTCAAGGAAT,0,432488
acrZp,0.125,7,7,GACGCTACCCATCATGCTGG,0,441731
acrZp,0.125,7,7,GACCCGATGCGAGATCATAT,0,423340
acrZp,0.125,7,7,GACCCCGTTCTCTGCTTGTG,0,463768
acrZp,0.125,7,7,GACCACAACAAGCTGGGTAA,0,460735
acrZp,0.125,7,7,GACATCACGGCACCAGGCAA,0,429561
acrZp,0.125,7,7,GACACCGCCACATGTCAGAT,0,416953
acrZp,0.125,7,7,GACAAGGACATTCGGTTTAC,0,416632
acrZp,0.125,7,7,GACAAAAACAAACTCGGTCC,0,410462
acrZp,0.125,7,7,GAATGGACCGGTCCTTCCAT,0,431682
acrZp,0.125,7,7,GAATCTGGAAAGCCTTGTGC,0,413801
acrZp,0.125,7,7,GAATCCCTGCAAAAACGGGT,0,430552
acrZp,0.125,7,7,GAATCCCTCCCCAACTCATA,0,446916
acrZp,0.125,7,7,GAATAGGGAGTCTCATAGTT,0,443235
acrZp,0.125,7,7,GAATAACAGATGGCGACCCA,0,418290
acrZp,0.125,7,7,GAAGGGTCATCGATCGGCGG,0,419142
acrZp,0.125,7,7,GAAGGAGCTAATTCCCCTTA,0,429725
acrZp,0.125,7,7,GAAGCAATGAGGTAGTTCCG,0,442506
acrZp,0.125,7,7,GAAGATTGTCAGACCTTTCA,0,448276
acrZp,0.125,7,7,GAAAGGCTCTCAGTGCTTAT,0,439902
acrZp,0.125,7,7,GAAAAATGTACCTATATGCC,0,430606
acrZp,0.125,7,7,CTTTGGGACGCTGACTACAC,0,433013
acrZp,0.125,7,7,CTTGTTCGCAAATTATCGTG,0,450340
acrZp,0.125,7,7,CTTGGATAAAATTTAATTAA,0,433578
acrZp,0.125,7,7,CTTGCTATATAGGAGTATCA,0,444537
acrZp,0.125,7,7,CTTGCGTGAAGTAGCTTGCC,0,424369
acrZp,0.125,7,7,CTTGCCTCGGGCTTTCTAGC,0,453668
acrZp,0.125,7,7,CTTGCAACTCGTTGATCGGA,0,454797
acrZp,0.125,7,7,CTTGAAGTGGACAATGGTGT,0,430331
acrZp,0.125,7,7,CTTCGCCCGAACTTTCTGGA,0,445224
acrZp,0.125,7,7,CTTACGGTCCATGGCTAGAA,0,427731
acrZp,0.125,7,7,CTTAAAAGTTTCGCTCCGAC,0,433784
acrZp,0.125,7,7,CTGTGCTGCATGACATCCCA,0,462728
acrZp,0.125,7,7,CTGGTAGAAACTGGACAGCT,0,432569
acrZp,0.125,7,7,CTGGCCACCAGTTAATCGGT,0,446983
acrZp,0.125,7,7,CTGGACGTCGTATCTCTTCT,0,423372
acrZp,0.125,7,7,CTGGAATTGTCGCATAAAGG,0,444632
acrZp,0.125,7,7,CTGATTTATAGCGACACGGT,0,433708
acrZp,0.125,7,7,CTGATGAGAGGACTTTACAT,0,415151
acrZp,0.125,7,7,CTGAGCCCAGTTCCGTGCTT,0,459794
acrZp,0.125,7,7,CTGACTTAGCAATGACTTAG,0,419011
acrZp,0.125,7,7,CTCTGATGAGGGCAGTTGGT,0,441827
acrZp,0.125,7,7,CTCGTTCTACGTAAGACTCC,0,422352
acrZp,0.125,7,7,CTCGCTATCTCTGTTAAAGC,0,441574
acrZp,0.125,7,7,CTCCGTCTGCAGCAGGGCGA,0,423574
acrZp,0.125,7,7,CTCCGGGTAATCAAGGAGTG,0,466822
acrZp,0.125,7,7,CTCCCCCGTAAGCTATCTTA,0,413261
acrZp,0.125,7,7,CTCCCACGAATCCTCCCAGT,0,421507
acrZp,0.125,7,7,CTCATTGCTTCGGACTGGTG,0,443569
acrZp,0.125,7,7,CTCATTAGTTCTGTAACTGC,0,419951
acrZp,0.125,7,7,CTCATCATTCGCGGACACAA,0,410650
acrZp,0.125,7,7,CTCATATTACGGGGTGGTAT,0,457378
acrZp,0.125,7,7,CTATGCCCAAAGCTACCGGT,0,445533
acrZp,0.125,7,7,CTATCACCTCTCGGCAGTTA,0,447057
acrZp,0.125,7,7,CTATAGATGGATTGGAGTTC,0,433995
acrZp,0.125,7,7,CTACTGTGTAGTCACCGCAG,0,450819
acrZp,0.125,7,7,CTACGTATCACCAGTGTGGG,0,438065
acrZp,0.125,7,7,CTACCCGGGCTTATAAATTG,0,465783
acrZp,0.125,7,7,CTAACACGCGCATGGGCTTT,0,455504
acrZp,0.125,7,7,CTAAACTTGCATATTTAGCA,0,442642
acrZp,0.125,7,7,CGTTTGTAATTTGCACGTTT,0,456602
acrZp,0.125,7,7,CGTTCTTCTCGCTTTCAGGA,0,453793
acrZp,0.125,7,7,CGTGTGCTTAACCACACGCT,0,459221
acrZp,0.125,7,7,CGTGGGCTGACTGTAACATG,0,460133
acrZp,0.125,7,7,CGTGGGATATGGATTGAAAG,0,466279
acrZp,0.125,7,7,CGTCGTTCCGCGTGGGTCCT,0,435796
acrZp,0.125,7,7,CGTCAAAAGTGCGGTGTTTG,0,420619
acrZp,0.125,7,7,CGTAGTTAGCCGGTTACGGA,0,429425
acrZp,0.125,7,7,CGGTGTTGTGGGAGGAATGA,0,456327
acrZp,0.125,7,7,CGGTGTGACGTTTTCACGTA,0,465516
acrZp,0.125,7,7,CGGTGGCTTGATGTTTCACT,0,414367
acrZp,0.125,7,7,CGGTCCTGAACGTCAAAGCA,0,458403
acrZp,0.125,7,7,CGGTACCCGGCAAGTTCTTA,0,421413
acrZp,0.125,7,7,CGGTAAATATTGAAGCCTAT,0,414954
acrZp,0.125,7,7,CGGGTGCGGTGAAGGAATCC,0,430132
acrZp,0.125,7,7,CGGGCCTCCTTCATTCAAAA,0,416961
acrZp,0.125,7,7,CGGCGAAGTCCTGCCAACAC,0,422869
acrZp,0.125,7,7,CGGCCTTGATACGGGTTTCC,0,411159
acrZp,0.125,7,7,CGGACAAACACAGTTGGCGT,0,444132
acrZp,0.125,7,7,CGCTTTCTGCTAAGGTGAAC,0,460721
acrZp,0.125,7,7,CGCTTTATTCCACGGAGGCT,0,409486
acrZp,0.125,7,7,CGCTTAAAAAACCCATCAAA,0,440135
acrZp,0.125,7,7,CGCTGCGGGCGCCGACGCGT,0,425744
acrZp,0.125,7,7,CGCCCGAAGTAACCCTTGGT,0,410056
acrZp,0.125,7,7,CGCATGCTTGGGGCGCGTAT,0,458090
acrZp,0.125,7,7,CGCAACTCATGTCATTAGAT,0,448571
acrZp,0.125,7,7,CGATCGCAAGTGACTGGCGG,0,440845
acrZp,0.125,7,7,CGATCCCCTTCACTGCGGTT,0,430398
acrZp,0.125,7,7,CGATAACCTAAGGCTGTACC,0,445450
acrZp,0.125,7,7,CGACGCGCGTGGGAAGAATT,0,409001
acrZp,0.125,7,7,CGACGACCTACGGGAGAACT,0,413713
acrZp,0.125,7,7,CGACACCCGATGAGTTTTCT,0,463909
acrZp,0.125,7,7,CGAATAGCCGGGGACGGCGT,0,428127
acrZp,0.125,7,7,CGAAGTTGGCGTAGGAGGTA,0,422953
acrZp,0.125,7,7,CGAAGATCCTTTTGAACAGG,0,463930
acrZp,0.125,7,7,CGAACGGAGAAGCATGTCAT,0,453999
acrZp,0.125,7,7,CGAACGCTGGAGCTGAATCA,0,417234
acrZp,0.125,7,7,CGAAACAGGCTGTTTACCCC,0,453880
acrZp,0.125,7,7,CCTTGGAATGAAACGTGTGT,0,451959
acrZp,0.125,7,7,CCTTGCGTGCCGTGCTAATC,0,422066
acrZp,0.125,7,7,CCTTACGGCCCGAGATATTT,0,442184
acrZp,0.125,7,7,CCTCTGTGGGCTGGGAAAAA,0,413718
acrZp,0.125,7,7,CCTCCGGCACCATGCGAAAT,0,424356
acrZp,0.125,7,7,CCTCAAATGCTTGATTCATG,0,443233
acrZp,0.125,7,7,CCTAATCGAAATTTTCCGAG,0,413661
acrZp,0.125,7,7,CCGGTTCCTAGAGACCGTCC,0,465126
acrZp,0.125,7,7,CCGGGTCCAACCGATAGACC,0,462420
acrZp,0.125,7,7,CCGGGCGGGATTGCCCACTA,0,417915
acrZp,0.125,7,7,CCGCGGTTTGCTCCTTTCAG,0,419558
acrZp,0.125,7,7,CCGCCCCCCAGAAAGTCGAT,0,434474
acrZp,0.125,7,7,CCGATTTAGGTTTAGTGCGC,0,428686
acrZp,0.125,7,7,CCGACTCTACTCCCAGTTTC,0,430392
acrZp,0.125,7,7,CCCTTCAAGGGTCTCGGAAC,0,443382
acrZp,0.125,7,7,CCCGTAGATTTGATAATCAT,0,458041
acrZp,0.125,7,7,CCCGTAGATGGTGGCGCTAT,0,422067
acrZp,0.125,7,7,CCCGGAATCAGGATTTATCT,0,410792
acrZp,0.125,7,7,CCCCCAAGCACTGGTGGTGC,0,461583
acrZp,0.125,7,7,CCCAGGCGCTTTCCGTGTCG,0,455998
acrZp,0.125,7,7,CCCAGAATAGAGGACGCTAA,0,434817
acrZp,0.125,7,7,CCATACAGTTCGTGCAAAAT,0,446215
acrZp,0.125,7,7,CCAGAACCCCTGGGCCAAAT,0,431283
acrZp,0.125,7,7,CCACGTTAAGGAGGGTCTTT,0,440219
acrZp,0.125,7,7,CCACGTGGTTTCGCCGCCCG,0,447290
acrZp,0.125,7,7,CCACGACTGAAATAATTTAA,0,423507
acrZp,0.125,7,7,CCACAGATCGTGCCCACGCC,0,429897
acrZp,0.125,7,7,CCAAGACATCAGATATAGTG,0,462798
acrZp,0.125,7,7,CATTCCAACATGGCTCTATG,0,453445
acrZp,0.125,7,7,CATTAGCAGGAGAGGACCTC,0,463902
acrZp,0.125,7,7,CATGTGCCCCGGCGTGTCCA,0,453679
acrZp,0.125,7,7,CATGGGGCTTAGGGGTGACA,0,420094
acrZp,0.125,7,7,CATCGTGAGGATGGCGTAGT,0,453660
acrZp,0.125,7,7,CATACTCTCGTGACAAATGA,0,440405
acrZp,0.125,7,7,CATAAACTTGTGGGTCTGCG,0,429652
acrZp,0.125,7,7,CATAAACTAAACATAAAGCC,0,417788
acrZp,0.125,7,7,CATAAAAGAATTAAGAGACT,0,413058
acrZp,0.125,7,7,CAGTGCCCATCGACAGTAAC,0,437218
acrZp,0.125,7,7,CAGTCGCAATCCGGGGGCAA,0,416422
acrZp,0.125,7,7,CAGTCACTTCGATAGCGGTG,0,448292
acrZp,0.125,7,7,CAGTAACCCGACGGCGCAAA,0,465177
acrZp,0.125,7,7,CAGGTACCAGGCGTAGTCAC,0,428777
acrZp,0.125,7,7,CAGGGCTTCGAGAGCGCGAT,0,465027
acrZp,0.125,7,7,CAGGGAAAAATTCATCAAAG,0,413671
acrZp,0.125,7,7,CAGCTTGAACGTATCCCTTA,0,431684
acrZp,0.125,7,7,CAGCGTAACCAATGACTTCT,0,432647
acrZp,0.125,7,7,CAGCCGATAGCATTCTGTTC,0,452130
acrZp,0.125,7,7,CAGCCACTACGGGTATCAGC,0,413001
acrZp,0.125,7,7,CAGCACCCATACGAGTTATG,0,435027
acrZp,0.125,7,7,CACTGAGAGCGTTCGTTAGA,0,431920
acrZp,0.125,7,7,CACGGTGCCCCATCGATCTG,0,416994
acrZp,0.125,7,7,CACGGAATGGGAGGGAAGAA,0,438012
acrZp,0.125,7,7,CACCCCCTCATCATGTGGTT,0,415042
acrZp,0.125,7,7,CACCAGGCATTGAATTGGTA,0,424923
acrZp,0.125,7,7,CACCACATCCGTCTCCGATG,0,461704
acrZp,0.125,7,7,CACAAGGGTTAATCGAGTGC,0,456655
acrZp,0.125,7,7,CAAGTTTTGCACGGGTCGCG,0,460449
acrZp,0.125,7,7,CAAGTTGCCAGTCCATAACA,0,429570
acrZp,0.125,7,7,CAAGTCCTGCTGCAATGACC,0,442265
acrZp,0.125,7,7,CAAGGTATAGCTCCTCCGTG,0,430818
acrZp,0.125,7,7,CAACGTGGTGGTTAGCTCCT,0,439662
acrZp,0.125,7,7,CAAATTCTGATGACGAAAAA,0,463949
acrZp,0.125,7,7,ATTTGGCGGGATCGAAGGAA,0,450526
acrZp,0.125,7,7,ATTTACTCGTCCAATGTCCT,0,459377
acrZp,0.125,7,7,ATTGTAAAGGCACACGGCGA,0,420518
acrZp,0.125,7,7,ATTGGTAGGTGTCAGGGGAT,0,425980
acrZp,0.125,7,7,ATTGGCAGGAGAGGTGTGCC,0,427060
acrZp,0.125,7,7,ATTGCAAGCTTGGAGTTCAG,0,454273
acrZp,0.125,7,7,ATTCTTTTGCCCAAGCCGGT,0,437717
acrZp,0.125,7,7,ATTCTATCTGACGCCCTCAA,0,456951
acrZp,0.125,7,7,ATTCCGTGAGAAATGTATGT,0,429625
acrZp,0.125,7,7,ATTATCTGCTCGGATTCGGA,0,410368
acrZp,0.125,7,7,ATTACTAGCCGACCTAGCCA,0,431704
acrZp,0.125,7,7,ATTACGAAGAATTCTTTAGT,0,421309
acrZp,0.125,7,7,ATGTGCCAGGGGCGCTGGGG,0,448497
acrZp,0.125,7,7,ATGTCATAGCAAGACCGACA,0,445934
acrZp,0.125,7,7,ATGGTCCGTGTGCGCTGCCA,0,426158
acrZp,0.125,7,7,ATGGCTAGGCGGTTAAGCCT,0,437125
acrZp,0.125,7,7,ATGGCATATTACTGCGATGT,0,447324
acrZp,0.125,7,7,ATGGACGTTACTTCTGAAAG,0,442816
acrZp,0.125,7,7,ATGCTTTCGGGGGCCACCGA,0,408808
acrZp,0.125,7,7,ATGCATGTATATGTCGGTGC,0,465146
acrZp,0.125,7,7,ATGCATCGTCTTAGCACTAA,0,416206
acrZp,0.125,7,7,ATGATGCTCACACTCAGCCT,0,421008
acrZp,0.125,7,7,ATGATCGCACTGTGAAAATG,0,427083
acrZp,0.125,7,7,ATGAGCGATGTGAACCATAT,0,454171
acrZp,0.125,7,7,ATGAAGATTAAGCAGCTCAG,0,442168
acrZp,0.125,7,7,ATCTTAGCTTAAGCAGCATT,0,453140
acrZp,0.125,7,7,ATCTCGCTAAGCCACAGCTG,0,445323
acrZp,0.125,7,7,ATCTAGTGGGGCGCCCATCC,0,445318
acrZp,0.125,7,7,ATCGGACACGTGTTGTTCAA,0,456033
acrZp,0.125,7,7,ATCGCATCCGCATCCGCACC,0,415249
acrZp,0.125,7,7,ATCCTCAAGTGACCGAAAAG,0,461343
acrZp,0.125,7,7,ATCCAGATAAGGTATCACTA,0,445644
acrZp,0.125,7,7,ATCCACGCTACTGTATCGGT,0,418206
acrZp,0.125,7,7,ATCATTGGTTCGGTAACGAG,0,447338
acrZp,0.125,7,7,ATCAGTCTTCGCAGCGTCCG,0,467639
acrZp,0.125,7,7,ATCAGGCACTAAAAAAGATC,0,428113
acrZp,0.125,7,7,ATCACCTGCGGGTGCTTTGG,0,464904
acrZp,0.125,7,7,ATATGGTAAGAGAATAATCG,0,409089
acrZp,0.125,7,7,ATATGCGGCTTGGTCAGTTG,0,423867
acrZp,0.125,7,7,ATATCGGGCACACGGAACGC,0,422865
acrZp,0.125,7,7,ATATATACTCGGCACCCACT,0,414549
acrZp,0.125,7,7,ATATAGTTACTTTCTCAGCA,0,435656
acrZp,0.125,7,7,ATAGGGCTCGCTTTCAGACA,0,458628
acrZp,0.125,7,7,ATAGCAGGTTGGCGTCGAAA,0,409952
acrZp,0.125,7,7,ATACAGTGAGCGATACGACA,0,414385
acrZp,0.125,7,7,ATAATCGTTCTTGAACTATA,0,433635
acrZp,0.125,7,7,ATAAACTTAATGCAGCGGCT,0,435489
acrZp,0.125,7,7,ATAAAAAGTTATCTGTCTGA,0,423866
acrZp,0.125,7,7,AGTTATTTGATATGATTTGG,0,450883
acrZp,0.125,7,7,AGTGTTTTAATCATATTCGG,0,441836
acrZp,0.125,7,7,AGTGTATACATAAGGTCAGA,0,413348
acrZp,0.125,7,7,AGTGTACAAGAAACAAGAAC,0,409668
acrZp,0.125,7,7,AGTGGGGAGCCAGCATTAGT,0,437133
acrZp,0.125,7,7,AGTGCGCTTTAGGAACCGTC,0,434084
acrZp,0.125,7,7,AGTGAGCGTTAAGCCCAAGT,0,435614
acrZp,0.125,7,7,AGTGACGTACAACTAGACTT,0,421363
acrZp,0.125,7,7,AGTCTAAACGTATGGTGAGG,0,433115
acrZp,0.125,7,7,AGTCAAATCAAGGGCTGAAA,0,465022
acrZp,0.125,7,7,AGTAGTGAGCTGTGTTTTTC,0,446247
acrZp,0.125,7,7,AGTAGTCCGATGCCGGGAGA,0,416626
acrZp,0.125,7,7,AGTAAGAGGTAGCAGTCGTC,0,428438
acrZp,0.125,7,7,AGGTGGTGTGTTGCTCCACA,0,436086
acrZp,0.125,7,7,AGGTCTCGCGCCAGCAGAGT,0,409799
acrZp,0.125,7,7,AGGGTTCTGTGTCCCTCCAA,0,454160
acrZp,0.125,7,7,AGGGGGGAGTCTAGATGAAT,0,414848
acrZp,0.125,7,7,AGGCTACAGTACGCATTCCA,0,428028
acrZp,0.125,7,7,AGGCGGTCACATCCCCAGTT,0,424062
acrZp,0.125,7,7,AGGCCCTGAACGCAAAGTCT,0,439209
acrZp,0.125,7,7,AGGCAGACGTTAGTTTAGCA,0,418900
acrZp,0.125,7,7,AGGATGAGACATATACGGGT,0,448754
acrZp,0.125,7,7,AGGAGAGCAGCGCCACTGGA,0,461775
acrZp,0.125,7,7,AGCTCATAGCGATGGGAAAA,0,466006
acrZp,0.125,7,7,AGCTAATAGCTCATGTCGTG,0,412044
acrZp,0.125,7,7,AGCGTACTACTAGGCGGAGT,0,419087
acrZp,0.125,7,7,AGCGGGAAGGAGTGCAACAC,0,410437
acrZp,0.125,7,7,AGCCCGGCAGTACTCATCCG,0,415100
acrZp,0.125,7,7,AGCCCAGGTGTCGAGGAAAT,0,432740
acrZp,0.125,7,7,AGCAGTCTATCTGGGATCGT,0,411308
acrZp,0.125,7,7,AGCACACACCCTCGTTCATT,0,420197
acrZp,0.125,7,7,AGCAACAGACTAACCCTTGC,0,435139
acrZp,0.125,7,7,AGATCGGTGTGAGCCCATAG,0,423547
acrZp,0.125,7,7,AGATCGAATTTCTGCGCGTG,0,432241
acrZp,0.125,7,7,AGAGTCTAACATCTTTGCGA,0,429795
acrZp,0.125,7,7,AGAGGCGTCACCACTAAATA,0,446434
acrZp,0.125,7,7,AGAACCGCGCGAATACAATG,0,419511
acrZp,0.125,7,7,ACTTCTAGGGTGGGCGCATA,0,465311
acrZp,0.125,7,7,ACTTCAGAGGGAGGGGCGAC,0,429437
acrZp,0.125,7,7,ACTTAGGAATGGCTCAGCCC,0,447054
acrZp,0.125,7,7,ACTGGAGAGAGCTCAGAGTA,0,428825
acrZp,0.125,7,7,ACTGCTATTCTTATGCGAAG,0,458379
acrZp,0.125,7,7,ACTGCCACTCCGCGTGCACC,0,428054
acrZp,0.125,7,7,ACTGAAGCATGCCCATCATT,0,429115
acrZp,0.125,7,7,ACGTCGTCCACACATGCTGT,0,437738
acrZp,0.125,7,7,ACGTAGTAATAGTATGAATT,0,426388
acrZp,0.125,7,7,ACGGTCGGAATCCGCACAGC,0,423083
acrZp,0.125,7,7,ACGGTAGGTTCTACATAGCT,0,461986
acrZp,0.125,7,7,ACGGGCAAGTAACGAGAAGT,0,449053
acrZp,0.125,7,7,ACGGGATATATTTTTTCACC,0,428392
acrZp,0.125,7,7,ACGCTCGCCAATTTGAGTTC,0,461746
acrZp,0.125,7,7,ACGCTCCCGTCTGTGACTAG,0,447565
acrZp,0.125,7,7,ACGAGTGATTGGTCAGTGAT,0,437779
acrZp,0.125,7,7,ACGAGCCGTAGCTAGAACCA,0,432982
acrZp,0.125,7,7,ACGAAGAAGGATTCGTGCCG,0,415003
acrZp,0.125,7,7,ACCCTTGCAAACACGGAAAG,0,424964
acrZp,0.125,7,7,ACCCTCGGCGACCGCCCCGA,0,465596
acrZp,0.125,7,7,ACCCGACGGGAGGATTATCG,0,433516
acrZp,0.125,7,7,ACCCAAAGTTAGCTTAAAGT,0,426935
acrZp,0.125,7,7,ACCATCGGTACCCTTGTGGC,0,457158
acrZp,0.125,7,7,ACCACGACCCAGACAATCCT,0,451108
acrZp,0.125,7,7,ACATTTTTCGAACTTTGCTT,0,443958
acrZp,0.125,7,7,ACATCAGTAATGATGCGGAT,0,464315
acrZp,0.125,7,7,ACAGGCTTCCCAATTAAATA,0,436589
acrZp,0.125,7,7,ACAGGCCTGGCCAGCACTGG,0,449491
acrZp,0.125,7,7,ACAGGCCCTAACAAACGCGA,0,445607
acrZp,0.125,7,7,ACAGAATGCCCCCGAGGTCT,0,413064
acrZp,0.125,7,7,ACACATAGGCCCGACCTGTG,0,436700
acrZp,0.125,7,7,ACACACCAGCGGTGCTGATT,0,420562
acrZp,0.125,7,7,ACAAGATGGTCACCAAGCAA,0,436630
acrZp,0.125,7,7,ACAACTTGACAAAGCCTCTG,0,443281
acrZp,0.125,7,7,ACAAAAGGGTGCAGGTATTG,0,425440
acrZp,0.125,7,7,AATTTTTATGGACGGAAAGC,0,447770
acrZp,0.125,7,7,AATTTTGTCTTCTAGTAGAA,0,429737
acrZp,0.125,7,7,AATCTAGAATAAAATCATAT,0,453495
acrZp,0.125,7,7,AATCCTTGATAAAACGATTA,0,446578
acrZp,0.125,7,7,AATACAAAGTTCGCTATGGA,0,429917
acrZp,0.125,7,7,AATAACCAGATGTATCATGC,0,422113
acrZp,0.125,7,7,AAGTTAATTACACTACGCAA,0,428911
acrZp,0.125,7,7,AAGTGGTGCAGATAGTGGTC,0,433107
acrZp,0.125,7,7,AAGGCACACGCCCGACGAGG,0,423187
acrZp,0.125,7,7,AAGCTTATAAAAAGTTAGCG,0,426448
acrZp,0.125,7,7,AAGCCTACAGTATAAGACAG,0,447676
acrZp,0.125,7,7,AAGCCCCCACCGGAATGTCA,0,440578
acrZp,0.125,7,7,AACTTTTTACGTTCCACAGG,0,410968
acrZp,0.125,7,7,AACGGTTGAGGTTTATCGCA,0,439916
acrZp,0.125,7,7,AACCCACTGCGTTCTGGGGG,0,408572
acrZp,0.125,7,7,AACATCATGAATGGTCCACG,0,438067
acrZp,0.125,7,7,AACAGAGGCTTCGCTGATTG,0,450161
acrZp,0.125,7,7,AACAATAATCGTCGCCCGGA,0,450834
acrZp,0.125,7,7,AAATGCGGCGCACTAACTGT,0,416773
acrZp,0.125,7,7,AAATCACGTCGCCACGGTAT,0,434737
acrZp,0.125,7,7,AAATACCGGCTTAAAGTATA,0,424254
acrZp,0.125,7,7,AAACGTTCACCAATTCCGGG,0,427328
acrZp,0.125,7,7,AAACGTAAGGTCCCTGGACT,0,448693
acrZp,0.125,7,7,AAACCTGTGGGAGCATGAGG,0,463986
acrZp,0.125,7,7,AAACACAGTTTTGTGGTAGT,0,451684
acrZp,0.125,7,7,AAACAAATCAGTCGCAATTT,0,417778
acrZp,0.125,7,7,AAAAGAGTCTCATATCGCGG,0,441406
acrZp,0.125,7,7,AAAACCGAAAACTGGCATGC,0,454479
acrZp,0.125,7,7,AAAACAGTAACGAATGTCTT,0,433787
acrZp,0.14285714285714285,6,6,TTTTGTGTATTGCCACGTAT,0,437037
acrZp,0.14285714285714285,6,6,TTTTGTACGTCGCCGCACCA,0,424679
acrZp,0.14285714285714285,6,6,TTTTCATTTCCAGACGGGTA,0,419409
acrZp,0.14285714285714285,6,6,TTTGGCCGGGCGTTGCCTGG,0,425129
acrZp,0.14285714285714285,6,6,TTTGCTATCTACAGTTACTC,0,459741
acrZp,0.14285714285714285,6,6,TTTGACAGTACGCCTGGGGA,0,442061
acrZp,0.14285714285714285,6,6,TTTGAACATTCCCAGAGTGA,0,429736
acrZp,0.14285714285714285,6,6,TTTCTTATGGTCCAATTTGC,0,452971
acrZp,0.14285714285714285,6,6,TTTCACGAGAGCCGACAAGT,0,467055
acrZp,0.14285714285714285,6,6,TTTATGCGGATCAAAGTGTG,0,457682
acrZp,0.14285714285714285,6,6,TTTAGTGATGTGGGGCGATC,0,432306
acrZp,0.14285714285714285,6,6,TTGTGTCGGTCAATGCTATT,0,417823
acrZp,0.14285714285714285,6,6,TTGTGGTTCTGGTACGATGT,0,438325
acrZp,0.14285714285714285,6,6,TTGTCGTTCCCTCATTCGGC,0,424385
acrZp,0.14285714285714285,6,6,TTGTATGGCAGTCTTTCAAA,0,432403
acrZp,0.14285714285714285,6,6,TTGTACTCAATAAAAGATGG,0,431584
acrZp,0.14285714285714285,6,6,TTGGGTGGAGGTATGTGTGG,0,416343
acrZp,0.14285714285714285,6,6,TTGGGCCAGGGGTGTTGGCT,0,417136
acrZp,0.14285714285714285,6,6,TTGGACGTCCTTGTGTATGT,0,432398
acrZp,0.14285714285714285,6,6,TTGCCTCCCACACCTCAGAT,0,457782
acrZp,0.14285714285714285,6,6,TTGCCCATCGCAACCCGAAC,0,443965
acrZp,0.14285714285714285,6,6,TTGATAGGTGAAGCTCGCAC,0,414486
acrZp,0.14285714285714285,6,6,TTGAGATACTTCTCGAGAAT,0,464113
acrZp,0.14285714285714285,6,6,TTCTTTCACTGATAATCTGT,0,436951
acrZp,0.14285714285714285,6,6,TTCTTGTCAAGCGCCCAACG,0,438882
acrZp,0.14285714285714285,6,6,TTCTTCAGGCCTCCATGGCG,0,412071
acrZp,0.14285714285714285,6,6,TTCGCCCTCCACCGGTATCG,0,438866
acrZp,0.14285714285714285,6,6,TTCCTCTTGAAACGCACGTG,0,429367
acrZp,0.14285714285714285,6,6,TTCCCCGCTAAGTAGGAACG,0,411395
acrZp,0.14285714285714285,6,6,TTCCCACGTCTCGGATAAAT,0,439796
acrZp,0.14285714285714285,6,6,TTCCCAAACTCGGTATGAGT,0,455048
acrZp,0.14285714285714285,6,6,TTCCAGCCGGCGATTTCTGC,0,443966
acrZp,0.14285714285714285,6,6,TTCATGTATCGGAGACTGAA,0,443206
acrZp,0.14285714285714285,6,6,TTCAGCTCCTTGGCCTCGCT,0,458898
acrZp,0.14285714285714285,6,6,TTCACGTAGTGCACAGATTC,0,425636
acrZp,0.14285714285714285,6,6,TTATGGCGACGTCTTACATT,0,428102
acrZp,0.14285714285714285,6,6,TTAGTGAGTCGCGGATATGT,0,431719
acrZp,0.14285714285714285,6,6,TTAGGGGTTCCGATTCGTGC,0,430879
acrZp,0.14285714285714285,6,6,TTAGCCATTCTGTGATTACT,0,430745
acrZp,0.14285714285714285,6,6,TTAGAGACACACAAGCAACG,0,460251
acrZp,0.14285714285714285,6,6,TTACTGGGGGTCTTATTATG,0,420752
acrZp,0.14285714285714285,6,6,TTACGCATGGGTAGCACCGT,0,457164
acrZp,0.14285714285714285,6,6,TTACAATAGATTCAGGCAAT,0,432990
acrZp,0.14285714285714285,6,6,TTAACGTCGAATGGGAGGTA,0,435153
acrZp,0.14285714285714285,6,6,TTAACCCAGTCTGAGTCCCT,0,442327
acrZp,0.14285714285714285,6,6,TGTTTTCTGCATACCATACG,0,464365
acrZp,0.14285714285714285,6,6,TGTTGCGTAACGGTCGGTAT,0,420144
acrZp,0.14285714285714285,6,6,TGTTCCAGAGATGCATACAG,0,436918
acrZp,0.14285714285714285,6,6,TGTGTCTCAAGTTAGTTGGT,0,448858
acrZp,0.14285714285714285,6,6,TGTGTAGTTTTATGAGGGGT,0,426771
acrZp,0.14285714285714285,6,6,TGTGAACCCAAGAAATTTGA,0,431678
acrZp,0.14285714285714285,6,6,TGTCTTCTTTAGGTGACGAA,0,449281
acrZp,0.14285714285714285,6,6,TGTCTCGCACCGCTAGCACC,0,411333
acrZp,0.14285714285714285,6,6,TGTCGCTGCTAGCATGCGAG,0,439462
acrZp,0.14285714285714285,6,6,TGTCGATAGTCTCACAGAAT,0,443390
acrZp,0.14285714285714285,6,6,TGTCCGCCTGAATAGACCGT,0,432783
acrZp,0.14285714285714285,6,6,TGTCAGGTTTTTTTGGTGGG,0,455548
acrZp,0.14285714285714285,6,6,TGTATATCGCTGGTCTTCAG,0,414599
acrZp,0.14285714285714285,6,6,TGTAGTACTACGGTTAATGT,0,440377
acrZp,0.14285714285714285,6,6,TGTAGCCCCCTGCAGTTTAC,0,437217
acrZp,0.14285714285714285,6,6,TGTACACTCGACCGAAAGGC,0,462900
acrZp,0.14285714285714285,6,6,TGGTTTTTCGCCTTGAAGCC,0,415613
acrZp,0.14285714285714285,6,6,TGGTTTAAACCGGGTCCCAA,0,417315
acrZp,0.14285714285714285,6,6,TGGTTAATTCCCTCGGCGCT,0,414320
acrZp,0.14285714285714285,6,6,TGGTAGGTAGTATGTCTACG,0,425275
acrZp,0.14285714285714285,6,6,TGGTAGCAATAGCCAGAACT,0,443907
acrZp,0.14285714285714285,6,6,TGGGCGACCCGCGAAAACCA,0,467623
acrZp,0.14285714285714285,6,6,TGGGACGGAGATCCCAAGGG,0,433561
acrZp,0.14285714285714285,6,6,TGGGACGAAGCGTTTGAGGG,0,436390
acrZp,0.14285714285714285,6,6,TGGCGACCGCGACGGGCCGG,0,459276
acrZp,0.14285714285714285,6,6,TGGATCGCTGTCACCTGCCT,0,446082
acrZp,0.14285714285714285,6,6,TGCTTGTCGATGTTTTCATG,0,425497
acrZp,0.14285714285714285,6,6,TGCTCAGCTTGTGTGACTTG,0,415904
acrZp,0.14285714285714285,6,6,TGCGGTTCGAGCTACTAATC,0,430314
acrZp,0.14285714285714285,6,6,TGCGGTACGAAGCAGGAGGA,0,414078
acrZp,0.14285714285714285,6,6,TGCGCGGCACGGTCAGAGGC,0,421059
acrZp,0.14285714285714285,6,6,TGCGCAGTCAGCTTTTCATT,0,441006
acrZp,0.14285714285714285,6,6,TGCGAAATAATTGGGACAGC,0,427884
acrZp,0.14285714285714285,6,6,TGCCAGTCGGAGGTAGCTAT,0,418029
acrZp,0.14285714285714285,6,6,TGCATCCAGGGAGTCAAGGC,0,423814
acrZp,0.14285714285714285,6,6,TGCACTTCGCTATCTAGGCA,0,434782
acrZp,0.14285714285714285,6,6,TGCAAGGGGCTACCGTCGCT,0,426756
acrZp,0.14285714285714285,6,6,TGCAAAATGTAGTTGTGGCG,0,445810
acrZp,0.14285714285714285,6,6,TGAGTGTGAGCAGTGAGTCA,0,430954
acrZp,0.14285714285714285,6,6,TGAGGGTCATTCTCTCTTGA,0,449313
acrZp,0.14285714285714285,6,6,TGAGCGGTCGCTCGTATTGG,0,449068
acrZp,0.14285714285714285,6,6,TGAGAGTTTGCTTCTCTTAG,0,423407
acrZp,0.14285714285714285,6,6,TGAGACCCAGGTGCCTACTC,0,421826
acrZp,0.14285714285714285,6,6,TGACGACAAATCCAACCGAA,0,455192
acrZp,0.14285714285714285,6,6,TGAAGTTATCCCTCGAAAGC,0,412474
acrZp,0.14285714285714285,6,6,TGAAGTATTGAGGGTGTATT,0,436738
acrZp,0.14285714285714285,6,6,TGAAATTCTGTGACTGGTCC,0,414252
acrZp,0.14285714285714285,6,6,TCTTTCGCCATGGGGGCACA,0,434255
acrZp,0.14285714285714285,6,6,TCTTGGCTTTGATCACCTAA,0,435438
acrZp,0.14285714285714285,6,6,TCTTGCATCCCGCGGTGGTG,0,421934
acrZp,0.14285714285714285,6,6,TCTGTGGCATACTTACGCTG,0,412119
acrZp,0.14285714285714285,6,6,TCTCCGAGGGACAGTGCGCT,0,460984
acrZp,0.14285714285714285,6,6,TCTCAAGGCGTCATATGTCT,0,420429
acrZp,0.14285714285714285,6,6,TCGTTTGCCAGAATGTTGAT,0,427887
acrZp,0.14285714285714285,6,6,TCGTTCGATAACTGCGGCAA,0,441758
acrZp,0.14285714285714285,6,6,TCGTTAGGCGGTCTCGTCTT,0,466839
acrZp,0.14285714285714285,6,6,TCGTGTGATGCGTCCGGACA,0,429900
acrZp,0.14285714285714285,6,6,TCGTAGGTGCTGTGAAGACA,0,460751
acrZp,0.14285714285714285,6,6,TCGTACTGTACCGCAGTGAC,0,434251
acrZp,0.14285714285714285,6,6,TCGGTTACTCGGGATCCCTT,0,437241
acrZp,0.14285714285714285,6,6,TCGGGCGGTCTTCTGTGTCT,0,433918
acrZp,0.14285714285714285,6,6,TCGGACGGCGATTGTCACTA,0,425872
acrZp,0.14285714285714285,6,6,TCGCTATGCTCCTCGTCTTA,0,444691
acrZp,0.14285714285714285,6,6,TCGCCGGATAGGTATATGTC,0,416115
acrZp,0.14285714285714285,6,6,TCGCAACAAAGGGAGTTGTA,0,423342
acrZp,0.14285714285714285,6,6,TCGATGTGTCCGTAAGTGTC,0,461750
acrZp,0.14285714285714285,6,6,TCGAGCTACCATCTCCCGGC,0,426490
acrZp,0.14285714285714285,6,6,TCCTCTGAATTTGCCACGAG,0,422105
acrZp,0.14285714285714285,6,6,TCCTCACGAGTAACTTGGTC,0,424812
acrZp,0.14285714285714285,6,6,TCCGTGGTTTTGATTCAAGG,0,432388
acrZp,0.14285714285714285,6,6,TCCGAGAAGCTTATGTTACT,0,451305
acrZp,0.14285714285714285,6,6,TCCGACTAAGAGAGACGAAC,0,454628
acrZp,0.14285714285714285,6,6,TCCGAAAATTCGCCCGTTCG,0,416166
acrZp,0.14285714285714285,6,6,TCCCTTACAAAGATCGCTTG,0,460304
acrZp,0.14285714285714285,6,6,TCCCGAGTTTCATTGAGGAA,0,443577
acrZp,0.14285714285714285,6,6,TCCATGGTAGATTGTAACGT,0,420528
acrZp,0.14285714285714285,6,6,TCCAGGTAAAGCCTAGCCGT,0,457697
acrZp,0.14285714285714285,6,6,TCCAGCAAGTTGAGCCCACC,0,437510
acrZp,0.14285714285714285,6,6,TCATAAGACAACATTTAGGG,0,417812
acrZp,0.14285714285714285,6,6,TCAGTGGCTGGCACATAGTA,0,430927
acrZp,0.14285714285714285,6,6,TCAGCGTCTTGAGGACCCTC,0,436408
acrZp,0.14285714285714285,6,6,TCAGATTCTACCACCTAGGC,0,420908
acrZp,0.14285714285714285,6,6,TCACCTATTAGACGAAGGAT,0,455847
acrZp,0.14285714285714285,6,6,TCACATTGGTTTTACCTCAT,0,441828
acrZp,0.14285714285714285,6,6,TCACAGGAAGCGTCATGTCT,0,460151
acrZp,0.14285714285714285,6,6,TCAATGAAGAAGTTAATGTG,0,415309
acrZp,0.14285714285714285,6,6,TCAAGTCCAGTGTCGAATGA,0,427989
acrZp,0.14285714285714285,6,6,TATTTCTCTGGTCCGGATCG,0,466241
acrZp,0.14285714285714285,6,6,TATTGAGTGTTGGCCTGTGT,0,431958
acrZp,0.14285714285714285,6,6,TATTCTCCCAAATCATTCAC,0,442508
acrZp,0.14285714285714285,6,6,TATGAGTTAGCTATTTAGCT,0,421993
acrZp,0.14285714285714285,6,6,TATGAGGAAGCAAGAAACTT,0,436098
acrZp,0.14285714285714285,6,6,TATAGTTCACTAATCGCGAA,0,434293
acrZp,0.14285714285714285,6,6,TAGTCGGTCTAATCTGCGAC,0,457654
acrZp,0.14285714285714285,6,6,TAGGGTGTTCCACGTAGGTA,0,431163
acrZp,0.14285714285714285,6,6,TAGGCGTGCACATCACCAAT,0,435692
acrZp,0.14285714285714285,6,6,TAGGCAACACGATAAGGACT,0,446249
acrZp,0.14285714285714285,6,6,TAGGACCGAAATGGGCTTCT,0,444165
acrZp,0.14285714285714285,6,6,TAGCTCCGGCATATGCCAAT,0,432432
acrZp,0.14285714285714285,6,6,TAGCTACGCTTAACGTAGTT,0,463714
acrZp,0.14285714285714285,6,6,TAGACCTCATCAGATTCCTT,0,424295
acrZp,0.14285714285714285,6,6,TAGAAACTAGTGCCGCTAGG,0,440984
acrZp,0.14285714285714285,6,6,TACTGATTTGCATGCACATG,0,440320
acrZp,0.14285714285714285,6,6,TACGCAAGCTGCGCACCGGG,0,431019
acrZp,0.14285714285714285,6,6,TACGATTGAATACGGCACCA,0,412231
acrZp,0.14285714285714285,6,6,TACCACTAGGCATGGACCGT,0,466806
acrZp,0.14285714285714285,6,6,TACCAAGATCTGAGTGGTCT,0,450093
acrZp,0.14285714285714285,6,6,TACAACTATGCTGCGTGTGT,0,439776
acrZp,0.14285714285714285,6,6,TAAGGCGTTAGGGCCTCGCC,0,459075
acrZp,0.14285714285714285,6,6,TAACTTTACTCAATCGTTTT,0,415183
acrZp,0.14285714285714285,6,6,TAACGGCCCACGAGGAACTT,0,455419
acrZp,0.14285714285714285,6,6,TAACCCAGAACGATATCTCC,0,441128
acrZp,0.14285714285714285,6,6,TAACAAGAGTACCTGCCTAA,0,427071
acrZp,0.14285714285714285,6,6,TAAAGATTTTTGGATGTTAT,0,459286
acrZp,0.14285714285714285,6,6,TAAACGTTAGGAGTGGTACA,0,466947
acrZp,0.14285714285714285,6,6,GTTTAGCATTTGGCCGCTAT,0,465635
acrZp,0.14285714285714285,6,6,GTTGTTTACAGTCCCTGGCT,0,423087
acrZp,0.14285714285714285,6,6,GTTGGCACTAAAATTGGGAG,0,417871
acrZp,0.14285714285714285,6,6,GTTGAGATGGAGCAGCATCT,0,449881
acrZp,0.14285714285714285,6,6,GTTCGCGACCGTCCAATATT,0,427385
acrZp,0.14285714285714285,6,6,GTTCATCCATCGAACGACGC,0,410728
acrZp,0.14285714285714285,6,6,GTTCACTAAGGCACAATCTC,0,449049
acrZp,0.14285714285714285,6,6,GTTCACCGGCTCACGATGGA,0,426624
acrZp,0.14285714285714285,6,6,GTTCACCCGCTAGGATTCAT,0,438345
acrZp,0.14285714285714285,6,6,GTTATCGAGGTGGAACCGCG,0,423761
acrZp,0.14285714285714285,6,6,GTTACATTACCGTTAAGGAC,0,444342
acrZp,0.14285714285714285,6,6,GTTAAGAGCAGTGCTAACGA,0,449677
acrZp,0.14285714285714285,6,6,GTGTTTTACGAGAACCCAGG,0,434748
acrZp,0.14285714285714285,6,6,GTGTTCCTTTCCCGGATTTC,0,419224
acrZp,0.14285714285714285,6,6,GTGTTAATGGTCATGTACAA,0,437615
acrZp,0.14285714285714285,6,6,GTGTGTGGACTATACCTAGT,0,433928
acrZp,0.14285714285714285,6,6,GTGGTAGGGATGAGGATGCA,0,431173
acrZp,0.14285714285714285,6,6,GTGGGACATATGCTCAAAGG,0,416250
acrZp,0.14285714285714285,6,6,GTGGAGATCTTCTTTGGATC,0,422444
acrZp,0.14285714285714285,6,6,GTGCTCGATAGCCCAGTGAG,0,435129
acrZp,0.14285714285714285,6,6,GTGCGCGCCACAAACGCTGG,0,439059
acrZp,0.14285714285714285,6,6,GTGCCAGGGAGCTTCCCGTG,0,450335
acrZp,0.14285714285714285,6,6,GTGCAGCGGTCCCTAGATGG,0,433759
acrZp,0.14285714285714285,6,6,GTGATGCGGGTATCGGCTCG,0,411304
acrZp,0.14285714285714285,6,6,GTGATACCACTTCGCGCGGC,0,441496
acrZp,0.14285714285714285,6,6,GTGACTAAGTTTTAGATCGT,0,415155
acrZp,0.14285714285714285,6,6,GTGAATATGATCTGAGACGC,0,414952
acrZp,0.14285714285714285,6,6,GTGAAGGGGAGCGAAGTGGG,0,450143
acrZp,0.14285714285714285,6,6,GTCTTGCCTTTAGTCAAGCA,0,436212
acrZp,0.14285714285714285,6,6,GTCTTAGGAGTCACTGGTGA,0,425366
acrZp,0.14285714285714285,6,6,GTCTGGCACATCCTACGAGA,0,456783
acrZp,0.14285714285714285,6,6,GTCTCCACACAAAGGAGTTA,0,413386
acrZp,0.14285714285714285,6,6,GTCGTCGGTAAAACAAATAC,0,423179
acrZp,0.14285714285714285,6,6,GTCGTCAAGCCGTTTTGGAG,0,440005
acrZp,0.14285714285714285,6,6,GTCGGGAAAAACAACGCCGG,0,455724
acrZp,0.14285714285714285,6,6,GTCGGCGTGGCACTCTCTCA,0,415699
acrZp,0.14285714285714285,6,6,GTCGGCGGATATTGCCAACG,0,420033
acrZp,0.14285714285714285,6,6,GTCGCTTTCCAAGAGACTTA,0,451860
acrZp,0.14285714285714285,6,6,GTCGCGCCGTATGCCGTAAT,0,428477
acrZp,0.14285714285714285,6,6,GTCGCCCACCTGGTAAATGC,0,439439
acrZp,0.14285714285714285,6,6,GTCGCACGCAAACCAGAAGG,0,454000
acrZp,0.14285714285714285,6,6,GTCCGAATAGAACACATTGT,0,459374
acrZp,0.14285714285714285,6,6,GTCATGGTGTGGGTGCGGAC,0,438162
acrZp,0.14285714285714285,6,6,GTATTATAAAGTTGGGCGTA,0,430801
acrZp,0.14285714285714285,6,6,GTATGATCGATACGATAAAT,0,459847
acrZp,0.14285714285714285,6,6,GTAGGGCCAGCATTAACTCG,0,460246
acrZp,0.14285714285714285,6,6,GTAGCAGGGTGCAACACCAG,0,435275
acrZp,0.14285714285714285,6,6,GTACTTTATGGGTTGGACAT,0,454916
acrZp,0.14285714285714285,6,6,GTACTGAGCTTCAGTCGGGA,0,420147
acrZp,0.14285714285714285,6,6,GTACCGGTCTCGTGCACCTT,0,439422
acrZp,0.14285714285714285,6,6,GTAATTAAGTTCAACGGTGC,0,412024
acrZp,0.14285714285714285,6,6,GTAAGAGCCTGGACTCCCGC,0,430504
acrZp,0.14285714285714285,6,6,GTAAGAACGGCGGGTCGATT,0,434819
acrZp,0.14285714285714285,6,6,GTAACTGGTCCTTGTGCCCT,0,446725
acrZp,0.14285714285714285,6,6,GGTTTAGTGCCTGGCTTTCT,0,431724
acrZp,0.14285714285714285,6,6,GGTTGTGGGGAACGCGGGTA,0,409514
acrZp,0.14285714285714285,6,6,GGTGTAAGCTATGCCCGGGA,0,425417
acrZp,0.14285714285714285,6,6,GGTGTAACAAAATAAAGTGT,0,432248
acrZp,0.14285714285714285,6,6,GGTGGTAGACCTGCATGCTG,0,411792
acrZp,0.14285714285714285,6,6,GGTGGGTAAGTTTAACTGGG,0,417200
acrZp,0.14285714285714285,6,6,GGTGACTAGAACTGTAATTT,0,447309
acrZp,0.14285714285714285,6,6,GGTCTGTGTATGCTATGGTG,0,450852
acrZp,0.14285714285714285,6,6,GGTCATAGTACCCATTCCTC,0,412027
acrZp,0.14285714285714285,6,6,GGTATTCACTTTCTAAATAC,0,410964
acrZp,0.14285714285714285,6,6,GGTATACCCGCAGCAACATG,0,442432
acrZp,0.14285714285714285,6,6,GGTACTTCTGTTAATTAGGT,0,422156
acrZp,0.14285714285714285,6,6,GGTAAGACCTGCTACTTTTT,0,426862
acrZp,0.14285714285714285,6,6,GGGTTGGTTGTTGATTTTAT,0,424665
acrZp,0.14285714285714285,6,6,GGGTACCGACCGGGGGCGAT,0,429894
acrZp,0.14285714285714285,6,6,GGGGTTTAGGTGAGTACTTA,0,452589
acrZp,0.14285714285714285,6,6,GGGGGGCCTCGAGGGCGGGA,0,421175
acrZp,0.14285714285714285,6,6,GGGGCGGTATGTAGATTTTC,0,420196
acrZp,0.14285714285714285,6,6,GGGGCGCAAATCCTTTGGCG,0,416615
acrZp,0.14285714285714285,6,6,GGGGCCAGCGTCGGGTCCAA,0,452620
acrZp,0.14285714285714285,6,6,GGGGCAGGGACGACAGCTGA,0,432234
acrZp,0.14285714285714285,6,6,GGGCGTCGAAACTACTGCGA,0,421466
acrZp,0.14285714285714285,6,6,GGGCGCACCTGGTATATCTA,0,434728
acrZp,0.14285714285714285,6,6,GGGCCTGTCGGCCACGAACG,0,437493
acrZp,0.14285714285714285,6,6,GGGATGTAATGGCAAAGTAA,0,463652
acrZp,0.14285714285714285,6,6,GGGATAAAAAGTAACTACAT,0,415764
acrZp,0.14285714285714285,6,6,GGGAGTTGATGGGCAAAAAA,0,411835
acrZp,0.14285714285714285,6,6,GGCGGACAGTTATTAATTGG,0,424668
acrZp,0.14285714285714285,6,6,GGCGCTGTACGTGCGGTAGG,0,467418
acrZp,0.14285714285714285,6,6,GGCGCACCTGGCGTCTCAGG,0,454180
acrZp,0.14285714285714285,6,6,GGCCCCCCCGCTTATCCATT,0,460976
acrZp,0.14285714285714285,6,6,GGCATCCTCGGGTATCCTGA,0,416580
acrZp,0.14285714285714285,6,6,GGCATAATCTTTCCCGGTCC,0,459552
acrZp,0.14285714285714285,6,6,GGCAGCATCTCCTTTACACG,0,445758
acrZp,0.14285714285714285,6,6,GGATTTAAGTCCGATAGTTA,0,414293
acrZp,0.14285714285714285,6,6,GGATTATTCCTACCTCGTTC,0,431527
acrZp,0.14285714285714285,6,6,GGATGGTGTGCATCAATGTT,0,447055
acrZp,0.14285714285714285,6,6,GGATACAATGCCGTTCTTTA,0,457809
acrZp,0.14285714285714285,6,6,GGAGTAGTTACAGCCCTAAG,0,421840
acrZp,0.14285714285714285,6,6,GGAGCCCTACAGTCTTTTTC,0,446758
acrZp,0.14285714285714285,6,6,GGAGAATGACCCCACCAAGT,0,455118
acrZp,0.14285714285714285,6,6,GGAATCCGGCCGGTGATGTA,0,461449
acrZp,0.14285714285714285,6,6,GGAAGGTAGACAGGCATGCC,0,411916
acrZp,0.14285714285714285,6,6,GGAAGCCTAGTTCTCGCGCA,0,443755
acrZp,0.14285714285714285,6,6,GCTTATCTAATTCCTTTTGC,0,455425
acrZp,0.14285714285714285,6,6,GCTGTCCATACCCAGTAAAA,0,421610
acrZp,0.14285714285714285,6,6,GCTGGGTAGGCCCTGCACAC,0,409159
acrZp,0.14285714285714285,6,6,GCTGGATGTTGTCCGGATAT,0,457431
acrZp,0.14285714285714285,6,6,GCTGACCTGCGCGCCCGACG,0,453921
acrZp,0.14285714285714285,6,6,GCTCTATGTGTAAATAAGCA,0,459505
acrZp,0.14285714285714285,6,6,GCTCCTCGAGATCACCGTGG,0,409176
acrZp,0.14285714285714285,6,6,GCTCCGCAGCGCCGCTCGAT,0,459384
acrZp,0.14285714285714285,6,6,GCTCCATGGAACAAGGCGCA,0,417503
acrZp,0.14285714285714285,6,6,GCTCATCCGCCCGATAAAAT,0,460965
acrZp,0.14285714285714285,6,6,GCTAGTGATAGTCGGGCGTG,0,458054
acrZp,0.14285714285714285,6,6,GCTAGGGGCCAGACCGGGCA,0,436110
acrZp,0.14285714285714285,6,6,GCTACTTTGCGTAGGGCAAA,0,428956
acrZp,0.14285714285714285,6,6,GCTACTTTCTTTCTCTCTAT,0,454153
acrZp,0.14285714285714285,6,6,GCTACAGGGTACCGCCATCT,0,445193
acrZp,0.14285714285714285,6,6,GCGTTGGCAAGTACTTAGTA,0,455501
acrZp,0.14285714285714285,6,6,GCGTTCTAGTAGGTTCTCCG,0,430461
acrZp,0.14285714285714285,6,6,GCGTTCGACGCGAGCCGGAC,0,423784
acrZp,0.14285714285714285,6,6,GCGTGACGCGTATAGGTAGT,0,426820
acrZp,0.14285714285714285,6,6,GCGTCTGTCCCCTCAGCCCT,0,417889
acrZp,0.14285714285714285,6,6,GCGGTGGATGAATTCGGTTT,0,423873
acrZp,0.14285714285714285,6,6,GCGGTAGCCTGTCTCACCAG,0,412279
acrZp,0.14285714285714285,6,6,GCGGGGACTTGAGTTGAAGG,0,449416
acrZp,0.14285714285714285,6,6,GCGCTCAAGAGACCATGTCG,0,418916
acrZp,0.14285714285714285,6,6,GCGCGGGAATACCAGAAGAG,0,448120
acrZp,0.14285714285714285,6,6,GCGCGCGCGCTCCTGAAACC,0,427730
acrZp,0.14285714285714285,6,6,GCGCGCGCGATTTAGACTGA,0,422023
acrZp,0.14285714285714285,6,6,GCGCCAGTACGCAGGATCAT,0,432587
acrZp,0.14285714285714285,6,6,GCGATCATGTCGCGATCCAC,0,466624
acrZp,0.14285714285714285,6,6,GCGAGGGTCAAAACAGCAGA,0,451960
acrZp,0.14285714285714285,6,6,GCGACACATCTCCAACTGAT,0,447760
acrZp,0.14285714285714285,6,6,GCCTTGCAGTGGTTTGGTGT,0,416655
acrZp,0.14285714285714285,6,6,GCCTGCTAGTATCTTCAATC,0,449320
acrZp,0.14285714285714285,6,6,GCCTCGTACACAACAAGAAT,0,421392
acrZp,0.14285714285714285,6,6,GCCTCACGCTCCATTCTTTG,0,424855
acrZp,0.14285714285714285,6,6,GCCGAAGCTGTAAGTTGGCA,0,423990
acrZp,0.14285714285714285,6,6,GCCCTCCTGTAGTTACACCA,0,452612
acrZp,0.14285714285714285,6,6,GCCCCCTGGAGAGGATAACC,0,433102
acrZp,0.14285714285714285,6,6,GCCATATCTTGCGTTCAATT,0,428989
acrZp,0.14285714285714285,6,6,GCATGATGGGGTTCGGGGAC,0,456382
acrZp,0.14285714285714285,6,6,GCATATGCAGTGAATCGGCA,0,433087
acrZp,0.14285714285714285,6,6,GCAGCGTCACTGGGGTGACT,0,425713
acrZp,0.14285714285714285,6,6,GCACTACCCGTAAGCGTCCC,0,457104
acrZp,0.14285714285714285,6,6,GCACGCCTTGCAATAGCTTG,0,465775
acrZp,0.14285714285714285,6,6,GCACAATAATGGCTAACAAA,0,461230
acrZp,0.14285714285714285,6,6,GCAAGTTGAGGGGGCATTCA,0,426195
acrZp,0.14285714285714285,6,6,GCAACGTCCCACAGGCTCAG,0,443019
acrZp,0.14285714285714285,6,6,GCAAAACCGTGAATCATTTC,0,440574
acrZp,0.14285714285714285,6,6,GATGGGAAATTAAAGCGACT,0,423186
acrZp,0.14285714285714285,6,6,GATGCTTTATGAGTCCCCAC,0,448660
acrZp,0.14285714285714285,6,6,GATGACGCCCGACTCTTACA,0,454474
acrZp,0.14285714285714285,6,6,GATCGTTCATGCCGTTTAAC,0,435076
acrZp,0.14285714285714285,6,6,GATCGCACGGTATCAAGGAT,0,446332
acrZp,0.14285714285714285,6,6,GATCCTTTTATGGACTCCGT,0,414352
acrZp,0.14285714285714285,6,6,GATACCTCTTCAGGTGGCAG,0,451246
acrZp,0.14285714285714285,6,6,GAGTCGCTATGAACGGAACT,0,420898
acrZp,0.14285714285714285,6,6,GAGTCCGGGGCGACCAGCAG,0,427697
acrZp,0.14285714285714285,6,6,GAGGTCAGCTCGGTATGTCC,0,467526
acrZp,0.14285714285714285,6,6,GAGGCTCGTACTCCTACTAT,0,433277
acrZp,0.14285714285714285,6,6,GAGCGGCATTTACAGTTGGG,0,465472
acrZp,0.14285714285714285,6,6,GAGCGATAAGATAATGAAGG,0,418032
acrZp,0.14285714285714285,6,6,GAGCCCAGTTTAGTCTTAAA,0,452332
acrZp,0.14285714285714285,6,6,GAGATAAACCGCCAGCGGAG,0,434473
acrZp,0.14285714285714285,6,6,GAGAGGGAGAAGACTAGAAA,0,456763
acrZp,0.14285714285714285,6,6,GAGACTGAGTCTGGTATAAG,0,457451
acrZp,0.14285714285714285,6,6,GAGACGGTTCGGCAAACGAT,0,440195
acrZp,0.14285714285714285,6,6,GAGAAGTCTTGAAGCACTCA,0,457204
acrZp,0.14285714285714285,6,6,GACTCGCAACTCACTCTCCA,0,420200
acrZp,0.14285714285714285,6,6,GACTCGAACCTGAGCGCTTA,0,456434
acrZp,0.14285714285714285,6,6,GACTCCGCTATTGTTCCACG,0,451872
acrZp,0.14285714285714285,6,6,GACTACAGATCCAATCTGAT,0,418596
acrZp,0.14285714285714285,6,6,GACGTATACCCCCCGGTATG,0,448105
acrZp,0.14285714285714285,6,6,GACGGAACCCGCATTTTTCC,0,463956
acrZp,0.14285714285714285,6,6,GACGCGAGTCGCGATTCCCG,0,434099
acrZp,0.14285714285714285,6,6,GACGCGACATTAGTTCGGCG,0,430731
acrZp,0.14285714285714285,6,6,GACCGCTTATGATCACCGGT,0,426738
acrZp,0.14285714285714285,6,6,GACCAGGATACTGAACGGAT,0,426872
acrZp,0.14285714285714285,6,6,GACCACACAGTCAACATTAA,0,422801
acrZp,0.14285714285714285,6,6,GACACGGTATAGAGTACCGA,0,463430
acrZp,0.14285714285714285,6,6,GACACCCGAATGCAAGGATC,0,452395
acrZp,0.14285714285714285,6,6,GAATCTGAAGAAGGTAATGG,0,444425
acrZp,0.14285714285714285,6,6,GAATCCACCTGATGACTTCT,0,448657
acrZp,0.14285714285714285,6,6,GAAGTGAGGACGCCTTTCCC,0,421836
acrZp,0.14285714285714285,6,6,GAAGTCAACTTGCTAGCAGA,0,423736
acrZp,0.14285714285714285,6,6,GAAGCAGACCGAGGAACAGA,0,415577
acrZp,0.14285714285714285,6,6,GAACTCGTCGTATTATCCTA,0,414190
acrZp,0.14285714285714285,6,6,GAAATCTTTGAGTCGCATCT,0,455128
acrZp,0.14285714285714285,6,6,GAAAGCAGAAGACAGGAGGG,0,414771
acrZp,0.14285714285714285,6,6,GAAACCTGTGATTGTTCAGC,0,464100
acrZp,0.14285714285714285,6,6,CTTTTGTCCCGGAGAATCGC,0,440024
acrZp,0.14285714285714285,6,6,CTTTGCGCAGCGCTTGCTCC,0,454804
acrZp,0.14285714285714285,6,6,CTTTGACGCATCAGAGGCGG,0,412064
acrZp,0.14285714285714285,6,6,CTTTCATGGTGCATGAGTCG,0,423234
acrZp,0.14285714285714285,6,6,CTTTAACGGCGCGGCCGGAT,0,412133
acrZp,0.14285714285714285,6,6,CTTGGAGGCCAAACCCCTAA,0,451367
acrZp,0.14285714285714285,6,6,CTTGAAACGTATACGGAGTT,0,412599
acrZp,0.14285714285714285,6,6,CTTCGGGCTGTAAATACAGT,0,454032
acrZp,0.14285714285714285,6,6,CTTCGCTGCGTTCGGAGGGA,0,448574
acrZp,0.14285714285714285,6,6,CTTCGCTAAACACCCACTAC,0,423911
acrZp,0.14285714285714285,6,6,CTTCCAGGTATAGCCCGCGT,0,452235
acrZp,0.14285714285714285,6,6,CTTCCAGGGGGACTATGAAA,0,444748
acrZp,0.14285714285714285,6,6,CTTAGTGACCAGAACCTCAC,0,424422
acrZp,0.14285714285714285,6,6,CTTAGGGCGACTCACATCAT,0,453461
acrZp,0.14285714285714285,6,6,CTTACAGCTCCTACTCGTTC,0,423815
acrZp,0.14285714285714285,6,6,CTTAAGGGTGACCTGCCAGG,0,456366
acrZp,0.14285714285714285,6,6,CTTAACTTCACTGGAGCCAG,0,459034
acrZp,0.14285714285714285,6,6,CTGTTTTCCAGGTACAATCA,0,419060
acrZp,0.14285714285714285,6,6,CTGTTCCTAACTAGAATACT,0,436489
acrZp,0.14285714285714285,6,6,CTGTGTCTCATACTAGAGAA,0,417269
acrZp,0.14285714285714285,6,6,CTGTGTCATGCATCCTCGGT,0,453229
acrZp,0.14285714285714285,6,6,CTGGTTCCTGGTAAAGACGC,0,421685
acrZp,0.14285714285714285,6,6,CTGGATTCATCTGGTTGCGG,0,439984
acrZp,0.14285714285714285,6,6,CTGGAGCCGCGACCGGTCAG,0,415520
acrZp,0.14285714285714285,6,6,CTGGACCGTTTAAGCGTAAC,0,466307
acrZp,0.14285714285714285,6,6,CTGCGGTAGTTAGCTCTGAC,0,425642
acrZp,0.14285714285714285,6,6,CTGCGGGTCTACACTAAATA,0,433633
acrZp,0.14285714285714285,6,6,CTGATTCCATGAGACAGTGG,0,412124
acrZp,0.14285714285714285,6,6,CTGATGCGTACCTTGACCAC,0,461592
acrZp,0.14285714285714285,6,6,CTCTTCTTCGCGTCCGCCTT,0,458039
acrZp,0.14285714285714285,6,6,CTCTTCTCAGAACGCGCGCA,0,437075
acrZp,0.14285714285714285,6,6,CTCTGCGGCATCGGAGGGTC,0,409521
acrZp,0.14285714285714285,6,6,CTCTGCCGAGGTAGCTCCTG,0,432236
acrZp,0.14285714285714285,6,6,CTCTCGTCTCGCACTGCGCC,0,411302
acrZp,0.14285714285714285,6,6,CTCGGGTCAGCGACGTATAC,0,421016
acrZp,0.14285714285714285,6,6,CTCCTGGTCCCATAACCCGC,0,411032
acrZp,0.14285714285714285,6,6,CTCCGTGTCGGATCGAACGA,0,449438
acrZp,0.14285714285714285,6,6,CTCCCGTACCCAAAGCCGTG,0,463204
acrZp,0.14285714285714285,6,6,CTCCAGGTTTAGACAGCAGT,0,422547
acrZp,0.14285714285714285,6,6,CTCAGGTAGAGAGCGCAGCG,0,414638
acrZp,0.14285714285714285,6,6,CTCAGGAGATGCGTCCCGGG,0,437121
acrZp,0.14285714285714285,6,6,CTCAACTCTGATGGGGGCTG,0,451310
acrZp,0.14285714285714285,6,6,CTCAAATATTAGGTTGGCTA,0,444992
acrZp,0.14285714285714285,6,6,CTCAAATAGCGCGAAAGCAG,0,460061
acrZp,0.14285714285714285,6,6,CTATTTCGGAGTCTTAGTCA,0,466443
acrZp,0.14285714285714285,6,6,CTATTTACTCAGACAGGTAG,0,438503
acrZp,0.14285714285714285,6,6,CTATGCCCCCACAGAGCATT,0,429111
acrZp,0.14285714285714285,6,6,CTATAAATCCATTCTCATGG,0,445928
acrZp,0.14285714285714285,6,6,CTAGTGCGCCCGATCCCTCA,0,465176
acrZp,0.14285714285714285,6,6,CTAGGCCAGGCTGACCAAAG,0,452702
acrZp,0.14285714285714285,6,6,CTAGAGAGGAAGCAATAGCT,0,409005
acrZp,0.14285714285714285,6,6,CTACTGGCACCTTCTTGGCT,0,438999
acrZp,0.14285714285714285,6,6,CTACACTTCGAGCAGATGTG,0,450747
acrZp,0.14285714285714285,6,6,CTAAAGAAGGCTCCGGCGTC,0,421085
acrZp,0.14285714285714285,6,6,CGTGCCAGTGTCCACGTCGC,0,415199
acrZp,0.14285714285714285,6,6,CGTGAGTAGCCGTACCTATA,0,409407
acrZp,0.14285714285714285,6,6,CGTGACTCCGGTTCCTGATC,0,458920
acrZp,0.14285714285714285,6,6,CGTCTGTGCATCCACGGTCT,0,457737
acrZp,0.14285714285714285,6,6,CGTCTGGCGAGATCTACTTG,0,420624
acrZp,0.14285714285714285,6,6,CGTCTATGTCTAGGTGCGCT,0,433440
acrZp,0.14285714285714285,6,6,CGTCCTGCAAGATGCTTAAA,0,418696
acrZp,0.14285714285714285,6,6,CGTCCGTCGGGAATTGCCCT,0,461237
acrZp,0.14285714285714285,6,6,CGTCATAACGTTTCTGCGGT,0,438160
acrZp,0.14285714285714285,6,6,CGTCACGCCTATCAAATGGT,0,465740
acrZp,0.14285714285714285,6,6,CGGTGTTACACGTGATTTTC,0,439574
acrZp,0.14285714285714285,6,6,CGGTGGCCTGCGCAGACGAG,0,411832
acrZp,0.14285714285714285,6,6,CGGTCATGCGCTCCCGTTGT,0,459214
acrZp,0.14285714285714285,6,6,CGGTAAAGATGGTAGTATGT,0,413362
acrZp,0.14285714285714285,6,6,CGGGTTCATCAATTAGTTCC,0,454995
acrZp,0.14285714285714285,6,6,CGGGTTACCTTGTTAAGTTC,0,434822
acrZp,0.14285714285714285,6,6,CGGGTGGTACCCTAAGTCAT,0,435746
acrZp,0.14285714285714285,6,6,CGGGCCAAGAGGGTACTAAG,0,428708
acrZp,0.14285714285714285,6,6,CGGCGACGTATGGTAGGTCA,0,410848
acrZp,0.14285714285714285,6,6,CGGATTTGGTACACTCCAAA,0,458884
acrZp,0.14285714285714285,6,6,CGGATTATGTGTCCAGTTTT,0,410469
acrZp,0.14285714285714285,6,6,CGGATGTGATCGCGAGCTGC,0,435516
acrZp,0.14285714285714285,6,6,CGGAGTGGGGTGTCTGCTCA,0,413370
acrZp,0.14285714285714285,6,6,CGGAGGAGACATACAACTGT,0,428832
acrZp,0.14285714285714285,6,6,CGGACTACGGATCGTGCCTC,0,445149
acrZp,0.14285714285714285,6,6,CGCTGTGCTAAGCACTCGTG,0,463019
acrZp,0.14285714285714285,6,6,CGCGCCTACATTACCAGGAT,0,414544
acrZp,0.14285714285714285,6,6,CGCGCAGGAGACTCACACGT,0,437385
acrZp,0.14285714285714285,6,6,CGCGCAAAATGATCTATGGC,0,429416
acrZp,0.14285714285714285,6,6,CGCCTTATGCGTACATTGTA,0,433828
acrZp,0.14285714285714285,6,6,CGCCGTGCCATTCCACCCGA,0,427790
acrZp,0.14285714285714285,6,6,CGCCGACTCTAAGATTGATT,0,427978
acrZp,0.14285714285714285,6,6,CGCCCCCTGGTGGTGTGGCC,0,463796
acrZp,0.14285714285714285,6,6,CGCCAAGAGCTCAATATCAA,0,461887
acrZp,0.14285714285714285,6,6,CGCAGATAGTTGGGTATAAG,0,419020
acrZp,0.14285714285714285,6,6,CGCACCCGGTGCGGGTCAGT,0,422212
acrZp,0.14285714285714285,6,6,CGATCGAATTATTATCCTAG,0,425916
acrZp,0.14285714285714285,6,6,CGATAGAGGCATTGTCTGGT,0,446728
acrZp,0.14285714285714285,6,6,CGAGGTGTGGCCATTTCTGG,0,438244
acrZp,0.14285714285714285,6,6,CGAGGCAGCATCAACAGTAT,0,443188
acrZp,0.14285714285714285,6,6,CGAGGATGTAAGTGAACTCA,0,462497
acrZp,0.14285714285714285,6,6,CGAGAATATGCTGCGTAGAG,0,419120
acrZp,0.14285714285714285,6,6,CGACGGGTACACAGTAGCTT,0,422590
acrZp,0.14285714285714285,6,6,CGAAGGGGTCAAATGGCGAT,0,410342
acrZp,0.14285714285714285,6,6,CGAACCGGCACGTCCATTCG,0,455284
acrZp,0.14285714285714285,6,6,CCTTGGCCTGTTGTTGTCAG,0,438252
acrZp,0.14285714285714285,6,6,CCTGAATGGACTCTTTTCGT,0,432165
acrZp,0.14285714285714285,6,6,CCTCTCCTACAGGTTAAATA,0,412941
acrZp,0.14285714285714285,6,6,CCTCTCCGAAATTGAATGCT,0,438761
acrZp,0.14285714285714285,6,6,CCTCAGCGTTAGTTTTGGAT,0,446637
acrZp,0.14285714285714285,6,6,CCTATACTCAAACTCCCTGG,0,457195
acrZp,0.14285714285714285,6,6,CCTACGAGCACGAGTCGAGT,0,453231
acrZp,0.14285714285714285,6,6,CCGTGCAGCACAATTTATGG,0,417421
acrZp,0.14285714285714285,6,6,CCGTCCCCGGAAGTTCCAAA,0,455564
acrZp,0.14285714285714285,6,6,CCGTCAACGGCGCCCGGCGA,0,441768
acrZp,0.14285714285714285,6,6,CCGTAGGAGCCCTCTAGTTG,0,419082
acrZp,0.14285714285714285,6,6,CCGGGTCACGTAGGAGTACG,0,409961
acrZp,0.14285714285714285,6,6,CCGGGGGATAGTCATGCACA,0,417248
acrZp,0.14285714285714285,6,6,CCGGGCGCTAAGATTAACAT,0,411474
acrZp,0.14285714285714285,6,6,CCGGGAAACGCAGTTAAAAA,0,455402
acrZp,0.14285714285714285,6,6,CCGGCAGATGATTTCCGCAG,0,417246
acrZp,0.14285714285714285,6,6,CCGGAAATAGGGCCAAAGGG,0,446792
acrZp,0.14285714285714285,6,6,CCGCTTTTAGACACTACTCA,0,413113
acrZp,0.14285714285714285,6,6,CCGCACGATCAAGAGAACAA,0,460057
acrZp,0.14285714285714285,6,6,CCGCAAGTGAGCGACGCGTG,0,458683
acrZp,0.14285714285714285,6,6,CCGACGTGAAGTAAGGTGCA,0,444670
acrZp,0.14285714285714285,6,6,CCGACCATTGCAATTACTGC,0,437305
acrZp,0.14285714285714285,6,6,CCCTTGCTATTTCAGTTCTT,0,418735
acrZp,0.14285714285714285,6,6,CCCTGGATCGATATGGGGGT,0,438394
acrZp,0.14285714285714285,6,6,CCCGGCCTTCCACCCACGTA,0,451039
acrZp,0.14285714285714285,6,6,CCCAGGCTAGACGGACAAAG,0,457908
acrZp,0.14285714285714285,6,6,CCCACCAGGGGTCGCCCCTG,0,420784
acrZp,0.14285714285714285,6,6,CCCACCAAGTTCAGTTCCAA,0,414323
acrZp,0.14285714285714285,6,6,CCCAATTCATCTGGCTGCTG,0,453592
acrZp,0.14285714285714285,6,6,CCCAACGTTCTCCTCATCAA,0,428142
acrZp,0.14285714285714285,6,6,CCATCGGAAGTTCTAGATAC,0,449446
acrZp,0.14285714285714285,6,6,CCAGACCGGATGAATGTCTT,0,437685
acrZp,0.14285714285714285,6,6,CCAGACACAGGCGCAGGGTG,0,437129
acrZp,0.14285714285714285,6,6,CCACTGGTGAATCAGTTCCT,0,450396
acrZp,0.14285714285714285,6,6,CCACCTATCACCGGACAAGA,0,464819
acrZp,0.14285714285714285,6,6,CCACCCTGAAGCTAGTAATA,0,434542
acrZp,0.14285714285714285,6,6,CCACAGGTGCTGGACGTGTT,0,443953
acrZp,0.14285714285714285,6,6,CCAAGTCACAAAAGGCTTTA,0,466506
acrZp,0.14285714285714285,6,6,CCAAGGGGCGGCGCCTACTC,0,443987
acrZp,0.14285714285714285,6,6,CCAAACGCTTGAGCTATAGT,0,449923
acrZp,0.14285714285714285,6,6,CCAAAATCACGGAGTACTTA,0,441507
acrZp,0.14285714285714285,6,6,CATTGTCCTCCACTCCAACT,0,446058
acrZp,0.14285714285714285,6,6,CATGCGTATAACAACTCATG,0,445443
acrZp,0.14285714285714285,6,6,CATGCGTAGAGTGGTGCACG,0,414612
acrZp,0.14285714285714285,6,6,CATGAGATCAGAGAAATAGT,0,456443
acrZp,0.14285714285714285,6,6,CATGAGACGCATCATAGGAT,0,459514
acrZp,0.14285714285714285,6,6,CATCTGTTAAATTTATCCGG,0,443047
acrZp,0.14285714285714285,6,6,CATCTGGCCAAACGGCCTTC,0,459256
acrZp,0.14285714285714285,6,6,CATCAGTTGACGTTACAGGA,0,455825
acrZp,0.14285714285714285,6,6,CATATACAGCAAGAAGGTAC,0,445649
acrZp,0.14285714285714285,6,6,CATAGATACGGGCCGGCTGT,0,428961
acrZp,0.14285714285714285,6,6,CAGTTATTCGTCTGTTGGCC,0,410896
acrZp,0.14285714285714285,6,6,CAGTTAGCGTGCTCTAGATG,0,431478
acrZp,0.14285714285714285,6,6,CAGTACGGCCGATTTGTGTG,0,410795
acrZp,0.14285714285714285,6,6,CAGGTATATAAGCTCTAAAG,0,436733
acrZp,0.14285714285714285,6,6,CAGGCTCTATGCAGCAAATT,0,425591
acrZp,0.14285714285714285,6,6,CAGGAAAAAGTACCGGGTAG,0,464494
acrZp,0.14285714285714285,6,6,CAGCATACTCGCATTTTTCT,0,425174
acrZp,0.14285714285714285,6,6,CAGCAATCGCTAGCCTGTCA,0,462052
acrZp,0.14285714285714285,6,6,CAGATCACTATCTTTAAACC,0,439582
acrZp,0.14285714285714285,6,6,CAGAGCACACGAATGTCGTG,0,418196
acrZp,0.14285714285714285,6,6,CAGAAGGCGGCCCGGCCAAT,0,466389
acrZp,0.14285714285714285,6,6,CACTCGGACCGAAATGGTTG,0,452973
acrZp,0.14285714285714285,6,6,CACTATATACGACTATCGTT,0,427020
acrZp,0.14285714285714285,6,6,CACGGGCCGATGCCCCGTGT,0,456522
acrZp,0.14285714285714285,6,6,CACGCATCGGCATACGCGCA,0,462841
acrZp,0.14285714285714285,6,6,CACGACGGACTGACCCCAGA,0,427077
acrZp,0.14285714285714285,6,6,CACCGTCCCGAGCCCGATAT,0,462707
acrZp,0.14285714285714285,6,6,CACCGTCATAAAGAGTGGTG,0,414496
acrZp,0.14285714285714285,6,6,CACCGCAAAGACAAACTAAT,0,434245
acrZp,0.14285714285714285,6,6,CACATTACCAAGAACTTAGA,0,421236
acrZp,0.14285714285714285,6,6,CACAGTAGACCTCCCCGGTC,0,417783
acrZp,0.14285714285714285,6,6,CACAGATCGTCTTGACCTAA,0,445635
acrZp,0.14285714285714285,6,6,CACAGAATGCCTCTAGTCCC,0,415675
acrZp,0.14285714285714285,6,6,CAATGCTCGTACTCGGAATG,0,444459
acrZp,0.14285714285714285,6,6,CAATCATCGGCAAACCATAC,0,429302
acrZp,0.14285714285714285,6,6,CAATAACGTTTACCCATAGC,0,448024
acrZp,0.14285714285714285,6,6,CAAGTCCGAGGTGCATTGCT,0,419213
acrZp,0.14285714285714285,6,6,CAAGGGACACTACACGGCAA,0,409497
acrZp,0.14285714285714285,6,6,CAAGGCACTCCTTGGACCCC,0,450480
acrZp,0.14285714285714285,6,6,CAAGCAGTCTGGCCCTATAT,0,466236
acrZp,0.14285714285714285,6,6,CAAGACAAGAAGGCCCGTGT,0,451143
acrZp,0.14285714285714285,6,6,CAACCCCGAGAAAAGGGGGT,0,449384
acrZp,0.14285714285714285,6,6,CAAATTAACGTAAGAGCGCA,0,411175
acrZp,0.14285714285714285,6,6,CAAACCGGGTTTGAGCCGTT,0,454029
acrZp,0.14285714285714285,6,6,ATTTCATGATGGCGAGTTGT,0,413352
acrZp,0.14285714285714285,6,6,ATTGCGATGAAGATCTGTGG,0,466452
acrZp,0.14285714285714285,6,6,ATTCTTTGCTGTCGTCTTTC,0,451800
acrZp,0.14285714285714285,6,6,ATTCGAGTTGACCCCGGCTA,0,447002
acrZp,0.14285714285714285,6,6,ATTCCAGGGCGCCGCCAGCC,0,462456
acrZp,0.14285714285714285,6,6,ATTCCAACCGTTCGATGGAA,0,424865
acrZp,0.14285714285714285,6,6,ATTCACCCAGTCTTGGCTTA,0,440500
acrZp,0.14285714285714285,6,6,ATTATGGGTACCAGTGGGAC,0,414524
acrZp,0.14285714285714285,6,6,ATTATCCGGGTACACTCTTG,0,418715
acrZp,0.14285714285714285,6,6,ATTAGTGTTGCTGTATATCA,0,446744
acrZp,0.14285714285714285,6,6,ATTAGCAAACCGGCTTAATT,0,412469
acrZp,0.14285714285714285,6,6,ATTAGATAAGGAAAGGACAA,0,467745
acrZp,0.14285714285714285,6,6,ATTACATACTCTCGTTAAAA,0,459562
acrZp,0.14285714285714285,6,6,ATGTTGTTACTATCGATGGT,0,410905
acrZp,0.14285714285714285,6,6,ATGTCGGCACTATTTGTAAC,0,423029
acrZp,0.14285714285714285,6,6,ATGTATCCTTATGGGTATAA,0,426299
acrZp,0.14285714285714285,6,6,ATGTAATACAGGATGGACAG,0,430605
acrZp,0.14285714285714285,6,6,ATGTAAATGATCCTCTGATC,0,439267
acrZp,0.14285714285714285,6,6,ATGGGTCCCTTGCGTAAGGT,0,422001
acrZp,0.14285714285714285,6,6,ATGCGTAGCAAGGTTGCAGA,0,427527
acrZp,0.14285714285714285,6,6,ATGCATCACGGTTGACAACG,0,459989
acrZp,0.14285714285714285,6,6,ATGATGTATAGATGAGCCCA,0,414453
acrZp,0.14285714285714285,6,6,ATGATCGCCCCTTGACTGAT,0,414540
acrZp,0.14285714285714285,6,6,ATGAGGAATCTGTAACACGG,0,437486
acrZp,0.14285714285714285,6,6,ATGACATAATCGACCAAGAC,0,425414
acrZp,0.14285714285714285,6,6,ATGACATAAGGGTACGCGCA,0,414732
acrZp,0.14285714285714285,6,6,ATCTTCTACGCAGGACGCAA,0,444012
acrZp,0.14285714285714285,6,6,ATCTTCCTTGTCCTCAGCTG,0,439700
acrZp,0.14285714285714285,6,6,ATCTGAATGTAAGCGGGCAG,0,425767
acrZp,0.14285714285714285,6,6,ATCTATCGCTACCGGTAGTT,0,428240
acrZp,0.14285714285714285,6,6,ATCTACGATTTTTGTTTTGA,0,424274
acrZp,0.14285714285714285,6,6,ATCTAAACTCTTATGTTCCG,0,443044
acrZp,0.14285714285714285,6,6,ATCGCTAATCATTGAGGCCA,0,413662
acrZp,0.14285714285714285,6,6,ATCCTGCGCCGGACAGTTGA,0,409548
acrZp,0.14285714285714285,6,6,ATCCATCAGATTAGGGTCGG,0,448530
acrZp,0.14285714285714285,6,6,ATCCAATACAATGCACCCTA,0,433282
acrZp,0.14285714285714285,6,6,ATCATAATGGACACCGACGA,0,454058
acrZp,0.14285714285714285,6,6,ATATGGACTGCCGCGATACT,0,451106
acrZp,0.14285714285714285,6,6,ATATGGAAGGTGATACTAGT,0,437894
acrZp,0.14285714285714285,6,6,ATAGTCTCCCCACATATAAA,0,459134
acrZp,0.14285714285714285,6,6,ATAGTACGTGCACATTCTCC,0,416359
acrZp,0.14285714285714285,6,6,ATAGGGGTTTATTGTGAACA,0,448250
acrZp,0.14285714285714285,6,6,ATAGAGCGAAGTCCCCGAGG,0,466833
acrZp,0.14285714285714285,6,6,ATACTCTCAGTCATGCCTAA,0,422461
acrZp,0.14285714285714285,6,6,ATACAGCGGTGATTACACAA,0,432913
acrZp,0.14285714285714285,6,6,ATAATCCGTATTGCGGGTTA,0,465973
acrZp,0.14285714285714285,6,6,ATAAGTTCGTTACGCTTCGC,0,455636
acrZp,0.14285714285714285,6,6,ATAAGTGGCCAGGATGGTCG,0,410971
acrZp,0.14285714285714285,6,6,ATAAGCTCAAACAGGAAATA,0,412453
acrZp,0.14285714285714285,6,6,ATAACTCTGTAAGGTAAGCC,0,418718
acrZp,0.14285714285714285,6,6,ATAAAGGGACGAGACTGAGA,0,428838
acrZp,0.14285714285714285,6,6,AGTTCCCTCATCAGTCTCAG,0,461598
acrZp,0.14285714285714285,6,6,AGTTCAACCAGGGCCGAGGA,0,428272
acrZp,0.14285714285714285,6,6,AGTTACAGTCCTCCCCCTAT,0,445172
acrZp,0.14285714285714285,6,6,AGTGTCTTGACGCGGCGCCG,0,460221
acrZp,0.14285714285714285,6,6,AGTGTCAGTGCAAAAGCGTG,0,411438
acrZp,0.14285714285714285,6,6,AGTGGGCGAGGAGATAGTAT,0,419886
acrZp,0.14285714285714285,6,6,AGTGCTTCGGAGCTCCGGGT,0,439403
acrZp,0.14285714285714285,6,6,AGTGCCGAAGCGAGAGGCGA,0,412203
acrZp,0.14285714285714285,6,6,AGTGAGATTCTCGCGCAGTG,0,466934
acrZp,0.14285714285714285,6,6,AGTCAGGGTAAGCCTGAGGT,0,422316
acrZp,0.14285714285714285,6,6,AGTAGGTATAAGGAGGACGT,0,454310
acrZp,0.14285714285714285,6,6,AGTAGAAGATTCGGGTTAAA,0,456359
acrZp,0.14285714285714285,6,6,AGTACACGGTTACCCTGCAT,0,459322
acrZp,0.14285714285714285,6,6,AGTAAATTACCCCGTGCGAT,0,426585
acrZp,0.14285714285714285,6,6,AGGTGTGTTGCGGCGGTCTT,0,420188
acrZp,0.14285714285714285,6,6,AGGTGATCCTGGGTCGTTGA,0,424078
acrZp,0.14285714285714285,6,6,AGGTCTGCATAGAAGGGATA,0,424120
acrZp,0.14285714285714285,6,6,AGGTACTCCCTAAACGTTGT,0,409214
acrZp,0.14285714285714285,6,6,AGGTACCAGTTAGTCTGTTC,0,443045
acrZp,0.14285714285714285,6,6,AGGGTATGATCGAGATGGAG,0,412313
acrZp,0.14285714285714285,6,6,AGGGAGCACGCTGAGTGAGG,0,448117
acrZp,0.14285714285714285,6,6,AGGGACGCACAGTATCGCTA,0,461891
acrZp,0.14285714285714285,6,6,AGGCTTATTCTGGAAGTTGG,0,420397
acrZp,0.14285714285714285,6,6,AGGCTAGTGCGACTGGAATG,0,455846
acrZp,0.14285714285714285,6,6,AGGCATGTGAGCTGTTACCC,0,462183
acrZp,0.14285714285714285,6,6,AGCTTAACCGTAGACAGCCT,0,416113
acrZp,0.14285714285714285,6,6,AGCGTGTCTAAAAACAGACA,0,464900
acrZp,0.14285714285714285,6,6,AGCGGAGGAAGGCGAATGTA,0,447512
acrZp,0.14285714285714285,6,6,AGCCGGTGCATATGCTGGGG,0,437188
acrZp,0.14285714285714285,6,6,AGCCCTTAGGGGTGGCCACT,0,464446
acrZp,0.14285714285714285,6,6,AGCCCCCAGTGTTAAGTGTT,0,412063
acrZp,0.14285714285714285,6,6,AGCCAGCTCCAGGATCCTGA,0,448329
acrZp,0.14285714285714285,6,6,AGCCACAATATGGTAATCCT,0,441129
acrZp,0.14285714285714285,6,6,AGCATGAGTGGACCCTGCCA,0,452567
acrZp,0.14285714285714285,6,6,AGCATCCAAAGATTGGTTCC,0,440711
acrZp,0.14285714285714285,6,6,AGCAACAGCCTGCACGCAGA,0,439096
acrZp,0.14285714285714285,6,6,AGATTGAACGGCGTAGTTAG,0,422738
acrZp,0.14285714285714285,6,6,AGATTCGGGGACTTCCGGAC,0,423018
acrZp,0.14285714285714285,6,6,AGATTAAAGGGGATCCGGCG,0,423011
acrZp,0.14285714285714285,6,6,AGATGACTGCGGATAACCTA,0,416722
acrZp,0.14285714285714285,6,6,AGATCTGCTTCACCTGCGCC,0,438976
acrZp,0.14285714285714285,6,6,AGATCTCCCGGCGCTGTGGG,0,463060
acrZp,0.14285714285714285,6,6,AGATCCCCCAACGTGCTTAA,0,427015
acrZp,0.14285714285714285,6,6,AGAGTACTCATTAACACCGC,0,411646
acrZp,0.14285714285714285,6,6,AGAGGGTTCCACGTTTGGGA,0,427062
acrZp,0.14285714285714285,6,6,AGAGGGTTCAGTCAAGGGCG,0,442580
acrZp,0.14285714285714285,6,6,AGAGGAACGTTCTTTGTACT,0,418251
acrZp,0.14285714285714285,6,6,AGAGACGCGTGGCATCAGGC,0,448521
acrZp,0.14285714285714285,6,6,AGACGGAGCTCACTATTTCG,0,467205
acrZp,0.14285714285714285,6,6,AGAACGGTATACGTGGGTTG,0,453135
acrZp,0.14285714285714285,6,6,ACTTAACAGTATGACAATGA,0,440802
acrZp,0.14285714285714285,6,6,ACTGAGGCACCGAAGGGCGG,0,422074
acrZp,0.14285714285714285,6,6,ACTCTAATGGGTATTCTCCT,0,430735
acrZp,0.14285714285714285,6,6,ACTATGTGCCATCAGGAGGC,0,423787
acrZp,0.14285714285714285,6,6,ACTATCGGTCCAACAATGCA,0,454808
acrZp,0.14285714285714285,6,6,ACTACACGCGGTAAATCATC,0,450433
acrZp,0.14285714285714285,6,6,ACGTCTCACAGGAATGTATC,0,422918
acrZp,0.14285714285714285,6,6,ACGTCAGTGTGTCAAGACTG,0,453989
acrZp,0.14285714285714285,6,6,ACGTAAGCCCGAATCTCACA,0,442183
acrZp,0.14285714285714285,6,6,ACGGGCGGTTCTGTCAATGT,0,450734
acrZp,0.14285714285714285,6,6,ACGGCAACGTGTCTGATTGC,0,416837
acrZp,0.14285714285714285,6,6,ACGCGGACAATCATGAACTC,0,433207
acrZp,0.14285714285714285,6,6,ACGCCCCGAAAGAATCTTCA,0,463105
acrZp,0.14285714285714285,6,6,ACGCCAAGGTATGGTACTAC,0,415748
acrZp,0.14285714285714285,6,6,ACGATGTGCAACTGGATTTC,0,442808
acrZp,0.14285714285714285,6,6,ACCTATCGGACAATTTTCGG,0,461913
acrZp,0.14285714285714285,6,6,ACCGTCTTGGTATAAGTTTT,0,454800
acrZp,0.14285714285714285,6,6,ACCGCCATTGAATGGTAAGG,0,431207
acrZp,0.14285714285714285,6,6,ACCGAGGTGGATCAACACTG,0,446218
acrZp,0.14285714285714285,6,6,ACCGACAGCCGATCGGCCTG,0,462322
acrZp,0.14285714285714285,6,6,ACCCGTTATCAGTTCGAACT,0,410684
acrZp,0.14285714285714285,6,6,ACCCGGTAAGGCTGGCTTGA,0,410962
acrZp,0.14285714285714285,6,6,ACCCATAATAAACCTTTAAG,0,462501
acrZp,0.14285714285714285,6,6,ACCCACACTTTCCTTGACAA,0,459222
acrZp,0.14285714285714285,6,6,ACCATGTAATCGCAAAAGCA,0,450681
acrZp,0.14285714285714285,6,6,ACCACTGATACCATCACAAT,0,429990
acrZp,0.14285714285714285,6,6,ACATTTCGGCTATGGCTCGT,0,428095
acrZp,0.14285714285714285,6,6,ACATCTAGTGAGGCCATATG,0,423944
acrZp,0.14285714285714285,6,6,ACATCAAGGGCCATCTTGTC,0,432678
acrZp,0.14285714285714285,6,6,ACAGGAAAGTTTCGATGAGG,0,440161
acrZp,0.14285714285714285,6,6,ACAGCCGGTAGCCGGTTACA,0,454906
acrZp,0.14285714285714285,6,6,ACAGAGATGAAACTCTGCCG,0,440929
acrZp,0.14285714285714285,6,6,ACACGATGGAAACGTGGGAA,0,424205
acrZp,0.14285714285714285,6,6,ACAATTCAAACTGGCTCATG,0,417993
acrZp,0.14285714285714285,6,6,ACAACTAAAAAGCTACGAAG,0,418268
acrZp,0.14285714285714285,6,6,AATTTACCAAAGTAGTCAAG,0,424965
acrZp,0.14285714285714285,6,6,AATTGTTAGATGTAACTAGG,0,413457
acrZp,0.14285714285714285,6,6,AATCTAGTTAGGTGGAGACG,0,437157
acrZp,0.14285714285714285,6,6,AATCCTGCTGTGGACGCACT,0,445805
acrZp,0.14285714285714285,6,6,AATCACGCCGGCACTGATTC,0,434011
acrZp,0.14285714285714285,6,6,AATCAAGGTGACTAATTATA,0,411073
acrZp,0.14285714285714285,6,6,AAGTATGGACACACAATCTC,0,419248
acrZp,0.14285714285714285,6,6,AAGGTTGCGCGCCAGACCAC,0,413500
acrZp,0.14285714285714285,6,6,AAGGACTGTCCTTAGCACAC,0,437706
acrZp,0.14285714285714285,6,6,AAGGAACGACTTCAGAAGGT,0,445191
acrZp,0.14285714285714285,6,6,AAGCTTAGATCCTGTTGGTC,0,446544
acrZp,0.14285714285714285,6,6,AAGCGTTTCTCTGCACGGTC,0,410207
acrZp,0.14285714285714285,6,6,AAGCATATTTACGGCCTCGT,0,421516
acrZp,0.14285714285714285,6,6,AAGACTCTGGTTTAGTCGTT,0,427280
acrZp,0.14285714285714285,6,6,AAGACGACGTGATATATTTA,0,457260
acrZp,0.14285714285714285,6,6,AACTCTATGGAAAGCGCGGC,0,455851
acrZp,0.14285714285714285,6,6,AACTCCCTTGTCTGCCCCTC,0,410458
acrZp,0.14285714285714285,6,6,AACGTAAAATCAATCGAAAG,0,463433
acrZp,0.14285714285714285,6,6,AACGAATCGTGATTTGAAAT,0,421395
acrZp,0.14285714285714285,6,6,AACCGGCAGTCTTGCCCCTC,0,450001
acrZp,0.14285714285714285,6,6,AACAGCTGTGCTCATGTCCT,0,462143
acrZp,0.14285714285714285,6,6,AACACTGTAGACCGCTATTC,0,418152
acrZp,0.14285714285714285,6,6,AACAACTCGACTAGGTGCGA,0,442069
acrZp,0.14285714285714285,6,6,AAATTTCAAAGCAAGAGTCT,0,449576
acrZp,0.14285714285714285,6,6,AAATTGGCCTGGGTCATATC,0,413422
acrZp,0.14285714285714285,6,6,AAAGTGCTGAACCTCGGCAG,0,419251
acrZp,0.14285714285714285,6,6,AAAGCGGCCTCGTCCAGGTT,0,453590
acrZp,0.14285714285714285,6,6,AAAGCCTACTCAAGGAAATG,0,446840
acrZp,0.14285714285714285,6,6,AAAGATCTCTGCCATCGGAG,0,420620
acrZp,0.14285714285714285,6,6,AAACGGCATTGGAGGAATAA,0,410237
acrZp,0.14285714285714285,6,6,AAACGCAACTGTCTGCAAAT,0,448114
acrZp,0.14285714285714285,6,6,AAAATGGTAATGTTGCAATC,0,463825
acrZp,0.16666666666666666,5,5,TTTTTGAGGGGCACATCGAC,0,419279
acrZp,0.16666666666666666,5,5,TTTTTCCGGGTTACGATTTA,0,418647
acrZp,0.16666666666666666,5,5,TTTTGTATGAAGTTTGTCTG,0,459791
acrZp,0.16666666666666666,5,5,TTTTGGTATGGATCGTACTA,0,449959
acrZp,0.16666666666666666,5,5,TTTTGGCTTAAGCGGCTAAT,0,461092
acrZp,0.16666666666666666,5,5,TTTTGAATAAATGAAATCAA,0,430142
acrZp,0.16666666666666666,5,5,TTTGTGAACTATTTCCCATT,0,446456
acrZp,0.16666666666666666,5,5,TTTGTATGCCCTAGTGGGAG,0,440084
acrZp,0.16666666666666666,5,5,TTTGAAACTCTATGCGGCCT,0,424534
acrZp,0.16666666666666666,5,5,TTTCGTCAAGTGTCGCGAGT,0,423272
acrZp,0.16666666666666666,5,5,TTTCCTTAAATGGCAAAGAT,0,440705
acrZp,0.16666666666666666,5,5,TTTCAATAATGTTAGGAATC,0,431319
acrZp,0.16666666666666666,5,5,TTTAAGACTGCTCTCGTTCC,0,427798
acrZp,0.16666666666666666,5,5,TTGTTGAAGATCACGGGGGT,0,412191
acrZp,0.16666666666666666,5,5,TTGTTAAGTGTGCATCTGTG,0,413719
acrZp,0.16666666666666666,5,5,TTGTCTCATGCGCGAGATTC,0,409147
acrZp,0.16666666666666666,5,5,TTGTCAGAGCGGACTACTTA,0,408856
acrZp,0.16666666666666666,5,5,TTGTATACTAAAGTAAGCGC,0,459918
acrZp,0.16666666666666666,5,5,TTGGTTTAACGTATGGGATT,0,448289
acrZp,0.16666666666666666,5,5,TTGGGTACTAAGTTGTAGCG,0,437694
acrZp,0.16666666666666666,5,5,TTGGGAACCTCTTTACAATA,0,432673
acrZp,0.16666666666666666,5,5,TTGGCCGAAATAACAACTGG,0,414526
acrZp,0.16666666666666666,5,5,TTGCTACACCAGCGCAAATC,0,459542
acrZp,0.16666666666666666,5,5,TTGCCTGGTTCGTACCAGCA,0,449803
acrZp,0.16666666666666666,5,5,TTGCATGGTTGAATCGTGGT,0,454701
acrZp,0.16666666666666666,5,5,TTGCACGAAGTTATAATCAA,0,450453
acrZp,0.16666666666666666,5,5,TTGCACCCTGTGTAGCAACC,0,408594
acrZp,0.16666666666666666,5,5,TTGAGACCTATACGCTTCAA,0,416810
acrZp,0.16666666666666666,5,5,TTGACCGTGGTGTGAAGAGG,0,425241
acrZp,0.16666666666666666,5,5,TTGAATGCGATTTGGTAGAG,0,451124
acrZp,0.16666666666666666,5,5,TTCTTAGACGCAATAATTTT,0,412175
acrZp,0.16666666666666666,5,5,TTCTGAATTACGCTTCTACA,0,419618
acrZp,0.16666666666666666,5,5,TTCTAGAGCCCCTGCTCCGT,0,425546
acrZp,0.16666666666666666,5,5,TTCTAGAAGCAATGTCATTA,0,466086
acrZp,0.16666666666666666,5,5,TTCGCTTCCTTATGGTCAAG,0,409801
acrZp,0.16666666666666666,5,5,TTCGCCATGATGCCTTAAAC,0,444391
acrZp,0.16666666666666666,5,5,TTCGAGGGCTCTACCCTTCT,0,455193
acrZp,0.16666666666666666,5,5,TTCCTACATCGGGCAAAAAG,0,419845
acrZp,0.16666666666666666,5,5,TTCCTACAGTCTTATTGGAG,0,427758
acrZp,0.16666666666666666,5,5,TTCCGGGCTGCTTGACAGGT,0,415911
acrZp,0.16666666666666666,5,5,TTCCGCCACGGGTGGAAATG,0,442967
acrZp,0.16666666666666666,5,5,TTCCGCATCCGGGACTTAAG,0,445226
acrZp,0.16666666666666666,5,5,TTCCGAGGGGACACACGGGA,0,427836
acrZp,0.16666666666666666,5,5,TTCATGCATCACTTTACATT,0,430000
acrZp,0.16666666666666666,5,5,TTCATCGTAACAAGGGAAAT,0,462996
acrZp,0.16666666666666666,5,5,TTCAGGACTACATACGGACC,0,433378
acrZp,0.16666666666666666,5,5,TTCACTCTTCTTTAGGACTT,0,419906
acrZp,0.16666666666666666,5,5,TTCACCAACGGACCGAACTC,0,410456
acrZp,0.16666666666666666,5,5,TTCAATCCTGTGAGTCCGTG,0,414283
acrZp,0.16666666666666666,5,5,TTAGTCGCTATACGCCGGCC,0,417239
acrZp,0.16666666666666666,5,5,TTAGTACCCGTAGATCGAGT,0,418236
acrZp,0.16666666666666666,5,5,TTAGGGAAAGTGTGGGTGGT,0,438444
acrZp,0.16666666666666666,5,5,TTAGGCTGGTGCGGACAACA,0,421477
acrZp,0.16666666666666666,5,5,TTAGGAAAATTATATCTCGT,0,433462
acrZp,0.16666666666666666,5,5,TTAGCTACCGGAAGCCGTGC,0,436385
acrZp,0.16666666666666666,5,5,TTAGCAACGCCATCACGGGG,0,433209
acrZp,0.16666666666666666,5,5,TTACTCGGTTTCGGGGTGAT,0,441045
acrZp,0.16666666666666666,5,5,TTACCGACGTGGGAAAGCGT,0,448090
acrZp,0.16666666666666666,5,5,TTACAGATACGGTACGGAAT,0,444262
acrZp,0.16666666666666666,5,5,TTAATGATCTGGGTACCGTG,0,453360
acrZp,0.16666666666666666,5,5,TGTTCTGGTCGCCCCCCCAT,0,440194
acrZp,0.16666666666666666,5,5,TGTTAAACCAGGACCGTTGG,0,419326
acrZp,0.16666666666666666,5,5,TGTGGAGCAGAATGCTTCGG,0,421279
acrZp,0.16666666666666666,5,5,TGTCCGAATGATTAGAGAGA,0,423094
acrZp,0.16666666666666666,5,5,TGTATCTATAAATCCATGAT,0,425442
acrZp,0.16666666666666666,5,5,TGTACCAGACGTTCCTTGAT,0,436945
acrZp,0.16666666666666666,5,5,TGTAAATAATAGGAGACGAA,0,429194
acrZp,0.16666666666666666,5,5,TGGTGTCAAGAATCACCGGG,0,432916
acrZp,0.16666666666666666,5,5,TGGTCATGTTGGCAAGACCC,0,414168
acrZp,0.16666666666666666,5,5,TGGGTTCGGCCAGCGTGAGT,0,420443
acrZp,0.16666666666666666,5,5,TGGGTCGAGAGATGGTGGTC,0,441456
acrZp,0.16666666666666666,5,5,TGGGGTCTTCCGCAATAAGC,0,454798
acrZp,0.16666666666666666,5,5,TGGGCATCGCAAGTAGGTTA,0,438672
acrZp,0.16666666666666666,5,5,TGGCTTGTTACAAGACAATG,0,413076
acrZp,0.16666666666666666,5,5,TGGCGCGGATGCCTCATTTC,0,446917
acrZp,0.16666666666666666,5,5,TGGCCTAAGATATGTCGGAA,0,448799
acrZp,0.16666666666666666,5,5,TGGATGTTTCATTATATTCG,0,449481
acrZp,0.16666666666666666,5,5,TGCTTGCATCCCGCTATTTA,0,424000
acrZp,0.16666666666666666,5,5,TGCTGTATGTTAAAGGGGAC,0,413379
acrZp,0.16666666666666666,5,5,TGCTGGCTATCAAAACAGAT,0,430324
acrZp,0.16666666666666666,5,5,TGCTGGCCCAGACCTACTAG,0,414319
acrZp,0.16666666666666666,5,5,TGCGGGTCGAGTACGCGCAT,0,432450
acrZp,0.16666666666666666,5,5,TGCGCCGCCCGTGTAAAAAG,0,424727
acrZp,0.16666666666666666,5,5,TGCGACCCACCTCTTCCCCG,0,460017
acrZp,0.16666666666666666,5,5,TGCCGTGGTTACCTGGGGAG,0,434298
acrZp,0.16666666666666666,5,5,TGCCCCGTGATTTCCCACAG,0,425372
acrZp,0.16666666666666666,5,5,TGCCCACTAGGGTAGGCGAA,0,431291
acrZp,0.16666666666666666,5,5,TGCAGACTCCTCGTCCGCTG,0,428273
acrZp,0.16666666666666666,5,5,TGATCTATTGTAACGATTCT,0,438935
acrZp,0.16666666666666666,5,5,TGAGTGCAAAGGTATTTTTA,0,444273
acrZp,0.16666666666666666,5,5,TGACATGCTGCCAGCTTGAT,0,434004
acrZp,0.16666666666666666,5,5,TGAATAAGACGTAATGCTGT,0,453105
acrZp,0.16666666666666666,5,5,TGAAGTTTGGGCCTGGGGGC,0,455788
acrZp,0.16666666666666666,5,5,TGAAGGATTGCACGAGCGTA,0,431645
acrZp,0.16666666666666666,5,5,TGAACTGATCGTGCGAGGCC,0,445346
acrZp,0.16666666666666666,5,5,TCTTTGTTAGTGGGTGCATT,0,453723
acrZp,0.16666666666666666,5,5,TCTTTGGTAGACACTACGTG,0,462283
acrZp,0.16666666666666666,5,5,TCTGTTGGCCTGGAAAGCCC,0,409526
acrZp,0.16666666666666666,5,5,TCTGTGGCAGTGGGAGCCAT,0,464101
acrZp,0.16666666666666666,5,5,TCTGGGTCCAGTCCAGGAGC,0,423323
acrZp,0.16666666666666666,5,5,TCTGGATTCGACTAGCCCTC,0,442687
acrZp,0.16666666666666666,5,5,TCTGCAGAACCTTTTAGAAT,0,454849
acrZp,0.16666666666666666,5,5,TCTGCACCGGCTTACCGTCG,0,433755
acrZp,0.16666666666666666,5,5,TCTCTGCAAGTGGGCACAGC,0,439935
acrZp,0.16666666666666666,5,5,TCTCGGTGTCACAGGTCAGA,0,419465
acrZp,0.16666666666666666,5,5,TCTCCCTGCGGAAGTGTTAG,0,440672
acrZp,0.16666666666666666,5,5,TCTATTGGGGTTCGAAAAGT,0,461964
acrZp,0.16666666666666666,5,5,TCTAGTTCGGGGGGGAAGCA,0,427893
acrZp,0.16666666666666666,5,5,TCTACTCGGCGACAATTTTA,0,426459
acrZp,0.16666666666666666,5,5,TCGTGTCGGTGCCTGAACCT,0,414620
acrZp,0.16666666666666666,5,5,TCGTGAACATCGGGGGAAGA,0,412281
acrZp,0.16666666666666666,5,5,TCGTATAACCTTCCACTGCT,0,457312
acrZp,0.16666666666666666,5,5,TCGTACTTCAATTAGGGATT,0,461680
acrZp,0.16666666666666666,5,5,TCGGTCACTGGGAGGTGCGG,0,461768
acrZp,0.16666666666666666,5,5,TCGGGCTCTCGGAAACAGAT,0,436503
acrZp,0.16666666666666666,5,5,TCGGGCATCTTCCTGGCTTT,0,466113
acrZp,0.16666666666666666,5,5,TCGGATGGGGGTCCTTGAAT,0,459100
acrZp,0.16666666666666666,5,5,TCGCGACCATGGGGTTGATC,0,433343
acrZp,0.16666666666666666,5,5,TCGATCAGGGGAGGCGATTA,0,443303
acrZp,0.16666666666666666,5,5,TCGATCAAACGAAGATTCTC,0,417396
acrZp,0.16666666666666666,5,5,TCGATAAAGGTTAGCACTGG,0,455604
acrZp,0.16666666666666666,5,5,TCGAGGGTTCCGTGCTCGTA,0,414374
acrZp,0.16666666666666666,5,5,TCGACTAAAAGCTCAACGGT,0,417376
acrZp,0.16666666666666666,5,5,TCGAAGAATGCACGCGCCTC,0,435778
acrZp,0.16666666666666666,5,5,TCGAAATAGAATTCGGTTCG,0,424794
acrZp,0.16666666666666666,5,5,TCGAAACTGGGTAAACGGGA,0,457434
acrZp,0.16666666666666666,5,5,TCCTTTATGTATTATTGAGG,0,447771
acrZp,0.16666666666666666,5,5,TCCTCCATTTACCCATCAGA,0,416271
acrZp,0.16666666666666666,5,5,TCCGCTGGGCGGGCCGTTAG,0,460511
acrZp,0.16666666666666666,5,5,TCCGCGATTAATGAACTCCA,0,463648
acrZp,0.16666666666666666,5,5,TCCGCCTCAATGGCTGCGCA,0,444023
acrZp,0.16666666666666666,5,5,TCCGAGCTCGTGGAATGTGA,0,418147
acrZp,0.16666666666666666,5,5,TCCGACGGCTTTAACAAAGA,0,460964
acrZp,0.16666666666666666,5,5,TCCCCCGACTGTAAGTCAAC,0,448863
acrZp,0.16666666666666666,5,5,TCCCAGGAGCAGGCAGGCAT,0,463968
acrZp,0.16666666666666666,5,5,TCCATTGTACCCTTCAATGC,0,457296
acrZp,0.16666666666666666,5,5,TCATGAATGTGGTCTAAGTG,0,433620
acrZp,0.16666666666666666,5,5,TCATAGCCTTGAACTAGCTC,0,419428
acrZp,0.16666666666666666,5,5,TCATAGAGAAACCTGAAGTC,0,436772
acrZp,0.16666666666666666,5,5,TCATACACATATAATCGTAC,0,450248
acrZp,0.16666666666666666,5,5,TCATAAGTAAATACGGTCCT,0,459550
acrZp,0.16666666666666666,5,5,TCAGGTCTCGTCTCGCTAGA,0,425088
acrZp,0.16666666666666666,5,5,TCAGGGACCACGGCATACAA,0,414010
acrZp,0.16666666666666666,5,5,TCAGCTTTATGCCATCGTAA,0,409520
acrZp,0.16666666666666666,5,5,TCAGCTTCTTAGTGTCGCAG,0,423652
acrZp,0.16666666666666666,5,5,TCAGATTACCCTATTAGGGG,0,409623
acrZp,0.16666666666666666,5,5,TCACGCTCCGTAATCCCCCA,0,419178
acrZp,0.16666666666666666,5,5,TCAATCTCGCGTTATTGTCA,0,454590
acrZp,0.16666666666666666,5,5,TATTTAGGGTTTACCCTGTT,0,410519
acrZp,0.16666666666666666,5,5,TATTTAGACTTCCCGCCGCT,0,456035
acrZp,0.16666666666666666,5,5,TATTGCCGTAATGAAGTAAC,0,449852
acrZp,0.16666666666666666,5,5,TATTCGGTTATGTCCATGGC,0,444376
acrZp,0.16666666666666666,5,5,TATGGCAGGGTATAAGGGAC,0,430572
acrZp,0.16666666666666666,5,5,TATGCTCGTACTTTAACGCG,0,428376
acrZp,0.16666666666666666,5,5,TATGCCCTATTGTTCTACCC,0,444280
acrZp,0.16666666666666666,5,5,TATGATCATAGGTAGGTTTC,0,466384
acrZp,0.16666666666666666,5,5,TATGAAATGTAAGCTTACTA,0,456630
acrZp,0.16666666666666666,5,5,TATCGAACTCGCGAGGACCA,0,438605
acrZp,0.16666666666666666,5,5,TATCCCCTAATAACGAACCC,0,429368
acrZp,0.16666666666666666,5,5,TATCCATTAGGCATGCAGCG,0,463891
acrZp,0.16666666666666666,5,5,TATCATTATAGGCCGGCCTA,0,450939
acrZp,0.16666666666666666,5,5,TATCAGGTACCAGTCGATTG,0,463856
acrZp,0.16666666666666666,5,5,TATCACCCAAGATCTTCAGA,0,458048
acrZp,0.16666666666666666,5,5,TATAGGGTTAAGCCTGTGTG,0,433236
acrZp,0.16666666666666666,5,5,TATAAAACTCTGGTATTTTG,0,410606
acrZp,0.16666666666666666,5,5,TAGGGTTGTGGCTCATGGGT,0,423946
acrZp,0.16666666666666666,5,5,TAGGGATACTGACTATAAGG,0,427879
acrZp,0.16666666666666666,5,5,TAGGACTTAACCTACGCAGG,0,446938
acrZp,0.16666666666666666,5,5,TAGGACCGAAGGGAAGCGAT,0,449716
acrZp,0.16666666666666666,5,5,TAGCCTACGGAGAGCGTTGT,0,462669
acrZp,0.16666666666666666,5,5,TAGCCGTTTTCAAGAGACTA,0,426780
acrZp,0.16666666666666666,5,5,TAGCCCTGAATCAATGCCAC,0,427789
acrZp,0.16666666666666666,5,5,TAGCAGTGACCTGACTTTCA,0,458752
acrZp,0.16666666666666666,5,5,TAGCAAGTTTACCTGTACGC,0,453805
acrZp,0.16666666666666666,5,5,TAGATACGACTGCTTGTTCT,0,464245
acrZp,0.16666666666666666,5,5,TAGAGTCCCACAAGCCGCGG,0,432973
acrZp,0.16666666666666666,5,5,TAGAGGCGATATAAGCAGTG,0,461127
acrZp,0.16666666666666666,5,5,TAGAGCATTGGACGTTAATG,0,445712
acrZp,0.16666666666666666,5,5,TAGACTTTGCCCGGTCTATA,0,434472
acrZp,0.16666666666666666,5,5,TAGACGCTGTCTCCGCTCTA,0,432772
acrZp,0.16666666666666666,5,5,TAGAATCTCTGGGGGGAACG,0,447898
acrZp,0.16666666666666666,5,5,TACTGTGTACGTCTCTAGTC,0,454968
acrZp,0.16666666666666666,5,5,TACTGTCTTAATACGCCAGA,0,420769
acrZp,0.16666666666666666,5,5,TACTGCCATTCGATGGGTTC,0,441566
acrZp,0.16666666666666666,5,5,TACTCACGAAGTGGTGCCTC,0,460911
acrZp,0.16666666666666666,5,5,TACTAGGATGAAGGGGAGGT,0,430508
acrZp,0.16666666666666666,5,5,TACTACCGCGTTAATATCGT,0,409837
acrZp,0.16666666666666666,5,5,TACGTGTCTGCTCGTGCGTG,0,430622
acrZp,0.16666666666666666,5,5,TACGTGGGCCTACCTATATT,0,417261
acrZp,0.16666666666666666,5,5,TACGTCCATAATAATCTACG,0,440576
acrZp,0.16666666666666666,5,5,TACGTACTTAGACATATACT,0,463710
acrZp,0.16666666666666666,5,5,TACGGACGCATCCCACTAAG,0,445804
acrZp,0.16666666666666666,5,5,TACGCCGTTCTTAGCGTTTT,0,444827
acrZp,0.16666666666666666,5,5,TACGCAGCCAGATAGCTCGA,0,454795
acrZp,0.16666666666666666,5,5,TACAGTTTCCCTTCACCCTG,0,451559
acrZp,0.16666666666666666,5,5,TACAATGAGATCAATTGGAG,0,458249
acrZp,0.16666666666666666,5,5,TACAACCTAGACCGCCGTCT,0,434773
acrZp,0.16666666666666666,5,5,TAATTTTCCTCACGCCTGTT,0,437903
acrZp,0.16666666666666666,5,5,TAATTAAGCCTTACGTAGAC,0,443899
acrZp,0.16666666666666666,5,5,TAATATACAACGGCCCATAA,0,446060
acrZp,0.16666666666666666,5,5,TAAGTGACCTGTAGGATGGG,0,450181
acrZp,0.16666666666666666,5,5,TAAGTAAAGATGTCTAATCT,0,409714
acrZp,0.16666666666666666,5,5,TAACGGTCCTACCGTGGATA,0,459595
acrZp,0.16666666666666666,5,5,TAACACCTTTCGGCAGCGAC,0,439986
acrZp,0.16666666666666666,5,5,TAAATTCAATCTGCATTACT,0,449732
acrZp,0.16666666666666666,5,5,TAAATAATAAGCGTGTTCTA,0,466160
acrZp,0.16666666666666666,5,5,TAAAGTAGCAGAGGTACTGT,0,453443
acrZp,0.16666666666666666,5,5,TAAAAGTGTGAAATATCTGA,0,457770
acrZp,0.16666666666666666,5,5,GTTTTCTGACTGGCAAGTCA,0,446192
acrZp,0.16666666666666666,5,5,GTTTGTGACAAATCTTGTCT,0,410825
acrZp,0.16666666666666666,5,5,GTTTGCGTCCAGACTACATA,0,445048
acrZp,0.16666666666666666,5,5,GTTTGCCTGCTTCAGAGTTC,0,419407
acrZp,0.16666666666666666,5,5,GTTTCCGCTGCCCCGTAGTG,0,425641
acrZp,0.16666666666666666,5,5,GTTTACTGAGAGGTTCATCC,0,433973
acrZp,0.16666666666666666,5,5,GTTGTTATGAAACCCTCTTG,0,437519
acrZp,0.16666666666666666,5,5,GTTGCTTTGTTGGGTGTCGC,0,457436
acrZp,0.16666666666666666,5,5,GTTGCGGTTCCCGCGGATAC,0,421679
acrZp,0.16666666666666666,5,5,GTTCCTTGAACCGTCCGATT,0,424899
acrZp,0.16666666666666666,5,5,GTTCCATTTCTCGTAAAAGT,0,454408
acrZp,0.16666666666666666,5,5,GTTCCAAAGTAGATGGCAGG,0,464194
acrZp,0.16666666666666666,5,5,GTTCAGATCTATAGACACTC,0,422227
acrZp,0.16666666666666666,5,5,GTTCAACGTGCACGGGCCGT,0,448437
acrZp,0.16666666666666666,5,5,GTTATGGTTGGGACTAGATA,0,420119
acrZp,0.16666666666666666,5,5,GTTACGGATCGGCAGGCTGA,0,431865
acrZp,0.16666666666666666,5,5,GTGTTATTAAAACTGGCTTA,0,411230
acrZp,0.16666666666666666,5,5,GTGTGTGTTAGCCGCCTCTT,0,467185
acrZp,0.16666666666666666,5,5,GTGTGTGGGCGGTAGATGTT,0,425213
acrZp,0.16666666666666666,5,5,GTGTGGGATTGGTACACTTT,0,429532
acrZp,0.16666666666666666,5,5,GTGTCTATTGAGTGCAGCTG,0,437160
acrZp,0.16666666666666666,5,5,GTGGCTCTCGGCATGTCGGC,0,427688
acrZp,0.16666666666666666,5,5,GTGGCCAATCAGCTATGCAG,0,426555
acrZp,0.16666666666666666,5,5,GTGGACGTGTGTTTTCGCTA,0,438721
acrZp,0.16666666666666666,5,5,GTGGACACCATAACGAGGGG,0,447310
acrZp,0.16666666666666666,5,5,GTGCTGATGTAGAAACTAGC,0,438925
acrZp,0.16666666666666666,5,5,GTGCTAATTTACTACGAGAG,0,427603
acrZp,0.16666666666666666,5,5,GTGCGTTGACATGCCAGATG,0,443227
acrZp,0.16666666666666666,5,5,GTGCCCTCATCCAGGTCGCG,0,453878
acrZp,0.16666666666666666,5,5,GTGCCAAAGTTACTCACCCA,0,412026
acrZp,0.16666666666666666,5,5,GTGATCTCGGTGGTATCATC,0,436634
acrZp,0.16666666666666666,5,5,GTGAGGGAACTCTCAGGTCC,0,455190
acrZp,0.16666666666666666,5,5,GTGACTGTTGTTCCTGAGTA,0,434490
acrZp,0.16666666666666666,5,5,GTGACTAGGAAGGTACGAAC,0,430648
acrZp,0.16666666666666666,5,5,GTGACCCGGTAATGGACGAT,0,438340
acrZp,0.16666666666666666,5,5,GTCTCACGTCTGATTCGAAA,0,423019
acrZp,0.16666666666666666,5,5,GTCTACCCGGAGCCCGGTTT,0,447916
acrZp,0.16666666666666666,5,5,GTCTAATGAGGTGTGAAAAC,0,429389
acrZp,0.16666666666666666,5,5,GTCGTGTGGCTCCTCTAATT,0,432771
acrZp,0.16666666666666666,5,5,GTCGTGCGGCGGAGGCAACC,0,448801
acrZp,0.16666666666666666,5,5,GTCGTGACTTCTCGAAGCCA,0,441941
acrZp,0.16666666666666666,5,5,GTCGTCAAACACATGTGAAC,0,462544
acrZp,0.16666666666666666,5,5,GTCGCTTTAGACTTAAGCTA,0,411720
acrZp,0.16666666666666666,5,5,GTCGCTGTGGGATCCCGCTA,0,414149
acrZp,0.16666666666666666,5,5,GTCGCCGAGGATTAGGCTAT,0,444527
acrZp,0.16666666666666666,5,5,GTCCTCTCGTGTTTCTTTGG,0,415261
acrZp,0.16666666666666666,5,5,GTCCGACTCAACCTGTGGGT,0,452120
acrZp,0.16666666666666666,5,5,GTCCCCGTCCATTGAGACTC,0,466658
acrZp,0.16666666666666666,5,5,GTCCAGTCACACGTACCAAA,0,435786
acrZp,0.16666666666666666,5,5,GTCCAGCCTCAAAGCCGTTG,0,418537
acrZp,0.16666666666666666,5,5,GTCCAGAGAGATCTAGCTTA,0,433345
acrZp,0.16666666666666666,5,5,GTCAGCAGCGTGTAGAAACC,0,458234
acrZp,0.16666666666666666,5,5,GTCACATTGTGGCATTCCCG,0,461285
acrZp,0.16666666666666666,5,5,GTATGCTAAGCGTAGATCTT,0,426394
acrZp,0.16666666666666666,5,5,GTATCTTATCTGCCCTATGA,0,446565
acrZp,0.16666666666666666,5,5,GTATCGGCGACCCCCGATTA,0,462307
acrZp,0.16666666666666666,5,5,GTAGGGGCTTCGCACGAGTT,0,454936
acrZp,0.16666666666666666,5,5,GTAGCTACGGCTCAGCTATA,0,415323
acrZp,0.16666666666666666,5,5,GTAGCGTGGCGGCTGGAGTG,0,465063
acrZp,0.16666666666666666,5,5,GTACGGGATCGGAGTAGGTA,0,410208
acrZp,0.16666666666666666,5,5,GTACGGCTTGAACGTGCCGG,0,433515
acrZp,0.16666666666666666,5,5,GTACCCGAGGAGCTTACTAA,0,417186
acrZp,0.16666666666666666,5,5,GGTTTCTTGTGGTCAGCGTT,0,412384
acrZp,0.16666666666666666,5,5,GGTTGGGAATGTTCGGCATC,0,412545
acrZp,0.16666666666666666,5,5,GGTTCGCGTTCCACCGTGGA,0,440315
acrZp,0.16666666666666666,5,5,GGTGTTACGTTATTCGTGAT,0,419124
acrZp,0.16666666666666666,5,5,GGTGCCCTCGCCAGCCGAGA,0,425180
acrZp,0.16666666666666666,5,5,GGTCAGTGACTGGATACGGT,0,430779
acrZp,0.16666666666666666,5,5,GGTATTGGGAATGGTTGCCG,0,409562
acrZp,0.16666666666666666,5,5,GGTAGGCGGATCCGAGAGAG,0,447076
acrZp,0.16666666666666666,5,5,GGTAGAGAGGACCCCACGCT,0,466094
acrZp,0.16666666666666666,5,5,GGTACTTAGTAAATGCGTCC,0,456574
acrZp,0.16666666666666666,5,5,GGTACTCGTAAGTCGAAACG,0,464035
acrZp,0.16666666666666666,5,5,GGTAAGGGATAGCATTTCGA,0,464296
acrZp,0.16666666666666666,5,5,GGTAACCTTGATGAGCGTGC,0,453626
acrZp,0.16666666666666666,5,5,GGGTTCTGAGAACATGGGCT,0,453260
acrZp,0.16666666666666666,5,5,GGGTTATTGTGCGGGTTACG,0,458951
acrZp,0.16666666666666666,5,5,GGGTGCGCTCTGTACTTTCT,0,453009
acrZp,0.16666666666666666,5,5,GGGTATGGTCAGACGTGCTG,0,427894
acrZp,0.16666666666666666,5,5,GGGGGCCCACGAGACGACGA,0,436741
acrZp,0.16666666666666666,5,5,GGGGCTCTCGCTATATTGGT,0,430026
acrZp,0.16666666666666666,5,5,GGGGCATGGTTTTACATAAA,0,419193
acrZp,0.16666666666666666,5,5,GGGGAGGTCCCGTAAGATGG,0,413009
acrZp,0.16666666666666666,5,5,GGGGAGCGCTCCCTCGACTA,0,442577
acrZp,0.16666666666666666,5,5,GGGCTATTTATAGCGATACA,0,451043
acrZp,0.16666666666666666,5,5,GGGCGGCTTGATAATCCCTG,0,419628
acrZp,0.16666666666666666,5,5,GGGCGCGTAGCCAGATGGAA,0,414806
acrZp,0.16666666666666666,5,5,GGGCGACACTTACAACGAGA,0,466275
acrZp,0.16666666666666666,5,5,GGGCGAAGCGTGGCTGTCGA,0,446793
acrZp,0.16666666666666666,5,5,GGGCCATCTGACGCGGCTTA,0,455964
acrZp,0.16666666666666666,5,5,GGGAGCAAAAAGTACTCAGC,0,465616
acrZp,0.16666666666666666,5,5,GGGAATTGCGCTGGTCCGCT,0,424201
acrZp,0.16666666666666666,5,5,GGCTTAATTTCTATCCTCAT,0,457310
acrZp,0.16666666666666666,5,5,GGCTACCGGTAGGGTACCAT,0,416673
acrZp,0.16666666666666666,5,5,GGCGTTCCGGGATCTGGTTC,0,418934
acrZp,0.16666666666666666,5,5,GGCGGTAGGAATACTATTGC,0,432414
acrZp,0.16666666666666666,5,5,GGCGGCCGTGGGTTGTGTAA,0,422546
acrZp,0.16666666666666666,5,5,GGCGCAAAGTATTCTGTATG,0,418676
acrZp,0.16666666666666666,5,5,GGCGATGTAGTAAGTCATAA,0,428712
acrZp,0.16666666666666666,5,5,GGCGAGCAAGAACAGGACTT,0,455761
acrZp,0.16666666666666666,5,5,GGCGAGAGGCCCTTTAAGAG,0,416221
acrZp,0.16666666666666666,5,5,GGCCTGCGCGGGGAGCTTAC,0,442182
acrZp,0.16666666666666666,5,5,GGCCTCCGCGCCAGGTTCAC,0,424262
acrZp,0.16666666666666666,5,5,GGCCGTCATGCTTCTGCATG,0,432937
acrZp,0.16666666666666666,5,5,GGCCATGATATACATGTCAC,0,422960
acrZp,0.16666666666666666,5,5,GGCATTCACGTGACCCCAAT,0,447586
acrZp,0.16666666666666666,5,5,GGCATGGGCAAGCACTGGAC,0,421057
acrZp,0.16666666666666666,5,5,GGCACATCCTAGTATGCCAC,0,455464
acrZp,0.16666666666666666,5,5,GGATTGATTGCAAAACGAAC,0,455638
acrZp,0.16666666666666666,5,5,GGATTCTAGCGGTGATATGG,0,455391
acrZp,0.16666666666666666,5,5,GGATTCAAGAGAACATCGGT,0,425110
acrZp,0.16666666666666666,5,5,GGATTAGCTGTCTTATTATT,0,411077
acrZp,0.16666666666666666,5,5,GGATGTCCCTCTATGTAATT,0,436780
acrZp,0.16666666666666666,5,5,GGATGCACGAAGGGGGGCGT,0,438163
acrZp,0.16666666666666666,5,5,GGATGAGGTTTGGGACCGTT,0,450214
acrZp,0.16666666666666666,5,5,GGATCTGGCACCGAATTTTT,0,464105
acrZp,0.16666666666666666,5,5,GGATCGTGCGTAGACTTTCG,0,448354
acrZp,0.16666666666666666,5,5,GGATATTAGCGTCCCCTTGT,0,463421
acrZp,0.16666666666666666,5,5,GGATAATTCGGTAGTTCGGC,0,410952
acrZp,0.16666666666666666,5,5,GGAGAATCTTTAAGGAATCC,0,459804
acrZp,0.16666666666666666,5,5,GGACTGCGCACGCCTGAGCT,0,460954
acrZp,0.16666666666666666,5,5,GGACTCGAATACAACTCTCT,0,421747
acrZp,0.16666666666666666,5,5,GGACGGAACCAGGACCAGTC,0,437292
acrZp,0.16666666666666666,5,5,GGACGCGGAAAGCGGCGCGT,0,408628
acrZp,0.16666666666666666,5,5,GGACCTGACAGGTTGTGATG,0,420209
acrZp,0.16666666666666666,5,5,GGACCGATACCCGTACGGGA,0,435234
acrZp,0.16666666666666666,5,5,GGACCCGCCGATGCGTTACA,0,456026
acrZp,0.16666666666666666,5,5,GGACATAAGAAATAAGCATG,0,451207
acrZp,0.16666666666666666,5,5,GGACAGTTTGGATGGGGCCG,0,414455
acrZp,0.16666666666666666,5,5,GGACAGGGCTCGCTGACGAT,0,418227
acrZp,0.16666666666666666,5,5,GGACACAGGTCTTAGCGCGG,0,409310
acrZp,0.16666666666666666,5,5,GGACACAAGTTACCGAAGCC,0,445665
acrZp,0.16666666666666666,5,5,GGAAGCGAGCGCCAAATTAA,0,463453
acrZp,0.16666666666666666,5,5,GGAAGACACATCTATTCTAG,0,456875
acrZp,0.16666666666666666,5,5,GGAACCCCGGTACCCTCTGG,0,457772
acrZp,0.16666666666666666,5,5,GGAAAAGCTTACTTGCGCAG,0,439295
acrZp,0.16666666666666666,5,5,GCTTTCACGGCAGACGTAGT,0,418648
acrZp,0.16666666666666666,5,5,GCTTGGTATGCCAGCTAGTA,0,421991
acrZp,0.16666666666666666,5,5,GCTTAAATACCATCGCTGAG,0,415869
acrZp,0.16666666666666666,5,5,GCTGCTGTTTAGACCTTCAG,0,418087
acrZp,0.16666666666666666,5,5,GCTGCAAGGCGAGCCCCGCT,0,420583
acrZp,0.16666666666666666,5,5,GCTCTGACGATGCAATGGAA,0,456797
acrZp,0.16666666666666666,5,5,GCTCTCTTTGACGTGATCCG,0,452409
acrZp,0.16666666666666666,5,5,GCTCGGATTTTGTTCAGAAT,0,410129
acrZp,0.16666666666666666,5,5,GCTAGGACGTCCTCCGGGGA,0,420636
acrZp,0.16666666666666666,5,5,GCTAATTGCCCAGGTCGAGT,0,456084
acrZp,0.16666666666666666,5,5,GCGTGTTCAGGCAAGTGTCA,0,438284
acrZp,0.16666666666666666,5,5,GCGTCACCGAGGTTACGGCT,0,409051
acrZp,0.16666666666666666,5,5,GCGGTGGTCACCGATGCAGC,0,435828
acrZp,0.16666666666666666,5,5,GCGGTGAATCCGCCAATCTT,0,461547
acrZp,0.16666666666666666,5,5,GCGGGCCCTGGGTATCTCCA,0,414036
acrZp,0.16666666666666666,5,5,GCGGCCGCATTCGCTACGCA,0,423790
acrZp,0.16666666666666666,5,5,GCGCTTTTTCTACCAAGAAA,0,418190
acrZp,0.16666666666666666,5,5,GCGCTACAGACTGGCTCCTG,0,440942
acrZp,0.16666666666666666,5,5,GCGCCTGTGGCCTAGCTACC,0,449036
acrZp,0.16666666666666666,5,5,GCGCCGGCTTTAGTTTATGC,0,462498
acrZp,0.16666666666666666,5,5,GCGCCGAAGACCTCCACGAT,0,444274
acrZp,0.16666666666666666,5,5,GCGCAGGTTCCAAAGGAAGA,0,461274
acrZp,0.16666666666666666,5,5,GCGCACAACGACTCCTGGCC,0,421114
acrZp,0.16666666666666666,5,5,GCGATTACCGAATAATGGCT,0,445211
acrZp,0.16666666666666666,5,5,GCGAATGAACAAAGAGGAGT,0,455843
acrZp,0.16666666666666666,5,5,GCCTGACAAATATTTGCCAA,0,430566
acrZp,0.16666666666666666,5,5,GCCTCCTCGAAATGGGTCCG,0,446220
acrZp,0.16666666666666666,5,5,GCCTATCCGCAACTAACGCC,0,410824
acrZp,0.16666666666666666,5,5,GCCGCGATGCGTTTTAAAAG,0,450069
acrZp,0.16666666666666666,5,5,GCCGATAATTGAATGACTTA,0,449319
acrZp,0.16666666666666666,5,5,GCCGAGTCTGATTTGCTTTA,0,439766
acrZp,0.16666666666666666,5,5,GCCCCGGGCCTAGTCATAAC,0,443084
acrZp,0.16666666666666666,5,5,GCCAGTTAAGCTGTATGGCT,0,418560
acrZp,0.16666666666666666,5,5,GCCAGAGCGACACTCATCTG,0,425871
acrZp,0.16666666666666666,5,5,GCCACAGGTCATAGTGTCAG,0,418649
acrZp,0.16666666666666666,5,5,GCCAAAACGGCGTGAGTAGT,0,459179
acrZp,0.16666666666666666,5,5,GCATTCAAGCACGAGAGAGC,0,467743
acrZp,0.16666666666666666,5,5,GCATCAGGCACTTGAACCAC,0,430688
acrZp,0.16666666666666666,5,5,GCAGGCTGCCACAAGGACAA,0,414770
acrZp,0.16666666666666666,5,5,GCAGGCGGGCTCTTTTTCGG,0,465331
acrZp,0.16666666666666666,5,5,GCAGCCTCCATAAGGTGGAA,0,433709
acrZp,0.16666666666666666,5,5,GCACTCAATCTTCTTAAGCT,0,448091
acrZp,0.16666666666666666,5,5,GCACGGTCTCATCTGACTAG,0,461317
acrZp,0.16666666666666666,5,5,GCACAAGGTTGCAGCTTCTC,0,450972
acrZp,0.16666666666666666,5,5,GCAATTCGATCGTTCGGCGT,0,438989
acrZp,0.16666666666666666,5,5,GCAAGGCGGTTATAGCTTAT,0,463722
acrZp,0.16666666666666666,5,5,GCAAAGTGCTTCATGCCTTT,0,445523
acrZp,0.16666666666666666,5,5,GCAAACTTGCCATCTGACTG,0,433940
acrZp,0.16666666666666666,5,5,GATTTGTTCGCTCTTGGCGG,0,417173
acrZp,0.16666666666666666,5,5,GATTGACCAGGAGAGGGACG,0,422749
acrZp,0.16666666666666666,5,5,GATTAGATGTCCCTTATATA,0,420876
acrZp,0.16666666666666666,5,5,GATTAGACCATCTAGCCCTA,0,443304
acrZp,0.16666666666666666,5,5,GATGTTGACCTCGCGTACCA,0,420202
acrZp,0.16666666666666666,5,5,GATGGTCTTTGCAAGGCAGA,0,450568
acrZp,0.16666666666666666,5,5,GATGGAAAGGATCCTCCACC,0,465971
acrZp,0.16666666666666666,5,5,GATGCGGAGCGAGTTGCTTA,0,460748
acrZp,0.16666666666666666,5,5,GATGACGGCCGTGAATAGCC,0,440869
acrZp,0.16666666666666666,5,5,GATGAACGACCGCGCAGCAT,0,464518
acrZp,0.16666666666666666,5,5,GATCTCAAAGGGATCTCCGC,0,445690
acrZp,0.16666666666666666,5,5,GATCGCACAGAAGCTCCGAA,0,435735
acrZp,0.16666666666666666,5,5,GATCGAAGATGAGTCGCCGC,0,446538
acrZp,0.16666666666666666,5,5,GATATCTTGATTAAAGACTC,0,418962
acrZp,0.16666666666666666,5,5,GATACGTAAAGCATAATGGT,0,465290
acrZp,0.16666666666666666,5,5,GATACGATGTCGGTGTATGT,0,429782
acrZp,0.16666666666666666,5,5,GATAAACCCTCGTATCGTAT,0,453504
acrZp,0.16666666666666666,5,5,GAGTGATCAATACTGGTGTC,0,435534
acrZp,0.16666666666666666,5,5,GAGTCTGTTAAAGGAATACT,0,415001
acrZp,0.16666666666666666,5,5,GAGTATTCGTGCCGCCCACA,0,421539
acrZp,0.16666666666666666,5,5,GAGGGTTGTCAAACTTACTT,0,455798
acrZp,0.16666666666666666,5,5,GAGGGTTAGGCCCTTGTCCT,0,428379
acrZp,0.16666666666666666,5,5,GAGGGCACGGTCGTATGCAA,0,452199
acrZp,0.16666666666666666,5,5,GAGGCAGTTGCGCTGGTGAT,0,425024
acrZp,0.16666666666666666,5,5,GAGGACTGTCATATTAGGTG,0,439990
acrZp,0.16666666666666666,5,5,GAGGAAAGTAAGCGTCTATG,0,420621
acrZp,0.16666666666666666,5,5,GAGCGGACTGAGGCCTCCGA,0,461909
acrZp,0.16666666666666666,5,5,GAGCCGCAATGCATATCTAG,0,412339
acrZp,0.16666666666666666,5,5,GAGCAAGTGCTAACGACAAA,0,453490
acrZp,0.16666666666666666,5,5,GAGATGCAAATGAAACAAAA,0,436690
acrZp,0.16666666666666666,5,5,GAGACGGGTCCCCGTAGTAT,0,424391
acrZp,0.16666666666666666,5,5,GACTGTTCGGAACTCCATTG,0,442960
acrZp,0.16666666666666666,5,5,GACTGCTGCAACCATGATGC,0,422073
acrZp,0.16666666666666666,5,5,GACTCTGGCTACACCCCACA,0,457193
acrZp,0.16666666666666666,5,5,GACGACGTTTGGTTAAACCA,0,450267
acrZp,0.16666666666666666,5,5,GACCTCCATACACTATGACT,0,438894
acrZp,0.16666666666666666,5,5,GACCACATAAGCCTTTGAAC,0,465263
acrZp,0.16666666666666666,5,5,GACATGATCTGGACATCCCC,0,435901
acrZp,0.16666666666666666,5,5,GACAGCCGCTGGCACGAAGC,0,422952
acrZp,0.16666666666666666,5,5,GACAGACCGCCCCAGGGGGG,0,454791
acrZp,0.16666666666666666,5,5,GACAACAGTTTATGGAGAAG,0,427700
acrZp,0.16666666666666666,5,5,GAATTCTGGGTGTAAGGGCA,0,441584
acrZp,0.16666666666666666,5,5,GAATAGCTTCCTGATGAGGT,0,413224
acrZp,0.16666666666666666,5,5,GAATAGATCAGAAGCGGAGT,0,431420
acrZp,0.16666666666666666,5,5,GAAGTTACCTGCCGTGGAAA,0,433735
acrZp,0.16666666666666666,5,5,GAAGATGTAGCAGATGGGCT,0,459879
acrZp,0.16666666666666666,5,5,GAAGAGCCTCGAATCTTTCT,0,441554
acrZp,0.16666666666666666,5,5,GAACGCGCTGTCGAGACTTG,0,420099
acrZp,0.16666666666666666,5,5,GAACGCCGTGACCGAAATTT,0,454174
acrZp,0.16666666666666666,5,5,GAACACATATAAAGTGGCGA,0,454222
acrZp,0.16666666666666666,5,5,GAACAAAATCCGTTTCACAG,0,432591
acrZp,0.16666666666666666,5,5,GAAATGCATGCAACGCGACA,0,433092
acrZp,0.16666666666666666,5,5,GAAATCGCGTCTAAGCTTGT,0,461753
acrZp,0.16666666666666666,5,5,GAAAACAATTTGCTAACCCT,0,466264
acrZp,0.16666666666666666,5,5,CTTTTTACGTAAGACTATTA,0,423188
acrZp,0.16666666666666666,5,5,CTTTCTTGTTAATATATGCA,0,446988
acrZp,0.16666666666666666,5,5,CTTTAGTTCCACAAGGTAGC,0,421642
acrZp,0.16666666666666666,5,5,CTTTAGCATTACTGCGAGAC,0,439424
acrZp,0.16666666666666666,5,5,CTTTAAGTCATCTACGCAAG,0,466033
acrZp,0.16666666666666666,5,5,CTTGTCTAGGCCCCGTGTGC,0,426561
acrZp,0.16666666666666666,5,5,CTTGGTGACTGGACCTTAGG,0,458840
acrZp,0.16666666666666666,5,5,CTTGGGTTTCTTACGACCCA,0,463059
acrZp,0.16666666666666666,5,5,CTTGAAAATGCCCCTCCGAC,0,426542
acrZp,0.16666666666666666,5,5,CTTCATATCGAGACTTCATG,0,413882
acrZp,0.16666666666666666,5,5,CTTAGGCCATGCATAATCTA,0,457653
acrZp,0.16666666666666666,5,5,CTTAATCAACGTTACTCGCA,0,463939
acrZp,0.16666666666666666,5,5,CTGTTTTCATAAGAACATCC,0,462245
acrZp,0.16666666666666666,5,5,CTGTTCTGCTCTCCGCAACT,0,440404
acrZp,0.16666666666666666,5,5,CTGTTCGATAGACGCCCGTG,0,440166
acrZp,0.16666666666666666,5,5,CTGTGGCATCCTGAAGAGGT,0,462282
acrZp,0.16666666666666666,5,5,CTGTGATGAACTGACCTATT,0,432862
acrZp,0.16666666666666666,5,5,CTGTGAAGCGCACAGAGCTT,0,423829
acrZp,0.16666666666666666,5,5,CTGTCACCGCGTTGATACAC,0,422463
acrZp,0.16666666666666666,5,5,CTGTACGTGAGATGCCAGAG,0,455241
acrZp,0.16666666666666666,5,5,CTGTAATCTGAGTCACTGTA,0,458864
acrZp,0.16666666666666666,5,5,CTGGTTGCGACTCCCGTGGA,0,408588
acrZp,0.16666666666666666,5,5,CTGGTAATGGGAATGAGGAA,0,444698
acrZp,0.16666666666666666,5,5,CTGGCGCCTACATGGGTCGG,0,435335
acrZp,0.16666666666666666,5,5,CTGGCAGAATAACTGGCGCC,0,460967
acrZp,0.16666666666666666,5,5,CTGGACATACAGTTATTTTC,0,421933
acrZp,0.16666666666666666,5,5,CTGGAAGATACGACTAGGAC,0,464270
acrZp,0.16666666666666666,5,5,CTGCGGATGGGTCTCGCCAG,0,416387
acrZp,0.16666666666666666,5,5,CTGATGCAGACGCTTTGAGC,0,450019
acrZp,0.16666666666666666,5,5,CTGATCGAATCGCAGCGTGG,0,430312
acrZp,0.16666666666666666,5,5,CTGATAGCTGATCCTTCATC,0,422262
acrZp,0.16666666666666666,5,5,CTGACGCTGATGACCCCCCA,0,462021
acrZp,0.16666666666666666,5,5,CTGACGCTCACCAAGAGTAT,0,434368
acrZp,0.16666666666666666,5,5,CTGACCCGCGCACGGATATA,0,424184
acrZp,0.16666666666666666,5,5,CTCTCCAACCTTCTCAATTA,0,415807
acrZp,0.16666666666666666,5,5,CTCGGTGGTCACCAAGGACG,0,437124
acrZp,0.16666666666666666,5,5,CTCGGGCCTGAGGTGTGGCC,0,427988
acrZp,0.16666666666666666,5,5,CTCGGCGTCATGCAGAGTGC,0,462832
acrZp,0.16666666666666666,5,5,CTCGGCCTCTAAAGAGGGCT,0,453018
acrZp,0.16666666666666666,5,5,CTCGCCTAGGCGGGCAGATC,0,433970
acrZp,0.16666666666666666,5,5,CTCGAAGTCGGCGAACCTCG,0,412792
acrZp,0.16666666666666666,5,5,CTCGAAGCTACATTTGGGAA,0,451054
acrZp,0.16666666666666666,5,5,CTCCGCCGGGCTAATTGACG,0,456093
acrZp,0.16666666666666666,5,5,CTCCCCGCGTAGGAGTGGAT,0,439217
acrZp,0.16666666666666666,5,5,CTCCACAGTGGGTGGACACA,0,412283
acrZp,0.16666666666666666,5,5,CTCATTATGGTCTTCGCGCA,0,420134
acrZp,0.16666666666666666,5,5,CTCATCTCTGATCGCGAGCA,0,424788
acrZp,0.16666666666666666,5,5,CTCATAAGGACGACGCCAGT,0,431395
acrZp,0.16666666666666666,5,5,CTCAGAAGGGCGATGGCCCG,0,453129
acrZp,0.16666666666666666,5,5,CTATTCACCTACATTTGTAG,0,464855
acrZp,0.16666666666666666,5,5,CTATGGTTTCCCGTTGATTA,0,463512
acrZp,0.16666666666666666,5,5,CTATGGCCCGCGTTAAGTTT,0,444747
acrZp,0.16666666666666666,5,5,CTAGGCTACCAGAAGCCACC,0,412842
acrZp,0.16666666666666666,5,5,CTAGAGCAGCTATATTGCTT,0,422116
acrZp,0.16666666666666666,5,5,CTAGAATGATTCTCTCCTGG,0,448814
acrZp,0.16666666666666666,5,5,CTACAACGAGGCCAGTGCGC,0,466166
acrZp,0.16666666666666666,5,5,CTAAAAGCCAGATTAGGCAA,0,408654
acrZp,0.16666666666666666,5,5,CTAAAACTCGTTAACTTGCG,0,415252
acrZp,0.16666666666666666,5,5,CTAAAAAACGTCAGCTCGGA,0,438159
acrZp,0.16666666666666666,5,5,CGTTGTCGATGGCAGTCCGG,0,435838
acrZp,0.16666666666666666,5,5,CGTTGATACAGGGTTCACTG,0,412521
acrZp,0.16666666666666666,5,5,CGTTCTTATCTGCGGTGGGT,0,442034
acrZp,0.16666666666666666,5,5,CGTTCTTACCAATCACCCTG,0,453655
acrZp,0.16666666666666666,5,5,CGTTCAAATAATGCATAAAC,0,457234
acrZp,0.16666666666666666,5,5,CGTGGTACCTGGCATCACAT,0,412900
acrZp,0.16666666666666666,5,5,CGTGGACCCCGACCCGTCCT,0,432455
acrZp,0.16666666666666666,5,5,CGTGCGTTGCATCCCGACAA,0,447305
acrZp,0.16666666666666666,5,5,CGTGCGGCACTGCGTGGCCT,0,455926
acrZp,0.16666666666666666,5,5,CGTGACGAATCACCTGGTTA,0,411472
acrZp,0.16666666666666666,5,5,CGTGAACGCTAAATTGGTAC,0,428790
acrZp,0.16666666666666666,5,5,CGTCGTATACACGGCGGGGT,0,445775
acrZp,0.16666666666666666,5,5,CGTCCGGGAGGACCTATTTA,0,450977
acrZp,0.16666666666666666,5,5,CGTCCATGACTCTAGAGGAT,0,450101
acrZp,0.16666666666666666,5,5,CGTCCACATCTAGTCTTGCA,0,446674
acrZp,0.16666666666666666,5,5,CGTCACTCTGCGAAAGCTGG,0,450138
acrZp,0.16666666666666666,5,5,CGTCACCGATACATTGTCCA,0,446364
acrZp,0.16666666666666666,5,5,CGTAGTCTGCGGATCGGTAG,0,445393
acrZp,0.16666666666666666,5,5,CGTAGAGACAGTCACGTCAG,0,441364
acrZp,0.16666666666666666,5,5,CGTAGACGCTGAAAAAAGCT,0,460869
acrZp,0.16666666666666666,5,5,CGTACGCATTCTATGGAACA,0,421673
acrZp,0.16666666666666666,5,5,CGTACGATTGAACTCAGACA,0,421089
acrZp,0.16666666666666666,5,5,CGTAAGTCAGGCCCATACGT,0,433774
acrZp,0.16666666666666666,5,5,CGTAACGGGATCCGGACGCA,0,458827
acrZp,0.16666666666666666,5,5,CGGTGAGGAGTTGTATACGG,0,414445
acrZp,0.16666666666666666,5,5,CGGTCTAAGAGAGAATCCGG,0,427124
acrZp,0.16666666666666666,5,5,CGGGTGTGCCAGCCTGAGAG,0,412392
acrZp,0.16666666666666666,5,5,CGGGTCAACCGTGACATCAT,0,458999
acrZp,0.16666666666666666,5,5,CGGGGCCGGTGGAGCGGGAT,0,464661
acrZp,0.16666666666666666,5,5,CGGGGACTTTGCGCCTGTGG,0,448011
acrZp,0.16666666666666666,5,5,CGGCTTTTAGAAGTGGCATT,0,457142
acrZp,0.16666666666666666,5,5,CGGCGCCCTGCCTCGAACCA,0,446223
acrZp,0.16666666666666666,5,5,CGGCACTAACTTGGGCCTAC,0,448821
acrZp,0.16666666666666666,5,5,CGGCACCTAAATAAGAGGCT,0,414028
acrZp,0.16666666666666666,5,5,CGGCAACTACCTAGTGGAGT,0,461686
acrZp,0.16666666666666666,5,5,CGGATTGTCTACTTGTGAGT,0,440149
acrZp,0.16666666666666666,5,5,CGGATTATATGGTCGGGACC,0,448501
acrZp,0.16666666666666666,5,5,CGGAATTTCGCCATAATGCA,0,451052
acrZp,0.16666666666666666,5,5,CGCTCTCGGCCCGAGATCTA,0,430594
acrZp,0.16666666666666666,5,5,CGCGGCCCTCAGCGCTCTCT,0,449008
acrZp,0.16666666666666666,5,5,CGCGGCACGCGGGCACTATG,0,450607
acrZp,0.16666666666666666,5,5,CGCGCCCTTCACTATCCCAA,0,415283
acrZp,0.16666666666666666,5,5,CGCGAAGGGATGCAACAAAG,0,444686
acrZp,0.16666666666666666,5,5,CGCAGTACGACGAAAGAGGG,0,462334
acrZp,0.16666666666666666,5,5,CGCAATCAAGTCGGGTCGCT,0,431302
acrZp,0.16666666666666666,5,5,CGATAGGTGCTGTGGATAGG,0,467513
acrZp,0.16666666666666666,5,5,CGATACCGGGGGGGGGTAAT,0,413609
acrZp,0.16666666666666666,5,5,CGAGTGTTCAATCCCAGCAG,0,424500
acrZp,0.16666666666666666,5,5,CGAGTGCATGAGTCCGAACG,0,447068
acrZp,0.16666666666666666,5,5,CGAGTACCGCTGGCCGATAC,0,455693
acrZp,0.16666666666666666,5,5,CGAGGACTCTATGTTGTCAT,0,456675
acrZp,0.16666666666666666,5,5,CGAGAAGCGCCGGATCGAAG,0,439577
acrZp,0.16666666666666666,5,5,CGACTGGATTTTCTGGCGCA,0,462215
acrZp,0.16666666666666666,5,5,CGACGTTGGTGAGACAACGT,0,428964
acrZp,0.16666666666666666,5,5,CGACGTATCCATAGTCCCAC,0,451488
acrZp,0.16666666666666666,5,5,CGACGGGATTAGCCTACTAG,0,464110
acrZp,0.16666666666666666,5,5,CGACCCTGTCTACGGCTCAC,0,463875
acrZp,0.16666666666666666,5,5,CGAAGCTGAGGATTCAGGGA,0,419798
acrZp,0.16666666666666666,5,5,CGAAAAACTCCACTGGTCTT,0,424087
acrZp,0.16666666666666666,5,5,CCTTTCTAATGACTCGTTTG,0,444166
acrZp,0.16666666666666666,5,5,CCTTTAGCGTAGACAAGGTT,0,436464
acrZp,0.16666666666666666,5,5,CCTTAGTGTACCTGCGGGTA,0,425645
acrZp,0.16666666666666666,5,5,CCTTAGCACAAACCGTTGCT,0,458253
acrZp,0.16666666666666666,5,5,CCTTACCGATACCTCCGATG,0,420449
acrZp,0.16666666666666666,5,5,CCTGTTATAATTCAGGGACC,0,433682
acrZp,0.16666666666666666,5,5,CCTGTTAAATCTCCTGGTGC,0,426591
acrZp,0.16666666666666666,5,5,CCTCGGGGATTGGTATGCTT,0,412167
acrZp,0.16666666666666666,5,5,CCTATAGCATATAGACTTAT,0,464305
acrZp,0.16666666666666666,5,5,CCTAGACATTATGCGTGGAT,0,439154
acrZp,0.16666666666666666,5,5,CCTACGGGGTGCGTCGGCAA,0,421755
acrZp,0.16666666666666666,5,5,CCTAAACTATCTAGACGTGC,0,443665
acrZp,0.16666666666666666,5,5,CCGGTGGGACGACTTATCGT,0,461307
acrZp,0.16666666666666666,5,5,CCGGGGGGCTTAATGTTTCA,0,428874
acrZp,0.16666666666666666,5,5,CCGGGGAAAAGGGTCCGGTT,0,459888
acrZp,0.16666666666666666,5,5,CCGGCCCCTAGAGTAGATCG,0,442503
acrZp,0.16666666666666666,5,5,CCGCTAGAAATGAGTCCGTG,0,438796
acrZp,0.16666666666666666,5,5,CCGCGGTCTACCCGTGCATG,0,466054
acrZp,0.16666666666666666,5,5,CCGCGACTTTACTTGTACGC,0,450163
acrZp,0.16666666666666666,5,5,CCGCCTCCGGTGCAGGAATA,0,416936
acrZp,0.16666666666666666,5,5,CCGCCGCATGTACTAGAAAC,0,454061
acrZp,0.16666666666666666,5,5,CCGCAGCTTGGCAGCCAGAG,0,437784
acrZp,0.16666666666666666,5,5,CCGAATACTTACATATCCGT,0,440456
acrZp,0.16666666666666666,5,5,CCCTTTTAAGGGTGGGGTTT,0,438637
acrZp,0.16666666666666666,5,5,CCCTTTATGCCAGGTCTGTG,0,425073
acrZp,0.16666666666666666,5,5,CCCTTCATGCACAATTCAGC,0,441204
acrZp,0.16666666666666666,5,5,CCCTTAGTTTTCGGTTGGCT,0,423771
acrZp,0.16666666666666666,5,5,CCCTCAAGCGTTGACAGATG,0,445528
acrZp,0.16666666666666666,5,5,CCCTAGCGTAATTGGTCATA,0,448028
acrZp,0.16666666666666666,5,5,CCCGTACAATCTTGAAACTA,0,419884
acrZp,0.16666666666666666,5,5,CCCGGCACTAGATGGTGGGT,0,414131
acrZp,0.16666666666666666,5,5,CCCGCACATGGGGGGAGCCA,0,436283
acrZp,0.16666666666666666,5,5,CCCATTCCGCCGGGACACAT,0,444684
acrZp,0.16666666666666666,5,5,CCCATGACCAGGGTGACGCA,0,463951
acrZp,0.16666666666666666,5,5,CCATACACGGGAGGCTCAGC,0,450255
acrZp,0.16666666666666666,5,5,CCAGTAGAAAACGAGCCCCT,0,429575
acrZp,0.16666666666666666,5,5,CCAGTACGACTTAAGGGCCG,0,411025
acrZp,0.16666666666666666,5,5,CCAGGTAGGGGAGAGGGAGC,0,428043
acrZp,0.16666666666666666,5,5,CCAGGGTGATATATCACCCG,0,439925
acrZp,0.16666666666666666,5,5,CCAGGGCTACATTTCACGAC,0,433093
acrZp,0.16666666666666666,5,5,CCAGCTCATGGGTAACACAT,0,422864
acrZp,0.16666666666666666,5,5,CCAGACCCCGGTCTCCGTAT,0,416424
acrZp,0.16666666666666666,5,5,CCACTGTTAAGGAACCAACT,0,414666
acrZp,0.16666666666666666,5,5,CCACTCAATTGGATCATTGC,0,424599
acrZp,0.16666666666666666,5,5,CCACGATTCACAAATCGTGC,0,415684
acrZp,0.16666666666666666,5,5,CCACGACAATCATTTACTTA,0,413991
acrZp,0.16666666666666666,5,5,CCACCTAGCGCCAACATGTC,0,458971
acrZp,0.16666666666666666,5,5,CCAATTAAACCCGGGGCGCA,0,460744
acrZp,0.16666666666666666,5,5,CCAAGCAGACTCTTTATCGT,0,412062
acrZp,0.16666666666666666,5,5,CCAAAAGGGATACGCCGGCC,0,452435
acrZp,0.16666666666666666,5,5,CATTTCGCGATAGTTTGCCC,0,456343
acrZp,0.16666666666666666,5,5,CATTGGCGGCTTGGCACTGC,0,418769
acrZp,0.16666666666666666,5,5,CATTCCTGGGCACTCCAAGG,0,438610
acrZp,0.16666666666666666,5,5,CATTCCGCCGTTTTGGTTGG,0,462830
acrZp,0.16666666666666666,5,5,CATGCTGCCCTCCGTGAACT,0,410092
acrZp,0.16666666666666666,5,5,CATGCCTGTCGTGGCTCAAT,0,435304
acrZp,0.16666666666666666,5,5,CATGACTCACTAAGCATCGG,0,411358
acrZp,0.16666666666666666,5,5,CATCTATTAGGTTCGCCAGC,0,436590
acrZp,0.16666666666666666,5,5,CATCGTTAGCAGTGGATGAC,0,427794
acrZp,0.16666666666666666,5,5,CATCGCGTGGGTCATGTTCC,0,450765
acrZp,0.16666666666666666,5,5,CATCCCTACCTAAGATTTTC,0,422120
acrZp,0.16666666666666666,5,5,CATCCAAGGTCCCCGCGCAT,0,437306
acrZp,0.16666666666666666,5,5,CATATATGCTGCACTACCTC,0,424243
acrZp,0.16666666666666666,5,5,CATAGCCTAGATCCAGGCAT,0,449340
acrZp,0.16666666666666666,5,5,CATACTTCGGCTACCCAGAC,0,422208
acrZp,0.16666666666666666,5,5,CATAATTACGGGTGTGACCA,0,450110
acrZp,0.16666666666666666,5,5,CAGTTTGTCCATATGCCCAT,0,413289
acrZp,0.16666666666666666,5,5,CAGTGTTAAGACGCTACTAG,0,445035
acrZp,0.16666666666666666,5,5,CAGTGGGTAGGAGGGGAATA,0,410934
acrZp,0.16666666666666666,5,5,CAGTGGGCTCACTCGCTCAC,0,452278
acrZp,0.16666666666666666,5,5,CAGTCGCACTACCCGCCACC,0,440708
acrZp,0.16666666666666666,5,5,CAGTCACTCGCGATCATTTC,0,467071
acrZp,0.16666666666666666,5,5,CAGTATACCCAATAAGTTTG,0,461412
acrZp,0.16666666666666666,5,5,CAGTAATCTAATCCGCCACA,0,458857
acrZp,0.16666666666666666,5,5,CAGGGACACGCTGCTCTCAC,0,422340
acrZp,0.16666666666666666,5,5,CAGGATATAAGTGTCCCTGC,0,416045
acrZp,0.16666666666666666,5,5,CAGGAGCCGCACTGTTAACA,0,457852
acrZp,0.16666666666666666,5,5,CAGCTTACACATATCATGGA,0,433699
acrZp,0.16666666666666666,5,5,CAGCTGGTTTTTCGTCGTTG,0,440367
acrZp,0.16666666666666666,5,5,CAGCTGACCCCTCGGGGACT,0,417841
acrZp,0.16666666666666666,5,5,CAGCCTCTTAGAGCCCACTG,0,427908
acrZp,0.16666666666666666,5,5,CAGCCCCGAAAGGCAACTGA,0,447803
acrZp,0.16666666666666666,5,5,CAGCACAAGAGTCGTTAGAG,0,459683
acrZp,0.16666666666666666,5,5,CAGACGCCCGACAGTGATTA,0,430890
acrZp,0.16666666666666666,5,5,CAGACCGCTCTATGTACGCG,0,434205
acrZp,0.16666666666666666,5,5,CACTCGTAGTACTTCAAACC,0,429670
acrZp,0.16666666666666666,5,5,CACTCGCTATGAATCTTGAT,0,461442
acrZp,0.16666666666666666,5,5,CACTCATAGGCCGGTTAACT,0,424168
acrZp,0.16666666666666666,5,5,CACTACACTTGTAGGGATGG,0,460487
acrZp,0.16666666666666666,5,5,CACGTTTTCGGTGAGGTGTA,0,456266
acrZp,0.16666666666666666,5,5,CACGTTCGTATATATCTTCA,0,459524
acrZp,0.16666666666666666,5,5,CACGCATGAGTTCACTGCTG,0,414331
acrZp,0.16666666666666666,5,5,CACCGGCCTTGTCGTCCTCA,0,435682
acrZp,0.16666666666666666,5,5,CACCCAACCGGCCGTCTCTC,0,443615
acrZp,0.16666666666666666,5,5,CACATGGAGCCATGGAGATA,0,411598
acrZp,0.16666666666666666,5,5,CACATCTATTTGCTAAGACC,0,434723
acrZp,0.16666666666666666,5,5,CACACCGGTTTTGAGCCCTT,0,441698
acrZp,0.16666666666666666,5,5,CAATTCCTCAGCAAGGCACT,0,444099
acrZp,0.16666666666666666,5,5,CAATCCTCCTTGGTGTTAGT,0,422383
acrZp,0.16666666666666666,5,5,CAATCAGGTATACTTAAATC,0,419089
acrZp,0.16666666666666666,5,5,CAATAGAGCCGTGTACCTAT,0,429422
acrZp,0.16666666666666666,5,5,CAAGTTATACGGATCGTCAA,0,419602
acrZp,0.16666666666666666,5,5,CAAGCTTCCTAGGCATGTGT,0,443783
acrZp,0.16666666666666666,5,5,CAAGAGGGACATCGCCTGGG,0,455686
acrZp,0.16666666666666666,5,5,CAACACATCTTCATCTCCAC,0,442116
acrZp,0.16666666666666666,5,5,CAAATGACGCGCAATAATTA,0,445139
acrZp,0.16666666666666666,5,5,CAAAGCGGTCGCAGAGATGT,0,455994
acrZp,0.16666666666666666,5,5,CAAAGCCCACGTCGCTAACG,0,446683
acrZp,0.16666666666666666,5,5,CAAAGACTGTTGGGGCCGAT,0,429240
acrZp,0.16666666666666666,5,5,CAAAGAAAACACGGAAACTT,0,451737
acrZp,0.16666666666666666,5,5,CAAACGATCTTATGTAGGTA,0,429720
acrZp,0.16666666666666666,5,5,CAAAAGAACTATTCGCTAAG,0,445012
acrZp,0.16666666666666666,5,5,CAAAACTTCTAGCGATCACC,0,439300
acrZp,0.16666666666666666,5,5,CAAAACCGTCGGGCCTGGAA,0,457757
acrZp,0.16666666666666666,5,5,ATTTGTGGAAGGTTTAAAGC,0,437622
acrZp,0.16666666666666666,5,5,ATTTGGTACACCCCTATGGC,0,456761
acrZp,0.16666666666666666,5,5,ATTTGAGGTCAAAATATCTG,0,462520
acrZp,0.16666666666666666,5,5,ATTTCGTAGGTTGCACAAAT,0,453070
acrZp,0.16666666666666666,5,5,ATTTAAACCAGGTTGTAAGG,0,411919
acrZp,0.16666666666666666,5,5,ATTGTTTCCCGGACGGAGCA,0,463303
acrZp,0.16666666666666666,5,5,ATTGTGTAAGCAGAAGCGCT,0,453371
acrZp,0.16666666666666666,5,5,ATTGGTTTTTGAATGCTGGA,0,438515
acrZp,0.16666666666666666,5,5,ATTGGGTATTGGCACATTAC,0,456830
acrZp,0.16666666666666666,5,5,ATTGCCTTCTTTGGACTAGA,0,450293
acrZp,0.16666666666666666,5,5,ATTCGGAGCCTATCTTAAAA,0,452735
acrZp,0.16666666666666666,5,5,ATTCCGCAAAGAGAAGCCGT,0,409141
acrZp,0.16666666666666666,5,5,ATTATCGCAGTCTTTACCTT,0,447405
acrZp,0.16666666666666666,5,5,ATTAGTCTTAGTAAGAACCT,0,417708
acrZp,0.16666666666666666,5,5,ATTAGGTTTGCGGGAGGAGA,0,409162
acrZp,0.16666666666666666,5,5,ATTAGGATGCTTTCACCCAC,0,445086
acrZp,0.16666666666666666,5,5,ATTAGAGTCTTCTAATATGT,0,453238
acrZp,0.16666666666666666,5,5,ATGTTTTCGTCAACGAATAG,0,435847
acrZp,0.16666666666666666,5,5,ATGTTCGGGAAGCTTTAGCC,0,428687
acrZp,0.16666666666666666,5,5,ATGTCTTGGCAACGAAACTA,0,426826
acrZp,0.16666666666666666,5,5,ATGTCTCCTCAAGTTCTTCG,0,447849
acrZp,0.16666666666666666,5,5,ATGTAGGGAGCTTACTCTGC,0,440782
acrZp,0.16666666666666666,5,5,ATGGGGAATAGAGAGAAGCA,0,419782
acrZp,0.16666666666666666,5,5,ATGGGCAAACGTCCTCCGAC,0,453841
acrZp,0.16666666666666666,5,5,ATGGCTAAAACATACCACCT,0,440370
acrZp,0.16666666666666666,5,5,ATGGCCTGGTTCTAGCACGG,0,444737
acrZp,0.16666666666666666,5,5,ATGCCAGAAGGGTGTTCTGT,0,424688
acrZp,0.16666666666666666,5,5,ATGATTAATCTAGGACGGTG,0,429234
acrZp,0.16666666666666666,5,5,ATGATGCCTTTGGATACCAA,0,413672
acrZp,0.16666666666666666,5,5,ATGATCTGCATCATAATGGT,0,459265
acrZp,0.16666666666666666,5,5,ATCTTTTCCACCAGAATTGC,0,461977
acrZp,0.16666666666666666,5,5,ATCTTGAGGGACGGTGGCAT,0,454971
acrZp,0.16666666666666666,5,5,ATCTTGACCCTATCGATTCT,0,464792
acrZp,0.16666666666666666,5,5,ATCTGTGACACACCGTGTAG,0,454770
acrZp,0.16666666666666666,5,5,ATCTCTGAGGGGCGGTTATA,0,456381
acrZp,0.16666666666666666,5,5,ATCTCCCAGGAACAGAGACG,0,462244
acrZp,0.16666666666666666,5,5,ATCGTCCTTCCCTAACACGG,0,458754
acrZp,0.16666666666666666,5,5,ATCGTAGGCGGGCCAGTTTT,0,443998
acrZp,0.16666666666666666,5,5,ATCGGGCTGGAATTTACTCT,0,424430
acrZp,0.16666666666666666,5,5,ATCGAGGTATCCTGCAGATC,0,464481
acrZp,0.16666666666666666,5,5,ATCCTTCCCAGAGTTACTGG,0,465509
acrZp,0.16666666666666666,5,5,ATCCCGGGCTATGTGACGGT,0,457149
acrZp,0.16666666666666666,5,5,ATCCATCACTTACGCGTAGT,0,432874
acrZp,0.16666666666666666,5,5,ATCATAGGAAGTGATATCTA,0,460919
acrZp,0.16666666666666666,5,5,ATCAGAATAGTACCCCCCTG,0,438845
acrZp,0.16666666666666666,5,5,ATCACCGCGCGGGTGTCCCC,0,433647
acrZp,0.16666666666666666,5,5,ATATTCTGTATGCACTGACG,0,453591
acrZp,0.16666666666666666,5,5,ATATGTCATAACCAGCAAAT,0,424969
acrZp,0.16666666666666666,5,5,ATATGGGGAAGTTTGCTCCG,0,438758
acrZp,0.16666666666666666,5,5,ATATCGTCTTCAGCACTCTC,0,458648
acrZp,0.16666666666666666,5,5,ATATACTTAAGAATCACGTT,0,461673
acrZp,0.16666666666666666,5,5,ATAGGGTCTTAGTATTGTAT,0,444497
acrZp,0.16666666666666666,5,5,ATAGCAATTTTCCAAGGATT,0,428270
acrZp,0.16666666666666666,5,5,ATAGATATTGCGCATGGTTA,0,453310
acrZp,0.16666666666666666,5,5,ATAGAGCCCAGTTGTCAATG,0,462248
acrZp,0.16666666666666666,5,5,ATACTGTGCAGCAGCACGTT,0,464673
acrZp,0.16666666666666666,5,5,ATACTCAGTCCATCGAATGT,0,462727
acrZp,0.16666666666666666,5,5,ATACGCGTGTTTACACAAAT,0,439981
acrZp,0.16666666666666666,5,5,ATAACGTGCATTGGGGGGTG,0,410618
acrZp,0.16666666666666666,5,5,ATAAATGTCACCGAATATCC,0,421266
acrZp,0.16666666666666666,5,5,ATAAACGGACCGTGATCCGT,0,436728
acrZp,0.16666666666666666,5,5,AGTTCGGTACGGGGCGTCCC,0,449000
acrZp,0.16666666666666666,5,5,AGTTCATGGACGCATAGGTC,0,460980
acrZp,0.16666666666666666,5,5,AGTTAAAAAACCAGACTCCT,0,441294
acrZp,0.16666666666666666,5,5,AGTGTGTCCACGCCTTAGAC,0,459929
acrZp,0.16666666666666666,5,5,AGTGTGGCTTCATCAGATCG,0,422384
acrZp,0.16666666666666666,5,5,AGTGGTCGGGCCGGAAAACC,0,465808
acrZp,0.16666666666666666,5,5,AGTGGAGGCGGCGATCGCCA,0,429672
acrZp,0.16666666666666666,5,5,AGTGCAAGACAAGCGGATTA,0,438511
acrZp,0.16666666666666666,5,5,AGTGACGTTACTCAACATTG,0,452991
acrZp,0.16666666666666666,5,5,AGTCGTAGTTGCTCTAAGAC,0,424917
acrZp,0.16666666666666666,5,5,AGTATTATCGAAGAAATCTC,0,430115
acrZp,0.16666666666666666,5,5,AGGTGATCCGAACGCGGCAT,0,418198
acrZp,0.16666666666666666,5,5,AGGTGACTGGCCCTAGCACT,0,411522
acrZp,0.16666666666666666,5,5,AGGTCTCGGGTTTAGGCATC,0,435223
acrZp,0.16666666666666666,5,5,AGGTCTCAGGTCGTCGGCTC,0,422762
acrZp,0.16666666666666666,5,5,AGGGGTGAAAACGAATACTG,0,432715
acrZp,0.16666666666666666,5,5,AGGGGGGGTCATTGCCGGAT,0,416913
acrZp,0.16666666666666666,5,5,AGGGCCGGCGTCCGCATCAT,0,456701
acrZp,0.16666666666666666,5,5,AGGGCATATCCCGTCCTATT,0,460570
acrZp,0.16666666666666666,5,5,AGGGCAATTAAAGAGCGTTT,0,419209
acrZp,0.16666666666666666,5,5,AGGGACGTATGGAGGGAGGA,0,440458
acrZp,0.16666666666666666,5,5,AGGGACCCTGTGACAGAGCC,0,414460
acrZp,0.16666666666666666,5,5,AGGCTGTCTCTCTAAACTGA,0,426887
acrZp,0.16666666666666666,5,5,AGGCTAGGGTAATCAGAGAG,0,423149
acrZp,0.16666666666666666,5,5,AGGCGCTACATCCAATGGGT,0,440144
acrZp,0.16666666666666666,5,5,AGGCCTGAACTTTCGGACAT,0,458015
acrZp,0.16666666666666666,5,5,AGGCCCCTGGGAGATTCGCG,0,409900
acrZp,0.16666666666666666,5,5,AGGCAGCATCATCGCGCCCT,0,428317
acrZp,0.16666666666666666,5,5,AGGAGACATAACTACCATGC,0,440822
acrZp,0.16666666666666666,5,5,AGGAGAAGAGCAGAGTGACA,0,451746
acrZp,0.16666666666666666,5,5,AGGACTCATTCAGTAAAATT,0,415299
acrZp,0.16666666666666666,5,5,AGGACGGACAAACGATGCGT,0,457927
acrZp,0.16666666666666666,5,5,AGGAAGTAGTGAGGTGTCCA,0,413300
acrZp,0.16666666666666666,5,5,AGCTCTTTTTCCCGCATCCA,0,455294
acrZp,0.16666666666666666,5,5,AGCGGCTAAGGGATGCATGT,0,429879
acrZp,0.16666666666666666,5,5,AGCGGCAAAACACATTTTAA,0,438185
acrZp,0.16666666666666666,5,5,AGCATCTCCACGAGAATACA,0,423643
acrZp,0.16666666666666666,5,5,AGCAGATATGGGCTGTAATG,0,452707
acrZp,0.16666666666666666,5,5,AGCACTGCATCCTAGCCCTA,0,411045
acrZp,0.16666666666666666,5,5,AGCAAGACTTGATTATTTCG,0,411394
acrZp,0.16666666666666666,5,5,AGATTCTATGTATTGGCTTG,0,412219
acrZp,0.16666666666666666,5,5,AGATGAGTCTTGTAAGATAA,0,455662
acrZp,0.16666666666666666,5,5,AGATCGATCGTGGTTCTGGG,0,465318
acrZp,0.16666666666666666,5,5,AGATCGATATGACCTATGTG,0,415696
acrZp,0.16666666666666666,5,5,AGAGTGCAGCGATTAGAATG,0,435406
acrZp,0.16666666666666666,5,5,AGAGTGACTTATGCAGGTAT,0,443516
acrZp,0.16666666666666666,5,5,AGAGGCGCAGTCTTAACACA,0,439595
acrZp,0.16666666666666666,5,5,AGAATGGCACCAGGAGAAAC,0,427613
acrZp,0.16666666666666666,5,5,AGAATATAGTTATACACCTA,0,465592
acrZp,0.16666666666666666,5,5,AGAAGATTATTCGGCAACGA,0,451858
acrZp,0.16666666666666666,5,5,AGAACTGGTCTCTCAGACGT,0,446178
acrZp,0.16666666666666666,5,5,AGAACAGGAAGCTGATCGAG,0,450527
acrZp,0.16666666666666666,5,5,AGAAACAAAAGTACAGCAAA,0,465323
acrZp,0.16666666666666666,5,5,ACTTGCTGCACGTCAGGTAT,0,427312
acrZp,0.16666666666666666,5,5,ACTTCGGGACGTTGTTATCC,0,437182
acrZp,0.16666666666666666,5,5,ACTGTTTTGCGACTCCGTGG,0,456825
acrZp,0.16666666666666666,5,5,ACTGGTCTCTGATTACCCCT,0,429793
acrZp,0.16666666666666666,5,5,ACTGGGTGAGTATGCATAAG,0,416323
acrZp,0.16666666666666666,5,5,ACTGCTACCGAACACGTTCC,0,421716
acrZp,0.16666666666666666,5,5,ACTGCGTAGAAATAGCTGTT,0,464802
acrZp,0.16666666666666666,5,5,ACTCGTCTTGGTAGCGGGCA,0,414458
acrZp,0.16666666666666666,5,5,ACTAGGTACCAAGCTCTTTA,0,463153
acrZp,0.16666666666666666,5,5,ACTAGACCGGCATCGTCCAT,0,452304
acrZp,0.16666666666666666,5,5,ACTACGTTCGCAGCCTTGCA,0,421540
acrZp,0.16666666666666666,5,5,ACTAAGGCCTGCCGATCGTA,0,412689
acrZp,0.16666666666666666,5,5,ACTAACCATCAACGCAATTC,0,457381
acrZp,0.16666666666666666,5,5,ACGTTTACTCTATGTGACTG,0,413402
acrZp,0.16666666666666666,5,5,ACGTTAATACACAGTGGGAG,0,410062
acrZp,0.16666666666666666,5,5,ACGTGGAAGCTATCAGCGGG,0,412122
acrZp,0.16666666666666666,5,5,ACGTCTTCTATGCGAAGTCA,0,452630
acrZp,0.16666666666666666,5,5,ACGTCGTGCCTATTGGTCCC,0,419019
acrZp,0.16666666666666666,5,5,ACGTCCGGTCCAACGTTTCA,0,438171
acrZp,0.16666666666666666,5,5,ACGTAGAGTGACCGTGGACC,0,459911
acrZp,0.16666666666666666,5,5,ACGTAAGCGACCTCGCAGAA,0,466322
acrZp,0.16666666666666666,5,5,ACGGGTCGGTGGGTCTGGTG,0,466341
acrZp,0.16666666666666666,5,5,ACGGGATCGAGAACTCATCG,0,411648
acrZp,0.16666666666666666,5,5,ACGGCGATCGTGAAGGTGAA,0,417688
acrZp,0.16666666666666666,5,5,ACGCGTGAGGTTATAGGTAC,0,464004
acrZp,0.16666666666666666,5,5,ACGCGTCTCATTTTGTGATC,0,463349
acrZp,0.16666666666666666,5,5,ACGATTTGCGGCACGAAGCT,0,442820
acrZp,0.16666666666666666,5,5,ACGATCATTGCCTAGACTCC,0,436289
acrZp,0.16666666666666666,5,5,ACGAGTGTTGATCGCGCATA,0,424593
acrZp,0.16666666666666666,5,5,ACGAGTGGTACAATATTCAA,0,459053
acrZp,0.16666666666666666,5,5,ACCTGTTCCACAGTCATGTC,0,445599
acrZp,0.16666666666666666,5,5,ACCTCCTCGGAACCGACAGC,0,427638
acrZp,0.16666666666666666,5,5,ACCGAGGAACAGTCAAGCTT,0,459478
acrZp,0.16666666666666666,5,5,ACCCGTATCTTGTCTGGCTT,0,460741
acrZp,0.16666666666666666,5,5,ACCCGCCTTACAAGGCGCCG,0,456299
acrZp,0.16666666666666666,5,5,ACCCCAGGCGTGGCTTAGAC,0,447246
acrZp,0.16666666666666666,5,5,ACCATGATAGCGGCAAGAGA,0,459531
acrZp,0.16666666666666666,5,5,ACCATCCGACTCAGGTTTAA,0,420313
acrZp,0.16666666666666666,5,5,ACCATCCACGAGTTGACGGG,0,413674
acrZp,0.16666666666666666,5,5,ACCAGAAAACGACAGTTATC,0,427058
acrZp,0.16666666666666666,5,5,ACCACCGGGAGGCCTGGAGC,0,442224
acrZp,0.16666666666666666,5,5,ACCACACATGATAAGTCAGT,0,464509
acrZp,0.16666666666666666,5,5,ACCACAACACGACGGGAGGT,0,448715
acrZp,0.16666666666666666,5,5,ACATTAGTCTATTCGAGGAC,0,441550
acrZp,0.16666666666666666,5,5,ACATAGACGTCATTAATAAG,0,409026
acrZp,0.16666666666666666,5,5,ACAGTTAGTGACACTTCTGT,0,444080
acrZp,0.16666666666666666,5,5,ACAGTTACCTCACTCGCTCT,0,408688
acrZp,0.16666666666666666,5,5,ACAGACCGGGTTCGGTGTTG,0,421680
acrZp,0.16666666666666666,5,5,ACACGCGAGGGGCTTTTAGT,0,433600
acrZp,0.16666666666666666,5,5,ACACATTCGTCTCGGGTTTT,0,421552
acrZp,0.16666666666666666,5,5,ACACAGCGTCGTCGTACAAG,0,418708
acrZp,0.16666666666666666,5,5,ACAACCGCAGAGGTTACATA,0,463270
acrZp,0.16666666666666666,5,5,AATTTATATAGATCCTCCTG,0,426590
acrZp,0.16666666666666666,5,5,AATTGCTGTCATCTAGGAGC,0,425560
acrZp,0.16666666666666666,5,5,AATTGATCTTCGCACTCCGG,0,415670
acrZp,0.16666666666666666,5,5,AATTCTCCCTGTACGTGTAT,0,437627
acrZp,0.16666666666666666,5,5,AATTAACTTACACTTTCGGT,0,410065
acrZp,0.16666666666666666,5,5,AATGGTATGCGTCATTCTGG,0,430456
acrZp,0.16666666666666666,5,5,AATGCTCGCGGCGCACTCGC,0,415207
acrZp,0.16666666666666666,5,5,AATCATGGAGCTGAAGATTG,0,464772
acrZp,0.16666666666666666,5,5,AATATCCTTACTTGGTTATG,0,438790
acrZp,0.16666666666666666,5,5,AATACTAACTGCGAGTGAGA,0,453525
acrZp,0.16666666666666666,5,5,AAGTGCCGGGACACGTTAGT,0,428783
acrZp,0.16666666666666666,5,5,AAGGTGATCGGATAGCCGCT,0,457078
acrZp,0.16666666666666666,5,5,AAGGTCCGAGGGGACCAATA,0,453915
acrZp,0.16666666666666666,5,5,AAGGGTTAGATAGTGCACGT,0,410010
acrZp,0.16666666666666666,5,5,AAGGGGATGTGTCAGGCAGC,0,430765
acrZp,0.16666666666666666,5,5,AAGGGCACAGGCTGTACGTG,0,457467
acrZp,0.16666666666666666,5,5,AAGGCATGTAGTCATCCCAT,0,422252
acrZp,0.16666666666666666,5,5,AAGGCACAAAGTCGCCTAAT,0,449739
acrZp,0.16666666666666666,5,5,AAGGATCCGACCACTCAGGA,0,424435
acrZp,0.16666666666666666,5,5,AAGGACCTCGTTCGGAGGCA,0,434373
acrZp,0.16666666666666666,5,5,AAGGACATTAGACCCCCGCT,0,411341
acrZp,0.16666666666666666,5,5,AAGGAATGGATCACCACATG,0,431208
acrZp,0.16666666666666666,5,5,AAGGAAGGGCCAAGGACACA,0,444157
acrZp,0.16666666666666666,5,5,AAGCAAGCAGGGACAGATGT,0,431929
acrZp,0.16666666666666666,5,5,AAGATGTGGGGCGAAGGGCT,0,457517
acrZp,0.16666666666666666,5,5,AAGATGATGCCGACGTGTGC,0,457570
acrZp,0.16666666666666666,5,5,AAGAGTGAACGCGACTCTCT,0,408630
acrZp,0.16666666666666666,5,5,AAGAGACGCGTGCCGCATTT,0,413846
acrZp,0.16666666666666666,5,5,AAGACTACCGGGAAGCTACA,0,457397
acrZp,0.16666666666666666,5,5,AAGACGTGGTAGTGATGATT,0,457239
acrZp,0.16666666666666666,5,5,AAGAATGCTATGGCCACAGT,0,423495
acrZp,0.16666666666666666,5,5,AAGAATAGTTCTTGGGGATG,0,459119
acrZp,0.16666666666666666,5,5,AACTGTACTCTCCTTGCCAC,0,450256
acrZp,0.16666666666666666,5,5,AACTGGTTGTCGAAGGCCCG,0,459288
acrZp,0.16666666666666666,5,5,AACTGGGCGTACTTAGTTAT,0,428623
acrZp,0.16666666666666666,5,5,AACTGCCGTACTTTAGTCGG,0,421518
acrZp,0.16666666666666666,5,5,AACTCAAAGCAAGTTAACGT,0,414178
acrZp,0.16666666666666666,5,5,AACGTGTAGTGTTCAGGAGT,0,434008
acrZp,0.16666666666666666,5,5,AACGGGAACCCTGAACACTG,0,419846
acrZp,0.16666666666666666,5,5,AACGGATCGAGCGTAATAAG,0,463933
acrZp,0.16666666666666666,5,5,AACCAGATAGGATGGTAAAG,0,446237
acrZp,0.16666666666666666,5,5,AACATTTATGGCGGGCTTCA,0,438794
acrZp,0.16666666666666666,5,5,AACAGGTGTGGGAAAGCGGT,0,436638
acrZp,0.16666666666666666,5,5,AACAGCCCGGACAGGTTCTG,0,418279
acrZp,0.16666666666666666,5,5,AACAATGGATCAATTCTGAA,0,413776
acrZp,0.16666666666666666,5,5,AACAAGTGGGATATCAGGAG,0,425935
acrZp,0.16666666666666666,5,5,AAATTGGCCTGATTATCAGG,0,443509
acrZp,0.16666666666666666,5,5,AAATGTCTCAGACTTAATTT,0,434751
acrZp,0.16666666666666666,5,5,AAATGGCTCCCCTTGCGTAG,0,439163
acrZp,0.16666666666666666,5,5,AAATCCGTTAGTCTATCGCT,0,441913
acrZp,0.16666666666666666,5,5,AAATAGACTAAGCGATGTCG,0,456080
acrZp,0.16666666666666666,5,5,AAAGATGTCGAATCGTTCAC,0,423365
acrZp,0.16666666666666666,5,5,AAACCTTTGAAGTTCAATGA,0,422296
acrZp,0.16666666666666666,5,5,AAACCTTATTAACTTGGTAA,0,463300
acrZp,0.16666666666666666,5,5,AAACCATCTCTTGGGTTTGT,0,415537
acrZp,0.16666666666666666,5,5,AAACAGTAGATAACGTTGTT,0,428935
acrZp,0.16666666666666666,5,5,AAAATGCTTAATCATTAATT,0,431035
acrZp,0.2,4,4,TTTTTTCCGGGGAATTTCTC,0,447154
acrZp,0.2,4,4,TTTTGGGATTATACTAAGCG,0,456362
acrZp,0.2,4,4,TTTTGCTGGATGCTGTTAAC,0,429785
acrZp,0.2,4,4,TTTTGCCCGCCGAGCCGTTT,0,460645
acrZp,0.2,4,4,TTTTGAGGCCGTCGCTGAGC,0,467441
acrZp,0.2,4,4,TTTTCTGTTCTGGACTCGTA,0,423891
acrZp,0.2,4,4,TTTTCCGTCCGTAGCCCAAA,0,456139
acrZp,0.2,4,4,TTTTCAGTATTATGGATGAA,0,413122
acrZp,0.2,4,4,TTTTCACGCGGGTACGACTA,0,423879
acrZp,0.2,4,4,TTTGTCCCGTGTATCTATCT,0,463488
acrZp,0.2,4,4,TTTGGGTCTGAAAATTGCAT,0,451170
acrZp,0.2,4,4,TTTGGCCTTGTGGCGCACAC,0,428883
acrZp,0.2,4,4,TTTCTAATCGGTGGACCCAC,0,426089
acrZp,0.2,4,4,TTTCGAAATTTTGCATAGCG,0,449572
acrZp,0.2,4,4,TTTCCATTTTCTCGCCGCGG,0,426313
acrZp,0.2,4,4,TTTCATTGTTGCAACTCTCC,0,462492
acrZp,0.2,4,4,TTTATTCACTCTGTGCAAGG,0,411574
acrZp,0.2,4,4,TTTAAAGGGTACAGAGCCCT,0,423887
acrZp,0.2,4,4,TTGTGCCTGTCTCGGGGAGG,0,452336
acrZp,0.2,4,4,TTGTCCCAAGAGACTCACAA,0,446119
acrZp,0.2,4,4,TTGTATCCTTATGTCGGTAA,0,453424
acrZp,0.2,4,4,TTGTATATGGCAATCTCTTG,0,451460
acrZp,0.2,4,4,TTGGTGGGGTCACTGAAAGC,0,463861
acrZp,0.2,4,4,TTGGGGGATACAAAGCAGGT,0,447969
acrZp,0.2,4,4,TTGGACCCGGATGCGGCTAT,0,454102
acrZp,0.2,4,4,TTGCTGAGGCAGGTTTATCT,0,428440
acrZp,0.2,4,4,TTGCTCTCCGAGGTGCTGTA,0,453796
acrZp,0.2,4,4,TTGCGTGCGAACGTGAAAGA,0,459424
acrZp,0.2,4,4,TTGCGTATAAGGGACTTCAG,0,422867
acrZp,0.2,4,4,TTGCGTAGAGAGTCTCTACG,0,443144
acrZp,0.2,4,4,TTGCGGGTGGGAGGACTAAT,0,445391
acrZp,0.2,4,4,TTGCGGACATGTCGGATCTT,0,442988
acrZp,0.2,4,4,TTGCGCGGCACCGGGGCATG,0,435375
acrZp,0.2,4,4,TTGCGCCTACGTACAGCTTT,0,444201
acrZp,0.2,4,4,TTGACGTCGAACAATGACGT,0,426713
acrZp,0.2,4,4,TTCTTTGCCACAAGTTTATG,0,411332
acrZp,0.2,4,4,TTCTCCGATAAATAATAATT,0,462721
acrZp,0.2,4,4,TTCTCCACAAACCCTGGTTT,0,428124
acrZp,0.2,4,4,TTCTAGGAGAACCATCCGGA,0,425018
acrZp,0.2,4,4,TTCGTAGAAGGTTGCGACCC,0,453236
acrZp,0.2,4,4,TTCGGGGTTTAAGAACGACT,0,412968
acrZp,0.2,4,4,TTCGGCGTGCACGTATTGGA,0,425934
acrZp,0.2,4,4,TTCGGCGAGTTAGGTCGAGA,0,466904
acrZp,0.2,4,4,TTCGGAAGCAAGAAATGTGC,0,445648
acrZp,0.2,4,4,TTCGATTTTATCGTACGTAG,0,463164
acrZp,0.2,4,4,TTCGATCCTTCGAATGGTTC,0,409012
acrZp,0.2,4,4,TTCCTCTATTCAGAGGGTGA,0,419817
acrZp,0.2,4,4,TTCCCCTAGCTGAATGCCTG,0,447533
acrZp,0.2,4,4,TTCCCCGGGATGACGGGCGC,0,413186
acrZp,0.2,4,4,TTCCCCCACCACCCGACCTT,0,459660
acrZp,0.2,4,4,TTCATCTGCGCCCAAATTTG,0,461123
acrZp,0.2,4,4,TTCAGACAGATGGGTTTCCT,0,409327
acrZp,0.2,4,4,TTCACGACGCCGCTCCGGTA,0,418376
acrZp,0.2,4,4,TTATTTGTATCGGGGCCTCG,0,419016
acrZp,0.2,4,4,TTATTTACTATTATACGTAG,0,462309
acrZp,0.2,4,4,TTATTCGTATAAGAAAGAAG,0,417775
acrZp,0.2,4,4,TTAGTCTGTCCCTCAAAATA,0,411960
acrZp,0.2,4,4,TTAGCCTCGACTGATAATAC,0,456373
acrZp,0.2,4,4,TTAGAGGCCAATCACTGTCC,0,421751
acrZp,0.2,4,4,TTAGACGAAGAAGTTCAATA,0,446760
acrZp,0.2,4,4,TTAGAATGCACAGATTCGAA,0,460789
acrZp,0.2,4,4,TTACGGATGTTCCGCCCTTG,0,427796
acrZp,0.2,4,4,TTACCCTGCTCCCGACCCGT,0,438366
acrZp,0.2,4,4,TTACAACACCGGGGCGGTTC,0,448713
acrZp,0.2,4,4,TTAATAGTTCTTCCGTGCAT,0,449485
acrZp,0.2,4,4,TTAAGTGCCGGGATAAAGAC,0,436628
acrZp,0.2,4,4,TTAAAGAAGTCGCAATCAAA,0,449628
acrZp,0.2,4,4,TGTTTAACTACGTAGTAATA,0,440324
acrZp,0.2,4,4,TGTTGTAGGGCAGGGCGACG,0,408973
acrZp,0.2,4,4,TGTTCATCATTGTCTGTAAC,0,436049
acrZp,0.2,4,4,TGTTAATCTCCCTTGTAAAG,0,427263
acrZp,0.2,4,4,TGTGTCGCGTACCAGCCGGA,0,444464
acrZp,0.2,4,4,TGTGTATTGTGAAGAACAGC,0,427743
acrZp,0.2,4,4,TGTGTAGATACGGTTCATTC,0,456455
acrZp,0.2,4,4,TGTGGGCTAATACACTTGAT,0,428693
acrZp,0.2,4,4,TGTGGAAGGTTTGACCGCAT,0,453186
acrZp,0.2,4,4,TGTGCTCGTAACAGATTTAC,0,410831
acrZp,0.2,4,4,TGTGCCGAACGTTTTTCATG,0,426818
acrZp,0.2,4,4,TGTGCAGTACGGAACAGAGG,0,430796
acrZp,0.2,4,4,TGTGCACCGTTCCTTTTCGC,0,451274
acrZp,0.2,4,4,TGTCTCACGGGAGGCTATCG,0,461472
acrZp,0.2,4,4,TGTCTATAGGGCACCGAATT,0,441933
acrZp,0.2,4,4,TGTCCGAAAGTCCAGCTGGT,0,433167
acrZp,0.2,4,4,TGTCAGTTCTGGGGCCGCAA,0,466511
acrZp,0.2,4,4,TGGTTTAAACGGCGTCGGCA,0,466785
acrZp,0.2,4,4,TGGTTGGAGTCCATTCATAG,0,448043
acrZp,0.2,4,4,TGGTGTTATCCGCGCTAGTT,0,462358
acrZp,0.2,4,4,TGGTGGCCGCATACGTCCCC,0,424265
acrZp,0.2,4,4,TGGTATGCTACTGCGCCACT,0,442477
acrZp,0.2,4,4,TGGTACGCTCGCGTCGAGAA,0,460974
acrZp,0.2,4,4,TGGGTGGGAGGCGGGGATTA,0,448352
acrZp,0.2,4,4,TGGGTAGTTAAACTGAGAAA,0,452952
acrZp,0.2,4,4,TGGGGGAACAGGGAGGCTCT,0,443306
acrZp,0.2,4,4,TGGGCTCAAATAAAGTTTCT,0,428692
acrZp,0.2,4,4,TGGCTCCTTCTCGGACCACA,0,464193
acrZp,0.2,4,4,TGGCATGAAGCTGGGGACGT,0,453986
acrZp,0.2,4,4,TGGCAGGACACAGCAACTAA,0,414414
acrZp,0.2,4,4,TGGCAAATCTATCACACCAT,0,412078
acrZp,0.2,4,4,TGGATTGATAAAGGCCACTC,0,425096
acrZp,0.2,4,4,TGGATCTCGACGTCCAAAAC,0,463826
acrZp,0.2,4,4,TGGAGCGCCATAAGACTGGT,0,463454
acrZp,0.2,4,4,TGGAGAGCCGGAGCTACTGT,0,430600
acrZp,0.2,4,4,TGGAATAATTGTATTAGGGT,0,457731
acrZp,0.2,4,4,TGGAAGCAGCGCAGTGACAA,0,417696
acrZp,0.2,4,4,TGCTTCGCCCAAACCATAGT,0,414472
acrZp,0.2,4,4,TGCTAAGTAGCCCTAAACGA,0,448504
acrZp,0.2,4,4,TGCGTTGTGAGGAAAGGGGA,0,463346
acrZp,0.2,4,4,TGCGTAGGGCAGTCGTGTTA,0,414067
acrZp,0.2,4,4,TGCGGCGGGTTCCCCAGCGG,0,420790
acrZp,0.2,4,4,TGCGCAACATAGTCGAGCTG,0,439081
acrZp,0.2,4,4,TGCGAGGAGGTCAGCCAGTG,0,461473
acrZp,0.2,4,4,TGCGACGAATGGAGTTCTTA,0,424069
acrZp,0.2,4,4,TGCCTAGGACCGGGTAAAGA,0,420007
acrZp,0.2,4,4,TGCCCGTTCGGCTAGTGGCT,0,445678
acrZp,0.2,4,4,TGCCCGACTACACAGTAACC,0,423142
acrZp,0.2,4,4,TGCCAGGCTCATAGGCCCTG,0,461341
acrZp,0.2,4,4,TGCATTGCTGTAGTCGCGCT,0,416721
acrZp,0.2,4,4,TGCAGCCTCTCACTATCCAA,0,438842
acrZp,0.2,4,4,TGCACGTTTTCCACGGCAGT,0,416210
acrZp,0.2,4,4,TGCAACTTGCTGGGTTGCAG,0,423499
acrZp,0.2,4,4,TGCAACGAATAAACCGTATT,0,436640
acrZp,0.2,4,4,TGCAAAAAGCTGAGCAAATC,0,454541
acrZp,0.2,4,4,TGATTGTGCAAATGAAGGGA,0,459461
acrZp,0.2,4,4,TGATTAGTTGGAACGCAGGC,0,447192
acrZp,0.2,4,4,TGATGTACTCCACTAAAGAC,0,454691
acrZp,0.2,4,4,TGATCTGTAGCGTGTTCACT,0,447795
acrZp,0.2,4,4,TGAGGACGGTTAACCCGTGG,0,451630
acrZp,0.2,4,4,TGAGATGCGCCCCCTGAAGG,0,458603
acrZp,0.2,4,4,TGACTGTCGTGAACCTCCAA,0,430374
acrZp,0.2,4,4,TGACATTGGTGTGTCATACC,0,465270
acrZp,0.2,4,4,TGAATGTGCACTGGAACCAT,0,456440
acrZp,0.2,4,4,TGAAGTTTAGGGCTGATAAT,0,410464
acrZp,0.2,4,4,TGAACTTCTGGGGACCCCGG,0,411965
acrZp,0.2,4,4,TCTTTCCGAAACGTGAGCTC,0,427608
acrZp,0.2,4,4,TCTTTAGCGTACGAGTGTGG,0,446480
acrZp,0.2,4,4,TCTTGGGACATCTCCCTTAT,0,439767
acrZp,0.2,4,4,TCTTCAGGGCGTTATTTCAG,0,439416
acrZp,0.2,4,4,TCTTATACTGGTAGCGACAG,0,451148
acrZp,0.2,4,4,TCTTACGTAATATGGACGAC,0,410661
acrZp,0.2,4,4,TCTGTTAACGTAGACGGGTC,0,409323
acrZp,0.2,4,4,TCTGTCTGGCTTCTGTGTCT,0,451491
acrZp,0.2,4,4,TCTGGCTTGGATGCTAGAGT,0,437734
acrZp,0.2,4,4,TCTGGATGGGCTCCGGTGGA,0,454902
acrZp,0.2,4,4,TCTGCCGGTGTCGCTCAGTT,0,435343
acrZp,0.2,4,4,TCTGCAATTCGGGGTCTAGT,0,424937
acrZp,0.2,4,4,TCTGATAATATTCGCCCCCA,0,432981
acrZp,0.2,4,4,TCTGAGGCGTCAGGGGCGAG,0,439812
acrZp,0.2,4,4,TCTGAGCTTTCCACGGGAAT,0,446535
acrZp,0.2,4,4,TCTCTCACTGGAAGGTCTTG,0,449888
acrZp,0.2,4,4,TCTCGGGAGCCACCCTGTTT,0,425662
acrZp,0.2,4,4,TCTCGAACCATTAGTTCGGT,0,422425
acrZp,0.2,4,4,TCTAGTGTAAACCGGATGGC,0,409877
acrZp,0.2,4,4,TCTAGACATGGTGGCACCCC,0,412572
acrZp,0.2,4,4,TCGTGCCGTGGCAGACCCTA,0,465241
acrZp,0.2,4,4,TCGTCTACGGGCTGGAGGGA,0,432315
acrZp,0.2,4,4,TCGTAGTACCTCTAACTGCC,0,420011
acrZp,0.2,4,4,TCGTAGCAAGAAAGAAAGTG,0,461955
acrZp,0.2,4,4,TCGTAGAGGGTAGTGGAGCA,0,438855
acrZp,0.2,4,4,TCGTAACTGTTACCGTGAGT,0,448797
acrZp,0.2,4,4,TCGGGTACTGACGGGTCGTG,0,446847
acrZp,0.2,4,4,TCGGCGTCACTATGGTCATA,0,415009
acrZp,0.2,4,4,TCGGATCCTGCCTCATACTC,0,430737
acrZp,0.2,4,4,TCGCTAACGGTTTAGGTCAT,0,430936
acrZp,0.2,4,4,TCGCCGGCCTCATAGAAATT,0,436744
acrZp,0.2,4,4,TCGATTCCGTTAGCCCGTCG,0,443023
acrZp,0.2,4,4,TCGATCGGAACCGAGATGAT,0,462111
acrZp,0.2,4,4,TCGAAGACTGTCTGCCTGAA,0,437518
acrZp,0.2,4,4,TCCTGTGGACGCGGGGAGTA,0,415688
acrZp,0.2,4,4,TCCTGACTTCTATGAGGAAG,0,453298
acrZp,0.2,4,4,TCCTAGGTTATATCCAAGGG,0,434343
acrZp,0.2,4,4,TCCGTATGTTCAGATGAGAT,0,426233
acrZp,0.2,4,4,TCCGTACCAGGCTACTCAAG,0,427016
acrZp,0.2,4,4,TCCGCTGGGCCTATTATGGT,0,415068
acrZp,0.2,4,4,TCCGCGGTACGCGTGAAGTT,0,455886
acrZp,0.2,4,4,TCCGCCGACGACAAGCCCTC,0,441588
acrZp,0.2,4,4,TCCCCCACAAAGAACCGCGC,0,448930
acrZp,0.2,4,4,TCCCAATCCGATCTTCTTGT,0,429417
acrZp,0.2,4,4,TCCAGTGTATAAGTCCGCGG,0,443159
acrZp,0.2,4,4,TCCAGAAAGAGTTTGGGTAT,0,438560
acrZp,0.2,4,4,TCATGTCCTAAATATCAAAG,0,411466
acrZp,0.2,4,4,TCATGCGGCTAGTTTTCGTA,0,437496
acrZp,0.2,4,4,TCATGCCGCGCAAAAAGCTC,0,435612
acrZp,0.2,4,4,TCAGTTGAGAATTGAAGGGT,0,431720
acrZp,0.2,4,4,TCAGTGTTACCCTTTAGGGC,0,462050
acrZp,0.2,4,4,TCAGGTTCGTTGAGGCCATT,0,432679
acrZp,0.2,4,4,TCAGGGGGAGTCATTTATGA,0,460861
acrZp,0.2,4,4,TCAGATTTAAAAGTCGAACT,0,415002
acrZp,0.2,4,4,TCACTCTTCTACGGGCCGGC,0,440221
acrZp,0.2,4,4,TCACTCGCGTCGCTGGCTGG,0,411328
acrZp,0.2,4,4,TCACGTGCTCGTAGGAGACA,0,466201
acrZp,0.2,4,4,TCACGCGGGGTAACCTGCTT,0,448689
acrZp,0.2,4,4,TCACCTCTGCCGTAGCGGCA,0,437367
acrZp,0.2,4,4,TCACCTATTTTATTGAACGA,0,454669
acrZp,0.2,4,4,TCACCACGTCCCACTTACCA,0,459032
acrZp,0.2,4,4,TCAAGTAGGAACTTACGGCT,0,419085
acrZp,0.2,4,4,TCAAGGATTTGTGGTGCTCA,0,458585
acrZp,0.2,4,4,TCAAGCGCTCTCAAGGAAGT,0,442158
acrZp,0.2,4,4,TCAACGTAGGCATTATTTGA,0,450978
acrZp,0.2,4,4,TCAACCTGTCCGTAAACACT,0,419551
acrZp,0.2,4,4,TATTTGATCACACTCTTCGA,0,424970
acrZp,0.2,4,4,TATTCGAGCAATAAATCTAT,0,427600
acrZp,0.2,4,4,TATGTACAACGATTTGGCTA,0,454008
acrZp,0.2,4,4,TATGCGCGTTAAGGAAATCA,0,419719
acrZp,0.2,4,4,TATGCCGGGGCGCCTCGGGA,0,412213
acrZp,0.2,4,4,TATGAGCTTCCATTATCCGT,0,451815
acrZp,0.2,4,4,TATCTTCCAAAGAAGGCAGG,0,462738
acrZp,0.2,4,4,TATCGAGGTTTGCTGACAGC,0,433835
acrZp,0.2,4,4,TATCAGGAGGCCGGAGGGAT,0,456018
acrZp,0.2,4,4,TATATCCTTCGGTATGACGT,0,448520
acrZp,0.2,4,4,TATAGTACGCTAAGGTCCGG,0,421735
acrZp,0.2,4,4,TATAGAACGGACCAAGCCCT,0,420618
acrZp,0.2,4,4,TATACGAGGCCGTTCGGATA,0,461722
acrZp,0.2,4,4,TATAACTGGTAAAACTCCGG,0,439017
acrZp,0.2,4,4,TAGGTTGCTAGTTCCCTAAA,0,440810
acrZp,0.2,4,4,TAGGTCGCACTAGGACTTAT,0,436360
acrZp,0.2,4,4,TAGGGTCCGGCTGCAAGACC,0,429887
acrZp,0.2,4,4,TAGGGATCGCAAGCGTGAAC,0,412983
acrZp,0.2,4,4,TAGGCTGAGTTAGCAACTAG,0,447817
acrZp,0.2,4,4,TAGCACTCCTGCTACATAAA,0,446055
acrZp,0.2,4,4,TACTTGCGGTCGCGACAGGG,0,467018
acrZp,0.2,4,4,TACTTCGGGGAGCAAGTACT,0,458136
acrZp,0.2,4,4,TACTATGCTTTTCGTGTCAA,0,439222
acrZp,0.2,4,4,TACGTCACATTACACGTGCT,0,449741
acrZp,0.2,4,4,TACGCTACTCGCACACGTGT,0,433656
acrZp,0.2,4,4,TACGCACGAACCGAGATGAG,0,442969
acrZp,0.2,4,4,TACGATGCGACTGCAGAAGC,0,438968
acrZp,0.2,4,4,TACGATGAGAGGCAAGATTG,0,432394
acrZp,0.2,4,4,TACGACGGATTTGTGTCTCG,0,411853
acrZp,0.2,4,4,TACATTTAATTAAAAAAAGC,0,433428
acrZp,0.2,4,4,TACAGTATTCTTTGGCATCT,0,410586
acrZp,0.2,4,4,TACAGGTTCGTATCCGCTAG,0,431831
acrZp,0.2,4,4,TACAGATGGGTATTGATTGT,0,462151
acrZp,0.2,4,4,TACACCGGTGGCTGAATCGA,0,463331
acrZp,0.2,4,4,TAATTGCTCTCGTAGGCAAC,0,456179
acrZp,0.2,4,4,TAATTCGCTCTTGCAGGGAA,0,412138
acrZp,0.2,4,4,TAATTCCGTACCAACAACAT,0,414160
acrZp,0.2,4,4,TAATGCGACCTAATTAGTCC,0,413698
acrZp,0.2,4,4,TAATGAGGGGCGCCGCGTTC,0,455647
acrZp,0.2,4,4,TAATCACGCGCGCCTCGGTA,0,430362
acrZp,0.2,4,4,TAATAGTCCCTGCTACTATT,0,454092
acrZp,0.2,4,4,TAATACGTGAATTGGCCTCT,0,439528
acrZp,0.2,4,4,TAATAACAGATGGATGGCGT,0,446568
acrZp,0.2,4,4,TAAGTATCACGGTCACGGCT,0,422550
acrZp,0.2,4,4,TAAGAGGGCGGGGTATGATT,0,449419
acrZp,0.2,4,4,TAAGACTGGAGGCAGCGATA,0,453926
acrZp,0.2,4,4,TAACTTTGCGACCGACCCTT,0,421596
acrZp,0.2,4,4,TAACTGATTTCAGGGAATCC,0,429287
acrZp,0.2,4,4,TAACGGGAAACACGTGTTAA,0,464901
acrZp,0.2,4,4,TAACGCGGTGTCGGTGAAGC,0,412988
acrZp,0.2,4,4,TAACCTCTAAGCGAGATCGA,0,443757
acrZp,0.2,4,4,TAACATGGAGTGCGGTCATA,0,439548
acrZp,0.2,4,4,TAACAATGCGCCACGGGGTC,0,435912
acrZp,0.2,4,4,TAAATCACAGAGGGCCGCCT,0,462401
acrZp,0.2,4,4,TAAACTCGGATTTCGTATCC,0,457675
acrZp,0.2,4,4,TAAACGAGGACGCGTCGCAA,0,409266
acrZp,0.2,4,4,TAAACCGGAGCCCGGACGAT,0,452628
acrZp,0.2,4,4,TAAAAGCATCGGAGCGCGAC,0,426090
acrZp,0.2,4,4,TAAAACATTGGGATGGCATT,0,452753
acrZp,0.2,4,4,GTTTTGAATGCCCGCTTATC,0,466858
acrZp,0.2,4,4,GTTTTCAGTAGGACGATCAC,0,445234
acrZp,0.2,4,4,GTTTGTAGAGATATGTCCGG,0,411369
acrZp,0.2,4,4,GTTTACAGGTGATACCCATG,0,423232
acrZp,0.2,4,4,GTTGTCTGTTTTCATGATTG,0,446020
acrZp,0.2,4,4,GTTGTATCGTGTGCCCATGT,0,447645
acrZp,0.2,4,4,GTTGGAGATTTGGCCATATA,0,466265
acrZp,0.2,4,4,GTTGAGACGAGAGGTGACTG,0,448680
acrZp,0.2,4,4,GTTGACTAGGACTTCCGGAA,0,435508
acrZp,0.2,4,4,GTTCTGGACGATCGCTTCAA,0,432682
acrZp,0.2,4,4,GTTCGTTTCCACCTCATAGC,0,448903
acrZp,0.2,4,4,GTTCCCTTTGGCGACGTATC,0,447695
acrZp,0.2,4,4,GTTATTCCTTCCTTTATTCT,0,459056
acrZp,0.2,4,4,GTTAGGTAACGTATTGTAAC,0,417838
acrZp,0.2,4,4,GTTACCAAGTTTCCCTATTT,0,464274
acrZp,0.2,4,4,GTTAAGCATTTCGTCAGTCT,0,423717
acrZp,0.2,4,4,GTGTTACGTGGGGCACTTCC,0,440535
acrZp,0.2,4,4,GTGTGGTACCGGTTTCCTCT,0,467202
acrZp,0.2,4,4,GTGTGGACCATAGTGGACCG,0,418241
acrZp,0.2,4,4,GTGTGATATAAGCTGTAAAG,0,410706
acrZp,0.2,4,4,GTGTCCTGACGCGTGACTAG,0,430747
acrZp,0.2,4,4,GTGTCATTTTACGTCTGACT,0,458515
acrZp,0.2,4,4,GTGTCAATGTCTGGTGTTAC,0,413268
acrZp,0.2,4,4,GTGTACACGTATTGGGTGTT,0,461604
acrZp,0.2,4,4,GTGTAAACCTGGTCCACCGA,0,461462
acrZp,0.2,4,4,GTGGCTTGTCCTCTGACGAA,0,414358
acrZp,0.2,4,4,GTGGAGGGCTCCGTAGGTCT,0,421159
acrZp,0.2,4,4,GTGGAATTGTGCAGTGGGAA,0,465880
acrZp,0.2,4,4,GTGCGTGCAAGTTTTCTGAG,0,431535
acrZp,0.2,4,4,GTGCGGGTGAGGTATGTAGT,0,423415
acrZp,0.2,4,4,GTGCGCCTAAAGATCTAGTT,0,436217
acrZp,0.2,4,4,GTGCCTTATAACAATGAGAG,0,428527
acrZp,0.2,4,4,GTGCCGCCATACTATCACTA,0,418701
acrZp,0.2,4,4,GTGCATAAGCCCGTCTGCCT,0,458762
acrZp,0.2,4,4,GTGCAACGCACAAACCGGCA,0,419702
acrZp,0.2,4,4,GTGATGGGAAAAATTGGAAC,0,436696
acrZp,0.2,4,4,GTGATCTTTGATTACTTGGT,0,433176
acrZp,0.2,4,4,GTGAGGATAGCTTTTTGCAG,0,455250
acrZp,0.2,4,4,GTGAGCAACTCGACACACTT,0,458968
acrZp,0.2,4,4,GTGACCTCAGTTCCTTCAAT,0,437009
acrZp,0.2,4,4,GTGACCTAGGATCCTGATGA,0,418667
acrZp,0.2,4,4,GTGAATACCCGAGCCAGCCT,0,415691
acrZp,0.2,4,4,GTGAACAGGGTGCTTATACT,0,427541
acrZp,0.2,4,4,GTCTTTTATCCCCATTCGAA,0,418199
acrZp,0.2,4,4,GTCTGGTTGGTTTTAACAAA,0,422397
acrZp,0.2,4,4,GTCTCTCGACCCGTGACCGG,0,416362
acrZp,0.2,4,4,GTCTATGCGTTAAGGGTTCA,0,412656
acrZp,0.2,4,4,GTCTATATAGCCAAGGAGGC,0,445935
acrZp,0.2,4,4,GTCGTGATATCAAGGCGGCC,0,435262
acrZp,0.2,4,4,GTCGGTCTGAGCGCTTGGGT,0,420807
acrZp,0.2,4,4,GTCGGTAGCCCCCCACGAAG,0,423514
acrZp,0.2,4,4,GTCGGGACCGGGGGTAACGC,0,442065
acrZp,0.2,4,4,GTCGCGTCGAGCGTTACATA,0,448635
acrZp,0.2,4,4,GTCGATCCCAGCGTCCAAGG,0,436636
acrZp,0.2,4,4,GTCGACTTTTAGTGGTGTGG,0,419250
acrZp,0.2,4,4,GTCCTTACTGGACCTTCAAA,0,436873
acrZp,0.2,4,4,GTCCTCGAGTTTATTACCTA,0,413989
acrZp,0.2,4,4,GTCCGTGATCCACAGCATTG,0,429708
acrZp,0.2,4,4,GTCCGTCGCTGGGTCCGAGA,0,450356
acrZp,0.2,4,4,GTCCCGTCGGCTTGCTCGGA,0,447348
acrZp,0.2,4,4,GTCCCATATACGTTTAAAGA,0,429109
acrZp,0.2,4,4,GTCCCAGAGGTCAAACGCAG,0,436260
acrZp,0.2,4,4,GTCCATACAATGGTGATTTA,0,448935
acrZp,0.2,4,4,GTCATGCCTTTTGAAACTTA,0,439849
acrZp,0.2,4,4,GTCAGTCAGGAAGACACTTC,0,440014
acrZp,0.2,4,4,GTCAGGGGGCGAACGCAATG,0,434007
acrZp,0.2,4,4,GTCAGCTGAGTCCTAGAAAG,0,463747
acrZp,0.2,4,4,GTCAGCACGTCGGAGGAGCG,0,411790
acrZp,0.2,4,4,GTCAGACCGCCGCTCCAGGG,0,441138
acrZp,0.2,4,4,GTCACTCGGGCTCGACTACG,0,460222
acrZp,0.2,4,4,GTCACAATCCCGTCCTACTG,0,451743
acrZp,0.2,4,4,GTCAATACCTCTTGCGCGTA,0,457102
acrZp,0.2,4,4,GTCAACCTGGATTACTTACA,0,429288
acrZp,0.2,4,4,GTATTTTGTGTACCGGGCTG,0,461836
acrZp,0.2,4,4,GTATTACGCATTGGGGTGGC,0,412996
acrZp,0.2,4,4,GTATGCTCGGTCAAACATTG,0,456292
acrZp,0.2,4,4,GTATCTGTGTAGCACAGAAT,0,457485
acrZp,0.2,4,4,GTATCATCTTCGATACATTT,0,434398
acrZp,0.2,4,4,GTATCAGAGTTTGTCCGTTG,0,457531
acrZp,0.2,4,4,GTATCAAAAGGGTTGTTGAA,0,438823
acrZp,0.2,4,4,GTAGGTTGCGCTTCTGAAAA,0,421721
acrZp,0.2,4,4,GTAGGGGAATACGACGAACT,0,456619
acrZp,0.2,4,4,GTAGCCTGTTGCTTGCTCCA,0,463740
acrZp,0.2,4,4,GTAGACTGTGTTCAAATCTA,0,465876
acrZp,0.2,4,4,GTAGACGTGAGAAGCTTGCG,0,430950
acrZp,0.2,4,4,GTACTCTATTTCTTCCTTGT,0,440455
acrZp,0.2,4,4,GTACGGTTTTGGGCCAATAT,0,442645
acrZp,0.2,4,4,GTACGGATGACCTGGTACAC,0,419408
acrZp,0.2,4,4,GTACCGCAGCGGTTGATCCG,0,462534
acrZp,0.2,4,4,GTACATGGCTAACCCACCAT,0,456011
acrZp,0.2,4,4,GTACATCGAAACGCAAGGAC,0,450151
acrZp,0.2,4,4,GTAATTAGCGGCGAAGATGG,0,416119
acrZp,0.2,4,4,GTAATCGCCGGTTTTTTTGC,0,447343
acrZp,0.2,4,4,GTAAGGTAAGGTATCACCAC,0,439486
acrZp,0.2,4,4,GTAAGGGGTTCCCAGGGCCC,0,415072
acrZp,0.2,4,4,GTAAGGAAGCCTACGGCTCA,0,425885
acrZp,0.2,4,4,GTAAGCTAAGGACCGGGGTG,0,450347
acrZp,0.2,4,4,GTAAGATGACGACTTTATTC,0,424587
acrZp,0.2,4,4,GTAACGATAGACTCGAGCGC,0,461398
acrZp,0.2,4,4,GTAAAGCCTCAGAACGCGGA,0,416768
acrZp,0.2,4,4,GGTTTTTTGCAAGTGGTTGG,0,422280
acrZp,0.2,4,4,GGTTTTTATGGCGCGCTGGA,0,448746
acrZp,0.2,4,4,GGTTTAACGTAAGACTCCCA,0,451958
acrZp,0.2,4,4,GGTTGTGAAACGACAGTCAG,0,451666
acrZp,0.2,4,4,GGTTGCCGCTTGCATATTAT,0,422217
acrZp,0.2,4,4,GGTGTAATGATCGCTTTGTT,0,409270
acrZp,0.2,4,4,GGTGGGGGTCCTAACGTCCA,0,454767
acrZp,0.2,4,4,GGTGGGCCTGACTGAGTATC,0,441043
acrZp,0.2,4,4,GGTCTTAGTCCTCTGAAATT,0,417956
acrZp,0.2,4,4,GGTCTGGATCATCCGCTCGT,0,452698
acrZp,0.2,4,4,GGTCTCGGACGACCTGTTGA,0,450818
acrZp,0.2,4,4,GGTCGTCAGTCACTGGAAGC,0,460311
acrZp,0.2,4,4,GGTCGGCCATGTCCAAGGGT,0,454103
acrZp,0.2,4,4,GGTCCCTGCACCGCGAATTT,0,459014
acrZp,0.2,4,4,GGTCAGTTTTATTTGTCCAA,0,453250
acrZp,0.2,4,4,GGTCAGAACGCTGATTCCTG,0,419133
acrZp,0.2,4,4,GGTCAATTGGAAACTCACGG,0,449528
acrZp,0.2,4,4,GGTCAATGCTAGTTGAGAAA,0,441935
acrZp,0.2,4,4,GGTAGACTTAACACGTCGAT,0,441428
acrZp,0.2,4,4,GGGTTTTAGGGTTATGGCTC,0,460505
acrZp,0.2,4,4,GGGTTGCGAGAGTCGGATAT,0,456487
acrZp,0.2,4,4,GGGTTATCTCTGGATCGTGC,0,453181
acrZp,0.2,4,4,GGGTGTGACAGTCGGCCTCC,0,434403
acrZp,0.2,4,4,GGGTCAGCAGTGAGGTTCTT,0,447307
acrZp,0.2,4,4,GGGTCACGACGCGCCGTTGG,0,421264
acrZp,0.2,4,4,GGGTCAATCAAAACACAAGC,0,421597
acrZp,0.2,4,4,GGGTATGTAACCCAAATACG,0,445311
acrZp,0.2,4,4,GGGGTTGCCGGGATTTACAT,0,461801
acrZp,0.2,4,4,GGGGTGATGAATCACACCGT,0,426856
acrZp,0.2,4,4,GGGGTGATAGAACTCTTCCC,0,440879
acrZp,0.2,4,4,GGGGTCTTCGCTGACCTTTA,0,438293
acrZp,0.2,4,4,GGGGGTGTGGACGTAAGTGA,0,451997
acrZp,0.2,4,4,GGGGGTGGTGAACGTAGAAT,0,412659
acrZp,0.2,4,4,GGGGGTGACTAGAACGGCGC,0,424971
acrZp,0.2,4,4,GGGGGTAGACTTTACATCTA,0,431625
acrZp,0.2,4,4,GGGGGGTATTGAGGGATCGT,0,466530
acrZp,0.2,4,4,GGGGGCGGTCGTGCTTATTA,0,417534
acrZp,0.2,4,4,GGGGGCACTACGGACGTCCG,0,421881
acrZp,0.2,4,4,GGGGCTTAGTATGCGAACTC,0,455723
acrZp,0.2,4,4,GGGGCTAAAGCCCAATCATC,0,465436
acrZp,0.2,4,4,GGGGCGCCGGGTGACAGGAG,0,445803
acrZp,0.2,4,4,GGGGCACAGGAAGTAAGCCC,0,452488
acrZp,0.2,4,4,GGGGATGACACCTCAAAAGG,0,442903
acrZp,0.2,4,4,GGGGAGCTGTCAACGCCGGA,0,459893
acrZp,0.2,4,4,GGGGACTCTGTGCAATTCCA,0,456729
acrZp,0.2,4,4,GGGGAACAGGCCGTGTGCAA,0,465755
acrZp,0.2,4,4,GGGCTTACGTGGGCACCTAT,0,465113
acrZp,0.2,4,4,GGGCTACGATCTCCAATATA,0,426805
acrZp,0.2,4,4,GGGCGCACTCCTGCAGCAAA,0,429206
acrZp,0.2,4,4,GGGCGCAAAGTGGAGTTGCA,0,411392
acrZp,0.2,4,4,GGGCGAGGTCTATTATTACA,0,431703
acrZp,0.2,4,4,GGGCCTTTTATGTTCTGTTG,0,454229
acrZp,0.2,4,4,GGGCCGCATAGGGAGTAGCC,0,465813
acrZp,0.2,4,4,GGGCATCTCGCCCTCGAGCC,0,429108
acrZp,0.2,4,4,GGGATCATCCGGGACGATAA,0,437623
acrZp,0.2,4,4,GGGATAAGCTGGGTACTCGC,0,418510
acrZp,0.2,4,4,GGGATAACTTGTATTCACTT,0,427787
acrZp,0.2,4,4,GGGAGGTAAGCCGAAGCCCA,0,460903
acrZp,0.2,4,4,GGGACACTAAGTTTAAAGCC,0,451957
acrZp,0.2,4,4,GGGAAGACGCGCCTCAGAAA,0,456590
acrZp,0.2,4,4,GGCTGGACTTTAGGGTGCAT,0,416465
acrZp,0.2,4,4,GGCTGCGGATGCCGTGCGAC,0,414896
acrZp,0.2,4,4,GGCTCTGCGGTATCTCGCCG,0,453365
acrZp,0.2,4,4,GGCTATGGTTTAGTGTTAAG,0,445597
acrZp,0.2,4,4,GGCGGTTCGTCGTGGAGGGC,0,414724
acrZp,0.2,4,4,GGCGGAAGGGCATGAGCTTT,0,461793
acrZp,0.2,4,4,GGCGCGTGTTCTCCTCGGAC,0,436544
acrZp,0.2,4,4,GGCGCCGGACTGGTTTTATG,0,436879
acrZp,0.2,4,4,GGCGCCCAGCGATTTTCGTG,0,420058
acrZp,0.2,4,4,GGCGAAGTATAGGAACAAAA,0,442817
acrZp,0.2,4,4,GGCCTCTGGCAAAACCCACC,0,416373
acrZp,0.2,4,4,GGCCGTCCGTTATCGTGTTC,0,420570
acrZp,0.2,4,4,GGCAGATCCGATCGGATGTA,0,464504
acrZp,0.2,4,4,GGCACACGTCCTTATTTAGC,0,415927
acrZp,0.2,4,4,GGATTATCGGTTAGGCTGCG,0,414318
acrZp,0.2,4,4,GGATGGGGATGTATACCTCC,0,460059
acrZp,0.2,4,4,GGATCGTACCAGCCCCCGCT,0,439842
acrZp,0.2,4,4,GGAGGTTATCAAGTATCCTG,0,449641
acrZp,0.2,4,4,GGAGGCTATAATTATAAGAA,0,432731
acrZp,0.2,4,4,GGAGAGGGCTGGCGTTCCGG,0,440532
acrZp,0.2,4,4,GGAGAATCAGTCTCCTACTA,0,466764
acrZp,0.2,4,4,GGACGCCGTAGCGCGTTGCG,0,463251
acrZp,0.2,4,4,GGACATCCTCTTTTTATTCA,0,465193
acrZp,0.2,4,4,GGAATGATCACGCCGCGCGG,0,447282
acrZp,0.2,4,4,GGAAGGTCGGTGGAACGTGC,0,431516
acrZp,0.2,4,4,GCTTTTTCTTTATCTTTTCT,0,441350
acrZp,0.2,4,4,GCTTTCGGGGTGGTATTGCA,0,435732
acrZp,0.2,4,4,GCTTGTGCTGTTTACTAAAT,0,466212
acrZp,0.2,4,4,GCTTGCAACTGCCGTAGTTT,0,413777
acrZp,0.2,4,4,GCTTCGTACGGGTCCAACTT,0,457696
acrZp,0.2,4,4,GCTTCGGACTGCATGATGGT,0,465821
acrZp,0.2,4,4,GCTTATGGTGGCAACGGTAC,0,437225
acrZp,0.2,4,4,GCTGTACTCTGGTACTCTAC,0,445864
acrZp,0.2,4,4,GCTGGGCACTTCATAGTGTT,0,446431
acrZp,0.2,4,4,GCTGCGCTCAGAGTCGGTGA,0,447719
acrZp,0.2,4,4,GCTCGGTTCATGTCAGGGGG,0,429082
acrZp,0.2,4,4,GCTCGCTGCCCACCCTCACA,0,437529
acrZp,0.2,4,4,GCTCAATCTTCCATCGCATT,0,409896
acrZp,0.2,4,4,GCTCAACGACAGACCGGATA,0,458321
acrZp,0.2,4,4,GCTCAACCCTACGCTAATTT,0,443241
acrZp,0.2,4,4,GCGTTCGGAGACTGGCACAT,0,436426
acrZp,0.2,4,4,GCGTTCCGGGGACCGTTCCG,0,450793
acrZp,0.2,4,4,GCGTTATACTCTAACGGATG,0,456635
acrZp,0.2,4,4,GCGTGCTCATCGTAGCCGGA,0,423376
acrZp,0.2,4,4,GCGTGCAAAGAGAGTTTCTT,0,428189
acrZp,0.2,4,4,GCGTCGAAATGACGTATTAC,0,441823
acrZp,0.2,4,4,GCGGTCCAGGGTTAAGCTGC,0,414532
acrZp,0.2,4,4,GCGGAAAAGCCTTGATACGA,0,418137
acrZp,0.2,4,4,GCGCTTTCTCGGTGGGATAT,0,435380
acrZp,0.2,4,4,GCGCTCCTCGTGCTCAGCCG,0,417109
acrZp,0.2,4,4,GCGCAGCTCCCATCGTATGG,0,455469
acrZp,0.2,4,4,GCGCACTCGGGTATGTCCAA,0,453452
acrZp,0.2,4,4,GCGAGACAAAGGTGACCCTG,0,462796
acrZp,0.2,4,4,GCGACGTATACTGCAACTCG,0,419276
acrZp,0.2,4,4,GCGAACGGTATGGCGCATAG,0,421319
acrZp,0.2,4,4,GCGAAAGTAAAGCGCTAAGA,0,419523
acrZp,0.2,4,4,GCCTGTGAGTAAAAACACAA,0,417168
acrZp,0.2,4,4,GCCTGTCTACTAAGAGGTCC,0,457222
acrZp,0.2,4,4,GCCTCGATAGGTGAAGTTCG,0,409129
acrZp,0.2,4,4,GCCGTACACAGTCTGCTATA,0,444136
acrZp,0.2,4,4,GCCGAGATGCCAGTGTGAGT,0,409063
acrZp,0.2,4,4,GCCCTGCCATAATATTAGGT,0,410563
acrZp,0.2,4,4,GCCCTCGATTTGAAGGGAAT,0,465444
acrZp,0.2,4,4,GCCCTCACAGTGTACTCCGT,0,435229
acrZp,0.2,4,4,GCCCGTAAGATTGTGTGAGC,0,415254
acrZp,0.2,4,4,GCCCGGTTGCCTGAGGCGTC,0,439715
acrZp,0.2,4,4,GCCCCTCGGAACGCTTGGGT,0,446759
acrZp,0.2,4,4,GCCCCGAATGGATGATCCAT,0,439278
acrZp,0.2,4,4,GCCATGAGTCACGCGCCGCA,0,461789
acrZp,0.2,4,4,GCCAGTGAATAGCTGTCCTA,0,412350
acrZp,0.2,4,4,GCCAGGGGTGATTAGTAGTG,0,433346
acrZp,0.2,4,4,GCCAGCGACTACTCCTCTCA,0,459549
acrZp,0.2,4,4,GCCACTCCGGGTCTGGATGA,0,454425
acrZp,0.2,4,4,GCCACCAATGGTACTGGTTC,0,435594
acrZp,0.2,4,4,GCCACAGTAGAGGCCCCGAT,0,435382
acrZp,0.2,4,4,GCCAAGATGCGCCACGATTA,0,460212
acrZp,0.2,4,4,GCCAACTACATCCCGCCTCC,0,411129
acrZp,0.2,4,4,GCATTCTAACTACTGCAGGT,0,418101
acrZp,0.2,4,4,GCATGACCAAAACGGTGGCC,0,442242
acrZp,0.2,4,4,GCATGAAATACCTGCCTCCT,0,428744
acrZp,0.2,4,4,GCATCCCTACTGTAGTTTAT,0,464302
acrZp,0.2,4,4,GCAGTGTTTGGGTCCTCTCA,0,464456
acrZp,0.2,4,4,GCAGTCCAAGATTCAAATAA,0,465275
acrZp,0.2,4,4,GCAGTACTGTACGCCCTTCC,0,409632
acrZp,0.2,4,4,GCAGGGTACGTGCATCGATG,0,454967
acrZp,0.2,4,4,GCAGCTAGGCTTATGATCCT,0,449360
acrZp,0.2,4,4,GCAGCGACATAAGCGGTATA,0,433348
acrZp,0.2,4,4,GCAGCATACCACCAAAGTCC,0,440870
acrZp,0.2,4,4,GCAGCAGACTGATAGGGCGC,0,431511
acrZp,0.2,4,4,GCAGCACGCGGCGCTCGGGT,0,443584
acrZp,0.2,4,4,GCAGATTCGCTTGACTAAGT,0,437365
acrZp,0.2,4,4,GCAGAACATACTGCGTTATG,0,457703
acrZp,0.2,4,4,GCACTTGCACCGAATTAAGG,0,457861
acrZp,0.2,4,4,GCACTGGCATCACATCGTTG,0,441983
acrZp,0.2,4,4,GCACTACCCTATAGAGGCTC,0,411463
acrZp,0.2,4,4,GCACGGGCAATATATGGCCA,0,463061
acrZp,0.2,4,4,GCACGCTTAGCAAAGTTCTT,0,417702
acrZp,0.2,4,4,GCACATACACTGTTTGTTAC,0,417276
acrZp,0.2,4,4,GCACAAGTATCCGGTGAGTA,0,418534
acrZp,0.2,4,4,GCACAAGAACTATTTTAAAT,0,438254
acrZp,0.2,4,4,GCAAGCGGATACCTACCCCT,0,442376
acrZp,0.2,4,4,GCAAACAGCAGCGCAGGTTC,0,425722
acrZp,0.2,4,4,GATTTCTGTTCGGCTATAAC,0,415077
acrZp,0.2,4,4,GATTGTGAAAAGAGGATTAC,0,443903
acrZp,0.2,4,4,GATTGGGGGCGTGTGCCAAG,0,413104
acrZp,0.2,4,4,GATTGCTTTTGTGTCCTGTC,0,429281
acrZp,0.2,4,4,GATTGAGATCGCGCCCTGCA,0,416459
acrZp,0.2,4,4,GATTATGGAAGTCAAGGTTC,0,414484
acrZp,0.2,4,4,GATTATCAAATGACGCTGTA,0,439133
acrZp,0.2,4,4,GATTAGGACTGGATACGGCA,0,424429
acrZp,0.2,4,4,GATGTGACACTCAAGGTCGG,0,448516
acrZp,0.2,4,4,GATGGGATCAAGTGTCGCAG,0,442125
acrZp,0.2,4,4,GATGGGACTGCATTTGACCC,0,437294
acrZp,0.2,4,4,GATGGAGGGTGTCGTGCGTT,0,458833
acrZp,0.2,4,4,GATGGACGCGTCCTGCAGCT,0,421492
acrZp,0.2,4,4,GATGGAAATCCCAGGCAGTC,0,422905
acrZp,0.2,4,4,GATGCCCGGATCAGATACCT,0,440844
acrZp,0.2,4,4,GATGATTCCATGATAGTCTT,0,439105
acrZp,0.2,4,4,GATGACCCGGGCCTTGTTTT,0,434287
acrZp,0.2,4,4,GATCTGGGTTAACCTACGCA,0,441844
acrZp,0.2,4,4,GATCTGATAGTACCACGATC,0,450145
acrZp,0.2,4,4,GATCGGGCGCCATTCCCAGT,0,421469
acrZp,0.2,4,4,GATCGCTAGGGGCTTATACA,0,422028
acrZp,0.2,4,4,GATCCTGGGACAACTCCTCG,0,436043
acrZp,0.2,4,4,GATATCGAAGCTTTCGGATA,0,438289
acrZp,0.2,4,4,GATAGCCTACTAGACTGTTA,0,440322
acrZp,0.2,4,4,GATACGGCTCAATCGGCCAT,0,433639
acrZp,0.2,4,4,GATACGATATCGCTTCAGGC,0,435280
acrZp,0.2,4,4,GAGTTGTTGAGCTCACTGCA,0,423189
acrZp,0.2,4,4,GAGTGGGATGAGAGATTGAG,0,438516
acrZp,0.2,4,4,GAGGTGGAGAGGACTTAAGC,0,411593
acrZp,0.2,4,4,GAGGGCTTTCGTTTGTGTGT,0,450476
acrZp,0.2,4,4,GAGGGAAACTGCCCTTGCTG,0,415614
acrZp,0.2,4,4,GAGGCAACCTTTGAGTAAGC,0,424983
acrZp,0.2,4,4,GAGGAATAACAATTACTAGC,0,436246
acrZp,0.2,4,4,GAGGAAGTTTGACAATAGTC,0,413012
acrZp,0.2,4,4,GAGCTGGTATGAAACGATCG,0,455482
acrZp,0.2,4,4,GAGCTCGGTCACTTCGCTAC,0,417962
acrZp,0.2,4,4,GAGCGTATATCTCGTGTAAC,0,455457
acrZp,0.2,4,4,GAGCGTACACGTGCAAGTAC,0,457820
acrZp,0.2,4,4,GAGCGGTCCCGACATTATTA,0,425537
acrZp,0.2,4,4,GAGCGCATTGGATACCCTAG,0,455344
acrZp,0.2,4,4,GAGCCTGTACGCTTAGTGGG,0,459569
acrZp,0.2,4,4,GAGCATTCGAGGTTGTACCT,0,424967
acrZp,0.2,4,4,GAGATTACCTAGGTCGTGAT,0,441096
acrZp,0.2,4,4,GAGAGTTGCTTTTCGAGACA,0,467231
acrZp,0.2,4,4,GAGAGCATTTTAACACGAGC,0,425429
acrZp,0.2,4,4,GAGAGAATCTGCCTCTGTTC,0,423271
acrZp,0.2,4,4,GAGACAACATTCCCAACAGC,0,450157
acrZp,0.2,4,4,GAGAACTTGAGTATGCCATA,0,454302
acrZp,0.2,4,4,GACTTGTCAATGGTATGGAT,0,447093
acrZp,0.2,4,4,GACTGTCTAAACCGACAGTA,0,420227
acrZp,0.2,4,4,GACTGTAGGCGAACGGATAG,0,431563
acrZp,0.2,4,4,GACTGCTACAGCCGGCCCGG,0,442320
acrZp,0.2,4,4,GACTCCTGAGTCTCAGCACA,0,462364
acrZp,0.2,4,4,GACTACGGGAAGCGTCCTTG,0,460962
acrZp,0.2,4,4,GACGTCAGCTTACTCTTATG,0,436633
acrZp,0.2,4,4,GACGTCACTTCGTAGATAAT,0,449667
acrZp,0.2,4,4,GACGAGGGTACGTTGCAGAA,0,409112
acrZp,0.2,4,4,GACGAGAGTTACACATTCTT,0,436939
acrZp,0.2,4,4,GACCGGAAGGCTTGTTATGG,0,440875
acrZp,0.2,4,4,GACCCTCCTGTTGCGGCTAT,0,432693
acrZp,0.2,4,4,GACCCTAGGCGAGAGTGGGT,0,416903
acrZp,0.2,4,4,GACCCGAGTGTGTAGTGCTT,0,459336
acrZp,0.2,4,4,GACCCCGGATGTATTGTGTT,0,436565
acrZp,0.2,4,4,GACCACATGCCCGGCCAATA,0,442304
acrZp,0.2,4,4,GAATGCACGATGTCTCAAGA,0,456913
acrZp,0.2,4,4,GAATCGCGACAAGATGGATT,0,433825
acrZp,0.2,4,4,GAATAGCAAGTAAGAGCCTA,0,452327
acrZp,0.2,4,4,GAATAGACACGGTTGTCGTT,0,451604
acrZp,0.2,4,4,GAAGGGCAAGAAAGCGCGTA,0,456902
acrZp,0.2,4,4,GAAGGCACGGCAAGTGTCCC,0,445125
acrZp,0.2,4,4,GAAGGAAATATAGAGCCAAG,0,434436
acrZp,0.2,4,4,GAAGCTGCGATTGTCTAAGG,0,450579
acrZp,0.2,4,4,GAAGATCCAGTGAAACTATC,0,409712
acrZp,0.2,4,4,GAACGGAACCATGGTACCTA,0,454304
acrZp,0.2,4,4,GAACGAAGCTCCAGCTGGCT,0,448005
acrZp,0.2,4,4,GAACCGTCATTCAAGTGTCT,0,435683
acrZp,0.2,4,4,GAACATAGGCCCGCTAACCT,0,456637
acrZp,0.2,4,4,GAAATTCGTATAAGAAAATG,0,415070
acrZp,0.2,4,4,GAAATGGCACTATGCCACGG,0,431555
acrZp,0.2,4,4,GAAATCTAGCTGACGTGAAC,0,441819
acrZp,0.2,4,4,GAAAATCTACTGAGAGCTAC,0,435082
acrZp,0.2,4,4,GAAAACTGCGGGCAGCGGCA,0,442386
acrZp,0.2,4,4,GAAAACGGTGGGTTACCTGC,0,465136
acrZp,0.2,4,4,CTTTTAGCTAACAATTGTAC,0,431550
acrZp,0.2,4,4,CTTTGTGTCACTACAGGGCG,0,452825
acrZp,0.2,4,4,CTTTGCAGTATTAGAAATTG,0,442718
acrZp,0.2,4,4,CTTTCGCGTGCGATAATCTC,0,459182
acrZp,0.2,4,4,CTTTAGTGCATCTTCCCTGC,0,442030
acrZp,0.2,4,4,CTTTACTCTATAGCTTGTTC,0,453739
acrZp,0.2,4,4,CTTGTGTAATCTTTCACCTT,0,455891
acrZp,0.2,4,4,CTTGTGATTTTGTTAGTAAT,0,442839
acrZp,0.2,4,4,CTTGTGACATGTAGATCATA,0,444468
acrZp,0.2,4,4,CTTGGTTAGCTTCTATAGGG,0,414809
acrZp,0.2,4,4,CTTGGCCCGTCGATGTTAAC,0,441520
acrZp,0.2,4,4,CTTGGAACGTTAACATGTGT,0,449208
acrZp,0.2,4,4,CTTGCTGGGCATTCGGGGCT,0,424188
acrZp,0.2,4,4,CTTCTTTCCAGCAGCTATGG,0,459354
acrZp,0.2,4,4,CTTCTTAGGGGAAGAAACGT,0,462419
acrZp,0.2,4,4,CTTCTTAAGTAAACGGGCTA,0,462800
acrZp,0.2,4,4,CTTCGTGCTGGGGCTCGTTC,0,450382
acrZp,0.2,4,4,CTTCATTAATGTGGTATTGA,0,422862
acrZp,0.2,4,4,CTTCATATGCAATACTACAG,0,461831
acrZp,0.2,4,4,CTTCAGGTCTAACGCAGAGC,0,434634
acrZp,0.2,4,4,CTTCAGCAGCATGCGAAGGG,0,418298
acrZp,0.2,4,4,CTTATACGCCTGTGCGTAGC,0,446809
acrZp,0.2,4,4,CTTAGTGCCCAATACGATCA,0,429318
acrZp,0.2,4,4,CTTAGAGGACCGCGTATCTG,0,453605
acrZp,0.2,4,4,CTTAGAGAGGCTACTACACA,0,463723
acrZp,0.2,4,4,CTTAAGCCTTCCAATGCTAA,0,458605
acrZp,0.2,4,4,CTTAAATGTACCAGTAAACC,0,424124
acrZp,0.2,4,4,CTGTCTACTCAGTAGGATGG,0,437517
acrZp,0.2,4,4,CTGTCGCGTACTTCGAGAGG,0,446214
acrZp,0.2,4,4,CTGTCAGTCAGTAAGGTCAA,0,442356
acrZp,0.2,4,4,CTGTAGATCTTTTTCTGCTA,0,410073
acrZp,0.2,4,4,CTGTAAGGGTTACGGCACCA,0,444115
acrZp,0.2,4,4,CTGGTCTCTAGGCTGGGTTT,0,416798
acrZp,0.2,4,4,CTGGTCTAATATCTACAAAA,0,414873
acrZp,0.2,4,4,CTGGGGAAACAATTCCTCAA,0,465773
acrZp,0.2,4,4,CTGGCTCGCACCGCTCATTC,0,465675
acrZp,0.2,4,4,CTGGCCGTACCCAAACATTT,0,429691
acrZp,0.2,4,4,CTGGCAGCGCTTCACGAATG,0,458878
acrZp,0.2,4,4,CTGCTTCGCAGGGGCGCGGT,0,445857
acrZp,0.2,4,4,CTGCTCTTAAGTTGGGAGAC,0,428912
acrZp,0.2,4,4,CTGCTCTATGGAGGCAGAGA,0,453699
acrZp,0.2,4,4,CTGCCATAAGGTGTCACCCA,0,420560
acrZp,0.2,4,4,CTGCAATGCTCAGTCCTGAT,0,456859
acrZp,0.2,4,4,CTGACACCCGGCAAAGAATA,0,454972
acrZp,0.2,4,4,CTGAATTCCCTTTGCACTGA,0,426461
acrZp,0.2,4,4,CTGAATCGATAACGACCTGC,0,424495
acrZp,0.2,4,4,CTCTTTGCTGCCTATAGGTA,0,420416
acrZp,0.2,4,4,CTCTTGTCTCGCGGCTTGAA,0,433165
acrZp,0.2,4,4,CTCTCTTCTAACCAAAAAGC,0,420637
acrZp,0.2,4,4,CTCGTGCATACCTTATGAGT,0,439034
acrZp,0.2,4,4,CTCGTGACTCAGGCGCGTGT,0,412834
acrZp,0.2,4,4,CTCGGCGAGGTATCAGATTA,0,409397
acrZp,0.2,4,4,CTCCTTCGCTGTGCTATAAC,0,435835
acrZp,0.2,4,4,CTCCGATACCAAAAGACGAA,0,410009
acrZp,0.2,4,4,CTCAGCCTGTAAGAAAAGTC,0,425010
acrZp,0.2,4,4,CTCACTCAGTATGGGTATAG,0,446871
acrZp,0.2,4,4,CTCAAGCATTCTCTGGTTGA,0,427793
acrZp,0.2,4,4,CTATTCGTGGTTTATCGAGA,0,440085
acrZp,0.2,4,4,CTATTATATTACATTGATCC,0,449770
acrZp,0.2,4,4,CTATGTGGCTTAGCAGATTC,0,419499
acrZp,0.2,4,4,CTATAGTTACGGAAACAAGG,0,413871
acrZp,0.2,4,4,CTAGGAGCATAGTATCACTC,0,421878
acrZp,0.2,4,4,CTAGCTGCCGGGCTCTGCAA,0,430107
acrZp,0.2,4,4,CTAGCGCAGGGTCATGCACT,0,435347
acrZp,0.2,4,4,CTAGATCGACCGGATGGACC,0,428458
acrZp,0.2,4,4,CTACCAGCTACTGGTATGGC,0,435126
acrZp,0.2,4,4,CTAACTGCTCAGCGCGCGGG,0,427033
acrZp,0.2,4,4,CTAACTCCGAGCTCAGAACA,0,453031
acrZp,0.2,4,4,CGTTTTTTAAGATGGCCCGA,0,410512
acrZp,0.2,4,4,CGTTGGAGCCACTCGATTAA,0,424539
acrZp,0.2,4,4,CGTTAGACATAGACACCCCC,0,422110
acrZp,0.2,4,4,CGTGTGCGTGTTCAAGTCGG,0,464769
acrZp,0.2,4,4,CGTGTCATCAGTTGTGTTGT,0,425549
acrZp,0.2,4,4,CGTGGTTCTGTGAAAGTCTG,0,438491
acrZp,0.2,4,4,CGTGGTCGCGACCGACCTCG,0,427333
acrZp,0.2,4,4,CGTGGGCCGAGTCATCGCAT,0,450649
acrZp,0.2,4,4,CGTGGACAATGAGCCGATAT,0,451974
acrZp,0.2,4,4,CGTGCTGTGGGCGTGCAGAG,0,465212
acrZp,0.2,4,4,CGTGAGAGCGTAGTTTCGTG,0,446083
acrZp,0.2,4,4,CGTCTTGGAGTCTTGGAAAA,0,445638
acrZp,0.2,4,4,CGTCTGTGGGTTAAAAAATT,0,467213
acrZp,0.2,4,4,CGTCGGGTTGCATCCTCGGC,0,414539
acrZp,0.2,4,4,CGTCGGAGACAGGACAACAC,0,454345
acrZp,0.2,4,4,CGTAGGTTCATAAAGCATAT,0,426314
acrZp,0.2,4,4,CGTAGGAGTCTGGTGGCGCT,0,452540
acrZp,0.2,4,4,CGTAGATAGTTATCAGAGTA,0,409538
acrZp,0.2,4,4,CGTAGAGATGGTGTGGACTC,0,451865
acrZp,0.2,4,4,CGTACGGGCCTAATTGACGG,0,419707
acrZp,0.2,4,4,CGTAATCAGAGTTCTTTGCA,0,446987
acrZp,0.2,4,4,CGGTTTATGTGCGGGGTTCT,0,425051
acrZp,0.2,4,4,CGGTTGTAGGTGAAATGCTG,0,440191
acrZp,0.2,4,4,CGGTTAAAAGGGGAGTTCAC,0,454883
acrZp,0.2,4,4,CGGTGTGATGAACTCTATCT,0,428778
acrZp,0.2,4,4,CGGTCTCTGTTTTCCGAGCG,0,425132
acrZp,0.2,4,4,CGGTCGGTTTAGTCCTACCC,0,453282
acrZp,0.2,4,4,CGGTACATTTTTCCTGCTTG,0,446785
acrZp,0.2,4,4,CGGGTCGGGAGAATCTAGTT,0,450801
acrZp,0.2,4,4,CGGGGTGCTGGGTGGTCATC,0,448499
acrZp,0.2,4,4,CGGGGGATCCCAATTAAACG,0,458373
acrZp,0.2,4,4,CGGGGAGCCAAAGTCGCATT,0,448172
acrZp,0.2,4,4,CGGGCCGACCACTGCCCCAC,0,453062
acrZp,0.2,4,4,CGGGCATGGTTATGGTCAAC,0,466964
acrZp,0.2,4,4,CGGGCAACGCCACCACGCAG,0,459140
acrZp,0.2,4,4,CGGCTGGCAGTGGAAACACA,0,423556
acrZp,0.2,4,4,CGGCTACGCGCAAGGAGGCA,0,433628
acrZp,0.2,4,4,CGGCGCAAAGTACAGGTCTA,0,444611
acrZp,0.2,4,4,CGGCCCATGCTGTCTTCACA,0,440671
acrZp,0.2,4,4,CGGATTGGGTGCGGGAACGA,0,415880
acrZp,0.2,4,4,CGGAGCGATCCAAGCAATTA,0,441575
acrZp,0.2,4,4,CGGACCATGGTGTAGCCTGG,0,466772
acrZp,0.2,4,4,CGGAATCGTCAACCATCCAG,0,454684
acrZp,0.2,4,4,CGGAAAGCTACCATAGGCAG,0,415117
acrZp,0.2,4,4,CGCTTTGGAGCAACCTATGA,0,446874
acrZp,0.2,4,4,CGCTTAGTTTCACGAGCTAT,0,431080
acrZp,0.2,4,4,CGCTGATATTAAGCCTATGG,0,430261
acrZp,0.2,4,4,CGCTCTCCTCACGTAAATCC,0,424264
acrZp,0.2,4,4,CGCTCCGGGAAAGATTACCC,0,442494
acrZp,0.2,4,4,CGCTATATATCACCAGTCGT,0,412898
acrZp,0.2,4,4,CGCGTGCAGCAGGCTCCGTT,0,431643
acrZp,0.2,4,4,CGCGCCCCCGAGAAAAACCG,0,445925
acrZp,0.2,4,4,CGCGAGACAGCCAGATACCC,0,430809
acrZp,0.2,4,4,CGCGAAAAGGCGTGCGGTAG,0,459488
acrZp,0.2,4,4,CGCCTGGCTTTCTAGTATCT,0,419278
acrZp,0.2,4,4,CGCCTACGGTCTCGGGCCGA,0,458503
acrZp,0.2,4,4,CGCCGGGGCGACTATGACGT,0,408627
acrZp,0.2,4,4,CGCCGCAAGGCTATCGGGAA,0,462398
acrZp,0.2,4,4,CGCCCGTTTTTGGGCAGCGG,0,416251
acrZp,0.2,4,4,CGCCCAGGTTATCGGCTATC,0,416817
acrZp,0.2,4,4,CGCCAGATGCCTGGCTTTTA,0,455720
acrZp,0.2,4,4,CGCATGCGCTACGGAACGGT,0,445958
acrZp,0.2,4,4,CGCATGCCCCGGCCCATGGC,0,408962
acrZp,0.2,4,4,CGCAGGCGGCATGCCCATGC,0,408645
acrZp,0.2,4,4,CGCACTAGGTTTGCCAGGCC,0,435348
acrZp,0.2,4,4,CGCACGCTGAAAGGATGTCT,0,410313
acrZp,0.2,4,4,CGCACGCAGGATAACTACCA,0,421550
acrZp,0.2,4,4,CGCACACTGTTCAGTAGGTG,0,444427
acrZp,0.2,4,4,CGCAAGTTCACAGACCTCTT,0,446328
acrZp,0.2,4,4,CGCAAATTGGGCGCGCGTTA,0,455641
acrZp,0.2,4,4,CGCAAACAGCATGGGCATCA,0,444509
acrZp,0.2,4,4,CGATGGTCAAGGGGTCGAGT,0,415712
acrZp,0.2,4,4,CGATGGAGCTTTATCTACTG,0,449321
acrZp,0.2,4,4,CGATGCCGAAGATAATCAAT,0,435984
acrZp,0.2,4,4,CGATAGACGGGTGAGATATT,0,430598
acrZp,0.2,4,4,CGAGTTTTAAAAGGGACCTC,0,410967
acrZp,0.2,4,4,CGAGTCGAGTCTGTGTAGGC,0,448438
acrZp,0.2,4,4,CGAGGCTATTTTTTATCGGA,0,419896
acrZp,0.2,4,4,CGAGCTCCGGTGGCTAGCGA,0,424326
acrZp,0.2,4,4,CGAGCAACATCTATGGTAGA,0,446539
acrZp,0.2,4,4,CGACTACTGCCGACGTGAAG,0,454850
acrZp,0.2,4,4,CGACACTTAGTATCTCGTAA,0,421970
acrZp,0.2,4,4,CGACAACGGGTAAGATGGGA,0,426186
acrZp,0.2,4,4,CGAATCTTTGGCAGCTTCCT,0,447967
acrZp,0.2,4,4,CGAAGTGCACGCTGTACGTT,0,435043
acrZp,0.2,4,4,CGAAGAAACGACGCGCCTCT,0,460339
acrZp,0.2,4,4,CGAACATTCGCGGTAGAGCG,0,445036
acrZp,0.2,4,4,CGAAAGTACTTCTAGCTACA,0,420878
acrZp,0.2,4,4,CGAAACGATATAAAGCTTAT,0,440975
acrZp,0.2,4,4,CGAAAAAACTGTTCGCTGGT,0,426694
acrZp,0.2,4,4,CCTTTAAAATAGCAGGACAT,0,429004
acrZp,0.2,4,4,CCTTGTTGCTTGTGCCCAGC,0,409563
acrZp,0.2,4,4,CCTTGGCCTGTAAGGAGCAT,0,440580
acrZp,0.2,4,4,CCTTGCGTTGGCGTAGTTGA,0,464313
acrZp,0.2,4,4,CCTTCGTAGCGTCCTGCCAG,0,428280
acrZp,0.2,4,4,CCTGTCACGTGTACGGTATA,0,444797
acrZp,0.2,4,4,CCTGGATAAGCGATCCGGAG,0,443972
acrZp,0.2,4,4,CCTGCCGAAGTTGCTCTTAC,0,426567
acrZp,0.2,4,4,CCTGCCCTCAGTCCCGTCTT,0,441252
acrZp,0.2,4,4,CCTGCCCCTCACACATGCAT,0,415305
acrZp,0.2,4,4,CCTGAGGTGATGGGCAAGTA,0,419892
acrZp,0.2,4,4,CCTCTGGACGGGGAGCATGC,0,441812
acrZp,0.2,4,4,CCTCGTCCGCAATACGCGTC,0,423635
acrZp,0.2,4,4,CCTCGCCCGGGACGCTTCGG,0,448943
acrZp,0.2,4,4,CCTCAACCCATACATAGATA,0,440011
acrZp,0.2,4,4,CCTAGTTAGGCATCGGGTTA,0,464222
acrZp,0.2,4,4,CCTAGATAGACGGCCGGACA,0,464362
acrZp,0.2,4,4,CCGTTGCGCGGGACTGAGAA,0,414731
acrZp,0.2,4,4,CCGTTGCAAGCGGGCCACTT,0,456375
acrZp,0.2,4,4,CCGTGCCTGAACAACCGATT,0,455102
acrZp,0.2,4,4,CCGTCCATCTTCAATAATGG,0,455189
acrZp,0.2,4,4,CCGGTGGTGCGACTTAATTA,0,454747
acrZp,0.2,4,4,CCGGTGCGCGGCCGTGACGA,0,459290
acrZp,0.2,4,4,CCGGTCTGCCCACCGAACAG,0,443500
acrZp,0.2,4,4,CCGGTCGATCCAGTTAGAGT,0,434539
acrZp,0.2,4,4,CCGGCCCCTGGAGGCGGTGT,0,434202
acrZp,0.2,4,4,CCGGCCACGTATCATCTTCG,0,454583
acrZp,0.2,4,4,CCGGAAGGCAGTTGGCGCCG,0,424410
acrZp,0.2,4,4,CCGCGCCAAATTACTCTGCA,0,450973
acrZp,0.2,4,4,CCGCCATTTTTTTCTCAACC,0,435569
acrZp,0.2,4,4,CCGCCAAGGATCTCTGGCGT,0,442825
acrZp,0.2,4,4,CCGCATCGCCATACTACCCC,0,422910
acrZp,0.2,4,4,CCGCATCACAGACGGAACTA,0,445114
acrZp,0.2,4,4,CCGACAGGCAGGACAAACTA,0,453786
acrZp,0.2,4,4,CCGAATAGTCCTGGATGTTC,0,444222
acrZp,0.2,4,4,CCGAAGTTCGGACCGCAATA,0,438891
acrZp,0.2,4,4,CCGAAATGCTTGTTTGGTGG,0,432768
acrZp,0.2,4,4,CCCTTGTCGGCGGCGGTGTA,0,408765
acrZp,0.2,4,4,CCCTTATTTTAAATTCTTAG,0,435080
acrZp,0.2,4,4,CCCTGAAGGCCAGACGGGAA,0,462345
acrZp,0.2,4,4,CCCTGAAGGATCACCAGTGG,0,441593
acrZp,0.2,4,4,CCCTAGTGACTGCACCCGAT,0,413716
acrZp,0.2,4,4,CCCGGTTTCAGGCAACGGCA,0,430368
acrZp,0.2,4,4,CCCGGTCCTATAAATTAAGG,0,415229
acrZp,0.2,4,4,CCCGCTAGTCACAGCCTGGA,0,436305
acrZp,0.2,4,4,CCCGCGCTGCCTAATCGTAG,0,450949
acrZp,0.2,4,4,CCCGCACTAGGGAGTCCCAC,0,410612
acrZp,0.2,4,4,CCCCCTATCTATTAGGCCAA,0,417802
acrZp,0.2,4,4,CCCCCGCCTTATACTGGGAT,0,436274
acrZp,0.2,4,4,CCCCCCCGGAATTACTCTCT,0,465069
acrZp,0.2,4,4,CCCCAATCTGGCCGTGATGA,0,439054
acrZp,0.2,4,4,CCCATTACTATGAGCAAGTT,0,459330
acrZp,0.2,4,4,CCCAGGATACCTCAGGACGC,0,450824
acrZp,0.2,4,4,CCCACTGCCTTGCACGGGTG,0,422039
acrZp,0.2,4,4,CCCACCAGTGTCGAATTTTT,0,434185
acrZp,0.2,4,4,CCATTGAACTTCTTCCGTAA,0,433948
acrZp,0.2,4,4,CCATTACTCTTCCGCGTTAA,0,432323
acrZp,0.2,4,4,CCATATCTGGTAAGTGTTTA,0,435344
acrZp,0.2,4,4,CCATAGCTCATCCGCCCGCA,0,433871
acrZp,0.2,4,4,CCAGTCCATTACACGAGCGT,0,435415
acrZp,0.2,4,4,CCAGTAGTGCTCTTACACCT,0,439701
acrZp,0.2,4,4,CCAGGAGGGGGTGGGTGGAA,0,447235
acrZp,0.2,4,4,CCAGCACTTGGTGTCAGGTG,0,434206
acrZp,0.2,4,4,CCACGGGACAAGCAGATACA,0,426987
acrZp,0.2,4,4,CCACGATCTTACGGGGACCT,0,428525
acrZp,0.2,4,4,CCAATCATATTTTCCATGAC,0,440251
acrZp,0.2,4,4,CCAAGTGAGATGCAATCCGT,0,429746
acrZp,0.2,4,4,CCAACCTCTGCACAACCCTA,0,460026
acrZp,0.2,4,4,CCAAATGTTCTGTTTGACGA,0,416813
acrZp,0.2,4,4,CATTGTGGCCCCAGCGACGG,0,412731
acrZp,0.2,4,4,CATTCTAATTCATGATGACG,0,454905
acrZp,0.2,4,4,CATTCCCATACCCCTCGGGC,0,422354
acrZp,0.2,4,4,CATTCACTCGAAGCTACATC,0,452068
acrZp,0.2,4,4,CATGTTGCCTCGGAATATAA,0,418976
acrZp,0.2,4,4,CATGAGCTCAGGGAAACTCA,0,452238
acrZp,0.2,4,4,CATGAGCGATCTGTTACTGT,0,448328
acrZp,0.2,4,4,CATCGTGGGAGGTCCACTAC,0,443139
acrZp,0.2,4,4,CATCCCATGATGGAGGGAGG,0,430375
acrZp,0.2,4,4,CATCATTGCCGTGTTGTGCG,0,432573
acrZp,0.2,4,4,CATATTAACTATTTGCTATT,0,412040
acrZp,0.2,4,4,CATAGCTGGATGTTATCGAG,0,411151
acrZp,0.2,4,4,CATAGCTCGGTCCTGAGCAA,0,437484
acrZp,0.2,4,4,CATACGGATTAGCGCAAGTC,0,455667
acrZp,0.2,4,4,CAGTTTATTAAAAGTCCCGC,0,466739
acrZp,0.2,4,4,CAGTGTAGTGTTCTGTGCTA,0,421160
acrZp,0.2,4,4,CAGTGCTCTCATATACTTTC,0,423460
acrZp,0.2,4,4,CAGTCCCCGCTGAAAACTGG,0,416059
acrZp,0.2,4,4,CAGTCAAATTTAGGGAGCTG,0,428965
acrZp,0.2,4,4,CAGTAGTCGGTTTAATGTAT,0,449848
acrZp,0.2,4,4,CAGGGGAGAACTTCGGCCCC,0,458042
acrZp,0.2,4,4,CAGGGCGCTTAGCCTGTCTG,0,445499
acrZp,0.2,4,4,CAGGCTAGCCATCCCGTGTA,0,426968
acrZp,0.2,4,4,CAGGACTGAACCCCTCACCA,0,460497
acrZp,0.2,4,4,CAGGAATCGTCGATAAGGGA,0,447466
acrZp,0.2,4,4,CAGCGTTTCCGCCTATGGGC,0,440924
acrZp,0.2,4,4,CAGCCGTTCTAGCCACCGCA,0,408718
acrZp,0.2,4,4,CAGCACGTGACAACCACTTG,0,418673
acrZp,0.2,4,4,CAGAGTGTGGTACATCCTAA,0,428112
acrZp,0.2,4,4,CAGAGCGGCCTCTTCGAGCT,0,418340
acrZp,0.2,4,4,CAGAGATTTGGTCGATTATA,0,414741
acrZp,0.2,4,4,CAGACCGTATTTACCGGAGC,0,447156
acrZp,0.2,4,4,CAGACACAGTTGTTGTCTGG,0,456302
acrZp,0.2,4,4,CACTTTGGTCTTTCAATCTT,0,436964
acrZp,0.2,4,4,CACTTCATGAATGTACCACG,0,453703
acrZp,0.2,4,4,CACTTAAGAAAACCTCTTAC,0,466222
acrZp,0.2,4,4,CACTGCAAATAACTAGGGAA,0,431814
acrZp,0.2,4,4,CACTCCCGCTCTAGCGGATT,0,432361
acrZp,0.2,4,4,CACTATGACCGAAAATCTAG,0,437981
acrZp,0.2,4,4,CACGTTTGTAGGTATTCGGA,0,437741
acrZp,0.2,4,4,CACGTGTCAGTTCCGACATG,0,411200
acrZp,0.2,4,4,CACGTGAACTCGACCGAAGC,0,462106
acrZp,0.2,4,4,CACGGTGGATACAGGGGAGG,0,426478
acrZp,0.2,4,4,CACGGGCTTTTTGAAGTGCT,0,458141
acrZp,0.2,4,4,CACGATGGAGCGAGGTCCTC,0,442082
acrZp,0.2,4,4,CACCTGGTGGGTTGTTAAGT,0,419225
acrZp,0.2,4,4,CACCGTTGTGCGTGTTAAGT,0,434754
acrZp,0.2,4,4,CACCGGGGGGATAGGGTAAA,0,439693
acrZp,0.2,4,4,CACCAGGGTCTACAGGGCTG,0,465300
acrZp,0.2,4,4,CACATGCGCGGATGTGTGAC,0,428474
acrZp,0.2,4,4,CACATCAGTCCTAGCTAATC,0,410919
acrZp,0.2,4,4,CACACACGACTGGGTGGTGT,0,411833
acrZp,0.2,4,4,CAATACTAGAAGATAGGCCT,0,411632
acrZp,0.2,4,4,CAAGGACGGGGGTGTAAGTA,0,445028
acrZp,0.2,4,4,CAAGCGTGCGAGGTTGTGAT,0,462637
acrZp,0.2,4,4,CAAGCGAGGCGTTGAGGAAA,0,417977
acrZp,0.2,4,4,CAAGATAGATTCATATTCTA,0,451242
acrZp,0.2,4,4,CAACGTGATGGGGTAGGCCC,0,439899
acrZp,0.2,4,4,CAACGTATTTGGCTTTCGTA,0,408785
acrZp,0.2,4,4,CAACGGAGTGGGGTATCAAT,0,462704
acrZp,0.2,4,4,CAACCAGTGGTGCGGCTACA,0,442414
acrZp,0.2,4,4,CAACAGGACTTACCCCGAAT,0,409756
acrZp,0.2,4,4,CAACAATACGGTGATACAAC,0,435560
acrZp,0.2,4,4,CAACAAGGCTATGGCCCCTG,0,421753
acrZp,0.2,4,4,CAAATTGATGGGCTTTTTGC,0,451060
acrZp,0.2,4,4,CAAAGAGTGAAGATTTGCTA,0,413347
acrZp,0.2,4,4,CAAAACAAGTCAACTTCCGA,0,415118
acrZp,0.2,4,4,ATTTGGTAACCGGCACTACC,0,411543
acrZp,0.2,4,4,ATTTGGGTAGAATCCACTCA,0,453376
acrZp,0.2,4,4,ATTGGGCCGGGGGGGAGAAT,0,456311
acrZp,0.2,4,4,ATTGGCGCTTTAGATCCGAA,0,439131
acrZp,0.2,4,4,ATTGATGAGGGCGGCGTGTC,0,409414
acrZp,0.2,4,4,ATTGACTATGTAACCGGTCA,0,441523
acrZp,0.2,4,4,ATTGAATTGTTTGTTGGAGC,0,446498
acrZp,0.2,4,4,ATTCTTGAGGACCTGTGAAG,0,415156
acrZp,0.2,4,4,ATTCGTCGTCTTTAGGTCAA,0,431006
acrZp,0.2,4,4,ATTCGGGTAATAACGAGGTA,0,425922
acrZp,0.2,4,4,ATTCAGGATTGGGGTGAGTA,0,453150
acrZp,0.2,4,4,ATTCAATTCCGTAGAAGCGA,0,428757
acrZp,0.2,4,4,ATTAGGGGAATGATAACTAT,0,454241
acrZp,0.2,4,4,ATTACGTTCTGTACACTATG,0,445822
acrZp,0.2,4,4,ATTACCGTGCAGTTCGGCCT,0,462107
acrZp,0.2,4,4,ATTACCAGGGTCGCGGATAA,0,431690
acrZp,0.2,4,4,ATTACATTTGTTGGGTAGGT,0,439781
acrZp,0.2,4,4,ATGTCACAATTGAGCCCGCT,0,464066
acrZp,0.2,4,4,ATGTATAACAAGCAGGAACA,0,433299
acrZp,0.2,4,4,ATGGTTCGGGCACTGACTCG,0,447105
acrZp,0.2,4,4,ATGGTGGTACGGTTTAAGAC,0,457474
acrZp,0.2,4,4,ATGGTCACGCGGCCCATGCG,0,433396
acrZp,0.2,4,4,ATGGGTCGCGCCCAAGACGT,0,455930
acrZp,0.2,4,4,ATGGCATATTATGGTTAATT,0,466874
acrZp,0.2,4,4,ATGCTGGGTATAGCGCATAC,0,441754
acrZp,0.2,4,4,ATGCTGGACCGAAGACGGTG,0,447007
acrZp,0.2,4,4,ATGCGTTTCACATGCGCAGC,0,421725
acrZp,0.2,4,4,ATGCCGAAAGGGCTAGACTT,0,454242
acrZp,0.2,4,4,ATGCCATCTTGGAAACGTGA,0,444615
acrZp,0.2,4,4,ATGCACCTGGTACGACCAGA,0,463486
acrZp,0.2,4,4,ATGATCGAATTAGCAGTAGG,0,442804
acrZp,0.2,4,4,ATGAATACACCAACGTCCTA,0,438885
acrZp,0.2,4,4,ATGAAGGTACTAGGAGGTTG,0,447467
acrZp,0.2,4,4,ATCTTTTTGGGCGCTTCTCT,0,448130
acrZp,0.2,4,4,ATCTTGTGGGTTAGCTGCGA,0,450880
acrZp,0.2,4,4,ATCGTTTGACCCGCGATAGA,0,409672
acrZp,0.2,4,4,ATCGTCATCCCTGCTCCCGC,0,437986
acrZp,0.2,4,4,ATCGTCAACACGCATATCCA,0,409280
acrZp,0.2,4,4,ATCGGTATTTGCACGGTGAA,0,464723
acrZp,0.2,4,4,ATCGGTATCCAGGAAAGTGC,0,456014
acrZp,0.2,4,4,ATCGGGACCACCTATAAGGT,0,456628
acrZp,0.2,4,4,ATCGCATGGGGCGATGAGGA,0,448404
acrZp,0.2,4,4,ATCCTTGGGTCTCCTTCCTT,0,450021
acrZp,0.2,4,4,ATCCTCTTAAAGCGTAGCAG,0,441787
acrZp,0.2,4,4,ATCCTACGTTTTCCCGGTGC,0,447724
acrZp,0.2,4,4,ATCCGGCACTTCAAGACATT,0,438546
acrZp,0.2,4,4,ATCCAAAACACACAGTCATT,0,415044
acrZp,0.2,4,4,ATCACCCCATGCTAATCGGC,0,444079
acrZp,0.2,4,4,ATCAACCTCGGGAAGGTTTA,0,455416
acrZp,0.2,4,4,ATCAACCACGGTCATGATCT,0,451582
acrZp,0.2,4,4,ATATGGAGAGCGGGGCGGCC,0,445197
acrZp,0.2,4,4,ATATCGGCTCTGGGCCTGCA,0,462511
acrZp,0.2,4,4,ATATCAGGGTTGTCATTTAA,0,432955
acrZp,0.2,4,4,ATATAGGACTGCTATCCGTT,0,451963
acrZp,0.2,4,4,ATAGTCGCACTACGAGAGTA,0,464479
acrZp,0.2,4,4,ATAGGCCTTTCGGAGGGAGC,0,440848
acrZp,0.2,4,4,ATAGCACATGATCATGCGTC,0,415866
acrZp,0.2,4,4,ATAGAGATTGGCGGAGCCGT,0,417232
acrZp,0.2,4,4,ATACTGTCAGGCCGTTCGGA,0,436769
acrZp,0.2,4,4,ATACTGCAGGATGTTTACTC,0,435495
acrZp,0.2,4,4,ATACCATCGCTCCTAACGCC,0,424064
acrZp,0.2,4,4,ATACAGCGGCGAAGGCAGAC,0,417213
acrZp,0.2,4,4,ATACAACCGCTGCTGAGGCA,0,463027
acrZp,0.2,4,4,ATAATATGTACAAGCGGTTG,0,439464
acrZp,0.2,4,4,ATAATAAGATCCCAGCTCTA,0,415078
acrZp,0.2,4,4,ATAACTTTAAATAGTAATGG,0,452989
acrZp,0.2,4,4,ATAAAACGTGCATTATAAGT,0,408775
acrZp,0.2,4,4,AGTTTAATGTGGTGTCCAGA,0,436970
acrZp,0.2,4,4,AGTTAATCTAAGGTGCCTAC,0,422950
acrZp,0.2,4,4,AGTGTTTCAATGCTTTTTGC,0,409811
acrZp,0.2,4,4,AGTGGGGAGTGTGCGCGTCA,0,420700
acrZp,0.2,4,4,AGTGGGCTCTTGGTCACACG,0,439940
acrZp,0.2,4,4,AGTGCTTGTCAGGCTGAGAA,0,408705
acrZp,0.2,4,4,AGTGCTTGCCGCGCCCAGTC,0,410228
acrZp,0.2,4,4,AGTGCGAACAGACCTACAAA,0,412344
acrZp,0.2,4,4,AGTGAGCTATTTTAAGCAGA,0,454657
acrZp,0.2,4,4,AGTGAGAACGTGCCGGTAGC,0,431285
acrZp,0.2,4,4,AGTCTGACAAGAGGCTACTT,0,433327
acrZp,0.2,4,4,AGTCGCCGGTCAAGTTCACA,0,442171
acrZp,0.2,4,4,AGTCCACATTGTATGCCCAA,0,416099
acrZp,0.2,4,4,AGTATGCCATCAAGGCGCTC,0,422860
acrZp,0.2,4,4,AGTAGGATCCGAACGACGAC,0,466502
acrZp,0.2,4,4,AGTACTTTCGTTGTAAATTT,0,436767
acrZp,0.2,4,4,AGTACGTACATTTTGATGAG,0,419037
acrZp,0.2,4,4,AGTAAGTAAGTCTAGTCGCA,0,411091
acrZp,0.2,4,4,AGTAAGGGCAGTTCACCATG,0,431483
acrZp,0.2,4,4,AGTAACTGTCCATGCTTCGT,0,456421
acrZp,0.2,4,4,AGGTTGAATGGTTAGGACAC,0,448956
acrZp,0.2,4,4,AGGTCAACAGTTCATGGTAA,0,413571
acrZp,0.2,4,4,AGGGTTGACCGAATATAAGT,0,415026
acrZp,0.2,4,4,AGGGTGAGGAGTAACAAGGT,0,431215
acrZp,0.2,4,4,AGGGGGACGGATTACCAAGG,0,432554
acrZp,0.2,4,4,AGGGCTAGGGGAAAGATAGC,0,413378
acrZp,0.2,4,4,AGGGATCTCTTTTAGGGGTG,0,447620
acrZp,0.2,4,4,AGGGAGCCACCCGGGCCTAA,0,422108
acrZp,0.2,4,4,AGGCCTAATAGTATAGGCTG,0,434527
acrZp,0.2,4,4,AGGCCGTCTAACCTGATTGA,0,461406
acrZp,0.2,4,4,AGGATGAGAAAATACAATGA,0,453531
acrZp,0.2,4,4,AGGATAATCAATGTTACACA,0,447592
acrZp,0.2,4,4,AGGAGTTGCTAGGCACCAGG,0,450974
acrZp,0.2,4,4,AGGAGATATTAAAAAGCACT,0,440526
acrZp,0.2,4,4,AGGACCCTCCAGAGCCGTGT,0,433131
acrZp,0.2,4,4,AGGAACCATCGCCAACTAAC,0,443501
acrZp,0.2,4,4,AGGAAAGCCCGATACGGTTC,0,428454
acrZp,0.2,4,4,AGCTTGACCAGCGGAGATCT,0,424158
acrZp,0.2,4,4,AGCTGCCCGGCATCCCAGGC,0,411546
acrZp,0.2,4,4,AGCGTTTCGTCAGTTTTCTA,0,460357
acrZp,0.2,4,4,AGCGTGAGAGGTGTCCCTGG,0,423674
acrZp,0.2,4,4,AGCGTACAAAACGTGTCCGG,0,453984
acrZp,0.2,4,4,AGCGGTTATGCGCTAGAAAT,0,456390
acrZp,0.2,4,4,AGCGAGACGACATTTAATTG,0,445302
acrZp,0.2,4,4,AGCGAGAATTAAAGGCAGTT,0,430596
acrZp,0.2,4,4,AGCGACCTAGATAATGAGGG,0,422812
acrZp,0.2,4,4,AGCCTTTAAATGTATAGCTT,0,432676
acrZp,0.2,4,4,AGCCTTACAAACGAAGAGAC,0,460494
acrZp,0.2,4,4,AGCCTGCATACTTAAATAAG,0,439771
acrZp,0.2,4,4,AGCCGTCCTAGGTGACCCAA,0,410918
acrZp,0.2,4,4,AGCCGGCACCATTTGTGAGC,0,452486
acrZp,0.2,4,4,AGCCGCGCTCGGAGTACGGT,0,423886
acrZp,0.2,4,4,AGCCCTGGTCTCACATCACA,0,462402
acrZp,0.2,4,4,AGCCAGCGAACCCAACAAGT,0,450767
acrZp,0.2,4,4,AGCCAGATTGACACAACCCA,0,438634
acrZp,0.2,4,4,AGCATGCCAGTCCTTCTGCT,0,458302
acrZp,0.2,4,4,AGCATCTGGTGCTGTTAAGT,0,433376
acrZp,0.2,4,4,AGCATCGCGTACAATGGCAT,0,419128
acrZp,0.2,4,4,AGCATCACAAGTTGCTAAAG,0,461560
acrZp,0.2,4,4,AGCATACGTGCGGCTAGTGT,0,413774
acrZp,0.2,4,4,AGCAGAGGACAGACACAGGG,0,435303
acrZp,0.2,4,4,AGCACGGGCTTCGTGCACGT,0,419718
acrZp,0.2,4,4,AGCAATCTGAGGATTCACTG,0,461265
acrZp,0.2,4,4,AGCAAATTGACCCGGAAATC,0,438294
acrZp,0.2,4,4,AGATTTGGATAGGCTGAACG,0,418278
acrZp,0.2,4,4,AGATTTCGGGGATGGGTCAG,0,428045
acrZp,0.2,4,4,AGATGAGGTTCGTAGCTTTG,0,447112
acrZp,0.2,4,4,AGATCTCTTGGTTGAGGCAA,0,465224
acrZp,0.2,4,4,AGAGTTTGTATGATCCTCAT,0,411884
acrZp,0.2,4,4,AGAGTTCGCAAACACACTGG,0,460281
acrZp,0.2,4,4,AGAGTTCCTCCGCTTACTAT,0,461445
acrZp,0.2,4,4,AGAGCATACGACCTTTCGGA,0,424718
acrZp,0.2,4,4,AGACTATTATGTCTCGTGAT,0,423822
acrZp,0.2,4,4,AGACGTTAAGCTATGCCACT,0,444725
acrZp,0.2,4,4,AGACGTGTACTGGCTCCGTG,0,465423
acrZp,0.2,4,4,AGACCCTAGGCATCCAGCAG,0,414646
acrZp,0.2,4,4,AGAATAGGTTGGTTGTGCGA,0,416926
acrZp,0.2,4,4,AGAAGCTGCCTTCCCTTCGA,0,455432
acrZp,0.2,4,4,AGAACGCAGCACTATCATGC,0,441250
acrZp,0.2,4,4,AGAAACTCGGGAATCTGCAA,0,421069
acrZp,0.2,4,4,ACTTTTTAAGTTCGTCCGGG,0,414032
acrZp,0.2,4,4,ACTTTTGACCCTAATGCAAA,0,421629
acrZp,0.2,4,4,ACTTTGTTTAGGCATACAGT,0,436704
acrZp,0.2,4,4,ACTTTCAGGGGTTTATGGCA,0,415173
acrZp,0.2,4,4,ACTGTTTGCCAAGCACCTGG,0,419835
acrZp,0.2,4,4,ACTGTTGTTGATCGAGGATT,0,434893
acrZp,0.2,4,4,ACTGTGGGATGCCTTGCCAA,0,459385
acrZp,0.2,4,4,ACTGAGACGCGACCACGGCC,0,466867
acrZp,0.2,4,4,ACTGAGAATGTAGGGCCGTT,0,412597
acrZp,0.2,4,4,ACTGACCGGGGGAACCCGTT,0,440837
acrZp,0.2,4,4,ACTGACCGATCTGGGACTCA,0,444966
acrZp,0.2,4,4,ACTGAATGTCCCGACACGGT,0,416215
acrZp,0.2,4,4,ACTCTTTTTGAAACCTCGGT,0,445389
acrZp,0.2,4,4,ACTCTGAAGGCCTCGTTGAC,0,448394
acrZp,0.2,4,4,ACTCTAAGACGTATTGCGCT,0,423667
acrZp,0.2,4,4,ACTCGGCATATAAACAATCG,0,414071
acrZp,0.2,4,4,ACTCGATTCTAAAACCCGGC,0,413795
acrZp,0.2,4,4,ACTCCGAAGAGTTGTAGCCC,0,466943
acrZp,0.2,4,4,ACTCCCGCGTAATCGATTAC,0,466091
acrZp,0.2,4,4,ACTCCCGAAGGACGTACTTG,0,424301
acrZp,0.2,4,4,ACTCATCGGCCGTGTACCAT,0,419469
acrZp,0.2,4,4,ACTCAAAGTAGGAACACCAG,0,428094
acrZp,0.2,4,4,ACTAGACGGGTAGTCTCCAC,0,428579
acrZp,0.2,4,4,ACGTTTGAGTTTTACCGATA,0,415182
acrZp,0.2,4,4,ACGTGCCTTCTAATACCCTT,0,441831
acrZp,0.2,4,4,ACGTAGGAACCCGGGCACAC,0,457213
acrZp,0.2,4,4,ACGTACTTCTGCAAGAAAAC,0,419629
acrZp,0.2,4,4,ACGTAAAAAACACCTTGTAG,0,466285
acrZp,0.2,4,4,ACGGTTCTTGGTGACCGTAT,0,448904
acrZp,0.2,4,4,ACGGGCAAAATCAGGAAAGG,0,438559
acrZp,0.2,4,4,ACGGCTGACTATATTCACTG,0,426778
acrZp,0.2,4,4,ACGGCCCCACGATAACGGTA,0,410079
acrZp,0.2,4,4,ACGGACCGTTTCCTCGAGTA,0,423586
acrZp,0.2,4,4,ACGCGGTCCCAAACAGACTT,0,422033
acrZp,0.2,4,4,ACGCATGGCTTTTCGATCTT,0,441163
acrZp,0.2,4,4,ACGCATGCCGAGGGTTCAGT,0,463474
acrZp,0.2,4,4,ACGATTCATGCATCGGAATT,0,421020
acrZp,0.2,4,4,ACGAGGATTGAATTATGAAG,0,425368
acrZp,0.2,4,4,ACGAGCTTGCGGTACTGAAC,0,442093
acrZp,0.2,4,4,ACGAGCACTTCGTCGGTACA,0,423575
acrZp,0.2,4,4,ACGAGATTAGAATTCTAGCT,0,437184
acrZp,0.2,4,4,ACGACGTACTAGCGCCTTTC,0,442652
acrZp,0.2,4,4,ACGACGGGGTTGCTGCAATT,0,458673
acrZp,0.2,4,4,ACGACAGCGTGATCAGTAGT,0,441636
acrZp,0.2,4,4,ACGACACATAAGTGGGTTTT,0,456788
acrZp,0.2,4,4,ACGAACCGACTGGAATAAGG,0,435296
acrZp,0.2,4,4,ACCTTTTGTCAGAAATGTGC,0,444059
acrZp,0.2,4,4,ACCTGTGGTCGGGGTTTTGC,0,447316
acrZp,0.2,4,4,ACCTGAGCAGACCGTGTCTG,0,447174
acrZp,0.2,4,4,ACCTACGCCCCGGCCACTAT,0,445270
acrZp,0.2,4,4,ACCTAACTTACATGTCTATT,0,463469
acrZp,0.2,4,4,ACCGTTTGAAATTATCTGAT,0,423411
acrZp,0.2,4,4,ACCGGGATTACGGGGCGTGA,0,440757
acrZp,0.2,4,4,ACCGCGGAGCTGTTCAGGGA,0,414855
acrZp,0.2,4,4,ACCGAGAGCCGGGCTTGTCT,0,442871
acrZp,0.2,4,4,ACCGAACTAGGCCGGACGTG,0,416924
acrZp,0.2,4,4,ACCCTCTCCGCAGATAGTTT,0,437424
acrZp,0.2,4,4,ACCCGTTGACATGCTATAAA,0,450250
acrZp,0.2,4,4,ACCCGGGGGGAAACAGTATA,0,419267
acrZp,0.2,4,4,ACCATCAAACGGCACGGCTG,0,459332
acrZp,0.2,4,4,ACATTGCGGGGCAGACGCCG,0,444543
acrZp,0.2,4,4,ACATTAGAGCCGGTCCACAT,0,410508
acrZp,0.2,4,4,ACAGCACGACTAAGGGGGAC,0,437428
acrZp,0.2,4,4,ACAGATGGCCATGGTCTAGT,0,414369
acrZp,0.2,4,4,ACACGTTAATAAGTATCATG,0,466272
acrZp,0.2,4,4,ACACGGCAGAGGTATTTTTA,0,432712
acrZp,0.2,4,4,ACACGCTTATAGGTGCCAAG,0,435222
acrZp,0.2,4,4,ACACGATTATTGCTGTCTGA,0,426533
acrZp,0.2,4,4,ACACCTGAACTCCAGTCTAA,0,466706
acrZp,0.2,4,4,ACACACATTGGCCCGGAGAC,0,465875
acrZp,0.2,4,4,ACAATTGGCTAAAAGTCCAG,0,463500
acrZp,0.2,4,4,ACAATATGCGGGATGTGAAG,0,450830
acrZp,0.2,4,4,ACAAGTTGCCCTGGTAGACA,0,447812
acrZp,0.2,4,4,ACAAGTAACAATCCTCGTTT,0,412280
acrZp,0.2,4,4,ACAAGAGTTGCGATCCGTCT,0,433742
acrZp,0.2,4,4,ACAACGGCCACGGTGCATCC,0,429893
acrZp,0.2,4,4,ACAAAATGTAGACAGCAAAC,0,451966
acrZp,0.2,4,4,AATTTCGCGAGCGCCTAGCA,0,432464
acrZp,0.2,4,4,AATTTCGAGTGCAAACTTTT,0,439387
acrZp,0.2,4,4,AATTAGTGCGCGTTAATAGT,0,429654
acrZp,0.2,4,4,AATTACATCTCATAGATATG,0,451710
acrZp,0.2,4,4,AATGTCACATGAATGTTTCA,0,436625
acrZp,0.2,4,4,AATGGGCTAGGTTGCCATCG,0,417227
acrZp,0.2,4,4,AATCTTTCCGCCGGGTTGCT,0,428377
acrZp,0.2,4,4,AATCGGTGAGTAAGGGTAGT,0,411030
acrZp,0.2,4,4,AATCCTGCTGGTAATGGTCC,0,423991
acrZp,0.2,4,4,AATCCTAGGCGTAACCATGT,0,433486
acrZp,0.2,4,4,AATCCGCTATCTTCGGTCGT,0,422315
acrZp,0.2,4,4,AATCCCGCTAGTAAGCAGAA,0,409084
acrZp,0.2,4,4,AATCATCGAATTGTATTAGC,0,414914
acrZp,0.2,4,4,AATCAAGAAAGGTCTACTAT,0,429674
acrZp,0.2,4,4,AATATTGGGTCAACCGGCGT,0,421912
acrZp,0.2,4,4,AATACGTAGGCACAGGTGCC,0,413451
acrZp,0.2,4,4,AATACGGGAGCCGCATCGTA,0,459904
acrZp,0.2,4,4,AAGTTCACGGTCAAAAATGT,0,465041
acrZp,0.2,4,4,AAGTGGTTGCTTATGATGCT,0,417160
acrZp,0.2,4,4,AAGTGATATACGTGGACCTA,0,447401
acrZp,0.2,4,4,AAGTCCCACGTCGTATTAGT,0,430952
acrZp,0.2,4,4,AAGTCAGGACACCTGGTAAC,0,463099
acrZp,0.2,4,4,AAGGTCTGTTTGCGGACGAT,0,421092
acrZp,0.2,4,4,AAGGGTGGGTTGCGCTGATC,0,444272
acrZp,0.2,4,4,AAGGGCGGCCTAATATCACA,0,441126
acrZp,0.2,4,4,AAGGGATACCATAAATTAAA,0,424092
acrZp,0.2,4,4,AAGGCGGGGGGCGGCTCCCG,0,439465
acrZp,0.2,4,4,AAGGCCTCGAGCAATCCCTC,0,458283
acrZp,0.2,4,4,AAGGCAGACAGATGGGCGAC,0,435593
acrZp,0.2,4,4,AAGGAGGAGCAAGAAACAAA,0,421389
acrZp,0.2,4,4,AAGGACCGTGGGTTTAACAT,0,432745
acrZp,0.2,4,4,AAGGAACATCCATACAGGCT,0,431740
acrZp,0.2,4,4,AAGCTGCGTCTTGACAATCT,0,420875
acrZp,0.2,4,4,AAGCTCGTGCCCATTGCTAA,0,421693
acrZp,0.2,4,4,AAGCTCCAAATAGTGCGTTG,0,437575
acrZp,0.2,4,4,AAGCTCAGCCGGAGGTCTCG,0,430232
acrZp,0.2,4,4,AAGCGTGCTCAGAGTATGTG,0,444220
acrZp,0.2,4,4,AAGCCTCGTTCATGTTTCTC,0,424127
acrZp,0.2,4,4,AAGCATTACTTTGGGCATGG,0,436068
acrZp,0.2,4,4,AAGATAGCCCGAGCAAGCGT,0,418189
acrZp,0.2,4,4,AAGATAATAAAAGCAGTTCC,0,418038
acrZp,0.2,4,4,AAGACGTTCTTAACGGGGAA,0,440828
acrZp,0.2,4,4,AAGAAGTTGTAAAGACGGTC,0,451754
acrZp,0.2,4,4,AAGAACCTAGGACCATGATC,0,439139
acrZp,0.2,4,4,AACTTTTACTTGGATTCTTA,0,419859
acrZp,0.2,4,4,AACTTCCTTGGTGGCAAACG,0,414660
acrZp,0.2,4,4,AACTGAGAACCGCCGTTTGA,0,454436
acrZp,0.2,4,4,AACTGAATACACACCCCCGC,0,424318
acrZp,0.2,4,4,AACTCTACCGGAAAATTAAA,0,462332
acrZp,0.2,4,4,AACGTTTATAGTGGTAGGTT,0,441158
acrZp,0.2,4,4,AACGTCGGTGATATAGAGGG,0,418812
acrZp,0.2,4,4,AACGTAGCCAAATGATGTCA,0,413067
acrZp,0.2,4,4,AACGGGGAAATAGGGTCCGA,0,426906
acrZp,0.2,4,4,AACGATGATTTTGTGCGGTT,0,426472
acrZp,0.2,4,4,AACGACAATTGCTCTGCCGT,0,463447
acrZp,0.2,4,4,AACGACAAGCTCATCCGTGG,0,431014
acrZp,0.2,4,4,AACCTACTGCTGGGACGCCC,0,456110
acrZp,0.2,4,4,AACCGGCCGTAACTTACGCC,0,462719
acrZp,0.2,4,4,AACCGCGGGACAGTTAGTGC,0,455816
acrZp,0.2,4,4,AACCGCCACTTCTATTAGGA,0,463911
acrZp,0.2,4,4,AACCACAAACTCCTCCTTAC,0,416780
acrZp,0.2,4,4,AACATCGATTGTCGATCGTT,0,445300
acrZp,0.2,4,4,AACATAGCAAATTTAGGCTT,0,416491
acrZp,0.2,4,4,AACATACACTTTTAGTAGGT,0,451717
acrZp,0.2,4,4,AACAGTGATGGAACCGATTA,0,440503
acrZp,0.2,4,4,AACAGGCATTAGTGCAAACA,0,428784
acrZp,0.2,4,4,AACACCAGAATTCGTCAAAG,0,463896
acrZp,0.2,4,4,AACAATTTAGTACTTTATTT,0,413498
acrZp,0.2,4,4,AACAATCACTCTGGTTTAAT,0,431034
acrZp,0.2,4,4,AACAACGTAGTCAGGTTGGA,0,439400
acrZp,0.2,4,4,AACAAATAGGACGAAGCTAA,0,436032
acrZp,0.2,4,4,AAATTGGTGAGTCTTGTTTC,0,461948
acrZp,0.2,4,4,AAATTCACAAGTCTGCTCAG,0,414860
acrZp,0.2,4,4,AAATCTAAGTATTACTATTA,0,429710
acrZp,0.2,4,4,AAATCGACAGCGTAATTTTG,0,415710
acrZp,0.2,4,4,AAATCCGGAGCGTGTGTTGG,0,430617
acrZp,0.2,4,4,AAATCAGCGGGGAAGGTAAT,0,465978
acrZp,0.2,4,4,AAATCACCAGGGTGGAAGTA,0,435540
acrZp,0.2,4,4,AAATATTTCGACGAGCGGGT,0,466072
acrZp,0.2,4,4,AAATACGCTATCGGGTCAAT,0,454055
acrZp,0.2,4,4,AAATAACCTGTCCGATAAGC,0,443687
acrZp,0.2,4,4,AAAGTCCGGGAGGTCCAGCA,0,439234
acrZp,0.2,4,4,AAAGTCAGGGTAGGGGGGGT,0,457524
acrZp,0.2,4,4,AAAGGAAAGAATAGACGTAA,0,417618
acrZp,0.2,4,4,AAAGAGCGGGCCAGAGACAG,0,425749
acrZp,0.2,4,4,AAAGAACGGTCGTGTTTCGT,0,465693
acrZp,0.2,4,4,AAACTTCTGCGCGCACACAT,0,428980
acrZp,0.2,4,4,AAACTGTTCAACACTGACGT,0,439786
acrZp,0.2,4,4,AAACTCTGCAGAGGAACAAG,0,453931
acrZp,0.2,4,4,AAACGCGATTCTACTTTCGG,0,455219
acrZp,0.2,4,4,AAACGCAGGTGACGTCTGTT,0,434601
acrZp,0.2,4,4,AAACCTAGTTGCTATCAGCT,0,413299
acrZp,0.2,4,4,AAAATGTTAGGAGCATGGAA,0,408721
acrZp,0.2,4,4,AAAATAAGCATTCGAGGAAT,0,410901
acrZp,0.2,4,4,AAAAGGAGATGTCGGAACTG,0,423788
acrZp,0.2,4,4,AAAAAAATCATTGTCAGCCG,0,421115
acrZp,0.25,3,3,TTTTTTTGCGTAGTGGCGGG,0,449802
acrZp,0.25,3,3,TTTTTTGGTGTATTAGACAG,0,411400
acrZp,0.25,3,3,TTTTTACCACTGGACGGACT,0,445947
acrZp,0.25,3,3,TTTTGTGGCCACGTACGCAA,0,423884
acrZp,0.25,3,3,TTTTGCATCTGACGTATATT,0,445338
acrZp,0.25,3,3,TTTTGAGCACATTCCAGTCC,0,443839
acrZp,0.25,3,3,TTTTGAAGTGCATCTGATAG,0,422142
acrZp,0.25,3,3,TTTTCGAAGGATCTTTTCGT,0,447605
acrZp,0.25,3,3,TTTTAGCCGGTCCTCAGAAA,0,439927
acrZp,0.25,3,3,TTTGTTCTTACCTAGTTATA,0,409328
acrZp,0.25,3,3,TTTGTGGAGTGAGCTTCGAC,0,448701
acrZp,0.25,3,3,TTTGGTAACCAATAAACCTC,0,456988
acrZp,0.25,3,3,TTTGGAGAGTCTCCACGCCG,0,456075
acrZp,0.25,3,3,TTTGCCGGTTTAGAGACGAG,0,416641
acrZp,0.25,3,3,TTTCTCTGCAAGCCTCACCT,0,426333
acrZp,0.25,3,3,TTTCGGTGGCTTGATGCGCC,0,464860
acrZp,0.25,3,3,TTTCCTGGTGGCCCGATATC,0,421431
acrZp,0.25,3,3,TTTCCAACTCTTTTCGGGCA,0,466317
acrZp,0.25,3,3,TTTCAGTCGTTGCCACAGTA,0,459277
acrZp,0.25,3,3,TTTCAAAATAAGTCAGTTGG,0,447341
acrZp,0.25,3,3,TTTATTCCATCTCCCTAGAA,0,427242
acrZp,0.25,3,3,TTTAGATCGAGGTTAAGCGG,0,429631
acrZp,0.25,3,3,TTTAAAGGCCGATCCGAACT,0,451019
acrZp,0.25,3,3,TTGTTGCCTTATGGCCTTGG,0,409927
acrZp,0.25,3,3,TTGTTAACTTATTACTCTAC,0,431451
acrZp,0.25,3,3,TTGTGTCGTTCTTACGTAGT,0,444863
acrZp,0.25,3,3,TTGTGTCATCTTTAAGTAAT,0,419230
acrZp,0.25,3,3,TTGTCTTTCAATCATCGGTA,0,430111
acrZp,0.25,3,3,TTGTCTGCATGTGCCAGTAA,0,460298
acrZp,0.25,3,3,TTGTCTAGGGCCTGGACTGA,0,446373
acrZp,0.25,3,3,TTGTACAGAGGGTACGACTA,0,441896
acrZp,0.25,3,3,TTGGTACGCTCGTAGCTCCA,0,456829
acrZp,0.25,3,3,TTGGGAGTACGGACCCGATT,0,466189
acrZp,0.25,3,3,TTGGCATGCTTACATTAGTT,0,426889
acrZp,0.25,3,3,TTGCTGGTATTCGGTGCTCT,0,431862
acrZp,0.25,3,3,TTGCTGGGGCAAACGCGCAT,0,447455
acrZp,0.25,3,3,TTGCGTGAGGAGTTAAACGA,0,441189
acrZp,0.25,3,3,TTGCGTAGACGAGCTACTTA,0,425048
acrZp,0.25,3,3,TTGCCACATACACATTGTTA,0,434624
acrZp,0.25,3,3,TTGCAGTTATGTTTCTCGTT,0,464002
acrZp,0.25,3,3,TTGCAGTTACAGGCTCTTGC,0,423089
acrZp,0.25,3,3,TTGCACATGCGCGCTGATGT,0,418858
acrZp,0.25,3,3,TTGCACACGGAGTGGGAGGT,0,445705
acrZp,0.25,3,3,TTGCAATTTAATGAGGGTGT,0,431915
acrZp,0.25,3,3,TTGATTATGAGCCGTTGATT,0,410573
acrZp,0.25,3,3,TTGAGAGTGGGGAAACGGTC,0,451320
acrZp,0.25,3,3,TTGACTTTTAGGTTTAGCGC,0,434696
acrZp,0.25,3,3,TTGACTGCTAGTGCCAGTAA,0,426984
acrZp,0.25,3,3,TTGACGTTAACTGCTATCCC,0,444078
acrZp,0.25,3,3,TTCTTGGTGAGGGGACGCTT,0,464355
acrZp,0.25,3,3,TTCTGGAATTGGTCGCCAAG,0,414048
acrZp,0.25,3,3,TTCTCTAGAGTCATCGGACT,0,419716
acrZp,0.25,3,3,TTCTCGACGACCTGTCGCAA,0,452322
acrZp,0.25,3,3,TTCTACAATAGAAAGCACAT,0,454799
acrZp,0.25,3,3,TTCTAAGTCACAACATGCGA,0,418592
acrZp,0.25,3,3,TTCGTCCGACCCACTGGGAA,0,458453
acrZp,0.25,3,3,TTCGGCCGTACTTGTGACAA,0,425276
acrZp,0.25,3,3,TTCCTCAAAATGGACAGATC,0,442908
acrZp,0.25,3,3,TTCCGTGGCCTAAAACAGCT,0,443001
acrZp,0.25,3,3,TTCCGGTAGAGTGATACCAG,0,428083
acrZp,0.25,3,3,TTCCAGTTAACAGGAAAGGG,0,417948
acrZp,0.25,3,3,TTCATGTGTTCAGCAGCGGC,0,430006
acrZp,0.25,3,3,TTCAGGTCATTCCTATGGCA,0,419122
acrZp,0.25,3,3,TTCACCAAGAATTCACATAA,0,458575
acrZp,0.25,3,3,TTCAAATCACCGAACGTTCC,0,428281
acrZp,0.25,3,3,TTCAAACTCCCGAAGTCAAT,0,428143
acrZp,0.25,3,3,TTCAAAAAGGACCGACCCCA,0,444912
acrZp,0.25,3,3,TTATTGACAGCTTCAGATAG,0,416917
acrZp,0.25,3,3,TTATGGTAATGGCCGCAGAT,0,461246
acrZp,0.25,3,3,TTATGCCAGTAGGGATCGTT,0,464283
acrZp,0.25,3,3,TTATGATGTTTCATGTGAAT,0,424415
acrZp,0.25,3,3,TTATCCCTGTAGCGGGCCTT,0,459501
acrZp,0.25,3,3,TTATCCAGGAGAATTAAATA,0,457864
acrZp,0.25,3,3,TTATACACAGTAGGATATCT,0,449219
acrZp,0.25,3,3,TTATAAAAGAGGGTATGCGC,0,456277
acrZp,0.25,3,3,TTAGTGCACGCTTAAGTGAC,0,452711
acrZp,0.25,3,3,TTAGTCAACATGCCTTAACG,0,447304
acrZp,0.25,3,3,TTAGTAGTTAACTTCCAGGG,0,429992
acrZp,0.25,3,3,TTAGGGTCAAAAGTAGTGCC,0,455421
acrZp,0.25,3,3,TTAGGGCTACGTCGGCGAGA,0,433844
acrZp,0.25,3,3,TTAGGGAAGTGATCACGTAC,0,461195
acrZp,0.25,3,3,TTAGGCGGATTCTCAGGGGG,0,445825
acrZp,0.25,3,3,TTAGCGGAGTATGGTGATGG,0,428668
acrZp,0.25,3,3,TTACTCGAACGCGAGTTCAA,0,440514
acrZp,0.25,3,3,TTACGTCGGCAAGACATACA,0,467320
acrZp,0.25,3,3,TTACCTCAGTATTGTCACAG,0,461957
acrZp,0.25,3,3,TTACAAGGGGACTGGTAGAC,0,437130
acrZp,0.25,3,3,TTAATGGGCATCGCACCGAA,0,420694
acrZp,0.25,3,3,TTAATAAAGACGCCCGGTAA,0,439697
acrZp,0.25,3,3,TTAAATGATACCACGGACGA,0,454145
acrZp,0.25,3,3,TTAAATATTGTGCATAGGAA,0,440106
acrZp,0.25,3,3,TTAAACTTTGATTGCGTGAC,0,431287
acrZp,0.25,3,3,TGTTTTCAGGTTTGCTGAGC,0,459554
acrZp,0.25,3,3,TGTTTCTAGCCGCGCGGAGT,0,416730
acrZp,0.25,3,3,TGTTTCGACTTACGTGGGGA,0,427604
acrZp,0.25,3,3,TGTTTAACGATATGCGAAAC,0,439296
acrZp,0.25,3,3,TGTTGGCGGGCAACCGCGGA,0,443190
acrZp,0.25,3,3,TGTTGCTAGAGTACACGTTG,0,454556
acrZp,0.25,3,3,TGTTGCCTAGGCTGGCGCAT,0,460868
acrZp,0.25,3,3,TGTTGACGTAGCTACTTCCT,0,466738
acrZp,0.25,3,3,TGTTACGCTAATTTTAACCT,0,438285
acrZp,0.25,3,3,TGTTACAGCTGGAGCACAGT,0,458454
acrZp,0.25,3,3,TGTTAATCATTTCGCGACCA,0,414977
acrZp,0.25,3,3,TGTGGTCCTGGTTAGGTGAG,0,429690
acrZp,0.25,3,3,TGTGGGTCGAAGAACATTTA,0,428991
acrZp,0.25,3,3,TGTGCTTCTCGTTGGGTGCT,0,464643
acrZp,0.25,3,3,TGTGCACTCGAAGAGAAAAG,0,423303
acrZp,0.25,3,3,TGTGAGTCTAACGTCGCGGT,0,418479
acrZp,0.25,3,3,TGTGAGGTCGGTCTCCCTCC,0,413570
acrZp,0.25,3,3,TGTGAAGTGATCCTTTCTAC,0,434020
acrZp,0.25,3,3,TGTCTTACCATCGTACGTAT,0,453058
acrZp,0.25,3,3,TGTCTACTCGTATCGTGCTT,0,420967
acrZp,0.25,3,3,TGTCGGTTGTGGATTTTCTG,0,448578
acrZp,0.25,3,3,TGTCCCCTATCACTTTTCAC,0,410421
acrZp,0.25,3,3,TGTCATTTCGATTTCCCAGG,0,465266
acrZp,0.25,3,3,TGTAGGGCTACATCTGGCAT,0,448080
acrZp,0.25,3,3,TGTAGGCTAATGCCCAGAGA,0,430346
acrZp,0.25,3,3,TGTAGAGCTCAAGAGTGCCG,0,426881
acrZp,0.25,3,3,TGTACGCCGTATGCAAATTA,0,444795
acrZp,0.25,3,3,TGGTTATCCTCAACGATGAT,0,460128
acrZp,0.25,3,3,TGGTTACGCTCACCACTGGG,0,430460
acrZp,0.25,3,3,TGGTGGGATTGAATTTACCC,0,446614
acrZp,0.25,3,3,TGGTGCTTTTATATTACCCC,0,436726
acrZp,0.25,3,3,TGGTGACTGTGAGCTTGAAC,0,411387
acrZp,0.25,3,3,TGGTCTAAGCCAGAACCCCC,0,458038
acrZp,0.25,3,3,TGGTCCTTATCACAGTAGGC,0,465751
acrZp,0.25,3,3,TGGTCCTCTACCACTGATTC,0,458581
acrZp,0.25,3,3,TGGTCCAGGAGCGAATGGCC,0,465956
acrZp,0.25,3,3,TGGTCCAAGCAGCTGTAATA,0,452341
acrZp,0.25,3,3,TGGGTTAACCGGCATAGGGA,0,417277
acrZp,0.25,3,3,TGGGTCATGTAGAATGGAGC,0,464465
acrZp,0.25,3,3,TGGGGGCTTGGTTAGGAAAT,0,455853
acrZp,0.25,3,3,TGGGGAATAGAATCACGAAT,0,419416
acrZp,0.25,3,3,TGGGCCTTGGTAGTGTCTAG,0,463788
acrZp,0.25,3,3,TGGGCCATGATCCATTAATC,0,436115
acrZp,0.25,3,3,TGGGCATCTGACTATCTGAT,0,454393
acrZp,0.25,3,3,TGGGCAGGAAAGTTAAGCGA,0,428749
acrZp,0.25,3,3,TGGGCACAGTCCACTACAAG,0,456482
acrZp,0.25,3,3,TGGGATGTGGACCCTGCAGT,0,465374
acrZp,0.25,3,3,TGGGACTGAGCGCGTTGTTA,0,412196
acrZp,0.25,3,3,TGGCTTCCCCATCGGACCGA,0,435900
acrZp,0.25,3,3,TGGCTTAAAGTGCATGAATT,0,417202
acrZp,0.25,3,3,TGGCTGTTTTGTCACTTATA,0,443680
acrZp,0.25,3,3,TGGCTGGGTTTGTGAAATAG,0,457727
acrZp,0.25,3,3,TGGCTAGGGTCTAGCCCACA,0,412661
acrZp,0.25,3,3,TGGCGGATAGAAGGGGGACG,0,440229
acrZp,0.25,3,3,TGGCGCATAGAACGTTTTAG,0,423803
acrZp,0.25,3,3,TGGCGCACCTATCCGATGGT,0,449512
acrZp,0.25,3,3,TGGCCACTATACGCATACGG,0,424784
acrZp,0.25,3,3,TGGCATTCCCTATTAGACAC,0,452706
acrZp,0.25,3,3,TGGCATCTTGAACATTTAGA,0,414393
acrZp,0.25,3,3,TGGCAAGATGACACCACCAA,0,409008
acrZp,0.25,3,3,TGGATTCAAGATTACAGCTG,0,409181
acrZp,0.25,3,3,TGGATTATGCGCCGCAAACG,0,416987
acrZp,0.25,3,3,TGGATCAGTGAGATCATACT,0,416212
acrZp,0.25,3,3,TGGAGGTAACACTTTGTCTG,0,409152
acrZp,0.25,3,3,TGGAGGGAGTTGCAGTTGTC,0,454295
acrZp,0.25,3,3,TGGAGCACATGGTATTCGGT,0,450147
acrZp,0.25,3,3,TGGACCTATGATAGAGCTAC,0,428568
acrZp,0.25,3,3,TGGACCACGGGCCTGTATTT,0,417103
acrZp,0.25,3,3,TGGAATTGCTCCGTCGCTAA,0,450915
acrZp,0.25,3,3,TGCTTTATGCCTGTGATGAA,0,433731
acrZp,0.25,3,3,TGCTTACGGAGACCTGTTAT,0,458382
acrZp,0.25,3,3,TGCTCATACGGTGTTTTAGT,0,438501
acrZp,0.25,3,3,TGCGTCTCACATTGCGGGTA,0,456462
acrZp,0.25,3,3,TGCGTCGTAAGTCGCTTATT,0,447936
acrZp,0.25,3,3,TGCGCTAACCGTTACCACGA,0,427909
acrZp,0.25,3,3,TGCGCACCTAATTGTCGTTG,0,431196
acrZp,0.25,3,3,TGCGAACGTAGTAAAGTAGA,0,453622
acrZp,0.25,3,3,TGCCTCGGTGGACCCAATGG,0,429241
acrZp,0.25,3,3,TGCCGAAGGTCAATCTCTAG,0,455301
acrZp,0.25,3,3,TGCCCCAGTAACAAGGGTTT,0,458663
acrZp,0.25,3,3,TGCCCATTGTTGAAAACCTA,0,460870
acrZp,0.25,3,3,TGCCCAGTAAGGCGGCCTAT,0,430821
acrZp,0.25,3,3,TGCCAGAGCACGTAGACCAT,0,412843
acrZp,0.25,3,3,TGCCACTGTAATCGCGCAGA,0,456262
acrZp,0.25,3,3,TGCCAATCCCACACTTCACG,0,439030
acrZp,0.25,3,3,TGCAGGGTAGGCGCCTAAGG,0,445392
acrZp,0.25,3,3,TGCAGGCGTAGGGTCCCCAC,0,426457
acrZp,0.25,3,3,TGCACTGGAGGGAAAACCGT,0,436508
acrZp,0.25,3,3,TGCACACCAGCGTGATTTGT,0,411786
acrZp,0.25,3,3,TGATTACGTTTAAATGTTTG,0,459285
acrZp,0.25,3,3,TGATTACAATGGGGATTCTT,0,429880
acrZp,0.25,3,3,TGATGCAGGTTCATCTCTGT,0,451150
acrZp,0.25,3,3,TGATGAATCCAGGGACCCGC,0,421433
acrZp,0.25,3,3,TGATATTTGTCTCCAGCGCA,0,458545
acrZp,0.25,3,3,TGATAGACTGCAATCTTACA,0,419304
acrZp,0.25,3,3,TGATAAGGTTTCCTCGGGAT,0,426642
acrZp,0.25,3,3,TGATAAACGCTCTATGAGGA,0,425930
acrZp,0.25,3,3,TGAGCGCACCTCGTCCACTG,0,454116
acrZp,0.25,3,3,TGAGCCCTTTGAATCGGGAC,0,434408
acrZp,0.25,3,3,TGAGATGCGGGCTGGACCTA,0,466670
acrZp,0.25,3,3,TGAGAATTGTACCACATAAG,0,452553
acrZp,0.25,3,3,TGAGAATGGGTTGGAGCCGG,0,418107
acrZp,0.25,3,3,TGACTCCGTAAGAATCTTGG,0,435435
acrZp,0.25,3,3,TGACAGGGTGGTGGATCGGT,0,437300
acrZp,0.25,3,3,TGACAGAGTAACGGTGTTAG,0,418656
acrZp,0.25,3,3,TGAATAATGAGCGGGTTCTC,0,446276
acrZp,0.25,3,3,TGAAGCTTAAAGTGATACTT,0,445669
acrZp,0.25,3,3,TGAAGACCGCCATAGCCCGA,0,453594
acrZp,0.25,3,3,TGAACCTAATTTCGAAACGA,0,440841
acrZp,0.25,3,3,TGAACCGCAAAAGGCTCAGG,0,411944
acrZp,0.25,3,3,TGAAATTACTAGGAAACAAT,0,465947
acrZp,0.25,3,3,TGAAACTGTGAAGTAGCGTA,0,461910
acrZp,0.25,3,3,TCTTTTTAAAGCCACCCACT,0,450918
acrZp,0.25,3,3,TCTTTAACTAAGGCCAGACC,0,430802
acrZp,0.25,3,3,TCTTGGGTGTCATATTTGTT,0,434076
acrZp,0.25,3,3,TCTTGGCGTCAGGACCACGC,0,443733
acrZp,0.25,3,3,TCTTGCACTCGGGCTTCTAA,0,461868
acrZp,0.25,3,3,TCTTCGAAGGATGTACCCGA,0,440240
acrZp,0.25,3,3,TCTTCAACTAATCGCATGGG,0,423192
acrZp,0.25,3,3,TCTTATTCATCTAGTTCGCT,0,455822
acrZp,0.25,3,3,TCTTATCTCTATCGGGCTCT,0,433291
acrZp,0.25,3,3,TCTTACACGCGATTCCCGCG,0,448936
acrZp,0.25,3,3,TCTGTGGTTCTAAATTCACT,0,414618
acrZp,0.25,3,3,TCTGTCCTTGCTTTAAACGT,0,451655
acrZp,0.25,3,3,TCTGCTCTCTTCACCTCCAA,0,422240
acrZp,0.25,3,3,TCTGCGGTGCGGTCGGGGTA,0,461090
acrZp,0.25,3,3,TCTGAAGTTCTGTGTGGGTA,0,466308
acrZp,0.25,3,3,TCTCTGAACTTCGGCAGCTT,0,445043
acrZp,0.25,3,3,TCTCTCCGCATGCGGCAATA,0,458931
acrZp,0.25,3,3,TCTCTATCATGGGGAGGTGG,0,446925
acrZp,0.25,3,3,TCTCATACAAACGTGGTCAA,0,418429
acrZp,0.25,3,3,TCTCAGACGACAAGCTTCGA,0,410659
acrZp,0.25,3,3,TCTCAAGGATATATCGAGGC,0,424266
acrZp,0.25,3,3,TCTAGTCTACAAGTCCTCAA,0,449790
acrZp,0.25,3,3,TCTAGTAGGCTAAATAGGAT,0,458535
acrZp,0.25,3,3,TCTAGTAAGCAGGTCGGAAT,0,445097
acrZp,0.25,3,3,TCTAGAAGACGTGGGGGCTT,0,444533
acrZp,0.25,3,3,TCTACTATACATTTCATCTG,0,455690
acrZp,0.25,3,3,TCTACGTATAACCCAGCGTA,0,438967
acrZp,0.25,3,3,TCTAAGAGCGTGTATGGTTT,0,443776
acrZp,0.25,3,3,TCTAAAGGGCACAACGTTGT,0,458322
acrZp,0.25,3,3,TCTAAAACAATTGAGAAAAG,0,432517
acrZp,0.25,3,3,TCGTTCTCCTGCAGTATGCT,0,457911
acrZp,0.25,3,3,TCGTCGTTCGCTGTACCTCG,0,426707
acrZp,0.25,3,3,TCGTATGACGCGATGATAAT,0,444735
acrZp,0.25,3,3,TCGTATGACCGTAATCATAA,0,431630
acrZp,0.25,3,3,TCGGTTTCGACGATTAGATT,0,444463
acrZp,0.25,3,3,TCGGTTAACCCTCGAGGGAA,0,458368
acrZp,0.25,3,3,TCGGTATGTGACGGTATCGC,0,453005
acrZp,0.25,3,3,TCGGGTCGGGTCAAATCTAT,0,426894
acrZp,0.25,3,3,TCGGGCGTTGCCTAACCCAG,0,447968
acrZp,0.25,3,3,TCGGGATTAAACCTAAAAGT,0,448432
acrZp,0.25,3,3,TCGGGAGTCCCGTTGAATTA,0,412085
acrZp,0.25,3,3,TCGGCTGAGATGACGGCCGG,0,446608
acrZp,0.25,3,3,TCGGCGCCATATACTAACTT,0,441639
acrZp,0.25,3,3,TCGGCGAACGGGCATCCTAA,0,411494
acrZp,0.25,3,3,TCGGCCCCCAGGCTAGTCTA,0,425143
acrZp,0.25,3,3,TCGGCAAGACCTAAAAAATA,0,462881
acrZp,0.25,3,3,TCGGAGTATGCGGGTATGTC,0,432842
acrZp,0.25,3,3,TCGGAACAATGCCACGTGCC,0,453192
acrZp,0.25,3,3,TCGCTTGGCGCCTGCTTATA,0,432654
acrZp,0.25,3,3,TCGCTGACACTGGATGCGCA,0,454321
acrZp,0.25,3,3,TCGCGTTCAGTTCGCTTTTT,0,457961
acrZp,0.25,3,3,TCGCGGTTCCCTGCCATAAG,0,452254
acrZp,0.25,3,3,TCGCCATACTGGCAAGGAGG,0,445133
acrZp,0.25,3,3,TCGCATCCAAAAAGATAAGT,0,420779
acrZp,0.25,3,3,TCGATTCGGATCCTGGGCCA,0,443904
acrZp,0.25,3,3,TCGATGTCCAAGAAGCTCGC,0,466277
acrZp,0.25,3,3,TCGAGGCGTTGCAATAAAAC,0,420840
acrZp,0.25,3,3,TCGAGCTATTGTCAGAATAT,0,454760
acrZp,0.25,3,3,TCGAGAGCTGTGAAATCTTA,0,417959
acrZp,0.25,3,3,TCGACGAATTCATACGTGTC,0,422209
acrZp,0.25,3,3,TCGAAGGCCATTTTGCGCAT,0,445173
acrZp,0.25,3,3,TCCTTCGCAGGGACGCGGAA,0,418929
acrZp,0.25,3,3,TCCTTCCCTCGAGTAGTTCG,0,426838
acrZp,0.25,3,3,TCCTGATGATACGCTTACAC,0,462013
acrZp,0.25,3,3,TCCTGATCGGTCCCGTGGTT,0,425995
acrZp,0.25,3,3,TCCTCGCCTACTTGTCACTT,0,442023
acrZp,0.25,3,3,TCCTCGAGATTATTCAAGCC,0,447521
acrZp,0.25,3,3,TCCTCATTCGGACTTCCCTC,0,434089
acrZp,0.25,3,3,TCCTATCAATAGCTCGGAAT,0,418446
acrZp,0.25,3,3,TCCTAATGGCAAGCGAGAGC,0,439994
acrZp,0.25,3,3,TCCTAATACGAATGGTGAAG,0,462729
acrZp,0.25,3,3,TCCGTTGGTGAAGCACACCG,0,447385
acrZp,0.25,3,3,TCCGGTTGCCACACCTAACC,0,429723
acrZp,0.25,3,3,TCCGGCAACGGCCCAATGTA,0,434669
acrZp,0.25,3,3,TCCCTGTAAGCAGGTAGTTT,0,426381
acrZp,0.25,3,3,TCCCTGCGGGACCGAGATGT,0,446245
acrZp,0.25,3,3,TCCCCGGTATTACAACCTAA,0,432411
acrZp,0.25,3,3,TCCCCACAGGCACCTTAGGC,0,441007
acrZp,0.25,3,3,TCCCATGAGACTGGGAGTCT,0,428048
acrZp,0.25,3,3,TCCCACGTGACCATGCGGTA,0,461072
acrZp,0.25,3,3,TCCAGTGTTAAAGTTCGTCT,0,449889
acrZp,0.25,3,3,TCCAGGAGCGGCCGTTGAGT,0,421486
acrZp,0.25,3,3,TCCACGCCACACCAGAGGTT,0,434818
acrZp,0.25,3,3,TCCAAGCATCAGTTCGCATG,0,413403
acrZp,0.25,3,3,TCATTAGCTCGGATCATCAA,0,437512
acrZp,0.25,3,3,TCATGGTCGTGCCTTGTAAC,0,429999
acrZp,0.25,3,3,TCATCCGTATTACTACGCGG,0,464097
acrZp,0.25,3,3,TCATCCATGGAGACATGGAT,0,417357
acrZp,0.25,3,3,TCATCATGAATAAATATGGA,0,463772
acrZp,0.25,3,3,TCATCAGAGTGGGTATTAGC,0,419712
acrZp,0.25,3,3,TCATAGCACGCGAAGTGTGA,0,416463
acrZp,0.25,3,3,TCATACCGCGCGCCGACCTA,0,410689
acrZp,0.25,3,3,TCAGTTGTAATATATATAGA,0,428076
acrZp,0.25,3,3,TCAGTGCTACGCGTACTCCA,0,453619
acrZp,0.25,3,3,TCAGTAAGTTGAGTGCTAAC,0,451013
acrZp,0.25,3,3,TCAGGGTATTGGCAAACTCG,0,411318
acrZp,0.25,3,3,TCAGGCAGCCGCTCCTACTG,0,446430
acrZp,0.25,3,3,TCAGGAGCGCGCAACCCAGC,0,449749
acrZp,0.25,3,3,TCAGCTGCGCCAAGAGAATA,0,415769
acrZp,0.25,3,3,TCAGCGGCTGGTATGGAACA,0,435794
acrZp,0.25,3,3,TCACTTCTGAGTCGGAACCA,0,427815
acrZp,0.25,3,3,TCACTCAGTGTTACAATACC,0,457865
acrZp,0.25,3,3,TCACTAGGCCGAACTTATCG,0,452569
acrZp,0.25,3,3,TCACGCTCGGGCTGCACACA,0,462414
acrZp,0.25,3,3,TCACGAGTCCCGTGTTGGGT,0,459446
acrZp,0.25,3,3,TCACCGGAGGGATTAGGGAA,0,464300
acrZp,0.25,3,3,TCACCCGAGGCTTCTCTTCC,0,446599
acrZp,0.25,3,3,TCACATTCTTCCGGATATTA,0,437848
acrZp,0.25,3,3,TCACATGTCGTGCGCTTCGA,0,453704
acrZp,0.25,3,3,TCACATCTCCCGGGGGATTG,0,442553
acrZp,0.25,3,3,TCACAATGTCCGCCGATACT,0,425734
acrZp,0.25,3,3,TCAATAAATCCACATAGTAC,0,410019
acrZp,0.25,3,3,TCAACGCGCCTCCGGATGGC,0,410713
acrZp,0.25,3,3,TCAAATTTACGGTTGTCTCG,0,435599
acrZp,0.25,3,3,TCAAAACCGTTCCCCGCAGT,0,436860
acrZp,0.25,3,3,TATTTGCGTGAAATCTTAGT,0,438380
acrZp,0.25,3,3,TATTGGCTAATACCACCTGC,0,429354
acrZp,0.25,3,3,TATTGCTTTAGGGGGCCCTG,0,426512
acrZp,0.25,3,3,TATTAACTTTGGCAACGGCA,0,453682
acrZp,0.25,3,3,TATGTCAGCGCATCACAGCA,0,415990
acrZp,0.25,3,3,TATGCGCTGCTCAGGGAAAG,0,431520
acrZp,0.25,3,3,TATGCGCATGGAACGGCAAT,0,418710
acrZp,0.25,3,3,TATGCCTGGCGTAGGTCAGG,0,430550
acrZp,0.25,3,3,TATGCAAGGTTGCGTCTTCA,0,451868
acrZp,0.25,3,3,TATGAGTACGATCACCACTT,0,456028
acrZp,0.25,3,3,TATCGTTTGCCGAAATTTAT,0,458295
acrZp,0.25,3,3,TATCCCCGTACGAGCGTTAT,0,441339
acrZp,0.25,3,3,TATCACTTGTACACTCCCAT,0,440462
acrZp,0.25,3,3,TATCACGTTCCTCTATGAGT,0,426740
acrZp,0.25,3,3,TATATCCTTTCTCTTGCTTA,0,415661
acrZp,0.25,3,3,TATATAGCCTGAAATGAGAA,0,454731
acrZp,0.25,3,3,TATAGAAGTGTTCTCCGTGA,0,463155
acrZp,0.25,3,3,TATACTTAAGGGACTAGGCC,0,421913
acrZp,0.25,3,3,TATACCCAGTTCCTTATTTT,0,410116
acrZp,0.25,3,3,TATAAACGGACTACTCCTCG,0,451731
acrZp,0.25,3,3,TAGGCCTTGGTCTGAAGAGA,0,414805
acrZp,0.25,3,3,TAGCTGCGGATGGTGATTTT,0,466644
acrZp,0.25,3,3,TAGCTCAACGTCTGTGCAGC,0,464513
acrZp,0.25,3,3,TAGCGTTACCCTAGCCTTTC,0,414011
acrZp,0.25,3,3,TAGCGCTGCCAGAATATCGC,0,413781
acrZp,0.25,3,3,TAGCCCTGTATTCAGCTGTA,0,456103
acrZp,0.25,3,3,TAGATGAGCGGTTTGCATCC,0,415083
acrZp,0.25,3,3,TAGAGTGGGACGGAAGGCCG,0,427442
acrZp,0.25,3,3,TAGAGTCACCACAACGGAAA,0,450752
acrZp,0.25,3,3,TAGAGGCCAGCTGGGAGATC,0,419035
acrZp,0.25,3,3,TAGACAACATCAATCGGTGT,0,453488
acrZp,0.25,3,3,TAGAACGCGGGTCCCGGCCC,0,435075
acrZp,0.25,3,3,TAGAAAATGTTCAGACTCAT,0,440934
acrZp,0.25,3,3,TACTTACACTGCGATCGTGT,0,424771
acrZp,0.25,3,3,TACTCTTGTCAACTGGACAA,0,437973
acrZp,0.25,3,3,TACTCGATCGAAAGCTGCAG,0,459726
acrZp,0.25,3,3,TACTATCAGAAAAGGTATGG,0,454338
acrZp,0.25,3,3,TACGGGGTCGGTCCGAGCGC,0,409684
acrZp,0.25,3,3,TACGCACGCAACTTGATTAT,0,441990
acrZp,0.25,3,3,TACGCACCGACTCATTGGCG,0,412065
acrZp,0.25,3,3,TACGAGTATAACCAATCCAA,0,411040
acrZp,0.25,3,3,TACCTTATGTTGTCTCTATT,0,415849
acrZp,0.25,3,3,TACCGCCGGCAACGCAAGAT,0,410323
acrZp,0.25,3,3,TACCGAGTCTGTAGTGGAGA,0,412042
acrZp,0.25,3,3,TACCCAGAAAAAAAGATGTA,0,463287
acrZp,0.25,3,3,TACCACCGTATACTAGGCAA,0,458676
acrZp,0.25,3,3,TACATTCAGGCTTTACAGAA,0,463268
acrZp,0.25,3,3,TACATGATGACAGTCTAGTT,0,446918
acrZp,0.25,3,3,TACAGCTATCGTGAATTTTG,0,439019
acrZp,0.25,3,3,TACACCCCGTCGCGACGATT,0,447204
acrZp,0.25,3,3,TACAAGGATAAATAGATCCG,0,419319
acrZp,0.25,3,3,TACAACGGAGATTTTTGGCC,0,432923
acrZp,0.25,3,3,TAATGTACCGAGGGACCACC,0,417169
acrZp,0.25,3,3,TAATCTCCATCGGCTTAACT,0,426959
acrZp,0.25,3,3,TAATCGGGCGGTGCCGATTC,0,425581
acrZp,0.25,3,3,TAAGTTCGTACGCTTCTGTC,0,418444
acrZp,0.25,3,3,TAAGGCCGGGATCTTTGTAG,0,432759
acrZp,0.25,3,3,TAAGCTTGACGGATGCTTGT,0,459574
acrZp,0.25,3,3,TAAGCCCTACCCGCGAGCCA,0,437634
acrZp,0.25,3,3,TAAGCAGCCCCCTAAAGAGT,0,445521
acrZp,0.25,3,3,TAAGACAGAATCTGTTGCAA,0,453188
acrZp,0.25,3,3,TAACTGAGTAAATGGGGCAA,0,443750
acrZp,0.25,3,3,TAACTCTACAGTTCAGTGAC,0,445104
acrZp,0.25,3,3,TAACGCCTCTAGCCAGTTCA,0,466877
acrZp,0.25,3,3,TAACGACGATCTTGTGTCTA,0,430224
acrZp,0.25,3,3,TAACCTGTCACATCGGGGTC,0,465189
acrZp,0.25,3,3,TAACATACCATCTAGGATAA,0,441075
acrZp,0.25,3,3,TAAATTCGGCGTAACATCCT,0,443582
acrZp,0.25,3,3,TAAATCGTTGTCAGCTCTTA,0,451459
acrZp,0.25,3,3,TAAATATTTTACGCAAAGCT,0,433483
acrZp,0.25,3,3,TAAAGGCGTCAGGTCGCGAG,0,442963
acrZp,0.25,3,3,TAAACTCGCCACGGTAGCCT,0,439068
acrZp,0.25,3,3,TAAAACGTGAAACGGGACAA,0,421007
acrZp,0.25,3,3,GTTTTGAGATTTCCGCGTGC,0,446358
acrZp,0.25,3,3,GTTTGGTCTTTCCTCAGAAC,0,456903
acrZp,0.25,3,3,GTTTGCCGTTGCTTAAACGA,0,433547
acrZp,0.25,3,3,GTTTGAGATTTAGCTCCAGA,0,430192
acrZp,0.25,3,3,GTTTACAATCTAAGCAACGC,0,464024
acrZp,0.25,3,3,GTTTAAAGTCAGATGCGAGC,0,438296
acrZp,0.25,3,3,GTTGTTGTCCATGACTTCCC,0,442706
acrZp,0.25,3,3,GTTGTTCGGCGAATAGGCAG,0,442324
acrZp,0.25,3,3,GTTGTCCGGATTAAGGTAGG,0,465765
acrZp,0.25,3,3,GTTGGACCCTTTTCGAGAAC,0,465588
acrZp,0.25,3,3,GTTGCTGGGTCATAGTATTG,0,432985
acrZp,0.25,3,3,GTTGATGATGAGGCCCAAAT,0,436943
acrZp,0.25,3,3,GTTGAGCTAGTTCAACTGGC,0,432401
acrZp,0.25,3,3,GTTCTGCTCGCGTGGATCCG,0,420958
acrZp,0.25,3,3,GTTCGCCCAGAGCACTCCGT,0,448345
acrZp,0.25,3,3,GTTCCCCTTAGACAGGAAGC,0,432839
acrZp,0.25,3,3,GTTCAGCGGTCCTAAGAACA,0,447412
acrZp,0.25,3,3,GTTATTTTGGTTTCCTAGTC,0,435905
acrZp,0.25,3,3,GTTATTAAGTGCGATCCCCA,0,433850
acrZp,0.25,3,3,GTTATGCCTGTCCCTTTGTT,0,442127
acrZp,0.25,3,3,GTTACGGCCTGAAGGAACCC,0,412290
acrZp,0.25,3,3,GTTAACGTCGCTCCATACCA,0,417193
acrZp,0.25,3,3,GTGTTGTTCGGACTGAGAGA,0,436842
acrZp,0.25,3,3,GTGTTGTAGATGCCATCAGT,0,456795
acrZp,0.25,3,3,GTGTGAGTATGCAGGGCTAC,0,455880
acrZp,0.25,3,3,GTGTCTTATGTCAAGCCAGG,0,464039
acrZp,0.25,3,3,GTGTACTCAAAGACAGGAAT,0,420755
acrZp,0.25,3,3,GTGTAATGTTACCGGTGTAC,0,412419
acrZp,0.25,3,3,GTGGTCTTGAGTGTCAATGA,0,437732
acrZp,0.25,3,3,GTGGTAATGCCTGGCGCCAC,0,420205
acrZp,0.25,3,3,GTGGGCGTTAAAGGTATGCA,0,441457
acrZp,0.25,3,3,GTGGGATTTGCGCGGCTGTA,0,454598
acrZp,0.25,3,3,GTGGGACTAACCAAGGCTGA,0,440938
acrZp,0.25,3,3,GTGGGACACAGCTATCTAAA,0,423025
acrZp,0.25,3,3,GTGGAGACCAGAGGCAAAAC,0,426205
acrZp,0.25,3,3,GTGGACTGCCGGAGCTTTGG,0,420267
acrZp,0.25,3,3,GTGCTTCCCCTACTCAGCTT,0,417145
acrZp,0.25,3,3,GTGCTGTTGATTGCCCATCT,0,434014
acrZp,0.25,3,3,GTGCGTCCCGCGTAGAGCAA,0,412684
acrZp,0.25,3,3,GTGCGGGCCTGCCTAGTGCG,0,440893
acrZp,0.25,3,3,GTGCCTGAAGCCCATTTCGA,0,447372
acrZp,0.25,3,3,GTGCACGGAGGTGATATAAG,0,461479
acrZp,0.25,3,3,GTGACCGTGTCTGATGAGGA,0,454255
acrZp,0.25,3,3,GTGACACTAGGAGCCCCATG,0,430813
acrZp,0.25,3,3,GTGAATCCAACTCTCATGAC,0,422173
acrZp,0.25,3,3,GTCTTTACTATTTCCATTCA,0,418395
acrZp,0.25,3,3,GTCTGTTGCTTAGAACCGTA,0,442592
acrZp,0.25,3,3,GTCTCGCCTCTCCCCAGATC,0,422090
acrZp,0.25,3,3,GTCTAGTTTGTTTGGGGTGT,0,428926
acrZp,0.25,3,3,GTCTACGCAGGCCGATTTAA,0,448667
acrZp,0.25,3,3,GTCGTACAGGCAGGTGCTTT,0,440140
acrZp,0.25,3,3,GTCGGCGGCAAAGATCGAAT,0,412657
acrZp,0.25,3,3,GTCGCGGACCTGCGCAAGCA,0,420193
acrZp,0.25,3,3,GTCGCGCCGACTTAGAGGTA,0,413084
acrZp,0.25,3,3,GTCGATCCTTAACGGAGCTA,0,455315
acrZp,0.25,3,3,GTCCTTCATCCATCGAGTCC,0,412586
acrZp,0.25,3,3,GTCCGCGAACTGCACCAGAA,0,440208
acrZp,0.25,3,3,GTCCCTACACTCCTAGCAGA,0,438133
acrZp,0.25,3,3,GTCCAGACCTTCTCCGGTCC,0,466385
acrZp,0.25,3,3,GTCATATTTAAGGCTTAAGC,0,452549
acrZp,0.25,3,3,GTCAAGAGTAGTGAAGAAGT,0,415159
acrZp,0.25,3,3,GTCAAATAAATCCTTCATGG,0,445623
acrZp,0.25,3,3,GTATTTGGGACCGGTCGGAT,0,421697
acrZp,0.25,3,3,GTATTTACCATGCCCATCGG,0,442491
acrZp,0.25,3,3,GTATTACGAGGAGAGGGTTA,0,412688
acrZp,0.25,3,3,GTATGCGCACCAATTGCCAT,0,421169
acrZp,0.25,3,3,GTATCCGCCTCTGGGGCCAT,0,417344
acrZp,0.25,3,3,GTATAGGCTAAGTTACAGTC,0,411349
acrZp,0.25,3,3,GTAGGTAAGGCCACGATGAG,0,458063
acrZp,0.25,3,3,GTAGGATATCCGTGCCGAAA,0,421457
acrZp,0.25,3,3,GTAGCGACATTTATGTACCA,0,418100
acrZp,0.25,3,3,GTAGATTTGTTGAAACATGC,0,466909
acrZp,0.25,3,3,GTAGATAGACCATTGGGATT,0,433237
acrZp,0.25,3,3,GTAGACTTCTAGATATATTA,0,409757
acrZp,0.25,3,3,GTAGAAGCCCCATAGGCGCA,0,425380
acrZp,0.25,3,3,GTACTGCAAGAGAGTCACCA,0,442976
acrZp,0.25,3,3,GTACTCGGTTTATCTCCATT,0,431361
acrZp,0.25,3,3,GTACTCATGGAAGTTCGTTC,0,423208
acrZp,0.25,3,3,GTACTCAGGGAAACGGCAAC,0,451732
acrZp,0.25,3,3,GTACGGAAGAATTAGAAATT,0,415837
acrZp,0.25,3,3,GTACAGTCTCACGTAGCTTT,0,422439
acrZp,0.25,3,3,GTACAGCCGCATGCGCTCTG,0,439402
acrZp,0.25,3,3,GTACAAGGAGCTAGTGTCAT,0,449892
acrZp,0.25,3,3,GTACAACGTGACAACAGGAC,0,436645
acrZp,0.25,3,3,GTACAACATTGGATAGGGCA,0,419518
acrZp,0.25,3,3,GTAATGAGCTGTAACGGGAC,0,422813
acrZp,0.25,3,3,GTAATCGTTCCCGAGTGTCC,0,457708
acrZp,0.25,3,3,GTAATACGCCCGGGGGTCAC,0,438341
acrZp,0.25,3,3,GTAAGTGTAAAAGACTGGCT,0,430709
acrZp,0.25,3,3,GTAAGCCCGCCAGTTGGGAT,0,460447
acrZp,0.25,3,3,GTAACCAGTTAAGCGTGATT,0,450571
acrZp,0.25,3,3,GTAAACGCAGGCTCCAAGTT,0,423463
acrZp,0.25,3,3,GTAAAATGCTCGTGTTTCAA,0,453718
acrZp,0.25,3,3,GGTTTATTTAAACATGCCCT,0,449493
acrZp,0.25,3,3,GGTTGTTTATCTCTGGGCTT,0,458955
acrZp,0.25,3,3,GGTTGCTAGGCGTCCAGGGC,0,454690
acrZp,0.25,3,3,GGTTCTGCCCATACGTTGTG,0,414968
acrZp,0.25,3,3,GGTTATCATAACAGGCGCCA,0,423241
acrZp,0.25,3,3,GGTTAGTGTGCATTCGCGCT,0,454472
acrZp,0.25,3,3,GGTGTTAAATTAACAAATGT,0,457946
acrZp,0.25,3,3,GGTGTGGTATGATTTATCAT,0,435576
acrZp,0.25,3,3,GGTGTGAGGGTGACCGCCAT,0,444042
acrZp,0.25,3,3,GGTGTCGGTGAAGTCATAAC,0,456633
acrZp,0.25,3,3,GGTGGCTGAGGTCAATATTT,0,431488
acrZp,0.25,3,3,GGTGGAGGGGGTACTTAATT,0,413350
acrZp,0.25,3,3,GGTGCTAACAGCGGCAGATT,0,452191
acrZp,0.25,3,3,GGTGCGGCCCATTGGGAGTG,0,438207
acrZp,0.25,3,3,GGTGCCCAACTATCACCGGA,0,461992
acrZp,0.25,3,3,GGTGAAAGGGTGGAACTGAT,0,450359
acrZp,0.25,3,3,GGTCTTACGCGCGACGCTGT,0,462698
acrZp,0.25,3,3,GGTCTGGTTCCAATAGCTGG,0,411902
acrZp,0.25,3,3,GGTCGAGGTCCGAGTTCCGT,0,466286
acrZp,0.25,3,3,GGTCCCGTCTAAGAGAGATG,0,444151
acrZp,0.25,3,3,GGTCATTCCCTATCACTTAA,0,428910
acrZp,0.25,3,3,GGTCATTCATGCAGTAGAGT,0,460687
acrZp,0.25,3,3,GGTCAGGGCATAGTGAGGTC,0,431364
acrZp,0.25,3,3,GGTCAGCAACGGAAAGGAGG,0,426396
acrZp,0.25,3,3,GGTCAAGCCCTACACATTGT,0,420360
acrZp,0.25,3,3,GGTATTCCGTATGCCAATTC,0,422505
acrZp,0.25,3,3,GGTAGTCTTTCCCAGCCCCG,0,421167
acrZp,0.25,3,3,GGTAGGGCTAGGGGTTCGCA,0,452333
acrZp,0.25,3,3,GGTACTTCTGGGTGGGTTTT,0,467195
acrZp,0.25,3,3,GGTACGCCTAATAGAGTTTA,0,419403
acrZp,0.25,3,3,GGTAAGTGCCGCGAGAAGTT,0,421296
acrZp,0.25,3,3,GGTAAAGGTCCTAAGGTCCA,0,454359
acrZp,0.25,3,3,GGGTTTGAAATCCGCCAGCT,0,466901
acrZp,0.25,3,3,GGGTTGGGGGGCTCTCTTTG,0,420877
acrZp,0.25,3,3,GGGTCTCTGGATGATATGGG,0,408583
acrZp,0.25,3,3,GGGTCCAGACATATGTTGCC,0,416407
acrZp,0.25,3,3,GGGGTGCAACAGCTCGGAAA,0,410320
acrZp,0.25,3,3,GGGGGTTATATCTAGAACCC,0,455312
acrZp,0.25,3,3,GGGGGAGAGGTGTTCCTACT,0,442329
acrZp,0.25,3,3,GGGGGACGATGATAACATTT,0,421347
acrZp,0.25,3,3,GGGGCTCGGTACGTTTTCTA,0,457545
acrZp,0.25,3,3,GGGGCCGTTGGAGGCTTTCA,0,421759
acrZp,0.25,3,3,GGGGAGTACAACCGCTTGAA,0,466832
acrZp,0.25,3,3,GGGCTTGTTTTCTGGCGAAT,0,418709
acrZp,0.25,3,3,GGGCTCGGTCCCCGGATGTC,0,465229
acrZp,0.25,3,3,GGGCGTTTCTCACCAACCCG,0,451828
acrZp,0.25,3,3,GGGCGTGGTTCTTGCGAATT,0,442584
acrZp,0.25,3,3,GGGCGTCGTCCACTTTTTTC,0,434491
acrZp,0.25,3,3,GGGCGCAACTAGAGGTAATA,0,464478
acrZp,0.25,3,3,GGGCAGTAGGCAGCTGAATC,0,410172
acrZp,0.25,3,3,GGGCAATAAGGCACACCACT,0,415704
acrZp,0.25,3,3,GGGATCTGGGCGATTGTAAA,0,442332
acrZp,0.25,3,3,GGGAGTGCAGATAGTTGCTC,0,411054
acrZp,0.25,3,3,GGGAGCCGTAAATGGAACTA,0,448848
acrZp,0.25,3,3,GGGAGCAAATAGTAATAATC,0,431811
acrZp,0.25,3,3,GGGAGATCCTGCGAGATAGC,0,428357
acrZp,0.25,3,3,GGGACTACCTATTGTTTGAA,0,453968
acrZp,0.25,3,3,GGGACGTTGCCACTGATGGT,0,445898
acrZp,0.25,3,3,GGGAATCAGAGGTATGAGTA,0,425265
acrZp,0.25,3,3,GGGAAGGAGGAGGAGCCTAC,0,464178
acrZp,0.25,3,3,GGCTTGTATTCACGCGGTAA,0,434035
acrZp,0.25,3,3,GGCTTACAGTATATTGTGAG,0,463513
acrZp,0.25,3,3,GGCTGTGGGACTGGTCCACC,0,448496
acrZp,0.25,3,3,GGCTGGTTGAATGAAATTTT,0,430933
acrZp,0.25,3,3,GGCTGCGGGTACCTCTCCAA,0,415038
acrZp,0.25,3,3,GGCTCGTACGACTGTCGTCA,0,457470
acrZp,0.25,3,3,GGCTATTTAAATAAGCCATA,0,427290
acrZp,0.25,3,3,GGCTAGGGTATCGGGGCCAC,0,429235
acrZp,0.25,3,3,GGCTAAGTATATGTTATCAT,0,439869
acrZp,0.25,3,3,GGCGTTGCGAACGTCTCCAT,0,420068
acrZp,0.25,3,3,GGCGTGGAAATTCATATTCA,0,428469
acrZp,0.25,3,3,GGCGTAGTGCAGAAGAAAGA,0,416047
acrZp,0.25,3,3,GGCGGGTAAGTAGGTGGTGA,0,411022
acrZp,0.25,3,3,GGCGGGGCTAGAAATCGGCT,0,429204
acrZp,0.25,3,3,GGCCTTGATAGTAGACAGGA,0,448852
acrZp,0.25,3,3,GGCCTATGTCGTTTTGTTTT,0,436386
acrZp,0.25,3,3,GGCCGCAGTATGCGCTCCCC,0,442219
acrZp,0.25,3,3,GGCCGATGAGAACCCACCTT,0,456029
acrZp,0.25,3,3,GGCCCTGGACTGGTACCTAA,0,464867
acrZp,0.25,3,3,GGCCCGGCTCGCGCCCTGTC,0,455551
acrZp,0.25,3,3,GGCCAGTAGTCACCGCTTCC,0,418394
acrZp,0.25,3,3,GGCCACTGTCGGTCTGACTG,0,419030
acrZp,0.25,3,3,GGCATTTAAATCCGGCGGTT,0,450357
acrZp,0.25,3,3,GGCATGCTTAATGATGTCTG,0,455966
acrZp,0.25,3,3,GGCAGCGTTACTCTAGGCGC,0,458910
acrZp,0.25,3,3,GGCACTCAGGACCTATAATA,0,437846
acrZp,0.25,3,3,GGCACTCACTTGCCTCACTG,0,453769
acrZp,0.25,3,3,GGCACGAGACCCGCTGGTAC,0,430683
acrZp,0.25,3,3,GGCACCCCTTACGGAACATT,0,455329
acrZp,0.25,3,3,GGCAAGAGAAACCGGTGTAC,0,463157
acrZp,0.25,3,3,GGATTTTACGTAACACGTAC,0,414424
acrZp,0.25,3,3,GGATTTGCACAGCAGCCACC,0,445014
acrZp,0.25,3,3,GGATTGTCAGCTGGCGTGGT,0,421224
acrZp,0.25,3,3,GGATTGCATCGCATTTTAAC,0,431531
acrZp,0.25,3,3,GGATGTTACATTGGTTAGCT,0,440950
acrZp,0.25,3,3,GGATGATGCGTTACGCTGAT,0,425164
acrZp,0.25,3,3,GGATAGCACGTCTAGGCATG,0,461559
acrZp,0.25,3,3,GGATAGATTTTCCTTAGGTG,0,453442
acrZp,0.25,3,3,GGATAATACCCACACAGGTA,0,423588
acrZp,0.25,3,3,GGAGTAGCCCGCTGAAATGA,0,462261
acrZp,0.25,3,3,GGAGGTACAATAGGGTTCAT,0,424542
acrZp,0.25,3,3,GGAGGAGACTCCATAGACGG,0,439879
acrZp,0.25,3,3,GGAGCGTGTTAAACCTATGA,0,456267
acrZp,0.25,3,3,GGAGACCAGCTTGTATGTCG,0,450408
acrZp,0.25,3,3,GGAGAATGTCCACCTGGGGT,0,420656
acrZp,0.25,3,3,GGACTGGCTGGCCGCCAACT,0,439550
acrZp,0.25,3,3,GGACTCAAAGCTGCAAGTTA,0,441134
acrZp,0.25,3,3,GGACGGGGTCCGTCATCTCC,0,451206
acrZp,0.25,3,3,GGACGCTAAAAGTTCACGCT,0,453814
acrZp,0.25,3,3,GGACGATTGTCCAAGCAGGT,0,413701
acrZp,0.25,3,3,GGACCCCTCCCGGGGAAAAA,0,462732
acrZp,0.25,3,3,GGACAGGGGGATAAATTATC,0,434888
acrZp,0.25,3,3,GGACAGATTGATTATGCTAC,0,443946
acrZp,0.25,3,3,GGACAGACTTTCGTTACTAA,0,453735
acrZp,0.25,3,3,GGACACGCAGATGGTCTGCG,0,447474
acrZp,0.25,3,3,GGACAAGGTTAACTCCTTAC,0,417771
acrZp,0.25,3,3,GGAATTCAAGTGTTCAGTGA,0,440252
acrZp,0.25,3,3,GGAATGAGTCATTGCAAGAA,0,410783
acrZp,0.25,3,3,GGAATCCGCGTCTCCGCAGC,0,454842
acrZp,0.25,3,3,GGAAGGGGATACCGGCCGCG,0,420398
acrZp,0.25,3,3,GGAACTCCTGGCTAAATCGG,0,408598
acrZp,0.25,3,3,GGAAAGTAGGTGCAGAATGC,0,463803
acrZp,0.25,3,3,GGAAAATATCAATAATAGCT,0,435714
acrZp,0.25,3,3,GCTTTACTCTGAAAGAAGGG,0,450857
acrZp,0.25,3,3,GCTTGTAAGGTCTGGTTCGA,0,438237
acrZp,0.25,3,3,GCTGTGGTGTTCGCGGAACC,0,459619
acrZp,0.25,3,3,GCTGTGGAATAGTTACTTAC,0,453932
acrZp,0.25,3,3,GCTGGTATAGGATATTCAAA,0,419667
acrZp,0.25,3,3,GCTGGACTCTTGCCTATGCG,0,433058
acrZp,0.25,3,3,GCTGGACAGCGACGACCAGT,0,424335
acrZp,0.25,3,3,GCTGCATTGCACGGGCGGCA,0,439153
acrZp,0.25,3,3,GCTCTCGAGATGCCTCCGTC,0,460905
acrZp,0.25,3,3,GCTCTCCCCGCCTGGGTTTT,0,410908
acrZp,0.25,3,3,GCTCGCGGAAAAAAGCTTAT,0,417627
acrZp,0.25,3,3,GCTCCATGACCTATTGAGAC,0,433762
acrZp,0.25,3,3,GCTCATGCTTGATGTCTTGT,0,429558
acrZp,0.25,3,3,GCTCAGGCACCGACATGGAC,0,461207
acrZp,0.25,3,3,GCTCAGCAAATAGGCTGAAT,0,456678
acrZp,0.25,3,3,GCTCACAGCCAGGGTCGCTA,0,446252
acrZp,0.25,3,3,GCTATGAATCCATTGATGAC,0,411577
acrZp,0.25,3,3,GCTATATGATTCGCGCCCTG,0,423043
acrZp,0.25,3,3,GCTACTCCGAGAGCCAGGTC,0,451065
acrZp,0.25,3,3,GCTACGTCGCTCTGTTAGTA,0,424082
acrZp,0.25,3,3,GCTACCCGCTCGCGGCTTGA,0,445655
acrZp,0.25,3,3,GCTACACAGCAGGCCGAAAT,0,441157
acrZp,0.25,3,3,GCTAAGCTTCCAGGCCGTAG,0,414336
acrZp,0.25,3,3,GCTAAACAATAAAACCAAGC,0,455913
acrZp,0.25,3,3,GCTAAAACTTGAGGTAAGCA,0,409170
acrZp,0.25,3,3,GCGTTGTGCAGCGTTCAATG,0,445691
acrZp,0.25,3,3,GCGTTGACCGACAACAATGC,0,438080
acrZp,0.25,3,3,GCGTTCTTGCCTCCACTTAT,0,448593
acrZp,0.25,3,3,GCGTGGAAGTCATGTCTGTG,0,445847
acrZp,0.25,3,3,GCGTGAGTAATTTTCCGTGT,0,421273
acrZp,0.25,3,3,GCGTGACCTTAGGCCTACGT,0,459545
acrZp,0.25,3,3,GCGTCGGTTGCTCGGCAGAA,0,418264
acrZp,0.25,3,3,GCGTCAGGCAAAGAGGCGCA,0,447358
acrZp,0.25,3,3,GCGTCACCCGTGACTCGCTC,0,442118
acrZp,0.25,3,3,GCGGTCTCACTATATGATTT,0,443300
acrZp,0.25,3,3,GCGGGTGGCACAATGGCGCC,0,439140
acrZp,0.25,3,3,GCGGGACCTCAGTCTGTGGA,0,429475
acrZp,0.25,3,3,GCGGCGCAGAGTGACATAAC,0,425080
acrZp,0.25,3,3,GCGGCCGCGCACCTCGAAGG,0,438888
acrZp,0.25,3,3,GCGGAACTAACGGACTATCT,0,442144
acrZp,0.25,3,3,GCGCTTCGCTTGAGGTAGAA,0,430929
acrZp,0.25,3,3,GCGCTAGTTGCTAACGGTAT,0,428939
acrZp,0.25,3,3,GCGCGTTTGTACTGTGCCGC,0,426300
acrZp,0.25,3,3,GCGCGGGCTTAGAGTTTCGT,0,418170
acrZp,0.25,3,3,GCGCGCACTTATAATTATTC,0,446199
acrZp,0.25,3,3,GCGCCGATAGAGTCACATGC,0,446567
acrZp,0.25,3,3,GCGAGCGTCCAACAGCAGTA,0,432443
acrZp,0.25,3,3,GCGAATATAATTCCTAAGTC,0,426149
acrZp,0.25,3,3,GCGAACTTAGAGATAGCAGA,0,432371
acrZp,0.25,3,3,GCCTGGTGTATGAGTCTCCA,0,448545
acrZp,0.25,3,3,GCCTCGCAGACCAGTTGATT,0,438008
acrZp,0.25,3,3,GCCTAACGCCGAAAAGGCCC,0,436855
acrZp,0.25,3,3,GCCGTCGTAGAAACACACGA,0,465143
acrZp,0.25,3,3,GCCGGTGCACATCACGGAAT,0,445666
acrZp,0.25,3,3,GCCGGGGTAACGATAGAGCT,0,438449
acrZp,0.25,3,3,GCCGGAACGAGCCCAAGTTT,0,423090
acrZp,0.25,3,3,GCCGATTACGCGTTGTCCGC,0,460053
acrZp,0.25,3,3,GCCGACACCCTGTTTAGCGC,0,452821
acrZp,0.25,3,3,GCCGAATCCTGCATACCAAG,0,433513
acrZp,0.25,3,3,GCCGAAGCATGAGCGGCTAA,0,450782
acrZp,0.25,3,3,GCCGAAATCTTGCCCGCACA,0,457546
acrZp,0.25,3,3,GCCCTGTCTCAGAATAAGAT,0,441072
acrZp,0.25,3,3,GCCCTGGGCCGTGATCTGCT,0,449950
acrZp,0.25,3,3,GCCCTATGATCCAACCCTCG,0,426119
acrZp,0.25,3,3,GCCCGGCTAAAAGACAAGGA,0,457046
acrZp,0.25,3,3,GCCCATACGGCGCACTTTGA,0,447615
acrZp,0.25,3,3,GCCCAGGTGATCATTGCGAA,0,426057
acrZp,0.25,3,3,GCCATTCCCATATTCGGCTA,0,432577
acrZp,0.25,3,3,GCCATGCTGGCTTGGACATC,0,460661
acrZp,0.25,3,3,GCCATGCTGACTGTCGGCTG,0,414154
acrZp,0.25,3,3,GCCATAGGCAGCTAACAACC,0,433626
acrZp,0.25,3,3,GCCAGGGTTTAGTCTAGTTT,0,447599
acrZp,0.25,3,3,GCCAGCTGCTACCAGCTCAG,0,458236
acrZp,0.25,3,3,GCCAATTAGAAACAGTCGGA,0,423751
acrZp,0.25,3,3,GCCAATGAGCGCTACAAAGT,0,438930
acrZp,0.25,3,3,GCCAACGGTATTGTCCGTAC,0,417619
acrZp,0.25,3,3,GCCAACATTTAACCCTAGCA,0,427204
acrZp,0.25,3,3,GCCAAATCTGGGCCGTTAAT,0,464221
acrZp,0.25,3,3,GCCAAAACAACCTTGGAGAC,0,443768
acrZp,0.25,3,3,GCATGTTCGATTGGCGGAGT,0,442228
acrZp,0.25,3,3,GCATGGGCACCTGGCGTAAG,0,434395
acrZp,0.25,3,3,GCATCTGCATGGCATGACTG,0,464276
acrZp,0.25,3,3,GCAGTGAGACCTGACCAGGT,0,432203
acrZp,0.25,3,3,GCAGGTGCGCGTACGATCAG,0,421557
acrZp,0.25,3,3,GCAGGCCTGATGATGGTTAC,0,454068
acrZp,0.25,3,3,GCAGCGATCTGGGTCTCTAG,0,449407
acrZp,0.25,3,3,GCAGATGCGCACACTGCTAG,0,427186
acrZp,0.25,3,3,GCACGGGAAAGGACAGCCCT,0,433944
acrZp,0.25,3,3,GCACCTACACGATCATCGGT,0,466291
acrZp,0.25,3,3,GCACCCTGGGCTACTACAAA,0,455427
acrZp,0.25,3,3,GCACCCTCTGATCGAGGCCA,0,445886
acrZp,0.25,3,3,GCACCACTTATCAGCAGCTA,0,448758
acrZp,0.25,3,3,GCAATAATGTGCAAAAGTAG,0,462975
acrZp,0.25,3,3,GCAAGTAACGGTCGTCACCC,0,431932
acrZp,0.25,3,3,GCAAGGGTATAGGGGAGCAT,0,434878
acrZp,0.25,3,3,GCAAGCTGGCATTCTGGGAG,0,432520
acrZp,0.25,3,3,GCAACGAGGTCTTTTACTCT,0,442737
acrZp,0.25,3,3,GCAACCTCGTATGGAACCTA,0,423923
acrZp,0.25,3,3,GCAACCCGTTAAATACGGTT,0,451168
acrZp,0.25,3,3,GCAACCAAGCTTCTTGGGAT,0,459187
acrZp,0.25,3,3,GCAAATGATTCAGTCGCCAT,0,452163
acrZp,0.25,3,3,GCAAAGGTGGCGAAGAATTA,0,424563
acrZp,0.25,3,3,GCAAAGATACGTCATCGATA,0,459566
acrZp,0.25,3,3,GATTTTAGGTGTCATCGGGT,0,423505
acrZp,0.25,3,3,GATTTCAGCGTAACTGAATT,0,466301
acrZp,0.25,3,3,GATTGGAGGTGTGGTCTTGT,0,442628
acrZp,0.25,3,3,GATTGGAGACGGGGAAGTGT,0,418112
acrZp,0.25,3,3,GATTCGTTGTTAGTTCTTTC,0,445652
acrZp,0.25,3,3,GATTCAGTACCCGAGCAAAG,0,448333
acrZp,0.25,3,3,GATTCACATAATCGGATCCT,0,411461
acrZp,0.25,3,3,GATGTTGCTGAGAACCTGTT,0,438426
acrZp,0.25,3,3,GATGGGTGGTCTTCACGAAA,0,410101
acrZp,0.25,3,3,GATGGCACAAGCCGCTTGTC,0,435933
acrZp,0.25,3,3,GATGCTTTAACCGTTCATCG,0,414098
acrZp,0.25,3,3,GATGCACACCTTCAGTGAGA,0,432598
acrZp,0.25,3,3,GATGAAGTCCGACTGGGACT,0,417789
acrZp,0.25,3,3,GATCTGGTCGAGGCTTGTAA,0,450401
acrZp,0.25,3,3,GATCCGCCAGCCAGCATAAG,0,429205
acrZp,0.25,3,3,GATCAGATGTGGTGAGAAAA,0,441901
acrZp,0.25,3,3,GATCACACGACTTGCATTCA,0,418156
acrZp,0.25,3,3,GATATGCCGAGCCCCAATGA,0,454970
acrZp,0.25,3,3,GATATCGCCTTGATTTGTTA,0,463012
acrZp,0.25,3,3,GATAGGCAATAGCGATCTGG,0,438785
acrZp,0.25,3,3,GATACTTTATGGCTCGAAAC,0,448018
acrZp,0.25,3,3,GATACTACCATACAGAAGGG,0,436450
acrZp,0.25,3,3,GATACCCAGCCCGCACCGAT,0,416153
acrZp,0.25,3,3,GATACAGGGATTACGAAATC,0,447949
acrZp,0.25,3,3,GATAATTTGTCCTATGTTGC,0,441171
acrZp,0.25,3,3,GATAAATCTACAGGGTTGCT,0,429047
acrZp,0.25,3,3,GAGTTATGCCTCACATGTGA,0,443274
acrZp,0.25,3,3,GAGTTAGGGAATCAGGAAAT,0,456313
acrZp,0.25,3,3,GAGTGTGCCGCAGCTTGCTA,0,454782
acrZp,0.25,3,3,GAGTCACCGTGGATGTCAAC,0,419414
acrZp,0.25,3,3,GAGGTGACTGGTTGGAGACT,0,446248
acrZp,0.25,3,3,GAGGGTATCTGCCCTCGGCT,0,422881
acrZp,0.25,3,3,GAGGGTAGTGTGCTGAGTGA,0,461417
acrZp,0.25,3,3,GAGGACCATCAGAAGTCTGC,0,456101
acrZp,0.25,3,3,GAGGAAGCTAGAAGGGTGGG,0,457532
acrZp,0.25,3,3,GAGCGGTTAATTTGCCTTAC,0,442836
acrZp,0.25,3,3,GAGCGACGGTGATTTTCAAG,0,452377
acrZp,0.25,3,3,GAGCACCCGGCAGCTTTATG,0,429679
acrZp,0.25,3,3,GAGATCGCGTCCTGGCGCAT,0,416504
acrZp,0.25,3,3,GAGATATTCAGCGGGACGGC,0,457630
acrZp,0.25,3,3,GAGAGTGACGCATAGTTACA,0,434518
acrZp,0.25,3,3,GAGAGGGGATAGGGGTCCCA,0,465228
acrZp,0.25,3,3,GAGAGGACCGCGGAGCATAA,0,452436
acrZp,0.25,3,3,GAGACCTGCTCATGGATCTC,0,443492
acrZp,0.25,3,3,GAGACCGTGCGGGCTCAGGA,0,414027
acrZp,0.25,3,3,GAGACCAGTATAGGTCCAGT,0,455500
acrZp,0.25,3,3,GAGAAGGAGGTTGAGCAGAG,0,455883
acrZp,0.25,3,3,GAGAAGCGGATCCGCAAATA,0,462912
acrZp,0.25,3,3,GAGAACCACGTCATCTCTGT,0,428201
acrZp,0.25,3,3,GAGAACATGGGACGGTTTAG,0,458834
acrZp,0.25,3,3,GAGAACACAAGGATTTTTCG,0,434186
acrZp,0.25,3,3,GAGAAATTAGGTCCGGCCTC,0,443550
acrZp,0.25,3,3,GAGAAATGTCTCTAACGCAG,0,433955
acrZp,0.25,3,3,GAGAAATGTAAGGAAATATC,0,452937
acrZp,0.25,3,3,GAGAAAAGTTCTATGCTATC,0,458003
acrZp,0.25,3,3,GAGAAAACCTGTGCTTGCTA,0,422715
acrZp,0.25,3,3,GACTTGCTCGTGCTCGGTAT,0,414981
acrZp,0.25,3,3,GACGTGGCTGGTCGTGCGCT,0,451544
acrZp,0.25,3,3,GACGTGCTTTTTAGCGATGT,0,449215
acrZp,0.25,3,3,GACGTGCGGCCCCGAGGGCT,0,420404
acrZp,0.25,3,3,GACGTCTGAGGCACGAGCCG,0,420145
acrZp,0.25,3,3,GACGGAATTCGTTACCTGGG,0,414591
acrZp,0.25,3,3,GACGAGCTTGCATACTATAT,0,411329
acrZp,0.25,3,3,GACGAATCGCAATGATTTAA,0,436877
acrZp,0.25,3,3,GACCCCAAGCTTTAAGCGTT,0,421425
acrZp,0.25,3,3,GACCCAAAATTATATGGAAA,0,424034
acrZp,0.25,3,3,GACCAGGCATGCACTATGCT,0,410005
acrZp,0.25,3,3,GACCAGATCGTGGTCGCACT,0,410121
acrZp,0.25,3,3,GACCACATGGGCTAAGCAAT,0,424471
acrZp,0.25,3,3,GACATGGCTATCTTGGGATA,0,460207
acrZp,0.25,3,3,GACATATCGCGCGGCAGGGT,0,457684
acrZp,0.25,3,3,GACAGTCGTGGGCGGGTGGG,0,422825
acrZp,0.25,3,3,GACAGTATAATATGGTCGAA,0,430624
acrZp,0.25,3,3,GACAGGGTGAACCATGGCAT,0,408666
acrZp,0.25,3,3,GACAGAGGTAGGGATGCATC,0,452611
acrZp,0.25,3,3,GACAGACGAAAAATGGAAAC,0,443199
acrZp,0.25,3,3,GACAAGGGCTGAGTCAATGC,0,411399
acrZp,0.25,3,3,GACAACTAGCTGGAAATTCG,0,450596
acrZp,0.25,3,3,GACAAAGGTTTCTGTTCTAT,0,412006
acrZp,0.25,3,3,GAATTTTGCGAAGGCGGAGG,0,423772
acrZp,0.25,3,3,GAATTGGACAAAGTCCTGGT,0,411340
acrZp,0.25,3,3,GAATTGAGTTCAGCGCCGCA,0,414423
acrZp,0.25,3,3,GAATGCAACTTTCGACCAGA,0,461121
acrZp,0.25,3,3,GAATGAAAGATATCCGTGAT,0,449430
acrZp,0.25,3,3,GAATCGACTCCTATAATAGG,0,448118
acrZp,0.25,3,3,GAATCCATGCTGGTGGCTCG,0,436529
acrZp,0.25,3,3,GAATCCATGACGTTGTCACA,0,449915
acrZp,0.25,3,3,GAATCCAGTTATGAATAGTG,0,430216
acrZp,0.25,3,3,GAATAGATCAACTGAACAGT,0,453035
acrZp,0.25,3,3,GAAGTTGCAGGCGCTTATCA,0,421699
acrZp,0.25,3,3,GAAGGGAGAACTTTTGGTGG,0,457769
acrZp,0.25,3,3,GAAGGCAATAACACAACTAT,0,414171
acrZp,0.25,3,3,GAAGGAGCCGTGTTCATAGA,0,465594
acrZp,0.25,3,3,GAAGCTGCCGGCCGGTGGTA,0,455511
acrZp,0.25,3,3,GAAGCCACTTGACATGCTGT,0,441558
acrZp,0.25,3,3,GAAGATTATTCCCCAATCGT,0,451690
acrZp,0.25,3,3,GAACTTTTTAACGAGGAATT,0,457851
acrZp,0.25,3,3,GAACTGCTGCAGCGCTGACC,0,429049
acrZp,0.25,3,3,GAACCCGAGCGACCTGTAAT,0,424271
acrZp,0.25,3,3,GAACACGACCTCATGCTCGC,0,421994
acrZp,0.25,3,3,GAAATCCCACTGAATTGCAT,0,432314
acrZp,0.25,3,3,GAAAGCTTCATGACTAGAAG,0,460712
acrZp,0.25,3,3,GAAAGAGGTGCGAAACAGGA,0,448049
acrZp,0.25,3,3,GAAACCCCTAATGGTAGTTA,0,425412
acrZp,0.25,3,3,GAAACATTTTACTGAAGAAA,0,437042
acrZp,0.25,3,3,GAAAACTCGCCGCCTTGGGT,0,426706
acrZp,0.25,3,3,CTTTGCTGTCCGAGATCAGC,0,422170
acrZp,0.25,3,3,CTTTCTTAACAAGAATAGAA,0,418341
acrZp,0.25,3,3,CTTTCTCAATATCGATGGAA,0,424192
acrZp,0.25,3,3,CTTTCGCGCCCATTCGCTGG,0,449445
acrZp,0.25,3,3,CTTTCGAACGTGAGGTGCTT,0,411484
acrZp,0.25,3,3,CTTTCCGTTGCATCGACTTC,0,423966
acrZp,0.25,3,3,CTTGGGATAGGGCCAAGTTA,0,426517
acrZp,0.25,3,3,CTTGGGAGGAGTCCCTACAT,0,410983
acrZp,0.25,3,3,CTTGGCTAAAGTTCAATCTA,0,439333
acrZp,0.25,3,3,CTTGGCGGGCTCAAATCCGT,0,424022
acrZp,0.25,3,3,CTTGGCGAGGATCCGATTTT,0,428426
acrZp,0.25,3,3,CTTGGCCTCCGGGCGAGGTA,0,463006
acrZp,0.25,3,3,CTTGGACATGATAGAAGCTT,0,431829
acrZp,0.25,3,3,CTTGGACACTTAATGCCGCC,0,447334
acrZp,0.25,3,3,CTTGCGGTATGAGAGGAATT,0,460506
acrZp,0.25,3,3,CTTGCCAGGCACTCCGCACG,0,442446
acrZp,0.25,3,3,CTTGAGTCCTTTTAAGAGAT,0,414419
acrZp,0.25,3,3,CTTGAGCCTTGACCGGCCCC,0,444332
acrZp,0.25,3,3,CTTGACTGACGCTTTATTAG,0,424556
acrZp,0.25,3,3,CTTGACCGAGGCGAAGGAAG,0,420368
acrZp,0.25,3,3,CTTCTTTCTTGTTGGAGTGG,0,418547
acrZp,0.25,3,3,CTTCTTACGTTCGGCGGGGC,0,445763
acrZp,0.25,3,3,CTTCTGGGGACCGGTATTAT,0,457429
acrZp,0.25,3,3,CTTCTCGGGTTGGTGTCTGA,0,447319
acrZp,0.25,3,3,CTTCCCAACAGAAGGGAACC,0,426773
acrZp,0.25,3,3,CTTCATCGCACGGACCTGCA,0,424509
acrZp,0.25,3,3,CTTCAATTCTTTACCCCACC,0,435623
acrZp,0.25,3,3,CTTAGTTTGAGGCCGGGACG,0,443122
acrZp,0.25,3,3,CTTAGTATCACGTCCAGGTA,0,450487
acrZp,0.25,3,3,CTTAGTACCCGTTGGGACAT,0,422804
acrZp,0.25,3,3,CTTAGGTAAGCAAGCTGTCT,0,435451
acrZp,0.25,3,3,CTTAGGCGCATCAATGTTTA,0,414139
acrZp,0.25,3,3,CTTAGAATTCATGCACTACA,0,424919
acrZp,0.25,3,3,CTTAAGTCATTATAAGTGAT,0,443123
acrZp,0.25,3,3,CTTAAGGAAACCTTAGGGAG,0,420561
acrZp,0.25,3,3,CTGTTTTGAGTAGGAAGCAA,0,437421
acrZp,0.25,3,3,CTGTTGTCGCCACTTCTCAC,0,424831
acrZp,0.25,3,3,CTGTTCTTCTCAGGAAGGGT,0,467217
acrZp,0.25,3,3,CTGTTCCCCTCAAACGTCCA,0,450427
acrZp,0.25,3,3,CTGTTAACTGCTTTCGATCG,0,419960
acrZp,0.25,3,3,CTGTGAGCCCTTTTACGTAC,0,455347
acrZp,0.25,3,3,CTGTACCTAATTAACGGTCA,0,449757
acrZp,0.25,3,3,CTGTAACTCATTGCCTACAG,0,417211
acrZp,0.25,3,3,CTGGTTGCTAATCAGTTTGC,0,424940
acrZp,0.25,3,3,CTGGTTAAGCGTCCATCGGA,0,462001
acrZp,0.25,3,3,CTGGTGGAACGCCGATAGCT,0,443343
acrZp,0.25,3,3,CTGGTAAGCCATCTACGATT,0,458044
acrZp,0.25,3,3,CTGGGTACGTCCTGAACCAG,0,421124
acrZp,0.25,3,3,CTGGGGTAATCTAGGCGTCA,0,415838
acrZp,0.25,3,3,CTGGGAAATCGTAATGTGGG,0,428462
acrZp,0.25,3,3,CTGGCCGGTGGTCGTCAGTC,0,436567
acrZp,0.25,3,3,CTGGCAGTGGGGGGTATGCC,0,457949
acrZp,0.25,3,3,CTGGAATCCGTGTTCCGTCC,0,428421
acrZp,0.25,3,3,CTGGAATCAGCCTTAGAAGT,0,425077
acrZp,0.25,3,3,CTGCTGTCCTTAGCGAGGTT,0,435437
acrZp,0.25,3,3,CTGCTGAAGTCTTGATTAGT,0,434247
acrZp,0.25,3,3,CTGCGCTGCGTATATACAGA,0,420942
acrZp,0.25,3,3,CTGCGAGCCCTCTGCGGGAT,0,427577
acrZp,0.25,3,3,CTGCCTTCGGTGAATGGAGA,0,453170
acrZp,0.25,3,3,CTGCCTGCCAACATGCGGGA,0,454851
acrZp,0.25,3,3,CTGCCGCACTGTTGCATGGT,0,456931
acrZp,0.25,3,3,CTGCACATACGCTTTGTATT,0,409676
acrZp,0.25,3,3,CTGATGGTGCCGGTGCCTCT,0,427294
acrZp,0.25,3,3,CTGAGTCTCGGACCTCAGGA,0,412288
acrZp,0.25,3,3,CTGAATGGGTACAGGGTTCG,0,435568
acrZp,0.25,3,3,CTCTTTGAACGTCTTAAGAA,0,430518
acrZp,0.25,3,3,CTCTGAGTGCCTATTTCCAA,0,442872
acrZp,0.25,3,3,CTCTAGGCATTATATACCTG,0,451685
acrZp,0.25,3,3,CTCGTGCTTAGAGTAAAAAT,0,428292
acrZp,0.25,3,3,CTCGGGGGTTTGTCATTGTT,0,456690
acrZp,0.25,3,3,CTCGGCCCGGGCGCGGTTCC,0,454848
acrZp,0.25,3,3,CTCGACGCGCCCGCCGCAGC,0,412520
acrZp,0.25,3,3,CTCCGGTTTGGGAGTCGATG,0,421463
acrZp,0.25,3,3,CTCCGGGGTAAGGATAATAG,0,426553
acrZp,0.25,3,3,CTCAGAGCGATCTCAGGTCT,0,447632
acrZp,0.25,3,3,CTCAGAGCACTTGATAGAAA,0,456453
acrZp,0.25,3,3,CTCACTCATCTTTGCGATCC,0,443571
acrZp,0.25,3,3,CTCACCCGCAGCCGTCGGGT,0,424294
acrZp,0.25,3,3,CTATTGAAGCTTGAACAGGC,0,458274
acrZp,0.25,3,3,CTATTCGCGCAACATCTATT,0,443402
acrZp,0.25,3,3,CTATGCCAGAGCGAGGTATC,0,428698
acrZp,0.25,3,3,CTATGATCGGCTCTAACAGG,0,424544
acrZp,0.25,3,3,CTAGTCAAATGTCATTGGGT,0,438332
acrZp,0.25,3,3,CTAGTATCTTAAGACACCTC,0,409150
acrZp,0.25,3,3,CTAGGACTCATCGCTGGGAT,0,446010
acrZp,0.25,3,3,CTAGGACGATGCAGCAGCTG,0,424770
acrZp,0.25,3,3,CTAGCGCTGCGGTTCACACT,0,431202
acrZp,0.25,3,3,CTAGATTCATTTCCAGGGCT,0,414767
acrZp,0.25,3,3,CTAGAGGATCGAAGTTATGG,0,438820
acrZp,0.25,3,3,CTACTTCGTTTCCAGAGGTA,0,421361
acrZp,0.25,3,3,CTACTCTTAACAGCAGATGT,0,419552
acrZp,0.25,3,3,CTACTCAAAAGAGGGATCGC,0,459544
acrZp,0.25,3,3,CTACTATGAGGTCCGTCTCA,0,452576
acrZp,0.25,3,3,CTACGTTCCGCTCCCTCTGT,0,445728
acrZp,0.25,3,3,CTACGATAGGAACCATGACA,0,424379
acrZp,0.25,3,3,CTACAGGACCTCGCACCGCT,0,453627
acrZp,0.25,3,3,CTAATCGGGATCTTGTAAGC,0,461183
acrZp,0.25,3,3,CTAATAATGTTAGATGCTAA,0,413182
acrZp,0.25,3,3,CTAAAAGAGTCTCGGATGGC,0,427633
acrZp,0.25,3,3,CGTTCTTATCCAGTAGATAC,0,410514
acrZp,0.25,3,3,CGTTCGGCTCGTCTGCGTGC,0,458270
acrZp,0.25,3,3,CGTTCCCTCCGACACCCAGG,0,435535
acrZp,0.25,3,3,CGTTCCCCAGGGGTTCAATG,0,434685
acrZp,0.25,3,3,CGTTCCATGCGCCATTCTAC,0,466570
acrZp,0.25,3,3,CGTTCATCTGATACACTCAC,0,440903
acrZp,0.25,3,3,CGTTATCACGATTAAGTTGA,0,409134
acrZp,0.25,3,3,CGTGGTCACCCGTACAATGG,0,466163
acrZp,0.25,3,3,CGTGGAGAATCTAGTAACAT,0,424897
acrZp,0.25,3,3,CGTGCGTGCCTTCTCATGCG,0,439241
acrZp,0.25,3,3,CGTGCCCATCTTCTTTAACT,0,431721
acrZp,0.25,3,3,CGTGCCCAGTCGGATTTAAG,0,417734
acrZp,0.25,3,3,CGTGATAATGTTGGATCGAA,0,449066
acrZp,0.25,3,3,CGTCGTCAGCTGCGTTCATG,0,444430
acrZp,0.25,3,3,CGTCGTCAGCAAACAACCGA,0,465924
acrZp,0.25,3,3,CGTCCTGTCAAGTAGTCATC,0,429365
acrZp,0.25,3,3,CGTCCTCTTCAGGCCCAAAA,0,441338
acrZp,0.25,3,3,CGTCCGCCGTCACAGGCAAG,0,447930
acrZp,0.25,3,3,CGTCCAGTTACGGCTTGAAC,0,412380
acrZp,0.25,3,3,CGTCCACGATCGTGATTCGC,0,411014
acrZp,0.25,3,3,CGTCACGGCTTCTTCGCGAC,0,434218
acrZp,0.25,3,3,CGTCACCGTAGATGCGGTAG,0,463420
acrZp,0.25,3,3,CGTATTACCTTGCTCAGTAC,0,430278
acrZp,0.25,3,3,CGTATGCAATTTGTCGCGAT,0,421701
acrZp,0.25,3,3,CGTATACTCGCACAGGGGAG,0,437803
acrZp,0.25,3,3,CGTACGCGGATCATGAAGGA,0,434607
acrZp,0.25,3,3,CGTACGAGTAGGATTACCTC,0,437321
acrZp,0.25,3,3,CGTACCTTGTTGGTTGGGCA,0,409020
acrZp,0.25,3,3,CGTACATTTGTAAGTTAAGC,0,428120
acrZp,0.25,3,3,CGTAACAACGCAAAGCGATG,0,445495
acrZp,0.25,3,3,CGGTTGGCATTCCACGTGGT,0,414085
acrZp,0.25,3,3,CGGTTATGCCTGTTCGGGGG,0,410722
acrZp,0.25,3,3,CGGTTATCTGGAAGGCTGGC,0,452440
acrZp,0.25,3,3,CGGTGGAATCGCTGGGCTTT,0,444114
acrZp,0.25,3,3,CGGTCGGAGGGTTCCATCAT,0,436487
acrZp,0.25,3,3,CGGTATACGGAGTCGGCAAA,0,421869
acrZp,0.25,3,3,CGGTACGCTACACTGAGAAA,0,412875
acrZp,0.25,3,3,CGGTAAGTACAAATAAAATT,0,438849
acrZp,0.25,3,3,CGGTAAACGTACACTGATGT,0,418714
acrZp,0.25,3,3,CGGGTGGCTCATCCCTGGAC,0,437351
acrZp,0.25,3,3,CGGGTGCAGGAACGGCCCCC,0,435072
acrZp,0.25,3,3,CGGGGTGCATGCATGCAGCT,0,460399
acrZp,0.25,3,3,CGGGGTATTCCGTCATCTTC,0,408578
acrZp,0.25,3,3,CGGGGGGCAATGGTGCCCAC,0,456070
acrZp,0.25,3,3,CGGGGCGTTTCGACAAGACA,0,436959
acrZp,0.25,3,3,CGGGGCATTCAGAATGTCCC,0,443504
acrZp,0.25,3,3,CGGGCTTGAAAACAGGATGA,0,433335
acrZp,0.25,3,3,CGGGCCAGGCCCAATCCAAG,0,446923
acrZp,0.25,3,3,CGGGCATTGCAGATCGCGGT,0,456823
acrZp,0.25,3,3,CGGGCATAACGGTGACCGCG,0,458883
acrZp,0.25,3,3,CGGGATGGTGGCCTTAAGTA,0,450095
acrZp,0.25,3,3,CGGGACCTGACGGAACTTTC,0,416998
acrZp,0.25,3,3,CGGCTTCCGTCACAGAGATT,0,454343
acrZp,0.25,3,3,CGGCTCGTGCAAAACGTTCC,0,454267
acrZp,0.25,3,3,CGGCATATCTCGCCAAAGCA,0,426927
acrZp,0.25,3,3,CGGCAACTTTCGGTAGTCGG,0,412981
acrZp,0.25,3,3,CGGCAAATGGGGGACAGAAC,0,420753
acrZp,0.25,3,3,CGGATCTGTCAGGATTCAAG,0,417258
acrZp,0.25,3,3,CGGATAGTGTGTAAAATTAG,0,445506
acrZp,0.25,3,3,CGGATAATGCTCAGGAGATT,0,438021
acrZp,0.25,3,3,CGGAGGTTTCGGCATTCATG,0,449859
acrZp,0.25,3,3,CGGAGGCTCTGTACCCATCG,0,413296
acrZp,0.25,3,3,CGGAGATTTACCCTCCAGAG,0,451638
acrZp,0.25,3,3,CGGACTCGCGACTGCCATCA,0,455844
acrZp,0.25,3,3,CGGACTATTGGATTATGCCA,0,420627
acrZp,0.25,3,3,CGGACAGTCTGCTTGACTAA,0,458908
acrZp,0.25,3,3,CGGAATACTTTAGGTGGTTA,0,442188
acrZp,0.25,3,3,CGCTTCGTCCCCGGTGGGAC,0,459512
acrZp,0.25,3,3,CGCTGGAGAACCGTCTTCCT,0,452664
acrZp,0.25,3,3,CGCTCGTAGAAGTGGGTACT,0,431485
acrZp,0.25,3,3,CGCGTTCGGCAACACTCGTA,0,452988
acrZp,0.25,3,3,CGCGTCTATCCAACCTGCAG,0,410719
acrZp,0.25,3,3,CGCGTACTGGCTCGGCCTAG,0,426741
acrZp,0.25,3,3,CGCGGTGAAACAGCACGTGA,0,409888
acrZp,0.25,3,3,CGCGAATCTGGTTGATGCCT,0,453811
acrZp,0.25,3,3,CGCGAAGGCGACATAGCTAC,0,438174
acrZp,0.25,3,3,CGCCGTTCGCAAGGCCGCTC,0,463478
acrZp,0.25,3,3,CGCCCATGTTCAGTCAGTAA,0,414859
acrZp,0.25,3,3,CGCCAGGGATTCCGGTTCAA,0,441185
acrZp,0.25,3,3,CGCATTATTCGTTTGGAGGT,0,433930
acrZp,0.25,3,3,CGCATACTGAACCAGATACT,0,440257
acrZp,0.25,3,3,CGCATAATGATGTTGATTGT,0,449316
acrZp,0.25,3,3,CGCAGGAATGGCATGTCTTA,0,455499
acrZp,0.25,3,3,CGCAGCCTGCACTCGGTACG,0,417363
acrZp,0.25,3,3,CGCACTTCCCGTCCTTACAG,0,452391
acrZp,0.25,3,3,CGCAAGGGTATCCGCAAACT,0,416670
acrZp,0.25,3,3,CGATTGTTGCTGCCATACAT,0,447102
acrZp,0.25,3,3,CGATGTTGCGTCTGGGGTCT,0,463422
acrZp,0.25,3,3,CGATGCCCCAGATCTTGGGT,0,429193
acrZp,0.25,3,3,CGATCTGAGTAAGCTCTACC,0,438677
acrZp,0.25,3,3,CGATCCATAACATTATGCCT,0,439389
acrZp,0.25,3,3,CGATAGTCAAATGGACCCGG,0,442755
acrZp,0.25,3,3,CGATACAGAGGCACGTTAGA,0,431519
acrZp,0.25,3,3,CGAGTGACGTGTCTGAATAG,0,430338
acrZp,0.25,3,3,CGAGTATGTTTGGGAGAACT,0,416915
acrZp,0.25,3,3,CGAGTATCCAAGTGGAGCAA,0,463451
acrZp,0.25,3,3,CGAGGCTTTGAATAGTCACA,0,450604
acrZp,0.25,3,3,CGAGGCCCGGACGATTAATC,0,467324
acrZp,0.25,3,3,CGAGGATGAGGGCGTTATTA,0,440985
acrZp,0.25,3,3,CGAGCCCAGGTGGATGTAGC,0,408603
acrZp,0.25,3,3,CGACTTACCTGTAATACGTA,0,459846
acrZp,0.25,3,3,CGACGCGTCGGATTTTGACT,0,414444
acrZp,0.25,3,3,CGACGCGTAACGGAACATGA,0,449925
acrZp,0.25,3,3,CGACCTACTCTGTTCCCAAG,0,444263
acrZp,0.25,3,3,CGACCGCGGGTAGTTTTGGT,0,445230
acrZp,0.25,3,3,CGACCATGTCGCAAGTCTGT,0,416883
acrZp,0.25,3,3,CGAATGATGGTCAATTCTTA,0,424089
acrZp,0.25,3,3,CGAATCCCGATTGCCCTATT,0,419877
acrZp,0.25,3,3,CGAAGTCAAACTCTTTTCGT,0,414784
acrZp,0.25,3,3,CGAACGACCGGCCGCCCCAC,0,467019
acrZp,0.25,3,3,CGAACCCACGGGTGTTAAAA,0,434506
acrZp,0.25,3,3,CGAAATGTAAGGGGATGTCC,0,447863
acrZp,0.25,3,3,CGAAAGCTTGATGCTTCTTA,0,429995
acrZp,0.25,3,3,CCTTTGTTTTCTTTAGGAGA,0,431213
acrZp,0.25,3,3,CCTTTGGTAGCATGGCACTC,0,436605
acrZp,0.25,3,3,CCTTTAGCGAATGCAACTAG,0,449862
acrZp,0.25,3,3,CCTTGGCAAACCAAATTATT,0,426168
acrZp,0.25,3,3,CCTTGCAAAGTAGAGCTGCG,0,421331
acrZp,0.25,3,3,CCTTCGGGACGGATATCGCA,0,452965
acrZp,0.25,3,3,CCTTAGGCCGTGGAAACAGT,0,422225
acrZp,0.25,3,3,CCTGTATTCACTCCTCGGAC,0,433354
acrZp,0.25,3,3,CCTGGGCTGGAAGTCATCAA,0,411147
acrZp,0.25,3,3,CCTCGATTATTGTCGCATAG,0,421393
acrZp,0.25,3,3,CCTCCTAGCGTGTCACTGAA,0,438971
acrZp,0.25,3,3,CCTCCAACGACGACTACTTA,0,414186
acrZp,0.25,3,3,CCTCAGGGAACTTAGGGTCT,0,439952
acrZp,0.25,3,3,CCTCAACTCACATTCGGGAA,0,418025
acrZp,0.25,3,3,CCTATTTACCTCGGGGCAAG,0,418410
acrZp,0.25,3,3,CCTATTTAAGTGTTATTGTG,0,435702
acrZp,0.25,3,3,CCTATCGCAGTTATCGGGGA,0,436039
acrZp,0.25,3,3,CCTAGGTGTGTGCCAAGAAG,0,428565
acrZp,0.25,3,3,CCTAGGGTCAGAATAAGGCG,0,413849
acrZp,0.25,3,3,CCTACCTGGTCCTAGAATTG,0,464823
acrZp,0.25,3,3,CCTAATACTTATTGAATGAT,0,457286
acrZp,0.25,3,3,CCTAAGCCACTTATGGCGTC,0,462810
acrZp,0.25,3,3,CCTAAATGATTTAATAGTTA,0,442565
acrZp,0.25,3,3,CCGTTCTTCCGTGAGACCAT,0,457128
acrZp,0.25,3,3,CCGTGGTTGTTGAAGCTGGA,0,453993
acrZp,0.25,3,3,CCGTGAACATGTAAGACATT,0,423242
acrZp,0.25,3,3,CCGTCTGAAATTGAGTCTGA,0,461352
acrZp,0.25,3,3,CCGTCAGTAAGGCAACGCTC,0,429985
acrZp,0.25,3,3,CCGGTTACTACACGCGCAGT,0,441450
acrZp,0.25,3,3,CCGGTCCGAAGGGACCAGTT,0,423881
acrZp,0.25,3,3,CCGGGTTGGTTTACGCGAGA,0,418430
acrZp,0.25,3,3,CCGGGGTGTTAATTCATCAC,0,439281
acrZp,0.25,3,3,CCGGGGCTGGTAGAATACGA,0,437690
acrZp,0.25,3,3,CCGGGCAGGGTCCTAGCGCT,0,446924
acrZp,0.25,3,3,CCGGGATATACTCAAACTAT,0,439375
acrZp,0.25,3,3,CCGGCTCCGAGTGTTCGCAT,0,428581
acrZp,0.25,3,3,CCGCTGACTAGAGTAACGCA,0,463921
acrZp,0.25,3,3,CCGCATCATTGGTCTGCCTC,0,413310
acrZp,0.25,3,3,CCGATTCGACATGCTCGCTC,0,451806
acrZp,0.25,3,3,CCGATGCACACACGCATCCT,0,437950
acrZp,0.25,3,3,CCGATCAATTAACTCGCCCC,0,454462
acrZp,0.25,3,3,CCGATATATTGTTAGCGTGC,0,450459
acrZp,0.25,3,3,CCCTTTGTCGGCACACCGCA,0,452398
acrZp,0.25,3,3,CCCTTGGGAACTCCAATAAG,0,444871
acrZp,0.25,3,3,CCCTTAAGATAGGCCCCAAA,0,463541
acrZp,0.25,3,3,CCCTGGTAACAGTTATGTAT,0,430569
acrZp,0.25,3,3,CCCTGAGAAGCGGGCGTGCG,0,420897
acrZp,0.25,3,3,CCCTGACCGTATGGTGCGTG,0,419237
acrZp,0.25,3,3,CCCTCCGGGATCCTTCACTA,0,436411
acrZp,0.25,3,3,CCCTCCCGATACATGTCGGC,0,414409
acrZp,0.25,3,3,CCCTCAGGCTTACAATAACT,0,433627
acrZp,0.25,3,3,CCCTCAATCAAGTTTATGGT,0,410929
acrZp,0.25,3,3,CCCTCAAGGAAAACAGGGTT,0,454495
acrZp,0.25,3,3,CCCTATTCTCCCACTAATAC,0,426531
acrZp,0.25,3,3,CCCTAAAAAGGGGTAGCATT,0,427906
acrZp,0.25,3,3,CCCGTGCATGAATCGGGGAT,0,447470
acrZp,0.25,3,3,CCCGTACAATGGCATCGCGT,0,413724
acrZp,0.25,3,3,CCCGAAGGCACTCTAACCAT,0,446068
acrZp,0.25,3,3,CCCCTGTTCGGCCGCCTCGT,0,427522
acrZp,0.25,3,3,CCCCAAAGTGTGGGCTTTCC,0,437490
acrZp,0.25,3,3,CCCATTGACTAGGTCAACTA,0,450389
acrZp,0.25,3,3,CCCATGTTGGGTTCCATTGG,0,458670
acrZp,0.25,3,3,CCCATACCCTATACAATCAT,0,449984
acrZp,0.25,3,3,CCCAGTTGATCTTCGTCCCC,0,413110
acrZp,0.25,3,3,CCCAGACGAGAATTTGGGGT,0,419136
acrZp,0.25,3,3,CCCACAGCCCTAGACGTCGT,0,430117
acrZp,0.25,3,3,CCCAACGAGGGGGAATGGAC,0,458402
acrZp,0.25,3,3,CCCAAACGATTATTTTAGTA,0,425214
acrZp,0.25,3,3,CCATTAGACTTGCGACTTAA,0,427521
acrZp,0.25,3,3,CCATGCGCACCTGACGGGGG,0,423701
acrZp,0.25,3,3,CCATATTCCACAGGCCAAAT,0,410192
acrZp,0.25,3,3,CCAGTGCGACCTTTTGTAGG,0,455606
acrZp,0.25,3,3,CCAGTCCTGCATGTTAAGAC,0,461888
acrZp,0.25,3,3,CCAGGGGTCTCGACGCGTTC,0,435024
acrZp,0.25,3,3,CCAGGATGTCCGATGAGGTC,0,456971
acrZp,0.25,3,3,CCAGCGTCATTATCCTGTTC,0,452247
acrZp,0.25,3,3,CCAGCGCCCCAAAGCAGTCA,0,443559
acrZp,0.25,3,3,CCAGCGATTATTATGACTTC,0,440443
acrZp,0.25,3,3,CCAGCATAGGAACCCGCATG,0,420432
acrZp,0.25,3,3,CCAGCAGGTCGCGGGAGTAC,0,451640
acrZp,0.25,3,3,CCAGAGACTTGTGTAGCGAC,0,415337
acrZp,0.25,3,3,CCAGAACGGGGCGACCCCAT,0,428971
acrZp,0.25,3,3,CCACTTTATGGGCGCGTTTC,0,455286
acrZp,0.25,3,3,CCACGCGATGCACTACGCGC,0,410138
acrZp,0.25,3,3,CCACGCAGGAAGCCATGCTC,0,430118
acrZp,0.25,3,3,CCACGAGAACTCCTAGAGGC,0,419292
acrZp,0.25,3,3,CCACATGTAAGTCGGTGCAT,0,433110
acrZp,0.25,3,3,CCACATCCTCGTTCAAACAG,0,436650
acrZp,0.25,3,3,CCACATAGCACTTACAGATA,0,418154
acrZp,0.25,3,3,CCACAGATCAGTACGCGAAT,0,428933
acrZp,0.25,3,3,CCACAATACGGCACTTCATA,0,447320
acrZp,0.25,3,3,CCAATCGCTTGCGCAACGTG,0,461676
acrZp,0.25,3,3,CCAAAAGGGACGTGTCCTCG,0,465047
acrZp,0.25,3,3,CATTTCACATGACGTACTGA,0,466606
acrZp,0.25,3,3,CATTGGAGGCTCTATCAACA,0,430239
acrZp,0.25,3,3,CATTGCTCACGCGCGTTAAG,0,454900
acrZp,0.25,3,3,CATTGATGAACTTGCACGAT,0,451692
acrZp,0.25,3,3,CATTGAAAGCACGATGGGGA,0,424129
acrZp,0.25,3,3,CATTAGGAAACGGCAATTTT,0,454729
acrZp,0.25,3,3,CATTACATACGAGGCTAGCA,0,462454
acrZp,0.25,3,3,CATTAACCTGTATGAAAAGC,0,432786
acrZp,0.25,3,3,CATGGGGTGTCGTTGGAAGT,0,439344
acrZp,0.25,3,3,CATGAGCCCACATGCACTCC,0,417963
acrZp,0.25,3,3,CATGAACTTCGCGTCAACGA,0,414768
acrZp,0.25,3,3,CATCTTACTGACGTCGCAGT,0,454942
acrZp,0.25,3,3,CATCCGATAGCCTGTAACCC,0,441290
acrZp,0.25,3,3,CATCACTGCCTAAGAGATGA,0,459738
acrZp,0.25,3,3,CATCACGGTGTCTCCGTAAC,0,413665
acrZp,0.25,3,3,CATCAAGTATCCAAGTGATA,0,465425
acrZp,0.25,3,3,CATATTTTGGTTATTAACGT,0,420024
acrZp,0.25,3,3,CATATTCGAAGTTAAAACGT,0,444726
acrZp,0.25,3,3,CATATGCTGTTAGGTATATG,0,459355
acrZp,0.25,3,3,CATATGAGATGTCCGAAAGG,0,458053
acrZp,0.25,3,3,CATATATTACGGGTCCGACC,0,448839
acrZp,0.25,3,3,CATAGCCTCTTAGGTGAATT,0,418763
acrZp,0.25,3,3,CATAGCCCGGACGGTTAGAG,0,454885
acrZp,0.25,3,3,CATACTATACCCATAATTAA,0,456287
acrZp,0.25,3,3,CATACCTCATAATTAGCTTG,0,427980
acrZp,0.25,3,3,CATAAGCTACAGCAATGGCT,0,440965
acrZp,0.25,3,3,CATAACGTCATTCGAGTCAA,0,450233
acrZp,0.25,3,3,CATAACGGGTAGACTCGAAC,0,452308
acrZp,0.25,3,3,CAGTTGATCTCGCCGTGGTA,0,462879
acrZp,0.25,3,3,CAGTTAGTTAGTATCCAACA,0,430791
acrZp,0.25,3,3,CAGTCTAAACTAATTACGTT,0,424468
acrZp,0.25,3,3,CAGTCCGTGACAAACTTAGC,0,465831
acrZp,0.25,3,3,CAGTCCGATCACACGAGCCT,0,462296
acrZp,0.25,3,3,CAGTCACTAAAGCTTTGTTG,0,427144
acrZp,0.25,3,3,CAGTATATCAGGCAAGATAT,0,415439
acrZp,0.25,3,3,CAGTATAGACATTCATCCTA,0,428930
acrZp,0.25,3,3,CAGTACCCGACCTTGTTTCT,0,421120
acrZp,0.25,3,3,CAGTAACCCTCTAGATTCCC,0,412450
acrZp,0.25,3,3,CAGGTCATCGTTCGTAGTTT,0,442952
acrZp,0.25,3,3,CAGGTAGGTCAAGTACGCTC,0,409781
acrZp,0.25,3,3,CAGGGCTTCTATTGCAATCC,0,409283
acrZp,0.25,3,3,CAGGGACTACGACTAGCTAA,0,433439
acrZp,0.25,3,3,CAGGGAAAGGGTTGCTTAGT,0,410845
acrZp,0.25,3,3,CAGGCGGAGAGGCACCACAA,0,464405
acrZp,0.25,3,3,CAGGATGTACCGAATCGGAA,0,458049
acrZp,0.25,3,3,CAGGATGCCGAGCTCTGACA,0,426656
acrZp,0.25,3,3,CAGCTTTGGCTTTCCTTAAT,0,415825
acrZp,0.25,3,3,CAGCGATCCATCAGTTCGGG,0,447101
acrZp,0.25,3,3,CAGCCTTTGCTAACCTAGGC,0,410277
acrZp,0.25,3,3,CAGCCCCTTCCTCCACGCCT,0,419143
acrZp,0.25,3,3,CAGCCCCCTTTATATGGAGC,0,420639
acrZp,0.25,3,3,CAGCACTGGAGCTGCGGTTT,0,413926
acrZp,0.25,3,3,CAGCACGCTCTCGCACTGCG,0,418024
acrZp,0.25,3,3,CAGCAAATCCAAATATCCGT,0,419749
acrZp,0.25,3,3,CAGATTTGTGCGAAGAGCAG,0,426153
acrZp,0.25,3,3,CAGATGCCTTCAGCTGTACT,0,431627
acrZp,0.25,3,3,CAGATCACAACAGTGCACAT,0,428491
acrZp,0.25,3,3,CAGATACTATCACGAGTCAA,0,432434
acrZp,0.25,3,3,CAGAGGCGCTTTGCACCTCT,0,436992
acrZp,0.25,3,3,CAGAGCCTTGTACATTGTCA,0,411331
acrZp,0.25,3,3,CACTCACACCTATGGCATTA,0,455732
acrZp,0.25,3,3,CACGTCGGTATTTGCAAAAC,0,465975
acrZp,0.25,3,3,CACGTCCGACAACATAGACT,0,436395
acrZp,0.25,3,3,CACGTCCCGATTTCGCCCCA,0,419970
acrZp,0.25,3,3,CACGGGGCCGAATAGAGAGC,0,464783
acrZp,0.25,3,3,CACGGCAATAATAAAAAGCC,0,428058
acrZp,0.25,3,3,CACGCTCTTGTTAGTGATCA,0,439933
acrZp,0.25,3,3,CACGCGACCGCCAGCTAAAC,0,422068
acrZp,0.25,3,3,CACCTGGGGCACTGGAGGTT,0,434827
acrZp,0.25,3,3,CACCGGACGATGTAATGTCC,0,433417
acrZp,0.25,3,3,CACCCTATAATTAACGGTCA,0,465095
acrZp,0.25,3,3,CACCCGTCTGGGTGTTGAGA,0,414804
acrZp,0.25,3,3,CACCAAGGGAGGACACGACT,0,459062
acrZp,0.25,3,3,CACATTACTCCAGCGCTAGG,0,411063
acrZp,0.25,3,3,CACAGGCGGCGCGTGAGGGA,0,450791
acrZp,0.25,3,3,CACACTAAACAATTACACTG,0,465042
acrZp,0.25,3,3,CACACGCTCAAAGTATGGGC,0,452854
acrZp,0.25,3,3,CACACAGTCCAAACATTATT,0,439406
acrZp,0.25,3,3,CAATTTTTGTCATTTGACAT,0,421313
acrZp,0.25,3,3,CAATTGCCAGCGAGTGAAGT,0,426645
acrZp,0.25,3,3,CAATTCAGGGGTGAACGTGT,0,438927
acrZp,0.25,3,3,CAATGTCACAGGAGATCTGA,0,458009
acrZp,0.25,3,3,CAATGCTGGTTTCAAGTCTC,0,432582
acrZp,0.25,3,3,CAATCTTTCAGCCGTTGTAC,0,462741
acrZp,0.25,3,3,CAATCTCAGAGCGCGCAAGC,0,423533
acrZp,0.25,3,3,CAATCCGGACACAGTCATCC,0,434054
acrZp,0.25,3,3,CAATCAAATCTAAATGTATA,0,430697
acrZp,0.25,3,3,CAAGGTTAAAACGGTCCGAA,0,426475
acrZp,0.25,3,3,CAAGGGTTAACGGTGGTCGG,0,463044
acrZp,0.25,3,3,CAAGCCCTGGCTTTCGAAAA,0,448677
acrZp,0.25,3,3,CAAGATTCCAAGGTATTAAT,0,416914
acrZp,0.25,3,3,CAAGATCACGGAGAGATGTT,0,435626
acrZp,0.25,3,3,CAACTTGATGAAACCTTACA,0,430698
acrZp,0.25,3,3,CAACGATCCCGGAGGCTGGT,0,420025
acrZp,0.25,3,3,CAACGAATCGGATTTGAGAC,0,448235
acrZp,0.25,3,3,CAACCTACATAAACTTACCT,0,427295
acrZp,0.25,3,3,CAACATATTAAGTCGAGGCG,0,428588
acrZp,0.25,3,3,CAAATTTATTCTCATCAGTT,0,434793
acrZp,0.25,3,3,CAAATTCCGGTCAGGGACCC,0,432681
acrZp,0.25,3,3,CAAATAACTTCTTTCTCATG,0,449954
acrZp,0.25,3,3,CAAAGTGAAGGCGCGTCTTT,0,434745
acrZp,0.25,3,3,CAAAGTCCGGGGACATCGCC,0,436384
acrZp,0.25,3,3,CAAAGCAGTCGAGGCGGATG,0,410131
acrZp,0.25,3,3,CAAACGGGGTCACATTCCTG,0,460135
acrZp,0.25,3,3,CAAAAGGTCTAGACTCGAGT,0,410899
acrZp,0.25,3,3,CAAAACTTGTGAACTCGGCC,0,434983
acrZp,0.25,3,3,ATTTTTGTTATCGGGATTAG,0,408648
acrZp,0.25,3,3,ATTTTTAAGCCGCGCAGTAA,0,414521
acrZp,0.25,3,3,ATTTTGACGTACAAAACGCC,0,437410
acrZp,0.25,3,3,ATTTGGTAAGGGCAGAAGAC,0,410061
acrZp,0.25,3,3,ATTTCTGGAGCCGTAGCCGC,0,419961
acrZp,0.25,3,3,ATTTCAGAAGAGCACGTGTA,0,421920
acrZp,0.25,3,3,ATTTAGCTGCCGAGGCATAG,0,439795
acrZp,0.25,3,3,ATTTACTTGCTCTTAGTTAA,0,444908
acrZp,0.25,3,3,ATTTAATTGGGACACCAAAC,0,423047
acrZp,0.25,3,3,ATTGTCAGGCGGATTAGTTG,0,409080
acrZp,0.25,3,3,ATTGGGTTTGAAACCTTAGC,0,446484
acrZp,0.25,3,3,ATTGGGTAAGGTGCATGAAT,0,425466
acrZp,0.25,3,3,ATTGGGGGCTTCCGGTATGT,0,459450
acrZp,0.25,3,3,ATTGGGAGCACGAATTAGGG,0,427085
acrZp,0.25,3,3,ATTGGCCTTGTTGAATTGAA,0,429572
acrZp,0.25,3,3,ATTGGAAGTCACTGCCCGAC,0,451807
acrZp,0.25,3,3,ATTGCCTAGTGAAGAATCGA,0,434594
acrZp,0.25,3,3,ATTGCCATCGGGACACCAGC,0,421276
acrZp,0.25,3,3,ATTGATGTACCGGACTATAC,0,418816
acrZp,0.25,3,3,ATTCTTCAAGGGGTTCTCGT,0,434671
acrZp,0.25,3,3,ATTCTCGACGGGTGCAAAAA,0,454511
acrZp,0.25,3,3,ATTCCTTCCAATTGCTCAGC,0,422070
acrZp,0.25,3,3,ATTCCTGAATTAACAGTTTT,0,451101
acrZp,0.25,3,3,ATTATTACAAGGGCCTGAGC,0,442852
acrZp,0.25,3,3,ATTATGTCATATTACTTGAG,0,440517
acrZp,0.25,3,3,ATGTTTCCTAATATAGAGAG,0,441494
acrZp,0.25,3,3,ATGTTGCTATTTTACTGATC,0,459098
acrZp,0.25,3,3,ATGTTACATACAGCTGACGT,0,452201
acrZp,0.25,3,3,ATGTGTGAGTGGAAACCGGT,0,415498
acrZp,0.25,3,3,ATGTGTAAACCTAAACCGGC,0,416139
acrZp,0.25,3,3,ATGTGACGACAAGGGAGTTC,0,439684
acrZp,0.25,3,3,ATGTCAAACGGGATGATCGA,0,440549
acrZp,0.25,3,3,ATGTACTGACGGGTAAACCC,0,447683
acrZp,0.25,3,3,ATGGTGTGTATCCTCGTAGT,0,412506
acrZp,0.25,3,3,ATGGTGTCTGAGAATACGGT,0,409956
acrZp,0.25,3,3,ATGGTCCGAAGACGACATAG,0,420913
acrZp,0.25,3,3,ATGGTATGGCCGCGTGCTCC,0,438288
acrZp,0.25,3,3,ATGGGCTGCTTTGTCGCAAG,0,461877
acrZp,0.25,3,3,ATGGCTGTTGAGCAAAAGAC,0,420459
acrZp,0.25,3,3,ATGGCGCCCCTACGTCCGGA,0,450360
acrZp,0.25,3,3,ATGGATCCGGCGACATGTAT,0,450850
acrZp,0.25,3,3,ATGGATATGCAGATCTAAAA,0,408983
acrZp,0.25,3,3,ATGGACACGGAGTATGGCAA,0,464521
acrZp,0.25,3,3,ATGGAATAATCAGGGACCGT,0,447832
acrZp,0.25,3,3,ATGCTGTGACGATCAGTCGC,0,455386
acrZp,0.25,3,3,ATGCTGCATACCAGATAAGG,0,464243
acrZp,0.25,3,3,ATGCTCGCGAACATCAGTTC,0,438951
acrZp,0.25,3,3,ATGCGTCACTCAGCCATACG,0,433760
acrZp,0.25,3,3,ATGCGGTCCTGAACTTCAAG,0,457959
acrZp,0.25,3,3,ATGCGGGTGGTGACCAACTT,0,429533
acrZp,0.25,3,3,ATGCGGCCCTCTCGTGGGAG,0,422361
acrZp,0.25,3,3,ATGCGGATCTCGAACGTGAC,0,461327
acrZp,0.25,3,3,ATGCCTTCCAGGAGCATTCG,0,416738
acrZp,0.25,3,3,ATGCCTCTTCGAAAAAAGGT,0,418115
acrZp,0.25,3,3,ATGCCTCCCTTTCAGCCTTG,0,447045
acrZp,0.25,3,3,ATGCCATGTACCGTCTTTTG,0,446063
acrZp,0.25,3,3,ATGCACTTTTGAATTGATCC,0,445330
acrZp,0.25,3,3,ATGATCTGTACCTGGTGTGA,0,419528
acrZp,0.25,3,3,ATGATCAACTAGGAATCCAC,0,452633
acrZp,0.25,3,3,ATGACTTATTGGGCTAACTC,0,434686
acrZp,0.25,3,3,ATGACGTCTGTAGAGTTTAA,0,434875
acrZp,0.25,3,3,ATGACCCCAGGCCGACAAAG,0,432967
acrZp,0.25,3,3,ATGAATTGCCGTTGCGTGGG,0,442307
acrZp,0.25,3,3,ATGAACGTCGAGTTCTCAAT,0,433444
acrZp,0.25,3,3,ATGAAACTGGCAGGGATTGA,0,453485
acrZp,0.25,3,3,ATCTTTGGTCGTAATCTGAG,0,454016
acrZp,0.25,3,3,ATCTTTATTGATCCGCCGAG,0,431288
acrZp,0.25,3,3,ATCTTGAAATTGTATAAGGT,0,430799
acrZp,0.25,3,3,ATCTTCTGGTTACGTGCAGT,0,441336
acrZp,0.25,3,3,ATCTTCGGTCGTGAGCAGTT,0,434668
acrZp,0.25,3,3,ATCTTCAAGCCTCTTCCGGC,0,433340
acrZp,0.25,3,3,ATCTGGTAGTATTATGTACA,0,420495
acrZp,0.25,3,3,ATCTAAATAAACATTAAGTG,0,418882
acrZp,0.25,3,3,ATCGGCCCGCGTAGTAGCGC,0,453849
acrZp,0.25,3,3,ATCGGATTAGGATTGGAGGG,0,458296
acrZp,0.25,3,3,ATCGGAGATAGCTATGACTT,0,434250
acrZp,0.25,3,3,ATCGCTAATATTGGACTTGA,0,423592
acrZp,0.25,3,3,ATCGCGGTTGTAATAATTAC,0,449201
acrZp,0.25,3,3,ATCGCCGCTCCACACCCAAT,0,414588
acrZp,0.25,3,3,ATCGAGCGGAGTAAGAATGA,0,426398
acrZp,0.25,3,3,ATCCTTGGGTGTCCTTCCTT,0,450028
acrZp,0.25,3,3,ATCCTGTACGATGGTTGCCC,0,447860
acrZp,0.25,3,3,ATCCTGAAAGGAGCGCCGTT,0,410419
acrZp,0.25,3,3,ATCCTCTTCCTAAAAATGCC,0,437483
acrZp,0.25,3,3,ATCCGCGACGTAGATGAAGG,0,466124
acrZp,0.25,3,3,ATCCGCCTACTACGTGCAAA,0,414800
acrZp,0.25,3,3,ATCCCGCCGGTACCTATATA,0,440091
acrZp,0.25,3,3,ATCCCAAAGCCGTAGTTGGC,0,455509
acrZp,0.25,3,3,ATCCATCAATTTTGCAAAGG,0,417266
acrZp,0.25,3,3,ATCCAGCGTCTTACCCCCTT,0,452547
acrZp,0.25,3,3,ATCCAGCGCCAAGTTATGGT,0,438463
acrZp,0.25,3,3,ATCATATTACGACTTGCAAA,0,431188
acrZp,0.25,3,3,ATCAGTACGATGCCACGAAG,0,416927
acrZp,0.25,3,3,ATCAGGGAGCTGACTGCCAA,0,428464
acrZp,0.25,3,3,ATCAGAGAAACCGTAGGTCT,0,455893
acrZp,0.25,3,3,ATCACGACATTGCTTCCCTT,0,452570
acrZp,0.25,3,3,ATCACCGAGCGGGGTCGGGG,0,421541
acrZp,0.25,3,3,ATCACACCATTACCGAATGA,0,431974
acrZp,0.25,3,3,ATCACAAAAGTGAGGCACTT,0,434879
acrZp,0.25,3,3,ATCAATTTCGTTCCGACTCT,0,466187
acrZp,0.25,3,3,ATCAATACACCGCGGCAATT,0,426850
acrZp,0.25,3,3,ATCAAGCCGGCCCCGGGAAA,0,430400
acrZp,0.25,3,3,ATCAAGACGAGATCGGCCGT,0,458721
acrZp,0.25,3,3,ATCAAAGTAAGCACGCAGAA,0,424483
acrZp,0.25,3,3,ATATGGCATGGCACACAAAC,0,419208
acrZp,0.25,3,3,ATATGAAGGATCGAATTTGC,0,453074
acrZp,0.25,3,3,ATATCTGAACCGCGACGTCT,0,430553
acrZp,0.25,3,3,ATATCTACTCTGGAAGATAA,0,438749
acrZp,0.25,3,3,ATATCGATGATAAACATCAG,0,466540
acrZp,0.25,3,3,ATATCAAGCAGGGAGGCCTG,0,433385
acrZp,0.25,3,3,ATATAGGTTCGAAGTTCAAC,0,453906
acrZp,0.25,3,3,ATATAAAACAAGCGTAAGTA,0,445047
acrZp,0.25,3,3,ATAGTATGACGGAACTCTTG,0,438957
acrZp,0.25,3,3,ATAGTACTCGAATATTTCGC,0,431826
acrZp,0.25,3,3,ATAGGGTGACGCGCCGGGGA,0,416654
acrZp,0.25,3,3,ATAGGACTTAGTGGGCGGTA,0,464124
acrZp,0.25,3,3,ATAGATAAACATTATCCGAT,0,452548
acrZp,0.25,3,3,ATAGAGTCCACGGGGCACGT,0,448388
acrZp,0.25,3,3,ATAGAGGTGTCGCTTAGTTT,0,460953
acrZp,0.25,3,3,ATAGAGCTTGCCAAGGATTC,0,440534
acrZp,0.25,3,3,ATAGACGGTACTCCTCGGCT,0,438172
acrZp,0.25,3,3,ATAGACCAGCAAGTAAGATA,0,451268
acrZp,0.25,3,3,ATAGAAGTGCTGTTCCCTGA,0,466205
acrZp,0.25,3,3,ATACTGGGAGACCTGCCAAG,0,434407
acrZp,0.25,3,3,ATACTGGACGCGTCGTCTAT,0,427610
acrZp,0.25,3,3,ATACGAGCCTCATAGTCTCC,0,429283
acrZp,0.25,3,3,ATACCCCTGTCAGTTTTCGA,0,436067
acrZp,0.25,3,3,ATACATAAGTTAAGATCTGA,0,422298
acrZp,0.25,3,3,ATACAGTATTTATTTGAGCC,0,463895
acrZp,0.25,3,3,ATAAGGGGGATGAAAACGCA,0,419404
acrZp,0.25,3,3,ATAAGCTACTATGCTAAATA,0,422119
acrZp,0.25,3,3,ATAACTATTTGTGATGTTGC,0,422259
acrZp,0.25,3,3,ATAACGTCCCGAACCAATTT,0,420563
acrZp,0.25,3,3,ATAACGGTATAGCGTTGTAA,0,418204
acrZp,0.25,3,3,ATAACCGGATGGTAGTCCCT,0,431413
acrZp,0.25,3,3,ATAACCAGGCACGAAAAGCA,0,456845
acrZp,0.25,3,3,ATAAATTTGAAAGGATACGC,0,414687
acrZp,0.25,3,3,ATAAAGTAATATCAATGGCA,0,435378
acrZp,0.25,3,3,ATAAACTACGTCGATTGCCC,0,444860
acrZp,0.25,3,3,AGTTTAACATCTATACACAG,0,442457
acrZp,0.25,3,3,AGTTACCGAAAGCGGCTCAT,0,432499
acrZp,0.25,3,3,AGTTAATCGCGTCGGCGGTG,0,437352
acrZp,0.25,3,3,AGTGTGGTTTCGTGCTCCGC,0,430931
acrZp,0.25,3,3,AGTGGTGGGATTAATCCACG,0,455056
acrZp,0.25,3,3,AGTGGCACATGCCCTAGTTG,0,416415
acrZp,0.25,3,3,AGTGGATCGGCGACACGGCT,0,445641
acrZp,0.25,3,3,AGTGCCACGTAATCGAAATC,0,435907
acrZp,0.25,3,3,AGTGCACGTCTACGAGATGA,0,427383
acrZp,0.25,3,3,AGTGCAACGGTCCTCAGAAG,0,433244
acrZp,0.25,3,3,AGTGAATCCCGCGTGAGGGT,0,426245
acrZp,0.25,3,3,AGTGAACGGTTCCCACATCT,0,466077
acrZp,0.25,3,3,AGTGAACGCACGCCGAATAT,0,410184
acrZp,0.25,3,3,AGTCGTGCAGTGCTCGGATA,0,447406
acrZp,0.25,3,3,AGTCGCAACCCCTCGTACCT,0,446352
acrZp,0.25,3,3,AGTCGAATTAAGGGGTCCTG,0,454399
acrZp,0.25,3,3,AGTCGAAGGGGCATATCCTA,0,413255
acrZp,0.25,3,3,AGTCCCGCCAACCCTTCTGA,0,451046
acrZp,0.25,3,3,AGTCATCCTGCAAGCCATGT,0,465445
acrZp,0.25,3,3,AGTCAGATTTAAGGTGTTCA,0,454390
acrZp,0.25,3,3,AGTCACGGATGCGGATTATA,0,462292
acrZp,0.25,3,3,AGTCAATATATACAGTGTGC,0,426474
acrZp,0.25,3,3,AGTATGCGCGTGTTGGGGTA,0,432321
acrZp,0.25,3,3,AGTAATTAATAACGGGCCAC,0,459745
acrZp,0.25,3,3,AGTAAGTGGTTCATTAAGCG,0,422449
acrZp,0.25,3,3,AGTAAGGCTAAATTACTATG,0,446635
acrZp,0.25,3,3,AGGTTGGTGGCATAGATGCC,0,451045
acrZp,0.25,3,3,AGGTGGTCGGTCTATCAGGG,0,413089
acrZp,0.25,3,3,AGGTGATATGTAAAAGCACC,0,450177
acrZp,0.25,3,3,AGGTCTCACCAAGACGGGTC,0,459036
acrZp,0.25,3,3,AGGTCCGGACAGGAATGAAT,0,442243
acrZp,0.25,3,3,AGGTATACACTTACACGAGA,0,415071
acrZp,0.25,3,3,AGGTAGGGGACACGATCGCA,0,434310
acrZp,0.25,3,3,AGGTACACTTGAAAGCGAGT,0,458613
acrZp,0.25,3,3,AGGGTTGCTGGTCCATTCTA,0,444864
acrZp,0.25,3,3,AGGGTTCCAACAGTCTGGCA,0,430407
acrZp,0.25,3,3,AGGGTTAGCCCCACTTGCGT,0,460385
acrZp,0.25,3,3,AGGGTGGTCTGAGGATCATG,0,435330
acrZp,0.25,3,3,AGGGTGGGTGAGAATTAATA,0,427530
acrZp,0.25,3,3,AGGGTGACAGGACATAGCCT,0,430275
acrZp,0.25,3,3,AGGGTCATGCAAGGAACGTC,0,433622
acrZp,0.25,3,3,AGGGTCACAATGGTCCTGGG,0,444985
acrZp,0.25,3,3,AGGGTAGATTGGGTTCGTAG,0,443061
acrZp,0.25,3,3,AGGGCAGATTACGTTTGCGC,0,458799
acrZp,0.25,3,3,AGGGATTATGGATTTTTCTG,0,431134
acrZp,0.25,3,3,AGGGACCTGGGCGGAACGTA,0,443249
acrZp,0.25,3,3,AGGGACAAGGCAGCGATGGA,0,440744
acrZp,0.25,3,3,AGGCTTAGCGTAGGGGTCGT,0,457827
acrZp,0.25,3,3,AGGATTGATCACACACCGGG,0,441860
acrZp,0.25,3,3,AGGATGAGCTACGTCCCTGC,0,418702
acrZp,0.25,3,3,AGGATCCGCAATTTTCAAGA,0,430071
acrZp,0.25,3,3,AGGATAGCATCACGGTTTTG,0,414510
acrZp,0.25,3,3,AGGATACATAAGACTAGAGA,0,421430
acrZp,0.25,3,3,AGGAGCGGAGGCTTTAGGGA,0,430507
acrZp,0.25,3,3,AGGAGAGAAGCGCCGAACCT,0,436722
acrZp,0.25,3,3,AGGAGAAGCGATTGTACAGG,0,425782
acrZp,0.25,3,3,AGGACGGGACACGCTTGGAT,0,461814
acrZp,0.25,3,3,AGGACAGGGGGGCGGAATCT,0,456335
acrZp,0.25,3,3,AGGAAATGTCTCAATTTTAG,0,424330
acrZp,0.25,3,3,AGCTTCCATAATAACAGTTA,0,439255
acrZp,0.25,3,3,AGCTGAGCACTGATAGCTTT,0,444510
acrZp,0.25,3,3,AGCTCGCGTTCGACGCTCTG,0,439388
acrZp,0.25,3,3,AGCTCCATCATTGCATGTAA,0,456342
acrZp,0.25,3,3,AGCGTTGGACCCGCCTTAGG,0,465804
acrZp,0.25,3,3,AGCGTTACAATGGGTCCTAG,0,462803
acrZp,0.25,3,3,AGCGTGTCCGCCTAGTCACA,0,412496
acrZp,0.25,3,3,AGCGCGCAGCACGTATACTT,0,463720
acrZp,0.25,3,3,AGCCTCCAAAAATTCGGATC,0,462263
acrZp,0.25,3,3,AGCCTAGCCATCGGAGCCCC,0,423816
acrZp,0.25,3,3,AGCCTAACGCACGACGCACG,0,435677
acrZp,0.25,3,3,AGCCGGGTGTGCGCATGCCA,0,456935
acrZp,0.25,3,3,AGCCGAACCCAGATTCCTTT,0,412878
acrZp,0.25,3,3,AGCCCTAATAGCTCGCGACG,0,442129
acrZp,0.25,3,3,AGCCAACTGTACCTCCTGCA,0,433968
acrZp,0.25,3,3,AGCATGTCAGGCAGCGCTCA,0,455218
acrZp,0.25,3,3,AGCATGCTGTCCTCCTGTCA,0,413121
acrZp,0.25,3,3,AGCAATGTGCAGGTTGTTCA,0,456583
acrZp,0.25,3,3,AGATTTGTGGCGCAATAAGC,0,462384
acrZp,0.25,3,3,AGATTAGATCCTTCTAGCAG,0,410250
acrZp,0.25,3,3,AGATGGGTAAAAGGTATGTT,0,416038
acrZp,0.25,3,3,AGATGCGGTAATGGTTGTGT,0,434371
acrZp,0.25,3,3,AGATCGATCGCTCAGCCCGG,0,450942
acrZp,0.25,3,3,AGATAGCGGAAGCCTCTACT,0,422817
acrZp,0.25,3,3,AGATAGACGGCGATCGGGCG,0,435497
acrZp,0.25,3,3,AGATAATATTGCGAAGTACC,0,418260
acrZp,0.25,3,3,AGAGCATTGTTTGCTTAAAC,0,448518
acrZp,0.25,3,3,AGAGCATTGTGACGTTGACT,0,443301
acrZp,0.25,3,3,AGACTCGTCGGTTATTCCTA,0,435273
acrZp,0.25,3,3,AGACTCGCCCAATGTAGAGT,0,448400
acrZp,0.25,3,3,AGACGGACAAGTCGTCATAC,0,465809
acrZp,0.25,3,3,AGACCTGAGATGCTCAACCG,0,438557
acrZp,0.25,3,3,AGACCTCGTACTACTACGTT,0,425283
acrZp,0.25,3,3,AGAATTCAATGTAGACACCA,0,457828
acrZp,0.25,3,3,AGAAGGCTCTTGGGGCGGAA,0,428475
acrZp,0.25,3,3,ACTTGGACCATGAGCAGTGG,0,463382
acrZp,0.25,3,3,ACTTGCCCTCGTCAACATTT,0,440113
acrZp,0.25,3,3,ACTTCCGAGTAACGAAATTA,0,424532
acrZp,0.25,3,3,ACTGTGCATCTAGCTGAATT,0,457221
acrZp,0.25,3,3,ACTGGGGGTATACTCGTGAA,0,420808
acrZp,0.25,3,3,ACTGGCCACGGGCATCTCGA,0,426696
acrZp,0.25,3,3,ACTGGACTCACGACCTCTCC,0,433749
acrZp,0.25,3,3,ACTCTATTCGTTGGGTAGGA,0,448330
acrZp,0.25,3,3,ACTCGCAAGATGTAGTAGTT,0,452507
acrZp,0.25,3,3,ACTCGAAAGGGGCGATTTGT,0,441911
acrZp,0.25,3,3,ACTCATTACGGCTTCGCGAA,0,416723
acrZp,0.25,3,3,ACTCATGAGCGGCCCCCGCC,0,447049
acrZp,0.25,3,3,ACTCAAGGGCCACCCTTTCA,0,465948
acrZp,0.25,3,3,ACTATTCACGGTCTCTAGAA,0,408955
acrZp,0.25,3,3,ACTACTACTTGATGGGCTTT,0,439970
acrZp,0.25,3,3,ACTACGGTGCCCCTTGGAGC,0,419509
acrZp,0.25,3,3,ACTAAGTGGTTATATGCTGC,0,462349
acrZp,0.25,3,3,ACGTTTGCAAATCGATAATT,0,416286
acrZp,0.25,3,3,ACGTTGCAGCTATGTTAGGG,0,441155
acrZp,0.25,3,3,ACGTTCAGTGTGACAATTAT,0,458359
acrZp,0.25,3,3,ACGTGTGGGTAAGCCCTCAT,0,434022
acrZp,0.25,3,3,ACGTAATAGACCGGACCTTT,0,467161
acrZp,0.25,3,3,ACGGTTTAAGCCCAGGTTGT,0,430886
acrZp,0.25,3,3,ACGGTCAGGACAAGTTTGTA,0,434740
acrZp,0.25,3,3,ACGGTATCAGTACGTGGAAT,0,449698
acrZp,0.25,3,3,ACGGTAGGCCCTTGTCCGCT,0,411240
acrZp,0.25,3,3,ACGGTACTGCAGGTGAACTG,0,442036
acrZp,0.25,3,3,ACGGGCAGTCGTACGGGGTC,0,435331
acrZp,0.25,3,3,ACGGGAGGGTCGAATTACGT,0,446787
acrZp,0.25,3,3,ACGGGACACGAGGGGCCGGT,0,448755
acrZp,0.25,3,3,ACGGCTAAGAAGCGGGTGCC,0,425157
acrZp,0.25,3,3,ACGGACAAAAGGTAAAGGTG,0,419138
acrZp,0.25,3,3,ACGGAACCGCTGGGGAAAAT,0,450590
acrZp,0.25,3,3,ACGGAAATAGTGCGCTGTAA,0,460240
acrZp,0.25,3,3,ACGCTTCAACTCACCAGGAT,0,446930
acrZp,0.25,3,3,ACGCTGTCCACAACAACCGG,0,443841
acrZp,0.25,3,3,ACGCTACTAGCTCACCTAGA,0,437721
acrZp,0.25,3,3,ACGCGTGAGCGCCAGTCAGT,0,413993
acrZp,0.25,3,3,ACGCGCTCCCCGCTAACGTT,0,429555
acrZp,0.25,3,3,ACGCCATTTTTGAATTGGGG,0,419221
acrZp,0.25,3,3,ACGCCAAGGGTTAAACTCTA,0,454190
acrZp,0.25,3,3,ACGCATTCAAGTAAATGCAG,0,434286
acrZp,0.25,3,3,ACGATTCAAAACGCGTGTCG,0,462643
acrZp,0.25,3,3,ACGATACTCCAAGTAATTTT,0,433519
acrZp,0.25,3,3,ACGAGTGGAAGTGCCAATTT,0,429551
acrZp,0.25,3,3,ACGAGCTACCTGTGTATGAT,0,408959
acrZp,0.25,3,3,ACGAGAGGTCAAAAAGAATC,0,460401
acrZp,0.25,3,3,ACGACTCGTGCAAAGGGATT,0,459736
acrZp,0.25,3,3,ACGACGGGGGACGGTTTAGT,0,454759
acrZp,0.25,3,3,ACGACGGACAAAAGAGGTCA,0,451610
acrZp,0.25,3,3,ACCTGTATCCGTATCTATCT,0,465446
acrZp,0.25,3,3,ACCTGACATCACAATCATCT,0,437059
acrZp,0.25,3,3,ACCTCTTAAGAGTCAAAGGG,0,461549
acrZp,0.25,3,3,ACCTACTGGTGGAGCATTGA,0,453988
acrZp,0.25,3,3,ACCGTTTCGACTTATATGGC,0,458713
acrZp,0.25,3,3,ACCGGCGAGATGACTCTGAC,0,429798
acrZp,0.25,3,3,ACCGGAAGTCGAGGCTATCG,0,465096
acrZp,0.25,3,3,ACCGAGTAGGGACAAGCGGT,0,423389
acrZp,0.25,3,3,ACCGAATCGAACTGCATAAG,0,442890
acrZp,0.25,3,3,ACCCTAGCGTTGCTGCAATG,0,463141
acrZp,0.25,3,3,ACCCTAGCCCCCATTGCGGT,0,429030
acrZp,0.25,3,3,ACCCTACCGGTCCCTTGTCA,0,436985
acrZp,0.25,3,3,ACCCTAAAAGGGGTCAGTCG,0,447491
acrZp,0.25,3,3,ACCCATCCCGCACACTCGAA,0,421674
acrZp,0.25,3,3,ACCCAGTAAGTTTACCACGG,0,438969
acrZp,0.25,3,3,ACCCACTTGATAGGCTCCTA,0,451694
acrZp,0.25,3,3,ACCATTTTTACAGAGAGCAA,0,433302
acrZp,0.25,3,3,ACCATCGTGAATACGCATTC,0,426202
acrZp,0.25,3,3,ACCATCGAATCTTTAAAGTT,0,409139
acrZp,0.25,3,3,ACCAGTATTCGAAATTATGG,0,461682
acrZp,0.25,3,3,ACCACAGTGGTGACGAAGGC,0,450159
acrZp,0.25,3,3,ACCACAAGTGTGTAAATATA,0,452134
acrZp,0.25,3,3,ACCAAAGGGCAAATTCGTTA,0,444281
acrZp,0.25,3,3,ACCAAACGACGGTGTAGTTA,0,445246
acrZp,0.25,3,3,ACATTGAGACAAGAATCGTA,0,440222
acrZp,0.25,3,3,ACATTAAGGGCTCAACAGGA,0,443764
acrZp,0.25,3,3,ACATGGATGGGGTAGTTTCG,0,439472
acrZp,0.25,3,3,ACATGGAATCGCTGGGTCTA,0,445132
acrZp,0.25,3,3,ACATGCGTGTCTGTATTTCC,0,418141
acrZp,0.25,3,3,ACATGAAACGCAGCACCATT,0,410055
acrZp,0.25,3,3,ACATATTTGTTTGCCGACCT,0,415035
acrZp,0.25,3,3,ACATATCGACAACTCGCATA,0,411132
acrZp,0.25,3,3,ACAGTATACGTAGGAACATT,0,442427
acrZp,0.25,3,3,ACAGGCACGTACTAACCCGC,0,453569
acrZp,0.25,3,3,ACAGCACGAAGAAGAGGCCT,0,420565
acrZp,0.25,3,3,ACAGACCGTTCTTGTTTTAA,0,450684
acrZp,0.25,3,3,ACACTCCTTCTCGGTAGCAG,0,459484
acrZp,0.25,3,3,ACACTAATGAAGGGCGGTCG,0,420405
acrZp,0.25,3,3,ACACGCGGAAAGATTGATCA,0,434966
acrZp,0.25,3,3,ACACGAGCTTGGTAGGGAGT,0,417209
acrZp,0.25,3,3,ACACCGTCGCATAGGATCAT,0,417901
acrZp,0.25,3,3,ACACATTGGACGGATAGTGC,0,422989
acrZp,0.25,3,3,ACACATGATCAAGGGGGAAC,0,442121
acrZp,0.25,3,3,ACAATTAAGGGCGCTTAAAT,0,428936
acrZp,0.25,3,3,ACAAGTTAAGGGTCGTGTCC,0,414733
acrZp,0.25,3,3,AATTTGCATTCAGGATAGAG,0,456145
acrZp,0.25,3,3,AATTTATACGTCACGGAAGG,0,442150
acrZp,0.25,3,3,AATTTACGGATGCGATCAAC,0,456910
acrZp,0.25,3,3,AATTGTCGGTTACGTGTGCT,0,465952
acrZp,0.25,3,3,AATTGGTCTACTCATTTATG,0,435940
acrZp,0.25,3,3,AATTGGAAGCGCCTGTAAGA,0,442040
acrZp,0.25,3,3,AATTCTCTACACCAGGTTGC,0,445640
acrZp,0.25,3,3,AATTCTCCACCTATACCCCT,0,436031
acrZp,0.25,3,3,AATTCCTCAAAGTACGCCTT,0,411201
acrZp,0.25,3,3,AATTACAAAGCGATCTCTGC,0,412882
acrZp,0.25,3,3,AATGTTGTTAGGCCTACAAT,0,466815
acrZp,0.25,3,3,AATGCTTTGTCATCCCAAAA,0,465628
acrZp,0.25,3,3,AATGCTCGCCCAGCCAGGAA,0,425607
acrZp,0.25,3,3,AATGACAACAACGGCTTGTA,0,445485
acrZp,0.25,3,3,AATGAACCACCCCACCAGAG,0,413988
acrZp,0.25,3,3,AATCTGCTGGGCAGTTACCA,0,465730
acrZp,0.25,3,3,AATCTGAGCCCCGGGGTTTT,0,443333
acrZp,0.25,3,3,AATCCACAACGTAGTAGTAC,0,419072
acrZp,0.25,3,3,AATCATTTATACGACGAGAC,0,462666
acrZp,0.25,3,3,AATCAGTAGTCAACTCCGTT,0,427157
acrZp,0.25,3,3,AATCAGGGTGATATTAGACA,0,467281
acrZp,0.25,3,3,AATCAGCGAACAATCTAGGC,0,445160
acrZp,0.25,3,3,AATCAGAGCTTGAATCATCG,0,417814
acrZp,0.25,3,3,AATCAACAGCAGACGGGTGC,0,426230
acrZp,0.25,3,3,AATATCGGACTATCCGGTTA,0,416774
acrZp,0.25,3,3,AATATCCCCTTGCATAAACT,0,426399
acrZp,0.25,3,3,AATACTTTAGAGTGCAATTA,0,422586
acrZp,0.25,3,3,AATACGGCATTATCGCCGTT,0,421082
acrZp,0.25,3,3,AATAACCGACATAGCGAAGG,0,449413
acrZp,0.25,3,3,AAGTTCGCAAAAGAGTGTTA,0,446681
acrZp,0.25,3,3,AAGTTACCGCTGTAACCTAA,0,447103
acrZp,0.25,3,3,AAGTCCCCCCACGTATTTAA,0,442576
acrZp,0.25,3,3,AAGTATGTCCAAAATTCTAT,0,457962
acrZp,0.25,3,3,AAGTAGCCCCGCAGTTCTCT,0,444387
acrZp,0.25,3,3,AAGTACGCTTTATACTCGTC,0,430211
acrZp,0.25,3,3,AAGGTCGCAATTATCCAAAG,0,459099
acrZp,0.25,3,3,AAGGTATTGAAGTCAGCTAG,0,441919
acrZp,0.25,3,3,AAGGTAGGATAAGTTAATTT,0,458561
acrZp,0.25,3,3,AAGGCGAATGCGTACGCTCG,0,410670
acrZp,0.25,3,3,AAGGACATTCAGGCAATGCG,0,414356
acrZp,0.25,3,3,AAGGAATGCGTTCTCCTGAG,0,426159
acrZp,0.25,3,3,AAGCTCCGTTAGATGGCGAT,0,451091
acrZp,0.25,3,3,AAGCGTGTACGTAGCGCAAT,0,461747
acrZp,0.25,3,3,AAGCGACCTGAGGTTGGATT,0,459750
acrZp,0.25,3,3,AAGCCACCATGCAACTTCTA,0,414776
acrZp,0.25,3,3,AAGCATCGACCGTGTGTCTT,0,410023
acrZp,0.25,3,3,AAGATTTTACATAACCACAA,0,438055
acrZp,0.25,3,3,AAGACGCCTATAGCGTAGCT,0,424900
acrZp,0.25,3,3,AAGAATGTTCTTATGAGCGC,0,426650
acrZp,0.25,3,3,AAGAAGCGGGCACACAATTA,0,425367
acrZp,0.25,3,3,AAGAACAATCGCCGGGGACA,0,415188
acrZp,0.25,3,3,AAGAAACCTATTTCGCACGT,0,417311
acrZp,0.25,3,3,AACTCGCTTCTAAATAAGGA,0,426716
acrZp,0.25,3,3,AACTACAAATTCACAGGAGA,0,457712
acrZp,0.25,3,3,AACTAAACTGGGTAAACAGG,0,460317
acrZp,0.25,3,3,AACGTCTGGTCACTCAGGAC,0,412490
acrZp,0.25,3,3,AACGGTGGAGGGTAGCGAGA,0,435352
acrZp,0.25,3,3,AACGGTCTGCTGGCCTGGAC,0,455374
acrZp,0.25,3,3,AACGGTCACCCCGGATGGGG,0,466061
acrZp,0.25,3,3,AACGGTACTATGCCTCTGGC,0,452485
acrZp,0.25,3,3,AACGGCCTTCGTAGTGTTTA,0,440089
acrZp,0.25,3,3,AACGCGTCGATGAGGCGGAA,0,452769
acrZp,0.25,3,3,AACGCGAGGCGGAGAAGTCT,0,436564
acrZp,0.25,3,3,AACGATGGACATGCGCACAC,0,456604
acrZp,0.25,3,3,AACCGTTTGGGGCGGATACA,0,410776
acrZp,0.25,3,3,AACCGTTTGCGTACAGCATC,0,453673
acrZp,0.25,3,3,AACCGTAGGCAGCTCACGGT,0,452122
acrZp,0.25,3,3,AACCGGCTGTATCCGACCCT,0,459690
acrZp,0.25,3,3,AACCGGCTGATTTTGGCGCT,0,447196
acrZp,0.25,3,3,AACCGAGCCGTTACGCGGAA,0,444198
acrZp,0.25,3,3,AACCCGTCTCAGAGGAGAGA,0,431486
acrZp,0.25,3,3,AACCCGCAGCACGAGTCCGT,0,411053
acrZp,0.25,3,3,AACCCCTGTCACGGCAGTGA,0,463993
acrZp,0.25,3,3,AACCACGAAAGTTGTACGGT,0,424996
acrZp,0.25,3,3,AACAGTTATAACGGCCAGGG,0,431656
acrZp,0.25,3,3,AACAGTCAGAACTTGCCCTC,0,432447
acrZp,0.25,3,3,AACACTTTTAAGGGGTATAA,0,451314
acrZp,0.25,3,3,AACACGAACGGACCACTTGA,0,461075
acrZp,0.25,3,3,AACACCCAGTTTATGGATAC,0,460289
acrZp,0.25,3,3,AACAATTGCGGGACAAAGTT,0,424826
acrZp,0.25,3,3,AACAAATGCGTCCAGAGATT,0,454723
acrZp,0.25,3,3,AAATTGATTCTACCTATCGT,0,453563
acrZp,0.25,3,3,AAATTGATATGGCACTTGGT,0,408797
acrZp,0.25,3,3,AAATGAATGGGCTAATATCT,0,435137
acrZp,0.25,3,3,AAATCAAGGTTGACAACCAG,0,440928
acrZp,0.25,3,3,AAATAGAAACATCGAGAAGA,0,457062
acrZp,0.25,3,3,AAATACCCGATTTGTCGTAA,0,436431
acrZp,0.25,3,3,AAAGTTTTTCGCGTGGATGA,0,463647
acrZp,0.25,3,3,AAAGTGCCGACGCTCCCTAA,0,426015
acrZp,0.25,3,3,AAAGTGAGGTATGAGTATAG,0,429908
acrZp,0.25,3,3,AAAGTAGAGAGCATACTCGT,0,412736
acrZp,0.25,3,3,AAAGGCATGAGTCTCAAGAG,0,452713
acrZp,0.25,3,3,AAAGGATTGCATTCCCAGCG,0,423939
acrZp,0.25,3,3,AAACTGACGCACGGTCGGCA,0,438016
acrZp,0.25,3,3,AAACTCAGACGCGCCGCTTC,0,449967
acrZp,0.25,3,3,AAACGTGCGGATAAACGGAC,0,424723
acrZp,0.25,3,3,AAACGTAGATCTGTAGCATT,0,456632
acrZp,0.25,3,3,AAACCCGATTTCTGCCGGAT,0,439953
acrZp,0.25,3,3,AAAATCTTCCAATCTCCTGC,0,409243
acrZp,0.25,3,3,AAAAGCTTCTCTCTTCTTTG,0,419793
acrZp,0.25,3,3,AAAAAGGAAGTATGGTGGAG,0,433184
acrZp,0.25,3,3,AAAAACTTGGACACGTGTGG,0,411208
acrZp,0.25,3,3,AAAAAACCTTTGGGGGTTCA,0,431581
acrZp,0.3333333333333333,2,2,TTTTTTACCAGGGTAAATGA,0,439703
acrZp,0.3333333333333333,2,2,TTTTTGAGAGATTAGATAGC,0,413446
acrZp,0.3333333333333333,2,2,TTTTGTTCAGGCTCTGCTTA,0,421065
acrZp,0.3333333333333333,2,2,TTTTGTCAGTATGTTCGATG,0,433424
acrZp,0.3333333333333333,2,2,TTTTGAATACGTGTCCAAAG,0,447937
acrZp,0.3333333333333333,2,2,TTTTCGTTGAAATCCCAGGT,0,419868
acrZp,0.3333333333333333,2,2,TTTTCGCATGGCGCGTGGCG,0,428235
acrZp,0.3333333333333333,2,2,TTTTATCCTCCGGTCGGGAC,0,459213
acrZp,0.3333333333333333,2,2,TTTTAGTTGCTGATGGTGAC,0,412287
acrZp,0.3333333333333333,2,2,TTTTAGGTGCACTGAGAGCT,0,453235
acrZp,0.3333333333333333,2,2,TTTTACCAGGATTCCTGGGT,0,458016
acrZp,0.3333333333333333,2,2,TTTTAAACTGGTCTCAGGGC,0,423770
acrZp,0.3333333333333333,2,2,TTTGTGTCAAAAGAGAGTGT,0,464054
acrZp,0.3333333333333333,2,2,TTTGTGACAGAAAGGGGCTC,0,451713
acrZp,0.3333333333333333,2,2,TTTGGTCAGACACAAGTTGA,0,420667
acrZp,0.3333333333333333,2,2,TTTGGGGGCTCGAGCGCCAA,0,455707
acrZp,0.3333333333333333,2,2,TTTGCGTGACGTGCTGGGCA,0,456294
acrZp,0.3333333333333333,2,2,TTTGCATCCCGGCTCATGAC,0,437835
acrZp,0.3333333333333333,2,2,TTTGCAGACGTAAATCACAT,0,429719
acrZp,0.3333333333333333,2,2,TTTGACGGCGCAGGCGCCAA,0,457808
acrZp,0.3333333333333333,2,2,TTTGACACAATATTACTGAT,0,435079
acrZp,0.3333333333333333,2,2,TTTGAACGTGTGTCTCGCTA,0,415218
acrZp,0.3333333333333333,2,2,TTTCTTTCGCGGTAACAAAC,0,433502
acrZp,0.3333333333333333,2,2,TTTCTCGGCCTACATCCCAC,0,448074
acrZp,0.3333333333333333,2,2,TTTCGTTTTGTAAAGTTTGC,0,427587
acrZp,0.3333333333333333,2,2,TTTCGGAAATGGCGGTGTAA,0,446994
acrZp,0.3333333333333333,2,2,TTTCGATGCACTTGGGTAAC,0,433027
acrZp,0.3333333333333333,2,2,TTTCGAAAATTCGAAATTCT,0,432609
acrZp,0.3333333333333333,2,2,TTTCCGGCCAGAGTCGATGC,0,421058
acrZp,0.3333333333333333,2,2,TTTCCCAAACCAAGGAGAAA,0,438015
acrZp,0.3333333333333333,2,2,TTTCAGGGGTGGGGATTCTT,0,437392
acrZp,0.3333333333333333,2,2,TTTATGCTGCTGGTCTCATA,0,446636
acrZp,0.3333333333333333,2,2,TTTAGTCCGGTCCACAAGCG,0,428976
acrZp,0.3333333333333333,2,2,TTTAGGGACCCGCTCATCGT,0,451001
acrZp,0.3333333333333333,2,2,TTTAGCCAGTCTTCTTACCC,0,433716
acrZp,0.3333333333333333,2,2,TTTACCTATGCATAGGAAAA,0,462314
acrZp,0.3333333333333333,2,2,TTTACCTACGGTGCGGGGTT,0,466572
acrZp,0.3333333333333333,2,2,TTTACCGGTGGGTAAAATTC,0,423738
acrZp,0.3333333333333333,2,2,TTTACATACTGCATACATAA,0,447826
acrZp,0.3333333333333333,2,2,TTTAAGTGGGTTCGCGGCCC,0,448069
acrZp,0.3333333333333333,2,2,TTTAACTAGCGTGACATCAA,0,465009
acrZp,0.3333333333333333,2,2,TTTAAAATATCGCTGTAGCC,0,415524
acrZp,0.3333333333333333,2,2,TTGTTTATGGTGATGTATTC,0,445614
acrZp,0.3333333333333333,2,2,TTGTGTTTATCATATGGTAA,0,426455
acrZp,0.3333333333333333,2,2,TTGTGGTGCGCAAGCATAAT,0,416877
acrZp,0.3333333333333333,2,2,TTGTGGATCCCTCTTGTTGG,0,455475
acrZp,0.3333333333333333,2,2,TTGTGGAGCGATGGGTAACT,0,414598
acrZp,0.3333333333333333,2,2,TTGTGCTTAAGCTTTCGCCT,0,452171
acrZp,0.3333333333333333,2,2,TTGTATCAGCTATATTTTGA,0,446572
acrZp,0.3333333333333333,2,2,TTGTAGGGTCAATATCGAAT,0,447243
acrZp,0.3333333333333333,2,2,TTGTAGCCCCGCTTGGGCGG,0,409802
acrZp,0.3333333333333333,2,2,TTGGTGTGCAACGCGGAGTA,0,417816
acrZp,0.3333333333333333,2,2,TTGGGTCCAAAAAGGCCTTA,0,456526
acrZp,0.3333333333333333,2,2,TTGGGTAGATCTTTCCCTAT,0,462718
acrZp,0.3333333333333333,2,2,TTGGGCCATCTGCGTATATC,0,431708
acrZp,0.3333333333333333,2,2,TTGGGCAGGCGAAGTTACTC,0,415645
acrZp,0.3333333333333333,2,2,TTGGCTGTTCCGAGTGCTCC,0,458066
acrZp,0.3333333333333333,2,2,TTGGCCAGGGCCCTGTCCGC,0,428863
acrZp,0.3333333333333333,2,2,TTGGACGCGGCTGATTACGA,0,422834
acrZp,0.3333333333333333,2,2,TTGGACGCATTCTGATCGCC,0,442965
acrZp,0.3333333333333333,2,2,TTGCTGGGAATTCGAAATGA,0,417486
acrZp,0.3333333333333333,2,2,TTGCTCCCCCTAGGGGCCTT,0,455743
acrZp,0.3333333333333333,2,2,TTGCTAGCGCTTCGACCGAC,0,435883
acrZp,0.3333333333333333,2,2,TTGCTACGGTGCGGTCAGCT,0,466742
acrZp,0.3333333333333333,2,2,TTGCCATGTAACCCCTCCTT,0,414727
acrZp,0.3333333333333333,2,2,TTGCCAGGTCTAGTCTGGTA,0,446715
acrZp,0.3333333333333333,2,2,TTGCCACAGTGCTATGATCT,0,411138
acrZp,0.3333333333333333,2,2,TTGCATGAGTGGTGCAGTAA,0,415905
acrZp,0.3333333333333333,2,2,TTGCACGCTGAAGTCAACCT,0,459108
acrZp,0.3333333333333333,2,2,TTGCACACAGTCACGTTAAG,0,458518
acrZp,0.3333333333333333,2,2,TTGATAGTCAGGGAGCCGGG,0,430259
acrZp,0.3333333333333333,2,2,TTGAGTGGTCAAATTGAATT,0,454778
acrZp,0.3333333333333333,2,2,TTGAGGTTATTTGGTGTTAA,0,446991
acrZp,0.3333333333333333,2,2,TTGAGGGTGCTTTCCGTCGT,0,422513
acrZp,0.3333333333333333,2,2,TTGAGCACTGTTGCATAAGA,0,455842
acrZp,0.3333333333333333,2,2,TTGAGACTTCCTGGAACATA,0,412896
acrZp,0.3333333333333333,2,2,TTGACCAGTTCCGATTTACT,0,455554
acrZp,0.3333333333333333,2,2,TTGACATGGCCATTGTGCGT,0,455099
acrZp,0.3333333333333333,2,2,TTGAAGGTGTGGGCTACCAT,0,465878
acrZp,0.3333333333333333,2,2,TTGAACATCCGCCCCTGGCG,0,457550
acrZp,0.3333333333333333,2,2,TTGAAAATTGCCTTCCTCGG,0,466304
acrZp,0.3333333333333333,2,2,TTCTTGAAGTGAGTGCATTT,0,429539
acrZp,0.3333333333333333,2,2,TTCTGTCAAAAGTTTAAGGG,0,423014
acrZp,0.3333333333333333,2,2,TTCTGAGCCGTCGCCGTCAT,0,437698
acrZp,0.3333333333333333,2,2,TTCTCGGGTTTAGGCACGCT,0,417786
acrZp,0.3333333333333333,2,2,TTCTCGCCACCGAATAGGGA,0,458043
acrZp,0.3333333333333333,2,2,TTCTCAGTGGCTGTGGACCT,0,451015
acrZp,0.3333333333333333,2,2,TTCTATAAATTGGAAGTAGC,0,441331
acrZp,0.3333333333333333,2,2,TTCTACCATAATACGAATGA,0,447122
acrZp,0.3333333333333333,2,2,TTCTAATCGCCGAATGCGGG,0,437665
acrZp,0.3333333333333333,2,2,TTCTAATACGCGGCGAAACT,0,408638
acrZp,0.3333333333333333,2,2,TTCGTTATTCCGGAACATTG,0,428841
acrZp,0.3333333333333333,2,2,TTCGTGGAGCCCGCCCAGAG,0,424241
acrZp,0.3333333333333333,2,2,TTCGGCGGGAGTGGATAAAA,0,433950
acrZp,0.3333333333333333,2,2,TTCGGCCGAGGAAAGCCGTG,0,456801
acrZp,0.3333333333333333,2,2,TTCGGAGCCCCCTACCAGCC,0,424072
acrZp,0.3333333333333333,2,2,TTCGGACAGACCGTATAACA,0,453275
acrZp,0.3333333333333333,2,2,TTCGCTATACCAAGCGCCCT,0,422876
acrZp,0.3333333333333333,2,2,TTCCTCCAGCACCAATCTAA,0,436646
acrZp,0.3333333333333333,2,2,TTCCTCAGCAACCGCGTAGA,0,460536
acrZp,0.3333333333333333,2,2,TTCCTAACTAGATCGATGCC,0,455424
acrZp,0.3333333333333333,2,2,TTCCGTTCTGCCCACGCATG,0,444189
acrZp,0.3333333333333333,2,2,TTCCGGAGTACATGTCATAG,0,458498
acrZp,0.3333333333333333,2,2,TTCCGGAAGAGAGCAAGAGT,0,441596
acrZp,0.3333333333333333,2,2,TTCCCGGATGTCTACATGGG,0,444185
acrZp,0.3333333333333333,2,2,TTCCCAGCGGGTAAGGAAAA,0,428459
acrZp,0.3333333333333333,2,2,TTCCCAAAGGCCGGTATACT,0,447763
acrZp,0.3333333333333333,2,2,TTCCCAAAACTAGGACGTGT,0,420014
acrZp,0.3333333333333333,2,2,TTCCAAAGCCCATTCCTTGT,0,414044
acrZp,0.3333333333333333,2,2,TTCATGAAGTTCCTCCCACT,0,459133
acrZp,0.3333333333333333,2,2,TTCATCTGTATGAGAGCTGG,0,465929
acrZp,0.3333333333333333,2,2,TTCATACGTCAGCACACGCA,0,436949
acrZp,0.3333333333333333,2,2,TTCAGGCGCTGTTGGTGCTA,0,429294
acrZp,0.3333333333333333,2,2,TTCACGGCTAATACAAGCGT,0,416386
acrZp,0.3333333333333333,2,2,TTCAAGTAGCCTTGTGTGTG,0,435256
acrZp,0.3333333333333333,2,2,TTCAACGAGTTCGACCATTT,0,418603
acrZp,0.3333333333333333,2,2,TTCAAATTTGTCGGGATCCG,0,433726
acrZp,0.3333333333333333,2,2,TTATTATTATCAAAGCGTTT,0,410753
acrZp,0.3333333333333333,2,2,TTATGGGTTTGGACAACTCC,0,435610
acrZp,0.3333333333333333,2,2,TTATCTTGTAGGTCTTTCTA,0,417408
acrZp,0.3333333333333333,2,2,TTATCACCCAAGTCATAACT,0,443039
acrZp,0.3333333333333333,2,2,TTATCAAGTTCAAAAACCAA,0,460205
acrZp,0.3333333333333333,2,2,TTATATCCATCCGTTCGTCA,0,421280
acrZp,0.3333333333333333,2,2,TTATAGGGTATTTGCGGTAA,0,426109
acrZp,0.3333333333333333,2,2,TTAGTTTAGCACCACCCTAG,0,439696
acrZp,0.3333333333333333,2,2,TTAGTGACCCATCACGTTAT,0,413470
acrZp,0.3333333333333333,2,2,TTAGTACGGGACAGAATACC,0,454789
acrZp,0.3333333333333333,2,2,TTAGGTCAGTTTTGGACAAG,0,422229
acrZp,0.3333333333333333,2,2,TTAGGGGTCGAACAGCGTTT,0,465145
acrZp,0.3333333333333333,2,2,TTAGCTCGTGCACCCCACCA,0,428026
acrZp,0.3333333333333333,2,2,TTAGCTAGTGCGTACGGGTC,0,441119
acrZp,0.3333333333333333,2,2,TTAGAGTCCCCGGGGTTTTC,0,434009
acrZp,0.3333333333333333,2,2,TTAGACTAGGAGAAATATAG,0,416147
acrZp,0.3333333333333333,2,2,TTAGACGATTTGATCATAAC,0,411924
acrZp,0.3333333333333333,2,2,TTAGACCGAGGATGGTCCCA,0,429056
acrZp,0.3333333333333333,2,2,TTACTGAATATTTCCTGCCA,0,410517
acrZp,0.3333333333333333,2,2,TTACGTTCGTCATGTCGTTG,0,431514
acrZp,0.3333333333333333,2,2,TTACGCGGTATCTGGAATTA,0,445051
acrZp,0.3333333333333333,2,2,TTACGCCGGCCATCGTGACC,0,434438
acrZp,0.3333333333333333,2,2,TTACATCCCGACCAATATCC,0,445609
acrZp,0.3333333333333333,2,2,TTACATACTCGTTTACGACC,0,416533
acrZp,0.3333333333333333,2,2,TTACAAGTGTATAGGGTTTG,0,425706
acrZp,0.3333333333333333,2,2,TTAATGCCAGGTGGAGTATG,0,437902
acrZp,0.3333333333333333,2,2,TTAATCATAATACGTGCCCT,0,449880
acrZp,0.3333333333333333,2,2,TTAAGGTTAACTTTGTTTGT,0,418602
acrZp,0.3333333333333333,2,2,TTAAGACAGTGTGAATCTGA,0,435684
acrZp,0.3333333333333333,2,2,TTAACCGGTTCTAGCGTAGG,0,445456
acrZp,0.3333333333333333,2,2,TTAACCAGTTCTGGGGTTAA,0,431871
acrZp,0.3333333333333333,2,2,TTAAATAGCTGTGTAGAGCT,0,424921
acrZp,0.3333333333333333,2,2,TGTTTTACAGCCTGGTGTAT,0,423133
acrZp,0.3333333333333333,2,2,TGTTATGTGAGCGCGCTACT,0,456410
acrZp,0.3333333333333333,2,2,TGTTAAGTGGCGGTGACTTA,0,451970
acrZp,0.3333333333333333,2,2,TGTGGTGCTAGATTAAATAT,0,424533
acrZp,0.3333333333333333,2,2,TGTGGGCGGGCTTTGTGGTG,0,445680
acrZp,0.3333333333333333,2,2,TGTGCCGGAGCTCTGTAACT,0,455861
acrZp,0.3333333333333333,2,2,TGTGACCTGCATTGGCGTCG,0,460726
acrZp,0.3333333333333333,2,2,TGTGAACGTATATATGAAGA,0,458566
acrZp,0.3333333333333333,2,2,TGTCTTTCACAGGAGTCGGT,0,443833
acrZp,0.3333333333333333,2,2,TGTCTTCGTGCAAAGGGCCT,0,432056
acrZp,0.3333333333333333,2,2,TGTCGGGTTAAACAGCCTGT,0,430692
acrZp,0.3333333333333333,2,2,TGTCCCGGGGAGGAACAGCC,0,463329
acrZp,0.3333333333333333,2,2,TGTCCCATAGTAGTGACCTG,0,448295
acrZp,0.3333333333333333,2,2,TGTCAGTCGCGACGTGGGGG,0,441578
acrZp,0.3333333333333333,2,2,TGTCACTGTCATGTAACTTT,0,446246
acrZp,0.3333333333333333,2,2,TGTATTGCAAATCACAGTAT,0,426824
acrZp,0.3333333333333333,2,2,TGTAGGCTTGATGTGGGGTC,0,421189
acrZp,0.3333333333333333,2,2,TGTACGTGGTCCGTGAGATT,0,448551
acrZp,0.3333333333333333,2,2,TGTAATTTCTCGATGTAACA,0,426307
acrZp,0.3333333333333333,2,2,TGGTTTTATGTCAAAAGGCA,0,440143
acrZp,0.3333333333333333,2,2,TGGTTGGTTTTCCGTCGATA,0,443338
acrZp,0.3333333333333333,2,2,TGGTTACTGGTTGTAGAATC,0,437654
acrZp,0.3333333333333333,2,2,TGGTGGCCGCGAACGTGAGC,0,414124
acrZp,0.3333333333333333,2,2,TGGTGCCCCCACCAGGCCTC,0,419038
acrZp,0.3333333333333333,2,2,TGGTGCAATGAGGGCCTCTC,0,422249
acrZp,0.3333333333333333,2,2,TGGTGAGTTTCACAATGGGC,0,425514
acrZp,0.3333333333333333,2,2,TGGTGACCCCGAATTTTTTT,0,431913
acrZp,0.3333333333333333,2,2,TGGTCTCATGGGGCATTTGA,0,463484
acrZp,0.3333333333333333,2,2,TGGTCGAAGTCATGGGGTTC,0,464306
acrZp,0.3333333333333333,2,2,TGGTCCATAGGGCCAATCGA,0,460504
acrZp,0.3333333333333333,2,2,TGGTCATTAAAGAACCGTTC,0,451501
acrZp,0.3333333333333333,2,2,TGGTCAGTATCCGCGTTCGT,0,419991
acrZp,0.3333333333333333,2,2,TGGTCAGCGTTGTGCTCAGG,0,463255
acrZp,0.3333333333333333,2,2,TGGTCACAGGCTGGGGCTCT,0,459852
acrZp,0.3333333333333333,2,2,TGGTACCTGTGAAGAACTAC,0,417300
acrZp,0.3333333333333333,2,2,TGGGTTTCTCGCGAGCCTGC,0,409863
acrZp,0.3333333333333333,2,2,TGGGTTCAAATAGGGGAAGC,0,416247
acrZp,0.3333333333333333,2,2,TGGGTGTATGATTATAAACG,0,432264
acrZp,0.3333333333333333,2,2,TGGGTCCGTTCTCCGTTTCA,0,426638
acrZp,0.3333333333333333,2,2,TGGGGCGATCGCCAGGGTTA,0,411981
acrZp,0.3333333333333333,2,2,TGGGCCATTATTGCAATGTC,0,466569
acrZp,0.3333333333333333,2,2,TGGGCAGGGATATGGTCACC,0,455270
acrZp,0.3333333333333333,2,2,TGGGATCTTGGTCTGGAAGT,0,416891
acrZp,0.3333333333333333,2,2,TGGGATCACCAATATTTTAA,0,461190
acrZp,0.3333333333333333,2,2,TGGGACTTATAAGATTTGTG,0,466834
acrZp,0.3333333333333333,2,2,TGGCTTCAACTGAATGTAGC,0,424607
acrZp,0.3333333333333333,2,2,TGGCTGTGGTAGGTTGAGGC,0,443355
acrZp,0.3333333333333333,2,2,TGGCTGTATAGAAGAGATGG,0,411689
acrZp,0.3333333333333333,2,2,TGGCTCTAGTATCATACCGG,0,410204
acrZp,0.3333333333333333,2,2,TGGCTCGCGGGTGACGATAA,0,417358
acrZp,0.3333333333333333,2,2,TGGCGTAATCCCCGAGGCAG,0,416943
acrZp,0.3333333333333333,2,2,TGGCGGTTAAGCTCGGCAGT,0,462678
acrZp,0.3333333333333333,2,2,TGGCGAGGTGCTTTTCCGTA,0,452938
acrZp,0.3333333333333333,2,2,TGGCCGGTCGCTCGCCTCCC,0,427566
acrZp,0.3333333333333333,2,2,TGGCCATGTGTTAAATAACG,0,460070
acrZp,0.3333333333333333,2,2,TGGATTGCTCGTCCTGTAGA,0,465268
acrZp,0.3333333333333333,2,2,TGGATTATCGCTCGTTGCCG,0,439615
acrZp,0.3333333333333333,2,2,TGGATCAATTCCCCTGTATA,0,467330
acrZp,0.3333333333333333,2,2,TGGATAAACCGATCGCCTAA,0,447098
acrZp,0.3333333333333333,2,2,TGGAGTATCTCCATCTACCC,0,448312
acrZp,0.3333333333333333,2,2,TGGACTTGCCAATCGGAATG,0,425759
acrZp,0.3333333333333333,2,2,TGGAATTACGGTGAAGAGCC,0,433294
acrZp,0.3333333333333333,2,2,TGGAAGGTAACCAGATGCGG,0,421480
acrZp,0.3333333333333333,2,2,TGGAAGGGAGTAGCAAGCTG,0,443053
acrZp,0.3333333333333333,2,2,TGGAAGAGGTTCTATTCGTA,0,462426
acrZp,0.3333333333333333,2,2,TGGAAATATCGCGGGCTGGC,0,456499
acrZp,0.3333333333333333,2,2,TGCTTTTTAAACAGTTTGAA,0,441759
acrZp,0.3333333333333333,2,2,TGCTTTGATGTTTCGACGGC,0,451567
acrZp,0.3333333333333333,2,2,TGCTTCGCCGGGACTTAGTC,0,463175
acrZp,0.3333333333333333,2,2,TGCTTAATCTTCTATGGGAG,0,459426
acrZp,0.3333333333333333,2,2,TGCTCCCAGCCTTAACGCTC,0,408637
acrZp,0.3333333333333333,2,2,TGCTCATCATGAGGATAGGG,0,437429
acrZp,0.3333333333333333,2,2,TGCTCATACGGGTAGGAACC,0,420057
acrZp,0.3333333333333333,2,2,TGCTAGGCGCAGGTTCGGTA,0,411755
acrZp,0.3333333333333333,2,2,TGCTACTAATTGCAGCTTTT,0,463244
acrZp,0.3333333333333333,2,2,TGCGTTATGTTTAGTTGCGA,0,441885
acrZp,0.3333333333333333,2,2,TGCGTACGGCACCAACGCTG,0,431414
acrZp,0.3333333333333333,2,2,TGCGGGAGACTGGGCGCCTA,0,418335
acrZp,0.3333333333333333,2,2,TGCGCATACATGGAGAGTTT,0,445370
acrZp,0.3333333333333333,2,2,TGCGATTGACTTCGGCGTCA,0,463588
acrZp,0.3333333333333333,2,2,TGCCTTCATAGCATCGCTGC,0,413567
acrZp,0.3333333333333333,2,2,TGCCTCGTCGCCTGTCTCAC,0,451252
acrZp,0.3333333333333333,2,2,TGCCTCGAATTTCCCATTTT,0,456648
acrZp,0.3333333333333333,2,2,TGCCGAAAGCCGGGCCAACA,0,449813
acrZp,0.3333333333333333,2,2,TGCCCGATTCAGTGCTCAAT,0,463595
acrZp,0.3333333333333333,2,2,TGCCCCTTCTGTTTGCCCTT,0,447457
acrZp,0.3333333333333333,2,2,TGCCAGTAAATAAGCGAGTA,0,419025
acrZp,0.3333333333333333,2,2,TGCCAGGTTGACAACTTCCA,0,432267
acrZp,0.3333333333333333,2,2,TGCCAGGAAGTTACTAGATT,0,459675
acrZp,0.3333333333333333,2,2,TGCATATTGATGTTTTAGAA,0,414739
acrZp,0.3333333333333333,2,2,TGCATACAAAAACATTGTCC,0,433042
acrZp,0.3333333333333333,2,2,TGCAGTCCAGGACCATACCA,0,463728
acrZp,0.3333333333333333,2,2,TGCAGGGATAACGATGTAAG,0,454977
acrZp,0.3333333333333333,2,2,TGCAGATCTTTGTGTTGAGG,0,410137
acrZp,0.3333333333333333,2,2,TGCACTGGTCATGAAGTGAC,0,461883
acrZp,0.3333333333333333,2,2,TGCACAACCAGCCTACCAGC,0,429069
acrZp,0.3333333333333333,2,2,TGATTGATGCACGACTTGAC,0,437214
acrZp,0.3333333333333333,2,2,TGATGCTTGCACAGCGGGAG,0,451316
acrZp,0.3333333333333333,2,2,TGATGCCCCCAGTTCGCGAG,0,460720
acrZp,0.3333333333333333,2,2,TGATCTGTGGCTCCGCTATT,0,447976
acrZp,0.3333333333333333,2,2,TGATCGGACGGAACTCCACT,0,460074
acrZp,0.3333333333333333,2,2,TGATCCTGGAGGGGACATGG,0,448845
acrZp,0.3333333333333333,2,2,TGATCCTCCATTTGGCAGTC,0,433091
acrZp,0.3333333333333333,2,2,TGATCCGAGTTGGTTATGGT,0,460701
acrZp,0.3333333333333333,2,2,TGATAGTAGATCACGGGATA,0,420924
acrZp,0.3333333333333333,2,2,TGAGTGCCGGTGAACGCATT,0,438656
acrZp,0.3333333333333333,2,2,TGAGTCTATGAATTCAAAAC,0,436037
acrZp,0.3333333333333333,2,2,TGAGACGCGATGTTAAGACG,0,453280
acrZp,0.3333333333333333,2,2,TGACTCTCTTGTTGATAGTT,0,436504
acrZp,0.3333333333333333,2,2,TGACTCGGAGTGGTGGACAC,0,445790
acrZp,0.3333333333333333,2,2,TGACGGCCAGATACGCACCC,0,449385
acrZp,0.3333333333333333,2,2,TGACGAGCTCGAGGCCACGA,0,439673
acrZp,0.3333333333333333,2,2,TGACAGTACAACCGGCAGGC,0,443553
acrZp,0.3333333333333333,2,2,TGACACGATCCACCTACGTC,0,420510
acrZp,0.3333333333333333,2,2,TGAAGTCACGCAACGGGGCA,0,445420
acrZp,0.3333333333333333,2,2,TGAACGCGGTCAAGTTCCAT,0,446691
acrZp,0.3333333333333333,2,2,TGAACATCTATACTGCGTCT,0,420169
acrZp,0.3333333333333333,2,2,TGAAACCTTGAGCGTCTAAT,0,436198
acrZp,0.3333333333333333,2,2,TCTTTCCAGGCTAAGTTTCG,0,413870
acrZp,0.3333333333333333,2,2,TCTTCTGGCGCATTTAGATC,0,455938
acrZp,0.3333333333333333,2,2,TCTTCGGACCCCGGGGGTGA,0,424196
acrZp,0.3333333333333333,2,2,TCTTACTAGCAATCGAACAC,0,414643
acrZp,0.3333333333333333,2,2,TCTTAAATCCGTGCTCGGTA,0,409573
acrZp,0.3333333333333333,2,2,TCTGTTTGGGGTACGCTCGC,0,464056
acrZp,0.3333333333333333,2,2,TCTGTCTTTTTATAGTGCAG,0,435752
acrZp,0.3333333333333333,2,2,TCTGGGCATGGGAGCCCACT,0,464592
acrZp,0.3333333333333333,2,2,TCTGGAAGGTTTTCCCAAGC,0,437984
acrZp,0.3333333333333333,2,2,TCTGCTCGATTCCAAGTGTC,0,420056
acrZp,0.3333333333333333,2,2,TCTGATTACATACAGTTCCA,0,454005
acrZp,0.3333333333333333,2,2,TCTGACCCAAAGCATCAAAT,0,442240
acrZp,0.3333333333333333,2,2,TCTCGGGCCGGGAAGAACAT,0,462176
acrZp,0.3333333333333333,2,2,TCTCGCCATTCCTGCACGGG,0,438623
acrZp,0.3333333333333333,2,2,TCTCGACTCTAAACTATATC,0,440794
acrZp,0.3333333333333333,2,2,TCTCCGTGACTTTGTATCGT,0,443574
acrZp,0.3333333333333333,2,2,TCTCCGCATTCATATGTTCC,0,461200
acrZp,0.3333333333333333,2,2,TCTCAGCTGATAACTCAGCT,0,426750
acrZp,0.3333333333333333,2,2,TCTCAGCGAAGACCTGTCTG,0,418860
acrZp,0.3333333333333333,2,2,TCTCAGATGCGAAATAATGT,0,412997
acrZp,0.3333333333333333,2,2,TCTCACCCTTTGTCAAAAGG,0,446475
acrZp,0.3333333333333333,2,2,TCTATATACACAGACAGGCA,0,424676
acrZp,0.3333333333333333,2,2,TCTAGGCTCCCCGAGCACTC,0,445814
acrZp,0.3333333333333333,2,2,TCTAGGCCTTAGTGTAACAA,0,414449
acrZp,0.3333333333333333,2,2,TCTACTCGCTACGGTAGTAA,0,444476
acrZp,0.3333333333333333,2,2,TCTAATATGCCCAATCTTTG,0,442877
acrZp,0.3333333333333333,2,2,TCTAAAACCTAGTTCAGCAT,0,421796
acrZp,0.3333333333333333,2,2,TCGTGACACAGCATTGTCAT,0,440941
acrZp,0.3333333333333333,2,2,TCGTCGTTAGTTTAAGAGGG,0,430926
acrZp,0.3333333333333333,2,2,TCGGTTAAAGCCCCTGGCAG,0,445189
acrZp,0.3333333333333333,2,2,TCGGTCACGGCCTAGCCAAG,0,442971
acrZp,0.3333333333333333,2,2,TCGGGTCTTGCGATGAAGGT,0,419241
acrZp,0.3333333333333333,2,2,TCGGCTTCGAGGACCAAGCC,0,425455
acrZp,0.3333333333333333,2,2,TCGGCCGAGGTCCCGTGTAG,0,410572
acrZp,0.3333333333333333,2,2,TCGGCCAAGAGGTCACCGAG,0,437637
acrZp,0.3333333333333333,2,2,TCGGATTACGACAAATGCTG,0,463391
acrZp,0.3333333333333333,2,2,TCGCTTGGGTACGCCTAACA,0,457542
acrZp,0.3333333333333333,2,2,TCGCTGTTCTGCCATTCGCA,0,417613
acrZp,0.3333333333333333,2,2,TCGCTCGGTACCAGCAGTGT,0,425202
acrZp,0.3333333333333333,2,2,TCGCTATAAGGGGACTGACA,0,424824
acrZp,0.3333333333333333,2,2,TCGCGTTCGACCATTAGAGG,0,416916
acrZp,0.3333333333333333,2,2,TCGCGTTACCGGCGTAAAAT,0,451484
acrZp,0.3333333333333333,2,2,TCGCGTCACTCATCGTAATG,0,409017
acrZp,0.3333333333333333,2,2,TCGCCTCGCATAATAACTGC,0,458288
acrZp,0.3333333333333333,2,2,TCGCCCTACTGAGAATTTAC,0,424793
acrZp,0.3333333333333333,2,2,TCGCCACAACTAGACAATCC,0,417093
acrZp,0.3333333333333333,2,2,TCGCAGATATCAAGGCGGGA,0,459515
acrZp,0.3333333333333333,2,2,TCGAGTCTCGGGCAATTTGC,0,463518
acrZp,0.3333333333333333,2,2,TCGAGTCTAGTTGTCGTCGT,0,460760
acrZp,0.3333333333333333,2,2,TCGAGTACGCCGCTCTCGTA,0,425989
acrZp,0.3333333333333333,2,2,TCGAGCCCTACCCGAGCTAT,0,412480
acrZp,0.3333333333333333,2,2,TCGAGACGCAGAAAGTTTCA,0,442521
acrZp,0.3333333333333333,2,2,TCGACTAAAATAGCCTAAGA,0,449376
acrZp,0.3333333333333333,2,2,TCGACGGTTGAGCAGAAACT,0,450616
acrZp,0.3333333333333333,2,2,TCGAATCGGCCATTCTTGAG,0,411127
acrZp,0.3333333333333333,2,2,TCGAACAGACGCTTTCGAGT,0,453106
acrZp,0.3333333333333333,2,2,TCCTCTGCCATGCGTGCCAG,0,453794
acrZp,0.3333333333333333,2,2,TCCTAGTATGTATGTCCTCA,0,443311
acrZp,0.3333333333333333,2,2,TCCGTTCGGACTCACCCGAC,0,461371
acrZp,0.3333333333333333,2,2,TCCGTTCGCGCACGAACAAT,0,423536
acrZp,0.3333333333333333,2,2,TCCGTGGGCCACGTCTTGGG,0,441143
acrZp,0.3333333333333333,2,2,TCCGTCTCTGAACTATTCCA,0,411330
acrZp,0.3333333333333333,2,2,TCCGTCGGGGTTTCCCAGTA,0,410152
acrZp,0.3333333333333333,2,2,TCCGTACGAGCCTGTACGCT,0,448022
acrZp,0.3333333333333333,2,2,TCCGGTCGTAGTGCGGCTGT,0,414780
acrZp,0.3333333333333333,2,2,TCCGGGACCTCTTGGTTTTC,0,447123
acrZp,0.3333333333333333,2,2,TCCGGCACGATCGTGAGATC,0,431667
acrZp,0.3333333333333333,2,2,TCCGGATAGGTAGATTACAT,0,422168
acrZp,0.3333333333333333,2,2,TCCGGACCCACGTGGCTTCA,0,419372
acrZp,0.3333333333333333,2,2,TCCGCTCCCCTCATCGCGCT,0,409091
acrZp,0.3333333333333333,2,2,TCCGAGGGAGCGCGTCCCCT,0,437025
acrZp,0.3333333333333333,2,2,TCCCTTTGGAAATGGCGGTA,0,426708
acrZp,0.3333333333333333,2,2,TCCCTTCGGTCGCGCTACTA,0,430212
acrZp,0.3333333333333333,2,2,TCCCTGCCAAACTCAGCGTT,0,428996
acrZp,0.3333333333333333,2,2,TCCCTAGGTTTCAACCTGAG,0,413083
acrZp,0.3333333333333333,2,2,TCCCGTGGCACGGTATCGAG,0,453380
acrZp,0.3333333333333333,2,2,TCCCGGTCCAAAGTTGTCTA,0,444109
acrZp,0.3333333333333333,2,2,TCCCAGTCTAAATATGTGCT,0,447744
acrZp,0.3333333333333333,2,2,TCCATTTCAGCACTTATACA,0,456049
acrZp,0.3333333333333333,2,2,TCCATTCTTGCGCCAGATAG,0,430856
acrZp,0.3333333333333333,2,2,TCCACTCTTACATCGTTGCC,0,460746
acrZp,0.3333333333333333,2,2,TCCACTCGCCTTTGAAGCTC,0,430932
acrZp,0.3333333333333333,2,2,TCCACGGGCTCTTGTGCTTG,0,462450
acrZp,0.3333333333333333,2,2,TCCACCGTTCGACGCCCTCG,0,411429
acrZp,0.3333333333333333,2,2,TCCACATAGAAACAGGGAAC,0,448695
acrZp,0.3333333333333333,2,2,TCCACAAAAAGTCCCGTTGA,0,445362
acrZp,0.3333333333333333,2,2,TCCAATTTTCCCAGTTATTC,0,451114
acrZp,0.3333333333333333,2,2,TCCAATGAGTCGAGAGATCA,0,421601
acrZp,0.3333333333333333,2,2,TCCAAGCACTAGGGAGAGGC,0,464895
acrZp,0.3333333333333333,2,2,TCATTTTAAGGTCAGTGAAG,0,410668
acrZp,0.3333333333333333,2,2,TCATGCCGTTATGATCGTGC,0,460501
acrZp,0.3333333333333333,2,2,TCATGAGGGTCCAGCTCTCA,0,408865
acrZp,0.3333333333333333,2,2,TCATCGGTCGGGTAAAGGTA,0,417331
acrZp,0.3333333333333333,2,2,TCATCACTTAGTTAGTCATT,0,415024
acrZp,0.3333333333333333,2,2,TCATCACTAACCCCATAAGT,0,456816
acrZp,0.3333333333333333,2,2,TCATAGCGTTTTGATTAGGC,0,420010
acrZp,0.3333333333333333,2,2,TCATAGCGAGGACTGATGAG,0,457005
acrZp,0.3333333333333333,2,2,TCATAGACGTCCTAGGTGGC,0,424143
acrZp,0.3333333333333333,2,2,TCATAAGGTCATAAAATGCA,0,434120
acrZp,0.3333333333333333,2,2,TCATAAGATGTCTAGGAGAC,0,455282
acrZp,0.3333333333333333,2,2,TCAGTGCTAGAACTAAACCT,0,450122
acrZp,0.3333333333333333,2,2,TCAGGTTGGATTGTGGGTCT,0,415441
acrZp,0.3333333333333333,2,2,TCAGGTGCATCGGTCTCTGG,0,441159
acrZp,0.3333333333333333,2,2,TCAGGTGACGTCGGTCTTTC,0,446763
acrZp,0.3333333333333333,2,2,TCAGGGAGGCAGACTAGACC,0,432531
acrZp,0.3333333333333333,2,2,TCAGGCATTAGGAGGTTTTC,0,435371
acrZp,0.3333333333333333,2,2,TCAGGATTCCATTCATTACA,0,454909
acrZp,0.3333333333333333,2,2,TCAGGACGCCGGCATGGAGA,0,443912
acrZp,0.3333333333333333,2,2,TCAGCAACAAATCATATCCT,0,452902
acrZp,0.3333333333333333,2,2,TCAGAACTTCTTGGTACACA,0,421484
acrZp,0.3333333333333333,2,2,TCACTAGGGGTCCGCGGAAG,0,428732
acrZp,0.3333333333333333,2,2,TCACGCGGGGTCGCACGGCG,0,417466
acrZp,0.3333333333333333,2,2,TCACCGAAGATCACCCTCAC,0,453936
acrZp,0.3333333333333333,2,2,TCACCCAATTTTACGATCCA,0,415816
acrZp,0.3333333333333333,2,2,TCACACGTAGCCGGCCAGGC,0,458636
acrZp,0.3333333333333333,2,2,TCAATGGGGCAACGTAATTT,0,461954
acrZp,0.3333333333333333,2,2,TCAATCGGTCCGACAGATTG,0,438458
acrZp,0.3333333333333333,2,2,TCAAGTAGACCTCCGATTCA,0,462730
acrZp,0.3333333333333333,2,2,TCAAGGGTTGCGACGTGAGA,0,445594
acrZp,0.3333333333333333,2,2,TCAAGCTGGTGTCGGTATTG,0,414204
acrZp,0.3333333333333333,2,2,TCAACGACCCAGGTGGGTGG,0,445298
acrZp,0.3333333333333333,2,2,TCAAATTGAGGCGTAGTGCC,0,430474
acrZp,0.3333333333333333,2,2,TATTTTGTCCCTTTACATGG,0,421277
acrZp,0.3333333333333333,2,2,TATTTTCCTGCCAAATAGCC,0,430235
acrZp,0.3333333333333333,2,2,TATTGGCGCAATCAAACGTA,0,424624
acrZp,0.3333333333333333,2,2,TATTCGTGTGGAATCGGGGA,0,446537
acrZp,0.3333333333333333,2,2,TATGTCTGTTGGCTCTACCC,0,418601
acrZp,0.3333333333333333,2,2,TATGTCTGTAGGGTATCTTG,0,410095
acrZp,0.3333333333333333,2,2,TATGGCCAACTTGAATACGG,0,448411
acrZp,0.3333333333333333,2,2,TATGCACGTAGTGCACGTTC,0,457384
acrZp,0.3333333333333333,2,2,TATGAGAGTACGGCTCGCGC,0,449913
acrZp,0.3333333333333333,2,2,TATGACGGTACGTTGATCTG,0,424029
acrZp,0.3333333333333333,2,2,TATGAATATCCGCACGCCAT,0,460150
acrZp,0.3333333333333333,2,2,TATCTTTGTAGTGTACCGTT,0,464813
acrZp,0.3333333333333333,2,2,TATCGTCAGGCATAAGCTCC,0,463409
acrZp,0.3333333333333333,2,2,TATCGCTATGTAGTTGCTCT,0,436655
acrZp,0.3333333333333333,2,2,TATCACTTAACATCGCTTGG,0,448412
acrZp,0.3333333333333333,2,2,TATCACGGCACTTCGTCCGC,0,436937
acrZp,0.3333333333333333,2,2,TATCAAATCGTACCTTTCCT,0,440278
acrZp,0.3333333333333333,2,2,TATATGTTGATCCCTTTAGT,0,419126
acrZp,0.3333333333333333,2,2,TATATACTGCCCGAAAGGAG,0,466269
acrZp,0.3333333333333333,2,2,TATAGTTCAAATGGCTATGC,0,447606
acrZp,0.3333333333333333,2,2,TATACTTGAAGACCGGCGAC,0,444674
acrZp,0.3333333333333333,2,2,TATACCCCGTTGCAGTCTTG,0,447363
acrZp,0.3333333333333333,2,2,TATAATTGCCCTTCGTCCTT,0,449685
acrZp,0.3333333333333333,2,2,TATAATTGATGATTCGTAAC,0,458512
acrZp,0.3333333333333333,2,2,TATAAATATGCAATCCCGGG,0,459055
acrZp,0.3333333333333333,2,2,TAGGTTACGCCATTTTGTCA,0,446680
acrZp,0.3333333333333333,2,2,TAGGTGCACTTCTACGGCAT,0,466007
acrZp,0.3333333333333333,2,2,TAGGTGACAAGCCTCGGGTC,0,410200
acrZp,0.3333333333333333,2,2,TAGGTCATTACATCTATATC,0,439473
acrZp,0.3333333333333333,2,2,TAGGGTCGTAAGGCAAGGAT,0,432250
acrZp,0.3333333333333333,2,2,TAGGGTCCGTTATAGATACT,0,429229
acrZp,0.3333333333333333,2,2,TAGGGGTTAAATAAAGGTAC,0,439581
acrZp,0.3333333333333333,2,2,TAGGGGTGGACGCCAGGCTT,0,452136
acrZp,0.3333333333333333,2,2,TAGGGAATGCGGACTGCATT,0,409606
acrZp,0.3333333333333333,2,2,TAGGCATGCTACCATGCATT,0,417913
acrZp,0.3333333333333333,2,2,TAGGATCTATGCATATTCCG,0,416549
acrZp,0.3333333333333333,2,2,TAGCGGTCGCGTCTCCCAGG,0,448460
acrZp,0.3333333333333333,2,2,TAGCGGGGACTTTTTCGGGT,0,458511
acrZp,0.3333333333333333,2,2,TAGCGCCCTTGGCGTATCTA,0,457127
acrZp,0.3333333333333333,2,2,TAGAGGTCGCTGTCATCTCA,0,461995
acrZp,0.3333333333333333,2,2,TAGAGGTCAGGTACGGATTG,0,446206
acrZp,0.3333333333333333,2,2,TAGAGGGGAGGGTCTCCATA,0,424389
acrZp,0.3333333333333333,2,2,TAGAGCGCAGTGTGAGGGGG,0,461298
acrZp,0.3333333333333333,2,2,TAGAGAGCGCTAACCCATGA,0,434101
acrZp,0.3333333333333333,2,2,TAGACTCAGCTCGTCCGTCG,0,446577
acrZp,0.3333333333333333,2,2,TAGAAGATGGGAGCGTGGGG,0,431522
acrZp,0.3333333333333333,2,2,TACTTATGAATCAGGGCTGT,0,410100
acrZp,0.3333333333333333,2,2,TACTGGTCTATAACTCGGGC,0,451517
acrZp,0.3333333333333333,2,2,TACTGATAGGTGAGCAAGGT,0,418591
acrZp,0.3333333333333333,2,2,TACTACTACCTAGATTTAAC,0,448338
acrZp,0.3333333333333333,2,2,TACGTTTAACTTAGCGGAAG,0,432458
acrZp,0.3333333333333333,2,2,TACGGTTATTACACTCGGAA,0,438604
acrZp,0.3333333333333333,2,2,TACGGTGCTCATGGAGGTTG,0,455784
acrZp,0.3333333333333333,2,2,TACGGGGGGTTTCCGATCAC,0,466032
acrZp,0.3333333333333333,2,2,TACGGCGGTAACCAGTGGCC,0,420951
acrZp,0.3333333333333333,2,2,TACGCTTCGTAGGAGATCAA,0,445334
acrZp,0.3333333333333333,2,2,TACGCCGTTTTGCAGCGGGT,0,419870
acrZp,0.3333333333333333,2,2,TACGCCGGCTCTCTGATACC,0,439351
acrZp,0.3333333333333333,2,2,TACGACAAAGTCTCGGTAAG,0,450997
acrZp,0.3333333333333333,2,2,TACGAAAAAACGACCCAACC,0,424711
acrZp,0.3333333333333333,2,2,TACCTTGAAGCGGGCCGCTG,0,442764
acrZp,0.3333333333333333,2,2,TACCTGCGTACGTACATGTA,0,425603
acrZp,0.3333333333333333,2,2,TACCCTGTCCTTCCTTATGA,0,408659
acrZp,0.3333333333333333,2,2,TACCCGCAGATCAGGGGTTT,0,450784
acrZp,0.3333333333333333,2,2,TACCAGGAATAGGCCTTATT,0,462429
acrZp,0.3333333333333333,2,2,TACATGCTCAGAGAACCGTT,0,462821
acrZp,0.3333333333333333,2,2,TACATGACCCACCTTATACA,0,444270
acrZp,0.3333333333333333,2,2,TACATCGAAGGTATGGCAGC,0,462807
acrZp,0.3333333333333333,2,2,TACAGTGAAATCCGTATTAC,0,427536
acrZp,0.3333333333333333,2,2,TACAGGCTATAGCCGACTAT,0,463094
acrZp,0.3333333333333333,2,2,TACAGCGCGATTGTTAACAT,0,453493
acrZp,0.3333333333333333,2,2,TACAGACCCTGTAACCAGAA,0,421348
acrZp,0.3333333333333333,2,2,TACACTAGCCCCCCCGGAGC,0,433921
acrZp,0.3333333333333333,2,2,TACACCACTGGGTACCATTC,0,411576
acrZp,0.3333333333333333,2,2,TACACATCTTGCAGGGCGCC,0,438413
acrZp,0.3333333333333333,2,2,TACAAGCTCGCCGGATCCAT,0,435454
acrZp,0.3333333333333333,2,2,TACAACTTGTTTTATACGAG,0,420787
acrZp,0.3333333333333333,2,2,TACAAATAGAGAGTAACTGT,0,443631
acrZp,0.3333333333333333,2,2,TAATTGGGAAAGTTGAACAG,0,411635
acrZp,0.3333333333333333,2,2,TAATCTAACAGTAGAGGATT,0,423260
acrZp,0.3333333333333333,2,2,TAATCAGAGTAAGGCGATTG,0,408757
acrZp,0.3333333333333333,2,2,TAATATAAGAAAGTTATGAC,0,446113
acrZp,0.3333333333333333,2,2,TAATACTAACGGAGGAACTA,0,413281
acrZp,0.3333333333333333,2,2,TAATAACATTAAATATGTTT,0,445157
acrZp,0.3333333333333333,2,2,TAAGTTGAGTTCATTAGCTT,0,424252
acrZp,0.3333333333333333,2,2,TAAGTGAGATATTTTACTCC,0,444610
acrZp,0.3333333333333333,2,2,TAAGGTAATTGCGGTGGAGT,0,412602
acrZp,0.3333333333333333,2,2,TAAGGGGTGAGATCGGAGTC,0,448987
acrZp,0.3333333333333333,2,2,TAAGGATAAGCACGCAGGCT,0,442345
acrZp,0.3333333333333333,2,2,TAAGCTGCTTCCGAGCTCCG,0,439207
acrZp,0.3333333333333333,2,2,TAACTTGAAGGGTACCAAAT,0,438217
acrZp,0.3333333333333333,2,2,TAACGAGTCCTGTAGGGTTT,0,443627
acrZp,0.3333333333333333,2,2,TAACCGCATCGTAGCACGCC,0,459103
acrZp,0.3333333333333333,2,2,TAACCACCTGACGGCTTCTG,0,422508
acrZp,0.3333333333333333,2,2,TAACATTGACGAGGCTTCTG,0,428761
acrZp,0.3333333333333333,2,2,TAACATCTTAATTTAGCGGT,0,451040
acrZp,0.3333333333333333,2,2,TAACAAGAACGGACAGTCAC,0,428038
acrZp,0.3333333333333333,2,2,TAAATTACCTGTAGTCTGGG,0,413344
acrZp,0.3333333333333333,2,2,TAAATCCCCGAGACTGGTAA,0,441150
acrZp,0.3333333333333333,2,2,TAAAGTTGTACCCTGTTGGT,0,440800
acrZp,0.3333333333333333,2,2,TAAAGTGGCCACCACGCAAT,0,462644
acrZp,0.3333333333333333,2,2,TAAACCTCTCATCTTCTCGA,0,458674
acrZp,0.3333333333333333,2,2,TAAAAGAATACCAATATGCT,0,447245
acrZp,0.3333333333333333,2,2,GTTTTTATAGGGGTGTTATC,0,415165
acrZp,0.3333333333333333,2,2,GTTTTGGTTTGGGCTATCAG,0,432870
acrZp,0.3333333333333333,2,2,GTTTTCATCGAGCACGCAAT,0,434264
acrZp,0.3333333333333333,2,2,GTTTGTTCTACGCATACGTT,0,423918
acrZp,0.3333333333333333,2,2,GTTTGCATTAGGCATGCCGC,0,456639
acrZp,0.3333333333333333,2,2,GTTTCGTCATTTATCTAGGC,0,409357
acrZp,0.3333333333333333,2,2,GTTTCCCGTCATTGATAAGT,0,434994
acrZp,0.3333333333333333,2,2,GTTTCACAGAGATGGTCAGC,0,432802
acrZp,0.3333333333333333,2,2,GTTTAATAGCCGGCCTGATA,0,409543
acrZp,0.3333333333333333,2,2,GTTGTCTAGGAGGAGTCCCG,0,440795
acrZp,0.3333333333333333,2,2,GTTGGTTTGTGTGGGTAAAG,0,410859
acrZp,0.3333333333333333,2,2,GTTGGAGCCGTCAATCTTAT,0,414957
acrZp,0.3333333333333333,2,2,GTTGGAATTTCTTATTCGGC,0,420079
acrZp,0.3333333333333333,2,2,GTTGCCGCGACCGGCCAACG,0,438966
acrZp,0.3333333333333333,2,2,GTTGCCATTGACGCACATAT,0,459194
acrZp,0.3333333333333333,2,2,GTTGATATTGTTTGTTCTAG,0,447145
acrZp,0.3333333333333333,2,2,GTTGACATTATCGTGCGTGA,0,413686
acrZp,0.3333333333333333,2,2,GTTCTCCCGGAACCCAGCAG,0,447420
acrZp,0.3333333333333333,2,2,GTTCTAGGCCACTCTCGGAT,0,425374
acrZp,0.3333333333333333,2,2,GTTCGTGCTAATACCTCGAA,0,410608
acrZp,0.3333333333333333,2,2,GTTCGGTAGGTGGAATTTGC,0,421490
acrZp,0.3333333333333333,2,2,GTTCGGCACCGTAACGACAA,0,463908
acrZp,0.3333333333333333,2,2,GTTCGACAATCTATCGTGCC,0,449435
acrZp,0.3333333333333333,2,2,GTTCCTAGAGTGAGGCGGAG,0,426946
acrZp,0.3333333333333333,2,2,GTTCCCTCTTGTGGTACGAG,0,442335
acrZp,0.3333333333333333,2,2,GTTCCACCTCCGGAGTATCT,0,443786
acrZp,0.3333333333333333,2,2,GTTCATTACCCCCATCGCCG,0,439762
acrZp,0.3333333333333333,2,2,GTTCACGCCTTCACTGAATC,0,456958
acrZp,0.3333333333333333,2,2,GTTCAACCCAATCTATCCCA,0,466527
acrZp,0.3333333333333333,2,2,GTTATATGCAGCGCGGACTA,0,450573
acrZp,0.3333333333333333,2,2,GTTACTTGTCCATCGACTGA,0,448071
acrZp,0.3333333333333333,2,2,GTTACCGCGTGATTCGGTTT,0,446331
acrZp,0.3333333333333333,2,2,GTTACACTCCAATATCCAAC,0,465415
acrZp,0.3333333333333333,2,2,GTTAACTGGTCTAGTAACCG,0,447155
acrZp,0.3333333333333333,2,2,GTTAACGTCGCACGCAAATC,0,462584
acrZp,0.3333333333333333,2,2,GTTAACATCGTTTACCAACC,0,431371
acrZp,0.3333333333333333,2,2,GTTAAAGTATGTCTGCTACC,0,459793
acrZp,0.3333333333333333,2,2,GTTAAAAACTACATGTGCGT,0,419847
acrZp,0.3333333333333333,2,2,GTGTTTTGGTCTAAGCAGGG,0,465191
acrZp,0.3333333333333333,2,2,GTGTTTACTACGTGCAATTG,0,412995
acrZp,0.3333333333333333,2,2,GTGTTAAGCCGTGCCGTGAT,0,438118
acrZp,0.3333333333333333,2,2,GTGTGGGTGCATTCCTGTCG,0,411157
acrZp,0.3333333333333333,2,2,GTGTGCGTGGGAATTGTGGC,0,426772
acrZp,0.3333333333333333,2,2,GTGTCGGGGCCATAGTTCAA,0,434509
acrZp,0.3333333333333333,2,2,GTGTCGCCCTCGGGCACTCT,0,431017
acrZp,0.3333333333333333,2,2,GTGTCACGTCTGATAACCGA,0,414174
acrZp,0.3333333333333333,2,2,GTGTACTCAACGCCGAGATT,0,442450
acrZp,0.3333333333333333,2,2,GTGTACCGCCACCAAGGCGT,0,433781
acrZp,0.3333333333333333,2,2,GTGGTAGATGATTTATCCGC,0,432966
acrZp,0.3333333333333333,2,2,GTGGGCAGGATCGTGTCCAC,0,428780
acrZp,0.3333333333333333,2,2,GTGGGAGCGCTATCGGCATA,0,444349
acrZp,0.3333333333333333,2,2,GTGGATTTGGGAGGTCGAGT,0,408770
acrZp,0.3333333333333333,2,2,GTGGACAGGCCTCGTACCTT,0,413526
acrZp,0.3333333333333333,2,2,GTGGAATGTGAAGATCAGGA,0,425134
acrZp,0.3333333333333333,2,2,GTGCTAGTTCTCGTCGGCTT,0,413467
acrZp,0.3333333333333333,2,2,GTGCTACTATAGCAAGCTTT,0,458589
acrZp,0.3333333333333333,2,2,GTGCGTTAAAGCACGGAGTA,0,466388
acrZp,0.3333333333333333,2,2,GTGCCTAGTCTGTACCTACG,0,417332
acrZp,0.3333333333333333,2,2,GTGCCAGGAGCCACACGTTC,0,416716
acrZp,0.3333333333333333,2,2,GTGCATCTACACCCCCATTT,0,443765
acrZp,0.3333333333333333,2,2,GTGATTTTTAGCTGTCATCC,0,455629
acrZp,0.3333333333333333,2,2,GTGATGATGTCAGTCGGCTC,0,413139
acrZp,0.3333333333333333,2,2,GTGAGGTGCGAATGGCGGGT,0,458946
acrZp,0.3333333333333333,2,2,GTGAGCGCATTATAGCGATG,0,431722
acrZp,0.3333333333333333,2,2,GTGACTTAACACCGAGTAGT,0,436101
acrZp,0.3333333333333333,2,2,GTGACTCTTGCCCACGCGTC,0,463961
acrZp,0.3333333333333333,2,2,GTGACCTTTTACCCCCGGTA,0,439936
acrZp,0.3333333333333333,2,2,GTGACAGTTGAAAGAAGGCT,0,437149
acrZp,0.3333333333333333,2,2,GTGACAGTATGGGCTTGGGT,0,443395
acrZp,0.3333333333333333,2,2,GTGAATGTGGTAAAAAAGCT,0,439591
acrZp,0.3333333333333333,2,2,GTCTTGAGGTCTCGACAGCA,0,412031
acrZp,0.3333333333333333,2,2,GTCTTCTTTCTTCCGGCGGT,0,410441
acrZp,0.3333333333333333,2,2,GTCTTCACGGCCGGGAACAC,0,411992
acrZp,0.3333333333333333,2,2,GTCTGCGTTATGCAAGTGAT,0,425963
acrZp,0.3333333333333333,2,2,GTCTCTCCGGAATAACGATC,0,430226
acrZp,0.3333333333333333,2,2,GTCTCTAACGGGACAACTAA,0,419820
acrZp,0.3333333333333333,2,2,GTCTAAGTTGTGTCGTACGT,0,411892
acrZp,0.3333333333333333,2,2,GTCGTTATAACCTTATGCAC,0,422899
acrZp,0.3333333333333333,2,2,GTCGTCTTCCTTGGAAGGGC,0,455420
acrZp,0.3333333333333333,2,2,GTCGTAGCCGCTACTTGCGT,0,450073
acrZp,0.3333333333333333,2,2,GTCGGTCATTTTTGTGCACT,0,419131
acrZp,0.3333333333333333,2,2,GTCGGAACAAGCTGTATGAT,0,453059
acrZp,0.3333333333333333,2,2,GTCGATTAAATATTTATCGA,0,436052
acrZp,0.3333333333333333,2,2,GTCGAGGGTAAGGGAGGCTG,0,416587
acrZp,0.3333333333333333,2,2,GTCCTGCTAATCGGGATGTA,0,454839
acrZp,0.3333333333333333,2,2,GTCCTCTGGCCGAACCTGAT,0,413081
acrZp,0.3333333333333333,2,2,GTCCTCTCGGTGTAGCTTTA,0,421675
acrZp,0.3333333333333333,2,2,GTCCGGGAATAGTGGGTGCA,0,429585
acrZp,0.3333333333333333,2,2,GTCCGCTGTGGTCTCTCTGT,0,466079
acrZp,0.3333333333333333,2,2,GTCCCGGGCATTCTGTGCTT,0,419119
acrZp,0.3333333333333333,2,2,GTCCCCTAAGCAAGGGATAC,0,448673
acrZp,0.3333333333333333,2,2,GTCCATGCGTGCTATGGTGG,0,446662
acrZp,0.3333333333333333,2,2,GTCCATACAGGAGCCGAGAG,0,424269
acrZp,0.3333333333333333,2,2,GTCCAAACACGGGTGCGTGT,0,442055
acrZp,0.3333333333333333,2,2,GTCATGGCCAGATTCCGTTT,0,457220
acrZp,0.3333333333333333,2,2,GTCATAGGGATGTCTATAGT,0,463455
acrZp,0.3333333333333333,2,2,GTCATACGGCTACTCGCACA,0,434092
acrZp,0.3333333333333333,2,2,GTCAGCAGGATGTTACCTTA,0,454597
acrZp,0.3333333333333333,2,2,GTCAGATTTGTTCGGAAGAT,0,461674
acrZp,0.3333333333333333,2,2,GTCAGATGTCCTGCAATACA,0,464874
acrZp,0.3333333333333333,2,2,GTCAGACGACCCGGCGCTTG,0,437639
acrZp,0.3333333333333333,2,2,GTCACGTACTAAAATCGGCG,0,430595
acrZp,0.3333333333333333,2,2,GTCACCTCCCTATGATAGCA,0,412379
acrZp,0.3333333333333333,2,2,GTCACAAAATAGCTTAGGAT,0,445455
acrZp,0.3333333333333333,2,2,GTCAATACAGTTAGGCCTAT,0,428329
acrZp,0.3333333333333333,2,2,GTCAATAATGTGAATGCAAA,0,410798
acrZp,0.3333333333333333,2,2,GTCAAACTTCCATTTATGTG,0,427154
acrZp,0.3333333333333333,2,2,GTATTTCATTTGCTATCGGC,0,430995
acrZp,0.3333333333333333,2,2,GTATTGCAAGAGGCTTTGAG,0,428074
acrZp,0.3333333333333333,2,2,GTATTACGACTAGTTTAGAA,0,440581
acrZp,0.3333333333333333,2,2,GTATGTTGACCCAGTGGCAG,0,418275
acrZp,0.3333333333333333,2,2,GTATGTACGGGTGACAAGGA,0,448719
acrZp,0.3333333333333333,2,2,GTATGGGATTAAGTTCTGCC,0,459626
acrZp,0.3333333333333333,2,2,GTATGCTGCCCCACTGTGCT,0,456377
acrZp,0.3333333333333333,2,2,GTATGCGCGTAGCTGTGAAC,0,457231
acrZp,0.3333333333333333,2,2,GTATCGTCTTATACCGTGGT,0,464278
acrZp,0.3333333333333333,2,2,GTATCGCCGGGGTTTTCGCA,0,427126
acrZp,0.3333333333333333,2,2,GTATAGGCTCTTGCATATAA,0,457292
acrZp,0.3333333333333333,2,2,GTAGTCAGTAGATGAGGCCA,0,426985
acrZp,0.3333333333333333,2,2,GTAGGGCGTAGAGCGGAGTC,0,419305
acrZp,0.3333333333333333,2,2,GTAGCTAACCACACACCGTA,0,456929
acrZp,0.3333333333333333,2,2,GTAGCGAGCTCTCATTTTTA,0,448643
acrZp,0.3333333333333333,2,2,GTACTGAGGCGATCCTCAAT,0,414794
acrZp,0.3333333333333333,2,2,GTACGGTGACCCAGTGTGAA,0,427477
acrZp,0.3333333333333333,2,2,GTACGCTTCAAGGCCCCACT,0,410170
acrZp,0.3333333333333333,2,2,GTACGAGGCGGACCAAGGAG,0,446251
acrZp,0.3333333333333333,2,2,GTACCACGCAAGGGCAGTTC,0,442733
acrZp,0.3333333333333333,2,2,GTACAGATTGGATGGAAGCC,0,429632
acrZp,0.3333333333333333,2,2,GTACACTCAATGGCTGATGC,0,421838
acrZp,0.3333333333333333,2,2,GTACAACCCAATGCGACCCA,0,455283
acrZp,0.3333333333333333,2,2,GTAAGCCGGCAAACCAGAGC,0,445469
acrZp,0.3333333333333333,2,2,GTAAGACTACGTACACTTTA,0,436219
acrZp,0.3333333333333333,2,2,GTAACTCGTCAGCGCCCTCC,0,442620
acrZp,0.3333333333333333,2,2,GTAACGAAAGAATGATACGG,0,458782
acrZp,0.3333333333333333,2,2,GGTTTTTTGCGTCAAAGTTG,0,456115
acrZp,0.3333333333333333,2,2,GGTTTTTCCCGATGAATATG,0,428571
acrZp,0.3333333333333333,2,2,GGTTTTCTGCGTGAGCCTCC,0,467629
acrZp,0.3333333333333333,2,2,GGTTTGTCCGGTCACCACGT,0,450205
acrZp,0.3333333333333333,2,2,GGTTTGGGTATGAAAAAAGG,0,428334
acrZp,0.3333333333333333,2,2,GGTTTGAGGTAGGACTCCGG,0,425280
acrZp,0.3333333333333333,2,2,GGTTTACAGGCTTGAGTCTC,0,449371
acrZp,0.3333333333333333,2,2,GGTTGCGTGGCAGATAAATA,0,435124
acrZp,0.3333333333333333,2,2,GGTTCGCTGCTGTCGCTGGT,0,444244
acrZp,0.3333333333333333,2,2,GGTTCGACCAGTGGCTAAAG,0,445351
acrZp,0.3333333333333333,2,2,GGTTATTTACTTCCTTCTCG,0,433596
acrZp,0.3333333333333333,2,2,GGTTATTCATGGGCCGTTAG,0,417478
acrZp,0.3333333333333333,2,2,GGTTAAGTCGCTGTCCTTTT,0,462434
acrZp,0.3333333333333333,2,2,GGTTAAGTCAGGCAGATGAG,0,456670
acrZp,0.3333333333333333,2,2,GGTTAAGAACGAGCCTTTGT,0,416124
acrZp,0.3333333333333333,2,2,GGTGTTTAGTGTATTTTCGA,0,458408
acrZp,0.3333333333333333,2,2,GGTGTACTTCATACGTATAC,0,415174
acrZp,0.3333333333333333,2,2,GGTGGTTAAGATCCCAAAGG,0,415586
acrZp,0.3333333333333333,2,2,GGTGGTAGGGCATTACTACT,0,430757
acrZp,0.3333333333333333,2,2,GGTGGCTTCCTGCGAGGTGC,0,419426
acrZp,0.3333333333333333,2,2,GGTGGACCTCACTAGACAGG,0,434915
acrZp,0.3333333333333333,2,2,GGTGCTGTGGCGATGCACCT,0,457079
acrZp,0.3333333333333333,2,2,GGTGCGCCTACCATGTGGTT,0,434222
acrZp,0.3333333333333333,2,2,GGTCTTACGTTAGATTTTAT,0,458389
acrZp,0.3333333333333333,2,2,GGTCTCGTCGGCACTTCACA,0,411733
acrZp,0.3333333333333333,2,2,GGTCGAACCTCGTGACTCGG,0,448663
acrZp,0.3333333333333333,2,2,GGTCCGGTCGGCTGTGCCCG,0,448669
acrZp,0.3333333333333333,2,2,GGTCCGGAAAGGAGGCAAGG,0,430113
acrZp,0.3333333333333333,2,2,GGTCCGCAGAACGCCCTCAC,0,421931
acrZp,0.3333333333333333,2,2,GGTCCGAATAGGTGGGCTTC,0,454536
acrZp,0.3333333333333333,2,2,GGTCCATGCTTGGTACACGG,0,418895
acrZp,0.3333333333333333,2,2,GGTCACCGGCGTGAGCACCT,0,455093
acrZp,0.3333333333333333,2,2,GGTCAAACTCAGGGCATACG,0,428178
acrZp,0.3333333333333333,2,2,GGTATGTCGGAGAGTCACAA,0,412303
acrZp,0.3333333333333333,2,2,GGTAGCTCGTACTCACAAGG,0,427945
acrZp,0.3333333333333333,2,2,GGTACTTTCTTTCTCTCTAT,0,454154
acrZp,0.3333333333333333,2,2,GGTACGGCATGCGGCTCTAT,0,414817
acrZp,0.3333333333333333,2,2,GGTACGCGCCAATCCAAAAT,0,421173
acrZp,0.3333333333333333,2,2,GGTAATCCATAGCGGTCGGG,0,454146
acrZp,0.3333333333333333,2,2,GGTAAGTCCTACGTGATATC,0,459228
acrZp,0.3333333333333333,2,2,GGGTGTGGTGGTCACGTACT,0,429245
acrZp,0.3333333333333333,2,2,GGGTGTGGGTGAAGCCCGGC,0,457719
acrZp,0.3333333333333333,2,2,GGGTGCTCCCAAGGATAACG,0,424545
acrZp,0.3333333333333333,2,2,GGGTGAGTCTCGGTACTCCA,0,436892
acrZp,0.3333333333333333,2,2,GGGTCGGGCCTTGAAAAAAG,0,455043
acrZp,0.3333333333333333,2,2,GGGTCAGTGCGACGCAAGCG,0,431205
acrZp,0.3333333333333333,2,2,GGGTATACCACTTCTATGGG,0,459335
acrZp,0.3333333333333333,2,2,GGGTACAGGTGAGGCCGTTC,0,466093
acrZp,0.3333333333333333,2,2,GGGTAACCAGTTCTGTCAAA,0,457356
acrZp,0.3333333333333333,2,2,GGGGTCTACGCCAGGTTTAC,0,463822
acrZp,0.3333333333333333,2,2,GGGGGTTAACGTGAAGAGTT,0,427471
acrZp,0.3333333333333333,2,2,GGGGGGATCACGGGCCAAAC,0,448103
acrZp,0.3333333333333333,2,2,GGGGCTGACTCCCCCATTTT,0,429749
acrZp,0.3333333333333333,2,2,GGGGAGCGTAGATGGTAAGC,0,444945
acrZp,0.3333333333333333,2,2,GGGCGTACACGACTCGACGA,0,419327
acrZp,0.3333333333333333,2,2,GGGCGCGTCCCCTTAGCCTG,0,426231
acrZp,0.3333333333333333,2,2,GGGCGACGGCCCGCCGCGGG,0,436635
acrZp,0.3333333333333333,2,2,GGGCGAATCGTCGGGCTTAG,0,438374
acrZp,0.3333333333333333,2,2,GGGCCGGAAATATTGATAGC,0,448426
acrZp,0.3333333333333333,2,2,GGGCATTTATCGGTACCTAG,0,465024
acrZp,0.3333333333333333,2,2,GGGCAGTCAGGTTTACCATT,0,438620
acrZp,0.3333333333333333,2,2,GGGATTTATGCACGTTATTG,0,424981
acrZp,0.3333333333333333,2,2,GGGATGATTCCATGCATGTT,0,447444
acrZp,0.3333333333333333,2,2,GGGATCCGGACTAGACGTGT,0,417971
acrZp,0.3333333333333333,2,2,GGGAGGATTGTTTGCGCCAT,0,417296
acrZp,0.3333333333333333,2,2,GGGAGACCGAGGGAATTGTG,0,441835
acrZp,0.3333333333333333,2,2,GGGACTTTCTCCCGTGACTG,0,411173
acrZp,0.3333333333333333,2,2,GGGACCTGACCGGAGTATCA,0,440769
acrZp,0.3333333333333333,2,2,GGCTTTGGGGCGCCTTATGC,0,433243
acrZp,0.3333333333333333,2,2,GGCTTGGCTATCGAGTTGCA,0,438260
acrZp,0.3333333333333333,2,2,GGCTTCACGCCACAGGAACT,0,460684
acrZp,0.3333333333333333,2,2,GGCTGGCTTATAACGCAAAA,0,450430
acrZp,0.3333333333333333,2,2,GGCTGCGGGCGAACCACATT,0,415089
acrZp,0.3333333333333333,2,2,GGCTCATCTTGGTCACGCAG,0,457401
acrZp,0.3333333333333333,2,2,GGCTCAACGATCATGACTAC,0,439907
acrZp,0.3333333333333333,2,2,GGCGTGGACCTTAGCGCTTG,0,441304
acrZp,0.3333333333333333,2,2,GGCGTCTCTATTCGACCTTG,0,450446
acrZp,0.3333333333333333,2,2,GGCGTCAGGTTTCCCGTCGG,0,440829
acrZp,0.3333333333333333,2,2,GGCGGGGGTTCTACATCATG,0,440894
acrZp,0.3333333333333333,2,2,GGCGGCATATGGCGCCCCGG,0,440284
acrZp,0.3333333333333333,2,2,GGCGCGTCCTGCCTAAGTTA,0,428047
acrZp,0.3333333333333333,2,2,GGCGATAGCTTGTCATGGAT,0,464888
acrZp,0.3333333333333333,2,2,GGCCTTTACAATAGCTACCA,0,432782
acrZp,0.3333333333333333,2,2,GGCCTGTATCACGCCTAAGG,0,411039
acrZp,0.3333333333333333,2,2,GGCCTCGCCAGTCTGTCGTC,0,462506
acrZp,0.3333333333333333,2,2,GGCCTCATGGGGTTTGGAAC,0,450879
acrZp,0.3333333333333333,2,2,GGCCGACCGGTCCATCTACC,0,438116
acrZp,0.3333333333333333,2,2,GGCCGAAACACCCTTTTCAC,0,446123
acrZp,0.3333333333333333,2,2,GGCCCCGATGAAGGAGCGAT,0,431578
acrZp,0.3333333333333333,2,2,GGCCCCCGCAAAGAGGGGAA,0,456653
acrZp,0.3333333333333333,2,2,GGCCATTGCTTTGCAGGACC,0,416617
acrZp,0.3333333333333333,2,2,GGCCATGTACACTATCGAAC,0,460942
acrZp,0.3333333333333333,2,2,GGCCATGCCGGTAAACCGGG,0,427332
acrZp,0.3333333333333333,2,2,GGCCACCTTAGATTTGGGCT,0,412534
acrZp,0.3333333333333333,2,2,GGCCAATTCTCTAATGACAG,0,453149
acrZp,0.3333333333333333,2,2,GGCATTAGTTAAGGCTGTCG,0,427880
acrZp,0.3333333333333333,2,2,GGCATGATCGATGGGTTGAA,0,415530
acrZp,0.3333333333333333,2,2,GGCAGTTTGGGAACTTCCGG,0,450679
acrZp,0.3333333333333333,2,2,GGCAGCTGAGGCATAGTTGC,0,417091
acrZp,0.3333333333333333,2,2,GGCAGCGCAAAAGCCCCGCA,0,453357
acrZp,0.3333333333333333,2,2,GGCAGAGGCAGTGCATTCAC,0,414753
acrZp,0.3333333333333333,2,2,GGCACTTAACGAATAGTCCA,0,447934
acrZp,0.3333333333333333,2,2,GGCACTCTCCCAATATCCTA,0,458917
acrZp,0.3333333333333333,2,2,GGCACGTTTTTTAAGCGGTG,0,443364
acrZp,0.3333333333333333,2,2,GGCACAAATCCTGCGGCTCG,0,418644
acrZp,0.3333333333333333,2,2,GGCAATCTATAAGAAAACAA,0,431732
acrZp,0.3333333333333333,2,2,GGCAAATATATTTTAATCCC,0,454588
acrZp,0.3333333333333333,2,2,GGCAAACACCTAAATCGTAA,0,458759
acrZp,0.3333333333333333,2,2,GGATTTGGAAAGGGGGTTTA,0,463716
acrZp,0.3333333333333333,2,2,GGATTCTTCCCTGGTGGCCC,0,441208
acrZp,0.3333333333333333,2,2,GGATGCACTAGGCATTGTGG,0,462335
acrZp,0.3333333333333333,2,2,GGATGACCTTGGGCGGCTGT,0,420799
acrZp,0.3333333333333333,2,2,GGATCGTTTGGGTCTAGATC,0,441241
acrZp,0.3333333333333333,2,2,GGATCCGTTCGGTCGGTGGT,0,427770
acrZp,0.3333333333333333,2,2,GGATAAATGTTTCTCAATTG,0,438113
acrZp,0.3333333333333333,2,2,GGAGTGCCTCTATGGTCCCT,0,463020
acrZp,0.3333333333333333,2,2,GGAGTGCAATGAACAAGTAA,0,424909
acrZp,0.3333333333333333,2,2,GGAGTCCACTTACTGCAAAG,0,463238
acrZp,0.3333333333333333,2,2,GGAGGTGACAGTTTGCGCTA,0,421545
acrZp,0.3333333333333333,2,2,GGAGGCTAAATCGCCACCGT,0,425528
acrZp,0.3333333333333333,2,2,GGAGGCGAACGTTCTATCAA,0,443889
acrZp,0.3333333333333333,2,2,GGAGGATGTTCCTACCGAGT,0,466129
acrZp,0.3333333333333333,2,2,GGAGGAGAAAGAGTTACGAA,0,443404
acrZp,0.3333333333333333,2,2,GGAGGAAGGTTCCTCACTTG,0,459389
acrZp,0.3333333333333333,2,2,GGAGCTGTAATAGTACATTC,0,436723
acrZp,0.3333333333333333,2,2,GGAGCTACTCCATGCGGGTT,0,447238
acrZp,0.3333333333333333,2,2,GGAGCCATTGCCAGCGCAGA,0,449893
acrZp,0.3333333333333333,2,2,GGAGAGTGCGAAGTAATAGG,0,456447
acrZp,0.3333333333333333,2,2,GGAGAGGGTTGGCCCAAACT,0,420171
acrZp,0.3333333333333333,2,2,GGAGAGCGGCTTGTGTTAAG,0,409304
acrZp,0.3333333333333333,2,2,GGAGAAAGCTCCCCGCCAAT,0,448239
acrZp,0.3333333333333333,2,2,GGACTCCTAGATCGATTCGT,0,458083
acrZp,0.3333333333333333,2,2,GGACGTGTGAATCTACGGGG,0,419203
acrZp,0.3333333333333333,2,2,GGACGTATCTAATGTCGTAC,0,417664
acrZp,0.3333333333333333,2,2,GGACGAGCATGATAACCACA,0,419853
acrZp,0.3333333333333333,2,2,GGACCGTAATCGCACCCAGG,0,429597
acrZp,0.3333333333333333,2,2,GGACCAAGTGGGGGGACTGA,0,414330
acrZp,0.3333333333333333,2,2,GGACAGTAACATTACTCAGA,0,460316
acrZp,0.3333333333333333,2,2,GGACACAATCAATTGAAGTA,0,453629
acrZp,0.3333333333333333,2,2,GGAATTTCTCCTCATCGCAG,0,421649
acrZp,0.3333333333333333,2,2,GGAATGGCAGCCTAACCGGA,0,448257
acrZp,0.3333333333333333,2,2,GGAATCTGAAATGCTGCCTA,0,452379
acrZp,0.3333333333333333,2,2,GGAACGTTCCGGAGAACCGT,0,466589
acrZp,0.3333333333333333,2,2,GGAACGGCCCGCACGCGTGC,0,459186
acrZp,0.3333333333333333,2,2,GGAACACCGTTTGCCAATTG,0,428871
acrZp,0.3333333333333333,2,2,GGAAATTAGTTACACAAGCA,0,443713
acrZp,0.3333333333333333,2,2,GCTTTGAGAGTTTTGTCACG,0,456530
acrZp,0.3333333333333333,2,2,GCTTGGTTATTCTCAGCGTA,0,440858
acrZp,0.3333333333333333,2,2,GCTTGACTTTCCATTGAGAT,0,436256
acrZp,0.3333333333333333,2,2,GCTTCTGCGTGGCTCCGGTA,0,422806
acrZp,0.3333333333333333,2,2,GCTTCTCGAAAGATCACAGA,0,452808
acrZp,0.3333333333333333,2,2,GCTTCGGTACCCATGTCATT,0,410394
acrZp,0.3333333333333333,2,2,GCTTATGGACCGGGGCTAAT,0,430793
acrZp,0.3333333333333333,2,2,GCTTAGGCACATAATCGGAT,0,410796
acrZp,0.3333333333333333,2,2,GCTTAGCCACCTTCAGGGAC,0,453103
acrZp,0.3333333333333333,2,2,GCTTACAAAGGGAGGGGCCT,0,430260
acrZp,0.3333333333333333,2,2,GCTGTCAGGCGGTAAGGTGT,0,431033
acrZp,0.3333333333333333,2,2,GCTGGGCAGTGTAAGGGATC,0,411933
acrZp,0.3333333333333333,2,2,GCTGGCGAGTAGGATTCGTT,0,434783
acrZp,0.3333333333333333,2,2,GCTCGGGATAAGTACATATT,0,429091
acrZp,0.3333333333333333,2,2,GCTCGCTCATAAGGTGACCG,0,452309
acrZp,0.3333333333333333,2,2,GCTCGATTTCCAGACTCAAC,0,413501
acrZp,0.3333333333333333,2,2,GCTCGAAAGATAATTTGGCC,0,423348
acrZp,0.3333333333333333,2,2,GCTCCGGTTTATTTTGTGAG,0,424595
acrZp,0.3333333333333333,2,2,GCTCCCTCCAGTATACATGA,0,428750
acrZp,0.3333333333333333,2,2,GCTCCCCTAACGACAAAACT,0,429101
acrZp,0.3333333333333333,2,2,GCTCCAGGACAATACCAGAC,0,467272
acrZp,0.3333333333333333,2,2,GCTCACAAGATCGGACAGGT,0,431557
acrZp,0.3333333333333333,2,2,GCTATTGCAAATCAGGAGCA,0,460168
acrZp,0.3333333333333333,2,2,GCTATATGTACGTTTAGTGT,0,425547
acrZp,0.3333333333333333,2,2,GCTATACGATTCCGACCCTT,0,412899
acrZp,0.3333333333333333,2,2,GCTATAACTGAAATTTACAG,0,419167
acrZp,0.3333333333333333,2,2,GCTACGATCTATCACAGCTG,0,450489
acrZp,0.3333333333333333,2,2,GCTAATGAGTTTGAGGGCTG,0,410470
acrZp,0.3333333333333333,2,2,GCGTTTTTCTCAGACAACTC,0,412600
acrZp,0.3333333333333333,2,2,GCGTTGTAAGACCACTCGCC,0,423361
acrZp,0.3333333333333333,2,2,GCGTTGGAGTAGGGGGAATA,0,450224
acrZp,0.3333333333333333,2,2,GCGTTGCTTAGTTCGATATC,0,462916
acrZp,0.3333333333333333,2,2,GCGTGGCGTAAGCTAAGACT,0,439141
acrZp,0.3333333333333333,2,2,GCGTGCAAAAGTAGGTGCGA,0,437837
acrZp,0.3333333333333333,2,2,GCGTCAGCGCCCCCCCATAT,0,435829
acrZp,0.3333333333333333,2,2,GCGTATCGACCGGCCACAAC,0,424427
acrZp,0.3333333333333333,2,2,GCGTAGGGCCAGTTTGCTGG,0,418034
acrZp,0.3333333333333333,2,2,GCGTAATTTGCCGATTAGAG,0,439169
acrZp,0.3333333333333333,2,2,GCGGTATTGCCTCTCTGTAC,0,423146
acrZp,0.3333333333333333,2,2,GCGGGTTTTGAAGCCAGAAC,0,425358
acrZp,0.3333333333333333,2,2,GCGGGTAGGATACGAGTCAC,0,417683
acrZp,0.3333333333333333,2,2,GCGGGGATTAGCTATTCACT,0,461404
acrZp,0.3333333333333333,2,2,GCGGCAAGTTGCCATTACTG,0,465230
acrZp,0.3333333333333333,2,2,GCGGAGCGCTTTCTTTGAGA,0,415677
acrZp,0.3333333333333333,2,2,GCGGACGTAGTGCCCCCCGG,0,442821
acrZp,0.3333333333333333,2,2,GCGCTGATCGAATAGGCGCG,0,425272
acrZp,0.3333333333333333,2,2,GCGCGCTATATCACGTTACT,0,422258
acrZp,0.3333333333333333,2,2,GCGCGCGCGCCGAAATGCGA,0,459263
acrZp,0.3333333333333333,2,2,GCGCGACACCTCCGAAGAAA,0,425638
acrZp,0.3333333333333333,2,2,GCGCCTCGAGCTTGTATCAG,0,430960
acrZp,0.3333333333333333,2,2,GCGCCCATGCCGGCTTAGTT,0,446404
acrZp,0.3333333333333333,2,2,GCGCCAAGGGAAGGAATACT,0,416466
acrZp,0.3333333333333333,2,2,GCGCCAAACCTTGGTAGATT,0,424876
acrZp,0.3333333333333333,2,2,GCGCATTGGGGTTGAACCCA,0,432444
acrZp,0.3333333333333333,2,2,GCGCATATTCGTAACGTCAA,0,458958
acrZp,0.3333333333333333,2,2,GCGCAAACATATTCATGGAA,0,467346
acrZp,0.3333333333333333,2,2,GCGATCAGGGACCAAGTGAG,0,408571
acrZp,0.3333333333333333,2,2,GCGAGTTGGTGGCAGTCTAT,0,445357
acrZp,0.3333333333333333,2,2,GCGAGTTGAGCCTTGTGCCT,0,461505
acrZp,0.3333333333333333,2,2,GCGAGACTCCTGTTACCTGG,0,451629
acrZp,0.3333333333333333,2,2,GCGACGCTGTATCTGTCAGG,0,457307
acrZp,0.3333333333333333,2,2,GCGACGATAGCGGTAACGTC,0,411658
acrZp,0.3333333333333333,2,2,GCGACGAGCAGCGGGGTAAA,0,451394
acrZp,0.3333333333333333,2,2,GCGACAAGCGCAGTGGGGAG,0,409708
acrZp,0.3333333333333333,2,2,GCGAAGAGATGCATCCTTTC,0,435719
acrZp,0.3333333333333333,2,2,GCGAACCAGCAGTCTTCATC,0,437956
acrZp,0.3333333333333333,2,2,GCCTTTGGGGATAGGCAGTT,0,465853
acrZp,0.3333333333333333,2,2,GCCTTGTTGGACACAGGCTA,0,425707
acrZp,0.3333333333333333,2,2,GCCTTGGAAACCATATCCCG,0,435494
acrZp,0.3333333333333333,2,2,GCCTTGATTTTGTACAACCT,0,417006
acrZp,0.3333333333333333,2,2,GCCTTAGTGTGAAAGGCACC,0,417204
acrZp,0.3333333333333333,2,2,GCCTGCGCACGCGTAAATAT,0,413740
acrZp,0.3333333333333333,2,2,GCCTAGTCCCGCAACTCTCT,0,415909
acrZp,0.3333333333333333,2,2,GCCTAGGTTTGAGAGACGTG,0,433956
acrZp,0.3333333333333333,2,2,GCCTAAATATATACACTCGA,0,433024
acrZp,0.3333333333333333,2,2,GCCGTGAACAATTAGAAACT,0,423034
acrZp,0.3333333333333333,2,2,GCCGGTCTACCCATATTTTT,0,460175
acrZp,0.3333333333333333,2,2,GCCGGGATCCTGCGAGACGT,0,465021
acrZp,0.3333333333333333,2,2,GCCGGCGGCAACTGTGAAAT,0,440213
acrZp,0.3333333333333333,2,2,GCCGCCTATCGTCCAATATT,0,466442
acrZp,0.3333333333333333,2,2,GCCGCCCGGTTAAAGGCTCA,0,455104
acrZp,0.3333333333333333,2,2,GCCGCACTTTCGAAGCAAAG,0,419259
acrZp,0.3333333333333333,2,2,GCCGAAACCCCCAGCAAGTT,0,457925
acrZp,0.3333333333333333,2,2,GCCCTGATCTGAGACGAGAC,0,450016
acrZp,0.3333333333333333,2,2,GCCCTAGCGCGTCATTCTGG,0,460655
acrZp,0.3333333333333333,2,2,GCCCCTACCGAACCCGAGAA,0,429579
acrZp,0.3333333333333333,2,2,GCCCCACCGAGACAGGCGTT,0,435258
acrZp,0.3333333333333333,2,2,GCCCACTCGACGGCAAGTCT,0,424076
acrZp,0.3333333333333333,2,2,GCCCACCCGTCTGGCTTGTA,0,445235
acrZp,0.3333333333333333,2,2,GCCAGGCGGTGACTGCTCAT,0,464993
acrZp,0.3333333333333333,2,2,GCCAGCGGAGTTAAATCTCC,0,450986
acrZp,0.3333333333333333,2,2,GCCACTATGCCAAATTTCTC,0,436526
acrZp,0.3333333333333333,2,2,GCCACAAGGCCGAACACCGT,0,447764
acrZp,0.3333333333333333,2,2,GCCAAGCCTGAACAATCGGG,0,427612
acrZp,0.3333333333333333,2,2,GCCAACGCAGTGGGATCTTT,0,433646
acrZp,0.3333333333333333,2,2,GCCAAATGCGTAGATTTGCC,0,418927
acrZp,0.3333333333333333,2,2,GCATTTTATCGTTGAGTGGG,0,410213
acrZp,0.3333333333333333,2,2,GCATTGTTCGTGACGCGGGG,0,453082
acrZp,0.3333333333333333,2,2,GCATTGGTCGGCTGATGCGA,0,429534
acrZp,0.3333333333333333,2,2,GCATCTTCACGTAGCCTAGG,0,429786
acrZp,0.3333333333333333,2,2,GCATCTGCCTTCACACGCAG,0,462505
acrZp,0.3333333333333333,2,2,GCATCTCACTCATCCGGCTC,0,410711
acrZp,0.3333333333333333,2,2,GCATCCCGCTGCATGATGCT,0,424872
acrZp,0.3333333333333333,2,2,GCATCATGACTCGTTACTGA,0,431386
acrZp,0.3333333333333333,2,2,GCATATCAGATGAGAAATTG,0,445229
acrZp,0.3333333333333333,2,2,GCATACTATATGCCACTACC,0,463974
acrZp,0.3333333333333333,2,2,GCAGTTGCACTTATCTCTAC,0,455658
acrZp,0.3333333333333333,2,2,GCAGGTCTTAACGCATACGT,0,429041
acrZp,0.3333333333333333,2,2,GCAGGTACTCAGGTTGGTAT,0,430815
acrZp,0.3333333333333333,2,2,GCAGGGGCGGTACGCAGCCC,0,440515
acrZp,0.3333333333333333,2,2,GCAGGCCTAGACATCCGACC,0,412125
acrZp,0.3333333333333333,2,2,GCAGGAAGGGGGCCCGTGTA,0,437481
acrZp,0.3333333333333333,2,2,GCAGAGAGCAAGGACTGATC,0,439328
acrZp,0.3333333333333333,2,2,GCACTTTCTGCCCAACCACT,0,410168
acrZp,0.3333333333333333,2,2,GCACTACCTAGCGGCCCCTG,0,436572
acrZp,0.3333333333333333,2,2,GCACGCTGGAAAAGCGTGGA,0,464036
acrZp,0.3333333333333333,2,2,GCACGCCTCATTCCGGGTCG,0,418806
acrZp,0.3333333333333333,2,2,GCACGATCGGTCTAAACGTA,0,428088
acrZp,0.3333333333333333,2,2,GCACGACGTCGCCAGGAACG,0,453784
acrZp,0.3333333333333333,2,2,GCACCTGGCTCGCGGAGGAT,0,454592
acrZp,0.3333333333333333,2,2,GCACAGGGTGCTGGTTAGCC,0,446533
acrZp,0.3333333333333333,2,2,GCACAAACTTTTAAGGAGAG,0,419832
acrZp,0.3333333333333333,2,2,GCAAGATTCACATGAAACAA,0,419243
acrZp,0.3333333333333333,2,2,GCAAGAGTGGCCGTATAATA,0,451449
acrZp,0.3333333333333333,2,2,GCAACCGGTTATCAGTAGGC,0,430750
acrZp,0.3333333333333333,2,2,GCAACATTGGACGTTGCTTG,0,421644
acrZp,0.3333333333333333,2,2,GCAACAGTACCATTAGACCA,0,424378
acrZp,0.3333333333333333,2,2,GCAACACGATGGATGAAGAC,0,423448
acrZp,0.3333333333333333,2,2,GCAAAGGTTCCGTACAAGAG,0,461273
acrZp,0.3333333333333333,2,2,GCAAACAGTAGCAACGTCAG,0,443242
acrZp,0.3333333333333333,2,2,GATTTTTCAGAGGGCCTAGT,0,426994
acrZp,0.3333333333333333,2,2,GATTTCCGGCGCGTACTCTA,0,441405
acrZp,0.3333333333333333,2,2,GATTTATAGGGGTAGGGCCT,0,417461
acrZp,0.3333333333333333,2,2,GATTGTCAAGAAAATAACAC,0,455362
acrZp,0.3333333333333333,2,2,GATTGTAGTTTAACCCAGCC,0,449938
acrZp,0.3333333333333333,2,2,GATTGCGTACGTGATCGCGT,0,412872
acrZp,0.3333333333333333,2,2,GATTCCAGGAATGAAGGGTA,0,409671
acrZp,0.3333333333333333,2,2,GATTATGGACAGTAACGTAG,0,448911
acrZp,0.3333333333333333,2,2,GATTAGACTGGGCGCACCGC,0,417917
acrZp,0.3333333333333333,2,2,GATGTTTATCCGCGCGAGCT,0,425150
acrZp,0.3333333333333333,2,2,GATGTATACAGACAAGAGGT,0,428046
acrZp,0.3333333333333333,2,2,GATGTACCGGTGAAGGCATG,0,449821
acrZp,0.3333333333333333,2,2,GATGGTTGGCATAGCGATAG,0,438462
acrZp,0.3333333333333333,2,2,GATGGGTGCGCGTCAGAATG,0,427287
acrZp,0.3333333333333333,2,2,GATGGATATCCAGCGCCGGG,0,448391
acrZp,0.3333333333333333,2,2,GATGCTTCCATTAGCAGCGC,0,458549
acrZp,0.3333333333333333,2,2,GATGCAGCGGCATATGCGTT,0,425651
acrZp,0.3333333333333333,2,2,GATGACTGGTTACACCCCTT,0,424830
acrZp,0.3333333333333333,2,2,GATGACCGTATTAGTCTCCA,0,460698
acrZp,0.3333333333333333,2,2,GATGAACCAGCTCCATCGCT,0,437856
acrZp,0.3333333333333333,2,2,GATGAAAAAAGAAGTGAGTT,0,453109
acrZp,0.3333333333333333,2,2,GATCTTTTTTATTAAGTGCC,0,421172
acrZp,0.3333333333333333,2,2,GATCTTCATACGAGTATCTA,0,455514
acrZp,0.3333333333333333,2,2,GATCTGGGCCACACCTGCTA,0,412348
acrZp,0.3333333333333333,2,2,GATCGCTGTAGCGGCAGATA,0,439219
acrZp,0.3333333333333333,2,2,GATCGAAAAAGGTGAATATA,0,413070
acrZp,0.3333333333333333,2,2,GATCCTACGATTTGAGACCT,0,413799
acrZp,0.3333333333333333,2,2,GATATTGCATAGTCTCGGTC,0,450474
acrZp,0.3333333333333333,2,2,GATATGTCTCATAACTCTCC,0,421546
acrZp,0.3333333333333333,2,2,GATATCCGCAACATGAGAAT,0,447566
acrZp,0.3333333333333333,2,2,GATACTAATTGAGTTTTGTT,0,448109
acrZp,0.3333333333333333,2,2,GATAATTGAGAGTCCCGACT,0,456582
acrZp,0.3333333333333333,2,2,GATAAGCGCCGATAGTGTTT,0,435445
acrZp,0.3333333333333333,2,2,GATAAGCCCTGAGTCCCCCG,0,417612
acrZp,0.3333333333333333,2,2,GAGTTTCGCTTCCTTGTGTA,0,432360
acrZp,0.3333333333333333,2,2,GAGTTGCGGAATGACGCACT,0,411120
acrZp,0.3333333333333333,2,2,GAGTGGACTAGTCTATTATC,0,414084
acrZp,0.3333333333333333,2,2,GAGTCGTAACGGATCAGATT,0,452013
acrZp,0.3333333333333333,2,2,GAGTCGCGTAGTACACAGCA,0,425747
acrZp,0.3333333333333333,2,2,GAGTATTAAAGTTTAGTTCG,0,418922
acrZp,0.3333333333333333,2,2,GAGTAGAGAGAGTCTAAGAC,0,442390
acrZp,0.3333333333333333,2,2,GAGTACATGGAGACCCACGT,0,467336
acrZp,0.3333333333333333,2,2,GAGGTTTTACGCGTTGGGGG,0,413358
acrZp,0.3333333333333333,2,2,GAGGGGTCGCGATTTAGACC,0,422440
acrZp,0.3333333333333333,2,2,GAGGGCAGGCCGTGAAACAA,0,452634
acrZp,0.3333333333333333,2,2,GAGGCCTTGAGATTTGACGG,0,408979
acrZp,0.3333333333333333,2,2,GAGGAGGACCATAGCTCAAA,0,419186
acrZp,0.3333333333333333,2,2,GAGGAGCTAATGTGGCAAAC,0,434448
acrZp,0.3333333333333333,2,2,GAGGACGATACGCCTAGACT,0,433240
acrZp,0.3333333333333333,2,2,GAGGAACATGAATGCTGAGG,0,426097
acrZp,0.3333333333333333,2,2,GAGCTCGACATTTCGGTTTC,0,458608
acrZp,0.3333333333333333,2,2,GAGCTATGGTGCCCTGAATA,0,420109
acrZp,0.3333333333333333,2,2,GAGCGTGTACGGTATCCGTA,0,451344
acrZp,0.3333333333333333,2,2,GAGCGTGAACAACTTCAGCT,0,434898
acrZp,0.3333333333333333,2,2,GAGCGTCGGTTTTATCTGAC,0,425868
acrZp,0.3333333333333333,2,2,GAGCGTCCTTTTATACGTTT,0,410846
acrZp,0.3333333333333333,2,2,GAGCGCGTACAAACCTACCC,0,444663
acrZp,0.3333333333333333,2,2,GAGCGACAACGGCGGCTTAT,0,431930
acrZp,0.3333333333333333,2,2,GAGCCCCTCCTGGGCGCCTA,0,417709
acrZp,0.3333333333333333,2,2,GAGCACTCTATTTCTCACCT,0,444462
acrZp,0.3333333333333333,2,2,GAGCACTACGTTTCTGGTAT,0,459007
acrZp,0.3333333333333333,2,2,GAGATTATGTCCACGGCTGT,0,433780
acrZp,0.3333333333333333,2,2,GAGATCCCAACATGGGTGGA,0,461623
acrZp,0.3333333333333333,2,2,GAGAGGCGTGGATGATGGGA,0,411730
acrZp,0.3333333333333333,2,2,GAGAGCCTGGGGGCGTGCTA,0,450960
acrZp,0.3333333333333333,2,2,GAGAGATTGTTATTCTCAGA,0,447067
acrZp,0.3333333333333333,2,2,GAGAAATTAAAGGATCATAA,0,410112
acrZp,0.3333333333333333,2,2,GAGAAACATCGAGCTAGAAG,0,437492
acrZp,0.3333333333333333,2,2,GACTTTGTATACAAGTGAGA,0,420261
acrZp,0.3333333333333333,2,2,GACTTGCGTTAGCCTGACTT,0,435186
acrZp,0.3333333333333333,2,2,GACTTCTGTGCTTGAGGTTC,0,434962
acrZp,0.3333333333333333,2,2,GACTTAGGCAAGAGACACCA,0,417663
acrZp,0.3333333333333333,2,2,GACTCCCCAACGTGCAGATT,0,409225
acrZp,0.3333333333333333,2,2,GACTAATTAAAGGCCAAAGC,0,419564
acrZp,0.3333333333333333,2,2,GACGTTTCCCATATAATAAT,0,457389
acrZp,0.3333333333333333,2,2,GACGTCCGCTATCTCAGGGA,0,438886
acrZp,0.3333333333333333,2,2,GACGGGCTTGGGTCGATTTG,0,452855
acrZp,0.3333333333333333,2,2,GACGCCGGCGGAGTGCCCTC,0,417806
acrZp,0.3333333333333333,2,2,GACGCAGTGACAGAAGCCAG,0,439817
acrZp,0.3333333333333333,2,2,GACGCAGCACCGCGGACTAT,0,430980
acrZp,0.3333333333333333,2,2,GACGACTGGCTGCATCATGT,0,415755
acrZp,0.3333333333333333,2,2,GACCTTGGAGATTCATGGGT,0,428867
acrZp,0.3333333333333333,2,2,GACCGGCGCTAGCGTAGATT,0,466016
acrZp,0.3333333333333333,2,2,GACCGAAGTCTGCTCTTAAT,0,424423
acrZp,0.3333333333333333,2,2,GACCCTCGAGGTAGATTTCT,0,412791
acrZp,0.3333333333333333,2,2,GACCCGACTACGCCAGGACC,0,449431
acrZp,0.3333333333333333,2,2,GACCATTCACTGTACTTCCT,0,452963
acrZp,0.3333333333333333,2,2,GACATCTCTGTAACAGGCTC,0,417614
acrZp,0.3333333333333333,2,2,GACATCCTGTATTCATTCCT,0,456500
acrZp,0.3333333333333333,2,2,GACAGCTGGACCGGTCTAGG,0,440255
acrZp,0.3333333333333333,2,2,GACAGCGCAATTGGAATGCG,0,463996
acrZp,0.3333333333333333,2,2,GACACTGGTATACGGCAGGC,0,409557
acrZp,0.3333333333333333,2,2,GACACGACAAGCTCCCCAAG,0,461458
acrZp,0.3333333333333333,2,2,GAATTCTCTGATCACGGCGT,0,436318
acrZp,0.3333333333333333,2,2,GAATTACAAGATATACTCCC,0,432537
acrZp,0.3333333333333333,2,2,GAATGACTAGAGCTCTGATG,0,433523
acrZp,0.3333333333333333,2,2,GAATCCTTCATTGATGAGAT,0,425188
acrZp,0.3333333333333333,2,2,GAATCCGTCGGGCGCGATCT,0,458459
acrZp,0.3333333333333333,2,2,GAATAGTTCAAGTCCACTAA,0,428506
acrZp,0.3333333333333333,2,2,GAATACGGCATTCTTAAAGT,0,420037
acrZp,0.3333333333333333,2,2,GAATACGGCAGCTGCATCAC,0,461943
acrZp,0.3333333333333333,2,2,GAAGTTGGACACGCGAACAG,0,422256
acrZp,0.3333333333333333,2,2,GAAGGGAGTATCAGTCTAAC,0,416715
acrZp,0.3333333333333333,2,2,GAAGCGCGTTGTAGTCCAGT,0,416554
acrZp,0.3333333333333333,2,2,GAAGCCAAACACTAAGAGAT,0,445446
acrZp,0.3333333333333333,2,2,GAAGATCAATGCAGTGACGT,0,422247
acrZp,0.3333333333333333,2,2,GAAGAACCGTCAAATCGCCA,0,417099
acrZp,0.3333333333333333,2,2,GAACTTAGCTAACAAGGCCT,0,416932
acrZp,0.3333333333333333,2,2,GAACTAGGGAGCTGTTCGGA,0,442684
acrZp,0.3333333333333333,2,2,GAACGCAACGGAACGGGCAC,0,411874
acrZp,0.3333333333333333,2,2,GAACCTTACAATTTTATCAG,0,427155
acrZp,0.3333333333333333,2,2,GAACCAAGGACGGGCTGCTC,0,448627
acrZp,0.3333333333333333,2,2,GAACAAGACAATAAGGCCTA,0,438846
acrZp,0.3333333333333333,2,2,GAAATGGAGATGAGTATTAG,0,434554
acrZp,0.3333333333333333,2,2,GAAACTTCCCCCATGATGAC,0,451445
acrZp,0.3333333333333333,2,2,GAAACCACAGCGTTGGTCGC,0,461191
acrZp,0.3333333333333333,2,2,GAAAATCCGGTATCTATTTA,0,448165
acrZp,0.3333333333333333,2,2,GAAAAGAGAGGGCTCGAATG,0,448962
acrZp,0.3333333333333333,2,2,GAAAAACTGTCGCCGTGTGT,0,453322
acrZp,0.3333333333333333,2,2,CTTTTGTAGAGGGGCCAGCC,0,466410
acrZp,0.3333333333333333,2,2,CTTTTGGAACGTTTCTAGCC,0,465279
acrZp,0.3333333333333333,2,2,CTTTTGAGCCCGCGCGGGTT,0,463552
acrZp,0.3333333333333333,2,2,CTTTGCAAGAGCCTACAGGG,0,456076
acrZp,0.3333333333333333,2,2,CTTTGACGACATCACAATTT,0,461275
acrZp,0.3333333333333333,2,2,CTTTCGTCATCGGGGAATGG,0,410969
acrZp,0.3333333333333333,2,2,CTTTCCCGTCCAGCTGGTGG,0,447618
acrZp,0.3333333333333333,2,2,CTTTAGCCCCTTCAAAGGTT,0,410440
acrZp,0.3333333333333333,2,2,CTTTACGGTCCATATGCCTT,0,455518
acrZp,0.3333333333333333,2,2,CTTGTGTCTCTTCCCGTATG,0,447677
acrZp,0.3333333333333333,2,2,CTTGTCGGTGTACTTACCCG,0,423774
acrZp,0.3333333333333333,2,2,CTTGGCGTTTCAAGTACGGC,0,442054
acrZp,0.3333333333333333,2,2,CTTGAATCCTGGCTGCGTGG,0,410222
acrZp,0.3333333333333333,2,2,CTTCTCCGAACGGCACTTCG,0,449355
acrZp,0.3333333333333333,2,2,CTTCGGACCGCGCTGGTTCG,0,448007
acrZp,0.3333333333333333,2,2,CTTCATGCTCCGTCTGGAGA,0,416636
acrZp,0.3333333333333333,2,2,CTTCACTTTCTTATACTTTT,0,450941
acrZp,0.3333333333333333,2,2,CTTCACGCCCGTACTTTGCA,0,444967
acrZp,0.3333333333333333,2,2,CTTCACATCGTGCGGCATGT,0,460877
acrZp,0.3333333333333333,2,2,CTTATGCATGTAGAGAAATG,0,461958
acrZp,0.3333333333333333,2,2,CTTAGGCAGCAATAAGAGTA,0,457426
acrZp,0.3333333333333333,2,2,CTTAGCCGCCAGCCTCATCA,0,426669
acrZp,0.3333333333333333,2,2,CTTAGATACGAGGTCAGGCG,0,431916
acrZp,0.3333333333333333,2,2,CTTAGACCCGTTGCAGTCGG,0,461685
acrZp,0.3333333333333333,2,2,CTTAACCGGCAGATAGCTGG,0,413597
acrZp,0.3333333333333333,2,2,CTTAAAGCGCCAGTACAAGA,0,416242
acrZp,0.3333333333333333,2,2,CTGTGTATAAAGTTTTTTTG,0,411834
acrZp,0.3333333333333333,2,2,CTGTGGTGTGCATTTGGCCG,0,418863
acrZp,0.3333333333333333,2,2,CTGTGGTCAGGGCAAGACAA,0,420545
acrZp,0.3333333333333333,2,2,CTGTGGAGTTCCAAATCTCA,0,438617
acrZp,0.3333333333333333,2,2,CTGTGCAACGACCGCCTTTC,0,430609
acrZp,0.3333333333333333,2,2,CTGTCTGATGTGCCGCGGAA,0,441034
acrZp,0.3333333333333333,2,2,CTGTCGTGGCTGGCGCGATC,0,455302
acrZp,0.3333333333333333,2,2,CTGTCGAAATTAAAGAGAAC,0,411224
acrZp,0.3333333333333333,2,2,CTGTCCGGAGCCTAGATCGC,0,466885
acrZp,0.3333333333333333,2,2,CTGTCCCACGCTCGTGATTA,0,456609
acrZp,0.3333333333333333,2,2,CTGTCACCCGAGTTGGAAAA,0,418518
acrZp,0.3333333333333333,2,2,CTGTAGACTCTGTGTCGCAT,0,424722
acrZp,0.3333333333333333,2,2,CTGGTGCTCGCAGCAAATTT,0,464058
acrZp,0.3333333333333333,2,2,CTGGTCTTACCCGCACAAAT,0,444227
acrZp,0.3333333333333333,2,2,CTGGTCATCCTAAGTATCTC,0,431523
acrZp,0.3333333333333333,2,2,CTGGTAGGGGTCAAATATAT,0,463250
acrZp,0.3333333333333333,2,2,CTGGTAAGTCTACGTCAAAC,0,428913
acrZp,0.3333333333333333,2,2,CTGGGGTCGAAGTCGATCGT,0,456870
acrZp,0.3333333333333333,2,2,CTGGGCCAGCGTTATAGAAA,0,411476
acrZp,0.3333333333333333,2,2,CTGGAATTGACCGGGCGCCC,0,465869
acrZp,0.3333333333333333,2,2,CTGGAACTGTCCCGACGGGA,0,420439
acrZp,0.3333333333333333,2,2,CTGGAACCTGAGAGCGAGCC,0,430276
acrZp,0.3333333333333333,2,2,CTGCGTTCAAGACAAGCACA,0,435874
acrZp,0.3333333333333333,2,2,CTGCGTCCCAGAGGGTGGAA,0,436358
acrZp,0.3333333333333333,2,2,CTGCGGTATGTAGTTAACTG,0,451973
acrZp,0.3333333333333333,2,2,CTGCGCGATACCCGATGCAA,0,447483
acrZp,0.3333333333333333,2,2,CTGCCCGTTACCTGTATACG,0,443796
acrZp,0.3333333333333333,2,2,CTGATGGACGGGGATTCGGA,0,459849
acrZp,0.3333333333333333,2,2,CTGATCTCACACGAGTACAG,0,440673
acrZp,0.3333333333333333,2,2,CTGAGGATCACCTGTGTAAC,0,414667
acrZp,0.3333333333333333,2,2,CTGACTTCCCGGTACGAACG,0,442984
acrZp,0.3333333333333333,2,2,CTGACATCAGAAAGGGTTTT,0,451993
acrZp,0.3333333333333333,2,2,CTCTATTCCAATTAGGTGGT,0,435423
acrZp,0.3333333333333333,2,2,CTCTACCTTGTGGGGTCACC,0,448539
acrZp,0.3333333333333333,2,2,CTCGTTGATCGTCGCATGGA,0,441774
acrZp,0.3333333333333333,2,2,CTCGTGTTGACGAGCGGTGC,0,417009
acrZp,0.3333333333333333,2,2,CTCGTGTGCCTGTGGACTAC,0,409669
acrZp,0.3333333333333333,2,2,CTCGTCCTCGTCGGGGGTGT,0,449683
acrZp,0.3333333333333333,2,2,CTCGGTTCTCTAGCTTAATG,0,442346
acrZp,0.3333333333333333,2,2,CTCGGGCTTGTGTAGTCCGT,0,426572
acrZp,0.3333333333333333,2,2,CTCGGAACCCAGACTGAGGT,0,419799
acrZp,0.3333333333333333,2,2,CTCGCGGTGGGGTTACTAAT,0,466305
acrZp,0.3333333333333333,2,2,CTCGCGATCGCTAGGAAGTC,0,434121
acrZp,0.3333333333333333,2,2,CTCGAGTGCGATGAAGCAGT,0,448451
acrZp,0.3333333333333333,2,2,CTCGAATTACTGGGTGCTTA,0,437372
acrZp,0.3333333333333333,2,2,CTCCTTCACCCCTGCGAACC,0,421923
acrZp,0.3333333333333333,2,2,CTCCGGTTTGCCAACGTCGC,0,432449
acrZp,0.3333333333333333,2,2,CTCCGGGCTTGGACCCGCAT,0,451010
acrZp,0.3333333333333333,2,2,CTCCGCATAGTCAAGATGAT,0,467411
acrZp,0.3333333333333333,2,2,CTCCCTGGTTCTTTCACACC,0,433767
acrZp,0.3333333333333333,2,2,CTCCCCAGGGGTCACATGGA,0,424953
acrZp,0.3333333333333333,2,2,CTCCCACACGACGGTCATTC,0,448168
acrZp,0.3333333333333333,2,2,CTCCACGTCTTGCCTAACGG,0,409975
acrZp,0.3333333333333333,2,2,CTCATCGGTTTTCTAGAGGA,0,421655
acrZp,0.3333333333333333,2,2,CTCATCGCCAGAAGGACTTT,0,426066
acrZp,0.3333333333333333,2,2,CTCATAGGCTCACGTGAAAT,0,426864
acrZp,0.3333333333333333,2,2,CTCAGTTTTAACTTCTACCG,0,423836
acrZp,0.3333333333333333,2,2,CTCAGTTCTAGCTTGTACTG,0,415322
acrZp,0.3333333333333333,2,2,CTCACCATCGGGGAGGATAC,0,445301
acrZp,0.3333333333333333,2,2,CTCAATGTACTGGAAACCTT,0,434684
acrZp,0.3333333333333333,2,2,CTCAACGGATGCGCTTGATG,0,421647
acrZp,0.3333333333333333,2,2,CTCAAAGGTCTGAAGCCTAA,0,435265
acrZp,0.3333333333333333,2,2,CTCAAAATACGCAAAACAAT,0,412149
acrZp,0.3333333333333333,2,2,CTATTCTGGGTGTTAAGGGA,0,436027
acrZp,0.3333333333333333,2,2,CTATGGGGGATTTAAGGTGC,0,436674
acrZp,0.3333333333333333,2,2,CTATCGTGAGGGGCGGGGAC,0,415615
acrZp,0.3333333333333333,2,2,CTATCGGTTGTCAACCGTAG,0,415631
acrZp,0.3333333333333333,2,2,CTATCCTTCTGTTATTTTCC,0,463334
acrZp,0.3333333333333333,2,2,CTATAATCGTAGACCGAGTA,0,451186
acrZp,0.3333333333333333,2,2,CTAGTGTTCGCAGGCAGTAT,0,416219
acrZp,0.3333333333333333,2,2,CTAGTGCGAGAGCGTAAAAG,0,411586
acrZp,0.3333333333333333,2,2,CTAGTGAAAACATTGCCTCG,0,430230
acrZp,0.3333333333333333,2,2,CTAGTCATTAAAACAATGTG,0,446092
acrZp,0.3333333333333333,2,2,CTAGCGTAAAACTAATCGGT,0,418373
acrZp,0.3333333333333333,2,2,CTAGAGCTTATCGACGACTT,0,440159
acrZp,0.3333333333333333,2,2,CTAGACACTTGGACCACCCC,0,416507
acrZp,0.3333333333333333,2,2,CTACTAGGTAAAGTAACAGA,0,443555
acrZp,0.3333333333333333,2,2,CTACGTTTCGCAATCCTTGT,0,438221
acrZp,0.3333333333333333,2,2,CTACGTTGTCCATGCTTAAA,0,413845
acrZp,0.3333333333333333,2,2,CTACGTTGACAGCTATGCTA,0,409070
acrZp,0.3333333333333333,2,2,CTACGGGTGTCCTCAGGAAG,0,414287
acrZp,0.3333333333333333,2,2,CTACGCTAATGAGCCGTACG,0,464809
acrZp,0.3333333333333333,2,2,CTACGAGAGCAGTAAGGCTT,0,421367
acrZp,0.3333333333333333,2,2,CTACCCTCGCGAGATGAAGT,0,409029
acrZp,0.3333333333333333,2,2,CTACCACGTGTACCCACGTA,0,429439
acrZp,0.3333333333333333,2,2,CTACATTCGTGCAATGGATA,0,461818
acrZp,0.3333333333333333,2,2,CTACATTCATGCAATTGAAA,0,432677
acrZp,0.3333333333333333,2,2,CTACATGAACGTTCGGACCC,0,415623
acrZp,0.3333333333333333,2,2,CTAATTTCCTATGACCACTT,0,465612
acrZp,0.3333333333333333,2,2,CTAATGGCGATACGTTCAGG,0,412911
acrZp,0.3333333333333333,2,2,CTAATCCCTCCAATGACACT,0,408691
acrZp,0.3333333333333333,2,2,CTAAGTGGGTAAAGCTTTGA,0,437588
acrZp,0.3333333333333333,2,2,CTAAGGGACTTTCGTGTACA,0,439698
acrZp,0.3333333333333333,2,2,CTAAGGATGGTAACCGGGCT,0,455929
acrZp,0.3333333333333333,2,2,CTAAGAGTCGCTCTAGGGGT,0,429671
acrZp,0.3333333333333333,2,2,CTAACGTCCGCTTTGATGTG,0,456177
acrZp,0.3333333333333333,2,2,CTAAAGTCGAAAAGTGGATG,0,416134
acrZp,0.3333333333333333,2,2,CTAAACTTAGAAGGACCCGA,0,424928
acrZp,0.3333333333333333,2,2,CTAAAACTCATATTCAGTCA,0,420887
acrZp,0.3333333333333333,2,2,CGTTTTTCGTTGTGCGGAGT,0,430755
acrZp,0.3333333333333333,2,2,CGTTTCATAAAGGTGACATT,0,442020
acrZp,0.3333333333333333,2,2,CGTTCTTCCCCACGTATGCA,0,425025
acrZp,0.3333333333333333,2,2,CGTTCGCTTGCGTCTCAGAA,0,464815
acrZp,0.3333333333333333,2,2,CGTTCGATTCAGCGCTCGTG,0,421210
acrZp,0.3333333333333333,2,2,CGTTCCGAATAATCCGAAAG,0,455931
acrZp,0.3333333333333333,2,2,CGTTAGGGCGGGCCTCAGAT,0,438621
acrZp,0.3333333333333333,2,2,CGTTACGCTCCAAACCGGAT,0,432410
acrZp,0.3333333333333333,2,2,CGTGTTCTCTAGGCCTTAAC,0,409057
acrZp,0.3333333333333333,2,2,CGTGTGAAGCCTCGAGATCG,0,432773
acrZp,0.3333333333333333,2,2,CGTGGGTTATTAAGGAGGCA,0,434434
acrZp,0.3333333333333333,2,2,CGTGCTCTGGAATCCGGAAG,0,453085
acrZp,0.3333333333333333,2,2,CGTGCCCTAGATGTCATGGA,0,416619
acrZp,0.3333333333333333,2,2,CGTGAAAGACACGCATGCCT,0,461618
acrZp,0.3333333333333333,2,2,CGTCTCTAAGATTCGGAAAC,0,412943
acrZp,0.3333333333333333,2,2,CGTCGTACAGGTTTATTCCA,0,453974
acrZp,0.3333333333333333,2,2,CGTCATTTGGTCGGCAGGGC,0,428391
acrZp,0.3333333333333333,2,2,CGTATGCACCGGGAAGTTAG,0,423773
acrZp,0.3333333333333333,2,2,CGTATGATAACGTGCGTGCC,0,446129
acrZp,0.3333333333333333,2,2,CGTAGTGCCTTTCAACTTCT,0,459429
acrZp,0.3333333333333333,2,2,CGTAGCGCTAAATATAGGCT,0,434188
acrZp,0.3333333333333333,2,2,CGTACTTGGTCGTCTTATAT,0,461058
acrZp,0.3333333333333333,2,2,CGTACGTCCGAAGTATCCCT,0,415546
acrZp,0.3333333333333333,2,2,CGTACGATTATCTGTAACAC,0,456689
acrZp,0.3333333333333333,2,2,CGTACCATGGTTGTCCAATC,0,458740
acrZp,0.3333333333333333,2,2,CGTAATTGTGGGAACTGCGA,0,441106
acrZp,0.3333333333333333,2,2,CGTAAGCGCAAGTCTACTAG,0,462499
acrZp,0.3333333333333333,2,2,CGTAACAACAGCCACCTGCA,0,438415
acrZp,0.3333333333333333,2,2,CGGTTTACGGAGCCAATCTC,0,448159
acrZp,0.3333333333333333,2,2,CGGTTGTGTGCGCCGTACGC,0,437289
acrZp,0.3333333333333333,2,2,CGGTTGTGGGCGCCTAGCCC,0,426606
acrZp,0.3333333333333333,2,2,CGGTTGTATAGAAAGGTCGT,0,428520
acrZp,0.3333333333333333,2,2,CGGTGGCTACGTTAGGGGTA,0,433790
acrZp,0.3333333333333333,2,2,CGGTGGCCATATACCGGATG,0,456312
acrZp,0.3333333333333333,2,2,CGGTGCTGTTTAACTGACAC,0,458320
acrZp,0.3333333333333333,2,2,CGGTGCTGTGTATACTCTTT,0,415317
acrZp,0.3333333333333333,2,2,CGGTGCTGATGTGCATTCTA,0,425947
acrZp,0.3333333333333333,2,2,CGGTGATTGCTAGGACGCTT,0,430028
acrZp,0.3333333333333333,2,2,CGGTGAGAGCTACAGACGGA,0,464267
acrZp,0.3333333333333333,2,2,CGGTCTCCTAAGTTGGACAT,0,440147
acrZp,0.3333333333333333,2,2,CGGTCATTTGAAACTCGTTA,0,417856
acrZp,0.3333333333333333,2,2,CGGTCAGACTACGCACCCCA,0,452738
acrZp,0.3333333333333333,2,2,CGGTACGGATGGTGGGTGAG,0,449916
acrZp,0.3333333333333333,2,2,CGGGTGCTGGCATCGCCCCA,0,409640
acrZp,0.3333333333333333,2,2,CGGGGTGGGTGAACGGTCTG,0,447286
acrZp,0.3333333333333333,2,2,CGGGGTCCCTATGGTCAAGG,0,449288
acrZp,0.3333333333333333,2,2,CGGGGCTCGACTGCTGATGT,0,456351
acrZp,0.3333333333333333,2,2,CGGGGCGATCGTCTAGGGCT,0,449587
acrZp,0.3333333333333333,2,2,CGGGCTTGATAAAACCAAGC,0,422088
acrZp,0.3333333333333333,2,2,CGGGCTAAACTCCAAGCCGC,0,417516
acrZp,0.3333333333333333,2,2,CGGGCGCGAGCGGTGGGGAT,0,418008
acrZp,0.3333333333333333,2,2,CGGGCGAGATCTTCGAGCTC,0,431296
acrZp,0.3333333333333333,2,2,CGGGCCAGGCGTTTATGAGG,0,462925
acrZp,0.3333333333333333,2,2,CGGGCATAACAAGTTTTAAT,0,413947
acrZp,0.3333333333333333,2,2,CGGGAGGATTCCTGGACTCC,0,438808
acrZp,0.3333333333333333,2,2,CGGGACCAGGGCAGATTAGG,0,452433
acrZp,0.3333333333333333,2,2,CGGCTTACGTGCCTGGGGGA,0,456826
acrZp,0.3333333333333333,2,2,CGGCTATTTTTTGATCCCGA,0,445703
acrZp,0.3333333333333333,2,2,CGGCTACTTGAGACCTATGT,0,435665
acrZp,0.3333333333333333,2,2,CGGCTAATAAGTATTACTCA,0,421054
acrZp,0.3333333333333333,2,2,CGGCCAATAGTAGCGAAATC,0,459058
acrZp,0.3333333333333333,2,2,CGGATTGAAAAGGATGGTGC,0,426841
acrZp,0.3333333333333333,2,2,CGGATATTTGATCACAGTCT,0,413794
acrZp,0.3333333333333333,2,2,CGGAGTGGGTTGGCTGAAAG,0,454847
acrZp,0.3333333333333333,2,2,CGGACGCCTTTAAGGAGACT,0,452147
acrZp,0.3333333333333333,2,2,CGGACCCCGTCGGAACGGGC,0,438751
acrZp,0.3333333333333333,2,2,CGGACAACGACGATACTGGG,0,454687
acrZp,0.3333333333333333,2,2,CGGACAACACGGTGTCTCCG,0,427693
acrZp,0.3333333333333333,2,2,CGGAATGCGCCGCTTGTAGA,0,454344
acrZp,0.3333333333333333,2,2,CGGAAGATTATAGTTTATCA,0,409268
acrZp,0.3333333333333333,2,2,CGGAACCCCTTATGCCCTCC,0,456546
acrZp,0.3333333333333333,2,2,CGGAACCAGAGCCACCCAGA,0,432320
acrZp,0.3333333333333333,2,2,CGCTTCTGACGGATGTAACG,0,423654
acrZp,0.3333333333333333,2,2,CGCTGGTATCATCCATACTA,0,443686
acrZp,0.3333333333333333,2,2,CGCTGGGATTTTGGATTCGG,0,451881
acrZp,0.3333333333333333,2,2,CGCTCGAGGTTTTAAGGGAA,0,444911
acrZp,0.3333333333333333,2,2,CGCTCCGGTGTGAACATGGT,0,451734
acrZp,0.3333333333333333,2,2,CGCTCCGGACCAAACTCCGG,0,460067
acrZp,0.3333333333333333,2,2,CGCTATGCAGTGGCGCATGT,0,439423
acrZp,0.3333333333333333,2,2,CGCTAGGATATTCGAGAAAC,0,415899
acrZp,0.3333333333333333,2,2,CGCTACGGACATGTATGAGT,0,439575
acrZp,0.3333333333333333,2,2,CGCTACAGTGCCAGAGCGGG,0,467749
acrZp,0.3333333333333333,2,2,CGCGGGACGCTGAAAAAGGA,0,444393
acrZp,0.3333333333333333,2,2,CGCGGCGTTACGCCGGTCCC,0,445754
acrZp,0.3333333333333333,2,2,CGCGGCACGGCTCTCGCGAT,0,438440
acrZp,0.3333333333333333,2,2,CGCGGATTCATTAAGGAGAC,0,452178
acrZp,0.3333333333333333,2,2,CGCGCTGTTTCGAAGCTGGT,0,455008
acrZp,0.3333333333333333,2,2,CGCGCTGGCGGTAGAAGAGT,0,439566
acrZp,0.3333333333333333,2,2,CGCGCGAGTCTCCATCGATG,0,434654
acrZp,0.3333333333333333,2,2,CGCGCGAATCCCCTCCGCGC,0,450343
acrZp,0.3333333333333333,2,2,CGCGCCTATACTCCGCTAAT,0,410834
acrZp,0.3333333333333333,2,2,CGCGCCCCCCCCGTCTCACA,0,440012
acrZp,0.3333333333333333,2,2,CGCGAGACCGACTAGGCTCA,0,428705
acrZp,0.3333333333333333,2,2,CGCCTTCATAACTTATCGCT,0,438381
acrZp,0.3333333333333333,2,2,CGCCTATCGTTTCTGGCCAT,0,444869
acrZp,0.3333333333333333,2,2,CGCCTATAATAGCAAAACCC,0,444687
acrZp,0.3333333333333333,2,2,CGCCGGAAACTAGGGGGCTT,0,430106
acrZp,0.3333333333333333,2,2,CGCCGCACCCTGTGGATAAC,0,449809
acrZp,0.3333333333333333,2,2,CGCCGCAAGCAGTCTGCCAC,0,443860
acrZp,0.3333333333333333,2,2,CGCCAGAGGTTCGACGTGCA,0,412433
acrZp,0.3333333333333333,2,2,CGCATTGATAAAATGATACT,0,454117
acrZp,0.3333333333333333,2,2,CGCAGGGGCTGTTACGCACA,0,458033
acrZp,0.3333333333333333,2,2,CGCAGCGGAGGTAGCGATCA,0,436588
acrZp,0.3333333333333333,2,2,CGCACTAAGGCTGGACACGC,0,419760
acrZp,0.3333333333333333,2,2,CGCACTAAAAGCCGGACTAT,0,412523
acrZp,0.3333333333333333,2,2,CGCACGTATGCCTCCCACCG,0,422046
acrZp,0.3333333333333333,2,2,CGCAATTATCATCTTGCCTG,0,432684
acrZp,0.3333333333333333,2,2,CGCAAGGGGCACCTAGATGT,0,433210
acrZp,0.3333333333333333,2,2,CGATTACTTCCCTGCACGCG,0,426598
acrZp,0.3333333333333333,2,2,CGATGGGTCGGTGAATAAAT,0,444439
acrZp,0.3333333333333333,2,2,CGATGGCTCTTAAGGGACCC,0,409609
acrZp,0.3333333333333333,2,2,CGATGGCGGTGGTCTCGATA,0,411034
acrZp,0.3333333333333333,2,2,CGATGCCACGAGAACGTTAC,0,449586
acrZp,0.3333333333333333,2,2,CGATCGTTGCGCACAGATGT,0,447804
acrZp,0.3333333333333333,2,2,CGATCGTTAGGGGTACGGGG,0,414107
acrZp,0.3333333333333333,2,2,CGATATAGACACCGCATTGT,0,434016
acrZp,0.3333333333333333,2,2,CGATAGTTCATACTAAAGAA,0,448730
acrZp,0.3333333333333333,2,2,CGATACTCTCTCGTATAGAT,0,417777
acrZp,0.3333333333333333,2,2,CGATACTCGCTTCATGGAGA,0,443496
acrZp,0.3333333333333333,2,2,CGATACTCACCCAGTTGAGT,0,454567
acrZp,0.3333333333333333,2,2,CGAGTTATGGTTGAAAAGTA,0,434526
acrZp,0.3333333333333333,2,2,CGAGTCATCCTTTTTTGTTG,0,445484
acrZp,0.3333333333333333,2,2,CGAGCTGAGATTTGGAGTTC,0,426369
acrZp,0.3333333333333333,2,2,CGAGAGTCCCTATTGTGACC,0,455131
acrZp,0.3333333333333333,2,2,CGACTCTGAACTATTTGGTC,0,449019
acrZp,0.3333333333333333,2,2,CGACTACGGTGGCAGTATAA,0,463890
acrZp,0.3333333333333333,2,2,CGACGGTACTCCGGACCTTT,0,415274
acrZp,0.3333333333333333,2,2,CGACGGCGTGTGGGAGCTAT,0,453962
acrZp,0.3333333333333333,2,2,CGACCTTCTGTGGACTGAGG,0,460994
acrZp,0.3333333333333333,2,2,CGACCTTAGCCGGGCGATTC,0,419683
acrZp,0.3333333333333333,2,2,CGACCGACGTGTCTTTTCCC,0,433293
acrZp,0.3333333333333333,2,2,CGACATTGGTTACTATGCGC,0,458941
acrZp,0.3333333333333333,2,2,CGACACGTGCCGTTAGGCTA,0,440923
acrZp,0.3333333333333333,2,2,CGACACCAGTCGTTGGCAAT,0,460492
acrZp,0.3333333333333333,2,2,CGACAATAAGGCTATAAGAA,0,462926
acrZp,0.3333333333333333,2,2,CGAATTACTTGGGTGTACGC,0,420270
acrZp,0.3333333333333333,2,2,CGAATGTAGACATTAATTCT,0,417040
acrZp,0.3333333333333333,2,2,CGAATCTGGTAGGGTACTTC,0,419170
acrZp,0.3333333333333333,2,2,CGAAGTGCAGGCCTAGGCAG,0,417707
acrZp,0.3333333333333333,2,2,CGAAGATCGCCCTATATCCG,0,410604
acrZp,0.3333333333333333,2,2,CGAAATTCTGCGCTGTACGA,0,463770
acrZp,0.3333333333333333,2,2,CGAAATGGTTCCCTGGTTTG,0,434638
acrZp,0.3333333333333333,2,2,CGAAAGTGAGTCGTCATACA,0,458996
acrZp,0.3333333333333333,2,2,CGAAAATACGCAGCAAACAT,0,460811
acrZp,0.3333333333333333,2,2,CCTTTGCAAAAACTTCTGCG,0,453193
acrZp,0.3333333333333333,2,2,CCTTTATGGCAGGAAGCTTG,0,423956
acrZp,0.3333333333333333,2,2,CCTTGCCGTAGGGCCGGAAG,0,463013
acrZp,0.3333333333333333,2,2,CCTTGAGATGGTGTCCCAAC,0,452095
acrZp,0.3333333333333333,2,2,CCTTGACTGCGCCGCCTAGA,0,441047
acrZp,0.3333333333333333,2,2,CCTTGACTGAGACCTTAGAC,0,437705
acrZp,0.3333333333333333,2,2,CCTTCCGGCTAGGGTCGGGT,0,428493
acrZp,0.3333333333333333,2,2,CCTTAGCAGAGCTTTGTCTC,0,440010
acrZp,0.3333333333333333,2,2,CCTTAACTTGCTTTACAGAC,0,447791
acrZp,0.3333333333333333,2,2,CCTGTGATGGCGACCCCTTT,0,431585
acrZp,0.3333333333333333,2,2,CCTGGTACAGCATCGTCCAT,0,409145
acrZp,0.3333333333333333,2,2,CCTGGGCCTAGCAGAAAGCG,0,409657
acrZp,0.3333333333333333,2,2,CCTGCTACGCGGACCCGCAG,0,460237
acrZp,0.3333333333333333,2,2,CCTGCCAGGTGATACCTGGC,0,447555
acrZp,0.3333333333333333,2,2,CCTGCAGCCAGCAATGGCGG,0,448802
acrZp,0.3333333333333333,2,2,CCTGCACGCCGGGCCTACGA,0,459706
acrZp,0.3333333333333333,2,2,CCTGAGGCACGCTAAGTGTA,0,454374
acrZp,0.3333333333333333,2,2,CCTCTGGAGACTGGTCTTCG,0,440291
acrZp,0.3333333333333333,2,2,CCTCTCGGCCACAGCATAGT,0,452397
acrZp,0.3333333333333333,2,2,CCTCCTCGCAACGGTGCTAT,0,437737
acrZp,0.3333333333333333,2,2,CCTCCGTCGGGATCGGTTCA,0,416611
acrZp,0.3333333333333333,2,2,CCTATGGGCTGATGCTGCGT,0,413425
acrZp,0.3333333333333333,2,2,CCTATCCAAAGGTAAGGGTC,0,425267
acrZp,0.3333333333333333,2,2,CCTAGTTATCTATCGGTATA,0,435388
acrZp,0.3333333333333333,2,2,CCTAGGAAAACTTTCCGGTT,0,467101
acrZp,0.3333333333333333,2,2,CCTACTGTGGTAACTAAACA,0,464420
acrZp,0.3333333333333333,2,2,CCTACCTCTTGAGGCATGAC,0,416485
acrZp,0.3333333333333333,2,2,CCTACAGGCCGAAAAGGATC,0,433768
acrZp,0.3333333333333333,2,2,CCTAAGCGTATCTTGCCTAA,0,461483
acrZp,0.3333333333333333,2,2,CCTAACACTGGCTTTCGCAA,0,464549
acrZp,0.3333333333333333,2,2,CCGTTTGCCAAGTTAGCACA,0,431427
acrZp,0.3333333333333333,2,2,CCGTTTCGGTGGTCTGGGAA,0,421752
acrZp,0.3333333333333333,2,2,CCGTTGCAATAACTGTAGTG,0,449544
acrZp,0.3333333333333333,2,2,CCGTTCGTTGTGCCTAAATT,0,451120
acrZp,0.3333333333333333,2,2,CCGTGTTCTTTACTACCCTT,0,426554
acrZp,0.3333333333333333,2,2,CCGTGGTGCGACCGGGTGCT,0,465621
acrZp,0.3333333333333333,2,2,CCGTGGGAATCCGTGCAGGG,0,460988
acrZp,0.3333333333333333,2,2,CCGTGGCCCGTGAGATCCGG,0,420100
acrZp,0.3333333333333333,2,2,CCGTCTTTAATGTCATTTCT,0,459105
acrZp,0.3333333333333333,2,2,CCGTCCTTTGGCACATATAA,0,438572
acrZp,0.3333333333333333,2,2,CCGTCCCAGACGAGGACCAG,0,431683
acrZp,0.3333333333333333,2,2,CCGTCCCAGAAGAGGCCAAG,0,425334
acrZp,0.3333333333333333,2,2,CCGTCATCACTGTCAAGCCT,0,426698
acrZp,0.3333333333333333,2,2,CCGTAGTGGCCAGGGTAGCC,0,436206
acrZp,0.3333333333333333,2,2,CCGTAGGGTGGACTACTAAC,0,459095
acrZp,0.3333333333333333,2,2,CCGTACGGCAGCAGATCCCC,0,410477
acrZp,0.3333333333333333,2,2,CCGTAACGCGGTGCAGATAT,0,451276
acrZp,0.3333333333333333,2,2,CCGTAAATGTATCCGGAGCC,0,464522
acrZp,0.3333333333333333,2,2,CCGGTTAGATCGGGGAATTT,0,465766
acrZp,0.3333333333333333,2,2,CCGGTCGAGGCATCGCAATT,0,439381
acrZp,0.3333333333333333,2,2,CCGGTAATCAAGAGATCTCG,0,419616
acrZp,0.3333333333333333,2,2,CCGGTAATACGCTGGAGTGT,0,424357
acrZp,0.3333333333333333,2,2,CCGGTAAAGAGTTGAAAATA,0,429300
acrZp,0.3333333333333333,2,2,CCGGGCGCTGGAGACTACGT,0,436547
acrZp,0.3333333333333333,2,2,CCGGCAAGGACGCTAGGGAA,0,433383
acrZp,0.3333333333333333,2,2,CCGGCAAGGACAATCGAAGA,0,417672
acrZp,0.3333333333333333,2,2,CCGGATAGTAGTCAAAGAGC,0,434329
acrZp,0.3333333333333333,2,2,CCGGAGGCTTGTTAAAACAC,0,427014
acrZp,0.3333333333333333,2,2,CCGGAAATACCCAGTCTGAA,0,415012
acrZp,0.3333333333333333,2,2,CCGCTGACTTTTATCTTGTA,0,417263
acrZp,0.3333333333333333,2,2,CCGCTGACTAGGTAAGGCTT,0,413309
acrZp,0.3333333333333333,2,2,CCGCGCACAGATCGGAGTAA,0,413627
acrZp,0.3333333333333333,2,2,CCGCCTGTGACAGAAACGTC,0,416161
acrZp,0.3333333333333333,2,2,CCGCCGCTTGATGACGTGTA,0,415893
acrZp,0.3333333333333333,2,2,CCGCAGGTCCAGAGTACGCT,0,437040
acrZp,0.3333333333333333,2,2,CCGCAGGCACCAGCCCTAGA,0,459467
acrZp,0.3333333333333333,2,2,CCGCACTGATTACAGTATCC,0,414530
acrZp,0.3333333333333333,2,2,CCGATTACCGATAAGATTGC,0,459577
acrZp,0.3333333333333333,2,2,CCGATCGTCGCAACCATGTC,0,441009
acrZp,0.3333333333333333,2,2,CCGACTGCTCAGGGAGGTAT,0,441951
acrZp,0.3333333333333333,2,2,CCGACCTCTTCTGTCTACAG,0,463522
acrZp,0.3333333333333333,2,2,CCGACCGACTCGTAAGTCTA,0,452744
acrZp,0.3333333333333333,2,2,CCGACCAACACCTTGGTTCA,0,460656
acrZp,0.3333333333333333,2,2,CCGAATAAACACTAATGAGA,0,418706
acrZp,0.3333333333333333,2,2,CCCGTTATTGTCTCGTTGCG,0,442775
acrZp,0.3333333333333333,2,2,CCCGTGGGACAAGAGATTGT,0,429721
acrZp,0.3333333333333333,2,2,CCCGGACCTGCGAAAGTTTG,0,430623
acrZp,0.3333333333333333,2,2,CCCGAGTCCGTCGCCCTCCT,0,460695
acrZp,0.3333333333333333,2,2,CCCCTTGTTCATGGCTCTAT,0,409682
acrZp,0.3333333333333333,2,2,CCCCTCGGTGCCAACACGGG,0,462250
acrZp,0.3333333333333333,2,2,CCCCGTTAGAGAACCGATTT,0,414630
acrZp,0.3333333333333333,2,2,CCCCGTGAGTTGAGCTTGGC,0,414430
acrZp,0.3333333333333333,2,2,CCCCGCAAGGGGATCACAAA,0,443850
acrZp,0.3333333333333333,2,2,CCCCGAAGAAGACTACACGA,0,419474
acrZp,0.3333333333333333,2,2,CCCCCTTGCGGGTCGCAGCG,0,450376
acrZp,0.3333333333333333,2,2,CCCCCCACGACGTACAGGTT,0,420959
acrZp,0.3333333333333333,2,2,CCCCACCTATCCGGGAGAAC,0,412785
acrZp,0.3333333333333333,2,2,CCCATACTGAGTTCAAGATC,0,415618
acrZp,0.3333333333333333,2,2,CCCACTCTATAGTAGGGTGG,0,454530
acrZp,0.3333333333333333,2,2,CCCAATCCCATAGTGGCGAG,0,421886
acrZp,0.3333333333333333,2,2,CCATTGGCACTACTAAGGAA,0,414619
acrZp,0.3333333333333333,2,2,CCATTCGTAGCTCTAGTCTA,0,459000
acrZp,0.3333333333333333,2,2,CCATGCTTCACCGGCAGCCA,0,425608
acrZp,0.3333333333333333,2,2,CCATGCTACGTGGGCCACGC,0,424259
acrZp,0.3333333333333333,2,2,CCATGACGTACTAGCCGGCT,0,457794
acrZp,0.3333333333333333,2,2,CCATCTCATACATGTTTCAC,0,425197
acrZp,0.3333333333333333,2,2,CCATCGAAGTCGGCGGAATA,0,442769
acrZp,0.3333333333333333,2,2,CCATCCGGCCAAGTTGCCGG,0,413576
acrZp,0.3333333333333333,2,2,CCATCACGGAACTACTTCGA,0,454788
acrZp,0.3333333333333333,2,2,CCATATTTAGATGTTACGAT,0,418670
acrZp,0.3333333333333333,2,2,CCATAAACAATGACTCGCTC,0,452390
acrZp,0.3333333333333333,2,2,CCAGTTTTGCCTACGACCGG,0,455199
acrZp,0.3333333333333333,2,2,CCAGTTAAACATGACAAAGG,0,454221
acrZp,0.3333333333333333,2,2,CCAGTGACCTTGACTCATTA,0,430736
acrZp,0.3333333333333333,2,2,CCAGTCAGGCGGCGGGGGTT,0,439355
acrZp,0.3333333333333333,2,2,CCAGTAGGATGATCCCAACC,0,441984
acrZp,0.3333333333333333,2,2,CCAGTAATCCGTACTCTGTA,0,460027
acrZp,0.3333333333333333,2,2,CCAGGTATGTACGCTCGCGA,0,427791
acrZp,0.3333333333333333,2,2,CCAGCACTCCATTTCTCGAG,0,456502
acrZp,0.3333333333333333,2,2,CCAGAGAAGATTGGACTTCG,0,459674
acrZp,0.3333333333333333,2,2,CCAGAAGTTAAGGTGTAGGT,0,410210
acrZp,0.3333333333333333,2,2,CCACTTACTCTGTTGACCCG,0,452105
acrZp,0.3333333333333333,2,2,CCACTGGGGAATGAGAAATT,0,410523
acrZp,0.3333333333333333,2,2,CCACGTTTGGACGAAGGTCT,0,410736
acrZp,0.3333333333333333,2,2,CCACGTGATTCTGTTCGAGG,0,454223
acrZp,0.3333333333333333,2,2,CCACCAGGCTTTATCAATGG,0,422253
acrZp,0.3333333333333333,2,2,CCACATCTGCACCAAAGTCC,0,421046
acrZp,0.3333333333333333,2,2,CCACAATCCTACCTGTTCTG,0,450486
acrZp,0.3333333333333333,2,2,CCAATCACCAGCTGTGATTT,0,460290
acrZp,0.3333333333333333,2,2,CCAAGGAGCACGCGGCGCCT,0,430732
acrZp,0.3333333333333333,2,2,CCAAGCTTCGCCGTAGTCAT,0,429277
acrZp,0.3333333333333333,2,2,CCAAGCCTCGGAATACACTC,0,423882
acrZp,0.3333333333333333,2,2,CCAAGCAATGGCGAGTATTC,0,426797
acrZp,0.3333333333333333,2,2,CCAAGAGAAAGATGTGTTTT,0,438206
acrZp,0.3333333333333333,2,2,CCAACATCAAAATGTACACC,0,411026
acrZp,0.3333333333333333,2,2,CATTTTCTGAACGAGTAAAG,0,428925
acrZp,0.3333333333333333,2,2,CATTTGGGTACGTTGAGATT,0,440446
acrZp,0.3333333333333333,2,2,CATTTGGCCAGGCTTGATAT,0,443753
acrZp,0.3333333333333333,2,2,CATTTGCATAGGACTGCCAT,0,446396
acrZp,0.3333333333333333,2,2,CATTTCCGCGCCTATTCAAG,0,419463
acrZp,0.3333333333333333,2,2,CATTTACTCTAACCTATCGA,0,453744
acrZp,0.3333333333333333,2,2,CATTTAAAATTAACATGAAA,0,444232
acrZp,0.3333333333333333,2,2,CATTGCAGCACGTGAGCTCA,0,445490
acrZp,0.3333333333333333,2,2,CATTGACGGATGGGTTCTCA,0,414564
acrZp,0.3333333333333333,2,2,CATTCTGCGAATAGTAGCTC,0,464215
acrZp,0.3333333333333333,2,2,CATTCTACCTCTGGAATTCT,0,418067
acrZp,0.3333333333333333,2,2,CATTCCGTTATTAATTGGAG,0,428387
acrZp,0.3333333333333333,2,2,CATTAGCATCCCCTTCAATT,0,467025
acrZp,0.3333333333333333,2,2,CATTAGCAGCATTATACGAC,0,411199
acrZp,0.3333333333333333,2,2,CATGTGAGTAAATCGTTACG,0,457202
acrZp,0.3333333333333333,2,2,CATGTAGAATGTACTGGTCT,0,422823
acrZp,0.3333333333333333,2,2,CATGGTCGTGCCTAGGCGGA,0,441135
acrZp,0.3333333333333333,2,2,CATGGGATTGATGACGATCC,0,413769
acrZp,0.3333333333333333,2,2,CATGGCTGGATGAGAAAGAT,0,439885
acrZp,0.3333333333333333,2,2,CATGGCGTGCTGTGTACACC,0,437435
acrZp,0.3333333333333333,2,2,CATGGCATTCCAGCTCGCAG,0,445101
acrZp,0.3333333333333333,2,2,CATGGAGGGAAGTCTGATGG,0,410520
acrZp,0.3333333333333333,2,2,CATGGAGGCGGTGACGCGGT,0,424441
acrZp,0.3333333333333333,2,2,CATGCGGGACCGTCTTGGGC,0,408580
acrZp,0.3333333333333333,2,2,CATGCCTATATTTGTTGTCC,0,467182
acrZp,0.3333333333333333,2,2,CATGATTCATTTATACTGGA,0,448428
acrZp,0.3333333333333333,2,2,CATGAGCATACGAAAGCTGA,0,416249
acrZp,0.3333333333333333,2,2,CATCTGGTAACGTAGCCTGA,0,443368
acrZp,0.3333333333333333,2,2,CATCTCCGATACGGATGACT,0,422994
acrZp,0.3333333333333333,2,2,CATCCTTATATCATATGTTA,0,452966
acrZp,0.3333333333333333,2,2,CATCCTCGAGGCGAAAATTC,0,430690
acrZp,0.3333333333333333,2,2,CATCCCAGATTTAGTGGGTT,0,433317
acrZp,0.3333333333333333,2,2,CATCAGCTTTGAAAACCGGT,0,424980
acrZp,0.3333333333333333,2,2,CATCACATCCTTGTGTTATT,0,447873
acrZp,0.3333333333333333,2,2,CATCAAATTGAAAAATTTAG,0,416985
acrZp,0.3333333333333333,2,2,CATATAGTGAACTCAAGAAC,0,409050
acrZp,0.3333333333333333,2,2,CATAGTCGCGCACATCGGCC,0,441661
acrZp,0.3333333333333333,2,2,CATAGATGGGCGACCTCCAA,0,437581
acrZp,0.3333333333333333,2,2,CATACTTGGGAGATAATATA,0,433736
acrZp,0.3333333333333333,2,2,CATACGTACCGGGGGTCACT,0,425704
acrZp,0.3333333333333333,2,2,CATAATTCATACGGTGCCAA,0,431833
acrZp,0.3333333333333333,2,2,CATAAGTATACCGTACTGTT,0,446942
acrZp,0.3333333333333333,2,2,CATAAGGTCTTGGTACTTGC,0,443970
acrZp,0.3333333333333333,2,2,CATAACCTAATGAGGTCGTA,0,420207
acrZp,0.3333333333333333,2,2,CAGTTTCTTTCGGTCTGTCA,0,441205
acrZp,0.3333333333333333,2,2,CAGTTGTCGTATCTATCACC,0,423199
acrZp,0.3333333333333333,2,2,CAGTGCTACGTGCGACTCAT,0,433960
acrZp,0.3333333333333333,2,2,CAGTCGGGGAAATTGTCAGA,0,454986
acrZp,0.3333333333333333,2,2,CAGGTCCCTACATGGTCAGG,0,440475
acrZp,0.3333333333333333,2,2,CAGGGCCGTCTGTGCAAGCT,0,420962
acrZp,0.3333333333333333,2,2,CAGGCGCCTGACGCGGCTTT,0,418195
acrZp,0.3333333333333333,2,2,CAGGCGCAAAGTACTGTAAC,0,466582
acrZp,0.3333333333333333,2,2,CAGGCATTGTCACGCTGAGA,0,417391
acrZp,0.3333333333333333,2,2,CAGGCATGGGGGGGCCTTAT,0,466346
acrZp,0.3333333333333333,2,2,CAGGCACTGCATTTGCGTCC,0,444344
acrZp,0.3333333333333333,2,2,CAGGCACTCCCCGACCGCGC,0,444265
acrZp,0.3333333333333333,2,2,CAGGAGACCGGTTATTCCGG,0,412381
acrZp,0.3333333333333333,2,2,CAGCTTCACGTTTGTACGCG,0,446638
acrZp,0.3333333333333333,2,2,CAGCTGCGATCTTTGTTAGA,0,441464
acrZp,0.3333333333333333,2,2,CAGCTGATTATGTCTGAGTG,0,435235
acrZp,0.3333333333333333,2,2,CAGCGTTCCTGATTAGTCGG,0,458264
acrZp,0.3333333333333333,2,2,CAGCGGCCTTCCCAAAAACA,0,438489
acrZp,0.3333333333333333,2,2,CAGCGCGTTGGTAGACGCTA,0,421543
acrZp,0.3333333333333333,2,2,CAGCCACTTGTTGAGTCCAA,0,451300
acrZp,0.3333333333333333,2,2,CAGCACCCCTATAAGGCTCT,0,453654
acrZp,0.3333333333333333,2,2,CAGCACATGGACGGTGGTAG,0,445518
acrZp,0.3333333333333333,2,2,CAGCACATCTCGGAATGCCA,0,459117
acrZp,0.3333333333333333,2,2,CAGCACACAGGCGCTAATAT,0,464689
acrZp,0.3333333333333333,2,2,CAGATTCATCAGGTAGCACA,0,437491
acrZp,0.3333333333333333,2,2,CAGATTCACGTCAAGCCCAC,0,464191
acrZp,0.3333333333333333,2,2,CAGATGGTTGTCGCGATGGC,0,410223
acrZp,0.3333333333333333,2,2,CAGAGGCTACCGCGCGGATA,0,459324
acrZp,0.3333333333333333,2,2,CAGAATTCTACCGCACCGTG,0,441322
acrZp,0.3333333333333333,2,2,CAGAAATTTCAGGTTAGCCA,0,430520
acrZp,0.3333333333333333,2,2,CAGAAACTCGTTCGAATCGG,0,426273
acrZp,0.3333333333333333,2,2,CACTTTTGGGTTAGGGTAAT,0,436365
acrZp,0.3333333333333333,2,2,CACTGTTGCTGAATTCAAGG,0,462636
acrZp,0.3333333333333333,2,2,CACTGTAATTTAACGGCATA,0,465779
acrZp,0.3333333333333333,2,2,CACTGGTTTATCGGAAGGGC,0,409146
acrZp,0.3333333333333333,2,2,CACTGGCCAGTCCCAGAAGG,0,437758
acrZp,0.3333333333333333,2,2,CACTGCTCACACGCTAGTGT,0,414527
acrZp,0.3333333333333333,2,2,CACTCGAACTTGACGCCGCA,0,419704
acrZp,0.3333333333333333,2,2,CACTCCTGTATGTTGTCTAT,0,445112
acrZp,0.3333333333333333,2,2,CACTACCCGTAGCCACGGAC,0,439301
acrZp,0.3333333333333333,2,2,CACTAATCTTATTTATGGGT,0,450921
acrZp,0.3333333333333333,2,2,CACGTGCGCAGTACCAATAG,0,430845
acrZp,0.3333333333333333,2,2,CACGGTATCCTCGCTGGGTA,0,447516
acrZp,0.3333333333333333,2,2,CACGGGGGACGAAAATTAAG,0,437936
acrZp,0.3333333333333333,2,2,CACGGCCAGGGGTCTACGGC,0,446476
acrZp,0.3333333333333333,2,2,CACGCGTGTCCTAGATGCAG,0,445401
acrZp,0.3333333333333333,2,2,CACGATAGTGATTTACCGAC,0,466865
acrZp,0.3333333333333333,2,2,CACCTGGGCTCCGGTAGTTC,0,425616
acrZp,0.3333333333333333,2,2,CACCTCGGAACTTAAAGTAG,0,409002
acrZp,0.3333333333333333,2,2,CACCAGTACCAACAGTTCGA,0,440880
acrZp,0.3333333333333333,2,2,CACCACCGCCCTCCAGATTG,0,420566
acrZp,0.3333333333333333,2,2,CACATAGGCTACCGATGCGC,0,437840
acrZp,0.3333333333333333,2,2,CACATAATCTTACGTGACAA,0,464898
acrZp,0.3333333333333333,2,2,CACAGTTCCTCTTTAACAAA,0,466313
acrZp,0.3333333333333333,2,2,CACAGGGGGGAGGCCTATAC,0,449766
acrZp,0.3333333333333333,2,2,CACACCCAGAGATGCCTCAT,0,441449
acrZp,0.3333333333333333,2,2,CACAAGGCGTGCTGTTCCTT,0,420154
acrZp,0.3333333333333333,2,2,CACAAGATATATCTTAGGAG,0,448360
acrZp,0.3333333333333333,2,2,CACAACCATAAAAGCCACAG,0,449627
acrZp,0.3333333333333333,2,2,CAATGTGCTCGGGGTAAGGG,0,449725
acrZp,0.3333333333333333,2,2,CAATGTAACGTATTTCGATG,0,455850
acrZp,0.3333333333333333,2,2,CAATGGAGCTACCGCAGAGG,0,428914
acrZp,0.3333333333333333,2,2,CAATAGCGGGTACACTAGAT,0,453401
acrZp,0.3333333333333333,2,2,CAAGTGTATCCGGTTACTCT,0,423617
acrZp,0.3333333333333333,2,2,CAAGTGTAGTCGGCCTTACG,0,414615
acrZp,0.3333333333333333,2,2,CAAGTCTTGTCGCATCGAGT,0,459526
acrZp,0.3333333333333333,2,2,CAAGTCTGGGTCCTTATTTC,0,418482
acrZp,0.3333333333333333,2,2,CAAGTCCGCTCCGATGTCAT,0,417043
acrZp,0.3333333333333333,2,2,CAAGTACCCCATTGTCGTAA,0,455278
acrZp,0.3333333333333333,2,2,CAAGGGGCGCATCAGGAGGG,0,445487
acrZp,0.3333333333333333,2,2,CAAGGCTCTTAGGTTACCAA,0,446977
acrZp,0.3333333333333333,2,2,CAAGCCCACCCCATGAGCCT,0,460845
acrZp,0.3333333333333333,2,2,CAAGCATCGGATATGGGAAC,0,426648
acrZp,0.3333333333333333,2,2,CAAGCAACAAGCGCCTCCAG,0,426942
acrZp,0.3333333333333333,2,2,CAAGAGGGTACCACCAACCT,0,425859
acrZp,0.3333333333333333,2,2,CAAGAGGGGGCAGTAAAGCT,0,413877
acrZp,0.3333333333333333,2,2,CAAGACTGTACCAGATATCT,0,438958
acrZp,0.3333333333333333,2,2,CAACTCATTCCGATGGATAA,0,453634
acrZp,0.3333333333333333,2,2,CAACGTTACGTCAGTCTGGG,0,467323
acrZp,0.3333333333333333,2,2,CAACGAGCGGATTAGGGTGG,0,445312
acrZp,0.3333333333333333,2,2,CAACCTTCCGAGATCTCGGC,0,428896
acrZp,0.3333333333333333,2,2,CAACCCGAAAGCATGTAACG,0,456316
acrZp,0.3333333333333333,2,2,CAACCATGTCCCTTGATTAG,0,459035
acrZp,0.3333333333333333,2,2,CAACATCGTTTTGGTCCGCT,0,413071
acrZp,0.3333333333333333,2,2,CAACAATGGGGCTAATAACG,0,412204
acrZp,0.3333333333333333,2,2,CAAATGCAAGTTTCTGCAGG,0,409024
acrZp,0.3333333333333333,2,2,CAAAGGTCTCTGTACCAACT,0,414811
acrZp,0.3333333333333333,2,2,CAAAGCCCGAGTTAACCGTG,0,466817
acrZp,0.3333333333333333,2,2,CAAAGAAACCGTATATTTCA,0,428033
acrZp,0.3333333333333333,2,2,CAAACGGCGACGCGTTCCGT,0,453281
acrZp,0.3333333333333333,2,2,CAAACATTTTGTAGCTAGAA,0,456848
acrZp,0.3333333333333333,2,2,ATTTTTCGTACTTCTCTCCG,0,433951
acrZp,0.3333333333333333,2,2,ATTTTCAAGGACCCCAAGAG,0,465265
acrZp,0.3333333333333333,2,2,ATTTGGGGTTAGTGAGAAGT,0,447809
acrZp,0.3333333333333333,2,2,ATTTGCCCGCACAGGATGAT,0,442812
acrZp,0.3333333333333333,2,2,ATTTGCAATGCTCTGTGCGA,0,446867
acrZp,0.3333333333333333,2,2,ATTTCGTCATCAGTATACCT,0,415010
acrZp,0.3333333333333333,2,2,ATTTACCTAGGATAAGTAAT,0,439382
acrZp,0.3333333333333333,2,2,ATTTAAAGAATCGGTTACCA,0,433039
acrZp,0.3333333333333333,2,2,ATTGTGCTTGACAGAGCTTC,0,424825
acrZp,0.3333333333333333,2,2,ATTGTGCCGTAAAGCGTGCC,0,442300
acrZp,0.3333333333333333,2,2,ATTGTGACAAGCGGGATTCA,0,439680
acrZp,0.3333333333333333,2,2,ATTGTCTTACAAGCATTGAA,0,454018
acrZp,0.3333333333333333,2,2,ATTGTCCAAACGTGACATAG,0,465008
acrZp,0.3333333333333333,2,2,ATTGTACTTCTACTTTCTAT,0,456142
acrZp,0.3333333333333333,2,2,ATTGGATACACTAAGCGCCC,0,415870
acrZp,0.3333333333333333,2,2,ATTGGACTAAAGACGCACGG,0,456496
acrZp,0.3333333333333333,2,2,ATTGCTGTGCAGACGCGAGC,0,445502
acrZp,0.3333333333333333,2,2,ATTGCGGTCTACTTAAGCCC,0,426400
acrZp,0.3333333333333333,2,2,ATTGCAGGACGGAGTTATAC,0,456677
acrZp,0.3333333333333333,2,2,ATTGATTTGGGTCAGCCTCA,0,418545
acrZp,0.3333333333333333,2,2,ATTGAGGGCCTTTCAGTGTC,0,431148
acrZp,0.3333333333333333,2,2,ATTGACCATGTACATTCGGC,0,414245
acrZp,0.3333333333333333,2,2,ATTGAACTGAAGGCATTCGT,0,457694
acrZp,0.3333333333333333,2,2,ATTCTTCCAGTCGGGGATCA,0,466680
acrZp,0.3333333333333333,2,2,ATTCTGGCCTCTAGCACTTC,0,417175
acrZp,0.3333333333333333,2,2,ATTCTGCGTATGCCTTCGGG,0,412129
acrZp,0.3333333333333333,2,2,ATTCTATACGTCGTTGAAGC,0,441789
acrZp,0.3333333333333333,2,2,ATTCGTTCAGCGACGGCCGT,0,454762
acrZp,0.3333333333333333,2,2,ATTCGCTCAGCGACTCCAGT,0,414635
acrZp,0.3333333333333333,2,2,ATTCGATAAATACCGGCTAA,0,432662
acrZp,0.3333333333333333,2,2,ATTCGACCTGCACGCATCAA,0,440167
acrZp,0.3333333333333333,2,2,ATTCCCGTCTCTTGTGTGTT,0,455644
acrZp,0.3333333333333333,2,2,ATTCCACTCGGCGCGGTGAA,0,449266
acrZp,0.3333333333333333,2,2,ATTCCAAATCGTCACTGTGG,0,409056
acrZp,0.3333333333333333,2,2,ATTCATGCTAGGTGCCATCA,0,419929
acrZp,0.3333333333333333,2,2,ATTATCAGCTATCCTGGAAA,0,465513
acrZp,0.3333333333333333,2,2,ATTATAGTGCCCATTTCGGG,0,464671
acrZp,0.3333333333333333,2,2,ATTAGGAAAAGCTCAACACA,0,412570
acrZp,0.3333333333333333,2,2,ATTAGCCGCAATGGAAGTAA,0,429819
acrZp,0.3333333333333333,2,2,ATTAGAGTCACTTTCAGAAA,0,449876
acrZp,0.3333333333333333,2,2,ATTACTCCGTCGCCTCCCAG,0,438032
acrZp,0.3333333333333333,2,2,ATTACCCTCTGCCCAACCTT,0,442686
acrZp,0.3333333333333333,2,2,ATTACAATGTCCACTCAATG,0,448284
acrZp,0.3333333333333333,2,2,ATTAACCATCAACACCGAAT,0,462700
acrZp,0.3333333333333333,2,2,ATGTTCAATAGCGGGGCTAG,0,411441
acrZp,0.3333333333333333,2,2,ATGTGTACTGAGACGTTTGG,0,445902
acrZp,0.3333333333333333,2,2,ATGTGAATAGGGGGCACCTA,0,412654
acrZp,0.3333333333333333,2,2,ATGTCTTCTGTCGCTAGTAG,0,416720
acrZp,0.3333333333333333,2,2,ATGTAATAGTGAAGCGGTCT,0,447617
acrZp,0.3333333333333333,2,2,ATGGTTTGAACACCGATTGT,0,456481
acrZp,0.3333333333333333,2,2,ATGGTTATCTGTGTAGTGCA,0,457860
acrZp,0.3333333333333333,2,2,ATGGTGTATACGGTTCTTAT,0,427647
acrZp,0.3333333333333333,2,2,ATGGTATAGCCAGCCTTGTA,0,427308
acrZp,0.3333333333333333,2,2,ATGGGGTCAAGCACAGTTTA,0,433208
acrZp,0.3333333333333333,2,2,ATGGCTGGCCAGTACTCCTT,0,427649
acrZp,0.3333333333333333,2,2,ATGGCTACCGTAGCTGGTGT,0,411184
acrZp,0.3333333333333333,2,2,ATGGCGGGTGTTACAGCGCT,0,422393
acrZp,0.3333333333333333,2,2,ATGGCGGCGCTGAGCGATGC,0,439418
acrZp,0.3333333333333333,2,2,ATGGCGCGTAGGCCAGTTTG,0,465325
acrZp,0.3333333333333333,2,2,ATGGCGCAGAGAATTTCATA,0,458414
acrZp,0.3333333333333333,2,2,ATGGCCTCTCAAAATTGGAT,0,438121
acrZp,0.3333333333333333,2,2,ATGGCACGCAGTGTGGGCAG,0,461245
acrZp,0.3333333333333333,2,2,ATGGCAAATGCAGACCGGAC,0,411687
acrZp,0.3333333333333333,2,2,ATGCTGGTGGTGTTATAGAC,0,432891
acrZp,0.3333333333333333,2,2,ATGCTGGCATAAAAAGCCCG,0,440372
acrZp,0.3333333333333333,2,2,ATGCGTCTCCGGGCTTTAGA,0,443996
acrZp,0.3333333333333333,2,2,ATGCGGACGACAATGGTCGA,0,419061
acrZp,0.3333333333333333,2,2,ATGCGCATAAACGGTGGAAG,0,420027
acrZp,0.3333333333333333,2,2,ATGCATCAGGCTGCTTTAAA,0,449928
acrZp,0.3333333333333333,2,2,ATGCATAAATGCAGTCATGC,0,449845
acrZp,0.3333333333333333,2,2,ATGCAGGGACAGCCTGCTTC,0,466844
acrZp,0.3333333333333333,2,2,ATGCAAGGAGCCATCAGTCT,0,457793
acrZp,0.3333333333333333,2,2,ATGATCTATAAGTGGAAACG,0,447601
acrZp,0.3333333333333333,2,2,ATGATCTACAGAGTCATGAG,0,455053
acrZp,0.3333333333333333,2,2,ATGAGATTACGGAACAGATC,0,423331
acrZp,0.3333333333333333,2,2,ATGAGAGGCCATAATATTAA,0,449312
acrZp,0.3333333333333333,2,2,ATGACTTTGGGACGGGGATT,0,409922
acrZp,0.3333333333333333,2,2,ATGACCCTGTGGTGCCATAC,0,444668
acrZp,0.3333333333333333,2,2,ATGACCACTCTCCCCTGTCA,0,452850
acrZp,0.3333333333333333,2,2,ATGAAGTGTAAAGGTTTCAA,0,439792
acrZp,0.3333333333333333,2,2,ATGAAAGCAGTCCAACCTTA,0,409172
acrZp,0.3333333333333333,2,2,ATGAAAGAGTATAAAGCTGA,0,464359
acrZp,0.3333333333333333,2,2,ATCTTTAGTGCTGGGGGACG,0,450519
acrZp,0.3333333333333333,2,2,ATCTTGGGCGCCCGCGGCCT,0,441199
acrZp,0.3333333333333333,2,2,ATCTTCAGCTGCCATTTATC,0,449003
acrZp,0.3333333333333333,2,2,ATCTTCAGCCGCTGACTTGT,0,458668
acrZp,0.3333333333333333,2,2,ATCTCCAGGAACCCACGTCA,0,465016
acrZp,0.3333333333333333,2,2,ATCTCACGGAAGTATAACAC,0,449054
acrZp,0.3333333333333333,2,2,ATCTCAAACATGTTTTGCTC,0,416244
acrZp,0.3333333333333333,2,2,ATCTATCGATAGTGAAGCAT,0,427286
acrZp,0.3333333333333333,2,2,ATCTATCAACTTATCGAAGA,0,453992
acrZp,0.3333333333333333,2,2,ATCTAGCAGACGGGCATAGT,0,423183
acrZp,0.3333333333333333,2,2,ATCTAGCACAACATCTAGAC,0,433849
acrZp,0.3333333333333333,2,2,ATCTAAGTAATGGGGATTAG,0,449141
acrZp,0.3333333333333333,2,2,ATCGTGAGGAAATTAGCACC,0,414545
acrZp,0.3333333333333333,2,2,ATCGTGACCATCTAATTCGG,0,430788
acrZp,0.3333333333333333,2,2,ATCGGTTCCTACAGTTCTCA,0,447654
acrZp,0.3333333333333333,2,2,ATCGGTTCCAGGCTTGGGGT,0,417744
acrZp,0.3333333333333333,2,2,ATCGGTGTGGCTGCGAGGTC,0,427605
acrZp,0.3333333333333333,2,2,ATCGGCTCCACACGCCAGCA,0,418902
acrZp,0.3333333333333333,2,2,ATCGGAAAGCGTTACCAGGG,0,434337
acrZp,0.3333333333333333,2,2,ATCGCGTGATGTTCATAGTC,0,455153
acrZp,0.3333333333333333,2,2,ATCGCGTAAGCTCACAATTT,0,433869
acrZp,0.3333333333333333,2,2,ATCGCGCGCCGTCGGGAAAT,0,456401
acrZp,0.3333333333333333,2,2,ATCGAGCGTTCAACCTCCAT,0,447685
acrZp,0.3333333333333333,2,2,ATCGAAGGCGCCGTAGTCCA,0,466835
acrZp,0.3333333333333333,2,2,ATCCTTGGCAATTGGTATCA,0,452128
acrZp,0.3333333333333333,2,2,ATCCTTGATCTACCAAGGTG,0,416586
acrZp,0.3333333333333333,2,2,ATCCTGAATTTGCGACCTGC,0,440686
acrZp,0.3333333333333333,2,2,ATCCGTTGTGCCAGAAAGAC,0,408987
acrZp,0.3333333333333333,2,2,ATCCGTTGGTGGCTTACATA,0,417899
acrZp,0.3333333333333333,2,2,ATCCGTATACGTAGCTGCAT,0,467278
acrZp,0.3333333333333333,2,2,ATCCCTCTATAGTTGCCACA,0,452366
acrZp,0.3333333333333333,2,2,ATCCCTCGCAAAGATCGAGG,0,430804
acrZp,0.3333333333333333,2,2,ATCCCCGATACTTACTGTCT,0,448405
acrZp,0.3333333333333333,2,2,ATCCAGAATTACGCTATAAC,0,417484
acrZp,0.3333333333333333,2,2,ATCAGTTGATGCTGTATTGC,0,457644
acrZp,0.3333333333333333,2,2,ATCAGGCGGACGCTGCAATT,0,454137
acrZp,0.3333333333333333,2,2,ATCAGCTGTGGAACAGATCT,0,467279
acrZp,0.3333333333333333,2,2,ATCACCAACAGGACCCACTA,0,414881
acrZp,0.3333333333333333,2,2,ATCAATATGCTCGCTTCGCC,0,464710
acrZp,0.3333333333333333,2,2,ATCAAGTTTACTGAGGTCTA,0,411742
acrZp,0.3333333333333333,2,2,ATCAACTCTTAACAGCACAT,0,439120
acrZp,0.3333333333333333,2,2,ATATTCGAAATAGCGGATCG,0,427336
acrZp,0.3333333333333333,2,2,ATATTCATATCCTGATGTAC,0,409435
acrZp,0.3333333333333333,2,2,ATATCTCATTAGCATTCCAC,0,418424
acrZp,0.3333333333333333,2,2,ATATCGTTAGGAATCCGGTC,0,463804
acrZp,0.3333333333333333,2,2,ATATCCCGTGCTGGGGATGT,0,458068
acrZp,0.3333333333333333,2,2,ATATCCATAGCTGCGCCCGA,0,446919
acrZp,0.3333333333333333,2,2,ATATAGGTGATTACCTGTGA,0,435250
acrZp,0.3333333333333333,2,2,ATAGGTGACCCGGTCCCCGA,0,420350
acrZp,0.3333333333333333,2,2,ATAGGTCGCCATAACTTGAG,0,438860
acrZp,0.3333333333333333,2,2,ATAGGGTAATCAGTTGGAAT,0,462221
acrZp,0.3333333333333333,2,2,ATAGCTTTCTTACACTACTC,0,414596
acrZp,0.3333333333333333,2,2,ATAGCTTTATGTAGATGTTT,0,441209
acrZp,0.3333333333333333,2,2,ATAGCTGAGACAGCTCGGGA,0,423167
acrZp,0.3333333333333333,2,2,ATAGCCTGTAAAAGTAACCA,0,459305
acrZp,0.3333333333333333,2,2,ATAGCATCGACCGCGAACGA,0,439845
acrZp,0.3333333333333333,2,2,ATAGACCCAAAGTCGATCAT,0,418421
acrZp,0.3333333333333333,2,2,ATACTCGATCATGTCCTTCC,0,465441
acrZp,0.3333333333333333,2,2,ATACGCATCCCTCACCGGCG,0,417625
acrZp,0.3333333333333333,2,2,ATACGATGGAAGCTATCAGT,0,462014
acrZp,0.3333333333333333,2,2,ATACATCTCAGTGCAGAGGA,0,447674
acrZp,0.3333333333333333,2,2,ATACAAACTTCGGCTATACT,0,428405
acrZp,0.3333333333333333,2,2,ATAATTATCGGTTCGGCGAT,0,462495
acrZp,0.3333333333333333,2,2,ATAAGCTCAGCCGGCTTTCC,0,432181
acrZp,0.3333333333333333,2,2,ATAACACTATCAGTGAGTAC,0,413842
acrZp,0.3333333333333333,2,2,ATAAACAAAAAACCAACTCA,0,445952
acrZp,0.3333333333333333,2,2,ATAAAAAGAGTGTGGCCTAG,0,462198
acrZp,0.3333333333333333,2,2,ATAAAAACATCACCCGATCC,0,448716
acrZp,0.3333333333333333,2,2,AGTTGGGATCGGTTAAAACA,0,445061
acrZp,0.3333333333333333,2,2,AGTTCCAGCTTCCGATATGG,0,428781
acrZp,0.3333333333333333,2,2,AGTTATCAGAACACAATGCT,0,465967
acrZp,0.3333333333333333,2,2,AGTTACTCTGGCACCAAAAA,0,429401
acrZp,0.3333333333333333,2,2,AGTTACCTAGCCTATTTGGG,0,412609
acrZp,0.3333333333333333,2,2,AGTGTCGGACATCTTCATTA,0,409715
acrZp,0.3333333333333333,2,2,AGTGGTCAGACGGAAATGAT,0,450130
acrZp,0.3333333333333333,2,2,AGTGCTGAGGCCGCGGCGCC,0,437589
acrZp,0.3333333333333333,2,2,AGTGCCAAGGTGGGGTTAAT,0,442717
acrZp,0.3333333333333333,2,2,AGTGCATGACTAGGCATTGG,0,418642
acrZp,0.3333333333333333,2,2,AGTGAATCACACGACTTCAG,0,452227
acrZp,0.3333333333333333,2,2,AGTCTTATGCAAACTTGTAA,0,427400
acrZp,0.3333333333333333,2,2,AGTCTTATCCCGCATCTGGG,0,425249
acrZp,0.3333333333333333,2,2,AGTCGTTTGCATGGTATGCT,0,451805
acrZp,0.3333333333333333,2,2,AGTCGTGACAGGTGTGTGAG,0,420782
acrZp,0.3333333333333333,2,2,AGTCGATCGGAACAACACAC,0,454805
acrZp,0.3333333333333333,2,2,AGTCGAATCTCAGCTAATAC,0,437918
acrZp,0.3333333333333333,2,2,AGTATGTCGCAAACCCATCC,0,429363
acrZp,0.3333333333333333,2,2,AGTAGTTCGTGGACCGAGGA,0,458092
acrZp,0.3333333333333333,2,2,AGTAGCTTGATACGGAGGAC,0,417891
acrZp,0.3333333333333333,2,2,AGTAGAGAATCAGCTCAGCA,0,425545
acrZp,0.3333333333333333,2,2,AGTACGGAGGGTGGATCTAT,0,422048
acrZp,0.3333333333333333,2,2,AGTACCCAGAGCAATGTGTT,0,408595
acrZp,0.3333333333333333,2,2,AGTAATTTGAGGGGCGGCGG,0,459873
acrZp,0.3333333333333333,2,2,AGGTTGGTGCATATGGCGTT,0,426096
acrZp,0.3333333333333333,2,2,AGGTTGCCGCGGGTGGCAAC,0,421445
acrZp,0.3333333333333333,2,2,AGGTTAAAGATCGAGCACGA,0,444408
acrZp,0.3333333333333333,2,2,AGGTGTGGTATCCGGTTGAA,0,438952
acrZp,0.3333333333333333,2,2,AGGTGCTTCACGTGAGTGGA,0,449014
acrZp,0.3333333333333333,2,2,AGGTGCCACGGCCAATATTG,0,413092
acrZp,0.3333333333333333,2,2,AGGTGAGTTTAACCGTCTAG,0,443125
acrZp,0.3333333333333333,2,2,AGGTCGTAACTGTGCAGTTG,0,450511
acrZp,0.3333333333333333,2,2,AGGTCCAGGACCGAGGGCGC,0,418035
acrZp,0.3333333333333333,2,2,AGGTATCTTATAAACCAGAT,0,418135
acrZp,0.3333333333333333,2,2,AGGTATACTGCCCACACTGT,0,460526
acrZp,0.3333333333333333,2,2,AGGTAGATTATAATTCGCTT,0,408928
acrZp,0.3333333333333333,2,2,AGGGTAGGAATCTCCTGCAG,0,446072
acrZp,0.3333333333333333,2,2,AGGGCTACAAGCTAGAAATA,0,434963
acrZp,0.3333333333333333,2,2,AGGCTTTAAATTCTGGGGTT,0,460390
acrZp,0.3333333333333333,2,2,AGGCTTCCAACCGCAGGCGT,0,462064
acrZp,0.3333333333333333,2,2,AGGCTCGGGCGCTGGTCTTT,0,423274
acrZp,0.3333333333333333,2,2,AGGCTCCTGTTTATATCGAT,0,408643
acrZp,0.3333333333333333,2,2,AGGCTAAAGCAGTTCGCTAT,0,464023
acrZp,0.3333333333333333,2,2,AGGCTAAACACCGGAACAAT,0,413312
acrZp,0.3333333333333333,2,2,AGGCGTCCGACAATTAGATA,0,455226
acrZp,0.3333333333333333,2,2,AGGCACTAGGGACGCAACAA,0,438461
acrZp,0.3333333333333333,2,2,AGGCACGTAGGCGGCAACAT,0,438493
acrZp,0.3333333333333333,2,2,AGGATTCGACAGAGGGGATA,0,429565
acrZp,0.3333333333333333,2,2,AGGATTATGTCCACGATTCT,0,453013
acrZp,0.3333333333333333,2,2,AGGATCTTTGGTTGGCATCT,0,412225
acrZp,0.3333333333333333,2,2,AGGATCGCTGGGTCTCATAT,0,416747
acrZp,0.3333333333333333,2,2,AGGAGTCAGAGTATTAAGCC,0,465698
acrZp,0.3333333333333333,2,2,AGGAGAAAGAAACATGTGGA,0,448773
acrZp,0.3333333333333333,2,2,AGGACGAGCATGACCTAGGA,0,439313
acrZp,0.3333333333333333,2,2,AGGACCCGCCTTTTCAGTCC,0,412393
acrZp,0.3333333333333333,2,2,AGGACCAACAACATGAAGTC,0,413360
acrZp,0.3333333333333333,2,2,AGGAAATTTCGTGGTTACCC,0,464360
acrZp,0.3333333333333333,2,2,AGGAAAGCTGATTGGTTCAA,0,422009
acrZp,0.3333333333333333,2,2,AGGAAACGGAGCTACCCGGC,0,417488
acrZp,0.3333333333333333,2,2,AGCTTTAGTCAATCGGTCAT,0,464140
acrZp,0.3333333333333333,2,2,AGCTTCTCAGCTTATATGGT,0,434394
acrZp,0.3333333333333333,2,2,AGCTTAGGAACTGTTCCATG,0,445602
acrZp,0.3333333333333333,2,2,AGCTGTGCGGCAATATATTA,0,448718
acrZp,0.3333333333333333,2,2,AGCTCGACGTCATGCTGACA,0,439908
acrZp,0.3333333333333333,2,2,AGCTCCATCGATGTGAGATC,0,408587
acrZp,0.3333333333333333,2,2,AGCGTGGGACTCTTCGTCGT,0,428788
acrZp,0.3333333333333333,2,2,AGCGTATAGGTAGCTCATCG,0,435867
acrZp,0.3333333333333333,2,2,AGCGGGGAAGAGTATGCGAT,0,416902
acrZp,0.3333333333333333,2,2,AGCGCTGTGTTGTTAGTCTG,0,431713
acrZp,0.3333333333333333,2,2,AGCGATCGTAGTGTTCAACC,0,422494
acrZp,0.3333333333333333,2,2,AGCGACGACACCTTCGTATC,0,425046
acrZp,0.3333333333333333,2,2,AGCGAAGGGGCGCACGCGAA,0,467091
acrZp,0.3333333333333333,2,2,AGCCGTTAGCTAAGCTTTAC,0,416516
acrZp,0.3333333333333333,2,2,AGCCGCGTATTTGTGGAGCG,0,430901
acrZp,0.3333333333333333,2,2,AGCCGCCATAAAAAGCGAAA,0,426901
acrZp,0.3333333333333333,2,2,AGCCCGGGCCACTTCCAAAA,0,440137
acrZp,0.3333333333333333,2,2,AGCCACATCCAGCCTTTCGC,0,443269
acrZp,0.3333333333333333,2,2,AGCCACAGGGACAACAGTTA,0,457237
acrZp,0.3333333333333333,2,2,AGCCAATCAGTCTCCCAGTA,0,450150
acrZp,0.3333333333333333,2,2,AGCCAACTTAACCGGGATTC,0,438648
acrZp,0.3333333333333333,2,2,AGCATTTGACCAACACACAT,0,442126
acrZp,0.3333333333333333,2,2,AGCATGGGTCCATGATGGCA,0,421645
acrZp,0.3333333333333333,2,2,AGCATAATGTCGTTCCCCTG,0,419288
acrZp,0.3333333333333333,2,2,AGCAGTGATTGTTTTCAGCG,0,444910
acrZp,0.3333333333333333,2,2,AGCACAGTCCTATGGGAAGA,0,426095
acrZp,0.3333333333333333,2,2,AGCAATTGCGCGGGTGCACC,0,412114
acrZp,0.3333333333333333,2,2,AGCAACCAGTGCGGTTTCGC,0,454862
acrZp,0.3333333333333333,2,2,AGATTTATTGTCCACACTGC,0,443723
acrZp,0.3333333333333333,2,2,AGATTGATGCCCGCTTAAGA,0,408876
acrZp,0.3333333333333333,2,2,AGATTCTGCCGGACAAGTAG,0,424633
acrZp,0.3333333333333333,2,2,AGATGTCGGGATTTGCCAAA,0,434096
acrZp,0.3333333333333333,2,2,AGATGATTTGCGTATCCGAC,0,409902
acrZp,0.3333333333333333,2,2,AGATCGTTAAGTAAGCTAGG,0,442502
acrZp,0.3333333333333333,2,2,AGATCCGGCAGTGATACCGC,0,461272
acrZp,0.3333333333333333,2,2,AGATACACGAACACAGACGT,0,462015
acrZp,0.3333333333333333,2,2,AGATAAAAACCCCGTGCTCT,0,440376
acrZp,0.3333333333333333,2,2,AGAGTTCCATGTCCTCCAAT,0,466429
acrZp,0.3333333333333333,2,2,AGAGGTTCTTATGTGCCATG,0,420617
acrZp,0.3333333333333333,2,2,AGAGGGTGCCGATATACCCT,0,422753
acrZp,0.3333333333333333,2,2,AGAGAGTTTAAACTGAAGTC,0,442906
acrZp,0.3333333333333333,2,2,AGACTTTCTCAAAAGTTCCT,0,420072
acrZp,0.3333333333333333,2,2,AGACTACAGAACAGATTACA,0,435034
acrZp,0.3333333333333333,2,2,AGACGCAAAATTTCCTGGAA,0,450998
acrZp,0.3333333333333333,2,2,AGACCTGCTAGGATGGAGCG,0,438333
acrZp,0.3333333333333333,2,2,AGACCACCTATAACTGTTTG,0,409790
acrZp,0.3333333333333333,2,2,AGACATTTAGGTTGGGTAAA,0,437047
acrZp,0.3333333333333333,2,2,AGACATCTCTGGTGACACGA,0,467276
acrZp,0.3333333333333333,2,2,AGACAGTGATATGGGCACAA,0,443020
acrZp,0.3333333333333333,2,2,AGACAGAAAGCAATAATTAC,0,449144
acrZp,0.3333333333333333,2,2,AGACAAAGTTCGGAGGACAC,0,442431
acrZp,0.3333333333333333,2,2,AGAATTGATTTTGGAGACCA,0,461315
acrZp,0.3333333333333333,2,2,AGAATTCGAGGTCTTATCAC,0,428137
acrZp,0.3333333333333333,2,2,AGAATGCTATGGAGAACAGA,0,443849
acrZp,0.3333333333333333,2,2,AGAAGGTGAAACGCATGTAA,0,413608
acrZp,0.3333333333333333,2,2,AGAAGCTCACGCGGAATTTC,0,426855
acrZp,0.3333333333333333,2,2,AGAAGCGAATCCAGAAGTAG,0,426032
acrZp,0.3333333333333333,2,2,AGAAGAGCAGCGCCTGTGGG,0,463241
acrZp,0.3333333333333333,2,2,AGAAATTAGTTAGCATTGCG,0,451012
acrZp,0.3333333333333333,2,2,AGAAAGGTTACTGGGTTCAT,0,451089
acrZp,0.3333333333333333,2,2,AGAAAGCAGTCACCGAGGAC,0,420841
acrZp,0.3333333333333333,2,2,AGAAACGGCAGCTATCCGAT,0,438298
acrZp,0.3333333333333333,2,2,AGAAAACATGCCCCAATGGG,0,427644
acrZp,0.3333333333333333,2,2,ACTTTTAGAACTGCCGACCA,0,428294
acrZp,0.3333333333333333,2,2,ACTTTCGAGTGTTAAGGTTG,0,462668
acrZp,0.3333333333333333,2,2,ACTTGTTGACGACGATGATC,0,450307
acrZp,0.3333333333333333,2,2,ACTTGACCTAGATGCTATGC,0,465281
acrZp,0.3333333333333333,2,2,ACTTGAAGCTCTCTCCGTCA,0,450032
acrZp,0.3333333333333333,2,2,ACTTCAGTGATCGTTTCCGA,0,439261
acrZp,0.3333333333333333,2,2,ACTGTAGCATGGATTTCGGT,0,461710
acrZp,0.3333333333333333,2,2,ACTGTAGAGATACCGCTCTG,0,446324
acrZp,0.3333333333333333,2,2,ACTGGTTGCGGCTTACAAGC,0,445381
acrZp,0.3333333333333333,2,2,ACTGGCTGTATCATACTAAG,0,452389
acrZp,0.3333333333333333,2,2,ACTGGAGCCGAAGAAATCAG,0,454056
acrZp,0.3333333333333333,2,2,ACTGCTCTTATGTGGCCCTA,0,448182
acrZp,0.3333333333333333,2,2,ACTGATTAGCTAATACTTTA,0,413404
acrZp,0.3333333333333333,2,2,ACTGACGGAACCTAAATAGG,0,455442
acrZp,0.3333333333333333,2,2,ACTGAATTTTTGCCAAACGC,0,429387
acrZp,0.3333333333333333,2,2,ACTGAAGCCGCAGTGCACAA,0,411434
acrZp,0.3333333333333333,2,2,ACTCGTGGGAACGGCGACGC,0,448933
acrZp,0.3333333333333333,2,2,ACTCGGTGAATTGCTTCCCA,0,422591
acrZp,0.3333333333333333,2,2,ACTCCGCTGAATGATTGATA,0,412880
acrZp,0.3333333333333333,2,2,ACTCCCCCGACAGAAAATGT,0,445066
acrZp,0.3333333333333333,2,2,ACTCAAAACTCAGCAGTGGG,0,462297
acrZp,0.3333333333333333,2,2,ACTATGAGCATACTCGTATT,0,451313
acrZp,0.3333333333333333,2,2,ACTATATTTGTGAGTTGTAG,0,432423
acrZp,0.3333333333333333,2,2,ACTATATCCATCTATTCCGG,0,437786
acrZp,0.3333333333333333,2,2,ACTACAGCCACTCCAGAACT,0,445888
acrZp,0.3333333333333333,2,2,ACTAATTACTTGCGGAATCA,0,450682
acrZp,0.3333333333333333,2,2,ACGTTAACATTCTTAATATC,0,423656
acrZp,0.3333333333333333,2,2,ACGTTAAATAGTACTGAGTA,0,423833
acrZp,0.3333333333333333,2,2,ACGTGTGTGTACGCGCACAA,0,431820
acrZp,0.3333333333333333,2,2,ACGTCCTAGGTCCGTCCAGC,0,452206
acrZp,0.3333333333333333,2,2,ACGGTAGAGGGCCGTAGACG,0,424493
acrZp,0.3333333333333333,2,2,ACGGGCCAGGGTCGTCGCTA,0,427802
acrZp,0.3333333333333333,2,2,ACGGAGTACTCTGGAGGGAT,0,461794
acrZp,0.3333333333333333,2,2,ACGCTCACGACGTGAGAAAC,0,408966
acrZp,0.3333333333333333,2,2,ACGCTACGAAATGACTATTG,0,419860
acrZp,0.3333333333333333,2,2,ACGCCGTTTCATGTCGGGCG,0,440600
acrZp,0.3333333333333333,2,2,ACGCCGTTAAAGCAGGAACT,0,414147
acrZp,0.3333333333333333,2,2,ACGCCGACAAATCAAAGTAC,0,427066
acrZp,0.3333333333333333,2,2,ACGCCCGATGGAAGCGAGGC,0,455434
acrZp,0.3333333333333333,2,2,ACGCATTGGTTGAACGCGGG,0,445768
acrZp,0.3333333333333333,2,2,ACGAGGATGTGGACGGCTCG,0,416149
acrZp,0.3333333333333333,2,2,ACGAGCCCTAGTTGTATAAT,0,408574
acrZp,0.3333333333333333,2,2,ACGACGTAGCACGCGTAATA,0,426643
acrZp,0.3333333333333333,2,2,ACGAAGCTGTGCGTACTTCG,0,431194
acrZp,0.3333333333333333,2,2,ACGAAGACCCGCTCCTAAGA,0,416727
acrZp,0.3333333333333333,2,2,ACGAACACTGTGATAATGAT,0,433247
acrZp,0.3333333333333333,2,2,ACGAAATCACATGGGTCCAG,0,429096
acrZp,0.3333333333333333,2,2,ACCTTTTAATCATAGCTGAT,0,439870
acrZp,0.3333333333333333,2,2,ACCTTTGGACGGGATTAGCT,0,437058
acrZp,0.3333333333333333,2,2,ACCTTACAGAGTACTCATTC,0,437462
acrZp,0.3333333333333333,2,2,ACCTGACTGCATGGCACTGA,0,461052
acrZp,0.3333333333333333,2,2,ACCTGAAGAAGTGGTGGAGT,0,426092
acrZp,0.3333333333333333,2,2,ACCTCGATACAATTTTAACG,0,443542
acrZp,0.3333333333333333,2,2,ACCTCAACGTTGCGGTATGT,0,444105
acrZp,0.3333333333333333,2,2,ACCTATGTGGGTGACCCCAG,0,439488
acrZp,0.3333333333333333,2,2,ACCTATCTGACGTTTATAAT,0,458677
acrZp,0.3333333333333333,2,2,ACCTAAGCCTCCTAACGGGT,0,458406
acrZp,0.3333333333333333,2,2,ACCGTTGACAAATGGCCGTG,0,461044
acrZp,0.3333333333333333,2,2,ACCGTTCACCCTTCAACGAC,0,440820
acrZp,0.3333333333333333,2,2,ACCGTGTCCGTTGAGATTTG,0,445636
acrZp,0.3333333333333333,2,2,ACCGTGGCCAATGAACCAAG,0,410114
acrZp,0.3333333333333333,2,2,ACCGTGGAATCCACCTGCTT,0,445098
acrZp,0.3333333333333333,2,2,ACCGTGATGCACGCTTTAAG,0,415440
acrZp,0.3333333333333333,2,2,ACCGTATAGAGGCAAAGCGT,0,420598
acrZp,0.3333333333333333,2,2,ACCGCTCAAGTTGTGCTCCT,0,430827
acrZp,0.3333333333333333,2,2,ACCGATTTTTTGACCTCTAG,0,419977
acrZp,0.3333333333333333,2,2,ACCGAGAGAAGATCTCGTCC,0,463257
acrZp,0.3333333333333333,2,2,ACCGAAGGGCCAGAGTATTG,0,411887
acrZp,0.3333333333333333,2,2,ACCCTCCCTGACTAAAGGCT,0,441057
acrZp,0.3333333333333333,2,2,ACCCTAAAATATAACTGGAC,0,420062
acrZp,0.3333333333333333,2,2,ACCCGTGCAGGATCAATCCC,0,464272
acrZp,0.3333333333333333,2,2,ACCCGTAGATTTAATGGAGA,0,439294
acrZp,0.3333333333333333,2,2,ACCCGCTAGGTTTTTATACG,0,426958
acrZp,0.3333333333333333,2,2,ACCCGCAATAAAAGGGACTC,0,453359
acrZp,0.3333333333333333,2,2,ACCCGATCTTATGGGGAGAA,0,456548
acrZp,0.3333333333333333,2,2,ACCCCTCGCGACCGGAGCTT,0,414856
acrZp,0.3333333333333333,2,2,ACCCCCGTGGCACTTGAGGG,0,458441
acrZp,0.3333333333333333,2,2,ACCCAGTTGCTTGACGTCAA,0,442473
acrZp,0.3333333333333333,2,2,ACCCAACAGAGAGTACGAGA,0,459770
acrZp,0.3333333333333333,2,2,ACCATGCAGCATCTATCGAG,0,442464
acrZp,0.3333333333333333,2,2,ACCATATTGAGTTTCAATGG,0,455890
acrZp,0.3333333333333333,2,2,ACCATAAAAGGAAGACTGCA,0,435694
acrZp,0.3333333333333333,2,2,ACCAGGGATAATAGAAACGG,0,411680
acrZp,0.3333333333333333,2,2,ACCAGAGGGAATCCAAGTGG,0,414909
acrZp,0.3333333333333333,2,2,ACCACTGGGCTAACTCCAGG,0,466390
acrZp,0.3333333333333333,2,2,ACCACGGCCAAGTTCCGCTA,0,455006
acrZp,0.3333333333333333,2,2,ACCACATAGTAAAACGCGAC,0,438924
acrZp,0.3333333333333333,2,2,ACCACACCTGAGTACATCCT,0,442865
acrZp,0.3333333333333333,2,2,ACCAAAGTCATACGGTTGAC,0,463556
acrZp,0.3333333333333333,2,2,ACATTGGCCGGGCGATAGTA,0,422019
acrZp,0.3333333333333333,2,2,ACATTCGAGTAATGAAAAAC,0,414692
acrZp,0.3333333333333333,2,2,ACATTAATTTAAGAATCAAT,0,443055
acrZp,0.3333333333333333,2,2,ACATGTGGCGAAGCGGATAG,0,462467
acrZp,0.3333333333333333,2,2,ACATGTAACGTTTTCACCGG,0,457656
acrZp,0.3333333333333333,2,2,ACATCTGACTAGTTGTCTTT,0,438555
acrZp,0.3333333333333333,2,2,ACATCACTGTGTAACGATGT,0,457309
acrZp,0.3333333333333333,2,2,ACATAACGGTATCAGTATTA,0,420333
acrZp,0.3333333333333333,2,2,ACATAAAAATAAGCATGTCG,0,430500
acrZp,0.3333333333333333,2,2,ACAGTCGCTGGGTGGACGTA,0,451480
acrZp,0.3333333333333333,2,2,ACAGTCAGACTTTTGTGTCT,0,459907
acrZp,0.3333333333333333,2,2,ACAGTACAGCCGAACTCTAC,0,424142
acrZp,0.3333333333333333,2,2,ACAGGCCAACGTGGCAACGA,0,418028
acrZp,0.3333333333333333,2,2,ACAGCCGGGCTCACTCAGTT,0,417877
acrZp,0.3333333333333333,2,2,ACAGCCGGGCCGCGGCCGGG,0,461540
acrZp,0.3333333333333333,2,2,ACAGCCACTCCGAATTACGA,0,451322
acrZp,0.3333333333333333,2,2,ACAGCAATCAGCAACTCTTG,0,456433
acrZp,0.3333333333333333,2,2,ACAGATTTGTATACAGGGAC,0,462079
acrZp,0.3333333333333333,2,2,ACACTAGGGGGTAAGAGTAG,0,446357
acrZp,0.3333333333333333,2,2,ACACGCATTCACTCATCCCA,0,444956
acrZp,0.3333333333333333,2,2,ACACCGCAATAGGGTTCGTT,0,429726
acrZp,0.3333333333333333,2,2,ACACATAATTACGGGCGGTA,0,430163
acrZp,0.3333333333333333,2,2,ACACACCCCCGCTCGGCGGA,0,427555
acrZp,0.3333333333333333,2,2,ACACAAGGCGCATTAGCCAG,0,409763
acrZp,0.3333333333333333,2,2,ACAATTCATTCACTGCAGTA,0,422592
acrZp,0.3333333333333333,2,2,ACAATGTCCCCTAAGTCTGA,0,431475
acrZp,0.3333333333333333,2,2,ACAATCCGCACGTCAGTGCA,0,456624
acrZp,0.3333333333333333,2,2,ACAATACGGATGTAAGCACC,0,425927
acrZp,0.3333333333333333,2,2,ACAAGTGGGTAGGGTTTCGA,0,440846
acrZp,0.3333333333333333,2,2,ACAAGGCGGCGTGCAAGACT,0,425551
acrZp,0.3333333333333333,2,2,ACAAGCTGAAACGTAGGAGT,0,412577
acrZp,0.3333333333333333,2,2,ACAACCCCCTCTCGAGTACG,0,439226
acrZp,0.3333333333333333,2,2,ACAACATGTGAGTTGGCTGT,0,432989
acrZp,0.3333333333333333,2,2,ACAACAAGGCGGCGAAGTAA,0,432595
acrZp,0.3333333333333333,2,2,ACAAATCTATTTTATCTGTT,0,449672
acrZp,0.3333333333333333,2,2,AATTTCGGCGTGGTATGCAA,0,411419
acrZp,0.3333333333333333,2,2,AATTGTCGGAATTTTACCGA,0,419268
acrZp,0.3333333333333333,2,2,AATTGGGTGTCGAGGGGATG,0,410244
acrZp,0.3333333333333333,2,2,AATTGCGCCCGGCCCGGGGA,0,448340
acrZp,0.3333333333333333,2,2,AATTCCCATTAGACTAACAA,0,438235
acrZp,0.3333333333333333,2,2,AATTCATCAACTGCGATGTA,0,416996
acrZp,0.3333333333333333,2,2,AATTCAGTGACCATGACCTT,0,419293
acrZp,0.3333333333333333,2,2,AATGTGTACAATCCACGGCG,0,455993
acrZp,0.3333333333333333,2,2,AATGTGGCGGTCCGAACGGA,0,412107
acrZp,0.3333333333333333,2,2,AATGTATGTGCACCATCAAC,0,464991
acrZp,0.3333333333333333,2,2,AATGGTGTCCATTCAGGTTA,0,450490
acrZp,0.3333333333333333,2,2,AATGGTGCGCAGTTCAAGAG,0,412695
acrZp,0.3333333333333333,2,2,AATGGTACAACTTCATCCTA,0,460723
acrZp,0.3333333333333333,2,2,AATGGCGTTGATCATGAAAG,0,456834
acrZp,0.3333333333333333,2,2,AATGCTATAACTGGCGGAAT,0,410678
acrZp,0.3333333333333333,2,2,AATGCGTGTGATGGACTACT,0,451318
acrZp,0.3333333333333333,2,2,AATGCATATTACGGCTTTGC,0,409517
acrZp,0.3333333333333333,2,2,AATGCAGTAACGCTCCCGAT,0,455313
acrZp,0.3333333333333333,2,2,AATGACGGCCACGAGTAGTT,0,438238
acrZp,0.3333333333333333,2,2,AATGAATGAGCAAGGGGTTT,0,418435
acrZp,0.3333333333333333,2,2,AATCTTCGTCCTCTGAAGGT,0,458282
acrZp,0.3333333333333333,2,2,AATCTCGTTATCAACCCATA,0,449508
acrZp,0.3333333333333333,2,2,AATCTAGTGTTCCGAGCCGT,0,419056
acrZp,0.3333333333333333,2,2,AATCTAGGGCGAATATCGGG,0,421354
acrZp,0.3333333333333333,2,2,AATCTAATTCAAACTCGCCC,0,432777
acrZp,0.3333333333333333,2,2,AATCTAATCATCTAGGATTA,0,449966
acrZp,0.3333333333333333,2,2,AATCGCCAGATTAAACCATG,0,429197
acrZp,0.3333333333333333,2,2,AATCCGGGGCCTACGCTATG,0,429730
acrZp,0.3333333333333333,2,2,AATCCGCGGTCTCCAAAGGT,0,417645
acrZp,0.3333333333333333,2,2,AATCCAGAACCTCGTATGCA,0,442874
acrZp,0.3333333333333333,2,2,AATCAGCGGCAGATCATTTA,0,435119
acrZp,0.3333333333333333,2,2,AATATCTGGGATCTGGCACC,0,408693
acrZp,0.3333333333333333,2,2,AATATACACTCTTTGTTCGA,0,426222
acrZp,0.3333333333333333,2,2,AATAACTAGGATTTCACCGA,0,462193
acrZp,0.3333333333333333,2,2,AAGTTGCGAGGGAGTTACCA,0,443905
acrZp,0.3333333333333333,2,2,AAGTTGCCCGGCAGGGCGAG,0,435873
acrZp,0.3333333333333333,2,2,AAGTGCAGCTCTGTTCTGTC,0,457795
acrZp,0.3333333333333333,2,2,AAGTCTAGACTACGGTTCAT,0,439811
acrZp,0.3333333333333333,2,2,AAGTCACGCAAGCATGAGAT,0,454858
acrZp,0.3333333333333333,2,2,AAGTCACAGATAATGGTTAA,0,448427
acrZp,0.3333333333333333,2,2,AAGTACCTTCGGCAGCGTTC,0,416666
acrZp,0.3333333333333333,2,2,AAGGTCGATCCGTAGAGCCT,0,440189
acrZp,0.3333333333333333,2,2,AAGGTAGTCAAGATGGCATG,0,458435
acrZp,0.3333333333333333,2,2,AAGGGGGTCTAAGGCGTTCG,0,433011
acrZp,0.3333333333333333,2,2,AAGGCTGGAAAGGCGTTCAC,0,449752
acrZp,0.3333333333333333,2,2,AAGGCCCCTTCATCAGCTTA,0,429604
acrZp,0.3333333333333333,2,2,AAGGATTTGACCGCAGTTGA,0,442115
acrZp,0.3333333333333333,2,2,AAGGATTGAGCTCGACTAAC,0,440211
acrZp,0.3333333333333333,2,2,AAGGATCGTAGGGAAGGCCT,0,421854
acrZp,0.3333333333333333,2,2,AAGGATCGGGGGATAAACCC,0,464708
acrZp,0.3333333333333333,2,2,AAGGACATGTTATTCGATTG,0,446034
acrZp,0.3333333333333333,2,2,AAGCGTTAGGAAAAGCCCTT,0,425748
acrZp,0.3333333333333333,2,2,AAGCGCTGCATGCTTGATGA,0,449330
acrZp,0.3333333333333333,2,2,AAGCGCGCACCAATCCAGAC,0,425209
acrZp,0.3333333333333333,2,2,AAGCCATGTAACTTTATTAA,0,416417
acrZp,0.3333333333333333,2,2,AAGCAGCAACCACCTGGACC,0,447058
acrZp,0.3333333333333333,2,2,AAGCAACGGGCTTACTCATT,0,456900
acrZp,0.3333333333333333,2,2,AAGATTTGTTAAGGGCAGGT,0,415910
acrZp,0.3333333333333333,2,2,AAGATTATCTATTAGAGGAG,0,454025
acrZp,0.3333333333333333,2,2,AAGATAGCGCGATCGTCGTG,0,435800
acrZp,0.3333333333333333,2,2,AAGAGTTGTGGGATCAATGT,0,429704
acrZp,0.3333333333333333,2,2,AAGAGGTTCACCAATTCCAC,0,423876
acrZp,0.3333333333333333,2,2,AAGAGGCATCACGCCGAGGG,0,423912
acrZp,0.3333333333333333,2,2,AAGAGGAGGGGATATTTTTG,0,455899
acrZp,0.3333333333333333,2,2,AAGAGCAGGCCCCGAGCTAT,0,456877
acrZp,0.3333333333333333,2,2,AAGACCGCTTTAGGGTATAT,0,427569
acrZp,0.3333333333333333,2,2,AAGACCCACAAGCTGTCACA,0,441058
acrZp,0.3333333333333333,2,2,AACTTCAGAGTGTCTCCTAT,0,463769
acrZp,0.3333333333333333,2,2,AACTGTTTACACATTGCATT,0,466881
acrZp,0.3333333333333333,2,2,AACTGTGAATCGCGAAGTTC,0,449719
acrZp,0.3333333333333333,2,2,AACTGTATAACGGGCATACG,0,417760
acrZp,0.3333333333333333,2,2,AACTGAGCAGGCGTATGCTG,0,427413
acrZp,0.3333333333333333,2,2,AACTCGATGAGGGTAGCACT,0,446645
acrZp,0.3333333333333333,2,2,AACTATCTCCTCATACTACA,0,464298
acrZp,0.3333333333333333,2,2,AACTAAGGGCGCTTGAATGA,0,422334
acrZp,0.3333333333333333,2,2,AACGTTACCTTAATTGGGAT,0,459854
acrZp,0.3333333333333333,2,2,AACGTCTTGGACCTTTCTTT,0,440779
acrZp,0.3333333333333333,2,2,AACGGGTTACTCCGTTAGTT,0,423455
acrZp,0.3333333333333333,2,2,AACGGCAATCGTCTAATCAT,0,457394
acrZp,0.3333333333333333,2,2,AACGGATTCCTTCGGTTTTC,0,416239
acrZp,0.3333333333333333,2,2,AACGCCGTGACTAAGACCCT,0,442814
acrZp,0.3333333333333333,2,2,AACGCCCGTTAGGCTTAGGA,0,467498
acrZp,0.3333333333333333,2,2,AACGCACACACACCGATGAT,0,428563
acrZp,0.3333333333333333,2,2,AACGATATACCACGAGACAT,0,466002
acrZp,0.3333333333333333,2,2,AACGAGTATTGGGTACCCCA,0,455765
acrZp,0.3333333333333333,2,2,AACGAGCTAGTTGTTTGCGT,0,463511
acrZp,0.3333333333333333,2,2,AACCTCTTTTTAGGCATATA,0,442641
acrZp,0.3333333333333333,2,2,AACCTCCGGCAACGCGATTG,0,454602
acrZp,0.3333333333333333,2,2,AACCGTATGTTGGGGGCAGT,0,427331
acrZp,0.3333333333333333,2,2,AACCGGCGCTAACTTGTATA,0,413565
acrZp,0.3333333333333333,2,2,AACCCCGGGATATTACCTGG,0,412831
acrZp,0.3333333333333333,2,2,AACCAGTATTTTGATCTTGC,0,417254
acrZp,0.3333333333333333,2,2,AACCACTGCGGCGACGTTAT,0,432592
acrZp,0.3333333333333333,2,2,AACATGAGAGTAATTGTTTT,0,423250
acrZp,0.3333333333333333,2,2,AACAGTTGGATTGAGCCGTC,0,456759
acrZp,0.3333333333333333,2,2,AACAGTACCCGGGGCGGCTA,0,441519
acrZp,0.3333333333333333,2,2,AACAGCTTATTGCAATCACC,0,465316
acrZp,0.3333333333333333,2,2,AACAGCTCGGTCAGGGGGTT,0,412612
acrZp,0.3333333333333333,2,2,AACAGAAGTCGCTTAGGGGT,0,429477
acrZp,0.3333333333333333,2,2,AACACGATACGAAGAATAGT,0,456649
acrZp,0.3333333333333333,2,2,AACACATGTCATGCTAGGTG,0,438983
acrZp,0.3333333333333333,2,2,AACAACGGTGGACCGCTCTC,0,410491
acrZp,0.3333333333333333,2,2,AACAACGCGGTCGCTCAGAG,0,459899
acrZp,0.3333333333333333,2,2,AACAACCCGATTTGGTCTAC,0,450948
acrZp,0.3333333333333333,2,2,AACAACAGATACGGGTATCG,0,435625
acrZp,0.3333333333333333,2,2,AACAAAGGGCACAACGCGAG,0,460600
acrZp,0.3333333333333333,2,2,AAATGTCTGAACCTAGTGTG,0,453511
acrZp,0.3333333333333333,2,2,AAATGGGCGACGGGCATATA,0,460688
acrZp,0.3333333333333333,2,2,AAATGCCTGACGGAACCTCT,0,449805
acrZp,0.3333333333333333,2,2,AAATCTTAAAAAGAGTTCCT,0,438114
acrZp,0.3333333333333333,2,2,AAATCGTGCGCTCGAGAATT,0,415796
acrZp,0.3333333333333333,2,2,AAATCGACCCTGGATGCGTT,0,451772
acrZp,0.3333333333333333,2,2,AAAGTTTTACCCAGCGGGGG,0,450815
acrZp,0.3333333333333333,2,2,AAAGTTTCAGTGGTCGATTG,0,465805
acrZp,0.3333333333333333,2,2,AAAGTTCATGTATCCGATCA,0,460852
acrZp,0.3333333333333333,2,2,AAAGTGGTGTAACAGCAGAC,0,433023
acrZp,0.3333333333333333,2,2,AAAGTCTTGGGTAGGCCTAA,0,421441
acrZp,0.3333333333333333,2,2,AAAGTCTGATCCGTAAAATA,0,414960
acrZp,0.3333333333333333,2,2,AAAGTCGAAAGCTTCGGATA,0,413287
acrZp,0.3333333333333333,2,2,AAAGTCCGTATGTAGAATGA,0,428860
acrZp,0.3333333333333333,2,2,AAAGTAGCACGCTACGACGT,0,444988
acrZp,0.3333333333333333,2,2,AAAGGTGTCCCGCTCGTGAT,0,432102
acrZp,0.3333333333333333,2,2,AAAGCTTCTACATACAGATG,0,425503
acrZp,0.3333333333333333,2,2,AAAGATGTGGCTACTTTCGT,0,448850
acrZp,0.3333333333333333,2,2,AAAGAGATACGCGTTACCAA,0,463906
acrZp,0.3333333333333333,2,2,AAAGAGAAGACAGAGTCGTA,0,411979
acrZp,0.3333333333333333,2,2,AAACTGTCAAGTGTTCTGTT,0,421930
acrZp,0.3333333333333333,2,2,AAACTGAAACTCATCCTAGA,0,444116
acrZp,0.3333333333333333,2,2,AAACTCTCGAATTGGCGTTT,0,435125
acrZp,0.3333333333333333,2,2,AAACGGAGCCGATTACTTAA,0,457728
acrZp,0.3333333333333333,2,2,AAACGATGTGGAATCGGACC,0,461930
acrZp,0.3333333333333333,2,2,AAACCTTAACCTTCAAACTG,0,430188
acrZp,0.3333333333333333,2,2,AAACCGCCTCCAATCATGGA,0,432962
acrZp,0.3333333333333333,2,2,AAACATTACCAATGGCAATG,0,415052
acrZp,0.3333333333333333,2,2,AAACATATCAAGTGGTCCGT,0,457422
acrZp,0.3333333333333333,2,2,AAACAGTTTCTGTTCGTCAT,0,421562
acrZp,0.3333333333333333,2,2,AAACAGTCTGAAGGTGGCTT,0,441440
acrZp,0.3333333333333333,2,2,AAACAGGTTTCTGTGTAATA,0,451053
acrZp,0.3333333333333333,2,2,AAACACTTACAGTAGCAAGT,0,417283
acrZp,0.3333333333333333,2,2,AAAATTTATCTTCGACGAGT,0,423573
acrZp,0.3333333333333333,2,2,AAAATTAATTCTTCCAGGAT,0,428119
acrZp,0.3333333333333333,2,2,AAAATGTAGAGTGGGAAATT,0,435782
acrZp,0.3333333333333333,2,2,AAAATAGGGGAACTTACTGT,0,458609
acrZp,0.3333333333333333,2,2,AAAAGCTTAGTCTAGATTAC,0,417756
acrZp,0.3333333333333333,2,2,AAAACTAACGGGAAAACCGA,0,448498
acrZp,0.3333333333333333,2,2,AAAACCGGACACAGCTCAGA,0,458699
acrZp,0.3333333333333333,2,2,AAAACCAATAGCACCTGCAG,0,438337
acrZp,0.3333333333333333,2,2,AAAACATTCGAGACTTCGAA,0,419174
acrZp,0.3333333333333333,2,2,AAAAATAGCCGACGTACTTC,0,410284
acrZp,0.3333333333333333,2,2,AAAAACTCTTCGGAGATCCG,0,466646
acrZp,0.5,1,1,TTTTTTTGTTCGAACCCCTT,0,431372
acrZp,0.5,1,1,TTTTTGTTTCTGCATTCTAG,0,437371
acrZp,0.5,1,1,TTTTTCGGTATTGACCTACT,0,413077
acrZp,0.5,1,1,TTTTGTCATATCATAACTTC,0,454938
acrZp,0.5,1,1,TTTTGGTAGCCAGCCGGGGT,0,432362
acrZp,0.5,1,1,TTTTGGGCCGGCGGCAATAG,0,454857
acrZp,0.5,1,1,TTTTGGCCTCTTTAGTACGT,0,419980
acrZp,0.5,1,1,TTTTGGACTTCTGATCACCT,0,417327
acrZp,0.5,1,1,TTTTGCAAACGAATCGATCA,0,428075
acrZp,0.5,1,1,TTTTCTGCAGGTGCCACCGG,0,449277
acrZp,0.5,1,1,TTTTATCGATAAGGGAAGGG,0,419962
acrZp,0.5,1,1,TTTTACTAATTGAGATCGGG,0,415245
acrZp,0.5,1,1,TTTTAATTGGTACGTGAGCG,0,463374
acrZp,0.5,1,1,TTTGTGATGTGTCATAGTAA,0,434970
acrZp,0.5,1,1,TTTGTGACTAAGAGCAATAG,0,458986
acrZp,0.5,1,1,TTTGTCTTTTCTTGTTATTA,0,452940
acrZp,0.5,1,1,TTTGTCCTTGTACTTAACGT,0,430349
acrZp,0.5,1,1,TTTGTATCTAGTGTCACAGG,0,418477
acrZp,0.5,1,1,TTTGTAGCGTGACACAGACA,0,458312
acrZp,0.5,1,1,TTTGGTAAGTCCCAGTATAG,0,466306
acrZp,0.5,1,1,TTTGGGTTAATCGCGAACTG,0,431888
acrZp,0.5,1,1,TTTGCTTTGAGCGGGCTTGT,0,451167
acrZp,0.5,1,1,TTTGCTTAGCTTCGATATTA,0,429648
acrZp,0.5,1,1,TTTGCGTACAGAGATATCAA,0,422279
acrZp,0.5,1,1,TTTGCCTTGGTCTAACTAGG,0,429071
acrZp,0.5,1,1,TTTGCAAACATAGGCAAGTG,0,425074
acrZp,0.5,1,1,TTTGATTCTTTTAAATCCAT,0,457233
acrZp,0.5,1,1,TTTGATCCCTATGTCCCCTT,0,449987
acrZp,0.5,1,1,TTTGAAGTTAGTTGATAGTC,0,431866
acrZp,0.5,1,1,TTTCTCCAGAATGCAAACCT,0,426752
acrZp,0.5,1,1,TTTCTAGACACAGAATTCCA,0,456301
acrZp,0.5,1,1,TTTCCTTTTGAGAATGCCTG,0,436367
acrZp,0.5,1,1,TTTCATGCTGGTGATTGCGC,0,424200
acrZp,0.5,1,1,TTTCATAGGATATCTGCCCA,0,464043
acrZp,0.5,1,1,TTTCAGGTGCTTTGAGTAGC,0,447095
acrZp,0.5,1,1,TTTCAGGAAATCCGTAAATC,0,419146
acrZp,0.5,1,1,TTTCAGAAAACGGAGACCAT,0,459915
acrZp,0.5,1,1,TTTCACGCATGGTATTTTTG,0,434372
acrZp,0.5,1,1,TTTCAAGCCGTTGTGGTAGA,0,441337
acrZp,0.5,1,1,TTTCAACGGGCGGAAATGCA,0,411683
acrZp,0.5,1,1,TTTCAAAAGTCATTGCGGGC,0,415311
acrZp,0.5,1,1,TTTATCCACATGGGCATGAC,0,451183
acrZp,0.5,1,1,TTTAGTTTACACCCAGTAGT,0,417303
acrZp,0.5,1,1,TTTAGTCGGCAACTGTTTAC,0,448089
acrZp,0.5,1,1,TTTAGGAGTTCGCTCACTGT,0,433380
acrZp,0.5,1,1,TTTAGAGGGGTCGTCACGCC,0,461179
acrZp,0.5,1,1,TTTACTGGTCCGGGCCGTTC,0,455346
acrZp,0.5,1,1,TTTACCGATCGTAGTCATGA,0,429357
acrZp,0.5,1,1,TTTAACGGACTCAAGATGGT,0,465394
acrZp,0.5,1,1,TTGTTTTTATGTTTCGCGGC,0,418961
acrZp,0.5,1,1,TTGTTTGCGATTTCGAGGTC,0,440002
acrZp,0.5,1,1,TTGTTGGGGGATTTCAAGGA,0,420814
acrZp,0.5,1,1,TTGTTGCCCGTCTTAATATG,0,425994
acrZp,0.5,1,1,TTGTTGCAAGAAGCCTACAA,0,449723
acrZp,0.5,1,1,TTGTTAAAGTACGCAGAAGT,0,453633
acrZp,0.5,1,1,TTGTGGTCATTCTACGGCCC,0,466906
acrZp,0.5,1,1,TTGTGGGTGGACGACGCGCT,0,430280
acrZp,0.5,1,1,TTGTGGGTCTGTCGCGGCAT,0,449052
acrZp,0.5,1,1,TTGTGGATCTGGGTTAAACA,0,459023
acrZp,0.5,1,1,TTGTCTGCCTGGCTGCCTAT,0,454192
acrZp,0.5,1,1,TTGTCCTTTCCTCAACCAAT,0,417149
acrZp,0.5,1,1,TTGTAAGGTATTGCGGTCTC,0,452453
acrZp,0.5,1,1,TTGTAAAACGGTACGCGGAG,0,413499
acrZp,0.5,1,1,TTGGTGAAAGGAATGCCTGT,0,447380
acrZp,0.5,1,1,TTGGTATCCCTTTGGAATGT,0,412028
acrZp,0.5,1,1,TTGGCTATTAAGCAAAAGCT,0,423746
acrZp,0.5,1,1,TTGGCGGGCCTATTCCGCGT,0,455525
acrZp,0.5,1,1,TTGGCGCGCTTCAGAACGGA,0,420283
acrZp,0.5,1,1,TTGGATTGGGCCTCGCGTTC,0,443552
acrZp,0.5,1,1,TTGGATGACTTCGCTATGTT,0,412647
acrZp,0.5,1,1,TTGGATCATGGATAGCGCTT,0,425415
acrZp,0.5,1,1,TTGCTTCTAGCCTCCAACTT,0,431007
acrZp,0.5,1,1,TTGCTATGCGTAGACGTATT,0,461952
acrZp,0.5,1,1,TTGCGGCTGGTAACGGTGGA,0,425738
acrZp,0.5,1,1,TTGCGGCAGGGTGGGGCGGT,0,464631
acrZp,0.5,1,1,TTGCGCGTTTTAGCTAATAA,0,415186
acrZp,0.5,1,1,TTGCGCGACTCGACTTAATT,0,444923
acrZp,0.5,1,1,TTGCCTGGAGTTTTTCATTC,0,413297
acrZp,0.5,1,1,TTGCCTCGCGGCACGGCTAC,0,465826
acrZp,0.5,1,1,TTGCCCAAGCAGCAGCTGGC,0,460353
acrZp,0.5,1,1,TTGCAGCACAAAGATAATCG,0,412829
acrZp,0.5,1,1,TTGCAGAGGGCAGTTGCATT,0,453547
acrZp,0.5,1,1,TTGCACGATCACTAGCGTTT,0,408719
acrZp,0.5,1,1,TTGATGTCGGATGCAACACT,0,450657
acrZp,0.5,1,1,TTGATCACCCTGGAAATGCT,0,463375
acrZp,0.5,1,1,TTGAGGCGGGTAGTACGGAA,0,410794
acrZp,0.5,1,1,TTGAGAGTGAGGAACCTGGA,0,410289
acrZp,0.5,1,1,TTGACTGACCTATCCGCCCC,0,443354
acrZp,0.5,1,1,TTGACGCTCCAGTCGGAACC,0,414772
acrZp,0.5,1,1,TTGACGCCGAAAGTTCTGTC,0,440402
acrZp,0.5,1,1,TTGACGCATTCTGGACTCGT,0,449706
acrZp,0.5,1,1,TTGACCTCGGCATTGGACGT,0,436884
acrZp,0.5,1,1,TTGACCGCGTGGAACGATTT,0,463983
acrZp,0.5,1,1,TTGAATACGGTGACGAATCC,0,459844
acrZp,0.5,1,1,TTCTTTATACGCTAAGTCAA,0,446650
acrZp,0.5,1,1,TTCTTACTTCTGAATCAGTA,0,460734
acrZp,0.5,1,1,TTCTGTCCGATTGTTGACAG,0,424189
acrZp,0.5,1,1,TTCTGTAGGGCACATAGGAT,0,427167
acrZp,0.5,1,1,TTCTGACTTTGGGGACATAT,0,428393
acrZp,0.5,1,1,TTCTCGGAACACACGCACAG,0,431641
acrZp,0.5,1,1,TTCTCATGCATTTTCAGGCC,0,438083
acrZp,0.5,1,1,TTCTACGTGCCTACAGTGAT,0,444981
acrZp,0.5,1,1,TTCGTTTGCCGCAGGCACGT,0,443043
acrZp,0.5,1,1,TTCGTTAAGTGCCGGAACAC,0,463417
acrZp,0.5,1,1,TTCGGTGCAATCGCCGGCAA,0,417810
acrZp,0.5,1,1,TTCGGGGGATCGGAATCAGT,0,430831
acrZp,0.5,1,1,TTCGGGCATTCCCTCCGGAT,0,456071
acrZp,0.5,1,1,TTCGGGACTTTTTTTTCTCA,0,425569
acrZp,0.5,1,1,TTCGCGACGTTTATAAAGCC,0,430973
acrZp,0.5,1,1,TTCGCCGGTCATCCGCAGTA,0,459788
acrZp,0.5,1,1,TTCGAGGCATGTGAGGGGGT,0,416122
acrZp,0.5,1,1,TTCGACTCCTCGTTAATTGG,0,416578
acrZp,0.5,1,1,TTCGAAAATGTCCAGCTCAT,0,438960
acrZp,0.5,1,1,TTCCGTCTTTTTCTTACTTT,0,433793
acrZp,0.5,1,1,TTCCGGCGTTACCCAGCTGC,0,445467
acrZp,0.5,1,1,TTCCGGCCAAGTATTATAAG,0,442910
acrZp,0.5,1,1,TTCCGCGTGGGGCGTCCCGG,0,462285
acrZp,0.5,1,1,TTCCGAATGTGTTTCACCAG,0,417038
acrZp,0.5,1,1,TTCCATCGTTGTGTAGGTAG,0,460149
acrZp,0.5,1,1,TTCCAGGGGCGTACTTTGTT,0,465408
acrZp,0.5,1,1,TTCATTTAGACCTGCAGCTG,0,420198
acrZp,0.5,1,1,TTCATGACGGACCTTCAGTT,0,421186
acrZp,0.5,1,1,TTCAGTACCTGGCCTACTGC,0,443843
acrZp,0.5,1,1,TTCAGCCACCCGTATTTATG,0,463857
acrZp,0.5,1,1,TTCAGCACGAGAGGTATCAA,0,443133
acrZp,0.5,1,1,TTCACTTGAGACAGAAGTTC,0,467097
acrZp,0.5,1,1,TTCACTTCAACTGGGACCTA,0,466937
acrZp,0.5,1,1,TTCACGGTCCCTTAGACTTT,0,429385
acrZp,0.5,1,1,TTCACCACGGGAATGAATCC,0,412424
acrZp,0.5,1,1,TTCAATCTACCGGGCTGCAT,0,451378
acrZp,0.5,1,1,TTCAAATATGTCGATCAATT,0,465700
acrZp,0.5,1,1,TTCAAAGGTTTTCATAGGTT,0,418332
acrZp,0.5,1,1,TTCAAAGAAGTCGTCAGCGA,0,444517
acrZp,0.5,1,1,TTATTTGGGTCATAAGGGAG,0,458451
acrZp,0.5,1,1,TTATTGTGTCTGAACACAGG,0,453455
acrZp,0.5,1,1,TTATTGGGTTTAGGCCAGAT,0,415228
acrZp,0.5,1,1,TTATTGGCCAGGTGTAACGT,0,409274
acrZp,0.5,1,1,TTATTCTACAATGTCACTTG,0,430218
acrZp,0.5,1,1,TTATTATGGGCGTAGTTACG,0,424620
acrZp,0.5,1,1,TTATGGAACGAGGTCGTCAA,0,441166
acrZp,0.5,1,1,TTATGCGGACATTGAGATGG,0,409392
acrZp,0.5,1,1,TTATGAGACCAAAACCGCCA,0,431032
acrZp,0.5,1,1,TTATGACTCAGCAGATCGCA,0,438624
acrZp,0.5,1,1,TTATCTGTCTCGTCATTATT,0,462898
acrZp,0.5,1,1,TTATACTGTACAATCGTCAC,0,431661
acrZp,0.5,1,1,TTATACGTTTGTGGTTGTCC,0,457262
acrZp,0.5,1,1,TTATAAGTCGTGAATGGACG,0,461025
acrZp,0.5,1,1,TTAGTTTCATTATTGATTTA,0,419639
acrZp,0.5,1,1,TTAGTGTTATAGATAAGGCC,0,447150
acrZp,0.5,1,1,TTAGTGGTATAATCTTCCGG,0,437239
acrZp,0.5,1,1,TTAGTCATCCTCACTGAGTA,0,441851
acrZp,0.5,1,1,TTAGGTAGCGAACTCGCTAG,0,467605
acrZp,0.5,1,1,TTAGGTACTATGCAGAAGTA,0,460581
acrZp,0.5,1,1,TTAGGGGCGCTTAACATCAC,0,416168
acrZp,0.5,1,1,TTAGGCTACTGAACTGGGAG,0,462180
acrZp,0.5,1,1,TTAGGATTAGTGGAGCCGCG,0,418814
acrZp,0.5,1,1,TTAGCGCTGGAGGAGCCAAC,0,410242
acrZp,0.5,1,1,TTAGCCCTCCCCGCGAAGGT,0,442196
acrZp,0.5,1,1,TTAGAGCACTAACCGGGCCG,0,412638
acrZp,0.5,1,1,TTAGACGCCCCGGGTCACAG,0,430065
acrZp,0.5,1,1,TTAGAATGTTATTGTGCACG,0,432889
acrZp,0.5,1,1,TTACTTATTGGGGCGCGGCT,0,444092
acrZp,0.5,1,1,TTACTGTGGTATCATGGGAC,0,467233
acrZp,0.5,1,1,TTACTGAAGGGGTGATGGAT,0,451579
acrZp,0.5,1,1,TTACTACACCGACCGAGTGA,0,423629
acrZp,0.5,1,1,TTACGGACTACGTAGGGCCG,0,433573
acrZp,0.5,1,1,TTACGCACATATGTTGTACT,0,418535
acrZp,0.5,1,1,TTACCTCCTCACGCACCAGT,0,446632
acrZp,0.5,1,1,TTACCGCGGACCGAGAAAGG,0,440589
acrZp,0.5,1,1,TTACCGAACTTATATGGCCA,0,430003
acrZp,0.5,1,1,TTACCCAGCGTTGCCCAAAA,0,419401
acrZp,0.5,1,1,TTACCAGACCGCGATTGTTT,0,428691
acrZp,0.5,1,1,TTACATGATTTACAGGCGAC,0,419632
acrZp,0.5,1,1,TTACAGGGGGGATGTGTTCC,0,411213
acrZp,0.5,1,1,TTACAAAAACGGTACATAAA,0,416843
acrZp,0.5,1,1,TTAATTCGCTAATCTGGCCG,0,410876
acrZp,0.5,1,1,TTAATCACTGGCTCAAGTAA,0,413629
acrZp,0.5,1,1,TTAATCAAATCATTGCTCCT,0,431787
acrZp,0.5,1,1,TTAAGATCGAACGTCGGCGG,0,433676
acrZp,0.5,1,1,TTAAGAAAACGGCACGCCTC,0,450759
acrZp,0.5,1,1,TTAACGGAAATGGACAGTCG,0,426920
acrZp,0.5,1,1,TTAACATTTACTGCCGCAAC,0,454224
acrZp,0.5,1,1,TTAAATTCTTAAGGTATAAT,0,462760
acrZp,0.5,1,1,TTAAATGCTACCGAGGTATA,0,417705
acrZp,0.5,1,1,TTAAACGACGACTCGTTCGA,0,464038
acrZp,0.5,1,1,TTAAACCACAGGTTGCACGG,0,452480
acrZp,0.5,1,1,TGTTTGGGCGTGGCGACCCG,0,441999
acrZp,0.5,1,1,TGTTTGCCGCCAGTTAAGGC,0,425727
acrZp,0.5,1,1,TGTTTCATGTATAGCGGCTC,0,464098
acrZp,0.5,1,1,TGTTGTAGCCATGTCTCAAG,0,419802
acrZp,0.5,1,1,TGTTGCCAAGCGGGGTATTT,0,435992
acrZp,0.5,1,1,TGTTCTCCAGCTAGTTGTAT,0,456501
acrZp,0.5,1,1,TGTTAGTTGTGCCCCCGCCT,0,416500
acrZp,0.5,1,1,TGTGTTTGGTCGGACCGAGG,0,466055
acrZp,0.5,1,1,TGTGTGCCATCTTTCGACTG,0,455399
acrZp,0.5,1,1,TGTGTGACCTTACTCCTATA,0,415529
acrZp,0.5,1,1,TGTGTCCCGAGACTGCGAGG,0,446518
acrZp,0.5,1,1,TGTGCACCGTGCGAGGTACA,0,413875
acrZp,0.5,1,1,TGTGATACATTAGTGCAGCC,0,433454
acrZp,0.5,1,1,TGTGAATTCCACCTATGCTC,0,414465
acrZp,0.5,1,1,TGTGAACGAGCTTTTTGGGA,0,459476
acrZp,0.5,1,1,TGTCTGCAATTATTCTGATT,0,422618
acrZp,0.5,1,1,TGTCGTTAATCACGGAGGCG,0,446124
acrZp,0.5,1,1,TGTCGGTTATTTGGGGACCT,0,408686
acrZp,0.5,1,1,TGTCCTCCCCAACAGAGTCA,0,464280
acrZp,0.5,1,1,TGTCCCAGATCTGAGTTAGC,0,454664
acrZp,0.5,1,1,TGTCATAAATACGCAGTAAG,0,412700
acrZp,0.5,1,1,TGTCAGTTTCTGTCACTGCG,0,437595
acrZp,0.5,1,1,TGTCAGATGCTGTAAGTACC,0,417341
acrZp,0.5,1,1,TGTCAATTTTATGATCTCAG,0,463443
acrZp,0.5,1,1,TGTCAAAACAGCGGGAACCT,0,432075
acrZp,0.5,1,1,TGTATTGGATTCACCCCTAT,0,432640
acrZp,0.5,1,1,TGTATCTATGTTTAAAACGG,0,451249
acrZp,0.5,1,1,TGTATAGAATTCCAGTAAAA,0,414656
acrZp,0.5,1,1,TGTAGGTGGCATCTGCTTTG,0,413745
acrZp,0.5,1,1,TGTAGCGGATGCTTCATAGG,0,426689
acrZp,0.5,1,1,TGTAGATAAAAGGCAGATGT,0,408902
acrZp,0.5,1,1,TGTACAGGTTCCGACTGGAG,0,430303
acrZp,0.5,1,1,TGTACAAAGAGACCCCAGAA,0,412932
acrZp,0.5,1,1,TGTAACTTTATAGACTCTTT,0,462337
acrZp,0.5,1,1,TGTAACAGCTAAGTGCGATT,0,435628
acrZp,0.5,1,1,TGGTTGGAGGTTTAGTGCTC,0,440003
acrZp,0.5,1,1,TGGTCGTTACGTACCCGTGA,0,457953
acrZp,0.5,1,1,TGGTCCTACGAACGAGATCA,0,453402
acrZp,0.5,1,1,TGGTCACTTATTTAGACTTA,0,416680
acrZp,0.5,1,1,TGGTATGGGCTGAGTCGGTC,0,453766
acrZp,0.5,1,1,TGGTACTTGGGCTACGGGGG,0,415799
acrZp,0.5,1,1,TGGTACGTGCATCGCTGTCG,0,467024
acrZp,0.5,1,1,TGGTACGCCCTTTTCCGGTG,0,452146
acrZp,0.5,1,1,TGGTACCTCTGGGTAAAGGG,0,452968
acrZp,0.5,1,1,TGGTACACGTACTTACATCC,0,421202
acrZp,0.5,1,1,TGGGTTTACAAATGGACCCT,0,412907
acrZp,0.5,1,1,TGGGTTATACGTTCCTTATG,0,429876
acrZp,0.5,1,1,TGGGTGTGGGAGGCCCTCAC,0,411896
acrZp,0.5,1,1,TGGGTGCGCAAATTGCATGT,0,417196
acrZp,0.5,1,1,TGGGTGAGTGTTTTCCGCCC,0,450817
acrZp,0.5,1,1,TGGGGTACCAATCCGCCGTT,0,446872
acrZp,0.5,1,1,TGGGGGTCTGTAATTGGGAT,0,412082
acrZp,0.5,1,1,TGGGGCAGCAATGATTCTAC,0,460700
acrZp,0.5,1,1,TGGGGAGCTGGGGCAATGCC,0,415636
acrZp,0.5,1,1,TGGGGAACGCGCGGTGTGCG,0,432551
acrZp,0.5,1,1,TGGGCGCACCACGGTACGTG,0,451057
acrZp,0.5,1,1,TGGGCCACTTAGGGGAAGTT,0,436500
acrZp,0.5,1,1,TGGGATCCATCTCTTGTTCG,0,436532
acrZp,0.5,1,1,TGGGAGACTCATTTCGGTTA,0,445237
acrZp,0.5,1,1,TGGGACAGCATGTAATATTA,0,448805
acrZp,0.5,1,1,TGGCTGAGCCCGACCCAGGG,0,440410
acrZp,0.5,1,1,TGGCTAAATGAGACATCCAT,0,462548
acrZp,0.5,1,1,TGGCGTAATGTGTTTTTGTA,0,450975
acrZp,0.5,1,1,TGGCGGGAAGGCGTGGGAAA,0,434309
acrZp,0.5,1,1,TGGCGCCCGACGGGGCTAAT,0,452932
acrZp,0.5,1,1,TGGCGAAGTTTGACCGCGGA,0,432060
acrZp,0.5,1,1,TGGCCTTCGGCGGCTAACTG,0,462094
acrZp,0.5,1,1,TGGCCTATAGCACTCTAGTA,0,409618
acrZp,0.5,1,1,TGGATGCGCATCCGGCTCCC,0,445588
acrZp,0.5,1,1,TGGATAGATTTAGAGATATC,0,437062
acrZp,0.5,1,1,TGGAGTTGCGTGCTCGAAGT,0,445943
acrZp,0.5,1,1,TGGAGGGAGCAGTTAACGAG,0,438149
acrZp,0.5,1,1,TGGAGGAGCGTCACACCAGG,0,412144
acrZp,0.5,1,1,TGGACTCAGACACTTTGCAT,0,457042
acrZp,0.5,1,1,TGGACAAAGTCGTCGAGGGC,0,428795
acrZp,0.5,1,1,TGGAATCAAACCCTTCATCG,0,453982
acrZp,0.5,1,1,TGGAATACGCAAAACGCGCC,0,423084
acrZp,0.5,1,1,TGGAAATGATCTAAACAAAA,0,465234
acrZp,0.5,1,1,TGGAAACCCGAGTTAGGCCC,0,437434
acrZp,0.5,1,1,TGGAAACAAGTGCCTAACAT,0,413493
acrZp,0.5,1,1,TGCTTTGTTAAATGTGGGTT,0,415907
acrZp,0.5,1,1,TGCTTTATCGCCGGGATAAC,0,439336
acrZp,0.5,1,1,TGCTTGTGCGTCATGGTTGT,0,421077
acrZp,0.5,1,1,TGCTTCGCTCTCGGGAGGAA,0,464430
acrZp,0.5,1,1,TGCTTCAAAACCAAGCGAGG,0,465181
acrZp,0.5,1,1,TGCTCGTTAAAAGCATGTCT,0,416511
acrZp,0.5,1,1,TGCTCGGAATTGCCGGACCA,0,467435
acrZp,0.5,1,1,TGCTCGCCGACAGGTCTCCG,0,427641
acrZp,0.5,1,1,TGCTAGAAGGAAGGTTGGCC,0,410175
acrZp,0.5,1,1,TGCTACTGGGCCTGAGGGAA,0,424903
acrZp,0.5,1,1,TGCTAATGCGTCAAAACAAG,0,438650
acrZp,0.5,1,1,TGCTAACGCCGGCCGTGACT,0,436962
acrZp,0.5,1,1,TGCGTGCCAGTCATCCTCTA,0,437614
acrZp,0.5,1,1,TGCGTGCAGTGTTTCAACCC,0,422362
acrZp,0.5,1,1,TGCGTATATCTTCGGAGTTG,0,440751
acrZp,0.5,1,1,TGCGTAATGTTCCGGCGCGA,0,449422
acrZp,0.5,1,1,TGCGGGAGCATTCTATCAAC,0,428929
acrZp,0.5,1,1,TGCGGAGTAGAATAATGGCT,0,447750
acrZp,0.5,1,1,TGCGCTCAGACTTTCATCGA,0,409678
acrZp,0.5,1,1,TGCGCAAGAGAGCAACGCGA,0,440939
acrZp,0.5,1,1,TGCGAGACGTACAAGGGTAG,0,428115
acrZp,0.5,1,1,TGCGACTTGGGGCGTTTAAG,0,446676
acrZp,0.5,1,1,TGCGACCTTGAAAATTACAC,0,435476
acrZp,0.5,1,1,TGCGACCCACCCCGAACTAG,0,449643
acrZp,0.5,1,1,TGCCGTTGCCATTATGGGAT,0,434114
acrZp,0.5,1,1,TGCCGGTTCGGACTCCTTAT,0,448286
acrZp,0.5,1,1,TGCCCTTCAGCTCCTTCTAC,0,447979
acrZp,0.5,1,1,TGCCCGATCAGAAATAAGTC,0,410123
acrZp,0.5,1,1,TGCCCCATTCATTTCCAATC,0,453190
acrZp,0.5,1,1,TGCCATCGGGCGGGTGGATT,0,458116
acrZp,0.5,1,1,TGCCAATGTGTACATAGAGC,0,425224
acrZp,0.5,1,1,TGCCAAGAACGTATTACCCA,0,411086
acrZp,0.5,1,1,TGCATTCCCCGATTGATACT,0,448533
acrZp,0.5,1,1,TGCATCTCCGACGCGGACTC,0,436907
acrZp,0.5,1,1,TGCATCGGCCAAAAGTCAAC,0,434378
acrZp,0.5,1,1,TGCATCCGGACGTTCGCGGT,0,460878
acrZp,0.5,1,1,TGCATATAGTACGGGCGAAC,0,421073
acrZp,0.5,1,1,TGCAGTAATCGCACGGAGAA,0,443240
acrZp,0.5,1,1,TGCAGTAACGTGAAGGTAAT,0,432879
acrZp,0.5,1,1,TGCAGGGAGAGCTATCACGG,0,447691
acrZp,0.5,1,1,TGCAGGAAGGAACTCCATTT,0,431393
acrZp,0.5,1,1,TGCAGCCCCCTGGAACATTA,0,464843
acrZp,0.5,1,1,TGCAGCAAGGGTGTCTCACG,0,428455
acrZp,0.5,1,1,TGCACGAACCCGGAGTATTT,0,441300
acrZp,0.5,1,1,TGCACCCTGTGACACGGTCA,0,446885
acrZp,0.5,1,1,TGCAATCGATTATTCCCCCT,0,416683
acrZp,0.5,1,1,TGCAACCGCCAAGCTACTAA,0,446757
acrZp,0.5,1,1,TGCAACACCTGGACAACACC,0,445699
acrZp,0.5,1,1,TGATTGGATTGAAGAAATGA,0,412828
acrZp,0.5,1,1,TGATGTGCAACGCTGCTATC,0,441503
acrZp,0.5,1,1,TGATGCCGCTTAGCGCCGAC,0,445415
acrZp,0.5,1,1,TGATCGAGACCACTTCACGC,0,412199
acrZp,0.5,1,1,TGATCCGGACATGTGCTCGA,0,439580
acrZp,0.5,1,1,TGATCATCCCTTTGAGAGTG,0,425829
acrZp,0.5,1,1,TGATAGATTGCTGCCCGCGA,0,411542
acrZp,0.5,1,1,TGATAATATAGAACTACGCC,0,466199
acrZp,0.5,1,1,TGAGTGCGGTCCAGCAAAAT,0,418807
acrZp,0.5,1,1,TGAGTCTCACGTGAACGTAC,0,430506
acrZp,0.5,1,1,TGAGGTACCGTAAAATTGGC,0,420438
acrZp,0.5,1,1,TGAGGGGCAGAAAACAACCC,0,465276
acrZp,0.5,1,1,TGAGGGAGTAGTCAAACCAA,0,430379
acrZp,0.5,1,1,TGAGGGAACCGCGAAGATTA,0,448541
acrZp,0.5,1,1,TGAGGAGCAGAAGGCATCAG,0,416245
acrZp,0.5,1,1,TGAGGAGACTAGGGGAAGCG,0,413850
acrZp,0.5,1,1,TGAGGACTCGCTTAGGCGAA,0,408634
acrZp,0.5,1,1,TGAGCTCGGGCCTGGACTAT,0,425750
acrZp,0.5,1,1,TGAGATGATTGTCCATTGCA,0,453859
acrZp,0.5,1,1,TGAGATCTTGCTGCATCTAA,0,423687
acrZp,0.5,1,1,TGAGAGGTCGGCCGTGAAAA,0,444544
acrZp,0.5,1,1,TGAGAGAATTACAACTGAAC,0,442172
acrZp,0.5,1,1,TGAGACTTCAGACGGGTGAC,0,460991
acrZp,0.5,1,1,TGAGAAACCTTCTGACAGGG,0,450332
acrZp,0.5,1,1,TGACTTTATGTGAGGCCGCT,0,420749
acrZp,0.5,1,1,TGACTTGATCCTCGAAACCC,0,434749
acrZp,0.5,1,1,TGACTTCCAGAACCCAGCCA,0,413528
acrZp,0.5,1,1,TGACTGTTACGACGGGTTAC,0,420012
acrZp,0.5,1,1,TGACTACCAGACGGTACCCA,0,432607
acrZp,0.5,1,1,TGACGTGGATTGCGATGGTC,0,449057
acrZp,0.5,1,1,TGACGCTAGGCACCGGTCCT,0,425875
acrZp,0.5,1,1,TGACGAGTGAGCCCTTAACT,0,449688
acrZp,0.5,1,1,TGACCGTTCAGCTGAACGCG,0,419556
acrZp,0.5,1,1,TGACCCCGCTCCTGTCGCCT,0,441302
acrZp,0.5,1,1,TGACCACCGTATTCTGGGCA,0,427485
acrZp,0.5,1,1,TGACATCTTGGTTATTTCAC,0,447142
acrZp,0.5,1,1,TGACAGACGCTTCGGTGACC,0,450013
acrZp,0.5,1,1,TGACACGTAAGGCTCGTCAA,0,463940
acrZp,0.5,1,1,TGAATCGATCCAGGTTCGTT,0,421658
acrZp,0.5,1,1,TGAATCATAACTCGCCCAAG,0,460696
acrZp,0.5,1,1,TGAAGTCCAGACACTACGTG,0,445433
acrZp,0.5,1,1,TGAAGGTTTGTTACTCCGAA,0,420578
acrZp,0.5,1,1,TGAAGATGGTGCAAGTAGGT,0,441652
acrZp,0.5,1,1,TGAAGAAGACTCCTGGACAG,0,437315
acrZp,0.5,1,1,TGAACTCACAAGGAAAACGG,0,435499
acrZp,0.5,1,1,TGAACGCGGGTGATTAGAAT,0,420725
acrZp,0.5,1,1,TGAACCTACCCGGACAGCTT,0,411871
acrZp,0.5,1,1,TGAAATCGCAAGGACTGGAA,0,453177
acrZp,0.5,1,1,TGAAATAAAGGACGAGTCTA,0,419440
acrZp,0.5,1,1,TGAAACGGGAACGACTCCAA,0,447679
acrZp,0.5,1,1,TGAAAACCCGTCAAGCTTGA,0,432995
acrZp,0.5,1,1,TCTTTGTTGGTAGAATCCCA,0,445542
acrZp,0.5,1,1,TCTTTGCCCGATACAGGGAA,0,435171
acrZp,0.5,1,1,TCTTTCCAGAGTGCCGTAAC,0,408776
acrZp,0.5,1,1,TCTTTATGAGTTCCCAACGA,0,434325
acrZp,0.5,1,1,TCTTGTAAGCACATTCAAAT,0,451758
acrZp,0.5,1,1,TCTTGGGAGGGGGTGAGAAA,0,436752
acrZp,0.5,1,1,TCTTGCGCGCCCCTGAGAAG,0,435624
acrZp,0.5,1,1,TCTTGCCAAGCGACTAAGTG,0,457609
acrZp,0.5,1,1,TCTTGAGGGGACGACGCGGC,0,428992
acrZp,0.5,1,1,TCTTCGTCTGAGGTACACCC,0,426365
acrZp,0.5,1,1,TCTTCCCATATCGGCAATTG,0,427289
acrZp,0.5,1,1,TCTTCCATGGTGAATGGCTT,0,457849
acrZp,0.5,1,1,TCTTAGGCAATAGGTCGCAG,0,424908
acrZp,0.5,1,1,TCTTAGACGTCATCCCGGAA,0,413258
acrZp,0.5,1,1,TCTTACCTGAATTCTTAGTG,0,463831
acrZp,0.5,1,1,TCTGTCGAGCGAACCCACTC,0,462449
acrZp,0.5,1,1,TCTGTCATGTCACACATGTC,0,450098
acrZp,0.5,1,1,TCTGTATTTATCGCGTTTGG,0,462257
acrZp,0.5,1,1,TCTGGTATAGTTTGGTCATA,0,445601
acrZp,0.5,1,1,TCTGGTAGGACTTCTTCTGT,0,425383
acrZp,0.5,1,1,TCTGGATGGGTAAATTGTAA,0,439802
acrZp,0.5,1,1,TCTGGAACCGCTCTGGGAGA,0,431515
acrZp,0.5,1,1,TCTGCTTTTACCCGGGAGTT,0,459123
acrZp,0.5,1,1,TCTGCGGTGCGACGGCTAAC,0,452513
acrZp,0.5,1,1,TCTGCGAACGGCAAGACCTG,0,442084
acrZp,0.5,1,1,TCTGAGATATTACCTGTGTG,0,422919
acrZp,0.5,1,1,TCTGAATATTAGGGATACTG,0,429352
acrZp,0.5,1,1,TCTCTGGCAAGATTAGATAC,0,467757
acrZp,0.5,1,1,TCTCTCACTCATCAATTATC,0,440309
acrZp,0.5,1,1,TCTCTCAATCCCTGTTCGCC,0,460119
acrZp,0.5,1,1,TCTCGGTGCTTGCTCACAAT,0,455528
acrZp,0.5,1,1,TCTCGGCACGAATCCTTCTG,0,453027
acrZp,0.5,1,1,TCTCGCTTGAAGGTACTCAT,0,426854
acrZp,0.5,1,1,TCTCGCCCCTGTCGTTGCGG,0,411234
acrZp,0.5,1,1,TCTCGATGATATACACCTAC,0,465597
acrZp,0.5,1,1,TCTCCTTGGGGTTCTTGTCC,0,445164
acrZp,0.5,1,1,TCTCCCGCACTTTTGAGTGT,0,420891
acrZp,0.5,1,1,TCTCCAGTGCATCCCTTGGC,0,455981
acrZp,0.5,1,1,TCTCCAGCCGCCCGCCCTTA,0,414109
acrZp,0.5,1,1,TCTCATGGCAGTCGCATGCG,0,439252
acrZp,0.5,1,1,TCTCAAGCGGCGGGTGTCAA,0,448408
acrZp,0.5,1,1,TCTCAACTTAACGAAACGAA,0,413808
acrZp,0.5,1,1,TCTCAAACAGGTCGTCTTTG,0,432110
acrZp,0.5,1,1,TCTATTTAGTGTGCGAACAG,0,444026
acrZp,0.5,1,1,TCTATAATACATGACATAGA,0,430469
acrZp,0.5,1,1,TCTAGCGATTCGTTTACGGG,0,431073
acrZp,0.5,1,1,TCGTTCTGATCGGAGCTATT,0,417134
acrZp,0.5,1,1,TCGTTCCACGGACTGATAAT,0,415711
acrZp,0.5,1,1,TCGTTATACGTGGGCACTAT,0,424263
acrZp,0.5,1,1,TCGTGTGGGTTGGACGCCAT,0,430199
acrZp,0.5,1,1,TCGTGCTGTTCTTCGATGAT,0,463894
acrZp,0.5,1,1,TCGTGAGTTATGTTGCAAAA,0,441694
acrZp,0.5,1,1,TCGTCTTTCTTAAGATACAA,0,433927
acrZp,0.5,1,1,TCGTCTGGGGTGCCATCAGG,0,447814
acrZp,0.5,1,1,TCGTCGTGTATTAGACGTAT,0,441861
acrZp,0.5,1,1,TCGTCCGGGACGCGTACTGC,0,439578
acrZp,0.5,1,1,TCGTAGGAAATTAATAATCG,0,415639
acrZp,0.5,1,1,TCGTAAACCAACATGACGGC,0,439649
acrZp,0.5,1,1,TCGGTTGGCATTTGGTACAC,0,458051
acrZp,0.5,1,1,TCGGTCTAAATATCATTACT,0,409281
acrZp,0.5,1,1,TCGGTACCGCGTGTTTTGAC,0,438944
acrZp,0.5,1,1,TCGGGTTTCAACGTCGAGGT,0,425924
acrZp,0.5,1,1,TCGGGGTGGACACCCTCGCT,0,455071
acrZp,0.5,1,1,TCGGGGGGTAGAATTCCACT,0,422363
acrZp,0.5,1,1,TCGGCTGGGTTCGTCTACCT,0,416983
acrZp,0.5,1,1,TCGGCTGCGTCAAGGCATTA,0,425681
acrZp,0.5,1,1,TCGGAACGGATAACTCAAAA,0,461332
acrZp,0.5,1,1,TCGCGTGAAGCCTACGGGCA,0,442726
acrZp,0.5,1,1,TCGCGGAGTAGGTAATGGAA,0,448914
acrZp,0.5,1,1,TCGCGGAAAACGAATCTTAT,0,422117
acrZp,0.5,1,1,TCGCGACAGTTCTAGGAGAT,0,409418
acrZp,0.5,1,1,TCGCCGTGGTGATGATATAT,0,446928
acrZp,0.5,1,1,TCGCATCATCCCTGCCACAG,0,453657
acrZp,0.5,1,1,TCGCATACAGACCCCTCTGC,0,464835
acrZp,0.5,1,1,TCGCAGCCGGCCTAATTTGC,0,466255
acrZp,0.5,1,1,TCGCACGGTCATGCATACCT,0,458672
acrZp,0.5,1,1,TCGCACGGTAAGTGTGCGTC,0,429377
acrZp,0.5,1,1,TCGCAAAGGAGCGCTCGCGC,0,433300
acrZp,0.5,1,1,TCGATTTTTGGCGTGACGTT,0,408586
acrZp,0.5,1,1,TCGATGCCATAATTTTACTG,0,457740
acrZp,0.5,1,1,TCGAGTGATCGGAGTTTTGG,0,416411
acrZp,0.5,1,1,TCGAGGAGTGTGTAGGTTGA,0,436210
acrZp,0.5,1,1,TCGAGCGTTTGGACTCCATG,0,439938
acrZp,0.5,1,1,TCGAATTCACCGGGAGGGTA,0,418811
acrZp,0.5,1,1,TCGAATGGTTTCCGGGATGG,0,460242
acrZp,0.5,1,1,TCGAAACAAGGAGTGATCTA,0,462837
acrZp,0.5,1,1,TCGAAAATAAATGGATCGCG,0,438616
acrZp,0.5,1,1,TCCTATCCTGGATAGTTGGG,0,449991
acrZp,0.5,1,1,TCCTACTTGCGGGGGAATCC,0,412877
acrZp,0.5,1,1,TCCTAACGTGTGCCGCACGT,0,427979
acrZp,0.5,1,1,TCCGTGATTTGCTGTCAAAT,0,418813
acrZp,0.5,1,1,TCCGGTGCCGACGAGGCCAG,0,429560
acrZp,0.5,1,1,TCCGGTCCATGTCCATGTGG,0,409719
acrZp,0.5,1,1,TCCGGGGCAAAGGCATGAAT,0,444401
acrZp,0.5,1,1,TCCGGCTCCATTGGCCATCC,0,431541
acrZp,0.5,1,1,TCCGGACCGCGATACTACTT,0,450201
acrZp,0.5,1,1,TCCGCGATGTGTCACTTCCA,0,462239
acrZp,0.5,1,1,TCCGCGAATTATGATCTTGT,0,454608
acrZp,0.5,1,1,TCCGATGCCTCGTCGTGAAA,0,421919
acrZp,0.5,1,1,TCCGATGCAATGGCCGACAT,0,415082
acrZp,0.5,1,1,TCCGAGGTGGATCTGGCCAA,0,461471
acrZp,0.5,1,1,TCCGAGCCGCTCCAAATGTG,0,455550
acrZp,0.5,1,1,TCCGACTACATTTAGAAATA,0,411124
acrZp,0.5,1,1,TCCCGTTTGATGCGAAAATT,0,425225
acrZp,0.5,1,1,TCCCGTTACGGGGGTTTAAG,0,459950
acrZp,0.5,1,1,TCCCCTGAGGTGCTCGCAGC,0,412244
acrZp,0.5,1,1,TCCCCGTTCAGTTCGCTATG,0,433686
acrZp,0.5,1,1,TCCCCGGCGAGTGGGAAAGA,0,418543
acrZp,0.5,1,1,TCCCCGATTGGTTGGGGGGC,0,439433
acrZp,0.5,1,1,TCCCAATTTCTAATGGGCCT,0,424978
acrZp,0.5,1,1,TCCCAACAGGTTAATCGAGT,0,441790
acrZp,0.5,1,1,TCCATGGTGGAACGTGCTTT,0,424272
acrZp,0.5,1,1,TCCATGCCTACCACCAGGGG,0,448335
acrZp,0.5,1,1,TCCATCCTGCCTCCACCCCA,0,462564
acrZp,0.5,1,1,TCCAGTAGAAAATAAATGGA,0,442341
acrZp,0.5,1,1,TCCAGGGCCGCATTAAGGGT,0,418239
acrZp,0.5,1,1,TCCAGCGCGCGGGAGCTGCG,0,447670
acrZp,0.5,1,1,TCCACGATCGTCTTACCGCT,0,450619
acrZp,0.5,1,1,TCCACCTCCAGCACGGAGGG,0,449584
acrZp,0.5,1,1,TCCAAGGTTCTTCTTTAATA,0,425061
acrZp,0.5,1,1,TCCAACGTGGCTGGCCTCAA,0,418150
acrZp,0.5,1,1,TCATTTCATGAGCCTCGCCA,0,431440
acrZp,0.5,1,1,TCATTCTTTGCCTTTGTTGT,0,460451
acrZp,0.5,1,1,TCATTAGAACCGGGCGTATT,0,421126
acrZp,0.5,1,1,TCATTACTTCTATGCGGGAG,0,413114
acrZp,0.5,1,1,TCATGCACTTCGATACGCTA,0,421609
acrZp,0.5,1,1,TCATCTTTAATAAATGCCTC,0,416772
acrZp,0.5,1,1,TCATCCAGCTGCACCAGGCA,0,420172
acrZp,0.5,1,1,TCATATTGAGGTTCTTCATA,0,416394
acrZp,0.5,1,1,TCAGTATGTGTGTTTGCGGG,0,442441
acrZp,0.5,1,1,TCAGGTTCAGTCCAGAGGAT,0,435246
acrZp,0.5,1,1,TCAGGCCTAGGAAATCTGGC,0,413197
acrZp,0.5,1,1,TCAGGAAAAACGTTACGCGT,0,435878
acrZp,0.5,1,1,TCAGCGAGATGCTAATCGAA,0,462919
acrZp,0.5,1,1,TCAGCCACGAGGGTTGACCT,0,416778
acrZp,0.5,1,1,TCAGCCAAGCATAAATTCGA,0,463517
acrZp,0.5,1,1,TCAGCAAGACGATGGCTATT,0,412427
acrZp,0.5,1,1,TCAGCAAAGGGAAGAGACTA,0,437303
acrZp,0.5,1,1,TCAGATTTGTGGTACGGTAA,0,409829
acrZp,0.5,1,1,TCAGATATAGACCACAAGCA,0,447261
acrZp,0.5,1,1,TCAGACTTAGCGTGATATCT,0,448033
acrZp,0.5,1,1,TCAGACCTGGGCCATAGATG,0,432353
acrZp,0.5,1,1,TCAGACACGTTTTTCTTGCG,0,429942
acrZp,0.5,1,1,TCAGAAAGGTACTTACGATA,0,448924
acrZp,0.5,1,1,TCACTCGTATGTTCTGCAAC,0,440102
acrZp,0.5,1,1,TCACTACGAAGCCGGTTTGG,0,411096
acrZp,0.5,1,1,TCACTACCTATTATCCTATC,0,428461
acrZp,0.5,1,1,TCACGTCATGTGTATCACCA,0,430464
acrZp,0.5,1,1,TCACGAACACCAAGATTAAA,0,425601
acrZp,0.5,1,1,TCACGAAAATGAGAAACGAA,0,431822
acrZp,0.5,1,1,TCACCAGGATGTTCCGTTCG,0,419081
acrZp,0.5,1,1,TCACCAGATGTTATTAAGTC,0,436694
acrZp,0.5,1,1,TCACATGGCGAGAAGAGCTC,0,447359
acrZp,0.5,1,1,TCACACTCCGAGTAATCGTT,0,417174
acrZp,0.5,1,1,TCAAGTGTGGGGTATTTGAT,0,429078
acrZp,0.5,1,1,TCAAGCCTCGTATTCGTGAG,0,408802
acrZp,0.5,1,1,TCAAATCACTCGGGGTGACT,0,444620
acrZp,0.5,1,1,TCAAAAAGAGGAAGAGTATT,0,443408
acrZp,0.5,1,1,TATTTGTGTCAGTGAACGGA,0,456833
acrZp,0.5,1,1,TATTTGGAACGTTAATCGAG,0,424579
acrZp,0.5,1,1,TATTTAAGCCTTTTCTCGTC,0,422011
acrZp,0.5,1,1,TATTGGTACCCATGCTTCCA,0,459226
acrZp,0.5,1,1,TATTGCCTTCCCAATAGCGC,0,448584
acrZp,0.5,1,1,TATTGCAAAGTCTGGTTACC,0,428805
acrZp,0.5,1,1,TATTGATCACACTATCTAAC,0,445859
acrZp,0.5,1,1,TATTCCAACGAAGGGGTCCG,0,424834
acrZp,0.5,1,1,TATTATATTTGGACTCGCGT,0,427935
acrZp,0.5,1,1,TATTATACAAATTGCTTCAC,0,425083
acrZp,0.5,1,1,TATTAATGCTGCAACCGGGC,0,411165
acrZp,0.5,1,1,TATTAATCTAGTACGCGTGA,0,422517
acrZp,0.5,1,1,TATGTTTATTTCGGGACACA,0,462338
acrZp,0.5,1,1,TATGGTATAGCCTGACCTTA,0,431590
acrZp,0.5,1,1,TATGGGTCGTATGTCTTCCT,0,414276
acrZp,0.5,1,1,TATGGGAGCCAGCAAATGTT,0,440029
acrZp,0.5,1,1,TATGCTGGGGTGTGGTGCAT,0,430819
acrZp,0.5,1,1,TATGCTATCAGTAAACCCGT,0,459525
acrZp,0.5,1,1,TATGCGGTTCAAAGGTATCA,0,466967
acrZp,0.5,1,1,TATGCCGGCGCCGTTCTACT,0,451366
acrZp,0.5,1,1,TATGATCTAGGACACATACA,0,446694
acrZp,0.5,1,1,TATGATCCGCATCGTCGGAC,0,463970
acrZp,0.5,1,1,TATGAATTGACTCGAGAAAC,0,422096
acrZp,0.5,1,1,TATGAAGGACAAGGGGTGTT,0,408695
acrZp,0.5,1,1,TATCTTGGCTGATAGGTGTT,0,456881
acrZp,0.5,1,1,TATCTGACCCCAGGACTGAT,0,448724
acrZp,0.5,1,1,TATCGGGCACAACAAGGGGG,0,412564
acrZp,0.5,1,1,TATCGCCGGTGTTCAGCTGG,0,450809
acrZp,0.5,1,1,TATCGAGTTGCCAGCGTACT,0,420066
acrZp,0.5,1,1,TATCGACGGGACCCAGCCGG,0,431071
acrZp,0.5,1,1,TATCCGCTTTTTATAACCCG,0,465310
acrZp,0.5,1,1,TATCAGATGTAGATACGCCA,0,414730
acrZp,0.5,1,1,TATATCGTCATCCCAGCTTA,0,423456
acrZp,0.5,1,1,TATAGTCATAGGCGTAGTTG,0,423308
acrZp,0.5,1,1,TATAGTACCCGGGACTGAGT,0,453278
acrZp,0.5,1,1,TATAGGATAGACCCCGCGTA,0,457191
acrZp,0.5,1,1,TATAGCATTCTGGGATTGCA,0,447864
acrZp,0.5,1,1,TATAGAGGGTAAGCCGTGCG,0,413568
acrZp,0.5,1,1,TATAGAGACTGAGCCCACTT,0,417240
acrZp,0.5,1,1,TATACACCTAGCCCCTTGGA,0,437563
acrZp,0.5,1,1,TATAATGTTGTCAGACGCTT,0,411677
acrZp,0.5,1,1,TATAATATGTCTCGGTGATT,0,465120
acrZp,0.5,1,1,TATAACATACTGTCGGTCGT,0,446692
acrZp,0.5,1,1,TATAAATTCGAACGTCTCGC,0,451854
acrZp,0.5,1,1,TATAAAATCGGAATTCTCGT,0,455314
acrZp,0.5,1,1,TAGGTTTCATAGGTTAAATT,0,443102
acrZp,0.5,1,1,TAGGTGGCGGACCGTTTTCT,0,426043
acrZp,0.5,1,1,TAGGTCCCGCGCGCCCGGTG,0,441899
acrZp,0.5,1,1,TAGGTCACCTGGCCGGGCTA,0,433748
acrZp,0.5,1,1,TAGGGGGTACTTTGTGCCAT,0,416315
acrZp,0.5,1,1,TAGGGGGGTCCACTTACGAC,0,415687
acrZp,0.5,1,1,TAGGGATTAACAGGCTGGCA,0,465591
acrZp,0.5,1,1,TAGGCGGTGCGACAGCACTG,0,446183
acrZp,0.5,1,1,TAGGCGCCAATACTGGGGTG,0,448870
acrZp,0.5,1,1,TAGGAGGACGCCTGAAACTA,0,445457
acrZp,0.5,1,1,TAGGACTTTCAGTCCGATCG,0,460851
acrZp,0.5,1,1,TAGGAAGACGTGCGGTGAGG,0,435469
acrZp,0.5,1,1,TAGCTCAGAACCTATTGATC,0,447793
acrZp,0.5,1,1,TAGCGGGATTGCAGGGCGTT,0,445664
acrZp,0.5,1,1,TAGCGGATTAGCGTATGGAA,0,446375
acrZp,0.5,1,1,TAGCGAACACCCCCAGTACC,0,438748
acrZp,0.5,1,1,TAGCCTGTGGGCGATAGTGC,0,438662
acrZp,0.5,1,1,TAGCCTAGAGTATCCTAGTT,0,420729
acrZp,0.5,1,1,TAGCCATAGGCTGTGCCTCC,0,414558
acrZp,0.5,1,1,TAGCATGCTCAGGATACGAT,0,459444
acrZp,0.5,1,1,TAGCATCACGGTGTCTGAAT,0,428763
acrZp,0.5,1,1,TAGCAGGTGCTCCCGATTCT,0,425285
acrZp,0.5,1,1,TAGCAGGAAGGTGTACGCAA,0,462813
acrZp,0.5,1,1,TAGCAGAAGGCTTATCGTTG,0,431528
acrZp,0.5,1,1,TAGATTAAAAGAACCATAGT,0,427888
acrZp,0.5,1,1,TAGATGGTGGCCCAAATCAA,0,426173
acrZp,0.5,1,1,TAGATGGGTTGTTTCCGACG,0,463321
acrZp,0.5,1,1,TAGAGAGTGTGTCCGACTCC,0,410077
acrZp,0.5,1,1,TAGAGAACTCGAGTGTGACT,0,441259
acrZp,0.5,1,1,TAGACTATCATTTTAGTAAC,0,454903
acrZp,0.5,1,1,TAGACGCCTCGGATTACGAA,0,465701
acrZp,0.5,1,1,TAGACCTCCGTGTGGGTGTA,0,436770
acrZp,0.5,1,1,TAGAATCGTATAAAGTTTTC,0,446353
acrZp,0.5,1,1,TAGAATCCTCCCGCGGGGAG,0,421456
acrZp,0.5,1,1,TAGAAGCGGTGTGATATTAC,0,444608
acrZp,0.5,1,1,TAGAAGAGGAACCTATCCGC,0,430194
acrZp,0.5,1,1,TAGAAATGTGCGGCGAATAA,0,465382
acrZp,0.5,1,1,TAGAAATGTCTCGCTGGAAC,0,435575
acrZp,0.5,1,1,TACTTATCTTCACCTGTGAT,0,441424
acrZp,0.5,1,1,TACTGTTCAGCAACTGGCAC,0,431840
acrZp,0.5,1,1,TACTGATTGTGTAGGTTGCA,0,414895
acrZp,0.5,1,1,TACTCTGACTCCCACTTTCC,0,437692
acrZp,0.5,1,1,TACTCCTTAAAGCCACGCTC,0,422446
acrZp,0.5,1,1,TACTCAAAGCTGCGTTATAA,0,447488
acrZp,0.5,1,1,TACTATCGATTCTTGGCAGT,0,431477
acrZp,0.5,1,1,TACTAGGCTTGGTGGTTTTA,0,413359
acrZp,0.5,1,1,TACTAGCTGCCATGGCGGAA,0,458954
acrZp,0.5,1,1,TACGTTTTTAGCATGGGGTG,0,456192
acrZp,0.5,1,1,TACGTTCGCCTGAGAGCATG,0,448658
acrZp,0.5,1,1,TACGTGAACCAGGAATTCAA,0,438303
acrZp,0.5,1,1,TACGTCCTGCAGTCAGTAAA,0,461788
acrZp,0.5,1,1,TACGTCCTAGACATTTACTT,0,411660
acrZp,0.5,1,1,TACGGGTTAGGGGTTCAGCC,0,446980
acrZp,0.5,1,1,TACGGGTGTAGTTTTCAAAA,0,436583
acrZp,0.5,1,1,TACGCGACTCGGCGTTCGTC,0,411653
acrZp,0.5,1,1,TACGCCGGCAAACAAGCCCC,0,444796
acrZp,0.5,1,1,TACGCCGAGGGTGCATATTA,0,426573
acrZp,0.5,1,1,TACGAGTTACGCCCAGTCTT,0,428897
acrZp,0.5,1,1,TACGACTACCCAGGTCTTGG,0,429848
acrZp,0.5,1,1,TACGACAGCTTAGCGTACAC,0,426283
acrZp,0.5,1,1,TACCTATTTTGTAAGTATAT,0,465859
acrZp,0.5,1,1,TACCTACACCAGTCCCTATT,0,449961
acrZp,0.5,1,1,TACCGCGATGTGCAACATTC,0,458900
acrZp,0.5,1,1,TACCGAGAAAACTACCTTAC,0,425639
acrZp,0.5,1,1,TACCGACAGGTAAGGGATAT,0,446805
acrZp,0.5,1,1,TACCGAATTTGTAACACAGT,0,441938
acrZp,0.5,1,1,TACCCCAATCTAGAGGCTGC,0,433952
acrZp,0.5,1,1,TACCCATAGAGGGGGCCCGT,0,453745
acrZp,0.5,1,1,TACCAGTTCCAGGCTCATCG,0,432516
acrZp,0.5,1,1,TACCACGCACTAATAGGTAT,0,449631
acrZp,0.5,1,1,TACAGTATAACAATACGGAG,0,422498
acrZp,0.5,1,1,TACAGGTCCTACCCCACCTT,0,447775
acrZp,0.5,1,1,TACAGATTTCGTGCGGACAT,0,418090
acrZp,0.5,1,1,TACAATGAGGTCCAGATGAG,0,462509
acrZp,0.5,1,1,TACAACAAGTTGTCCCGTCC,0,460244
acrZp,0.5,1,1,TACAAAAGATCGCCCTCGTT,0,430854
acrZp,0.5,1,1,TAATTTTCTAGCGGCGCCGA,0,408872
acrZp,0.5,1,1,TAATTGTGCTTAAAAACCGA,0,438636
acrZp,0.5,1,1,TAATTGGCAATGTAAACTCT,0,436060
acrZp,0.5,1,1,TAATTGATATGGTCCGCCAT,0,426940
acrZp,0.5,1,1,TAATTACGGGTATGGCTGAA,0,444887
acrZp,0.5,1,1,TAATTAAAAGCGCTTACGCT,0,461824
acrZp,0.5,1,1,TAATGATCTGGACTAAGACA,0,461283
acrZp,0.5,1,1,TAATCTCAGGATCGATTTCG,0,466464
acrZp,0.5,1,1,TAATCTACCAGGGCAGCTTC,0,452320
acrZp,0.5,1,1,TAATCGTCAATGAATGCTTC,0,425130
acrZp,0.5,1,1,TAATCCCTGTGTGTACCTAT,0,418072
acrZp,0.5,1,1,TAATCCCTCATGGGGGCTTT,0,427191
acrZp,0.5,1,1,TAATCAGCAGGATAGGTCGC,0,459606
acrZp,0.5,1,1,TAATCAATGAGATTCAAAGT,0,409901
acrZp,0.5,1,1,TAATATTGTGATTCGGGGCT,0,416261
acrZp,0.5,1,1,TAATATGTGATATTCTTCGG,0,442334
acrZp,0.5,1,1,TAATACCAGGCGCTGTAGGT,0,436389
acrZp,0.5,1,1,TAATACAGGGATGTGGCATT,0,462547
acrZp,0.5,1,1,TAAGTTAAGTTCCGCCCATC,0,433252
acrZp,0.5,1,1,TAAGTCATTCCATTTTCGTC,0,443056
acrZp,0.5,1,1,TAAGTATCATAAGAGTGCCC,0,437141
acrZp,0.5,1,1,TAAGGACTCTAGGCTCCGAG,0,465163
acrZp,0.5,1,1,TAAGCTGTTTTAGATAGAGA,0,450770
acrZp,0.5,1,1,TAAGCCTATGTTGCTCAATC,0,427788
acrZp,0.5,1,1,TAAGAAATTTAAACCTAATA,0,436226
acrZp,0.5,1,1,TAACTTTCAAATTTTAACCT,0,417589
acrZp,0.5,1,1,TAACTTGGGTCAAGACCATA,0,454342
acrZp,0.5,1,1,TAACTTGCACGCAAGCCGCT,0,411860
acrZp,0.5,1,1,TAACGGTTTAACCGTTTTGC,0,430164
acrZp,0.5,1,1,TAACGACATCAACGATGTCG,0,444920
acrZp,0.5,1,1,TAACAAGGTGTACTAGGTAG,0,423052
acrZp,0.5,1,1,TAACAAACCGCGCAAAGACT,0,435750
acrZp,0.5,1,1,TAAATTTTTATGAAACGACA,0,434642
acrZp,0.5,1,1,TAAATAGAAACTACGTATAC,0,434204
acrZp,0.5,1,1,TAAAGCGGTGACTGCAACAT,0,441528
acrZp,0.5,1,1,TAAAGCAGGCTAAGAGATGA,0,435804
acrZp,0.5,1,1,TAAAGAATAATTTCAAAAAT,0,464727
acrZp,0.5,1,1,TAAACGCCCTCAGCGGCTCC,0,452372
acrZp,0.5,1,1,TAAAAGTCTTTTTTCCGACA,0,443915
acrZp,0.5,1,1,TAAAAGGTCGAGTAACTCGA,0,451687
acrZp,0.5,1,1,TAAAAGAGGGCAGTGGGGAA,0,418990
acrZp,0.5,1,1,TAAAACGTAAGACATGAGGC,0,429179
acrZp,0.5,1,1,GTTTTGTCTACACCACACGT,0,463663
acrZp,0.5,1,1,GTTTTAGTCCTCTTGCACGT,0,410874
acrZp,0.5,1,1,GTTTGGTTATCTAAATGACT,0,439819
acrZp,0.5,1,1,GTTTGATCACACCACATCAA,0,456346
acrZp,0.5,1,1,GTTTGAATACGCCGATTGCT,0,445939
acrZp,0.5,1,1,GTTTCTTCCAGTTTTCTGCA,0,430334
acrZp,0.5,1,1,GTTTCTACCGCAGATACCTG,0,412202
acrZp,0.5,1,1,GTTTCGGCGGCTCACTCCCT,0,449555
acrZp,0.5,1,1,GTTTCGACTGGCGTTCTTTG,0,418653
acrZp,0.5,1,1,GTTTAGTCGTATAAGATATA,0,409554
acrZp,0.5,1,1,GTTTAGGGCGGGCTATCTTT,0,427553
acrZp,0.5,1,1,GTTTACAGTTGGTGGCCAAT,0,427992
acrZp,0.5,1,1,GTTTAATCAAAGCCCTCCGC,0,410227
acrZp,0.5,1,1,GTTGTTTACTTCCTAAGATT,0,443064
acrZp,0.5,1,1,GTTGTTTAAAATAGTAAGTC,0,441553
acrZp,0.5,1,1,GTTGTGGGAAGCTCGTTCAG,0,418160
acrZp,0.5,1,1,GTTGTGCACGATGGTTGAAG,0,465463
acrZp,0.5,1,1,GTTGTATTGGTAAACAACTG,0,425295
acrZp,0.5,1,1,GTTGGTAGGATGAATCTACC,0,465225
acrZp,0.5,1,1,GTTGGCGCGAAGGCCGCTTT,0,453919
acrZp,0.5,1,1,GTTGCTCCTTTGAGTTTCAA,0,463530
acrZp,0.5,1,1,GTTGCGAGAATAGAGGTATT,0,435052
acrZp,0.5,1,1,GTTGCCGGGATCGGAATGGA,0,445651
acrZp,0.5,1,1,GTTGAGAGTGGGGTTCTCTA,0,444492
acrZp,0.5,1,1,GTTCTCTGTCAAGTGTCCTA,0,418138
acrZp,0.5,1,1,GTTCGTTTCTCATTTGTTAT,0,431961
acrZp,0.5,1,1,GTTCGTCTTCTTTTATACTT,0,427665
acrZp,0.5,1,1,GTTCGCCTCTCCGAAATGGG,0,436832
acrZp,0.5,1,1,GTTCCTCACTCTCCAGTTTG,0,446402
acrZp,0.5,1,1,GTTCCTATTGGGTCGCCTTC,0,457551
acrZp,0.5,1,1,GTTCCGGTCTACATGTCTAT,0,411211
acrZp,0.5,1,1,GTTCCCACTGTATGTTATCA,0,434569
acrZp,0.5,1,1,GTTCCATATGAGCTGTATAG,0,408791
acrZp,0.5,1,1,GTTCATCTCACAGTCCTCAG,0,464903
acrZp,0.5,1,1,GTTCAGCGGTTCCGCTTGGT,0,454946
acrZp,0.5,1,1,GTTCAAGCGCCCCCCAAAAT,0,462197
acrZp,0.5,1,1,GTTATTATTAGGATATGGCG,0,456575
acrZp,0.5,1,1,GTTATCGTGCAGCCGTTATG,0,417846
acrZp,0.5,1,1,GTTATAGATCTTGAGTTCAG,0,454179
acrZp,0.5,1,1,GTTATAATCTTAGGCCGTAA,0,417854
acrZp,0.5,1,1,GTTATAAGCACATGATTAAA,0,459356
acrZp,0.5,1,1,GTTAGGTTCGCTGAATCAGG,0,456779
acrZp,0.5,1,1,GTTAGGCCCGGATGAGGGCT,0,443625
acrZp,0.5,1,1,GTTAGCGATATCGTTGATCG,0,455694
acrZp,0.5,1,1,GTTAGAGAATTTGTATTCTA,0,455304
acrZp,0.5,1,1,GTTAGACGCTTCACCCTGAA,0,435061
acrZp,0.5,1,1,GTTACCCCTCATTGTAGGGG,0,427395
acrZp,0.5,1,1,GTTAATGTAGCATTGCTCAC,0,438270
acrZp,0.5,1,1,GTTAAATGCTGTGATATCTT,0,448370
acrZp,0.5,1,1,GTGTTCGTAATTCTTCCTAA,0,424979
acrZp,0.5,1,1,GTGTTAGTCATCTAGTCAGT,0,422299
acrZp,0.5,1,1,GTGTTACTAGGTACTGCGTG,0,445201
acrZp,0.5,1,1,GTGTGTTAAGCTAATACTGC,0,459489
acrZp,0.5,1,1,GTGTGTGGGGAGCCCCGGCC,0,439691
acrZp,0.5,1,1,GTGTGTCTGGCCGGTGTCGG,0,451368
acrZp,0.5,1,1,GTGTGGCTGGCTGCTATAAG,0,439604
acrZp,0.5,1,1,GTGTCGTCGTAAGATATATC,0,439136
acrZp,0.5,1,1,GTGTCGCCAGAGGGGGGGGG,0,454940
acrZp,0.5,1,1,GTGTATCTCAGACTGCTTCA,0,436846
acrZp,0.5,1,1,GTGGTTTGGTGATGCTTGGC,0,438404
acrZp,0.5,1,1,GTGGTTTCAAGTAACACCTC,0,459694
acrZp,0.5,1,1,GTGGTTGAATCCGGTTAATC,0,409912
acrZp,0.5,1,1,GTGGTTACTGTACACAGAGC,0,454854
acrZp,0.5,1,1,GTGGTGATCTCCAAGGCGTT,0,448300
acrZp,0.5,1,1,GTGGTCGATAAGCGTCGGAT,0,416717
acrZp,0.5,1,1,GTGGTCCGGAGTCATTAGAT,0,409652
acrZp,0.5,1,1,GTGGTAGGTACGCGCGCTGC,0,435198
acrZp,0.5,1,1,GTGGGTTCTTCCCTGGTGTC,0,447538
acrZp,0.5,1,1,GTGGGTCCCGTAAGAGTGGT,0,433333
acrZp,0.5,1,1,GTGGGGATGGTATTAAAAAG,0,466150
acrZp,0.5,1,1,GTGGCTGCTTGTTAATTATA,0,440037
acrZp,0.5,1,1,GTGGCGCCATTCCTCACACT,0,466786
acrZp,0.5,1,1,GTGGCAGAAACATTAAGCTT,0,424626
acrZp,0.5,1,1,GTGGAGGGCGGCCCTATGCT,0,429366
acrZp,0.5,1,1,GTGGAAGTGTTCAGTCGTAA,0,417671
acrZp,0.5,1,1,GTGCTGTCGCATGGCCGAAC,0,465718
acrZp,0.5,1,1,GTGCTGCCCCACTGAAAAGG,0,437733
acrZp,0.5,1,1,GTGCTCTGCAGTGGGACTGA,0,437760
acrZp,0.5,1,1,GTGCTCCTGGATTAGTGATC,0,409019
acrZp,0.5,1,1,GTGCTACGCACATAAGTTTT,0,434760
acrZp,0.5,1,1,GTGCGTAGTCCGCCGATGTT,0,461769
acrZp,0.5,1,1,GTGCGTAAAATTAAGGGTAG,0,419286
acrZp,0.5,1,1,GTGCCTCGGTTGCAGTTATC,0,422329
acrZp,0.5,1,1,GTGCAGTCGGGGCTAGTTGG,0,465708
acrZp,0.5,1,1,GTGATTCTACGGCAAGTGTC,0,430772
acrZp,0.5,1,1,GTGATCTGTAAAAGAATTAT,0,414324
acrZp,0.5,1,1,GTGATACCGCTCAGCTTTAG,0,462416
acrZp,0.5,1,1,GTGAGGTGCGGCGGTAGCTC,0,432170
acrZp,0.5,1,1,GTGAGCTCAACATTTGCACA,0,451935
acrZp,0.5,1,1,GTGAGCCCTGCCAGATGCAT,0,429576
acrZp,0.5,1,1,GTGACTGTTTTGCCTGAGAA,0,437320
acrZp,0.5,1,1,GTGACGCTAATGGGGATACG,0,465397
acrZp,0.5,1,1,GTGACGCGCTGGCGGGTCCG,0,424289
acrZp,0.5,1,1,GTGACCTGAAGGATCGCCCT,0,441263
acrZp,0.5,1,1,GTGACCCCTGCCCTTTTCCT,0,447929
acrZp,0.5,1,1,GTGACACCGTCCATGATTTT,0,433623
acrZp,0.5,1,1,GTGAATCTATTAGGAGAGGA,0,454350
acrZp,0.5,1,1,GTGAAATGTCACAACTCGAT,0,467225
acrZp,0.5,1,1,GTCTTTCAGGATGGGACACT,0,449134
acrZp,0.5,1,1,GTCTGGGCAGGTTAAATCAA,0,423471
acrZp,0.5,1,1,GTCTGATCCGCATAGGGTTC,0,462757
acrZp,0.5,1,1,GTCTCCTTCACCCAGTTCCA,0,426334
acrZp,0.5,1,1,GTCTCCTATGCGTGGGCTGA,0,467156
acrZp,0.5,1,1,GTCTCATATTTGCAGCGTTC,0,440461
acrZp,0.5,1,1,GTCTCAAGATATGCGGTGGC,0,454475
acrZp,0.5,1,1,GTCTATTCGGATCATGATCT,0,451688
acrZp,0.5,1,1,GTCTAGCGTGCGTAAATCAA,0,427491
acrZp,0.5,1,1,GTCTACTGGATTGCCCGAGG,0,425239
acrZp,0.5,1,1,GTCTACCACAATCCCAGTTG,0,460990
acrZp,0.5,1,1,GTCGTCCAGTACGAGTTACT,0,444414
acrZp,0.5,1,1,GTCGTCAGCTGTCCACACAT,0,456276
acrZp,0.5,1,1,GTCGGGGGAGATCCTAGATT,0,438261
acrZp,0.5,1,1,GTCGCGGTTCGCGCGCTATG,0,443676
acrZp,0.5,1,1,GTCGATGTTATATGAGAGCA,0,417582
acrZp,0.5,1,1,GTCGAGTTGGTTACAGTGCG,0,459211
acrZp,0.5,1,1,GTCGACTGCATCAAAAGGCA,0,463407
acrZp,0.5,1,1,GTCGAACGTGCTACGCAAAG,0,410949
acrZp,0.5,1,1,GTCCTTCTGATTCACACAGG,0,420594
acrZp,0.5,1,1,GTCCTTCTAACTGACGGCAC,0,412770
acrZp,0.5,1,1,GTCCTCGTAACATCGAAAAG,0,456948
acrZp,0.5,1,1,GTCCGGGAAATTCTCAGTAC,0,410091
acrZp,0.5,1,1,GTCCGATGAGAGGAAAGAGC,0,419726
acrZp,0.5,1,1,GTCCCTGCACGAGCTGTACA,0,448777
acrZp,0.5,1,1,GTCCCCGACCATTTAGGTCT,0,421048
acrZp,0.5,1,1,GTCCATCGGGGGCAGGGGGC,0,432186
acrZp,0.5,1,1,GTCCATCCATTGTTGGAAAA,0,427138
acrZp,0.5,1,1,GTCCATAGCAGCAAGCTCAA,0,439022
acrZp,0.5,1,1,GTCCAGGCACAGAAGCATGG,0,438328
acrZp,0.5,1,1,GTCCACTCACACATGGCGGT,0,451886
acrZp,0.5,1,1,GTCCAAGAAATTGGCTTGAG,0,455605
acrZp,0.5,1,1,GTCATTACCCGAGTGGAATG,0,432965
acrZp,0.5,1,1,GTCATGGTGGACATATGGCA,0,420142
acrZp,0.5,1,1,GTCATGCTCGTAATAGTGCA,0,466014
acrZp,0.5,1,1,GTCAGCGAGGGCTCGCGGGC,0,434835
acrZp,0.5,1,1,GTCACTTGCTCAGACGTCCC,0,452604
acrZp,0.5,1,1,GTCACTACGCACTCCTTGCC,0,431500
acrZp,0.5,1,1,GTCACGGACAGGGCAATCCG,0,450153
acrZp,0.5,1,1,GTCAATGTTCCCTGTTGCGC,0,413811
acrZp,0.5,1,1,GTCAATGAGTTGGCCATTAT,0,415919
acrZp,0.5,1,1,GTCAAGGCCCGACACGACGT,0,448837
acrZp,0.5,1,1,GTCAACATAGGGTGTACATT,0,430481
acrZp,0.5,1,1,GTCAAAGCAAACCAAACACT,0,456608
acrZp,0.5,1,1,GTCAAACAGTGGCCTGGAGG,0,460806
acrZp,0.5,1,1,GTCAAAAAGAGAATCTGACC,0,452835
acrZp,0.5,1,1,GTATTGGCGCTATGCGACAG,0,432226
acrZp,0.5,1,1,GTATTCCAGTAGCGACAAAC,0,435016
acrZp,0.5,1,1,GTATTAATCTCTGGTTAGCC,0,461991
acrZp,0.5,1,1,GTATCAGTTACGTGAGTCTC,0,431153
acrZp,0.5,1,1,GTATCACTTCGTCGATTCCT,0,455023
acrZp,0.5,1,1,GTATCACTGTTAGGACTTTG,0,424095
acrZp,0.5,1,1,GTATATGAATTTGGAGATTC,0,465077
acrZp,0.5,1,1,GTATACGCTGCGTCTACCGC,0,419844
acrZp,0.5,1,1,GTATACAGTCTCGTATATCA,0,420264
acrZp,0.5,1,1,GTATACACTACGCGGGACCG,0,431741
acrZp,0.5,1,1,GTATAACATGGTACAGAGGG,0,458103
acrZp,0.5,1,1,GTAGTTTGCTATAGGTTTCC,0,436490
acrZp,0.5,1,1,GTAGTGATTTCCAGGGATTT,0,454175
acrZp,0.5,1,1,GTAGTAGACTGACCGACTTA,0,446238
acrZp,0.5,1,1,GTAGGGAATCGAGTCTGTAG,0,419180
acrZp,0.5,1,1,GTAGGCGCTATCATTCTAAC,0,435386
acrZp,0.5,1,1,GTAGGCACACTGGTCAAAGG,0,458230
acrZp,0.5,1,1,GTAGGCAAATAGATGGGCAG,0,432518
acrZp,0.5,1,1,GTAGCTGTTCAAATCTATTA,0,459932
acrZp,0.5,1,1,GTAGCTCCTCATTAACTCGT,0,438750
acrZp,0.5,1,1,GTAGCGTCCCAAAAGAAAGG,0,464621
acrZp,0.5,1,1,GTAGCGCCGAGACTACGAGC,0,458612
acrZp,0.5,1,1,GTAGCGAGGTTATTTTCGCA,0,449212
acrZp,0.5,1,1,GTAGCCACATAGGCCCGTAT,0,458284
acrZp,0.5,1,1,GTAGATAGTCTATGGTTGGC,0,456016
acrZp,0.5,1,1,GTAGAGCTATGAACGTCACA,0,419476
acrZp,0.5,1,1,GTAGAGCAGACATTCCTTCT,0,461244
acrZp,0.5,1,1,GTAGAGAAAGAGTCGCTTCA,0,461820
acrZp,0.5,1,1,GTACGGTATCGTGCAGATGG,0,440397
acrZp,0.5,1,1,GTACGGGTTTATTCAGTCCT,0,423116
acrZp,0.5,1,1,GTACGAAGTTCAAGGTGGTC,0,413633
acrZp,0.5,1,1,GTACCGCCCTACGTGAAGGT,0,415595
acrZp,0.5,1,1,GTACCATCGTTTGCACACAA,0,419912
acrZp,0.5,1,1,GTACACCGCTCTATGAAACT,0,438101
acrZp,0.5,1,1,GTAATGAGTTCCGGAACTAA,0,459610
acrZp,0.5,1,1,GTAATCGATCAGGGCTCCTT,0,429743
acrZp,0.5,1,1,GTAAGTTTAACTGATTAGTC,0,430693
acrZp,0.5,1,1,GTAAGCCTGGCTGGAGGATA,0,458546
acrZp,0.5,1,1,GTAAGCCTCCCCCCGTCTGG,0,427852
acrZp,0.5,1,1,GTAAGATTAGGACCCGTATC,0,425316
acrZp,0.5,1,1,GTAAAGAGCGCCCTTGTTTT,0,459078
acrZp,0.5,1,1,GTAAACGGTATGACGTGCGT,0,446018
acrZp,0.5,1,1,GGTTGTCACCAATCCTTGCT,0,409194
acrZp,0.5,1,1,GGTTGGGCGTTAATCACTGT,0,436469
acrZp,0.5,1,1,GGTTGCTTAAAGGTAGATGT,0,439031
acrZp,0.5,1,1,GGTTCTTAAAGCTATGGACA,0,428696
acrZp,0.5,1,1,GGTTCTAGAGTCCGCCCATA,0,446564
acrZp,0.5,1,1,GGTTCGTATTTCGATATCAT,0,426405
acrZp,0.5,1,1,GGTTCCGTGGCCGTAGAGCC,0,428198
acrZp,0.5,1,1,GGTTCCCGGCACGGTTTATG,0,447074
acrZp,0.5,1,1,GGTTATGCGTTCGCAGATGT,0,420492
acrZp,0.5,1,1,GGTTACGGTGCTGAGGTCAT,0,461286
acrZp,0.5,1,1,GGTTACAGAGTGGAGCACAA,0,413132
acrZp,0.5,1,1,GGTGTTCGCCTGAGCTATTG,0,452184
acrZp,0.5,1,1,GGTGTCGGGTAGTGACTTGA,0,451490
acrZp,0.5,1,1,GGTGGGTGCGAACAAGCTGG,0,446182
acrZp,0.5,1,1,GGTGGGATTCTCGGCTTTTC,0,450837
acrZp,0.5,1,1,GGTGGCTTGTTGATTGACTT,0,466541
acrZp,0.5,1,1,GGTGGCGCACTGTTGCTTTA,0,410538
acrZp,0.5,1,1,GGTGGCATTCTTGCACGGTT,0,421604
acrZp,0.5,1,1,GGTGGCACGGTCTCTTACAA,0,427329
acrZp,0.5,1,1,GGTGCCGGGAAGTACGTGGT,0,414736
acrZp,0.5,1,1,GGTGCCATTTCCGCTTCCCG,0,429617
acrZp,0.5,1,1,GGTGCACATCAATTCTGGCA,0,412555
acrZp,0.5,1,1,GGTGAGCTGTATCGTGCACT,0,451740
acrZp,0.5,1,1,GGTGAAGTGCAACACGTGTT,0,421407
acrZp,0.5,1,1,GGTCTTGTCGGAATGCACCA,0,421612
acrZp,0.5,1,1,GGTCTCCCGCAAGCGTCCAT,0,437746
acrZp,0.5,1,1,GGTCTCAGTTAGCCGGGTGT,0,417847
acrZp,0.5,1,1,GGTCGTCGAAACCAGATGAT,0,431013
acrZp,0.5,1,1,GGTCGGTAAGATATGTCTGC,0,438176
acrZp,0.5,1,1,GGTCCTGGAGCGGGGCATGG,0,443684
acrZp,0.5,1,1,GGTCCTAGCGCATGAGATTG,0,424913
acrZp,0.5,1,1,GGTCCCATGTTCCGGAAGTA,0,421472
acrZp,0.5,1,1,GGTCAGTAAGAAGAAGCTTT,0,434646
acrZp,0.5,1,1,GGTCAGCTACGGGGCAAGGG,0,440816
acrZp,0.5,1,1,GGTCAGCGATTAGTTCAAGG,0,461681
acrZp,0.5,1,1,GGTATGTGCTAAGCGCCTCT,0,435558
acrZp,0.5,1,1,GGTATGGTGATTTGATACCA,0,426988
acrZp,0.5,1,1,GGTATGACGGTAACTGAAGC,0,420781
acrZp,0.5,1,1,GGTATCGTCAGCAGAGCGCA,0,415505
acrZp,0.5,1,1,GGTATAGACACATAATATGG,0,447801
acrZp,0.5,1,1,GGTATACTGATGTTGCAATT,0,443639
acrZp,0.5,1,1,GGTATACGATCTTCCCTCAT,0,428238
acrZp,0.5,1,1,GGTATACGAGGGGAGCGACG,0,433965
acrZp,0.5,1,1,GGTATAAAGGACCTGTTCTG,0,447344
acrZp,0.5,1,1,GGTAGGGAACCAGCGACTCG,0,414825
acrZp,0.5,1,1,GGTAGCTAGAGGTCAATATG,0,424737
acrZp,0.5,1,1,GGTACTCCGTAATCGAAATA,0,440591
acrZp,0.5,1,1,GGTAATTTCTGAAGCGGTAC,0,453447
acrZp,0.5,1,1,GGTAATACGTTACACCGAAT,0,429889
acrZp,0.5,1,1,GGTAAGGGGGTCCTGTCCCG,0,464836
acrZp,0.5,1,1,GGGTTTATTTCGCATCACCT,0,425140
acrZp,0.5,1,1,GGGTTGTAAGAAGACCGGTC,0,441303
acrZp,0.5,1,1,GGGTTACGGGTGTTTCGGCT,0,409824
acrZp,0.5,1,1,GGGTTAACCCGCCACTACGT,0,435998
acrZp,0.5,1,1,GGGTGGGTTGACACATCATT,0,413273
acrZp,0.5,1,1,GGGTGCAGTGCACTTGGGAG,0,439717
acrZp,0.5,1,1,GGGTCTGTTTCCGCATGTCG,0,457273
acrZp,0.5,1,1,GGGTCGTGTACCCCAGGGAA,0,418299
acrZp,0.5,1,1,GGGTCGGGAGAATCCCGCAC,0,434820
acrZp,0.5,1,1,GGGTCGGATAGACTGAGGTG,0,432446
acrZp,0.5,1,1,GGGTCCTAGATAACCAAAAG,0,451648
acrZp,0.5,1,1,GGGTATATTAGAGTGCGCTT,0,440004
acrZp,0.5,1,1,GGGTAGAGTGCGTCAATACA,0,428283
acrZp,0.5,1,1,GGGTAGAAGATTAATGGACG,0,444870
acrZp,0.5,1,1,GGGGTGGTTACATAAGCGTA,0,464577
acrZp,0.5,1,1,GGGGGTTTCGGTACTGTACA,0,421928
acrZp,0.5,1,1,GGGGGTATCATTGAACCCAC,0,456545
acrZp,0.5,1,1,GGGGGGTTTACTCGCAGTTT,0,465132
acrZp,0.5,1,1,GGGGGGTGTGATACTTCTAA,0,425162
acrZp,0.5,1,1,GGGGGGGCTGTGAACCTGTA,0,457869
acrZp,0.5,1,1,GGGGGCCGTAATAGGTCCAG,0,455208
acrZp,0.5,1,1,GGGGGATAAATTGGTCTAAA,0,451373
acrZp,0.5,1,1,GGGGCTTAAACTCGAGGGGC,0,459739
acrZp,0.5,1,1,GGGGCGCCTTGAGAACACAA,0,461728
acrZp,0.5,1,1,GGGGCAGGAGATTATTGTCC,0,454750
acrZp,0.5,1,1,GGGGCAGAGGTCACTCTCCC,0,425658
acrZp,0.5,1,1,GGGGATCCTTGTCTATTGGC,0,449694
acrZp,0.5,1,1,GGGGAAGGGGACGGATTGTC,0,420795
acrZp,0.5,1,1,GGGGAAGATCGCTGGGGAGT,0,410410
acrZp,0.5,1,1,GGGCTTCTACCTGGGCTTTT,0,428733
acrZp,0.5,1,1,GGGCTGGGACTGTGTAAGAA,0,435188
acrZp,0.5,1,1,GGGCTGCAGCGCGTCTTACC,0,415989
acrZp,0.5,1,1,GGGCGTGTGATACAAACCGT,0,446313
acrZp,0.5,1,1,GGGCGATGCTGATGCGGCTT,0,429611
acrZp,0.5,1,1,GGGCGAGCTTCGGTACGGAC,0,419721
acrZp,0.5,1,1,GGGCCGCTATTGATGCTTCA,0,423473
acrZp,0.5,1,1,GGGCATTGGGATCGGGCTCC,0,464997
acrZp,0.5,1,1,GGGCATACCCGCGCAAATTC,0,428194
acrZp,0.5,1,1,GGGCACGTTTTGCTCAGTTA,0,434416
acrZp,0.5,1,1,GGGCACGTTCCACCTGCTAT,0,441211
acrZp,0.5,1,1,GGGCACGACAGCATTGCATA,0,445180
acrZp,0.5,1,1,GGGCACATCGGGTAAAGCGA,0,420763
acrZp,0.5,1,1,GGGATTGTGCAGTGCGGGTT,0,442067
acrZp,0.5,1,1,GGGATTGGTCACCATAGAAA,0,438102
acrZp,0.5,1,1,GGGATAATGATAGAGAAAGA,0,459511
acrZp,0.5,1,1,GGGAGTTAGCGGGTCGTGAA,0,419955
acrZp,0.5,1,1,GGGAGGCGGGGGTCCGAGAC,0,450538
acrZp,0.5,1,1,GGGAGAGGGTGCACTGTTTA,0,418144
acrZp,0.5,1,1,GGGAGAACGTCATCAGTGGA,0,437905
acrZp,0.5,1,1,GGGACATCAGGGTTTAAGAG,0,415714
acrZp,0.5,1,1,GGGACAAACGGCCGAATCAA,0,450321
acrZp,0.5,1,1,GGGAATCCTTACGACGCAGT,0,450768
acrZp,0.5,1,1,GGGAAGGCCATCCAAACGGT,0,434677
acrZp,0.5,1,1,GGGAAGAGAGATATGTCCAG,0,441561
acrZp,0.5,1,1,GGGAAATGATCGAAGATCGT,0,446653
acrZp,0.5,1,1,GGGAAAGAAAGGCGTCGAAC,0,467187
acrZp,0.5,1,1,GGGAAAAATCTTGAGTACGA,0,433621
acrZp,0.5,1,1,GGCTTTGCGGCAATGATCGT,0,440413
acrZp,0.5,1,1,GGCTTGAGCCAGGTACCCTT,0,448137
acrZp,0.5,1,1,GGCTTCAAGACTGCCATCAA,0,413474
acrZp,0.5,1,1,GGCTTAAGTGGAGCGTTTGA,0,409694
acrZp,0.5,1,1,GGCTGGGCTGGTATCTTCTT,0,449533
acrZp,0.5,1,1,GGCTGGGAGTAACATGCAGT,0,414919
acrZp,0.5,1,1,GGCTGCAAAGACGGGTTAGT,0,452517
acrZp,0.5,1,1,GGCTCGTAATGTGTCGGTCT,0,427804
acrZp,0.5,1,1,GGCTCGGTACCTTAACGCCA,0,413486
acrZp,0.5,1,1,GGCTCGATGTTGCTGCAGAC,0,432600
acrZp,0.5,1,1,GGCTCCTTCTCAAAAGCGGC,0,426705
acrZp,0.5,1,1,GGCTATACGTTCTCGGAATA,0,454443
acrZp,0.5,1,1,GGCTAGTCAAATGGTTAGCA,0,457645
acrZp,0.5,1,1,GGCTACGGTGCTTCGAATGG,0,460518
acrZp,0.5,1,1,GGCTAATAGTCTGGTCGCGG,0,449273
acrZp,0.5,1,1,GGCGTGCTTGACGGAACCTC,0,418695
acrZp,0.5,1,1,GGCGTCCTAATCCCATGCAT,0,456517
acrZp,0.5,1,1,GGCGTACCGTCCCGGATAGC,0,430625
acrZp,0.5,1,1,GGCGTAAGGGAAAGGGTCGG,0,428006
acrZp,0.5,1,1,GGCGGGACGATCTCTAGATT,0,426279
acrZp,0.5,1,1,GGCGGATCCCGGTACATGAG,0,449673
acrZp,0.5,1,1,GGCGGAGGCGTTGTTCGAGG,0,457472
acrZp,0.5,1,1,GGCGGAGGCCCGACAACCTC,0,466316
acrZp,0.5,1,1,GGCGCTGACCCTGACGAGGG,0,458706
acrZp,0.5,1,1,GGCGCAATAGCGCTCTAAGG,0,415607
acrZp,0.5,1,1,GGCGCAAGTGATTTCACTTA,0,409649
acrZp,0.5,1,1,GGCGATCTTCCCCATCTCAA,0,429991
acrZp,0.5,1,1,GGCGAGTGCTGTTCCGGGCT,0,409685
acrZp,0.5,1,1,GGCGAGGAGTACCGGGCTTC,0,447398
acrZp,0.5,1,1,GGCGACGATTAAATGGTTCT,0,452741
acrZp,0.5,1,1,GGCGAATTGAGATTAGAACT,0,460742
acrZp,0.5,1,1,GGCGAAGGATAGACTTCCAT,0,461737
acrZp,0.5,1,1,GGCCTGGGCTCGGCCTAAGT,0,422533
acrZp,0.5,1,1,GGCCTCTAAGCAACCTGGCA,0,420934
acrZp,0.5,1,1,GGCCTCGGGTCACTACATAT,0,450743
acrZp,0.5,1,1,GGCCGTCCAACGCCAGGCCT,0,412823
acrZp,0.5,1,1,GGCCGGGCGAACTGATATCA,0,430025
acrZp,0.5,1,1,GGCCGCGTCGCCTAATTGAA,0,455275
acrZp,0.5,1,1,GGCCATAGGATTGCTCATTC,0,415620
acrZp,0.5,1,1,GGCCATAGCTATCCGGCCCG,0,448921
acrZp,0.5,1,1,GGCCAGAGCCCCAATGGTCG,0,428960
acrZp,0.5,1,1,GGCCAGAATTGGTCCTGACT,0,408758
acrZp,0.5,1,1,GGCCACTGCTTAAACATCGG,0,428422
acrZp,0.5,1,1,GGCCACTAGACACTACGACT,0,450485
acrZp,0.5,1,1,GGCCAACATCAAGGCTTCGC,0,440028
acrZp,0.5,1,1,GGCATTTATTCGAGGATCTC,0,424162
acrZp,0.5,1,1,GGCATGTCTATACCAGCACT,0,408736
acrZp,0.5,1,1,GGCATCTGTGGGTCCGAGAT,0,467470
acrZp,0.5,1,1,GGCATCGAGAGTTCCCTGGG,0,459050
acrZp,0.5,1,1,GGCAGTCGCAAAGATTCAAA,0,425076
acrZp,0.5,1,1,GGCAGTATGCGCGTGCCCTA,0,425798
acrZp,0.5,1,1,GGCAGTACTCAGGGCTCGTA,0,437996
acrZp,0.5,1,1,GGCAGGTTCTAACAGGCGGA,0,414097
acrZp,0.5,1,1,GGCAGGCTACCTTCACCGCT,0,429764
acrZp,0.5,1,1,GGCAGCCTCGATCAATTCTT,0,438290
acrZp,0.5,1,1,GGCAGCATATCGGGACCGTC,0,439097
acrZp,0.5,1,1,GGCACTGCTGTCAGTATCAT,0,447353
acrZp,0.5,1,1,GGCACTACAGGCGACACAGA,0,426454
acrZp,0.5,1,1,GGCACGCGAAGCGCCACCAG,0,444960
acrZp,0.5,1,1,GGCACCCTATACGGGGAATT,0,421974
acrZp,0.5,1,1,GGCACCCCATGGTGCGAACT,0,441736
acrZp,0.5,1,1,GGCACATAAATGCGTCCATA,0,444465
acrZp,0.5,1,1,GGCACAGATACTAGCAGGGT,0,443261
acrZp,0.5,1,1,GGCAAGGGTATTGTTTCCGA,0,418971
acrZp,0.5,1,1,GGCAAACAGCCTTCGTATTC,0,443756
acrZp,0.5,1,1,GGATTTGTAATTCAGGTGTA,0,466246
acrZp,0.5,1,1,GGATTGGATCGCGGGTTTGA,0,466808
acrZp,0.5,1,1,GGATTGGATATAAAAAGGTA,0,466396
acrZp,0.5,1,1,GGATTCAGGTGGGGGGTAAA,0,435536
acrZp,0.5,1,1,GGATTATGCTAGGCCATAAG,0,459129
acrZp,0.5,1,1,GGATGTAGCTTGTCTGCGAA,0,422197
acrZp,0.5,1,1,GGATGGTAAGATCATGATAT,0,440262
acrZp,0.5,1,1,GGATGCTCTTTTTACTTGGC,0,414261
acrZp,0.5,1,1,GGATGACAGAAGTACTGCGC,0,461373
acrZp,0.5,1,1,GGATCTGCAGCCACTCTCCG,0,460780
acrZp,0.5,1,1,GGATCGTAGTGATCCATAGG,0,456977
acrZp,0.5,1,1,GGATCGGATGTGCAGGTTCC,0,457373
acrZp,0.5,1,1,GGATACCCCATGGGCATACA,0,431238
acrZp,0.5,1,1,GGATAATTAGTTTAGCGTTA,0,458437
acrZp,0.5,1,1,GGATAATGAACGCGCACTGG,0,408768
acrZp,0.5,1,1,GGATAAATAGGGGCCGGAGA,0,433054
acrZp,0.5,1,1,GGAGTTGGTGCTCAACGAGA,0,437523
acrZp,0.5,1,1,GGAGTTGCAGAGGCATTCAT,0,420996
acrZp,0.5,1,1,GGAGTGCTATTACCGCTTCA,0,450493
acrZp,0.5,1,1,GGAGTCTTGTGTGACGGCCG,0,435294
acrZp,0.5,1,1,GGAGTCATTAATTGAAATGC,0,412205
acrZp,0.5,1,1,GGAGTAAGGTTATCTGTTGT,0,465617
acrZp,0.5,1,1,GGAGGGGAACCTCCCCCTCA,0,425679
acrZp,0.5,1,1,GGAGGGCACAGCGAGCCATA,0,424904
acrZp,0.5,1,1,GGAGGCCAACTGGGAGGCAA,0,439376
acrZp,0.5,1,1,GGAGGAGGTCCTTAGCTATG,0,448896
acrZp,0.5,1,1,GGAGGACATAGACCTATTAA,0,418868
acrZp,0.5,1,1,GGAGCGTGCATGTCATCCCC,0,419475
acrZp,0.5,1,1,GGAGCACTAGTAGCTTCGGG,0,439668
acrZp,0.5,1,1,GGAGATATTTTGAAAGGGTT,0,442499
acrZp,0.5,1,1,GGAGACGGCGGGTCGTGAGG,0,458929
acrZp,0.5,1,1,GGAGAATGACGGTTGAAGAT,0,444628
acrZp,0.5,1,1,GGACTTCTTGACATAGTGTC,0,441044
acrZp,0.5,1,1,GGACTGGACCGATGGGAATC,0,410946
acrZp,0.5,1,1,GGACTAAGACTGAGTAGGGT,0,438255
acrZp,0.5,1,1,GGACGCGCCCGATGTCTGGC,0,414217
acrZp,0.5,1,1,GGACCTTTTAGGTTAACTTA,0,412299
acrZp,0.5,1,1,GGACCTGTGTATTCAGTTGG,0,422025
acrZp,0.5,1,1,GGACCTCGATTTTGTCGCAA,0,459294
acrZp,0.5,1,1,GGACCTAGAAAAGAATACAA,0,427525
acrZp,0.5,1,1,GGACCCGTAACAACGAACTG,0,443913
acrZp,0.5,1,1,GGACAGGTTCTAATATAATC,0,430684
acrZp,0.5,1,1,GGACAGCCGTTTGACTAATC,0,448717
acrZp,0.5,1,1,GGACAGATATACACCTGCTG,0,463715
acrZp,0.5,1,1,GGAATTTCGTGGCCAAGAAT,0,460951
acrZp,0.5,1,1,GGAATGTAGGTGACCTGCGT,0,436008
acrZp,0.5,1,1,GGAATACTCATGCGTCCAGG,0,440199
acrZp,0.5,1,1,GGAAGATATATTAGGGAGAA,0,437962
acrZp,0.5,1,1,GGAACGTTGGACTATAGTGA,0,444875
acrZp,0.5,1,1,GGAACAAGGGAGTTGTTTTC,0,456509
acrZp,0.5,1,1,GGAAATCTATGCCGCAAACT,0,423429
acrZp,0.5,1,1,GGAAAAGTTGTGGACAATAA,0,454291
acrZp,0.5,1,1,GGAAAAGCTGCTTTCTAGGC,0,416352
acrZp,0.5,1,1,GGAAAACGGGGATTCGTTTG,0,410058
acrZp,0.5,1,1,GCTTTGGTTACTGGGTGACC,0,412956
acrZp,0.5,1,1,GCTTTGCATACATGTAGTTT,0,414156
acrZp,0.5,1,1,GCTTTCTACACATAATAAAG,0,428526
acrZp,0.5,1,1,GCTTGGCAGCCCTTTCAAGG,0,416825
acrZp,0.5,1,1,GCTTGATGTCCTAGTTATGC,0,438789
acrZp,0.5,1,1,GCTTGAATCTCCGTCGAGTC,0,438286
acrZp,0.5,1,1,GCTTATAACGTAGCGTAAGG,0,464645
acrZp,0.5,1,1,GCTTACGGACTTGTATATCG,0,450776
acrZp,0.5,1,1,GCTGTGGCACTCAGGGCCAG,0,412189
acrZp,0.5,1,1,GCTGTATGACGGGGTACATG,0,451968
acrZp,0.5,1,1,GCTGGTTTATGCATCTTAAT,0,412569
acrZp,0.5,1,1,GCTGGGGTTACTGCGCTACT,0,456837
acrZp,0.5,1,1,GCTGGCGACCTCCATACACT,0,462141
acrZp,0.5,1,1,GCTGGCCTGTGTGCGGACTT,0,425005
acrZp,0.5,1,1,GCTGGATTCGATTGCTCAAT,0,425160
acrZp,0.5,1,1,GCTGCGTTGAAGCCTTCAAA,0,439620
acrZp,0.5,1,1,GCTGCGCTCGTACAAGCATA,0,466807
acrZp,0.5,1,1,GCTGCCTAGCCGATCTAGGA,0,456967
acrZp,0.5,1,1,GCTGCCCCGGCGCGGAGTCA,0,413341
acrZp,0.5,1,1,GCTGCACTGCTGAGCGTCTG,0,418880
acrZp,0.5,1,1,GCTGAGTAAACTCGGTCGGA,0,461666
acrZp,0.5,1,1,GCTGAATTAATGGTGAGCTG,0,433567
acrZp,0.5,1,1,GCTGAACATAGAGCACCGAC,0,459097
acrZp,0.5,1,1,GCTCTGCGGCCCTCTTTAAT,0,455047
acrZp,0.5,1,1,GCTCTCGGGTCACGGTTGGG,0,432552
acrZp,0.5,1,1,GCTCGTCGTTCAAAATAATA,0,457904
acrZp,0.5,1,1,GCTCGGCTGGGTAGCACTCC,0,444121
acrZp,0.5,1,1,GCTCGCAGAACTACGAGAAC,0,412470
acrZp,0.5,1,1,GCTCGAGCTGCGCCTTGGCG,0,453037
acrZp,0.5,1,1,GCTCCGACAGGACGCGTGCA,0,412416
acrZp,0.5,1,1,GCTCCCGAGCCACAGGAACA,0,409293
acrZp,0.5,1,1,GCTCCAGTGGTGAGGCCATC,0,425725
acrZp,0.5,1,1,GCTCCAGTAATCACCTTGGA,0,419797
acrZp,0.5,1,1,GCTCATTTTCCTTTACGGAT,0,412148
acrZp,0.5,1,1,GCTCATTAAGGACTTAGAGT,0,449957
acrZp,0.5,1,1,GCTCATACAGGCTTCGCTGA,0,451335
acrZp,0.5,1,1,GCTCAGGTCGTTCTTGCGTG,0,411741
acrZp,0.5,1,1,GCTCAGGGCTCCCGCACCCA,0,460843
acrZp,0.5,1,1,GCTATTTGAACATCATCGAA,0,447144
acrZp,0.5,1,1,GCTATTGCAACAATGCAAAC,0,414818
acrZp,0.5,1,1,GCTATCTACAGGCGCTTTAG,0,463160
acrZp,0.5,1,1,GCTATAATTACACTTAAAAG,0,428605
acrZp,0.5,1,1,GCTAGTCTCATTTCTAAGTA,0,449529
acrZp,0.5,1,1,GCTAGTCCTGTTACTCCCAA,0,454292
acrZp,0.5,1,1,GCTAGCACTTACCACTTGTA,0,426849
acrZp,0.5,1,1,GCTAACTCGTCTAGGTGAAT,0,412198
acrZp,0.5,1,1,GCTAAAGCAACATGCTAAAG,0,431898
acrZp,0.5,1,1,GCGTTTCGGCATCGTAAGGA,0,419852
acrZp,0.5,1,1,GCGTTCTGATGGTCAAGGAG,0,448387
acrZp,0.5,1,1,GCGTGCGCAGCCCCGCGCCT,0,416906
acrZp,0.5,1,1,GCGTCCATAGAGTCTCTAGA,0,463776
acrZp,0.5,1,1,GCGTCACAGGAGGCATGAAA,0,438088
acrZp,0.5,1,1,GCGTATCGGTATTACCCTAA,0,450312
acrZp,0.5,1,1,GCGTATATGAGGAGTACCAT,0,454004
acrZp,0.5,1,1,GCGTAGTAGGCCACGTAATT,0,432128
acrZp,0.5,1,1,GCGTACCATTCATCGGTCAA,0,409878
acrZp,0.5,1,1,GCGGTTTTAAGAACATCTTG,0,422529
acrZp,0.5,1,1,GCGGTTCATTTAATTAGCAT,0,437032
acrZp,0.5,1,1,GCGGTGCTCTCTGCAGCGAA,0,418675
acrZp,0.5,1,1,GCGGTAAGTATAATATCCCA,0,413885
acrZp,0.5,1,1,GCGGGGCTGGCTACGCGGGA,0,432909
acrZp,0.5,1,1,GCGGGGCGGAGCTCAAGCGG,0,421651
acrZp,0.5,1,1,GCGGGGATTCAGCCCTGGTG,0,433316
acrZp,0.5,1,1,GCGGCTATTTAGCGATTGGC,0,434600
acrZp,0.5,1,1,GCGGCCTTCCGCTCTGGGTG,0,435065
acrZp,0.5,1,1,GCGGCCTGCTAATTTTCTGT,0,442909
acrZp,0.5,1,1,GCGGCCCTCCCAAATGCCCA,0,418608
acrZp,0.5,1,1,GCGGCCAAGCAATTTTGGTT,0,459132
acrZp,0.5,1,1,GCGGAGTCGGTTCAAGGTCT,0,421283
acrZp,0.5,1,1,GCGGAGGAGACTAAATACAT,0,458926
acrZp,0.5,1,1,GCGGAGCCATACGATACGGG,0,426709
acrZp,0.5,1,1,GCGCTACTTTAGGCGCTGGA,0,448628
acrZp,0.5,1,1,GCGCGTACTGCACTCGCAAA,0,449056
acrZp,0.5,1,1,GCGCGGTAAGCAGGCCCGTG,0,459604
acrZp,0.5,1,1,GCGCGGGTTAGTGAATACGC,0,416991
acrZp,0.5,1,1,GCGCGGATGCGTACCCGAGG,0,432925
acrZp,0.5,1,1,GCGCGCTCAAAGTTATGGAC,0,444129
acrZp,0.5,1,1,GCGCGATACCGGGTCCATAT,0,436046
acrZp,0.5,1,1,GCGCGACTCAACGGTTCGGG,0,457012
acrZp,0.5,1,1,GCGCCTTACCTGAGGACTAC,0,416370
acrZp,0.5,1,1,GCGCCTGGTGGCCACCTCGC,0,444551
acrZp,0.5,1,1,GCGCCCGCACTTTGCACGGC,0,442724
acrZp,0.5,1,1,GCGCCAGGTTTCCTACCAAT,0,425567
acrZp,0.5,1,1,GCGCAAGTCGCCGTGACCCT,0,427657
acrZp,0.5,1,1,GCGCAACGTGTACATCCCTT,0,454070
acrZp,0.5,1,1,GCGATTTTCCGAAGACGATG,0,457156
acrZp,0.5,1,1,GCGATGGACCCGCGGAAATA,0,448423
acrZp,0.5,1,1,GCGATATCCTGGCCAGAAGA,0,450655
acrZp,0.5,1,1,GCGATATAAGATCCTGCATC,0,452578
acrZp,0.5,1,1,GCGAGTATGTATTTGTCGTC,0,444866
acrZp,0.5,1,1,GCGAGGATGCGGTCGCCAAC,0,422710
acrZp,0.5,1,1,GCGACTGCTTTCATTGAAAC,0,425729
acrZp,0.5,1,1,GCGAATCGTGGCTTAGTGGC,0,419246
acrZp,0.5,1,1,GCGAAGTTTTTTGTTCCAGT,0,446210
acrZp,0.5,1,1,GCGAACTTGTTCCTGTACTA,0,466441
acrZp,0.5,1,1,GCGAAATTATACAAAGGATC,0,414783
acrZp,0.5,1,1,GCGAAAGATGCTATTATCTA,0,417855
acrZp,0.5,1,1,GCCTTGAATGCGTTCGCGGT,0,466118
acrZp,0.5,1,1,GCCTTATATCCATGGGCTGC,0,461790
acrZp,0.5,1,1,GCCTGGGCCGGCCCGGGGCT,0,434789
acrZp,0.5,1,1,GCCTGGCGTTCCAGCAATTG,0,419473
acrZp,0.5,1,1,GCCTGCCGCTCAATTCACCT,0,450409
acrZp,0.5,1,1,GCCTGATTAGACTGCAACTT,0,437521
acrZp,0.5,1,1,GCCTATCCATAGGCCAATTA,0,447496
acrZp,0.5,1,1,GCCGTTGCGTTGGCTATGTT,0,465231
acrZp,0.5,1,1,GCCGTTATCAAGAGGTCAGA,0,424437
acrZp,0.5,1,1,GCCGGGTGACCTTGTCCATT,0,449522
acrZp,0.5,1,1,GCCGGGGAACTGCGGGATAA,0,453043
acrZp,0.5,1,1,GCCGGGACCTACGTTATATG,0,463795
acrZp,0.5,1,1,GCCGGCCAAAGAGTTAGTGC,0,447815
acrZp,0.5,1,1,GCCGGAGCTTTGAGATTTCG,0,412485
acrZp,0.5,1,1,GCCGCGAAACGCCCTACGGA,0,449534
acrZp,0.5,1,1,GCCGCCTGGGCGCCGTTTGC,0,452749
acrZp,0.5,1,1,GCCGCCTATTACAGGCCTCT,0,444050
acrZp,0.5,1,1,GCCGCCAGCACGACGTCCTT,0,448361
acrZp,0.5,1,1,GCCGATTTGTACAGCCTCTT,0,439825
acrZp,0.5,1,1,GCCGAGGGTCCCGGTGAGAG,0,439126
acrZp,0.5,1,1,GCCGAGAGTCCATGTGGCAT,0,435567
acrZp,0.5,1,1,GCCGACTTTGGCCGCGGCAA,0,431498
acrZp,0.5,1,1,GCCCTGTTGGTCCATCTGTG,0,455695
acrZp,0.5,1,1,GCCCTGAATAGAGCTCGCGC,0,461236
acrZp,0.5,1,1,GCCCTGAAGTCGGACCGACC,0,436727
acrZp,0.5,1,1,GCCCCTCGCGCTCCGAGCGA,0,412329
acrZp,0.5,1,1,GCCCCTCATGCGGCATAACT,0,448448
acrZp,0.5,1,1,GCCCCAATCAACGGGCCATG,0,453737
acrZp,0.5,1,1,GCCCAGTTCCCCGCGTAAGG,0,458085
acrZp,0.5,1,1,GCCCAGCACTCACCCGAGCA,0,461553
acrZp,0.5,1,1,GCCATGTTTGTCGTCCCCCG,0,435069
acrZp,0.5,1,1,GCCATCAACTCTGCAGGCAA,0,417262
acrZp,0.5,1,1,GCCATACTATACTACTACGC,0,437457
acrZp,0.5,1,1,GCCATACCGTAGAAGAGGCA,0,450642
acrZp,0.5,1,1,GCCAGTCGTCGTGGACACAA,0,452577
acrZp,0.5,1,1,GCCAGCGAAAAGAACACTCG,0,444204
acrZp,0.5,1,1,GCCACGGGTCACCCTGGCGA,0,441512
acrZp,0.5,1,1,GCCACCATTGGTGGGCCGTG,0,445853
acrZp,0.5,1,1,GCCACCATATCTGATGCCCG,0,442388
acrZp,0.5,1,1,GCCACAGGGCGACGGCCCCC,0,430820
acrZp,0.5,1,1,GCCAATAGGGTTTCAAAATT,0,436906
acrZp,0.5,1,1,GCCAAATTAGAGGTTGTAGT,0,453171
acrZp,0.5,1,1,GCATTTGGGGTTAGGAGTAA,0,439318
acrZp,0.5,1,1,GCATTTGCTCACAATGAGAT,0,415707
acrZp,0.5,1,1,GCATTTCGATTGATCTCCCT,0,460159
acrZp,0.5,1,1,GCATTGGAAGGACGATAATC,0,426815
acrZp,0.5,1,1,GCATGTGTCCGATGTTTCAT,0,417817
acrZp,0.5,1,1,GCATGGGATCCTATGTGATA,0,414469
acrZp,0.5,1,1,GCATCCGGGACTTGACCGAG,0,448470
acrZp,0.5,1,1,GCATATTACTCGGGTGGTAA,0,422483
acrZp,0.5,1,1,GCATATATGAATAACTAACA,0,456907
acrZp,0.5,1,1,GCATAGTTGGGATATTACAG,0,457144
acrZp,0.5,1,1,GCAGTGATAAGCAATCTTCT,0,413228
acrZp,0.5,1,1,GCAGGTATATGCTGTCACAC,0,431596
acrZp,0.5,1,1,GCAGGATCTGGGACGCTGTC,0,442132
acrZp,0.5,1,1,GCAGGAGGTCAATGGGGAAC,0,461202
acrZp,0.5,1,1,GCAGCCTTTTCTTTAGACTG,0,454322
acrZp,0.5,1,1,GCAGCCGAGATCGACTGCTT,0,412725
acrZp,0.5,1,1,GCAGAGGCGCTAGATAATCC,0,420098
acrZp,0.5,1,1,GCAGAGAGTACGGGTAAAAT,0,437298
acrZp,0.5,1,1,GCACTCTCCTTACTTCCGGG,0,427817
acrZp,0.5,1,1,GCACTATCATACATTATAGG,0,441830
acrZp,0.5,1,1,GCACGTTCCCCTTTCCCGAA,0,448468
acrZp,0.5,1,1,GCACGTCATAAAAGAATCCC,0,440527
acrZp,0.5,1,1,GCACGTACCGTCCTTACGGC,0,432846
acrZp,0.5,1,1,GCACCCCACAGAAGACGGTG,0,412838
acrZp,0.5,1,1,GCACATCGGCTTTCTATAGT,0,420233
acrZp,0.5,1,1,GCACAGCTAGTAGACAGTGG,0,444876
acrZp,0.5,1,1,GCACAGCACAGGTCAGTACA,0,436527
acrZp,0.5,1,1,GCACAGACCGACCGGCTCTA,0,449280
acrZp,0.5,1,1,GCACACTAAAGTCCTTAAGC,0,457099
acrZp,0.5,1,1,GCACAAAGTGAGGTGTTGGT,0,435131
acrZp,0.5,1,1,GCAATTGTGCCAAGAGGCTA,0,446939
acrZp,0.5,1,1,GCAATACATCTTCGATTAGG,0,424968
acrZp,0.5,1,1,GCAAGGACCGGGCCAAAAGG,0,417750
acrZp,0.5,1,1,GCAAGAGCGGACGTGGTTAC,0,428742
acrZp,0.5,1,1,GCAACGGTTGGTAGTAGCTC,0,456884
acrZp,0.5,1,1,GCAAACGCGATCTCGAATCG,0,457048
acrZp,0.5,1,1,GCAAAATGGTGATCTGTTCA,0,420353
acrZp,0.5,1,1,GCAAAAATAATATTCGGCTA,0,442340
acrZp,0.5,1,1,GATTTTGGGGGCATGGCCAA,0,448342
acrZp,0.5,1,1,GATTTGTTGAGACGATAGTG,0,409442
acrZp,0.5,1,1,GATTTAGTGGGTAAAAAGCA,0,415637
acrZp,0.5,1,1,GATTGTGTTACATGACAGGC,0,463889
acrZp,0.5,1,1,GATTGTAAGTGTACGACGAG,0,422184
acrZp,0.5,1,1,GATTGCTATCGGTTTAAGTG,0,428490
acrZp,0.5,1,1,GATTGATAGGTGCGCGACGA,0,460901
acrZp,0.5,1,1,GATTCTCCTCGGTGGCATGG,0,421585
acrZp,0.5,1,1,GATTCGACTGGTACGTGCTG,0,437234
acrZp,0.5,1,1,GATTCAGGCGCGCGGTCGCC,0,442595
acrZp,0.5,1,1,GATTACTTCTTCAAAGTTCC,0,435641
acrZp,0.5,1,1,GATTACTCCAACTGTCGGCT,0,410484
acrZp,0.5,1,1,GATTAATGGTGTTTAGTTCT,0,437753
acrZp,0.5,1,1,GATGTGTACAGGAAGTCTAA,0,424716
acrZp,0.5,1,1,GATGTCAATAATGATAAGAG,0,458718
acrZp,0.5,1,1,GATGGGTCCTGTCGTGCCTC,0,435686
acrZp,0.5,1,1,GATGGAGAACCTTGGGAAGT,0,457194
acrZp,0.5,1,1,GATGGAACTGCCCTTGTCCA,0,460680
acrZp,0.5,1,1,GATGCCCCTTTCTCTCGTAA,0,427576
acrZp,0.5,1,1,GATCTTTACGCCCATCCTTT,0,421592
acrZp,0.5,1,1,GATCTAATAATCAGGGCCAT,0,463377
acrZp,0.5,1,1,GATCCTCGCGTTTCTGTTCA,0,410578
acrZp,0.5,1,1,GATCCAGTGTGTCGCGCCCC,0,412536
acrZp,0.5,1,1,GATCATCGTGAACTTAGCGT,0,442962
acrZp,0.5,1,1,GATCATCGGGACATCCTCTA,0,446634
acrZp,0.5,1,1,GATCAGAGAGTGTCGATTGT,0,446450
acrZp,0.5,1,1,GATCACTGGAATTACAATCA,0,424267
acrZp,0.5,1,1,GATATTATAGCCTTTTACTG,0,416408
acrZp,0.5,1,1,GATATGCGGCAGGGGTAGTG,0,446283
acrZp,0.5,1,1,GATATCGCATGAGTTACTTA,0,460865
acrZp,0.5,1,1,GATATCCCGCGGGAGGCATT,0,418974
acrZp,0.5,1,1,GATATACAGGCAGTTTTTTT,0,451823
acrZp,0.5,1,1,GATAGGGCTGCAAGAAAGTT,0,463516
acrZp,0.5,1,1,GATAGCTACATTCAAGTTAT,0,448113
acrZp,0.5,1,1,GATAGAGTAATAAAGACGCT,0,430814
acrZp,0.5,1,1,GAGTTTAATTGGTAGATGAT,0,450989
acrZp,0.5,1,1,GAGTGTTAAGCAGCAGGTGC,0,422373
acrZp,0.5,1,1,GAGTGCCCAGCCTCTCCAAG,0,433158
acrZp,0.5,1,1,GAGTGAGCTCACCACCCGTA,0,452670
acrZp,0.5,1,1,GAGTCAAGTGTATATGACTA,0,429045
acrZp,0.5,1,1,GAGTATTGTTAACATGGATG,0,426861
acrZp,0.5,1,1,GAGTAGGTTGAACGCCGTGT,0,465877
acrZp,0.5,1,1,GAGTACAGGGTACGGATAGG,0,423915
acrZp,0.5,1,1,GAGGTCTGCGGACGTTTATG,0,427716
acrZp,0.5,1,1,GAGGTCCGAATGTTAATGTG,0,448461
acrZp,0.5,1,1,GAGGTACCGCCAGCGACAGA,0,457206
acrZp,0.5,1,1,GAGGGCATCTCCATATCGCC,0,414616
acrZp,0.5,1,1,GAGGCTGCCCCCAGTGCTAT,0,415297
acrZp,0.5,1,1,GAGGCCCCGGGGACGGTTCT,0,448210
acrZp,0.5,1,1,GAGGCATGTTTTCACGGTTT,0,459167
acrZp,0.5,1,1,GAGGCATCCGGCCGGGAATC,0,457585
acrZp,0.5,1,1,GAGGACTTTAATTATGTGGA,0,418083
acrZp,0.5,1,1,GAGGACGGAGTCGGCGCACC,0,431536
acrZp,0.5,1,1,GAGGAAGGAATTCCCGGACT,0,427397
acrZp,0.5,1,1,GAGGAACAGCGCAATTTTCT,0,414203
acrZp,0.5,1,1,GAGGAACAATCAGCGTTAGC,0,453598
acrZp,0.5,1,1,GAGCTTCGTTGATGGCGATT,0,447291
acrZp,0.5,1,1,GAGCTGGGTTCCGTGGGATT,0,417003
acrZp,0.5,1,1,GAGCTCCCGGTGTCTTCCTT,0,432557
acrZp,0.5,1,1,GAGCGGGGCGCCAGTACATA,0,436661
acrZp,0.5,1,1,GAGCGGGCCGTCTTGTCGAA,0,414188
acrZp,0.5,1,1,GAGCGGAGCACGCAGAGCGA,0,421326
acrZp,0.5,1,1,GAGCCGGACCGTGGATGTCC,0,459088
acrZp,0.5,1,1,GAGCCATCGTACTCTGTGTA,0,463903
acrZp,0.5,1,1,GAGCATTGAAAGGTTAAGCG,0,465366
acrZp,0.5,1,1,GAGCACTTGTAGGCGGAGTG,0,412437
acrZp,0.5,1,1,GAGATGGGTCGAACGGGAGC,0,409401
acrZp,0.5,1,1,GAGAGTTTCATTATTCCCAC,0,452764
acrZp,0.5,1,1,GAGACCGCAGCGGCCAATAA,0,411969
acrZp,0.5,1,1,GAGAATCGTATGCAAAGTGA,0,425441
acrZp,0.5,1,1,GACTGTGTCTCTACGGTACG,0,445137
acrZp,0.5,1,1,GACTGCAACAACGGGATTCC,0,412952
acrZp,0.5,1,1,GACTGAACGTACAGTGTCGT,0,443630
acrZp,0.5,1,1,GACTCTACATGTTATCACTT,0,456941
acrZp,0.5,1,1,GACTCGTTGCCCAACTTAAA,0,442366
acrZp,0.5,1,1,GACTCGGGGTGAGGTCACGG,0,444781
acrZp,0.5,1,1,GACTCGCCGTTCGTAGGACC,0,414567
acrZp,0.5,1,1,GACTACCCAGCTGGCTGAAA,0,410830
acrZp,0.5,1,1,GACTAACATGTTTGCCCAGG,0,415220
acrZp,0.5,1,1,GACGTCCTTTGATAGAATCA,0,456674
acrZp,0.5,1,1,GACGTCCCCCAGGTTATATC,0,418297
acrZp,0.5,1,1,GACGGTTTCAATGTTATCCA,0,417146
acrZp,0.5,1,1,GACGGTGACCGCGGTTCCAT,0,460557
acrZp,0.5,1,1,GACGGGGAGCCTAGCATATG,0,418933
acrZp,0.5,1,1,GACGGCGTCTTGCGTACGTG,0,465130
acrZp,0.5,1,1,GACGCTGAGCCCATCCTTAC,0,459284
acrZp,0.5,1,1,GACGCTCCTCCCGCAGCCAT,0,411357
acrZp,0.5,1,1,GACGCTATCCCCCGGGCGTT,0,424217
acrZp,0.5,1,1,GACGCTAAATGCCTCTCTCG,0,443945
acrZp,0.5,1,1,GACGAAGAACTTAAGATAGT,0,444394
acrZp,0.5,1,1,GACGAACATTCCTTCCGCAG,0,417434
acrZp,0.5,1,1,GACCTTCGTAGTGACACGGG,0,424867
acrZp,0.5,1,1,GACCTCAGCTTTATAGGTAT,0,463839
acrZp,0.5,1,1,GACCGGTGCCAAGGATATAT,0,412816
acrZp,0.5,1,1,GACCGGGTGACTCCGCGGGA,0,427573
acrZp,0.5,1,1,GACCGCAGCGTACTCAGAGA,0,435407
acrZp,0.5,1,1,GACCCAGGTTGTCCGAATAT,0,456385
acrZp,0.5,1,1,GACCCAAACAATAGCAACCC,0,443185
acrZp,0.5,1,1,GACATCACCAGAGGCCGATC,0,463994
acrZp,0.5,1,1,GACATAGGTGCCGCGGATCT,0,420713
acrZp,0.5,1,1,GACACTAGCTGATGGAACGC,0,423136
acrZp,0.5,1,1,GACACGGCCGGTCATCATTG,0,439225
acrZp,0.5,1,1,GACAAGTGCCGCACACGTCA,0,425190
acrZp,0.5,1,1,GACAACTTATGTTTTATCCA,0,429864
acrZp,0.5,1,1,GAATTGGACGGCCCGGTTCG,0,424047
acrZp,0.5,1,1,GAATTGAGTCACAACCAAGG,0,413416
acrZp,0.5,1,1,GAATTAACCGTCGCGTAACA,0,424685
acrZp,0.5,1,1,GAATGTTTTAGGCAAAAAGT,0,446400
acrZp,0.5,1,1,GAATGTACTTCCACACGTAC,0,426306
acrZp,0.5,1,1,GAATGGGGGCTGAGCGATAC,0,459363
acrZp,0.5,1,1,GAATGATCCACTGGAGTCAT,0,415176
acrZp,0.5,1,1,GAATGACAATGGGGGTAGGG,0,445037
acrZp,0.5,1,1,GAATCTTCCGCTATTATTGT,0,454943
acrZp,0.5,1,1,GAATCGGGAGCGGTTCGGGT,0,411343
acrZp,0.5,1,1,GAATCGAAGTCAAATTAGTG,0,419620
acrZp,0.5,1,1,GAATCAAATCAGTTGGGTGC,0,446441
acrZp,0.5,1,1,GAATATGGGAACGGTGATCG,0,445977
acrZp,0.5,1,1,GAATAGCTCCGTGTACTCTG,0,455888
acrZp,0.5,1,1,GAATAATGCGGGTATACAAG,0,430310
acrZp,0.5,1,1,GAAGTTCTGTGACCCTGTAC,0,431292
acrZp,0.5,1,1,GAAGTTAGTGTCACATCAGC,0,409164
acrZp,0.5,1,1,GAAGTGGAGAGTTAGGTACA,0,441524
acrZp,0.5,1,1,GAAGTAAGCCGGCTCAAGAA,0,433275
acrZp,0.5,1,1,GAAGGGCGCATTGCGTTTCA,0,457008
acrZp,0.5,1,1,GAAGCGTGAATAACGATTTA,0,466755
acrZp,0.5,1,1,GAAGCATACACGCAGCCGAA,0,452579
acrZp,0.5,1,1,GAAGCACGGTTCGGGCGTTC,0,441040
acrZp,0.5,1,1,GAAGACGCGGGGCGACTCCC,0,409438
acrZp,0.5,1,1,GAAGAAAGAAGTAGTGACCG,0,457773
acrZp,0.5,1,1,GAACTCTAATGTAAGTCACA,0,431394
acrZp,0.5,1,1,GAACTATGCGGGGGCGGAAG,0,413899
acrZp,0.5,1,1,GAACGTTGGGTTTGCTTATG,0,445895
acrZp,0.5,1,1,GAACGGTAACTTCAACATGC,0,447681
acrZp,0.5,1,1,GAACGAAGACAGGGGTTATT,0,432979
acrZp,0.5,1,1,GAACCAGAAGAGGAAAGATA,0,460737
acrZp,0.5,1,1,GAACATTGATAGACAAGTGT,0,461961
acrZp,0.5,1,1,GAAATGTTCAACTACAAATC,0,423458
acrZp,0.5,1,1,GAAATGCTACGTTACTTCCA,0,419141
acrZp,0.5,1,1,GAAATCGGAAAGCCACAGAG,0,444333
acrZp,0.5,1,1,GAAATATGGCATAAGTGTGT,0,463833
acrZp,0.5,1,1,GAAAGTTACAGATTGATAGG,0,425932
acrZp,0.5,1,1,GAAAGCGCCCCTGTAGGCCT,0,427766
acrZp,0.5,1,1,GAAAGATTCGAAGTATGCGG,0,424361
acrZp,0.5,1,1,GAAAGATGTGCCGTGGCCGT,0,453771
acrZp,0.5,1,1,GAAAGACGTTCCGATTGGCA,0,437455
acrZp,0.5,1,1,GAAACTTGTACCACGTGGGA,0,460320
acrZp,0.5,1,1,GAAACTTACCCTTGCGGGTA,0,410839
acrZp,0.5,1,1,GAAACGATATTATCACGTGC,0,454966
acrZp,0.5,1,1,GAAACAAGAGCGAAACCCAT,0,433466
acrZp,0.5,1,1,GAAAACCTTGGCCATGAGCA,0,423478
acrZp,0.5,1,1,CTTTTATAAGGCAATACAGC,0,415341
acrZp,0.5,1,1,CTTTGTACGCAGCGAGTACT,0,441590
acrZp,0.5,1,1,CTTTGGTGGTCTAGGCCAGC,0,449252
acrZp,0.5,1,1,CTTTGGCGGCTAATAGCACC,0,448965
acrZp,0.5,1,1,CTTTGACGCTGATCAATCGG,0,453254
acrZp,0.5,1,1,CTTTCGGAACCGGCTATATA,0,446412
acrZp,0.5,1,1,CTTTAGCGATCACCAGAGAC,0,411480
acrZp,0.5,1,1,CTTTAGAGTGCTTTTACCTG,0,466584
acrZp,0.5,1,1,CTTTACCGTTCTTTTCTATA,0,449362
acrZp,0.5,1,1,CTTTACAATATTGCAAATGC,0,424905
acrZp,0.5,1,1,CTTTAAAGCCAGCCTTTCGA,0,436479
acrZp,0.5,1,1,CTTGTTGGCATCGGTTGCCT,0,465613
acrZp,0.5,1,1,CTTGTTGACGGCCTGTCGCG,0,440679
acrZp,0.5,1,1,CTTGTGACCATGTCGGTCTA,0,416150
acrZp,0.5,1,1,CTTGTATCAGAACGTTCCAA,0,462048
acrZp,0.5,1,1,CTTGTACTGGTCAAGCGAAT,0,436240
acrZp,0.5,1,1,CTTGGTTGAGTATGCTCTAA,0,441945
acrZp,0.5,1,1,CTTGGTTAAGGCCGCATAGT,0,432975
acrZp,0.5,1,1,CTTGGTTAAGACTGTAATAA,0,423414
acrZp,0.5,1,1,CTTGGGCTCCAGGAACCCGA,0,436721
acrZp,0.5,1,1,CTTGGCAACCTGACCGTGAA,0,433295
acrZp,0.5,1,1,CTTGCCCGGGGCGTGATTGC,0,420777
acrZp,0.5,1,1,CTTGCAAGAGAGTCACTGGG,0,439055
acrZp,0.5,1,1,CTTCTGTATAATTGCCCCAT,0,448248
acrZp,0.5,1,1,CTTCTGTATAACGGGCACTG,0,449063
acrZp,0.5,1,1,CTTCTGCCCGGTCGTAGGTC,0,441481
acrZp,0.5,1,1,CTTCTAGTGCTCGAGCGGCC,0,433438
acrZp,0.5,1,1,CTTCGTTCCGACATTGGTAA,0,425509
acrZp,0.5,1,1,CTTCGTGCAGGGGCGCTTAG,0,422337
acrZp,0.5,1,1,CTTCGTATGTGTAGGGCTGT,0,442588
acrZp,0.5,1,1,CTTCGGGTGGCAGGAATGGT,0,459177
acrZp,0.5,1,1,CTTCGGATAGTCAGTCTCGA,0,441773
acrZp,0.5,1,1,CTTCGCTTGGCGCCCAACGG,0,412790
acrZp,0.5,1,1,CTTCGCGGGGCCCACCAATG,0,412466
acrZp,0.5,1,1,CTTCGCCTCCAGTCACGATG,0,428361
acrZp,0.5,1,1,CTTCCGAGCTCCTGAGCTAG,0,422964
acrZp,0.5,1,1,CTTCCGAATGGTCTAGTAGC,0,419840
acrZp,0.5,1,1,CTTCCCGCGGTGTAGATTAA,0,445228
acrZp,0.5,1,1,CTTCCACCTGCATACTTAAA,0,466650
acrZp,0.5,1,1,CTTCATCACATGGTCTGGAC,0,410479
acrZp,0.5,1,1,CTTCACTTACCGTCGCAACT,0,409148
acrZp,0.5,1,1,CTTCAAGGCGTTACCGGCTG,0,416841
acrZp,0.5,1,1,CTTATGCCTCTTCGTGCCAT,0,421848
acrZp,0.5,1,1,CTTATATTTGAAGCGGTGCA,0,435350
acrZp,0.5,1,1,CTTAGTCCCTCTACACCGTT,0,443138
acrZp,0.5,1,1,CTTAGGGGTGTATCCCCGTC,0,427695
acrZp,0.5,1,1,CTTAGATATAACTTTCGTCT,0,454904
acrZp,0.5,1,1,CTTACCAACCAGTAGTCCCG,0,439512
acrZp,0.5,1,1,CTTACAGCGAAATCGAGCAT,0,431496
acrZp,0.5,1,1,CTTAAATTGATCATACAACA,0,450938
acrZp,0.5,1,1,CTGTTTGATTAAGTGCCCGT,0,453242
acrZp,0.5,1,1,CTGTTGGAGACATATGTGCT,0,467053
acrZp,0.5,1,1,CTGTTCCCCTTTTTAACATA,0,445815
acrZp,0.5,1,1,CTGTGGCTTTTGAGATGTGG,0,438220
acrZp,0.5,1,1,CTGTGCGGCGTCCTCGGTTG,0,438246
acrZp,0.5,1,1,CTGTGCCTGCATCCCTAGTG,0,451817
acrZp,0.5,1,1,CTGTGAACAACGAACTGTGG,0,420680
acrZp,0.5,1,1,CTGTCTTTTGTAGCGGCGTG,0,464861
acrZp,0.5,1,1,CTGTCATACGCGTGTAGGGC,0,463658
acrZp,0.5,1,1,CTGTCAGTCACGAAGCTCCT,0,451644
acrZp,0.5,1,1,CTGTATGGCCGTTGTGCTGT,0,430491
acrZp,0.5,1,1,CTGTATCGATTTTGATAAAC,0,411962
acrZp,0.5,1,1,CTGTAAACGCTGCTCCCCGG,0,460551
acrZp,0.5,1,1,CTGGTTTATCGTTCGAGTAC,0,442449
acrZp,0.5,1,1,CTGGTAGACAGAATCTGCTT,0,466078
acrZp,0.5,1,1,CTGGTAATCAGATATTACCA,0,428399
acrZp,0.5,1,1,CTGGGGAGGCTCCCGAAAAC,0,446403
acrZp,0.5,1,1,CTGGGCATACTCTGGAGGAT,0,431308
acrZp,0.5,1,1,CTGGCGTCCTCTGAGTACAG,0,451308
acrZp,0.5,1,1,CTGGCCTCGCTAGGCTACAT,0,457376
acrZp,0.5,1,1,CTGGCAAAGGGTAAATTGTT,0,457791
acrZp,0.5,1,1,CTGGAGCCCCGCTAGGGTAT,0,421940
acrZp,0.5,1,1,CTGGAGAATTTAGGGGGTAG,0,462559
acrZp,0.5,1,1,CTGGACCGTGCTATCGATTC,0,411739
acrZp,0.5,1,1,CTGGAACCTCTTGGTATCGG,0,417973
acrZp,0.5,1,1,CTGCTTTAATGGGGTGGTAT,0,449490
acrZp,0.5,1,1,CTGCTTATTCGTTGTTTCCT,0,464254
acrZp,0.5,1,1,CTGCTCCCCTTGGGAGACTC,0,435345
acrZp,0.5,1,1,CTGCTAGTCATTAAGGCATG,0,420736
acrZp,0.5,1,1,CTGCGAAGATATGTTAGTGG,0,417865
acrZp,0.5,1,1,CTGCCTGTACAACGTGTATA,0,421555
acrZp,0.5,1,1,CTGCCAATGTCGGATTGACA,0,445598
acrZp,0.5,1,1,CTGCACTTCGACGCGTCGGT,0,455276
acrZp,0.5,1,1,CTGCACGTGTGTGGGCGATT,0,426175
acrZp,0.5,1,1,CTGCACCGACAGACAGTTTG,0,467322
acrZp,0.5,1,1,CTGATGCTTGCAATTAACTC,0,440094
acrZp,0.5,1,1,CTGAGGTCAGACGAAGCTGA,0,436207
acrZp,0.5,1,1,CTGAGAGGCAAGCCGATCCA,0,433060
acrZp,0.5,1,1,CTGACTAGCGACGATCCGGG,0,466240
acrZp,0.5,1,1,CTGACTAATGCTTTAGGGGC,0,409844
acrZp,0.5,1,1,CTGACGTTTGTAGGTATATA,0,424290
acrZp,0.5,1,1,CTGACGAGTGCTCTGACTCA,0,434675
acrZp,0.5,1,1,CTGACCATAATGTCCCCCTT,0,429592
acrZp,0.5,1,1,CTGAATAAGGGGGCTAGCTG,0,457027
acrZp,0.5,1,1,CTGAAGAGTGCTTGTCGAGG,0,447046
acrZp,0.5,1,1,CTCTTATGTATGTATATTCA,0,418725
acrZp,0.5,1,1,CTCTCTGCGTTGGAATTCTG,0,444791
acrZp,0.5,1,1,CTCTCGTGTCCCGAAAGTGC,0,420904
acrZp,0.5,1,1,CTCTCGCTGGTGAATCATAC,0,437220
acrZp,0.5,1,1,CTCTATCTTTCGCAACGTTT,0,414242
acrZp,0.5,1,1,CTCTAGTGAACTACGTGATC,0,425557
acrZp,0.5,1,1,CTCTAGGTACGTGGCAAGTG,0,451405
acrZp,0.5,1,1,CTCTAACGGAGATCTGGCTT,0,417194
acrZp,0.5,1,1,CTCGTTTCATGGTTGTCTGT,0,453807
acrZp,0.5,1,1,CTCGTTGCTTGGTTACTTCA,0,411788
acrZp,0.5,1,1,CTCGTATAGTTCAGTTATGC,0,418661
acrZp,0.5,1,1,CTCGGTTGAGATACTCTCGT,0,423863
acrZp,0.5,1,1,CTCGGGGCTGATATTGCCCT,0,418454
acrZp,0.5,1,1,CTCGGCCGGGATGTTCCGTG,0,426604
acrZp,0.5,1,1,CTCGGCAAGTTGGGGGCACT,0,438898
acrZp,0.5,1,1,CTCGGACTACACCAGGCAGA,0,466149
acrZp,0.5,1,1,CTCGCTAGTATAGACATCTT,0,450826
acrZp,0.5,1,1,CTCGCCGCTAAGGTAAGGGT,0,424466
acrZp,0.5,1,1,CTCGATTTTGCTTACGTTCT,0,431237
acrZp,0.5,1,1,CTCGATAGCAAAGGCGCGGA,0,430829
acrZp,0.5,1,1,CTCGAGTTGGTCGTCAGGTG,0,454423
acrZp,0.5,1,1,CTCGACGCTGTTGGCGCTAA,0,464568
acrZp,0.5,1,1,CTCGAAATGGAAATTAATGT,0,438680
acrZp,0.5,1,1,CTCCTTAAATTACACTTACA,0,418099
acrZp,0.5,1,1,CTCCTGCCGTCAAAGGATAA,0,459834
acrZp,0.5,1,1,CTCCTGAGGTGCTGAAGCCA,0,449552
acrZp,0.5,1,1,CTCCTCACACTCCAGGGCGG,0,423740
acrZp,0.5,1,1,CTCCGCTTATTGCCTCCATC,0,452490
acrZp,0.5,1,1,CTCCGCTTATCTCTGCCCCC,0,439320
acrZp,0.5,1,1,CTCCGCACCCCGCGTGCCCA,0,441707
acrZp,0.5,1,1,CTCCCGGTACTCGTTACTTT,0,441829
acrZp,0.5,1,1,CTCCCACTAAAACATCGTCA,0,418391
acrZp,0.5,1,1,CTCCACGGGCAGGAAAAATA,0,459914
acrZp,0.5,1,1,CTCCAATGATCCGCTCTGGA,0,434249
acrZp,0.5,1,1,CTCATTATTGCCACAAGAGA,0,434585
acrZp,0.5,1,1,CTCATCCGCATGTCGAGTGT,0,409015
acrZp,0.5,1,1,CTCATACAGTGGGTTAAGGT,0,441501
acrZp,0.5,1,1,CTCAGGAAGGGTGGGTTACT,0,412726
acrZp,0.5,1,1,CTCAGGAAAAGAGTGCCCAT,0,444729
acrZp,0.5,1,1,CTCACTGTATATCCCCTGCT,0,425900
acrZp,0.5,1,1,CTCACTCTTTCTCAGTACTT,0,436794
acrZp,0.5,1,1,CTCACAGCAAACACCCACTA,0,431926
acrZp,0.5,1,1,CTCAATATAATTAGTACTGA,0,441628
acrZp,0.5,1,1,CTCAAATTGCGCCGCCGCCC,0,425017
acrZp,0.5,1,1,CTCAAAGTTAGTGGCCTAGA,0,449181
acrZp,0.5,1,1,CTCAAAATATGATAGTATAA,0,416940
acrZp,0.5,1,1,CTATTTACTGTACCTTTCTC,0,451573
acrZp,0.5,1,1,CTATTCTAGATCAAATTTAT,0,416939
acrZp,0.5,1,1,CTATGGCCCGAAGGCAGGTC,0,438887
acrZp,0.5,1,1,CTATGGATGCCTATAGGCCT,0,450786
acrZp,0.5,1,1,CTATGCCCTCTGGAATAGAC,0,439537
acrZp,0.5,1,1,CTATGCCCTAATGAAGTGGA,0,460837
acrZp,0.5,1,1,CTATCTCGATATCTCAAATT,0,419878
acrZp,0.5,1,1,CTATAGTTGCGTCTCGTATA,0,455565
acrZp,0.5,1,1,CTATAAACTGCCTCATTACG,0,410163
acrZp,0.5,1,1,CTAGTTCGCCCCTAATTCAA,0,429488
acrZp,0.5,1,1,CTAGTCTCATCGGGCAAATT,0,462974
acrZp,0.5,1,1,CTAGTATCAGTTAGTAGGGC,0,427998
acrZp,0.5,1,1,CTAGGTCCACAGGCTTAAAG,0,459260
acrZp,0.5,1,1,CTAGGGAAAACCCGTAATTA,0,425597
acrZp,0.5,1,1,CTAGGCTCCACGGGGGGAAC,0,451570
acrZp,0.5,1,1,CTAGGCCTGAATCTGCACAG,0,446093
acrZp,0.5,1,1,CTAGCTTCGATTATTCCCAT,0,422176
acrZp,0.5,1,1,CTAGCTGGAATCCGCGAGTT,0,414009
acrZp,0.5,1,1,CTAGCGTGACAATGTAGGTA,0,411897
acrZp,0.5,1,1,CTAGAGCCGGCATGTACAGG,0,439814
acrZp,0.5,1,1,CTAGAAGAGAGGGACTGAAC,0,426402
acrZp,0.5,1,1,CTAGAACCTGATGAAGTATT,0,450230
acrZp,0.5,1,1,CTACTTTGTTCAGGTGTGCC,0,435117
acrZp,0.5,1,1,CTACGTGGGCTTAATCCCGA,0,411842
acrZp,0.5,1,1,CTACGTGGGAATGGTCCTAA,0,413803
acrZp,0.5,1,1,CTACGTCTCGTCGTGATAAC,0,458448
acrZp,0.5,1,1,CTACGGTATGTCGCGTTAAC,0,423675
acrZp,0.5,1,1,CTACGCTTTTGGCCCCCTCC,0,438019
acrZp,0.5,1,1,CTACGATCGGTCTCCATAAG,0,451642
acrZp,0.5,1,1,CTACCCGTGTACCCGAGGCG,0,451122
acrZp,0.5,1,1,CTACATTATTCGGTCATCTG,0,443949
acrZp,0.5,1,1,CTACAAAACTTTGAAGGTGT,0,450643
acrZp,0.5,1,1,CTAAGTGGTATCACTTGTCG,0,437640
acrZp,0.5,1,1,CTAAGCTTACCAAGTTGGGT,0,423138
acrZp,0.5,1,1,CTAAGCCTAGGGAGGTCCTT,0,409535
acrZp,0.5,1,1,CTAACTGCTTATTGCTGATA,0,464617
acrZp,0.5,1,1,CTAACGGCCCTGGAGATAGG,0,409868
acrZp,0.5,1,1,CTAACGCAAACGGCATTGGA,0,463523
acrZp,0.5,1,1,CGTTTTGTCATAACCGTTCC,0,411937
acrZp,0.5,1,1,CGTTTCGCCTTCACGCCGCT,0,441408
acrZp,0.5,1,1,CGTTTATGTGACCTTTGCAC,0,442331
acrZp,0.5,1,1,CGTTTAAATGATCTTCGACT,0,464439
acrZp,0.5,1,1,CGTTGGTACATATAATTTGA,0,456374
acrZp,0.5,1,1,CGTTGGTAACATATCCAATT,0,452339
acrZp,0.5,1,1,CGTTGGCAATTTACGCACGA,0,449693
acrZp,0.5,1,1,CGTTGGATCGTTAGGCGATG,0,447408
acrZp,0.5,1,1,CGTTCTCTTTAGAGACGTGC,0,460879
acrZp,0.5,1,1,CGTTCTCTTGAGGCTACGGC,0,460217
acrZp,0.5,1,1,CGTTCGTCATCACGAAACAC,0,446196
acrZp,0.5,1,1,CGTTCCTGGAAAGGAAAATA,0,438992
acrZp,0.5,1,1,CGTTCCCCGGCTAAGCCTGT,0,440752
acrZp,0.5,1,1,CGTTCCAGACCTAACAGCCA,0,439613
acrZp,0.5,1,1,CGTTAGCCGGGACGTACATT,0,454974
acrZp,0.5,1,1,CGTTACCTGCAAAGCCCGAT,0,424113
acrZp,0.5,1,1,CGTGTTCGCCTCCTTGGCTA,0,448522
acrZp,0.5,1,1,CGTGTGGCCGAGGCTACTCG,0,429299
acrZp,0.5,1,1,CGTGTCACGCGCAAATGACT,0,409492
acrZp,0.5,1,1,CGTGGTGTCCACTATTGCGA,0,415940
acrZp,0.5,1,1,CGTGGCTCGGTGTCGTTCTA,0,437931
acrZp,0.5,1,1,CGTGGCCTACCACACGTAGG,0,446807
acrZp,0.5,1,1,CGTGCTTTGACCGCTACATG,0,429274
acrZp,0.5,1,1,CGTGCGCCCCCGCCACTACG,0,460635
acrZp,0.5,1,1,CGTGCCGTAACGCCGCAAAG,0,427298
acrZp,0.5,1,1,CGTGAGTACATTTCTGTATA,0,421349
acrZp,0.5,1,1,CGTGAGAACGGCTCGTGCGA,0,439816
acrZp,0.5,1,1,CGTGACCGAATCCTACCCTA,0,441262
acrZp,0.5,1,1,CGTGACCCATGGCACAGAGT,0,415873
acrZp,0.5,1,1,CGTGAACGAACGCCGAGGGG,0,425540
acrZp,0.5,1,1,CGTCTGCAAGGCTGATCGGT,0,436771
acrZp,0.5,1,1,CGTCTCGGCAAATTTCAGTA,0,451850
acrZp,0.5,1,1,CGTCTCCACATAGCCACTAA,0,425138
acrZp,0.5,1,1,CGTCTATTCTGGATCTGATC,0,414411
acrZp,0.5,1,1,CGTCGTTTTATCATTTCGTA,0,440539
acrZp,0.5,1,1,CGTCGCGCAGGTCGGTTAAG,0,446640
acrZp,0.5,1,1,CGTCGAGAGACCTTATGAGT,0,448187
acrZp,0.5,1,1,CGTCCTAACCGCTTGATCGT,0,450422
acrZp,0.5,1,1,CGTCCGAGACCTACACGTCT,0,417071
acrZp,0.5,1,1,CGTCATCGTGATTCAGCTAT,0,433548
acrZp,0.5,1,1,CGTCATAGGAATATCCGGAC,0,448075
acrZp,0.5,1,1,CGTCACGATAACTCTATCTA,0,441559
acrZp,0.5,1,1,CGTATTAAGGGGTCAGGCAG,0,425479
acrZp,0.5,1,1,CGTATGGAAGTCCGTCGAAA,0,435151
acrZp,0.5,1,1,CGTATAGGCATGGTGTACCA,0,417984
acrZp,0.5,1,1,CGTAGGGACTACGGGAACCT,0,440853
acrZp,0.5,1,1,CGTAGGCCACGTACTCTTCG,0,422062
acrZp,0.5,1,1,CGTACGTCGCCAATATCGGG,0,427882
acrZp,0.5,1,1,CGTACGGGTGGCACGCGGTA,0,433129
acrZp,0.5,1,1,CGTACGGGACATGATCATTA,0,455477
acrZp,0.5,1,1,CGTAATCTGTAGCGAGCTTT,0,413931
acrZp,0.5,1,1,CGTAAGGGGCCTGTACTAGC,0,428951
acrZp,0.5,1,1,CGTAAGGGCCATACCGCCTA,0,460163
acrZp,0.5,1,1,CGTAAGCAGATCTGTTGCAT,0,457379
acrZp,0.5,1,1,CGTAACGTATCGACAAGGTA,0,429018
acrZp,0.5,1,1,CGTAAAGTTGGTGGCTTAGT,0,429381
acrZp,0.5,1,1,CGGTTTGACGCACTGCACGA,0,465000
acrZp,0.5,1,1,CGGTTGTTGGCAGAATGAGC,0,425983
acrZp,0.5,1,1,CGGTTCGGAGGACTGTCTTG,0,427792
acrZp,0.5,1,1,CGGTTCGAAAACAAATTTAA,0,454369
acrZp,0.5,1,1,CGGTTACCCAGAGTCGATAC,0,434610
acrZp,0.5,1,1,CGGTGCCGTGTTGGAATTCT,0,421975
acrZp,0.5,1,1,CGGTCGAGAGCTGGGTAGCA,0,422390
acrZp,0.5,1,1,CGGTCCTAGTTAAGTTCGCC,0,421684
acrZp,0.5,1,1,CGGTCACACAATTTTACCAA,0,422481
acrZp,0.5,1,1,CGGTCAAATGGGTTATAGTC,0,460118
acrZp,0.5,1,1,CGGTAGTATACTACTGGCAC,0,415900
acrZp,0.5,1,1,CGGTACGACGGCAACCGAGA,0,455868
acrZp,0.5,1,1,CGGTACGACGGCAAACGAGA,0,455848
acrZp,0.5,1,1,CGGTAAAACCTTTGAACCTG,0,455595
acrZp,0.5,1,1,CGGGTGCGAAGGAGATATGC,0,455360
acrZp,0.5,1,1,CGGGTGCCCAGTAACATGAC,0,441008
acrZp,0.5,1,1,CGGGTGAGCTCTTGATGCCC,0,423986
acrZp,0.5,1,1,CGGGTCGTGGTCCCCGGCAT,0,464595
acrZp,0.5,1,1,CGGGGTTGCAATCCGTATAC,0,416111
acrZp,0.5,1,1,CGGGGTAACCGTGCGTAAGA,0,459864
acrZp,0.5,1,1,CGGGGGACCCCTTGAGACCT,0,448309
acrZp,0.5,1,1,CGGGGCATTAACGCTTTGGA,0,422038
acrZp,0.5,1,1,CGGGGCAATTCTTCGAGGTA,0,460329
acrZp,0.5,1,1,CGGGCAGTTCCGCTCGGCCA,0,430388
acrZp,0.5,1,1,CGGGCACATTATTGCTAGGC,0,447612
acrZp,0.5,1,1,CGGCTTTTGGTTTCCATCCT,0,442422
acrZp,0.5,1,1,CGGCTGTCCGGATAATTCTT,0,432292
acrZp,0.5,1,1,CGGCTGGAGCATGAGACGAC,0,416037
acrZp,0.5,1,1,CGGCTACTAGAAATGTCGCT,0,412759
acrZp,0.5,1,1,CGGCGTTTAAGCATTAACTT,0,411744
acrZp,0.5,1,1,CGGCGTTCATGAGGTTGCTG,0,441125
acrZp,0.5,1,1,CGGCGAGGGTGGACAGCGAA,0,417839
acrZp,0.5,1,1,CGGCCGTTCCAGCATGCTCC,0,430223
acrZp,0.5,1,1,CGGCCGTGCGACGGAAATGG,0,424791
acrZp,0.5,1,1,CGGCCAGCGTACATCCGGCT,0,455239
acrZp,0.5,1,1,CGGCATAACAGGCTGTATTG,0,462342
acrZp,0.5,1,1,CGGCAGACGGACAGAAGGGG,0,411584
acrZp,0.5,1,1,CGGCACTGAATAGGCTACCT,0,465104
acrZp,0.5,1,1,CGGCAATACAATGAATTACG,0,443928
acrZp,0.5,1,1,CGGATGTGATTCTGACCAGA,0,439901
acrZp,0.5,1,1,CGGAGTTTCCATTTGTACAA,0,446536
acrZp,0.5,1,1,CGGAGTGTCACATGGCCGGT,0,455977
acrZp,0.5,1,1,CGGAGTCGTGGGGTTCAGCT,0,435462
acrZp,0.5,1,1,CGGAGAGGATATTGAGCCCG,0,424942
acrZp,0.5,1,1,CGGACTACGATAGGAGCTGA,0,411534
acrZp,0.5,1,1,CGGACACCTGCCGATCGCCT,0,422418
acrZp,0.5,1,1,CGGAATTGCGGTGGAAGAGC,0,417399
acrZp,0.5,1,1,CGGAATGACATGGACCTCCA,0,440885
acrZp,0.5,1,1,CGGAATCCAATTTCAGAGTG,0,410006
acrZp,0.5,1,1,CGGAACACGCGATGAAACGG,0,465729
acrZp,0.5,1,1,CGGAAATTCTTAACGCCTGG,0,455802
acrZp,0.5,1,1,CGGAAACGCGACTCTAATAG,0,436712
acrZp,0.5,1,1,CGCTGTAGTAGAAGCCAAAC,0,413917
acrZp,0.5,1,1,CGCTGGGACGGCAGACGATC,0,460669
acrZp,0.5,1,1,CGCTGCGAGCAAAGGAGTTG,0,433684
acrZp,0.5,1,1,CGCTGCAGTGTTTTATAACA,0,456280
acrZp,0.5,1,1,CGCTGCACCATGGTGATGTT,0,451867
acrZp,0.5,1,1,CGCTCCGGCAATGCGACGTA,0,465071
acrZp,0.5,1,1,CGCTCCCTCTACGCTCCGAT,0,460922
acrZp,0.5,1,1,CGCTAGTGGGACGGAGACAC,0,433832
acrZp,0.5,1,1,CGCTAGGTCCGTTTTCAGGC,0,437522
acrZp,0.5,1,1,CGCGTTGGCTGGGTCATCCG,0,463499
acrZp,0.5,1,1,CGCGGTTCCCGGACCAGGTT,0,440588
acrZp,0.5,1,1,CGCGGAATAGCTCGTTTGGG,0,432866
acrZp,0.5,1,1,CGCGCTCATCGTTACAGAGG,0,424473
acrZp,0.5,1,1,CGCGCTAAATAGCACTTTTG,0,412642
acrZp,0.5,1,1,CGCGCGTATGCATTGAAGAT,0,458245
acrZp,0.5,1,1,CGCGCCGTCGAACTGGATTG,0,462835
acrZp,0.5,1,1,CGCGATATTCAAAGCAGCTT,0,445951
acrZp,0.5,1,1,CGCGAGGCAGGGGTCACGTG,0,460820
acrZp,0.5,1,1,CGCGACGGATCATCTTTTAT,0,441012
acrZp,0.5,1,1,CGCGAATTCTATGACAGGGC,0,463640
acrZp,0.5,1,1,CGCGAACGCCAATTTCGGTA,0,431649
acrZp,0.5,1,1,CGCCTTTTTGTTTGTAATCG,0,454599
acrZp,0.5,1,1,CGCCTTTCATCGCCTGACCT,0,432189
acrZp,0.5,1,1,CGCCTTGCAAAGGGAAAAAT,0,422747
acrZp,0.5,1,1,CGCCGGTAACATGTGTGGTC,0,443769
acrZp,0.5,1,1,CGCCGCCGATCGTCGATATA,0,454978
acrZp,0.5,1,1,CGCCGCAAAGACGGCCGCGA,0,425737
acrZp,0.5,1,1,CGCCGACAGGTTACGGCTCT,0,409629
acrZp,0.5,1,1,CGCCGAATGGATCAATGGAT,0,413059
acrZp,0.5,1,1,CGCCGAACATGACCTGACAG,0,434141
acrZp,0.5,1,1,CGCCCCAAAGGGGGGACACG,0,434365
acrZp,0.5,1,1,CGCCCATCCCGACAGTGCCA,0,455936
acrZp,0.5,1,1,CGCCAGATTTCCAGAAATGA,0,429574
acrZp,0.5,1,1,CGCCACCGGTACTCGGCTAT,0,457100
acrZp,0.5,1,1,CGCCAAGACTTATCCATACT,0,446177
acrZp,0.5,1,1,CGCCAAGACAGTGCAAGCCT,0,418556
acrZp,0.5,1,1,CGCATGGTTATGACTTCGAA,0,423580
acrZp,0.5,1,1,CGCATGCGGCCCGCTTGGCG,0,421426
acrZp,0.5,1,1,CGCATAACGTAGGCAGCGGG,0,416982
acrZp,0.5,1,1,CGCAGTAGTTTGACTACTTA,0,460055
acrZp,0.5,1,1,CGCAGGTTTCTAAAGTTGCG,0,458082
acrZp,0.5,1,1,CGCAGCGCCACCAGACATCA,0,447816
acrZp,0.5,1,1,CGCACGGCGGGTCTAGTCGT,0,446524
acrZp,0.5,1,1,CGCACGCGAGGAGCTGACGG,0,455766
acrZp,0.5,1,1,CGCACCTGTCCGTTTAGTTC,0,432194
acrZp,0.5,1,1,CGCAAGCTGAACTAGCTCCC,0,421875
acrZp,0.5,1,1,CGCAACTAGGAGGATCGATT,0,432784
acrZp,0.5,1,1,CGATTCACGTAACAGCCAGC,0,439813
acrZp,0.5,1,1,CGATTAGGGACACCCGGTCC,0,418790
acrZp,0.5,1,1,CGATGTGGTGATTCTGAGGC,0,433727
acrZp,0.5,1,1,CGATCATGGAAATCCCTTCA,0,431910
acrZp,0.5,1,1,CGATAGAATGAGGCCATGGT,0,461916
acrZp,0.5,1,1,CGAGTGGAGTTGGCGCCATA,0,449256
acrZp,0.5,1,1,CGAGGCGCGATATCAGGGGT,0,432262
acrZp,0.5,1,1,CGAGGCAGTTTGGTTATGCC,0,433319
acrZp,0.5,1,1,CGAGCGTCCTTCACACCTTG,0,417198
acrZp,0.5,1,1,CGAGCACAACATATTGTTCT,0,455498
acrZp,0.5,1,1,CGAGAGTTTAGATTTGATGG,0,434396
acrZp,0.5,1,1,CGAGAGGTAGACGATTTGCG,0,416986
acrZp,0.5,1,1,CGAGACATACCTCTCGCGAA,0,456631
acrZp,0.5,1,1,CGAGAACGGCGTTCAAAAAC,0,422006
acrZp,0.5,1,1,CGACTTATTTATCGTTTCAG,0,434023
acrZp,0.5,1,1,CGACGTCGCGTGGTATTCGC,0,444396
acrZp,0.5,1,1,CGACGGTTTTCATCGGGAGG,0,448070
acrZp,0.5,1,1,CGACGGCTTGGTGTATCCGT,0,414286
acrZp,0.5,1,1,CGACGCGGTAGTTGGCAAGT,0,453623
acrZp,0.5,1,1,CGACCTTGACAAGTTCCTCA,0,421952
acrZp,0.5,1,1,CGACCTGCCACCGACCCAAC,0,437083
acrZp,0.5,1,1,CGACCCGTGCCTCCCTACAC,0,459258
acrZp,0.5,1,1,CGACCAACAAAACGTATCCC,0,462756
acrZp,0.5,1,1,CGAATAGAGGTAACCCACGC,0,465477
acrZp,0.5,1,1,CGAATAATGCAGGACCCTCA,0,428754
acrZp,0.5,1,1,CGAAGCTCTCTCGGGGGCAA,0,463263
acrZp,0.5,1,1,CGAAGCACTTCAGTGGTAAA,0,409072
acrZp,0.5,1,1,CGAAGATGCCTACTCCGTTG,0,441177
acrZp,0.5,1,1,CGAAGACAACCGTACGGCCA,0,424147
acrZp,0.5,1,1,CGAACTGCGGGCCAAAGCTC,0,416823
acrZp,0.5,1,1,CGAACCGTCCTGGGCTTGCG,0,430961
acrZp,0.5,1,1,CGAAACTCACATAGCCATTA,0,445515
acrZp,0.5,1,1,CGAAAATATCCACTGCCTAG,0,451628
acrZp,0.5,1,1,CGAAAACGGAGGGCGTCTTG,0,453726
acrZp,0.5,1,1,CGAAAAAGTAAGTCGGCAAC,0,441247
acrZp,0.5,1,1,CCTTTCGGGTTACCCTACTG,0,434400
acrZp,0.5,1,1,CCTTTCCGACGCTCTATATA,0,442468
acrZp,0.5,1,1,CCTTTAGACGGTGTCATTCC,0,421551
acrZp,0.5,1,1,CCTTTAGAACGTAATCACAC,0,417849
acrZp,0.5,1,1,CCTTTACACGCTGGAACGTT,0,424373
acrZp,0.5,1,1,CCTTGCGGTGTTACTAGGCC,0,439803
acrZp,0.5,1,1,CCTTGCCTGCTCGCTTATCG,0,436362
acrZp,0.5,1,1,CCTTGAACGATAAACTGAAT,0,428169
acrZp,0.5,1,1,CCTTCCGTGAGTAGATCGCT,0,426860
acrZp,0.5,1,1,CCTTCCGGGTCTTGTTTGGT,0,454679
acrZp,0.5,1,1,CCTTCAGTTCCGGTGTGCGT,0,414451
acrZp,0.5,1,1,CCTTAGATTTGGCGGTCACT,0,447006
acrZp,0.5,1,1,CCTTAACGATCCGCTGGTGT,0,461800
acrZp,0.5,1,1,CCTGTGAAGTCTCAGCCATC,0,455503
acrZp,0.5,1,1,CCTGTCGAACACTAACTGCT,0,441867
acrZp,0.5,1,1,CCTGGTAATGCCTCCAGGAT,0,408977
acrZp,0.5,1,1,CCTGGGTTCTTTGATGTCCC,0,411964
acrZp,0.5,1,1,CCTGGGTAAATTATAGCACA,0,450772
acrZp,0.5,1,1,CCTGGCCAAAGCGCGCCGGA,0,452014
acrZp,0.5,1,1,CCTGCCTTCTTAAAAAAGCA,0,420176
acrZp,0.5,1,1,CCTGCCGCGATTATAAAAAT,0,465401
acrZp,0.5,1,1,CCTGACCAGCGCGACGGTTT,0,453803
acrZp,0.5,1,1,CCTGAAGGAAGATCTCAACG,0,452001
acrZp,0.5,1,1,CCTCTGTTAGGGCATATCGA,0,411257
acrZp,0.5,1,1,CCTCTGGGATCGCTGCATAA,0,454438
acrZp,0.5,1,1,CCTCTGGGATCATACTGCAA,0,419893
acrZp,0.5,1,1,CCTCTACGTTAAGTTCATTC,0,429882
acrZp,0.5,1,1,CCTCTACATACCCAAGGGGA,0,428496
acrZp,0.5,1,1,CCTCTAAGAGGAGTTCCATT,0,455358
acrZp,0.5,1,1,CCTCGTCCGTTGAAACGTAA,0,429295
acrZp,0.5,1,1,CCTCGGTCCGACCACTTCTT,0,457148
acrZp,0.5,1,1,CCTCCTAATATTGCCAAGAG,0,408671
acrZp,0.5,1,1,CCTCCCCTAGCGGATAGCAT,0,428388
acrZp,0.5,1,1,CCTCATTACGCCGTGTCTCC,0,436392
acrZp,0.5,1,1,CCTCAGTTACATCATTGAAC,0,458340
acrZp,0.5,1,1,CCTCAGTCTCCACATGCAAA,0,410468
acrZp,0.5,1,1,CCTATCACAGGGGTCTCTAA,0,457147
acrZp,0.5,1,1,CCTATAAAGGCGACATTTAG,0,441411
acrZp,0.5,1,1,CCTAGTGACGACTTAGGTCA,0,434829
acrZp,0.5,1,1,CCTACCGGCCATGCCTGTTG,0,438813
acrZp,0.5,1,1,CCTAAGTCCACGGTTTCACT,0,453816
acrZp,0.5,1,1,CCTAAGGATAGAGACCGATT,0,464367
acrZp,0.5,1,1,CCGTTTACGTCACCAGTAGT,0,419018
acrZp,0.5,1,1,CCGTTTAAGTGGGGCTAGAG,0,450853
acrZp,0.5,1,1,CCGTTGGCCGCCTTTTGTTT,0,424725
acrZp,0.5,1,1,CCGTTGCCCCACTCGGCAGC,0,450545
acrZp,0.5,1,1,CCGTTAGTAACACGTGAATG,0,411838
acrZp,0.5,1,1,CCGTTAGATTTGCGACCACC,0,443693
acrZp,0.5,1,1,CCGTTAGAATCATGAGCCGT,0,462247
acrZp,0.5,1,1,CCGTGCGGGAGGCAATGGTC,0,430254
acrZp,0.5,1,1,CCGTGAAACCTTACAGGTTC,0,455772
acrZp,0.5,1,1,CCGTCGTGGGAACAATCCAA,0,431985
acrZp,0.5,1,1,CCGTCGTGCTCCGTGGACAT,0,417319
acrZp,0.5,1,1,CCGTCAGGCCAAGTAACCTT,0,450534
acrZp,0.5,1,1,CCGTATCTTCAACCTTTGGC,0,451461
acrZp,0.5,1,1,CCGTATCCGGGGTAACGTCT,0,427131
acrZp,0.5,1,1,CCGGTGCGGTTTAAATGTGT,0,465368
acrZp,0.5,1,1,CCGGTGAGCGGAGGCTGATT,0,444225
acrZp,0.5,1,1,CCGGTCTAAGGTGTTGTACC,0,452828
acrZp,0.5,1,1,CCGGGTTGAAGCCAACGTGT,0,439108
acrZp,0.5,1,1,CCGGGTGATACAAGTTTCTG,0,457687
acrZp,0.5,1,1,CCGGGTCTCGGGCGGTTGAC,0,457552
acrZp,0.5,1,1,CCGGGGTACGTTTCACGCTT,0,450160
acrZp,0.5,1,1,CCGGGGTAAATCTCAGCACG,0,450063
acrZp,0.5,1,1,CCGGGCGTCAAGAGGTCGGC,0,435376
acrZp,0.5,1,1,CCGGGAGAGGGCTCGGCTAT,0,456426
acrZp,0.5,1,1,CCGGCCGGTCTACTTGGAGA,0,465314
acrZp,0.5,1,1,CCGGCACCGCGCGTGATGGT,0,433274
acrZp,0.5,1,1,CCGGATGGACCTCCGCTACG,0,434443
acrZp,0.5,1,1,CCGGACGAAGGCCTACTCAG,0,459175
acrZp,0.5,1,1,CCGGACACGGCTCCCTCGCA,0,414371
acrZp,0.5,1,1,CCGCTCTGTCATTTAATCAT,0,466597
acrZp,0.5,1,1,CCGCTCTAACCAAAAGGTTC,0,412797
acrZp,0.5,1,1,CCGCGGGGAACCGATTGCCA,0,461181
acrZp,0.5,1,1,CCGCGGACGAAACGACTGCG,0,431410
acrZp,0.5,1,1,CCGCGCTTCGCCCACGTAGA,0,460366
acrZp,0.5,1,1,CCGCGAAAGGGTTAGACGGT,0,443273
acrZp,0.5,1,1,CCGCCACGGCGCTGTAAGAA,0,428709
acrZp,0.5,1,1,CCGCCACGGCCCACACGGGA,0,413008
acrZp,0.5,1,1,CCGCACAGTTAGGCCCGGGG,0,418229
acrZp,0.5,1,1,CCGATTGCGGAGGTACGTAA,0,445561
acrZp,0.5,1,1,CCGATTAGGATCAGTCGGTA,0,446984
acrZp,0.5,1,1,CCGATGTTTAGCTCGTGTGG,0,436492
acrZp,0.5,1,1,CCGATAATGTCACCGGGAAG,0,423658
acrZp,0.5,1,1,CCGAGTGCTCTAGGCTCACC,0,457125
acrZp,0.5,1,1,CCGAGTCAGTCTTTAGGCGT,0,428904
acrZp,0.5,1,1,CCGAGGAATCACCGCCGTTA,0,424374
acrZp,0.5,1,1,CCGAGAAAGGTGGCCACAGC,0,423819
acrZp,0.5,1,1,CCGACGGTCGTGCATTCATC,0,457070
acrZp,0.5,1,1,CCGACGAGCATCATATCGCG,0,429311
acrZp,0.5,1,1,CCGAATTCTGGGATGAAGCT,0,440874
acrZp,0.5,1,1,CCGAATTCCAGCTTTAATCC,0,458155
acrZp,0.5,1,1,CCGAAGCCAATCAACAAGTG,0,428584
acrZp,0.5,1,1,CCCTTTCCGGCCCTCGAGGT,0,441355
acrZp,0.5,1,1,CCCTTGAGGTGTCGAGTGTA,0,448963
acrZp,0.5,1,1,CCCTTGAACGTATTGTCATT,0,447757
acrZp,0.5,1,1,CCCTTCGCGATTTTGTGGAG,0,418120
acrZp,0.5,1,1,CCCTGTTGAAATTACGTCGT,0,422830
acrZp,0.5,1,1,CCCTGCCCCTCGAGACCTCA,0,409156
acrZp,0.5,1,1,CCCTCGGTAGTACACAAGAG,0,412245
acrZp,0.5,1,1,CCCGTTTGTGGGCTCTTAAA,0,410387
acrZp,0.5,1,1,CCCGTGCTGAGCGAGTCGTG,0,414224
acrZp,0.5,1,1,CCCGTAATGGCGGCCTGGCC,0,450622
acrZp,0.5,1,1,CCCGGTTTTGGCGAACGTAA,0,454672
acrZp,0.5,1,1,CCCGGATATAAAGCGCATCA,0,427245
acrZp,0.5,1,1,CCCGGACTACCGTGTAAGGG,0,455011
acrZp,0.5,1,1,CCCGGACAGTTTGAAGACTG,0,420919
acrZp,0.5,1,1,CCCGCTTGGTGAGACGGTCA,0,433935
acrZp,0.5,1,1,CCCGCCGGGTCCATCTGTGA,0,451663
acrZp,0.5,1,1,CCCGCCCCGTTTCTAGCCAC,0,417580
acrZp,0.5,1,1,CCCGCCAGGCATCCTTTGTT,0,416203
acrZp,0.5,1,1,CCCGCACCATCGTTCGCTGA,0,422042
acrZp,0.5,1,1,CCCGATACATATCACGCCAT,0,452276
acrZp,0.5,1,1,CCCGAGTTCCACTTCATAAC,0,429296
acrZp,0.5,1,1,CCCGACTTATCGAAGCATGA,0,414533
acrZp,0.5,1,1,CCCGAAGTTTCCGGAGCCTG,0,425362
acrZp,0.5,1,1,CCCCTTGTCTCAAAAACTAA,0,414807
acrZp,0.5,1,1,CCCCTGTGGATAGGTTTGGG,0,416143
acrZp,0.5,1,1,CCCCTACTGGTAACTCTGGT,0,409059
acrZp,0.5,1,1,CCCCGTGTTGTCTCGCACTA,0,419710
acrZp,0.5,1,1,CCCCGGTCATCCGTTTATAC,0,435272
acrZp,0.5,1,1,CCCCGGGACCTGAACTAAGA,0,433041
acrZp,0.5,1,1,CCCCGCCTCTCGAGGCAACC,0,462502
acrZp,0.5,1,1,CCCCGAGAGGCATTGTCCCC,0,445103
acrZp,0.5,1,1,CCCCCGCTTTCTCTGTCTGA,0,446051
acrZp,0.5,1,1,CCCCCACGGTGGCACCAGAT,0,415113
acrZp,0.5,1,1,CCCCACCGGTTCATGACAGC,0,423008
acrZp,0.5,1,1,CCCCACCCTGGGTGTAGCGC,0,442866
acrZp,0.5,1,1,CCCCAACGAGATTATCTCCC,0,412061
acrZp,0.5,1,1,CCCATACCCGGTCAGTGGCA,0,410620
acrZp,0.5,1,1,CCCAGTGCGTGCACGAGGAT,0,460641
acrZp,0.5,1,1,CCCAGGGGTGCCGATGACTC,0,412337
acrZp,0.5,1,1,CCCAGGCTGTTGTTCGGCGA,0,462310
acrZp,0.5,1,1,CCCACTTCGGACGGGGAACA,0,454405
acrZp,0.5,1,1,CCCACAGTATGAGTGCGTCG,0,444223
acrZp,0.5,1,1,CCCAATCCATATTATGAAAC,0,467667
acrZp,0.5,1,1,CCCAACTGTAGGGTGCTGTT,0,437181
acrZp,0.5,1,1,CCCAACGGACGTTTCCAGAT,0,434062
acrZp,0.5,1,1,CCCAACGCTCAGGGAGGGTT,0,464776
acrZp,0.5,1,1,CCATTTTTCATTCGGTAGTC,0,424170
acrZp,0.5,1,1,CCATTTGGGATGGAACGTCG,0,458418
acrZp,0.5,1,1,CCATTATCCTTTACATGCTG,0,427927
acrZp,0.5,1,1,CCATGTGACTTCCCCCAGGC,0,445483
acrZp,0.5,1,1,CCATGCTGGATTTCTTCGTC,0,417681
acrZp,0.5,1,1,CCATGAGGCAGTTACTCAAT,0,444171
acrZp,0.5,1,1,CCATCTTATATTGGTAAAGG,0,417804
acrZp,0.5,1,1,CCATCTATTAAGACAGCGAG,0,443310
acrZp,0.5,1,1,CCATCGATTACGTGTCCGAT,0,430302
acrZp,0.5,1,1,CCATCCGAGAAAAAACCAGT,0,464801
acrZp,0.5,1,1,CCATCAGTTAAACTAATTAT,0,414353
acrZp,0.5,1,1,CCATCACGAGATATAGGCAG,0,426041
acrZp,0.5,1,1,CCATCAACGAGTTTTACTAT,0,419803
acrZp,0.5,1,1,CCATATTGGGCCAAACCTAA,0,429909
acrZp,0.5,1,1,CCATATTGGAGGGACAGTCT,0,458376
acrZp,0.5,1,1,CCATACGACTGGAACGCCTG,0,452402
acrZp,0.5,1,1,CCATACCGCAAATACAAGCG,0,451987
acrZp,0.5,1,1,CCAGTCTTGTCTCCGTGACA,0,467017
acrZp,0.5,1,1,CCAGTCGGCTCGAAAATTCC,0,439110
acrZp,0.5,1,1,CCAGGTGGCCAATACTCATC,0,421136
acrZp,0.5,1,1,CCAGGTATAAGACAGTAACG,0,462178
acrZp,0.5,1,1,CCAGGGTTCAGTTGTTTGGT,0,438375
acrZp,0.5,1,1,CCAGGGTACGAAGACGTTGC,0,421833
acrZp,0.5,1,1,CCAGCTTGCGGTTCGTTCGT,0,419596
acrZp,0.5,1,1,CCAGCTTACTTGCCGCAGGT,0,454486
acrZp,0.5,1,1,CCAGCGGCGAATATGGTACT,0,452469
acrZp,0.5,1,1,CCAGAAACAGTATGTATAGT,0,413316
acrZp,0.5,1,1,CCACTTTCCACCAGGGGCCG,0,467164
acrZp,0.5,1,1,CCACTTGGCCGCTCAAAGAT,0,416613
acrZp,0.5,1,1,CCACTTAGAAATGGACTTAA,0,448410
acrZp,0.5,1,1,CCACTATGAGGAGGGTCTGT,0,409381
acrZp,0.5,1,1,CCACGGGACTGGCCATTCCA,0,430633
acrZp,0.5,1,1,CCACGCCTCCACCTGTACAC,0,424288
acrZp,0.5,1,1,CCACGAGTTCGGCGAAGGAT,0,440989
acrZp,0.5,1,1,CCACGACTGCCTGACATAGC,0,421294
acrZp,0.5,1,1,CCACCGCCCGTAACGCTGGG,0,411903
acrZp,0.5,1,1,CCACCCGGAGACCCTGCGTG,0,456042
acrZp,0.5,1,1,CCACATGAGCCCGCTTAAAA,0,449798
acrZp,0.5,1,1,CCACAACAGGATCGGGCTGA,0,463413
acrZp,0.5,1,1,CCAATCGGACCAGAAAGGAA,0,435653
acrZp,0.5,1,1,CCAAGGGGCGCGCTTTCGAG,0,436427
acrZp,0.5,1,1,CCAAGCCGACCGCCCCCCTA,0,445643
acrZp,0.5,1,1,CCAACTTGGTGAAGGATGGT,0,411552
acrZp,0.5,1,1,CCAAATAAAGTACAATAAAG,0,415399
acrZp,0.5,1,1,CCAAAGCTAGGTTTTAAAAA,0,463853
acrZp,0.5,1,1,CCAAAGCGGGTGTCGTCATT,0,459589
acrZp,0.5,1,1,CCAAACCGATACGGTGGTGT,0,430826
acrZp,0.5,1,1,CCAAAAGATTCACACGATAT,0,432467
acrZp,0.5,1,1,CATTTTGTGTAATGCCTATG,0,417822
acrZp,0.5,1,1,CATTTAAATATAGAGCGGGC,0,450144
acrZp,0.5,1,1,CATTGTAGCAATGAGACAAT,0,437465
acrZp,0.5,1,1,CATTGAGTTGCCCGAACGAT,0,410356
acrZp,0.5,1,1,CATTCAATGAGTCCCAATCG,0,445383
acrZp,0.5,1,1,CATGTGCTCGAGCATGTTAT,0,432787
acrZp,0.5,1,1,CATGTCAGAGGTTCCAGCAA,0,445056
acrZp,0.5,1,1,CATGGTTTGTAGAGGAGTGA,0,450635
acrZp,0.5,1,1,CATGGCAAAGCTCTACATAT,0,422967
acrZp,0.5,1,1,CATGCTTGTCCCCGGATAAC,0,444676
acrZp,0.5,1,1,CATGCTATTGATCCGAAACC,0,416576
acrZp,0.5,1,1,CATGCGTAAGACCATCTGAA,0,451609
acrZp,0.5,1,1,CATGCCTCGGAATCAAGCCA,0,458419
acrZp,0.5,1,1,CATGATTGGGAAGACCACCC,0,419745
acrZp,0.5,1,1,CATGATGTGAAGACTTTGAT,0,424634
acrZp,0.5,1,1,CATGAGTTTGCGGACGTTCC,0,414632
acrZp,0.5,1,1,CATGAATTCAGCTTGTTGGG,0,440675
acrZp,0.5,1,1,CATCTTTGACAGAAATAGGA,0,420871
acrZp,0.5,1,1,CATCTTTATCAGGCATTCTT,0,409086
acrZp,0.5,1,1,CATCTTGGAGAGCTAGGACA,0,455095
acrZp,0.5,1,1,CATCTGCTGTATTCACGGAG,0,452049
acrZp,0.5,1,1,CATCTCTCACAATTCGCTAT,0,425590
acrZp,0.5,1,1,CATCTCCCTTGATAGACGGC,0,425666
acrZp,0.5,1,1,CATCTATCATGCATACTGTA,0,443308
acrZp,0.5,1,1,CATCTAATGCTGGGGACGTG,0,418820
acrZp,0.5,1,1,CATCGGTGTGATGAACAGTT,0,448186
acrZp,0.5,1,1,CATCGGGCGTCTGCGCCAAT,0,437970
acrZp,0.5,1,1,CATCGAGAGCAAAGCGTTTG,0,421911
acrZp,0.5,1,1,CATCGACCTCCATCTTAGAT,0,411017
acrZp,0.5,1,1,CATCCGGGTTCCGGGACAAC,0,447794
acrZp,0.5,1,1,CATCCCTATCGAGGACAGTT,0,431821
acrZp,0.5,1,1,CATCCCATGACCGAGGGGGT,0,419321
acrZp,0.5,1,1,CATCATCTGGTTTATTTTTC,0,453021
acrZp,0.5,1,1,CATCAGCGCATCATTAGCTC,0,439142
acrZp,0.5,1,1,CATAGGGTCGGTCCTTATCC,0,411469
acrZp,0.5,1,1,CATAGGCAATAGCTCCGTGA,0,432575
acrZp,0.5,1,1,CATAGCGCTTCCCTCTGGCA,0,420396
acrZp,0.5,1,1,CATAGAAGGCAAGACCAGTA,0,435995
acrZp,0.5,1,1,CATACTACAACGGCGGCGCT,0,444046
acrZp,0.5,1,1,CATACGTTCGTTTCTGAACG,0,410124
acrZp,0.5,1,1,CATACAGAGTTAGCACTGCA,0,428419
acrZp,0.5,1,1,CATAATTTTAAGCGCTTCTC,0,439547
acrZp,0.5,1,1,CATAAGGGCGTGGCAGAGTC,0,442708
acrZp,0.5,1,1,CATAAGCCTCGTTCCCCGAA,0,460170
acrZp,0.5,1,1,CATAAGATCCTTTAAAGGGA,0,435920
acrZp,0.5,1,1,CATAAGAACTATGACCGTAC,0,415365
acrZp,0.5,1,1,CAGTTTCGTTGAAGGGAAGG,0,411393
acrZp,0.5,1,1,CAGTTTACTGAAAGGCTTAC,0,440797
acrZp,0.5,1,1,CAGTTTAAACTGAGCCTTTC,0,420683
acrZp,0.5,1,1,CAGTTCATTGGCATTAGAAC,0,450572
acrZp,0.5,1,1,CAGTTCATGCGTGTCATGGG,0,412601
acrZp,0.5,1,1,CAGTTAGAAGCTCAGCCAAG,0,460285
acrZp,0.5,1,1,CAGTTACCGTCACCGAAGTC,0,455339
acrZp,0.5,1,1,CAGTCTCCTCATTATCCAAA,0,434447
acrZp,0.5,1,1,CAGTCGTTGAAAGTGTCCTT,0,451456
acrZp,0.5,1,1,CAGTCCGCAGTACTTTCTAT,0,413582
acrZp,0.5,1,1,CAGTCAGCGGGACGTGGTTG,0,458004
acrZp,0.5,1,1,CAGTAGTGAACCGATGTTCC,0,420110
acrZp,0.5,1,1,CAGTAGACCCGGAAGTCCTG,0,444288
acrZp,0.5,1,1,CAGTACTCTTTCAACTGTTC,0,454667
acrZp,0.5,1,1,CAGTACATTTCATCGTATGC,0,436048
acrZp,0.5,1,1,CAGTAAGTGCAGCAGTTCTT,0,415269
acrZp,0.5,1,1,CAGGTTCGGACCCCATAGTC,0,456444
acrZp,0.5,1,1,CAGGTCGCAGCCGGTGTCTT,0,433336
acrZp,0.5,1,1,CAGGGTAGGTTCGGGCGCGT,0,408888
acrZp,0.5,1,1,CAGGGGGAATAAAACGGATA,0,428808
acrZp,0.5,1,1,CAGGCCAAGTACTATATTTT,0,437128
acrZp,0.5,1,1,CAGGCATTGGGGGATCAGAC,0,433785
acrZp,0.5,1,1,CAGGCAGCTTGTGGCCAAAG,0,465883
acrZp,0.5,1,1,CAGGCAAAGGCCGCAGCGAA,0,430082
acrZp,0.5,1,1,CAGGAGTGATTAAATACACT,0,440281
acrZp,0.5,1,1,CAGGACAGTCTGTGGTGTTC,0,451733
acrZp,0.5,1,1,CAGGAATCAGTGCTTGGCCG,0,443137
acrZp,0.5,1,1,CAGGAAAGCCCGGGGCTTAT,0,445182
acrZp,0.5,1,1,CAGCTTCCGCATTTGAGGAC,0,432563
acrZp,0.5,1,1,CAGCTGATCGACGCTTGGAG,0,415527
acrZp,0.5,1,1,CAGCTCTTTGTACAATACCT,0,424783
acrZp,0.5,1,1,CAGCTCTGCCTATCTTGTGA,0,447854
acrZp,0.5,1,1,CAGCTAAGAGTTACCGGGAA,0,438416
acrZp,0.5,1,1,CAGCGTGGGCGCCCGGCGAG,0,425522
acrZp,0.5,1,1,CAGCGGAGAGAGTAATCCTC,0,431983
acrZp,0.5,1,1,CAGCGATACCGGAGGGGGTT,0,439919
acrZp,0.5,1,1,CAGCCTTTCGGTATTCTACG,0,456051
acrZp,0.5,1,1,CAGCCTAAGTGGACGTGCCA,0,460500
acrZp,0.5,1,1,CAGCATGGGTCCGTGTAATA,0,419679
acrZp,0.5,1,1,CAGATTGAATGATCTGGCTT,0,421323
acrZp,0.5,1,1,CAGATTACAACACAAGTGGG,0,436988
acrZp,0.5,1,1,CAGATGCCGCCGCCGCGGAC,0,461408
acrZp,0.5,1,1,CAGATAATCTGACAGAAACG,0,409559
acrZp,0.5,1,1,CAGAGTTCTCGTCGCAGCGG,0,411335
acrZp,0.5,1,1,CAGAGCGTCGCCCACGGAGA,0,445146
acrZp,0.5,1,1,CAGACTTATGCGTGTTAAAG,0,440872
acrZp,0.5,1,1,CAGACCATATAAGATACAGA,0,416616
acrZp,0.5,1,1,CAGACCACCCAGATCTAATG,0,450695
acrZp,0.5,1,1,CAGACAATGCAGCAGTGAAG,0,444196
acrZp,0.5,1,1,CACTTTGGGGGCAGATTCCA,0,466195
acrZp,0.5,1,1,CACTTTAAAAGTTATGTTAG,0,423570
acrZp,0.5,1,1,CACTTGGTCGCTCAGCTTGG,0,421178
acrZp,0.5,1,1,CACTTGCTCTTAGTCTGCCA,0,413979
acrZp,0.5,1,1,CACTTAATAAAGCGAGCATG,0,442260
acrZp,0.5,1,1,CACTGGCGAATGGTTCATTG,0,430699
acrZp,0.5,1,1,CACTGACCAGAGCTATTAAG,0,432365
acrZp,0.5,1,1,CACTGAACACGGCATTCTCC,0,443002
acrZp,0.5,1,1,CACTCACACCAAGGGGGAAG,0,466251
acrZp,0.5,1,1,CACTATCTAGTCACAATGTT,0,433728
acrZp,0.5,1,1,CACTACGGCCCCCCGCTTAA,0,409016
acrZp,0.5,1,1,CACGTAGTGCAACGTTTGCA,0,413611
acrZp,0.5,1,1,CACGGCCCGGTATCGTTGAC,0,439251
acrZp,0.5,1,1,CACGCGTATTGACGTTTGTT,0,426483
acrZp,0.5,1,1,CACGCCGCCTGATATGGGAT,0,463176
acrZp,0.5,1,1,CACGAGTTCGGCGAAGTCCG,0,432957
acrZp,0.5,1,1,CACGAGTCCAACATTCCTTC,0,416937
acrZp,0.5,1,1,CACGAAGGATGTGTCGTCGC,0,453393
acrZp,0.5,1,1,CACCTTGCGCCAACTATGGT,0,447023
acrZp,0.5,1,1,CACCTGCGGCACGTCGCAGT,0,456680
acrZp,0.5,1,1,CACCTCGCTCGATCCTCCTT,0,415115
acrZp,0.5,1,1,CACCGAAAGCTGGTTATACT,0,434100
acrZp,0.5,1,1,CACCCGGTTGTGAGTTCGAC,0,424444
acrZp,0.5,1,1,CACCATGACGTACTAAATTG,0,418865
acrZp,0.5,1,1,CACATTGATGCGACAAAGTT,0,461754
acrZp,0.5,1,1,CACATGAGGGCATCAATAAT,0,442080
acrZp,0.5,1,1,CACATACCACCGTCAGTCTT,0,421664
acrZp,0.5,1,1,CACAGTATTGTCACCCAGGT,0,433218
acrZp,0.5,1,1,CACAGTAACTTTGACATATT,0,436916
acrZp,0.5,1,1,CACAGGTCCTGTCACGGCAG,0,420020
acrZp,0.5,1,1,CACACTATTCAGTAAATAAG,0,464371
acrZp,0.5,1,1,CACACGCCAATCCTCGCGCG,0,424081
acrZp,0.5,1,1,CACAATCTGCAATCTCCATT,0,411841
acrZp,0.5,1,1,CACAACTTGTCAGCTGTTCC,0,463892
acrZp,0.5,1,1,CAATTGGGGTAATTGCGTTA,0,440272
acrZp,0.5,1,1,CAATTAGCGTGGAATGATAT,0,423010
acrZp,0.5,1,1,CAATGTTGGGAGCACTATAC,0,460900
acrZp,0.5,1,1,CAATGGCTCTGCAGCCGTGG,0,412136
acrZp,0.5,1,1,CAATGAGCCGGTTCCGTCCG,0,447254
acrZp,0.5,1,1,CAATCTGTTCAGTTCTCGTT,0,422711
acrZp,0.5,1,1,CAATCGCGGGCCTTTTTCCC,0,441745
acrZp,0.5,1,1,CAATCAGCCTCCCGGCCTCC,0,445849
acrZp,0.5,1,1,CAATAGGTGAATAGAGCCCT,0,439534
acrZp,0.5,1,1,CAATACCGAGTGCCAGATGA,0,410086
acrZp,0.5,1,1,CAAGTTGCGGACGAAGAGAG,0,421565
acrZp,0.5,1,1,CAAGTGAGTCCTCTAGGGCG,0,438465
acrZp,0.5,1,1,CAAGGTTGAGAGCATGATTA,0,434406
acrZp,0.5,1,1,CAAGGGTGCAGGCGGACTGG,0,438566
acrZp,0.5,1,1,CAAGGGTAGCACGAAGTTAC,0,428595
acrZp,0.5,1,1,CAAGGGCGGTTCCTTTCCAA,0,415403
acrZp,0.5,1,1,CAAGGAGCTCCGGTTGTTAA,0,410460
acrZp,0.5,1,1,CAAGCGTGTAGCGGGATGTT,0,428034
acrZp,0.5,1,1,CAAGCGGTAGCATAAAATAG,0,417236
acrZp,0.5,1,1,CAAGCCAGTAACATACCTCA,0,456757
acrZp,0.5,1,1,CAAGATTTGTGGGATAATGA,0,432631
acrZp,0.5,1,1,CAAGAGTGATACTTTTACAG,0,463941
acrZp,0.5,1,1,CAACGTTGGTTCAAGGCATC,0,418396
acrZp,0.5,1,1,CAACGTTATTCGGCCAATGT,0,462791
acrZp,0.5,1,1,CAACGTTATCCTTAGTATGG,0,411691
acrZp,0.5,1,1,CAACCAGCATACCTGGTTAG,0,421696
acrZp,0.5,1,1,CAACAGCTATCCTGCTGAAC,0,466496
acrZp,0.5,1,1,CAACACTCGCTCGCCATAGG,0,449579
acrZp,0.5,1,1,CAACACCAAGGCCAACTTTG,0,439122
acrZp,0.5,1,1,CAACACAGTGGCGTTCGTAG,0,429343
acrZp,0.5,1,1,CAACAAAAACAAATTTCCTA,0,461867
acrZp,0.5,1,1,CAAATCTGAACAACCCGTCC,0,432383
acrZp,0.5,1,1,CAAATCCACGTGGTCATCGG,0,431048
acrZp,0.5,1,1,CAAATAAGGACGCACTGTAG,0,444191
acrZp,0.5,1,1,CAAATAACGTGCGCCTAATG,0,414366
acrZp,0.5,1,1,CAAAGTGCGCGTCGCGGCGT,0,423467
acrZp,0.5,1,1,CAAAGTGAGGTACCGGTTCC,0,448174
acrZp,0.5,1,1,CAAACTTATGTCCTAATTGG,0,422465
acrZp,0.5,1,1,CAAACTGTGTTACGATCTGT,0,423243
acrZp,0.5,1,1,CAAACTATCGAGGGCGAGCA,0,448629
acrZp,0.5,1,1,CAAACCGGTGCCAAGCCGCT,0,423685
acrZp,0.5,1,1,CAAAACAGGGACAAACCATT,0,422549
acrZp,0.5,1,1,ATTTTAAGCCTGCTGCCCAT,0,456578
acrZp,0.5,1,1,ATTTTAACGAGACCAGTAAA,0,465807
acrZp,0.5,1,1,ATTTGTCGCCGACGGTCAGG,0,450038
acrZp,0.5,1,1,ATTTGTATGCTACCACACAC,0,463038
acrZp,0.5,1,1,ATTTGGGAAACTTAAGCTTA,0,463558
acrZp,0.5,1,1,ATTTGCTCAAGCGCAAGCAA,0,432121
acrZp,0.5,1,1,ATTTGACTACCTGAGGGGGG,0,414913
acrZp,0.5,1,1,ATTTGAACGAGGGGAAGCGC,0,465686
acrZp,0.5,1,1,ATTTCTCCTCATAGTTGGAA,0,416123
acrZp,0.5,1,1,ATTTCCGGGCGAATGTCGAA,0,420910
acrZp,0.5,1,1,ATTTCCCTGGCCCTTTCCTA,0,440909
acrZp,0.5,1,1,ATTTATTTACGCCGGAAGGC,0,440876
acrZp,0.5,1,1,ATTTATGCCGGCTGAGAAAC,0,433037
acrZp,0.5,1,1,ATTTATAGGATTACTCCGGA,0,456183
acrZp,0.5,1,1,ATTTATAGCTCGGCTAAGCG,0,443690
acrZp,0.5,1,1,ATTTACTTCAGGGTATCCCC,0,463929
acrZp,0.5,1,1,ATTTACGCGCCTAGGGCCTA,0,426897
acrZp,0.5,1,1,ATTTACCCACCCGAGGAAAT,0,444431
acrZp,0.5,1,1,ATTTAAGGATGGTTTGTGCC,0,415811
acrZp,0.5,1,1,ATTTAAGCTTAGATTCAATT,0,427039
acrZp,0.5,1,1,ATTGTTGGTCAACATGCATA,0,419334
acrZp,0.5,1,1,ATTGGTCGCTACGCATAGCT,0,408963
acrZp,0.5,1,1,ATTGGGAGACATTCTTTTTT,0,423888
acrZp,0.5,1,1,ATTGGCGAGGCGGCACGTTC,0,459760
acrZp,0.5,1,1,ATTGCTACGACATCTTGCAG,0,440899
acrZp,0.5,1,1,ATTGCGATTTTTTTGACTAC,0,440279
acrZp,0.5,1,1,ATTGCGAGTGCTATTGGACT,0,417928
acrZp,0.5,1,1,ATTGCGAGCAGCGTCCCAAA,0,443621
acrZp,0.5,1,1,ATTGCCGATACAGCGGACCT,0,429683
acrZp,0.5,1,1,ATTGCAGCACGGATGGCTGG,0,447619
acrZp,0.5,1,1,ATTGATATCGGGTTCGGTCA,0,418836
acrZp,0.5,1,1,ATTCTCCCTTGACGAGTCAA,0,432351
acrZp,0.5,1,1,ATTCGTTCACAGAGATCAAA,0,456698
acrZp,0.5,1,1,ATTCGGCCGGATGTGCTGTT,0,451598
acrZp,0.5,1,1,ATTCCTCATAATATCTGGAT,0,446868
acrZp,0.5,1,1,ATTCAGTATTAGATATTGAT,0,445725
acrZp,0.5,1,1,ATTCAGGGTCAAATACACAG,0,420933
acrZp,0.5,1,1,ATTCAGGCAGCCATTGGGAA,0,424789
acrZp,0.5,1,1,ATTCACGTGTAAAACTGTGG,0,425286
acrZp,0.5,1,1,ATTATCCAACGGGTAAATCG,0,466580
acrZp,0.5,1,1,ATTATACGTCTATCTTTGAC,0,411758
acrZp,0.5,1,1,ATTAGTGGGGAATCTTAATA,0,437031
acrZp,0.5,1,1,ATTAGTGGACTATGGTGTCA,0,463174
acrZp,0.5,1,1,ATTAGGGTGGCAAAAGGCGG,0,441312
acrZp,0.5,1,1,ATTAGGAGACATACCACCCA,0,464567
acrZp,0.5,1,1,ATTAGCAACGATGGCCACGA,0,411651
acrZp,0.5,1,1,ATTACGGTTGGTTCCCCATA,0,426450
acrZp,0.5,1,1,ATTACGACGAGATATCGCGA,0,453145
acrZp,0.5,1,1,ATTACAATTTTTCGCTCCAG,0,430294
acrZp,0.5,1,1,ATTAATTAGTCCAAGTCGCA,0,423194
acrZp,0.5,1,1,ATTAAGGGACGTTCGACAAA,0,465743
acrZp,0.5,1,1,ATGTTTGCAATGAAAAGTGG,0,460165
acrZp,0.5,1,1,ATGTTGAATAATCCTATCAA,0,453641
acrZp,0.5,1,1,ATGTGGACGGTTCGTAATCA,0,418967
acrZp,0.5,1,1,ATGTCCTCGGTCGGTTGGGA,0,415703
acrZp,0.5,1,1,ATGTATTGTGAGTGTGTGGA,0,466821
acrZp,0.5,1,1,ATGTAGGGAAGTTTTGTAAG,0,462090
acrZp,0.5,1,1,ATGTACTGTCGCGTATAAAT,0,417138
acrZp,0.5,1,1,ATGTACTGTCACATCCGAGT,0,438717
acrZp,0.5,1,1,ATGTACAGTGGAGTGCCCGT,0,430307
acrZp,0.5,1,1,ATGTACAGGGATACCCGGCA,0,433116
acrZp,0.5,1,1,ATGTAATTTCCTGCCAGTCT,0,420911
acrZp,0.5,1,1,ATGGTTTGGATTGTAGGGCC,0,425234
acrZp,0.5,1,1,ATGGTTGGGACGAGTATTAA,0,430810
acrZp,0.5,1,1,ATGGTGGGCTAAACGAGAAT,0,434432
acrZp,0.5,1,1,ATGGTCCTATTACGTGTCTT,0,441517
acrZp,0.5,1,1,ATGGTAGCGAGTAACCTGTT,0,442933
acrZp,0.5,1,1,ATGGGTGCTTTACGAGGCAC,0,446015
acrZp,0.5,1,1,ATGGGGGTCTTATGTTTGGC,0,460848
acrZp,0.5,1,1,ATGGGGGCCATCATACCTTG,0,417863
acrZp,0.5,1,1,ATGGGCGGGCTCCCTTGTAT,0,432103
acrZp,0.5,1,1,ATGGGCCAACAAAAAGATGG,0,446007
acrZp,0.5,1,1,ATGGGATTGTTTTGACGCGA,0,456831
acrZp,0.5,1,1,ATGGGAGGCACCTCGGGAGA,0,409151
acrZp,0.5,1,1,ATGGCCGCTCCAGAAGTAGG,0,415406
acrZp,0.5,1,1,ATGGAGTAGGCATTTAACTA,0,417949
acrZp,0.5,1,1,ATGGAGGCCGTTCAGAACTT,0,435284
acrZp,0.5,1,1,ATGGACGATCAGCCCCAAAC,0,439337
acrZp,0.5,1,1,ATGGAACTCTCCCTGCTGAT,0,461128
acrZp,0.5,1,1,ATGCTTAAAACCTCGGCTGG,0,434480
acrZp,0.5,1,1,ATGCGGCCGTCAGGCCTAAT,0,412454
acrZp,0.5,1,1,ATGCGCGCGGGGGTCTTCCG,0,411690
acrZp,0.5,1,1,ATGCGCCGTTAATGAGCGTA,0,462878
acrZp,0.5,1,1,ATGCGCAATTCGACCAATAA,0,437353
acrZp,0.5,1,1,ATGCGACCTATAGGCATTGC,0,422056
acrZp,0.5,1,1,ATGCCCATCGACTGGAATCG,0,439073
acrZp,0.5,1,1,ATGCATCAAGCGTGTACTCT,0,447233
acrZp,0.5,1,1,ATGCAAGAGTATAGTGTAAT,0,443062
acrZp,0.5,1,1,ATGCAAAACCGCTTGACAAA,0,425728
acrZp,0.5,1,1,ATGATTCTTCGACAACTTAA,0,448659
acrZp,0.5,1,1,ATGATGGAACACCTTTGTGC,0,449879
acrZp,0.5,1,1,ATGATCTCGCTCTGGTAGCG,0,447888
acrZp,0.5,1,1,ATGATCGCATATATCCTTTG,0,420347
acrZp,0.5,1,1,ATGATATTTGGTCTTGTCCG,0,432691
acrZp,0.5,1,1,ATGATATGCTCTCTACGGAT,0,432510
acrZp,0.5,1,1,ATGAGACGCCATGGCTCCAA,0,456459
acrZp,0.5,1,1,ATGACGTGTCATGTCTTTAC,0,410763
acrZp,0.5,1,1,ATGACATAAAACCGAGTCGT,0,454059
acrZp,0.5,1,1,ATGAAACATCGGGGCGTGGA,0,452088
acrZp,0.5,1,1,ATCTTGGCACAACGGGCGCG,0,430217
acrZp,0.5,1,1,ATCTTCGATCGCCGGATTGA,0,440033
acrZp,0.5,1,1,ATCTGTTAGCTATCCCTTGG,0,462339
acrZp,0.5,1,1,ATCTGTCTCGTTAGGGGTAA,0,455352
acrZp,0.5,1,1,ATCTGCCTGTATCTTACATA,0,415894
acrZp,0.5,1,1,ATCTCGGCCAGAGCTTAGTA,0,456946
acrZp,0.5,1,1,ATCTATACTAAAGGCGGCCG,0,435988
acrZp,0.5,1,1,ATCTAGTGTCTTTTGGCACT,0,451285
acrZp,0.5,1,1,ATCTAGTGCCCCCGCACTGT,0,439347
acrZp,0.5,1,1,ATCTACAAGTATCGTGGAAC,0,425053
acrZp,0.5,1,1,ATCGTGGCTCGCCAACAACT,0,432462
acrZp,0.5,1,1,ATCGGTGTCCTGCTTATAAC,0,428384
acrZp,0.5,1,1,ATCGGTCTCTATAGCCCCTT,0,452350
acrZp,0.5,1,1,ATCGGGTTGGATCTGTTCAG,0,411529
acrZp,0.5,1,1,ATCGCGAGATCTATACAAAG,0,449639
acrZp,0.5,1,1,ATCGCATAGCTAACACACGG,0,426237
acrZp,0.5,1,1,ATCGATTCCGTTGAGACAAA,0,428741
acrZp,0.5,1,1,ATCGAGCTCAATCAGGTCCG,0,461113
acrZp,0.5,1,1,ATCGACGAAGGTATTTGCTA,0,422503
acrZp,0.5,1,1,ATCCTTAGTGCCGTGTCTTC,0,455659
acrZp,0.5,1,1,ATCCTTAGAAAGACGCATGC,0,445504
acrZp,0.5,1,1,ATCCTCGAGGGCGTGCATCC,0,434972
acrZp,0.5,1,1,ATCCGTCAGTCACAGTCACG,0,408965
acrZp,0.5,1,1,ATCCGGGCTACATGGAAAGA,0,424134
acrZp,0.5,1,1,ATCCGGCCGCAATAAGGCGG,0,438236
acrZp,0.5,1,1,ATCCGGATACAACCCTGATT,0,429896
acrZp,0.5,1,1,ATCCGCTAATGCAGACTAAA,0,409764
acrZp,0.5,1,1,ATCCCCCCATAAAAAGACGC,0,445821
acrZp,0.5,1,1,ATCCCAGTTACGAGGTGGAG,0,456107
acrZp,0.5,1,1,ATCCATCGTCAGAAGTGGCT,0,429559
acrZp,0.5,1,1,ATCCAACTTTACAGCGCTCT,0,430256
acrZp,0.5,1,1,ATCATCCTGCCTTTTCGAGT,0,423469
acrZp,0.5,1,1,ATCATACTCCGGTCCCGGCG,0,457468
acrZp,0.5,1,1,ATCAGGTGCATTAAGTATTA,0,465796
acrZp,0.5,1,1,ATCAGAGCCAATACACCTAG,0,442991
acrZp,0.5,1,1,ATCACCTGTGGTCACTCAAT,0,460775
acrZp,0.5,1,1,ATCACAATGATGTGAGCAGC,0,464319
acrZp,0.5,1,1,ATCAAGTATCAAGTTCAACT,0,443906
acrZp,0.5,1,1,ATCAAGTACTGCTCAGAATG,0,444061
acrZp,0.5,1,1,ATCAAAACGGGCTCGAGTTC,0,414725
acrZp,0.5,1,1,ATATTTCGGGCCAGACCCCA,0,435831
acrZp,0.5,1,1,ATATTGGATAGAGAATGTCT,0,437339
acrZp,0.5,1,1,ATATTGAAAATCTGGGGCTT,0,420069
acrZp,0.5,1,1,ATATTCGACAGGTTTGCCAG,0,442822
acrZp,0.5,1,1,ATATTCAGATGCAGGGGGCT,0,430309
acrZp,0.5,1,1,ATATGTGTTCATCTAGTATT,0,412502
acrZp,0.5,1,1,ATATGGAAAAGACCGCTTGT,0,432179
acrZp,0.5,1,1,ATATGCATTAAGCTCCAGGG,0,452392
acrZp,0.5,1,1,ATATCGGGAAGCTTGATCAA,0,449083
acrZp,0.5,1,1,ATATCCCCCGTAAAATTTGG,0,422084
acrZp,0.5,1,1,ATATATTCGCAATTGTTAGT,0,433433
acrZp,0.5,1,1,ATATAAGCCGGGTATCAGTC,0,419807
acrZp,0.5,1,1,ATAGTCAGTACGATTGCCCG,0,409556
acrZp,0.5,1,1,ATAGGTGTAGCGTATAGGTC,0,438084
acrZp,0.5,1,1,ATAGGGTTCCCTAGTGGACG,0,411176
acrZp,0.5,1,1,ATAGGACTCCTGAGAAGGTT,0,438782
acrZp,0.5,1,1,ATAGCTGGGGACGGAAGCTC,0,441998
acrZp,0.5,1,1,ATAGCGTTAAATTTTTGGCA,0,437740
acrZp,0.5,1,1,ATAGCCTACGACGCCGCTAA,0,444700
acrZp,0.5,1,1,ATAGCATTCTTTCAGTTACC,0,455729
acrZp,0.5,1,1,ATAGACTGCATGCCTCGCCC,0,423529
acrZp,0.5,1,1,ATAGACGTAAGGCATGCTCC,0,410778
acrZp,0.5,1,1,ATAGAATATGAACGAGCTAC,0,433448
acrZp,0.5,1,1,ATACTTTTTCAAACCGAACA,0,425156
acrZp,0.5,1,1,ATACTTTGCCCCTAGGCTCT,0,439923
acrZp,0.5,1,1,ATACTGGGAACACACAGTCC,0,421203
acrZp,0.5,1,1,ATACTCGGGCAGTGTGGCTC,0,460626
acrZp,0.5,1,1,ATACGTGATGCTACAATCTG,0,411998
acrZp,0.5,1,1,ATACGTCTCCTCGAATGGCT,0,443059
acrZp,0.5,1,1,ATACGCGGTATATACCCGGA,0,420463
acrZp,0.5,1,1,ATACCTGTCTGTGTGGGGCA,0,411922
acrZp,0.5,1,1,ATACCTCCGGGACAATGGCC,0,447051
acrZp,0.5,1,1,ATACCTCAAGGGGAAGTAGC,0,415545
acrZp,0.5,1,1,ATACATTGTCGTTTAGCCAT,0,457515
acrZp,0.5,1,1,ATACATTGTCACGAGCACAT,0,413626
acrZp,0.5,1,1,ATACAATAGGCAGAACTAGA,0,416881
acrZp,0.5,1,1,ATAATGACTCAATTCCCAAG,0,464351
acrZp,0.5,1,1,ATAATCAGTGATGCACGTAC,0,442484
acrZp,0.5,1,1,ATAATAGAGCGTTGAAGAAA,0,412451
acrZp,0.5,1,1,ATAATAAGGCGATTAGTTGT,0,449094
acrZp,0.5,1,1,ATAATAAGAAGTCGTGTGAG,0,418851
acrZp,0.5,1,1,ATAAGTGCTAATGCTATCCA,0,444621
acrZp,0.5,1,1,ATAACTTTGCATTGCGCCGT,0,435038
acrZp,0.5,1,1,ATAACCTTTTAGGTCTCATC,0,446180
acrZp,0.5,1,1,ATAAAGCCTATCTTAAGCGG,0,443619
acrZp,0.5,1,1,ATAAAACCTGAGGATACTTG,0,430849
acrZp,0.5,1,1,AGTTTTTAGCAAGTGTGACT,0,429435
acrZp,0.5,1,1,AGTTTTAGACATTCCAAGTG,0,433215
acrZp,0.5,1,1,AGTTTGTGGACACACGAGGA,0,426851
acrZp,0.5,1,1,AGTTTCGTGACGTCCGCCGT,0,458550
acrZp,0.5,1,1,AGTTGTTAAGCCATACGCTT,0,457689
acrZp,0.5,1,1,AGTTGTGGGTGTACAAGGCT,0,427030
acrZp,0.5,1,1,AGTTGCGTTCCTCAGAGAGA,0,447240
acrZp,0.5,1,1,AGTTCGTGAACATACAAGGC,0,457306
acrZp,0.5,1,1,AGTTAGCGGTCTCACTTTCC,0,413820
acrZp,0.5,1,1,AGTTACGGCGCACTGAAATC,0,432389
acrZp,0.5,1,1,AGTGTCCTAGTTGCTTATAC,0,412285
acrZp,0.5,1,1,AGTGTAAGTGAAGCACATGG,0,441200
acrZp,0.5,1,1,AGTGGTTGAGCGTGGCTGAC,0,433157
acrZp,0.5,1,1,AGTGGTTATACTTCCCCGTC,0,420973
acrZp,0.5,1,1,AGTGGTAGAGAATGAGAATC,0,461612
acrZp,0.5,1,1,AGTGGCCCTAAGGTACGTTT,0,452981
acrZp,0.5,1,1,AGTGGCAGCCCGCGTGGCTT,0,460689
acrZp,0.5,1,1,AGTGCTTAGGTATGGCGGAA,0,458876
acrZp,0.5,1,1,AGTGCGTGGGGTTTCTTTTG,0,417372
acrZp,0.5,1,1,AGTGCCCGTTCAACCTTTTT,0,411717
acrZp,0.5,1,1,AGTGCCCGACTCTGCAGTGC,0,458606
acrZp,0.5,1,1,AGTGATTGATACGCATGCCA,0,465178
acrZp,0.5,1,1,AGTGAGGCCTACCTACAGGG,0,415628
acrZp,0.5,1,1,AGTCTGTTGCAGTGATAAGA,0,466208
acrZp,0.5,1,1,AGTCTGGAATACGATTTTTA,0,452006
acrZp,0.5,1,1,AGTCTGAGCAGCCAGGTTTC,0,462121
acrZp,0.5,1,1,AGTCTCCGCTCTTGCAGCCG,0,423320
acrZp,0.5,1,1,AGTCTAGTTAGACCAACGGT,0,439405
acrZp,0.5,1,1,AGTCGTGCGTCCGCTGTGCA,0,418777
acrZp,0.5,1,1,AGTCGGCCAACGATGTATTA,0,417383
acrZp,0.5,1,1,AGTCGCATTTACCATTGCAT,0,440108
acrZp,0.5,1,1,AGTCGCATTGGACAATCAGA,0,457023
acrZp,0.5,1,1,AGTCGAGTCCGGGGTCCGCA,0,451323
acrZp,0.5,1,1,AGTCAGGTTCCCTATTTTTA,0,457333
acrZp,0.5,1,1,AGTCAGGATGGATACTCTAA,0,462431
acrZp,0.5,1,1,AGTCAGACCAGCATTTTTTA,0,451151
acrZp,0.5,1,1,AGTCACCTCAGATGCCACGC,0,448189
acrZp,0.5,1,1,AGTCACCCGAGACCGGGTCG,0,448776
acrZp,0.5,1,1,AGTCACATTGCGTCGCTTGG,0,467606
acrZp,0.5,1,1,AGTCAATCGCTTCTTCATAA,0,415746
acrZp,0.5,1,1,AGTATCGTCGCACCCAGTGG,0,454195
acrZp,0.5,1,1,AGTAGTGTAGCATGTACCAT,0,410902
acrZp,0.5,1,1,AGTAGTCACCTAAACTAGAT,0,416164
acrZp,0.5,1,1,AGTAGGCCGGACTGTGTCCC,0,416844
acrZp,0.5,1,1,AGTACCGCGCAGAGTCGATT,0,464503
acrZp,0.5,1,1,AGTAAGACATGTTGGTTATA,0,446427
acrZp,0.5,1,1,AGTAACTGTGTAAATTGCGA,0,460306
acrZp,0.5,1,1,AGTAACGACAGGGTTTCGAG,0,439188
acrZp,0.5,1,1,AGTAAAGTACGACTAAAACC,0,453020
acrZp,0.5,1,1,AGTAAAGGGTACGCTAAAGC,0,463937
acrZp,0.5,1,1,AGTAAAATTTATCGCGAAAG,0,458410
acrZp,0.5,1,1,AGTAAAACCGCATCCCTGTC,0,412562
acrZp,0.5,1,1,AGGTTGGACGTCTTTTGGAT,0,435910
acrZp,0.5,1,1,AGGTTGATAGAGGTACCGAA,0,454630
acrZp,0.5,1,1,AGGTGGGTAGCTTGACAAGC,0,442863
acrZp,0.5,1,1,AGGTGCTTGGCGCTAGAAAG,0,433856
acrZp,0.5,1,1,AGGTGCGACCTACGGCCGCC,0,456008
acrZp,0.5,1,1,AGGTGCACGCAGTCGGCTAG,0,435644
acrZp,0.5,1,1,AGGTCATTTGACTAATCAGG,0,467291
acrZp,0.5,1,1,AGGTATTCACGGGACAAATC,0,417007
acrZp,0.5,1,1,AGGGTTTAAATCTTGACTAG,0,414235
acrZp,0.5,1,1,AGGGTTAATCAGTGAACATA,0,457305
acrZp,0.5,1,1,AGGGTCAAAAGAGCCATATA,0,437805
acrZp,0.5,1,1,AGGGTAGTGCTCTAACTATG,0,420469
acrZp,0.5,1,1,AGGGGTTGGCTCGGTTGATA,0,427291
acrZp,0.5,1,1,AGGGGTCCACGACGCGCCTG,0,411450
acrZp,0.5,1,1,AGGGGCGAGTCTGGGATATA,0,458440
acrZp,0.5,1,1,AGGGCGTGATAAAGGGGACC,0,458077
acrZp,0.5,1,1,AGGGCGGTGGTGTAGGACTG,0,414566
acrZp,0.5,1,1,AGGGCCGAAAGTCTATAAGC,0,430730
acrZp,0.5,1,1,AGGGCATCCTGCGTACATGG,0,450908
acrZp,0.5,1,1,AGGGCATATAATTCTGTCCC,0,447680
acrZp,0.5,1,1,AGGGAACTGAGGAAAACGAC,0,429993
acrZp,0.5,1,1,AGGGAAAGTACTTCCGCCAG,0,443807
acrZp,0.5,1,1,AGGCTTGGTCAGTAGGTTAA,0,465930
acrZp,0.5,1,1,AGGCTATGAAATACGTCTCC,0,436623
acrZp,0.5,1,1,AGGCGTAGGTGTTCGGGTAG,0,431116
acrZp,0.5,1,1,AGGCGCCCATTGAAGAAAAC,0,455834
acrZp,0.5,1,1,AGGCCTTGTGAGAAGATTAT,0,456013
acrZp,0.5,1,1,AGGCCTCTCGTCGCTCTTGG,0,433413
acrZp,0.5,1,1,AGGCCTATGTGGAGAACACG,0,411775
acrZp,0.5,1,1,AGGCCGGCGCGCAGTTGTTA,0,450723
acrZp,0.5,1,1,AGGCCGAAGCATGTCCATAC,0,429100
acrZp,0.5,1,1,AGGCCAGTAATCATTTATAT,0,432325
acrZp,0.5,1,1,AGGCAGGTAGTCGTATCTGC,0,449225
acrZp,0.5,1,1,AGGCACTTTTACATAACTCG,0,409311
acrZp,0.5,1,1,AGGCACCCCCACACGAGCCC,0,426516
acrZp,0.5,1,1,AGGATGTGGCCATGGGGGCA,0,459414
acrZp,0.5,1,1,AGGATGCAACGGCATTTTTA,0,458211
acrZp,0.5,1,1,AGGAGTGAATACACGATTCG,0,441923
acrZp,0.5,1,1,AGGAGGCTTTCGGGATTGCT,0,464670
acrZp,0.5,1,1,AGGAGGCATTGATGCGAGAA,0,438477
acrZp,0.5,1,1,AGGAGGCAAATTTCACCAAC,0,426659
acrZp,0.5,1,1,AGGAGCGGATGACATTCTAA,0,423141
acrZp,0.5,1,1,AGGAGAGGGCGAGACCCATA,0,432173
acrZp,0.5,1,1,AGGACTTCCATCCCGCTTAA,0,412993
acrZp,0.5,1,1,AGGACTCCAGATCGTGTTCA,0,455635
acrZp,0.5,1,1,AGGACGGGCCTCCCGCGAAT,0,424439
acrZp,0.5,1,1,AGGACATCAGGCCATGGATA,0,431529
acrZp,0.5,1,1,AGGAAGGCACAAAAACTCCG,0,430593
acrZp,0.5,1,1,AGGAAGAAGATACGAATAAA,0,428576
acrZp,0.5,1,1,AGCTTCTAGCATCGTTTTAT,0,461187
acrZp,0.5,1,1,AGCTTCCACTAGGCTCTATA,0,466526
acrZp,0.5,1,1,AGCTGTGCTCTATACCATTG,0,436915
acrZp,0.5,1,1,AGCTGGCTGAGTTGGCAGTC,0,412318
acrZp,0.5,1,1,AGCTCGTCGGATTACAGGCG,0,450126
acrZp,0.5,1,1,AGCTCGGAATTCTGTCGCAT,0,466231
acrZp,0.5,1,1,AGCTCCTTCATAGATTGCTC,0,429600
acrZp,0.5,1,1,AGCTATAACCATCTGTTCGG,0,422927
acrZp,0.5,1,1,AGCGTTAATGTGAGGTAGAC,0,431573
acrZp,0.5,1,1,AGCGTATTGGAATTGTCCCT,0,429997
acrZp,0.5,1,1,AGCGGTGAAGCGCTGCCTGC,0,451864
acrZp,0.5,1,1,AGCGGGTAGAGGCTATTACC,0,449530
acrZp,0.5,1,1,AGCGGGCGTGGCCCTAGGGA,0,457097
acrZp,0.5,1,1,AGCGGGAGGTAGGTAAAATT,0,417072
acrZp,0.5,1,1,AGCGGACATAGCTAACGGTA,0,445949
acrZp,0.5,1,1,AGCGCTTCATGAGCGATACC,0,418517
acrZp,0.5,1,1,AGCGCCGCCATGAGCCGGCT,0,455036
acrZp,0.5,1,1,AGCGCCGAAACGACCAGACA,0,462091
acrZp,0.5,1,1,AGCGCCCATTATAAAGTATA,0,465994
acrZp,0.5,1,1,AGCGAGTCAACAAAGATTCT,0,432734
acrZp,0.5,1,1,AGCGACGTTGCCGCCTTTCG,0,426366
acrZp,0.5,1,1,AGCGAAACGAAGTTAATTGA,0,450930
acrZp,0.5,1,1,AGCCTTACCCGGATCGGTGT,0,457344
acrZp,0.5,1,1,AGCCTCGTTAGGAATCACGC,0,458241
acrZp,0.5,1,1,AGCCTCGTCCGGCACCGGGT,0,420961
acrZp,0.5,1,1,AGCCTCCGGCCGAAAGAATG,0,439888
acrZp,0.5,1,1,AGCCTATGGCCACTCACCTG,0,464773
acrZp,0.5,1,1,AGCCTATAGAAATGGCGAGG,0,414672
acrZp,0.5,1,1,AGCCGGTGAGTTGCAGGTCC,0,427293
acrZp,0.5,1,1,AGCCGGATTGCATTGTCCCA,0,466397
acrZp,0.5,1,1,AGCCGCCGTATCAACTTGAT,0,434850
acrZp,0.5,1,1,AGCCCGGCACGCTGGTGAGA,0,410707
acrZp,0.5,1,1,AGCCCCTGGTGATCAGAGTC,0,441952
acrZp,0.5,1,1,AGCCCCGCGCATCAAGTACA,0,443212
acrZp,0.5,1,1,AGCCATTAACGCGATCTTAC,0,442763
acrZp,0.5,1,1,AGCCATCGCGGTCCGGGATG,0,441825
acrZp,0.5,1,1,AGCCACCCCACGCACCCTCC,0,419595
acrZp,0.5,1,1,AGCCACACTATCGTAACGAC,0,449864
acrZp,0.5,1,1,AGCATTATCGCGCACTTGAG,0,450383
acrZp,0.5,1,1,AGCATCTTGGTATGCAATCC,0,459490
acrZp,0.5,1,1,AGCATCGTAGTAGATCTTAG,0,440334
acrZp,0.5,1,1,AGCATATTATAGACGCGGTT,0,461816
acrZp,0.5,1,1,AGCACGTAGTACTGGGCGCT,0,426616
acrZp,0.5,1,1,AGCACGAGCGTTCTGAGGTG,0,427808
acrZp,0.5,1,1,AGCACCACCAGTCTATATAT,0,417912
acrZp,0.5,1,1,AGCACACTTATCCCCGACAA,0,412994
acrZp,0.5,1,1,AGCACAAATCGGGATTCCAA,0,416142
acrZp,0.5,1,1,AGCAAAGTACTTTCCGCGGT,0,467664
acrZp,0.5,1,1,AGCAAACAAAGTTAGATTGA,0,454001
acrZp,0.5,1,1,AGATTAAGAATCAGCAAATC,0,461369
acrZp,0.5,1,1,AGATGGGTACAGGAATCTAC,0,426053
acrZp,0.5,1,1,AGATCTACCAGTATTACCAA,0,466575
acrZp,0.5,1,1,AGATACAATTCTTAGATCTT,0,435994
acrZp,0.5,1,1,AGATAACTGCCAGGCGAATT,0,424548
acrZp,0.5,1,1,AGAGTGTTCTGCACGGGGGG,0,414364
acrZp,0.5,1,1,AGAGGTATAGAGAGACGATA,0,430975
acrZp,0.5,1,1,AGAGGGTTTCGGATGCTCGG,0,445547
acrZp,0.5,1,1,AGAGGACTACTGCTAAGACA,0,433565
acrZp,0.5,1,1,AGAGCTCCTATGGGCTATGG,0,457931
acrZp,0.5,1,1,AGAGCTCACTCAATACGAGT,0,455895
acrZp,0.5,1,1,AGAGCGGAGATGCTATGCAT,0,428810
acrZp,0.5,1,1,AGAGCCATGTCTCCCTCGGG,0,419282
acrZp,0.5,1,1,AGAGCCAGTAACCAAGAGAG,0,466126
acrZp,0.5,1,1,AGAGATGGTCGCACAGAGGC,0,409364
acrZp,0.5,1,1,AGAGATCTTGCCGCACGCGG,0,459710
acrZp,0.5,1,1,AGAGACGCCGCGTCCGCCCC,0,440579
acrZp,0.5,1,1,AGAGAAAAAAAAACAGTACT,0,449455
acrZp,0.5,1,1,AGACTTGGCGTACAGGTTAA,0,446179
acrZp,0.5,1,1,AGACTGTGCGGGTACAGAAT,0,417773
acrZp,0.5,1,1,AGACTCCCGGGGGCCATTCA,0,463805
acrZp,0.5,1,1,AGACGGTTGCTGTGTTCTAA,0,456911
acrZp,0.5,1,1,AGACGACGGATGACAGACCT,0,441074
acrZp,0.5,1,1,AGACCTCCCTAAGATATCTC,0,422907
acrZp,0.5,1,1,AGACCTAAGTCTCGTTAAGT,0,434055
acrZp,0.5,1,1,AGACCGGTCGGCCGGACCAA,0,408733
acrZp,0.5,1,1,AGACCAGTTAGTGCCCGTAT,0,418282
acrZp,0.5,1,1,AGACATGGATATTTCGGTAC,0,423753
acrZp,0.5,1,1,AGACACGGCACACTGTCACC,0,415566
acrZp,0.5,1,1,AGAATTTCTGCCTTAATTAG,0,442619
acrZp,0.5,1,1,AGAATCTGAGTAGAACTCGC,0,436699
acrZp,0.5,1,1,AGAATAATGTTTCTACGATG,0,426759
acrZp,0.5,1,1,AGAAGGTAAAGCAAGCAAGA,0,443283
acrZp,0.5,1,1,AGAACTTCCGGCACTCTGGT,0,462392
acrZp,0.5,1,1,AGAACTACTTGCATAGATCC,0,421966
acrZp,0.5,1,1,AGAACCGTTATGGGGCGGTC,0,445113
acrZp,0.5,1,1,AGAACCAATCTTCCGTGTTA,0,445701
acrZp,0.5,1,1,AGAACACGAGGTTACATGTT,0,459959
acrZp,0.5,1,1,AGAAATTCACAAATAGGGAT,0,422267
acrZp,0.5,1,1,ACTTTGTGCTATGTATCCGA,0,457437
acrZp,0.5,1,1,ACTTTGGCAAGTGCCACGGT,0,448582
acrZp,0.5,1,1,ACTTTGGATTCCGCATCCTT,0,451112
acrZp,0.5,1,1,ACTTTGGACGACTGACAACT,0,421537
acrZp,0.5,1,1,ACTTGTATTAGGTTAGGCTA,0,421166
acrZp,0.5,1,1,ACTTGGCGCAAGAGGTCGCC,0,463242
acrZp,0.5,1,1,ACTTGCGCACAGAGCGCACG,0,462453
acrZp,0.5,1,1,ACTTGCCATAAAGCTCAAGA,0,419999
acrZp,0.5,1,1,ACTTCGAGGACACACTCGAA,0,408702
acrZp,0.5,1,1,ACTTATGGACACCGGGCCGA,0,431426
acrZp,0.5,1,1,ACTTAGTGAAGGGACCAGAT,0,442430
acrZp,0.5,1,1,ACTTAGCGACCCTAGCTAAA,0,418713
acrZp,0.5,1,1,ACTTACGGCCGAATTATCTT,0,431424
acrZp,0.5,1,1,ACTTAACTCTGGAGGTTGTG,0,429806
acrZp,0.5,1,1,ACTGTTCGGCATGCTATTCC,0,422045
acrZp,0.5,1,1,ACTGTGGTTAGAACTACGGC,0,410965
acrZp,0.5,1,1,ACTGTGATCGTGTCGAAGGG,0,453226
acrZp,0.5,1,1,ACTGTAAGTCGGTATCTGTA,0,438937
acrZp,0.5,1,1,ACTGGGCACACTTTTTTCAT,0,440513
acrZp,0.5,1,1,ACTGGGAATGTGCAGTGATG,0,428794
acrZp,0.5,1,1,ACTGGCATCCCTAGCTTTAC,0,422740
acrZp,0.5,1,1,ACTGGAAAATGATAGGCATG,0,434260
acrZp,0.5,1,1,ACTGCTCATTATTAGGTGGA,0,456603
acrZp,0.5,1,1,ACTGCGTAAATTCGGTGCTT,0,427732
acrZp,0.5,1,1,ACTGCATTGACGGGCGACAT,0,448619
acrZp,0.5,1,1,ACTGCATGCACAACGTCAAA,0,461635
acrZp,0.5,1,1,ACTGAGCGGCCCCGCAGCCC,0,409053
acrZp,0.5,1,1,ACTGAATTGAGAGACTATAA,0,445405
acrZp,0.5,1,1,ACTCTTATCTCCACCTGGCG,0,424215
acrZp,0.5,1,1,ACTCGGGCAGAGCAAGCGGT,0,441893
acrZp,0.5,1,1,ACTCCTTGAGCGAAGTGGTC,0,458712
acrZp,0.5,1,1,ACTCCGCGTGGGATAAACAG,0,464663
acrZp,0.5,1,1,ACTCCCATAATCTCCGGCCT,0,455673
acrZp,0.5,1,1,ACTCATAGTTCCGATTAGTC,0,418780
acrZp,0.5,1,1,ACTCAGCGTTCAATCAACAG,0,426191
acrZp,0.5,1,1,ACTCACCACCTGCTGGTACT,0,426943
acrZp,0.5,1,1,ACTCAAGTCAGATCCGCACA,0,423862
acrZp,0.5,1,1,ACTATTTTCGGCCTTTTAGG,0,443719
acrZp,0.5,1,1,ACTATCTACCGCCGTACACG,0,449221
acrZp,0.5,1,1,ACTACTCATGGCTAGTGCCT,0,411907
acrZp,0.5,1,1,ACTACTATAGTCCGAAGTTC,0,430153
acrZp,0.5,1,1,ACTACGGTGGGGCGGGTAAC,0,450505
acrZp,0.5,1,1,ACTACCTGGCGAAAAGCGTT,0,447433
acrZp,0.5,1,1,ACTACATTCGCCCCTAGGCC,0,455749
acrZp,0.5,1,1,ACTACAGGAGTTCATTTTAC,0,445449
acrZp,0.5,1,1,ACTACACCGTATTCTAAGGT,0,433284
acrZp,0.5,1,1,ACTAACCACCCGCTATTTAG,0,432055
acrZp,0.5,1,1,ACTAAATCCTTGCCAGGCGG,0,419226
acrZp,0.5,1,1,ACGTTTGACCTAACCCCTCA,0,449368
acrZp,0.5,1,1,ACGTTTGAAGTGAGGTAGAC,0,419064
acrZp,0.5,1,1,ACGTTGTTAAAGCACACGCC,0,416266
acrZp,0.5,1,1,ACGTTGAATATAACAAAGCT,0,435106
acrZp,0.5,1,1,ACGTGTTCGATGGACGTATG,0,434475
acrZp,0.5,1,1,ACGTGTCACTGGGATGACCT,0,455303
acrZp,0.5,1,1,ACGTGAGGGTTGGGACAAGT,0,453680
acrZp,0.5,1,1,ACGTCTTCCAGTGCCCTCCA,0,438006
acrZp,0.5,1,1,ACGTCGATCACTTGGGTAGA,0,417475
acrZp,0.5,1,1,ACGTCCGTGCGATGTCGAGT,0,461538
acrZp,0.5,1,1,ACGTCAGTCGTTTTTCACAA,0,461579
acrZp,0.5,1,1,ACGTATTTGGTGCGGTACGT,0,438376
acrZp,0.5,1,1,ACGTATTGGTTGAGTATCGA,0,441591
acrZp,0.5,1,1,ACGTACGTGATACGTTGACC,0,425505
acrZp,0.5,1,1,ACGTAATCTAATATGGAGTA,0,446370
acrZp,0.5,1,1,ACGTAACGGTGGATACATTT,0,460292
acrZp,0.5,1,1,ACGGTGGACTGACGCTCCTC,0,438339
acrZp,0.5,1,1,ACGGTGCGTCAGGACGCGTA,0,415570
acrZp,0.5,1,1,ACGGTCTAGAAAAAGGGGAT,0,453423
acrZp,0.5,1,1,ACGGTCACAATCCTAAAACT,0,449886
acrZp,0.5,1,1,ACGGTACTCCCCGGGCTGGA,0,442359
acrZp,0.5,1,1,ACGGGTTAATTCGTTACCTC,0,427996
acrZp,0.5,1,1,ACGGGTCAAAGTTTAAATTA,0,463307
acrZp,0.5,1,1,ACGGGTACTGCCTGTGCACA,0,450648
acrZp,0.5,1,1,ACGGGCAAACACTAGATTGG,0,414076
acrZp,0.5,1,1,ACGGGACACCATTCGTATGG,0,462093
acrZp,0.5,1,1,ACGGCTATGTTAACATACAC,0,408899
acrZp,0.5,1,1,ACGGCCACATCATCCGCTTC,0,419355
acrZp,0.5,1,1,ACGGCACACGGTCGCTGCGC,0,413452
acrZp,0.5,1,1,ACGGATAATTACCGTTCCGG,0,444380
acrZp,0.5,1,1,ACGCTCCGAAATCGGAAGTA,0,451447
acrZp,0.5,1,1,ACGCGTTTAAGAATTACGCA,0,457268
acrZp,0.5,1,1,ACGCGTAGGCGTGGACTTCT,0,411467
acrZp,0.5,1,1,ACGCGGACAGGCACGCGTTC,0,425152
acrZp,0.5,1,1,ACGCGCTCGGAGACAAGTTT,0,418700
acrZp,0.5,1,1,ACGCCTCGGCAGCTGAGTGG,0,450169
acrZp,0.5,1,1,ACGCCAAACTTTCAGACAGT,0,466419
acrZp,0.5,1,1,ACGATTCGACATCTATCCAG,0,428543
acrZp,0.5,1,1,ACGATCAGTCAATGGAACAG,0,435850
acrZp,0.5,1,1,ACGATCACGTCAGTGTAAGG,0,431339
acrZp,0.5,1,1,ACGATACGACTCATTATAGA,0,453714
acrZp,0.5,1,1,ACGATAACAGTGTATCGCCA,0,463173
acrZp,0.5,1,1,ACGAGTCCTGAGATTAATTT,0,413816
acrZp,0.5,1,1,ACGAGGGCAACCCCGCCCCC,0,443184
acrZp,0.5,1,1,ACGAGCACCTACTGGTCCTG,0,421839
acrZp,0.5,1,1,ACGAGACCAGATCTGCCCGG,0,464630
acrZp,0.5,1,1,ACGAGAATAAGCTCTCACTC,0,464859
acrZp,0.5,1,1,ACGACTTTGTGTCCCTTGCT,0,439774
acrZp,0.5,1,1,ACGACTGTTCCTAAAGATCG,0,411603
acrZp,0.5,1,1,ACGACTGGGCCTCCACTAGG,0,432228
acrZp,0.5,1,1,ACGACTAGGCTCCTATCATA,0,444617
acrZp,0.5,1,1,ACGACGTGTGCCGAAGTTTC,0,454019
acrZp,0.5,1,1,ACGACCACGCATGGCTAGAA,0,411226
acrZp,0.5,1,1,ACGACAGAAAAAGGCGGGAT,0,460332
acrZp,0.5,1,1,ACGAATGTTCATGGTTTGCT,0,443440
acrZp,0.5,1,1,ACGAATCAGTCCATGCCAAA,0,409153
acrZp,0.5,1,1,ACGAACTTATGTGAGATACA,0,427847
acrZp,0.5,1,1,ACCTTCACATAGACGGAGCT,0,440142
acrZp,0.5,1,1,ACCTGTACACGGCGTTCCAC,0,427960
acrZp,0.5,1,1,ACCTCGGCTACATGCGTTAT,0,425094
acrZp,0.5,1,1,ACCTCGACTACTAGCCCAGG,0,439227
acrZp,0.5,1,1,ACCTCCTTCATAGATTGCTC,0,429567
acrZp,0.5,1,1,ACCTATTGGCGCCCTAAATT,0,410258
acrZp,0.5,1,1,ACCTATGCCGCGATTAGAAG,0,416404
acrZp,0.5,1,1,ACCTATCAGCCCCGATGTAT,0,465079
acrZp,0.5,1,1,ACCTATCACATAAATTCGGC,0,444623
acrZp,0.5,1,1,ACCTAGAGGTGGTTCGACGA,0,415950
acrZp,0.5,1,1,ACCTAGAGAGGCAAAAGGTC,0,432761
acrZp,0.5,1,1,ACCTAAGGTTTTACCTCGTG,0,410775
acrZp,0.5,1,1,ACCTAAGAGGGTAACAGTCT,0,448524
acrZp,0.5,1,1,ACCTAAAGGGTTCCGAGTGT,0,437397
acrZp,0.5,1,1,ACCGTGTGCTCGTGAGCACG,0,453614
acrZp,0.5,1,1,ACCGTCCGGTTGGCGTACAG,0,463218
acrZp,0.5,1,1,ACCGTACAGATGTGGTCCTC,0,415187
acrZp,0.5,1,1,ACCGGTATGGCATGGTATTC,0,408781
acrZp,0.5,1,1,ACCGGGTTTGGAAACTCAAT,0,429687
acrZp,0.5,1,1,ACCGGGATCCTCGAGTTGTT,0,413587
acrZp,0.5,1,1,ACCGCCGATCCACGAAACAG,0,456990
acrZp,0.5,1,1,ACCGCCCCTGGAGTACGGTT,0,442309
acrZp,0.5,1,1,ACCGCATGATAGGGCACGTG,0,434876
acrZp,0.5,1,1,ACCGATGCCTGGGCAAATTG,0,467206
acrZp,0.5,1,1,ACCGAGGCGTTTGGAGCAAC,0,428484
acrZp,0.5,1,1,ACCGAATCTATGCTCGCAGC,0,428027
acrZp,0.5,1,1,ACCCTTCCGCGGAGCGCCGT,0,458355
acrZp,0.5,1,1,ACCCTGTCATGTCGCAGATG,0,427296
acrZp,0.5,1,1,ACCCTCTCGTGGTTCAGGCT,0,430121
acrZp,0.5,1,1,ACCCTCGTAGTTGCTTTGAG,0,415533
acrZp,0.5,1,1,ACCCTCCATGTTGGACAAAT,0,434090
acrZp,0.5,1,1,ACCCTCAGATCACGTATCCC,0,440437
acrZp,0.5,1,1,ACCCCTCGTCTTGAGATAGG,0,449275
acrZp,0.5,1,1,ACCCCTACCGACACCGCTTT,0,421394
acrZp,0.5,1,1,ACCCCCCCATCCACGCATCG,0,415320
acrZp,0.5,1,1,ACCCCAGAGAGCAGCTTGGA,0,410731
acrZp,0.5,1,1,ACCCATTGCCTAAACGCCGT,0,461378
acrZp,0.5,1,1,ACCCAGGACGGTAGCGCGGC,0,409485
acrZp,0.5,1,1,ACCCAGCGTTGCGCATCTGT,0,409377
acrZp,0.5,1,1,ACCCAGCAGCCTGGTTTCTC,0,414925
acrZp,0.5,1,1,ACCCACCCAATCGTATTATT,0,439510
acrZp,0.5,1,1,ACCATTTGGGTTATAATGTC,0,408640
acrZp,0.5,1,1,ACCATGTGCCAGATGTAACC,0,444441
acrZp,0.5,1,1,ACCATGGTACTGACCACGCT,0,421321
acrZp,0.5,1,1,ACCATCCGAGATAAAAGCTT,0,412815
acrZp,0.5,1,1,ACCATATCGGGTCACTCTCC,0,416327
acrZp,0.5,1,1,ACCATAAGGATGCTAAAGCA,0,443940
acrZp,0.5,1,1,ACCATAAAAGGAATGTTGCT,0,448580
acrZp,0.5,1,1,ACCAGTAAGGCCACCTGGAC,0,441050
acrZp,0.5,1,1,ACCACGATTGCGTCCAACGA,0,438385
acrZp,0.5,1,1,ACCACCGTCTCAAATGGACT,0,444233
acrZp,0.5,1,1,ACATTGTGTCACATCTCAAG,0,420166
acrZp,0.5,1,1,ACATTAGCAGTAGAGGGACC,0,462096
acrZp,0.5,1,1,ACATTACGAGAGGGCGGACG,0,456992
acrZp,0.5,1,1,ACATCTGCGCGCTAATCATC,0,413664
acrZp,0.5,1,1,ACATCACAACCAACTAATAC,0,433933
acrZp,0.5,1,1,ACATAGGTGTATAATGATCA,0,453248
acrZp,0.5,1,1,ACATAGCGCGTAGAAGAGCA,0,452380
acrZp,0.5,1,1,ACAGTCTTGATTCTATATAT,0,456932
acrZp,0.5,1,1,ACAGTCGTAGGTCCTGAGCC,0,417231
acrZp,0.5,1,1,ACAGTAAGTAGGACAGAACT,0,435257
acrZp,0.5,1,1,ACAGGTGAACCTACCTTCAT,0,433912
acrZp,0.5,1,1,ACAGGTCCGCGAGGTGCAGC,0,461815
acrZp,0.5,1,1,ACAGGCTAGCAGGCCGCGAT,0,455800
acrZp,0.5,1,1,ACAGGCATTACCGTCTTTGT,0,452458
acrZp,0.5,1,1,ACAGGCAACTGTTAATCCGC,0,466938
acrZp,0.5,1,1,ACAGGATTATGGGAAACGCT,0,436642
acrZp,0.5,1,1,ACAGCGCGGGCGAGGTTTTC,0,461048
acrZp,0.5,1,1,ACAGAGGTATCCACGGAAAA,0,418377
acrZp,0.5,1,1,ACAGAATAGCAGAAGTGCGT,0,459586
acrZp,0.5,1,1,ACAGAAGTTTCCAGTCGAGC,0,421005
acrZp,0.5,1,1,ACAGAAACCTAGATCAATAT,0,443330
acrZp,0.5,1,1,ACACTTCTCAAAGTTAGCCG,0,441179
acrZp,0.5,1,1,ACACTTCCAAGGTTCAACGC,0,414454
acrZp,0.5,1,1,ACACTTAGAGCTGGCCACAA,0,444097
acrZp,0.5,1,1,ACACTTACAAATATAGCTCC,0,450015
acrZp,0.5,1,1,ACACTGAGGATTCCCTGCTT,0,445700
acrZp,0.5,1,1,ACACTAGGTTCCCGATTTCC,0,414314
acrZp,0.5,1,1,ACACTAGCACGGAGTTATAC,0,423878
acrZp,0.5,1,1,ACACGTTAGTAAAACAGCTG,0,413489
acrZp,0.5,1,1,ACACGTATATTAAATATCTG,0,445618
acrZp,0.5,1,1,ACACGCTCGCCCACTAGACG,0,422560
acrZp,0.5,1,1,ACACCACGGTTGAGGCCAAA,0,414623
acrZp,0.5,1,1,ACACATTATTTCCAGTCAAG,0,415367
acrZp,0.5,1,1,ACACATATGCCTTATGCGCG,0,441455
acrZp,0.5,1,1,ACACAACGTGTATGCCGTGC,0,432872
acrZp,0.5,1,1,ACAATTAGGCCACTACAAGG,0,439661
acrZp,0.5,1,1,ACAATGCCAGGATCAAAGAT,0,428224
acrZp,0.5,1,1,ACAATCAGTGGAGTGGAACT,0,452904
acrZp,0.5,1,1,ACAATATCCTCAAGCGTCGG,0,449244
acrZp,0.5,1,1,ACAAGGTCCAAGAATTCAAT,0,462988
acrZp,0.5,1,1,ACAAGAAGTGCGCTAGAGCA,0,444126
acrZp,0.5,1,1,ACAAGAAAGCAACTCACCGG,0,442999
acrZp,0.5,1,1,ACAACTTACGGTCCATTGTG,0,429702
acrZp,0.5,1,1,ACAACGGGTTTTGCACTACT,0,424337
acrZp,0.5,1,1,ACAAAGGCGTTTCACGCTAG,0,456544
acrZp,0.5,1,1,ACAAAGCAGCCATAGGTAAT,0,456352
acrZp,0.5,1,1,ACAAACTGCTCAGTCTCGTC,0,467001
acrZp,0.5,1,1,ACAAAAGGTTGGATCGCTTT,0,409611
acrZp,0.5,1,1,AATTTTAAAAAAGCTGTACA,0,439944
acrZp,0.5,1,1,AATTTGACTGGTACAGGTGT,0,450705
acrZp,0.5,1,1,AATTGGTTAAAGATACTCCA,0,455603
acrZp,0.5,1,1,AATTGGCACGGTCTTCTGAG,0,464266
acrZp,0.5,1,1,AATTCGGGCGTAGAGTAACG,0,431975
acrZp,0.5,1,1,AATTCGAGCGCTTGCATGGG,0,451741
acrZp,0.5,1,1,AATTCCCCATGCACTAGGAA,0,464297
acrZp,0.5,1,1,AATTCATACGTAGTAAACGG,0,427022
acrZp,0.5,1,1,AATGGAGGCTCGATGGCACC,0,447796
acrZp,0.5,1,1,AATGGAGCAGTCTCCGTATG,0,424204
acrZp,0.5,1,1,AATGCTCTACACGCAACGCA,0,425808
acrZp,0.5,1,1,AATGCATTGGGTGTAACAAC,0,429640
acrZp,0.5,1,1,AATGAGGATGGTTCAAGGTG,0,455543
acrZp,0.5,1,1,AATCTCTCCTATCAAAATGT,0,444016
acrZp,0.5,1,1,AATCTAGATACGAAAATTTT,0,424920
acrZp,0.5,1,1,AATCGTTCGGAATTTATACC,0,425960
acrZp,0.5,1,1,AATCGCTTTACCACTTTCCT,0,412722
acrZp,0.5,1,1,AATCGCTCGCGATGGGAGCG,0,421333
acrZp,0.5,1,1,AATCGAAGGGGAATAAATAA,0,444334
acrZp,0.5,1,1,AATCCTGCAACGCGCGACAA,0,440793
acrZp,0.5,1,1,AATCCTGAGGCCAGGCAAGC,0,453705
acrZp,0.5,1,1,AATCCTCGGCTCGTTCGTAT,0,437792
acrZp,0.5,1,1,AATCCCTATACGCGTCGGTC,0,441387
acrZp,0.5,1,1,AATCACTCGACCTCAGGTTA,0,416474
acrZp,0.5,1,1,AATCACGGTCAAGTTTGTAG,0,466681
acrZp,0.5,1,1,AATATTTGTTTGACCAGGTA,0,422961
acrZp,0.5,1,1,AATATGGCATTCTCCGGTTC,0,409184
acrZp,0.5,1,1,AATATACGAGGTAAACAAAC,0,411168
acrZp,0.5,1,1,AATAGCGGACGCCGCCCCAC,0,428830
acrZp,0.5,1,1,AATACGAATCTGTTAGATCT,0,461135
acrZp,0.5,1,1,AATAACTTTTGGAAAGACTT,0,409693
acrZp,0.5,1,1,AAGTTGGTCAATTATACAAA,0,433616
acrZp,0.5,1,1,AAGTTCCGAAATGGCGTTAT,0,422802
acrZp,0.5,1,1,AAGTTCAGCCAGTTCTAGGG,0,411236
acrZp,0.5,1,1,AAGTTAACGTGATCACCCGT,0,440945
acrZp,0.5,1,1,AAGTGGGATTGAATGCATCT,0,427160
acrZp,0.5,1,1,AAGTGGCCGGGAGATGGCGT,0,423281
acrZp,0.5,1,1,AAGTGGAATTGTTTATGGCG,0,464517
acrZp,0.5,1,1,AAGTAGGTAAGCGCTGGAAT,0,461932
acrZp,0.5,1,1,AAGTAATGCTAGTAGGGTGT,0,458047
acrZp,0.5,1,1,AAGTAATGCATTAGTGAGTA,0,464440
acrZp,0.5,1,1,AAGGTCTTACACAGTCGTCA,0,456282
acrZp,0.5,1,1,AAGGTATGTAGTTCTTAGAC,0,429536
acrZp,0.5,1,1,AAGGTACAACTGACATCGTG,0,412887
acrZp,0.5,1,1,AAGGGCTTTAGAAAGAACAG,0,454573
acrZp,0.5,1,1,AAGGGCGTGGTCTGACTTTA,0,465549
acrZp,0.5,1,1,AAGGCGTGGGTCGGCTCACC,0,463934
acrZp,0.5,1,1,AAGGCGAGCGGTCACCGGCG,0,419032
acrZp,0.5,1,1,AAGGCCACTATATGTACACA,0,450509
acrZp,0.5,1,1,AAGGCATAGATTCATTCAAA,0,447741
acrZp,0.5,1,1,AAGGCACTTCGGTGTAATAA,0,418910
acrZp,0.5,1,1,AAGGAGATCTCGCCCAGGTT,0,415609
acrZp,0.5,1,1,AAGGACATCTAGGATTTTCT,0,430145
acrZp,0.5,1,1,AAGCTTTGGTACAACCCTCT,0,427548
acrZp,0.5,1,1,AAGCTTGACCTTTAGATTGC,0,448116
acrZp,0.5,1,1,AAGCTGCTTAAAGGGCGGTG,0,432258
acrZp,0.5,1,1,AAGCTCCAAGATACTTCGTG,0,436393
acrZp,0.5,1,1,AAGCGCTTGCTCGTAGGCGG,0,451866
acrZp,0.5,1,1,AAGCGCCGCATTCTCGGGTG,0,443486
acrZp,0.5,1,1,AAGCGAGATCATAGTCTGAT,0,442311
acrZp,0.5,1,1,AAGCGAACCCGGCAGCGCGT,0,465518
acrZp,0.5,1,1,AAGCCTCACTACTCTGTTAT,0,428919
acrZp,0.5,1,1,AAGCCCATTACATTGGAAAG,0,465170
acrZp,0.5,1,1,AAGCAGAATCCCATGAATCA,0,421060
acrZp,0.5,1,1,AAGCAACTGGGCGGAGACGC,0,435143
acrZp,0.5,1,1,AAGATGGAATGACTAAGTGG,0,422958
acrZp,0.5,1,1,AAGATCAGCGAGAGCAGATG,0,413764
acrZp,0.5,1,1,AAGATACGCGGGATCAGTAT,0,452594
acrZp,0.5,1,1,AAGAGTGTGCAGATCGGGTA,0,465109
acrZp,0.5,1,1,AAGAGGTAGTTAGCGTCCGG,0,451362
acrZp,0.5,1,1,AAGAGCGGCACTGAACGGCC,0,423988
acrZp,0.5,1,1,AAGAGAGTGGGGAGTGAACG,0,431286
acrZp,0.5,1,1,AAGAGACTTCATCTCAGTAA,0,462887
acrZp,0.5,1,1,AAGACTACGAAGGGCTAAGG,0,460086
acrZp,0.5,1,1,AAGACGTCGCGACTGTGTAC,0,460153
acrZp,0.5,1,1,AAGACGCAAGAGATCCCGTC,0,449402
acrZp,0.5,1,1,AAGACATAGTTTAATCTGTA,0,423027
acrZp,0.5,1,1,AAGAAAAAGGAGACAATTAC,0,424282
acrZp,0.5,1,1,AACTTTTTTGATTAAGTGGG,0,443729
acrZp,0.5,1,1,AACTTAGGCGTCATAACATT,0,411582
acrZp,0.5,1,1,AACTTACCCAATAGATTTAA,0,450000
acrZp,0.5,1,1,AACTGTTCTCTCGTATGATG,0,417970
acrZp,0.5,1,1,AACTGGTCGTGATCTGATAC,0,434687
acrZp,0.5,1,1,AACTGGATAGATCGTGTATT,0,461613
acrZp,0.5,1,1,AACTGCTCTTTAAAAACTAT,0,414425
acrZp,0.5,1,1,AACTGCTAGGCGGGCATCGT,0,439130
acrZp,0.5,1,1,AACTGCGGCTATCGGACAAA,0,416435
acrZp,0.5,1,1,AACTGCCTTGAAAAAGTGCA,0,455725
acrZp,0.5,1,1,AACTCGATTTTTATTAATCG,0,420352
acrZp,0.5,1,1,AACTCATGCGCGCCGTCGGT,0,424023
acrZp,0.5,1,1,AACTCACGCAAAAATAAAGC,0,435877
acrZp,0.5,1,1,AACTACAAATCTTACGCTGA,0,421119
acrZp,0.5,1,1,AACGTGGCAGGGGATGTAAA,0,456644
acrZp,0.5,1,1,AACGTCGCGCACAGAGCCTC,0,460665
acrZp,0.5,1,1,AACGGTTTCGGGTTAACAGA,0,433521
acrZp,0.5,1,1,AACGCGTATAGTACGGATGC,0,449414
acrZp,0.5,1,1,AACGCCTCCTCGTTTACTGA,0,429304
acrZp,0.5,1,1,AACGAGAAGGCTAACATGGA,0,428395
acrZp,0.5,1,1,AACGAAAGATCGTGCGATGG,0,451768
acrZp,0.5,1,1,AACGAAACAGACGGATACCC,0,429421
acrZp,0.5,1,1,AACCTTACCTCCAACCGGAG,0,462649
acrZp,0.5,1,1,AACCTGGCATTCGAATGTCG,0,443853
acrZp,0.5,1,1,AACCGGGTGAGAAGTCCAAC,0,432119
acrZp,0.5,1,1,AACCGGAAGTGTTTAAGTTA,0,456906
acrZp,0.5,1,1,AACCCTTGTGGAGGCAAGCG,0,454615
acrZp,0.5,1,1,AACCCTGGGACTGACGACAG,0,451018
acrZp,0.5,1,1,AACCCCCCCGCGGTTCGGTT,0,429321
acrZp,0.5,1,1,AACCAATTTCCGTCACAATA,0,446671
acrZp,0.5,1,1,AACATTAAGGGCTAGCAGCA,0,408860
acrZp,0.5,1,1,AACATCGCAAAATCTGACTA,0,461030
acrZp,0.5,1,1,AACATCATGATGATTTGCTA,0,419478
acrZp,0.5,1,1,AACAGTGCTAGCCGTATACA,0,464665
acrZp,0.5,1,1,AACAGTACTACAGGCATGAT,0,415857
acrZp,0.5,1,1,AACAGGGGTGAATGACCGCC,0,428121
acrZp,0.5,1,1,AACACGATCTCTTGCCGTAG,0,456629
acrZp,0.5,1,1,AACACATCGCTCGTAAACTG,0,453824
acrZp,0.5,1,1,AACAATGGGGTTCTATGAAT,0,435759
acrZp,0.5,1,1,AACAATCGGGCATTTGCCCT,0,463028
acrZp,0.5,1,1,AACAAGCTCCTGCATACCAT,0,433477
acrZp,0.5,1,1,AAATTAGGGTTTTCATATAG,0,462437
acrZp,0.5,1,1,AAATTACCGCAGCAATCGCA,0,445294
acrZp,0.5,1,1,AAATGGCACCACGGTAATGT,0,409415
acrZp,0.5,1,1,AAATGAAATTCGATTTCATT,0,444867
acrZp,0.5,1,1,AAATCTTTTTTGGTGAGATA,0,434384
acrZp,0.5,1,1,AAATCATTTGTATTAGGGAC,0,450391
acrZp,0.5,1,1,AAATAAGGTTGTGTAGAGTT,0,447031
acrZp,0.5,1,1,AAAGGTAGGTTATCCGCATT,0,422194
acrZp,0.5,1,1,AAAGGCTCTCATATTGAGAC,0,459857
acrZp,0.5,1,1,AAAGATTTGCATGTGTCCCC,0,444145
acrZp,0.5,1,1,AAAGATGGTCATAAGGAGTG,0,461744
acrZp,0.5,1,1,AAAGATAAATAGGAACGCTT,0,432763
acrZp,0.5,1,1,AAAGAGCCGGTCGGGTAGAT,0,421538
acrZp,0.5,1,1,AAAGACCGACCGAGCCTTGC,0,439517
acrZp,0.5,1,1,AAACTTACTCTATTCTACCT,0,418336
acrZp,0.5,1,1,AAACGGGTTCTGGAGCACCG,0,423699
acrZp,0.5,1,1,AAACGCGGTGATGCCGTTGG,0,459811
acrZp,0.5,1,1,AAACACTGTTTACCAAGTTC,0,461574
acrZp,0.5,1,1,AAACACCATCGATACCGGGC,0,430708
acrZp,0.5,1,1,AAACAATATTATAACACTAC,0,451156
acrZp,0.5,1,1,AAACAAAAGGAGGGAGTGAC,0,419644
acrZp,0.5,1,1,AAAATCCCCGCGTACCGATC,0,459533
acrZp,0.5,1,1,AAAAGTTAACTAGGTAGGAG,0,442846
acrZp,0.5,1,1,AAAAGGTTAGAAACTTGAGC,0,431676
acrZp,0.5,1,1,AAAACGCGTGGCTAGTACGT,0,441623
acrZp,0.5,1,1,AAAACGAATAGGCGGTCAAT,0,434037
acrZp,0.5,1,1,AAAACCACGCGGTCCTCTTT,0,440449
acrZp,0.5,1,1,AAAAATGGGGAGGCGGTGCG,0,454271
acrZp,0.5,1,1,AAAAAGAGTACTAGTGCATC,0,436789
acrZp,0.5,1,1,AAAAACTTCTGCGACTGATC,0,441389
acrZp,0.5,1,1,AAAAACGTGGGAATCACAAG,0,426187
acrZp,0.5,1,1,AAAAAAGCCTGGCGGTGCGA,0,416283
acrZp,0.5,1,1,AAAAAACGGAGAGTCGGCGT,0,433047
acrZp,123.0,122,0,AGTAATATCGATACCCGAAT,122,467583
acrZp,71.0,70,0,CTGGAGAGCGCAGTTTCCGA,70,457111
acrZp,70.0,69,0,CCAAGGCGTTGTAAAGGCTC,69,449136
acrZp,64.0,63,0,TAGGATAGACTATGGAGTGT,63,436319
acrZp,63.0,62,0,CCAGGTTCTACGTAACTGAT,62,457363
acrZp,63.0,62,0,ACGGCACTAAGAAACAATCA,62,426703
acrZp,58.0,57,0,CCTTTGTCAGTATTCTAGCT,57,429934
acrZp,53.0,52,0,ACAGTTCGTATTTTCATATT,52,409100
acrZp,49.0,48,0,AATGCGGAAGAACTAAGTTA,48,433414
acrZp,48.0,47,0,GGCAAGGGTCCATCTCTGGA,47,438720
acrZp,47.0,46,0,AGACGAACGTGCACCTCATT,46,460624
acrZp,45.0,44,0,GCCTGTTGCTAAATTCTCGT,44,467732
acrZp,42.0,41,0,GACCTTTGTAGTCTTTATGG,41,441629
acrZp,41.0,40,0,GACCACCGTGCGGCCATACT,40,444761
acrZp,41.0,40,0,CACACCGTGTCACGCCTTCA,40,433256
acrZp,40.0,39,0,CTCGTGGATCGGTATGTTGG,39,415263
acrZp,39.0,38,0,TTGGTGTGACGAGGGTAGGT,38,434523
acrZp,39.0,38,0,CTGTCTTCGGGAGTTGGGAA,38,467454
acrZp,39.0,38,0,CTCAGCGTGAGGTGGATTCG,38,441937
acrZp,38.0,37,0,TAACCGGTTGTCTGTAGCCA,37,437132
acrZp,37.0,36,0,TGTTTTGGCGTCTTGCTCTC,36,441094
acrZp,36.0,35,0,ACATAGACGAAACGGTCGCT,35,427206
acrZp,35.0,34,0,CATTGCCAAGTACTGAGAGA,34,414915
acrZp,33.0,32,0,GGTTCGGATTGATGTCCTCA,32,410915
acrZp,33.0,32,0,ATCCCAGCCTCATGCTTTAA,32,421917
acrZp,32.0,31,0,TCGGGCTATATAGACCGAAT,31,412939
acrZp,32.0,31,0,GGCCCAGGGAACCTCCTTTT,31,434593
acrZp,32.0,31,0,CGTTTGAATAAAACTCCACC,31,440016
acrZp,31.0,30,0,TTGGCTCGCACCCTAACACC,30,427188
acrZp,30.0,29,0,TGCAACGAGGGTCTACCGAT,29,436142
acrZp,30.0,29,0,GTCGTACCAAGGTCGGCGAC,29,467357
acrZp,30.0,29,0,GCTAAGTCTGGGGGGATCGT,29,450578
acrZp,29.0,28,0,GTTGCGCGCGGTTAGTAGTA,28,465324
acrZp,29.0,28,0,GTTCCGTAGCATGGGGAATA,28,429531
acrZp,29.0,28,0,GAATAAGGTGGTTCTGTAGG,28,457862
acrZp,29.0,28,0,CTGGATCCGCGCCTTAGCGG,28,462459
acrZp,29.0,28,0,ACACCCTAGGGTCGCCAATT,28,449332
acrZp,28.0,27,0,TCCGCTGCAGAAGCATATGA,27,424785
acrZp,28.0,27,0,CGTGGACGCAAGGTGGGGGG,27,444501
acrZp,28.0,27,0,CGGCTCCATTAGTTGGTTTT,27,447625
acrZp,28.0,27,0,CCTGAAGTGTAAGATCATAA,27,451259
acrZp,27.0,26,0,TTGTCACGTTTTGCTTATGC,26,444264
acrZp,27.0,26,0,CGTGCTTTAAGGGGTTTGTC,26,410645
acrZp,27.0,26,0,CGTACTAGACTGCCGCAAAC,26,409106
acrZp,27.0,26,0,CACCTGGTACAGTGTAAGGA,26,456645
acrZp,27.0,26,0,AATGTGGTTCAATTGGAGGC,26,464183
acrZp,26.0,25,0,TTAGAGTACTGACGGATTAA,25,433457
acrZp,26.0,25,0,GCGTTGCGACCTCCTTAACA,25,451172
acrZp,26.0,25,0,GACCCAATTGCGCATTGCAC,25,426930
acrZp,26.0,25,0,AAGCAGAACTCCGGTGCACC,25,463841
acrZp,26.0,25,0,AAACCCGATCTACCCCCCTG,25,426128
acrZp,25.0,24,0,GTCGGCGACACGGGTGACCA,24,460589
acrZp,25.0,24,0,GGTCGCATGCCCGTAGCAAC,24,436923
acrZp,25.0,24,0,GAATACCCACTGCTTACAAT,24,467397
acrZp,25.0,24,0,CGGCGCATAATTTCGGCTGA,24,435775
acrZp,25.0,24,0,CCTCCGGCCGGTTAGCCTAT,24,435723
acrZp,25.0,24,0,ACAGCCTCTACAGTGATTGA,24,458514
acrZp,24.0,23,0,TTGAATCGAAAGCTTTGCCG,23,430157
acrZp,24.0,23,0,GTTTGCACTGGCGATATTAC,23,427902
acrZp,24.0,23,0,GTTCGGCTCTATCGGTTATT,23,460812
acrZp,24.0,23,0,GTGTTCCGGTAGGCTCGGAT,23,458160
acrZp,24.0,23,0,GTGCAGGAGACGTATTCAGT,23,433472
acrZp,24.0,23,0,GTCTGGTTTAAAGGGTAAGA,23,446717
acrZp,24.0,23,0,GGGGCAGTCGCACCGTTAAA,23,428548
acrZp,24.0,23,0,GCATTGCTGGAACGTCGCCC,23,455483
acrZp,24.0,23,0,CGTGTATGGTTGAGGCAATG,23,422900
acrZp,24.0,23,0,CGGCGGCAGACTTCGAAAGA,23,421566
acrZp,24.0,23,0,CCTCTGATCATTCGCGTTCG,23,439965
acrZp,24.0,23,0,CCGCAGCGACGAAAAGTAAG,23,462857
acrZp,24.0,23,0,CAGATAACATGTGGTCCGTA,23,408803
acrZp,23.0,22,0,TTAGAGGGTGTGTAGCCAGT,22,427211
acrZp,23.0,22,0,TGGAATAGCCACATTATTTT,22,418723
acrZp,23.0,22,0,TGCACACGAACGGCAAGACT,22,457678
acrZp,23.0,22,0,TCAATTTGGTAGTCCAGAGG,22,411994
acrZp,23.0,22,0,TACTGCAATTGCTCAGAATA,22,460829
acrZp,23.0,22,0,GTCGGAATGACAGGTAATTC,22,423948
acrZp,23.0,22,0,GCCTTGTACGACGCCGGAAC,22,437670
acrZp,23.0,22,0,GCATCACAGTCAAATGATAA,22,458875
acrZp,23.0,22,0,GAGCCTTCGCGTCTGAGAGT,22,429033
acrZp,23.0,22,0,CTTTTGTGGAGCTGCGTGTC,22,457607
acrZp,23.0,22,0,CCTTACGACAAGATGTTGCA,22,409587
acrZp,23.0,22,0,CCTTACCGTCACTACGACGC,22,420279
acrZp,23.0,22,0,CCTTAAGAATTTTGTCGGGA,22,422186
acrZp,23.0,22,0,CCGTTTGTTATCGGAAAGAG,22,445524
acrZp,23.0,22,0,CCGCACCATTCCATTTGGTG,22,464144
acrZp,23.0,22,0,ATATTCATAAAAGTTCGCGA,22,414986
acrZp,23.0,22,0,AGGAAACACTAGGCCCAACA,22,465665
acrZp,23.0,22,0,ACCTCGATTTCTAAAGGCTC,22,457009
acrZp,23.0,22,0,ACACCGGCAATTCTCAAAGT,22,445170
acrZp,23.0,22,0,AATTGCCGATCGATCGATTT,22,441592
acrZp,23.0,22,0,AAGAGAAGCGTGCTTTTAGT,22,457914
acrZp,22.0,21,0,TGGTTGGTGACTAGCAGCTA,21,441168
acrZp,22.0,21,0,TGGGGCCCGGTATTATGTTT,21,419083
acrZp,22.0,21,0,TGCTGCCTGTAATACAGTCA,21,436156
acrZp,22.0,21,0,TCCAGGGGGGCTGGGTCTTT,21,456727
acrZp,22.0,21,0,GCCCACGATGTCACGGTTAT,21,445798
acrZp,22.0,21,0,GCAAGCTTGCGGTTTACCCC,21,440369
acrZp,22.0,21,0,GATGTTGGGATCCGTGAAGG,21,444667
acrZp,22.0,21,0,CTTACAAAGAGAAGGTCGAG,21,448738
acrZp,22.0,21,0,CTCGTCACATAATTCGCCAG,21,431847
acrZp,22.0,21,0,CGTAGTTAAACGATCCCGAA,21,416874
acrZp,22.0,21,0,CCTACGACTTTATCAGGTCC,21,452545
acrZp,22.0,21,0,CCAATCTGATGGAAAGGTAC,21,418512
acrZp,22.0,21,0,CATCTAATGGTTATACTAAT,21,435154
acrZp,22.0,21,0,AGACCTCAGTCGCGACTCCT,21,464139
acrZp,22.0,21,0,ACCAATATTAATTCGTCACC,21,414061
acrZp,21.0,20,0,TTGTAAGACCGACATGCGGG,20,461381
acrZp,21.0,20,0,TTCACATGAAACGGTTATCA,20,465327
acrZp,21.0,20,0,TTAATTAGTACTAATGCGCC,20,447651
acrZp,21.0,20,0,TGATTTGTTCCGTGATTCGG,20,421935
acrZp,21.0,20,0,TCATTATTGCCACAGAACCA,20,442437
acrZp,21.0,20,0,TATATCGTCGCCCTAAGTTG,20,434486
acrZp,21.0,20,0,GTGGGTGCGGTTAATAAAGG,20,438890
acrZp,21.0,20,0,GGATAATGTTGTCAGATTAT,20,412825
acrZp,21.0,20,0,GCGTTGCCACAGAGCGTTTT,20,434549
acrZp,21.0,20,0,GCCTGCATCTGCAGCAGTTG,20,427931
acrZp,21.0,20,0,CCCCGGTGCCCGGCCAAAAA,20,433368
acrZp,21.0,20,0,CCCCAACGGTTACGTGGCAG,20,456950
acrZp,21.0,20,0,CAACCGGCCGGGCATTAGCT,20,415902
acrZp,21.0,20,0,ATACCACAAGGTTCTAATGT,20,459632
acrZp,21.0,20,0,ATAAAATATCATGATACAGG,20,437258
acrZp,21.0,20,0,AGCAATAGTATATACTTTCC,20,444749
acrZp,21.0,20,0,AGACCAAGGAAAACTCTGCG,20,441716
acrZp,21.0,20,0,ACCCATGTTTCGAAGCCACT,20,442998
acrZp,21.0,20,0,AAGTAATGTTATATTGCTTA,20,425502
acrZp,20.0,19,0,TTAGCATTATGGCTCCTACA,19,461960
acrZp,20.0,19,0,GTACAATTACGCGCCAAGTT,19,463356
acrZp,20.0,19,0,GGTACGCTCACAGGGGACGC,19,455405
acrZp,20.0,19,0,GGGGGCATACATACTAAGGA,19,435159
acrZp,20.0,19,0,CTGGGGTCTTCCGGCATGTG,19,420039
acrZp,20.0,19,0,CTGAAAAGTCCCCATGATTA,19,445049
acrZp,20.0,19,0,CGCAAGGCTTTCACTGTCTA,19,444539
acrZp,20.0,19,0,CAACGAAATCGTGGAATAAA,19,449179
acrZp,20.0,19,0,AGCATGGACTTGGAAGGTGC,19,467115
acrZp,20.0,19,0,ACCTATTCGCGAGTAAGCGT,19,457907
acrZp,20.0,19,0,AATCGCGGCAACCTTTACCA,19,459025
acrZp,20.0,19,0,AATAAGGAGCACCTGAAGGT,19,442301
acrZp,19.0,18,0,TTTGTTCATTGGCTGAGTGC,18,435748
acrZp,19.0,18,0,TTTAGGCTTTCCTTATGGAG,18,419981
acrZp,19.0,18,0,TTCTGTCCCCTCGCAAACGT,18,454379
acrZp,19.0,18,0,TTCAAGAACTAATTACGGCC,18,410607
acrZp,19.0,18,0,TGACTCGACCGTGTAGGAGG,18,464668
acrZp,19.0,18,0,TCCGAAAGATAAGTTGGGAT,18,443633
acrZp,19.0,18,0,TAATCCGTATGTCGCACTGA,18,435168
acrZp,19.0,18,0,GTGATACGATAGCCCGAAAT,18,413271
acrZp,19.0,18,0,GGCCTTATCGGTTCTACAGG,18,460864
acrZp,19.0,18,0,GACGGTAACAGATTCATTAA,18,428572
acrZp,19.0,18,0,GACCCATTGAAGCTCCTCCT,18,452654
acrZp,19.0,18,0,CTTAGTACGGGAAGGGAAAT,18,433517
acrZp,19.0,18,0,CGTGTACACAGGGATGCGAT,18,421793
acrZp,19.0,18,0,CGTCTTGGATGTTCACACGA,18,464072
acrZp,19.0,18,0,CCGTCGAGTTGCTGTAGGGT,18,449509
acrZp,19.0,18,0,CCCTTAGTGATCCTGGAGTC,18,444169
acrZp,19.0,18,0,CACGTCCTCGGCCCAAAAGA,18,445310
acrZp,19.0,18,0,ACTCTGAAGATTTAGCACCC,18,409276
acrZp,19.0,18,0,ACACCGGTCTATTAGGCATT,18,425425
acrZp,19.0,18,0,AAGTATTACGTTCTATCTTC,18,431024
acrZp,19.0,18,0,AACTTTGGGCGTGGTAGTTT,18,464449
acrZp,19.0,18,0,AAATGGACAGCATCAGACAT,18,414262
acrZp,18.0,17,0,TCCGTCGAGCGTGCTAAGGT,17,409277
acrZp,18.0,17,0,TATTTCAGATCGCACCGTAT,17,424816
acrZp,18.0,17,0,GTAAAAACCCAATGAATGTG,17,421034
acrZp,18.0,17,0,GGTAGAATGGAATATACAGT,17,462610
acrZp,18.0,17,0,GCATAGATAAAATCGTTGGA,17,443795
acrZp,18.0,17,0,GATGGCAACTAGATGCCGGC,17,436578
acrZp,18.0,17,0,GAAGGACTCAATTTTGGGCT,17,409003
acrZp,18.0,17,0,CTTGCCACTGGGCGACTCTA,17,453148
acrZp,18.0,17,0,CTGGCTTAACCGTCCGAAAT,17,426908
acrZp,18.0,17,0,CTAACCGGCCATAGTCTACT,17,453607
acrZp,18.0,17,0,CGACTGTACGGGGCGTGTGG,17,456805
acrZp,18.0,17,0,CCTGTTTAGTGGTACAAATT,17,422380
acrZp,18.0,17,0,CCGGACCAAGAACCAGGTAA,17,410233
acrZp,18.0,17,0,CACGATCCTCAGGGCAGAAA,17,445486
acrZp,18.0,17,0,CAAAGGGGTTTCGTGCTGCG,17,424608
acrZp,18.0,17,0,ATCGTATTCGATATCCCACA,17,464241
acrZp,18.0,17,0,AGAGCGACAATTCTCATTCA,17,439380
acrZp,18.0,17,0,ACTTTTTCCGGCCGGCTGTT,17,452903
acrZp,18.0,17,0,ACCCTAAGCTACCATAGTGT,17,419189
acrZp,17.0,16,0,TTTGTCGAGTTAAAACTCAG,16,408933
acrZp,17.0,16,0,TTTATTCCAAACCCGAGCGC,16,449497
acrZp,17.0,16,0,TCTGAGGCACCACTCTCTGA,16,454120
acrZp,17.0,16,0,TCAGTTTTCACGGCGAAGAT,16,431875
acrZp,17.0,16,0,TATACACTTGGTTAAATACG,16,426868
acrZp,17.0,16,0,TAACCGATATCACGCAAATG,16,451518
acrZp,17.0,16,0,GTGGTTGTCTCACGCATGGA,16,433562
acrZp,17.0,16,0,GTGGGGGCTTCATGCTTACA,16,445275
acrZp,17.0,16,0,GGTGATCGCGATCGTAAGAG,16,452190
acrZp,17.0,16,0,GCTACGACTTCGTCGGTAAC,16,467014
acrZp,17.0,16,0,GCCGATAATCTTTCGGGAGA,16,463505
acrZp,17.0,16,0,GCAGTCGGCAACAGCTCGGC,16,460678
acrZp,17.0,16,0,GAGAGGGTTATGTCATACGA,16,463330
acrZp,17.0,16,0,GAATCGAAACGACGTCCAGA,16,421960
acrZp,17.0,16,0,GAAACATAAGAACAGTTCTC,16,437061
acrZp,17.0,16,0,GAAAATTCTGAGCTCCACGA,16,420851
acrZp,17.0,16,0,CTGCCCCGTGCTAGTGAATA,16,420577
acrZp,17.0,16,0,CTGATTAAAGGTAAAGGCAC,16,450661
acrZp,17.0,16,0,CGACGACCCCTCTTAACTTA,16,418646
acrZp,17.0,16,0,CCAATTAGGTACGCTATAAT,16,462539
acrZp,17.0,16,0,CATTCCAACAATCCGTAGAC,16,462978
acrZp,17.0,16,0,CATGACCCCCCTTTAATCGT,16,452506
acrZp,17.0,16,0,CAACTCTGTAGAATAAAAAA,16,425739
acrZp,17.0,16,0,CAAAAGTCCTTGGGATAAGG,16,425386
acrZp,17.0,16,0,ATGCCGATGGGCGATTGTAA,16,453740
acrZp,17.0,16,0,ATCGGAAGGGCGAAGGTCAC,16,466633
acrZp,17.0,16,0,ACATCTTATGCGTATACCAC,16,454609
acrZp,17.0,16,0,ACAGTAGGCCACTCCTTGAG,16,432604
acrZp,17.0,16,0,AACGCGTAAGGTACGCTCGA,16,444402
acrZp,16.0,15,0,TTTTATTCGATTGCCGCTCA,15,426521
acrZp,16.0,15,0,TTTATCACCTAGACGGGGAT,15,415445
acrZp,16.0,15,0,TTCAACTCCACCCTAAACTA,15,452510
acrZp,16.0,15,0,TTAATTTACGTATTGAGCGG,15,432136
acrZp,16.0,15,0,TGGTGAGGCTGGCCGTCCAC,15,423239
acrZp,16.0,15,0,TGAACGAGACGCCACCGCGG,15,467595
acrZp,16.0,15,0,TCGGGAGTAACATAGTAATT,15,446187
acrZp,16.0,15,0,TCGCTCTGACCGCGGTAACG,15,459031
acrZp,16.0,15,0,TACCGATTGAGTTACCTCAG,15,452048
acrZp,16.0,15,0,TAATGTTGTTATTTCGCACT,15,421230
acrZp,16.0,15,0,GTGCGTGTCTTCTCAGCGTT,15,452042
acrZp,16.0,15,0,GTCAGGATCAGAGTGGCACT,15,467208
acrZp,16.0,15,0,GATATTCTCGAGCACATGTA,15,446687
acrZp,16.0,15,0,CTGACCCCCTGCCGTCTCGA,15,432311
acrZp,16.0,15,0,CGCTTATATCTGATTAAAAG,15,445709
acrZp,16.0,15,0,CGATACATATTGCCGGAGCC,15,417487
acrZp,16.0,15,0,CCTCCGTGCGAAGCAAGTTG,15,428287
acrZp,16.0,15,0,CCGGCCGACAGTGTCTTAGA,15,462599
acrZp,16.0,15,0,CCGCGGGCGGTCTCGGACAA,15,427472
acrZp,16.0,15,0,CACACCTCCTTTCCCGCTCA,15,425102
acrZp,16.0,15,0,ATAAGGTAATAACATCTCGA,15,417585
acrZp,16.0,15,0,ACGGTTCATTGGTACTCAGT,15,466736
acrZp,16.0,15,0,AACCTAACACTTTAGTAAAA,15,412120
acrZp,15.0,14,0,TTTGCGGGACTCGGGGATAA,14,451539
acrZp,15.0,14,0,TTACTAATGAATATTGCAGC,14,434002
acrZp,15.0,14,0,TGACTCGGTATTGAAGAACT,14,431135
acrZp,15.0,14,0,GTGGACTCTAATTCAAAAGA,14,426051
acrZp,15.0,14,0,GTACGTTGGAGCGTTAAAAA,14,443398
acrZp,15.0,14,0,GGTAGTTTGTGCGTGCGAGA,14,440302
acrZp,15.0,14,0,GCTAGCGTGTATCTAGGTGA,14,425719
acrZp,15.0,14,0,GCCCGTTCTTCCTGGATTAG,14,425418
acrZp,15.0,14,0,GCCACTTCCAACACGGCTTC,14,411606
acrZp,15.0,14,0,GCACCGAACGATCTCGGCCA,14,445368
acrZp,15.0,14,0,CTGCCTTGTTTTTCGGCATG,14,457744
acrZp,15.0,14,0,CTGCATCCAATTCTCCAGTT,14,461998
acrZp,15.0,14,0,CTCTTTTAGTTCTCTGACTG,14,426094
acrZp,15.0,14,0,CTCTTGACCTTCTGCTAATG,14,447603
acrZp,15.0,14,0,CTACGATTCGGGAGTTGACA,14,413529
acrZp,15.0,14,0,CCGATGTACTATTCAAAGCC,14,417687
acrZp,15.0,14,0,CCCTACCATTGACATGGCAG,14,412754
acrZp,15.0,14,0,CAATGATTCAGCAACACGAA,14,430652
acrZp,15.0,14,0,CAACCTCAATGATGGCCCGG,14,463586
acrZp,15.0,14,0,ATGGGTTCGTTAACGCGGCT,14,467676
acrZp,15.0,14,0,ATCAAGGCGGATATCCCATG,14,449873
acrZp,15.0,14,0,ATAGTGAACTGATCACGGAT,14,445491
acrZp,15.0,14,0,ACTATTCGAGCTACTGCAAT,14,457535
acrZp,15.0,14,0,AAGGTGGTAAATTAGGTGCA,14,434484
acrZp,14.0,13,0,TTGATACGGGATTTTATCCA,13,412017
acrZp,14.0,13,0,TTCGACTTGAATCACTACTG,13,421954
acrZp,14.0,13,0,TGTGAGGCTCTCATTTCGCA,13,465656
acrZp,14.0,13,0,TGTCACAGTGCGTATGTATC,13,455771
acrZp,14.0,13,0,TGGACTGTGGTTCAACTGGA,13,446176
acrZp,14.0,13,0,TGCCAGTCTCAAACGCTCAA,13,449156
acrZp,14.0,13,0,TGAAGGAAGATTGCAATCTA,13,414207
acrZp,14.0,13,0,GTATACATAAGAGTACTCCC,13,425718
acrZp,14.0,13,0,GTAGATGATTTATGCTTGCA,13,427429
acrZp,14.0,13,0,GGCAGAGCTATGCCTCTCTT,13,435282
acrZp,14.0,13,0,GGATCGAGCAAGCCTAGAGT,13,459165
acrZp,14.0,13,0,GCGGCTCAGACGCGACATGG,13,418873
acrZp,14.0,13,0,GCAACAGATTCCGCTCGTTT,13,433806
acrZp,14.0,13,0,GAAGGGCATGCGGTGCAACT,13,454361
acrZp,14.0,13,0,GAACATAAGAGCCTTTTTCA,13,443544
acrZp,14.0,13,0,CTTGGACGAATAAGATCACT,13,467351
acrZp,14.0,13,0,CGAGTATGAACGACGCATCA,13,433719
acrZp,14.0,13,0,CATGTGTTTTCAGCTCGTGG,13,412249
acrZp,14.0,13,0,CAGCATGCTAGGCAATAGTC,13,408823
acrZp,14.0,13,0,ATCGGTGCAGGGACGGGCGT,13,419812
acrZp,14.0,13,0,ACTACCTCGGAAACACCAAG,13,430654
acrZp,14.0,13,0,ACAGGCGAGGGTAGCCAATG,13,456746
acrZp,14.0,13,0,ACAGATCTTGTCTTGGGCGT,13,411986
acrZp,14.0,13,0,AAGGGCGCCTATGGCTGAAC,13,424372
acrZp,14.0,13,0,AAGAGACGGGTACCCTGTTT,13,427192
acrZp,13.0,12,0,TTTGCCCAACGGCAAGGGAG,12,438901
acrZp,13.0,12,0,TTGGAGCCTGACAGCGGAGA,12,436340
acrZp,13.0,12,0,TTACACCGGTGCGCAGGGGT,12,466926
acrZp,13.0,12,0,TGTCGTTGGTTAAGAAATCT,12,420707
acrZp,13.0,12,0,TATTGACTTGGAAGCGCCAT,12,440716
acrZp,13.0,12,0,GTCTCACGTCTAATGATGAG,12,465140
acrZp,13.0,12,0,GAATAGCCAGCCACAAAAGT,12,466210
acrZp,13.0,12,0,CTATAGAATTTGTAATTTCC,12,450252
acrZp,13.0,12,0,CGTATCCAGGCCCCCGGCCC,12,457482
acrZp,13.0,12,0,CGGCGCAGCTCATAGAGCCC,12,416454
acrZp,13.0,12,0,ATGAGCGTACCGAGCGTCTA,12,434575
acrZp,13.0,12,0,ATCCAAGAGACAGTACATAA,12,429660
acrZp,13.0,12,0,ATACATCGCTCAGCTTACGA,12,449655
acrZp,13.0,12,0,AGTCACTTTCTGTTTTGGTC,12,442169
acrZp,13.0,12,0,AATCATTGATCTCGCGAGAG,12,440506
acrZp,13.0,12,0,AAGCCATGATTCCATGGACT,12,450262
acrZp,13.0,12,0,AAATATATATTAGAGCAGGC,12,433934
acrZp,13.0,12,0,AAACCCGTTGTTTACTTGTG,12,423818
acrZp,12.0,11,0,TGACGCCTTGGCTGCTGGTG,11,461380
acrZp,12.0,11,0,TATCGATCTCTCACGGCCGA,11,446720
acrZp,12.0,11,0,TAAATCGTGGGAACATATCC,11,467369
acrZp,12.0,11,0,GTCTGCTTACAGTTACATGC,11,425191
acrZp,12.0,11,0,GGTCAGGTTTTAATGTGTTC,11,440873
acrZp,12.0,11,0,GGCTGCGTTAATGTTTAACC,11,421586
acrZp,12.0,11,0,GCACTTTCCCAGTACTTAGT,11,439172
acrZp,12.0,11,0,CTTTTTCTCCATAACATTAA,11,448634
acrZp,12.0,11,0,CTATGTGGCTGTCATTGAGC,11,416946
acrZp,12.0,11,0,CCTGGGTTACGGCCGTTATT,11,416353
acrZp,12.0,11,0,CCAACGGTTAGCTAATAGGC,11,455997
acrZp,12.0,11,0,AGTCCTCAGATAGGCCGGAG,11,459024
acrZp,12.0,11,0,AGGGAAGATCTGCCGGGCGG,11,431234
acrZp,12.0,11,0,ACAGGGTGCTTGCCTCAATG,11,467594
acrZp,12.0,11,0,AACCGTGGGGTCTTACCCCA,11,422791
acrZp,11.0,10,0,TTCTAATGCGGTATGATCTT,10,458159
acrZp,11.0,10,0,TTCCTTGTTCGCTGACATAA,10,436213
acrZp,11.0,10,0,TTCACTAAACTTCGGTAAGG,10,445548
acrZp,11.0,10,0,TGTGGACGTTGGGGCACTTA,10,422351
acrZp,11.0,10,0,TAAACCAAGCACGTTTGATA,10,460736
acrZp,11.0,10,0,GTTCTCGCTGTCTGACATCT,10,447866
acrZp,11.0,10,0,CTATTAGTTCCATGAAACAT,10,439706
acrZp,11.0,10,0,CGTTTACGGTGTTGCCTCGA,10,442703
acrZp,11.0,10,0,CGTTCGAACTTCGGGCTTTG,10,440020
acrZp,11.0,10,0,CGGACGGGTGGACACCTGCT,10,431940
acrZp,11.0,10,0,CGATGAGTGGGGAGTGCCCC,10,464700
acrZp,11.0,10,0,CCTATCACTGCATCCTATCT,10,424622
acrZp,11.0,10,0,CCGTTTAATTCGCATGCACA,10,415356
acrZp,11.0,10,0,ATAAAACTGGATCATTAAGT,10,422288
acrZp,11.0,10,0,ACCGCCACTTGTGGGCAATC,10,442078
acrZp,11.0,10,0,AATGCGATTATCCCCAATGG,10,413880
acrZp,10.0,9,0,TTTGTCTACCAAGCCACTAG,9,417164
acrZp,10.0,9,0,TCAGCGATCCCTACCTACGG,9,438327
acrZp,10.0,9,0,TAAAACTGTCAAAGACCTAC,9,431418
acrZp,10.0,9,0,GTTCGGACCCCTCTTATTTC,9,462665
acrZp,10.0,9,0,GACCGTAATGTAACTCAAAT,9,464965
acrZp,10.0,9,0,CTTCTACACGATATTGCGTG,9,467584
acrZp,10.0,9,0,CCAGTATGGCCTTTGCCGAT,9,450646
acrZp,10.0,9,0,ATTGACTCACAGTGATCCTA,9,454013
acrZp,10.0,9,0,ATGTCCGTAAGCCATGTATT,9,448119
acrZp,10.0,9,0,ATACCGCGTCGCAATGACTA,9,466257
acrZp,10.0,9,0,ACCATGGATGCCGTATCCCA,9,424652
acrZp,10.0,9,0,AAATTTATGCTACCTTACAT,9,446050
acrZp,9.0,8,0,TTTGATCGATGCCTAATAGA,8,466059
acrZp,9.0,8,0,TTTGAGGTCCTTGATTAAGA,8,431247
acrZp,9.0,8,0,TTGCTTCCAAGATTCGGTAT,8,412732
acrZp,9.0,8,0,TGGTCGTAAATCTATCCTAA,8,409052
acrZp,9.0,8,0,TACGTTACTCTCGTCGTAGA,8,436248
acrZp,9.0,8,0,GGAGCATGTTCACTTGGAGG,8,441265
acrZp,9.0,8,0,GCGAATCAGAGAAGAACTTA,8,409410
acrZp,9.0,8,0,ATCTAGCGCTTACGCTCTAT,8,463584
acrZp,9.0,8,0,ATCATCTGAATAGTATACGT,8,422902
acrZp,9.0,8,0,ATAGTGAGTGCTTAGCTTCA,8,466082
acrZp,9.0,8,0,ATAACATAAATGTTCCAATT,8,430539
acrZp,9.0,8,0,AACCCGGGCTTAAATTACCC,8,418027
acrZp,8.0,7,0,TCTATACGCTCTCTCATCTA,7,434508
acrZp,8.0,7,0,TATTGCCCACACTAGGGAAA,7,432496
acrZp,8.0,7,0,TAATCGTCTTAATGTCAGGG,7,442173
acrZp,8.0,7,0,GCGGGACTATCTCCGCTACC,7,449153
acrZp,8.0,7,0,CGTCATGCCTGAGTGCCCCC,7,462554
acrZp,8.0,7,0,CAGCTAAGCCTGTACCTAAG,7,421710
acrZp,8.0,7,0,CACATTTTATGACTTAAGGT,7,441346
acrZp,8.0,7,0,ATCAGGGCTACACCGGCTAG,7,457695
acrZp,8.0,7,0,ATACACGAAAATACTTACTA,7,429057
acrZp,8.0,7,0,ACATTCCGGGTGAATATACT,7,409614
acrZp,8.0,7,0,ACACACGGAGGCTACAGCAT,7,449389
acrZp,8.0,7,0,AAGTCCGTGGGCCAGCCGGA,7,467306
acrZp,8.0,7,0,AAGCAATTCTCATCACCGAG,7,452378
acrZp,8.0,7,0,AAGAGTAGAATTATCGATGA,7,450320
acrZp,8.0,7,0,AAAGCATCTACGCTGGCATG,7,442966
acrZp,7.0,6,0,TTTGACGTCCGGGTGACCTC,6,419715
acrZp,7.0,6,0,TGTTCACAAATTCCCGGCGA,6,446956
acrZp,7.0,6,0,TCATTACAGCTGTAAAGCTT,6,443874
acrZp,7.0,6,0,TAAAGCGAACCTCCACGTAG,6,461591
acrZp,7.0,6,0,GTCAAGGCTAGGGTGTGACC,6,422599
acrZp,7.0,6,0,GGCTTTTCAGGCATTAACAT,6,428632
acrZp,7.0,6,0,GAGAATGAATAACTTAGGCT,6,433612
acrZp,7.0,6,0,CTGTTAGTGACTAGAGGAGA,6,452582
acrZp,7.0,6,0,CCTCGGTAAGGCGGCTCTAG,6,461847
acrZp,7.0,6,0,CCTCAATCACAGAACGACTT,6,435418
acrZp,7.0,6,0,CATGGGTAAGTCTGTCATGT,6,416346
acrZp,7.0,6,0,CACTTGACGTTTGTTCAGCT,6,442790
acrZp,7.0,6,0,CACGCGTAAAGTGCTAATCT,6,450860
acrZp,7.0,6,0,CACCCTGCGGAATGTGTTAT,6,422906
acrZp,7.0,6,0,ATCTGGGTGAAGAATGTCCA,6,435158
acrZp,7.0,6,0,ATACCGGTCGAAGATTTCTA,6,435948
acrZp,7.0,6,0,AGTTCTGGCTGGGTACATTC,6,461106
acrZp,7.0,6,0,AGTCTAGGGCAGGACCGAAT,6,457413
acrZp,7.0,6,0,ACGGTAAAAACATCTGCAGC,6,455934
acrZp,7.0,6,0,ACCGCTTGTTCTGGCTCGGC,6,425903
acrZp,7.0,6,0,AAACCGGGATAGGCACATCG,6,466348
acrZp,6.0,5,0,CTTAGGGATAAGGTCGCCAG,5,467169
acrZp,6.0,5,0,CTATATTGACATGATGTGGC,5,429845
acrZp,6.0,5,0,CTAGGATCCGCGGGGTGAGC,5,417499
acrZp,6.0,5,0,CTAAACCGTAGGGGGGATCA,5,457738
acrZp,6.0,5,0,CGTTACTACGGCCGTTCTTT,5,450909
acrZp,6.0,5,0,CGGGTGTTGACCATGGAACG,5,446463
acrZp,6.0,5,0,CGGCCCCCGAAATATTAAAA,5,427712
acrZp,6.0,5,0,ATGCGCGAATTATACCTACT,5,413354
acrZp,6.0,5,0,AGTGTAACGTGTGATCATGC,5,458881
acrZp,6.0,5,0,AGGCCAACCGGATCCCCGGC,5,451178
acrZp,6.0,5,0,AATGTAACGAAGCCTGACGA,5,411541
acrZp,5.0,4,0,GGACGTATAAAAGTAGCCAA,4,437020
acrZp,5.0,4,0,GCGTCACAGCGGATTCGCCG,4,467607
acrZp,5.0,4,0,GCAGGGGAGATTGAATCCTG,4,448196
acrZp,5.0,4,0,CTACACTCCCTCAAACTACC,4,424513
acrZp,5.0,4,0,CCAGAAAGGTTATTTTGAAC,4,433367
acrZp,5.0,4,0,CAGTGTGTCTTCTCCTATAT,4,438157
acrZp,5.0,4,0,ATTTGGACCCGCGAGTTCAT,4,416546
acrZp,5.0,4,0,AGCCCCTTTGTTTTCTTACT,4,463106
acrZp,5.0,4,0,ACTGAGAAGGGCTGTAGGCA,4,460235
acrZp,5.0,4,0,ACATTTAGCTGAATCCTCCT,4,465870
acrZp,4.0,3,0,TCTTTTAGATACCTTCCCCT,3,418959
acrZp,4.0,3,0,GTCTCAGACATCTTGGTTCC,3,411134
acrZp,4.0,3,0,GGCATGGAGAGTCGTGGATT,3,451232
acrZp,4.0,3,0,GCTATAAACTCTCGGCAACA,3,456129
acrZp,4.0,3,0,CGATGAAAGGGATGTTACAG,3,448004
acrZp,4.0,3,0,CCCATGAATGTCGGTCATGA,3,437126
acrZp,4.0,3,0,CACCCGGGCCTAAAGGTCAC,3,420748
acrZp,4.0,3,0,ATGTATAAGTGATAGGTACT,3,449065
acrZp,4.0,3,0,AAACGCAGGGGAGCTTCAGA,3,420299
acrZp,3.0,2,0,TTTTAACCGAGCCACAAAAG,2,422682
acrZp,3.0,2,0,TGTTTTTATTGTTCTTCAGC,2,414821
acrZp,3.0,2,0,TCCAACAAAGTACAGGCACA,2,422885
acrZp,3.0,2,0,TCATTTACAGCTCTTTCTCT,2,447227
acrZp,3.0,2,0,TACCGGTGGCTCGTAACGTG,2,433381
acrZp,3.0,2,0,GTTTACTCGCCGGGGTTAAC,2,427704
acrZp,3.0,2,0,GTCCCAGGTGTGACTTTGAC,2,417553
acrZp,3.0,2,0,GGGTCAAAAATCAACCGCGC,2,429742
acrZp,3.0,2,0,GGCGGGAGGGAAGCTTTATC,2,461003
acrZp,3.0,2,0,GGAGTAGGTAGAACACATCT,2,450494
acrZp,3.0,2,0,GAATCCGTCGGTCACGCGAC,2,422704
acrZp,3.0,2,0,CTGCGCATGACGGCGCGAGG,2,449354
acrZp,3.0,2,0,CTAAATGGTTGATCGTACAA,2,412648
acrZp,3.0,2,0,CGAATTTATCGAAGTCCGTC,2,437257
acrZp,3.0,2,0,CAGGACTTATCTCATAAATC,2,408869
acrZp,3.0,2,0,ATGTTAGGCAGGCTAACGTC,2,432686
acrZp,3.0,2,0,AGGCATTAGAGTGTCGATTC,2,422269
acrZp,3.0,2,0,ACCTGTAGTGAAGGCGATCT,2,427392
acrZp,3.0,2,0,AAGCTGATCAAAGGGGTTTT,2,459306
acrZp,2.0,1,0,TTATGGGAGTCTTTGGGTGA,1,409368
acrZp,2.0,1,0,TCGGCTCGTGTTGACGTGGT,1,414926
acrZp,2.0,1,0,TAGGGGAAGGGGTGAGTTTA,1,438934
acrZp,2.0,1,0,TAGACGAGACGCGGAGATAT,1,422376
acrZp,2.0,1,0,TACAGTATGAGCCTGTAATG,1,420737
acrZp,2.0,1,0,GTCTGAGTACCTAGCGACTC,1,448859
acrZp,2.0,1,0,GTCAAGTTATTACTTCGTAC,1,451528
acrZp,2.0,1,0,GGTTTATGGCCTCCATTTTG,1,447300
acrZp,2.0,1,0,GGGAAAACGTACGTACAAGT,1,426899
acrZp,2.0,1,0,GCACTGTCCAACGGGCTGGT,1,458918
acrZp,2.0,1,0,GATCAGACTGTGAATTTGCG,1,433522
acrZp,2.0,1,0,CTGAGCCCGGTATCGTTTTC,1,409638
acrZp,2.0,1,0,CTACCTTCCACTTTGTTCTC,1,431147
acrZp,2.0,1,0,CGTCCGCTCACCGATAGGCA,1,432308
acrZp,2.0,1,0,CGCGTTGCCTATGTCACCAT,1,422731
acrZp,2.0,1,0,CGAGTCAAGGCGTCTGCAAG,1,463597
acrZp,2.0,1,0,CCTTGGTAAGTGTATTAGAC,1,455672
acrZp,2.0,1,0,CCTATGAAAAACGAGCTCTA,1,449596
acrZp,2.0,1,0,CCCGTCCCCGCAGGCTCGGA,1,417491
acrZp,2.0,1,0,CATCTGAGGATAAGCCTATT,1,453564
acrZp,2.0,1,0,CATCATTAGCCAAGTGATTG,1,439170
acrZp,2.0,1,0,CAGGCCGCTCGCGCCATTCG,1,466759
acrZp,2.0,1,0,CACGGTTCGCACGAGACGAT,1,430783
acrZp,2.0,1,0,CAACGCCGCAGTTATAACTG,1,420507
acrZp,2.0,1,0,CAACAAGCAAGGCAACAACA,1,419183
acrZp,2.0,1,0,ATTTTGGCAGCGAGATGATA,1,420304
acrZp,2.0,1,0,ATGTGTTATATCGCTGTTTG,1,455336
acrZp,2.0,1,0,ATATCGCTACGGAGGGTTCG,1,458850
acrZp,2.0,1,0,ATAGTCTTGAAAGTAGTTCA,1,418441
acrZp,2.0,1,0,AGCTCACTTGGATCAGTCTT,1,416130
acrZp,2.0,1,0,AGATTGCGCTATGTGTGGCA,1,456787
acrZp,2.0,1,0,AAGTCTGCATAGGGAATGTT,1,458991
acrZp,2.0,1,0,AAGAGTAGAAGCTTCACGAT,1,466449
acrZp,2.0,1,0,AACACTCTAAGGTCCGAATA,1,433437
