name,relative_counts,ct,ct_0,barcode,ct_1,barcode_ind
ygfS_ygfT_predicted,0.22023809523809523,203,167,TAGCATAGGTAAGATTGGAA,36,4906978
ygfS_ygfT_predicted,0.5202702702702703,223,147,GGCGATAGATACGCCGTTAA,76,4899871
ygfS_ygfT_predicted,1.0919540229885059,180,86,GCGACTCGCCTGGAGAGCGG,94,4899918
ygfS_ygfT_predicted,0.02702702702702703,74,73,CGCTTCAGTGCTTGCTAAGT,1,4902220
ygfS_ygfT_predicted,0.4027777777777778,99,71,GGCCAATCTGGTCTCGTGGA,28,4903312
ygfS_ygfT_predicted,0.07462686567164178,70,66,AGCCAGAGACGGATAAGGGG,4,4913606
ygfS_ygfT_predicted,0.25,78,63,TTATTACCTGAAGATACGAT,15,4907118
ygfS_ygfT_predicted,0.9841269841269841,123,62,AATCCTCCTTCAGGTGTCCT,61,4919387
ygfS_ygfT_predicted,0.8524590163934426,111,60,AATTCTCAAGCCTTCGTGCT,51,4906210
ygfS_ygfT_predicted,0.3392857142857143,73,55,AAGCAGCGACTCCACTTTTG,18,4908099
ygfS_ygfT_predicted,0.6730769230769231,85,51,CGGCTAGTATGATTGCGCGA,34,4900013
ygfS_ygfT_predicted,0.36538461538461536,69,51,ATATCCTTCCCGACGTATGA,18,4923853
ygfS_ygfT_predicted,0.45098039215686275,72,50,TCTCATGTCCTTCCAATTAT,22,4921697
ygfS_ygfT_predicted,0.76,86,49,TTGTGCCCGCCTTGTCCCGA,37,4902235
ygfS_ygfT_predicted,0.9,93,49,GGTAGGGAAGAGATATCGTA,44,4900316
ygfS_ygfT_predicted,0.9387755102040817,93,48,TCACTCACTACCCGTGCGAT,45,4917135
ygfS_ygfT_predicted,0.16666666666666666,54,47,TAACAGGTAGTTGCCGCGGC,7,4912887
ygfS_ygfT_predicted,0.041666666666666664,48,47,CGTACCAGCTGAGGGCAGGA,1,4899682
ygfS_ygfT_predicted,1.6875,127,47,CCGTCCTCGGCGTCAATAGT,80,4903562
ygfS_ygfT_predicted,0.5531914893617021,71,46,TCGACCCAGTCATCACTGTC,25,4927233
ygfS_ygfT_predicted,0.7872340425531915,82,46,GGAAGGCCGACCTCCGGGCA,36,4902427
ygfS_ygfT_predicted,0.3617021276595745,62,46,GCGCTGGGCACATCATACAT,16,4900850
ygfS_ygfT_predicted,1.7872340425531914,129,46,CTTGTCCCGTTGTGGCGCCA,83,4900055
ygfS_ygfT_predicted,0.6808510638297872,77,46,ATAGCCACATCCCCACGGAA,31,4909753
ygfS_ygfT_predicted,1.6,115,44,TATGGCTGTATTTGGCTCCC,71,4908737
ygfS_ygfT_predicted,1.1111111111111112,93,44,ATTGTAAGACCGGGGAATAA,49,4920158
ygfS_ygfT_predicted,0.5454545454545454,66,43,GCCAAGGTCTTCCGGCAGGG,23,4910178
ygfS_ygfT_predicted,0.7727272727272727,76,43,GCAGGGAACTTTATATTTTT,33,4918393
ygfS_ygfT_predicted,0.5,64,43,CGAGTAAGCAGTACCGCGCA,21,4919826
ygfS_ygfT_predicted,0.38636363636363635,59,43,ATCTCTACGATCACAGGCGA,16,4916248
ygfS_ygfT_predicted,0.045454545454545456,44,43,ATATTGTTTTTCCTCCGGTT,1,4913211
ygfS_ygfT_predicted,0.045454545454545456,44,43,AGTCGGGTTGGAATACTTGG,1,4901534
ygfS_ygfT_predicted,0.25,53,43,AGACAAGGGCGGCATAATCT,10,4908342
ygfS_ygfT_predicted,0.6744186046511628,70,42,CCCGTTGTGTCTTGGGATAA,28,4924087
ygfS_ygfT_predicted,0.11904761904761904,45,41,CTTATGGGGCACGTGGTTCA,4,4907609
ygfS_ygfT_predicted,0.047619047619047616,42,41,CTCCTCCGTGACCCCTGAAG,1,4920855
ygfS_ygfT_predicted,0.6428571428571429,67,41,AGGGTAGGGTTTCGCCAGTT,26,4922481
ygfS_ygfT_predicted,0.5,61,41,AAAGAGGTCCATCACCGGCA,20,4903410
ygfS_ygfT_predicted,1.8048780487804879,113,40,TGAATCGAGGTGCGTAGAAT,73,4903106
ygfS_ygfT_predicted,0.21951219512195122,48,40,GCAGAGTCCTGACGTATTCT,8,4901564
ygfS_ygfT_predicted,0.5365853658536586,61,40,CCGAATTCCATGGGACTATT,21,4930820
ygfS_ygfT_predicted,0.85,72,39,CACCAACCGCGACCAGAGGT,33,4909904
ygfS_ygfT_predicted,0.875,73,39,ACGTCCCAACCGACTGAACA,34,4901113
ygfS_ygfT_predicted,0.6410256410256411,62,38,TCATGGGATTGCAGGCCAGA,24,4930604
ygfS_ygfT_predicted,0.2564102564102564,47,38,GAATGCCAGGCGGCCGTTCA,9,4900608
ygfS_ygfT_predicted,0.9230769230769231,73,38,CTGGGCTATTCCAGCCTTCA,35,4902066
ygfS_ygfT_predicted,0.28205128205128205,48,38,CCCAGCCGTATGAGTTCGTT,10,4901662
ygfS_ygfT_predicted,2.6666666666666665,141,38,CATTGGTCACCTCCTAACTG,103,4929749
ygfS_ygfT_predicted,1.368421052631579,88,37,TGTCACAATGCAACACTCTT,51,4908160
ygfS_ygfT_predicted,1.4473684210526316,91,37,CATCGCCTTCGGTGTAGAAA,54,4913457
ygfS_ygfT_predicted,1.3157894736842106,86,37,AAGCAGACCAGCCGTAAACA,49,4899822
ygfS_ygfT_predicted,1.4594594594594594,89,36,TTTGCGTCATTCACTCCGAC,53,4914353
ygfS_ygfT_predicted,0.43243243243243246,51,36,TACAAGATTCGGATAAGTTT,15,4907658
ygfS_ygfT_predicted,0.8648648648648649,67,36,GCATACAAGAACACACTTCC,31,4920967
ygfS_ygfT_predicted,0.43243243243243246,51,36,GAGGCCGGACTTTGGTTCGT,15,4920970
ygfS_ygfT_predicted,0.8918918918918919,68,36,CCGCGTCACGTGAGTTACTT,32,4899837
ygfS_ygfT_predicted,1.054054054054054,74,36,AATTCAAGACAATGACTCCT,38,4925130
ygfS_ygfT_predicted,0.5675675675675675,56,36,AAACAGTACACATAGTGTCC,20,4913435
ygfS_ygfT_predicted,1.0277777777777777,71,35,TTCCGTGCTTTTTCCCGGAT,36,4903661
ygfS_ygfT_predicted,0.9166666666666666,67,35,TGACCGCGCACCACTTTAGG,32,4905492
ygfS_ygfT_predicted,0.5277777777777778,53,35,CGGGAGTACACTCAAAGTCA,18,4928647
ygfS_ygfT_predicted,0.05555555555555555,36,35,AGGTTAAAGTATCGGAGAGA,1,4930519
ygfS_ygfT_predicted,0.5277777777777778,53,35,ACTGTGCCTACCGCTTTACA,18,4899742
ygfS_ygfT_predicted,0.05555555555555555,36,35,AAAGTAGCCTCGGAATCTTG,1,4918363
ygfS_ygfT_predicted,0.6857142857142857,57,34,TAGCAGTTTACTTCGCGCCA,23,4912906
ygfS_ygfT_predicted,0.5142857142857142,51,34,GCCTCCCGGGCAGCTTTACA,17,4922348
ygfS_ygfT_predicted,1.6,89,34,CTAAAGTTCTCTGCCGCCAT,55,4922050
ygfS_ygfT_predicted,0.7142857142857143,58,34,CAACTATCGTCGGTGACGGA,24,4926535
ygfS_ygfT_predicted,0.9142857142857143,65,34,ACGGCAGTCAAATATAAGCT,31,4903411
ygfS_ygfT_predicted,0.6470588235294118,54,33,TGTCCACGGCGGTGACATGA,21,4921324
ygfS_ygfT_predicted,0.7352941176470589,57,33,TGTAAGGAGTCTTCCTATTT,24,4919757
ygfS_ygfT_predicted,0.5588235294117647,51,33,CAGGCCAGACCGGGCAGCGT,18,4908435
ygfS_ygfT_predicted,0.2647058823529412,41,33,CAGCTTGCGACGGGAGGTCA,8,4918478
ygfS_ygfT_predicted,1.1176470588235294,70,33,AAATGGACGTTTGCGACAGA,37,4917524
ygfS_ygfT_predicted,1.3636363636363635,76,32,TTGATCAGACTTTAAGTGTA,44,4905141
ygfS_ygfT_predicted,0.24242424242424243,39,32,TCGGGTTTCTATGATAACAA,7,4920937
ygfS_ygfT_predicted,0.8484848484848485,59,32,TAGCAAATTGGTGGCAACGT,27,4903963
ygfS_ygfT_predicted,0.24242424242424243,39,32,GCTCTCGGGATCTTGAATCA,7,4902430
ygfS_ygfT_predicted,0.42424242424242425,45,32,GCAGCCACGGGCGCTGCGTT,13,4926075
ygfS_ygfT_predicted,0.9696969696969697,63,32,CTGTCCCCATGCTCCAGCCA,31,4910306
ygfS_ygfT_predicted,0.48484848484848486,47,32,CGTCCACCGGATTAAGTCCT,15,4915090
ygfS_ygfT_predicted,0.48484848484848486,47,32,CGGAGGCACGCATGCACAAT,15,4910983
ygfS_ygfT_predicted,1.0,64,32,AGTGGGCAAAGCCTTGTCTA,32,4920063
ygfS_ygfT_predicted,0.8484848484848485,59,32,ACGCAGGTTTCGTAGAATGC,27,4914935
ygfS_ygfT_predicted,0.5454545454545454,49,32,ACCCTTAAGTGGACTGGCTA,17,4901793
ygfS_ygfT_predicted,0.0625,32,31,TGGGTTAGGGGGGAAGAGCT,1,4902542
ygfS_ygfT_predicted,0.375,42,31,TAGGTTTTGCACTTCACAGA,11,4904621
ygfS_ygfT_predicted,0.0625,32,31,GTGATCGCAGTCAGTTTGTA,1,4901939
ygfS_ygfT_predicted,0.1875,36,31,GCACCTCCGTGCCGTCGATA,5,4905244
ygfS_ygfT_predicted,0.59375,49,31,GAGTACAATCGTGCAGGCCG,18,4919698
ygfS_ygfT_predicted,1.09375,65,31,CTCAAAATCCTTCCGAGGAA,34,4907098
ygfS_ygfT_predicted,0.59375,49,31,CGGCCTGTAGGCGTTGTCCA,18,4923685
ygfS_ygfT_predicted,0.53125,47,31,CGCTACGTATCCGCGCATTA,16,4925579
ygfS_ygfT_predicted,0.4375,44,31,CCGACAGTGCGTCAACCGTC,13,4923409
ygfS_ygfT_predicted,0.90625,59,31,ATTCCGCTGGGGTTGGCAAA,28,4917151
ygfS_ygfT_predicted,0.4375,44,31,AACTGTACTAGCATCACTAA,13,4903810
ygfS_ygfT_predicted,0.5625,48,31,AACGATTTATCATTGCTAGT,17,4907735
ygfS_ygfT_predicted,0.3548387096774194,40,30,TTCTATAGTTGATCTGGTAC,10,4908736
ygfS_ygfT_predicted,1.064516129032258,62,30,GGCCTGTGAAGAATGGAAAT,32,4906450
ygfS_ygfT_predicted,0.41935483870967744,42,30,GGCCGAGCGGCCTTATCCTA,12,4909220
ygfS_ygfT_predicted,0.45161290322580644,43,30,GCGAACATGTACATGGTCGC,13,4922028
ygfS_ygfT_predicted,0.4838709677419355,44,30,CTTCGCGTTAATCAAAGGTG,14,4900586
ygfS_ygfT_predicted,0.8709677419354839,56,30,ACGCTGAGGACTTTTCGATC,26,4899992
ygfS_ygfT_predicted,0.2903225806451613,38,30,AATGCCATCACGTGCGCTCA,8,4904592
ygfS_ygfT_predicted,0.06666666666666667,30,29,TTCAATGTATTGCCATTAGG,1,4913358
ygfS_ygfT_predicted,0.06666666666666667,30,29,TGGCGCGTTCTGATGTGTTG,1,4904530
ygfS_ygfT_predicted,0.23333333333333334,35,29,TGGATCTAGTAACGATTAAT,6,4908562
ygfS_ygfT_predicted,0.06666666666666667,30,29,GTTGATTTCGTAACAATCCA,1,4918881
ygfS_ygfT_predicted,0.6,46,29,GAGAATTAGCTCACCTTTCT,17,4914599
ygfS_ygfT_predicted,0.7,49,29,CCAACCGAACTTACCTCGCG,20,4914316
ygfS_ygfT_predicted,0.3333333333333333,38,29,CATGTAACGCCATTGATTTT,9,4901059
ygfS_ygfT_predicted,0.6333333333333333,47,29,ATGTTCCAACAGGGGACTGT,18,4902907
ygfS_ygfT_predicted,0.6666666666666666,48,29,ACACGACATGCGCGCATTTA,19,4916729
ygfS_ygfT_predicted,0.6,46,29,AAAGTTCGATGGCGTAAGCA,17,4903835
ygfS_ygfT_predicted,0.6666666666666666,48,29,AAAATGATACCGCGTCTAAT,19,4913990
ygfS_ygfT_predicted,0.7586206896551724,49,28,TCTCGACGTGAGCAAAGCAA,21,4916747
ygfS_ygfT_predicted,0.5862068965517241,44,28,TAGAAGCCGGAGCCTGGGCA,16,4902957
ygfS_ygfT_predicted,1.5517241379310345,72,28,TAATCACTCGGGATCCCCAT,44,4925847
ygfS_ygfT_predicted,0.3793103448275862,38,28,GGTGCTGATGATTGCCAAGA,10,4914819
ygfS_ygfT_predicted,0.6896551724137931,47,28,GGCAATGTGATGTACGCTGT,19,4902990
ygfS_ygfT_predicted,0.7931034482758621,50,28,GGAACAGTGAATGGTCCGCA,22,4902323
ygfS_ygfT_predicted,0.27586206896551724,35,28,GCTATATCTCTTCTTAGGGG,7,4927620
ygfS_ygfT_predicted,0.6896551724137931,47,28,GACCGCCCCAAAGTGGGTTT,19,4900726
ygfS_ygfT_predicted,0.6551724137931034,46,28,CTACCGTTGCAACGATACTT,18,4910269
ygfS_ygfT_predicted,0.896551724137931,53,28,CCGCAAAGAGATGAGCTTTT,25,4900786
ygfS_ygfT_predicted,0.5172413793103449,42,28,CAGCTCTGGTATTACGCGGA,14,4900170
ygfS_ygfT_predicted,0.06896551724137931,29,28,CACTTTTTAAGGCTATGGCT,1,4900933
ygfS_ygfT_predicted,0.41379310344827586,39,28,AGGGTCCTACATTTTCAGCG,11,4901073
ygfS_ygfT_predicted,0.7931034482758621,50,28,ACTGCCTGTTAGGTGAAGAT,22,4916873
ygfS_ygfT_predicted,0.27586206896551724,35,28,ACGCGCTCCAGCTCCGCGGC,7,4911684
ygfS_ygfT_predicted,1.0,54,27,TTCGCGGCAGGAGTGTTCTG,27,4908836
ygfS_ygfT_predicted,0.5357142857142857,41,27,TTATTGATTGGGTCGAGTGA,14,4928820
ygfS_ygfT_predicted,0.8928571428571429,51,27,TTACGCTGGTTTACCAAAGT,24,4900078
ygfS_ygfT_predicted,1.4642857142857142,67,27,TGTGGGTTACATTAGTCCCT,40,4900679
ygfS_ygfT_predicted,1.3214285714285714,63,27,TGAAGTCTCATTGCCACCTT,36,4918547
ygfS_ygfT_predicted,1.3571428571428572,64,27,TCGCCAACGGTCTTTATCTG,37,4900222
ygfS_ygfT_predicted,0.07142857142857142,28,27,TCGACCAACTAAGGTACCTC,1,4905146
ygfS_ygfT_predicted,0.10714285714285714,29,27,TACGCAATATGACGATGAAC,2,4900763
ygfS_ygfT_predicted,1.4642857142857142,67,27,CTTTATTGGGGTACGACAGG,40,4904620
ygfS_ygfT_predicted,1.0,54,27,CGGTAGAGTTCTTAGCATTA,27,4911052
ygfS_ygfT_predicted,0.7142857142857143,46,27,CCGGAGGAGGGAAGTCCGCT,19,4926695
ygfS_ygfT_predicted,0.5,40,27,CCGATTTCGCGGAGGCGTCA,13,4914769
ygfS_ygfT_predicted,0.5357142857142857,41,27,CCAGGCTGTCACCATTGTGC,14,4911593
ygfS_ygfT_predicted,1.3571428571428572,64,27,AGGGGGCCATATAGATTGTA,37,4909948
ygfS_ygfT_predicted,0.6428571428571429,44,27,AGAGGAATCAGCGAAATATA,17,4919580
ygfS_ygfT_predicted,0.9642857142857143,53,27,ACTCGCGCTCGACGGGAGTC,26,4923772
ygfS_ygfT_predicted,0.8928571428571429,51,27,AACGGTGAAAGCTCGTGGGA,24,4913697
ygfS_ygfT_predicted,1.037037037037037,53,26,TTGATATGCAGTTACCAATA,27,4910339
ygfS_ygfT_predicted,0.5185185185185185,39,26,TGCGAAAACGAAAGAGAACA,13,4915916
ygfS_ygfT_predicted,0.14814814814814814,29,26,TGAACCCATGCTCTTGGGTA,3,4909222
ygfS_ygfT_predicted,0.6666666666666666,43,26,GTTACTGACAAACTTCGATG,17,4925550
ygfS_ygfT_predicted,0.18518518518518517,30,26,GCGTACAACGCGTCGTATTA,4,4921970
ygfS_ygfT_predicted,0.37037037037037035,35,26,GCATACTGACGATTACGAAG,9,4914941
ygfS_ygfT_predicted,0.37037037037037035,35,26,GACATGAATTGCAGGTGACA,9,4917728
ygfS_ygfT_predicted,0.5925925925925926,41,26,CTTTTGAAGTTCCTGAACGA,15,4919222
ygfS_ygfT_predicted,1.3333333333333333,61,26,CTGAGCAAAAGTTGCTGGAC,35,4907558
ygfS_ygfT_predicted,1.6296296296296295,69,26,CTACGGGACGAAAATATAGA,43,4923529
ygfS_ygfT_predicted,0.4444444444444444,37,26,CCATGGATTGATTCACTCAC,11,4927960
ygfS_ygfT_predicted,1.1111111111111112,55,26,AGATCTTAGCCCCGTCCGTG,29,4918855
ygfS_ygfT_predicted,0.5925925925925926,41,26,AATGTATTCGTATCCTGCAG,15,4909969
ygfS_ygfT_predicted,0.7307692307692307,43,25,TTCCCTCGAGGGAGTGGGCA,18,4911513
ygfS_ygfT_predicted,0.6538461538461539,41,25,TCTACCGGCCCACGGCAGAT,16,4915474
ygfS_ygfT_predicted,0.9230769230769231,48,25,GGCGAGCGTATGCTTTCCGA,23,4908651
ygfS_ygfT_predicted,1.0384615384615385,51,25,CTTTATGCACAGGGTCAAGC,26,4902188
ygfS_ygfT_predicted,0.3076923076923077,32,25,CTGGGGCCTGAAGTACAGAG,7,4924751
ygfS_ygfT_predicted,2.1153846153846154,79,25,CCTTTACCGGGTTAGCGCCC,54,4913682
ygfS_ygfT_predicted,0.6923076923076923,42,25,CCTTAGTCTCAGAGGCGGCG,17,4922903
ygfS_ygfT_predicted,0.07692307692307693,26,25,CCGACGCTTCTAAGAGACTA,1,4912289
ygfS_ygfT_predicted,0.6923076923076923,42,25,CCAAACGTCTGTCAGCAAGC,17,4915732
ygfS_ygfT_predicted,0.5769230769230769,39,25,AGCATGTCAACTCATCGATT,14,4902215
ygfS_ygfT_predicted,0.15384615384615385,28,25,AGAGGAATCGCCTCTATCGA,3,4925094
ygfS_ygfT_predicted,1.3461538461538463,59,25,ACAAACCCAAACTGGTGCAG,34,4901552
ygfS_ygfT_predicted,1.3461538461538463,59,25,AACATTCCTGGAAATCCAAA,34,4919884
ygfS_ygfT_predicted,0.08,25,24,TGTTCCTTCCGATCCGTGCA,1,4920986
ygfS_ygfT_predicted,0.72,41,24,TGCTCGTCGTCTGGATGTTG,17,4910720
ygfS_ygfT_predicted,1.48,60,24,TAGGCCACCCGGAAGGAAAC,36,4907060
ygfS_ygfT_predicted,0.6,38,24,TACTCTGCAGTTATCAACGG,14,4917262
ygfS_ygfT_predicted,0.84,44,24,GTTTCAATTCCCGTCCCCTA,20,4899700
ygfS_ygfT_predicted,2.32,81,24,GGAGTGAGGATAGACCTAGT,57,4921575
ygfS_ygfT_predicted,1.32,56,24,GCATTAGAGGGTGGGCGTGG,32,4903222
ygfS_ygfT_predicted,0.56,37,24,GATAGCGAACTAGAAATAAC,13,4905361
ygfS_ygfT_predicted,0.32,31,24,GAGTTAGGTTGCCCCGCACC,7,4915346
ygfS_ygfT_predicted,0.08,25,24,CGTCCTCTTGACTGATGCAA,1,4904280
ygfS_ygfT_predicted,0.68,40,24,CCTTGAGGAGGGAAATTATG,16,4916008
ygfS_ygfT_predicted,0.08,25,24,CCTTCGTCAGCCAGGAAAAG,1,4920962
ygfS_ygfT_predicted,0.08,25,24,CCAACCCATTACGGTCTCGA,1,4900107
ygfS_ygfT_predicted,0.88,45,24,ACTGATCGGTAACGTGTCTT,21,4906606
ygfS_ygfT_predicted,1.8,68,24,ACACGGGAATTACCCTAATT,44,4907677
ygfS_ygfT_predicted,0.08,25,24,ACAAGGTTTTCGGCCCGATC,1,4915097
ygfS_ygfT_predicted,1.2,53,24,AAAGGGTGTAGTCGCATGTA,29,4901300
ygfS_ygfT_predicted,0.8333333333333334,42,23,TTAGCCACTTATCGACGGCT,19,4909201
ygfS_ygfT_predicted,0.8333333333333334,42,23,TCTAGGGTTTTCGAGAGAAG,19,4904225
ygfS_ygfT_predicted,1.1666666666666667,50,23,TCATGCGGTATCGCGTAGTA,27,4904087
ygfS_ygfT_predicted,1.0833333333333333,48,23,TAGCTCTACGAAGTCCTCTT,25,4920610
ygfS_ygfT_predicted,1.625,61,23,TAAAGATCCCTCGCGATATT,38,4900418
ygfS_ygfT_predicted,0.8333333333333334,42,23,GCTCGGGATCTATTGAGTCG,19,4918172
ygfS_ygfT_predicted,0.8333333333333334,42,23,GCGGTAAAATTTCCGTCTTG,19,4914865
ygfS_ygfT_predicted,1.8333333333333333,66,23,CTTGGCCCCGTCAGGACAGA,43,4918820
ygfS_ygfT_predicted,1.5416666666666667,59,23,CTGGGTTTAACACACTGCGT,36,4921517
ygfS_ygfT_predicted,0.08333333333333333,24,23,CTGGCTTCACATCTCTAGAT,1,4916019
ygfS_ygfT_predicted,1.0833333333333333,48,23,CGGTCTGTAATCTAACTATA,25,4902903
ygfS_ygfT_predicted,3.25,100,23,CCGGCGGCGGCGTCCACTAT,77,4928818
ygfS_ygfT_predicted,1.2916666666666667,53,23,CAACGCTACGACATTCCGGA,30,4920767
ygfS_ygfT_predicted,1.2083333333333333,51,23,ATTACGAGTAACTCGGTAGC,28,4921971
ygfS_ygfT_predicted,1.0416666666666667,47,23,ATAGCGCCATAGCTAGCTCA,24,4926143
ygfS_ygfT_predicted,0.5,34,23,ACTTTTTCCTGGCCAACAGA,11,4900858
ygfS_ygfT_predicted,0.7916666666666666,41,23,ACTCAGTTAGTCGTCGGGAG,18,4905422
ygfS_ygfT_predicted,1.0416666666666667,47,23,AATGGGTACAAACGCTGGGT,24,4913486
ygfS_ygfT_predicted,0.5652173913043478,34,22,TTTCGACACTGGCAGGTTTA,12,4909691
ygfS_ygfT_predicted,0.391304347826087,30,22,TGTAGGGACAAATGCGCAGT,8,4929179
ygfS_ygfT_predicted,1.1304347826086956,47,22,TGAAGCTACGGGGTCCTCAA,25,4917548
ygfS_ygfT_predicted,0.08695652173913043,23,22,TCAGCAAGGTGAATAGTACT,1,4909133
ygfS_ygfT_predicted,0.7391304347826086,38,22,TCAACTGTTTACATGACGAT,16,4910112
ygfS_ygfT_predicted,0.782608695652174,39,22,TATCCTTTCGGACGAATGTT,17,4900206
ygfS_ygfT_predicted,2.347826086956522,75,22,TATCCAACTGGTCGTTCCTT,53,4905055
ygfS_ygfT_predicted,0.08695652173913043,23,22,GTTTGGCATCGCGACCGGTT,1,4903988
ygfS_ygfT_predicted,1.8695652173913044,64,22,GTTTGACATCCCGAGCGCGT,42,4912174
ygfS_ygfT_predicted,0.17391304347826086,25,22,GCTTTGTGTCATTTTTGTTC,3,4912577
ygfS_ygfT_predicted,2.1739130434782608,71,22,GCGAGCATGCGAAATATCGT,49,4925121
ygfS_ygfT_predicted,0.5217391304347826,33,22,GCCCGTGATTGCGCACCGTG,11,4911554
ygfS_ygfT_predicted,0.9130434782608695,42,22,GACGTTCACGCTCGACGGTA,20,4912404
ygfS_ygfT_predicted,0.782608695652174,39,22,GAAGTTTTGATACAGTTGTT,17,4905485
ygfS_ygfT_predicted,0.34782608695652173,29,22,CGCCCGTTATGATTTCGCCA,7,4910528
ygfS_ygfT_predicted,3.391304347826087,99,22,CGACGCCGACCGGGGGCGAG,77,4913519
ygfS_ygfT_predicted,0.8260869565217391,40,22,CCAATTGAGCGTATGCCCGT,18,4924323
ygfS_ygfT_predicted,1.2608695652173914,50,22,CACTGTAACACTGTGCCGGA,28,4929780
ygfS_ygfT_predicted,1.4782608695652173,55,22,CAAAACCGACCTGGCGACGG,33,4917809
ygfS_ygfT_predicted,0.8260869565217391,40,22,ATCGGGTCATCACGCGCGGA,18,4918087
ygfS_ygfT_predicted,0.08695652173913043,23,22,AGGGTCACAGCTGCTTGAGT,1,4902013
ygfS_ygfT_predicted,1.1304347826086956,47,22,AGGCGTGACGTCACCTGCTT,25,4915679
ygfS_ygfT_predicted,1.2173913043478262,49,22,AGGAAGGTAAGGCACCGCAA,27,4908150
ygfS_ygfT_predicted,1.391304347826087,53,22,ACTCATGTGGCGACATTTAA,31,4906716
ygfS_ygfT_predicted,0.2608695652173913,27,22,AACCTGGCAGCCTACCTTTT,5,4928548
ygfS_ygfT_predicted,0.5454545454545454,32,21,TTTTTTCTTAGCGGTGACTA,11,4902493
ygfS_ygfT_predicted,0.7272727272727273,36,21,TTTCTGAACGACTAAGATGT,15,4912692
ygfS_ygfT_predicted,1.8181818181818181,60,21,GTGCGGATGCGGGGTCTCAC,39,4915078
ygfS_ygfT_predicted,1.7272727272727273,58,21,GGCTAGGATGAAGAGTACGA,37,4923112
ygfS_ygfT_predicted,0.09090909090909091,22,21,GGCGGCTTGGATTTGAACTT,1,4924095
ygfS_ygfT_predicted,0.22727272727272727,25,21,GCGGGCCAGCAATACAATTG,4,4902027
ygfS_ygfT_predicted,0.3181818181818182,27,21,GATTGGCGGATACAACGTAA,6,4911660
ygfS_ygfT_predicted,2.3636363636363638,72,21,GATTACTGCGGATCTGAGCT,51,4920983
ygfS_ygfT_predicted,1.7727272727272727,59,21,GATGAATCTACCGCTTTCCT,38,4905755
ygfS_ygfT_predicted,0.2727272727272727,26,21,GAGCGCACGAGTTTGTAAAG,5,4918392
ygfS_ygfT_predicted,0.2727272727272727,26,21,CGGTTCGGATACGCGCCCGG,5,4911070
ygfS_ygfT_predicted,0.6818181818181818,35,21,CCTAGGCCACCACCATTCAG,14,4906022
ygfS_ygfT_predicted,1.2272727272727273,47,21,CAGCATACGTTGATATGAAT,26,4905860
ygfS_ygfT_predicted,1.1363636363636365,45,21,AGATCGGTAAGCGTGCACCT,24,4909012
ygfS_ygfT_predicted,0.6666666666666666,33,20,TTCAATGACCGTCAATAGAA,13,4924809
ygfS_ygfT_predicted,0.38095238095238093,27,20,TTAACAAGCATGCCTAACCC,7,4908741
ygfS_ygfT_predicted,0.5714285714285714,31,20,TGTGGTTTTATGTAGTACAC,11,4909363
ygfS_ygfT_predicted,0.42857142857142855,28,20,TGCAAAAACGTTGGAGACTC,8,4921331
ygfS_ygfT_predicted,0.47619047619047616,29,20,TAGCAGGACTATTGCCACTG,9,4922003
ygfS_ygfT_predicted,0.09523809523809523,21,20,GTTCTAGCGTATTCCAGGCT,1,4928749
ygfS_ygfT_predicted,1.0952380952380953,42,20,GTTAGAAGCGGATTAGCCTC,22,4921237
ygfS_ygfT_predicted,0.5238095238095238,30,20,GTGTGCTAAATCCCGTTCAC,10,4929429
ygfS_ygfT_predicted,2.5714285714285716,73,20,GTCGATTGCGACCGACGTAA,53,4901744
ygfS_ygfT_predicted,1.1428571428571428,43,20,GTAAAGTGGCGCTTCCATTT,23,4912496
ygfS_ygfT_predicted,0.6190476190476191,32,20,GGCCTCCTTCATGTGTTCAA,12,4900223
ygfS_ygfT_predicted,0.9047619047619048,38,20,GGATCTGCCTTTTACTACAG,18,4931107
ygfS_ygfT_predicted,1.5238095238095237,51,20,GCTCGGGCGGCTAAAAGTAT,31,4922555
ygfS_ygfT_predicted,1.1428571428571428,43,20,GCATAAGCTTTCTGGTACCA,23,4916547
ygfS_ygfT_predicted,0.8095238095238095,36,20,GAACGTAGAGGTATCCAGGT,16,4906711
ygfS_ygfT_predicted,1.0476190476190477,41,20,GAAACGTAAACTTCCTAGAC,21,4912942
ygfS_ygfT_predicted,0.23809523809523808,24,20,CTTCACGCATCTGAATTAGT,4,4913687
ygfS_ygfT_predicted,1.8571428571428572,58,20,CTGGTAAGTAATGAAGCTAC,38,4924590
ygfS_ygfT_predicted,1.1428571428571428,43,20,CGGATGATAGCAGCCGAATA,23,4906131
ygfS_ygfT_predicted,1.7142857142857142,55,20,CGGATCCGCAGATTCAATAA,35,4901944
ygfS_ygfT_predicted,0.09523809523809523,21,20,CGCTCCTAGGTAAACGACTG,1,4906495
ygfS_ygfT_predicted,0.7619047619047619,35,20,CCAAGAGGCAGGGGCCATGT,15,4899791
ygfS_ygfT_predicted,0.5238095238095238,30,20,ATCAAAAATGAACTGGAGGT,10,4903992
ygfS_ygfT_predicted,0.6666666666666666,33,20,ATACGGAGAGCTCCGTGCGA,13,4926077
ygfS_ygfT_predicted,0.8571428571428571,37,20,ACCCGCGGCGGTTGGCCCTG,17,4901811
ygfS_ygfT_predicted,0.1,20,19,TTTTGAGATCTTGCGGGACA,1,4922581
ygfS_ygfT_predicted,0.65,31,19,TTGCCGCAGCTGTATATCCA,12,4901012
ygfS_ygfT_predicted,1.05,39,19,TTCGTACCACTTGAACCGTC,20,4930173
ygfS_ygfT_predicted,1.3,44,19,TGTATATCGACTATCGAGCG,25,4926207
ygfS_ygfT_predicted,0.8,34,19,TGAACGCTCCGGATTGTGAG,15,4913949
ygfS_ygfT_predicted,0.55,29,19,TCGGAGTACCGGCACCTTAA,10,4925722
ygfS_ygfT_predicted,1.4,46,19,TATGGGAGTAATTTAGGAGA,27,4911050
ygfS_ygfT_predicted,1.7,52,19,TACCCCTATACATGCACATT,33,4929806
ygfS_ygfT_predicted,0.5,28,19,TAATTTGGCGCGCGTCCCGG,9,4913046
ygfS_ygfT_predicted,0.75,33,19,GTGGAGCCCTCCTCTCGTGA,14,4900574
ygfS_ygfT_predicted,0.3,24,19,GTGCAGAGCAATGCGCACAT,5,4908705
ygfS_ygfT_predicted,1.5,48,19,GTCCATAAAGTGCGTGGGGG,29,4919225
ygfS_ygfT_predicted,0.3,24,19,GGTTGAGGGAACCGTCGTGG,5,4915968
ygfS_ygfT_predicted,1.8,54,19,GGCTCAGGCAACGCTCGAAG,35,4920885
ygfS_ygfT_predicted,0.7,32,19,GCGAATGCAAGCGTAACTGA,13,4928327
ygfS_ygfT_predicted,0.7,32,19,GCATAGTTTTCCGTCCGGAT,13,4907116
ygfS_ygfT_predicted,0.95,37,19,CTTTCTCATAGCATCCACTT,18,4903660
ygfS_ygfT_predicted,0.85,35,19,CTTCCCTTGAATTACGACCA,16,4930623
ygfS_ygfT_predicted,1.35,45,19,CTGGAGCACTTACGGGTGAA,26,4905435
ygfS_ygfT_predicted,1.2,42,19,CTCGTCTTTACGCCCCTACG,23,4905360
ygfS_ygfT_predicted,0.95,37,19,CGTGGAGCGGCTCGCCAAAT,18,4909725
ygfS_ygfT_predicted,0.75,33,19,CCCGAGCCGCTCACGGACGA,14,4922251
ygfS_ygfT_predicted,1.45,47,19,CCATTGAAGGACCACGTTGG,28,4907050
ygfS_ygfT_predicted,1.55,49,19,CCATCCAGCTTGACTATCCT,30,4921554
ygfS_ygfT_predicted,1.75,53,19,CACTATTTCATGCGACGGCA,34,4916036
ygfS_ygfT_predicted,1.35,45,19,CACCTGGCAACGAACGGTCT,26,4928163
ygfS_ygfT_predicted,0.55,29,19,ATCAGTGTTATAGCCACTGG,10,4901848
ygfS_ygfT_predicted,1.15,41,19,AGTCTTTTTCACAAAGCAAT,22,4901074
ygfS_ygfT_predicted,1.05,39,19,AGGGACATTTCATCCAGCAG,20,4926936
ygfS_ygfT_predicted,1.1,40,19,AGACCGTAGACCATGTACAC,21,4901912
ygfS_ygfT_predicted,1.8,54,19,ACTTAAATGCGTCAGCCGCT,35,4904629
ygfS_ygfT_predicted,0.55,29,19,ACGTACAAAACTCTCGATAT,10,4929810
ygfS_ygfT_predicted,0.5,28,19,ACCCGTGGAACACCTGTAGT,9,4914129
ygfS_ygfT_predicted,1.05,39,19,AAGAACGTCTCGGCAGCGCT,20,4905805
ygfS_ygfT_predicted,1.0,38,19,AACCACCCGCGAGCCAAAAG,19,4929205
ygfS_ygfT_predicted,0.3157894736842105,23,18,TTGTAAAAGTTGAACACTGT,5,4904935
ygfS_ygfT_predicted,0.15789473684210525,20,18,TTCTTGTGGGTCTTCGCTGC,2,4905975
ygfS_ygfT_predicted,1.0526315789473684,37,18,TGTAAGGGTATACGACGTAT,19,4905219
ygfS_ygfT_predicted,0.8947368421052632,34,18,TGATTTGCAAAACTTAAACA,16,4906713
ygfS_ygfT_predicted,0.7368421052631579,31,18,TGACTCGGCGAGCTCGCAGG,13,4900364
ygfS_ygfT_predicted,0.7894736842105263,32,18,TCGGGTGACTGTACTGCAAA,14,4909165
ygfS_ygfT_predicted,1.8421052631578947,52,18,TCACGCCATAGGTCAGCCAT,34,4920702
ygfS_ygfT_predicted,1.3157894736842106,42,18,TATGTACCATAGCGGCGGTA,24,4902204
ygfS_ygfT_predicted,0.5789473684210527,28,18,TACGGCTAGTGACTGTGTAG,10,4909257
ygfS_ygfT_predicted,0.10526315789473684,19,18,TACCCTTATATTTCCGCTAT,1,4923253
ygfS_ygfT_predicted,1.894736842105263,53,18,TACATCCAAGGAAAGCGAGA,35,4900501
ygfS_ygfT_predicted,1.736842105263158,50,18,GTGGTCTCTTTGGCTTTCAC,32,4922579
ygfS_ygfT_predicted,0.15789473684210525,20,18,GTGGCTGACTGTGAGGCGCT,2,4909578
ygfS_ygfT_predicted,0.7368421052631579,31,18,GATCGTGCAGGATGCCCGAG,13,4910924
ygfS_ygfT_predicted,0.42105263157894735,25,18,CGTCCGTTTTACCTGGCGCG,7,4921946
ygfS_ygfT_predicted,1.2105263157894737,40,18,CGGAACGGTTCGATGGTATG,22,4901938
ygfS_ygfT_predicted,0.5263157894736842,27,18,CGCTCGGGGCTTTTATTACA,9,4904503
ygfS_ygfT_predicted,1.4210526315789473,44,18,CGACCATAAACTGGAATCGT,26,4915448
ygfS_ygfT_predicted,1.368421052631579,43,18,CCTACTCGGTAAAACCAGAA,25,4905825
ygfS_ygfT_predicted,0.3157894736842105,23,18,CCGACGCGACCACGGGATCT,5,4901485
ygfS_ygfT_predicted,0.3684210526315789,24,18,CCACAAGGTAGGTGTGCCTA,6,4908688
ygfS_ygfT_predicted,1.105263157894737,38,18,CAGGGCTATAATAGCGGTGT,20,4927491
ygfS_ygfT_predicted,0.21052631578947367,21,18,CAGCGTAATCATGTTTGCGT,3,4899731
ygfS_ygfT_predicted,0.7368421052631579,31,18,CACTCGCGGTATGGTAGAGT,13,4902832
ygfS_ygfT_predicted,2.0526315789473686,56,18,AGGGAAAGAGCGTTCGGGCT,38,4911740
ygfS_ygfT_predicted,0.8421052631578947,33,18,ACTTCATCGCCTACGGTGCG,15,4930341
ygfS_ygfT_predicted,0.9473684210526315,35,18,ACGGCCTATAGGGACTACTT,17,4902290
ygfS_ygfT_predicted,1.9473684210526316,54,18,ACCGCATGAACAGCGCGTTT,36,4921111
ygfS_ygfT_predicted,1.8421052631578947,52,18,AACACAGGAGTGGACCCCGC,34,4922684
ygfS_ygfT_predicted,0.1111111111111111,18,17,TTCTTGACTCGTCACTCGGC,1,4926788
ygfS_ygfT_predicted,1.0,34,17,TTCGGTTATAACTAGATCGA,17,4909808
ygfS_ygfT_predicted,1.4444444444444444,42,17,TGGTATCGGCACGCTGAAAA,25,4904937
ygfS_ygfT_predicted,0.8333333333333334,31,17,TGGCAAGTTACCACCTACGT,14,4899942
ygfS_ygfT_predicted,0.5,25,17,TGCCGCTTCGACGTCGTATT,8,4913957
ygfS_ygfT_predicted,1.2222222222222223,38,17,TGAAGGTGGCCGGCAGGTTA,21,4912796
ygfS_ygfT_predicted,0.1111111111111111,18,17,TCTGATTTGGGGGAATTGTC,1,4910236
ygfS_ygfT_predicted,0.3888888888888889,23,17,TCTCAAGCAGTAACCTGGAC,6,4916435
ygfS_ygfT_predicted,1.2222222222222223,38,17,TCGTTGCACACGCCCACTAC,21,4920224
ygfS_ygfT_predicted,1.4444444444444444,42,17,TCGAGCTCAAATGGCTTTAA,25,4904484
ygfS_ygfT_predicted,1.0555555555555556,35,17,TATTGATGCATTACACCTTA,18,4902810
ygfS_ygfT_predicted,1.0555555555555556,35,17,TATAGTGCGGAAGGCCTATC,18,4925481
ygfS_ygfT_predicted,1.0555555555555556,35,17,TACGGTGGCACGACCCCCAG,18,4911418
ygfS_ygfT_predicted,0.9444444444444444,33,17,GGTCTAGGTCTGCGCAGACT,16,4901144
ygfS_ygfT_predicted,1.7777777777777777,48,17,GGCCTAGTATGCACGCACCC,31,4923048
ygfS_ygfT_predicted,0.5,25,17,GGCACGAATCTGATCATGGA,8,4908880
ygfS_ygfT_predicted,0.1111111111111111,18,17,GGAGATAGACCCCTATAGAT,1,4901679
ygfS_ygfT_predicted,1.1111111111111112,36,17,GCGTGAGCTGAGTTTTGGGT,19,4918132
ygfS_ygfT_predicted,0.6666666666666666,28,17,GCGATCCTCGACCACATAAA,11,4920605
ygfS_ygfT_predicted,0.5,25,17,GCACTCTATGTGCCAGCTCT,8,4907787
ygfS_ygfT_predicted,0.7777777777777778,30,17,GCAATCTTAATCGAGAGATT,13,4908930
ygfS_ygfT_predicted,1.3333333333333333,40,17,CTATAGTATGAGCTAAAGGT,23,4923194
ygfS_ygfT_predicted,2.9444444444444446,69,17,CTAAGGCTCATGAAACTGTT,52,4923818
ygfS_ygfT_predicted,0.2222222222222222,20,17,CGAATGAGGTATAACACCGA,3,4922084
ygfS_ygfT_predicted,0.6111111111111112,27,17,CCTTATAAATTTTGGGTAGT,10,4910398
ygfS_ygfT_predicted,0.8333333333333334,31,17,CCTGTTAAACTCCTTAGTCC,14,4913901
ygfS_ygfT_predicted,0.1111111111111111,18,17,CCGTCTTGTTTGTGGCACCT,1,4926859
ygfS_ygfT_predicted,0.3333333333333333,22,17,CCGGATCGGTTGTCAACACT,5,4903929
ygfS_ygfT_predicted,0.7222222222222222,29,17,CCGCGGGTATCTTTCAAATG,12,4911931
ygfS_ygfT_predicted,0.9444444444444444,33,17,CCCCTGGCTGCCAGTATAAA,16,4907040
ygfS_ygfT_predicted,0.3333333333333333,22,17,CATGTACAGGAAGCACCTCT,5,4915007
ygfS_ygfT_predicted,1.0555555555555556,35,17,ATACATGCGCCTCACGGGGA,18,4912905
ygfS_ygfT_predicted,0.9444444444444444,33,17,AGCAATTATCATTAATAGGA,16,4928587
ygfS_ygfT_predicted,0.8888888888888888,32,17,ACTGCCTACCGGAAGGATTT,15,4905089
ygfS_ygfT_predicted,0.6666666666666666,28,17,ACTCTGCGTGTGACCGGCGT,11,4905279
ygfS_ygfT_predicted,0.5555555555555556,26,17,ACGGACCCATCTCCTGGTCT,9,4901463
ygfS_ygfT_predicted,0.8333333333333334,31,17,ACAGAAAGCGATCATAGGGC,14,4901080
ygfS_ygfT_predicted,0.7222222222222222,29,17,AACCATCTTCTCATACTTAA,12,4912769
ygfS_ygfT_predicted,0.11764705882352941,17,16,TTCTCGTGTTGAAAAGCACT,1,4902196
ygfS_ygfT_predicted,0.6470588235294118,26,16,TGTGGTCGCGTCGTGCCGTT,10,4901401
ygfS_ygfT_predicted,0.17647058823529413,18,16,TGTCTTTCAATACCGGTGCT,2,4903067
ygfS_ygfT_predicted,0.23529411764705882,19,16,TGTCAATTGGCCGACAGATG,3,4927870
ygfS_ygfT_predicted,2.1176470588235294,51,16,TGGTGCGTCCTTCGACTGCT,35,4900524
ygfS_ygfT_predicted,0.17647058823529413,18,16,TCTTTGTTGCCGCCTCCATA,2,4901609
ygfS_ygfT_predicted,1.0,32,16,TCACGCCAGTTACGTAAGTG,16,4905824
ygfS_ygfT_predicted,0.7647058823529411,28,16,TACTTGATTTCGAGATAAGA,12,4916512
ygfS_ygfT_predicted,0.7647058823529411,28,16,TAACTCAACCTCACTGAGTT,12,4925816
ygfS_ygfT_predicted,1.1764705882352942,35,16,TAAAAACTAGAGTGGAGTGA,19,4900898
ygfS_ygfT_predicted,0.11764705882352941,17,16,GTATGTTATATCCACAACAT,1,4921389
ygfS_ygfT_predicted,1.0588235294117647,33,16,GTATCGCGGAAATGGAAGGA,17,4924567
ygfS_ygfT_predicted,0.7058823529411765,27,16,GTATAAACTGTGCCTGGCTT,11,4917712
ygfS_ygfT_predicted,1.4705882352941178,40,16,GTACGTGGGAGATTTTTACT,24,4924807
ygfS_ygfT_predicted,0.8823529411764706,30,16,GGTAGCCTTCAGATGGCAGA,14,4901230
ygfS_ygfT_predicted,1.588235294117647,42,16,GGTACGTCGATCACTGGCCT,26,4904190
ygfS_ygfT_predicted,1.2941176470588236,37,16,GGGTCGCTTCGCCTATGGGG,21,4909780
ygfS_ygfT_predicted,1.411764705882353,39,16,GGGAGTTGAGCTTTGTCGGT,23,4928744
ygfS_ygfT_predicted,0.7647058823529411,28,16,GGAATTAGCCCGGCGGCCGT,12,4921748
ygfS_ygfT_predicted,1.5294117647058822,41,16,GCTCTGGTTATCAACTTGAA,25,4902158
ygfS_ygfT_predicted,2.0588235294117645,50,16,GCGACCCTATCCCTTTGCAG,34,4928385
ygfS_ygfT_predicted,0.5294117647058824,24,16,GACTGACCCCTGGGATTCGA,8,4904219
ygfS_ygfT_predicted,2.4705882352941178,57,16,GACGCGAAAGAACTCGAAAT,41,4927486
ygfS_ygfT_predicted,0.9411764705882353,31,16,GACCACTGGCGAGTCACGAG,15,4915447
ygfS_ygfT_predicted,1.1176470588235294,34,16,CTTTTGGGCCAACGGGCTTC,18,4923578
ygfS_ygfT_predicted,0.9411764705882353,31,16,CTGCGGAGTTGCAAAGATCA,15,4923503
ygfS_ygfT_predicted,0.9411764705882353,31,16,CTGAATGCGTCGCCAGTGGT,15,4905544
ygfS_ygfT_predicted,0.5294117647058824,24,16,CTACAGGACCCACTGTACAT,8,4902585
ygfS_ygfT_predicted,0.7647058823529411,28,16,CGTGTAGCAATTTAATGCTC,12,4903441
ygfS_ygfT_predicted,0.7058823529411765,27,16,CGTATGGAACCTCGAAATGA,11,4924962
ygfS_ygfT_predicted,1.0588235294117647,33,16,CCTGGGAATTTATATGAATA,17,4908433
ygfS_ygfT_predicted,1.4705882352941178,40,16,CAGATCGCAAGTACTTTTGC,24,4919483
ygfS_ygfT_predicted,1.2941176470588236,37,16,ATCATAGGTCACTCGCAGTG,21,4923598
ygfS_ygfT_predicted,1.0588235294117647,33,16,ATAGCTGACACGGAGAGGCC,17,4901886
ygfS_ygfT_predicted,1.2941176470588236,37,16,ATAGATTTGAGCTGTAGCCA,21,4907885
ygfS_ygfT_predicted,1.1764705882352942,35,16,AGTAGAGATAGTTCGGGGAA,19,4928340
ygfS_ygfT_predicted,0.4117647058823529,22,16,AGAACGCCGGCCGTTCCCGT,6,4922435
ygfS_ygfT_predicted,0.6470588235294118,26,16,ACTGGGCTTATGGGTTACGC,10,4905808
ygfS_ygfT_predicted,0.9411764705882353,31,16,ACCTGGCGGCCGCAGGCGCG,15,4904512
ygfS_ygfT_predicted,2.4705882352941178,57,16,ACCAGTTACCGATCGAGCTT,41,4930485
ygfS_ygfT_predicted,1.2941176470588236,37,16,ACACTGCTGGGATACTAACT,21,4922527
ygfS_ygfT_predicted,1.4705882352941178,40,16,AAGCCTTATCCGCCGCCGCA,24,4913819
ygfS_ygfT_predicted,0.5625,23,15,TTCCCTCTGTTTCATGACCA,8,4911362
ygfS_ygfT_predicted,0.375,20,15,TTCCATGGCCAGCCAGACGG,5,4915263
ygfS_ygfT_predicted,2.3125,51,15,TTCAGGGGTAACTGTGCGTA,36,4916127
ygfS_ygfT_predicted,0.125,16,15,TTAGGGGTCCGGGTGATAGA,1,4904983
ygfS_ygfT_predicted,3.3125,67,15,TGTGGCGGGTCTCCGGTAAG,52,4902162
ygfS_ygfT_predicted,5.125,96,15,TGTGGCGATTCACAGATTGT,81,4916272
ygfS_ygfT_predicted,1.3125,35,15,TGACGGTGAGAGCCCACCTA,20,4930356
ygfS_ygfT_predicted,1.25,34,15,TGACAGTATGCGTCAACCAA,19,4905252
ygfS_ygfT_predicted,1.1875,33,15,TGAATCAACAACGTCACTCT,18,4903943
ygfS_ygfT_predicted,1.3125,35,15,TCTGGCGCACACTTTCAACT,20,4914388
ygfS_ygfT_predicted,0.75,26,15,TCTGCTGCTACTATTTCGCT,11,4908992
ygfS_ygfT_predicted,1.5,38,15,TCTCAGTCGTGATCGTTAAT,23,4926629
ygfS_ygfT_predicted,1.1875,33,15,TCGGCCCATACCCCGGTTGA,18,4910487
ygfS_ygfT_predicted,1.8125,43,15,TCCGCAGCTGGCGTAGAACG,28,4901750
ygfS_ygfT_predicted,1.0,30,15,TCAGTTTTCAGTTGGAACAT,15,4920209
ygfS_ygfT_predicted,1.0625,31,15,TCAGTAGCTTACTGCATCAC,16,4901302
ygfS_ygfT_predicted,0.6875,25,15,TATGAACGCTTACCCGCCAG,10,4927755
ygfS_ygfT_predicted,0.125,16,15,TAGCGGTGATCGATTTGTCA,1,4903037
ygfS_ygfT_predicted,0.875,28,15,GTTCCGCCGGATGTCTACAA,13,4905584
ygfS_ygfT_predicted,0.625,24,15,GTGGCTACATCGATGTGCGT,9,4905676
ygfS_ygfT_predicted,4.0,78,15,GTCGTGCGCTCCATTAAAGA,63,4920277
ygfS_ygfT_predicted,0.75,26,15,GGTGCCCCACCCTGTACATA,11,4903263
ygfS_ygfT_predicted,0.9375,29,15,GGCGGATCCGTCTATACATA,14,4901478
ygfS_ygfT_predicted,0.375,20,15,GGCATGTCAACGCACTGCAT,5,4901226
ygfS_ygfT_predicted,1.625,40,15,GCGCCTTACCGAGATACCAT,25,4912735
ygfS_ygfT_predicted,1.625,40,15,GCGCACAGATAAGAACATCC,25,4905323
ygfS_ygfT_predicted,0.8125,27,15,GCGCAACCTGTTGAAGTTGA,12,4912298
ygfS_ygfT_predicted,0.25,18,15,GCAGTCGCATGGGGCTATGT,3,4929038
ygfS_ygfT_predicted,1.5,38,15,GCAGCTTTCACCAAGGTGGT,23,4906734
ygfS_ygfT_predicted,1.25,34,15,GATCCATATTATACACGTCT,19,4909241
ygfS_ygfT_predicted,0.75,26,15,GAGTGTTACTTTGAAACACT,11,4912292
ygfS_ygfT_predicted,0.5,22,15,GACGCCTTCTTAGTTCGTAG,7,4921742
ygfS_ygfT_predicted,2.375,52,15,CTTCTTCGCTCTGACAACGT,37,4903021
ygfS_ygfT_predicted,1.5625,39,15,CTATCCAGGGGGTCCTTGAA,24,4922296
ygfS_ygfT_predicted,1.3125,35,15,CTAGGCAGCCTAGCTTTGCG,20,4914387
ygfS_ygfT_predicted,1.25,34,15,CGTGAGGGCTCCAAAGTCTG,19,4904884
ygfS_ygfT_predicted,1.875,44,15,CGGGTTGTAGAATCTAAGTT,29,4924722
ygfS_ygfT_predicted,0.125,16,15,CGGCAACGTGTAGTTGGGGT,1,4911020
ygfS_ygfT_predicted,0.9375,29,15,CGCCTAAAGTCGGGCCTAAT,14,4909821
ygfS_ygfT_predicted,0.875,28,15,CGAAACTGGCCCAAGCACTC,13,4910770
ygfS_ygfT_predicted,0.5,22,15,CCCTCTCCATGAGGCCTGGA,7,4915023
ygfS_ygfT_predicted,0.75,26,15,CCCGCCCGCACCGTCAAACA,11,4904186
ygfS_ygfT_predicted,2.9375,61,15,CCCCTACCTGCGGATTGCGT,46,4914318
ygfS_ygfT_predicted,2.375,52,15,CAGATTACGGCATCCTCGCG,37,4913577
ygfS_ygfT_predicted,0.75,26,15,CAGAAGCCTGTGCCGATCTA,11,4901712
ygfS_ygfT_predicted,1.9375,45,15,CAAGAGCATCTTCTGTCCTA,30,4901844
ygfS_ygfT_predicted,0.125,16,15,CAAATCGAAGGGAATCATGT,1,4909971
ygfS_ygfT_predicted,1.25,34,15,ATTATCGCCAACCTGTGTCA,19,4909721
ygfS_ygfT_predicted,1.1875,33,15,ATGGGTTGTGTGTGTGCGAG,18,4901389
ygfS_ygfT_predicted,1.3125,35,15,ATAGCTACTCGCCGGCTCTA,20,4916963
ygfS_ygfT_predicted,0.9375,29,15,AGTGCAGCAAGCGGCGTCAT,14,4900027
ygfS_ygfT_predicted,4.375,84,15,AGGATAGACCGGGCGGCATG,69,4927986
ygfS_ygfT_predicted,0.4375,21,15,ACTAGCGTGTTTAGCCTCTT,6,4919110
ygfS_ygfT_predicted,2.3125,51,15,ACGGCGGATCCGCAATCCGG,36,4906800
ygfS_ygfT_predicted,1.0625,31,15,ACATGAGTCAATCAAGAGTT,16,4928319
ygfS_ygfT_predicted,1.8125,43,15,AATAGTTTCCGAAGTTTCGG,28,4914735
ygfS_ygfT_predicted,1.4375,37,15,AAGGGCATGGCCAGTCGTTC,22,4904114
ygfS_ygfT_predicted,1.0,30,15,AAGGATGACGCCACACCTCC,15,4913947
ygfS_ygfT_predicted,0.75,26,15,AAGCGACTCGGAAGCGCAGA,11,4917023
ygfS_ygfT_predicted,0.9375,29,15,AACATCGGGTAGTCCTTATC,14,4920124
ygfS_ygfT_predicted,0.75,26,15,AAATTCCGAAAGTGTATCAA,11,4915317
ygfS_ygfT_predicted,2.2666666666666666,47,14,TTTTGACCGAGCCACAGGAC,33,4901039
ygfS_ygfT_predicted,2.2,46,14,TTTGTGGAGCCGTGACGGTG,32,4901838
ygfS_ygfT_predicted,1.2666666666666666,32,14,TTCGCCTTTGCCGGGTGAGC,18,4902405
ygfS_ygfT_predicted,0.6,22,14,TGATATGATCCGGGCCACAA,8,4913375
ygfS_ygfT_predicted,0.6,22,14,TGAATCCTGCAAAGATCAAT,8,4925566
ygfS_ygfT_predicted,0.8,25,14,TCTATAGCCACGCTTCCGTG,11,4901771
ygfS_ygfT_predicted,1.0,28,14,TCCGGCAATCTTGAGGACTA,14,4901045
ygfS_ygfT_predicted,0.6666666666666666,23,14,TCCCTTATCAGGGTACAGGC,9,4926542
ygfS_ygfT_predicted,0.8,25,14,TCCCATTGTGAACCGGGCGG,11,4912475
ygfS_ygfT_predicted,1.6666666666666667,38,14,TATGATAGACGGACAGGCCT,24,4901486
ygfS_ygfT_predicted,0.4,19,14,TACGATTGGTCTCCCTGGCA,5,4905109
ygfS_ygfT_predicted,0.9333333333333333,27,14,GTACGAGTCTTAAGACCAAA,13,4916998
ygfS_ygfT_predicted,1.0666666666666667,29,14,GGTAAACAAGTGTCTTAGAG,15,4928503
ygfS_ygfT_predicted,2.2,46,14,GGGAAAAGGAAGGCGCGTAG,32,4900701
ygfS_ygfT_predicted,1.4666666666666666,35,14,GCTGCAAATCCTTGTCCGGC,21,4907121
ygfS_ygfT_predicted,1.8666666666666667,41,14,GCTCCTAGGTAGCGTCAAGT,27,4911125
ygfS_ygfT_predicted,1.2666666666666666,32,14,GCCTCTGCGCCGTGCGCTGC,18,4923764
ygfS_ygfT_predicted,0.13333333333333333,15,14,GCCAAAAAGATTGGATTACG,1,4901822
ygfS_ygfT_predicted,0.4666666666666667,20,14,GCAACCCCGCGGGTAGAACA,6,4917056
ygfS_ygfT_predicted,0.7333333333333333,24,14,GATTACTGGCAACGGGGGTG,10,4915973
ygfS_ygfT_predicted,0.8,25,14,GATGTATAATTCCACGCGTA,11,4928690
ygfS_ygfT_predicted,1.5333333333333334,36,14,GAGTAGAGAGGCGGGGTAAG,22,4918946
ygfS_ygfT_predicted,1.5333333333333334,36,14,GACCGCGCACAGCCTAGACT,22,4905545
ygfS_ygfT_predicted,1.9333333333333333,42,14,GAACTGGGCGCTGCTAATTA,28,4907893
ygfS_ygfT_predicted,1.0666666666666667,29,14,CGTCTACCACACAAGGCGCA,15,4913175
ygfS_ygfT_predicted,1.3333333333333333,33,14,CGTCGGAGCGCGAGCATTTT,19,4904856
ygfS_ygfT_predicted,1.1333333333333333,30,14,CGGTTGGGTCCTCTCGGACC,16,4911762
ygfS_ygfT_predicted,0.8666666666666667,26,14,CGGTTCGCTAGAAGGATAGA,12,4902839
ygfS_ygfT_predicted,0.5333333333333333,21,14,CGCTCGTAATGGTCGGGCGA,7,4903095
ygfS_ygfT_predicted,1.1333333333333333,30,14,CGAGAGTGGTTCGAACAAAA,16,4910506
ygfS_ygfT_predicted,0.5333333333333333,21,14,CGAAGTCTCGCAATAGCTCT,7,4900869
ygfS_ygfT_predicted,0.8666666666666667,26,14,CGAAGACCCGCCTGCGCGAA,12,4903108
ygfS_ygfT_predicted,1.0,28,14,CCTGCTCGCGCATGGGAAAG,14,4921861
ygfS_ygfT_predicted,0.2,16,14,CCGTGGGCATGAATATCAAA,2,4903107
ygfS_ygfT_predicted,1.4,34,14,CCCAGCCCTGGGCACCCAGT,20,4905116
ygfS_ygfT_predicted,1.5333333333333334,36,14,CATGGGTGCCCAGCATCAGG,22,4908962
ygfS_ygfT_predicted,1.4666666666666666,35,14,CATAAGATGGAGTTAAGGGT,21,4926399
ygfS_ygfT_predicted,1.9333333333333333,42,14,CAAAGTCCGGCAAGCGAGGG,28,4930453
ygfS_ygfT_predicted,3.0,58,14,ATGTACGATTCATGAGAGCA,44,4913471
ygfS_ygfT_predicted,2.8,55,14,ATGGGGCAGTTTTTTATAGT,41,4899724
ygfS_ygfT_predicted,1.4666666666666666,35,14,AGATAGTAGAAGTGGTGACA,21,4917026
ygfS_ygfT_predicted,1.0,28,14,AGAACAGATCTCATGTGAGT,14,4906066
ygfS_ygfT_predicted,1.5333333333333334,36,14,ACTAGGGGATTAAGCTTATA,22,4916091
ygfS_ygfT_predicted,0.13333333333333333,15,14,ACGCAAGCCGCGGTGATCCG,1,4920854
ygfS_ygfT_predicted,4.4,79,14,ACACCTAGTTAACGATCAGT,65,4906249
ygfS_ygfT_predicted,1.2666666666666666,32,14,AACTGTGAGACCAAGTTATA,18,4905324
ygfS_ygfT_predicted,0.6,22,14,AACGAGCCCTTCGGAAATTT,8,4902108
ygfS_ygfT_predicted,0.5333333333333333,21,14,AACCCAAGACCCACTTTACC,7,4905124
ygfS_ygfT_predicted,1.2666666666666666,32,14,AAAGTGAGTCTTAAGCGTCT,18,4907763
ygfS_ygfT_predicted,0.14285714285714285,14,13,TTTGTGATGGCCGACAACGT,1,4909075
ygfS_ygfT_predicted,1.5714285714285714,34,13,TTCTGGTGGGGAACTAAGCA,21,4919237
ygfS_ygfT_predicted,1.5,33,13,TTCGGCCAGCTTGTGCACCA,20,4912891
ygfS_ygfT_predicted,1.3571428571428572,31,13,TTCAGAACTTCGCAAAAGAC,18,4917154
ygfS_ygfT_predicted,1.4285714285714286,32,13,TGGTGTGATTTGTGATCATA,19,4924787
ygfS_ygfT_predicted,2.0714285714285716,41,13,TGGATTTCGCCTTATATAGT,28,4901431
ygfS_ygfT_predicted,1.0714285714285714,27,13,TGCTCCCGGCTATGGGCTTA,14,4922248
ygfS_ygfT_predicted,1.2142857142857142,29,13,TGCGAACTTAGGACAGACCG,16,4903803
ygfS_ygfT_predicted,1.9285714285714286,39,13,TCTGCTTCTCACAAGACCCT,26,4924412
ygfS_ygfT_predicted,1.0714285714285714,27,13,TCTACATATCTGTTGAGAAA,14,4919175
ygfS_ygfT_predicted,2.0,40,13,TCGTGCGAGCCCCAACTTCA,27,4908057
ygfS_ygfT_predicted,1.0714285714285714,27,13,TCGGAAGAGGCGAGCTACAT,14,4930643
ygfS_ygfT_predicted,0.7142857142857143,22,13,TCCAATCAATCTACCTGCGT,9,4914632
ygfS_ygfT_predicted,1.1428571428571428,28,13,TATTCGGTGCTGCGCTATGT,15,4919278
ygfS_ygfT_predicted,3.142857142857143,56,13,TATGCTCAGGTTTCGCTGAG,43,4913908
ygfS_ygfT_predicted,0.8571428571428571,24,13,TAAACGAGCAGGGCGTTTAC,11,4920988
ygfS_ygfT_predicted,2.2857142857142856,44,13,GTTATGTCAGGGTTGTTTTT,31,4908960
ygfS_ygfT_predicted,0.21428571428571427,15,13,GTTATCCTTTCCTATGTATG,2,4926649
ygfS_ygfT_predicted,0.6428571428571429,21,13,GTGCGACCAGCACGCTTAGT,8,4921593
ygfS_ygfT_predicted,0.9285714285714286,25,13,GTAGAGCCTGAACAGGGTTT,12,4930708
ygfS_ygfT_predicted,0.14285714285714285,14,13,GGTACGTAGCGAGGGTCCGC,1,4900676
ygfS_ygfT_predicted,0.5,19,13,GGTAAATACAAGCAGTACGT,6,4912321
ygfS_ygfT_predicted,0.42857142857142855,18,13,GGGGAACAGCTGAAGCAAAA,5,4903933
ygfS_ygfT_predicted,1.5,33,13,GGAAGCCTAACCATTTATCA,20,4903707
ygfS_ygfT_predicted,1.4285714285714286,32,13,GCTACGAGGGCTCGAGCGCA,19,4921914
ygfS_ygfT_predicted,0.7142857142857143,22,13,GCGTACCCTGTTTCCGCGCC,9,4916378
ygfS_ygfT_predicted,1.4285714285714286,32,13,GCATCACTACGTGGCTCATA,19,4918803
ygfS_ygfT_predicted,3.2857142857142856,58,13,GCAGGATTAGTATCGCCTTG,45,4910288
ygfS_ygfT_predicted,1.0,26,13,GATGACCAAAGGCGCGGGGA,13,4924558
ygfS_ygfT_predicted,3.857142857142857,66,13,GATCTTCAATCGGCGAAATG,53,4921596
ygfS_ygfT_predicted,2.5714285714285716,48,13,GATCTGAGACGCTCGAAAAA,35,4910585
ygfS_ygfT_predicted,2.0,40,13,GATATGCGAACGCTGTTTCA,27,4905065
ygfS_ygfT_predicted,0.14285714285714285,14,13,GAGTTAAGTAACCTGCAATT,1,4905154
ygfS_ygfT_predicted,0.21428571428571427,15,13,GACAATGGGGTATGTATCTC,2,4928232
ygfS_ygfT_predicted,4.0,68,13,GACAACTTCGGCGGATCTAC,55,4902112
ygfS_ygfT_predicted,0.7142857142857143,22,13,GAATAAGAGTTAACCCGTAT,9,4906542
ygfS_ygfT_predicted,2.0,40,13,GAAGACGTAGACCACGTCTC,27,4903799
ygfS_ygfT_predicted,2.5,47,13,CTTGGCCAGTGATGACCCGG,34,4907122
ygfS_ygfT_predicted,1.4285714285714286,32,13,CTTCCGAAGTCGGGAGTAAT,19,4901256
ygfS_ygfT_predicted,1.2142857142857142,29,13,CTTCACATCGCCCAAGAGCT,16,4905379
ygfS_ygfT_predicted,1.3571428571428572,31,13,CTTAGACGCTTGATTAGTTT,18,4907184
ygfS_ygfT_predicted,0.9285714285714286,25,13,CTGTGGTCATTGTTAGTAAA,12,4917109
ygfS_ygfT_predicted,1.2142857142857142,29,13,CTGGTATTAACTAGGCTCAT,16,4910779
ygfS_ygfT_predicted,0.14285714285714285,14,13,CTCAGTTTCAGGTACGATTT,1,4915143
ygfS_ygfT_predicted,1.1428571428571428,28,13,CTATTATTGGCTACAGCGTA,15,4912342
ygfS_ygfT_predicted,3.5714285714285716,62,13,CGGCTTTGTGGACCCACGTT,49,4900505
ygfS_ygfT_predicted,0.8571428571428571,24,13,CGCAGTTCTATGGGCAGACT,11,4915763
ygfS_ygfT_predicted,2.2142857142857144,43,13,CCATCTCGGTACCAGCTGAC,30,4927183
ygfS_ygfT_predicted,0.14285714285714285,14,13,CCATAGAGTGTGAACAAGAC,1,4901487
ygfS_ygfT_predicted,3.2857142857142856,58,13,CCACAGTGACCTTCCCTGAA,45,4907416
ygfS_ygfT_predicted,0.9285714285714286,25,13,CCAATGTGCACCTCTTATTG,12,4918966
ygfS_ygfT_predicted,0.14285714285714285,14,13,CAGCAGGATCTCCACCTAAT,1,4903572
ygfS_ygfT_predicted,1.5,33,13,CACAGGCGCACACCTTACGT,20,4927160
ygfS_ygfT_predicted,1.5,33,13,CACACTGTTTAGTTCAGAGA,20,4911308
ygfS_ygfT_predicted,1.1428571428571428,28,13,ATTTCGGGTCAAAATGTCCA,15,4902370
ygfS_ygfT_predicted,0.14285714285714285,14,13,ATTGCCGACTACTCGTGTAG,1,4908684
ygfS_ygfT_predicted,1.1428571428571428,28,13,ATTGAGGGCCGACTGGGAAA,15,4909519
ygfS_ygfT_predicted,1.4285714285714286,32,13,ATGCTGGGGCTTGGGATGAG,19,4920784
ygfS_ygfT_predicted,0.7142857142857143,22,13,AGTTGTTTCGTGGGGTAAAT,9,4903791
ygfS_ygfT_predicted,1.5,33,13,AGTACCCACCACTTTCGAAT,20,4917255
ygfS_ygfT_predicted,2.642857142857143,49,13,AGGTCCCACCTTCGCGGATG,36,4924831
ygfS_ygfT_predicted,4.785714285714286,79,13,ACTTCTTGGTCCACGTTCCA,66,4910864
ygfS_ygfT_predicted,0.2857142857142857,16,13,ACTGAATTGAGATTCATTAC,3,4902130
ygfS_ygfT_predicted,2.142857142857143,42,13,ACGGCAGGTGAATCAATGAA,29,4926465
ygfS_ygfT_predicted,1.1428571428571428,28,13,ACGATCCCCCTAAATGGACA,15,4908289
ygfS_ygfT_predicted,0.35714285714285715,17,13,ACCAAATATGTCCTAATAGT,4,4903827
ygfS_ygfT_predicted,1.2857142857142858,30,13,AAGGGGCCTGATAGCGCGCT,17,4903109
ygfS_ygfT_predicted,1.3571428571428572,31,13,AAGGACTCCCGGACAGAGTC,18,4906097
ygfS_ygfT_predicted,0.7142857142857143,22,13,AACGCGTTGGCTACAGACTG,9,4906229
ygfS_ygfT_predicted,1.7857142857142858,37,13,AACGCGGTACAGCATGCCGG,24,4908224
ygfS_ygfT_predicted,3.7857142857142856,65,13,AACCCGACTATCGCTAATCC,52,4900594
ygfS_ygfT_predicted,2.3846153846153846,42,12,TTTGGCTCGAGAAAACATTT,30,4928384
ygfS_ygfT_predicted,1.6923076923076923,33,12,TTGTACAGAATGTTATTTAT,21,4919914
ygfS_ygfT_predicted,1.2307692307692308,27,12,TTCTTTTTATAAAAGGTATC,15,4913982
ygfS_ygfT_predicted,2.0,37,12,TTATCCTTACGGCGGCATAA,25,4913503
ygfS_ygfT_predicted,1.4615384615384615,30,12,TTAATAAGGGCTCATGTAGA,18,4913578
ygfS_ygfT_predicted,1.6153846153846154,32,12,TGTCGGTTCTTCCGCGATAG,20,4915777
ygfS_ygfT_predicted,1.0769230769230769,25,12,TGGCGTGTAAAGGGGTCAAC,13,4918462
ygfS_ygfT_predicted,0.5384615384615384,18,12,TGCGAATTCCGGTAGAATTC,6,4901328
ygfS_ygfT_predicted,1.2307692307692308,27,12,TCTGTGCTTTCAGGTTTTCG,15,4913213
ygfS_ygfT_predicted,1.4615384615384615,30,12,TCGTGGGTACTAAACGGACT,18,4905979
ygfS_ygfT_predicted,1.2307692307692308,27,12,TCGCCCAATCATACTGGCGT,15,4926641
ygfS_ygfT_predicted,3.1538461538461537,52,12,TCGCCCAAAGGTGGAGGATC,40,4911473
ygfS_ygfT_predicted,1.6923076923076923,33,12,TCGACCCTCAGCCACGACCA,21,4927309
ygfS_ygfT_predicted,0.9230769230769231,23,12,TCAGTCACTGATTGCCCCAT,11,4904260
ygfS_ygfT_predicted,2.0,37,12,TATGTGCACATTACTAATCT,25,4912579
ygfS_ygfT_predicted,1.0769230769230769,25,12,TACGTACGACCTGGTCAAGG,13,4923700
ygfS_ygfT_predicted,0.38461538461538464,16,12,TAACTTTAGTGAATCGGAAT,4,4916575
ygfS_ygfT_predicted,0.5384615384615384,18,12,GTTCCTCTACACCCTTGCTC,6,4920112
ygfS_ygfT_predicted,0.23076923076923078,14,12,GTGTGTATGCTACGGTGACA,2,4907725
ygfS_ygfT_predicted,0.15384615384615385,13,12,GTGGGGGAACTTAGATCGGT,1,4907760
ygfS_ygfT_predicted,0.15384615384615385,13,12,GTGAGATTTAGTTGTAACTG,1,4918851
ygfS_ygfT_predicted,1.0769230769230769,25,12,GTCTACTTTCTTGTGCGCCC,13,4903461
ygfS_ygfT_predicted,10.307692307692308,145,12,GTCGGACCATGTTCTTACAT,133,4902169
ygfS_ygfT_predicted,2.769230769230769,47,12,GTACTCGGCACAAGGGTCTG,35,4909341
ygfS_ygfT_predicted,5.615384615384615,84,12,GTAAGCTCTCCAGAACTGGA,72,4908653
ygfS_ygfT_predicted,1.1538461538461537,26,12,GGTATTGAAACAGGACGAGG,14,4931205
ygfS_ygfT_predicted,0.15384615384615385,13,12,GGGAAGCACCGTCCTCGATG,1,4930995
ygfS_ygfT_predicted,0.3076923076923077,15,12,GGCTCTGGGAATTCTCGCGG,3,4930989
ygfS_ygfT_predicted,1.3846153846153846,29,12,GGCATTTTCTGTCTGTTATC,17,4899790
ygfS_ygfT_predicted,2.1538461538461537,39,12,GGCATCTGTTAGAGATCTGA,27,4911903
ygfS_ygfT_predicted,1.7692307692307692,34,12,GCTGGGAGTGCGCGTGCTAC,22,4910008
ygfS_ygfT_predicted,0.9230769230769231,23,12,GCTGGCATAGTGGAGGGTCC,11,4927232
ygfS_ygfT_predicted,1.3846153846153846,29,12,GCGCGAGAAGCTTGGCGCAA,17,4904064
ygfS_ygfT_predicted,2.923076923076923,49,12,GCCTTGCATTTGGCAGTACA,37,4929412
ygfS_ygfT_predicted,1.0769230769230769,25,12,GCATTTTCACTCGTAGTCTA,13,4915576
ygfS_ygfT_predicted,0.9230769230769231,23,12,GATCCAGGAGCTTAGCTTAG,11,4918196
ygfS_ygfT_predicted,4.461538461538462,69,12,GATAGACGGACGCATCTTTG,57,4924104
ygfS_ygfT_predicted,3.1538461538461537,52,12,GAGGTTGTTATAGGACGGTT,40,4909303
ygfS_ygfT_predicted,1.0769230769230769,25,12,GAACGCGTGATGCATGGCTG,13,4911433
ygfS_ygfT_predicted,0.8461538461538461,22,12,CTTCTGTGAGGTCACAAGTG,10,4924021
ygfS_ygfT_predicted,1.8461538461538463,35,12,CTTATGACTGGTGGCATGGT,23,4927349
ygfS_ygfT_predicted,0.15384615384615385,13,12,CTCTCCAAGCCCCTTGTAGT,1,4930167
ygfS_ygfT_predicted,1.3076923076923077,28,12,CTCGCGAGAATGCAAAAGAG,16,4929010
ygfS_ygfT_predicted,4.384615384615385,68,12,CTATCCACCGTTAGTTCATC,56,4916274
ygfS_ygfT_predicted,2.3846153846153846,42,12,CGTACGAAGCCTTCGGCACT,30,4907843
ygfS_ygfT_predicted,0.6923076923076923,20,12,CGGTAACTGATCCCGTCTAT,8,4928314
ygfS_ygfT_predicted,0.15384615384615385,13,12,CGATTATTACGGCCCGAAGT,1,4930961
ygfS_ygfT_predicted,0.8461538461538461,22,12,CGAGTCTTTACGTTAAGATT,10,4920888
ygfS_ygfT_predicted,1.3076923076923077,28,12,CCTAGGGTTCGAGGACGTAG,16,4916798
ygfS_ygfT_predicted,1.9230769230769231,36,12,CCGGCAAGAGTTCTCTAATA,24,4918543
ygfS_ygfT_predicted,5.3076923076923075,80,12,CCAGTAGACGTTCCAGAATG,68,4925812
ygfS_ygfT_predicted,2.6153846153846154,45,12,CAGATTCTTGTGTTTTCAGG,33,4913699
ygfS_ygfT_predicted,0.15384615384615385,13,12,CAAGAGGGCGTATTGTAATA,1,4925237
ygfS_ygfT_predicted,0.15384615384615385,13,12,CAACTCTCACACGCCTATCA,1,4904353
ygfS_ygfT_predicted,1.0769230769230769,25,12,ATTCTCGAATGAGAAGAGAT,13,4916864
ygfS_ygfT_predicted,0.15384615384615385,13,12,ATTCGCGAGGTGGCAAATCA,1,4924118
ygfS_ygfT_predicted,1.1538461538461537,26,12,ATATGGGCCTGTTGGATTGA,14,4917352
ygfS_ygfT_predicted,1.4615384615384615,30,12,ATATCTAGTACGTAGAATAA,18,4931129
ygfS_ygfT_predicted,1.1538461538461537,26,12,ATATCCTCCGTAGGCAGAGT,14,4927476
ygfS_ygfT_predicted,1.6153846153846154,32,12,ATACAACAAGTCATCCTCCT,20,4904546
ygfS_ygfT_predicted,1.5384615384615385,31,12,AGTTAGGTCTAATCCTGCTG,19,4903267
ygfS_ygfT_predicted,1.6923076923076923,33,12,AGTCCTTAGTGGGGTTAACA,21,4908855
ygfS_ygfT_predicted,1.8461538461538463,35,12,AGGTCGTCCGCTTTGTTCTA,23,4906154
ygfS_ygfT_predicted,1.2307692307692308,27,12,ACTGTTCTTTTGATCCTGAT,15,4904252
ygfS_ygfT_predicted,0.8461538461538461,22,12,ACTGTATGTGCCAACGTATA,10,4917511
ygfS_ygfT_predicted,1.6923076923076923,33,12,ACGAAAGTAGTTCGCCCGGT,21,4922149
ygfS_ygfT_predicted,0.6153846153846154,19,12,AATGAAACGAACTGCCGTAC,7,4910975
ygfS_ygfT_predicted,1.0769230769230769,25,12,AAGTGTTCGGCCTTAATAGG,13,4929761
ygfS_ygfT_predicted,1.0,24,12,AAGAGATGCCCGGTTAACTA,12,4928654
ygfS_ygfT_predicted,0.9230769230769231,23,12,AACGGTCAATATGCGTGACA,11,4918366
ygfS_ygfT_predicted,0.6153846153846154,19,12,AAATCACTAGGAACCAAATT,7,4900025
ygfS_ygfT_predicted,1.75,31,11,TTTTCCTGAAAGCGGTGAAA,20,4918607
ygfS_ygfT_predicted,1.5,28,11,TTGGTGGGTCCAGAAACACG,17,4906238
ygfS_ygfT_predicted,1.6666666666666667,30,11,TTGCCCGTCACTCGAATCGG,19,4929087
ygfS_ygfT_predicted,2.0833333333333335,35,11,TTGATAGATGGTAGGTCTTA,24,4905833
ygfS_ygfT_predicted,0.75,19,11,TTCGTTTGGTTTCACCCGTC,8,4914503
ygfS_ygfT_predicted,0.25,13,11,TGGCATTTAACAGTGGGATA,2,4921454
ygfS_ygfT_predicted,0.8333333333333334,20,11,TGAACCTCGCGCTACAATAG,9,4929640
ygfS_ygfT_predicted,1.3333333333333333,26,11,TCGTCCAGTACGTTGTCTTT,15,4927573
ygfS_ygfT_predicted,1.9166666666666667,33,11,TCGCAAGATCCAGAGAGTGA,22,4908436
ygfS_ygfT_predicted,1.0833333333333333,23,11,TCCCGGATGGTAGCTGGAGT,12,4912046
ygfS_ygfT_predicted,1.1666666666666667,24,11,TCCAGCTTCTAGAACCTGCA,13,4917415
ygfS_ygfT_predicted,1.1666666666666667,24,11,TCAACCTAGGGAGAGCTCTA,13,4902428
ygfS_ygfT_predicted,1.5,28,11,TACCGAAATGTAACCGAAAC,17,4904131
ygfS_ygfT_predicted,2.1666666666666665,36,11,GTTTAAAATACAGAAGCTGC,25,4906805
ygfS_ygfT_predicted,0.75,19,11,GTTGGTTGGCTTAGGCTCGA,8,4915954
ygfS_ygfT_predicted,0.6666666666666666,18,11,GTTCAGAGTGGTCTTAGGTT,7,4901681
ygfS_ygfT_predicted,0.4166666666666667,15,11,GTGGCCGCCGTTGCATTGTG,4,4930068
ygfS_ygfT_predicted,1.25,25,11,GTGACGGCTACCCTCGGTCC,14,4922111
ygfS_ygfT_predicted,1.9166666666666667,33,11,GTCCAGTAAGGTCCTAGTTG,22,4918763
ygfS_ygfT_predicted,2.5833333333333335,41,11,GTCACGCTGACGTGAGATGT,30,4907239
ygfS_ygfT_predicted,1.25,25,11,GTCAATCACGTCTAAAGAGT,14,4901645
ygfS_ygfT_predicted,0.8333333333333334,20,11,GTCAAAGGAGCCCCCGACCG,9,4921802
ygfS_ygfT_predicted,0.16666666666666666,12,11,GTAACATCTTTGGGTCTAGA,1,4899973
ygfS_ygfT_predicted,1.5,28,11,GGTCAATACCCGAAGCAGTT,17,4905052
ygfS_ygfT_predicted,1.4166666666666667,27,11,GGGCGCTAAATACTATGGCC,16,4908714
ygfS_ygfT_predicted,3.5,52,11,GGGCAAATCGGGAAGTATGC,41,4921309
ygfS_ygfT_predicted,0.16666666666666666,12,11,GGGATTGCCTCTCCGCAATT,1,4907505
ygfS_ygfT_predicted,1.5,28,11,GGCTGCGAGACAGCCGGACT,17,4906903
ygfS_ygfT_predicted,5.166666666666667,72,11,GGCTAACCTCTAGGAAGGGT,61,4912472
ygfS_ygfT_predicted,5.0,70,11,GGCACTGTACGCTGTTCAGT,59,4912998
ygfS_ygfT_predicted,1.6666666666666667,30,11,GGCAATCATATTTTGACACC,19,4908410
ygfS_ygfT_predicted,1.8333333333333333,32,11,GGAAAACCCTTCTTGTAGAG,21,4903861
ygfS_ygfT_predicted,1.6666666666666667,30,11,GCGTTTGCAGCTCAAAGATT,19,4909893
ygfS_ygfT_predicted,1.0,22,11,GCGTATCGCGACGAACCACT,11,4911227
ygfS_ygfT_predicted,1.25,25,11,GCCTGCATAAACATTGGTTG,14,4910946
ygfS_ygfT_predicted,1.3333333333333333,26,11,GCCTAGTTAGACACGAAATA,15,4931284
ygfS_ygfT_predicted,1.4166666666666667,27,11,GCCCCGGAAGGCGGTTAACA,16,4919223
ygfS_ygfT_predicted,3.5833333333333335,53,11,GCATTGCCAGTCATCGGTGT,42,4909226
ygfS_ygfT_predicted,1.3333333333333333,26,11,GCATCATGAGAACGGCCGAA,15,4929413
ygfS_ygfT_predicted,0.5833333333333334,17,11,GCAGAAATTTCTCACCGTAG,6,4903749
ygfS_ygfT_predicted,1.3333333333333333,26,11,GAGACGTGCGACGTTCGCAG,15,4910471
ygfS_ygfT_predicted,1.5,28,11,GACGTAGAGTGTCGGGGAGC,17,4925985
ygfS_ygfT_predicted,2.0,34,11,CTTGCTCAGGCTGCTCACCA,23,4926459
ygfS_ygfT_predicted,0.9166666666666666,21,11,CTGCTCGTTCAGCTACTTGA,10,4924044
ygfS_ygfT_predicted,1.0,22,11,CTCTCGGATCGGCAGCTGTG,11,4929415
ygfS_ygfT_predicted,0.6666666666666666,18,11,CTCCGAAATTTGTTGGGGCG,7,4901913
ygfS_ygfT_predicted,2.75,43,11,CTATGAGCGCCTTTGAGCGT,32,4925295
ygfS_ygfT_predicted,1.5833333333333333,29,11,CGTTAGGCCTCTCGAAACGA,18,4912806
ygfS_ygfT_predicted,0.8333333333333334,20,11,CGTCTGGGTTGTATCTGACT,9,4915599
ygfS_ygfT_predicted,1.1666666666666667,24,11,CGGTAAGGACGGCCACACTT,13,4907514
ygfS_ygfT_predicted,2.3333333333333335,38,11,CGGGCTTCTATAATATGACT,27,4910856
ygfS_ygfT_predicted,1.5833333333333333,29,11,CGGAAGATGCTCACACCCAT,18,4912291
ygfS_ygfT_predicted,1.5,28,11,CGAACGTCAAGCGCAGCTGA,17,4901261
ygfS_ygfT_predicted,1.25,25,11,CGAAATGATTATGACAAATA,14,4910307
ygfS_ygfT_predicted,1.6666666666666667,30,11,CCGGTAGTCAAGCAGTTCCA,19,4916690
ygfS_ygfT_predicted,0.16666666666666666,12,11,CCGCAGGCCTGTTACGCGGT,1,4925276
ygfS_ygfT_predicted,2.5833333333333335,41,11,CCAGTTGCTACACACGTTGA,30,4903592
ygfS_ygfT_predicted,1.8333333333333333,32,11,CACGGTCGGGCTTAGCATGT,21,4905977
ygfS_ygfT_predicted,1.4166666666666667,27,11,CAATGTAGGTGAATAAACGT,16,4925583
ygfS_ygfT_predicted,0.8333333333333334,20,11,CAAGTTTGGGGTGAGCAACG,9,4908856
ygfS_ygfT_predicted,1.25,25,11,CAACGGTCTCTGGCGGCGCA,14,4905683
ygfS_ygfT_predicted,3.3333333333333335,50,11,CAACCTGGAGTGCTCCAGCG,39,4915541
ygfS_ygfT_predicted,0.5,16,11,CAAACAAGCTGCGTGCTTAA,5,4908712
ygfS_ygfT_predicted,1.75,31,11,ATGGGCGGCACATCTAAGAA,20,4917962
ygfS_ygfT_predicted,2.4166666666666665,39,11,ATGGCTTGCCTTAGAAATAC,28,4901680
ygfS_ygfT_predicted,0.9166666666666666,21,11,ATCGATAAGCATAAACCCGA,10,4929597
ygfS_ygfT_predicted,1.3333333333333333,26,11,ATCCTTACGTACTATTCCTC,15,4917356
ygfS_ygfT_predicted,0.16666666666666666,12,11,ATCCGCGCCCTCAGACTCTT,1,4914739
ygfS_ygfT_predicted,1.0,22,11,AGCCTGATCTTCTCTTGGGT,11,4924886
ygfS_ygfT_predicted,0.16666666666666666,12,11,ACGCAGACAAAGATATCCAC,1,4907616
ygfS_ygfT_predicted,1.9166666666666667,33,11,ACATAAGTTTCAGTGTTGAG,22,4910198
ygfS_ygfT_predicted,1.6666666666666667,30,11,AATTGTGAAGCAAGTATACG,19,4921306
ygfS_ygfT_predicted,1.8333333333333333,32,11,AATCTGGTAAATGAAGCGCT,21,4907055
ygfS_ygfT_predicted,2.0833333333333335,35,11,AACTTGGAAATAATGGCCGG,24,4901466
ygfS_ygfT_predicted,2.5,40,11,AACTATAGGAGCGCTATGGC,29,4915357
ygfS_ygfT_predicted,1.0833333333333333,23,11,AACCATCACAGCACCGGCAA,12,4914958
ygfS_ygfT_predicted,4.083333333333333,59,11,AACATAGAAAGCAGTATTTA,48,4909513
ygfS_ygfT_predicted,1.0,20,10,TTTTTGTATTGCATGTAGCC,10,4901817
ygfS_ygfT_predicted,1.5454545454545454,26,10,TTTCTGGCAAATCCTACTAG,16,4905862
ygfS_ygfT_predicted,1.7272727272727273,28,10,TTGTTGCCCCTTAAGGGCGG,18,4907099
ygfS_ygfT_predicted,3.0,42,10,TTGTCCCGAAGGCGCTAGCG,32,4927721
ygfS_ygfT_predicted,1.5454545454545454,26,10,TTCTCCTTTTTGCGGTTTCG,16,4928669
ygfS_ygfT_predicted,5.363636363636363,68,10,TTCACTTTGTAACACCGCTA,58,4910502
ygfS_ygfT_predicted,1.1818181818181819,22,10,TTACATGGATCCGGGCATAC,12,4930934
ygfS_ygfT_predicted,2.272727272727273,34,10,TGTTTTGCAGCAACGCAGGG,24,4906470
ygfS_ygfT_predicted,2.6363636363636362,38,10,TGTGGGATTATACGTTCGCT,28,4913257
ygfS_ygfT_predicted,1.3636363636363635,24,10,TGCCATTATGGCGCTGGGCT,14,4914760
ygfS_ygfT_predicted,0.18181818181818182,11,10,TGATCTCAGTATGACGCAAT,1,4906357
ygfS_ygfT_predicted,0.6363636363636364,16,10,TGATAGACATATTTTGGGTA,6,4902193
ygfS_ygfT_predicted,0.6363636363636364,16,10,TGAGTCGCTAGCATGGTCAA,6,4911984
ygfS_ygfT_predicted,1.4545454545454546,25,10,TGAACCCTGGACAGCTACAC,15,4923694
ygfS_ygfT_predicted,2.6363636363636362,38,10,TCTTGAGATCGTATCGGATA,28,4910350
ygfS_ygfT_predicted,3.5454545454545454,48,10,TCTTCTAGTCTTCTACTGTA,38,4928234
ygfS_ygfT_predicted,0.18181818181818182,11,10,TCTCTGACCCACAAGGGAAG,1,4923811
ygfS_ygfT_predicted,3.8181818181818183,51,10,TCGCATAGACCTCTCCGGAC,41,4916886
ygfS_ygfT_predicted,2.4545454545454546,36,10,TCGAGGAAGTATGACGGGCA,26,4925548
ygfS_ygfT_predicted,0.2727272727272727,12,10,TCCTATTCGGTTGCTCCCAT,2,4913681
ygfS_ygfT_predicted,1.9090909090909092,30,10,TCCGTTCGGTCGGCTTTTCA,20,4914579
ygfS_ygfT_predicted,1.6363636363636365,27,10,TCATCCAGAGCTACTGTTTC,17,4908052
ygfS_ygfT_predicted,0.18181818181818182,11,10,TATTTCCTCCCGACTCACGA,1,4911526
ygfS_ygfT_predicted,2.727272727272727,39,10,TAGGTGTCGTATACGGGAAA,29,4915544
ygfS_ygfT_predicted,0.18181818181818182,11,10,TAATTAAACGTTGTGCAAGC,1,4911804
ygfS_ygfT_predicted,0.45454545454545453,14,10,TAATCGTTCCTTGTCAGTCT,4,4901540
ygfS_ygfT_predicted,1.9090909090909092,30,10,TAATAAGAGAACCGGTAAGT,20,4907233
ygfS_ygfT_predicted,1.0,20,10,GTGGAATGCCGGAACAACAT,10,4923347
ygfS_ygfT_predicted,1.7272727272727273,28,10,GTGCCGGGCTGTGCACGGAG,18,4901526
ygfS_ygfT_predicted,1.1818181818181819,22,10,GTGATATGTGTACGTATAAG,12,4908412
ygfS_ygfT_predicted,2.272727272727273,34,10,GTGAGCAGCGTTGGGTCATA,24,4928628
ygfS_ygfT_predicted,1.3636363636363635,24,10,GTATTGGTGCACGAGACATG,14,4913240
ygfS_ygfT_predicted,0.18181818181818182,11,10,GTAGAACTACATGGCGCCTT,1,4914361
ygfS_ygfT_predicted,3.272727272727273,45,10,GGTTTTCGTCCAGGTCAGAA,35,4929736
ygfS_ygfT_predicted,2.909090909090909,41,10,GGTAGCGGCCACGTAAGTCT,31,4907274
ygfS_ygfT_predicted,0.18181818181818182,11,10,GGGCTGTCAGGAGAGCTAGG,1,4911474
ygfS_ygfT_predicted,1.2727272727272727,23,10,GGCCCGTTCTTAGCATCTCT,13,4924906
ygfS_ygfT_predicted,0.18181818181818182,11,10,GGCAGGTTGTGTAGGCGGCG,1,4921843
ygfS_ygfT_predicted,1.1818181818181819,22,10,GGATTGTCGCCCAAGCTATG,12,4923324
ygfS_ygfT_predicted,1.4545454545454546,25,10,GGATTCAAAGGGCAGTTTGC,15,4907804
ygfS_ygfT_predicted,1.4545454545454546,25,10,GGACGTTGGTTATTAGAGAA,15,4925540
ygfS_ygfT_predicted,2.8181818181818183,40,10,GCTCGAAGTACTGCCATGTT,30,4918402
ygfS_ygfT_predicted,3.5454545454545454,48,10,GCGTATAAGGAAGGTATGGC,38,4920744
ygfS_ygfT_predicted,1.5454545454545454,26,10,GATTGCATTACCTGGGTGTA,16,4901104
ygfS_ygfT_predicted,2.909090909090909,41,10,GAGTCGCAGAATCATGACTG,31,4917841
ygfS_ygfT_predicted,6.909090909090909,85,10,GAGCTTCATGACTCTTTCAC,75,4927526
ygfS_ygfT_predicted,1.5454545454545454,26,10,GAGCCCCAGCCTGACAAGAT,16,4901567
ygfS_ygfT_predicted,1.2727272727272727,23,10,GAATATCTCAGCATATGTAC,13,4929052
ygfS_ygfT_predicted,0.36363636363636365,13,10,CTTTGAGAAAGGCGGGAGGT,3,4927921
ygfS_ygfT_predicted,0.9090909090909091,19,10,CTTTCCTCGGAAATGACACA,9,4906471
ygfS_ygfT_predicted,0.9090909090909091,19,10,CTTGCGGGAAATCTTCGTCA,9,4909630
ygfS_ygfT_predicted,2.0,31,10,CTTCTATCTATGGAACCGGT,21,4904593
ygfS_ygfT_predicted,1.7272727272727273,28,10,CTTCCTCGACTGTCAAGAGG,18,4899835
ygfS_ygfT_predicted,1.7272727272727273,28,10,CTTATCCGTCTGTACCGGTA,18,4915852
ygfS_ygfT_predicted,1.1818181818181819,22,10,CTTAGAGAGAATATGGGTCA,12,4906473
ygfS_ygfT_predicted,1.7272727272727273,28,10,CGTTTTCTTCTTCGTCCAAC,18,4922593
ygfS_ygfT_predicted,1.4545454545454546,25,10,CGTGGGTGTCAGGTAGAGTT,15,4927902
ygfS_ygfT_predicted,0.18181818181818182,11,10,CGTGCGCCTTAATTACAACG,1,4903355
ygfS_ygfT_predicted,1.3636363636363635,24,10,CGCGCAAGGTCCAGTTAATT,14,4930431
ygfS_ygfT_predicted,0.36363636363636365,13,10,CGCCCTTCTGACTTCATCAT,3,4909799
ygfS_ygfT_predicted,1.8181818181818181,29,10,CGAGAATCGTTCTGACCAAC,19,4914025
ygfS_ygfT_predicted,3.1818181818181817,44,10,CCTTACCGTTTACCTCCGGA,34,4910268
ygfS_ygfT_predicted,1.6363636363636365,27,10,CCTGCACATTTTGACCGCAA,17,4930149
ygfS_ygfT_predicted,1.4545454545454546,25,10,CCGTCCTTTATTTCCGCATA,15,4918231
ygfS_ygfT_predicted,3.5454545454545454,48,10,CCGCTTCGCCTAATATCAAC,38,4901541
ygfS_ygfT_predicted,0.36363636363636365,13,10,CCGCTGCATTACAAGTAATC,3,4904726
ygfS_ygfT_predicted,2.0,31,10,CCCCGCTGTGTGGCTATCGG,21,4913222
ygfS_ygfT_predicted,1.5454545454545454,26,10,CCCCGCAACAGTAACGTTTA,16,4911746
ygfS_ygfT_predicted,2.8181818181818183,40,10,CCCAAACGATAAAAGTACCA,30,4906263
ygfS_ygfT_predicted,1.2727272727272727,23,10,CCACTTGTCATTACACGCTG,13,4906945
ygfS_ygfT_predicted,2.0,31,10,CCAAGCGTCTATGATTAGAT,21,4909053
ygfS_ygfT_predicted,2.5454545454545454,37,10,CATGACCAGGGTGGATTGAA,27,4929694
ygfS_ygfT_predicted,1.0,20,10,CATACACTGAATATATTAAT,10,4906425
ygfS_ygfT_predicted,1.0909090909090908,21,10,CAGTAAATGCTAGGCTCTTT,11,4900737
ygfS_ygfT_predicted,2.090909090909091,32,10,CAGGATAATAGTGACGGATA,22,4905254
ygfS_ygfT_predicted,1.6363636363636365,27,10,CAGGAGCTTTTCCATTGTGC,17,4903196
ygfS_ygfT_predicted,1.3636363636363635,24,10,CACGGGGCCTGGCGCTTCTA,14,4916004
ygfS_ygfT_predicted,5.818181818181818,73,10,CACCAGTTTCCGTCCTGGAT,63,4904152
ygfS_ygfT_predicted,1.0909090909090908,21,10,CACAAGTAGAGTCTCACCTC,11,4901387
ygfS_ygfT_predicted,0.7272727272727273,17,10,CAAGCGTAACAAAGCAACGA,7,4915117
ygfS_ygfT_predicted,0.7272727272727273,17,10,CAAGACTCTGCGTATAACAT,7,4905408
ygfS_ygfT_predicted,3.909090909090909,52,10,CAAACAACTCGTGCTAGAAC,42,4926749
ygfS_ygfT_predicted,1.1818181818181819,22,10,ATTTATGTAGGGGCGAATCA,12,4911489
ygfS_ygfT_predicted,1.8181818181818181,29,10,ATTGGTTTATGGCGATCTAT,19,4911244
ygfS_ygfT_predicted,2.4545454545454546,36,10,ATGGTGGCTCTCGCGTGCTG,26,4925320
ygfS_ygfT_predicted,1.9090909090909092,30,10,ATGGTGAATTGCCACTTAAC,20,4911203
ygfS_ygfT_predicted,1.0,20,10,ATCTTATCGTCGAGTCACTA,10,4910135
ygfS_ygfT_predicted,0.18181818181818182,11,10,ATCGGAACTCGTAGGGAAAT,1,4911955
ygfS_ygfT_predicted,1.3636363636363635,24,10,ATACCATCCGGTTCGGTGAT,14,4905632
ygfS_ygfT_predicted,1.0909090909090908,21,10,AGTTCGGCCCTGGGTTGGCT,11,4912795
ygfS_ygfT_predicted,2.5454545454545454,37,10,AGTGGGTGCGCGTATATAAC,27,4920279
ygfS_ygfT_predicted,1.3636363636363635,24,10,AGTAGGTCCGGGTTGGCTTG,14,4904704
ygfS_ygfT_predicted,2.727272727272727,39,10,AGAGGGGGGCCGTACTGCAG,29,4918055
ygfS_ygfT_predicted,6.454545454545454,80,10,AGAAAAACACTCGAGCACCC,70,4920749
ygfS_ygfT_predicted,1.1818181818181819,22,10,ACTGCTCCGTAACTTGCGAA,12,4919582
ygfS_ygfT_predicted,1.3636363636363635,24,10,ACGGGACAGACCCGCCAAAG,14,4913723
ygfS_ygfT_predicted,0.18181818181818182,11,10,ACCGCGTGACAGTGTCAAGT,1,4901134
ygfS_ygfT_predicted,2.1818181818181817,33,10,ACATGAATGTGTCGGTTGCA,23,4924878
ygfS_ygfT_predicted,1.3636363636363635,24,10,ACAACACTGCTGGCGACCAA,14,4924141
ygfS_ygfT_predicted,1.3636363636363635,24,10,AATTGGAAGGGTGGTTAATA,14,4927524
ygfS_ygfT_predicted,0.18181818181818182,11,10,AAGGCGAAACGTTTAAGGGT,1,4912036
ygfS_ygfT_predicted,1.2727272727272727,23,10,AAATACTTTTTGCCTCCCAG,13,4912059
ygfS_ygfT_predicted,0.18181818181818182,11,10,AAAGTCACTGCTCCCTAGAG,1,4905484
ygfS_ygfT_predicted,1.3636363636363635,24,10,AAACTAGCCATTACCGGGGT,14,4908977
ygfS_ygfT_predicted,1.5,23,9,TTTTGCCTTATTTTCGACCC,14,4907185
ygfS_ygfT_predicted,2.5,33,9,TTTGGTTGGCGAATACTTAG,24,4926714
ygfS_ygfT_predicted,0.8,16,9,TTTCTGAACATCAGGAGTAA,7,4922174
ygfS_ygfT_predicted,2.0,28,9,TTTCCCCTCGATTACATTTT,19,4917348
ygfS_ygfT_predicted,2.5,33,9,TTGGTAAGCGCAGTTAGTCC,24,4913605
ygfS_ygfT_predicted,1.6,24,9,TTGCGGCACCAGTGTCAAGG,15,4918713
ygfS_ygfT_predicted,0.2,10,9,TTGCCGTGTAGCATGAGTCA,1,4915145
ygfS_ygfT_predicted,1.7,25,9,TTCTGAAATATGTTACTCGA,16,4930512
ygfS_ygfT_predicted,0.6,14,9,TTCAGCTGGTCCACGCTAAT,5,4914167
ygfS_ygfT_predicted,1.0,18,9,TTATGGCCCACGTGGAATCA,9,4918692
ygfS_ygfT_predicted,0.9,17,9,TTATAGTGCCTTGCCCAGCT,8,4917183
ygfS_ygfT_predicted,2.6,34,9,TTACAATTTAAGCACATGCG,25,4908448
ygfS_ygfT_predicted,1.5,23,9,TGTCGTTTAACAATCGAAAG,14,4924816
ygfS_ygfT_predicted,2.5,33,9,TGGGTAGTTTAAAGGCCGAT,24,4912989
ygfS_ygfT_predicted,1.5,23,9,TGGATACACTTACTGAGTCG,14,4903857
ygfS_ygfT_predicted,2.5,33,9,TGCGTCGCCTCATACATGTG,24,4902411
ygfS_ygfT_predicted,1.4,22,9,TGCATGCGCGTTTTCAGATG,13,4919456
ygfS_ygfT_predicted,0.2,10,9,TGAGCCATAAAATTTTCGTT,1,4916850
ygfS_ygfT_predicted,2.2,30,9,TCTTGGGTTCTTGCCCTGCC,21,4911929
ygfS_ygfT_predicted,0.5,13,9,TCGTCACAGATTAAGCAGAC,4,4905025
ygfS_ygfT_predicted,0.2,10,9,TCGGCTGTGCTTTCACGTTC,1,4908770
ygfS_ygfT_predicted,2.0,28,9,TCGGAGAGGTTTCGTAGTCC,19,4899879
ygfS_ygfT_predicted,0.7,15,9,TCGCACAGGCCCGTATGATT,6,4912136
ygfS_ygfT_predicted,3.5,43,9,TCCGGCGGAGGATGAGTTAA,34,4904027
ygfS_ygfT_predicted,4.2,50,9,TCACCGCCTCGACAGCACGG,41,4928104
ygfS_ygfT_predicted,3.6,44,9,TAGAAGGCTCCGTTTCCCCA,35,4927143
ygfS_ygfT_predicted,0.5,13,9,TACGAGTGGCAGAATACTCG,4,4915970
ygfS_ygfT_predicted,3.5,43,9,TACAGTAGCCTTTGGAAGTC,34,4900672
ygfS_ygfT_predicted,1.8,26,9,TAAGTACTAAGTATTTTTTG,17,4916246
ygfS_ygfT_predicted,2.3,31,9,TAAGCTTTGGGCGAAGCAAG,22,4901224
ygfS_ygfT_predicted,1.8,26,9,GTTTTCCGGTGCTAACGAAG,17,4908656
ygfS_ygfT_predicted,0.2,10,9,GTTCCTTTAGAAATGTCTTT,1,4908844
ygfS_ygfT_predicted,1.9,27,9,GTTACAAGTCTCTGCCCGGT,18,4905130
ygfS_ygfT_predicted,0.6,14,9,GTTAAGTTACGTGTACTCGG,5,4918917
ygfS_ygfT_predicted,2.1,29,9,GTTAAGCCCAGCTCGACGTA,20,4915622
ygfS_ygfT_predicted,1.6,24,9,GTGACGTTAAACTGTTGGGT,15,4902332
ygfS_ygfT_predicted,3.3,41,9,GTCTCGAGAGGCTCGAAACT,32,4908869
ygfS_ygfT_predicted,1.6,24,9,GTCCTGTGGAGGACACCCCT,15,4927731
ygfS_ygfT_predicted,1.5,23,9,GTCCAACTGCGCCTTGATGT,14,4901986
ygfS_ygfT_predicted,3.4,42,9,GTAGGCTGTGCCGTCCGAGT,33,4908779
ygfS_ygfT_predicted,1.4,22,9,GTACATGTCAGGCTCATGTG,13,4929734
ygfS_ygfT_predicted,2.1,29,9,GGTCCCGTTAATTGGAAAGA,20,4930136
ygfS_ygfT_predicted,1.4,22,9,GGTATCCACGGCCCGTGTTA,13,4910656
ygfS_ygfT_predicted,0.8,16,9,GGGTCCGGGGCGCGAGGACT,7,4907687
ygfS_ygfT_predicted,0.6,14,9,GGCTATTGAAACCAGTCTCA,5,4928851
ygfS_ygfT_predicted,0.6,14,9,GGAATTCGCCCTCACCGGAA,5,4900221
ygfS_ygfT_predicted,1.7,25,9,GGAATATATGACTGAGCTCA,16,4918365
ygfS_ygfT_predicted,3.2,40,9,GCGGTGGTCATGCGGCAACT,31,4913886
ygfS_ygfT_predicted,5.0,58,9,GCGAGATGGGCGAACTTTTA,49,4900521
ygfS_ygfT_predicted,1.4,22,9,GCCCTTTGCGTCCGACGGCA,13,4905976
ygfS_ygfT_predicted,1.7,25,9,GCCCGCTGCCACGGTGGAAG,16,4915605
ygfS_ygfT_predicted,2.7,35,9,GCCACACAAGTATCGAGGGT,26,4917964
ygfS_ygfT_predicted,2.1,29,9,GCCAATTGACGCATTGTCAA,20,4907886
ygfS_ygfT_predicted,1.2,20,9,GCATCGATTGGATCACAAGC,11,4900324
ygfS_ygfT_predicted,1.6,24,9,GCAGGTTTTAAAGCATTGGA,15,4914112
ygfS_ygfT_predicted,1.7,25,9,GCACTTCTTTAGTATGGCCG,16,4909719
ygfS_ygfT_predicted,0.5,13,9,GATTTCTAAGCTGCATCAAC,4,4931304
ygfS_ygfT_predicted,2.3,31,9,GATAAAGAGCGTAATCGGTT,22,4900459
ygfS_ygfT_predicted,3.7,45,9,GAGTCAGGATCAAACGAGGG,36,4899876
ygfS_ygfT_predicted,2.3,31,9,GAGTAGTCGAACATCCACCG,22,4908708
ygfS_ygfT_predicted,4.8,56,9,GAGGTAAAAAATCATACTTG,47,4912108
ygfS_ygfT_predicted,1.1,19,9,GACTTCCATTATTTTACTAT,10,4913790
ygfS_ygfT_predicted,3.3,41,9,GACTGAATATCAGATAAAGG,32,4931168
ygfS_ygfT_predicted,1.9,27,9,GAATGCCCACCGGTGGGCCA,18,4911553
ygfS_ygfT_predicted,1.2,20,9,GAACTCGTCTGGTTTAACTA,11,4912520
ygfS_ygfT_predicted,3.1,39,9,GAACACAGCGGCACTTATAC,30,4927330
ygfS_ygfT_predicted,2.7,35,9,GAAAGGGTTTTTGTGCGTTT,26,4901587
ygfS_ygfT_predicted,2.3,31,9,CTTCTTCTAAGGGTCCGTGT,22,4927176
ygfS_ygfT_predicted,0.3,11,9,CTGGACTATTGCGGCAACGT,2,4930445
ygfS_ygfT_predicted,0.3,11,9,CTCGAGTAAATCTTTCCTAG,2,4927009
ygfS_ygfT_predicted,1.4,22,9,CTACCAGGGGACAATCGTAA,13,4914100
ygfS_ygfT_predicted,0.2,10,9,CTAATCGCACCATAAGTGTA,1,4929824
ygfS_ygfT_predicted,3.5,43,9,CTAACGTATACTGAATACCT,34,4900645
ygfS_ygfT_predicted,1.9,27,9,CGTCCACGCAGCGAGATTCA,18,4927663
ygfS_ygfT_predicted,0.2,10,9,CGTCATCTCACGAATAGGGA,1,4917191
ygfS_ygfT_predicted,1.5,23,9,CGCTTGACTCTAGTCGGGGT,14,4904066
ygfS_ygfT_predicted,1.2,20,9,CGCTATAAAACCGGATGATG,11,4922080
ygfS_ygfT_predicted,1.4,22,9,CGATCGCAGTTCTCACCACC,13,4917237
ygfS_ygfT_predicted,1.9,27,9,CGAGGTATTCGTAGGGGAGC,18,4928142
ygfS_ygfT_predicted,0.9,17,9,CGAAGTGTTCTTGTGTTTTT,8,4907324
ygfS_ygfT_predicted,2.5,33,9,CGAAATCGCAGTCGGAGCGT,24,4920633
ygfS_ygfT_predicted,4.8,56,9,CCTATATTCTCTAGGTCGCT,47,4912456
ygfS_ygfT_predicted,0.9,17,9,CCTAAACGCATCAAAATATA,8,4900152
ygfS_ygfT_predicted,2.3,31,9,CCGTCAGCCTATGCCGCCTA,22,4909522
ygfS_ygfT_predicted,2.3,31,9,CCGCCTTTGCGCATACAAAG,22,4913159
ygfS_ygfT_predicted,0.2,10,9,CCCTGGGAGAGGTTCTAGAT,1,4919117
ygfS_ygfT_predicted,1.9,27,9,CCCAGCACTAATCGCTTATT,18,4902958
ygfS_ygfT_predicted,2.1,29,9,CATTAGGGACGCAACCAGTA,20,4905894
ygfS_ygfT_predicted,2.1,29,9,CATCCGGGTCACAGGAATAC,20,4914074
ygfS_ygfT_predicted,1.4,22,9,CATCAAGGAGTCATGTCAAA,13,4910955
ygfS_ygfT_predicted,3.2,40,9,CAGTTTAGCAACTACAGTCA,31,4929980
ygfS_ygfT_predicted,2.7,35,9,CAGTGGTTCTGGGTGGGACA,26,4928346
ygfS_ygfT_predicted,1.7,25,9,CAGCCGCACAAGGCCATGGC,16,4903936
ygfS_ygfT_predicted,1.5,23,9,CAGAAGCTTCCATTAAACAA,14,4919969
ygfS_ygfT_predicted,1.7,25,9,CAATACCGCTATTCGGATAG,16,4915992
ygfS_ygfT_predicted,2.3,31,9,CAAGCACACCCCGCACACTT,22,4925447
ygfS_ygfT_predicted,0.9,17,9,CAACGTTCTCATGAGCGGGA,8,4907041
ygfS_ygfT_predicted,2.0,28,9,ATTTGACCTTCTCCCAGTGT,19,4921047
ygfS_ygfT_predicted,2.1,29,9,ATTCGCAGTAGTTACTGGGG,20,4904795
ygfS_ygfT_predicted,2.1,29,9,ATTAACTACCCATGTGAATG,20,4901448
ygfS_ygfT_predicted,3.1,39,9,ATGGCAGGTCATATACAGCT,30,4929302
ygfS_ygfT_predicted,0.2,10,9,ATGCATACGCTTGCAGATCT,1,4921090
ygfS_ygfT_predicted,1.4,22,9,ATCGGTTCCCTCCTACACAG,13,4924669
ygfS_ygfT_predicted,1.6,24,9,ATCGATCCAATGGATTCAAA,15,4903110
ygfS_ygfT_predicted,1.3,21,9,ATCCAGTTTCCATGTAAAGA,12,4918518
ygfS_ygfT_predicted,3.5,43,9,AGTTTTCGGTAGTTTGCTCA,34,4905629
ygfS_ygfT_predicted,2.3,31,9,AGTGTCCGTGAACAGACTTC,22,4909862
ygfS_ygfT_predicted,1.4,22,9,AGTGCTGTCTTCTGCCGAGA,13,4910369
ygfS_ygfT_predicted,1.5,23,9,AGTAATTGGAACAGGAGGGA,14,4902448
ygfS_ygfT_predicted,1.8,26,9,AGGCACGCTAAACCTACCCA,17,4909924
ygfS_ygfT_predicted,0.5,13,9,AGCCCGCGTATGCGGAGATA,4,4904626
ygfS_ygfT_predicted,2.1,29,9,AGCCCCTGGAGGACATCACC,20,4913586
ygfS_ygfT_predicted,1.8,26,9,AGAACTGCATTTGCAGGCCC,17,4927520
ygfS_ygfT_predicted,0.8,16,9,ACGTTTCGATTATAGTCAAA,7,4928375
ygfS_ygfT_predicted,1.2,20,9,ACGCTGTACCAAACTTCTCG,11,4916542
ygfS_ygfT_predicted,1.5,23,9,ACCACGGGACATGAGCCGAT,14,4901710
ygfS_ygfT_predicted,1.6,24,9,ACATACACTCAGAATGACCT,15,4907342
ygfS_ygfT_predicted,1.4,22,9,ACAGCAGCCCCTCTACGCGA,13,4929318
ygfS_ygfT_predicted,2.4,32,9,AAGTATGCCAGGGTAGCGGA,23,4910161
ygfS_ygfT_predicted,3.2,40,9,AACGCTTCGAGATCTCAAGT,31,4924791
ygfS_ygfT_predicted,3.3,41,9,AACCCATCAAATTTGTACCT,32,4914602
ygfS_ygfT_predicted,2.6666666666666665,31,8,TTTTGCTGGGTCGCGCTATC,23,4909648
ygfS_ygfT_predicted,2.2222222222222223,27,8,TTTCAACTTTACTGACCGGC,19,4916672
ygfS_ygfT_predicted,2.7777777777777777,32,8,TTTAATTCTGTCCATTAGCC,24,4917593
ygfS_ygfT_predicted,0.2222222222222222,9,8,TTGTTTCATCATACCGTTAC,1,4912729
ygfS_ygfT_predicted,1.6666666666666667,22,8,TTGGACCATATTGGACCCGA,14,4929720
ygfS_ygfT_predicted,0.2222222222222222,9,8,TTGCAGCGGCATCGAGAAAT,1,4928945
ygfS_ygfT_predicted,2.2222222222222223,27,8,TTCTGGTCTGGGGCTGGAGC,19,4912043
ygfS_ygfT_predicted,2.3333333333333335,28,8,TTCAAGATGACAGGGTGAGC,20,4900766
ygfS_ygfT_predicted,1.0,16,8,TTATCTCTGCATGTAAACAT,8,4926819
ygfS_ygfT_predicted,1.0,16,8,TTAAGCGTGTCGGAATTAAT,8,4921967
ygfS_ygfT_predicted,0.2222222222222222,9,8,TGTAATTTCGATAGAGACGT,1,4929053
ygfS_ygfT_predicted,2.0,25,8,TGGTAATACTAATCGTCAGA,17,4922189
ygfS_ygfT_predicted,2.0,25,8,TGGACCATCGGCATCAGTTG,17,4928960
ygfS_ygfT_predicted,4.777777777777778,50,8,TGCATTGTGTACTAACAACC,42,4913972
ygfS_ygfT_predicted,1.2222222222222223,18,8,TGATTTATCTCGAAGCTCGT,10,4903016
ygfS_ygfT_predicted,4.111111111111111,44,8,TGACTCGCAACAATTAGTGG,36,4909294
ygfS_ygfT_predicted,2.888888888888889,33,8,TGACATCGATATCAGCATTG,25,4906115
ygfS_ygfT_predicted,1.4444444444444444,20,8,TCTGGGGCATCATGGATCAC,12,4917430
ygfS_ygfT_predicted,0.5555555555555556,12,8,TCTCTCGAGCTAATCATTTA,4,4920412
ygfS_ygfT_predicted,3.7777777777777777,41,8,TCTACCTAGTTCACCTCGTA,33,4926696
ygfS_ygfT_predicted,0.7777777777777778,14,8,TCGTAAGGCCCATGTATCCT,6,4923268
ygfS_ygfT_predicted,2.0,25,8,TCGGCGGGATCGGACCCTAG,17,4903610
ygfS_ygfT_predicted,3.3333333333333335,37,8,TCGAGGATTGTTGTTAGTGC,29,4928379
ygfS_ygfT_predicted,3.3333333333333335,37,8,TCGAGGATCGGTGGTTTATG,29,4910156
ygfS_ygfT_predicted,1.5555555555555556,21,8,TCCCTTCCAGGTCTTTGAGA,13,4931084
ygfS_ygfT_predicted,2.5555555555555554,30,8,TCATGTATGGTGAGCTCAGG,22,4922891
ygfS_ygfT_predicted,1.4444444444444444,20,8,TCAGCGCCCGTTGCACTGAA,12,4916804
ygfS_ygfT_predicted,2.2222222222222223,27,8,TCAATACTCGAGGTGCAATG,19,4915538
ygfS_ygfT_predicted,3.6666666666666665,40,8,TCAAGGGTCCTGCTTGCAAT,32,4902320
ygfS_ygfT_predicted,2.0,25,8,TATTCCTTCCATGAGAAATG,17,4921647
ygfS_ygfT_predicted,1.1111111111111112,17,8,TATGATTTTGTCTTGTGGCA,9,4922196
ygfS_ygfT_predicted,2.3333333333333335,28,8,TACTGGTTCAAAGCAAGCGG,20,4921022
ygfS_ygfT_predicted,1.7777777777777777,23,8,TACCTCCTGATCAACAAACT,15,4925324
ygfS_ygfT_predicted,3.111111111111111,35,8,TAAGCTCCCATAACGGGGAC,27,4923174
ygfS_ygfT_predicted,2.6666666666666665,31,8,TAAATGCTTGACGAAGACCT,23,4915011
ygfS_ygfT_predicted,2.4444444444444446,29,8,TAAAGGCCGTAACAAAGGCT,21,4916434
ygfS_ygfT_predicted,2.5555555555555554,30,8,GTTGTCCCGCGTCGCTAGCT,22,4922732
ygfS_ygfT_predicted,1.1111111111111112,17,8,GTTGACTAAGGTGGCGGTCG,9,4918464
ygfS_ygfT_predicted,3.5555555555555554,39,8,GTTCATGTATCCTAGATGTT,31,4914866
ygfS_ygfT_predicted,0.5555555555555556,12,8,GTTATCCTTCTGTTATTAAA,4,4906239
ygfS_ygfT_predicted,1.7777777777777777,23,8,GTGTCGGGAAACTAGCGGGT,15,4910573
ygfS_ygfT_predicted,2.3333333333333335,28,8,GTGCAGCATTAGGTATCTAA,20,4901402
ygfS_ygfT_predicted,1.7777777777777777,23,8,GTCACATCGGCGAACCACAA,15,4905958
ygfS_ygfT_predicted,1.5555555555555556,21,8,GTATGATACTTACTGGGAAC,13,4929306
ygfS_ygfT_predicted,0.8888888888888888,15,8,GGTTCTTAGTCAGCTATGAA,7,4907740
ygfS_ygfT_predicted,1.5555555555555556,21,8,GGTCGGTTCCTCTTAAAACA,13,4900794
ygfS_ygfT_predicted,3.0,34,8,GGGGGTGGCCGTGTAGTCCA,26,4912374
ygfS_ygfT_predicted,0.2222222222222222,9,8,GGGCACGGATTCTTGTGGAA,1,4914915
ygfS_ygfT_predicted,1.6666666666666667,22,8,GGCTCCGCTCGGTCCCTTCA,14,4899993
ygfS_ygfT_predicted,1.6666666666666667,22,8,GGCATTATCGTCCCCAATAT,14,4918105
ygfS_ygfT_predicted,0.3333333333333333,10,8,GGAAGGATGACAAAATTGCG,2,4902243
ygfS_ygfT_predicted,1.8888888888888888,24,8,GCTTGACTCGCCAATAATCT,16,4910980
ygfS_ygfT_predicted,4.222222222222222,45,8,GCTAGATGTTCACGCCGGAA,37,4906130
ygfS_ygfT_predicted,0.4444444444444444,11,8,GCGGCAAATTCCCAGCGGTG,3,4925162
ygfS_ygfT_predicted,2.3333333333333335,28,8,GCGCCCTCTGCGCCGTTTAT,20,4909263
ygfS_ygfT_predicted,2.0,25,8,GCCTACGGGATGGGATTCTT,17,4903026
ygfS_ygfT_predicted,1.5555555555555556,21,8,GCATAGCATAGGGAGTTTTT,13,4928381
ygfS_ygfT_predicted,1.0,16,8,GCATACACTGTTGTACAGAT,8,4907430
ygfS_ygfT_predicted,1.0,16,8,GATTTGTCGAGATGAAACAG,8,4910181
ygfS_ygfT_predicted,2.5555555555555554,30,8,GAGTGTTAATCGATAAGACT,22,4910726
ygfS_ygfT_predicted,1.6666666666666667,22,8,GAGCCGCACCCATGCATAAC,14,4917351
ygfS_ygfT_predicted,1.7777777777777777,23,8,GACAAAGACCTATAAGGTTG,15,4908477
ygfS_ygfT_predicted,1.8888888888888888,24,8,CTGGAAATATACCCACCTCA,16,4925585
ygfS_ygfT_predicted,1.8888888888888888,24,8,CTCTTGGTGGTAATATGTTT,16,4900902
ygfS_ygfT_predicted,0.6666666666666666,13,8,CTCCTCGTCATGAACAACAT,5,4909419
ygfS_ygfT_predicted,3.5555555555555554,39,8,CTCCACAGATTGTCAGCTTG,31,4906946
ygfS_ygfT_predicted,1.4444444444444444,20,8,CTCAGTCAACGTGAGTCTCT,12,4925018
ygfS_ygfT_predicted,0.3333333333333333,10,8,CTCAACGGGTGTGGATCAAT,2,4925216
ygfS_ygfT_predicted,1.3333333333333333,19,8,CTACGTTTACGAGATATATC,11,4915481
ygfS_ygfT_predicted,1.8888888888888888,24,8,CTACGCGTGGTGGCTATGAT,16,4908098
ygfS_ygfT_predicted,5.666666666666667,58,8,CGTCCGAATTGCGATTCGTG,50,4922554
ygfS_ygfT_predicted,2.111111111111111,26,8,CGGGCGAACCAGAAAATTCA,18,4904547
ygfS_ygfT_predicted,0.5555555555555556,12,8,CGGCTTTAACCGGATGGAGA,4,4920349
ygfS_ygfT_predicted,2.4444444444444446,29,8,CGCCCTTAGGTCGTGCGACA,21,4917904
ygfS_ygfT_predicted,2.2222222222222223,27,8,CGACTGTGTAGCCCGACCTA,19,4923657
ygfS_ygfT_predicted,1.7777777777777777,23,8,CATCGCGCGGGCATGTGGAC,15,4918472
ygfS_ygfT_predicted,1.7777777777777777,23,8,CATATTTGTGAGTAGGCTAG,15,4905125
ygfS_ygfT_predicted,2.2222222222222223,27,8,CAGTATTCATAACCTCAAGG,19,4930610
ygfS_ygfT_predicted,3.3333333333333335,37,8,CAGAGTACAGGGTAGGGACC,29,4907790
ygfS_ygfT_predicted,2.0,25,8,CACTGACTTTGGGTGGCCTC,17,4920984
ygfS_ygfT_predicted,0.6666666666666666,13,8,CACTCTTGACAGGGGAGCAT,5,4913219
ygfS_ygfT_predicted,0.3333333333333333,10,8,CACCTTTTCCGCAAAGAGGT,2,4905898
ygfS_ygfT_predicted,2.4444444444444446,29,8,CACCAGAAGTATTCTGCGTT,21,4924183
ygfS_ygfT_predicted,1.8888888888888888,24,8,CACAAACGGAGACGTCTTGT,16,4909242
ygfS_ygfT_predicted,1.8888888888888888,24,8,CAAGTCTGCTTGATGAGAGT,16,4901922
ygfS_ygfT_predicted,0.8888888888888888,15,8,CAACTGAGGCAACGAATGAT,7,4910191
ygfS_ygfT_predicted,4.333333333333333,46,8,ATTTATAGGGATTCCTCTCA,38,4906758
ygfS_ygfT_predicted,0.2222222222222222,9,8,ATTCGGAGTACGGCAGACGA,1,4901157
ygfS_ygfT_predicted,1.6666666666666667,22,8,ATGTGAAAATATAGGAACGG,14,4923841
ygfS_ygfT_predicted,2.2222222222222223,27,8,ATGTAAGATAGGCACGGTGC,19,4921435
ygfS_ygfT_predicted,1.0,16,8,ATGAATGAAGAAGTCAGCAA,8,4929698
ygfS_ygfT_predicted,2.0,25,8,ATGAACTATGCGGCGGTCCG,17,4919811
ygfS_ygfT_predicted,3.7777777777777777,41,8,ATCTCAGGTCGCACAGCGGC,33,4911509
ygfS_ygfT_predicted,1.3333333333333333,19,8,ATCTCAAGGCCAGGAACGTT,11,4930079
ygfS_ygfT_predicted,1.8888888888888888,24,8,ATCAAAGGCATATAAGTATC,16,4904646
ygfS_ygfT_predicted,1.3333333333333333,19,8,ATAGTCCGGGCACTATGAGA,11,4913793
ygfS_ygfT_predicted,3.888888888888889,42,8,ATACGATGCGGGGGAGCGAT,34,4920697
ygfS_ygfT_predicted,2.5555555555555554,30,8,AGTGGGAAACAGAAGGAACA,22,4906117
ygfS_ygfT_predicted,0.2222222222222222,9,8,AGTCTCGCTTATTACTTCCT,1,4929582
ygfS_ygfT_predicted,1.5555555555555556,21,8,AGGCGGGGCGAACAGAGCCT,13,4930758
ygfS_ygfT_predicted,2.111111111111111,26,8,AGGCCGTAGGGGACCTTTTC,18,4909091
ygfS_ygfT_predicted,0.5555555555555556,12,8,AGCAAGATTCATCGGATGAA,4,4906100
ygfS_ygfT_predicted,3.0,34,8,AGAGGAAGCTGAACAATATT,26,4920193
ygfS_ygfT_predicted,0.3333333333333333,10,8,AGAGGAAAAGCTCTCACCAT,2,4908988
ygfS_ygfT_predicted,2.7777777777777777,32,8,AGAAGGTTGCATTTCTCGCT,24,4907136
ygfS_ygfT_predicted,2.5555555555555554,30,8,AGAACGCGCATGTAACGGTG,22,4903676
ygfS_ygfT_predicted,1.7777777777777777,23,8,ACTTTCTGCCTCGCACGTAT,15,4915815
ygfS_ygfT_predicted,1.0,16,8,ACTTCATCAGAGTTAAAAGG,8,4922289
ygfS_ygfT_predicted,1.1111111111111112,17,8,ACTGGTTTTGCATTATTTGT,9,4902947
ygfS_ygfT_predicted,1.6666666666666667,22,8,ACTGCTTATCGCAACCCATG,14,4905891
ygfS_ygfT_predicted,2.0,25,8,ACGACCTAGTGTTGAGAATA,17,4903605
ygfS_ygfT_predicted,0.2222222222222222,9,8,ACCTAGCTTCCCGATCTGAG,1,4912023
ygfS_ygfT_predicted,1.4444444444444444,20,8,ACCGACAGTCGTACAAAGCT,12,4915350
ygfS_ygfT_predicted,1.1111111111111112,17,8,ACCCCGTCGGTCTCGGCCCT,9,4906695
ygfS_ygfT_predicted,1.3333333333333333,19,8,ACATGGATGACTTGTGAGCC,11,4903776
ygfS_ygfT_predicted,2.6666666666666665,31,8,ACATAACATTGTTACCTATC,23,4920278
ygfS_ygfT_predicted,0.2222222222222222,9,8,ACAAAATTTAGACTTAATCG,1,4910116
ygfS_ygfT_predicted,2.5555555555555554,30,8,AATTCTGCCCGGCCTACGCC,22,4928103
ygfS_ygfT_predicted,0.2222222222222222,9,8,AATTACATGGCACTTGCACA,1,4899710
ygfS_ygfT_predicted,2.0,25,8,AAGTTTTCGGTGCAGTTATC,17,4900351
ygfS_ygfT_predicted,1.0,16,8,AAACAAGTGATCGCCTCCTC,8,4920456
ygfS_ygfT_predicted,3.125,31,7,TTTCCCAGTATCAGAGATGG,24,4903383
ygfS_ygfT_predicted,3.25,32,7,TTTCACGTAGTGCATACAAG,25,4919031
ygfS_ygfT_predicted,7.125,63,7,TTGCCGCCATCAGCTGACCG,56,4913518
ygfS_ygfT_predicted,2.625,27,7,TTCTGTCCAGCGGACTTATT,20,4908304
ygfS_ygfT_predicted,0.25,8,7,TTCTGCACTGAGGCGGAATT,1,4901258
ygfS_ygfT_predicted,2.625,27,7,TTCTATTGGTTAACAGAGTT,20,4908282
ygfS_ygfT_predicted,0.625,11,7,TTCGATGCCCGCACATGAGC,4,4929904
ygfS_ygfT_predicted,3.25,32,7,TTCACATGCAGTGCTGGATA,25,4904124
ygfS_ygfT_predicted,1.75,20,7,TTATTTGGTGCTTCCGTCAT,13,4924363
ygfS_ygfT_predicted,3.125,31,7,TTAGCGTTCCATATAGAGAT,24,4912190
ygfS_ygfT_predicted,3.375,33,7,TTAACCGGTCAGGTTTCCTA,26,4902891
ygfS_ygfT_predicted,2.0,22,7,TGTTATAGTTATCAATGGTA,15,4928725
ygfS_ygfT_predicted,2.625,27,7,TGTGCACTTACTGCTAAGGT,20,4912307
ygfS_ygfT_predicted,1.125,15,7,TGCGCGGAACACGGTGAGTA,8,4926709
ygfS_ygfT_predicted,2.125,23,7,TGCATTAAGGGTTTAGTGTA,16,4922349
ygfS_ygfT_predicted,0.625,11,7,TGAAAATGGATCCTGACATT,4,4911315
ygfS_ygfT_predicted,2.75,28,7,TCTGGTGCTGGGGTTTCCAC,21,4916878
ygfS_ygfT_predicted,3.0,30,7,TCGTAGTGCGGAATTCTGCG,23,4929216
ygfS_ygfT_predicted,0.25,8,7,TCGGGGTCGTGCAGAATACA,1,4912672
ygfS_ygfT_predicted,2.0,22,7,TCGGATACGTCCGCTCGAAG,15,4930215
ygfS_ygfT_predicted,1.5,18,7,TCCTAATTGCGGTACCCATA,11,4916284
ygfS_ygfT_predicted,4.625,43,7,TCCATGTTGGAAGTACGATC,36,4926537
ygfS_ygfT_predicted,5.125,47,7,TCCACGCGGTTGTAAAGGGG,40,4929367
ygfS_ygfT_predicted,2.0,22,7,TATTCTCGTAAACATATCCC,15,4902374
ygfS_ygfT_predicted,3.875,37,7,TATGGTAATTTAAACAGCGT,30,4923892
ygfS_ygfT_predicted,0.5,10,7,TATCGGCTATGTCGGGTAGA,3,4902822
ygfS_ygfT_predicted,3.25,32,7,TATCCGTGATACAGAAATCG,25,4903893
ygfS_ygfT_predicted,1.125,15,7,TAGGTTTCAATGGGAAATTC,8,4928446
ygfS_ygfT_predicted,0.25,8,7,TAGGGTTCACTAGGAATGAC,1,4904844
ygfS_ygfT_predicted,2.375,25,7,TAGCTTGCGTCAGGAAAGAT,18,4904533
ygfS_ygfT_predicted,2.75,28,7,TAGCATCTCCCGCGGCCCCA,21,4916960
ygfS_ygfT_predicted,0.75,12,7,TACGTATTTTCGTCGAGGAT,5,4913307
ygfS_ygfT_predicted,0.5,10,7,TACATTTCTGCGACTACCTC,3,4923234
ygfS_ygfT_predicted,2.125,23,7,TAATTCTTTTGGCTTCTCGT,16,4924496
ygfS_ygfT_predicted,2.125,23,7,GTTAAGTCATGGTCCAACTC,16,4911514
ygfS_ygfT_predicted,2.25,24,7,GTGACTTGTCTCTCTTCCGG,17,4908283
ygfS_ygfT_predicted,3.0,30,7,GTCTCTCTCATCACCAGGTC,23,4916312
ygfS_ygfT_predicted,2.0,22,7,GTCACCCTATTCAGATATGT,15,4908840
ygfS_ygfT_predicted,0.375,9,7,GTCACCCCAGGAGTCCTGGA,2,4926245
ygfS_ygfT_predicted,0.25,8,7,GTAGACTCTCACGTAGGCAG,1,4910882
ygfS_ygfT_predicted,1.125,15,7,GGTTGATCTCATCATGAACT,8,4909827
ygfS_ygfT_predicted,3.25,32,7,GGTCGAGCAATCAGCCGTCT,25,4926808
ygfS_ygfT_predicted,4.0,38,7,GGGTGGCATGATTGCTTTGG,31,4921820
ygfS_ygfT_predicted,1.375,17,7,GGGGGTATAGACTCGGCAGG,10,4915377
ygfS_ygfT_predicted,3.0,30,7,GGGGGACAAGTCCTTATTGA,23,4910531
ygfS_ygfT_predicted,1.625,19,7,GGAGGGCCATGGTCGCACAA,12,4916643
ygfS_ygfT_predicted,3.375,33,7,GCGACACTAAGTGTAGGAGT,26,4921041
ygfS_ygfT_predicted,2.75,28,7,GCATCCGACGTTAGCAGGTA,21,4900618
ygfS_ygfT_predicted,2.625,27,7,GCATCCCTGCGCAGATCAGC,20,4927666
ygfS_ygfT_predicted,1.375,17,7,GCATCAATTGTTCTGATACA,10,4918553
ygfS_ygfT_predicted,2.625,27,7,GATCTTCATTCTCGTACTAG,20,4903415
ygfS_ygfT_predicted,1.75,20,7,GAGGGAACCATAAAGGCGAT,13,4922966
ygfS_ygfT_predicted,1.5,18,7,GAGCCTGACCGCATTAAATA,11,4900934
ygfS_ygfT_predicted,0.625,11,7,GAGCCTCGCGCCCATTATGT,4,4909809
ygfS_ygfT_predicted,2.0,22,7,GACTGTTCATATAGCCCGGC,15,4910505
ygfS_ygfT_predicted,2.125,23,7,GACGGGGGGGCAGAAGCCTC,16,4928918
ygfS_ygfT_predicted,1.5,18,7,GACGCGTCTTGCTAACCGGT,11,4901772
ygfS_ygfT_predicted,4.375,41,7,GACCTGGGCTGTTCGGACCC,34,4921931
ygfS_ygfT_predicted,1.875,21,7,GACCGTGCAAACCGTTAGGA,14,4920939
ygfS_ygfT_predicted,2.375,25,7,GAATGACATGAGCCTGGGCA,18,4921835
ygfS_ygfT_predicted,2.25,24,7,GAAATGATCACGCATCCTAT,17,4905611
ygfS_ygfT_predicted,2.125,23,7,CTTGCATAAAGGGTCGCGTG,16,4909489
ygfS_ygfT_predicted,5.0,46,7,CTTAGTGTCGCCAAGTATGT,39,4913862
ygfS_ygfT_predicted,2.125,23,7,CTTACCAGCGTACCATGCAG,16,4926014
ygfS_ygfT_predicted,2.75,28,7,CTGGGTCCCAATCGTAAAAT,21,4911820
ygfS_ygfT_predicted,2.0,22,7,CTGCTGGTAGCCCCATCAAG,15,4927429
ygfS_ygfT_predicted,3.125,31,7,CTGCTAAGCTTTCAGAAGAT,24,4917223
ygfS_ygfT_predicted,2.375,25,7,CTCTTCCATGGCGACTGTAC,18,4927671
ygfS_ygfT_predicted,2.0,22,7,CTCTCTGAGCTAGTGTCTCG,15,4905736
ygfS_ygfT_predicted,2.125,23,7,CTCGTGTCAGAGGCCAGGAG,16,4916141
ygfS_ygfT_predicted,1.875,21,7,CTCATGGCTCCCAGTAGGTC,14,4902041
ygfS_ygfT_predicted,1.625,19,7,CTAAGAAGGCTCCACCTTGC,12,4918020
ygfS_ygfT_predicted,2.75,28,7,CGTGTTGTATGCATCACATT,21,4920834
ygfS_ygfT_predicted,2.875,29,7,CGTGATCGTGACCTGAGGAT,22,4920033
ygfS_ygfT_predicted,1.75,20,7,CGTCAGTGCGGATTGACAAT,13,4907680
ygfS_ygfT_predicted,2.375,25,7,CGGTCGGGGTATCCCGAGTG,18,4922942
ygfS_ygfT_predicted,2.875,29,7,CGCTGTCTGAACCTCGCGTT,22,4910612
ygfS_ygfT_predicted,0.25,8,7,CGCTGGAGCTCAAAATTCGT,1,4919752
ygfS_ygfT_predicted,2.625,27,7,CGAAGATTAAGTGTACGCAA,20,4913356
ygfS_ygfT_predicted,0.875,13,7,CCTGAATCCATACCTTAACA,6,4923762
ygfS_ygfT_predicted,2.25,24,7,CCTCGATTCTAGGCGTCCGA,17,4913058
ygfS_ygfT_predicted,1.625,19,7,CCGTCCCTACTGTGACGGGG,12,4929515
ygfS_ygfT_predicted,2.875,29,7,CCCTGGTACCAAAATCGCTA,22,4919452
ygfS_ygfT_predicted,1.375,17,7,CCCTCCTATGTTAGTGCATG,10,4930925
ygfS_ygfT_predicted,1.625,19,7,CCCCCGAGGCTCGGAAATTC,12,4913460
ygfS_ygfT_predicted,2.0,22,7,CCAACGCTATCGATCCTGGT,15,4918595
ygfS_ygfT_predicted,2.875,29,7,CCAACCGGTGACCTTCTGGG,22,4930571
ygfS_ygfT_predicted,0.875,13,7,CCAAAGTGAATCCAGTATGT,6,4914911
ygfS_ygfT_predicted,1.625,19,7,CATTATTCATTACGTTACCT,12,4926048
ygfS_ygfT_predicted,1.125,15,7,CATGATAGTACTCGGGCTTA,8,4906697
ygfS_ygfT_predicted,2.625,27,7,CATAATGCGTTCGAGGACTT,20,4911039
ygfS_ygfT_predicted,2.125,23,7,CATAAGTTTCCTGATACGTT,16,4911969
ygfS_ygfT_predicted,0.25,8,7,CAGGGACAGTTTAGTTAACA,1,4901924
ygfS_ygfT_predicted,0.25,8,7,CAGAGTAGCCCGCACACGGA,1,4913582
ygfS_ygfT_predicted,2.5,26,7,CAGAGTAGAGACGGGCATAT,19,4928678
ygfS_ygfT_predicted,5.25,48,7,ATTTAATGGCCGAGCTCCAT,41,4905766
ygfS_ygfT_predicted,0.25,8,7,ATTCGTGCAGCGAATCATAA,1,4915185
ygfS_ygfT_predicted,2.875,29,7,ATTCGTCAACAAGTTTTCCT,22,4922044
ygfS_ygfT_predicted,1.75,20,7,ATGTATTTCCAACAATAATG,13,4931270
ygfS_ygfT_predicted,0.25,8,7,ATGGTTTAAACCACAATCCC,1,4928140
ygfS_ygfT_predicted,5.0,46,7,ATGGTGAGATACGTTTCACT,39,4919774
ygfS_ygfT_predicted,2.375,25,7,ATCGACGCGTTCGCCGGGAC,18,4921235
ygfS_ygfT_predicted,1.125,15,7,ATCATCTCGTATGGCTTAGG,8,4915739
ygfS_ygfT_predicted,2.625,27,7,ATCACAGCCGCCTTAGAGGT,20,4907102
ygfS_ygfT_predicted,0.375,9,7,ATAGTATTGAGCGGAGGTAT,2,4910655
ygfS_ygfT_predicted,1.75,20,7,ATACGGTACTCGTTGGAATT,13,4925449
ygfS_ygfT_predicted,2.25,24,7,AGTTGCTTATGGTGTCCGAG,17,4924255
ygfS_ygfT_predicted,3.0,30,7,AGTTAACCAATGCTTCCCGT,23,4904999
ygfS_ygfT_predicted,1.625,19,7,AGTGATAGTAAACAAGCCGT,12,4924967
ygfS_ygfT_predicted,1.25,16,7,AGTATTTGTCATTTAGTGCT,9,4909908
ygfS_ygfT_predicted,2.125,23,7,AGGGGGGATTTATCGTGGTT,16,4914223
ygfS_ygfT_predicted,0.25,8,7,AGCGATGAACGATTTGACTG,1,4910131
ygfS_ygfT_predicted,1.125,15,7,AGACACAAGGAGGACAAGAT,8,4912656
ygfS_ygfT_predicted,1.625,19,7,ACTCACTTACATACTCGAAG,12,4899948
ygfS_ygfT_predicted,0.25,8,7,ACTATAGAGCGTTTTCATTT,1,4904689
ygfS_ygfT_predicted,4.625,43,7,ACGGGTCTTAGGACTTAGGA,36,4914672
ygfS_ygfT_predicted,1.875,21,7,ACGATAGAAGGGATCTTTCA,14,4926230
ygfS_ygfT_predicted,0.25,8,7,ACCCGGTTCCGTCTTCTGTT,1,4902339
ygfS_ygfT_predicted,1.5,18,7,ACCAGATGGCGGACACTTAA,11,4907791
ygfS_ygfT_predicted,0.75,12,7,ACCACGTCAGGGCGTAATCA,5,4924916
ygfS_ygfT_predicted,0.625,11,7,ACAGCGTCACACGAGTGGCA,4,4908129
ygfS_ygfT_predicted,1.125,15,7,AATTTAGAATCTGTGTTAAT,8,4914560
ygfS_ygfT_predicted,2.125,23,7,AATGGTAGGCCGTCAGCACA,16,4928174
ygfS_ygfT_predicted,2.0,22,7,AATGACAACCCTATAGCGGC,15,4910884
ygfS_ygfT_predicted,2.5,26,7,AATATAAAAGATCCGAGTTA,19,4913771
ygfS_ygfT_predicted,2.25,24,7,AAAGTTACTCGCGTCGAGAA,17,4917470
ygfS_ygfT_predicted,3.0,26,6,TTGGCGTCGATAATATGAAT,20,4927278
ygfS_ygfT_predicted,2.0,19,6,TTGGACCGAACTAAGTAACA,13,4909941
ygfS_ygfT_predicted,1.1428571428571428,13,6,TTGATTACCCTATCTCGTAC,7,4920678
ygfS_ygfT_predicted,1.4285714285714286,15,6,TTCATACCGACATTGAATTC,9,4902665
ygfS_ygfT_predicted,1.5714285714285714,16,6,TTATACCAAATAGCGCGTAT,10,4912324
ygfS_ygfT_predicted,2.142857142857143,20,6,TTACTTTAGAACGTACCCCA,14,4927283
ygfS_ygfT_predicted,0.42857142857142855,8,6,TTACTCTAGAGCTAAGCCCA,2,4906541
ygfS_ygfT_predicted,2.857142857142857,25,6,TGTCACAGGACACAGTACTT,19,4912408
ygfS_ygfT_predicted,2.142857142857143,20,6,TGTATTAGAGTCGCTACAGT,14,4925912
ygfS_ygfT_predicted,0.2857142857142857,7,6,TGGAAGTAGGTGTGGCGCAG,1,4908910
ygfS_ygfT_predicted,3.142857142857143,27,6,TGCCCGACGGGGATCGGGGT,21,4904960
ygfS_ygfT_predicted,1.4285714285714286,15,6,TGCCAGTGTTGTAGAGGCAG,9,4899895
ygfS_ygfT_predicted,1.8571428571428572,18,6,TGCATTAAGAAGAGTCCACA,12,4925723
ygfS_ygfT_predicted,0.8571428571428571,11,6,TGATTTTCGCTGGGCGTCCA,5,4902733
ygfS_ygfT_predicted,1.1428571428571428,13,6,TGATAGTCACGACCATTACA,7,4924676
ygfS_ygfT_predicted,2.142857142857143,20,6,TGACCAGTTATGCAAATTGG,14,4902111
ygfS_ygfT_predicted,2.7142857142857144,24,6,TGACACGGGCTGGTTTAGGA,18,4917777
ygfS_ygfT_predicted,1.2857142857142858,14,6,TCTTGGAAGCTAATCAAAGC,8,4910756
ygfS_ygfT_predicted,2.5714285714285716,23,6,TCTTCTTATCTGCTCGGTTC,17,4912471
ygfS_ygfT_predicted,3.142857142857143,27,6,TCTAGGCCATAAAGTTCGTA,21,4920731
ygfS_ygfT_predicted,0.2857142857142857,7,6,TCGTTTACGTACACTTAACG,1,4912519
ygfS_ygfT_predicted,2.4285714285714284,22,6,TCGCCATTGCCGACCCGGCA,16,4927200
ygfS_ygfT_predicted,2.4285714285714284,22,6,TCGATAATAGCCGGCTTACG,16,4918499
ygfS_ygfT_predicted,1.4285714285714286,15,6,TCCGACCCCGGATAACGCAT,9,4925833
ygfS_ygfT_predicted,3.142857142857143,27,6,TCATAGACGCAATTGCCGTG,21,4919934
ygfS_ygfT_predicted,2.7142857142857144,24,6,TCACTTGGTGTGTCGTCCCT,18,4901638
ygfS_ygfT_predicted,1.4285714285714286,15,6,TATGCAGTTGCGTAGATTAG,9,4911445
ygfS_ygfT_predicted,3.2857142857142856,28,6,TATATGGAATTCAGGGATGT,22,4929342
ygfS_ygfT_predicted,2.5714285714285716,23,6,TATACTGGAGGTCAAGGGGA,17,4919362
ygfS_ygfT_predicted,1.1428571428571428,13,6,TAGGCTTATGCGGCGGGGGT,7,4911488
ygfS_ygfT_predicted,1.2857142857142858,14,6,TAGCTCGTGGCACATGCTCT,8,4908981
ygfS_ygfT_predicted,4.714285714285714,38,6,TAGAAGGCTTTGTTGATCGT,32,4916261
ygfS_ygfT_predicted,1.2857142857142858,14,6,TACGGTGATGCGTCGGAAGC,8,4918343
ygfS_ygfT_predicted,1.4285714285714286,15,6,TACAGTGTGAATATGGTTTC,9,4926787
ygfS_ygfT_predicted,2.5714285714285716,23,6,TAAGTAAGTCATAGTCTGCG,17,4908982
ygfS_ygfT_predicted,2.142857142857143,20,6,TAAAAATAGAAGATCCCTTA,14,4921989
ygfS_ygfT_predicted,0.2857142857142857,7,6,GTTTTCTGCCAATAGATGAC,1,4905185
ygfS_ygfT_predicted,5.0,40,6,GTTCCACGCCTCAATCTGGG,34,4903800
ygfS_ygfT_predicted,1.4285714285714286,15,6,GTTAAGCTGACGCTCTGACA,9,4906821
ygfS_ygfT_predicted,4.428571428571429,36,6,GTCTGCGACGCAAACTGCGC,30,4914551
ygfS_ygfT_predicted,2.142857142857143,20,6,GTCGTACCAAAAGGAGATAG,14,4910492
ygfS_ygfT_predicted,2.142857142857143,20,6,GTCCCTTTGGCTCGGGTAAC,14,4931315
ygfS_ygfT_predicted,1.8571428571428572,18,6,GTCCAGGACAGACGGGGTCG,12,4919723
ygfS_ygfT_predicted,2.857142857142857,25,6,GTAAAGGAGGAATTACCTAG,19,4916543
ygfS_ygfT_predicted,2.142857142857143,20,6,GGTACACCTCGTGTAGTAAA,14,4929075
ygfS_ygfT_predicted,2.5714285714285716,23,6,GGGACTTTACGATTTATTGA,17,4904454
ygfS_ygfT_predicted,0.8571428571428571,11,6,GGGACTCGACAAATGCTTAA,5,4903284
ygfS_ygfT_predicted,1.8571428571428572,18,6,GGCTTGTCTTGGCATGCATT,12,4925140
ygfS_ygfT_predicted,1.5714285714285714,16,6,GGCCGTCCCCACGTTAGTTC,10,4916229
ygfS_ygfT_predicted,2.142857142857143,20,6,GGCATGAACCTCAAGAAAAT,14,4909760
ygfS_ygfT_predicted,6.571428571428571,51,6,GGATGGGACACTACGCATCG,45,4927077
ygfS_ygfT_predicted,0.2857142857142857,7,6,GGATCGGCATGAGATTCAAA,1,4910866
ygfS_ygfT_predicted,0.2857142857142857,7,6,GGACGATGTTACTCTGTGTT,1,4924707
ygfS_ygfT_predicted,1.1428571428571428,13,6,GGACCTGAGTGTCGCTGCGG,7,4931281
ygfS_ygfT_predicted,0.2857142857142857,7,6,GGAAGGCCAGCCCCGGCGCA,1,4919316
ygfS_ygfT_predicted,4.0,33,6,GGAAAGACATGCTCCATACC,27,4913354
ygfS_ygfT_predicted,1.4285714285714286,15,6,GCTGATAGATCGATCTCGAA,9,4903906
ygfS_ygfT_predicted,0.2857142857142857,7,6,GCGGTCTGGAAAATTTTCGA,1,4911651
ygfS_ygfT_predicted,1.4285714285714286,15,6,GCCAAGATGCGATCGCGCGT,9,4903393
ygfS_ygfT_predicted,2.857142857142857,25,6,GCCAACATAGCCTACTTGGT,19,4912525
ygfS_ygfT_predicted,2.142857142857143,20,6,GATTGCCTGGCCGTCGAATT,14,4917843
ygfS_ygfT_predicted,1.8571428571428572,18,6,GATTGAGGCGACCGGCTCAG,12,4912049
ygfS_ygfT_predicted,3.5714285714285716,30,6,GATTAAGGGAGAAAGTTTTT,24,4903930
ygfS_ygfT_predicted,1.8571428571428572,18,6,GATAGGACTCTCCTAGGACA,12,4908345
ygfS_ygfT_predicted,1.2857142857142858,14,6,GAGCTATGCCGGATCCAAAC,8,4921046
ygfS_ygfT_predicted,1.5714285714285714,16,6,GAGAAACGACGGGCCTCCCT,10,4901968
ygfS_ygfT_predicted,0.42857142857142855,8,6,GACTGTGAGTTCTACACCCC,2,4906496
ygfS_ygfT_predicted,2.4285714285714284,22,6,GACCGCAGAATTTCTTGAAA,16,4919241
ygfS_ygfT_predicted,1.1428571428571428,13,6,GAAGGAGTGTCTGAATGCGT,7,4922974
ygfS_ygfT_predicted,1.5714285714285714,16,6,GAAAAACTTCATATCCCATG,10,4902344
ygfS_ygfT_predicted,0.2857142857142857,7,6,CTTTGCGCTACAGGCATTGC,1,4904193
ygfS_ygfT_predicted,2.142857142857143,20,6,CTTAGCCTGCCTTCCACATC,14,4927619
ygfS_ygfT_predicted,2.2857142857142856,21,6,CTGTGGTAATACAACCCATT,15,4902651
ygfS_ygfT_predicted,3.0,26,6,CTGGAAAGCAAAATCTGGCA,20,4929448
ygfS_ygfT_predicted,2.142857142857143,20,6,CTCTCAGGTGCCTTAGGGAT,14,4900151
ygfS_ygfT_predicted,6.571428571428571,51,6,CTCCCTCTCCTCACTGTTTA,45,4903482
ygfS_ygfT_predicted,0.2857142857142857,7,6,CTCCCGCCAGCCGCGATCTC,1,4915539
ygfS_ygfT_predicted,2.857142857142857,25,6,CTCAGAAACAGCTTCAACTT,19,4905786
ygfS_ygfT_predicted,3.2857142857142856,28,6,CTACCCTACGGTATGGATTA,22,4917248
ygfS_ygfT_predicted,0.2857142857142857,7,6,CTACAGTGTCGGATTCAGCA,1,4930714
ygfS_ygfT_predicted,2.5714285714285716,23,6,CGTCACACCCGGCTTAGAAA,17,4915378
ygfS_ygfT_predicted,2.5714285714285716,23,6,CGTATTAAAGGGACTAGCCC,17,4929127
ygfS_ygfT_predicted,2.0,19,6,CGCCGCCTCTATGGATAACC,13,4900016
ygfS_ygfT_predicted,6.285714285714286,49,6,CGCCACGAAGACTAATGGGG,43,4907213
ygfS_ygfT_predicted,1.2857142857142858,14,6,CGAGGAGGGCAAGAGTCATG,8,4920429
ygfS_ygfT_predicted,2.4285714285714284,22,6,CCTATGCGGCAATTAACAAC,16,4902094
ygfS_ygfT_predicted,0.2857142857142857,7,6,CCTAGTACACACATTGGCGG,1,4922901
ygfS_ygfT_predicted,2.5714285714285716,23,6,CCTAACTGCTCGGAGGTGCT,17,4903257
ygfS_ygfT_predicted,2.0,19,6,CCGTGCGGGCAGTTATCCTG,13,4909927
ygfS_ygfT_predicted,4.428571428571429,36,6,CCGTCGTCGGTGGAGGGTAG,30,4903028
ygfS_ygfT_predicted,7.0,54,6,CCGTATATCCTACCATTATA,48,4904200
ygfS_ygfT_predicted,2.142857142857143,20,6,CCGGTTGTTGAACTACTGAG,14,4907273
ygfS_ygfT_predicted,2.142857142857143,20,6,CCGCCGGTCATACATTGCAT,14,4906874
ygfS_ygfT_predicted,1.4285714285714286,15,6,CCCTGACCTACATATGCGAT,9,4920859
ygfS_ygfT_predicted,0.2857142857142857,7,6,CCACTGTTAAGGTAAACGTA,1,4911254
ygfS_ygfT_predicted,2.4285714285714284,22,6,CATTGAGGAATCGCGATATT,16,4915345
ygfS_ygfT_predicted,2.142857142857143,20,6,CATGCACAGTTTCAGCATTT,14,4909529
ygfS_ygfT_predicted,3.142857142857143,27,6,CATCCTATTGATAGGTACGT,21,4917452
ygfS_ygfT_predicted,2.142857142857143,20,6,CAGTGGTAATACGGGTTGGA,14,4912097
ygfS_ygfT_predicted,1.0,12,6,CAGGTCATCTGACATATCAC,6,4919570
ygfS_ygfT_predicted,0.5714285714285714,9,6,CACTCGCTCACATTGGCAAC,3,4926328
ygfS_ygfT_predicted,2.5714285714285716,23,6,CACGGGGCCCCCGCTGAGTA,17,4910097
ygfS_ygfT_predicted,1.8571428571428572,18,6,CACATAGTTTCAGTCCCTGC,12,4906241
ygfS_ygfT_predicted,2.4285714285714284,22,6,CACAGTCGAACGCTTGATCT,16,4911825
ygfS_ygfT_predicted,2.7142857142857144,24,6,CAATCTTTGTCCACTATCCA,18,4925869
ygfS_ygfT_predicted,2.857142857142857,25,6,CAAGGTACGAATTGATTGTA,19,4925655
ygfS_ygfT_predicted,5.0,40,6,ATTTAATGACCAGCCTCCCA,34,4924085
ygfS_ygfT_predicted,3.5714285714285716,30,6,ATTGGCTAGTGACGCAGAAT,24,4905596
ygfS_ygfT_predicted,1.0,12,6,ATTCGTCTCCAGATACTACT,6,4914107
ygfS_ygfT_predicted,0.8571428571428571,11,6,ATGGTAATTAGCTTAACTAA,5,4930056
ygfS_ygfT_predicted,1.5714285714285714,16,6,ATGCCACTAGGCTGGTCCCT,10,4925144
ygfS_ygfT_predicted,2.0,19,6,ATGAAGAATTGCTTTATTCT,13,4918061
ygfS_ygfT_predicted,6.0,47,6,ATCTAGCCCGGCCCGACAGC,41,4906750
ygfS_ygfT_predicted,2.142857142857143,20,6,ATCGCATCATTGTGTGTGTG,14,4923835
ygfS_ygfT_predicted,2.7142857142857144,24,6,ATCCCGTTTATATCGACCGT,18,4904764
ygfS_ygfT_predicted,1.2857142857142858,14,6,ATCAGAACCAAATCTGGACG,8,4924484
ygfS_ygfT_predicted,0.2857142857142857,7,6,ATAGGTCTTGGCACGACCGT,1,4915394
ygfS_ygfT_predicted,1.2857142857142858,14,6,ATACCGGACCCTCACGGTAG,8,4913349
ygfS_ygfT_predicted,1.4285714285714286,15,6,ATACAGATCTGGAAGAAACT,9,4917637
ygfS_ygfT_predicted,3.5714285714285716,30,6,AGTGAATTCCTGAGGCCAGT,24,4917979
ygfS_ygfT_predicted,2.142857142857143,20,6,AGGTCGAGCCAGATAGGGAA,14,4903069
ygfS_ygfT_predicted,3.0,26,6,AGGGCGTTCGTTTTCAGGGT,20,4930082
ygfS_ygfT_predicted,3.2857142857142856,28,6,AGGCTCCTTTGTGGGTTCAT,22,4926353
ygfS_ygfT_predicted,2.142857142857143,20,6,AGGCACGATGGTGCCATGGA,14,4913805
ygfS_ygfT_predicted,1.7142857142857142,17,6,AGCTCGCTCCCCCGTCTTAT,11,4901648
ygfS_ygfT_predicted,3.2857142857142856,28,6,AGCGTCAACGCCCCCAATAA,22,4924691
ygfS_ygfT_predicted,1.7142857142857142,17,6,AGCGGCCCGAGTAGAAGAGA,11,4918918
ygfS_ygfT_predicted,4.142857142857143,34,6,AGCCATCTACTAAGATCGAT,28,4920104
ygfS_ygfT_predicted,3.5714285714285716,30,6,AGCAAGAGGTGGTTTGCGGG,24,4908776
ygfS_ygfT_predicted,2.0,19,6,ACTGCTCTGTATACAAGGTC,13,4928616
ygfS_ygfT_predicted,1.5714285714285714,16,6,ACGTGTCGGGGACCGAGACG,10,4901394
ygfS_ygfT_predicted,3.857142857142857,32,6,ACGGACAGCTCCTGGTGCTC,26,4902406
ygfS_ygfT_predicted,1.1428571428571428,13,6,ACCTCTAATAGGAGTACCGC,7,4915260
ygfS_ygfT_predicted,1.8571428571428572,18,6,ACCGGTTACCCCCAAACTCC,12,4905945
ygfS_ygfT_predicted,0.2857142857142857,7,6,ACCGCTGACAGGGGTGACTA,1,4905704
ygfS_ygfT_predicted,2.5714285714285716,23,6,ACCATTCCACGGCTTCATGA,17,4921531
ygfS_ygfT_predicted,0.2857142857142857,7,6,ACCATCCCAACGGTATCACT,1,4920523
ygfS_ygfT_predicted,2.2857142857142856,21,6,ACATTCAGTTGATAGTCATA,15,4914202
ygfS_ygfT_predicted,0.2857142857142857,7,6,ACAATTTATGGTCTTCTACA,1,4908462
ygfS_ygfT_predicted,2.4285714285714284,22,6,ACAAGTGGATATTTAAGCGC,16,4920404
ygfS_ygfT_predicted,3.7142857142857144,31,6,AATGACACGCGGCTAGACTG,25,4907450
ygfS_ygfT_predicted,0.7142857142857143,10,6,AAGTCACGAGAGGTTCTAAA,4,4910586
ygfS_ygfT_predicted,1.7142857142857142,17,6,AAGAGAGAACTCGACTTTGT,11,4914264
ygfS_ygfT_predicted,0.7142857142857143,10,6,AAATGGGGCGCGATATCTTC,4,4914804
ygfS_ygfT_predicted,1.7142857142857142,17,6,AAAGCGGCGATCATTCCGGA,11,4922967
ygfS_ygfT_predicted,0.2857142857142857,7,6,AAACCAAAAGCTGGCATCAA,1,4918261
ygfS_ygfT_predicted,2.3333333333333335,18,5,TTTCATGGTACTATTTCAAG,13,4920410
ygfS_ygfT_predicted,0.3333333333333333,6,5,TTGGGTATCTTCTGAATGAT,1,4918610
ygfS_ygfT_predicted,2.6666666666666665,20,5,TTGGCGGCAGGGTGGAAATA,15,4929242
ygfS_ygfT_predicted,6.0,40,5,TTGGATAGGCCAGAACTATA,35,4916097
ygfS_ygfT_predicted,2.3333333333333335,18,5,TTGCGTGACGGAGCCATTTT,13,4926217
ygfS_ygfT_predicted,0.3333333333333333,6,5,TTGATATGCTTCTCAAGAGT,1,4907329
ygfS_ygfT_predicted,1.3333333333333333,12,5,TTCTTTCGTAGCCTATTCAT,7,4907984
ygfS_ygfT_predicted,3.5,25,5,TTCTATGGGAGTCATGGTTC,20,4910583
ygfS_ygfT_predicted,3.3333333333333335,24,5,TTCGGTCATTGTTCCATCTT,19,4917545
ygfS_ygfT_predicted,5.666666666666667,38,5,TTAGGGTTAGCTTGTTAAGA,33,4918483
ygfS_ygfT_predicted,1.5,13,5,TTACTCCGGACAGGTTTGGC,8,4919991
ygfS_ygfT_predicted,3.0,22,5,TTAATTGACTTTGCTCCACC,17,4903144
ygfS_ygfT_predicted,2.1666666666666665,17,5,TGTTGAGAGGGGTGCGCCAA,12,4914906
ygfS_ygfT_predicted,2.8333333333333335,21,5,TGTTATCGTTTACAGCGAAC,16,4925080
ygfS_ygfT_predicted,2.8333333333333335,21,5,TGTGACTCCGCTAGCAAAGA,16,4907343
ygfS_ygfT_predicted,4.5,31,5,TGCGTTCCAAAACCCTTCAG,26,4923924
ygfS_ygfT_predicted,3.0,22,5,TGCATTCGAATGATCCCCAT,17,4904184
ygfS_ygfT_predicted,0.5,7,5,TGCAATTATTCTCCTCTGGG,2,4911413
ygfS_ygfT_predicted,3.1666666666666665,23,5,TCTCTGTATACGAAAAGATC,18,4902259
ygfS_ygfT_predicted,0.3333333333333333,6,5,TCTCATCATGCGTCGCCGGT,1,4919187
ygfS_ygfT_predicted,3.1666666666666665,23,5,TCTCAGGTAAGCATGCAGTT,18,4929831
ygfS_ygfT_predicted,1.3333333333333333,12,5,TCGATTTATCGTTAGCTCCC,7,4925160
ygfS_ygfT_predicted,4.333333333333333,30,5,TCCAAGGTAACCCGAAGAAC,25,4927831
ygfS_ygfT_predicted,3.1666666666666665,23,5,TCATTAGTGCAGATAGTGAC,18,4905712
ygfS_ygfT_predicted,2.6666666666666665,20,5,TCATCGTAGAGATCCATCAT,15,4902494
ygfS_ygfT_predicted,3.6666666666666665,26,5,TCACGCGGTTCTACATTGCT,21,4925386
ygfS_ygfT_predicted,2.8333333333333335,21,5,TCACCTGAGTGTCTAGATCA,16,4909467
ygfS_ygfT_predicted,3.0,22,5,TATGTAAGCTCAACGTTTCA,17,4925090
ygfS_ygfT_predicted,3.1666666666666665,23,5,TATCATTGCTCACGCAGTCC,18,4915408
ygfS_ygfT_predicted,2.1666666666666665,17,5,TAGCCCACTCCTGCGATAGC,12,4906753
ygfS_ygfT_predicted,0.3333333333333333,6,5,TACCACTTGAGCCATCCTTA,1,4929755
ygfS_ygfT_predicted,3.3333333333333335,24,5,TAAGTGGTGGCGCTCGTTTT,19,4908394
ygfS_ygfT_predicted,1.6666666666666667,14,5,TAAGTCACTTGCAATCTTGT,9,4908320
ygfS_ygfT_predicted,0.3333333333333333,6,5,TAAGGTTCCAAGATTGTTCA,1,4907271
ygfS_ygfT_predicted,5.833333333333333,39,5,TAACCTGTGTGTTCAGGTCC,34,4925606
ygfS_ygfT_predicted,0.3333333333333333,6,5,TAAACCGGTTGGCACGTAGG,1,4918422
ygfS_ygfT_predicted,0.3333333333333333,6,5,GTTTGTACAATCTAGTAGAG,1,4921468
ygfS_ygfT_predicted,2.5,19,5,GTTTATCATGCAAACCGTCT,14,4918546
ygfS_ygfT_predicted,4.0,28,5,GTTAGACTCCTGTCCGCCAA,23,4904883
ygfS_ygfT_predicted,0.3333333333333333,6,5,GTATTACACTCTTTTGGGAG,1,4918615
ygfS_ygfT_predicted,3.3333333333333335,24,5,GTATGCAGTTGGGTTCACAG,19,4900575
ygfS_ygfT_predicted,1.8333333333333333,15,5,GTATATAGGGTGGCGGTAAG,10,4904340
ygfS_ygfT_predicted,4.5,31,5,GTACGGGCCGCAGAGAGCTA,26,4908978
ygfS_ygfT_predicted,6.166666666666667,41,5,GTACGAACAGCGCTCAGAGG,36,4923554
ygfS_ygfT_predicted,12.166666666666666,77,5,GTAATCCGTAAGCTTAGTGC,72,4927456
ygfS_ygfT_predicted,2.5,19,5,GGTGTGCGGTGAATGTGTGG,14,4923450
ygfS_ygfT_predicted,2.5,19,5,GGTCACATTCCGGCCGCACA,14,4903405
ygfS_ygfT_predicted,3.6666666666666665,26,5,GGGTACATTTCACCTACCTG,21,4919690
ygfS_ygfT_predicted,2.6666666666666665,20,5,GGGGTCGCTATGTAATTTGA,15,4914622
ygfS_ygfT_predicted,1.6666666666666667,14,5,GGCGCGTCACCACCAATAAC,9,4930168
ygfS_ygfT_predicted,3.1666666666666665,23,5,GGCGAGTATACACGTGAAAC,18,4904296
ygfS_ygfT_predicted,1.0,10,5,GGCACGTCTGACAATACACG,5,4920721
ygfS_ygfT_predicted,3.3333333333333335,24,5,GGCACAACTGAGCTTCACGA,19,4904486
ygfS_ygfT_predicted,2.6666666666666665,20,5,GGATGAAACTGACGGGACTC,15,4914118
ygfS_ygfT_predicted,3.0,22,5,GGAAGTTTCGTTTCCGTAAA,17,4907070
ygfS_ygfT_predicted,1.5,13,5,GGAAATTTGACGTTCACCCC,8,4917880
ygfS_ygfT_predicted,0.3333333333333333,6,5,GCTGGTGGAACAGCGGGTCG,1,4912609
ygfS_ygfT_predicted,1.0,10,5,GCTGATTCCGGATAATGGCA,5,4916933
ygfS_ygfT_predicted,2.8333333333333335,21,5,GCTGATGGTTGTTTTTAAAC,16,4915416
ygfS_ygfT_predicted,0.3333333333333333,6,5,GCTCTCTAATGCTCGCGCAG,1,4908413
ygfS_ygfT_predicted,1.6666666666666667,14,5,GCGTCGAGATTTTGTAATGC,9,4904845
ygfS_ygfT_predicted,4.333333333333333,30,5,GCGCGTTGTCAAGCTAGTTA,25,4906258
ygfS_ygfT_predicted,0.8333333333333334,9,5,GCGACTACAACAGCCCTCGC,4,4900101
ygfS_ygfT_predicted,3.0,22,5,GCCCTGAAAGTTAAGATTGC,17,4922255
ygfS_ygfT_predicted,2.1666666666666665,17,5,GCCACGACTGGGAAAACGGA,12,4902224
ygfS_ygfT_predicted,0.3333333333333333,6,5,GCAGGAGGGGGGGTTCGCCG,1,4924459
ygfS_ygfT_predicted,1.6666666666666667,14,5,GATGGTATAATATTACGCCT,9,4902840
ygfS_ygfT_predicted,0.8333333333333334,9,5,GATGCTCCAGAATCTATTGC,4,4920545
ygfS_ygfT_predicted,4.0,28,5,GAGGAATCACGTGGGGCATA,23,4911544
ygfS_ygfT_predicted,3.6666666666666665,26,5,GAGAGAGCATTTGTGAAGGC,21,4903771
ygfS_ygfT_predicted,5.166666666666667,35,5,GAAGCAGACCAGCACGATTG,30,4900793
ygfS_ygfT_predicted,4.0,28,5,GAACTGGGGTTCTGAACTTA,23,4924351
ygfS_ygfT_predicted,0.3333333333333333,6,5,CTTTCTATGTTGTGACAAGA,1,4917462
ygfS_ygfT_predicted,1.6666666666666667,14,5,CTTGTACCGAAAAAACATCT,9,4906250
ygfS_ygfT_predicted,0.3333333333333333,6,5,CTTCATGCTCGTATATGCGC,1,4920067
ygfS_ygfT_predicted,2.5,19,5,CTCTGGTGCGATCGACTTAT,14,4924538
ygfS_ygfT_predicted,3.1666666666666665,23,5,CTCGTATAATCAGCACGACA,18,4926890
ygfS_ygfT_predicted,3.1666666666666665,23,5,CTCATCGCGCACCAGACCAT,18,4910469
ygfS_ygfT_predicted,3.0,22,5,CTATGTGACATATATTGGAT,17,4924130
ygfS_ygfT_predicted,5.666666666666667,38,5,CTAGGAGGGGAAGCCGTTGC,33,4900036
ygfS_ygfT_predicted,0.3333333333333333,6,5,CTAGCAACTGCGAGTTTAGG,1,4925561
ygfS_ygfT_predicted,3.1666666666666665,23,5,CGTAGGCGTCAAGGGTAGGT,18,4926067
ygfS_ygfT_predicted,0.3333333333333333,6,5,CGTAGAGCGAGCTCGAAAAT,1,4913590
ygfS_ygfT_predicted,0.5,7,5,CGGGGGCTTCTCGTGACGCC,2,4924879
ygfS_ygfT_predicted,3.8333333333333335,27,5,CGGGACGACACTTCAGACCT,22,4903443
ygfS_ygfT_predicted,3.1666666666666665,23,5,CGGCTTTAGAATCCCATTGC,18,4925979
ygfS_ygfT_predicted,1.0,10,5,CGGCGTCGTTGTGCCGGCCT,5,4907104
ygfS_ygfT_predicted,2.1666666666666665,17,5,CGGCCCGGAAACCACCTCCT,12,4900427
ygfS_ygfT_predicted,3.1666666666666665,23,5,CGCTCACGAGATGCTCAACA,18,4930449
ygfS_ygfT_predicted,1.0,10,5,CGCGGTTCTTTGCCACGAGA,5,4914408
ygfS_ygfT_predicted,0.3333333333333333,6,5,CGCACGAGCAGTCATGCCAT,1,4913589
ygfS_ygfT_predicted,3.5,25,5,CGAGTAAACCGTATTCTTCG,20,4904354
ygfS_ygfT_predicted,0.3333333333333333,6,5,CCTAGGGCGCGCCGGTCTAA,1,4919105
ygfS_ygfT_predicted,4.833333333333333,33,5,CCGTTGGGGGATCACACGGT,28,4915024
ygfS_ygfT_predicted,3.6666666666666665,26,5,CCGAAACCCAGGGCGGTTAG,21,4931355
ygfS_ygfT_predicted,1.6666666666666667,14,5,CCCGTTTCTTGACGTCAAGC,9,4931192
ygfS_ygfT_predicted,2.8333333333333335,21,5,CCCCGGCCTTTCCATAACTA,16,4913464
ygfS_ygfT_predicted,13.166666666666666,83,5,CCATGTGTAGAAGATCGACT,78,4918690
ygfS_ygfT_predicted,1.1666666666666667,11,5,CCATGTCAAATTTGAATGGG,6,4903680
ygfS_ygfT_predicted,1.0,10,5,CCAATTAGGACGCTAGCGTA,5,4919511
ygfS_ygfT_predicted,0.3333333333333333,6,5,CCAACCAATGTCTACTCCAT,1,4929677
ygfS_ygfT_predicted,1.3333333333333333,12,5,CATATTACCATTTGGGACCT,7,4922813
ygfS_ygfT_predicted,2.5,19,5,CATATCTGTCTCTCGCTTGC,14,4916109
ygfS_ygfT_predicted,2.6666666666666665,20,5,CAGTACCGCAAGTGTTTTTA,15,4918248
ygfS_ygfT_predicted,2.1666666666666665,17,5,CAGCGGCCGTATGACCTCCA,12,4925487
ygfS_ygfT_predicted,3.1666666666666665,23,5,CAGCACATTAGACTTCCGGG,18,4901029
ygfS_ygfT_predicted,2.0,16,5,CACGGTAAATTGCCAGACCC,11,4910466
ygfS_ygfT_predicted,1.6666666666666667,14,5,CACAGCTACGTAGTAGAAAT,9,4921151
ygfS_ygfT_predicted,4.666666666666667,32,5,CACAAGCCACACATCGGTGA,27,4911370
ygfS_ygfT_predicted,3.6666666666666665,26,5,CAATTTATCGGAGTTCAGTT,21,4914249
ygfS_ygfT_predicted,2.6666666666666665,20,5,CAATCTTCCGTCGGAAGCAT,15,4911198
ygfS_ygfT_predicted,0.3333333333333333,6,5,ATTGTGCAGGGACTTACTAG,1,4925849
ygfS_ygfT_predicted,3.6666666666666665,26,5,ATTGAGAAGAACACATGCCA,21,4909664
ygfS_ygfT_predicted,5.666666666666667,38,5,ATTCTGATTCCGTCTTAAGC,33,4918423
ygfS_ygfT_predicted,4.166666666666667,29,5,ATTCGCAAGGCGGAATCTGT,24,4918500
ygfS_ygfT_predicted,1.5,13,5,ATGTTGGTGCTGCGGGAGCG,8,4904653
ygfS_ygfT_predicted,3.6666666666666665,26,5,ATGGACCGTACGGCCTAGTG,21,4926553
ygfS_ygfT_predicted,1.6666666666666667,14,5,ATCTGTGGTAAGTACACTGT,9,4902144
ygfS_ygfT_predicted,2.8333333333333335,21,5,ATCCTAACGTTGCTTCCCGT,16,4925290
ygfS_ygfT_predicted,0.8333333333333334,9,5,ATAGCTGCGAATCAGGGGCA,4,4911524
ygfS_ygfT_predicted,2.5,19,5,AGTTAAATGACGCCAACTTA,14,4913124
ygfS_ygfT_predicted,2.1666666666666665,17,5,AGTGGCCCCCAAAAAATGGC,12,4929858
ygfS_ygfT_predicted,1.6666666666666667,14,5,AGTGATCCTAGTTCTATTTT,9,4911988
ygfS_ygfT_predicted,0.3333333333333333,6,5,AGTAATTTACGACACAGGGA,1,4924430
ygfS_ygfT_predicted,0.8333333333333334,9,5,AGGTCTGGAAAATCGTCTAC,4,4911421
ygfS_ygfT_predicted,2.0,16,5,AGGGGTAGACGCCCTGTGCT,11,4912254
ygfS_ygfT_predicted,12.0,76,5,AGGGGAGGTCGGCGGGCTAT,71,4929454
ygfS_ygfT_predicted,2.0,16,5,AGCTTGGCGGGACTTTACCC,11,4920227
ygfS_ygfT_predicted,7.666666666666667,50,5,AGCGTGGGGACAGCACTCGT,45,4915993
ygfS_ygfT_predicted,2.5,19,5,AGCCTTCTATGTTGAGTCGT,14,4912551
ygfS_ygfT_predicted,0.5,7,5,AGCCTGCTGAAACATACGTG,2,4906755
ygfS_ygfT_predicted,2.8333333333333335,21,5,AGAGACTGGCCCAGAGATCG,16,4911258
ygfS_ygfT_predicted,0.3333333333333333,6,5,ACTTATAAGCATGTGCCAGG,1,4912026
ygfS_ygfT_predicted,0.3333333333333333,6,5,ACTCATCGGACCCGAGGGCT,1,4905852
ygfS_ygfT_predicted,1.3333333333333333,12,5,ACGCAAGAAGGCGCGTATGG,7,4909464
ygfS_ygfT_predicted,0.3333333333333333,6,5,ACGATGAACCCCAGTAGGCT,1,4903900
ygfS_ygfT_predicted,4.166666666666667,29,5,ACATGCGTGACCGTTTCGCT,24,4929813
ygfS_ygfT_predicted,4.5,31,5,ACACCGACTTTGCACGCGGG,26,4927654
ygfS_ygfT_predicted,1.3333333333333333,12,5,AATGACAAGGCGGGAAGGTT,7,4923596
ygfS_ygfT_predicted,1.5,13,5,AATCTTGGAGGCACGGTCTC,8,4906749
ygfS_ygfT_predicted,4.333333333333333,30,5,AAGGGTTACCTAGGAGAGTC,25,4925390
ygfS_ygfT_predicted,2.0,16,5,AAGGGGTGGCCCTGATCCCT,11,4926490
ygfS_ygfT_predicted,3.6666666666666665,26,5,AAGCGAACCTACTCTGATCG,21,4913523
ygfS_ygfT_predicted,1.6666666666666667,14,5,AAGAGCTATTTGTTCGCGTA,9,4903358
ygfS_ygfT_predicted,4.833333333333333,33,5,AACTGAGTAAGGGCTCGGTA,28,4931119
ygfS_ygfT_predicted,5.166666666666667,35,5,AACCGTGTTCGCCGTTGATC,30,4924649
ygfS_ygfT_predicted,1.8333333333333333,15,5,AAATGCGCTGTACCCGTATT,10,4900358
ygfS_ygfT_predicted,1.3333333333333333,12,5,AAACTTCCCGCGGCCTAAAG,7,4919318
ygfS_ygfT_predicted,3.3333333333333335,24,5,AAACCCCAGAGGGCTATCGT,19,4907654
ygfS_ygfT_predicted,0.3333333333333333,6,5,AAAAATATATAGTTGCTACT,1,4903370
ygfS_ygfT_predicted,2.2,14,4,TTTTAGAGACCCATATGGCA,10,4927742
ygfS_ygfT_predicted,4.6,26,4,TTTGTGTATTCCTAGGTCAC,22,4912062
ygfS_ygfT_predicted,0.4,5,4,TTTGTACACTCCCGAGTTCC,1,4899801
ygfS_ygfT_predicted,3.2,19,4,TTTGGTGCGATGTAGAAGTA,15,4922356
ygfS_ygfT_predicted,1.0,8,4,TTTGGGATCGAGTAGTCTAA,4,4927903
ygfS_ygfT_predicted,4.8,27,4,TTTGAGTCGTGCTCCGGGCA,23,4906069
ygfS_ygfT_predicted,1.2,9,4,TTGCGGCAAGCTACACGAAC,5,4931160
ygfS_ygfT_predicted,1.8,12,4,TTGATTGAATTTTGATTCCC,8,4923130
ygfS_ygfT_predicted,3.6,21,4,TTCTGACAGCGGCAGCACTC,17,4904329
ygfS_ygfT_predicted,3.4,20,4,TTCGATAGCCTTATGGGACG,16,4925352
ygfS_ygfT_predicted,2.8,17,4,TTATGGTTTAAGAAGATATC,13,4923293
ygfS_ygfT_predicted,6.8,37,4,TTATCCTGATAGCCCAAGGG,33,4929222
ygfS_ygfT_predicted,5.6,31,4,TTACAACAAGGCATTCGCGG,27,4921350
ygfS_ygfT_predicted,3.8,22,4,TGCAGGTCCCTGGAATACAA,18,4906613
ygfS_ygfT_predicted,4.2,24,4,TGATCACTTCTTTGATCCTC,20,4922952
ygfS_ygfT_predicted,3.6,21,4,TGACGGCCCGGGGTTCCTAA,17,4924413
ygfS_ygfT_predicted,2.8,17,4,TCTTGGCTTCTGACCCATAT,13,4907797
ygfS_ygfT_predicted,2.4,15,4,TCTTCAAGGTCTCCGAACGG,11,4900593
ygfS_ygfT_predicted,7.4,40,4,TCTCCACCTGAATCCTTTAA,36,4916439
ygfS_ygfT_predicted,5.4,30,4,TCGTTTAACCAGGTATGACC,26,4927875
ygfS_ygfT_predicted,11.6,61,4,TCGGGACCTAATGAGGGTAT,57,4923603
ygfS_ygfT_predicted,0.4,5,4,TCCATTACTCCGGGCATTTG,1,4917643
ygfS_ygfT_predicted,2.0,13,4,TCAAATAGAAAATTAAACCT,9,4905365
ygfS_ygfT_predicted,3.6,21,4,TATCTCCATGCAAGTGAATA,17,4914174
ygfS_ygfT_predicted,0.8,7,4,TACTGACGGGCGGCATCCAT,3,4927197
ygfS_ygfT_predicted,3.0,18,4,TACTATACTAGCGGGTTCAC,14,4916671
ygfS_ygfT_predicted,1.4,10,4,TACGGTCATACATAGTGGCG,6,4930116
ygfS_ygfT_predicted,3.0,18,4,TACGGACAAAAACCCCAGAA,14,4917021
ygfS_ygfT_predicted,6.2,34,4,TACCAGTCGTCACTTTGTCA,30,4910233
ygfS_ygfT_predicted,1.8,12,4,TAAGTCCCATTGGTACGTGT,8,4916874
ygfS_ygfT_predicted,2.4,15,4,TAAGCTCCTCCGTTGCTGAG,11,4909315
ygfS_ygfT_predicted,5.0,28,4,GTTTGCTTCACGGCGCGTGT,24,4923239
ygfS_ygfT_predicted,3.0,18,4,GTTGCTCAGACTGTAACCCT,14,4900179
ygfS_ygfT_predicted,2.0,13,4,GTTGCGATTCCCGAATACTC,9,4908889
ygfS_ygfT_predicted,4.6,26,4,GTTCGCCGTACCCCGCCCTT,22,4905812
ygfS_ygfT_predicted,2.4,15,4,GTGATACACGTGAAGCTTAA,11,4906771
ygfS_ygfT_predicted,0.4,5,4,GTACGGCTGTAATATTGCCT,1,4915706
ygfS_ygfT_predicted,3.2,19,4,GTACACGTATGGTTTTCTGA,15,4902724
ygfS_ygfT_predicted,3.0,18,4,GGTGCAAAGTCCTTTCAGTT,14,4907369
ygfS_ygfT_predicted,0.4,5,4,GGGGCACGGAGTAAAGCGGG,1,4904787
ygfS_ygfT_predicted,0.4,5,4,GGGGATGCTGGTGCACTCCT,1,4916112
ygfS_ygfT_predicted,3.4,20,4,GGGACCGCTACCACTGGGTT,16,4915715
ygfS_ygfT_predicted,0.4,5,4,GGCGACCTCTTGTTACTTCT,1,4922252
ygfS_ygfT_predicted,0.4,5,4,GGAGGTGTGCGACGACTATT,1,4910159
ygfS_ygfT_predicted,0.4,5,4,GGAAAGGTACGTGAGGGGTT,1,4913091
ygfS_ygfT_predicted,2.6,16,4,GCTGCCATAGCACATCAGTC,12,4908112
ygfS_ygfT_predicted,2.6,16,4,GCTACTTGTTGAGAACAATT,12,4930201
ygfS_ygfT_predicted,1.8,12,4,GCGTTGGGGTAATTGACGCA,8,4913027
ygfS_ygfT_predicted,3.0,18,4,GCGGTGACTATTTGCGTACG,14,4913284
ygfS_ygfT_predicted,1.6,11,4,GCCAGAGACCAGTCTGTCAC,7,4918973
ygfS_ygfT_predicted,2.4,15,4,GCCACTACTCTTCTTAAGCC,11,4912350
ygfS_ygfT_predicted,4.8,27,4,GCATGGACAGCTGGTGGCAT,23,4904945
ygfS_ygfT_predicted,2.8,17,4,GCACGAGCTCGACGTCAAGG,13,4913427
ygfS_ygfT_predicted,3.6,21,4,GATTTTGGTCCGTGAGCAGC,17,4930956
ygfS_ygfT_predicted,4.4,25,4,GATTGCAACATGACTGGTTT,21,4918018
ygfS_ygfT_predicted,4.4,25,4,GATACTCTCAACTTCAATCC,21,4918041
ygfS_ygfT_predicted,7.2,39,4,GACTCCCATACTGTAGCTAT,35,4910824
ygfS_ygfT_predicted,4.0,23,4,GACGCGAGCACGGCTTCTTA,19,4925076
ygfS_ygfT_predicted,0.4,5,4,CTTTTGCACTCTAAGAATTG,1,4911386
ygfS_ygfT_predicted,2.8,17,4,CTTTTGAATCCAGAAAGCTG,13,4909629
ygfS_ygfT_predicted,4.2,24,4,CTGACAGCATGGCTAACTTG,20,4906790
ygfS_ygfT_predicted,7.8,42,4,CTCTGTCCAGGACGGCCAGT,38,4904940
ygfS_ygfT_predicted,0.4,5,4,CTCCGTGGCCTCTTGAAAGT,1,4910865
ygfS_ygfT_predicted,0.4,5,4,CTCATTATACCCCGCTACTC,1,4926352
ygfS_ygfT_predicted,4.6,26,4,CTATTGATCCCAGGCCTTCA,22,4904751
ygfS_ygfT_predicted,5.6,31,4,CGTTGTTATGCCGGGCCGGT,27,4908735
ygfS_ygfT_predicted,2.6,16,4,CGTGATCGATTAAAAAGAGA,12,4906958
ygfS_ygfT_predicted,3.6,21,4,CGTCAACTGCCTAATCTCGT,17,4909722
ygfS_ygfT_predicted,2.2,14,4,CGGTTATTGCTACCACTCCA,10,4927206
ygfS_ygfT_predicted,1.0,8,4,CGGCAGGCGCCGGAATATGT,4,4916546
ygfS_ygfT_predicted,1.8,12,4,CGGATAGTGTTTATTCGAAA,8,4928183
ygfS_ygfT_predicted,5.0,28,4,CGCGCGGGCGGATAAGGCCT,24,4924408
ygfS_ygfT_predicted,4.4,25,4,CGCACTAGAAAAACAGTCTA,21,4901627
ygfS_ygfT_predicted,0.4,5,4,CGCAACGTCCCCTCTTGGCT,1,4913073
ygfS_ygfT_predicted,3.6,21,4,CGATATTCCGGGCCGATATC,17,4927894
ygfS_ygfT_predicted,4.2,24,4,CGAAAATCGTCCCGAAAGCT,20,4923504
ygfS_ygfT_predicted,2.0,13,4,CCTTCCTCAACGGGGTCAGC,9,4930429
ygfS_ygfT_predicted,1.4,10,4,CCGCCCGCTAGACGTCCCAT,6,4908034
ygfS_ygfT_predicted,2.0,13,4,CCGATTTTTTGTGCCGGTAC,9,4916834
ygfS_ygfT_predicted,4.6,26,4,CCCGGGTGTCTCTCGGAGGA,22,4928046
ygfS_ygfT_predicted,3.2,19,4,CCATGTTCTTTCCCTTCTTA,15,4912718
ygfS_ygfT_predicted,2.8,17,4,CAGCCGTGATCTTTACCTGC,13,4911492
ygfS_ygfT_predicted,3.8,22,4,CAGCAAGAACGCTCCCTTGT,18,4910760
ygfS_ygfT_predicted,4.8,27,4,CAGATGGTTCTCCGTTCAAT,23,4899872
ygfS_ygfT_predicted,0.8,7,4,CAGAGGAGAAAATGCGCGGA,3,4903442
ygfS_ygfT_predicted,4.0,23,4,CAGAGCTGAGTCAGAACAGT,19,4927102
ygfS_ygfT_predicted,9.2,49,4,CAGACAACGCGGACCAGCAG,45,4930554
ygfS_ygfT_predicted,0.4,5,4,CAGAAGGTTCGTTTGCGCCT,1,4927601
ygfS_ygfT_predicted,5.2,29,4,CAGAACGCATCCACTCCGAC,25,4919995
ygfS_ygfT_predicted,3.0,18,4,CACGACCGCAGAACCCGGGC,14,4901260
ygfS_ygfT_predicted,3.4,20,4,CAAGAAACTATGACGGCTTG,16,4930383
ygfS_ygfT_predicted,2.4,15,4,CAACTCAACATATCGTCACA,11,4906523
ygfS_ygfT_predicted,3.2,19,4,CAAAACTCTGGGGAACTAAT,15,4901539
ygfS_ygfT_predicted,4.2,24,4,ATTGGTTGGTTTCTGGTGGT,20,4930406
ygfS_ygfT_predicted,4.6,26,4,ATTCCGTCCTGGTGTCCACA,22,4917472
ygfS_ygfT_predicted,1.6,11,4,ATGTCATGTCTGGGCAAGAG,7,4909077
ygfS_ygfT_predicted,0.4,5,4,ATGCGTCTTCGAGGGATCAG,1,4926865
ygfS_ygfT_predicted,5.8,32,4,ATGAGCCGGGGTCACCCTTA,28,4920887
ygfS_ygfT_predicted,3.8,22,4,ATGACGAATTTCGACCCGCG,18,4928662
ygfS_ygfT_predicted,4.4,25,4,ATGACCACCCCGAGGTTCAT,21,4911435
ygfS_ygfT_predicted,0.4,5,4,ATCTGTGCATTTGCACATAT,1,4929683
ygfS_ygfT_predicted,5.2,29,4,ATCGCTTCTACAGTACGAAA,25,4927962
ygfS_ygfT_predicted,3.4,20,4,ATCGATCGAGGAAGTCAAGC,16,4922534
ygfS_ygfT_predicted,4.8,27,4,ATCATAGACCGGTAAGACGT,23,4907794
ygfS_ygfT_predicted,0.6,6,4,AGTTCTGCGGGTTTTGAGTT,2,4921692
ygfS_ygfT_predicted,5.6,31,4,AGTGACGTCTTCTCGACGCG,27,4919484
ygfS_ygfT_predicted,4.2,24,4,AGTCATTCTGCACAAGCGCC,20,4930511
ygfS_ygfT_predicted,3.0,18,4,AGGTTTTTCCGCATACCGAT,14,4902093
ygfS_ygfT_predicted,0.6,6,4,AGGTCCCTGGTGCGGCTTAC,2,4914893
ygfS_ygfT_predicted,2.4,15,4,AGGTATTTCATAAACGCAGA,11,4905518
ygfS_ygfT_predicted,3.4,20,4,AGGTAGACCCTTGAGAGAAA,16,4912312
ygfS_ygfT_predicted,3.2,19,4,AGGACGTGACGTAAGCACAC,15,4927462
ygfS_ygfT_predicted,2.6,16,4,AGCTTCAATATTGAACCATG,12,4906414
ygfS_ygfT_predicted,1.4,10,4,AGCGGTCTAACTGTACGAAG,6,4915148
ygfS_ygfT_predicted,2.2,14,4,AGCGCAAAGCGGCACCTTTT,10,4910881
ygfS_ygfT_predicted,4.2,24,4,AGATTGTGTCCGCCGCGTTA,20,4928714
ygfS_ygfT_predicted,4.6,26,4,AGAGTGGCTGAATCGGCAAA,22,4916001
ygfS_ygfT_predicted,5.0,28,4,AGACGTCTGTGTCATATATT,24,4908895
ygfS_ygfT_predicted,1.8,12,4,ACTCGTTGGGGGCTTGCTGT,8,4927684
ygfS_ygfT_predicted,2.8,17,4,ACGTAACAGGTGATTAGAAA,13,4927218
ygfS_ygfT_predicted,6.2,34,4,ACCTGACGAAGCGCGGCGGA,30,4901457
ygfS_ygfT_predicted,4.2,24,4,ACAGTCACTCAGTTCCTTGA,20,4905282
ygfS_ygfT_predicted,3.0,18,4,ACAGGTGGTTAACACGTGGT,14,4909528
ygfS_ygfT_predicted,4.2,24,4,ACAGATCTAGTAACGACTGT,20,4900303
ygfS_ygfT_predicted,2.2,14,4,AATTCAATCCCCAATGGATG,10,4919051
ygfS_ygfT_predicted,3.4,20,4,AATATAACGTCAATAACAGG,16,4908493
ygfS_ygfT_predicted,3.6,21,4,AATAATTCTAAGCCCTTTAC,17,4904256
ygfS_ygfT_predicted,3.4,20,4,AAGCTAATTAGCTCTTTCTG,16,4924340
ygfS_ygfT_predicted,3.4,20,4,AAGAACAGGACACAGGGGCG,16,4930088
ygfS_ygfT_predicted,4.4,25,4,AACGGTCAGATCCCAAGGTA,21,4925803
ygfS_ygfT_predicted,3.6,21,4,AAACCTGTGGTGGCTGGTGA,17,4913352
ygfS_ygfT_predicted,2.0,10,3,TTTCCATGCTAGTGAGCAGC,7,4930279
ygfS_ygfT_predicted,5.0,22,3,TTGCGAATGGATCCGAATGT,19,4905426
ygfS_ygfT_predicted,4.75,21,3,TTCGGCATCTACTTTTACAC,18,4926645
ygfS_ygfT_predicted,4.75,21,3,TTCGCCGATAGGTGGTATAG,18,4919466
ygfS_ygfT_predicted,1.25,7,3,TTCAATTCGGACCGGAGACA,4,4908297
ygfS_ygfT_predicted,1.75,9,3,TTAGCTAAACCCTAAGTATG,6,4905652
ygfS_ygfT_predicted,4.25,19,3,TTACTACGCCGGCACCTTGT,16,4921750
ygfS_ygfT_predicted,4.75,21,3,TGTTTGCCGCGCCAGTGCAA,18,4921500
ygfS_ygfT_predicted,4.25,19,3,TGTTTAAGGGCGAGCATGTT,16,4918052
ygfS_ygfT_predicted,4.75,21,3,TGTTGCGTGCGCACAGGTCG,18,4927141
ygfS_ygfT_predicted,0.5,4,3,TGCATCTCCACCCAAAAGTC,1,4931261
ygfS_ygfT_predicted,4.75,21,3,TGCACATGACTATTGTGCAA,18,4920802
ygfS_ygfT_predicted,10.0,42,3,TGATAACTGGGGAGACGAAT,39,4903580
ygfS_ygfT_predicted,5.0,22,3,TGAGGTGATGGGATCGTTTA,19,4923936
ygfS_ygfT_predicted,0.5,4,3,TCTGGTTTCGAGTAACCCGA,1,4928113
ygfS_ygfT_predicted,3.0,14,3,TCTGAGACTAAGGGTGGATC,11,4908884
ygfS_ygfT_predicted,2.0,10,3,TCTCTTTAGGATACTACGGC,7,4913323
ygfS_ygfT_predicted,5.75,25,3,TCTAAGGAATCGTTAAACCA,22,4914312
ygfS_ygfT_predicted,0.75,5,3,TCTAAGCAGGAGGAAACCTA,2,4920946
ygfS_ygfT_predicted,0.5,4,3,TCGTATGAGGCCCTCTTATC,1,4915329
ygfS_ygfT_predicted,0.5,4,3,TCGCAAGAACTCTCCGTGCC,1,4913324
ygfS_ygfT_predicted,0.5,4,3,TCGAGGTAAAAAAAAAGATC,1,4910048
ygfS_ygfT_predicted,3.75,17,3,TCCCCTTTAGTGCGTCTCGT,14,4920832
ygfS_ygfT_predicted,7.0,30,3,TCATTTTATGCTTGTTGCCC,27,4926917
ygfS_ygfT_predicted,1.5,8,3,TCAACGCGACGCCCCAGTCC,5,4910582
ygfS_ygfT_predicted,3.5,16,3,TAGCCTTTCTTGAACTAGGA,13,4915971
ygfS_ygfT_predicted,4.5,20,3,TACATGGCTCTACCCTTGGC,17,4920146
ygfS_ygfT_predicted,1.0,6,3,TAAGCTGATAGTCATCCCCT,3,4920993
ygfS_ygfT_predicted,0.5,4,3,TAAAGGGATAGGTGGAGTCT,1,4929435
ygfS_ygfT_predicted,0.5,4,3,TAAAAGCAGTTTTACCATAA,1,4911542
ygfS_ygfT_predicted,4.0,18,3,GTTGGTGATGTACGTGAGAT,15,4901821
ygfS_ygfT_predicted,3.75,17,3,GTTGGCAGAATCGGAGTAAT,14,4922077
ygfS_ygfT_predicted,0.5,4,3,GTTCTACAAGAGATGAGTCT,1,4912424
ygfS_ygfT_predicted,0.5,4,3,GTTCCCACCTCGCGAGCACT,1,4928005
ygfS_ygfT_predicted,0.5,4,3,GTCGTCATCTACATAATTGT,1,4911321
ygfS_ygfT_predicted,3.25,15,3,GTAGAAATATTTCGTGCTTT,12,4918134
ygfS_ygfT_predicted,6.25,27,3,GTACCAAAAATCCAACTTGA,24,4914326
ygfS_ygfT_predicted,3.25,15,3,GTAACTCGAAACTGTAATAT,12,4912086
ygfS_ygfT_predicted,4.25,19,3,GGCGCTGGGTTTATGTTTCG,16,4910137
ygfS_ygfT_predicted,8.75,37,3,GGCAGGTTGACCTCAGTGGC,34,4916560
ygfS_ygfT_predicted,4.5,20,3,GGCAAGTACCTAATTATAAA,17,4907781
ygfS_ygfT_predicted,5.5,24,3,GGAGAAGAACTTGACCGCAT,21,4921602
ygfS_ygfT_predicted,1.5,8,3,GGACCGGAACGATTCAAGAA,5,4930329
ygfS_ygfT_predicted,0.5,4,3,GGAACCACTTACGTATACTT,1,4902652
ygfS_ygfT_predicted,6.25,27,3,GGAACCAACTATTCACCTCT,24,4917603
ygfS_ygfT_predicted,5.5,24,3,GCTTAGTTTCCGGTCGGCCC,21,4904799
ygfS_ygfT_predicted,8.0,34,3,GCTGGGGCGGAGGGGCCAAA,31,4929618
ygfS_ygfT_predicted,1.25,7,3,GCTGCCCCCATAGTTAAATT,4,4904680
ygfS_ygfT_predicted,2.5,12,3,GCTGAGTACACCCGTGTATA,9,4921618
ygfS_ygfT_predicted,2.75,13,3,GCTACACCTGGTAGAGCCGT,10,4903654
ygfS_ygfT_predicted,3.0,14,3,GCGGTCTAAGCTGCATCCGT,11,4923467
ygfS_ygfT_predicted,1.0,6,3,GCCTCAATATATTGACGGGT,3,4914647
ygfS_ygfT_predicted,4.25,19,3,GCCGACCCCGGAATGGCCCA,16,4911885
ygfS_ygfT_predicted,7.0,30,3,GCCAGAAGTCTGGGCCGTTA,27,4904070
ygfS_ygfT_predicted,2.0,10,3,GCAGTACGGCCAGGGTTATG,7,4923897
ygfS_ygfT_predicted,1.5,8,3,GCAACGGTATGTTGTAGTAA,5,4929971
ygfS_ygfT_predicted,4.75,21,3,GATTTCTGTTAGGGAAAGAT,18,4922805
ygfS_ygfT_predicted,5.5,24,3,GATGGTTGTCGAAGAAGTTG,21,4909607
ygfS_ygfT_predicted,2.75,13,3,GATGGATACTCTACGAAGTT,10,4915410
ygfS_ygfT_predicted,4.5,20,3,GATAATGGAGCGTCGGCGGC,17,4900540
ygfS_ygfT_predicted,3.75,17,3,GAGTACTCCTGATAGTTGGA,14,4917181
ygfS_ygfT_predicted,4.0,18,3,GAGCGCCACAGTGGTTCGAA,15,4925180
ygfS_ygfT_predicted,1.25,7,3,GACCTAAATTTATGCGTTTA,4,4930717
ygfS_ygfT_predicted,4.0,18,3,GACAAAGTTGGTTTCGTGCC,15,4908000
ygfS_ygfT_predicted,0.5,4,3,GAAGTAAGTCGTCCTTTAAT,1,4903668
ygfS_ygfT_predicted,4.25,19,3,GAAACTATGCCAAGGACGTT,16,4906201
ygfS_ygfT_predicted,4.0,18,3,CTTTGCGGGCGCTCCAAAGT,15,4901238
ygfS_ygfT_predicted,1.0,6,3,CTTGCAGGAAATGGAGGTGG,3,4927473
ygfS_ygfT_predicted,5.5,24,3,CTGCTGCTTAATCATGGCAT,21,4927926
ygfS_ygfT_predicted,9.0,38,3,CTGCAATTCCATGGTGCTAT,35,4922865
ygfS_ygfT_predicted,5.25,23,3,CTGACGTGACTTGACATTCC,20,4926730
ygfS_ygfT_predicted,0.5,4,3,CTCTAAATGGGAACAGGAAT,1,4912477
ygfS_ygfT_predicted,3.25,15,3,CTCGTAATAAGATTGCCCCT,12,4922220
ygfS_ygfT_predicted,3.0,14,3,CTCGCATAACGCGTGAGGGC,11,4914489
ygfS_ygfT_predicted,3.0,14,3,CTACATTTTCAGTACCGAAC,11,4904113
ygfS_ygfT_predicted,3.75,17,3,CTAAGGGCCTAGGAGTGCGT,14,4916214
ygfS_ygfT_predicted,0.5,4,3,CGTGCCAGCTCGAGGATCTA,1,4921288
ygfS_ygfT_predicted,3.25,15,3,CGTCAGCGTTACAGATACGA,12,4900720
ygfS_ygfT_predicted,12.0,50,3,CGTCACCCCAACTAGTAGTG,47,4923171
ygfS_ygfT_predicted,5.75,25,3,CGTACTTTGGAGGAAAATAC,22,4926675
ygfS_ygfT_predicted,3.25,15,3,CGGTTGAACGGTATGCCCTG,12,4914663
ygfS_ygfT_predicted,7.75,33,3,CGGACCGAGTACTCTGTTAT,30,4916296
ygfS_ygfT_predicted,2.5,12,3,CGCTGGCAAAGACACTCGTC,9,4926997
ygfS_ygfT_predicted,2.0,10,3,CGCGGCGAATATTTCCCGAG,7,4905892
ygfS_ygfT_predicted,5.75,25,3,CGCGCAGCGGGGGACGTCTG,22,4904031
ygfS_ygfT_predicted,2.75,13,3,CGATGCCCGATAGCAAGCCA,10,4920811
ygfS_ygfT_predicted,1.0,6,3,CCTCCGGCGAACGCAATCGG,3,4902807
ygfS_ygfT_predicted,3.25,15,3,CCTAAAAGGTCGAACGCGTA,12,4915747
ygfS_ygfT_predicted,3.25,15,3,CCGTGATTTTATGTATCTAT,12,4922078
ygfS_ygfT_predicted,3.5,16,3,CCCTGACATTTAGGGACGAA,13,4900213
ygfS_ygfT_predicted,3.25,15,3,CCCCTGCATTAGGTTGGTTA,12,4920635
ygfS_ygfT_predicted,2.75,13,3,CCCCTATCTATTTGGAGGTA,10,4927148
ygfS_ygfT_predicted,4.0,18,3,CCCCGTAGAAAGATTGAAGA,15,4913238
ygfS_ygfT_predicted,2.5,12,3,CCCAACCAAAGAGATTCACC,9,4916573
ygfS_ygfT_predicted,4.25,19,3,CCAGATTCGGTTTCGTTATT,16,4921086
ygfS_ygfT_predicted,3.25,15,3,CATTTCCCCCACAGAGTACG,12,4907538
ygfS_ygfT_predicted,0.5,4,3,CATGAGCTTTCATGGTTAAT,1,4912741
ygfS_ygfT_predicted,1.75,9,3,CATATTGTGCTGATACTCTT,6,4903354
ygfS_ygfT_predicted,4.25,19,3,CATAACCCATACCCATCGAG,16,4905322
ygfS_ygfT_predicted,0.5,4,3,CAGTCCAGATTCTATTGAAA,1,4906677
ygfS_ygfT_predicted,4.25,19,3,CAGTAACGAAGGAACTTTCC,16,4925802
ygfS_ygfT_predicted,5.75,25,3,CAGCTTGCTGTTGCTCTTAA,22,4921815
ygfS_ygfT_predicted,3.5,16,3,CAGAGCTAGAGCGGGTGGAA,13,4923241
ygfS_ygfT_predicted,2.5,12,3,CACGGGCCAGGCCAAGTCGG,9,4925634
ygfS_ygfT_predicted,0.5,4,3,CACGATGACTGAAATACCCC,1,4913031
ygfS_ygfT_predicted,7.0,30,3,CACCCGGGTGCGGGTTTGGC,27,4923288
ygfS_ygfT_predicted,1.75,9,3,CACCAAATCGGAGTTTTCTT,6,4915920
ygfS_ygfT_predicted,6.5,28,3,CAATCAGCATGTCCGTTATG,25,4906383
ygfS_ygfT_predicted,4.75,21,3,CAAAAAATTGCTTCGTCTGC,18,4922957
ygfS_ygfT_predicted,5.0,22,3,ATTTCTGTGATCATCTAGCG,19,4901365
ygfS_ygfT_predicted,4.0,18,3,ATTTCGTACAAGCGCCGCTT,15,4909205
ygfS_ygfT_predicted,7.75,33,3,ATGGAGCACGACCGAACGAT,30,4915789
ygfS_ygfT_predicted,8.5,36,3,ATCTAGGGTGCCTTCAGCTT,33,4928550
ygfS_ygfT_predicted,1.25,7,3,ATCCCTGGTATTAAACTGTA,4,4924267
ygfS_ygfT_predicted,4.5,20,3,ATCCCGCGATTTCCGCAGGT,17,4924277
ygfS_ygfT_predicted,0.5,4,3,ATATCCGGCCAAACACATGA,1,4920226
ygfS_ygfT_predicted,3.25,15,3,ATACCGACCTCGCTGGGTGC,12,4920374
ygfS_ygfT_predicted,2.25,11,3,ATAACGCCAGATGGTACGGG,8,4903806
ygfS_ygfT_predicted,0.5,4,3,ATAAATCGGATGTTAAGCGG,1,4913332
ygfS_ygfT_predicted,1.5,8,3,AGTGGCTGTATAGAATGAGA,5,4929764
ygfS_ygfT_predicted,5.0,22,3,AGTGATAGACCTAAAATTAG,19,4916703
ygfS_ygfT_predicted,0.5,4,3,AGTACGGTTAGGTCGCCATG,1,4926807
ygfS_ygfT_predicted,3.0,14,3,AGGGTGGAGGACGTAACCCT,11,4905615
ygfS_ygfT_predicted,6.25,27,3,AGGGCGGGGAGCTAATTGTT,24,4917359
ygfS_ygfT_predicted,0.5,4,3,AGCACCCGTTATTTCTACTA,1,4925252
ygfS_ygfT_predicted,2.25,11,3,AGAGGATAATGAGTAGGTTC,8,4916545
ygfS_ygfT_predicted,0.5,4,3,AGAGGAATGATGTATATGGT,1,4923728
ygfS_ygfT_predicted,4.75,21,3,AGACGAGTCGGACTTCAATC,18,4922743
ygfS_ygfT_predicted,2.75,13,3,ACGGGGAAAGGGGGGAGAGT,10,4915342
ygfS_ygfT_predicted,2.5,12,3,ACGGGCTGCGAACGAAAACG,9,4914281
ygfS_ygfT_predicted,6.0,26,3,ACGCTCTTAAGTATTAATGT,23,4912541
ygfS_ygfT_predicted,4.75,21,3,ACCTGTAGACAATAGCGTAA,18,4928466
ygfS_ygfT_predicted,1.75,9,3,ACCGCGTTCAGGGTGTTGGT,6,4910704
ygfS_ygfT_predicted,2.5,12,3,ACCGACAAGGCCGGCAGACC,9,4919545
ygfS_ygfT_predicted,6.0,26,3,ACCGAAGGAATTTTCTCCAT,23,4903055
ygfS_ygfT_predicted,1.75,9,3,ACAACTTCTGCCTAAAGTGC,6,4922476
ygfS_ygfT_predicted,4.25,19,3,AATAGCACTCGACCGGCATT,16,4907999
ygfS_ygfT_predicted,6.0,26,3,AAGTGCGACGGGAATGGGCA,23,4917149
ygfS_ygfT_predicted,3.0,14,3,AAGTAGGGAGCCCGGCATAA,11,4913646
ygfS_ygfT_predicted,0.5,4,3,AAGAAGCGTGCTACTAGCGT,1,4918707
ygfS_ygfT_predicted,7.0,30,3,AACAGGTTCGTCGAGGGACC,27,4915736
ygfS_ygfT_predicted,3.5,16,3,AAAATTACGTGTCACAATTG,13,4901061
ygfS_ygfT_predicted,3.75,17,3,AAAATTACAAGTTACGGTAC,14,4919674
ygfS_ygfT_predicted,3.25,15,3,AAAAGGGGGGGATTCCCCGA,12,4913615
ygfS_ygfT_predicted,8.666666666666666,27,2,TTTGTGGTAGAATTGCCGAT,25,4909658
ygfS_ygfT_predicted,6.0,19,2,TTTGCACTGCTCACTAGGTG,17,4921672
ygfS_ygfT_predicted,3.6666666666666665,12,2,TTTCCTGTACTCTAGATTGG,10,4928290
ygfS_ygfT_predicted,2.3333333333333335,8,2,TTGTTATTAAAGGTTATCGC,6,4903496
ygfS_ygfT_predicted,3.3333333333333335,11,2,TTGGGCGTACCGGACGACAT,9,4906950
ygfS_ygfT_predicted,6.666666666666667,21,2,TTGGCATGCATTAGTTCGTT,19,4903650
ygfS_ygfT_predicted,5.666666666666667,18,2,TTGCTAAATTTGTAAATGAT,16,4905758
ygfS_ygfT_predicted,5.0,16,2,TTCGATGATTCAGAGAGCCG,14,4924657
ygfS_ygfT_predicted,5.0,16,2,TTCCGTGCCAGAGGCACAAA,14,4904700
ygfS_ygfT_predicted,6.0,19,2,TTCAAACCGCAGACGTCCTC,17,4912406
ygfS_ygfT_predicted,5.666666666666667,18,2,TTACGTATCTTGTTTTGTCT,16,4907245
ygfS_ygfT_predicted,3.3333333333333335,11,2,TTACCGCAACTGACGTTAGG,9,4902859
ygfS_ygfT_predicted,7.0,22,2,TGTGCTTGCTCAAGTGCCTC,20,4918517
ygfS_ygfT_predicted,0.6666666666666666,3,2,TGGGCAGACGTGGCCCGTAT,1,4901065
ygfS_ygfT_predicted,6.333333333333333,20,2,TGGCTTTCCCGTTTTAAGAC,18,4926133
ygfS_ygfT_predicted,1.0,4,2,TGGCTTCTCCTACATTATCA,2,4916928
ygfS_ygfT_predicted,6.0,19,2,TGGAGTCTCGCATCTTCCGT,17,4919201
ygfS_ygfT_predicted,4.333333333333333,14,2,TGCTTATATACAACGAGGTC,12,4919346
ygfS_ygfT_predicted,8.0,25,2,TGCGGAAAGAGCCCCTGCAT,23,4921218
ygfS_ygfT_predicted,4.0,13,2,TGCGAGCTCCGATTGGGTAT,11,4929449
ygfS_ygfT_predicted,5.333333333333333,17,2,TGCCCATATTCCATCGGAAT,15,4924262
ygfS_ygfT_predicted,4.666666666666667,15,2,TGCAATTTCTATATGGCTAC,13,4928042
ygfS_ygfT_predicted,4.333333333333333,14,2,TCTGAAAACGGAATGTACCC,12,4920722
ygfS_ygfT_predicted,0.6666666666666666,3,2,TCGGTTAAATCGTTCCCTCA,1,4900194
ygfS_ygfT_predicted,7.666666666666667,24,2,TCGCTATCTCGTCACAAAAT,22,4922864
ygfS_ygfT_predicted,8.0,25,2,TCGCCACGCACAGCGTGGCT,23,4913969
ygfS_ygfT_predicted,3.6666666666666665,12,2,TCCGTTTGTGATTCAAAAGA,10,4925267
ygfS_ygfT_predicted,4.333333333333333,14,2,TCCCCTTGTTGAGCTATATT,12,4926880
ygfS_ygfT_predicted,6.0,19,2,TCCCATACTCCATGCGATTC,17,4928312
ygfS_ygfT_predicted,3.0,10,2,TCAGACACAGTTACGTCGAT,8,4927455
ygfS_ygfT_predicted,2.6666666666666665,9,2,TCACGGAAACGTTCACCAAT,7,4913885
ygfS_ygfT_predicted,2.0,7,2,TATGTTTCTTCGCACGGCGG,5,4924376
ygfS_ygfT_predicted,6.666666666666667,21,2,TATCCAGTCGTGTCAAGAGA,19,4911007
ygfS_ygfT_predicted,9.0,28,2,TATCACTCGAGTGTCCACAC,26,4900250
ygfS_ygfT_predicted,3.3333333333333335,11,2,TAGTGCTTGAGTTTGAGCTA,9,4929203
ygfS_ygfT_predicted,5.0,16,2,TAGCGGTTCCTTGGCTGCGA,14,4909321
ygfS_ygfT_predicted,2.0,7,2,TAGACGCCCCAGTCTAGTTT,5,4924637
ygfS_ygfT_predicted,7.666666666666667,24,2,TACTACGCTTCTGTGTACGG,22,4902659
ygfS_ygfT_predicted,3.0,10,2,TACGGGTTATACTGATACAT,8,4926600
ygfS_ygfT_predicted,6.666666666666667,21,2,GTTTGAAGTTCAAGGGTAAT,19,4919056
ygfS_ygfT_predicted,10.666666666666666,33,2,GTTTATATGTTTACGCTAGA,31,4930557
ygfS_ygfT_predicted,1.0,4,2,GTGCGCTTTCTGGGGTGGGG,2,4914432
ygfS_ygfT_predicted,6.666666666666667,21,2,GTGCCCGCACTCTTCGCGGG,19,4923229
ygfS_ygfT_predicted,8.0,25,2,GTGAGCACGATCGGGTGCTT,23,4928180
ygfS_ygfT_predicted,3.0,10,2,GTCTTTTGCTCATAGTCATA,8,4902599
ygfS_ygfT_predicted,1.0,4,2,GTCTTCCCAGCAATGTGTAC,2,4921447
ygfS_ygfT_predicted,0.6666666666666666,3,2,GTCTACTTACGGCGCTTGTT,1,4909402
ygfS_ygfT_predicted,7.0,22,2,GTCTAATCGGGCGGTCGGCG,20,4914904
ygfS_ygfT_predicted,5.333333333333333,17,2,GTCGGGGCCTTGGTTTGGAA,15,4920230
ygfS_ygfT_predicted,5.333333333333333,17,2,GTCCGGCCTTTACATGTCTA,15,4917663
ygfS_ygfT_predicted,22.333333333333332,68,2,GTCCAGTTAAGTCTCGCGAA,66,4929453
ygfS_ygfT_predicted,0.6666666666666666,3,2,GTAGACGAAGAATGTTACTA,1,4917265
ygfS_ygfT_predicted,0.6666666666666666,3,2,GTAGAAGCTGTGCAGAATAG,1,4909759
ygfS_ygfT_predicted,5.333333333333333,17,2,GTACTGTATTTGTAAGGCTG,15,4900301
ygfS_ygfT_predicted,3.0,10,2,GTACTAAACAGTTGTTCCAT,8,4919348
ygfS_ygfT_predicted,2.0,7,2,GGGTTGAGCGTTATTTGGTT,5,4908942
ygfS_ygfT_predicted,4.666666666666667,15,2,GGGTCGGTTCCGGATCGCTC,13,4900057
ygfS_ygfT_predicted,4.0,13,2,GGGGACACCGGGAGGGGTAA,11,4913514
ygfS_ygfT_predicted,6.333333333333333,20,2,GGGAAAATTTCGCGGACCGT,18,4924503
ygfS_ygfT_predicted,4.666666666666667,15,2,GGCTGAGCTGGACTTATATC,13,4912453
ygfS_ygfT_predicted,3.6666666666666665,12,2,GGCGGTGGGACCGAGCGTTT,10,4913973
ygfS_ygfT_predicted,8.666666666666666,27,2,GGCATTCACCTTCTGTTTCA,25,4913756
ygfS_ygfT_predicted,0.6666666666666666,3,2,GGCACTTGTCGAATTGTCCC,1,4921882
ygfS_ygfT_predicted,6.333333333333333,20,2,GGCACTACACCGCGCATGTC,18,4911624
ygfS_ygfT_predicted,0.6666666666666666,3,2,GGATTCCGGAATATGACGTC,1,4926076
ygfS_ygfT_predicted,4.333333333333333,14,2,GGAGCCAGCACTAACCAGAT,12,4916057
ygfS_ygfT_predicted,3.0,10,2,GGACCAGTACTGATAATATA,8,4917805
ygfS_ygfT_predicted,4.666666666666667,15,2,GCCTGGTCGCTCTACAGGCT,13,4911122
ygfS_ygfT_predicted,4.0,13,2,GCCTCTCGACTGCGGCTAAA,11,4928038
ygfS_ygfT_predicted,1.3333333333333333,5,2,GCCGAAGACACAGGGATATG,3,4906031
ygfS_ygfT_predicted,3.6666666666666665,12,2,GCCCGTTCGGTCAGGAGGCC,10,4927447
ygfS_ygfT_predicted,8.333333333333334,26,2,GCCCGTTATCTCATTGTTGT,24,4921189
ygfS_ygfT_predicted,9.333333333333334,29,2,GCCATCCAGTCATCCCCGTA,27,4918455
ygfS_ygfT_predicted,0.6666666666666666,3,2,GCCAATCTCTAAGGACGTGT,1,4917662
ygfS_ygfT_predicted,2.6666666666666665,9,2,GCATGGTGCAACCGAGCTCG,7,4914626
ygfS_ygfT_predicted,4.0,13,2,GCATCCGTCGACTATCTGAC,11,4906268
ygfS_ygfT_predicted,12.666666666666666,39,2,GCATAGTTCTGCTGGGGGCA,37,4911054
ygfS_ygfT_predicted,3.3333333333333335,11,2,GCAGCTTCCATATCTTTGAT,9,4914682
ygfS_ygfT_predicted,8.0,25,2,GCAAAGGCTGCTATCACCGT,23,4917785
ygfS_ygfT_predicted,4.333333333333333,14,2,GATTGTCGGCACCCCGTAAA,12,4917326
ygfS_ygfT_predicted,1.6666666666666667,6,2,GATGCATCTCCAGAAAAATT,4,4924806
ygfS_ygfT_predicted,3.3333333333333335,11,2,GATCTGGCCCTTGACTAACT,9,4930458
ygfS_ygfT_predicted,1.0,4,2,GATCGAGGTAGTTTTTCACA,2,4905687
ygfS_ygfT_predicted,5.333333333333333,17,2,GATAAGGAATCGTGGCCCGG,15,4909910
ygfS_ygfT_predicted,2.3333333333333335,8,2,GAGTATTGTTTGGGTCCGTA,6,4919992
ygfS_ygfT_predicted,7.333333333333333,23,2,GAGCGGGTTTGCATCCCTCG,21,4913911
ygfS_ygfT_predicted,3.3333333333333335,11,2,GACCAAAGGGGCTGTGGAGC,9,4922438
ygfS_ygfT_predicted,0.6666666666666666,3,2,GAATTCCAGCCTGCCTTACT,1,4930862
ygfS_ygfT_predicted,1.0,4,2,GAATGGGTCATTTACCTATA,2,4929375
ygfS_ygfT_predicted,5.666666666666667,18,2,GAACTTGGGTCTAGCGAAGG,16,4920448
ygfS_ygfT_predicted,5.333333333333333,17,2,GAACACATGCGGATACGAGC,15,4906751
ygfS_ygfT_predicted,0.6666666666666666,3,2,GAAAGCCTCTGGTGGTGTAT,1,4913987
ygfS_ygfT_predicted,7.0,22,2,CTTCCTCGTATACCTGAATG,20,4928264
ygfS_ygfT_predicted,1.6666666666666667,6,2,CTTATTTTTCCGACGACTCA,4,4928036
ygfS_ygfT_predicted,4.0,13,2,CTTAATAGTAAATCACTAAA,11,4903954
ygfS_ygfT_predicted,1.6666666666666667,6,2,CTGTTGGACCAAATAGCCCA,4,4913190
ygfS_ygfT_predicted,6.0,19,2,CTGAAACGGTTTCGCTTTTA,17,4909701
ygfS_ygfT_predicted,4.0,13,2,CTATGACCAAGTCAAGATTA,11,4903451
ygfS_ygfT_predicted,1.0,4,2,CTAGAGGCGGTCCGGGCGCA,2,4916918
ygfS_ygfT_predicted,3.3333333333333335,11,2,CGTCCCACGGCCACCCCTTG,9,4914820
ygfS_ygfT_predicted,1.0,4,2,CGGGCAAATCATCGTCCTCC,2,4902263
ygfS_ygfT_predicted,8.0,25,2,CGCTGTAGAATAGGCTCTGC,23,4928351
ygfS_ygfT_predicted,3.6666666666666665,12,2,CGAAGGCATGCTTTCCCCCT,10,4923043
ygfS_ygfT_predicted,0.6666666666666666,3,2,CCTTCCTCCAAACTCGTCCT,1,4916442
ygfS_ygfT_predicted,7.333333333333333,23,2,CCTGCTGAAATTACTCTTGA,21,4902956
ygfS_ygfT_predicted,5.666666666666667,18,2,CCGTGGTGATCGGTAAGTTA,16,4912636
ygfS_ygfT_predicted,5.0,16,2,CCCTCATCAGGCGCTGAATC,14,4920223
ygfS_ygfT_predicted,8.666666666666666,27,2,CCCCCGACTGAGGGTTATAT,25,4921371
ygfS_ygfT_predicted,3.6666666666666665,12,2,CCCACTCGAGGTAATCAGAC,10,4917337
ygfS_ygfT_predicted,6.0,19,2,CCAGTCTGCTGCGTGGTCAC,17,4921286
ygfS_ygfT_predicted,3.0,10,2,CCAGAGCCCGACAGCCTTTA,8,4915237
ygfS_ygfT_predicted,4.0,13,2,CCACTCATTGAGGGCATACT,11,4912186
ygfS_ygfT_predicted,5.333333333333333,17,2,CCAAGGTCCCGCATCTGATC,15,4916554
ygfS_ygfT_predicted,4.0,13,2,CCAAAAGGTCGCCATGGTAC,11,4918481
ygfS_ygfT_predicted,15.666666666666666,48,2,CATTCTAGGGCAGTGTCATT,46,4903413
ygfS_ygfT_predicted,10.666666666666666,33,2,CATGTGGAGCACGAAATGAT,31,4900901
ygfS_ygfT_predicted,11.666666666666666,36,2,CATCGGCATCCTGCGACGGG,34,4930620
ygfS_ygfT_predicted,2.6666666666666665,9,2,CATAACGACTCTAACGTTGA,7,4904728
ygfS_ygfT_predicted,5.666666666666667,18,2,CAGTATTCTATCCTTATTCC,16,4922191
ygfS_ygfT_predicted,6.0,19,2,CACAGGGAGAACTGGTAGAG,17,4928019
ygfS_ygfT_predicted,16.0,49,2,CACACCGGCCCTGGAGGACA,47,4927498
ygfS_ygfT_predicted,5.0,16,2,ATTTTTTGCGATACATCTTC,14,4920746
ygfS_ygfT_predicted,3.6666666666666665,12,2,ATTGCGGGGAGGCCAGACGT,10,4912162
ygfS_ygfT_predicted,3.0,10,2,ATTCAATATCGGGAGGACTG,8,4901510
ygfS_ygfT_predicted,3.6666666666666665,12,2,ATTAAACAACCAGGCCCATT,10,4922226
ygfS_ygfT_predicted,0.6666666666666666,3,2,ATGTACCTCGGAATCGACCT,1,4931077
ygfS_ygfT_predicted,7.333333333333333,23,2,ATGGTTGTATAGATCTGCAG,21,4906259
ygfS_ygfT_predicted,6.333333333333333,20,2,ATGGAATAGATTAGTCGGCT,18,4914527
ygfS_ygfT_predicted,3.6666666666666665,12,2,ATCAGCCGTAGACGTTATAT,10,4928630
ygfS_ygfT_predicted,2.3333333333333335,8,2,ATATACACGTAACCCGGGGC,6,4909131
ygfS_ygfT_predicted,0.6666666666666666,3,2,ATACTGGGTTCCTGTATTGC,1,4928331
ygfS_ygfT_predicted,4.0,13,2,ATACCCACCTACCGTTGATT,11,4920975
ygfS_ygfT_predicted,1.3333333333333333,5,2,ATAATTTGTGCGGACTTCCG,3,4911704
ygfS_ygfT_predicted,5.0,16,2,AGTTCAGCACGCTGCTTTAA,14,4927825
ygfS_ygfT_predicted,1.0,4,2,AGTTAGAGCTCTATATTCTC,2,4904129
ygfS_ygfT_predicted,7.333333333333333,23,2,AGTGGCCCCGAGTGTGGCCT,21,4921243
ygfS_ygfT_predicted,5.0,16,2,AGTCTACTTGCAATTATCTT,14,4925221
ygfS_ygfT_predicted,0.6666666666666666,3,2,AGTATAGTCAATATCGGGTT,1,4901092
ygfS_ygfT_predicted,0.6666666666666666,3,2,AGGTGAAATCTGTATATCCA,1,4910015
ygfS_ygfT_predicted,5.666666666666667,18,2,AGGGTAGACCTAGATAGGGC,16,4901244
ygfS_ygfT_predicted,0.6666666666666666,3,2,AGGGCCAGGGTGGATTATGT,1,4908643
ygfS_ygfT_predicted,5.0,16,2,AGGGACTGAGGACACTTAAA,14,4912483
ygfS_ygfT_predicted,5.0,16,2,AGGGACACTTCCATAATAAT,14,4919161
ygfS_ygfT_predicted,14.333333333333334,44,2,AGGCGGTTCAGGCAGCAGAT,42,4925323
ygfS_ygfT_predicted,0.6666666666666666,3,2,AGCGCTTGTATGTGGCAGGG,1,4924411
ygfS_ygfT_predicted,8.666666666666666,27,2,AGCAGGAGCCGAGTCGTTAT,25,4927217
ygfS_ygfT_predicted,3.6666666666666665,12,2,AGCAATTGAAAGGCAGCGTT,10,4920015
ygfS_ygfT_predicted,0.6666666666666666,3,2,AGCAAGAATGCGTTGCCAAT,1,4929447
ygfS_ygfT_predicted,4.0,13,2,AGATCCAATCACTCTCACTG,11,4923161
ygfS_ygfT_predicted,4.0,13,2,AGACTCTGCCCGTAGTACCT,11,4904203
ygfS_ygfT_predicted,1.6666666666666667,6,2,ACTCCCTCCGCCTCCAGGCT,4,4899698
ygfS_ygfT_predicted,5.666666666666667,18,2,ACTAAGCAAATAAATAGCAT,16,4925982
ygfS_ygfT_predicted,2.3333333333333335,8,2,ACGTAAAGTATGTTTACACT,6,4926431
ygfS_ygfT_predicted,7.333333333333333,23,2,ACGGAGCGTAAGCATAACTT,21,4924182
ygfS_ygfT_predicted,0.6666666666666666,3,2,ACGGACCCTTATACACGCAA,1,4901715
ygfS_ygfT_predicted,4.666666666666667,15,2,ACGCGGTTTCGTGATACCAT,13,4929778
ygfS_ygfT_predicted,3.6666666666666665,12,2,ACGCAATCACCGTTACAGAA,10,4929832
ygfS_ygfT_predicted,6.0,19,2,ACGAACCCTGTTCAAGTGTG,17,4920330
ygfS_ygfT_predicted,3.3333333333333335,11,2,ACCTAGACAGATGCGTATAT,9,4912752
ygfS_ygfT_predicted,3.3333333333333335,11,2,ACATGAATATGCGAACGTTA,9,4924974
ygfS_ygfT_predicted,6.666666666666667,21,2,ACATAGTCGCGGGGGATAAT,19,4900915
ygfS_ygfT_predicted,2.6666666666666665,9,2,ACAGCAAGAGTCCAAGGAAC,7,4900789
ygfS_ygfT_predicted,2.3333333333333335,8,2,ACACGCTTAATTACAGCTTC,6,4920654
ygfS_ygfT_predicted,10.0,31,2,ACAATCTAACATGTGCACGC,29,4912473
ygfS_ygfT_predicted,0.6666666666666666,3,2,ACAACCCCAAACTGGTGCAG,1,4901562
ygfS_ygfT_predicted,8.0,25,2,AATTCACTCCCGTTCTAACT,23,4906679
ygfS_ygfT_predicted,0.6666666666666666,3,2,AATTAGGTGGCCGGTTATTA,1,4911659
ygfS_ygfT_predicted,5.666666666666667,18,2,AATGCTTTCGAAAACGGTCT,16,4919416
ygfS_ygfT_predicted,3.3333333333333335,11,2,AATCTGATTATGAGCATTCG,9,4929348
ygfS_ygfT_predicted,6.0,19,2,AAGTAGCTGGGGACAGCTGT,17,4921067
ygfS_ygfT_predicted,7.0,22,2,AACTCCCGTGAAAGACACAG,20,4907515
ygfS_ygfT_predicted,3.6666666666666665,12,2,AACGCTAAAAGACGGAATGG,10,4921916
ygfS_ygfT_predicted,11.666666666666666,36,2,AACGAACACGGTAAGATCAC,34,4912123
ygfS_ygfT_predicted,5.333333333333333,17,2,AACATTGTATCAATGGGTTA,15,4901898
ygfS_ygfT_predicted,3.0,10,2,AAAGTGGACAATCGCTGAAG,8,4913991
ygfS_ygfT_predicted,5.0,16,2,AAACACGGCGTGTCAGTCTG,14,4906254
ygfS_ygfT_predicted,4.0,13,2,AAAAGTCAGTGCCGATTCTA,11,4917245
ygfS_ygfT_predicted,11.0,22,1,TTGTGGGTGAATGGTTGAAG,21,4925610
ygfS_ygfT_predicted,8.5,17,1,TTGGAGTTGTGACCTATTTT,16,4913610
ygfS_ygfT_predicted,10.5,21,1,TTGCCCATGTGATACAGAAG,20,4909130
ygfS_ygfT_predicted,14.0,28,1,TTGAGGACTCATTCACGGAC,27,4912775
ygfS_ygfT_predicted,8.0,16,1,TTGAGCTTGTCAGGACTATA,15,4925888
ygfS_ygfT_predicted,9.0,18,1,TTCTGCTTAGTTTGAGTTTT,17,4901451
ygfS_ygfT_predicted,8.5,17,1,TTCCTATGGGTCTGTATATT,16,4907110
ygfS_ygfT_predicted,6.5,13,1,TTATTGTAAAATCGAGGGGT,12,4927485
ygfS_ygfT_predicted,4.0,8,1,TTAAGGACATTGCAGCGAAA,7,4925128
ygfS_ygfT_predicted,11.0,22,1,TTAAAGGGCTAGCCTTCATC,21,4923761
ygfS_ygfT_predicted,10.0,20,1,TGTTCTAGAGAGGCGTGGGG,19,4908349
ygfS_ygfT_predicted,10.0,20,1,TGTGTGGAGGGGGTCATGTT,19,4931116
ygfS_ygfT_predicted,3.0,6,1,TGATGCCGGTACGTAGGGGA,5,4911245
ygfS_ygfT_predicted,8.5,17,1,TGATCTATAGCCAAAAGCCT,16,4927842
ygfS_ygfT_predicted,4.0,8,1,TGAGCATCACGCACGCGCAA,7,4924220
ygfS_ygfT_predicted,8.0,16,1,TGACTGAACGTCGGGAACAC,15,4925983
ygfS_ygfT_predicted,8.5,17,1,TGACGTACGGTGATAACATG,16,4930019
ygfS_ygfT_predicted,3.0,6,1,TCTTTAGGGGAGAAGTTCTA,5,4917367
ygfS_ygfT_predicted,10.0,20,1,TCTTGTACGCCGTGCAGGGG,19,4899873
ygfS_ygfT_predicted,8.0,16,1,TCTGTAGACCAGGTCACATT,15,4918804
ygfS_ygfT_predicted,8.0,16,1,TCGCCCAACCGTGTGGGGCT,15,4910798
ygfS_ygfT_predicted,1.0,2,1,TCGACGACGTGATCGTGTTA,1,4919487
ygfS_ygfT_predicted,4.0,8,1,TCCCGGGATGTTTTCCCAGA,7,4909240
ygfS_ygfT_predicted,14.5,29,1,TATGTGACGTCAGGAGTGCG,28,4923415
ygfS_ygfT_predicted,5.5,11,1,TATATATCATATCACGACCT,10,4903077
ygfS_ygfT_predicted,1.0,2,1,TAGCTTGCGATGTTATGTAT,1,4926169
ygfS_ygfT_predicted,12.0,24,1,TACTATCGATGTTCATATAT,23,4922166
ygfS_ygfT_predicted,3.5,7,1,TACGCCGCTGGCTTTATGTC,6,4912163
ygfS_ygfT_predicted,10.5,21,1,TACGATCTAGACAGGCTAGC,20,4919254
ygfS_ygfT_predicted,2.0,4,1,TACCGGACCCCAGACTAGCG,3,4913032
ygfS_ygfT_predicted,7.0,14,1,TACCCAGTCCACGTAACGTC,13,4903677
ygfS_ygfT_predicted,1.0,2,1,TACAACACACTAGGGGTTTC,1,4928367
ygfS_ygfT_predicted,8.5,17,1,TAATGCGCGCTATATGATGT,16,4925312
ygfS_ygfT_predicted,8.5,17,1,TAAAGAAACTGGTTCGAAGA,16,4925284
ygfS_ygfT_predicted,1.5,3,1,GTTTGATATTTACAGGGATA,2,4918593
ygfS_ygfT_predicted,3.5,7,1,GTTTAAATCACTGAGCCGTG,6,4927149
ygfS_ygfT_predicted,12.5,25,1,GTGCGGTACGGATTGGCGGA,24,4920703
ygfS_ygfT_predicted,18.0,36,1,GTGATGCTCCAGCGCCCCCA,35,4905639
ygfS_ygfT_predicted,1.0,2,1,GTCTGCGACGCAACCTGCGC,1,4914569
ygfS_ygfT_predicted,11.0,22,1,GTCGTTAATACCACAACATG,21,4902139
ygfS_ygfT_predicted,8.5,17,1,GTCAAGGGGGCATCGGCAAT,16,4920036
ygfS_ygfT_predicted,13.5,27,1,GTACTAAGAGAGCGCGTATC,26,4908440
ygfS_ygfT_predicted,6.0,12,1,GTAATATTGATCTGACTGAT,11,4914157
ygfS_ygfT_predicted,1.0,2,1,GTAAAATCGTTATGTAATCT,1,4906085
ygfS_ygfT_predicted,8.5,17,1,GGTTTTTCGGTCGAAGCAGT,16,4913094
ygfS_ygfT_predicted,3.5,7,1,GGTTTCCCTCCTCGAATGGT,6,4922258
ygfS_ygfT_predicted,9.0,18,1,GGTTCGGAGGGTCCAGAGGC,17,4928479
ygfS_ygfT_predicted,8.0,16,1,GGTGGGTATGAGTTCAGAAG,15,4921880
ygfS_ygfT_predicted,10.0,20,1,GGTCATTTCTGAGGCTTTGC,19,4899926
ygfS_ygfT_predicted,1.0,2,1,GGTAACGCAACAGCGGCAGC,1,4920961
ygfS_ygfT_predicted,11.5,23,1,GGGGCGTAATCTATAGATCG,22,4905548
ygfS_ygfT_predicted,5.5,11,1,GGGCTACTTAGTCCCCTCGG,10,4921948
ygfS_ygfT_predicted,5.0,10,1,GGCGCTGATTTCCTTTTAGC,9,4924859
ygfS_ygfT_predicted,5.5,11,1,GGCGATGGTCGTATTAGCTT,10,4926671
ygfS_ygfT_predicted,12.0,24,1,GGCCTATACCCTACCCCCGC,23,4923960
ygfS_ygfT_predicted,6.5,13,1,GGCAGCCATGAGTACTCAGC,12,4916386
ygfS_ygfT_predicted,18.5,37,1,GGCAGATCGGACACATGTAG,36,4910479
ygfS_ygfT_predicted,12.5,25,1,GGAACGCGCAAAGGGTAAGG,24,4927822
ygfS_ygfT_predicted,3.5,7,1,GCTGAATCGGGGTTCTCATC,6,4928663
ygfS_ygfT_predicted,6.0,12,1,GCTCTAGCACCGGCACTGAT,11,4912096
ygfS_ygfT_predicted,1.0,2,1,GCGCCTTGCGCTATAGGTCC,1,4909348
ygfS_ygfT_predicted,8.5,17,1,GCCTTCCTAGATGTTCAGAT,16,4917528
ygfS_ygfT_predicted,6.0,12,1,GCCCCCCTAACTTTCCTGAC,11,4903633
ygfS_ygfT_predicted,10.5,21,1,GCATACGCCGAAGTCAACTT,20,4924419
ygfS_ygfT_predicted,1.0,2,1,GCAGAGAGGACCGCCGTGCC,1,4902697
ygfS_ygfT_predicted,10.0,20,1,GCACCGAGACGTAACCGCGT,19,4918724
ygfS_ygfT_predicted,11.5,23,1,GATTCGGTCTCTAAGTCGTA,22,4924326
ygfS_ygfT_predicted,6.5,13,1,GATGGCCACCTATGTCTTAT,12,4922908
ygfS_ygfT_predicted,3.5,7,1,GATGCGCGCCAAGCTCATGC,6,4907196
ygfS_ygfT_predicted,1.0,2,1,GAGAGTTAGAACCAGCGCGT,1,4927518
ygfS_ygfT_predicted,4.5,9,1,GAGAATTGTCAGCGTATTCT,8,4925491
ygfS_ygfT_predicted,9.5,19,1,GACTTCTACGAAACGGTCGG,18,4900617
ygfS_ygfT_predicted,10.5,21,1,GACCGCCATGAAGCTCATCC,20,4919448
ygfS_ygfT_predicted,4.0,8,1,GACAGCATGAGAGTCCGCAG,7,4922734
ygfS_ygfT_predicted,9.5,19,1,GAAGGGGATGTTCCAGGACC,18,4916771
ygfS_ygfT_predicted,5.0,10,1,GAACTACGATATTGGTCTGG,9,4924931
ygfS_ygfT_predicted,8.5,17,1,GAACCGATCAGTCAGTGCCT,16,4929269
ygfS_ygfT_predicted,5.0,10,1,GAACCATCCTGTTTTTTAGA,9,4915312
ygfS_ygfT_predicted,8.0,16,1,CTTGTCGTGAAAGTGCACCA,15,4919994
ygfS_ygfT_predicted,12.5,25,1,CTTGCATGAGCTCGTTTGGG,24,4929737
ygfS_ygfT_predicted,29.0,58,1,CTTCCTTCCCAGCCCTAAGG,57,4913721
ygfS_ygfT_predicted,10.0,20,1,CTGTTTTGTCCTCACATGCG,19,4930251
ygfS_ygfT_predicted,7.5,15,1,CTGAGGGGCAGAGAGGTGGT,14,4908108
ygfS_ygfT_predicted,6.0,12,1,CTCTTTTGATAGGACTGTGT,11,4920038
ygfS_ygfT_predicted,9.0,18,1,CTATGATAGAAACAAGGGAA,17,4909367
ygfS_ygfT_predicted,23.5,47,1,CGTGGCAAAACGGCAGTCCC,46,4929446
ygfS_ygfT_predicted,6.5,13,1,CGGTCTTTGGCGTATACTTA,12,4912588
ygfS_ygfT_predicted,1.0,2,1,CGGAGCCATTGAGAATGACG,1,4926460
ygfS_ygfT_predicted,11.5,23,1,CGGAACACGGCGGTCTCATA,22,4904677
ygfS_ygfT_predicted,9.5,19,1,CGCTACGCTATAATGCCTAC,18,4907867
ygfS_ygfT_predicted,13.5,27,1,CGCGGGGCCTTCTAGCCAGT,26,4915475
ygfS_ygfT_predicted,3.5,7,1,CGCAGTGCCATTATCCGGGG,6,4920785
ygfS_ygfT_predicted,1.5,3,1,CGATCCATTAGTGGGTGCCA,2,4918594
ygfS_ygfT_predicted,5.0,10,1,CGACTAAGTGTGAAGGAGCC,9,4900288
ygfS_ygfT_predicted,6.0,12,1,CCTTCTTTACCATCTACTGG,11,4902249
ygfS_ygfT_predicted,9.0,18,1,CCCTCATTAGTGTCGGGACT,17,4929666
ygfS_ygfT_predicted,6.5,13,1,CCCAAACGAGGTCCCTTTCA,12,4930767
ygfS_ygfT_predicted,7.0,14,1,CCAGGGTCACTCCACGGCTA,13,4914219
ygfS_ygfT_predicted,11.5,23,1,CCAATCCTCCCTTCATTGTA,22,4913565
ygfS_ygfT_predicted,13.0,26,1,CATTACCCCACGGCGTCGGC,25,4903092
ygfS_ygfT_predicted,12.5,25,1,CATATAGTTCCCAGCTGAGC,24,4901934
ygfS_ygfT_predicted,13.0,26,1,CATACAGCAATCCTTTCTGC,25,4912058
ygfS_ygfT_predicted,9.5,19,1,CAGATTTAAGCGCGTAGTAA,18,4928602
ygfS_ygfT_predicted,10.0,20,1,CACTGTAGGCTATCCAAGGG,19,4925129
ygfS_ygfT_predicted,1.0,2,1,CACTACAAATAAAGGCTTTC,1,4916541
ygfS_ygfT_predicted,9.5,19,1,CACCTCTTCTCGAGAATCGA,18,4899779
ygfS_ygfT_predicted,3.0,6,1,CACCATTCACCCAATACTGG,5,4899987
ygfS_ygfT_predicted,10.5,21,1,CAAGCCCGTCTTGAGGAATC,20,4912474
ygfS_ygfT_predicted,8.0,16,1,ATTAAATTGTATGCAAAGCA,15,4910128
ygfS_ygfT_predicted,6.0,12,1,ATGCTGTAAGTATTCGACTA,11,4923927
ygfS_ygfT_predicted,7.5,15,1,ATGCGTTCTATCAATGGCTA,14,4918130
ygfS_ygfT_predicted,10.5,21,1,ATCCTCGCTCAGATTTCTAT,20,4911328
ygfS_ygfT_predicted,2.0,4,1,ATCATTCCCTGACCTGTTAC,3,4914464
ygfS_ygfT_predicted,6.5,13,1,ATCATTAGCATTTTCGGAGC,12,4919006
ygfS_ygfT_predicted,8.5,17,1,ATAGTGTCAAAGGATGACTT,16,4908706
ygfS_ygfT_predicted,1.5,3,1,ATAGCTTATTCATCCCGGCG,2,4909970
ygfS_ygfT_predicted,9.0,18,1,ATAGAGACAACCGTCGCTCG,17,4929022
ygfS_ygfT_predicted,11.0,22,1,AGTACCCATGGGTTCTATTT,21,4912353
ygfS_ygfT_predicted,11.0,22,1,AGGCTTGTGCTTTCCATTAG,21,4915451
ygfS_ygfT_predicted,3.0,6,1,AGGCTAGAGCATACGGAATA,5,4905237
ygfS_ygfT_predicted,11.0,22,1,AGCTACGAATGGATGACTCA,21,4907774
ygfS_ygfT_predicted,11.0,22,1,AGCCCGTCGTTCGTCAGCGG,21,4905006
ygfS_ygfT_predicted,13.5,27,1,AGCATTGAATTGGCCGGAGC,26,4924616
ygfS_ygfT_predicted,6.5,13,1,AGATATGGGCACTTCGAAGC,12,4903932
ygfS_ygfT_predicted,7.5,15,1,AGAGGCGCGGGATGTTCAGC,14,4918528
ygfS_ygfT_predicted,33.0,66,1,AGAGCGTGGAGTTTAGCGTT,65,4915901
ygfS_ygfT_predicted,8.5,17,1,AGAAATTATGTACCGTAATA,16,4925574
ygfS_ygfT_predicted,7.0,14,1,AGAAAAGTCACCGACCGGTG,13,4902272
ygfS_ygfT_predicted,10.0,20,1,ACTCTGCGTTCAGGACAAGG,19,4909680
ygfS_ygfT_predicted,11.5,23,1,ACTCATGTTGGTCTAAAGTG,22,4919047
ygfS_ygfT_predicted,1.0,2,1,ACGTCGAATTCACCACTGGC,1,4920675
ygfS_ygfT_predicted,3.0,6,1,ACGATTCATGGCCTTGGATT,5,4924099
ygfS_ygfT_predicted,9.5,19,1,ACAGCATTCATACATGTCAT,18,4913115
ygfS_ygfT_predicted,1.5,3,1,ACAGCAGTTCGGGAGCACGA,2,4913002
ygfS_ygfT_predicted,11.0,22,1,ACACGTATATCCGGAAATTC,21,4925183
ygfS_ygfT_predicted,1.5,3,1,ACAAACCCAACCTGGTGCAG,2,4901563
ygfS_ygfT_predicted,7.5,15,1,AATGGTCTGTAAATTCAATC,14,4925640
ygfS_ygfT_predicted,8.5,17,1,AATGGCCTTCGAGTCCGGAG,16,4908792
ygfS_ygfT_predicted,1.0,2,1,AATCTTCTGGGTGACGGTTG,1,4913318
ygfS_ygfT_predicted,9.5,19,1,AATCAGCGGGTTATTCGACC,18,4910082
ygfS_ygfT_predicted,1.5,3,1,AACCTTAGCGCTGATGTATT,2,4925346
ygfS_ygfT_predicted,10.5,21,1,AACCCCCTGGAGTGGAGGTG,20,4927836
ygfS_ygfT_predicted,11.0,22,1,AAATAGTTCAATTGCTCCAC,21,4909863
ygfS_ygfT_predicted,4.5,9,1,AAAGGTTAGTGGCATGGTGT,8,4927818
ygfS_ygfT_predicted,4.5,9,1,AAACTGTAATATGTCAGACT,8,4902995
ygfS_ygfT_predicted,9.0,18,1,AAAACGAGGCACTGGGCACT,17,4906710
ygfS_ygfT_predicted,2.5,5,1,AAAAAAGTTAGAGAGCCGTT,4,4927528
ygfS_ygfT_predicted,0.01694915254237288,58,58,ATTAAATCGCTGCGACCCAG,0,4906068
ygfS_ygfT_predicted,0.017857142857142856,55,55,AGCCTCAGCTCACACGGTCA,0,4899812
ygfS_ygfT_predicted,0.023255813953488372,42,42,GAACGGGGTAGGGCTGGAAC,0,4901255
ygfS_ygfT_predicted,0.024390243902439025,40,40,GGTTACGAATGGAGTGCCGC,0,4918892
ygfS_ygfT_predicted,0.024390243902439025,40,40,CCCTCTATAGCCAGTCTTTG,0,4903596
ygfS_ygfT_predicted,0.024390243902439025,40,40,CCAGTTGGCATGGAAGCTGT,0,4903342
ygfS_ygfT_predicted,0.02631578947368421,37,37,CTTTCAGCGTCATATATTGT,0,4926277
ygfS_ygfT_predicted,0.02702702702702703,36,36,ATAAGTTAATCGCCAAAAAT,0,4926820
ygfS_ygfT_predicted,0.027777777777777776,35,35,TGAGGGGGATGAGGCTCCTC,0,4907287
ygfS_ygfT_predicted,0.027777777777777776,35,35,GGGAGGTATGCGCATTTACC,0,4922370
ygfS_ygfT_predicted,0.02857142857142857,34,34,TGAAGCCGTCAACTTTCTGT,0,4913071
ygfS_ygfT_predicted,0.02857142857142857,34,34,CGAAAGGCACCCTCTGCTAA,0,4918280
ygfS_ygfT_predicted,0.02857142857142857,34,34,CGAAACTGCAAGTGTCACCA,0,4915445
ygfS_ygfT_predicted,0.02857142857142857,34,34,CCGGAGCGATAAATTGCATG,0,4902648
ygfS_ygfT_predicted,0.029411764705882353,33,33,TTTAGATCGGAAGAGCACGT,0,4902725
ygfS_ygfT_predicted,0.029411764705882353,33,33,ATCCTGCGCGTCACCGAACT,0,4904218
ygfS_ygfT_predicted,0.030303030303030304,32,32,GACTGGGCGCAAGCGAATGA,0,4908194
ygfS_ygfT_predicted,0.030303030303030304,32,32,AAAGGGATGGCTAACAGTTA,0,4926262
ygfS_ygfT_predicted,0.03125,31,31,TTAGAAGGGTAAGCTCCTGG,0,4899708
ygfS_ygfT_predicted,0.03125,31,31,GTGGGGTCTGCATTGCATGT,0,4914250
ygfS_ygfT_predicted,0.03125,31,31,GGCAACCATGTTCTGAAGCA,0,4929712
ygfS_ygfT_predicted,0.03125,31,31,GACTTGAGCCACTACGATAA,0,4902357
ygfS_ygfT_predicted,0.03125,31,31,AGAGTCCGCGTGGATTCTGA,0,4923417
ygfS_ygfT_predicted,0.03225806451612903,30,30,TGCGATACAGGGCAACTCCT,0,4915091
ygfS_ygfT_predicted,0.03225806451612903,30,30,TGCGACGACTGGGTAGTCGC,0,4911907
ygfS_ygfT_predicted,0.03225806451612903,30,30,TCGGTGCGATAATCAAGAAA,0,4915671
ygfS_ygfT_predicted,0.03225806451612903,30,30,GAACCAAAGTGGGGGTTGGT,0,4900896
ygfS_ygfT_predicted,0.03225806451612903,30,30,ATATAAGTCTTGCTACATTA,0,4923600
ygfS_ygfT_predicted,0.03225806451612903,30,30,AAGGGATAGATCCACCAGCT,0,4911661
ygfS_ygfT_predicted,0.03333333333333333,29,29,TTCGAGACGACGGAGTCGGA,0,4904958
ygfS_ygfT_predicted,0.03333333333333333,29,29,TCCAAGCAGGCGACTTGGGA,0,4906082
ygfS_ygfT_predicted,0.03333333333333333,29,29,CGTACGCCCAGTTGAGGGAA,0,4917025
ygfS_ygfT_predicted,0.034482758620689655,28,28,TTGGTCCATCCATAGTTTGG,0,4905608
ygfS_ygfT_predicted,0.034482758620689655,28,28,GCACTTTAGTAACAGGGCTT,0,4914483
ygfS_ygfT_predicted,0.034482758620689655,28,28,CTACCCCATGGATGATCCCT,0,4920696
ygfS_ygfT_predicted,0.034482758620689655,28,28,CTACACGCGTACGTTTTGTA,0,4913215
ygfS_ygfT_predicted,0.034482758620689655,28,28,CGTTCCAAAGCTGCGCGGGT,0,4906378
ygfS_ygfT_predicted,0.034482758620689655,28,28,CGGCGAAGCCTGCGTATGTG,0,4911926
ygfS_ygfT_predicted,0.034482758620689655,28,28,CGGATCAGTTTTCTAACCTG,0,4902934
ygfS_ygfT_predicted,0.034482758620689655,28,28,ATTAGCATGGTCCAAGATCT,0,4916949
ygfS_ygfT_predicted,0.034482758620689655,28,28,ACCCGCAGAGTCAGCCTTAT,0,4922694
ygfS_ygfT_predicted,0.034482758620689655,28,28,AACTAACAGGGGGGGATGGT,0,4908362
ygfS_ygfT_predicted,0.03571428571428571,27,27,GCCCTGTGCTGGGTTCAAAT,0,4907608
ygfS_ygfT_predicted,0.03571428571428571,27,27,GACCTCGAGAAGGTGATACG,0,4916225
ygfS_ygfT_predicted,0.03571428571428571,27,27,ATCCTCTAAGGGGTCGTGTA,0,4910796
ygfS_ygfT_predicted,0.037037037037037035,26,26,TGCAAGTCTTGCGGGCAACT,0,4924066
ygfS_ygfT_predicted,0.037037037037037035,26,26,TCCGCATGTGTGGCTCAGAA,0,4930148
ygfS_ygfT_predicted,0.037037037037037035,26,26,TCAATTAGTCCGCACTGGAT,0,4902858
ygfS_ygfT_predicted,0.037037037037037035,26,26,GTATACGGCAAATGTGTCCT,0,4903961
ygfS_ygfT_predicted,0.037037037037037035,26,26,CGGAACAAACAAACCGACAT,0,4922372
ygfS_ygfT_predicted,0.037037037037037035,26,26,CGCGCGGGTCACTAGGACTC,0,4917590
ygfS_ygfT_predicted,0.037037037037037035,26,26,CGCAAAATTGCATAATATGG,0,4924876
ygfS_ygfT_predicted,0.037037037037037035,26,26,CACATTCCTTGAATTCGATG,0,4901449
ygfS_ygfT_predicted,0.037037037037037035,26,26,ACCTTCCCGATTGCCCGCGA,0,4909392
ygfS_ygfT_predicted,0.037037037037037035,26,26,AAACATGGATTGGGTGTAGC,0,4909645
ygfS_ygfT_predicted,0.038461538461538464,25,25,TGCCATTTGAAATCGAGGTT,0,4915208
ygfS_ygfT_predicted,0.038461538461538464,25,25,TAGCACCCGAATAATTGATC,0,4900641
ygfS_ygfT_predicted,0.038461538461538464,25,25,ATGCCGTATCTGAACGTTGA,0,4911956
ygfS_ygfT_predicted,0.038461538461538464,25,25,AGTTTATGACGCTGGCCCTA,0,4913561
ygfS_ygfT_predicted,0.038461538461538464,25,25,AGCTCGACTTATTCGATTTG,0,4919795
ygfS_ygfT_predicted,0.038461538461538464,25,25,ACAGGCGGTCGCGCAAACCA,0,4906062
ygfS_ygfT_predicted,0.04,24,24,TGCCGGAATAATCGGCAATT,0,4927169
ygfS_ygfT_predicted,0.04,24,24,GTAAGTGTTTAATTAGGTCA,0,4924723
ygfS_ygfT_predicted,0.04,24,24,GGGTTTAATATCTCAGGTCA,0,4901428
ygfS_ygfT_predicted,0.04,24,24,GGGACCAGGTCATGTACAAA,0,4919238
ygfS_ygfT_predicted,0.04,24,24,GGAGTAGTGATCATGGGCGG,0,4912762
ygfS_ygfT_predicted,0.04,24,24,GCTCCAGATCCATCAATGCT,0,4921147
ygfS_ygfT_predicted,0.04,24,24,GCGCAAAATCACATCTCGGA,0,4905230
ygfS_ygfT_predicted,0.04,24,24,GAGCCATACTATGTCTGTTG,0,4916574
ygfS_ygfT_predicted,0.04,24,24,GAGCCAAGATCAGACCGGTA,0,4909423
ygfS_ygfT_predicted,0.04,24,24,CCTTGGGGTATAATTGACAC,0,4908745
ygfS_ygfT_predicted,0.04,24,24,ATCACGGCCAAGAACTGTCA,0,4917702
ygfS_ygfT_predicted,0.04,24,24,ATAGCTACCAGTCGGGAGTG,0,4910721
ygfS_ygfT_predicted,0.04,24,24,AGTTGGGGCGATCGGGACCT,0,4906430
ygfS_ygfT_predicted,0.04,24,24,ACACGACCTTAACAGACCCC,0,4903042
ygfS_ygfT_predicted,0.041666666666666664,23,23,TTGCAGTTGGATTTTCTAGA,0,4905066
ygfS_ygfT_predicted,0.041666666666666664,23,23,TCTGGGTTGGGCTAGGTTTC,0,4929223
ygfS_ygfT_predicted,0.041666666666666664,23,23,GGCTATGGATATACACTGAT,0,4929664
ygfS_ygfT_predicted,0.041666666666666664,23,23,GAGCTTTCCCCGTTGAAGCG,0,4923260
ygfS_ygfT_predicted,0.041666666666666664,23,23,GAGATGTCTCGTGTTAGCCG,0,4912578
ygfS_ygfT_predicted,0.041666666666666664,23,23,CAACATCGGTGTGTTGCGGG,0,4910005
ygfS_ygfT_predicted,0.041666666666666664,23,23,ATATGGTCAGCGACTTTCTA,0,4916392
ygfS_ygfT_predicted,0.043478260869565216,22,22,TCTCGAAAAACCGAAGTGAG,0,4909406
ygfS_ygfT_predicted,0.043478260869565216,22,22,GTTTTCCGGGTTCATTACGA,0,4899762
ygfS_ygfT_predicted,0.043478260869565216,22,22,GGTTTAGAGGCTCGTTAAAG,0,4911317
ygfS_ygfT_predicted,0.043478260869565216,22,22,GGGCATGACTAATGCAAAAC,0,4925619
ygfS_ygfT_predicted,0.043478260869565216,22,22,GGATACATGGTTTGTCGGAG,0,4911782
ygfS_ygfT_predicted,0.043478260869565216,22,22,GCATACGACTGAGGTGAACC,0,4915412
ygfS_ygfT_predicted,0.043478260869565216,22,22,GATTTAGTGGGTTCCAGTAA,0,4914054
ygfS_ygfT_predicted,0.043478260869565216,22,22,GATATTGCTCGTATATGGGT,0,4909627
ygfS_ygfT_predicted,0.043478260869565216,22,22,CTTCCCGGGAGGGATATAAT,0,4904060
ygfS_ygfT_predicted,0.043478260869565216,22,22,CTAGCTTGGGGGGCAGCAAA,0,4904660
ygfS_ygfT_predicted,0.043478260869565216,22,22,CGGGCTATTAAGGGTGCTTA,0,4923624
ygfS_ygfT_predicted,0.043478260869565216,22,22,CACCCCCGTAATTCTTGGCC,0,4904784
ygfS_ygfT_predicted,0.043478260869565216,22,22,CAACAATTCATGACAGGAAA,0,4911341
ygfS_ygfT_predicted,0.043478260869565216,22,22,ATGGAAACAAACTGACAATA,0,4906189
ygfS_ygfT_predicted,0.043478260869565216,22,22,ATCTACAACCTTCTCGGACA,0,4916375
ygfS_ygfT_predicted,0.043478260869565216,22,22,ATAGTCCAGTACGGTATAAC,0,4919415
ygfS_ygfT_predicted,0.043478260869565216,22,22,AGGTGACGCGGGAAAGGGAC,0,4906675
ygfS_ygfT_predicted,0.043478260869565216,22,22,AAGATTCGAAAGACTCTTAT,0,4904427
ygfS_ygfT_predicted,0.043478260869565216,22,22,AAAGCGGGCGGTACCTTATT,0,4920037
ygfS_ygfT_predicted,0.043478260869565216,22,22,AAACACAGAAGACACCGAGA,0,4914621
ygfS_ygfT_predicted,0.045454545454545456,21,21,TTGGTGCTGCAGGAAAACCA,0,4903667
ygfS_ygfT_predicted,0.045454545454545456,21,21,TGCAAACTGTTCACAAGATT,0,4910468
ygfS_ygfT_predicted,0.045454545454545456,21,21,TGAGACACAGGTGGGTATAC,0,4901105
ygfS_ygfT_predicted,0.045454545454545456,21,21,TCATGATCGACGATACATAA,0,4918894
ygfS_ygfT_predicted,0.045454545454545456,21,21,TATGGGGCCTGCCATTGTTA,0,4904765
ygfS_ygfT_predicted,0.045454545454545456,21,21,GTGTTTTCTTGGGGGCGGTA,0,4910744
ygfS_ygfT_predicted,0.045454545454545456,21,21,GTCAGCGGGTTCGGCTAAAC,0,4902937
ygfS_ygfT_predicted,0.045454545454545456,21,21,GGTCACTAACTGCGGGCTCA,0,4917877
ygfS_ygfT_predicted,0.045454545454545456,21,21,GGGCACAACGAAGGTGAGCT,0,4928846
ygfS_ygfT_predicted,0.045454545454545456,21,21,GGATGGCATTTTTACTAGGC,0,4913504
ygfS_ygfT_predicted,0.045454545454545456,21,21,CTTTCCCGGCTACCAAAAAC,0,4900056
ygfS_ygfT_predicted,0.045454545454545456,21,21,CTGGGTTACACTATGGCCGA,0,4910662
ygfS_ygfT_predicted,0.045454545454545456,21,21,CTGAGTTGCAACCGCTAGCG,0,4907039
ygfS_ygfT_predicted,0.045454545454545456,21,21,CGTCACACTTCGACCATCCT,0,4906132
ygfS_ygfT_predicted,0.045454545454545456,21,21,CGGCGGCGTCGAGTCATCTC,0,4907724
ygfS_ygfT_predicted,0.045454545454545456,21,21,CGAGCAGTTCGATGGCCCCC,0,4899743
ygfS_ygfT_predicted,0.045454545454545456,21,21,CCACGCCTAACCAACATTTC,0,4908292
ygfS_ygfT_predicted,0.045454545454545456,21,21,ATGCATCATCGACATTCCGA,0,4913423
ygfS_ygfT_predicted,0.045454545454545456,21,21,ATCATGAGCATCGGTAGTAA,0,4920521
ygfS_ygfT_predicted,0.045454545454545456,21,21,ACACCAGGAAGGTGATGCGT,0,4902380
ygfS_ygfT_predicted,0.045454545454545456,21,21,AACGTGAGTCACAAAGGACT,0,4916114
ygfS_ygfT_predicted,0.045454545454545456,21,21,AACAAGCTTCTAGGGGCACA,0,4923851
ygfS_ygfT_predicted,0.047619047619047616,20,20,TTTCTACCGGACGTCTTGAA,0,4926999
ygfS_ygfT_predicted,0.047619047619047616,20,20,TGTATCGGGGGTCCCAGTGT,0,4910314
ygfS_ygfT_predicted,0.047619047619047616,20,20,TCTATCCCTACGTCTTTGTG,0,4915169
ygfS_ygfT_predicted,0.047619047619047616,20,20,TCAGGATGTATACTTTAAGT,0,4926197
ygfS_ygfT_predicted,0.047619047619047616,20,20,TAATGCGAAGTCTCCTCAAT,0,4922636
ygfS_ygfT_predicted,0.047619047619047616,20,20,GGGAAGGGGTCTCATCAACA,0,4917084
ygfS_ygfT_predicted,0.047619047619047616,20,20,GGCGTTGGTGCACAATTGCA,0,4903201
ygfS_ygfT_predicted,0.047619047619047616,20,20,GCTAACGGTTCGCACTCCGA,0,4902340
ygfS_ygfT_predicted,0.047619047619047616,20,20,GCCTTCCTTTAGGCGCGCGC,0,4903527
ygfS_ygfT_predicted,0.047619047619047616,20,20,GATGCCGACTTAGTGCGCCA,0,4912791
ygfS_ygfT_predicted,0.047619047619047616,20,20,CTGAGCCATGCGCGGGGGTA,0,4927350
ygfS_ygfT_predicted,0.047619047619047616,20,20,CTCGTTACGCGTGGAGTCCA,0,4901271
ygfS_ygfT_predicted,0.047619047619047616,20,20,CTCGGATAAGATGCATGTAA,0,4904406
ygfS_ygfT_predicted,0.047619047619047616,20,20,CACCCCATAGGGTTCCCCAT,0,4908931
ygfS_ygfT_predicted,0.047619047619047616,20,20,ATGTTATTTTTCGTGATATT,0,4903568
ygfS_ygfT_predicted,0.047619047619047616,20,20,AGTCGATACTCAGATTGGCC,0,4904936
ygfS_ygfT_predicted,0.047619047619047616,20,20,AGTAGACACGTCGCGCTGTG,0,4900088
ygfS_ygfT_predicted,0.047619047619047616,20,20,AGCATAGACAACCCCTGCGA,0,4927572
ygfS_ygfT_predicted,0.047619047619047616,20,20,AATCTTGATTTACGGGAGGT,0,4909058
ygfS_ygfT_predicted,0.05,19,19,TTTTAGGAGAAGACCGCAAG,0,4921142
ygfS_ygfT_predicted,0.05,19,19,TTTGGTGCGGAAACCAGGAA,0,4915822
ygfS_ygfT_predicted,0.05,19,19,TTCGTACCGCGCTGTCGTTC,0,4904585
ygfS_ygfT_predicted,0.05,19,19,TTCCGTAGTCGTGTTCCCCC,0,4927790
ygfS_ygfT_predicted,0.05,19,19,TTCACTTGTAAGTGAGAATT,0,4926938
ygfS_ygfT_predicted,0.05,19,19,TTACTACGTTGTCCGAGCTT,0,4915092
ygfS_ygfT_predicted,0.05,19,19,TGTAGTGCGTTTATTCTAAT,0,4918919
ygfS_ygfT_predicted,0.05,19,19,TCGGACTACCACGAGCCTGT,0,4920432
ygfS_ygfT_predicted,0.05,19,19,TCCAGACCTTTCGCGGCGTA,0,4923654
ygfS_ygfT_predicted,0.05,19,19,TAGAACGTCCAGCTTATGCA,0,4901078
ygfS_ygfT_predicted,0.05,19,19,GTCCTGCTTTCTATAAATTC,0,4923289
ygfS_ygfT_predicted,0.05,19,19,GTAGTGGTATCATTCAATGC,0,4924208
ygfS_ygfT_predicted,0.05,19,19,GGGTGTATGCTTGATGCAAG,0,4910979
ygfS_ygfT_predicted,0.05,19,19,GGCTATTAACTTGTTGCCAT,0,4930280
ygfS_ygfT_predicted,0.05,19,19,GCTGGCAAAACACTGTTCCT,0,4931050
ygfS_ygfT_predicted,0.05,19,19,GCTCCAACCCGTATAACGAT,0,4919224
ygfS_ygfT_predicted,0.05,19,19,GCATTATGGAGTCTGTAGAG,0,4919622
ygfS_ygfT_predicted,0.05,19,19,GATTACGCTACTCGACCTGG,0,4920014
ygfS_ygfT_predicted,0.05,19,19,CTTCAAAATGAGAGTGGGCA,0,4910677
ygfS_ygfT_predicted,0.05,19,19,CTGGACCCAGGCCTCACCTT,0,4906218
ygfS_ygfT_predicted,0.05,19,19,CGGCCCATCGTATATTTACG,0,4900480
ygfS_ygfT_predicted,0.05,19,19,CGGCCCAAGTCGAGTTCCAA,0,4926362
ygfS_ygfT_predicted,0.05,19,19,CGATAACTGCCCGCTAACTA,0,4907029
ygfS_ygfT_predicted,0.05,19,19,ATAATAGCGTGGTACATTGG,0,4914607
ygfS_ygfT_predicted,0.05,19,19,AGGTTACAGGTTACGCGCAT,0,4907153
ygfS_ygfT_predicted,0.05,19,19,AGGCAGCCGAGGATGTTAAG,0,4905868
ygfS_ygfT_predicted,0.05,19,19,ACTAAGACTTTGGTCAAACA,0,4926983
ygfS_ygfT_predicted,0.05,19,19,AATGTAAAATCAATTAGACA,0,4916516
ygfS_ygfT_predicted,0.05,19,19,AAGTCCCTAACCCCGCAGCC,0,4904336
ygfS_ygfT_predicted,0.05,19,19,AAGTCACGAACCTCAGCATA,0,4904727
ygfS_ygfT_predicted,0.05263157894736842,18,18,TTGATGCACCACCTGTCGGA,0,4904352
ygfS_ygfT_predicted,0.05263157894736842,18,18,TTCGCATACCTGCCAGCGCC,0,4927277
ygfS_ygfT_predicted,0.05263157894736842,18,18,TGTAGGCCTCTGCTGTGCTT,0,4904648
ygfS_ygfT_predicted,0.05263157894736842,18,18,TGGTGTTGATTGTGCGGCAA,0,4921917
ygfS_ygfT_predicted,0.05263157894736842,18,18,TATTACCTCTGGCGAGGAAC,0,4927774
ygfS_ygfT_predicted,0.05263157894736842,18,18,TAGCGTATGTACAGGACGCG,0,4902133
ygfS_ygfT_predicted,0.05263157894736842,18,18,TACTCTTACTTTACTACGGT,0,4927626
ygfS_ygfT_predicted,0.05263157894736842,18,18,TAATTATCTTCTCCGGCGCT,0,4929931
ygfS_ygfT_predicted,0.05263157894736842,18,18,GTTCACAAGATCCTTGGGTA,0,4924774
ygfS_ygfT_predicted,0.05263157894736842,18,18,GTCATACTACCATTTTAAAA,0,4901887
ygfS_ygfT_predicted,0.05263157894736842,18,18,GTAAATGCACTTACAGGATA,0,4914823
ygfS_ygfT_predicted,0.05263157894736842,18,18,GGCTTATCCCCTTCCGAATA,0,4920179
ygfS_ygfT_predicted,0.05263157894736842,18,18,GGAGTATCTGAAGAGTCAAA,0,4912591
ygfS_ygfT_predicted,0.05263157894736842,18,18,GCTCCGGTAGAACGGGTTCG,0,4904789
ygfS_ygfT_predicted,0.05263157894736842,18,18,GCTATGTTTTAGGCAGCATT,0,4906126
ygfS_ygfT_predicted,0.05263157894736842,18,18,GCGGATCGCAGGTATAGTGC,0,4905911
ygfS_ygfT_predicted,0.05263157894736842,18,18,GCGACACTACCGTACGCGCG,0,4910821
ygfS_ygfT_predicted,0.05263157894736842,18,18,GCCCCACGAACTAACTAAAG,0,4900345
ygfS_ygfT_predicted,0.05263157894736842,18,18,GCCACAAAGAGCTTCGATTC,0,4930586
ygfS_ygfT_predicted,0.05263157894736842,18,18,GCAACCGAGACCCGTTGTCA,0,4913158
ygfS_ygfT_predicted,0.05263157894736842,18,18,GATGGGCTAGTGACCCCCAA,0,4903679
ygfS_ygfT_predicted,0.05263157894736842,18,18,CTAGGTAACCTACTGTAATG,0,4912384
ygfS_ygfT_predicted,0.05263157894736842,18,18,CGGTGCCACGATGTCACAAC,0,4923552
ygfS_ygfT_predicted,0.05263157894736842,18,18,CCAAGCAGGAGTCGCGGTTT,0,4915832
ygfS_ygfT_predicted,0.05263157894736842,18,18,CATGCCATGCGGACATATGA,0,4918289
ygfS_ygfT_predicted,0.05263157894736842,18,18,ATATGTTCTTGGCGACCCGC,0,4924319
ygfS_ygfT_predicted,0.05263157894736842,18,18,AGCTGTATTGGGCAACACAC,0,4913658
ygfS_ygfT_predicted,0.05263157894736842,18,18,AGCGCGACCCCCCCGAGCAA,0,4907241
ygfS_ygfT_predicted,0.05263157894736842,18,18,AGCGCAGCGGTCGGCGACTC,0,4913792
ygfS_ygfT_predicted,0.05263157894736842,18,18,ACGATCTTGCTTCATGGCTT,0,4902727
ygfS_ygfT_predicted,0.05263157894736842,18,18,AATATAGTGCTTCGTTAGTC,0,4929615
ygfS_ygfT_predicted,0.05555555555555555,17,17,TTTTTCTTGGTGACGGTCTA,0,4912558
ygfS_ygfT_predicted,0.05555555555555555,17,17,TTGCTGACTACCTGTGCATG,0,4920344
ygfS_ygfT_predicted,0.05555555555555555,17,17,TGTCCCCCTAGCTACACGAG,0,4910947
ygfS_ygfT_predicted,0.05555555555555555,17,17,TGCTGGTACGCAGAAAGTTT,0,4928299
ygfS_ygfT_predicted,0.05555555555555555,17,17,TCTCGAGGAATTTCTATTAC,0,4916325
ygfS_ygfT_predicted,0.05555555555555555,17,17,TCCCCTGTAGCGAGCAATAT,0,4928571
ygfS_ygfT_predicted,0.05555555555555555,17,17,TCCACGATTCATAGATAAAC,0,4913773
ygfS_ygfT_predicted,0.05555555555555555,17,17,TCAAAGCTTGGGCTCTTTAA,0,4915731
ygfS_ygfT_predicted,0.05555555555555555,17,17,GTTTCGCCCGGGGAGCGAAT,0,4911102
ygfS_ygfT_predicted,0.05555555555555555,17,17,GGTGTAGGGTCTGAGCTTCA,0,4921466
ygfS_ygfT_predicted,0.05555555555555555,17,17,GGATTTGTGATAGGTAGAAA,0,4906197
ygfS_ygfT_predicted,0.05555555555555555,17,17,GGATAGAAGGCAGTTACTTT,0,4903477
ygfS_ygfT_predicted,0.05555555555555555,17,17,GCTGAGCCGGTCTTACGCAA,0,4900954
ygfS_ygfT_predicted,0.05555555555555555,17,17,GCCGTCACTGGACGGCCTGG,0,4910308
ygfS_ygfT_predicted,0.05555555555555555,17,17,GATTAATACTTGATACAGCA,0,4927436
ygfS_ygfT_predicted,0.05555555555555555,17,17,GAGGTAGTCTCCTGAAACGC,0,4902006
ygfS_ygfT_predicted,0.05555555555555555,17,17,CTCTCTTTCGTTCTTGACCC,0,4910438
ygfS_ygfT_predicted,0.05555555555555555,17,17,CGCCAGGGCGAATGCGGCAA,0,4929432
ygfS_ygfT_predicted,0.05555555555555555,17,17,CAGGTTTGCAACTGCTTCCG,0,4911849
ygfS_ygfT_predicted,0.05555555555555555,17,17,CAGGAATTTCTGTTCTTCTA,0,4923580
ygfS_ygfT_predicted,0.05555555555555555,17,17,CACGTGTCGAACTTTAGCCT,0,4902563
ygfS_ygfT_predicted,0.05555555555555555,17,17,ATCTCTCGCCCAGCGGGGCT,0,4911741
ygfS_ygfT_predicted,0.05555555555555555,17,17,ATCCAGGATCGGCCGAGTCG,0,4923146
ygfS_ygfT_predicted,0.05555555555555555,17,17,ATACTAAGTGGCAACATAAA,0,4915798
ygfS_ygfT_predicted,0.05555555555555555,17,17,AGTAAAAGAATATGGATAAC,0,4906469
ygfS_ygfT_predicted,0.05555555555555555,17,17,AGGAGTTCTCCTAAAAGTAT,0,4925963
ygfS_ygfT_predicted,0.05555555555555555,17,17,ACGTACCCCGGACACATGGT,0,4927988
ygfS_ygfT_predicted,0.05555555555555555,17,17,ACGCTACGATGCTCTAACCT,0,4909393
ygfS_ygfT_predicted,0.05555555555555555,17,17,ACGCGTTTTTTGGAGCACAA,0,4909782
ygfS_ygfT_predicted,0.05555555555555555,17,17,ACCGAGGAGTGGTAGTTGAG,0,4918927
ygfS_ygfT_predicted,0.05555555555555555,17,17,ACACATGAGGCATGCCATAA,0,4913667
ygfS_ygfT_predicted,0.05555555555555555,17,17,AAGCCTCTAACCTCTCAAAA,0,4901465
ygfS_ygfT_predicted,0.058823529411764705,16,16,TTGACGGTTTGGAGACTAAC,0,4900177
ygfS_ygfT_predicted,0.058823529411764705,16,16,TTAAGTCATTTGGTAAGGCT,0,4915028
ygfS_ygfT_predicted,0.058823529411764705,16,16,TGGGTAATTAGAGCGAAGAT,0,4922390
ygfS_ygfT_predicted,0.058823529411764705,16,16,TGGCGTCTGTACCAGCAGGC,0,4926595
ygfS_ygfT_predicted,0.058823529411764705,16,16,TGGCGCCTCATCGCTGCTGA,0,4904647
ygfS_ygfT_predicted,0.058823529411764705,16,16,TGGAGGGACCATAGGTTTAG,0,4900255
ygfS_ygfT_predicted,0.058823529411764705,16,16,TGAGCTCCCGGTTGGACTCA,0,4923294
ygfS_ygfT_predicted,0.058823529411764705,16,16,TCTTTTCGTCTGGACCTAGC,0,4909353
ygfS_ygfT_predicted,0.058823529411764705,16,16,TCGTTTGAGAGACGTACTAT,0,4903931
ygfS_ygfT_predicted,0.058823529411764705,16,16,TCCTCTCCCTGTCTCGGGAC,0,4923228
ygfS_ygfT_predicted,0.058823529411764705,16,16,TCATAAGAAAGGAAAATCTC,0,4903425
ygfS_ygfT_predicted,0.058823529411764705,16,16,TCAGGAATCTGAATGCGGGT,0,4901812
ygfS_ygfT_predicted,0.058823529411764705,16,16,TATTGCGGTCATAACCTGCT,0,4901103
ygfS_ygfT_predicted,0.058823529411764705,16,16,TATGTACGTGAGTAACGACT,0,4926598
ygfS_ygfT_predicted,0.058823529411764705,16,16,TATAGCCTCGCCCGTTGCAG,0,4902289
ygfS_ygfT_predicted,0.058823529411764705,16,16,TAGGACATCCTTGGTCGGAT,0,4931038
ygfS_ygfT_predicted,0.058823529411764705,16,16,TACTTGGAGTAAAAGTTTCA,0,4906900
ygfS_ygfT_predicted,0.058823529411764705,16,16,TACCTTCTGCGATCCTGCAG,0,4923375
ygfS_ygfT_predicted,0.058823529411764705,16,16,TAAGGTGGTGGCACACTGGG,0,4926776
ygfS_ygfT_predicted,0.058823529411764705,16,16,GTTGTTCTCACGTAGTTTCC,0,4921595
ygfS_ygfT_predicted,0.058823529411764705,16,16,GTCGTTAGTCTCTAGGCCGA,0,4926416
ygfS_ygfT_predicted,0.058823529411764705,16,16,GTACATGACCCTACGGGGAT,0,4910365
ygfS_ygfT_predicted,0.058823529411764705,16,16,GTAATGAGTTCTACGTGTGT,0,4913111
ygfS_ygfT_predicted,0.058823529411764705,16,16,GGTGTGCAACGGCCAGATCC,0,4913210
ygfS_ygfT_predicted,0.058823529411764705,16,16,GGTCGATAGCGGACGAACTC,0,4905863
ygfS_ygfT_predicted,0.058823529411764705,16,16,GGTATAAGTTGCGTCCACTC,0,4900034
ygfS_ygfT_predicted,0.058823529411764705,16,16,GGAGACCGCTACCTATTGGA,0,4918171
ygfS_ygfT_predicted,0.058823529411764705,16,16,GGAACGTTTTGTATCCGTGG,0,4913652
ygfS_ygfT_predicted,0.058823529411764705,16,16,GCGTGGAGGCGTTATCCTCG,0,4925967
ygfS_ygfT_predicted,0.058823529411764705,16,16,GCGTCAATTTGTAAAATCGG,0,4911392
ygfS_ygfT_predicted,0.058823529411764705,16,16,GCGCAGCTAATCTCGCAAAC,0,4919427
ygfS_ygfT_predicted,0.058823529411764705,16,16,GCCTGATACATGATCACTCG,0,4913448
ygfS_ygfT_predicted,0.058823529411764705,16,16,GCCGCACCCTCGTTACGGCA,0,4916585
ygfS_ygfT_predicted,0.058823529411764705,16,16,GCCCAAGGGACTTGGGTTAT,0,4907962
ygfS_ygfT_predicted,0.058823529411764705,16,16,GCCATCAGCATCTTCCTTAA,0,4925178
ygfS_ygfT_predicted,0.058823529411764705,16,16,GCATTCTGGAGCCTATTAAG,0,4900397
ygfS_ygfT_predicted,0.058823529411764705,16,16,GCAAAGCAAGCAATGGCCTC,0,4907410
ygfS_ygfT_predicted,0.058823529411764705,16,16,CTGGATATGGTGCGTTCCAG,0,4903233
ygfS_ygfT_predicted,0.058823529411764705,16,16,CGTTTAGGACTAGAAGGTCC,0,4901084
ygfS_ygfT_predicted,0.058823529411764705,16,16,CGTCTGTCTGAAGAAGTGAC,0,4927162
ygfS_ygfT_predicted,0.058823529411764705,16,16,CGCATCTTGATAAAGATGTA,0,4910403
ygfS_ygfT_predicted,0.058823529411764705,16,16,CGCAAGCGTGCCCCAACGTG,0,4924889
ygfS_ygfT_predicted,0.058823529411764705,16,16,CCTTAAACATCAGAGGCAAC,0,4915431
ygfS_ygfT_predicted,0.058823529411764705,16,16,CCTATCTGCGCAACCTACAG,0,4900824
ygfS_ygfT_predicted,0.058823529411764705,16,16,CCGGAATATTTGTTCAGCGG,0,4921804
ygfS_ygfT_predicted,0.058823529411764705,16,16,CCCTGCGCTCTACGTTGACA,0,4921551
ygfS_ygfT_predicted,0.058823529411764705,16,16,CCCCGTGGCGGTCTGACCCT,0,4918398
ygfS_ygfT_predicted,0.058823529411764705,16,16,CCAGTCACTGACATTCGGAC,0,4920998
ygfS_ygfT_predicted,0.058823529411764705,16,16,CAAGTCTATCTCCAGCCATC,0,4916404
ygfS_ygfT_predicted,0.058823529411764705,16,16,CAAAGTGTTATCGCTCTCGT,0,4912908
ygfS_ygfT_predicted,0.058823529411764705,16,16,ATGCTAACATACGCCCAGTG,0,4901737
ygfS_ygfT_predicted,0.058823529411764705,16,16,AGTATTCGCCCCTGCCACAG,0,4906944
ygfS_ygfT_predicted,0.058823529411764705,16,16,AGCGTTGCACCAGTACTCGG,0,4904409
ygfS_ygfT_predicted,0.058823529411764705,16,16,AGCGGTGGGCCTTACCGCTT,0,4906825
ygfS_ygfT_predicted,0.058823529411764705,16,16,ACTACAGGGTGGGGGACTTA,0,4923653
ygfS_ygfT_predicted,0.058823529411764705,16,16,ACGTGAAGCAAAAGCATTTA,0,4918446
ygfS_ygfT_predicted,0.058823529411764705,16,16,ACGTGAAGAGACATAACATT,0,4915188
ygfS_ygfT_predicted,0.058823529411764705,16,16,ACGATTGAGAAGCATGACGC,0,4903829
ygfS_ygfT_predicted,0.058823529411764705,16,16,ACAGTTTTCTTGGCTATAGT,0,4919566
ygfS_ygfT_predicted,0.058823529411764705,16,16,ACAGGTCAGAGTTATTTTGT,0,4914734
ygfS_ygfT_predicted,0.058823529411764705,16,16,ACAGGGCTCAGTTTGGACAA,0,4912970
ygfS_ygfT_predicted,0.058823529411764705,16,16,ACACGAAGGTGGACACGAAG,0,4902105
ygfS_ygfT_predicted,0.058823529411764705,16,16,AAGGGCTGAGGCTGCGGATT,0,4915285
ygfS_ygfT_predicted,0.058823529411764705,16,16,AAGCTATGGCCCGGCCCGAC,0,4920301
ygfS_ygfT_predicted,0.058823529411764705,16,16,AAGCAATTACCAGGGGTGGA,0,4907892
ygfS_ygfT_predicted,0.058823529411764705,16,16,AAGATGCTTCTGGCGTGTGC,0,4906379
ygfS_ygfT_predicted,0.0625,15,15,TTTTAAGGGGTTCACAGAGG,0,4909993
ygfS_ygfT_predicted,0.0625,15,15,TTTGGAAACGTTCCTAGCAG,0,4907371
ygfS_ygfT_predicted,0.0625,15,15,TTGCGCCTACGGCTGTCCAT,0,4908458
ygfS_ygfT_predicted,0.0625,15,15,TTGATGGAATCACTGGATGA,0,4914840
ygfS_ygfT_predicted,0.0625,15,15,TTGACCAGCCACCCAAACGT,0,4914288
ygfS_ygfT_predicted,0.0625,15,15,TTCCGTTTATGCATAGCTCT,0,4912699
ygfS_ygfT_predicted,0.0625,15,15,TTCAAGCGAGCCTAGAAATA,0,4907477
ygfS_ygfT_predicted,0.0625,15,15,TGGAAGTCGGCAAGCGACGT,0,4910799
ygfS_ygfT_predicted,0.0625,15,15,TCTAATTCTGCTTGCGAGCG,0,4910068
ygfS_ygfT_predicted,0.0625,15,15,TCGTATAGAACTACCAATGT,0,4912061
ygfS_ygfT_predicted,0.0625,15,15,TCGCGTGTCAGGTAGTCTTT,0,4930647
ygfS_ygfT_predicted,0.0625,15,15,TCGAGGGGTCTCGACTGGAA,0,4926168
ygfS_ygfT_predicted,0.0625,15,15,TCGAATGTAGGGGATAGTCA,0,4912248
ygfS_ygfT_predicted,0.0625,15,15,TCCACTATGGGTATGTCAAT,0,4902449
ygfS_ygfT_predicted,0.0625,15,15,TCATACCGCGGCCCCAATGC,0,4926145
ygfS_ygfT_predicted,0.0625,15,15,TATTTGGGCGCTCTGGTGTT,0,4919131
ygfS_ygfT_predicted,0.0625,15,15,TATGGCAACAGCTTTGCACT,0,4906045
ygfS_ygfT_predicted,0.0625,15,15,TATAATCAGGCGAACTGCGC,0,4903528
ygfS_ygfT_predicted,0.0625,15,15,TAGCTCACATCCACCCCTTT,0,4911803
ygfS_ygfT_predicted,0.0625,15,15,TAGATTTCGCATACGCTCCA,0,4930276
ygfS_ygfT_predicted,0.0625,15,15,TACGTCACAACGCCCCCAAG,0,4909729
ygfS_ygfT_predicted,0.0625,15,15,TACGTAGGGGGGACAGCGGT,0,4907610
ygfS_ygfT_predicted,0.0625,15,15,TACGGAGGAGCTCGAGAGTA,0,4930778
ygfS_ygfT_predicted,0.0625,15,15,TACAAGAATTTCTGACCGGT,0,4905657
ygfS_ygfT_predicted,0.0625,15,15,GTACGGTAATCTAGCTGTGT,0,4901017
ygfS_ygfT_predicted,0.0625,15,15,GGTTGCACTCTCCCTCTGTC,0,4922448
ygfS_ygfT_predicted,0.0625,15,15,GGTATCCAACCCAATTCGGT,0,4908080
ygfS_ygfT_predicted,0.0625,15,15,GGTAGACGGCCCTTGGCAAA,0,4922004
ygfS_ygfT_predicted,0.0625,15,15,GGGCGCATCTAAGTGGAACT,0,4913279
ygfS_ygfT_predicted,0.0625,15,15,GGGAAGGCGCCGTTGTCTCG,0,4899959
ygfS_ygfT_predicted,0.0625,15,15,GGCTCCCATACCATCTCTCA,0,4925303
ygfS_ygfT_predicted,0.0625,15,15,GCTGGGCGTATTGAGACCCT,0,4922379
ygfS_ygfT_predicted,0.0625,15,15,GCGCAAGTACGCCTAGTCCT,0,4924055
ygfS_ygfT_predicted,0.0625,15,15,GCCTTACAGTGTTAAGAGGG,0,4900994
ygfS_ygfT_predicted,0.0625,15,15,GCCTGGACCTGGTTGAGGCG,0,4929363
ygfS_ygfT_predicted,0.0625,15,15,GCACCGTTACGGGTTGCCGT,0,4916839
ygfS_ygfT_predicted,0.0625,15,15,GACGATAAAGCCTGGCACAA,0,4930216
ygfS_ygfT_predicted,0.0625,15,15,GAATCGTAATTTCATTGTAT,0,4912348
ygfS_ygfT_predicted,0.0625,15,15,CTTAACTTACGCAAAGCACC,0,4918657
ygfS_ygfT_predicted,0.0625,15,15,CTCCGTCCGGAGAGTCATTG,0,4901128
ygfS_ygfT_predicted,0.0625,15,15,CTCACTCGAAGAGGAATCGT,0,4900404
ygfS_ygfT_predicted,0.0625,15,15,CTACGTGGGTGCATACCGAG,0,4914106
ygfS_ygfT_predicted,0.0625,15,15,CTACACGGGGTACTCCTGAA,0,4911108
ygfS_ygfT_predicted,0.0625,15,15,CTAAATTTAGGAAAGTTATC,0,4915941
ygfS_ygfT_predicted,0.0625,15,15,CGTTACGCCCCGCATTCATG,0,4909059
ygfS_ygfT_predicted,0.0625,15,15,CGGGCCTGAGTCACGCTGTA,0,4923971
ygfS_ygfT_predicted,0.0625,15,15,CGGGACAAGCGTGCAAAGCA,0,4917820
ygfS_ygfT_predicted,0.0625,15,15,CGGCAATCTGAATAGGCATA,0,4927423
ygfS_ygfT_predicted,0.0625,15,15,CGGAGCGATTACTTAGTCCT,0,4928494
ygfS_ygfT_predicted,0.0625,15,15,CGGAATCCCTGGTGGAGTCT,0,4921600
ygfS_ygfT_predicted,0.0625,15,15,CCTGTATGGCTAGACCGGCC,0,4907303
ygfS_ygfT_predicted,0.0625,15,15,CCTCGTTCCACCCGCAGGCT,0,4921462
ygfS_ygfT_predicted,0.0625,15,15,CCGCTCAGAATTCGCAGGGA,0,4912924
ygfS_ygfT_predicted,0.0625,15,15,CCGCCAATCAAGGACTCACG,0,4917921
ygfS_ygfT_predicted,0.0625,15,15,CCGATACCCCCTGAATACGC,0,4907788
ygfS_ygfT_predicted,0.0625,15,15,CCATACATCTTCGTGTAGCA,0,4906651
ygfS_ygfT_predicted,0.0625,15,15,CACTGTGGCTTCGAAACGTC,0,4906449
ygfS_ygfT_predicted,0.0625,15,15,CACCGATTAACGCTGCCGGT,0,4929616
ygfS_ygfT_predicted,0.0625,15,15,CAACCGGATAAAACATTCGT,0,4911688
ygfS_ygfT_predicted,0.0625,15,15,ATTAGTGCAATCCGTACGGC,0,4925225
ygfS_ygfT_predicted,0.0625,15,15,ATGCCGGTGCACTCCATGTG,0,4909281
ygfS_ygfT_predicted,0.0625,15,15,ATGATTGATTAAAACGCCTT,0,4903967
ygfS_ygfT_predicted,0.0625,15,15,ATCGATTAGTACTGCCCCTA,0,4919275
ygfS_ygfT_predicted,0.0625,15,15,ATCATCTTAGTTATTTTTGC,0,4919915
ygfS_ygfT_predicted,0.0625,15,15,AGTCAACCGTTAGCTTCATT,0,4930278
ygfS_ygfT_predicted,0.0625,15,15,AGGTCTCCGTTTCTTATACA,0,4905515
ygfS_ygfT_predicted,0.0625,15,15,AGGGATGAGATGAAGTACTG,0,4922205
ygfS_ygfT_predicted,0.0625,15,15,AGCGAGGAGGGAGAATCCCG,0,4901861
ygfS_ygfT_predicted,0.0625,15,15,AGATCAGATGAGGAATGGCC,0,4904145
ygfS_ygfT_predicted,0.0625,15,15,AGAACTTCACATTATGAGTT,0,4904741
ygfS_ygfT_predicted,0.0625,15,15,ACTTGGCAAGTTGAGGGGCA,0,4920857
ygfS_ygfT_predicted,0.0625,15,15,ACGAGGGCGCGGGTAAACGA,0,4922225
ygfS_ygfT_predicted,0.0625,15,15,ACCTTCTGCAGAGTGGCAAA,0,4909230
ygfS_ygfT_predicted,0.0625,15,15,ACCTAGCGGACGCACATGCA,0,4917375
ygfS_ygfT_predicted,0.0625,15,15,ACCATCGGCCTCGTAAAGAG,0,4918506
ygfS_ygfT_predicted,0.0625,15,15,ACCAATGGGTGTGTTCATCT,0,4902816
ygfS_ygfT_predicted,0.0625,15,15,ACACCCAGCGCTTAGCCTCA,0,4911867
ygfS_ygfT_predicted,0.0625,15,15,ACACCAGTACTATTTAGTGC,0,4907319
ygfS_ygfT_predicted,0.0625,15,15,AATAGACGCTGCGCGCCATA,0,4906171
ygfS_ygfT_predicted,0.0625,15,15,AAGTCCCGTCCATTTTTGCA,0,4903590
ygfS_ygfT_predicted,0.0625,15,15,AAGCTTACATTTTAACAGTA,0,4917686
ygfS_ygfT_predicted,0.0625,15,15,AAGATATAGCCCATGATTAG,0,4926639
ygfS_ygfT_predicted,0.0625,15,15,AAGAGCTTGTTGCTATTGGG,0,4910746
ygfS_ygfT_predicted,0.0625,15,15,AACTGACTGAGCGTCCTATC,0,4908214
ygfS_ygfT_predicted,0.0625,15,15,AAAGGTTACATCTGAACTGT,0,4905087
ygfS_ygfT_predicted,0.06666666666666667,14,14,TTTATGATGTCATGGAATTA,0,4904531
ygfS_ygfT_predicted,0.06666666666666667,14,14,TTTACAGCCGGAGTGGATTT,0,4925908
ygfS_ygfT_predicted,0.06666666666666667,14,14,TTATGCATGCCGGGTAGGTG,0,4926850
ygfS_ygfT_predicted,0.06666666666666667,14,14,TTAGGGGATTGTTAGGTCAT,0,4900228
ygfS_ygfT_predicted,0.06666666666666667,14,14,TGTCTCACCCTTAGATGGTA,0,4910125
ygfS_ygfT_predicted,0.06666666666666667,14,14,TGTAGAGTAGAAAGATCTCA,0,4909395
ygfS_ygfT_predicted,0.06666666666666667,14,14,TGGGGAGCATGGTCGTCCTA,0,4918523
ygfS_ygfT_predicted,0.06666666666666667,14,14,TGGAGGAAAAATCAGGGGAG,0,4907086
ygfS_ygfT_predicted,0.06666666666666667,14,14,TGCTGTGGTGGATTTGACAA,0,4916927
ygfS_ygfT_predicted,0.06666666666666667,14,14,TCGTATTGGGTATGCGTCAC,0,4910644
ygfS_ygfT_predicted,0.06666666666666667,14,14,TCGCTAACACGTGAAAAGGA,0,4903736
ygfS_ygfT_predicted,0.06666666666666667,14,14,TCCTCATCGTTTTGTAAAGC,0,4927305
ygfS_ygfT_predicted,0.06666666666666667,14,14,TCACCTTCGAATTGTGTGGT,0,4917807
ygfS_ygfT_predicted,0.06666666666666667,14,14,TATCATGACGACAGTTAAAG,0,4928336
ygfS_ygfT_predicted,0.06666666666666667,14,14,TAGCCTATAGCCGTACATAG,0,4909286
ygfS_ygfT_predicted,0.06666666666666667,14,14,TACTTGCATGCTGGGTGAAA,0,4913395
ygfS_ygfT_predicted,0.06666666666666667,14,14,TACCGCGCGTCCTAGTTACG,0,4904857
ygfS_ygfT_predicted,0.06666666666666667,14,14,TACACAGAGTGGTCCGTAGG,0,4904786
ygfS_ygfT_predicted,0.06666666666666667,14,14,GTTGGTATTATAATTTGGGG,0,4913950
ygfS_ygfT_predicted,0.06666666666666667,14,14,GTTGATTAGGGTAGTTGGTC,0,4903734
ygfS_ygfT_predicted,0.06666666666666667,14,14,GTTCTCGCAATCTTTATGGG,0,4922249
ygfS_ygfT_predicted,0.06666666666666667,14,14,GTTCAATAATTCGCAGGGAC,0,4913576
ygfS_ygfT_predicted,0.06666666666666667,14,14,GTCTTAGTTGACAGAGTGCC,0,4925164
ygfS_ygfT_predicted,0.06666666666666667,14,14,GTCCTGCATTTTGTCCAGTT,0,4926351
ygfS_ygfT_predicted,0.06666666666666667,14,14,GTCACCTCTGGACTCGTCGC,0,4910553
ygfS_ygfT_predicted,0.06666666666666667,14,14,GGTACGTGAATTCCAGAGAA,0,4904584
ygfS_ygfT_predicted,0.06666666666666667,14,14,GGGCACAGGTAAGTAAACTG,0,4910727
ygfS_ygfT_predicted,0.06666666666666667,14,14,GCTGGCGCTGCGATGGGGAA,0,4917235
ygfS_ygfT_predicted,0.06666666666666667,14,14,GCGTCCGGGCTGCATGTCGC,0,4900750
ygfS_ygfT_predicted,0.06666666666666667,14,14,GCCTTGCTTAGGAGTGACGG,0,4916316
ygfS_ygfT_predicted,0.06666666666666667,14,14,GCCTAACGTTGCACGATGAA,0,4903735
ygfS_ygfT_predicted,0.06666666666666667,14,14,GCCCTCAGCCCGGGATAGAT,0,4907963
ygfS_ygfT_predicted,0.06666666666666667,14,14,GCCCGGCCCTCTGAGAAGTA,0,4914108
ygfS_ygfT_predicted,0.06666666666666667,14,14,GATGTAGGCCACGATCTGGT,0,4912740
ygfS_ygfT_predicted,0.06666666666666667,14,14,GAGGTGAGTCATTAAATTGT,0,4915236
ygfS_ygfT_predicted,0.06666666666666667,14,14,GACCTGCCCTGGGTTCCAAG,0,4924802
ygfS_ygfT_predicted,0.06666666666666667,14,14,GACAGAAATGAAGTTGGCCA,0,4908631
ygfS_ygfT_predicted,0.06666666666666667,14,14,CTTCCGCACCCTATGCCAGC,0,4906096
ygfS_ygfT_predicted,0.06666666666666667,14,14,CTTCAATGACCAGCCGCGCG,0,4901945
ygfS_ygfT_predicted,0.06666666666666667,14,14,CTGGAGATTGGCACACGGCG,0,4920679
ygfS_ygfT_predicted,0.06666666666666667,14,14,CTATATCAACCTTCATCATG,0,4905511
ygfS_ygfT_predicted,0.06666666666666667,14,14,CTAGTTGAAGGAGGATCCGA,0,4916105
ygfS_ygfT_predicted,0.06666666666666667,14,14,CTAGGATGTGTTTAGTGGTA,0,4908002
ygfS_ygfT_predicted,0.06666666666666667,14,14,CGTCAGAAGGCTGTGCAGGG,0,4900296
ygfS_ygfT_predicted,0.06666666666666667,14,14,CGGTTGAACTTAACCTCTTC,0,4907946
ygfS_ygfT_predicted,0.06666666666666667,14,14,CGGGACTTGAATTGAACACG,0,4915053
ygfS_ygfT_predicted,0.06666666666666667,14,14,CGGCGTCCCTCGGGGATTGA,0,4921555
ygfS_ygfT_predicted,0.06666666666666667,14,14,CGGAACAGGCCCAGCTGCAT,0,4910220
ygfS_ygfT_predicted,0.06666666666666667,14,14,CGATCGCCTCGTCCTGGACC,0,4911318
ygfS_ygfT_predicted,0.06666666666666667,14,14,CGAGCCTAGAGCTTGGCCCT,0,4924266
ygfS_ygfT_predicted,0.06666666666666667,14,14,CGAAACGAATCCAGAAAGTT,0,4904388
ygfS_ygfT_predicted,0.06666666666666667,14,14,CCGTGGCTCAACAACGCCGC,0,4900297
ygfS_ygfT_predicted,0.06666666666666667,14,14,CCCTTGGGCGAAGCTCCCTC,0,4900137
ygfS_ygfT_predicted,0.06666666666666667,14,14,CCCTCGCCCGAGTTGACCAA,0,4920830
ygfS_ygfT_predicted,0.06666666666666667,14,14,CCCCGGAAACAAGATACGTT,0,4911079
ygfS_ygfT_predicted,0.06666666666666667,14,14,CCCCCCGTAACTTATATGGG,0,4906731
ygfS_ygfT_predicted,0.06666666666666667,14,14,CCCACCTGGGGCTTGGAACA,0,4914774
ygfS_ygfT_predicted,0.06666666666666667,14,14,CATGAGCTCCATACTTGGCG,0,4931312
ygfS_ygfT_predicted,0.06666666666666667,14,14,CATACGTGTCGAGCATAATG,0,4901386
ygfS_ygfT_predicted,0.06666666666666667,14,14,CAGTGGCTGCAGTCCTTGAT,0,4909198
ygfS_ygfT_predicted,0.06666666666666667,14,14,CACATGACTGAAGACAAGCA,0,4913686
ygfS_ygfT_predicted,0.06666666666666667,14,14,CAAGATCACGGGCACGTCAA,0,4912134
ygfS_ygfT_predicted,0.06666666666666667,14,14,CAAAAGTCACGCAGAACGGT,0,4909540
ygfS_ygfT_predicted,0.06666666666666667,14,14,ATTCGAAAAATACAACGCAA,0,4907611
ygfS_ygfT_predicted,0.06666666666666667,14,14,ATGTGGTCTTACCTAGTGGC,0,4915867
ygfS_ygfT_predicted,0.06666666666666667,14,14,ATGAACTTGGTTCGTCATAT,0,4912583
ygfS_ygfT_predicted,0.06666666666666667,14,14,ATGAACCGCATCACATCATT,0,4899686
ygfS_ygfT_predicted,0.06666666666666667,14,14,ATCTGGGTCTTGTGGTGACA,0,4907429
ygfS_ygfT_predicted,0.06666666666666667,14,14,ATATCGGGCATCTCCCATGG,0,4915868
ygfS_ygfT_predicted,0.06666666666666667,14,14,ATAAGAGCGTTGTTTGGTAA,0,4917213
ygfS_ygfT_predicted,0.06666666666666667,14,14,ATAACGTGGTAACGTTTATT,0,4915141
ygfS_ygfT_predicted,0.06666666666666667,14,14,AGTAGGGGGCCAGACGCTGC,0,4905616
ygfS_ygfT_predicted,0.06666666666666667,14,14,AGGTCACTCTATAAGGCATA,0,4910234
ygfS_ygfT_predicted,0.06666666666666667,14,14,AGGTAGTGGTAATGTGATAC,0,4927563
ygfS_ygfT_predicted,0.06666666666666667,14,14,AGGGGTTTTTCTGTCTTTTG,0,4908489
ygfS_ygfT_predicted,0.06666666666666667,14,14,AGGACGCTCGCTCGAAACGT,0,4925658
ygfS_ygfT_predicted,0.06666666666666667,14,14,AGCGCAGTCGGTTTTCAGCA,0,4924344
ygfS_ygfT_predicted,0.06666666666666667,14,14,AGATTTTGAATCGAGGTGAA,0,4912767
ygfS_ygfT_predicted,0.06666666666666667,14,14,AGATCTTCTGGCCAGTTCTC,0,4900784
ygfS_ygfT_predicted,0.06666666666666667,14,14,AGAAAAGGGGGTAAGCGCGT,0,4904238
ygfS_ygfT_predicted,0.06666666666666667,14,14,ACTTGGCTACCCACGTACTC,0,4916216
ygfS_ygfT_predicted,0.06666666666666667,14,14,ACTGTATCTATCGCGGATTC,0,4913718
ygfS_ygfT_predicted,0.06666666666666667,14,14,ACTCGCACTGGGGTCCCCAA,0,4920591
ygfS_ygfT_predicted,0.06666666666666667,14,14,ACTAACGCTAAGAGTCTACT,0,4901839
ygfS_ygfT_predicted,0.06666666666666667,14,14,ACGAGAGTGCCAGCTCTGTT,0,4910406
ygfS_ygfT_predicted,0.06666666666666667,14,14,ACAATCAACGGACCGTTAAA,0,4906791
ygfS_ygfT_predicted,0.06666666666666667,14,14,AATACGCCGATTGTCGCTGC,0,4919120
ygfS_ygfT_predicted,0.06666666666666667,14,14,AAGGGCCAGGGAATAGAGGG,0,4918445
ygfS_ygfT_predicted,0.06666666666666667,14,14,AACAGTAGCACAGAGATGAC,0,4903168
ygfS_ygfT_predicted,0.07142857142857142,13,13,TTGTTAACGGTAACTGCGTT,0,4914903
ygfS_ygfT_predicted,0.07142857142857142,13,13,TTGGTGATTCCTCGTTGCAA,0,4906804
ygfS_ygfT_predicted,0.07142857142857142,13,13,TTGGGACCTGTACGAAATTC,0,4921708
ygfS_ygfT_predicted,0.07142857142857142,13,13,TTGACTGTTGGGGAGGGTTT,0,4914165
ygfS_ygfT_predicted,0.07142857142857142,13,13,TTGACCATAATCGTTACTTG,0,4919099
ygfS_ygfT_predicted,0.07142857142857142,13,13,TTCTCCGAGCTTCCAAGGGA,0,4918065
ygfS_ygfT_predicted,0.07142857142857142,13,13,TTAGATGTGTCAGAAAGATA,0,4909060
ygfS_ygfT_predicted,0.07142857142857142,13,13,TGTGGACAGCCCTGGGATGT,0,4913199
ygfS_ygfT_predicted,0.07142857142857142,13,13,TGTAGTCGTCCCCATTTTTA,0,4912246
ygfS_ygfT_predicted,0.07142857142857142,13,13,TGTACTATTTAAACATTTTC,0,4913196
ygfS_ygfT_predicted,0.07142857142857142,13,13,TGTAACCACGAGTGGACAAA,0,4917727
ygfS_ygfT_predicted,0.07142857142857142,13,13,TGGTTATCTGTTATGCGTGA,0,4929283
ygfS_ygfT_predicted,0.07142857142857142,13,13,TGGTGGAGTAGACCACATAA,0,4906083
ygfS_ygfT_predicted,0.07142857142857142,13,13,TGGCTTCACCCGCCATGTGG,0,4918324
ygfS_ygfT_predicted,0.07142857142857142,13,13,TGGAGCAGTCGCTGTATCGC,0,4924462
ygfS_ygfT_predicted,0.07142857142857142,13,13,TGGAACCATAGCACAGTCGT,0,4912637
ygfS_ygfT_predicted,0.07142857142857142,13,13,TGCGGGACCACAAGGATTCG,0,4908797
ygfS_ygfT_predicted,0.07142857142857142,13,13,TGCAGGCGCACTATAGTGAT,0,4924796
ygfS_ygfT_predicted,0.07142857142857142,13,13,TGATGGCTATGCACCCCTTT,0,4915054
ygfS_ygfT_predicted,0.07142857142857142,13,13,TGAGTTTAATTCGACAGGAC,0,4904003
ygfS_ygfT_predicted,0.07142857142857142,13,13,TGACCGGCGACAGAGTCGAT,0,4901370
ygfS_ygfT_predicted,0.07142857142857142,13,13,TCTACGACGATTCGGGGTGT,0,4917339
ygfS_ygfT_predicted,0.07142857142857142,13,13,TCCTATTGGGCTGCTTCCTA,0,4911933
ygfS_ygfT_predicted,0.07142857142857142,13,13,TCCGGTTTTTTACTCAGGCA,0,4912946
ygfS_ygfT_predicted,0.07142857142857142,13,13,TCATCTCTCGCTAGGGACAA,0,4905865
ygfS_ygfT_predicted,0.07142857142857142,13,13,TCATAACCGTTTGTATGCCA,0,4900702
ygfS_ygfT_predicted,0.07142857142857142,13,13,TCAACTCGATGCAGAGGTGT,0,4912640
ygfS_ygfT_predicted,0.07142857142857142,13,13,TATTCCAAGAAGAAGCGGTA,0,4906774
ygfS_ygfT_predicted,0.07142857142857142,13,13,TATTAACGATCTCCGGAGGT,0,4926694
ygfS_ygfT_predicted,0.07142857142857142,13,13,TATCATCGACGAACCTGTCC,0,4922622
ygfS_ygfT_predicted,0.07142857142857142,13,13,TAACGCACCGGCTAGGCGCC,0,4901171
ygfS_ygfT_predicted,0.07142857142857142,13,13,TAACCGCCCTACAATGTTGA,0,4919933
ygfS_ygfT_predicted,0.07142857142857142,13,13,GTTCTACAGAGGTTCGCATG,0,4930387
ygfS_ygfT_predicted,0.07142857142857142,13,13,GTCAATCACAAGTATTCGAC,0,4911259
ygfS_ygfT_predicted,0.07142857142857142,13,13,GTACGAAAAATCTAGGTAAC,0,4912517
ygfS_ygfT_predicted,0.07142857142857142,13,13,GTAATCAGTTCCCGAGGAGT,0,4920446
ygfS_ygfT_predicted,0.07142857142857142,13,13,GGTTCAAATCAGCGCAGGCG,0,4914383
ygfS_ygfT_predicted,0.07142857142857142,13,13,GGTGTCCTATCCAAACAGGC,0,4907346
ygfS_ygfT_predicted,0.07142857142857142,13,13,GGTGCGTGAGCCGAGTGGTT,0,4910918
ygfS_ygfT_predicted,0.07142857142857142,13,13,GGTCCTCAATCCGTAAATTC,0,4910064
ygfS_ygfT_predicted,0.07142857142857142,13,13,GGTATAGGTCCGAGTAGGGG,0,4917484
ygfS_ygfT_predicted,0.07142857142857142,13,13,GGGTATGCTGGATTCCAATA,0,4912325
ygfS_ygfT_predicted,0.07142857142857142,13,13,GGCTGGCTATTCGGGAAATC,0,4928468
ygfS_ygfT_predicted,0.07142857142857142,13,13,GGATCCAGTGTCCTCAATAT,0,4919252
ygfS_ygfT_predicted,0.07142857142857142,13,13,GCTTTTAGCGGACATCTATG,0,4908838
ygfS_ygfT_predicted,0.07142857142857142,13,13,GCTGCTCATTCATAATGCAA,0,4906852
ygfS_ygfT_predicted,0.07142857142857142,13,13,GCTCTGGCAGCTTGTTTGGG,0,4905403
ygfS_ygfT_predicted,0.07142857142857142,13,13,GCCTAGGCCGTTCGACGAGA,0,4903966
ygfS_ygfT_predicted,0.07142857142857142,13,13,GCATTTGGGGATAACCACAG,0,4919770
ygfS_ygfT_predicted,0.07142857142857142,13,13,GCAGGCGGATAGCCTTCGAG,0,4912654
ygfS_ygfT_predicted,0.07142857142857142,13,13,GCAGGCAAGGATCTGGCGTT,0,4922167
ygfS_ygfT_predicted,0.07142857142857142,13,13,GATTGATCGAGGGGCGCAAA,0,4917873
ygfS_ygfT_predicted,0.07142857142857142,13,13,GATGCCCAGTGGCGCGAAAC,0,4915617
ygfS_ygfT_predicted,0.07142857142857142,13,13,GATAGTGGTACGTACTGGTT,0,4906676
ygfS_ygfT_predicted,0.07142857142857142,13,13,GATAAGAATGGTCGTGTTCC,0,4921807
ygfS_ygfT_predicted,0.07142857142857142,13,13,GAGTGAGGATGGTTTCGAGT,0,4920655
ygfS_ygfT_predicted,0.07142857142857142,13,13,GACGGCCGCTGGCACCTAAT,0,4901107
ygfS_ygfT_predicted,0.07142857142857142,13,13,CTTTTTACGCCGGACGGTTC,0,4919605
ygfS_ygfT_predicted,0.07142857142857142,13,13,CTTGAGCTGGTCGCAATTGA,0,4901665
ygfS_ygfT_predicted,0.07142857142857142,13,13,CTTAGCTGAAGTTTATTGTT,0,4903234
ygfS_ygfT_predicted,0.07142857142857142,13,13,CTGTTAACTAATGGACATTG,0,4904451
ygfS_ygfT_predicted,0.07142857142857142,13,13,CTCGTCATACACGAGTCCCC,0,4913754
ygfS_ygfT_predicted,0.07142857142857142,13,13,CTCGATTAATTCTCTAAAGA,0,4918527
ygfS_ygfT_predicted,0.07142857142857142,13,13,CTAGAAAGCGTCGCATCGGT,0,4907887
ygfS_ygfT_predicted,0.07142857142857142,13,13,CGGTGTGACGCGGACCATGG,0,4902381
ygfS_ygfT_predicted,0.07142857142857142,13,13,CGGGTGGGTGTCTCTGATAT,0,4923062
ygfS_ygfT_predicted,0.07142857142857142,13,13,CGACTCTGACTCCGCACGAC,0,4902345
ygfS_ygfT_predicted,0.07142857142857142,13,13,CCTGGTATGCAGAAATCCTC,0,4908255
ygfS_ygfT_predicted,0.07142857142857142,13,13,CCTAGTCCCGTTAATGGCGA,0,4915352
ygfS_ygfT_predicted,0.07142857142857142,13,13,CCCAACGCGTGAGAAATTCC,0,4904823
ygfS_ygfT_predicted,0.07142857142857142,13,13,CCCAACCTGCGTGACGCGCA,0,4929028
ygfS_ygfT_predicted,0.07142857142857142,13,13,CCAGGGCGTTCTCGGGCAAT,0,4904359
ygfS_ygfT_predicted,0.07142857142857142,13,13,CATCCACGCTGACAGAGGCT,0,4918278
ygfS_ygfT_predicted,0.07142857142857142,13,13,CAGTCGAGGTTAAACTGACA,0,4910826
ygfS_ygfT_predicted,0.07142857142857142,13,13,CAGGGACACGGCGATTTTCA,0,4905589
ygfS_ygfT_predicted,0.07142857142857142,13,13,CACGCTACAGCTGAGCAGGA,0,4908128
ygfS_ygfT_predicted,0.07142857142857142,13,13,ATTCGCTATCGCGCGCATAC,0,4900859
ygfS_ygfT_predicted,0.07142857142857142,13,13,ATCTTCGAGTTCATTCCGGG,0,4917184
ygfS_ygfT_predicted,0.07142857142857142,13,13,ATCAAGCCTTTTCGCGCCTT,0,4913087
ygfS_ygfT_predicted,0.07142857142857142,13,13,ATAGGATAGACTGTTGGACG,0,4910539
ygfS_ygfT_predicted,0.07142857142857142,13,13,ATACGCGAAAGCACGCCAAG,0,4915711
ygfS_ygfT_predicted,0.07142857142857142,13,13,AGGCTATGTCATAACAGAAA,0,4915074
ygfS_ygfT_predicted,0.07142857142857142,13,13,AGCGGGGTCGCGTCGAACAA,0,4917725
ygfS_ygfT_predicted,0.07142857142857142,13,13,AGCGACGGTTGCCACTAGAC,0,4913378
ygfS_ygfT_predicted,0.07142857142857142,13,13,AGATCATCGAGATAATTACA,0,4909221
ygfS_ygfT_predicted,0.07142857142857142,13,13,ACTTTCAGTATACATAGACA,0,4905296
ygfS_ygfT_predicted,0.07142857142857142,13,13,ACTCGAGGTTCCTTTCGGGG,0,4918443
ygfS_ygfT_predicted,0.07142857142857142,13,13,ACGAGCACAGGGGCACTGAA,0,4910841
ygfS_ygfT_predicted,0.07142857142857142,13,13,ACCACGGGTGGTCTTGACCT,0,4911487
ygfS_ygfT_predicted,0.07142857142857142,13,13,ACATGTTCACAGCAGGAGAT,0,4923581
ygfS_ygfT_predicted,0.07142857142857142,13,13,ACAACGACGGGGTACATCCT,0,4919692
ygfS_ygfT_predicted,0.07142857142857142,13,13,AATCAGTTTGGGTTCGTAAG,0,4927649
ygfS_ygfT_predicted,0.07142857142857142,13,13,AAGTGATCGCACTACCACGA,0,4919429
ygfS_ygfT_predicted,0.07142857142857142,13,13,AAGGGGAATTCTCATCTGTA,0,4924210
ygfS_ygfT_predicted,0.07142857142857142,13,13,AAGGGATCACTCACTACATG,0,4922528
ygfS_ygfT_predicted,0.07142857142857142,13,13,AAGGCGCAACGCAAAATTCG,0,4903739
ygfS_ygfT_predicted,0.07142857142857142,13,13,AAGCGAAGAAGACAACAGTG,0,4903996
ygfS_ygfT_predicted,0.07142857142857142,13,13,AAATAAATCGTGCTACATGA,0,4904809
ygfS_ygfT_predicted,0.07142857142857142,13,13,AAAGATTCGGGAACACCAGC,0,4925837
ygfS_ygfT_predicted,0.07692307692307693,12,12,TTTTTGGTCGTCTGGGAGGT,0,4904663
ygfS_ygfT_predicted,0.07692307692307693,12,12,TTTTCTAACTCGGCTCCATA,0,4908589
ygfS_ygfT_predicted,0.07692307692307693,12,12,TTTGGCGAATTAGCGCAGAA,0,4912076
ygfS_ygfT_predicted,0.07692307692307693,12,12,TTGGCCGTGCGAGTCTGGTA,0,4916171
ygfS_ygfT_predicted,0.07692307692307693,12,12,TTACCTGCAGAGCCGACTCC,0,4928627
ygfS_ygfT_predicted,0.07692307692307693,12,12,TTAAAAGTCCTAACTCCCCG,0,4925721
ygfS_ygfT_predicted,0.07692307692307693,12,12,TGTCGGAAGGGCAGCTGGTA,0,4928177
ygfS_ygfT_predicted,0.07692307692307693,12,12,TGTCGAATCCGATTCGCGAT,0,4908664
ygfS_ygfT_predicted,0.07692307692307693,12,12,TGTCAAAGGAGGAATCAAGA,0,4922224
ygfS_ygfT_predicted,0.07692307692307693,12,12,TGGTCCAGCCATGCGCTTAA,0,4909833
ygfS_ygfT_predicted,0.07692307692307693,12,12,TGGTACGGATACTCCGGGTG,0,4900977
ygfS_ygfT_predicted,0.07692307692307693,12,12,TGGGGCTCTATTTCACTAAT,0,4904564
ygfS_ygfT_predicted,0.07692307692307693,12,12,TGCTGTCTTCGTGATATCTC,0,4901207
ygfS_ygfT_predicted,0.07692307692307693,12,12,TGCTCACCGAATCGGGCAGT,0,4917993
ygfS_ygfT_predicted,0.07692307692307693,12,12,TGATAGACTCGTAAGGGGTT,0,4904962
ygfS_ygfT_predicted,0.07692307692307693,12,12,TGAGCAAACTTGCGGGGCGG,0,4910153
ygfS_ygfT_predicted,0.07692307692307693,12,12,TCTAGAATCGGACACGTGTG,0,4919323
ygfS_ygfT_predicted,0.07692307692307693,12,12,TCGAGAAGTACCACTGAAGG,0,4918106
ygfS_ygfT_predicted,0.07692307692307693,12,12,TCGAATAGCAAAGGAGCAGT,0,4904372
ygfS_ygfT_predicted,0.07692307692307693,12,12,TCATTGATATCTTGATTGGC,0,4917838
ygfS_ygfT_predicted,0.07692307692307693,12,12,TCATAGCCACATGCTCAATG,0,4929407
ygfS_ygfT_predicted,0.07692307692307693,12,12,TCAGTAGTTGAAGCCGTGAT,0,4900503
ygfS_ygfT_predicted,0.07692307692307693,12,12,TATTCGAGGCCTGAAAGTCA,0,4904868
ygfS_ygfT_predicted,0.07692307692307693,12,12,TATGTGTCTGCCTAATTTAA,0,4905634
ygfS_ygfT_predicted,0.07692307692307693,12,12,TATGCGTCCTATAGCTCCCA,0,4923556
ygfS_ygfT_predicted,0.07692307692307693,12,12,TAGGCCAACCACGACACGAT,0,4912423
ygfS_ygfT_predicted,0.07692307692307693,12,12,TACTGATAACCTCAGTGGGT,0,4927279
ygfS_ygfT_predicted,0.07692307692307693,12,12,TACGTATACTTGTTGTTAAT,0,4929171
ygfS_ygfT_predicted,0.07692307692307693,12,12,TACCTTTGACTATGGATCGT,0,4924133
ygfS_ygfT_predicted,0.07692307692307693,12,12,TACCTTCAGGGCATACTCAA,0,4905773
ygfS_ygfT_predicted,0.07692307692307693,12,12,TAATGGGCGTTCGATAGATT,0,4910588
ygfS_ygfT_predicted,0.07692307692307693,12,12,GTTGCCCTAGGCCCCGTAGG,0,4918530
ygfS_ygfT_predicted,0.07692307692307693,12,12,GTTCCACCACTCGCTCCAGA,0,4904088
ygfS_ygfT_predicted,0.07692307692307693,12,12,GTTCAATCCAGGTTCTGGAT,0,4925256
ygfS_ygfT_predicted,0.07692307692307693,12,12,GTGCTCAGGTCTAAACTGGC,0,4927396
ygfS_ygfT_predicted,0.07692307692307693,12,12,GTGCGGCGCCTCTGAATGGT,0,4924115
ygfS_ygfT_predicted,0.07692307692307693,12,12,GTGCCGGCGCTGCCGGACCT,0,4915360
ygfS_ygfT_predicted,0.07692307692307693,12,12,GTGAGCCGGCCTCGCTGTGC,0,4919659
ygfS_ygfT_predicted,0.07692307692307693,12,12,GTCTAGCTAATCACAGCAGT,0,4915604
ygfS_ygfT_predicted,0.07692307692307693,12,12,GTCGGAACCTGTTCAATAAG,0,4924913
ygfS_ygfT_predicted,0.07692307692307693,12,12,GTCAAGCAACTCTTACTACC,0,4930596
ygfS_ygfT_predicted,0.07692307692307693,12,12,GTAGCCATGCATATGATTAG,0,4906897
ygfS_ygfT_predicted,0.07692307692307693,12,12,GTACATGATGAACGATGCGA,0,4927253
ygfS_ygfT_predicted,0.07692307692307693,12,12,GGTGATGTAAAGGTTGGACT,0,4906417
ygfS_ygfT_predicted,0.07692307692307693,12,12,GGTCGGTTAAGCGGTACGCA,0,4909268
ygfS_ygfT_predicted,0.07692307692307693,12,12,GGTATTAACGTGCCTTGAGT,0,4924730
ygfS_ygfT_predicted,0.07692307692307693,12,12,GGGTCATGGCGTATCTCAAT,0,4909096
ygfS_ygfT_predicted,0.07692307692307693,12,12,GGATGTTGGTATGCCAGTCA,0,4925347
ygfS_ygfT_predicted,0.07692307692307693,12,12,GGAGGCAGCTAAGCCCGTAC,0,4919451
ygfS_ygfT_predicted,0.07692307692307693,12,12,GCGTCCGAGCAGCGAGATGT,0,4907487
ygfS_ygfT_predicted,0.07692307692307693,12,12,GCCTGGCGAGATTCACACGA,0,4912921
ygfS_ygfT_predicted,0.07692307692307693,12,12,GCCTGAGGCGGCCGGTTCAT,0,4924127
ygfS_ygfT_predicted,0.07692307692307693,12,12,GCCTAGCTTGTATCCGTAAA,0,4918319
ygfS_ygfT_predicted,0.07692307692307693,12,12,GCCCCCAATCGACATTAATA,0,4917576
ygfS_ygfT_predicted,0.07692307692307693,12,12,GCATCGGTTTGGGCACAATA,0,4926970
ygfS_ygfT_predicted,0.07692307692307693,12,12,GCACTGGAGTGGGGATGACT,0,4915292
ygfS_ygfT_predicted,0.07692307692307693,12,12,GCACATACAAATAGTTGACT,0,4917043
ygfS_ygfT_predicted,0.07692307692307693,12,12,GCAAGCCGTCCACGCTGGCC,0,4920102
ygfS_ygfT_predicted,0.07692307692307693,12,12,GAGGTTCTACATAATCCCAT,0,4921114
ygfS_ygfT_predicted,0.07692307692307693,12,12,GAGCCAGGCTTACCTGCTGG,0,4905999
ygfS_ygfT_predicted,0.07692307692307693,12,12,GACTTGCACGACCGACTGGT,0,4931053
ygfS_ygfT_predicted,0.07692307692307693,12,12,GAATTGGCGATATCGTACCA,0,4902910
ygfS_ygfT_predicted,0.07692307692307693,12,12,GAATCTGGATTTATATATGA,0,4905407
ygfS_ygfT_predicted,0.07692307692307693,12,12,GAACCGATCTGGCATATGTA,0,4901911
ygfS_ygfT_predicted,0.07692307692307693,12,12,CTGAGAGATACTTGTGGTAT,0,4914292
ygfS_ygfT_predicted,0.07692307692307693,12,12,CGTGTCCACTATAAGAATAT,0,4908759
ygfS_ygfT_predicted,0.07692307692307693,12,12,CGTGCCGAACGTCACGCACA,0,4905022
ygfS_ygfT_predicted,0.07692307692307693,12,12,CGGGTGAAATGTTAGGTTTA,0,4907715
ygfS_ygfT_predicted,0.07692307692307693,12,12,CGGCCCCCCCATCAGATCGC,0,4916286
ygfS_ygfT_predicted,0.07692307692307693,12,12,CGCTAACTGAGAGATCGTTA,0,4916784
ygfS_ygfT_predicted,0.07692307692307693,12,12,CGACGTCCACTGAGCGCCTC,0,4916996
ygfS_ygfT_predicted,0.07692307692307693,12,12,CGACCAGCTTGTTACCGCGA,0,4925922
ygfS_ygfT_predicted,0.07692307692307693,12,12,CCTTGCCTAGAGAGGGGGGT,0,4928418
ygfS_ygfT_predicted,0.07692307692307693,12,12,CCGGTCAAGAATTCTGAAGG,0,4903091
ygfS_ygfT_predicted,0.07692307692307693,12,12,CCGGGCGTCCTTCAACTCTC,0,4900282
ygfS_ygfT_predicted,0.07692307692307693,12,12,CCGGCTGCGGCATTAACAGG,0,4914709
ygfS_ygfT_predicted,0.07692307692307693,12,12,CCGCAAGTTAGTTTCACGCA,0,4899958
ygfS_ygfT_predicted,0.07692307692307693,12,12,CCGACGATGGTAAAGGGAAT,0,4926939
ygfS_ygfT_predicted,0.07692307692307693,12,12,CCCAATTCCTCAGTAGTCTG,0,4900518
ygfS_ygfT_predicted,0.07692307692307693,12,12,CCACTCCATCTAACATCAGT,0,4923852
ygfS_ygfT_predicted,0.07692307692307693,12,12,CAGTCAGTATCGCAGTTTTG,0,4911640
ygfS_ygfT_predicted,0.07692307692307693,12,12,CAGTAATTATCCGAGGTGAT,0,4917252
ygfS_ygfT_predicted,0.07692307692307693,12,12,CAATTGCTAACGCTCCATCG,0,4920472
ygfS_ygfT_predicted,0.07692307692307693,12,12,CAATCATCTCACGAGTGGCA,0,4906067
ygfS_ygfT_predicted,0.07692307692307693,12,12,CAACTTCACTTCCCCTGTCT,0,4929997
ygfS_ygfT_predicted,0.07692307692307693,12,12,ATTTCTTAGCGTACCACAAG,0,4909057
ygfS_ygfT_predicted,0.07692307692307693,12,12,ATTACAGGTAATATATGGAG,0,4903488
ygfS_ygfT_predicted,0.07692307692307693,12,12,ATGGTGCCAGGTTCTAAATA,0,4907706
ygfS_ygfT_predicted,0.07692307692307693,12,12,ATCAAAGGTATGAGCTGGTT,0,4916748
ygfS_ygfT_predicted,0.07692307692307693,12,12,ATAACGCCTCCAGACAGGGG,0,4914733
ygfS_ygfT_predicted,0.07692307692307693,12,12,AGCCGTCTGGATCGCGTACT,0,4903396
ygfS_ygfT_predicted,0.07692307692307693,12,12,AGCCATATTCAATTCAGACA,0,4905005
ygfS_ygfT_predicted,0.07692307692307693,12,12,AGCAGTTCAATAGCCGTGCA,0,4911389
ygfS_ygfT_predicted,0.07692307692307693,12,12,ACTTCCGATACACGGAAGGA,0,4928796
ygfS_ygfT_predicted,0.07692307692307693,12,12,ACGACGCGGATCCAAAAAAC,0,4911646
ygfS_ygfT_predicted,0.07692307692307693,12,12,ACGAAGCTTATTGGGAAAGT,0,4906136
ygfS_ygfT_predicted,0.07692307692307693,12,12,ACCCGTTTTTCCCCCGTGAA,0,4903724
ygfS_ygfT_predicted,0.07692307692307693,12,12,ACCAAGGCAGAGGTGGACCG,0,4909180
ygfS_ygfT_predicted,0.07692307692307693,12,12,ACAAGCGGCCTCAATTCTGG,0,4909717
ygfS_ygfT_predicted,0.07692307692307693,12,12,ACAAAACTCAGCTGTGTAAA,0,4904355
ygfS_ygfT_predicted,0.07692307692307693,12,12,AATTCATAGGGTCTGGTCCT,0,4901329
ygfS_ygfT_predicted,0.07692307692307693,12,12,AATGGTATAGGACGGTGAGA,0,4917384
ygfS_ygfT_predicted,0.07692307692307693,12,12,AATACGCGTATAGAGGGTCT,0,4924706
ygfS_ygfT_predicted,0.07692307692307693,12,12,AAGGGACTTTCGCTAGATTG,0,4903563
ygfS_ygfT_predicted,0.07692307692307693,12,12,AAGCCTCTTGTTTCACCTAG,0,4902167
ygfS_ygfT_predicted,0.07692307692307693,12,12,AACAGAGCTTGCCTCAGATA,0,4923769
ygfS_ygfT_predicted,0.07692307692307693,12,12,AAATGTAAGCCGGAGGTTAC,0,4909099
ygfS_ygfT_predicted,0.07692307692307693,12,12,AAACTGTGCCAACTTCATAG,0,4904159
ygfS_ygfT_predicted,0.07692307692307693,12,12,AAACGACGGCTGCCTGTAGG,0,4914284
ygfS_ygfT_predicted,0.07692307692307693,12,12,AAAATCTTTCCTTAAGCCGA,0,4903626
ygfS_ygfT_predicted,0.07692307692307693,12,12,AAAAGGCAACGTTGCATTTA,0,4914582
ygfS_ygfT_predicted,0.08333333333333333,11,11,TTGTCTCAGGGGGTAGTTCA,0,4924919
ygfS_ygfT_predicted,0.08333333333333333,11,11,TTGTCATCCTCGATCTTCTC,0,4924893
ygfS_ygfT_predicted,0.08333333333333333,11,11,TTGACCGAGTGTAGTACCAA,0,4900910
ygfS_ygfT_predicted,0.08333333333333333,11,11,TTCTTTGGTAAAACTCATTA,0,4929297
ygfS_ygfT_predicted,0.08333333333333333,11,11,TTCTAGATATAATCTGGAAG,0,4916942
ygfS_ygfT_predicted,0.08333333333333333,11,11,TTCAAGCATGTGTTAAATCG,0,4905607
ygfS_ygfT_predicted,0.08333333333333333,11,11,TTCAAGATCCGTAAAGGGCA,0,4926467
ygfS_ygfT_predicted,0.08333333333333333,11,11,TTATCCGGACTTGGCATACA,0,4927348
ygfS_ygfT_predicted,0.08333333333333333,11,11,TTATCATGTACCGGAGTCGT,0,4931210
ygfS_ygfT_predicted,0.08333333333333333,11,11,TTATATGGATCGTGGTGCTG,0,4912849
ygfS_ygfT_predicted,0.08333333333333333,11,11,TGTTGGACACTTTTTCGTGG,0,4901182
ygfS_ygfT_predicted,0.08333333333333333,11,11,TGGGAGTCAGTTGCATTAGG,0,4919154
ygfS_ygfT_predicted,0.08333333333333333,11,11,TGGCCCCTCACGGATCCTTG,0,4905053
ygfS_ygfT_predicted,0.08333333333333333,11,11,TGGATTATGTACTACTAAAA,0,4907190
ygfS_ygfT_predicted,0.08333333333333333,11,11,TGCGCGCAATCTAACTGCCA,0,4904071
ygfS_ygfT_predicted,0.08333333333333333,11,11,TGAGTTGCCGATAAGTGGCT,0,4908383
ygfS_ygfT_predicted,0.08333333333333333,11,11,TGAGTTCTAATCTGAGCGGG,0,4907532
ygfS_ygfT_predicted,0.08333333333333333,11,11,TGAGGTCTTCGGATCCCACA,0,4920457
ygfS_ygfT_predicted,0.08333333333333333,11,11,TGAGCCTGCGAGGTTATTGT,0,4915258
ygfS_ygfT_predicted,0.08333333333333333,11,11,TCTTCTAGGCATCTACGGAA,0,4906106
ygfS_ygfT_predicted,0.08333333333333333,11,11,TCTGCGTAAGACTAACAAAA,0,4901678
ygfS_ygfT_predicted,0.08333333333333333,11,11,TCTAGAGATCGACTCCGTGC,0,4926757
ygfS_ygfT_predicted,0.08333333333333333,11,11,TCGGGAGGGTTGCTGGTTCA,0,4930501
ygfS_ygfT_predicted,0.08333333333333333,11,11,TCCGCAGGTCTAAAGTTAAT,0,4903049
ygfS_ygfT_predicted,0.08333333333333333,11,11,TCCCGCGACGCCCGAATCTC,0,4904768
ygfS_ygfT_predicted,0.08333333333333333,11,11,TCCATGCGTTTGAGTTTTAT,0,4902786
ygfS_ygfT_predicted,0.08333333333333333,11,11,TCCAGTTTAGTCTTACCGTG,0,4903738
ygfS_ygfT_predicted,0.08333333333333333,11,11,TCCACGGACTTCTGACCGAA,0,4911463
ygfS_ygfT_predicted,0.08333333333333333,11,11,TCATCACCAAACTCCGGATG,0,4920427
ygfS_ygfT_predicted,0.08333333333333333,11,11,TATTGGCCGGTGTTTTAACA,0,4913008
ygfS_ygfT_predicted,0.08333333333333333,11,11,TATAGTGCCCCGTTTCCGCA,0,4920543
ygfS_ygfT_predicted,0.08333333333333333,11,11,TATAGCAGTACTTAATTCGG,0,4909754
ygfS_ygfT_predicted,0.08333333333333333,11,11,TATAGAGGATGTAAACTACG,0,4925317
ygfS_ygfT_predicted,0.08333333333333333,11,11,TAGGAGGAATAAGAAAGTTT,0,4900347
ygfS_ygfT_predicted,0.08333333333333333,11,11,TACTGTGAAAAGGACAGGGA,0,4908957
ygfS_ygfT_predicted,0.08333333333333333,11,11,TAATTTCTTTGGGGTTCTGT,0,4922613
ygfS_ygfT_predicted,0.08333333333333333,11,11,TAATATTCACGGCAGGGCCA,0,4925047
ygfS_ygfT_predicted,0.08333333333333333,11,11,GTGTATTGGCGGTATCGGCC,0,4913361
ygfS_ygfT_predicted,0.08333333333333333,11,11,GTGTAAACCACCGATCAGGA,0,4921152
ygfS_ygfT_predicted,0.08333333333333333,11,11,GTGGGACGGTCTAGACTGTG,0,4927802
ygfS_ygfT_predicted,0.08333333333333333,11,11,GTGAGTGGTTCGGTCATCTG,0,4909943
ygfS_ygfT_predicted,0.08333333333333333,11,11,GTGAAAACCTGCCATTTAAA,0,4911231
ygfS_ygfT_predicted,0.08333333333333333,11,11,GTCTTCGCACGGCTGTACCA,0,4926472
ygfS_ygfT_predicted,0.08333333333333333,11,11,GTCTGAATTGAACGGCCGGG,0,4917541
ygfS_ygfT_predicted,0.08333333333333333,11,11,GTCTATGACGAAAGTTATAT,0,4910447
ygfS_ygfT_predicted,0.08333333333333333,11,11,GTCGATAATGAGGGTTGTAC,0,4915661
ygfS_ygfT_predicted,0.08333333333333333,11,11,GTATCATGCTACTTCAGAAG,0,4909184
ygfS_ygfT_predicted,0.08333333333333333,11,11,GTACGACAGCCAAGAAGTGC,0,4909450
ygfS_ygfT_predicted,0.08333333333333333,11,11,GTAAGGTCGTGAAGGGGTCC,0,4918556
ygfS_ygfT_predicted,0.08333333333333333,11,11,GTAAGGCTGCAGACGGTCTC,0,4928835
ygfS_ygfT_predicted,0.08333333333333333,11,11,GTAAAAACCATCCTATTGAG,0,4911795
ygfS_ygfT_predicted,0.08333333333333333,11,11,GGTACGGCGTTCCGGGATTC,0,4928781
ygfS_ygfT_predicted,0.08333333333333333,11,11,GGTAACTAGGCTTAATTACA,0,4922776
ygfS_ygfT_predicted,0.08333333333333333,11,11,GGGGAAAGCACACCCGGCTC,0,4909084
ygfS_ygfT_predicted,0.08333333333333333,11,11,GGGCGTGGCCTCAGAAGGAT,0,4920520
ygfS_ygfT_predicted,0.08333333333333333,11,11,GGACATGGGCGGGTCCAGTT,0,4927543
ygfS_ygfT_predicted,0.08333333333333333,11,11,GGAAGCTGATGTCATCAAAA,0,4914968
ygfS_ygfT_predicted,0.08333333333333333,11,11,GCTTTTGGTCTAAGGAACGA,0,4911284
ygfS_ygfT_predicted,0.08333333333333333,11,11,GCTTTAGCGACCTGCGGAGG,0,4919058
ygfS_ygfT_predicted,0.08333333333333333,11,11,GCTGTGAGAATCTGTATAGC,0,4913594
ygfS_ygfT_predicted,0.08333333333333333,11,11,GCTCGAGAACCGATATCCTG,0,4923954
ygfS_ygfT_predicted,0.08333333333333333,11,11,GCGGTGCCTCCAGACAAGCT,0,4929607
ygfS_ygfT_predicted,0.08333333333333333,11,11,GCGGGTAGGGAACTACCTTG,0,4914043
ygfS_ygfT_predicted,0.08333333333333333,11,11,GCCGTGCGAGATGGCCTCCT,0,4903851
ygfS_ygfT_predicted,0.08333333333333333,11,11,GCCCGACGGATGTTAGGAAA,0,4900360
ygfS_ygfT_predicted,0.08333333333333333,11,11,GCAGGTCATTTATAGAGTAT,0,4922699
ygfS_ygfT_predicted,0.08333333333333333,11,11,GCACTACAGGGGGGGTCACA,0,4902861
ygfS_ygfT_predicted,0.08333333333333333,11,11,GCACGAATGCTATATTTCGG,0,4900176
ygfS_ygfT_predicted,0.08333333333333333,11,11,GACGATCATTCGCTGAGGAT,0,4901970
ygfS_ygfT_predicted,0.08333333333333333,11,11,GAAGTCTTCGCAGGTCGCCT,0,4910829
ygfS_ygfT_predicted,0.08333333333333333,11,11,GAAGGGCAATAAAAGCACTA,0,4931180
ygfS_ygfT_predicted,0.08333333333333333,11,11,GAAAAGAGCCGGTCCGAGTT,0,4919190
ygfS_ygfT_predicted,0.08333333333333333,11,11,CTTGAGGGCTATGTTCGTGT,0,4900900
ygfS_ygfT_predicted,0.08333333333333333,11,11,CTTCCGCCTAAAAAGTTCGA,0,4924882
ygfS_ygfT_predicted,0.08333333333333333,11,11,CTGTCGGATTACCCTCAAAT,0,4920417
ygfS_ygfT_predicted,0.08333333333333333,11,11,CTGTCACGCTTTATTCGGCA,0,4902834
ygfS_ygfT_predicted,0.08333333333333333,11,11,CTGGTCCTTTGCTACCACAT,0,4899806
ygfS_ygfT_predicted,0.08333333333333333,11,11,CTGCCGGTACGCAAGGTATA,0,4914130
ygfS_ygfT_predicted,0.08333333333333333,11,11,CTCTCACGCGTCTCCGCCAA,0,4917924
ygfS_ygfT_predicted,0.08333333333333333,11,11,CTAGGTGTGAAACGCGTTAG,0,4910130
ygfS_ygfT_predicted,0.08333333333333333,11,11,CTAGACCGCGTTAGTGCCTT,0,4918399
ygfS_ygfT_predicted,0.08333333333333333,11,11,CGTGCAGTCTTTTTACTGCA,0,4907664
ygfS_ygfT_predicted,0.08333333333333333,11,11,CGTAATGATCGCGACTCACA,0,4923894
ygfS_ygfT_predicted,0.08333333333333333,11,11,CGTAAAATTTATACAGCGGC,0,4902003
ygfS_ygfT_predicted,0.08333333333333333,11,11,CGGTGTTATATCGATAATCA,0,4916000
ygfS_ygfT_predicted,0.08333333333333333,11,11,CGGTATTCGTGGGTTGCCTT,0,4922052
ygfS_ygfT_predicted,0.08333333333333333,11,11,CGGGTCCAGTCACACTCTTA,0,4902819
ygfS_ygfT_predicted,0.08333333333333333,11,11,CGGGTATACGCGAAGGCGCG,0,4904424
ygfS_ygfT_predicted,0.08333333333333333,11,11,CGGATCATGCGGGACGGTAA,0,4927044
ygfS_ygfT_predicted,0.08333333333333333,11,11,CGCCATGCAAAGGGAGTTTT,0,4900982
ygfS_ygfT_predicted,0.08333333333333333,11,11,CGCAAGTTAAACAAGTGGTA,0,4909689
ygfS_ygfT_predicted,0.08333333333333333,11,11,CGCAACGCGACTACCCCCCA,0,4910753
ygfS_ygfT_predicted,0.08333333333333333,11,11,CGCAAAAACGTCATTCCAAC,0,4919304
ygfS_ygfT_predicted,0.08333333333333333,11,11,CGAGGAGTCGCCCGGGGGAT,0,4900443
ygfS_ygfT_predicted,0.08333333333333333,11,11,CCTTATCCTAAAGTATATGA,0,4929575
ygfS_ygfT_predicted,0.08333333333333333,11,11,CCTGTACCTGCCAATACTAG,0,4911384
ygfS_ygfT_predicted,0.08333333333333333,11,11,CCGTGGATCGAAACCTCTTT,0,4910020
ygfS_ygfT_predicted,0.08333333333333333,11,11,CCGTCCTCGTCAGAGTTCGT,0,4903968
ygfS_ygfT_predicted,0.08333333333333333,11,11,CCGGTTGAGCAACGCGGCGA,0,4907805
ygfS_ygfT_predicted,0.08333333333333333,11,11,CCCGGAAGGGTAGTTTTCGT,0,4923390
ygfS_ygfT_predicted,0.08333333333333333,11,11,CCCCGTGTCTCTTTAAACGG,0,4902160
ygfS_ygfT_predicted,0.08333333333333333,11,11,CCCCGGGTATACGCGCATTG,0,4927239
ygfS_ygfT_predicted,0.08333333333333333,11,11,CCCCCCCTATGTTGTGCCTA,0,4928289
ygfS_ygfT_predicted,0.08333333333333333,11,11,CCATTAACCCGATGAACTTA,0,4921108
ygfS_ygfT_predicted,0.08333333333333333,11,11,CATCTAGACGTAATGTAACA,0,4908195
ygfS_ygfT_predicted,0.08333333333333333,11,11,CATCGTGTAGTGACCGAGCA,0,4907888
ygfS_ygfT_predicted,0.08333333333333333,11,11,CATCAAGATAACAGCTCTCA,0,4910546
ygfS_ygfT_predicted,0.08333333333333333,11,11,CATCAAACATCGAATTTCCC,0,4912012
ygfS_ygfT_predicted,0.08333333333333333,11,11,CATATCAGTCCCAGCGTTAC,0,4911723
ygfS_ygfT_predicted,0.08333333333333333,11,11,CAGTTCCCGGTCAGCGCGGC,0,4929588
ygfS_ygfT_predicted,0.08333333333333333,11,11,CAGGTGGCAGGTCGCTGAGG,0,4916577
ygfS_ygfT_predicted,0.08333333333333333,11,11,CAGCCGCCGGTTGGGTGACG,0,4905249
ygfS_ygfT_predicted,0.08333333333333333,11,11,CACTGAATCATCGTAGAACT,0,4931326
ygfS_ygfT_predicted,0.08333333333333333,11,11,CACTCTTCACGGTACTCCGA,0,4900632
ygfS_ygfT_predicted,0.08333333333333333,11,11,CACCGTAGGTTAACAGGACG,0,4908511
ygfS_ygfT_predicted,0.08333333333333333,11,11,CACACGAAGTTCGCTAGTCA,0,4920701
ygfS_ygfT_predicted,0.08333333333333333,11,11,CAATTCGACAAGCGTCGGAC,0,4901345
ygfS_ygfT_predicted,0.08333333333333333,11,11,CAATCCAGCGGAAGGCAAAC,0,4910678
ygfS_ygfT_predicted,0.08333333333333333,11,11,CAAGTCGATGCCCCGGAAGG,0,4925163
ygfS_ygfT_predicted,0.08333333333333333,11,11,ATTCTTTCGGATTACGCTCA,0,4925415
ygfS_ygfT_predicted,0.08333333333333333,11,11,ATTCTTGGGTGCGTACTCTA,0,4901125
ygfS_ygfT_predicted,0.08333333333333333,11,11,ATTAGCCTCGCCTGTGCCTA,0,4901146
ygfS_ygfT_predicted,0.08333333333333333,11,11,ATTACGATTGGGACAAGTAA,0,4905513
ygfS_ygfT_predicted,0.08333333333333333,11,11,ATGTATAGTGTGAGAGCGTC,0,4927725
ygfS_ygfT_predicted,0.08333333333333333,11,11,ATGGTGACGAGAAAAGGTCT,0,4903928
ygfS_ygfT_predicted,0.08333333333333333,11,11,ATGGGTCCCCCGAGTGCGTT,0,4911063
ygfS_ygfT_predicted,0.08333333333333333,11,11,ATCGATATCTCCTATGGGGT,0,4927961
ygfS_ygfT_predicted,0.08333333333333333,11,11,ATCCAGACAGCTGGTAATTA,0,4913189
ygfS_ygfT_predicted,0.08333333333333333,11,11,ATACAGAGGGGATTCGCATT,0,4920557
ygfS_ygfT_predicted,0.08333333333333333,11,11,AGTGTGGATGGTCGGTTTGT,0,4907866
ygfS_ygfT_predicted,0.08333333333333333,11,11,AGGGCTAGTATGGTAAACGA,0,4925654
ygfS_ygfT_predicted,0.08333333333333333,11,11,AGGATACAATTTTTAGGATC,0,4923597
ygfS_ygfT_predicted,0.08333333333333333,11,11,AGGACGCTCACCGGTTCACA,0,4919797
ygfS_ygfT_predicted,0.08333333333333333,11,11,AGATCCGGGCGCGATCTCAC,0,4922923
ygfS_ygfT_predicted,0.08333333333333333,11,11,AGATAAAATTGGTATTCACG,0,4924659
ygfS_ygfT_predicted,0.08333333333333333,11,11,AGAGGTGGAATTAATTACAG,0,4916027
ygfS_ygfT_predicted,0.08333333333333333,11,11,ACTTCTGGCGTGCGCTTTAC,0,4902481
ygfS_ygfT_predicted,0.08333333333333333,11,11,ACTAGAAAAACGCACCGGGG,0,4924128
ygfS_ygfT_predicted,0.08333333333333333,11,11,ACTACCGAAGGAAGATGGAC,0,4920400
ygfS_ygfT_predicted,0.08333333333333333,11,11,ACGTGGAAACCTGCCATCTG,0,4919971
ygfS_ygfT_predicted,0.08333333333333333,11,11,ACGCATGATGATGGCCGTAC,0,4908654
ygfS_ygfT_predicted,0.08333333333333333,11,11,ACGACATACCCCGGAAACTA,0,4908534
ygfS_ygfT_predicted,0.08333333333333333,11,11,ACCTAGATTCCGAGGGGCTG,0,4923257
ygfS_ygfT_predicted,0.08333333333333333,11,11,ACCGACGCTTGAAGTAGATC,0,4917291
ygfS_ygfT_predicted,0.08333333333333333,11,11,ACAATATTGGCAACTGCTTT,0,4923583
ygfS_ygfT_predicted,0.08333333333333333,11,11,AAGTGGGGATGACTAATGAC,0,4930816
ygfS_ygfT_predicted,0.08333333333333333,11,11,AAGTGATCTTGTGCATTAAC,0,4920856
ygfS_ygfT_predicted,0.08333333333333333,11,11,AAGTCGAGTCTTTGCGCATA,0,4909331
ygfS_ygfT_predicted,0.08333333333333333,11,11,AAGGGCTGTAAGGGCTGCTA,0,4911844
ygfS_ygfT_predicted,0.08333333333333333,11,11,AAGCAAGTCATCTCAGGTTT,0,4900936
ygfS_ygfT_predicted,0.08333333333333333,11,11,AAATCCTTTACGATTCAGAA,0,4903973
ygfS_ygfT_predicted,0.08333333333333333,11,11,AAAGTCACTTAAAGCGTAGC,0,4917063
ygfS_ygfT_predicted,0.08333333333333333,11,11,AAAGCTACAGGCAACTTCAA,0,4916227
ygfS_ygfT_predicted,0.08333333333333333,11,11,AAACCTCTTCAAGGCCGTCA,0,4926950
ygfS_ygfT_predicted,0.09090909090909091,10,10,TTTCCTGTTAATGTGGTTTA,0,4904448
ygfS_ygfT_predicted,0.09090909090909091,10,10,TTTCCCATTGGGTACGCTTA,0,4926912
ygfS_ygfT_predicted,0.09090909090909091,10,10,TTTAGATGCAATAGGGCCGC,0,4904383
ygfS_ygfT_predicted,0.09090909090909091,10,10,TTGGGTGTAGGTGATGCATA,0,4908236
ygfS_ygfT_predicted,0.09090909090909091,10,10,TTGGGAAATGATTTGGGGCA,0,4909146
ygfS_ygfT_predicted,0.09090909090909091,10,10,TTGCTGCGCAAATAGATATT,0,4921279
ygfS_ygfT_predicted,0.09090909090909091,10,10,TTGCGAAGAAAGCCAGAAAG,0,4906712
ygfS_ygfT_predicted,0.09090909090909091,10,10,TTGCCAGGCTTAGGTAATAG,0,4904132
ygfS_ygfT_predicted,0.09090909090909091,10,10,TTGAAACGTGCCGTGTGCCA,0,4914193
ygfS_ygfT_predicted,0.09090909090909091,10,10,TTCTTCGGAGTCTTCCGGAG,0,4906653
ygfS_ygfT_predicted,0.09090909090909091,10,10,TTCAATGTCCGGGCCACCTC,0,4914762
ygfS_ygfT_predicted,0.09090909090909091,10,10,TTAGCAGATGAACGGCAGAC,0,4922709
ygfS_ygfT_predicted,0.09090909090909091,10,10,TTAATGCCAGTAGAATCCAG,0,4929175
ygfS_ygfT_predicted,0.09090909090909091,10,10,TGTTTCCGTATCCGGTTTGA,0,4914225
ygfS_ygfT_predicted,0.09090909090909091,10,10,TGTTGGAGACAGGCAGGGAT,0,4920397
ygfS_ygfT_predicted,0.09090909090909091,10,10,TGTGATGTTAAAGTAAGTCA,0,4918090
ygfS_ygfT_predicted,0.09090909090909091,10,10,TGGTTCAAAACCAGGCGTCC,0,4900365
ygfS_ygfT_predicted,0.09090909090909091,10,10,TGGTGATTCGGGCCATAATC,0,4906355
ygfS_ygfT_predicted,0.09090909090909091,10,10,TGGGAACCGCTTGGTCACAC,0,4915919
ygfS_ygfT_predicted,0.09090909090909091,10,10,TGCTTGTGAGAACCTCAGAG,0,4927787
ygfS_ygfT_predicted,0.09090909090909091,10,10,TGATCGGGCAAACAATGGAA,0,4916749
ygfS_ygfT_predicted,0.09090909090909091,10,10,TGAAGTAACAACGCTGGGAT,0,4913360
ygfS_ygfT_predicted,0.09090909090909091,10,10,TGAAGGGTCAGAGTTATAAA,0,4900550
ygfS_ygfT_predicted,0.09090909090909091,10,10,TCTTCGACTCGGTCCCAAAT,0,4908008
ygfS_ygfT_predicted,0.09090909090909091,10,10,TCTAGAAATCGTTAAGTTTT,0,4923100
ygfS_ygfT_predicted,0.09090909090909091,10,10,TCTAAAAGGGGCTTCGTCCG,0,4925036
ygfS_ygfT_predicted,0.09090909090909091,10,10,TCCGGGCGGGGAGGTCCACA,0,4915282
ygfS_ygfT_predicted,0.09090909090909091,10,10,TCCGAGATAACAATCAGGAG,0,4928124
ygfS_ygfT_predicted,0.09090909090909091,10,10,TCCCCTGACTTAGGGCCAAA,0,4902166
ygfS_ygfT_predicted,0.09090909090909091,10,10,TCCATCGGTCTCGCCTTGTA,0,4909327
ygfS_ygfT_predicted,0.09090909090909091,10,10,TCCATCGCTGCCTCGTAGCC,0,4906328
ygfS_ygfT_predicted,0.09090909090909091,10,10,TCCATAATCTAAGCCCAAAA,0,4921322
ygfS_ygfT_predicted,0.09090909090909091,10,10,TCCAGCGGGTCCCCGCGGGA,0,4924857
ygfS_ygfT_predicted,0.09090909090909091,10,10,TCAGTCCGTGTGGGGGATGT,0,4924007
ygfS_ygfT_predicted,0.09090909090909091,10,10,TCACCACTGGGAGGAAGCTA,0,4901900
ygfS_ygfT_predicted,0.09090909090909091,10,10,TCAATGCGAGACGTTTTTAG,0,4925956
ygfS_ygfT_predicted,0.09090909090909091,10,10,TATGGCGGCTGCAGACAGCA,0,4917180
ygfS_ygfT_predicted,0.09090909090909091,10,10,TATCTCGTGCCGTTATTTTT,0,4911153
ygfS_ygfT_predicted,0.09090909090909091,10,10,TATACCTTCGCTTTAGGGGT,0,4919164
ygfS_ygfT_predicted,0.09090909090909091,10,10,TAGATAGGAGTCCCGGATAG,0,4903570
ygfS_ygfT_predicted,0.09090909090909091,10,10,TAGACGCAGGGGATTCTGAG,0,4920123
ygfS_ygfT_predicted,0.09090909090909091,10,10,TACTCTCCCGCCCGGCGTGG,0,4924858
ygfS_ygfT_predicted,0.09090909090909091,10,10,TACCCTGGCGGAACGAGTCA,0,4923942
ygfS_ygfT_predicted,0.09090909090909091,10,10,TACCAGTCTGGACCAAGTTC,0,4905759
ygfS_ygfT_predicted,0.09090909090909091,10,10,TAATTAACAACTTCCACCAC,0,4911071
ygfS_ygfT_predicted,0.09090909090909091,10,10,TAAGTTTGCACCGGGGGAAA,0,4924850
ygfS_ygfT_predicted,0.09090909090909091,10,10,TAAGGCCCAAAGGGTTTAGA,0,4904090
ygfS_ygfT_predicted,0.09090909090909091,10,10,TAAGGACCACTTCCGTAAGA,0,4909219
ygfS_ygfT_predicted,0.09090909090909091,10,10,TAACTAAGTCTAATGGTGAG,0,4901229
ygfS_ygfT_predicted,0.09090909090909091,10,10,GTTTGGTTTCCCTCGCGGTT,0,4908343
ygfS_ygfT_predicted,0.09090909090909091,10,10,GTTGGGATAAACCAAAGAAA,0,4928416
ygfS_ygfT_predicted,0.09090909090909091,10,10,GTTCGTTCGAGCTGGGTCTG,0,4911120
ygfS_ygfT_predicted,0.09090909090909091,10,10,GTTCCAGGGCAACGGGGTTA,0,4918565
ygfS_ygfT_predicted,0.09090909090909091,10,10,GTTAGCGAGACTGGGACCAA,0,4914773
ygfS_ygfT_predicted,0.09090909090909091,10,10,GTGTCGAACACGCATTGTGT,0,4926403
ygfS_ygfT_predicted,0.09090909090909091,10,10,GTGCCCGGATGGGGGGTGGG,0,4906409
ygfS_ygfT_predicted,0.09090909090909091,10,10,GTCCTGTCTTACCAAGAGAT,0,4919764
ygfS_ygfT_predicted,0.09090909090909091,10,10,GTCCGTCGTCCGTCAGACCT,0,4913156
ygfS_ygfT_predicted,0.09090909090909091,10,10,GTATTGCAATAGTGGGTCCG,0,4916053
ygfS_ygfT_predicted,0.09090909090909091,10,10,GTATGCTGATCTGCCTGCAG,0,4913639
ygfS_ygfT_predicted,0.09090909090909091,10,10,GGTGGTCACGCCGACTCCCA,0,4914384
ygfS_ygfT_predicted,0.09090909090909091,10,10,GGTCTTGTTGCACTCTGGGT,0,4914003
ygfS_ygfT_predicted,0.09090909090909091,10,10,GGTATCACCGCGATCCAGGG,0,4926727
ygfS_ygfT_predicted,0.09090909090909091,10,10,GGGGTAGGTTGCTTAGTACA,0,4910408
ygfS_ygfT_predicted,0.09090909090909091,10,10,GGGCGCCCTAGAAGTCTATC,0,4909907
ygfS_ygfT_predicted,0.09090909090909091,10,10,GGGCCGTGGCGGGATGCGTG,0,4912860
ygfS_ygfT_predicted,0.09090909090909091,10,10,GGGCCGGTTCATGATCTCAG,0,4922925
ygfS_ygfT_predicted,0.09090909090909091,10,10,GGCTCTCCGAGTGTTGCCTA,0,4926276
ygfS_ygfT_predicted,0.09090909090909091,10,10,GGCCTCGCGCGAACGTTGCA,0,4929912
ygfS_ygfT_predicted,0.09090909090909091,10,10,GGCATGCTTACGCAGAATGG,0,4925568
ygfS_ygfT_predicted,0.09090909090909091,10,10,GGACCAGTATACGGCGTTCA,0,4923104
ygfS_ygfT_predicted,0.09090909090909091,10,10,GGAATTGCAAACCTACCTGA,0,4903802
ygfS_ygfT_predicted,0.09090909090909091,10,10,GGAAACGTGGCACTGGAGGC,0,4914364
ygfS_ygfT_predicted,0.09090909090909091,10,10,GCTGGGCTTGTCCTTATGAA,0,4914479
ygfS_ygfT_predicted,0.09090909090909091,10,10,GCTCAGTCGGCATGGTTTTC,0,4903651
ygfS_ygfT_predicted,0.09090909090909091,10,10,GCGGACCAGTAGGCTTGTAA,0,4930305
ygfS_ygfT_predicted,0.09090909090909091,10,10,GCGCGAAAATGGGTCTTTAT,0,4924522
ygfS_ygfT_predicted,0.09090909090909091,10,10,GCCTTACGCGTCCTCTGCGG,0,4923528
ygfS_ygfT_predicted,0.09090909090909091,10,10,GCCGGGGGATAAACGCTCGT,0,4920632
ygfS_ygfT_predicted,0.09090909090909091,10,10,GCATTAAAGGGTGACGATGT,0,4918149
ygfS_ygfT_predicted,0.09090909090909091,10,10,GCACGTTACGGTGATACAAA,0,4904360
ygfS_ygfT_predicted,0.09090909090909091,10,10,GATCTTTTGTGTCCGGTGAA,0,4902940
ygfS_ygfT_predicted,0.09090909090909091,10,10,GATAAGGTTCCTCGACACAT,0,4905429
ygfS_ygfT_predicted,0.09090909090909091,10,10,GAGGTGCCTTTTGTTCTGGG,0,4914848
ygfS_ygfT_predicted,0.09090909090909091,10,10,GAGGTCGGTGGGGGGATGGA,0,4901489
ygfS_ygfT_predicted,0.09090909090909091,10,10,GAGGTATGGAGGCTGTGGTA,0,4913593
ygfS_ygfT_predicted,0.09090909090909091,10,10,GAGGATGCCAATCGAATGTA,0,4911189
ygfS_ygfT_predicted,0.09090909090909091,10,10,GAGCCCATGAGGCTCAACAC,0,4930566
ygfS_ygfT_predicted,0.09090909090909091,10,10,GAGATTGTACGTCAGCGAAG,0,4901547
ygfS_ygfT_predicted,0.09090909090909091,10,10,GAGAGCGGGAAGGCTAATTC,0,4911843
ygfS_ygfT_predicted,0.09090909090909091,10,10,GACTGAATCAGCTCCACGGT,0,4905461
ygfS_ygfT_predicted,0.09090909090909091,10,10,GACGTGCGTCTCCGGATAGC,0,4905984
ygfS_ygfT_predicted,0.09090909090909091,10,10,GACATACTGAATTGGACGGC,0,4910745
ygfS_ygfT_predicted,0.09090909090909091,10,10,GAACTGAAACAGATAATCCT,0,4927331
ygfS_ygfT_predicted,0.09090909090909091,10,10,GAACAGCACGTGAATTGAAT,0,4916622
ygfS_ygfT_predicted,0.09090909090909091,10,10,CTTGGAGCTGTCCTGATTGA,0,4912657
ygfS_ygfT_predicted,0.09090909090909091,10,10,CTTGAACGCTCTATCAGAAA,0,4931354
ygfS_ygfT_predicted,0.09090909090909091,10,10,CTTCCTACGGTTATCACTAG,0,4927059
ygfS_ygfT_predicted,0.09090909090909091,10,10,CTGTCCCACATATTTGCGAG,0,4919234
ygfS_ygfT_predicted,0.09090909090909091,10,10,CTGGGGACGTTGGCGACAAG,0,4913178
ygfS_ygfT_predicted,0.09090909090909091,10,10,CTGGGCATTGGGTACACTGT,0,4926579
ygfS_ygfT_predicted,0.09090909090909091,10,10,CTGCTGGGCTGGTCATCCTG,0,4922614
ygfS_ygfT_predicted,0.09090909090909091,10,10,CTGATGTCTGCTGGACGCTC,0,4930688
ygfS_ygfT_predicted,0.09090909090909091,10,10,CTCGCAAGGAATTTTTCTAT,0,4923534
ygfS_ygfT_predicted,0.09090909090909091,10,10,CTCGAGTTATTAAAATAGGT,0,4916843
ygfS_ygfT_predicted,0.09090909090909091,10,10,CTCGAGAACTTCTTCAAGAC,0,4921889
ygfS_ygfT_predicted,0.09090909090909091,10,10,CTCCATTGTCCCTATTATTG,0,4919471
ygfS_ygfT_predicted,0.09090909090909091,10,10,CTCAATCGGGTGGACCAGGG,0,4908738
ygfS_ygfT_predicted,0.09090909090909091,10,10,CTACGCGCCAAGTAGGCAGT,0,4927031
ygfS_ygfT_predicted,0.09090909090909091,10,10,CGTTTTGTCCGAATATGCCC,0,4920490
ygfS_ygfT_predicted,0.09090909090909091,10,10,CGTGATGTGACGGAGGGTAG,0,4911930
ygfS_ygfT_predicted,0.09090909090909091,10,10,CGTCGAAGGGGTAGGGTTCG,0,4906803
ygfS_ygfT_predicted,0.09090909090909091,10,10,CGTATACACAGGAATCTGAG,0,4901777
ygfS_ygfT_predicted,0.09090909090909091,10,10,CGTAGACTGGTAGTCTTCAC,0,4919862
ygfS_ygfT_predicted,0.09090909090909091,10,10,CGGGACCTGGCCGTCCGACG,0,4914282
ygfS_ygfT_predicted,0.09090909090909091,10,10,CGGCCCGCCCGGGGGGACGG,0,4900000
ygfS_ygfT_predicted,0.09090909090909091,10,10,CGCTGAAGACATTTTTTAAA,0,4904385
ygfS_ygfT_predicted,0.09090909090909091,10,10,CGCTAAGGCCAGTTAAGCTT,0,4901653
ygfS_ygfT_predicted,0.09090909090909091,10,10,CGCCCCTGTAACGCTAAGCA,0,4914587
ygfS_ygfT_predicted,0.09090909090909091,10,10,CGCCAGCGCTCTACTATCCT,0,4918581
ygfS_ygfT_predicted,0.09090909090909091,10,10,CGCAATCATAGCATCCTTAA,0,4919206
ygfS_ygfT_predicted,0.09090909090909091,10,10,CGCAAGACGCATTGCTGGGT,0,4909713
ygfS_ygfT_predicted,0.09090909090909091,10,10,CGATAGACGTTAGGGTACGA,0,4926376
ygfS_ygfT_predicted,0.09090909090909091,10,10,CGAGAAGTCGTGGAGCGTAA,0,4906433
ygfS_ygfT_predicted,0.09090909090909091,10,10,CGACTAAGATGTGCCTCGCT,0,4913733
ygfS_ygfT_predicted,0.09090909090909091,10,10,CGAACGGATCTTACATTTCT,0,4928041
ygfS_ygfT_predicted,0.09090909090909091,10,10,CCTCGAGGACGCGGCCTACT,0,4926914
ygfS_ygfT_predicted,0.09090909090909091,10,10,CCGTACTTGAAGCGGAGTGC,0,4922162
ygfS_ygfT_predicted,0.09090909090909091,10,10,CCCTTCCGGCTTGTAAGGGG,0,4899828
ygfS_ygfT_predicted,0.09090909090909091,10,10,CCCTCGGGCTCCCCAACATG,0,4925134
ygfS_ygfT_predicted,0.09090909090909091,10,10,CCCGTTCGGGGTACGTACCA,0,4926959
ygfS_ygfT_predicted,0.09090909090909091,10,10,CCCGCCGGTCGCTTTCGTAC,0,4928805
ygfS_ygfT_predicted,0.09090909090909091,10,10,CCCGAACTCAGGTCAGGGTA,0,4900868
ygfS_ygfT_predicted,0.09090909090909091,10,10,CCCATGTTGCATGGGTTAGT,0,4921193
ygfS_ygfT_predicted,0.09090909090909091,10,10,CCAAGTTGACCGCAGCCTTA,0,4927667
ygfS_ygfT_predicted,0.09090909090909091,10,10,CATAGGCCCGATCGCGCTAT,0,4922882
ygfS_ygfT_predicted,0.09090909090909091,10,10,CAGGCCTTGGGTGGTTCTTT,0,4925189
ygfS_ygfT_predicted,0.09090909090909091,10,10,CACTGGCCGGTATAACGATC,0,4910340
ygfS_ygfT_predicted,0.09090909090909091,10,10,CACTACATTTTCTGAGCACT,0,4928507
ygfS_ygfT_predicted,0.09090909090909091,10,10,CACCGTCATGCCTTCAGTGC,0,4909864
ygfS_ygfT_predicted,0.09090909090909091,10,10,CACCATCCGGGGAACAAATA,0,4909783
ygfS_ygfT_predicted,0.09090909090909091,10,10,CAATGCCGAGACACCAGATG,0,4907864
ygfS_ygfT_predicted,0.09090909090909091,10,10,CAAGTGAAGGAGGCTCTCTA,0,4901951
ygfS_ygfT_predicted,0.09090909090909091,10,10,CAAGCCTCAAGAATCTCGGA,0,4911881
ygfS_ygfT_predicted,0.09090909090909091,10,10,CAAGCCATTCTTTTTTCGAT,0,4925565
ygfS_ygfT_predicted,0.09090909090909091,10,10,CAACCGATATAAACACACGT,0,4914617
ygfS_ygfT_predicted,0.09090909090909091,10,10,ATTTAACAGTTATCAAATGT,0,4907799
ygfS_ygfT_predicted,0.09090909090909091,10,10,ATTCGGATCCAGGAGCGCCC,0,4926248
ygfS_ygfT_predicted,0.09090909090909091,10,10,ATTCGCGAGCGAGAGGGCTG,0,4903912
ygfS_ygfT_predicted,0.09090909090909091,10,10,ATTCCGGATCAGAATCAAGA,0,4902390
ygfS_ygfT_predicted,0.09090909090909091,10,10,ATTATCGGTAAACCGGTTAT,0,4929766
ygfS_ygfT_predicted,0.09090909090909091,10,10,ATGCAATGCCCATACCAAGT,0,4908778
ygfS_ygfT_predicted,0.09090909090909091,10,10,ATCTTATACGCGCCCTCGGG,0,4910190
ygfS_ygfT_predicted,0.09090909090909091,10,10,ATCTGTGCTAGATTCGACAT,0,4916903
ygfS_ygfT_predicted,0.09090909090909091,10,10,ATCACTTCAGATCTAGGATT,0,4899823
ygfS_ygfT_predicted,0.09090909090909091,10,10,ATATATCATTCTGGAAACAG,0,4921623
ygfS_ygfT_predicted,0.09090909090909091,10,10,ATACAAACGACGAGACCCGT,0,4905760
ygfS_ygfT_predicted,0.09090909090909091,10,10,AGTCTGCTATTACAATTCGA,0,4926810
ygfS_ygfT_predicted,0.09090909090909091,10,10,AGTCTATGTGTGGCGCTGTC,0,4905757
ygfS_ygfT_predicted,0.09090909090909091,10,10,AGGGTCGAACTCCTCGCGTA,0,4918395
ygfS_ygfT_predicted,0.09090909090909091,10,10,AGGAGGATTTGGGATTAATG,0,4923493
ygfS_ygfT_predicted,0.09090909090909091,10,10,AGCTCTCTGTAGAGTAAAGA,0,4907947
ygfS_ygfT_predicted,0.09090909090909091,10,10,AGCGAGTGGAATTCTGCTTA,0,4921996
ygfS_ygfT_predicted,0.09090909090909091,10,10,AGCAAAACGCACTCCCCGCA,0,4904366
ygfS_ygfT_predicted,0.09090909090909091,10,10,AGAGCCCCGGGCAGGAATCC,0,4907503
ygfS_ygfT_predicted,0.09090909090909091,10,10,AGAGAGAAACACGATTATGT,0,4908862
ygfS_ygfT_predicted,0.09090909090909091,10,10,AGAAGCAAGCTGCTGTTTCA,0,4925563
ygfS_ygfT_predicted,0.09090909090909091,10,10,ACTGTTGGATAGCGGGGATT,0,4901285
ygfS_ygfT_predicted,0.09090909090909091,10,10,ACTGTGTGTTCCGCCGGAAC,0,4921675
ygfS_ygfT_predicted,0.09090909090909091,10,10,ACTCGCGGTACAGCACTGAT,0,4927704
ygfS_ygfT_predicted,0.09090909090909091,10,10,ACTCATATTAAGCGGGCATT,0,4916943
ygfS_ygfT_predicted,0.09090909090909091,10,10,ACGTGTGGGATGCAGAACAA,0,4904061
ygfS_ygfT_predicted,0.09090909090909091,10,10,ACGTGACAGGCAGGAGGCTC,0,4925624
ygfS_ygfT_predicted,0.09090909090909091,10,10,ACGTCATAATCGTACATCAG,0,4903603
ygfS_ygfT_predicted,0.09090909090909091,10,10,ACGGTTGCGGTTGAAGGTGG,0,4916190
ygfS_ygfT_predicted,0.09090909090909091,10,10,ACGGTCACTAGGCAGCGCTT,0,4903500
ygfS_ygfT_predicted,0.09090909090909091,10,10,ACGGTAAGTCGGAGAGTGGT,0,4927474
ygfS_ygfT_predicted,0.09090909090909091,10,10,ACGGGCGGCGGACTTAAGTA,0,4911957
ygfS_ygfT_predicted,0.09090909090909091,10,10,ACGCTGTGATAGTTCTATCG,0,4906924
ygfS_ygfT_predicted,0.09090909090909091,10,10,ACGACCATGTTCTGAAGACG,0,4912618
ygfS_ygfT_predicted,0.09090909090909091,10,10,ACCGTTCGATAAGCTTTGCG,0,4920612
ygfS_ygfT_predicted,0.09090909090909091,10,10,ACCGTCTAGTTGTCCTGAAG,0,4928207
ygfS_ygfT_predicted,0.09090909090909091,10,10,ACCCTTGATCGGACGCGGTA,0,4904972
ygfS_ygfT_predicted,0.09090909090909091,10,10,ACCCCATAGAACATAGGTGA,0,4917464
ygfS_ygfT_predicted,0.09090909090909091,10,10,ACCATGTCTTTATTTCGCTA,0,4924362
ygfS_ygfT_predicted,0.09090909090909091,10,10,ACCAGGGGTTGTTCAACTTA,0,4919472
ygfS_ygfT_predicted,0.09090909090909091,10,10,ACATATCTTGGGTCTCAGGG,0,4901643
ygfS_ygfT_predicted,0.09090909090909091,10,10,ACACGTAAGGACTCCCACGC,0,4903681
ygfS_ygfT_predicted,0.09090909090909091,10,10,AATTCCCCCTTCAGTCATAT,0,4908620
ygfS_ygfT_predicted,0.09090909090909091,10,10,AATGGGGGTAAGTCCCTCAT,0,4907747
ygfS_ygfT_predicted,0.09090909090909091,10,10,AATGCGCAACGGTGGCAAGA,0,4906563
ygfS_ygfT_predicted,0.09090909090909091,10,10,AAGTGTAGAAAAGGCAGTGT,0,4929391
ygfS_ygfT_predicted,0.09090909090909091,10,10,AAGCTTTCTCCACATGGACG,0,4922200
ygfS_ygfT_predicted,0.09090909090909091,10,10,AAGAAATGCGCCGACTATGC,0,4903319
ygfS_ygfT_predicted,0.09090909090909091,10,10,AACTGGGTCTCACGAGATGT,0,4903627
ygfS_ygfT_predicted,0.09090909090909091,10,10,AACCAGAAGCCATACAAACG,0,4911060
ygfS_ygfT_predicted,0.09090909090909091,10,10,AACAGGTCAGCATGGGTGAT,0,4926978
ygfS_ygfT_predicted,0.09090909090909091,10,10,AACAGACCCTACAAGTGACC,0,4927627
ygfS_ygfT_predicted,0.09090909090909091,10,10,AAATTAACCGTGATGATCCG,0,4904196
ygfS_ygfT_predicted,0.09090909090909091,10,10,AAAGAGCTTGTAAATCCCCA,0,4908153
ygfS_ygfT_predicted,0.09090909090909091,10,10,AAACTGCACTGCAATTCATT,0,4905035
ygfS_ygfT_predicted,0.09090909090909091,10,10,AAACCAATGGGTGTGTGTCT,0,4911282
ygfS_ygfT_predicted,0.09090909090909091,10,10,AAAAGGGTGGAGAGCTCCGG,0,4925345
ygfS_ygfT_predicted,0.1,9,9,TTTGTGGTGGTCTTACAGGA,0,4913282
ygfS_ygfT_predicted,0.1,9,9,TTTGTAGGCGACATCCGGTT,0,4912576
ygfS_ygfT_predicted,0.1,9,9,TTTCAAACCGCCAGAGGGAG,0,4904623
ygfS_ygfT_predicted,0.1,9,9,TTGTCTTCCCGTATCTCGGT,0,4924792
ygfS_ygfT_predicted,0.1,9,9,TTGTCGTAAGGGAGCAACCG,0,4905585
ygfS_ygfT_predicted,0.1,9,9,TTGTCCCTTACAGGAACAAC,0,4929643
ygfS_ygfT_predicted,0.1,9,9,TTGTAGCCCAGACTGCTGTT,0,4917471
ygfS_ygfT_predicted,0.1,9,9,TTGGTTATTTATGTTTACGG,0,4904442
ygfS_ygfT_predicted,0.1,9,9,TTGGCCACACTGACTCAATC,0,4925539
ygfS_ygfT_predicted,0.1,9,9,TTCTGATACTGTGGAAGGAC,0,4912763
ygfS_ygfT_predicted,0.1,9,9,TTCCGGAGGAAATCGTTTTC,0,4930998
ygfS_ygfT_predicted,0.1,9,9,TTCAAATAAGCCAACAAACT,0,4908299
ygfS_ygfT_predicted,0.1,9,9,TTATGTCATGGAATTCAAGA,0,4919121
ygfS_ygfT_predicted,0.1,9,9,TTAGGGGCCTCGCAATCGAT,0,4924969
ygfS_ygfT_predicted,0.1,9,9,TTACCGAGCGACGGTGACTA,0,4907796
ygfS_ygfT_predicted,0.1,9,9,TTACAAGCCTGCATCCGCAG,0,4908267
ygfS_ygfT_predicted,0.1,9,9,TTAACAACACAGGGTCCTCT,0,4903145
ygfS_ygfT_predicted,0.1,9,9,TGTGTATAGTGCCCTTATGA,0,4930845
ygfS_ygfT_predicted,0.1,9,9,TGGGTCAAAGTGTACCCCGC,0,4931437
ygfS_ygfT_predicted,0.1,9,9,TGGATTTAGCAGGGATTCTT,0,4917489
ygfS_ygfT_predicted,0.1,9,9,TGCTGTTTGAACTGCCAGGA,0,4928145
ygfS_ygfT_predicted,0.1,9,9,TGCCAGGTCCGCCGAAACAG,0,4911001
ygfS_ygfT_predicted,0.1,9,9,TGAGCCATACTCCTTAGCGG,0,4918578
ygfS_ygfT_predicted,0.1,9,9,TGACGTAGTGAATTCTCTTA,0,4903195
ygfS_ygfT_predicted,0.1,9,9,TGACAGTATCCCCAATTGAT,0,4899844
ygfS_ygfT_predicted,0.1,9,9,TCTTCGGAGACCTATGCAGG,0,4921881
ygfS_ygfT_predicted,0.1,9,9,TCTAACCTATCGGGGGCATA,0,4921544
ygfS_ygfT_predicted,0.1,9,9,TCGTGGGTATCTACCGGTAT,0,4911437
ygfS_ygfT_predicted,0.1,9,9,TCGTGGGAGGAGGATGAGTA,0,4924524
ygfS_ygfT_predicted,0.1,9,9,TCGATCTAGCTCGTGTGTCC,0,4909388
ygfS_ygfT_predicted,0.1,9,9,TCCGCCGACTCGGTGTCAGG,0,4905117
ygfS_ygfT_predicted,0.1,9,9,TCCCGCTGGGTAGCCCATGG,0,4903533
ygfS_ygfT_predicted,0.1,9,9,TCCAAATCTGTGACGAGCGG,0,4916281
ygfS_ygfT_predicted,0.1,9,9,TCATGGTCACTGCGACGGCG,0,4917386
ygfS_ygfT_predicted,0.1,9,9,TCATCTCAGGGCTGATATCT,0,4917635
ygfS_ygfT_predicted,0.1,9,9,TCAGTCTAAAGCGGTGTTCT,0,4931174
ygfS_ygfT_predicted,0.1,9,9,TCACCGGAAGTGACTCCTAG,0,4901186
ygfS_ygfT_predicted,0.1,9,9,TCAACGCGATCGAACCTATA,0,4905280
ygfS_ygfT_predicted,0.1,9,9,TCAACGAAGCCATGCTAGCA,0,4900804
ygfS_ygfT_predicted,0.1,9,9,TCAAAATCTTATCAACCTTG,0,4928037
ygfS_ygfT_predicted,0.1,9,9,TATTCGTTAAGTGCCCGATC,0,4927895
ygfS_ygfT_predicted,0.1,9,9,TATTAATGCCTTCGCTTTTG,0,4906192
ygfS_ygfT_predicted,0.1,9,9,TATGGAAACTACCTCAAATT,0,4905362
ygfS_ygfT_predicted,0.1,9,9,TATGAAAATAGGGGATAGAT,0,4921766
ygfS_ygfT_predicted,0.1,9,9,TATACCCAAACTGTGCAGGA,0,4915527
ygfS_ygfT_predicted,0.1,9,9,TAGCTGTTTTCGTGGATCAA,0,4911764
ygfS_ygfT_predicted,0.1,9,9,TACTCTCTCCAGAGAGGCCA,0,4907847
ygfS_ygfT_predicted,0.1,9,9,TACTAGAAACGGCAGGAGAA,0,4906678
ygfS_ygfT_predicted,0.1,9,9,TACGCCTTACCCAAAACAGT,0,4904989
ygfS_ygfT_predicted,0.1,9,9,TACGCCACGCCAGTATTCAG,0,4913233
ygfS_ygfT_predicted,0.1,9,9,TACCGTTCCGGAACCCAATT,0,4905398
ygfS_ygfT_predicted,0.1,9,9,TACCGGGTGCCCAGAGCGAT,0,4906783
ygfS_ygfT_predicted,0.1,9,9,TACCCAACGCGTTTCTGCTC,0,4929219
ygfS_ygfT_predicted,0.1,9,9,TAAAAGGGCACTTAATAACC,0,4917079
ygfS_ygfT_predicted,0.1,9,9,GTTGATCCGGGGATTACGTC,0,4908963
ygfS_ygfT_predicted,0.1,9,9,GTTCAACTAAGTGGGAGAAT,0,4911448
ygfS_ygfT_predicted,0.1,9,9,GTGCTTCGCGACTAATAATC,0,4929035
ygfS_ygfT_predicted,0.1,9,9,GTAGTCTTCTACTCCTACGA,0,4900189
ygfS_ygfT_predicted,0.1,9,9,GTAGGAATATTCGTTAGCCG,0,4903934
ygfS_ygfT_predicted,0.1,9,9,GTACCCGGGCAAAGTTGTTG,0,4905738
ygfS_ygfT_predicted,0.1,9,9,GGTGTAGGGCGATATTTGCC,0,4924337
ygfS_ygfT_predicted,0.1,9,9,GGTGACGGACCAGTCAAGGC,0,4924146
ygfS_ygfT_predicted,0.1,9,9,GGTCCGCAGGATTAATGAGT,0,4924595
ygfS_ygfT_predicted,0.1,9,9,GGTAGGCCCAAGGCGTTATC,0,4918958
ygfS_ygfT_predicted,0.1,9,9,GGTACCCGTAGTGGGCAATG,0,4927236
ygfS_ygfT_predicted,0.1,9,9,GGGTGGCCGGCACTTCTGTA,0,4911960
ygfS_ygfT_predicted,0.1,9,9,GGGGGCATTTAATTTGGAGT,0,4911821
ygfS_ygfT_predicted,0.1,9,9,GGGCAAAATCCTACTAAAGA,0,4901350
ygfS_ygfT_predicted,0.1,9,9,GGGATTTCGGGGCAAAACAA,0,4907738
ygfS_ygfT_predicted,0.1,9,9,GGCTCGTGTGGATCATCGAC,0,4913728
ygfS_ygfT_predicted,0.1,9,9,GGCATGCCGTGGGTAGCTTC,0,4912077
ygfS_ygfT_predicted,0.1,9,9,GGCAAAGCATTAATAAGCGT,0,4909791
ygfS_ygfT_predicted,0.1,9,9,GGATGTGTTAGTGCTAAGGA,0,4905241
ygfS_ygfT_predicted,0.1,9,9,GGAGGAACTCTGCACGTCAT,0,4905413
ygfS_ygfT_predicted,0.1,9,9,GGACGGTTAGGTTCAAACGT,0,4903927
ygfS_ygfT_predicted,0.1,9,9,GGACGCACGCTGCGCAGTTT,0,4901140
ygfS_ygfT_predicted,0.1,9,9,GGACCGGCATCCGTAACCAA,0,4924143
ygfS_ygfT_predicted,0.1,9,9,GGACAATTGAGTACGAGTTT,0,4920071
ygfS_ygfT_predicted,0.1,9,9,GGAAGTAACTGAAGGATAAG,0,4908655
ygfS_ygfT_predicted,0.1,9,9,GCTGATATTAACCTACGATG,0,4927083
ygfS_ygfT_predicted,0.1,9,9,GCGTTAGGTAGGGTCAAGTC,0,4925304
ygfS_ygfT_predicted,0.1,9,9,GCGTATACTTCAGTCCAAAG,0,4902386
ygfS_ygfT_predicted,0.1,9,9,GCGCCGGCATTAGTGATCTA,0,4923149
ygfS_ygfT_predicted,0.1,9,9,GCGAGGGGGGGCTCGGCTCA,0,4916621
ygfS_ygfT_predicted,0.1,9,9,GCGAACCTCAAGTAGTATAA,0,4925760
ygfS_ygfT_predicted,0.1,9,9,GCCTAATCGGTGTCCAGATC,0,4907705
ygfS_ygfT_predicted,0.1,9,9,GCCGTGGAATCACTTTGCAG,0,4911794
ygfS_ygfT_predicted,0.1,9,9,GATTCTACAGCACCGTTTGG,0,4902076
ygfS_ygfT_predicted,0.1,9,9,GATTCGATTAATTCCGGTGT,0,4911528
ygfS_ygfT_predicted,0.1,9,9,GATCTGTCGATTTAGCTCGT,0,4929752
ygfS_ygfT_predicted,0.1,9,9,GATCTCCCCGTCTGTCCAGT,0,4922814
ygfS_ygfT_predicted,0.1,9,9,GATATCTAGCAGCCCGCTGT,0,4912896
ygfS_ygfT_predicted,0.1,9,9,GAGGTATGTAGATGGTACTG,0,4930323
ygfS_ygfT_predicted,0.1,9,9,GAGCGCAAAGCGCACTGTAA,0,4930945
ygfS_ygfT_predicted,0.1,9,9,GACTGGGTTCTAACTGTACA,0,4916318
ygfS_ygfT_predicted,0.1,9,9,GACATCTTGAAATGAATGCG,0,4903989
ygfS_ygfT_predicted,0.1,9,9,GAATCATTCCTGAATCGGGT,0,4909265
ygfS_ygfT_predicted,0.1,9,9,GAAAATTTGAGCGAGGGATC,0,4906002
ygfS_ygfT_predicted,0.1,9,9,CTTCTTTTCTGAGCGATCAG,0,4917006
ygfS_ygfT_predicted,0.1,9,9,CTTAATAACCTCGGGATCTC,0,4912351
ygfS_ygfT_predicted,0.1,9,9,CTGCTCAGCTAGTGCGACGA,0,4914685
ygfS_ygfT_predicted,0.1,9,9,CTGCGCGTCACTGCGGGATT,0,4907889
ygfS_ygfT_predicted,0.1,9,9,CTGCGATTCTACAAGGCATA,0,4906279
ygfS_ygfT_predicted,0.1,9,9,CTGATGAGTCCCGCTACACT,0,4911162
ygfS_ygfT_predicted,0.1,9,9,CTGAGTCTAGGAGCTTTTAA,0,4930307
ygfS_ygfT_predicted,0.1,9,9,CTGAGGGCGTCCGACTTCTG,0,4918712
ygfS_ygfT_predicted,0.1,9,9,CTCTGCCCCAGAGGTTTGAC,0,4915816
ygfS_ygfT_predicted,0.1,9,9,CTCTCATCCATGGGAGCCTA,0,4903513
ygfS_ygfT_predicted,0.1,9,9,CTCGCCTGTACCTTATGCGA,0,4910400
ygfS_ygfT_predicted,0.1,9,9,CTCGATAAATCGATCCGTCT,0,4901206
ygfS_ygfT_predicted,0.1,9,9,CTCGACGTAAGCGAGTAAAG,0,4908740
ygfS_ygfT_predicted,0.1,9,9,CTCCCTAGAGTTAGTCGTCT,0,4920819
ygfS_ygfT_predicted,0.1,9,9,CTAGCGTTTTGGTGCGCGCC,0,4918011
ygfS_ygfT_predicted,0.1,9,9,CTACTGTGATCAGGAGCCTT,0,4928200
ygfS_ygfT_predicted,0.1,9,9,CTACGCAAAGAGCCGTGGCT,0,4922276
ygfS_ygfT_predicted,0.1,9,9,CGTTTAGGTTATTGGGTAAG,0,4913929
ygfS_ygfT_predicted,0.1,9,9,CGTGTCACGAGATAGCTATT,0,4912968
ygfS_ygfT_predicted,0.1,9,9,CGTGGAGGGCAAGTCTGATA,0,4920566
ygfS_ygfT_predicted,0.1,9,9,CGTAATTGTCACCCATGATT,0,4916945
ygfS_ygfT_predicted,0.1,9,9,CGGGCTTGAGGCTTCTCCTA,0,4914947
ygfS_ygfT_predicted,0.1,9,9,CGGAAGCTGGAGACTAGCAA,0,4904118
ygfS_ygfT_predicted,0.1,9,9,CGCTTACGGAACGATCGCCA,0,4915915
ygfS_ygfT_predicted,0.1,9,9,CGCGGTGAACGTTATGTCTC,0,4904511
ygfS_ygfT_predicted,0.1,9,9,CGCGGCTTCACTGAGTCTCC,0,4924354
ygfS_ygfT_predicted,0.1,9,9,CGCAGTCTCTAACGGTTTTA,0,4924830
ygfS_ygfT_predicted,0.1,9,9,CGAGGAGTAGAAAAGATGTG,0,4910701
ygfS_ygfT_predicted,0.1,9,9,CGAACCACGAGACCTGGTTA,0,4916234
ygfS_ygfT_predicted,0.1,9,9,CGAAACAATCCAAGGAGTCT,0,4907522
ygfS_ygfT_predicted,0.1,9,9,CCTTGCGTTTGATCCTCAGC,0,4900226
ygfS_ygfT_predicted,0.1,9,9,CCTTAAAATTTTCTAAGACA,0,4916636
ygfS_ygfT_predicted,0.1,9,9,CCTGATTAGAGGGTGGGGTC,0,4904688
ygfS_ygfT_predicted,0.1,9,9,CCTAGAACCTTAGTAAGGCA,0,4920560
ygfS_ygfT_predicted,0.1,9,9,CCGTCTTTTGGGGCGGTATC,0,4918944
ygfS_ygfT_predicted,0.1,9,9,CCGGTTTGCGGGCACGCCGA,0,4901949
ygfS_ygfT_predicted,0.1,9,9,CCGGTTGCAGTTTAATATAT,0,4908082
ygfS_ygfT_predicted,0.1,9,9,CCGGTGGATCGGAGAGCGTC,0,4906637
ygfS_ygfT_predicted,0.1,9,9,CCGATCGACGACAACCGCCC,0,4919486
ygfS_ygfT_predicted,0.1,9,9,CCGAAGCGGCCAGGCGCCCT,0,4905613
ygfS_ygfT_predicted,0.1,9,9,CCGAAGAAGCGCGCCGCGAG,0,4915149
ygfS_ygfT_predicted,0.1,9,9,CCGAACGGCTCTAACGCTGA,0,4918769
ygfS_ygfT_predicted,0.1,9,9,CCGAAAGGCAATTCGATAGA,0,4922254
ygfS_ygfT_predicted,0.1,9,9,CCCTAGTGAAAACTATCCAG,0,4918069
ygfS_ygfT_predicted,0.1,9,9,CCCGTCCCCAAAATTGGTAC,0,4930639
ygfS_ygfT_predicted,0.1,9,9,CCCGCTGCGGCAACGCCCAA,0,4904370
ygfS_ygfT_predicted,0.1,9,9,CCCCGTAACGCTCCCATACA,0,4924136
ygfS_ygfT_predicted,0.1,9,9,CCCATTAAAGGGGTGCACTC,0,4908264
ygfS_ygfT_predicted,0.1,9,9,CCCACTGATGGACCTCATGG,0,4914352
ygfS_ygfT_predicted,0.1,9,9,CCCAAACTCGAGATCTCTTA,0,4902612
ygfS_ygfT_predicted,0.1,9,9,CCATGCCAAAGGAAACCCTT,0,4907633
ygfS_ygfT_predicted,0.1,9,9,CCAGTTGTAAAGGTACGTAT,0,4916797
ygfS_ygfT_predicted,0.1,9,9,CCAGTACGGACCGTAAGCAA,0,4900730
ygfS_ygfT_predicted,0.1,9,9,CCAGGGATTCACTTGGGCAT,0,4926378
ygfS_ygfT_predicted,0.1,9,9,CCACTTCTAACCCTGAATCC,0,4909515
ygfS_ygfT_predicted,0.1,9,9,CCACGTTCGACAGGCAACAT,0,4917971
ygfS_ygfT_predicted,0.1,9,9,CATACAACCGTCTCTGTACA,0,4905189
ygfS_ygfT_predicted,0.1,9,9,CAGTGCCTACTCTCCGGCCC,0,4916707
ygfS_ygfT_predicted,0.1,9,9,CAGTCGTCAGGAGAGTGGCT,0,4921079
ygfS_ygfT_predicted,0.1,9,9,CAGGATCTACGGCCACATAT,0,4914978
ygfS_ygfT_predicted,0.1,9,9,CAGAGACATACCGGAAGGAG,0,4927692
ygfS_ygfT_predicted,0.1,9,9,CACTCGTGTTTCTATAGGCA,0,4926750
ygfS_ygfT_predicted,0.1,9,9,CACTCAGCGTCGTTAGCATA,0,4922229
ygfS_ygfT_predicted,0.1,9,9,CACGTTGATGGATTAAGCCG,0,4919647
ygfS_ygfT_predicted,0.1,9,9,CACCCCGTATGCGAATGGTT,0,4910424
ygfS_ygfT_predicted,0.1,9,9,CACATAGATCTTTTATCTTT,0,4900873
ygfS_ygfT_predicted,0.1,9,9,CACAGGCTTTACGAGGAAGT,0,4903483
ygfS_ygfT_predicted,0.1,9,9,CAATGAACGGTAGGGTTCTT,0,4918564
ygfS_ygfT_predicted,0.1,9,9,CAAGGGGAAGACGGAGCCTC,0,4916590
ygfS_ygfT_predicted,0.1,9,9,CAAGATTCGTGGGCCGTGTC,0,4908481
ygfS_ygfT_predicted,0.1,9,9,CAACAGGCCCTCCTATCAGA,0,4907482
ygfS_ygfT_predicted,0.1,9,9,ATTGTGGGGCCTATAGACAG,0,4915903
ygfS_ygfT_predicted,0.1,9,9,ATTAGGCAGGACTCCAGGGT,0,4927863
ygfS_ygfT_predicted,0.1,9,9,ATGTGAGGTTAGCATGGGTC,0,4915663
ygfS_ygfT_predicted,0.1,9,9,ATGTATCAGGGACGAGCGTC,0,4929751
ygfS_ygfT_predicted,0.1,9,9,ATGGCACAGCTTCCGCAAAC,0,4908707
ygfS_ygfT_predicted,0.1,9,9,ATGACATACCTGGTGACAAT,0,4906925
ygfS_ygfT_predicted,0.1,9,9,ATGAATAGTCCATTGATGGT,0,4929609
ygfS_ygfT_predicted,0.1,9,9,ATCTAAGGTCAGTTGGTTAA,0,4917410
ygfS_ygfT_predicted,0.1,9,9,ATCGAGGCCGCAGAAGGCTT,0,4913028
ygfS_ygfT_predicted,0.1,9,9,ATCCGCTAAGAGGGCGTGCG,0,4924599
ygfS_ygfT_predicted,0.1,9,9,ATCATTGAGACACAGGTAGA,0,4919272
ygfS_ygfT_predicted,0.1,9,9,ATCATCATAAGAGGGCATGC,0,4902164
ygfS_ygfT_predicted,0.1,9,9,ATCAGTAAGAAACCACAAGT,0,4908719
ygfS_ygfT_predicted,0.1,9,9,ATATCGGTACCGACCAGGAC,0,4906188
ygfS_ygfT_predicted,0.1,9,9,ATACAGTTCCACAAGAAAAG,0,4916765
ygfS_ygfT_predicted,0.1,9,9,AGTGGGCCTATGGACGCAAA,0,4926469
ygfS_ygfT_predicted,0.1,9,9,AGGTAGTGCGCTCTTCCGGC,0,4922956
ygfS_ygfT_predicted,0.1,9,9,AGGAGGACCCAACGTTTTAG,0,4921903
ygfS_ygfT_predicted,0.1,9,9,AGGAACGGTGACGTAGTCCT,0,4925644
ygfS_ygfT_predicted,0.1,9,9,AGCCAATCGCTGGAACCCTT,0,4901536
ygfS_ygfT_predicted,0.1,9,9,AGCACTCATTAGAACGAAAA,0,4919248
ygfS_ygfT_predicted,0.1,9,9,AGATGCAATCGGACTGCCGT,0,4927568
ygfS_ygfT_predicted,0.1,9,9,AGATATTCTAACACCGGTCT,0,4915733
ygfS_ygfT_predicted,0.1,9,9,AGACGATGTATTGTGCTCGT,0,4916283
ygfS_ygfT_predicted,0.1,9,9,ACTTGCGCGGACATTCGGTA,0,4922234
ygfS_ygfT_predicted,0.1,9,9,ACTGTGACAACCATTTGAGG,0,4920327
ygfS_ygfT_predicted,0.1,9,9,ACTGGCGAACACACTGGCAT,0,4926622
ygfS_ygfT_predicted,0.1,9,9,ACTGACACAGGCGTAAAAAT,0,4902615
ygfS_ygfT_predicted,0.1,9,9,ACTCTGCCACTCGGGTCGTG,0,4901126
ygfS_ygfT_predicted,0.1,9,9,ACTCGTTTAGTGTAATGGAT,0,4905298
ygfS_ygfT_predicted,0.1,9,9,ACTATTCCGCCACAACGACT,0,4914643
ygfS_ygfT_predicted,0.1,9,9,ACTAGGGTAGGGCCGGCCCG,0,4902798
ygfS_ygfT_predicted,0.1,9,9,ACGGGACTAGGTACCCTGGA,0,4931439
ygfS_ygfT_predicted,0.1,9,9,ACGCAGATTTTGCAACGTCT,0,4900938
ygfS_ygfT_predicted,0.1,9,9,ACCTGTGGATGAGGACAGAA,0,4906320
ygfS_ygfT_predicted,0.1,9,9,ACCCGTTTGGGTAAGGGGAA,0,4916390
ygfS_ygfT_predicted,0.1,9,9,ACCAACTAAAGACGTGCCCA,0,4915511
ygfS_ygfT_predicted,0.1,9,9,ACCAACCACGTGGCTGTATA,0,4927018
ygfS_ygfT_predicted,0.1,9,9,ACATTTCGCTAATGCGAGGA,0,4925813
ygfS_ygfT_predicted,0.1,9,9,ACATCTTGACTCGGATTTCT,0,4904151
ygfS_ygfT_predicted,0.1,9,9,ACACTGAACAGAGGTGTCTC,0,4903219
ygfS_ygfT_predicted,0.1,9,9,ACACCCGGCCTATTCGTCAC,0,4918368
ygfS_ygfT_predicted,0.1,9,9,ACACAGGTTTGTCTATCGGT,0,4925049
ygfS_ygfT_predicted,0.1,9,9,AATGTCCGGGGGATGCGACC,0,4909285
ygfS_ygfT_predicted,0.1,9,9,AATGCTGCGGCTCGTCGGCT,0,4924490
ygfS_ygfT_predicted,0.1,9,9,AATCCGCCTTATTGGTTCCT,0,4906036
ygfS_ygfT_predicted,0.1,9,9,AATCAATCTGCACTTAAGCA,0,4922259
ygfS_ygfT_predicted,0.1,9,9,AAGTTCGGGCAACTTCCCAA,0,4926821
ygfS_ygfT_predicted,0.1,9,9,AAGGATAGCGAGTAAAGGAA,0,4920483
ygfS_ygfT_predicted,0.1,9,9,AAGATTAAACCAATTGCGAT,0,4910657
ygfS_ygfT_predicted,0.1,9,9,AACTCTGGCATTTCAGGCAT,0,4912738
ygfS_ygfT_predicted,0.1,9,9,AACGCTGATCTCGTATATTA,0,4922403
ygfS_ygfT_predicted,0.1,9,9,AACCTCCTTTGAAAATTCGC,0,4912098
ygfS_ygfT_predicted,0.1,9,9,AACAATAGCCATGGACTCCA,0,4913203
ygfS_ygfT_predicted,0.1,9,9,AAATCTCGCAGGACGGACAA,0,4911992
ygfS_ygfT_predicted,0.1,9,9,AAATAAGGTTGCATGGTGCC,0,4923032
ygfS_ygfT_predicted,0.1,9,9,AAAGATCAGTGCCCCTACAA,0,4902565
ygfS_ygfT_predicted,0.1,9,9,AAAAGTACCTATGGAGCTTT,0,4913824
ygfS_ygfT_predicted,0.1,9,9,AAAAGAGGCGGCCCCCCCGC,0,4913719
ygfS_ygfT_predicted,0.1111111111111111,8,8,TTTTTCTAGTGTGTACCAGT,0,4902009
ygfS_ygfT_predicted,0.1111111111111111,8,8,TTTGTCTACAATATTCTCGG,0,4925549
ygfS_ygfT_predicted,0.1111111111111111,8,8,TTTGTCATCTTCTGTCCTTT,0,4925353
ygfS_ygfT_predicted,0.1111111111111111,8,8,TTTCATTGGGGTCGAAGACT,0,4908334
ygfS_ygfT_predicted,0.1111111111111111,8,8,TTTATTTTGATATCAACGAC,0,4906873
ygfS_ygfT_predicted,0.1111111111111111,8,8,TTTAGGCGTGTGAGCAGGCG,0,4924453
ygfS_ygfT_predicted,0.1111111111111111,8,8,TTGTAGCCTCGCCCCGCCTA,0,4915186
ygfS_ygfT_predicted,0.1111111111111111,8,8,TTGATGCTGTGACGACCGCA,0,4917064
ygfS_ygfT_predicted,0.1111111111111111,8,8,TTGAGGTTATGGGCGGCGAA,0,4921042
ygfS_ygfT_predicted,0.1111111111111111,8,8,TTGACTCGTTGGTCCGGTTA,0,4921143
ygfS_ygfT_predicted,0.1111111111111111,8,8,TTGACTCCCGCGTAGGGTCA,0,4925406
ygfS_ygfT_predicted,0.1111111111111111,8,8,TTCGAGGATGTAGACGGTGT,0,4919875
ygfS_ygfT_predicted,0.1111111111111111,8,8,TTCGACTTAGGGATCAGACA,0,4906802
ygfS_ygfT_predicted,0.1111111111111111,8,8,TTCCGCGATAGGATGTTCGT,0,4923377
ygfS_ygfT_predicted,0.1111111111111111,8,8,TTCCACGCCCTAGAGTGCCA,0,4924593
ygfS_ygfT_predicted,0.1111111111111111,8,8,TTATGTAATTTAGAACCCTT,0,4914940
ygfS_ygfT_predicted,0.1111111111111111,8,8,TTAGGACCGTCAATCACTCA,0,4919691
ygfS_ygfT_predicted,0.1111111111111111,8,8,TTAGCCTCGTCATGGGACGT,0,4914907
ygfS_ygfT_predicted,0.1111111111111111,8,8,TTAAACGGCGCAAATACGAT,0,4909865
ygfS_ygfT_predicted,0.1111111111111111,8,8,TTAAACACTAGATTCTAGAA,0,4906236
ygfS_ygfT_predicted,0.1111111111111111,8,8,TGTTTTGTGCAATCAGTCGT,0,4904748
ygfS_ygfT_predicted,0.1111111111111111,8,8,TGTTTTGCCCCGATGACGTT,0,4908427
ygfS_ygfT_predicted,0.1111111111111111,8,8,TGTGTGGGTTTGAGAGGTAG,0,4901846
ygfS_ygfT_predicted,0.1111111111111111,8,8,TGTGCCAATAAGGTTTGGCA,0,4909313
ygfS_ygfT_predicted,0.1111111111111111,8,8,TGTAGGATCTTAGAATATTG,0,4903894
ygfS_ygfT_predicted,0.1111111111111111,8,8,TGGTGGGGAGTCCTGAGCCT,0,4930500
ygfS_ygfT_predicted,0.1111111111111111,8,8,TGGTCCTGCTGGGCTATCAT,0,4930332
ygfS_ygfT_predicted,0.1111111111111111,8,8,TGGTATACGTGATCGCACCG,0,4922686
ygfS_ygfT_predicted,0.1111111111111111,8,8,TGGCTAGCGTCCGGATGTGC,0,4901941
ygfS_ygfT_predicted,0.1111111111111111,8,8,TGGCAATACATTTTTACTCT,0,4910070
ygfS_ygfT_predicted,0.1111111111111111,8,8,TGCTGTCGGCTTATCTGTCA,0,4924740
ygfS_ygfT_predicted,0.1111111111111111,8,8,TGCTGGGAGTCAGATACCAC,0,4926175
ygfS_ygfT_predicted,0.1111111111111111,8,8,TGCTGATATATCTTCATAGT,0,4905024
ygfS_ygfT_predicted,0.1111111111111111,8,8,TGCGTGGCTAAGCGCGACTG,0,4917999
ygfS_ygfT_predicted,0.1111111111111111,8,8,TGCGTAGCTTGGGTTTCGCA,0,4917152
ygfS_ygfT_predicted,0.1111111111111111,8,8,TGCGTAAAGGCGCCGATTTG,0,4914949
ygfS_ygfT_predicted,0.1111111111111111,8,8,TGCCGTAGTAGAGGCTCCGG,0,4925035
ygfS_ygfT_predicted,0.1111111111111111,8,8,TGCCCCCGAGCCCACAGGAA,0,4900704
ygfS_ygfT_predicted,0.1111111111111111,8,8,TGCATCGCGGGACCATAGTA,0,4923623
ygfS_ygfT_predicted,0.1111111111111111,8,8,TGAATCACCCAGCAGAAATT,0,4916394
ygfS_ygfT_predicted,0.1111111111111111,8,8,TCTTCTGGATCGAGATCTCT,0,4913967
ygfS_ygfT_predicted,0.1111111111111111,8,8,TCTTCGTTTTGTCGGACTCC,0,4902241
ygfS_ygfT_predicted,0.1111111111111111,8,8,TCTGGTACGACTTTTGTTAT,0,4900235
ygfS_ygfT_predicted,0.1111111111111111,8,8,TCTGCCTGTGCCCAGACCAC,0,4901273
ygfS_ygfT_predicted,0.1111111111111111,8,8,TCTATTAAGGTAGCGGCCAT,0,4900403
ygfS_ygfT_predicted,0.1111111111111111,8,8,TCGGATGGTACCTGGTGTAC,0,4924855
ygfS_ygfT_predicted,0.1111111111111111,8,8,TCGCAGACTGTCAATGCAAT,0,4929556
ygfS_ygfT_predicted,0.1111111111111111,8,8,TCGAGTCTGGTCGCGGGATG,0,4917483
ygfS_ygfT_predicted,0.1111111111111111,8,8,TCGACACTGAGGGCAGGGAA,0,4907753
ygfS_ygfT_predicted,0.1111111111111111,8,8,TCCCTTATTTCGTGTACCGA,0,4919790
ygfS_ygfT_predicted,0.1111111111111111,8,8,TCCCTACCGCAAACTTCCCG,0,4904449
ygfS_ygfT_predicted,0.1111111111111111,8,8,TCCCCTCCTGGCCCAGTGCC,0,4907258
ygfS_ygfT_predicted,0.1111111111111111,8,8,TCCATAAGGTCAAGCGGCCC,0,4910200
ygfS_ygfT_predicted,0.1111111111111111,8,8,TCCAGGATTCGTTAGGCGAA,0,4928972
ygfS_ygfT_predicted,0.1111111111111111,8,8,TCAGCTTACTCAGTCAGATG,0,4930101
ygfS_ygfT_predicted,0.1111111111111111,8,8,TCACCCGGGGACTGTATTGC,0,4928129
ygfS_ygfT_predicted,0.1111111111111111,8,8,TCAATGCAAGTCCTCACAGG,0,4924877
ygfS_ygfT_predicted,0.1111111111111111,8,8,TCAACGGAGACACGACTTAA,0,4929406
ygfS_ygfT_predicted,0.1111111111111111,8,8,TCAACCGGAGCGTTTAGATA,0,4907862
ygfS_ygfT_predicted,0.1111111111111111,8,8,TATTTGGCCAAAACGAAGAC,0,4920462
ygfS_ygfT_predicted,0.1111111111111111,8,8,TATCCCATTAAGGCAAGTCA,0,4922740
ygfS_ygfT_predicted,0.1111111111111111,8,8,TATATATGCGTAGATTTCTG,0,4903039
ygfS_ygfT_predicted,0.1111111111111111,8,8,TATAGTGAACATAGGAGTGA,0,4919997
ygfS_ygfT_predicted,0.1111111111111111,8,8,TATAGCATCACGGTGTCTGT,0,4911627
ygfS_ygfT_predicted,0.1111111111111111,8,8,TATACCGGTTCTGGAACACA,0,4916827
ygfS_ygfT_predicted,0.1111111111111111,8,8,TATAAACCTTGATTGTTTTA,0,4908257
ygfS_ygfT_predicted,0.1111111111111111,8,8,TAGGCTTGTAGCCTATCAAG,0,4904570
ygfS_ygfT_predicted,0.1111111111111111,8,8,TAGCCCCGTACCACAGCTGA,0,4931336
ygfS_ygfT_predicted,0.1111111111111111,8,8,TAGCAGGTCCTTGTCATACT,0,4924864
ygfS_ygfT_predicted,0.1111111111111111,8,8,TACTCTGCCCTAGGGAAGTC,0,4900923
ygfS_ygfT_predicted,0.1111111111111111,8,8,TACGTCGATAGTACTCACGG,0,4908130
ygfS_ygfT_predicted,0.1111111111111111,8,8,TACGATTGTCTACAGTAGGT,0,4919681
ygfS_ygfT_predicted,0.1111111111111111,8,8,TACCTATTACGGTAGCGGCA,0,4928278
ygfS_ygfT_predicted,0.1111111111111111,8,8,TACCAGAGCTATCACAATTT,0,4908485
ygfS_ygfT_predicted,0.1111111111111111,8,8,TACAACGCAACTTGTAAGTT,0,4925669
ygfS_ygfT_predicted,0.1111111111111111,8,8,TACAAATTCCGAAGACCGTT,0,4900861
ygfS_ygfT_predicted,0.1111111111111111,8,8,TAAGGCTACGTAGAGGTCGT,0,4927054
ygfS_ygfT_predicted,0.1111111111111111,8,8,TAACCGCACCATTCCATCGG,0,4921803
ygfS_ygfT_predicted,0.1111111111111111,8,8,TAAAGTCCCAATTCGGGTCC,0,4914595
ygfS_ygfT_predicted,0.1111111111111111,8,8,TAAAGGGTACGGGGCGGCGG,0,4915869
ygfS_ygfT_predicted,0.1111111111111111,8,8,TAAAAGTCTAGTATGAGCTG,0,4914006
ygfS_ygfT_predicted,0.1111111111111111,8,8,TAAAACGGGATGATGTTTCT,0,4905097
ygfS_ygfT_predicted,0.1111111111111111,8,8,GTTCTTGTCTCTGCTAGTGT,0,4906569
ygfS_ygfT_predicted,0.1111111111111111,8,8,GTTCGCGGTTTTTACGAGGG,0,4923752
ygfS_ygfT_predicted,0.1111111111111111,8,8,GTTCGAATATCCTTAACTCA,0,4909258
ygfS_ygfT_predicted,0.1111111111111111,8,8,GTGTCTTTCCAATAGTTTGC,0,4919361
ygfS_ygfT_predicted,0.1111111111111111,8,8,GTGGTCATGCAGCCGCTGCT,0,4906520
ygfS_ygfT_predicted,0.1111111111111111,8,8,GTGGGTAGAGGATGCGAGAT,0,4900791
ygfS_ygfT_predicted,0.1111111111111111,8,8,GTGCTACGATGTTATGCTCA,0,4900774
ygfS_ygfT_predicted,0.1111111111111111,8,8,GTGCGCATGTGGGTTGTTCG,0,4905827
ygfS_ygfT_predicted,0.1111111111111111,8,8,GTGATGCCGGGTGATAGATG,0,4921915
ygfS_ygfT_predicted,0.1111111111111111,8,8,GTGAGATCGACGAAAAGGAT,0,4908923
ygfS_ygfT_predicted,0.1111111111111111,8,8,GTCTGTTTTGACAGTACACA,0,4901969
ygfS_ygfT_predicted,0.1111111111111111,8,8,GTCTGCTCCGCGGGTCTCAC,0,4921557
ygfS_ygfT_predicted,0.1111111111111111,8,8,GTCTACTAATAGCATGATCT,0,4905959
ygfS_ygfT_predicted,0.1111111111111111,8,8,GTCGGGGTTTGCGGCGCGTG,0,4909067
ygfS_ygfT_predicted,0.1111111111111111,8,8,GTATGGAGGTTGATGCATAA,0,4919374
ygfS_ygfT_predicted,0.1111111111111111,8,8,GTAGGATCTCTCTGAGTTTA,0,4919443
ygfS_ygfT_predicted,0.1111111111111111,8,8,GTACTATACTTGGCCTTCTC,0,4918424
ygfS_ygfT_predicted,0.1111111111111111,8,8,GTAAGTCTCTTCAATGATCT,0,4921641
ygfS_ygfT_predicted,0.1111111111111111,8,8,GTAAGTAAACCCCCGCGTGT,0,4900985
ygfS_ygfT_predicted,0.1111111111111111,8,8,GGTTTCGAGGCTGCAAGCCG,0,4925519
ygfS_ygfT_predicted,0.1111111111111111,8,8,GGTTTCCGAGTAGAAGACAT,0,4902106
ygfS_ygfT_predicted,0.1111111111111111,8,8,GGTTATGCACCGACTAAGGG,0,4899712
ygfS_ygfT_predicted,0.1111111111111111,8,8,GGTCGGCGTGCAGAGATGTC,0,4929654
ygfS_ygfT_predicted,0.1111111111111111,8,8,GGTCATACCGAATTTGGGGC,0,4923863
ygfS_ygfT_predicted,0.1111111111111111,8,8,GGGTTCATGAAGTAAGATTA,0,4922542
ygfS_ygfT_predicted,0.1111111111111111,8,8,GGGTCATTCCTGCGAACATG,0,4924619
ygfS_ygfT_predicted,0.1111111111111111,8,8,GGGTAACCAACAATTGTTGC,0,4927588
ygfS_ygfT_predicted,0.1111111111111111,8,8,GGGGGTGATAATCAATCACT,0,4915618
ygfS_ygfT_predicted,0.1111111111111111,8,8,GGGGGGTGACGCTTGAGTTG,0,4914135
ygfS_ygfT_predicted,0.1111111111111111,8,8,GGGCTTCGTGAGTATCGGAT,0,4908628
ygfS_ygfT_predicted,0.1111111111111111,8,8,GGGCTACTACGATGCGCTTA,0,4912279
ygfS_ygfT_predicted,0.1111111111111111,8,8,GGCGGTCATGGGACACATGT,0,4927201
ygfS_ygfT_predicted,0.1111111111111111,8,8,GGCAGTCTAGCATTGGTACT,0,4909803
ygfS_ygfT_predicted,0.1111111111111111,8,8,GGATGGCCATATCGCCCCGA,0,4905803
ygfS_ygfT_predicted,0.1111111111111111,8,8,GGAGGGCGATCAACTGGTCA,0,4930147
ygfS_ygfT_predicted,0.1111111111111111,8,8,GGACTTTATAAGGGTATGGC,0,4908613
ygfS_ygfT_predicted,0.1111111111111111,8,8,GGAATGGGAGTTGTTTTTAA,0,4901189
ygfS_ygfT_predicted,0.1111111111111111,8,8,GGAAGACAGGGAGTCAAGCT,0,4911555
ygfS_ygfT_predicted,0.1111111111111111,8,8,GGAACGGTTAGATACTGTAC,0,4919796
ygfS_ygfT_predicted,0.1111111111111111,8,8,GGAAAAGGCTGCTAAGTGCT,0,4910193
ygfS_ygfT_predicted,0.1111111111111111,8,8,GCTTGGCAAGATGTGTACCA,0,4913376
ygfS_ygfT_predicted,0.1111111111111111,8,8,GCTGCGGCAGTTCCTGTGCG,0,4917850
ygfS_ygfT_predicted,0.1111111111111111,8,8,GCTCAGAGTAGGTTTTTACA,0,4929091
ygfS_ygfT_predicted,0.1111111111111111,8,8,GCTATACAATAGGTAAGAGC,0,4914529
ygfS_ygfT_predicted,0.1111111111111111,8,8,GCTAATAGTTCATCCGCGAG,0,4915963
ygfS_ygfT_predicted,0.1111111111111111,8,8,GCGTGCTAGGAGTCATGACT,0,4928712
ygfS_ygfT_predicted,0.1111111111111111,8,8,GCGGACAAAGAGAAGGGCTG,0,4904364
ygfS_ygfT_predicted,0.1111111111111111,8,8,GCGCAAGTAGGATAAAGGAA,0,4916315
ygfS_ygfT_predicted,0.1111111111111111,8,8,GCCGTCAAGACGGGGCGGAT,0,4907123
ygfS_ygfT_predicted,0.1111111111111111,8,8,GCCGCTCTCCACCGATAAAA,0,4916172
ygfS_ygfT_predicted,0.1111111111111111,8,8,GCCCTTACGTGGGAGCAATC,0,4914257
ygfS_ygfT_predicted,0.1111111111111111,8,8,GCCCTCTCCAAGATACGAGT,0,4922625
ygfS_ygfT_predicted,0.1111111111111111,8,8,GCCCGGTCCAGGACTCGTCT,0,4906283
ygfS_ygfT_predicted,0.1111111111111111,8,8,GCCCAGATATGGGCGCGGTT,0,4919294
ygfS_ygfT_predicted,0.1111111111111111,8,8,GCAGGGTCCCTACGAAATAT,0,4909945
ygfS_ygfT_predicted,0.1111111111111111,8,8,GCAGAATCAGGTCTTACGAT,0,4922098
ygfS_ygfT_predicted,0.1111111111111111,8,8,GCACTAAAAGAGACGGAACT,0,4910646
ygfS_ygfT_predicted,0.1111111111111111,8,8,GCACATAAGTCTCTGCAGTG,0,4900767
ygfS_ygfT_predicted,0.1111111111111111,8,8,GATTTGGAACACCTTGAGGT,0,4915734
ygfS_ygfT_predicted,0.1111111111111111,8,8,GATTACCGTGTATAGTATCA,0,4901775
ygfS_ygfT_predicted,0.1111111111111111,8,8,GATGAGGGGTAACTTCACGA,0,4910395
ygfS_ygfT_predicted,0.1111111111111111,8,8,GAGGTCCGAATACTGGCCCC,0,4914925
ygfS_ygfT_predicted,0.1111111111111111,8,8,GAGAGGGCCAGACTGGGCAT,0,4900456
ygfS_ygfT_predicted,0.1111111111111111,8,8,GACGAGGGGGTACATAGGAG,0,4920974
ygfS_ygfT_predicted,0.1111111111111111,8,8,GACCTTCTTGCCCGATACAT,0,4921518
ygfS_ygfT_predicted,0.1111111111111111,8,8,GACCTCCGCGATGTAGCAGA,0,4913730
ygfS_ygfT_predicted,0.1111111111111111,8,8,GACACCCAAGTAAACGGAAC,0,4901234
ygfS_ygfT_predicted,0.1111111111111111,8,8,GACACAAGATCATCTGAGGC,0,4918144
ygfS_ygfT_predicted,0.1111111111111111,8,8,GAAGTTATTTTCAATAGGTA,0,4920373
ygfS_ygfT_predicted,0.1111111111111111,8,8,GAAGAGCTACATTGAGCCTT,0,4921265
ygfS_ygfT_predicted,0.1111111111111111,8,8,GAAATAGGCTCAACGTATGG,0,4917236
ygfS_ygfT_predicted,0.1111111111111111,8,8,CTTTAGCCATGTGGACTTGG,0,4913297
ygfS_ygfT_predicted,0.1111111111111111,8,8,CTTGAGGATCGTACAGCCGT,0,4902497
ygfS_ygfT_predicted,0.1111111111111111,8,8,CTTCTAAGGCGTGATCCAGT,0,4902847
ygfS_ygfT_predicted,0.1111111111111111,8,8,CTTAGGCTAGATTAGTATGC,0,4900785
ygfS_ygfT_predicted,0.1111111111111111,8,8,CTGTAAATTCCACTATAGGG,0,4913176
ygfS_ygfT_predicted,0.1111111111111111,8,8,CTGGTACGCCGTAGCCTTGG,0,4910820
ygfS_ygfT_predicted,0.1111111111111111,8,8,CTGGATGGGAACACGCTTAC,0,4906063
ygfS_ygfT_predicted,0.1111111111111111,8,8,CTGCGTATCCGGATGCTCGA,0,4900118
ygfS_ygfT_predicted,0.1111111111111111,8,8,CTGCGAGGACGAAGGGGGAA,0,4927256
ygfS_ygfT_predicted,0.1111111111111111,8,8,CTGATTCGTGCCAAAGCTGA,0,4918628
ygfS_ygfT_predicted,0.1111111111111111,8,8,CTGAGATTGGCAGGGCCTAG,0,4930246
ygfS_ygfT_predicted,0.1111111111111111,8,8,CTCTCGGTCCGGCGGTACGA,0,4908896
ygfS_ygfT_predicted,0.1111111111111111,8,8,CTCCTGGGGTTCCATTAGAG,0,4904887
ygfS_ygfT_predicted,0.1111111111111111,8,8,CTCCGTCCTCGTCTCGCGAT,0,4909086
ygfS_ygfT_predicted,0.1111111111111111,8,8,CTCCCGGTGGTCCTCACGTA,0,4909580
ygfS_ygfT_predicted,0.1111111111111111,8,8,CTCCAGTGCCTATCACACTG,0,4920481
ygfS_ygfT_predicted,0.1111111111111111,8,8,CTCACGTTGCGATGGTAGTG,0,4907682
ygfS_ygfT_predicted,0.1111111111111111,8,8,CTATTAGTTGATACGCGTCA,0,4909428
ygfS_ygfT_predicted,0.1111111111111111,8,8,CTATGGTCGTGAGCACTGCG,0,4912761
ygfS_ygfT_predicted,0.1111111111111111,8,8,CTAGAAGATCTCCACATCAT,0,4926609
ygfS_ygfT_predicted,0.1111111111111111,8,8,CGTTTATATGTAAGCCCTGC,0,4925146
ygfS_ygfT_predicted,0.1111111111111111,8,8,CGTTGAAGGTGATCACCGAC,0,4903051
ygfS_ygfT_predicted,0.1111111111111111,8,8,CGTAATAGATTTCAACACAT,0,4914057
ygfS_ygfT_predicted,0.1111111111111111,8,8,CGGTGGAGGTTGCGATCTAA,0,4927683
ygfS_ygfT_predicted,0.1111111111111111,8,8,CGGGGTGTGGAGTTGCCTTT,0,4919038
ygfS_ygfT_predicted,0.1111111111111111,8,8,CGGGAGCGTGGCGAGTCTTG,0,4927259
ygfS_ygfT_predicted,0.1111111111111111,8,8,CGGCCCCGCTAAAGGCGTCA,0,4910981
ygfS_ygfT_predicted,0.1111111111111111,8,8,CGCTCTAAGTTACAGCGCGC,0,4917935
ygfS_ygfT_predicted,0.1111111111111111,8,8,CGCGTCAGAACCTGCGCATC,0,4924520
ygfS_ygfT_predicted,0.1111111111111111,8,8,CGCATGAAGTGGCTGAATGC,0,4904222
ygfS_ygfT_predicted,0.1111111111111111,8,8,CGCACAAACCAACCATAGCA,0,4912820
ygfS_ygfT_predicted,0.1111111111111111,8,8,CGAGGAGCAGGACCTCCGAC,0,4903779
ygfS_ygfT_predicted,0.1111111111111111,8,8,CGACGCCGGCCGTACCCAGG,0,4915128
ygfS_ygfT_predicted,0.1111111111111111,8,8,CGACACACTTCGATTAATTC,0,4923669
ygfS_ygfT_predicted,0.1111111111111111,8,8,CGAACTAGGGGCGCCCCTGA,0,4921527
ygfS_ygfT_predicted,0.1111111111111111,8,8,CCTTAAGCGAGGCCCTACGA,0,4921879
ygfS_ygfT_predicted,0.1111111111111111,8,8,CCTGCGATAGTAATTGGGTC,0,4901108
ygfS_ygfT_predicted,0.1111111111111111,8,8,CCTCTACGCAAATGAGTTCG,0,4926147
ygfS_ygfT_predicted,0.1111111111111111,8,8,CCTCGCTGCTGCAGTTAGCG,0,4912903
ygfS_ygfT_predicted,0.1111111111111111,8,8,CCTATGGGGATGTAAGCAAC,0,4928217
ygfS_ygfT_predicted,0.1111111111111111,8,8,CCTAGAGAGCCAAGTGGATT,0,4911632
ygfS_ygfT_predicted,0.1111111111111111,8,8,CCTAATTAACAGTCACTAAA,0,4902113
ygfS_ygfT_predicted,0.1111111111111111,8,8,CCTAAGTACTACACGATGTT,0,4908911
ygfS_ygfT_predicted,0.1111111111111111,8,8,CCTAAAGCAAGCGGACCGTC,0,4910663
ygfS_ygfT_predicted,0.1111111111111111,8,8,CCGTGGGTAGGGTTGGAATT,0,4903987
ygfS_ygfT_predicted,0.1111111111111111,8,8,CCGGGTGGGTCGAGTGAGTC,0,4919581
ygfS_ygfT_predicted,0.1111111111111111,8,8,CCGGCTCGGACTCTGACGTG,0,4927252
ygfS_ygfT_predicted,0.1111111111111111,8,8,CCGCCACTCCACACGAAAAA,0,4926061
ygfS_ygfT_predicted,0.1111111111111111,8,8,CCCTGATTGAGGCCGCATGC,0,4922079
ygfS_ygfT_predicted,0.1111111111111111,8,8,CCCGCGTTCCTGGGCTGTGA,0,4901508
ygfS_ygfT_predicted,0.1111111111111111,8,8,CCCGCCCTCACGCGCTTCTA,0,4926468
ygfS_ygfT_predicted,0.1111111111111111,8,8,CCCCTAGGCTACAGTTACAT,0,4917546
ygfS_ygfT_predicted,0.1111111111111111,8,8,CCATGGTGCGGCTATGGGGA,0,4902927
ygfS_ygfT_predicted,0.1111111111111111,8,8,CCAGCATGACGAGGACCTAA,0,4907202
ygfS_ygfT_predicted,0.1111111111111111,8,8,CATGGGAAAGCACATCGCTA,0,4925537
ygfS_ygfT_predicted,0.1111111111111111,8,8,CATGCCCGTTTGCTTTCATC,0,4917485
ygfS_ygfT_predicted,0.1111111111111111,8,8,CATCTGGCATTGGCACTTAG,0,4922060
ygfS_ygfT_predicted,0.1111111111111111,8,8,CATCGGACGCGGGTGCGAAA,0,4917824
ygfS_ygfT_predicted,0.1111111111111111,8,8,CAGTTTGAAGCAAGGTGGGG,0,4924881
ygfS_ygfT_predicted,0.1111111111111111,8,8,CAGTACTTTATGAATTGCCA,0,4901979
ygfS_ygfT_predicted,0.1111111111111111,8,8,CAGGGCCGAGGCCCACTTCC,0,4908102
ygfS_ygfT_predicted,0.1111111111111111,8,8,CAGCCTCGGTCTTGACAGAT,0,4916917
ygfS_ygfT_predicted,0.1111111111111111,8,8,CAGATTACAACTTGTCCTCG,0,4902239
ygfS_ygfT_predicted,0.1111111111111111,8,8,CACGGGCAGAGTATATCGGC,0,4916255
ygfS_ygfT_predicted,0.1111111111111111,8,8,CACAAGGCAAAGCCCCAGGA,0,4904837
ygfS_ygfT_predicted,0.1111111111111111,8,8,CAATGGCGAGTAGGTACCTA,0,4922577
ygfS_ygfT_predicted,0.1111111111111111,8,8,CAATGATTGAATGTCCTCAA,0,4929017
ygfS_ygfT_predicted,0.1111111111111111,8,8,CAATAGTCGTAACGACTGAG,0,4908053
ygfS_ygfT_predicted,0.1111111111111111,8,8,CAATAAGTTTTGTAGAGCAA,0,4902378
ygfS_ygfT_predicted,0.1111111111111111,8,8,CAACTGTAGGTATCGACGGC,0,4924887
ygfS_ygfT_predicted,0.1111111111111111,8,8,CAACGGGGGTTGGTGTTTAT,0,4903788
ygfS_ygfT_predicted,0.1111111111111111,8,8,CAACACTATCGAACATTCCT,0,4908578
ygfS_ygfT_predicted,0.1111111111111111,8,8,ATTTGATATGTCTGTGGGTC,0,4909301
ygfS_ygfT_predicted,0.1111111111111111,8,8,ATTCACAGTATGCGAGTTAT,0,4912081
ygfS_ygfT_predicted,0.1111111111111111,8,8,ATGTGTAAAGCTTCCATGCA,0,4925091
ygfS_ygfT_predicted,0.1111111111111111,8,8,ATGTGGCACATTCTGAGCGG,0,4917595
ygfS_ygfT_predicted,0.1111111111111111,8,8,ATGGCAGGTGTCTTCCCCCC,0,4902809
ygfS_ygfT_predicted,0.1111111111111111,8,8,ATGGAATGTTGTGATCTGGT,0,4919192
ygfS_ygfT_predicted,0.1111111111111111,8,8,ATGCTAAGGACAATTTGCTC,0,4906370
ygfS_ygfT_predicted,0.1111111111111111,8,8,ATCGGCGCGCGCATAAGACC,0,4905675
ygfS_ygfT_predicted,0.1111111111111111,8,8,ATCCTCATAACCACATCCGT,0,4900703
ygfS_ygfT_predicted,0.1111111111111111,8,8,ATCCATGGTCGGCTTCACAC,0,4923735
ygfS_ygfT_predicted,0.1111111111111111,8,8,ATCACTTGTGGCAGAACCGC,0,4900454
ygfS_ygfT_predicted,0.1111111111111111,8,8,ATATTTTCTAGTACGCATGA,0,4914105
ygfS_ygfT_predicted,0.1111111111111111,8,8,ATACGACATGTACGCGGGGC,0,4905236
ygfS_ygfT_predicted,0.1111111111111111,8,8,ATACCACCATCAAGATGGCC,0,4920619
ygfS_ygfT_predicted,0.1111111111111111,8,8,AGTTTTCGCTCACCATGACG,0,4922651
ygfS_ygfT_predicted,0.1111111111111111,8,8,AGTTTATGCTATGTGACGAA,0,4907451
ygfS_ygfT_predicted,0.1111111111111111,8,8,AGTGTACATCCAATCAACAT,0,4922595
ygfS_ygfT_predicted,0.1111111111111111,8,8,AGTGGCTGCAAAATGGTCTC,0,4911824
ygfS_ygfT_predicted,0.1111111111111111,8,8,AGTCCCCACTTGATGTTGTA,0,4915766
ygfS_ygfT_predicted,0.1111111111111111,8,8,AGTATTTGCCGCAGTTCGTG,0,4924650
ygfS_ygfT_predicted,0.1111111111111111,8,8,AGTATGAGGATTCGGGGCGC,0,4907909
ygfS_ygfT_predicted,0.1111111111111111,8,8,AGTATAAACGCTATTGTGTC,0,4916799
ygfS_ygfT_predicted,0.1111111111111111,8,8,AGTAGGGCGTGGTTCTTTCT,0,4903412
ygfS_ygfT_predicted,0.1111111111111111,8,8,AGTACAATGTAGTTCTAGTG,0,4914452
ygfS_ygfT_predicted,0.1111111111111111,8,8,AGGTCGCATACGGCAATCAG,0,4904207
ygfS_ygfT_predicted,0.1111111111111111,8,8,AGGTCAGCCAGCAGGGCGCT,0,4907279
ygfS_ygfT_predicted,0.1111111111111111,8,8,AGGGCAAGACTTATTCACCA,0,4902783
ygfS_ygfT_predicted,0.1111111111111111,8,8,AGGCGTTTATACTAAGGCGG,0,4915294
ygfS_ygfT_predicted,0.1111111111111111,8,8,AGGCCGGTCCGGCCTTCGAG,0,4922341
ygfS_ygfT_predicted,0.1111111111111111,8,8,AGGAGTGAGGAGCCAGAAAA,0,4927817
ygfS_ygfT_predicted,0.1111111111111111,8,8,AGGAAGAGGTTGCGAGACGG,0,4905425
ygfS_ygfT_predicted,0.1111111111111111,8,8,AGCTCATGCCCCACTCCGAA,0,4928528
ygfS_ygfT_predicted,0.1111111111111111,8,8,AGCCCTGTGCACCGGTCGCA,0,4911935
ygfS_ygfT_predicted,0.1111111111111111,8,8,AGCACGTGGCTAGATTCAGT,0,4914664
ygfS_ygfT_predicted,0.1111111111111111,8,8,AGATGAGCTGGCTCTCCTTG,0,4911986
ygfS_ygfT_predicted,0.1111111111111111,8,8,AGATCGCAAGACGTTGAAAG,0,4905913
ygfS_ygfT_predicted,0.1111111111111111,8,8,AGAGTTCTCTGGTTCCGTAA,0,4907275
ygfS_ygfT_predicted,0.1111111111111111,8,8,AGAGCTTATACGGCCGTACT,0,4910730
ygfS_ygfT_predicted,0.1111111111111111,8,8,AGACCAATACAAATTACCAA,0,4907899
ygfS_ygfT_predicted,0.1111111111111111,8,8,AGAAGCGGTGCTCACACTGT,0,4904691
ygfS_ygfT_predicted,0.1111111111111111,8,8,AGAAGATTAGCGTTATCAGG,0,4913857
ygfS_ygfT_predicted,0.1111111111111111,8,8,AGAACGTCCCCTTGTAGCTT,0,4929150
ygfS_ygfT_predicted,0.1111111111111111,8,8,AGAAACCCTACCAATTTCCC,0,4905651
ygfS_ygfT_predicted,0.1111111111111111,8,8,ACTTCAAGGGATGAATGAAT,0,4927512
ygfS_ygfT_predicted,0.1111111111111111,8,8,ACTCGAGTAGTTTGGCACTG,0,4903374
ygfS_ygfT_predicted,0.1111111111111111,8,8,ACGGCCTAGCATGGCCATAA,0,4929994
ygfS_ygfT_predicted,0.1111111111111111,8,8,ACGCATCAAGTTATCAAAAG,0,4908837
ygfS_ygfT_predicted,0.1111111111111111,8,8,ACGAAACCTTCATAGTGTCG,0,4927650
ygfS_ygfT_predicted,0.1111111111111111,8,8,ACCTAGCGCGACGAATGCTG,0,4919207
ygfS_ygfT_predicted,0.1111111111111111,8,8,ACCCGTCCGAATTTGCACTT,0,4922969
ygfS_ygfT_predicted,0.1111111111111111,8,8,ACATACAGTGTGGGCCATTA,0,4907800
ygfS_ygfT_predicted,0.1111111111111111,8,8,ACAGGCCAGCGGATCGGCCC,0,4912332
ygfS_ygfT_predicted,0.1111111111111111,8,8,ACACGAGTTTCGAAAGACGT,0,4918786
ygfS_ygfT_predicted,0.1111111111111111,8,8,ACAATTCCTTTTCGGCGCTC,0,4904485
ygfS_ygfT_predicted,0.1111111111111111,8,8,ACAATAGTGCCTCTATTTCT,0,4920589
ygfS_ygfT_predicted,0.1111111111111111,8,8,ACAAGGGGTTGACATTTAGA,0,4899981
ygfS_ygfT_predicted,0.1111111111111111,8,8,AATTTATGATTCTATTAACA,0,4918406
ygfS_ygfT_predicted,0.1111111111111111,8,8,AATTCGTTTAGTCCTTAAGC,0,4900652
ygfS_ygfT_predicted,0.1111111111111111,8,8,AATGTACAACTCGGGAAAGC,0,4914802
ygfS_ygfT_predicted,0.1111111111111111,8,8,AATCTAGAGCTTTGCTTTAG,0,4904644
ygfS_ygfT_predicted,0.1111111111111111,8,8,AATAGTCCTGTGCGGGGGCA,0,4913045
ygfS_ygfT_predicted,0.1111111111111111,8,8,AATACAACTTGGCTACGGAA,0,4921450
ygfS_ygfT_predicted,0.1111111111111111,8,8,AATAAGAAACTTATGAATCG,0,4924124
ygfS_ygfT_predicted,0.1111111111111111,8,8,AATAACGCGTCTCAGGCATG,0,4913053
ygfS_ygfT_predicted,0.1111111111111111,8,8,AAGCAATAAACCGACATCAT,0,4928574
ygfS_ygfT_predicted,0.1111111111111111,8,8,AAGATGGTGGCATCCTAGGA,0,4916653
ygfS_ygfT_predicted,0.1111111111111111,8,8,AAGATCTTAGGTCTCTGGGT,0,4903637
ygfS_ygfT_predicted,0.1111111111111111,8,8,AAGAGGTAACTGGCAATCTA,0,4916941
ygfS_ygfT_predicted,0.1111111111111111,8,8,AAGAGGTAAAGTTGGTAGTA,0,4909819
ygfS_ygfT_predicted,0.1111111111111111,8,8,AAGAAGTGTTCAGGGAAGTG,0,4905308
ygfS_ygfT_predicted,0.1111111111111111,8,8,AACTTTTCACAGGAGGAAAT,0,4919921
ygfS_ygfT_predicted,0.1111111111111111,8,8,AACTTAAATGGGGCATTCGG,0,4906501
ygfS_ygfT_predicted,0.1111111111111111,8,8,AACCCAACCTGAGGGTAGGG,0,4906740
ygfS_ygfT_predicted,0.1111111111111111,8,8,AACCAACCTAGAAAAAGTTT,0,4923577
ygfS_ygfT_predicted,0.1111111111111111,8,8,AACAATCTGCGCCACACGAT,0,4911390
ygfS_ygfT_predicted,0.1111111111111111,8,8,AACAAATGGTCGGAGTATAG,0,4909243
ygfS_ygfT_predicted,0.1111111111111111,8,8,AAAGGTTAGGCAAGAAGGGG,0,4920280
ygfS_ygfT_predicted,0.1111111111111111,8,8,AAACGGCCTCGGATCCTGCA,0,4922033
ygfS_ygfT_predicted,0.1111111111111111,8,8,AAAACCTTCGAACAGAGGTG,0,4916515
ygfS_ygfT_predicted,0.125,7,7,TTTTGACAATTCGCTTCGTT,0,4905940
ygfS_ygfT_predicted,0.125,7,7,TTTTCGTATTTCAACATATG,0,4930611
ygfS_ygfT_predicted,0.125,7,7,TTTTCCGATTTGGAACATCG,0,4906429
ygfS_ygfT_predicted,0.125,7,7,TTTGCTATTGGGCATAAGTG,0,4922407
ygfS_ygfT_predicted,0.125,7,7,TTTCTGACGGTAACATGCTT,0,4927702
ygfS_ygfT_predicted,0.125,7,7,TTTCGGTGAGGTAGGGGATA,0,4916624
ygfS_ygfT_predicted,0.125,7,7,TTGTTTCGCTACCCGTCTGC,0,4907406
ygfS_ygfT_predicted,0.125,7,7,TTGTTATAAGAAACGGGGCA,0,4900556
ygfS_ygfT_predicted,0.125,7,7,TTGTACAACATGATTGCGTC,0,4928325
ygfS_ygfT_predicted,0.125,7,7,TTGGTCAGCTGCTCCGCTAA,0,4907624
ygfS_ygfT_predicted,0.125,7,7,TTGGACAAAGTGGTTAGTGT,0,4906681
ygfS_ygfT_predicted,0.125,7,7,TTGACTTATGGCAAAGACAC,0,4909517
ygfS_ygfT_predicted,0.125,7,7,TTGAAGGCTGCGTACGTCCA,0,4926723
ygfS_ygfT_predicted,0.125,7,7,TTCTAACGTAAGGCCAGAAT,0,4911136
ygfS_ygfT_predicted,0.125,7,7,TTCGGGGCCAACAGGTATTT,0,4909687
ygfS_ygfT_predicted,0.125,7,7,TTCGCCCCATAGGGCGTTCA,0,4927193
ygfS_ygfT_predicted,0.125,7,7,TTCGATTACGTTTAGATCGT,0,4916090
ygfS_ygfT_predicted,0.125,7,7,TTCCCTCTCGGCTCCTTGAC,0,4924292
ygfS_ygfT_predicted,0.125,7,7,TTCATTGAAAAGAGCAAGAG,0,4923749
ygfS_ygfT_predicted,0.125,7,7,TTCATACGCTAGGGAGTGTT,0,4911235
ygfS_ygfT_predicted,0.125,7,7,TTCAGGTCTGCTTAATAATA,0,4918678
ygfS_ygfT_predicted,0.125,7,7,TTATCGCGGGGGGGAGTTAC,0,4929256
ygfS_ygfT_predicted,0.125,7,7,TTATATTCGCTCGGTAGGAT,0,4909926
ygfS_ygfT_predicted,0.125,7,7,TTATATGAGTGACTACGAGC,0,4918141
ygfS_ygfT_predicted,0.125,7,7,TTAGGTACACGGTATAAGAG,0,4920399
ygfS_ygfT_predicted,0.125,7,7,TTAGGCGCCACTCTCGCTCA,0,4928863
ygfS_ygfT_predicted,0.125,7,7,TTAGCTGTTACAGCTCCTTT,0,4905737
ygfS_ygfT_predicted,0.125,7,7,TTACTCGCAGTTAGGTACTG,0,4904284
ygfS_ygfT_predicted,0.125,7,7,TTAAGTACCCAAGGTTTGTA,0,4917085
ygfS_ygfT_predicted,0.125,7,7,TTAAGGACTACCCTGGCGCA,0,4930694
ygfS_ygfT_predicted,0.125,7,7,TTAAGGACCAAGAGTCGCTG,0,4903316
ygfS_ygfT_predicted,0.125,7,7,TGTTTTGGACGTGCCCGCAT,0,4930233
ygfS_ygfT_predicted,0.125,7,7,TGTTCAGGTCGCTGCGGAAG,0,4926754
ygfS_ygfT_predicted,0.125,7,7,TGTGCAGAGTGAAAGCGAAA,0,4920204
ygfS_ygfT_predicted,0.125,7,7,TGTGATACCGAGGATATTAG,0,4900140
ygfS_ygfT_predicted,0.125,7,7,TGTACGGGGTACCCAACGCA,0,4922043
ygfS_ygfT_predicted,0.125,7,7,TGTACCTTGGTGGGCACATG,0,4909886
ygfS_ygfT_predicted,0.125,7,7,TGGTTATTAAGTTGTTCTGG,0,4911857
ygfS_ygfT_predicted,0.125,7,7,TGGTGAGTGCAGTACCCCGG,0,4914358
ygfS_ygfT_predicted,0.125,7,7,TGGTCTGGGAGTGTTTCCGT,0,4908390
ygfS_ygfT_predicted,0.125,7,7,TGGTCGTGGCACTGTGTGCA,0,4916836
ygfS_ygfT_predicted,0.125,7,7,TGGGTGCTTCGCAGCTCCGG,0,4924296
ygfS_ygfT_predicted,0.125,7,7,TGGGGCTCTGAACACGCCCT,0,4930058
ygfS_ygfT_predicted,0.125,7,7,TGGATAATATGCACAGATAT,0,4903635
ygfS_ygfT_predicted,0.125,7,7,TGGACGGTCCGCCGGTAAAC,0,4917216
ygfS_ygfT_predicted,0.125,7,7,TGCTGTAGTCGTTGTGCTTG,0,4913246
ygfS_ygfT_predicted,0.125,7,7,TGCTGACCCATCGCAGACAG,0,4903600
ygfS_ygfT_predicted,0.125,7,7,TGCGTGCTCGTGGTGGGGAC,0,4910445
ygfS_ygfT_predicted,0.125,7,7,TGCGACCGAAAAAACTTAAA,0,4924397
ygfS_ygfT_predicted,0.125,7,7,TGCCATATGGTGTAATAAGG,0,4925536
ygfS_ygfT_predicted,0.125,7,7,TGCAGTGACAAGGGACATAG,0,4916445
ygfS_ygfT_predicted,0.125,7,7,TGCAGGCGTCAAAGCCTGGT,0,4913468
ygfS_ygfT_predicted,0.125,7,7,TGCAAGGCGATCCGTTCGGG,0,4901020
ygfS_ygfT_predicted,0.125,7,7,TGAGTAGTATTACAGACGAC,0,4925699
ygfS_ygfT_predicted,0.125,7,7,TGACGCAACCATTGCCTGCC,0,4915098
ygfS_ygfT_predicted,0.125,7,7,TGACGAGAGAGATAGGTGTA,0,4924329
ygfS_ygfT_predicted,0.125,7,7,TGACCAATGAAAGACGATAG,0,4930057
ygfS_ygfT_predicted,0.125,7,7,TGACATCGGTACTCAGATAA,0,4902192
ygfS_ygfT_predicted,0.125,7,7,TGACATCAGGCGTGGTCCAA,0,4917543
ygfS_ygfT_predicted,0.125,7,7,TGAATTGGTATAGGTCGTAT,0,4909702
ygfS_ygfT_predicted,0.125,7,7,TGAATGAATAATGTCAGCAA,0,4917269
ygfS_ygfT_predicted,0.125,7,7,TGAACGGCTCCAAAGTTGCT,0,4906462
ygfS_ygfT_predicted,0.125,7,7,TGAAAGAGGGCCATCGTGTA,0,4907517
ygfS_ygfT_predicted,0.125,7,7,TCTTTGGGGTGCGTTATCAT,0,4907861
ygfS_ygfT_predicted,0.125,7,7,TCTGCAATGTCCACCGGTTC,0,4907028
ygfS_ygfT_predicted,0.125,7,7,TCTAGCGCATTAAAGCTGGA,0,4900153
ygfS_ygfT_predicted,0.125,7,7,TCTAAAGAGCGGGGTCCGTC,0,4913044
ygfS_ygfT_predicted,0.125,7,7,TCGTTACTATTCATCAAAGG,0,4917561
ygfS_ygfT_predicted,0.125,7,7,TCGTCGGTAGAGGTGTACGG,0,4927559
ygfS_ygfT_predicted,0.125,7,7,TCGCCGGAACGTTATAGAGA,0,4917385
ygfS_ygfT_predicted,0.125,7,7,TCGATTTTGTACGACTAACG,0,4905400
ygfS_ygfT_predicted,0.125,7,7,TCCTGTGTACTACGTATTAC,0,4904744
ygfS_ygfT_predicted,0.125,7,7,TCCTGGGTTAATAAGAGGAC,0,4913900
ygfS_ygfT_predicted,0.125,7,7,TCCTGGCGCTCTAAGAAGCC,0,4910472
ygfS_ygfT_predicted,0.125,7,7,TCCTCTCTGGGACCCTACCC,0,4900257
ygfS_ygfT_predicted,0.125,7,7,TCCGGCATCTATAGGGTCAG,0,4911172
ygfS_ygfT_predicted,0.125,7,7,TCCGCTGGCAATGTGCCACG,0,4931280
ygfS_ygfT_predicted,0.125,7,7,TCCCGGGCGTCCACAGCAAC,0,4922976
ygfS_ygfT_predicted,0.125,7,7,TCCCCGTTCTCACAAGCTCC,0,4920929
ygfS_ygfT_predicted,0.125,7,7,TCCCATGACACTGTGACCCA,0,4909373
ygfS_ygfT_predicted,0.125,7,7,TCCAGTACGAGGCCCTCCGT,0,4900370
ygfS_ygfT_predicted,0.125,7,7,TCCAAATATCTATTACTATT,0,4908886
ygfS_ygfT_predicted,0.125,7,7,TCAGTTATGTTGCGACTTCA,0,4909167
ygfS_ygfT_predicted,0.125,7,7,TCAGTCTTTCTTGACTTCTT,0,4914081
ygfS_ygfT_predicted,0.125,7,7,TCAGGGACTCCAGGCTGTGT,0,4926029
ygfS_ygfT_predicted,0.125,7,7,TCAGCAACTTATAAAGTCGC,0,4928285
ygfS_ygfT_predicted,0.125,7,7,TCAGAGTCAGGCATCCTGCA,0,4902088
ygfS_ygfT_predicted,0.125,7,7,TATGTCAGAGTTGTAACGTT,0,4917357
ygfS_ygfT_predicted,0.125,7,7,TATACTAAGAGTGGGTATAG,0,4913424
ygfS_ygfT_predicted,0.125,7,7,TAGCGTTGTAGGGGCTAGAA,0,4927965
ygfS_ygfT_predicted,0.125,7,7,TAGCGCGCATAGGTGCTGAA,0,4909995
ygfS_ygfT_predicted,0.125,7,7,TAGACGTGTTTCAGGCAAAA,0,4902755
ygfS_ygfT_predicted,0.125,7,7,TACGGGCTATCAGATTTATA,0,4914943
ygfS_ygfT_predicted,0.125,7,7,TACCTTGGTTAGACACGAAT,0,4903132
ygfS_ygfT_predicted,0.125,7,7,TACCATTGGCGTCCGAAGCG,0,4927924
ygfS_ygfT_predicted,0.125,7,7,TACACGTAGACTTGGCCTAT,0,4913932
ygfS_ygfT_predicted,0.125,7,7,TAAATCCCATGCTGGTATGA,0,4910187
ygfS_ygfT_predicted,0.125,7,7,TAAACGATTCTCCTAGGCCT,0,4901502
ygfS_ygfT_predicted,0.125,7,7,GTTTTAACCGGTGCTTTTCT,0,4928642
ygfS_ygfT_predicted,0.125,7,7,GTTTTAAAGGAGGGAAAATG,0,4909906
ygfS_ygfT_predicted,0.125,7,7,GTTTAGGGATCTGACCCCTA,0,4908888
ygfS_ygfT_predicted,0.125,7,7,GTTGAGTCGGGGGGTCGGGT,0,4903569
ygfS_ygfT_predicted,0.125,7,7,GTTGACCTAAACGGCGGATT,0,4912257
ygfS_ygfT_predicted,0.125,7,7,GTTCTCGATGTGTACTGGGT,0,4929902
ygfS_ygfT_predicted,0.125,7,7,GTTAGGGGGCAGCACGGCAG,0,4926044
ygfS_ygfT_predicted,0.125,7,7,GTGTTTCTACTCTAGTGTGC,0,4920372
ygfS_ygfT_predicted,0.125,7,7,GTGTTAACAGACACACATAA,0,4916826
ygfS_ygfT_predicted,0.125,7,7,GTGTCTCTACCCTGGTCTGT,0,4921524
ygfS_ygfT_predicted,0.125,7,7,GTGGTAATCGACCCCGCATT,0,4913241
ygfS_ygfT_predicted,0.125,7,7,GTGGGACCTATGTGAAGAGA,0,4914153
ygfS_ygfT_predicted,0.125,7,7,GTGGCTTAAAGCGGGTATAA,0,4909577
ygfS_ygfT_predicted,0.125,7,7,GTGATGCATCTAAGTAGTCG,0,4919135
ygfS_ygfT_predicted,0.125,7,7,GTGACTAGCCTCAGACTTCG,0,4918027
ygfS_ygfT_predicted,0.125,7,7,GTGAAATGTCGCTATGTGTC,0,4910480
ygfS_ygfT_predicted,0.125,7,7,GTCTGTTGTAACCGTCATGC,0,4912863
ygfS_ygfT_predicted,0.125,7,7,GTCTCGAACCTCGGTTCGTG,0,4930770
ygfS_ygfT_predicted,0.125,7,7,GTCGTCCGAGTTCGTGCTCT,0,4911346
ygfS_ygfT_predicted,0.125,7,7,GTCCTTAGGGCGTGATTCAC,0,4916063
ygfS_ygfT_predicted,0.125,7,7,GTCCCAGGCGTCGTCATTTA,0,4917242
ygfS_ygfT_predicted,0.125,7,7,GTCAGACTCTATGTATAGAA,0,4919029
ygfS_ygfT_predicted,0.125,7,7,GTAGGACCGATACCGCGTGC,0,4923259
ygfS_ygfT_predicted,0.125,7,7,GTAGCAGCCCTCTATTAAAG,0,4905319
ygfS_ygfT_predicted,0.125,7,7,GTAGACGAAGGCGAGTGTGG,0,4910757
ygfS_ygfT_predicted,0.125,7,7,GTACCCCGCTTGCAGGTCGG,0,4917884
ygfS_ygfT_predicted,0.125,7,7,GGTTGCGAATAGGTGTGGTG,0,4923628
ygfS_ygfT_predicted,0.125,7,7,GGTTGATTCACAGGACAGAG,0,4905008
ygfS_ygfT_predicted,0.125,7,7,GGTGATTCCGTTGGGGAAAT,0,4930103
ygfS_ygfT_predicted,0.125,7,7,GGTAGTTTGTCGTTCAAGAT,0,4909669
ygfS_ygfT_predicted,0.125,7,7,GGTAGTTGCTGGACTTCGCA,0,4903486
ygfS_ygfT_predicted,0.125,7,7,GGTACTGGCTTTAGAGTAAA,0,4916948
ygfS_ygfT_predicted,0.125,7,7,GGTACGGAAATGAAAGTCTA,0,4902319
ygfS_ygfT_predicted,0.125,7,7,GGGTGTACCCTGGTCTTGGT,0,4913463
ygfS_ygfT_predicted,0.125,7,7,GGGCTAATGACAGTCAGTGG,0,4906070
ygfS_ygfT_predicted,0.125,7,7,GGGCGCCACTCGACCTTTCG,0,4929835
ygfS_ygfT_predicted,0.125,7,7,GGGAGGTTTTTTAGCACCAA,0,4912272
ygfS_ygfT_predicted,0.125,7,7,GGGACCACAATTCACATGGA,0,4908652
ygfS_ygfT_predicted,0.125,7,7,GGCCGAGATAGGTAGGGGAG,0,4928474
ygfS_ygfT_predicted,0.125,7,7,GGCACCACTAGACCCAGTAG,0,4919399
ygfS_ygfT_predicted,0.125,7,7,GGATTCGATTTAGGGGAGTA,0,4906905
ygfS_ygfT_predicted,0.125,7,7,GGATGGCGTGCGGGTCCTAC,0,4900795
ygfS_ygfT_predicted,0.125,7,7,GGATCAGTGCGGTCCAAACT,0,4929115
ygfS_ygfT_predicted,0.125,7,7,GGATAGGTGGATCCGCCATA,0,4925168
ygfS_ygfT_predicted,0.125,7,7,GGAGGCATTATGCTATGCGG,0,4929871
ygfS_ygfT_predicted,0.125,7,7,GGAGCACACTGCATTGGATA,0,4908094
ygfS_ygfT_predicted,0.125,7,7,GGACTTCCATTCGCCTATTC,0,4900167
ygfS_ygfT_predicted,0.125,7,7,GGACGGGTGCTACGAGCGTG,0,4926086
ygfS_ygfT_predicted,0.125,7,7,GGACGGCGTTATCTGTCATA,0,4920101
ygfS_ygfT_predicted,0.125,7,7,GGAATATCGCACATGGTATA,0,4925500
ygfS_ygfT_predicted,0.125,7,7,GGAAACCAGGATGTCCAGAT,0,4914115
ygfS_ygfT_predicted,0.125,7,7,GCTTTTGTGGGTCCTAAAGT,0,4926010
ygfS_ygfT_predicted,0.125,7,7,GCTTGCTCGCGTTTGTCGTG,0,4900598
ygfS_ygfT_predicted,0.125,7,7,GCTCCCGTCTACGAGGTCAC,0,4924069
ygfS_ygfT_predicted,0.125,7,7,GCGTTCAGTCGCACAGGTGC,0,4905605
ygfS_ygfT_predicted,0.125,7,7,GCGTCGTGAATCGGAGACGG,0,4900430
ygfS_ygfT_predicted,0.125,7,7,GCGTCGCGCTAGGTAGTGGC,0,4901377
ygfS_ygfT_predicted,0.125,7,7,GCGGCCCTGGCGCTTAGTAC,0,4922075
ygfS_ygfT_predicted,0.125,7,7,GCGCGGTTCTCGCTCCACCA,0,4900455
ygfS_ygfT_predicted,0.125,7,7,GCGCGAACATCCAGAGCGGT,0,4926059
ygfS_ygfT_predicted,0.125,7,7,GCGCATGTGGCTGACCGTAC,0,4903662
ygfS_ygfT_predicted,0.125,7,7,GCGATGCCTACTTGTCCAAG,0,4931143
ygfS_ygfT_predicted,0.125,7,7,GCCGCTGGCAAACTCCGGAA,0,4917446
ygfS_ygfT_predicted,0.125,7,7,GCCCTGCTTCGGTTAGATTT,0,4919726
ygfS_ygfT_predicted,0.125,7,7,GCCAAGGTCTCGGGCACCCT,0,4906607
ygfS_ygfT_predicted,0.125,7,7,GCATGTGGCTCTACCCACTA,0,4927100
ygfS_ygfT_predicted,0.125,7,7,GCATGCATATGTATTCTGCG,0,4926523
ygfS_ygfT_predicted,0.125,7,7,GCATGAACCCGTCCGAAAAC,0,4918748
ygfS_ygfT_predicted,0.125,7,7,GCATAATCGAGTAGTCTGAA,0,4916586
ygfS_ygfT_predicted,0.125,7,7,GCACATTAGTAGAGCTGCGT,0,4914887
ygfS_ygfT_predicted,0.125,7,7,GCAACCAGATTCATTTTGGT,0,4930865
ygfS_ygfT_predicted,0.125,7,7,GATTCGAGCTACGGGTTCTC,0,4929077
ygfS_ygfT_predicted,0.125,7,7,GATGGGGGGCCTGCCCCTGG,0,4926165
ygfS_ygfT_predicted,0.125,7,7,GATCGGGACTAACATCCTAA,0,4914029
ygfS_ygfT_predicted,0.125,7,7,GATAGACGCCTATGGCCTCA,0,4927438
ygfS_ygfT_predicted,0.125,7,7,GATACTTTATTACGGTCATA,0,4928758
ygfS_ygfT_predicted,0.125,7,7,GAGGGCTCACGGGCGCAACA,0,4919073
ygfS_ygfT_predicted,0.125,7,7,GACTAGAGATAGACAGTTAA,0,4912422
ygfS_ygfT_predicted,0.125,7,7,GACCCGCAATGGCACTGGCC,0,4924692
ygfS_ygfT_predicted,0.125,7,7,GACCCGACAGTAAAGAACGT,0,4908711
ygfS_ygfT_predicted,0.125,7,7,GACCCCCATGTATGCAGCAA,0,4903555
ygfS_ygfT_predicted,0.125,7,7,GACAATTCTTGCGTGGCCCG,0,4904302
ygfS_ygfT_predicted,0.125,7,7,GAATCTCTGATGCGACACTC,0,4926039
ygfS_ygfT_predicted,0.125,7,7,GAAGGAGCTGCACAATGCCT,0,4906215
ygfS_ygfT_predicted,0.125,7,7,GAAGCAGGGTTCAGTAAAGG,0,4920366
ygfS_ygfT_predicted,0.125,7,7,GAAATTCTGTTTGTTGAGCG,0,4905740
ygfS_ygfT_predicted,0.125,7,7,GAAAGCGGAAGGGCACCCCA,0,4916583
ygfS_ygfT_predicted,0.125,7,7,CTTGTAGCTAGATACTGAGC,0,4916148
ygfS_ygfT_predicted,0.125,7,7,CTTGAACGTAGACACACAAT,0,4908989
ygfS_ygfT_predicted,0.125,7,7,CTTCTTTTGTCAATGTAGAG,0,4928343
ygfS_ygfT_predicted,0.125,7,7,CTGTTAATTCATTCCATTTA,0,4910530
ygfS_ygfT_predicted,0.125,7,7,CTGTACCTTGGATGAACCAG,0,4901977
ygfS_ygfT_predicted,0.125,7,7,CTGGGTTCCTATCCAGAGGA,0,4902141
ygfS_ygfT_predicted,0.125,7,7,CTGGCCTACGCTCCTTAATG,0,4905610
ygfS_ygfT_predicted,0.125,7,7,CTGCCGGGCATACGCGCACT,0,4911963
ygfS_ygfT_predicted,0.125,7,7,CTGCCAGTGCATGTGCTATC,0,4907595
ygfS_ygfT_predicted,0.125,7,7,CTGAAGGAAATCACAGGAAT,0,4908985
ygfS_ygfT_predicted,0.125,7,7,CTCTTCCGTCAGTAGGGCGA,0,4911146
ygfS_ygfT_predicted,0.125,7,7,CTCTCAGGTTCAATATGCCT,0,4907455
ygfS_ygfT_predicted,0.125,7,7,CTCGGGAGGTGTATACAGAA,0,4909449
ygfS_ygfT_predicted,0.125,7,7,CTCATGTGCAGCGTTCATGT,0,4903842
ygfS_ygfT_predicted,0.125,7,7,CTCATCATTCAAACAGGCCG,0,4915792
ygfS_ygfT_predicted,0.125,7,7,CTCAGTTAGCTCGGGATAAG,0,4907904
ygfS_ygfT_predicted,0.125,7,7,CTCAAGGTTACGCGACTGGA,0,4902562
ygfS_ygfT_predicted,0.125,7,7,CTAGGAACAGCCGGACAGTT,0,4903711
ygfS_ygfT_predicted,0.125,7,7,CTAGCTCTGCGATGTCTTTA,0,4930438
ygfS_ygfT_predicted,0.125,7,7,CTAGAGATACTCCTTGGTTG,0,4920468
ygfS_ygfT_predicted,0.125,7,7,CTACGATACTGACGAGGTCA,0,4920484
ygfS_ygfT_predicted,0.125,7,7,CTACCTAGCGAGCATGCTGT,0,4923330
ygfS_ygfT_predicted,0.125,7,7,CTAAGTCTTGTTATTTGTAC,0,4919196
ygfS_ygfT_predicted,0.125,7,7,CTAAAACTATAGCCGTGTTG,0,4910974
ygfS_ygfT_predicted,0.125,7,7,CGTTGATGTATACCCTGGTA,0,4903041
ygfS_ygfT_predicted,0.125,7,7,CGTGATCAGATCGAGCTTTT,0,4917030
ygfS_ygfT_predicted,0.125,7,7,CGTGAGCTACGAGGTATCAT,0,4903965
ygfS_ygfT_predicted,0.125,7,7,CGTCAAAACATGGATCGATG,0,4910361
ygfS_ygfT_predicted,0.125,7,7,CGTATCTACTCTAGAAGCTG,0,4900400
ygfS_ygfT_predicted,0.125,7,7,CGTACGCCGGCTCCGTGCCG,0,4905479
ygfS_ygfT_predicted,0.125,7,7,CGGTGGTCTACAATTGTCAA,0,4927906
ygfS_ygfT_predicted,0.125,7,7,CGGTCTCCGGCGGGCGTAAG,0,4927121
ygfS_ygfT_predicted,0.125,7,7,CGGTCCAGACTGCTTGCGGA,0,4923082
ygfS_ygfT_predicted,0.125,7,7,CGGGCCTTAGCTTGTGCCAT,0,4919061
ygfS_ygfT_predicted,0.125,7,7,CGGGCCTGATCTATATTTGT,0,4909456
ygfS_ygfT_predicted,0.125,7,7,CGGGCCAACCCCGTTGGATG,0,4902438
ygfS_ygfT_predicted,0.125,7,7,CGGCCAAACGAGGGCTCGGA,0,4910589
ygfS_ygfT_predicted,0.125,7,7,CGGAGTACCTTTCCCAGTGC,0,4900136
ygfS_ygfT_predicted,0.125,7,7,CGGAGAAATGTCTGCGTCAA,0,4911169
ygfS_ygfT_predicted,0.125,7,7,CGGACGGATCTATGTACACT,0,4918743
ygfS_ygfT_predicted,0.125,7,7,CGCGGGGGTTGAGTGACTAA,0,4901738
ygfS_ygfT_predicted,0.125,7,7,CGCGCGAGGAAGCCGCCAGG,0,4919439
ygfS_ygfT_predicted,0.125,7,7,CGCGCACAGCCCTCGTGAAA,0,4910012
ygfS_ygfT_predicted,0.125,7,7,CGCCAAGCCCCCATTAAACA,0,4923318
ygfS_ygfT_predicted,0.125,7,7,CGATTCGCGGACCCAATAAG,0,4905284
ygfS_ygfT_predicted,0.125,7,7,CGATGTAATCAAGACCATGG,0,4912407
ygfS_ygfT_predicted,0.125,7,7,CGACTAAGAAATTCTAGCGT,0,4916985
ygfS_ygfT_predicted,0.125,7,7,CGAAGCATCAGGTGTCCAGT,0,4907001
ygfS_ygfT_predicted,0.125,7,7,CCTTTCCAGTAGTTTTCCGT,0,4906251
ygfS_ygfT_predicted,0.125,7,7,CCTGCTTAGCAGGCCCACTC,0,4906404
ygfS_ygfT_predicted,0.125,7,7,CCTCCGCGTAGCTGGATAGG,0,4900856
ygfS_ygfT_predicted,0.125,7,7,CCTCCCACTACCGGCTGCAT,0,4914077
ygfS_ygfT_predicted,0.125,7,7,CCTACTCAACAAGATGATTC,0,4905306
ygfS_ygfT_predicted,0.125,7,7,CCTAAGTCCCCCATACTGAA,0,4905838
ygfS_ygfT_predicted,0.125,7,7,CCGGGCTCAACAGTCGCCCA,0,4906071
ygfS_ygfT_predicted,0.125,7,7,CCGGGCTATGCACTACATGT,0,4909820
ygfS_ygfT_predicted,0.125,7,7,CCGGGCGATTTGCTGGGGTA,0,4908743
ygfS_ygfT_predicted,0.125,7,7,CCGGGCATACAGAATGGTGT,0,4926505
ygfS_ygfT_predicted,0.125,7,7,CCGGAGTTTTTATGAAGAGA,0,4905047
ygfS_ygfT_predicted,0.125,7,7,CCGCCAGCCCCTACCCGCCG,0,4929514
ygfS_ygfT_predicted,0.125,7,7,CCCTCCCTTGTTACAAATTT,0,4918320
ygfS_ygfT_predicted,0.125,7,7,CCCAGTCCTTGGGGGAGCCT,0,4909465
ygfS_ygfT_predicted,0.125,7,7,CCCAAGCAGAAAGGGCAGTC,0,4904572
ygfS_ygfT_predicted,0.125,7,7,CCATGTAAAGATACTCGAGC,0,4899817
ygfS_ygfT_predicted,0.125,7,7,CCATCATCGGGGGAGTTCTG,0,4920356
ygfS_ygfT_predicted,0.125,7,7,CCAGGCGGATGCAAGATGAT,0,4916589
ygfS_ygfT_predicted,0.125,7,7,CCACTTTTTCGCACGGGGGA,0,4922059
ygfS_ygfT_predicted,0.125,7,7,CCACTGTAATTTGGTAGGGG,0,4905448
ygfS_ygfT_predicted,0.125,7,7,CCAAGGCAACAAAGTATGAA,0,4902150
ygfS_ygfT_predicted,0.125,7,7,CATTGAGTTCGTGGGTAGGT,0,4901423
ygfS_ygfT_predicted,0.125,7,7,CATTAGATGTAGATCCTGCA,0,4908365
ygfS_ygfT_predicted,0.125,7,7,CATGAGGGCGAGTGGATTCA,0,4901013
ygfS_ygfT_predicted,0.125,7,7,CAGTTGCACATCCAAATTCT,0,4915191
ygfS_ygfT_predicted,0.125,7,7,CAGGTAGCGGACAGCAGTTA,0,4902165
ygfS_ygfT_predicted,0.125,7,7,CAGGGTCTTGTGGTTTCATG,0,4900522
ygfS_ygfT_predicted,0.125,7,7,CAGCTAGGCGACAGTATAGA,0,4930794
ygfS_ygfT_predicted,0.125,7,7,CAGCGTCAGTTGCACCGACA,0,4925720
ygfS_ygfT_predicted,0.125,7,7,CAGATATTCGTACTAGAGTG,0,4917687
ygfS_ygfT_predicted,0.125,7,7,CAGAGTGGTTTTGAGAGACC,0,4928524
ygfS_ygfT_predicted,0.125,7,7,CAGACATATTGACATTATGA,0,4931283
ygfS_ygfT_predicted,0.125,7,7,CACTTATTGTACCTGAGTAG,0,4922965
ygfS_ygfT_predicted,0.125,7,7,CACAGTCTAAACTTGCGTTG,0,4907868
ygfS_ygfT_predicted,0.125,7,7,CACACGGATATCGAGGACCA,0,4902391
ygfS_ygfT_predicted,0.125,7,7,CAATTACAGGGGCTTTTTAG,0,4928152
ygfS_ygfT_predicted,0.125,7,7,CAATCGTGCCATAAACTGTC,0,4912848
ygfS_ygfT_predicted,0.125,7,7,CAATAGGCGCAGAGCTCTTG,0,4919974
ygfS_ygfT_predicted,0.125,7,7,CAAGTCTGAGGGGTGCAAAT,0,4916674
ygfS_ygfT_predicted,0.125,7,7,CAAGCCTTTGAGAGATCCTT,0,4916280
ygfS_ygfT_predicted,0.125,7,7,CAACTAATGTTGTCCAAAAG,0,4929392
ygfS_ygfT_predicted,0.125,7,7,ATTTTGTGAGTGTGTATAAG,0,4915893
ygfS_ygfT_predicted,0.125,7,7,ATTTACGCGTACGCACACGC,0,4926042
ygfS_ygfT_predicted,0.125,7,7,ATTGTTAAGAACTGCCACGA,0,4917523
ygfS_ygfT_predicted,0.125,7,7,ATTGTGTGTCGAAGCCGCTG,0,4924142
ygfS_ygfT_predicted,0.125,7,7,ATTATGGCGTTAGCATGGAC,0,4900749
ygfS_ygfT_predicted,0.125,7,7,ATTATGGAAGGTTCAGCTGA,0,4912808
ygfS_ygfT_predicted,0.125,7,7,ATTACTCTACGGAGGGAGCC,0,4905094
ygfS_ygfT_predicted,0.125,7,7,ATGTGGCTGGCCAGTCTTTA,0,4930135
ygfS_ygfT_predicted,0.125,7,7,ATGCCACTCTCATAACGGAG,0,4921308
ygfS_ygfT_predicted,0.125,7,7,ATGACATCATCCATGTGCGT,0,4914604
ygfS_ygfT_predicted,0.125,7,7,ATGAAGCGGACTTTCAAGTT,0,4907965
ygfS_ygfT_predicted,0.125,7,7,ATCTCACTGATGCAGCTCAT,0,4921493
ygfS_ygfT_predicted,0.125,7,7,ATCGGTTCCCGGCGGCATGT,0,4910083
ygfS_ygfT_predicted,0.125,7,7,ATCCTGAATAGAGCTTTTCA,0,4906667
ygfS_ygfT_predicted,0.125,7,7,ATCCTCTCGGGAGGAGCGGG,0,4927307
ygfS_ygfT_predicted,0.125,7,7,ATCCCTATTACATTACTGCC,0,4901344
ygfS_ygfT_predicted,0.125,7,7,ATCAGAGGCCTCGGCACGTT,0,4919126
ygfS_ygfT_predicted,0.125,7,7,ATCAATGCAACTGGCCCTCT,0,4907232
ygfS_ygfT_predicted,0.125,7,7,ATATTGGGCGTATCCTCATG,0,4923868
ygfS_ygfT_predicted,0.125,7,7,ATATACGGTTATGACCTTTA,0,4899727
ygfS_ygfT_predicted,0.125,7,7,ATAGGTCTTCCAGCTGATGG,0,4905345
ygfS_ygfT_predicted,0.125,7,7,ATACTCCAGGCGTAAGCTCG,0,4926915
ygfS_ygfT_predicted,0.125,7,7,ATACCGGAAAAGATCTGTAT,0,4927845
ygfS_ygfT_predicted,0.125,7,7,ATAACCGAAGAGCATTGTCA,0,4913902
ygfS_ygfT_predicted,0.125,7,7,AGTTTTTTGTTCCCGGGCAA,0,4929684
ygfS_ygfT_predicted,0.125,7,7,AGTTTTCTCACCCCAGGACT,0,4908381
ygfS_ygfT_predicted,0.125,7,7,AGTTTTAGAAGCCGGGAGCT,0,4928958
ygfS_ygfT_predicted,0.125,7,7,AGTTTCGAAAAAGGAGGTCG,0,4902039
ygfS_ygfT_predicted,0.125,7,7,AGTTGGCCAGTAGTCCGGCG,0,4901275
ygfS_ygfT_predicted,0.125,7,7,AGTGGAGTGACCGTTCAGAC,0,4902277
ygfS_ygfT_predicted,0.125,7,7,AGTGCGACTCCACTCGATCC,0,4908606
ygfS_ygfT_predicted,0.125,7,7,AGTGAGGTTTCCTTCAACAA,0,4926103
ygfS_ygfT_predicted,0.125,7,7,AGGCATCTGAACTGCGTCAT,0,4914523
ygfS_ygfT_predicted,0.125,7,7,AGGACCAAAGTAGACTATAA,0,4914222
ygfS_ygfT_predicted,0.125,7,7,AGCTTACGCGTTTATACACA,0,4909095
ygfS_ygfT_predicted,0.125,7,7,AGCTCATAGATATTCGGAAC,0,4909126
ygfS_ygfT_predicted,0.125,7,7,AGCTCACCCCTATACAGCGA,0,4925054
ygfS_ygfT_predicted,0.125,7,7,AGCTAGTCAGAGTTGTAAAT,0,4928672
ygfS_ygfT_predicted,0.125,7,7,AGCTAAAGCCGCCTGCACTC,0,4915998
ygfS_ygfT_predicted,0.125,7,7,AGCGAGCGTTCCCATGGATG,0,4924437
ygfS_ygfT_predicted,0.125,7,7,AGCCTTGGCTTCAGGCGTTG,0,4907679
ygfS_ygfT_predicted,0.125,7,7,AGCATCTCCCCCGGCTGGTA,0,4915476
ygfS_ygfT_predicted,0.125,7,7,AGCACTACAACTAGCTAGAA,0,4924168
ygfS_ygfT_predicted,0.125,7,7,AGCACTAAATCGCCTAGATT,0,4917336
ygfS_ygfT_predicted,0.125,7,7,AGCACGTTTCGGCGGGTACG,0,4919993
ygfS_ygfT_predicted,0.125,7,7,AGATTTCGACATGCTCGGAT,0,4911858
ygfS_ygfT_predicted,0.125,7,7,AGATATAAAGCGTGCCTTCA,0,4905853
ygfS_ygfT_predicted,0.125,7,7,AGAGGTCCAGCGTTTTTCCT,0,4911538
ygfS_ygfT_predicted,0.125,7,7,AGAGATCTTTATAAGACGAT,0,4916051
ygfS_ygfT_predicted,0.125,7,7,AGACCTCATACTCGAACCTG,0,4906989
ygfS_ygfT_predicted,0.125,7,7,AGAAGCCACCGAACAGCTCT,0,4920460
ygfS_ygfT_predicted,0.125,7,7,ACTTGTAGTGACGCCCGCCA,0,4909299
ygfS_ygfT_predicted,0.125,7,7,ACTTCGAGTTGATATTTAGG,0,4925271
ygfS_ygfT_predicted,0.125,7,7,ACTGGTTTAGGATATGTACA,0,4912846
ygfS_ygfT_predicted,0.125,7,7,ACTGGATGCGCGACTGATTA,0,4904597
ygfS_ygfT_predicted,0.125,7,7,ACTATTATTGCCTTGTTTAG,0,4904156
ygfS_ygfT_predicted,0.125,7,7,ACTACTCTCTATCACCGTAC,0,4916597
ygfS_ygfT_predicted,0.125,7,7,ACTACCACCCGCCCTTAGGC,0,4925365
ygfS_ygfT_predicted,0.125,7,7,ACTAAATGTGCTCGGCGGGA,0,4901176
ygfS_ygfT_predicted,0.125,7,7,ACGTTGACGGAGCGAAGAAG,0,4903594
ygfS_ygfT_predicted,0.125,7,7,ACGTTCAGTATGCACAGTGG,0,4910685
ygfS_ygfT_predicted,0.125,7,7,ACGTCACACGTCCTTTTCGG,0,4903907
ygfS_ygfT_predicted,0.125,7,7,ACGTCAAGATATTTCTTTCC,0,4902276
ygfS_ygfT_predicted,0.125,7,7,ACGGTTCATGTCTGTTTGAT,0,4907559
ygfS_ygfT_predicted,0.125,7,7,ACGGTGTTACCAGCCTTTTC,0,4928583
ygfS_ygfT_predicted,0.125,7,7,ACGGGGATACATATGTCGTT,0,4921854
ygfS_ygfT_predicted,0.125,7,7,ACGCTGCAGACACCTTGGTG,0,4911283
ygfS_ygfT_predicted,0.125,7,7,ACGCCGGCTCTCACCCACGG,0,4924282
ygfS_ygfT_predicted,0.125,7,7,ACGCCAAGTCTTTAAGATGG,0,4926650
ygfS_ygfT_predicted,0.125,7,7,ACGAGTAGGGTCCAAGAGAT,0,4903671
ygfS_ygfT_predicted,0.125,7,7,ACGACTGGGCAATGGCCTGC,0,4908615
ygfS_ygfT_predicted,0.125,7,7,ACCTTTACATAAACCTGTAC,0,4911364
ygfS_ygfT_predicted,0.125,7,7,ACCTCCAGCCCCGGTTAGAC,0,4930875
ygfS_ygfT_predicted,0.125,7,7,ACCTACAGAAAGCTCAGAAA,0,4914506
ygfS_ygfT_predicted,0.125,7,7,ACCCGTGCGGTGACCCTGTA,0,4915896
ygfS_ygfT_predicted,0.125,7,7,ACCCAGAGAGGTCTGTGACT,0,4913564
ygfS_ygfT_predicted,0.125,7,7,ACATGCGGAGCAAAACGACT,0,4899758
ygfS_ygfT_predicted,0.125,7,7,ACATCGAGGACACAGTTTAT,0,4902936
ygfS_ygfT_predicted,0.125,7,7,ACATCACACGGAACCAAACA,0,4901830
ygfS_ygfT_predicted,0.125,7,7,ACAGTCAACAGTGGGACACT,0,4920729
ygfS_ygfT_predicted,0.125,7,7,ACACACTGCAAGGACTCGCC,0,4912132
ygfS_ygfT_predicted,0.125,7,7,ACAATGATCCGTTTAATGGT,0,4912853
ygfS_ygfT_predicted,0.125,7,7,AATCAGCTGGTGATCCTTAT,0,4901740
ygfS_ygfT_predicted,0.125,7,7,AATAGCCCCAGAGGTGTAAC,0,4907130
ygfS_ygfT_predicted,0.125,7,7,AATACGCTAGCGCTCAACGA,0,4913724
ygfS_ygfT_predicted,0.125,7,7,AAGTAGACTTTTAATGGTAA,0,4904303
ygfS_ygfT_predicted,0.125,7,7,AAGGTGCTAGTTTAGCTATC,0,4921805
ygfS_ygfT_predicted,0.125,7,7,AAGGCCTTCATCTGCGGTGA,0,4906631
ygfS_ygfT_predicted,0.125,7,7,AAGGCATAGCGGGGGCTTTT,0,4924395
ygfS_ygfT_predicted,0.125,7,7,AAGGAGTCTAGCGAAAGAGT,0,4929600
ygfS_ygfT_predicted,0.125,7,7,AAGCGGTGAGTATTCTATCT,0,4903606
ygfS_ygfT_predicted,0.125,7,7,AAGCAAACTCGAACTTAAAA,0,4903969
ygfS_ygfT_predicted,0.125,7,7,AAGATGTATAGCGAGTGGTC,0,4904990
ygfS_ygfT_predicted,0.125,7,7,AAGATAGGGCGGCCCTTTAG,0,4914603
ygfS_ygfT_predicted,0.125,7,7,AACTGAGATGTTGTCTAGTC,0,4902676
ygfS_ygfT_predicted,0.125,7,7,AACTGAACCGGCAAATCAAT,0,4923186
ygfS_ygfT_predicted,0.125,7,7,AACTATGGGTGTCGAGGGGA,0,4909663
ygfS_ygfT_predicted,0.125,7,7,AACTATGGCCTTTAGTTTAT,0,4918889
ygfS_ygfT_predicted,0.125,7,7,AACTACTCCGATCCACCTGG,0,4918925
ygfS_ygfT_predicted,0.125,7,7,AACCATCAACTGCGGTGCAT,0,4900590
ygfS_ygfT_predicted,0.125,7,7,AACATACAAGAACCACTTTT,0,4908607
ygfS_ygfT_predicted,0.125,7,7,AACACTGAAAAGTAGCCTGG,0,4920796
ygfS_ygfT_predicted,0.125,7,7,AACAATTGGTATACGATAAT,0,4903628
ygfS_ygfT_predicted,0.125,7,7,AACAATGGTAGGGTAGCGAA,0,4906048
ygfS_ygfT_predicted,0.125,7,7,AAATTGGGAATGATTCTGTA,0,4922718
ygfS_ygfT_predicted,0.125,7,7,AAATGACTTAACTGTTCGGC,0,4924912
ygfS_ygfT_predicted,0.125,7,7,AAATAGCCATAGGTGGAATT,0,4906616
ygfS_ygfT_predicted,0.125,7,7,AAATAACCCGTCTCGGAAGT,0,4915761
ygfS_ygfT_predicted,0.125,7,7,AAAGTGCTACCCGGCCGCCT,0,4910867
ygfS_ygfT_predicted,0.125,7,7,AAAGCTTCATTCAGTGCGAC,0,4905346
ygfS_ygfT_predicted,0.125,7,7,AAACATAGTTCTGACTGCAG,0,4910104
ygfS_ygfT_predicted,0.125,7,7,AAACATAGGGTCGAGATTTC,0,4908686
ygfS_ygfT_predicted,0.125,7,7,AAACACCTTGAGAGCTACGT,0,4914653
ygfS_ygfT_predicted,0.125,7,7,AAACAAAGGCGGCAATCGGC,0,4901270
ygfS_ygfT_predicted,0.14285714285714285,6,6,TTTTTTAACGCCATCTTTCC,0,4903686
ygfS_ygfT_predicted,0.14285714285714285,6,6,TTTTGGCACATCCACCAGAT,0,4915483
ygfS_ygfT_predicted,0.14285714285714285,6,6,TTTTGCTCTAATGCTGATAA,0,4919134
ygfS_ygfT_predicted,0.14285714285714285,6,6,TTTTCATGACTTCGTAGAAA,0,4907100
ygfS_ygfT_predicted,0.14285714285714285,6,6,TTTTACTGATGGGCCGCAGT,0,4900596
ygfS_ygfT_predicted,0.14285714285714285,6,6,TTTGTAAGTTGGAGATCCAA,0,4921783
ygfS_ygfT_predicted,0.14285714285714285,6,6,TTTGGCGGCGGATCCGCGGC,0,4925510
ygfS_ygfT_predicted,0.14285714285714285,6,6,TTTGCACTCATAGTATAATG,0,4928761
ygfS_ygfT_predicted,0.14285714285714285,6,6,TTTACGGGCCGTTTCAGTTC,0,4903695
ygfS_ygfT_predicted,0.14285714285714285,6,6,TTTACAAGTCATTGGAGCTG,0,4905706
ygfS_ygfT_predicted,0.14285714285714285,6,6,TTGTCCTCTTCGTCCCTCAC,0,4909957
ygfS_ygfT_predicted,0.14285714285714285,6,6,TTGGGCCACTTGGATGAGCG,0,4929662
ygfS_ygfT_predicted,0.14285714285714285,6,6,TTGAGCCTAGGTCCCGGCTT,0,4906217
ygfS_ygfT_predicted,0.14285714285714285,6,6,TTGAATCGTGGCGCGGTAAT,0,4927964
ygfS_ygfT_predicted,0.14285714285714285,6,6,TTCTTTTTGGATAACTCAGG,0,4927994
ygfS_ygfT_predicted,0.14285714285714285,6,6,TTCTATCTAAGGAAGTGCGG,0,4906186
ygfS_ygfT_predicted,0.14285714285714285,6,6,TTCGGGTAACCGGAAACGCT,0,4917703
ygfS_ygfT_predicted,0.14285714285714285,6,6,TTCGGCTTGGGAAGTTATGA,0,4919845
ygfS_ygfT_predicted,0.14285714285714285,6,6,TTCGCCGGCCAGTTAGAATG,0,4915173
ygfS_ygfT_predicted,0.14285714285714285,6,6,TTCGATGTGTTTAGAAAATA,0,4902531
ygfS_ygfT_predicted,0.14285714285714285,6,6,TTCGATAAGGTAGAAAAATG,0,4911641
ygfS_ygfT_predicted,0.14285714285714285,6,6,TTCGAGGATCAGAGGGGCTG,0,4901586
ygfS_ygfT_predicted,0.14285714285714285,6,6,TTCCGTATTATGCGGACCAG,0,4914967
ygfS_ygfT_predicted,0.14285714285714285,6,6,TTATAACCGACATAAACTGT,0,4912943
ygfS_ygfT_predicted,0.14285714285714285,6,6,TTAGTATGGCATTCACGTTG,0,4929927
ygfS_ygfT_predicted,0.14285714285714285,6,6,TTAAAGAGTTTATACTCTTC,0,4905118
ygfS_ygfT_predicted,0.14285714285714285,6,6,TGTTTATTGTGATATGGTCA,0,4910838
ygfS_ygfT_predicted,0.14285714285714285,6,6,TGTTCTGTGGTGAAGTGCCT,0,4910660
ygfS_ygfT_predicted,0.14285714285714285,6,6,TGTTCCACACGCAGACGGGA,0,4914456
ygfS_ygfT_predicted,0.14285714285714285,6,6,TGTTAGGTGGCCAAGCCTGA,0,4906403
ygfS_ygfT_predicted,0.14285714285714285,6,6,TGTGTGATCGGTCCAATTTA,0,4901183
ygfS_ygfT_predicted,0.14285714285714285,6,6,TGTCGTTTGGACCAAGTCCT,0,4900318
ygfS_ygfT_predicted,0.14285714285714285,6,6,TGTAATGGCGGATCGGGGTT,0,4923045
ygfS_ygfT_predicted,0.14285714285714285,6,6,TGTAAGCCTGGGCCGAGCTA,0,4904426
ygfS_ygfT_predicted,0.14285714285714285,6,6,TGGTTCCTGATCAATCGTCA,0,4923388
ygfS_ygfT_predicted,0.14285714285714285,6,6,TGGTCTTGCTTCTGTAATAT,0,4930080
ygfS_ygfT_predicted,0.14285714285714285,6,6,TGGGAACAGGTCGTCTCTTT,0,4900145
ygfS_ygfT_predicted,0.14285714285714285,6,6,TGGCTGCCGCGTCCCTCCAC,0,4904508
ygfS_ygfT_predicted,0.14285714285714285,6,6,TGGACAGGTGATCACCTATG,0,4916003
ygfS_ygfT_predicted,0.14285714285714285,6,6,TGGAAAAGCCGGACGAGGTT,0,4921862
ygfS_ygfT_predicted,0.14285714285714285,6,6,TGCTGAACAGTATGCCGTAC,0,4915280
ygfS_ygfT_predicted,0.14285714285714285,6,6,TGCTATAAGCTCTGAGGCAA,0,4916235
ygfS_ygfT_predicted,0.14285714285714285,6,6,TGCGTTTCCAACACACAGGG,0,4906650
ygfS_ygfT_predicted,0.14285714285714285,6,6,TGCGTCTAAATCAGTAATTT,0,4918057
ygfS_ygfT_predicted,0.14285714285714285,6,6,TGCGTCAATGTGGCAGACAT,0,4918216
ygfS_ygfT_predicted,0.14285714285714285,6,6,TGCGCGTAAGTGGTCCAGCT,0,4929833
ygfS_ygfT_predicted,0.14285714285714285,6,6,TGCGCCAAGTGGGTTCATGC,0,4905919
ygfS_ygfT_predicted,0.14285714285714285,6,6,TGCGAGGAGAAAATCGGCCC,0,4909335
ygfS_ygfT_predicted,0.14285714285714285,6,6,TGCCTTTAACGGATTCGCTG,0,4909491
ygfS_ygfT_predicted,0.14285714285714285,6,6,TGCCTTCTAGTCCCTCCTGA,0,4914860
ygfS_ygfT_predicted,0.14285714285714285,6,6,TGCAACCCATCGTGCGAACC,0,4908288
ygfS_ygfT_predicted,0.14285714285714285,6,6,TGCAAAGGTAAAAGAGTCTA,0,4930428
ygfS_ygfT_predicted,0.14285714285714285,6,6,TGATGTAAGAGTTTGATATA,0,4926292
ygfS_ygfT_predicted,0.14285714285714285,6,6,TGATGGGATGTTTTACCTTG,0,4907157
ygfS_ygfT_predicted,0.14285714285714285,6,6,TGATGAGCAATATCCTTAAT,0,4931059
ygfS_ygfT_predicted,0.14285714285714285,6,6,TGATAAAAGGTACGTTGATA,0,4923123
ygfS_ygfT_predicted,0.14285714285714285,6,6,TGAGAAAACTCGGAACATTT,0,4908854
ygfS_ygfT_predicted,0.14285714285714285,6,6,TGACTTGTTTAAGCATCGAT,0,4909958
ygfS_ygfT_predicted,0.14285714285714285,6,6,TGACGGCAAGAATAACTTAC,0,4903313
ygfS_ygfT_predicted,0.14285714285714285,6,6,TCTTGTTGAGCTATATTTCA,0,4905208
ygfS_ygfT_predicted,0.14285714285714285,6,6,TCTTCAGGCTGCGCCTAGGA,0,4904389
ygfS_ygfT_predicted,0.14285714285714285,6,6,TCTTCAAGGGACGAGGTGGA,0,4908883
ygfS_ygfT_predicted,0.14285714285714285,6,6,TCTGTACTGGCTCGCAACTC,0,4922260
ygfS_ygfT_predicted,0.14285714285714285,6,6,TCTGCGGGAGCCTACATGGG,0,4903094
ygfS_ygfT_predicted,0.14285714285714285,6,6,TCTGACCACACTCTCGCCGC,0,4929883
ygfS_ygfT_predicted,0.14285714285714285,6,6,TCTCTTTGGGTAAACAAAGC,0,4919185
ygfS_ygfT_predicted,0.14285714285714285,6,6,TCTCTTCGGCGATCGGTACT,0,4909272
ygfS_ygfT_predicted,0.14285714285714285,6,6,TCTCGGAGGTCATGACCCGA,0,4928868
ygfS_ygfT_predicted,0.14285714285714285,6,6,TCTCCATGTCCTACGAGTTT,0,4922284
ygfS_ygfT_predicted,0.14285714285714285,6,6,TCTCATAGGGGGGGTGGAGA,0,4925926
ygfS_ygfT_predicted,0.14285714285714285,6,6,TCTAACTATAAGGATACTTT,0,4929104
ygfS_ygfT_predicted,0.14285714285714285,6,6,TCGTAGCCTATATGTAATGT,0,4911410
ygfS_ygfT_predicted,0.14285714285714285,6,6,TCGGGGTTTGCACGATCTTC,0,4914634
ygfS_ygfT_predicted,0.14285714285714285,6,6,TCGGCTGAAAGGTCTCGAAG,0,4911145
ygfS_ygfT_predicted,0.14285714285714285,6,6,TCGGCTCACGCAGTGGAGAG,0,4928315
ygfS_ygfT_predicted,0.14285714285714285,6,6,TCGGCATTGGATGTGGACGG,0,4910534
ygfS_ygfT_predicted,0.14285714285714285,6,6,TCGGAGCATTGACACGTGTT,0,4923145
ygfS_ygfT_predicted,0.14285714285714285,6,6,TCGGAAATGGCCCGCGCACA,0,4910154
ygfS_ygfT_predicted,0.14285714285714285,6,6,TCGCGCCGCTGTGTCTATCA,0,4902264
ygfS_ygfT_predicted,0.14285714285714285,6,6,TCGCCCTCTTGTGTTTCGAT,0,4923037
ygfS_ygfT_predicted,0.14285714285714285,6,6,TCGAGGCCAAATGGGAACTT,0,4903820
ygfS_ygfT_predicted,0.14285714285714285,6,6,TCCGGTGGCAAGATATTAGT,0,4913930
ygfS_ygfT_predicted,0.14285714285714285,6,6,TCCGGGTTAGCATATCGTAA,0,4914010
ygfS_ygfT_predicted,0.14285714285714285,6,6,TCCGCCTTCATTGCCTGAAG,0,4930846
ygfS_ygfT_predicted,0.14285714285714285,6,6,TCCGCCTCGCAGTGTGGGCA,0,4900421
ygfS_ygfT_predicted,0.14285714285714285,6,6,TCCGATTTGTTCCTTGCGCT,0,4912112
ygfS_ygfT_predicted,0.14285714285714285,6,6,TCCGATCTATAAGTTCCGTG,0,4920920
ygfS_ygfT_predicted,0.14285714285714285,6,6,TCATTGCTTTAATTTCAGCT,0,4916279
ygfS_ygfT_predicted,0.14285714285714285,6,6,TCATTAGTACTGACAAGATC,0,4904407
ygfS_ygfT_predicted,0.14285714285714285,6,6,TCATATCGACGGGTTTAAGA,0,4911332
ygfS_ygfT_predicted,0.14285714285714285,6,6,TCATACCCATCTCTGTGGGC,0,4900897
ygfS_ygfT_predicted,0.14285714285714285,6,6,TCAGGGCGCACATAGACTAC,0,4906278
ygfS_ygfT_predicted,0.14285714285714285,6,6,TCACTAAGCTTATTAAGTAG,0,4923068
ygfS_ygfT_predicted,0.14285714285714285,6,6,TCACAGATGTATCCAGTCCG,0,4914403
ygfS_ygfT_predicted,0.14285714285714285,6,6,TATGCTGAGTCGCTGCACTG,0,4903664
ygfS_ygfT_predicted,0.14285714285714285,6,6,TATGCGGCTGGACCTAGAGC,0,4902874
ygfS_ygfT_predicted,0.14285714285714285,6,6,TATGATTAGGGAATTAGGGA,0,4912644
ygfS_ygfT_predicted,0.14285714285714285,6,6,TATACGCGACTCACTCTCTG,0,4923994
ygfS_ygfT_predicted,0.14285714285714285,6,6,TAGGAGGCTATGGACCCAAC,0,4925228
ygfS_ygfT_predicted,0.14285714285714285,6,6,TAGGACACGAGAACGGCGGA,0,4911447
ygfS_ygfT_predicted,0.14285714285714285,6,6,TAGCTTTGGGCTTTCCCATC,0,4903087
ygfS_ygfT_predicted,0.14285714285714285,6,6,TACTTAGATAGCGATCAACG,0,4904089
ygfS_ygfT_predicted,0.14285714285714285,6,6,TACTCTCAGGGCCTAGGACA,0,4908667
ygfS_ygfT_predicted,0.14285714285714285,6,6,TACTATTGAGACCACTATAG,0,4924005
ygfS_ygfT_predicted,0.14285714285714285,6,6,TACTAAAGTGAAAAGATATT,0,4928339
ygfS_ygfT_predicted,0.14285714285714285,6,6,TACGTACGAGACGTCTTGGG,0,4928522
ygfS_ygfT_predicted,0.14285714285714285,6,6,TACGGTATATGTGTGGATAA,0,4931391
ygfS_ygfT_predicted,0.14285714285714285,6,6,TACCGAGTTCAATCCAGCAA,0,4924594
ygfS_ygfT_predicted,0.14285714285714285,6,6,TACAAGCATCAGTGACACCA,0,4911973
ygfS_ygfT_predicted,0.14285714285714285,6,6,TAATGTATTTTGCGTTCCAC,0,4925629
ygfS_ygfT_predicted,0.14285714285714285,6,6,TAATGATCTGAATCCGAAAG,0,4919168
ygfS_ygfT_predicted,0.14285714285714285,6,6,TAATAACGTTGGTGCAAAAA,0,4926588
ygfS_ygfT_predicted,0.14285714285714285,6,6,TAAGGTCTGGAAGAACACCT,0,4916947
ygfS_ygfT_predicted,0.14285714285714285,6,6,TAAGGCATGCGCTCGTTCGC,0,4910252
ygfS_ygfT_predicted,0.14285714285714285,6,6,TAAGCTCAGCGCTTAGTGAT,0,4914706
ygfS_ygfT_predicted,0.14285714285714285,6,6,TAACTTCCCCTTTCTATTTT,0,4905204
ygfS_ygfT_predicted,0.14285714285714285,6,6,TAACGCCCCATAGCTAAGAA,0,4910461
ygfS_ygfT_predicted,0.14285714285714285,6,6,TAACGAAGCCCACCAATTTA,0,4918909
ygfS_ygfT_predicted,0.14285714285714285,6,6,TAACCGTGCTTGGGGGCAAA,0,4915956
ygfS_ygfT_predicted,0.14285714285714285,6,6,TAACCGTCGTTGGTGCCAGG,0,4921998
ygfS_ygfT_predicted,0.14285714285714285,6,6,TAAACATGTATCGTATGTGT,0,4919891
ygfS_ygfT_predicted,0.14285714285714285,6,6,GTTGTAGTTTTTAGGAGGCT,0,4917185
ygfS_ygfT_predicted,0.14285714285714285,6,6,GTTGTAATCTCAAGTCTCGA,0,4930928
ygfS_ygfT_predicted,0.14285714285714285,6,6,GTTCGTAAGACTTCAAACCG,0,4905148
ygfS_ygfT_predicted,0.14285714285714285,6,6,GTTACACAGGATTCTTTCGT,0,4920455
ygfS_ygfT_predicted,0.14285714285714285,6,6,GTGTGTTGCACTAATTTCAG,0,4918153
ygfS_ygfT_predicted,0.14285714285714285,6,6,GTGTACCCCATTCGACACGT,0,4922998
ygfS_ygfT_predicted,0.14285714285714285,6,6,GTGGTGTTAGACGGCTAGCT,0,4925848
ygfS_ygfT_predicted,0.14285714285714285,6,6,GTGGTCGAGCCTACGTCCGC,0,4904411
ygfS_ygfT_predicted,0.14285714285714285,6,6,GTGGACCTTGGGACGAGCCC,0,4914356
ygfS_ygfT_predicted,0.14285714285714285,6,6,GTGCTGGTCCTGCAGATAGT,0,4925889
ygfS_ygfT_predicted,0.14285714285714285,6,6,GTGAGCGTGGCCTATGTTGT,0,4924557
ygfS_ygfT_predicted,0.14285714285714285,6,6,GTGAAGTGATTTCCTTTAAA,0,4901688
ygfS_ygfT_predicted,0.14285714285714285,6,6,GTCGTATACTAACATCTTGA,0,4919904
ygfS_ygfT_predicted,0.14285714285714285,6,6,GTCGATTGATCTGCCGACTC,0,4923105
ygfS_ygfT_predicted,0.14285714285714285,6,6,GTCATCTATCCGTCGTTGTG,0,4915126
ygfS_ygfT_predicted,0.14285714285714285,6,6,GTCATACGGGCCGCCCCTCA,0,4900448
ygfS_ygfT_predicted,0.14285714285714285,6,6,GTCAATCAGCGCTACCGGAG,0,4917815
ygfS_ygfT_predicted,0.14285714285714285,6,6,GTCAAGTATCATCAAGGATA,0,4912389
ygfS_ygfT_predicted,0.14285714285714285,6,6,GTATGGCTATTAATATTCTA,0,4912410
ygfS_ygfT_predicted,0.14285714285714285,6,6,GTATACAGAGCGCCATGCTT,0,4900377
ygfS_ygfT_predicted,0.14285714285714285,6,6,GTAGCCGAGTCAGGCGCTGC,0,4920772
ygfS_ygfT_predicted,0.14285714285714285,6,6,GTAAGGCAGATTAGGCTGAC,0,4901334
ygfS_ygfT_predicted,0.14285714285714285,6,6,GGTTTCGTTCCCTTCGTACT,0,4913346
ygfS_ygfT_predicted,0.14285714285714285,6,6,GGTTTAGGTTTCGAGGTGCG,0,4924152
ygfS_ygfT_predicted,0.14285714285714285,6,6,GGTTCTTGTTACGCATTAAA,0,4905304
ygfS_ygfT_predicted,0.14285714285714285,6,6,GGTCACAGGGTGATCTAAAC,0,4902596
ygfS_ygfT_predicted,0.14285714285714285,6,6,GGTATAAATAAGATCGAAAA,0,4930722
ygfS_ygfT_predicted,0.14285714285714285,6,6,GGGTGTAGATCCACCAACAT,0,4910254
ygfS_ygfT_predicted,0.14285714285714285,6,6,GGGTCCTATGGGTGGGGGAG,0,4924213
ygfS_ygfT_predicted,0.14285714285714285,6,6,GGGTCAGGAGACTCGATTAT,0,4909847
ygfS_ygfT_predicted,0.14285714285714285,6,6,GGGGTGTACCGGCTTCGTTT,0,4902200
ygfS_ygfT_predicted,0.14285714285714285,6,6,GGGGACTCGGCATCATGACA,0,4924188
ygfS_ygfT_predicted,0.14285714285714285,6,6,GGGACAATCTGCGTGTTTTT,0,4923982
ygfS_ygfT_predicted,0.14285714285714285,6,6,GGCCGGTGCCTCTTCAGGGA,0,4919583
ygfS_ygfT_predicted,0.14285714285714285,6,6,GGCCGGAACTGTGCGTCTCA,0,4918327
ygfS_ygfT_predicted,0.14285714285714285,6,6,GGCCCTCGTCCTGTATGTTA,0,4916205
ygfS_ygfT_predicted,0.14285714285714285,6,6,GGCAAGCCATTGATGGCCAG,0,4902547
ygfS_ygfT_predicted,0.14285714285714285,6,6,GGAGTGCGTCCCTATTTTGG,0,4918203
ygfS_ygfT_predicted,0.14285714285714285,6,6,GGAGGAATGTAACCAGATGC,0,4901011
ygfS_ygfT_predicted,0.14285714285714285,6,6,GGACTGGCGCGAGGGCCAAC,0,4913528
ygfS_ygfT_predicted,0.14285714285714285,6,6,GGACGGTTGACTGACAAGAC,0,4911293
ygfS_ygfT_predicted,0.14285714285714285,6,6,GCTTATGTGGTGTGTCCAGT,0,4931339
ygfS_ygfT_predicted,0.14285714285714285,6,6,GCTGGTCACGTAAGCATTCA,0,4915675
ygfS_ygfT_predicted,0.14285714285714285,6,6,GCTCTTGAGGTGGGGCCTCT,0,4916552
ygfS_ygfT_predicted,0.14285714285714285,6,6,GCTATGTTTTATCACCCGCC,0,4920471
ygfS_ygfT_predicted,0.14285714285714285,6,6,GCTATCTGCCTACGTTGGCA,0,4915130
ygfS_ygfT_predicted,0.14285714285714285,6,6,GCTAGTAAAGGGCCGATTGA,0,4917015
ygfS_ygfT_predicted,0.14285714285714285,6,6,GCTAGCGCGTAGAGTTTTAA,0,4928723
ygfS_ygfT_predicted,0.14285714285714285,6,6,GCGTAGGGGTGGAAATAGGC,0,4928931
ygfS_ygfT_predicted,0.14285714285714285,6,6,GCGGCGTAAGCGCTCTCGGG,0,4919296
ygfS_ygfT_predicted,0.14285714285714285,6,6,GCGGCGCATGCGTTGAACGT,0,4903764
ygfS_ygfT_predicted,0.14285714285714285,6,6,GCGGCCCCTCGTTATCCGGA,0,4917512
ygfS_ygfT_predicted,0.14285714285714285,6,6,GCGGCAGTCAAAGTGGTTAA,0,4930640
ygfS_ygfT_predicted,0.14285714285714285,6,6,GCGCTGCCTCTGGCAGGAGG,0,4909748
ygfS_ygfT_predicted,0.14285714285714285,6,6,GCGCTACCGTTGAAACGAGT,0,4927047
ygfS_ygfT_predicted,0.14285714285714285,6,6,GCGCGGTAACGCAGATCTGT,0,4917148
ygfS_ygfT_predicted,0.14285714285714285,6,6,GCGATAGATCAGGCGGGTAG,0,4901495
ygfS_ygfT_predicted,0.14285714285714285,6,6,GCGAAGGGAAACATCTAAGT,0,4926620
ygfS_ygfT_predicted,0.14285714285714285,6,6,GCCTTTGTTTCCACAGCCGA,0,4920873
ygfS_ygfT_predicted,0.14285714285714285,6,6,GCCTGCTCGTTCGAGCCCAG,0,4900426
ygfS_ygfT_predicted,0.14285714285714285,6,6,GCCGGCACAACGGTCGGTGG,0,4926123
ygfS_ygfT_predicted,0.14285714285714285,6,6,GCCGGATGCGAACCAATCCT,0,4902918
ygfS_ygfT_predicted,0.14285714285714285,6,6,GCCCCGAACAACTGTACCAA,0,4907876
ygfS_ygfT_predicted,0.14285714285714285,6,6,GCCCACCGAGTCTATGCAGT,0,4907025
ygfS_ygfT_predicted,0.14285714285714285,6,6,GCCATGAAACACCGACCCAC,0,4926372
ygfS_ygfT_predicted,0.14285714285714285,6,6,GCCATCTGTGATTGGCAAAC,0,4930736
ygfS_ygfT_predicted,0.14285714285714285,6,6,GCCAATTGAGTCACCTGTAT,0,4913537
ygfS_ygfT_predicted,0.14285714285714285,6,6,GCATGTTCACTTCCAGCTTA,0,4905658
ygfS_ygfT_predicted,0.14285714285714285,6,6,GCATCAAAGAAGTGAGACCG,0,4899813
ygfS_ygfT_predicted,0.14285714285714285,6,6,GCATAGCGCGGTAGCGGATC,0,4924187
ygfS_ygfT_predicted,0.14285714285714285,6,6,GCATACGACCGCGCATTTGG,0,4911948
ygfS_ygfT_predicted,0.14285714285714285,6,6,GCAGTCCCTTGCAAACACGA,0,4917569
ygfS_ygfT_predicted,0.14285714285714285,6,6,GCAGCGTTGCCGGCAAGACT,0,4926463
ygfS_ygfT_predicted,0.14285714285714285,6,6,GCACTGGCACCGGAAATCGT,0,4931400
ygfS_ygfT_predicted,0.14285714285714285,6,6,GCACGGAGGCTACTATATGC,0,4917592
ygfS_ygfT_predicted,0.14285714285714285,6,6,GCACCAGTTATAGATTAGGG,0,4929005
ygfS_ygfT_predicted,0.14285714285714285,6,6,GCAAACGGTGGCAATAGTTG,0,4919527
ygfS_ygfT_predicted,0.14285714285714285,6,6,GATTCCCGAACGCGGCGATA,0,4912308
ygfS_ygfT_predicted,0.14285714285714285,6,6,GATGCGACCCGATCACTGAT,0,4902157
ygfS_ygfT_predicted,0.14285714285714285,6,6,GATGATTCTCATAGTCACGG,0,4914782
ygfS_ygfT_predicted,0.14285714285714285,6,6,GATGATGTGACTTCTGCTTA,0,4905633
ygfS_ygfT_predicted,0.14285714285714285,6,6,GATGACATCACTGTACAGTG,0,4908921
ygfS_ygfT_predicted,0.14285714285714285,6,6,GATATTTCGATTGTGCTGGG,0,4925998
ygfS_ygfT_predicted,0.14285714285714285,6,6,GATACATTCGTGCGTTCACA,0,4920258
ygfS_ygfT_predicted,0.14285714285714285,6,6,GATAATCCGGATAGGAACGA,0,4926989
ygfS_ygfT_predicted,0.14285714285714285,6,6,GAGTGCGATTAGAGAGCTAT,0,4906407
ygfS_ygfT_predicted,0.14285714285714285,6,6,GAGTCCATATAGTCGGCCAG,0,4912995
ygfS_ygfT_predicted,0.14285714285714285,6,6,GAGTATTATAGTAATCGTCG,0,4915640
ygfS_ygfT_predicted,0.14285714285714285,6,6,GAGTAACGTTGACTCGTGCC,0,4928043
ygfS_ygfT_predicted,0.14285714285714285,6,6,GAGGGGTTATCGACTCACTC,0,4918627
ygfS_ygfT_predicted,0.14285714285714285,6,6,GAGGCGGCTTCGCGAGTCAG,0,4930814
ygfS_ygfT_predicted,0.14285714285714285,6,6,GAGCTCAACTACTTGACGTT,0,4923791
ygfS_ygfT_predicted,0.14285714285714285,6,6,GAGCGTATACCAGCGGTATC,0,4901490
ygfS_ygfT_predicted,0.14285714285714285,6,6,GAGCGTACGAAGTGGGTTAT,0,4903221
ygfS_ygfT_predicted,0.14285714285714285,6,6,GAGCATCCCAGATAACATAG,0,4915300
ygfS_ygfT_predicted,0.14285714285714285,6,6,GAGCAAGCACATACTCAGAC,0,4912753
ygfS_ygfT_predicted,0.14285714285714285,6,6,GAGATTGAAAAGCTCCGAAA,0,4923785
ygfS_ygfT_predicted,0.14285714285714285,6,6,GAGAGGTGAGGCGCGTAAGA,0,4925427
ygfS_ygfT_predicted,0.14285714285714285,6,6,GACTAGACTCGCTAACGGAA,0,4915295
ygfS_ygfT_predicted,0.14285714285714285,6,6,GACGGTCGGTCGGCAATCTG,0,4912826
ygfS_ygfT_predicted,0.14285714285714285,6,6,GACGGGCTGCTTGGATCATT,0,4917275
ygfS_ygfT_predicted,0.14285714285714285,6,6,GACGGCTTGATTTTGAAGAC,0,4902961
ygfS_ygfT_predicted,0.14285714285714285,6,6,GACCGACACCAATACAACAT,0,4915783
ygfS_ygfT_predicted,0.14285714285714285,6,6,GAATCCAGTATGCGCCCTGT,0,4927370
ygfS_ygfT_predicted,0.14285714285714285,6,6,GAAGGACCGGGTTGATGTCT,0,4924685
ygfS_ygfT_predicted,0.14285714285714285,6,6,GAACTAAGTTAAAAAGCTGG,0,4909283
ygfS_ygfT_predicted,0.14285714285714285,6,6,GAACGCGTCTGTAGCTACTC,0,4918371
ygfS_ygfT_predicted,0.14285714285714285,6,6,GAACACATTTCATAATATGT,0,4912678
ygfS_ygfT_predicted,0.14285714285714285,6,6,GAAATAGCGTCGGTTTTCTG,0,4924771
ygfS_ygfT_predicted,0.14285714285714285,6,6,GAAAAGATCGGCCATTCGAC,0,4928992
ygfS_ygfT_predicted,0.14285714285714285,6,6,CTTTGGCGCTAGCCCTACAT,0,4921234
ygfS_ygfT_predicted,0.14285714285714285,6,6,CTTTACCGTGGTCAAATTAA,0,4902189
ygfS_ygfT_predicted,0.14285714285714285,6,6,CTTGTGGGCGGCATTTATCG,0,4925417
ygfS_ygfT_predicted,0.14285714285714285,6,6,CTTGGTGTCTGCGCCCTTTC,0,4903613
ygfS_ygfT_predicted,0.14285714285714285,6,6,CTTGGGATGGCTTTTCTCAA,0,4908061
ygfS_ygfT_predicted,0.14285714285714285,6,6,CTTGCGCCGCTACAACATGT,0,4916459
ygfS_ygfT_predicted,0.14285714285714285,6,6,CTTGCCCCCTTCCATGGTAC,0,4926777
ygfS_ygfT_predicted,0.14285714285714285,6,6,CTTGAAAGGCAACAATCGCC,0,4915508
ygfS_ygfT_predicted,0.14285714285714285,6,6,CTTCTCGCAAGGACGCCTGT,0,4918895
ygfS_ygfT_predicted,0.14285714285714285,6,6,CTTAGATAGTGCGCACGCCT,0,4912564
ygfS_ygfT_predicted,0.14285714285714285,6,6,CTTAATTTTGACATGCAGGG,0,4926099
ygfS_ygfT_predicted,0.14285714285714285,6,6,CTGTTTTGCGCCGTACTGCG,0,4902005
ygfS_ygfT_predicted,0.14285714285714285,6,6,CTGTCCAAAGGCCGCGCGTA,0,4910679
ygfS_ygfT_predicted,0.14285714285714285,6,6,CTGGTTCGGGCCATTGGTTT,0,4911223
ygfS_ygfT_predicted,0.14285714285714285,6,6,CTGCTCTTCTGCTGCGCCAT,0,4907699
ygfS_ygfT_predicted,0.14285714285714285,6,6,CTGAGTGGCATCCTACAAGG,0,4917215
ygfS_ygfT_predicted,0.14285714285714285,6,6,CTGAAATACACCGCTGGCAA,0,4917945
ygfS_ygfT_predicted,0.14285714285714285,6,6,CTCTGTAGGACAGTTTACAG,0,4918218
ygfS_ygfT_predicted,0.14285714285714285,6,6,CTCTGGGCTTCGCCCGAACC,0,4920145
ygfS_ygfT_predicted,0.14285714285714285,6,6,CTAGTCCGTTACGTGCACAT,0,4929892
ygfS_ygfT_predicted,0.14285714285714285,6,6,CTACGAGGCACAGGGCTCCA,0,4911846
ygfS_ygfT_predicted,0.14285714285714285,6,6,CTAACCAGAGTCGAAGGTCG,0,4906995
ygfS_ygfT_predicted,0.14285714285714285,6,6,CGTTTAATATCGGCGGCTAG,0,4916110
ygfS_ygfT_predicted,0.14285714285714285,6,6,CGTTCCGTGTCTAGCACTGT,0,4922507
ygfS_ygfT_predicted,0.14285714285714285,6,6,CGTTCAATGACTTCAATACT,0,4920285
ygfS_ygfT_predicted,0.14285714285714285,6,6,CGTGGGGAGGGCTGTTACAT,0,4921991
ygfS_ygfT_predicted,0.14285714285714285,6,6,CGTGGCAACGGAAGTCTTTA,0,4918267
ygfS_ygfT_predicted,0.14285714285714285,6,6,CGTCTTCAACAGCAGCGCCG,0,4900006
ygfS_ygfT_predicted,0.14285714285714285,6,6,CGTAGTCGGCGTAGTACCTC,0,4901842
ygfS_ygfT_predicted,0.14285714285714285,6,6,CGGTTGAGATCGGGCGTGCA,0,4905486
ygfS_ygfT_predicted,0.14285714285714285,6,6,CGGTAATTCGCAACAGGTTA,0,4927629
ygfS_ygfT_predicted,0.14285714285714285,6,6,CGGGTATTGCCAGTGGAATT,0,4912847
ygfS_ygfT_predicted,0.14285714285714285,6,6,CGGGAGTGGCCTCATTATAA,0,4930682
ygfS_ygfT_predicted,0.14285714285714285,6,6,CGGGACGATAAGCTTGCGTA,0,4925179
ygfS_ygfT_predicted,0.14285714285714285,6,6,CGGCTCTGTGATGCCGGCTT,0,4917420
ygfS_ygfT_predicted,0.14285714285714285,6,6,CGGCTAGAACCTGACATACT,0,4921003
ygfS_ygfT_predicted,0.14285714285714285,6,6,CGGCGCGCGGCCAGACAGTT,0,4907667
ygfS_ygfT_predicted,0.14285714285714285,6,6,CGGCGAGATGGAGCGAGACA,0,4925858
ygfS_ygfT_predicted,0.14285714285714285,6,6,CGGCCGTCAATAAGATTAGC,0,4909637
ygfS_ygfT_predicted,0.14285714285714285,6,6,CGGAGCCTGAACCAGAGCGG,0,4926843
ygfS_ygfT_predicted,0.14285714285714285,6,6,CGCTCGTTATGCCAAGGAGT,0,4924217
ygfS_ygfT_predicted,0.14285714285714285,6,6,CGCTCATATGACTCATTGGG,0,4910532
ygfS_ygfT_predicted,0.14285714285714285,6,6,CGCGTGGTTATCCACTCGAC,0,4923075
ygfS_ygfT_predicted,0.14285714285714285,6,6,CGCGAATACGGGCCGTCCCA,0,4913698
ygfS_ygfT_predicted,0.14285714285714285,6,6,CGCCTAAGCTTTCCATTCCC,0,4917076
ygfS_ygfT_predicted,0.14285714285714285,6,6,CGCCGTTCGCAGGTGGATGT,0,4930595
ygfS_ygfT_predicted,0.14285714285714285,6,6,CGCCCACTGGCGCACATCAG,0,4928998
ygfS_ygfT_predicted,0.14285714285714285,6,6,CGATGGGTTTCCAGTTTAAT,0,4921121
ygfS_ygfT_predicted,0.14285714285714285,6,6,CGATATAGACAAGAGTTTCT,0,4911148
ygfS_ygfT_predicted,0.14285714285714285,6,6,CGATAGTTACATACAAAGGG,0,4915080
ygfS_ygfT_predicted,0.14285714285714285,6,6,CGAGTTAAGCAGCAGCGTTT,0,4910743
ygfS_ygfT_predicted,0.14285714285714285,6,6,CGAGGGCAACGGTAAGCACC,0,4906129
ygfS_ygfT_predicted,0.14285714285714285,6,6,CGAGCGATCCTGCTTCAGCA,0,4914701
ygfS_ygfT_predicted,0.14285714285714285,6,6,CGACTTATTTGACTGTTCGG,0,4926510
ygfS_ygfT_predicted,0.14285714285714285,6,6,CGACGAACAATGTTCAACCG,0,4926371
ygfS_ygfT_predicted,0.14285714285714285,6,6,CGAATCAGGCGATGTTGGAT,0,4919507
ygfS_ygfT_predicted,0.14285714285714285,6,6,CGAACGTAGGAGAATAAGTC,0,4920308
ygfS_ygfT_predicted,0.14285714285714285,6,6,CGAACAGGTACTAATTTGAC,0,4901608
ygfS_ygfT_predicted,0.14285714285714285,6,6,CGAAAACAGAAGCAGTTTAT,0,4903343
ygfS_ygfT_predicted,0.14285714285714285,6,6,CCTTTCTCCCTTCGATCCGT,0,4905519
ygfS_ygfT_predicted,0.14285714285714285,6,6,CCTTAGATCGCGAGCGAGTA,0,4929114
ygfS_ygfT_predicted,0.14285714285714285,6,6,CCTGCGAGGAGATAAGCGGC,0,4899766
ygfS_ygfT_predicted,0.14285714285714285,6,6,CCTCTTGCTGGTTGGGCCAG,0,4920078
ygfS_ygfT_predicted,0.14285714285714285,6,6,CCTCTCACATTATGTGGAAC,0,4924235
ygfS_ygfT_predicted,0.14285714285714285,6,6,CCTCGGAGCCGGAATCACCG,0,4906629
ygfS_ygfT_predicted,0.14285714285714285,6,6,CCTCGCGTGTGGCGTTTAAA,0,4914580
ygfS_ygfT_predicted,0.14285714285714285,6,6,CCTAGTCGTCATTCAACATG,0,4928128
ygfS_ygfT_predicted,0.14285714285714285,6,6,CCTAAAACCTTAGACCCTCA,0,4921264
ygfS_ygfT_predicted,0.14285714285714285,6,6,CCGGGATCGTAGTATCTATA,0,4926562
ygfS_ygfT_predicted,0.14285714285714285,6,6,CCGGGACCTGTCGTTTAAAC,0,4906915
ygfS_ygfT_predicted,0.14285714285714285,6,6,CCGGCTCAAATGAACCAAGT,0,4923483
ygfS_ygfT_predicted,0.14285714285714285,6,6,CCGGCCCGCAGGAAACATAT,0,4906730
ygfS_ygfT_predicted,0.14285714285714285,6,6,CCGCTCGTGGCCTGGACGGT,0,4909364
ygfS_ygfT_predicted,0.14285714285714285,6,6,CCGCGCCATTGTTACATACT,0,4923565
ygfS_ygfT_predicted,0.14285714285714285,6,6,CCGCCGGATAAAACATTGAG,0,4925048
ygfS_ygfT_predicted,0.14285714285714285,6,6,CCGCATATCTAGTTAGTGAC,0,4926461
ygfS_ygfT_predicted,0.14285714285714285,6,6,CCGATCAGCGATATGTGCTC,0,4922794
ygfS_ygfT_predicted,0.14285714285714285,6,6,CCGATACGCGAGTTACTAAC,0,4911047
ygfS_ygfT_predicted,0.14285714285714285,6,6,CCCGTGGGTTTATGGGACGA,0,4931273
ygfS_ygfT_predicted,0.14285714285714285,6,6,CCCGGTCTGCCGCCTATTAC,0,4901947
ygfS_ygfT_predicted,0.14285714285714285,6,6,CCCGGGGTATCGGCAGTATC,0,4914937
ygfS_ygfT_predicted,0.14285714285714285,6,6,CCCGGACTTTGGAGATGGGT,0,4918325
ygfS_ygfT_predicted,0.14285714285714285,6,6,CCCGAGTACTTTTGAAAATT,0,4907834
ygfS_ygfT_predicted,0.14285714285714285,6,6,CCCCGCTGAGTGCTTCACGG,0,4908148
ygfS_ygfT_predicted,0.14285714285714285,6,6,CCCCCGTATACGCTCTTCTC,0,4921232
ygfS_ygfT_predicted,0.14285714285714285,6,6,CCCATACTATGGTCTTGACA,0,4919623
ygfS_ygfT_predicted,0.14285714285714285,6,6,CCCAGGGGCTCAACGCACAG,0,4915646
ygfS_ygfT_predicted,0.14285714285714285,6,6,CCCACAAATCTGTATAGCTA,0,4925724
ygfS_ygfT_predicted,0.14285714285714285,6,6,CCCAAAGGAACGTACTTTCT,0,4925953
ygfS_ygfT_predicted,0.14285714285714285,6,6,CCCAAACGGCCCCGAAGTCG,0,4915210
ygfS_ygfT_predicted,0.14285714285714285,6,6,CCATTTAACTCACAGGAAGT,0,4900993
ygfS_ygfT_predicted,0.14285714285714285,6,6,CCATGACGTCTGCGCCATAC,0,4908133
ygfS_ygfT_predicted,0.14285714285714285,6,6,CCAGTTTCAGATGCGGAATC,0,4905678
ygfS_ygfT_predicted,0.14285714285714285,6,6,CCAGTCTTTTCTCCTAATCC,0,4907117
ygfS_ygfT_predicted,0.14285714285714285,6,6,CCACTCCGGTTCGGGGTGAA,0,4928176
ygfS_ygfT_predicted,0.14285714285714285,6,6,CCACCCGTACGTGCCTTCAT,0,4929139
ygfS_ygfT_predicted,0.14285714285714285,6,6,CCACAGGCGCAGGGGTGCTG,0,4927689
ygfS_ygfT_predicted,0.14285714285714285,6,6,CCAAGAAGTAGTCATGACTC,0,4925026
ygfS_ygfT_predicted,0.14285714285714285,6,6,CCAACAGAATTGATAGTACT,0,4914246
ygfS_ygfT_predicted,0.14285714285714285,6,6,CATTTAGTGACTTCATACTA,0,4908254
ygfS_ygfT_predicted,0.14285714285714285,6,6,CATTGAGGTTCAAATTGAAG,0,4909743
ygfS_ygfT_predicted,0.14285714285714285,6,6,CATTCGGGGTAGGGTCGGCA,0,4923729
ygfS_ygfT_predicted,0.14285714285714285,6,6,CATGTATAGAGGGGCAGCAT,0,4921721
ygfS_ygfT_predicted,0.14285714285714285,6,6,CATGGCAGTATCTCAATGTT,0,4900723
ygfS_ygfT_predicted,0.14285714285714285,6,6,CATCGCGGCGTTCGGTCCGT,0,4919163
ygfS_ygfT_predicted,0.14285714285714285,6,6,CATCGACAAGGCATCCCCCG,0,4913328
ygfS_ygfT_predicted,0.14285714285714285,6,6,CATCAATCAGTGTTTACAGC,0,4908670
ygfS_ygfT_predicted,0.14285714285714285,6,6,CATATCGCCATCGAGGTATA,0,4926892
ygfS_ygfT_predicted,0.14285714285714285,6,6,CATAAGTTCAAGACCGCCAA,0,4907663
ygfS_ygfT_predicted,0.14285714285714285,6,6,CAGTAGATCTGGGGTCAGCT,0,4908956
ygfS_ygfT_predicted,0.14285714285714285,6,6,CAGGTTTATCATGGGGAGAA,0,4904602
ygfS_ygfT_predicted,0.14285714285714285,6,6,CAGGTGAAACATCACAGGTA,0,4905962
ygfS_ygfT_predicted,0.14285714285714285,6,6,CAGGGAGGATACTTCTGCCC,0,4926508
ygfS_ygfT_predicted,0.14285714285714285,6,6,CAGGATGACACGTGGCTGTA,0,4928745
ygfS_ygfT_predicted,0.14285714285714285,6,6,CAGCGGCAGTATCGTAATGT,0,4911578
ygfS_ygfT_predicted,0.14285714285714285,6,6,CAGATTGATGGCGTACATTG,0,4913597
ygfS_ygfT_predicted,0.14285714285714285,6,6,CAGATGACTAGCTAGGACAG,0,4904309
ygfS_ygfT_predicted,0.14285714285714285,6,6,CACTTCATCTGTCCGCGGAA,0,4922474
ygfS_ygfT_predicted,0.14285714285714285,6,6,CACGCGCCCAGAAATACATT,0,4916625
ygfS_ygfT_predicted,0.14285714285714285,6,6,CACCGCATTTGTAGTGAGTA,0,4922219
ygfS_ygfT_predicted,0.14285714285714285,6,6,CACCAATTCAAAGCAAAAAC,0,4927048
ygfS_ygfT_predicted,0.14285714285714285,6,6,CACAGGGTCCATCATTAGTC,0,4917192
ygfS_ygfT_predicted,0.14285714285714285,6,6,CACAAGAGGGGAGGTCTTTT,0,4900678
ygfS_ygfT_predicted,0.14285714285714285,6,6,CACAAAGCGCATTATTCTGT,0,4919704
ygfS_ygfT_predicted,0.14285714285714285,6,6,CAATTTAGTGGCTGATACTC,0,4919083
ygfS_ygfT_predicted,0.14285714285714285,6,6,CAATTAGGAGCAAACACAAC,0,4908687
ygfS_ygfT_predicted,0.14285714285714285,6,6,CAATGTTATCGACCATCGAA,0,4907030
ygfS_ygfT_predicted,0.14285714285714285,6,6,CAATCCTTAAGCTAGTTTCT,0,4917669
ygfS_ygfT_predicted,0.14285714285714285,6,6,CAATCCGCTTGGCGCATAGA,0,4914477
ygfS_ygfT_predicted,0.14285714285714285,6,6,CAAGTGCCGCGGGACACTTA,0,4925072
ygfS_ygfT_predicted,0.14285714285714285,6,6,CAAGCTGGGTGGGAAGCGAT,0,4911220
ygfS_ygfT_predicted,0.14285714285714285,6,6,CAAGCAGTCTATAGGTCGAA,0,4912027
ygfS_ygfT_predicted,0.14285714285714285,6,6,CAAGAAAGTTGGAGCTATCG,0,4915507
ygfS_ygfT_predicted,0.14285714285714285,6,6,CAACGGAAAGGTGGCCGAAG,0,4931451
ygfS_ygfT_predicted,0.14285714285714285,6,6,CAACCTCTCCCCTCATGACC,0,4914736
ygfS_ygfT_predicted,0.14285714285714285,6,6,CAAAGTTAGGACAAGTTGAT,0,4909520
ygfS_ygfT_predicted,0.14285714285714285,6,6,CAAAGGGAACAAATACGTGT,0,4904649
ygfS_ygfT_predicted,0.14285714285714285,6,6,CAAAGATCAAGCATTCGAGT,0,4926980
ygfS_ygfT_predicted,0.14285714285714285,6,6,ATTTTTGAAAGGTCATAATC,0,4900355
ygfS_ygfT_predicted,0.14285714285714285,6,6,ATTTCATTACATAGCAGGTC,0,4916470
ygfS_ygfT_predicted,0.14285714285714285,6,6,ATTGGGATGTAGCACATCAT,0,4924944
ygfS_ygfT_predicted,0.14285714285714285,6,6,ATTGATCCGCTTATTTTACC,0,4913494
ygfS_ygfT_predicted,0.14285714285714285,6,6,ATTCTCAAATGCCGCCATAA,0,4902341
ygfS_ygfT_predicted,0.14285714285714285,6,6,ATTAGAACAAGAGGGTCTGA,0,4918449
ygfS_ygfT_predicted,0.14285714285714285,6,6,ATGTTGTTCTAGAAACAGGT,0,4918711
ygfS_ygfT_predicted,0.14285714285714285,6,6,ATGTGATAGAGATGCCGAAA,0,4909206
ygfS_ygfT_predicted,0.14285714285714285,6,6,ATGTGATACTTTAACACCTC,0,4900281
ygfS_ygfT_predicted,0.14285714285714285,6,6,ATGTCTTTAACAGACTTTGT,0,4928821
ygfS_ygfT_predicted,0.14285714285714285,6,6,ATGTCGGATTTTTCGGTTGA,0,4899688
ygfS_ygfT_predicted,0.14285714285714285,6,6,ATGTATCGCACCACGGCCGC,0,4911038
ygfS_ygfT_predicted,0.14285714285714285,6,6,ATGTAGGACACATGCGAAAA,0,4914360
ygfS_ygfT_predicted,0.14285714285714285,6,6,ATGGGCCTTTGTTTGGGGAC,0,4926453
ygfS_ygfT_predicted,0.14285714285714285,6,6,ATGGAGTAGAACAATCATCT,0,4929518
ygfS_ygfT_predicted,0.14285714285714285,6,6,ATGCTGTGAAGTGTGAAGTT,0,4907368
ygfS_ygfT_predicted,0.14285714285714285,6,6,ATGCGTTCTCGGCAACAACG,0,4918397
ygfS_ygfT_predicted,0.14285714285714285,6,6,ATGCGATATGTGGTAACCAA,0,4914873
ygfS_ygfT_predicted,0.14285714285714285,6,6,ATGCAAATGACATCTTCCAT,0,4923396
ygfS_ygfT_predicted,0.14285714285714285,6,6,ATCTCATGCTAAATAATAGG,0,4924027
ygfS_ygfT_predicted,0.14285714285714285,6,6,ATCTAAGATGCTCATGTCGG,0,4910844
ygfS_ygfT_predicted,0.14285714285714285,6,6,ATCGTTAATTGGCATCCTCG,0,4902382
ygfS_ygfT_predicted,0.14285714285714285,6,6,ATCGTAATTATACACTTTGA,0,4900754
ygfS_ygfT_predicted,0.14285714285714285,6,6,ATCGCTACTCGGCCAAGCTG,0,4909142
ygfS_ygfT_predicted,0.14285714285714285,6,6,ATCGATTGAGTTGCCTGAGG,0,4911745
ygfS_ygfT_predicted,0.14285714285714285,6,6,ATCGAGACGGTTAGCTTCAC,0,4909639
ygfS_ygfT_predicted,0.14285714285714285,6,6,ATCCTTTCCTTATCATCGAA,0,4902863
ygfS_ygfT_predicted,0.14285714285714285,6,6,ATCCAATTGGGGGGTTTCGC,0,4921207
ygfS_ygfT_predicted,0.14285714285714285,6,6,ATCATTGGGAATAGTCCAGG,0,4917501
ygfS_ygfT_predicted,0.14285714285714285,6,6,ATCATAGTGATATCAGCGGT,0,4918002
ygfS_ygfT_predicted,0.14285714285714285,6,6,ATCAGTCGGCGGGTGAAAGG,0,4901709
ygfS_ygfT_predicted,0.14285714285714285,6,6,ATATATCGGGCTTTTCGTGA,0,4926281
ygfS_ygfT_predicted,0.14285714285714285,6,6,ATACGTTAAACTTACCTCTA,0,4901906
ygfS_ygfT_predicted,0.14285714285714285,6,6,ATACGACTCTGGGACCGAAT,0,4926125
ygfS_ygfT_predicted,0.14285714285714285,6,6,ATACCAGCTCAGGTGAGCCG,0,4922170
ygfS_ygfT_predicted,0.14285714285714285,6,6,ATACAAGGTGGTAATGAACA,0,4905620
ygfS_ygfT_predicted,0.14285714285714285,6,6,ATAAGTGTTTGTGACGTGAG,0,4915945
ygfS_ygfT_predicted,0.14285714285714285,6,6,ATAAATCCTATTAGAAATCA,0,4901748
ygfS_ygfT_predicted,0.14285714285714285,6,6,ATAAAATCTTGATGAACGGA,0,4900425
ygfS_ygfT_predicted,0.14285714285714285,6,6,AGTTTGGTTAGTCGTCTGGA,0,4924457
ygfS_ygfT_predicted,0.14285714285714285,6,6,AGTTTGGCTGACGAGAGGAG,0,4917746
ygfS_ygfT_predicted,0.14285714285714285,6,6,AGTTCAAATCTCAAAAATGT,0,4901403
ygfS_ygfT_predicted,0.14285714285714285,6,6,AGTTACCAAGTTCACAGAAG,0,4927726
ygfS_ygfT_predicted,0.14285714285714285,6,6,AGTGGCTGTTGGTTGGGGCA,0,4908739
ygfS_ygfT_predicted,0.14285714285714285,6,6,AGTACGGGAGTCCATGACCC,0,4908029
ygfS_ygfT_predicted,0.14285714285714285,6,6,AGGTTTCCACGTCGCATCCT,0,4927178
ygfS_ygfT_predicted,0.14285714285714285,6,6,AGGTGTGGTGTTGCTTTTGA,0,4925420
ygfS_ygfT_predicted,0.14285714285714285,6,6,AGGTCTTCGGTTTGTCACAA,0,4919160
ygfS_ygfT_predicted,0.14285714285714285,6,6,AGGTATATTTGAAACTGGAT,0,4899684
ygfS_ygfT_predicted,0.14285714285714285,6,6,AGGGTGACATCTTAGAGCGC,0,4922447
ygfS_ygfT_predicted,0.14285714285714285,6,6,AGGGCGTGGGTAAAAGCCGA,0,4928144
ygfS_ygfT_predicted,0.14285714285714285,6,6,AGGATTCTGAATTATAGGCT,0,4931342
ygfS_ygfT_predicted,0.14285714285714285,6,6,AGGAGTTATAGACTCACCCC,0,4904119
ygfS_ygfT_predicted,0.14285714285714285,6,6,AGGAGTGTAATACATTCCCC,0,4921194
ygfS_ygfT_predicted,0.14285714285714285,6,6,AGGAGTAAAATGTAAAACCA,0,4931265
ygfS_ygfT_predicted,0.14285714285714285,6,6,AGCTGCGACTTATAATAAGT,0,4908619
ygfS_ygfT_predicted,0.14285714285714285,6,6,AGCTCGTGTAAATTCGCAGT,0,4926710
ygfS_ygfT_predicted,0.14285714285714285,6,6,AGCTCGTATCACTTTATTGG,0,4909135
ygfS_ygfT_predicted,0.14285714285714285,6,6,AGCGTATGGGCTCATTCAAC,0,4930531
ygfS_ygfT_predicted,0.14285714285714285,6,6,AGCGTAGACAGTCGGGGCGA,0,4902358
ygfS_ygfT_predicted,0.14285714285714285,6,6,AGCGGGAGGCCTTCAATACC,0,4921071
ygfS_ygfT_predicted,0.14285714285714285,6,6,AGCGCCTCGGGCAATATGCT,0,4902180
ygfS_ygfT_predicted,0.14285714285714285,6,6,AGCCGGTCATCCTATTTGGT,0,4901616
ygfS_ygfT_predicted,0.14285714285714285,6,6,AGCCACGGGGATTGCAGAGT,0,4918722
ygfS_ygfT_predicted,0.14285714285714285,6,6,AGCATTTAGAGATTCTGATA,0,4910557
ygfS_ygfT_predicted,0.14285714285714285,6,6,AGATAGAATTCGTAGTGAAG,0,4908789
ygfS_ygfT_predicted,0.14285714285714285,6,6,AGAGTACATATTGTGAGCCC,0,4908083
ygfS_ygfT_predicted,0.14285714285714285,6,6,AGAGCTGGATAAATGTTTCG,0,4924184
ygfS_ygfT_predicted,0.14285714285714285,6,6,AGACCCGTAAAGGCGTTGAT,0,4919939
ygfS_ygfT_predicted,0.14285714285714285,6,6,AGAATTCGGGATGCTAGGGT,0,4921988
ygfS_ygfT_predicted,0.14285714285714285,6,6,AGAATAAGTTAGAGTATTAT,0,4930536
ygfS_ygfT_predicted,0.14285714285714285,6,6,ACTGATATAAGCGTGGAAAT,0,4900326
ygfS_ygfT_predicted,0.14285714285714285,6,6,ACTCTGATCATACGCCTTCA,0,4915546
ygfS_ygfT_predicted,0.14285714285714285,6,6,ACTCTCGCGGTCGGTGGTAG,0,4900674
ygfS_ygfT_predicted,0.14285714285714285,6,6,ACTCACGTTTTATGCCTTCA,0,4902914
ygfS_ygfT_predicted,0.14285714285714285,6,6,ACTAATAATGGGCACGTCCG,0,4910802
ygfS_ygfT_predicted,0.14285714285714285,6,6,ACGTGTTTCTCGGAAAAAAA,0,4912566
ygfS_ygfT_predicted,0.14285714285714285,6,6,ACGTGCAGTTGATTACTGCT,0,4918704
ygfS_ygfT_predicted,0.14285714285714285,6,6,ACGGCGTTTTTGGGTCCGGT,0,4917136
ygfS_ygfT_predicted,0.14285714285714285,6,6,ACGGCCCTCCCTACAGAATG,0,4920837
ygfS_ygfT_predicted,0.14285714285714285,6,6,ACGGATCGGCACGTAGGGTC,0,4915293
ygfS_ygfT_predicted,0.14285714285714285,6,6,ACGCAGTGTTCACCTAGATT,0,4905677
ygfS_ygfT_predicted,0.14285714285714285,6,6,ACGAATATTGTGGTGCCGTT,0,4903029
ygfS_ygfT_predicted,0.14285714285714285,6,6,ACCTGAGGCCTACGTGGGCT,0,4921244
ygfS_ygfT_predicted,0.14285714285714285,6,6,ACCGAGGCCATCGTCGCTTT,0,4922984
ygfS_ygfT_predicted,0.14285714285714285,6,6,ACCCTCGCACCTCGTAACTT,0,4922406
ygfS_ygfT_predicted,0.14285714285714285,6,6,ACCCGGCCGCGACAGTTACT,0,4907353
ygfS_ygfT_predicted,0.14285714285714285,6,6,ACCCCGGCAGTTGGCAGGCT,0,4928272
ygfS_ygfT_predicted,0.14285714285714285,6,6,ACCCCCAGTCCAGCCACACG,0,4917826
ygfS_ygfT_predicted,0.14285714285714285,6,6,ACCCCAGGGTATCTTAGAGG,0,4920129
ygfS_ygfT_predicted,0.14285714285714285,6,6,ACCCATGAAGTTGGGGCCGT,0,4920274
ygfS_ygfT_predicted,0.14285714285714285,6,6,ACCACTCCATTGGCATAACT,0,4925827
ygfS_ygfT_predicted,0.14285714285714285,6,6,ACATTGGCGCTAAGTAGGCT,0,4917865
ygfS_ygfT_predicted,0.14285714285714285,6,6,ACATAGGCCCGTTGATCCGT,0,4908488
ygfS_ygfT_predicted,0.14285714285714285,6,6,ACAGATACTATTTATTGCCT,0,4919282
ygfS_ygfT_predicted,0.14285714285714285,6,6,ACAGAATACGTAGGCATAGC,0,4928713
ygfS_ygfT_predicted,0.14285714285714285,6,6,ACACTTGGTGGCAGCTACTA,0,4909308
ygfS_ygfT_predicted,0.14285714285714285,6,6,ACAACGTCGATGAGTGGTCA,0,4917431
ygfS_ygfT_predicted,0.14285714285714285,6,6,ACAACAGGCACAATATCTGT,0,4907289
ygfS_ygfT_predicted,0.14285714285714285,6,6,AATTTAGAAACCCTCTTATC,0,4906402
ygfS_ygfT_predicted,0.14285714285714285,6,6,AATTGCCCGTGTTACGGTCC,0,4908103
ygfS_ygfT_predicted,0.14285714285714285,6,6,AATCCTCACGCGCGGCAAAA,0,4921598
ygfS_ygfT_predicted,0.14285714285714285,6,6,AATATCACTTTACAGTATTG,0,4928122
ygfS_ygfT_predicted,0.14285714285714285,6,6,AATAACGGGCCTACGCGTCA,0,4922408
ygfS_ygfT_predicted,0.14285714285714285,6,6,AATAAACGGCGAAGCCAGTT,0,4908661
ygfS_ygfT_predicted,0.14285714285714285,6,6,AAGTGGCTACTTTACCGGCG,0,4917141
ygfS_ygfT_predicted,0.14285714285714285,6,6,AAGATATCAAAATGGAATAG,0,4902436
ygfS_ygfT_predicted,0.14285714285714285,6,6,AAGAGGATTAGGGTGTAGCT,0,4908387
ygfS_ygfT_predicted,0.14285714285714285,6,6,AAGACCTCTCTCCGGTCTTT,0,4905635
ygfS_ygfT_predicted,0.14285714285714285,6,6,AAGACCCTTCTTTGTCATAG,0,4929071
ygfS_ygfT_predicted,0.14285714285714285,6,6,AACTTGCACTCTACGGCCTA,0,4925734
ygfS_ygfT_predicted,0.14285714285714285,6,6,AACTTCGTTTTCTCTAAGTA,0,4920323
ygfS_ygfT_predicted,0.14285714285714285,6,6,AACTCAACGGAGATGCGCCA,0,4917290
ygfS_ygfT_predicted,0.14285714285714285,6,6,AACGTACAAAAGCCTCAAAT,0,4918479
ygfS_ygfT_predicted,0.14285714285714285,6,6,AACGGTGAGCTCAGTGAACT,0,4927418
ygfS_ygfT_predicted,0.14285714285714285,6,6,AACGCCGCAGCGCTCTACCC,0,4901456
ygfS_ygfT_predicted,0.14285714285714285,6,6,AACCCAAGCAGAAGCCTATG,0,4926524
ygfS_ygfT_predicted,0.14285714285714285,6,6,AACAATATCACGCGAGGGTC,0,4914635
ygfS_ygfT_predicted,0.14285714285714285,6,6,AAATGTCTCGATCAGGCTAC,0,4924012
ygfS_ygfT_predicted,0.14285714285714285,6,6,AAAGTATGTTAACGGACGCT,0,4927410
ygfS_ygfT_predicted,0.14285714285714285,6,6,AAAGTAGGAAAATATAAAGC,0,4905829
ygfS_ygfT_predicted,0.14285714285714285,6,6,AAAGAGATTTGCTGGCCCGT,0,4913298
ygfS_ygfT_predicted,0.14285714285714285,6,6,AAACTCGACTACACCCGGAC,0,4931225
ygfS_ygfT_predicted,0.16666666666666666,5,5,TTTTTTGGGATATTTATGTG,0,4906694
ygfS_ygfT_predicted,0.16666666666666666,5,5,TTTTTTGGATAAACTATTGG,0,4917980
ygfS_ygfT_predicted,0.16666666666666666,5,5,TTTGTTGGATTTAAAGAGGG,0,4918742
ygfS_ygfT_predicted,0.16666666666666666,5,5,TTTGTATGCGCGTCGCGATA,0,4904010
ygfS_ygfT_predicted,0.16666666666666666,5,5,TTTGTACCTATCAGAGGGAT,0,4905122
ygfS_ygfT_predicted,0.16666666666666666,5,5,TTTCGCCGACTCGTCGTGAA,0,4902785
ygfS_ygfT_predicted,0.16666666666666666,5,5,TTTAGGTCACTCAGGGAATC,0,4911567
ygfS_ygfT_predicted,0.16666666666666666,5,5,TTTAGGAATGGGGCAATAAG,0,4918444
ygfS_ygfT_predicted,0.16666666666666666,5,5,TTTACCTTCCAAAGCGTAGG,0,4910587
ygfS_ygfT_predicted,0.16666666666666666,5,5,TTTAAGCTGCATAAGGCATG,0,4906904
ygfS_ygfT_predicted,0.16666666666666666,5,5,TTGTGAATGTCTATACGCGA,0,4913804
ygfS_ygfT_predicted,0.16666666666666666,5,5,TTGGGCAAGTGCAAACAGGC,0,4908302
ygfS_ygfT_predicted,0.16666666666666666,5,5,TTGGAGATGGCTCGCTCCTG,0,4930354
ygfS_ygfT_predicted,0.16666666666666666,5,5,TTGGAAGACAAATACGTACT,0,4917424
ygfS_ygfT_predicted,0.16666666666666666,5,5,TTGCTTTTTAAGAGCTGAGT,0,4916195
ygfS_ygfT_predicted,0.16666666666666666,5,5,TTGCGGTGTGTCCATGATGG,0,4922590
ygfS_ygfT_predicted,0.16666666666666666,5,5,TTGCGCCCACGTATCTTCCG,0,4916982
ygfS_ygfT_predicted,0.16666666666666666,5,5,TTGCGACGTCACGCGCGTAA,0,4930745
ygfS_ygfT_predicted,0.16666666666666666,5,5,TTGCAGCCGCTCCGGACGGG,0,4916408
ygfS_ygfT_predicted,0.16666666666666666,5,5,TTGATCGCTTCCAAGCTTAA,0,4924854
ygfS_ygfT_predicted,0.16666666666666666,5,5,TTGATATAACTAAACAACCA,0,4912177
ygfS_ygfT_predicted,0.16666666666666666,5,5,TTGAGGTAGAGGGAGCGTGA,0,4922464
ygfS_ygfT_predicted,0.16666666666666666,5,5,TTGACGGAGCCGAAGACAGG,0,4924117
ygfS_ygfT_predicted,0.16666666666666666,5,5,TTCTGGGTAGTCGAGCCTCC,0,4925823
ygfS_ygfT_predicted,0.16666666666666666,5,5,TTCGTAGGGAATGCGACATA,0,4930059
ygfS_ygfT_predicted,0.16666666666666666,5,5,TTCGGAGGGGGTCCTAAGAT,0,4918945
ygfS_ygfT_predicted,0.16666666666666666,5,5,TTCGCCATCACCAATTGTGA,0,4903813
ygfS_ygfT_predicted,0.16666666666666666,5,5,TTCGCACACCCTATGCACAG,0,4906663
ygfS_ygfT_predicted,0.16666666666666666,5,5,TTCGATGGACCGCTTAGTAA,0,4912556
ygfS_ygfT_predicted,0.16666666666666666,5,5,TTCCGGCCGAACTTTGCTAA,0,4930600
ygfS_ygfT_predicted,0.16666666666666666,5,5,TTCCACTCCCCCACCGGAAT,0,4911922
ygfS_ygfT_predicted,0.16666666666666666,5,5,TTCAGTAGAGTTGAGCGGTA,0,4929675
ygfS_ygfT_predicted,0.16666666666666666,5,5,TTATGCAGGCGTCGATTTTG,0,4918034
ygfS_ygfT_predicted,0.16666666666666666,5,5,TTATCTGGAACGGGGATGTC,0,4901499
ygfS_ygfT_predicted,0.16666666666666666,5,5,TTATCCATAATATTATGCCG,0,4928138
ygfS_ygfT_predicted,0.16666666666666666,5,5,TTATCAGAAGACTTTCAAGA,0,4930336
ygfS_ygfT_predicted,0.16666666666666666,5,5,TTATAGCAGGGATAGACACT,0,4917776
ygfS_ygfT_predicted,0.16666666666666666,5,5,TTATACTGCGGCAATACTCA,0,4906047
ygfS_ygfT_predicted,0.16666666666666666,5,5,TTATAACTTGCGTTGTGCTC,0,4927238
ygfS_ygfT_predicted,0.16666666666666666,5,5,TTAGTTTTAAATTTGAGAAG,0,4908860
ygfS_ygfT_predicted,0.16666666666666666,5,5,TTAGTGGAATTCAGTTTTAT,0,4908935
ygfS_ygfT_predicted,0.16666666666666666,5,5,TTAGCGGTGCATGCCGCGCC,0,4903541
ygfS_ygfT_predicted,0.16666666666666666,5,5,TTAGAGTAGAAATGCAGGAT,0,4926090
ygfS_ygfT_predicted,0.16666666666666666,5,5,TTAGACTCGGGCAGAAGGAC,0,4916953
ygfS_ygfT_predicted,0.16666666666666666,5,5,TTAGACCCAGGCAGCCATCA,0,4922648
ygfS_ygfT_predicted,0.16666666666666666,5,5,TTAATTCTCTTCAAGTCAAC,0,4928011
ygfS_ygfT_predicted,0.16666666666666666,5,5,TTAATACACGTTCACCGTCA,0,4917314
ygfS_ygfT_predicted,0.16666666666666666,5,5,TTAAGGATAGCCCGATCACA,0,4923144
ygfS_ygfT_predicted,0.16666666666666666,5,5,TTAAAAGCACATCTATCGTT,0,4920868
ygfS_ygfT_predicted,0.16666666666666666,5,5,TGTTTGTATGAACTCACCTC,0,4925895
ygfS_ygfT_predicted,0.16666666666666666,5,5,TGTTGTCGGGACCGTTCATA,0,4928195
ygfS_ygfT_predicted,0.16666666666666666,5,5,TGTTAGAAAATTTGACGGTG,0,4925818
ygfS_ygfT_predicted,0.16666666666666666,5,5,TGTGTTAATCTTTTGATAAA,0,4922561
ygfS_ygfT_predicted,0.16666666666666666,5,5,TGTGTAGGGTTCGCTTGTGG,0,4913076
ygfS_ygfT_predicted,0.16666666666666666,5,5,TGTCTTCGAGCAGTTACTTT,0,4912455
ygfS_ygfT_predicted,0.16666666666666666,5,5,TGTCTCGTAGATGTTTTCCT,0,4915432
ygfS_ygfT_predicted,0.16666666666666666,5,5,TGTCGTATAACGACAGCATT,0,4912743
ygfS_ygfT_predicted,0.16666666666666666,5,5,TGTCGGTGACGAGAATCATC,0,4918817
ygfS_ygfT_predicted,0.16666666666666666,5,5,TGTAGTGAAGGGCGAGTATG,0,4922655
ygfS_ygfT_predicted,0.16666666666666666,5,5,TGTAATACCCTCCTTCACCA,0,4926213
ygfS_ygfT_predicted,0.16666666666666666,5,5,TGGTGATCCCGCCTGTGGCA,0,4903678
ygfS_ygfT_predicted,0.16666666666666666,5,5,TGGTATGGGAAACAGGTAGT,0,4929988
ygfS_ygfT_predicted,0.16666666666666666,5,5,TGGTATATCCCGCCCCTTTA,0,4924749
ygfS_ygfT_predicted,0.16666666666666666,5,5,TGGTAACTACATAGTTGGTC,0,4922440
ygfS_ygfT_predicted,0.16666666666666666,5,5,TGGGTTGAAGGTCTACCCAC,0,4917578
ygfS_ygfT_predicted,0.16666666666666666,5,5,TGGGCTATTTTTCGCGATTC,0,4909074
ygfS_ygfT_predicted,0.16666666666666666,5,5,TGGGAGCAAGACGGTCAAGA,0,4911238
ygfS_ygfT_predicted,0.16666666666666666,5,5,TGGCGGCATCATATTCGGTG,0,4924965
ygfS_ygfT_predicted,0.16666666666666666,5,5,TGGCGAATAGACTGACCGAA,0,4920489
ygfS_ygfT_predicted,0.16666666666666666,5,5,TGGCGAAGGGACGGCATGCG,0,4925428
ygfS_ygfT_predicted,0.16666666666666666,5,5,TGGCCCGGACTTTAAGCTGA,0,4904507
ygfS_ygfT_predicted,0.16666666666666666,5,5,TGCGGTGCCTTTGGGAGCAG,0,4924003
ygfS_ygfT_predicted,0.16666666666666666,5,5,TGCGCTAAGGTTCGAAGGAG,0,4923884
ygfS_ygfT_predicted,0.16666666666666666,5,5,TGCCTGCGGCATGGAGTTGT,0,4903426
ygfS_ygfT_predicted,0.16666666666666666,5,5,TGCCTATACACTATGATATA,0,4929217
ygfS_ygfT_predicted,0.16666666666666666,5,5,TGCCCGCACGTAACTCAAAG,0,4927080
ygfS_ygfT_predicted,0.16666666666666666,5,5,TGCATCCATGGTACAGGTAG,0,4904192
ygfS_ygfT_predicted,0.16666666666666666,5,5,TGCACAGTCGGGGCTATAGA,0,4925857
ygfS_ygfT_predicted,0.16666666666666666,5,5,TGCAATCTCCAATTTACCTG,0,4909345
ygfS_ygfT_predicted,0.16666666666666666,5,5,TGATGGAGATTCTGTCTCAT,0,4913701
ygfS_ygfT_predicted,0.16666666666666666,5,5,TGATAGAGAGTAACCGGAGC,0,4900502
ygfS_ygfT_predicted,0.16666666666666666,5,5,TGAGTTGGAGTTCGGTCTTG,0,4907818
ygfS_ygfT_predicted,0.16666666666666666,5,5,TGAGTCCACATCACACACTC,0,4930828
ygfS_ygfT_predicted,0.16666666666666666,5,5,TGAGCCGTCGCATAGGCCCT,0,4931118
ygfS_ygfT_predicted,0.16666666666666666,5,5,TGAGATCGGGTAAACTCTTA,0,4925954
ygfS_ygfT_predicted,0.16666666666666666,5,5,TGACTACTGCTGTAGGTTCA,0,4912575
ygfS_ygfT_predicted,0.16666666666666666,5,5,TGACATCCTTTCCTAATGAA,0,4904460
ygfS_ygfT_predicted,0.16666666666666666,5,5,TGAAGAGATATTAGCGCTGT,0,4903101
ygfS_ygfT_predicted,0.16666666666666666,5,5,TGAAAGTCCGACACAGTATT,0,4923862
ygfS_ygfT_predicted,0.16666666666666666,5,5,TCTTGGGCGGGCTAGTTACT,0,4911630
ygfS_ygfT_predicted,0.16666666666666666,5,5,TCTTCGCGAGATTGCATAGT,0,4918197
ygfS_ygfT_predicted,0.16666666666666666,5,5,TCTGGGTGGATAATTAGCAT,0,4922029
ygfS_ygfT_predicted,0.16666666666666666,5,5,TCTATCGGGTACTGAACCTC,0,4928414
ygfS_ygfT_predicted,0.16666666666666666,5,5,TCGTCGGATCGGATCCCATG,0,4929199
ygfS_ygfT_predicted,0.16666666666666666,5,5,TCGTAGATGGCAATTCAAGA,0,4923128
ygfS_ygfT_predicted,0.16666666666666666,5,5,TCGGTGCGGAAGGAGTAGCG,0,4916966
ygfS_ygfT_predicted,0.16666666666666666,5,5,TCGGGGGTGGATAAGTACCC,0,4919422
ygfS_ygfT_predicted,0.16666666666666666,5,5,TCGGGAGGATGGAACCGCGT,0,4922884
ygfS_ygfT_predicted,0.16666666666666666,5,5,TCGGAGTCTGAAAGAACTGG,0,4925725
ygfS_ygfT_predicted,0.16666666666666666,5,5,TCGACTGTGACCTCTGTCAC,0,4923714
ygfS_ygfT_predicted,0.16666666666666666,5,5,TCGAATCGACAGCATACGCA,0,4926791
ygfS_ygfT_predicted,0.16666666666666666,5,5,TCGAAACTTGGTCCTGTGTA,0,4901925
ygfS_ygfT_predicted,0.16666666666666666,5,5,TCCTTCCTTCTCTGCGTATG,0,4900354
ygfS_ygfT_predicted,0.16666666666666666,5,5,TCCTCCCCCATCGCCACATT,0,4909017
ygfS_ygfT_predicted,0.16666666666666666,5,5,TCCTACCAAAGACCTTCGGA,0,4915409
ygfS_ygfT_predicted,0.16666666666666666,5,5,TCCGTATAATCACGACCCAA,0,4931296
ygfS_ygfT_predicted,0.16666666666666666,5,5,TCCCGGGCGTCTGCTCGATA,0,4926825
ygfS_ygfT_predicted,0.16666666666666666,5,5,TCCCAAACCCTTAGTTCTAT,0,4919103
ygfS_ygfT_predicted,0.16666666666666666,5,5,TCCATGTCGAGCGGGGCTCA,0,4916808
ygfS_ygfT_predicted,0.16666666666666666,5,5,TCATTTACCTTACCGTAGCT,0,4921740
ygfS_ygfT_predicted,0.16666666666666666,5,5,TCATTGATACGAGTTAAGTG,0,4912742
ygfS_ygfT_predicted,0.16666666666666666,5,5,TCATGGTGAGAACCCCATTC,0,4917050
ygfS_ygfT_predicted,0.16666666666666666,5,5,TCAGTCTCAACAGCGGTGGA,0,4900576
ygfS_ygfT_predicted,0.16666666666666666,5,5,TCAGCGAAAAACAGATGAGC,0,4902794
ygfS_ygfT_predicted,0.16666666666666666,5,5,TCAAGTTTTAGAGTTATGCT,0,4903297
ygfS_ygfT_predicted,0.16666666666666666,5,5,TCAAGCATCGGCTGTTTGCA,0,4912216
ygfS_ygfT_predicted,0.16666666666666666,5,5,TCAAATAGAGGCCCGTAGCA,0,4916688
ygfS_ygfT_predicted,0.16666666666666666,5,5,TCAAAAGAGGAGACTGTGTG,0,4904566
ygfS_ygfT_predicted,0.16666666666666666,5,5,TATTCGCACGCATACCTGTT,0,4905553
ygfS_ygfT_predicted,0.16666666666666666,5,5,TATGTGGGGGTAACGAGGTG,0,4921366
ygfS_ygfT_predicted,0.16666666666666666,5,5,TATGATGATGCATTAATACC,0,4909366
ygfS_ygfT_predicted,0.16666666666666666,5,5,TATCGCATGTATGGCGTAAG,0,4901142
ygfS_ygfT_predicted,0.16666666666666666,5,5,TATCAGACAAATTCAGTGTC,0,4924098
ygfS_ygfT_predicted,0.16666666666666666,5,5,TATCACTACGCATTCGTGGT,0,4922791
ygfS_ygfT_predicted,0.16666666666666666,5,5,TATAGGGGTTCGTTGATATT,0,4908072
ygfS_ygfT_predicted,0.16666666666666666,5,5,TATAGGAGCTATGTCCAACG,0,4927413
ygfS_ygfT_predicted,0.16666666666666666,5,5,TAGTCATGCCCGTAATATAA,0,4912300
ygfS_ygfT_predicted,0.16666666666666666,5,5,TAGGGAATGTGTCGGGGCCA,0,4928549
ygfS_ygfT_predicted,0.16666666666666666,5,5,TAGGCTAAATGGGTTGTGCT,0,4903127
ygfS_ygfT_predicted,0.16666666666666666,5,5,TAGGACGACAGATCAACCTG,0,4900629
ygfS_ygfT_predicted,0.16666666666666666,5,5,TAGCTTAGAAACCTAGATAT,0,4906789
ygfS_ygfT_predicted,0.16666666666666666,5,5,TAGCGTAACAGTTTTGACGT,0,4928252
ygfS_ygfT_predicted,0.16666666666666666,5,5,TAGAGCTGTGATTGACAGAC,0,4915105
ygfS_ygfT_predicted,0.16666666666666666,5,5,TAGACCTGCGCAGACTCTAC,0,4923341
ygfS_ygfT_predicted,0.16666666666666666,5,5,TACTGCGCGAAAATACGGAG,0,4911479
ygfS_ygfT_predicted,0.16666666666666666,5,5,TACTGAGTTCCGGTAATGGA,0,4924137
ygfS_ygfT_predicted,0.16666666666666666,5,5,TACTACTGGATATATGGACG,0,4926996
ygfS_ygfT_predicted,0.16666666666666666,5,5,TACGTTTTAGCATCCAAAAA,0,4916257
ygfS_ygfT_predicted,0.16666666666666666,5,5,TACGTCAGCCGCTAGAATGG,0,4923054
ygfS_ygfT_predicted,0.16666666666666666,5,5,TACGCCTCACGTATCGGTGC,0,4907027
ygfS_ygfT_predicted,0.16666666666666666,5,5,TACCGTTCACGGTGTGTAGG,0,4903198
ygfS_ygfT_predicted,0.16666666666666666,5,5,TACCAGGTCATACCCACAAA,0,4924382
ygfS_ygfT_predicted,0.16666666666666666,5,5,TACAGAGCGGTAAACAGTAT,0,4901476
ygfS_ygfT_predicted,0.16666666666666666,5,5,TACAATGCGTAGAACGCCGG,0,4912268
ygfS_ygfT_predicted,0.16666666666666666,5,5,TAATACTCAATGGGTATTCA,0,4899695
ygfS_ygfT_predicted,0.16666666666666666,5,5,TAAGGTGGACACATAATCTT,0,4909861
ygfS_ygfT_predicted,0.16666666666666666,5,5,TAAGCTGGGACGCCCTTCTC,0,4902216
ygfS_ygfT_predicted,0.16666666666666666,5,5,TAAGCGTGACTGTAATTGGA,0,4926227
ygfS_ygfT_predicted,0.16666666666666666,5,5,TAAGCGGGAGAATAACAATA,0,4903937
ygfS_ygfT_predicted,0.16666666666666666,5,5,TAAGACAGTACTGTACGGAT,0,4917110
ygfS_ygfT_predicted,0.16666666666666666,5,5,TAACGGGCAGCTACAGAGAA,0,4925003
ygfS_ygfT_predicted,0.16666666666666666,5,5,TAACGACGCGTTTCTTGTGA,0,4912113
ygfS_ygfT_predicted,0.16666666666666666,5,5,TAACCGCTATCTAAAAGTTA,0,4923181
ygfS_ygfT_predicted,0.16666666666666666,5,5,TAACAGCACTTGGGTTCTAG,0,4902384
ygfS_ygfT_predicted,0.16666666666666666,5,5,TAAACGTCTAGGAAAGCTAA,0,4907914
ygfS_ygfT_predicted,0.16666666666666666,5,5,TAAACAGGAGATCGCATTCG,0,4914393
ygfS_ygfT_predicted,0.16666666666666666,5,5,GTTTCCTGACGTCCTAGTTT,0,4922989
ygfS_ygfT_predicted,0.16666666666666666,5,5,GTTTATGCTACTATGTGGCG,0,4909539
ygfS_ygfT_predicted,0.16666666666666666,5,5,GTTTAGAAGTCCAGTGGTTT,0,4929064
ygfS_ygfT_predicted,0.16666666666666666,5,5,GTTGTAGCTAAATGCAGATG,0,4922280
ygfS_ygfT_predicted,0.16666666666666666,5,5,GTTATACGGTAGCCAAGAGA,0,4912606
ygfS_ygfT_predicted,0.16666666666666666,5,5,GTTAACATGGGTAAAGTGAG,0,4903046
ygfS_ygfT_predicted,0.16666666666666666,5,5,GTGTTGAGAAGATCCAAAGA,0,4918051
ygfS_ygfT_predicted,0.16666666666666666,5,5,GTGTTAGACAAAGACAATAA,0,4923266
ygfS_ygfT_predicted,0.16666666666666666,5,5,GTGTGCCCCTGCCGTTGTCC,0,4929928
ygfS_ygfT_predicted,0.16666666666666666,5,5,GTGTAGTTCATCTCCAAATT,0,4905536
ygfS_ygfT_predicted,0.16666666666666666,5,5,GTGGGTTTGCTCACGCGCAG,0,4900031
ygfS_ygfT_predicted,0.16666666666666666,5,5,GTGGGCAGGAACGGAAAAGT,0,4926580
ygfS_ygfT_predicted,0.16666666666666666,5,5,GTGGCCATCGGGACCTAGCC,0,4908848
ygfS_ygfT_predicted,0.16666666666666666,5,5,GTGCTAGACTCAGGTCAGTC,0,4921192
ygfS_ygfT_predicted,0.16666666666666666,5,5,GTGCCGCCTCAGGGCCTCGG,0,4918426
ygfS_ygfT_predicted,0.16666666666666666,5,5,GTGCCACTTTATCGACGCGA,0,4900198
ygfS_ygfT_predicted,0.16666666666666666,5,5,GTGAAGTACAACCTATTAGA,0,4904909
ygfS_ygfT_predicted,0.16666666666666666,5,5,GTCTGTGGGCCGGTGCTCCC,0,4908465
ygfS_ygfT_predicted,0.16666666666666666,5,5,GTCGGCTTGTACCGCAGGTC,0,4901227
ygfS_ygfT_predicted,0.16666666666666666,5,5,GTCGCCTAATTTGTTTTTCT,0,4906986
ygfS_ygfT_predicted,0.16666666666666666,5,5,GTCCTCTTCGTTGTCACGAG,0,4906927
ygfS_ygfT_predicted,0.16666666666666666,5,5,GTCCGATGGAATTACCTTAT,0,4923348
ygfS_ygfT_predicted,0.16666666666666666,5,5,GTCCCCGCGTCAGCAAGGTC,0,4930277
ygfS_ygfT_predicted,0.16666666666666666,5,5,GTCCAACGCTTTTGATAATT,0,4922999
ygfS_ygfT_predicted,0.16666666666666666,5,5,GTCATGTTACGCGGGGTCCA,0,4916751
ygfS_ygfT_predicted,0.16666666666666666,5,5,GTCATGTAAACTTGCCGGCT,0,4911135
ygfS_ygfT_predicted,0.16666666666666666,5,5,GTATGGCGGAATTGATAAGG,0,4919210
ygfS_ygfT_predicted,0.16666666666666666,5,5,GTATGCCGTTTAATACTGTC,0,4902545
ygfS_ygfT_predicted,0.16666666666666666,5,5,GTATATTAATACATGGAGGT,0,4913955
ygfS_ygfT_predicted,0.16666666666666666,5,5,GTAGTTCGTCTAAGTCCGGG,0,4924237
ygfS_ygfT_predicted,0.16666666666666666,5,5,GTAGGCTATCGTTACAAGTT,0,4913739
ygfS_ygfT_predicted,0.16666666666666666,5,5,GTACGGCCGTGGCATCAGGT,0,4900486
ygfS_ygfT_predicted,0.16666666666666666,5,5,GTACCTCGGTGTGCCTGATT,0,4926532
ygfS_ygfT_predicted,0.16666666666666666,5,5,GTACCCGCCCGCAGTGATTT,0,4925287
ygfS_ygfT_predicted,0.16666666666666666,5,5,GTAAGATTTGGTAGCATGCG,0,4927736
ygfS_ygfT_predicted,0.16666666666666666,5,5,GTAACACTGAACGGTATCAA,0,4916032
ygfS_ygfT_predicted,0.16666666666666666,5,5,GGTTATACCCCTATGAGGAG,0,4921922
ygfS_ygfT_predicted,0.16666666666666666,5,5,GGTGTGGTGCGCAGTCCCCA,0,4910901
ygfS_ygfT_predicted,0.16666666666666666,5,5,GGTGTAAGCTAGCTTGATTC,0,4903632
ygfS_ygfT_predicted,0.16666666666666666,5,5,GGTGGCTAATTATGCCGATC,0,4930491
ygfS_ygfT_predicted,0.16666666666666666,5,5,GGTGGAATTTATCATTGGCT,0,4924961
ygfS_ygfT_predicted,0.16666666666666666,5,5,GGTGGAACATTGCACAAAGT,0,4924519
ygfS_ygfT_predicted,0.16666666666666666,5,5,GGTGCACAGAAAACGTTCTG,0,4911226
ygfS_ygfT_predicted,0.16666666666666666,5,5,GGTGAGTAAACGGAGGCATG,0,4919858
ygfS_ygfT_predicted,0.16666666666666666,5,5,GGTCTTCAGCGTTAAACTGA,0,4929598
ygfS_ygfT_predicted,0.16666666666666666,5,5,GGTCTCGTCTAATATGTGTT,0,4917661
ygfS_ygfT_predicted,0.16666666666666666,5,5,GGTCCGGAAAAATACCACTC,0,4926058
ygfS_ygfT_predicted,0.16666666666666666,5,5,GGTCAGCGTCAAACTCCCAT,0,4907601
ygfS_ygfT_predicted,0.16666666666666666,5,5,GGTCAGCGCTACGATCCCCC,0,4900141
ygfS_ygfT_predicted,0.16666666666666666,5,5,GGTATACCTCGGATGGAGAC,0,4921944
ygfS_ygfT_predicted,0.16666666666666666,5,5,GGTAGGTGCGCTCTGATTCA,0,4922741
ygfS_ygfT_predicted,0.16666666666666666,5,5,GGTACGTGGGACTCACTCGC,0,4924617
ygfS_ygfT_predicted,0.16666666666666666,5,5,GGTAACCGGAGGTTAGCTGC,0,4925633
ygfS_ygfT_predicted,0.16666666666666666,5,5,GGGTTTGAAGATCGTCACTC,0,4906309
ygfS_ygfT_predicted,0.16666666666666666,5,5,GGGTGCAAATGTCGGAAAAA,0,4915048
ygfS_ygfT_predicted,0.16666666666666666,5,5,GGGTGAATCTCTCTTATGGT,0,4915770
ygfS_ygfT_predicted,0.16666666666666666,5,5,GGGTCTATACGACAGACTAA,0,4904254
ygfS_ygfT_predicted,0.16666666666666666,5,5,GGGGCGTCGAATTCCGGGAA,0,4913029
ygfS_ygfT_predicted,0.16666666666666666,5,5,GGGCTTTTCATTGCTCCCGT,0,4920315
ygfS_ygfT_predicted,0.16666666666666666,5,5,GGGCTAGCTTGTCAAGAGGA,0,4920527
ygfS_ygfT_predicted,0.16666666666666666,5,5,GGGCAGCAGCGCATTAAGGG,0,4914778
ygfS_ygfT_predicted,0.16666666666666666,5,5,GGGAGCGGCCGTCGCGGCAT,0,4918249
ygfS_ygfT_predicted,0.16666666666666666,5,5,GGGAGATATACGTAAAGCTG,0,4902988
ygfS_ygfT_predicted,0.16666666666666666,5,5,GGGACGCCTACAAGGTAAAT,0,4909594
ygfS_ygfT_predicted,0.16666666666666666,5,5,GGGACGCAACGATTTAAAAT,0,4901492
ygfS_ygfT_predicted,0.16666666666666666,5,5,GGCTGACTAATTTACTGGCA,0,4908388
ygfS_ygfT_predicted,0.16666666666666666,5,5,GGCTCGATAGCAGAATTGAG,0,4923208
ygfS_ygfT_predicted,0.16666666666666666,5,5,GGCTCATGGCGGTCTCCTTC,0,4911959
ygfS_ygfT_predicted,0.16666666666666666,5,5,GGCTACCATGGCAGTTCGCT,0,4917327
ygfS_ygfT_predicted,0.16666666666666666,5,5,GGCTAAGCTAATTGTCCGGA,0,4899985
ygfS_ygfT_predicted,0.16666666666666666,5,5,GGCGTTTGACCAAGCACATT,0,4901165
ygfS_ygfT_predicted,0.16666666666666666,5,5,GGCGCCACTAATGATATCTA,0,4926121
ygfS_ygfT_predicted,0.16666666666666666,5,5,GGCCTGTTTACAAAGTCTGC,0,4915426
ygfS_ygfT_predicted,0.16666666666666666,5,5,GGCCGTCGGCACCTAACGGA,0,4927609
ygfS_ygfT_predicted,0.16666666666666666,5,5,GGCCGCCACCTGTCGGAGGA,0,4923035
ygfS_ygfT_predicted,0.16666666666666666,5,5,GGCCCGTAGTACTTTTCGTA,0,4923697
ygfS_ygfT_predicted,0.16666666666666666,5,5,GGCCAAGGGACCGATTGTAG,0,4913989
ygfS_ygfT_predicted,0.16666666666666666,5,5,GGCATTCAAGTATTCAACTA,0,4914268
ygfS_ygfT_predicted,0.16666666666666666,5,5,GGCATACGCTCAGTACCTGC,0,4920629
ygfS_ygfT_predicted,0.16666666666666666,5,5,GGCAGCTATACACGATCTTC,0,4929248
ygfS_ygfT_predicted,0.16666666666666666,5,5,GGCACGTTAGTATGATGATT,0,4914277
ygfS_ygfT_predicted,0.16666666666666666,5,5,GGATTACACAGACTCTCCTA,0,4924476
ygfS_ygfT_predicted,0.16666666666666666,5,5,GGATGTGGGTAGCACAAGTG,0,4910725
ygfS_ygfT_predicted,0.16666666666666666,5,5,GGATCAGTGTATTCGGAAAT,0,4913191
ygfS_ygfT_predicted,0.16666666666666666,5,5,GGAGGACGGTTCAAGGCTGC,0,4906377
ygfS_ygfT_predicted,0.16666666666666666,5,5,GGAGCATGAAGGATGGCCGA,0,4930139
ygfS_ygfT_predicted,0.16666666666666666,5,5,GGAGCAAACGCGGCCTCTTT,0,4907732
ygfS_ygfT_predicted,0.16666666666666666,5,5,GGAATTTGGCCCGACTGCAG,0,4902660
ygfS_ygfT_predicted,0.16666666666666666,5,5,GGAACCTTCAATATTACGCC,0,4902163
ygfS_ygfT_predicted,0.16666666666666666,5,5,GGAACAGGCTAAAAATGGGG,0,4914186
ygfS_ygfT_predicted,0.16666666666666666,5,5,GGAAAAACATAAGTTCTATA,0,4906566
ygfS_ygfT_predicted,0.16666666666666666,5,5,GCTTTTGCTGGGGACCCGCA,0,4911995
ygfS_ygfT_predicted,0.16666666666666666,5,5,GCTTTATAAAGGTCGCATTA,0,4928273
ygfS_ygfT_predicted,0.16666666666666666,5,5,GCTCCGCGTACCGCGCCTTG,0,4927235
ygfS_ygfT_predicted,0.16666666666666666,5,5,GCTAGCATATGACCCTGATT,0,4926817
ygfS_ygfT_predicted,0.16666666666666666,5,5,GCTAATGGAGGTGCGAGCGA,0,4899970
ygfS_ygfT_predicted,0.16666666666666666,5,5,GCTAAGCTGAACTTACGATG,0,4916829
ygfS_ygfT_predicted,0.16666666666666666,5,5,GCGTTACTAAGTCTTGCGCC,0,4921440
ygfS_ygfT_predicted,0.16666666666666666,5,5,GCGTGTCATCGTGTAGCTAT,0,4924347
ygfS_ygfT_predicted,0.16666666666666666,5,5,GCGTGAGATTGGATTCAATG,0,4930405
ygfS_ygfT_predicted,0.16666666666666666,5,5,GCGTAGGGGCAGATCGCTAG,0,4911522
ygfS_ygfT_predicted,0.16666666666666666,5,5,GCGTAATGAGATCGTAGGGA,0,4910467
ygfS_ygfT_predicted,0.16666666666666666,5,5,GCGGTCTGGGGCTGTCTACG,0,4916676
ygfS_ygfT_predicted,0.16666666666666666,5,5,GCGGTAAGGGTTAGCACATT,0,4917542
ygfS_ygfT_predicted,0.16666666666666666,5,5,GCGGGTCCAGGAAGTGGCAA,0,4914426
ygfS_ygfT_predicted,0.16666666666666666,5,5,GCGGGGGGTCCGGTTATATA,0,4916486
ygfS_ygfT_predicted,0.16666666666666666,5,5,GCGGGAGACCAGGGAAAAAG,0,4927030
ygfS_ygfT_predicted,0.16666666666666666,5,5,GCGGCGCAATAGGGGGCGTA,0,4918305
ygfS_ygfT_predicted,0.16666666666666666,5,5,GCGGCAGTTTAGGGCTCTCA,0,4904018
ygfS_ygfT_predicted,0.16666666666666666,5,5,GCGGACGCTCCCAGGGTGTG,0,4928697
ygfS_ygfT_predicted,0.16666666666666666,5,5,GCGAGCCCTTAGCAATGTTA,0,4928763
ygfS_ygfT_predicted,0.16666666666666666,5,5,GCGAGCATTGGTCACTCCTA,0,4917038
ygfS_ygfT_predicted,0.16666666666666666,5,5,GCCTGATTAAAACAGTAGTA,0,4911128
ygfS_ygfT_predicted,0.16666666666666666,5,5,GCCTACTAGCTATACGGGTG,0,4913859
ygfS_ygfT_predicted,0.16666666666666666,5,5,GCCGTCGGGCCTAAAATGGC,0,4918183
ygfS_ygfT_predicted,0.16666666666666666,5,5,GCCGGGGAGCGCACTCGTTG,0,4912302
ygfS_ygfT_predicted,0.16666666666666666,5,5,GCCGGATGGTTCCAATGGAA,0,4925411
ygfS_ygfT_predicted,0.16666666666666666,5,5,GCCGGACACTTGAAAACTAC,0,4905049
ygfS_ygfT_predicted,0.16666666666666666,5,5,GCCGCTAATTTGGCAATCAA,0,4915705
ygfS_ygfT_predicted,0.16666666666666666,5,5,GCCGAACTACCCCGAGCATT,0,4915672
ygfS_ygfT_predicted,0.16666666666666666,5,5,GCCCGGTAAGCGGGACACTG,0,4908376
ygfS_ygfT_predicted,0.16666666666666666,5,5,GCCCCGTGCCGATCACTTCA,0,4925229
ygfS_ygfT_predicted,0.16666666666666666,5,5,GCCAAGGCGTACAGTCAAGC,0,4929969
ygfS_ygfT_predicted,0.16666666666666666,5,5,GCATTGCTTTGATCCACAGA,0,4915510
ygfS_ygfT_predicted,0.16666666666666666,5,5,GCAGCTTTGAGCAATGAACT,0,4901355
ygfS_ygfT_predicted,0.16666666666666666,5,5,GCACTTAGCGCTGATCAGGT,0,4913563
ygfS_ygfT_predicted,0.16666666666666666,5,5,GCACCTGCCAAACCGCAATA,0,4919739
ygfS_ygfT_predicted,0.16666666666666666,5,5,GCACCGCCTTGACGCAATAC,0,4920886
ygfS_ygfT_predicted,0.16666666666666666,5,5,GCACAAATTAAGCGTAATTT,0,4899725
ygfS_ygfT_predicted,0.16666666666666666,5,5,GCAATGGAGCTTCAACAGAT,0,4918720
ygfS_ygfT_predicted,0.16666666666666666,5,5,GCAACACTACCGACTGGAAT,0,4911103
ygfS_ygfT_predicted,0.16666666666666666,5,5,GCAAATAAATTTTCCATGAT,0,4916376
ygfS_ygfT_predicted,0.16666666666666666,5,5,GATTTATACGGGGGCGACGA,0,4922574
ygfS_ygfT_predicted,0.16666666666666666,5,5,GATTGTATGTGCTCGATCCA,0,4918780
ygfS_ygfT_predicted,0.16666666666666666,5,5,GATGTATCGCTCCGATTTAG,0,4910925
ygfS_ygfT_predicted,0.16666666666666666,5,5,GATGGTCACTGCTAAAGTTC,0,4913123
ygfS_ygfT_predicted,0.16666666666666666,5,5,GATCTCGAATAAACGGTCGT,0,4919092
ygfS_ygfT_predicted,0.16666666666666666,5,5,GATACTCCGGGACCGGGCGA,0,4904281
ygfS_ygfT_predicted,0.16666666666666666,5,5,GATAAATCTACGCCATGTTG,0,4902456
ygfS_ygfT_predicted,0.16666666666666666,5,5,GAGTGAATCTGTGAAAAACA,0,4914825
ygfS_ygfT_predicted,0.16666666666666666,5,5,GAGGTCTTGCGTCGATACGG,0,4925408
ygfS_ygfT_predicted,0.16666666666666666,5,5,GAGCTCGCAGCGCTTCTCAC,0,4924263
ygfS_ygfT_predicted,0.16666666666666666,5,5,GAGCTACCTCGGCTATGGCG,0,4915480
ygfS_ygfT_predicted,0.16666666666666666,5,5,GAGCCTGTCAACAGACTCAC,0,4910774
ygfS_ygfT_predicted,0.16666666666666666,5,5,GAGCCTCAACTCGATTCGCG,0,4900207
ygfS_ygfT_predicted,0.16666666666666666,5,5,GAGATGGATGACAATAGGTG,0,4919069
ygfS_ygfT_predicted,0.16666666666666666,5,5,GAGATCGACTGAGTTAGCCT,0,4920858
ygfS_ygfT_predicted,0.16666666666666666,5,5,GAGAGGTTCACCGTATAAAC,0,4920700
ygfS_ygfT_predicted,0.16666666666666666,5,5,GAGACAGTCGCACAGCAGCT,0,4923046
ygfS_ygfT_predicted,0.16666666666666666,5,5,GACTCCGCCTTGCAAGAGCA,0,4901589
ygfS_ygfT_predicted,0.16666666666666666,5,5,GACTCCCCCACCCTAGTTAG,0,4913197
ygfS_ygfT_predicted,0.16666666666666666,5,5,GACGTTCGTAGACCCGGGTA,0,4922766
ygfS_ygfT_predicted,0.16666666666666666,5,5,GACGTCGTACTCGTATACTT,0,4905628
ygfS_ygfT_predicted,0.16666666666666666,5,5,GACGGCTGGCGCCCACTCAA,0,4917199
ygfS_ygfT_predicted,0.16666666666666666,5,5,GACCGTATCTGGGTAAATGG,0,4923151
ygfS_ygfT_predicted,0.16666666666666666,5,5,GACCGCTGCGATGCCCATCC,0,4921052
ygfS_ygfT_predicted,0.16666666666666666,5,5,GACCAATATACTCTCTGTGT,0,4909784
ygfS_ygfT_predicted,0.16666666666666666,5,5,GACAGGCTCAGTCAAGCCAA,0,4927164
ygfS_ygfT_predicted,0.16666666666666666,5,5,GACAGAGATCCTACAGCGGC,0,4901847
ygfS_ygfT_predicted,0.16666666666666666,5,5,GACAAATTGGTGACCGACTT,0,4920205
ygfS_ygfT_predicted,0.16666666666666666,5,5,GAATGGATTTGACAAATTGT,0,4925161
ygfS_ygfT_predicted,0.16666666666666666,5,5,GAAGTAATCGATACCCGCAT,0,4913604
ygfS_ygfT_predicted,0.16666666666666666,5,5,GAAGGCTACATTTCTGGTTT,0,4901211
ygfS_ygfT_predicted,0.16666666666666666,5,5,GAAGCACTTAGCGATACCTA,0,4913459
ygfS_ygfT_predicted,0.16666666666666666,5,5,GAAGAATTTCCGACTCGACT,0,4929134
ygfS_ygfT_predicted,0.16666666666666666,5,5,GAACCGTGCTGACAAACATT,0,4922705
ygfS_ygfT_predicted,0.16666666666666666,5,5,GAACATCTACCAGGGCGTCG,0,4931191
ygfS_ygfT_predicted,0.16666666666666666,5,5,GAAATTAACTTCATTAGTGG,0,4902250
ygfS_ygfT_predicted,0.16666666666666666,5,5,GAAACGGCACGCCTTGGATG,0,4902472
ygfS_ygfT_predicted,0.16666666666666666,5,5,CTTTCCTATGACCTTCATGT,0,4925434
ygfS_ygfT_predicted,0.16666666666666666,5,5,CTTTATGGACCTTCCCTCTG,0,4905190
ygfS_ygfT_predicted,0.16666666666666666,5,5,CTTTACCTGCTTACGTCACG,0,4908549
ygfS_ygfT_predicted,0.16666666666666666,5,5,CTTGCGGGTATAACGCTGGC,0,4918926
ygfS_ygfT_predicted,0.16666666666666666,5,5,CTTGCACCCTGGCGGAGAGC,0,4925875
ygfS_ygfT_predicted,0.16666666666666666,5,5,CTTGAGCGAATCCACCGACG,0,4907501
ygfS_ygfT_predicted,0.16666666666666666,5,5,CTTGACACATAGTTCATGAA,0,4925159
ygfS_ygfT_predicted,0.16666666666666666,5,5,CTTCTCGTAGCTTGCCTGAC,0,4919671
ygfS_ygfT_predicted,0.16666666666666666,5,5,CTTCGCGACAACTTAGACCT,0,4916146
ygfS_ygfT_predicted,0.16666666666666666,5,5,CTTCGAACCTATAATGGAGT,0,4928148
ygfS_ygfT_predicted,0.16666666666666666,5,5,CTTCCCGCTTCAACTCGGTC,0,4905364
ygfS_ygfT_predicted,0.16666666666666666,5,5,CTTAATGTCTTGAGTAGGTT,0,4901493
ygfS_ygfT_predicted,0.16666666666666666,5,5,CTGTTAATTATGTAAACAAC,0,4904980
ygfS_ygfT_predicted,0.16666666666666666,5,5,CTGTGGATTGGCACGCCATA,0,4912158
ygfS_ygfT_predicted,0.16666666666666666,5,5,CTGGCTTCGACCCCGTCACG,0,4920704
ygfS_ygfT_predicted,0.16666666666666666,5,5,CTGGCTGTCTGAATGCAGAC,0,4928609
ygfS_ygfT_predicted,0.16666666666666666,5,5,CTGCCTAGGCCCCGTAGGGA,0,4931051
ygfS_ygfT_predicted,0.16666666666666666,5,5,CTGCCCGTGCACGCAATTGC,0,4912265
ygfS_ygfT_predicted,0.16666666666666666,5,5,CTGAGTTTGCTACTTATAGT,0,4919824
ygfS_ygfT_predicted,0.16666666666666666,5,5,CTGAGGACTGTTTCGGGCGG,0,4925946
ygfS_ygfT_predicted,0.16666666666666666,5,5,CTCTCGCACCGATCGTAGCT,0,4920159
ygfS_ygfT_predicted,0.16666666666666666,5,5,CTCTATTTCCTTGGGTTATG,0,4925664
ygfS_ygfT_predicted,0.16666666666666666,5,5,CTCTAGACTATGAGAAACGT,0,4910098
ygfS_ygfT_predicted,0.16666666666666666,5,5,CTCGCATACTCCTGAGCCTT,0,4928732
ygfS_ygfT_predicted,0.16666666666666666,5,5,CTCCTCATAGCGATCATGGT,0,4910401
ygfS_ygfT_predicted,0.16666666666666666,5,5,CTCCTCAGACCGCTTCTGAG,0,4930138
ygfS_ygfT_predicted,0.16666666666666666,5,5,CTCCGGGCGATTTAGGCTCT,0,4901973
ygfS_ygfT_predicted,0.16666666666666666,5,5,CTCATTGGGAGGTGGAATGC,0,4913413
ygfS_ygfT_predicted,0.16666666666666666,5,5,CTCATCTCCTTTGATCGAGT,0,4909094
ygfS_ygfT_predicted,0.16666666666666666,5,5,CTCACCCACACAATGTTTCT,0,4921011
ygfS_ygfT_predicted,0.16666666666666666,5,5,CTCAATTATCGGTGACAGTT,0,4908326
ygfS_ygfT_predicted,0.16666666666666666,5,5,CTATGCTGGCTCTCGATGGT,0,4911742
ygfS_ygfT_predicted,0.16666666666666666,5,5,CTATAATGATAGCGCCGATA,0,4922616
ygfS_ygfT_predicted,0.16666666666666666,5,5,CTAGTGCTGAGGGAGCTTCA,0,4900191
ygfS_ygfT_predicted,0.16666666666666666,5,5,CTAGCTGTGTTTCGTCCACG,0,4918872
ygfS_ygfT_predicted,0.16666666666666666,5,5,CTACTTAGCCCAAATGGGTT,0,4917583
ygfS_ygfT_predicted,0.16666666666666666,5,5,CTACGTGAAGAAATATGGAA,0,4914944
ygfS_ygfT_predicted,0.16666666666666666,5,5,CTACCCAACTAATACCGGCT,0,4914325
ygfS_ygfT_predicted,0.16666666666666666,5,5,CTACCACAAATCAGTCGTAT,0,4916514
ygfS_ygfT_predicted,0.16666666666666666,5,5,CTAAACTTACATATTCATTC,0,4909178
ygfS_ygfT_predicted,0.16666666666666666,5,5,CTAAAAAACTGCTCGTTAGC,0,4908285
ygfS_ygfT_predicted,0.16666666666666666,5,5,CGTTGGGGTTATACAAATAG,0,4901554
ygfS_ygfT_predicted,0.16666666666666666,5,5,CGTTGGATTTTGCTTGATTC,0,4921149
ygfS_ygfT_predicted,0.16666666666666666,5,5,CGTTCATTCCAGGGCCATCA,0,4920467
ygfS_ygfT_predicted,0.16666666666666666,5,5,CGTGTTGGGTAACTATTTCC,0,4908898
ygfS_ygfT_predicted,0.16666666666666666,5,5,CGTGTTGATTCCCGTCCGGC,0,4902070
ygfS_ygfT_predicted,0.16666666666666666,5,5,CGTGTGGGTCGAAGTCCGTC,0,4923675
ygfS_ygfT_predicted,0.16666666666666666,5,5,CGTGTCATTTCTCAAGCCTC,0,4917227
ygfS_ygfT_predicted,0.16666666666666666,5,5,CGTGCTCACGAGTTTCAGGG,0,4927088
ygfS_ygfT_predicted,0.16666666666666666,5,5,CGTGCAACGGTTCATTTCGA,0,4909628
ygfS_ygfT_predicted,0.16666666666666666,5,5,CGTGAGCTTGTATATATTGT,0,4919001
ygfS_ygfT_predicted,0.16666666666666666,5,5,CGTCTGATACAAATACTTGT,0,4912084
ygfS_ygfT_predicted,0.16666666666666666,5,5,CGTCGCTTGGCCGCCCTTCA,0,4916226
ygfS_ygfT_predicted,0.16666666666666666,5,5,CGTCAGTGGTAGGATCTTTC,0,4931175
ygfS_ygfT_predicted,0.16666666666666666,5,5,CGTCAGCTCTAATCCCTGAA,0,4918214
ygfS_ygfT_predicted,0.16666666666666666,5,5,CGTATTAGATTGTTCTGACG,0,4925602
ygfS_ygfT_predicted,0.16666666666666666,5,5,CGTATGTCATCCTCAGTGTG,0,4930115
ygfS_ygfT_predicted,0.16666666666666666,5,5,CGTATAACGGTGGCGGCCTT,0,4907545
ygfS_ygfT_predicted,0.16666666666666666,5,5,CGTACTAAGTGTCGCAAAAT,0,4921869
ygfS_ygfT_predicted,0.16666666666666666,5,5,CGTAATACATCGTAAAGATG,0,4915683
ygfS_ygfT_predicted,0.16666666666666666,5,5,CGGTCGCGACCGAGATGTCC,0,4910617
ygfS_ygfT_predicted,0.16666666666666666,5,5,CGGCTGGATAGATGCCGAAC,0,4906530
ygfS_ygfT_predicted,0.16666666666666666,5,5,CGGCTCCTTAGAACCCCCAA,0,4905222
ygfS_ygfT_predicted,0.16666666666666666,5,5,CGGAAAGTGCTGGAACCACT,0,4911725
ygfS_ygfT_predicted,0.16666666666666666,5,5,CGCTTATCGATTGGAAGGCA,0,4928756
ygfS_ygfT_predicted,0.16666666666666666,5,5,CGCTGAGTCGTATAGACTCA,0,4908068
ygfS_ygfT_predicted,0.16666666666666666,5,5,CGCTAGGAAATTCTCGAGGA,0,4926131
ygfS_ygfT_predicted,0.16666666666666666,5,5,CGCGTTGAGAATGATTGGGT,0,4924721
ygfS_ygfT_predicted,0.16666666666666666,5,5,CGCGTGGCAGTCTATGACAG,0,4904494
ygfS_ygfT_predicted,0.16666666666666666,5,5,CGCGTAGACCACCCATGCAG,0,4907565
ygfS_ygfT_predicted,0.16666666666666666,5,5,CGCCTTTAGGGCTCTATAGG,0,4903160
ygfS_ygfT_predicted,0.16666666666666666,5,5,CGCCCCACTATTTCATTGAC,0,4921614
ygfS_ygfT_predicted,0.16666666666666666,5,5,CGCATGTCAAAGTGTCACAC,0,4905070
ygfS_ygfT_predicted,0.16666666666666666,5,5,CGCATCTACCTCCGTCCGAG,0,4922793
ygfS_ygfT_predicted,0.16666666666666666,5,5,CGCATATCAGCCCGGGCTAG,0,4906500
ygfS_ygfT_predicted,0.16666666666666666,5,5,CGCAGGCGCGAAATGATTTT,0,4925665
ygfS_ygfT_predicted,0.16666666666666666,5,5,CGATCCTACTGCTGTCTATA,0,4926072
ygfS_ygfT_predicted,0.16666666666666666,5,5,CGAGAGACACATTTCCAAAA,0,4906966
ygfS_ygfT_predicted,0.16666666666666666,5,5,CGACTAATCTCTCTATTGTT,0,4928847
ygfS_ygfT_predicted,0.16666666666666666,5,5,CGACAGGCTGGATCGATCAA,0,4929583
ygfS_ygfT_predicted,0.16666666666666666,5,5,CGAAGGGATCTGTCCTCCAA,0,4904262
ygfS_ygfT_predicted,0.16666666666666666,5,5,CGAAAAAAGTTAGTGTCTCC,0,4904796
ygfS_ygfT_predicted,0.16666666666666666,5,5,CCTTTTCAGGGGGGACCATG,0,4908519
ygfS_ygfT_predicted,0.16666666666666666,5,5,CCTGTAACATTTGACGTAGT,0,4900614
ygfS_ygfT_predicted,0.16666666666666666,5,5,CCTGACTCCCAGACGTCAAT,0,4901022
ygfS_ygfT_predicted,0.16666666666666666,5,5,CCTCTGGGAGAGATCCACTT,0,4925214
ygfS_ygfT_predicted,0.16666666666666666,5,5,CCTCGCCCAGATATTCGTAG,0,4909306
ygfS_ygfT_predicted,0.16666666666666666,5,5,CCTCCGCGCGTTGAAATAAG,0,4929619
ygfS_ygfT_predicted,0.16666666666666666,5,5,CCTAATGCAGCTGTTGACAA,0,4915057
ygfS_ygfT_predicted,0.16666666666666666,5,5,CCGTGTGAGATCTGTGGTGC,0,4900612
ygfS_ygfT_predicted,0.16666666666666666,5,5,CCGTAGATGACCTGTGTATT,0,4910276
ygfS_ygfT_predicted,0.16666666666666666,5,5,CCGGTGCGACTAGGTTAGTT,0,4908432
ygfS_ygfT_predicted,0.16666666666666666,5,5,CCGGCTGCAAACGTGTTAAA,0,4910890
ygfS_ygfT_predicted,0.16666666666666666,5,5,CCGCGTGCAGCTTGCCATAT,0,4916247
ygfS_ygfT_predicted,0.16666666666666666,5,5,CCGCGGAAATCCTTTAACAT,0,4912133
ygfS_ygfT_predicted,0.16666666666666666,5,5,CCGCCGGACATATCTACGAT,0,4909288
ygfS_ygfT_predicted,0.16666666666666666,5,5,CCGAGCACTCCAGTTTCGTT,0,4902656
ygfS_ygfT_predicted,0.16666666666666666,5,5,CCGAATGTATCGCCCGAGGT,0,4925227
ygfS_ygfT_predicted,0.16666666666666666,5,5,CCCTTCGAAATCGGGGTCTA,0,4912994
ygfS_ygfT_predicted,0.16666666666666666,5,5,CCCTCTAGGCTATGGCAGTG,0,4904472
ygfS_ygfT_predicted,0.16666666666666666,5,5,CCCGCTGTACTACGGAATCT,0,4921579
ygfS_ygfT_predicted,0.16666666666666666,5,5,CCCGCCAATATTTTAAAGGA,0,4903090
ygfS_ygfT_predicted,0.16666666666666666,5,5,CCCCAATGAATGTCTCATGA,0,4916958
ygfS_ygfT_predicted,0.16666666666666666,5,5,CCCAATTACGGCGAGCTCGG,0,4919695
ygfS_ygfT_predicted,0.16666666666666666,5,5,CCATCAACGCCTTTAGCATT,0,4922809
ygfS_ygfT_predicted,0.16666666666666666,5,5,CCAGGGGGTCTGGACCGGGG,0,4902140
ygfS_ygfT_predicted,0.16666666666666666,5,5,CCAGGAGGACTCAGATAGGA,0,4921107
ygfS_ygfT_predicted,0.16666666666666666,5,5,CCAGCACTGTACTAGGCGTA,0,4919122
ygfS_ygfT_predicted,0.16666666666666666,5,5,CCAACTCTTGACGCCATGAG,0,4905599
ygfS_ygfT_predicted,0.16666666666666666,5,5,CCAAACCCACTCGCTTTTAT,0,4929929
ygfS_ygfT_predicted,0.16666666666666666,5,5,CATTAGGCGGGGCAACTAAG,0,4926937
ygfS_ygfT_predicted,0.16666666666666666,5,5,CATGGTCAGGCCGTGTAACA,0,4906451
ygfS_ygfT_predicted,0.16666666666666666,5,5,CATGCAAACCAAGCAAGTGA,0,4924521
ygfS_ygfT_predicted,0.16666666666666666,5,5,CATCCGTCCGATCCCTCGAG,0,4918548
ygfS_ygfT_predicted,0.16666666666666666,5,5,CATAAGAGAACGCGTGGCGT,0,4909339
ygfS_ygfT_predicted,0.16666666666666666,5,5,CAGTTTGGCAGAACACTATC,0,4904333
ygfS_ygfT_predicted,0.16666666666666666,5,5,CAGTGGAAATCTCATCGATT,0,4915303
ygfS_ygfT_predicted,0.16666666666666666,5,5,CAGTGAGCTCGCTTGACTCC,0,4914199
ygfS_ygfT_predicted,0.16666666666666666,5,5,CAGTCTACATATAAGCGACG,0,4909898
ygfS_ygfT_predicted,0.16666666666666666,5,5,CAGTATATAACCGGATTGGG,0,4930397
ygfS_ygfT_predicted,0.16666666666666666,5,5,CAGGTATTTCGAATAGTGGG,0,4919028
ygfS_ygfT_predicted,0.16666666666666666,5,5,CAGGAAATCCAGGCGACGTC,0,4915296
ygfS_ygfT_predicted,0.16666666666666666,5,5,CAGACTCGCTCGCGCCTGTA,0,4930313
ygfS_ygfT_predicted,0.16666666666666666,5,5,CACTTGTCCTGTACAGAATA,0,4919800
ygfS_ygfT_predicted,0.16666666666666666,5,5,CACTCTCATAGGCAGGCCAT,0,4909478
ygfS_ygfT_predicted,0.16666666666666666,5,5,CACGCTAAGGGACCCCATCC,0,4901513
ygfS_ygfT_predicted,0.16666666666666666,5,5,CACGCCAATTGGGTTGCCCC,0,4914037
ygfS_ygfT_predicted,0.16666666666666666,5,5,CACCTGCTTAAGACTTCCAA,0,4927446
ygfS_ygfT_predicted,0.16666666666666666,5,5,CACCATTCGCAGAGCATGGG,0,4904666
ygfS_ygfT_predicted,0.16666666666666666,5,5,CACAGAACGGGCAAGCGTCG,0,4917137
ygfS_ygfT_predicted,0.16666666666666666,5,5,CACACGCTATCGTCACACGA,0,4903869
ygfS_ygfT_predicted,0.16666666666666666,5,5,CACACCATTCGAGGAGCATA,0,4906813
ygfS_ygfT_predicted,0.16666666666666666,5,5,CACAATATCGTCCATTAATA,0,4920054
ygfS_ygfT_predicted,0.16666666666666666,5,5,CAATGGCTCCAGTCGCCCCG,0,4900981
ygfS_ygfT_predicted,0.16666666666666666,5,5,CAATAATGGTTTTGGGCTAG,0,4902429
ygfS_ygfT_predicted,0.16666666666666666,5,5,CAATAACAATTTCCGGCCCC,0,4927514
ygfS_ygfT_predicted,0.16666666666666666,5,5,CAATAAACGTGCAATGCGAA,0,4917676
ygfS_ygfT_predicted,0.16666666666666666,5,5,CAAGGTTTTTACATGGCCTC,0,4902086
ygfS_ygfT_predicted,0.16666666666666666,5,5,CAAGGCGTCATTCTAAGCAG,0,4912164
ygfS_ygfT_predicted,0.16666666666666666,5,5,CAAGACGTATGCGACGTAGC,0,4900200
ygfS_ygfT_predicted,0.16666666666666666,5,5,CAACAGTTGCCCGAACCTCA,0,4925535
ygfS_ygfT_predicted,0.16666666666666666,5,5,CAAATCCCGGAATCGTAATA,0,4914189
ygfS_ygfT_predicted,0.16666666666666666,5,5,CAAAGTTAAATGGCTCACCC,0,4930162
ygfS_ygfT_predicted,0.16666666666666666,5,5,ATTTTCGTGAGGTTGCCGTA,0,4903416
ygfS_ygfT_predicted,0.16666666666666666,5,5,ATTTTATTGATCCGCCACGC,0,4907693
ygfS_ygfT_predicted,0.16666666666666666,5,5,ATTTCGGAAGGGGTTGGGCC,0,4918963
ygfS_ygfT_predicted,0.16666666666666666,5,5,ATTTCAACAAGGTTGGCCGA,0,4911005
ygfS_ygfT_predicted,0.16666666666666666,5,5,ATTGTTTAGGGCCTCGGTTT,0,4919317
ygfS_ygfT_predicted,0.16666666666666666,5,5,ATTGGCAGCTTTTCAGGAAG,0,4901805
ygfS_ygfT_predicted,0.16666666666666666,5,5,ATTGACCGAGTCCCGACTAA,0,4915102
ygfS_ygfT_predicted,0.16666666666666666,5,5,ATTCTTGAGTCATTGACTTT,0,4906208
ygfS_ygfT_predicted,0.16666666666666666,5,5,ATTCTCCCTATGGACTTAAG,0,4924999
ygfS_ygfT_predicted,0.16666666666666666,5,5,ATTCGGGTCGGTTTTTCCAT,0,4900052
ygfS_ygfT_predicted,0.16666666666666666,5,5,ATTCGACCCGGATCGCAGTT,0,4916899
ygfS_ygfT_predicted,0.16666666666666666,5,5,ATTCCGCCTGAAGAGCCCTA,0,4900863
ygfS_ygfT_predicted,0.16666666666666666,5,5,ATTCAGCGCCGATAGCGTCA,0,4904664
ygfS_ygfT_predicted,0.16666666666666666,5,5,ATTACTGTTGCCCCTCGGGA,0,4900816
ygfS_ygfT_predicted,0.16666666666666666,5,5,ATGTTAACGACTCCTAGGGT,0,4907150
ygfS_ygfT_predicted,0.16666666666666666,5,5,ATGTGAGACATTCATACAAA,0,4926670
ygfS_ygfT_predicted,0.16666666666666666,5,5,ATGTGAAATGGATTTCCTCA,0,4925461
ygfS_ygfT_predicted,0.16666666666666666,5,5,ATGTATTTAAAGGCCTACGT,0,4917416
ygfS_ygfT_predicted,0.16666666666666666,5,5,ATGGGAAAGTCACGAAGGGG,0,4907925
ygfS_ygfT_predicted,0.16666666666666666,5,5,ATGGAATCTACATAGGGCCT,0,4902732
ygfS_ygfT_predicted,0.16666666666666666,5,5,ATGCGTCGCTTGCCTGATCA,0,4929409
ygfS_ygfT_predicted,0.16666666666666666,5,5,ATGCGGTGGAGCGGCCGTGG,0,4914702
ygfS_ygfT_predicted,0.16666666666666666,5,5,ATGCGGAGGTAGACAAACGT,0,4905890
ygfS_ygfT_predicted,0.16666666666666666,5,5,ATGCGGAAAACCTACGCTTT,0,4924547
ygfS_ygfT_predicted,0.16666666666666666,5,5,ATGCGATCTTGTAACACTTA,0,4922126
ygfS_ygfT_predicted,0.16666666666666666,5,5,ATGCCGCTTTCTTAGTTATA,0,4902756
ygfS_ygfT_predicted,0.16666666666666666,5,5,ATGATGTGTCACTGATTGGA,0,4926632
ygfS_ygfT_predicted,0.16666666666666666,5,5,ATCTTCTCAACTTTATCTTG,0,4916391
ygfS_ygfT_predicted,0.16666666666666666,5,5,ATCTTCGTACACGCTTACTA,0,4925046
ygfS_ygfT_predicted,0.16666666666666666,5,5,ATCTATCTATCGTATCGGAC,0,4926515
ygfS_ygfT_predicted,0.16666666666666666,5,5,ATCGTTCATTAAGCGAAGGC,0,4922951
ygfS_ygfT_predicted,0.16666666666666666,5,5,ATCGGTAGTTCATTGTCCAG,0,4909304
ygfS_ygfT_predicted,0.16666666666666666,5,5,ATCGCAGAAAGGACAGTTCT,0,4914185
ygfS_ygfT_predicted,0.16666666666666666,5,5,ATCGAGGTGGAACTACAATT,0,4900122
ygfS_ygfT_predicted,0.16666666666666666,5,5,ATCCATTTTAGTGAATACAG,0,4922402
ygfS_ygfT_predicted,0.16666666666666666,5,5,ATCAAGCGGAGCCTAATAAA,0,4903789
ygfS_ygfT_predicted,0.16666666666666666,5,5,ATATGTGGGACGGCTAGTTA,0,4921532
ygfS_ygfT_predicted,0.16666666666666666,5,5,ATATCCCTTCACGCGCAGAC,0,4906856
ygfS_ygfT_predicted,0.16666666666666666,5,5,ATATATCAGAGTGTGTGCCT,0,4931425
ygfS_ygfT_predicted,0.16666666666666666,5,5,ATATATATATGTATCGCTAA,0,4928594
ygfS_ygfT_predicted,0.16666666666666666,5,5,ATAGTTAAGCATGCTGCGTA,0,4901736
ygfS_ygfT_predicted,0.16666666666666666,5,5,ATAGGGAACGCGCGCTACAC,0,4907322
ygfS_ygfT_predicted,0.16666666666666666,5,5,ATAGAGAAGTTGTAGGGCAT,0,4923482
ygfS_ygfT_predicted,0.16666666666666666,5,5,ATACGTTTGAGTGAGACTTC,0,4911199
ygfS_ygfT_predicted,0.16666666666666666,5,5,ATAAGCACCTAAGGCAGGTC,0,4914763
ygfS_ygfT_predicted,0.16666666666666666,5,5,ATAACTGCTGAATAATCCTA,0,4924711
ygfS_ygfT_predicted,0.16666666666666666,5,5,ATAAATTGTCGGTGCTTTAG,0,4928212
ygfS_ygfT_predicted,0.16666666666666666,5,5,ATAAATAGTCGGGTACAGCT,0,4923233
ygfS_ygfT_predicted,0.16666666666666666,5,5,ATAAAACAACGGGGTTAAGT,0,4924341
ygfS_ygfT_predicted,0.16666666666666666,5,5,AGTTTGTCAACGCGTATGAG,0,4912703
ygfS_ygfT_predicted,0.16666666666666666,5,5,AGTTGGGCTCTAAATCTTAA,0,4909328
ygfS_ygfT_predicted,0.16666666666666666,5,5,AGTTGCAGTCACCAGGCGTT,0,4924264
ygfS_ygfT_predicted,0.16666666666666666,5,5,AGTTCCTGTTACCGCGGTCG,0,4912220
ygfS_ygfT_predicted,0.16666666666666666,5,5,AGTGCCGTTAGCTTTTTAAA,0,4926885
ygfS_ygfT_predicted,0.16666666666666666,5,5,AGTCGTCTTGTGGGGATTAC,0,4914210
ygfS_ygfT_predicted,0.16666666666666666,5,5,AGTCGGACTTCTACCCGTCA,0,4930670
ygfS_ygfT_predicted,0.16666666666666666,5,5,AGTATTTCTTGAACAGAGAT,0,4923701
ygfS_ygfT_predicted,0.16666666666666666,5,5,AGTAATAATGGGTCCTTCCA,0,4916170
ygfS_ygfT_predicted,0.16666666666666666,5,5,AGGTTGCCCAGTTATGATGC,0,4913009
ygfS_ygfT_predicted,0.16666666666666666,5,5,AGGTCTGGTGTGGAGGCTAG,0,4904821
ygfS_ygfT_predicted,0.16666666666666666,5,5,AGGTCATTCGATGCGTCTAG,0,4907709
ygfS_ygfT_predicted,0.16666666666666666,5,5,AGGGGTACCTCCTTTAGCAG,0,4904417
ygfS_ygfT_predicted,0.16666666666666666,5,5,AGGGGAGCTAGTGGTTGCCG,0,4899989
ygfS_ygfT_predicted,0.16666666666666666,5,5,AGGGCCGGCCTTTGTTAACT,0,4899996
ygfS_ygfT_predicted,0.16666666666666666,5,5,AGGCCTCTCGCTCAAAACGC,0,4904771
ygfS_ygfT_predicted,0.16666666666666666,5,5,AGGCCTCACCAAGGCCATAT,0,4911586
ygfS_ygfT_predicted,0.16666666666666666,5,5,AGGAGCAGCGGAACAGCCAT,0,4914714
ygfS_ygfT_predicted,0.16666666666666666,5,5,AGCTCGTCCATCGGAGGTGC,0,4928543
ygfS_ygfT_predicted,0.16666666666666666,5,5,AGCCATTCAAGTTGTCTTCG,0,4906658
ygfS_ygfT_predicted,0.16666666666666666,5,5,AGCCATCCTGTTTTTATGCC,0,4931028
ygfS_ygfT_predicted,0.16666666666666666,5,5,AGCCACCCTACGCCGACGCG,0,4907199
ygfS_ygfT_predicted,0.16666666666666666,5,5,AGCATTCTCGGGATTCTCAA,0,4909318
ygfS_ygfT_predicted,0.16666666666666666,5,5,AGCAGTGGTTAGGATGGGCC,0,4904690
ygfS_ygfT_predicted,0.16666666666666666,5,5,AGCACCATAATTAAAGACCT,0,4918295
ygfS_ygfT_predicted,0.16666666666666666,5,5,AGATCTTCCCCGATGCACTG,0,4917550
ygfS_ygfT_predicted,0.16666666666666666,5,5,AGATCCTGTAACCGCCCAGG,0,4925358
ygfS_ygfT_predicted,0.16666666666666666,5,5,AGATATTATCAGGGTCATGT,0,4922419
ygfS_ygfT_predicted,0.16666666666666666,5,5,AGAGTGCGTGTGTTTACGAC,0,4925681
ygfS_ygfT_predicted,0.16666666666666666,5,5,AGAGTACTCAATCGGGGTGG,0,4905295
ygfS_ygfT_predicted,0.16666666666666666,5,5,AGAGTACGCTGGTTGCCTTT,0,4912151
ygfS_ygfT_predicted,0.16666666666666666,5,5,AGAGGTTACCTTGTTGAGGA,0,4908079
ygfS_ygfT_predicted,0.16666666666666666,5,5,AGAGCGCAATCGTGCATCTA,0,4927359
ygfS_ygfT_predicted,0.16666666666666666,5,5,AGAGAATCTGGTAACGGGAA,0,4919444
ygfS_ygfT_predicted,0.16666666666666666,5,5,AGAATAATAACTGATAAGTA,0,4910948
ygfS_ygfT_predicted,0.16666666666666666,5,5,AGAAATCCATCCGACATTAT,0,4907119
ygfS_ygfT_predicted,0.16666666666666666,5,5,AGAAAAGAGCGCAGCTTGTT,0,4928136
ygfS_ygfT_predicted,0.16666666666666666,5,5,ACTTCACCATTAGAGGCGAT,0,4909199
ygfS_ygfT_predicted,0.16666666666666666,5,5,ACTTAGGATGCCAAAGCACA,0,4913007
ygfS_ygfT_predicted,0.16666666666666666,5,5,ACTGTAACTCCGGGCGTTCC,0,4924697
ygfS_ygfT_predicted,0.16666666666666666,5,5,ACTCACTAACTATGAGATAA,0,4918816
ygfS_ygfT_predicted,0.16666666666666666,5,5,ACTCAAAACATAGTGGTGGG,0,4920091
ygfS_ygfT_predicted,0.16666666666666666,5,5,ACTAGGTCCGATAGCTCCCT,0,4917186
ygfS_ygfT_predicted,0.16666666666666666,5,5,ACTACGTCGCCATGTCACTG,0,4922392
ygfS_ygfT_predicted,0.16666666666666666,5,5,ACGTGATCCTCGGGCGGGAT,0,4928824
ygfS_ygfT_predicted,0.16666666666666666,5,5,ACGGGGGGGATCAAGGAAAA,0,4927560
ygfS_ygfT_predicted,0.16666666666666666,5,5,ACGGGATCACCTACCTTGTT,0,4909608
ygfS_ygfT_predicted,0.16666666666666666,5,5,ACGGATACGAAGATTTGGGT,0,4928708
ygfS_ygfT_predicted,0.16666666666666666,5,5,ACGGAGCCAATTGGCTTTTC,0,4914936
ygfS_ygfT_predicted,0.16666666666666666,5,5,ACGGAGAGGTTTAACAGGAT,0,4927304
ygfS_ygfT_predicted,0.16666666666666666,5,5,ACGCTTTCGATTCGTTGCAT,0,4900369
ygfS_ygfT_predicted,0.16666666666666666,5,5,ACGAGTAAGCTAGACGGGGA,0,4922689
ygfS_ygfT_predicted,0.16666666666666666,5,5,ACGACGACTACATCCAGTAC,0,4920594
ygfS_ygfT_predicted,0.16666666666666666,5,5,ACGACCACAGACGCTCACTT,0,4908089
ygfS_ygfT_predicted,0.16666666666666666,5,5,ACGAATACTCTCAGATTACT,0,4925663
ygfS_ygfT_predicted,0.16666666666666666,5,5,ACCTCCCCATGAAGGCGTGG,0,4922444
ygfS_ygfT_predicted,0.16666666666666666,5,5,ACCGGGTAGGTCTATGTAAA,0,4918332
ygfS_ygfT_predicted,0.16666666666666666,5,5,ACCGGGCGCGCCGATACTTT,0,4921829
ygfS_ygfT_predicted,0.16666666666666666,5,5,ACCGGAGCTCAACAAGAGAC,0,4906626
ygfS_ygfT_predicted,0.16666666666666666,5,5,ACCGAATCCTTTCCATCTGG,0,4901624
ygfS_ygfT_predicted,0.16666666666666666,5,5,ACCCTGTGCATCCGGGGCTC,0,4922233
ygfS_ygfT_predicted,0.16666666666666666,5,5,ACCCCTGTTGTTCATACTCC,0,4916875
ygfS_ygfT_predicted,0.16666666666666666,5,5,ACCCCAGCTACGCTACTAGA,0,4918129
ygfS_ygfT_predicted,0.16666666666666666,5,5,ACATTAAAAAGTTGGCCGAC,0,4930392
ygfS_ygfT_predicted,0.16666666666666666,5,5,ACATCATTTGGTAGCTCCGT,0,4915807
ygfS_ygfT_predicted,0.16666666666666666,5,5,ACAGGGTTCGAGAACGTGTA,0,4903818
ygfS_ygfT_predicted,0.16666666666666666,5,5,ACAGCTTATATCTAGGGATA,0,4903414
ygfS_ygfT_predicted,0.16666666666666666,5,5,ACAGAGTGTACCGTATTAGC,0,4915058
ygfS_ygfT_predicted,0.16666666666666666,5,5,ACACGGGCTCGTTTAACATG,0,4923287
ygfS_ygfT_predicted,0.16666666666666666,5,5,ACACCGTATAGTGGATGGTG,0,4905248
ygfS_ygfT_predicted,0.16666666666666666,5,5,ACACACGTGTTAAGTAAGTA,0,4909101
ygfS_ygfT_predicted,0.16666666666666666,5,5,ACAATCGAATTGTCTTTAAA,0,4923120
ygfS_ygfT_predicted,0.16666666666666666,5,5,ACAACGGGGTCTCGAACAGC,0,4915712
ygfS_ygfT_predicted,0.16666666666666666,5,5,AATTCATTCGTCGCTGTAGA,0,4915430
ygfS_ygfT_predicted,0.16666666666666666,5,5,AATGTACCGAGAACCCAGGC,0,4913138
ygfS_ygfT_predicted,0.16666666666666666,5,5,AATGCTGTGTAACCATGCAT,0,4908550
ygfS_ygfT_predicted,0.16666666666666666,5,5,AATGCGCTCACCAAAGCAAG,0,4911603
ygfS_ygfT_predicted,0.16666666666666666,5,5,AATGCCTCGCCCGTCCACGG,0,4925584
ygfS_ygfT_predicted,0.16666666666666666,5,5,AATCTCCAAAACCCAGCATT,0,4909792
ygfS_ygfT_predicted,0.16666666666666666,5,5,AATCACAATTTGAACGCAGT,0,4927258
ygfS_ygfT_predicted,0.16666666666666666,5,5,AATATTTAGCGGTCTCAGGG,0,4907994
ygfS_ygfT_predicted,0.16666666666666666,5,5,AATATTGCAGGAATAGCGGA,0,4930651
ygfS_ygfT_predicted,0.16666666666666666,5,5,AATAGAATTCTAAGCCCGGT,0,4906808
ygfS_ygfT_predicted,0.16666666666666666,5,5,AAGTGTTGCGTCCACAAATT,0,4925632
ygfS_ygfT_predicted,0.16666666666666666,5,5,AAGTACATAGATAAGTGTCA,0,4901309
ygfS_ygfT_predicted,0.16666666666666666,5,5,AAGGAGCCACTGACGACTTA,0,4918577
ygfS_ygfT_predicted,0.16666666666666666,5,5,AAGGAAGTGGCATACCCCGG,0,4911042
ygfS_ygfT_predicted,0.16666666666666666,5,5,AAGCGAGCGAGTACTAACGT,0,4913244
ygfS_ygfT_predicted,0.16666666666666666,5,5,AAGCAGACACGATTGGGCGC,0,4926082
ygfS_ygfT_predicted,0.16666666666666666,5,5,AAGAGCAAGAGGTCCTTGAT,0,4925672
ygfS_ygfT_predicted,0.16666666666666666,5,5,AACGTTTTGGTATCCCTATG,0,4925471
ygfS_ygfT_predicted,0.16666666666666666,5,5,AACGCTCGCCAAAATGTTTC,0,4903137
ygfS_ygfT_predicted,0.16666666666666666,5,5,AAATTGCCCTTGGCTCACTT,0,4917263
ygfS_ygfT_predicted,0.16666666666666666,5,5,AAATGCCTGCCCTATGGCCT,0,4915837
ygfS_ygfT_predicted,0.16666666666666666,5,5,AAATCCTCAATTGCGTGCGG,0,4914484
ygfS_ygfT_predicted,0.16666666666666666,5,5,AAATATACGCAACCTCGCAG,0,4924482
ygfS_ygfT_predicted,0.16666666666666666,5,5,AAATAGCAGCACATTTCATT,0,4901566
ygfS_ygfT_predicted,0.16666666666666666,5,5,AAAGGGCTCACCATTTTTCA,0,4918056
ygfS_ygfT_predicted,0.16666666666666666,5,5,AAAGCGCAAGCACCCCAGCT,0,4909183
ygfS_ygfT_predicted,0.16666666666666666,5,5,AAAGAGTGCCCAAATGTCCT,0,4908480
ygfS_ygfT_predicted,0.16666666666666666,5,5,AAACTGTAAGCGTCAATATA,0,4925009
ygfS_ygfT_predicted,0.16666666666666666,5,5,AAAATCAAGCCACACGGGGC,0,4906387
ygfS_ygfT_predicted,0.16666666666666666,5,5,AAAAGGGTCACTATCAACCA,0,4915870
ygfS_ygfT_predicted,0.16666666666666666,5,5,AAAACTTGGGGTTGCCTTTA,0,4912215
ygfS_ygfT_predicted,0.16666666666666666,5,5,AAAAATCGGCATGCGGTAGC,0,4910593
ygfS_ygfT_predicted,0.2,4,4,TTTTGCGGCCACTACTTCTT,0,4922420
ygfS_ygfT_predicted,0.2,4,4,TTTTGAACGCCTGTAGCTGG,0,4907644
ygfS_ygfT_predicted,0.2,4,4,TTTTCACGCAGACCTACGAG,0,4907453
ygfS_ygfT_predicted,0.2,4,4,TTTTAATCCTCACGCTACGA,0,4925059
ygfS_ygfT_predicted,0.2,4,4,TTTGTTTATTCCAAAATTAG,0,4920774
ygfS_ygfT_predicted,0.2,4,4,TTTGTAGCGAGGAGACGTAA,0,4908348
ygfS_ygfT_predicted,0.2,4,4,TTTGGTAAAGCCTAACCCGG,0,4927635
ygfS_ygfT_predicted,0.2,4,4,TTTGGGCGAGGGCTACGAGG,0,4909544
ygfS_ygfT_predicted,0.2,4,4,TTTCTGTGGTATATGCAGAT,0,4907186
ygfS_ygfT_predicted,0.2,4,4,TTTCTGCCTAAATTTAGGCC,0,4909636
ygfS_ygfT_predicted,0.2,4,4,TTTCCCGCCTTACATAAACA,0,4901060
ygfS_ygfT_predicted,0.2,4,4,TTTCAAGAGATAATATCTCC,0,4913335
ygfS_ygfT_predicted,0.2,4,4,TTTATTAAGGTCTATTTACG,0,4901127
ygfS_ygfT_predicted,0.2,4,4,TTTAGCAAAGCACCGGAGGT,0,4924361
ygfS_ygfT_predicted,0.2,4,4,TTGTTCTGGGTCGGGATCCG,0,4902564
ygfS_ygfT_predicted,0.2,4,4,TTGTGAAGGTGATTAATCTA,0,4904902
ygfS_ygfT_predicted,0.2,4,4,TTGTCTGTGTCCGGCCTTCA,0,4908085
ygfS_ygfT_predicted,0.2,4,4,TTGTCTGGGGATTAAGCGCA,0,4911515
ygfS_ygfT_predicted,0.2,4,4,TTGTAGGAAGTCCCGCATTG,0,4900732
ygfS_ygfT_predicted,0.2,4,4,TTGGCTGAGGAAGATTGACT,0,4911374
ygfS_ygfT_predicted,0.2,4,4,TTGCTCTACAACTTACCACA,0,4907288
ygfS_ygfT_predicted,0.2,4,4,TTGCGTATGTCGCCGGAAAC,0,4901535
ygfS_ygfT_predicted,0.2,4,4,TTGCCCTTAATGTTAGTTTT,0,4926557
ygfS_ygfT_predicted,0.2,4,4,TTGACACTAGCATAATTTGT,0,4902977
ygfS_ygfT_predicted,0.2,4,4,TTCTTCAGCGTTGTGTCACC,0,4925590
ygfS_ygfT_predicted,0.2,4,4,TTCTCCGGCAGTAGGCAAGT,0,4928577
ygfS_ygfT_predicted,0.2,4,4,TTCTCATTGTGCACACGCGC,0,4905112
ygfS_ygfT_predicted,0.2,4,4,TTCTAACACAGAGGCGTTCC,0,4928789
ygfS_ygfT_predicted,0.2,4,4,TTCGGTATTGCAGCAATTAG,0,4907352
ygfS_ygfT_predicted,0.2,4,4,TTCGGGTGACGTGAATACAG,0,4901667
ygfS_ygfT_predicted,0.2,4,4,TTCCTGACGCTGGCAAGCTG,0,4927809
ygfS_ygfT_predicted,0.2,4,4,TTCCGCCGGAACTATATGCT,0,4917760
ygfS_ygfT_predicted,0.2,4,4,TTCCGCATAGCTGATCGAGA,0,4910805
ygfS_ygfT_predicted,0.2,4,4,TTCAGGTCGTCGCGGTGGTA,0,4909709
ygfS_ygfT_predicted,0.2,4,4,TTCAGCCTGCTGTATGCTGC,0,4900178
ygfS_ygfT_predicted,0.2,4,4,TTATCGCAGATGTAAGGCAG,0,4922442
ygfS_ygfT_predicted,0.2,4,4,TTATATCGTGCCATGCATTA,0,4922822
ygfS_ygfT_predicted,0.2,4,4,TTAGTGAACCTTTTCGGCAT,0,4910921
ygfS_ygfT_predicted,0.2,4,4,TTAGGCACGTTGGTCGTCAG,0,4903438
ygfS_ygfT_predicted,0.2,4,4,TTACTTGTTGTTATTAGCCA,0,4919618
ygfS_ygfT_predicted,0.2,4,4,TTACTTCTGCGGTATTAATC,0,4916042
ygfS_ygfT_predicted,0.2,4,4,TTACCGCGTGCAAACGTTCA,0,4922676
ygfS_ygfT_predicted,0.2,4,4,TTACAGGTATACAATCACTG,0,4925351
ygfS_ygfT_predicted,0.2,4,4,TTACAGGGTATACCATCTTC,0,4930910
ygfS_ygfT_predicted,0.2,4,4,TTACAGGGCATAGCGGAACT,0,4925215
ygfS_ygfT_predicted,0.2,4,4,TTAAGTTTCACCGTTTCTTT,0,4903407
ygfS_ygfT_predicted,0.2,4,4,TTAAGACAGTTATGGCGCAA,0,4924693
ygfS_ygfT_predicted,0.2,4,4,TTAAATGCTTAGGAAGTCAT,0,4918522
ygfS_ygfT_predicted,0.2,4,4,TTAAAGAGACAGGAGTGGTC,0,4917018
ygfS_ygfT_predicted,0.2,4,4,TTAAACTCCAGAGAAGGTTT,0,4914624
ygfS_ygfT_predicted,0.2,4,4,TTAAAACCGGATAAACAACT,0,4920208
ygfS_ygfT_predicted,0.2,4,4,TGTTTGTCTTCTATTATGAG,0,4914644
ygfS_ygfT_predicted,0.2,4,4,TGTTTCTGAGCTCACCATGT,0,4902837
ygfS_ygfT_predicted,0.2,4,4,TGTTTATAGGTAACCAACGG,0,4919522
ygfS_ygfT_predicted,0.2,4,4,TGTTCGGTGGCAAATAGGGA,0,4907242
ygfS_ygfT_predicted,0.2,4,4,TGTGTGGGACATAAGGCCCG,0,4917002
ygfS_ygfT_predicted,0.2,4,4,TGTGACTTCCGCAGTACCGC,0,4912354
ygfS_ygfT_predicted,0.2,4,4,TGTCTAAAATTATTGCGGTA,0,4930963
ygfS_ygfT_predicted,0.2,4,4,TGTAGATGACAAACGCCGAC,0,4929932
ygfS_ygfT_predicted,0.2,4,4,TGGTTATGAAATTGTTTCTA,0,4926790
ygfS_ygfT_predicted,0.2,4,4,TGGTCATAGATCGGTATAGC,0,4899943
ygfS_ygfT_predicted,0.2,4,4,TGGTAGGAATTGGTTCCCGG,0,4926818
ygfS_ygfT_predicted,0.2,4,4,TGGGTATTGCTAGGCAGGAT,0,4904903
ygfS_ygfT_predicted,0.2,4,4,TGGGGATGTCGCCGGTCCAG,0,4900710
ygfS_ygfT_predicted,0.2,4,4,TGGGCGGCATGATCTGATCA,0,4912506
ygfS_ygfT_predicted,0.2,4,4,TGGGCGCAAATTTAGCTCCT,0,4917482
ygfS_ygfT_predicted,0.2,4,4,TGGGCCTCCGTCCTCCGAGT,0,4918109
ygfS_ygfT_predicted,0.2,4,4,TGGGCAAACAAGTCAGGGAA,0,4928898
ygfS_ygfT_predicted,0.2,4,4,TGGCTCTTGCACGCGGTTCA,0,4907149
ygfS_ygfT_predicted,0.2,4,4,TGGCGCTCCGAAGAGGGGGC,0,4905735
ygfS_ygfT_predicted,0.2,4,4,TGGCGAGCCCTAATGTCCGC,0,4921347
ygfS_ygfT_predicted,0.2,4,4,TGGCATAAAAGCAACGCAAC,0,4914750
ygfS_ygfT_predicted,0.2,4,4,TGGCAGCGAATTGGACTGAT,0,4900976
ygfS_ygfT_predicted,0.2,4,4,TGGATTTGCCACCACCTCGC,0,4904490
ygfS_ygfT_predicted,0.2,4,4,TGGAGTGTTACATGGAACAA,0,4910391
ygfS_ygfT_predicted,0.2,4,4,TGGAGGCCGAGTCTCATGAT,0,4913083
ygfS_ygfT_predicted,0.2,4,4,TGGAGGAGCTCAGTCTGGTT,0,4929586
ygfS_ygfT_predicted,0.2,4,4,TGGAGCATATTTCGGTACTA,0,4922792
ygfS_ygfT_predicted,0.2,4,4,TGGAGACTCCGGCAGCTAGG,0,4907345
ygfS_ygfT_predicted,0.2,4,4,TGGACTCAAGCAATGTTTCC,0,4910772
ygfS_ygfT_predicted,0.2,4,4,TGCTGCGGTATCTTGCTTAT,0,4908140
ygfS_ygfT_predicted,0.2,4,4,TGCTCTGAACTCGAGGACGA,0,4917463
ygfS_ygfT_predicted,0.2,4,4,TGCTACCTGCTGGTTCGACA,0,4929624
ygfS_ygfT_predicted,0.2,4,4,TGCGAGCTTCATGAGAAAAT,0,4918302
ygfS_ygfT_predicted,0.2,4,4,TGCCGTACGTTGTACCTGGG,0,4929434
ygfS_ygfT_predicted,0.2,4,4,TGCCATACATTCCAGTTATC,0,4922485
ygfS_ygfT_predicted,0.2,4,4,TGCATGTGGTGGAAATGTTC,0,4908538
ygfS_ygfT_predicted,0.2,4,4,TGCACTGTAATAGGACGTCC,0,4919418
ygfS_ygfT_predicted,0.2,4,4,TGCACGGCGGCATTTGCTAT,0,4902735
ygfS_ygfT_predicted,0.2,4,4,TGCACCCCCACACCTATAGT,0,4920325
ygfS_ygfT_predicted,0.2,4,4,TGATTGCACAAGATGACTGA,0,4920408
ygfS_ygfT_predicted,0.2,4,4,TGATTCGAGTTTCTTCGGAT,0,4915986
ygfS_ygfT_predicted,0.2,4,4,TGATCGGTCTCTCACGTCCG,0,4920928
ygfS_ygfT_predicted,0.2,4,4,TGAGGTTCGTCCCTGAACCC,0,4927202
ygfS_ygfT_predicted,0.2,4,4,TGAGCCAACGTGGTATCCTG,0,4912691
ygfS_ygfT_predicted,0.2,4,4,TGAGCACATCGGGCACGGCT,0,4902614
ygfS_ygfT_predicted,0.2,4,4,TGACTCTTAACTACGCATGC,0,4915301
ygfS_ygfT_predicted,0.2,4,4,TGAACGACAAGGTTACCTTC,0,4905113
ygfS_ygfT_predicted,0.2,4,4,TCTTTTGACCTAGTTGATCG,0,4909781
ygfS_ygfT_predicted,0.2,4,4,TCTGCGATTGACGCATCACC,0,4904565
ygfS_ygfT_predicted,0.2,4,4,TCTGCATGTCGAATTTCTAG,0,4926299
ygfS_ygfT_predicted,0.2,4,4,TCTGCATATGGTCTCCTTAG,0,4921852
ygfS_ygfT_predicted,0.2,4,4,TCTGACATCGTGGGGAGGCT,0,4902393
ygfS_ygfT_predicted,0.2,4,4,TCTCGTTTCTGAGCTCGGCA,0,4904170
ygfS_ygfT_predicted,0.2,4,4,TCTCGTACCCATATGCCCAA,0,4900625
ygfS_ygfT_predicted,0.2,4,4,TCTCGGATAGAAATTGCAAT,0,4928009
ygfS_ygfT_predicted,0.2,4,4,TCTCCGTATAAGACAGAATC,0,4923686
ygfS_ygfT_predicted,0.2,4,4,TCTATGGTGGGAACCTCCGG,0,4909548
ygfS_ygfT_predicted,0.2,4,4,TCTACCGTACCCCCTAACTC,0,4907844
ygfS_ygfT_predicted,0.2,4,4,TCGTTGTCCCGACTAGCGCA,0,4917709
ygfS_ygfT_predicted,0.2,4,4,TCGTCCGGTGAGTACCGACG,0,4928849
ygfS_ygfT_predicted,0.2,4,4,TCGTATCCGCGGCCAGAATT,0,4925804
ygfS_ygfT_predicted,0.2,4,4,TCGTATACTTAGGCCAGCGC,0,4915060
ygfS_ygfT_predicted,0.2,4,4,TCGTAGCAGTAATGATATCT,0,4918520
ygfS_ygfT_predicted,0.2,4,4,TCGGTTGGGTACCACGGATG,0,4925191
ygfS_ygfT_predicted,0.2,4,4,TCGGTTGAATGAGATGGTGA,0,4920769
ygfS_ygfT_predicted,0.2,4,4,TCGGTGACCGCGCTTCACAG,0,4923704
ygfS_ygfT_predicted,0.2,4,4,TCGGCGTGGTCGTTTCAAGG,0,4900797
ygfS_ygfT_predicted,0.2,4,4,TCGGCGTGAGGTGCTCACGT,0,4920106
ygfS_ygfT_predicted,0.2,4,4,TCGGCGTGAACGGCGATGCC,0,4903191
ygfS_ygfT_predicted,0.2,4,4,TCGGACGGGCGGGGTAGAAA,0,4925456
ygfS_ygfT_predicted,0.2,4,4,TCGGAACCCTCCGGTTTGTC,0,4918555
ygfS_ygfT_predicted,0.2,4,4,TCGCGGGTTACAAAAGGTTA,0,4922133
ygfS_ygfT_predicted,0.2,4,4,TCGCCAGAGTTACTTGACCC,0,4927923
ygfS_ygfT_predicted,0.2,4,4,TCGCACTCATCTATGAGTTT,0,4920095
ygfS_ygfT_predicted,0.2,4,4,TCGAGCTTCCGCCTATTAGC,0,4909447
ygfS_ygfT_predicted,0.2,4,4,TCCGCTCTGAAGTGCCTCTA,0,4904986
ygfS_ygfT_predicted,0.2,4,4,TCCGAATTATGTCCAGTTGA,0,4900083
ygfS_ygfT_predicted,0.2,4,4,TCCCTAGGTGCCCATCCCCA,0,4903994
ygfS_ygfT_predicted,0.2,4,4,TCCCGGAGGCCAAATCGTAA,0,4917599
ygfS_ygfT_predicted,0.2,4,4,TCCCGCAACTTCTTTTTCTA,0,4908556
ygfS_ygfT_predicted,0.2,4,4,TCCCATACGTAAGAGTCCAA,0,4923747
ygfS_ygfT_predicted,0.2,4,4,TCCATTTTGGTCATAGTAGT,0,4904356
ygfS_ygfT_predicted,0.2,4,4,TCCATTGATGAGTAAGGAAT,0,4928226
ygfS_ygfT_predicted,0.2,4,4,TCCATAAGCTCATGAGTGAT,0,4926940
ygfS_ygfT_predicted,0.2,4,4,TCCAGATAGCCAGTGGAGTC,0,4922899
ygfS_ygfT_predicted,0.2,4,4,TCCAATCATGAAAATATAAC,0,4913649
ygfS_ygfT_predicted,0.2,4,4,TCATTATCGGTAGGTAAAGG,0,4904879
ygfS_ygfT_predicted,0.2,4,4,TCATTAGAAAGGGGCGAGGA,0,4922538
ygfS_ygfT_predicted,0.2,4,4,TCATGCGGTCAAGCGGCCAA,0,4915108
ygfS_ygfT_predicted,0.2,4,4,TCATCAACGCACCACGTCTA,0,4917404
ygfS_ygfT_predicted,0.2,4,4,TCAGTAGTTTTGCTAATATT,0,4915202
ygfS_ygfT_predicted,0.2,4,4,TCAGGAATCCGTGTGAATAG,0,4909446
ygfS_ygfT_predicted,0.2,4,4,TCAGCGTGTAGCTGTGACCA,0,4907575
ygfS_ygfT_predicted,0.2,4,4,TCAGAGCCATATTCTAATTA,0,4921659
ygfS_ygfT_predicted,0.2,4,4,TCACTGTTTTTTCTTAATCG,0,4901272
ygfS_ygfT_predicted,0.2,4,4,TCACTGCTGAAAGGTTAGCT,0,4900790
ygfS_ygfT_predicted,0.2,4,4,TCACGTCCTCTTGTGGGATG,0,4901972
ygfS_ygfT_predicted,0.2,4,4,TCAAGAAGTTACCAATGGTA,0,4916880
ygfS_ygfT_predicted,0.2,4,4,TCAAACGAATTGAGCAGCGA,0,4912549
ygfS_ygfT_predicted,0.2,4,4,TATTTAGAAGCGTATCAACA,0,4921068
ygfS_ygfT_predicted,0.2,4,4,TATTGTTCACTGCTTGGAGG,0,4914497
ygfS_ygfT_predicted,0.2,4,4,TATTAACCGCCGGGATCAAT,0,4928909
ygfS_ygfT_predicted,0.2,4,4,TATGGTTGGGCCGCTTTTGT,0,4929280
ygfS_ygfT_predicted,0.2,4,4,TATGGAAATGATTCAGGGTC,0,4913693
ygfS_ygfT_predicted,0.2,4,4,TATGCATGATTCATCATACG,0,4918975
ygfS_ygfT_predicted,0.2,4,4,TATGAGTATATACGTCGCGT,0,4913764
ygfS_ygfT_predicted,0.2,4,4,TATCGCTGCCTTGGGCAGTA,0,4913633
ygfS_ygfT_predicted,0.2,4,4,TATCACCACGTCAGTCACTC,0,4925928
ygfS_ygfT_predicted,0.2,4,4,TATATCAAATTATCTCGTAT,0,4913668
ygfS_ygfT_predicted,0.2,4,4,TATAGCAGCCGCAAAATGTT,0,4923730
ygfS_ygfT_predicted,0.2,4,4,TATACGCAAGTCACGGCGAC,0,4920833
ygfS_ygfT_predicted,0.2,4,4,TAGGTCCAGGTCTATGTGGT,0,4924154
ygfS_ygfT_predicted,0.2,4,4,TAGGTCAGCCGTTTAAACAT,0,4914665
ygfS_ygfT_predicted,0.2,4,4,TAGGTAACGATCCGCTTAGA,0,4914830
ygfS_ygfT_predicted,0.2,4,4,TAGGGGTTCGGGACGGGATA,0,4914822
ygfS_ygfT_predicted,0.2,4,4,TAGGGGCTCCGTCCCCGTGA,0,4916604
ygfS_ygfT_predicted,0.2,4,4,TAGGGATTTTGACATATGTC,0,4902343
ygfS_ygfT_predicted,0.2,4,4,TAGGCAGAGGGCCTGCCTAG,0,4926402
ygfS_ygfT_predicted,0.2,4,4,TAGCAGGGTCCTTTCATTTG,0,4922486
ygfS_ygfT_predicted,0.2,4,4,TAGCAATCACATTAAGGCAT,0,4924068
ygfS_ygfT_predicted,0.2,4,4,TAGATCCGGTGCTGCAGCAT,0,4928039
ygfS_ygfT_predicted,0.2,4,4,TACGGGAGGCCGCGTTTCCT,0,4927767
ygfS_ygfT_predicted,0.2,4,4,TACGAGTCGGCCAATGCCGG,0,4911188
ygfS_ygfT_predicted,0.2,4,4,TACCGAAAAGCTCTAGCAAA,0,4917241
ygfS_ygfT_predicted,0.2,4,4,TACATTCTATGCGGGATGGT,0,4929947
ygfS_ygfT_predicted,0.2,4,4,TACACCATTTGGATTGGTAT,0,4910343
ygfS_ygfT_predicted,0.2,4,4,TAATTTCGCACGCGCTACGA,0,4904603
ygfS_ygfT_predicted,0.2,4,4,TAAGTTTTAGGTTCTTGGTA,0,4910078
ygfS_ygfT_predicted,0.2,4,4,TAAGTGCCTAGATTCAATTA,0,4901111
ygfS_ygfT_predicted,0.2,4,4,TAAGGGGGTAGTTGGAGTCA,0,4912183
ygfS_ygfT_predicted,0.2,4,4,TAAGATTGAGGCCCACCCTG,0,4907809
ygfS_ygfT_predicted,0.2,4,4,TAACTGCGAGTGAGGTTGAA,0,4914259
ygfS_ygfT_predicted,0.2,4,4,TAACGGCAGGTTTCGGTTAA,0,4900558
ygfS_ygfT_predicted,0.2,4,4,TAACGCCTAAATCTACGATG,0,4900009
ygfS_ygfT_predicted,0.2,4,4,TAAATGTATGACGAATTCGA,0,4910206
ygfS_ygfT_predicted,0.2,4,4,TAAATCACCCTGCTGGTCCG,0,4914002
ygfS_ygfT_predicted,0.2,4,4,TAAAGTTTCCCCCTCATGTG,0,4909062
ygfS_ygfT_predicted,0.2,4,4,TAAACCGTTACCATGAACTA,0,4921005
ygfS_ygfT_predicted,0.2,4,4,GTTTCAATCAGACGCCTAAA,0,4903088
ygfS_ygfT_predicted,0.2,4,4,GTTTAGAACGCGGGTGAATC,0,4921362
ygfS_ygfT_predicted,0.2,4,4,GTTGTTTTCGTAGACTCATT,0,4906390
ygfS_ygfT_predicted,0.2,4,4,GTTGTTGACTATGTGTCACA,0,4910040
ygfS_ygfT_predicted,0.2,4,4,GTTGACAATTTGAGCGTCCT,0,4923794
ygfS_ygfT_predicted,0.2,4,4,GTTATGTGTTTTCCGTTACA,0,4919941
ygfS_ygfT_predicted,0.2,4,4,GTGTGTACCCAATAATAAAT,0,4904298
ygfS_ygfT_predicted,0.2,4,4,GTGTAGCCTGACGCCCCTAA,0,4926259
ygfS_ygfT_predicted,0.2,4,4,GTGGTGGACCGCTTTTCGCC,0,4918802
ygfS_ygfT_predicted,0.2,4,4,GTGGTCTTTGGGACATAAGT,0,4901588
ygfS_ygfT_predicted,0.2,4,4,GTGGGAACCATGCACCCAAC,0,4922230
ygfS_ygfT_predicted,0.2,4,4,GTGCTCCTCTGATGTACCAT,0,4912750
ygfS_ygfT_predicted,0.2,4,4,GTGCGCGGCCTGGGTGGCAT,0,4920570
ygfS_ygfT_predicted,0.2,4,4,GTGCATACTAAGCATCCAAG,0,4916179
ygfS_ygfT_predicted,0.2,4,4,GTGCACTACGTATGAACCCG,0,4918285
ygfS_ygfT_predicted,0.2,4,4,GTGCAAAGGAACCCGCTCAG,0,4900781
ygfS_ygfT_predicted,0.2,4,4,GTGATTTGTGGGTTACTTTA,0,4908461
ygfS_ygfT_predicted,0.2,4,4,GTGATGTCGTCACTTGGCTA,0,4914705
ygfS_ygfT_predicted,0.2,4,4,GTGACCTTTGCAAGTTATTC,0,4900483
ygfS_ygfT_predicted,0.2,4,4,GTGACATGTTATTGAGGACT,0,4926256
ygfS_ygfT_predicted,0.2,4,4,GTGAAGCGACGCTTCAGCAT,0,4909571
ygfS_ygfT_predicted,0.2,4,4,GTCTTGTATGTAACTCCGAG,0,4914236
ygfS_ygfT_predicted,0.2,4,4,GTCTAGGTCACGATGCGGGC,0,4925031
ygfS_ygfT_predicted,0.2,4,4,GTCGTCAGCGCGCTGGTGGC,0,4913109
ygfS_ygfT_predicted,0.2,4,4,GTCGGCCTCTCTGGTCTATG,0,4902271
ygfS_ygfT_predicted,0.2,4,4,GTCGCCGGTTATCGCCATCA,0,4902679
ygfS_ygfT_predicted,0.2,4,4,GTCGAAGACTAGGATAGGTG,0,4916458
ygfS_ygfT_predicted,0.2,4,4,GTCCGCCAGGTAGTCTGCAA,0,4920958
ygfS_ygfT_predicted,0.2,4,4,GTCATCCTTTTTACAGGCCG,0,4926338
ygfS_ygfT_predicted,0.2,4,4,GTCACTTGACCAGGGTTTCT,0,4927339
ygfS_ygfT_predicted,0.2,4,4,GTCAATTACAGTCATAGTGA,0,4901940
ygfS_ygfT_predicted,0.2,4,4,GTCAACAATCCAACGGCCAA,0,4918632
ygfS_ygfT_predicted,0.2,4,4,GTATCCGGCTGGCGGAGGGA,0,4916178
ygfS_ygfT_predicted,0.2,4,4,GTATCCGAGACCGATGTATG,0,4918759
ygfS_ygfT_predicted,0.2,4,4,GTAGGGGGACCTAGTCCTCA,0,4910246
ygfS_ygfT_predicted,0.2,4,4,GTAGACGAAAACATCGGAGT,0,4905981
ygfS_ygfT_predicted,0.2,4,4,GTACGACCACTTGGAAGCCT,0,4919715
ygfS_ygfT_predicted,0.2,4,4,GTACCCCCCAGCAACAGCAC,0,4910504
ygfS_ygfT_predicted,0.2,4,4,GTAATTCATTCAGGAACGTA,0,4901473
ygfS_ygfT_predicted,0.2,4,4,GTAATACGTTTAACCGAAGA,0,4917845
ygfS_ygfT_predicted,0.2,4,4,GTAACAATCTGTTTCCCCCG,0,4915435
ygfS_ygfT_predicted,0.2,4,4,GGTTCCAGCGTTTCGGCAGC,0,4908375
ygfS_ygfT_predicted,0.2,4,4,GGTTCATCTAAGGTACAAGG,0,4909585
ygfS_ygfT_predicted,0.2,4,4,GGTTCACCTGGCTCCGCTGG,0,4928450
ygfS_ygfT_predicted,0.2,4,4,GGTTAAACGAGAGCCACGCG,0,4929713
ygfS_ygfT_predicted,0.2,4,4,GGTGACCTAGGGGGATATTT,0,4928709
ygfS_ygfT_predicted,0.2,4,4,GGTCCGTAACTGCCAGTGGT,0,4904785
ygfS_ygfT_predicted,0.2,4,4,GGTCACTAAATCAGCAACCA,0,4907200
ygfS_ygfT_predicted,0.2,4,4,GGTCAACTCTCTGGACAAGA,0,4921734
ygfS_ygfT_predicted,0.2,4,4,GGTATGGCGGGCGGAAAGCT,0,4913653
ygfS_ygfT_predicted,0.2,4,4,GGTACGGTTGTAGTGGCCTG,0,4907370
ygfS_ygfT_predicted,0.2,4,4,GGTACCCGGTATTGGCGCTA,0,4914867
ygfS_ygfT_predicted,0.2,4,4,GGGTTTGGCTCTAGGCATAA,0,4910494
ygfS_ygfT_predicted,0.2,4,4,GGGTTTAGGCTTCGCTCCCA,0,4901263
ygfS_ygfT_predicted,0.2,4,4,GGGTGCGTGTTGTCAGGTAG,0,4918385
ygfS_ygfT_predicted,0.2,4,4,GGGTCTTTGCCCTTGGTTTT,0,4910221
ygfS_ygfT_predicted,0.2,4,4,GGGTCTTGCCTCGATCGACA,0,4901650
ygfS_ygfT_predicted,0.2,4,4,GGGGGATCTATACTCCCTGA,0,4918307
ygfS_ygfT_predicted,0.2,4,4,GGGGCGCTCTAAAAGCTTTA,0,4926405
ygfS_ygfT_predicted,0.2,4,4,GGGGCACTTGAGGCCAGCGG,0,4919773
ygfS_ygfT_predicted,0.2,4,4,GGGGACAGCTAAGGTTAACT,0,4923882
ygfS_ygfT_predicted,0.2,4,4,GGGCGCTCAAAAGGTGGGAG,0,4912693
ygfS_ygfT_predicted,0.2,4,4,GGGCAACTTGGGATCGTTTA,0,4929646
ygfS_ygfT_predicted,0.2,4,4,GGGATTGGAGCATGTTGGAA,0,4930269
ygfS_ygfT_predicted,0.2,4,4,GGGATGTACCTTTTAACCTC,0,4925573
ygfS_ygfT_predicted,0.2,4,4,GGGATCGGTTAGGTTCGTTA,0,4917150
ygfS_ygfT_predicted,0.2,4,4,GGGATAAGGCTTAAACACGG,0,4918613
ygfS_ygfT_predicted,0.2,4,4,GGGAGTTCGGCCTGCATTAA,0,4914389
ygfS_ygfT_predicted,0.2,4,4,GGGAGATCTTCACGCCCGAC,0,4928767
ygfS_ygfT_predicted,0.2,4,4,GGGAGAGGATACTCGTTTGT,0,4915647
ygfS_ygfT_predicted,0.2,4,4,GGCTTGCTAGAACGTGAGAG,0,4931091
ygfS_ygfT_predicted,0.2,4,4,GGCTTCAAGGGGGATACAGA,0,4906898
ygfS_ygfT_predicted,0.2,4,4,GGCTCTACATCCAACGCATT,0,4914876
ygfS_ygfT_predicted,0.2,4,4,GGCTCAGTACCATATAAAAA,0,4912584
ygfS_ygfT_predicted,0.2,4,4,GGCGGCTTTATGAACCTGGC,0,4908101
ygfS_ygfT_predicted,0.2,4,4,GGCGGCATGTACACGACCTA,0,4916074
ygfS_ygfT_predicted,0.2,4,4,GGCGCTTCGCGTACTGTGTA,0,4907717
ygfS_ygfT_predicted,0.2,4,4,GGCGCCCTTTACCAGCCTAG,0,4902694
ygfS_ygfT_predicted,0.2,4,4,GGCGAAGGAGTTCTTTACCG,0,4922357
ygfS_ygfT_predicted,0.2,4,4,GGCCTGGGGTTCCACTCGTC,0,4923325
ygfS_ygfT_predicted,0.2,4,4,GGCCGCAAACAAATTACCGC,0,4904633
ygfS_ygfT_predicted,0.2,4,4,GGCAGTCGTCGTCCACGCGC,0,4926260
ygfS_ygfT_predicted,0.2,4,4,GGCAGCTTGAATAAATTTTC,0,4920940
ygfS_ygfT_predicted,0.2,4,4,GGCAAACTCAACGCGGGTAA,0,4899919
ygfS_ygfT_predicted,0.2,4,4,GGATTTCCATATGGTCTTCT,0,4903315
ygfS_ygfT_predicted,0.2,4,4,GGATTCTAGGAAGCCACACG,0,4923133
ygfS_ygfT_predicted,0.2,4,4,GGATTCACGCAGGACTGCTC,0,4927430
ygfS_ygfT_predicted,0.2,4,4,GGATTATGTACTGTCTATTC,0,4917759
ygfS_ygfT_predicted,0.2,4,4,GGATGCGCTGTTTCGACGAG,0,4927993
ygfS_ygfT_predicted,0.2,4,4,GGATCTTTAGTGGAGCCTAA,0,4924247
ygfS_ygfT_predicted,0.2,4,4,GGATCCAGCGCTAGCGGTCA,0,4923610
ygfS_ygfT_predicted,0.2,4,4,GGAGTAGCGGCACACCCTTT,0,4902008
ygfS_ygfT_predicted,0.2,4,4,GGAGGAATTCCCAGTTCGCA,0,4906801
ygfS_ygfT_predicted,0.2,4,4,GGAGCTGGGCATCAACACGA,0,4903909
ygfS_ygfT_predicted,0.2,4,4,GGAGAGCCTTTGCAAAACTC,0,4922286
ygfS_ygfT_predicted,0.2,4,4,GGACTGCAAAGAAGTGCCGG,0,4927873
ygfS_ygfT_predicted,0.2,4,4,GGACCGAGCGCATGCGACTG,0,4923147
ygfS_ygfT_predicted,0.2,4,4,GGAAGCTTGGAACTCAGTAT,0,4919776
ygfS_ygfT_predicted,0.2,4,4,GGAAGCTCACAAGTTCAAGG,0,4910385
ygfS_ygfT_predicted,0.2,4,4,GGAAACGCGTGGCCCTATCC,0,4923601
ygfS_ygfT_predicted,0.2,4,4,GCTTTGCACAAAGCGGATGT,0,4909499
ygfS_ygfT_predicted,0.2,4,4,GCTGTGGGTTCGCCCCGCCA,0,4908327
ygfS_ygfT_predicted,0.2,4,4,GCTGAGGTTCGGAGCTTGTG,0,4923625
ygfS_ygfT_predicted,0.2,4,4,GCTCGTTCAGTGTGCCCATG,0,4905517
ygfS_ygfT_predicted,0.2,4,4,GCTCGTTATCTTTGATGCGT,0,4911256
ygfS_ygfT_predicted,0.2,4,4,GCTCGGAGGGGCCACGAAAT,0,4918726
ygfS_ygfT_predicted,0.2,4,4,GCTCGCTAGATGCGGGAATG,0,4911911
ygfS_ygfT_predicted,0.2,4,4,GCTCGCAAGCTCCACATGAT,0,4909911
ygfS_ygfT_predicted,0.2,4,4,GCTCATGGCAAAACCTTTTG,0,4923799
ygfS_ygfT_predicted,0.2,4,4,GCTCATGACCGATATAATAT,0,4903741
ygfS_ygfT_predicted,0.2,4,4,GCTATGGGTTCACCTTTGGG,0,4926011
ygfS_ygfT_predicted,0.2,4,4,GCGTTCGTCCGCAAGGAGAT,0,4900956
ygfS_ygfT_predicted,0.2,4,4,GCGTGTCGGTCTCAATTCGT,0,4908166
ygfS_ygfT_predicted,0.2,4,4,GCGTCCTAGGGCTTCGTATG,0,4925923
ygfS_ygfT_predicted,0.2,4,4,GCGTCAGTTCGATTCAAGCG,0,4921387
ygfS_ygfT_predicted,0.2,4,4,GCGTATGCAAATGGGCCACG,0,4916544
ygfS_ygfT_predicted,0.2,4,4,GCGGTTCCCACTGTATGACT,0,4923929
ygfS_ygfT_predicted,0.2,4,4,GCGGGTTACGGCCAAGATTA,0,4914357
ygfS_ygfT_predicted,0.2,4,4,GCGGCTGGATGGATGAGCTT,0,4903255
ygfS_ygfT_predicted,0.2,4,4,GCGGCTAGTCCGGCTACCAG,0,4924138
ygfS_ygfT_predicted,0.2,4,4,GCGGAGTTATAATGACCAGT,0,4904756
ygfS_ygfT_predicted,0.2,4,4,GCGCTGGACCCATCGAAGGA,0,4919595
ygfS_ygfT_predicted,0.2,4,4,GCGCGGGTCATGACGATAAA,0,4926809
ygfS_ygfT_predicted,0.2,4,4,GCGCGGACTTCTGCATCGCC,0,4928344
ygfS_ygfT_predicted,0.2,4,4,GCGATCTTCCAAAAATATCA,0,4901446
ygfS_ygfT_predicted,0.2,4,4,GCGATCCGCATGTTAAGATC,0,4930538
ygfS_ygfT_predicted,0.2,4,4,GCGAGTCAACAGACTTGCTT,0,4919193
ygfS_ygfT_predicted,0.2,4,4,GCCTTTTAGTGGTGTATAAA,0,4911577
ygfS_ygfT_predicted,0.2,4,4,GCCTTTGGGGTGCCCAGCCT,0,4906696
ygfS_ygfT_predicted,0.2,4,4,GCCTCAACTGTTGGGATCTA,0,4921832
ygfS_ygfT_predicted,0.2,4,4,GCCGTCCATTGGGGAAGTGG,0,4918896
ygfS_ygfT_predicted,0.2,4,4,GCCGGTGGGGTCGTCGTGCT,0,4925581
ygfS_ygfT_predicted,0.2,4,4,GCCCGCTCCAGCAGCCGTCA,0,4911563
ygfS_ygfT_predicted,0.2,4,4,GCCCCAGAGAATAAGTCCTG,0,4910312
ygfS_ygfT_predicted,0.2,4,4,GCCCACTTCGGCCGCGAAGG,0,4906436
ygfS_ygfT_predicted,0.2,4,4,GCCACTTTTGTCACGCGACG,0,4923424
ygfS_ygfT_predicted,0.2,4,4,GCCACTATGGCTCTCTCAAT,0,4904415
ygfS_ygfT_predicted,0.2,4,4,GCATGGAGTGTGGCGATTCA,0,4917422
ygfS_ygfT_predicted,0.2,4,4,GCATCTCGGGGAGTACCTGA,0,4918630
ygfS_ygfT_predicted,0.2,4,4,GCATATGTGTTTGGGACATT,0,4919364
ygfS_ygfT_predicted,0.2,4,4,GCAGCGCCAGTGGTATAACC,0,4921329
ygfS_ygfT_predicted,0.2,4,4,GCAGCATAAGTGTGTCGCCT,0,4914992
ygfS_ygfT_predicted,0.2,4,4,GCAGAATAACCAACTGTCTG,0,4911496
ygfS_ygfT_predicted,0.2,4,4,GCACGTTCAGGATCCCGACT,0,4913465
ygfS_ygfT_predicted,0.2,4,4,GCACGGGAAAGATGATGCAG,0,4922928
ygfS_ygfT_predicted,0.2,4,4,GCACGAGTCAAATGGGTCCA,0,4910680
ygfS_ygfT_predicted,0.2,4,4,GCAAATCCTATTATATCATC,0,4914704
ygfS_ygfT_predicted,0.2,4,4,GCAAAAAATCGCGGAGAGTT,0,4916627
ygfS_ygfT_predicted,0.2,4,4,GATTTGCTAATGCGCGAACC,0,4899947
ygfS_ygfT_predicted,0.2,4,4,GATTCTGAGAGGACCTGGCT,0,4917531
ygfS_ygfT_predicted,0.2,4,4,GATTCATGAATCCTAGTTTC,0,4912135
ygfS_ygfT_predicted,0.2,4,4,GATTATCTGACATGTTAAGC,0,4906426
ygfS_ygfT_predicted,0.2,4,4,GATGTTCGTTATTAGACCTG,0,4907678
ygfS_ygfT_predicted,0.2,4,4,GATGTGTGCAGGCGGAAGGT,0,4921236
ygfS_ygfT_predicted,0.2,4,4,GATGTGGTTACCGTGTGTGT,0,4926724
ygfS_ygfT_predicted,0.2,4,4,GATCGTTCTAGTCAAATCTG,0,4902397
ygfS_ygfT_predicted,0.2,4,4,GATCCAAGTGAGTTCATTAT,0,4913048
ygfS_ygfT_predicted,0.2,4,4,GATAGTACGTACGATGGTAG,0,4921725
ygfS_ygfT_predicted,0.2,4,4,GATACTTCCGAAGGTCGTCT,0,4909826
ygfS_ygfT_predicted,0.2,4,4,GATACGGCGTCTGAATGGAT,0,4925521
ygfS_ygfT_predicted,0.2,4,4,GATACAGGGGTTACTATAAC,0,4908887
ygfS_ygfT_predicted,0.2,4,4,GAGTTATAACTGGCTACACT,0,4922362
ygfS_ygfT_predicted,0.2,4,4,GAGTGAAGTTGCCATGGTCC,0,4912425
ygfS_ygfT_predicted,0.2,4,4,GAGTACGATTGCTATGGAAC,0,4914487
ygfS_ygfT_predicted,0.2,4,4,GAGGTTAGTCCTTCCATGGA,0,4904116
ygfS_ygfT_predicted,0.2,4,4,GAGGTCGGAGTAAGGTGAAG,0,4910956
ygfS_ygfT_predicted,0.2,4,4,GAGGAAGTCGGCCACAGTGA,0,4914101
ygfS_ygfT_predicted,0.2,4,4,GAGCTTGCTTTGACATGCTT,0,4914953
ygfS_ygfT_predicted,0.2,4,4,GAGCTTCAAGCAACGTCGAA,0,4919548
ygfS_ygfT_predicted,0.2,4,4,GAGCGCATGCTTTCTCACAG,0,4912249
ygfS_ygfT_predicted,0.2,4,4,GAGCCAGGCCGTGCACTGGT,0,4919744
ygfS_ygfT_predicted,0.2,4,4,GAGCAGCACTTCCCGCTCAA,0,4908311
ygfS_ygfT_predicted,0.2,4,4,GAGCACATAAGTCAGCGACA,0,4920312
ygfS_ygfT_predicted,0.2,4,4,GAGCACAGACCGCAGTTGGC,0,4900473
ygfS_ygfT_predicted,0.2,4,4,GAGAAACGTAGTGAGGAAGA,0,4922669
ygfS_ygfT_predicted,0.2,4,4,GACTCGCATGGGCTAATAAA,0,4904901
ygfS_ygfT_predicted,0.2,4,4,GACGGTCGGGAGTAACTAAG,0,4919988
ygfS_ygfT_predicted,0.2,4,4,GACGGGATGCCCACAACACA,0,4907071
ygfS_ygfT_predicted,0.2,4,4,GACGCTAGTTCGCACACCTC,0,4923027
ygfS_ygfT_predicted,0.2,4,4,GACGACTCATGAGGCCAGTC,0,4922883
ygfS_ygfT_predicted,0.2,4,4,GACCCTCCAGTACGAGCATA,0,4905761
ygfS_ygfT_predicted,0.2,4,4,GACCATTAGAAGATACCGTT,0,4930804
ygfS_ygfT_predicted,0.2,4,4,GACCAGGTAAGGTCATTCCA,0,4901014
ygfS_ygfT_predicted,0.2,4,4,GACATGGGTCCGCGGCGGCT,0,4900506
ygfS_ygfT_predicted,0.2,4,4,GACAGGACTTTCCTCCAAAC,0,4928380
ygfS_ygfT_predicted,0.2,4,4,GACAGAGATCGACCGTATAT,0,4930957
ygfS_ygfT_predicted,0.2,4,4,GACACTATCGCTCATCGCCT,0,4927451
ygfS_ygfT_predicted,0.2,4,4,GACACCGCCATGGTTATGTA,0,4915553
ygfS_ygfT_predicted,0.2,4,4,GAATTTCGGCGGAGTCGGGG,0,4915380
ygfS_ygfT_predicted,0.2,4,4,GAATAAAAGGAGAAAAAAGC,0,4908758
ygfS_ygfT_predicted,0.2,4,4,GAAGTGTATAAACTATCAAG,0,4901892
ygfS_ygfT_predicted,0.2,4,4,GAACCGGGCGCTGACAGACT,0,4906382
ygfS_ygfT_predicted,0.2,4,4,GAACAGCGAGTCCCCGGCGA,0,4928439
ygfS_ygfT_predicted,0.2,4,4,GAAATCGTTAGACATTTGAG,0,4906284
ygfS_ygfT_predicted,0.2,4,4,GAAAGCAGGATGAGCTAAAG,0,4909525
ygfS_ygfT_predicted,0.2,4,4,GAAACCAATTGACCGACCAT,0,4923555
ygfS_ygfT_predicted,0.2,4,4,CTTTTTTATCCCTGTGAACA,0,4918053
ygfS_ygfT_predicted,0.2,4,4,CTTTCCCGGTCGTTTACGCA,0,4914175
ygfS_ygfT_predicted,0.2,4,4,CTTTAGGGCCGCGCCTCATA,0,4911351
ygfS_ygfT_predicted,0.2,4,4,CTTTAGCTAGTCCACGGCTA,0,4907596
ygfS_ygfT_predicted,0.2,4,4,CTTGTTGCGTCCTGGTATAA,0,4901471
ygfS_ygfT_predicted,0.2,4,4,CTTGTTCAATACCATATCAC,0,4904435
ygfS_ygfT_predicted,0.2,4,4,CTTGTGTGGACAGTCGCACG,0,4908666
ygfS_ygfT_predicted,0.2,4,4,CTTGGTCACCCTGCGTAGTC,0,4900698
ygfS_ygfT_predicted,0.2,4,4,CTTGGGTTCACCTGATTCAG,0,4901093
ygfS_ygfT_predicted,0.2,4,4,CTTGGGTACTCGATGGATAT,0,4927010
ygfS_ygfT_predicted,0.2,4,4,CTTGCCAACCGACGTGCGGG,0,4911302
ygfS_ygfT_predicted,0.2,4,4,CTTGATGGTAGACATCTAGC,0,4905102
ygfS_ygfT_predicted,0.2,4,4,CTTGAGCCGTCATTCCTCAC,0,4902655
ygfS_ygfT_predicted,0.2,4,4,CTTGAATACGTTTAGATGTT,0,4921553
ygfS_ygfT_predicted,0.2,4,4,CTTCGTGGGAGGTTTGCGCC,0,4918150
ygfS_ygfT_predicted,0.2,4,4,CTTCGTGCGCATTGGTGGAA,0,4903053
ygfS_ygfT_predicted,0.2,4,4,CTTCGGCGTGCTGCGAGCTC,0,4912322
ygfS_ygfT_predicted,0.2,4,4,CTTCCATAAGCGGTACCTAT,0,4928632
ygfS_ygfT_predicted,0.2,4,4,CTTCAAATTGTTGGTCGGTC,0,4919102
ygfS_ygfT_predicted,0.2,4,4,CTTAGCCACTGCTGGCAATT,0,4922376
ygfS_ygfT_predicted,0.2,4,4,CTGTCTTCCACATCAATCGA,0,4910425
ygfS_ygfT_predicted,0.2,4,4,CTGTATGCGAATAGGGAACA,0,4908058
ygfS_ygfT_predicted,0.2,4,4,CTGGGCCAATAGCTGATCAC,0,4927049
ygfS_ygfT_predicted,0.2,4,4,CTGGGAGCTGAGCGTTGAGT,0,4909267
ygfS_ygfT_predicted,0.2,4,4,CTGGCCACCTGCTTTCTTAG,0,4918494
ygfS_ygfT_predicted,0.2,4,4,CTGGAGTTGTAGAATTTATC,0,4901606
ygfS_ygfT_predicted,0.2,4,4,CTGCTAATCATACGAGCACC,0,4924114
ygfS_ygfT_predicted,0.2,4,4,CTGCGAAATAGGGAGGGCTA,0,4909391
ygfS_ygfT_predicted,0.2,4,4,CTGCCAGACCAGGACCGACT,0,4903481
ygfS_ygfT_predicted,0.2,4,4,CTGAGGAAGCGCATACTATT,0,4907833
ygfS_ygfT_predicted,0.2,4,4,CTGACGGCCAAAGGGAGTGA,0,4923824
ygfS_ygfT_predicted,0.2,4,4,CTGAACTTTGCCGTATTAGT,0,4904797
ygfS_ygfT_predicted,0.2,4,4,CTCTTTCATTTAGGGTGCGA,0,4906224
ygfS_ygfT_predicted,0.2,4,4,CTCTCTATAAATGAGCGTCT,0,4904800
ygfS_ygfT_predicted,0.2,4,4,CTCTAGAGATCCGGCTGAAC,0,4925181
ygfS_ygfT_predicted,0.2,4,4,CTCGTCATCAGTATGTTATC,0,4926893
ygfS_ygfT_predicted,0.2,4,4,CTCGGGTAGGTCGTTGGGAG,0,4907499
ygfS_ygfT_predicted,0.2,4,4,CTCGCCAGCGCGAACTTTCG,0,4918107
ygfS_ygfT_predicted,0.2,4,4,CTCCTGGCCCCCAGGTTAGC,0,4907752
ygfS_ygfT_predicted,0.2,4,4,CTCCGTCCTAGTATTGACCG,0,4907120
ygfS_ygfT_predicted,0.2,4,4,CTCCATGTCGTACCTCACAT,0,4919186
ygfS_ygfT_predicted,0.2,4,4,CTCCAGGTGAATCTCCTGTG,0,4929851
ygfS_ygfT_predicted,0.2,4,4,CTCCAAGAATGAGACCTGAC,0,4922104
ygfS_ygfT_predicted,0.2,4,4,CTCATGTAGCTTCCCTCGTT,0,4910751
ygfS_ygfT_predicted,0.2,4,4,CTCAAGAAAATCTAGTATGC,0,4920540
ygfS_ygfT_predicted,0.2,4,4,CTATTTCCGACTTCGGGTTA,0,4917875
ygfS_ygfT_predicted,0.2,4,4,CTATAGTATTCGCCATATTA,0,4914995
ygfS_ygfT_predicted,0.2,4,4,CTATAGGAGCGGAGTCCTCA,0,4910383
ygfS_ygfT_predicted,0.2,4,4,CTAGGTGTAGCCGTCTTCGG,0,4931450
ygfS_ygfT_predicted,0.2,4,4,CTAGGTACGTTCGATCTGCA,0,4919420
ygfS_ygfT_predicted,0.2,4,4,CTAGCCGGATCAGGTGGGGC,0,4926327
ygfS_ygfT_predicted,0.2,4,4,CTAGATGGAGTGCTATAGTG,0,4921975
ygfS_ygfT_predicted,0.2,4,4,CTACGGGCATAAGGCCGGTG,0,4922093
ygfS_ygfT_predicted,0.2,4,4,CTACGGACTCGGATAGTGGA,0,4918566
ygfS_ygfT_predicted,0.2,4,4,CTACGAAGCGTGGCATGAGA,0,4913905
ygfS_ygfT_predicted,0.2,4,4,CTACACCGTAATCCGTCGGC,0,4914332
ygfS_ygfT_predicted,0.2,4,4,CTAATTGGAGGGTTTTAGGT,0,4918283
ygfS_ygfT_predicted,0.2,4,4,CTAACGAAATGAGCATGGGA,0,4899997
ygfS_ygfT_predicted,0.2,4,4,CGTTGGCTATGTATCCCGCA,0,4900779
ygfS_ygfT_predicted,0.2,4,4,CGTTAGGATTGCTGGAGGGT,0,4918221
ygfS_ygfT_predicted,0.2,4,4,CGTTAGGATGGGTGGCTGGA,0,4914625
ygfS_ygfT_predicted,0.2,4,4,CGTGCCGCCTTAGAGCCTGC,0,4926012
ygfS_ygfT_predicted,0.2,4,4,CGTCTTGCCGATATACGAGT,0,4912944
ygfS_ygfT_predicted,0.2,4,4,CGTCTTATTCAATATATGCT,0,4908417
ygfS_ygfT_predicted,0.2,4,4,CGTCGATGTGCACTTTCATT,0,4926267
ygfS_ygfT_predicted,0.2,4,4,CGTCCAGGGGAGGCTTCGTC,0,4910801
ygfS_ygfT_predicted,0.2,4,4,CGTCAGTACTATCGCTGGCT,0,4920604
ygfS_ygfT_predicted,0.2,4,4,CGTATACTTAAGACAAATAT,0,4910927
ygfS_ygfT_predicted,0.2,4,4,CGGTGCCGATGACACGCAAG,0,4911585
ygfS_ygfT_predicted,0.2,4,4,CGGTGATTAAAACCCTTATG,0,4921336
ygfS_ygfT_predicted,0.2,4,4,CGGTCTGATGTGAAACACAA,0,4912048
ygfS_ygfT_predicted,0.2,4,4,CGGTCGTCGTTGATTGCTAT,0,4921981
ygfS_ygfT_predicted,0.2,4,4,CGGGGGGCAAAAAAGACGAC,0,4914693
ygfS_ygfT_predicted,0.2,4,4,CGGGGCGTGGTGCCTTTCGC,0,4924164
ygfS_ygfT_predicted,0.2,4,4,CGGGAAGAACGGAACAGTGG,0,4904938
ygfS_ygfT_predicted,0.2,4,4,CGGCTCTAGGCTACTCATAT,0,4903293
ygfS_ygfT_predicted,0.2,4,4,CGGCGAAGCCCGGTTTGCTT,0,4922000
ygfS_ygfT_predicted,0.2,4,4,CGGCCCGCGCAATACAGCTG,0,4921184
ygfS_ygfT_predicted,0.2,4,4,CGGCATCCAGTGTATTGCTA,0,4927437
ygfS_ygfT_predicted,0.2,4,4,CGGCACGTCTTATGTGTTAA,0,4918672
ygfS_ygfT_predicted,0.2,4,4,CGGATGACTAATCGGCGATT,0,4918000
ygfS_ygfT_predicted,0.2,4,4,CGGAAGGGTAAAGTTAGGGA,0,4913614
ygfS_ygfT_predicted,0.2,4,4,CGGAACTACTAACGTGGTTG,0,4913054
ygfS_ygfT_predicted,0.2,4,4,CGCTGTCATGTAACAATCGT,0,4921616
ygfS_ygfT_predicted,0.2,4,4,CGCTATGCTATGTGGGTGTA,0,4925795
ygfS_ygfT_predicted,0.2,4,4,CGCGGTTGATGAGGGAGCGG,0,4926674
ygfS_ygfT_predicted,0.2,4,4,CGCCTGTACGCTGTGGTTTT,0,4908404
ygfS_ygfT_predicted,0.2,4,4,CGCCGTGACTGATAGTTCAA,0,4915774
ygfS_ygfT_predicted,0.2,4,4,CGCCGTAGGGGCAACGTAAT,0,4906824
ygfS_ygfT_predicted,0.2,4,4,CGCCCTACGCGTAGAATGGC,0,4916654
ygfS_ygfT_predicted,0.2,4,4,CGCCAAGAGCGTGGTACTCG,0,4926216
ygfS_ygfT_predicted,0.2,4,4,CGCAGGATAGCCGATCCTTG,0,4930530
ygfS_ygfT_predicted,0.2,4,4,CGCACTCCTAGTTTCAAAAA,0,4930909
ygfS_ygfT_predicted,0.2,4,4,CGCACCACGCTGGGGTACCT,0,4906988
ygfS_ygfT_predicted,0.2,4,4,CGCAATCATCGATATCATTC,0,4920699
ygfS_ygfT_predicted,0.2,4,4,CGCAAGTTCAAATGGAGAAA,0,4916616
ygfS_ygfT_predicted,0.2,4,4,CGCAACTGTCGTAACATTCT,0,4923909
ygfS_ygfT_predicted,0.2,4,4,CGATTTCACTAGGTGCGGAG,0,4903801
ygfS_ygfT_predicted,0.2,4,4,CGATTCTATTTCTTTGTCGG,0,4927708
ygfS_ygfT_predicted,0.2,4,4,CGATTCCATTACGAATGCGA,0,4928295
ygfS_ygfT_predicted,0.2,4,4,CGATGCCGGCCGATGCCAAT,0,4913036
ygfS_ygfT_predicted,0.2,4,4,CGATGAAGCATTTTAGTCAT,0,4916157
ygfS_ygfT_predicted,0.2,4,4,CGATCGCGGTGATGCACGGT,0,4910199
ygfS_ygfT_predicted,0.2,4,4,CGATATCCCGGCCCATAGTA,0,4916778
ygfS_ygfT_predicted,0.2,4,4,CGAGGGGGGGACACCAAGGA,0,4925488
ygfS_ygfT_predicted,0.2,4,4,CGAGCTGCCGTGCCGGAAAA,0,4919226
ygfS_ygfT_predicted,0.2,4,4,CGAGAAGGCATCGGTCACCT,0,4904382
ygfS_ygfT_predicted,0.2,4,4,CGACCACACTTTACCCCTGC,0,4922082
ygfS_ygfT_predicted,0.2,4,4,CGACATTCTAACACCCATCT,0,4907347
ygfS_ygfT_predicted,0.2,4,4,CGAATTTATGGAGACGAGAC,0,4910414
ygfS_ygfT_predicted,0.2,4,4,CGAAGTAGCATAGGTCTTGA,0,4900081
ygfS_ygfT_predicted,0.2,4,4,CGAAGGGCTCGGTAGGGAAG,0,4906858
ygfS_ygfT_predicted,0.2,4,4,CGAAGCGTGCACCCACTCCC,0,4927766
ygfS_ygfT_predicted,0.2,4,4,CGAACAGCACGCCTCATACT,0,4900851
ygfS_ygfT_predicted,0.2,4,4,CGAAAGTACGCCATAGGGTC,0,4912381
ygfS_ygfT_predicted,0.2,4,4,CCTTTCAAATGGGTCTATGG,0,4931056
ygfS_ygfT_predicted,0.2,4,4,CCTTGTTTGTGTAACTCCTG,0,4915719
ygfS_ygfT_predicted,0.2,4,4,CCTTGGGCTTTGTGTTCAAG,0,4919013
ygfS_ygfT_predicted,0.2,4,4,CCTTAAAGCGGTCGTGCGCT,0,4908725
ygfS_ygfT_predicted,0.2,4,4,CCTGGTCCGTTTAACTTCAA,0,4922677
ygfS_ygfT_predicted,0.2,4,4,CCTGGTCCCATCAATTTGAT,0,4923779
ygfS_ygfT_predicted,0.2,4,4,CCTGGAGTAGCCCAGGCTGA,0,4912859
ygfS_ygfT_predicted,0.2,4,4,CCTGATTGGAGACAGGAACT,0,4923083
ygfS_ygfT_predicted,0.2,4,4,CCTGAACTCCCCCTGGGATG,0,4931052
ygfS_ygfT_predicted,0.2,4,4,CCTCTCTAAGTTTTGAAACT,0,4913828
ygfS_ygfT_predicted,0.2,4,4,CCTCAGTACCTCATCCGGCC,0,4923888
ygfS_ygfT_predicted,0.2,4,4,CCTATGGTCTGCTAAGGCAG,0,4900329
ygfS_ygfT_predicted,0.2,4,4,CCTATGGAGCGTTATTGACA,0,4913550
ygfS_ygfT_predicted,0.2,4,4,CCTACCAAAGGTTCAGGTGA,0,4912950
ygfS_ygfT_predicted,0.2,4,4,CCGTTTTGGGGTGACGTCTA,0,4908961
ygfS_ygfT_predicted,0.2,4,4,CCGTGAAAGGACATTGGAAA,0,4908419
ygfS_ygfT_predicted,0.2,4,4,CCGTCCCTGGAGTTTTAGAC,0,4914662
ygfS_ygfT_predicted,0.2,4,4,CCGTCACCATCGGATTTCAC,0,4908579
ygfS_ygfT_predicted,0.2,4,4,CCGTAAATCGATGGACCCAG,0,4927687
ygfS_ygfT_predicted,0.2,4,4,CCGGTTTCGGGGCTTTGGGT,0,4905784
ygfS_ygfT_predicted,0.2,4,4,CCGGTCCACTACTAGGATGT,0,4912480
ygfS_ygfT_predicted,0.2,4,4,CCGCCAGGCGGTGATGAGAT,0,4923066
ygfS_ygfT_predicted,0.2,4,4,CCGATTAGGGTTTTCCCCAC,0,4913753
ygfS_ygfT_predicted,0.2,4,4,CCGATAGTGTTAGCGTCGAG,0,4916457
ygfS_ygfT_predicted,0.2,4,4,CCGATAGCAACGCTCAGATG,0,4918858
ygfS_ygfT_predicted,0.2,4,4,CCGACGGTTCTACACCGTGA,0,4916644
ygfS_ygfT_predicted,0.2,4,4,CCGAAGTCTTGAGTAACACA,0,4908414
ygfS_ygfT_predicted,0.2,4,4,CCCTGCATCAAAACAAAGGC,0,4901214
ygfS_ygfT_predicted,0.2,4,4,CCCGTTCGGGTAAGTACTCC,0,4911417
ygfS_ygfT_predicted,0.2,4,4,CCCGTTAGGCAGGTGCACGG,0,4924105
ygfS_ygfT_predicted,0.2,4,4,CCCGTACGGGTGCGGAGCGC,0,4911994
ygfS_ygfT_predicted,0.2,4,4,CCCGGCTGGGGTTGGGCCAC,0,4911763
ygfS_ygfT_predicted,0.2,4,4,CCCGACAAAAGTGTGTGCAT,0,4921828
ygfS_ygfT_predicted,0.2,4,4,CCCCATCCAATTCTCTCCAC,0,4913539
ygfS_ygfT_predicted,0.2,4,4,CCCCAATATCTGCACCGCCT,0,4903271
ygfS_ygfT_predicted,0.2,4,4,CCCATCCGTAGTCCCAGGAA,0,4912797
ygfS_ygfT_predicted,0.2,4,4,CCCAGTTCCCAGCGGACAGA,0,4920771
ygfS_ygfT_predicted,0.2,4,4,CCCAACCAACGTAGAGCCTT,0,4910286
ygfS_ygfT_predicted,0.2,4,4,CCCAAAAACGTGACCTCGCA,0,4901711
ygfS_ygfT_predicted,0.2,4,4,CCATTCGATGTCACATGATG,0,4926775
ygfS_ygfT_predicted,0.2,4,4,CCATTAGGTGACCTCCTGGA,0,4927867
ygfS_ygfT_predicted,0.2,4,4,CCATGTACAGCCAACGGGGT,0,4930114
ygfS_ygfT_predicted,0.2,4,4,CCATCTCAACTATAGGTAGC,0,4906953
ygfS_ygfT_predicted,0.2,4,4,CCATCGGGCGCAATCCGTGC,0,4900033
ygfS_ygfT_predicted,0.2,4,4,CCATCGATGTCATAGGGCTT,0,4909102
ygfS_ygfT_predicted,0.2,4,4,CCATAGTGAGACGTTAAGAA,0,4928533
ygfS_ygfT_predicted,0.2,4,4,CCATACTTCCTGGGCTCACT,0,4909749
ygfS_ygfT_predicted,0.2,4,4,CCAGGGACTTTATTCGTTCT,0,4923069
ygfS_ygfT_predicted,0.2,4,4,CCAGCTTCGCGTCGGCAGTG,0,4918175
ygfS_ygfT_predicted,0.2,4,4,CCACTTGGTGGGTTTTAGTA,0,4906233
ygfS_ygfT_predicted,0.2,4,4,CCACTTGCCTCAGAAGTCGT,0,4926634
ygfS_ygfT_predicted,0.2,4,4,CCACGCTTGAACTCGCGGTG,0,4919062
ygfS_ygfT_predicted,0.2,4,4,CCACCGCTGGCATGACTGGA,0,4901000
ygfS_ygfT_predicted,0.2,4,4,CCAATGCACCCGGATTTGGG,0,4920935
ygfS_ygfT_predicted,0.2,4,4,CCAATCCTGCCCGTAGTCTA,0,4908913
ygfS_ygfT_predicted,0.2,4,4,CATTTCTGGGAAAGACTTCA,0,4924481
ygfS_ygfT_predicted,0.2,4,4,CATTTACCCTGACGTACCCG,0,4910784
ygfS_ygfT_predicted,0.2,4,4,CATTGCACTGCACAGAAAGA,0,4920461
ygfS_ygfT_predicted,0.2,4,4,CATTCCGGCAGGAGACAATG,0,4926731
ygfS_ygfT_predicted,0.2,4,4,CATGTTTGGATTTGGTTTCC,0,4900029
ygfS_ygfT_predicted,0.2,4,4,CATGGACCTGGCAAAAACCG,0,4917871
ygfS_ygfT_predicted,0.2,4,4,CATGACAGGGGCCTCTGTAT,0,4930297
ygfS_ygfT_predicted,0.2,4,4,CATCGGTAGGGGGAAGTCCA,0,4900631
ygfS_ygfT_predicted,0.2,4,4,CATCGAGCATACCCCGGCAG,0,4913798
ygfS_ygfT_predicted,0.2,4,4,CATCAGGCTGTAACACATTG,0,4925126
ygfS_ygfT_predicted,0.2,4,4,CATCAGATAGTATGCACGGT,0,4900386
ygfS_ygfT_predicted,0.2,4,4,CATAGTGTCAGGGGACCCGA,0,4930730
ygfS_ygfT_predicted,0.2,4,4,CATAGGGCGATTGCCTCTTA,0,4923674
ygfS_ygfT_predicted,0.2,4,4,CAGTTGTTTTCGTCAAAGTA,0,4920803
ygfS_ygfT_predicted,0.2,4,4,CAGTGAGACACGCTGCTAAA,0,4918582
ygfS_ygfT_predicted,0.2,4,4,CAGTACGAGCGTTCCGCTTT,0,4901437
ygfS_ygfT_predicted,0.2,4,4,CAGTAAAAAGTTGTTAAAGC,0,4925186
ygfS_ygfT_predicted,0.2,4,4,CAGGTCAGTCCTAGGGGGGT,0,4919166
ygfS_ygfT_predicted,0.2,4,4,CAGGTAGTATTAGATTGTGC,0,4899792
ygfS_ygfT_predicted,0.2,4,4,CAGGTAGGGCTAAATTTCCG,0,4921129
ygfS_ygfT_predicted,0.2,4,4,CAGGGCTGCCTATTACGTGT,0,4914942
ygfS_ygfT_predicted,0.2,4,4,CAGCTGTGCGCGAGAGATTT,0,4909076
ygfS_ygfT_predicted,0.2,4,4,CAGCGAGGTGAGGTTATATA,0,4921884
ygfS_ygfT_predicted,0.2,4,4,CAGCCGCTGAATATCCCAAT,0,4922975
ygfS_ygfT_predicted,0.2,4,4,CAGCCAACCTTCTAGCTTGA,0,4921781
ygfS_ygfT_predicted,0.2,4,4,CAGCAGAAATCACAGTGCCA,0,4911607
ygfS_ygfT_predicted,0.2,4,4,CAGCACAGTATGATGACTCT,0,4917626
ygfS_ygfT_predicted,0.2,4,4,CAGAGAGGAGGAGGAGTGAT,0,4906926
ygfS_ygfT_predicted,0.2,4,4,CAGACCTTAGAATAGACGTC,0,4917624
ygfS_ygfT_predicted,0.2,4,4,CAGAACGTCTCTCATTGTCA,0,4923673
ygfS_ygfT_predicted,0.2,4,4,CACTTTGCACCGGTCATGAG,0,4921312
ygfS_ygfT_predicted,0.2,4,4,CACTTCCGAGCCGTGTTAAC,0,4908858
ygfS_ygfT_predicted,0.2,4,4,CACTGGTTTATTACTGGTCG,0,4923172
ygfS_ygfT_predicted,0.2,4,4,CACTGGACCACACAACACCT,0,4909567
ygfS_ygfT_predicted,0.2,4,4,CACTGCGAATCAACGTGTGC,0,4925239
ygfS_ygfT_predicted,0.2,4,4,CACTACTGTCGCAGATAGGC,0,4921297
ygfS_ygfT_predicted,0.2,4,4,CACGTTCTCAACCAAGCCAG,0,4917514
ygfS_ygfT_predicted,0.2,4,4,CACGCTGGGCGTGCGCGTTG,0,4926150
ygfS_ygfT_predicted,0.2,4,4,CACGACGTTCGTCAATGTAC,0,4929880
ygfS_ygfT_predicted,0.2,4,4,CACGAAGAGACTAAGCTGGT,0,4911348
ygfS_ygfT_predicted,0.2,4,4,CACCGCACATAGTGGACAAC,0,4929792
ygfS_ygfT_predicted,0.2,4,4,CACAGGAAATGCACTCTGGG,0,4921771
ygfS_ygfT_predicted,0.2,4,4,CAATGGGTGGACTTGCAGGA,0,4921321
ygfS_ygfT_predicted,0.2,4,4,CAATAGCCATAATTACGGTA,0,4921504
ygfS_ygfT_predicted,0.2,4,4,CAATAAGGGTCCTGATAGGT,0,4918281
ygfS_ygfT_predicted,0.2,4,4,CAAGTTCTCACGGAAAAACA,0,4905223
ygfS_ygfT_predicted,0.2,4,4,CAAGCGGACAATTGGGCGTT,0,4929627
ygfS_ygfT_predicted,0.2,4,4,CAAGACATCTGGAAAAGATA,0,4930259
ygfS_ygfT_predicted,0.2,4,4,CAACGCACAGAACTACACAA,0,4914789
ygfS_ygfT_predicted,0.2,4,4,CAAAGGACATGTAATGTGCC,0,4906127
ygfS_ygfT_predicted,0.2,4,4,CAAAGCAACATACTGGCCTA,0,4913170
ygfS_ygfT_predicted,0.2,4,4,CAAAACCGACCTGGCTGCTA,0,4901607
ygfS_ygfT_predicted,0.2,4,4,ATTTGCACCCAGCTGCTACA,0,4913874
ygfS_ygfT_predicted,0.2,4,4,ATTTCCAGTCCCCTCCCTGC,0,4927311
ygfS_ygfT_predicted,0.2,4,4,ATTGTTCTCTAGTACACCCG,0,4900283
ygfS_ygfT_predicted,0.2,4,4,ATTGTGTCAGTGATAATGGT,0,4908032
ygfS_ygfT_predicted,0.2,4,4,ATTGTAGCCTACTCGCTAAC,0,4902588
ygfS_ygfT_predicted,0.2,4,4,ATTGGGAAGGTTACGAAGGT,0,4912967
ygfS_ygfT_predicted,0.2,4,4,ATTGCCGTAGACATTGATTG,0,4920302
ygfS_ygfT_predicted,0.2,4,4,ATTGAAAGAGATGCGGGGAT,0,4918609
ygfS_ygfT_predicted,0.2,4,4,ATTCTCCGAAAGTCCATCTA,0,4928853
ygfS_ygfT_predicted,0.2,4,4,ATTCGCTCACCGGCCGAGGC,0,4916772
ygfS_ygfT_predicted,0.2,4,4,ATTATCGCCCCCCAATTCCG,0,4915450
ygfS_ygfT_predicted,0.2,4,4,ATTATACCAGCTCGGGCCAC,0,4903841
ygfS_ygfT_predicted,0.2,4,4,ATTATACACATATAACTTAT,0,4918430
ygfS_ygfT_predicted,0.2,4,4,ATTAGTTCTGCCAAATAGGT,0,4903117
ygfS_ygfT_predicted,0.2,4,4,ATGTTTACGGGAGTTACGCA,0,4917123
ygfS_ygfT_predicted,0.2,4,4,ATGTATACATCACACCTTTG,0,4929645
ygfS_ygfT_predicted,0.2,4,4,ATGTAGATGTTAGCCCTAAG,0,4906187
ygfS_ygfT_predicted,0.2,4,4,ATGTACTGTTTCTGCCACAA,0,4915319
ygfS_ygfT_predicted,0.2,4,4,ATGTAAACAGCCGGAAGTCA,0,4907187
ygfS_ygfT_predicted,0.2,4,4,ATGGTCCTCTGTACCGCTAT,0,4919279
ygfS_ygfT_predicted,0.2,4,4,ATGGTAGATACCCCATTCAC,0,4904030
ygfS_ygfT_predicted,0.2,4,4,ATGGGCAGGTGAAGAGGGTG,0,4907801
ygfS_ygfT_predicted,0.2,4,4,ATGGGAGGGAACGCCCTTTT,0,4921222
ygfS_ygfT_predicted,0.2,4,4,ATGGAAGCTATTGCGGACTT,0,4905690
ygfS_ygfT_predicted,0.2,4,4,ATGCTGCGCACCGGAGCACT,0,4927099
ygfS_ygfT_predicted,0.2,4,4,ATGCGATGCGTTCACAAACC,0,4922513
ygfS_ygfT_predicted,0.2,4,4,ATGATACGACTGCGAAATGT,0,4916968
ygfS_ygfT_predicted,0.2,4,4,ATGACGTGGCAGGACAAGAT,0,4916379
ygfS_ygfT_predicted,0.2,4,4,ATGAATGTATTGGTTTCTCT,0,4919379
ygfS_ygfT_predicted,0.2,4,4,ATCTTACTGCTGCGGTCTTC,0,4907154
ygfS_ygfT_predicted,0.2,4,4,ATCTCAGTGGTTCTCATACA,0,4912250
ygfS_ygfT_predicted,0.2,4,4,ATCTCAATTAAGAGTGATCC,0,4902087
ygfS_ygfT_predicted,0.2,4,4,ATCGATCCAGTAAATCCCTC,0,4929612
ygfS_ygfT_predicted,0.2,4,4,ATCGAATCAAAGTTAAATCG,0,4913299
ygfS_ygfT_predicted,0.2,4,4,ATCCTGAGGTCAACATTTAA,0,4922364
ygfS_ygfT_predicted,0.2,4,4,ATCATTCGATGAGTTCCAAT,0,4926170
ygfS_ygfT_predicted,0.2,4,4,ATCATGTCACGCACTCGGAG,0,4901311
ygfS_ygfT_predicted,0.2,4,4,ATCATCGGTTCATGCAGCGA,0,4909875
ygfS_ygfT_predicted,0.2,4,4,ATCACCCGCGCGGCCATATG,0,4925236
ygfS_ygfT_predicted,0.2,4,4,ATCACAATCGGGCGTCGGTG,0,4915898
ygfS_ygfT_predicted,0.2,4,4,ATCAAGGCCCGATCGTACTT,0,4923322
ygfS_ygfT_predicted,0.2,4,4,ATATGTAAGTTCAAATGTCG,0,4930416
ygfS_ygfT_predicted,0.2,4,4,ATATGTAAAGTTCATAGAGC,0,4899854
ygfS_ygfT_predicted,0.2,4,4,ATATGGCGCGCGGTAAAGGA,0,4927909
ygfS_ygfT_predicted,0.2,4,4,ATATCGTACGCGTAGAGGCG,0,4914926
ygfS_ygfT_predicted,0.2,4,4,ATATCGGAAAAGGAATAAGA,0,4926891
ygfS_ygfT_predicted,0.2,4,4,ATATAGTAGAGGACAGTTGC,0,4920183
ygfS_ygfT_predicted,0.2,4,4,ATATAGCTTCGGGCTACTTG,0,4906806
ygfS_ygfT_predicted,0.2,4,4,ATAGTCAGTTAAACGTTTAC,0,4923434
ygfS_ygfT_predicted,0.2,4,4,ATAGGGCGAAGATTACGGGC,0,4916623
ygfS_ygfT_predicted,0.2,4,4,ATACGTCAGAGGTTTCCGGG,0,4929783
ygfS_ygfT_predicted,0.2,4,4,ATACGGGCAGGCTGTTTACC,0,4909014
ygfS_ygfT_predicted,0.2,4,4,ATAAGAAACATCAGGAAACG,0,4927665
ygfS_ygfT_predicted,0.2,4,4,AGTTCCACCAATCGTTTATT,0,4903760
ygfS_ygfT_predicted,0.2,4,4,AGTGTGTGATCCGAGCCCTG,0,4907234
ygfS_ygfT_predicted,0.2,4,4,AGTGGTGTCTCTGGATCAGG,0,4907259
ygfS_ygfT_predicted,0.2,4,4,AGTGCTTGCGAGGAGGATAG,0,4910240
ygfS_ygfT_predicted,0.2,4,4,AGTGCCTGCTGCATCCGCGA,0,4914728
ygfS_ygfT_predicted,0.2,4,4,AGTCTGGGCACAGAGCATCT,0,4927105
ygfS_ygfT_predicted,0.2,4,4,AGTCTCCAATTATCTGTATC,0,4924149
ygfS_ygfT_predicted,0.2,4,4,AGTCGTCTCTCGTCTTATAT,0,4908541
ygfS_ygfT_predicted,0.2,4,4,AGTCGATACTTAGGTTGTCG,0,4912608
ygfS_ygfT_predicted,0.2,4,4,AGTATTACAGGTACCAGTGT,0,4921390
ygfS_ygfT_predicted,0.2,4,4,AGTAGGGACTCCGGTAATGC,0,4909371
ygfS_ygfT_predicted,0.2,4,4,AGTACTGCGTGAGGCTAGGT,0,4903854
ygfS_ygfT_predicted,0.2,4,4,AGTACGGAGTTGATCCACTA,0,4923474
ygfS_ygfT_predicted,0.2,4,4,AGTAAATAGCTTAATTGTCC,0,4911232
ygfS_ygfT_predicted,0.2,4,4,AGGTTAACGTGGTGGCGCGC,0,4922150
ygfS_ygfT_predicted,0.2,4,4,AGGTGACTGGTTAGACACTA,0,4900026
ygfS_ygfT_predicted,0.2,4,4,AGGTATGCCCTTCTGTGCAG,0,4904804
ygfS_ygfT_predicted,0.2,4,4,AGGGTATGTAGGATCAAATG,0,4901663
ygfS_ygfT_predicted,0.2,4,4,AGGGGGGCTTTCATCTACCA,0,4905186
ygfS_ygfT_predicted,0.2,4,4,AGGGGCGACACCGCTCTCAT,0,4918761
ygfS_ygfT_predicted,0.2,4,4,AGGGGCCTGCCTAGCTCCTA,0,4912299
ygfS_ygfT_predicted,0.2,4,4,AGGGAGTTTCTTAGAATATC,0,4927095
ygfS_ygfT_predicted,0.2,4,4,AGGCTGTTCCGTACGCCACT,0,4911403
ygfS_ygfT_predicted,0.2,4,4,AGGCCGGAGTGCGTTGGACG,0,4919793
ygfS_ygfT_predicted,0.2,4,4,AGGATTGGCCCATGATGGTG,0,4905618
ygfS_ygfT_predicted,0.2,4,4,AGGATATACCTATAAAGGGA,0,4912684
ygfS_ygfT_predicted,0.2,4,4,AGGAGGCCGGTAACTTGAAA,0,4907969
ygfS_ygfT_predicted,0.2,4,4,AGGACTCGATGGTCCACCAC,0,4905713
ygfS_ygfT_predicted,0.2,4,4,AGGACGCTTTTACGTTTCAA,0,4928326
ygfS_ygfT_predicted,0.2,4,4,AGGAAGCGGTAATTAATTAA,0,4930460
ygfS_ygfT_predicted,0.2,4,4,AGGAAAGCAATGCTATATTT,0,4902650
ygfS_ygfT_predicted,0.2,4,4,AGCTACGGTATAACTCAAGC,0,4902132
ygfS_ygfT_predicted,0.2,4,4,AGCGTTGGGAAGGCGTAAGG,0,4909297
ygfS_ygfT_predicted,0.2,4,4,AGCGTCTCCTGCGGCAAGTT,0,4929642
ygfS_ygfT_predicted,0.2,4,4,AGCGTATTTCGTGAGATATG,0,4913179
ygfS_ygfT_predicted,0.2,4,4,AGCGGGCCCAGACTATGCCT,0,4910973
ygfS_ygfT_predicted,0.2,4,4,AGCGCGAAAGCGCAGCTTTG,0,4905630
ygfS_ygfT_predicted,0.2,4,4,AGCGCATGGGCAATTGCACT,0,4901002
ygfS_ygfT_predicted,0.2,4,4,AGCCTTGTATCAAAGCATCT,0,4922846
ygfS_ygfT_predicted,0.2,4,4,AGCCTTGCCCCAGGATTCAT,0,4920265
ygfS_ygfT_predicted,0.2,4,4,AGCCTGGTGTTAGGGAACCA,0,4904488
ygfS_ygfT_predicted,0.2,4,4,AGCCTGCATCTTGATTATAG,0,4905756
ygfS_ygfT_predicted,0.2,4,4,AGCCTCTACGGGAAGCACCT,0,4927024
ygfS_ygfT_predicted,0.2,4,4,AGCCGAAGGGCCACCGCTAA,0,4915933
ygfS_ygfT_predicted,0.2,4,4,AGCCCTGCGCAGAGGTGAGA,0,4926626
ygfS_ygfT_predicted,0.2,4,4,AGCCCAGCGGTACCGAGATA,0,4909979
ygfS_ygfT_predicted,0.2,4,4,AGCCATGGCGTTGTACTGCA,0,4911807
ygfS_ygfT_predicted,0.2,4,4,AGCCATAACTCTTGGTTTGT,0,4906937
ygfS_ygfT_predicted,0.2,4,4,AGCAAGTTGAGTCTTGACGT,0,4928378
ygfS_ygfT_predicted,0.2,4,4,AGATTCTATGGTATCCCTTT,0,4923173
ygfS_ygfT_predicted,0.2,4,4,AGATGCTGTTATGATCCCTG,0,4919007
ygfS_ygfT_predicted,0.2,4,4,AGATCACTGCAGAAACAGAT,0,4920286
ygfS_ygfT_predicted,0.2,4,4,AGATATTTTAACTAGCTGAG,0,4906119
ygfS_ygfT_predicted,0.2,4,4,AGATACCCTGTCAATCAGGC,0,4906951
ygfS_ygfT_predicted,0.2,4,4,AGAGCGTCTAGAGGTACTCG,0,4905262
ygfS_ygfT_predicted,0.2,4,4,AGACGTCTTGTCTCCTTGAG,0,4901742
ygfS_ygfT_predicted,0.2,4,4,AGACGAACTTTAATGACAAG,0,4907166
ygfS_ygfT_predicted,0.2,4,4,AGACACTGTGAGTGGTAAAA,0,4905300
ygfS_ygfT_predicted,0.2,4,4,AGAACAATTGTTCTTCGGCT,0,4909106
ygfS_ygfT_predicted,0.2,4,4,ACTTTCTGCGGCATATCGTA,0,4904839
ygfS_ygfT_predicted,0.2,4,4,ACTTGCAAATGCCGTTAACT,0,4906786
ygfS_ygfT_predicted,0.2,4,4,ACTTCTACAGATGTTAACGC,0,4902208
ygfS_ygfT_predicted,0.2,4,4,ACTTACGTCCAGCCCCCCCG,0,4911626
ygfS_ygfT_predicted,0.2,4,4,ACTGTAGTAAAATAGGCAGG,0,4908054
ygfS_ygfT_predicted,0.2,4,4,ACTGTAGAAAAGATCTATGC,0,4904008
ygfS_ygfT_predicted,0.2,4,4,ACTGGGGCTTGTTATGGGCA,0,4901993
ygfS_ygfT_predicted,0.2,4,4,ACTCTGAGCCACTGGCCCTG,0,4926146
ygfS_ygfT_predicted,0.2,4,4,ACTCTACGCCACACAGCAGC,0,4922035
ygfS_ygfT_predicted,0.2,4,4,ACTCGGGGTCATAGCCAGAC,0,4924525
ygfS_ygfT_predicted,0.2,4,4,ACTCCAGCCCTAATTAGCGA,0,4917374
ygfS_ygfT_predicted,0.2,4,4,ACTATTCTGTTCAGGGTCGT,0,4914224
ygfS_ygfT_predicted,0.2,4,4,ACTATGTAATCGCCAGCCGC,0,4922530
ygfS_ygfT_predicted,0.2,4,4,ACTATCATCTCCGAAAGCAG,0,4923391
ygfS_ygfT_predicted,0.2,4,4,ACTATATAGCAATGTTATAT,0,4904624
ygfS_ygfT_predicted,0.2,4,4,ACTAAATGTTACTTCAGCCG,0,4927710
ygfS_ygfT_predicted,0.2,4,4,ACGTTCATCATAACTAAAGG,0,4903770
ygfS_ygfT_predicted,0.2,4,4,ACGTTAAATGACCGACTTAA,0,4901474
ygfS_ygfT_predicted,0.2,4,4,ACGTGATAGGCGGTGAGGTT,0,4917774
ygfS_ygfT_predicted,0.2,4,4,ACGGCAGGCCGGGCTCCTAA,0,4908346
ygfS_ygfT_predicted,0.2,4,4,ACGGATAGCCTTCACTCCTG,0,4926882
ygfS_ygfT_predicted,0.2,4,4,ACGGAGTTATGCTTTTCGGC,0,4901332
ygfS_ygfT_predicted,0.2,4,4,ACGCCGCTCTCACGTTACGG,0,4928707
ygfS_ygfT_predicted,0.2,4,4,ACGCCAGGCGACGCATGAGT,0,4906243
ygfS_ygfT_predicted,0.2,4,4,ACGAGGCAGTTAGTTAAAAG,0,4912223
ygfS_ygfT_predicted,0.2,4,4,ACGACTCGCGTTTCCCCCTG,0,4928721
ygfS_ygfT_predicted,0.2,4,4,ACGACATGTCGTGCAGACTG,0,4929315
ygfS_ygfT_predicted,0.2,4,4,ACCTTTCTGAGTAATCCATG,0,4910911
ygfS_ygfT_predicted,0.2,4,4,ACCTAGGCGCCGTCGCAGTG,0,4900070
ygfS_ygfT_predicted,0.2,4,4,ACCGTAGATCCACAGAGATG,0,4899927
ygfS_ygfT_predicted,0.2,4,4,ACCCGTTCCCGAGACAGGGA,0,4917143
ygfS_ygfT_predicted,0.2,4,4,ACCCCCAAATCTCTAAAGGT,0,4930831
ygfS_ygfT_predicted,0.2,4,4,ACCCCACCCAGCGTGTTATG,0,4917020
ygfS_ygfT_predicted,0.2,4,4,ACCCATCGTGTAAAGAGTCT,0,4913251
ygfS_ygfT_predicted,0.2,4,4,ACCAGACTTTTGTGAGTAGA,0,4920730
ygfS_ygfT_predicted,0.2,4,4,ACCAACTGATTAGTCATGGT,0,4908716
ygfS_ygfT_predicted,0.2,4,4,ACATCCTCGTTAACGTCGCA,0,4922204
ygfS_ygfT_predicted,0.2,4,4,ACATCAACAATGCTGAGCCA,0,4914439
ygfS_ygfT_predicted,0.2,4,4,ACATACCCCACTGTCTTCCA,0,4920090
ygfS_ygfT_predicted,0.2,4,4,ACAGTGTGTAGACTTTAGGA,0,4919649
ygfS_ygfT_predicted,0.2,4,4,ACACGGGCCGACAACCGTAT,0,4902229
ygfS_ygfT_predicted,0.2,4,4,ACACGACGTGAGTTACGATA,0,4917116
ygfS_ygfT_predicted,0.2,4,4,ACAATCACTGAGTATGTGAT,0,4930637
ygfS_ygfT_predicted,0.2,4,4,ACAAACCCGCAACCAGGCGA,0,4916675
ygfS_ygfT_predicted,0.2,4,4,ACAAAAGCTCGACCCGTTAA,0,4905431
ygfS_ygfT_predicted,0.2,4,4,AATTGGATGACTGTGTACGT,0,4901239
ygfS_ygfT_predicted,0.2,4,4,AATTCTGCTCCGTATATTGT,0,4922710
ygfS_ygfT_predicted,0.2,4,4,AATTCGAGGTCCACCTCGTT,0,4907943
ygfS_ygfT_predicted,0.2,4,4,AATTATAGTGTACGTTATTG,0,4918195
ygfS_ygfT_predicted,0.2,4,4,AATGGCCTTCGTATTCTATG,0,4929105
ygfS_ygfT_predicted,0.2,4,4,AATGATTAATTCAACCGTGC,0,4929149
ygfS_ygfT_predicted,0.2,4,4,AATCGTTGAGACGTCTCGGA,0,4921066
ygfS_ygfT_predicted,0.2,4,4,AATCGTGACGTGTGAGAAAT,0,4919791
ygfS_ygfT_predicted,0.2,4,4,AATCGCTATTGGGATGAGTG,0,4918255
ygfS_ygfT_predicted,0.2,4,4,AATCGAGTGGCGAGGTACAC,0,4925957
ygfS_ygfT_predicted,0.2,4,4,AATCACACTCCTGGGCGTCT,0,4910827
ygfS_ygfT_predicted,0.2,4,4,AATAGATACTTGAATTTGTG,0,4928434
ygfS_ygfT_predicted,0.2,4,4,AAGTTTCTGGTTAGTACGGG,0,4929754
ygfS_ygfT_predicted,0.2,4,4,AAGTCTGTAGCTGACGGTGT,0,4923965
ygfS_ygfT_predicted,0.2,4,4,AAGTCAAGGAGGATGAGTCG,0,4907192
ygfS_ygfT_predicted,0.2,4,4,AAGTAACAGTTCACTGAAGT,0,4908919
ygfS_ygfT_predicted,0.2,4,4,AAGGGTACTGATAGTCCTAT,0,4911326
ygfS_ygfT_predicted,0.2,4,4,AAGGGGGGGTGGGTGAGTCA,0,4930317
ygfS_ygfT_predicted,0.2,4,4,AAGCTCGTGTCGGTAGGTAA,0,4901498
ygfS_ygfT_predicted,0.2,4,4,AAGCTCGGTCCAGTCAGGAT,0,4918544
ygfS_ygfT_predicted,0.2,4,4,AAGATGGTCCCTGCGTCCGT,0,4905438
ygfS_ygfT_predicted,0.2,4,4,AAGATATATAATTGTCCAGG,0,4930890
ygfS_ygfT_predicted,0.2,4,4,AAGAGTTACGCGGGCTTCGG,0,4916857
ygfS_ygfT_predicted,0.2,4,4,AAGACCCTGTCCTTTGGAGT,0,4913632
ygfS_ygfT_predicted,0.2,4,4,AAGAAAGGCAGGCTTATACT,0,4909145
ygfS_ygfT_predicted,0.2,4,4,AACTTCTACTCGTGCAGTCA,0,4926478
ygfS_ygfT_predicted,0.2,4,4,AACTTCGGGATTCAACAAGT,0,4903068
ygfS_ygfT_predicted,0.2,4,4,AACTGAATTGTATAGCAGAG,0,4919049
ygfS_ygfT_predicted,0.2,4,4,AACTCAACAGCCGGGTAGAG,0,4911076
ygfS_ygfT_predicted,0.2,4,4,AACTAACGTAAGTGTGGTAT,0,4907113
ygfS_ygfT_predicted,0.2,4,4,AACGTAAATAAGAGTCCAAT,0,4922645
ygfS_ygfT_predicted,0.2,4,4,AACGGGGGTTCTGATACCGT,0,4903406
ygfS_ygfT_predicted,0.2,4,4,AACGCGCCGGGGCTACCGTA,0,4930473
ygfS_ygfT_predicted,0.2,4,4,AACCTGTTATAGGAGCCTCT,0,4900481
ygfS_ygfT_predicted,0.2,4,4,AACCTGCCACATTTGTGCGC,0,4913433
ygfS_ygfT_predicted,0.2,4,4,AACCTCGTGTAGTTTATTTT,0,4910823
ygfS_ygfT_predicted,0.2,4,4,AACATGGGCCGCGTACCTGG,0,4924631
ygfS_ygfT_predicted,0.2,4,4,AACATAGTCGGGGATCCTTC,0,4917790
ygfS_ygfT_predicted,0.2,4,4,AACAAGGACAGATCGGCAAG,0,4907325
ygfS_ygfT_predicted,0.2,4,4,AAATTCGCCAGCCTGCTAGC,0,4902110
ygfS_ygfT_predicted,0.2,4,4,AAATGCCACACGTGCCAGTC,0,4909692
ygfS_ygfT_predicted,0.2,4,4,AAATCGCGGTGCTCGATAGA,0,4905383
ygfS_ygfT_predicted,0.2,4,4,AAATCATCGGCCCATCCTTA,0,4919424
ygfS_ygfT_predicted,0.2,4,4,AAATATGGATATGTGTCGGT,0,4905406
ygfS_ygfT_predicted,0.2,4,4,AAAGCACGGGGAGCCATGGC,0,4929298
ygfS_ygfT_predicted,0.2,4,4,AAAAGCTAGGTGCTTGGGGG,0,4914008
ygfS_ygfT_predicted,0.2,4,4,AAAACGTAAAAATCGGGGTG,0,4910945
ygfS_ygfT_predicted,0.2,4,4,AAAAAAAGCTAAAGAGAGTT,0,4917619
ygfS_ygfT_predicted,0.25,3,3,TTTTTGCAAATTGAAATCAT,0,4923492
ygfS_ygfT_predicted,0.25,3,3,TTTTGCTCCAAGCTGAGAGG,0,4902159
ygfS_ygfT_predicted,0.25,3,3,TTTTCAAGTCGAGGCGGAAT,0,4921877
ygfS_ygfT_predicted,0.25,3,3,TTTTATGGCAAAAAGAGGGT,0,4916593
ygfS_ygfT_predicted,0.25,3,3,TTTTATCTTTCTCTGTATTG,0,4921620
ygfS_ygfT_predicted,0.25,3,3,TTTTATAACACGTTTTGTAG,0,4904429
ygfS_ygfT_predicted,0.25,3,3,TTTGTAGTTTATCTGGAGGC,0,4918929
ygfS_ygfT_predicted,0.25,3,3,TTTGCACGCCGCGCTCGCGA,0,4930117
ygfS_ygfT_predicted,0.25,3,3,TTTGAGACTAGGGCAGCCCA,0,4921352
ygfS_ygfT_predicted,0.25,3,3,TTTCGCCTCTCAGTTGAGCT,0,4924632
ygfS_ygfT_predicted,0.25,3,3,TTTCCGAAGATTATGCACTT,0,4901280
ygfS_ygfT_predicted,0.25,3,3,TTTCACAACAATTGAACGGT,0,4911141
ygfS_ygfT_predicted,0.25,3,3,TTTATGTAGGGCAACCCCGA,0,4926501
ygfS_ygfT_predicted,0.25,3,3,TTTAGATCTGTGACCGCTCT,0,4920436
ygfS_ygfT_predicted,0.25,3,3,TTTAAACGTGCCAACTTCGC,0,4919552
ygfS_ygfT_predicted,0.25,3,3,TTGTTCCAATGAAATTAAAT,0,4921365
ygfS_ygfT_predicted,0.25,3,3,TTGTCTATACGGAGTGGGTA,0,4927743
ygfS_ygfT_predicted,0.25,3,3,TTGTCATTCAACAACAGGTC,0,4910283
ygfS_ygfT_predicted,0.25,3,3,TTGTATATCCGATAATATTT,0,4908151
ygfS_ygfT_predicted,0.25,3,3,TTGTACGGTTTCGACTTAAC,0,4906818
ygfS_ygfT_predicted,0.25,3,3,TTGTACGATTTACCGGCATA,0,4927714
ygfS_ygfT_predicted,0.25,3,3,TTGGTGCAATGGTGAGAGAT,0,4903256
ygfS_ygfT_predicted,0.25,3,3,TTGGGGCACGGGTCAGCTAC,0,4900888
ygfS_ygfT_predicted,0.25,3,3,TTGGCTGTCGCGTGGTTTGA,0,4917847
ygfS_ygfT_predicted,0.25,3,3,TTGCTGCCGGCGCTCCTACA,0,4919124
ygfS_ygfT_predicted,0.25,3,3,TTGCTCTAGGAGAGGTTATG,0,4911558
ygfS_ygfT_predicted,0.25,3,3,TTGCGCCCTCCTGTATAGCA,0,4910661
ygfS_ygfT_predicted,0.25,3,3,TTGCCGGAACTCGATTCCGC,0,4911502
ygfS_ygfT_predicted,0.25,3,3,TTGAGTATTACGAAGGGGGA,0,4903536
ygfS_ygfT_predicted,0.25,3,3,TTCTTGGCACATACCAGGCA,0,4929875
ygfS_ygfT_predicted,0.25,3,3,TTCTGTGCAGATCCGTTTAC,0,4926209
ygfS_ygfT_predicted,0.25,3,3,TTCTCGCTCCAGGACCCTAA,0,4921883
ygfS_ygfT_predicted,0.25,3,3,TTCGGTATTGTTCGCAGAGA,0,4900420
ygfS_ygfT_predicted,0.25,3,3,TTCGCGGGTACAGGGCTTGC,0,4903038
ygfS_ygfT_predicted,0.25,3,3,TTCGACAATTATCTATGCGA,0,4918447
ygfS_ygfT_predicted,0.25,3,3,TTCGAACTCTAGAAGCAGGT,0,4917892
ygfS_ygfT_predicted,0.25,3,3,TTCCTAGCGTGCTTGCAGCA,0,4925764
ygfS_ygfT_predicted,0.25,3,3,TTCCGAATCATCCTGTTTCT,0,4924814
ygfS_ygfT_predicted,0.25,3,3,TTCCGAACATGAACGAGGGT,0,4914828
ygfS_ygfT_predicted,0.25,3,3,TTCACATTCCGGAGCTAGGT,0,4921749
ygfS_ygfT_predicted,0.25,3,3,TTCAATCCCTGGGCCATCTA,0,4906718
ygfS_ygfT_predicted,0.25,3,3,TTCAACTTCCCAGACCTCAC,0,4908859
ygfS_ygfT_predicted,0.25,3,3,TTATTGAGCGGCAAACTCTG,0,4908371
ygfS_ygfT_predicted,0.25,3,3,TTATTGACGCTAAAGTTCGT,0,4916395
ygfS_ygfT_predicted,0.25,3,3,TTATTATATGATTGATGTCG,0,4903510
ygfS_ygfT_predicted,0.25,3,3,TTATCGTTTGAAGCCCGAAG,0,4910061
ygfS_ygfT_predicted,0.25,3,3,TTATATCTTTCAGGGGGTTT,0,4902654
ygfS_ygfT_predicted,0.25,3,3,TTAGTGCTCTGAGCCGGGGT,0,4921449
ygfS_ygfT_predicted,0.25,3,3,TTAGTAAATGGTGTCGGCAA,0,4919669
ygfS_ygfT_predicted,0.25,3,3,TTAGGCAGATTCAATCGTGC,0,4924071
ygfS_ygfT_predicted,0.25,3,3,TTACTGTAGAGTAATAGGAA,0,4930765
ygfS_ygfT_predicted,0.25,3,3,TTACTGGGTGACGCGTTAAA,0,4924019
ygfS_ygfT_predicted,0.25,3,3,TTACTGACCTAGACTATACA,0,4920144
ygfS_ygfT_predicted,0.25,3,3,TTACCCTAATTGGGGAAGAA,0,4920956
ygfS_ygfT_predicted,0.25,3,3,TTACATAGTTGGGAAGCCAC,0,4900883
ygfS_ygfT_predicted,0.25,3,3,TTACAATAGATCGACTAACC,0,4909793
ygfS_ygfT_predicted,0.25,3,3,TTAATTAGACTTGGCAGAAA,0,4926801
ygfS_ygfT_predicted,0.25,3,3,TTAAAGTGGGTATGACAAGC,0,4917520
ygfS_ygfT_predicted,0.25,3,3,TTAAAACGGAACTGGAAACT,0,4907931
ygfS_ygfT_predicted,0.25,3,3,TGTTTCTCCGGTCCTCCACG,0,4923372
ygfS_ygfT_predicted,0.25,3,3,TGTTGTGGCCCCGAGAATCG,0,4912293
ygfS_ygfT_predicted,0.25,3,3,TGTTGTACACCGCAGGCCCA,0,4930415
ygfS_ygfT_predicted,0.25,3,3,TGTTAGTCAGTTAGCCTTGT,0,4917692
ygfS_ygfT_predicted,0.25,3,3,TGTTACGCTGACTGCCGAAG,0,4919240
ygfS_ygfT_predicted,0.25,3,3,TGTTAAGCGGCGTCCGAACC,0,4913910
ygfS_ygfT_predicted,0.25,3,3,TGTGTCGATCTATTCATCAC,0,4929815
ygfS_ygfT_predicted,0.25,3,3,TGTGGTCACCGCGCTGCGTA,0,4909494
ygfS_ygfT_predicted,0.25,3,3,TGTGGCTATACCGGTATTCC,0,4922844
ygfS_ygfT_predicted,0.25,3,3,TGTCGGGACGAGGTATATTG,0,4925668
ygfS_ygfT_predicted,0.25,3,3,TGTCACGCCACGTCGAGGAA,0,4930064
ygfS_ygfT_predicted,0.25,3,3,TGTCAAAGGGCAAATCCGCG,0,4922018
ygfS_ygfT_predicted,0.25,3,3,TGTATCCTGAGAGCATGACC,0,4913075
ygfS_ygfT_predicted,0.25,3,3,TGGTTCCTATTGGCACTGGA,0,4913803
ygfS_ygfT_predicted,0.25,3,3,TGGTCAGTTTAGGATCGACT,0,4904339
ygfS_ygfT_predicted,0.25,3,3,TGGTACAGCTCAAGTCTAAC,0,4919347
ygfS_ygfT_predicted,0.25,3,3,TGGTAACTTACAAGGGGTTG,0,4915846
ygfS_ygfT_predicted,0.25,3,3,TGGGCATACGAGTTTACGGG,0,4928554
ygfS_ygfT_predicted,0.25,3,3,TGGCTATGGGTCCGCCAAAT,0,4901923
ygfS_ygfT_predicted,0.25,3,3,TGGCCGACCTTCGATTCTCT,0,4921479
ygfS_ygfT_predicted,0.25,3,3,TGGCCCAGTGCCGAGGTCAT,0,4914173
ygfS_ygfT_predicted,0.25,3,3,TGGCAGTGTGCTGCAAGGGG,0,4914905
ygfS_ygfT_predicted,0.25,3,3,TGGCAGTAGTGGCGAACCAC,0,4904557
ygfS_ygfT_predicted,0.25,3,3,TGGATATTGGGATCACACGC,0,4911022
ygfS_ygfT_predicted,0.25,3,3,TGGACCGCCAATCGTGGGTC,0,4908055
ygfS_ygfT_predicted,0.25,3,3,TGGAAGCCCGCCTAGGGTGC,0,4915592
ygfS_ygfT_predicted,0.25,3,3,TGCTGGTGACTAGGTGGTAC,0,4917271
ygfS_ygfT_predicted,0.25,3,3,TGCTGAGGTCACGTCTCCTT,0,4924583
ygfS_ygfT_predicted,0.25,3,3,TGCGGTTTGTAGGACGTCAC,0,4903537
ygfS_ygfT_predicted,0.25,3,3,TGCGGTTCTTCGTTTGGGTT,0,4921955
ygfS_ygfT_predicted,0.25,3,3,TGCGGGATTGATTCCGTAAA,0,4905502
ygfS_ygfT_predicted,0.25,3,3,TGCGAGTAAACGATGAAATG,0,4901985
ygfS_ygfT_predicted,0.25,3,3,TGCCTATACACCAGGCATTG,0,4929993
ygfS_ygfT_predicted,0.25,3,3,TGCATGTGGAGTCATTCCAC,0,4920435
ygfS_ygfT_predicted,0.25,3,3,TGCATCAGTGGTTCCGCGGA,0,4924084
ygfS_ygfT_predicted,0.25,3,3,TGCAGGCTCAGCGTACCTAA,0,4920002
ygfS_ygfT_predicted,0.25,3,3,TGATGAGCCCGTACGTTTAA,0,4927207
ygfS_ygfT_predicted,0.25,3,3,TGAGTGTGGAAAATCTCGTG,0,4915231
ygfS_ygfT_predicted,0.25,3,3,TGAGTGTATAGTTCGTACGG,0,4927816
ygfS_ygfT_predicted,0.25,3,3,TGAGTAAAAGTCTTGAAGAT,0,4928394
ygfS_ygfT_predicted,0.25,3,3,TGAGCATATCCGCACGTTCA,0,4905060
ygfS_ygfT_predicted,0.25,3,3,TGAGAAGCACACGAGCGCAT,0,4915124
ygfS_ygfT_predicted,0.25,3,3,TGACTTCAATGTAACGCATA,0,4916513
ygfS_ygfT_predicted,0.25,3,3,TGACCCGCATCCGAGCAAAT,0,4915493
ygfS_ygfT_predicted,0.25,3,3,TGACAGACTATCGGAGCGTG,0,4926631
ygfS_ygfT_predicted,0.25,3,3,TGACACTTCTTAAAACGCTT,0,4921545
ygfS_ygfT_predicted,0.25,3,3,TGAATTTTAGGAGTTACGCT,0,4911323
ygfS_ygfT_predicted,0.25,3,3,TGAAGCCCCTGAGGGCCTAG,0,4913976
ygfS_ygfT_predicted,0.25,3,3,TGAAACGTGTATCGGATTGC,0,4908806
ygfS_ygfT_predicted,0.25,3,3,TCTTGTGGCCTTTTGCAATA,0,4929170
ygfS_ygfT_predicted,0.25,3,3,TCTTGCTCCTACTATGGTCT,0,4917345
ygfS_ygfT_predicted,0.25,3,3,TCTTGAAGGTCTACCGTGAT,0,4919030
ygfS_ygfT_predicted,0.25,3,3,TCTTAACTGGTGTCCTCAGT,0,4918981
ygfS_ygfT_predicted,0.25,3,3,TCTGTATTTCAGCCGCTGAA,0,4912095
ygfS_ygfT_predicted,0.25,3,3,TCTCCTCAGAACTACATGAG,0,4925017
ygfS_ygfT_predicted,0.25,3,3,TCTCATGCGAAACCAAATAT,0,4902075
ygfS_ygfT_predicted,0.25,3,3,TCTAGGTATCCGATTCGAAA,0,4908084
ygfS_ygfT_predicted,0.25,3,3,TCTACAGTGACTGCGTCACC,0,4928823
ygfS_ygfT_predicted,0.25,3,3,TCGTTGTTCCCCGCACTTGC,0,4902499
ygfS_ygfT_predicted,0.25,3,3,TCGTTGCGTAGGACCGTGTC,0,4929101
ygfS_ygfT_predicted,0.25,3,3,TCGTGCCCGTCCAGACAGGG,0,4899737
ygfS_ygfT_predicted,0.25,3,3,TCGTGAACGATACGGGGAAT,0,4928999
ygfS_ygfT_predicted,0.25,3,3,TCGTACGCGGGCAAGGTTAG,0,4916584
ygfS_ygfT_predicted,0.25,3,3,TCGGGATGAAGCCAGACTCA,0,4927108
ygfS_ygfT_predicted,0.25,3,3,TCGGGACACCGCTGTCCTAG,0,4915413
ygfS_ygfT_predicted,0.25,3,3,TCGGCATCCTAGCCAGTGTG,0,4905428
ygfS_ygfT_predicted,0.25,3,3,TCGCAGCCCGGGTCATTAAT,0,4918342
ygfS_ygfT_predicted,0.25,3,3,TCGACAGGCCATTACAACTT,0,4928961
ygfS_ygfT_predicted,0.25,3,3,TCGAATCCGCTGCCCTTGGG,0,4927011
ygfS_ygfT_predicted,0.25,3,3,TCCTTGCAGGTGAGCCGGGA,0,4904292
ygfS_ygfT_predicted,0.25,3,3,TCCTGCAGATGTGCATCAAT,0,4906172
ygfS_ygfT_predicted,0.25,3,3,TCCTCTCGGTTTCGACTCAA,0,4903759
ygfS_ygfT_predicted,0.25,3,3,TCCTCGGTGAGCCGAAGGAT,0,4919136
ygfS_ygfT_predicted,0.25,3,3,TCCGTCCCCGTTACGAAACC,0,4910643
ygfS_ygfT_predicted,0.25,3,3,TCCGAGTTTTGTACATACAA,0,4927701
ygfS_ygfT_predicted,0.25,3,3,TCCCTGACAGTTCCTTAACA,0,4919200
ygfS_ygfT_predicted,0.25,3,3,TCCCTCGGTATCGAAATCGT,0,4925808
ygfS_ygfT_predicted,0.25,3,3,TCCATGCCGATCGGCAAACC,0,4914738
ygfS_ygfT_predicted,0.25,3,3,TCCACGAGCACGGGTTCGGA,0,4901976
ygfS_ygfT_predicted,0.25,3,3,TCCACAAGAGAGACGCTCAT,0,4909583
ygfS_ygfT_predicted,0.25,3,3,TCCAATGGTCACTATCTGTA,0,4924048
ygfS_ygfT_predicted,0.25,3,3,TCCAATGACTGGACGTTGTG,0,4908356
ygfS_ygfT_predicted,0.25,3,3,TCCAACAGTTATCAGTGATT,0,4914775
ygfS_ygfT_predicted,0.25,3,3,TCATATGTATGCACTAGCTT,0,4924614
ygfS_ygfT_predicted,0.25,3,3,TCATATAATTTTCGACCGAT,0,4905128
ygfS_ygfT_predicted,0.25,3,3,TCATAGTCTCTCGGCGGTTA,0,4929178
ygfS_ygfT_predicted,0.25,3,3,TCATACGCTTAATTCAATGT,0,4901714
ygfS_ygfT_predicted,0.25,3,3,TCAGTTTTATGCGAGACATC,0,4914039
ygfS_ygfT_predicted,0.25,3,3,TCAGTTTTATGCAAATATAC,0,4920829
ygfS_ygfT_predicted,0.25,3,3,TCAGATTACATTGGAGGGTA,0,4900472
ygfS_ygfT_predicted,0.25,3,3,TCACTTTACCTCGAATGCAA,0,4924013
ygfS_ygfT_predicted,0.25,3,3,TCACTTATTTATCGGCGGAT,0,4899728
ygfS_ygfT_predicted,0.25,3,3,TCACTGAAAACGGCTCAGGC,0,4913542
ygfS_ygfT_predicted,0.25,3,3,TCACGGACTGTGGGATAGAC,0,4926066
ygfS_ygfT_predicted,0.25,3,3,TCACACCTACTGAGGGGCGT,0,4917218
ygfS_ygfT_predicted,0.25,3,3,TCACAAAGTTTACAACGGTA,0,4911664
ygfS_ygfT_predicted,0.25,3,3,TCAATTTGATACGTGTGTTG,0,4915239
ygfS_ygfT_predicted,0.25,3,3,TCAATCGAATTCCAAAGCGA,0,4914878
ygfS_ygfT_predicted,0.25,3,3,TCAATAGACGTTGCCCTATG,0,4900210
ygfS_ygfT_predicted,0.25,3,3,TATTTCCGACCTTTTTGGAT,0,4924683
ygfS_ygfT_predicted,0.25,3,3,TATTAGTCTGTCGAGGTCTC,0,4924244
ygfS_ygfT_predicted,0.25,3,3,TATTAGGCGGATAGCTGGTT,0,4926038
ygfS_ygfT_predicted,0.25,3,3,TATTAGAACGTTGCCGTCCC,0,4919369
ygfS_ygfT_predicted,0.25,3,3,TATGTGCTTGATCGCAGTTG,0,4930335
ygfS_ygfT_predicted,0.25,3,3,TATGGGGGCATACGGTCCCT,0,4910533
ygfS_ygfT_predicted,0.25,3,3,TATGGATCCTCGCATGGTGT,0,4914354
ygfS_ygfT_predicted,0.25,3,3,TATGCATATGATGGTCACAA,0,4903369
ygfS_ygfT_predicted,0.25,3,3,TATGACACAGACGTCCAGGA,0,4931078
ygfS_ygfT_predicted,0.25,3,3,TATCGGGGTCGAAACTGTGA,0,4902338
ygfS_ygfT_predicted,0.25,3,3,TATCGGGCGTTTGGTAGTGT,0,4925527
ygfS_ygfT_predicted,0.25,3,3,TATCGGACGAGCAATCCGGG,0,4918964
ygfS_ygfT_predicted,0.25,3,3,TATCGGAATGCGCCATACGA,0,4913030
ygfS_ygfT_predicted,0.25,3,3,TATCGATATGCAGTCGGTAA,0,4908730
ygfS_ygfT_predicted,0.25,3,3,TATCGAGAAACCGCGTCATT,0,4903780
ygfS_ygfT_predicted,0.25,3,3,TATCCTTTGCTTAGTTGGCA,0,4906528
ygfS_ygfT_predicted,0.25,3,3,TATCAGACTATCGCCATCTA,0,4905734
ygfS_ygfT_predicted,0.25,3,3,TATATTCCGCGGTTCGCACA,0,4924684
ygfS_ygfT_predicted,0.25,3,3,TATACTTTAGGAACGAGTTC,0,4924775
ygfS_ygfT_predicted,0.25,3,3,TATACTTCACATAGGTCTTT,0,4924023
ygfS_ygfT_predicted,0.25,3,3,TAGTACGGTAAAAAATCTCT,0,4916135
ygfS_ygfT_predicted,0.25,3,3,TAGGTAATCGGTTACGACAC,0,4906437
ygfS_ygfT_predicted,0.25,3,3,TAGGCTATAATATCGAAGTA,0,4909670
ygfS_ygfT_predicted,0.25,3,3,TAGGCGCGAGAGGTCAAGAA,0,4907349
ygfS_ygfT_predicted,0.25,3,3,TAGGATGGCATTGGATCGCC,0,4919449
ygfS_ygfT_predicted,0.25,3,3,TAGCGTTAGATGGAATAGCC,0,4902889
ygfS_ygfT_predicted,0.25,3,3,TAGCGGTCGTTACACTACGA,0,4908193
ygfS_ygfT_predicted,0.25,3,3,TAGCGGGTACGTGCAGTCCT,0,4926212
ygfS_ygfT_predicted,0.25,3,3,TAGCCAGTGCCGGGGGATGC,0,4903658
ygfS_ygfT_predicted,0.25,3,3,TAGAGTCAATCCTCCGCGGG,0,4908201
ygfS_ygfT_predicted,0.25,3,3,TAGAGACCACTAGCCGCCGC,0,4899780
ygfS_ygfT_predicted,0.25,3,3,TAGACCCCTGTAGTAGACTG,0,4919743
ygfS_ygfT_predicted,0.25,3,3,TACTTGTTTTCCGTCTTATG,0,4928164
ygfS_ygfT_predicted,0.25,3,3,TACTTCTGCCTCGGTGGGTG,0,4925380
ygfS_ygfT_predicted,0.25,3,3,TACTCGGTCGGGCCAGACTG,0,4907046
ygfS_ygfT_predicted,0.25,3,3,TACTATACAAACTGTGGTAG,0,4914922
ygfS_ygfT_predicted,0.25,3,3,TACTAGCAATCGTATATGTA,0,4902566
ygfS_ygfT_predicted,0.25,3,3,TACGTACGGCATGCCGGTAC,0,4900438
ygfS_ygfT_predicted,0.25,3,3,TACGGGGCACACACACCAGC,0,4923376
ygfS_ygfT_predicted,0.25,3,3,TACGCAACCTTTCATTAATC,0,4916924
ygfS_ygfT_predicted,0.25,3,3,TACGCAAAGAATGTCGGGCA,0,4905354
ygfS_ygfT_predicted,0.25,3,3,TACGATTGCTAATTCCTCGT,0,4911472
ygfS_ygfT_predicted,0.25,3,3,TACGAGATTCGACTCTGGGA,0,4915925
ygfS_ygfT_predicted,0.25,3,3,TACGAATAGAAGTACCGGGG,0,4926621
ygfS_ygfT_predicted,0.25,3,3,TACGAAGAGCGTTCGTAGGG,0,4915209
ygfS_ygfT_predicted,0.25,3,3,TACCTTCACCTTTTCCCTGC,0,4922949
ygfS_ygfT_predicted,0.25,3,3,TACCGTGTTTAATCTTGGCG,0,4906529
ygfS_ygfT_predicted,0.25,3,3,TACCGAGGTCGGGAAGTTTT,0,4926411
ygfS_ygfT_predicted,0.25,3,3,TACCCCGACGTGAGTTGCAA,0,4912562
ygfS_ygfT_predicted,0.25,3,3,TACCAGTGTGCGAACGCCCC,0,4904828
ygfS_ygfT_predicted,0.25,3,3,TACAGTAAGTATCTGGGGAG,0,4911255
ygfS_ygfT_predicted,0.25,3,3,TACACACGGTGCATGTTTAG,0,4913769
ygfS_ygfT_predicted,0.25,3,3,TACAATGCGAGCAGCTGGGA,0,4916851
ygfS_ygfT_predicted,0.25,3,3,TACAACCCCCGAGGGGTAAG,0,4908409
ygfS_ygfT_predicted,0.25,3,3,TAATTGTGTCCCCTTTGAAA,0,4912632
ygfS_ygfT_predicted,0.25,3,3,TAATTAGGCGCCGGGCGACG,0,4921313
ygfS_ygfT_predicted,0.25,3,3,TAATGCCCCACCACTTCTTG,0,4927901
ygfS_ygfT_predicted,0.25,3,3,TAAGATGCAAGCCGTGGGAG,0,4918463
ygfS_ygfT_predicted,0.25,3,3,TAACGCACTAAAATCTTACT,0,4907124
ygfS_ygfT_predicted,0.25,3,3,TAACAGGCGGGTTGGCGATG,0,4913438
ygfS_ygfT_predicted,0.25,3,3,TAAATCTATCCGTAACAGCT,0,4914681
ygfS_ygfT_predicted,0.25,3,3,TAAATAAGAGGCAAGAAGTG,0,4913177
ygfS_ygfT_predicted,0.25,3,3,TAAAAGTTAATTGGCTCACA,0,4903860
ygfS_ygfT_predicted,0.25,3,3,GTTTGTCCACTGGGCGCGGG,0,4912971
ygfS_ygfT_predicted,0.25,3,3,GTTTGCGGACGGGCCGCGTA,0,4923215
ygfS_ygfT_predicted,0.25,3,3,GTTGTTAGGGTTCGCTAGTC,0,4917658
ygfS_ygfT_predicted,0.25,3,3,GTTGGCACTAAACATGGTAT,0,4918158
ygfS_ygfT_predicted,0.25,3,3,GTTGGACACTTAAGCGCAGA,0,4929445
ygfS_ygfT_predicted,0.25,3,3,GTTGCAAGATGGGGACTTTT,0,4917810
ygfS_ygfT_predicted,0.25,3,3,GTTCTGGTATCTAGTCAGTG,0,4916835
ygfS_ygfT_predicted,0.25,3,3,GTTCTGAGTTTGCTCTTTCG,0,4922679
ygfS_ygfT_predicted,0.25,3,3,GTTCTCGCTTGGTATCAGAT,0,4920556
ygfS_ygfT_predicted,0.25,3,3,GTTCGAGGCTGAGCATGCCA,0,4918349
ygfS_ygfT_predicted,0.25,3,3,GTTCGACGCTATTCACGGGA,0,4914091
ygfS_ygfT_predicted,0.25,3,3,GTTCCTAGATGGATGATCTT,0,4915526
ygfS_ygfT_predicted,0.25,3,3,GTTCCCTTTCACCGGCCAAA,0,4911014
ygfS_ygfT_predicted,0.25,3,3,GTTCAGAGTCCTGAGAAAAG,0,4924708
ygfS_ygfT_predicted,0.25,3,3,GTTATTGTTCTGAGCCTGAC,0,4926753
ygfS_ygfT_predicted,0.25,3,3,GTTACCTATTAAACTATGAC,0,4922775
ygfS_ygfT_predicted,0.25,3,3,GTTAATAACGTCATGTGAAT,0,4929934
ygfS_ygfT_predicted,0.25,3,3,GTGTAGTGGACTTTCCGTCG,0,4930368
ygfS_ygfT_predicted,0.25,3,3,GTGGTAACTGGGTGCCGTTT,0,4921495
ygfS_ygfT_predicted,0.25,3,3,GTGGGAATGGAGGTAGGCTT,0,4910185
ygfS_ygfT_predicted,0.25,3,3,GTGGCTATCAAATGTCCGGT,0,4931382
ygfS_ygfT_predicted,0.25,3,3,GTGGCACCGTTTACAAAGGG,0,4927465
ygfS_ygfT_predicted,0.25,3,3,GTGGACTTCTAGGGGTAGAC,0,4914821
ygfS_ygfT_predicted,0.25,3,3,GTGGACATGGGCGGGAGACG,0,4926831
ygfS_ygfT_predicted,0.25,3,3,GTGGACATCACCGGATTGCC,0,4921180
ygfS_ygfT_predicted,0.25,3,3,GTGGAAGTTGGTAGATTAGA,0,4921711
ygfS_ygfT_predicted,0.25,3,3,GTGCTTTCTACACACTAAAG,0,4918531
ygfS_ygfT_predicted,0.25,3,3,GTGCTCCTATATGACAGGGA,0,4912616
ygfS_ygfT_predicted,0.25,3,3,GTGCGAGACCACTCGCGGAT,0,4926356
ygfS_ygfT_predicted,0.25,3,3,GTGCCTTCATGTACTACAGT,0,4924596
ygfS_ygfT_predicted,0.25,3,3,GTGCCTATTCAGTCCGCCGG,0,4899904
ygfS_ygfT_predicted,0.25,3,3,GTGCATGCACTAGACTGTCG,0,4924181
ygfS_ygfT_predicted,0.25,3,3,GTGATCTAAGGTGGGTCAGA,0,4901926
ygfS_ygfT_predicted,0.25,3,3,GTGATCACATTCACACCCAT,0,4917616
ygfS_ygfT_predicted,0.25,3,3,GTCTGGAAAACGCTTGGCGC,0,4918012
ygfS_ygfT_predicted,0.25,3,3,GTCTGCCCACCGTCGAGGAA,0,4919358
ygfS_ygfT_predicted,0.25,3,3,GTCTGAGATCCCCAGCTTAG,0,4918536
ygfS_ygfT_predicted,0.25,3,3,GTCTCACGTTTGAACCCTCG,0,4905912
ygfS_ygfT_predicted,0.25,3,3,GTCTATTATACAACCAGTTT,0,4912237
ygfS_ygfT_predicted,0.25,3,3,GTCTATCAAAACCTAATAAT,0,4927542
ygfS_ygfT_predicted,0.25,3,3,GTCGTTACTCTTTGGAATTA,0,4922598
ygfS_ygfT_predicted,0.25,3,3,GTCGTCTTTGCCTTACTACG,0,4905119
ygfS_ygfT_predicted,0.25,3,3,GTCGTCAGGTATGCAGTCCC,0,4923127
ygfS_ygfT_predicted,0.25,3,3,GTCGTAGTCCTGGAGTGTGC,0,4905085
ygfS_ygfT_predicted,0.25,3,3,GTCGGCGACGCCTTATGCGT,0,4909631
ygfS_ygfT_predicted,0.25,3,3,GTCCTTTACATTGACATTAT,0,4902266
ygfS_ygfT_predicted,0.25,3,3,GTCCAGTTAGTCAGAATACC,0,4912421
ygfS_ygfT_predicted,0.25,3,3,GTCAGGCCTCTCCACATCCA,0,4928857
ygfS_ygfT_predicted,0.25,3,3,GTCAAAGGGGTAATCCAAAT,0,4922223
ygfS_ygfT_predicted,0.25,3,3,GTATTGGCAGATTCGACAAT,0,4900366
ygfS_ygfT_predicted,0.25,3,3,GTATTGGATTAAGATCTCGC,0,4904899
ygfS_ygfT_predicted,0.25,3,3,GTATGGCAACATGCCCCACC,0,4930978
ygfS_ygfT_predicted,0.25,3,3,GTATCTACGTACTTGTTTAG,0,4926728
ygfS_ygfT_predicted,0.25,3,3,GTATCAATGGTCCCGATCTG,0,4916483
ygfS_ygfT_predicted,0.25,3,3,GTATATATAGACGAGATCCT,0,4912850
ygfS_ygfT_predicted,0.25,3,3,GTAGTACGAATGTACTTGGC,0,4908568
ygfS_ygfT_predicted,0.25,3,3,GTAGATGAGAGGAGCTTTCG,0,4919500
ygfS_ygfT_predicted,0.25,3,3,GTAGACGGCACGCGACAGTC,0,4921133
ygfS_ygfT_predicted,0.25,3,3,GTACTTCAACGAGCAATCCT,0,4917208
ygfS_ygfT_predicted,0.25,3,3,GTACTCACTGGCGAGTAAAA,0,4922132
ygfS_ygfT_predicted,0.25,3,3,GTACCTATAATTCTGGCATC,0,4916245
ygfS_ygfT_predicted,0.25,3,3,GTACCAGGGACTTTAAGGTC,0,4919162
ygfS_ygfT_predicted,0.25,3,3,GTAATTGACACCGAGGAAGG,0,4924613
ygfS_ygfT_predicted,0.25,3,3,GTAACACTTTGGGAAATGAT,0,4906965
ygfS_ygfT_predicted,0.25,3,3,GGTTTTAATTCGCATGCGTT,0,4918178
ygfS_ygfT_predicted,0.25,3,3,GGTTTCCGCGGCGCATGGCG,0,4909933
ygfS_ygfT_predicted,0.25,3,3,GGTTGGTTCCGGTTCGTCTG,0,4908576
ygfS_ygfT_predicted,0.25,3,3,GGTTGCCCATATAGTGTCAA,0,4900413
ygfS_ygfT_predicted,0.25,3,3,GGTTCATGGCCGTTTATTTC,0,4916147
ygfS_ygfT_predicted,0.25,3,3,GGTTAAGCTTTTGCACCTGG,0,4917937
ygfS_ygfT_predicted,0.25,3,3,GGTTAAAAAGTTGGAAGGCG,0,4904774
ygfS_ygfT_predicted,0.25,3,3,GGTGTTATGTGATAAACAGG,0,4910441
ygfS_ygfT_predicted,0.25,3,3,GGTGTGTCCGTTTACAATGT,0,4924172
ygfS_ygfT_predicted,0.25,3,3,GGTGTGCGTTTCGACACCTT,0,4923291
ygfS_ygfT_predicted,0.25,3,3,GGTGGCTAGCCTATAGTATA,0,4905980
ygfS_ygfT_predicted,0.25,3,3,GGTGCACGCAAGGCTTGTTT,0,4905691
ygfS_ygfT_predicted,0.25,3,3,GGTGATACACATGGGTCCTA,0,4902483
ygfS_ygfT_predicted,0.25,3,3,GGTCTCGGCACACATTTCAC,0,4907219
ygfS_ygfT_predicted,0.25,3,3,GGTCGCCTTTAAAGTCCAGG,0,4914132
ygfS_ygfT_predicted,0.25,3,3,GGTCGCACAGCATATGTACT,0,4921461
ygfS_ygfT_predicted,0.25,3,3,GGTCACCACGAACTTGCGAG,0,4909892
ygfS_ygfT_predicted,0.25,3,3,GGTATTTAGTGTATTGAGTT,0,4907929
ygfS_ygfT_predicted,0.25,3,3,GGTAGAAGAGCGCTAGACCC,0,4910341
ygfS_ygfT_predicted,0.25,3,3,GGTACACGGTACCGAACTAT,0,4920377
ygfS_ygfT_predicted,0.25,3,3,GGGTGGGTAAGGGTTGTCGT,0,4915055
ygfS_ygfT_predicted,0.25,3,3,GGGTCTGTGCATGTGGCAAA,0,4907502
ygfS_ygfT_predicted,0.25,3,3,GGGTCATGGCCGAGACTTAA,0,4904697
ygfS_ygfT_predicted,0.25,3,3,GGGTAAAGAAGCGTCAGCCT,0,4914909
ygfS_ygfT_predicted,0.25,3,3,GGGGGGTGATCTGGCCTCAA,0,4918344
ygfS_ygfT_predicted,0.25,3,3,GGGGGACGCAACATCTAGGT,0,4916787
ygfS_ygfT_predicted,0.25,3,3,GGGGCGTTTGATCAAAGAAT,0,4920907
ygfS_ygfT_predicted,0.25,3,3,GGGGCAGCCACACTCGTCTA,0,4928013
ygfS_ygfT_predicted,0.25,3,3,GGGCTTTTCCGTTTTGCCAC,0,4920005
ygfS_ygfT_predicted,0.25,3,3,GGGCTGGGTATGGAATCCAC,0,4913198
ygfS_ygfT_predicted,0.25,3,3,GGGCGTACGGAAAATCATAG,0,4907295
ygfS_ygfT_predicted,0.25,3,3,GGGCGGAAGGTGCCTCCTTA,0,4919555
ygfS_ygfT_predicted,0.25,3,3,GGGCGAATGACGATACATCC,0,4931317
ygfS_ygfT_predicted,0.25,3,3,GGGACTGCTACTGCCGTGAG,0,4901893
ygfS_ygfT_predicted,0.25,3,3,GGCTTGGACTCGTGCGAGTA,0,4931015
ygfS_ygfT_predicted,0.25,3,3,GGCTTCTATTATCCTATTTT,0,4924197
ygfS_ygfT_predicted,0.25,3,3,GGCTTCACCCTTCAGTGCAG,0,4913090
ygfS_ygfT_predicted,0.25,3,3,GGCTGGGCAGCAATACGCTA,0,4927285
ygfS_ygfT_predicted,0.25,3,3,GGCGTTTGTGGACTTCAAAC,0,4906065
ygfS_ygfT_predicted,0.25,3,3,GGCGGGCAAGTGAGTGCACA,0,4929745
ygfS_ygfT_predicted,0.25,3,3,GGCGCTTTGGCGGATGTACG,0,4912383
ygfS_ygfT_predicted,0.25,3,3,GGCGACGTGTAGGTGCGATC,0,4910444
ygfS_ygfT_predicted,0.25,3,3,GGCGAACTGGTTCATGGGGA,0,4921477
ygfS_ygfT_predicted,0.25,3,3,GGCCTTCAAAGTAACCCTGT,0,4925028
ygfS_ygfT_predicted,0.25,3,3,GGCCAGTTCACGTCTCAAAA,0,4906680
ygfS_ygfT_predicted,0.25,3,3,GGCCAGCATGAAAACAGGGG,0,4915874
ygfS_ygfT_predicted,0.25,3,3,GGCCAAATCAATGGTATCAC,0,4925213
ygfS_ygfT_predicted,0.25,3,3,GGCATTACAGACATTCTCGG,0,4916424
ygfS_ygfT_predicted,0.25,3,3,GGCAGAGCACTGGTTGCAAA,0,4915009
ygfS_ygfT_predicted,0.25,3,3,GGCACTGGCACATGCACAAA,0,4915275
ygfS_ygfT_predicted,0.25,3,3,GGCAACATTCTGATCAATGA,0,4922371
ygfS_ygfT_predicted,0.25,3,3,GGATGTACGAGAAAAAGTCA,0,4923196
ygfS_ygfT_predicted,0.25,3,3,GGATCTCGAATTTCGTGGAC,0,4918756
ygfS_ygfT_predicted,0.25,3,3,GGATATATTCTTCTGTGCGC,0,4906159
ygfS_ygfT_predicted,0.25,3,3,GGATACATATGCCACAAGCA,0,4930830
ygfS_ygfT_predicted,0.25,3,3,GGAGTGAGCTGGACTCTCAA,0,4917887
ygfS_ygfT_predicted,0.25,3,3,GGAGCTAGCTATGACGCTGA,0,4921590
ygfS_ygfT_predicted,0.25,3,3,GGACTCGGTACCTAATGGGT,0,4919097
ygfS_ygfT_predicted,0.25,3,3,GGACCTAGGAATATTACCCA,0,4925986
ygfS_ygfT_predicted,0.25,3,3,GGACCCTTTACATTAGCGCT,0,4919554
ygfS_ygfT_predicted,0.25,3,3,GGACCACTGCGATACCTTGT,0,4921134
ygfS_ygfT_predicted,0.25,3,3,GGAATGTGAGTTACCACTAT,0,4918700
ygfS_ygfT_predicted,0.25,3,3,GGAATCCGGTCGGTTTTTGT,0,4914055
ygfS_ygfT_predicted,0.25,3,3,GGAAGTATCTCAAGCAAGCG,0,4901366
ygfS_ygfT_predicted,0.25,3,3,GGAACGGGGGATGGACCAAT,0,4919769
ygfS_ygfT_predicted,0.25,3,3,GGAACAGTCTTGCGAGCTCT,0,4902662
ygfS_ygfT_predicted,0.25,3,3,GGAACAGCTAATGGGATCGG,0,4920019
ygfS_ygfT_predicted,0.25,3,3,GGAAAGTAGAAGCGCTTCTA,0,4927633
ygfS_ygfT_predicted,0.25,3,3,GCTTGTTATGCCGATGTCCT,0,4908024
ygfS_ygfT_predicted,0.25,3,3,GCTTGAAAAATGATTCCGAC,0,4905427
ygfS_ygfT_predicted,0.25,3,3,GCTTCTTGGGCATACTAACT,0,4931098
ygfS_ygfT_predicted,0.25,3,3,GCTTCATTTATGAAGAGCCT,0,4906705
ygfS_ygfT_predicted,0.25,3,3,GCTTCAGAGAAATGTCAATT,0,4906865
ygfS_ygfT_predicted,0.25,3,3,GCTTATAAGGGTGTTTACCC,0,4900435
ygfS_ygfT_predicted,0.25,3,3,GCTTAGTACCGAGGTAAGAT,0,4902740
ygfS_ygfT_predicted,0.25,3,3,GCTGTGTAACACTCTGGTAA,0,4905004
ygfS_ygfT_predicted,0.25,3,3,GCTGTAGGTGTTTCACTGCA,0,4919747
ygfS_ygfT_predicted,0.25,3,3,GCTGGTCTAACGCTAATCTC,0,4920504
ygfS_ygfT_predicted,0.25,3,3,GCTGCCCCCATGAGCACGGT,0,4907452
ygfS_ygfT_predicted,0.25,3,3,GCTGAGGGTTATGCCCCTGT,0,4928199
ygfS_ygfT_predicted,0.25,3,3,GCTCTTTTTCGCTGGTGAAC,0,4907917
ygfS_ygfT_predicted,0.25,3,3,GCTCTGTTGTCTGTTATCCC,0,4902407
ygfS_ygfT_predicted,0.25,3,3,GCTCTGTCCAACCCTATTAG,0,4904269
ygfS_ygfT_predicted,0.25,3,3,GCTCCTGTCTACGCTTACGT,0,4904032
ygfS_ygfT_predicted,0.25,3,3,GCTCATGCATGAGTCCCGTG,0,4902379
ygfS_ygfT_predicted,0.25,3,3,GCTATAGCGTCACGAATACC,0,4926081
ygfS_ygfT_predicted,0.25,3,3,GCGTTGTGCTTGTTCGTCGG,0,4922900
ygfS_ygfT_predicted,0.25,3,3,GCGTTAACTATACGAAGGGT,0,4913752
ygfS_ygfT_predicted,0.25,3,3,GCGTGGAGCCGACATTGGAT,0,4901452
ygfS_ygfT_predicted,0.25,3,3,GCGGGTGGAGCCGGAGCAGA,0,4926114
ygfS_ygfT_predicted,0.25,3,3,GCGGGCTTTTTCATGCACCG,0,4919626
ygfS_ygfT_predicted,0.25,3,3,GCGGGAATTAAGTTCCGCGA,0,4901077
ygfS_ygfT_predicted,0.25,3,3,GCGGCACCTCTTAGACTTGT,0,4908627
ygfS_ygfT_predicted,0.25,3,3,GCGGAGGTATCCTTTTATTC,0,4925136
ygfS_ygfT_predicted,0.25,3,3,GCGGAGCTTCACGGAAAATA,0,4902627
ygfS_ygfT_predicted,0.25,3,3,GCGCTGACAAGTAAGTCTAA,0,4902753
ygfS_ygfT_predicted,0.25,3,3,GCGCGCCGTGGACTGACCTA,0,4929982
ygfS_ygfT_predicted,0.25,3,3,GCGCATCAGGGATCTAGTTA,0,4909694
ygfS_ygfT_predicted,0.25,3,3,GCGCACCAGGCCAGGGAGTG,0,4903867
ygfS_ygfT_predicted,0.25,3,3,GCGATGAGGGTTAGGGGTTT,0,4921706
ygfS_ygfT_predicted,0.25,3,3,GCGATCATCCGGCCCAAGAG,0,4920590
ygfS_ygfT_predicted,0.25,3,3,GCGACGCCCCAGGCCGAAGG,0,4919378
ygfS_ygfT_predicted,0.25,3,3,GCCTTTAAGGGTGAGATCCA,0,4918965
ygfS_ygfT_predicted,0.25,3,3,GCCTTGACTTCCCCTCTTGG,0,4915095
ygfS_ygfT_predicted,0.25,3,3,GCCTTATTGTTTTCGCTCCA,0,4910251
ygfS_ygfT_predicted,0.25,3,3,GCCTCTGAATAACTAGGACT,0,4929732
ygfS_ygfT_predicted,0.25,3,3,GCCTCGTTACACTAGGTACC,0,4923107
ygfS_ygfT_predicted,0.25,3,3,GCCTATCTCCTGGTTCTGAG,0,4914433
ygfS_ygfT_predicted,0.25,3,3,GCCTAGTTTCACCTCCGTTG,0,4919561
ygfS_ygfT_predicted,0.25,3,3,GCCTACCCATAGGGCGTGCT,0,4915626
ygfS_ygfT_predicted,0.25,3,3,GCCTACATTCCTCTTAGTGC,0,4916213
ygfS_ygfT_predicted,0.25,3,3,GCCGGCGTCAGATTCAGGTC,0,4909614
ygfS_ygfT_predicted,0.25,3,3,GCCCCTAGGGACTTGTCTAA,0,4901018
ygfS_ygfT_predicted,0.25,3,3,GCCCCCTTTATGTAGCTGTT,0,4930638
ygfS_ygfT_predicted,0.25,3,3,GCCCCCTGCGGTGGCTGAGT,0,4916499
ygfS_ygfT_predicted,0.25,3,3,GCCATTGGACTAATATCAAG,0,4913978
ygfS_ygfT_predicted,0.25,3,3,GCCAGGAAGTGGGTGTACTG,0,4907261
ygfS_ygfT_predicted,0.25,3,3,GCCACTCACCCAGATAGGTT,0,4928067
ygfS_ygfT_predicted,0.25,3,3,GCCACTAAGGATCTCGCCAC,0,4906527
ygfS_ygfT_predicted,0.25,3,3,GCCACCTCCAAATTCAACAG,0,4925645
ygfS_ygfT_predicted,0.25,3,3,GCATTCGATAAACAGATGGC,0,4909066
ygfS_ygfT_predicted,0.25,3,3,GCATGACTTTGGCGCACATT,0,4919794
ygfS_ygfT_predicted,0.25,3,3,GCAGTGCGGTTTCTACTTTT,0,4925286
ygfS_ygfT_predicted,0.25,3,3,GCAGTACAATCGCTCGTATT,0,4926004
ygfS_ygfT_predicted,0.25,3,3,GCAGGGGACGGCGTTTCGAT,0,4916825
ygfS_ygfT_predicted,0.25,3,3,GCAGCTCTCTTACGCGGCCA,0,4919539
ygfS_ygfT_predicted,0.25,3,3,GCAGCGGCTGAAAGTACATA,0,4916879
ygfS_ygfT_predicted,0.25,3,3,GCAGCCGATATTGTACTAAA,0,4930877
ygfS_ygfT_predicted,0.25,3,3,GCACGCTATCGTAAATGTGG,0,4914016
ygfS_ygfT_predicted,0.25,3,3,GCACGCCTAGGAGAGATATG,0,4909994
ygfS_ygfT_predicted,0.25,3,3,GCACCGCGTGGGTCCGCATT,0,4923251
ygfS_ygfT_predicted,0.25,3,3,GCAAGTATGCATCGCATGGA,0,4929644
ygfS_ygfT_predicted,0.25,3,3,GCAAGTAGTGGTGGACACTC,0,4926128
ygfS_ygfT_predicted,0.25,3,3,GCAAGGTTCCCACCACCCTG,0,4904886
ygfS_ygfT_predicted,0.25,3,3,GCAACCGTTCACTCGGCATA,0,4907741
ygfS_ygfT_predicted,0.25,3,3,GCAACCGTTATTATGCACAT,0,4906289
ygfS_ygfT_predicted,0.25,3,3,GCAAACTCCGAGAGAATGTC,0,4931329
ygfS_ygfT_predicted,0.25,3,3,GCAAAACATCTAACTGCGAC,0,4930025
ygfS_ygfT_predicted,0.25,3,3,GATTTTTAACAGTGACCATC,0,4909482
ygfS_ygfT_predicted,0.25,3,3,GATTTACCAACGAATCTAGC,0,4911073
ygfS_ygfT_predicted,0.25,3,3,GATTCCACCATTAGGAGGAA,0,4927106
ygfS_ygfT_predicted,0.25,3,3,GATTATCCCCCTAACTCGAT,0,4915710
ygfS_ygfT_predicted,0.25,3,3,GATTAGGAGTGGGTGAAAAT,0,4920352
ygfS_ygfT_predicted,0.25,3,3,GATTACAGGTGCGGACTAAA,0,4919003
ygfS_ygfT_predicted,0.25,3,3,GATGGCTCTCCTATGGCACA,0,4903428
ygfS_ygfT_predicted,0.25,3,3,GATGCTACGGCCTATCGCGA,0,4911288
ygfS_ygfT_predicted,0.25,3,3,GATGCCCTAGTGATCCAGAG,0,4925830
ygfS_ygfT_predicted,0.25,3,3,GATGACACGACGGATGAACT,0,4929148
ygfS_ygfT_predicted,0.25,3,3,GATCGTAGTGTGGAGGACAT,0,4915743
ygfS_ygfT_predicted,0.25,3,3,GATCGCTGAAAAATTAGGTA,0,4914041
ygfS_ygfT_predicted,0.25,3,3,GATCGAGGCCGACTGGTGAA,0,4900504
ygfS_ygfT_predicted,0.25,3,3,GATCCTCCGCTGCCCGATAT,0,4912802
ygfS_ygfT_predicted,0.25,3,3,GATCCATACACCTTCATTTA,0,4904634
ygfS_ygfT_predicted,0.25,3,3,GATATTGATGCATTTACCAG,0,4910381
ygfS_ygfT_predicted,0.25,3,3,GATATCCGGTACGTCGGATA,0,4930437
ygfS_ygfT_predicted,0.25,3,3,GATATCATCCGATGTGCCCT,0,4901222
ygfS_ygfT_predicted,0.25,3,3,GATATACATTGGGCCGGTGG,0,4921293
ygfS_ygfT_predicted,0.25,3,3,GATAGTGGGTGTCTCGGCAT,0,4901190
ygfS_ygfT_predicted,0.25,3,3,GATAGGCAAACCGGGACATT,0,4931075
ygfS_ygfT_predicted,0.25,3,3,GATAGATCTTTGTGGAGAGT,0,4918322
ygfS_ygfT_predicted,0.25,3,3,GATACACTTCACTGCCGGGG,0,4906912
ygfS_ygfT_predicted,0.25,3,3,GATAATATGGACGCAATTTG,0,4909788
ygfS_ygfT_predicted,0.25,3,3,GATAATACCTTTTAGAAGAA,0,4906472
ygfS_ygfT_predicted,0.25,3,3,GAGTTTTAGCCGAGACTTCG,0,4915399
ygfS_ygfT_predicted,0.25,3,3,GAGTCGCTGCGCATCAAGTC,0,4908100
ygfS_ygfT_predicted,0.25,3,3,GAGTCCTCGGTCTGCGTCTA,0,4924841
ygfS_ygfT_predicted,0.25,3,3,GAGTCCCTCGGTTGTTTCTA,0,4907009
ygfS_ygfT_predicted,0.25,3,3,GAGTAGTGACCCCCGCGACC,0,4902888
ygfS_ygfT_predicted,0.25,3,3,GAGGGCCAAAGGTTCGGTCC,0,4909177
ygfS_ygfT_predicted,0.25,3,3,GAGGCAAGTGTAGAGATCGC,0,4914313
ygfS_ygfT_predicted,0.25,3,3,GAGCTGTCGGACATCACGAC,0,4909207
ygfS_ygfT_predicted,0.25,3,3,GAGCCTCAGTTTCACAACGC,0,4914253
ygfS_ygfT_predicted,0.25,3,3,GAGCCATTTTCACCGTGAAG,0,4910747
ygfS_ygfT_predicted,0.25,3,3,GAGCACGTTATGGAAAGACG,0,4900181
ygfS_ygfT_predicted,0.25,3,3,GAGAGAGGCCAAGGCACTGT,0,4919553
ygfS_ygfT_predicted,0.25,3,3,GAGACGGTCGTCTCCGATGG,0,4927585
ygfS_ygfT_predicted,0.25,3,3,GAGACCAGCTATACGCCCAC,0,4905009
ygfS_ygfT_predicted,0.25,3,3,GAGAAGTTCTGTCCCCACAC,0,4900076
ygfS_ygfT_predicted,0.25,3,3,GACTCCCCCCTATGGTCAAA,0,4915568
ygfS_ygfT_predicted,0.25,3,3,GACTCATTCGCGCAGATCCT,0,4902530
ygfS_ygfT_predicted,0.25,3,3,GACTACGGCACCGGCCATGC,0,4919057
ygfS_ygfT_predicted,0.25,3,3,GACGGTACCAGGAAATGACA,0,4928976
ygfS_ygfT_predicted,0.25,3,3,GACGCTTCATGTCCTTCTCG,0,4912765
ygfS_ygfT_predicted,0.25,3,3,GACGCCCCAGCAGTTTCGAA,0,4916175
ygfS_ygfT_predicted,0.25,3,3,GACCTATAAACCTGATCCGG,0,4920794
ygfS_ygfT_predicted,0.25,3,3,GACCGTTGGGCGTGGCCGAT,0,4907467
ygfS_ygfT_predicted,0.25,3,3,GACCGTAGGTATGGGCCACA,0,4910183
ygfS_ygfT_predicted,0.25,3,3,GACCATCAACTCCAGGTTGT,0,4918362
ygfS_ygfT_predicted,0.25,3,3,GACCATAAGGTCTACATCAG,0,4901858
ygfS_ygfT_predicted,0.25,3,3,GACCAATTGCGTCTCAAGAA,0,4927251
ygfS_ygfT_predicted,0.25,3,3,GACATGCTGCAGATAAATTG,0,4927707
ygfS_ygfT_predicted,0.25,3,3,GACACGGAGGAGTGATACAT,0,4912682
ygfS_ygfT_predicted,0.25,3,3,GACACAAAGGCCATTTTGAT,0,4912899
ygfS_ygfT_predicted,0.25,3,3,GACAAGATTACGCTCATCCA,0,4923361
ygfS_ygfT_predicted,0.25,3,3,GACAACACTAGATGGACGCG,0,4904092
ygfS_ygfT_predicted,0.25,3,3,GAATGCCAGATTAATGAACA,0,4914737
ygfS_ygfT_predicted,0.25,3,3,GAAGTCAGTCGGTTATTAGG,0,4928831
ygfS_ygfT_predicted,0.25,3,3,GAAGTCACATTGTAGTCAAT,0,4924431
ygfS_ygfT_predicted,0.25,3,3,GAAGGCTGAACAACGGTCGA,0,4909978
ygfS_ygfT_predicted,0.25,3,3,GAAGGATGTCTGGAAGTGGA,0,4901265
ygfS_ygfT_predicted,0.25,3,3,GAACTTCAACACCACGTAAC,0,4918333
ygfS_ygfT_predicted,0.25,3,3,GAACCCTGTAATAGGTGTTT,0,4913272
ygfS_ygfT_predicted,0.25,3,3,GAACACTAAAGGGGGACGAC,0,4930407
ygfS_ygfT_predicted,0.25,3,3,GAAAGAGAGGATGATGGATC,0,4919271
ygfS_ygfT_predicted,0.25,3,3,GAAACTTGTCTTAAGGAAGC,0,4907997
ygfS_ygfT_predicted,0.25,3,3,GAAACCCATAATAAATGGCA,0,4916282
ygfS_ygfT_predicted,0.25,3,3,CTTTTGACGGTGAAAAGATG,0,4928260
ygfS_ygfT_predicted,0.25,3,3,CTTTGATTTGCAGAACAGGA,0,4921974
ygfS_ygfT_predicted,0.25,3,3,CTTTCGTACGTCTAGGACGT,0,4901853
ygfS_ygfT_predicted,0.25,3,3,CTTTCCCGCCGAATCACCGA,0,4915981
ygfS_ygfT_predicted,0.25,3,3,CTTTCACGATTGCATATTTG,0,4900014
ygfS_ygfT_predicted,0.25,3,3,CTTTATGTGCGTTTATAAGG,0,4907162
ygfS_ygfT_predicted,0.25,3,3,CTTTATACTGCGCCAGAAGA,0,4911034
ygfS_ygfT_predicted,0.25,3,3,CTTTACCCCAAGGTAAGTTC,0,4908284
ygfS_ygfT_predicted,0.25,3,3,CTTGTCGGTGGGGTTGGATG,0,4901411
ygfS_ygfT_predicted,0.25,3,3,CTTGTAGTGCAACTGGGCAA,0,4925607
ygfS_ygfT_predicted,0.25,3,3,CTTGTACCAATTATACTGGT,0,4913473
ygfS_ygfT_predicted,0.25,3,3,CTTGGGGGCGAATAGCACAA,0,4920631
ygfS_ygfT_predicted,0.25,3,3,CTTCTAGATGGGGGGCGTAA,0,4921007
ygfS_ygfT_predicted,0.25,3,3,CTTATCACGGTAAAACGGGG,0,4907097
ygfS_ygfT_predicted,0.25,3,3,CTTACACGAGCTCCTCCTAC,0,4916436
ygfS_ygfT_predicted,0.25,3,3,CTTAAACTGCATGATTGGTT,0,4928003
ygfS_ygfT_predicted,0.25,3,3,CTGTATGCTAAGATGCGATT,0,4914131
ygfS_ygfT_predicted,0.25,3,3,CTGGGTCCTGCCGTATGAAG,0,4924442
ygfS_ygfT_predicted,0.25,3,3,CTGGCTCATTACCAGGGTGG,0,4924088
ygfS_ygfT_predicted,0.25,3,3,CTGGAAGAGCGATTACCGTG,0,4929405
ygfS_ygfT_predicted,0.25,3,3,CTGCTACATTTGCCAGAAGC,0,4910917
ygfS_ygfT_predicted,0.25,3,3,CTGCGTTGTACTATACATAG,0,4903292
ygfS_ygfT_predicted,0.25,3,3,CTGCGTCATAAATTAACGCA,0,4925988
ygfS_ygfT_predicted,0.25,3,3,CTGCCGTATAACGCTCTCTA,0,4919002
ygfS_ygfT_predicted,0.25,3,3,CTGCATGCCTGGCACCTGTC,0,4929533
ygfS_ygfT_predicted,0.25,3,3,CTGATAGAACGCGGCATACC,0,4928471
ygfS_ygfT_predicted,0.25,3,3,CTGACCGTTAGTTGTTCGCA,0,4908984
ygfS_ygfT_predicted,0.25,3,3,CTGACCCAGTGACACGAAAA,0,4905922
ygfS_ygfT_predicted,0.25,3,3,CTGACCATCAACTGTCACAA,0,4930506
ygfS_ygfT_predicted,0.25,3,3,CTGACACGGCGCGCCCCGGG,0,4931155
ygfS_ygfT_predicted,0.25,3,3,CTGACACGCCAATGAATCTA,0,4930462
ygfS_ygfT_predicted,0.25,3,3,CTGAAGTATTTTGTTGTCTG,0,4915818
ygfS_ygfT_predicted,0.25,3,3,CTGAAACGTCTCTCGTAAGC,0,4904567
ygfS_ygfT_predicted,0.25,3,3,CTCTTTTTACACCCTTGAGT,0,4916099
ygfS_ygfT_predicted,0.25,3,3,CTCTTTCGAAATCAGTCCTT,0,4914854
ygfS_ygfT_predicted,0.25,3,3,CTCTTGCACGTATGAGAAGT,0,4926686
ygfS_ygfT_predicted,0.25,3,3,CTCTGTAACTAGGATCCGGG,0,4921465
ygfS_ygfT_predicted,0.25,3,3,CTCTGGACATTGTTCATCAT,0,4918306
ygfS_ygfT_predicted,0.25,3,3,CTCTGCAGGGAGAGATAGCG,0,4916811
ygfS_ygfT_predicted,0.25,3,3,CTCTCATGCTCGCGGGGGAG,0,4930016
ygfS_ygfT_predicted,0.25,3,3,CTCTCAAGTCAATTTCAATA,0,4904475
ygfS_ygfT_predicted,0.25,3,3,CTCTAGGGAGCAGAGAGCAA,0,4926052
ygfS_ygfT_predicted,0.25,3,3,CTCGTGAATGACTGGTCCCA,0,4907330
ygfS_ygfT_predicted,0.25,3,3,CTCGATGATGGGCGGGCGCG,0,4918910
ygfS_ygfT_predicted,0.25,3,3,CTCGAATACACCCCGGCATA,0,4903464
ygfS_ygfT_predicted,0.25,3,3,CTCGAAAAACCCTGATGGCC,0,4903373
ygfS_ygfT_predicted,0.25,3,3,CTCCTGTAGTGTAGTCATGG,0,4919247
ygfS_ygfT_predicted,0.25,3,3,CTCCGACCACGGCGCCGACC,0,4921747
ygfS_ygfT_predicted,0.25,3,3,CTCCAGTTCACAGCGCTTTA,0,4925659
ygfS_ygfT_predicted,0.25,3,3,CTCATGCCGTAAACTGCTTA,0,4906331
ygfS_ygfT_predicted,0.25,3,3,CTCAGGTATGACCGGATGAA,0,4911743
ygfS_ygfT_predicted,0.25,3,3,CTCAAGTACTGTGTCAGAAC,0,4916847
ygfS_ygfT_predicted,0.25,3,3,CTCAACACGAGGCAGCTCTT,0,4912858
ygfS_ygfT_predicted,0.25,3,3,CTATGTTAGGGGCGTTTTTC,0,4917032
ygfS_ygfT_predicted,0.25,3,3,CTATGGCTTCGGATGGTAGA,0,4928320
ygfS_ygfT_predicted,0.25,3,3,CTATCGGGTCGTAATAATTT,0,4929307
ygfS_ygfT_predicted,0.25,3,3,CTAGTAGCGAACAAAAACTC,0,4928832
ygfS_ygfT_predicted,0.25,3,3,CTAGCTCATTTGGGTTGGGT,0,4931313
ygfS_ygfT_predicted,0.25,3,3,CTAGCGCCCGTTGGTATCTC,0,4909021
ygfS_ygfT_predicted,0.25,3,3,CTAGCCAAAACCGCTCACCA,0,4906633
ygfS_ygfT_predicted,0.25,3,3,CTACGATTCGCAGTCAATGG,0,4916293
ygfS_ygfT_predicted,0.25,3,3,CTACCCACCAGTTACGTACA,0,4909727
ygfS_ygfT_predicted,0.25,3,3,CTACATCTGTGAAGGCCAAC,0,4927081
ygfS_ygfT_predicted,0.25,3,3,CTACAGCATGCCAGATCTTA,0,4900526
ygfS_ygfT_predicted,0.25,3,3,CTAAGTATCATACATATTAG,0,4902252
ygfS_ygfT_predicted,0.25,3,3,CTAAGTAGTCGAGAATATAA,0,4924018
ygfS_ygfT_predicted,0.25,3,3,CTAAGGGGAGCATTATCTGC,0,4921619
ygfS_ygfT_predicted,0.25,3,3,CTAACGGAGCAGGACAACAT,0,4926373
ygfS_ygfT_predicted,0.25,3,3,CTAAAGTTATTTATAGCTCC,0,4924982
ygfS_ygfT_predicted,0.25,3,3,CTAAAATTATACAGCATACA,0,4913127
ygfS_ygfT_predicted,0.25,3,3,CGTTTTCGACGCTTCCGCCT,0,4918110
ygfS_ygfT_predicted,0.25,3,3,CGTTGTTGAGGGCTTGGCCA,0,4909742
ygfS_ygfT_predicted,0.25,3,3,CGTTGGTGCGTCCCGACAGT,0,4903595
ygfS_ygfT_predicted,0.25,3,3,CGTTGCCTTAAGTTAAACGC,0,4922556
ygfS_ygfT_predicted,0.25,3,3,CGTTAAGCATTCTCGATATG,0,4906859
ygfS_ygfT_predicted,0.25,3,3,CGTGGTGGGCAGTTCGATAA,0,4907839
ygfS_ygfT_predicted,0.25,3,3,CGTGGCCGTACCTATTAAAG,0,4930040
ygfS_ygfT_predicted,0.25,3,3,CGTGGCCCTTGTGGGGTGCA,0,4927574
ygfS_ygfT_predicted,0.25,3,3,CGTGGATCGTTAACGACAAG,0,4929636
ygfS_ygfT_predicted,0.25,3,3,CGTGCAATGGGGCCTATGTG,0,4929785
ygfS_ygfT_predicted,0.25,3,3,CGTGATCGTAGGACTCTTTT,0,4928353
ygfS_ygfT_predicted,0.25,3,3,CGTCTGGGGCTGATTCTACC,0,4925852
ygfS_ygfT_predicted,0.25,3,3,CGTCGTGAGGCGTTTCGGGC,0,4928470
ygfS_ygfT_predicted,0.25,3,3,CGTCCACATGCCCGCATGTA,0,4927815
ygfS_ygfT_predicted,0.25,3,3,CGTCAGGACAGCAAGCGCAA,0,4908049
ygfS_ygfT_predicted,0.25,3,3,CGTAGTCGCGTGTACTATTT,0,4906120
ygfS_ygfT_predicted,0.25,3,3,CGTAGTCCCCGAGGAAAATG,0,4906277
ygfS_ygfT_predicted,0.25,3,3,CGTACATGCACTGAGCATGA,0,4921083
ygfS_ygfT_predicted,0.25,3,3,CGTAAGCTTTAGGCGGACCA,0,4913791
ygfS_ygfT_predicted,0.25,3,3,CGGTTGCCGCGCTGGACAGA,0,4927026
ygfS_ygfT_predicted,0.25,3,3,CGGTCCCAGTGCGCCTCTCC,0,4907807
ygfS_ygfT_predicted,0.25,3,3,CGGTAGCACGGCCGATGCCA,0,4911017
ygfS_ygfT_predicted,0.25,3,3,CGGTAAAAGACTGGTACCGC,0,4924949
ygfS_ygfT_predicted,0.25,3,3,CGGGGTTACGGGGATATCAT,0,4921670
ygfS_ygfT_predicted,0.25,3,3,CGGGGCAAATCTCCTACTTT,0,4919045
ygfS_ygfT_predicted,0.25,3,3,CGGGCTACAGTGTTGGCTGG,0,4930884
ygfS_ygfT_predicted,0.25,3,3,CGGGAGTCTCTCACTTGAGC,0,4906545
ygfS_ygfT_predicted,0.25,3,3,CGGCGGGGGAATCGATCCGG,0,4923804
ygfS_ygfT_predicted,0.25,3,3,CGGCGAGGCGTTAAAAAGAT,0,4923711
ygfS_ygfT_predicted,0.25,3,3,CGGCACCCCTGTTCTGAGTT,0,4899730
ygfS_ygfT_predicted,0.25,3,3,CGGCAAGCCCGTGAATCCTT,0,4913588
ygfS_ygfT_predicted,0.25,3,3,CGGAATGTCTCATTGAATTA,0,4911400
ygfS_ygfT_predicted,0.25,3,3,CGGAAGGGCTTGCTGTAAGC,0,4925143
ygfS_ygfT_predicted,0.25,3,3,CGCTCTTCGCTTCGTTTCGT,0,4929092
ygfS_ygfT_predicted,0.25,3,3,CGCTCGGGGCTTTCCATGGG,0,4915400
ygfS_ygfT_predicted,0.25,3,3,CGCTACGCACGCTATGGTGT,0,4907126
ygfS_ygfT_predicted,0.25,3,3,CGCGGGCACAAATGCTAGGC,0,4907318
ygfS_ygfT_predicted,0.25,3,3,CGCGGACGCTAGTTGAGGCC,0,4914330
ygfS_ygfT_predicted,0.25,3,3,CGCGGAACAAATCGTTCGGG,0,4928171
ygfS_ygfT_predicted,0.25,3,3,CGCCTTTCATGGTGGGACTC,0,4902589
ygfS_ygfT_predicted,0.25,3,3,CGCCTCCCTGTTGGTGGTAC,0,4920999
ygfS_ygfT_predicted,0.25,3,3,CGCCTACGCCAGGCTGCCAC,0,4916728
ygfS_ygfT_predicted,0.25,3,3,CGCCGTTCACACATTTATAA,0,4928743
ygfS_ygfT_predicted,0.25,3,3,CGCCCTTCGGTCCCGGCCGC,0,4916897
ygfS_ygfT_predicted,0.25,3,3,CGCCCTCCGAGGGGCAACGC,0,4911644
ygfS_ygfT_predicted,0.25,3,3,CGCCCGCTCGGTCAAGCTGC,0,4901930
ygfS_ygfT_predicted,0.25,3,3,CGCCACGTCTCGCTTGATTT,0,4920588
ygfS_ygfT_predicted,0.25,3,3,CGCATTATAATAATGTGCAA,0,4930459
ygfS_ygfT_predicted,0.25,3,3,CGCAGGTCAGCGCGAACAGT,0,4904900
ygfS_ygfT_predicted,0.25,3,3,CGCAGGCTCATTACAGGGGG,0,4913546
ygfS_ygfT_predicted,0.25,3,3,CGCAGGATTTATACCGCGAG,0,4913207
ygfS_ygfT_predicted,0.25,3,3,CGCACTTCCAAGCACGGTTC,0,4905440
ygfS_ygfT_predicted,0.25,3,3,CGCAAATATCCTCGTCTGTG,0,4914009
ygfS_ygfT_predicted,0.25,3,3,CGCAAAATACGCATTTTTGG,0,4908558
ygfS_ygfT_predicted,0.25,3,3,CGAGCCGGAGGGGAGGGAGG,0,4927540
ygfS_ygfT_predicted,0.25,3,3,CGAGATGATTGTACGTGTCA,0,4921846
ygfS_ygfT_predicted,0.25,3,3,CGAGACTTTACCTAACTACT,0,4900715
ygfS_ygfT_predicted,0.25,3,3,CCTTTCAGTCAGCCAAGACA,0,4904495
ygfS_ygfT_predicted,0.25,3,3,CCTTGGTACAACGTTCTGGC,0,4906674
ygfS_ygfT_predicted,0.25,3,3,CCTTCGCAAATAACACTTAC,0,4910949
ygfS_ygfT_predicted,0.25,3,3,CCTTAAGCGCTATTCCAGGT,0,4926935
ygfS_ygfT_predicted,0.25,3,3,CCTGTGTGATCTGGTGCGGA,0,4920822
ygfS_ygfT_predicted,0.25,3,3,CCTGGTACGGTGGCAAGATA,0,4914689
ygfS_ygfT_predicted,0.25,3,3,CCTGGATGCATTCTTCAAGC,0,4915762
ygfS_ygfT_predicted,0.25,3,3,CCTGATAGGGTGAACGAGGC,0,4899824
ygfS_ygfT_predicted,0.25,3,3,CCTCTACCTAAAGAACGTCC,0,4918421
ygfS_ygfT_predicted,0.25,3,3,CCTCCGGCCGAGTGCTCTAT,0,4922473
ygfS_ygfT_predicted,0.25,3,3,CCTCAGCAAAAGTAGCCGTT,0,4903819
ygfS_ygfT_predicted,0.25,3,3,CCTCAAAGGGTTGATGGGCT,0,4928920
ygfS_ygfT_predicted,0.25,3,3,CCTATTAAAGTGAAAAACCT,0,4913822
ygfS_ygfT_predicted,0.25,3,3,CCTAGTTGCCATTCTAGGAC,0,4915802
ygfS_ygfT_predicted,0.25,3,3,CCTACCCTCTTAAGTAAGAC,0,4910348
ygfS_ygfT_predicted,0.25,3,3,CCTAATCGTAATTTGCGTGG,0,4899894
ygfS_ygfT_predicted,0.25,3,3,CCTAAGTGCCAAAGACCCGC,0,4899898
ygfS_ygfT_predicted,0.25,3,3,CCGTTCCACTCTTGCTTTCC,0,4902982
ygfS_ygfT_predicted,0.25,3,3,CCGTGCAGGAGGAGTCAGTG,0,4904957
ygfS_ygfT_predicted,0.25,3,3,CCGTACTCTGCCCCTAGGTA,0,4921397
ygfS_ygfT_predicted,0.25,3,3,CCGTAATCATCCCGGAGAGT,0,4911819
ygfS_ygfT_predicted,0.25,3,3,CCGGTTGTCATACGCAGCAA,0,4921316
ygfS_ygfT_predicted,0.25,3,3,CCGGTGTAAGATAACAACCT,0,4900599
ygfS_ygfT_predicted,0.25,3,3,CCGGTCAGTTGGACTCGTGC,0,4907372
ygfS_ygfT_predicted,0.25,3,3,CCGGTAGGAACCAGACGCTA,0,4930331
ygfS_ygfT_predicted,0.25,3,3,CCGGGGCAGGCTAGATTGTT,0,4905001
ygfS_ygfT_predicted,0.25,3,3,CCGGGCCGTCATTCGGACTC,0,4902175
ygfS_ygfT_predicted,0.25,3,3,CCGGGCCGCTTTGCCCCCAG,0,4922889
ygfS_ygfT_predicted,0.25,3,3,CCGGCTAAAGCTCTTCCATA,0,4927891
ygfS_ygfT_predicted,0.25,3,3,CCGGCAGAACTGGCGCTGCC,0,4918265
ygfS_ygfT_predicted,0.25,3,3,CCGGATGATTTTGCGTTGGA,0,4903839
ygfS_ygfT_predicted,0.25,3,3,CCGCTATACCTTTTCCGTGA,0,4923959
ygfS_ygfT_predicted,0.25,3,3,CCGCGTTGTCACACAGTTAC,0,4916686
ygfS_ygfT_predicted,0.25,3,3,CCGCGGACATCTTATGCAAA,0,4924145
ygfS_ygfT_predicted,0.25,3,3,CCGCCAGGAGATGCATACTA,0,4902835
ygfS_ygfT_predicted,0.25,3,3,CCGCACGTCACTAGAAATGA,0,4916806
ygfS_ygfT_predicted,0.25,3,3,CCGCAAAGTAGGTCGTGATG,0,4904077
ygfS_ygfT_predicted,0.25,3,3,CCGATTCACCATGGCCATAT,0,4911404
ygfS_ygfT_predicted,0.25,3,3,CCGATGCCCTACGCACTTAG,0,4909573
ygfS_ygfT_predicted,0.25,3,3,CCGACATAACTCTGTGTTGC,0,4904863
ygfS_ygfT_predicted,0.25,3,3,CCGAATAATTCTTAGATTTT,0,4911976
ygfS_ygfT_predicted,0.25,3,3,CCCTGTGTTCGCACATCTCG,0,4912388
ygfS_ygfT_predicted,0.25,3,3,CCCTGGTGTATGCTACTGTA,0,4916292
ygfS_ygfT_predicted,0.25,3,3,CCCTCTCCTGTTCCATCACA,0,4922054
ygfS_ygfT_predicted,0.25,3,3,CCCGTTGTGCGTCTGGACGG,0,4921187
ygfS_ygfT_predicted,0.25,3,3,CCCGATCACTCCTCGTGGCA,0,4919835
ygfS_ygfT_predicted,0.25,3,3,CCCCTGCATCGCAGGAAGTA,0,4917881
ygfS_ygfT_predicted,0.25,3,3,CCCAGTAATGGCCTCTTGGC,0,4918727
ygfS_ygfT_predicted,0.25,3,3,CCCAGGGGTGACCAAAGGCA,0,4925024
ygfS_ygfT_predicted,0.25,3,3,CCCACTGTGGATCAGGTGTG,0,4910114
ygfS_ygfT_predicted,0.25,3,3,CCCACCGTATTTATTATCAT,0,4926827
ygfS_ygfT_predicted,0.25,3,3,CCCAATAAATGGTTTTGACG,0,4909401
ygfS_ygfT_predicted,0.25,3,3,CCATGGTACCTTATTTGTGT,0,4918616
ygfS_ygfT_predicted,0.25,3,3,CCATGCATACCGGCGGTGAC,0,4929496
ygfS_ygfT_predicted,0.25,3,3,CCATGAAAATACATCAGCGT,0,4904598
ygfS_ygfT_predicted,0.25,3,3,CCATAGTAGTCCACCAAAAG,0,4926512
ygfS_ygfT_predicted,0.25,3,3,CCATACCTAGGCTGTTGCCT,0,4930185
ygfS_ygfT_predicted,0.25,3,3,CCAGGTCAATCGGTCCTTGA,0,4904334
ygfS_ygfT_predicted,0.25,3,3,CCAGGGATTGGTCTGGGGAA,0,4903833
ygfS_ygfT_predicted,0.25,3,3,CCAGCAAATAATGGCAGTGT,0,4924651
ygfS_ygfT_predicted,0.25,3,3,CCAGACTTGGATTCCAGCCG,0,4924253
ygfS_ygfT_predicted,0.25,3,3,CCACTCGTGTCTAAAAGGGA,0,4923986
ygfS_ygfT_predicted,0.25,3,3,CCACCGGCCCAACCTGTCCG,0,4900059
ygfS_ygfT_predicted,0.25,3,3,CCACCAATAGTCCTACTTCT,0,4909761
ygfS_ygfT_predicted,0.25,3,3,CCAATGCCTGCACGTGTTCT,0,4926060
ygfS_ygfT_predicted,0.25,3,3,CCAAGTCCTATGCCCGACAC,0,4914950
ygfS_ygfT_predicted,0.25,3,3,CATTTGGGCTACAATGTGCT,0,4921838
ygfS_ygfT_predicted,0.25,3,3,CATTATGCCTTTCGTGACTT,0,4914850
ygfS_ygfT_predicted,0.25,3,3,CATGGGCGGGTAGGGGCCTT,0,4922297
ygfS_ygfT_predicted,0.25,3,3,CATGGCAGGTGGCTATGGAA,0,4926722
ygfS_ygfT_predicted,0.25,3,3,CATGACGGTCTCGATTGGAG,0,4930154
ygfS_ygfT_predicted,0.25,3,3,CATCTTGTACAACGAGCGCA,0,4911062
ygfS_ygfT_predicted,0.25,3,3,CATATATCGGGTTGCCTGCC,0,4928892
ygfS_ygfT_predicted,0.25,3,3,CATAGGGCCCAAAGTCCTGT,0,4924964
ygfS_ygfT_predicted,0.25,3,3,CATAGCCTCGGTGAACCCAC,0,4915221
ygfS_ygfT_predicted,0.25,3,3,CATACCTTGCTCTGACCACC,0,4929288
ygfS_ygfT_predicted,0.25,3,3,CATAATGAAGCACCGGGAAG,0,4911490
ygfS_ygfT_predicted,0.25,3,3,CAGTGTGGCGACCGGATGAA,0,4929857
ygfS_ygfT_predicted,0.25,3,3,CAGTCTCCTCTATATTATCC,0,4903259
ygfS_ygfT_predicted,0.25,3,3,CAGGTTGCGGGAGTACTCTA,0,4906981
ygfS_ygfT_predicted,0.25,3,3,CAGCTGACCCGGAACACGAC,0,4900186
ygfS_ygfT_predicted,0.25,3,3,CAGCTAAATCTTGAGATCAC,0,4917786
ygfS_ygfT_predicted,0.25,3,3,CAGCGTGTCCAATCGGTCGG,0,4913843
ygfS_ygfT_predicted,0.25,3,3,CAGCGTGCAAGGAAGGTTTT,0,4904766
ygfS_ygfT_predicted,0.25,3,3,CAGCATGTTGGCAGCCGTAT,0,4919948
ygfS_ygfT_predicted,0.25,3,3,CAGATGTTTGCGATCCATAC,0,4900559
ygfS_ygfT_predicted,0.25,3,3,CAGAGTACCGATTTTGAACT,0,4901432
ygfS_ygfT_predicted,0.25,3,3,CAGAGGCTTAACACACTTAG,0,4927281
ygfS_ygfT_predicted,0.25,3,3,CAGAGACCGTGGAAGACCAT,0,4903023
ygfS_ygfT_predicted,0.25,3,3,CAGAAGGATGGCCCGATCTG,0,4925212
ygfS_ygfT_predicted,0.25,3,3,CAGAACTTAGACATGGCCTA,0,4929992
ygfS_ygfT_predicted,0.25,3,3,CACTGTAGACCTTGACGGTG,0,4913458
ygfS_ygfT_predicted,0.25,3,3,CACTCGGTGGAAACATGTCA,0,4905871
ygfS_ygfT_predicted,0.25,3,3,CACTCCCGTTGGCTCGGTAT,0,4910941
ygfS_ygfT_predicted,0.25,3,3,CACTAACTTAAACCTGTCCA,0,4922343
ygfS_ygfT_predicted,0.25,3,3,CACGTGGACTGTGATGTAGC,0,4903935
ygfS_ygfT_predicted,0.25,3,3,CACGGGCATAGAGGCATGGA,0,4929651
ygfS_ygfT_predicted,0.25,3,3,CACGGAATAGTAATGTACAC,0,4914227
ygfS_ygfT_predicted,0.25,3,3,CACGATACTCTGCATAGTAT,0,4901505
ygfS_ygfT_predicted,0.25,3,3,CACGACATGGAGAGGGGGGA,0,4930529
ygfS_ygfT_predicted,0.25,3,3,CACCTATTTAGCCGCGCTAG,0,4922617
ygfS_ygfT_predicted,0.25,3,3,CACCGTACGATCCTCTAAGA,0,4900035
ygfS_ygfT_predicted,0.25,3,3,CACCAGGTATACCTGGGTAT,0,4900854
ygfS_ygfT_predicted,0.25,3,3,CACATACTCGCTACTGACAT,0,4916841
ygfS_ygfT_predicted,0.25,3,3,CACAGATGGAGGAGTCTGCG,0,4929690
ygfS_ygfT_predicted,0.25,3,3,CACACTCACAATCAACTTTC,0,4928981
ygfS_ygfT_predicted,0.25,3,3,CACACGTGATCTCATGTTAT,0,4908363
ygfS_ygfT_predicted,0.25,3,3,CACAAAACCTTTAGGGATTT,0,4930254
ygfS_ygfT_predicted,0.25,3,3,CAATTAGCCGTCTTCGGATA,0,4900560
ygfS_ygfT_predicted,0.25,3,3,CAATCCGGAATGTTGCGTGT,0,4927785
ygfS_ygfT_predicted,0.25,3,3,CAATCCGCGGGCTCAGGCTT,0,4930364
ygfS_ygfT_predicted,0.25,3,3,CAAGTGTTTTTCAGAAAACG,0,4910510
ygfS_ygfT_predicted,0.25,3,3,CAAGTATATCCCGCCCCAGA,0,4919250
ygfS_ygfT_predicted,0.25,3,3,CAACGCGTACTGAGATTGTT,0,4922979
ygfS_ygfT_predicted,0.25,3,3,CAACCTGTACTAAGGGGACT,0,4927621
ygfS_ygfT_predicted,0.25,3,3,CAACCGCAGTAATCAATTGG,0,4922194
ygfS_ygfT_predicted,0.25,3,3,CAAATAGGCGACCCACACTT,0,4929739
ygfS_ygfT_predicted,0.25,3,3,ATTTGTACGTGGTCCGGTTC,0,4909716
ygfS_ygfT_predicted,0.25,3,3,ATTTCGACAGGCGGCCCTTG,0,4915311
ygfS_ygfT_predicted,0.25,3,3,ATTTCATTATTATGGCCTAC,0,4929788
ygfS_ygfT_predicted,0.25,3,3,ATTTACCGTCGCGTAACTGA,0,4921118
ygfS_ygfT_predicted,0.25,3,3,ATTGTTTCGTAGAGAATCCA,0,4909359
ygfS_ygfT_predicted,0.25,3,3,ATTGTAAATTATTGACGATA,0,4918728
ygfS_ygfT_predicted,0.25,3,3,ATTGGTTCACGCGTAGTCAC,0,4914478
ygfS_ygfT_predicted,0.25,3,3,ATTGGCGGGGGCCTGAGGGT,0,4922902
ygfS_ygfT_predicted,0.25,3,3,ATTGGAGGTCTGGAGTTTGC,0,4922571
ygfS_ygfT_predicted,0.25,3,3,ATTCTGTACCACAGTCTACT,0,4900688
ygfS_ygfT_predicted,0.25,3,3,ATTCGTGGTTGTATCTCTCA,0,4912110
ygfS_ygfT_predicted,0.25,3,3,ATTCCACGGGTACTTAGGTA,0,4920163
ygfS_ygfT_predicted,0.25,3,3,ATTCACTCAGTCGTGTTTGA,0,4925002
ygfS_ygfT_predicted,0.25,3,3,ATTCACGAATCTCCATGAAA,0,4930355
ygfS_ygfT_predicted,0.25,3,3,ATTCACCAAGCCCGCTGCCA,0,4922955
ygfS_ygfT_predicted,0.25,3,3,ATTATCCAACAAGGGGAAGA,0,4907151
ygfS_ygfT_predicted,0.25,3,3,ATTAGGACTATAGGGTACTG,0,4927453
ygfS_ygfT_predicted,0.25,3,3,ATTAGCCAAATTACATTCAC,0,4915042
ygfS_ygfT_predicted,0.25,3,3,ATTAAAATGTCAAAGCGGTA,0,4925274
ygfS_ygfT_predicted,0.25,3,3,ATGTTCCCAACTGTGCAAGT,0,4919245
ygfS_ygfT_predicted,0.25,3,3,ATGTGGAAGGACGAGTAAGG,0,4912364
ygfS_ygfT_predicted,0.25,3,3,ATGTGACGCGGTCTAACCCC,0,4903601
ygfS_ygfT_predicted,0.25,3,3,ATGTAGTCAGGGTATGCTTA,0,4916198
ygfS_ygfT_predicted,0.25,3,3,ATGGGGGGCCTCCAAGGTTC,0,4929653
ygfS_ygfT_predicted,0.25,3,3,ATGGATACTCCGCGGTTCTG,0,4923252
ygfS_ygfT_predicted,0.25,3,3,ATGCCCGAATCGCCCGCACC,0,4909698
ygfS_ygfT_predicted,0.25,3,3,ATGCCATAGAGATCGAAAAT,0,4911222
ygfS_ygfT_predicted,0.25,3,3,ATGCAGCGCGGACAAACCAA,0,4908952
ygfS_ygfT_predicted,0.25,3,3,ATGATGAACGTACTTAAGAA,0,4924867
ygfS_ygfT_predicted,0.25,3,3,ATGAGACAAGGCCTAGGCAG,0,4925702
ygfS_ygfT_predicted,0.25,3,3,ATGACTAGGCTGCCGCGTCA,0,4927764
ygfS_ygfT_predicted,0.25,3,3,ATCTTTACTGGGGCCGAGGG,0,4912444
ygfS_ygfT_predicted,0.25,3,3,ATCTTGACTGCCAGATCCTG,0,4917861
ygfS_ygfT_predicted,0.25,3,3,ATCTTCCTGCCTAACTCACT,0,4921552
ygfS_ygfT_predicted,0.25,3,3,ATCTATTCAATCTTATGGAA,0,4919559
ygfS_ygfT_predicted,0.25,3,3,ATCTAAGACCGGCCCCCTCA,0,4918580
ygfS_ygfT_predicted,0.25,3,3,ATCGTACGGGGAATCCGGAA,0,4914649
ygfS_ygfT_predicted,0.25,3,3,ATCGGCTTGCGAAGAGCTCC,0,4907407
ygfS_ygfT_predicted,0.25,3,3,ATCGCTTTCTGAAAGAGATG,0,4925701
ygfS_ygfT_predicted,0.25,3,3,ATCGCTGTGGGTCGATAACC,0,4928916
ygfS_ygfT_predicted,0.25,3,3,ATCGCAGTTACTCCAGTCAT,0,4904607
ygfS_ygfT_predicted,0.25,3,3,ATCGATGAAGTTGCTCCTCG,0,4912310
ygfS_ygfT_predicted,0.25,3,3,ATCGAAGACGCCGCGTCCAG,0,4916801
ygfS_ygfT_predicted,0.25,3,3,ATCCGGTTCCGCGAACACAC,0,4924957
ygfS_ygfT_predicted,0.25,3,3,ATCCCATAGTCCATCAGATC,0,4912620
ygfS_ygfT_predicted,0.25,3,3,ATCATTTGACTTGAACCTAG,0,4905247
ygfS_ygfT_predicted,0.25,3,3,ATCATGTACGGCCGGGATTA,0,4914939
ygfS_ygfT_predicted,0.25,3,3,ATCAACTTACCCTGCTTCAC,0,4904294
ygfS_ygfT_predicted,0.25,3,3,ATATTGCGCTTCTGACATTG,0,4925977
ygfS_ygfT_predicted,0.25,3,3,ATATCCTCAAATTACAAGAC,0,4909487
ygfS_ygfT_predicted,0.25,3,3,ATATCCCTAGGGCACCCTGA,0,4916142
ygfS_ygfT_predicted,0.25,3,3,ATATAGGGGATACTTAACGT,0,4905221
ygfS_ygfT_predicted,0.25,3,3,ATATAATTGGGGAAACCCAG,0,4930768
ygfS_ygfT_predicted,0.25,3,3,ATAGTACCTTCCGCTGGCTA,0,4921154
ygfS_ygfT_predicted,0.25,3,3,ATAGGAGTCCGCGGCGTGCA,0,4920938
ygfS_ygfT_predicted,0.25,3,3,ATAGCGGGAATCGTCAGCTT,0,4921014
ygfS_ygfT_predicted,0.25,3,3,ATAGCGATGTGAATGGAATT,0,4922281
ygfS_ygfT_predicted,0.25,3,3,ATAGCAGTTCGTTTCGGAAA,0,4907328
ygfS_ygfT_predicted,0.25,3,3,ATACATCCTATGCAACATTA,0,4929189
ygfS_ygfT_predicted,0.25,3,3,ATACAAAACAAACTGACTAG,0,4908818
ygfS_ygfT_predicted,0.25,3,3,ATAAGTGGCGACTAACAAAA,0,4902321
ygfS_ygfT_predicted,0.25,3,3,ATAAGTGCCAAGAGACCTTC,0,4919274
ygfS_ygfT_predicted,0.25,3,3,ATAAGCGCACGGATCCCCAA,0,4917341
ygfS_ygfT_predicted,0.25,3,3,ATAACGGAGTCTATTGAACG,0,4928105
ygfS_ygfT_predicted,0.25,3,3,ATAACAGCGGTTTCGTATCC,0,4918381
ygfS_ygfT_predicted,0.25,3,3,ATAACAACCCGACGAACTTT,0,4912172
ygfS_ygfT_predicted,0.25,3,3,ATAAAACGGGTGGACGTAGA,0,4926457
ygfS_ygfT_predicted,0.25,3,3,AGTTTTTCTCCCGTTGTTCA,0,4930743
ygfS_ygfT_predicted,0.25,3,3,AGTTGAGGCCTACTACTCAG,0,4925412
ygfS_ygfT_predicted,0.25,3,3,AGTTCAGTCTGCGTGATGAA,0,4917047
ygfS_ygfT_predicted,0.25,3,3,AGTTAGCAGATCCTGTCTTA,0,4925463
ygfS_ygfT_predicted,0.25,3,3,AGTTACGGGGAAGCTTGAGA,0,4918182
ygfS_ygfT_predicted,0.25,3,3,AGTGTTCCTATGAGTTGCGT,0,4903529
ygfS_ygfT_predicted,0.25,3,3,AGTGGCTAAGTAATATAATT,0,4919724
ygfS_ygfT_predicted,0.25,3,3,AGTGCTTAGGCGACTGAGGA,0,4928607
ygfS_ygfT_predicted,0.25,3,3,AGTGCCTTGATGATCGCCGT,0,4930143
ygfS_ygfT_predicted,0.25,3,3,AGTGCAAAGAAGCGCTTGTA,0,4910668
ygfS_ygfT_predicted,0.25,3,3,AGTCTTTCCGCGTAGACGTT,0,4915607
ygfS_ygfT_predicted,0.25,3,3,AGTCTTGTACTGCGAATAGT,0,4909061
ygfS_ygfT_predicted,0.25,3,3,AGTCGTCAACCGGGCCGCCT,0,4911497
ygfS_ygfT_predicted,0.25,3,3,AGTCGGAGGCTGGACTACGA,0,4929808
ygfS_ygfT_predicted,0.25,3,3,AGTCCACTACAACTGGCAGT,0,4905931
ygfS_ygfT_predicted,0.25,3,3,AGTCCAAGGAGCGGGAGCTG,0,4924185
ygfS_ygfT_predicted,0.25,3,3,AGTAGTCAAAAAGGCGCGGC,0,4905874
ygfS_ygfT_predicted,0.25,3,3,AGTAGGTAGCGGCGCTTACG,0,4912801
ygfS_ygfT_predicted,0.25,3,3,AGTAGGGCAGGATAGAGCGA,0,4905640
ygfS_ygfT_predicted,0.25,3,3,AGTAATAATTTGAATTCATG,0,4903269
ygfS_ygfT_predicted,0.25,3,3,AGTAAACGTCGTTTTTAGAG,0,4930146
ygfS_ygfT_predicted,0.25,3,3,AGGTTAAAGCTTGCCGGCGC,0,4915100
ygfS_ygfT_predicted,0.25,3,3,AGGTGCCTCACACCCGCCCC,0,4919514
ygfS_ygfT_predicted,0.25,3,3,AGGTCTATAGCCACTATTCG,0,4903897
ygfS_ygfT_predicted,0.25,3,3,AGGTCACGATGGTTGATAGT,0,4910707
ygfS_ygfT_predicted,0.25,3,3,AGGTACTCTTCTCTGTATCT,0,4930450
ygfS_ygfT_predicted,0.25,3,3,AGGTACCCCTGGTGGCTGTG,0,4923985
ygfS_ygfT_predicted,0.25,3,3,AGGGGCTCTGGTTAGTGACT,0,4921791
ygfS_ygfT_predicted,0.25,3,3,AGGGATCCACACTCGACATA,0,4907519
ygfS_ygfT_predicted,0.25,3,3,AGGGACAGAATTCACCGGGA,0,4907297
ygfS_ygfT_predicted,0.25,3,3,AGGCTAGCCGACGCGTAAAG,0,4911541
ygfS_ygfT_predicted,0.25,3,3,AGGCGCCGCCAAACCGCAGG,0,4922815
ygfS_ygfT_predicted,0.25,3,3,AGGCGAATCTGTAACTTCTC,0,4906174
ygfS_ygfT_predicted,0.25,3,3,AGGCGAAGTTGGTATTACAA,0,4912491
ygfS_ygfT_predicted,0.25,3,3,AGGCCTATACCACCAGACAA,0,4909546
ygfS_ygfT_predicted,0.25,3,3,AGGCAGCTCTCGCCACACTA,0,4911979
ygfS_ygfT_predicted,0.25,3,3,AGGCACATACCGACCCAGAG,0,4904391
ygfS_ygfT_predicted,0.25,3,3,AGGATTTGCACATCAAAAAT,0,4901294
ygfS_ygfT_predicted,0.25,3,3,AGGATTTAAGCACAGCACGA,0,4929555
ygfS_ygfT_predicted,0.25,3,3,AGGAAGAGTCACTAAAAGTC,0,4918292
ygfS_ygfT_predicted,0.25,3,3,AGCTTAGGGAACGTAGTGGA,0,4928691
ygfS_ygfT_predicted,0.25,3,3,AGCTAAAGATCGATCGACCC,0,4925360
ygfS_ygfT_predicted,0.25,3,3,AGCGCCAATGAGCAGTCAGG,0,4913143
ygfS_ygfT_predicted,0.25,3,3,AGCCGTTCGGTGTAGTCGCC,0,4930451
ygfS_ygfT_predicted,0.25,3,3,AGCCGTGGTGGGCTATCTAT,0,4915330
ygfS_ygfT_predicted,0.25,3,3,AGCCGTGCAAGCTCTACAAC,0,4930283
ygfS_ygfT_predicted,0.25,3,3,AGCCCGGTTGAGTTTTCTAC,0,4907090
ygfS_ygfT_predicted,0.25,3,3,AGCATGCAGCAATGCGGGCT,0,4917022
ygfS_ygfT_predicted,0.25,3,3,AGCATAGCGCCCCACATTTC,0,4904146
ygfS_ygfT_predicted,0.25,3,3,AGCACTGTACTTTGGCAACG,0,4903073
ygfS_ygfT_predicted,0.25,3,3,AGCAACGTGGAATCCAATGA,0,4926578
ygfS_ygfT_predicted,0.25,3,3,AGCAAAAGGACAGATCTAAA,0,4908547
ygfS_ygfT_predicted,0.25,3,3,AGATTCAGATTAGAGGCTCA,0,4931144
ygfS_ygfT_predicted,0.25,3,3,AGATGTACCGAAAGTAGACA,0,4928284
ygfS_ygfT_predicted,0.25,3,3,AGATCGGTACCTATATAGGG,0,4903165
ygfS_ygfT_predicted,0.25,3,3,AGATCGCCCTGTGTACAGAT,0,4919125
ygfS_ygfT_predicted,0.25,3,3,AGATATGAGTATCATAGGGT,0,4899691
ygfS_ygfT_predicted,0.25,3,3,AGATACTATCACAGTCAAGT,0,4923781
ygfS_ygfT_predicted,0.25,3,3,AGATAAGGGGAACAAATCAT,0,4912694
ygfS_ygfT_predicted,0.25,3,3,AGAGTCCGAAAACGGGCGTG,0,4907561
ygfS_ygfT_predicted,0.25,3,3,AGAGGGTAAAGTCGGATAAG,0,4925782
ygfS_ygfT_predicted,0.25,3,3,AGAGGAGCGACTCAATGTCA,0,4903163
ygfS_ygfT_predicted,0.25,3,3,AGAGCGGCCCCGGGCGTCGT,0,4927002
ygfS_ygfT_predicted,0.25,3,3,AGACCTTCGTCTTAAGTACG,0,4931454
ygfS_ygfT_predicted,0.25,3,3,AGACCACCGGTGATATTTCG,0,4903012
ygfS_ygfT_predicted,0.25,3,3,AGACAATATGGTCGGCATTC,0,4905751
ygfS_ygfT_predicted,0.25,3,3,AGAATGATAATACTTTACTA,0,4915273
ygfS_ygfT_predicted,0.25,3,3,AGAAGGTGGGGGGAGGTTTG,0,4921158
ygfS_ygfT_predicted,0.25,3,3,AGAAGGACTTTCGCCTATGA,0,4913396
ygfS_ygfT_predicted,0.25,3,3,AGAAGCGATCAGGAGTAAAG,0,4917011
ygfS_ygfT_predicted,0.25,3,3,AGAAACGCGCTGCCCCGCTC,0,4906901
ygfS_ygfT_predicted,0.25,3,3,AGAAACCCACGGAACACCCT,0,4906562
ygfS_ygfT_predicted,0.25,3,3,AGAAAAGACCTAGTAGGGCA,0,4910057
ygfS_ygfT_predicted,0.25,3,3,ACTTTTTAGCTGGATCGTCG,0,4924832
ygfS_ygfT_predicted,0.25,3,3,ACTTTGATTTTTAAAAAAAG,0,4912327
ygfS_ygfT_predicted,0.25,3,3,ACTTTCGTATCAAAGCGATA,0,4904073
ygfS_ygfT_predicted,0.25,3,3,ACTTCGGTTTTACGGACTCA,0,4911257
ygfS_ygfT_predicted,0.25,3,3,ACTTCCTGCCGATGAAGCTG,0,4908286
ygfS_ygfT_predicted,0.25,3,3,ACTGTGTGTGCCGTGAGGTA,0,4905664
ygfS_ygfT_predicted,0.25,3,3,ACTGCGGCCTTGACAACAGC,0,4927167
ygfS_ygfT_predicted,0.25,3,3,ACTGAAGACATACCAATTCT,0,4921197
ygfS_ygfT_predicted,0.25,3,3,ACTCTGCAACGGTTGAAAAT,0,4900175
ygfS_ygfT_predicted,0.25,3,3,ACTCTAGATCTATCTCGAAA,0,4905593
ygfS_ygfT_predicted,0.25,3,3,ACTCGTACGAGATCCCTCTA,0,4900225
ygfS_ygfT_predicted,0.25,3,3,ACTCGAGCGAAATTGGACCA,0,4900735
ygfS_ygfT_predicted,0.25,3,3,ACTCCCGGACAATCCCGGCA,0,4925690
ygfS_ygfT_predicted,0.25,3,3,ACTCCCACTGGTGGCAGACT,0,4900955
ygfS_ygfT_predicted,0.25,3,3,ACTCACATAGTTGTCTCCTA,0,4919813
ygfS_ygfT_predicted,0.25,3,3,ACTATTCTAGGCAATGATTC,0,4927711
ygfS_ygfT_predicted,0.25,3,3,ACTATTATAGGTGTGGGTCA,0,4922620
ygfS_ygfT_predicted,0.25,3,3,ACTAGCGACAACGTATTAGT,0,4902187
ygfS_ygfT_predicted,0.25,3,3,ACTAGCCCATGCATATGTCT,0,4912923
ygfS_ygfT_predicted,0.25,3,3,ACTAATATTTGCACGCTAGG,0,4915773
ygfS_ygfT_predicted,0.25,3,3,ACTAAAGCAGTCATAACGAA,0,4901503
ygfS_ygfT_predicted,0.25,3,3,ACGTTATTATTGCCGCCGCG,0,4915833
ygfS_ygfT_predicted,0.25,3,3,ACGTGGACCGATACGCGATA,0,4926761
ygfS_ygfT_predicted,0.25,3,3,ACGTAAGTAGAAAGGCACAG,0,4902754
ygfS_ygfT_predicted,0.25,3,3,ACGGGTCACCGCTGGTCTTG,0,4922218
ygfS_ygfT_predicted,0.25,3,3,ACGGCCAGATCGGGTGCTTG,0,4916095
ygfS_ygfT_predicted,0.25,3,3,ACGGCAAGGATAAAGTAGGG,0,4913078
ygfS_ygfT_predicted,0.25,3,3,ACGCTCTCTTAGGTATAGAG,0,4905774
ygfS_ygfT_predicted,0.25,3,3,ACGCCTTCAAATCATGTAGC,0,4924559
ygfS_ygfT_predicted,0.25,3,3,ACGCCACCTCCTGATAGGAG,0,4926144
ygfS_ygfT_predicted,0.25,3,3,ACGCAAAGTCCTTACCCAAA,0,4899933
ygfS_ygfT_predicted,0.25,3,3,ACGATTGATTCAGATTGGTA,0,4906252
ygfS_ygfT_predicted,0.25,3,3,ACGAGGTGCTCTTCATGGTC,0,4908953
ygfS_ygfT_predicted,0.25,3,3,ACGAACTCCCGACACCTGAT,0,4901130
ygfS_ygfT_predicted,0.25,3,3,ACCTTTCGTTGACTTGCGCT,0,4904117
ygfS_ygfT_predicted,0.25,3,3,ACCTCACGAGGCACGTGAGA,0,4910160
ygfS_ygfT_predicted,0.25,3,3,ACCTACGGCGGGCGACGGAA,0,4921496
ygfS_ygfT_predicted,0.25,3,3,ACCGTTGAGTCCACTCTGCC,0,4914340
ygfS_ygfT_predicted,0.25,3,3,ACCGGTCTAATAATAACGAA,0,4918420
ygfS_ygfT_predicted,0.25,3,3,ACCGGTACTCCAGCAAGCCA,0,4916944
ygfS_ygfT_predicted,0.25,3,3,ACCGCGGGTACGGGGTACGG,0,4914066
ygfS_ygfT_predicted,0.25,3,3,ACCGCCGTTCCAATTGTTCA,0,4901488
ygfS_ygfT_predicted,0.25,3,3,ACCCGGTCCCAGTTCGGGAA,0,4900788
ygfS_ygfT_predicted,0.25,3,3,ACCCATGGCGACATGACCCC,0,4924180
ygfS_ygfT_predicted,0.25,3,3,ACCATCCGCGCTTCACACAA,0,4922478
ygfS_ygfT_predicted,0.25,3,3,ACCAGTGAACAACAACTAAA,0,4926654
ygfS_ygfT_predicted,0.25,3,3,ACCAGGCAGTATAGTCATTG,0,4907541
ygfS_ygfT_predicted,0.25,3,3,ACCACAGCCTCAAATTGCCC,0,4930715
ygfS_ygfT_predicted,0.25,3,3,ACATTTAAGGCATCTCGCTG,0,4913425
ygfS_ygfT_predicted,0.25,3,3,ACATTGGCATTGGGGCGTAA,0,4928563
ygfS_ygfT_predicted,0.25,3,3,ACATTGATCCGTATTCGCTA,0,4921337
ygfS_ygfT_predicted,0.25,3,3,ACATTCGGACGCCCAGCTTG,0,4927091
ygfS_ygfT_predicted,0.25,3,3,ACATCACCAAATTTACTGCA,0,4929786
ygfS_ygfT_predicted,0.25,3,3,ACAGGCCTGCGAAAAGTACT,0,4913794
ygfS_ygfT_predicted,0.25,3,3,ACAGCTTACTAGATCACGAT,0,4929204
ygfS_ygfT_predicted,0.25,3,3,ACAGATTTAGATACGCGTTA,0,4926630
ygfS_ygfT_predicted,0.25,3,3,ACACCTCGCAGACCAGTTAG,0,4931060
ygfS_ygfT_predicted,0.25,3,3,ACAAGCCTCGCGCGCGACAC,0,4911201
ygfS_ygfT_predicted,0.25,3,3,AATTTATTTTAGGCGCAGGT,0,4905963
ygfS_ygfT_predicted,0.25,3,3,AATTTACTCGACGCGAACCC,0,4923687
ygfS_ygfT_predicted,0.25,3,3,AATTCGGGTAGGTGGGCAGC,0,4900231
ygfS_ygfT_predicted,0.25,3,3,AATCCTCTGTCTCTTATGCT,0,4928983
ygfS_ygfT_predicted,0.25,3,3,AATCCTATTCACGGGAACCT,0,4930569
ygfS_ygfT_predicted,0.25,3,3,AATCACAACGTTCGTACGCT,0,4908710
ygfS_ygfT_predicted,0.25,3,3,AATATGCTTCGGCACGTATT,0,4903684
ygfS_ygfT_predicted,0.25,3,3,AATATCATTTATTGATCACA,0,4912319
ygfS_ygfT_predicted,0.25,3,3,AATATAGGTTGATAGTCATA,0,4931386
ygfS_ygfT_predicted,0.25,3,3,AATATAATATACCGCTGGCG,0,4912140
ygfS_ygfT_predicted,0.25,3,3,AATAGTAACACCCAACGTCC,0,4908281
ygfS_ygfT_predicted,0.25,3,3,AATAGGTCCCGTGCTGAACA,0,4909421
ygfS_ygfT_predicted,0.25,3,3,AATAGCATTAGGGAAGTCAA,0,4927734
ygfS_ygfT_predicted,0.25,3,3,AATAAGGTGCATGCTTGATT,0,4916524
ygfS_ygfT_predicted,0.25,3,3,AAGTTGGCCAATTACCTCAG,0,4922894
ygfS_ygfT_predicted,0.25,3,3,AAGTTGCCTGTCGAGCGATG,0,4905521
ygfS_ygfT_predicted,0.25,3,3,AAGTTGCCAGCTGTATTCGT,0,4902939
ygfS_ygfT_predicted,0.25,3,3,AAGTTGACGAATAGGTTAAT,0,4904967
ygfS_ygfT_predicted,0.25,3,3,AAGTTCTCCCGTTGACGAAT,0,4910457
ygfS_ygfT_predicted,0.25,3,3,AAGTGTTAGAGGGTTACTAT,0,4928237
ygfS_ygfT_predicted,0.25,3,3,AAGTCGCAAGGATTTCGCCC,0,4901406
ygfS_ygfT_predicted,0.25,3,3,AAGTCGAGCCCTAGCTTATA,0,4915994
ygfS_ygfT_predicted,0.25,3,3,AAGGGTCTGCTTGTAAGAGG,0,4901690
ygfS_ygfT_predicted,0.25,3,3,AAGCTGGTTCTTATTTTCAG,0,4902435
ygfS_ygfT_predicted,0.25,3,3,AAGCTGCAGTGGTGTACAGT,0,4917104
ygfS_ygfT_predicted,0.25,3,3,AAGCGTTCGCAGGCTTCTGT,0,4919473
ygfS_ygfT_predicted,0.25,3,3,AAGCACTCATCGTGCAGCAA,0,4911617
ygfS_ygfT_predicted,0.25,3,3,AAGATGCTTATACTTAGTTC,0,4924025
ygfS_ygfT_predicted,0.25,3,3,AAGAGGGCGCACCCTCATGG,0,4917885
ygfS_ygfT_predicted,0.25,3,3,AAGAGCCCATCTGGGACCCC,0,4901716
ygfS_ygfT_predicted,0.25,3,3,AAGACAACACATATTAACTA,0,4911591
ygfS_ygfT_predicted,0.25,3,3,AACTTTCCTATACGTCTAAA,0,4924371
ygfS_ygfT_predicted,0.25,3,3,AACGTTATACCGGGTGTGCT,0,4911353
ygfS_ygfT_predicted,0.25,3,3,AACGGAGAGATCCGTGGTAC,0,4920768
ygfS_ygfT_predicted,0.25,3,3,AACGAGCGGGCATATTGAAA,0,4927017
ygfS_ygfT_predicted,0.25,3,3,AACGAAGCTATGATTGGGTC,0,4900968
ygfS_ygfT_predicted,0.25,3,3,AACCTACCCGCCAGGCAGAG,0,4901049
ygfS_ygfT_predicted,0.25,3,3,AACCCGGCGGCCTTGCTTTT,0,4930572
ygfS_ygfT_predicted,0.25,3,3,AAATGAAACAGATCAATGTT,0,4908610
ygfS_ygfT_predicted,0.25,3,3,AAATCCGTCATCTCGTGTAG,0,4903908
ygfS_ygfT_predicted,0.25,3,3,AAATCAAGGTGTATTAACTA,0,4913922
ygfS_ygfT_predicted,0.25,3,3,AAATAGGTGGTCGTTGCAAC,0,4912537
ygfS_ygfT_predicted,0.25,3,3,AAAGTACGGATTAAATGGCT,0,4912893
ygfS_ygfT_predicted,0.25,3,3,AAAGACGGGGCCACCTTTTT,0,4914770
ygfS_ygfT_predicted,0.25,3,3,AAAGACCAGCAGCGCTCAAG,0,4923177
ygfS_ygfT_predicted,0.25,3,3,AAACTGACATTTTTCGAGGG,0,4911016
ygfS_ygfT_predicted,0.25,3,3,AAACGCAGTTACATTATGTC,0,4923817
ygfS_ygfT_predicted,0.25,3,3,AAACGAGGGGTATCTTGCTT,0,4915611
ygfS_ygfT_predicted,0.25,3,3,AAAATTTCATACAGTGGGAC,0,4901978
ygfS_ygfT_predicted,0.25,3,3,AAAATCCATAGTGAGGGCTG,0,4900913
ygfS_ygfT_predicted,0.25,3,3,AAAATAGAACATCTGATGGG,0,4919648
ygfS_ygfT_predicted,0.25,3,3,AAAAAGTGCCATAAATTAGA,0,4905164
ygfS_ygfT_predicted,0.3333333333333333,2,2,TTTTTTCTCATTAAGCTTCT,0,4917987
ygfS_ygfT_predicted,0.3333333333333333,2,2,TTTTTTCGCTCTGAACCTGT,0,4927719
ygfS_ygfT_predicted,0.3333333333333333,2,2,TTTTTACTAGAGAATAGCTG,0,4910287
ygfS_ygfT_predicted,0.3333333333333333,2,2,TTTTGAACCACATATCATCC,0,4925409
ygfS_ygfT_predicted,0.3333333333333333,2,2,TTTTCTCATAGTATGTACCC,0,4904265
ygfS_ygfT_predicted,0.3333333333333333,2,2,TTTTCATAATTCTATGGTCA,0,4910223
ygfS_ygfT_predicted,0.3333333333333333,2,2,TTTTAACGTCGAGAAGACGA,0,4930346
ygfS_ygfT_predicted,0.3333333333333333,2,2,TTTGTTATATTTCATTTACG,0,4905806
ygfS_ygfT_predicted,0.3333333333333333,2,2,TTTGTCAAATACCGCTGTTG,0,4916696
ygfS_ygfT_predicted,0.3333333333333333,2,2,TTTGATTGCTGCTGACGCGA,0,4918212
ygfS_ygfT_predicted,0.3333333333333333,2,2,TTTGAGCCGATGCATGTCTG,0,4908791
ygfS_ygfT_predicted,0.3333333333333333,2,2,TTTCTCGAGTGCAAAAGGGT,0,4929102
ygfS_ygfT_predicted,0.3333333333333333,2,2,TTTCGTTTACAGAGGTTTAC,0,4926057
ygfS_ygfT_predicted,0.3333333333333333,2,2,TTTCGAGGAGAGCCCGCAGC,0,4912349
ygfS_ygfT_predicted,0.3333333333333333,2,2,TTTCAAAGTGGATGATTAGA,0,4914474
ygfS_ygfT_predicted,0.3333333333333333,2,2,TTTATTCAAATGTTGCTACA,0,4908368
ygfS_ygfT_predicted,0.3333333333333333,2,2,TTTATCCGAGGGTACACACT,0,4910822
ygfS_ygfT_predicted,0.3333333333333333,2,2,TTTAGTATCTGCGGCCTGTA,0,4906956
ygfS_ygfT_predicted,0.3333333333333333,2,2,TTTAGGTGTAGAGGGGACCA,0,4913720
ygfS_ygfT_predicted,0.3333333333333333,2,2,TTTAGACTGGGCTAACCGCA,0,4929427
ygfS_ygfT_predicted,0.3333333333333333,2,2,TTTAATTGGAGTCAGGACTA,0,4922627
ygfS_ygfT_predicted,0.3333333333333333,2,2,TTTAAGAGCAGTTCAAACAT,0,4901827
ygfS_ygfT_predicted,0.3333333333333333,2,2,TTTAAACGGGGTTGGAGGTT,0,4910046
ygfS_ygfT_predicted,0.3333333333333333,2,2,TTTAAACATTAATTTCTCCG,0,4926943
ygfS_ygfT_predicted,0.3333333333333333,2,2,TTGTTTTGTTTCCGCCCGCA,0,4907802
ygfS_ygfT_predicted,0.3333333333333333,2,2,TTGTGATGAGAGCGCGAGAA,0,4925873
ygfS_ygfT_predicted,0.3333333333333333,2,2,TTGTGAGCGGTGCTCTCGTC,0,4914461
ygfS_ygfT_predicted,0.3333333333333333,2,2,TTGTCATCTCAATGTAAAGG,0,4903575
ygfS_ygfT_predicted,0.3333333333333333,2,2,TTGGTGTTTTCTCGAGTTAC,0,4912309
ygfS_ygfT_predicted,0.3333333333333333,2,2,TTGGTCATGAAGGGTAGGAC,0,4928235
ygfS_ygfT_predicted,0.3333333333333333,2,2,TTGGTCAATTCAGATGGGTT,0,4904453
ygfS_ygfT_predicted,0.3333333333333333,2,2,TTGGTAGCGTGTGATTAGGG,0,4926857
ygfS_ygfT_predicted,0.3333333333333333,2,2,TTGGGGTGTACGGCTGGATC,0,4919091
ygfS_ygfT_predicted,0.3333333333333333,2,2,TTGGAGGAGAACTTTTTTGT,0,4901686
ygfS_ygfT_predicted,0.3333333333333333,2,2,TTGCTGGCCACACAACCTTT,0,4920488
ygfS_ygfT_predicted,0.3333333333333333,2,2,TTGCGGACTCAGGGTACAGG,0,4911818
ygfS_ygfT_predicted,0.3333333333333333,2,2,TTGCCGCGACCTGAGCTAAT,0,4910412
ygfS_ygfT_predicted,0.3333333333333333,2,2,TTGCCGCAGCCAGGAGTCTT,0,4912171
ygfS_ygfT_predicted,0.3333333333333333,2,2,TTGCATGTCTGTTTATGTGA,0,4903134
ygfS_ygfT_predicted,0.3333333333333333,2,2,TTGCATAGGTGCTGCAGGCT,0,4920863
ygfS_ygfT_predicted,0.3333333333333333,2,2,TTGCATAAGAACCATTCTAC,0,4903902
ygfS_ygfT_predicted,0.3333333333333333,2,2,TTGCACAGACCCAATCGGTG,0,4904987
ygfS_ygfT_predicted,0.3333333333333333,2,2,TTGAACTTATAATGTTCAAC,0,4913617
ygfS_ygfT_predicted,0.3333333333333333,2,2,TTCTTTTATCCGCCGAGACG,0,4915543
ygfS_ygfT_predicted,0.3333333333333333,2,2,TTCTTTAGGCGTTTACAAAA,0,4902089
ygfS_ygfT_predicted,0.3333333333333333,2,2,TTCTTACGGGAACGGAATTG,0,4921039
ygfS_ygfT_predicted,0.3333333333333333,2,2,TTCTAGTATATACAAGGCCC,0,4926284
ygfS_ygfT_predicted,0.3333333333333333,2,2,TTCGTGTTATTCTAACCGGT,0,4904282
ygfS_ygfT_predicted,0.3333333333333333,2,2,TTCGCGGCTCCTGGGGCAGG,0,4914654
ygfS_ygfT_predicted,0.3333333333333333,2,2,TTCCTTCGGGCTTGGAGCGT,0,4901368
ygfS_ygfT_predicted,0.3333333333333333,2,2,TTCCTGTTATCTGATCTGGA,0,4916029
ygfS_ygfT_predicted,0.3333333333333333,2,2,TTCCGCTATACAAAGTGTTT,0,4931306
ygfS_ygfT_predicted,0.3333333333333333,2,2,TTCCCTCGAAGTTTTTTATC,0,4906765
ygfS_ygfT_predicted,0.3333333333333333,2,2,TTCCACATTAGCCACGGACT,0,4924015
ygfS_ygfT_predicted,0.3333333333333333,2,2,TTCATGCATCGTGGGACGCA,0,4909576
ygfS_ygfT_predicted,0.3333333333333333,2,2,TTCATCGTATTGTGGACATT,0,4923452
ygfS_ygfT_predicted,0.3333333333333333,2,2,TTCAGTTGGCGTCCAGGGTA,0,4906827
ygfS_ygfT_predicted,0.3333333333333333,2,2,TTCAGGTGCTATGGTCAACA,0,4918260
ygfS_ygfT_predicted,0.3333333333333333,2,2,TTCAGGCGCCCTCCGAATAC,0,4921556
ygfS_ygfT_predicted,0.3333333333333333,2,2,TTCAGAGTATCTCCGGGACT,0,4922921
ygfS_ygfT_predicted,0.3333333333333333,2,2,TTATTTCAAAAACATCGTCC,0,4906963
ygfS_ygfT_predicted,0.3333333333333333,2,2,TTATTAATCAAAGATAAAAG,0,4923019
ygfS_ygfT_predicted,0.3333333333333333,2,2,TTATGAGTCGCACAAGCAAA,0,4922340
ygfS_ygfT_predicted,0.3333333333333333,2,2,TTATGACTCACTGTATAACT,0,4908614
ygfS_ygfT_predicted,0.3333333333333333,2,2,TTATATTCAGACCGAAAACC,0,4930272
ygfS_ygfT_predicted,0.3333333333333333,2,2,TTAGTCTTCCTATCGTATAT,0,4904033
ygfS_ygfT_predicted,0.3333333333333333,2,2,TTAGTCACAGACAGGACCGT,0,4907731
ygfS_ygfT_predicted,0.3333333333333333,2,2,TTAGGGAACCCGTATGACTC,0,4928293
ygfS_ygfT_predicted,0.3333333333333333,2,2,TTAGGCCTAACTCGCTGACT,0,4904023
ygfS_ygfT_predicted,0.3333333333333333,2,2,TTAGCTGGTGCCAGTTGGGG,0,4901209
ygfS_ygfT_predicted,0.3333333333333333,2,2,TTAGATTTGTTAGAGTCACT,0,4904012
ygfS_ygfT_predicted,0.3333333333333333,2,2,TTAGAATCCTGCATGCAACT,0,4926603
ygfS_ygfT_predicted,0.3333333333333333,2,2,TTAGAAATGGTGGGTTAACG,0,4926441
ygfS_ygfT_predicted,0.3333333333333333,2,2,TTACGGTACATCCGTAGACC,0,4913004
ygfS_ygfT_predicted,0.3333333333333333,2,2,TTACCAGCGAGAGCAGCTTG,0,4924891
ygfS_ygfT_predicted,0.3333333333333333,2,2,TTACAACAACATCGTGTTGC,0,4903074
ygfS_ygfT_predicted,0.3333333333333333,2,2,TTAATGAGTCGAAGTGCGGA,0,4909688
ygfS_ygfT_predicted,0.3333333333333333,2,2,TTAATATCAGAGGTCTGGTG,0,4914583
ygfS_ygfT_predicted,0.3333333333333333,2,2,TGTTTTGTTTCAAAGTGACG,0,4913809
ygfS_ygfT_predicted,0.3333333333333333,2,2,TGTTTGAGGTGAATTCAGTG,0,4928443
ygfS_ygfT_predicted,0.3333333333333333,2,2,TGTTGTAGTGTTGCTAGCAT,0,4921643
ygfS_ygfT_predicted,0.3333333333333333,2,2,TGTTCGTTGACTGTTGCCGA,0,4928869
ygfS_ygfT_predicted,0.3333333333333333,2,2,TGTTATAAGTTGCGAGGGAG,0,4914761
ygfS_ygfT_predicted,0.3333333333333333,2,2,TGTTAACGGTTTGTATAGCT,0,4910879
ygfS_ygfT_predicted,0.3333333333333333,2,2,TGTGTTCAACGGGTGAATAG,0,4899683
ygfS_ygfT_predicted,0.3333333333333333,2,2,TGTGTGATTCTGCGTAACTC,0,4901282
ygfS_ygfT_predicted,0.3333333333333333,2,2,TGTGTGAGGTCGGATCTGGT,0,4914260
ygfS_ygfT_predicted,0.3333333333333333,2,2,TGTGTACGGATGAACAAAGG,0,4918893
ygfS_ygfT_predicted,0.3333333333333333,2,2,TGTGACGGTTGCACTTGTTA,0,4909695
ygfS_ygfT_predicted,0.3333333333333333,2,2,TGTGACGAAATGCGGTGTAG,0,4911415
ygfS_ygfT_predicted,0.3333333333333333,2,2,TGTGAATTGGATTAAGTTGT,0,4918762
ygfS_ygfT_predicted,0.3333333333333333,2,2,TGTCTGCGCCACGTCCATCT,0,4899796
ygfS_ygfT_predicted,0.3333333333333333,2,2,TGTCTCGGATAAGGCGACCT,0,4914745
ygfS_ygfT_predicted,0.3333333333333333,2,2,TGTCTAGTACGTTTCACAGA,0,4911987
ygfS_ygfT_predicted,0.3333333333333333,2,2,TGTCGTAACTAATGACTTAT,0,4912646
ygfS_ygfT_predicted,0.3333333333333333,2,2,TGTCGATGTCGAGGCAATAT,0,4902109
ygfS_ygfT_predicted,0.3333333333333333,2,2,TGTCAGGATGTCCTGTCTAC,0,4919327
ygfS_ygfT_predicted,0.3333333333333333,2,2,TGTACTTCCTAACTGGGCCG,0,4913122
ygfS_ygfT_predicted,0.3333333333333333,2,2,TGTACCATGGGGACTACTAC,0,4915429
ygfS_ygfT_predicted,0.3333333333333333,2,2,TGTAAGGTCTTACTACGTGT,0,4913201
ygfS_ygfT_predicted,0.3333333333333333,2,2,TGGTTCCTCTCTTAGGGCGA,0,4912664
ygfS_ygfT_predicted,0.3333333333333333,2,2,TGGTTAAAAAAATGGGTTCA,0,4913800
ygfS_ygfT_predicted,0.3333333333333333,2,2,TGGTAGACGAGGCCTCAAAT,0,4899732
ygfS_ygfT_predicted,0.3333333333333333,2,2,TGGTACTAAACAACGGGCGA,0,4905149
ygfS_ygfT_predicted,0.3333333333333333,2,2,TGGTAAACCCTGGGTTTTTG,0,4920911
ygfS_ygfT_predicted,0.3333333333333333,2,2,TGGGGCGTCAAGCGATCGGT,0,4911391
ygfS_ygfT_predicted,0.3333333333333333,2,2,TGGGGCGACTGGAAGGACAG,0,4929044
ygfS_ygfT_predicted,0.3333333333333333,2,2,TGGGCGACTTAAAAATAGCT,0,4907803
ygfS_ygfT_predicted,0.3333333333333333,2,2,TGGGCCCGTGTCCCATTCGT,0,4922623
ygfS_ygfT_predicted,0.3333333333333333,2,2,TGGCTTAACCAAAAAAAGCA,0,4907919
ygfS_ygfT_predicted,0.3333333333333333,2,2,TGGCTGTAATTACGCCGTAT,0,4927196
ygfS_ygfT_predicted,0.3333333333333333,2,2,TGGCTCGGACCCTTGGCGCT,0,4926454
ygfS_ygfT_predicted,0.3333333333333333,2,2,TGGCTCAATAGCGGTCCCTG,0,4920526
ygfS_ygfT_predicted,0.3333333333333333,2,2,TGGCTAACATAGGGGCAGAT,0,4906815
ygfS_ygfT_predicted,0.3333333333333333,2,2,TGGCGTTCAAGGATCTCTAT,0,4922765
ygfS_ygfT_predicted,0.3333333333333333,2,2,TGGCGTGCGGAGACGCTCTG,0,4914687
ygfS_ygfT_predicted,0.3333333333333333,2,2,TGGCGGAGACTCTGCTCCGG,0,4906050
ygfS_ygfT_predicted,0.3333333333333333,2,2,TGGCCTCACATAACCGACGA,0,4903855
ygfS_ygfT_predicted,0.3333333333333333,2,2,TGGCCCCACCTATATGACTC,0,4920867
ygfS_ygfT_predicted,0.3333333333333333,2,2,TGGCATAGATTGAAAGGCTG,0,4911690
ygfS_ygfT_predicted,0.3333333333333333,2,2,TGGCAGACTCTGACTCAGGA,0,4911869
ygfS_ygfT_predicted,0.3333333333333333,2,2,TGGAGTTGTGGACTGGGTCA,0,4919602
ygfS_ygfT_predicted,0.3333333333333333,2,2,TGGAGTGTTACCAATTAGCC,0,4905732
ygfS_ygfT_predicted,0.3333333333333333,2,2,TGGAGAGTTTAGGGTTAAAC,0,4915068
ygfS_ygfT_predicted,0.3333333333333333,2,2,TGGAGAGAACCTCCAGCCGA,0,4925375
ygfS_ygfT_predicted,0.3333333333333333,2,2,TGGAATCGGGTTGAAGGGGT,0,4908271
ygfS_ygfT_predicted,0.3333333333333333,2,2,TGGAAGGAGAATCCCAAATT,0,4903757
ygfS_ygfT_predicted,0.3333333333333333,2,2,TGGAACACACGGGTTAATCG,0,4922153
ygfS_ygfT_predicted,0.3333333333333333,2,2,TGCTTATCTTCTACTATTGC,0,4911728
ygfS_ygfT_predicted,0.3333333333333333,2,2,TGCTGAGGGATCCAATTTAA,0,4911059
ygfS_ygfT_predicted,0.3333333333333333,2,2,TGCTCGCCGTCGAATCTCCG,0,4923044
ygfS_ygfT_predicted,0.3333333333333333,2,2,TGCTCAGGCTCACATATGTT,0,4913678
ygfS_ygfT_predicted,0.3333333333333333,2,2,TGCGTGCACGAACGTTGTCT,0,4917347
ygfS_ygfT_predicted,0.3333333333333333,2,2,TGCGTCTGAGTATGAGACGG,0,4905935
ygfS_ygfT_predicted,0.3333333333333333,2,2,TGCGGGCATCGACAAGAACA,0,4925092
ygfS_ygfT_predicted,0.3333333333333333,2,2,TGCGGCAGACATGCTAAGCT,0,4930273
ygfS_ygfT_predicted,0.3333333333333333,2,2,TGCGCTTTACTACGTGATAA,0,4907500
ygfS_ygfT_predicted,0.3333333333333333,2,2,TGCGCTCCGATTCGTTGCTC,0,4916010
ygfS_ygfT_predicted,0.3333333333333333,2,2,TGCGAGTCGAAATCACTCCG,0,4928018
ygfS_ygfT_predicted,0.3333333333333333,2,2,TGCCTCTTGGGGGTTATTAT,0,4904311
ygfS_ygfT_predicted,0.3333333333333333,2,2,TGCCTCATAGCTGTGTTACG,0,4916143
ygfS_ygfT_predicted,0.3333333333333333,2,2,TGCCGTAATGGAGGCGCGGA,0,4922943
ygfS_ygfT_predicted,0.3333333333333333,2,2,TGCCACATCGCAACTCTTGT,0,4927405
ygfS_ygfT_predicted,0.3333333333333333,2,2,TGCATTTTCAGCTTCCCACA,0,4929258
ygfS_ygfT_predicted,0.3333333333333333,2,2,TGCAGCGCTGGGTTCAGCCA,0,4904050
ygfS_ygfT_predicted,0.3333333333333333,2,2,TGCAGATCTGGAAAACTTCG,0,4903007
ygfS_ygfT_predicted,0.3333333333333333,2,2,TGCAATCTAAACCCCCCAAG,0,4914191
ygfS_ygfT_predicted,0.3333333333333333,2,2,TGCAACGGGTCGCGTTCCCT,0,4912056
ygfS_ygfT_predicted,0.3333333333333333,2,2,TGATTATCGTGCAGTTTCCT,0,4904107
ygfS_ygfT_predicted,0.3333333333333333,2,2,TGATCGAGCATCTAAATGTG,0,4902010
ygfS_ygfT_predicted,0.3333333333333333,2,2,TGATCAAAAGACTTCCTGAT,0,4916802
ygfS_ygfT_predicted,0.3333333333333333,2,2,TGATAGTCGTGCCGACAACG,0,4921195
ygfS_ygfT_predicted,0.3333333333333333,2,2,TGAGTGTACATACAGATGTT,0,4913549
ygfS_ygfT_predicted,0.3333333333333333,2,2,TGAGTAGAGCCGAAAGCTAA,0,4926587
ygfS_ygfT_predicted,0.3333333333333333,2,2,TGACGACCATCCCTCTCAAT,0,4920057
ygfS_ygfT_predicted,0.3333333333333333,2,2,TGACCTTTTACAGGCCTAGT,0,4901538
ygfS_ygfT_predicted,0.3333333333333333,2,2,TGACCACGTGACAACCGGTA,0,4924981
ygfS_ygfT_predicted,0.3333333333333333,2,2,TGAAGCTTAAATAAGGCTAT,0,4928966
ygfS_ygfT_predicted,0.3333333333333333,2,2,TGAACATATCTACGTAAGTT,0,4907409
ygfS_ygfT_predicted,0.3333333333333333,2,2,TGAAAGAGGTCCTCAAAATC,0,4911990
ygfS_ygfT_predicted,0.3333333333333333,2,2,TGAAACTGGTGATATATCCT,0,4924020
ygfS_ygfT_predicted,0.3333333333333333,2,2,TGAAAAGTTCATTACTTCAA,0,4919414
ygfS_ygfT_predicted,0.3333333333333333,2,2,TCTTTTAGACTTGACCAGAA,0,4920872
ygfS_ygfT_predicted,0.3333333333333333,2,2,TCTTTTAAAATGTCTAGGTG,0,4925452
ygfS_ygfT_predicted,0.3333333333333333,2,2,TCTTGTGAGGGGACTCTGCA,0,4914331
ygfS_ygfT_predicted,0.3333333333333333,2,2,TCTTGGGTATTACGACTGGC,0,4912137
ygfS_ygfT_predicted,0.3333333333333333,2,2,TCTTGGCCCTTATGCTGTTC,0,4929384
ygfS_ygfT_predicted,0.3333333333333333,2,2,TCTTGCATAAAAGGTCACCT,0,4902964
ygfS_ygfT_predicted,0.3333333333333333,2,2,TCTTCGATTGGTGTGGTTAT,0,4924461
ygfS_ygfT_predicted,0.3333333333333333,2,2,TCTTAAGGTCCGCAGTTCGT,0,4908208
ygfS_ygfT_predicted,0.3333333333333333,2,2,TCTGGAAGCAAGTTAATCTT,0,4921994
ygfS_ygfT_predicted,0.3333333333333333,2,2,TCTGCTTAGGGTCTTAGATC,0,4912337
ygfS_ygfT_predicted,0.3333333333333333,2,2,TCTGCAAACATTCTCGAGAA,0,4916469
ygfS_ygfT_predicted,0.3333333333333333,2,2,TCTCTTCACCTCGAGGTCGT,0,4907156
ygfS_ygfT_predicted,0.3333333333333333,2,2,TCTCTCGCGGCGAGAGGCTA,0,4930664
ygfS_ygfT_predicted,0.3333333333333333,2,2,TCTCGCGAAGCAACAATTGT,0,4909690
ygfS_ygfT_predicted,0.3333333333333333,2,2,TCTAGTGAAGGTGCTACCTG,0,4922576
ygfS_ygfT_predicted,0.3333333333333333,2,2,TCTAGAGCAAAGCAGTGACC,0,4905686
ygfS_ygfT_predicted,0.3333333333333333,2,2,TCTAACATTTCTAACCCGGT,0,4907010
ygfS_ygfT_predicted,0.3333333333333333,2,2,TCGTTTCATAGGCTTAGAGT,0,4909693
ygfS_ygfT_predicted,0.3333333333333333,2,2,TCGTTTAACAGCTCTGCCCT,0,4917617
ygfS_ygfT_predicted,0.3333333333333333,2,2,TCGTGACTTACAAATATTCC,0,4904283
ygfS_ygfT_predicted,0.3333333333333333,2,2,TCGTCGTGTGAGTCGGACGG,0,4906698
ygfS_ygfT_predicted,0.3333333333333333,2,2,TCGTCGTGACAACAGAACAG,0,4917771
ygfS_ygfT_predicted,0.3333333333333333,2,2,TCGTCGGGTGGTGCTAAGGG,0,4911863
ygfS_ygfT_predicted,0.3333333333333333,2,2,TCGTCGGAAAAGGGAGTTCT,0,4918188
ygfS_ygfT_predicted,0.3333333333333333,2,2,TCGTAGGTACCAGCAGGCAA,0,4923237
ygfS_ygfT_predicted,0.3333333333333333,2,2,TCGGTTTGTGGAGGGGGGCG,0,4918747
ygfS_ygfT_predicted,0.3333333333333333,2,2,TCGGTGTCGGCAGTGTTTTG,0,4919942
ygfS_ygfT_predicted,0.3333333333333333,2,2,TCGGTGCCAAGGGTATTTAG,0,4905226
ygfS_ygfT_predicted,0.3333333333333333,2,2,TCGGTAGTCGTCCTAATCAT,0,4916579
ygfS_ygfT_predicted,0.3333333333333333,2,2,TCGGGGGCGCAGGTACCTAA,0,4907863
ygfS_ygfT_predicted,0.3333333333333333,2,2,TCGGCGCGTGTGAAACCAGA,0,4904850
ygfS_ygfT_predicted,0.3333333333333333,2,2,TCGGAATCGAGAGAGTCCTC,0,4900979
ygfS_ygfT_predicted,0.3333333333333333,2,2,TCGCTCCATAAATGTTCTGT,0,4900623
ygfS_ygfT_predicted,0.3333333333333333,2,2,TCGCTATAAGGAGCCAAGGT,0,4928178
ygfS_ygfT_predicted,0.3333333333333333,2,2,TCGCTAGTGAGCGTGCACTC,0,4910953
ygfS_ygfT_predicted,0.3333333333333333,2,2,TCGCGTGCTTGTGGGAGTGA,0,4923837
ygfS_ygfT_predicted,0.3333333333333333,2,2,TCGCGTAACGGGACTGATAC,0,4910840
ygfS_ygfT_predicted,0.3333333333333333,2,2,TCGCGCGCGTGTCCCGGTCT,0,4921330
ygfS_ygfT_predicted,0.3333333333333333,2,2,TCGCCTCATGAGCGCCCGTA,0,4930725
ygfS_ygfT_predicted,0.3333333333333333,2,2,TCGCCGGGCAACAGCGGCAA,0,4929354
ygfS_ygfT_predicted,0.3333333333333333,2,2,TCGCCCAGAACTGCGCGGAT,0,4910113
ygfS_ygfT_predicted,0.3333333333333333,2,2,TCGCAGGGAGTCCGGAGGGT,0,4926586
ygfS_ygfT_predicted,0.3333333333333333,2,2,TCGAGCATCTGAACGTTAAG,0,4923466
ygfS_ygfT_predicted,0.3333333333333333,2,2,TCGACGGTCCCCCGTTTTAA,0,4919888
ygfS_ygfT_predicted,0.3333333333333333,2,2,TCGAAGCGTTTTATATCTAC,0,4907480
ygfS_ygfT_predicted,0.3333333333333333,2,2,TCCTCAGGGATCTTCTGCCG,0,4915471
ygfS_ygfT_predicted,0.3333333333333333,2,2,TCCTAATTGGTACATGGCAG,0,4928878
ygfS_ygfT_predicted,0.3333333333333333,2,2,TCCGGGTTTTGCATGAGACC,0,4913309
ygfS_ygfT_predicted,0.3333333333333333,2,2,TCCGGGGAATCAGATAGTGT,0,4922845
ygfS_ygfT_predicted,0.3333333333333333,2,2,TCCGGCACTGTGGCAGGGCG,0,4906857
ygfS_ygfT_predicted,0.3333333333333333,2,2,TCCGCACATAATACAAGTCA,0,4930219
ygfS_ygfT_predicted,0.3333333333333333,2,2,TCCGATCACTATCCTTTCTC,0,4902543
ygfS_ygfT_predicted,0.3333333333333333,2,2,TCCGAGCGGTTGCGGTTACC,0,4908339
ygfS_ygfT_predicted,0.3333333333333333,2,2,TCCGACCGCGCTGTTACCAT,0,4923933
ygfS_ygfT_predicted,0.3333333333333333,2,2,TCCGAATGGTTGCAACCTGG,0,4920905
ygfS_ygfT_predicted,0.3333333333333333,2,2,TCCCTTCCGCTTCTGTTTAC,0,4923706
ygfS_ygfT_predicted,0.3333333333333333,2,2,TCCCCCGGCTGACTTCTTTT,0,4905809
ygfS_ygfT_predicted,0.3333333333333333,2,2,TCCAGCTATGTTATTGCGTT,0,4929463
ygfS_ygfT_predicted,0.3333333333333333,2,2,TCCAGCTAGTAATCGGCAAT,0,4912881
ygfS_ygfT_predicted,0.3333333333333333,2,2,TCCAGCGGGGCAACACCGAG,0,4915839
ygfS_ygfT_predicted,0.3333333333333333,2,2,TCCAGCCATTCAAGAATCTT,0,4922236
ygfS_ygfT_predicted,0.3333333333333333,2,2,TCCAGAAGAGGTCTTGTTCC,0,4910688
ygfS_ygfT_predicted,0.3333333333333333,2,2,TCCACGTCAGGTGGGAGATT,0,4917591
ygfS_ygfT_predicted,0.3333333333333333,2,2,TCCAAGACAAACTGTGCCCC,0,4919165
ygfS_ygfT_predicted,0.3333333333333333,2,2,TCATGTCGGTTCGGACCCCA,0,4914799
ygfS_ygfT_predicted,0.3333333333333333,2,2,TCATCGCAAAATGGACTCAC,0,4917312
ygfS_ygfT_predicted,0.3333333333333333,2,2,TCATCCTGTTCAATGTGGAC,0,4914169
ygfS_ygfT_predicted,0.3333333333333333,2,2,TCATAAGTTATTTGTGCGCT,0,4902477
ygfS_ygfT_predicted,0.3333333333333333,2,2,TCAGTTTGTAGTTCCATGAT,0,4931248
ygfS_ygfT_predicted,0.3333333333333333,2,2,TCAGTAGTATTCTATCTAGT,0,4902593
ygfS_ygfT_predicted,0.3333333333333333,2,2,TCAGCTGAAAGCTCCGGTAC,0,4914376
ygfS_ygfT_predicted,0.3333333333333333,2,2,TCAGATATAACAATTCCCAG,0,4930716
ygfS_ygfT_predicted,0.3333333333333333,2,2,TCAGACCGGGGGTAGTAGAA,0,4908540
ygfS_ygfT_predicted,0.3333333333333333,2,2,TCACGCGCACTTGCATGCTA,0,4920778
ygfS_ygfT_predicted,0.3333333333333333,2,2,TCACCGATGAATCACCGTTG,0,4929908
ygfS_ygfT_predicted,0.3333333333333333,2,2,TCACCCGCAGAGGGGTCATA,0,4920263
ygfS_ygfT_predicted,0.3333333333333333,2,2,TCACCAACAGAGTGCATACG,0,4913856
ygfS_ygfT_predicted,0.3333333333333333,2,2,TCACACCGAACTACGGAAAT,0,4928445
ygfS_ygfT_predicted,0.3333333333333333,2,2,TCACAACTAAGTTAGGAGAG,0,4916582
ygfS_ygfT_predicted,0.3333333333333333,2,2,TCACAACGCGTGGAATAAGA,0,4922441
ygfS_ygfT_predicted,0.3333333333333333,2,2,TCAATGTTGGGAAACAAAAG,0,4912295
ygfS_ygfT_predicted,0.3333333333333333,2,2,TCAATATCCTTACGTCAACG,0,4930204
ygfS_ygfT_predicted,0.3333333333333333,2,2,TCAAGAACCCGGGCCATATG,0,4905126
ygfS_ygfT_predicted,0.3333333333333333,2,2,TCAAACTCGACCCTTCTCCC,0,4906134
ygfS_ygfT_predicted,0.3333333333333333,2,2,TATTTGCTTCCGCACACAGA,0,4911051
ygfS_ygfT_predicted,0.3333333333333333,2,2,TATTTAGGGCGGCCGGAAGA,0,4917065
ygfS_ygfT_predicted,0.3333333333333333,2,2,TATTCTATGGTCTCTCTAGG,0,4930230
ygfS_ygfT_predicted,0.3333333333333333,2,2,TATTAAAATTCTTAAGATCG,0,4901228
ygfS_ygfT_predicted,0.3333333333333333,2,2,TATGTTCGTCCAGACTAGGG,0,4920561
ygfS_ygfT_predicted,0.3333333333333333,2,2,TATGTAGAGCTGTGATAGCG,0,4928926
ygfS_ygfT_predicted,0.3333333333333333,2,2,TATGCACTAGACGAAGGATG,0,4918442
ygfS_ygfT_predicted,0.3333333333333333,2,2,TATCTGAAGCCATGATTCAA,0,4919182
ygfS_ygfT_predicted,0.3333333333333333,2,2,TATCTCTCCAGGAGTACCGG,0,4914708
ygfS_ygfT_predicted,0.3333333333333333,2,2,TATCTCCTAACTACCTGGGC,0,4911292
ygfS_ygfT_predicted,0.3333333333333333,2,2,TATCAGTGCTATCGGTTCTA,0,4921818
ygfS_ygfT_predicted,0.3333333333333333,2,2,TATATTTTGCTTGGGGTTGG,0,4918608
ygfS_ygfT_predicted,0.3333333333333333,2,2,TATAGTAAGCCCTAAGCGAA,0,4917579
ygfS_ygfT_predicted,0.3333333333333333,2,2,TATACCTGAAAAGGAGCCGT,0,4906747
ygfS_ygfT_predicted,0.3333333333333333,2,2,TATAATCATTTGGGAAAGCA,0,4909615
ygfS_ygfT_predicted,0.3333333333333333,2,2,TATAACTTGAACCTTAGTGG,0,4922074
ygfS_ygfT_predicted,0.3333333333333333,2,2,TAGGTAGCTTTCCCCCTGCA,0,4931058
ygfS_ygfT_predicted,0.3333333333333333,2,2,TAGGGGATCATCGGAAAAAC,0,4902512
ygfS_ygfT_predicted,0.3333333333333333,2,2,TAGGGAAGCGATGGTCAACC,0,4914152
ygfS_ygfT_predicted,0.3333333333333333,2,2,TAGGACAACCCGTCTTTTCC,0,4901249
ygfS_ygfT_predicted,0.3333333333333333,2,2,TAGCTTAAACGCGGATTCAC,0,4922187
ygfS_ygfT_predicted,0.3333333333333333,2,2,TAGCGCACATCACTACTTTA,0,4929054
ygfS_ygfT_predicted,0.3333333333333333,2,2,TAGCGAGGCCTAATTCCCGA,0,4903581
ygfS_ygfT_predicted,0.3333333333333333,2,2,TAGCGAGCGATAGAACACGA,0,4931128
ygfS_ygfT_predicted,0.3333333333333333,2,2,TAGCGAAGCTATGCAAAAAA,0,4929125
ygfS_ygfT_predicted,0.3333333333333333,2,2,TAGCGAACGTTGCGGTTACG,0,4901494
ygfS_ygfT_predicted,0.3333333333333333,2,2,TAGCCTCGCACGCCCAGTAA,0,4910372
ygfS_ygfT_predicted,0.3333333333333333,2,2,TAGCCGATTAGCTCAGGGGT,0,4916862
ygfS_ygfT_predicted,0.3333333333333333,2,2,TAGCCAGCGAGATCCGTCGG,0,4909214
ygfS_ygfT_predicted,0.3333333333333333,2,2,TAGCAAGGGTTTTTTACAAA,0,4927630
ygfS_ygfT_predicted,0.3333333333333333,2,2,TAGAGGTGTACACTACGAGA,0,4930581
ygfS_ygfT_predicted,0.3333333333333333,2,2,TAGAGGCACGGCTTTGTGTA,0,4929300
ygfS_ygfT_predicted,0.3333333333333333,2,2,TAGACCGAGGAGGTATCCCT,0,4915612
ygfS_ygfT_predicted,0.3333333333333333,2,2,TAGAAAATGGAGATTACTCT,0,4915478
ygfS_ygfT_predicted,0.3333333333333333,2,2,TACTTGCATCAGGGGCCACC,0,4901568
ygfS_ygfT_predicted,0.3333333333333333,2,2,TACTTCGGTGAAAGTCGTGG,0,4900234
ygfS_ygfT_predicted,0.3333333333333333,2,2,TACTTCATACCGCCCGCAAT,0,4906609
ygfS_ygfT_predicted,0.3333333333333333,2,2,TACTTATGCCCTTAGCCAGG,0,4927772
ygfS_ygfT_predicted,0.3333333333333333,2,2,TACTTACACACATTGGTCAT,0,4929890
ygfS_ygfT_predicted,0.3333333333333333,2,2,TACTCATTTATCGGTATCGT,0,4904906
ygfS_ygfT_predicted,0.3333333333333333,2,2,TACTACTCTGATCATTTACT,0,4905498
ygfS_ygfT_predicted,0.3333333333333333,2,2,TACGTTTGTGCAAAATAGGG,0,4918268
ygfS_ygfT_predicted,0.3333333333333333,2,2,TACGTGGCTCCTGGGCTCTT,0,4923206
ygfS_ygfT_predicted,0.3333333333333333,2,2,TACGGATGACATAGGGTTTT,0,4924747
ygfS_ygfT_predicted,0.3333333333333333,2,2,TACGCGAAGGTCATTACGTC,0,4907014
ygfS_ygfT_predicted,0.3333333333333333,2,2,TACGCAAAATCAAGCATAAG,0,4901904
ygfS_ygfT_predicted,0.3333333333333333,2,2,TACCTATTTGAATTGAGGAG,0,4912821
ygfS_ygfT_predicted,0.3333333333333333,2,2,TACCGGTAGAATTCTAGAGC,0,4901718
ygfS_ygfT_predicted,0.3333333333333333,2,2,TACCGGACTGGGTGTTGCCA,0,4907840
ygfS_ygfT_predicted,0.3333333333333333,2,2,TACCGATATGTGTGGCGGAT,0,4927292
ygfS_ygfT_predicted,0.3333333333333333,2,2,TACCGAACCCGGGACGGTTG,0,4919377
ygfS_ygfT_predicted,0.3333333333333333,2,2,TACCCTGTTTTCCAGTACTA,0,4903182
ygfS_ygfT_predicted,0.3333333333333333,2,2,TACAAGACTTTGAGGTAACC,0,4930932
ygfS_ygfT_predicted,0.3333333333333333,2,2,TAATTTAACGCGAGGCATTT,0,4901439
ygfS_ygfT_predicted,0.3333333333333333,2,2,TAATCGCACTGCGGCGACCA,0,4902626
ygfS_ygfT_predicted,0.3333333333333333,2,2,TAATCAGGTTAATAGAGCTG,0,4909346
ygfS_ygfT_predicted,0.3333333333333333,2,2,TAATAAGCTGTGTTGCCGGT,0,4907533
ygfS_ygfT_predicted,0.3333333333333333,2,2,TAAGTCTGATCGTTGTCAGA,0,4920914
ygfS_ygfT_predicted,0.3333333333333333,2,2,TAAGGTTGAGCACCCCGCCG,0,4903962
ygfS_ygfT_predicted,0.3333333333333333,2,2,TAAGGGTCTCTTAAAACGGA,0,4911942
ygfS_ygfT_predicted,0.3333333333333333,2,2,TAACGCAATTGCACACTCAA,0,4905645
ygfS_ygfT_predicted,0.3333333333333333,2,2,TAACCTTATTATTTCAATCT,0,4904257
ygfS_ygfT_predicted,0.3333333333333333,2,2,TAACCGGGATGGCAAACAGT,0,4906091
ygfS_ygfT_predicted,0.3333333333333333,2,2,TAACAAGGGGGGTCTATTAG,0,4923793
ygfS_ygfT_predicted,0.3333333333333333,2,2,TAAAGGATTACGTCGCCTAC,0,4904885
ygfS_ygfT_predicted,0.3333333333333333,2,2,TAAAGATGAAACCGACACAC,0,4911748
ygfS_ygfT_predicted,0.3333333333333333,2,2,TAAAACGAAAATAGGATCCC,0,4914686
ygfS_ygfT_predicted,0.3333333333333333,2,2,TAAAAAGCACTTGAGTTTTG,0,4917544
ygfS_ygfT_predicted,0.3333333333333333,2,2,GTTTGAGTGGGTGAATCCGA,0,4928985
ygfS_ygfT_predicted,0.3333333333333333,2,2,GTTTGACGATTCAGCCGCGC,0,4923856
ygfS_ygfT_predicted,0.3333333333333333,2,2,GTTTCGCGTCGGGGCTGTTA,0,4918982
ygfS_ygfT_predicted,0.3333333333333333,2,2,GTTTATGCTATAGCCTAAAC,0,4900047
ygfS_ygfT_predicted,0.3333333333333333,2,2,GTTTATCTATATCCGGACGG,0,4926417
ygfS_ygfT_predicted,0.3333333333333333,2,2,GTTTAGGAATTTGTGCGGCT,0,4901148
ygfS_ygfT_predicted,0.3333333333333333,2,2,GTTTAGACAAGCGCTCCGGA,0,4921080
ygfS_ygfT_predicted,0.3333333333333333,2,2,GTTTACGGCGAATATGTTTA,0,4901040
ygfS_ygfT_predicted,0.3333333333333333,2,2,GTTGTTTACGTCCCCTCGGA,0,4930599
ygfS_ygfT_predicted,0.3333333333333333,2,2,GTTGTGATAAACGATCGATA,0,4910117
ygfS_ygfT_predicted,0.3333333333333333,2,2,GTTGTAATTACGATGGAATC,0,4921272
ygfS_ygfT_predicted,0.3333333333333333,2,2,GTTGGGTCCGTCCGTCACAT,0,4922373
ygfS_ygfT_predicted,0.3333333333333333,2,2,GTTGGGGCGGGACTCCATGA,0,4909561
ygfS_ygfT_predicted,0.3333333333333333,2,2,GTTGGGATTTGATGGGTGGA,0,4907195
ygfS_ygfT_predicted,0.3333333333333333,2,2,GTTGGCCGCAGTCGTATGTG,0,4910095
ygfS_ygfT_predicted,0.3333333333333333,2,2,GTTGGCCCTTCAGTCTCGTC,0,4924888
ygfS_ygfT_predicted,0.3333333333333333,2,2,GTTGCAACGTCTCGGGTGGT,0,4911494
ygfS_ygfT_predicted,0.3333333333333333,2,2,GTTGAACCTTATCTTGCTAG,0,4911287
ygfS_ygfT_predicted,0.3333333333333333,2,2,GTTGAAAGGTACGACCGTAC,0,4929763
ygfS_ygfT_predicted,0.3333333333333333,2,2,GTTCTTACTTATTGTTGGTG,0,4916905
ygfS_ygfT_predicted,0.3333333333333333,2,2,GTTCTGTCATAATACGTATC,0,4928198
ygfS_ygfT_predicted,0.3333333333333333,2,2,GTTCTCGGACAACCGGTGTA,0,4908891
ygfS_ygfT_predicted,0.3333333333333333,2,2,GTTCTAGGTGAGAGGTCTGT,0,4905779
ygfS_ygfT_predicted,0.3333333333333333,2,2,GTTCGTGGCTGCGACCCGCA,0,4927813
ygfS_ygfT_predicted,0.3333333333333333,2,2,GTTCGCGGAAATGTGAAGGC,0,4906736
ygfS_ygfT_predicted,0.3333333333333333,2,2,GTTCCTGGCGCCGGGACTGG,0,4929807
ygfS_ygfT_predicted,0.3333333333333333,2,2,GTTATGGCGGTTAACGGGGT,0,4916194
ygfS_ygfT_predicted,0.3333333333333333,2,2,GTTAGGGGAGCACGCTCTCT,0,4918874
ygfS_ygfT_predicted,0.3333333333333333,2,2,GTTACTTTGGACCTCGGGTT,0,4911402
ygfS_ygfT_predicted,0.3333333333333333,2,2,GTTACTCATCCGACTTATAT,0,4910413
ygfS_ygfT_predicted,0.3333333333333333,2,2,GTTAACTCGGCCAGGTCCGA,0,4906306
ygfS_ygfT_predicted,0.3333333333333333,2,2,GTGTTCCGCGCCTCGTCGAT,0,4921853
ygfS_ygfT_predicted,0.3333333333333333,2,2,GTGTTCAGAATGTTTGGAGA,0,4906121
ygfS_ygfT_predicted,0.3333333333333333,2,2,GTGTGTCCTCTTGGTGCGGA,0,4918010
ygfS_ygfT_predicted,0.3333333333333333,2,2,GTGTGCACGATCCTACACGC,0,4918126
ygfS_ygfT_predicted,0.3333333333333333,2,2,GTGTAATGCGTTCCGCAGTG,0,4916446
ygfS_ygfT_predicted,0.3333333333333333,2,2,GTGGTTAAAGGTGATTCTTG,0,4923968
ygfS_ygfT_predicted,0.3333333333333333,2,2,GTGGTGCTGATAATATGTCT,0,4909890
ygfS_ygfT_predicted,0.3333333333333333,2,2,GTGGTACGCAGCCTTCTGAG,0,4931142
ygfS_ygfT_predicted,0.3333333333333333,2,2,GTGGCGTAGTTTTACTCGTC,0,4912809
ygfS_ygfT_predicted,0.3333333333333333,2,2,GTGGCAGGCCTCCTTAAAGC,0,4910602
ygfS_ygfT_predicted,0.3333333333333333,2,2,GTGGAGGGAGTTGCAGCCAA,0,4923750
ygfS_ygfT_predicted,0.3333333333333333,2,2,GTGGACCAGGACGGCAGCAT,0,4921171
ygfS_ygfT_predicted,0.3333333333333333,2,2,GTGGACAAGCGTTGTGGTAT,0,4905507
ygfS_ygfT_predicted,0.3333333333333333,2,2,GTGCTTAGGAAGCCGTCTTT,0,4910330
ygfS_ygfT_predicted,0.3333333333333333,2,2,GTGCTAGGAGTAACTACTGG,0,4919505
ygfS_ygfT_predicted,0.3333333333333333,2,2,GTGCGATTGCCCGATCTGAA,0,4910096
ygfS_ygfT_predicted,0.3333333333333333,2,2,GTGATCTTTAAATAAAAAGT,0,4920781
ygfS_ygfT_predicted,0.3333333333333333,2,2,GTGATCCAAGATTACAGATC,0,4901388
ygfS_ygfT_predicted,0.3333333333333333,2,2,GTGATCAGACCATAACTCCC,0,4920406
ygfS_ygfT_predicted,0.3333333333333333,2,2,GTGAGGTGTGTCCGTAATAA,0,4918384
ygfS_ygfT_predicted,0.3333333333333333,2,2,GTGAGGTGGCGGGAATCTTG,0,4929394
ygfS_ygfT_predicted,0.3333333333333333,2,2,GTCTGGAACAATGTAAGCAT,0,4921290
ygfS_ygfT_predicted,0.3333333333333333,2,2,GTCTCGTCTCCGAAATTACG,0,4914712
ygfS_ygfT_predicted,0.3333333333333333,2,2,GTCTACCTCTTGATCTGATT,0,4924752
ygfS_ygfT_predicted,0.3333333333333333,2,2,GTCGTGCGACCAGACGGGAA,0,4929973
ygfS_ygfT_predicted,0.3333333333333333,2,2,GTCGTCCCACGTAGCAGAGG,0,4902268
ygfS_ygfT_predicted,0.3333333333333333,2,2,GTCGGCTGGTAAAACAGTTG,0,4930085
ygfS_ygfT_predicted,0.3333333333333333,2,2,GTCGGCCAGCAGAACAGGAT,0,4919678
ygfS_ygfT_predicted,0.3333333333333333,2,2,GTCGCAGTTGATCGGGAAAT,0,4928787
ygfS_ygfT_predicted,0.3333333333333333,2,2,GTCGAGCGCAACCAGTGGAT,0,4914987
ygfS_ygfT_predicted,0.3333333333333333,2,2,GTCCGTGCGTGTAACGCGTA,0,4919660
ygfS_ygfT_predicted,0.3333333333333333,2,2,GTCCGCCAAATCATCTCCAA,0,4912829
ygfS_ygfT_predicted,0.3333333333333333,2,2,GTCCGAATTGGAGATAAATT,0,4925726
ygfS_ygfT_predicted,0.3333333333333333,2,2,GTCCATAGCCACAGTTGCTT,0,4904535
ygfS_ygfT_predicted,0.3333333333333333,2,2,GTCATGGACACGGGCTATAC,0,4913217
ygfS_ygfT_predicted,0.3333333333333333,2,2,GTCAGTCGGTATTATCGAAC,0,4920326
ygfS_ygfT_predicted,0.3333333333333333,2,2,GTCAGGACGACTTTTTATCG,0,4922500
ygfS_ygfT_predicted,0.3333333333333333,2,2,GTCACAACCTCCGCCATAGG,0,4912269
ygfS_ygfT_predicted,0.3333333333333333,2,2,GTCAATGCGTTAGCCACTAG,0,4927637
ygfS_ygfT_predicted,0.3333333333333333,2,2,GTCAAAGCGGAACGGTCTTA,0,4900327
ygfS_ygfT_predicted,0.3333333333333333,2,2,GTATTTTGACAAAAATCGGG,0,4928236
ygfS_ygfT_predicted,0.3333333333333333,2,2,GTATTGCCATAAACCAGTCT,0,4919701
ygfS_ygfT_predicted,0.3333333333333333,2,2,GTATTCCAAGGTCTTTAACA,0,4901816
ygfS_ygfT_predicted,0.3333333333333333,2,2,GTATTATCCGGGATCGCTAC,0,4924103
ygfS_ygfT_predicted,0.3333333333333333,2,2,GTATTAACCATAGCCCTACG,0,4912297
ygfS_ygfT_predicted,0.3333333333333333,2,2,GTATGGGCCAGCATATTTGG,0,4922557
ygfS_ygfT_predicted,0.3333333333333333,2,2,GTATGCGCAATTAGAGTGCA,0,4915123
ygfS_ygfT_predicted,0.3333333333333333,2,2,GTATGAGCGTGCCATTACGG,0,4899752
ygfS_ygfT_predicted,0.3333333333333333,2,2,GTATCTAATAGGGGACACAT,0,4917844
ygfS_ygfT_predicted,0.3333333333333333,2,2,GTATCGAGAAATCTGAGCTC,0,4926257
ygfS_ygfT_predicted,0.3333333333333333,2,2,GTATCATTACCCTATGATTC,0,4924202
ygfS_ygfT_predicted,0.3333333333333333,2,2,GTATAGAGGGGGGGACATGT,0,4907128
ygfS_ygfT_predicted,0.3333333333333333,2,2,GTAGTCAGCCAGACTTCAGC,0,4928729
ygfS_ygfT_predicted,0.3333333333333333,2,2,GTAGGTGATCAAGGGACCAG,0,4919156
ygfS_ygfT_predicted,0.3333333333333333,2,2,GTAGCGTTTTGTCAGGTATT,0,4900627
ygfS_ygfT_predicted,0.3333333333333333,2,2,GTACTATCCGAGTCTGCTTA,0,4915955
ygfS_ygfT_predicted,0.3333333333333333,2,2,GTACGCCACGGTTCCGTATA,0,4919999
ygfS_ygfT_predicted,0.3333333333333333,2,2,GTACATATATCAAGTACCCA,0,4902842
ygfS_ygfT_predicted,0.3333333333333333,2,2,GTACACAAAATGGGGTAGTA,0,4925947
ygfS_ygfT_predicted,0.3333333333333333,2,2,GTAAGTTCCACTCATCATTA,0,4924475
ygfS_ygfT_predicted,0.3333333333333333,2,2,GTAAGGAGACTCAATGTGCA,0,4903911
ygfS_ygfT_predicted,0.3333333333333333,2,2,GTAACTGAGCGTGAAACACA,0,4905831
ygfS_ygfT_predicted,0.3333333333333333,2,2,GTAACTCGCCTTCCCTTTAT,0,4920690
ygfS_ygfT_predicted,0.3333333333333333,2,2,GTAACATCCCGTTGGCACTT,0,4902040
ygfS_ygfT_predicted,0.3333333333333333,2,2,GTAACATAGCATTCTAAGAA,0,4929873
ygfS_ygfT_predicted,0.3333333333333333,2,2,GGTTTTAATGTACCTCAGGT,0,4925855
ygfS_ygfT_predicted,0.3333333333333333,2,2,GGTTGGCGAGGTGAAAAGAC,0,4918252
ygfS_ygfT_predicted,0.3333333333333333,2,2,GGTTGCGTTTTTGAGCTGTG,0,4928139
ygfS_ygfT_predicted,0.3333333333333333,2,2,GGTTGACTCCCAGAAGTAAC,0,4916556
ygfS_ygfT_predicted,0.3333333333333333,2,2,GGTTCCGATGGAGGAGGGCA,0,4902631
ygfS_ygfT_predicted,0.3333333333333333,2,2,GGTTATAGATAGCAGGGGTT,0,4920989
ygfS_ygfT_predicted,0.3333333333333333,2,2,GGTTACAGATAGTAAGAGAC,0,4919478
ygfS_ygfT_predicted,0.3333333333333333,2,2,GGTGGAGTAGCCCGAGTAGC,0,4913772
ygfS_ygfT_predicted,0.3333333333333333,2,2,GGTGCGGTCCGTTGCAGTCT,0,4921813
ygfS_ygfT_predicted,0.3333333333333333,2,2,GGTCTGCACAGTACATCATA,0,4919748
ygfS_ygfT_predicted,0.3333333333333333,2,2,GGTCGGAACTTCGAATGCTA,0,4902267
ygfS_ygfT_predicted,0.3333333333333333,2,2,GGTCCGTTCAGGAACCTGTG,0,4905716
ygfS_ygfT_predicted,0.3333333333333333,2,2,GGTCCGGGGGGACGCAAAAG,0,4908516
ygfS_ygfT_predicted,0.3333333333333333,2,2,GGTCCGATTAAGTGGGCGTC,0,4930584
ygfS_ygfT_predicted,0.3333333333333333,2,2,GGTCCCATCTCGGTCTACCT,0,4905543
ygfS_ygfT_predicted,0.3333333333333333,2,2,GGTCATCGCGGTTATAGTTC,0,4916218
ygfS_ygfT_predicted,0.3333333333333333,2,2,GGTATTCGACCTAGCTAGGG,0,4922819
ygfS_ygfT_predicted,0.3333333333333333,2,2,GGTATCTTTAACGTTATGTG,0,4907516
ygfS_ygfT_predicted,0.3333333333333333,2,2,GGTATATTGCGCCACTCATA,0,4903001
ygfS_ygfT_predicted,0.3333333333333333,2,2,GGTAGGTCTTAAGGTGAACA,0,4914524
ygfS_ygfT_predicted,0.3333333333333333,2,2,GGTAAGTTCTTGGCTGTCGC,0,4906807
ygfS_ygfT_predicted,0.3333333333333333,2,2,GGGTTCGTTTGTACGTTACA,0,4907951
ygfS_ygfT_predicted,0.3333333333333333,2,2,GGGTTCGTGGATCTAGCAGT,0,4906214
ygfS_ygfT_predicted,0.3333333333333333,2,2,GGGTTCGGAGAGTGGCTAAA,0,4913467
ygfS_ygfT_predicted,0.3333333333333333,2,2,GGGTCTGACAAGATGCTCAT,0,4909400
ygfS_ygfT_predicted,0.3333333333333333,2,2,GGGTCGTGACGAACAACCTA,0,4905679
ygfS_ygfT_predicted,0.3333333333333333,2,2,GGGTCGGAGCGTCTTGGGTA,0,4925604
ygfS_ygfT_predicted,0.3333333333333333,2,2,GGGTCGCAGGTTGAAGGGAC,0,4929578
ygfS_ygfT_predicted,0.3333333333333333,2,2,GGGTCCGGGAATGCCAGTAA,0,4927878
ygfS_ygfT_predicted,0.3333333333333333,2,2,GGGTCCAATGTACGAAGACC,0,4928467
ygfS_ygfT_predicted,0.3333333333333333,2,2,GGGTCAGCCCAGCACGGTAA,0,4913669
ygfS_ygfT_predicted,0.3333333333333333,2,2,GGGGTTTGAATACCTGACGA,0,4914427
ygfS_ygfT_predicted,0.3333333333333333,2,2,GGGGTCTTATCTTTTAGTTA,0,4900419
ygfS_ygfT_predicted,0.3333333333333333,2,2,GGGGTCCGACCTCGTGGACA,0,4923342
ygfS_ygfT_predicted,0.3333333333333333,2,2,GGGGTATCAAGGCTTCATAC,0,4902787
ygfS_ygfT_predicted,0.3333333333333333,2,2,GGGGTAGTTCTAAGGGAGCT,0,4930724
ygfS_ygfT_predicted,0.3333333333333333,2,2,GGGGGCTATGGATCCTGCTT,0,4916429
ygfS_ygfT_predicted,0.3333333333333333,2,2,GGGGCTTGTGAGCATTGGCG,0,4923099
ygfS_ygfT_predicted,0.3333333333333333,2,2,GGGGAGTGATAATACTATGG,0,4921841
ygfS_ygfT_predicted,0.3333333333333333,2,2,GGGGAGTCCTTTTTGCGATC,0,4922301
ygfS_ygfT_predicted,0.3333333333333333,2,2,GGGCTTTTGATAATCACTTG,0,4925675
ygfS_ygfT_predicted,0.3333333333333333,2,2,GGGCTCAGGTCATAACAGCA,0,4915950
ygfS_ygfT_predicted,0.3333333333333333,2,2,GGGCGGAAGTACGTGGAGAA,0,4927709
ygfS_ygfT_predicted,0.3333333333333333,2,2,GGGCACATTTAGGGATCTTT,0,4924972
ygfS_ygfT_predicted,0.3333333333333333,2,2,GGGATAGAGACAAATGCTTC,0,4909011
ygfS_ygfT_predicted,0.3333333333333333,2,2,GGGAGTTAACCATCAGGCGA,0,4912792
ygfS_ygfT_predicted,0.3333333333333333,2,2,GGGAGTAGTCCCTCCCTATT,0,4931090
ygfS_ygfT_predicted,0.3333333333333333,2,2,GGGAGGCTGGGCCTAATGCC,0,4922696
ygfS_ygfT_predicted,0.3333333333333333,2,2,GGGACTTTCGACAATTAATG,0,4926948
ygfS_ygfT_predicted,0.3333333333333333,2,2,GGGAACGTCACTTTCCGATG,0,4924794
ygfS_ygfT_predicted,0.3333333333333333,2,2,GGGAACCGAACTCTTAGGCA,0,4918015
ygfS_ygfT_predicted,0.3333333333333333,2,2,GGCTTTCTTCGATAGCACGT,0,4926868
ygfS_ygfT_predicted,0.3333333333333333,2,2,GGCTTTCGGAGGAATGAGGT,0,4909566
ygfS_ygfT_predicted,0.3333333333333333,2,2,GGCTTCCCTGTTAGTTGGGT,0,4923074
ygfS_ygfT_predicted,0.3333333333333333,2,2,GGCTGGGGGAACTGAACAAT,0,4910126
ygfS_ygfT_predicted,0.3333333333333333,2,2,GGCTGGATCTATTTGTGTGG,0,4915674
ygfS_ygfT_predicted,0.3333333333333333,2,2,GGCTATTGCTCATTACATAT,0,4919008
ygfS_ygfT_predicted,0.3333333333333333,2,2,GGCTACGTATTTATAGCTTG,0,4905023
ygfS_ygfT_predicted,0.3333333333333333,2,2,GGCTACGGCGTGCTGCATAA,0,4902549
ygfS_ygfT_predicted,0.3333333333333333,2,2,GGCGGATTTATCGGGCTAGT,0,4920893
ygfS_ygfT_predicted,0.3333333333333333,2,2,GGCGGAGGTCAGGCAGCTAT,0,4910367
ygfS_ygfT_predicted,0.3333333333333333,2,2,GGCGCCATTGGTTATTCGTA,0,4909070
ygfS_ygfT_predicted,0.3333333333333333,2,2,GGCCTGTCTAGCTGATGACT,0,4906917
ygfS_ygfT_predicted,0.3333333333333333,2,2,GGCCTCTATTCCAGTGAATA,0,4927096
ygfS_ygfT_predicted,0.3333333333333333,2,2,GGCCGCTCAGTCATGTGAAC,0,4924100
ygfS_ygfT_predicted,0.3333333333333333,2,2,GGCCCGTTCTGATTCATCAA,0,4923354
ygfS_ygfT_predicted,0.3333333333333333,2,2,GGCCAGTCAGTGAGTACAAG,0,4928854
ygfS_ygfT_predicted,0.3333333333333333,2,2,GGCATTAGTGTATCATCTGT,0,4904998
ygfS_ygfT_predicted,0.3333333333333333,2,2,GGCATGTGGGCGACTCACTG,0,4913393
ygfS_ygfT_predicted,0.3333333333333333,2,2,GGCAGTTAAATGAAGTAAAC,0,4907831
ygfS_ygfT_predicted,0.3333333333333333,2,2,GGCACGGGCTTTAGCGAATC,0,4925368
ygfS_ygfT_predicted,0.3333333333333333,2,2,GGCAATGTTCACCGCTATTC,0,4915387
ygfS_ygfT_predicted,0.3333333333333333,2,2,GGCAACCTCAGTACGACTCG,0,4900143
ygfS_ygfT_predicted,0.3333333333333333,2,2,GGATTTGGGCGGTTTAATTA,0,4927384
ygfS_ygfT_predicted,0.3333333333333333,2,2,GGATTAGTCCTCTTATCAAC,0,4923836
ygfS_ygfT_predicted,0.3333333333333333,2,2,GGATGTACTGTGAGTCCCTG,0,4908178
ygfS_ygfT_predicted,0.3333333333333333,2,2,GGATGGCGGTTTGGCTTCGT,0,4915678
ygfS_ygfT_predicted,0.3333333333333333,2,2,GGATGCCAGCCAACAACAAT,0,4923893
ygfS_ygfT_predicted,0.3333333333333333,2,2,GGATCTGAGTCCGCACGATT,0,4906193
ygfS_ygfT_predicted,0.3333333333333333,2,2,GGATCTCTTCAAACTAGAAG,0,4931010
ygfS_ygfT_predicted,0.3333333333333333,2,2,GGATCGTCAGCGCCTACCTA,0,4912270
ygfS_ygfT_predicted,0.3333333333333333,2,2,GGAGCTCCAAAGCTCCCTAC,0,4913673
ygfS_ygfT_predicted,0.3333333333333333,2,2,GGAGATTGGGCGACGATAGA,0,4905384
ygfS_ygfT_predicted,0.3333333333333333,2,2,GGAGATGTGCGATTACGGGA,0,4914585
ygfS_ygfT_predicted,0.3333333333333333,2,2,GGACGGCCCGAAGATGTCAA,0,4906655
ygfS_ygfT_predicted,0.3333333333333333,2,2,GGACGGCCCACACGGTTTTA,0,4914014
ygfS_ygfT_predicted,0.3333333333333333,2,2,GGACGATCTATCGAAAGGAA,0,4912313
ygfS_ygfT_predicted,0.3333333333333333,2,2,GGACGATCGCCATCCCTGCG,0,4913638
ygfS_ygfT_predicted,0.3333333333333333,2,2,GGACGACGGCGAAGGGCGTC,0,4900229
ygfS_ygfT_predicted,0.3333333333333333,2,2,GGACCTGTAGATCTAAGAAG,0,4914367
ygfS_ygfT_predicted,0.3333333333333333,2,2,GGACCCTGAAGCGCGGTTTA,0,4905246
ygfS_ygfT_predicted,0.3333333333333333,2,2,GGACATATCTCAAACAAATG,0,4915093
ygfS_ygfT_predicted,0.3333333333333333,2,2,GGAATAAAATGTGTAAATCG,0,4927879
ygfS_ygfT_predicted,0.3333333333333333,2,2,GGAAGTTAAAACTCTTCCAC,0,4928829
ygfS_ygfT_predicted,0.3333333333333333,2,2,GGAAGCGTGGATCACTGAAG,0,4920395
ygfS_ygfT_predicted,0.3333333333333333,2,2,GGAACTGTCGCGTTGTGCAA,0,4921038
ygfS_ygfT_predicted,0.3333333333333333,2,2,GCTGTCAGAACGGCTTACGC,0,4900866
ygfS_ygfT_predicted,0.3333333333333333,2,2,GCTGTAATAGTTGAATACTG,0,4928670
ygfS_ygfT_predicted,0.3333333333333333,2,2,GCTGCTTGTGAAGTTGTAAG,0,4912766
ygfS_ygfT_predicted,0.3333333333333333,2,2,GCTCGGTGGGCTGCAACATC,0,4903220
ygfS_ygfT_predicted,0.3333333333333333,2,2,GCTCCGCGTGAACCGCCTTT,0,4927484
ygfS_ygfT_predicted,0.3333333333333333,2,2,GCTCAGTTTACCGATGCATA,0,4900792
ygfS_ygfT_predicted,0.3333333333333333,2,2,GCTAGTCGTAAAGCCCTTTG,0,4920407
ygfS_ygfT_predicted,0.3333333333333333,2,2,GCTACTGCCAGGAGGTAATG,0,4908300
ygfS_ygfT_predicted,0.3333333333333333,2,2,GCTACTACTAGGAGTAAACG,0,4912925
ygfS_ygfT_predicted,0.3333333333333333,2,2,GCTACGTTTATTGAGGAGGT,0,4919519
ygfS_ygfT_predicted,0.3333333333333333,2,2,GCTACCCTTCGATTGGTCTA,0,4920437
ygfS_ygfT_predicted,0.3333333333333333,2,2,GCGTTGTATGTCCTATTCGA,0,4926979
ygfS_ygfT_predicted,0.3333333333333333,2,2,GCGTCCCTTACACATCTAGT,0,4900961
ygfS_ygfT_predicted,0.3333333333333333,2,2,GCGTACGTCACGATTACATG,0,4925832
ygfS_ygfT_predicted,0.3333333333333333,2,2,GCGGTGGAAGTGACCTGGTT,0,4928558
ygfS_ygfT_predicted,0.3333333333333333,2,2,GCGGTATAGATCTCCGCGGT,0,4919650
ygfS_ygfT_predicted,0.3333333333333333,2,2,GCGGGTTTCCGGAGGTTTTG,0,4910630
ygfS_ygfT_predicted,0.3333333333333333,2,2,GCGGGATGCCCCTACAGGCA,0,4915172
ygfS_ygfT_predicted,0.3333333333333333,2,2,GCGGGAAATCGTGCGCCGGC,0,4902068
ygfS_ygfT_predicted,0.3333333333333333,2,2,GCGGCACATACCCGGTAGCC,0,4908196
ygfS_ygfT_predicted,0.3333333333333333,2,2,GCGGAGTTGGCGGCTGGGAC,0,4923734
ygfS_ygfT_predicted,0.3333333333333333,2,2,GCGGAGTAACGGCCTATTGT,0,4929006
ygfS_ygfT_predicted,0.3333333333333333,2,2,GCGCTCGACGTCACTGTCAC,0,4927231
ygfS_ygfT_predicted,0.3333333333333333,2,2,GCGCGTCACACCAGAAAGCC,0,4929254
ygfS_ygfT_predicted,0.3333333333333333,2,2,GCGCCAATATTACCGAGGTT,0,4924875
ygfS_ygfT_predicted,0.3333333333333333,2,2,GCGCATATCATTGGTAGTCA,0,4913290
ygfS_ygfT_predicted,0.3333333333333333,2,2,GCGCAGCGATTAAGCGTCCA,0,4920184
ygfS_ygfT_predicted,0.3333333333333333,2,2,GCGCAGCCGTTTAGTTGCCC,0,4923366
ygfS_ygfT_predicted,0.3333333333333333,2,2,GCGAGGTCCGTGTCTCATTT,0,4908295
ygfS_ygfT_predicted,0.3333333333333333,2,2,GCGAGAGCGGACGGTCACGA,0,4908266
ygfS_ygfT_predicted,0.3333333333333333,2,2,GCGACTACTGCTGCGTGCGC,0,4907458
ygfS_ygfT_predicted,0.3333333333333333,2,2,GCGAACCAAACGGGATGATG,0,4921441
ygfS_ygfT_predicted,0.3333333333333333,2,2,GCCTTGTTATGGTTGTGGAT,0,4923672
ygfS_ygfT_predicted,0.3333333333333333,2,2,GCCTTCAACCCTCAACTATG,0,4908424
ygfS_ygfT_predicted,0.3333333333333333,2,2,GCCTTAAGGTGTTGCACGAA,0,4918558
ygfS_ygfT_predicted,0.3333333333333333,2,2,GCCTGTAGTCTTTCACGCTA,0,4924414
ygfS_ygfT_predicted,0.3333333333333333,2,2,GCCTGGCGATACCTAAACGG,0,4929043
ygfS_ygfT_predicted,0.3333333333333333,2,2,GCCTGCGCAAATGGTTTAAG,0,4926278
ygfS_ygfT_predicted,0.3333333333333333,2,2,GCCTGATGAGACGGAAACCT,0,4904594
ygfS_ygfT_predicted,0.3333333333333333,2,2,GCCTCGAGTTTACGTAATTA,0,4910043
ygfS_ygfT_predicted,0.3333333333333333,2,2,GCCTAATTGCGCAAACTCCA,0,4913462
ygfS_ygfT_predicted,0.3333333333333333,2,2,GCCGTCCAGCACATTTGTTT,0,4923297
ygfS_ygfT_predicted,0.3333333333333333,2,2,GCCGCCGTATACGCTCCTAG,0,4901952
ygfS_ygfT_predicted,0.3333333333333333,2,2,GCCGCCAGAGTAATGCAGAA,0,4913160
ygfS_ygfT_predicted,0.3333333333333333,2,2,GCCCTTGATCCCGTACCCAC,0,4899729
ygfS_ygfT_predicted,0.3333333333333333,2,2,GCCCCTGTAATTGGCAGGAA,0,4918162
ygfS_ygfT_predicted,0.3333333333333333,2,2,GCCCCGCGCGTAACGAAGAG,0,4925694
ygfS_ygfT_predicted,0.3333333333333333,2,2,GCCCCATGTGTTATTAGGGA,0,4921728
ygfS_ygfT_predicted,0.3333333333333333,2,2,GCCCCAGAAAATCGGCTGAG,0,4906274
ygfS_ygfT_predicted,0.3333333333333333,2,2,GCCAGCCAAAACTCGAACGC,0,4907457
ygfS_ygfT_predicted,0.3333333333333333,2,2,GCCACTAATCTGATAGATTT,0,4914407
ygfS_ygfT_predicted,0.3333333333333333,2,2,GCCACAGTTTACTGCAGGGC,0,4902610
ygfS_ygfT_predicted,0.3333333333333333,2,2,GCCAACTGGAATGTTAGACA,0,4908309
ygfS_ygfT_predicted,0.3333333333333333,2,2,GCCAAAGTGGGCCGTTTATT,0,4905617
ygfS_ygfT_predicted,0.3333333333333333,2,2,GCATGACTTGCTGAGTCATT,0,4905378
ygfS_ygfT_predicted,0.3333333333333333,2,2,GCATCTTTTGTCAGGCATGG,0,4908442
ygfS_ygfT_predicted,0.3333333333333333,2,2,GCATCGATAGAGCGGGTACA,0,4925007
ygfS_ygfT_predicted,0.3333333333333333,2,2,GCATCCTAGGCATGCGGCGT,0,4902745
ygfS_ygfT_predicted,0.3333333333333333,2,2,GCAGTCATGACCTGCCTGGT,0,4926393
ygfS_ygfT_predicted,0.3333333333333333,2,2,GCAGCTTTAGCTACGTTACG,0,4908677
ygfS_ygfT_predicted,0.3333333333333333,2,2,GCAGCGATTTATTCCGCGCA,0,4922504
ygfS_ygfT_predicted,0.3333333333333333,2,2,GCAGCGACCACAGTCCTACT,0,4922726
ygfS_ygfT_predicted,0.3333333333333333,2,2,GCACTGCAGTACCCGGGGAA,0,4901819
ygfS_ygfT_predicted,0.3333333333333333,2,2,GCACTGAATCGATAATGCAT,0,4924987
ygfS_ygfT_predicted,0.3333333333333333,2,2,GCACGTCGTCTTTATGGAAC,0,4908105
ygfS_ygfT_predicted,0.3333333333333333,2,2,GCACGGTCAGGGTCTGCAAA,0,4931026
ygfS_ygfT_predicted,0.3333333333333333,2,2,GCAATTTCACGATACGCATA,0,4928448
ygfS_ygfT_predicted,0.3333333333333333,2,2,GCAAGCATCCACACCTTCAA,0,4919066
ygfS_ygfT_predicted,0.3333333333333333,2,2,GCAAGAGATGGCGAGCCTGC,0,4912611
ygfS_ygfT_predicted,0.3333333333333333,2,2,GCAAGACCGATAGAGTTCCA,0,4907873
ygfS_ygfT_predicted,0.3333333333333333,2,2,GCAACGCTATCATGGGGGTT,0,4920889
ygfS_ygfT_predicted,0.3333333333333333,2,2,GATTTTGTGAGAATCCGGAT,0,4919265
ygfS_ygfT_predicted,0.3333333333333333,2,2,GATTTTAAGGGCCGAAGGCA,0,4909072
ygfS_ygfT_predicted,0.3333333333333333,2,2,GATTGTACAGTGGCATAACC,0,4912888
ygfS_ygfT_predicted,0.3333333333333333,2,2,GATTGGCGTGGCTAATCTAA,0,4920086
ygfS_ygfT_predicted,0.3333333333333333,2,2,GATTGATTGGCGGGGTGGTA,0,4901867
ygfS_ygfT_predicted,0.3333333333333333,2,2,GATTGACTAACGAGGGCAAG,0,4900077
ygfS_ygfT_predicted,0.3333333333333333,2,2,GATTGACCAGGGGGGCTCTA,0,4928523
ygfS_ygfT_predicted,0.3333333333333333,2,2,GATTATTGTTCCTTTAGTCA,0,4921525
ygfS_ygfT_predicted,0.3333333333333333,2,2,GATGTAATCAAGCGCTCACT,0,4912476
ygfS_ygfT_predicted,0.3333333333333333,2,2,GATGCTCGCCCTGCAACCTC,0,4930333
ygfS_ygfT_predicted,0.3333333333333333,2,2,GATGACTTATTGGAAAATCA,0,4910860
ygfS_ygfT_predicted,0.3333333333333333,2,2,GATGACATACTGACGTAAGC,0,4924727
ygfS_ygfT_predicted,0.3333333333333333,2,2,GATCTGATTATAGACCCGAA,0,4909825
ygfS_ygfT_predicted,0.3333333333333333,2,2,GATCCCCATACCCCCGCTGT,0,4919712
ygfS_ygfT_predicted,0.3333333333333333,2,2,GATCAAGTCGAATACGTCGC,0,4913167
ygfS_ygfT_predicted,0.3333333333333333,2,2,GATATGGCATAATAATCGTG,0,4917814
ygfS_ygfT_predicted,0.3333333333333333,2,2,GATATCTATTTATTGCTCAT,0,4915610
ygfS_ygfT_predicted,0.3333333333333333,2,2,GATAGGTTTTATTTGTGTGT,0,4902872
ygfS_ygfT_predicted,0.3333333333333333,2,2,GATACCACACGGCCCTGCAT,0,4901614
ygfS_ygfT_predicted,0.3333333333333333,2,2,GATACATAGTGGCCGCTGAA,0,4916889
ygfS_ygfT_predicted,0.3333333333333333,2,2,GATAAAGGTATAAATACTCA,0,4927513
ygfS_ygfT_predicted,0.3333333333333333,2,2,GATAAAAGTCCGTTGGTCTC,0,4928497
ygfS_ygfT_predicted,0.3333333333333333,2,2,GAGTTGCAGTCCCGAGGTAC,0,4908035
ygfS_ygfT_predicted,0.3333333333333333,2,2,GAGTAATAAGCGCATTCTTT,0,4902292
ygfS_ygfT_predicted,0.3333333333333333,2,2,GAGGTGGCATGGGCCTAAAG,0,4904349
ygfS_ygfT_predicted,0.3333333333333333,2,2,GAGGTGGAACGGGCCGCACT,0,4920551
ygfS_ygfT_predicted,0.3333333333333333,2,2,GAGGTACCCTCGCATTTTGC,0,4911604
ygfS_ygfT_predicted,0.3333333333333333,2,2,GAGGGGGATCACTCTCAGAC,0,4921254
ygfS_ygfT_predicted,0.3333333333333333,2,2,GAGGGGCGGGGCAGCCACTT,0,4922840
ygfS_ygfT_predicted,0.3333333333333333,2,2,GAGGATCAATATGTGGCAAC,0,4929316
ygfS_ygfT_predicted,0.3333333333333333,2,2,GAGGAACGCTTCGCGAGTGC,0,4922615
ygfS_ygfT_predicted,0.3333333333333333,2,2,GAGCGGTACATATTTCCGGT,0,4903990
ygfS_ygfT_predicted,0.3333333333333333,2,2,GAGCGAGAACTCCATGCAAA,0,4905717
ygfS_ygfT_predicted,0.3333333333333333,2,2,GAGCCTAGATCACGTCATTT,0,4913591
ygfS_ygfT_predicted,0.3333333333333333,2,2,GAGCCAATCGTCTTCTAAGA,0,4919594
ygfS_ygfT_predicted,0.3333333333333333,2,2,GAGCAAGGTGAGGGTACAGG,0,4904369
ygfS_ygfT_predicted,0.3333333333333333,2,2,GAGATTAACACTATCGAAAA,0,4926270
ygfS_ygfT_predicted,0.3333333333333333,2,2,GAGATCGACCTGACCTCACC,0,4907742
ygfS_ygfT_predicted,0.3333333333333333,2,2,GAGATCAACCCCGCTGGCCA,0,4905603
ygfS_ygfT_predicted,0.3333333333333333,2,2,GAGACTTATAAAATTCTGAA,0,4913470
ygfS_ygfT_predicted,0.3333333333333333,2,2,GAGACGCGAGGTTGTGTTTA,0,4908526
ygfS_ygfT_predicted,0.3333333333333333,2,2,GAGACAAGCTTTCCGCTTAT,0,4905622
ygfS_ygfT_predicted,0.3333333333333333,2,2,GAGAAACGATGATCTTGGGA,0,4930000
ygfS_ygfT_predicted,0.3333333333333333,2,2,GACTGTTTGAACATAAAAAA,0,4901497
ygfS_ygfT_predicted,0.3333333333333333,2,2,GACTGATCCTTTCGAGACTT,0,4915722
ygfS_ygfT_predicted,0.3333333333333333,2,2,GACTCCAGACTCTCAACCCC,0,4901137
ygfS_ygfT_predicted,0.3333333333333333,2,2,GACTAGGAAATTCTTGGCCT,0,4906018
ygfS_ygfT_predicted,0.3333333333333333,2,2,GACGCGTGTGCTGGATCCGG,0,4921929
ygfS_ygfT_predicted,0.3333333333333333,2,2,GACCTTCAACTTACGGATCT,0,4913208
ygfS_ygfT_predicted,0.3333333333333333,2,2,GACCGTTTGAAAGCGATAAG,0,4911163
ygfS_ygfT_predicted,0.3333333333333333,2,2,GACCCGTTAGTTCGAACATT,0,4900551
ygfS_ygfT_predicted,0.3333333333333333,2,2,GACCCCTTTTTGCCCCCGCT,0,4930534
ygfS_ygfT_predicted,0.3333333333333333,2,2,GACCACCCGAAAGCCCTAAC,0,4914972
ygfS_ygfT_predicted,0.3333333333333333,2,2,GACAGCCGGCGATTTACTCA,0,4908681
ygfS_ygfT_predicted,0.3333333333333333,2,2,GACACAATTGGGTCTACAAC,0,4909187
ygfS_ygfT_predicted,0.3333333333333333,2,2,GACAATTTTCGGCTAACGGT,0,4922605
ygfS_ygfT_predicted,0.3333333333333333,2,2,GACAATTGCGACACCAAAAT,0,4915144
ygfS_ygfT_predicted,0.3333333333333333,2,2,GAAGTCTTTCGGTCAGGTAT,0,4915375
ygfS_ygfT_predicted,0.3333333333333333,2,2,GAAGAAGTTAGGCATGGCTC,0,4922715
ygfS_ygfT_predicted,0.3333333333333333,2,2,GAACTAGGTAGATCGGCCTT,0,4915340
ygfS_ygfT_predicted,0.3333333333333333,2,2,GAACGTGTTCAAGCTTCGTT,0,4908729
ygfS_ygfT_predicted,0.3333333333333333,2,2,GAACCTTGGATGACGAGGTC,0,4923272
ygfS_ygfT_predicted,0.3333333333333333,2,2,GAACCTGACTTTTCGATTCG,0,4930030
ygfS_ygfT_predicted,0.3333333333333333,2,2,GAACCGCCTAGAGTCGATGA,0,4900094
ygfS_ygfT_predicted,0.3333333333333333,2,2,GAACATATCTTGCTCTGGGT,0,4909298
ygfS_ygfT_predicted,0.3333333333333333,2,2,GAACAGTCATGAGCTTGCGC,0,4914888
ygfS_ygfT_predicted,0.3333333333333333,2,2,GAACAGTAGCGAGTCCTAAA,0,4911029
ygfS_ygfT_predicted,0.3333333333333333,2,2,GAACACCGGCGACGCATGCG,0,4901028
ygfS_ygfT_predicted,0.3333333333333333,2,2,GAAATTCTCAAACTTACCTC,0,4918832
ygfS_ygfT_predicted,0.3333333333333333,2,2,GAAAGGATAAACCTGAGGGG,0,4928601
ygfS_ygfT_predicted,0.3333333333333333,2,2,CTTTTAGGGCGGCTGAGTGC,0,4900321
ygfS_ygfT_predicted,0.3333333333333333,2,2,CTTTTAAGAGACCGTACAGC,0,4903591
ygfS_ygfT_predicted,0.3333333333333333,2,2,CTTTGTCACAAATACTAAGC,0,4923169
ygfS_ygfT_predicted,0.3333333333333333,2,2,CTTTGACGTACATAGGAGGT,0,4901076
ygfS_ygfT_predicted,0.3333333333333333,2,2,CTTTCTTTCTAACGACTCTG,0,4928064
ygfS_ygfT_predicted,0.3333333333333333,2,2,CTTTATTCCGAGGGTCCGGC,0,4928890
ygfS_ygfT_predicted,0.3333333333333333,2,2,CTTTAGGTGTGTGCCATTCC,0,4905191
ygfS_ygfT_predicted,0.3333333333333333,2,2,CTTTACGATAAGCGAGGGTT,0,4922231
ygfS_ygfT_predicted,0.3333333333333333,2,2,CTTTAAAGTAAGAGGCTAAT,0,4901651
ygfS_ygfT_predicted,0.3333333333333333,2,2,CTTTAAAAGCGGAGGTACAA,0,4913611
ygfS_ygfT_predicted,0.3333333333333333,2,2,CTTGGTCTCGGGTACGCTAT,0,4906365
ygfS_ygfT_predicted,0.3333333333333333,2,2,CTTGGGGTGGCCTTTATATA,0,4903784
ygfS_ygfT_predicted,0.3333333333333333,2,2,CTTGCCGGGGCGCCCAAATA,0,4922796
ygfS_ygfT_predicted,0.3333333333333333,2,2,CTTGCAGGCGGCCGAACATA,0,4902371
ygfS_ygfT_predicted,0.3333333333333333,2,2,CTTGATGCCTGCCATCGGGT,0,4922081
ygfS_ygfT_predicted,0.3333333333333333,2,2,CTTCTGTAACTAGGTATCTG,0,4925515
ygfS_ygfT_predicted,0.3333333333333333,2,2,CTTCGGGCCTCTGCCGGTCG,0,4904693
ygfS_ygfT_predicted,0.3333333333333333,2,2,CTTCGCCCTCTTCGCACAAT,0,4928731
ygfS_ygfT_predicted,0.3333333333333333,2,2,CTTCGACTTGAGTATCTAGG,0,4915434
ygfS_ygfT_predicted,0.3333333333333333,2,2,CTTCCAACTGGTACAACGGT,0,4918009
ygfS_ygfT_predicted,0.3333333333333333,2,2,CTTAACTTGGTCATAAGAGG,0,4903583
ygfS_ygfT_predicted,0.3333333333333333,2,2,CTGTTAATGTTCTTCATAGG,0,4914642
ygfS_ygfT_predicted,0.3333333333333333,2,2,CTGTAGATATACTTCAGTAG,0,4914355
ygfS_ygfT_predicted,0.3333333333333333,2,2,CTGGTTAACTACTTTATGCT,0,4925350
ygfS_ygfT_predicted,0.3333333333333333,2,2,CTGGCAAAAGTTCGTACCTT,0,4909512
ygfS_ygfT_predicted,0.3333333333333333,2,2,CTGGATTGACGTGTTTGTTA,0,4922320
ygfS_ygfT_predicted,0.3333333333333333,2,2,CTGCTCTAGCGGCAGATTGT,0,4928386
ygfS_ygfT_predicted,0.3333333333333333,2,2,CTGCTCCGGCGCCGTGTAGA,0,4927023
ygfS_ygfT_predicted,0.3333333333333333,2,2,CTGCGCGAGAGGCTGCAATT,0,4913097
ygfS_ygfT_predicted,0.3333333333333333,2,2,CTGCGCACGGGAGCCGTCTG,0,4911325
ygfS_ygfT_predicted,0.3333333333333333,2,2,CTGCCTAAACTTAATTTCAT,0,4916956
ygfS_ygfT_predicted,0.3333333333333333,2,2,CTGATCCTAGTTATATAGAG,0,4928606
ygfS_ygfT_predicted,0.3333333333333333,2,2,CTGATCCCGCGTAACCAGTA,0,4928955
ygfS_ygfT_predicted,0.3333333333333333,2,2,CTGACCCGTGAACCGTGATA,0,4915216
ygfS_ygfT_predicted,0.3333333333333333,2,2,CTCTTTGCAATGACGCTTTG,0,4901915
ygfS_ygfT_predicted,0.3333333333333333,2,2,CTCTTCCGGTTTCACTCGTA,0,4930217
ygfS_ygfT_predicted,0.3333333333333333,2,2,CTCTCAGGATGGGGACCATA,0,4908411
ygfS_ygfT_predicted,0.3333333333333333,2,2,CTCTATTCCAATGCGATCAC,0,4921072
ygfS_ygfT_predicted,0.3333333333333333,2,2,CTCTATACCCCTCACGGGGT,0,4905366
ygfS_ygfT_predicted,0.3333333333333333,2,2,CTCGGTACCACGACAGGAGC,0,4924563
ygfS_ygfT_predicted,0.3333333333333333,2,2,CTCGGCAAACTCGCCGTCTC,0,4929292
ygfS_ygfT_predicted,0.3333333333333333,2,2,CTCGATAACCGGTCACCCAT,0,4908973
ygfS_ygfT_predicted,0.3333333333333333,2,2,CTCCTCTTGGGCAGGAAATT,0,4918757
ygfS_ygfT_predicted,0.3333333333333333,2,2,CTCCGTTTCGGTGTGACCGG,0,4924523
ygfS_ygfT_predicted,0.3333333333333333,2,2,CTCCCGCCAAATCGAAGAGT,0,4923501
ygfS_ygfT_predicted,0.3333333333333333,2,2,CTCCCCCCACACCACACTGG,0,4921538
ygfS_ygfT_predicted,0.3333333333333333,2,2,CTCATTACGCCAGGTACTAC,0,4920443
ygfS_ygfT_predicted,0.3333333333333333,2,2,CTCAGCGGCCTGACGCCAGA,0,4914166
ygfS_ygfT_predicted,0.3333333333333333,2,2,CTCAGAGTGGGGTAAAGGTA,0,4900507
ygfS_ygfT_predicted,0.3333333333333333,2,2,CTCAGAAGCTCGTCAGTGCC,0,4905434
ygfS_ygfT_predicted,0.3333333333333333,2,2,CTCACCCGTAACTATACTAT,0,4928216
ygfS_ygfT_predicted,0.3333333333333333,2,2,CTCAATCCATCAAGGGTTCG,0,4919562
ygfS_ygfT_predicted,0.3333333333333333,2,2,CTATTTCAGTAAATGGTCCT,0,4910129
ygfS_ygfT_predicted,0.3333333333333333,2,2,CTATGGCTGAAGCTTTGTTC,0,4921594
ygfS_ygfT_predicted,0.3333333333333333,2,2,CTATATGTGACTGCTTTCAG,0,4912559
ygfS_ygfT_predicted,0.3333333333333333,2,2,CTATAACACGTCATCGCCGC,0,4922345
ygfS_ygfT_predicted,0.3333333333333333,2,2,CTAGGAGATCGCTTCAGCTA,0,4931194
ygfS_ygfT_predicted,0.3333333333333333,2,2,CTAGCCAGGACTTCTTGGCC,0,4917808
ygfS_ygfT_predicted,0.3333333333333333,2,2,CTAGATGATACGACGAACCT,0,4907047
ygfS_ygfT_predicted,0.3333333333333333,2,2,CTAGAGATCATTACTGGGCA,0,4929843
ygfS_ygfT_predicted,0.3333333333333333,2,2,CTACGGTCATGTCTAATAGG,0,4928338
ygfS_ygfT_predicted,0.3333333333333333,2,2,CTACCGGCATTACCGTCAAC,0,4903296
ygfS_ygfT_predicted,0.3333333333333333,2,2,CTACAAGTGGATAAAACCCA,0,4910800
ygfS_ygfT_predicted,0.3333333333333333,2,2,CTAATGTAGATCCACTCATG,0,4915255
ygfS_ygfT_predicted,0.3333333333333333,2,2,CTAAGTCGAACGACGAGTCT,0,4913958
ygfS_ygfT_predicted,0.3333333333333333,2,2,CTAAGTCCCGTACGGGAGGT,0,4909181
ygfS_ygfT_predicted,0.3333333333333333,2,2,CTAAGCCCAAGTGTGTCAGG,0,4902028
ygfS_ygfT_predicted,0.3333333333333333,2,2,CGTTGTACAAAACAGCGACT,0,4904984
ygfS_ygfT_predicted,0.3333333333333333,2,2,CGTTCCACAACTGCCTTCGG,0,4914229
ygfS_ygfT_predicted,0.3333333333333333,2,2,CGTTATTAAAGGTAAGCACC,0,4909202
ygfS_ygfT_predicted,0.3333333333333333,2,2,CGTTATGTCTGCAAATATCG,0,4918448
ygfS_ygfT_predicted,0.3333333333333333,2,2,CGTTAGCTACGGTACTTTGG,0,4908980
ygfS_ygfT_predicted,0.3333333333333333,2,2,CGTTACCCCCTACTCTATGC,0,4917423
ygfS_ygfT_predicted,0.3333333333333333,2,2,CGTGTCTCTCAGTGGATTGT,0,4908497
ygfS_ygfT_predicted,0.3333333333333333,2,2,CGTGCTAACACCTTACGCAT,0,4918681
ygfS_ygfT_predicted,0.3333333333333333,2,2,CGTGACTCGGAAGGGAACCT,0,4913275
ygfS_ygfT_predicted,0.3333333333333333,2,2,CGTCTTTTCCTGATGGTGGG,0,4926494
ygfS_ygfT_predicted,0.3333333333333333,2,2,CGTCTGCGGAACGGTGAAAA,0,4925909
ygfS_ygfT_predicted,0.3333333333333333,2,2,CGTCTATAACGACACCCTGG,0,4913347
ygfS_ygfT_predicted,0.3333333333333333,2,2,CGTCCTCTAGACCGCGCTAA,0,4927124
ygfS_ygfT_predicted,0.3333333333333333,2,2,CGTCCGTCATGCGCAACGGT,0,4917767
ygfS_ygfT_predicted,0.3333333333333333,2,2,CGTATGTAAGAGTAAATTAT,0,4907739
ygfS_ygfT_predicted,0.3333333333333333,2,2,CGTATGGATCCAGTAACTTG,0,4904134
ygfS_ygfT_predicted,0.3333333333333333,2,2,CGTAGCAGCCGCGGCAAAGT,0,4920185
ygfS_ygfT_predicted,0.3333333333333333,2,2,CGTAATTCCACCGCACACTG,0,4910362
ygfS_ygfT_predicted,0.3333333333333333,2,2,CGTAATGGGATACCAATGGC,0,4907230
ygfS_ygfT_predicted,0.3333333333333333,2,2,CGGTTGCCTGTGTCCGCGGG,0,4900881
ygfS_ygfT_predicted,0.3333333333333333,2,2,CGGTTCGGACCGGACAAGCC,0,4908513
ygfS_ygfT_predicted,0.3333333333333333,2,2,CGGTGGGCACAACCCAGGGT,0,4918805
ygfS_ygfT_predicted,0.3333333333333333,2,2,CGGTGGCCCTATACCATACT,0,4919825
ygfS_ygfT_predicted,0.3333333333333333,2,2,CGGTCGGGAACTGGTGTTGT,0,4905587
ygfS_ygfT_predicted,0.3333333333333333,2,2,CGGTCCGTTGGGGAACAATT,0,4904076
ygfS_ygfT_predicted,0.3333333333333333,2,2,CGGTCCGAACGGACAGCGGC,0,4928051
ygfS_ygfT_predicted,0.3333333333333333,2,2,CGGTAGATTTTCTCCTAGTG,0,4928436
ygfS_ygfT_predicted,0.3333333333333333,2,2,CGGGTAAAATGAGCAGCGTT,0,4930193
ygfS_ygfT_predicted,0.3333333333333333,2,2,CGGGGGACGCGACCAAATCT,0,4902217
ygfS_ygfT_predicted,0.3333333333333333,2,2,CGGGACGCTGTGAATTCTAA,0,4913440
ygfS_ygfT_predicted,0.3333333333333333,2,2,CGGCTAATGCTCGCGTCTGT,0,4901558
ygfS_ygfT_predicted,0.3333333333333333,2,2,CGGCCCAGGTGCGCAGGGTT,0,4914146
ygfS_ygfT_predicted,0.3333333333333333,2,2,CGGCCACCAAGCCCAACGGA,0,4905947
ygfS_ygfT_predicted,0.3333333333333333,2,2,CGGCACCCAGGCCATTGATT,0,4899715
ygfS_ygfT_predicted,0.3333333333333333,2,2,CGGAGTGAGATAGCAAAGTG,0,4927302
ygfS_ygfT_predicted,0.3333333333333333,2,2,CGGAGAACGTGGAAGCCGCA,0,4918502
ygfS_ygfT_predicted,0.3333333333333333,2,2,CGGACTTCCCCGAAACACTT,0,4921045
ygfS_ygfT_predicted,0.3333333333333333,2,2,CGGACGCATGTGAGTCAGGG,0,4923090
ygfS_ygfT_predicted,0.3333333333333333,2,2,CGGACCGTCACGAGTGTGCC,0,4907304
ygfS_ygfT_predicted,0.3333333333333333,2,2,CGGAATAAGACTTGAACAGG,0,4926623
ygfS_ygfT_predicted,0.3333333333333333,2,2,CGGAAAAGTGATAGGACGCT,0,4902251
ygfS_ygfT_predicted,0.3333333333333333,2,2,CGCTTAGGCTCTCAAGCTCA,0,4923632
ygfS_ygfT_predicted,0.3333333333333333,2,2,CGCTGTGACCTAGGCACAAT,0,4921211
ygfS_ygfT_predicted,0.3333333333333333,2,2,CGCTATGCCGCATTGTAAAT,0,4904822
ygfS_ygfT_predicted,0.3333333333333333,2,2,CGCGTGCTTAGCGTTTCGCT,0,4926329
ygfS_ygfT_predicted,0.3333333333333333,2,2,CGCGTAAAGATTCTCCATTA,0,4907431
ygfS_ygfT_predicted,0.3333333333333333,2,2,CGCGCAGTGGGTCGCATCAT,0,4911401
ygfS_ygfT_predicted,0.3333333333333333,2,2,CGCGATTGTTTCTCCCGAAC,0,4930735
ygfS_ygfT_predicted,0.3333333333333333,2,2,CGCCTCCAAAAAGTGAGTGG,0,4929226
ygfS_ygfT_predicted,0.3333333333333333,2,2,CGCCGGCTGACCAGCATCAG,0,4922449
ygfS_ygfT_predicted,0.3333333333333333,2,2,CGCCCGGCCAGCCGAAGGAG,0,4922541
ygfS_ygfT_predicted,0.3333333333333333,2,2,CGCCACCCAGAGGATCAGTG,0,4903128
ygfS_ygfT_predicted,0.3333333333333333,2,2,CGCACTACCAAGAACATGTG,0,4910285
ygfS_ygfT_predicted,0.3333333333333333,2,2,CGCACGGATCTTTCTGAACC,0,4901896
ygfS_ygfT_predicted,0.3333333333333333,2,2,CGCAATGCTCAGGGATAACA,0,4930672
ygfS_ygfT_predicted,0.3333333333333333,2,2,CGCAAACGAGGCCAACAGAC,0,4900376
ygfS_ygfT_predicted,0.3333333333333333,2,2,CGATTTGGTGTCCCCGGATT,0,4916427
ygfS_ygfT_predicted,0.3333333333333333,2,2,CGATTTATCCATTGACAGGA,0,4905925
ygfS_ygfT_predicted,0.3333333333333333,2,2,CGATGGATTGATAAGAGACC,0,4906480
ygfS_ygfT_predicted,0.3333333333333333,2,2,CGATCTTTAGCGCTTAGGTT,0,4907227
ygfS_ygfT_predicted,0.3333333333333333,2,2,CGATCGTCGTTCGTATGGCA,0,4905777
ygfS_ygfT_predicted,0.3333333333333333,2,2,CGATCCCATTAAGGTCGTTA,0,4915171
ygfS_ygfT_predicted,0.3333333333333333,2,2,CGAGGTTCAGGAATCAGGAA,0,4908341
ygfS_ygfT_predicted,0.3333333333333333,2,2,CGAGGAGCTCCAGTTTTCGC,0,4926867
ygfS_ygfT_predicted,0.3333333333333333,2,2,CGAGCTCGCCTTGGTCTGGA,0,4928245
ygfS_ygfT_predicted,0.3333333333333333,2,2,CGAGCCCAGGCACGGGAAAG,0,4924102
ygfS_ygfT_predicted,0.3333333333333333,2,2,CGAGCCAATATCGCATCGCC,0,4923838
ygfS_ygfT_predicted,0.3333333333333333,2,2,CGACTTAGTAGGGACGCTCA,0,4924671
ygfS_ygfT_predicted,0.3333333333333333,2,2,CGACGTGTTGCGAGGTCGCA,0,4918550
ygfS_ygfT_predicted,0.3333333333333333,2,2,CGACAGCCGAAGATGACTGA,0,4916578
ygfS_ygfT_predicted,0.3333333333333333,2,2,CGAATAGTGTTTCGGCATCG,0,4912587
ygfS_ygfT_predicted,0.3333333333333333,2,2,CCTTCCGTAATAAATGGTTA,0,4901233
ygfS_ygfT_predicted,0.3333333333333333,2,2,CCTTAGTTTTTAGTGATTTC,0,4913631
ygfS_ygfT_predicted,0.3333333333333333,2,2,CCTGTTGCGGGGCTTCACCA,0,4905674
ygfS_ygfT_predicted,0.3333333333333333,2,2,CCTGTGTGAGCAAGTTAAGT,0,4920360
ygfS_ygfT_predicted,0.3333333333333333,2,2,CCTGTGCTCAGACCGGATCC,0,4924163
ygfS_ygfT_predicted,0.3333333333333333,2,2,CCTGTCTGATGGTGCGTCCT,0,4917033
ygfS_ygfT_predicted,0.3333333333333333,2,2,CCTGGTCAAGCGGTTGACGT,0,4904919
ygfS_ygfT_predicted,0.3333333333333333,2,2,CCTGCTCCTAAGAGCTGTCA,0,4912331
ygfS_ygfT_predicted,0.3333333333333333,2,2,CCTGCGACCCACATACGGCG,0,4921743
ygfS_ygfT_predicted,0.3333333333333333,2,2,CCTGCCAGATCGGCCCTCTT,0,4903921
ygfS_ygfT_predicted,0.3333333333333333,2,2,CCTGACCTGCGGCATTTTTT,0,4919194
ygfS_ygfT_predicted,0.3333333333333333,2,2,CCTCTTGAGAACGTGGCCAT,0,4931082
ygfS_ygfT_predicted,0.3333333333333333,2,2,CCTCTCCGGCAAGTCAGCGC,0,4913039
ygfS_ygfT_predicted,0.3333333333333333,2,2,CCTCGCTTTGTATGCGTTCG,0,4922321
ygfS_ygfT_predicted,0.3333333333333333,2,2,CCTCCTGCATAAGTATCCCG,0,4902247
ygfS_ygfT_predicted,0.3333333333333333,2,2,CCTCAAGGAGGGCTAAAGCT,0,4917376
ygfS_ygfT_predicted,0.3333333333333333,2,2,CCTATCGGGGTTTAGCGACT,0,4905780
ygfS_ygfT_predicted,0.3333333333333333,2,2,CCTAGCTCCAACACGGCCGG,0,4927869
ygfS_ygfT_predicted,0.3333333333333333,2,2,CCTACCTAAGGCTACAGTCA,0,4906522
ygfS_ygfT_predicted,0.3333333333333333,2,2,CCTACAAACGGTTGAAGAAA,0,4923731
ygfS_ygfT_predicted,0.3333333333333333,2,2,CCTAAGCCGGTTATCGCCGC,0,4910399
ygfS_ygfT_predicted,0.3333333333333333,2,2,CCTAACAGTTCAGTTGATGA,0,4919612
ygfS_ygfT_predicted,0.3333333333333333,2,2,CCGTTTTTACTGGCTCCATT,0,4900852
ygfS_ygfT_predicted,0.3333333333333333,2,2,CCGTTGTTATTTGCACATTA,0,4914835
ygfS_ygfT_predicted,0.3333333333333333,2,2,CCGTGTGGGAGTTAACCACT,0,4905423
ygfS_ygfT_predicted,0.3333333333333333,2,2,CCGTGGCCCAGGCAGCGCAT,0,4915403
ygfS_ygfT_predicted,0.3333333333333333,2,2,CCGTGCCCCCTCTGAGCATA,0,4917456
ygfS_ygfT_predicted,0.3333333333333333,2,2,CCGTCTTGGGGGATATGGCT,0,4900350
ygfS_ygfT_predicted,0.3333333333333333,2,2,CCGTCGGTTTTCGGGACGCG,0,4930798
ygfS_ygfT_predicted,0.3333333333333333,2,2,CCGTCCGCAGTTCTCTAAGA,0,4917796
ygfS_ygfT_predicted,0.3333333333333333,2,2,CCGTCCAAGTAGTATGGGTT,0,4918370
ygfS_ygfT_predicted,0.3333333333333333,2,2,CCGTCACTCTGGTGCCCAAT,0,4914103
ygfS_ygfT_predicted,0.3333333333333333,2,2,CCGTACCGGGGACTCGCCGC,0,4899878
ygfS_ygfT_predicted,0.3333333333333333,2,2,CCGGTTCGCCAATCCCGGCG,0,4899984
ygfS_ygfT_predicted,0.3333333333333333,2,2,CCGGTGGTATTCTTATGGTT,0,4923154
ygfS_ygfT_predicted,0.3333333333333333,2,2,CCGGCGTGCATCCACCCGGG,0,4918768
ygfS_ygfT_predicted,0.3333333333333333,2,2,CCGGCCCCGACAAGAAAGGT,0,4914148
ygfS_ygfT_predicted,0.3333333333333333,2,2,CCGGAATGGTATCTTATAAC,0,4915742
ygfS_ygfT_predicted,0.3333333333333333,2,2,CCGCTTAATGGTGCAGTGAG,0,4921120
ygfS_ygfT_predicted,0.3333333333333333,2,2,CCGCTCCCGATGTCATACTA,0,4926590
ygfS_ygfT_predicted,0.3333333333333333,2,2,CCGCTCCACTTTCGGTAAGA,0,4928750
ygfS_ygfT_predicted,0.3333333333333333,2,2,CCGCGGATGTCTCCACGCTT,0,4906061
ygfS_ygfT_predicted,0.3333333333333333,2,2,CCGCCTTGCCTCCTCATCGC,0,4921938
ygfS_ygfT_predicted,0.3333333333333333,2,2,CCGCCTTCGCTAAAGTGTCA,0,4912358
ygfS_ygfT_predicted,0.3333333333333333,2,2,CCGCCCCGAGCGCGTGTCAA,0,4910986
ygfS_ygfT_predicted,0.3333333333333333,2,2,CCGCCAGACACTGGTAGCGG,0,4908067
ygfS_ygfT_predicted,0.3333333333333333,2,2,CCGCATTTTCTAATAAGATT,0,4909853
ygfS_ygfT_predicted,0.3333333333333333,2,2,CCGATTAGCTCGAGTCCCCA,0,4914328
ygfS_ygfT_predicted,0.3333333333333333,2,2,CCGAGCTCGCTTAACCCTAG,0,4904506
ygfS_ygfT_predicted,0.3333333333333333,2,2,CCGACTTGCACTCCGCGGAG,0,4902873
ygfS_ygfT_predicted,0.3333333333333333,2,2,CCGAATCCTCCCAGACGGGA,0,4915348
ygfS_ygfT_predicted,0.3333333333333333,2,2,CCGAAGACTCCACTAGATTG,0,4900086
ygfS_ygfT_predicted,0.3333333333333333,2,2,CCCTTATCCAGCCCATGGAG,0,4902567
ygfS_ygfT_predicted,0.3333333333333333,2,2,CCCTGTATGGTTATCGCGTC,0,4925485
ygfS_ygfT_predicted,0.3333333333333333,2,2,CCCTCTTGTGTATGGCTTGT,0,4930807
ygfS_ygfT_predicted,0.3333333333333333,2,2,CCCTCGTGGTTTATCATGGG,0,4926273
ygfS_ygfT_predicted,0.3333333333333333,2,2,CCCTCCGTTATGTCTGTGTA,0,4922638
ygfS_ygfT_predicted,0.3333333333333333,2,2,CCCTCAGCCCATTTACATTT,0,4907612
ygfS_ygfT_predicted,0.3333333333333333,2,2,CCCTAGCTAGTTCAGCTTTA,0,4900138
ygfS_ygfT_predicted,0.3333333333333333,2,2,CCCGTTTGTCTCTATCCGAC,0,4925759
ygfS_ygfT_predicted,0.3333333333333333,2,2,CCCGTTGTCTAAGGCGCGAC,0,4928573
ygfS_ygfT_predicted,0.3333333333333333,2,2,CCCGTGTGCTCCGGATGAGG,0,4920625
ygfS_ygfT_predicted,0.3333333333333333,2,2,CCCGTGGTTTCCCGCGTCAT,0,4913034
ygfS_ygfT_predicted,0.3333333333333333,2,2,CCCGGGGGCACGGATCGGGT,0,4910484
ygfS_ygfT_predicted,0.3333333333333333,2,2,CCCGGAGAGTTTCTTCTTGA,0,4902833
ygfS_ygfT_predicted,0.3333333333333333,2,2,CCCGCAAGTAGAAGCTGAAT,0,4906682
ygfS_ygfT_predicted,0.3333333333333333,2,2,CCCCCCAAGTGAAGAGTAGT,0,4921827
ygfS_ygfT_predicted,0.3333333333333333,2,2,CCCCATCGTGATGGTTACGT,0,4922358
ygfS_ygfT_predicted,0.3333333333333333,2,2,CCCCACTGGATATAGCAGTC,0,4909080
ygfS_ygfT_predicted,0.3333333333333333,2,2,CCCATCTGAGTGGAATGTCT,0,4907383
ygfS_ygfT_predicted,0.3333333333333333,2,2,CCCACACAACAAATAGGTAA,0,4904246
ygfS_ygfT_predicted,0.3333333333333333,2,2,CCCAACCGTCGGGAATGTGT,0,4906596
ygfS_ygfT_predicted,0.3333333333333333,2,2,CCATTATAGTACTGATGTGT,0,4906128
ygfS_ygfT_predicted,0.3333333333333333,2,2,CCATGCAACTGTAAACCTTT,0,4910066
ygfS_ygfT_predicted,0.3333333333333333,2,2,CCATCTCCGAAAAGACCGCC,0,4913827
ygfS_ygfT_predicted,0.3333333333333333,2,2,CCATAGTTTATTGGAGGATA,0,4922888
ygfS_ygfT_predicted,0.3333333333333333,2,2,CCAGTTTATTTGGAATGAAA,0,4917042
ygfS_ygfT_predicted,0.3333333333333333,2,2,CCAGTTATCTACTCTCACAT,0,4926558
ygfS_ygfT_predicted,0.3333333333333333,2,2,CCAGGTCTTACGCGCGGGAG,0,4927889
ygfS_ygfT_predicted,0.3333333333333333,2,2,CCAGGGCTATCTGTTATGAA,0,4926729
ygfS_ygfT_predicted,0.3333333333333333,2,2,CCAGCAATCTGTTGATCTAT,0,4922753
ygfS_ygfT_predicted,0.3333333333333333,2,2,CCAGACCGTACTGGGGACTG,0,4930662
ygfS_ygfT_predicted,0.3333333333333333,2,2,CCACTATCGCGAGGTCTTAC,0,4906216
ygfS_ygfT_predicted,0.3333333333333333,2,2,CCACGGCCTAGCTATGCATG,0,4908932
ygfS_ygfT_predicted,0.3333333333333333,2,2,CCACGCAAACGCTGACGTGG,0,4917444
ygfS_ygfT_predicted,0.3333333333333333,2,2,CCACCATCCGCCACCACCAA,0,4929032
ygfS_ygfT_predicted,0.3333333333333333,2,2,CCACCAAGAAATCGGGCGAC,0,4905810
ygfS_ygfT_predicted,0.3333333333333333,2,2,CCACATGCCTGGCTGCCTCA,0,4908324
ygfS_ygfT_predicted,0.3333333333333333,2,2,CCACAAACGCTAGTCTTGGC,0,4917225
ygfS_ygfT_predicted,0.3333333333333333,2,2,CCAATAAGTCAGGATTACCA,0,4908438
ygfS_ygfT_predicted,0.3333333333333333,2,2,CCAAGATGGCAGATACGGGG,0,4931157
ygfS_ygfT_predicted,0.3333333333333333,2,2,CATTGTAATGCGGATTCTAC,0,4928354
ygfS_ygfT_predicted,0.3333333333333333,2,2,CATTGGTGACTGGTATAAAG,0,4907204
ygfS_ygfT_predicted,0.3333333333333333,2,2,CATTGAAGAGGCAAACTTGT,0,4913511
ygfS_ygfT_predicted,0.3333333333333333,2,2,CATTGAAACATATCCTGATC,0,4901891
ygfS_ygfT_predicted,0.3333333333333333,2,2,CATTCTCTATCACGGCTAAT,0,4918033
ygfS_ygfT_predicted,0.3333333333333333,2,2,CATGTTAACGAGGCTACGGC,0,4903574
ygfS_ygfT_predicted,0.3333333333333333,2,2,CATGTATGGAGTCGGTAAAA,0,4924096
ygfS_ygfT_predicted,0.3333333333333333,2,2,CATGGGAATTTGTCTCTTGC,0,4904904
ygfS_ygfT_predicted,0.3333333333333333,2,2,CATGGCTATGACATCGGTAG,0,4927043
ygfS_ygfT_predicted,0.3333333333333333,2,2,CATGGCCATTCCGGATTAGA,0,4911675
ygfS_ygfT_predicted,0.3333333333333333,2,2,CATGCTCATTGACCATACTG,0,4917329
ygfS_ygfT_predicted,0.3333333333333333,2,2,CATGATGTCGTCGTTAATTA,0,4930166
ygfS_ygfT_predicted,0.3333333333333333,2,2,CATGAGTACATAAAGACGTG,0,4902234
ygfS_ygfT_predicted,0.3333333333333333,2,2,CATGAGTACAGGCCGAGGGA,0,4919713
ygfS_ygfT_predicted,0.3333333333333333,2,2,CATCTTCGTTCAGACCCTTA,0,4926528
ygfS_ygfT_predicted,0.3333333333333333,2,2,CATCGGGGCGAATCAGCGCA,0,4928083
ygfS_ygfT_predicted,0.3333333333333333,2,2,CATCGAGGCGTAATGTAATC,0,4902004
ygfS_ygfT_predicted,0.3333333333333333,2,2,CATCACCGACGATAGGGCGA,0,4922972
ygfS_ygfT_predicted,0.3333333333333333,2,2,CATAGTTATTGACCCACTGA,0,4918807
ygfS_ygfT_predicted,0.3333333333333333,2,2,CATAGCGAGTCGCTGAATTA,0,4911823
ygfS_ygfT_predicted,0.3333333333333333,2,2,CATACAGTACGTCCACTTTC,0,4922016
ygfS_ygfT_predicted,0.3333333333333333,2,2,CAGTTGTAAGTCAAGTATCA,0,4924321
ygfS_ygfT_predicted,0.3333333333333333,2,2,CAGTTGGGCACAAACCGGAC,0,4919694
ygfS_ygfT_predicted,0.3333333333333333,2,2,CAGTGGGAGGGAAGATCTCT,0,4926420
ygfS_ygfT_predicted,0.3333333333333333,2,2,CAGTGGATCGTTTGCCGTAG,0,4914392
ygfS_ygfT_predicted,0.3333333333333333,2,2,CAGTGCGAGGCGGTTATATC,0,4904195
ygfS_ygfT_predicted,0.3333333333333333,2,2,CAGTCTATTCAGCCATTCCG,0,4917465
ygfS_ygfT_predicted,0.3333333333333333,2,2,CAGTCTAACTCACGACTGGT,0,4922857
ygfS_ygfT_predicted,0.3333333333333333,2,2,CAGGTCCGTGGGACCCGGAC,0,4922783
ygfS_ygfT_predicted,0.3333333333333333,2,2,CAGGGGGTACTGTGGTTTAA,0,4910037
ygfS_ygfT_predicted,0.3333333333333333,2,2,CAGGGACACTTGGTGTCTGT,0,4924125
ygfS_ygfT_predicted,0.3333333333333333,2,2,CAGGCTCGTCCAATTTAAGA,0,4910804
ygfS_ygfT_predicted,0.3333333333333333,2,2,CAGGCCCATGGAGACTCCGC,0,4920454
ygfS_ygfT_predicted,0.3333333333333333,2,2,CAGGCAGGTGGTCGTGGGAA,0,4930127
ygfS_ygfT_predicted,0.3333333333333333,2,2,CAGCGTGGCAGCCGATATGC,0,4918288
ygfS_ygfT_predicted,0.3333333333333333,2,2,CAGCATCGTATGCGTATGTA,0,4927944
ygfS_ygfT_predicted,0.3333333333333333,2,2,CAGACGTCTAGGCCTCAGCT,0,4912152
ygfS_ygfT_predicted,0.3333333333333333,2,2,CAGACGAGCCAAGCGTGCGT,0,4905339
ygfS_ygfT_predicted,0.3333333333333333,2,2,CAGAATGCGTTAAGTAAGAG,0,4910978
ygfS_ygfT_predicted,0.3333333333333333,2,2,CAGAAGAGAGTCTTAAAAGA,0,4930772
ygfS_ygfT_predicted,0.3333333333333333,2,2,CACTTGATGGCGATCCATCC,0,4931282
ygfS_ygfT_predicted,0.3333333333333333,2,2,CACTCCCGGGCTCCTACGAT,0,4920865
ygfS_ygfT_predicted,0.3333333333333333,2,2,CACTAACAGTTGTAGTTTAG,0,4906203
ygfS_ygfT_predicted,0.3333333333333333,2,2,CACGTCAATAGGGGGTAACA,0,4906416
ygfS_ygfT_predicted,0.3333333333333333,2,2,CACGTAATGGTTGCGAGCAA,0,4904810
ygfS_ygfT_predicted,0.3333333333333333,2,2,CACGGTAGACAACCTGATCC,0,4924812
ygfS_ygfT_predicted,0.3333333333333333,2,2,CACGGGGTCGTGTCGCCACA,0,4914752
ygfS_ygfT_predicted,0.3333333333333333,2,2,CACGCGCATGTTTGATTACA,0,4926733
ygfS_ygfT_predicted,0.3333333333333333,2,2,CACGCCTCAGTTCCTAAGGG,0,4908021
ygfS_ygfT_predicted,0.3333333333333333,2,2,CACGCCTACATGCATGGACC,0,4915379
ygfS_ygfT_predicted,0.3333333333333333,2,2,CACCTTGTGACAACATCCAT,0,4911450
ygfS_ygfT_predicted,0.3333333333333333,2,2,CACCTGGTTCTATTTTATAT,0,4904239
ygfS_ygfT_predicted,0.3333333333333333,2,2,CACCTGGGTTTACGTTGAGA,0,4930306
ygfS_ygfT_predicted,0.3333333333333333,2,2,CACCTGCAAGTCTCAACTCA,0,4923629
ygfS_ygfT_predicted,0.3333333333333333,2,2,CACCTAATCCGGTGCTAGCC,0,4915211
ygfS_ygfT_predicted,0.3333333333333333,2,2,CACCGCGGGCTTTAGCATTT,0,4925564
ygfS_ygfT_predicted,0.3333333333333333,2,2,CACCGAGTGGTTCGCGCAAT,0,4909018
ygfS_ygfT_predicted,0.3333333333333333,2,2,CACCAAGAAACTGACTGAAG,0,4908841
ygfS_ygfT_predicted,0.3333333333333333,2,2,CACATAAATGTCCAAAAGGT,0,4907510
ygfS_ygfT_predicted,0.3333333333333333,2,2,CACAGTGGCCATACTACGCT,0,4918951
ygfS_ygfT_predicted,0.3333333333333333,2,2,CACAGTGGAGTTGTGTCCTC,0,4911908
ygfS_ygfT_predicted,0.3333333333333333,2,2,CACAATCGCAGCCGCCTCGA,0,4901980
ygfS_ygfT_predicted,0.3333333333333333,2,2,CAATTTCACCCGTCAATGTG,0,4929989
ygfS_ygfT_predicted,0.3333333333333333,2,2,CAATAAATTGCGCAAATACT,0,4911420
ygfS_ygfT_predicted,0.3333333333333333,2,2,CAAGTCTAGTCAGTGGGCCA,0,4901578
ygfS_ygfT_predicted,0.3333333333333333,2,2,CAAGTCCGTGCGCATGGTTC,0,4923642
ygfS_ygfT_predicted,0.3333333333333333,2,2,CAAGGCGCACAGTAGTATGG,0,4927163
ygfS_ygfT_predicted,0.3333333333333333,2,2,CAAGCTAGAAAACCAGCATA,0,4911557
ygfS_ygfT_predicted,0.3333333333333333,2,2,CAAGCATCGGTGCGGTTGAA,0,4901041
ygfS_ygfT_predicted,0.3333333333333333,2,2,CAAGAGAGCCAGGGGATTGG,0,4900554
ygfS_ygfT_predicted,0.3333333333333333,2,2,CAAGACATAGGTCTTGAGTA,0,4919521
ygfS_ygfT_predicted,0.3333333333333333,2,2,CAACGTGTAAATGGGACGAT,0,4930322
ygfS_ygfT_predicted,0.3333333333333333,2,2,CAACGAGGGGAGGACCTGAT,0,4905815
ygfS_ygfT_predicted,0.3333333333333333,2,2,CAACGAGGCTAGTACGCTGA,0,4904600
ygfS_ygfT_predicted,0.3333333333333333,2,2,CAACCTGCTCACGTATGAGG,0,4919569
ygfS_ygfT_predicted,0.3333333333333333,2,2,CAACCCTATGGGTCAAATAG,0,4918891
ygfS_ygfT_predicted,0.3333333333333333,2,2,CAACACATCGGGTTTGCCAT,0,4915509
ygfS_ygfT_predicted,0.3333333333333333,2,2,CAAATAAGCCAGGACTCGTG,0,4909317
ygfS_ygfT_predicted,0.3333333333333333,2,2,CAAAGTAAAGCATGTACTTA,0,4920260
ygfS_ygfT_predicted,0.3333333333333333,2,2,CAAAGGAAGCATTCCCGTTC,0,4927353
ygfS_ygfT_predicted,0.3333333333333333,2,2,CAAAGCCCTTAGTCGGTAGT,0,4916865
ygfS_ygfT_predicted,0.3333333333333333,2,2,CAAAGACTAAGTAACTAGAA,0,4903579
ygfS_ygfT_predicted,0.3333333333333333,2,2,CAAACACGTCCCTGCCGTAA,0,4919742
ygfS_ygfT_predicted,0.3333333333333333,2,2,CAAACACAATCCATTCGTCT,0,4910750
ygfS_ygfT_predicted,0.3333333333333333,2,2,CAAACAACACATACTAACAC,0,4924709
ygfS_ygfT_predicted,0.3333333333333333,2,2,ATTTGTGTCATGATCAAATG,0,4931218
ygfS_ygfT_predicted,0.3333333333333333,2,2,ATTTGCAGACAGTCTAGATA,0,4901464
ygfS_ygfT_predicted,0.3333333333333333,2,2,ATTTCAGGCAATGGTTTCAA,0,4901323
ygfS_ygfT_predicted,0.3333333333333333,2,2,ATTTAACGGAGACGTGAGCC,0,4903964
ygfS_ygfT_predicted,0.3333333333333333,2,2,ATTGGGGTCAATTACCATCT,0,4915235
ygfS_ygfT_predicted,0.3333333333333333,2,2,ATTGGACGTGGACCGAATTC,0,4921816
ygfS_ygfT_predicted,0.3333333333333333,2,2,ATTGCGTCGTTACCTCCGGG,0,4922560
ygfS_ygfT_predicted,0.3333333333333333,2,2,ATTGCCAATGCCTTTCGTCG,0,4910954
ygfS_ygfT_predicted,0.3333333333333333,2,2,ATTGAGCCTGTGAGAGAAGT,0,4913722
ygfS_ygfT_predicted,0.3333333333333333,2,2,ATTCTTATTCAAAGATCGAT,0,4906211
ygfS_ygfT_predicted,0.3333333333333333,2,2,ATTCTCCATTCTAGTTTGGA,0,4920329
ygfS_ygfT_predicted,0.3333333333333333,2,2,ATTCGACCGCAGAAGTTGGT,0,4909921
ygfS_ygfT_predicted,0.3333333333333333,2,2,ATTCCGTGGAACTGCTTGAC,0,4926397
ygfS_ygfT_predicted,0.3333333333333333,2,2,ATTCATCTTTATACCGGCCG,0,4920906
ygfS_ygfT_predicted,0.3333333333333333,2,2,ATTCAGAAACAGTATGATTT,0,4902635
ygfS_ygfT_predicted,0.3333333333333333,2,2,ATTCAAGGGGCCAGCATCGA,0,4901154
ygfS_ygfT_predicted,0.3333333333333333,2,2,ATTCAACTCTTGTATCCACA,0,4900090
ygfS_ygfT_predicted,0.3333333333333333,2,2,ATTAGCTGACCAGGACTGAA,0,4922592
ygfS_ygfT_predicted,0.3333333333333333,2,2,ATTACGCGCGCAATTCCCCT,0,4920345
ygfS_ygfT_predicted,0.3333333333333333,2,2,ATTAATGAAGTCATAGGCTC,0,4912170
ygfS_ygfT_predicted,0.3333333333333333,2,2,ATTAAGTGTGGGAAAATCCG,0,4924813
ygfS_ygfT_predicted,0.3333333333333333,2,2,ATTAAGGACGAGGCATGTTA,0,4920552
ygfS_ygfT_predicted,0.3333333333333333,2,2,ATTAACGGCAAAGATCCGAA,0,4910797
ygfS_ygfT_predicted,0.3333333333333333,2,2,ATGTTAATCCTCGCCGTTAT,0,4899838
ygfS_ygfT_predicted,0.3333333333333333,2,2,ATGTTAACATTGTTACCTCG,0,4921185
ygfS_ygfT_predicted,0.3333333333333333,2,2,ATGTGTAATAATAGATTAAG,0,4906431
ygfS_ygfT_predicted,0.3333333333333333,2,2,ATGGTCAAGGCAGGACAAAT,0,4931158
ygfS_ygfT_predicted,0.3333333333333333,2,2,ATGGGTTTCTTACAATTTAC,0,4910053
ygfS_ygfT_predicted,0.3333333333333333,2,2,ATGGGTCGGTGAGTTTACAG,0,4926992
ygfS_ygfT_predicted,0.3333333333333333,2,2,ATGGCGTACTGAAGTCTTCA,0,4905439
ygfS_ygfT_predicted,0.3333333333333333,2,2,ATGGCCGCCGACAGTACAGT,0,4918503
ygfS_ygfT_predicted,0.3333333333333333,2,2,ATGGCCAAGCGCGGCTAGAT,0,4926315
ygfS_ygfT_predicted,0.3333333333333333,2,2,ATGGCAGCACCGCTACTTCG,0,4905828
ygfS_ygfT_predicted,0.3333333333333333,2,2,ATGCTGATGTATGACGAGGT,0,4929293
ygfS_ygfT_predicted,0.3333333333333333,2,2,ATGCGGGCTGCAAATGACGC,0,4911856
ygfS_ygfT_predicted,0.3333333333333333,2,2,ATGCGGCAAGTATTCCCACG,0,4909871
ygfS_ygfT_predicted,0.3333333333333333,2,2,ATGCGATTGTACTTTGCGAC,0,4918983
ygfS_ygfT_predicted,0.3333333333333333,2,2,ATGCCTAGACCTTACTAGAC,0,4907890
ygfS_ygfT_predicted,0.3333333333333333,2,2,ATGCCACTTGCAATCTGAAC,0,4900139
ygfS_ygfT_predicted,0.3333333333333333,2,2,ATGCCAATGCTCCGTGCGGC,0,4907621
ygfS_ygfT_predicted,0.3333333333333333,2,2,ATGAGTTTAGGACGGTGTTG,0,4923652
ygfS_ygfT_predicted,0.3333333333333333,2,2,ATGACCTTGTTCTGAGGTTA,0,4929180
ygfS_ygfT_predicted,0.3333333333333333,2,2,ATGAACTACTAATAGTTTCT,0,4913414
ygfS_ygfT_predicted,0.3333333333333333,2,2,ATCTGAATGGATTTTATTGG,0,4905836
ygfS_ygfT_predicted,0.3333333333333333,2,2,ATCTCCAGCGCCAGTACCAT,0,4918465
ygfS_ygfT_predicted,0.3333333333333333,2,2,ATCTACGGCCCGCGTACGAT,0,4918789
ygfS_ygfT_predicted,0.3333333333333333,2,2,ATCGTGGAGACCATGGAATG,0,4920203
ygfS_ygfT_predicted,0.3333333333333333,2,2,ATCGTCCCACCGTGTATCGC,0,4908071
ygfS_ygfT_predicted,0.3333333333333333,2,2,ATCGGGTTGGCTCAATCGCA,0,4902812
ygfS_ygfT_predicted,0.3333333333333333,2,2,ATCGGCTATGGAACGACGTG,0,4911124
ygfS_ygfT_predicted,0.3333333333333333,2,2,ATCGCGGGCGCGTCGTTAGA,0,4920541
ygfS_ygfT_predicted,0.3333333333333333,2,2,ATCGAGGCGCACAGTCCAGG,0,4908030
ygfS_ygfT_predicted,0.3333333333333333,2,2,ATCGACCAATCATTACCATT,0,4904471
ygfS_ygfT_predicted,0.3333333333333333,2,2,ATCCGTGTCCACTGGCGAGA,0,4919593
ygfS_ygfT_predicted,0.3333333333333333,2,2,ATCCGTCTGCGGGTTGCCAG,0,4907080
ygfS_ygfT_predicted,0.3333333333333333,2,2,ATCCGGGGCATTAAGCGTTT,0,4914322
ygfS_ygfT_predicted,0.3333333333333333,2,2,ATCCGCGACTGCAGACCTAA,0,4905171
ygfS_ygfT_predicted,0.3333333333333333,2,2,ATCCCGGATGCGGGTCTACG,0,4929161
ygfS_ygfT_predicted,0.3333333333333333,2,2,ATCCATCCTACCTCGGTAGG,0,4923303
ygfS_ygfT_predicted,0.3333333333333333,2,2,ATCCAGCCTCCGGTAGGGCG,0,4920229
ygfS_ygfT_predicted,0.3333333333333333,2,2,ATCATAGGTCACTTTTAGCT,0,4912129
ygfS_ygfT_predicted,0.3333333333333333,2,2,ATCAGACGACCTGAAGAATT,0,4915189
ygfS_ygfT_predicted,0.3333333333333333,2,2,ATCAAGGTATATGTGGACCA,0,4927762
ygfS_ygfT_predicted,0.3333333333333333,2,2,ATCAAAACCGTATAATCAAT,0,4919844
ygfS_ygfT_predicted,0.3333333333333333,2,2,ATATTCCAGGCCATCGGTTA,0,4909398
ygfS_ygfT_predicted,0.3333333333333333,2,2,ATATTATGCGTCACTCTATA,0,4902894
ygfS_ygfT_predicted,0.3333333333333333,2,2,ATATGTAGTAGGCCCCTATA,0,4901955
ygfS_ygfT_predicted,0.3333333333333333,2,2,ATATGCACCTCTCCCTCGAA,0,4928858
ygfS_ygfT_predicted,0.3333333333333333,2,2,ATATATGGGCACCATGCTTT,0,4926792
ygfS_ygfT_predicted,0.3333333333333333,2,2,ATATAATTCTTTGGCCAAGG,0,4922849
ygfS_ygfT_predicted,0.3333333333333333,2,2,ATAGTGATGTCGGATACCCT,0,4923010
ygfS_ygfT_predicted,0.3333333333333333,2,2,ATAGTCTGGGGTCGATGGAG,0,4920046
ygfS_ygfT_predicted,0.3333333333333333,2,2,ATAGGACTTAATCGTCCATG,0,4918827
ygfS_ygfT_predicted,0.3333333333333333,2,2,ATAGCTAACGGGGAGCCGCT,0,4910591
ygfS_ygfT_predicted,0.3333333333333333,2,2,ATAGACAAGAGAATTTGGCG,0,4909584
ygfS_ygfT_predicted,0.3333333333333333,2,2,ATAGAAGCTTTGCATAACAA,0,4921943
ygfS_ygfT_predicted,0.3333333333333333,2,2,ATACTCCATCATACGAGGAC,0,4914717
ygfS_ygfT_predicted,0.3333333333333333,2,2,ATACTAAGTCTCCATAGCAA,0,4909535
ygfS_ygfT_predicted,0.3333333333333333,2,2,ATACGCTAGCTCATAATCAG,0,4908261
ygfS_ygfT_predicted,0.3333333333333333,2,2,ATACCGGATCGCCGATAGGA,0,4913081
ygfS_ygfT_predicted,0.3333333333333333,2,2,ATACCGCGGGGGCGCCAACA,0,4903294
ygfS_ygfT_predicted,0.3333333333333333,2,2,ATACCGATACAGAGACTCCT,0,4903215
ygfS_ygfT_predicted,0.3333333333333333,2,2,ATACCAAATGATTACGGTTT,0,4927821
ygfS_ygfT_predicted,0.3333333333333333,2,2,ATACATCCTAGCGCTTTCTA,0,4927705
ygfS_ygfT_predicted,0.3333333333333333,2,2,ATAATTAATTGGTGACACCC,0,4925246
ygfS_ygfT_predicted,0.3333333333333333,2,2,ATAAGGAACAGATTGTTCGG,0,4907636
ygfS_ygfT_predicted,0.3333333333333333,2,2,ATAACGGTGAAAAGATGGCC,0,4907152
ygfS_ygfT_predicted,0.3333333333333333,2,2,ATAACCAAAGCGCTGCCGTC,0,4918224
ygfS_ygfT_predicted,0.3333333333333333,2,2,AGTTTAGACATGTGGTCGGG,0,4915384
ygfS_ygfT_predicted,0.3333333333333333,2,2,AGTTGACTAGGAGGTCATCC,0,4920087
ygfS_ygfT_predicted,0.3333333333333333,2,2,AGTTCGCCCGCCCAGTTACG,0,4908479
ygfS_ygfT_predicted,0.3333333333333333,2,2,AGTTCGCAGTTTCACTTAGG,0,4917417
ygfS_ygfT_predicted,0.3333333333333333,2,2,AGTTCCAACGGAGCGGTATA,0,4928141
ygfS_ygfT_predicted,0.3333333333333333,2,2,AGTTACTTGACCGGATGCTG,0,4920300
ygfS_ygfT_predicted,0.3333333333333333,2,2,AGTGTCACGGTTGACATTTT,0,4900437
ygfS_ygfT_predicted,0.3333333333333333,2,2,AGTGTATATTAGGTTCGCTG,0,4923834
ygfS_ygfT_predicted,0.3333333333333333,2,2,AGTGGTTACCAAGCTTCCGA,0,4912352
ygfS_ygfT_predicted,0.3333333333333333,2,2,AGTGGTAAAGTGATAGTAAG,0,4928515
ygfS_ygfT_predicted,0.3333333333333333,2,2,AGTGGGGCATGGAACTTGTA,0,4912356
ygfS_ygfT_predicted,0.3333333333333333,2,2,AGTGCTGCGGGTCCTCAACC,0,4915351
ygfS_ygfT_predicted,0.3333333333333333,2,2,AGTGCCCGCTTGCCTCCAAG,0,4925142
ygfS_ygfT_predicted,0.3333333333333333,2,2,AGTGCCACTTAGAATACACA,0,4919637
ygfS_ygfT_predicted,0.3333333333333333,2,2,AGTGAGTTTCTGCATCATTG,0,4923020
ygfS_ygfT_predicted,0.3333333333333333,2,2,AGTGAGCCCAGAACTGCGAA,0,4930177
ygfS_ygfT_predicted,0.3333333333333333,2,2,AGTGACAGTGAATTTGTGTC,0,4917787
ygfS_ygfT_predicted,0.3333333333333333,2,2,AGTGAACCAGCCATTTACGC,0,4921027
ygfS_ygfT_predicted,0.3333333333333333,2,2,AGTCTGGAGCAGGGGAATTC,0,4904798
ygfS_ygfT_predicted,0.3333333333333333,2,2,AGTCTGATCAGGCCATAGCG,0,4919227
ygfS_ygfT_predicted,0.3333333333333333,2,2,AGTCTACAGTGCCACAAAAT,0,4925334
ygfS_ygfT_predicted,0.3333333333333333,2,2,AGTCGTTGCAGGACTGCTAG,0,4930660
ygfS_ygfT_predicted,0.3333333333333333,2,2,AGTCGATCTGTGCAGATCCA,0,4920236
ygfS_ygfT_predicted,0.3333333333333333,2,2,AGTCCATTTCCTATGATGAT,0,4907948
ygfS_ygfT_predicted,0.3333333333333333,2,2,AGTCATGCACCGGAAAAGCA,0,4909399
ygfS_ygfT_predicted,0.3333333333333333,2,2,AGTCACTTAAATCTGCACAT,0,4926271
ygfS_ygfT_predicted,0.3333333333333333,2,2,AGTATTTTCTAGGTACCAGC,0,4918086
ygfS_ygfT_predicted,0.3333333333333333,2,2,AGTAGTTGTGCATTTCAAGA,0,4902107
ygfS_ygfT_predicted,0.3333333333333333,2,2,AGTAGTCTATACTGCTGTAT,0,4924358
ygfS_ygfT_predicted,0.3333333333333333,2,2,AGTACACGGAACCATGTAGT,0,4927685
ygfS_ygfT_predicted,0.3333333333333333,2,2,AGGTTTGCTTCTAGGGGAGT,0,4929227
ygfS_ygfT_predicted,0.3333333333333333,2,2,AGGTTGCGCCGCATATCGGA,0,4929197
ygfS_ygfT_predicted,0.3333333333333333,2,2,AGGTGTAGTCCCACGTAATT,0,4905807
ygfS_ygfT_predicted,0.3333333333333333,2,2,AGGTGCCTTCCTATCCAGGA,0,4918140
ygfS_ygfT_predicted,0.3333333333333333,2,2,AGGTCGGGCATCACACACAA,0,4927432
ygfS_ygfT_predicted,0.3333333333333333,2,2,AGGTCCGTCATTGCGTTGGA,0,4920909
ygfS_ygfT_predicted,0.3333333333333333,2,2,AGGTCCATTTACAACGCAGC,0,4923454
ygfS_ygfT_predicted,0.3333333333333333,2,2,AGGTCAGGCGTAGCATACGT,0,4905964
ygfS_ygfT_predicted,0.3333333333333333,2,2,AGGTAACGGTGGGTTAAGGC,0,4905056
ygfS_ygfT_predicted,0.3333333333333333,2,2,AGGGGTACCGCCGATGAGGA,0,4910515
ygfS_ygfT_predicted,0.3333333333333333,2,2,AGGGGACGACGCAACCCTCG,0,4925165
ygfS_ygfT_predicted,0.3333333333333333,2,2,AGGGCGAATTCTAATTCATC,0,4918396
ygfS_ygfT_predicted,0.3333333333333333,2,2,AGGGCACTGACTGCTTTAAA,0,4925843
ygfS_ygfT_predicted,0.3333333333333333,2,2,AGGGACCGCTCCCTAAGTGT,0,4918136
ygfS_ygfT_predicted,0.3333333333333333,2,2,AGGCTATGGAGGCCCATTAA,0,4921372
ygfS_ygfT_predicted,0.3333333333333333,2,2,AGGCGGCGGCACCCAAGGTA,0,4923595
ygfS_ygfT_predicted,0.3333333333333333,2,2,AGGCGATGCTTATCGGGCGA,0,4899696
ygfS_ygfT_predicted,0.3333333333333333,2,2,AGGCATACGGAACTCAGTCA,0,4914329
ygfS_ygfT_predicted,0.3333333333333333,2,2,AGGCAAAGCGGAACAGGTCA,0,4905880
ygfS_ygfT_predicted,0.3333333333333333,2,2,AGGAGGGCTCCCTGCTGCGA,0,4925714
ygfS_ygfT_predicted,0.3333333333333333,2,2,AGGAGGCAACTCTACTCTCG,0,4929051
ygfS_ygfT_predicted,0.3333333333333333,2,2,AGGACATGAGGGAGCGATTT,0,4904586
ygfS_ygfT_predicted,0.3333333333333333,2,2,AGGAACATTCGTTTAAGGCA,0,4922198
ygfS_ygfT_predicted,0.3333333333333333,2,2,AGCTTGACAAAAGTCCCCTC,0,4925349
ygfS_ygfT_predicted,0.3333333333333333,2,2,AGCTGAATCGCACGCGGAGC,0,4908463
ygfS_ygfT_predicted,0.3333333333333333,2,2,AGCTCGAAAGTGTCCAGATT,0,4909818
ygfS_ygfT_predicted,0.3333333333333333,2,2,AGCTCAGTTGCATGGAGGCC,0,4921157
ygfS_ygfT_predicted,0.3333333333333333,2,2,AGCGTTTCCGCTATCTCTTG,0,4916522
ygfS_ygfT_predicted,0.3333333333333333,2,2,AGCGAACCCCACCAATCGTT,0,4911197
ygfS_ygfT_predicted,0.3333333333333333,2,2,AGCCGACGGACTGCGGGTGG,0,4912639
ygfS_ygfT_predicted,0.3333333333333333,2,2,AGCCCTAAGGGCGGTGAAAA,0,4924336
ygfS_ygfT_predicted,0.3333333333333333,2,2,AGCCCCGCCCACTTGGTGTG,0,4916694
ygfS_ygfT_predicted,0.3333333333333333,2,2,AGCCATTTCACACTTACCCG,0,4930200
ygfS_ygfT_predicted,0.3333333333333333,2,2,AGCCAATTTGATGTGAGGGG,0,4923878
ygfS_ygfT_predicted,0.3333333333333333,2,2,AGCATTGGACACAGAGCACA,0,4899709
ygfS_ygfT_predicted,0.3333333333333333,2,2,AGCATGCGTCTTACGGGAAG,0,4908597
ygfS_ygfT_predicted,0.3333333333333333,2,2,AGCAGTTTGGGGCTCTGCGT,0,4926074
ygfS_ygfT_predicted,0.3333333333333333,2,2,AGCAGCTACAATGATGTGCA,0,4923969
ygfS_ygfT_predicted,0.3333333333333333,2,2,AGCAATTGACCGCAGTATTC,0,4922703
ygfS_ygfT_predicted,0.3333333333333333,2,2,AGCAAAACAGGCTATATAGA,0,4922662
ygfS_ygfT_predicted,0.3333333333333333,2,2,AGATTTTTTCTCAAAGAGAG,0,4921437
ygfS_ygfT_predicted,0.3333333333333333,2,2,AGATTCTGCATACTCGATGG,0,4913442
ygfS_ygfT_predicted,0.3333333333333333,2,2,AGATTAAATTTGTAGGCATA,0,4907874
ygfS_ygfT_predicted,0.3333333333333333,2,2,AGATCTAGATCTAAGATGAT,0,4923052
ygfS_ygfT_predicted,0.3333333333333333,2,2,AGAGTAAGGATTCCACTGCT,0,4906311
ygfS_ygfT_predicted,0.3333333333333333,2,2,AGAGGTATATCGAATCGCAT,0,4909929
ygfS_ygfT_predicted,0.3333333333333333,2,2,AGAGGCGCAACATTAGGCTC,0,4916111
ygfS_ygfT_predicted,0.3333333333333333,2,2,AGAGGACACTGAAGAACAGC,0,4910674
ygfS_ygfT_predicted,0.3333333333333333,2,2,AGAGCCTGGCTACGAGTAGA,0,4917932
ygfS_ygfT_predicted,0.3333333333333333,2,2,AGAGAGATAGCTCCCCCCAC,0,4910069
ygfS_ygfT_predicted,0.3333333333333333,2,2,AGACGGGTTCGAGTTGCCCA,0,4927260
ygfS_ygfT_predicted,0.3333333333333333,2,2,AGACGGACGCCTAGTTTCAC,0,4902348
ygfS_ygfT_predicted,0.3333333333333333,2,2,AGACCATAGCTCGCGAATTG,0,4911028
ygfS_ygfT_predicted,0.3333333333333333,2,2,AGACAACCTTGCACGCGGAG,0,4928979
ygfS_ygfT_predicted,0.3333333333333333,2,2,AGAATGCTGCCAAACGTCGG,0,4927660
ygfS_ygfT_predicted,0.3333333333333333,2,2,AGAAGCGCGTTCCTTGTGTG,0,4907231
ygfS_ygfT_predicted,0.3333333333333333,2,2,AGAAAAGGACTGTCAGGTAT,0,4929500
ygfS_ygfT_predicted,0.3333333333333333,2,2,ACTTTGCCTTTATCGTACGT,0,4902534
ygfS_ygfT_predicted,0.3333333333333333,2,2,ACTTCGCGGGACTCTTACGA,0,4909374
ygfS_ygfT_predicted,0.3333333333333333,2,2,ACTTATAGTGACGGGTCTCC,0,4912927
ygfS_ygfT_predicted,0.3333333333333333,2,2,ACTTAGCCAATCCTTTGGAA,0,4914829
ygfS_ygfT_predicted,0.3333333333333333,2,2,ACTTACCTTTGATCACTTTT,0,4905869
ygfS_ygfT_predicted,0.3333333333333333,2,2,ACTGGATTAGTCTCACGTCT,0,4929193
ygfS_ygfT_predicted,0.3333333333333333,2,2,ACTGCTACTGAATCGGTCTC,0,4928205
ygfS_ygfT_predicted,0.3333333333333333,2,2,ACTCTATCTAATGGCCCTTC,0,4913051
ygfS_ygfT_predicted,0.3333333333333333,2,2,ACTCTAGGTTGTGATCCCTG,0,4916287
ygfS_ygfT_predicted,0.3333333333333333,2,2,ACTCGGCTAGGCTGTCTACA,0,4903899
ygfS_ygfT_predicted,0.3333333333333333,2,2,ACTCGAGCTGTAGGCAGGGT,0,4927025
ygfS_ygfT_predicted,0.3333333333333333,2,2,ACTCATGGGTACGCTTACCC,0,4907884
ygfS_ygfT_predicted,0.3333333333333333,2,2,ACTATGCAAGTTTAGACTGC,0,4907462
ygfS_ygfT_predicted,0.3333333333333333,2,2,ACTATCTGCTTGTACCCAAG,0,4917189
ygfS_ygfT_predicted,0.3333333333333333,2,2,ACTATAGATTAACAAAATCC,0,4903034
ygfS_ygfT_predicted,0.3333333333333333,2,2,ACTACCACCCCGGTTAGCTT,0,4901340
ygfS_ygfT_predicted,0.3333333333333333,2,2,ACGTTCGCCCATATCGTGCG,0,4912697
ygfS_ygfT_predicted,0.3333333333333333,2,2,ACGTGGGGTGATGATTGGCT,0,4912139
ygfS_ygfT_predicted,0.3333333333333333,2,2,ACGTGCGGAAAATGCCATGG,0,4908915
ygfS_ygfT_predicted,0.3333333333333333,2,2,ACGTCTGCACACATTGATTA,0,4909190
ygfS_ygfT_predicted,0.3333333333333333,2,2,ACGTACTCGGAATCCTGTTG,0,4927686
ygfS_ygfT_predicted,0.3333333333333333,2,2,ACGGTGATAGAGTAGTCCGC,0,4923955
ygfS_ygfT_predicted,0.3333333333333333,2,2,ACGGTCTAGGTACGTCTAAT,0,4917222
ygfS_ygfT_predicted,0.3333333333333333,2,2,ACGGTACCACCTCTATGCCA,0,4924566
ygfS_ygfT_predicted,0.3333333333333333,2,2,ACGGGGCGGCCTGTCTCGCC,0,4901919
ygfS_ygfT_predicted,0.3333333333333333,2,2,ACGGCGAACTTAGCCGGGTT,0,4909635
ygfS_ygfT_predicted,0.3333333333333333,2,2,ACGGATACTTTGTTGGTCAC,0,4916400
ygfS_ygfT_predicted,0.3333333333333333,2,2,ACGGAACGTATATAAGTAGG,0,4910562
ygfS_ygfT_predicted,0.3333333333333333,2,2,ACGCGGGCATAGTTAAATCC,0,4929719
ygfS_ygfT_predicted,0.3333333333333333,2,2,ACGATATACGACACGTGGTA,0,4909931
ygfS_ygfT_predicted,0.3333333333333333,2,2,ACGATATAACAGATTCTAGA,0,4911519
ygfS_ygfT_predicted,0.3333333333333333,2,2,ACGAAGTGTAGGGTGAATTG,0,4906709
ygfS_ygfT_predicted,0.3333333333333333,2,2,ACGAAATGTAGTGAATTGGG,0,4919740
ygfS_ygfT_predicted,0.3333333333333333,2,2,ACCTCCTGCTACACATACGG,0,4906581
ygfS_ygfT_predicted,0.3333333333333333,2,2,ACCGTGCCTCTGGGTCGAAA,0,4925319
ygfS_ygfT_predicted,0.3333333333333333,2,2,ACCGCTCACTTTTGTTATGT,0,4929228
ygfS_ygfT_predicted,0.3333333333333333,2,2,ACCGCCTCGCCTATTCCATT,0,4931201
ygfS_ygfT_predicted,0.3333333333333333,2,2,ACCGATGGTTTCAGGCGTTA,0,4899726
ygfS_ygfT_predicted,0.3333333333333333,2,2,ACCCTTATACAATCGGCAGG,0,4909643
ygfS_ygfT_predicted,0.3333333333333333,2,2,ACCCTCGGGGGCTGGCTCCC,0,4927276
ygfS_ygfT_predicted,0.3333333333333333,2,2,ACCCCTTATACACGTAGAAG,0,4930502
ygfS_ygfT_predicted,0.3333333333333333,2,2,ACCATTTTCTGCTGCCCTGC,0,4906899
ygfS_ygfT_predicted,0.3333333333333333,2,2,ACCATGTGGTCCAGCGGTTC,0,4910415
ygfS_ygfT_predicted,0.3333333333333333,2,2,ACCATGTAATCGTTCGGTTC,0,4928201
ygfS_ygfT_predicted,0.3333333333333333,2,2,ACCAGATGTCATTCTAAGAC,0,4912715
ygfS_ygfT_predicted,0.3333333333333333,2,2,ACCACGATAACCCGAAAAAG,0,4918586
ygfS_ygfT_predicted,0.3333333333333333,2,2,ACCAAGTCACGCCGTAGACT,0,4918519
ygfS_ygfT_predicted,0.3333333333333333,2,2,ACCAACGGTTGCGTGAAATT,0,4910675
ygfS_ygfT_predicted,0.3333333333333333,2,2,ACCAAAAATTCTGGCAAGAG,0,4919295
ygfS_ygfT_predicted,0.3333333333333333,2,2,ACATGGCCCACTCATGAGGT,0,4903040
ygfS_ygfT_predicted,0.3333333333333333,2,2,ACATGCTCGCTGTTACAAAG,0,4917946
ygfS_ygfT_predicted,0.3333333333333333,2,2,ACATACCTTATGGATAGTTA,0,4910597
ygfS_ygfT_predicted,0.3333333333333333,2,2,ACAGTCGTTGCCCAATAATC,0,4922518
ygfS_ygfT_predicted,0.3333333333333333,2,2,ACAGCTCCCATTACTTGTGT,0,4900597
ygfS_ygfT_predicted,0.3333333333333333,2,2,ACAGATACTATTTATTGCCA,0,4919277
ygfS_ygfT_predicted,0.3333333333333333,2,2,ACACGATGGATACATCAGGC,0,4910527
ygfS_ygfT_predicted,0.3333333333333333,2,2,ACACCTGGGGTCCCTCGTCG,0,4928532
ygfS_ygfT_predicted,0.3333333333333333,2,2,ACACCCGGCTAGGCTTGTCT,0,4910103
ygfS_ygfT_predicted,0.3333333333333333,2,2,ACACCACACCGGTGCTGCAG,0,4925123
ygfS_ygfT_predicted,0.3333333333333333,2,2,ACACACGTTACCCGTTGATA,0,4926269
ygfS_ygfT_predicted,0.3333333333333333,2,2,ACAATAGTCCCTATAACATC,0,4901031
ygfS_ygfT_predicted,0.3333333333333333,2,2,ACAAGGCAGCGTTCGGCGTC,0,4913454
ygfS_ygfT_predicted,0.3333333333333333,2,2,ACAACTCATATGTGACACAT,0,4914996
ygfS_ygfT_predicted,0.3333333333333333,2,2,ACAAACGCTTTACGCTTCAC,0,4916138
ygfS_ygfT_predicted,0.3333333333333333,2,2,ACAAACCGCAACACCACGCC,0,4904587
ygfS_ygfT_predicted,0.3333333333333333,2,2,AATTTTAGTCGATCAAATAC,0,4915257
ygfS_ygfT_predicted,0.3333333333333333,2,2,AATTTAAAAGAATAAGAATC,0,4909365
ygfS_ygfT_predicted,0.3333333333333333,2,2,AATTGGCATACGGAAATTCA,0,4900829
ygfS_ygfT_predicted,0.3333333333333333,2,2,AATTCTCAAGCCTTTTTGGT,0,4916413
ygfS_ygfT_predicted,0.3333333333333333,2,2,AATTCGAACGTCCATTGGGG,0,4918357
ygfS_ygfT_predicted,0.3333333333333333,2,2,AATTATGTAGAATTCTTATG,0,4930855
ygfS_ygfT_predicted,0.3333333333333333,2,2,AATTAGTCAAATAGGTTTAT,0,4931360
ygfS_ygfT_predicted,0.3333333333333333,2,2,AATTACAGTAAGTGGTGTCT,0,4903845
ygfS_ygfT_predicted,0.3333333333333333,2,2,AATGCGAAGACTTGGGTTGT,0,4917017
ygfS_ygfT_predicted,0.3333333333333333,2,2,AATGCCGACGTCGGTATCAA,0,4906330
ygfS_ygfT_predicted,0.3333333333333333,2,2,AATGATTACAATAATCTTAG,0,4925733
ygfS_ygfT_predicted,0.3333333333333333,2,2,AATGAGCGGTAACATGAAAC,0,4921208
ygfS_ygfT_predicted,0.3333333333333333,2,2,AATGAGCAGCAATAGCGTAA,0,4918453
ygfS_ygfT_predicted,0.3333333333333333,2,2,AATCTCTACCGTTTAGTAAG,0,4904893
ygfS_ygfT_predicted,0.3333333333333333,2,2,AATCGTGCACTACTATTGTT,0,4922443
ygfS_ygfT_predicted,0.3333333333333333,2,2,AATATAATCGTGGTCATGGA,0,4904651
ygfS_ygfT_predicted,0.3333333333333333,2,2,AATAGAAATGCCTCTAAGTA,0,4925097
ygfS_ygfT_predicted,0.3333333333333333,2,2,AATACGTAGTCGTCAGCCAA,0,4903585
ygfS_ygfT_predicted,0.3333333333333333,2,2,AAGTGGGATGCGCGTCACTA,0,4924885
ygfS_ygfT_predicted,0.3333333333333333,2,2,AAGTCCGATACCTCCGGTAG,0,4929274
ygfS_ygfT_predicted,0.3333333333333333,2,2,AAGTCACCGGACATTTAACT,0,4927395
ygfS_ygfT_predicted,0.3333333333333333,2,2,AAGTAGAAGGCGAGAAATCG,0,4900038
ygfS_ygfT_predicted,0.3333333333333333,2,2,AAGGTAACTCTATAGTCACG,0,4915929
ygfS_ygfT_predicted,0.3333333333333333,2,2,AAGGGGCATCGTGCGAACTA,0,4921850
ygfS_ygfT_predicted,0.3333333333333333,2,2,AAGGGCATGAAACCCCTCCA,0,4909582
ygfS_ygfT_predicted,0.3333333333333333,2,2,AAGGCTCCGTGAGGGAGTAC,0,4911166
ygfS_ygfT_predicted,0.3333333333333333,2,2,AAGGCGCAGACGATTATCTT,0,4924988
ygfS_ygfT_predicted,0.3333333333333333,2,2,AAGGATCGCTGACGAGACTC,0,4929426
ygfS_ygfT_predicted,0.3333333333333333,2,2,AAGGATATCTGCACTGTCCG,0,4917340
ygfS_ygfT_predicted,0.3333333333333333,2,2,AAGGAGGGGGAGCGTATCCT,0,4922980
ygfS_ygfT_predicted,0.3333333333333333,2,2,AAGGAACAGATGAAGTCACA,0,4926025
ygfS_ygfT_predicted,0.3333333333333333,2,2,AAGCTTCGTCAAAGTTGGGG,0,4915265
ygfS_ygfT_predicted,0.3333333333333333,2,2,AAGCTCCTTGGCGGGTCACG,0,4899941
ygfS_ygfT_predicted,0.3333333333333333,2,2,AAGCTACAGCGTCGCAAATT,0,4904185
ygfS_ygfT_predicted,0.3333333333333333,2,2,AAGCCTGATAGTACTCCAGT,0,4904790
ygfS_ygfT_predicted,0.3333333333333333,2,2,AAGCCGGTTTTGAGCTTTGA,0,4916837
ygfS_ygfT_predicted,0.3333333333333333,2,2,AAGCCCTCCGCTTTCTAAAC,0,4928266
ygfS_ygfT_predicted,0.3333333333333333,2,2,AAGCATGCAATTTGGCTGTC,0,4912772
ygfS_ygfT_predicted,0.3333333333333333,2,2,AAGATGAATGGAAGACATTC,0,4915917
ygfS_ygfT_predicted,0.3333333333333333,2,2,AAGAAGTTTCTTAGGACGGT,0,4912701
ygfS_ygfT_predicted,0.3333333333333333,2,2,AAGAAAGGGATAAACAAGAC,0,4925272
ygfS_ygfT_predicted,0.3333333333333333,2,2,AACTTGATTGGTATCGGCAT,0,4917874
ygfS_ygfT_predicted,0.3333333333333333,2,2,AACTCTAATAAGTTGATTCA,0,4923389
ygfS_ygfT_predicted,0.3333333333333333,2,2,AACTCCACCTTGTCTGGCGA,0,4902649
ygfS_ygfT_predicted,0.3333333333333333,2,2,AACTATCGAGGTTGAACCTT,0,4925930
ygfS_ygfT_predicted,0.3333333333333333,2,2,AACTACGCCCCGGAAGTAGT,0,4914056
ygfS_ygfT_predicted,0.3333333333333333,2,2,AACTACCGTTCAACCGCCTA,0,4930434
ygfS_ygfT_predicted,0.3333333333333333,2,2,AACTACCCGCACAGGTTAAA,0,4928209
ygfS_ygfT_predicted,0.3333333333333333,2,2,AACGTACGAGACTCTAGCGT,0,4928074
ygfS_ygfT_predicted,0.3333333333333333,2,2,AACGGCTTTCAGATTCGCCA,0,4901981
ygfS_ygfT_predicted,0.3333333333333333,2,2,AACGGATGGGCCTTCGCGAT,0,4917941
ygfS_ygfT_predicted,0.3333333333333333,2,2,AACGATTGTGCCAGACAGGG,0,4927086
ygfS_ygfT_predicted,0.3333333333333333,2,2,AACGATTAGGGTCCGCTTGA,0,4910382
ygfS_ygfT_predicted,0.3333333333333333,2,2,AACGAGATTCGATATAATGC,0,4900532
ygfS_ygfT_predicted,0.3333333333333333,2,2,AACGAATACGAAGCCGATAA,0,4912391
ygfS_ygfT_predicted,0.3333333333333333,2,2,AACCTGAACGCGTTGCCAGG,0,4920113
ygfS_ygfT_predicted,0.3333333333333333,2,2,AACCTCCTAAACTTCCCCTA,0,4908249
ygfS_ygfT_predicted,0.3333333333333333,2,2,AACCGATTGGTTTTAACGGA,0,4919585
ygfS_ygfT_predicted,0.3333333333333333,2,2,AACCCTTTCCGCCAGCGTTG,0,4929250
ygfS_ygfT_predicted,0.3333333333333333,2,2,AACCAAACCCGGCACTCTCA,0,4899814
ygfS_ygfT_predicted,0.3333333333333333,2,2,AACATGGCTACCCGTCTGTC,0,4914278
ygfS_ygfT_predicted,0.3333333333333333,2,2,AACAGAGGGTGTCGTATATG,0,4901967
ygfS_ygfT_predicted,0.3333333333333333,2,2,AACAAGTGTGTGTCATTGGT,0,4914581
ygfS_ygfT_predicted,0.3333333333333333,2,2,AAATTACTATGAAGGCCCTT,0,4925277
ygfS_ygfT_predicted,0.3333333333333333,2,2,AAATGACTACGTAAAGCGAA,0,4926582
ygfS_ygfT_predicted,0.3333333333333333,2,2,AAATAGCGTTTTCTGGAACA,0,4927053
ygfS_ygfT_predicted,0.3333333333333333,2,2,AAATAATAGTTTGCTCTCTT,0,4924764
ygfS_ygfT_predicted,0.3333333333333333,2,2,AAATAACCGTAAAAGTCAGC,0,4912907
ygfS_ygfT_predicted,0.3333333333333333,2,2,AAAGTCGCCTATAGGAATGT,0,4922580
ygfS_ygfT_predicted,0.3333333333333333,2,2,AAAGTCATATACCTGCAGCC,0,4914069
ygfS_ygfT_predicted,0.3333333333333333,2,2,AAAGGGGTACTATATGGATT,0,4901644
ygfS_ygfT_predicted,0.3333333333333333,2,2,AAAGGATGACCAAGGTAGCT,0,4918534
ygfS_ygfT_predicted,0.3333333333333333,2,2,AAAGGAACTTATTCCTGGGT,0,4927657
ygfS_ygfT_predicted,0.3333333333333333,2,2,AAAGCTCTACGCGTCAAATC,0,4929356
ygfS_ygfT_predicted,0.3333333333333333,2,2,AAACTAGGCTAATTGAATCG,0,4905441
ygfS_ygfT_predicted,0.3333333333333333,2,2,AAAAGCATGGAAATTGGGGA,0,4918258
ygfS_ygfT_predicted,0.3333333333333333,2,2,AAAAGACTTAGCAGCTCTGG,0,4906401
ygfS_ygfT_predicted,0.3333333333333333,2,2,AAAACGTGTCTGGCAAAGAT,0,4916243
ygfS_ygfT_predicted,0.3333333333333333,2,2,AAAACGCCGCACAGGAGTAA,0,4920930
ygfS_ygfT_predicted,0.3333333333333333,2,2,AAAACGCAATTCAGCAGGAT,0,4930144
ygfS_ygfT_predicted,0.3333333333333333,2,2,AAAAATGTGGCGATTTAGCT,0,4916382
ygfS_ygfT_predicted,0.3333333333333333,2,2,AAAAAGGACGCCTAGAAAAT,0,4901007
ygfS_ygfT_predicted,0.5,1,1,TTTTTTTTTAATCCGGATGT,0,4925182
ygfS_ygfT_predicted,0.5,1,1,TTTTTTCGCAGTATTTGTAT,0,4919036
ygfS_ygfT_predicted,0.5,1,1,TTTTTGGAGGGAATCTGGGA,0,4908588
ygfS_ygfT_predicted,0.5,1,1,TTTTTGCGGGTTGGACCGTG,0,4931340
ygfS_ygfT_predicted,0.5,1,1,TTTTTATTCGGCGACGTTTT,0,4914598
ygfS_ygfT_predicted,0.5,1,1,TTTTGTTCACGAGGCCCCAC,0,4928276
ygfS_ygfT_predicted,0.5,1,1,TTTTGACAGTGGGCAGCCTT,0,4922311
ygfS_ygfT_predicted,0.5,1,1,TTTTCGTTAGAACCCACTCC,0,4906639
ygfS_ygfT_predicted,0.5,1,1,TTTTCGGAGATTCCAAGCTA,0,4900256
ygfS_ygfT_predicted,0.5,1,1,TTTTCCCTGAGAATTGGAAT,0,4927617
ygfS_ygfT_predicted,0.5,1,1,TTTTCATCGGCCCGTGGAAA,0,4919324
ygfS_ygfT_predicted,0.5,1,1,TTTTCAGTGAGGAGATTAAT,0,4908950
ygfS_ygfT_predicted,0.5,1,1,TTTTAGAAGCTAGTGTCGCC,0,4922192
ygfS_ygfT_predicted,0.5,1,1,TTTTACGATAAGGAGGAAAG,0,4914348
ygfS_ygfT_predicted,0.5,1,1,TTTGTTTGGGACGGTCTAGC,0,4921263
ygfS_ygfT_predicted,0.5,1,1,TTTGTTGCGCGTCGTACAAT,0,4917825
ygfS_ygfT_predicted,0.5,1,1,TTTGTGGCAGCAGTGACAAC,0,4915323
ygfS_ygfT_predicted,0.5,1,1,TTTGGCCGTGAGTTATGCCA,0,4904608
ygfS_ygfT_predicted,0.5,1,1,TTTGCAACACAGCTCGTGTG,0,4912530
ygfS_ygfT_predicted,0.5,1,1,TTTGAGAAACGTTGAAATGA,0,4927623
ygfS_ygfT_predicted,0.5,1,1,TTTCTTGGCGCACGAAGCTT,0,4930014
ygfS_ygfT_predicted,0.5,1,1,TTTCTGGACAAATGCGTCTT,0,4914811
ygfS_ygfT_predicted,0.5,1,1,TTTCGTACAGGTCCCGTTGG,0,4903476
ygfS_ygfT_predicted,0.5,1,1,TTTCGCCAGCACTGCCGCTT,0,4914143
ygfS_ygfT_predicted,0.5,1,1,TTTCAGTTCTCTCAAAGACA,0,4914290
ygfS_ygfT_predicted,0.5,1,1,TTTCAAGTAGTCCTAAAGGG,0,4919350
ygfS_ygfT_predicted,0.5,1,1,TTTATCTCAACTTCGAGTTT,0,4914973
ygfS_ygfT_predicted,0.5,1,1,TTTAGGTCACGGTAAAGATC,0,4928759
ygfS_ygfT_predicted,0.5,1,1,TTTAGACACCCATGGCTACA,0,4914869
ygfS_ygfT_predicted,0.5,1,1,TTTAGAAGTTAAATAAGACA,0,4909471
ygfS_ygfT_predicted,0.5,1,1,TTTACTGTTAATGTGGTTTA,0,4904470
ygfS_ygfT_predicted,0.5,1,1,TTTACTCTTGTCGATTGCGC,0,4926934
ygfS_ygfT_predicted,0.5,1,1,TTTAATAAGTCTCGGTCGCC,0,4906158
ygfS_ygfT_predicted,0.5,1,1,TTGTTATACCCCATCTTATA,0,4904450
ygfS_ygfT_predicted,0.5,1,1,TTGTCTCAAATATATACTAG,0,4902131
ygfS_ygfT_predicted,0.5,1,1,TTGTATCTTATCCCAACCCT,0,4906222
ygfS_ygfT_predicted,0.5,1,1,TTGTATCCCCTTCATTGTTT,0,4929313
ygfS_ygfT_predicted,0.5,1,1,TTGTAGCATATTAAGTGTTG,0,4904767
ygfS_ygfT_predicted,0.5,1,1,TTGTAAGTTACATGGGTTTG,0,4919854
ygfS_ygfT_predicted,0.5,1,1,TTGGTCGTGTAATGGCTTTC,0,4902137
ygfS_ygfT_predicted,0.5,1,1,TTGGTCGGTTGAGATCTTCG,0,4916113
ygfS_ygfT_predicted,0.5,1,1,TTGGGCTTCCATTCTTTCGG,0,4909599
ygfS_ygfT_predicted,0.5,1,1,TTGGGACTCCGTAATGTGTG,0,4911584
ygfS_ygfT_predicted,0.5,1,1,TTGGGAACTGTATAAGTGAC,0,4926208
ygfS_ygfT_predicted,0.5,1,1,TTGGCGAATCTCTAGGGCAG,0,4928012
ygfS_ygfT_predicted,0.5,1,1,TTGGCGAAAGTAAGGCAACT,0,4900058
ygfS_ygfT_predicted,0.5,1,1,TTGGCACACTACCAACTTCA,0,4928473
ygfS_ygfT_predicted,0.5,1,1,TTGCTGCTTGATTGTGGATC,0,4928170
ygfS_ygfT_predicted,0.5,1,1,TTGCTCGGGGTGCGCTCAAT,0,4910764
ygfS_ygfT_predicted,0.5,1,1,TTGCGGGGGGTTGCTATGGA,0,4917891
ygfS_ygfT_predicted,0.5,1,1,TTGCGGCCAAACATAATCAC,0,4922597
ygfS_ygfT_predicted,0.5,1,1,TTGCATCACTGCCTGCTGAC,0,4905120
ygfS_ygfT_predicted,0.5,1,1,TTGATTAGAACTTTCTGGAA,0,4910989
ygfS_ygfT_predicted,0.5,1,1,TTGATGTAGGTTGTTAACTT,0,4911434
ygfS_ygfT_predicted,0.5,1,1,TTGATCAATGGAATTGGCCT,0,4922360
ygfS_ygfT_predicted,0.5,1,1,TTGAGCGTGGAGGGATTGGG,0,4902757
ygfS_ygfT_predicted,0.5,1,1,TTGAGCAGGATGCGGGGGTT,0,4921932
ygfS_ygfT_predicted,0.5,1,1,TTGACCAAGCCATTGGGTGG,0,4918247
ygfS_ygfT_predicted,0.5,1,1,TTGAAAGCGACGCAGCCCTC,0,4912673
ygfS_ygfT_predicted,0.5,1,1,TTGAAAGCACAGCGGCGACG,0,4905705
ygfS_ygfT_predicted,0.5,1,1,TTGAAAATCTTTTCACTTAG,0,4925482
ygfS_ygfT_predicted,0.5,1,1,TTCTGACTAGCTGGGTTGTC,0,4916438
ygfS_ygfT_predicted,0.5,1,1,TTCTATCGGGATACATTCAG,0,4901698
ygfS_ygfT_predicted,0.5,1,1,TTCTAGTGTTTGCTAAGGCT,0,4907478
ygfS_ygfT_predicted,0.5,1,1,TTCGTGAGTGATTTCGCAAA,0,4917758
ygfS_ygfT_predicted,0.5,1,1,TTCGGTGAGGAATTACCCAT,0,4926835
ygfS_ygfT_predicted,0.5,1,1,TTCGGGAATGTCCGTTCGTT,0,4902758
ygfS_ygfT_predicted,0.5,1,1,TTCGCCGTCAAGTTAACAAA,0,4925021
ygfS_ygfT_predicted,0.5,1,1,TTCGAGTTTGCTGATTACGG,0,4924445
ygfS_ygfT_predicted,0.5,1,1,TTCCTGGGAACGAGCGCAGA,0,4908031
ygfS_ygfT_predicted,0.5,1,1,TTCCTACGGTCATAAAAGTG,0,4930602
ygfS_ygfT_predicted,0.5,1,1,TTCCGCTCGGCTGCTGGTAG,0,4911727
ygfS_ygfT_predicted,0.5,1,1,TTCCCCGAGTTGCTTACGAA,0,4903392
ygfS_ygfT_predicted,0.5,1,1,TTCATGCAAGCTCTTCTCCC,0,4928184
ygfS_ygfT_predicted,0.5,1,1,TTCATCTGACTAGCGTTTTC,0,4900729
ygfS_ygfT_predicted,0.5,1,1,TTCATACACTCCATCTGCAT,0,4920262
ygfS_ygfT_predicted,0.5,1,1,TTCAGCGGTCAGTGTCGTGA,0,4911811
ygfS_ygfT_predicted,0.5,1,1,TTCAGAAATTGAGTCGAGTG,0,4900780
ygfS_ygfT_predicted,0.5,1,1,TTCACTCACCAGATCTCCAT,0,4927225
ygfS_ygfT_predicted,0.5,1,1,TTCACGATCTCTAGGCAACT,0,4909733
ygfS_ygfT_predicted,0.5,1,1,TTCACAAGGTTGTTGGCATT,0,4916463
ygfS_ygfT_predicted,0.5,1,1,TTATTCTAATCGGTACTGAC,0,4920971
ygfS_ygfT_predicted,0.5,1,1,TTATGCGTTCGACAAGGGCG,0,4923109
ygfS_ygfT_predicted,0.5,1,1,TTATGCCGGGTTGTCGGCTA,0,4912315
ygfS_ygfT_predicted,0.5,1,1,TTATCGTTGAATGTTGGCAG,0,4900587
ygfS_ygfT_predicted,0.5,1,1,TTATCCCCACCAGGCCGACA,0,4912926
ygfS_ygfT_predicted,0.5,1,1,TTAGCAGCGAGACACCACTT,0,4919887
ygfS_ygfT_predicted,0.5,1,1,TTACGTGGCATCTGTTTTCC,0,4916456
ygfS_ygfT_predicted,0.5,1,1,TTACGTCTCGGGGCGGTGGG,0,4912969
ygfS_ygfT_predicted,0.5,1,1,TTACCTCCAGCATTAGCTGT,0,4923798
ygfS_ygfT_predicted,0.5,1,1,TTAATCAGTGTAGGTATCAA,0,4928553
ygfS_ygfT_predicted,0.5,1,1,TTAAGGTGCTGTGGGTCAGT,0,4913962
ygfS_ygfT_predicted,0.5,1,1,TTAAGGTCACAAATTTAATG,0,4900995
ygfS_ygfT_predicted,0.5,1,1,TTAAGCGTACAGCTGTTACG,0,4924598
ygfS_ygfT_predicted,0.5,1,1,TTAACAGGCACCCTGACGGT,0,4912521
ygfS_ygfT_predicted,0.5,1,1,TTAACAAGCTGGGCTAATTA,0,4918064
ygfS_ygfT_predicted,0.5,1,1,TTAAAAGCCGCGGTCTGCCT,0,4919680
ygfS_ygfT_predicted,0.5,1,1,TGTTTTTCGTCTCATGAGCA,0,4924322
ygfS_ygfT_predicted,0.5,1,1,TGTTGTTATTCGTATCATTA,0,4917325
ygfS_ygfT_predicted,0.5,1,1,TGTTCTAGTACTCATCCGGG,0,4917295
ygfS_ygfT_predicted,0.5,1,1,TGTTCACTCTAACGCTACAA,0,4929667
ygfS_ygfT_predicted,0.5,1,1,TGTTATTTGAAGCCCCCTGG,0,4919529
ygfS_ygfT_predicted,0.5,1,1,TGTGTGTCAGAATAGGGATT,0,4919656
ygfS_ygfT_predicted,0.5,1,1,TGTGTGGCTCAAGTTCGGGA,0,4927534
ygfS_ygfT_predicted,0.5,1,1,TGTGTCCGTGGCAAAGCGTT,0,4923918
ygfS_ygfT_predicted,0.5,1,1,TGTGTAGAATAGTGCCCCCG,0,4901450
ygfS_ygfT_predicted,0.5,1,1,TGTGGTCTAACGAAATGGCT,0,4909523
ygfS_ygfT_predicted,0.5,1,1,TGTGGCCCTATGGGTCGGAT,0,4901682
ygfS_ygfT_predicted,0.5,1,1,TGTGGAGTGTCCGAACACGG,0,4924945
ygfS_ygfT_predicted,0.5,1,1,TGTGAGTAGCCCAACGCTGG,0,4920934
ygfS_ygfT_predicted,0.5,1,1,TGTGACAAAGAAACGATACG,0,4902960
ygfS_ygfT_predicted,0.5,1,1,TGTCTCGAGATCCAGAAACA,0,4905949
ygfS_ygfT_predicted,0.5,1,1,TGTCGGGGGCAGAAGGTTGT,0,4901399
ygfS_ygfT_predicted,0.5,1,1,TGTCCTCTCAGTTTACAGCA,0,4917934
ygfS_ygfT_predicted,0.5,1,1,TGTCCGAGTGATTAGCCACG,0,4923870
ygfS_ygfT_predicted,0.5,1,1,TGTCCCGTTCTTTACCCACT,0,4913278
ygfS_ygfT_predicted,0.5,1,1,TGTCAGCGAGCGGCACGTTT,0,4921918
ygfS_ygfT_predicted,0.5,1,1,TGTAACGGCCGGTGTAAGCC,0,4929560
ygfS_ygfT_predicted,0.5,1,1,TGTAACAGCCGTCCTACTAT,0,4910990
ygfS_ygfT_predicted,0.5,1,1,TGGTTCAATGGCCCCCTCTA,0,4927622
ygfS_ygfT_predicted,0.5,1,1,TGGTCTCGCATTATGTACGC,0,4905656
ygfS_ygfT_predicted,0.5,1,1,TGGTCCGTCGCTGCCCCGAC,0,4921891
ygfS_ygfT_predicted,0.5,1,1,TGGTCAATGGCGCTCTCAAC,0,4930421
ygfS_ygfT_predicted,0.5,1,1,TGGTATAGGAGTTGTCGTCC,0,4907056
ygfS_ygfT_predicted,0.5,1,1,TGGTATACATTGGGAAAAAC,0,4904596
ygfS_ygfT_predicted,0.5,1,1,TGGTAAGCAAATACTCAACT,0,4900142
ygfS_ygfT_predicted,0.5,1,1,TGGTAAAGCACAAGCTGGTA,0,4911313
ygfS_ygfT_predicted,0.5,1,1,TGGGCGCCATTGCTAACAAT,0,4924834
ygfS_ygfT_predicted,0.5,1,1,TGGGATGATGTCAGATGCTC,0,4900346
ygfS_ygfT_predicted,0.5,1,1,TGGGAGGGCGGGGTCTCCTC,0,4926700
ygfS_ygfT_predicted,0.5,1,1,TGGGACCTCAAGCCTCACAT,0,4928301
ygfS_ygfT_predicted,0.5,1,1,TGGGAAAGAGTTCCACTTGG,0,4906030
ygfS_ygfT_predicted,0.5,1,1,TGGCGACCGTGCACTGCGCT,0,4914856
ygfS_ygfT_predicted,0.5,1,1,TGGCGAAATTGTGTGATTAA,0,4917439
ygfS_ygfT_predicted,0.5,1,1,TGGCCTTAGCCTCGACCCGT,0,4911945
ygfS_ygfT_predicted,0.5,1,1,TGGCCGAGTGCGGTGGCTCT,0,4908011
ygfS_ygfT_predicted,0.5,1,1,TGGCCACCCGTATCTATCGT,0,4903939
ygfS_ygfT_predicted,0.5,1,1,TGGCAATATCTTACGGCTAT,0,4915953
ygfS_ygfT_predicted,0.5,1,1,TGGCAAGGGAATTTTAGTCA,0,4920416
ygfS_ygfT_predicted,0.5,1,1,TGGATTTCTAAAACTGTGAC,0,4919503
ygfS_ygfT_predicted,0.5,1,1,TGGATGTCTAAGATCTCTCT,0,4914566
ygfS_ygfT_predicted,0.5,1,1,TGGAGCGCGCACGTAAATGT,0,4930879
ygfS_ygfT_predicted,0.5,1,1,TGGACTGGCACACGCGTCTC,0,4902383
ygfS_ygfT_predicted,0.5,1,1,TGGACCGGTGATATACCATA,0,4923000
ygfS_ygfT_predicted,0.5,1,1,TGGACAGTGTAATCCGACAT,0,4917715
ygfS_ygfT_predicted,0.5,1,1,TGGAATACCTTTAGGTTTTG,0,4931357
ygfS_ygfT_predicted,0.5,1,1,TGGAACAAGTTAAGTTGGAC,0,4909497
ygfS_ygfT_predicted,0.5,1,1,TGCTTTTAACTTGATTGGAG,0,4920338
ygfS_ygfT_predicted,0.5,1,1,TGCTGGACTTTGACGAAGGT,0,4918348
ygfS_ygfT_predicted,0.5,1,1,TGCTCGCCAGTGTACATATC,0,4923937
ygfS_ygfT_predicted,0.5,1,1,TGCGTGCTAGGTGGACTGTG,0,4928072
ygfS_ygfT_predicted,0.5,1,1,TGCGGTTTAGTTGACTACGC,0,4902011
ygfS_ygfT_predicted,0.5,1,1,TGCGGCTCATATGGGCATTG,0,4905162
ygfS_ygfT_predicted,0.5,1,1,TGCGGCCTATGGAATTATCT,0,4921999
ygfS_ygfT_predicted,0.5,1,1,TGCGGAGCGGTTTTAACAAT,0,4919060
ygfS_ygfT_predicted,0.5,1,1,TGCGCGACCTCCCTCTCAAC,0,4929220
ygfS_ygfT_predicted,0.5,1,1,TGCGCACCCGTCTCAACTCC,0,4916120
ygfS_ygfT_predicted,0.5,1,1,TGCCTTGCAGGTCCTGTAGT,0,4915488
ygfS_ygfT_predicted,0.5,1,1,TGCCTCAGACCAATGGTCTT,0,4914235
ygfS_ygfT_predicted,0.5,1,1,TGCCTAGAATCACACGAGCT,0,4917789
ygfS_ygfT_predicted,0.5,1,1,TGCCCTACACGCGTTTATAG,0,4919462
ygfS_ygfT_predicted,0.5,1,1,TGCCCAGGAGGCCATTGTCC,0,4906298
ygfS_ygfT_predicted,0.5,1,1,TGCATTGTGCTAAGATCGAG,0,4916769
ygfS_ygfT_predicted,0.5,1,1,TGCAGTTCTAGCCGGCTACT,0,4919889
ygfS_ygfT_predicted,0.5,1,1,TGCAGTGCGCAAGCATTGAC,0,4920870
ygfS_ygfT_predicted,0.5,1,1,TGCAGTGAGGTGACCTGCAA,0,4929421
ygfS_ygfT_predicted,0.5,1,1,TGCACCTCCGCACTTCATGG,0,4928286
ygfS_ygfT_predicted,0.5,1,1,TGCAAGCATCTTATCAAGCC,0,4901330
ygfS_ygfT_predicted,0.5,1,1,TGATTTAGTCGCTTGATCGC,0,4929004
ygfS_ygfT_predicted,0.5,1,1,TGATTTAGGCCGCTGCATGC,0,4924281
ygfS_ygfT_predicted,0.5,1,1,TGATTGGTGATCTTATTTAA,0,4909030
ygfS_ygfT_predicted,0.5,1,1,TGATGTAGGCTCCTGTGTAC,0,4900262
ygfS_ygfT_predicted,0.5,1,1,TGATGAGTCGGGAAACCTAC,0,4918784
ygfS_ygfT_predicted,0.5,1,1,TGATCGTACTGTAGGCGGCT,0,4903602
ygfS_ygfT_predicted,0.5,1,1,TGATATGCATGTCTCCTCGT,0,4909905
ygfS_ygfT_predicted,0.5,1,1,TGAGTCGGTCCGCGACATAG,0,4918882
ygfS_ygfT_predicted,0.5,1,1,TGAGTCCATAGTTTGGACGG,0,4910871
ygfS_ygfT_predicted,0.5,1,1,TGAGGTTATATCAGGCTTCA,0,4899928
ygfS_ygfT_predicted,0.5,1,1,TGAGGAATGCTCGCCTAGGT,0,4913259
ygfS_ygfT_predicted,0.5,1,1,TGAGAGACCGTGACGCACGT,0,4926083
ygfS_ygfT_predicted,0.5,1,1,TGACGCCCTTATGATCCAAG,0,4912225
ygfS_ygfT_predicted,0.5,1,1,TGACCTGCGCTAAGATCCTC,0,4910179
ygfS_ygfT_predicted,0.5,1,1,TGACCGTTCTAGCCACGTCT,0,4904559
ygfS_ygfT_predicted,0.5,1,1,TGACCGTCAGGACTCGAACT,0,4899965
ygfS_ygfT_predicted,0.5,1,1,TGACAGGCTTATTGGTTAGT,0,4922232
ygfS_ygfT_predicted,0.5,1,1,TGACACGGGGAAGTCTTCTT,0,4928604
ygfS_ygfT_predicted,0.5,1,1,TGACAATAAGGGGCGAGTGC,0,4903452
ygfS_ygfT_predicted,0.5,1,1,TGAATCCATGCCTACTGGCA,0,4927712
ygfS_ygfT_predicted,0.5,1,1,TGAAGGCCAGCACGCTAGTC,0,4928864
ygfS_ygfT_predicted,0.5,1,1,TGAAGCCGTAGTCTGACCAC,0,4914012
ygfS_ygfT_predicted,0.5,1,1,TGAAATGCCATTGATCGAAG,0,4929876
ygfS_ygfT_predicted,0.5,1,1,TGAAAGCGGGCGACAGACCG,0,4907509
ygfS_ygfT_predicted,0.5,1,1,TGAAAACTGCGTAAATGCTG,0,4922207
ygfS_ygfT_predicted,0.5,1,1,TGAAAACCTCGTACACTCTC,0,4906223
ygfS_ygfT_predicted,0.5,1,1,TCTTTTTATAGACGTAATCT,0,4924575
ygfS_ygfT_predicted,0.5,1,1,TCTTCGGCTATGATCTTTGA,0,4929169
ygfS_ygfT_predicted,0.5,1,1,TCTTCCCGTGCCTACTCGTT,0,4910603
ygfS_ygfT_predicted,0.5,1,1,TCTTACTTATATCATGACAG,0,4910075
ygfS_ygfT_predicted,0.5,1,1,TCTGTGTTGGGACTTAAGGT,0,4918284
ygfS_ygfT_predicted,0.5,1,1,TCTGTGATCATCGAGTATTC,0,4922801
ygfS_ygfT_predicted,0.5,1,1,TCTGGGGGAGAAAAAAGTAT,0,4929573
ygfS_ygfT_predicted,0.5,1,1,TCTGGCGGCGTTACGCATGT,0,4918570
ygfS_ygfT_predicted,0.5,1,1,TCTGGCGACGCGGGGGAAAA,0,4900211
ygfS_ygfT_predicted,0.5,1,1,TCTGCCAGTAGCAATGAGTT,0,4929558
ygfS_ygfT_predicted,0.5,1,1,TCTCTGTCTATCGCTCTATT,0,4926336
ygfS_ygfT_predicted,0.5,1,1,TCTCTGCTATGGAAGAGGGA,0,4905311
ygfS_ygfT_predicted,0.5,1,1,TCTCGTCCAAGGTCACGAAT,0,4904365
ygfS_ygfT_predicted,0.5,1,1,TCTCCAAGTCTCGTTGTGTA,0,4929562
ygfS_ygfT_predicted,0.5,1,1,TCTCCAAGCCATTCTCAAGT,0,4915213
ygfS_ygfT_predicted,0.5,1,1,TCTCACAGAGGAATCAGCAC,0,4920786
ygfS_ygfT_predicted,0.5,1,1,TCTCACAATTATCCGCTGAT,0,4919851
ygfS_ygfT_predicted,0.5,1,1,TCTATTGTACTTAACGAGGA,0,4924925
ygfS_ygfT_predicted,0.5,1,1,TCTAGGGCCTACTTACTCGA,0,4927989
ygfS_ygfT_predicted,0.5,1,1,TCTAGAGGCGACTCCTTGCT,0,4925113
ygfS_ygfT_predicted,0.5,1,1,TCTAGAACTACATACGGTTG,0,4918026
ygfS_ygfT_predicted,0.5,1,1,TCGTTCTAGCGCGCATGGCG,0,4904305
ygfS_ygfT_predicted,0.5,1,1,TCGTTCCTCAGTCTTTAAAT,0,4905405
ygfS_ygfT_predicted,0.5,1,1,TCGTGGCAGATGTCTAGTAC,0,4900230
ygfS_ygfT_predicted,0.5,1,1,TCGTGGCACAATGCGGCACT,0,4922739
ygfS_ygfT_predicted,0.5,1,1,TCGTCTTCCGTGTACGACAA,0,4903011
ygfS_ygfT_predicted,0.5,1,1,TCGTCGCTTGAGTATTGCAC,0,4904412
ygfS_ygfT_predicted,0.5,1,1,TCGTAGGACATAGCCTAGGT,0,4923658
ygfS_ygfT_predicted,0.5,1,1,TCGGTCCGGTCGGCCGTGCT,0,4904157
ygfS_ygfT_predicted,0.5,1,1,TCGGGTGCCCGGCGCTAATC,0,4911600
ygfS_ygfT_predicted,0.5,1,1,TCGGGGGGCTAGAGGCGGCT,0,4930896
ygfS_ygfT_predicted,0.5,1,1,TCGGCTCCCAATCTCAGTGT,0,4908515
ygfS_ygfT_predicted,0.5,1,1,TCGGCAGTCTCGTGTATGGT,0,4928778
ygfS_ygfT_predicted,0.5,1,1,TCGCTTATAGAAGTAGCAAG,0,4910309
ygfS_ygfT_predicted,0.5,1,1,TCGCTTAGCCCCGAGCACAG,0,4905325
ygfS_ygfT_predicted,0.5,1,1,TCGCTATGCATCCCTGTCAT,0,4916096
ygfS_ygfT_predicted,0.5,1,1,TCGCTAGAATCTCAAAAGAT,0,4919403
ygfS_ygfT_predicted,0.5,1,1,TCGCTACCTTTTACGGGGGA,0,4910293
ygfS_ygfT_predicted,0.5,1,1,TCGCGATGTTGTAAGTGAAC,0,4903376
ygfS_ygfT_predicted,0.5,1,1,TCGCCACAGCCGCCACAGGC,0,4905343
ygfS_ygfT_predicted,0.5,1,1,TCGATAAGGGGGCGGTCAAA,0,4906110
ygfS_ygfT_predicted,0.5,1,1,TCGAGTCGAGGCAAGACGGG,0,4904081
ygfS_ygfT_predicted,0.5,1,1,TCGAGACTGCGTAAATTGCG,0,4911164
ygfS_ygfT_predicted,0.5,1,1,TCGACTCTCACATGACGTGA,0,4930417
ygfS_ygfT_predicted,0.5,1,1,TCGACCATGGGTACGCATTG,0,4907481
ygfS_ygfT_predicted,0.5,1,1,TCGAACGTAGTCGAACATAA,0,4912060
ygfS_ygfT_predicted,0.5,1,1,TCCTATGGAACGAAGATCGC,0,4901654
ygfS_ygfT_predicted,0.5,1,1,TCCTATGACGCGAAGAGGTA,0,4900462
ygfS_ygfT_predicted,0.5,1,1,TCCTAAGCCCATACGCCCGT,0,4918507
ygfS_ygfT_predicted,0.5,1,1,TCCGGGAACATAGGCGGTGA,0,4925968
ygfS_ygfT_predicted,0.5,1,1,TCCGGCTGGTGGAGAATTGT,0,4902838
ygfS_ygfT_predicted,0.5,1,1,TCCGCCCCGCAAACCAAAAC,0,4901305
ygfS_ygfT_predicted,0.5,1,1,TCCGACGCTTGTAGATATCG,0,4925517
ygfS_ygfT_predicted,0.5,1,1,TCCGAACAGTGTTCAACAGT,0,4906198
ygfS_ygfT_predicted,0.5,1,1,TCCCTTCATAGAGCCGCTCT,0,4902953
ygfS_ygfT_predicted,0.5,1,1,TCCCTCTTCTCTCATTGACA,0,4913437
ygfS_ygfT_predicted,0.5,1,1,TCCCGAGGGTAATGGTCTCA,0,4930316
ygfS_ygfT_predicted,0.5,1,1,TCCCGAGCTAACCCCTCACA,0,4917636
ygfS_ygfT_predicted,0.5,1,1,TCCCGAACATAATAATTATA,0,4912988
ygfS_ygfT_predicted,0.5,1,1,TCCCCCGCCGTAATATTATC,0,4929352
ygfS_ygfT_predicted,0.5,1,1,TCCAGTGCAGTACAAACGCG,0,4915905
ygfS_ygfT_predicted,0.5,1,1,TCCAGGGGGGCCATGGTTTC,0,4927306
ygfS_ygfT_predicted,0.5,1,1,TCCAGCGCTGACTCGGATCC,0,4911854
ygfS_ygfT_predicted,0.5,1,1,TCCAGAGACAGGAGTGTTTA,0,4930935
ygfS_ygfT_predicted,0.5,1,1,TCCAGACTGGGTTTATTGTG,0,4919400
ygfS_ygfT_predicted,0.5,1,1,TCCAGAAGGGGAAGAAACAA,0,4917547
ygfS_ygfT_predicted,0.5,1,1,TCCACCGCGGTTAGAGCGCA,0,4909048
ygfS_ygfT_predicted,0.5,1,1,TCCACCAGGTTACATGGTTT,0,4927327
ygfS_ygfT_predicted,0.5,1,1,TCCAATATCGCAACATGCCG,0,4916986
ygfS_ygfT_predicted,0.5,1,1,TCCAAGACCGATTGCTGTAA,0,4929247
ygfS_ygfT_predicted,0.5,1,1,TCCAACTCAGGTACAGAAGC,0,4929830
ygfS_ygfT_predicted,0.5,1,1,TCCAAACGGCTTGGGAATCG,0,4918016
ygfS_ygfT_predicted,0.5,1,1,TCATGGAACTCTGAACGGAC,0,4899906
ygfS_ygfT_predicted,0.5,1,1,TCATGATTCCCCCAGTACGC,0,4917672
ygfS_ygfT_predicted,0.5,1,1,TCATCTGTTCCTGGGTCCAG,0,4915297
ygfS_ygfT_predicted,0.5,1,1,TCATAGTGAGAGAACTGGAC,0,4926998
ygfS_ygfT_predicted,0.5,1,1,TCATACGCGTGTGTAGAGGT,0,4923602
ygfS_ygfT_predicted,0.5,1,1,TCATAAACTCACTGAAGGTA,0,4926426
ygfS_ygfT_predicted,0.5,1,1,TCAGTGCTGGATGCACACAC,0,4925748
ygfS_ygfT_predicted,0.5,1,1,TCAGTGCACGGACCGGTGAG,0,4907026
ygfS_ygfT_predicted,0.5,1,1,TCAGTCCTAGTTTTGCTTCG,0,4920899
ygfS_ygfT_predicted,0.5,1,1,TCAGGGGAACAGCAACTCAC,0,4928015
ygfS_ygfT_predicted,0.5,1,1,TCAGGAAGGGTGTCTAGTCA,0,4925971
ygfS_ygfT_predicted,0.5,1,1,TCAGCTGCTTCCCGATGCAA,0,4907005
ygfS_ygfT_predicted,0.5,1,1,TCAGCGGCTCGTCCTTATAA,0,4926554
ygfS_ygfT_predicted,0.5,1,1,TCAGCGATGGCCGTAGTACA,0,4922950
ygfS_ygfT_predicted,0.5,1,1,TCAGCGACCATTTTTTTAGT,0,4907560
ygfS_ygfT_predicted,0.5,1,1,TCAGAAGCCTCGCAGATTAT,0,4919157
ygfS_ygfT_predicted,0.5,1,1,TCAGAACATTCTTAACGAAT,0,4912580
ygfS_ygfT_predicted,0.5,1,1,TCACGGTACAGGGGTGTGGC,0,4911754
ygfS_ygfT_predicted,0.5,1,1,TCACACTTAGTATCCTGTGC,0,4912674
ygfS_ygfT_predicted,0.5,1,1,TCACACTCGTTAACTACGTC,0,4901570
ygfS_ygfT_predicted,0.5,1,1,TCACACATAATACTTCCTTG,0,4917713
ygfS_ygfT_predicted,0.5,1,1,TCACAATGCCTATGGCCAGT,0,4903567
ygfS_ygfT_predicted,0.5,1,1,TCACAACGATAAACTAGGAT,0,4920840
ygfS_ygfT_predicted,0.5,1,1,TCAATCGGTACGCTTGCTCT,0,4928964
ygfS_ygfT_predicted,0.5,1,1,TCAAGCGGAGTGCTTATGCT,0,4910719
ygfS_ygfT_predicted,0.5,1,1,TCAACCCGAGTCGGCATTCA,0,4919098
ygfS_ygfT_predicted,0.5,1,1,TATTGTTTGGAGTCAGACTT,0,4917427
ygfS_ygfT_predicted,0.5,1,1,TATTGTCTCGCCATGCTATA,0,4903236
ygfS_ygfT_predicted,0.5,1,1,TATTGGGCGGACGTCTTAGT,0,4921137
ygfS_ygfT_predicted,0.5,1,1,TATTGAGGGCTTCCTGGTCG,0,4916979
ygfS_ygfT_predicted,0.5,1,1,TATTGAGAAATATAATTCCT,0,4903186
ygfS_ygfT_predicted,0.5,1,1,TATTCGATGCCGGGGCAGAA,0,4905040
ygfS_ygfT_predicted,0.5,1,1,TATTCCTCTGCCGCTCCGAC,0,4906105
ygfS_ygfT_predicted,0.5,1,1,TATTCATTGAACCTTGGCCC,0,4921069
ygfS_ygfT_predicted,0.5,1,1,TATTAGAATCTATAAATACT,0,4927928
ygfS_ygfT_predicted,0.5,1,1,TATGTGACTCCACACGTAAT,0,4929570
ygfS_ygfT_predicted,0.5,1,1,TATGGTCTCACTACAGATTT,0,4924051
ygfS_ygfT_predicted,0.5,1,1,TATGGAAGACGTTGAGGTAT,0,4923096
ygfS_ygfT_predicted,0.5,1,1,TATGCGATGTAGGATAAACC,0,4918771
ygfS_ygfT_predicted,0.5,1,1,TATGAGCGAGAAGCTATCAG,0,4920795
ygfS_ygfT_predicted,0.5,1,1,TATGAGCACCTGGTGGGGAT,0,4922472
ygfS_ygfT_predicted,0.5,1,1,TATCTGTTTTCACGAAGGCT,0,4906074
ygfS_ygfT_predicted,0.5,1,1,TATCTGCTTCGGCGAGTACC,0,4921585
ygfS_ygfT_predicted,0.5,1,1,TATCTCTCGTCTACAGGTCA,0,4929381
ygfS_ygfT_predicted,0.5,1,1,TATCGTGCGTACCCAAGCTT,0,4925253
ygfS_ygfT_predicted,0.5,1,1,TATCATGGCGTCTCGTCGGT,0,4921190
ygfS_ygfT_predicted,0.5,1,1,TATCAGGCAGAGGTTCTACC,0,4929938
ygfS_ygfT_predicted,0.5,1,1,TATATTCGAAAAAGTCAGTG,0,4914988
ygfS_ygfT_predicted,0.5,1,1,TATATACGCTGTATAACAAG,0,4925051
ygfS_ygfT_predicted,0.5,1,1,TATACGCCGTGCTCCACTGA,0,4905002
ygfS_ygfT_predicted,0.5,1,1,TATACCCGCCCCGAATGAGG,0,4916381
ygfS_ygfT_predicted,0.5,1,1,TATACAGTTAGAGGTCTGTC,0,4901219
ygfS_ygfT_predicted,0.5,1,1,TATAAACGCCCATGTAACGG,0,4916031
ygfS_ygfT_predicted,0.5,1,1,TAGGTTGGCGTACGGGGCCG,0,4925835
ygfS_ygfT_predicted,0.5,1,1,TAGGTCCATACAGGACTCGG,0,4903999
ygfS_ygfT_predicted,0.5,1,1,TAGGTAGTGTCAAAAGAATT,0,4906811
ygfS_ygfT_predicted,0.5,1,1,TAGGGCACTCCTAGATGCCA,0,4910513
ygfS_ygfT_predicted,0.5,1,1,TAGGGAATTCCGTCAAACAG,0,4911126
ygfS_ygfT_predicted,0.5,1,1,TAGGCTACTAGGATCCCACC,0,4907051
ygfS_ygfT_predicted,0.5,1,1,TAGGAGCAATGCATTTTCAT,0,4906196
ygfS_ygfT_predicted,0.5,1,1,TAGGAACATTGTGTGACGGT,0,4925364
ygfS_ygfT_predicted,0.5,1,1,TAGCTATTTCTACTTGGAGA,0,4899924
ygfS_ygfT_predicted,0.5,1,1,TAGCGTCAGCGTTGATTGTA,0,4922659
ygfS_ygfT_predicted,0.5,1,1,TAGCGAGAAGTATGCCGGCG,0,4902299
ygfS_ygfT_predicted,0.5,1,1,TAGCCCATCGTAGATGCCTG,0,4927101
ygfS_ygfT_predicted,0.5,1,1,TAGCATTTTACGGAGGTACA,0,4905369
ygfS_ygfT_predicted,0.5,1,1,TAGCAGTGTCCCCCGTTGGT,0,4914934
ygfS_ygfT_predicted,0.5,1,1,TAGCAGGATCTTCTAGGGCT,0,4926735
ygfS_ygfT_predicted,0.5,1,1,TAGCAATAAATGACGCAGCC,0,4923152
ygfS_ygfT_predicted,0.5,1,1,TAGCAAGTGGCTGTGTTTAT,0,4927364
ygfS_ygfT_predicted,0.5,1,1,TAGCAAATGGACCCGGTCTC,0,4922318
ygfS_ygfT_predicted,0.5,1,1,TAGATGGCCGTGAACATATG,0,4908137
ygfS_ygfT_predicted,0.5,1,1,TAGATGACGATCCCTGTCCA,0,4929809
ygfS_ygfT_predicted,0.5,1,1,TAGAGACGTGCGGTTTGCCT,0,4930624
ygfS_ygfT_predicted,0.5,1,1,TAGACGGATACTGGTAATCA,0,4915284
ygfS_ygfT_predicted,0.5,1,1,TAGACCGATAGGGCTTAGGC,0,4907454
ygfS_ygfT_predicted,0.5,1,1,TAGAACAACTCAACACGATG,0,4908521
ygfS_ygfT_predicted,0.5,1,1,TAGAACAAATCACTATAGGG,0,4919846
ygfS_ygfT_predicted,0.5,1,1,TACTTGTTGATGTAATGGAA,0,4917046
ygfS_ygfT_predicted,0.5,1,1,TACTGGACAGCGTGTTCCTA,0,4904374
ygfS_ygfT_predicted,0.5,1,1,TACTCTATAGCTGATGTGTA,0,4910453
ygfS_ygfT_predicted,0.5,1,1,TACTAGGCTTGGCGGTATGA,0,4921287
ygfS_ygfT_predicted,0.5,1,1,TACGGTACCAAACTTCACGT,0,4909470
ygfS_ygfT_predicted,0.5,1,1,TACGGGTGAGATGGCGGTAT,0,4925735
ygfS_ygfT_predicted,0.5,1,1,TACGGACTCATACGCGCGAA,0,4925343
ygfS_ygfT_predicted,0.5,1,1,TACCTCGTTAGCCTTGTATC,0,4906424
ygfS_ygfT_predicted,0.5,1,1,TACCGGGCGTGTCAGCTTAT,0,4914335
ygfS_ygfT_predicted,0.5,1,1,TACCGAGGTTCTTTCATGCA,0,4908459
ygfS_ygfT_predicted,0.5,1,1,TACCCTGTTAAAGCGGGATC,0,4917421
ygfS_ygfT_predicted,0.5,1,1,TACCCTCCCGCCGTTCTACG,0,4918390
ygfS_ygfT_predicted,0.5,1,1,TACCCCAATTTCGGGCGAGA,0,4922382
ygfS_ygfT_predicted,0.5,1,1,TACCAGTCTTCGTGGTCAAA,0,4905205
ygfS_ygfT_predicted,0.5,1,1,TACCACGTGCACGGGGGATG,0,4919990
ygfS_ygfT_predicted,0.5,1,1,TACATTCTTGCCTGTCGGAC,0,4909516
ygfS_ygfT_predicted,0.5,1,1,TACAGTCAGTCTATTCTAAC,0,4913656
ygfS_ygfT_predicted,0.5,1,1,TACACTCCTCCTGGGCCTTG,0,4903141
ygfS_ygfT_predicted,0.5,1,1,TACACGAACATCCTGTGAAG,0,4907078
ygfS_ygfT_predicted,0.5,1,1,TACAAGATTATTATCTGAGG,0,4909949
ygfS_ygfT_predicted,0.5,1,1,TACAACAACAGTAACCGTCT,0,4929964
ygfS_ygfT_predicted,0.5,1,1,TACAAAGACTACGGGTCACA,0,4925631
ygfS_ygfT_predicted,0.5,1,1,TAATTTTTTTCTAGCCGCGC,0,4902601
ygfS_ygfT_predicted,0.5,1,1,TAATTGTATTGCGCCCGGAA,0,4924480
ygfS_ygfT_predicted,0.5,1,1,TAATTGGTTGTATGTACAGA,0,4904910
ygfS_ygfT_predicted,0.5,1,1,TAATTCGTACTACGTTACCT,0,4928511
ygfS_ygfT_predicted,0.5,1,1,TAATTAGAAGCTTCGGGATA,0,4900348
ygfS_ygfT_predicted,0.5,1,1,TAATCGGCGGAGCCTTTTCA,0,4926828
ygfS_ygfT_predicted,0.5,1,1,TAATCGCTATTACAAAGCAC,0,4926772
ygfS_ygfT_predicted,0.5,1,1,TAAGAGGTATTCCTCGCGAC,0,4921654
ygfS_ygfT_predicted,0.5,1,1,TAAGAAGGAGCGGATGATTA,0,4900658
ygfS_ygfT_predicted,0.5,1,1,TAAGAAATATGCAGCTAGGA,0,4916750
ygfS_ygfT_predicted,0.5,1,1,TAACTTTCTCGTGTTCGTCA,0,4918084
ygfS_ygfT_predicted,0.5,1,1,TAACTTGTTTCAATCTATAC,0,4905030
ygfS_ygfT_predicted,0.5,1,1,TAACTCAAGCTTGCTATTGG,0,4906088
ygfS_ygfT_predicted,0.5,1,1,TAACTAGCTCCAGCAGACTT,0,4916271
ygfS_ygfT_predicted,0.5,1,1,TAACTAAGTGAAGCGGGAGC,0,4909045
ygfS_ygfT_predicted,0.5,1,1,TAACGCCGCTGGCGGCAAGG,0,4923319
ygfS_ygfT_predicted,0.5,1,1,TAACATAGGTCCCAGCCCTA,0,4907937
ygfS_ygfT_predicted,0.5,1,1,TAACAGATAGATACCATTCT,0,4924714
ygfS_ygfT_predicted,0.5,1,1,TAACAACCTGCGTACCAGTA,0,4900267
ygfS_ygfT_predicted,0.5,1,1,TAAATTAGCGGTGGTTGTAC,0,4902142
ygfS_ygfT_predicted,0.5,1,1,TAAATCTTACAAATTGCGTA,0,4904072
ygfS_ygfT_predicted,0.5,1,1,TAAATCTGACGCCTGGACGC,0,4905775
ygfS_ygfT_predicted,0.5,1,1,TAAATCATGGAGGGGCATCG,0,4905839
ygfS_ygfT_predicted,0.5,1,1,TAAATAACGTCACATAAGTA,0,4902197
ygfS_ygfT_predicted,0.5,1,1,TAAAGGGCTACTTATGCCTG,0,4928329
ygfS_ygfT_predicted,0.5,1,1,TAAAGACCTCGTTCGTGTTG,0,4902262
ygfS_ygfT_predicted,0.5,1,1,TAAACACTCGGCACGCAGGC,0,4911605
ygfS_ygfT_predicted,0.5,1,1,GTTTGTTGTCAGTGGTAACG,0,4915283
ygfS_ygfT_predicted,0.5,1,1,GTTTGTGTGGGTCGTATACT,0,4915381
ygfS_ygfT_predicted,0.5,1,1,GTTTGCACGAAGCGAAACAG,0,4904832
ygfS_ygfT_predicted,0.5,1,1,GTTTCTATTTCCGGAAAGCC,0,4912890
ygfS_ygfT_predicted,0.5,1,1,GTTTCTAGGATTCCAGGTTG,0,4924571
ygfS_ygfT_predicted,0.5,1,1,GTTTCCAGGTGTGTCCAATT,0,4909866
ygfS_ygfT_predicted,0.5,1,1,GTTGTCGGGGTTGATTCGAT,0,4918853
ygfS_ygfT_predicted,0.5,1,1,GTTGGTTGTTATGCGTTCTC,0,4907468
ygfS_ygfT_predicted,0.5,1,1,GTTGGTGGAGTTCTAGTGCA,0,4916529
ygfS_ygfT_predicted,0.5,1,1,GTTGGCAGGTTCCGTCGCAG,0,4899765
ygfS_ygfT_predicted,0.5,1,1,GTTGGAAGCTTAGTTACATG,0,4919871
ygfS_ygfT_predicted,0.5,1,1,GTTGCGGGTTTCCAGGTGTT,0,4917706
ygfS_ygfT_predicted,0.5,1,1,GTTGCCAAGGCGGAGACAAA,0,4930911
ygfS_ygfT_predicted,0.5,1,1,GTTCTTTGTTCGGTGACAGG,0,4904961
ygfS_ygfT_predicted,0.5,1,1,GTTCTTGACAATTTTGTAGT,0,4917377
ygfS_ygfT_predicted,0.5,1,1,GTTCTGGGAACCTCCGCCAC,0,4910787
ygfS_ygfT_predicted,0.5,1,1,GTTCTATCTCCGTCTCCAAG,0,4916028
ygfS_ygfT_predicted,0.5,1,1,GTTCGTCAGTTTTCCCAAGT,0,4900616
ygfS_ygfT_predicted,0.5,1,1,GTTCGTCACGCAAGGGTATT,0,4923187
ygfS_ygfT_predicted,0.5,1,1,GTTCGTAGCCGATGGGTGCA,0,4911934
ygfS_ygfT_predicted,0.5,1,1,GTTCGGCATCAAGAGTAGAC,0,4917418
ygfS_ygfT_predicted,0.5,1,1,GTTCGAAGCCATTGAGCGAG,0,4917048
ygfS_ygfT_predicted,0.5,1,1,GTTCCTTGTGAATCGAAATA,0,4912554
ygfS_ygfT_predicted,0.5,1,1,GTTCCTACCCATCTCTAATT,0,4923618
ygfS_ygfT_predicted,0.5,1,1,GTTCCATTATGCAAGAGTTA,0,4926045
ygfS_ygfT_predicted,0.5,1,1,GTTAGTGTTTGTCTAACTAC,0,4903194
ygfS_ygfT_predicted,0.5,1,1,GTTAGCTATCCCGATTGGCC,0,4916061
ygfS_ygfT_predicted,0.5,1,1,GTTACTCCTTATTGTGCGAG,0,4926258
ygfS_ygfT_predicted,0.5,1,1,GTTACCTCAATGGCCAATGG,0,4906916
ygfS_ygfT_predicted,0.5,1,1,GTTACAGGTGTAAGGTAAAG,0,4901067
ygfS_ygfT_predicted,0.5,1,1,GTGTTGGTATGCAAAGGGGA,0,4902908
ygfS_ygfT_predicted,0.5,1,1,GTGTTCTCGTGGGGAAACTA,0,4908552
ygfS_ygfT_predicted,0.5,1,1,GTGTTATGCACCGGAGTGCA,0,4912951
ygfS_ygfT_predicted,0.5,1,1,GTGTGGCATGATGAGCGAAT,0,4929287
ygfS_ygfT_predicted,0.5,1,1,GTGTCTGTCCTGCACCAGGC,0,4904772
ygfS_ygfT_predicted,0.5,1,1,GTGTAGTTGGGGAGCTTTGC,0,4911521
ygfS_ygfT_predicted,0.5,1,1,GTGTAGCAACGCGGCTCGTA,0,4899836
ygfS_ygfT_predicted,0.5,1,1,GTGTAATCTGTGGCGTCGAT,0,4930013
ygfS_ygfT_predicted,0.5,1,1,GTGTAAGACGCAGAAGGACA,0,4918151
ygfS_ygfT_predicted,0.5,1,1,GTGTAACTCCAAGTGCCTCT,0,4912966
ygfS_ygfT_predicted,0.5,1,1,GTGGGGTTTAAAACGCTCCT,0,4919696
ygfS_ygfT_predicted,0.5,1,1,GTGGGCGCCCTTAATGACAC,0,4913977
ygfS_ygfT_predicted,0.5,1,1,GTGGGAGGTGAGTCAAGATG,0,4917366
ygfS_ygfT_predicted,0.5,1,1,GTGGCGTATCTCGGCCGAGC,0,4903320
ygfS_ygfT_predicted,0.5,1,1,GTGGCACGTTCCCGCAGCAT,0,4909236
ygfS_ygfT_predicted,0.5,1,1,GTGCTTTCTTTGTGCGCGGA,0,4922222
ygfS_ygfT_predicted,0.5,1,1,GTGCTACGTTACGTCGTCAA,0,4928496
ygfS_ygfT_predicted,0.5,1,1,GTGCGACTTCTGTGTTCCGC,0,4909737
ygfS_ygfT_predicted,0.5,1,1,GTGCCATACCTTATCACTCG,0,4902818
ygfS_ygfT_predicted,0.5,1,1,GTGCAGAATCTCATGTTTTG,0,4908780
ygfS_ygfT_predicted,0.5,1,1,GTGCAAACCACTTCCTATTC,0,4928438
ygfS_ygfT_predicted,0.5,1,1,GTGATAACTCCGAGACTCAC,0,4900113
ygfS_ygfT_predicted,0.5,1,1,GTGAGTCCGATCGTTAGATG,0,4902690
ygfS_ygfT_predicted,0.5,1,1,GTGAGATGCGGCGCCGCTAC,0,4915134
ygfS_ygfT_predicted,0.5,1,1,GTGACCCGACATGTTAGATA,0,4924279
ygfS_ygfT_predicted,0.5,1,1,GTGACCATCTCTTCCAGTCG,0,4913013
ygfS_ygfT_predicted,0.5,1,1,GTGACACACTAGGCCATCAG,0,4928337
ygfS_ygfT_predicted,0.5,1,1,GTGAAGACTTGTATTGCCGG,0,4908158
ygfS_ygfT_predicted,0.5,1,1,GTGAAAGTGAATGACTCTGG,0,4920621
ygfS_ygfT_predicted,0.5,1,1,GTCTTGTGACGGCTGGTCAT,0,4929650
ygfS_ygfT_predicted,0.5,1,1,GTCTTCGTCCAGCGGACTAA,0,4917842
ygfS_ygfT_predicted,0.5,1,1,GTCTTACTCCTTCTGGAGGT,0,4929516
ygfS_ygfT_predicted,0.5,1,1,GTCTGTTACGTGCCGTGGCA,0,4923427
ygfS_ygfT_predicted,0.5,1,1,GTCTGTTACAACGCACGCTA,0,4903504
ygfS_ygfT_predicted,0.5,1,1,GTCTGTATCACCCCTACTGA,0,4901664
ygfS_ygfT_predicted,0.5,1,1,GTCTGACCCCACCGCTCTAC,0,4920723
ygfS_ygfT_predicted,0.5,1,1,GTCTCGGGGGATATGTGGAA,0,4904803
ygfS_ygfT_predicted,0.5,1,1,GTCTCCCACGGCATCGCATC,0,4929029
ygfS_ygfT_predicted,0.5,1,1,GTCTCAAGTGGGAGTTCCCA,0,4918205
ygfS_ygfT_predicted,0.5,1,1,GTCGGGCGTACGCATACTCG,0,4915363
ygfS_ygfT_predicted,0.5,1,1,GTCGGATGATAACGTTTTAT,0,4923611
ygfS_ygfT_predicted,0.5,1,1,GTCCTAACGATGAATTGGCG,0,4906543
ygfS_ygfT_predicted,0.5,1,1,GTCCGGTTAAGGCTGTGGAT,0,4906863
ygfS_ygfT_predicted,0.5,1,1,GTCCCCGAAACTGTGTCAAG,0,4922493
ygfS_ygfT_predicted,0.5,1,1,GTCATTGAGACCCGGACAGC,0,4928431
ygfS_ygfT_predicted,0.5,1,1,GTCATGTTCCTACGACGTTG,0,4922755
ygfS_ygfT_predicted,0.5,1,1,GTCAGGGTTTATGTGGATCA,0,4914133
ygfS_ygfT_predicted,0.5,1,1,GTCAGCTATCTCACGCATCC,0,4901062
ygfS_ygfT_predicted,0.5,1,1,GTCAATCATTGAGAGCACAA,0,4926122
ygfS_ygfT_predicted,0.5,1,1,GTCAAATGTAAGATAACCTA,0,4924696
ygfS_ygfT_predicted,0.5,1,1,GTATTGCGTTCACGTCAGGG,0,4926495
ygfS_ygfT_predicted,0.5,1,1,GTATTATTATCAAATAACAA,0,4916704
ygfS_ygfT_predicted,0.5,1,1,GTATTATACGTAGGAAGGCC,0,4923698
ygfS_ygfT_predicted,0.5,1,1,GTATGTTTAATCCGACGGCT,0,4916660
ygfS_ygfT_predicted,0.5,1,1,GTATGGCGCTCGCAGCGTTG,0,4908149
ygfS_ygfT_predicted,0.5,1,1,GTATGGACAGCACTGACGTC,0,4925938
ygfS_ygfT_predicted,0.5,1,1,GTATGCCTGCCCACAATGCC,0,4925846
ygfS_ygfT_predicted,0.5,1,1,GTATCCGTTGAAAGCGCTCG,0,4910920
ygfS_ygfT_predicted,0.5,1,1,GTATAGCTCGGAGTCAAGTC,0,4908263
ygfS_ygfT_predicted,0.5,1,1,GTATAGCTCGCGTGAATTAA,0,4914845
ygfS_ygfT_predicted,0.5,1,1,GTATACGATGTTTAGTCGGG,0,4922484
ygfS_ygfT_predicted,0.5,1,1,GTAGGGACTACAGAAGCTTT,0,4912594
ygfS_ygfT_predicted,0.5,1,1,GTAGCTCACAGGTAGCAGAG,0,4910235
ygfS_ygfT_predicted,0.5,1,1,GTAGCCACTAAGGAAGCTGC,0,4928598
ygfS_ygfT_predicted,0.5,1,1,GTAGAGAGGGGAGTCAGGGA,0,4909946
ygfS_ygfT_predicted,0.5,1,1,GTACTCTGCCTCACAATGTA,0,4931108
ygfS_ygfT_predicted,0.5,1,1,GTACTATGCAGTAACCGGGT,0,4928288
ygfS_ygfT_predicted,0.5,1,1,GTACGGGCCCGTAGGAAGAT,0,4926963
ygfS_ygfT_predicted,0.5,1,1,GTACATTCACTGATATTTAA,0,4922499
ygfS_ygfT_predicted,0.5,1,1,GTACATCATTGTCGTTTATA,0,4908906
ygfS_ygfT_predicted,0.5,1,1,GTACACGGTTCGGTCCAGGG,0,4922030
ygfS_ygfT_predicted,0.5,1,1,GTAAGCTAAATGTTGACGCA,0,4909033
ygfS_ygfT_predicted,0.5,1,1,GTAAGCCCTAGTTGGGGCCG,0,4900367
ygfS_ygfT_predicted,0.5,1,1,GTAACTCAAATGAGTCGTTG,0,4921605
ygfS_ygfT_predicted,0.5,1,1,GTAACAGTGTTTAGTTGTGG,0,4921806
ygfS_ygfT_predicted,0.5,1,1,GTAACAATTCATAATCGTCT,0,4909942
ygfS_ygfT_predicted,0.5,1,1,GTAAAGTGCTTGCACAATGA,0,4930514
ygfS_ygfT_predicted,0.5,1,1,GTAAAGAGGGGATAGCTCAC,0,4919349
ygfS_ygfT_predicted,0.5,1,1,GTAAAGAGGCTTCTATACAT,0,4915737
ygfS_ygfT_predicted,0.5,1,1,GGTTTGCGCTGGGTCACAAA,0,4915728
ygfS_ygfT_predicted,0.5,1,1,GGTTGCTCGTAGTCCCCTAG,0,4911676
ygfS_ygfT_predicted,0.5,1,1,GGTTCCCGCCTCTTATGCTT,0,4924029
ygfS_ygfT_predicted,0.5,1,1,GGTTAGTTATGTGCGTGGCA,0,4904788
ygfS_ygfT_predicted,0.5,1,1,GGTTACTTTAGGGAACTCTA,0,4917618
ygfS_ygfT_predicted,0.5,1,1,GGTGCTTAGGCAAAATTAAT,0,4910907
ygfS_ygfT_predicted,0.5,1,1,GGTGCTGAACCCAGAGCGGT,0,4901920
ygfS_ygfT_predicted,0.5,1,1,GGTGCCGTTAGATAGGCCTT,0,4912922
ygfS_ygfT_predicted,0.5,1,1,GGTGACTGGTCTGGCGGTGA,0,4912323
ygfS_ygfT_predicted,0.5,1,1,GGTGAAAGGTCCTGTGCGTC,0,4919081
ygfS_ygfT_predicted,0.5,1,1,GGTCTGCACGACGGAGCGAG,0,4912038
ygfS_ygfT_predicted,0.5,1,1,GGTCTACGATCTTCGTTTAC,0,4919305
ygfS_ygfT_predicted,0.5,1,1,GGTCGCTCATCTACGGATAT,0,4912187
ygfS_ygfT_predicted,0.5,1,1,GGTCGAACTTGCTGTTAAAT,0,4904673
ygfS_ygfT_predicted,0.5,1,1,GGTCGAACAATGATGAGATT,0,4924404
ygfS_ygfT_predicted,0.5,1,1,GGTCCGAAGTTGTAAAATCA,0,4917673
ygfS_ygfT_predicted,0.5,1,1,GGTCATGTCCGTCGGATTTC,0,4922685
ygfS_ygfT_predicted,0.5,1,1,GGTCAAATCCCCCTGTGGGA,0,4928865
ygfS_ygfT_predicted,0.5,1,1,GGTATTCGGAGGATTAAGTT,0,4919209
ygfS_ygfT_predicted,0.5,1,1,GGTATGGTTAGATGAAAACT,0,4903614
ygfS_ygfT_predicted,0.5,1,1,GGTATGGATTTCCCTTAAAG,0,4923530
ygfS_ygfT_predicted,0.5,1,1,GGTAGTCGTTGTGTATCGTC,0,4901016
ygfS_ygfT_predicted,0.5,1,1,GGTAGTCATGTGAGTTCTGT,0,4921645
ygfS_ygfT_predicted,0.5,1,1,GGTAGACGTACTCTATAATT,0,4914842
ygfS_ygfT_predicted,0.5,1,1,GGTACGCATTACCACGACGT,0,4923250
ygfS_ygfT_predicted,0.5,1,1,GGTACCCTTGCAGCCGAGCT,0,4922471
ygfS_ygfT_predicted,0.5,1,1,GGTAAGTTTACACCCGCATT,0,4911452
ygfS_ygfT_predicted,0.5,1,1,GGTAAGTGTGGGGGGGGTTC,0,4926456
ygfS_ygfT_predicted,0.5,1,1,GGGTTTACACTCTTGCCACT,0,4921896
ygfS_ygfT_predicted,0.5,1,1,GGGTTCTTTAGGTAAGATTA,0,4926062
ygfS_ygfT_predicted,0.5,1,1,GGGTTCGTAACTTGCAAGTA,0,4921212
ygfS_ygfT_predicted,0.5,1,1,GGGTTAGTGTCTCGTGCGTA,0,4929395
ygfS_ygfT_predicted,0.5,1,1,GGGTTAAAAAAGGCGCTCAT,0,4922193
ygfS_ygfT_predicted,0.5,1,1,GGGTGCTAGTGCGGGTACTC,0,4899968
ygfS_ygfT_predicted,0.5,1,1,GGGTCCTGTAGATATGGGCT,0,4901914
ygfS_ygfT_predicted,0.5,1,1,GGGTCCGTGTGTGTCCGCGA,0,4913322
ygfS_ygfT_predicted,0.5,1,1,GGGTAGTTTTGGCCTTAAGG,0,4928674
ygfS_ygfT_predicted,0.5,1,1,GGGTAAGCAGTGGTGCGCCT,0,4930479
ygfS_ygfT_predicted,0.5,1,1,GGGGTGGGTACTGTACCGTT,0,4924460
ygfS_ygfT_predicted,0.5,1,1,GGGGTCAATTTGTGAGCGGC,0,4904295
ygfS_ygfT_predicted,0.5,1,1,GGGGTAAGCTGTAGGCGGTT,0,4908966
ygfS_ygfT_predicted,0.5,1,1,GGGGGTGAGTGCAAGGCTAT,0,4913858
ygfS_ygfT_predicted,0.5,1,1,GGGGGCGACCTAACCCGCCA,0,4904069
ygfS_ygfT_predicted,0.5,1,1,GGGGCTTGTTAGAGCTTCGG,0,4923135
ygfS_ygfT_predicted,0.5,1,1,GGGGCTCTACCCATCCAAAT,0,4918897
ygfS_ygfT_predicted,0.5,1,1,GGGGCTCCTAGACCGAATGT,0,4928075
ygfS_ygfT_predicted,0.5,1,1,GGGGCGGAAGGGACACCAAT,0,4901741
ygfS_ygfT_predicted,0.5,1,1,GGGGCCATAGTCTTCAGTTT,0,4913409
ygfS_ygfT_predicted,0.5,1,1,GGGGCACCAGATTTGCTTAG,0,4911077
ygfS_ygfT_predicted,0.5,1,1,GGGGAGTCTTCCGTTCGCAG,0,4929953
ygfS_ygfT_predicted,0.5,1,1,GGGGAGAGGTGTTCATGCAG,0,4904487
ygfS_ygfT_predicted,0.5,1,1,GGGGAGACTCCCGGCTTCGC,0,4912141
ygfS_ygfT_predicted,0.5,1,1,GGGGAATGGGTGTAGCCCTT,0,4911129
ygfS_ygfT_predicted,0.5,1,1,GGGCTTAGGACCCCTATCGT,0,4903538
ygfS_ygfT_predicted,0.5,1,1,GGGCTAGCGAGAGCTCTCGA,0,4912189
ygfS_ygfT_predicted,0.5,1,1,GGGCTACGGATGGTCAGGCT,0,4928613
ygfS_ygfT_predicted,0.5,1,1,GGGCGATGGTGGCTCTATTG,0,4927664
ygfS_ygfT_predicted,0.5,1,1,GGGCGACCGTGGGTATACGT,0,4930665
ygfS_ygfT_predicted,0.5,1,1,GGGCCGGATTCAATTGCCAC,0,4912082
ygfS_ygfT_predicted,0.5,1,1,GGGCCAACCTATGAGTAAGC,0,4909720
ygfS_ygfT_predicted,0.5,1,1,GGGCACGTCGTTGCGTCGGT,0,4931087
ygfS_ygfT_predicted,0.5,1,1,GGGAGTGTCCGCCAATGGGA,0,4930018
ygfS_ygfT_predicted,0.5,1,1,GGGAGGCCTTGTGAGGTTGT,0,4914026
ygfS_ygfT_predicted,0.5,1,1,GGGAGCAGGGGCTTTACACG,0,4926624
ygfS_ygfT_predicted,0.5,1,1,GGGAGAGTAAGGAATAGCTT,0,4930240
ygfS_ygfT_predicted,0.5,1,1,GGGACAATTGCCATAGCGAA,0,4913641
ygfS_ygfT_predicted,0.5,1,1,GGGAACAGTGGATCTGGTGG,0,4926596
ygfS_ygfT_predicted,0.5,1,1,GGGAACACTCGTGAATCAAA,0,4909092
ygfS_ygfT_predicted,0.5,1,1,GGGAAAGACGGAGGCCATTA,0,4904133
ygfS_ygfT_predicted,0.5,1,1,GGCTTCGATTTGGCTATAAG,0,4923419
ygfS_ygfT_predicted,0.5,1,1,GGCTGGCTGCCCAAACACGT,0,4915254
ygfS_ygfT_predicted,0.5,1,1,GGCTATAACTTGGGTGGGGT,0,4916380
ygfS_ygfT_predicted,0.5,1,1,GGCTACAACGATACTTAGGT,0,4916896
ygfS_ygfT_predicted,0.5,1,1,GGCGTCGTAGGATGGCATGA,0,4905195
ygfS_ygfT_predicted,0.5,1,1,GGCGGTAGCTAGCAGGACAA,0,4920558
ygfS_ygfT_predicted,0.5,1,1,GGCGGGCCGGGGGTGCAATG,0,4910409
ygfS_ygfT_predicted,0.5,1,1,GGCGGATCCAACGTCATATC,0,4913325
ygfS_ygfT_predicted,0.5,1,1,GGCGCTGATCAGTCGAACTA,0,4929470
ygfS_ygfT_predicted,0.5,1,1,GGCGCCTACGTGCAATTCAT,0,4908075
ygfS_ygfT_predicted,0.5,1,1,GGCGACCCTGAACAGGTTAA,0,4918254
ygfS_ygfT_predicted,0.5,1,1,GGCGACAGAAGACCTAGCAA,0,4922826
ygfS_ygfT_predicted,0.5,1,1,GGCCGGCTCGTGACTTCTTT,0,4925799
ygfS_ygfT_predicted,0.5,1,1,GGCCCTACTCGCATTAGGAG,0,4902441
ygfS_ygfT_predicted,0.5,1,1,GGCATTGTCGCCTGTGGTGA,0,4907754
ygfS_ygfT_predicted,0.5,1,1,GGCATTCCTTAGTAAATACC,0,4905594
ygfS_ygfT_predicted,0.5,1,1,GGCATCTTTCGTGGTACCTA,0,4923364
ygfS_ygfT_predicted,0.5,1,1,GGCATCATACGACAATGGCC,0,4909568
ygfS_ygfT_predicted,0.5,1,1,GGCACTTCAACGACGGCTAC,0,4910782
ygfS_ygfT_predicted,0.5,1,1,GGCACTCGGAGTGGTGGAGC,0,4924914
ygfS_ygfT_predicted,0.5,1,1,GGCACCCTCACCGTGTGCCT,0,4908344
ygfS_ygfT_predicted,0.5,1,1,GGCAAGGCTCAAAAATGAGT,0,4920901
ygfS_ygfT_predicted,0.5,1,1,GGATTTTATAGTAATGCGCT,0,4909681
ygfS_ygfT_predicted,0.5,1,1,GGATTCAGAATAACGTCGCA,0,4909734
ygfS_ygfT_predicted,0.5,1,1,GGATTAGGATGTAGCCCGAC,0,4930709
ygfS_ygfT_predicted,0.5,1,1,GGATGATCACTAACCTGTTA,0,4924533
ygfS_ygfT_predicted,0.5,1,1,GGATCATTCGCTAAGTTCCA,0,4913377
ygfS_ygfT_predicted,0.5,1,1,GGATCATCAGGGCTGTGCTA,0,4924061
ygfS_ygfT_predicted,0.5,1,1,GGATATCTCCCTGACGCACT,0,4923205
ygfS_ygfT_predicted,0.5,1,1,GGATAATTCTACTGGCTCGT,0,4927789
ygfS_ygfT_predicted,0.5,1,1,GGATAAACTTCTTCGGGTCG,0,4904736
ygfS_ygfT_predicted,0.5,1,1,GGAGTTTCAGACTCCCCTTG,0,4903372
ygfS_ygfT_predicted,0.5,1,1,GGAGTCTCCCCGTTTTGGAC,0,4905776
ygfS_ygfT_predicted,0.5,1,1,GGAGTATCTCTCTGGCGCCG,0,4903593
ygfS_ygfT_predicted,0.5,1,1,GGAGGGCAAGGTGATCTTCA,0,4913212
ygfS_ygfT_predicted,0.5,1,1,GGAGGGAGGAACCTGTACCG,0,4900398
ygfS_ygfT_predicted,0.5,1,1,GGAGGCAATAGCAAGTAAGG,0,4920789
ygfS_ygfT_predicted,0.5,1,1,GGAGGATCATCAGCGAGAGG,0,4906582
ygfS_ygfT_predicted,0.5,1,1,GGAGATGGTGATTCGCAGGC,0,4918176
ygfS_ygfT_predicted,0.5,1,1,GGAGACAATACTCTGGGGAG,0,4906854
ygfS_ygfT_predicted,0.5,1,1,GGACTTCATGGACGCCTGTG,0,4924338
ygfS_ygfT_predicted,0.5,1,1,GGACGGATCAGGGAAATAAG,0,4913314
ygfS_ygfT_predicted,0.5,1,1,GGACCGCGAGCTTAGTGCGT,0,4925148
ygfS_ygfT_predicted,0.5,1,1,GGACATTAGGGGGGAACACA,0,4907270
ygfS_ygfT_predicted,0.5,1,1,GGACAATGGTACTGGTATCG,0,4916876
ygfS_ygfT_predicted,0.5,1,1,GGACAACGTCTTTGACTCCC,0,4913640
ygfS_ygfT_predicted,0.5,1,1,GGAATAGTTCTACACCGAGT,0,4910326
ygfS_ygfT_predicted,0.5,1,1,GGAATAGAATGTCACGCGAA,0,4905708
ygfS_ygfT_predicted,0.5,1,1,GGAAGTTTCGTTTCCGTAAC,0,4907093
ygfS_ygfT_predicted,0.5,1,1,GGAACATACTACAGTATCTT,0,4919352
ygfS_ygfT_predicted,0.5,1,1,GCTTTTGTGCGAGATGGCTA,0,4907572
ygfS_ygfT_predicted,0.5,1,1,GCTTGGAAGGACTCTCGAAA,0,4913683
ygfS_ygfT_predicted,0.5,1,1,GCTTCTAGAATACGGTCGGA,0,4902462
ygfS_ygfT_predicted,0.5,1,1,GCTTCGGCCACCTAAGTCAC,0,4905108
ygfS_ygfT_predicted,0.5,1,1,GCTGGCGGCAGAATTGTGAT,0,4916920
ygfS_ygfT_predicted,0.5,1,1,GCTCTGCGAGGAGTCGGGAT,0,4901301
ygfS_ygfT_predicted,0.5,1,1,GCTCTCGTGAGCATCTCCTA,0,4908768
ygfS_ygfT_predicted,0.5,1,1,GCTCGGCTGTTGCTGGGATC,0,4930119
ygfS_ygfT_predicted,0.5,1,1,GCTCCTGTTCCTGCTCAACT,0,4908914
ygfS_ygfT_predicted,0.5,1,1,GCTACTCGGATGCTACCAGC,0,4909093
ygfS_ygfT_predicted,0.5,1,1,GCTACGCGATCTGCCGTCGA,0,4906742
ygfS_ygfT_predicted,0.5,1,1,GCTACCTCGTGTTGTGGTGT,0,4928600
ygfS_ygfT_predicted,0.5,1,1,GCTACACAGAAATGATACGA,0,4901739
ygfS_ygfT_predicted,0.5,1,1,GCGTTCTAGGAAAAATCGTC,0,4922206
ygfS_ygfT_predicted,0.5,1,1,GCGTTCAGCGGGTCCAAACC,0,4925951
ygfS_ygfT_predicted,0.5,1,1,GCGTGCGGTGTTTGGCATTT,0,4927800
ygfS_ygfT_predicted,0.5,1,1,GCGTCACGACGATACGGGTT,0,4904147
ygfS_ygfT_predicted,0.5,1,1,GCGTCAATGGTCTGCAGCGC,0,4900356
ygfS_ygfT_predicted,0.5,1,1,GCGTACGTACGGGAATTTTC,0,4913841
ygfS_ygfT_predicted,0.5,1,1,GCGTAATGGCGACCGCTATT,0,4924937
ygfS_ygfT_predicted,0.5,1,1,GCGTAAGCGCTTCGCGCAGG,0,4900832
ygfS_ygfT_predicted,0.5,1,1,GCGGTGCACCATGTGATTTA,0,4930408
ygfS_ygfT_predicted,0.5,1,1,GCGGTCTTTTCCCAGGTAGA,0,4907043
ygfS_ygfT_predicted,0.5,1,1,GCGGGCAATGACTGCTGGGT,0,4930363
ygfS_ygfT_predicted,0.5,1,1,GCGGCATCATGTAGTAAAGG,0,4925589
ygfS_ygfT_predicted,0.5,1,1,GCGGAGATGGAGCTACTCGT,0,4907049
ygfS_ygfT_predicted,0.5,1,1,GCGGACGGGTCCTCGTGACA,0,4904719
ygfS_ygfT_predicted,0.5,1,1,GCGCTACATTATCACAGTGA,0,4924530
ygfS_ygfT_predicted,0.5,1,1,GCGCGGTCCCTGACGCGCTG,0,4923857
ygfS_ygfT_predicted,0.5,1,1,GCGCGGGGGTATGTCCGCTA,0,4903299
ygfS_ygfT_predicted,0.5,1,1,GCGCCAAATCCCGGCTATAG,0,4907916
ygfS_ygfT_predicted,0.5,1,1,GCGCATAGTTAGTAAAACAT,0,4910477
ygfS_ygfT_predicted,0.5,1,1,GCGATTGTGAGTCGGGTTAT,0,4915708
ygfS_ygfT_predicted,0.5,1,1,GCGATGCGTGACAACCACAG,0,4927321
ygfS_ygfT_predicted,0.5,1,1,GCGAGAGTGTCGTGCCCAAG,0,4904739
ygfS_ygfT_predicted,0.5,1,1,GCGACGATACCTGTATACCC,0,4923548
ygfS_ygfT_predicted,0.5,1,1,GCGACGACGTTAACTATTTT,0,4908495
ygfS_ygfT_predicted,0.5,1,1,GCGAAGAGTGCGGCGTGTAC,0,4915290
ygfS_ygfT_predicted,0.5,1,1,GCCTTTGCCTAACTGCAGGT,0,4903337
ygfS_ygfT_predicted,0.5,1,1,GCCTTTAAAAAAGCGGGAGG,0,4904330
ygfS_ygfT_predicted,0.5,1,1,GCCTTGTGCGGATATTTTGG,0,4924260
ygfS_ygfT_predicted,0.5,1,1,GCCTTAGGATGTATATAGTG,0,4901917
ygfS_ygfT_predicted,0.5,1,1,GCCTGTGGTGGAGATCCCAT,0,4908168
ygfS_ygfT_predicted,0.5,1,1,GCCTGAGTCGGGACATTTCC,0,4905358
ygfS_ygfT_predicted,0.5,1,1,GCCTGAGCGGCACCGGCCAA,0,4921146
ygfS_ygfT_predicted,0.5,1,1,GCCTCTTGCGATTCAAACAT,0,4918505
ygfS_ygfT_predicted,0.5,1,1,GCCTCTATCTTTTAGTAGGA,0,4922342
ygfS_ygfT_predicted,0.5,1,1,GCCTCGGAGCAGGGGCACGA,0,4906861
ygfS_ygfT_predicted,0.5,1,1,GCCTCGACTGTGCAAAGACA,0,4906809
ygfS_ygfT_predicted,0.5,1,1,GCCTATTGCGCGGCTGAGGG,0,4922261
ygfS_ygfT_predicted,0.5,1,1,GCCTATGTGCTACGTTTTAG,0,4924441
ygfS_ygfT_predicted,0.5,1,1,GCCGGTGAGGAGGGCCGATC,0,4907389
ygfS_ygfT_predicted,0.5,1,1,GCCGCGGCGAAAAATCCGGT,0,4921351
ygfS_ygfT_predicted,0.5,1,1,GCCGAGGCCCCGTGTCGCTC,0,4922424
ygfS_ygfT_predicted,0.5,1,1,GCCGAATTCACTTTCACTTA,0,4917565
ygfS_ygfT_predicted,0.5,1,1,GCCCCTGCCTTGTGACGCTA,0,4920516
ygfS_ygfT_predicted,0.5,1,1,GCCCCCAAGCAACCTCACTC,0,4916770
ygfS_ygfT_predicted,0.5,1,1,GCCCACTAGAATTATTCATT,0,4901467
ygfS_ygfT_predicted,0.5,1,1,GCCCACCCACTATCTCTTCA,0,4910831
ygfS_ygfT_predicted,0.5,1,1,GCCCAAGTTGCACGCCTCGG,0,4930084
ygfS_ygfT_predicted,0.5,1,1,GCCATAGACCTTCGCAGTTT,0,4912016
ygfS_ygfT_predicted,0.5,1,1,GCCAGGTTGATAAGGGAGTC,0,4901553
ygfS_ygfT_predicted,0.5,1,1,GCCAGGTCCGGATGTCACTA,0,4902720
ygfS_ygfT_predicted,0.5,1,1,GCCAGGTCACACTGGGGAAA,0,4917840
ygfS_ygfT_predicted,0.5,1,1,GCCAGCCAAAAGCCTGTAGG,0,4903176
ygfS_ygfT_predicted,0.5,1,1,GCCAGCACTAAAAACGGGCT,0,4901670
ygfS_ygfT_predicted,0.5,1,1,GCCACGTCACCCGGCCAAGA,0,4924073
ygfS_ygfT_predicted,0.5,1,1,GCCACGAACAATACCGCAAT,0,4912841
ygfS_ygfT_predicted,0.5,1,1,GCCAATCGTACGACTGCATG,0,4905317
ygfS_ygfT_predicted,0.5,1,1,GCCAACGAGCAAATAATGAG,0,4910977
ygfS_ygfT_predicted,0.5,1,1,GCATTAGGGTACAAATCCAA,0,4918629
ygfS_ygfT_predicted,0.5,1,1,GCATTACGGCTTTCGTGCTC,0,4911347
ygfS_ygfT_predicted,0.5,1,1,GCATGGAAACAAAACCCTGT,0,4929240
ygfS_ygfT_predicted,0.5,1,1,GCATGCGGTTGCCGCCTCCT,0,4931387
ygfS_ygfT_predicted,0.5,1,1,GCATCTTCCCTTCGCACTGC,0,4925907
ygfS_ygfT_predicted,0.5,1,1,GCATATGAATCGATGTGTGT,0,4914651
ygfS_ygfT_predicted,0.5,1,1,GCAGTTAGACGTTTACCAAC,0,4924963
ygfS_ygfT_predicted,0.5,1,1,GCAGTCGGACTAGCGTCTTG,0,4928057
ygfS_ygfT_predicted,0.5,1,1,GCAGTAGCGCAGTCAAAGAG,0,4903518
ygfS_ygfT_predicted,0.5,1,1,GCAGTACAATGGGCCGCACA,0,4911361
ygfS_ygfT_predicted,0.5,1,1,GCAGGTCAGCTACTAGCTCC,0,4917281
ygfS_ygfT_predicted,0.5,1,1,GCAGGCGTGTCGCGTCCGTC,0,4910761
ygfS_ygfT_predicted,0.5,1,1,GCAGGAGAGGGAGGGAAAAT,0,4904135
ygfS_ygfT_predicted,0.5,1,1,GCAGAGCAGTTGCCAAGCGG,0,4921543
ygfS_ygfT_predicted,0.5,1,1,GCACTGAGGCTGTCTGTAGA,0,4900978
ygfS_ygfT_predicted,0.5,1,1,GCACGCTGAGGCGGCTACAA,0,4930866
ygfS_ygfT_predicted,0.5,1,1,GCACGCACTAATCTTGCTCC,0,4902590
ygfS_ygfT_predicted,0.5,1,1,GCACGACAGCCCATTCCAGG,0,4913609
ygfS_ygfT_predicted,0.5,1,1,GCACACTTGTACCCATCAGT,0,4922099
ygfS_ygfT_predicted,0.5,1,1,GCACACGAACTATCGTCATG,0,4917522
ygfS_ygfT_predicted,0.5,1,1,GCACAAATCAGGTAGATCCT,0,4928988
ygfS_ygfT_predicted,0.5,1,1,GCAATTTGCGATGTTATATT,0,4912856
ygfS_ygfT_predicted,0.5,1,1,GCAATGAGAGTCACGGATGT,0,4904390
ygfS_ygfT_predicted,0.5,1,1,GCAATCAATTCTGGTGCGGC,0,4921724
ygfS_ygfT_predicted,0.5,1,1,GCAAGATTTTTTTTATATTG,0,4918754
ygfS_ygfT_predicted,0.5,1,1,GCAACTGCGTCAGGGACGCT,0,4900800
ygfS_ygfT_predicted,0.5,1,1,GCAACAATGGGACTAACGGG,0,4930250
ygfS_ygfT_predicted,0.5,1,1,GCAAAGCACGTAGAGTCTCT,0,4926220
ygfS_ygfT_predicted,0.5,1,1,GCAAAGACAGTGTCTCAGCG,0,4904890
ygfS_ygfT_predicted,0.5,1,1,GATTTTCACTTCGCAGTCCC,0,4920109
ygfS_ygfT_predicted,0.5,1,1,GATTTCAACTTAATGTCCCC,0,4922334
ygfS_ygfT_predicted,0.5,1,1,GATTGTCATTCGGTACGGCG,0,4901279
ygfS_ygfT_predicted,0.5,1,1,GATTGAGGCACTATATTCAT,0,4912128
ygfS_ygfT_predicted,0.5,1,1,GATTGAGACGATTTAGTAAT,0,4902620
ygfS_ygfT_predicted,0.5,1,1,GATTCTTTGTGTCGCATGGA,0,4912799
ygfS_ygfT_predicted,0.5,1,1,GATTCGGCATCAAGGTGGGT,0,4903166
ygfS_ygfT_predicted,0.5,1,1,GATGTTTGACGGTATTCGCA,0,4905163
ygfS_ygfT_predicted,0.5,1,1,GATGTTCCTTTCCTGCTTAT,0,4906006
ygfS_ygfT_predicted,0.5,1,1,GATGTATAGACTTACAGGTT,0,4928016
ygfS_ygfT_predicted,0.5,1,1,GATGATGCCGCCTTAGCCGT,0,4908720
ygfS_ygfT_predicted,0.5,1,1,GATGACGTGTAACACGGTAC,0,4907540
ygfS_ygfT_predicted,0.5,1,1,GATGACATGGTCCGCGAGCG,0,4910950
ygfS_ygfT_predicted,0.5,1,1,GATCTGCAGAGCTCCACGTT,0,4909013
ygfS_ygfT_predicted,0.5,1,1,GATCTCTACGTAGGGTGAGA,0,4904337
ygfS_ygfT_predicted,0.5,1,1,GATCTAAGCCGGGCTGTTCA,0,4926265
ygfS_ygfT_predicted,0.5,1,1,GATCGCCTACTCTAAAAACT,0,4907976
ygfS_ygfT_predicted,0.5,1,1,GATCGACAACCCCAATTTCG,0,4922768
ygfS_ygfT_predicted,0.5,1,1,GATCCTAGAGGAGGCATCGG,0,4900173
ygfS_ygfT_predicted,0.5,1,1,GATCCCAAACTATTTGAACA,0,4919421
ygfS_ygfT_predicted,0.5,1,1,GATCATGCTTAGCACGTTGT,0,4926253
ygfS_ygfT_predicted,0.5,1,1,GATCACACTCAATCGACGCA,0,4922770
ygfS_ygfT_predicted,0.5,1,1,GATATCTCGGCCATCAGGAC,0,4906632
ygfS_ygfT_predicted,0.5,1,1,GATATCGAACCAGCTGATAC,0,4918035
ygfS_ygfT_predicted,0.5,1,1,GATAGGTGTTCTTGTGGCTC,0,4929965
ygfS_ygfT_predicted,0.5,1,1,GATAGGCAGATACATTACGC,0,4929124
ygfS_ygfT_predicted,0.5,1,1,GATAGCACAGGATGCGGGGC,0,4913014
ygfS_ygfT_predicted,0.5,1,1,GATAGCACAGACTTTTATCA,0,4925981
ygfS_ygfT_predicted,0.5,1,1,GATACTTGAAAAGGAGAACG,0,4925791
ygfS_ygfT_predicted,0.5,1,1,GATACTGGATTATCAATTAT,0,4900474
ygfS_ygfT_predicted,0.5,1,1,GATACGCACCGCCAAGGAAT,0,4911634
ygfS_ygfT_predicted,0.5,1,1,GATAAGAAGGCGTAAAGACG,0,4912050
ygfS_ygfT_predicted,0.5,1,1,GATAAATACAAAATCGAATC,0,4924678
ygfS_ygfT_predicted,0.5,1,1,GAGTGGAACACAGTCCGAGA,0,4923412
ygfS_ygfT_predicted,0.5,1,1,GAGTATTCAGTATGCCGCAC,0,4926824
ygfS_ygfT_predicted,0.5,1,1,GAGTATATCATCAGGAGCTA,0,4925483
ygfS_ygfT_predicted,0.5,1,1,GAGTAGTTCCGAATATGTTC,0,4910716
ygfS_ygfT_predicted,0.5,1,1,GAGGTTCTATTTCCGTCTGT,0,4918266
ygfS_ygfT_predicted,0.5,1,1,GAGGTTATCTCTGGTTCCTT,0,4921084
ygfS_ygfT_predicted,0.5,1,1,GAGGTAGAGAACCCGCGGAG,0,4907276
ygfS_ygfT_predicted,0.5,1,1,GAGGGCCCGCATTTAAAGTT,0,4909049
ygfS_ygfT_predicted,0.5,1,1,GAGGATTCCGATGCGCGCCT,0,4902949
ygfS_ygfT_predicted,0.5,1,1,GAGGATATTCACCGGGTGTA,0,4920943
ygfS_ygfT_predicted,0.5,1,1,GAGGAACTTTAGGAACACTT,0,4919070
ygfS_ygfT_predicted,0.5,1,1,GAGCTCAAACGTAAAGGACT,0,4922708
ygfS_ygfT_predicted,0.5,1,1,GAGCTAAGTGAAAGACATCA,0,4922797
ygfS_ygfT_predicted,0.5,1,1,GAGCGTCTCGAGGTCTAAAA,0,4910074
ygfS_ygfT_predicted,0.5,1,1,GAGCGGTTCGCGCAGGGACC,0,4908994
ygfS_ygfT_predicted,0.5,1,1,GAGCGCGCATCTCCTGTAGA,0,4904622
ygfS_ygfT_predicted,0.5,1,1,GAGCGCCGACGGCGTAATAA,0,4918603
ygfS_ygfT_predicted,0.5,1,1,GAGCCGTTCTCAACTCTTGA,0,4900989
ygfS_ygfT_predicted,0.5,1,1,GAGAGTTTGACACATGGCGT,0,4927090
ygfS_ygfT_predicted,0.5,1,1,GAGAGTCAGACGGCGTATCG,0,4927943
ygfS_ygfT_predicted,0.5,1,1,GAGAGGGCACGCAAGCAATT,0,4928342
ygfS_ygfT_predicted,0.5,1,1,GAGAGCTCGTTGGGCACTTT,0,4904747
ygfS_ygfT_predicted,0.5,1,1,GAGAGACGCGAACCTAGTTT,0,4929649
ygfS_ygfT_predicted,0.5,1,1,GAGAGAAGCGGTAAAAGTAG,0,4926311
ygfS_ygfT_predicted,0.5,1,1,GAGACTTCCTGAACTGCGCA,0,4920463
ygfS_ygfT_predicted,0.5,1,1,GAGACGGGCTAGAGTTCGAC,0,4920459
ygfS_ygfT_predicted,0.5,1,1,GAGAAGTCGCAGTTTGGCTG,0,4914400
ygfS_ygfT_predicted,0.5,1,1,GAGAACCTCCATGGACAGTA,0,4920698
ygfS_ygfT_predicted,0.5,1,1,GAGAAATAAGGATAGACTAG,0,4920813
ygfS_ygfT_predicted,0.5,1,1,GACTTTCCATCATTGTATCT,0,4922470
ygfS_ygfT_predicted,0.5,1,1,GACTTCCCCACCATTAGAAG,0,4903120
ygfS_ygfT_predicted,0.5,1,1,GACTGTGTGCCTTTTCCCTA,0,4919118
ygfS_ygfT_predicted,0.5,1,1,GACTGTCATTGCTACCCCGC,0,4924983
ygfS_ygfT_predicted,0.5,1,1,GACTGTCAATCAATGTTTAA,0,4908937
ygfS_ygfT_predicted,0.5,1,1,GACTGGAACCTGCGGCTCTC,0,4919191
ygfS_ygfT_predicted,0.5,1,1,GACTCGTCTGCAGACCCTAC,0,4911906
ygfS_ygfT_predicted,0.5,1,1,GACGTCTTTTTGTTTCTTTT,0,4916128
ygfS_ygfT_predicted,0.5,1,1,GACGTCTTAATATAAGGCTG,0,4917403
ygfS_ygfT_predicted,0.5,1,1,GACGTAGTTACTTTTTGGAG,0,4923981
ygfS_ygfT_predicted,0.5,1,1,GACGTAAAAGCAACTGCGGA,0,4919597
ygfS_ygfT_predicted,0.5,1,1,GACGGTTCGCGTGACGCCCC,0,4902763
ygfS_ygfT_predicted,0.5,1,1,GACGGTCACCACTCAAATGT,0,4904099
ygfS_ygfT_predicted,0.5,1,1,GACGGAGGTACCTGGGCTAT,0,4906588
ygfS_ygfT_predicted,0.5,1,1,GACGGAGGTAAGAACTCGCC,0,4912419
ygfS_ygfT_predicted,0.5,1,1,GACGATCCAGCGCGGCTGAG,0,4919298
ygfS_ygfT_predicted,0.5,1,1,GACCGCTGCGGCCCCGACAT,0,4918901
ygfS_ygfT_predicted,0.5,1,1,GACCGCGGACTCGCAGGTGC,0,4917157
ygfS_ygfT_predicted,0.5,1,1,GACCGATATCCGACTGAGTG,0,4899840
ygfS_ygfT_predicted,0.5,1,1,GACCCAGGTCACAAGCGGCA,0,4929995
ygfS_ygfT_predicted,0.5,1,1,GACATCTGAGAGCAGGCATT,0,4900733
ygfS_ygfT_predicted,0.5,1,1,GACACGGTCTTCGAAGTCTT,0,4908044
ygfS_ygfT_predicted,0.5,1,1,GACACCGCGTCACCTTTTCG,0,4913348
ygfS_ygfT_predicted,0.5,1,1,GAATTCTTCCGACTGTTGTT,0,4906870
ygfS_ygfT_predicted,0.5,1,1,GAATTCGGTCACGACGAATT,0,4916902
ygfS_ygfT_predicted,0.5,1,1,GAATTATACTCTTCAATAAA,0,4918651
ygfS_ygfT_predicted,0.5,1,1,GAATAGATCACTTGGGCTTC,0,4912218
ygfS_ygfT_predicted,0.5,1,1,GAAGTTAGCAGTAGATTGCC,0,4902134
ygfS_ygfT_predicted,0.5,1,1,GAAGTCTCAGCCTTACCAGT,0,4906135
ygfS_ygfT_predicted,0.5,1,1,GAAGTAGGCGTGTTACTAGG,0,4905684
ygfS_ygfT_predicted,0.5,1,1,GAAGGTTCGCGCAATTTCTG,0,4921610
ygfS_ygfT_predicted,0.5,1,1,GAAGGGCTATTGGCCGTGCT,0,4905834
ygfS_ygfT_predicted,0.5,1,1,GAAGGCCTGCACCTAGGTTG,0,4928032
ygfS_ygfT_predicted,0.5,1,1,GAAGGACGGGTCTATATCGT,0,4919799
ygfS_ygfT_predicted,0.5,1,1,GAAGGACGACCGTGCGGTCC,0,4917764
ygfS_ygfT_predicted,0.5,1,1,GAAGATGAGGCTAATTCATT,0,4913333
ygfS_ygfT_predicted,0.5,1,1,GAACTGGTGATAGTACAGTT,0,4916766
ygfS_ygfT_predicted,0.5,1,1,GAACTGGACCAGCAATAGTC,0,4921105
ygfS_ygfT_predicted,0.5,1,1,GAACTATAGCCTGGACATAA,0,4905970
ygfS_ygfT_predicted,0.5,1,1,GAACGTGTAGCCCCCTCTTC,0,4901120
ygfS_ygfT_predicted,0.5,1,1,GAACGCCAACAGAATCTCAC,0,4914499
ygfS_ygfT_predicted,0.5,1,1,GAACGACCATTACTTGGTTA,0,4902569
ygfS_ygfT_predicted,0.5,1,1,GAACCTATCCGGATTGGTGG,0,4917332
ygfS_ygfT_predicted,0.5,1,1,GAACATTTCGGTAAGGTTGA,0,4917075
ygfS_ygfT_predicted,0.5,1,1,GAAATCGACAAATCTCGCGT,0,4904459
ygfS_ygfT_predicted,0.5,1,1,GAAATAGTAGGCTGCCTTAC,0,4918159
ygfS_ygfT_predicted,0.5,1,1,GAAATAGCGTCGGTTTTCTT,0,4924785
ygfS_ygfT_predicted,0.5,1,1,GAAATACAGTATGGTCGTAT,0,4918856
ygfS_ygfT_predicted,0.5,1,1,GAAAGTGTGACCGGCGAAAA,0,4927577
ygfS_ygfT_predicted,0.5,1,1,GAAAGTAGAAGGTAACTAAT,0,4913775
ygfS_ygfT_predicted,0.5,1,1,GAAAGGACCCCGTCAGTAGG,0,4925265
ygfS_ygfT_predicted,0.5,1,1,GAAAGAAGTTATGGAGCGCC,0,4909025
ygfS_ygfT_predicted,0.5,1,1,GAAACACCGTCGCCTGCCCA,0,4903884
ygfS_ygfT_predicted,0.5,1,1,GAAAAAATAACGGAGGTCCG,0,4903918
ygfS_ygfT_predicted,0.5,1,1,CTTTTTCCGCGGGCAAACTT,0,4911035
ygfS_ygfT_predicted,0.5,1,1,CTTTTGGCCTAGAACGGATA,0,4928369
ygfS_ygfT_predicted,0.5,1,1,CTTTTCGAGGCAGGTTGCGT,0,4907966
ygfS_ygfT_predicted,0.5,1,1,CTTTTAATGGCTTGTCGCTA,0,4930203
ygfS_ygfT_predicted,0.5,1,1,CTTTGGTGTTCTATTTCGCG,0,4904266
ygfS_ygfT_predicted,0.5,1,1,CTTTGCATATTAAGTTAATA,0,4902432
ygfS_ygfT_predicted,0.5,1,1,CTTTCTCAGCTGCACCCATT,0,4908478
ygfS_ygfT_predicted,0.5,1,1,CTTTCCAGAGCCCTATTTGG,0,4902258
ygfS_ygfT_predicted,0.5,1,1,CTTTAATCTGTTTTGTTGAG,0,4910265
ygfS_ygfT_predicted,0.5,1,1,CTTGTAGGAAAACTTATTAA,0,4913708
ygfS_ygfT_predicted,0.5,1,1,CTTGTAAACCTCAGGCTTTC,0,4902611
ygfS_ygfT_predicted,0.5,1,1,CTTGGTATACTATAAGCCGA,0,4929334
ygfS_ygfT_predicted,0.5,1,1,CTTGGACCGTCGCCAAAGGC,0,4906775
ygfS_ygfT_predicted,0.5,1,1,CTTGCTGACGAACCCGTAGT,0,4903167
ygfS_ygfT_predicted,0.5,1,1,CTTGCGGGTGTTTCGCCCGT,0,4913287
ygfS_ygfT_predicted,0.5,1,1,CTTGCGAAATAAAATCTGGA,0,4907359
ygfS_ygfT_predicted,0.5,1,1,CTTGCAGTCAGGGACATATC,0,4924410
ygfS_ygfT_predicted,0.5,1,1,CTTGAGTATCTGGTTTATAA,0,4901021
ygfS_ygfT_predicted,0.5,1,1,CTTGACTTCTGTATACCCGT,0,4913965
ygfS_ygfT_predicted,0.5,1,1,CTTGAAGTGTCCGTTTTGTG,0,4913245
ygfS_ygfT_predicted,0.5,1,1,CTTGAACTATTATTCGATGA,0,4916588
ygfS_ygfT_predicted,0.5,1,1,CTTCTTTTAACAAGCAACGA,0,4904549
ygfS_ygfT_predicted,0.5,1,1,CTTCTTTACGTAGGTACTCG,0,4904569
ygfS_ygfT_predicted,0.5,1,1,CTTCTCCTTGTAGATTCAGC,0,4903389
ygfS_ygfT_predicted,0.5,1,1,CTTCTAGATGCCTAGAACAG,0,4905941
ygfS_ygfT_predicted,0.5,1,1,CTTCGGACATTTGGTAGCAT,0,4907420
ygfS_ygfT_predicted,0.5,1,1,CTTCGCTGGCGTTCGCGTGA,0,4915305
ygfS_ygfT_predicted,0.5,1,1,CTTCGCCCGGTTTGGAGCGA,0,4907290
ygfS_ygfT_predicted,0.5,1,1,CTTCATAAGACTTACGTCAT,0,4914748
ygfS_ygfT_predicted,0.5,1,1,CTTCAGATCGATCGGGGAAA,0,4906029
ygfS_ygfT_predicted,0.5,1,1,CTTCAAGACGGGACTTTAGT,0,4931197
ygfS_ygfT_predicted,0.5,1,1,CTTATTGTGCCAGGGCGTTG,0,4906133
ygfS_ygfT_predicted,0.5,1,1,CTTATTGCTATGGTATAGCA,0,4915835
ygfS_ygfT_predicted,0.5,1,1,CTTATAGTCAAAAGGCAATA,0,4908560
ygfS_ygfT_predicted,0.5,1,1,CTTAGGGTTAAGATTCGGTG,0,4920393
ygfS_ygfT_predicted,0.5,1,1,CTTAGGCAAGTCTAGAACCT,0,4930402
ygfS_ygfT_predicted,0.5,1,1,CTTAGGACAACCTCCAGTTA,0,4914058
ygfS_ygfT_predicted,0.5,1,1,CTTAGATTGAAGAATAGCGA,0,4918237
ygfS_ygfT_predicted,0.5,1,1,CTTAGAACACGTGGCTCGAT,0,4916745
ygfS_ygfT_predicted,0.5,1,1,CTTACGCCGCCTCGTGGTTG,0,4912420
ygfS_ygfT_predicted,0.5,1,1,CTTACCGGTCACGCCGATGA,0,4915791
ygfS_ygfT_predicted,0.5,1,1,CTTAATAGTCACAGTGGTTC,0,4927475
ygfS_ygfT_predicted,0.5,1,1,CTGTTGCTAATTGTTCTCGA,0,4904631
ygfS_ygfT_predicted,0.5,1,1,CTGTTCGGTGGACGGAGCAC,0,4918976
ygfS_ygfT_predicted,0.5,1,1,CTGTGTCATACCAGGAGTAG,0,4921673
ygfS_ygfT_predicted,0.5,1,1,CTGTGCCCTAATTGATCTGT,0,4901957
ygfS_ygfT_predicted,0.5,1,1,CTGTGCACTCATATGATTGG,0,4915453
ygfS_ygfT_predicted,0.5,1,1,CTGTCTCTTACGGTCGAAGG,0,4903237
ygfS_ygfT_predicted,0.5,1,1,CTGTCGCCGTGGCAGCTTTT,0,4916060
ygfS_ygfT_predicted,0.5,1,1,CTGTCCAAATGCGGCCAATG,0,4924750
ygfS_ygfT_predicted,0.5,1,1,CTGTCACTTTTCAGGAAACA,0,4929398
ygfS_ygfT_predicted,0.5,1,1,CTGGTGTCATCCGATCCATT,0,4921051
ygfS_ygfT_predicted,0.5,1,1,CTGGTAGGAATTTATAAAGC,0,4902138
ygfS_ygfT_predicted,0.5,1,1,CTGGGGGATAGCTAATAAGA,0,4902736
ygfS_ygfT_predicted,0.5,1,1,CTGGGGATATACCCATGTGA,0,4906452
ygfS_ygfT_predicted,0.5,1,1,CTGGGCAACCGAGGGGCGTA,0,4929224
ygfS_ygfT_predicted,0.5,1,1,CTGGGACTCTTGATAGCCTC,0,4906785
ygfS_ygfT_predicted,0.5,1,1,CTGGCTTGATAGTCCCACGC,0,4903453
ygfS_ygfT_predicted,0.5,1,1,CTGCTGGAAGGCTAAGTGCG,0,4909822
ygfS_ygfT_predicted,0.5,1,1,CTGCTAGTTGTCTCAGGTAT,0,4911570
ygfS_ygfT_predicted,0.5,1,1,CTGCGCACGCCGGTTTTTAT,0,4931401
ygfS_ygfT_predicted,0.5,1,1,CTGCCGCAGTCCAAAGAGCG,0,4903321
ygfS_ygfT_predicted,0.5,1,1,CTGCATGAGACGTTTTATTT,0,4925958
ygfS_ygfT_predicted,0.5,1,1,CTGCATATGGGGCTAATTCT,0,4906384
ygfS_ygfT_predicted,0.5,1,1,CTGCACTGAGTAACTATACT,0,4928356
ygfS_ygfT_predicted,0.5,1,1,CTGAGATGCAAAACAGGACT,0,4907766
ygfS_ygfT_predicted,0.5,1,1,CTGACTGCATTAAAACCTGC,0,4917308
ygfS_ygfT_predicted,0.5,1,1,CTGACGCGGGCAGTGTACGA,0,4920414
ygfS_ygfT_predicted,0.5,1,1,CTGACAAATTGCGCGGCGTA,0,4901619
ygfS_ygfT_predicted,0.5,1,1,CTGAAGCACCTCTTACTGGT,0,4906499
ygfS_ygfT_predicted,0.5,1,1,CTGAACTCGGTGTAAAGAAA,0,4905489
ygfS_ygfT_predicted,0.5,1,1,CTGAAAGCTTGAAGTGGGGA,0,4921307
ygfS_ygfT_predicted,0.5,1,1,CTCTTCGGCCTTCCCCGCCT,0,4915523
ygfS_ygfT_predicted,0.5,1,1,CTCTTATTTCAGTGCCAGAA,0,4929554
ygfS_ygfT_predicted,0.5,1,1,CTCTTACCCCCTATTCGAAG,0,4899841
ygfS_ygfT_predicted,0.5,1,1,CTCTGCAGCTTCTTTGAAGA,0,4922049
ygfS_ygfT_predicted,0.5,1,1,CTCTGATCATATGAACGAGT,0,4901218
ygfS_ygfT_predicted,0.5,1,1,CTCTCGGGAGGTGAATCCTC,0,4900937
ygfS_ygfT_predicted,0.5,1,1,CTCTCCAAAGGGCAGGACCT,0,4928768
ygfS_ygfT_predicted,0.5,1,1,CTCTCAACTCGTTGCCCAAC,0,4924724
ygfS_ygfT_predicted,0.5,1,1,CTCGTTTACTACCTTACGTT,0,4925376
ygfS_ygfT_predicted,0.5,1,1,CTCGTTACCGAGGTTGACTT,0,4905331
ygfS_ygfT_predicted,0.5,1,1,CTCGTATTGGTGAGATATTC,0,4913759
ygfS_ygfT_predicted,0.5,1,1,CTCGGGGGAGCCCTAAAGAG,0,4920624
ygfS_ygfT_predicted,0.5,1,1,CTCGAGGAACTCAGCAGCCG,0,4914460
ygfS_ygfT_predicted,0.5,1,1,CTCGACTTACGTTTCCGGCC,0,4923232
ygfS_ygfT_predicted,0.5,1,1,CTCGACATTGGGCATGCTTA,0,4910470
ygfS_ygfT_predicted,0.5,1,1,CTCGAACACAGTCTGTGTGC,0,4916482
ygfS_ygfT_predicted,0.5,1,1,CTCCTTCATCGATCGTGAGC,0,4906565
ygfS_ygfT_predicted,0.5,1,1,CTCCGTTTTCCCTGGTAGAG,0,4905356
ygfS_ygfT_predicted,0.5,1,1,CTCCGATTACTTTGCTGGTA,0,4899964
ygfS_ygfT_predicted,0.5,1,1,CTCCCTTACCGTTACAATTT,0,4925067
ygfS_ygfT_predicted,0.5,1,1,CTCCAGTCTCTTATGTATCC,0,4914042
ygfS_ygfT_predicted,0.5,1,1,CTCATGCTTTTTTGATTGCT,0,4912405
ygfS_ygfT_predicted,0.5,1,1,CTCATCCAACTTACAGCATG,0,4905231
ygfS_ygfT_predicted,0.5,1,1,CTCATCAGCTCCGCGGTTCG,0,4923118
ygfS_ygfT_predicted,0.5,1,1,CTCACGAATTGTTAGATCTA,0,4927773
ygfS_ygfT_predicted,0.5,1,1,CTCACAGTCTTCTCTAAATG,0,4907704
ygfS_ygfT_predicted,0.5,1,1,CTCACACGTATTTGCCTATG,0,4919221
ygfS_ygfT_predicted,0.5,1,1,CTCAAGGACTGGGGAGCACC,0,4917293
ygfS_ygfT_predicted,0.5,1,1,CTATTTAGGTCTCATGGTCA,0,4920383
ygfS_ygfT_predicted,0.5,1,1,CTATGGTCATACAGGCTGAA,0,4914450
ygfS_ygfT_predicted,0.5,1,1,CTATCACGGGACTTGGGACC,0,4931305
ygfS_ygfT_predicted,0.5,1,1,CTAGTGTCTAGGAAGTCCCC,0,4913953
ygfS_ygfT_predicted,0.5,1,1,CTAGTGGTTTATGTTTATGT,0,4925235
ygfS_ygfT_predicted,0.5,1,1,CTAGGTCTCTACAGAATAGT,0,4903487
ygfS_ygfT_predicted,0.5,1,1,CTAGGATAGGACCGACCAGT,0,4913089
ygfS_ygfT_predicted,0.5,1,1,CTAGGAAGCGGAGGTATTGC,0,4907042
ygfS_ygfT_predicted,0.5,1,1,CTAGCGTCTATAACCGAGGC,0,4907414
ygfS_ygfT_predicted,0.5,1,1,CTAGCCAGAACGGTAAGCAC,0,4911342
ygfS_ygfT_predicted,0.5,1,1,CTAGCACTATAGGAGCATGA,0,4914059
ygfS_ygfT_predicted,0.5,1,1,CTACTGAATGCGTTAAAACC,0,4916733
ygfS_ygfT_predicted,0.5,1,1,CTACCTAGCTAGCGAGTATG,0,4905385
ygfS_ygfT_predicted,0.5,1,1,CTACCGCTCAAGTAGGGGCT,0,4907197
ygfS_ygfT_predicted,0.5,1,1,CTACCGCGTAAACTGGAAAA,0,4900670
ygfS_ygfT_predicted,0.5,1,1,CTACCGAAAGCTATCTCATT,0,4904915
ygfS_ygfT_predicted,0.5,1,1,CTACAATACGAAGAAGGATA,0,4906961
ygfS_ygfT_predicted,0.5,1,1,CTAATTAGTACTGCTTCAGG,0,4922031
ygfS_ygfT_predicted,0.5,1,1,CTAATGACCTCATCCCTGCT,0,4926334
ygfS_ygfT_predicted,0.5,1,1,CTAATCGCAAATCCCTCCGC,0,4915696
ygfS_ygfT_predicted,0.5,1,1,CTAAGTATTTCTTTCCTCCA,0,4930601
ygfS_ygfT_predicted,0.5,1,1,CTAAGGTGTCTACTTCCGGA,0,4910368
ygfS_ygfT_predicted,0.5,1,1,CTAAGCTAACGTGCAACCGC,0,4916006
ygfS_ygfT_predicted,0.5,1,1,CTAAGCAGTCACGATATGGC,0,4924788
ygfS_ygfT_predicted,0.5,1,1,CTAAAGGGTCTTTGGCGGCG,0,4906178
ygfS_ygfT_predicted,0.5,1,1,CGTTTTACTCACCTTTTGCC,0,4916169
ygfS_ygfT_predicted,0.5,1,1,CGTTGGGAGGGAGATTGGCT,0,4930024
ygfS_ygfT_predicted,0.5,1,1,CGTTGGACGAGGAGATGCAT,0,4915017
ygfS_ygfT_predicted,0.5,1,1,CGTTCAATAAATATCGGATT,0,4906329
ygfS_ygfT_predicted,0.5,1,1,CGTTATACAAAAGGCGCGGA,0,4905512
ygfS_ygfT_predicted,0.5,1,1,CGTTAACGACTCCGAAGTAA,0,4904665
ygfS_ygfT_predicted,0.5,1,1,CGTGTGAGCGGGATCATCAG,0,4905160
ygfS_ygfT_predicted,0.5,1,1,CGTGTCTACCTGTATTTAGG,0,4927907
ygfS_ygfT_predicted,0.5,1,1,CGTGGTCTGCGAGCCAATGG,0,4922629
ygfS_ygfT_predicted,0.5,1,1,CGTGGTCTAATCTGTTGCGG,0,4922068
ygfS_ygfT_predicted,0.5,1,1,CGTGAGGAGTTTTTACCCAT,0,4910999
ygfS_ygfT_predicted,0.5,1,1,CGTCTTGAGCCTTTACCGCG,0,4902913
ygfS_ygfT_predicted,0.5,1,1,CGTCTGCCGAAAAAGACGGA,0,4916202
ygfS_ygfT_predicted,0.5,1,1,CGTCCGCCCCTCGGACGTCA,0,4920465
ygfS_ygfT_predicted,0.5,1,1,CGTCCAGACAGTTTGAAAGC,0,4911527
ygfS_ygfT_predicted,0.5,1,1,CGTATTCTGGGTGGGATGTA,0,4918865
ygfS_ygfT_predicted,0.5,1,1,CGTAGGTGGGACGCTCAGAC,0,4903022
ygfS_ygfT_predicted,0.5,1,1,CGTACCTCCAGGATTTGGCA,0,4904381
ygfS_ygfT_predicted,0.5,1,1,CGTACCGATCATTGCAGCTC,0,4921855
ygfS_ygfT_predicted,0.5,1,1,CGTACATGATTGTTTATTAC,0,4928313
ygfS_ygfT_predicted,0.5,1,1,CGTAAGCCACATGTGGTGGC,0,4929488
ygfS_ygfT_predicted,0.5,1,1,CGTAAGAGGTGATTATGTCT,0,4908657
ygfS_ygfT_predicted,0.5,1,1,CGTAACCGGGTCACGCAATG,0,4912571
ygfS_ygfT_predicted,0.5,1,1,CGGTTTTGTATCCTAGTTCA,0,4912363
ygfS_ygfT_predicted,0.5,1,1,CGGTTTGTCCATACCTTGCT,0,4907910
ygfS_ygfT_predicted,0.5,1,1,CGGTTCTCTCTTCAGGAATG,0,4930902
ygfS_ygfT_predicted,0.5,1,1,CGGTTACCCCTCAGCCGGTT,0,4921741
ygfS_ygfT_predicted,0.5,1,1,CGGTGCACAGCGGCCGACGC,0,4927959
ygfS_ygfT_predicted,0.5,1,1,CGGTGATTACCAGGTAACGG,0,4920611
ygfS_ygfT_predicted,0.5,1,1,CGGTCTCGAAGTTGAATCGT,0,4926958
ygfS_ygfT_predicted,0.5,1,1,CGGTCCTGGATTATATAGAC,0,4906955
ygfS_ygfT_predicted,0.5,1,1,CGGGTGCGAGTGCGAGACGG,0,4924423
ygfS_ygfT_predicted,0.5,1,1,CGGGTCAACGACCGGTCCTT,0,4915621
ygfS_ygfT_predicted,0.5,1,1,CGGGGTCTTGGAGAATGTAG,0,4913220
ygfS_ygfT_predicted,0.5,1,1,CGGGGCTAAAATTTTTTTGA,0,4923185
ygfS_ygfT_predicted,0.5,1,1,CGGGGAGGCTTCAACATACC,0,4902784
ygfS_ygfT_predicted,0.5,1,1,CGGGCCTATGGACTGAGGTC,0,4914378
ygfS_ygfT_predicted,0.5,1,1,CGGGCCAAGAAATTTCCCGT,0,4914226
ygfS_ygfT_predicted,0.5,1,1,CGGGATTAGAGTGAGTACAT,0,4921364
ygfS_ygfT_predicted,0.5,1,1,CGGCTCTGAATCATTGCATC,0,4907161
ygfS_ygfT_predicted,0.5,1,1,CGGCCTATTTATTTGACATC,0,4906190
ygfS_ygfT_predicted,0.5,1,1,CGGCATGCCCTTGTAGGCCC,0,4928435
ygfS_ygfT_predicted,0.5,1,1,CGGCACATTGGGGGACGGGA,0,4902168
ygfS_ygfT_predicted,0.5,1,1,CGGATTATTTGCAGGTCCAA,0,4911155
ygfS_ygfT_predicted,0.5,1,1,CGGATACAGGTTACCTAGGT,0,4928432
ygfS_ygfT_predicted,0.5,1,1,CGGAGGAGCAAGAACCGGGC,0,4902624
ygfS_ygfT_predicted,0.5,1,1,CGGAGAGATGTGGGCGAAGA,0,4916635
ygfS_ygfT_predicted,0.5,1,1,CGGACACTACAAGTTGGATA,0,4906057
ygfS_ygfT_predicted,0.5,1,1,CGGAAGGCCTTTGTCCTGAC,0,4906356
ygfS_ygfT_predicted,0.5,1,1,CGGAAGGACCCTTGCGGGAT,0,4928196
ygfS_ygfT_predicted,0.5,1,1,CGGAAGACTGTTTGGGAGGA,0,4904062
ygfS_ygfT_predicted,0.5,1,1,CGGAAACGCCAGTGGACTTC,0,4916722
ygfS_ygfT_predicted,0.5,1,1,CGCTTGTTTAAAGAATATTG,0,4901983
ygfS_ygfT_predicted,0.5,1,1,CGCTTCCGAATTCAGTACTC,0,4919214
ygfS_ygfT_predicted,0.5,1,1,CGCTGCACTCATGCTTTGTA,0,4929221
ygfS_ygfT_predicted,0.5,1,1,CGCTCACGAGCGGAAGTGCC,0,4924485
ygfS_ygfT_predicted,0.5,1,1,CGCTATTATTTTCTATGTCG,0,4908611
ygfS_ygfT_predicted,0.5,1,1,CGCTACCTAGATCCGGTAAG,0,4911099
ygfS_ygfT_predicted,0.5,1,1,CGCGGATACCGGGCTCATCG,0,4928897
ygfS_ygfT_predicted,0.5,1,1,CGCGGAAAATACACTGTCTT,0,4918213
ygfS_ygfT_predicted,0.5,1,1,CGCGCGTGATCCGTTATGTC,0,4919801
ygfS_ygfT_predicted,0.5,1,1,CGCGAGCTAGGTATCTACCA,0,4915686
ygfS_ygfT_predicted,0.5,1,1,CGCCTTCGGCAGCCCCCGTC,0,4905534
ygfS_ygfT_predicted,0.5,1,1,CGCCGGCGCACAATATGGCC,0,4920108
ygfS_ygfT_predicted,0.5,1,1,CGCCGGCACGGAGTACTCAG,0,4919461
ygfS_ygfT_predicted,0.5,1,1,CGCCCGTGGGATTGCGTCCG,0,4904189
ygfS_ygfT_predicted,0.5,1,1,CGCCCGGCAGGGGTAATCGA,0,4919805
ygfS_ygfT_predicted,0.5,1,1,CGCCCCCGGTCCTCGAAAGA,0,4927237
ygfS_ygfT_predicted,0.5,1,1,CGCCAACCGGCCTCTAGTTA,0,4911422
ygfS_ygfT_predicted,0.5,1,1,CGCACATGAGCCACACTTGG,0,4903640
ygfS_ygfT_predicted,0.5,1,1,CGCAAGCTCCCGAAGAGGCA,0,4907091
ygfS_ygfT_predicted,0.5,1,1,CGCAAGAAGATTCAGACCAG,0,4913690
ygfS_ygfT_predicted,0.5,1,1,CGCAAATGGGGTCATCATCG,0,4930041
ygfS_ygfT_predicted,0.5,1,1,CGCAAAAACGTGGGAAGGGT,0,4910001
ygfS_ygfT_predicted,0.5,1,1,CGATTACAGTTACACATCCT,0,4911285
ygfS_ygfT_predicted,0.5,1,1,CGATGGTAACATACAAGGAG,0,4915382
ygfS_ygfT_predicted,0.5,1,1,CGATGGCGAGCAAATCCCCA,0,4928300
ygfS_ygfT_predicted,0.5,1,1,CGATGGAGTATCTAGCAGGT,0,4902790
ygfS_ygfT_predicted,0.5,1,1,CGATACGAAACTACAGGACG,0,4912996
ygfS_ygfT_predicted,0.5,1,1,CGATAACGTTGAAATCGATA,0,4904199
ygfS_ygfT_predicted,0.5,1,1,CGAGTCGGCGACACCTTCAT,0,4905054
ygfS_ygfT_predicted,0.5,1,1,CGAGTCAGGTTTTATAGTAT,0,4921492
ygfS_ygfT_predicted,0.5,1,1,CGAGTATTTTTTGCATAATA,0,4921380
ygfS_ygfT_predicted,0.5,1,1,CGAGGTGGGGTGTCAGCATT,0,4902924
ygfS_ygfT_predicted,0.5,1,1,CGAGGCCGCTCTAATACGGA,0,4910094
ygfS_ygfT_predicted,0.5,1,1,CGAGGCACGGCACTTCTGCA,0,4931262
ygfS_ygfT_predicted,0.5,1,1,CGAGGAGTAATACATAACGT,0,4922319
ygfS_ygfT_predicted,0.5,1,1,CGAGCGAACGACGCCATGCC,0,4909332
ygfS_ygfT_predicted,0.5,1,1,CGAGACGATAGGGGGTGGCT,0,4900174
ygfS_ygfT_predicted,0.5,1,1,CGACTGAGAATTACAACCTA,0,4918560
ygfS_ygfT_predicted,0.5,1,1,CGACTCCGAGCAGCTAATTT,0,4905501
ygfS_ygfT_predicted,0.5,1,1,CGACTAGGGCAATGTAGTAA,0,4902944
ygfS_ygfT_predicted,0.5,1,1,CGACGTGGTGTAGTCTAGAG,0,4905447
ygfS_ygfT_predicted,0.5,1,1,CGACGATCAAGAGGATTGCT,0,4904595
ygfS_ygfT_predicted,0.5,1,1,CGACCTGGTGTAAGGTATAG,0,4912855
ygfS_ygfT_predicted,0.5,1,1,CGACCGACAATCAACCATTA,0,4923961
ygfS_ygfT_predicted,0.5,1,1,CGACAGACGCTAACTCCCGC,0,4922816
ygfS_ygfT_predicted,0.5,1,1,CGACACAACCTGGGACCTCT,0,4924565
ygfS_ygfT_predicted,0.5,1,1,CGAATTATCATGACCTGGCT,0,4928505
ygfS_ygfT_predicted,0.5,1,1,CGAATGTGCGGCTAAAGAGT,0,4907163
ygfS_ygfT_predicted,0.5,1,1,CGAAGAAGCTGGTTTGGGGG,0,4905672
ygfS_ygfT_predicted,0.5,1,1,CGAACTAAGATTAAATCCTA,0,4929403
ygfS_ygfT_predicted,0.5,1,1,CGAACGCCGTGTACAACGGG,0,4902303
ygfS_ygfT_predicted,0.5,1,1,CGAACACCGGGGCACCAAAT,0,4923148
ygfS_ygfT_predicted,0.5,1,1,CGAAAGTCCTATGGAGTTAA,0,4903948
ygfS_ygfT_predicted,0.5,1,1,CGAAACACAATCAGCAGGGC,0,4922053
ygfS_ygfT_predicted,0.5,1,1,CGAAAAGTCGATGTTGAGAT,0,4930298
ygfS_ygfT_predicted,0.5,1,1,CCTTTTAATTTTTGTCCCAA,0,4918297
ygfS_ygfT_predicted,0.5,1,1,CCTTTGGCGAGTAAGTTCGT,0,4923549
ygfS_ygfT_predicted,0.5,1,1,CCTTTCCGGTACCCACGCCA,0,4926124
ygfS_ygfT_predicted,0.5,1,1,CCTTCTATTCCTCGCGAACT,0,4930591
ygfS_ygfT_predicted,0.5,1,1,CCTTCTACTTCGCCTTGATC,0,4924865
ygfS_ygfT_predicted,0.5,1,1,CCTTCCCGGTGTGCTCATCA,0,4920152
ygfS_ygfT_predicted,0.5,1,1,CCTTCCAGGCGCAAGGTACA,0,4915307
ygfS_ygfT_predicted,0.5,1,1,CCTTCAGCGCAGTTGATGAT,0,4917323
ygfS_ygfT_predicted,0.5,1,1,CCTTAGTGAAATCCTTGGTG,0,4917399
ygfS_ygfT_predicted,0.5,1,1,CCTTAGACTCCGAAGCAGCA,0,4929692
ygfS_ygfT_predicted,0.5,1,1,CCTTACCGCCGACTCCGGTT,0,4921023
ygfS_ygfT_predicted,0.5,1,1,CCTGTGACGGATTCAACAGT,0,4929522
ygfS_ygfT_predicted,0.5,1,1,CCTGGTGGCTTGCGTCCGCT,0,4918072
ygfS_ygfT_predicted,0.5,1,1,CCTGCGTATTAGGAGGATGT,0,4930967
ygfS_ygfT_predicted,0.5,1,1,CCTGCGGGACGTGCCAGTTA,0,4920257
ygfS_ygfT_predicted,0.5,1,1,CCTGCAACGAGGGCACCGGC,0,4919616
ygfS_ygfT_predicted,0.5,1,1,CCTGAATTCGCATAGACGAC,0,4910255
ygfS_ygfT_predicted,0.5,1,1,CCTGAAATGACACGCAGTAA,0,4903130
ygfS_ygfT_predicted,0.5,1,1,CCTCTTGAAGACGGCGTGTG,0,4907896
ygfS_ygfT_predicted,0.5,1,1,CCTCTGACCAGCTTACGGTG,0,4929329
ygfS_ygfT_predicted,0.5,1,1,CCTCTCTTCGGCGGCCAGAA,0,4924077
ygfS_ygfT_predicted,0.5,1,1,CCTCTCGACTCACAATTGTC,0,4919798
ygfS_ygfT_predicted,0.5,1,1,CCTCGGCCACTGTATGTTAT,0,4922188
ygfS_ygfT_predicted,0.5,1,1,CCTCCTTGGGCTTCAAAAAG,0,4913088
ygfS_ygfT_predicted,0.5,1,1,CCTATTTTCTCATCAGTGCT,0,4914004
ygfS_ygfT_predicted,0.5,1,1,CCTATGGACACCCTCGGTTT,0,4925211
ygfS_ygfT_predicted,0.5,1,1,CCTAGCTATCCTAAGTATAG,0,4909545
ygfS_ygfT_predicted,0.5,1,1,CCTACTTTTGGATGCTATGT,0,4925132
ygfS_ygfT_predicted,0.5,1,1,CCTACCGCTGATGGCTTGCT,0,4906138
ygfS_ygfT_predicted,0.5,1,1,CCTAAGAGCCTCTTGCATCC,0,4912175
ygfS_ygfT_predicted,0.5,1,1,CCGTTGTTTCTGTAGTTAAA,0,4915967
ygfS_ygfT_predicted,0.5,1,1,CCGTTCTTGTGACTCACGAG,0,4912387
ygfS_ygfT_predicted,0.5,1,1,CCGTGGTTCAATGAGATCAT,0,4912114
ygfS_ygfT_predicted,0.5,1,1,CCGTGGATGGGCTCAACCTA,0,4922618
ygfS_ygfT_predicted,0.5,1,1,CCGTGGAGCTACACTAAATT,0,4902959
ygfS_ygfT_predicted,0.5,1,1,CCGTATCGATGCTGTACAAC,0,4911113
ygfS_ygfT_predicted,0.5,1,1,CCGGTGTCGTAACCTGCATG,0,4905882
ygfS_ygfT_predicted,0.5,1,1,CCGGGGTTCGCGACCCGTCC,0,4903232
ygfS_ygfT_predicted,0.5,1,1,CCGGGCAATTGGCCGAATGC,0,4899804
ygfS_ygfT_predicted,0.5,1,1,CCGGATCAAATTGTGGACCC,0,4927326
ygfS_ygfT_predicted,0.5,1,1,CCGGATACGATAATGAGACA,0,4925355
ygfS_ygfT_predicted,0.5,1,1,CCGGACGCTCCAACGGTCAG,0,4930626
ygfS_ygfT_predicted,0.5,1,1,CCGGAAGGGTACATATCGCA,0,4900751
ygfS_ygfT_predicted,0.5,1,1,CCGGAAAGCTCTAACCCCCA,0,4909997
ygfS_ygfT_predicted,0.5,1,1,CCGCTGTTCCCGGAAGGTGA,0,4925068
ygfS_ygfT_predicted,0.5,1,1,CCGCTAGTAATTCCGAAGGG,0,4910102
ygfS_ygfT_predicted,0.5,1,1,CCGCGCTAGGTCTATTCTTT,0,4928817
ygfS_ygfT_predicted,0.5,1,1,CCGCGCGTTAGCCAACCAGT,0,4912385
ygfS_ygfT_predicted,0.5,1,1,CCGCGATGTGAGGCTTGGAG,0,4930543
ygfS_ygfT_predicted,0.5,1,1,CCGCCTATCACTGAGGAGTG,0,4914142
ygfS_ygfT_predicted,0.5,1,1,CCGCCATGAGATGGTGAGAT,0,4928643
ygfS_ygfT_predicted,0.5,1,1,CCGCCAGGAAACGTTAGAAC,0,4904505
ygfS_ygfT_predicted,0.5,1,1,CCGCATTTGGAATGGGTTAA,0,4908379
ygfS_ygfT_predicted,0.5,1,1,CCGCATCATCGACAAGTCAA,0,4912446
ygfS_ygfT_predicted,0.5,1,1,CCGATGCCGGATACTACAGT,0,4928651
ygfS_ygfT_predicted,0.5,1,1,CCGATACCGCTCACTCACCT,0,4912825
ygfS_ygfT_predicted,0.5,1,1,CCGAGTTAGCTCAATTAAGT,0,4901629
ygfS_ygfT_predicted,0.5,1,1,CCGAGTGTATGCGCTAACGG,0,4916655
ygfS_ygfT_predicted,0.5,1,1,CCGAGATTCGCCCGCCGCTT,0,4918861
ygfS_ygfT_predicted,0.5,1,1,CCGAAGGAATTAGGTATCAG,0,4926477
ygfS_ygfT_predicted,0.5,1,1,CCGAAACTGAGACCTCAAAT,0,4905685
ygfS_ygfT_predicted,0.5,1,1,CCCTTTCACGAGTGGTCGTA,0,4913237
ygfS_ygfT_predicted,0.5,1,1,CCCTTTACCCAAGATGGCGT,0,4929966
ygfS_ygfT_predicted,0.5,1,1,CCCTTATGTTTTATAATTTC,0,4929281
ygfS_ygfT_predicted,0.5,1,1,CCCTGACCTCCACATTAATT,0,4902413
ygfS_ygfT_predicted,0.5,1,1,CCCTCCGCTTTAACTGGGTG,0,4902836
ygfS_ygfT_predicted,0.5,1,1,CCCTCATACTCCAACGCTCT,0,4928631
ygfS_ygfT_predicted,0.5,1,1,CCCTCACCTAGCTAGATACG,0,4901164
ygfS_ygfT_predicted,0.5,1,1,CCCGTTAATTATCCCGCCAT,0,4912079
ygfS_ygfT_predicted,0.5,1,1,CCCGTTAAACAGGGATATGA,0,4912182
ygfS_ygfT_predicted,0.5,1,1,CCCGTGTATCGCTTGTCTTC,0,4913612
ygfS_ygfT_predicted,0.5,1,1,CCCGTACGGCATGAGATCAT,0,4908983
ygfS_ygfT_predicted,0.5,1,1,CCCGGTTGGACGAAACACTC,0,4920212
ygfS_ygfT_predicted,0.5,1,1,CCCGGTAAAAGGATAAGGCG,0,4909044
ygfS_ygfT_predicted,0.5,1,1,CCCGGCTACGTGGCGGGCCT,0,4917734
ygfS_ygfT_predicted,0.5,1,1,CCCGGAGCACATATCAGGGC,0,4926409
ygfS_ygfT_predicted,0.5,1,1,CCCGCTGATGAATCCGTTAG,0,4929231
ygfS_ygfT_predicted,0.5,1,1,CCCGCGCCAGTCTACGCCAC,0,4918716
ygfS_ygfT_predicted,0.5,1,1,CCCGCCACCCGTACCTTGCA,0,4917059
ygfS_ygfT_predicted,0.5,1,1,CCCCTGTCCGCTGTAGTCAA,0,4915907
ygfS_ygfT_predicted,0.5,1,1,CCCCTGAAACTGGGAATCAG,0,4924602
ygfS_ygfT_predicted,0.5,1,1,CCCCTCGTTTCGGGCAGGAG,0,4919015
ygfS_ygfT_predicted,0.5,1,1,CCCCTCCAGCTGGCCCGCTG,0,4918617
ygfS_ygfT_predicted,0.5,1,1,CCCCTACAACGGGACGCACA,0,4931190
ygfS_ygfT_predicted,0.5,1,1,CCCCGGACTACTATATATTT,0,4906297
ygfS_ygfT_predicted,0.5,1,1,CCCCGCTCCGGAACCTACGT,0,4916206
ygfS_ygfT_predicted,0.5,1,1,CCCCGCCTATAACTCTCACT,0,4926080
ygfS_ygfT_predicted,0.5,1,1,CCCCGAATGTTATGCGTACA,0,4909200
ygfS_ygfT_predicted,0.5,1,1,CCCCCTCCACGTATGTTAAC,0,4904093
ygfS_ygfT_predicted,0.5,1,1,CCCCCGGTGCAGGTTTCTAT,0,4930367
ygfS_ygfT_predicted,0.5,1,1,CCCCCCAGCGGACTGTTGTA,0,4901195
ygfS_ygfT_predicted,0.5,1,1,CCCATTCACCACTTTAAGCG,0,4901274
ygfS_ygfT_predicted,0.5,1,1,CCCATGTTCAGTTATGTCTC,0,4900602
ygfS_ygfT_predicted,0.5,1,1,CCCATCCACCGAGGGACACT,0,4922494
ygfS_ygfT_predicted,0.5,1,1,CCCATCAGTCGCCAACAGCA,0,4911053
ygfS_ygfT_predicted,0.5,1,1,CCCAGTCTGGTACGTAGGTT,0,4904692
ygfS_ygfT_predicted,0.5,1,1,CCCAGATGGGGTTCTTGGCA,0,4912671
ygfS_ygfT_predicted,0.5,1,1,CCCAGAGTTGCTTAGACGGG,0,4912696
ygfS_ygfT_predicted,0.5,1,1,CCCAGAGTACAGAGGGTATT,0,4921029
ygfS_ygfT_predicted,0.5,1,1,CCCACTAGATAAGAAAACTG,0,4919546
ygfS_ygfT_predicted,0.5,1,1,CCCAAATCGTCCGCTGAGGC,0,4928527
ygfS_ygfT_predicted,0.5,1,1,CCATTGGGAGATAGGTCTGG,0,4926760
ygfS_ygfT_predicted,0.5,1,1,CCATTCTTTGACCCGTGCAG,0,4922061
ygfS_ygfT_predicted,0.5,1,1,CCATTCCGTACGTCGGTGTT,0,4916587
ygfS_ygfT_predicted,0.5,1,1,CCATTATAAAATTATAGTTA,0,4909114
ygfS_ygfT_predicted,0.5,1,1,CCATTAAACCCCAGGTCGGC,0,4926318
ygfS_ygfT_predicted,0.5,1,1,CCATGAGGTTCATGCGTAAC,0,4924578
ygfS_ygfT_predicted,0.5,1,1,CCATCTGGGCGTGCGTTTGC,0,4913070
ygfS_ygfT_predicted,0.5,1,1,CCATCCGTCTCGGCGCAGGG,0,4910058
ygfS_ygfT_predicted,0.5,1,1,CCATCCCCGTGCCGGTGCCT,0,4905696
ygfS_ygfT_predicted,0.5,1,1,CCATCCCACTGACAACAACG,0,4920135
ygfS_ygfT_predicted,0.5,1,1,CCATCAACTAAGAATCGATG,0,4920434
ygfS_ygfT_predicted,0.5,1,1,CCATAGCTCTCGTCCTCCTT,0,4926672
ygfS_ygfT_predicted,0.5,1,1,CCAGTTTCCGAGTACTCGTA,0,4930503
ygfS_ygfT_predicted,0.5,1,1,CCAGTGGACGTGAAAGTATT,0,4908258
ygfS_ygfT_predicted,0.5,1,1,CCAGTCGTGATACTGTCCCA,0,4927561
ygfS_ygfT_predicted,0.5,1,1,CCAGTAGGGATAGATGTTAC,0,4911993
ygfS_ygfT_predicted,0.5,1,1,CCAGGATTTACACGTCATAG,0,4909707
ygfS_ygfT_predicted,0.5,1,1,CCAGCTACGTCATCACATGT,0,4916295
ygfS_ygfT_predicted,0.5,1,1,CCAGCGTAGTTAAGCCTCAA,0,4917597
ygfS_ygfT_predicted,0.5,1,1,CCAGCGTAGATTATCTTCAA,0,4928993
ygfS_ygfT_predicted,0.5,1,1,CCAGCAGAACTGTGACAATA,0,4917310
ygfS_ygfT_predicted,0.5,1,1,CCAGATTTCGAGAGTCACAC,0,4922283
ygfS_ygfT_predicted,0.5,1,1,CCAGAGCAACGCTTCGACCA,0,4917468
ygfS_ygfT_predicted,0.5,1,1,CCACTTCTGCCCTAGCAGAG,0,4926089
ygfS_ygfT_predicted,0.5,1,1,CCACAAGTGTTGGCGAGTGA,0,4926173
ygfS_ygfT_predicted,0.5,1,1,CCACAAATACCCTTAATGAT,0,4920225
ygfS_ygfT_predicted,0.5,1,1,CCAATTATCCACATCCTCAT,0,4924753
ygfS_ygfT_predicted,0.5,1,1,CCAATCGGATCCGTGTATTC,0,4916173
ygfS_ygfT_predicted,0.5,1,1,CCAATCGGAAAATATGGTCA,0,4924856
ygfS_ygfT_predicted,0.5,1,1,CCAACGCTGAAACAGAGCAT,0,4906400
ygfS_ygfT_predicted,0.5,1,1,CATTTTTCAGATTTTTTTGC,0,4926625
ygfS_ygfT_predicted,0.5,1,1,CATTTCCTGAGTTGGGAGGA,0,4904745
ygfS_ygfT_predicted,0.5,1,1,CATTTAAGTAAACCCCCGCA,0,4905232
ygfS_ygfT_predicted,0.5,1,1,CATTTAAGCGCCAACGATTC,0,4927046
ygfS_ygfT_predicted,0.5,1,1,CATGTTTTCGGTACTGGCAT,0,4910184
ygfS_ygfT_predicted,0.5,1,1,CATGTATTCTGTTTTAATAC,0,4899797
ygfS_ygfT_predicted,0.5,1,1,CATGGGTGAACTCGAAAGTT,0,4921926
ygfS_ygfT_predicted,0.5,1,1,CATGGGCTATGAAAAGGGGG,0,4909264
ygfS_ygfT_predicted,0.5,1,1,CATGCTCGGCGCGTAGGCCA,0,4909132
ygfS_ygfT_predicted,0.5,1,1,CATGCGCATAGCCTGTGCTC,0,4906482
ygfS_ygfT_predicted,0.5,1,1,CATGCAGCACTCAACTCGGT,0,4908019
ygfS_ygfT_predicted,0.5,1,1,CATGCACACCCCAGGCCGCT,0,4928974
ygfS_ygfT_predicted,0.5,1,1,CATGACGGTATACACGTGGG,0,4928845
ygfS_ygfT_predicted,0.5,1,1,CATGACACAAAGAGAATAGC,0,4902350
ygfS_ygfT_predicted,0.5,1,1,CATCTCGTGACAACCTACAG,0,4912075
ygfS_ygfT_predicted,0.5,1,1,CATCGCCTTCAGGATCCGTC,0,4905380
ygfS_ygfT_predicted,0.5,1,1,CATCCTGGGAATGACCCTCA,0,4930229
ygfS_ygfT_predicted,0.5,1,1,CATCCCATTAAAAGAGCATA,0,4904735
ygfS_ygfT_predicted,0.5,1,1,CATCAATCTAGACCCCTTGT,0,4924811
ygfS_ygfT_predicted,0.5,1,1,CATACAAACTTAACTCTGGA,0,4906399
ygfS_ygfT_predicted,0.5,1,1,CATAATTGTCGTCTGTTGGA,0,4907511
ygfS_ygfT_predicted,0.5,1,1,CAGTTGGGTACATCTTCCGT,0,4909838
ygfS_ygfT_predicted,0.5,1,1,CAGTTATATGAACTCTACCA,0,4922701
ygfS_ygfT_predicted,0.5,1,1,CAGTTATAAAGCATCTCATA,0,4912915
ygfS_ygfT_predicted,0.5,1,1,CAGTGGTCCAACCTAACACT,0,4910758
ygfS_ygfT_predicted,0.5,1,1,CAGTCTGAGCTACCGTGCCT,0,4922411
ygfS_ygfT_predicted,0.5,1,1,CAGTCTCATAGAACGCATAT,0,4911705
ygfS_ygfT_predicted,0.5,1,1,CAGTCACGATTGGGCGTCTC,0,4924139
ygfS_ygfT_predicted,0.5,1,1,CAGTACGGCTGGGGACTGGT,0,4930867
ygfS_ygfT_predicted,0.5,1,1,CAGTACAGCCAATCATGGGC,0,4917525
ygfS_ygfT_predicted,0.5,1,1,CAGGTCACTACTCGTTAGCG,0,4929380
ygfS_ygfT_predicted,0.5,1,1,CAGGTAATGGTAAACATCGG,0,4923002
ygfS_ygfT_predicted,0.5,1,1,CAGGGTACTAAGCTCTCAAT,0,4925395
ygfS_ygfT_predicted,0.5,1,1,CAGGGATTAGCGACATAGGA,0,4929715
ygfS_ygfT_predicted,0.5,1,1,CAGGCGGGTTTCGAGCACAC,0,4900037
ygfS_ygfT_predicted,0.5,1,1,CAGGCCACGCGATTGTCGTC,0,4903052
ygfS_ygfT_predicted,0.5,1,1,CAGGCAGGCGCATATCATAT,0,4904413
ygfS_ygfT_predicted,0.5,1,1,CAGGATGGCCTGGGACTCGT,0,4917781
ygfS_ygfT_predicted,0.5,1,1,CAGGAGGTTGAATTAGTTGT,0,4907205
ygfS_ygfT_predicted,0.5,1,1,CAGCGTAGGGGAGTAAAAAG,0,4913281
ygfS_ygfT_predicted,0.5,1,1,CAGCGTACCCGAGCCACGCT,0,4926020
ygfS_ygfT_predicted,0.5,1,1,CAGCGGCGCATCGACATCAA,0,4916995
ygfS_ygfT_predicted,0.5,1,1,CAGCGAATCTATTCGGCATA,0,4928855
ygfS_ygfT_predicted,0.5,1,1,CAGCCTTATTCCAGCGTTTA,0,4914759
ygfS_ygfT_predicted,0.5,1,1,CAGCCGGTGGTCGTTTGGCA,0,4917812
ygfS_ygfT_predicted,0.5,1,1,CAGCCCCCAAATACCCGAGA,0,4923290
ygfS_ygfT_predicted,0.5,1,1,CAGCCAATGCCCTTCTCGTA,0,4904630
ygfS_ygfT_predicted,0.5,1,1,CAGCATCTTGTAGTGCATCG,0,4918199
ygfS_ygfT_predicted,0.5,1,1,CAGCAGTAGTAAAGTCGGTG,0,4918542
ygfS_ygfT_predicted,0.5,1,1,CAGAGGTGGAGACAGGCACA,0,4924447
ygfS_ygfT_predicted,0.5,1,1,CAGACTATATCAGTATGCTT,0,4913080
ygfS_ygfT_predicted,0.5,1,1,CAGACACAAGTTGTAGATTA,0,4910009
ygfS_ygfT_predicted,0.5,1,1,CACTTTCGCCAGTGTCCCGG,0,4926396
ygfS_ygfT_predicted,0.5,1,1,CACTGTGGCAAAGAACTAAC,0,4917570
ygfS_ygfT_predicted,0.5,1,1,CACTCCAACACTACGCGGCC,0,4910201
ygfS_ygfT_predicted,0.5,1,1,CACTAGAAGCAAGAATCTGG,0,4909586
ygfS_ygfT_predicted,0.5,1,1,CACGTTATGAGTAATATTAC,0,4928412
ygfS_ygfT_predicted,0.5,1,1,CACGTGGTCAGGTAGAGGGT,0,4908439
ygfS_ygfT_predicted,0.5,1,1,CACGGAGCTTCGGTAACGGA,0,4926928
ygfS_ygfT_predicted,0.5,1,1,CACGGACCAGTGACAGGAAT,0,4931008
ygfS_ygfT_predicted,0.5,1,1,CACGCGCGCGACAAGTTCCT,0,4902586
ygfS_ygfT_predicted,0.5,1,1,CACGCGATAGTACAATGGCT,0,4915193
ygfS_ygfT_predicted,0.5,1,1,CACGAGGATTTCAGACCGAT,0,4930001
ygfS_ygfT_predicted,0.5,1,1,CACGACTCGGAGTTGCACAG,0,4906855
ygfS_ygfT_predicted,0.5,1,1,CACCTTCATCACATAAGTTC,0,4924463
ygfS_ygfT_predicted,0.5,1,1,CACCTGTTCCTCTCTATGTA,0,4912991
ygfS_ygfT_predicted,0.5,1,1,CACCTCGTGGTCTGGACGAT,0,4917211
ygfS_ygfT_predicted,0.5,1,1,CACCTCCGGGCAAGGCGTAC,0,4923113
ygfS_ygfT_predicted,0.5,1,1,CACCGGTATCCGGTGGCTTA,0,4926669
ygfS_ygfT_predicted,0.5,1,1,CACCGGACATTCTAGGTCAG,0,4902191
ygfS_ygfT_predicted,0.5,1,1,CACCGCCCGTGAAACCACCG,0,4901193
ygfS_ygfT_predicted,0.5,1,1,CACCCGAATAGGTTATGTTT,0,4916383
ygfS_ygfT_predicted,0.5,1,1,CACCCAAAGAGGCCACTGAA,0,4928596
ygfS_ygfT_predicted,0.5,1,1,CACCATTGAGGCACACAGCT,0,4928080
ygfS_ygfT_predicted,0.5,1,1,CACATTATATATCGCGTGCG,0,4912911
ygfS_ygfT_predicted,0.5,1,1,CACAGGTATCTGTGAGTGTT,0,4912430
ygfS_ygfT_predicted,0.5,1,1,CACAAGCGAGTTATACTCTC,0,4913988
ygfS_ygfT_predicted,0.5,1,1,CAATTTCGTTTGAAGGTGCA,0,4908691
ygfS_ygfT_predicted,0.5,1,1,CAATGGCCGGTGAGCATGGG,0,4910133
ygfS_ygfT_predicted,0.5,1,1,CAATCGTGCCCACATGTAGA,0,4915589
ygfS_ygfT_predicted,0.5,1,1,CAATCGTAAATTGACACTGA,0,4921148
ygfS_ygfT_predicted,0.5,1,1,CAATATTCTGGAGAACAGGA,0,4909797
ygfS_ygfT_predicted,0.5,1,1,CAATACTATCAAACGGACCG,0,4900258
ygfS_ygfT_predicted,0.5,1,1,CAATAATACGATTGAAGTTC,0,4931029
ygfS_ygfT_predicted,0.5,1,1,CAAGGCCAAGTTGACTGCGG,0,4930979
ygfS_ygfT_predicted,0.5,1,1,CAAGCGGCCCACCAGACTCA,0,4903131
ygfS_ygfT_predicted,0.5,1,1,CAAGCGATTACGGCACGTAA,0,4919920
ygfS_ygfT_predicted,0.5,1,1,CAACTTTTTGACAGCGTAGC,0,4901354
ygfS_ygfT_predicted,0.5,1,1,CAACTTACATTGACGCAACG,0,4900528
ygfS_ygfT_predicted,0.5,1,1,CAACTCTCACAAGAGCAAAA,0,4920595
ygfS_ygfT_predicted,0.5,1,1,CAACGGTCTGACCGGGCAAT,0,4928556
ygfS_ygfT_predicted,0.5,1,1,CAACGGGCTGCTCCTTAGCA,0,4929473
ygfS_ygfT_predicted,0.5,1,1,CAACGCGCGACTGTCGATGG,0,4922851
ygfS_ygfT_predicted,0.5,1,1,CAACCTTGCATTAGCTGTCC,0,4901177
ygfS_ygfT_predicted,0.5,1,1,CAACCTCGACTCTAAGCGCG,0,4927338
ygfS_ygfT_predicted,0.5,1,1,CAAATGCTAAGCGATCTTTG,0,4912800
ygfS_ygfT_predicted,0.5,1,1,CAAATAGGCTTGCGAGCGGA,0,4902539
ygfS_ygfT_predicted,0.5,1,1,CAAAGTGACCTACTTGTGGT,0,4900904
ygfS_ygfT_predicted,0.5,1,1,CAAAGAAAAGTCCTTGCAAC,0,4914938
ygfS_ygfT_predicted,0.5,1,1,CAAACCCTATTGGGTGTATC,0,4905532
ygfS_ygfT_predicted,0.5,1,1,CAAAATTAACCCTAAGTCAA,0,4917437
ygfS_ygfT_predicted,0.5,1,1,CAAAATGAGCGTTCACAACT,0,4921088
ygfS_ygfT_predicted,0.5,1,1,CAAAACCGTTCTCAGAGCAT,0,4909042
ygfS_ygfT_predicted,0.5,1,1,ATTTTTTGCATCTCCCCTAT,0,4917947
ygfS_ygfT_predicted,0.5,1,1,ATTTTCAAGAAGCATAATTA,0,4921191
ygfS_ygfT_predicted,0.5,1,1,ATTTGTGTGGGGGGAGCAAT,0,4921109
ygfS_ygfT_predicted,0.5,1,1,ATTTGTGGGCGGCTGAACTC,0,4905579
ygfS_ygfT_predicted,0.5,1,1,ATTTGTACAGGCCCATGGGG,0,4928689
ygfS_ygfT_predicted,0.5,1,1,ATTTGCGGCGCCTACGAAGC,0,4912930
ygfS_ygfT_predicted,0.5,1,1,ATTTCTGGCAAACGGCTTAA,0,4910329
ygfS_ygfT_predicted,0.5,1,1,ATTTCGTTTTGTACCTGGGG,0,4920073
ygfS_ygfT_predicted,0.5,1,1,ATTTATGCCGTGCGCTACGG,0,4908626
ygfS_ygfT_predicted,0.5,1,1,ATTTAGTGCGGCACTCCCGA,0,4923765
ygfS_ygfT_predicted,0.5,1,1,ATTTAGCTGTGCCAGCCGGA,0,4925458
ygfS_ygfT_predicted,0.5,1,1,ATTTACTTGTTTATATCCTA,0,4903322
ygfS_ygfT_predicted,0.5,1,1,ATTGTCTCGACCGTTAGGTG,0,4906261
ygfS_ygfT_predicted,0.5,1,1,ATTGGCTTTCATAAGAAGAC,0,4906012
ygfS_ygfT_predicted,0.5,1,1,ATTGCGCGGGGCGCACCTGG,0,4904985
ygfS_ygfT_predicted,0.5,1,1,ATTGCCAAGAACATGATGAT,0,4925924
ygfS_ygfT_predicted,0.5,1,1,ATTGATTTTATAGAACCGCT,0,4914140
ygfS_ygfT_predicted,0.5,1,1,ATTGACGGTTCAGTCGCTGG,0,4922032
ygfS_ygfT_predicted,0.5,1,1,ATTGACCCCTCTGTCCGAAG,0,4912747
ygfS_ygfT_predicted,0.5,1,1,ATTCTGGCAAGCGTTGGTCG,0,4906116
ygfS_ygfT_predicted,0.5,1,1,ATTCGTAGGTGACACACATC,0,4903812
ygfS_ygfT_predicted,0.5,1,1,ATTCGGACAGGCAACCAGCT,0,4927383
ygfS_ygfT_predicted,0.5,1,1,ATTCGCGAGATACTTTAGAA,0,4903924
ygfS_ygfT_predicted,0.5,1,1,ATTCCTTACTGAGCTATCTC,0,4907562
ygfS_ygfT_predicted,0.5,1,1,ATTCCGCCCAAGGCGTTGGT,0,4930412
ygfS_ygfT_predicted,0.5,1,1,ATTCCCTGGAACCTGTATCA,0,4909541
ygfS_ygfT_predicted,0.5,1,1,ATTCCCGTTAGTACAACAAC,0,4919913
ygfS_ygfT_predicted,0.5,1,1,ATTCCCGACTGTCCTTTAGC,0,4905710
ygfS_ygfT_predicted,0.5,1,1,ATTCATTTCGCGCCATATGG,0,4927703
ygfS_ygfT_predicted,0.5,1,1,ATTCATCATAAGCCGGGTTA,0,4900695
ygfS_ygfT_predicted,0.5,1,1,ATTATGCGTAAACAGAGCTA,0,4930936
ygfS_ygfT_predicted,0.5,1,1,ATTATCGTAACCTAACGATC,0,4910039
ygfS_ygfT_predicted,0.5,1,1,ATTAGGTCTTTAGCAACGGG,0,4922305
ygfS_ygfT_predicted,0.5,1,1,ATTACAGGGGCCTGATACGG,0,4928197
ygfS_ygfT_predicted,0.5,1,1,ATTAATCCCAGACTTTTTAA,0,4909159
ygfS_ygfT_predicted,0.5,1,1,ATTAAGTTAACGCTGCGGCC,0,4929906
ygfS_ygfT_predicted,0.5,1,1,ATGTTTGCGGCACGGTTAAA,0,4906434
ygfS_ygfT_predicted,0.5,1,1,ATGTTCTATTGATTTGCACT,0,4918347
ygfS_ygfT_predicted,0.5,1,1,ATGTGTTCTGGTGTCGTGCT,0,4924956
ygfS_ygfT_predicted,0.5,1,1,ATGTGGAGAGAACATCAAGG,0,4920321
ygfS_ygfT_predicted,0.5,1,1,ATGTGCTCTTTAACCGCACT,0,4906578
ygfS_ygfT_predicted,0.5,1,1,ATGTGAAAAAAACTTCAACA,0,4928895
ygfS_ygfT_predicted,0.5,1,1,ATGTCTGGCACCCCTCCGAG,0,4915575
ygfS_ygfT_predicted,0.5,1,1,ATGTCTAGGTTTTTTCACGT,0,4916523
ygfS_ygfT_predicted,0.5,1,1,ATGTCGGGGCTGAAAACCCA,0,4930004
ygfS_ygfT_predicted,0.5,1,1,ATGTCAACGGGGGCTCCAAT,0,4912978
ygfS_ygfT_predicted,0.5,1,1,ATGTATGACAATCGGTTCAC,0,4922570
ygfS_ygfT_predicted,0.5,1,1,ATGTAGTAAGTAAACATCTC,0,4923007
ygfS_ygfT_predicted,0.5,1,1,ATGGTTCCCCGGCCTCTCTT,0,4926210
ygfS_ygfT_predicted,0.5,1,1,ATGGTGCGGAACAATCCGAG,0,4926289
ygfS_ygfT_predicted,0.5,1,1,ATGGTCAGAGGGAGCTGTGG,0,4904287
ygfS_ygfT_predicted,0.5,1,1,ATGGGTCCAGTAAACTCTGT,0,4927472
ygfS_ygfT_predicted,0.5,1,1,ATGGGCCAAGAGCCGAGTGT,0,4927443
ygfS_ygfT_predicted,0.5,1,1,ATGGCGCACCTCTCAGCGAA,0,4908231
ygfS_ygfT_predicted,0.5,1,1,ATGGCGATGAGCGTTCAGAG,0,4918367
ygfS_ygfT_predicted,0.5,1,1,ATGGCATCGCTATAAGGGAC,0,4920737
ygfS_ygfT_predicted,0.5,1,1,ATGGAGATTTCAGGAACGTG,0,4921471
ygfS_ygfT_predicted,0.5,1,1,ATGGAACTCCTTTCTCAAGA,0,4930762
ygfS_ygfT_predicted,0.5,1,1,ATGCTTGGATTGCTTCATCT,0,4930760
ygfS_ygfT_predicted,0.5,1,1,ATGCGTCCTGATCTGCTCCC,0,4900381
ygfS_ygfT_predicted,0.5,1,1,ATGCGGAATTTGCACTCACT,0,4902572
ygfS_ygfT_predicted,0.5,1,1,ATGCATCATGGTCGAGCAAT,0,4929665
ygfS_ygfT_predicted,0.5,1,1,ATGCATCAGCATGGCCTGAA,0,4929396
ygfS_ygfT_predicted,0.5,1,1,ATGATCGTGTTGGCGCTAAC,0,4925385
ygfS_ygfT_predicted,0.5,1,1,ATGATATTTAGCATGTTAAC,0,4911774
ygfS_ygfT_predicted,0.5,1,1,ATGACGGTAGTCCGTCAGCA,0,4928421
ygfS_ygfT_predicted,0.5,1,1,ATGAAATTCCCTGCGACACA,0,4914158
ygfS_ygfT_predicted,0.5,1,1,ATCTGTTTGGCGGACTATTT,0,4924248
ygfS_ygfT_predicted,0.5,1,1,ATCTGACAAGGCACATTTTC,0,4924458
ygfS_ygfT_predicted,0.5,1,1,ATCTCTGGAACGGCCAAGCC,0,4920068
ygfS_ygfT_predicted,0.5,1,1,ATCTCAGGAAGTCACTCTTT,0,4918714
ygfS_ygfT_predicted,0.5,1,1,ATCTAGTGTGTCCGTTTAAA,0,4914283
ygfS_ygfT_predicted,0.5,1,1,ATCTAGGGCAGTAGGCCACT,0,4917598
ygfS_ygfT_predicted,0.5,1,1,ATCGGGTCCACGGGTCTATT,0,4910360
ygfS_ygfT_predicted,0.5,1,1,ATCGGGCAAATGGCCGATAC,0,4909644
ygfS_ygfT_predicted,0.5,1,1,ATCGGCATTCGCCTCGTTCA,0,4920707
ygfS_ygfT_predicted,0.5,1,1,ATCGCTGCTTCGTTCGTGCT,0,4909481
ygfS_ygfT_predicted,0.5,1,1,ATCGCGCACGACGGTCAGAT,0,4930508
ygfS_ygfT_predicted,0.5,1,1,ATCGCCTCCGGCTGTAAGAT,0,4929385
ygfS_ygfT_predicted,0.5,1,1,ATCGATTCGACGGAGTCGGA,0,4907215
ygfS_ygfT_predicted,0.5,1,1,ATCCTTACCGGATCAATACC,0,4908823
ygfS_ygfT_predicted,0.5,1,1,ATCCTAACGAAGTTCCTTCT,0,4900578
ygfS_ygfT_predicted,0.5,1,1,ATCCGTTGGCTACCGCATTA,0,4909307
ygfS_ygfT_predicted,0.5,1,1,ATCCCGAAAGGTGCTTCGTG,0,4928737
ygfS_ygfT_predicted,0.5,1,1,ATCCAGACTCTCCATGGGTT,0,4923248
ygfS_ygfT_predicted,0.5,1,1,ATCCACTCTGGATGAAAGGG,0,4910580
ygfS_ygfT_predicted,0.5,1,1,ATCATGTCAGAAACTAACAC,0,4925761
ygfS_ygfT_predicted,0.5,1,1,ATCATAGACGAGGCGTACCT,0,4922151
ygfS_ygfT_predicted,0.5,1,1,ATCAGCGGTGGACGCCAATA,0,4903629
ygfS_ygfT_predicted,0.5,1,1,ATCACTGTTTCCTACCACCC,0,4904011
ygfS_ygfT_predicted,0.5,1,1,ATCACGGTCAGGGGGCCAGC,0,4907004
ygfS_ygfT_predicted,0.5,1,1,ATCACATCATGCAGACGGGT,0,4917652
ygfS_ygfT_predicted,0.5,1,1,ATATTGCCAAACTTCGAGAG,0,4930851
ygfS_ygfT_predicted,0.5,1,1,ATATGATTGAGGCCGCAGGG,0,4927672
ygfS_ygfT_predicted,0.5,1,1,ATATCTTTCTGTACTTTTAC,0,4913525
ygfS_ygfT_predicted,0.5,1,1,ATATCTGTAGCAGTAATAAT,0,4918387
ygfS_ygfT_predicted,0.5,1,1,ATATCAGCTATGTGCCTCCA,0,4916810
ygfS_ygfT_predicted,0.5,1,1,ATATCACTGCTACTCGTATA,0,4924214
ygfS_ygfT_predicted,0.5,1,1,ATAGTCTCTGACAGGCGTCA,0,4920923
ygfS_ygfT_predicted,0.5,1,1,ATAGTCAGCGTCATCTTAAG,0,4901133
ygfS_ygfT_predicted,0.5,1,1,ATAGGGCTGACGACCAGAAG,0,4900758
ygfS_ygfT_predicted,0.5,1,1,ATAGGCATGGAAGCCTTGTC,0,4913580
ygfS_ygfT_predicted,0.5,1,1,ATAGGCACAAATATTTTATG,0,4906265
ygfS_ygfT_predicted,0.5,1,1,ATAGGATTCCTGAGCTATGG,0,4920544
ygfS_ygfT_predicted,0.5,1,1,ATAGCAGCATGCCGCCCGGC,0,4907494
ygfS_ygfT_predicted,0.5,1,1,ATAGAAGTCTCCTCGGTTGT,0,4904318
ygfS_ygfT_predicted,0.5,1,1,ATACGTGCCTACGCCAGTAA,0,4923227
ygfS_ygfT_predicted,0.5,1,1,ATACGCTGCCTCTCCTGAGA,0,4911615
ygfS_ygfT_predicted,0.5,1,1,ATACGATATAAATTTTGAAC,0,4923947
ygfS_ygfT_predicted,0.5,1,1,ATAATTACTGAAATTGGGAC,0,4925538
ygfS_ygfT_predicted,0.5,1,1,ATAATCGGATTCCTGAGAGA,0,4923029
ygfS_ygfT_predicted,0.5,1,1,ATAAGCTCGCCCCCTCACCA,0,4926348
ygfS_ygfT_predicted,0.5,1,1,ATAAGAGCCCAAATAATAGC,0,4913485
ygfS_ygfT_predicted,0.5,1,1,ATAACGTTTGCTAAGGTCGG,0,4909427
ygfS_ygfT_predicted,0.5,1,1,ATAACCATTTGCGCGTGTGT,0,4905895
ygfS_ygfT_predicted,0.5,1,1,ATAAAATTTTTCACGGTTCG,0,4914314
ygfS_ygfT_predicted,0.5,1,1,ATAAAAGCCCATTTATCGAG,0,4929673
ygfS_ygfT_predicted,0.5,1,1,AGTTTTGCGGCAAGTTCTAT,0,4903173
ygfS_ygfT_predicted,0.5,1,1,AGTTTGGGTCAAGTTCAGCG,0,4929308
ygfS_ygfT_predicted,0.5,1,1,AGTTGTCAACAAGGTGGTTG,0,4916846
ygfS_ygfT_predicted,0.5,1,1,AGTTGGGGCTTAAGAGGGGG,0,4918509
ygfS_ygfT_predicted,0.5,1,1,AGTTGCACCGCCCAACGCAT,0,4931376
ygfS_ygfT_predicted,0.5,1,1,AGTTCTGAGGGATCCTACGA,0,4924472
ygfS_ygfT_predicted,0.5,1,1,AGTTCGTTTGCCCACGGCTG,0,4931314
ygfS_ygfT_predicted,0.5,1,1,AGTTCAACGAATACCTAACC,0,4925793
ygfS_ygfT_predicted,0.5,1,1,AGTTACAGTGTAGTTGCAAC,0,4929314
ygfS_ygfT_predicted,0.5,1,1,AGTGTTGTGTCGGCGAACAA,0,4917558
ygfS_ygfT_predicted,0.5,1,1,AGTGTCCCTTTTCCCACATA,0,4904670
ygfS_ygfT_predicted,0.5,1,1,AGTGTAGCTCATCCTGCCAT,0,4904889
ygfS_ygfT_predicted,0.5,1,1,AGTGGTTAGACACTTCCGTA,0,4905184
ygfS_ygfT_predicted,0.5,1,1,AGTGGAGCTGGCAATGTTAG,0,4914723
ygfS_ygfT_predicted,0.5,1,1,AGTGCACCAGGCGCGCCTAC,0,4901620
ygfS_ygfT_predicted,0.5,1,1,AGTGATGTTCGTCTCTAATT,0,4907108
ygfS_ygfT_predicted,0.5,1,1,AGTGACCCAGAGCCGTCCGG,0,4919149
ygfS_ygfT_predicted,0.5,1,1,AGTCGGGGGAATGCACCCCA,0,4912526
ygfS_ygfT_predicted,0.5,1,1,AGTCGCCTGGCGTTTAGTCA,0,4907665
ygfS_ygfT_predicted,0.5,1,1,AGTCATATGTCAATTCTCCC,0,4930856
ygfS_ygfT_predicted,0.5,1,1,AGTATGGCGAGGCTGGTAGT,0,4924318
ygfS_ygfT_predicted,0.5,1,1,AGTATCTCGCGTGTCGATTT,0,4901019
ygfS_ygfT_predicted,0.5,1,1,AGTATATACGATAACTCTTC,0,4921446
ygfS_ygfT_predicted,0.5,1,1,AGTACTGTGTAATCACACTA,0,4902327
ygfS_ygfT_predicted,0.5,1,1,AGTACCAAAGTGTCAGGGTC,0,4925448
ygfS_ygfT_predicted,0.5,1,1,AGTACACACCGTAACGAGGT,0,4909996
ygfS_ygfT_predicted,0.5,1,1,AGTAATTGCGCGTTTGATCT,0,4926533
ygfS_ygfT_predicted,0.5,1,1,AGTAACTTAGTGGGCGAATT,0,4903478
ygfS_ygfT_predicted,0.5,1,1,AGTAAACGTGCTCCTTAACT,0,4922932
ygfS_ygfT_predicted,0.5,1,1,AGGTTCGCTCCCGTTTAGTA,0,4906027
ygfS_ygfT_predicted,0.5,1,1,AGGTGGATAACCCACGGCCT,0,4904955
ygfS_ygfT_predicted,0.5,1,1,AGGTCTAAGCCCTGTAGTAA,0,4921384
ygfS_ygfT_predicted,0.5,1,1,AGGTCGATAGGCAGTGTGTC,0,4929321
ygfS_ygfT_predicted,0.5,1,1,AGGTCAGGCGTAGCATACGG,0,4905967
ygfS_ygfT_predicted,0.5,1,1,AGGGTTTGCTGGTGCGATGG,0,4909521
ygfS_ygfT_predicted,0.5,1,1,AGGGTTTAATTTGCTTCGGC,0,4906784
ygfS_ygfT_predicted,0.5,1,1,AGGGTGAAGGGTTCCCAGGT,0,4915808
ygfS_ygfT_predicted,0.5,1,1,AGGGTCGTTCACCCGGACGA,0,4922466
ygfS_ygfT_predicted,0.5,1,1,AGGGTCGGGGTGACATTGTT,0,4929750
ygfS_ygfT_predicted,0.5,1,1,AGGGTATGTACAAATAGAGA,0,4907613
ygfS_ygfT_predicted,0.5,1,1,AGGGGTAACGATGCTAGGCG,0,4899845
ygfS_ygfT_predicted,0.5,1,1,AGGGCATTCTGGCAGAATAT,0,4902686
ygfS_ygfT_predicted,0.5,1,1,AGGGCACTCTACAAACCGGC,0,4918532
ygfS_ygfT_predicted,0.5,1,1,AGGGAGTATAGAGGGGGCAT,0,4908554
ygfS_ygfT_predicted,0.5,1,1,AGGGACAGTACGTGCTCTGT,0,4904738
ygfS_ygfT_predicted,0.5,1,1,AGGCGAGCTACTTCGATCGC,0,4912355
ygfS_ygfT_predicted,0.5,1,1,AGGCGAATGCCGGATGTCCG,0,4931027
ygfS_ygfT_predicted,0.5,1,1,AGGCCGAATTGGTTTACAGG,0,4900727
ygfS_ygfT_predicted,0.5,1,1,AGGCACGGATCTTTCGGAAG,0,4902994
ygfS_ygfT_predicted,0.5,1,1,AGGATGGCAGCGCTCCTTTT,0,4918279
ygfS_ygfT_predicted,0.5,1,1,AGGATCGGGCAGACACGGGG,0,4920944
ygfS_ygfT_predicted,0.5,1,1,AGGAGTTGGGACGCACGCCA,0,4922634
ygfS_ygfT_predicted,0.5,1,1,AGGAGTCTACTCTATGCATG,0,4910407
ygfS_ygfT_predicted,0.5,1,1,AGGAGGATGTCGAATCCGAA,0,4923274
ygfS_ygfT_predicted,0.5,1,1,AGGAGAAGAAGCCCTGGATT,0,4928119
ygfS_ygfT_predicted,0.5,1,1,AGGACAACATATTCTATTGT,0,4927661
ygfS_ygfT_predicted,0.5,1,1,AGGAAATCGGGAATGAACTT,0,4904038
ygfS_ygfT_predicted,0.5,1,1,AGGAAAAGTGTTTTAGAGGA,0,4910490
ygfS_ygfT_predicted,0.5,1,1,AGCTTGCGCGATGGGCCTCA,0,4906576
ygfS_ygfT_predicted,0.5,1,1,AGCTGTTGGACTGATTGGCT,0,4905846
ygfS_ygfT_predicted,0.5,1,1,AGCTGGTATTCCGCATAGTT,0,4922429
ygfS_ygfT_predicted,0.5,1,1,AGCTGCGTTAACCGGATTTC,0,4921381
ygfS_ygfT_predicted,0.5,1,1,AGCTGAACTAGATGACTCGT,0,4912085
ygfS_ygfT_predicted,0.5,1,1,AGCTATGATCCTAGATTGCG,0,4911638
ygfS_ygfT_predicted,0.5,1,1,AGCTAAGGCCTATTACTGGG,0,4929839
ygfS_ygfT_predicted,0.5,1,1,AGCGTCACGTGAATGAGTGC,0,4918549
ygfS_ygfT_predicted,0.5,1,1,AGCGGTCACAGACGGACTGT,0,4930478
ygfS_ygfT_predicted,0.5,1,1,AGCGCTTTTGCGACATTCCC,0,4916454
ygfS_ygfT_predicted,0.5,1,1,AGCGCTGGTTATCCAACAAA,0,4923513
ygfS_ygfT_predicted,0.5,1,1,AGCGCTGGAAGTTAGGCGGG,0,4931288
ygfS_ygfT_predicted,0.5,1,1,AGCGCAATCTGCCCCCGTGT,0,4902412
ygfS_ygfT_predicted,0.5,1,1,AGCGAGGACACTTACAAGTG,0,4920348
ygfS_ygfT_predicted,0.5,1,1,AGCGACATCGCAGCGAGAGT,0,4899768
ygfS_ygfT_predicted,0.5,1,1,AGCCTATGGTGCACTCAAAG,0,4916176
ygfS_ygfT_predicted,0.5,1,1,AGCCGAGGTAGTCAGGGCAC,0,4900166
ygfS_ygfT_predicted,0.5,1,1,AGCCCTTACGCAGACGAATT,0,4928508
ygfS_ygfT_predicted,0.5,1,1,AGCCCGTAGCATAGTTCACT,0,4914104
ygfS_ygfT_predicted,0.5,1,1,AGCCATTGTCCAGAACTGTC,0,4909108
ygfS_ygfT_predicted,0.5,1,1,AGCCATGAAGACGTGACGGC,0,4901888
ygfS_ygfT_predicted,0.5,1,1,AGCATGCCCTCCGCCTGTTT,0,4920945
ygfS_ygfT_predicted,0.5,1,1,AGCAGGCGGGTCCGGAACGT,0,4901266
ygfS_ygfT_predicted,0.5,1,1,AGCAGACGCGTTGATAATAT,0,4918286
ygfS_ygfT_predicted,0.5,1,1,AGCACTAATGACGAGAACCC,0,4903444
ygfS_ygfT_predicted,0.5,1,1,AGATTGTCAGCACTCTGATA,0,4915125
ygfS_ygfT_predicted,0.5,1,1,AGATTATGCAAGAATGTTGC,0,4908416
ygfS_ygfT_predicted,0.5,1,1,AGATTAGAACATGAGCTCAT,0,4922096
ygfS_ygfT_predicted,0.5,1,1,AGATTACAGGAGTGCAGGCC,0,4902095
ygfS_ygfT_predicted,0.5,1,1,AGATGGCGCTTGAAGTCAAA,0,4908617
ygfS_ygfT_predicted,0.5,1,1,AGATGACGCGGATTGTAAGA,0,4931208
ygfS_ygfT_predicted,0.5,1,1,AGATCGGTCAGGCATTGGGT,0,4929741
ygfS_ygfT_predicted,0.5,1,1,AGATCGCATTAATATTAGTC,0,4924860
ygfS_ygfT_predicted,0.5,1,1,AGATCCTACGTCCTGCTTTT,0,4914710
ygfS_ygfT_predicted,0.5,1,1,AGATATTACCGGTTTAAAGG,0,4912497
ygfS_ygfT_predicted,0.5,1,1,AGATAGTCCGCAAAACCTCA,0,4918836
ygfS_ygfT_predicted,0.5,1,1,AGATAGCAGTGTGCCATATA,0,4925965
ygfS_ygfT_predicted,0.5,1,1,AGATACCTGGACCCCCAACC,0,4907661
ygfS_ygfT_predicted,0.5,1,1,AGAGTTCGCTACAACGGCGC,0,4915147
ygfS_ygfT_predicted,0.5,1,1,AGAGTCCGGCCAAGCCGGAG,0,4910274
ygfS_ygfT_predicted,0.5,1,1,AGAGTATTCGGACATCAGGC,0,4916208
ygfS_ygfT_predicted,0.5,1,1,AGAGGTTACTACCGATCTGT,0,4914703
ygfS_ygfT_predicted,0.5,1,1,AGAGGGTATGCAGGCTGGAT,0,4928975
ygfS_ygfT_predicted,0.5,1,1,AGAGCTTTGACGTCATATAA,0,4922263
ygfS_ygfT_predicted,0.5,1,1,AGAGACCGGCCCAAAGAGGT,0,4922346
ygfS_ygfT_predicted,0.5,1,1,AGAGAAGCTCGTAGTGTCCC,0,4906691
ygfS_ygfT_predicted,0.5,1,1,AGACCGGTGAGTTTGAGGTT,0,4926712
ygfS_ygfT_predicted,0.5,1,1,AGAATGGGGTCTTTCATAGA,0,4900017
ygfS_ygfT_predicted,0.5,1,1,AGAATGAGCGAGTTAAGAAA,0,4900401
ygfS_ygfT_predicted,0.5,1,1,AGAATATGACTATATCATCT,0,4909896
ygfS_ygfT_predicted,0.5,1,1,AGAATAAGCCGAAATTCGAT,0,4905347
ygfS_ygfT_predicted,0.5,1,1,AGAACCCTACACACATATGA,0,4930720
ygfS_ygfT_predicted,0.5,1,1,AGAACAACTGTACCTCTGCC,0,4918389
ygfS_ygfT_predicted,0.5,1,1,AGAAATGGGCTTAACCTACT,0,4920376
ygfS_ygfT_predicted,0.5,1,1,AGAAAGTTCTAATCCTTCAA,0,4911663
ygfS_ygfT_predicted,0.5,1,1,AGAAAATGGCCACGGTTAGT,0,4911291
ygfS_ygfT_predicted,0.5,1,1,ACTTTGATGTCAGGCGTCTC,0,4914945
ygfS_ygfT_predicted,0.5,1,1,ACTTGACTCTGATGATGCTT,0,4901112
ygfS_ygfT_predicted,0.5,1,1,ACTTGAACCTCGAAGATGTA,0,4910748
ygfS_ygfT_predicted,0.5,1,1,ACTTCGTCTATCGTAGATAG,0,4927254
ygfS_ygfT_predicted,0.5,1,1,ACTTAGGTCTGAAGTAAGAT,0,4903858
ygfS_ygfT_predicted,0.5,1,1,ACTTACTAGGACGGTCTCGG,0,4914969
ygfS_ygfT_predicted,0.5,1,1,ACTGTTGTGAATGCTTTCTC,0,4919668
ygfS_ygfT_predicted,0.5,1,1,ACTGTCTGATGGGGAAGGGT,0,4927365
ygfS_ygfT_predicted,0.5,1,1,ACTGTAAGGACTTCCTGGAG,0,4910723
ygfS_ygfT_predicted,0.5,1,1,ACTGGTAAGGACAGTAGGAA,0,4903653
ygfS_ygfT_predicted,0.5,1,1,ACTGCGGTGCTGCCTCGTGC,0,4917981
ygfS_ygfT_predicted,0.5,1,1,ACTGCCATATATCGGCGTTT,0,4911628
ygfS_ygfT_predicted,0.5,1,1,ACTGCAGGACCTTAGACGAG,0,4914974
ygfS_ygfT_predicted,0.5,1,1,ACTGAGTAAGGCTCTGTAAT,0,4905609
ygfS_ygfT_predicted,0.5,1,1,ACTCTTTCGCGGAGACATAG,0,4909223
ygfS_ygfT_predicted,0.5,1,1,ACTCGTAGGGGCACCTTCGT,0,4924240
ygfS_ygfT_predicted,0.5,1,1,ACTCGCTTTACTAGGCCGTG,0,4922673
ygfS_ygfT_predicted,0.5,1,1,ACTCCTAAGGAGGTTGCTCC,0,4907373
ygfS_ygfT_predicted,0.5,1,1,ACTCCGTGGACATAGCTCTA,0,4900860
ygfS_ygfT_predicted,0.5,1,1,ACTCAGGTGTATGTTGTCTC,0,4903371
ygfS_ygfT_predicted,0.5,1,1,ACTCACATTCGTGTTTGGTG,0,4906621
ygfS_ygfT_predicted,0.5,1,1,ACTATGTGTATCGAATCAGT,0,4928268
ygfS_ygfT_predicted,0.5,1,1,ACTATGCCCATGATCACCGG,0,4899744
ygfS_ygfT_predicted,0.5,1,1,ACTAATGTGGCTTTAATTAG,0,4908801
ygfS_ygfT_predicted,0.5,1,1,ACGTTTCGGGGCGTTACGCC,0,4921489
ygfS_ygfT_predicted,0.5,1,1,ACGTGTTGCGCTCTTAGATC,0,4929716
ygfS_ygfT_predicted,0.5,1,1,ACGTGCAAACCGCCCTTTAT,0,4920125
ygfS_ygfT_predicted,0.5,1,1,ACGTGAACCTCTCGGAGGGC,0,4918083
ygfS_ygfT_predicted,0.5,1,1,ACGTCTTACTATAGCGTGTT,0,4922948
ygfS_ygfT_predicted,0.5,1,1,ACGTATGGGCCTTCGCCAAG,0,4909232
ygfS_ygfT_predicted,0.5,1,1,ACGTAGTCAAACTAGAAGCC,0,4930509
ygfS_ygfT_predicted,0.5,1,1,ACGTAATTGATGCCGGAAAT,0,4912959
ygfS_ygfT_predicted,0.5,1,1,ACGTAAGTTGGTTCATTTGA,0,4921886
ygfS_ygfT_predicted,0.5,1,1,ACGGTTGACCACTACGCGCA,0,4909479
ygfS_ygfT_predicted,0.5,1,1,ACGGTGGTCCATGAATTCTA,0,4920040
ygfS_ygfT_predicted,0.5,1,1,ACGGTAATCCAAAGTGCCTC,0,4899755
ygfS_ygfT_predicted,0.5,1,1,ACGGGCCAATGGAGGTCTCC,0,4915336
ygfS_ygfT_predicted,0.5,1,1,ACGGGATATTCTGACCTTTT,0,4923204
ygfS_ygfT_predicted,0.5,1,1,ACGGCTAGCGTTAATATAAT,0,4902828
ygfS_ygfT_predicted,0.5,1,1,ACGGCTAGAGCCGCGCTCGT,0,4910759
ygfS_ygfT_predicted,0.5,1,1,ACGGCGAGGGCGGAGGCGTG,0,4904025
ygfS_ygfT_predicted,0.5,1,1,ACGGCCCATCTGGACGGCGA,0,4925167
ygfS_ygfT_predicted,0.5,1,1,ACGGAGTTCATAGGTTCGCT,0,4910100
ygfS_ygfT_predicted,0.5,1,1,ACGGAGGGGCTAATTGGTGT,0,4927440
ygfS_ygfT_predicted,0.5,1,1,ACGGAATGCTCAGTCATCAT,0,4919380
ygfS_ygfT_predicted,0.5,1,1,ACGGAAGTAATAGGTGCTAT,0,4908494
ygfS_ygfT_predicted,0.5,1,1,ACGCTATGTCTGGGGTTGTT,0,4927971
ygfS_ygfT_predicted,0.5,1,1,ACGCGGCTGTCATCGCGGCT,0,4925567
ygfS_ygfT_predicted,0.5,1,1,ACGCGAATGCTGTATGACCT,0,4922045
ygfS_ygfT_predicted,0.5,1,1,ACGCCAACGTAGGGAGGTTT,0,4919381
ygfS_ygfT_predicted,0.5,1,1,ACGCATCGAATGGCACGTTT,0,4923258
ygfS_ygfT_predicted,0.5,1,1,ACGCAGCTTCGGTCATGAAG,0,4909213
ygfS_ygfT_predicted,0.5,1,1,ACGCAGCTCCCTTCCCCTCA,0,4915298
ygfS_ygfT_predicted,0.5,1,1,ACGCAAACTTCATCAAAATA,0,4927531
ygfS_ygfT_predicted,0.5,1,1,ACGATGGTGGATACGAGATG,0,4924006
ygfS_ygfT_predicted,0.5,1,1,ACGAGGATATATGCTGTTCA,0,4929696
ygfS_ygfT_predicted,0.5,1,1,ACGAGCGCTAATTGAGGGTA,0,4905934
ygfS_ygfT_predicted,0.5,1,1,ACGACCTACTAGCAATGCGA,0,4930646
ygfS_ygfT_predicted,0.5,1,1,ACGAATATGACAGACAGGGA,0,4920028
ygfS_ygfT_predicted,0.5,1,1,ACCTTAGCCTCGGCGATTAT,0,4915026
ygfS_ygfT_predicted,0.5,1,1,ACCTGGGGAACGCCGGCGGG,0,4922203
ygfS_ygfT_predicted,0.5,1,1,ACCTGGCACACAAGGACGCT,0,4903044
ygfS_ygfT_predicted,0.5,1,1,ACCTGCTAAAATCAGCCCTT,0,4911625
ygfS_ygfT_predicted,0.5,1,1,ACCTCTAGTGGAGGTTATCC,0,4913258
ygfS_ygfT_predicted,0.5,1,1,ACCTCATTGGCTAAAAACTA,0,4912330
ygfS_ygfT_predicted,0.5,1,1,ACCTCACAAATTGCGGGTTA,0,4926853
ygfS_ygfT_predicted,0.5,1,1,ACCTATGGGTCGGTAACGTC,0,4927033
ygfS_ygfT_predicted,0.5,1,1,ACCTAGAGTATGGGTATGAC,0,4912294
ygfS_ygfT_predicted,0.5,1,1,ACCTAGAATCTACGGGCGGC,0,4917238
ygfS_ygfT_predicted,0.5,1,1,ACCGTGGTGTCCCAAGCGAA,0,4903244
ygfS_ygfT_predicted,0.5,1,1,ACCGTAGATAGGATAGTTAC,0,4915272
ygfS_ygfT_predicted,0.5,1,1,ACCGCTCATGGCTCCATTTT,0,4916219
ygfS_ygfT_predicted,0.5,1,1,ACCGCGTGTTGTCGATCGGG,0,4909229
ygfS_ygfT_predicted,0.5,1,1,ACCGCGCCCCACACGCGCTC,0,4913971
ygfS_ygfT_predicted,0.5,1,1,ACCGCCAAGGGAGTTGCTGT,0,4917736
ygfS_ygfT_predicted,0.5,1,1,ACCGACTAACAGTCGGGGAT,0,4919365
ygfS_ygfT_predicted,0.5,1,1,ACCCTGCTTGTGGTTGTCTT,0,4924346
ygfS_ygfT_predicted,0.5,1,1,ACCCGAAGGGTTAGTAGGAA,0,4914386
ygfS_ygfT_predicted,0.5,1,1,ACCCCTAAAACTACAGACAG,0,4901055
ygfS_ygfT_predicted,0.5,1,1,ACCCCATAACTTTACAGGAA,0,4915771
ygfS_ygfT_predicted,0.5,1,1,ACCCCACAGTCGCTGCCTCA,0,4904943
ygfS_ygfT_predicted,0.5,1,1,ACCATGTAGTTTGACTTAAA,0,4931055
ygfS_ygfT_predicted,0.5,1,1,ACCATGTAAACCCTCAGGCA,0,4909736
ygfS_ygfT_predicted,0.5,1,1,ACCATATTCCACTACAGAGA,0,4930110
ygfS_ygfT_predicted,0.5,1,1,ACCAGACGGGAGTTATTCCG,0,4911021
ygfS_ygfT_predicted,0.5,1,1,ACCACTTCACGCATTTAATT,0,4928257
ygfS_ygfT_predicted,0.5,1,1,ACCACGTCTGTCAGTCTCTT,0,4924848
ygfS_ygfT_predicted,0.5,1,1,ACCACCGCGCAAATGTACGC,0,4923435
ygfS_ygfT_predicted,0.5,1,1,ACATTGTGAAAGGGCGGTAT,0,4913670
ygfS_ygfT_predicted,0.5,1,1,ACATTGGGATTAAGTTGCTA,0,4912798
ygfS_ygfT_predicted,0.5,1,1,ACATTCCAGTGAGCCGGACG,0,4907137
ygfS_ygfT_predicted,0.5,1,1,ACATGCAAACATGCAGCCCA,0,4908038
ygfS_ygfT_predicted,0.5,1,1,ACATCTCGCCATATGAAACT,0,4905588
ygfS_ygfT_predicted,0.5,1,1,ACATCCGACTTATAATGCCA,0,4903388
ygfS_ygfT_predicted,0.5,1,1,ACATCAGACTTGATGCCGTT,0,4916594
ygfS_ygfT_predicted,0.5,1,1,ACATACCGTGCGCTTACATC,0,4900677
ygfS_ygfT_predicted,0.5,1,1,ACATAACTTGAACAGTCTTG,0,4912719
ygfS_ygfT_predicted,0.5,1,1,ACAGTGTATTATGACTGTAA,0,4913507
ygfS_ygfT_predicted,0.5,1,1,ACAGTAGAAAGCTCGGGTTA,0,4914694
ygfS_ygfT_predicted,0.5,1,1,ACAGTAACCTTCATGGGCGC,0,4916215
ygfS_ygfT_predicted,0.5,1,1,ACAGGTTATCAACGAGCACC,0,4923983
ygfS_ygfT_predicted,0.5,1,1,ACAGCCTACATGGACATTGC,0,4922386
ygfS_ygfT_predicted,0.5,1,1,ACAGCCACACTGAAGGCTCA,0,4907293
ygfS_ygfT_predicted,0.5,1,1,ACAGAGCGGGTCTAGGCAAT,0,4923262
ygfS_ygfT_predicted,0.5,1,1,ACAGACTACAGTCAAGAATA,0,4907736
ygfS_ygfT_predicted,0.5,1,1,ACACTTTTTGAACCATAAAA,0,4929397
ygfS_ygfT_predicted,0.5,1,1,ACACTCTATGTCGTTCCGTT,0,4923679
ygfS_ygfT_predicted,0.5,1,1,ACACTAACCAATTCAGTTGG,0,4917716
ygfS_ygfT_predicted,0.5,1,1,ACACGGTGGTGTTCTCTCCA,0,4915106
ygfS_ygfT_predicted,0.5,1,1,ACACGGTCTTTTTCGGACAG,0,4915781
ygfS_ygfT_predicted,0.5,1,1,ACACGGTCCTCTTCGCGTGA,0,4912412
ygfS_ygfT_predicted,0.5,1,1,ACACGCCGCCGAAGACACCT,0,4924488
ygfS_ygfT_predicted,0.5,1,1,ACACGAAGCATTTCGTCAAC,0,4907615
ygfS_ygfT_predicted,0.5,1,1,ACACCCCACATATGTCAACG,0,4924093
ygfS_ygfT_predicted,0.5,1,1,ACACAAAGAAATTCCCGGAT,0,4915820
ygfS_ygfT_predicted,0.5,1,1,ACAATTTACCATACAGTATA,0,4901595
ygfS_ygfT_predicted,0.5,1,1,ACAATGCCCAAGGGACGGCG,0,4925777
ygfS_ygfT_predicted,0.5,1,1,ACAATCCCAGCGTGAACCTG,0,4922767
ygfS_ygfT_predicted,0.5,1,1,ACAATCACGTAGGGTCCCGG,0,4905235
ygfS_ygfT_predicted,0.5,1,1,ACAAGGATGCCCGTGCTAGA,0,4914365
ygfS_ygfT_predicted,0.5,1,1,ACAACGCGGAGGACCACACG,0,4902653
ygfS_ygfT_predicted,0.5,1,1,ACAACGCCTGGGTTAAGAAG,0,4923506
ygfS_ygfT_predicted,0.5,1,1,ACAAATGCACAGGCCGGATG,0,4913093
ygfS_ygfT_predicted,0.5,1,1,ACAAATAAAAAGCATCGAGG,0,4917601
ygfS_ygfT_predicted,0.5,1,1,ACAAAGGCGGTGATGTACGT,0,4926539
ygfS_ygfT_predicted,0.5,1,1,AATTTTTCGAGGTAGACCCA,0,4913768
ygfS_ygfT_predicted,0.5,1,1,AATTTGGATTATCAACAGCT,0,4904261
ygfS_ygfT_predicted,0.5,1,1,AATTTCATCATTGACAAGTC,0,4908382
ygfS_ygfT_predicted,0.5,1,1,AATTTATCCGTCCATGCACC,0,4900633
ygfS_ygfT_predicted,0.5,1,1,AATTGCGTGGCATCTAGGAT,0,4921757
ygfS_ygfT_predicted,0.5,1,1,AATTCTGGACAACATTAGGA,0,4922757
ygfS_ygfT_predicted,0.5,1,1,AATTCTCCACTAATCCCCCT,0,4918661
ygfS_ygfT_predicted,0.5,1,1,AATTCAGATCTAGCGTAGAA,0,4930520
ygfS_ygfT_predicted,0.5,1,1,AATTATCATTGTCACCAGGC,0,4924562
ygfS_ygfT_predicted,0.5,1,1,AATTAATAGCGAACTGCCCC,0,4931457
ygfS_ygfT_predicted,0.5,1,1,AATTAAGTTTACGCCTCCGT,0,4925797
ygfS_ygfT_predicted,0.5,1,1,AATTAAGATCAAGAAGTCTC,0,4910163
ygfS_ygfT_predicted,0.5,1,1,AATTAAGAATAATAGCACGA,0,4928101
ygfS_ygfT_predicted,0.5,1,1,AATGATCATCGAGGCTCAAA,0,4905206
ygfS_ygfT_predicted,0.5,1,1,AATGAGTAAAACCTTAGGAA,0,4929431
ygfS_ygfT_predicted,0.5,1,1,AATGAAGTGGGCAGTCGCGC,0,4908364
ygfS_ygfT_predicted,0.5,1,1,AATGAAGTCTTCGTTGGGGT,0,4904732
ygfS_ygfT_predicted,0.5,1,1,AATCTAAGCTTCCACAAGAG,0,4928530
ygfS_ygfT_predicted,0.5,1,1,AATCGGCTCACATGTGAGGA,0,4904963
ygfS_ygfT_predicted,0.5,1,1,AATCCTGAATGGACCACAAA,0,4918822
ygfS_ygfT_predicted,0.5,1,1,AATCCGATCTGGTCTGTCTG,0,4901043
ygfS_ygfT_predicted,0.5,1,1,AATCATTGGTACTAGGCGTA,0,4904286
ygfS_ygfT_predicted,0.5,1,1,AATCATAGTGGATCCGAGGA,0,4918928
ygfS_ygfT_predicted,0.5,1,1,AATCACAGAAACCCGTCCTT,0,4902893
ygfS_ygfT_predicted,0.5,1,1,AATATGTAGCTTTTACCGGT,0,4925383
ygfS_ygfT_predicted,0.5,1,1,AATATGGGACTTTTGTTTAC,0,4928109
ygfS_ygfT_predicted,0.5,1,1,AATATCCCTCTCTATGCACA,0,4919970
ygfS_ygfT_predicted,0.5,1,1,AATATAGTCAGAATCGATGG,0,4901565
ygfS_ygfT_predicted,0.5,1,1,AATAGTAGCTTAGTCAGCTC,0,4924757
ygfS_ygfT_predicted,0.5,1,1,AATAGGGACTCGAGTGTGCA,0,4914334
ygfS_ygfT_predicted,0.5,1,1,AATAGCGGCGATTGGCGCCG,0,4911559
ygfS_ygfT_predicted,0.5,1,1,AATAGCGACACTCTACAGCA,0,4925293
ygfS_ygfT_predicted,0.5,1,1,AATAGCCGGGGCTACAGGGA,0,4919606
ygfS_ygfT_predicted,0.5,1,1,AATACTGACGGCTTTTCCGT,0,4922374
ygfS_ygfT_predicted,0.5,1,1,AAGTTTCGTAATCTGGGGGG,0,4922700
ygfS_ygfT_predicted,0.5,1,1,AAGTTGTTTGCGGGTTCAGC,0,4907996
ygfS_ygfT_predicted,0.5,1,1,AAGTGGGATTGTGCGTCAAT,0,4921057
ygfS_ygfT_predicted,0.5,1,1,AAGTGCAGTCAAACCTCGGG,0,4920328
ygfS_ygfT_predicted,0.5,1,1,AAGTCCTTCCACAGAAATCG,0,4930256
ygfS_ygfT_predicted,0.5,1,1,AAGTATGTGGTGTTCGTATT,0,4928243
ygfS_ygfT_predicted,0.5,1,1,AAGTATCGTTAACCTTGGAA,0,4910771
ygfS_ygfT_predicted,0.5,1,1,AAGGTTCCAGCCCATACTGA,0,4912426
ygfS_ygfT_predicted,0.5,1,1,AAGGTCCAAGGAGGAAACAA,0,4930043
ygfS_ygfT_predicted,0.5,1,1,AAGGGTTTACTGAGTGCAGC,0,4902190
ygfS_ygfT_predicted,0.5,1,1,AAGGCGCGCACCGTCCACAG,0,4919336
ygfS_ygfT_predicted,0.5,1,1,AAGGCCCCGTAACCCTATAT,0,4913126
ygfS_ygfT_predicted,0.5,1,1,AAGGCACACATTTTACTTAG,0,4925261
ygfS_ygfT_predicted,0.5,1,1,AAGCTTGCAATTCGCGCGCA,0,4902510
ygfS_ygfT_predicted,0.5,1,1,AAGCTTAATTCATCCACTTT,0,4912929
ygfS_ygfT_predicted,0.5,1,1,AAGCTGAGAGAATACTGCAA,0,4925751
ygfS_ygfT_predicted,0.5,1,1,AAGCGTTTGAGCTTGTTTAA,0,4924640
ygfS_ygfT_predicted,0.5,1,1,AAGCATTTTACGTACACGCA,0,4904632
ygfS_ygfT_predicted,0.5,1,1,AAGCAGCTCCTGTAGCATGG,0,4899882
ygfS_ygfT_predicted,0.5,1,1,AAGATTGCTGTTGGACACAC,0,4908945
ygfS_ygfT_predicted,0.5,1,1,AAGAGGGGTTGTTGTATGAC,0,4909350
ygfS_ygfT_predicted,0.5,1,1,AAGAGCTCTCTCCGGTCTTT,0,4905648
ygfS_ygfT_predicted,0.5,1,1,AAGAGATCGGACCCAGTGAG,0,4921386
ygfS_ygfT_predicted,0.5,1,1,AAGAGATCAAAATCTGTCTG,0,4929184
ygfS_ygfT_predicted,0.5,1,1,AAGAGACCTCGGGATCTTTA,0,4911286
ygfS_ygfT_predicted,0.5,1,1,AAGACGACAGAACTTTTGAT,0,4925815
ygfS_ygfT_predicted,0.5,1,1,AAGAATTCCTCGGTTTGGGA,0,4925551
ygfS_ygfT_predicted,0.5,1,1,AAGAACGTTTCTTGTCAGAG,0,4912154
ygfS_ygfT_predicted,0.5,1,1,AACTTGTAGCCCATGTCTTA,0,4924399
ygfS_ygfT_predicted,0.5,1,1,AACTTCTACCTTGAACCTTT,0,4914959
ygfS_ygfT_predicted,0.5,1,1,AACTTCCCTGCACATGGTGA,0,4914948
ygfS_ygfT_predicted,0.5,1,1,AACTGTATGTGGGCTGCCAC,0,4919489
ygfS_ygfT_predicted,0.5,1,1,AACTGTAAAGACTACTTGGA,0,4921343
ygfS_ygfT_predicted,0.5,1,1,AACTGGGGCCTGTTGCTCCC,0,4914044
ygfS_ygfT_predicted,0.5,1,1,AACGGTTGCCACGCAAAGGG,0,4925124
ygfS_ygfT_predicted,0.5,1,1,AACGGAGTTGTCGTTATATC,0,4907835
ygfS_ygfT_predicted,0.5,1,1,AACGCGCAGGTACGCTCTCT,0,4917714
ygfS_ygfT_predicted,0.5,1,1,AACGCCTATAAAGTTGATAG,0,4906421
ygfS_ygfT_predicted,0.5,1,1,AACGAGGCGGTTTATTCCAT,0,4930291
ygfS_ygfT_predicted,0.5,1,1,AACCGTGGCGCAAGGAGATT,0,4916275
ygfS_ygfT_predicted,0.5,1,1,AACCCGGCAGCTTACGGAAG,0,4910164
ygfS_ygfT_predicted,0.5,1,1,AACCCAGAGAACACTTCTGG,0,4916803
ygfS_ygfT_predicted,0.5,1,1,AACCAATAGCTGTTTTGGAC,0,4913700
ygfS_ygfT_predicted,0.5,1,1,AACCAACTGGGGCCAACTCA,0,4901989
ygfS_ygfT_predicted,0.5,1,1,AACATGAACTCTTTCATGTC,0,4906521
ygfS_ygfT_predicted,0.5,1,1,AACATCTTTCGCTACGCGCA,0,4918783
ygfS_ygfT_predicted,0.5,1,1,AACATCGTGTGCCGGCCCAC,0,4902225
ygfS_ygfT_predicted,0.5,1,1,AACATCGTCGAGGATTGCGA,0,4916767
ygfS_ygfT_predicted,0.5,1,1,AACAGTTAGGCCATAACATC,0,4905344
ygfS_ygfT_predicted,0.5,1,1,AACAGTCTGCGGTTTACGTT,0,4905110
ygfS_ygfT_predicted,0.5,1,1,AACAGTACATACTAAGCATT,0,4928871
ygfS_ygfT_predicted,0.5,1,1,AACAGGGCTCCGGAAACGTG,0,4921139
ygfS_ygfT_predicted,0.5,1,1,AACAGATCAGGAGTGGTGTT,0,4905835
ygfS_ygfT_predicted,0.5,1,1,AACACCGAGAGAATCCTATC,0,4910237
ygfS_ygfT_predicted,0.5,1,1,AACACAGGCTGTAGTAACAT,0,4919756
ygfS_ygfT_predicted,0.5,1,1,AACAAGGGAGGGACGCCACC,0,4906942
ygfS_ygfT_predicted,0.5,1,1,AAATTGACAAACGTCGAGCC,0,4916639
ygfS_ygfT_predicted,0.5,1,1,AAATTAGTATCCCACGCAGG,0,4923935
ygfS_ygfT_predicted,0.5,1,1,AAATCGTAACTACTGTCTTA,0,4928675
ygfS_ygfT_predicted,0.5,1,1,AAATCGGGTGGATCTTCAGA,0,4927723
ygfS_ygfT_predicted,0.5,1,1,AAATCGGATGCAGTGGTTTT,0,4908842
ygfS_ygfT_predicted,0.5,1,1,AAATCCCCGTGGTGTCGCGT,0,4913755
ygfS_ygfT_predicted,0.5,1,1,AAATCCACCACGCAGGACAC,0,4927221
ygfS_ygfT_predicted,0.5,1,1,AAATAAGAGAGAAACAGATC,0,4904224
ygfS_ygfT_predicted,0.5,1,1,AAAGTTCGCGCACGTCAGTA,0,4917142
ygfS_ygfT_predicted,0.5,1,1,AAAGTTCCGAAGTTCTGCCA,0,4925176
ygfS_ygfT_predicted,0.5,1,1,AAAGTACTAGAAATTTAGGC,0,4926644
ygfS_ygfT_predicted,0.5,1,1,AAAGGACCAACAGGGGTCTA,0,4917708
ygfS_ygfT_predicted,0.5,1,1,AAAGCTCGGGTACGGACATG,0,4922127
ygfS_ygfT_predicted,0.5,1,1,AAAGAGCTAGCTGACTAGAC,0,4906810
ygfS_ygfT_predicted,0.5,1,1,AAACTTCGTGGTGGAACGGG,0,4919828
ygfS_ygfT_predicted,0.5,1,1,AAACTATCCTGGGTCTCATT,0,4905791
ygfS_ygfT_predicted,0.5,1,1,AAACGCGTGGATCAACAGAT,0,4914465
ygfS_ygfT_predicted,0.5,1,1,AAACGATTTGCGAGCTAGTT,0,4926628
ygfS_ygfT_predicted,0.5,1,1,AAACCTCTAGAGCTCTGTGA,0,4919886
ygfS_ygfT_predicted,0.5,1,1,AAACCTCGGACGACGCTTCG,0,4914134
ygfS_ygfT_predicted,0.5,1,1,AAACCACGATACAGAAACTA,0,4903455
ygfS_ygfT_predicted,0.5,1,1,AAACAGGGCCGGAGAGCTGT,0,4905471
ygfS_ygfT_predicted,0.5,1,1,AAACAATAATGGGCAAGCAT,0,4914531
ygfS_ygfT_predicted,0.5,1,1,AAACAAGACATGGCGAAACA,0,4921746
ygfS_ygfT_predicted,0.5,1,1,AAAATCGGCGCCGACCGCTA,0,4913249
ygfS_ygfT_predicted,0.5,1,1,AAAATCGGAGCAACGTCGCG,0,4911548
ygfS_ygfT_predicted,0.5,1,1,AAAATCCTTGATAATCCGCA,0,4928693
ygfS_ygfT_predicted,0.5,1,1,AAAAGGATCGAGTACAATAC,0,4903608
ygfS_ygfT_predicted,0.5,1,1,AAAAGCTGAGTTCCTATGGA,0,4912143
ygfS_ygfT_predicted,0.5,1,1,AAAACCGGCACGGGCCTTTC,0,4914801
ygfS_ygfT_predicted,0.5,1,1,AAAAAACCAGAGCATTTCTT,0,4927126
ygfS_ygfT_predicted,50.0,49,0,GTACGGGGTGTTTACTTCCT,49,4916952
ygfS_ygfT_predicted,45.0,44,0,GCTTGGATGCGTGATCCTGT,44,4929452
ygfS_ygfT_predicted,30.0,29,0,GTATTTCCGTGCCTGGGTTC,29,4905350
ygfS_ygfT_predicted,27.0,26,0,TTGGGTCGGTTAAGATCCCA,26,4920100
ygfS_ygfT_predicted,27.0,26,0,TGCACGAAGGCCTGAAACGT,26,4930510
ygfS_ygfT_predicted,27.0,26,0,CTACAAGCGCTTACATTTCA,26,4907825
ygfS_ygfT_predicted,26.0,25,0,CCCCAGCCGGGATGGCCACA,25,4902938
ygfS_ygfT_predicted,24.0,23,0,GAAGAAGAATGCGGGCGAAT,23,4919860
ygfS_ygfT_predicted,24.0,23,0,CGTTTGGCAAAGTAGTTTGT,23,4900182
ygfS_ygfT_predicted,24.0,23,0,CCGCATCAGGGGGTTAGGTA,23,4930535
ygfS_ygfT_predicted,24.0,23,0,CAGACTTTATAGGCCGACGG,23,4909379
ygfS_ygfT_predicted,24.0,23,0,ATTATCCTTTCTGGGCAAAT,23,4924236
ygfS_ygfT_predicted,24.0,23,0,ACTAAGCTGCGCCCGTGTAA,23,4899735
ygfS_ygfT_predicted,23.0,22,0,TCTCTCAAGGGGGCAAAACT,22,4923663
ygfS_ygfT_predicted,23.0,22,0,GTCATCAAGTAGGAACCCAA,22,4929513
ygfS_ygfT_predicted,23.0,22,0,GCGATCAATGCCGCGTTTAC,22,4905496
ygfS_ygfT_predicted,23.0,22,0,ACACGGCATCTGTTATATTG,22,4918529
ygfS_ygfT_predicted,22.0,21,0,TATCCTGGGATGAATGTTAT,21,4917029
ygfS_ygfT_predicted,21.0,20,0,TTGCCACCACTCTCCGGTGC,20,4913647
ygfS_ygfT_predicted,21.0,20,0,GGGGCCGATTAGTGTTCTTT,20,4924622
ygfS_ygfT_predicted,21.0,20,0,GCGCATCAACCTTCGGTGTA,20,4902161
ygfS_ygfT_predicted,21.0,20,0,GATCTATACTAGGGTAATCC,20,4900740
ygfS_ygfT_predicted,21.0,20,0,GAGGACTGTGGATGTTAGGT,20,4912251
ygfS_ygfT_predicted,21.0,20,0,ACGCCTTCGACGCTATCGTC,20,4922048
ygfS_ygfT_predicted,21.0,20,0,AAAATATTAACGAGGCTGGT,20,4906204
ygfS_ygfT_predicted,20.0,19,0,TGAGTCATGGACTTTATTAT,19,4912078
ygfS_ygfT_predicted,20.0,19,0,GGCAGCGAACCGCCACAGAG,19,4907795
ygfS_ygfT_predicted,20.0,19,0,GATAAACACATTCCGCTCGC,19,4901785
ygfS_ygfT_predicted,20.0,19,0,GAGCACGAAGTTATTCGCAT,19,4913184
ygfS_ygfT_predicted,20.0,19,0,GACCACAGGCGATCTATGGC,19,4929581
ygfS_ygfT_predicted,20.0,19,0,ATCCACTCGGCAAGGACCAT,19,4925472
ygfS_ygfT_predicted,19.0,18,0,TTTCTCACTTTATAGACCTT,18,4930759
ygfS_ygfT_predicted,19.0,18,0,TCAGATCCTTCGGGGAATCC,18,4926155
ygfS_ygfT_predicted,19.0,18,0,GCGCGGTATTTCTATCCGTC,18,4903706
ygfS_ygfT_predicted,19.0,18,0,GATCGATCAGTCTCTCTCTG,18,4904091
ygfS_ygfT_predicted,19.0,18,0,CCGGGGCAAGTACTATTGTA,18,4899719
ygfS_ygfT_predicted,19.0,18,0,ACCGCCTATAGGCCGAGCTC,18,4926851
ygfS_ygfT_predicted,18.0,17,0,TTTGTACCAAAGCCTCGAAC,17,4921536
ygfS_ygfT_predicted,18.0,17,0,TAGCATATCCGTGCACAGAC,17,4908777
ygfS_ygfT_predicted,18.0,17,0,CCATCCTAGACAGGTGCAAG,17,4912712
ygfS_ygfT_predicted,18.0,17,0,AGTCGGCGCTACGTACAGAT,17,4909572
ygfS_ygfT_predicted,18.0,17,0,AGGTTAAATCATCTATCGGG,17,4923352
ygfS_ygfT_predicted,18.0,17,0,ACTGGTCTTACCCTGAGACT,17,4900681
ygfS_ygfT_predicted,17.0,16,0,TTGCCAATAGGGAAAAAATA,16,4902570
ygfS_ygfT_predicted,17.0,16,0,TAATCATTTTGGCAGGTCTT,16,4923028
ygfS_ygfT_predicted,17.0,16,0,GGATTGTGGACGGCGTGATA,16,4929058
ygfS_ygfT_predicted,17.0,16,0,GCGTGCGCCGGGGCAGTCTC,16,4922624
ygfS_ygfT_predicted,17.0,16,0,GACACCCGTAAGTTAGGGTT,16,4901216
ygfS_ygfT_predicted,17.0,16,0,CGCGAAACACGTTGGTAACT,16,4911712
ygfS_ygfT_predicted,17.0,16,0,ATCGTTGCGATAGTGGAGGT,16,4902222
ygfS_ygfT_predicted,16.0,15,0,GTCAAGTTGTCGTCGTTGGC,15,4912467
ygfS_ygfT_predicted,16.0,15,0,GCGAGTTACCGGCTGGGGTG,15,4908832
ygfS_ygfT_predicted,16.0,15,0,ATTCGGTTAGATTAACGGGG,15,4913273
ygfS_ygfT_predicted,16.0,15,0,ACCGCCCTTCATTTACTAGG,15,4923844
ygfS_ygfT_predicted,16.0,15,0,AAGACACTGTGATAGTGGTC,15,4909134
ygfS_ygfT_predicted,15.0,14,0,TCCAGCCATCTTTGAAAACC,14,4905404
ygfS_ygfT_predicted,15.0,14,0,TAACATTTATGCGACGTTGA,14,4904930
ygfS_ygfT_predicted,15.0,14,0,CTCGTTCCCAGGCCTAAAAC,14,4901555
ygfS_ygfT_predicted,15.0,14,0,CGGCAAGTAGCCGGGCAAGG,14,4904255
ygfS_ygfT_predicted,15.0,14,0,CGGACAATCTACGTGCGTAT,14,4916756
ygfS_ygfT_predicted,15.0,14,0,CGCGTTTAAGAAGTGCGGAC,14,4904707
ygfS_ygfT_predicted,15.0,14,0,CGAATACCAATTTATGGGGA,14,4927529
ygfS_ygfT_predicted,15.0,14,0,CAGAAATTGAGGCTAAGTAC,14,4918480
ygfS_ygfT_predicted,15.0,14,0,ATCGCCGTTTAGCCCAATTT,14,4928187
ygfS_ygfT_predicted,15.0,14,0,ACTTCAATGCCAATACGCAC,14,4900353
ygfS_ygfT_predicted,14.0,13,0,GGCTGCTGTCGGAAATATTA,13,4923358
ygfS_ygfT_predicted,14.0,13,0,GCGCATAATCAGGCTGCTCC,13,4908081
ygfS_ygfT_predicted,14.0,13,0,CCCTCGTAAACCGTTATGTT,13,4926414
ygfS_ygfT_predicted,14.0,13,0,ATTTGGTCACGAGCAGAATC,13,4930249
ygfS_ygfT_predicted,14.0,13,0,ATTTACACTGTTATAGCAGA,13,4907376
ygfS_ygfT_predicted,14.0,13,0,ACGAGTAGGCCATCGGCGTT,13,4900241
ygfS_ygfT_predicted,13.0,12,0,CCTCCCGCACGGCCCCCAAC,12,4915550
ygfS_ygfT_predicted,13.0,12,0,AGCGGATCGTTATGCGGCGT,12,4925199
ygfS_ygfT_predicted,12.0,11,0,GGGGTCTACCGACGTCGGAT,11,4916385
ygfS_ygfT_predicted,12.0,11,0,GGAGTCAATGAAGCGCATTC,11,4913383
ygfS_ygfT_predicted,12.0,11,0,CTCTCTGCATGGAGAATTAG,11,4927904
ygfS_ygfT_predicted,12.0,11,0,ATCAGCTTATTCTTAGTTAG,11,4910773
ygfS_ygfT_predicted,11.0,10,0,TGTGAAGCTTAGAGCGTACA,10,4914369
ygfS_ygfT_predicted,11.0,10,0,TCGTGTCCCAACAAGACGAG,10,4922155
ygfS_ygfT_predicted,11.0,10,0,TCGCGAGGCTGTGGATCAAA,10,4914720
ygfS_ygfT_predicted,11.0,10,0,GTCACTCAAATTGTTACGGA,10,4909389
ygfS_ygfT_predicted,11.0,10,0,GTAGGGCCTTCGGAGAAAGA,10,4900043
ygfS_ygfT_predicted,11.0,10,0,CTGGTGTCTATAATTCACCC,10,4904183
ygfS_ygfT_predicted,10.0,9,0,TTGCAGAAAGAGAAAGCCTA,9,4911221
ygfS_ygfT_predicted,10.0,9,0,CTAGGTAATTTATTAGAGGC,9,4923300
ygfS_ygfT_predicted,10.0,9,0,CGTAAAGGAATAGGACCGGG,9,4926187
ygfS_ygfT_predicted,9.0,8,0,CCATGATCGCCTGCCGTCGA,8,4906175
ygfS_ygfT_predicted,9.0,8,0,CAGGCTTGAATTGCGCCTCA,8,4922944
ygfS_ygfT_predicted,9.0,8,0,AGACCATCATCGAGTGCCCC,8,4923404
ygfS_ygfT_predicted,9.0,8,0,AAGCGGACATTCTGCTATCC,8,4907767
ygfS_ygfT_predicted,8.0,7,0,CTTCGTCGTGTTTATTGTAC,7,4930156
ygfS_ygfT_predicted,8.0,7,0,CCATCTAGGCGTCTGTGCGA,7,4929604
ygfS_ygfT_predicted,8.0,7,0,ATTAAGGTTGCCCTATTCTA,7,4931253
ygfS_ygfT_predicted,8.0,7,0,AGCCGGCGCAGACCACTCAT,7,4902143
ygfS_ygfT_predicted,7.0,6,0,AATCTCTCAGCGCTCCTAAC,6,4909638
ygfS_ygfT_predicted,6.0,5,0,TTGCTGCCGAGTTTGCAGGC,5,4907646
ygfS_ygfT_predicted,6.0,5,0,TACCGTCCGACTTTCCTCTG,5,4924004
ygfS_ygfT_predicted,6.0,5,0,CGCCATTTGAGCAGTGGTGA,5,4927582
ygfS_ygfT_predicted,6.0,5,0,CAGTCTAGCCGGTCTGACGG,5,4921383
ygfS_ygfT_predicted,6.0,5,0,CAGATTGGTGCAACCACCTA,5,4918717
ygfS_ygfT_predicted,5.0,4,0,GTCCCTCTCCTCACTGTTTA,4,4903503
ygfS_ygfT_predicted,5.0,4,0,GCGACTCGCCTGGAGTGCGG,4,4899951
ygfS_ygfT_predicted,5.0,4,0,CTCTGCTCACAAAGGCGACA,4,4913079
ygfS_ygfT_predicted,5.0,4,0,CAGATTATACCGCGTTTCCA,4,4919966
ygfS_ygfT_predicted,4.0,3,0,GCCGGACCCAAAACGAGCTA,3,4913861
ygfS_ygfT_predicted,4.0,3,0,ACAAGTGGGCAACGCTTTAG,3,4919863
ygfS_ygfT_predicted,2.0,1,0,TAGGTATCCGTGGCTTCAAT,1,4906760
ygfS_ygfT_predicted,2.0,1,0,TAAAGGTGCATACTAGCATC,1,4924215
ygfS_ygfT_predicted,2.0,1,0,GACGAGGATCTCCTGCTAGA,1,4903901
ygfS_ygfT_predicted,2.0,1,0,GAATCCGCATAACTGGTAGG,1,4916525
ygfS_ygfT_predicted,2.0,1,0,CGGTCCGCGACCATAAAAAT,1,4931227
ygfS_ygfT_predicted,2.0,1,0,CCGCGACGCTATAAGCACCA,1,4899920
ygfS_ygfT_predicted,2.0,1,0,CAGCGACCACATCTTAGGCT,1,4926960
ygfS_ygfT_predicted,2.0,1,0,ATAAAGAGCGCCTACCGGAC,1,4904191
ygfS_ygfT_predicted,2.0,1,0,AGACTTTACTCATGGGGTCC,1,4901617
ygfS_ygfT_predicted,2.0,1,0,ACTATCAAAACGTTCGGGAC,1,4909143
ygfS_ygfT_predicted,2.0,1,0,ACATGCGGTTTTGCCGGCCC,1,4905654
ygfS_ygfT_predicted,2.0,1,0,AACTGGTAGGGGCATGAAAA,1,4910186
ygfS_ygfT_predicted,2.0,1,0,AACCCCTTGCCGAATATCGG,1,4907617
