name,relative_counts,ct,ct_0,barcode,ct_1,barcode_ind
hdeAp2,0.651840490797546,1075,651,ATGACCGTCTTTTGATCCTG,424,1800755
hdeAp2,0.7624521072796935,918,521,TCGGACGACCGTACTCAAAA,397,1777715
hdeAp2,0.7514792899408284,294,168,GCGCCGAGTTTATAGCCTGT,126,1771117
hdeAp2,1.09375,266,127,GCCTTACATTCTCGTGCGAA,139,1788517
hdeAp2,0.01639344262295082,122,121,CGACACTGGTGGGGATTAGT,1,1784140
hdeAp2,1.3898305084745763,280,117,AGTCCATATCAAAGCCGCGT,163,1778046
hdeAp2,1.5689655172413792,296,115,GCTGCTTACCCACGCCCCTG,181,1775908
hdeAp2,0.7321428571428571,192,111,GGGCAAAGTACGGACAAGCA,81,1773262
hdeAp2,0.9279279279279279,212,110,GCACCGGGTCCTAAACTAAC,102,1799388
hdeAp2,1.1886792452830188,230,105,CAGTGTATGGTCTTGTTGGC,125,1771955
hdeAp2,1.21,219,99,CATGTGGTCTCCATCGACTA,120,1774333
hdeAp2,3.5353535353535355,447,98,CCTTAGCTGCGACAGGTATT,349,1797310
hdeAp2,0.5102040816326531,146,97,AGTTACCGTACTCAGTCATA,49,1771231
hdeAp2,2.094736842105263,292,94,GTCAGAAAACATCCAGGTGT,198,1773150
hdeAp2,0.023809523809523808,84,83,TTCGGCTCATGCCGATAGGG,1,1825141
hdeAp2,4.440476190476191,455,83,CCCGTCGGAGAGAAGAGCCG,372,1771285
hdeAp2,3.8518518518518516,391,80,TGCGTAGGGATACGGCCTCA,311,1771773
hdeAp2,1.4074074074074074,193,80,CTCGTCATCTGTGTATTCAG,113,1776393
hdeAp2,0.1875,93,79,GCGTCAGGCTGAACTCCTAA,14,1775824
hdeAp2,0.8461538461538461,142,77,TTTAGTTGGCGAACCCATCT,65,1781726
hdeAp2,1.4102564102564104,186,77,CCTCTCATGCGCCGGGTGTA,109,1770986
hdeAp2,5.766233766233766,519,76,CCACAATGGCGTTGTCTAGT,443,1771562
hdeAp2,0.39473684210526316,104,75,GCGTCACAGAATCGAAAAGT,29,1784247
hdeAp2,0.9210526315789473,144,75,CCTACCCTCCTCCTGTGACA,69,1773734
hdeAp2,5.36,475,74,CGGTTCCTTTCTAGATACTA,401,1782787
hdeAp2,0.02702702702702703,74,73,GTTGTCTGTGTCGCGAGTTT,1,1775541
hdeAp2,0.02702702702702703,74,73,GTGTGGATTAGAACTATCCT,1,1785017
hdeAp2,1.8611111111111112,204,71,TGGAACTTGCAGGTTAAGTA,133,1773076
hdeAp2,1.0138888888888888,143,71,CGGCCGGATATGTTGTCATG,72,1773609
hdeAp2,1.8472222222222223,203,71,ATATTCTAGCCTCCGGTTAA,132,1779433
hdeAp2,1.732394366197183,192,70,TTGATTGGACGGCACCAAAA,122,1784047
hdeAp2,1.732394366197183,192,70,GTGGAGATCACGGAGGGGCA,122,1771032
hdeAp2,0.028169014084507043,71,70,GGGGGTATCTAGGAACAAGT,1,1773891
hdeAp2,1.0422535211267605,143,70,CATCAAGTACGTCCGGGTAT,73,1773671
hdeAp2,0.04285714285714286,71,69,TGGTCACTTTGAGTGTCATA,2,1816835
hdeAp2,1.1428571428571428,148,69,GGTCGAGAATCTCGCATGTG,79,1773055
hdeAp2,2.2,222,69,CTGCGTGATTACCAGGGCTT,153,1803182
hdeAp2,2.414285714285714,237,69,AGTTTAGTGATCATGAAATT,168,1787417
hdeAp2,1.318840579710145,158,68,GCATAGCATTCAACTAATGC,90,1825614
hdeAp2,2.7681159420289854,258,68,CGGACGTGATAGACACCTAG,190,1781817
hdeAp2,0.043478260869565216,70,68,AATGCTTCGTAACTGTGTGA,2,1790094
hdeAp2,2.0588235294117645,206,67,GCCCTATAGGCCATGTGCGG,139,1773790
hdeAp2,1.1029411764705883,141,67,GATTGGGCACCGGAAATACA,74,1772036
hdeAp2,2.014925373134328,200,66,CTATCGTTTATGCGTGGCGT,134,1795900
hdeAp2,0.045454545454545456,67,65,TTTGAGATCATGTCATTCAC,2,1774885
hdeAp2,0.9090909090909091,124,65,TTGGCTGTACTGACCACCTC,59,1771261
hdeAp2,0.8787878787878788,122,65,GCTAGCCCCACTCCACAGAT,57,1791558
hdeAp2,0.6060606060606061,104,65,ATTGTAAGAGCGCTATGGGA,39,1810672
hdeAp2,0.6153846153846154,103,64,GCGCGCTGCCTTAACCTCGC,39,1820007
hdeAp2,5.8307692307692305,442,64,AAGGTGTGGTGGTAATCCCG,378,1818888
hdeAp2,2.0,190,63,ACCGTTTGGCCTTTGACAGT,127,1773415
hdeAp2,0.03125,64,63,AAAATGCTTGACAGGGCTCA,1,1777137
hdeAp2,3.4126984126984126,276,62,TGGAAGCACAATATCCATGG,214,1771479
hdeAp2,0.031746031746031744,63,62,TGCTTGTTACCGCGGAAAAG,1,1782208
hdeAp2,0.031746031746031744,63,62,GTATACGTGGGTGCTTGCAA,1,1780381
hdeAp2,0.047619047619047616,64,62,GAGGAGTTTTTAGTTCTCTT,2,1771954
hdeAp2,0.031746031746031744,63,62,GAAGCCCTCAAGTCCAGATC,1,1776888
hdeAp2,1.6349206349206349,164,62,CTTCTGTCGAACCAAAGGCT,102,1780061
hdeAp2,2.7777777777777777,236,62,CTCTGTACAAGATGCTCTCA,174,1795305
hdeAp2,1.9365079365079365,183,62,CTCGTGTGGATCTTAAAGTA,121,1777978
hdeAp2,1.7301587301587302,170,62,CAGCGGGCATTTGTCCGCGA,108,1796516
hdeAp2,1.5238095238095237,157,62,CAAAATGCATAACCGTGAGC,95,1819807
hdeAp2,1.8095238095238095,175,62,ACGACCGTGTATTCAGATAT,113,1771863
hdeAp2,1.5873015873015872,161,62,AAGCTGACCAGCGGGCGTAG,99,1785445
hdeAp2,1.6774193548387097,164,61,CTTGCACGCACGGGATGGTC,103,1811186
hdeAp2,0.967741935483871,120,61,ATTACCGTACCTCCGTGTAT,59,1822403
hdeAp2,1.4516129032258065,150,61,AGCTGCGTGCTATGCGCGAC,89,1784093
hdeAp2,0.9193548387096774,117,61,ACCTTAGCTCTTGCCTTTTT,56,1779961
hdeAp2,0.06557377049180328,63,60,TCGCCTGAACGACAAAATCA,3,1773336
hdeAp2,0.03278688524590164,61,60,ACGCTTGCCTTGAATTTGGG,1,1773588
hdeAp2,1.5666666666666667,152,59,GGGACATTGAGAAGTCAAAC,93,1772314
hdeAp2,1.35,139,59,GGCGGCCGAAAACGCACATA,80,1772453
hdeAp2,0.03333333333333333,60,59,ACTCACTAGAGGCCCTGGCA,1,1773887
hdeAp2,1.305084745762712,134,58,TCTGTAGCTCTTATGCCGGT,76,1801873
hdeAp2,0.03389830508474576,59,58,GAGCCTCGAAATCTGATAAG,1,1777157
hdeAp2,0.03389830508474576,59,58,GACACCGGACCTTAAACGAT,1,1782534
hdeAp2,4.711864406779661,335,58,CTGCGACACATGCAGATTTT,277,1789411
hdeAp2,1.1896551724137931,125,57,GGTGAAGACGGGGGGCAGGG,68,1819597
hdeAp2,1.706896551724138,155,57,GGCGTGGCAGGCTAAGCGCT,98,1824783
hdeAp2,0.034482758620689655,58,57,CCGAGACTGACGATCATGTA,1,1827066
hdeAp2,1.9473684210526316,166,56,GTCATGCCGTGAACTAACGT,110,1774261
hdeAp2,1.912280701754386,164,56,GGTTCTACTAGACACAAGAT,108,1781322
hdeAp2,1.1785714285714286,120,55,TACACACTAACCCCGGCGGT,65,1785423
hdeAp2,0.5714285714285714,86,55,CCGGATTCAAGAGGCGAATC,31,1812104
hdeAp2,1.2142857142857142,122,55,ATCCGGCCAAGGCCCTCGTA,67,1778687
hdeAp2,2.767857142857143,209,55,ATAATGATCGTTACATAACG,154,1824701
hdeAp2,2.036363636363636,165,54,TTGAAACTCGGGACCCTCTG,111,1783424
hdeAp2,0.03636363636363636,55,54,TGTTGGACAGTACGGCACCC,1,1789232
hdeAp2,1.5818181818181818,140,54,GTTAGAGCGATATGCTTGGT,86,1801044
hdeAp2,0.03636363636363636,55,54,GCGCGTTGCGATCCTGACAC,1,1775038
hdeAp2,0.8545454545454545,100,54,ACGGGTCAGGGAGGGACTGT,46,1782440
hdeAp2,2.574074074074074,191,53,TCGAGCAAGTGATCTACAAA,138,1793472
hdeAp2,0.6666666666666666,88,53,CTCTTACAGACTCTCTAACG,35,1793773
hdeAp2,4.351851851851852,287,53,CCCTCAGTGCTACTGGCAGG,234,1795930
hdeAp2,2.8333333333333335,205,53,AAACTTGCGTGGTATTAGAC,152,1799991
hdeAp2,0.3584905660377358,70,52,GGCAGGTGTCTCTCTTGTCA,18,1787411
hdeAp2,2.660377358490566,192,52,GCTAAGCAGTACTGCCTTTC,140,1804715
hdeAp2,7.849056603773585,467,52,GAGCTACGGTAACCTGCGAT,415,1817331
hdeAp2,1.6037735849056605,136,52,GAGCAGCACAATGCAGGACA,84,1794434
hdeAp2,0.32075471698113206,68,52,CATATCCGCGCAAGACCGGC,16,1771140
hdeAp2,0.03773584905660377,53,52,CAATTTCCAGTAGGGTCTTG,1,1787427
hdeAp2,0.03773584905660377,53,52,AACTCCGGAAGAGAAGTACG,1,1797014
hdeAp2,0.038461538461538464,52,51,TGGATTTGAGTCAGCGCTAT,1,1809035
hdeAp2,1.25,115,51,TCTAAGAACTCTAATTGAGA,64,1789735
hdeAp2,2.0,154,51,TCCTGCCAAGCCAGCAAGGA,103,1808573
hdeAp2,0.038461538461538464,52,51,GTCCGGCTGCTCCTCCTGCA,1,1773130
hdeAp2,1.4038461538461537,123,51,CCTGCGACCCCAAAGCCAAC,72,1783531
hdeAp2,3.25,219,51,CCGGCGCGTTCGGGCGCTAG,168,1775607
hdeAp2,4.0,258,51,CATGAGGTGACGCATGGGGA,207,1795164
hdeAp2,0.7307692307692307,88,51,CACGGCTCGATGGTCTTGGT,37,1771815
hdeAp2,0.038461538461538464,52,51,ACTGTGTCCTTTCATGGATC,1,1795684
hdeAp2,1.9411764705882353,148,50,TGAGTTCGGGAAGGGGGAAC,98,1808818
hdeAp2,2.0784313725490198,155,50,TAAGTGGCTCGCAAAATATA,105,1774420
hdeAp2,0.0784313725490196,53,50,GCGTGTATGGAATGTCCAGA,3,1786351
hdeAp2,1.5490196078431373,128,50,GCGGGTATCGCCCTCGACAC,78,1771700
hdeAp2,0.058823529411764705,52,50,CAGGTCCTTGTTTCTTGCGA,2,1781049
hdeAp2,0.5490196078431373,77,50,CAGCAGACCCACAGCCGCAT,27,1785263
hdeAp2,0.0392156862745098,51,50,CACTACAACGCCTTCTCAAT,1,1803569
hdeAp2,0.09803921568627451,54,50,AGGGAGGTATTCCTCGCAGA,4,1797612
hdeAp2,1.5098039215686274,126,50,ACACGCTAAAGTTAAGAGTG,76,1774306
hdeAp2,4.470588235294118,277,50,AACTACTGCCTCCCATAAGC,227,1823056
hdeAp2,1.42,119,49,TTTTTGGTCTCCGAAATTCT,70,1805695
hdeAp2,1.7,133,49,TGACTCTCCAACATTAAAAA,84,1815047
hdeAp2,2.42,169,49,GAGTCCTAATAGTTCGTTGT,120,1782230
hdeAp2,2.08,152,49,CCCACAGCACCTATTGTCTC,103,1772076
hdeAp2,1.66,131,49,CCAACCCGGAATCATGACTA,82,1816877
hdeAp2,2.76,186,49,AGCAATACGGGACGGGGTGT,137,1781132
hdeAp2,0.20408163265306123,57,48,TGACCCCTGTTCCTTCAGTG,9,1807966
hdeAp2,0.04081632653061224,49,48,TATGCAGCCTGGTTGCTAAG,1,1799489
hdeAp2,0.04081632653061224,49,48,CACGCCGCCAGGTAGATTCT,1,1786935
hdeAp2,1.9387755102040816,142,48,AGCCAAATAAAGAACAGCAA,94,1809268
hdeAp2,0.041666666666666664,48,47,TCCGCCCCGTAGGGCATAAA,1,1822873
hdeAp2,1.6458333333333333,125,47,GGCCGTCTCGACTAGCGCTC,78,1804254
hdeAp2,0.9791666666666666,93,47,GCCAATGCTGCGGGATTGAT,46,1773317
hdeAp2,3.6666666666666665,222,47,CTGGCGACGAGTGTATCCAA,175,1790388
hdeAp2,0.041666666666666664,48,47,CACCCATTCTTGACCATTAA,1,1789293
hdeAp2,1.3125,109,47,ATGGCGCGCGATTATCATGT,62,1782326
hdeAp2,3.2083333333333335,200,47,AGGGTTTTCACTTGTAAGGT,153,1777612
hdeAp2,1.1666666666666667,102,47,ACTTGCGTTCTCGGTCTAAT,55,1796610
hdeAp2,1.8333333333333333,134,47,ACCCGGGCGGCAGTGGGGAG,87,1785417
hdeAp2,7.574468085106383,401,46,GTTTAGGTGTAATAGGAAAT,355,1780440
hdeAp2,1.425531914893617,112,46,GGGCGCAAAGACAATTTACA,66,1796974
hdeAp2,0.0425531914893617,47,46,CTGTTAGGGGACACCCAGTA,1,1780860
hdeAp2,4.340425531914893,249,46,CTGGCTGTCCGACTGAATGA,203,1781131
hdeAp2,10.553191489361701,541,46,CTGGCACCTATTGGATAGTA,495,1808473
hdeAp2,1.7234042553191489,126,46,CCTCACATATTTAGGCCCGA,80,1773447
hdeAp2,0.8085106382978723,83,46,CCGCTCAGTACTGTTGATCT,37,1798540
hdeAp2,0.0425531914893617,47,46,CATTTCTAAAATACGCGCGG,1,1777278
hdeAp2,4.446808510638298,254,46,CATCCGTGTGAAGGCCGTAC,208,1801986
hdeAp2,2.021276595744681,140,46,ACACGCGGATCAATTGTTTT,94,1791645
hdeAp2,0.5217391304347826,68,45,TTTAAACCTGTTAGGAAGGA,23,1816119
hdeAp2,0.6739130434782609,75,45,TTCCCCTGTTTGAGCTACTT,30,1800001
hdeAp2,1.3478260869565217,106,45,TGTAATCATTGGTCTTAATA,61,1799912
hdeAp2,3.0652173913043477,185,45,TGGGCCTGCCCGCTGCCAGT,140,1772506
hdeAp2,2.0652173913043477,139,45,TCTGGCTACATCCGCTATAA,94,1772074
hdeAp2,0.043478260869565216,46,45,GTTTCGGATACGGCCTATTA,1,1778789
hdeAp2,0.043478260869565216,46,45,GAGAGGCGGAGACTTCAGGT,1,1786869
hdeAp2,0.043478260869565216,46,45,CCCCCTGATTCGGACCGGCT,1,1803778
hdeAp2,0.043478260869565216,46,45,CATCACTAGGCGGCAGCAAA,1,1797642
hdeAp2,3.260869565217391,194,45,CATCACACAAACGGGGATGG,149,1771487
hdeAp2,0.9333333333333333,85,44,TGGTTAAGCTCCCGTACTAT,41,1783134
hdeAp2,1.9111111111111112,129,44,CTTCAGCGGATACTCAGGCC,85,1807290
hdeAp2,1.7555555555555555,122,44,CTGCCTGTAAGACGGGCGAT,78,1821400
hdeAp2,1.5333333333333334,112,44,CTACACCTGTAAGGCTCTAA,68,1795004
hdeAp2,0.8,79,44,CACGGAGCTTGGTCATCAGT,35,1774781
hdeAp2,0.044444444444444446,45,44,ATTCGGGATAACAGATTCTA,1,1777201
hdeAp2,1.9777777777777779,132,44,ATGCAGGTCATCAAACTTCC,88,1777040
hdeAp2,4.955555555555556,266,44,ACACAAAAATCTCCTTCGAT,222,1808579
hdeAp2,0.044444444444444446,45,44,AAGACTGCACGTCCAACAGC,1,1808968
hdeAp2,0.4772727272727273,63,43,TTTGCGACCGTGTACATTGT,20,1803605
hdeAp2,0.045454545454545456,44,43,TTCTGTCACCGTTACTAAAC,1,1797895
hdeAp2,1.1818181818181819,94,43,TGACGGGAATTTCAAACGCT,51,1801108
hdeAp2,1.1590909090909092,93,43,TGACGAGAGTGAGTCATGCA,50,1783717
hdeAp2,0.8181818181818182,78,43,TCCTAACCAGTCGCCCGACA,35,1806006
hdeAp2,0.045454545454545456,44,43,GAGTCCTGTGGCTTTACGTT,1,1778653
hdeAp2,0.045454545454545456,44,43,CTCTGCCCTCACCTCCGTAA,1,1798653
hdeAp2,0.9090909090909091,82,43,CGGCCATAGATCTAAAGCCC,39,1797552
hdeAp2,0.6590909090909091,71,43,CACTGCGCTCCTTAGCTGCA,28,1775215
hdeAp2,0.9318181818181818,83,43,CACGACAGGGCCGCAGACTA,40,1803618
hdeAp2,0.045454545454545456,44,43,ATTGGACCCGATGAATCTAC,1,1807582
hdeAp2,0.045454545454545456,44,43,AAGCAATAAAACCGTGCATA,1,1774401
hdeAp2,1.7045454545454546,117,43,AAAGCTACGAGTTAAGAGCT,74,1772421
hdeAp2,0.6976744186046512,71,42,TTCCAGTGTGCTGTCGAACG,29,1815514
hdeAp2,1.372093023255814,100,42,TCAGGTGTATATGCCAGTGT,58,1805510
hdeAp2,0.046511627906976744,43,42,GGCCTCACATACAGGGTCCA,1,1788566
hdeAp2,0.46511627906976744,61,42,GGATAAGTTTGGGCACTCGA,19,1781895
hdeAp2,2.116279069767442,132,42,CTTAATATGTCTCCCTTGCT,90,1780398
hdeAp2,0.046511627906976744,43,42,CTGCTGTAATCGCATGAATC,1,1782636
hdeAp2,15.906976744186046,725,42,CGGTTTCTCACCTCCGAGGA,683,1804822
hdeAp2,0.046511627906976744,43,42,CGCAGGTCTCAAATATGGAA,1,1786149
hdeAp2,0.046511627906976744,43,42,CCTGGAACTGCAGGCGGGCT,1,1773994
hdeAp2,1.302325581395349,97,42,AGGGTGCACTTCACAAAGGT,55,1772984
hdeAp2,0.046511627906976744,43,42,AGCCACACTGTAGGGCGTTA,1,1792817
hdeAp2,1.7209302325581395,115,42,ACCTGTGAGCTCCCCGAGGT,73,1781440
hdeAp2,1.3255813953488371,98,42,AAGGTTTAGAAGGTGGTGAT,56,1783741
hdeAp2,2.142857142857143,130,41,TATGGCGCGCTAAGGCTTAA,89,1780199
hdeAp2,0.6190476190476191,66,41,GTCTACTCAGTGACCATCAA,25,1810007
hdeAp2,1.0476190476190477,84,41,GGTCAACCTGCGTAGCCCAG,43,1809752
hdeAp2,1.0,82,41,GAGTGGCACAGCATTGCGCA,41,1819030
hdeAp2,0.09523809523809523,44,41,GAGAACCCTACCGGTCCCAT,3,1791052
hdeAp2,0.047619047619047616,42,41,GACCCTGGTCACTGGTTTGA,1,1782206
hdeAp2,0.047619047619047616,42,41,CGCTCGTCCATTAGCCTAAA,1,1821157
hdeAp2,1.380952380952381,98,41,AGTGATCCGCGGAGCGATTT,57,1786759
hdeAp2,6.9523809523809526,332,41,ACCTAGTTCCGAGCTCTGAT,291,1793421
hdeAp2,1.8095238095238095,116,41,AACGGTGCTTCTGAGAGGGT,75,1802104
hdeAp2,0.04878048780487805,41,40,TTAGCCAGGACCTGCGGCTT,1,1813933
hdeAp2,2.4390243902439024,139,40,TGCACCTCCCTACAGCACGA,99,1793901
hdeAp2,5.853658536585366,279,40,TATTTAAAGGAAGGCCGGAA,239,1773698
hdeAp2,0.926829268292683,77,40,GTACAGGTAATTATGTGATA,37,1778691
hdeAp2,2.341463414634146,135,40,GGCTCGGGATCAACTTAGAA,95,1809262
hdeAp2,0.04878048780487805,41,40,GGCACGGTCGTTTCGTCGTC,1,1796737
hdeAp2,1.951219512195122,119,40,CTTTGGCAAGCGAAAGGGGG,79,1803434
hdeAp2,0.5121951219512195,60,40,CTCGTACGCAGCGCAAACAG,20,1777915
hdeAp2,0.04878048780487805,41,40,CGCAGAGGTGCTTTAGAATA,1,1795688
hdeAp2,0.04878048780487805,41,40,CCTGAGTCAGTCGTTGATGA,1,1793429
hdeAp2,0.5853658536585366,63,40,CCTAAGCATGAGTGTTAACC,23,1807156
hdeAp2,2.15,124,39,TGAGGAGTCTGAAATACCTA,85,1802025
hdeAp2,0.05,40,39,TCGAGACGTCACGCCTAAGG,1,1807659
hdeAp2,1.825,111,39,TCCCGCTATCGGTTGTGCAA,72,1798003
hdeAp2,0.05,40,39,TATGAAAATCTATTGGCGGC,1,1788213
hdeAp2,2.325,131,39,TACATATGCGGTCTGGTAAA,92,1784168
hdeAp2,0.075,41,39,TAAGGGCGGATACCGAAATG,2,1793185
hdeAp2,6.375,293,39,GTATCAGGTTTTGAACCTCG,254,1788687
hdeAp2,1.575,101,39,GGTTAGACCATAAAGAATAA,62,1788489
hdeAp2,1.8,110,39,GGTACCGCTGCGGACACTCA,71,1808270
hdeAp2,0.975,77,39,GCGCTAGCCATTCTTTGATG,38,1776798
hdeAp2,1.85,112,39,GCCAACTGCCATGCCAGGGG,73,1796101
hdeAp2,3.025,159,39,CGGTTATGGGTACATGGTGA,120,1817271
hdeAp2,1.1,82,39,CAGGACTACCCTTCAGTTAG,43,1800640
hdeAp2,3.475,177,39,AGTCATGAGCAATATCCACC,138,1790499
hdeAp2,1.875,113,39,AGGCTCGTGGACACGTGGCA,74,1777043
hdeAp2,2.4,134,39,ACGTCCTAGTATTAACCTCC,95,1770947
hdeAp2,6.65,304,39,ACGGACTCTAAGTACTGTGC,265,1788775
hdeAp2,1.325,91,39,ACGCGAAGTGAGGCTAAAAC,52,1772120
hdeAp2,0.05,40,39,AATGCACGTTACTCGCGGAT,1,1780312
hdeAp2,0.275,49,39,AAACACTGCATCCGCGAGTA,10,1815278
hdeAp2,1.8974358974358974,111,38,TTCGCAAGCGTAGTGCCCAC,73,1817537
hdeAp2,0.05128205128205128,39,38,GTCGAGGCGATTTACGTGAG,1,1779908
hdeAp2,0.9230769230769231,73,38,GCGGGAACGGCCCCCGTCAG,35,1784313
hdeAp2,0.05128205128205128,39,38,GCCAGAGTGGGTGCTCGTAT,1,1823649
hdeAp2,1.7179487179487178,104,38,CGAGCTTAGGATACACAGCA,66,1822772
hdeAp2,2.4358974358974357,132,38,CCCGCGTCTTCCGTCATGGT,94,1809387
hdeAp2,4.205128205128205,201,38,ATATTGCATCGCGGTTAGGG,163,1783720
hdeAp2,1.7692307692307692,106,38,AGGCAGCGTGGGTCCCGAGA,68,1775196
hdeAp2,0.10256410256410256,41,38,AGGCAGAATTCCATGGCGAG,3,1824411
hdeAp2,1.894736842105263,108,37,TGTACGCTGCGCGGCCGCCA,71,1827561
hdeAp2,2.3947368421052633,127,37,TGGTCACGGATTCTGATTAT,90,1772246
hdeAp2,0.7894736842105263,66,37,TCGAGTTTGCCCTCTCGGTT,29,1823844
hdeAp2,4.052631578947368,190,37,TCCACTGACAAACGAGTAAT,153,1802507
hdeAp2,0.05263157894736842,38,37,TAGGTCGGGCGATTCAATTA,1,1792516
hdeAp2,0.05263157894736842,38,37,TAGAGAACCCCGATAGCTAC,1,1817663
hdeAp2,1.7894736842105263,104,37,GAGCGTGTCCCTCACGTCTA,67,1777993
hdeAp2,2.0,112,37,CGAGCGGTAAACGCTCCACA,75,1778256
hdeAp2,2.3421052631578947,125,37,CACCAGCGGAGCATGAAGTA,88,1772776
hdeAp2,0.05263157894736842,38,37,CAACCGGCTTAACCCCTAGA,1,1807543
hdeAp2,0.39473684210526316,51,37,ACCCTCATAACATTAAACTA,14,1774364
hdeAp2,0.10526315789473684,40,37,ACCATTACCCCTGCACGCAT,3,1779776
hdeAp2,1.4594594594594594,89,36,TTAGCCGTGGCGGTACTATG,53,1815416
hdeAp2,0.8108108108108109,65,36,TCGCCCGGCAGGCCCAAAAT,29,1794815
hdeAp2,0.43243243243243246,51,36,TAGAACACGGCGTGCATCTG,15,1780722
hdeAp2,0.05405405405405406,37,36,GTTCAATAGGCGCAGAGTCC,1,1815714
hdeAp2,0.05405405405405406,37,36,GTCATGCTCGCATGGGGATC,1,1817513
hdeAp2,0.05405405405405406,37,36,GGAGAGATCACCAGACATAA,1,1813403
hdeAp2,0.6756756756756757,60,36,GCAGGCCCGATCGGGGAATT,24,1782121
hdeAp2,0.05405405405405406,37,36,GAGAACTGATCAACCTCATC,1,1780451
hdeAp2,1.054054054054054,74,36,GAACAGAGTGCACTCTCCGA,38,1778615
hdeAp2,7.027027027027027,295,36,CTAGTAGTCGGTTGATGTAA,259,1787404
hdeAp2,0.08108108108108109,38,36,CTAAAGGACCTTAGCTGTTA,2,1792096
hdeAp2,0.05405405405405406,37,36,CGTATAATTGCCGAATGCCA,1,1823197
hdeAp2,3.8378378378378377,177,36,CGGTCGGCATAGTTCGGCAA,141,1772775
hdeAp2,1.6486486486486487,96,36,CGGAAGTGCCTTGGGGCTGT,60,1806879
hdeAp2,0.05405405405405406,37,36,CCGGGGTGTAATTCACGTAT,1,1797700
hdeAp2,1.7567567567567568,100,36,ACATGCGCACTGAACGTTCT,64,1786236
hdeAp2,1.3055555555555556,81,35,TTGTTCAGTTAATGCCCGGT,46,1812968
hdeAp2,2.6666666666666665,130,35,TGCGTTTCTACAAGAAAGTA,95,1774458
hdeAp2,1.5,88,35,TGCCTATTCTTCACGTCACG,53,1819894
hdeAp2,3.4722222222222223,159,35,TCACATTCATTGGACGCCCT,124,1787232
hdeAp2,0.05555555555555555,36,35,TCAATTGCATGCACGTGTTG,1,1808398
hdeAp2,3.6666666666666665,166,35,TAGCAGTTCTAAGCATACTT,131,1799237
hdeAp2,0.05555555555555555,36,35,GTAATCGGTGAAAGGGGGGT,1,1771483
hdeAp2,1.8611111111111112,101,35,GGGCCAGCACAAACATTCAT,66,1793345
hdeAp2,2.5277777777777777,125,35,GAGAGTTTGGCATCACGACT,90,1817956
hdeAp2,2.0277777777777777,107,35,CTTGGGTGCATAGTGGGCAA,72,1786050
hdeAp2,0.3888888888888889,48,35,CTGGCTGGATGGCGGATCCC,13,1775764
hdeAp2,0.05555555555555555,36,35,CCGAGAGGTGCTCATGAGAT,1,1805150
hdeAp2,1.9722222222222223,105,35,ATAGACGCGCGGTATCGTCA,70,1788734
hdeAp2,0.05714285714285714,35,34,TTCCCCTCAATTAGAGTTGT,1,1776150
hdeAp2,3.1142857142857143,142,34,TGGTAGCACCGTTTAATTGC,108,1777699
hdeAp2,0.05714285714285714,35,34,TGCATCGAGTCAGCTGCTGC,1,1771368
hdeAp2,0.05714285714285714,35,34,TGAGGATATGGGGATCGGGA,1,1802198
hdeAp2,0.42857142857142855,48,34,TATGTTAATACTTTGCCACT,14,1801359
hdeAp2,2.057142857142857,105,34,TACGATATGCAAGACATTAA,71,1772705
hdeAp2,1.7142857142857142,93,34,GGTATTGCATCGAGCAAACT,59,1783544
hdeAp2,1.5142857142857142,86,34,GGGCCTGGGATACAGTCAAT,52,1790799
hdeAp2,3.2,145,34,GCTGGGGATACGGCGGGACG,111,1826752
hdeAp2,23.0,838,34,GCCTGTACTAACAACAATAC,804,1774987
hdeAp2,0.05714285714285714,35,34,GCCTAGTGAAGAATCCTATA,1,1815228
hdeAp2,0.05714285714285714,35,34,GAATCACAGATCGGGGAGAT,1,1800384
hdeAp2,4.428571428571429,188,34,CTAACAGTGTTTTCCCCGCA,154,1803568
hdeAp2,2.4857142857142858,120,34,CCGCTATGACGGAGCTGGCA,86,1815299
hdeAp2,0.14285714285714285,38,34,CCCTGAACGCAATAGGGTTA,4,1773635
hdeAp2,0.05714285714285714,35,34,CATTAGGGAGTAAACGGAAA,1,1805594
hdeAp2,1.2571428571428571,77,34,AGCCGCTGGTTTACGTAGTG,43,1776809
hdeAp2,0.4411764705882353,47,33,TTTGCCTGGAAACGAGACCT,14,1783984
hdeAp2,0.058823529411764705,34,33,TTCTCCCGTCACCAGCTGGA,1,1792147
hdeAp2,2.088235294117647,103,33,TTAGTGGAGCTGAAGTGCCT,70,1773569
hdeAp2,2.588235294117647,120,33,GTGCACTCATAAGTGCGCAA,87,1800415
hdeAp2,0.08823529411764706,35,33,GCACACTTCGAGCGCCCTAT,2,1817788
hdeAp2,6.117647058823529,240,33,GAGCCTCTGAACTTACTTTA,207,1773290
hdeAp2,2.588235294117647,120,33,GAGCCAATCACATGTGGCTT,87,1818554
hdeAp2,2.411764705882353,114,33,CTGTGAGAGACGCGGCGAGT,81,1818863
hdeAp2,0.6470588235294118,54,33,CGGACCGCCACTAAGGGATT,21,1795992
hdeAp2,1.5294117647058822,84,33,CCTGCGGATCTCAGAAAGCA,51,1802542
hdeAp2,0.058823529411764705,34,33,CACTGCATCGGGCATGCAAA,1,1818842
hdeAp2,1.6470588235294117,88,33,CAATTTGAATCGAGCATTCA,55,1788740
hdeAp2,1.2352941176470589,74,33,ATGGGCAACCCCACCCGCGA,41,1789675
hdeAp2,0.058823529411764705,34,33,ACCAGTCACAACTAACTGAG,1,1805326
hdeAp2,4.636363636363637,184,32,TTTGCTTTTCTTGCATTGAG,152,1809749
hdeAp2,1.0606060606060606,66,32,TGTGTGATGGAATCTATTGA,34,1773627
hdeAp2,0.48484848484848486,47,32,TCCTTAAACGGTAGGTAAGA,15,1826144
hdeAp2,5.545454545454546,214,32,TAGTACTTTAAGGCTAACGG,182,1772347
hdeAp2,0.06060606060606061,33,32,GTGGTATCTTCTGTACACCA,1,1823695
hdeAp2,1.5757575757575757,83,32,GTACAGTCCCAATTCACAAT,51,1794242
hdeAp2,6.121212121212121,233,32,GGTATAGCACCGTGTAGGAG,201,1824689
hdeAp2,1.8484848484848484,92,32,GGATAGGGGTATAAGTACGT,60,1779385
hdeAp2,0.06060606060606061,33,32,GATTGCCCCGTTGCGACTAG,1,1776280
hdeAp2,0.9090909090909091,61,32,CTAGTGCACATTGCTGCCAA,29,1794364
hdeAp2,0.9090909090909091,61,32,CTAGGCAGACCCATTCAGTT,29,1785355
hdeAp2,0.21212121212121213,38,32,CGGAAAGGTGAGGACCGTTA,6,1813972
hdeAp2,0.06060606060606061,33,32,CGCGGTGATCTGATTCGTAC,1,1789506
hdeAp2,2.1818181818181817,103,32,CCTTCATCATGTTAGGGTAC,71,1793528
hdeAp2,0.9090909090909091,61,32,CATATAGTGGATGTGAAATT,29,1778321
hdeAp2,3.757575757575758,155,32,AGTCCTGAAACCGGCTGGCA,123,1802862
hdeAp2,0.06060606060606061,33,32,AGGGTAGTCACATGGTGGCA,1,1825586
hdeAp2,0.30303030303030304,41,32,ACACTTCATTGTCGGCAGAT,9,1771422
hdeAp2,0.06060606060606061,33,32,ACAACGACCGAGTCTAGAGG,1,1816431
hdeAp2,0.3125,40,31,TTCTTCACATCTTCACTTTC,9,1812224
hdeAp2,0.96875,61,31,TGCGTCCCCGTCAGTGGCTA,30,1801449
hdeAp2,4.25,166,31,TCACTCGTAGAAAGCTTACT,135,1782852
hdeAp2,0.0625,32,31,TAGCACGCAGAGGCAAGCAA,1,1790325
hdeAp2,4.65625,179,31,TACCCTCTAATTTTTTAATT,148,1793688
hdeAp2,6.5,238,31,TAAGCCGAGGTATAACAGTG,207,1821135
hdeAp2,9.4375,332,31,GTGTGGGATGTTGATGGGCA,301,1799860
hdeAp2,1.59375,81,31,GTCTTCGGGGACCTGACGAG,50,1822868
hdeAp2,0.90625,59,31,GTCCGTATCGGCCAGACATG,28,1778145
hdeAp2,1.125,66,31,GGTCTAAATTTATTCGCTAA,35,1819206
hdeAp2,5.375,202,31,GGGATTTGATGAACGTAACG,171,1782040
hdeAp2,2.34375,105,31,GGGATAATGCCTATGCGGAT,74,1796841
hdeAp2,1.4375,76,31,GCCCCTTCGCATGAGTAGGA,45,1802380
hdeAp2,3.4375,140,31,GCACACTAGGACGTTGTGTC,109,1776306
hdeAp2,1.40625,75,31,CTAGAGTCACTGCTTATTGG,44,1775852
hdeAp2,2.8125,120,31,CGTCCTTCTCGGTCATCAGG,89,1797683
hdeAp2,0.0625,32,31,CGGGAGGTACGGGATAGCCA,1,1812003
hdeAp2,0.09375,33,31,CCGCTCAGTCTTGCATGCGT,2,1809418
hdeAp2,0.0625,32,31,CCGCCGATAAGGCCTTAGAC,1,1778462
hdeAp2,3.15625,131,31,CCGATTCTATAGTAGGTCTT,100,1774338
hdeAp2,2.125,98,31,CCATAGAGATGTAACCTGTC,67,1817665
hdeAp2,2.375,106,31,CACATTACCATCTGATGGCA,75,1821368
hdeAp2,2.09375,97,31,ATGCTTACGTTTTATTGGAG,66,1819278
hdeAp2,0.125,34,31,ATGCTGATTCCAGGGGATAC,3,1774860
hdeAp2,0.0625,32,31,ATCGCTCTAGTCATTCGTCA,1,1802023
hdeAp2,2.0,94,31,AGGCAAGGTTAGCCCGGATT,63,1811038
hdeAp2,0.0625,32,31,AGAAACTCCGGCACAAGATC,1,1806791
hdeAp2,2.59375,113,31,ACTGTTAACGTGGACTGATA,82,1771500
hdeAp2,0.84375,57,31,ACTGCTACCTTAAACTTCTT,26,1791810
hdeAp2,2.6875,116,31,ACGGAATGGAATGCCATCGA,85,1771564
hdeAp2,11.8125,408,31,ACGCCGTCTTCATGCATGAG,377,1816549
hdeAp2,0.0625,32,31,ACATTCGTGTGCGCCAATAA,1,1810098
hdeAp2,0.78125,55,31,ACACCAGGTTCCGTAACGGT,24,1788420
hdeAp2,2.096774193548387,94,30,TGAGGGCATCCGCAGTATAG,64,1815556
hdeAp2,3.3548387096774195,133,30,TGAATTACTGGGGGGCGTTT,103,1808790
hdeAp2,6.32258064516129,225,30,TCCATCATCTCGACCTACCC,195,1824410
hdeAp2,6.483870967741935,230,30,TATTGAATTTAGTCGGCCGG,200,1785763
hdeAp2,0.7419354838709677,52,30,TATATTAGTGAGCCTATCGA,22,1808915
hdeAp2,0.3225806451612903,39,30,GTTTCAGTTCCCCAGGAGAA,9,1807475
hdeAp2,2.4193548387096775,104,30,GTCGATTGATTGCAATCGGC,74,1772578
hdeAp2,3.3548387096774195,133,30,GTCCGAGTACGCCGGAAGGT,103,1803145
hdeAp2,4.32258064516129,163,30,GGGGAAGTATCCTGCGACCA,133,1784923
hdeAp2,0.0967741935483871,32,30,GGCTGCGTATCTTCCTAAGT,2,1791872
hdeAp2,5.548387096774194,201,30,GCTACGTGCGACCCGGGGGA,171,1782781
hdeAp2,6.870967741935484,242,30,GAGGCTTGTGCGGGTCGAAA,212,1774440
hdeAp2,3.0,122,30,GACCACAAAGGGATTGTTGA,92,1789042
hdeAp2,10.419354838709678,352,30,CTTCCTCCCGTTGACGTGAC,322,1771621
hdeAp2,0.06451612903225806,31,30,CTAAACCAGCTGGCCTTAAG,1,1817794
hdeAp2,1.935483870967742,89,30,CGGAGAGTCGGGGGTATTGT,59,1811282
hdeAp2,1.096774193548387,63,30,CGCTGGTTGATGACCATAGG,33,1782421
hdeAp2,3.4193548387096775,135,30,CGCCGGGTCAATAGACGTTG,105,1799044
hdeAp2,2.935483870967742,120,30,CCTATCATAGCCCGCTCTGT,90,1811935
hdeAp2,5.32258064516129,194,30,CCCTAGCTTCGATTACATTA,164,1803230
hdeAp2,0.06451612903225806,31,30,CCAGGCGGGAGATGTGACGA,1,1785697
hdeAp2,0.1935483870967742,35,30,CCACACCTGCAAGGAGGCCC,5,1785357
hdeAp2,4.064516129032258,155,30,CATTGACACATAATTTGCTC,125,1772505
hdeAp2,1.6774193548387097,81,30,ATAAGGTTTTCCGTCCCCTG,51,1782981
hdeAp2,1.935483870967742,89,30,AGTAGCGGTGTCTACAAGCG,59,1775627
hdeAp2,0.06451612903225806,31,30,AGGCACTGAGACGGAGCTCA,1,1777138
hdeAp2,0.06451612903225806,31,30,ACGATCTCCCTTAGCAAAGT,1,1806859
hdeAp2,1.096774193548387,63,30,ACCGAGGATCACAAGGCCGT,33,1791271
hdeAp2,3.6774193548387095,143,30,AAGCAGTATGTCATTATAAC,113,1782020
hdeAp2,0.06666666666666667,30,29,TTTTTCGGTCGTAAATCTCA,1,1783589
hdeAp2,0.06666666666666667,30,29,TTCGGGACGCACGCCTGGTG,1,1815552
hdeAp2,1.1,61,29,TTCCGCGAATGTATACTCAT,32,1807441
hdeAp2,0.06666666666666667,30,29,TCTACTTACGGCCAGTGGAT,1,1807442
hdeAp2,4.833333333333333,173,29,TCTAAGAAATTTTAGGATAA,144,1806785
hdeAp2,4.166666666666667,153,29,TCGAAACCCCCGTCTAAAAA,124,1795948
hdeAp2,2.033333333333333,89,29,TCAATGTGGGAATTCTCTAA,60,1808571
hdeAp2,0.06666666666666667,30,29,TAGGTAAGAGTCCTTCTCCC,1,1803774
hdeAp2,4.2,154,29,GTAGGCCGGAGGGGCGCCGC,125,1815378
hdeAp2,0.43333333333333335,41,29,GGGACTTGTACCCAGTTGGA,12,1809825
hdeAp2,1.9333333333333333,86,29,GCTTAACGGTCCTCGGTCTT,57,1812805
hdeAp2,8.9,295,29,GATGGTATTCATTGGGTGTG,266,1792889
hdeAp2,8.1,271,29,GATCGGTGCGCAACCTGATG,242,1802599
hdeAp2,2.7333333333333334,110,29,GAACGCCGAAATGGCAGGCG,81,1798755
hdeAp2,3.433333333333333,131,29,CTGAATCACGATGGTCTCAC,102,1781816
hdeAp2,1.5666666666666667,75,29,CTATTAGGACGGCCGCCATG,46,1775311
hdeAp2,0.13333333333333333,32,29,CCTATCACGGGCGGAGGACA,3,1786450
hdeAp2,0.06666666666666667,30,29,CCGCAGGTTCCGCGTTTTAT,1,1790713
hdeAp2,1.0333333333333334,59,29,CCGATCTTATCTGTAGACAA,30,1786932
hdeAp2,2.3666666666666667,99,29,CCCGCCCGCCGAATACTGTA,70,1792383
hdeAp2,3.033333333333333,119,29,CCACGTTCGTCGATAGTAGT,90,1788498
hdeAp2,0.6666666666666666,48,29,CATCTGGGCGCTTCGGTGTT,19,1774693
hdeAp2,1.7666666666666666,81,29,CAGATTGTAGTAGGGGGTCA,52,1792375
hdeAp2,0.06666666666666667,30,29,ATGGCCTTTTTTAGATTACT,1,1793875
hdeAp2,0.06666666666666667,30,29,AGGATCCGTGTTCGCTGATG,1,1807657
hdeAp2,0.06666666666666667,30,29,AGCACGGACAATAATTGAAT,1,1791472
hdeAp2,0.8333333333333334,53,29,AGATCGCCCTACTGTAGTAC,24,1793547
hdeAp2,3.933333333333333,146,29,AACCTTAGAACGAGCGGCTA,117,1796338
hdeAp2,4.172413793103448,148,28,TTTGCCAAATTGTGCGCGAG,120,1797539
hdeAp2,2.9655172413793105,113,28,TGTTCGTCTCCCTTGGAGCC,85,1823384
hdeAp2,4.896551724137931,169,28,GGGGATTCCCAATCGGCAGC,141,1789107
hdeAp2,3.4827586206896552,128,28,GGCCAGCGCAACCGATCTCG,100,1809514
hdeAp2,9.931034482758621,315,28,GGAGCAAAGGCCCTAGGGAC,287,1772587
hdeAp2,0.06896551724137931,29,28,GCGGCGCTTGAGATGGACCT,1,1817870
hdeAp2,1.9310344827586208,83,28,GATCACACTTTTTGTCCCTC,55,1806043
hdeAp2,1.3793103448275863,67,28,GAGAGAGCTAGCTCATTCGA,39,1816387
hdeAp2,1.0344827586206897,57,28,CTATCGGAGCTTTCACCGGA,29,1823377
hdeAp2,5.379310344827586,183,28,CGTTCCGGGATCATAGTGTA,155,1815002
hdeAp2,2.8620689655172415,110,28,CGTGAAAACGTGGACTAAGT,82,1783884
hdeAp2,1.0344827586206897,57,28,CGTCCCCGATAAGGCGGCTG,29,1782812
hdeAp2,0.1724137931034483,32,28,CCTTACCGTCACCAAAATAG,4,1786806
hdeAp2,0.7241379310344828,48,28,CCATTGGGCCACATGCCCTA,20,1814230
hdeAp2,0.1724137931034483,32,28,CCAATTCTAGGCACATTTGA,4,1804809
hdeAp2,0.06896551724137931,29,28,CATAGCCTTCCAATACATTT,1,1818148
hdeAp2,2.1379310344827585,89,28,CAAAGCAGGGCAATCAAGTC,61,1779851
hdeAp2,0.06896551724137931,29,28,ATTGCAACGCGCGCCCCCAT,1,1771064
hdeAp2,0.06896551724137931,29,28,ATCTTCTGCCTAGACAACCT,1,1779943
hdeAp2,2.3793103448275863,96,28,ATCAGTCGATGACATATCGT,68,1780632
hdeAp2,2.1379310344827585,89,28,ATAGTTGAGAAATCCGAAGT,61,1782180
hdeAp2,1.3448275862068966,66,28,ACTAATGCTGGTCAGCCTTA,38,1790878
hdeAp2,3.0344827586206895,115,28,ACGACCATGTTTGGGTGAAT,87,1778141
hdeAp2,0.41379310344827586,39,28,AAACCATACCAAACTAAACA,11,1780718
hdeAp2,0.6071428571428571,43,27,TTTCAGAGGGCCGAATTTAA,16,1821945
hdeAp2,3.75,131,27,TGTTTGCGCCGATCCTGAAA,104,1795091
hdeAp2,1.1785714285714286,59,27,TGGTAGACTACGTGTGGGGT,32,1774106
hdeAp2,3.4285714285714284,122,27,TGGGGACCTTAATGACTTAG,95,1816034
hdeAp2,1.0,54,27,TGCTGAACTGTGACATGTGT,27,1774441
hdeAp2,0.4642857142857143,39,27,TCTGATTTGGTAGTATGGCG,12,1799105
hdeAp2,2.9642857142857144,109,27,GTTCCGCACGGTCTAGCAAT,82,1788569
hdeAp2,2.2142857142857144,88,27,GGCTGCGATGGGGTAGGCCA,61,1808326
hdeAp2,0.07142857142857142,28,27,GGATAAAGGTCCGTAGTACT,1,1788960
hdeAp2,5.821428571428571,189,27,GCTCTAGCAGGTCCGATTAT,162,1775525
hdeAp2,7.428571428571429,234,27,GCCGTGGCTCCAGGGGAATG,207,1799962
hdeAp2,1.2857142857142858,62,27,GAAAGCAACTCTAGTCGAGT,35,1781391
hdeAp2,4.0,138,27,CTTGGACCACAATTCCGGAC,111,1774438
hdeAp2,0.32142857142857145,35,27,CTCTAAACATTGGTTTGTAA,8,1772439
hdeAp2,0.07142857142857142,28,27,CTATGCGCGGTGGAGCGGAT,1,1780065
hdeAp2,0.10714285714285714,29,27,CATGTATCAACTCTCGACGG,2,1779834
hdeAp2,5.535714285714286,181,27,CAGAACGATTGCTGGCCGAT,154,1804885
hdeAp2,0.07142857142857142,28,27,CACTAAGAGGGTAGCTACGC,1,1800726
hdeAp2,0.07142857142857142,28,27,CAAGCTGCGCTCGTGAGCGT,1,1793449
hdeAp2,4.0,138,27,ATAGAGTCCGAAGGGTACAT,111,1779748
hdeAp2,2.2857142857142856,90,27,ATACTCCCACAACTTAGTGA,63,1783194
hdeAp2,0.07142857142857142,28,27,AGTGACCAAGCATATAATTG,1,1801787
hdeAp2,3.357142857142857,120,27,AGGACCCGCAGTGATAGTCA,93,1795308
hdeAp2,2.5,96,27,AAGTGCCATTATACCGTGAG,69,1772898
hdeAp2,1.8928571428571428,79,27,AACAGCTCGTTACTACCGAA,52,1793243
hdeAp2,3.740740740740741,126,26,TTCCGAGGCTGATAGTCCTG,100,1784577
hdeAp2,2.888888888888889,103,26,TGTGACATTCAACCAAGGCT,77,1781842
hdeAp2,0.14814814814814814,29,26,TGCGCGGACCTATATAAGGC,3,1788739
hdeAp2,3.3703703703703702,116,26,TCGGCCCTGAGTTATAGAGT,90,1802733
hdeAp2,0.7777777777777778,46,26,TAGGCAACGGCGGCTCCTTG,20,1791532
hdeAp2,2.074074074074074,81,26,GTTAATGCCATCCGGTATTT,55,1782045
hdeAp2,1.5925925925925926,68,26,GTGTTGATTTGATCTAATAT,42,1825035
hdeAp2,0.07407407407407407,27,26,GTGTGAAGTGCATTAGCGGT,1,1803616
hdeAp2,7.074074074074074,216,26,GTATCGAGTGTGGGGCAAGA,190,1803188
hdeAp2,0.07407407407407407,27,26,GTAGGCCAAAAGTGAACCAA,1,1800185
hdeAp2,2.7037037037037037,98,26,GGCATAGATTTTGGGATGGC,72,1800251
hdeAp2,3.6296296296296298,123,26,GGATTTGTTAAGCGCTGGTA,97,1775236
hdeAp2,4.851851851851852,156,26,GCGTCTAGTAGCATTGTGAG,130,1803777
hdeAp2,0.07407407407407407,27,26,GCCAATTAAGAAGTGCACAC,1,1792535
hdeAp2,1.1111111111111112,55,26,GAGGGGTCCGCACCCTCCAC,29,1779279
hdeAp2,7.851851851851852,237,26,GAGGGCCATGCGTCTAACAT,211,1775532
hdeAp2,0.1111111111111111,28,26,CTTTTGTCTAGGCTTGCGAA,2,1771788
hdeAp2,0.07407407407407407,27,26,CTTGTACGACGGAGAATACT,1,1813383
hdeAp2,2.4444444444444446,91,26,CTGGCACTAGCTATATCAGC,65,1812922
hdeAp2,1.0,52,26,CTCGGCGTGGTTGGCATCAG,26,1782682
hdeAp2,3.4814814814814814,119,26,CTCCTATGCACGCAGGCTGT,93,1783666
hdeAp2,1.0740740740740742,54,26,CGTAGGTTACGGCCACCTAC,28,1778685
hdeAp2,5.888888888888889,184,26,CGTACCTGTGCCGTACTGGA,158,1805636
hdeAp2,0.07407407407407407,27,26,CGGATTGCCGAGGGACTGTG,1,1802022
hdeAp2,0.5555555555555556,40,26,CCGTATGACCAGGGCGCTAG,14,1827458
hdeAp2,0.07407407407407407,27,26,CAGAGTCGTAGTCTTCTCAG,1,1787672
hdeAp2,5.814814814814815,182,26,AGGTGTTTAGGGTGCTGAGG,156,1800374
hdeAp2,0.07407407407407407,27,26,AGGAACTCTGATCAACCGGC,1,1791803
hdeAp2,2.888888888888889,103,26,AGCTAGAGTGGTCCCCAGGT,77,1792007
hdeAp2,0.14814814814814814,29,26,AGCATCAAGGTCTTTGCAGA,3,1775976
hdeAp2,2.962962962962963,105,26,AGACCGACATGTGAAGAACG,79,1775489
hdeAp2,0.07407407407407407,27,26,ACTCGTGGCATAAGATTGAT,1,1782717
hdeAp2,2.259259259259259,86,26,ACGCACAGACTGTCCTTAAA,60,1825694
hdeAp2,2.888888888888889,103,26,AAGGGACACCCCTCTTGACT,77,1804132
hdeAp2,0.07407407407407407,27,26,AAAGAGAGAGGATCATGCGT,1,1776001
hdeAp2,0.07692307692307693,26,25,TTTATAAACAGCGATACAAG,1,1801790
hdeAp2,4.038461538461538,129,25,TTGGTGTAGCATTCGGGCTG,104,1798796
hdeAp2,1.8846153846153846,73,25,TGCTTATGGCACACATTATG,48,1772172
hdeAp2,3.8846153846153846,125,25,TGCGGTTGGTCAGGTTCACA,100,1822690
hdeAp2,0.6923076923076923,42,25,TGCAATGCGCCTAATACTAT,17,1809784
hdeAp2,0.07692307692307693,26,25,TGACAGCCAAGAAATCTTCA,1,1795314
hdeAp2,1.1923076923076923,55,25,TCGCGTTGGAGTGGACGCCA,30,1784791
hdeAp2,4.730769230769231,147,25,TACATGTACTAAAGCTTCTA,122,1781174
hdeAp2,2.8846153846153846,99,25,TACAGCGCATGACATTTTGC,74,1783986
hdeAp2,0.5384615384615384,38,25,GTCAGGCCCCTCAGCAGTTA,13,1813756
hdeAp2,6.038461538461538,181,25,GTATCGCTAGTCACGCGTAT,156,1776813
hdeAp2,1.0,50,25,GGTATACGAGCCAGCTGCCC,25,1802463
hdeAp2,1.3461538461538463,59,25,GCGGTAGGTGGCATTGTCAA,34,1817556
hdeAp2,4.0,128,25,GATAATAAGATCTGCATTGC,103,1814790
hdeAp2,3.769230769230769,122,25,GACTCGCGGGTGATACTGGG,97,1772052
hdeAp2,1.6153846153846154,66,25,CTCTGACTTTCGAGGTCAAG,41,1784271
hdeAp2,3.0384615384615383,103,25,CGGGGCACTCGACAAAGCGA,78,1796926
hdeAp2,2.769230769230769,96,25,CGGCAACGAGCGCTATGTTG,71,1819820
hdeAp2,2.3461538461538463,85,25,CCACCTGCCCCAGTAGGTGA,60,1794911
hdeAp2,0.07692307692307693,26,25,CATCCGCTCCGTGTCGATTT,1,1796149
hdeAp2,1.3461538461538463,59,25,AGTTGGTACTTGACGCAAAT,34,1814654
hdeAp2,0.19230769230769232,29,25,AGGCTGGTGTATGTTAACTG,4,1826435
hdeAp2,0.07692307692307693,26,25,AGGAAGAGGGAGGCCCGAGT,1,1816769
hdeAp2,0.9230769230769231,48,25,AGCATGACGTTGCGTTTGGC,23,1776175
hdeAp2,10.076923076923077,286,25,ACGTAAGCGCTTCTGGATCA,261,1789141
hdeAp2,3.8846153846153846,125,25,AAGTGCGAGTGCCCCGCAAA,100,1808779
hdeAp2,0.07692307692307693,26,25,AAGGAAGCCTAATCGCTAGC,1,1775571
hdeAp2,2.4615384615384617,88,25,AAGAAGTAGGCAACGCGTCA,63,1778542
hdeAp2,0.07692307692307693,26,25,AACGCTGGCGAATACCCAAT,1,1791958
hdeAp2,0.07692307692307693,26,25,AACCAAGAGCCGGGGAGCGG,1,1790623
hdeAp2,2.44,84,24,TTTGCTCCTATAGGGCTACA,60,1793953
hdeAp2,0.08,25,24,TTGTCGCAACCTAGTGCAAC,1,1804253
hdeAp2,3.96,122,24,TTCTAAGGAACATGACGATT,98,1815165
hdeAp2,0.08,25,24,TTCATTGTAGGAGCATAAAC,1,1797769
hdeAp2,3.68,115,24,TTATCGATGCCCCAACTTAA,91,1783471
hdeAp2,0.12,26,24,TCTCTTGGCCTACAAAACTT,2,1793359
hdeAp2,0.08,25,24,TCTCTTACCGGACCGGTGAA,1,1814731
hdeAp2,0.08,25,24,TCGTACTCGGCCTGAAGGCC,1,1774425
hdeAp2,0.2,28,24,TATCACTTCTACATAACGAG,4,1777421
hdeAp2,2.84,94,24,TAAGATGCCTAACTAAGGCT,70,1821088
hdeAp2,2.4,83,24,GTCATTCTTTTCCTAGAGAA,59,1812516
hdeAp2,4.44,134,24,GGCCTTAATGCCACCACGGC,110,1826835
hdeAp2,2.28,80,24,GGATGGCCTAGAGAAGGATA,56,1806070
hdeAp2,4.0,123,24,GACTAACTCGCCACGCTTCT,99,1772682
hdeAp2,0.48,35,24,GAAAAGGGCCTCCGGCAGGG,11,1774842
hdeAp2,0.24,29,24,CTGGCTTACGTGACACGCCA,5,1824360
hdeAp2,1.88,70,24,CTCCGCGAGGCTTAGGTCCT,46,1795473
hdeAp2,4.12,126,24,CTCCACGCTTGGTACACTGA,102,1821732
hdeAp2,0.08,25,24,CTCATCATGCGTGCAATTCG,1,1796869
hdeAp2,0.08,25,24,CTAAGTCTGCGCAACGTAGA,1,1773277
hdeAp2,3.32,106,24,CGTTACCGGAGCGTCCTTGC,82,1783282
hdeAp2,15.76,417,24,AGTGGTGGCACCGATAAGGA,393,1793075
hdeAp2,0.08,25,24,AGCCCGGCCTTACCTACAAC,1,1771142
hdeAp2,0.08,25,24,ACTAAGTTGATATTGAAAAT,1,1806706
hdeAp2,3.72,116,24,ACGAACCGGAATCAAGGACG,92,1772911
hdeAp2,3.56,112,24,ACATTTATGCGAGGAGAGCA,88,1818709
hdeAp2,2.24,79,24,AACGCTTAAGATTTAGGCGA,55,1817105
hdeAp2,0.6666666666666666,38,23,TTTTATGTTGCTCCCGACCC,15,1816820
hdeAp2,0.08333333333333333,24,23,TTCAGATTAGTAGAAGGGCT,1,1775738
hdeAp2,3.0416666666666665,95,23,TGTCTAATTTTCAGATCTGA,72,1792253
hdeAp2,5.333333333333333,150,23,TGTCCGTTGTTGGTGTTCCT,127,1779154
hdeAp2,6.458333333333333,177,23,TGGTACTACTCGCGGCCCCA,154,1817147
hdeAp2,1.4583333333333333,57,23,TGACGAATCTTACACCGTGA,34,1798427
hdeAp2,0.08333333333333333,24,23,TCGTAGTTGGTAGTGGAACT,1,1802880
hdeAp2,0.8333333333333334,42,23,TAGGGACGTCAATTCAAGGG,19,1786787
hdeAp2,6.708333333333333,183,23,TAGCGCCAAATTCTTGAGCG,160,1778564
hdeAp2,0.5,34,23,GTAAAAGCACCCTACGGTGT,11,1778490
hdeAp2,10.541666666666666,275,23,GGTTTATTATATTTGGGGCA,252,1774820
hdeAp2,10.708333333333334,279,23,GGTGCTGGTCGGGTAAGACT,256,1792774
hdeAp2,4.5,130,23,GGGGTTGAAAGATTCGGTAT,107,1824242
hdeAp2,0.08333333333333333,24,23,GGGCAATAGCGGGGCTGGAG,1,1778285
hdeAp2,0.5416666666666666,35,23,GGCATATTGGATGGTAGGCA,12,1814806
hdeAp2,0.08333333333333333,24,23,GCGGTTAAGGCCACTTTTTT,1,1775783
hdeAp2,4.25,124,23,GCCCGGCATCTCCTCAGCGA,101,1785936
hdeAp2,3.5,106,23,GCATGGCCCGTTAGTGCTGT,83,1772708
hdeAp2,6.458333333333333,177,23,GAGCGGTCAGCGCGCCTACT,154,1776125
hdeAp2,3.75,112,23,GAGAATTATTCGGCTAACGG,89,1782848
hdeAp2,0.08333333333333333,24,23,GACGGCGCCAGACACAACGT,1,1781426
hdeAp2,1.25,52,23,CTGCGCTTCACAATTACAGA,29,1817107
hdeAp2,0.08333333333333333,24,23,CTGCGACGACCCCGAATGGC,1,1781441
hdeAp2,9.291666666666666,245,23,CTGCCGCCCCCCCATATCTA,222,1824288
hdeAp2,2.7083333333333335,87,23,CTACAGCGGCTGTATGCCGC,64,1821899
hdeAp2,0.08333333333333333,24,23,CTAAGTCTGGGGAATGTGAA,1,1803967
hdeAp2,3.7083333333333335,111,23,CGCGTCCTGGTAAGGGGTCA,88,1795025
hdeAp2,0.7916666666666666,41,23,CGCCAGATTTCGACTATGCC,18,1806331
hdeAp2,0.125,25,23,CATAGGGAGGGCTCGGCGTA,2,1815896
hdeAp2,0.08333333333333333,24,23,ATTCTACAGTGAGACGATAA,1,1789656
hdeAp2,0.08333333333333333,24,23,ATTAGGTCCATAGTTCCCGA,1,1777500
hdeAp2,0.08333333333333333,24,23,ATGTGCTATACGCCCTCCAC,1,1785604
hdeAp2,4.333333333333333,126,23,ATGTGAATTCCGTCCTCTAG,103,1790452
hdeAp2,3.2083333333333335,99,23,ATCCCTTTACAGGAATATGA,76,1819741
hdeAp2,1.625,61,23,ATATCCGATACCGAACGTCA,38,1806793
hdeAp2,3.5,106,23,ATACGCGTTTCGACGGAAGT,83,1813076
hdeAp2,0.08333333333333333,24,23,AGGGACCAATATTAACCCTC,1,1818707
hdeAp2,0.08333333333333333,24,23,AGCTCGGTCTAATTGTGGCC,1,1781845
hdeAp2,1.9166666666666667,68,23,ACTGGGATCCCGGTGTAGGC,45,1810008
hdeAp2,0.2916666666666667,29,23,ACGCATAATTCCGCCACATT,6,1780461
hdeAp2,2.5833333333333335,84,23,ACAATCAGCCACAGCACTTG,61,1796973
hdeAp2,3.5833333333333335,108,23,AATGTCAAACCACGCAACCA,85,1814706
hdeAp2,24.75,616,23,AACCTACGCAGTGGTAGCCT,593,1826989
hdeAp2,2.5,82,23,AAAGGTCGCCTTTGCCTTAC,59,1802277
hdeAp2,0.13043478260869565,24,22,TTTAATCTTCCTGTTCTATT,2,1807371
hdeAp2,1.173913043478261,48,22,TTGGATTTTCAGACGCTACT,26,1796459
hdeAp2,0.08695652173913043,23,22,TTAGGTTCTAACGCGCATGG,1,1799728
hdeAp2,4.565217391304348,126,22,TGTAACGTGGTCCCAGACCT,104,1800068
hdeAp2,1.6521739130434783,59,22,TGGCTTTCGTTCCGAGTTAT,37,1812066
hdeAp2,2.130434782608696,70,22,TGCTCTACCCTAGAATCTTA,48,1801545
hdeAp2,2.9565217391304346,89,22,TGAGCTTGGTGTCGATCTAG,67,1785039
hdeAp2,3.1739130434782608,94,22,TCCGGGAACATAGCGGGTCA,72,1781057
hdeAp2,3.217391304347826,95,22,TACGCGGCCCTTAAGGAACA,73,1797917
hdeAp2,4.521739130434782,125,22,TAAGTACATGGTTAGGATAC,103,1804144
hdeAp2,1.608695652173913,58,22,GTCGCTCAACGCGTGCGCTT,36,1805777
hdeAp2,1.6956521739130435,60,22,GTACTAGGTGATAGACAGGG,38,1772422
hdeAp2,1.7826086956521738,62,22,GGTTGTTCTGACTTAGCCCG,40,1780438
hdeAp2,3.869565217391304,110,22,GGGCGTGAGACGCCCGCAGT,88,1782267
hdeAp2,0.08695652173913043,23,22,GGGAAGTAATAAGCACGGAC,1,1814007
hdeAp2,0.08695652173913043,23,22,GGGAAACGGCATTGCGCTCT,1,1811379
hdeAp2,1.6956521739130435,60,22,GCGCTTGCCCCACTTAACGA,38,1774481
hdeAp2,0.08695652173913043,23,22,GATTGAGGACAACCATTCTA,1,1786261
hdeAp2,2.4782608695652173,78,22,GAATCCGGTTCGGTCGGGAT,56,1816242
hdeAp2,1.0,44,22,CTTATGCGAGGAGTATACCT,22,1794766
hdeAp2,1.173913043478261,48,22,CTGTACCAGCGTCGCAGGCC,26,1786572
hdeAp2,2.6956521739130435,83,22,CTGAATAACGCCAGTAGCAA,61,1821230
hdeAp2,3.652173913043478,105,22,CTACCACGTGAACGCCCCTT,83,1796747
hdeAp2,3.260869565217391,96,22,CCTATATTGGGCATCGAGCG,74,1807012
hdeAp2,4.826086956521739,132,22,CCGCTTAGTCGAATCGGTAA,110,1787801
hdeAp2,2.739130434782609,84,22,CCGCATTTCACGTAAGCCTG,62,1774563
hdeAp2,5.260869565217392,142,22,CCATTTCCATTGCGAAAGGG,120,1776975
hdeAp2,4.043478260869565,114,22,CCACTGCGCTTCTATGTGTA,92,1799769
hdeAp2,4.434782608695652,123,22,CCACTAAATGCGCCCAAGGG,101,1821146
hdeAp2,0.08695652173913043,23,22,CAGTGTCATCCTGTTGACTG,1,1787901
hdeAp2,3.6956521739130435,106,22,ATGCTCAATTGAATAATGAG,84,1775465
hdeAp2,0.08695652173913043,23,22,ATCCTTTTAGCGCGCATAGA,1,1789149
hdeAp2,4.565217391304348,126,22,ATCAAAACCACCTCCCCGTG,104,1781634
hdeAp2,3.9565217391304346,112,22,AGTTCGAAGGCCTTCGCCAA,90,1804847
hdeAp2,1.0,44,22,AGGTTTGTATCGGAGGTTCA,22,1779511
hdeAp2,0.13043478260869565,24,22,ACTGTAGCTTGAATTGGTAA,2,1822295
hdeAp2,2.1739130434782608,71,22,ACTAGAAGAACTTTAATTTC,49,1770983
hdeAp2,5.695652173913044,152,22,ACAGAACGGGCGTGCGCAGT,130,1809107
hdeAp2,3.0869565217391304,92,22,AAGGCATTAGATCAAGGAAT,70,1827885
hdeAp2,3.347826086956522,98,22,AAGGACCTCTAATCTCCGTC,76,1781797
hdeAp2,0.08695652173913043,23,22,AAGCGCACAGGATCAGGGAT,1,1779884
hdeAp2,0.13043478260869565,24,22,AACTGAACGTCACCGGCCCA,2,1781033
hdeAp2,0.13043478260869565,24,22,AACCGATTGCACAGTCACCC,2,1790273
hdeAp2,3.0869565217391304,92,22,AAAGAGTGTCTTCAGCACGT,70,1828363
hdeAp2,0.34782608695652173,29,22,AAACCCGGAATCAAGGTGGG,7,1810414
hdeAp2,0.09090909090909091,22,21,TTTAGTTTCGACCTCTTTGG,1,1811985
hdeAp2,0.09090909090909091,22,21,TTGCACCCTTGAGCTCACGT,1,1785953
hdeAp2,2.3181818181818183,71,21,TTCCTATGTCGATTTGATCC,50,1808061
hdeAp2,0.09090909090909091,22,21,TTACTCGTCAAATGGAATGA,1,1818658
hdeAp2,1.6818181818181819,57,21,TGCGCCTATAGACGTCCGAA,36,1790620
hdeAp2,0.9090909090909091,40,21,TGAAATTCGAGTAATCGGCA,19,1775329
hdeAp2,3.5454545454545454,98,21,TCATCGACCATTCATTCCCG,77,1778421
hdeAp2,4.2272727272727275,113,21,TATTGGTAAAGCGGACCAGA,92,1812127
hdeAp2,0.09090909090909091,22,21,TATTAGGGGTCCAGCGGCCG,1,1811133
hdeAp2,6.590909090909091,165,21,TACGAATACCAGCCTACGAT,144,1774847
hdeAp2,0.5909090909090909,33,21,GTAAAAAGTCCGTCTCGCGG,12,1793222
hdeAp2,3.727272727272727,102,21,GGTTTCTCGTATCTAGTTGC,81,1813847
hdeAp2,1.2727272727272727,48,21,GGCTACTGGTGCTCATTGGG,27,1824311
hdeAp2,3.8636363636363638,105,21,GGCATATTACTGGTCCTGTT,84,1823929
hdeAp2,2.272727272727273,70,21,GGACCACTGAGTTCCGAGAG,49,1807465
hdeAp2,2.0454545454545454,65,21,GGAAATGAGTTGGTGCGTTA,44,1777400
hdeAp2,2.5,75,21,GATTGAAAAAACTTGTTTTT,54,1811504
hdeAp2,3.5,97,21,GATTCGGTAGGGGATGCAGA,76,1791393
hdeAp2,1.9545454545454546,63,21,GACATCGCCGTCAAGTGCTT,42,1825712
hdeAp2,0.7272727272727273,36,21,GAAAGTTAAATCCCAGACAG,15,1809308
hdeAp2,0.09090909090909091,22,21,CTGGTCAACGGCCATGGCCG,1,1788825
hdeAp2,1.9090909090909092,62,21,CGACCTTCAGCGTCTTTACA,41,1782997
hdeAp2,4.590909090909091,121,21,CGAATTGCTCTCCGCGCTTG,100,1794438
hdeAp2,2.8636363636363638,83,21,CCGGGTATCCAACTTCGACT,62,1812745
hdeAp2,2.8636363636363638,83,21,CCACAGCAAAGGGACCGGCA,62,1800142
hdeAp2,0.13636363636363635,23,21,CAGTCATATGGGTGATTCAA,2,1805511
hdeAp2,0.7727272727272727,37,21,CACCGCAAGCACTAAAATCG,16,1797312
hdeAp2,2.272727272727273,70,21,CAATCCTAATCGTACTCAAT,49,1772902
hdeAp2,1.3636363636363635,50,21,ATTCTGGCGGAGCATACTTA,29,1784527
hdeAp2,3.727272727272727,102,21,ATATAAGCTAGTTGAAAGCC,81,1781994
hdeAp2,5.7272727272727275,146,21,AGGCTCTCTGACAAATATCA,125,1799555
hdeAp2,0.09090909090909091,22,21,AGCGGCGCATCCAAGCGAGG,1,1790887
hdeAp2,0.09090909090909091,22,21,AGCCTAACGAAACGAGCATA,1,1786442
hdeAp2,3.1363636363636362,89,21,AGCCCACTAGTATGATTTAC,68,1785116
hdeAp2,2.3636363636363638,72,21,AGCAATGTCCAGGATGGGAT,51,1776810
hdeAp2,2.0454545454545454,65,21,AGAGACTTAGTGCCGGGCGG,44,1811756
hdeAp2,0.09090909090909091,22,21,AGACAGCTGAGAGAGTAGTA,1,1819203
hdeAp2,3.409090909090909,95,21,ACTGGCGGGGCTATCGCCCT,74,1823146
hdeAp2,0.09090909090909091,22,21,ACTGATATACCAATCCGTTT,1,1779979
hdeAp2,2.4545454545454546,74,21,ACGTGTCTCCGAGCCAGTTC,53,1782774
hdeAp2,3.8636363636363638,105,21,ACATGGAACGCCAACACACC,84,1801018
hdeAp2,0.09090909090909091,22,21,AAGTCACTCCGCAAAAATCC,1,1821915
hdeAp2,1.4545454545454546,52,21,AAGTAACTCTTTTTTAACAT,31,1812078
hdeAp2,0.8636363636363636,39,21,AAGCGCAATTCGCTGTTCTC,18,1785672
hdeAp2,0.09090909090909091,22,21,AACTGTCTGTGGATGCCGTA,1,1805095
hdeAp2,2.8181818181818183,82,21,AAATAGCGTTCACGACTGGC,61,1808521
hdeAp2,2.3636363636363638,72,21,AAACCGTCAGCCCAGGAATT,51,1827623
hdeAp2,1.7619047619047619,56,20,TTGTGCCTACGTATCTTGGA,36,1777981
hdeAp2,0.09523809523809523,21,20,TTGCTCATTCTAAATTAACG,1,1797109
hdeAp2,3.0,82,20,TGCGTACATGCATACTTGGC,62,1790602
hdeAp2,2.5238095238095237,72,20,TGCCCGCAGTAGTTTGTCGG,52,1796458
hdeAp2,4.333333333333333,110,20,TACATTACTGGATATAGTGC,90,1784418
hdeAp2,0.14285714285714285,22,20,TAAACCATCCCTGAGTAACA,2,1796374
hdeAp2,5.285714285714286,130,20,GTGTCCACTTACCGAGTCCA,110,1811381
hdeAp2,0.09523809523809523,21,20,GTCGATACAAAGAATGAAGC,1,1822475
hdeAp2,0.09523809523809523,21,20,GGATTATAGAGAACTCTAGG,1,1819232
hdeAp2,2.2857142857142856,67,20,GGAAACACCAAGTACTACTT,47,1777295
hdeAp2,1.6666666666666667,54,20,GCCAGAAAGTTGCATTCTAA,34,1798237
hdeAp2,2.0,61,20,CTGCCGGTGCTGTCAGATGG,41,1818592
hdeAp2,9.047619047619047,209,20,CTGAGCTAGCTTCTCATGGT,189,1779913
hdeAp2,11.285714285714286,256,20,CTCGAGTTCCATCAGCGGGA,236,1826558
hdeAp2,4.238095238095238,108,20,CTATGTTAGCTTCCTGTTCC,88,1790181
hdeAp2,0.8095238095238095,36,20,CTAGACGGTAACGTTCAGGA,16,1780833
hdeAp2,6.380952380952381,153,20,CGTGATGCCGAGGAGAACGA,133,1807259
hdeAp2,2.2857142857142856,67,20,CGGTCGAATTGGACGCGACT,47,1785987
hdeAp2,1.1904761904761905,44,20,CGATAGTGTTCTGACTGGCT,24,1798454
hdeAp2,0.38095238095238093,27,20,CCTCTTGGCATGCAGCAGGG,7,1781080
hdeAp2,9.19047619047619,212,20,CCGTGGAGGGCTCGAGACTG,192,1823054
hdeAp2,5.380952380952381,132,20,CCCAATGATAAACGGCGAGG,112,1776976
hdeAp2,0.09523809523809523,21,20,CATTGTGTAAACGTGAAGCA,1,1787369
hdeAp2,0.09523809523809523,21,20,CATGTAGCTGCTGAAACCAT,1,1797260
hdeAp2,0.09523809523809523,21,20,CATCTTCTCGGTATCATCTT,1,1812850
hdeAp2,0.09523809523809523,21,20,CAGATGCGATAGATACTGCC,1,1776897
hdeAp2,2.619047619047619,74,20,ATGGTGGCGAATGAGGAACT,54,1803422
hdeAp2,1.8095238095238095,57,20,ATCTGCAATAGAGGCTCATA,37,1813222
hdeAp2,4.9523809523809526,123,20,ATATGGTCCGCATCAAACCA,103,1827896
hdeAp2,0.09523809523809523,21,20,AGTGAGGACCGTATACATCC,1,1777061
hdeAp2,0.09523809523809523,21,20,AGTAAGCACGGGGTCGCGAT,1,1819376
hdeAp2,4.333333333333333,110,20,AGGTCCGTCGGTTCCCGAAA,90,1778846
hdeAp2,4.619047619047619,116,20,AGCCTAATTGCCGGGGGCTG,96,1801824
hdeAp2,3.9523809523809526,102,20,AGATGCAAGCTGAATCTTTA,82,1800141
hdeAp2,4.761904761904762,119,20,AGACCAACTATCCCCCGGGG,99,1786622
hdeAp2,2.4761904761904763,71,20,AGAACATGACACCAGCATTT,51,1792021
hdeAp2,4.9523809523809526,123,20,ACTACTCCCAAATGTTGCTA,103,1783586
hdeAp2,7.0,166,20,ACGCCACGTGTAGATGAAAG,146,1789298
hdeAp2,3.857142857142857,100,20,ACCTGATCACGGCGAGGATA,80,1794414
hdeAp2,1.8095238095238095,57,20,ACAGTCCCAGAATAAGCCCT,37,1772201
hdeAp2,4.571428571428571,115,20,ACACCCCCGTCGGGTCTGAT,95,1809577
hdeAp2,0.7619047619047619,35,20,AAGCCGAGTAGGCTCCCATC,15,1787900
hdeAp2,0.09523809523809523,21,20,AACAGACCTATCTCCTCGAC,1,1789432
hdeAp2,0.09523809523809523,21,20,AAATTGCGTAATCGATATAA,1,1816551
hdeAp2,6.761904761904762,161,20,AAAGGACTTCGGGCGAGGAA,141,1808077
hdeAp2,0.5,28,19,TTTCATAGTTTGCTCCTATA,9,1813045
hdeAp2,0.1,20,19,TTCTTAGCGGCCAAACGAAA,1,1808537
hdeAp2,3.15,81,19,TTAGTGCACCCATATTAAAA,62,1785539
hdeAp2,4.0,98,19,TTACGGGCGCATCCCAAAAC,79,1800316
hdeAp2,0.1,20,19,TGTTGGCCATGGGATCCCCA,1,1771489
hdeAp2,3.4,86,19,TGTCCGCCACACAATGCCTT,67,1772176
hdeAp2,0.1,20,19,TGATCTCCCGTTTGCAGCTG,1,1799397
hdeAp2,3.55,89,19,TGACGCAACACGCAGGAGTT,70,1815978
hdeAp2,0.2,22,19,TGAATTTTAGACTGTGTGCG,3,1818816
hdeAp2,0.1,20,19,TCGTCTGTAAGGCTCGGCGA,1,1793781
hdeAp2,2.45,67,19,TCGCGTCAGGACATAGTCAG,48,1773418
hdeAp2,0.1,20,19,TCAACTACGCCAACGCCCGG,1,1813175
hdeAp2,1.7,52,19,TATTATGACATAATTAGGTA,33,1805378
hdeAp2,0.15,21,19,GTTTACTTGAGGCGAAACGC,2,1790723
hdeAp2,0.1,20,19,GTTGGCGCACCCCTTTTTCT,1,1814252
hdeAp2,4.9,116,19,GTGTAGTAGCACTTCGTTTG,97,1807893
hdeAp2,1.45,47,19,GTATTGCAGTGCGCAGGAGA,28,1798315
hdeAp2,0.1,20,19,GTAGATGCTGTTCTTACCTC,1,1805322
hdeAp2,5.2,122,19,GGTAATAAGGGCGTGAGTGG,103,1819365
hdeAp2,3.25,83,19,GGGTCATCGAACCACACGTA,64,1781607
hdeAp2,5.25,123,19,GGGCTAGTCATGGGACGGTA,104,1811018
hdeAp2,0.85,35,19,GGGCCTTCCCGCACTCATGT,16,1793079
hdeAp2,2.1,60,19,GGCGTTGTAAAGAAATTTTA,41,1795111
hdeAp2,0.1,20,19,GCGATCTTTCGTGAGAGAGT,1,1800111
hdeAp2,3.4,86,19,GCCGAGCGAGAAATCAAGCC,67,1791714
hdeAp2,3.2,82,19,GACCGTATTACGGGGGTGCT,63,1775034
hdeAp2,4.9,116,19,CTTGAAAGTCCCGCGGACCA,97,1824147
hdeAp2,0.1,20,19,CTTATGCATGTCAAGCGGGG,1,1803963
hdeAp2,0.1,20,19,CTGCAACGTTGTGGAACGTC,1,1789126
hdeAp2,0.15,21,19,CGTCGTAGCAGACGATAAGT,2,1783472
hdeAp2,5.3,124,19,CGTATGTGGGAAATCGTTGT,105,1784951
hdeAp2,5.35,125,19,CGTATCTTGTGTGCAAGCCT,106,1785967
hdeAp2,0.1,20,19,CGGTACTCCATACCGTCGAG,1,1795424
hdeAp2,0.1,20,19,CGATTACTGGAAAGCTAGGA,1,1781977
hdeAp2,1.55,49,19,CGAGAATCTGCCCATTTTAA,30,1820246
hdeAp2,1.2,42,19,CCGTGTGGCAGCGGACTCTA,23,1801575
hdeAp2,0.1,20,19,CCCTCCGGTGCTCTTACGTA,1,1811500
hdeAp2,7.8,174,19,CCACTGGCCGAATATCCTTT,155,1795315
hdeAp2,1.2,42,19,CACGATTTTATGCCTCGCCT,23,1800198
hdeAp2,0.1,20,19,ATATGACCCTAAAATCTTGA,1,1825092
hdeAp2,0.1,20,19,AGGCTCCTGATGCTAGTTCC,1,1801846
hdeAp2,2.3,64,19,AGCGGCGATTCCAATAGATA,45,1778766
hdeAp2,0.1,20,19,ACGCGAGCAGGAGAAGATCG,1,1799073
hdeAp2,8.35,185,19,AAGCCATAATCATAAATAAC,166,1816728
hdeAp2,2.3,64,19,AAGATACGCGGTTGAGGGTT,45,1777815
hdeAp2,1.0,38,19,AAGAGTGTGCAACCAGTACG,19,1821987
hdeAp2,1.7,52,19,AACGATGTCGAGTTTTTGAA,33,1811823
hdeAp2,2.35,65,19,AAATGCGGTATGCCGAGTCT,46,1801531
hdeAp2,1.95,57,19,AAACGGCCTCGCCTTATTAG,38,1785198
hdeAp2,3.9473684210526314,92,18,TTTTGATACGATCGGCGCAA,74,1773592
hdeAp2,5.0,112,18,TTTTAATGCCGCACCGCGCA,94,1779440
hdeAp2,5.368421052631579,119,18,TTTGGGTCCCATATCCATGC,101,1781685
hdeAp2,2.3684210526315788,62,18,TTTCAAATCGTCAAAGGGGA,44,1821353
hdeAp2,9.0,188,18,TTATCAGGCAAGAGCAAGAG,170,1821721
hdeAp2,5.526315789473684,122,18,TTAGTATACAACAGATGCTT,104,1810172
hdeAp2,4.421052631578948,101,18,TGGAGCGACTACGTAAGGTG,83,1794337
hdeAp2,1.6842105263157894,49,18,TCTGGCGCAGTCTGGTTGGC,31,1800110
hdeAp2,4.7368421052631575,107,18,TCTAAACCGAATAAACGGTA,89,1775877
hdeAp2,0.21052631578947367,21,18,TCATACGAGTCATTTGACGG,3,1790605
hdeAp2,3.3684210526315788,81,18,TAGAATAATTAGGGCTGCCT,63,1778892
hdeAp2,0.10526315789473684,19,18,TAACTGGATTGTAAACTTTG,1,1812128
hdeAp2,1.894736842105263,53,18,TAAAGAGGTCGAAGGCAACC,35,1817351
hdeAp2,0.15789473684210525,20,18,GTGTTGGCTTCCATACTTGT,2,1784070
hdeAp2,0.2631578947368421,22,18,GTGAAGTTCATGGAAATGAC,4,1797768
hdeAp2,0.10526315789473684,19,18,GTCCCATCAAGCAGGGTTAG,1,1794128
hdeAp2,3.473684210526316,83,18,GGGGCTCGGTTTACTGTGAG,65,1823084
hdeAp2,4.052631578947368,94,18,GGGCCGCCCTTCCGAGCGTT,76,1824964
hdeAp2,2.9473684210526314,73,18,GGGCCGAGCACGAACCTCGG,55,1799401
hdeAp2,4.0,93,18,GGATCTGGAAACGGACCGGA,75,1826028
hdeAp2,4.421052631578948,101,18,GCTGTCGAGGATAAGGTTAC,83,1804553
hdeAp2,3.1578947368421053,77,18,GCTACGCCCATCGACGTTCT,59,1800166
hdeAp2,4.947368421052632,111,18,GCGACCATCCTTAGCCTTTG,93,1811872
hdeAp2,2.473684210526316,64,18,GCCGATTGGGTTTCCAACGT,46,1777356
hdeAp2,0.10526315789473684,19,18,GACGCAAATGAATCTTGTAA,1,1822306
hdeAp2,0.10526315789473684,19,18,GAATAGGCTCGCAAAACAGG,1,1801210
hdeAp2,2.8947368421052633,72,18,CTTTCAGGAGACCATAGGAA,54,1788669
hdeAp2,0.10526315789473684,19,18,CTTATGCGAGTAGCTTCACA,1,1812693
hdeAp2,4.2105263157894735,97,18,CTCTGTTACTATTGGGGACG,79,1791531
hdeAp2,4.315789473684211,99,18,CTAGTGGCGGAAAGGATCGG,81,1789193
hdeAp2,4.947368421052632,111,18,CTAACGGTCGGCTAGCGTCA,93,1779647
hdeAp2,5.578947368421052,123,18,CGGGTGTCACGTAGGTGTTA,105,1820760
hdeAp2,0.10526315789473684,19,18,CGGGCACACGCCAGCCACAT,1,1784316
hdeAp2,0.15789473684210525,20,18,CGGATGCCGATTAGTTTCCA,2,1824112
hdeAp2,25.63157894736842,504,18,CCGTCAGCTCCAGACTAGCA,486,1823109
hdeAp2,0.10526315789473684,19,18,CCGAACGTTATCAATCTGAT,1,1812820
hdeAp2,5.7894736842105265,127,18,CCCGCAGTTTAAGTGACACT,109,1798222
hdeAp2,0.10526315789473684,19,18,CCCAAAAACGGGATCGGGTG,1,1805530
hdeAp2,23.68421052631579,467,18,CCAATTCGTGCAATCCATTT,449,1777969
hdeAp2,4.894736842105263,110,18,CAGCGAATCACCACATAAAC,92,1824281
hdeAp2,6.157894736842105,134,18,ATCTTTTGGTCCGAAGAAGA,116,1803619
hdeAp2,0.10526315789473684,19,18,ATAACACTGTGGGGGCCGCT,1,1803448
hdeAp2,3.0,74,18,AGCTTTAGGCGGGACGCATA,56,1788721
hdeAp2,2.3157894736842106,61,18,AGCCATGCGATTTTCATCCT,43,1771828
hdeAp2,2.4210526315789473,63,18,AGAGCCTGAGGTAAAGCCGC,45,1778220
hdeAp2,6.0,131,18,AGACGGTAGAAATGTGCAGT,113,1775281
hdeAp2,2.4210526315789473,63,18,ACGTTGTCCATATTGGTTCT,45,1804959
hdeAp2,0.10526315789473684,19,18,ACGGTTGGATGAGGGTAATA,1,1820410
hdeAp2,4.894736842105263,110,18,ACCTGGAGAGCTGTATATCG,92,1774008
hdeAp2,0.10526315789473684,19,18,ACCGTGCGTCCGAGCCCACG,1,1780723
hdeAp2,0.10526315789473684,19,18,ACATGTCATGAGCCTATACA,1,1789860
hdeAp2,1.368421052631579,43,18,ACATATGACCTACATGGGCC,25,1820362
hdeAp2,3.0,74,18,ACAGCGATGCGTAGAACTTC,56,1781679
hdeAp2,2.6315789473684212,67,18,ACAATTAGGCCGCCTGCCCG,49,1785932
hdeAp2,0.15789473684210525,20,18,AAGCCGGCATGTGCGGGAAA,2,1792193
hdeAp2,2.5789473684210527,66,18,AACGAGTGTCGCGCCTAGGA,48,1812656
hdeAp2,0.3157894736842105,23,18,AAAGCCGCGTTCTGGGGAGT,5,1816845
hdeAp2,0.1111111111111111,18,17,TTTAATTTGGGCTAGACACT,1,1800340
hdeAp2,0.1111111111111111,18,17,TTGCGATTGCGGGATGCCAA,1,1780982
hdeAp2,0.1111111111111111,18,17,TTACATAACGGGCCATGTAT,1,1819616
hdeAp2,2.5,61,17,TGCGGTCTCTTGATAAAAAT,44,1777041
hdeAp2,1.6111111111111112,45,17,TGATTGTCGCTAAGTTCGTC,28,1799959
hdeAp2,0.3888888888888889,23,17,TGATGTTGTCGTGTGCCTAG,6,1781868
hdeAp2,5.277777777777778,111,17,TGACGACGCCAGTTCGAGAT,94,1777625
hdeAp2,0.1111111111111111,18,17,TCGCGCGTCGCCAGCTGACG,1,1803916
hdeAp2,0.7222222222222222,29,17,TCCCGTCCGAAACACGTCAT,12,1800129
hdeAp2,8.944444444444445,177,17,TCAGTGCACGAAGCCCCTCG,160,1800276
hdeAp2,4.111111111111111,90,17,TCAAGTCGGCCGGGCGCGCG,73,1773445
hdeAp2,0.1111111111111111,18,17,TACTGACGAGGTCTGCCTGA,1,1797669
hdeAp2,2.0,52,17,TACTCGGAATCCGCGCGTAT,35,1785078
hdeAp2,0.1111111111111111,18,17,TAATTTAAACTCCGGTAATT,1,1796389
hdeAp2,4.777777777777778,102,17,TAACAATAGTTTATATTTAA,85,1775248
hdeAp2,3.888888888888889,86,17,TAAAGTCAGGCGCTGTACAA,69,1790278
hdeAp2,0.3333333333333333,22,17,GTTGTAAGGCATTATCGGTT,5,1782817
hdeAp2,4.611111111111111,99,17,GTTGCCTCCAGTAATTTGAT,82,1777280
hdeAp2,7.166666666666667,145,17,GTTCTAGGATAAAAGGACTC,128,1803893
hdeAp2,0.16666666666666666,19,17,GTTCCTTCGGATGGGTGAAC,2,1792645
hdeAp2,6.5,133,17,GTCTGCAACCGTATGAGGCG,116,1818327
hdeAp2,0.1111111111111111,18,17,GTATTCGGAAAGGTCAAGCT,1,1801612
hdeAp2,0.1111111111111111,18,17,GGGAAGAGCTCTCGCCGGCC,1,1827375
hdeAp2,3.888888888888889,86,17,GCTTTCGTACAGTGGCGTGC,69,1785293
hdeAp2,0.1111111111111111,18,17,GCGTGACCTTTCAACCCATG,1,1803552
hdeAp2,0.1111111111111111,18,17,GCGGAGACCGCGGACTCTAA,1,1818886
hdeAp2,0.1111111111111111,18,17,GCCTGGTTCTCAGTAAACGC,1,1784534
hdeAp2,3.6666666666666665,82,17,GATTGGCTCTTTCTCACGGT,65,1779775
hdeAp2,3.2222222222222223,74,17,GATCCCCTAAACCTTGAGAC,57,1827315
hdeAp2,1.8333333333333333,49,17,GAATTGGGAGGCGGCAGGAC,32,1800114
hdeAp2,12.5,241,17,GAATAGGATGGGGTTCACCA,224,1810056
hdeAp2,0.5,25,17,CTTCTTGTATTAATAGGCTG,8,1800164
hdeAp2,4.222222222222222,92,17,CTTCGCTATAAGGTTGCTAC,75,1798535
hdeAp2,0.16666666666666666,19,17,CTGTGCTTGTAATTTTAGAT,2,1820230
hdeAp2,2.9444444444444446,69,17,CTCGTAAACTTTACGCCTGA,52,1785074
hdeAp2,1.7777777777777777,48,17,CTCAATGAATTTCCCGACAA,31,1785401
hdeAp2,5.5,115,17,CTCAAAGTGGTGTGTGTCGC,98,1817450
hdeAp2,2.7222222222222223,65,17,CTACCGAGGCCACCTCAGAC,48,1795988
hdeAp2,5.222222222222222,110,17,CTAACGGGCTGTCATGACTA,93,1790162
hdeAp2,3.9444444444444446,87,17,CGGTTTACCATTATGTCATC,70,1779691
hdeAp2,5.111111111111111,108,17,CGGGAGCGTCTAGGCCCTGT,91,1797304
hdeAp2,0.1111111111111111,18,17,CGGCAACTTGTTAAGTTGGA,1,1774638
hdeAp2,0.1111111111111111,18,17,CGCTACTAACAGATGCGTAA,1,1775372
hdeAp2,3.3333333333333335,76,17,CGAAGGTGTTTTTAGCAATC,59,1823470
hdeAp2,1.6111111111111112,45,17,CCGGAACGACTTTCATGAGG,28,1800255
hdeAp2,1.0,34,17,CCGCGCTCCAGTCCGTACCT,17,1818301
hdeAp2,0.1111111111111111,18,17,CCCCAGGGACTGGGAACAGG,1,1811553
hdeAp2,3.0555555555555554,71,17,CCCAGTAAGTTGGGGTTCCA,54,1799814
hdeAp2,0.7222222222222222,29,17,CCATGAGAATACCGATTGCT,12,1815003
hdeAp2,4.833333333333333,103,17,CCATCACAGCTATGATCGTT,86,1794578
hdeAp2,2.2222222222222223,56,17,CATATGGCTCGGGAGCGATG,39,1818904
hdeAp2,0.4444444444444444,24,17,CATAAGGCACTATCCCACGA,7,1782496
hdeAp2,0.1111111111111111,18,17,CAGTTCATTGCTGTGTTAGA,1,1805371
hdeAp2,0.1111111111111111,18,17,CAGACCACCTAGGCCAGAGG,1,1796929
hdeAp2,0.7222222222222222,29,17,CACTCATAGCCATGACATCT,12,1817830
hdeAp2,9.444444444444445,186,17,CACGTGCTGTCTCAGGACCA,169,1791392
hdeAp2,0.4444444444444444,24,17,ATGGGTACACGAATGCGTTA,7,1804181
hdeAp2,6.0,124,17,ATGCCGTACTTTAAGTTAAC,107,1806702
hdeAp2,0.2222222222222222,20,17,ATGAAACATTGTATATTTAC,3,1771402
hdeAp2,0.1111111111111111,18,17,ATACCCGTCATGTGACCACT,1,1822884
hdeAp2,11.333333333333334,220,17,AGATGCTATCACATTTCCCC,203,1807850
hdeAp2,2.388888888888889,59,17,AGAGTACTTTGCCGAAGTTA,42,1796231
hdeAp2,0.1111111111111111,18,17,ACTTGATTGAGGTAATGCCT,1,1776028
hdeAp2,3.611111111111111,81,17,ACGTGGAGTCGGAAGGTTCT,64,1782240
hdeAp2,4.388888888888889,95,17,ACCGATTCAGCCCGGGTAAG,78,1796538
hdeAp2,0.2222222222222222,20,17,ACCCATATCGAAGATGAGCC,3,1812775
hdeAp2,4.444444444444445,96,17,ACAGTCTCTACAAAGTAAGT,79,1803769
hdeAp2,5.5,115,17,ACACCTTTTCTGGTGCGTCC,98,1784392
hdeAp2,4.611111111111111,99,17,AATCCCGCCAGGGAGTGCGT,82,1797929
hdeAp2,0.1111111111111111,18,17,AAGGTGTTAGAACGGGGTAA,1,1774662
hdeAp2,6.555555555555555,134,17,AAGCTTCCATTCACACAGCA,117,1811049
hdeAp2,0.1111111111111111,18,17,AAGCAGTCACATCAACACTA,1,1824923
hdeAp2,2.9444444444444446,69,17,AAGAACGATCGTAGCCTCTG,52,1802024
hdeAp2,0.1111111111111111,18,17,AAAGACCTGTCCCTACCTCA,1,1793123
hdeAp2,0.11764705882352941,17,16,TTTGAGAGCTGCACGGCACT,1,1820797
hdeAp2,0.11764705882352941,17,16,TTTCAAATACGTGTGACCTA,1,1784277
hdeAp2,0.11764705882352941,17,16,TGTGAAATCGTGAACTGTAT,1,1794895
hdeAp2,0.11764705882352941,17,16,TGGAGGCGTTGTGGAGGGAA,1,1816725
hdeAp2,0.11764705882352941,17,16,TCTGAATCCAGGCTTTAGGT,1,1783617
hdeAp2,0.11764705882352941,17,16,TCGGTCCACCTGCACAGAAA,1,1812776
hdeAp2,4.294117647058823,88,16,TCGATCAGGGTGATACACAT,72,1784397
hdeAp2,0.11764705882352941,17,16,TCCCCGACAATAGGGTCGTG,1,1822035
hdeAp2,0.11764705882352941,17,16,TCCAGACTCCCATGTTTGGA,1,1804504
hdeAp2,1.7058823529411764,44,16,TCACGGTTTTTCTAAATTCA,28,1793914
hdeAp2,0.29411764705882354,20,16,TATGGAAGTGTTCGAGTCGT,4,1815771
hdeAp2,6.294117647058823,122,16,TATAGAGTAATGTAGTTTCA,106,1802931
hdeAp2,0.11764705882352941,17,16,TACTTCAGGTTAGCGCGATA,1,1812918
hdeAp2,6.117647058823529,119,16,TAAAGCTACATGATGCTAGG,103,1808583
hdeAp2,5.470588235294118,108,16,GTTAATACGGCTATTTGCAG,92,1802766
hdeAp2,1.5294117647058822,41,16,GTGTTAGTAGCTGACTGGCA,25,1804922
hdeAp2,0.11764705882352941,17,16,GTGGCAAATCTCCAGCTCGA,1,1785762
hdeAp2,0.17647058823529413,18,16,GTGCCGACACCGCTGAACCA,2,1771325
hdeAp2,1.1764705882352942,35,16,GTGCATAGGAAGTAAGAATT,19,1772349
hdeAp2,2.764705882352941,62,16,GGTGTGTGCAGAGAGTTACA,46,1816495
hdeAp2,3.823529411764706,80,16,GGTGAATGCTTCAGCGCGTT,64,1772318
hdeAp2,0.11764705882352941,17,16,GGTCTTATCAGGCTGTATTA,1,1788543
hdeAp2,10.764705882352942,198,16,GGGAATTCCCCGCCATAGTA,182,1789003
hdeAp2,0.17647058823529413,18,16,GCTGTCATAACAATAGGTGG,2,1796293
hdeAp2,0.11764705882352941,17,16,GCGGGAGGTAATTGACGCGT,1,1816971
hdeAp2,6.764705882352941,130,16,GCGCGGGAAAGTTTGGATCG,114,1798307
hdeAp2,0.11764705882352941,17,16,GCAGTCTCGGGAACTTACAT,1,1775333
hdeAp2,15.058823529411764,271,16,GATTCTATAGTTCCGCCCAA,255,1788336
hdeAp2,0.11764705882352941,17,16,GATGTGCATCTCCGGCTTTT,1,1790636
hdeAp2,0.11764705882352941,17,16,GAGTGGGGTTTCTTTGGATG,1,1786576
hdeAp2,7.411764705882353,141,16,GAGGTTGTTTCATGACTATA,125,1798846
hdeAp2,8.0,151,16,GACGCATGGCACTAAGATTT,135,1812317
hdeAp2,0.11764705882352941,17,16,CTTTCGATATAAATAAAGAT,1,1771929
hdeAp2,1.7058823529411764,44,16,CTTGTGGCCTGTAGGTGTTT,28,1775375
hdeAp2,2.235294117647059,53,16,CTCGGGACTAAGTATCAAGG,37,1816394
hdeAp2,14.823529411764707,267,16,CTCCACGAGAGAGTCTTGAT,251,1811269
hdeAp2,4.764705882352941,96,16,CTACATCAATCCCCTATCCT,80,1775030
hdeAp2,0.11764705882352941,17,16,CTAAAGTTAGGTAACCCCCG,1,1793973
hdeAp2,0.11764705882352941,17,16,CGTTTCATTTTAATCGTAAT,1,1817766
hdeAp2,2.9411764705882355,65,16,CGTGCTAGGACCAGAGGGGT,49,1781299
hdeAp2,5.470588235294118,108,16,CGTGACCTTAACCGATATAA,92,1819444
hdeAp2,3.2941176470588234,71,16,CGTAACGCGCCTCGTAATGT,55,1805453
hdeAp2,0.11764705882352941,17,16,CGGAGCCACGTCTGCCATTG,1,1787806
hdeAp2,0.5882352941176471,25,16,CGCTTCTGATATAAATCAGT,9,1799371
hdeAp2,0.11764705882352941,17,16,CGCGCCCACTGGCCTGGAAA,1,1793028
hdeAp2,7.529411764705882,143,16,CCTGTGCCCCTCCTCGAAAA,127,1822890
hdeAp2,3.0,66,16,CCTCTTTCATTTTTGTAAAC,50,1789853
hdeAp2,0.11764705882352941,17,16,CCTCTAATCCCCAGAACTAC,1,1822086
hdeAp2,4.470588235294118,91,16,CCTCGAAACCCGCTACACAA,75,1799607
hdeAp2,0.11764705882352941,17,16,CCCGGACACACACAGCAACA,1,1789023
hdeAp2,5.764705882352941,113,16,CCAAAATCCCTCTTAGTAAC,97,1804660
hdeAp2,0.11764705882352941,17,16,CAGCGCGCTTCCATTATAAA,1,1792677
hdeAp2,5.176470588235294,103,16,CAGACCGAGGCCTGTTAACA,87,1788664
hdeAp2,9.764705882352942,181,16,CACCCAGGTGGGTTACGAAC,165,1791539
hdeAp2,2.2941176470588234,54,16,CACATCGGAGCGAGTCACGG,38,1827625
hdeAp2,1.0588235294117647,33,16,CAATGATAAAACGTCCACGC,17,1792505
hdeAp2,0.11764705882352941,17,16,CAATCTCCCGATCTATTGGC,1,1794676
hdeAp2,4.705882352941177,95,16,CAAATCCAATGGTCGCCAAT,79,1783841
hdeAp2,1.411764705882353,39,16,ATCTGACGCTGGATGACAAC,23,1792776
hdeAp2,4.352941176470588,89,16,ATCCGACAGCGGTAGCAGGC,73,1823907
hdeAp2,3.3529411764705883,72,16,AGTTTCGCTCAGACTCCTTT,56,1828508
hdeAp2,2.0,49,16,AGGGTCCACATTGGTAATAT,33,1807446
hdeAp2,5.588235294117647,110,16,AGACTATAACGGACGTCAGA,94,1811316
hdeAp2,1.7647058823529411,45,16,ACGGGCGTATACGAATGCAA,29,1806631
hdeAp2,2.5294117647058822,58,16,ACCATTAATAACTTACAAAA,42,1777610
hdeAp2,0.11764705882352941,17,16,AAGCAAGGCGCCCACAAATA,1,1778153
hdeAp2,1.7058823529411764,44,16,AAATCAGCACAGAGCGTGCA,28,1806836
hdeAp2,8.8125,155,15,TTCCAGTTCCGACCAGCCTT,140,1792020
hdeAp2,0.125,16,15,TGTATGAAGCAGACTAACTT,1,1817913
hdeAp2,3.6875,73,15,TGGGTTAATGATAACTGGGT,58,1783066
hdeAp2,0.125,16,15,TGGCCCGGTTGACGCAAGCT,1,1817335
hdeAp2,0.125,16,15,TGCTGGCACGCTCTCATAAA,1,1774304
hdeAp2,0.125,16,15,TGCGGGTGTTACCGTGTTGC,1,1775197
hdeAp2,3.25,66,15,TGCGATCGAGTTGGTGACAT,51,1819675
hdeAp2,5.5625,103,15,TGCCTCCCCTAGTTCTATTG,88,1823850
hdeAp2,0.125,16,15,TCTTGAGGACCTTCGCCGAT,1,1784170
hdeAp2,0.125,16,15,TCTCATACGGAAAGGGACAC,1,1819421
hdeAp2,1.625,40,15,TCCAGTCTTAGGCCACCGAG,25,1798462
hdeAp2,5.9375,109,15,TATCGCAAAGCGTCTGGAAG,94,1782090
hdeAp2,0.25,18,15,TAGGTGAGCGCCGAAAATTT,3,1798009
hdeAp2,2.625,56,15,TAAGGTGCCGTTATTATTAA,41,1806881
hdeAp2,4.375,84,15,TAAGCCAATAGCCACCCAGT,69,1779153
hdeAp2,5.9375,109,15,TAAGAGCGGGATGTCCGGCT,94,1818025
hdeAp2,2.9375,61,15,GTTGGTAGCGTCCGTATAAT,46,1798437
hdeAp2,0.125,16,15,GTGGGCGATTCAAGTAGGCA,1,1780899
hdeAp2,0.125,16,15,GTGAAGTGGCAACCTTTCTG,1,1800588
hdeAp2,0.125,16,15,GTCATAAGAATGTGGCCGGG,1,1804813
hdeAp2,10.0,174,15,GTAATATGCAGACTTCTGAA,159,1793916
hdeAp2,0.125,16,15,GTAAGGCACCCACCCGTGTA,1,1786606
hdeAp2,0.1875,17,15,GGTGATGGTTGTTCCGTCTT,2,1814823
hdeAp2,4.3125,83,15,GGTCAGGGCCAGCGCTTAAG,68,1818021
hdeAp2,0.125,16,15,GGGGGCACCGTCAATAGTGT,1,1789385
hdeAp2,0.1875,17,15,GGGCGCGGCATTGAAAGGCT,2,1810722
hdeAp2,0.125,16,15,GGGACTGTTGCCATGGTAGT,1,1784843
hdeAp2,12.5625,215,15,GGCGAGTATCTTGCCCATGG,200,1790434
hdeAp2,3.5625,71,15,GGATCAATACACGCATCTCT,56,1775032
hdeAp2,1.4375,37,15,GGACGAGTGGCAGGACGAGG,22,1805481
hdeAp2,3.625,72,15,GGACGACGCTAGATATTCTT,57,1816071
hdeAp2,0.125,16,15,GCTAGCAAATGTCGGGAATC,1,1802304
hdeAp2,4.5,86,15,GCCGTCTGCATTAAGATGAC,71,1791053
hdeAp2,0.125,16,15,GCCAACACTGACCCCGGACC,1,1807594
hdeAp2,1.4375,37,15,GATACCGCGGATCACCCTGA,22,1808967
hdeAp2,0.125,16,15,GAGTTTATTTGCATAAAAGT,1,1787428
hdeAp2,5.3125,99,15,GACCTACGCCCTGGCGGGGA,84,1777994
hdeAp2,0.125,16,15,GACCGTAGCGTGGCTTTCTC,1,1786464
hdeAp2,0.125,16,15,GAACCGATCTGACACCCGAT,1,1779118
hdeAp2,0.125,16,15,CTTTGTAGCCCATGTAATTT,1,1819553
hdeAp2,0.1875,17,15,CTTGATGAGAACGTAGAATG,2,1784758
hdeAp2,0.1875,17,15,CTGGGGGGACAGGGTGTCGT,2,1820487
hdeAp2,10.375,180,15,CTATGACCACTTAGCCTGAA,165,1776514
hdeAp2,3.4375,69,15,CGTCACAACCCCACTGGCCG,54,1774560
hdeAp2,5.5625,103,15,CGGGCTTAGTCAGGCAGACG,88,1802804
hdeAp2,6.6875,121,15,CGGACGCCAATCGTCGCTCA,106,1771041
hdeAp2,5.8125,107,15,CGCCTCCGACCCTAACGCCA,92,1773442
hdeAp2,2.5625,55,15,CCTGTTCCCTCGGTGGACCC,40,1804496
hdeAp2,4.0625,79,15,CCTAACACCCGATACTAAGG,64,1780635
hdeAp2,6.1875,113,15,CCGCGGTGGTTGTCCTCACT,98,1783294
hdeAp2,9.5,166,15,CCGAAGAGTTGGTTTAGACA,151,1812879
hdeAp2,0.125,16,15,CCCCGGCCGCGGTATGTCGG,1,1818610
hdeAp2,3.4375,69,15,CCCATGCGGTGCAGGAGTTC,54,1800123
hdeAp2,0.125,16,15,CATAACGCGCTACCCAGGGA,1,1817432
hdeAp2,0.125,16,15,CAGTAAACGGGTTACTCCAT,1,1780148
hdeAp2,0.125,16,15,CAATGCGCAATCAGGAATCC,1,1806783
hdeAp2,6.25,114,15,CAAGCTTCCGGCCGGTGGAT,99,1825992
hdeAp2,2.6875,57,15,CAAGCAGTCCGGCAAGGCAA,42,1777604
hdeAp2,3.25,66,15,CAACAATCGATATTTAGAAG,51,1817813
hdeAp2,1.5,38,15,ATTAAATGAAGCTTGGGGTA,23,1804269
hdeAp2,16.875,284,15,ATAAGAACGAAAGTGGGTAC,269,1802108
hdeAp2,0.75,26,15,AGTCTGGATCTAAAAATTAA,11,1778868
hdeAp2,0.125,16,15,AGCGGTACGGGTAGGAACCA,1,1777182
hdeAp2,4.625,88,15,AGCGCGTATCGTATTAGACT,73,1825401
hdeAp2,3.75,74,15,AGCATCAAGACATTGTAGCC,59,1803965
hdeAp2,0.125,16,15,AGAAAACATACGTGTAGAGA,1,1787240
hdeAp2,5.3125,99,15,ACGCACGCACGGCATCTCGG,84,1808541
hdeAp2,1.1875,33,15,ACGAACTTAAAACATACCGA,18,1798255
hdeAp2,0.125,16,15,ACACAGGAGGTTGTAAGGTT,1,1819827
hdeAp2,3.0625,63,15,AATCAACGTGGAGATAATGA,48,1800120
hdeAp2,6.3125,115,15,AATATTCTAGGCAATACAAT,100,1821971
hdeAp2,4.625,88,15,AAGGGGGTCTTTTGTGCAAA,73,1776094
hdeAp2,0.1875,17,15,AACTAAGTTGCGAGTATTGA,2,1791686
hdeAp2,7.125,128,15,AACTAACAATCGCATGCGGA,113,1780565
hdeAp2,1.125,32,15,AACGGAACTCGATCCTTGTT,17,1800002
hdeAp2,2.125,48,15,AACAGTGCACTGTCTCGACT,33,1790656
hdeAp2,0.125,16,15,AAATTCTGCACGTATCATCG,1,1776811
hdeAp2,2.8125,59,15,AAATCGCCGGAGAATGGATG,44,1790209
hdeAp2,0.75,26,15,AAAGTAGCTGGGCACTGGTA,11,1822202
hdeAp2,2.5,54,15,AAACCTATGAAGGGTCTGCA,39,1795106
hdeAp2,1.0,28,14,TTTTTAGCCCCATTTAGCCC,14,1773443
hdeAp2,0.13333333333333333,15,14,TTCCGATCGACCGTACGGTC,1,1777532
hdeAp2,1.2666666666666666,32,14,TTAGTAATACTGGTTGGACA,18,1775635
hdeAp2,0.13333333333333333,15,14,TTAGCATGCCTGGGTGGGAC,1,1786871
hdeAp2,12.0,193,14,TGTGAGATCTCGGGGTGCAA,179,1814278
hdeAp2,7.6,127,14,TGGCTCGCTTAATCCTGTCG,113,1814450
hdeAp2,6.133333333333334,105,14,TGCTTGGAGGATTGCGTGAA,91,1783726
hdeAp2,5.933333333333334,102,14,TGCCAAACGTGACTTGACGG,88,1798909
hdeAp2,5.333333333333333,93,14,TGAGGCCTCTACCTGACTGC,79,1786736
hdeAp2,0.13333333333333333,15,14,TCTGCGGACTCCCACCCGCA,1,1802879
hdeAp2,1.8666666666666667,41,14,TCGGCGCAATCTTACTTGAC,27,1805659
hdeAp2,5.933333333333334,102,14,TCCTCCGGTTGAGAGGTACT,88,1786838
hdeAp2,0.2,16,14,TCCACTCTTCGACGAGTAGA,2,1807703
hdeAp2,0.13333333333333333,15,14,TATGACGACTGGGTCTCGTC,1,1824741
hdeAp2,3.933333333333333,72,14,TAGCAATAAATCTCGTTGTG,58,1809832
hdeAp2,0.13333333333333333,15,14,TACTCCAACTTTGCTTGCGT,1,1823083
hdeAp2,6.733333333333333,114,14,TAACTACCGGTCCTTTCTGT,100,1800434
hdeAp2,10.866666666666667,176,14,GTCTACATAGGAATCCCTCG,162,1790768
hdeAp2,3.3333333333333335,63,14,GTCCATGTCGCTGGGTTTGA,49,1786673
hdeAp2,0.13333333333333333,15,14,GTAGTTACCAGCAATTCTAG,1,1819808
hdeAp2,4.4,79,14,GGTCCATCAAACGGAGTAAT,65,1775786
hdeAp2,2.4,49,14,GGGCAGGTCGTTACTGGACA,35,1790691
hdeAp2,8.133333333333333,135,14,GGGATAATAACTCTCGGTCT,121,1800125
hdeAp2,0.13333333333333333,15,14,GGGAAGTACTCGCCTGTTGT,1,1806086
hdeAp2,7.733333333333333,129,14,GGCTTCCTGGATCCTGCGAC,115,1802208
hdeAp2,4.4,79,14,GGCGACCCTCGATTAGCATG,65,1795856
hdeAp2,0.13333333333333333,15,14,GGAATATAGTCTCCTAGATG,1,1773888
hdeAp2,9.6,157,14,GCCCGTCAGAGCCACTGCGA,143,1822727
hdeAp2,1.6666666666666667,38,14,GCCCCCTAAGTTATTGTATG,24,1776490
hdeAp2,0.13333333333333333,15,14,GCATTACGGCTGTCATCTGT,1,1784950
hdeAp2,7.666666666666667,128,14,GATTAGACAATTGATGGGTC,114,1812730
hdeAp2,8.466666666666667,140,14,GAGGAGGGCATACTTGCAAC,126,1787932
hdeAp2,5.533333333333333,96,14,GAAGAATGAGACCCGTGGAA,82,1824489
hdeAp2,0.13333333333333333,15,14,CTTTGAGCGCATCTAGGACG,1,1814330
hdeAp2,3.466666666666667,65,14,CTCGTGATTCACTCGCCAAA,51,1808712
hdeAp2,7.0,118,14,CTCCCCGTGCCATAGTGCGA,104,1814328
hdeAp2,0.13333333333333333,15,14,CTACAGGATCTCATTCGAGA,1,1781683
hdeAp2,1.0,28,14,CGGGCTTAGTAGCGGCACCT,14,1780806
hdeAp2,8.133333333333333,135,14,CGGACCCCTCCTACATGCTC,121,1776265
hdeAp2,0.13333333333333333,15,14,CGCAGGCAATGCTGACTAGG,1,1774891
hdeAp2,0.13333333333333333,15,14,CGATTCCGTCGGTATTCCTA,1,1799752
hdeAp2,0.7333333333333333,24,14,CCTCTTCAGAAGAGTCCTAC,10,1777921
hdeAp2,3.466666666666667,65,14,CCCGAATCACCGGTGCCCCT,51,1782985
hdeAp2,0.13333333333333333,15,14,CCCATTCCGGCGGGGACGAT,1,1812190
hdeAp2,6.466666666666667,110,14,CCAGTGTGATCTTAATTCGC,96,1778762
hdeAp2,3.2,61,14,CCACACGGGTGTAGGGACCT,47,1822762
hdeAp2,7.666666666666667,128,14,CAACGTCGGCTGGTCGGTTG,114,1797977
hdeAp2,7.133333333333334,120,14,ATTAAGGCGAGGCTTTGCCA,106,1782784
hdeAp2,22.133333333333333,345,14,ATGTTAGTTAAAGCGGTATT,331,1785963
hdeAp2,6.6,112,14,ATGGCTTGGATTAGTAAGTT,98,1770932
hdeAp2,1.6666666666666667,38,14,ATGAAGACAGGGCAAACTGT,24,1778137
hdeAp2,4.066666666666666,74,14,ATGAAACATGACCCCCTGTG,60,1788067
hdeAp2,2.533333333333333,51,14,ATCGTCTGTGCGATCCTTAT,37,1817574
hdeAp2,4.2,76,14,ATCCCGCACTTGTATTCGGA,62,1809411
hdeAp2,0.13333333333333333,15,14,ATACGAAAAACATCGCAGCT,1,1808540
hdeAp2,0.13333333333333333,15,14,AGTGATTAGAGTCAAGCTCT,1,1804563
hdeAp2,0.2,16,14,AGGCCGGGATGTGCAATACA,2,1781094
hdeAp2,3.066666666666667,59,14,AGCTCGGACCATGTACGTAC,45,1803489
hdeAp2,3.2,61,14,AGCGCACATTAAGTAAAATG,47,1804863
hdeAp2,0.2,16,14,AGCAGTAAGTGGGGTCTGTC,2,1827215
hdeAp2,0.2,16,14,AGACAGTCGATGCAGAATCC,2,1774216
hdeAp2,0.13333333333333333,15,14,ACGGTTGTTGGGTATACCAA,1,1801194
hdeAp2,0.13333333333333333,15,14,ACGGGTTTCTTCATCTGATC,1,1810048
hdeAp2,0.13333333333333333,15,14,ACAATCTTTAATTGACAATT,1,1772526
hdeAp2,2.0,43,14,AAGATCAACCGAATCAGACG,29,1799175
hdeAp2,0.13333333333333333,15,14,AACAGTATAAGGCGGAATTG,1,1809081
hdeAp2,3.8,70,14,AAATGTTGCGGTTGTGTGAT,56,1822813
hdeAp2,1.5333333333333334,36,14,AAATCTAGTCTCCCAGTCAG,22,1771399
hdeAp2,6.214285714285714,99,13,TTTGCAAGCCTAGGTCGGAT,86,1801530
hdeAp2,0.14285714285714285,14,13,TTACATTAATGGGCACTCCC,1,1801025
hdeAp2,0.14285714285714285,14,13,TTAATAGGCATTGGGAATCT,1,1777103
hdeAp2,6.571428571428571,104,13,TGGTAAACTGGTTAGAGGCA,91,1796390
hdeAp2,2.7857142857142856,51,13,TGGCAACGAGCGATGTAGAA,38,1778764
hdeAp2,9.0,138,13,TGGAGGAAGTTAACCCGGCA,125,1808065
hdeAp2,10.142857142857142,154,13,TGGAGCACATCACGGATCTG,141,1827699
hdeAp2,2.642857142857143,49,13,TGCCCCACGCCCCGCCAATG,36,1815783
hdeAp2,0.14285714285714285,14,13,TGAGAGTCGCTAGTCTCAGA,1,1774305
hdeAp2,0.14285714285714285,14,13,TCTTGCGCTGGTAGCCCCCA,1,1798498
hdeAp2,5.714285714285714,92,13,TCTCACTGCACGTCATGACG,79,1805189
hdeAp2,0.14285714285714285,14,13,TCAGGCACGGCCTTTTTGCT,1,1802840
hdeAp2,3.857142857142857,66,13,TATCCGCACTAAGAATACGT,53,1802565
hdeAp2,3.9285714285714284,67,13,TAGAAGTCCGCAACAGGCCG,54,1790797
hdeAp2,4.285714285714286,72,13,TACCTGACCCCAGTGGCAGT,59,1799002
hdeAp2,0.14285714285714285,14,13,TACAAGTTTAGGGTGTCGCG,1,1810631
hdeAp2,2.7142857142857144,50,13,TAATTGCCACTTCTAGAAGC,37,1782362
hdeAp2,3.2142857142857144,57,13,TAAAGAGTTGGGAGTTGCGA,44,1810147
hdeAp2,47.214285714285715,673,13,TAAACGGAATATCTCCTATC,660,1825953
hdeAp2,0.14285714285714285,14,13,TAAAATCCCATACAGGCATG,1,1811533
hdeAp2,0.14285714285714285,14,13,TAAAAGGTCGTATTAGGGTA,1,1826249
hdeAp2,0.2857142857142857,16,13,GTTTTATATCCATAGGGTCA,3,1794513
hdeAp2,0.14285714285714285,14,13,GTTATCTGCTTGCCTTAGTT,1,1812320
hdeAp2,6.857142857142857,108,13,GTGTCTAACCCTGTGGACTT,95,1816961
hdeAp2,3.642857142857143,63,13,GTGGCGCTAACCACAGGAGA,50,1776718
hdeAp2,7.5,117,13,GTGAGGCCGTGCCATTTCGC,104,1779036
hdeAp2,6.142857142857143,98,13,GTCCGCTTCCGTACCAACAA,85,1790343
hdeAp2,0.14285714285714285,14,13,GTCCGAAAACGCAGTACGTT,1,1797130
hdeAp2,5.857142857142857,94,13,GGTCAGATTGTTAGGTAAAA,81,1788770
hdeAp2,9.785714285714286,149,13,GGTATTTTGTCCATCAGAGC,136,1820799
hdeAp2,0.14285714285714285,14,13,GGGCAAGGTATGCGGATACA,1,1790829
hdeAp2,5.785714285714286,93,13,GGCACTCTCGATAGCCAGCA,80,1778365
hdeAp2,2.5714285714285716,48,13,GCTTGGCCACAAACGAGAAG,35,1809373
hdeAp2,0.14285714285714285,14,13,GCTTAAAGTGCGAAAAAAAT,1,1790654
hdeAp2,6.0,96,13,GCTATCTGCTAGCACGCCAT,83,1781212
hdeAp2,8.214285714285714,127,13,GCGTGCGACCCCTAAATCTG,114,1795602
hdeAp2,0.14285714285714285,14,13,GCGTACGGTACCTCACGTAC,1,1816934
hdeAp2,0.2857142857142857,16,13,GCAGTGTTAATTAGCTCGCG,3,1799252
hdeAp2,4.285714285714286,72,13,GCAATAGTACGAGGTTGGAC,59,1820388
hdeAp2,6.142857142857143,98,13,GATCTTTCAGGATTAGCGAT,85,1806439
hdeAp2,0.14285714285714285,14,13,GAGGCGATGGGTTTGAAGAG,1,1795341
hdeAp2,0.14285714285714285,14,13,GACTCTTGGCTCTACGAAGT,1,1781110
hdeAp2,17.357142857142858,255,13,GAAGAGACCAAGGTAGGACT,242,1783940
hdeAp2,5.642857142857143,91,13,CTTTAGCATCGTGTTCTCTA,78,1811229
hdeAp2,3.4285714285714284,60,13,CTTGATCCCCTTGCACTCGC,47,1771410
hdeAp2,4.071428571428571,69,13,CTTCGATTCTCACGAGTGAG,56,1793072
hdeAp2,0.14285714285714285,14,13,CTTACGGCTGCAACGTCTAC,1,1813187
hdeAp2,0.14285714285714285,14,13,CTGGGGATCTAAGTGCAACC,1,1816422
hdeAp2,4.285714285714286,72,13,CTGCAACGCATGGACTGCCA,59,1771887
hdeAp2,0.14285714285714285,14,13,CTCGTCGCAGAGCTGATAGT,1,1780027
hdeAp2,1.7857142857142858,37,13,CTCATGCGATAGGACATCGA,24,1773619
hdeAp2,2.0714285714285716,41,13,CTCAGTAGCCCGACAGCACT,28,1774050
hdeAp2,10.071428571428571,153,13,CTCAAGCCCTTGTAGCTGTG,140,1784956
hdeAp2,6.0,96,13,CGGTCTCTAGACATGGGTAT,83,1782094
hdeAp2,0.14285714285714285,14,13,CGGTCAATAAAGACAGCGAA,1,1802036
hdeAp2,7.928571428571429,123,13,CGGGCAGCAAGAAGGTCCCA,110,1823115
hdeAp2,0.14285714285714285,14,13,CGGAGCGCCTAAACAAGAGT,1,1775848
hdeAp2,0.14285714285714285,14,13,CGCGATTGCTCGGTTATTCA,1,1823173
hdeAp2,8.785714285714286,135,13,CGATCCGGCGAATAGATGCG,122,1799646
hdeAp2,16.071428571428573,237,13,CGAAACCGCTCGCCAATACA,224,1820081
hdeAp2,4.857142857142857,80,13,CCTCGGTGACGGCAGCGGCT,67,1782925
hdeAp2,0.14285714285714285,14,13,CCTCCACCCCAAGCGTTTCC,1,1786573
hdeAp2,0.14285714285714285,14,13,CCTATGAGACATGGTATAAA,1,1781841
hdeAp2,0.14285714285714285,14,13,CCCGGCGCATGTCTGGCCCG,1,1779318
hdeAp2,3.7857142857142856,65,13,CCCGGAATTATCGTGCTAAG,52,1821665
hdeAp2,7.285714285714286,114,13,CCCGCTGTTCAAACGGAGCT,101,1825361
hdeAp2,0.14285714285714285,14,13,CCAGGTCTGTCCACGAATTC,1,1816036
hdeAp2,3.7857142857142856,65,13,CCACTAGCTATGGCATTAGG,52,1817698
hdeAp2,7.357142857142857,115,13,CAGTCTGTGGAGAGCGACGA,102,1808887
hdeAp2,4.642857142857143,77,13,CAGTCTCTGACCGGCAACTA,64,1788249
hdeAp2,0.14285714285714285,14,13,CAGTCGCATCATAGTATGTA,1,1799256
hdeAp2,5.714285714285714,92,13,CAGATGCCGCCAGTAAACTC,79,1814695
hdeAp2,1.7142857142857142,36,13,CACCAGCATAGTTAGCCAAG,23,1807768
hdeAp2,7.642857142857143,119,13,CAAGGGCAAGAGTGATCGGG,106,1783934
hdeAp2,0.2857142857142857,16,13,CAAATGGCCATCTGCCAGGA,3,1824858
hdeAp2,6.5,103,13,ATTTAGCATGGAACCAGGGG,90,1825444
hdeAp2,0.14285714285714285,14,13,ATGTTGATGGTATAAATTGT,1,1810096
hdeAp2,2.142857142857143,42,13,ATGTATGACTCCGATTGTAA,29,1785677
hdeAp2,6.428571428571429,102,13,ATGGACTCTCCTGCTTGTCG,89,1786394
hdeAp2,5.142857142857143,84,13,ATGCGAGGTGACGATAAGTG,71,1774220
hdeAp2,6.071428571428571,97,13,ATGATTCAGACACGCCCGCA,84,1785512
hdeAp2,2.7142857142857144,50,13,ATGATCGCATTGAGATTCGT,37,1788262
hdeAp2,0.42857142857142855,18,13,ATGACAGGCCAGCGACACAT,5,1805474
hdeAp2,0.21428571428571427,15,13,ATCCACGGGGGCTGCAGAGT,2,1790280
hdeAp2,5.785714285714286,93,13,ATATTAGCTGGGCAAATCTC,80,1792830
hdeAp2,6.5,103,13,ATAGCCGATATGAGACATCC,90,1800561
hdeAp2,0.21428571428571427,15,13,AGTTGCATGCCTCGCGCCGA,2,1827469
hdeAp2,15.214285714285714,225,13,AGTCACGGAATGGTGGCGCA,212,1828062
hdeAp2,0.14285714285714285,14,13,AGAACAATATATAAACTGGC,1,1790433
hdeAp2,0.21428571428571427,15,13,ACTATCTTCAATCTAGCCAA,2,1776954
hdeAp2,7.857142857142857,122,13,ACGGCAGATTCCGTAGGCCC,109,1783936
hdeAp2,4.428571428571429,74,13,ACCGTTTGAGTTGGCGGACC,61,1775656
hdeAp2,7.857142857142857,122,13,ACCATGTGCGGTATAGGTCG,109,1782137
hdeAp2,3.642857142857143,63,13,ACCACCCACGGTCGGCCGTA,50,1816772
hdeAp2,0.14285714285714285,14,13,ACATGGATGAACCTAAGAAT,1,1808392
hdeAp2,0.14285714285714285,14,13,AATGAGGGACGCTAAAATCT,1,1793511
hdeAp2,1.4285714285714286,32,13,AAGAACTCGAATGTTTGAAG,19,1809863
hdeAp2,8.642857142857142,133,13,AACCCTTCGACATCTACGCT,120,1800091
hdeAp2,0.14285714285714285,14,13,AAAGGAAGACTTCACCAGGA,1,1811382
hdeAp2,0.14285714285714285,14,13,AAAAGACGTTCAGCCGGCGC,1,1812138
hdeAp2,1.9230769230769231,36,12,TTCCCGAGCGAGCGACGCAT,24,1826134
hdeAp2,5.230769230769231,79,12,TTACAATAACTATGTTAAGT,67,1797094
hdeAp2,1.8461538461538463,35,12,TGGTTTTGCCCCACAGAAAT,23,1821630
hdeAp2,7.923076923076923,114,12,TGGAAGTAAGCGCGTATCAT,102,1805607
hdeAp2,8.846153846153847,126,12,TGCGTATCCTCCGCGAAAAT,114,1780439
hdeAp2,0.15384615384615385,13,12,TGCCACTCATTTTTGTCCCT,1,1801878
hdeAp2,0.15384615384615385,13,12,TGATGGTCGTCTCGCGCTGG,1,1800199
hdeAp2,5.615384615384615,84,12,TGACTTTTGTCGGTAAGGGA,72,1780923
hdeAp2,4.153846153846154,65,12,TGAAGCTCTGAGAATCACCA,53,1792834
hdeAp2,1.9230769230769231,36,12,TCGGTCTGCCGTAGGGAACC,24,1789726
hdeAp2,21.46153846153846,290,12,TCGGACAACGTCGTACTGGG,278,1790190
hdeAp2,0.15384615384615385,13,12,TCCGGCAGTCCAGGTAGGTT,1,1817059
hdeAp2,0.15384615384615385,13,12,TCCAAATGTCTGAGGCGGTG,1,1779733
hdeAp2,8.846153846153847,126,12,TCACCCGGACGGGTGTATTT,114,1771580
hdeAp2,0.15384615384615385,13,12,TACCCGGCTTTCACCTTTAC,1,1816774
hdeAp2,5.923076923076923,88,12,TACCAATATAGGAAACGGAG,76,1819923
hdeAp2,0.15384615384615385,13,12,TAACTCCCAGTTAATGCGAA,1,1802223
hdeAp2,7.461538461538462,108,12,TAACCTCAACTCACCTGCAG,96,1801552
hdeAp2,6.6923076923076925,98,12,GTTTCAATGACATAGTTCCA,86,1803760
hdeAp2,3.3076923076923075,54,12,GTTGATACGGATTGCAGGGT,42,1824614
hdeAp2,5.615384615384615,84,12,GTGCGAGTACTCACACCGTT,72,1815519
hdeAp2,2.6153846153846154,45,12,GTAGCGGGTGGACAATTCGC,33,1794051
hdeAp2,5.3076923076923075,80,12,GTAAATAATGTCTTAGCATC,68,1774105
hdeAp2,4.538461538461538,70,12,GGTTTATAACTATAAAATCT,58,1786100
hdeAp2,3.3846153846153846,55,12,GGTTGCTAACGCCCGTTGCA,43,1821801
hdeAp2,8.307692307692308,119,12,GGTGTATCGAATCAAAGGAT,107,1816038
hdeAp2,0.15384615384615385,13,12,GGGTTGCCCAAAGCACGGAG,1,1779531
hdeAp2,5.0,76,12,GGCCCGACCGTCCGTCTGCT,64,1806703
hdeAp2,8.076923076923077,116,12,GGCAATCTCCCCCAGAACAC,104,1780668
hdeAp2,0.15384615384615385,13,12,GGATACAGCGCTATGTAGCC,1,1793093
hdeAp2,3.3076923076923075,54,12,GGACATGAACGACCATCGAC,42,1776322
hdeAp2,9.307692307692308,132,12,GCTTTATTACGGTTTGCGAA,120,1823237
hdeAp2,0.15384615384615385,13,12,GCTGTTTCTGCCAGATACCA,1,1788816
hdeAp2,7.461538461538462,108,12,GCTACGGAAGGATTATGCGA,96,1821507
hdeAp2,0.15384615384615385,13,12,GCGGCCTTAGTGTCCGTATA,1,1784961
hdeAp2,0.23076923076923078,14,12,GCGACAAGGCCTTCTGTATT,2,1771212
hdeAp2,5.923076923076923,88,12,GCCGGGGCTCCCAAGGGCAT,76,1807681
hdeAp2,0.15384615384615385,13,12,GCCCAGCGTTGATTCGACAG,1,1791753
hdeAp2,12.615384615384615,175,12,GCCCAGAAGTCCCCGTAAAC,163,1818789
hdeAp2,5.846153846153846,87,12,GCCACCGCTAATATTGATGG,75,1794019
hdeAp2,12.307692307692308,171,12,GCATAATCGAAGATGGTGCA,159,1784705
hdeAp2,0.15384615384615385,13,12,GCAATGAGAACCTCGCGTTG,1,1812414
hdeAp2,0.15384615384615385,13,12,GAGGAGGCATGTCTTAAGAG,1,1791172
hdeAp2,3.3076923076923075,54,12,GACTTTTAACCCCCAAGATT,42,1818990
hdeAp2,3.769230769230769,60,12,GACTAACCTGGTCGGGAGGC,48,1807780
hdeAp2,0.15384615384615385,13,12,GAAGGGACAGATACCATGCG,1,1801843
hdeAp2,4.230769230769231,66,12,GAAGCATAGGCAAAAGGTCA,54,1774893
hdeAp2,0.15384615384615385,13,12,CTTGAGTGCAGAGACCCGTA,1,1816056
hdeAp2,0.6153846153846154,19,12,CTGGCCGATGTTCATCGCGC,7,1781024
hdeAp2,1.3846153846153846,29,12,CTGGATTCGGCCAACCGCCG,17,1774583
hdeAp2,2.1538461538461537,39,12,CTGACAGTAAGCATAGTTCT,27,1814381
hdeAp2,6.923076923076923,101,12,CTATCTTCCACCACGAATTC,89,1805388
hdeAp2,0.23076923076923078,14,12,CTATAACCCCCAGGGGACTA,2,1810745
hdeAp2,6.615384615384615,97,12,CGTCTCGATCCAGACGGACG,85,1806273
hdeAp2,0.15384615384615385,13,12,CGTAGCCGGACGGACAGTAG,1,1778840
hdeAp2,9.76923076923077,138,12,CGGTATAGGGCCTCCTAGCA,126,1814713
hdeAp2,7.384615384615385,107,12,CGGGTGGCCTAAACCTAGTA,95,1821198
hdeAp2,0.15384615384615385,13,12,CGGGACTCCTACCACTTTGT,1,1815367
hdeAp2,10.076923076923077,142,12,CGCGACATCCCGCTAGATTA,130,1791735
hdeAp2,3.3846153846153846,55,12,CCGGGCCGAAGTAGGAAAGC,43,1771192
hdeAp2,5.153846153846154,78,12,CCGCGGTTCGCGGGTGAGCC,66,1798649
hdeAp2,0.15384615384615385,13,12,CCACCTTCGGACTGGCCCTA,1,1804849
hdeAp2,0.15384615384615385,13,12,CAGACGAAGCTTGAGTCAGC,1,1822951
hdeAp2,5.538461538461538,83,12,CACCATCGTTAAAAGGGATT,71,1826774
hdeAp2,2.6153846153846154,45,12,CACATTTGTTGGTTCAAGGA,33,1778769
hdeAp2,2.5384615384615383,44,12,CAAGGGTTGGATCCTTCAAG,32,1789387
hdeAp2,0.15384615384615385,13,12,ATAGAACGGACGTACGCCAT,1,1779453
hdeAp2,26.153846153846153,351,12,ATACTCGTGACCCGGGTCGG,339,1783935
hdeAp2,0.15384615384615385,13,12,ATAAAGTGGTACAATTTACG,1,1782737
hdeAp2,7.769230769230769,112,12,AGTTCACTCAGAAGTAGCAT,100,1772108
hdeAp2,0.15384615384615385,13,12,AGTAGATGGACGCTTCCTAT,1,1816134
hdeAp2,6.615384615384615,97,12,AGGTTCTTGACCCAGTCGTT,85,1808400
hdeAp2,4.153846153846154,65,12,AGGGTTCAGTTAGATCTCCA,53,1778226
hdeAp2,0.15384615384615385,13,12,AGGAGCGCCGCTAGAAGACG,1,1792657
hdeAp2,11.0,154,12,AGAGTGGAGTAACCACATTT,142,1813345
hdeAp2,0.15384615384615385,13,12,AGACTTGGCGCTTTTTGGTT,1,1821001
hdeAp2,0.15384615384615385,13,12,AGAACGCGCCATAGCTCAAA,1,1780141
hdeAp2,5.153846153846154,78,12,ACTGGCCGACTAGGGCTGTA,66,1812851
hdeAp2,6.769230769230769,99,12,ACTATTCCACTTTCTTACGT,87,1805824
hdeAp2,8.461538461538462,121,12,ACGCCAATCCGACTTCATAC,109,1789854
hdeAp2,1.7692307692307692,34,12,ACGATTCCCCTGGGTGACGT,22,1789226
hdeAp2,9.923076923076923,140,12,ACGAAGTTTCCAATAGTGGA,128,1783155
hdeAp2,0.15384615384615385,13,12,ACCCGCGGCCCTGTTTATTT,1,1812291
hdeAp2,10.538461538461538,148,12,ACAAGATTACATTTTTACTC,136,1821720
hdeAp2,14.846153846153847,204,12,AATGGTCAGGATCCATTCAG,192,1823130
hdeAp2,0.15384615384615385,13,12,AATCAAGATTGTCTACTCAC,1,1796872
hdeAp2,0.15384615384615385,13,12,AAGTCCTAAAGCAAAACTGT,1,1781229
hdeAp2,6.846153846153846,100,12,AAAGTTGTCGGACCGCTAGT,88,1780705
hdeAp2,4.769230769230769,73,12,AAAACATGTGCCCTAACTCA,61,1785482
hdeAp2,3.9166666666666665,57,11,TTCAAGGCGCGGGTGGTCCG,46,1798010
hdeAp2,3.9166666666666665,57,11,TTCAAGCGAAGTTACGTAGT,46,1813054
hdeAp2,7.583333333333333,101,11,TTATCACTGGCTCGCCTCTC,90,1806951
hdeAp2,1.8333333333333333,32,11,TTAGTGAGCCGAGAACAGTC,21,1823525
hdeAp2,4.25,61,11,TTAGACACAAGCCTGCGAGA,50,1775921
hdeAp2,0.16666666666666666,12,11,TTACTCGAGGCCAATGCGGG,1,1789966
hdeAp2,4.25,61,11,TTACACGGGGTTGTAACGGG,50,1819398
hdeAp2,0.25,13,11,TGTAATACGAACTTCGTAGT,2,1806113
hdeAp2,0.25,13,11,TGGTGAAAGATTAAGTAGTA,2,1779910
hdeAp2,8.833333333333334,116,11,TGGATATATGCTAGAAGGTG,105,1811963
hdeAp2,0.16666666666666666,12,11,TGCCGGCACCACAGAGGTGG,1,1822430
hdeAp2,7.666666666666667,102,11,TGAACATATCTGTTGCATTC,91,1774154
hdeAp2,8.166666666666666,108,11,TCGACCCAGGGGTTATATGC,97,1798689
hdeAp2,12.5,160,11,TCCTATTCTGCCTTGTAAAG,149,1788768
hdeAp2,14.833333333333334,188,11,TCCCACCATAATTCGTAATG,177,1803759
hdeAp2,0.16666666666666666,12,11,TCCCAATCTGGACCAAGAGT,1,1798158
hdeAp2,0.16666666666666666,12,11,TCCACGTTCAGCTAGACCCT,1,1809234
hdeAp2,3.9166666666666665,57,11,TATTACTCTCCCCGATAGAA,46,1772253
hdeAp2,9.666666666666666,126,11,TATGCGGATTAAGTGCTGTT,115,1825365
hdeAp2,6.0,82,11,TAGGAGGATTCCGTGGGCAA,71,1782869
hdeAp2,0.16666666666666666,12,11,TACGGGGCTCGTTGAAGCTG,1,1780764
hdeAp2,25.166666666666668,312,11,TACCGGCGGTAGTGGGATAC,301,1793971
hdeAp2,4.833333333333333,68,11,TAAATGGGTAAATGGGCGCT,57,1826282
hdeAp2,0.16666666666666666,12,11,GTTTCAGGCGAGTTAGGCCA,1,1794843
hdeAp2,8.666666666666666,114,11,GTTACCCCACGGCGAACTAC,103,1803943
hdeAp2,5.5,76,11,GTGCGTAAGAGTCAGGTGAT,65,1784417
hdeAp2,7.333333333333333,98,11,GTCCGGGACAGTCAGTTTGT,87,1823988
hdeAp2,7.416666666666667,99,11,GGTTAGGTACTCTGGGCGAG,88,1816332
hdeAp2,5.25,73,11,GGTAGATCGTCTTTGACGTG,62,1786659
hdeAp2,4.0,58,11,GGTAAACCGGGGGTCACGTA,47,1817555
hdeAp2,0.16666666666666666,12,11,GGGGGGACCCTTTCTTTAAT,1,1804311
hdeAp2,5.416666666666667,75,11,GGGAGCACGACCAGGGTCAT,64,1820384
hdeAp2,3.75,55,11,GGCATCCCTATACGCCCGGG,44,1794439
hdeAp2,0.16666666666666666,12,11,GGCAAGTATATAGATGCGCG,1,1771772
hdeAp2,2.25,37,11,GGAGGTGACTCTGTCTTAAA,26,1807401
hdeAp2,4.083333333333333,59,11,GCTCCCCCCAAAACTTATGT,48,1785971
hdeAp2,4.5,64,11,GCGTGGTATCTGCAGCAGGA,53,1809270
hdeAp2,0.25,13,11,GCGACCAGTTTATACGGTTT,2,1775565
hdeAp2,4.583333333333333,65,11,GCCGTATTTGCCCTGAGGGT,54,1826753
hdeAp2,9.166666666666666,120,11,GCCGATGTTATACTGGCAAT,109,1776178
hdeAp2,0.16666666666666666,12,11,GATTGAATTGGGACCTACCT,1,1824270
hdeAp2,3.6666666666666665,54,11,GATCCAAGCTGGCACGTGGC,43,1807899
hdeAp2,9.0,118,11,GAGCCTTCTTCAAAAGTAAT,107,1800528
hdeAp2,11.75,151,11,GAACACTTTGCGAATCGCGA,140,1786633
hdeAp2,0.16666666666666666,12,11,CTTTAAGCCAGCGTAGATGG,1,1817958
hdeAp2,8.583333333333334,113,11,CTTGACCCCGGTTATAGCAA,102,1780175
hdeAp2,7.0,94,11,CTTCCACTGGCGGAAAGGAA,83,1798645
hdeAp2,10.416666666666666,135,11,CTGTCCAACGCGCAGACTCA,124,1790529
hdeAp2,7.916666666666667,105,11,CTCCACCTGACGAATCGCCT,94,1803705
hdeAp2,2.5,40,11,CTATCCAGGTGTATATCAGA,29,1778148
hdeAp2,9.333333333333334,122,11,CTACAGCTTGCAGTGGCACA,111,1796597
hdeAp2,0.16666666666666666,12,11,CGTCGATAATAACTAAGCCG,1,1820684
hdeAp2,7.25,97,11,CGGGATACGGCTCAATACCT,86,1805096
hdeAp2,2.1666666666666665,36,11,CGCGAGTTCCAATCCCCTGA,25,1814617
hdeAp2,9.083333333333334,119,11,CGATCGCTTGTCCTAGCAAT,108,1803970
hdeAp2,3.0833333333333335,47,11,CGACGATTTCTGTCGCATGG,36,1815443
hdeAp2,4.833333333333333,68,11,CCTTGCACAGCCCAGACAAA,57,1786620
hdeAp2,12.416666666666666,159,11,CCTACCGAGGCATGCACGGT,148,1792840
hdeAp2,7.583333333333333,101,11,CCGGGCTGCAATCCTGACAA,90,1782819
hdeAp2,18.25,229,11,CCGATGCGACGGGTGCGCGT,218,1821586
hdeAp2,4.416666666666667,63,11,CCCGAGGGGTATATCCCGAG,52,1796750
hdeAp2,6.5,88,11,CCCGAAAGAGGTTGGCGGAT,77,1796161
hdeAp2,0.16666666666666666,12,11,CCCACACTTATGAATTTTCT,1,1795972
hdeAp2,8.916666666666666,117,11,CCATCCCATTATTAGAAGAT,106,1808946
hdeAp2,14.0,178,11,CCAATGCGTAATAGAGACGA,167,1803184
hdeAp2,7.416666666666667,99,11,CCAACTGCCACGGTGCGGCA,88,1812039
hdeAp2,0.25,13,11,CCAACCCGTCCCAGTTCCCC,2,1775470
hdeAp2,0.16666666666666666,12,11,CATGGAGCTCGTTCAAAGTG,1,1808496
hdeAp2,2.0,34,11,CAGGGGGGAGAGATAAATAT,23,1785528
hdeAp2,7.166666666666667,96,11,CAGATCTACCCGCGCCCGGG,85,1801202
hdeAp2,15.25,193,11,CACTTCACCGGTGGAGGATA,182,1807241
hdeAp2,2.9166666666666665,45,11,CACGCGAACTTATAAGATGA,34,1819609
hdeAp2,0.16666666666666666,12,11,CAATGCGAAACATTGTGTCA,1,1792773
hdeAp2,17.083333333333332,215,11,CAACGTCCCGGAGCAAAACC,204,1791184
hdeAp2,3.6666666666666665,54,11,CAACGGTTCAGAGGCAGTAA,43,1818346
hdeAp2,0.16666666666666666,12,11,CAAAACGAAAGGTACTCCTA,1,1786711
hdeAp2,8.833333333333334,116,11,ATGGATCTCATAGAGAGGAG,105,1796426
hdeAp2,0.16666666666666666,12,11,AGTATTCAAGTCGGGTCTTT,1,1819445
hdeAp2,8.083333333333334,107,11,AGTAAGGTCCCGTAGAAATT,96,1798763
hdeAp2,0.16666666666666666,12,11,AGGCATCGATAAAAGCCCAC,1,1790406
hdeAp2,7.416666666666667,99,11,AGCGGACACCGCGCTCCTGC,88,1796495
hdeAp2,5.333333333333333,74,11,AGCCGATTCAGATGGTAGCA,63,1787661
hdeAp2,15.666666666666666,198,11,AGAGAAGGAAAAAATGCATA,187,1803878
hdeAp2,8.5,112,11,AGACTCTCCAGGCAGATGGA,101,1784512
hdeAp2,19.916666666666668,249,11,AGAAGCTATTATTTCCTAAA,238,1807425
hdeAp2,0.16666666666666666,12,11,AGAAATGAGCAACTGGAGCT,1,1817006
hdeAp2,0.16666666666666666,12,11,ACTGGTGAGGATCCAAACGC,1,1795425
hdeAp2,0.16666666666666666,12,11,ACTGGGATGGGGGGACAAAG,1,1792332
hdeAp2,0.16666666666666666,12,11,ACTGCTCTTGACAGCAGGGG,1,1790646
hdeAp2,0.16666666666666666,12,11,ACTACTCTTGCTATAACTCC,1,1821271
hdeAp2,0.16666666666666666,12,11,ACGGTGCATAGGGTATGGAT,1,1796652
hdeAp2,0.16666666666666666,12,11,ACATGTCCAATAAAACGGCC,1,1826133
hdeAp2,4.583333333333333,65,11,ACATCAGTCGAGTCATCTTA,54,1818394
hdeAp2,9.0,118,11,ACATAGCGGGATAGGCGAGT,107,1826952
hdeAp2,7.166666666666667,96,11,AATGGCTCTTTGGGTGCTTA,85,1825024
hdeAp2,8.666666666666666,114,11,AATATGGATCGTGATGAAAA,103,1823938
hdeAp2,7.666666666666667,102,11,AATACTGGCCGCTTGAATTT,91,1796335
hdeAp2,1.3333333333333333,26,11,AAGTACCTTGTTTGAGGTTA,15,1772628
hdeAp2,21.0,262,11,AACTTTAGCGTCGGCCAGGG,251,1771409
hdeAp2,0.16666666666666666,12,11,AACTTCGGTGCGGTCCCCGT,1,1778466
hdeAp2,0.16666666666666666,12,11,AACTCCATATCATAGATTCC,1,1774748
hdeAp2,6.166666666666667,84,11,AACGAGATCGGCTATTATAA,73,1824943
hdeAp2,4.545454545454546,59,10,TTTATTACGTCAACGAACGT,49,1823299
hdeAp2,0.18181818181818182,11,10,TTGTTCACAGTCACGGCCGG,1,1821485
hdeAp2,14.363636363636363,167,10,TTGCCTCTACATCGGTTACA,157,1790303
hdeAp2,8.090909090909092,98,10,TTGAATGTGTACTATGTGGT,88,1783498
hdeAp2,2.909090909090909,41,10,TTCTAGATGGTCATTTCAAA,31,1823777
hdeAp2,10.0,119,10,TTCGGGGTGGTTTGCCATAA,109,1807291
hdeAp2,4.181818181818182,55,10,TTCGCTATATGGCGGTGAAG,45,1788719
hdeAp2,8.181818181818182,99,10,TTAGGTAGGCTAGAACCGCC,89,1791420
hdeAp2,8.090909090909092,98,10,TTAATGCGTCGTGGGCATAT,88,1771428
hdeAp2,0.18181818181818182,11,10,TGTTGTTGGGGCCAACCCGA,1,1814111
hdeAp2,0.18181818181818182,11,10,TGGTGGAATCAGGAACCGCA,1,1781055
hdeAp2,9.090909090909092,109,10,TGGCTGGGCACATTTTTTAA,99,1816474
hdeAp2,8.272727272727273,100,10,TGACCGTATACCGTAGCGCT,90,1803350
hdeAp2,0.18181818181818182,11,10,TCTTTGTGAATATAATCTCA,1,1824287
hdeAp2,7.0,86,10,TCTTGTGTTATTCGCGTGAG,76,1784320
hdeAp2,3.272727272727273,45,10,TCGTGATTAGCTGCCGCCAT,35,1816943
hdeAp2,6.909090909090909,85,10,TCGGCGGGGCAATCTCTTCC,75,1802323
hdeAp2,8.727272727272727,105,10,TCGCTTGTCGGGCTTCCCAG,95,1808499
hdeAp2,9.363636363636363,112,10,TCGCTGCTCTGCAACCTACT,102,1779002
hdeAp2,8.545454545454545,103,10,TCCCCTCGCGACTATTAGGG,93,1788163
hdeAp2,9.272727272727273,111,10,TCCACCGAGTTAAAACCACT,101,1813126
hdeAp2,4.363636363636363,57,10,TCCAAGTACTGCTCGACCGG,47,1828063
hdeAp2,0.18181818181818182,11,10,TAGGTATTAGTTAGGTTCAT,1,1803475
hdeAp2,0.18181818181818182,11,10,TACTTATTTCTAGTGGGCGG,1,1795452
hdeAp2,0.18181818181818182,11,10,TACGGATGGCTTCGTGAAAT,1,1818164
hdeAp2,3.272727272727273,45,10,TACCGCTTTGTCAACTGATA,35,1814959
hdeAp2,11.545454545454545,136,10,TAAGATCATCCCCCCGATTC,126,1797191
hdeAp2,13.727272727272727,160,10,TAAAGTCACCCAGATTGATA,150,1777819
hdeAp2,4.7272727272727275,61,10,GTTTTATAAAGCATCCACAG,51,1809200
hdeAp2,5.818181818181818,73,10,GTTTGCATCTCTGGCGCACT,63,1791066
hdeAp2,2.5454545454545454,37,10,GTTTGATCGAGCAGTAACAA,27,1799545
hdeAp2,6.363636363636363,79,10,GTGGTGGTTCAATCGTTCCT,69,1790456
hdeAp2,0.36363636363636365,13,10,GTGCTTGAGAACAAAGGTTT,3,1774752
hdeAp2,4.7272727272727275,61,10,GTGACCTGCACTTAGTTATG,51,1771006
hdeAp2,5.090909090909091,65,10,GTCGATGGCGCCGGTCGGCT,55,1790576
hdeAp2,4.363636363636363,57,10,GTCACAGTGGCGCCGGCATA,47,1815051
hdeAp2,0.18181818181818182,11,10,GTACTGTCGGACAGACCAGG,1,1793943
hdeAp2,7.363636363636363,90,10,GTAAGCTCGCACCATCGTAA,80,1798099
hdeAp2,16.545454545454547,191,10,GGTGCCCGCCGTTCATTCAG,181,1815737
hdeAp2,33.63636363636363,379,10,GGTCTAAGCTCATATGAATG,369,1825955
hdeAp2,2.3636363636363638,35,10,GGTATTGAATTGCACCTGTT,25,1782813
hdeAp2,0.2727272727272727,12,10,GGGTTTGGCATGAGGTGAAT,2,1812045
hdeAp2,0.9090909090909091,19,10,GGGAACCTGCGGGTTTCAGT,9,1783278
hdeAp2,16.90909090909091,195,10,GGCATACACGGTGAGCTAAA,185,1775373
hdeAp2,4.454545454545454,58,10,GGCACTGCTAACGTAAGGAA,48,1791317
hdeAp2,0.5454545454545454,15,10,GGAAGATGAACGTGTATAAA,5,1803254
hdeAp2,0.36363636363636365,13,10,GCTTGGCCTGTAATCGGGAC,3,1789222
hdeAp2,3.6363636363636362,49,10,GCTCACAAAGCAGGTAGATA,39,1792912
hdeAp2,9.0,108,10,GCGTCGGTTGCTGATAACAG,98,1785761
hdeAp2,5.454545454545454,69,10,GCGGATTGTACTTCGTGACC,59,1781826
hdeAp2,7.7272727272727275,94,10,GCGCGCTTTGCGTTCTAAGC,84,1791021
hdeAp2,0.18181818181818182,11,10,GCGACGACAATGCCGATATA,1,1792538
hdeAp2,7.0,86,10,GCCTTTCAATCTGTCCACTA,76,1821685
hdeAp2,8.090909090909092,98,10,GCACACAATCACGCAGTAAC,88,1808544
hdeAp2,0.18181818181818182,11,10,GCAAACCAAGTACATATCAA,1,1795721
hdeAp2,0.18181818181818182,11,10,GATGTCGTGGATTGCGCCCT,1,1775826
hdeAp2,9.272727272727273,111,10,GAGAGTCAGTTTCAGTGGGG,101,1817633
hdeAp2,4.090909090909091,54,10,CTTGCTCTTTCGTAGCTCTT,44,1797976
hdeAp2,9.363636363636363,112,10,CTTATATGCAACAGGTCTAC,102,1784438
hdeAp2,0.18181818181818182,11,10,CTGGATATTGCTGATCCTAT,1,1817363
hdeAp2,0.18181818181818182,11,10,CTGACCGTCGGCGCTCCACT,1,1779291
hdeAp2,0.18181818181818182,11,10,CTCGGTGGGCCAGATTCAAC,1,1812364
hdeAp2,0.7272727272727273,17,10,CTCGACGAAGAGTGGTCTGC,7,1790251
hdeAp2,6.454545454545454,80,10,CTCATTGTAGGGTGGCGAAC,70,1799871
hdeAp2,4.363636363636363,57,10,CTCAGGAAGGACACATCTTT,47,1787464
hdeAp2,19.90909090909091,228,10,CGTCGCCCTGCATTTAACTG,218,1823298
hdeAp2,2.727272727272727,39,10,CGTCCCAAGCGCTTTTGAAA,29,1782758
hdeAp2,5.7272727272727275,72,10,CGGTCGGCGAGAACGTCATG,62,1815775
hdeAp2,4.636363636363637,60,10,CGGGCTAGCCGATTGAAATA,50,1772075
hdeAp2,7.090909090909091,87,10,CGGGCATGTCGGGGGACTGA,77,1791939
hdeAp2,0.9090909090909091,19,10,CGGATCCACCGTGATTGAAC,9,1783029
hdeAp2,6.181818181818182,77,10,CGAAATGACACCTGCTATTT,67,1789347
hdeAp2,0.18181818181818182,11,10,CCTGTATCTAGTAGCGGCAA,1,1777170
hdeAp2,6.636363636363637,82,10,CCCGCGTCCGGGCGCGCGAA,72,1801357
hdeAp2,9.090909090909092,109,10,CCCATGACCCGCACTACAGT,99,1777588
hdeAp2,14.454545454545455,168,10,CCCAACGCCTGGTGCCGGGT,158,1792444
hdeAp2,10.454545454545455,124,10,CCACCAACCCGTAGCGGCAT,114,1772822
hdeAp2,16.363636363636363,189,10,CATTATATACGACATAGTCT,179,1782087
hdeAp2,9.636363636363637,115,10,CATCTAATGTGAGCGTAATA,105,1776526
hdeAp2,5.7272727272727275,72,10,CATCGGTCGCCTCGCGAGTG,62,1823747
hdeAp2,7.636363636363637,93,10,CAGGCGAAACGCCGCGACTT,83,1808849
hdeAp2,4.090909090909091,54,10,CACAACCGTTAGGCCAGCTT,44,1782893
hdeAp2,0.18181818181818182,11,10,CAACTTGATTCGGAATTATT,1,1784492
hdeAp2,7.454545454545454,91,10,CAACGCGGGACGGTGGCTCG,81,1816246
hdeAp2,0.2727272727272727,12,10,CAACAAAAGCAAAAGGGTAC,2,1771177
hdeAp2,0.18181818181818182,11,10,ATTTAAACCGGGTTTGGGGT,1,1771891
hdeAp2,0.18181818181818182,11,10,ATTGGCAACGCTCGAGGCGG,1,1787907
hdeAp2,0.18181818181818182,11,10,ATTCGCATAATCGATTGAAG,1,1803464
hdeAp2,4.454545454545454,58,10,ATTAATGTCGTTACGTTTAC,48,1776887
hdeAp2,3.3636363636363638,46,10,ATGTGCGTCCAGTACCAACG,36,1781869
hdeAp2,11.181818181818182,132,10,ATGACTCTACGTCTGTACTA,122,1791646
hdeAp2,0.6363636363636364,16,10,ATCTTTTTGTTCCCAAACCC,6,1803140
hdeAp2,0.18181818181818182,11,10,ATCATTCTGCCAACGAGATA,1,1782890
hdeAp2,3.090909090909091,43,10,AGTCGGCGCTCAGACTACGG,33,1773860
hdeAp2,3.8181818181818183,51,10,AGTATGTAGCTTCCATATAG,41,1814332
hdeAp2,9.181818181818182,110,10,AGGCTACTCGGTACTCATAG,100,1779117
hdeAp2,5.545454545454546,70,10,AGGCAGAGGCTGATGCAAGT,60,1812256
hdeAp2,10.636363636363637,126,10,AGCTGTTACTGCGTCTTATC,116,1800277
hdeAp2,0.18181818181818182,11,10,AGCTGAGCCTAGAAATGTAT,1,1827391
hdeAp2,6.454545454545454,80,10,ACTTCCAATTAGACGGATTA,70,1816076
hdeAp2,7.7272727272727275,94,10,ACGCGGTGATCTTTGATGGA,84,1779790
hdeAp2,0.18181818181818182,11,10,ACGCGAGAACGAAAGTTCTT,1,1819041
hdeAp2,12.545454545454545,147,10,ACGCAACCACGAGAGGTAAA,137,1827434
hdeAp2,10.0,119,10,ACCGTGTGCACAGGGAGTGG,109,1810332
hdeAp2,4.2727272727272725,56,10,ACATGTTTGTCGAGCTTGAA,46,1808678
hdeAp2,8.181818181818182,99,10,ACAACTCATAATATACTCAG,89,1824831
hdeAp2,0.18181818181818182,11,10,AATATTGTAACCCATAAAGC,1,1771714
hdeAp2,7.7272727272727275,94,10,AAGCGGTTTCAATTGTCGTC,84,1825010
hdeAp2,8.909090909090908,107,10,AAATTTACAGGTGGAGAGCC,97,1798521
hdeAp2,4.7,55,9,TTTGCGAATCACGGCTTGCA,46,1827471
hdeAp2,0.3,11,9,TTTAAGGGCGACGATCAAGA,2,1779496
hdeAp2,0.2,10,9,TTCTTGTGTCTGCCTGCGCC,1,1822041
hdeAp2,8.5,93,9,TTCTACCCCTACGGCGCCCA,84,1796193
hdeAp2,2.3,31,9,TTCGTAATGTTGGATAATGA,22,1802485
hdeAp2,5.3,61,9,TTCCAAGGCGGGATTAACCG,52,1812816
hdeAp2,2.4,32,9,TTAGACCGCCGCAACCGAGC,23,1771397
hdeAp2,4.8,56,9,TGTGTTCGACTCAAAGTTAG,47,1790163
hdeAp2,0.2,10,9,TGTGCGACTCGCGTTTGTCT,1,1819080
hdeAp2,2.8,36,9,TGGTTGGAGAAATCAAGGAT,27,1775293
hdeAp2,10.7,115,9,TGGTAAATCCACTTTAGGCT,106,1822315
hdeAp2,2.7,35,9,TGGCTTGCTGCGGACCTTTA,26,1820959
hdeAp2,0.2,10,9,TGCGGCAGGAGATCTTCTGG,1,1798224
hdeAp2,0.5,13,9,TGACAGGATGGGAAATCTAC,4,1816506
hdeAp2,0.5,13,9,TGAACGATTTTGCATTGGCC,4,1803779
hdeAp2,0.2,10,9,TCTTGCCTGTTATACAGTCA,1,1814000
hdeAp2,15.2,160,9,TCTGGCACCCATGGATGATC,151,1773419
hdeAp2,6.2,70,9,TCTCGTTCCGTGTCAAAGAG,61,1814105
hdeAp2,5.0,58,9,TCTCGCCCGGTAAGACACAT,49,1806665
hdeAp2,0.2,10,9,TCTACTCCGTAGCCAGCATG,1,1788918
hdeAp2,12.2,130,9,TCGCCACTCCTCCTTCCGGA,121,1787409
hdeAp2,9.5,103,9,TCCTACACGATTAGATGCCA,94,1796167
hdeAp2,2.1,29,9,TCCGTTTACGTTATTTCTTA,20,1804268
hdeAp2,19.8,206,9,TCCCGGTCACGGTCTATATT,197,1775208
hdeAp2,6.1,69,9,TCCAGTCACGAGGATAGATA,60,1796328
hdeAp2,8.1,89,9,TCATTAGTACTTCAAAGAAT,80,1810535
hdeAp2,0.2,10,9,TCATTAAGGAGTATTAAGGA,1,1802161
hdeAp2,5.8,66,9,TCACTTCGGCGTTCTGATAC,57,1797710
hdeAp2,10.4,112,9,TATTACAACGCAGTCCCTGG,103,1811761
hdeAp2,0.2,10,9,TATGCCTATAGGCGCAGCAA,1,1809412
hdeAp2,0.3,11,9,TATCTCTTAATGAAGCGCGA,2,1804865
hdeAp2,3.9,47,9,TATAGTGGCGAACCGGAGTC,38,1793122
hdeAp2,22.4,232,9,TACTGCGTCCGTAACTTGAA,223,1828556
hdeAp2,0.2,10,9,TAAGACACCGCTGCATCCTA,1,1819686
hdeAp2,0.2,10,9,GTTAGCATCACAAGTACATC,1,1810244
hdeAp2,3.1,39,9,GTTACCTCCTCGTTACTAGG,30,1773092
hdeAp2,0.2,10,9,GTGGTATCCGTTTTTCAATT,1,1805361
hdeAp2,10.5,113,9,GTGCACCCTAAGTGCAGCCA,104,1786066
hdeAp2,0.2,10,9,GTAGATTAGGGCCTAGAGTC,1,1783950
hdeAp2,6.2,70,9,GTACCTTCTGACCAGCATGG,61,1791263
hdeAp2,8.7,95,9,GGTCTTGGAACTTTAGGGAG,86,1801881
hdeAp2,32.8,336,9,GGGTCGTCGATCCCACAGGC,327,1824381
hdeAp2,10.3,111,9,GGGTCGAGGCGGGGGCGTAC,102,1805819
hdeAp2,0.2,10,9,GGGTCCTGCGGGTAACCTCA,1,1805868
hdeAp2,5.1,59,9,GGGGTTTCGAAAACAGCGGG,50,1776552
hdeAp2,10.6,114,9,GGGCCGGATTAGCAACCTGA,105,1812967
hdeAp2,7.0,78,9,GGGAGATACCAACACGTTAA,69,1806217
hdeAp2,5.5,63,9,GGCTTAACTAGAAAGATTTT,54,1796615
hdeAp2,10.1,109,9,GGCGTTTGTACCTATTGCCT,100,1775917
hdeAp2,7.6,84,9,GGCGAAAGTGTGCATTCATT,75,1772583
hdeAp2,0.2,10,9,GGCCGGGCAAGCACGGAATA,1,1823372
hdeAp2,14.9,157,9,GGCAGGTGCGGAGCAACTAA,148,1802239
hdeAp2,2.3,31,9,GGAGGCGAGTCTGCAGTACC,22,1811698
hdeAp2,29.8,306,9,GCTCGAACTTTCCGGTCTCT,297,1821318
hdeAp2,9.8,106,9,GCGCTGTATCCGTGCAGCTC,97,1801299
hdeAp2,4.1,49,9,GCCTGTGCTCACGGTCGACC,40,1807584
hdeAp2,0.2,10,9,GCCGTATAGTATTGAAAATG,1,1804080
hdeAp2,0.2,10,9,GCCGCGCGCGGCCTTCTACT,1,1791519
hdeAp2,5.9,67,9,GCCCTGAGCCCCAGCTCCCA,58,1786810
hdeAp2,25.0,258,9,GCACTCGGGCTGTTTATTCA,249,1790608
hdeAp2,7.1,79,9,GATAGATGAGGGTTCCGGAA,70,1780462
hdeAp2,9.0,98,9,GATAGAAACGATCGGGATAG,89,1814269
hdeAp2,1.4,22,9,GAGGCGTAGGCACAGCAGCT,13,1781736
hdeAp2,0.2,10,9,GACTGTCAGGACGGATGGGC,1,1787449
hdeAp2,0.2,10,9,GACTGCTAGCCTTCACTAAT,1,1812094
hdeAp2,0.2,10,9,GACGATGACTTCGGGGTGGA,1,1783172
hdeAp2,6.6,74,9,CTTATACGCGCTCGGGGATC,65,1778237
hdeAp2,4.3,51,9,CTGTCACAACATCACAGAAA,42,1795373
hdeAp2,4.9,57,9,CTCTTTACCCAACACATCAG,48,1802949
hdeAp2,0.3,11,9,CTCGAAGCCTGCCACCGCAT,2,1772146
hdeAp2,0.6,14,9,CTATTGGCGAATTGGATATT,5,1777857
hdeAp2,9.7,105,9,CTATAGGGACGACAGCGAAC,96,1772377
hdeAp2,0.2,10,9,CTACTTCAATGTCCCGCTCC,1,1800165
hdeAp2,7.6,84,9,CTACATACCCCCGTTTTGTA,75,1791617
hdeAp2,6.0,68,9,CGTGCGTTTTAAGCTCCTAG,59,1772204
hdeAp2,0.2,10,9,CGTACGATAAAACGTTATTA,1,1799564
hdeAp2,0.3,11,9,CGTAAAGTGAGGATCTCATA,2,1821126
hdeAp2,11.9,127,9,CGGTTTCTGCCATGGCATGG,118,1800642
hdeAp2,10.8,116,9,CGGGTTTGTTTGCACCCCCT,107,1771461
hdeAp2,3.7,45,9,CGGACATAAACTCCTGTCAA,36,1790246
hdeAp2,6.7,75,9,CGCTATTTGCACTAAGTAAT,66,1773995
hdeAp2,10.1,109,9,CGACCCCAATCCTCGACGCA,100,1826553
hdeAp2,2.4,32,9,CCTATGTGGCACTCAACTAA,23,1804620
hdeAp2,7.5,83,9,CCGCCTTAAATCGACCCATT,74,1777470
hdeAp2,0.2,10,9,CCGATCACCTCCGCATGCGA,1,1804389
hdeAp2,0.2,10,9,CCCTGACTACCGTGTCGCAA,1,1770987
hdeAp2,11.5,123,9,CCATCTAGAGAATAAGCCCC,114,1814360
hdeAp2,0.2,10,9,CCAGGAGCTATGCTCAGCAT,1,1798043
hdeAp2,4.0,48,9,CATTACGTCTGAAAGGCGAG,39,1771563
hdeAp2,0.2,10,9,CATATTTCTGGGTTTTAATC,1,1807092
hdeAp2,20.4,212,9,CATACTCAGGCAATACGTGA,203,1825959
hdeAp2,9.9,107,9,CAGTGGCACAGCATTAGCCC,98,1823711
hdeAp2,0.2,10,9,CAGTCAATCGGTATATATAG,1,1822198
hdeAp2,0.2,10,9,ATTGACCAGGGTAAGGTACA,1,1804713
hdeAp2,0.5,13,9,ATTATAGGTTGCCGGTGTTA,4,1787636
hdeAp2,0.2,10,9,ATGTTCGCAATCTTTCAGGG,1,1811348
hdeAp2,8.0,88,9,ATGTGCACAAAGTACCTTGC,79,1796109
hdeAp2,9.6,104,9,ATCGCGAGTCTGTAGTGATT,95,1820029
hdeAp2,0.2,10,9,ATCGCCCTGTGTGGTACTAA,1,1801854
hdeAp2,0.3,11,9,ATAGGACGACAGCCGACTAC,2,1825926
hdeAp2,0.2,10,9,ATAGATTTCTATAATGTATG,1,1824305
hdeAp2,0.3,11,9,AGTGTCAAAAGTGAGATAGT,2,1786216
hdeAp2,7.6,84,9,AGTGGTATAGCCACCTAATA,75,1782317
hdeAp2,11.1,119,9,AGTGCTGCTCGAGCGGTTTA,110,1786665
hdeAp2,4.6,54,9,AGTCACAGCACGGTTTTAGG,45,1793919
hdeAp2,6.6,74,9,AGTAGTTTCGGGGCTAACAG,65,1771710
hdeAp2,9.8,106,9,AGGTCTCACGGTCAGGTCGT,97,1775978
hdeAp2,12.9,137,9,AGGGGCTTACCGTACAGTCA,128,1801832
hdeAp2,10.0,108,9,AGGCGACATTAACCGAGTGT,99,1795394
hdeAp2,10.1,109,9,AGGAAAGGCGCAGACGCAAA,100,1804001
hdeAp2,0.2,10,9,AGCATCTGAGGAGCCTCGGT,1,1818170
hdeAp2,0.4,12,9,ACTCTTTGCGGGTAGATTTC,3,1800256
hdeAp2,0.2,10,9,ACGCAAGGGTTCATTTTACC,1,1817153
hdeAp2,0.2,10,9,ACCGGATTGTCCCTCTGATG,1,1815371
hdeAp2,5.4,62,9,ACCACTTTGACCCGGTACTC,53,1785356
hdeAp2,0.2,10,9,ACATCGGCAGGGGGTCCTAC,1,1788817
hdeAp2,4.0,48,9,ACAAAACAACGCATGGTCGC,39,1795627
hdeAp2,0.2,10,9,AATATGCGCTCTGTCGGTTG,1,1823266
hdeAp2,7.3,81,9,AAGTCGAAATAGCGCAGTCG,72,1807606
hdeAp2,0.2,10,9,AACATTCACTCATACCTCCC,1,1772704
hdeAp2,6.4,72,9,AAAGTCCGTGGTAGTGGGTT,63,1820616
hdeAp2,0.3,11,9,AAAGCAGAGCGCGCCCTCGC,2,1801019
hdeAp2,0.3,11,9,AAAACTAATGCAACAAGCGC,2,1798071
hdeAp2,8.88888888888889,87,8,TTTCGAGGATTATGACCTGA,79,1779262
hdeAp2,0.2222222222222222,9,8,TTGGTTGTCCTCTAACACTA,1,1800143
hdeAp2,0.2222222222222222,9,8,TTGGTTGACCCGACGGAAAT,1,1806182
hdeAp2,1.4444444444444444,20,8,TTCTATGGGCAGAGGAGTGC,12,1793271
hdeAp2,6.555555555555555,66,8,TTCCAGCCGAGCCCAGGAAT,58,1822551
hdeAp2,5.666666666666667,58,8,TGTTGCCGGTCGTATACGAG,50,1803875
hdeAp2,8.0,79,8,TGTGTTTGTAGCAAACAGAA,71,1819396
hdeAp2,0.2222222222222222,9,8,TGTCAAGGGGTGTGCTTAGC,1,1827182
hdeAp2,6.444444444444445,65,8,TGTATTGTGTGGATAGTCGG,57,1775140
hdeAp2,10.0,97,8,TGGACGGCTGTGGTCTAATG,89,1792135
hdeAp2,9.11111111111111,89,8,TGCTCATACCCCGAGAGACA,81,1796408
hdeAp2,0.2222222222222222,9,8,TGCGTGTCAGGCACAGACTG,1,1813850
hdeAp2,9.444444444444445,92,8,TGAGACAATCGCAAGTTAAT,84,1795725
hdeAp2,4.0,43,8,TCGGTCCAAGAGCCGCCATT,35,1771052
hdeAp2,6.444444444444445,65,8,TCGGAATTTTGCTTAGCCCA,57,1808081
hdeAp2,0.2222222222222222,9,8,TCGAACCCTCACAATCTCAT,1,1801754
hdeAp2,0.2222222222222222,9,8,TCCGTCTATGCTCGCCACAT,1,1822439
hdeAp2,0.2222222222222222,9,8,TCAATTCCGACCTGGCTATA,1,1788835
hdeAp2,0.2222222222222222,9,8,TCAATCTCATGGCTTTCGTT,1,1826094
hdeAp2,0.2222222222222222,9,8,TATTCGGGCGCTGGAGTGCT,1,1809266
hdeAp2,8.88888888888889,87,8,TACGATTTTGGATGAGACGG,79,1797238
hdeAp2,0.2222222222222222,9,8,GTTTTTCGTGGCGGGGATCC,1,1805658
hdeAp2,4.222222222222222,45,8,GTTTATTTGTGAACGCTCAT,37,1812559
hdeAp2,10.555555555555555,102,8,GTTTATGGCATAGGAAGACC,94,1822415
hdeAp2,0.2222222222222222,9,8,GTTTACGAGGCAGTCACCTA,1,1787491
hdeAp2,32.333333333333336,298,8,GTTGTTTTGGTGACATTCCT,290,1803129
hdeAp2,6.888888888888889,69,8,GTTCTGTCCTTTCACCCTTC,61,1809130
hdeAp2,0.2222222222222222,9,8,GTGGTGCCTGACTAGTGAAG,1,1790103
hdeAp2,21.77777777777778,203,8,GTGGGACTACCTGCAGTTCA,195,1789345
hdeAp2,1.1111111111111112,17,8,GTGCGAGTGTCGCCAATCGC,9,1793550
hdeAp2,9.555555555555555,93,8,GTCGATTGGACCTGCAGTAT,85,1828544
hdeAp2,12.666666666666666,121,8,GTCCGAATAGTCCCTTAGGT,113,1814306
hdeAp2,0.2222222222222222,9,8,GTCAACCAATGTAGCGGTAG,1,1801509
hdeAp2,0.2222222222222222,9,8,GTAGTCTCTTAGTCTGCTGT,1,1777885
hdeAp2,1.2222222222222223,18,8,GGTTGATAAACCGCGCACGG,10,1813242
hdeAp2,0.3333333333333333,10,8,GGTCATTAACTAGGTACAGA,2,1799974
hdeAp2,0.2222222222222222,9,8,GGGGCAGTTTGTCAGCTGGG,1,1775346
hdeAp2,0.2222222222222222,9,8,GGGCGCGCGGGAGTCAGAGG,1,1796767
hdeAp2,6.888888888888889,69,8,GGGCGAGACCGGCCTCCATT,61,1811402
hdeAp2,8.444444444444445,83,8,GGGCATGAGTTTATAACAAT,75,1814751
hdeAp2,2.4444444444444446,29,8,GGGCACCCGATCTGGTTCGT,21,1806108
hdeAp2,7.333333333333333,73,8,GGCCCTGATCAGGTCCTATG,65,1805656
hdeAp2,4.888888888888889,51,8,GGCCCCGGTACTCTTGAAAC,43,1822327
hdeAp2,10.666666666666666,103,8,GGAAACGTCTTACCCGCTAC,95,1807655
hdeAp2,0.3333333333333333,10,8,GCTATGCTCAACGAGTATTC,2,1802863
hdeAp2,14.777777777777779,140,8,GCGGAGCGATACCTGGGGAA,132,1779942
hdeAp2,0.4444444444444444,11,8,GCGCAGAGCAAGCAGCCTAA,3,1823212
hdeAp2,0.2222222222222222,9,8,GCGATGTCCTGCGAGCTTTG,1,1814528
hdeAp2,2.5555555555555554,30,8,GCCCGCCGACGGGGAAAGAT,22,1801875
hdeAp2,1.4444444444444444,20,8,GCCCACCGTGTGCGCGCATA,12,1799612
hdeAp2,10.0,97,8,GCAGTCGAAAATCTGGGCTA,89,1819361
hdeAp2,1.7777777777777777,23,8,GATTGGGTTTGAATCGCTGA,15,1804887
hdeAp2,7.888888888888889,78,8,GATGGAGTGATGCAGATTTG,70,1806471
hdeAp2,0.2222222222222222,9,8,GATATGTTGAGGATCTTACA,1,1819672
hdeAp2,27.11111111111111,251,8,GAGTAAGTATGGTCCTGAAC,243,1800499
hdeAp2,0.2222222222222222,9,8,GAGGGCCTGCTCCATAGTTG,1,1792180
hdeAp2,12.555555555555555,120,8,GAGAGGTAAAGCGCATGAGA,112,1788693
hdeAp2,0.2222222222222222,9,8,GACTCCTGTGGGAGTCAAGT,1,1794011
hdeAp2,0.2222222222222222,9,8,GACTCAAGTTGACTAAAGCC,1,1804842
hdeAp2,2.4444444444444446,29,8,GACTACGCGATGTTAGACGG,21,1787330
hdeAp2,6.111111111111111,62,8,GACCAAATGGGCAGCCGGTG,54,1788789
hdeAp2,5.111111111111111,53,8,GACAGATAAGTTTACGCGGA,45,1820855
hdeAp2,3.5555555555555554,39,8,GAAGAGTCTGTGCGCCAAAC,31,1799859
hdeAp2,7.222222222222222,72,8,CTTTCAGTAAGGCCTAGTAT,64,1825319
hdeAp2,2.6666666666666665,31,8,CTTTAGGTAAGAGTTGCGCC,23,1774697
hdeAp2,8.222222222222221,81,8,CTTCTTGATACAGGTAATAC,73,1773601
hdeAp2,0.2222222222222222,9,8,CTGTCTTAAAACCCCAGCGA,1,1780498
hdeAp2,0.2222222222222222,9,8,CTGGTATGTCCTTAAATGGG,1,1821961
hdeAp2,0.7777777777777778,14,8,CTCTTGGTTCCGGGACGTGC,6,1818154
hdeAp2,3.3333333333333335,37,8,CTCTCCACCAGAGGAGCTTC,29,1803267
hdeAp2,5.222222222222222,54,8,CTAGTTGCCGCCCTTAGGGA,46,1788883
hdeAp2,0.6666666666666666,13,8,CTAGCCTCTAAATAACGGTA,5,1803944
hdeAp2,0.2222222222222222,9,8,CTAAATGGTCAGAGCTACAG,1,1813784
hdeAp2,21.11111111111111,197,8,CGTTAGTGATCGGCAGCGGC,189,1818798
hdeAp2,9.333333333333334,91,8,CGTGCTCACTAGCGGCCCAG,83,1773590
hdeAp2,6.777777777777778,68,8,CGGTACGATTAAATTGGACA,60,1814188
hdeAp2,10.333333333333334,100,8,CGGCGTGGGTCCATCCGCTT,92,1806781
hdeAp2,13.333333333333334,127,8,CGGCACAGCTCAAGCCTAAT,119,1812675
hdeAp2,7.444444444444445,74,8,CGGATGGAAACCCGGGACCT,66,1772465
hdeAp2,10.222222222222221,99,8,CGGACAAACCCCTACGTGGT,91,1771505
hdeAp2,11.11111111111111,107,8,CGATTATATGAGGCATACCC,99,1804560
hdeAp2,0.2222222222222222,9,8,CGATCCGACCCGGTATTCCA,1,1827346
hdeAp2,3.5555555555555554,39,8,CCTTGTTATCAGAGAGGAAC,31,1776272
hdeAp2,2.111111111111111,26,8,CCTAAAAACATCCCCCCCGT,18,1789082
hdeAp2,0.2222222222222222,9,8,CCGGTACAATATTGAAGAGT,1,1808095
hdeAp2,14.333333333333334,136,8,CCCTGCTAATTGTCTTACGC,128,1811285
hdeAp2,8.555555555555555,84,8,CCCCGCGGGGCCTGGTCTTT,76,1798812
hdeAp2,19.666666666666668,184,8,CCCCGATCGGAACGTGCATT,176,1815637
hdeAp2,6.222222222222222,63,8,CCCAATCTTGCTGGGCGACC,55,1794365
hdeAp2,0.2222222222222222,9,8,CCAAAAATGCTCATTTGTGA,1,1799969
hdeAp2,0.2222222222222222,9,8,CATGGATCCACACTGATTCG,1,1813433
hdeAp2,3.4444444444444446,38,8,CATGAGAACGCGCCTGACAA,30,1793841
hdeAp2,0.2222222222222222,9,8,CATCGTCACGTATGACGGCG,1,1786368
hdeAp2,0.2222222222222222,9,8,CAGATATTGTTACTTTGCCA,1,1815958
hdeAp2,7.555555555555555,75,8,CACTTTAAGGGCATTTTCGT,67,1827961
hdeAp2,22.333333333333332,208,8,CACTTCGCTGGCCTCTTCAG,200,1772602
hdeAp2,5.888888888888889,60,8,CACCGCGCTGATGTTGAATA,52,1806370
hdeAp2,20.11111111111111,188,8,CAATAGGCGAGCGGTGCGTC,180,1774843
hdeAp2,4.888888888888889,51,8,ATTTAACCCTGGGTAGCATG,43,1819100
hdeAp2,0.2222222222222222,9,8,ATGTTGTTTCAGTCCTATAC,1,1811069
hdeAp2,12.777777777777779,122,8,ATGCCCCCGGACGTAATCGA,114,1817635
hdeAp2,9.666666666666666,94,8,ATCCTACCTGTCTTTCAAGA,86,1798614
hdeAp2,5.555555555555555,57,8,ATAGTTACTCGAATTTATAA,49,1789223
hdeAp2,24.333333333333332,226,8,AGTCCGCAATGGACTGGAGT,218,1781911
hdeAp2,9.666666666666666,94,8,AGGTGAACCTTCGCCGATCG,86,1772128
hdeAp2,15.777777777777779,149,8,AGGGCTTATCGGAAGCTAGT,141,1781933
hdeAp2,2.5555555555555554,30,8,AGGGCAATCCAGGGCATCAA,22,1812765
hdeAp2,0.2222222222222222,9,8,AGCGTGCCCTGGCCACTGCA,1,1795110
hdeAp2,4.0,43,8,AGAATGACTTCAGCGAGCGG,35,1790276
hdeAp2,24.555555555555557,228,8,ACTTTTATGTGTGTACAGTC,220,1793929
hdeAp2,8.333333333333334,82,8,ACGCGAGACAGTTATTTGGC,74,1778042
hdeAp2,8.222222222222221,81,8,AATTGGCCATGGGTTCATGG,73,1803700
hdeAp2,0.2222222222222222,9,8,AATCCCGTTGGTCACAGTAT,1,1802876
hdeAp2,0.2222222222222222,9,8,AAGGATGTTGATGCGATATT,1,1798660
hdeAp2,8.333333333333334,82,8,AAAGTGTTTTAGCTAAGGTA,74,1804399
hdeAp2,0.2222222222222222,9,8,AAAACGTTATGTCCGCTTAT,1,1778950
hdeAp2,0.25,8,7,TTTGTGGACACTTGTGCGCT,1,1786805
hdeAp2,12.0,102,7,TTTACAGAATGGTATGGGCT,95,1823058
hdeAp2,0.25,8,7,TTGCTAAATCAGTAAGGAGA,1,1800295
hdeAp2,0.375,9,7,TTCTATATGCATGGTCTGAA,2,1776883
hdeAp2,0.25,8,7,TTCAGGCTTCGAAGTTGAGC,1,1800341
hdeAp2,12.75,108,7,TTATTATTCTTACTACAGAA,101,1774491
hdeAp2,5.0,46,7,TTATCATGAATCCAGAAGAA,39,1787892
hdeAp2,4.5,42,7,TTAGCTACATTGAGAGACTA,35,1819271
hdeAp2,0.375,9,7,TTACAAATTGGGCAGTTCAT,2,1789350
hdeAp2,6.75,60,7,TTAAACCGTCCTACGGACGC,53,1804165
hdeAp2,4.25,40,7,TGTTAACGTCGCGTTCATAT,33,1817560
hdeAp2,11.625,99,7,TGTGTAACCAATCAAACGGC,92,1787974
hdeAp2,11.625,99,7,TGTAACATCGGCCCGCTAAA,92,1812004
hdeAp2,20.75,172,7,TGGTGATGTGAAAGTTACAA,165,1798800
hdeAp2,6.125,55,7,TGCCTCCGCGGACCACGATG,48,1778543
hdeAp2,14.75,124,7,TGATCATCCAAAAACGGAGT,117,1786807
hdeAp2,4.75,44,7,TCTGAGTTGGAACTAGACCA,37,1776616
hdeAp2,0.25,8,7,TCTCCGGTGTCGAATGGTGA,1,1785874
hdeAp2,1.125,15,7,TCGGTTAAAGATCTGGTATT,8,1795105
hdeAp2,0.25,8,7,TCGCGATGGGACTTAGTGAT,1,1822242
hdeAp2,23.625,195,7,TCGACCCCATCCTGTCAATT,188,1817782
hdeAp2,6.125,55,7,TCCTTGTCGAATCTATCAAA,48,1783605
hdeAp2,15.625,131,7,TCCTGAACAAAAGAAAAATG,124,1808256
hdeAp2,0.625,11,7,TCCTAAGAGACACACTAATA,4,1795349
hdeAp2,12.875,109,7,TCCCAATCTCCCACGAGTGA,102,1799862
hdeAp2,0.25,8,7,TCCACACACCTTGGCGAAGT,1,1809089
hdeAp2,0.625,11,7,TCATTACGTTCAGCAGTCGG,4,1816927
hdeAp2,3.5,34,7,TCACTGGGGTATCTGGGCAA,27,1773927
hdeAp2,6.875,61,7,TCAATCAAGTCTTGATATGC,54,1821315
hdeAp2,10.125,87,7,TCAAATATTACTTAGGCTCT,80,1819543
hdeAp2,9.5,82,7,TAGCAATTCGTCAACGGTTA,75,1795896
hdeAp2,0.25,8,7,TACGCATGGAAAGAGTAGGG,1,1797054
hdeAp2,0.375,9,7,TACATATGTGTGGGTTGAAC,2,1788767
hdeAp2,9.25,80,7,TAATTCATGCACGTTTTGAA,73,1813404
hdeAp2,9.625,83,7,TAACCCTCTTTCTTCTGTCT,76,1818809
hdeAp2,0.25,8,7,TAAAATATTTCAAATTGTAT,1,1795088
hdeAp2,7.125,63,7,GTTTGGTTTAGGCACATCGA,56,1824789
hdeAp2,10.25,88,7,GTTGGCCTTGAACTTCATCT,81,1802963
hdeAp2,15.0,126,7,GTTAGCTAAGTACTGACCAC,119,1800321
hdeAp2,12.875,109,7,GTTACTATAGTTTCAACGAC,102,1795057
hdeAp2,10.875,93,7,GTGTTATCTAACGCATGTTG,86,1812377
hdeAp2,6.75,60,7,GTCGCGTTATCAAGGATAAT,53,1791683
hdeAp2,7.125,63,7,GTAGATGGGCGACCCCTCGA,56,1811092
hdeAp2,6.375,57,7,GTAAGGAGCTTGTAAAGCCA,50,1783390
hdeAp2,0.25,8,7,GGTCGGCCACGGTAGATTGC,1,1809158
hdeAp2,1.875,21,7,GGTAGGCCCTTACCGTGTGA,14,1816924
hdeAp2,0.25,8,7,GGTACGTAGTATGAAACACA,1,1775144
hdeAp2,14.0,118,7,GGTACCCATTTCGATGCTCA,111,1807298
hdeAp2,0.25,8,7,GGGTTGGGTCACTAAGTCTT,1,1822244
hdeAp2,0.25,8,7,GGGTTCAATAATACATAGAT,1,1802787
hdeAp2,3.75,36,7,GGGGCCACGCCGCTGTTTGA,29,1776663
hdeAp2,0.25,8,7,GGGCTTGTATCGTTCTACCT,1,1798740
hdeAp2,0.25,8,7,GGGCATTCCGCCACCTGCAG,1,1816010
hdeAp2,12.375,105,7,GGGCACAATGAAGCACTATC,98,1792126
hdeAp2,7.125,63,7,GGCGGGCCATGAAGCCTCAA,56,1788726
hdeAp2,0.25,8,7,GGCCAGATTTAGGTTAGTGC,1,1790686
hdeAp2,0.25,8,7,GCTGAACGGCTAAACAGGGA,1,1794852
hdeAp2,9.75,84,7,GCGTGGTAAAGCAAATCGCA,77,1788774
hdeAp2,13.25,112,7,GCGCAGCCAGTTGTTCGAAC,105,1771775
hdeAp2,0.25,8,7,GCCTGCAACGCAGCCTCACA,1,1782688
hdeAp2,13.875,117,7,GCCCTAGGTCAGTCTTAAGG,110,1811078
hdeAp2,6.875,61,7,GCCATGTGCAAATTACGAGG,54,1790869
hdeAp2,9.625,83,7,GCAGTCAACTTTCTCATAGA,76,1771033
hdeAp2,0.25,8,7,GCACGGGACCTGCACATGTT,1,1779514
hdeAp2,12.125,103,7,GCAAGCCCGTCCTCTACCAA,96,1779219
hdeAp2,3.75,36,7,GAGTACGCCTCTATTGACCC,29,1814414
hdeAp2,0.25,8,7,GAGGTGGAGACATCAGAGTA,1,1771321
hdeAp2,8.625,75,7,GAGCCCTACCGGAATGTTTA,68,1782982
hdeAp2,36.5,298,7,GAGAATAGCAACATGAGGGA,291,1808453
hdeAp2,9.25,80,7,GACCTTTCGATTTCGTTACA,73,1823301
hdeAp2,0.25,8,7,GACCAAGAACGCATGCGAGT,1,1779422
hdeAp2,0.375,9,7,GAATTCCTGGTTCCCTTGAG,2,1817959
hdeAp2,0.25,8,7,CTTTTTAAGTAAATGGTGTT,1,1784276
hdeAp2,5.625,51,7,CTTCGTTAGGCCCCAGGTTT,44,1811930
hdeAp2,1.125,15,7,CTTCCGTCGAAGTTCATAGT,8,1800711
hdeAp2,2.875,29,7,CTGTTTCGAGCCTCGCGTAA,22,1798911
hdeAp2,3.125,31,7,CTGCATAGACGTTAATCTGA,24,1779883
hdeAp2,0.625,11,7,CTCCTTAAACCCTATGAGCT,4,1782977
hdeAp2,0.25,8,7,CTCCTGCTTGACCCAGCGGG,1,1801976
hdeAp2,0.25,8,7,CTCCTAGAGTAAGTAGGTAG,1,1800512
hdeAp2,0.25,8,7,CTCCATGTACCGGTCTACCA,1,1800857
hdeAp2,11.25,96,7,CTATCGTTTATGGCGTCACC,89,1800211
hdeAp2,14.875,125,7,CTACTATCGTATCCAAATAT,118,1777882
hdeAp2,10.375,89,7,CTAACGGGTGGGTAACGGGA,82,1814475
hdeAp2,3.25,32,7,CGTCCGATGCCCTACAGATT,25,1821150
hdeAp2,1.625,19,7,CGGGACAAGCGCAGAGCAAT,12,1808759
hdeAp2,5.125,47,7,CGACGGCACTATTCCATGCT,40,1809967
hdeAp2,16.0,134,7,CGAACGTCATCAAAGAAAAC,127,1816743
hdeAp2,0.25,8,7,CCTTATGTAAAGACTAGTGC,1,1816846
hdeAp2,4.0,38,7,CCTCTCGAGTCTACGGCTAC,31,1826514
hdeAp2,9.375,81,7,CCTCGCACTTGGGGATGACC,74,1789000
hdeAp2,12.625,107,7,CCTATTAACGAATTAGTTTC,100,1808388
hdeAp2,14.625,123,7,CCTATCGAAGATACCCGCAA,116,1789693
hdeAp2,8.375,73,7,CCTAAAAAACCCAGTTCATC,66,1815668
hdeAp2,11.125,95,7,CCGATGTCGGACTGGGTCGC,88,1794939
hdeAp2,0.375,9,7,CCCTTTGTGGTGCCTTAGCT,2,1793337
hdeAp2,19.25,160,7,CCCTTAATAAGTCCCTGGGT,153,1801177
hdeAp2,20.0,166,7,CCCTCGGATGAGAAAAAAAG,159,1791250
hdeAp2,15.0,126,7,CCCTAAGGCTGCCTGCTCCC,119,1825443
hdeAp2,14.375,121,7,CCCCCGTCTCGAGCGCTCGG,114,1799260
hdeAp2,1.375,17,7,CCAGAGTTATACGAAAAAAG,10,1822835
hdeAp2,49.75,404,7,CAGTTGGTCGCTCACGGACA,397,1818212
hdeAp2,12.625,107,7,CAGCCCACAACATCTAAAGG,100,1817342
hdeAp2,0.25,8,7,CAGAGATCCGGGACTGAGCT,1,1824191
hdeAp2,0.25,8,7,CAGAAGGACTGAGGTTCGTA,1,1803126
hdeAp2,0.5,10,7,CAGAACAGGGTGCGCACGCC,3,1809178
hdeAp2,3.125,31,7,CACGTGCACCAGTCGGATAG,24,1777502
hdeAp2,58.75,476,7,CACACTAAGTGCTCCACGCT,469,1822933
hdeAp2,3.375,33,7,CAAGCGTCTCACTCGTCAAA,26,1801120
hdeAp2,0.25,8,7,CAACCCCTGCTCTGACAGTC,1,1781749
hdeAp2,0.25,8,7,ATTTTCGCTGTCATTAGGAT,1,1795853
hdeAp2,17.0,142,7,ATTGGCAGATAGTCGGGATA,135,1798573
hdeAp2,6.625,59,7,ATTGGACTGGGAGACTTCGA,52,1813293
hdeAp2,11.0,94,7,ATGGTGCCTTGAAATCAAAA,87,1821683
hdeAp2,15.25,128,7,ATGGAGTTGAACAATGAGTT,121,1776138
hdeAp2,13.5,114,7,ATGCGTGCACGATTTACGAT,107,1783142
hdeAp2,0.25,8,7,ATGACCAGTGAAGGTGTGAT,1,1813839
hdeAp2,0.25,8,7,ATCTTGGTAACGTATCAAAG,1,1796179
hdeAp2,11.0,94,7,ATACCGGATTAATCACGAAG,87,1802572
hdeAp2,0.25,8,7,AGTGGGCAAGGAGCGCGAGA,1,1796330
hdeAp2,0.25,8,7,AGTCTCGATTCGTGGTGAAC,1,1794230
hdeAp2,8.625,75,7,AGTCACTACCAACCTGTGAT,68,1803471
hdeAp2,2.75,28,7,AGCTTAGTCGTCTGTTGGTG,21,1810057
hdeAp2,14.625,123,7,AGCTCCTCCAGGTTCCTTAT,116,1776395
hdeAp2,2.875,29,7,AGCGTCCACACGAACCTCAA,22,1820035
hdeAp2,11.625,99,7,AGCGGTTGAGTCTATTTGGA,92,1785186
hdeAp2,0.25,8,7,AGCGAGAGCGGCCGGCCCTG,1,1790092
hdeAp2,0.375,9,7,AGACCGCAATTGACGATTCA,2,1784962
hdeAp2,5.875,53,7,AGACCAGATGTCGCATTAAG,46,1820900
hdeAp2,0.25,8,7,ACTTAAAAGCCATGCCAGAG,1,1777004
hdeAp2,0.25,8,7,ACTCGCGGTCCTTCGCATAC,1,1802925
hdeAp2,0.625,11,7,ACTAGCTACGCTACGCACCA,4,1781103
hdeAp2,12.75,108,7,ACTAATTGAGCCGCCATTAC,101,1779526
hdeAp2,4.125,39,7,ACGTAATCTGTTCCACCGGT,32,1819571
hdeAp2,12.0,102,7,ACGAGAAGCCCCTTGCCAAT,95,1821741
hdeAp2,0.25,8,7,ACCGAGGTTCAAAAGTAACT,1,1775705
hdeAp2,0.25,8,7,ACCATGACCGTCGGTAGACT,1,1776788
hdeAp2,0.25,8,7,ACAGAGCTCACTCGGAGGAC,1,1808454
hdeAp2,0.25,8,7,AATTCTGTTCTGCCCGAGGT,1,1816995
hdeAp2,0.25,8,7,AATCCCACCAACAGGTTTTT,1,1819249
hdeAp2,0.25,8,7,AATACAAAAGTTTATACCAA,1,1802630
hdeAp2,0.25,8,7,AAGCGCCTCTACGAAGTCGC,1,1780420
hdeAp2,0.25,8,7,AACGTTTAACCCCGCAGATA,1,1779007
hdeAp2,0.625,11,7,AACGTGTCGGGTGCACTGCG,4,1779095
hdeAp2,0.2857142857142857,7,6,TTGGCTGACTACCCTATGGC,1,1790547
hdeAp2,5.428571428571429,43,6,TTGCGCAGTTCAGCCACTTG,37,1784552
hdeAp2,0.2857142857142857,7,6,TTGCGATCAGCAGATCGTTG,1,1793246
hdeAp2,17.571428571428573,128,6,TTGCAAAAATGGATGTACGG,122,1791684
hdeAp2,11.142857142857142,83,6,TTCTTCGGCCCTGTATTGAC,77,1781165
hdeAp2,14.142857142857142,104,6,TTCGAATTAAGTCGAACGGC,98,1799429
hdeAp2,13.714285714285714,101,6,TTAAGGAACGTGGGATAGAC,95,1775335
hdeAp2,2.5714285714285716,23,6,TGTTTGGCACGCACGAACAT,17,1810913
hdeAp2,10.285714285714286,77,6,TGTTCTAAAGCATTACCGAT,71,1813120
hdeAp2,0.42857142857142855,8,6,TGGGCCTTCTAGTTGTAAAA,2,1815011
hdeAp2,23.714285714285715,171,6,TGGGAAACCATTTGTAAGTC,165,1772961
hdeAp2,7.857142857142857,60,6,TGGCTTCCGCTGGGTAATGA,54,1803758
hdeAp2,0.2857142857142857,7,6,TGCTCGACTTGGGGTACACC,1,1780332
hdeAp2,5.285714285714286,42,6,TGCTCACGTTTGGCATTGCT,36,1795694
hdeAp2,17.571428571428573,128,6,TGCGGTACTCTCTCGGACCT,122,1817350
hdeAp2,0.5714285714285714,9,6,TGCCCCGCCTGGTGCGGGCT,3,1788578
hdeAp2,0.2857142857142857,7,6,TGCCAGTGCCTACGTGTCTA,1,1786954
hdeAp2,16.571428571428573,121,6,TGATCACATAGTTATCCGAG,115,1806386
hdeAp2,0.2857142857142857,7,6,TGATAATCAATGGACTCCTG,1,1801474
hdeAp2,13.0,96,6,TGAGAAGCCAGTGGCCCAGA,90,1800516
hdeAp2,0.2857142857142857,7,6,TGAAGCACGGACGGCTATAT,1,1798666
hdeAp2,35.57142857142857,254,6,TCTGACACTCGTACATCGAA,248,1788335
hdeAp2,9.0,68,6,TCTCTAAGCTTTGCTTCCCG,62,1790827
hdeAp2,0.7142857142857143,10,6,TCGCAGGCTGTTGCCCATCA,4,1813946
hdeAp2,0.42857142857142855,8,6,TCGAGCCCGTGACCTGTGAA,2,1827488
hdeAp2,5.857142857142857,46,6,TCCTGAGTAACTGGGTGAAC,40,1823231
hdeAp2,4.857142857142857,39,6,TCCGGCCTGACACTCTCCCT,33,1788024
hdeAp2,0.2857142857142857,7,6,TCCGAAGCGCCATAATTGAC,1,1806361
hdeAp2,3.142857142857143,27,6,TCATAGATGTATTATTCTAC,21,1782131
hdeAp2,0.2857142857142857,7,6,TCAGATTGAGTGATATGGTG,1,1782785
hdeAp2,3.7142857142857144,31,6,TCAATTCAGATGGTAATGAG,25,1802650
hdeAp2,0.2857142857142857,7,6,TCAACAGGTAGGAAGCGTAC,1,1787019
hdeAp2,15.571428571428571,114,6,TATTCTTCACCAGGAGGCAT,108,1771287
hdeAp2,6.714285714285714,52,6,TAGCGCCATGCCAGGCACCA,46,1772748
hdeAp2,12.285714285714286,91,6,TACGGTCACAGGTTTCCGGG,85,1827334
hdeAp2,13.571428571428571,100,6,TACCAGAAATATGCGCCAAG,94,1776722
hdeAp2,12.428571428571429,92,6,TAATCTCCTCGCATCCATCG,86,1782233
hdeAp2,10.571428571428571,79,6,TAAGTTGCTCCTTTCCTCTC,73,1803228
hdeAp2,0.42857142857142855,8,6,TAAGACGCGTTTTCTTATCT,2,1824877
hdeAp2,1.5714285714285714,16,6,GTTTTCTGGGTCTTTCAGTC,10,1825709
hdeAp2,7.142857142857143,55,6,GTGCATTTGGCTCATTCAAA,49,1793254
hdeAp2,3.142857142857143,27,6,GTCCGGATGTCGTTGGCGAT,21,1810128
hdeAp2,6.714285714285714,52,6,GTCATATTGCGTTAGTGTTC,46,1777156
hdeAp2,15.428571428571429,113,6,GTACGCATTCCCGACGTCAT,107,1771577
hdeAp2,18.142857142857142,132,6,GTACCCTGGAGCGGAAGACA,126,1777971
hdeAp2,13.0,96,6,GGTCTTGGGACTGGAATATA,90,1824683
hdeAp2,24.714285714285715,178,6,GGGTGAAGTCTGCCACTATG,172,1790302
hdeAp2,15.428571428571429,113,6,GGGTCGGGCCACGCCAACAT,107,1827729
hdeAp2,24.857142857142858,179,6,GGGGGCACCTTAGACTCAAT,173,1819419
hdeAp2,0.2857142857142857,7,6,GGCATGAAAATCCTGTACAC,1,1788455
hdeAp2,0.2857142857142857,7,6,GGATTAATGGGTGTTAGTGA,1,1828136
hdeAp2,0.2857142857142857,7,6,GGAGTTGGTCCTCTATAAGG,1,1775613
hdeAp2,9.714285714285714,73,6,GCTTTAGTCGTCGTAAAACA,67,1788023
hdeAp2,10.571428571428571,79,6,GCTCTTGGTGATACTGATGT,73,1779606
hdeAp2,0.2857142857142857,7,6,GCTCGGGCCTCTTGGCGTAC,1,1819007
hdeAp2,0.2857142857142857,7,6,GCTATGCGCTTCTAAAGCTC,1,1814095
hdeAp2,26.571428571428573,191,6,GCGGGAACGACATCCAACTC,185,1772110
hdeAp2,16.428571428571427,120,6,GCCGTGTCCGCGCAGCGCCA,114,1816553
hdeAp2,15.428571428571429,113,6,GCCAAAACGCAATGCATGGA,107,1828579
hdeAp2,0.2857142857142857,7,6,GCAAGCCCCCCCTCCTACAA,1,1786656
hdeAp2,10.0,75,6,GATAGATGAGGGTAGAACGG,69,1778895
hdeAp2,0.42857142857142855,8,6,GATAAGGAGTGCTACTGGGT,2,1791349
hdeAp2,0.42857142857142855,8,6,GAGTGGGTATTATTTGACTT,2,1790823
hdeAp2,3.2857142857142856,28,6,GAGTAGTTACCCAAGGCACG,22,1821312
hdeAp2,7.571428571428571,58,6,GAGGCGAGGACCTGGTCAGT,52,1817905
hdeAp2,0.2857142857142857,7,6,GAGCAGAAGGAAACAGTCTA,1,1773416
hdeAp2,4.285714285714286,35,6,GAGATGGCGTATGGGGTCAC,29,1819828
hdeAp2,11.857142857142858,88,6,GAGACTCCGTTAGACCGATG,82,1811383
hdeAp2,6.142857142857143,48,6,GACTTACTTCAAACCGTATG,42,1812528
hdeAp2,15.571428571428571,114,6,GACGGTGAATAAGTGCAGGA,108,1804182
hdeAp2,0.2857142857142857,7,6,GACCGCGAACCACGGAAGTC,1,1790532
hdeAp2,9.714285714285714,73,6,GAATACTGGGGCATACTACC,67,1778662
hdeAp2,10.571428571428571,79,6,CTTTGAGAAGTGAACTCGCT,73,1821706
hdeAp2,0.2857142857142857,7,6,CTTGCTGTCCTGAGCTCTAC,1,1785119
hdeAp2,0.2857142857142857,7,6,CTTCGCCCTGCAGATATGCG,1,1820770
hdeAp2,0.42857142857142855,8,6,CTCGATCGGAAGTCCAAAAA,2,1784837
hdeAp2,14.0,103,6,CTCCGACAACCCGGGGGTAT,97,1823061
hdeAp2,0.2857142857142857,7,6,CTCATTGCAAATCGCAACCC,1,1778859
hdeAp2,16.142857142857142,118,6,CTCAGATAACCGGAAACGGA,112,1806732
hdeAp2,0.2857142857142857,7,6,CTCAATCTGGCAAGGCATGT,1,1801871
hdeAp2,0.2857142857142857,7,6,CTATCGACAACACACTCACT,1,1820202
hdeAp2,10.714285714285714,80,6,CTAGTAGTGGAGGATCAGGT,74,1794900
hdeAp2,0.7142857142857143,10,6,CGTTCGAACAGAGATTAGGG,4,1794475
hdeAp2,14.428571428571429,106,6,CGGTTTCAAGGTGGGGCCTG,100,1776706
hdeAp2,32.857142857142854,235,6,CGGGCTTGGAAGCGATACGG,229,1807563
hdeAp2,17.0,124,6,CGGCTAAGCTTGCCCTGGAC,118,1810231
hdeAp2,1.8571428571428572,18,6,CGCGGGACCCACGCGAGCAA,12,1780418
hdeAp2,4.428571428571429,36,6,CGCCCAAATATGGAAACGCG,30,1784556
hdeAp2,14.0,103,6,CGCAAGCGAATCATCTTGCC,97,1796574
hdeAp2,2.0,19,6,CGCAACCGGTGGGTTCCTAT,13,1795897
hdeAp2,6.571428571428571,51,6,CCTTTTAGGTTTAAGAAGGT,45,1826271
hdeAp2,12.714285714285714,94,6,CCGTGTGGGGGAGAAGTAAT,88,1815436
hdeAp2,15.0,110,6,CCGTAGTTGCGTGGTGTGTT,104,1810157
hdeAp2,0.2857142857142857,7,6,CCGCAATAGGGAATAGCGTA,1,1775912
hdeAp2,0.42857142857142855,8,6,CCCGTACACGCTGTTCAGGA,2,1815879
hdeAp2,11.142857142857142,83,6,CCCCGCGTTCCGGCAGACAC,77,1818601
hdeAp2,0.2857142857142857,7,6,CCCAGTTAGTGAGTAGGCTT,1,1788311
hdeAp2,8.571428571428571,65,6,CCATCTGGTCTTTAACGCCA,59,1796045
hdeAp2,0.2857142857142857,7,6,CCATATAAAGACGTCATTGG,1,1777490
hdeAp2,0.2857142857142857,7,6,CCAGAAGGTGCGAAACTCCT,1,1796274
hdeAp2,5.285714285714286,42,6,CCAACTTTTTGCTGGCACAA,36,1801957
hdeAp2,0.2857142857142857,7,6,CATTTCACTGGGAGGTTCTG,1,1773909
hdeAp2,0.2857142857142857,7,6,CAGTTGGGGTATCTGCCAGT,1,1787337
hdeAp2,0.2857142857142857,7,6,CAGTTAGAGTGTGGCTACTC,1,1800664
hdeAp2,14.142857142857142,104,6,CAGCTTCCGCATTTTGGTCA,98,1815774
hdeAp2,15.0,110,6,CAGATCATTAGTTTCAGAGG,104,1791870
hdeAp2,1.0,12,6,CACTGTTGTTCGGACAAGTG,6,1809076
hdeAp2,8.857142857142858,67,6,CACTGTTAGTTCGTACCACT,61,1794164
hdeAp2,7.285714285714286,56,6,CACGCGCATCCCCGGCGAAG,50,1777835
hdeAp2,5.571428571428571,44,6,CACCGGGGCGGTCGGACTAA,38,1805046
hdeAp2,14.142857142857142,104,6,CACATGGCGGGAGAGGATGG,98,1791179
hdeAp2,0.42857142857142855,8,6,CACACCGTCGCGTAGTTATT,2,1784783
hdeAp2,7.285714285714286,56,6,CAATTTCTACAGATCAGTCT,50,1798688
hdeAp2,51.42857142857143,365,6,CAATCGTAGCAGTGAGCGAG,359,1772294
hdeAp2,0.2857142857142857,7,6,CAACGTCGCTTGGTGTAAAA,1,1800317
hdeAp2,0.2857142857142857,7,6,ATTGATGAGTAGCAGCACGG,1,1813236
hdeAp2,11.428571428571429,85,6,ATCGGGTAAGGTTGCGCTCC,79,1780608
hdeAp2,0.2857142857142857,7,6,ATCATTGGCGGCGGACTTCG,1,1792919
hdeAp2,0.2857142857142857,7,6,ATACAGGCATCCGGTTTTCG,1,1807173
hdeAp2,0.2857142857142857,7,6,ATAAGAGATACATTTACTGA,1,1799833
hdeAp2,2.0,19,6,ATAACGAGGATTGATGCCGT,13,1780098
hdeAp2,26.0,187,6,AGTTTTGAAGGAAGTCCTGA,181,1800717
hdeAp2,2.0,19,6,AGTATGACGATCTCAACCCC,13,1793543
hdeAp2,0.2857142857142857,7,6,AGGGAAGCGTTTGTATTGGA,1,1779881
hdeAp2,15.142857142857142,111,6,AGCTTATAATCTAGCTTTTC,105,1799687
hdeAp2,5.428571428571429,43,6,AGCTCTGTTCCGCAGGAATA,37,1779909
hdeAp2,0.2857142857142857,7,6,ACTGACCAGCCAGCTTAGTC,1,1770982
hdeAp2,0.2857142857142857,7,6,ACGTGATTGACTGTTCACCA,1,1818309
hdeAp2,0.2857142857142857,7,6,ACGAATGGAAGCCCATACCA,1,1820031
hdeAp2,0.2857142857142857,7,6,ACCTCCAAAGTTAGGTAGAC,1,1809549
hdeAp2,5.857142857142857,46,6,ACCGTGTCCGATTCCCGCGC,40,1787524
hdeAp2,0.2857142857142857,7,6,ACCCGAGTAGTCTTTCCCGG,1,1797777
hdeAp2,21.571428571428573,156,6,ACACTAAATGTAGGTATTCA,150,1791682
hdeAp2,15.285714285714286,112,6,AATTCGAAAGGTAAACCGCT,106,1808811
hdeAp2,15.428571428571429,113,6,AATCACTCCACCTTATTTGC,107,1797771
hdeAp2,6.0,47,6,AATCACACCTGTGCGATTGT,41,1788461
hdeAp2,9.142857142857142,69,6,AATAACCCTTGCCCTTAAAA,63,1793356
hdeAp2,10.285714285714286,77,6,AAGTGGAAACCATTAGGTAA,71,1793071
hdeAp2,13.571428571428571,100,6,AACTGTGGCTCTGTACTCCT,94,1774000
hdeAp2,0.2857142857142857,7,6,AACTCGCTGGGAGCTTGTTC,1,1777682
hdeAp2,0.3333333333333333,6,5,TTTTTTCGAATATCTTCCAT,1,1795918
hdeAp2,4.666666666666667,32,5,TTTTGACCCGGCATCGATGT,27,1800531
hdeAp2,7.333333333333333,48,5,TTCACTGGACTATACGGCGT,43,1771157
hdeAp2,13.0,82,5,TGTTCAAGCGTATAGCACCT,77,1792260
hdeAp2,14.166666666666666,89,5,TGTACACCCTTTTAGATATG,84,1811502
hdeAp2,0.3333333333333333,6,5,TGGTGATCGAGCACGGGCGC,1,1792451
hdeAp2,17.666666666666668,110,5,TGGTACATATCTCCGAAGGT,105,1797871
hdeAp2,13.333333333333334,84,5,TGGGTAGAGGAAGACTGAGA,79,1772974
hdeAp2,36.833333333333336,225,5,TGCTTTGGAATATTCGTTCT,220,1777326
hdeAp2,8.666666666666666,56,5,TGCTATCGACAGCAAGTTGG,51,1774187
hdeAp2,12.5,79,5,TGCTACGGTGCCGGGAAGAT,74,1792901
hdeAp2,1.8333333333333333,15,5,TGCCGATAGGGGTAACATCT,10,1798032
hdeAp2,0.5,7,5,TGAGAGGGTTGTCTGCGCGG,2,1794783
hdeAp2,5.0,34,5,TCTTCATCGTGCCCAACCAA,29,1826181
hdeAp2,4.166666666666667,29,5,TCTGCCAAGCTACTCGCCTG,24,1813354
hdeAp2,18.0,112,5,TCGTCAGGAGGACAAACCTT,107,1806438
hdeAp2,9.666666666666666,62,5,TCGTAACATGTGGTTTGCAA,57,1780502
hdeAp2,0.3333333333333333,6,5,TCGCCGCATGCAAACGCGAC,1,1805091
hdeAp2,10.5,67,5,TCCCTCGATGTACGGGCGAT,62,1816905
hdeAp2,0.3333333333333333,6,5,TCACTAACGTTCCTACCTAC,1,1817242
hdeAp2,13.666666666666666,86,5,TATGCTTAATTTGCAATACA,81,1799077
hdeAp2,0.3333333333333333,6,5,TAATATGTTTATTGCACAGT,1,1776317
hdeAp2,0.8333333333333334,9,5,GTTGCTCTCGGTTGCGGTGA,4,1828835
hdeAp2,13.333333333333334,84,5,GTTAACTCAAGGAAGTTTCT,79,1823888
hdeAp2,32.833333333333336,201,5,GTGTGTCAGTAATCGCATAA,196,1790305
hdeAp2,14.0,88,5,GTGTGCGGCGTAGGCGCGAA,83,1822108
hdeAp2,0.3333333333333333,6,5,GTGTCTAGTACCTGATGATC,1,1784641
hdeAp2,0.3333333333333333,6,5,GTGGCCTGCACTCGAGGTCA,1,1795758
hdeAp2,0.3333333333333333,6,5,GTGATCTGTTTCGACATTAA,1,1801904
hdeAp2,11.166666666666666,71,5,GTGACATCACGTTTGCGGGC,66,1782545
hdeAp2,0.3333333333333333,6,5,GTCTTGGTACTTCTTGATAT,1,1784796
hdeAp2,2.1666666666666665,17,5,GTCGTTTACATGATACCATG,12,1793324
hdeAp2,5.833333333333333,39,5,GTCGGTGGAAGCTGCCCAGT,34,1806764
hdeAp2,35.166666666666664,215,5,GTAGCCCAACTGCGATTCGT,210,1782749
hdeAp2,4.5,31,5,GTAGAACACGTGCTGAACGG,26,1788248
hdeAp2,14.5,91,5,GTACCGCCAGCTTAGGGTAG,86,1811191
hdeAp2,12.333333333333334,78,5,GTAAGCTCGAGTTGTGTCTC,73,1813281
hdeAp2,9.5,61,5,GGTTACCAGAATGGTTAATA,56,1826991
hdeAp2,0.3333333333333333,6,5,GGTCCGTACGTTATCGAAAG,1,1777939
hdeAp2,45.666666666666664,278,5,GGTAGCTGTTCGCCCAGATC,273,1788769
hdeAp2,41.0,250,5,GGCTCACGCGGCTCAGTCAA,245,1819671
hdeAp2,54.166666666666664,329,5,GGCCTGCGGGTGTTATATCT,324,1779103
hdeAp2,13.833333333333334,87,5,GGCATCACCAGCTCACCGTA,82,1778227
hdeAp2,0.3333333333333333,6,5,GGATGCTGAGGTGGTCTGCT,1,1813840
hdeAp2,10.0,64,5,GGATCTGCGACAAGCTAATA,59,1799540
hdeAp2,0.3333333333333333,6,5,GGAAATGACCGTAGCAGACC,1,1804157
hdeAp2,12.666666666666666,80,5,GCTTTCTGTCTTGCTATTCG,75,1818934
hdeAp2,5.5,37,5,GCTTGGAGGCTCACAGGCAA,32,1772977
hdeAp2,16.833333333333332,105,5,GCTTGGAATCAGGCTGTGCA,100,1780647
hdeAp2,0.3333333333333333,6,5,GCTGTGCATAGGCATAAGAA,1,1779436
hdeAp2,0.3333333333333333,6,5,GCTGCTTATAGGGTCACCAC,1,1820006
hdeAp2,0.3333333333333333,6,5,GCTCACCACATATCGGCCAC,1,1800418
hdeAp2,7.833333333333333,51,5,GCTATTCGCGTATGCTGGAA,46,1788378
hdeAp2,10.333333333333334,66,5,GCGAGCTCGGGGAGACGCAA,61,1826556
hdeAp2,2.8333333333333335,21,5,GCCGGCGAATGGCAACACTT,16,1787838
hdeAp2,4.0,28,5,GCCCCCAGTCTTGCATGGCA,23,1807216
hdeAp2,14.0,88,5,GCAAACGCAGCACATAAGCG,83,1791547
hdeAp2,13.666666666666666,86,5,GATGTCCCCGCTGGTAGTAA,81,1795046
hdeAp2,14.166666666666666,89,5,GAGTCGGAAGTTATCATGGA,84,1812345
hdeAp2,17.5,109,5,GAGTAGGTAGTTAGGGATAT,104,1822932
hdeAp2,3.5,25,5,GAGCTTCATGTGAGTCATCA,20,1826754
hdeAp2,10.666666666666666,68,5,GAGCAGTCTTATTGAGTTTC,63,1807845
hdeAp2,0.3333333333333333,6,5,GACTTTTGAGACCGTTCCGT,1,1782807
hdeAp2,5.166666666666667,35,5,GACTCTAAGATAAATCTCTC,30,1801020
hdeAp2,4.833333333333333,33,5,GACCAGAATGAAGTCCTTTT,28,1817811
hdeAp2,23.333333333333332,144,5,GACACTTTGGCATCCGCAAT,139,1790548
hdeAp2,5.166666666666667,35,5,GAATCGTCGCTCCCAATCCT,30,1825542
hdeAp2,9.333333333333334,60,5,GAACTAAGTGGTACTTCCTT,55,1775039
hdeAp2,3.6666666666666665,26,5,GAACCTCCCCTTCGGTCATA,21,1809856
hdeAp2,3.8333333333333335,27,5,CTTTTTAGATTAGGACCCCC,22,1790741
hdeAp2,0.3333333333333333,6,5,CTTTCTCCAAACGGTTCACG,1,1785465
hdeAp2,14.333333333333334,90,5,CTTGGCCACCTCAATAGCCC,85,1803187
hdeAp2,9.666666666666666,62,5,CTTATTTTAGAGTGGGATAT,57,1779577
hdeAp2,13.666666666666666,86,5,CTTAGCTGATCCAGTTTCAC,81,1799374
hdeAp2,0.3333333333333333,6,5,CTTACGCTTTCGGGAGACTG,1,1780648
hdeAp2,0.3333333333333333,6,5,CTGGTCGCGCTTCGGCTTAC,1,1784742
hdeAp2,13.666666666666666,86,5,CTGGTACCGGTCCGGAAGGG,81,1795118
hdeAp2,17.666666666666668,110,5,CTGGCGTCCGCCCGCCAGCC,105,1773540
hdeAp2,18.0,112,5,CTCGAATAGCTAGCTCCGCT,107,1806945
hdeAp2,8.833333333333334,57,5,CTCATGCGACGAGGGCGCGC,52,1811663
hdeAp2,13.833333333333334,87,5,CTAGTGTGTTGTGTCAACAG,82,1787915
hdeAp2,0.6666666666666666,8,5,CTAGTAACCATCCCGCATAC,3,1827377
hdeAp2,15.333333333333334,96,5,CGGGTGATAGTTTGGCCAGG,91,1820191
hdeAp2,13.166666666666666,83,5,CGGGAGATCGCGACGTCTTA,78,1793926
hdeAp2,18.666666666666668,116,5,CGGCAGAAGGTGTGCCATCA,111,1782553
hdeAp2,14.5,91,5,CGGAGTGATCCACGAAAGAC,86,1796015
hdeAp2,0.3333333333333333,6,5,CGCTAACTTATGAAAATGGG,1,1785566
hdeAp2,13.333333333333334,84,5,CGATTCTATGAGATCAGGCT,79,1819694
hdeAp2,0.3333333333333333,6,5,CGACATTGCGGTTATGAATC,1,1825264
hdeAp2,3.5,25,5,CGAAAGGGGTCCACAATCAT,20,1805719
hdeAp2,19.5,121,5,CCTGTGACAACCCTTGGGCG,116,1825778
hdeAp2,0.5,7,5,CCGTGGTAGGTCAGTTGCTC,2,1826742
hdeAp2,21.166666666666668,131,5,CCGCTCTGCAGGCCCTCACC,126,1822233
hdeAp2,23.833333333333332,147,5,CCGATATAGACGCAGCATTA,142,1799703
hdeAp2,11.166666666666666,71,5,CCGAGTTTTTCCTCCGGGCT,66,1806399
hdeAp2,0.5,7,5,CCCGTGTAGCACGGACCGTC,2,1807039
hdeAp2,7.833333333333333,51,5,CCCAATGCCGGGGCACAAAT,46,1805458
hdeAp2,10.0,64,5,CCCAACGGTAGTAGGCGCAT,59,1815143
hdeAp2,46.5,283,5,CCAGGCAGAATCTCCCGAGT,278,1823112
hdeAp2,10.333333333333334,66,5,CATGGATGGGCATACTCTAG,61,1828316
hdeAp2,0.3333333333333333,6,5,CATGAGGCGTACGCAAAGAG,1,1785603
hdeAp2,42.5,259,5,CATATGCTTTCCGGCCAGGG,254,1772593
hdeAp2,0.3333333333333333,6,5,CAGCTGCATAGCAGCACTTT,1,1812975
hdeAp2,0.5,7,5,CAAGCTGGGGAACCTACCTG,2,1799000
hdeAp2,21.0,130,5,CAAATAATGAGGATAGGGCT,125,1801188
hdeAp2,0.3333333333333333,6,5,CAAACAGAGCACATATCGCA,1,1771868
hdeAp2,0.3333333333333333,6,5,ATTCAGATTGGTCACATCTA,1,1824168
hdeAp2,19.333333333333332,120,5,ATTAGTTTTGGCCTGAGATA,115,1817795
hdeAp2,0.8333333333333334,9,5,ATCTTAATTGAGACGTAACA,4,1818001
hdeAp2,7.333333333333333,48,5,ATCCATAGGATTACAAAGGT,43,1793927
hdeAp2,1.3333333333333333,12,5,ATCAGGGATTCGGCTCACGG,7,1804079
hdeAp2,0.3333333333333333,6,5,ATATTCCACAATGAGGGCCG,1,1805173
hdeAp2,0.3333333333333333,6,5,AGGTGGGTGTTAATTCCAGA,1,1787935
hdeAp2,0.3333333333333333,6,5,AGGTCGGAGTTTGTACGCAT,1,1816530
hdeAp2,5.5,37,5,AGGTCAGGGCTTGGCCGGTG,32,1799421
hdeAp2,0.3333333333333333,6,5,AGGCGGACACCTTAGCGGCC,1,1776008
hdeAp2,13.5,85,5,AGGAGATGACTGAGCATCTT,80,1814284
hdeAp2,16.833333333333332,105,5,AGCAGTGCTAACGGGGAAAA,100,1778095
hdeAp2,6.0,40,5,AGAGTCCTGCACATCGTGAT,35,1823343
hdeAp2,1.0,10,5,AGAATCTCAATCTCGACTGT,5,1825256
hdeAp2,0.3333333333333333,6,5,AGAAGTCGCGCCCCTTGAAG,1,1791447
hdeAp2,24.166666666666668,149,5,ACTCATGTTACAGCCAGTTG,144,1771664
hdeAp2,17.333333333333332,108,5,ACTATGTTTCTTGAGCTCCT,103,1792859
hdeAp2,0.3333333333333333,6,5,ACGGGAAGAGTGATCGGGCG,1,1781514
hdeAp2,15.833333333333334,99,5,ACGCCGACAAAGCGTCTCCT,94,1781918
hdeAp2,0.5,7,5,ACCTCCACTGTACGATAAAT,2,1822386
hdeAp2,1.1666666666666667,11,5,ACCAGTGTGTCGCGTCCCAT,6,1816490
hdeAp2,0.3333333333333333,6,5,ACCAAGGCGTTTTCTCTCAC,1,1790779
hdeAp2,9.166666666666666,59,5,ACAACTTGGGCACTTGGCAA,54,1823025
hdeAp2,12.833333333333334,81,5,AAGGGCAATACAGTTTCGTC,76,1788057
hdeAp2,29.166666666666668,179,5,AAAGCAAGATGTCCTATACA,174,1819684
hdeAp2,22.2,114,4,TTTCGCATGCTGGCGCACTA,110,1828464
hdeAp2,7.4,40,4,TTTCCACACAAGTTCGGTGA,36,1823074
hdeAp2,12.4,65,4,TTTATGTAAGCTGAGCACAC,61,1787828
hdeAp2,0.4,5,4,TTGGTTTGGGGCAATTCAGC,1,1790880
hdeAp2,5.4,30,4,TTGGGCACTTACAGAGGTGT,26,1794894
hdeAp2,18.4,95,4,TTGGAAGCGCTTAATTATTG,91,1777327
hdeAp2,13.0,68,4,TTGAGTCCAAATCGGTCTAA,64,1773580
hdeAp2,16.8,87,4,TTAGCCCAGTGAACCTCCAG,83,1799626
hdeAp2,0.6,6,4,TGGGGAAGGTTCTGATAGGT,2,1778765
hdeAp2,0.4,5,4,TGGCAGATTGCGCTCTAACC,1,1817906
hdeAp2,4.4,25,4,TGCCCGCTTTTATATCCCCT,21,1826602
hdeAp2,0.4,5,4,TCTAGGAGGGATATCGGGGG,1,1778548
hdeAp2,0.8,7,4,TCGTGATACATCGAGTAATG,3,1799193
hdeAp2,19.8,102,4,TCGGTTCCGGTGCTCCTCAA,98,1813019
hdeAp2,0.4,5,4,TCGGGCATATGCCGGCAGCC,1,1826944
hdeAp2,2.6,16,4,TCGATTATGTCGTTTTCATG,12,1789692
hdeAp2,18.0,93,4,TCGATCTCACATTCAGAGGG,89,1795109
hdeAp2,10.8,57,4,TCCCTGGAGTGGGATGGGTT,53,1801625
hdeAp2,14.6,76,4,TCATCTTTATTCTCACGGGT,72,1778810
hdeAp2,13.2,69,4,TCATACCTAATCATTGGGTA,65,1792108
hdeAp2,0.4,5,4,TCAGCAGCGAATACGATATA,1,1778449
hdeAp2,19.8,102,4,TCACAGAATGGATCTGATAT,98,1801315
hdeAp2,8.6,46,4,TATTGCGCAGTAGCTGGCAG,42,1817360
hdeAp2,14.4,75,4,TATGATTTCTCCTAGGGTAT,71,1813880
hdeAp2,7.4,40,4,TATCTGTGCTAATCACGCGC,36,1787875
hdeAp2,0.4,5,4,TAGGGCACGATCGGCTCGGA,1,1791227
hdeAp2,0.4,5,4,TAGCAACACTTATCTAGAGA,1,1820605
hdeAp2,2.0,13,4,TACATCTCGTTGAGGCCACA,9,1817554
hdeAp2,0.4,5,4,TAAGTTGGGGCATTGTTTAA,1,1816963
hdeAp2,18.4,95,4,TAACATTGAGCAGTGTGACT,91,1822939
hdeAp2,30.2,154,4,TAAAGCCGGTGGTTTGTGTT,150,1824506
hdeAp2,9.6,51,4,GTTTGGCATTGGCCACAATT,47,1805133
hdeAp2,17.8,92,4,GTGTTTTGCCCACATGTCTT,88,1827714
hdeAp2,0.4,5,4,GTGGGAAATTTATCTCTATC,1,1790121
hdeAp2,14.6,76,4,GTCCGCGGTAAGATAGCGAG,72,1794061
hdeAp2,9.4,50,4,GTATCTCCGTGTTTCAATTC,46,1775302
hdeAp2,15.4,80,4,GTATCTACGTGCGTCAACAG,76,1826252
hdeAp2,4.0,23,4,GTATACTTAGCTGCTACTGG,19,1790747
hdeAp2,20.8,107,4,GTAGCCCTCAGCTACGCCTT,103,1826759
hdeAp2,14.0,73,4,GTAAGGTCCGACGGAATTCA,69,1827958
hdeAp2,23.6,121,4,GGTTGTATCAGGGGGCGATT,117,1819204
hdeAp2,3.2,19,4,GGTTCTTCAACTATGAATTT,15,1822378
hdeAp2,6.2,34,4,GGTTAGGAAGACCAGGGAAT,30,1816525
hdeAp2,0.6,6,4,GGGGGACGAGCTGCTCGATA,2,1820784
hdeAp2,0.4,5,4,GGGATGTTCAACAGATCAGA,1,1776253
hdeAp2,19.8,102,4,GGGACCTGACTTCCTATTGT,98,1798964
hdeAp2,6.2,34,4,GGCTGTGCAAGACCATGGAG,30,1826412
hdeAp2,0.6,6,4,GGATGTACTTCTCCAAACAT,2,1782768
hdeAp2,9.4,50,4,GGAGTAAGGACCCGAAATCC,46,1812477
hdeAp2,19.2,99,4,GGAGCCCAATAACGGCAGAC,95,1774989
hdeAp2,0.4,5,4,GGAAATTTCAAATCCAGTTA,1,1819905
hdeAp2,6.6,36,4,GCTTGGAATAAGAACCGTTC,32,1783159
hdeAp2,15.2,79,4,GCTGCAAACCTCCCGGCGGT,75,1783253
hdeAp2,11.4,60,4,GCTGAGAAAGAGCACTTTAA,56,1790242
hdeAp2,5.4,30,4,GCTCACGCTATTGACGCATT,26,1796664
hdeAp2,18.2,94,4,GCTCACGATCTCACATCTTT,90,1826406
hdeAp2,0.4,5,4,GCGCACCCTGATCGAACCTT,1,1817135
hdeAp2,0.4,5,4,GCCTTGTTGCCCGCTTCAAA,1,1793021
hdeAp2,30.4,155,4,GCCAACGAGTTGGATGAAGC,151,1781921
hdeAp2,0.4,5,4,GCATATTTGAACGGATGTAC,1,1806966
hdeAp2,15.8,82,4,GCATAACGCCAAGCAAAGGA,78,1817134
hdeAp2,10.6,56,4,GCAGATCCTCTCTAATTGGA,52,1795350
hdeAp2,1.0,8,4,GCACTCGGCTCACCGTACGC,4,1822246
hdeAp2,27.6,141,4,GCACCGTTTGGCAATTCGGG,137,1818203
hdeAp2,22.8,117,4,GCAATTCTATGCTCACATGC,113,1774869
hdeAp2,4.8,27,4,GCAATGGCCCTCTACCGTCA,23,1777886
hdeAp2,0.4,5,4,GCAAATCGGTCCGTGTACGC,1,1779759
hdeAp2,1.4,10,4,GATTGTTTGACCGAGCGTCT,6,1823492
hdeAp2,14.6,76,4,GATTACTTGGTTAGGCCCGT,72,1773314
hdeAp2,0.4,5,4,GATGTAGGACTGCCAAGATT,1,1785416
hdeAp2,0.4,5,4,GATGGTAATTTCCCTATATA,1,1813106
hdeAp2,1.2,9,4,GAGGTTTAATGCCGCAAATG,5,1825036
hdeAp2,19.8,102,4,GAGGCTGAGCGGGAGGCTAA,98,1818365
hdeAp2,16.2,84,4,GAGCGGCCTCAAACGTAGTT,80,1815767
hdeAp2,0.4,5,4,GACTTTGTGCCACTGGTTAA,1,1825698
hdeAp2,0.4,5,4,GACAATAACCGATAGACGGC,1,1787083
hdeAp2,2.0,13,4,GAAGAGCGAAGAAACATGTT,9,1813238
hdeAp2,20.4,105,4,GAACAGACATATACGGCGTT,101,1823369
hdeAp2,9.4,50,4,CTTGAACGTAAACAGAGGCG,46,1784795
hdeAp2,3.6,21,4,CTTCCTTTGTCGCACTTATT,17,1803282
hdeAp2,0.4,5,4,CTTAATGTGGAAAATTTACA,1,1826409
hdeAp2,0.6,6,4,CTGTGGTGAATCCACGGTCC,2,1772812
hdeAp2,0.4,5,4,CTCTATTAGGGTCGCGGCAA,1,1786874
hdeAp2,0.4,5,4,CTCCGAGTCCCCTGTCGATT,1,1803571
hdeAp2,20.2,104,4,CTACGATATTATGGGACCAT,100,1799593
hdeAp2,1.8,12,4,CGTGTTGGGGTCCTGCTTCC,8,1797379
hdeAp2,23.8,122,4,CGTGAACTGTAACCTGCTTA,118,1785372
hdeAp2,12.0,63,4,CGGCCCTTCAGATCGGTTCG,59,1821316
hdeAp2,17.4,90,4,CGCTCCCATTTGAAACCGTT,86,1789743
hdeAp2,9.4,50,4,CGCCGTGCCCACGGCTGCGG,46,1810135
hdeAp2,7.4,40,4,CGATAACCGTCATTCACCGT,36,1821716
hdeAp2,19.2,99,4,CGAGTAAAGGTATAGGACCC,95,1794847
hdeAp2,24.0,123,4,CGAAAATGAGTCTGTTACGA,119,1782089
hdeAp2,21.8,112,4,CCGGGGTCCCTTTCACTTGG,108,1775314
hdeAp2,17.8,92,4,CCGGAACTAGACCTGGCCAG,88,1823682
hdeAp2,13.0,68,4,CCCTGCCGTCGTTATGCGAT,64,1774062
hdeAp2,17.4,90,4,CCCCGTTAGTGGCATTATGC,86,1785487
hdeAp2,0.4,5,4,CCCAGGATTTGTATCGTCGT,1,1802982
hdeAp2,8.0,43,4,CCATTGCGTGCTCGACACCC,39,1815422
hdeAp2,18.0,93,4,CCAGCACAAGTCCCCCCGTT,89,1809174
hdeAp2,11.6,61,4,CCAAACGATAGAGGACCTAA,57,1783682
hdeAp2,0.4,5,4,CATGGTTTCGGGTTCCGAGA,1,1810876
hdeAp2,11.4,60,4,CAGTTCCGCGATAGGGTGAG,56,1773740
hdeAp2,0.4,5,4,CAGCCAAGCGTCGATCCCGA,1,1809554
hdeAp2,21.0,108,4,CACTGTAATCAACTTGCCTT,104,1777340
hdeAp2,30.0,153,4,CACCATTCCGCTGAGGGGGA,149,1807967
hdeAp2,37.6,191,4,CACCACAGTCGCGAAAGTTC,187,1799495
hdeAp2,8.4,45,4,CACACTTGATTTAAACAATG,41,1794617
hdeAp2,10.4,55,4,CACAATCTCCGGGAACCTCA,51,1803852
hdeAp2,18.8,97,4,CACAAGCGGGTTTTGACCAG,93,1779338
hdeAp2,19.0,98,4,CAACTGTTCCTTTGATCGCA,94,1805629
hdeAp2,22.0,113,4,CAAAAGCGGTAGAGCTGGTG,109,1823129
hdeAp2,40.0,203,4,CAAAAAGACCCCGGGGGGAG,199,1783937
hdeAp2,0.4,5,4,ATTTGTAAAAGGTTCTACAA,1,1818151
hdeAp2,10.6,56,4,ATTGGGTGGACTCCTGCCAA,52,1778751
hdeAp2,0.4,5,4,ATTCATAACATATCAAGACC,1,1794416
hdeAp2,18.6,96,4,ATTACAACGTAAGTAGGGTC,92,1789367
hdeAp2,0.4,5,4,ATTAATACAATCGATAGACT,1,1787207
hdeAp2,21.4,110,4,ATGTGGATCTGAAGGCACAT,106,1814203
hdeAp2,12.0,63,4,ATCGTGCCAGGGGACAGGAT,59,1827548
hdeAp2,0.8,7,4,ATCGCGCTCGGTGGTTTTTA,3,1812391
hdeAp2,12.4,65,4,ATCCAAGTAAACTCTGGAAC,61,1824778
hdeAp2,10.2,54,4,ATATCTGGCGATCTCTCGAT,50,1773762
hdeAp2,11.2,59,4,ATAGCTTAGAAAGAGACGGG,55,1790716
hdeAp2,0.4,5,4,ATAGATTGGCTAGTTTTGGA,1,1773656
hdeAp2,0.4,5,4,ATACAGTATTTAGGAAGAGT,1,1823370
hdeAp2,0.6,6,4,AGTGCACAAATATATTGGAA,2,1792836
hdeAp2,18.4,95,4,AGGGAACAATCTACCTGTGA,91,1818211
hdeAp2,71.2,359,4,AGGCAGTCGGAGGGCATCAT,355,1824066
hdeAp2,0.4,5,4,AGCTTCTCATCATGTAATGT,1,1819719
hdeAp2,4.0,23,4,AGCTGGAAACAGCCTTGTAC,19,1771787
hdeAp2,17.0,88,4,AGCGAAGACGAGATCCTCAA,84,1796927
hdeAp2,0.4,5,4,AGCAACGTAAAAAAGAACCC,1,1788258
hdeAp2,9.6,51,4,AGAGGAGCGCAAACCGGCTT,47,1802411
hdeAp2,0.4,5,4,ACTGGCGCAGTCGCTAGTCT,1,1792139
hdeAp2,35.6,181,4,ACTGAAGTGAGGGTTCAGGC,177,1812342
hdeAp2,15.8,82,4,ACTATTGAAGTATCCGGGTG,78,1810131
hdeAp2,18.6,96,4,ACGGTTACTCAGTAGCGTGT,92,1775482
hdeAp2,10.8,57,4,ACGCCGGCTTATTACTTCGA,53,1817221
hdeAp2,42.0,213,4,ACGAGACCGACCCCCTGAAT,209,1799963
hdeAp2,12.2,64,4,ACGACTAGGCTTCGGGGGTG,60,1804732
hdeAp2,4.6,26,4,ACCTATTGGAAAAGGATATT,22,1784514
hdeAp2,0.4,5,4,ACCGTGGTGTCAGACAGTAG,1,1827497
hdeAp2,104.2,524,4,ACCGGGCAATAGCTGGATAG,520,1807562
hdeAp2,1.8,12,4,ACCGCGGAAACAGTATAACA,8,1787482
hdeAp2,9.4,50,4,ACCCTTTTGGAGGCGGTTCA,46,1821647
hdeAp2,0.6,6,4,ACCCCAGCGTATTCGAAAGA,2,1790721
hdeAp2,21.2,109,4,ACCCAGACGAGTAGCCATTG,105,1803384
hdeAp2,12.4,65,4,ACATCTCATACAAATTATAG,61,1822299
hdeAp2,14.6,76,4,ACATCGCGCGTGGCATTTGA,72,1824384
hdeAp2,12.4,65,4,ACAGGCCCTCTCTCATCTTT,61,1804131
hdeAp2,6.6,36,4,ACAGAAATATTTGTTCCTAG,32,1817488
hdeAp2,12.8,67,4,AATATTGGAGGCATTCTTCA,63,1800495
hdeAp2,17.8,92,4,AATAACGCTACCCACTTCTC,88,1804824
hdeAp2,36.0,183,4,AAGTGTCCAAGGCTTTCACT,179,1810985
hdeAp2,15.6,81,4,AAGGGATCACGGAAGTGTTA,77,1798031
hdeAp2,8.4,45,4,AAGGGACCAAGCATCGAGCC,41,1807577
hdeAp2,17.2,89,4,AAGGAAAATGCGCGCTGTTT,85,1776192
hdeAp2,9.8,52,4,AAGCACCTTTTAGGAGGTAC,48,1809197
hdeAp2,11.8,62,4,AACGCGGCCACTTTTTTCGT,58,1826765
hdeAp2,4.2,24,4,AACCCTCTCTACAGTAGCCG,20,1827236
hdeAp2,1.6,11,4,AACAGTCAGATTTTCCCTCT,7,1811806
hdeAp2,0.4,5,4,AAATTCCCAACGCTCGCCGG,1,1783876
hdeAp2,0.6,6,4,AAAGGTAAGTACTTTCGGAC,2,1825412
hdeAp2,0.4,5,4,AAAATTGTGTTTCCTCTTGA,1,1795186
hdeAp2,20.5,84,3,TTTGCAGCACCACATCTTTT,81,1815823
hdeAp2,4.75,21,3,TTTCTTTAAGATTCCCCCCC,18,1803211
hdeAp2,20.0,82,3,TTGAATAAAGTTCAACGTCT,79,1795818
hdeAp2,14.25,59,3,TTGAACACTTGTGCCGCAAA,56,1823411
hdeAp2,2.25,11,3,TTCTCATGTTAAACGCGATC,8,1792124
hdeAp2,35.5,144,3,TTCTAGCGTGATTGGGATCT,141,1824385
hdeAp2,27.25,111,3,TTCCGGACCTCAGTTTTCTC,108,1820032
hdeAp2,29.5,120,3,TTCAAGGTCCGAGCGTGGCC,117,1772808
hdeAp2,0.5,4,3,TTAACTGGTGCCCTGGAAGG,1,1822578
hdeAp2,33.25,135,3,TGTTGTCAGCGAGCGACACA,132,1773700
hdeAp2,11.25,47,3,TGGAATGGCTTAAGGCGTAT,44,1798447
hdeAp2,38.0,154,3,TGCGTCACCAACCGGGATCT,151,1819967
hdeAp2,14.0,58,3,TCTTAGAAGTTACCCACCCT,55,1771601
hdeAp2,18.25,75,3,TCTGTCCGGCTATGATTTTC,72,1816558
hdeAp2,68.5,276,3,TCTAGTTGGTCAAGGATTAC,273,1800517
hdeAp2,0.75,5,3,TCGTAACCGGGTTCGGTTAA,2,1824346
hdeAp2,0.5,4,3,TCGGTCTTCGGCTAAGCAGG,1,1792172
hdeAp2,19.0,78,3,TCCTAACGGGTATCATTGCG,75,1821314
hdeAp2,0.5,4,3,TCAGATTGATCAGTAGAGAC,1,1806588
hdeAp2,124.25,499,3,TCACTAGGGTTTCCGCCGTT,496,1825954
hdeAp2,22.75,93,3,TATTCAGACAACCCCTAAGC,90,1802489
hdeAp2,13.75,57,3,TATCTACCTCGCTAATCCTA,54,1782292
hdeAp2,0.5,4,3,TAGCAGACCGACATAACAGT,1,1803134
hdeAp2,0.5,4,3,TAGACTTCGTCGGTACGCCC,1,1782214
hdeAp2,24.0,98,3,TACGAGTCGAGGGCTACCAA,95,1774065
hdeAp2,10.75,45,3,GTTCCAGCATCACGCGGCGG,42,1802492
hdeAp2,3.75,17,3,GTTAGTTGGGGCTCGTAAGG,14,1793089
hdeAp2,13.0,54,3,GTGTGTTAAGTGCATCGAGC,51,1792784
hdeAp2,19.25,79,3,GTCGTGGCGGACGGACAAAT,76,1808479
hdeAp2,26.75,109,3,GTATTTGAAGCTAGCATAAG,106,1802570
hdeAp2,22.0,90,3,GTATTCCATGCGCGATACGA,87,1794828
hdeAp2,0.5,4,3,GTAGGATACCGTAGGTACGC,1,1786629
hdeAp2,0.5,4,3,GTACCAGGTAACAAGCGAGT,1,1803257
hdeAp2,23.0,94,3,GGGTATGCTACGTTTCGTTT,91,1818219
hdeAp2,0.5,4,3,GGGGTAGTCGCAGCGTAGTT,1,1818092
hdeAp2,15.0,62,3,GGGCCTCTAAAGAGTCTCGA,59,1784776
hdeAp2,0.5,4,3,GGGCCGTTATTGTTGAGAGC,1,1822200
hdeAp2,16.25,67,3,GGACGCAGGAATTCTAGCGG,64,1788031
hdeAp2,18.0,74,3,GGAAGCTCTGTGATTACCAA,71,1782113
hdeAp2,7.0,30,3,GCTTTTTCATCTCATAATTC,27,1785681
hdeAp2,0.5,4,3,GCGTAACATAGTGAATGATT,1,1772697
hdeAp2,37.5,152,3,GCCCATCAGACGGGGTACAA,149,1790311
hdeAp2,0.5,4,3,GCAGGGCCCCTGATCCACGG,1,1808280
hdeAp2,23.25,95,3,GCAAGGGTACATCGGGCGGG,92,1797078
hdeAp2,21.75,89,3,GCAAGGCAAGCTAGTTCGGC,86,1805366
hdeAp2,0.5,4,3,GATTCTCGGCAGCCGAGGCC,1,1828577
hdeAp2,31.75,129,3,GACTTTGAATGAGTGGAGTT,126,1806540
hdeAp2,0.5,4,3,GACTAGAGTGATTTGGCGGG,1,1787233
hdeAp2,13.75,57,3,GACAATACATCATCGTTCGC,54,1795962
hdeAp2,0.5,4,3,CTTTCCTGGTCCTATGCGAT,1,1825686
hdeAp2,11.25,47,3,CTTGGTAGCAGTGTATAATC,44,1793716
hdeAp2,24.0,98,3,CTTCTCCTGCAGAGAAGACT,95,1827489
hdeAp2,1.0,6,3,CTGTTTATTCATATGGATTT,3,1782372
hdeAp2,0.5,4,3,CTGTATCTGCCCATGGGTCT,1,1816183
hdeAp2,0.5,4,3,CTGGAATGATCATAAGCTCC,1,1795480
hdeAp2,17.5,72,3,CTGCTGCTTTGCGGTTAGCC,69,1821751
hdeAp2,2.75,13,3,CTGAAATAGCCGGTCGATAA,10,1802533
hdeAp2,4.5,20,3,CTCTAGAACAAAAATTTCAT,17,1790124
hdeAp2,23.75,97,3,CTCGTCGATGTCCTAGTTAC,94,1818753
hdeAp2,0.5,4,3,CTACTAAACGTGGTCCCGCG,1,1815155
hdeAp2,21.75,89,3,CTAATGATCCTTCCGAATAT,86,1812411
hdeAp2,0.5,4,3,CTAACACTTCATGCGATTTG,1,1792808
hdeAp2,23.5,96,3,CGTGACATCATGACAGAGCA,93,1790703
hdeAp2,61.0,246,3,CGGTTCGGCGGCTTGTTCCA,243,1819401
hdeAp2,0.5,4,3,CGGTCACCGCCCGATTCTAG,1,1777603
hdeAp2,5.25,23,3,CGGTACAAAATGAGGAATCA,20,1804255
hdeAp2,0.5,4,3,CGGGGAGGCGTGTATAGGTC,1,1784317
hdeAp2,0.5,4,3,CGGGCGGAGTCATTGGAGGG,1,1822957
hdeAp2,11.75,49,3,CGGCCCAAATAACATCCAAG,46,1803214
hdeAp2,23.25,95,3,CGGATTGACGGAGAGAGAGG,92,1821771
hdeAp2,6.75,29,3,CGCTGGCAACGTGGTACCAA,26,1776977
hdeAp2,7.0,30,3,CGCTATGGGACCCTCTTTCA,27,1808474
hdeAp2,0.5,4,3,CGCGTCCCTCCGCTGTGGTA,1,1801122
hdeAp2,26.25,107,3,CGACGGGGACCGTCTCTAGC,104,1822935
hdeAp2,27.0,110,3,CCTGTTGTCATGCGTCCTCC,107,1785891
hdeAp2,0.5,4,3,CCTGATCAACTATGTTTCGA,1,1807384
hdeAp2,0.5,4,3,CCTCTTAGTTTGTGAGATGT,1,1789470
hdeAp2,44.0,178,3,CCTCTGTGTTCGTAAAAGGT,175,1778230
hdeAp2,5.25,23,3,CCTATGTAACAAATCCTTGA,20,1812436
hdeAp2,0.5,4,3,CCTAGCCGTATGAGTCGTCA,1,1806617
hdeAp2,8.75,37,3,CCGGCACGTTGGTATCACGA,34,1825043
hdeAp2,0.5,4,3,CCGGAGGCCTTAAATCAATG,1,1788296
hdeAp2,27.5,112,3,CCCCGTGATCGTTCATTAGG,109,1821362
hdeAp2,22.5,92,3,CCCCCAATATTATGGACCGC,89,1792692
hdeAp2,0.5,4,3,CCATCGTTGCACCTAGGGTG,1,1772207
hdeAp2,0.5,4,3,CATCTCTCACGTGCTATTAT,1,1820641
hdeAp2,14.25,59,3,CATACGAATCTGTGGGGCGA,56,1821664
hdeAp2,0.5,4,3,CACACTCGACCGCTGGTCGG,1,1800337
hdeAp2,12.5,52,3,CAACCGTAACGGACCCCGTA,49,1802481
hdeAp2,23.5,96,3,ATTTCGTATCTTTGTACTTT,93,1814976
hdeAp2,0.5,4,3,ATTTATGTCCGTGGTGTGGA,1,1813294
hdeAp2,11.0,46,3,ATGTCTTGGATGAGACCATA,43,1778965
hdeAp2,0.5,4,3,ATGGATTTCCTTAGCGCCCT,1,1807079
hdeAp2,31.5,128,3,ATGCAGCCTGTCTCGCACAA,125,1778894
hdeAp2,17.25,71,3,ATCTCAATCTACCTAATCCT,68,1812898
hdeAp2,13.0,54,3,ATCGTGGGATGCAGATGGCG,51,1788444
hdeAp2,22.25,91,3,ATAGATTCAGTTAAAGGCAT,88,1818807
hdeAp2,0.5,4,3,ATACCGTAAGTCGTTGTCAA,1,1812168
hdeAp2,22.75,93,3,ATAAAGAGCTCCTACTAATC,90,1799653
hdeAp2,13.75,57,3,AGTGCAGCGCGACTGCCATA,54,1828563
hdeAp2,52.25,211,3,AGTGCACTATAAGGGCTACC,208,1780417
hdeAp2,2.75,13,3,AGTAGCGCGCTGTATCAAAC,10,1772555
hdeAp2,0.5,4,3,AGGTAACGGGTGCAGCGGGA,1,1818725
hdeAp2,0.5,4,3,AGCTTTGGTCGTGCCCGCCA,1,1779349
hdeAp2,0.5,4,3,AGCCGATCAAATTTGGAATT,1,1787241
hdeAp2,19.25,79,3,AGCACGCGCTCATTCACTCT,76,1818793
hdeAp2,1.0,6,3,ACTTTTCGTGATAGCTCGTA,3,1827293
hdeAp2,6.75,29,3,ACTTGCTCTCGGAGTATTTC,26,1819258
hdeAp2,0.5,4,3,ACTGACAAGGGTCACGCCTG,1,1793877
hdeAp2,17.75,73,3,ACGTTGTATTCAGGCTGTAA,70,1826534
hdeAp2,3.0,14,3,ACGGTGGATATGTAACAAGC,11,1788903
hdeAp2,1.0,6,3,ACCGATCTAATGAGTTTATT,3,1806260
hdeAp2,20.75,85,3,ACCCCTCGTTTCACCCCAAA,82,1825909
hdeAp2,0.5,4,3,ACATAAGTTTAGCCCGATGT,1,1801749
hdeAp2,18.0,74,3,ACAGACTGCTAGTAGTGATA,71,1821313
hdeAp2,10.0,42,3,ACAACGCTGGTAAGACGCTT,39,1804556
hdeAp2,11.0,46,3,AATTTATGGGCCGGAAGAGA,43,1793925
hdeAp2,0.5,4,3,AATCCATCAACGGCACTGCT,1,1780017
hdeAp2,0.5,4,3,AACTTTTGTCCTGAGCAGAT,1,1791843
hdeAp2,0.5,4,3,AAAGGAACAAACTCAACTAA,1,1797520
hdeAp2,9.666666666666666,30,2,TTGTTTTGAACCTCCTGGCG,28,1779157
hdeAp2,31.333333333333332,95,2,TTGTCAGGAATAATGACGCA,93,1785317
hdeAp2,6.666666666666667,21,2,TTGCCACTTTGAACTAGCCT,19,1771942
hdeAp2,12.0,37,2,TTCGCGCGTCAGTGTTACGC,35,1827639
hdeAp2,23.0,70,2,TTCGAAACCATTTTCTGATT,68,1777839
hdeAp2,24.0,73,2,TTCCTAAACGCGCGGTCCGT,71,1792765
hdeAp2,9.333333333333334,29,2,TTATCAGCTCTCGCCTTGCT,27,1828472
hdeAp2,17.666666666666668,54,2,TTAAGTGCAGCAAAACCCCT,52,1792949
hdeAp2,28.0,85,2,TGGCATGAGGGACGGTTGGT,83,1799864
hdeAp2,58.333333333333336,176,2,TGCTAATGAGCTCGTAATCG,174,1771776
hdeAp2,0.6666666666666666,3,2,TGCGCGCCACGTCGCCGATT,1,1803554
hdeAp2,22.666666666666668,69,2,TGCGCCTACAATAAGAATCG,67,1791647
hdeAp2,6.0,19,2,TGACAAGGTTTCCTGGAGTC,17,1814170
hdeAp2,58.333333333333336,176,2,TCTTGGGTTTTAGGAATATT,174,1783888
hdeAp2,0.6666666666666666,3,2,TCGTGTAGCTGTCAGTTAGT,1,1773571
hdeAp2,0.6666666666666666,3,2,TCCTGTAGCGTGGACTAAGT,1,1793198
hdeAp2,78.33333333333333,236,2,TCATTTGTTCTCATTAGTTT,234,1781915
hdeAp2,0.6666666666666666,3,2,TCAGGAGTCCGTCGAGGGAG,1,1827472
hdeAp2,0.6666666666666666,3,2,TCACCAAGGACGCTAGCACT,1,1827222
hdeAp2,0.6666666666666666,3,2,TAGGAGCTTAGCACCATTGC,1,1774353
hdeAp2,0.6666666666666666,3,2,TAGCGTGGAAGCAGGCCATG,1,1795816
hdeAp2,0.6666666666666666,3,2,TAGCGTGCGATCTGTTAAAG,1,1784495
hdeAp2,1.0,4,2,TAGCAGCGGGCTAGGTACGG,2,1782850
hdeAp2,35.0,106,2,TACTGAGTAGCGTGAGGCGG,104,1811655
hdeAp2,0.6666666666666666,3,2,TAATTAGGCCAGTCAGGCTT,1,1809141
hdeAp2,20.333333333333332,62,2,TAAGTGCCCGATGGTCAACC,60,1773710
hdeAp2,9.333333333333334,29,2,TAAGTGCATTGCGTAGGTAG,27,1804627
hdeAp2,4.666666666666667,15,2,GTTTGTTCTCCCCCCCCTCA,13,1774940
hdeAp2,0.6666666666666666,3,2,GTTGAGAATTGTCCTACATG,1,1804535
hdeAp2,0.6666666666666666,3,2,GTTATGAATACCTTTTCCAC,1,1786676
hdeAp2,42.333333333333336,128,2,GTGCTGAGGTTGAGTTAAAA,126,1788779
hdeAp2,0.6666666666666666,3,2,GTGCTACCCGAGGGCCATGG,1,1790848
hdeAp2,34.333333333333336,104,2,GTGACGTTCGCCGAATTCCA,102,1796119
hdeAp2,0.6666666666666666,3,2,GTGACAAACCAGGCTATATG,1,1801699
hdeAp2,0.6666666666666666,3,2,GTCTGCCTAGGTCCAAACTA,1,1783016
hdeAp2,11.0,34,2,GTCCGGAGGCTACACGGGTT,32,1810228
hdeAp2,44.0,133,2,GTAACGAATGCGCGTTGCAA,131,1779559
hdeAp2,30.0,91,2,GGTATACACCTCGATGTTGC,89,1778893
hdeAp2,18.333333333333332,56,2,GGTACTTAGACTAACGAATT,54,1821717
hdeAp2,0.6666666666666666,3,2,GGCGGGTGCGAAAGTAACGG,1,1779794
hdeAp2,11.0,34,2,GGCAATGCTCCGGTCGGACA,32,1806862
hdeAp2,35.666666666666664,108,2,GCTTTCGCAGGTACGCCCCA,106,1777740
hdeAp2,37.666666666666664,114,2,GCTTACACACATCTCCGTCT,112,1825975
hdeAp2,26.666666666666668,81,2,GCTGTCACGGGATCGATAAT,79,1809659
hdeAp2,30.0,91,2,GCGTTGCCAGCAGAAATATA,89,1806784
hdeAp2,8.666666666666666,27,2,GCGGCTATGTTAGTGGTCAG,25,1809754
hdeAp2,16.333333333333332,50,2,GCGGATGGGGTCGTGTCTCT,48,1795205
hdeAp2,0.6666666666666666,3,2,GCAACTGTTGGCGATCCGGG,1,1782097
hdeAp2,35.0,106,2,GATGCCTATCTGGTAATCTC,104,1777285
hdeAp2,33.333333333333336,101,2,GAGCCTTGCAAGCACTACGA,99,1788341
hdeAp2,13.333333333333334,41,2,GACCTCCGTCTGTGCGAGGG,39,1819414
hdeAp2,0.6666666666666666,3,2,GAATACTTTAAACCCTCCAG,1,1784426
hdeAp2,0.6666666666666666,3,2,GAAGCCAAACGCTATGTCTG,1,1796208
hdeAp2,10.666666666666666,33,2,GAAATTCGGCCATATTAAGG,31,1781669
hdeAp2,0.6666666666666666,3,2,GAAATCGCGCGTCCCACCGC,1,1792069
hdeAp2,11.0,34,2,CTTGGGGTATTTCTTCCATA,32,1809833
hdeAp2,35.666666666666664,108,2,CTTACCTGTCGCACGACCAT,106,1824073
hdeAp2,0.6666666666666666,3,2,CTGTCTAGCGGCCCGAGCTA,1,1780038
hdeAp2,14.666666666666666,45,2,CTGAAAGGGCCATAGGGCTT,43,1803468
hdeAp2,0.6666666666666666,3,2,CTCCGTGTACATTATTCTCA,1,1813304
hdeAp2,31.666666666666668,96,2,CTCATTCATATGCCCCCAGG,94,1781058
hdeAp2,12.0,37,2,CTCAGACACGGGTGTCCGTC,35,1825994
hdeAp2,0.6666666666666666,3,2,CTAGCACCGGATAGCCGGGG,1,1793084
hdeAp2,32.0,97,2,CTACTTAATGAACTGAAAGA,95,1827664
hdeAp2,0.6666666666666666,3,2,CTAAGCCCGGCCCCCATAAA,1,1791455
hdeAp2,2.0,7,2,CGTCGGCGCACTGACGGTGT,5,1794920
hdeAp2,0.6666666666666666,3,2,CGGAACCAATCTTTTAATTT,1,1793812
hdeAp2,6.666666666666667,21,2,CGACGGCATGCCTGAGGTTT,19,1782782
hdeAp2,0.6666666666666666,3,2,CCTAGCTAAACGAGTACACT,1,1817177
hdeAp2,19.0,58,2,CCATAGCGCGCTTGGAAAGG,56,1811131
hdeAp2,19.0,58,2,CCAAGGGCTTTTCGTGTTCT,56,1796672
hdeAp2,12.333333333333334,38,2,CATTTGCGGCGGTTAAGCTA,36,1778908
hdeAp2,31.0,94,2,CATGTGAACAACTGGAACAT,92,1793096
hdeAp2,0.6666666666666666,3,2,CAGGTGTCTCACGGAATCTG,1,1814073
hdeAp2,0.6666666666666666,3,2,CACTACGGACGTCCTCTCAT,1,1808919
hdeAp2,24.666666666666668,75,2,CACAACCTCGTATCCGTTCA,73,1820960
hdeAp2,18.0,55,2,CAAAGGCTTCATAGGTCCTT,53,1824070
hdeAp2,23.0,70,2,ATTTACGTTCCGACATGGTC,68,1785166
hdeAp2,24.333333333333332,74,2,ATTGATTGCCTAGACGTAGA,72,1792443
hdeAp2,0.6666666666666666,3,2,ATTGAATGATCAAATATACG,1,1818634
hdeAp2,27.0,82,2,ATTCAAGCTAATGGAATTCA,80,1775058
hdeAp2,0.6666666666666666,3,2,ATGTACAGTAATTCCTATCC,1,1781996
hdeAp2,21.666666666666668,66,2,ATGGGATTACGACCTGAGAG,64,1771273
hdeAp2,1.0,4,2,ATCAGAATCGACAACAGGAA,2,1794841
hdeAp2,0.6666666666666666,3,2,ATCACATTTCTAGGAACGTT,1,1818850
hdeAp2,1.0,4,2,AGTGATCTTGAACTTCCACC,2,1798187
hdeAp2,0.6666666666666666,3,2,AGGTTTATAGCTGAGTCTTA,1,1776707
hdeAp2,32.666666666666664,99,2,AGGGGTGGTACACGTGCGAT,97,1820010
hdeAp2,0.6666666666666666,3,2,AGGGAAGAGAACCCCGTCGG,1,1789022
hdeAp2,11.333333333333334,35,2,AGCACGTCCCAATGGCGTTA,33,1806104
hdeAp2,20.666666666666668,63,2,AGAGACCAGACTCGGTTTAT,61,1773735
hdeAp2,0.6666666666666666,3,2,ACTAGCTTTAATACCGGCTG,1,1802126
hdeAp2,30.0,91,2,ACGTTTGGCATGGCTAAATC,89,1779781
hdeAp2,14.0,43,2,ACGTAGCTGCGGGGTAATGT,41,1806374
hdeAp2,0.6666666666666666,3,2,ACGCTGTGGGCTACCGGAAT,1,1815035
hdeAp2,0.6666666666666666,3,2,ACGCGTAGGGTAGGTCGCAA,1,1798239
hdeAp2,30.333333333333332,92,2,ACCCCCGCTTAGGTATGGTG,90,1772084
hdeAp2,29.666666666666668,90,2,ACCATCCTAGCTGGTGAGAG,88,1789127
hdeAp2,11.333333333333334,35,2,ACATGTGAGCATCTGCCATT,33,1809194
hdeAp2,39.666666666666664,120,2,ACAGGAGAAATGCCTAATTG,118,1820360
hdeAp2,53.0,160,2,AATGTTCCGATGACGTTGAA,158,1789590
hdeAp2,38.333333333333336,116,2,AATGCTGTTGAAGTGTAAAA,114,1778904
hdeAp2,0.6666666666666666,3,2,AATGCACATAATCCGCGAGA,1,1809797
hdeAp2,20.666666666666668,63,2,AATGAACGACTTGCTCCAGA,61,1806008
hdeAp2,32.333333333333336,98,2,AATATTTACAATCGAGTAGG,96,1804005
hdeAp2,1.3333333333333333,5,2,AATATCTGCCGAGATCTAAA,3,1822087
hdeAp2,0.6666666666666666,3,2,AATAAGCTAAGCGATCCAAT,1,1816920
hdeAp2,1.0,4,2,AAGGGATCACAAGCTAATTG,2,1772970
hdeAp2,0.6666666666666666,3,2,AAGATCAGTGGCCGCGTAAC,1,1775974
hdeAp2,0.6666666666666666,3,2,AAGATATTGGTCTCTAGATC,1,1775136
hdeAp2,35.666666666666664,108,2,AAGACGGTCCCCGTACATGA,106,1778890
hdeAp2,0.6666666666666666,3,2,AAAGGACATCCGGAGAGCCT,1,1790944
hdeAp2,36.0,72,1,TTTTGCTAAAAGAGCTAGAG,71,1772588
hdeAp2,5.0,10,1,TTTCGAGTGCAGGGCACCTA,9,1825957
hdeAp2,1.0,2,1,TTTAGGGGCGCTGATTTTTC,1,1809624
hdeAp2,49.5,99,1,TTGGGGCTGATGTCTCCCAT,98,1804828
hdeAp2,1.0,2,1,TTCGGTCCCAACAGCGGGTC,1,1781234
hdeAp2,1.5,3,1,TTATAGAGCATCGAATTTGT,2,1777433
hdeAp2,1.0,2,1,TTAGTACGCTGGACTAAGTT,1,1815881
hdeAp2,2.0,4,1,TTAGGAGGGGCTACAACGTA,3,1824378
hdeAp2,1.0,2,1,TTAGAGTAACACGACATTTG,1,1823972
hdeAp2,75.0,150,1,TGTTGAAATCTTCGAGATTT,149,1827210
hdeAp2,12.5,25,1,TGTTAACATTCAGCCTCTTT,24,1823144
hdeAp2,40.5,81,1,TGTGCTGCATGCCTCTCACA,80,1775717
hdeAp2,30.0,60,1,TGTATTAGACCATATACGTT,59,1778555
hdeAp2,1.0,2,1,TGGCCACGCGGCCTCCCTTT,1,1816484
hdeAp2,1.0,2,1,TGGCATATCGGTGGAAAGTT,1,1816900
hdeAp2,43.0,86,1,TGGCAACTGAGGAACCTCGA,85,1818839
hdeAp2,38.0,76,1,TGCTGACAGCTTGTGCCGCG,75,1821458
hdeAp2,42.5,85,1,TGATGATGGGGTTATGGCAT,84,1823110
hdeAp2,1.0,2,1,TGACAAATCGACGTTGCCCA,1,1787026
hdeAp2,55.0,110,1,TCTTCGAAGTATCGTTGACC,109,1792559
hdeAp2,42.0,84,1,TCTCGGTCGCTGGTATGACT,83,1797540
hdeAp2,11.0,22,1,TCGACGGTCGAGAACAACGA,21,1775660
hdeAp2,25.0,50,1,TCCGCGTGATAGTTAGTTCG,49,1826389
hdeAp2,1.0,2,1,TCCGATTGTAAATGGAACGA,1,1816533
hdeAp2,36.5,73,1,TCCAAGGACTAAGGCCTTGT,72,1785551
hdeAp2,1.0,2,1,TCATTAGGCGCTGATTTTAC,1,1804223
hdeAp2,27.5,55,1,TCACGACAAATAACCCGTGT,54,1817993
hdeAp2,1.0,2,1,TAGGCGGGCGCGCTGCTATT,1,1771232
hdeAp2,8.0,16,1,TACTGCTATGGCTCTGAGCC,15,1774822
hdeAp2,38.0,76,1,TACGTTACACTCCCGAAGGC,75,1820314
hdeAp2,54.5,109,1,TACCATTACCTGAACGGGCC,108,1819270
hdeAp2,34.5,69,1,TACAAATTTTAAGTTAAGCA,68,1828786
hdeAp2,56.5,113,1,TAATCTGCCTGACCCAAGCT,112,1775658
hdeAp2,23.5,47,1,TAAGGCGCGGCTTCTTTTAC,46,1787728
hdeAp2,5.0,10,1,GTTAAGGTCCGGGCGATCAG,9,1800430
hdeAp2,31.0,62,1,GTGTTTGAGATCTTTTTTGG,61,1779347
hdeAp2,1.0,2,1,GTGTGGGGCGCTCGTGAATT,1,1818168
hdeAp2,14.5,29,1,GTGTGAAGATGTTGGGCCTG,28,1822638
hdeAp2,1.0,2,1,GTGGTCCGACTCAAATAATG,1,1813455
hdeAp2,27.0,54,1,GTGCCATGTGTCCAGTTAAG,53,1786393
hdeAp2,1.0,2,1,GTCTAGGTCGCCTTAAGGAA,1,1828578
hdeAp2,1.0,2,1,GTATTGAGCCCATTCAGTAG,1,1771096
hdeAp2,58.0,116,1,GTATCGAACCATGATTAAAG,115,1819526
hdeAp2,20.5,41,1,GGTCCCGTAACCTGCATAGT,40,1806682
hdeAp2,44.5,89,1,GGTACTCTAATCGTTGCCGA,88,1822617
hdeAp2,21.5,43,1,GGGTGCGTCGTCATCGTGGG,42,1777650
hdeAp2,1.0,2,1,GGCTAACTTTTGGTGTATTA,1,1792947
hdeAp2,14.0,28,1,GGCCTCTGATATGAGAGATG,27,1772589
hdeAp2,37.0,74,1,GGCCCATATAAAACTGTATA,73,1810153
hdeAp2,1.0,2,1,GGCATCTCACGAATGAGATG,1,1801154
hdeAp2,1.0,2,1,GGATGATGAGAAGATCAGAA,1,1816376
hdeAp2,2.0,4,1,GCTTTAGGTGCTAGCGGAAT,3,1808271
hdeAp2,1.5,3,1,GCTCTCATGCGCCGGGTGTA,2,1771004
hdeAp2,11.0,22,1,GCGGTGGGGTGATGAGCAAG,21,1779570
hdeAp2,1.0,2,1,GCGCGTACCTCGAGCAAGGT,1,1782613
hdeAp2,38.5,77,1,GCGACTACATTTAGCTCTGG,76,1773746
hdeAp2,24.0,48,1,GCCTGTAAAAGACCGGCGGT,47,1813044
hdeAp2,34.5,69,1,GCCTGGCCCAACGCCGCGCC,68,1793095
hdeAp2,37.0,74,1,GCCATACACCCTCACTTCTC,73,1783800
hdeAp2,1.5,3,1,GCATCCTTCGACTTCAGTGA,2,1815372
hdeAp2,42.0,84,1,GCATACTCTAACCCTTTAGT,83,1784096
hdeAp2,64.5,129,1,GATCCGTTGTCACGTAGATA,128,1815136
hdeAp2,13.0,26,1,GATATTAATCTCGTAGGCGG,25,1791755
hdeAp2,35.5,71,1,GACTTGCACAATTTTCACAT,70,1824084
hdeAp2,39.0,78,1,GACTGTTGGCAGTCGGCATC,77,1788781
hdeAp2,49.5,99,1,GACCATAATTCAACTTGGGT,98,1822660
hdeAp2,1.0,2,1,GAAGAATGTATTTATACGCA,1,1810459
hdeAp2,1.0,2,1,GAAACACTATATCGCTTCTC,1,1779853
hdeAp2,31.0,62,1,CTGGAATCATTTTGCCCCCT,61,1771286
hdeAp2,40.5,81,1,CTGATGGAATGCGTGCTTCA,80,1774899
hdeAp2,1.0,2,1,CTCTGCTGATAACTACCCGG,1,1805734
hdeAp2,26.0,52,1,CTCGCGTGCGCCTGGATATT,51,1818214
hdeAp2,52.5,105,1,CTCCGGGCAAAGGCATTATA,104,1824318
hdeAp2,46.0,92,1,CTCCCCACCAGTCATCTCAT,91,1808864
hdeAp2,3.0,6,1,CTCATTCCGCGCGACGCACT,5,1777822
hdeAp2,1.0,2,1,CTCAGCATCTTAGACCCGGA,1,1797808
hdeAp2,41.0,82,1,CTAGTATTCATCCTTTCCAC,81,1785201
hdeAp2,20.5,41,1,CTAGCTTTCCAGGCGAGTTG,40,1795156
hdeAp2,30.5,61,1,CTAATTGGTTCGGTGAGATA,60,1826756
hdeAp2,1.0,2,1,CGTAAGACGGACGAACTATA,1,1818981
hdeAp2,2.0,4,1,CGGGAGCACTAGGCCAGGGA,3,1819048
hdeAp2,243.0,486,1,CGCGACCCAGAGTGGAGTAT,485,1782093
hdeAp2,1.0,2,1,CGCACTCTCCCGGGAATCAG,1,1780533
hdeAp2,43.5,87,1,CCTTTTAAGCCATCTACATG,86,1822661
hdeAp2,1.0,2,1,CCTTCACTCAGGGCTTTATG,1,1825987
hdeAp2,1.0,2,1,CCTATCATGGCCGCCTCAGC,1,1777587
hdeAp2,7.0,14,1,CCCTCACGCTATCATTAACG,13,1774811
hdeAp2,51.5,103,1,CCCTATTATGTGCAGAATGC,102,1793885
hdeAp2,17.5,35,1,CCCATCGACATGCAGCAACC,34,1808245
hdeAp2,17.5,35,1,CCCACGGTCACCAGTGTGTT,34,1825357
hdeAp2,16.0,32,1,CCAACCATATTGACTGACAT,31,1813697
hdeAp2,8.5,17,1,CACTCATACGTATCATTTTA,16,1788800
hdeAp2,1.0,2,1,CACGAATCTTCATGGATATG,1,1803229
hdeAp2,106.0,212,1,CACAATCGCGTCAAGCGGAG,211,1826043
hdeAp2,28.5,57,1,CAAGTATCGTTATCTTTTTA,56,1782913
hdeAp2,1.0,2,1,CAAACGTTGTACTGTGGCCG,1,1789984
hdeAp2,45.0,90,1,ATTTTTAAGACCACGCCCCG,89,1805870
hdeAp2,1.0,2,1,ATTCAGGTATAATCCCACCC,1,1811697
hdeAp2,30.0,60,1,ATTATATCTAGAGTCGTGGA,59,1792082
hdeAp2,8.0,16,1,ATGTACGTTTTTAAAAGTTC,15,1793699
hdeAp2,16.5,33,1,ATGCTTACGCTGGAAGCGGT,32,1815522
hdeAp2,1.0,2,1,ATGATCAACTTACGCTGTGC,1,1819238
hdeAp2,16.5,33,1,ATCTCTGTCGGTGCCACGAG,32,1782827
hdeAp2,3.0,6,1,ATCTAGGCATTCCATACGAC,5,1777842
hdeAp2,1.0,2,1,ATAGTGCTCCTGAGTGAATG,1,1777609
hdeAp2,9.0,18,1,AGTGTTTCGGAAAACAACGG,17,1826950
hdeAp2,58.5,117,1,AGTGTATGTTTCCGATCCCC,116,1791094
hdeAp2,1.0,2,1,AGTGGAGGCAATGACATTAT,1,1799246
hdeAp2,9.0,18,1,AGTGATGATAACCCTTAGTA,17,1790885
hdeAp2,28.5,57,1,AGTCTCCTCTATGCGTGGGA,56,1811646
hdeAp2,39.5,79,1,AGTAATGATGTGAGCAGTAT,78,1782354
hdeAp2,10.0,20,1,AGGGAGTCATAGATATTCAG,19,1772966
hdeAp2,1.0,2,1,AGGGACTGCCAGTAGTGTAT,1,1798414
hdeAp2,1.5,3,1,AGGCCCTCTACCTTGTGTCC,2,1809886
hdeAp2,17.5,35,1,AGGCACTAAACACCAGATGG,34,1809526
hdeAp2,35.5,71,1,AGCTAGAGTTGAAGTTGCGC,70,1774488
hdeAp2,16.5,33,1,AGCAGTAATCAAGGACTTAA,32,1781284
hdeAp2,23.0,46,1,AGATCGCCGCATATCGACCT,45,1801496
hdeAp2,45.5,91,1,AGAGGGAGAACTCGGTCGAA,90,1806855
hdeAp2,1.0,2,1,ACGGAACACTACATCTCCTT,1,1821114
hdeAp2,19.5,39,1,ACATTTCGAGTGCCGGCGTC,38,1780340
hdeAp2,1.0,2,1,ACAGCATAACATCCGAATAT,1,1794476
hdeAp2,32.5,65,1,ACACGTATCGATTCTCCTTT,64,1779414
hdeAp2,48.0,96,1,AACGCAACCTATCTTAACGT,95,1803669
hdeAp2,0.009174311926605505,108,108,CACCTAGTAGGCGGGATCAC,0,1771062
hdeAp2,0.010869565217391304,91,91,TTCGGATATAAGATCAGAAC,0,1811376
hdeAp2,0.011494252873563218,86,86,ATAGCAATCAGAGCCATTGA,0,1791093
hdeAp2,0.012987012987012988,76,76,TCACTTATCAGTTGCGAAAT,0,1778446
hdeAp2,0.013157894736842105,75,75,CACTATCCTCACTTAATATT,0,1781574
hdeAp2,0.0136986301369863,72,72,GGTCGAGCACTTCGCACCCT,0,1776956
hdeAp2,0.013888888888888888,71,71,TGTCCATGCGCAAGCATTTA,0,1804296
hdeAp2,0.013888888888888888,71,71,AGCTAACCAAACGAGAAGAC,0,1776147
hdeAp2,0.014084507042253521,70,70,CAATCTAATTCCGAAGCCTA,0,1806300
hdeAp2,0.014285714285714285,69,69,ACGACTCGATTCGACTCCTG,0,1805452
hdeAp2,0.014492753623188406,68,68,TGGGTGGTTCGATGCAATAA,0,1797941
hdeAp2,0.014492753623188406,68,68,GGGAAGTAAATACGCTTGAA,0,1778364
hdeAp2,0.014492753623188406,68,68,GGGAAGGGAGACTAATAATT,0,1809335
hdeAp2,0.014492753623188406,68,68,CCCACGTATGATCGTAGAGA,0,1771175
hdeAp2,0.014705882352941176,67,67,AAGTATCGGACAGGAAGCGG,0,1773942
hdeAp2,0.014925373134328358,66,66,GACAGTGACCGCGCCGTTTG,0,1773836
hdeAp2,0.015151515151515152,65,65,CGACCCACTAGAATGCTAAT,0,1779201
hdeAp2,0.015384615384615385,64,64,CGTAGCGCCACTTGAGCGGA,0,1785504
hdeAp2,0.015384615384615385,64,64,AACAAAGCAGACCTCGACAA,0,1781975
hdeAp2,0.015625,63,63,TTTGGGACAAGTGGAGTTAA,0,1777335
hdeAp2,0.015625,63,63,TGCTCAGTCGCAACCAGACG,0,1773089
hdeAp2,0.015625,63,63,CTCATTTTGTCTGGATAATT,0,1826650
hdeAp2,0.015873015873015872,62,62,ACCCGGGAGGGACAACCGCG,0,1794637
hdeAp2,0.016129032258064516,61,61,GGGGAAAAAGGGTCCTTTAA,0,1782887
hdeAp2,0.01694915254237288,58,58,CAGGAGGGGCGTCATAGGTC,0,1798361
hdeAp2,0.01694915254237288,58,58,ATCACACGCCTAGTCAATTA,0,1777197
hdeAp2,0.01694915254237288,58,58,AATTCGTAAAGCTGAAATTA,0,1786255
hdeAp2,0.017241379310344827,57,57,AGAGGTCCTCGAATCATGGG,0,1794472
hdeAp2,0.017543859649122806,56,56,GTTCGCGTTCGCTCACGACA,0,1773626
hdeAp2,0.017543859649122806,56,56,CCACAAGCAGTTGTCCAAAT,0,1778185
hdeAp2,0.017543859649122806,56,56,CAACAAGCGACCACGTCTGT,0,1816897
hdeAp2,0.017543859649122806,56,56,AAACGAAATTAGCGTGCAGA,0,1780563
hdeAp2,0.017857142857142856,55,55,TGACTCATACACACATGTGC,0,1798397
hdeAp2,0.017857142857142856,55,55,GTTGTCGGTGAGAACCGGTA,0,1776092
hdeAp2,0.017857142857142856,55,55,CTTTCAATGTATAGTACAGT,0,1773838
hdeAp2,0.017857142857142856,55,55,CAGGCGCGCGAGAAGGGGGT,0,1779686
hdeAp2,0.017857142857142856,55,55,ATTGTTTGAACAGTAGCTTA,0,1796972
hdeAp2,0.017857142857142856,55,55,ACCCGGGGCGATCATAAGAC,0,1775975
hdeAp2,0.01818181818181818,54,54,TGCTCGTGTCAATAACGTGT,0,1779346
hdeAp2,0.01818181818181818,54,54,GATAAGACCTTATCGAAGCA,0,1792580
hdeAp2,0.01818181818181818,54,54,ACTAGCCCCACTAACGGGGC,0,1798576
hdeAp2,0.018518518518518517,53,53,GGGCTTACAGCGTGGATACG,0,1801282
hdeAp2,0.018518518518518517,53,53,GCACAAGGCTAACACGAGAA,0,1777102
hdeAp2,0.018518518518518517,53,53,GAACGGGGACTCATGGGTTG,0,1822110
hdeAp2,0.018518518518518517,53,53,CCATGATCAGCTACAAGCAA,0,1775760
hdeAp2,0.018518518518518517,53,53,AGCGCAAGAAAGATTGGTCA,0,1796081
hdeAp2,0.018867924528301886,52,52,TGATTGGTGGTAAGAGGATT,0,1775261
hdeAp2,0.018867924528301886,52,52,GACCCGCAATTGGTTGTAAA,0,1797889
hdeAp2,0.018867924528301886,52,52,AACTCGCGTCCTGAAACTCC,0,1779525
hdeAp2,0.019230769230769232,51,51,TATCTTGGTCATGAGTCATG,0,1785813
hdeAp2,0.019230769230769232,51,51,GCCTAGGTAGGCATCCAACC,0,1810420
hdeAp2,0.019230769230769232,51,51,GAGTAATCCACAACTCGGCA,0,1801994
hdeAp2,0.019230769230769232,51,51,ACCGCAGGTCACTTTGCGTG,0,1815649
hdeAp2,0.019230769230769232,51,51,AATAACTGCCCTCGTATCCT,0,1772827
hdeAp2,0.0196078431372549,50,50,TGTAGTAATCTGTGAAACTT,0,1799608
hdeAp2,0.0196078431372549,50,50,TGGTTGGTTTCCCGAGTATG,0,1814291
hdeAp2,0.0196078431372549,50,50,TAGATACTGTCTCGAACCCA,0,1782333
hdeAp2,0.0196078431372549,50,50,TACGCCGCTTCGTCGTCGAA,0,1809596
hdeAp2,0.0196078431372549,50,50,GGTCTTTTCCGATGTGACAG,0,1796375
hdeAp2,0.0196078431372549,50,50,GCGGGTCGCGGTGTGCGGAT,0,1776535
hdeAp2,0.0196078431372549,50,50,GCAGACCTGGACCGTTCTCA,0,1791169
hdeAp2,0.0196078431372549,50,50,CAATTGTCTACTTGCCCCGT,0,1800907
hdeAp2,0.0196078431372549,50,50,ATCACACGGTTGTACCGCAA,0,1775135
hdeAp2,0.02,49,49,GGGACAAGGCGGAGAAAAGC,0,1818067
hdeAp2,0.02,49,49,GCAATACGCCCTCGGTCTAT,0,1804336
hdeAp2,0.02,49,49,CGACCGGTCAGGTGGACCCC,0,1788379
hdeAp2,0.02,49,49,CCCGGTATATTGTGCACTGG,0,1812939
hdeAp2,0.02,49,49,CATGGGCCGTCCCGTTTTGT,0,1804562
hdeAp2,0.02,49,49,ATGTGAGGGCCGAGGACGTC,0,1808771
hdeAp2,0.02,49,49,AGTGTGTTGGTCGTTCAAGT,0,1792246
hdeAp2,0.02,49,49,AGTAGGGGACCACCGCGATT,0,1776557
hdeAp2,0.02,49,49,ACTACGGCACGTCTGACGAC,0,1784355
hdeAp2,0.02040816326530612,48,48,GGCGGATTTATCCTAGGCCA,0,1815090
hdeAp2,0.02040816326530612,48,48,GGACGGGCGGGTACTAACAT,0,1773326
hdeAp2,0.02040816326530612,48,48,GCCTATGAAATCGGACCAGC,0,1799934
hdeAp2,0.02040816326530612,48,48,CGGAGTACTTATAGGGTGTA,0,1776055
hdeAp2,0.020833333333333332,47,47,TTTTCGAGAAATATCTGATG,0,1794437
hdeAp2,0.020833333333333332,47,47,TTTCCGGATGGGGCCGGACA,0,1780947
hdeAp2,0.020833333333333332,47,47,TAAATGGGTCCGGGAGACGG,0,1785933
hdeAp2,0.020833333333333332,47,47,GTTCGACTCAGGCGGGCTCG,0,1785072
hdeAp2,0.020833333333333332,47,47,GTCGCTCGACCCGCTAGGAT,0,1821796
hdeAp2,0.020833333333333332,47,47,CGCGGGGTAGTTTTTGTAAA,0,1798602
hdeAp2,0.020833333333333332,47,47,CATCGTATTAGCGAGGACGT,0,1776243
hdeAp2,0.020833333333333332,47,47,ATATATAGTTACTAATACGC,0,1771208
hdeAp2,0.02127659574468085,46,46,TGGAGAAAACACACCGGTAC,0,1820857
hdeAp2,0.02127659574468085,46,46,TCCGCCGTGTCGGCCTTGTG,0,1797013
hdeAp2,0.02127659574468085,46,46,TATGCAATGAAACGAGAGTA,0,1824467
hdeAp2,0.02127659574468085,46,46,GGTCGAAGCGAGGTCTGGTC,0,1795587
hdeAp2,0.02127659574468085,46,46,CTTTGGCGCGTCATATATCA,0,1775692
hdeAp2,0.02127659574468085,46,46,CATTTCGTCCTCACAGGGAT,0,1775344
hdeAp2,0.02127659574468085,46,46,ATGGAGCTTACGCATGAAGG,0,1791536
hdeAp2,0.02127659574468085,46,46,ACGTGGAGCACTTGGGCATA,0,1784095
hdeAp2,0.02127659574468085,46,46,AACAGTGTCTCCGTGTGACT,0,1811625
hdeAp2,0.021739130434782608,45,45,TTTCTAAGGCCTGCCTCCAG,0,1792263
hdeAp2,0.021739130434782608,45,45,TCAGCATTAAATCGAGTGAT,0,1774519
hdeAp2,0.021739130434782608,45,45,ATAGAAGAGGCTTCTAAGTA,0,1776909
hdeAp2,0.021739130434782608,45,45,ACAGGCCTCAGTTAAAACGT,0,1785418
hdeAp2,0.022222222222222223,44,44,TTGTGGTTATAGAAGTGGTT,0,1782847
hdeAp2,0.022222222222222223,44,44,TCAGTAGGTACGCCTTGTTA,0,1787329
hdeAp2,0.022222222222222223,44,44,GTGTAGGCCAGTACTTAATA,0,1812431
hdeAp2,0.022222222222222223,44,44,GTACTGTAGCTCTTGCTTTA,0,1771735
hdeAp2,0.022222222222222223,44,44,GGAAGCGCGACCGCAACTAA,0,1813173
hdeAp2,0.022222222222222223,44,44,GGAACGTGGATTAACAGATG,0,1775473
hdeAp2,0.022222222222222223,44,44,GCTAAGCTAAAATCGCGTTA,0,1797919
hdeAp2,0.022222222222222223,44,44,GCCTGCCCCTAACAATGCTA,0,1771088
hdeAp2,0.022222222222222223,44,44,CTACTGTACAGTAAATAGTA,0,1801882
hdeAp2,0.022222222222222223,44,44,CCTTGGACCATTGGCTTCGG,0,1818413
hdeAp2,0.022222222222222223,44,44,CAAGCACAGAGGGGTCCCTT,0,1784286
hdeAp2,0.022222222222222223,44,44,ACTGGGTCTCCTGGGTGTAC,0,1780762
hdeAp2,0.022222222222222223,44,44,ACCGCTTGGCACAGGAACAC,0,1774780
hdeAp2,0.022727272727272728,43,43,TGGTCCATAGGTCTCCGGGG,0,1793136
hdeAp2,0.022727272727272728,43,43,TGCTTAGTCCTGAGAGCAAA,0,1781646
hdeAp2,0.022727272727272728,43,43,GGATTACCCCTTAACTTATG,0,1793753
hdeAp2,0.022727272727272728,43,43,GCGGCTCCAAAGTGTTTAGT,0,1820398
hdeAp2,0.022727272727272728,43,43,GCGCTATATCACACACAGTG,0,1800297
hdeAp2,0.022727272727272728,43,43,GCACTAAAGGAGCATCTAGA,0,1800088
hdeAp2,0.022727272727272728,43,43,GATGCATTCCCTTAATGACC,0,1782210
hdeAp2,0.022727272727272728,43,43,GAAGATGATATGGAGGTCCA,0,1800406
hdeAp2,0.022727272727272728,43,43,GAAATCGTCCGTAATTTATC,0,1823989
hdeAp2,0.022727272727272728,43,43,CTAGTAATAATCCGAGGAAT,0,1816460
hdeAp2,0.022727272727272728,43,43,CCAGAGTCTATGCTGAAGGG,0,1795963
hdeAp2,0.022727272727272728,43,43,ATTTTGATCACGTTGAGTAA,0,1808948
hdeAp2,0.023255813953488372,42,42,GTTCTGGGAGGCTCCAGCTT,0,1783470
hdeAp2,0.023255813953488372,42,42,GGTGTGCACCTGTTGTGCAT,0,1771740
hdeAp2,0.023255813953488372,42,42,GGAAGCCGGCCAAGTATACA,0,1774692
hdeAp2,0.023255813953488372,42,42,GCGAGGATTGGAATGTACTC,0,1803941
hdeAp2,0.023255813953488372,42,42,CTGGACCTCCGAGGGACTAT,0,1792254
hdeAp2,0.023255813953488372,42,42,CGCCTCGTAGAAACAGACGG,0,1800754
hdeAp2,0.023255813953488372,42,42,CCTAGGCCTCGCAGTGTATA,0,1810617
hdeAp2,0.023255813953488372,42,42,CCGGTATCACGCTACGCCAA,0,1780946
hdeAp2,0.023255813953488372,42,42,CAACTTCGGCGTGATATATC,0,1785448
hdeAp2,0.023255813953488372,42,42,ATAGCATGCAAAAAGAGAGC,0,1804531
hdeAp2,0.023255813953488372,42,42,ACCTGTGTAGGGAGGTGCTA,0,1784118
hdeAp2,0.023255813953488372,42,42,AACACCTACGAACATCAACT,0,1776400
hdeAp2,0.023809523809523808,41,41,TCTGCAACAGCTTAATCCTG,0,1801152
hdeAp2,0.023809523809523808,41,41,GCTTGCCATAAACCTCTTAC,0,1776305
hdeAp2,0.023809523809523808,41,41,GCCGGTACCAAAGCAACATG,0,1817287
hdeAp2,0.023809523809523808,41,41,CGGGTCACTCGGCGCTGAGA,0,1784138
hdeAp2,0.023809523809523808,41,41,CCTATTGCTGTCACTGATGG,0,1782016
hdeAp2,0.023809523809523808,41,41,CATTAACCTGACCAATAACA,0,1824367
hdeAp2,0.023809523809523808,41,41,ATGCAACGGGTAAGCTTCCT,0,1808262
hdeAp2,0.023809523809523808,41,41,AGCGGTGAGTAATAATGTCA,0,1783293
hdeAp2,0.023809523809523808,41,41,AGAGTATGTATTTAGTCCGT,0,1787654
hdeAp2,0.023809523809523808,41,41,ACCAACTGTCGCAACGCCGT,0,1818302
hdeAp2,0.023809523809523808,41,41,AAGATTGCGAAAGGTAGCCG,0,1772623
hdeAp2,0.024390243902439025,40,40,TTTACTGTTAGATATATTAG,0,1817623
hdeAp2,0.024390243902439025,40,40,TACGAATCTGTAATGCCTCC,0,1774782
hdeAp2,0.024390243902439025,40,40,GTAATTACTTCTTTATCTGC,0,1799259
hdeAp2,0.024390243902439025,40,40,GCGCGTCACAGGACGAAATA,0,1777155
hdeAp2,0.024390243902439025,40,40,CTGAAGGCCTAGGTGTCCTT,0,1787319
hdeAp2,0.024390243902439025,40,40,CTCTCGGACAGGACATCCGT,0,1809815
hdeAp2,0.024390243902439025,40,40,CTACGTCTGCACTCCTCAGA,0,1819644
hdeAp2,0.024390243902439025,40,40,CCCGTGGCTCTAGAACAAGA,0,1793453
hdeAp2,0.024390243902439025,40,40,ATCGTAACCGTCTTTCGGAT,0,1772667
hdeAp2,0.024390243902439025,40,40,AGCCAACGGCTCGGTTACGT,0,1781624
hdeAp2,0.025,39,39,TTGGAATCATGACAGGCTCA,0,1773220
hdeAp2,0.025,39,39,TCGGGTTTCCGGTCAGCAAT,0,1773223
hdeAp2,0.025,39,39,TCCGGCGCCAGACGTTGTAA,0,1816881
hdeAp2,0.025,39,39,GTTGGGTGGGATCAAAAAGC,0,1815608
hdeAp2,0.025,39,39,GTGATGGTACAGGACCTACT,0,1791760
hdeAp2,0.025,39,39,GCGAGGTAACTCTGCGAGGG,0,1787740
hdeAp2,0.025,39,39,GCACCACGGGACGATGGTAA,0,1825025
hdeAp2,0.025,39,39,GACAGGTAACCATTAGGATT,0,1771838
hdeAp2,0.025,39,39,CATCTGCTTCGACAGTCTCA,0,1808274
hdeAp2,0.025,39,39,CAAAGAAAGGCTCTCTCCGG,0,1772932
hdeAp2,0.025,39,39,ATGAGTTTCTGTCTGGTCAG,0,1794870
hdeAp2,0.025,39,39,AGTGTAAGGCTTAAGTCTGG,0,1815959
hdeAp2,0.025,39,39,AGTCTTACAGGAGTGAGAAC,0,1785857
hdeAp2,0.025,39,39,AAAGAGTGGACCATACTTGA,0,1806229
hdeAp2,0.02564102564102564,38,38,TTCACACTGGTTAAGGATAG,0,1789672
hdeAp2,0.02564102564102564,38,38,TGTCGCCCCCTCGCGTGGGT,0,1806063
hdeAp2,0.02564102564102564,38,38,TATGTTCGGTCCGTAATTAG,0,1828041
hdeAp2,0.02564102564102564,38,38,GCTGAACGTGCCGTGTGTAT,0,1786367
hdeAp2,0.02564102564102564,38,38,GAGAAAATCTCAAGACCCTA,0,1807379
hdeAp2,0.02564102564102564,38,38,CGTGAGCTGATGGGGACACT,0,1778146
hdeAp2,0.02564102564102564,38,38,CGGATAAAACAGTTAAACGT,0,1828204
hdeAp2,0.02564102564102564,38,38,CCCCACCAACAATACGTAGC,0,1807555
hdeAp2,0.02564102564102564,38,38,CCACTCCTAGCGGCCTGCAT,0,1805796
hdeAp2,0.02564102564102564,38,38,CAACGTGGACCCCGGCTCGA,0,1786987
hdeAp2,0.02564102564102564,38,38,AGTCTTGTTCACTCGAGGAT,0,1775429
hdeAp2,0.02564102564102564,38,38,AGGCTAACTCGGCTCCTCTA,0,1825293
hdeAp2,0.02564102564102564,38,38,AGCTCTGTGATTCATGGACA,0,1777162
hdeAp2,0.02564102564102564,38,38,AAGTCGTCTTCGCTTCACTA,0,1795678
hdeAp2,0.02564102564102564,38,38,AAGGCCGTGTTTGTATGTCA,0,1775731
hdeAp2,0.02631578947368421,37,37,TGGGATGTTACGGTATGGGT,0,1774480
hdeAp2,0.02631578947368421,37,37,TATCGGATGGGTCTGAGCGC,0,1798726
hdeAp2,0.02631578947368421,37,37,GTCTTCCCGCACTAATTCCA,0,1778814
hdeAp2,0.02631578947368421,37,37,GGGGTGGCATCTGTAATGCA,0,1803473
hdeAp2,0.02631578947368421,37,37,GCCGCTTGTTCATCACGAGC,0,1792261
hdeAp2,0.02631578947368421,37,37,GCAGGACGCACTAAGTGTTG,0,1779411
hdeAp2,0.02631578947368421,37,37,GAAACCCGTGCGGTCTCCTA,0,1780030
hdeAp2,0.02631578947368421,37,37,CGGTTGCTCCACGCAATGAA,0,1778382
hdeAp2,0.02631578947368421,37,37,CGGGGTTCGGCTCGTATCCT,0,1790019
hdeAp2,0.02631578947368421,37,37,CACAGGTCGTGGGTCCAAGT,0,1784663
hdeAp2,0.02631578947368421,37,37,ATTGTGTAGCGTGCGGTTAG,0,1814069
hdeAp2,0.02631578947368421,37,37,ATATGGGAATCCGCGGGCGA,0,1772681
hdeAp2,0.02631578947368421,37,37,AGGTCAGCCGTCAGGGGCCT,0,1775765
hdeAp2,0.02631578947368421,37,37,AGACGCTGCATATGTGACAC,0,1788140
hdeAp2,0.02631578947368421,37,37,AAGTACGAGTGTTGCAAGGA,0,1778105
hdeAp2,0.02702702702702703,36,36,TTGGGACAGGAAATTCACTA,0,1780076
hdeAp2,0.02702702702702703,36,36,TTGAGTTAAGATAAGTGGCA,0,1773499
hdeAp2,0.02702702702702703,36,36,TGTCGGTTTCTAGCGCAACT,0,1780460
hdeAp2,0.02702702702702703,36,36,TGATTTTTGGTGGCATCAGC,0,1773862
hdeAp2,0.02702702702702703,36,36,TCTAAGGCCGTGGCAGGGAA,0,1781200
hdeAp2,0.02702702702702703,36,36,TCGTGCAGTTTGCAGAAGTG,0,1789495
hdeAp2,0.02702702702702703,36,36,TCATCCAGGGTACACCCCAG,0,1785525
hdeAp2,0.02702702702702703,36,36,TAGCTCACCCCCCTACGATC,0,1775307
hdeAp2,0.02702702702702703,36,36,GTTTCAATACAAGCAGGGTT,0,1771976
hdeAp2,0.02702702702702703,36,36,GTCCTAACGTTATCAGCGAA,0,1816212
hdeAp2,0.02702702702702703,36,36,GCGAAGGGTCCTAGATTTTA,0,1812129
hdeAp2,0.02702702702702703,36,36,GCCAGCGACGGGCTTGGTCA,0,1775555
hdeAp2,0.02702702702702703,36,36,CTTCGCATGCGTGCATTGTA,0,1805426
hdeAp2,0.02702702702702703,36,36,CTGGGAGGGCAAGATTGCTG,0,1802448
hdeAp2,0.02702702702702703,36,36,CTCCGGCGTATAGGGGGATT,0,1816614
hdeAp2,0.02702702702702703,36,36,CGTAAATGATAGTTGTAGAC,0,1776423
hdeAp2,0.02702702702702703,36,36,CGTAAAGTGCCGCGCTTTGG,0,1808652
hdeAp2,0.02702702702702703,36,36,CGGTGCGATAATTATTTTTT,0,1772346
hdeAp2,0.02702702702702703,36,36,CGGGTACGACTAAGAGATTT,0,1779432
hdeAp2,0.02702702702702703,36,36,CCCTCCAGGATCGTATAAAT,0,1775497
hdeAp2,0.02702702702702703,36,36,CCACGTCAGGTTCAGCTGGA,0,1792698
hdeAp2,0.02702702702702703,36,36,ATGATGTTGGGTTCTAAGTG,0,1795149
hdeAp2,0.02702702702702703,36,36,AGCCGACAAGTAATTGTGCT,0,1788962
hdeAp2,0.02702702702702703,36,36,AAGCATCACGGATAGTTTAC,0,1818418
hdeAp2,0.02702702702702703,36,36,AACTCTGGAGTGAATAGAAT,0,1779151
hdeAp2,0.02702702702702703,36,36,AAATGGATCAACAAAATTTC,0,1779415
hdeAp2,0.027777777777777776,35,35,TTGTAGTACAGATTTGAGGT,0,1799303
hdeAp2,0.027777777777777776,35,35,TCCACCCATTCATGGATCAG,0,1792065
hdeAp2,0.027777777777777776,35,35,TCAATGCAAACGCATAGCAA,0,1786521
hdeAp2,0.027777777777777776,35,35,GTTGTCCGTCTCCAGAGTGG,0,1788815
hdeAp2,0.027777777777777776,35,35,GGTCCAGCTTCCGTCCCCTC,0,1773131
hdeAp2,0.027777777777777776,35,35,GGGTCGAGAGAGAGGCTTCA,0,1774603
hdeAp2,0.027777777777777776,35,35,GCGACATTGTAGGATTCTTA,0,1786610
hdeAp2,0.027777777777777776,35,35,GCAAAAGCCGAGCAACATGT,0,1772846
hdeAp2,0.027777777777777776,35,35,GATAAGACGGTGCGGAGGAA,0,1779650
hdeAp2,0.027777777777777776,35,35,GACCATACGCCATTGTACAC,0,1784020
hdeAp2,0.027777777777777776,35,35,CTGAACGTCGTTCGGCTACA,0,1771502
hdeAp2,0.027777777777777776,35,35,CGGTCACACTGCCGTTCCCC,0,1773403
hdeAp2,0.027777777777777776,35,35,CGCTATTGCAGTAGTAACTG,0,1773291
hdeAp2,0.027777777777777776,35,35,CCGCATGCTAAGGATGGTGT,0,1816894
hdeAp2,0.027777777777777776,35,35,CCCACGGTGTTAAGCGGTAA,0,1771626
hdeAp2,0.027777777777777776,35,35,ACCGTGCCGATACTGGAGTT,0,1803781
hdeAp2,0.027777777777777776,35,35,ACAAGGCCCGTCCGTCCCAA,0,1821520
hdeAp2,0.027777777777777776,35,35,AAGGCGCATTTCTTCCAACG,0,1798862
hdeAp2,0.027777777777777776,35,35,AAGGCCGTTCGCTTAATGCA,0,1780007
hdeAp2,0.027777777777777776,35,35,AACGCTGCAGCTTCCATCAA,0,1819375
hdeAp2,0.02857142857142857,34,34,TGCATCAGGATCGCCCCGTG,0,1772085
hdeAp2,0.02857142857142857,34,34,TCGTTGGTTAGATTCACTGA,0,1776216
hdeAp2,0.02857142857142857,34,34,TCGCTAGGGCGGGCTAGATC,0,1783451
hdeAp2,0.02857142857142857,34,34,TCCTCAAAACCCCACGTGAA,0,1801203
hdeAp2,0.02857142857142857,34,34,TCACATGACACTAGGGTTCT,0,1807931
hdeAp2,0.02857142857142857,34,34,TATCATCGTGAAGGGGTCAT,0,1806591
hdeAp2,0.02857142857142857,34,34,TACGATGCTTCCGGTGAGGT,0,1794785
hdeAp2,0.02857142857142857,34,34,GTGCCAACATATCCTTATCT,0,1826712
hdeAp2,0.02857142857142857,34,34,GTAGTCCCCTTGAACGCGGG,0,1783606
hdeAp2,0.02857142857142857,34,34,GGCTAGCAATAACTGGGCAG,0,1820637
hdeAp2,0.02857142857142857,34,34,GGCCATCTAGGCGAAGGCGT,0,1788526
hdeAp2,0.02857142857142857,34,34,GCTGTCGGCACGAGGGAGTG,0,1777639
hdeAp2,0.02857142857142857,34,34,GACTCATGTACGCTTGTACA,0,1775566
hdeAp2,0.02857142857142857,34,34,GAACGTCTCACATCGCTCCG,0,1807669
hdeAp2,0.02857142857142857,34,34,CTTTTCCTAACCCGTTTGGT,0,1801649
hdeAp2,0.02857142857142857,34,34,CTTCTGTCATTGAAATCAAC,0,1787864
hdeAp2,0.02857142857142857,34,34,CGGAGCACGTTCTTACTGCA,0,1794672
hdeAp2,0.02857142857142857,34,34,CGCGTGTTACGGCACCCCTA,0,1808893
hdeAp2,0.02857142857142857,34,34,CGACCTGCATATCTGGTGCT,0,1813845
hdeAp2,0.02857142857142857,34,34,CCGTCAACCGCGGTTTTGAA,0,1806031
hdeAp2,0.02857142857142857,34,34,CATCAGGCACACGCTCAATG,0,1808725
hdeAp2,0.02857142857142857,34,34,CAACCGATTTTTACTACTTT,0,1775499
hdeAp2,0.02857142857142857,34,34,AGGAAACTTAAACAGGCATT,0,1804955
hdeAp2,0.02857142857142857,34,34,AGACATTGAGGCGCTCAATA,0,1771543
hdeAp2,0.02857142857142857,34,34,AAGGAGTCGAAAGAGACGAT,0,1785077
hdeAp2,0.029411764705882353,33,33,TTTCAAAGAATGGCACGCGA,0,1806013
hdeAp2,0.029411764705882353,33,33,TCTGGTCCACCTTTACCGAT,0,1773568
hdeAp2,0.029411764705882353,33,33,TCCCGCACGCCATTAGAGTC,0,1787332
hdeAp2,0.029411764705882353,33,33,GTGTTGGGTCAGTAATTATG,0,1787758
hdeAp2,0.029411764705882353,33,33,GTGCCACCAGTTGGGGGCGA,0,1795038
hdeAp2,0.029411764705882353,33,33,GTGAACGGTCAACGCTACTC,0,1774936
hdeAp2,0.029411764705882353,33,33,GGCACGTTTCCTCTCGGGTT,0,1778855
hdeAp2,0.029411764705882353,33,33,GGATTTTTAATATCGCGAAC,0,1806209
hdeAp2,0.029411764705882353,33,33,GGACCTGATTATGGGGCTGA,0,1826494
hdeAp2,0.029411764705882353,33,33,GCAGTATCCCCCAGTGTCGC,0,1777106
hdeAp2,0.029411764705882353,33,33,GCAAAGCCCCAATCAGTCTG,0,1778010
hdeAp2,0.029411764705882353,33,33,GAGCTCTATTATTCGGGGTT,0,1788598
hdeAp2,0.029411764705882353,33,33,GAGAGTTGCATTTCAGGGGG,0,1788887
hdeAp2,0.029411764705882353,33,33,GACGGACAGACTGAACACTG,0,1821464
hdeAp2,0.029411764705882353,33,33,CTCTTTGCGTGTCAATTGTT,0,1779739
hdeAp2,0.029411764705882353,33,33,CTACCAAGTGCTGCGGGGGA,0,1810404
hdeAp2,0.029411764705882353,33,33,CCCATATGTTGCGTCCTGCA,0,1800067
hdeAp2,0.029411764705882353,33,33,CAGACGTCTTTGGGCAACAT,0,1784192
hdeAp2,0.029411764705882353,33,33,ATATGGCCCCGGGTAACTCT,0,1821197
hdeAp2,0.029411764705882353,33,33,AGTGCTAACCTACGCGCGCG,0,1786989
hdeAp2,0.029411764705882353,33,33,AGGCGATCCCGTGGAGCAAG,0,1803735
hdeAp2,0.029411764705882353,33,33,AGCTGCTGCCGTTGTTGCTT,0,1827154
hdeAp2,0.029411764705882353,33,33,AGCCGATGAGGAATAGGATA,0,1785696
hdeAp2,0.029411764705882353,33,33,AGCAAGTGATGGTGTCGTTC,0,1777529
hdeAp2,0.029411764705882353,33,33,AGAGCAAGAATGGACACCGT,0,1775263
hdeAp2,0.029411764705882353,33,33,AGAAGAGAAACTTAATCTAT,0,1818069
hdeAp2,0.029411764705882353,33,33,ACTTAGACCAAGCAAATGGA,0,1774886
hdeAp2,0.029411764705882353,33,33,ACCTAATCCCTTCATCATAG,0,1781838
hdeAp2,0.029411764705882353,33,33,ACAGTCTTTACATTCGAGGT,0,1782923
hdeAp2,0.029411764705882353,33,33,AAATTCGCGGAATAATTGAT,0,1780310
hdeAp2,0.030303030303030304,32,32,TTGTGCCCCGAGGAGCGGTA,0,1790089
hdeAp2,0.030303030303030304,32,32,TTCACAACGCGACTGCCAAA,0,1815461
hdeAp2,0.030303030303030304,32,32,TTATAGACAGTACCCCCCGT,0,1776224
hdeAp2,0.030303030303030304,32,32,TTACGCGGTGCCAATTGCAT,0,1801102
hdeAp2,0.030303030303030304,32,32,TGGGTGGGACCCACTACACA,0,1773033
hdeAp2,0.030303030303030304,32,32,TCTTCTGTCAACGGCTCATC,0,1773155
hdeAp2,0.030303030303030304,32,32,TCACTTGTTCGCAGCTATGA,0,1774633
hdeAp2,0.030303030303030304,32,32,TATGGAATATTGTAGGATGT,0,1780862
hdeAp2,0.030303030303030304,32,32,TAGCCGTCGGGGCGGCCCCG,0,1808704
hdeAp2,0.030303030303030304,32,32,TACTGGGCAGTCCTAAGCTT,0,1771736
hdeAp2,0.030303030303030304,32,32,GGTCGTTAGCAGTAGTTAGC,0,1779648
hdeAp2,0.030303030303030304,32,32,GGCTAAATTTTATTCAGTGT,0,1808635
hdeAp2,0.030303030303030304,32,32,GGAGTGAAAACAGCTAACAA,0,1808419
hdeAp2,0.030303030303030304,32,32,GATCGTCACGAACTCAGATG,0,1803417
hdeAp2,0.030303030303030304,32,32,GAAGGCCGTCTTAGCGCCCT,0,1795131
hdeAp2,0.030303030303030304,32,32,CTTTTCCTGGACACCAGTTT,0,1808302
hdeAp2,0.030303030303030304,32,32,CTTAAGTAGCTCCGCGAAGA,0,1819356
hdeAp2,0.030303030303030304,32,32,CTCGAGCTGTCAGTTCGCTT,0,1802188
hdeAp2,0.030303030303030304,32,32,CTAGGCACGGAATTACCTAA,0,1781048
hdeAp2,0.030303030303030304,32,32,CGTTTCATTGTGAGTTGGAC,0,1786568
hdeAp2,0.030303030303030304,32,32,CGTCACGTTGATTCCCGTAG,0,1799543
hdeAp2,0.030303030303030304,32,32,CCTTTTGGGATGCGTACGAC,0,1777925
hdeAp2,0.030303030303030304,32,32,CCAGGAGAAGTGATCCCAGT,0,1786463
hdeAp2,0.030303030303030304,32,32,CATCGAACGCGTACAGCAGG,0,1805042
hdeAp2,0.030303030303030304,32,32,CACTGTCATGGATTCCGGTA,0,1824750
hdeAp2,0.030303030303030304,32,32,CAACACTGCTTATGCGACCT,0,1787072
hdeAp2,0.030303030303030304,32,32,ATCATCGTGTGACACGACGG,0,1777669
hdeAp2,0.030303030303030304,32,32,ATACCGATCAGTGACCTATA,0,1778514
hdeAp2,0.030303030303030304,32,32,ACGTTGAGGTCTTCTCCACA,0,1782738
hdeAp2,0.030303030303030304,32,32,ACGGTTAAAGCGCTGCGTTT,0,1809786
hdeAp2,0.030303030303030304,32,32,ACCCAAACGCTCTACCGACA,0,1795586
hdeAp2,0.030303030303030304,32,32,ACATTAATTGATCATTAATA,0,1779738
hdeAp2,0.030303030303030304,32,32,AAAAAGCAGCGTCGTAGTGC,0,1770951
hdeAp2,0.03125,31,31,TTTCTGTAAGGACCCCCGCT,0,1772243
hdeAp2,0.03125,31,31,TGTGGCGGTGGGTTCTAGAC,0,1797857
hdeAp2,0.03125,31,31,TGTGGAGACACCTTCGTTAC,0,1806856
hdeAp2,0.03125,31,31,TGTCGCCTTACGAGAGAATG,0,1811554
hdeAp2,0.03125,31,31,TCAGGCCGGCACTAATGATG,0,1795534
hdeAp2,0.03125,31,31,TATCCTGCGACTCACGAAAA,0,1782371
hdeAp2,0.03125,31,31,TAGTCTGGGTCCAAGGAGCA,0,1775959
hdeAp2,0.03125,31,31,TAATGCCGCACGCCCGGCTC,0,1798733
hdeAp2,0.03125,31,31,TAAGAGGTAGGGTACAGACA,0,1819737
hdeAp2,0.03125,31,31,GTCTAGCCTTCCGGTAAGGT,0,1812075
hdeAp2,0.03125,31,31,GGAGCAGCCCTGTAAGCGGC,0,1793847
hdeAp2,0.03125,31,31,GGACTCTGCCGGTACCCCAA,0,1779877
hdeAp2,0.03125,31,31,GGAAGTCGGACGGTCGTTCC,0,1805898
hdeAp2,0.03125,31,31,GCTAGGTACTCTGTCGGGCA,0,1788442
hdeAp2,0.03125,31,31,GCCGTATGAGGGTTTGCGAA,0,1777334
hdeAp2,0.03125,31,31,GAGTACTGCTGAGTGGGCAT,0,1782611
hdeAp2,0.03125,31,31,GAGATAATTCCTGCTAGCGT,0,1799820
hdeAp2,0.03125,31,31,GACTCGGCACATGGCCAACA,0,1816849
hdeAp2,0.03125,31,31,CTTCGTCAGCGTGTTGAAGT,0,1775941
hdeAp2,0.03125,31,31,CTGTAGATAATTCTCACGGT,0,1815253
hdeAp2,0.03125,31,31,CTGGAGCTCATACGGTAACA,0,1773321
hdeAp2,0.03125,31,31,CTGCGGAGCTCGCAGAAGTT,0,1773841
hdeAp2,0.03125,31,31,CTCCATATAATTAGAACTAA,0,1793113
hdeAp2,0.03125,31,31,CTAAGGTAATAGCTCACCTG,0,1801737
hdeAp2,0.03125,31,31,CGTCTCAGCATCTGCTACCC,0,1789285
hdeAp2,0.03125,31,31,CGTCTAACTGAATCAATATG,0,1775159
hdeAp2,0.03125,31,31,CGGCTTAAGGCCGGCTGGGT,0,1793236
hdeAp2,0.03125,31,31,CGGATCGGAAAGCAACCTCA,0,1772355
hdeAp2,0.03125,31,31,CGAAAGGTTCGGGATGTAAA,0,1803385
hdeAp2,0.03125,31,31,CATGATAATAGCGGGTAAAT,0,1816285
hdeAp2,0.03125,31,31,CAATAGCTTGCGTTGGCTGG,0,1774632
hdeAp2,0.03125,31,31,CAAGTAGCAGTAGCCGGGCT,0,1773632
hdeAp2,0.03125,31,31,CAAAGTAATAGGCAGTGGTG,0,1814832
hdeAp2,0.03125,31,31,ATTGTCGGGGGCAATCCAGG,0,1822372
hdeAp2,0.03125,31,31,ATTGCATTTGACCGATGAGT,0,1813015
hdeAp2,0.03125,31,31,ATCATGGGCGCGATAGACCT,0,1804330
hdeAp2,0.03125,31,31,AGGGCGTTTTCGATGGTTCT,0,1813971
hdeAp2,0.03125,31,31,AGAGATGCTGTAGAATCTTA,0,1780033
hdeAp2,0.03225806451612903,30,30,TTGTAAGGAACTGTCGAGAG,0,1789545
hdeAp2,0.03225806451612903,30,30,TGTTCCATCTGGAACGGGAG,0,1797643
hdeAp2,0.03225806451612903,30,30,TCGCGGGCAGATACGTGTAT,0,1798640
hdeAp2,0.03225806451612903,30,30,TCCTTATCCAGGGGGATGTG,0,1785815
hdeAp2,0.03225806451612903,30,30,TCAAAGTCAACAGCATGTCT,0,1796063
hdeAp2,0.03225806451612903,30,30,TATCAACCCAGCTAGGGGTG,0,1781031
hdeAp2,0.03225806451612903,30,30,TAATAGTCATTGGAGCATTC,0,1780858
hdeAp2,0.03225806451612903,30,30,GTTTGACGGCAATGCATATA,0,1820896
hdeAp2,0.03225806451612903,30,30,GTGCGAGTTTATCTGTCCTT,0,1813492
hdeAp2,0.03225806451612903,30,30,GTGAAAGGCTATAGTTAAGG,0,1820858
hdeAp2,0.03225806451612903,30,30,GTATGGACCGCCTATATGAT,0,1816095
hdeAp2,0.03225806451612903,30,30,GTAGGACTCATCATGCGAGG,0,1790454
hdeAp2,0.03225806451612903,30,30,GTAAGCATGCAACTTTGTTA,0,1776179
hdeAp2,0.03225806451612903,30,30,GGTATTGAAGCACAGTTGCA,0,1819572
hdeAp2,0.03225806451612903,30,30,GGTAAATACCGATCCTCAGA,0,1800296
hdeAp2,0.03225806451612903,30,30,GGGCAGACCGATCTTTAACT,0,1819887
hdeAp2,0.03225806451612903,30,30,GGGAAACGTTGTTGCAGGAA,0,1807107
hdeAp2,0.03225806451612903,30,30,GGCACGTCGTAGCTGCGCTA,0,1788464
hdeAp2,0.03225806451612903,30,30,GATTATCGAGCCATCAGGAA,0,1789146
hdeAp2,0.03225806451612903,30,30,GAAAGCAGGTTCGCACAGTA,0,1795821
hdeAp2,0.03225806451612903,30,30,CTTTATACTTGGTCCGGAAC,0,1784723
hdeAp2,0.03225806451612903,30,30,CGGTACCCAACTCGCGGCAT,0,1784360
hdeAp2,0.03225806451612903,30,30,CGGCTCAGATTCCAACGCCA,0,1781275
hdeAp2,0.03225806451612903,30,30,CGGATTCATCGGCACCTGTC,0,1771634
hdeAp2,0.03225806451612903,30,30,CCTTTTTGTTAATGGCAAGT,0,1778035
hdeAp2,0.03225806451612903,30,30,CCGGAAATGAATCGTGGTTC,0,1790362
hdeAp2,0.03225806451612903,30,30,CCCGTTGCCCTATGCGGCCA,0,1786811
hdeAp2,0.03225806451612903,30,30,CCCACCGTGCTCTGCCCACA,0,1783406
hdeAp2,0.03225806451612903,30,30,CATAACAAATGCCTATGATG,0,1805614
hdeAp2,0.03225806451612903,30,30,CACGACTCCGCACTTGCCTG,0,1806900
hdeAp2,0.03225806451612903,30,30,CAAGACACGGGGGAAGTGCG,0,1792219
hdeAp2,0.03225806451612903,30,30,CAAAGAAGTGGGGTCGCCAG,0,1794555
hdeAp2,0.03225806451612903,30,30,CAAACCCAAAAAATTGGGTG,0,1820507
hdeAp2,0.03225806451612903,30,30,ATGTGTTGTTAGCACCGCGT,0,1775217
hdeAp2,0.03225806451612903,30,30,ACGACGCTTTATCCCTGCAG,0,1822692
hdeAp2,0.03225806451612903,30,30,ACAGTTTATCAGCGCTCACA,0,1802278
hdeAp2,0.03225806451612903,30,30,ACAGGCGAACGCTGGGGTAC,0,1795736
hdeAp2,0.03225806451612903,30,30,AACGGGCGAAGTGGTCAGGT,0,1804479
hdeAp2,0.03225806451612903,30,30,AAATGTGAAACTGGGAACTC,0,1792861
hdeAp2,0.03333333333333333,29,29,TTGGCATAGTAAATTCGCTA,0,1791493
hdeAp2,0.03333333333333333,29,29,TTGCCAGCAGACGCTCGTTG,0,1785118
hdeAp2,0.03333333333333333,29,29,TTCTTTCTAGCGTCCGAGGA,0,1782972
hdeAp2,0.03333333333333333,29,29,TTCGGAAGACTTGCGTCGGG,0,1783360
hdeAp2,0.03333333333333333,29,29,TTCGATTAGAGTGCATCAAA,0,1775282
hdeAp2,0.03333333333333333,29,29,TGGTCATGGTTCACGGGCGG,0,1809943
hdeAp2,0.03333333333333333,29,29,TGCGGTGCCAGTTGTATGCT,0,1794881
hdeAp2,0.03333333333333333,29,29,TCGATGTTCTTTTTGGGATT,0,1808796
hdeAp2,0.03333333333333333,29,29,TCCCAGCCCGGCGCAACGCT,0,1772404
hdeAp2,0.03333333333333333,29,29,TAGAAGTATAGCCTTGCGTA,0,1772111
hdeAp2,0.03333333333333333,29,29,TAAATTACCACTACGGGGCG,0,1791751
hdeAp2,0.03333333333333333,29,29,GTGGGGGAGTTGTCTCCGCA,0,1794829
hdeAp2,0.03333333333333333,29,29,GTGACGCGGCCTGGGTGCGG,0,1787066
hdeAp2,0.03333333333333333,29,29,GTCGCTTTATGCTAGTGTCT,0,1792099
hdeAp2,0.03333333333333333,29,29,GGGGGTAGATCATGCTGGCG,0,1795155
hdeAp2,0.03333333333333333,29,29,GGCTGATCATTGTTCACATT,0,1774783
hdeAp2,0.03333333333333333,29,29,GGCCTCTCTTACGAGCGTTG,0,1808429
hdeAp2,0.03333333333333333,29,29,GGCCGCTACGGCTTCGATCT,0,1792071
hdeAp2,0.03333333333333333,29,29,GCTTACTGGGAATATTGCCC,0,1788473
hdeAp2,0.03333333333333333,29,29,GCGGTAGCATTGCCGGCCTC,0,1773649
hdeAp2,0.03333333333333333,29,29,GCCTACCGTAAGAGGTAATA,0,1826161
hdeAp2,0.03333333333333333,29,29,GCAAGATCGACCTCGTCTGA,0,1799527
hdeAp2,0.03333333333333333,29,29,GCAACAGAGCGGTTCAAGGA,0,1772121
hdeAp2,0.03333333333333333,29,29,GATTTAAACCGCCTCAACGG,0,1777338
hdeAp2,0.03333333333333333,29,29,GAGAGGGGTGCAATAGAAGT,0,1777640
hdeAp2,0.03333333333333333,29,29,CTTCAGCCATCGCTTCTGAG,0,1785676
hdeAp2,0.03333333333333333,29,29,CTATGCGTCTACGGTATGAA,0,1810911
hdeAp2,0.03333333333333333,29,29,CTAATTAGAATGCTCAACGT,0,1774422
hdeAp2,0.03333333333333333,29,29,CGTTTAGTAAATGTGCCCGT,0,1778809
hdeAp2,0.03333333333333333,29,29,CGTGTTTCAGTGTGTCTGTT,0,1796673
hdeAp2,0.03333333333333333,29,29,CGCAAGATTCAAGTACGTTG,0,1790346
hdeAp2,0.03333333333333333,29,29,CCGTATCTTCAAACCCTCAC,0,1771662
hdeAp2,0.03333333333333333,29,29,CCCAAAGTCATCTGGTACCA,0,1775472
hdeAp2,0.03333333333333333,29,29,CCACTCTTTGCGGAGAAGGA,0,1774784
hdeAp2,0.03333333333333333,29,29,CATGCCTACGTTAGTACGTC,0,1799492
hdeAp2,0.03333333333333333,29,29,CATCCCTCAATGGGTACTTC,0,1793174
hdeAp2,0.03333333333333333,29,29,CATCAACGCCTGCTATTTAG,0,1794605
hdeAp2,0.03333333333333333,29,29,CAATGACATCCACGAGGTAT,0,1804746
hdeAp2,0.03333333333333333,29,29,ATTGAAGCTTACGTCCGGCT,0,1804250
hdeAp2,0.03333333333333333,29,29,ATTAACTCACGCGGGTCGAG,0,1809793
hdeAp2,0.03333333333333333,29,29,ATCCTGGCTTGTCGCGGTTG,0,1789269
hdeAp2,0.03333333333333333,29,29,ATAGCAAGACTACCTCGTAT,0,1800855
hdeAp2,0.03333333333333333,29,29,AGGTTTCGTAACTTGGAGAT,0,1826890
hdeAp2,0.03333333333333333,29,29,AGCTCCCCCTTTGATGGCCA,0,1786081
hdeAp2,0.03333333333333333,29,29,ACGGAGCTCGGATACATACA,0,1771481
hdeAp2,0.03333333333333333,29,29,AAGTTTACGAGCTGTCATGA,0,1813875
hdeAp2,0.03333333333333333,29,29,AAGCATGTTTAGACCGGCGC,0,1790500
hdeAp2,0.03333333333333333,29,29,AAATAATGTTATTTGTCCCA,0,1780838
hdeAp2,0.034482758620689655,28,28,TTGCTCAGTTAATCGATCGA,0,1812694
hdeAp2,0.034482758620689655,28,28,TTCAGTATCTAAGGTTGAAA,0,1785326
hdeAp2,0.034482758620689655,28,28,TTACGAAGCGTTGGTACTCA,0,1782627
hdeAp2,0.034482758620689655,28,28,TGGCTCAGCATTTTGCTAGT,0,1793992
hdeAp2,0.034482758620689655,28,28,TGATGTGCCACAGGGTAACA,0,1825587
hdeAp2,0.034482758620689655,28,28,TCGAAGCATGGGCGTAGCGC,0,1789420
hdeAp2,0.034482758620689655,28,28,TCATCTGTACAACTCGTCTT,0,1808019
hdeAp2,0.034482758620689655,28,28,TAGGAGTTCGCAACGAAATG,0,1824214
hdeAp2,0.034482758620689655,28,28,TAGCGAATGTCGGAGTCGTC,0,1791115
hdeAp2,0.034482758620689655,28,28,TAACAGGTTCCGCATAATAA,0,1821294
hdeAp2,0.034482758620689655,28,28,GTTTGCCCTCTGACTAATGA,0,1793366
hdeAp2,0.034482758620689655,28,28,GTTAAAGTGCCCATTTGATA,0,1802256
hdeAp2,0.034482758620689655,28,28,GTATGAGGTTTCTCTATTTC,0,1821763
hdeAp2,0.034482758620689655,28,28,GTAATGTCTCAGGGCGGAAC,0,1793425
hdeAp2,0.034482758620689655,28,28,GGGCCGCAAGATACCAGTCG,0,1774730
hdeAp2,0.034482758620689655,28,28,GGCTGATACGGAGTAGTTAG,0,1816519
hdeAp2,0.034482758620689655,28,28,GGCGCCCACGGTCTACGGCA,0,1778399
hdeAp2,0.034482758620689655,28,28,GGCATATGTACCATTGGCCA,0,1816591
hdeAp2,0.034482758620689655,28,28,GGAGTCATTACTCTTGTGAT,0,1818063
hdeAp2,0.034482758620689655,28,28,GGACAAGCACGTGGTTCGTA,0,1786133
hdeAp2,0.034482758620689655,28,28,GGAAGAAGCAAAATAACGTT,0,1788310
hdeAp2,0.034482758620689655,28,28,GGAAAAGTATTTGCCGCCTA,0,1791118
hdeAp2,0.034482758620689655,28,28,GCTCCCAATTTACACTGTTA,0,1822001
hdeAp2,0.034482758620689655,28,28,GCCCTTTGGGCTACCGCGCG,0,1780650
hdeAp2,0.034482758620689655,28,28,GCCACCTACCCCATCACAGA,0,1771827
hdeAp2,0.034482758620689655,28,28,GCACGAGTGATGATAGGTGA,0,1778929
hdeAp2,0.034482758620689655,28,28,GATGGGCGCAGAAGGCGGGT,0,1813758
hdeAp2,0.034482758620689655,28,28,GAATGGAAACTTTCATCATT,0,1799763
hdeAp2,0.034482758620689655,28,28,CTCGTTGATAGGGGATACGC,0,1796826
hdeAp2,0.034482758620689655,28,28,CGGGGTGTTTTGAGGGGCAG,0,1798215
hdeAp2,0.034482758620689655,28,28,CGCATTGACCTAGATGCATA,0,1801169
hdeAp2,0.034482758620689655,28,28,CGCACCTTAGGACATTGAGA,0,1787099
hdeAp2,0.034482758620689655,28,28,CGATGCAGATACGCATCGAG,0,1814821
hdeAp2,0.034482758620689655,28,28,CCGTGACACGCTTTAATTCG,0,1814788
hdeAp2,0.034482758620689655,28,28,CCGGTTTAATTACAGGGAGA,0,1775794
hdeAp2,0.034482758620689655,28,28,CAGATCCAACAACTGACAGT,0,1812015
hdeAp2,0.034482758620689655,28,28,ATAGATATCCGTTTGTTTTA,0,1789024
hdeAp2,0.034482758620689655,28,28,ATAAGGTCCAGGGAATAGGT,0,1793245
hdeAp2,0.034482758620689655,28,28,AGGGTCCGCTTCGCTAAAAT,0,1789970
hdeAp2,0.034482758620689655,28,28,AGGGCAAGCTGATCTGATAT,0,1792936
hdeAp2,0.034482758620689655,28,28,AGGCAAAGACCTAATATTAC,0,1804314
hdeAp2,0.034482758620689655,28,28,AGCGGCCTGGATAAACATAC,0,1801872
hdeAp2,0.034482758620689655,28,28,ACTGTATAGGCTCGACTGGT,0,1802325
hdeAp2,0.034482758620689655,28,28,ACTCTGGACGAGTTGACGGC,0,1799070
hdeAp2,0.034482758620689655,28,28,ACGTTTGGTTTTTATAAGAT,0,1780238
hdeAp2,0.034482758620689655,28,28,ACGTAGCGTTGGGGCAAAAA,0,1821391
hdeAp2,0.034482758620689655,28,28,AAGCGTGGTCGCATAGTCCT,0,1812970
hdeAp2,0.034482758620689655,28,28,AACTGCTACGCACTTGGAGC,0,1772050
hdeAp2,0.034482758620689655,28,28,AAAAGTGCGGTACTTGTAGA,0,1806882
hdeAp2,0.03571428571428571,27,27,TTGTCGGTCGGTTGGCTCTT,0,1796794
hdeAp2,0.03571428571428571,27,27,TTCGGAGGCGGGGGTAACGT,0,1783664
hdeAp2,0.03571428571428571,27,27,TTCACAGCGAAGCTCGGGGT,0,1794225
hdeAp2,0.03571428571428571,27,27,TGGTCTTGTTCCTCTTTCAC,0,1802069
hdeAp2,0.03571428571428571,27,27,TGGAGGACTAGGCGTTTCTT,0,1772873
hdeAp2,0.03571428571428571,27,27,TGCCTGTACACCGTGCTTGA,0,1786867
hdeAp2,0.03571428571428571,27,27,TGCCGATAACCCGAATCAGT,0,1817293
hdeAp2,0.03571428571428571,27,27,TCTCCTCCTAGTGTCTACCA,0,1774045
hdeAp2,0.03571428571428571,27,27,TCGTAAATCGGGACGACGTA,0,1807476
hdeAp2,0.03571428571428571,27,27,TAGATCAGTAAGGCCCTTAG,0,1785796
hdeAp2,0.03571428571428571,27,27,TAACCTGTGTAAAATCGGTT,0,1789271
hdeAp2,0.03571428571428571,27,27,GTGCTCCTGTCACCAGTCCT,0,1784092
hdeAp2,0.03571428571428571,27,27,GTGACAAACGTGGCAGTCGT,0,1817312
hdeAp2,0.03571428571428571,27,27,GGTTCAGCGGTTCTGTTGAT,0,1801043
hdeAp2,0.03571428571428571,27,27,GGTCTTCAATACTTTGTCCT,0,1825521
hdeAp2,0.03571428571428571,27,27,GGGCGGCTTGCAGGATCATA,0,1799253
hdeAp2,0.03571428571428571,27,27,GGGCGAAGACCGAATGGTGT,0,1771661
hdeAp2,0.03571428571428571,27,27,GGCTAGGGACTCTGACATAC,0,1781934
hdeAp2,0.03571428571428571,27,27,GCTGCCCACTTCAGATCCTC,0,1802926
hdeAp2,0.03571428571428571,27,27,GCGTACTTGTGCGACACCTG,0,1778254
hdeAp2,0.03571428571428571,27,27,GCGCTAATGTCCGCCGACAT,0,1785393
hdeAp2,0.03571428571428571,27,27,GCCTCTAAGCAGTTGATCTA,0,1783914
hdeAp2,0.03571428571428571,27,27,GCAAGGCGATCGCCCAGACA,0,1819758
hdeAp2,0.03571428571428571,27,27,GCAAAACAACTTAGTTTCCC,0,1796752
hdeAp2,0.03571428571428571,27,27,GATTCCCGTTTAAACGCTAT,0,1775061
hdeAp2,0.03571428571428571,27,27,GATGCATGTACCGGGGCTAG,0,1795059
hdeAp2,0.03571428571428571,27,27,GAGCGGTGGCCCTTCTCGGC,0,1799544
hdeAp2,0.03571428571428571,27,27,GACGCCTTTTTTTGAGTGCC,0,1815902
hdeAp2,0.03571428571428571,27,27,GAATATATTCATCCAGTCAT,0,1802952
hdeAp2,0.03571428571428571,27,27,CTGTTCCGCAACACGTTTCT,0,1785550
hdeAp2,0.03571428571428571,27,27,CTATCCGTAAATGAAATCAA,0,1824547
hdeAp2,0.03571428571428571,27,27,CGTAACATTCAATGGTAGCC,0,1771705
hdeAp2,0.03571428571428571,27,27,CGGTACCCCGGGGACGCGGT,0,1817251
hdeAp2,0.03571428571428571,27,27,CGGCGGATAAGGCTTTGAAA,0,1806804
hdeAp2,0.03571428571428571,27,27,CCTCCGAAATAAGCCCGCGA,0,1779588
hdeAp2,0.03571428571428571,27,27,CCGGGAGTTCCTTACAGATT,0,1796589
hdeAp2,0.03571428571428571,27,27,CCCCTTAATGTACCAAAGTG,0,1809657
hdeAp2,0.03571428571428571,27,27,CCCCGGGCTATACCGCACAC,0,1785795
hdeAp2,0.03571428571428571,27,27,CCATAGCTTAGCGTGAACTT,0,1779124
hdeAp2,0.03571428571428571,27,27,CCACGAGGTTAGAGTCGATC,0,1781389
hdeAp2,0.03571428571428571,27,27,CCAATGAATCGGGTTACACT,0,1792831
hdeAp2,0.03571428571428571,27,27,CATGTGCACGGCGGCCCCAA,0,1778540
hdeAp2,0.03571428571428571,27,27,CAGCCCACGACCCCAGCGAA,0,1796460
hdeAp2,0.03571428571428571,27,27,CAGATTCACATAAGACACGT,0,1806004
hdeAp2,0.03571428571428571,27,27,CACCAGTTCTCCGACCATCA,0,1811555
hdeAp2,0.03571428571428571,27,27,ATGGAGTGCTCGTAGCGATG,0,1773364
hdeAp2,0.03571428571428571,27,27,ATAATAGGACTGTTCTGCGC,0,1771059
hdeAp2,0.03571428571428571,27,27,ATAAGTAAGCGAACTGTAGT,0,1810287
hdeAp2,0.03571428571428571,27,27,AGGTCAGCATACGTCATCCG,0,1785415
hdeAp2,0.03571428571428571,27,27,AGGTACAATTCCAGTGGCAT,0,1825466
hdeAp2,0.03571428571428571,27,27,AGGCCTAGCCCTGTGTGGGC,0,1807973
hdeAp2,0.03571428571428571,27,27,AGCTCTACTGCGTCGAGGCT,0,1798934
hdeAp2,0.03571428571428571,27,27,AGATCTCGCTTCAGCGCATA,0,1785447
hdeAp2,0.03571428571428571,27,27,AGAGTGACAAATTAAAGTCA,0,1781780
hdeAp2,0.03571428571428571,27,27,ACGAATACCTCTCGTTGCGA,0,1814558
hdeAp2,0.03571428571428571,27,27,ACCCATGGGTGATGCATTCA,0,1772759
hdeAp2,0.03571428571428571,27,27,ACAGCATCTTAAAGCGGGTC,0,1811035
hdeAp2,0.03571428571428571,27,27,AAGCTGCGAGTTACACGTAG,0,1797376
hdeAp2,0.03571428571428571,27,27,AAGCCGGACACACTCGCAGT,0,1816397
hdeAp2,0.03571428571428571,27,27,AAATTCCGCTTTTGCCACAG,0,1779857
hdeAp2,0.037037037037037035,26,26,TTTTTACCCCTGAAAACCGT,0,1814157
hdeAp2,0.037037037037037035,26,26,TTTAGCGGCCGAAATTAGTC,0,1793394
hdeAp2,0.037037037037037035,26,26,TTGGTCAAATGTGAGGCATC,0,1782745
hdeAp2,0.037037037037037035,26,26,TTGGGTTAACGCACCCATGA,0,1783905
hdeAp2,0.037037037037037035,26,26,TTGAACTAATTAGCAAACCA,0,1794503
hdeAp2,0.037037037037037035,26,26,TTAAGCTGCCGCATCTACTT,0,1775060
hdeAp2,0.037037037037037035,26,26,TGTCTCCCTAAAACCACTCT,0,1810829
hdeAp2,0.037037037037037035,26,26,TGTACCGCATCTTCATTCGA,0,1793150
hdeAp2,0.037037037037037035,26,26,TGGGTATACAGCTGTCCCTA,0,1776821
hdeAp2,0.037037037037037035,26,26,TGGAACGCTTGAGGGCGAAA,0,1814841
hdeAp2,0.037037037037037035,26,26,TGCCTCAGTTCATTACCCTG,0,1815988
hdeAp2,0.037037037037037035,26,26,TGATAGTGCGGCAGTTTGAT,0,1773056
hdeAp2,0.037037037037037035,26,26,TCGAGAGTGCGTAAAACCAG,0,1780811
hdeAp2,0.037037037037037035,26,26,TCACCCGAACTCGAATGCTG,0,1807676
hdeAp2,0.037037037037037035,26,26,TAAGTGCAAAACTCAGTGGA,0,1797449
hdeAp2,0.037037037037037035,26,26,TAAGGTGTTGATCTGCTCGT,0,1818013
hdeAp2,0.037037037037037035,26,26,GTGGGTTGGACGGAACAATT,0,1806746
hdeAp2,0.037037037037037035,26,26,GTGAACGGTTTCAAACATAT,0,1806580
hdeAp2,0.037037037037037035,26,26,GTACGCTCCCGTTTTACGGT,0,1803713
hdeAp2,0.037037037037037035,26,26,GGGGCAACCGGAACCTACAG,0,1794367
hdeAp2,0.037037037037037035,26,26,GGCGAGGAAGAGTTGCAGAA,0,1793129
hdeAp2,0.037037037037037035,26,26,GGACTACGCTGAGGCGGCAT,0,1775567
hdeAp2,0.037037037037037035,26,26,GCTTTATGAAGTTGTTGTAT,0,1793634
hdeAp2,0.037037037037037035,26,26,GCATGTTGCGTTTTCCGACA,0,1789724
hdeAp2,0.037037037037037035,26,26,GCATGGTTCGCTGTCATAAA,0,1801047
hdeAp2,0.037037037037037035,26,26,GCAGCGAGAGCTTCGCGCTG,0,1778279
hdeAp2,0.037037037037037035,26,26,GCACGTACGGAGGAAGCCAA,0,1790244
hdeAp2,0.037037037037037035,26,26,GATCAATCTCGCTCAAGGGG,0,1815400
hdeAp2,0.037037037037037035,26,26,GATACGAAAGACCGTTAGAT,0,1798049
hdeAp2,0.037037037037037035,26,26,GACTACTTATCCACGCTGGT,0,1817578
hdeAp2,0.037037037037037035,26,26,GACCTAACTACAGATAATCT,0,1801171
hdeAp2,0.037037037037037035,26,26,GACAATAAACAGATTATAGC,0,1800617
hdeAp2,0.037037037037037035,26,26,CTTATCCGGCTAGCGGGCTC,0,1797247
hdeAp2,0.037037037037037035,26,26,CTCGGCCGGGTTGGAGTACA,0,1812196
hdeAp2,0.037037037037037035,26,26,CTATATACCCTCGTGCGAAA,0,1795589
hdeAp2,0.037037037037037035,26,26,CTAACAGGCCCCCGCGTCCA,0,1799966
hdeAp2,0.037037037037037035,26,26,CGTATACTATTCTACAAAGC,0,1794419
hdeAp2,0.037037037037037035,26,26,CGTACTTATCGAGAGTGAGG,0,1777534
hdeAp2,0.037037037037037035,26,26,CGTAACCGGCCACCCTACGG,0,1791534
hdeAp2,0.037037037037037035,26,26,CGCTAAAGTGGAAACCCCAG,0,1825676
hdeAp2,0.037037037037037035,26,26,CGATTATCGCGATTCGCTGC,0,1823494
hdeAp2,0.037037037037037035,26,26,CGAGTTGGACGCACCAAAGA,0,1775682
hdeAp2,0.037037037037037035,26,26,CCTCTAACGCAAATAAAAGA,0,1785327
hdeAp2,0.037037037037037035,26,26,CCCTGTATTGTATTGTTTGG,0,1777452
hdeAp2,0.037037037037037035,26,26,CCATAGGGCTACACCGACAG,0,1772997
hdeAp2,0.037037037037037035,26,26,CAGGGAGAGCACCATGCAGT,0,1803164
hdeAp2,0.037037037037037035,26,26,CAGCCCACGGTGTCCCGCGT,0,1821996
hdeAp2,0.037037037037037035,26,26,ATTTCTTAACTATCGATGGA,0,1795552
hdeAp2,0.037037037037037035,26,26,ATTTACCGTGGTCTCAGAGA,0,1774132
hdeAp2,0.037037037037037035,26,26,ATTCTAGAACCTGTCTCATC,0,1789021
hdeAp2,0.037037037037037035,26,26,ATTATGAATTTCGAAGGGTC,0,1781175
hdeAp2,0.037037037037037035,26,26,ATGTATCGTACTAAGTACAA,0,1790126
hdeAp2,0.037037037037037035,26,26,ATGGCACGGTATCAGTCTGA,0,1777504
hdeAp2,0.037037037037037035,26,26,ATGACCAGTGTCCCCTAGAT,0,1772556
hdeAp2,0.037037037037037035,26,26,ATCCTGGGCACGGTCTGGCA,0,1775542
hdeAp2,0.037037037037037035,26,26,AGTATACTCGAACTTCGTGT,0,1785265
hdeAp2,0.037037037037037035,26,26,AGGGCCTTAAGGACAGGCTC,0,1781935
hdeAp2,0.037037037037037035,26,26,AGGAATCGACTCTCGTGGCG,0,1789988
hdeAp2,0.037037037037037035,26,26,AGCGTTTCTCGTTCAATTTT,0,1825979
hdeAp2,0.037037037037037035,26,26,AGCAACCCACGCCTCAAGGC,0,1801048
hdeAp2,0.037037037037037035,26,26,AGACTTGGCTGACAAAGTAG,0,1771091
hdeAp2,0.037037037037037035,26,26,ACTTTGGGAGCCTACTCCCC,0,1806531
hdeAp2,0.037037037037037035,26,26,ACGCCCGGTAAGTTCTACTG,0,1772277
hdeAp2,0.037037037037037035,26,26,ACACGTTCCCTCAGTGTTAG,0,1789655
hdeAp2,0.037037037037037035,26,26,AAGATGCATTGTTGTATCTG,0,1774137
hdeAp2,0.037037037037037035,26,26,AAAAGCCCATCCGTAGTACT,0,1802909
hdeAp2,0.037037037037037035,26,26,AAAACCGACGCGATGCCCTG,0,1811503
hdeAp2,0.038461538461538464,25,25,TTTGTTTGTCGCACATAGAT,0,1803519
hdeAp2,0.038461538461538464,25,25,TTCGGAAAACATCTGAGATC,0,1812433
hdeAp2,0.038461538461538464,25,25,TTCAGGAGGTGGCACTCTGA,0,1814881
hdeAp2,0.038461538461538464,25,25,TTCACTTTGGTAGGGCATCA,0,1789705
hdeAp2,0.038461538461538464,25,25,TTACAAGGTACGGCTAATCG,0,1793363
hdeAp2,0.038461538461538464,25,25,TGTGGGAACAGCTACCGTGA,0,1788908
hdeAp2,0.038461538461538464,25,25,TGTATCGATCCAACCTAACT,0,1812873
hdeAp2,0.038461538461538464,25,25,TGGCTTAACAAGGGTTCTAA,0,1796388
hdeAp2,0.038461538461538464,25,25,TGGATCGTGCCTTCGCTATC,0,1775434
hdeAp2,0.038461538461538464,25,25,TGCGTGGGACTTACAATGTA,0,1779852
hdeAp2,0.038461538461538464,25,25,TGCCGGCTGGCGCGCTAGTA,0,1783361
hdeAp2,0.038461538461538464,25,25,TGCCCTCTGATCCCTGTTCT,0,1804059
hdeAp2,0.038461538461538464,25,25,TCGTGGGTTTGCCGTATCGG,0,1811045
hdeAp2,0.038461538461538464,25,25,TCGGAGCGTGCCGTACGGCC,0,1796842
hdeAp2,0.038461538461538464,25,25,TCGCTATTGCATGGGCCCTA,0,1813178
hdeAp2,0.038461538461538464,25,25,TCCGGGCGAATCGCGTCAGA,0,1784664
hdeAp2,0.038461538461538464,25,25,TCAGGGCAGGACTTCATATC,0,1796116
hdeAp2,0.038461538461538464,25,25,TCACCGCGTTTTAGCGGCAT,0,1806988
hdeAp2,0.038461538461538464,25,25,TAGGGCAACAAATGTGGATG,0,1807773
hdeAp2,0.038461538461538464,25,25,GTCTGCCAATTTATTCGGAA,0,1772005
hdeAp2,0.038461538461538464,25,25,GTCCCTGAGAGTTACTTATG,0,1792718
hdeAp2,0.038461538461538464,25,25,GTCATGATATGATATAAGGT,0,1798229
hdeAp2,0.038461538461538464,25,25,GGTAGAAGTCTACGGACGTA,0,1811412
hdeAp2,0.038461538461538464,25,25,GGGCCGAGCTACGCCTAGAG,0,1817207
hdeAp2,0.038461538461538464,25,25,GGCTCTGACTAGGCAAAACT,0,1801614
hdeAp2,0.038461538461538464,25,25,GGCCAGTTGTCTACCGTGTT,0,1818533
hdeAp2,0.038461538461538464,25,25,GGCATAGCGCGCGCCCTTAA,0,1782124
hdeAp2,0.038461538461538464,25,25,GCTAGTGTGCTCGAACCCCG,0,1798566
hdeAp2,0.038461538461538464,25,25,GCCTTAGTTGGTTTTCAATT,0,1797837
hdeAp2,0.038461538461538464,25,25,GCCGCGTTGGGGATCAGATA,0,1778693
hdeAp2,0.038461538461538464,25,25,GATTGCGCCTTGGAATAGTT,0,1778717
hdeAp2,0.038461538461538464,25,25,GAGGGTCTCAGTTACAACTC,0,1814136
hdeAp2,0.038461538461538464,25,25,GACGGGGATGTTGATGTTTG,0,1775026
hdeAp2,0.038461538461538464,25,25,GACCATTTAGGAAAGGTGTT,0,1783913
hdeAp2,0.038461538461538464,25,25,GAATTTATAGCCACCTCATG,0,1779473
hdeAp2,0.038461538461538464,25,25,GAAGGTTGTGGAGGCAGACG,0,1815114
hdeAp2,0.038461538461538464,25,25,CTTGAACTATCTCGAGAGGC,0,1799026
hdeAp2,0.038461538461538464,25,25,CTGGCTTACGACATAGAACG,0,1808901
hdeAp2,0.038461538461538464,25,25,CTCTTGATCACTCTTCGCTG,0,1779116
hdeAp2,0.038461538461538464,25,25,CTCGACATGAACAGTGGATT,0,1793562
hdeAp2,0.038461538461538464,25,25,CTACGGGCGCAATTATGTTA,0,1781687
hdeAp2,0.038461538461538464,25,25,CGTCATCTTTCTCGGGGGGT,0,1776312
hdeAp2,0.038461538461538464,25,25,CGCTTAGGCTTGACTCAGTG,0,1798230
hdeAp2,0.038461538461538464,25,25,CGCAGGATGTCTGAGCAACA,0,1801252
hdeAp2,0.038461538461538464,25,25,CCGACGACGGCGCCTCCCCG,0,1794899
hdeAp2,0.038461538461538464,25,25,CCCTACCAGGTTACCTCCTG,0,1821988
hdeAp2,0.038461538461538464,25,25,CCCGGCCGGCCGGTGCCAGA,0,1820828
hdeAp2,0.038461538461538464,25,25,CCAAACGTGACCTCTCGATT,0,1787655
hdeAp2,0.038461538461538464,25,25,CATCGTGGCCGAGGGGCCTT,0,1786575
hdeAp2,0.038461538461538464,25,25,CATACGGGGATTCAATACTG,0,1786670
hdeAp2,0.038461538461538464,25,25,CATAAACTGTAATTACGGAA,0,1771316
hdeAp2,0.038461538461538464,25,25,CAGGAGTGGAAATTTAGATC,0,1772175
hdeAp2,0.038461538461538464,25,25,CACTTTCATCCAGGCAGGGG,0,1783897
hdeAp2,0.038461538461538464,25,25,CACTTCGATCCTGTTGAAGG,0,1815460
hdeAp2,0.038461538461538464,25,25,ATTCTGCCAGGAGGGCGGAG,0,1819492
hdeAp2,0.038461538461538464,25,25,ATCTTTGAGTACCGCACTGG,0,1772897
hdeAp2,0.038461538461538464,25,25,ATATTTTTCTATCGCGTAGC,0,1794938
hdeAp2,0.038461538461538464,25,25,ATACTGTGCGAATCAAATCG,0,1781077
hdeAp2,0.038461538461538464,25,25,AGTGGTCCGCCCGTGACATA,0,1773943
hdeAp2,0.038461538461538464,25,25,AGTATAGGAACAGTTAGGGA,0,1796879
hdeAp2,0.038461538461538464,25,25,AGGGCGGAATTTTTCCTGCA,0,1771223
hdeAp2,0.038461538461538464,25,25,AGCCTTCATGTCCTTGTATT,0,1776643
hdeAp2,0.038461538461538464,25,25,AGCCTCCATCTAGGTCGAAG,0,1791690
hdeAp2,0.038461538461538464,25,25,AGCAGAACATTCGCCGTGAT,0,1790328
hdeAp2,0.038461538461538464,25,25,AGATGATTCTTTCTCAAGAC,0,1800394
hdeAp2,0.038461538461538464,25,25,AGAGCATACATGTGGACAGG,0,1782685
hdeAp2,0.038461538461538464,25,25,AGACAGGTCCACGTGAATAA,0,1828302
hdeAp2,0.038461538461538464,25,25,ACTGGATTTCCCTGCGTCAC,0,1780603
hdeAp2,0.038461538461538464,25,25,ACTCGAAGCACGGGCCGTGC,0,1776640
hdeAp2,0.038461538461538464,25,25,ACGGCTCTGGGGCAGACTCA,0,1809434
hdeAp2,0.038461538461538464,25,25,ACGCCCCCGGAATTAGGGTC,0,1771620
hdeAp2,0.038461538461538464,25,25,ACCTTTAACCGTTGCGAACT,0,1810830
hdeAp2,0.038461538461538464,25,25,ACCTGCGTTTAATCGTTGTT,0,1805362
hdeAp2,0.038461538461538464,25,25,ACCAAGTCTTGCCATGTATA,0,1794254
hdeAp2,0.038461538461538464,25,25,AAGATATTTCAAGTGTCCAA,0,1787507
hdeAp2,0.038461538461538464,25,25,AACCGCGCTGTCATCTGTTT,0,1785468
hdeAp2,0.038461538461538464,25,25,AAAGATTGTACATGTCTTCA,0,1785781
hdeAp2,0.038461538461538464,25,25,AAACGGATCAGGCGAAACCT,0,1787235
hdeAp2,0.04,24,24,TGTTTATATAGTCACCTCAC,0,1825278
hdeAp2,0.04,24,24,TGTTATTTGTGAGCACCAAG,0,1818692
hdeAp2,0.04,24,24,TGTTAACCATAGACAGTTAC,0,1811232
hdeAp2,0.04,24,24,TGCTGATACTTTGGGTGGCG,0,1788518
hdeAp2,0.04,24,24,TGATGGCATAATATAAAAAG,0,1811361
hdeAp2,0.04,24,24,TGAAGACGCAAACAATCCAC,0,1823217
hdeAp2,0.04,24,24,TCTTTTTGCGTCCTATGGTA,0,1803073
hdeAp2,0.04,24,24,TCGGATACTACCGTGGAAAC,0,1790235
hdeAp2,0.04,24,24,TCCCGTTTCTTCGGATTATT,0,1803049
hdeAp2,0.04,24,24,TCAGTTAGTCATCGATAAGG,0,1785041
hdeAp2,0.04,24,24,TCACCCACTTAATCGTAATG,0,1783090
hdeAp2,0.04,24,24,TCACAGAACCATTTGCTTAC,0,1810977
hdeAp2,0.04,24,24,TCAACTCTAAATGTGGTAGA,0,1782912
hdeAp2,0.04,24,24,TATGAGTCTAGATCACCGCC,0,1771597
hdeAp2,0.04,24,24,TATACCAATAGTCTTGAGTG,0,1801870
hdeAp2,0.04,24,24,TAATGACAAATAGTGTTTGT,0,1810281
hdeAp2,0.04,24,24,TAATCACAGTGCTGGCCCCT,0,1785163
hdeAp2,0.04,24,24,GTGGAGCACGACTTTTTAAA,0,1799943
hdeAp2,0.04,24,24,GTCCGCGAAGTATCAACGTC,0,1782501
hdeAp2,0.04,24,24,GTATTTCCGACTATAGCTGC,0,1771507
hdeAp2,0.04,24,24,GGTTCTCGATTATTGCCCGA,0,1783758
hdeAp2,0.04,24,24,GGTTCGATCTTATTTTTTAT,0,1812357
hdeAp2,0.04,24,24,GGTTCAGTGCGCGCTACTCC,0,1773405
hdeAp2,0.04,24,24,GGTGGGAGTGTGGCGGTAAG,0,1780223
hdeAp2,0.04,24,24,GGTGCTGGATCACTGTTTCT,0,1780736
hdeAp2,0.04,24,24,GGTAGTGTCATTTTTTCATA,0,1778549
hdeAp2,0.04,24,24,GGGGCGGACTCGCTTGACAA,0,1786268
hdeAp2,0.04,24,24,GGATTGTCCAAAATGCGCGT,0,1823145
hdeAp2,0.04,24,24,GGATGAGCGGTGCGTTTGAC,0,1787410
hdeAp2,0.04,24,24,GCTCTCACTCGCCGAATCTT,0,1779832
hdeAp2,0.04,24,24,GCACGGTACCGATAACGAGT,0,1823676
hdeAp2,0.04,24,24,GCAATAGTATGTCACAGACA,0,1812084
hdeAp2,0.04,24,24,GATGCGACTCTCCTCTCGTA,0,1807322
hdeAp2,0.04,24,24,GAGGTGTTACTTTATTGTTG,0,1790444
hdeAp2,0.04,24,24,GACTGAGTCCAAACTGTACG,0,1772655
hdeAp2,0.04,24,24,GAAGGATGTTTTTGCCTGAT,0,1773036
hdeAp2,0.04,24,24,GAACAGAATCACAGTGCGAG,0,1798499
hdeAp2,0.04,24,24,CTTCAGGAGCCCACCTTAAT,0,1793484
hdeAp2,0.04,24,24,CTCTAAATGTGCCTGTCTTT,0,1802160
hdeAp2,0.04,24,24,CGTTTAAACAACACGAGACA,0,1792350
hdeAp2,0.04,24,24,CGTTAGTGGGCAAGATGAGG,0,1791820
hdeAp2,0.04,24,24,CGGAGCAGGAACCTGAGTAC,0,1810521
hdeAp2,0.04,24,24,CGCGATCCCAGAACCAGGTC,0,1799541
hdeAp2,0.04,24,24,CGAGGCTATATCGAGATCAG,0,1805606
hdeAp2,0.04,24,24,CGAACCCTTTAAGATCAATT,0,1778568
hdeAp2,0.04,24,24,CCTGCTGCTTCCGGTAAGTG,0,1785488
hdeAp2,0.04,24,24,CCAAACTTGGCCTGTACGTG,0,1817072
hdeAp2,0.04,24,24,CAGCTGCCGGCTTTTGGTAA,0,1794823
hdeAp2,0.04,24,24,CAGCAGTAACTGAAGGCTTG,0,1822613
hdeAp2,0.04,24,24,CAAGTGACACTAATTCCTCA,0,1771790
hdeAp2,0.04,24,24,CAACCTTGGCCTACGATTTT,0,1787095
hdeAp2,0.04,24,24,ATGTGAAATTACTTGGCAAG,0,1773355
hdeAp2,0.04,24,24,ATGGACGTTTATACGTTTAG,0,1796714
hdeAp2,0.04,24,24,ATGCTTCGCTTGCCCAAGAG,0,1777221
hdeAp2,0.04,24,24,ATGATGAGGTCCTTAATTGC,0,1809528
hdeAp2,0.04,24,24,ATCTCGTTTGTGTGGTCTTG,0,1791713
hdeAp2,0.04,24,24,ATATAATACGCACGAACACA,0,1777187
hdeAp2,0.04,24,24,ATAATTTGAAGACCTTACAT,0,1775137
hdeAp2,0.04,24,24,AGTAGCAGCTGGCTCTCATT,0,1777665
hdeAp2,0.04,24,24,AGGTCGTGCGGGCGGGGGCA,0,1783186
hdeAp2,0.04,24,24,AGCTTGTTGGACCGGGCGCG,0,1781081
hdeAp2,0.04,24,24,AGCGATGAGTGACGTTTTGT,0,1821800
hdeAp2,0.04,24,24,AGACCCTCTAGGCCACCAGG,0,1810394
hdeAp2,0.04,24,24,ACTTGGTGACAGCCAACTTC,0,1808726
hdeAp2,0.04,24,24,ACGCACCCAGTACGCACTTT,0,1824940
hdeAp2,0.04,24,24,ACCTCCATAACCCGGACGCG,0,1787376
hdeAp2,0.04,24,24,ACAATCATACAAACTATCAC,0,1774853
hdeAp2,0.04,24,24,AATATTGCATCAACAGCAGT,0,1823657
hdeAp2,0.04,24,24,AATAGACACGGATGGGGGTG,0,1815610
hdeAp2,0.04,24,24,AAGAAGTGGCTAAAGCCATG,0,1790189
hdeAp2,0.04,24,24,AACGAGCCCTTGGCAACTTC,0,1821805
hdeAp2,0.04,24,24,AAATAGGTTGTTCTTCTGAG,0,1779585
hdeAp2,0.041666666666666664,23,23,TTTTTGGCCAACCAACGGCG,0,1812449
hdeAp2,0.041666666666666664,23,23,TTTAGGTCTGCCGAACCAAT,0,1820109
hdeAp2,0.041666666666666664,23,23,TTCTTGACCCTATGGTGGGA,0,1789865
hdeAp2,0.041666666666666664,23,23,TTACATCTCATGGCATGGTA,0,1773868
hdeAp2,0.041666666666666664,23,23,TGGCGCTGCGACCGTATACC,0,1815430
hdeAp2,0.041666666666666664,23,23,TGAGTTCCACCCCATATTAT,0,1795681
hdeAp2,0.041666666666666664,23,23,TGACGTTCTGGGCACCTGAA,0,1791960
hdeAp2,0.041666666666666664,23,23,TCTTTCACTCGCCTTTACTA,0,1795987
hdeAp2,0.041666666666666664,23,23,TCTTTAATCAACCATATCAC,0,1795695
hdeAp2,0.041666666666666664,23,23,TCTTGGCGCGCGGGTGAACC,0,1819722
hdeAp2,0.041666666666666664,23,23,TCTCGTACGTTTCTCCCGGT,0,1798470
hdeAp2,0.041666666666666664,23,23,TCTCCTGGGACGTATTCCCA,0,1779322
hdeAp2,0.041666666666666664,23,23,TCGTTACAGGCTCGCTGTAC,0,1781798
hdeAp2,0.041666666666666664,23,23,TCCTGCAATGGTCTGGAGTA,0,1793530
hdeAp2,0.041666666666666664,23,23,TCCAAGGTCCGCATCCGGGT,0,1803370
hdeAp2,0.041666666666666664,23,23,TCCAAGCTTTTTACCGCCTC,0,1798879
hdeAp2,0.041666666666666664,23,23,TCATAGACTGTAAAAGCTGT,0,1815258
hdeAp2,0.041666666666666664,23,23,TATGACATGGAGAGCGTATT,0,1785505
hdeAp2,0.041666666666666664,23,23,TATCGTTTGATAACGAGTAG,0,1785632
hdeAp2,0.041666666666666664,23,23,TAGTGGGTTACGGTTAACTA,0,1804417
hdeAp2,0.041666666666666664,23,23,TAGGTGTAATTCGATTGTCT,0,1776307
hdeAp2,0.041666666666666664,23,23,TAGGAAGCGGAGGTGATGAG,0,1779441
hdeAp2,0.041666666666666664,23,23,TAGATGGGGTTGAGGCTCGT,0,1818041
hdeAp2,0.041666666666666664,23,23,TACCTAATACGCTAAAGTAC,0,1780977
hdeAp2,0.041666666666666664,23,23,TAACCTGCACCAAGTAAGCA,0,1824468
hdeAp2,0.041666666666666664,23,23,TAACATCAACGACTATGTAT,0,1785234
hdeAp2,0.041666666666666664,23,23,TAAAGACCAATCCCGTCAAC,0,1779911
hdeAp2,0.041666666666666664,23,23,GTGCTCAGTCTAAAAGCTTT,0,1811211
hdeAp2,0.041666666666666664,23,23,GTGCGCTACTGGGTGGCCAA,0,1773945
hdeAp2,0.041666666666666664,23,23,GTGCGACTCTGTTCGTGTGT,0,1777883
hdeAp2,0.041666666666666664,23,23,GGTTTACGGTCTAGGAACGC,0,1777144
hdeAp2,0.041666666666666664,23,23,GGTACGAGCAAATAACTAAA,0,1799659
hdeAp2,0.041666666666666664,23,23,GGGGAAAGGGCTATTCGTAT,0,1816088
hdeAp2,0.041666666666666664,23,23,GGGATGTCTTTGTTTCTTTA,0,1814861
hdeAp2,0.041666666666666664,23,23,GGATGCTTAGACGTAACGGG,0,1816176
hdeAp2,0.041666666666666664,23,23,GCTTTCTTACAGGATCTTTT,0,1796456
hdeAp2,0.041666666666666664,23,23,GCTGCAAGTAAGCAATCGTC,0,1797713
hdeAp2,0.041666666666666664,23,23,GCTGATGTGTTACGGGGAAT,0,1821552
hdeAp2,0.041666666666666664,23,23,GCTAGTTCGTAGATCGTGTA,0,1817345
hdeAp2,0.041666666666666664,23,23,GCGGCCCCCTTAGAGCACTA,0,1813795
hdeAp2,0.041666666666666664,23,23,GCCTTTCATGCAAGCACATA,0,1793685
hdeAp2,0.041666666666666664,23,23,GCCTGGGTGGACGAATTGTG,0,1779260
hdeAp2,0.041666666666666664,23,23,GCCCGCGTTCCATGGCTTTC,0,1796512
hdeAp2,0.041666666666666664,23,23,GCAAAACGTAAAACCATGGA,0,1797835
hdeAp2,0.041666666666666664,23,23,GATTACGCGGAGCCTGCCTG,0,1785306
hdeAp2,0.041666666666666664,23,23,GATTAACGTTATCTCTAGCT,0,1780174
hdeAp2,0.041666666666666664,23,23,GATGTTCAGTGCGCCTATTT,0,1788879
hdeAp2,0.041666666666666664,23,23,GAGTGAACAGCATTTACTGC,0,1789888
hdeAp2,0.041666666666666664,23,23,GAGTCTGTCGAATGGTACGA,0,1809692
hdeAp2,0.041666666666666664,23,23,GACGTTCCAGGGCGGAAAAC,0,1815343
hdeAp2,0.041666666666666664,23,23,GACCCTGTGAGGCTCCTGCG,0,1795965
hdeAp2,0.041666666666666664,23,23,GACAATACATGGCGTATCTC,0,1817332
hdeAp2,0.041666666666666664,23,23,CTCTTTCATATACCCCCGTA,0,1797090
hdeAp2,0.041666666666666664,23,23,CTAAAACTAAAGGCTGGGGA,0,1796722
hdeAp2,0.041666666666666664,23,23,CGGAGGTTTCTATATAGGTA,0,1804076
hdeAp2,0.041666666666666664,23,23,CGCATGTGTCGCGTAAACCA,0,1804676
hdeAp2,0.041666666666666664,23,23,CGACAATAGGCCTCAGTCCC,0,1802667
hdeAp2,0.041666666666666664,23,23,CCGGCTCAACGTTTTCCTTT,0,1814622
hdeAp2,0.041666666666666664,23,23,CCCTGGATAATAACATAGAC,0,1799071
hdeAp2,0.041666666666666664,23,23,CCCCCCACCATAATCTTCGA,0,1783369
hdeAp2,0.041666666666666664,23,23,CCATTAAGTTCCCCTCTAGA,0,1787257
hdeAp2,0.041666666666666664,23,23,CCAGTGGTAGCGGGGCATAT,0,1788354
hdeAp2,0.041666666666666664,23,23,CCAGGTGAGTCATGAAACGA,0,1826375
hdeAp2,0.041666666666666664,23,23,CCACCGCGCCTCCTTATCCA,0,1825110
hdeAp2,0.041666666666666664,23,23,CAGGTCCCCTAAGTACAGTA,0,1785171
hdeAp2,0.041666666666666664,23,23,CAGGCGTGAAGGCGTCTTTT,0,1826418
hdeAp2,0.041666666666666664,23,23,CACTGAAGTCCTTCCGGACT,0,1800890
hdeAp2,0.041666666666666664,23,23,CACGTGTAGCGAAACGATAC,0,1793878
hdeAp2,0.041666666666666664,23,23,CACGAATCCAGGACTGGCGA,0,1794583
hdeAp2,0.041666666666666664,23,23,CACCACTTAAAACTGGCTTT,0,1811373
hdeAp2,0.041666666666666664,23,23,CAAAACGGGCTGTCCCGTTT,0,1788457
hdeAp2,0.041666666666666664,23,23,ATTGGGGGTAAAGCATCCTA,0,1798210
hdeAp2,0.041666666666666664,23,23,ATTAGCTATTTTGGCCACAG,0,1815049
hdeAp2,0.041666666666666664,23,23,ATCGACTCTGGTCCCCAACC,0,1784373
hdeAp2,0.041666666666666664,23,23,AGCGGTCGGCACTCCTCACG,0,1826532
hdeAp2,0.041666666666666664,23,23,AGCGAGCACCAGTTATCTCA,0,1814519
hdeAp2,0.041666666666666664,23,23,AGCCTCTGACCCTGTTTCTT,0,1811436
hdeAp2,0.041666666666666664,23,23,AGCCGCACTCGAGCCGGCGC,0,1779278
hdeAp2,0.041666666666666664,23,23,AGCAGTCTCCACGAACGCAT,0,1809720
hdeAp2,0.041666666666666664,23,23,AGAGCGGAACCGCCTAAACT,0,1818630
hdeAp2,0.041666666666666664,23,23,AGACTTATAAAACTCCGTGG,0,1815566
hdeAp2,0.041666666666666664,23,23,AGACGGTTAACGTGGGTCAC,0,1807495
hdeAp2,0.041666666666666664,23,23,AGAATAGGCGTTTGGTCATT,0,1772203
hdeAp2,0.041666666666666664,23,23,ACTTATCCGCTGTTGACAGA,0,1805900
hdeAp2,0.041666666666666664,23,23,ACTCTCACACGAACGACCGT,0,1774334
hdeAp2,0.041666666666666664,23,23,ACTCGATGACGGGACCTACA,0,1791375
hdeAp2,0.041666666666666664,23,23,ACGAATATAAGACGGGATTG,0,1807983
hdeAp2,0.041666666666666664,23,23,AACTTCATCAACTGTCTGCA,0,1802980
hdeAp2,0.041666666666666664,23,23,AAACCAAGATTTGTAACGAC,0,1810255
hdeAp2,0.041666666666666664,23,23,AAACAGGATACTGGCGTAGC,0,1801429
hdeAp2,0.041666666666666664,23,23,AAACAAGCTCGGGCCGGAGG,0,1815199
hdeAp2,0.041666666666666664,23,23,AAAAGGCTACTAGGATTTTA,0,1822131
hdeAp2,0.041666666666666664,23,23,AAAAGAATCGGCGCTCGAAA,0,1795874
hdeAp2,0.041666666666666664,23,23,AAAAACAGCAGGCGCCAATG,0,1782231
hdeAp2,0.043478260869565216,22,22,TTTGGATTTTTTGATAGCTG,0,1796247
hdeAp2,0.043478260869565216,22,22,TTGGAGTAGATAGCCATTGT,0,1784684
hdeAp2,0.043478260869565216,22,22,TTCTCCATAAGGCTACCCAT,0,1785812
hdeAp2,0.043478260869565216,22,22,TTCCCTGAGCGAGTCAAACC,0,1822520
hdeAp2,0.043478260869565216,22,22,TGTAAACAATGGCAGACGCA,0,1771263
hdeAp2,0.043478260869565216,22,22,TGGAGGCATGTGCATCACGG,0,1804693
hdeAp2,0.043478260869565216,22,22,TGCATATGAGGGTACGCCTA,0,1784324
hdeAp2,0.043478260869565216,22,22,TGCAGGATCGTAATGGTCAT,0,1779114
hdeAp2,0.043478260869565216,22,22,TGACCCCCAGGAGACAGACA,0,1779386
hdeAp2,0.043478260869565216,22,22,TCTTCGATTCATAGCCTTTG,0,1788370
hdeAp2,0.043478260869565216,22,22,TCTGAGCATGGCTAAAAAGG,0,1813210
hdeAp2,0.043478260869565216,22,22,TCTCTAAAAGGGCTATCAAA,0,1823591
hdeAp2,0.043478260869565216,22,22,TCGCAGGTGACTCTTTCCTC,0,1790555
hdeAp2,0.043478260869565216,22,22,TCCGACTGCATTTAGTGGAA,0,1773143
hdeAp2,0.043478260869565216,22,22,TCCCCAGCCAAATTCTCTAC,0,1778278
hdeAp2,0.043478260869565216,22,22,TCCAGGTCGTGAGGTACCAT,0,1818316
hdeAp2,0.043478260869565216,22,22,TCAAACCTTGGTCACGTATT,0,1786101
hdeAp2,0.043478260869565216,22,22,TATTAATCGTCTGATAACGT,0,1790453
hdeAp2,0.043478260869565216,22,22,TATGTGGGCTTTCATGAGAG,0,1788372
hdeAp2,0.043478260869565216,22,22,TATGGGCACTATGCGCTTTT,0,1822950
hdeAp2,0.043478260869565216,22,22,TACTATGCTGCGGGTTGTGT,0,1792079
hdeAp2,0.043478260869565216,22,22,TACCCGGGGACCGTCGCAAT,0,1804919
hdeAp2,0.043478260869565216,22,22,GTTGTGTGTGGTCCGGTGTC,0,1799407
hdeAp2,0.043478260869565216,22,22,GTGGATCTGCCACTAAGATA,0,1822385
hdeAp2,0.043478260869565216,22,22,GTGCGCCCGCTGTTTAGGTT,0,1777797
hdeAp2,0.043478260869565216,22,22,GTGACTCAATGTCAACACTG,0,1777642
hdeAp2,0.043478260869565216,22,22,GTCTGCGCGAGTAAGGGTTA,0,1824752
hdeAp2,0.043478260869565216,22,22,GTCGTCAATTGCAATACACG,0,1826743
hdeAp2,0.043478260869565216,22,22,GTCCGACAAGGGGAGGCTCT,0,1784840
hdeAp2,0.043478260869565216,22,22,GTCCCTTATGAACTTTATGT,0,1821637
hdeAp2,0.043478260869565216,22,22,GTAGTCTTAGGCCTTTTCGC,0,1782061
hdeAp2,0.043478260869565216,22,22,GTACTAAATGCGTCCCCGTA,0,1816734
hdeAp2,0.043478260869565216,22,22,GGTTAGCTCCAGTGTGCTGT,0,1778282
hdeAp2,0.043478260869565216,22,22,GGTAAGTATGCGTGAATAAA,0,1776311
hdeAp2,0.043478260869565216,22,22,GGGTAAAGGGGGATCTTATA,0,1827792
hdeAp2,0.043478260869565216,22,22,GGGGAATATGTAGACGGCAT,0,1820399
hdeAp2,0.043478260869565216,22,22,GGCATCGATGTCCAACGATT,0,1777705
hdeAp2,0.043478260869565216,22,22,GGAGCCTGAACAACAGTCAA,0,1823609
hdeAp2,0.043478260869565216,22,22,GGAATTGCATGCGAGCACTA,0,1796218
hdeAp2,0.043478260869565216,22,22,GGAATCGCGCATATGGGTTA,0,1814547
hdeAp2,0.043478260869565216,22,22,GCTTTAGAGCACGTCTTGCG,0,1786688
hdeAp2,0.043478260869565216,22,22,GCTCTGAAATGTTGAGTATA,0,1804480
hdeAp2,0.043478260869565216,22,22,GCGTCTAAAAATACGTACGT,0,1809216
hdeAp2,0.043478260869565216,22,22,GCGGTTAAAGACAGAAGTTG,0,1799008
hdeAp2,0.043478260869565216,22,22,GCGATTCGGAAGATGGCAGT,0,1782692
hdeAp2,0.043478260869565216,22,22,GCCCCGATATACACCGCGCA,0,1782610
hdeAp2,0.043478260869565216,22,22,GCAGCAGGTTACGTGGGTCA,0,1800407
hdeAp2,0.043478260869565216,22,22,GCAGAGAACTTATACCCCAT,0,1772929
hdeAp2,0.043478260869565216,22,22,GATGATGGCCCAACTCGGGT,0,1813543
hdeAp2,0.043478260869565216,22,22,GATATAGAGCTACCCGTCCA,0,1774439
hdeAp2,0.043478260869565216,22,22,GATAATTCACTCCCGCTGGG,0,1776394
hdeAp2,0.043478260869565216,22,22,GAGGACGAACCGTGTTCATC,0,1797567
hdeAp2,0.043478260869565216,22,22,GACCTAGCTAGTCAGCCGGT,0,1807219
hdeAp2,0.043478260869565216,22,22,GAAGTAGGCGGAGCTTTGGG,0,1797981
hdeAp2,0.043478260869565216,22,22,GAACTACAGGGATTATCTTC,0,1808185
hdeAp2,0.043478260869565216,22,22,CTCAGTCTAGCCATTTGCGA,0,1792997
hdeAp2,0.043478260869565216,22,22,CTATTAGGTAATGGTTATAA,0,1822839
hdeAp2,0.043478260869565216,22,22,CTATCCATAGTACTGACTGA,0,1803414
hdeAp2,0.043478260869565216,22,22,CGCCTTTGTGATTACTTTAC,0,1801974
hdeAp2,0.043478260869565216,22,22,CGCCCCCCTTGGTGCGTCGA,0,1809508
hdeAp2,0.043478260869565216,22,22,CGCAACTAGATAGTCTTGGA,0,1802356
hdeAp2,0.043478260869565216,22,22,CGCAAAGTGTATGACCAATG,0,1815462
hdeAp2,0.043478260869565216,22,22,CGAGCCGGACGCGCAGGTCA,0,1821677
hdeAp2,0.043478260869565216,22,22,CGAGCCCACATACGTACATG,0,1773631
hdeAp2,0.043478260869565216,22,22,CGAAGCTTTCTGCGAACCTT,0,1797793
hdeAp2,0.043478260869565216,22,22,CCGTATGCACTCAGGATCCA,0,1802219
hdeAp2,0.043478260869565216,22,22,CCGGGCGGCTATTGATCAGG,0,1781517
hdeAp2,0.043478260869565216,22,22,CCGGGCGCTATCAAAGGGGA,0,1820502
hdeAp2,0.043478260869565216,22,22,CCGGCCAGGTCGCGCGTTGC,0,1805773
hdeAp2,0.043478260869565216,22,22,CCGCAAACGTTCACGCGTCA,0,1825494
hdeAp2,0.043478260869565216,22,22,CCCCGTTTTAGTTGACCAAT,0,1773263
hdeAp2,0.043478260869565216,22,22,CCCCGAAAGCCAAGGGATAC,0,1777928
hdeAp2,0.043478260869565216,22,22,CCCCCTTTGTCTGTAGGATG,0,1824780
hdeAp2,0.043478260869565216,22,22,CCATTTCTCCATCTTTGACC,0,1794675
hdeAp2,0.043478260869565216,22,22,CCATAGCAGTCACCGTTTTC,0,1775316
hdeAp2,0.043478260869565216,22,22,CCAGCACGCCGGTTTGTAAG,0,1775028
hdeAp2,0.043478260869565216,22,22,CCACGCGTTAACGTCAAGCA,0,1803313
hdeAp2,0.043478260869565216,22,22,CCACGACTGTACCCACTGTA,0,1807751
hdeAp2,0.043478260869565216,22,22,CATTGCTCAGTTTGTCGTGG,0,1803612
hdeAp2,0.043478260869565216,22,22,CAGGGCCGGAAAAGTCCATT,0,1824255
hdeAp2,0.043478260869565216,22,22,CAGGCTACCGTGAGGCAGAT,0,1788814
hdeAp2,0.043478260869565216,22,22,CAGGCCTCCCACCAGCTTGA,0,1792407
hdeAp2,0.043478260869565216,22,22,CACGGGCGGCGCGTGTATTA,0,1792215
hdeAp2,0.043478260869565216,22,22,CACGCCACAAGTCGCTGACA,0,1814459
hdeAp2,0.043478260869565216,22,22,CACACTGAGGATGAACTGGT,0,1783170
hdeAp2,0.043478260869565216,22,22,CAAGGGGATATGGGTATAAC,0,1774963
hdeAp2,0.043478260869565216,22,22,CAAAGTTGATACGCAAAGTA,0,1813091
hdeAp2,0.043478260869565216,22,22,ATTTTCCCTTTCATTCGGAG,0,1776432
hdeAp2,0.043478260869565216,22,22,ATTCCGTGTAATGCTTATTT,0,1786541
hdeAp2,0.043478260869565216,22,22,ATGTTTCTTAGGATCCAGAT,0,1783364
hdeAp2,0.043478260869565216,22,22,ATGGGAATTAACGCCATCTG,0,1786905
hdeAp2,0.043478260869565216,22,22,ATGATGGGTGTCGCGCTTCT,0,1806437
hdeAp2,0.043478260869565216,22,22,ATCTTCCTTACCTAGGCGTA,0,1817178
hdeAp2,0.043478260869565216,22,22,ATCGGTGTGTCGTTTTCATG,0,1807764
hdeAp2,0.043478260869565216,22,22,ATCCCTTTTGGGCGTATGAT,0,1793810
hdeAp2,0.043478260869565216,22,22,ATAAGCCGCGCCTGGGGTTT,0,1806842
hdeAp2,0.043478260869565216,22,22,AGTTTACATAGCACGTAAGA,0,1782357
hdeAp2,0.043478260869565216,22,22,AGTGTACGATGTGGTTTCAG,0,1779123
hdeAp2,0.043478260869565216,22,22,AGGTTCGACGAGCGGGCTTA,0,1793031
hdeAp2,0.043478260869565216,22,22,AGGTGCATTAAGAGAGTTCT,0,1800182
hdeAp2,0.043478260869565216,22,22,AGGTCGTACCGGTGACAACA,0,1776363
hdeAp2,0.043478260869565216,22,22,AGGGTGTCTTCCGAGCTCCA,0,1806255
hdeAp2,0.043478260869565216,22,22,AGCCCGTTTGCCTGTGATGC,0,1812964
hdeAp2,0.043478260869565216,22,22,AGACGTCGCTATAAGTTACA,0,1826442
hdeAp2,0.043478260869565216,22,22,AGACAGTGCCGTCCCGTGAA,0,1822583
hdeAp2,0.043478260869565216,22,22,AGAAAAGGTCGATGCTCTGC,0,1795307
hdeAp2,0.043478260869565216,22,22,ACCTGACCCTTGCTTTTTGA,0,1804705
hdeAp2,0.043478260869565216,22,22,ACCCGTAGCTCGACCGAGCC,0,1773653
hdeAp2,0.043478260869565216,22,22,ACAGTTTTCTCGGTAATGAC,0,1780290
hdeAp2,0.043478260869565216,22,22,ACACAGTCCGGTTCATTTAC,0,1774223
hdeAp2,0.043478260869565216,22,22,AATTGGAAGCGAAAGTCCTT,0,1783616
hdeAp2,0.043478260869565216,22,22,AAGGCAACTTCAAAGGCAAC,0,1800186
hdeAp2,0.043478260869565216,22,22,AACTTGCGAGCACCTACTCG,0,1813074
hdeAp2,0.043478260869565216,22,22,AACGCAACCGGACATTCAAA,0,1810271
hdeAp2,0.043478260869565216,22,22,AACGAGGGGCACCACTTAAA,0,1788421
hdeAp2,0.043478260869565216,22,22,AACCGATAAATTGACGCCTC,0,1821488
hdeAp2,0.043478260869565216,22,22,AAAGTCATGCTTAGCGGTCC,0,1789991
hdeAp2,0.043478260869565216,22,22,AAACACGCTCCGGTCGGTAG,0,1817865
hdeAp2,0.045454545454545456,21,21,TTTTGGCGCGCTTGAGTCTA,0,1808867
hdeAp2,0.045454545454545456,21,21,TTGGTTTCAAGATATAGGTT,0,1791809
hdeAp2,0.045454545454545456,21,21,TTGGATTCGCTTAGGAGGAC,0,1779288
hdeAp2,0.045454545454545456,21,21,TTGACTCGACATCGAACGCT,0,1791290
hdeAp2,0.045454545454545456,21,21,TTCTGCAGGCGACGCCCAGA,0,1795875
hdeAp2,0.045454545454545456,21,21,TTCTACCTGGTTGCTCCTGA,0,1798188
hdeAp2,0.045454545454545456,21,21,TTCTAAGAAGGCAGATTCCC,0,1773861
hdeAp2,0.045454545454545456,21,21,TTCGTTGTCGAGGGATGGCA,0,1785390
hdeAp2,0.045454545454545456,21,21,TTCCTGTGTCGCAGGAGCAT,0,1824691
hdeAp2,0.045454545454545456,21,21,TGTGCGTGTAATAAATGTTT,0,1773516
hdeAp2,0.045454545454545456,21,21,TGTCCATGGCTGGTAATACA,0,1789040
hdeAp2,0.045454545454545456,21,21,TGGTTATTCTCAAGCTATAA,0,1790214
hdeAp2,0.045454545454545456,21,21,TGGTATCCGGAATCCCTCGA,0,1816522
hdeAp2,0.045454545454545456,21,21,TGGTATAAGCTGCTCAGGAC,0,1783268
hdeAp2,0.045454545454545456,21,21,TGGCACGTAACCCGGTATCT,0,1811964
hdeAp2,0.045454545454545456,21,21,TGCCGACACGGCCCCCAGTG,0,1824746
hdeAp2,0.045454545454545456,21,21,TGACCCAGAGACTGCGCCCG,0,1784603
hdeAp2,0.045454545454545456,21,21,TGAAAATCAATCATAAGGGC,0,1777046
hdeAp2,0.045454545454545456,21,21,TCTACGAATCTCGTCGAACG,0,1785545
hdeAp2,0.045454545454545456,21,21,TCGGTTCAGCAGTTGCGCAA,0,1802955
hdeAp2,0.045454545454545456,21,21,TCGATAAGACTTCGGCGGAG,0,1778405
hdeAp2,0.045454545454545456,21,21,TCAGGAATAGTCTCCACCAC,0,1793997
hdeAp2,0.045454545454545456,21,21,TATTGGCCAAGCACGACTGC,0,1772860
hdeAp2,0.045454545454545456,21,21,TAGGAGAGGCCTGAGGTAGA,0,1814021
hdeAp2,0.045454545454545456,21,21,TACTCAGGTTGTTGCTGGGG,0,1783338
hdeAp2,0.045454545454545456,21,21,TACCGAGTTTGTAAACCGCT,0,1773357
hdeAp2,0.045454545454545456,21,21,TAATTCTTAGAGGCTAACGG,0,1817825
hdeAp2,0.045454545454545456,21,21,TAAAGCACCGGTCGATAGAG,0,1782904
hdeAp2,0.045454545454545456,21,21,GTTGTCTGTACTGTCACTGA,0,1777778
hdeAp2,0.045454545454545456,21,21,GTTCCAGGGCACTCATAGCT,0,1784165
hdeAp2,0.045454545454545456,21,21,GTGCTGCACAGCCGATAGAC,0,1809484
hdeAp2,0.045454545454545456,21,21,GTGCCCCTGGCAAGCGCCTC,0,1784144
hdeAp2,0.045454545454545456,21,21,GTCTTCCGGGCCGGCGGCCG,0,1822017
hdeAp2,0.045454545454545456,21,21,GTCAGGTTCCTGAAGTCCGA,0,1788899
hdeAp2,0.045454545454545456,21,21,GTACCAATGTGCACCTTAGA,0,1805628
hdeAp2,0.045454545454545456,21,21,GGTCATTGGCTGCTGTGCGC,0,1822528
hdeAp2,0.045454545454545456,21,21,GGTCATCCATCGGAGTTATG,0,1804954
hdeAp2,0.045454545454545456,21,21,GGGGCGAAGCCTGTAGGACG,0,1776678
hdeAp2,0.045454545454545456,21,21,GGGCGATCGTGTAGCAATTG,0,1805320
hdeAp2,0.045454545454545456,21,21,GGCAATAGCCTAGCCATGTT,0,1794867
hdeAp2,0.045454545454545456,21,21,GGACTAGGTGACTTCTGGAG,0,1817496
hdeAp2,0.045454545454545456,21,21,GGACGCGGGAGTGAACTAAC,0,1782668
hdeAp2,0.045454545454545456,21,21,GGACCATGGGAGTTCAAAAA,0,1772258
hdeAp2,0.045454545454545456,21,21,GGAAGGCTTACCAGCACGCG,0,1803738
hdeAp2,0.045454545454545456,21,21,GCTTGGACCACTCCACCCGG,0,1771711
hdeAp2,0.045454545454545456,21,21,GCCAGTCGTCTCTTCAAACA,0,1786452
hdeAp2,0.045454545454545456,21,21,GCCAATTCGTAGCGGCATCT,0,1805519
hdeAp2,0.045454545454545456,21,21,GCACGTCTGGCCTGGTGTGA,0,1814911
hdeAp2,0.045454545454545456,21,21,GCAACGGGCTAGAAGGACAA,0,1786177
hdeAp2,0.045454545454545456,21,21,GATGGGGTTTCATCACCTCA,0,1772291
hdeAp2,0.045454545454545456,21,21,GATACCGCAGTGATTGGTAG,0,1777184
hdeAp2,0.045454545454545456,21,21,GAGCCATCTTTCGGTTGCCA,0,1787200
hdeAp2,0.045454545454545456,21,21,GACGATGGTTTCTAAGGTCT,0,1801058
hdeAp2,0.045454545454545456,21,21,GACCATGCCTGAAGATGTCG,0,1814458
hdeAp2,0.045454545454545456,21,21,GAACGGATCTTCAGGTGAGT,0,1821291
hdeAp2,0.045454545454545456,21,21,CTTTAGCGAGCAAAGACATT,0,1809904
hdeAp2,0.045454545454545456,21,21,CTTGGGATTGGCTAAGCTCT,0,1784644
hdeAp2,0.045454545454545456,21,21,CTTATACGAATGGTCGTAGT,0,1784873
hdeAp2,0.045454545454545456,21,21,CTGCTTGCATTGAGGAGTGA,0,1795133
hdeAp2,0.045454545454545456,21,21,CTCATCTCTTTGAAGTGCGT,0,1814008
hdeAp2,0.045454545454545456,21,21,CTATGTCGGAAGCATTTTTG,0,1796971
hdeAp2,0.045454545454545456,21,21,CTACCGCTTCCGATTCTGCC,0,1811920
hdeAp2,0.045454545454545456,21,21,CTACCGATCTTCTGGAATCA,0,1819354
hdeAp2,0.045454545454545456,21,21,CGTGGTTTTTACTTGGACAG,0,1774459
hdeAp2,0.045454545454545456,21,21,CGTGCAGTCTTGCTCGCCGA,0,1822235
hdeAp2,0.045454545454545456,21,21,CGTCAGAAGGATGTAAGGGA,0,1779971
hdeAp2,0.045454545454545456,21,21,CGTATGTGTTCGTCGCTCGA,0,1801626
hdeAp2,0.045454545454545456,21,21,CGTAGAGGGGGATCGGCACT,0,1809343
hdeAp2,0.045454545454545456,21,21,CGGGGCTGGTGTGCCTTGTG,0,1796666
hdeAp2,0.045454545454545456,21,21,CGCGCCGTGGAGGTAGTAGC,0,1786187
hdeAp2,0.045454545454545456,21,21,CGCAGAACATTCCTGACGAT,0,1823592
hdeAp2,0.045454545454545456,21,21,CCTCCGCATTAACCACTAAT,0,1816065
hdeAp2,0.045454545454545456,21,21,CCGGGTCAACAGTTAGACCA,0,1796545
hdeAp2,0.045454545454545456,21,21,CATTCTCGAGACGTGCGGAT,0,1815574
hdeAp2,0.045454545454545456,21,21,CAGGGGCGAATAATGAACTG,0,1806584
hdeAp2,0.045454545454545456,21,21,CACGGCATTAAGCAGAGTCT,0,1775201
hdeAp2,0.045454545454545456,21,21,CACGCGAAACACTCGTCGTG,0,1807456
hdeAp2,0.045454545454545456,21,21,CAACGGATTATATCCCTGTT,0,1776315
hdeAp2,0.045454545454545456,21,21,ATTGGATCAAAGATGTATTA,0,1811270
hdeAp2,0.045454545454545456,21,21,ATTCATTTATGCCCATAAAA,0,1802910
hdeAp2,0.045454545454545456,21,21,ATCTTTCGCCATCACCACTG,0,1784028
hdeAp2,0.045454545454545456,21,21,ATCATAGGTGGACTGCCCAG,0,1786772
hdeAp2,0.045454545454545456,21,21,ATCAGCGACCCCGTGCTATG,0,1778705
hdeAp2,0.045454545454545456,21,21,ATATTTTTGTGTTGACGTAT,0,1774790
hdeAp2,0.045454545454545456,21,21,ATAGTCGTCGCGTTCTCCGC,0,1789151
hdeAp2,0.045454545454545456,21,21,ATAGGTACTCGGATAATAAC,0,1816895
hdeAp2,0.045454545454545456,21,21,ATACAGCGCGCGATTAATAT,0,1788974
hdeAp2,0.045454545454545456,21,21,ATAACGCCTCTTCTGTCTCT,0,1792658
hdeAp2,0.045454545454545456,21,21,AGTTAGTGGAAGCCAGAGGA,0,1812633
hdeAp2,0.045454545454545456,21,21,AGGTTTCCATGAACGCAGAA,0,1793527
hdeAp2,0.045454545454545456,21,21,AGGTAGGTGAAATTTTATCA,0,1775767
hdeAp2,0.045454545454545456,21,21,AGGGTGCGCACTTAGTTACC,0,1825885
hdeAp2,0.045454545454545456,21,21,AGGGATGCAAAGGCACCTAG,0,1806130
hdeAp2,0.045454545454545456,21,21,AGGGAACGTAGGTTCCGTAA,0,1809004
hdeAp2,0.045454545454545456,21,21,AGGAGTACAACACCCCATGC,0,1812872
hdeAp2,0.045454545454545456,21,21,AGCGTCTGAATAGTGTAGGC,0,1807631
hdeAp2,0.045454545454545456,21,21,AGCAGCGCAAAGCCTATACT,0,1815096
hdeAp2,0.045454545454545456,21,21,AGATTCCGCTGCGGTGCCCT,0,1803348
hdeAp2,0.045454545454545456,21,21,ACTACGGGCGCCGTTCAGGG,0,1773922
hdeAp2,0.045454545454545456,21,21,ACGCTTAAGTCGATGGTCGA,0,1790866
hdeAp2,0.045454545454545456,21,21,ACCATGTTCGACCAACGGCT,0,1812802
hdeAp2,0.045454545454545456,21,21,ACACCCCAGCGGGCGGACCT,0,1783153
hdeAp2,0.045454545454545456,21,21,AATGCGCAGGAGAATCAAAG,0,1804481
hdeAp2,0.045454545454545456,21,21,AATCTGCAGCCTGCGGTCAG,0,1776255
hdeAp2,0.045454545454545456,21,21,AAGATGCATTGGACTGTAAC,0,1820120
hdeAp2,0.045454545454545456,21,21,AAGACGTGGATGGAGCGGAT,0,1795233
hdeAp2,0.045454545454545456,21,21,AACTGCCACCGGCTGACGAA,0,1821421
hdeAp2,0.045454545454545456,21,21,AACGGATAGTTTCTTGAGTA,0,1784665
hdeAp2,0.045454545454545456,21,21,AACCGGTGGTGCGCATGCCT,0,1807642
hdeAp2,0.045454545454545456,21,21,AACCCAGGTCTTTCGGTCTG,0,1818315
hdeAp2,0.045454545454545456,21,21,AAATCCGGAGGCCGTTTCTA,0,1801918
hdeAp2,0.045454545454545456,21,21,AAATACTGTGCCGCCCCGTG,0,1784094
hdeAp2,0.047619047619047616,20,20,TTTTTGTTGCGTATTACAGG,0,1772737
hdeAp2,0.047619047619047616,20,20,TTTCGTACCCAGTATGATCA,0,1816274
hdeAp2,0.047619047619047616,20,20,TTTCACTGGTTCGTTCAATA,0,1771271
hdeAp2,0.047619047619047616,20,20,TTGCGGGCCGGTTTGATAGA,0,1775572
hdeAp2,0.047619047619047616,20,20,TTCCTATGTATACCCTCATG,0,1775014
hdeAp2,0.047619047619047616,20,20,TTCCAGCCCCCAGTTTGCCC,0,1821768
hdeAp2,0.047619047619047616,20,20,TTCCAGAATAAAAGCTTGAT,0,1771220
hdeAp2,0.047619047619047616,20,20,TTACTCCAGCTATGCTGGTT,0,1796469
hdeAp2,0.047619047619047616,20,20,TTACCAGAAATAGACTCGAT,0,1776343
hdeAp2,0.047619047619047616,20,20,TGTTTGGGTTGTAGTCTCAG,0,1812747
hdeAp2,0.047619047619047616,20,20,TGTGTAAACCCCTCCGAAGC,0,1777042
hdeAp2,0.047619047619047616,20,20,TGTCAGTACCCAGTTTCCAT,0,1802421
hdeAp2,0.047619047619047616,20,20,TGCTTGATTACGGCCGAGGT,0,1796510
hdeAp2,0.047619047619047616,20,20,TGCTCCAATATTGTTCTCCG,0,1821748
hdeAp2,0.047619047619047616,20,20,TGCGGCAGTTTATTGAATCG,0,1822614
hdeAp2,0.047619047619047616,20,20,TGCCAGACCGAGACACACTT,0,1771837
hdeAp2,0.047619047619047616,20,20,TGCATCGCCGGAGCACTCGT,0,1813582
hdeAp2,0.047619047619047616,20,20,TGATTCACCTTCGGCAGTGG,0,1817025
hdeAp2,0.047619047619047616,20,20,TGAGGCAACCATCTGAGCTC,0,1788073
hdeAp2,0.047619047619047616,20,20,TGAGATACTCTGTTTGGACG,0,1773500
hdeAp2,0.047619047619047616,20,20,TGACGTGTTTGTCTTTAGTG,0,1810746
hdeAp2,0.047619047619047616,20,20,TGAAATGTATTGCTCTCTCG,0,1781306
hdeAp2,0.047619047619047616,20,20,TCTTTACATAAGCGAGGTAT,0,1780032
hdeAp2,0.047619047619047616,20,20,TCTTCTATGGTTTAGTGTGT,0,1797795
hdeAp2,0.047619047619047616,20,20,TCTCGATGTACTCACGGTTC,0,1771178
hdeAp2,0.047619047619047616,20,20,TCTCATCCATCACGACACCT,0,1788191
hdeAp2,0.047619047619047616,20,20,TCGTAAATAATATAATAACT,0,1811277
hdeAp2,0.047619047619047616,20,20,TCGGTTATTAAGTTTGGTAG,0,1779140
hdeAp2,0.047619047619047616,20,20,TCGCCACTCGAGGCTAACAT,0,1800796
hdeAp2,0.047619047619047616,20,20,TCCCGCCTGACCCGCGACGC,0,1814047
hdeAp2,0.047619047619047616,20,20,TCATGGAGTCTTGTCCTCTG,0,1787902
hdeAp2,0.047619047619047616,20,20,TCAGGATTCTCACTGGAGCG,0,1802935
hdeAp2,0.047619047619047616,20,20,TATGCGTCACGGATCAATTC,0,1784454
hdeAp2,0.047619047619047616,20,20,TATGATATGTGTATTTGTAC,0,1787096
hdeAp2,0.047619047619047616,20,20,TATCCCAAAACAGCGATGTC,0,1788861
hdeAp2,0.047619047619047616,20,20,TATACTACATCGCTCACCTA,0,1771958
hdeAp2,0.047619047619047616,20,20,TACGGAGTTGACATATAACT,0,1781410
hdeAp2,0.047619047619047616,20,20,TACGCTCCAATTCACTGTGT,0,1785882
hdeAp2,0.047619047619047616,20,20,TACGAAGAAGAACCGCTAGC,0,1779878
hdeAp2,0.047619047619047616,20,20,TACCTCATATTGCGCGCAGT,0,1777791
hdeAp2,0.047619047619047616,20,20,TACAGAGCACCGTAAAACTT,0,1813876
hdeAp2,0.047619047619047616,20,20,TAATAAATTGAGATTTGGCA,0,1804704
hdeAp2,0.047619047619047616,20,20,TAACGCATCGCATAGGTTTC,0,1775202
hdeAp2,0.047619047619047616,20,20,GTGTTTCCAACCTTAAGAAC,0,1787939
hdeAp2,0.047619047619047616,20,20,GTGGCGCGGTTGGTGCCAGT,0,1782757
hdeAp2,0.047619047619047616,20,20,GTGCCCGCTGTTCCCTCATC,0,1772282
hdeAp2,0.047619047619047616,20,20,GTGAAGTCGAGGCTATTTGT,0,1798832
hdeAp2,0.047619047619047616,20,20,GTCTCATACTTTCGCAGGGG,0,1783974
hdeAp2,0.047619047619047616,20,20,GTCGATCCTTACAACTCATT,0,1825503
hdeAp2,0.047619047619047616,20,20,GTCAAGGAATTTGGGTATTT,0,1821079
hdeAp2,0.047619047619047616,20,20,GTATTGTCCACTAAGGTGAT,0,1775883
hdeAp2,0.047619047619047616,20,20,GTATAAAACCACTCCGAGCT,0,1816363
hdeAp2,0.047619047619047616,20,20,GGTTTCTTGGAGGGCCTTAT,0,1812189
hdeAp2,0.047619047619047616,20,20,GGTGGATGAACAGTCGGGGT,0,1818407
hdeAp2,0.047619047619047616,20,20,GGTATGAATAGGGGCCTGAG,0,1795090
hdeAp2,0.047619047619047616,20,20,GGGTCTACATCCCGAACGTC,0,1808601
hdeAp2,0.047619047619047616,20,20,GGGTAGCCGGTCCACCTCAT,0,1804958
hdeAp2,0.047619047619047616,20,20,GGGCTCAGATAGTTGCCAGT,0,1826817
hdeAp2,0.047619047619047616,20,20,GGCGCCTGTCCACGTAGTAT,0,1811377
hdeAp2,0.047619047619047616,20,20,GGCACGCTGGTGCGCGTTTA,0,1798212
hdeAp2,0.047619047619047616,20,20,GGATCGATAGCACAACCCAC,0,1775104
hdeAp2,0.047619047619047616,20,20,GGAGCATCGGTGGGCAAGCC,0,1793583
hdeAp2,0.047619047619047616,20,20,GGACGGCCCATAGCAATGGT,0,1784395
hdeAp2,0.047619047619047616,20,20,GGAAATTGGGCAACAATTTG,0,1794631
hdeAp2,0.047619047619047616,20,20,GCGTTGACCTCGAATGGGAG,0,1771005
hdeAp2,0.047619047619047616,20,20,GCGGGGGTGTAAAGAATTTC,0,1808582
hdeAp2,0.047619047619047616,20,20,GCGGACGGCCCGAGGAATGC,0,1806701
hdeAp2,0.047619047619047616,20,20,GCGCGGCCCGGAAGTGACGT,0,1787351
hdeAp2,0.047619047619047616,20,20,GCGATGCGTGAAGAATTTAT,0,1801646
hdeAp2,0.047619047619047616,20,20,GCCTCTGACTTTACCAAGAC,0,1813702
hdeAp2,0.047619047619047616,20,20,GCAGATTAACGAATATGTGT,0,1773085
hdeAp2,0.047619047619047616,20,20,GCACCAGTGACGGTAGTAGA,0,1792536
hdeAp2,0.047619047619047616,20,20,GATCCGGGCAATCCACCATC,0,1802391
hdeAp2,0.047619047619047616,20,20,GATAGCCACATTAACGTCGC,0,1827608
hdeAp2,0.047619047619047616,20,20,GAGTCGGTCAGCGTTTCAAT,0,1802576
hdeAp2,0.047619047619047616,20,20,GAGTCAGTGTAGATATGAAG,0,1779584
hdeAp2,0.047619047619047616,20,20,GAGCATTTCAAGACTCGCAA,0,1789818
hdeAp2,0.047619047619047616,20,20,GACGCTCTGTCAATAGGAGA,0,1804677
hdeAp2,0.047619047619047616,20,20,GAAGGGGCGCAAGCGGGTTA,0,1791072
hdeAp2,0.047619047619047616,20,20,GAACTAGGGCATGTGTAAAA,0,1807073
hdeAp2,0.047619047619047616,20,20,GAAAGGCACGGCTGTATACA,0,1783501
hdeAp2,0.047619047619047616,20,20,CTTTCTCGACACGACTGGAA,0,1785680
hdeAp2,0.047619047619047616,20,20,CTTGGCTGACTAAAGCGCAT,0,1812447
hdeAp2,0.047619047619047616,20,20,CTTGGAGATCTTTTGTGGAT,0,1788458
hdeAp2,0.047619047619047616,20,20,CTTATGCCTTCTAGAGGATC,0,1787158
hdeAp2,0.047619047619047616,20,20,CTGGTAAGCAAAAACGAGGT,0,1783788
hdeAp2,0.047619047619047616,20,20,CTGGATATCTTAAGTACCGC,0,1773037
hdeAp2,0.047619047619047616,20,20,CTGCCAGCACTGGTATCAGG,0,1780892
hdeAp2,0.047619047619047616,20,20,CTGACCGCTTGATCAGATAT,0,1787757
hdeAp2,0.047619047619047616,20,20,CTCTGCCCGGTTAAGGGAAC,0,1790387
hdeAp2,0.047619047619047616,20,20,CTCTATTGGCACACGAACAT,0,1795986
hdeAp2,0.047619047619047616,20,20,CTCTAGTCTGGGTAACTGGA,0,1810574
hdeAp2,0.047619047619047616,20,20,CTCGCCCCTAGCACAATATT,0,1776262
hdeAp2,0.047619047619047616,20,20,CTCGCAGAGATCTTGTCCAT,0,1806920
hdeAp2,0.047619047619047616,20,20,CTCAGTCGTCACCTGCAGCC,0,1778467
hdeAp2,0.047619047619047616,20,20,CTAGGGATTGAAAAGGCGTT,0,1790191
hdeAp2,0.047619047619047616,20,20,CTAGGGAGCGTAGAATTCGT,0,1776805
hdeAp2,0.047619047619047616,20,20,CGTTGCTTGGCGCTGCTCCA,0,1828156
hdeAp2,0.047619047619047616,20,20,CGGTGCAGACGCCACGCTGT,0,1805660
hdeAp2,0.047619047619047616,20,20,CGGCATGATTGGCTCCATGG,0,1775161
hdeAp2,0.047619047619047616,20,20,CGGCAACCTCCAGCTTTTAT,0,1811789
hdeAp2,0.047619047619047616,20,20,CGCCCTTCCACTCAGAACGA,0,1825172
hdeAp2,0.047619047619047616,20,20,CGAGTCTATGCCAATGTAGC,0,1792916
hdeAp2,0.047619047619047616,20,20,CCTTAAAAAGAAGGAATCTT,0,1826356
hdeAp2,0.047619047619047616,20,20,CCGTATGGGTTTTGTCGGGG,0,1778292
hdeAp2,0.047619047619047616,20,20,CCGGCCAGCTCGGCACGCCC,0,1801247
hdeAp2,0.047619047619047616,20,20,CCGAGTCGCCGAGTCCACGG,0,1804890
hdeAp2,0.047619047619047616,20,20,CCGAGGTAGTGCCATACATG,0,1791139
hdeAp2,0.047619047619047616,20,20,CCCACACGCTACGAGCCAGG,0,1792639
hdeAp2,0.047619047619047616,20,20,CCATCACGATGAGTACGTCG,0,1774031
hdeAp2,0.047619047619047616,20,20,CCACTGGTCCTCTTACGGCG,0,1782155
hdeAp2,0.047619047619047616,20,20,CCAAATGACCGGGCTTGCGG,0,1774133
hdeAp2,0.047619047619047616,20,20,CCAAATACGTGGACTAAGGA,0,1776497
hdeAp2,0.047619047619047616,20,20,CATCTAGCCTCCATGTCGTG,0,1813356
hdeAp2,0.047619047619047616,20,20,CAGTCGGTGCTACTTTGGTT,0,1791898
hdeAp2,0.047619047619047616,20,20,CAGGTATTGAAAGTACCCGT,0,1806801
hdeAp2,0.047619047619047616,20,20,CAGCGAGTTCCCATGAGGAC,0,1778165
hdeAp2,0.047619047619047616,20,20,CAGAATGAAGCTACCATCAC,0,1813460
hdeAp2,0.047619047619047616,20,20,CACTTTCCCTGACCAGGCAT,0,1809172
hdeAp2,0.047619047619047616,20,20,CACGACTCCGTAGGTGTGAA,0,1772871
hdeAp2,0.047619047619047616,20,20,CACATTACCTGGGTGCAAAT,0,1806431
hdeAp2,0.047619047619047616,20,20,CAACCGTGAGCTAGGCTCCT,0,1778883
hdeAp2,0.047619047619047616,20,20,ATTATAACGGACGAAACTTC,0,1791967
hdeAp2,0.047619047619047616,20,20,ATGAACACGAACGCAGCTGT,0,1818754
hdeAp2,0.047619047619047616,20,20,ATCGATTCTGGATGGGCGCG,0,1825577
hdeAp2,0.047619047619047616,20,20,ATAGTTCTTTATGCACGGTA,0,1806310
hdeAp2,0.047619047619047616,20,20,AGTTCTGCCGCAGCGACTCC,0,1803120
hdeAp2,0.047619047619047616,20,20,AGTTATATCCGGTTGCAGCT,0,1781399
hdeAp2,0.047619047619047616,20,20,AGTGACTTTAACCCGCCCAC,0,1799058
hdeAp2,0.047619047619047616,20,20,AGGACCCTGGCAGAGATAAG,0,1807639
hdeAp2,0.047619047619047616,20,20,AGCTCGTAGGTCTACAAGGT,0,1787347
hdeAp2,0.047619047619047616,20,20,AGATGGTATCGTGAGATTAT,0,1782352
hdeAp2,0.047619047619047616,20,20,AGAGTGCGTTTTGTTTTTAT,0,1799578
hdeAp2,0.047619047619047616,20,20,ACTATCGAAACGCGGTCCTC,0,1812587
hdeAp2,0.047619047619047616,20,20,ACGCCCGGGGGCGTCTTTGC,0,1826444
hdeAp2,0.047619047619047616,20,20,ACCGCGCGCTGAAAGCGTCT,0,1825762
hdeAp2,0.047619047619047616,20,20,ACCGAGTCGCTGTACATAGA,0,1795876
hdeAp2,0.047619047619047616,20,20,ACCCTTTTACGCTTTTGTGC,0,1822962
hdeAp2,0.047619047619047616,20,20,ACATGGTTTGTCCTTGGTTC,0,1794303
hdeAp2,0.047619047619047616,20,20,ACAATGTCGCACACGACTGA,0,1822366
hdeAp2,0.047619047619047616,20,20,AATCAAATCACAAAAAATGT,0,1816767
hdeAp2,0.047619047619047616,20,20,AAGTGTGTCAAACGAAGCAG,0,1810871
hdeAp2,0.047619047619047616,20,20,AAGTAGCTGGTTGTGGTTGT,0,1781698
hdeAp2,0.047619047619047616,20,20,AACTTCCAGTAAAGTGCGAA,0,1779524
hdeAp2,0.047619047619047616,20,20,AACTTCAAGGGTTATCTAGT,0,1782122
hdeAp2,0.047619047619047616,20,20,AACGTGTAGCGGCTAGAACG,0,1813429
hdeAp2,0.047619047619047616,20,20,AAACCTGTCTTAAAGAACCC,0,1790603
hdeAp2,0.05,19,19,TTGCCCCAATGTTCGTCGTA,0,1799786
hdeAp2,0.05,19,19,TTCCACTCGATAGTGCAACA,0,1806322
hdeAp2,0.05,19,19,TTCATTCCCGAGTCAGGACC,0,1821022
hdeAp2,0.05,19,19,TTAGTAACTCCTCCACACCC,0,1795165
hdeAp2,0.05,19,19,TTACGGCGGCAAATGGAGTT,0,1780809
hdeAp2,0.05,19,19,TTACCAGACACACGCATGAA,0,1813650
hdeAp2,0.05,19,19,TGTGTTTGAAACGGGTTTCA,0,1793569
hdeAp2,0.05,19,19,TGTGTTCATTAAATGAGGAA,0,1800319
hdeAp2,0.05,19,19,TGTGGGGAGGAGCAAGAAGT,0,1783495
hdeAp2,0.05,19,19,TGTGGGCACTCCTCCCTACT,0,1812991
hdeAp2,0.05,19,19,TGTGACAATCGGTACTCTTT,0,1796337
hdeAp2,0.05,19,19,TGGTTTCGTTAGGGTAGTTT,0,1790908
hdeAp2,0.05,19,19,TGGGGGCCGCCAGTCACTTA,0,1801079
hdeAp2,0.05,19,19,TGGGCAGTACGCTAGAATAG,0,1771623
hdeAp2,0.05,19,19,TGCTCAGGCTATGGGTTCAG,0,1774021
hdeAp2,0.05,19,19,TGATACCCTTGCTTAAACAA,0,1810684
hdeAp2,0.05,19,19,TGACCGCTTCGAGATGGACA,0,1792547
hdeAp2,0.05,19,19,TCGTCTAGTTCATTCTATGT,0,1801600
hdeAp2,0.05,19,19,TCGGTTTCCAGGAAATTTAA,0,1811822
hdeAp2,0.05,19,19,TCGCGTCTGAGAGCGTAAGG,0,1779941
hdeAp2,0.05,19,19,TCGACGGAGTTCAGCGTTGA,0,1772200
hdeAp2,0.05,19,19,TCCTAATTAGGGTGGGGGGA,0,1819168
hdeAp2,0.05,19,19,TCCGTAACCTCAGCCCTTCG,0,1805040
hdeAp2,0.05,19,19,TCCGAAGTCCTCGAATATTT,0,1776177
hdeAp2,0.05,19,19,TCAAGCGGCCCGTCAATACA,0,1811354
hdeAp2,0.05,19,19,TCAACGAACGGGTCAGTAAT,0,1818853
hdeAp2,0.05,19,19,TAGTGTGGTGTTTTCCTGGA,0,1787568
hdeAp2,0.05,19,19,TAGTACTTGGGACTTATTGA,0,1795571
hdeAp2,0.05,19,19,TAGGGCATAGGTGAAGGGTG,0,1777998
hdeAp2,0.05,19,19,TAGAGAGGATCTTAATCCGT,0,1790015
hdeAp2,0.05,19,19,TAGAAGTCCGGTCCGTGAAA,0,1802447
hdeAp2,0.05,19,19,TACTCATTGCTCCCCGGCAG,0,1811113
hdeAp2,0.05,19,19,TACCTTGGATGCAAAGCCAC,0,1809788
hdeAp2,0.05,19,19,TACAGGGCCTTCGGTAACTC,0,1792264
hdeAp2,0.05,19,19,TAACCGAGTCAAACCGAGAT,0,1782447
hdeAp2,0.05,19,19,GTTTGCGCAGCCAACAATGT,0,1791477
hdeAp2,0.05,19,19,GTCTGTTTCAGTTAAGTAAA,0,1771598
hdeAp2,0.05,19,19,GTCTGTGAAAGCTGGAGGGA,0,1822826
hdeAp2,0.05,19,19,GTCATCATGTGGCGGACGCC,0,1802663
hdeAp2,0.05,19,19,GGTGGAGAAATTTTGGCCTC,0,1821553
hdeAp2,0.05,19,19,GGTGACGTTAGACTTCCGTT,0,1780036
hdeAp2,0.05,19,19,GGGTTTGTAGCTACCGGGCA,0,1797180
hdeAp2,0.05,19,19,GGGGCAAGTGAACGGTTGCA,0,1776214
hdeAp2,0.05,19,19,GGCGGGTCCGTGGGAAATCT,0,1807902
hdeAp2,0.05,19,19,GGATTAGCCGACTGGGACCC,0,1785467
hdeAp2,0.05,19,19,GGAGTAATGCGGTTCGCCAG,0,1808178
hdeAp2,0.05,19,19,GGAGGGTTCATAATTGTCAT,0,1816913
hdeAp2,0.05,19,19,GGACTGGTACGTTCATTCGT,0,1822984
hdeAp2,0.05,19,19,GGACGTAAAACGTAGGCGTA,0,1823562
hdeAp2,0.05,19,19,GGACAACAACGAGCGTAACT,0,1819167
hdeAp2,0.05,19,19,GCTTTGCTGTCTAGGCCGGA,0,1794294
hdeAp2,0.05,19,19,GCGCATGAGTTGTCCCGATT,0,1796217
hdeAp2,0.05,19,19,GCGCAAGCAACTCCGTACAC,0,1811029
hdeAp2,0.05,19,19,GCCTCTGCGCTGTGGTACTC,0,1819816
hdeAp2,0.05,19,19,GCCGCCACAGGATTCGCTTC,0,1817095
hdeAp2,0.05,19,19,GCCCAGATTCCGTAGGGGAT,0,1798599
hdeAp2,0.05,19,19,GCCAATGTCATGGATAGTAG,0,1816683
hdeAp2,0.05,19,19,GCACCCTCGGGATCCCTGTG,0,1823583
hdeAp2,0.05,19,19,GCACAAGACCTCGGATGTTC,0,1816611
hdeAp2,0.05,19,19,GCAAATTCAGACGCAGGGAC,0,1789186
hdeAp2,0.05,19,19,GCAAATAATTGTGACAGGCT,0,1812381
hdeAp2,0.05,19,19,GATTCATCCGGCTCAAAAGT,0,1784394
hdeAp2,0.05,19,19,GATGGACGGCTTGAGTCGGG,0,1783919
hdeAp2,0.05,19,19,GAGCTGGGGAATACATGAGG,0,1818553
hdeAp2,0.05,19,19,GAGCTGACACCGTGCGTCAA,0,1819037
hdeAp2,0.05,19,19,GAGCGGCGCATCTTATTTGC,0,1801560
hdeAp2,0.05,19,19,GAGCCTTAGTGGAGTGTGCA,0,1779962
hdeAp2,0.05,19,19,GACGGAACCTGGCCGAGCGA,0,1777530
hdeAp2,0.05,19,19,GACGAGTGTTCTTCGATCTG,0,1780267
hdeAp2,0.05,19,19,GAATAGGAATCTAGAGCTCA,0,1783708
hdeAp2,0.05,19,19,GAAGTCTTCAGGCGAGTGGA,0,1800575
hdeAp2,0.05,19,19,GAAACTGAGGATACCACTTT,0,1804608
hdeAp2,0.05,19,19,CTTGGTCCCCCGGCAAGCAG,0,1786423
hdeAp2,0.05,19,19,CTGGATCTCTGGTGTCTGGT,0,1778281
hdeAp2,0.05,19,19,CTGGAAGCGGTTTCCATGAA,0,1810848
hdeAp2,0.05,19,19,CTGAACCGCGTCTAAAAATT,0,1827332
hdeAp2,0.05,19,19,CTCGGCCCACCTGATATCGA,0,1808770
hdeAp2,0.05,19,19,CTCAACAGGATTTCCAGTAT,0,1828271
hdeAp2,0.05,19,19,CTAGTTCTTTTGGGGGAGCG,0,1809048
hdeAp2,0.05,19,19,CTAGGATCCGACAGTAGCTT,0,1806749
hdeAp2,0.05,19,19,CTAGATCCCACCGAGATGTT,0,1790990
hdeAp2,0.05,19,19,CTACTACATTAGGCGTAGTA,0,1828782
hdeAp2,0.05,19,19,CGTTTTATCCGGAGAGTTCG,0,1774846
hdeAp2,0.05,19,19,CGTCCACCATACATACTCGA,0,1784592
hdeAp2,0.05,19,19,CGGTTGTGGGCACGAGATCT,0,1811331
hdeAp2,0.05,19,19,CGGTATGTAGAGTTCGATAA,0,1783563
hdeAp2,0.05,19,19,CGGGCGTGGATTGAAGGTCC,0,1779592
hdeAp2,0.05,19,19,CGGCTAAGATAAGGGGGCCA,0,1821594
hdeAp2,0.05,19,19,CGCCTTAGCGGGTTAGGTGA,0,1809981
hdeAp2,0.05,19,19,CGATAGTCGAAGTATACGGT,0,1790663
hdeAp2,0.05,19,19,CGACACAAGTGTTCCGTCGG,0,1798306
hdeAp2,0.05,19,19,CGAAACGGCAGTTGGTCTGT,0,1793210
hdeAp2,0.05,19,19,CCTATCCATGCTGATCATGT,0,1800619
hdeAp2,0.05,19,19,CCGCTAGGCTGAGCGACATT,0,1806376
hdeAp2,0.05,19,19,CCCGGTAAGAACCAGACCAC,0,1805847
hdeAp2,0.05,19,19,CCATCTAGTGCGTGCCTTCT,0,1772133
hdeAp2,0.05,19,19,CCACTTGAGAGCTGAGCCCA,0,1786743
hdeAp2,0.05,19,19,CCACTTCGTTTCTTGGCATT,0,1812561
hdeAp2,0.05,19,19,CCACTCGTGGTATTAGCGGA,0,1792577
hdeAp2,0.05,19,19,CCACGTAGTAGCATATTCAC,0,1792602
hdeAp2,0.05,19,19,CCACACAGCGCAATCTAACC,0,1800836
hdeAp2,0.05,19,19,CATCCTCCAGTACAGGCAGG,0,1793715
hdeAp2,0.05,19,19,CATATTTGAATCAGCGTTCG,0,1782743
hdeAp2,0.05,19,19,CAGTTAGTTTTCTTTGGGAT,0,1772760
hdeAp2,0.05,19,19,CAGGTCGCCTTGTAAAAACT,0,1783341
hdeAp2,0.05,19,19,CAGGGAAACAGTGCAATAAA,0,1786769
hdeAp2,0.05,19,19,CAGCGAGAACAAATGTTTTC,0,1828178
hdeAp2,0.05,19,19,CACTTTCCTCCTGTGATCCA,0,1781558
hdeAp2,0.05,19,19,CACGCCCTGCGATGCTAACA,0,1784881
hdeAp2,0.05,19,19,CACCAGGTACGAGGTTGCGC,0,1776263
hdeAp2,0.05,19,19,CACAGGTTAAGGGATGGAGG,0,1811981
hdeAp2,0.05,19,19,CAAAAAGATTCACGACAAGT,0,1772288
hdeAp2,0.05,19,19,ATTACAAAGTCGCCTCGCCA,0,1783320
hdeAp2,0.05,19,19,ATGCTCTACACCTTATAGTT,0,1828459
hdeAp2,0.05,19,19,ATCTGCGGGGTTACAGTTCT,0,1781319
hdeAp2,0.05,19,19,ATCGTTTCTAATTGATACGT,0,1790653
hdeAp2,0.05,19,19,ATACGCCGACCCTGGGAGGT,0,1808430
hdeAp2,0.05,19,19,ATAATGGCCTTGAGCTAGCT,0,1782693
hdeAp2,0.05,19,19,ATAAATGAGTTGGATCCTTC,0,1781805
hdeAp2,0.05,19,19,AGGTTTCTTCTTACAAGCGA,0,1794606
hdeAp2,0.05,19,19,AGGCACTAGGATGAAAGTGG,0,1811895
hdeAp2,0.05,19,19,AGCTGTCCTTCACGATGAGC,0,1784267
hdeAp2,0.05,19,19,AGCCATTCGGGTCCACGCGT,0,1814308
hdeAp2,0.05,19,19,AGATTTTCGCAGGAAACGGC,0,1790457
hdeAp2,0.05,19,19,AGATAACGGAGCTCTTGGTC,0,1809237
hdeAp2,0.05,19,19,AGAGTTGCCAAATCGAAAGG,0,1775849
hdeAp2,0.05,19,19,AGAATACATTTAATCGGAAG,0,1810568
hdeAp2,0.05,19,19,ACTGGCAAAGGTAAGTCTTA,0,1800383
hdeAp2,0.05,19,19,ACTGCCGAGGTAACGGGAAT,0,1794016
hdeAp2,0.05,19,19,ACCGTCTACGGTAGTCCTGC,0,1815115
hdeAp2,0.05,19,19,ACCCTCTTGTGCCCGTTGGG,0,1779737
hdeAp2,0.05,19,19,ACCCCCTTCTCTCAACGTGA,0,1820261
hdeAp2,0.05,19,19,AATTTTTTACCTTCCCGACC,0,1784885
hdeAp2,0.05,19,19,AATGTGCGGTGTACCATATT,0,1802085
hdeAp2,0.05,19,19,AAGCGTTACGTATAAGGTTA,0,1803610
hdeAp2,0.05,19,19,AAGCGTTACGCTCGCCTTGT,0,1790013
hdeAp2,0.05,19,19,AAGCGGGAAAATGCGTAATG,0,1778385
hdeAp2,0.05,19,19,AAGCCCATTGGCATTTTAAT,0,1824272
hdeAp2,0.05,19,19,AACTCTTAGCTGTGCAAAAG,0,1800863
hdeAp2,0.05,19,19,AACAGCTGGCATGGTGTTGG,0,1778734
hdeAp2,0.05,19,19,AAATTTTGTAAGTTTACCCA,0,1794436
hdeAp2,0.05,19,19,AAAGCGTAGCGATGTTGGAT,0,1775581
hdeAp2,0.05,19,19,AAAGAACCGTCTGATCTCAG,0,1771103
hdeAp2,0.05263157894736842,18,18,TTTGATTCCTAATGGCCCTA,0,1772319
hdeAp2,0.05263157894736842,18,18,TTTCTTTCGCAAAGTGTGTC,0,1796980
hdeAp2,0.05263157894736842,18,18,TTGTATCCACCCCATACACG,0,1772348
hdeAp2,0.05263157894736842,18,18,TTGCTAGATCAGATCCCCCA,0,1793558
hdeAp2,0.05263157894736842,18,18,TTGCGGCCGGTCGAGCTGAA,0,1788001
hdeAp2,0.05263157894736842,18,18,TTCTCTGCAGGGTATAAACA,0,1783744
hdeAp2,0.05263157894736842,18,18,TTCTAGGATTGATTGCTTAT,0,1797848
hdeAp2,0.05263157894736842,18,18,TTAGGCTTCGTACCATTAGA,0,1818907
hdeAp2,0.05263157894736842,18,18,TTACGCACGTGCGTCTGTCT,0,1776474
hdeAp2,0.05263157894736842,18,18,TTACACCCGGGAAAGACCTG,0,1803035
hdeAp2,0.05263157894736842,18,18,TTAATACTGCACAAAGAATT,0,1804857
hdeAp2,0.05263157894736842,18,18,TGTTAAGTAGTGCCCTATGA,0,1774533
hdeAp2,0.05263157894736842,18,18,TGTCTTACAAGGGTTTAAAT,0,1796535
hdeAp2,0.05263157894736842,18,18,TGTCTGTCAAAATACCGTCT,0,1798363
hdeAp2,0.05263157894736842,18,18,TGTCGGGATGTATAACGATA,0,1779548
hdeAp2,0.05263157894736842,18,18,TGGTCGCGGTTGGGTGCGTG,0,1776111
hdeAp2,0.05263157894736842,18,18,TGGAGAACGAGCCATACCTG,0,1793039
hdeAp2,0.05263157894736842,18,18,TGGAAGGTAAACCTGGAGGA,0,1771423
hdeAp2,0.05263157894736842,18,18,TGCTCAATGGTTCAGCCTCA,0,1809506
hdeAp2,0.05263157894736842,18,18,TGCGTTACTGTCATAGGGAT,0,1773177
hdeAp2,0.05263157894736842,18,18,TGCCGGGGCAACTACTGGAA,0,1779656
hdeAp2,0.05263157894736842,18,18,TGCATGAGGTCTCGAAGCCT,0,1816120
hdeAp2,0.05263157894736842,18,18,TGCACAGACTCTCCAAATCA,0,1818528
hdeAp2,0.05263157894736842,18,18,TGCAATACGTTGACTATGAC,0,1806759
hdeAp2,0.05263157894736842,18,18,TGATGTGAGTAATCGTACCT,0,1798444
hdeAp2,0.05263157894736842,18,18,TCTTGAAGGTCCCGGAGGGT,0,1806072
hdeAp2,0.05263157894736842,18,18,TCTGGCACGATACCCCCTGA,0,1798639
hdeAp2,0.05263157894736842,18,18,TCTGGACTAGACGCCAATCG,0,1804251
hdeAp2,0.05263157894736842,18,18,TCTATGGCTCTACATAGGCT,0,1780859
hdeAp2,0.05263157894736842,18,18,TCGTAGAAGTAGAGGGCATT,0,1813231
hdeAp2,0.05263157894736842,18,18,TCGGTTAAATTCAAGTCTGA,0,1776011
hdeAp2,0.05263157894736842,18,18,TCGGTCTTGCGATAGTTATG,0,1779713
hdeAp2,0.05263157894736842,18,18,TCGGGGCATCCTTAAGGTCT,0,1803672
hdeAp2,0.05263157894736842,18,18,TCGCGGCAGCTTGGCGACGC,0,1782513
hdeAp2,0.05263157894736842,18,18,TCGCAGTCGTGCGGGAACTC,0,1823568
hdeAp2,0.05263157894736842,18,18,TCGAGGAACTTCCCTATTAT,0,1808218
hdeAp2,0.05263157894736842,18,18,TCGACCGCGGGTTACTGCTT,0,1794014
hdeAp2,0.05263157894736842,18,18,TCGAAAGTAACAGCCACTAC,0,1771078
hdeAp2,0.05263157894736842,18,18,TCCGTGCGGAGAAATTTCAC,0,1800677
hdeAp2,0.05263157894736842,18,18,TCAGGGTTCCTCGTTCTTGA,0,1771463
hdeAp2,0.05263157894736842,18,18,TATTCAGACCGATGCGTATA,0,1790655
hdeAp2,0.05263157894736842,18,18,TATGTAGCGCGTTATTCGTC,0,1780265
hdeAp2,0.05263157894736842,18,18,TATGGAGAGTCAGCCCTGTA,0,1800648
hdeAp2,0.05263157894736842,18,18,TATGGACAGGAGGTGGCTGA,0,1827728
hdeAp2,0.05263157894736842,18,18,TAGGTAGGCTAGACACCTGA,0,1824215
hdeAp2,0.05263157894736842,18,18,TAGGCCAGACGTTAGATCCC,0,1770955
hdeAp2,0.05263157894736842,18,18,TACGTTCGGATTGGACGTCT,0,1797935
hdeAp2,0.05263157894736842,18,18,GTTTGCATAGATCGGTGAAG,0,1777559
hdeAp2,0.05263157894736842,18,18,GTTCTATTACATAAGGTATG,0,1778644
hdeAp2,0.05263157894736842,18,18,GTTCAATTTTTCCTTGGGTA,0,1774514
hdeAp2,0.05263157894736842,18,18,GTGTCACCCGTTGGGTACGG,0,1817637
hdeAp2,0.05263157894736842,18,18,GTGGGGAACTCGGCCGCCAC,0,1780674
hdeAp2,0.05263157894736842,18,18,GTGGCTTGCGATATGAGTGT,0,1811039
hdeAp2,0.05263157894736842,18,18,GTGGAAGTTTTGTAATCGTT,0,1775238
hdeAp2,0.05263157894736842,18,18,GTGCCGACTGTATATAAAAT,0,1795167
hdeAp2,0.05263157894736842,18,18,GTGCATAGTCTAGCACATAT,0,1796082
hdeAp2,0.05263157894736842,18,18,GTGAGGCGGCCGACTTCAAC,0,1775831
hdeAp2,0.05263157894736842,18,18,GTCTGCAAAGGAGTGTGAAC,0,1782351
hdeAp2,0.05263157894736842,18,18,GTCTGAAAGATGATAATGAT,0,1772476
hdeAp2,0.05263157894736842,18,18,GTCCGCGGGTTGGTATTTAT,0,1801550
hdeAp2,0.05263157894736842,18,18,GTAGCTATGACTGGGGCTAC,0,1791334
hdeAp2,0.05263157894736842,18,18,GTAGATCCCGTTGTTTAGAA,0,1798185
hdeAp2,0.05263157894736842,18,18,GTACTGTCCGTACGATACTT,0,1793676
hdeAp2,0.05263157894736842,18,18,GTACGCAGCCAGACCTTAGT,0,1783916
hdeAp2,0.05263157894736842,18,18,GTAATTACATTTGCCGCGCA,0,1801645
hdeAp2,0.05263157894736842,18,18,GTAATCTTTCACATATGGGA,0,1783303
hdeAp2,0.05263157894736842,18,18,GTAAGACAATTGACCGTCAT,0,1827454
hdeAp2,0.05263157894736842,18,18,GGTTTGGCAACAGAACGAAA,0,1800923
hdeAp2,0.05263157894736842,18,18,GGTGTTCGGTATGTGTGGCG,0,1793446
hdeAp2,0.05263157894736842,18,18,GGTGGACACCTGTCAAAAAA,0,1812428
hdeAp2,0.05263157894736842,18,18,GGTGAGCGGCGGGCGACACA,0,1805775
hdeAp2,0.05263157894736842,18,18,GGTATGTAGCGCCGATGCCT,0,1795599
hdeAp2,0.05263157894736842,18,18,GGTACCAGTATCGGATTATC,0,1798546
hdeAp2,0.05263157894736842,18,18,GGGTCTTCTCACATGTACAT,0,1804084
hdeAp2,0.05263157894736842,18,18,GGGTACAGCGCGAATTTCAG,0,1781232
hdeAp2,0.05263157894736842,18,18,GGGGAATAGATACTGAGTCT,0,1801085
hdeAp2,0.05263157894736842,18,18,GGGCGTTGACGGATTATGCG,0,1816206
hdeAp2,0.05263157894736842,18,18,GGGCCGGGGATAAATTCCAT,0,1787278
hdeAp2,0.05263157894736842,18,18,GGGATACAATACCCAATCCA,0,1815203
hdeAp2,0.05263157894736842,18,18,GGGACAGAATAGGTTGGGGA,0,1776688
hdeAp2,0.05263157894736842,18,18,GGCTGAAGTTCTTGATCCCT,0,1799493
hdeAp2,0.05263157894736842,18,18,GGCACAACCACTTGCTGCGT,0,1775874
hdeAp2,0.05263157894736842,18,18,GGATTTCTAGCACGGTCGCA,0,1811800
hdeAp2,0.05263157894736842,18,18,GGAATGCTGAAAGTAATGTG,0,1818270
hdeAp2,0.05263157894736842,18,18,GGAAGGACGGCTCAACATAG,0,1776588
hdeAp2,0.05263157894736842,18,18,GCTTCACCATGACGCCTTTA,0,1793424
hdeAp2,0.05263157894736842,18,18,GCTCGTTAACAGAATGTACT,0,1771895
hdeAp2,0.05263157894736842,18,18,GCTCGTCGAATCAATCCTAA,0,1809406
hdeAp2,0.05263157894736842,18,18,GCTCAGGGCTTGGAGGTGAA,0,1803635
hdeAp2,0.05263157894736842,18,18,GCTCAACTTTTTTCAAGTTG,0,1776885
hdeAp2,0.05263157894736842,18,18,GCGGGCATGCGCTTCATGTA,0,1809817
hdeAp2,0.05263157894736842,18,18,GCGGAATCAAAACGTGATAG,0,1814874
hdeAp2,0.05263157894736842,18,18,GCCCTGTTGACCCTAAGCGT,0,1772903
hdeAp2,0.05263157894736842,18,18,GCCCTGGCGCGCTAGTACTA,0,1771179
hdeAp2,0.05263157894736842,18,18,GCCCGGAATACGGGGCTACT,0,1804134
hdeAp2,0.05263157894736842,18,18,GCATGGGTTAATAACATTTG,0,1811171
hdeAp2,0.05263157894736842,18,18,GCATAACGGGCGTGGAGGCA,0,1772263
hdeAp2,0.05263157894736842,18,18,GCAGTAGAACATACACATAG,0,1787371
hdeAp2,0.05263157894736842,18,18,GCAGTAAGCTCAGCGGACAA,0,1784189
hdeAp2,0.05263157894736842,18,18,GCAGACTATGCGAAGTAAGA,0,1772644
hdeAp2,0.05263157894736842,18,18,GCACCAGTTAACACCAGGGG,0,1785818
hdeAp2,0.05263157894736842,18,18,GATTGGGGCTATGCTGGTTT,0,1794602
hdeAp2,0.05263157894736842,18,18,GATTCGAGAACCTCCTGATA,0,1786946
hdeAp2,0.05263157894736842,18,18,GAGTTACGATTCGTATCACA,0,1785311
hdeAp2,0.05263157894736842,18,18,GAGTCTCTCTTAGGGTTACA,0,1785094
hdeAp2,0.05263157894736842,18,18,GAGGGACGTCGGCAACAAAG,0,1775844
hdeAp2,0.05263157894736842,18,18,GAGGCGGGCCGAACGTCGAG,0,1789963
hdeAp2,0.05263157894736842,18,18,GAGCCCAAGGGGTCCGCTAT,0,1823753
hdeAp2,0.05263157894736842,18,18,GACTCTGGGCTACGTTGAAG,0,1790561
hdeAp2,0.05263157894736842,18,18,GACGGGGCGCCCCTCTCAAC,0,1827509
hdeAp2,0.05263157894736842,18,18,GACGATAATGCGAGAAGCGT,0,1798394
hdeAp2,0.05263157894736842,18,18,GACCCAGGGCACCATGCTGA,0,1773817
hdeAp2,0.05263157894736842,18,18,GACATCCCAACCTCGTACCC,0,1815768
hdeAp2,0.05263157894736842,18,18,GACACGCGAAGCAATCAATG,0,1775769
hdeAp2,0.05263157894736842,18,18,GAATAGTGCGTTGCGATTTG,0,1796190
hdeAp2,0.05263157894736842,18,18,CTTCTAAGGCTAACAGGATG,0,1791313
hdeAp2,0.05263157894736842,18,18,CTTCGGAAGTGGCGTATGGG,0,1815938
hdeAp2,0.05263157894736842,18,18,CTTAATCGACGGACGCGCGT,0,1794769
hdeAp2,0.05263157894736842,18,18,CTGGTATCACTCTCTACTTG,0,1813506
hdeAp2,0.05263157894736842,18,18,CTGGCGTTATACGTTGCAAA,0,1775224
hdeAp2,0.05263157894736842,18,18,CTGCCCGGTCAGTGCATTGG,0,1812283
hdeAp2,0.05263157894736842,18,18,CTGCACCTAGCATTCCATAC,0,1799768
hdeAp2,0.05263157894736842,18,18,CTCCTAATGGCATCTTAACG,0,1794076
hdeAp2,0.05263157894736842,18,18,CTCCGTCGGGTTGGTTTCGT,0,1784609
hdeAp2,0.05263157894736842,18,18,CTCCACCACTACGATTGGCC,0,1774856
hdeAp2,0.05263157894736842,18,18,CTCAGACAACTCATAGTATT,0,1812090
hdeAp2,0.05263157894736842,18,18,CTCACTTGACAGATTTCTGA,0,1813966
hdeAp2,0.05263157894736842,18,18,CTCAAAGCGGACGGTGATCA,0,1811606
hdeAp2,0.05263157894736842,18,18,CTATCTTAGTCCCGCTCGGT,0,1804379
hdeAp2,0.05263157894736842,18,18,CTAATGTTATATGGTACTCA,0,1775634
hdeAp2,0.05263157894736842,18,18,CGTGTGAAGGTGCATTATAC,0,1778037
hdeAp2,0.05263157894736842,18,18,CGTAAAAGCCCGAATACGAG,0,1793173
hdeAp2,0.05263157894736842,18,18,CGGTAGGCTAGTTGGCGGGT,0,1801580
hdeAp2,0.05263157894736842,18,18,CGGCGAACCTACTGCCTGGT,0,1777606
hdeAp2,0.05263157894736842,18,18,CGGCCCGAGTCACCGGGCTG,0,1822340
hdeAp2,0.05263157894736842,18,18,CGGAGCTATAAGCTCGGGTA,0,1810406
hdeAp2,0.05263157894736842,18,18,CGCAGTCGGGGGACTAGATA,0,1772041
hdeAp2,0.05263157894736842,18,18,CGCAGAGGGGGAGGAAATTG,0,1814372
hdeAp2,0.05263157894736842,18,18,CGAGTCCTGCAAGTGCCAAA,0,1785794
hdeAp2,0.05263157894736842,18,18,CGAGGGGAGGGCGACGAATT,0,1798217
hdeAp2,0.05263157894736842,18,18,CGAGGACGGTGGCAACGTCC,0,1781362
hdeAp2,0.05263157894736842,18,18,CGAGCGGGCCTCGTACATCT,0,1791980
hdeAp2,0.05263157894736842,18,18,CGAATCGATCAGGCGCTAGA,0,1825463
hdeAp2,0.05263157894736842,18,18,CGAATACTGAGTGAACCAAC,0,1817256
hdeAp2,0.05263157894736842,18,18,CGAACGGAGGCTTTAGTAGA,0,1787388
hdeAp2,0.05263157894736842,18,18,CCTCTAGAAGCCGATCGCCA,0,1790277
hdeAp2,0.05263157894736842,18,18,CCTAAGTCAGTATGCGAGGT,0,1791982
hdeAp2,0.05263157894736842,18,18,CCGCTGTTCTAAATAGTATA,0,1825359
hdeAp2,0.05263157894736842,18,18,CCGCCTTGGTTTCAGCGACA,0,1788584
hdeAp2,0.05263157894736842,18,18,CCGACTCGAGACTTCTAGAC,0,1775649
hdeAp2,0.05263157894736842,18,18,CCCGTCCCGTCGAAGTCCGT,0,1816423
hdeAp2,0.05263157894736842,18,18,CCCGCCGCGTCGTATCTTAA,0,1776958
hdeAp2,0.05263157894736842,18,18,CCCGCCGACCAATTATTTGA,0,1810232
hdeAp2,0.05263157894736842,18,18,CCAAAAGAACCTTACCGGTC,0,1814968
hdeAp2,0.05263157894736842,18,18,CATTCTCAATACACATCATT,0,1828598
hdeAp2,0.05263157894736842,18,18,CATAGCTAGCGGCACGGGGT,0,1773330
hdeAp2,0.05263157894736842,18,18,CAGTGTTTGATTCAGTCGCG,0,1782183
hdeAp2,0.05263157894736842,18,18,CAGCATATACTTAGTGTACC,0,1801248
hdeAp2,0.05263157894736842,18,18,CAGACTGCTGGATTCTTTAT,0,1825971
hdeAp2,0.05263157894736842,18,18,CACGGCCGTCTTTAGATCTC,0,1795206
hdeAp2,0.05263157894736842,18,18,CACGCTGCCTAGGTTCATAT,0,1821817
hdeAp2,0.05263157894736842,18,18,CAATGCGCTGCGAGTAGTCT,0,1774170
hdeAp2,0.05263157894736842,18,18,CAATCTATTATGTTGAATCC,0,1771460
hdeAp2,0.05263157894736842,18,18,CAATCCGGTTTCGCACAGCA,0,1782891
hdeAp2,0.05263157894736842,18,18,CAATACAATATCTCGCCCAA,0,1786471
hdeAp2,0.05263157894736842,18,18,CAATAATCTGCTTCTCTTTG,0,1779351
hdeAp2,0.05263157894736842,18,18,CAAAACCGGCAGTCGAGTAT,0,1793190
hdeAp2,0.05263157894736842,18,18,ATTTATGCAGTGTGTTCGAA,0,1779315
hdeAp2,0.05263157894736842,18,18,ATTATTACAAGACGTCTCAG,0,1789649
hdeAp2,0.05263157894736842,18,18,ATGTGTTGGTATGACAGCGT,0,1778735
hdeAp2,0.05263157894736842,18,18,ATGTGGGTTTATTGATTGTA,0,1815476
hdeAp2,0.05263157894736842,18,18,ATGTCACCAGTGCCGCCTTT,0,1778949
hdeAp2,0.05263157894736842,18,18,ATGTCAAGTCCGTACGCCTG,0,1805360
hdeAp2,0.05263157894736842,18,18,ATGGAAATAGGGTAAGCACC,0,1801491
hdeAp2,0.05263157894736842,18,18,ATGCTATCAGGCACGCTCGT,0,1781840
hdeAp2,0.05263157894736842,18,18,ATGACTTACCCTCCAATCAT,0,1786868
hdeAp2,0.05263157894736842,18,18,ATCGGTCGGCGTACGACAGC,0,1814364
hdeAp2,0.05263157894736842,18,18,ATCGGAATGGGTGCTACTTA,0,1777281
hdeAp2,0.05263157894736842,18,18,ATCCAAACGCGGTCAGAGCT,0,1812450
hdeAp2,0.05263157894736842,18,18,ATAAGTTGATTTGTAAAGAT,0,1773488
hdeAp2,0.05263157894736842,18,18,AGTTTAGGTATCCCCACGAT,0,1812285
hdeAp2,0.05263157894736842,18,18,AGTTGAAGTAGACGGACCTC,0,1801598
hdeAp2,0.05263157894736842,18,18,AGGATCCAATTCTTCTCCCC,0,1790293
hdeAp2,0.05263157894736842,18,18,AGGAGGACCTTAGTAGGACA,0,1781563
hdeAp2,0.05263157894736842,18,18,AGCGCCTACTGGACTTGACA,0,1778927
hdeAp2,0.05263157894736842,18,18,AGAATTGTCGGGGGCCGATA,0,1797799
hdeAp2,0.05263157894736842,18,18,AGAATCGGGCGAGTCGTCTC,0,1786837
hdeAp2,0.05263157894736842,18,18,ACTCGGTATTCAAGGCACAG,0,1779023
hdeAp2,0.05263157894736842,18,18,ACTCCCGTTGCATTGAAGAT,0,1809524
hdeAp2,0.05263157894736842,18,18,ACGCGACATGAATGTCCGCG,0,1810249
hdeAp2,0.05263157894736842,18,18,ACCTGATAGGGACCCTGATC,0,1800750
hdeAp2,0.05263157894736842,18,18,ACCTAAACCACCATATGTGG,0,1788409
hdeAp2,0.05263157894736842,18,18,ACCGTTAAATTAGGATATAA,0,1807320
hdeAp2,0.05263157894736842,18,18,ACCGCAATATTACAGCTGCG,0,1820627
hdeAp2,0.05263157894736842,18,18,ACAGGTCAAGAACAGGTGTG,0,1791202
hdeAp2,0.05263157894736842,18,18,ACACATTTTCCATTAGGTGC,0,1783113
hdeAp2,0.05263157894736842,18,18,ACAAGGCGCATACGTCTAGG,0,1779984
hdeAp2,0.05263157894736842,18,18,AATTTATATTTTGAGGGACT,0,1786051
hdeAp2,0.05263157894736842,18,18,AATGGCCAAGATCGAAGGAG,0,1808973
hdeAp2,0.05263157894736842,18,18,AATCGCAGACCGGTATTGCT,0,1812253
hdeAp2,0.05263157894736842,18,18,AATACCCAGCTCTTCAACAA,0,1774749
hdeAp2,0.05263157894736842,18,18,AAGGGAATCCCAGCATGTAC,0,1810975
hdeAp2,0.05263157894736842,18,18,AAGCGCGGTGCAACCGCATA,0,1780808
hdeAp2,0.05263157894736842,18,18,AAGAGGGTTTCCTAACACCT,0,1799822
hdeAp2,0.05263157894736842,18,18,AACCTGCCGTAGCACATGCA,0,1810893
hdeAp2,0.05263157894736842,18,18,AACACTTCGTGAAGATTGCA,0,1814643
hdeAp2,0.05263157894736842,18,18,AACACCCCTTGGATACATAT,0,1812353
hdeAp2,0.05263157894736842,18,18,AAAGGGACAAAGATAACACA,0,1775498
hdeAp2,0.05263157894736842,18,18,AAACTCATCATCGGCTTGCT,0,1792344
hdeAp2,0.05555555555555555,17,17,TTTTTCGAAACTCAGGTGGT,0,1773152
hdeAp2,0.05555555555555555,17,17,TTTAGGTAACCGATACCTGA,0,1773449
hdeAp2,0.05555555555555555,17,17,TTGGTTGGCGTCCAACTGTT,0,1783630
hdeAp2,0.05555555555555555,17,17,TTGACGGATCATCTCAGCTA,0,1790668
hdeAp2,0.05555555555555555,17,17,TTCGGCTAAGGATACCACGT,0,1818582
hdeAp2,0.05555555555555555,17,17,TTATAAATGCGGGGCCTACT,0,1813903
hdeAp2,0.05555555555555555,17,17,TTAGTTTGTTAGTTCTATCT,0,1803895
hdeAp2,0.05555555555555555,17,17,TGTGATACCCAACCCGCACG,0,1801786
hdeAp2,0.05555555555555555,17,17,TGTATTCTCATGATTTGAGT,0,1825825
hdeAp2,0.05555555555555555,17,17,TGGTTGGGATCTCGACAAAC,0,1806224
hdeAp2,0.05555555555555555,17,17,TGGCTGTTTTGATGTACGAT,0,1782041
hdeAp2,0.05555555555555555,17,17,TGGCCGTGTTACCGCATTCA,0,1777710
hdeAp2,0.05555555555555555,17,17,TGGACTCGCCAGTACGCTCG,0,1798524
hdeAp2,0.05555555555555555,17,17,TGCGGCTGCTCTCGATTCGT,0,1826296
hdeAp2,0.05555555555555555,17,17,TGCAGTGTCGTTTAGGTGAT,0,1784772
hdeAp2,0.05555555555555555,17,17,TGATAAGGACTCCGATAATC,0,1770953
hdeAp2,0.05555555555555555,17,17,TGACATAATCGCAGCGAAGA,0,1810299
hdeAp2,0.05555555555555555,17,17,TCTTGTAACCATCACCAACA,0,1818960
hdeAp2,0.05555555555555555,17,17,TCTTCCACAACACTTGTGGG,0,1818919
hdeAp2,0.05555555555555555,17,17,TCTGCATGACTCTAAAGGGA,0,1786058
hdeAp2,0.05555555555555555,17,17,TCTGATAGCATACGTAGGCT,0,1816880
hdeAp2,0.05555555555555555,17,17,TCGGGGACGACCGCCTTTCA,0,1806407
hdeAp2,0.05555555555555555,17,17,TCGGAGATTACCAGTTCGAT,0,1816915
hdeAp2,0.05555555555555555,17,17,TCCTGCTGCTATAGTATCGA,0,1815897
hdeAp2,0.05555555555555555,17,17,TCCGGTTAGGGATGATAGGT,0,1790752
hdeAp2,0.05555555555555555,17,17,TCCAATGTGAAGATCTTTGT,0,1812132
hdeAp2,0.05555555555555555,17,17,TCATTAGCAGAGGATTTCGG,0,1780257
hdeAp2,0.05555555555555555,17,17,TCATCTGCTTTAGCGCGAAC,0,1826584
hdeAp2,0.05555555555555555,17,17,TCATATACGCTTATACTGAC,0,1818456
hdeAp2,0.05555555555555555,17,17,TCATACCGGTACAATGAGGT,0,1808634
hdeAp2,0.05555555555555555,17,17,TCAGTTGATGAATCTGTCAA,0,1806157
hdeAp2,0.05555555555555555,17,17,TCACGGCATGGGAACTAATA,0,1781315
hdeAp2,0.05555555555555555,17,17,TCACCGACAAGATCTAGTTA,0,1803535
hdeAp2,0.05555555555555555,17,17,TATTGCCGGGCTGGAATAAG,0,1788633
hdeAp2,0.05555555555555555,17,17,TATTCATCGGGTCAGTTTGA,0,1810166
hdeAp2,0.05555555555555555,17,17,TATTATATAGAATTTATCCA,0,1787587
hdeAp2,0.05555555555555555,17,17,TATGTGCCAAGCACCGTGAT,0,1800220
hdeAp2,0.05555555555555555,17,17,TATGGGCCGCGTAGAAGGTG,0,1790870
hdeAp2,0.05555555555555555,17,17,TATGGCCCTACATTCTGAGT,0,1811210
hdeAp2,0.05555555555555555,17,17,TAGGCAGTCTAGTACGCCTC,0,1802327
hdeAp2,0.05555555555555555,17,17,TAGACTAGGACGTTCCGCAA,0,1774854
hdeAp2,0.05555555555555555,17,17,TACCTCGAACATCGACGTGA,0,1775750
hdeAp2,0.05555555555555555,17,17,TAACAGACCCCATTTAGGTG,0,1778690
hdeAp2,0.05555555555555555,17,17,GTTTGTTGTGATTCAGGCTT,0,1818968
hdeAp2,0.05555555555555555,17,17,GTTATTATTTTGTATTATTT,0,1806340
hdeAp2,0.05555555555555555,17,17,GTGTCGGGAAAGATGTGGGT,0,1793647
hdeAp2,0.05555555555555555,17,17,GTGTAACTGCAAAATAACAC,0,1824320
hdeAp2,0.05555555555555555,17,17,GTGCGTTTTCGCGAACCTGA,0,1780561
hdeAp2,0.05555555555555555,17,17,GTGCCAAACCAGTCTGAAAT,0,1802647
hdeAp2,0.05555555555555555,17,17,GTGAATGGTTCATCCTCAAG,0,1797507
hdeAp2,0.05555555555555555,17,17,GTCTGCTATGGTCGTAGAGG,0,1803320
hdeAp2,0.05555555555555555,17,17,GTCGCCGAGGCCCGGGGGTT,0,1790766
hdeAp2,0.05555555555555555,17,17,GTCGATACGTGGAGCTTGGT,0,1793244
hdeAp2,0.05555555555555555,17,17,GTCCTCCGCTGTGCGAGATA,0,1784839
hdeAp2,0.05555555555555555,17,17,GTCATTCAACTTTCTCCATG,0,1798937
hdeAp2,0.05555555555555555,17,17,GTATTTTATTCCAATCCGAT,0,1776943
hdeAp2,0.05555555555555555,17,17,GTAGCGGAACTATGCCCATA,0,1790524
hdeAp2,0.05555555555555555,17,17,GTAATCGAACGCTGGAAATA,0,1816523
hdeAp2,0.05555555555555555,17,17,GTAAGGATAATATATGGGAT,0,1804974
hdeAp2,0.05555555555555555,17,17,GTAAGACATACCAGCGAACA,0,1820989
hdeAp2,0.05555555555555555,17,17,GTAACTGAGCCCAAGCTTCA,0,1820829
hdeAp2,0.05555555555555555,17,17,GGTTGCCTCGAGAAAAGGCA,0,1806744
hdeAp2,0.05555555555555555,17,17,GGTTCCTAAACCAGTCTATC,0,1772330
hdeAp2,0.05555555555555555,17,17,GGTGCAGAAATAGGCTTAAA,0,1771111
hdeAp2,0.05555555555555555,17,17,GGTGATCTTTGGCAAGCGCG,0,1786671
hdeAp2,0.05555555555555555,17,17,GGTGATCCTTTACCGGGGCA,0,1789305
hdeAp2,0.05555555555555555,17,17,GGTATTTCCGCCATTGGCCT,0,1812585
hdeAp2,0.05555555555555555,17,17,GGTACTACGGTAGTACAATT,0,1772612
hdeAp2,0.05555555555555555,17,17,GGGTACTCGGCGACAGGTGT,0,1811635
hdeAp2,0.05555555555555555,17,17,GGGTACATCTAAAATCTCAG,0,1803142
hdeAp2,0.05555555555555555,17,17,GGGTAAGCAGGCCACTACAT,0,1795575
hdeAp2,0.05555555555555555,17,17,GGGCAAGTTCACTACATCTG,0,1805157
hdeAp2,0.05555555555555555,17,17,GGGACGATGCAGACAGGGTT,0,1822924
hdeAp2,0.05555555555555555,17,17,GGCTTTACACTGGCAGACGT,0,1772786
hdeAp2,0.05555555555555555,17,17,GGCTGTTGGTCCAAGAACCT,0,1815375
hdeAp2,0.05555555555555555,17,17,GGCGATCGTAGAGAGTAGCG,0,1819075
hdeAp2,0.05555555555555555,17,17,GGCATTCTTTATTATGGCGA,0,1813414
hdeAp2,0.05555555555555555,17,17,GGCAGCGCAGTCGCTGGCCC,0,1771980
hdeAp2,0.05555555555555555,17,17,GGATGGTGGGAGCCGCAGTT,0,1813041
hdeAp2,0.05555555555555555,17,17,GGAGAAGACGTTGCACAGGA,0,1822344
hdeAp2,0.05555555555555555,17,17,GGACGCTGTATCGTATGGTT,0,1775574
hdeAp2,0.05555555555555555,17,17,GCGGTTCTGTGCATAGAGTG,0,1797441
hdeAp2,0.05555555555555555,17,17,GCGGATTCAGCTGTTACCTG,0,1825430
hdeAp2,0.05555555555555555,17,17,GCGCACTTTCGAACAGACTT,0,1795246
hdeAp2,0.05555555555555555,17,17,GCCTCCATATGTCGTGCCGA,0,1822008
hdeAp2,0.05555555555555555,17,17,GCCGGGTTAACTTGCTTTTG,0,1809438
hdeAp2,0.05555555555555555,17,17,GCCGCGTGTGAAAAAATGTG,0,1810214
hdeAp2,0.05555555555555555,17,17,GCCCCAAGGTCTTGATGGCC,0,1793761
hdeAp2,0.05555555555555555,17,17,GCCCAAGATCTCTCATGGCG,0,1818472
hdeAp2,0.05555555555555555,17,17,GCCACGTCCGTGAGTTCGGT,0,1811200
hdeAp2,0.05555555555555555,17,17,GCCAAAATCAGGAGGTTAGC,0,1814292
hdeAp2,0.05555555555555555,17,17,GCATCCCTCCAGCGAGGTAT,0,1781102
hdeAp2,0.05555555555555555,17,17,GCAGTCTGGGCTCCGACCGA,0,1802193
hdeAp2,0.05555555555555555,17,17,GCACTGAGGATAGCCGTTTG,0,1774792
hdeAp2,0.05555555555555555,17,17,GCACGCCTTCGCAGGAGGTA,0,1795421
hdeAp2,0.05555555555555555,17,17,GCACGCCGGAGGTCAGAATC,0,1797077
hdeAp2,0.05555555555555555,17,17,GATCTATGCAGTAAAACTAT,0,1777605
hdeAp2,0.05555555555555555,17,17,GATCGCTTTCATCAAGACCA,0,1792347
hdeAp2,0.05555555555555555,17,17,GATAACCTGAGGTCTTTGAA,0,1791544
hdeAp2,0.05555555555555555,17,17,GAGTTATAATACACATAAGA,0,1817579
hdeAp2,0.05555555555555555,17,17,GAGCTATCGCAGTAACCAGG,0,1822053
hdeAp2,0.05555555555555555,17,17,GAGAGAGATGGCACAGGCTA,0,1774506
hdeAp2,0.05555555555555555,17,17,GAGAACTGAAAAGGGTTCTC,0,1783337
hdeAp2,0.05555555555555555,17,17,GAATGATGTTTCCCGAGGCT,0,1791551
hdeAp2,0.05555555555555555,17,17,GAATACTTCCTGGATTCGTT,0,1781037
hdeAp2,0.05555555555555555,17,17,GAACTATGTCCCGGCGAAAG,0,1776390
hdeAp2,0.05555555555555555,17,17,GAACCGGGATGAGAGCGGCG,0,1801913
hdeAp2,0.05555555555555555,17,17,GAACCCGCTGGTCTATTTGT,0,1776534
hdeAp2,0.05555555555555555,17,17,CTTTGAAGGACTCACCGGGG,0,1782537
hdeAp2,0.05555555555555555,17,17,CTTGTACGCTTTGTAGGACC,0,1811677
hdeAp2,0.05555555555555555,17,17,CTTGGTTCTTCATGCCGTTG,0,1773094
hdeAp2,0.05555555555555555,17,17,CTTAGCAGCTTACGGACGAC,0,1791499
hdeAp2,0.05555555555555555,17,17,CTTAAGGGGCATTATGTTCA,0,1808498
hdeAp2,0.05555555555555555,17,17,CTTAAGACACCGTAGAATGC,0,1806939
hdeAp2,0.05555555555555555,17,17,CTAGAACGGCCACCGGGGGA,0,1784437
hdeAp2,0.05555555555555555,17,17,CTACTGAATAGCAATAACCA,0,1823536
hdeAp2,0.05555555555555555,17,17,CTACGTTGATTTTCAAGAGA,0,1784493
hdeAp2,0.05555555555555555,17,17,CTACCGCGTGCAGTCTAGCC,0,1774900
hdeAp2,0.05555555555555555,17,17,CGTGTTGAACGTCCACAACA,0,1771037
hdeAp2,0.05555555555555555,17,17,CGTGAAGGTTCGGAACAGGT,0,1790391
hdeAp2,0.05555555555555555,17,17,CGTCAGGCGTTTGGCAACAA,0,1805899
hdeAp2,0.05555555555555555,17,17,CGGGTTGCTTCGAGGATCGA,0,1775568
hdeAp2,0.05555555555555555,17,17,CGGCTACATGCGTTAGAACG,0,1814250
hdeAp2,0.05555555555555555,17,17,CGGCGGAGAATGCTGTGCAA,0,1792747
hdeAp2,0.05555555555555555,17,17,CGCTTTCGTTTTAACCGTCA,0,1796448
hdeAp2,0.05555555555555555,17,17,CGCGCGACCCATGTCTAGCA,0,1826498
hdeAp2,0.05555555555555555,17,17,CGCATTAATGCCCGCTTTAG,0,1798642
hdeAp2,0.05555555555555555,17,17,CGAGGCGCGTTGATACTGGA,0,1781302
hdeAp2,0.05555555555555555,17,17,CGAGCAGCCGCCGGACACGT,0,1802392
hdeAp2,0.05555555555555555,17,17,CCTGGTTAGGGATTCCACAG,0,1780678
hdeAp2,0.05555555555555555,17,17,CCTGGGCCTCGAGTCGTCAG,0,1803732
hdeAp2,0.05555555555555555,17,17,CCTCTCTCCCTAAGGTTCAC,0,1792482
hdeAp2,0.05555555555555555,17,17,CCTACACTATCGTAGGGCAA,0,1818559
hdeAp2,0.05555555555555555,17,17,CCGTCCTAGATTGCCACTAA,0,1786385
hdeAp2,0.05555555555555555,17,17,CCGTAAATGGAGTGTCCCCC,0,1818065
hdeAp2,0.05555555555555555,17,17,CCGGTTTATGGATTAAATCA,0,1813767
hdeAp2,0.05555555555555555,17,17,CCGGGGGTCAACGGTGAGGT,0,1824844
hdeAp2,0.05555555555555555,17,17,CCGCGAAGGGTAAGCGTGGC,0,1776392
hdeAp2,0.05555555555555555,17,17,CCGACATCTTATACGGTCTC,0,1825116
hdeAp2,0.05555555555555555,17,17,CCCGTCCGGCGATTCTACCA,0,1781576
hdeAp2,0.05555555555555555,17,17,CCCCTCAGGGCCACGAGGTT,0,1772278
hdeAp2,0.05555555555555555,17,17,CCCAGGAATAAATACTACCA,0,1782441
hdeAp2,0.05555555555555555,17,17,CCATTAAAGTAGGAACGAAG,0,1790993
hdeAp2,0.05555555555555555,17,17,CCAATTTCGTCCATAGTCCC,0,1806788
hdeAp2,0.05555555555555555,17,17,CATTGGTCCGGGAATCCTTC,0,1788728
hdeAp2,0.05555555555555555,17,17,CATCTACCTGGTCCCATGCG,0,1816991
hdeAp2,0.05555555555555555,17,17,CATATGAGGAGTAATCCCTG,0,1774136
hdeAp2,0.05555555555555555,17,17,CATAAGAGTCGTCTGTCCAA,0,1828377
hdeAp2,0.05555555555555555,17,17,CAGTTTACGTGGTGGGGCTC,0,1814231
hdeAp2,0.05555555555555555,17,17,CAGGGTATAGCATCTAGATT,0,1789302
hdeAp2,0.05555555555555555,17,17,CAGAGGGTGACCACGTGAAC,0,1772023
hdeAp2,0.05555555555555555,17,17,CACGCGTCCATGACACGCCA,0,1801055
hdeAp2,0.05555555555555555,17,17,CACGAACATTGATCGAAAAG,0,1786186
hdeAp2,0.05555555555555555,17,17,CAATTTGTGAGCCACCATGG,0,1779442
hdeAp2,0.05555555555555555,17,17,CAATAACTATCGTTCATATA,0,1817449
hdeAp2,0.05555555555555555,17,17,CAACGCCCTCGAGGTCTTGG,0,1779310
hdeAp2,0.05555555555555555,17,17,CAACCGCACTACAGAGGCAG,0,1811246
hdeAp2,0.05555555555555555,17,17,CAAATTGACATGCCTTTCTC,0,1816388
hdeAp2,0.05555555555555555,17,17,ATTGCAAAGGACTCAATAAG,0,1771017
hdeAp2,0.05555555555555555,17,17,ATTAGTGGATGAGCTGATTG,0,1818627
hdeAp2,0.05555555555555555,17,17,ATGATACCCAGGCGTCTTTA,0,1811208
hdeAp2,0.05555555555555555,17,17,ATGAGATTTATCTTGTGCGC,0,1781881
hdeAp2,0.05555555555555555,17,17,ATGACCACCCTAGTAATCGA,0,1805184
hdeAp2,0.05555555555555555,17,17,ATGAAAGTGAACAGCTGCCA,0,1804277
hdeAp2,0.05555555555555555,17,17,ATCGGGTTTGGGTTTGCTCA,0,1775312
hdeAp2,0.05555555555555555,17,17,ATCCATGACCTGAGTACTAC,0,1801286
hdeAp2,0.05555555555555555,17,17,ATCATTATGGGAGAGTCTAT,0,1805158
hdeAp2,0.05555555555555555,17,17,ATCACGCCACGTCTACGTTG,0,1824587
hdeAp2,0.05555555555555555,17,17,ATCAAATGAGCTTATGATGA,0,1805383
hdeAp2,0.05555555555555555,17,17,ATATGATATACAGCAGTCAC,0,1789224
hdeAp2,0.05555555555555555,17,17,ATATCTTTTACGGGCCGGAT,0,1771530
hdeAp2,0.05555555555555555,17,17,ATATCTAGTGGGTGCTGGCG,0,1812290
hdeAp2,0.05555555555555555,17,17,ATACAAGCCGCTTCTTAGTG,0,1807004
hdeAp2,0.05555555555555555,17,17,ATAATGCAGATTTAAGACTG,0,1819177
hdeAp2,0.05555555555555555,17,17,AGTTGGTCAGTTAACCCTCC,0,1771069
hdeAp2,0.05555555555555555,17,17,AGTTCCAATGCCCGACACCC,0,1790177
hdeAp2,0.05555555555555555,17,17,AGTGGACTAATAATAGGCTT,0,1785483
hdeAp2,0.05555555555555555,17,17,AGGTCCCCCGTGTTGCACTG,0,1777480
hdeAp2,0.05555555555555555,17,17,AGGGGCTCGGGTAAAGTGGA,0,1798108
hdeAp2,0.05555555555555555,17,17,AGGCGGTGAGCATCTAGACT,0,1780218
hdeAp2,0.05555555555555555,17,17,AGGCGCATGAACGCCGCCTA,0,1798398
hdeAp2,0.05555555555555555,17,17,AGGCAGCTGTTAGTAGGGAT,0,1787358
hdeAp2,0.05555555555555555,17,17,AGGACACATCCCGCGATGTG,0,1809454
hdeAp2,0.05555555555555555,17,17,AGATATGTCGCAATAATAGG,0,1814085
hdeAp2,0.05555555555555555,17,17,AGAGCAACTACGTCTCTTCA,0,1806250
hdeAp2,0.05555555555555555,17,17,AGACCCAGCAACGCAATACG,0,1812641
hdeAp2,0.05555555555555555,17,17,ACTTAGTATCAGTCAATGGT,0,1792893
hdeAp2,0.05555555555555555,17,17,ACTCAGTCGTACCAGGCTGA,0,1799604
hdeAp2,0.05555555555555555,17,17,ACGTCATCGTTACTCCCAGT,0,1825920
hdeAp2,0.05555555555555555,17,17,ACGGTGGCTATGGGTGGTAT,0,1827558
hdeAp2,0.05555555555555555,17,17,ACGGCTGCATGGGTCCCGGC,0,1800017
hdeAp2,0.05555555555555555,17,17,ACGGCGTGTCACGGGCGTCA,0,1793935
hdeAp2,0.05555555555555555,17,17,ACGGAGCAGTAGACCGAGGA,0,1790927
hdeAp2,0.05555555555555555,17,17,ACGGAAAGCCAGTTATAGAT,0,1821412
hdeAp2,0.05555555555555555,17,17,ACGCTAACTGTCTTTCCTCA,0,1788192
hdeAp2,0.05555555555555555,17,17,ACGCGAACTATTGTCTGCAA,0,1804472
hdeAp2,0.05555555555555555,17,17,ACGATTGCTCGATGGAAATC,0,1777420
hdeAp2,0.05555555555555555,17,17,ACGACGGGGCGATGAAACAG,0,1774188
hdeAp2,0.05555555555555555,17,17,ACGACACCCGGCGCGCGCGT,0,1797032
hdeAp2,0.05555555555555555,17,17,ACCCGTGTTAGTTTTCGGAC,0,1798069
hdeAp2,0.05555555555555555,17,17,ACCCGACACCTGGTGTTACA,0,1777664
hdeAp2,0.05555555555555555,17,17,ACATGCATGCACTTCATTAC,0,1801448
hdeAp2,0.05555555555555555,17,17,ACATCGGTCGGATATCAAAA,0,1788211
hdeAp2,0.05555555555555555,17,17,ACAGTTGGAGTTCGTGGCGT,0,1777472
hdeAp2,0.05555555555555555,17,17,ACAGTCCACGGTCTCGTCTT,0,1771215
hdeAp2,0.05555555555555555,17,17,ACACCACCAGTTCCGAATCC,0,1811919
hdeAp2,0.05555555555555555,17,17,AATTGCAGCCTGCCATATGC,0,1821162
hdeAp2,0.05555555555555555,17,17,AATCCCTCCAAGCTATAGAA,0,1775239
hdeAp2,0.05555555555555555,17,17,AATCAACGTCCAGCGATCCT,0,1792409
hdeAp2,0.05555555555555555,17,17,AATAATGGAACACAGTTACG,0,1794710
hdeAp2,0.05555555555555555,17,17,AAGTAAATTCTACCTCTTCA,0,1801946
hdeAp2,0.05555555555555555,17,17,AAGGGATAGCATATAGTTTG,0,1782373
hdeAp2,0.05555555555555555,17,17,AAGGAGTTTAAGGTATAAAC,0,1822263
hdeAp2,0.05555555555555555,17,17,AAGATAGAATTGTCGGGTAG,0,1796823
hdeAp2,0.05555555555555555,17,17,AACGTCCTTTATGCGTGAGA,0,1785844
hdeAp2,0.05555555555555555,17,17,AACATAACTTGGAAGGGGTC,0,1804503
hdeAp2,0.05555555555555555,17,17,AAATCGTGCCAGCATTTTTT,0,1815833
hdeAp2,0.05555555555555555,17,17,AAATAGACCTTGCGGTGTTT,0,1785820
hdeAp2,0.05555555555555555,17,17,AAAATAGTCTATAGCTGCCC,0,1782249
hdeAp2,0.058823529411764705,16,16,TTTCTGCAATGCCTCCGCTC,0,1812303
hdeAp2,0.058823529411764705,16,16,TTTCCTGGCGCTATTTCCAT,0,1787686
hdeAp2,0.058823529411764705,16,16,TTTCCGCGGGGAAGTATAAC,0,1801436
hdeAp2,0.058823529411764705,16,16,TTTATGCTGTAACCGTTGTA,0,1813181
hdeAp2,0.058823529411764705,16,16,TTGTAAACGAAATACCAGAA,0,1775504
hdeAp2,0.058823529411764705,16,16,TTGCGAACGTTGGAGGCGCC,0,1811155
hdeAp2,0.058823529411764705,16,16,TTGAGACCACGTGTCACTCC,0,1799086
hdeAp2,0.058823529411764705,16,16,TTCTTAGGACTTAGAAAAGA,0,1801084
hdeAp2,0.058823529411764705,16,16,TTATTTCGATCCCATCCAGT,0,1789020
hdeAp2,0.058823529411764705,16,16,TTATAGAAGACTCTCTCTGA,0,1798079
hdeAp2,0.058823529411764705,16,16,TTAGCCGGTCGCAATGGGAA,0,1774736
hdeAp2,0.058823529411764705,16,16,TTACCGACCCCAGGCTCTCA,0,1796327
hdeAp2,0.058823529411764705,16,16,TTAATCGGTAGGTGATGAGG,0,1788185
hdeAp2,0.058823529411764705,16,16,TGTTTATCTAGGTAATAACT,0,1787394
hdeAp2,0.058823529411764705,16,16,TGTTGGGTGGGTCTGTCAGT,0,1810290
hdeAp2,0.058823529411764705,16,16,TGTTCACGTGGTTCTTTAAA,0,1785464
hdeAp2,0.058823529411764705,16,16,TGTCCAATATAGAGGGGCCA,0,1825423
hdeAp2,0.058823529411764705,16,16,TGTATAAGTTCAATGCCTAG,0,1789685
hdeAp2,0.058823529411764705,16,16,TGGTGCCACCATTCTGTCTG,0,1814295
hdeAp2,0.058823529411764705,16,16,TGGGAGAAAGAGCTGTTAGA,0,1786158
hdeAp2,0.058823529411764705,16,16,TGGCCGAAGGGCACGCAGAC,0,1818338
hdeAp2,0.058823529411764705,16,16,TGGAGTTTACTTGGAGACTC,0,1778362
hdeAp2,0.058823529411764705,16,16,TGGACTGCCTGACCAAGGAT,0,1824169
hdeAp2,0.058823529411764705,16,16,TGCGTAGGGGGAGAGCAAAC,0,1823947
hdeAp2,0.058823529411764705,16,16,TGCGAGATCGAGCCAGGGTC,0,1771738
hdeAp2,0.058823529411764705,16,16,TGCCGCTTCGTGAAGCGTAA,0,1822317
hdeAp2,0.058823529411764705,16,16,TGCCAGTCATTTAGATCAGC,0,1817319
hdeAp2,0.058823529411764705,16,16,TGCAGTGAGGAGATGCAGTA,0,1786813
hdeAp2,0.058823529411764705,16,16,TGATCCTGGCGTGGGGCTAC,0,1814268
hdeAp2,0.058823529411764705,16,16,TGAGTAGTTCGGGAGGGTCG,0,1782217
hdeAp2,0.058823529411764705,16,16,TGAAATATCCCGGCTCTCCG,0,1772006
hdeAp2,0.058823529411764705,16,16,TCTCGCTCAAATCCCACGAG,0,1796499
hdeAp2,0.058823529411764705,16,16,TCGTACTACTTTTCATACGC,0,1776132
hdeAp2,0.058823529411764705,16,16,TCGGGGACACACTTTGACGT,0,1793361
hdeAp2,0.058823529411764705,16,16,TCGGATGGAGGGGTCCAATA,0,1783582
hdeAp2,0.058823529411764705,16,16,TCGCCACGTTATAGTAGAGT,0,1783521
hdeAp2,0.058823529411764705,16,16,TCGACAACTACGTTCCCTTA,0,1796275
hdeAp2,0.058823529411764705,16,16,TCCTATTCCGGAGGATTTAA,0,1821111
hdeAp2,0.058823529411764705,16,16,TCAGCTCAGCGGCACCCGGT,0,1803555
hdeAp2,0.058823529411764705,16,16,TCACTAGACATGCTATAGAC,0,1809908
hdeAp2,0.058823529411764705,16,16,TCAACTCCGCAGGTAATCCA,0,1821878
hdeAp2,0.058823529411764705,16,16,TCAAACAAGCGGATATATGT,0,1819578
hdeAp2,0.058823529411764705,16,16,TCAAAATCAGAAGCGCGCTC,0,1814343
hdeAp2,0.058823529411764705,16,16,TATTTGGAAGTAATGGAAGA,0,1806100
hdeAp2,0.058823529411764705,16,16,TATCAAGTATGGTCTACCTA,0,1812943
hdeAp2,0.058823529411764705,16,16,TATAGCGATGCCCAAGAAAC,0,1820111
hdeAp2,0.058823529411764705,16,16,TAGGGAGTTTTGTTAGCACA,0,1813745
hdeAp2,0.058823529411764705,16,16,TAGCCTTTATGCGGTGGCCG,0,1780834
hdeAp2,0.058823529411764705,16,16,TAGCAAACATTACTCGCTTT,0,1795503
hdeAp2,0.058823529411764705,16,16,TAGATCTTCATGTTGGAGAT,0,1802088
hdeAp2,0.058823529411764705,16,16,TACTGTGCGAGCACCCAAGG,0,1827280
hdeAp2,0.058823529411764705,16,16,TACTCACCACTACCGCGTGT,0,1828169
hdeAp2,0.058823529411764705,16,16,TACCTGCATATTGTCGCGCA,0,1774839
hdeAp2,0.058823529411764705,16,16,TACAGTAGCAGTTGGAATCA,0,1827403
hdeAp2,0.058823529411764705,16,16,TACAAACCGCAGCGATGCCT,0,1788119
hdeAp2,0.058823529411764705,16,16,TAAGGGAGTGGCCAACTTCA,0,1824743
hdeAp2,0.058823529411764705,16,16,TAACTTCAGCGTCGATACGT,0,1771973
hdeAp2,0.058823529411764705,16,16,TAAAAGGGTGGCTCCATTGT,0,1799666
hdeAp2,0.058823529411764705,16,16,GTTTACAGTGATAGCCCTTG,0,1816296
hdeAp2,0.058823529411764705,16,16,GTTGGATGAACATGATGTCA,0,1802540
hdeAp2,0.058823529411764705,16,16,GTTGAATCCAGGCGTTACCC,0,1810188
hdeAp2,0.058823529411764705,16,16,GTTCGTGCAGACGCTGCTTG,0,1810732
hdeAp2,0.058823529411764705,16,16,GTTCGGCAACGACATGTTTA,0,1794910
hdeAp2,0.058823529411764705,16,16,GTGTCACCAGCAGGGTCGAA,0,1772177
hdeAp2,0.058823529411764705,16,16,GTGGCCTAAAAAAAGATAGT,0,1782405
hdeAp2,0.058823529411764705,16,16,GTGGAGAATCCATTTGACAA,0,1809148
hdeAp2,0.058823529411764705,16,16,GTGACACCTCCCCCAACCAA,0,1779975
hdeAp2,0.058823529411764705,16,16,GTGAAGCGATGTGGCTTTTC,0,1824219
hdeAp2,0.058823529411764705,16,16,GTCTCTGACTATGAGAGGAC,0,1819991
hdeAp2,0.058823529411764705,16,16,GTCCGCTGCTCGATCTGACA,0,1787477
hdeAp2,0.058823529411764705,16,16,GTATGTAACTTCGATCACTC,0,1792638
hdeAp2,0.058823529411764705,16,16,GTATGGTGCGGTCTGCGCGG,0,1781957
hdeAp2,0.058823529411764705,16,16,GTAATGGGGTTACAGCACGT,0,1802699
hdeAp2,0.058823529411764705,16,16,GGTTGTACCAGAGATCACGA,0,1781626
hdeAp2,0.058823529411764705,16,16,GGTTAGCTATTGGTAATCGA,0,1781022
hdeAp2,0.058823529411764705,16,16,GGTTAATGGTCTAAACATAA,0,1785902
hdeAp2,0.058823529411764705,16,16,GGTGGAACCGTGTAGTGTGG,0,1807038
hdeAp2,0.058823529411764705,16,16,GGTCATCCGCGGCTGGCCGA,0,1798266
hdeAp2,0.058823529411764705,16,16,GGTATCACCGGCATATTCTG,0,1803000
hdeAp2,0.058823529411764705,16,16,GGTAGAGTAGAAGTGGCGAT,0,1804305
hdeAp2,0.058823529411764705,16,16,GGTAACCGAGCTCTCAAGGA,0,1811267
hdeAp2,0.058823529411764705,16,16,GGGTCATCTGTATCTACGTT,0,1823424
hdeAp2,0.058823529411764705,16,16,GGGGTCCTTCAATTAATGGT,0,1816297
hdeAp2,0.058823529411764705,16,16,GGGCTCGTAGCTTTAAGTGG,0,1798949
hdeAp2,0.058823529411764705,16,16,GGGCATATGCTAAGGGTCCG,0,1793248
hdeAp2,0.058823529411764705,16,16,GGCTAAACAAGTGCACACAG,0,1789664
hdeAp2,0.058823529411764705,16,16,GGCGGTGCAAAGTTTGCTGT,0,1799005
hdeAp2,0.058823529411764705,16,16,GGCGGAGACGAGTCTAACCC,0,1780443
hdeAp2,0.058823529411764705,16,16,GGCCCCTTGTTGCCCTCAAA,0,1783430
hdeAp2,0.058823529411764705,16,16,GGATGTTGTCTAGTCCGATT,0,1826352
hdeAp2,0.058823529411764705,16,16,GGATCGAAGTAAGCGTCTCC,0,1779472
hdeAp2,0.058823529411764705,16,16,GGAGTAAACCAACTTACACG,0,1785879
hdeAp2,0.058823529411764705,16,16,GGAGGGCCAGAAGCGTCTCC,0,1796392
hdeAp2,0.058823529411764705,16,16,GGAGGGATACGGGGGGTGAT,0,1795455
hdeAp2,0.058823529411764705,16,16,GGAGACTCAAAGGGAGGACC,0,1776533
hdeAp2,0.058823529411764705,16,16,GGACTCGATTTTCCATAGTG,0,1779856
hdeAp2,0.058823529411764705,16,16,GGACGATAGGGTAGTTGTTT,0,1782873
hdeAp2,0.058823529411764705,16,16,GGACATCTCGGGGCACAAAT,0,1810615
hdeAp2,0.058823529411764705,16,16,GGACAGCATTATTTGTACAT,0,1786029
hdeAp2,0.058823529411764705,16,16,GGAAGGGCCGGTTAAGCTAT,0,1787592
hdeAp2,0.058823529411764705,16,16,GGAACTTCGTGGACCAACGT,0,1778470
hdeAp2,0.058823529411764705,16,16,GCTGGAAGCTTCATTGCAAT,0,1774534
hdeAp2,0.058823529411764705,16,16,GCTAAAACCAAGCAAGCGGA,0,1824983
hdeAp2,0.058823529411764705,16,16,GCGTCGCCGGCGCAACCCAC,0,1816013
hdeAp2,0.058823529411764705,16,16,GCGGCTCGGATCCCACGGAA,0,1781622
hdeAp2,0.058823529411764705,16,16,GCGGAGGATCCTTCTCCGGG,0,1790763
hdeAp2,0.058823529411764705,16,16,GCGCCTTAACGCGCGGGCTA,0,1826284
hdeAp2,0.058823529411764705,16,16,GCGAGGACCTGGAAAAGCCT,0,1786991
hdeAp2,0.058823529411764705,16,16,GCCTACCACAGCTGTTATAA,0,1825746
hdeAp2,0.058823529411764705,16,16,GCCATTGTGATTATGCGTGG,0,1783187
hdeAp2,0.058823529411764705,16,16,GCCATGTTCTTTCATATGAA,0,1812469
hdeAp2,0.058823529411764705,16,16,GCCATGAATGTTTAAGCGAC,0,1802610
hdeAp2,0.058823529411764705,16,16,GCATAGGAAGGTGAAGCATG,0,1783188
hdeAp2,0.058823529411764705,16,16,GCACTAGCTGGTCATTCTTG,0,1809562
hdeAp2,0.058823529411764705,16,16,GCACGACACAAACGGTTTCC,0,1793232
hdeAp2,0.058823529411764705,16,16,GCACACTGAGGATTCAGGAC,0,1810926
hdeAp2,0.058823529411764705,16,16,GCACACGCTAGTGATAAAAA,0,1800259
hdeAp2,0.058823529411764705,16,16,GCACAAAAGGCATTGCTGAA,0,1791218
hdeAp2,0.058823529411764705,16,16,GATTCGAAATGGGCAATGTC,0,1790864
hdeAp2,0.058823529411764705,16,16,GATGTGTAGCGCCGGGATCA,0,1772315
hdeAp2,0.058823529411764705,16,16,GATCGCCCCAACTAAGGGGG,0,1778406
hdeAp2,0.058823529411764705,16,16,GATCCTACGAGGGGACGAGT,0,1785319
hdeAp2,0.058823529411764705,16,16,GATAACTACGGAGCACTCAT,0,1802106
hdeAp2,0.058823529411764705,16,16,GAGGATAGACAGACACCCTG,0,1777770
hdeAp2,0.058823529411764705,16,16,GAGCCGTTACTTAAACTTTT,0,1800749
hdeAp2,0.058823529411764705,16,16,GAGCACGAAATAAAGCGGGA,0,1775740
hdeAp2,0.058823529411764705,16,16,GACAGCAGAGCCTGAAAGAT,0,1811061
hdeAp2,0.058823529411764705,16,16,GAACATTAGAGCTATGTCGG,0,1810443
hdeAp2,0.058823529411764705,16,16,CTTTTGCATGAAACGCGGCC,0,1809314
hdeAp2,0.058823529411764705,16,16,CTTGGTTCAGCTCAAGCGGA,0,1789809
hdeAp2,0.058823529411764705,16,16,CTTGACCAGAGAGGCAAAAA,0,1812062
hdeAp2,0.058823529411764705,16,16,CTTATCGCCGTGTCTATTCG,0,1779914
hdeAp2,0.058823529411764705,16,16,CTTAAGTACAGTTGAGAACG,0,1792795
hdeAp2,0.058823529411764705,16,16,CTGCACAGGAGCGACAACGT,0,1817784
hdeAp2,0.058823529411764705,16,16,CTGACACGTTGATATGGTCC,0,1795910
hdeAp2,0.058823529411764705,16,16,CTCTTCAGTGTCAAGTAACC,0,1802517
hdeAp2,0.058823529411764705,16,16,CTCTACGACCGTTGGGCTCG,0,1821077
hdeAp2,0.058823529411764705,16,16,CTCCTAGTGGGAACTCGCAT,0,1804633
hdeAp2,0.058823529411764705,16,16,CTCAGTTACCGGTGTTACTC,0,1776303
hdeAp2,0.058823529411764705,16,16,CTATACAAGCTACCCCATCA,0,1819460
hdeAp2,0.058823529411764705,16,16,CTAGGGGAGTACAATTCTGT,0,1817655
hdeAp2,0.058823529411764705,16,16,CTAACTCTGATCGTAATCAG,0,1776784
hdeAp2,0.058823529411764705,16,16,CTAAACGGCGCACCAGTGGA,0,1793476
hdeAp2,0.058823529411764705,16,16,CGTGTTCGGCAGCCCCAGTC,0,1803997
hdeAp2,0.058823529411764705,16,16,CGTGTCGGCCCAATTATTGT,0,1789389
hdeAp2,0.058823529411764705,16,16,CGTGCTGCGCTATTCCCGAG,0,1827969
hdeAp2,0.058823529411764705,16,16,CGGTGTTCGGACATGGTGTC,0,1821261
hdeAp2,0.058823529411764705,16,16,CGGGTACTAGGGATTAACAA,0,1798097
hdeAp2,0.058823529411764705,16,16,CGGGGGGATGAGCAAATTTT,0,1797528
hdeAp2,0.058823529411764705,16,16,CGGCCTGCGTGAGCTGCATT,0,1777861
hdeAp2,0.058823529411764705,16,16,CGGCAAAAACTTGGCATGCG,0,1774721
hdeAp2,0.058823529411764705,16,16,CGCTCCCATGCAGCGAACCA,0,1803671
hdeAp2,0.058823529411764705,16,16,CGCGACGCCTGATAACCTGA,0,1825491
hdeAp2,0.058823529411764705,16,16,CGATGGAGGGTCCTAAAGCT,0,1779800
hdeAp2,0.058823529411764705,16,16,CGATCCAATCTTAGCGCACA,0,1790225
hdeAp2,0.058823529411764705,16,16,CGAGCCTAGACCGTATCACC,0,1819462
hdeAp2,0.058823529411764705,16,16,CGAAGCATGGACGGAGTCGG,0,1814637
hdeAp2,0.058823529411764705,16,16,CCTTGGACTGTAATCGCTCC,0,1806128
hdeAp2,0.058823529411764705,16,16,CCTGTCATGTGGGACGTTTT,0,1803587
hdeAp2,0.058823529411764705,16,16,CCTGGGCTCATAGGCTGGTA,0,1779718
hdeAp2,0.058823529411764705,16,16,CCTGGCAGGCCGCAAAACGC,0,1784171
hdeAp2,0.058823529411764705,16,16,CCTAGCCGAGAGAAGTACTG,0,1792775
hdeAp2,0.058823529411764705,16,16,CCGGCCGTCTTACAATCCAA,0,1777453
hdeAp2,0.058823529411764705,16,16,CCGGCCAACCGCCGTTGGTC,0,1792221
hdeAp2,0.058823529411764705,16,16,CCGAGCGGCCTCACTGGTCA,0,1825201
hdeAp2,0.058823529411764705,16,16,CCGACTACTGAAACATCTTG,0,1779726
hdeAp2,0.058823529411764705,16,16,CCCTCCCGTGTGTCTGGGTT,0,1794224
hdeAp2,0.058823529411764705,16,16,CCCGTACTCAAGCAGGACGC,0,1780684
hdeAp2,0.058823529411764705,16,16,CCCCGGTTTCTGGAAAAGGC,0,1787092
hdeAp2,0.058823529411764705,16,16,CCCAGACCTTAGGTCCCAGA,0,1813119
hdeAp2,0.058823529411764705,16,16,CCATTTCAGCCGTTTTGGCC,0,1778263
hdeAp2,0.058823529411764705,16,16,CCATTTAACGTCGAGGTGAT,0,1798652
hdeAp2,0.058823529411764705,16,16,CCATTAAGTCCTGGCAGGCG,0,1826067
hdeAp2,0.058823529411764705,16,16,CCACTGTTTATACGCTTGGC,0,1782396
hdeAp2,0.058823529411764705,16,16,CCAAAGCGTTCACAAAGGCG,0,1796602
hdeAp2,0.058823529411764705,16,16,CATTCGGACCCTATCATGGG,0,1798289
hdeAp2,0.058823529411764705,16,16,CATGAATATTCGTGCGGTCA,0,1792483
hdeAp2,0.058823529411764705,16,16,CATCTCGTTTTTAATGCGGC,0,1793603
hdeAp2,0.058823529411764705,16,16,CAGTGAGCTTCCTATCGCAT,0,1775371
hdeAp2,0.058823529411764705,16,16,CAAGGGTATCAAACGACATA,0,1803847
hdeAp2,0.058823529411764705,16,16,CAAGGGCGGGCTCGGCGTGG,0,1809613
hdeAp2,0.058823529411764705,16,16,CAAGACGTGAGTTACATTAT,0,1828082
hdeAp2,0.058823529411764705,16,16,CAAGAACACAGTTTGGTGTG,0,1816022
hdeAp2,0.058823529411764705,16,16,CAAAGTTACAGACGCACTCG,0,1825131
hdeAp2,0.058823529411764705,16,16,CAAAGGAGTAGTAACGGAAA,0,1785798
hdeAp2,0.058823529411764705,16,16,ATTTAAGCGCTTTAGTGGGA,0,1824726
hdeAp2,0.058823529411764705,16,16,ATTAGCCGTGCGCCTTCAGA,0,1794039
hdeAp2,0.058823529411764705,16,16,ATTACCCCGCCGTACAGAAT,0,1785599
hdeAp2,0.058823529411764705,16,16,ATGGTATCCGCACAGGTACC,0,1775630
hdeAp2,0.058823529411764705,16,16,ATGGATCTCGTCGTCCCAAC,0,1795588
hdeAp2,0.058823529411764705,16,16,ATGGACGGAGGTCGGTCAGA,0,1775744
hdeAp2,0.058823529411764705,16,16,ATGCGCGTCCCAAATAACAG,0,1795834
hdeAp2,0.058823529411764705,16,16,ATGCAAGCCTTGGCCATTCC,0,1798849
hdeAp2,0.058823529411764705,16,16,ATGATCGTTAATTACTCCGG,0,1788045
hdeAp2,0.058823529411764705,16,16,ATCGGGTAGATATGTCCACG,0,1796847
hdeAp2,0.058823529411764705,16,16,ATCCCGTGGGCGTCGGGCGT,0,1813637
hdeAp2,0.058823529411764705,16,16,ATATAGTGTTCCATCACTGG,0,1803109
hdeAp2,0.058823529411764705,16,16,ATAGTCAGTAGATTTTATCA,0,1804657
hdeAp2,0.058823529411764705,16,16,ATAGGATGACTGTTTGAACT,0,1798687
hdeAp2,0.058823529411764705,16,16,ATACATGGTCCGATCGCGCG,0,1807791
hdeAp2,0.058823529411764705,16,16,ATAATATGTTTTAGGAAGGT,0,1780846
hdeAp2,0.058823529411764705,16,16,ATAAAAAATCGGTCAACGTT,0,1826901
hdeAp2,0.058823529411764705,16,16,AGTGTGGATAAGTCACCACC,0,1807583
hdeAp2,0.058823529411764705,16,16,AGTGTCACTGGTGCCCTCAC,0,1806464
hdeAp2,0.058823529411764705,16,16,AGTGCCGACTGCACACAGGT,0,1825181
hdeAp2,0.058823529411764705,16,16,AGTCGCGCATGTTAGTGAGG,0,1813203
hdeAp2,0.058823529411764705,16,16,AGTCGAACAACGGTGTCAGC,0,1795006
hdeAp2,0.058823529411764705,16,16,AGGTGCAGTCGGAATTCGGC,0,1823702
hdeAp2,0.058823529411764705,16,16,AGGGTACAGATCTGTAGATT,0,1801504
hdeAp2,0.058823529411764705,16,16,AGGGGTCCAGCCTTCCAACC,0,1782468
hdeAp2,0.058823529411764705,16,16,AGGGCAATTGTGGATATATA,0,1801350
hdeAp2,0.058823529411764705,16,16,AGGCTGCAGCTAAGTTCAGC,0,1798638
hdeAp2,0.058823529411764705,16,16,AGGACTCGTAGGCTCCTAAA,0,1819888
hdeAp2,0.058823529411764705,16,16,AGCTCCGACGCAACATATTT,0,1803383
hdeAp2,0.058823529411764705,16,16,AGCCAGTAGCTCACTTTGTT,0,1816275
hdeAp2,0.058823529411764705,16,16,AGATGGGAATGCCCCTGGAT,0,1801324
hdeAp2,0.058823529411764705,16,16,AGAACGAATCGGTACCTTCT,0,1800416
hdeAp2,0.058823529411764705,16,16,AGAAATGCCTCCTGCGACTT,0,1787446
hdeAp2,0.058823529411764705,16,16,ACTGTTTGGTGGATGGAATT,0,1792125
hdeAp2,0.058823529411764705,16,16,ACTGATAATGTTCCCAGCAG,0,1796382
hdeAp2,0.058823529411764705,16,16,ACTCGGTACCCACACCAGCA,0,1775960
hdeAp2,0.058823529411764705,16,16,ACTCCGCGTTAGGATGGTCG,0,1808673
hdeAp2,0.058823529411764705,16,16,ACGTGACATGGGTACTTGTG,0,1800022
hdeAp2,0.058823529411764705,16,16,ACACCTAGTATATCTGGATG,0,1810605
hdeAp2,0.058823529411764705,16,16,ACACCCAGGAGGTCATGGCC,0,1810744
hdeAp2,0.058823529411764705,16,16,ACACAGGTCGCTTACCGGTA,0,1796180
hdeAp2,0.058823529411764705,16,16,ACAATCGCAGTGCAGTGGGA,0,1794446
hdeAp2,0.058823529411764705,16,16,AATCGGTCACGCCGAGGAAG,0,1804071
hdeAp2,0.058823529411764705,16,16,AAGTGTCAACCAGCGAATTG,0,1820227
hdeAp2,0.058823529411764705,16,16,AAGTCACTTCGTGCGGATAA,0,1810365
hdeAp2,0.058823529411764705,16,16,AACTCCCGGCCACTGATATA,0,1820382
hdeAp2,0.058823529411764705,16,16,AACGTCTTGCCCATATACGA,0,1806412
hdeAp2,0.058823529411764705,16,16,AACCTATGCAACTGCCGGGG,0,1783953
hdeAp2,0.058823529411764705,16,16,AACCCTTTCCAGGCGAACTC,0,1795723
hdeAp2,0.058823529411764705,16,16,AAAGCGCTCACGACTTGGGG,0,1820308
hdeAp2,0.058823529411764705,16,16,AAAGAGGCCGACAGGACTTT,0,1777283
hdeAp2,0.058823529411764705,16,16,AAACCCCACTGAGTCAATTA,0,1783437
hdeAp2,0.058823529411764705,16,16,AAAACGCACTGTCAGTCGTG,0,1800414
hdeAp2,0.0625,15,15,TTTGCGTAAAATTCACCTGT,0,1807823
hdeAp2,0.0625,15,15,TTTCCGTTAACGGGCTAGAA,0,1804478
hdeAp2,0.0625,15,15,TTTATATCGTGTACATAGCT,0,1789605
hdeAp2,0.0625,15,15,TTTAGAATGTTCATTCAAGA,0,1785489
hdeAp2,0.0625,15,15,TTTACTAGCGGCATCCTCCC,0,1776314
hdeAp2,0.0625,15,15,TTGTATGATCGGTGTGACAG,0,1787780
hdeAp2,0.0625,15,15,TTGGTTGATGCCCGCACAGA,0,1782442
hdeAp2,0.0625,15,15,TTGCTCTGCGCCAATAGAGC,0,1828219
hdeAp2,0.0625,15,15,TTCTGCAATACAGGGGGATG,0,1810449
hdeAp2,0.0625,15,15,TTCTCTTCTTTATGTTCTGT,0,1791719
hdeAp2,0.0625,15,15,TTCTCCCAGGGGTGCTCGAA,0,1826350
hdeAp2,0.0625,15,15,TTCTAAGTCTGCAGTCTCCT,0,1776765
hdeAp2,0.0625,15,15,TTACGAAGTTCTTCCGCCAG,0,1812676
hdeAp2,0.0625,15,15,TTAATTCGTCCACCGATAGA,0,1814981
hdeAp2,0.0625,15,15,TTAAAAAAGCCAGCTTGAGT,0,1775938
hdeAp2,0.0625,15,15,TGTTCCGCATCCGCGAACCT,0,1793334
hdeAp2,0.0625,15,15,TGTTAAACAGCAGCTCCCGA,0,1787971
hdeAp2,0.0625,15,15,TGTCGATCAGGCGTCCCCGT,0,1809302
hdeAp2,0.0625,15,15,TGGTGATGCATGGGAGGGGA,0,1794302
hdeAp2,0.0625,15,15,TGGTCTACAAAGGTCGGATG,0,1799150
hdeAp2,0.0625,15,15,TGCGATACTGCGGATAAGCA,0,1796604
hdeAp2,0.0625,15,15,TGCCGTGGCTGGATGCATAT,0,1820759
hdeAp2,0.0625,15,15,TGATTTAGCTGCTTATGTAG,0,1781117
hdeAp2,0.0625,15,15,TGAGGGGCAATATTTAGCGT,0,1800529
hdeAp2,0.0625,15,15,TCTCGTATGAACTCATCTTA,0,1822641
hdeAp2,0.0625,15,15,TCTCCCGTCCAACTTCAGTA,0,1809776
hdeAp2,0.0625,15,15,TCTATATTCGTCCAAAACTT,0,1780235
hdeAp2,0.0625,15,15,TCGTCTTGTCCAATTGTGTA,0,1791664
hdeAp2,0.0625,15,15,TCGGTGTCCCCAGTGTTATT,0,1793539
hdeAp2,0.0625,15,15,TCGCGACGACGGATACCTCT,0,1771928
hdeAp2,0.0625,15,15,TCGAACCTGGAGTGAAAATC,0,1819673
hdeAp2,0.0625,15,15,TCCTCGAGACAGACAGATCA,0,1799990
hdeAp2,0.0625,15,15,TCCTCCGTCGGAAGGAGCAT,0,1815470
hdeAp2,0.0625,15,15,TCCGACCTACAAAAGCAATA,0,1809574
hdeAp2,0.0625,15,15,TCATTCTCCGACTCAGAGGC,0,1782064
hdeAp2,0.0625,15,15,TCATATGCTGGGTCTTTGGT,0,1795007
hdeAp2,0.0625,15,15,TCATAATTTGCGGCTTTGCC,0,1794560
hdeAp2,0.0625,15,15,TCAGCCACAGGTGTCTGTTG,0,1782376
hdeAp2,0.0625,15,15,TCACCGATGACGTCCGGAGA,0,1792575
hdeAp2,0.0625,15,15,TATTGCGAGCATGTGTTTAT,0,1825564
hdeAp2,0.0625,15,15,TATCCGAGGCTTTAAACACA,0,1781867
hdeAp2,0.0625,15,15,TATAATGTTCTAAGAAGACC,0,1791880
hdeAp2,0.0625,15,15,TAGGCTGACTATTGTGGGTC,0,1772830
hdeAp2,0.0625,15,15,TAGGCCAATGTGGGGGGACA,0,1822426
hdeAp2,0.0625,15,15,TAGCGACAATAATTGTACTT,0,1810818
hdeAp2,0.0625,15,15,TACTCGCCAGCTTCCTGCAG,0,1804758
hdeAp2,0.0625,15,15,TACACCTCAGCGCAAACATC,0,1812316
hdeAp2,0.0625,15,15,TAATTCAACGAGCTAGAGCG,0,1773570
hdeAp2,0.0625,15,15,TAATACGATAAACTGGTGAC,0,1791715
hdeAp2,0.0625,15,15,TAAGTGGCGTTTGGCTGACC,0,1774964
hdeAp2,0.0625,15,15,TAAGGCTATACCGCCAGGCT,0,1779957
hdeAp2,0.0625,15,15,TAAAGCAGACAGCGCGTTAG,0,1797836
hdeAp2,0.0625,15,15,TAAACCACAGCGAGGCGGGA,0,1781697
hdeAp2,0.0625,15,15,TAAAACAAAGCTAATATTAA,0,1789909
hdeAp2,0.0625,15,15,GTTTGCCCCTTGCCGCTTCC,0,1815197
hdeAp2,0.0625,15,15,GTGTTTTACGCGAGCCCACC,0,1785067
hdeAp2,0.0625,15,15,GTGTTGTTAACGACATCCCA,0,1788066
hdeAp2,0.0625,15,15,GTGGTCATACATATACGGGT,0,1798490
hdeAp2,0.0625,15,15,GTGCGTAATCAACGGTTTGG,0,1808798
hdeAp2,0.0625,15,15,GTCGTCCCGATGATCAGTAG,0,1777312
hdeAp2,0.0625,15,15,GTCCCGACGGTATAGTTCTG,0,1825507
hdeAp2,0.0625,15,15,GTCCAAGCTGTCAGGAGTAT,0,1807515
hdeAp2,0.0625,15,15,GTCACCGGAGCACTAACTCC,0,1805209
hdeAp2,0.0625,15,15,GTCAAAGGGTGTCTTCTCAC,0,1780695
hdeAp2,0.0625,15,15,GTATACGGAAACGTAACATG,0,1771104
hdeAp2,0.0625,15,15,GTAGGACAAGCGCTCGCTGA,0,1819236
hdeAp2,0.0625,15,15,GTACCTTTTTAGTGTCCTCG,0,1821933
hdeAp2,0.0625,15,15,GGTTCTAGGTCCTCGATGGT,0,1825615
hdeAp2,0.0625,15,15,GGTTACTTAGGGGCGTTTCC,0,1817269
hdeAp2,0.0625,15,15,GGTGATGACTACAATGGTAT,0,1787906
hdeAp2,0.0625,15,15,GGTCTCAACCGGTCAAAGTA,0,1772442
hdeAp2,0.0625,15,15,GGTCCCCGTTCCGAATTCAG,0,1788142
hdeAp2,0.0625,15,15,GGGTTAACCTGTGAGGCCCC,0,1774319
hdeAp2,0.0625,15,15,GGGTGTCACGCCTACGGACG,0,1787504
hdeAp2,0.0625,15,15,GGGCTGACAGGATGCATCTG,0,1774986
hdeAp2,0.0625,15,15,GGGCAGGTCTAGGGTTTTCC,0,1812492
hdeAp2,0.0625,15,15,GGGAGGCCCTGCCGGGGGTT,0,1786170
hdeAp2,0.0625,15,15,GGGAAAAGTAATCGAAAAAA,0,1804904
hdeAp2,0.0625,15,15,GGATGCCTGTCAGGGGATGT,0,1805405
hdeAp2,0.0625,15,15,GGATGCAACGGGGACATAAG,0,1793954
hdeAp2,0.0625,15,15,GGATCCCCCCGTGAGCCTCA,0,1811921
hdeAp2,0.0625,15,15,GGACTGTGCTATGCTCCCGG,0,1791416
hdeAp2,0.0625,15,15,GGACATCTCGTGAAAGAGCT,0,1807319
hdeAp2,0.0625,15,15,GCTGTCGAGAAACACATGAC,0,1810389
hdeAp2,0.0625,15,15,GCTCGCATGCTAGTTAGTGC,0,1796192
hdeAp2,0.0625,15,15,GCTCGCAGAGCACGAGCTTC,0,1786078
hdeAp2,0.0625,15,15,GCGTATACCTAAAGTACGCG,0,1793755
hdeAp2,0.0625,15,15,GCGGCTAGCCCCATCAGGAT,0,1777556
hdeAp2,0.0625,15,15,GCGCGCGATGCATATGTTCC,0,1822351
hdeAp2,0.0625,15,15,GCGCCTGGATGGCTCTAGTT,0,1808854
hdeAp2,0.0625,15,15,GCGAGGCCTGTAAAATATGG,0,1779017
hdeAp2,0.0625,15,15,GCCTGTATTCATTGATTTAA,0,1774089
hdeAp2,0.0625,15,15,GCCTCCGAGCTTCACAGCGA,0,1818442
hdeAp2,0.0625,15,15,GCCAAGAAAGGTCGGTGTAT,0,1794533
hdeAp2,0.0625,15,15,GCATGGCCCCCGCTCAAGTA,0,1787674
hdeAp2,0.0625,15,15,GCATACAGACGGATACCACA,0,1771830
hdeAp2,0.0625,15,15,GCAGACTCGAATAACCCTGC,0,1796311
hdeAp2,0.0625,15,15,GCAATAACCGGTCAGCGTTC,0,1822029
hdeAp2,0.0625,15,15,GATTCACGGATTTCGACTCC,0,1782687
hdeAp2,0.0625,15,15,GATGGACTAGGACAAACTTT,0,1799012
hdeAp2,0.0625,15,15,GAGGAAACCGTAAGGCCATT,0,1826180
hdeAp2,0.0625,15,15,GACGTTACAAGACATCGATA,0,1809077
hdeAp2,0.0625,15,15,GACGAATTCAGCGTTGGTGT,0,1792913
hdeAp2,0.0625,15,15,GACCATGTTTGGCTCGTATA,0,1808129
hdeAp2,0.0625,15,15,GAATTATACCATCTTGGTGT,0,1788494
hdeAp2,0.0625,15,15,GAACGAAACCTTAGATTCAG,0,1789993
hdeAp2,0.0625,15,15,CTTTCCTAAGCCCTCGGATC,0,1800458
hdeAp2,0.0625,15,15,CTTGATTCCGCTTCTTCATC,0,1790462
hdeAp2,0.0625,15,15,CTTCGCGGATTAAACGGGAT,0,1777766
hdeAp2,0.0625,15,15,CTTAATGCAAAGTTATGTGA,0,1775478
hdeAp2,0.0625,15,15,CTGTGTAGGAGCTGGGAAAC,0,1778569
hdeAp2,0.0625,15,15,CTGGGACAAGGACGGAAGCC,0,1784291
hdeAp2,0.0625,15,15,CTGCTTGGAGGTGGCGGGAG,0,1819666
hdeAp2,0.0625,15,15,CTGCACGCGATCCATACACA,0,1821757
hdeAp2,0.0625,15,15,CTGACCCTCGTCGTTACTAA,0,1799113
hdeAp2,0.0625,15,15,CTCTTGCTACAGCTGCTATG,0,1803607
hdeAp2,0.0625,15,15,CTCCGCACAGACAAAGCCAT,0,1788229
hdeAp2,0.0625,15,15,CTCCGATATATGGCACTGTG,0,1777757
hdeAp2,0.0625,15,15,CTCAGTTGGGATTATTGTTA,0,1779391
hdeAp2,0.0625,15,15,CTCACCTGCTATACCTACTC,0,1802187
hdeAp2,0.0625,15,15,CTAGTCTGAGGTAGTGATGT,0,1803897
hdeAp2,0.0625,15,15,CTAGCATGTAAAGCGCCAAA,0,1809928
hdeAp2,0.0625,15,15,CTAGCACCATGAACGTTCAT,0,1804156
hdeAp2,0.0625,15,15,CGTTCACCTCCTGGCTTGTG,0,1799916
hdeAp2,0.0625,15,15,CGTGTTATCGGTATACAGGC,0,1776002
hdeAp2,0.0625,15,15,CGTGTCCACCACGACCCGTT,0,1799135
hdeAp2,0.0625,15,15,CGGTCCTGAAATACACTGCG,0,1788898
hdeAp2,0.0625,15,15,CGGGTCTGAAAGCAGAAAAA,0,1774141
hdeAp2,0.0625,15,15,CGGGCGTAGCCACAACGAAT,0,1813867
hdeAp2,0.0625,15,15,CGGGCACACCTATTCGAGGG,0,1786835
hdeAp2,0.0625,15,15,CGGACGCGTCCGTCCAAGAC,0,1785735
hdeAp2,0.0625,15,15,CGGAAGAGCCGGAAACATCC,0,1789461
hdeAp2,0.0625,15,15,CGCTGAGACATCGAAAGGTT,0,1790639
hdeAp2,0.0625,15,15,CGCGTTGGATATGGCGGGTG,0,1794179
hdeAp2,0.0625,15,15,CGCGTGTAACGCCTAAGTAC,0,1814641
hdeAp2,0.0625,15,15,CGCGTACCTCAGGCGCAGTT,0,1816096
hdeAp2,0.0625,15,15,CGCCTGATTATCGTTGGTCG,0,1810388
hdeAp2,0.0625,15,15,CGCCGGCTTCGACGTATCCA,0,1798208
hdeAp2,0.0625,15,15,CGCCGCGAACGCAATATGAA,0,1790660
hdeAp2,0.0625,15,15,CGCATATGCATGGTGGTATG,0,1781063
hdeAp2,0.0625,15,15,CGCAAGTGTGCGCCCGACCC,0,1771144
hdeAp2,0.0625,15,15,CGAGGTACTGTGTTCTAACA,0,1782894
hdeAp2,0.0625,15,15,CGAGGGTACCGGTTCATTCA,0,1814963
hdeAp2,0.0625,15,15,CGAGCTGTTCGGCCTTGTAA,0,1812118
hdeAp2,0.0625,15,15,CGACTGTCGCAATAGCTGTA,0,1808060
hdeAp2,0.0625,15,15,CCTTATGGGAACACGCTCGT,0,1817053
hdeAp2,0.0625,15,15,CCTGGTAAGGTCTCGGGCGG,0,1816811
hdeAp2,0.0625,15,15,CCTCGATACAAAGCAGGTTC,0,1805598
hdeAp2,0.0625,15,15,CCTAGTTGTCCGTCGGCCAT,0,1792118
hdeAp2,0.0625,15,15,CCTAAACGGAACACGTATAT,0,1792167
hdeAp2,0.0625,15,15,CCGTGCTGGTAACCTTGCTG,0,1772899
hdeAp2,0.0625,15,15,CCGCCCGTTTCTTCTGGCTA,0,1773229
hdeAp2,0.0625,15,15,CCGAATCGTCTAAAAGGGTT,0,1772671
hdeAp2,0.0625,15,15,CCCTTCGAGTAAGCACGGCT,0,1811476
hdeAp2,0.0625,15,15,CCCTACTCAGTAAGAGCGAA,0,1793876
hdeAp2,0.0625,15,15,CCCGGGGGATGAGACTCCGG,0,1777620
hdeAp2,0.0625,15,15,CCCGGAATTCGGTCCATGCC,0,1822829
hdeAp2,0.0625,15,15,CCCGATCCTGGATACAGAAG,0,1772529
hdeAp2,0.0625,15,15,CCCCACTCCAGCCGCCGTGC,0,1779468
hdeAp2,0.0625,15,15,CCCACGAGGCAAGGAAGCCC,0,1793846
hdeAp2,0.0625,15,15,CCATGCGGTACATTTCGAAA,0,1820493
hdeAp2,0.0625,15,15,CCAGTGATGACGACACTTCT,0,1810805
hdeAp2,0.0625,15,15,CCAGGGTAATATTGTCTGGT,0,1827300
hdeAp2,0.0625,15,15,CCACTGCTTTCGCCCGCTCA,0,1811534
hdeAp2,0.0625,15,15,CATTCATCATTATGGGTGAT,0,1806952
hdeAp2,0.0625,15,15,CATAGACATGGAGTTATTAT,0,1794859
hdeAp2,0.0625,15,15,CAGGCGCGTGAACAACAAAC,0,1827314
hdeAp2,0.0625,15,15,CACCGAGGCGCGCATCTTGG,0,1790060
hdeAp2,0.0625,15,15,CAATGATGCATGAGGTCCAC,0,1798775
hdeAp2,0.0625,15,15,CAATCAGTGAAGTGAAGCGG,0,1818443
hdeAp2,0.0625,15,15,CAACAAACTCGAAGCCCAGT,0,1789788
hdeAp2,0.0625,15,15,CAAACGTAACGTATTAGACT,0,1773637
hdeAp2,0.0625,15,15,ATTTACGACCTGGCGTTATA,0,1791479
hdeAp2,0.0625,15,15,ATTGAACCGGATAGGTTTTA,0,1777422
hdeAp2,0.0625,15,15,ATTCCACCATTCGACTTTGT,0,1785945
hdeAp2,0.0625,15,15,ATTATGTGTTGCACACTCTC,0,1820053
hdeAp2,0.0625,15,15,ATTATCCTACAGTTTTTTGC,0,1803945
hdeAp2,0.0625,15,15,ATTAGTACTTTTTCTTTTAC,0,1798403
hdeAp2,0.0625,15,15,ATGGAAAGCCATATTGATGC,0,1775762
hdeAp2,0.0625,15,15,ATGAAAGACCACTTACTCTA,0,1793192
hdeAp2,0.0625,15,15,ATCTGAACACATGCTGTCCG,0,1784778
hdeAp2,0.0625,15,15,ATCTAGTTGTCCTCATTTCT,0,1822545
hdeAp2,0.0625,15,15,ATCGGTCAGACAGCTGATAT,0,1803734
hdeAp2,0.0625,15,15,ATCCTGGTCGGATGTCAGAA,0,1810872
hdeAp2,0.0625,15,15,ATCCCAGGCCGCCCCCTTTG,0,1810375
hdeAp2,0.0625,15,15,ATATGCTTTTTTTGCATGAC,0,1824708
hdeAp2,0.0625,15,15,ATAGTGGGTGGCACCCTGCA,0,1793968
hdeAp2,0.0625,15,15,ATAGTCCTTGGTATCTCCGA,0,1813822
hdeAp2,0.0625,15,15,ATAGACGTAGTGAGCACTAC,0,1780144
hdeAp2,0.0625,15,15,ATAGACACCTAGTAGTCTGT,0,1771404
hdeAp2,0.0625,15,15,ATACCTGTCCCTGTCGTCAT,0,1817931
hdeAp2,0.0625,15,15,ATAATTCAGGGGAGGCACGT,0,1809933
hdeAp2,0.0625,15,15,AGTACTCGACATTGCGCAAA,0,1801586
hdeAp2,0.0625,15,15,AGGTTGGCTCGACTGAGCCG,0,1793510
hdeAp2,0.0625,15,15,AGGTCTGGCCCTTAAAAGAG,0,1780979
hdeAp2,0.0625,15,15,AGGTAATCTGTCATGATGTT,0,1805595
hdeAp2,0.0625,15,15,AGGCTGCCCACGAAATGTGT,0,1798898
hdeAp2,0.0625,15,15,AGGCCCCCTCAAGATTCCCA,0,1776244
hdeAp2,0.0625,15,15,AGCTTATAAGGCCTATTTAT,0,1783439
hdeAp2,0.0625,15,15,AGCTCGCCTCACAGGGGCGC,0,1779915
hdeAp2,0.0625,15,15,AGCGTACGTCCACGATCATT,0,1793450
hdeAp2,0.0625,15,15,AGCCGTTCTTCTGGGGTTAG,0,1804868
hdeAp2,0.0625,15,15,AGCCGAGCCTGCCCACCGCT,0,1785638
hdeAp2,0.0625,15,15,AGCCCAAGGGGTGTTTGCAA,0,1813364
hdeAp2,0.0625,15,15,AGATCCGGGTTTTGTGTATG,0,1813122
hdeAp2,0.0625,15,15,AGAGGATGTCTTGGCATATC,0,1817868
hdeAp2,0.0625,15,15,AGAGAAGCCGCCCTCTAAGC,0,1799033
hdeAp2,0.0625,15,15,AGAAGAGTGTGTTATCTGTC,0,1782184
hdeAp2,0.0625,15,15,ACTGCCTGGACGCACAGCTA,0,1794580
hdeAp2,0.0625,15,15,ACTCTGGCCCGTACTCTGGT,0,1813309
hdeAp2,0.0625,15,15,ACGGGGATGTCTTCCGCGAG,0,1798335
hdeAp2,0.0625,15,15,ACGGCCGCATGACTTGATAG,0,1796518
hdeAp2,0.0625,15,15,ACGGCACTCTACCTGGGATA,0,1772281
hdeAp2,0.0625,15,15,ACGCTGATCAATTTGGACAT,0,1798345
hdeAp2,0.0625,15,15,ACGCGGTTCGGGGGCATGGT,0,1806669
hdeAp2,0.0625,15,15,ACGCATATGATTACAGCTCT,0,1816117
hdeAp2,0.0625,15,15,ACGACCTGCTGCATTTGTAG,0,1777105
hdeAp2,0.0625,15,15,ACCGTAAACGAGCTCCGCTT,0,1815198
hdeAp2,0.0625,15,15,ACCCTTTTCTCCAGACTGTA,0,1786660
hdeAp2,0.0625,15,15,ACCCGTGTCCACAGTCGGCT,0,1803306
hdeAp2,0.0625,15,15,ACCAGGCGAATACGGCTGTC,0,1771240
hdeAp2,0.0625,15,15,ACCAGGACATTAGCACGGGA,0,1785125
hdeAp2,0.0625,15,15,ACCAACATTATTGGGGCAAC,0,1787707
hdeAp2,0.0625,15,15,ACAGAGACACCCCATTGGGA,0,1805305
hdeAp2,0.0625,15,15,ACAAATGGATCGCATCGGTT,0,1818336
hdeAp2,0.0625,15,15,AATTATTGATGCATGCATTG,0,1800197
hdeAp2,0.0625,15,15,AATGTAGTATGAACCCCGTC,0,1795522
hdeAp2,0.0625,15,15,AATGTAGAAGGTATCACAGA,0,1783135
hdeAp2,0.0625,15,15,AATGCGGTGTCTCGTATGTA,0,1800422
hdeAp2,0.0625,15,15,AAGGTTGGCTTAACTTCGGG,0,1782612
hdeAp2,0.0625,15,15,AAGGGGAACACCCGCCAAAA,0,1783271
hdeAp2,0.0625,15,15,AAGGGACTGGTTTCTACTTA,0,1799740
hdeAp2,0.0625,15,15,AAGAATTACGGCTGATGACA,0,1780170
hdeAp2,0.0625,15,15,AACTAGGAGGAGCACAAGCT,0,1802068
hdeAp2,0.0625,15,15,AACAGGGGCATAGGAGCATG,0,1805419
hdeAp2,0.0625,15,15,AAATCTTCTTCCCCGATTTT,0,1824944
hdeAp2,0.0625,15,15,AAAGTAACAGTCAACACGAA,0,1791573
hdeAp2,0.0625,15,15,AAAGCTTGGCCGGGAGGTCA,0,1800041
hdeAp2,0.0625,15,15,AAACGGTTCGCTCTTCTTAC,0,1799707
hdeAp2,0.0625,15,15,AAAAGCTCTAGCGTTAAATC,0,1825661
hdeAp2,0.06666666666666667,14,14,TTTTTCACGGATTATCGGAT,0,1791171
hdeAp2,0.06666666666666667,14,14,TTTTGCGAAAATACGGATGA,0,1772480
hdeAp2,0.06666666666666667,14,14,TTTTACTACCTTGTTTAGTT,0,1807822
hdeAp2,0.06666666666666667,14,14,TTTAGCTTTCGGACTGAAAG,0,1777225
hdeAp2,0.06666666666666667,14,14,TTGCTATCAATAGTGCTTGG,0,1826248
hdeAp2,0.06666666666666667,14,14,TTGAGGACATTTGTGGGATT,0,1791857
hdeAp2,0.06666666666666667,14,14,TTGAACTTGATGTCGAGCGG,0,1785886
hdeAp2,0.06666666666666667,14,14,TTCTCCGTGATAAGCTTCCT,0,1786388
hdeAp2,0.06666666666666667,14,14,TTCTCAGCTACCAACAAACG,0,1792739
hdeAp2,0.06666666666666667,14,14,TTCCAGCAACTGCGCTCCAA,0,1790999
hdeAp2,0.06666666666666667,14,14,TTCAGTGTTTCAACCGCCGG,0,1790212
hdeAp2,0.06666666666666667,14,14,TTCAGACCCAGCGGTATAGA,0,1812667
hdeAp2,0.06666666666666667,14,14,TTATTGATGGGGCCGGTCCA,0,1820685
hdeAp2,0.06666666666666667,14,14,TTATACATCCACGAAGGCTG,0,1793654
hdeAp2,0.06666666666666667,14,14,TTAGCCAGTAGACTCTGAAT,0,1815315
hdeAp2,0.06666666666666667,14,14,TTAGAGGTCATGTAGGACGC,0,1807714
hdeAp2,0.06666666666666667,14,14,TTAATGACCTTAATAACATG,0,1800702
hdeAp2,0.06666666666666667,14,14,TTAACATGAATTCGAAACAA,0,1817445
hdeAp2,0.06666666666666667,14,14,TTAAATGACCCCGTAATACA,0,1772525
hdeAp2,0.06666666666666667,14,14,TGTTCGCTTCGGAGTTGTTT,0,1780062
hdeAp2,0.06666666666666667,14,14,TGTTCCCAGGACATGCGTAA,0,1824680
hdeAp2,0.06666666666666667,14,14,TGTGTTTGGAGTCCAGTTCC,0,1810503
hdeAp2,0.06666666666666667,14,14,TGTGTAAGATGTGCATTTTA,0,1800144
hdeAp2,0.06666666666666667,14,14,TGTGACGTGGTCGGCCGAGG,0,1801721
hdeAp2,0.06666666666666667,14,14,TGTCCACCAAATCCCTCAGC,0,1781630
hdeAp2,0.06666666666666667,14,14,TGTCATGTGTCAAAACGATT,0,1797200
hdeAp2,0.06666666666666667,14,14,TGTATTGTCTCGATAGAGGG,0,1811433
hdeAp2,0.06666666666666667,14,14,TGTATCTTCGCGCTTGTCAG,0,1798135
hdeAp2,0.06666666666666667,14,14,TGGTTTGGTTGGGGAAACGA,0,1792176
hdeAp2,0.06666666666666667,14,14,TGGTTGGCACCGGCGACTTC,0,1772062
hdeAp2,0.06666666666666667,14,14,TGGTCAGCGCTCCGCAGGAA,0,1791883
hdeAp2,0.06666666666666667,14,14,TGGATACGTCTTGGAGGGTA,0,1815553
hdeAp2,0.06666666666666667,14,14,TGGAGGTTTCTAGTTGTATA,0,1810501
hdeAp2,0.06666666666666667,14,14,TGCTGAATCGTATTACTCAT,0,1817434
hdeAp2,0.06666666666666667,14,14,TGCTATAGCCGGCGAAAAGG,0,1818883
hdeAp2,0.06666666666666667,14,14,TGCCACATCGGTGTAAGTCA,0,1807381
hdeAp2,0.06666666666666667,14,14,TGCAGCGACGAAGGTTACGG,0,1801258
hdeAp2,0.06666666666666667,14,14,TGCAAGGTACGCAGGCAGCA,0,1778736
hdeAp2,0.06666666666666667,14,14,TGATCCTTCCGACTAAATAG,0,1794817
hdeAp2,0.06666666666666667,14,14,TGAGCTAGACCGCACGGGGC,0,1773265
hdeAp2,0.06666666666666667,14,14,TGACGCGCGATGGTAGTTGC,0,1821747
hdeAp2,0.06666666666666667,14,14,TGACCATGATTCGGGCAGCC,0,1797724
hdeAp2,0.06666666666666667,14,14,TGACATGATAAGGAGAACTT,0,1791266
hdeAp2,0.06666666666666667,14,14,TGAATTATCGTTCGATGCAT,0,1803784
hdeAp2,0.06666666666666667,14,14,TGAAGGTGGCACGAACTGGT,0,1813030
hdeAp2,0.06666666666666667,14,14,TCTTAGGTGTAAGAAGGGCA,0,1811328
hdeAp2,0.06666666666666667,14,14,TCTGCCCGTTCCGGTTTTAT,0,1808686
hdeAp2,0.06666666666666667,14,14,TCTGCAACATTGAGTGACCA,0,1799309
hdeAp2,0.06666666666666667,14,14,TCTAGGATATTGGGCGCGTT,0,1780113
hdeAp2,0.06666666666666667,14,14,TCGGGTTCGGCGCACATGTT,0,1817538
hdeAp2,0.06666666666666667,14,14,TCGGGTGGCCGCATGGGAAG,0,1797282
hdeAp2,0.06666666666666667,14,14,TCGGGCTTTACTATTACTTT,0,1781575
hdeAp2,0.06666666666666667,14,14,TCGGATGAGTAGTTGTAAGA,0,1815675
hdeAp2,0.06666666666666667,14,14,TCCTGATTAATCATTAGGGT,0,1774233
hdeAp2,0.06666666666666667,14,14,TCCTAAGGGTTCGCCACGAT,0,1783545
hdeAp2,0.06666666666666667,14,14,TCCGCACGTATATCTGAAGT,0,1803870
hdeAp2,0.06666666666666667,14,14,TCCACTTAGGTTTACACATA,0,1802103
hdeAp2,0.06666666666666667,14,14,TCCAATACGTTCCGGGACAA,0,1794338
hdeAp2,0.06666666666666667,14,14,TCATAATTTAGTACCGTTCA,0,1775430
hdeAp2,0.06666666666666667,14,14,TCAGTTTAATCTACTAGACC,0,1801624
hdeAp2,0.06666666666666667,14,14,TCAGATTCCCTCGTCTGTGT,0,1811731
hdeAp2,0.06666666666666667,14,14,TCACGTAGGGACCCTAATAT,0,1778464
hdeAp2,0.06666666666666667,14,14,TCACGAATACGGCGCGCGGA,0,1817162
hdeAp2,0.06666666666666667,14,14,TCACCCGATGGAAATTCTCA,0,1775166
hdeAp2,0.06666666666666667,14,14,TATTTAGTTGTTTAAGAAAC,0,1785671
hdeAp2,0.06666666666666667,14,14,TATGGGGCAGTAGATAGTGG,0,1811765
hdeAp2,0.06666666666666667,14,14,TATGACACCCGGCGTCCGGC,0,1775013
hdeAp2,0.06666666666666667,14,14,TATACTGTACTACTTCGAAC,0,1822790
hdeAp2,0.06666666666666667,14,14,TATAAGGGGCGGGGGGCAAA,0,1814929
hdeAp2,0.06666666666666667,14,14,TATAAAAATGACTGAAATAC,0,1782716
hdeAp2,0.06666666666666667,14,14,TAGTAGGGCATTGCGCAAGA,0,1828485
hdeAp2,0.06666666666666667,14,14,TAGGTGACTGCCCCTAAGGT,0,1807169
hdeAp2,0.06666666666666667,14,14,TAGGAGACGGAGTGTTGGGA,0,1806302
hdeAp2,0.06666666666666667,14,14,TAGCGGCTCAGGCGTTTAGC,0,1775027
hdeAp2,0.06666666666666667,14,14,TAGCCGACTATACTGTGAAC,0,1779936
hdeAp2,0.06666666666666667,14,14,TAGATCCACGTTGTAAATTA,0,1771986
hdeAp2,0.06666666666666667,14,14,TACTTAATGAACGTGCAAAA,0,1820486
hdeAp2,0.06666666666666667,14,14,TACGCGCAACCTCTTTGTAC,0,1822396
hdeAp2,0.06666666666666667,14,14,TACCGGTCCGTTTGTTTACA,0,1828524
hdeAp2,0.06666666666666667,14,14,TACATAAATAAGAACGGCGG,0,1787514
hdeAp2,0.06666666666666667,14,14,TACACGGCCTTCTACCCTGC,0,1789850
hdeAp2,0.06666666666666667,14,14,TACACAGGCTGGTGTCGGCC,0,1773997
hdeAp2,0.06666666666666667,14,14,TAATCCGCCGGTGCAATCGA,0,1784274
hdeAp2,0.06666666666666667,14,14,TAAGGGGCGGGCGAGCATGG,0,1777333
hdeAp2,0.06666666666666667,14,14,TAACTTACGGGATTTTTCTA,0,1812780
hdeAp2,0.06666666666666667,14,14,GTTTACTGCGCGACCGGTTT,0,1808397
hdeAp2,0.06666666666666667,14,14,GTTGTCCGTCACAGAAAAAG,0,1796540
hdeAp2,0.06666666666666667,14,14,GTTGGAGGCTTCAGTAAATG,0,1782536
hdeAp2,0.06666666666666667,14,14,GTTGCTGTCACGCGAGTAAA,0,1787622
hdeAp2,0.06666666666666667,14,14,GTTCTGTATAAACAATGTAG,0,1808842
hdeAp2,0.06666666666666667,14,14,GTTCTCATGGCCACCCATCT,0,1776679
hdeAp2,0.06666666666666667,14,14,GTTCCGCACTCTGGTACCCG,0,1822612
hdeAp2,0.06666666666666667,14,14,GTTACACATGGGTCTGTAAG,0,1811372
hdeAp2,0.06666666666666667,14,14,GTGGTATTACGGTTCTCGAA,0,1790463
hdeAp2,0.06666666666666667,14,14,GTGGCTTAGTCGCTGCAACG,0,1798978
hdeAp2,0.06666666666666667,14,14,GTGCAGCCAGTACTCTGAGT,0,1793051
hdeAp2,0.06666666666666667,14,14,GTCTTAGTCACCGTAGCGCC,0,1816631
hdeAp2,0.06666666666666667,14,14,GTCTAGTACGTATCCTGGCC,0,1785343
hdeAp2,0.06666666666666667,14,14,GTCCTCGCTTGGCTTCTCCC,0,1827624
hdeAp2,0.06666666666666667,14,14,GTATGTGGTCAACGCTGCCA,0,1783340
hdeAp2,0.06666666666666667,14,14,GTATCCATAATGGTTCTGAA,0,1800793
hdeAp2,0.06666666666666667,14,14,GTAGTCCCTTCCGCCGTCTC,0,1802669
hdeAp2,0.06666666666666667,14,14,GTACTTGTAAGACGTCAGCT,0,1811633
hdeAp2,0.06666666666666667,14,14,GTAATTGTTAGCTGTGGCGA,0,1796078
hdeAp2,0.06666666666666667,14,14,GTAACTCGGTAATGATGAGA,0,1787799
hdeAp2,0.06666666666666667,14,14,GGTTTCGTCCCGGGCGATGA,0,1786065
hdeAp2,0.06666666666666667,14,14,GGTAAAAGGGCACACCAGCG,0,1774264
hdeAp2,0.06666666666666667,14,14,GGGTCACAGGAACCTTGTCA,0,1772208
hdeAp2,0.06666666666666667,14,14,GGGCTGCAGTCTTTCGCATT,0,1796741
hdeAp2,0.06666666666666667,14,14,GGGCGGGGCGGTTTGAGGGG,0,1825947
hdeAp2,0.06666666666666667,14,14,GGGCGGGCGTTACCAGCCAC,0,1790386
hdeAp2,0.06666666666666667,14,14,GGGACCTGCCATCTGTCGGT,0,1777584
hdeAp2,0.06666666666666667,14,14,GGAGTAGCGTATATTCCTTT,0,1780562
hdeAp2,0.06666666666666667,14,14,GGAGGTGGCGGGCATGGACG,0,1818387
hdeAp2,0.06666666666666667,14,14,GGAGAACATGGTGGAGAAAT,0,1806931
hdeAp2,0.06666666666666667,14,14,GGACGTTAGCGGGAGTGTGT,0,1800830
hdeAp2,0.06666666666666667,14,14,GCGTTATGGCCGGCTTTTGG,0,1807522
hdeAp2,0.06666666666666667,14,14,GCGTTAGCCTCGACCAGCGG,0,1779528
hdeAp2,0.06666666666666667,14,14,GCGTCGAGGTGAATTTGTCC,0,1791861
hdeAp2,0.06666666666666667,14,14,GCGTCCTGTGGTCGTAGTAC,0,1781239
hdeAp2,0.06666666666666667,14,14,GCGTACAGGGCGCCCAATAC,0,1801069
hdeAp2,0.06666666666666667,14,14,GCGGTTTGGTGCGGGCCAGG,0,1813124
hdeAp2,0.06666666666666667,14,14,GCGGTAAGTCGTTTAATGCA,0,1793730
hdeAp2,0.06666666666666667,14,14,GCGCTATTATTTACGCCGTA,0,1802172
hdeAp2,0.06666666666666667,14,14,GCGCGGTGTCGCAAAGCCTG,0,1818631
hdeAp2,0.06666666666666667,14,14,GCGAAGGTTTATAGTTCGAA,0,1788862
hdeAp2,0.06666666666666667,14,14,GCCTTTAACGTTGACTGCCT,0,1771401
hdeAp2,0.06666666666666667,14,14,GCCTTGATTGTGGTGGGATT,0,1807020
hdeAp2,0.06666666666666667,14,14,GCCGGGGGGATCGTACACAT,0,1789582
hdeAp2,0.06666666666666667,14,14,GCCCTGTTTACTAACCCGAT,0,1804721
hdeAp2,0.06666666666666667,14,14,GCCATGGCGTGTTGCTTTAT,0,1774460
hdeAp2,0.06666666666666667,14,14,GCCAGCGAAGTTTGAACCTG,0,1776822
hdeAp2,0.06666666666666667,14,14,GCCAAGGTTTTCGTTTGCTC,0,1782466
hdeAp2,0.06666666666666667,14,14,GCAGCTGGGCTGGATCGGTT,0,1774597
hdeAp2,0.06666666666666667,14,14,GCAGAGCTCGTTGTGCTGCG,0,1791559
hdeAp2,0.06666666666666667,14,14,GCACACCGTGAGGCAAAATC,0,1783376
hdeAp2,0.06666666666666667,14,14,GCAATGCGAGCTGCTGAGGC,0,1796154
hdeAp2,0.06666666666666667,14,14,GCAAGGCGCTGAACAGAACC,0,1774221
hdeAp2,0.06666666666666667,14,14,GCAACGGTAGGAAGGACGGG,0,1779458
hdeAp2,0.06666666666666667,14,14,GCAAATTCTCCAGAGCTGTA,0,1824549
hdeAp2,0.06666666666666667,14,14,GATTCAGCGCTCGTGCCCAT,0,1824032
hdeAp2,0.06666666666666667,14,14,GATGGAGGGGTGGGAACGGA,0,1786430
hdeAp2,0.06666666666666667,14,14,GATAACTTGGATCACAAGGT,0,1786023
hdeAp2,0.06666666666666667,14,14,GAGGTCCCTGTCTAAAATGA,0,1815126
hdeAp2,0.06666666666666667,14,14,GAGGAAAAACCCGAAGGTAC,0,1826902
hdeAp2,0.06666666666666667,14,14,GAGCTCATACGACATCGAAC,0,1793218
hdeAp2,0.06666666666666667,14,14,GAGCGCCAAAACAGTAGGCA,0,1819940
hdeAp2,0.06666666666666667,14,14,GAGATAAATTTTGATCTAAC,0,1799759
hdeAp2,0.06666666666666667,14,14,GAGACACTCTGGATAATTCG,0,1811287
hdeAp2,0.06666666666666667,14,14,GACTTGAGCTGTTGCCGTTC,0,1775065
hdeAp2,0.06666666666666667,14,14,GAATCACTGCTGAGGACAAC,0,1786262
hdeAp2,0.06666666666666667,14,14,GAAGTTCCATGGGCCGCTCT,0,1789238
hdeAp2,0.06666666666666667,14,14,GAACTCAAACCCAGTGTTCG,0,1825052
hdeAp2,0.06666666666666667,14,14,GAACCATGCGCTCATGCAGG,0,1798889
hdeAp2,0.06666666666666667,14,14,GAACATGTGCGGAAGCAGAC,0,1785340
hdeAp2,0.06666666666666667,14,14,GAAAGCTTGTATATCGAGGT,0,1824510
hdeAp2,0.06666666666666667,14,14,CTTCTTTCTTAATACTTAAT,0,1805869
hdeAp2,0.06666666666666667,14,14,CTGTTATTGCCTCGGCCACA,0,1821483
hdeAp2,0.06666666666666667,14,14,CTGTGTCCCGCCAGGCTCGT,0,1778493
hdeAp2,0.06666666666666667,14,14,CTGTCTGGATGTGGTTGAAA,0,1814302
hdeAp2,0.06666666666666667,14,14,CTGCTGTTAAATATAGGATT,0,1783109
hdeAp2,0.06666666666666667,14,14,CTGACGTCTGTATGTTACAA,0,1807254
hdeAp2,0.06666666666666667,14,14,CTCACCTATAACGGCTGCGG,0,1821209
hdeAp2,0.06666666666666667,14,14,CTATGCTCATCTGTCTGATA,0,1794858
hdeAp2,0.06666666666666667,14,14,CTATCCGCGCTCTTAATTGC,0,1788382
hdeAp2,0.06666666666666667,14,14,CTATACTCGATCGCCGACCC,0,1797472
hdeAp2,0.06666666666666667,14,14,CTATAATTCCAGTAAGAGAT,0,1788670
hdeAp2,0.06666666666666667,14,14,CTAGTAGCGCCCAGACCTAA,0,1824149
hdeAp2,0.06666666666666667,14,14,CTACTTAGGTGGGTAGGAAG,0,1794692
hdeAp2,0.06666666666666667,14,14,CTAATGGACCACCCAGAGTG,0,1794415
hdeAp2,0.06666666666666667,14,14,CTAATCGGTCATGCCATCGA,0,1779888
hdeAp2,0.06666666666666667,14,14,CGTTGTGCTAAAGTGTACGT,0,1805802
hdeAp2,0.06666666666666667,14,14,CGTTGAACTCTAGCCACCAA,0,1807869
hdeAp2,0.06666666666666667,14,14,CGTGCGGATCCTGCGTCCAT,0,1820003
hdeAp2,0.06666666666666667,14,14,CGTGCCACAAGTCTGGGTTC,0,1783339
hdeAp2,0.06666666666666667,14,14,CGTGAAAAGCTAGCCGTGGG,0,1777487
hdeAp2,0.06666666666666667,14,14,CGTCTCCATCTTTTTTCGGT,0,1779972
hdeAp2,0.06666666666666667,14,14,CGTCTAATCGGGGCTCGGTT,0,1817957
hdeAp2,0.06666666666666667,14,14,CGTATTAAGCTTGCAACGTT,0,1815511
hdeAp2,0.06666666666666667,14,14,CGTATCCCTTCAACATTAAC,0,1796515
hdeAp2,0.06666666666666667,14,14,CGTAGCCTCAATGCCCTGCT,0,1824135
hdeAp2,0.06666666666666667,14,14,CGTACGGCTCATTTCCGCTC,0,1816954
hdeAp2,0.06666666666666667,14,14,CGGGATTGTTACAAGCACAC,0,1803118
hdeAp2,0.06666666666666667,14,14,CGGGACTATATAAAGTTGCC,0,1803659
hdeAp2,0.06666666666666667,14,14,CGGGAACGGTAAATATGAAA,0,1807478
hdeAp2,0.06666666666666667,14,14,CGGGAAAAATTAAAGCGGAG,0,1811090
hdeAp2,0.06666666666666667,14,14,CGGAATTAGCTTTAGCAAGT,0,1787642
hdeAp2,0.06666666666666667,14,14,CGCTTCGATCGGGAAATGAA,0,1821398
hdeAp2,0.06666666666666667,14,14,CGCTAGGCCCCTTTCAGCTC,0,1785783
hdeAp2,0.06666666666666667,14,14,CGCTACAAAAAATGCAATAT,0,1791759
hdeAp2,0.06666666666666667,14,14,CGCGCTAGCACTACACGGTC,0,1785939
hdeAp2,0.06666666666666667,14,14,CGCATGACTACCATGGGATG,0,1817842
hdeAp2,0.06666666666666667,14,14,CGATTACACTCGCCCTTCGA,0,1812679
hdeAp2,0.06666666666666667,14,14,CGATCAACAGAATGCATTGG,0,1791852
hdeAp2,0.06666666666666667,14,14,CGAGCGAAGCTGGAGCCAGG,0,1827302
hdeAp2,0.06666666666666667,14,14,CCTTCAGAAACTTTTCCATG,0,1797704
hdeAp2,0.06666666666666667,14,14,CCTTAGTATTCTTAAACAAT,0,1791030
hdeAp2,0.06666666666666667,14,14,CCTGGCAGAAACTTAATAAC,0,1785215
hdeAp2,0.06666666666666667,14,14,CCTATAGATATTGAATACGT,0,1791535
hdeAp2,0.06666666666666667,14,14,CCGTCCCATGATGTTCACGC,0,1773035
hdeAp2,0.06666666666666667,14,14,CCGGTTGTGTTGAAGGGATT,0,1816091
hdeAp2,0.06666666666666667,14,14,CCGGGTGGGTCCATATCGTG,0,1777010
hdeAp2,0.06666666666666667,14,14,CCGGCATGCCGTCCACTATC,0,1779412
hdeAp2,0.06666666666666667,14,14,CCGGATGGCATAGCACTTTT,0,1774484
hdeAp2,0.06666666666666667,14,14,CCCGTGCACATCGGTAGCTT,0,1798999
hdeAp2,0.06666666666666667,14,14,CCCCGGAGATGAGAAATTCC,0,1796455
hdeAp2,0.06666666666666667,14,14,CCATACCTTTGGCTAATGGC,0,1809959
hdeAp2,0.06666666666666667,14,14,CCAGATTAACGTTATGCTGT,0,1784460
hdeAp2,0.06666666666666667,14,14,CCACTTTCTAAGGTTTGGTC,0,1774731
hdeAp2,0.06666666666666667,14,14,CCAACGGAGCGCGACTATGA,0,1791586
hdeAp2,0.06666666666666667,14,14,CATGGAGTGTTCCCCAGAAA,0,1776304
hdeAp2,0.06666666666666667,14,14,CATCAACTGGGAAGGGAAAA,0,1805330
hdeAp2,0.06666666666666667,14,14,CAGGGCATTGTTTATTTGAG,0,1777073
hdeAp2,0.06666666666666667,14,14,CAGACTGTGGTGAGGTTCTA,0,1817590
hdeAp2,0.06666666666666667,14,14,CAGAACCATGAAGCCAGACA,0,1775615
hdeAp2,0.06666666666666667,14,14,CACTGACGAGGCGCTAACTT,0,1772426
hdeAp2,0.06666666666666667,14,14,CACTCATGTGTTCTCGGAAT,0,1814067
hdeAp2,0.06666666666666667,14,14,CACAAACACTCACTGGCTCG,0,1812185
hdeAp2,0.06666666666666667,14,14,CAATTTTTGACAAAGCCGTG,0,1799404
hdeAp2,0.06666666666666667,14,14,CAATTGTCTACAGGTTGATT,0,1799502
hdeAp2,0.06666666666666667,14,14,CAATCGGTAAGCGATATGCG,0,1808351
hdeAp2,0.06666666666666667,14,14,CAACGATAATACTGGTTTAT,0,1774409
hdeAp2,0.06666666666666667,14,14,CAACCGACTACCCGCTCGTA,0,1799271
hdeAp2,0.06666666666666667,14,14,CAAACGTAGTTGGTACGTAC,0,1825764
hdeAp2,0.06666666666666667,14,14,ATTTAATAGGAGAACCTAGT,0,1796089
hdeAp2,0.06666666666666667,14,14,ATTCCGGTCACCAATTCTTG,0,1792387
hdeAp2,0.06666666666666667,14,14,ATTCCGCCGTCCAATCATGT,0,1796191
hdeAp2,0.06666666666666667,14,14,ATTCAGGCCACCGACTTACC,0,1800298
hdeAp2,0.06666666666666667,14,14,ATTAGGAGTACGATAGTCCG,0,1817514
hdeAp2,0.06666666666666667,14,14,ATTAATAGAAAATTATTGGA,0,1797987
hdeAp2,0.06666666666666667,14,14,ATGTTGACGGATTACCACAC,0,1774794
hdeAp2,0.06666666666666667,14,14,ATGTGGTCTTGGACAGCATA,0,1815349
hdeAp2,0.06666666666666667,14,14,ATGGACATGAGACAGAAAAT,0,1815609
hdeAp2,0.06666666666666667,14,14,ATGAATTGACGTAATCGTGT,0,1782979
hdeAp2,0.06666666666666667,14,14,ATGAATAGCATCTGTCAGAG,0,1781341
hdeAp2,0.06666666666666667,14,14,ATCTCGGACGAAGCGAATCC,0,1808179
hdeAp2,0.06666666666666667,14,14,ATCCTCCGCTTTAACCAGGG,0,1814054
hdeAp2,0.06666666666666667,14,14,ATCATGGTGGCCGAGGTATT,0,1790109
hdeAp2,0.06666666666666667,14,14,ATATCTCACATGACCTGCAG,0,1816448
hdeAp2,0.06666666666666667,14,14,ATATCGTCGGCGAGATCGAA,0,1802270
hdeAp2,0.06666666666666667,14,14,ATACATGGCCGTGACGCCTC,0,1804475
hdeAp2,0.06666666666666667,14,14,ATAATACCTGGCTGCATCGT,0,1816781
hdeAp2,0.06666666666666667,14,14,ATAACCGACTGGTCGCGGAA,0,1819300
hdeAp2,0.06666666666666667,14,14,AGTCGGTTTCGAACTCGGGT,0,1785436
hdeAp2,0.06666666666666667,14,14,AGTCCCGTAGGTTCGCCTAG,0,1781788
hdeAp2,0.06666666666666667,14,14,AGTAACTAATTTGAGGCTTG,0,1776614
hdeAp2,0.06666666666666667,14,14,AGGTCCGAATACCCTCATAA,0,1787629
hdeAp2,0.06666666666666667,14,14,AGGGCGGAAAATTGACGGGA,0,1797757
hdeAp2,0.06666666666666667,14,14,AGGGCCGGTTGGCTACGCGT,0,1808150
hdeAp2,0.06666666666666667,14,14,AGGCGACCTTTAAAAGCGGT,0,1811947
hdeAp2,0.06666666666666667,14,14,AGGCACGGGCGGGTCCGGAT,0,1773792
hdeAp2,0.06666666666666667,14,14,AGGAGCACTCGTGCGCTCAG,0,1820897
hdeAp2,0.06666666666666667,14,14,AGCCATATCAAGCCCCAGCT,0,1779858
hdeAp2,0.06666666666666667,14,14,AGCCAATAGTGAGTCGCTTC,0,1804559
hdeAp2,0.06666666666666667,14,14,AGCAAGCTGGGCTCCTTCCA,0,1816464
hdeAp2,0.06666666666666667,14,14,AGATTTTTGAATATAAATCT,0,1812016
hdeAp2,0.06666666666666667,14,14,AGATGTTACAGGCGGGCCAG,0,1824421
hdeAp2,0.06666666666666667,14,14,AGATATCTACGGCGGTCTAA,0,1794588
hdeAp2,0.06666666666666667,14,14,AGATATCGCTAGAACGTATT,0,1783193
hdeAp2,0.06666666666666667,14,14,AGATAGGTGGGAAGGCGTTC,0,1800381
hdeAp2,0.06666666666666667,14,14,AGAGCCGTTCAAGTATAGCG,0,1773535
hdeAp2,0.06666666666666667,14,14,ACTGGTGGCTATTATGTCTA,0,1793648
hdeAp2,0.06666666666666667,14,14,ACTCGTGAAGTTACGTATGG,0,1815854
hdeAp2,0.06666666666666667,14,14,ACGTAACGTTTGAGGCTCTT,0,1775871
hdeAp2,0.06666666666666667,14,14,ACGGTTTCATTTCCCCAAGG,0,1808319
hdeAp2,0.06666666666666667,14,14,ACGGTAACATACTGCAACGA,0,1807858
hdeAp2,0.06666666666666667,14,14,ACGCTTAGGTGTTGTTGGAG,0,1778981
hdeAp2,0.06666666666666667,14,14,ACGCATCCTTCTGGTATAGC,0,1778841
hdeAp2,0.06666666666666667,14,14,ACGAGTTGATTTCTTCGAAG,0,1804634
hdeAp2,0.06666666666666667,14,14,ACGAGAGCGATATCGCGGGT,0,1796754
hdeAp2,0.06666666666666667,14,14,ACCGCGTTTTCAGTTCTGCG,0,1793212
hdeAp2,0.06666666666666667,14,14,ACCCGCTTCTTATGCACTTT,0,1789009
hdeAp2,0.06666666666666667,14,14,ACCCGCTGAACGTGTGCATT,0,1821607
hdeAp2,0.06666666666666667,14,14,ACCCCACGGGTAAAAAACGA,0,1784509
hdeAp2,0.06666666666666667,14,14,ACCATGCGCCACGGTCGTGT,0,1772630
hdeAp2,0.06666666666666667,14,14,ACCATGAAATCTATGCTTTT,0,1797276
hdeAp2,0.06666666666666667,14,14,ACATGCGCCTCGATCGGACT,0,1793074
hdeAp2,0.06666666666666667,14,14,ACAGGGGGCTTCCTAGCCGA,0,1797851
hdeAp2,0.06666666666666667,14,14,ACACGTAGTGGTTCAACGCT,0,1793278
hdeAp2,0.06666666666666667,14,14,ACACCGCGGAGTTGGGCTCA,0,1795877
hdeAp2,0.06666666666666667,14,14,ACACATACTTCCTGGCTTTG,0,1828174
hdeAp2,0.06666666666666667,14,14,AATTGAGGGTACCTAGCCTG,0,1783963
hdeAp2,0.06666666666666667,14,14,AATGATCAGACCCCTTTAGC,0,1818530
hdeAp2,0.06666666666666667,14,14,AATGAGTTGAGTATTGGGCT,0,1828623
hdeAp2,0.06666666666666667,14,14,AATGAACTGTTCTAGTATGC,0,1828621
hdeAp2,0.06666666666666667,14,14,AATCATTGATTTATGCTCAA,0,1775338
hdeAp2,0.06666666666666667,14,14,AAGTTTCATACCAAGCTCAC,0,1784833
hdeAp2,0.06666666666666667,14,14,AAGGCCTGACCAAAGATCCT,0,1784045
hdeAp2,0.06666666666666667,14,14,AAGCTGAGAGGTTATAACGG,0,1775440
hdeAp2,0.06666666666666667,14,14,AAGCGTGAGCTTATATCAAA,0,1779715
hdeAp2,0.06666666666666667,14,14,AAGACAGAATCTACCTGAAA,0,1795387
hdeAp2,0.06666666666666667,14,14,AACTCTACAGGGGGCATGCC,0,1820705
hdeAp2,0.06666666666666667,14,14,AACGACTGCGCTCTCGGCAG,0,1807071
hdeAp2,0.06666666666666667,14,14,AACAGTGGCGAGCGCAGCGG,0,1804427
hdeAp2,0.06666666666666667,14,14,AAATTGTGACCGGGGAGGCA,0,1826382
hdeAp2,0.06666666666666667,14,14,AAATTCATGGAACCGCTAAC,0,1779275
hdeAp2,0.06666666666666667,14,14,AAAGAAATTGAACTCAATCC,0,1776955
hdeAp2,0.06666666666666667,14,14,AAAATAGGTGAGTATACAGA,0,1813828
hdeAp2,0.06666666666666667,14,14,AAAACTCTAGAGACTAGAGT,0,1788226
hdeAp2,0.07142857142857142,13,13,TTTTGACCGGTTAGTCAGGG,0,1793400
hdeAp2,0.07142857142857142,13,13,TTTCCAAAGGTGTTTGACGC,0,1827325
hdeAp2,0.07142857142857142,13,13,TTTAATGAACCGGCACGGGA,0,1815533
hdeAp2,0.07142857142857142,13,13,TTTAAGGAACGGGCTGGTGT,0,1819662
hdeAp2,0.07142857142857142,13,13,TTGTTAGTCGGTTTGAGATG,0,1797523
hdeAp2,0.07142857142857142,13,13,TTGTGTTGGCGGCCCTTCTT,0,1772790
hdeAp2,0.07142857142857142,13,13,TTGTCATACCGTCTGCGACA,0,1794549
hdeAp2,0.07142857142857142,13,13,TTGGAATTTCTTTGCGGTCT,0,1805797
hdeAp2,0.07142857142857142,13,13,TTGCCGGCGGTCGTTCAAGG,0,1782870
hdeAp2,0.07142857142857142,13,13,TTGCATCCAGAGTACCTGCA,0,1816593
hdeAp2,0.07142857142857142,13,13,TTCTGGCTTAACATTATGTT,0,1793491
hdeAp2,0.07142857142857142,13,13,TTCTCTATTTTGGCGTGAAT,0,1810226
hdeAp2,0.07142857142857142,13,13,TTCAGAATAAGAGGTTCCCT,0,1813789
hdeAp2,0.07142857142857142,13,13,TTATGCTAACAATGAACGGA,0,1782444
hdeAp2,0.07142857142857142,13,13,TTATACCGACATTCGAGTGT,0,1823582
hdeAp2,0.07142857142857142,13,13,TTAAGATTCCAGTGATGACG,0,1771151
hdeAp2,0.07142857142857142,13,13,TTAAATCTAAATCAGCTCAA,0,1802482
hdeAp2,0.07142857142857142,13,13,TGTTGTGACACACGGTAATC,0,1792304
hdeAp2,0.07142857142857142,13,13,TGTCGAATGATGAATGTCGT,0,1798496
hdeAp2,0.07142857142857142,13,13,TGTCAGGCACAATAAGCGAT,0,1793239
hdeAp2,0.07142857142857142,13,13,TGTCAGCCTCGGATCCGCAT,0,1787505
hdeAp2,0.07142857142857142,13,13,TGTATCATTCCTTGTATTCG,0,1815776
hdeAp2,0.07142857142857142,13,13,TGTACTCTCTACCGAATGTC,0,1795841
hdeAp2,0.07142857142857142,13,13,TGGAACAAGTGCGGTTATGC,0,1771902
hdeAp2,0.07142857142857142,13,13,TGCTTGTAAAGCATACGGGC,0,1802828
hdeAp2,0.07142857142857142,13,13,TGCTATACTGCCGGGTGGTA,0,1795990
hdeAp2,0.07142857142857142,13,13,TGCGTCAATGGAATCTACTG,0,1800086
hdeAp2,0.07142857142857142,13,13,TGATTCCTACGCGCGAACAT,0,1776310
hdeAp2,0.07142857142857142,13,13,TGAGCTCCTCAAGCTGGAGG,0,1815763
hdeAp2,0.07142857142857142,13,13,TGAAGTGGTATTGCGTTTAG,0,1796387
hdeAp2,0.07142857142857142,13,13,TCTTGGCGGTCTTCCATTGC,0,1827213
hdeAp2,0.07142857142857142,13,13,TCTGTAAAGTAAGGCCTTGA,0,1803076
hdeAp2,0.07142857142857142,13,13,TCTATAGGGGAGGTCCCTGA,0,1773214
hdeAp2,0.07142857142857142,13,13,TCTACGGCTCGTTCTGGATA,0,1812746
hdeAp2,0.07142857142857142,13,13,TCGTAAATTGGGATTACCTT,0,1786152
hdeAp2,0.07142857142857142,13,13,TCGCGTTGGTTATTGATAGG,0,1797958
hdeAp2,0.07142857142857142,13,13,TCGCGCTGGGGATTGATGCA,0,1795029
hdeAp2,0.07142857142857142,13,13,TCGCGCGTTCACATAAAGAT,0,1818606
hdeAp2,0.07142857142857142,13,13,TCGCGCAGACAGCAGCTTAT,0,1773197
hdeAp2,0.07142857142857142,13,13,TCGACTTAGACTGGGAGTCC,0,1809876
hdeAp2,0.07142857142857142,13,13,TCGAAGTTACTGAAGACCTG,0,1789944
hdeAp2,0.07142857142857142,13,13,TCCTAGGCTTTTTAGCGTAC,0,1786317
hdeAp2,0.07142857142857142,13,13,TCCGGAGCGGCGGTTCCATT,0,1801850
hdeAp2,0.07142857142857142,13,13,TCCGGAAATTGGACAATTTT,0,1782158
hdeAp2,0.07142857142857142,13,13,TCACTGAATTATTTCCCGCA,0,1811230
hdeAp2,0.07142857142857142,13,13,TCACGGCCCCGCGCATTTGA,0,1798308
hdeAp2,0.07142857142857142,13,13,TATCGACGACGGAGAAGCAT,0,1772777
hdeAp2,0.07142857142857142,13,13,TATAACCCCTGCATTGCGTA,0,1771194
hdeAp2,0.07142857142857142,13,13,TAGGAACTCCGTCCTTATTT,0,1819145
hdeAp2,0.07142857142857142,13,13,TAGATGTGCGTCCCAAAGCT,0,1796428
hdeAp2,0.07142857142857142,13,13,TACTATCCGACCTACAGTCA,0,1813563
hdeAp2,0.07142857142857142,13,13,TACGGGCATGTATTAGTCTG,0,1788655
hdeAp2,0.07142857142857142,13,13,TACGCTGAACTCAGCAGAGA,0,1778164
hdeAp2,0.07142857142857142,13,13,TACGCAACATTTTTCCAGCA,0,1813407
hdeAp2,0.07142857142857142,13,13,TACATACCTCGCTTTATTGA,0,1787608
hdeAp2,0.07142857142857142,13,13,TAACGGGATCATGTTCAAGT,0,1810675
hdeAp2,0.07142857142857142,13,13,GTTTCTGCCTACTACCGTCG,0,1815923
hdeAp2,0.07142857142857142,13,13,GTTTCATTGTCGAAGGCCAC,0,1815407
hdeAp2,0.07142857142857142,13,13,GTTCGAGCGCGGTCGGGTCT,0,1803754
hdeAp2,0.07142857142857142,13,13,GTTCCTACCCTCATATGCCA,0,1817840
hdeAp2,0.07142857142857142,13,13,GTTAGGACCACATGTAGATT,0,1809128
hdeAp2,0.07142857142857142,13,13,GTGTAAACATGATGTGGAAG,0,1772647
hdeAp2,0.07142857142857142,13,13,GTGGTAGAGTCCGAATAACA,0,1775503
hdeAp2,0.07142857142857142,13,13,GTGGGCTGCCCGGCTCTTCT,0,1783802
hdeAp2,0.07142857142857142,13,13,GTGCGTCCAAGCACTTTCCA,0,1818985
hdeAp2,0.07142857142857142,13,13,GTGCGACTCAGTCGCAAAGC,0,1795852
hdeAp2,0.07142857142857142,13,13,GTGATCCCTGTTACGCGAGA,0,1779714
hdeAp2,0.07142857142857142,13,13,GTGAAAATACGATGTCCAAC,0,1777369
hdeAp2,0.07142857142857142,13,13,GTCTATTCTACTAAACGGCG,0,1782974
hdeAp2,0.07142857142857142,13,13,GTCTAGTGATGATAATCGGG,0,1815191
hdeAp2,0.07142857142857142,13,13,GTCCCTCTACTGACCCCGAG,0,1781520
hdeAp2,0.07142857142857142,13,13,GTCCCCTTAGCGTCACTCTC,0,1771703
hdeAp2,0.07142857142857142,13,13,GTCAGTATGATTGTCACAAG,0,1775577
hdeAp2,0.07142857142857142,13,13,GTACTTTACTGGAGTGCGAT,0,1803477
hdeAp2,0.07142857142857142,13,13,GTACTCCGTTCCACTACAGG,0,1807461
hdeAp2,0.07142857142857142,13,13,GGTGCCTCGAGCCGGCTCCC,0,1822461
hdeAp2,0.07142857142857142,13,13,GGTCAAGCCGCAATCTGCAG,0,1796616
hdeAp2,0.07142857142857142,13,13,GGTCAAGCAATCTCCGGGTT,0,1793840
hdeAp2,0.07142857142857142,13,13,GGTACGGGCTCCGTACTTTG,0,1787065
hdeAp2,0.07142857142857142,13,13,GGGTTGGTTTGATGCAGTAT,0,1804081
hdeAp2,0.07142857142857142,13,13,GGGTCAGAGCGGCGGCGCTT,0,1785312
hdeAp2,0.07142857142857142,13,13,GGGGTGATAATCTAATAAAC,0,1785339
hdeAp2,0.07142857142857142,13,13,GGGGAGCGAAGGTACCTCCT,0,1802834
hdeAp2,0.07142857142857142,13,13,GGGCTACCACAATATTTATA,0,1796591
hdeAp2,0.07142857142857142,13,13,GGGCCGTATCTGTGCCCAGA,0,1807667
hdeAp2,0.07142857142857142,13,13,GGCTTGCGGTGACAGTTATT,0,1805252
hdeAp2,0.07142857142857142,13,13,GGCCCGAGGGGATGATTCGA,0,1777503
hdeAp2,0.07142857142857142,13,13,GGATTACACCCCAATTATAA,0,1782112
hdeAp2,0.07142857142857142,13,13,GGATACTATGAGTAAGATTA,0,1785817
hdeAp2,0.07142857142857142,13,13,GGATACATACAACTATAACC,0,1808387
hdeAp2,0.07142857142857142,13,13,GGAGGATGACCCAAGGCTAG,0,1814201
hdeAp2,0.07142857142857142,13,13,GGACCGTGTATGACATTCAG,0,1784734
hdeAp2,0.07142857142857142,13,13,GGACATCAGGAAGGTTGGTT,0,1796942
hdeAp2,0.07142857142857142,13,13,GGACAATAGACTTCAAGAAT,0,1824833
hdeAp2,0.07142857142857142,13,13,GCTGTATCGGGCACAACGAG,0,1789001
hdeAp2,0.07142857142857142,13,13,GCTGACTCTGAATTTATATA,0,1773575
hdeAp2,0.07142857142857142,13,13,GCTGACCGTCGCGGCAGAAA,0,1771542
hdeAp2,0.07142857142857142,13,13,GCTCCTTTTGCTAGGCAATA,0,1794857
hdeAp2,0.07142857142857142,13,13,GCTCCAAGCTCACCTCTCAT,0,1794196
hdeAp2,0.07142857142857142,13,13,GCTAGCCTGCTCCTACGTTA,0,1813764
hdeAp2,0.07142857142857142,13,13,GCGTGCGAGGCCATCTCAAT,0,1812847
hdeAp2,0.07142857142857142,13,13,GCGGCTGAGTTTTTATGGGT,0,1816517
hdeAp2,0.07142857142857142,13,13,GCGAGGCCTTAAGGGTCATT,0,1785174
hdeAp2,0.07142857142857142,13,13,GCCGGGGGGATTTCGACGAC,0,1778811
hdeAp2,0.07142857142857142,13,13,GCCCAGTACGCCACCGATGG,0,1811820
hdeAp2,0.07142857142857142,13,13,GCCATCGCAGCCTCAACAAT,0,1788404
hdeAp2,0.07142857142857142,13,13,GCCATCAGCCATTCGGGACA,0,1822497
hdeAp2,0.07142857142857142,13,13,GCATCGTGAGCAAGAGTTTA,0,1825742
hdeAp2,0.07142857142857142,13,13,GCAGCCGCGCTGACTGTCAG,0,1791170
hdeAp2,0.07142857142857142,13,13,GCACGTTGTATTCCAGTTAC,0,1782066
hdeAp2,0.07142857142857142,13,13,GCACGTAGTCTGTGGACTAA,0,1804867
hdeAp2,0.07142857142857142,13,13,GCACGGGACTCCCGGCTAAA,0,1826182
hdeAp2,0.07142857142857142,13,13,GCACGGGAATCAGTGCTGGG,0,1799605
hdeAp2,0.07142857142857142,13,13,GCAATCGCGGAGGGAGCGAC,0,1788534
hdeAp2,0.07142857142857142,13,13,GCAACCTAATATGAAAAAAG,0,1787204
hdeAp2,0.07142857142857142,13,13,GATTCTACGTGGGCTATGAT,0,1794042
hdeAp2,0.07142857142857142,13,13,GATGCCTAGAAATTACTTAC,0,1804442
hdeAp2,0.07142857142857142,13,13,GATCTACGGATCTCCCCCAC,0,1772316
hdeAp2,0.07142857142857142,13,13,GATAGTCGGGGGCGGTCGAT,0,1824656
hdeAp2,0.07142857142857142,13,13,GATACCCGATGGGCAGTAAT,0,1772171
hdeAp2,0.07142857142857142,13,13,GAGTGCGTCTATTGGGGGAA,0,1817211
hdeAp2,0.07142857142857142,13,13,GAGTATGCTAATAATGTCGC,0,1801223
hdeAp2,0.07142857142857142,13,13,GAGGCTTTGGGGATACTTTG,0,1816207
hdeAp2,0.07142857142857142,13,13,GAGGCTAGGGTTAGCAAGAC,0,1810054
hdeAp2,0.07142857142857142,13,13,GAGAATTAGCCATAGTGGGT,0,1777454
hdeAp2,0.07142857142857142,13,13,GAGAAACCCAGTCGGCTTCT,0,1773796
hdeAp2,0.07142857142857142,13,13,GACGTCTCTAGTACACGCCC,0,1789456
hdeAp2,0.07142857142857142,13,13,GACGGATCATATCTGAATCC,0,1822332
hdeAp2,0.07142857142857142,13,13,GAATGCCAACTTACTTATCG,0,1821623
hdeAp2,0.07142857142857142,13,13,GAATCTGGTTTGCAATTTAC,0,1815441
hdeAp2,0.07142857142857142,13,13,GAATCCATTAACTTGCCTCA,0,1812777
hdeAp2,0.07142857142857142,13,13,GAAGCTGCGGACTACCAATT,0,1773338
hdeAp2,0.07142857142857142,13,13,GAACAGCTCTTCTGGGGATA,0,1789808
hdeAp2,0.07142857142857142,13,13,GAAATATTTTACAGCGGACG,0,1778633
hdeAp2,0.07142857142857142,13,13,GAAATATCGTGCAGGATAAT,0,1776342
hdeAp2,0.07142857142857142,13,13,GAAAGTGATAAAACGGAAAT,0,1802771
hdeAp2,0.07142857142857142,13,13,GAAAACAGACTCATAGCCGG,0,1772080
hdeAp2,0.07142857142857142,13,13,CTTTTGTACCAGGGGCGAGA,0,1773837
hdeAp2,0.07142857142857142,13,13,CTTGCCCGGTACACCATAAA,0,1773618
hdeAp2,0.07142857142857142,13,13,CTTGCCAGATACTCCATGGA,0,1778968
hdeAp2,0.07142857142857142,13,13,CTTCCTGTTTCGGTTGCTCC,0,1794340
hdeAp2,0.07142857142857142,13,13,CTTATGAGCCCCGGGATGGT,0,1815213
hdeAp2,0.07142857142857142,13,13,CTTAGCACGGGGTACGTCGA,0,1778199
hdeAp2,0.07142857142857142,13,13,CTTACAACTGGTGCGGTCCA,0,1774125
hdeAp2,0.07142857142857142,13,13,CTGGGATTGGTGCTGGAGTC,0,1785004
hdeAp2,0.07142857142857142,13,13,CTGCGTGCGATTTCGATCAG,0,1779628
hdeAp2,0.07142857142857142,13,13,CTGCGATAATATTAACACTT,0,1802089
hdeAp2,0.07142857142857142,13,13,CTGCAGTACTGCAAGCGGAG,0,1793698
hdeAp2,0.07142857142857142,13,13,CTGATGTATTAAATAAACAT,0,1823529
hdeAp2,0.07142857142857142,13,13,CTCTGGGACGTACCGGTCAG,0,1800239
hdeAp2,0.07142857142857142,13,13,CTCTCACTGATCATCGAAAT,0,1776416
hdeAp2,0.07142857142857142,13,13,CTCTAGACACGGCACCTAGA,0,1817656
hdeAp2,0.07142857142857142,13,13,CTCGGCCTCCGTTAATTCGA,0,1786478
hdeAp2,0.07142857142857142,13,13,CTATCGAAGGTGCGCTCGCG,0,1810905
hdeAp2,0.07142857142857142,13,13,CTAGACCGGCTGCTCTCCAA,0,1822451
hdeAp2,0.07142857142857142,13,13,CTACGTAGGCCGCGCCTCGA,0,1773450
hdeAp2,0.07142857142857142,13,13,CTAATCCGATATCTTAATAA,0,1815057
hdeAp2,0.07142857142857142,13,13,CTAAGGGGCGTAATCGTATG,0,1818845
hdeAp2,0.07142857142857142,13,13,CGTTGAAGCATGGCCAGGGT,0,1771599
hdeAp2,0.07142857142857142,13,13,CGTTGAACGCGACCCTGCAG,0,1772400
hdeAp2,0.07142857142857142,13,13,CGTTCGGGCGTGATCAAAGG,0,1773044
hdeAp2,0.07142857142857142,13,13,CGTGTCGGAGTTGGTATTAT,0,1793666
hdeAp2,0.07142857142857142,13,13,CGGTGCTCATTTGATTATAC,0,1809594
hdeAp2,0.07142857142857142,13,13,CGGTCTTTGGGAAGCACGAT,0,1793873
hdeAp2,0.07142857142857142,13,13,CGGTACAACAGTAGTTTAAC,0,1821830
hdeAp2,0.07142857142857142,13,13,CGGGCGGCGATCAGCCGCTG,0,1782783
hdeAp2,0.07142857142857142,13,13,CGGATTATTGTCGTATTCGA,0,1792952
hdeAp2,0.07142857142857142,13,13,CGGAAGCACGGGTACAGATC,0,1811797
hdeAp2,0.07142857142857142,13,13,CGCTGCCTTGTGCCCGGGGT,0,1790033
hdeAp2,0.07142857142857142,13,13,CGCTCAGATCTGATCGCCTT,0,1816477
hdeAp2,0.07142857142857142,13,13,CGCGGAAGCACCTACCTCGA,0,1781135
hdeAp2,0.07142857142857142,13,13,CGCGCCGTGTCCGCTGCGGT,0,1778509
hdeAp2,0.07142857142857142,13,13,CGCGCAACCCTCTTTTCAGT,0,1803822
hdeAp2,0.07142857142857142,13,13,CGCCTCATGCCATTGCACCC,0,1771638
hdeAp2,0.07142857142857142,13,13,CGCAGTCGGGCCGTGACAAG,0,1810770
hdeAp2,0.07142857142857142,13,13,CGCACTTTATGGGGTTTCAT,0,1815500
hdeAp2,0.07142857142857142,13,13,CGCAATCTTAGGGACACGGC,0,1810567
hdeAp2,0.07142857142857142,13,13,CGATCCGAACGGGTCAACCA,0,1805957
hdeAp2,0.07142857142857142,13,13,CGATCAGCTAAACGCTTAAA,0,1783387
hdeAp2,0.07142857142857142,13,13,CGATATCATCACCCATCCCT,0,1820229
hdeAp2,0.07142857142857142,13,13,CGAGATGCAAAAGTTGAATC,0,1821999
hdeAp2,0.07142857142857142,13,13,CGACTGTATGGGTTCCCGAC,0,1819552
hdeAp2,0.07142857142857142,13,13,CGAATTAGCTTGAGTGCCCA,0,1787976
hdeAp2,0.07142857142857142,13,13,CCTGGGGACGGGGCATATAA,0,1799625
hdeAp2,0.07142857142857142,13,13,CCTGCCTGATAGTTCACAAA,0,1797477
hdeAp2,0.07142857142857142,13,13,CCTCGCCACAGAGTGCCTGT,0,1779183
hdeAp2,0.07142857142857142,13,13,CCTCGACGACCCTAGGTGAG,0,1775029
hdeAp2,0.07142857142857142,13,13,CCTCAGCCGGCCGTGGAAAG,0,1797553
hdeAp2,0.07142857142857142,13,13,CCTACTCGCACCGCGATCTT,0,1813617
hdeAp2,0.07142857142857142,13,13,CCTAAGAACTGATTCGTTAA,0,1771047
hdeAp2,0.07142857142857142,13,13,CCGTAGCAGGATTTATGCGC,0,1820328
hdeAp2,0.07142857142857142,13,13,CCGTAAATGATTGCGTGTAA,0,1811876
hdeAp2,0.07142857142857142,13,13,CCGGGATTACATTTTAGACT,0,1816089
hdeAp2,0.07142857142857142,13,13,CCGCGCGAAGGGTTACGGGC,0,1786449
hdeAp2,0.07142857142857142,13,13,CCGCCTGCGCCCGCGAGTCG,0,1794296
hdeAp2,0.07142857142857142,13,13,CCGCCCCATCTGGATACTCC,0,1785747
hdeAp2,0.07142857142857142,13,13,CCGCACAACCCGCTGATCCA,0,1822795
hdeAp2,0.07142857142857142,13,13,CCGAGATCACGTGCCTCCGA,0,1802218
hdeAp2,0.07142857142857142,13,13,CCCTGGTTACGAGATAGTCC,0,1786106
hdeAp2,0.07142857142857142,13,13,CCCTAAAGGGGCCGGCGAGT,0,1786416
hdeAp2,0.07142857142857142,13,13,CCCAACCGGTAGACGTCATT,0,1788834
hdeAp2,0.07142857142857142,13,13,CCAGTGGAGGACCCAAATCT,0,1773184
hdeAp2,0.07142857142857142,13,13,CCAGCAAACCCTAGATGACG,0,1771284
hdeAp2,0.07142857142857142,13,13,CCACTCTATGGCAGGAAGTA,0,1804871
hdeAp2,0.07142857142857142,13,13,CCACGTGGTACAGCACCCGC,0,1777953
hdeAp2,0.07142857142857142,13,13,CCACCTGGCTCGGTCGAATT,0,1804085
hdeAp2,0.07142857142857142,13,13,CCAAGTGATTATACTAGGAC,0,1819457
hdeAp2,0.07142857142857142,13,13,CCAAGGTCGGGGGTAATCGA,0,1823688
hdeAp2,0.07142857142857142,13,13,CCAAACGACACTAGAAGCGA,0,1798609
hdeAp2,0.07142857142857142,13,13,CATGTTTGTAACGACTGCAG,0,1802566
hdeAp2,0.07142857142857142,13,13,CATCTGGACTACTCCTTCGG,0,1800854
hdeAp2,0.07142857142857142,13,13,CATAGCTGATCTACTTAGCT,0,1808866
hdeAp2,0.07142857142857142,13,13,CATAACAACGTCATATGGGG,0,1792359
hdeAp2,0.07142857142857142,13,13,CAGCCAGGCGAAGACGTGCC,0,1819891
hdeAp2,0.07142857142857142,13,13,CACTCGGGCCCAGGCCCCAT,0,1780968
hdeAp2,0.07142857142857142,13,13,CACCTCATATGAGTTAACCT,0,1784702
hdeAp2,0.07142857142857142,13,13,CACAGCGGCACGGGTTTGTC,0,1776768
hdeAp2,0.07142857142857142,13,13,CACACATGACGTCCATTTAA,0,1802743
hdeAp2,0.07142857142857142,13,13,CAATAATTGAGGGTGCGAGT,0,1780864
hdeAp2,0.07142857142857142,13,13,ATTTTTGGAACTTTGTTTAG,0,1789607
hdeAp2,0.07142857142857142,13,13,ATTTGAGTAGGTTCGCTTCG,0,1815401
hdeAp2,0.07142857142857142,13,13,ATTTCTTTCTATAGACAGGA,0,1778545
hdeAp2,0.07142857142857142,13,13,ATTCCCTTCTTAAACGCGCA,0,1813269
hdeAp2,0.07142857142857142,13,13,ATTCCAGAATTGTTAGATAA,0,1815366
hdeAp2,0.07142857142857142,13,13,ATGTGACACTCGGCCGCACG,0,1804921
hdeAp2,0.07142857142857142,13,13,ATGTCACGCGAGTGTTTGTA,0,1818458
hdeAp2,0.07142857142857142,13,13,ATGGTGCGGGTTAGATATTT,0,1772711
hdeAp2,0.07142857142857142,13,13,ATGCGTAATGTTCAGCACTA,0,1823973
hdeAp2,0.07142857142857142,13,13,ATGCATTTCATACCGCTAGT,0,1792619
hdeAp2,0.07142857142857142,13,13,ATGCAGCGCATAATGATAGT,0,1826361
hdeAp2,0.07142857142857142,13,13,ATGAGACCGTCGGGACAGCT,0,1785018
hdeAp2,0.07142857142857142,13,13,ATGACGCAAACAAATTCCCA,0,1823572
hdeAp2,0.07142857142857142,13,13,ATCGGGTCAGGCCTATCGAG,0,1792890
hdeAp2,0.07142857142857142,13,13,ATCGGGGAGGATGGCCGCTT,0,1780567
hdeAp2,0.07142857142857142,13,13,ATCGAAGAGGAATCGCACAG,0,1812815
hdeAp2,0.07142857142857142,13,13,ATATCGCAACTATCATGAGA,0,1812216
hdeAp2,0.07142857142857142,13,13,ATATATATGCCTACTGTGCA,0,1795831
hdeAp2,0.07142857142857142,13,13,ATATACAGTTTTTCGATTGC,0,1786153
hdeAp2,0.07142857142857142,13,13,ATACGGACACTTTGCTTACT,0,1780616
hdeAp2,0.07142857142857142,13,13,ATACGCTTGAGCTACGCATT,0,1812779
hdeAp2,0.07142857142857142,13,13,ATACCTACCGTGTGATTAAG,0,1775147
hdeAp2,0.07142857142857142,13,13,ATACAAGGATGCCCTTCGCC,0,1801821
hdeAp2,0.07142857142857142,13,13,ATAAGTCGCGGGTTTAGTGT,0,1784725
hdeAp2,0.07142857142857142,13,13,AGTTCTTGTTTACGGAAATT,0,1774411
hdeAp2,0.07142857142857142,13,13,AGTCATCGAGTATTTATTAA,0,1780694
hdeAp2,0.07142857142857142,13,13,AGTACTTTCATTCACACGGG,0,1787049
hdeAp2,0.07142857142857142,13,13,AGTAACCGACAACTTTTGTT,0,1795697
hdeAp2,0.07142857142857142,13,13,AGGTTCTCACTGGCCCTCTT,0,1798615
hdeAp2,0.07142857142857142,13,13,AGGTTACGAACTGGTCCCGA,0,1778616
hdeAp2,0.07142857142857142,13,13,AGGGCATCAGCCCGGTATAG,0,1818279
hdeAp2,0.07142857142857142,13,13,AGGACCGTAGTGGAGATCTC,0,1771910
hdeAp2,0.07142857142857142,13,13,AGCTTCAACTCTCTAAGGGG,0,1792959
hdeAp2,0.07142857142857142,13,13,AGCTGGAGTGCCACAACGGA,0,1778043
hdeAp2,0.07142857142857142,13,13,AGCGGCTGCGAATGAATTGG,0,1780043
hdeAp2,0.07142857142857142,13,13,AGCGGCAGGCGGCCAGGTCA,0,1779343
hdeAp2,0.07142857142857142,13,13,AGCCGAATTGATTTTTCAAC,0,1804502
hdeAp2,0.07142857142857142,13,13,AGATTAGTTGCGATTCATAA,0,1813089
hdeAp2,0.07142857142857142,13,13,AGAGGTAGCAGGAGAGTCCG,0,1800829
hdeAp2,0.07142857142857142,13,13,AGACTTGTAAGGAGGTTCCG,0,1811955
hdeAp2,0.07142857142857142,13,13,AGACCGCCAGGTAATAGTTA,0,1783223
hdeAp2,0.07142857142857142,13,13,ACTTCCGTAAGCGAAAATGC,0,1779128
hdeAp2,0.07142857142857142,13,13,ACTGGTTTAGAAATGTCAAC,0,1811948
hdeAp2,0.07142857142857142,13,13,ACTGGTGTATATCCGCGGCT,0,1781321
hdeAp2,0.07142857142857142,13,13,ACTCGTCCCCCAATCGGTCT,0,1801758
hdeAp2,0.07142857142857142,13,13,ACTCGAGTTGTCGCATACAG,0,1818226
hdeAp2,0.07142857142857142,13,13,ACGTCATGAAGAGACCGCGT,0,1796609
hdeAp2,0.07142857142857142,13,13,ACGGGGTTAGGAAGGGCGTA,0,1800916
hdeAp2,0.07142857142857142,13,13,ACGCGTTGAAGGTAGTAGGT,0,1784305
hdeAp2,0.07142857142857142,13,13,ACGCGCCTCCGACAGCTGCA,0,1801267
hdeAp2,0.07142857142857142,13,13,ACGCCAGCCTCAGAGTGGTT,0,1803625
hdeAp2,0.07142857142857142,13,13,ACCTGACACACACGACGAGT,0,1810659
hdeAp2,0.07142857142857142,13,13,ACCGAAGTGTGGGACAGTAT,0,1825279
hdeAp2,0.07142857142857142,13,13,ACCCGTGTGTTGACGAACAG,0,1810296
hdeAp2,0.07142857142857142,13,13,ACATCGGTACCCTTTGCGGC,0,1790401
hdeAp2,0.07142857142857142,13,13,ACATCCTAGGCAAGGCGCAT,0,1786124
hdeAp2,0.07142857142857142,13,13,ACACTATCCTGCCTGGCTGG,0,1797532
hdeAp2,0.07142857142857142,13,13,ACACCCGCAGACGGGAAGGC,0,1821490
hdeAp2,0.07142857142857142,13,13,ACAATAATAAATTCGCAGGA,0,1823596
hdeAp2,0.07142857142857142,13,13,ACAAGTGAGGTTGATAATGG,0,1785075
hdeAp2,0.07142857142857142,13,13,AATGGCGCCAGTATAAGCGT,0,1807673
hdeAp2,0.07142857142857142,13,13,AATATAGGTGCGTCACCGGT,0,1781844
hdeAp2,0.07142857142857142,13,13,AATACTTTTGATCTAAGGAA,0,1811047
hdeAp2,0.07142857142857142,13,13,AATAAATTTCTTAACTCTTT,0,1784123
hdeAp2,0.07142857142857142,13,13,AAGTTGGCTCGATATTTTGT,0,1805181
hdeAp2,0.07142857142857142,13,13,AAGTACCATTGTATCGAGGA,0,1804532
hdeAp2,0.07142857142857142,13,13,AAGGGAGGCCGAGCGTTGTT,0,1784235
hdeAp2,0.07142857142857142,13,13,AAGGCCAGATAGTCACTAAA,0,1798129
hdeAp2,0.07142857142857142,13,13,AAGCGGATAGGGACTATGAG,0,1776709
hdeAp2,0.07142857142857142,13,13,AACTACCACATGACGTACCA,0,1801170
hdeAp2,0.07142857142857142,13,13,AACCAAACCGAGTAAAGATC,0,1785910
hdeAp2,0.07142857142857142,13,13,AACAGTGTGCCCAACAGTAC,0,1780680
hdeAp2,0.07142857142857142,13,13,AAAGAGACCTCATTGAAACC,0,1781806
hdeAp2,0.07142857142857142,13,13,AAACTTTTCATACCCAGATG,0,1803307
hdeAp2,0.07142857142857142,13,13,AAACATGGGTACATAACCAG,0,1800322
hdeAp2,0.07142857142857142,13,13,AAAACAAAGAGGGGTCCTGC,0,1773589
hdeAp2,0.07142857142857142,13,13,AAAAAGTTCATCGGACCATT,0,1820150
hdeAp2,0.07692307692307693,12,12,TTTTTCATTTAGCAGCGGAC,0,1819710
hdeAp2,0.07692307692307693,12,12,TTTTGTAGGGCTATAGGCTT,0,1812993
hdeAp2,0.07692307692307693,12,12,TTTTGGGCTCATAATATCTT,0,1773548
hdeAp2,0.07692307692307693,12,12,TTTTCTTTTTGGCGCGGGAT,0,1791208
hdeAp2,0.07692307692307693,12,12,TTTTCATAACTTCTGGTGTT,0,1805353
hdeAp2,0.07692307692307693,12,12,TTTTATCTGTTGTCGATCAG,0,1817166
hdeAp2,0.07692307692307693,12,12,TTTGTATACGGGAGCCTATA,0,1782641
hdeAp2,0.07692307692307693,12,12,TTTAATACCCTCGGACGTCG,0,1814071
hdeAp2,0.07692307692307693,12,12,TTGGCTCTCCTGTCCTCAGA,0,1783473
hdeAp2,0.07692307692307693,12,12,TTGCGGCGCCACGCGTCAGC,0,1790326
hdeAp2,0.07692307692307693,12,12,TTGCGGATTCAACGATCTTG,0,1811877
hdeAp2,0.07692307692307693,12,12,TTGATTTTCGACCCTTTTTA,0,1783901
hdeAp2,0.07692307692307693,12,12,TTGACTTCGCTGTACAGCAT,0,1809572
hdeAp2,0.07692307692307693,12,12,TTCGCCTACACGGGCATTGG,0,1772479
hdeAp2,0.07692307692307693,12,12,TTCCGGTCAGGGATCAGTTG,0,1812868
hdeAp2,0.07692307692307693,12,12,TTCACTTTTAAGCCGAAGTT,0,1799268
hdeAp2,0.07692307692307693,12,12,TTATGGGAACACAAGTCGGT,0,1773057
hdeAp2,0.07692307692307693,12,12,TTATCGCCTAGTTTGAGGCC,0,1787145
hdeAp2,0.07692307692307693,12,12,TTACTCTTAAGCTCAAGATA,0,1790651
hdeAp2,0.07692307692307693,12,12,TTAAGATGGCATCGCATCAA,0,1799893
hdeAp2,0.07692307692307693,12,12,TTAACTAGGCGAAACATCTG,0,1789037
hdeAp2,0.07692307692307693,12,12,TGTGGGGAGCCCGCACTGAC,0,1788022
hdeAp2,0.07692307692307693,12,12,TGTATCGCGGGTTCATGCGC,0,1773393
hdeAp2,0.07692307692307693,12,12,TGGTAATTTGGGTATAAGTA,0,1781133
hdeAp2,0.07692307692307693,12,12,TGGCTATCTTAGCATAATAC,0,1786264
hdeAp2,0.07692307692307693,12,12,TGGCGTAGACTACACACCGA,0,1775225
hdeAp2,0.07692307692307693,12,12,TGGCCCGTCTCGCTTTGCCC,0,1808435
hdeAp2,0.07692307692307693,12,12,TGGATTTATATGTTAAGCCT,0,1814769
hdeAp2,0.07692307692307693,12,12,TGGACCCGGACACGGCGTGA,0,1789778
hdeAp2,0.07692307692307693,12,12,TGGAACTGTATGCATTTACA,0,1801980
hdeAp2,0.07692307692307693,12,12,TGCTTTCGCAGGGTAGAAGA,0,1786074
hdeAp2,0.07692307692307693,12,12,TGATCAAGCGGGCATTGGCA,0,1772908
hdeAp2,0.07692307692307693,12,12,TGAATGAACCAGCCGAATAG,0,1787391
hdeAp2,0.07692307692307693,12,12,TGAAAAGCTAGTAATGTGAT,0,1827822
hdeAp2,0.07692307692307693,12,12,TCTCGATTAGGAGCTTCAAT,0,1825290
hdeAp2,0.07692307692307693,12,12,TCTCAAATCGTTTTGGGCTT,0,1786157
hdeAp2,0.07692307692307693,12,12,TCTATATTAAGCTTGGCTCT,0,1795335
hdeAp2,0.07692307692307693,12,12,TCGTGTGCGAAGTAGCCCTT,0,1823234
hdeAp2,0.07692307692307693,12,12,TCGGGGCCTTGCAGCGATCA,0,1795977
hdeAp2,0.07692307692307693,12,12,TCGACTCAGTAATTTTTCGG,0,1775433
hdeAp2,0.07692307692307693,12,12,TCCTCCAATGCGAAATTTAA,0,1812258
hdeAp2,0.07692307692307693,12,12,TCCGGGTAAGAAGGGACCCG,0,1823648
hdeAp2,0.07692307692307693,12,12,TCCGGGCCGCCGACATTTGG,0,1798570
hdeAp2,0.07692307692307693,12,12,TCCACGGTGTCCTGTAAAAA,0,1793126
hdeAp2,0.07692307692307693,12,12,TCCAATTTCCCCAGTCCACA,0,1809685
hdeAp2,0.07692307692307693,12,12,TCATGTACTCGCGTTTGTGT,0,1791902
hdeAp2,0.07692307692307693,12,12,TCAGTACAGCACGCGTGAGT,0,1771865
hdeAp2,0.07692307692307693,12,12,TCAGCTTGCCGGGACGCCTG,0,1773882
hdeAp2,0.07692307692307693,12,12,TCAGCATCGTAACGCATGAG,0,1794577
hdeAp2,0.07692307692307693,12,12,TCAGACATCGTCCGCATTGT,0,1799515
hdeAp2,0.07692307692307693,12,12,TCACGGAAATGGTTTGTAGC,0,1771264
hdeAp2,0.07692307692307693,12,12,TCACAAGAGTTCGATAAGTA,0,1778401
hdeAp2,0.07692307692307693,12,12,TCAAAAAGTCCGATGTGCAA,0,1825100
hdeAp2,0.07692307692307693,12,12,TATTTCGTACACTGCGCCCA,0,1795478
hdeAp2,0.07692307692307693,12,12,TATTGAGTACTGCTTGAGAG,0,1805760
hdeAp2,0.07692307692307693,12,12,TATTCATATGTTGTCGCTCG,0,1813027
hdeAp2,0.07692307692307693,12,12,TATGACGATGGACCACAACG,0,1797203
hdeAp2,0.07692307692307693,12,12,TATAAATTGATTCGTAGACA,0,1796603
hdeAp2,0.07692307692307693,12,12,TAGTCCTAGAAGACAGTGCG,0,1824688
hdeAp2,0.07692307692307693,12,12,TAGGAGTGCAAGAGCGTCCC,0,1772199
hdeAp2,0.07692307692307693,12,12,TAGAGGGGGTTTTAAATGAA,0,1780264
hdeAp2,0.07692307692307693,12,12,TACTTACTCTTTAGTGAAAG,0,1784798
hdeAp2,0.07692307692307693,12,12,TACTCGGGTAACCTCGGTGG,0,1782384
hdeAp2,0.07692307692307693,12,12,TACTAACTGGACGATTGAGT,0,1815680
hdeAp2,0.07692307692307693,12,12,TACGTGGATCGGGGAAATCC,0,1788097
hdeAp2,0.07692307692307693,12,12,TACGAGCCAACCAGAAGGCA,0,1778323
hdeAp2,0.07692307692307693,12,12,TACATACGGGGTACACCAGG,0,1776442
hdeAp2,0.07692307692307693,12,12,TAATGCCATTGCAGGGTCCT,0,1789806
hdeAp2,0.07692307692307693,12,12,TAATAGTAGCGTGCAAATGC,0,1797649
hdeAp2,0.07692307692307693,12,12,TAATAAAGGGCACTATTAAC,0,1772904
hdeAp2,0.07692307692307693,12,12,TAAGGTTTGCAGGCGATATA,0,1798458
hdeAp2,0.07692307692307693,12,12,TAAGGAGTAACCTAGCCTAG,0,1781960
hdeAp2,0.07692307692307693,12,12,TAAGATTCGTTATCATCGCG,0,1774640
hdeAp2,0.07692307692307693,12,12,TAAGATAGGGCCATGGTGAA,0,1818903
hdeAp2,0.07692307692307693,12,12,TAACGCGCAGTACGGCTGTG,0,1828506
hdeAp2,0.07692307692307693,12,12,TAACCTCATTGAAATAGGTT,0,1815413
hdeAp2,0.07692307692307693,12,12,TAAATGTGTGCTTCTAGCGC,0,1806010
hdeAp2,0.07692307692307693,12,12,TAAAGCTCGGGTAATTCTTA,0,1776558
hdeAp2,0.07692307692307693,12,12,TAAACCCGGAGCGATCAGTA,0,1771641
hdeAp2,0.07692307692307693,12,12,GTTTTACGTCAGGGGCCAAG,0,1808238
hdeAp2,0.07692307692307693,12,12,GTTTCTCAGTAGGTGACGGA,0,1780295
hdeAp2,0.07692307692307693,12,12,GTTTAGCCAGTACCCAGACG,0,1785613
hdeAp2,0.07692307692307693,12,12,GTTGTGTCGATAATTCCTAT,0,1780700
hdeAp2,0.07692307692307693,12,12,GTTGATGGCGAGGCGACTAT,0,1805164
hdeAp2,0.07692307692307693,12,12,GTTCGGTTGCGTATGCGTGC,0,1776704
hdeAp2,0.07692307692307693,12,12,GTTCGGTATAGGTATTCCTT,0,1826894
hdeAp2,0.07692307692307693,12,12,GTTCCTATGGTCAGGATAGA,0,1806396
hdeAp2,0.07692307692307693,12,12,GTTACTGGCATTCAGAATCT,0,1774159
hdeAp2,0.07692307692307693,12,12,GTGTTGCCCGGTCTCTCAGA,0,1783238
hdeAp2,0.07692307692307693,12,12,GTGTCAAGGAAGGGGGTAGG,0,1772189
hdeAp2,0.07692307692307693,12,12,GTGGTAGTGCTATTCTAACG,0,1787137
hdeAp2,0.07692307692307693,12,12,GTGGAATTTCGCCGATAGGG,0,1811322
hdeAp2,0.07692307692307693,12,12,GTGCATACACTGTTAGTCAT,0,1814237
hdeAp2,0.07692307692307693,12,12,GTGACCGTTTTAACCTCTTT,0,1787721
hdeAp2,0.07692307692307693,12,12,GTGAAACAGAGGATAGTGTC,0,1810881
hdeAp2,0.07692307692307693,12,12,GTCTCCTCCGCTATTCTGTA,0,1823738
hdeAp2,0.07692307692307693,12,12,GTCTCAGCTGAGGCCTTTCA,0,1813042
hdeAp2,0.07692307692307693,12,12,GTCGAGGTATGCGAGTACTT,0,1802975
hdeAp2,0.07692307692307693,12,12,GTCCTCTTGTCTAGATTCCT,0,1793115
hdeAp2,0.07692307692307693,12,12,GTAGGAGGCGAGCGGTGAAT,0,1807255
hdeAp2,0.07692307692307693,12,12,GTAAGTATTTCTTTTCGGGT,0,1799278
hdeAp2,0.07692307692307693,12,12,GTAAGCTTCGGGTCATTGGA,0,1778708
hdeAp2,0.07692307692307693,12,12,GTAAATCACCTGCGGTCTAA,0,1813464
hdeAp2,0.07692307692307693,12,12,GGTTTAAGGCTGGTGAACAA,0,1775894
hdeAp2,0.07692307692307693,12,12,GGTTGTTAACTTACATAAGC,0,1826392
hdeAp2,0.07692307692307693,12,12,GGTTCAGCTACCCAGGTTAA,0,1807013
hdeAp2,0.07692307692307693,12,12,GGTGTACCATTCCTAAACAT,0,1784581
hdeAp2,0.07692307692307693,12,12,GGTGGCCTATGTTATGGGGA,0,1785618
hdeAp2,0.07692307692307693,12,12,GGGTCCTATGTTACAGAGGT,0,1814610
hdeAp2,0.07692307692307693,12,12,GGGGGTCGCATGGGCGCTCA,0,1793665
hdeAp2,0.07692307692307693,12,12,GGGGGGAACGATACGCATCT,0,1808276
hdeAp2,0.07692307692307693,12,12,GGGGGCGTTGTACAATACAA,0,1793611
hdeAp2,0.07692307692307693,12,12,GGGCTTTCTGAGCAGTCAGG,0,1814562
hdeAp2,0.07692307692307693,12,12,GGGCTCGGCCAAGGGGGAAA,0,1814461
hdeAp2,0.07692307692307693,12,12,GGGCGAAATTTGTGGGTTGT,0,1781106
hdeAp2,0.07692307692307693,12,12,GGGACTAATAGAACTCTCGC,0,1773799
hdeAp2,0.07692307692307693,12,12,GGGACGAAGCCCACTCCTCT,0,1800810
hdeAp2,0.07692307692307693,12,12,GGGACCCCTTAGCTCGCACA,0,1798500
hdeAp2,0.07692307692307693,12,12,GGGAAGTAAACTACTCAGGA,0,1787719
hdeAp2,0.07692307692307693,12,12,GGGAACTGCCGATTTATCCA,0,1771624
hdeAp2,0.07692307692307693,12,12,GGGAAATGGGTGGGACAATG,0,1785736
hdeAp2,0.07692307692307693,12,12,GGCTTCTTGGCTGAGGAGTG,0,1799340
hdeAp2,0.07692307692307693,12,12,GGCTGCGGAACGCTTTACTT,0,1787877
hdeAp2,0.07692307692307693,12,12,GGCTGATGACGATCAATCGT,0,1814634
hdeAp2,0.07692307692307693,12,12,GGCTGAGGTAGATGGGGCTC,0,1772151
hdeAp2,0.07692307692307693,12,12,GGCATGTGGGAGCCGTCCAG,0,1820662
hdeAp2,0.07692307692307693,12,12,GGATAATGGGGCCGGGTCCA,0,1772488
hdeAp2,0.07692307692307693,12,12,GGAGGCCACGTGTCGTTGGT,0,1812130
hdeAp2,0.07692307692307693,12,12,GGAGAAACAGATTGTTCATA,0,1805779
hdeAp2,0.07692307692307693,12,12,GGACTGACAGTCCGGTCGTG,0,1783685
hdeAp2,0.07692307692307693,12,12,GGACAGCCTGTATTCTGGTG,0,1797607
hdeAp2,0.07692307692307693,12,12,GGAATCGGTGGATGTCAGAG,0,1806042
hdeAp2,0.07692307692307693,12,12,GCTGTGGCAGCCGGTTCGGA,0,1796764
hdeAp2,0.07692307692307693,12,12,GCTGGGCCTAACGCTGGTGA,0,1797600
hdeAp2,0.07692307692307693,12,12,GCTAAATGTAAGGTAATTGT,0,1827308
hdeAp2,0.07692307692307693,12,12,GCTAAAGTCGAAAAGTCGTA,0,1792163
hdeAp2,0.07692307692307693,12,12,GCGTCGTGTGACAAGAAGAA,0,1781524
hdeAp2,0.07692307692307693,12,12,GCGGGTTTGGCTAGTTACGC,0,1807972
hdeAp2,0.07692307692307693,12,12,GCGGGTCTTCAGGTCAGGAG,0,1812874
hdeAp2,0.07692307692307693,12,12,GCGGGCGGCCGGCTCCTTGG,0,1797442
hdeAp2,0.07692307692307693,12,12,GCGGACACCTAAGTTACCTC,0,1793213
hdeAp2,0.07692307692307693,12,12,GCGCATTGATGCAGCCGACT,0,1799117
hdeAp2,0.07692307692307693,12,12,GCGCAAGTCACACCTCTGCG,0,1790798
hdeAp2,0.07692307692307693,12,12,GCCTCACTGGTCGATCACGA,0,1771622
hdeAp2,0.07692307692307693,12,12,GCCTACGGAAACACTTGTTT,0,1778538
hdeAp2,0.07692307692307693,12,12,GCCCGTGAGATCCGTGATCT,0,1797828
hdeAp2,0.07692307692307693,12,12,GCCCGGGGACGTGGAATCGT,0,1810089
hdeAp2,0.07692307692307693,12,12,GCCCACCGCGCACGGGCATA,0,1817233
hdeAp2,0.07692307692307693,12,12,GCCAGTCCAAGAGAGACCCT,0,1772624
hdeAp2,0.07692307692307693,12,12,GCATACCGGGACACGGAGAA,0,1809152
hdeAp2,0.07692307692307693,12,12,GCAGTGCAAAAGACAAGGCA,0,1821136
hdeAp2,0.07692307692307693,12,12,GCAGCTCCTGTCCAAACTGG,0,1798678
hdeAp2,0.07692307692307693,12,12,GCAATATACGGCCTTAATTC,0,1781518
hdeAp2,0.07692307692307693,12,12,GCAATAGCTGTGGTAAGTTC,0,1809818
hdeAp2,0.07692307692307693,12,12,GCAAAGATTTCTACCCTCCC,0,1782452
hdeAp2,0.07692307692307693,12,12,GATGTGTCAGGCCTAGGAAA,0,1808265
hdeAp2,0.07692307692307693,12,12,GATGGTGCACGGAGGTCCGT,0,1799745
hdeAp2,0.07692307692307693,12,12,GATCCAGGATGTGAAGGGAA,0,1787544
hdeAp2,0.07692307692307693,12,12,GATAAGCAACTTATTCGATT,0,1815683
hdeAp2,0.07692307692307693,12,12,GATAAAAAGAGCCGCAACTT,0,1785797
hdeAp2,0.07692307692307693,12,12,GAGTGGCTGATAGACTACTT,0,1821689
hdeAp2,0.07692307692307693,12,12,GAGTGCGTACAGACAACGCT,0,1772403
hdeAp2,0.07692307692307693,12,12,GAGTGCGCTTACCCGGACAA,0,1780683
hdeAp2,0.07692307692307693,12,12,GAGTACGACTACTTAATCTC,0,1804555
hdeAp2,0.07692307692307693,12,12,GAGGTGTACATAGCGGTAGT,0,1820381
hdeAp2,0.07692307692307693,12,12,GAGGAGTCCTAATATGTGCT,0,1785391
hdeAp2,0.07692307692307693,12,12,GAGCTGTTTCGGACACACCT,0,1780463
hdeAp2,0.07692307692307693,12,12,GAGCCTAATAAAGAATATTG,0,1821746
hdeAp2,0.07692307692307693,12,12,GAGCAGCCCCGGCTGGTCGG,0,1778163
hdeAp2,0.07692307692307693,12,12,GAGCAACCCTTGGTAAGAGA,0,1810385
hdeAp2,0.07692307692307693,12,12,GACTCCCTGAGAGTCGATAA,0,1802726
hdeAp2,0.07692307692307693,12,12,GACGTTGTGGGAGTGTACCT,0,1797529
hdeAp2,0.07692307692307693,12,12,GACCTGGTGTGAGACACTAG,0,1817306
hdeAp2,0.07692307692307693,12,12,GACAGCGTGATGGCGCGCTG,0,1775348
hdeAp2,0.07692307692307693,12,12,GACAACTAATCGCTTCTGGT,0,1785140
hdeAp2,0.07692307692307693,12,12,GAATCCGCGTCTAACAACGC,0,1778496
hdeAp2,0.07692307692307693,12,12,GAAGCATATTACAGCTATGG,0,1798393
hdeAp2,0.07692307692307693,12,12,GAACCATATTATTGATCTGA,0,1781414
hdeAp2,0.07692307692307693,12,12,GAAAGGATGTGAGTATGATC,0,1787078
hdeAp2,0.07692307692307693,12,12,GAAACAGTGAAATGGTGACT,0,1818389
hdeAp2,0.07692307692307693,12,12,GAAAAGATCGGAGGCTGCGA,0,1789295
hdeAp2,0.07692307692307693,12,12,CTTTCGACGTTGGCCGAGGT,0,1787018
hdeAp2,0.07692307692307693,12,12,CTTTCCAAAGTGTGATAGCT,0,1825919
hdeAp2,0.07692307692307693,12,12,CTTTAACATTAGTCAAAGTA,0,1786392
hdeAp2,0.07692307692307693,12,12,CTTGTAATAGCCGTCATGGT,0,1805259
hdeAp2,0.07692307692307693,12,12,CTTGGTTTTTCGGTACTTAC,0,1777859
hdeAp2,0.07692307692307693,12,12,CTTGGCGCGATTGTTTTTGC,0,1777419
hdeAp2,0.07692307692307693,12,12,CTTGCGGTGCCTGTCCCTGG,0,1782956
hdeAp2,0.07692307692307693,12,12,CTTGCAATCGTAGGGAGCAA,0,1815798
hdeAp2,0.07692307692307693,12,12,CTTCTTAGCACAACCGGGGG,0,1795608
hdeAp2,0.07692307692307693,12,12,CTTCTACGTCCTCAGCTATG,0,1821524
hdeAp2,0.07692307692307693,12,12,CTTCGGTGTAGGTCCCCCAG,0,1779689
hdeAp2,0.07692307692307693,12,12,CTTCAGATCCTAGTGTTAAA,0,1772829
hdeAp2,0.07692307692307693,12,12,CTTATTCCCACGCGTTAAAC,0,1777183
hdeAp2,0.07692307692307693,12,12,CTTAGCTGGATCCAATAGCT,0,1796121
hdeAp2,0.07692307692307693,12,12,CTTAATATACACTCATGAAT,0,1792411
hdeAp2,0.07692307692307693,12,12,CTGTCGCAAGTGGATTGTGA,0,1815804
hdeAp2,0.07692307692307693,12,12,CTGTCCAGACCTATTGATGA,0,1827043
hdeAp2,0.07692307692307693,12,12,CTGTACTAGAACGTAATGGA,0,1792662
hdeAp2,0.07692307692307693,12,12,CTGGTGGACCGCGGGGTGTA,0,1773504
hdeAp2,0.07692307692307693,12,12,CTGGACCCCCTTGTGATTCG,0,1799049
hdeAp2,0.07692307692307693,12,12,CTGAATCTGACATGCAGTTG,0,1794143
hdeAp2,0.07692307692307693,12,12,CTCGCGATGATCACGGTAAG,0,1826099
hdeAp2,0.07692307692307693,12,12,CTCGCAAGGACCCTCGGCCA,0,1809435
hdeAp2,0.07692307692307693,12,12,CTCGATCTAGACGCCCCCTT,0,1797735
hdeAp2,0.07692307692307693,12,12,CTCGACTGTGGCACGCGCCG,0,1771702
hdeAp2,0.07692307692307693,12,12,CTCGAAGTGGGTCTCCGTAT,0,1809044
hdeAp2,0.07692307692307693,12,12,CTCATGCCCGAGATGGGGAA,0,1813757
hdeAp2,0.07692307692307693,12,12,CTATGTATCGATATGAGCGT,0,1796334
hdeAp2,0.07692307692307693,12,12,CTATCCAGGTGAGTACATAG,0,1784751
hdeAp2,0.07692307692307693,12,12,CTAGTAGTGGAGATAATCGG,0,1778097
hdeAp2,0.07692307692307693,12,12,CTAGGACTAATGAAGCGGTA,0,1814204
hdeAp2,0.07692307692307693,12,12,CTACTATTGGATTTACTTTG,0,1773431
hdeAp2,0.07692307692307693,12,12,CTACGGCGCGCAGGTCACCC,0,1823010
hdeAp2,0.07692307692307693,12,12,CTACAGAAAGGGGGGCATTG,0,1801549
hdeAp2,0.07692307692307693,12,12,CTAAGGGTGTTAATCCCGCT,0,1814411
hdeAp2,0.07692307692307693,12,12,CGTTCACCAATCTTGTCGTT,0,1784470
hdeAp2,0.07692307692307693,12,12,CGTGTTCTCTTAACCTCGTC,0,1787015
hdeAp2,0.07692307692307693,12,12,CGTGCCACCTACCATTTTAC,0,1812036
hdeAp2,0.07692307692307693,12,12,CGTCTGTATGCGCACCGAGA,0,1814012
hdeAp2,0.07692307692307693,12,12,CGTCACTCCCTGTTTATTAT,0,1788000
hdeAp2,0.07692307692307693,12,12,CGTACATTTATCCAATTCTT,0,1795674
hdeAp2,0.07692307692307693,12,12,CGTAAGAGAGCGTAAAGCGC,0,1792052
hdeAp2,0.07692307692307693,12,12,CGTAAAGGTGCCGAAAAGCG,0,1787528
hdeAp2,0.07692307692307693,12,12,CGGTGCCTTCCAAGGGTAAT,0,1801688
hdeAp2,0.07692307692307693,12,12,CGGTCAGTACCTTATGAAGA,0,1771262
hdeAp2,0.07692307692307693,12,12,CGGTAAACTCCAAACGATCA,0,1824507
hdeAp2,0.07692307692307693,12,12,CGGGTACCTATTGGAGTCAG,0,1818241
hdeAp2,0.07692307692307693,12,12,CGGGGCTGCGGCCTGTTCAT,0,1775015
hdeAp2,0.07692307692307693,12,12,CGGGATGCCTCAGGGACATG,0,1803133
hdeAp2,0.07692307692307693,12,12,CGGGAGTGGGCACTTGGACT,0,1811740
hdeAp2,0.07692307692307693,12,12,CGGCGTCAGATGTGGTGCGT,0,1781018
hdeAp2,0.07692307692307693,12,12,CGGCCAACCGCCGCTAGTAA,0,1815364
hdeAp2,0.07692307692307693,12,12,CGGCAAGCAGATGGTCTAAG,0,1817974
hdeAp2,0.07692307692307693,12,12,CGGAGTCGCATCAGCATATG,0,1827508
hdeAp2,0.07692307692307693,12,12,CGGAATTGGCGCATGCTTAT,0,1797001
hdeAp2,0.07692307692307693,12,12,CGCGCCATAGTGTGAAGGAC,0,1777663
hdeAp2,0.07692307692307693,12,12,CGCCTAGGCGATAATTTCGA,0,1777523
hdeAp2,0.07692307692307693,12,12,CGCCTAGCGCTCGGCGCCAA,0,1823356
hdeAp2,0.07692307692307693,12,12,CGCCCGCTTAGCTGCCGGGG,0,1807244
hdeAp2,0.07692307692307693,12,12,CGCCCCGCACGATATGCCTT,0,1806989
hdeAp2,0.07692307692307693,12,12,CGCCATGTAATGCTGCATGT,0,1779009
hdeAp2,0.07692307692307693,12,12,CGCAGTTCCAACGTTTTTCC,0,1819446
hdeAp2,0.07692307692307693,12,12,CGCAGTAGAAAGTGGCCGCA,0,1827116
hdeAp2,0.07692307692307693,12,12,CGCACCTCTAGTTGGAAGAT,0,1771816
hdeAp2,0.07692307692307693,12,12,CGATTCAGTATTGACATGCG,0,1805717
hdeAp2,0.07692307692307693,12,12,CGAGGCCTCAAACCCAGGTG,0,1777481
hdeAp2,0.07692307692307693,12,12,CGACAAACAAATAGATTTAA,0,1828314
hdeAp2,0.07692307692307693,12,12,CCTTAAAGCAGACGGTTAAA,0,1820653
hdeAp2,0.07692307692307693,12,12,CCTGGTATGACTAGCGAAGA,0,1779963
hdeAp2,0.07692307692307693,12,12,CCTCGCTTTCCCGCGCCTCG,0,1779326
hdeAp2,0.07692307692307693,12,12,CCTCCTTGCGTTGCGGCCTC,0,1788245
hdeAp2,0.07692307692307693,12,12,CCTCAAAGCCTCTTGAGTTG,0,1795422
hdeAp2,0.07692307692307693,12,12,CCTATATGTGGAATCCCCAA,0,1771835
hdeAp2,0.07692307692307693,12,12,CCGTTGAGGCCTCCGGTGTC,0,1774634
hdeAp2,0.07692307692307693,12,12,CCGTTACACCTCTCGTTAGA,0,1780248
hdeAp2,0.07692307692307693,12,12,CCGTGTCTTGCCCGCTATCG,0,1820149
hdeAp2,0.07692307692307693,12,12,CCGTGACGTTAGTTACACTA,0,1781276
hdeAp2,0.07692307692307693,12,12,CCGTCATGGGCAACCGTACA,0,1796808
hdeAp2,0.07692307692307693,12,12,CCGTACAACGAGATACTCGA,0,1772545
hdeAp2,0.07692307692307693,12,12,CCGGACGCACAATCATATCA,0,1774617
hdeAp2,0.07692307692307693,12,12,CCGATGCCGGATCACCCGGC,0,1799770
hdeAp2,0.07692307692307693,12,12,CCGAACAGGAGACTGTGGAC,0,1806852
hdeAp2,0.07692307692307693,12,12,CCCTAAATCTGCAAGCTTGA,0,1778669
hdeAp2,0.07692307692307693,12,12,CCCGCCGCTCTTTAAAACAA,0,1795008
hdeAp2,0.07692307692307693,12,12,CCCGCATGCTTGTCCAATGA,0,1791453
hdeAp2,0.07692307692307693,12,12,CCCCTGGTTGGAGTGAAAGC,0,1778144
hdeAp2,0.07692307692307693,12,12,CCCCGTAATCCGGCTGTAAT,0,1816613
hdeAp2,0.07692307692307693,12,12,CCCATGTTCTTGTCCCCGGA,0,1821925
hdeAp2,0.07692307692307693,12,12,CCCATATCAATTAAGACGAT,0,1818708
hdeAp2,0.07692307692307693,12,12,CCCATAGGGTCTCTTAGTTG,0,1804507
hdeAp2,0.07692307692307693,12,12,CCCAGACTGTGAAGGCACAT,0,1820169
hdeAp2,0.07692307692307693,12,12,CCCAACGACCCGCATAGCTA,0,1820956
hdeAp2,0.07692307692307693,12,12,CCATGTCCTTACTCTCCTGC,0,1819220
hdeAp2,0.07692307692307693,12,12,CCATCCGTTGATGGGCATTC,0,1794070
hdeAp2,0.07692307692307693,12,12,CCATCCGACGCACTAATGCA,0,1805706
hdeAp2,0.07692307692307693,12,12,CCATAGTGTAGAGGTAGTAC,0,1802765
hdeAp2,0.07692307692307693,12,12,CCAGCCGCGGTAGATCTAGT,0,1805783
hdeAp2,0.07692307692307693,12,12,CCACCCGCATTGTTCAGCAT,0,1790513
hdeAp2,0.07692307692307693,12,12,CCAATGAATTTAACTACAGC,0,1807075
hdeAp2,0.07692307692307693,12,12,CCAACTCTTAGAGTCCAGTT,0,1787658
hdeAp2,0.07692307692307693,12,12,CATTGGACGGGGAGCATCCG,0,1811498
hdeAp2,0.07692307692307693,12,12,CATGTCCGGTTCAAGGCACG,0,1800318
hdeAp2,0.07692307692307693,12,12,CATGAGCAGGATACTACCGT,0,1789230
hdeAp2,0.07692307692307693,12,12,CATGACGGACTCGGGGCGGT,0,1779498
hdeAp2,0.07692307692307693,12,12,CATCCTTAGGGGTGCAAGTT,0,1782760
hdeAp2,0.07692307692307693,12,12,CAGTAGTGGTCCTCAGCTCT,0,1775628
hdeAp2,0.07692307692307693,12,12,CAGGTACAGCGTCCCACCCT,0,1809734
hdeAp2,0.07692307692307693,12,12,CAGATTTCGCTTCGTGCAAG,0,1827153
hdeAp2,0.07692307692307693,12,12,CACTAAAAGAAACAGCGCCA,0,1799357
hdeAp2,0.07692307692307693,12,12,CACGTCGGGCTACGGTTTCT,0,1814880
hdeAp2,0.07692307692307693,12,12,CACCTCTATCGCTCACGAGC,0,1793521
hdeAp2,0.07692307692307693,12,12,CACCCTAGATGAAACGTAAA,0,1823603
hdeAp2,0.07692307692307693,12,12,CACAGTCTCCGGCGATTTAG,0,1784250
hdeAp2,0.07692307692307693,12,12,CACACAATCACGGCCCTGAT,0,1817071
hdeAp2,0.07692307692307693,12,12,CAATGAGGCGGGCCCAGTTA,0,1824676
hdeAp2,0.07692307692307693,12,12,CAAGTCTCCCCACGTCGGCA,0,1779785
hdeAp2,0.07692307692307693,12,12,CAAGGGTTGGAACTTGGTGC,0,1797471
hdeAp2,0.07692307692307693,12,12,CAAGCACTGGTGGATATTGT,0,1823906
hdeAp2,0.07692307692307693,12,12,CAAGATCAACTTCTGTAATG,0,1787212
hdeAp2,0.07692307692307693,12,12,CAAATTTCCACCGTTGCATG,0,1775845
hdeAp2,0.07692307692307693,12,12,ATTTAAAGGTATTAAGCTTC,0,1821184
hdeAp2,0.07692307692307693,12,12,ATTGTGTTGACATGGCTATC,0,1772955
hdeAp2,0.07692307692307693,12,12,ATTCTAGGTGGTAACTTCGG,0,1787872
hdeAp2,0.07692307692307693,12,12,ATTAGTCGCCCGAAGCAAGG,0,1795391
hdeAp2,0.07692307692307693,12,12,ATGGTTTTTAAAGAAGTCTA,0,1779439
hdeAp2,0.07692307692307693,12,12,ATGGGGGTGCCTCTGATCAG,0,1783995
hdeAp2,0.07692307692307693,12,12,ATGGCTCGCATATTCCGGTG,0,1779397
hdeAp2,0.07692307692307693,12,12,ATGGAGAGCTCTACACCTAT,0,1800113
hdeAp2,0.07692307692307693,12,12,ATGGACCGCGGTTCATTGAC,0,1791591
hdeAp2,0.07692307692307693,12,12,ATGCTTGAATCGGCTAGCCT,0,1774296
hdeAp2,0.07692307692307693,12,12,ATGCAGTGTATAGGAGGCAA,0,1797673
hdeAp2,0.07692307692307693,12,12,ATGACTGCACGCAATTGCAT,0,1782234
hdeAp2,0.07692307692307693,12,12,ATCGATAATACCTGCGTGTA,0,1774049
hdeAp2,0.07692307692307693,12,12,ATCCTTTCTAAGTTAGGATC,0,1792161
hdeAp2,0.07692307692307693,12,12,ATCCTTCACGCGGAACATTA,0,1809099
hdeAp2,0.07692307692307693,12,12,ATCACCGTGTCCGCTGGCGC,0,1784273
hdeAp2,0.07692307692307693,12,12,ATATGTGGTGTGCCCATGGA,0,1772477
hdeAp2,0.07692307692307693,12,12,ATAGTGGGTACCCACCTGGT,0,1787320
hdeAp2,0.07692307692307693,12,12,ATAGTAGTCACAGAAAAGAC,0,1802998
hdeAp2,0.07692307692307693,12,12,ATAGAGTGTCGAACGGGTCC,0,1785540
hdeAp2,0.07692307692307693,12,12,AGTGTTGGAAATGCCGCGAC,0,1784779
hdeAp2,0.07692307692307693,12,12,AGTGTCAGACAAGCGTAGCA,0,1823843
hdeAp2,0.07692307692307693,12,12,AGTCTTGCATGTACGGCTGT,0,1814373
hdeAp2,0.07692307692307693,12,12,AGTCGCTGCCATCAGAGATG,0,1792395
hdeAp2,0.07692307692307693,12,12,AGTACTTGAGTTGACCGAAG,0,1795998
hdeAp2,0.07692307692307693,12,12,AGTACCATTCGAAGACAAAC,0,1807633
hdeAp2,0.07692307692307693,12,12,AGTAAAAAGGTTCCTGCTTC,0,1822374
hdeAp2,0.07692307692307693,12,12,AGGTATAAATTGCGGGGATG,0,1786819
hdeAp2,0.07692307692307693,12,12,AGGTACGTGTAAAAGCCTGA,0,1793906
hdeAp2,0.07692307692307693,12,12,AGGTACCGGTGGTCTTATAG,0,1814816
hdeAp2,0.07692307692307693,12,12,AGGGGCGCGGTTCTTGAAAC,0,1779959
hdeAp2,0.07692307692307693,12,12,AGGGAAGGTGCTGTTTGGAA,0,1785572
hdeAp2,0.07692307692307693,12,12,AGCCCGTGAAGTAGTGCTGA,0,1803623
hdeAp2,0.07692307692307693,12,12,AGCCCGGCAACAGCACCGTC,0,1811163
hdeAp2,0.07692307692307693,12,12,AGCCCCTAGCCCATAGATGT,0,1802163
hdeAp2,0.07692307692307693,12,12,AGCAGCTACTTACACTGTTA,0,1790525
hdeAp2,0.07692307692307693,12,12,AGATAGCGCTGGCGTTTGTC,0,1806095
hdeAp2,0.07692307692307693,12,12,AGATACTCGCAAGGAGACAA,0,1795209
hdeAp2,0.07692307692307693,12,12,AGACTGGCGCCTGTACATTT,0,1778225
hdeAp2,0.07692307692307693,12,12,AGAATGCGCGATATCTCACC,0,1809879
hdeAp2,0.07692307692307693,12,12,AGAACACGCTTCCTCTAGGT,0,1818257
hdeAp2,0.07692307692307693,12,12,AGAACAAGCCCCCCCTGCGG,0,1820946
hdeAp2,0.07692307692307693,12,12,ACTTGGGCTTTCCGGGCTGT,0,1775945
hdeAp2,0.07692307692307693,12,12,ACTTACGGTGGAGTATAAAC,0,1772738
hdeAp2,0.07692307692307693,12,12,ACTGGCGCATTGTACTTGCA,0,1795999
hdeAp2,0.07692307692307693,12,12,ACTGGCAGTGCAATTCGCTC,0,1776117
hdeAp2,0.07692307692307693,12,12,ACTGATATTACGTCTAGAGA,0,1807186
hdeAp2,0.07692307692307693,12,12,ACTCGTTTCAAAAACGTGTT,0,1789108
hdeAp2,0.07692307692307693,12,12,ACGTCCGTCGGGAAAAACAG,0,1808316
hdeAp2,0.07692307692307693,12,12,ACGTCACCACTGGATGGTAT,0,1772849
hdeAp2,0.07692307692307693,12,12,ACGTAGCTTTTGGTAGTTGC,0,1794018
hdeAp2,0.07692307692307693,12,12,ACGGATTTTATGCAAGAAGT,0,1818349
hdeAp2,0.07692307692307693,12,12,ACGCACTGCACCGTAGACAC,0,1824672
hdeAp2,0.07692307692307693,12,12,ACGCACAAGCTCTCGACCTT,0,1782975
hdeAp2,0.07692307692307693,12,12,ACGCAATGCCAAATCTTTTC,0,1804659
hdeAp2,0.07692307692307693,12,12,ACGAGGTCTGTACGGGGTCT,0,1809175
hdeAp2,0.07692307692307693,12,12,ACGACTATCGTATCATCGAA,0,1780604
hdeAp2,0.07692307692307693,12,12,ACCTCAGAAAACGTAGGAGA,0,1790630
hdeAp2,0.07692307692307693,12,12,ACCGCCGCCAGCACGTGGGG,0,1788716
hdeAp2,0.07692307692307693,12,12,ACCGACGGACCAACCAGAGA,0,1785451
hdeAp2,0.07692307692307693,12,12,ACCCGCAAATGCAGATACAT,0,1782487
hdeAp2,0.07692307692307693,12,12,ACCCCCCGAAACTTGCGCAG,0,1783092
hdeAp2,0.07692307692307693,12,12,ACCCAGGATATACGTAGAGT,0,1777160
hdeAp2,0.07692307692307693,12,12,ACCAGAGATATCAGCATCCG,0,1782335
hdeAp2,0.07692307692307693,12,12,ACCACTTCCGCGGAACAACT,0,1798758
hdeAp2,0.07692307692307693,12,12,ACCAAGGCCTTTGGCCGTCA,0,1824527
hdeAp2,0.07692307692307693,12,12,ACAGGTCATTCGACGTAGCA,0,1774615
hdeAp2,0.07692307692307693,12,12,ACAGGGGTTTGCTATGCAAT,0,1785741
hdeAp2,0.07692307692307693,12,12,ACAGCGTACACCGTCCCGTG,0,1781388
hdeAp2,0.07692307692307693,12,12,ACAACCTAGAATATCTGGAA,0,1814896
hdeAp2,0.07692307692307693,12,12,ACAACCCACGCGCAGACGAA,0,1809358
hdeAp2,0.07692307692307693,12,12,AATTCTCTGTTATGCAACAG,0,1827977
hdeAp2,0.07692307692307693,12,12,AATGGCCGAATGCCTTAGCC,0,1814212
hdeAp2,0.07692307692307693,12,12,AATAGCCTAGATTTCTACAG,0,1809581
hdeAp2,0.07692307692307693,12,12,AATAACCCTACCTACACTTT,0,1790632
hdeAp2,0.07692307692307693,12,12,AAGTTGTCGCGCAAGGCAGA,0,1820489
hdeAp2,0.07692307692307693,12,12,AAGTGTCGTAATCGTTGCTA,0,1779037
hdeAp2,0.07692307692307693,12,12,AAGTACACAATTAAAGCGAA,0,1797705
hdeAp2,0.07692307692307693,12,12,AAGGCCACTCGACGGCTGAC,0,1811093
hdeAp2,0.07692307692307693,12,12,AAGCTTCTCATGAAATTATC,0,1814232
hdeAp2,0.07692307692307693,12,12,AAGCGGAGAACACGGAATCG,0,1786906
hdeAp2,0.07692307692307693,12,12,AAGCGCTGTTCCCGACATCC,0,1813382
hdeAp2,0.07692307692307693,12,12,AAGCGCGCGCTCCGTTTGAG,0,1822779
hdeAp2,0.07692307692307693,12,12,AAGCCCGGCGAAGACCGGTC,0,1780173
hdeAp2,0.07692307692307693,12,12,AAGATGCTCCTAGTATCGTC,0,1824194
hdeAp2,0.07692307692307693,12,12,AACTTGTTGAAGCCGAGTCT,0,1813211
hdeAp2,0.07692307692307693,12,12,AACGACACTTTCCCATACCC,0,1803803
hdeAp2,0.07692307692307693,12,12,AACCACAGCGCTTGGGCAGG,0,1784613
hdeAp2,0.07692307692307693,12,12,AAATGGCCGACAAGTGCAGT,0,1787618
hdeAp2,0.07692307692307693,12,12,AAACCGTGCGCTTCTCGGTC,0,1817827
hdeAp2,0.07692307692307693,12,12,AAACCGCCGTCGGCAAGGCA,0,1821555
hdeAp2,0.08333333333333333,11,11,TTTGTCTCCTGAATGAATAT,0,1826731
hdeAp2,0.08333333333333333,11,11,TTTGGCGCGAGATGCTACCG,0,1807411
hdeAp2,0.08333333333333333,11,11,TTGTTAGATAATTAAGGTGA,0,1772746
hdeAp2,0.08333333333333333,11,11,TTGTATGTTTTACTACTTCG,0,1776849
hdeAp2,0.08333333333333333,11,11,TTGTATGTGAACGGAAGGTG,0,1782888
hdeAp2,0.08333333333333333,11,11,TTGTATAGATGTCTGAAATT,0,1798132
hdeAp2,0.08333333333333333,11,11,TTGTAAGTGCCACATGCGAT,0,1820450
hdeAp2,0.08333333333333333,11,11,TTGGCGTGATAAGAAAACTT,0,1816854
hdeAp2,0.08333333333333333,11,11,TTGGATTCATCGAGGCAATT,0,1783509
hdeAp2,0.08333333333333333,11,11,TTGCCAACGTTACCTAAGGG,0,1797772
hdeAp2,0.08333333333333333,11,11,TTGACGGGCGGTAATAGCCA,0,1808826
hdeAp2,0.08333333333333333,11,11,TTGAACCCGTGTTGGTCGGG,0,1798601
hdeAp2,0.08333333333333333,11,11,TTCTTCCTGTGCCGGGGTAC,0,1805885
hdeAp2,0.08333333333333333,11,11,TTCTGGACGAGTAGCTTGAG,0,1816350
hdeAp2,0.08333333333333333,11,11,TTCTAGTGTGGCCTAGGTAA,0,1797112
hdeAp2,0.08333333333333333,11,11,TTCGCTTCTAGAACAGTCTT,0,1792466
hdeAp2,0.08333333333333333,11,11,TTCGCGGAGGTGGAATCCGG,0,1797725
hdeAp2,0.08333333333333333,11,11,TTCGAGAGCTAGCACCGCCT,0,1779113
hdeAp2,0.08333333333333333,11,11,TTCGAGACCTGGTGCACGTT,0,1798253
hdeAp2,0.08333333333333333,11,11,TTCCTTACGAATGGGTGGCT,0,1785040
hdeAp2,0.08333333333333333,11,11,TTCCGGAGGTCGGTAGATGA,0,1792911
hdeAp2,0.08333333333333333,11,11,TTCAGTAAAAGGTAAGCTCA,0,1812200
hdeAp2,0.08333333333333333,11,11,TTCACCAGGATTACTGCTGG,0,1797723
hdeAp2,0.08333333333333333,11,11,TTCAACCCTGAACAGGCGGC,0,1817418
hdeAp2,0.08333333333333333,11,11,TTATCTGGGTTTGACAACGA,0,1811727
hdeAp2,0.08333333333333333,11,11,TTATCAGCTTCGATCGCTCC,0,1806278
hdeAp2,0.08333333333333333,11,11,TTAGGGTTACGGGTTAGTGC,0,1797387
hdeAp2,0.08333333333333333,11,11,TTAGGACGCCGTCTGTGCTG,0,1789229
hdeAp2,0.08333333333333333,11,11,TTAGAGCAGGAGTAAACGGG,0,1813635
hdeAp2,0.08333333333333333,11,11,TTACCCAAAAGGACAAGAGA,0,1803910
hdeAp2,0.08333333333333333,11,11,TTACAGGTTTTAACACGTAT,0,1801301
hdeAp2,0.08333333333333333,11,11,TTACAGCATCTAGTATACAC,0,1772039
hdeAp2,0.08333333333333333,11,11,TTAATCCAACCGCACTCCCA,0,1781727
hdeAp2,0.08333333333333333,11,11,TTAAATCGGGGTATTCATTG,0,1816472
hdeAp2,0.08333333333333333,11,11,TTAAACGGCTGTCAGAGGTC,0,1805534
hdeAp2,0.08333333333333333,11,11,TGTTTTATACTTACCCGAGA,0,1778682
hdeAp2,0.08333333333333333,11,11,TGTGTTAGCTACACTTCCCC,0,1785473
hdeAp2,0.08333333333333333,11,11,TGTACCAGTTCCTGTACAAG,0,1782077
hdeAp2,0.08333333333333333,11,11,TGTACCAAAGATTACTGAAC,0,1792661
hdeAp2,0.08333333333333333,11,11,TGTAATGTCCACGGAGCCCA,0,1795732
hdeAp2,0.08333333333333333,11,11,TGGTTTAGAAGAATCACACT,0,1777867
hdeAp2,0.08333333333333333,11,11,TGGTCGGACCAGGAAGAGCA,0,1798186
hdeAp2,0.08333333333333333,11,11,TGGTCCAGATACTTTAGGAA,0,1804030
hdeAp2,0.08333333333333333,11,11,TGGTAGATTATAAAGTACCC,0,1825241
hdeAp2,0.08333333333333333,11,11,TGGGGACACAGCATGCCTCG,0,1797403
hdeAp2,0.08333333333333333,11,11,TGGGCTCTGTATGGACGCCA,0,1776689
hdeAp2,0.08333333333333333,11,11,TGGGACACGTATAACACGGT,0,1784952
hdeAp2,0.08333333333333333,11,11,TGGCTGCTTGATAATTGAGG,0,1778689
hdeAp2,0.08333333333333333,11,11,TGGCTATAAAACCGTACATA,0,1819028
hdeAp2,0.08333333333333333,11,11,TGGCGGTGTCCGTGCACAGA,0,1787553
hdeAp2,0.08333333333333333,11,11,TGGATGGAGTGTCCGAGACG,0,1822705
hdeAp2,0.08333333333333333,11,11,TGCTGTGTCGAACCGGCTTA,0,1781054
hdeAp2,0.08333333333333333,11,11,TGCTAGTCCCAGTTGTATAA,0,1782295
hdeAp2,0.08333333333333333,11,11,TGCGTCGCCGAGCTGGGTTG,0,1779741
hdeAp2,0.08333333333333333,11,11,TGCGCGCATATTGTGTACGA,0,1785951
hdeAp2,0.08333333333333333,11,11,TGCCTTATAGCGGTAGCCCA,0,1815870
hdeAp2,0.08333333333333333,11,11,TGCCATGTCGCGGTGTGCCA,0,1786024
hdeAp2,0.08333333333333333,11,11,TGCACTGGAGCAACGGTGTA,0,1785495
hdeAp2,0.08333333333333333,11,11,TGCACCGGGCTGATGCTCAA,0,1799921
hdeAp2,0.08333333333333333,11,11,TGCACCCGGTTCCTGGAATG,0,1822956
hdeAp2,0.08333333333333333,11,11,TGCAAAACCCGGCCCATCTG,0,1791903
hdeAp2,0.08333333333333333,11,11,TGAGGTGCCGGAGCGGCTTA,0,1789706
hdeAp2,0.08333333333333333,11,11,TGAATAGTCTCCGTGGAGTA,0,1825745
hdeAp2,0.08333333333333333,11,11,TGAAACGTAGATAAGTGTAT,0,1825569
hdeAp2,0.08333333333333333,11,11,TCTTTGGAATAGGTGGCATG,0,1824579
hdeAp2,0.08333333333333333,11,11,TCTTGGGGGTAACCTGCGCC,0,1797676
hdeAp2,0.08333333333333333,11,11,TCTGGGTCTGTCAGTCGCTA,0,1799936
hdeAp2,0.08333333333333333,11,11,TCTCGTAGGAGCTAATATCA,0,1790392
hdeAp2,0.08333333333333333,11,11,TCTATCCGGCGAGAAACTAC,0,1788044
hdeAp2,0.08333333333333333,11,11,TCTACAATTACAGACAGTAA,0,1822916
hdeAp2,0.08333333333333333,11,11,TCGTACTGGTCTTTAAGGAT,0,1816004
hdeAp2,0.08333333333333333,11,11,TCGGCCCTTCTGAGTATTCC,0,1824170
hdeAp2,0.08333333333333333,11,11,TCGGAGCGGTGTTAGCGTAA,0,1795950
hdeAp2,0.08333333333333333,11,11,TCGGAAATGTAAAGTGTAGG,0,1785911
hdeAp2,0.08333333333333333,11,11,TCGAAGCTGCATAGCAATGG,0,1785296
hdeAp2,0.08333333333333333,11,11,TCCTAGTAGGAAGATGACGT,0,1808708
hdeAp2,0.08333333333333333,11,11,TCCGATGCGGGTCAGGCCGT,0,1772357
hdeAp2,0.08333333333333333,11,11,TCCCAGGACACATGGTCCGC,0,1790208
hdeAp2,0.08333333333333333,11,11,TCCAGGTCTTAACCCTCGGA,0,1776140
hdeAp2,0.08333333333333333,11,11,TCCACTTCCTAAGGTTAGTA,0,1789547
hdeAp2,0.08333333333333333,11,11,TCCACCGATGTTTAACCTCC,0,1827196
hdeAp2,0.08333333333333333,11,11,TCCACCCTTCAACACACTAA,0,1784829
hdeAp2,0.08333333333333333,11,11,TCATTGTCCTTCTCCCTGCC,0,1774287
hdeAp2,0.08333333333333333,11,11,TCATGGACGGCCTTTCGGTT,0,1822456
hdeAp2,0.08333333333333333,11,11,TCATATGTGTTTAGGAATAC,0,1809607
hdeAp2,0.08333333333333333,11,11,TCACTATTGCAACGCCGCCT,0,1814979
hdeAp2,0.08333333333333333,11,11,TCACCTTGTGTTTGTCATGT,0,1800674
hdeAp2,0.08333333333333333,11,11,TATTCTCTTTCCTACTCTTC,0,1798319
hdeAp2,0.08333333333333333,11,11,TATGCGGTAAGGAAAACACG,0,1803690
hdeAp2,0.08333333333333333,11,11,TATCGCATTGAGGAGTCGCT,0,1825219
hdeAp2,0.08333333333333333,11,11,TATCCTCCTCGTCCCACGAT,0,1777107
hdeAp2,0.08333333333333333,11,11,TATATGTACCAGGTTGAACC,0,1803074
hdeAp2,0.08333333333333333,11,11,TATATCGAGTCTGCATCTAT,0,1821869
hdeAp2,0.08333333333333333,11,11,TATAATGGAATGGGGATGGT,0,1799195
hdeAp2,0.08333333333333333,11,11,TAGGTTGGAAGAGACGGATC,0,1802420
hdeAp2,0.08333333333333333,11,11,TAGGTTCGAGTATGCCCCCA,0,1779190
hdeAp2,0.08333333333333333,11,11,TAGGGACACTGTGTAGGGGA,0,1798385
hdeAp2,0.08333333333333333,11,11,TAGGCTAGATTCGAGTTTAT,0,1773920
hdeAp2,0.08333333333333333,11,11,TAGGAAACTGGAGAGATCTG,0,1803661
hdeAp2,0.08333333333333333,11,11,TAGCCGCGGGTCAAACACTC,0,1814331
hdeAp2,0.08333333333333333,11,11,TAGAGGTTGTAATAAGCGTA,0,1825807
hdeAp2,0.08333333333333333,11,11,TACTGAGGAGTCTTCGCCAT,0,1804394
hdeAp2,0.08333333333333333,11,11,TACTAGAAATGGTGATCTTT,0,1809150
hdeAp2,0.08333333333333333,11,11,TACCGACCCGAGCGAACGCG,0,1779754
hdeAp2,0.08333333333333333,11,11,TACCAGGAATCAACCGGTTC,0,1788329
hdeAp2,0.08333333333333333,11,11,TACAACGGTCCTCTTGGATT,0,1816087
hdeAp2,0.08333333333333333,11,11,TAATGTATTCCCTATAAATC,0,1823926
hdeAp2,0.08333333333333333,11,11,TAATGGCGGTGCAAACCTAA,0,1797869
hdeAp2,0.08333333333333333,11,11,TAAGATATGTTCTGGCTTGC,0,1822851
hdeAp2,0.08333333333333333,11,11,TAAATCAGCGGGTTTTTGTA,0,1775352
hdeAp2,0.08333333333333333,11,11,GTTTTGGCAGTCCCTTGTTG,0,1793019
hdeAp2,0.08333333333333333,11,11,GTTTTCCCCGCATCACTTGC,0,1815498
hdeAp2,0.08333333333333333,11,11,GTTTGACTGCAGATATACGA,0,1779932
hdeAp2,0.08333333333333333,11,11,GTTGCATTGTTTTTATAATA,0,1794017
hdeAp2,0.08333333333333333,11,11,GTTCTGTCCGCCGTGTGTTA,0,1791319
hdeAp2,0.08333333333333333,11,11,GTTAGTAATGCGGTTATAGA,0,1797201
hdeAp2,0.08333333333333333,11,11,GTGTGAATTGCGACTACATG,0,1813596
hdeAp2,0.08333333333333333,11,11,GTGTCACTGTCAGGCCGAGT,0,1787325
hdeAp2,0.08333333333333333,11,11,GTGTAATACGCCCAGGTGAA,0,1815589
hdeAp2,0.08333333333333333,11,11,GTGGGGATCGTGGTACCTAC,0,1794022
hdeAp2,0.08333333333333333,11,11,GTCTACTAGAACAACCGCTA,0,1828760
hdeAp2,0.08333333333333333,11,11,GTCGGATTGGACGATACCAG,0,1793151
hdeAp2,0.08333333333333333,11,11,GTCCTCTGTAACTATCGTCT,0,1781258
hdeAp2,0.08333333333333333,11,11,GTCCTCACGAGTTTCATGCG,0,1780636
hdeAp2,0.08333333333333333,11,11,GTCCCGCATCTTCCCTGCGA,0,1816093
hdeAp2,0.08333333333333333,11,11,GTCCCACGGTAATTTCACAC,0,1803927
hdeAp2,0.08333333333333333,11,11,GTCAGTCCCCATCTCACATC,0,1810198
hdeAp2,0.08333333333333333,11,11,GTCAGGTCTGACGCACGACG,0,1781190
hdeAp2,0.08333333333333333,11,11,GTATCTATACAAGACTCATT,0,1797933
hdeAp2,0.08333333333333333,11,11,GTAGTTTCAGAGTAGATGTA,0,1784918
hdeAp2,0.08333333333333333,11,11,GTAGTCGGGAGGGAGTCCGC,0,1771989
hdeAp2,0.08333333333333333,11,11,GTAGTACCCGGCTGATACTC,0,1826869
hdeAp2,0.08333333333333333,11,11,GTAGAATAGTGGTCGTGCTA,0,1775142
hdeAp2,0.08333333333333333,11,11,GTACTCTATGCCACTGGTGT,0,1800628
hdeAp2,0.08333333333333333,11,11,GTACATAAAGGATCGCTGAA,0,1802189
hdeAp2,0.08333333333333333,11,11,GGTTGCTAGATTTCAGGAAG,0,1804018
hdeAp2,0.08333333333333333,11,11,GGTTCAGGTCTGCGCGGAAA,0,1798766
hdeAp2,0.08333333333333333,11,11,GGTTATAAGCCTGCATGTAC,0,1803795
hdeAp2,0.08333333333333333,11,11,GGTTAGTTCGGGTCCGAAAG,0,1815342
hdeAp2,0.08333333333333333,11,11,GGTGTATGATTATCAAGATC,0,1813832
hdeAp2,0.08333333333333333,11,11,GGTGGGCCGAAAGCACCGTC,0,1789540
hdeAp2,0.08333333333333333,11,11,GGTGGAGGCAGTGCGAAGCT,0,1824040
hdeAp2,0.08333333333333333,11,11,GGTGCGCAGACGGCCATACT,0,1783952
hdeAp2,0.08333333333333333,11,11,GGTGCGCAAGGAATGGGGAT,0,1814636
hdeAp2,0.08333333333333333,11,11,GGTGCATACAGCTGCATATC,0,1778196
hdeAp2,0.08333333333333333,11,11,GGTCACGGAGGGGAGTACAG,0,1816362
hdeAp2,0.08333333333333333,11,11,GGTCACAGTAGGAGTACACG,0,1818272
hdeAp2,0.08333333333333333,11,11,GGTAGACGGGGCTACGTCGC,0,1780802
hdeAp2,0.08333333333333333,11,11,GGGTGGCCGTAGAGGAGGGA,0,1823677
hdeAp2,0.08333333333333333,11,11,GGGTGGACGCGACCCCACAG,0,1775546
hdeAp2,0.08333333333333333,11,11,GGGGGTATTACCGACAACTG,0,1792447
hdeAp2,0.08333333333333333,11,11,GGGGCTTATAACTGTCGTTA,0,1784334
hdeAp2,0.08333333333333333,11,11,GGGGACATATCTAGATTCGG,0,1825062
hdeAp2,0.08333333333333333,11,11,GGGCTATTATAATTCATTGC,0,1812602
hdeAp2,0.08333333333333333,11,11,GGGCTAGTGCAAAGGCGGCA,0,1809941
hdeAp2,0.08333333333333333,11,11,GGGATAACAATCCCCGCAAA,0,1775807
hdeAp2,0.08333333333333333,11,11,GGGACTAGGGCTATATAAAG,0,1785237
hdeAp2,0.08333333333333333,11,11,GGCTTATTTGCCCCGTTATT,0,1788730
hdeAp2,0.08333333333333333,11,11,GGCGTGTTGGCGCATAAAAA,0,1776071
hdeAp2,0.08333333333333333,11,11,GGCGGTTTTCTGGGCCACAT,0,1800786
hdeAp2,0.08333333333333333,11,11,GGCCTCCCAGAATATCCCAT,0,1775081
hdeAp2,0.08333333333333333,11,11,GGATGCTTTTGCCGTTCGAA,0,1787120
hdeAp2,0.08333333333333333,11,11,GGATATAGTAGGTCCTTACG,0,1773359
hdeAp2,0.08333333333333333,11,11,GGAGCGGAGGTGAGCGCGAA,0,1781582
hdeAp2,0.08333333333333333,11,11,GGACTAACGCGTATTGGCCA,0,1815249
hdeAp2,0.08333333333333333,11,11,GGACCTTGGATCCCCACATG,0,1789821
hdeAp2,0.08333333333333333,11,11,GGACCGGCGTTGTGTGCAAT,0,1772546
hdeAp2,0.08333333333333333,11,11,GGACATACAAAGAGGCAGCT,0,1825170
hdeAp2,0.08333333333333333,11,11,GGACAACGATAATAGTCGAA,0,1772324
hdeAp2,0.08333333333333333,11,11,GGAATCCCTTGAAGGGCAAT,0,1773824
hdeAp2,0.08333333333333333,11,11,GCTTAGGCCATCTCTGGTAT,0,1809686
hdeAp2,0.08333333333333333,11,11,GCTGGCCGCAGAACTCAGTG,0,1791520
hdeAp2,0.08333333333333333,11,11,GCTGCACGGAGCTTAAGTTT,0,1779740
hdeAp2,0.08333333333333333,11,11,GCTCTGTGTCTTAGGTATCA,0,1806180
hdeAp2,0.08333333333333333,11,11,GCTCGATGTGTTTTATAGTA,0,1786150
hdeAp2,0.08333333333333333,11,11,GCTCCCTCTGGAACATGTGA,0,1797174
hdeAp2,0.08333333333333333,11,11,GCTCAGAATGCATTATCTCT,0,1772712
hdeAp2,0.08333333333333333,11,11,GCGTGATCCCGATTGGCAGC,0,1774277
hdeAp2,0.08333333333333333,11,11,GCGAAAAAACTATTGTAGGT,0,1803345
hdeAp2,0.08333333333333333,11,11,GCCTTGGCTGTTTCTGTTAG,0,1807029
hdeAp2,0.08333333333333333,11,11,GCCTTCGACGCGCCGTCAAG,0,1821769
hdeAp2,0.08333333333333333,11,11,GCCTGTCGCACGGTGTCACG,0,1804270
hdeAp2,0.08333333333333333,11,11,GCCTGGCTATATGTGATGTC,0,1822975
hdeAp2,0.08333333333333333,11,11,GCCAGTGATCTCGAGGATAG,0,1796592
hdeAp2,0.08333333333333333,11,11,GCCAGGTATTCGTGGCATTA,0,1786075
hdeAp2,0.08333333333333333,11,11,GCCAATACAGCATTTTCGCA,0,1772670
hdeAp2,0.08333333333333333,11,11,GCAGTGTCTTCCATAATGGA,0,1803025
hdeAp2,0.08333333333333333,11,11,GCAGCTATATAGGAGGGTTC,0,1791846
hdeAp2,0.08333333333333333,11,11,GCAGATTATCCGGCGGACAA,0,1808239
hdeAp2,0.08333333333333333,11,11,GCAATAGTACCTGTCAAATT,0,1793767
hdeAp2,0.08333333333333333,11,11,GCAATAGGTGTTGTATTCTA,0,1798682
hdeAp2,0.08333333333333333,11,11,GCAACGCCATCGACCACAAA,0,1809250
hdeAp2,0.08333333333333333,11,11,GATTCAGGGGAAAGCATAGC,0,1811349
hdeAp2,0.08333333333333333,11,11,GATTCAAGTGTGGTCGTAGA,0,1780901
hdeAp2,0.08333333333333333,11,11,GATTAGTTTTTGCACCTTAA,0,1778417
hdeAp2,0.08333333333333333,11,11,GATTACCGTACGCTGTTTAC,0,1774589
hdeAp2,0.08333333333333333,11,11,GATGTTTTCCTGCACAGTAA,0,1780402
hdeAp2,0.08333333333333333,11,11,GATGTTTAAGGACTAGCGAG,0,1820731
hdeAp2,0.08333333333333333,11,11,GATGTTAGCAGTGCTATATA,0,1802164
hdeAp2,0.08333333333333333,11,11,GATGTGTCAAGTGAGTCGAA,0,1812796
hdeAp2,0.08333333333333333,11,11,GATGATTTTCAGATAAGGAT,0,1776776
hdeAp2,0.08333333333333333,11,11,GATCTTGGCTTCAACCCGGA,0,1809568
hdeAp2,0.08333333333333333,11,11,GATCTACGAGAGATGGCATA,0,1791538
hdeAp2,0.08333333333333333,11,11,GATACGGTGGGCACCCTAGC,0,1776680
hdeAp2,0.08333333333333333,11,11,GATACCTGATCTGCCATGAC,0,1781958
hdeAp2,0.08333333333333333,11,11,GATACCAGTAAGTCAGTGGT,0,1798417
hdeAp2,0.08333333333333333,11,11,GAGTCTCGTATTCGGGTACA,0,1815312
hdeAp2,0.08333333333333333,11,11,GAGTACGGGGTGATCAGTTC,0,1823447
hdeAp2,0.08333333333333333,11,11,GAGGCCGCCGGGGATGGCAA,0,1784369
hdeAp2,0.08333333333333333,11,11,GAGGCCGATAATCTGATATT,0,1786395
hdeAp2,0.08333333333333333,11,11,GAGCTTGTAATCGTGGGCTA,0,1803674
hdeAp2,0.08333333333333333,11,11,GAGCATGACAAGCGGAGTCA,0,1787480
hdeAp2,0.08333333333333333,11,11,GAGCAACCGCTGGTTGTAGG,0,1782443
hdeAp2,0.08333333333333333,11,11,GAGAATGCGTTCCATGATAT,0,1801949
hdeAp2,0.08333333333333333,11,11,GACGCCACGGTCGCTCGCGA,0,1777226
hdeAp2,0.08333333333333333,11,11,GACAGGTCGGCCGATAAGAA,0,1776876
hdeAp2,0.08333333333333333,11,11,GAATTCTCCGCGATTGATTT,0,1794603
hdeAp2,0.08333333333333333,11,11,GAATCAAGCTCTTAACCTCG,0,1793631
hdeAp2,0.08333333333333333,11,11,GAAGTCAAGGTGTGGGCAGA,0,1789732
hdeAp2,0.08333333333333333,11,11,GAAGGTCGGATGCGGAATGG,0,1799422
hdeAp2,0.08333333333333333,11,11,GAAGCACACGTGGCACACTT,0,1776980
hdeAp2,0.08333333333333333,11,11,GAAGATTCAATTAGGGAGAC,0,1789811
hdeAp2,0.08333333333333333,11,11,GAAGATATGTGGAGCTGGGT,0,1811997
hdeAp2,0.08333333333333333,11,11,GAACTTTTCCACCGTCATTG,0,1827414
hdeAp2,0.08333333333333333,11,11,GAACTTATTGCTCTCACGTC,0,1807021
hdeAp2,0.08333333333333333,11,11,GAAACTTCACGTCAGGATTC,0,1799513
hdeAp2,0.08333333333333333,11,11,CTTGTCACTAAGGACGTCAG,0,1798205
hdeAp2,0.08333333333333333,11,11,CTTGCGCGGAACCCAGCCGA,0,1791055
hdeAp2,0.08333333333333333,11,11,CTTCGGGACCCAACGTCGAG,0,1798916
hdeAp2,0.08333333333333333,11,11,CTTCAGCAAAGGCCGTTAAT,0,1794906
hdeAp2,0.08333333333333333,11,11,CTTATCATAGGGCCTAACAA,0,1799100
hdeAp2,0.08333333333333333,11,11,CTTATAAAGTGTTCCAATTT,0,1820765
hdeAp2,0.08333333333333333,11,11,CTTAGCGATTATGAACCGGC,0,1788596
hdeAp2,0.08333333333333333,11,11,CTGTGGTGTTTATGCGGATC,0,1793983
hdeAp2,0.08333333333333333,11,11,CTGTGATAATTGGGAATCCC,0,1810816
hdeAp2,0.08333333333333333,11,11,CTCTAATAGATGCCCTAGGC,0,1797413
hdeAp2,0.08333333333333333,11,11,CTCGTCACAACAAACGAAGA,0,1785233
hdeAp2,0.08333333333333333,11,11,CTCGCATGCGTATTACTAAT,0,1810877
hdeAp2,0.08333333333333333,11,11,CTCCCTCGGCGGGTCTGATC,0,1789511
hdeAp2,0.08333333333333333,11,11,CTCCAGTGGACCGAAGCGCA,0,1819364
hdeAp2,0.08333333333333333,11,11,CTCCAGTGCCCGCCGGTGTA,0,1796950
hdeAp2,0.08333333333333333,11,11,CTCAAAGCGCTTTATGTAAT,0,1804450
hdeAp2,0.08333333333333333,11,11,CTATAGTGGCTAGAGTCTCT,0,1785804
hdeAp2,0.08333333333333333,11,11,CTAGAAATTATAGGTCAACG,0,1798756
hdeAp2,0.08333333333333333,11,11,CTACTTCGGCCCTATCAAGA,0,1804083
hdeAp2,0.08333333333333333,11,11,CTACACTTCAAAGGGGGAAT,0,1818147
hdeAp2,0.08333333333333333,11,11,CTAAGTTTAGGATTAATCTT,0,1826433
hdeAp2,0.08333333333333333,11,11,CGTGGACTGTTACAGCGTTG,0,1780059
hdeAp2,0.08333333333333333,11,11,CGTCCTCCTGTAGGTCCATG,0,1821770
hdeAp2,0.08333333333333333,11,11,CGTCACCGGCAGTGGATATT,0,1792608
hdeAp2,0.08333333333333333,11,11,CGTATGTCATCTTGTGTGGT,0,1773182
hdeAp2,0.08333333333333333,11,11,CGGTTACTCACGCGTGAGCA,0,1791778
hdeAp2,0.08333333333333333,11,11,CGGTCGGGTAATCGGCGTTG,0,1802615
hdeAp2,0.08333333333333333,11,11,CGGTACATATCGCGGGAAAG,0,1796163
hdeAp2,0.08333333333333333,11,11,CGGGTCACATTACGAGCACT,0,1818020
hdeAp2,0.08333333333333333,11,11,CGGCGGGACGGCTCCCATCT,0,1802728
hdeAp2,0.08333333333333333,11,11,CGGCACATATTTCCGCAAGA,0,1789841
hdeAp2,0.08333333333333333,11,11,CGCTGCTAGGCCTCCAGGAA,0,1807372
hdeAp2,0.08333333333333333,11,11,CGCTGCGTTTGCTGAATTGA,0,1796427
hdeAp2,0.08333333333333333,11,11,CGCTATAGGTTTCTCCTTTC,0,1804923
hdeAp2,0.08333333333333333,11,11,CGCCGAATGCCTGATGACGT,0,1789686
hdeAp2,0.08333333333333333,11,11,CGCCAGCCAAGTCGGTCACG,0,1780078
hdeAp2,0.08333333333333333,11,11,CGATCGATGTCGCGGATATC,0,1793557
hdeAp2,0.08333333333333333,11,11,CGATCCAAGTCCAGGGATTA,0,1810795
hdeAp2,0.08333333333333333,11,11,CGACGCTGGTATGGGGCCAA,0,1795884
hdeAp2,0.08333333333333333,11,11,CGACAGAAATATCATTCAAC,0,1814436
hdeAp2,0.08333333333333333,11,11,CGAAGATAATATCATTGGGC,0,1772091
hdeAp2,0.08333333333333333,11,11,CGAAAAGAAGATTCTTGAGA,0,1815838
hdeAp2,0.08333333333333333,11,11,CGAAAACAAGGTGCTAGTTT,0,1787396
hdeAp2,0.08333333333333333,11,11,CCTTTCGGATTGATGACACT,0,1806747
hdeAp2,0.08333333333333333,11,11,CCTTGCTTGGCGGCCAAAAG,0,1820373
hdeAp2,0.08333333333333333,11,11,CCTTCCGCGTACGAAATCGA,0,1771519
hdeAp2,0.08333333333333333,11,11,CCTGTTAACCTGACATTTTA,0,1786815
hdeAp2,0.08333333333333333,11,11,CCGTCCCAATGAATTGTCCT,0,1784147
hdeAp2,0.08333333333333333,11,11,CCGGGATCCCCACGATTAAT,0,1803702
hdeAp2,0.08333333333333333,11,11,CCGCGCTGGAGCCGTACGGC,0,1810764
hdeAp2,0.08333333333333333,11,11,CCGCAACTTTCAAGCTGATG,0,1826638
hdeAp2,0.08333333333333333,11,11,CCGATGATCATGCGCTTATT,0,1810874
hdeAp2,0.08333333333333333,11,11,CCGAGTTAGCACACGGTAAT,0,1812350
hdeAp2,0.08333333333333333,11,11,CCGAGGGGAGAGCCATATGA,0,1791854
hdeAp2,0.08333333333333333,11,11,CCGACAGAACTTCTTCTTAT,0,1772523
hdeAp2,0.08333333333333333,11,11,CCCTCTGTCACCGGCAGCTG,0,1818184
hdeAp2,0.08333333333333333,11,11,CCCTCTCAGCTGATGTCCCC,0,1803186
hdeAp2,0.08333333333333333,11,11,CCCTCCATTGGAAAGAGTTC,0,1790884
hdeAp2,0.08333333333333333,11,11,CCCGAAAAACGGACCTACTT,0,1786607
hdeAp2,0.08333333333333333,11,11,CCCCTCTACTTTTATGTTCG,0,1822529
hdeAp2,0.08333333333333333,11,11,CCCATGGACGTCTGGCGTCC,0,1771541
hdeAp2,0.08333333333333333,11,11,CCCAGAAGTAGTTTTATTAA,0,1785073
hdeAp2,0.08333333333333333,11,11,CCCAAAGCCTGTTAGGGACG,0,1779562
hdeAp2,0.08333333333333333,11,11,CCATTGTTTGATTCCAGAAG,0,1828091
hdeAp2,0.08333333333333333,11,11,CCAGTATTATTGCGTTGAAA,0,1784626
hdeAp2,0.08333333333333333,11,11,CCAGGTACCCACACTTGGGA,0,1790216
hdeAp2,0.08333333333333333,11,11,CCACTTAGATCTTTTTACTG,0,1808439
hdeAp2,0.08333333333333333,11,11,CCACTCCCGTCTAACTTCAA,0,1777565
hdeAp2,0.08333333333333333,11,11,CCACGTTACCCGATCATCTA,0,1771723
hdeAp2,0.08333333333333333,11,11,CATTGCCCGCACAGACCCAT,0,1781818
hdeAp2,0.08333333333333333,11,11,CATTCGGAGCCAGTCCAAAT,0,1801644
hdeAp2,0.08333333333333333,11,11,CATTAAATCGTCCGTTCTTA,0,1799051
hdeAp2,0.08333333333333333,11,11,CATGGTGCAGACACCTCGAA,0,1789822
hdeAp2,0.08333333333333333,11,11,CATGGCCTGCTCCGCTGTTT,0,1814463
hdeAp2,0.08333333333333333,11,11,CATCGCGACATGGTTTAGGT,0,1819032
hdeAp2,0.08333333333333333,11,11,CATCCGTCTTGGAGGAGGTT,0,1827713
hdeAp2,0.08333333333333333,11,11,CATATCCGCTCCGTACGTGT,0,1803517
hdeAp2,0.08333333333333333,11,11,CATATAAAAGAATCATACAC,0,1806935
hdeAp2,0.08333333333333333,11,11,CATAATTAGAACCTGTCTCA,0,1792553
hdeAp2,0.08333333333333333,11,11,CATAAGGGTTACCAATTTAG,0,1802209
hdeAp2,0.08333333333333333,11,11,CAGTGTAGGCCTCCCAGACC,0,1815915
hdeAp2,0.08333333333333333,11,11,CAGGGTTTGCATTGACTAGA,0,1782133
hdeAp2,0.08333333333333333,11,11,CAGGGTCATTTTTGTAGAAT,0,1811922
hdeAp2,0.08333333333333333,11,11,CAGGAGTTTGGACGGTTCTA,0,1809654
hdeAp2,0.08333333333333333,11,11,CAGCTAGCAGGATTGGAACA,0,1802524
hdeAp2,0.08333333333333333,11,11,CAGCCCTAATTTCCTGGGGG,0,1802786
hdeAp2,0.08333333333333333,11,11,CACGTGGAGGAAGGGCTACT,0,1788160
hdeAp2,0.08333333333333333,11,11,CACGGTCACTCGCTGCTCAG,0,1790426
hdeAp2,0.08333333333333333,11,11,CACCTTAGTGCCTGATTTAC,0,1789496
hdeAp2,0.08333333333333333,11,11,CACCCGGGATGATCCTCGTG,0,1782075
hdeAp2,0.08333333333333333,11,11,CACATCGGCTAGAATTGTGT,0,1788488
hdeAp2,0.08333333333333333,11,11,CACACCCAAGAATAACCCAG,0,1780642
hdeAp2,0.08333333333333333,11,11,CACAAGCGGGGGTAGACAGA,0,1779879
hdeAp2,0.08333333333333333,11,11,CAATTTGTGGAACAGCCATG,0,1809603
hdeAp2,0.08333333333333333,11,11,CAATTCAGGAATTGGGCGCG,0,1781456
hdeAp2,0.08333333333333333,11,11,CAATCCGCAGCTGTAGTATC,0,1813240
hdeAp2,0.08333333333333333,11,11,CAAGGGGCGGCGCTGCCCTA,0,1786059
hdeAp2,0.08333333333333333,11,11,CAACAGCTCCATCCGCGATA,0,1786713
hdeAp2,0.08333333333333333,11,11,CAAAGTGTTTCGCTGCGTGC,0,1792005
hdeAp2,0.08333333333333333,11,11,CAAAACCGCCCCGCTATGTA,0,1787011
hdeAp2,0.08333333333333333,11,11,ATTTCTAACCTAAAAACTGT,0,1817604
hdeAp2,0.08333333333333333,11,11,ATTGTTGGCTAGACCAAAAG,0,1811052
hdeAp2,0.08333333333333333,11,11,ATTGAAATACATCGGAAATA,0,1800461
hdeAp2,0.08333333333333333,11,11,ATTCGTTATCCAAGCCTACT,0,1777484
hdeAp2,0.08333333333333333,11,11,ATTAGTCTCGAGGCCATCGG,0,1814605
hdeAp2,0.08333333333333333,11,11,ATTACATTCAGGGAATCCCC,0,1801844
hdeAp2,0.08333333333333333,11,11,ATGGTCCGAGGCGCCCGTAT,0,1828809
hdeAp2,0.08333333333333333,11,11,ATGGGCACTTAATTAATATA,0,1779226
hdeAp2,0.08333333333333333,11,11,ATGGCGGGCATTGCATGCTA,0,1803573
hdeAp2,0.08333333333333333,11,11,ATGCTGCGGAATGGGACCCC,0,1771319
hdeAp2,0.08333333333333333,11,11,ATGCAATTAGATTGACAAGC,0,1813889
hdeAp2,0.08333333333333333,11,11,ATGATCTCAATCTGTAAATT,0,1784623
hdeAp2,0.08333333333333333,11,11,ATGACATCATACCGTTCCGG,0,1802661
hdeAp2,0.08333333333333333,11,11,ATCTCCTGGATCCTGAATAA,0,1806953
hdeAp2,0.08333333333333333,11,11,ATCGGTCTTCACCAGTCGCG,0,1818291
hdeAp2,0.08333333333333333,11,11,ATCGAGGGAGATAACAGTGG,0,1792741
hdeAp2,0.08333333333333333,11,11,ATCCTCTGAATAACGATGAA,0,1801494
hdeAp2,0.08333333333333333,11,11,ATCCTCAGGTTGGGGTTCTG,0,1798711
hdeAp2,0.08333333333333333,11,11,ATCCCCGGTTCCATAACCCA,0,1796277
hdeAp2,0.08333333333333333,11,11,ATCCCCGATATTCCGGTATA,0,1776297
hdeAp2,0.08333333333333333,11,11,ATCCATGGCTCGCCAAACAA,0,1794136
hdeAp2,0.08333333333333333,11,11,ATCATGTTGGCGACTGACTG,0,1822356
hdeAp2,0.08333333333333333,11,11,ATCAAGTACAGTCAATCTCA,0,1808792
hdeAp2,0.08333333333333333,11,11,ATATTTTTCTACGTAATCCA,0,1789430
hdeAp2,0.08333333333333333,11,11,ATATCAATCGCCCAGCGTAC,0,1788288
hdeAp2,0.08333333333333333,11,11,ATAGTTTACGTTACCTGCGG,0,1786420
hdeAp2,0.08333333333333333,11,11,ATAGCAGAGGTATGGGGAGG,0,1796795
hdeAp2,0.08333333333333333,11,11,ATAAGCTCATAGAGAGTCGT,0,1820449
hdeAp2,0.08333333333333333,11,11,AGTTGTCTTAGATTCCCGGT,0,1791360
hdeAp2,0.08333333333333333,11,11,AGTTGTCTAACCAGTTTTGG,0,1773650
hdeAp2,0.08333333333333333,11,11,AGTGATAGCGGCTCTATCCG,0,1771244
hdeAp2,0.08333333333333333,11,11,AGTCGTTGGGGTACACTCAC,0,1777618
hdeAp2,0.08333333333333333,11,11,AGTAATCTGGATATATCTTC,0,1782508
hdeAp2,0.08333333333333333,11,11,AGGTGGCCTCGCGAGCAGAT,0,1803783
hdeAp2,0.08333333333333333,11,11,AGGTCTCATTCCTAAGTTTT,0,1797020
hdeAp2,0.08333333333333333,11,11,AGGTAATTTCAACTCGATAA,0,1803608
hdeAp2,0.08333333333333333,11,11,AGGGACACGTGTTGATAAAT,0,1803604
hdeAp2,0.08333333333333333,11,11,AGGCTAACATCGACTGCGGG,0,1814851
hdeAp2,0.08333333333333333,11,11,AGGCGGACGCAAATCGAAAT,0,1804045
hdeAp2,0.08333333333333333,11,11,AGGCATAGAGGATGCAATCA,0,1778946
hdeAp2,0.08333333333333333,11,11,AGCTGGGAATCTCCCGGCCC,0,1810199
hdeAp2,0.08333333333333333,11,11,AGCGCCAAGCCAGGAGAGGG,0,1784275
hdeAp2,0.08333333333333333,11,11,AGCGCAGAAGGACAAGACCT,0,1803909
hdeAp2,0.08333333333333333,11,11,AGCAGTACTGCCAGGTTCCC,0,1793737
hdeAp2,0.08333333333333333,11,11,AGATTGTCTCGCACCTCCCC,0,1814097
hdeAp2,0.08333333333333333,11,11,AGAGAGTATTTCCGCGGCCT,0,1774482
hdeAp2,0.08333333333333333,11,11,AGAGAATGCCCTAATGTCTA,0,1795956
hdeAp2,0.08333333333333333,11,11,AGACTGGAATATCGTGACGT,0,1823759
hdeAp2,0.08333333333333333,11,11,AGAAAACGATAAAGAGGTCG,0,1802431
hdeAp2,0.08333333333333333,11,11,ACTTGCATCTGAGCAAATCA,0,1790931
hdeAp2,0.08333333333333333,11,11,ACTGGTTGATTCCTGCATTT,0,1799312
hdeAp2,0.08333333333333333,11,11,ACTCCGCAGTAACTCTCGGC,0,1826135
hdeAp2,0.08333333333333333,11,11,ACTCCCTTAACGAGACGAGG,0,1808032
hdeAp2,0.08333333333333333,11,11,ACTCACACACAATGTAGCCC,0,1806295
hdeAp2,0.08333333333333333,11,11,ACTATGTGAGACCTTTCACG,0,1819467
hdeAp2,0.08333333333333333,11,11,ACTAACCCGACAATTTGTTG,0,1824942
hdeAp2,0.08333333333333333,11,11,ACGTTGCTGTTTGGTAAGTC,0,1814675
hdeAp2,0.08333333333333333,11,11,ACGCTGTTTTCACTGACGAC,0,1777418
hdeAp2,0.08333333333333333,11,11,ACGCATTACACTAAGATAGG,0,1771869
hdeAp2,0.08333333333333333,11,11,ACCTGCGCTTCAGGAGCATC,0,1773538
hdeAp2,0.08333333333333333,11,11,ACCTCGCTTGGCTGTAAGAC,0,1787390
hdeAp2,0.08333333333333333,11,11,ACCGGTCGTGCGGTAGCCTA,0,1796134
hdeAp2,0.08333333333333333,11,11,ACCGGGGTCAGCCTCGATAC,0,1825514
hdeAp2,0.08333333333333333,11,11,ACCGGCACAACACGATCGAC,0,1824895
hdeAp2,0.08333333333333333,11,11,ACCGATACCACTTTCCACCA,0,1795436
hdeAp2,0.08333333333333333,11,11,ACCGAGTAGAGCCTAGGAAA,0,1814620
hdeAp2,0.08333333333333333,11,11,ACCGAGGTGAAGTGAACCTA,0,1770958
hdeAp2,0.08333333333333333,11,11,ACCCTGAACCACTTGTGGTG,0,1786354
hdeAp2,0.08333333333333333,11,11,ACCCTAGCTTAGGAAGAATA,0,1807940
hdeAp2,0.08333333333333333,11,11,ACCAGGCGGGGTGACCGGAA,0,1804021
hdeAp2,0.08333333333333333,11,11,ACCACTCCATTGCCATATGG,0,1805420
hdeAp2,0.08333333333333333,11,11,ACATCATGCGTATACTGTCC,0,1809555
hdeAp2,0.08333333333333333,11,11,ACATATGCGCGTTCTATTGT,0,1820171
hdeAp2,0.08333333333333333,11,11,ACAGGGGCATACTCGGTTGT,0,1772847
hdeAp2,0.08333333333333333,11,11,ACAGACTATTGGACTTCAAA,0,1809898
hdeAp2,0.08333333333333333,11,11,ACACAGCTAGGTTGAGTTTG,0,1784505
hdeAp2,0.08333333333333333,11,11,ACACACATGCTATCGCTGAT,0,1796442
hdeAp2,0.08333333333333333,11,11,ACACAAGTTTTCGTCTCTAG,0,1825058
hdeAp2,0.08333333333333333,11,11,ACAATACTATCCTGGGCTGT,0,1810288
hdeAp2,0.08333333333333333,11,11,ACAACATCCGCCTGGGTCGT,0,1826130
hdeAp2,0.08333333333333333,11,11,AATTTCCACCAAATTCGAGA,0,1787779
hdeAp2,0.08333333333333333,11,11,AATTCCGAAAAATTGAAGTA,0,1787800
hdeAp2,0.08333333333333333,11,11,AATGGCAAAGTCCGGGGGTT,0,1782986
hdeAp2,0.08333333333333333,11,11,AATGCATCCAACGCATATGC,0,1781578
hdeAp2,0.08333333333333333,11,11,AATCTAACCCGTGTTTATTG,0,1803711
hdeAp2,0.08333333333333333,11,11,AATATTCGGAGCGGACGTGT,0,1804661
hdeAp2,0.08333333333333333,11,11,AAGTGTGGAGTGCCACACCA,0,1815935
hdeAp2,0.08333333333333333,11,11,AAGTGTCCCTGCCGCGGCTC,0,1807188
hdeAp2,0.08333333333333333,11,11,AAGTGCGGATCGCTCAAGTC,0,1780362
hdeAp2,0.08333333333333333,11,11,AAGTCGGTCGGTTGAGAAAG,0,1789676
hdeAp2,0.08333333333333333,11,11,AAGGTGTCGCGTAACAAGCT,0,1783772
hdeAp2,0.08333333333333333,11,11,AAGGGGGCTCGGTGGGAATT,0,1825650
hdeAp2,0.08333333333333333,11,11,AAGGGGGCAATGCGTATGGG,0,1774720
hdeAp2,0.08333333333333333,11,11,AAGGGCCACGGTGGGTGGAT,0,1815536
hdeAp2,0.08333333333333333,11,11,AAGGCTGCAGGGGACGAGCA,0,1774668
hdeAp2,0.08333333333333333,11,11,AAGGCTCGAGTCCTGCACAG,0,1827779
hdeAp2,0.08333333333333333,11,11,AAGGCGTGCCGTCGAAGACT,0,1774403
hdeAp2,0.08333333333333333,11,11,AAGCGTTAGGCCCTACTGCA,0,1794955
hdeAp2,0.08333333333333333,11,11,AAGCGGCGCATTAAACGCGA,0,1811312
hdeAp2,0.08333333333333333,11,11,AAGCATTATTGCCAAAAATA,0,1774582
hdeAp2,0.08333333333333333,11,11,AAGCAGACCCCGGCAGTTTG,0,1776321
hdeAp2,0.08333333333333333,11,11,AACTTTTGGAACATGCAGAA,0,1803992
hdeAp2,0.08333333333333333,11,11,AACTGCCTCAAGAGCCGCAA,0,1773541
hdeAp2,0.08333333333333333,11,11,AACTCACCACGCGGGCTTCT,0,1786027
hdeAp2,0.08333333333333333,11,11,AACGACAGGGGCGTTCCTAG,0,1775204
hdeAp2,0.08333333333333333,11,11,AACCGGGAGAATTGGGCTTG,0,1780448
hdeAp2,0.08333333333333333,11,11,AACCATCAGTTCTCATAAAA,0,1775415
hdeAp2,0.08333333333333333,11,11,AACCAACTTTTGGATCTTTT,0,1801321
hdeAp2,0.08333333333333333,11,11,AACAATTGATCTCGGGAGGG,0,1807296
hdeAp2,0.08333333333333333,11,11,AAAGCGCCCTCTTATGACGA,0,1814118
hdeAp2,0.08333333333333333,11,11,AAACCCGCCCCATCCGCAAC,0,1817559
hdeAp2,0.08333333333333333,11,11,AAAAGTTAAAGCGAACGGCC,0,1776808
hdeAp2,0.08333333333333333,11,11,AAAACGTGCAAACCTAGTAT,0,1827202
hdeAp2,0.09090909090909091,10,10,TTTTGTACACTGTAGAAACT,0,1808527
hdeAp2,0.09090909090909091,10,10,TTTTGCAACCGGGACCAGAC,0,1822112
hdeAp2,0.09090909090909091,10,10,TTTGTATCTGGTCCAACCGT,0,1825221
hdeAp2,0.09090909090909091,10,10,TTTGCCATTTAGTTGGCGCT,0,1771832
hdeAp2,0.09090909090909091,10,10,TTTGAGTTTCCCGTCCACGC,0,1802649
hdeAp2,0.09090909090909091,10,10,TTTCGTTCCTGGACTGGTAC,0,1805217
hdeAp2,0.09090909090909091,10,10,TTTCCCAAACACGGGGGGCA,0,1810091
hdeAp2,0.09090909090909091,10,10,TTTATGTGAAGCAACGAAAT,0,1771184
hdeAp2,0.09090909090909091,10,10,TTTACTACAGTTACAGGCCG,0,1797106
hdeAp2,0.09090909090909091,10,10,TTGTGTGACCATGTATTCGA,0,1812644
hdeAp2,0.09090909090909091,10,10,TTGTACAGCAATTACGAAGT,0,1827485
hdeAp2,0.09090909090909091,10,10,TTGTAACCCGTCACGCCAAC,0,1821596
hdeAp2,0.09090909090909091,10,10,TTGCTCTCTTGACTAATTTC,0,1803972
hdeAp2,0.09090909090909091,10,10,TTGCCTGAATGCTTGGGGAC,0,1780044
hdeAp2,0.09090909090909091,10,10,TTGCAGCGCGCACCCCACGT,0,1824193
hdeAp2,0.09090909090909091,10,10,TTCTTCCACTATCTAAAGTG,0,1787550
hdeAp2,0.09090909090909091,10,10,TTCTGAAATACAGCTGCTAC,0,1782771
hdeAp2,0.09090909090909091,10,10,TTCTACCTATCTTTTTGAAT,0,1789819
hdeAp2,0.09090909090909091,10,10,TTCGGTAACAAGGATTCACA,0,1774858
hdeAp2,0.09090909090909091,10,10,TTCGGATGCCTTCGCCCCGG,0,1809899
hdeAp2,0.09090909090909091,10,10,TTCCCCTGATAAGCCGGAAA,0,1782862
hdeAp2,0.09090909090909091,10,10,TTCCAATGGAACGGGCCAAG,0,1808889
hdeAp2,0.09090909090909091,10,10,TTCATTTTGATCTCGAATGG,0,1817058
hdeAp2,0.09090909090909091,10,10,TTCAGATGGACACCACGAGC,0,1780615
hdeAp2,0.09090909090909091,10,10,TTCAGAGCCGAGGGTGCTGA,0,1786269
hdeAp2,0.09090909090909091,10,10,TTCACATGATGCAGTTTTTG,0,1785929
hdeAp2,0.09090909090909091,10,10,TTATTACATATAGGTTCGCT,0,1816718
hdeAp2,0.09090909090909091,10,10,TTATGGCAGGTCTCTAAGGG,0,1777434
hdeAp2,0.09090909090909091,10,10,TTATAAGAAATGGCGTTGAG,0,1775378
hdeAp2,0.09090909090909091,10,10,TTAGCGCCGTGTCGATCGAA,0,1781819
hdeAp2,0.09090909090909091,10,10,TTAGAGTGGGGCGAAAAGCC,0,1779796
hdeAp2,0.09090909090909091,10,10,TTACCCTGCTAATCCCCCGT,0,1798665
hdeAp2,0.09090909090909091,10,10,TTACCCCAAGATTTTGATAC,0,1815001
hdeAp2,0.09090909090909091,10,10,TGTTTTAGGACACACAATGG,0,1815839
hdeAp2,0.09090909090909091,10,10,TGTTGGTTGTTGGTATTGTA,0,1788741
hdeAp2,0.09090909090909091,10,10,TGTTCTGGAACTTATTTATA,0,1797446
hdeAp2,0.09090909090909091,10,10,TGTGTTTAGTTGCACGGAAT,0,1783820
hdeAp2,0.09090909090909091,10,10,TGTGAGCAGTGCCTGTGCTA,0,1820268
hdeAp2,0.09090909090909091,10,10,TGTCTTCAGGTATCGGCAAA,0,1771901
hdeAp2,0.09090909090909091,10,10,TGTATCCTGCGTGTAAATCT,0,1797062
hdeAp2,0.09090909090909091,10,10,TGTAGATTTTATGACTGACA,0,1789910
hdeAp2,0.09090909090909091,10,10,TGTACAGTGTCATTAAGCGA,0,1796802
hdeAp2,0.09090909090909091,10,10,TGGTGTCCCTATGGATAACT,0,1785144
hdeAp2,0.09090909090909091,10,10,TGGTGGCCAGGAATTGAAGA,0,1821662
hdeAp2,0.09090909090909091,10,10,TGGTGAGCGCCATGCAGCCA,0,1783915
hdeAp2,0.09090909090909091,10,10,TGGTAATCCGACTCAACAGT,0,1795474
hdeAp2,0.09090909090909091,10,10,TGGGTAATCTTAGTCCTCTC,0,1785541
hdeAp2,0.09090909090909091,10,10,TGGGGCTAAAGTTAAGACAA,0,1779958
hdeAp2,0.09090909090909091,10,10,TGGGCGCTGCGAGTACTACT,0,1789026
hdeAp2,0.09090909090909091,10,10,TGGGAGGCCTGACTTAATGG,0,1814735
hdeAp2,0.09090909090909091,10,10,TGGAGCGCGTAGTATACGAC,0,1818751
hdeAp2,0.09090909090909091,10,10,TGCTTAGCAGTTTCGGCGTT,0,1777113
hdeAp2,0.09090909090909091,10,10,TGCTCTGTCACCTGGGGGCT,0,1792721
hdeAp2,0.09090909090909091,10,10,TGCGCTTGTGAACGCGACGT,0,1812289
hdeAp2,0.09090909090909091,10,10,TGCGCCGCGCAGAATTGGAT,0,1772967
hdeAp2,0.09090909090909091,10,10,TGCCATTCGTGGACAAGCGA,0,1802659
hdeAp2,0.09090909090909091,10,10,TGCCATCACTGAATGCTCGC,0,1814936
hdeAp2,0.09090909090909091,10,10,TGCAAAGGCTGGTGAAAGTG,0,1809195
hdeAp2,0.09090909090909091,10,10,TGATTAGTCTCGTTTGGTAG,0,1789085
hdeAp2,0.09090909090909091,10,10,TGATAGCCCCTCCTAATCAA,0,1801458
hdeAp2,0.09090909090909091,10,10,TGAGTCGCTCTCCAAACCTG,0,1795854
hdeAp2,0.09090909090909091,10,10,TGAGGGCATCCGGCACCTAG,0,1787203
hdeAp2,0.09090909090909091,10,10,TGAGAACATTGCCAGCATGG,0,1803611
hdeAp2,0.09090909090909091,10,10,TGACTACTGTCCGTCATCCC,0,1798367
hdeAp2,0.09090909090909091,10,10,TGACTAATTTGGGACGGCGA,0,1793003
hdeAp2,0.09090909090909091,10,10,TGACCAGGCCCCGTCGTCGG,0,1780250
hdeAp2,0.09090909090909091,10,10,TGACACGACATGTTGCCGAC,0,1803876
hdeAp2,0.09090909090909091,10,10,TGAATCGACGGTCGCGTGAT,0,1798835
hdeAp2,0.09090909090909091,10,10,TGAACTACTGACATCCGCTC,0,1793033
hdeAp2,0.09090909090909091,10,10,TCTTTTTTTATTTGTTCTGA,0,1802620
hdeAp2,0.09090909090909091,10,10,TCTTGATCCTTGTTGCCGTG,0,1819488
hdeAp2,0.09090909090909091,10,10,TCTTCCAGGCGAGATCAGGA,0,1775784
hdeAp2,0.09090909090909091,10,10,TCTTAATATATGTGCGAGAA,0,1793488
hdeAp2,0.09090909090909091,10,10,TCTGAGCTCGTAATTGACGC,0,1801916
hdeAp2,0.09090909090909091,10,10,TCTCCAATCCTAACCTTTTT,0,1793939
hdeAp2,0.09090909090909091,10,10,TCTCATGTTCATGACCGATC,0,1814446
hdeAp2,0.09090909090909091,10,10,TCTCAAGCTGCGGCAACGAC,0,1776010
hdeAp2,0.09090909090909091,10,10,TCTACACAATGGGGAGAATT,0,1819703
hdeAp2,0.09090909090909091,10,10,TCGTTGTTCTGGTGATCACA,0,1786689
hdeAp2,0.09090909090909091,10,10,TCGTCGGTCCAAATCCTATA,0,1797129
hdeAp2,0.09090909090909091,10,10,TCGTCCAAAGGTAACAATTC,0,1803203
hdeAp2,0.09090909090909091,10,10,TCGGTACGGCCGGCGCGCGC,0,1826400
hdeAp2,0.09090909090909091,10,10,TCGGGATCCGTCGGAAACCA,0,1800809
hdeAp2,0.09090909090909091,10,10,TCGGCTTCGTGTCTCCATCA,0,1781064
hdeAp2,0.09090909090909091,10,10,TCGGCATCTCGCGCTCGACT,0,1818683
hdeAp2,0.09090909090909091,10,10,TCGGATGTCCCCTACCCTAA,0,1807088
hdeAp2,0.09090909090909091,10,10,TCGCGGGGATGCTCCTTTAT,0,1775106
hdeAp2,0.09090909090909091,10,10,TCGCGAGTTGTTACTCTCAA,0,1795605
hdeAp2,0.09090909090909091,10,10,TCGCCATTTGTTCGGTGACA,0,1824187
hdeAp2,0.09090909090909091,10,10,TCGCCACGTGTACAACACGG,0,1780487
hdeAp2,0.09090909090909091,10,10,TCGCACAAACGGGTGGGCTC,0,1825150
hdeAp2,0.09090909090909091,10,10,TCGAGGGCAGCTTTTTTGGT,0,1790183
hdeAp2,0.09090909090909091,10,10,TCCGGCCAGGGAATCATGTT,0,1789975
hdeAp2,0.09090909090909091,10,10,TCCGCGCAAGACTGTACGGG,0,1823658
hdeAp2,0.09090909090909091,10,10,TCCGCAAGCAACGAGGAGGA,0,1782970
hdeAp2,0.09090909090909091,10,10,TCCGAGTCGGGGTTAAGATC,0,1780268
hdeAp2,0.09090909090909091,10,10,TCCCTAGATTGGAGGCTAGT,0,1820601
hdeAp2,0.09090909090909091,10,10,TCCAACCACAGTTCCGGCTT,0,1775345
hdeAp2,0.09090909090909091,10,10,TCCAACAGTTTCATGAAATC,0,1793839
hdeAp2,0.09090909090909091,10,10,TCATTCGGAGAGAGGTGGAT,0,1775205
hdeAp2,0.09090909090909091,10,10,TCATTAAGGAAGTGTACTGA,0,1818096
hdeAp2,0.09090909090909091,10,10,TCATGCAACGGAATACGCTA,0,1814557
hdeAp2,0.09090909090909091,10,10,TCACTCGCCGATACGATTAT,0,1796846
hdeAp2,0.09090909090909091,10,10,TCACTATGTTCACATAGCTA,0,1788235
hdeAp2,0.09090909090909091,10,10,TCACCGTCAGTACATGAGTG,0,1785280
hdeAp2,0.09090909090909091,10,10,TCACAGCATAACGTGTGGGG,0,1825009
hdeAp2,0.09090909090909091,10,10,TCAATCCCGAATCAGTCTGT,0,1786785
hdeAp2,0.09090909090909091,10,10,TCAACAGATCAGAGGCACAC,0,1827324
hdeAp2,0.09090909090909091,10,10,TATTTTGGTGGATCTAAGGA,0,1773760
hdeAp2,0.09090909090909091,10,10,TATTACCAATTGGTATCTAC,0,1789962
hdeAp2,0.09090909090909091,10,10,TATGGCCGGCGTTGTATCAT,0,1779489
hdeAp2,0.09090909090909091,10,10,TATGCAGGCCGAACTTATCT,0,1790845
hdeAp2,0.09090909090909091,10,10,TATCTTGGTCGCCACCGAGT,0,1811956
hdeAp2,0.09090909090909091,10,10,TATCATGCATTACCTTTAAC,0,1803668
hdeAp2,0.09090909090909091,10,10,TAGGTACGAGCCGTGTAGAA,0,1802293
hdeAp2,0.09090909090909091,10,10,TAGGGCGTATTCAGGCTGAT,0,1804111
hdeAp2,0.09090909090909091,10,10,TAGGGCCAAGTCGAGCGACA,0,1823281
hdeAp2,0.09090909090909091,10,10,TAGGGAAGATTCTGGGCCAA,0,1792113
hdeAp2,0.09090909090909091,10,10,TAGGATGCGCGTTTATCAGT,0,1780378
hdeAp2,0.09090909090909091,10,10,TACTGGTCAGAAATAGTTTT,0,1780478
hdeAp2,0.09090909090909091,10,10,TACCGTCAATCTGACCTGGA,0,1779207
hdeAp2,0.09090909090909091,10,10,TACCGATTGGATAAGGCTCA,0,1810072
hdeAp2,0.09090909090909091,10,10,TACATTCCGTCAGATTGGAT,0,1813430
hdeAp2,0.09090909090909091,10,10,TACATGATGACGGTAGTGAG,0,1802455
hdeAp2,0.09090909090909091,10,10,TACAAGCTTCACATTCCTAT,0,1812346
hdeAp2,0.09090909090909091,10,10,TAATTTAAACCAAGCGCCCA,0,1812994
hdeAp2,0.09090909090909091,10,10,TAATTAAAATGAATCTACGG,0,1798415
hdeAp2,0.09090909090909091,10,10,TAAGGTTGTCGTTATTCTAT,0,1798858
hdeAp2,0.09090909090909091,10,10,TAAGGCATATGGAGCCGTCT,0,1784906
hdeAp2,0.09090909090909091,10,10,TAAGGAACCCAGGGGGAAGA,0,1797961
hdeAp2,0.09090909090909091,10,10,TAACATGGTTAGATCACCAT,0,1825603
hdeAp2,0.09090909090909091,10,10,TAAAGCGTAGTTTTTACTGA,0,1805358
hdeAp2,0.09090909090909091,10,10,TAAACTGGACCCGTTTCGAG,0,1802830
hdeAp2,0.09090909090909091,10,10,TAAACGTTTAGCGCCAGCAT,0,1826071
hdeAp2,0.09090909090909091,10,10,GTTTTAATAGCCAGGATGTA,0,1783990
hdeAp2,0.09090909090909091,10,10,GTTTAGTTATGACAGTAGGG,0,1819286
hdeAp2,0.09090909090909091,10,10,GTTGGTAGGAGTTCCTATGT,0,1803521
hdeAp2,0.09090909090909091,10,10,GTTCTTCTGGAACGCCTTGC,0,1772279
hdeAp2,0.09090909090909091,10,10,GTTCAGGCAATCACCGACCA,0,1789658
hdeAp2,0.09090909090909091,10,10,GTTAGATGCAGATTACTCCT,0,1811017
hdeAp2,0.09090909090909091,10,10,GTGTAACCGTGCTTGATATA,0,1813083
hdeAp2,0.09090909090909091,10,10,GTGGCTTGCAAAACTGAGAC,0,1817798
hdeAp2,0.09090909090909091,10,10,GTGGCCTTAGCTCGGGCCTA,0,1827503
hdeAp2,0.09090909090909091,10,10,GTGCGAAGGTTTGCCTCAGT,0,1801689
hdeAp2,0.09090909090909091,10,10,GTGAGTCTGGTGGCATGGCA,0,1783903
hdeAp2,0.09090909090909091,10,10,GTGAGGCATGGGCAGTTATA,0,1790125
hdeAp2,0.09090909090909091,10,10,GTCTGTCCCGCGGTGCATAT,0,1801432
hdeAp2,0.09090909090909091,10,10,GTCTGGTTTAGGGGGCGTAT,0,1785272
hdeAp2,0.09090909090909091,10,10,GTCTAAGTAGACCACTTTTT,0,1779716
hdeAp2,0.09090909090909091,10,10,GTCTAACAGGAGAATGAATG,0,1796721
hdeAp2,0.09090909090909091,10,10,GTCGTGAGCAAAGGAAGTTT,0,1773944
hdeAp2,0.09090909090909091,10,10,GTCGTCAATCGGGTGGAGAG,0,1779350
hdeAp2,0.09090909090909091,10,10,GTCGCTCGAGGAAGGTGCAT,0,1814217
hdeAp2,0.09090909090909091,10,10,GTCGATGTGACCATCTCATC,0,1777167
hdeAp2,0.09090909090909091,10,10,GTCCTGTAAGGAGTCACTGT,0,1778186
hdeAp2,0.09090909090909091,10,10,GTCCTACCGATACTTCATAA,0,1780266
hdeAp2,0.09090909090909091,10,10,GTCCGGGCGGGGACGATTTC,0,1816747
hdeAp2,0.09090909090909091,10,10,GTATGTAGTAGGCACCGCGT,0,1776886
hdeAp2,0.09090909090909091,10,10,GTATGCTGGATACCGCCTCA,0,1812210
hdeAp2,0.09090909090909091,10,10,GTATGAACGAGCATCCCGCA,0,1775766
hdeAp2,0.09090909090909091,10,10,GTATCAGCGCTGGATCGTTG,0,1798616
hdeAp2,0.09090909090909091,10,10,GTAGCTTGATAAGTTGACAT,0,1809127
hdeAp2,0.09090909090909091,10,10,GTACTGCGGGTTGCGTCATG,0,1775025
hdeAp2,0.09090909090909091,10,10,GTACGCAATGGAGCAGTGGT,0,1792574
hdeAp2,0.09090909090909091,10,10,GTACGACTCATCGGCCTGAT,0,1804366
hdeAp2,0.09090909090909091,10,10,GTACATATATCTCTATCTAG,0,1816526
hdeAp2,0.09090909090909091,10,10,GGTTGGTTTGCCTGGAAGAC,0,1777115
hdeAp2,0.09090909090909091,10,10,GGTTCGGTTTACACTCAAAG,0,1814663
hdeAp2,0.09090909090909091,10,10,GGTTATCTCAAATGCTCCTT,0,1804047
hdeAp2,0.09090909090909091,10,10,GGTTAAGTGGAATTTTTACA,0,1773960
hdeAp2,0.09090909090909091,10,10,GGTGGGACGCAGGGCTCAGT,0,1826713
hdeAp2,0.09090909090909091,10,10,GGGTTAGCACTTCGCTAAGA,0,1795239
hdeAp2,0.09090909090909091,10,10,GGGTAGCGTTTAAATGCACT,0,1816399
hdeAp2,0.09090909090909091,10,10,GGGGTGTTGAGACACATATG,0,1795244
hdeAp2,0.09090909090909091,10,10,GGGGTCGAAGTTCGATGGAT,0,1772250
hdeAp2,0.09090909090909091,10,10,GGGCAATAGAGGTTCCGGAT,0,1813189
hdeAp2,0.09090909090909091,10,10,GGCTGATTTAAGGGACTCCG,0,1772402
hdeAp2,0.09090909090909091,10,10,GGCTCTGTGGAAGCTGACCA,0,1807716
hdeAp2,0.09090909090909091,10,10,GGCTACTCGGGATGTATTTA,0,1789251
hdeAp2,0.09090909090909091,10,10,GGCTAAGCAAGCCGTTGGCT,0,1799514
hdeAp2,0.09090909090909091,10,10,GGCGTTTCTTGATCCTAATT,0,1772245
hdeAp2,0.09090909090909091,10,10,GGCGGGCACGAAGCGTCCTA,0,1781303
hdeAp2,0.09090909090909091,10,10,GGCGCGGTTAGCCCGTTATC,0,1805889
hdeAp2,0.09090909090909091,10,10,GGCGCGGGCCTGAAAATACT,0,1815240
hdeAp2,0.09090909090909091,10,10,GGCGCGCATCAAGCCCTAGG,0,1776457
hdeAp2,0.09090909090909091,10,10,GGCGAGATTGTGGGGAGTCT,0,1808135
hdeAp2,0.09090909090909091,10,10,GGCCGTTACCTCCTTATTAG,0,1807670
hdeAp2,0.09090909090909091,10,10,GGCCGTGGTAATAGTCTTAA,0,1812869
hdeAp2,0.09090909090909091,10,10,GGCCGGTCGTTGACCATCTT,0,1791075
hdeAp2,0.09090909090909091,10,10,GGCCCCTCGGTGACATACGT,0,1773719
hdeAp2,0.09090909090909091,10,10,GGCCCAACCTGTAACCACTA,0,1811161
hdeAp2,0.09090909090909091,10,10,GGCACCAGGAACCCGTAAAA,0,1805827
hdeAp2,0.09090909090909091,10,10,GGCAACGATGTCCGCTTATG,0,1813177
hdeAp2,0.09090909090909091,10,10,GGATTCAACCTTTATGATTC,0,1802200
hdeAp2,0.09090909090909091,10,10,GGATTAGTGGCAACGACGTT,0,1788550
hdeAp2,0.09090909090909091,10,10,GGATTAGGGGTTTGTTATCA,0,1783359
hdeAp2,0.09090909090909091,10,10,GGATCGCTTCACTTCCGATC,0,1780012
hdeAp2,0.09090909090909091,10,10,GGATCCGAGTTAGGACTTAT,0,1788885
hdeAp2,0.09090909090909091,10,10,GGAGTATGACCGGATCGCTG,0,1798709
hdeAp2,0.09090909090909091,10,10,GGAGAACTTCACATCTGCTA,0,1804515
hdeAp2,0.09090909090909091,10,10,GGAAAAAGTTGAACGGTTAA,0,1791134
hdeAp2,0.09090909090909091,10,10,GCTTCTGCGCCCTGGGGGCG,0,1809006
hdeAp2,0.09090909090909091,10,10,GCTTAGCATTTATCATTCTG,0,1789734
hdeAp2,0.09090909090909091,10,10,GCTCGTTACGACATACGACA,0,1793369
hdeAp2,0.09090909090909091,10,10,GCTCATTTTCAGTGGCTATA,0,1800523
hdeAp2,0.09090909090909091,10,10,GCTACGTTCGTCAATAGGGG,0,1809790
hdeAp2,0.09090909090909091,10,10,GCGTGAACAATGTTGCCCTC,0,1780696
hdeAp2,0.09090909090909091,10,10,GCGTATGTAAAATCATCATA,0,1787673
hdeAp2,0.09090909090909091,10,10,GCGCCTTTGGTTTCACATTT,0,1793286
hdeAp2,0.09090909090909091,10,10,GCGCCTGGTCGGCCTCCATC,0,1813321
hdeAp2,0.09090909090909091,10,10,GCGATTGGTGTCAGGGCGAG,0,1815916
hdeAp2,0.09090909090909091,10,10,GCGATGAACCTCTTACGTGT,0,1817464
hdeAp2,0.09090909090909091,10,10,GCGAATCTTTGCGCACACCA,0,1796751
hdeAp2,0.09090909090909091,10,10,GCGAAATAGGTTAATATTCG,0,1811686
hdeAp2,0.09090909090909091,10,10,GCCGAACTACTCGGGAATTA,0,1786846
hdeAp2,0.09090909090909091,10,10,GCCCTTCTCTGCGTCAAATG,0,1810532
hdeAp2,0.09090909090909091,10,10,GCCCGGGGCTGGGAGAGAAT,0,1808407
hdeAp2,0.09090909090909091,10,10,GCCATACGGGTCTACGAAGC,0,1785162
hdeAp2,0.09090909090909091,10,10,GCCAGAATGTAGGAGCGGCA,0,1800536
hdeAp2,0.09090909090909091,10,10,GCCACGTGAACGGAGTTCGA,0,1808560
hdeAp2,0.09090909090909091,10,10,GCAGCCTTTTCACAAGAGTA,0,1794779
hdeAp2,0.09090909090909091,10,10,GCACTAGCAGATGATTCCTG,0,1809690
hdeAp2,0.09090909090909091,10,10,GCACCGGACCACCTGGATAC,0,1827677
hdeAp2,0.09090909090909091,10,10,GCACCAAGTCCATTGACAAC,0,1773373
hdeAp2,0.09090909090909091,10,10,GATTTGAGTCACGGTGGCGG,0,1813031
hdeAp2,0.09090909090909091,10,10,GATTGAAGTTCAGCAAGGGG,0,1810724
hdeAp2,0.09090909090909091,10,10,GATTCTTTCTTTATCGGGAC,0,1777231
hdeAp2,0.09090909090909091,10,10,GATCTTTGATAGGTTTTCAT,0,1803344
hdeAp2,0.09090909090909091,10,10,GATCGTCGCTTACGCAAGAA,0,1779038
hdeAp2,0.09090909090909091,10,10,GATATCTAGCTTACTCACAG,0,1790940
hdeAp2,0.09090909090909091,10,10,GATATATTTATCCCGCACCT,0,1810629
hdeAp2,0.09090909090909091,10,10,GATAAGATAAGCAAGGTACA,0,1781792
hdeAp2,0.09090909090909091,10,10,GAGTTTGGATTATCCGTCCG,0,1807377
hdeAp2,0.09090909090909091,10,10,GAGTCACCACTAGCTTCGGC,0,1776148
hdeAp2,0.09090909090909091,10,10,GAGCTTTGGTTATGCAGGAA,0,1798933
hdeAp2,0.09090909090909091,10,10,GAGAGCCTCACGCGAAATCC,0,1811755
hdeAp2,0.09090909090909091,10,10,GAGAGAGATTTCATGCTATG,0,1801189
hdeAp2,0.09090909090909091,10,10,GAGAAGCCACATATGTATGA,0,1772394
hdeAp2,0.09090909090909091,10,10,GACGTTCGGGCACGGACAAG,0,1801352
hdeAp2,0.09090909090909091,10,10,GACGGGTCGTCTCTTACGAT,0,1819920
hdeAp2,0.09090909090909091,10,10,GACGGCGCGTGTATCAAGCA,0,1784729
hdeAp2,0.09090909090909091,10,10,GACCGTACTCCTTAGTACGT,0,1773527
hdeAp2,0.09090909090909091,10,10,GACCGGGCCACTTAGGGGCG,0,1795997
hdeAp2,0.09090909090909091,10,10,GACCCTCCTTCCTTACTCGC,0,1784122
hdeAp2,0.09090909090909091,10,10,GACCCAGTTTCCACATGCGC,0,1786685
hdeAp2,0.09090909090909091,10,10,GACCACCACATGATAACCGG,0,1824229
hdeAp2,0.09090909090909091,10,10,GACAGCTCTAGTTAGGACAT,0,1775714
hdeAp2,0.09090909090909091,10,10,GACACTAGACTGGACCAACG,0,1816069
hdeAp2,0.09090909090909091,10,10,GAATGACATCTGGTGGCCAT,0,1815693
hdeAp2,0.09090909090909091,10,10,GAAGGTCGCTTTGTTTCTAA,0,1774090
hdeAp2,0.09090909090909091,10,10,GAAGGCCTTCCTGTAACCCC,0,1818838
hdeAp2,0.09090909090909091,10,10,GAAGAACACAACTTGAACAG,0,1777646
hdeAp2,0.09090909090909091,10,10,GAACTGTAAGGGTGAGTAGG,0,1821188
hdeAp2,0.09090909090909091,10,10,GAACCGGTCCCTGTTAATTA,0,1773151
hdeAp2,0.09090909090909091,10,10,GAACCAGCGAGGTTGACGTG,0,1778698
hdeAp2,0.09090909090909091,10,10,GAACAACGATTCGCATAACT,0,1775407
hdeAp2,0.09090909090909091,10,10,GAAAGGCGGGCTGGGGTACT,0,1792606
hdeAp2,0.09090909090909091,10,10,GAAAGGACGGTCATCGGAAT,0,1800527
hdeAp2,0.09090909090909091,10,10,GAAACCGGGGTCGGTGGTAT,0,1803933
hdeAp2,0.09090909090909091,10,10,CTTTTGATGTTCCAAGGGTG,0,1813457
hdeAp2,0.09090909090909091,10,10,CTTTTCCCGTGTCTATAATC,0,1817632
hdeAp2,0.09090909090909091,10,10,CTTTGGGATGCTATTGCAAA,0,1780828
hdeAp2,0.09090909090909091,10,10,CTTTCACTCGTCTGGTAGGC,0,1782886
hdeAp2,0.09090909090909091,10,10,CTTGTCCGTCCTCAATGGAA,0,1785191
hdeAp2,0.09090909090909091,10,10,CTTGCGGCAATAGCGGCGCA,0,1827129
hdeAp2,0.09090909090909091,10,10,CTTCGTGCTGGTTGTTACCT,0,1811046
hdeAp2,0.09090909090909091,10,10,CTTCCGGGGAAGTAATCGTG,0,1802715
hdeAp2,0.09090909090909091,10,10,CTTATCGAGGGCTAAGTGGA,0,1789212
hdeAp2,0.09090909090909091,10,10,CTTAGAGTTAAGATAATTAA,0,1784782
hdeAp2,0.09090909090909091,10,10,CTGTCCCGATCGATATTACC,0,1779610
hdeAp2,0.09090909090909091,10,10,CTGGCCCAGCTCCACACAGT,0,1787755
hdeAp2,0.09090909090909091,10,10,CTGCTAAGTCACGTTGGAAA,0,1790657
hdeAp2,0.09090909090909091,10,10,CTGATTCGTCGAGGCGGGAA,0,1770942
hdeAp2,0.09090909090909091,10,10,CTGACAGGGTGACGAACAGT,0,1809408
hdeAp2,0.09090909090909091,10,10,CTGAAACGTGAGGTATATTA,0,1814869
hdeAp2,0.09090909090909091,10,10,CTCTCTGATAGTCTGACACG,0,1783909
hdeAp2,0.09090909090909091,10,10,CTCTAGGCCGCAGGGTTCGA,0,1793002
hdeAp2,0.09090909090909091,10,10,CTCGTGCTCGGAAGCCCAAG,0,1819833
hdeAp2,0.09090909090909091,10,10,CTCGGCTTTCAGATGAGGTC,0,1799838
hdeAp2,0.09090909090909091,10,10,CTCGGACCATGCCTAAACCT,0,1828155
hdeAp2,0.09090909090909091,10,10,CTCCTTATTCGGGGCTATGC,0,1786589
hdeAp2,0.09090909090909091,10,10,CTCCTCGCCGAATAGGCTGA,0,1813874
hdeAp2,0.09090909090909091,10,10,CTCAGCGTAGCCCTATGAAT,0,1802744
hdeAp2,0.09090909090909091,10,10,CTCACGTATAGGCGCGCAGC,0,1780952
hdeAp2,0.09090909090909091,10,10,CTCACGGCGATTAGACCGTG,0,1820385
hdeAp2,0.09090909090909091,10,10,CTCAAGTGCACCAGCGATGG,0,1814417
hdeAp2,0.09090909090909091,10,10,CTCAAGCCGCCCCTACGGTT,0,1782232
hdeAp2,0.09090909090909091,10,10,CTATGCGGGCGGGTCCTAAG,0,1812351
hdeAp2,0.09090909090909091,10,10,CTATGAGTATATGATGAAAA,0,1827049
hdeAp2,0.09090909090909091,10,10,CTAGAGGCACTAAAAGCCTA,0,1800812
hdeAp2,0.09090909090909091,10,10,CTACTTTTCGGAGGACCTAT,0,1796554
hdeAp2,0.09090909090909091,10,10,CTACCGCGGGAACGTCCGCA,0,1779948
hdeAp2,0.09090909090909091,10,10,CTACCCCTTAGGCAAGCTGG,0,1807293
hdeAp2,0.09090909090909091,10,10,CTAATGAATGCTGGAGAAAG,0,1793680
hdeAp2,0.09090909090909091,10,10,CTAAGTGAGGCGTAAGTAAG,0,1802328
hdeAp2,0.09090909090909091,10,10,CTAAACGTTAGCTTGCTATT,0,1794950
hdeAp2,0.09090909090909091,10,10,CGTTTGAGGAGATTGTCCTT,0,1800019
hdeAp2,0.09090909090909091,10,10,CGTGTAGTCGAGTTGTCGTT,0,1821797
hdeAp2,0.09090909090909091,10,10,CGTGGATCCGATTTTTTCTC,0,1778686
hdeAp2,0.09090909090909091,10,10,CGTCTCCCTCACCGTTAATT,0,1793752
hdeAp2,0.09090909090909091,10,10,CGTCACGGGACCCTAGGCTT,0,1776930
hdeAp2,0.09090909090909091,10,10,CGGTTAGGGCTGCAAGCAAC,0,1772564
hdeAp2,0.09090909090909091,10,10,CGGGATTATAGTCTGCTCAG,0,1797265
hdeAp2,0.09090909090909091,10,10,CGGCGAAGTAGTTGCGGTCG,0,1801413
hdeAp2,0.09090909090909091,10,10,CGGCCGTTGGGTGCCTGGTA,0,1807494
hdeAp2,0.09090909090909091,10,10,CGGCCGTATGCACCAGTACT,0,1783411
hdeAp2,0.09090909090909091,10,10,CGGCACTATTTAAGCTAACT,0,1808308
hdeAp2,0.09090909090909091,10,10,CGGAAAAACAGCACGGACTT,0,1787324
hdeAp2,0.09090909090909091,10,10,CGCTTTCGGACAGAAGCGTT,0,1808422
hdeAp2,0.09090909090909091,10,10,CGCTTTCGAGGGGGTTTGGA,0,1814939
hdeAp2,0.09090909090909091,10,10,CGCTTCACCGTAATTAGGTG,0,1804118
hdeAp2,0.09090909090909091,10,10,CGCGTCCCCAACAGGATGGC,0,1808709
hdeAp2,0.09090909090909091,10,10,CGCGCCAGACTGTGCAGGAC,0,1791937
hdeAp2,0.09090909090909091,10,10,CGCGCAGGCCGCACACGTTC,0,1803275
hdeAp2,0.09090909090909091,10,10,CGCGACAACCATGCCCCTTT,0,1823927
hdeAp2,0.09090909090909091,10,10,CGCCGCTTTCGCGACGGCAA,0,1824257
hdeAp2,0.09090909090909091,10,10,CGCAGGATGCTTCTGAAAGA,0,1778229
hdeAp2,0.09090909090909091,10,10,CGCAAGTCACTGAAGTTTCT,0,1824394
hdeAp2,0.09090909090909091,10,10,CGATTCATTCCTGAGATAGT,0,1790396
hdeAp2,0.09090909090909091,10,10,CGATTCAGCCGACCCGTGAA,0,1827911
hdeAp2,0.09090909090909091,10,10,CGATTAAGGAGGGCGCCGGC,0,1790218
hdeAp2,0.09090909090909091,10,10,CGATGCTAGCATTGTAGGAG,0,1780415
hdeAp2,0.09090909090909091,10,10,CGATGAGGGCGTCCTGCAAT,0,1772300
hdeAp2,0.09090909090909091,10,10,CGATAGGTCTCCGACAACTG,0,1789691
hdeAp2,0.09090909090909091,10,10,CGAGGACAGCAGTCGCTGGA,0,1813823
hdeAp2,0.09090909090909091,10,10,CGACAGTATTTTCAGTGTTG,0,1787883
hdeAp2,0.09090909090909091,10,10,CGAATCTATGCAGCCTTCAG,0,1775557
hdeAp2,0.09090909090909091,10,10,CGAAGCGTCACAGACGGTTT,0,1805387
hdeAp2,0.09090909090909091,10,10,CGAAAACGTGTCTCGACCAG,0,1780727
hdeAp2,0.09090909090909091,10,10,CCTTGATTAGGGCATCATGG,0,1774061
hdeAp2,0.09090909090909091,10,10,CCTTAATGACCGTTCGTGGC,0,1797870
hdeAp2,0.09090909090909091,10,10,CCTTAAGTACTATTTGATAA,0,1792684
hdeAp2,0.09090909090909091,10,10,CCTGTTGTGCTTTAATGCAG,0,1802924
hdeAp2,0.09090909090909091,10,10,CCTGTTCTCCCGGGTGGTGT,0,1780429
hdeAp2,0.09090909090909091,10,10,CCTGCACCACGTGTGGTCCA,0,1821687
hdeAp2,0.09090909090909091,10,10,CCTCGCTTTTCAACCGTAGT,0,1808240
hdeAp2,0.09090909090909091,10,10,CCTCATAGCGGTTCAAAACT,0,1803006
hdeAp2,0.09090909090909091,10,10,CCGTTAACTCCTTGATCCTT,0,1806627
hdeAp2,0.09090909090909091,10,10,CCGTATTTGTAAATACATCC,0,1802290
hdeAp2,0.09090909090909091,10,10,CCGTAGCAAAGTTATAGCAC,0,1773383
hdeAp2,0.09090909090909091,10,10,CCGGATTCCGCAGCAGCGCT,0,1801925
hdeAp2,0.09090909090909091,10,10,CCGCTTTCCAACCTGTATAT,0,1819682
hdeAp2,0.09090909090909091,10,10,CCGCGATATTGAGGGGACGC,0,1785630
hdeAp2,0.09090909090909091,10,10,CCGCCTGAGCGGGAAGCTGG,0,1788646
hdeAp2,0.09090909090909091,10,10,CCGATGGCTGCCTTCCGCAT,0,1789428
hdeAp2,0.09090909090909091,10,10,CCGAGCCAGGCGCACACCAT,0,1802402
hdeAp2,0.09090909090909091,10,10,CCGACGCCCGGGCGGTCTCT,0,1795475
hdeAp2,0.09090909090909091,10,10,CCGAAACACATCCTGGTGGC,0,1773659
hdeAp2,0.09090909090909091,10,10,CCCTGGTAATTCTCGAGCCA,0,1789979
hdeAp2,0.09090909090909091,10,10,CCCTCTTGAATATTAGAGTT,0,1817394
hdeAp2,0.09090909090909091,10,10,CCCGTTTCCGGCTTTGCCGC,0,1792458
hdeAp2,0.09090909090909091,10,10,CCCGCAGGCCAATCATACAA,0,1809490
hdeAp2,0.09090909090909091,10,10,CCCCGAGAGGTACTTCGGGA,0,1795390
hdeAp2,0.09090909090909091,10,10,CCCCCTAGTTCCGTCTCATG,0,1811202
hdeAp2,0.09090909090909091,10,10,CCCCAGGCGCGCATTCGGAG,0,1815596
hdeAp2,0.09090909090909091,10,10,CCCCAGGAAGCTGATACCTA,0,1809719
hdeAp2,0.09090909090909091,10,10,CCCATCCCCTGTGAGCCGTG,0,1810042
hdeAp2,0.09090909090909091,10,10,CCCAGTAGGAGCTACGTATT,0,1798865
hdeAp2,0.09090909090909091,10,10,CCATGTGTATGCACCGTCTG,0,1805776
hdeAp2,0.09090909090909091,10,10,CCATCGTGATGTCCTTAAAG,0,1781688
hdeAp2,0.09090909090909091,10,10,CCATAACAGGAGGTAGAGAG,0,1777580
hdeAp2,0.09090909090909091,10,10,CCAGGGATTAGGAGCATAAA,0,1800315
hdeAp2,0.09090909090909091,10,10,CCACGGCAACAAGTCTACAC,0,1820300
hdeAp2,0.09090909090909091,10,10,CCAATGGCTAGTTAGATCAA,0,1775857
hdeAp2,0.09090909090909091,10,10,CCAATAGACGAAGGCCTGAT,0,1796601
hdeAp2,0.09090909090909091,10,10,CCAACGCGGGTGGCGTAGTG,0,1799079
hdeAp2,0.09090909090909091,10,10,CATTTTAGCAAGGGTGTGTG,0,1818974
hdeAp2,0.09090909090909091,10,10,CATTGGTCAGTCGTGAGAAT,0,1800439
hdeAp2,0.09090909090909091,10,10,CATTCGGTCGCCAGATAATG,0,1795241
hdeAp2,0.09090909090909091,10,10,CATCTGCGCTTTGAGGTCCA,0,1814117
hdeAp2,0.09090909090909091,10,10,CATCCCCCATGACGGATAGG,0,1797818
hdeAp2,0.09090909090909091,10,10,CATAGCAACGGATGTACAGG,0,1786992
hdeAp2,0.09090909090909091,10,10,CAGGCAGGAGAGGATACAGT,0,1797209
hdeAp2,0.09090909090909091,10,10,CAGCCCGCGGCTACCCGCTG,0,1775789
hdeAp2,0.09090909090909091,10,10,CAGATCGCCATCATGGCTCG,0,1820913
hdeAp2,0.09090909090909091,10,10,CAGAGTTTTCCTTTACGGTG,0,1806807
hdeAp2,0.09090909090909091,10,10,CAGAACAGCGCCCACGCGCA,0,1802563
hdeAp2,0.09090909090909091,10,10,CACTTTGGTCTCAACAAAGA,0,1789662
hdeAp2,0.09090909090909091,10,10,CACTTGCCGCTTGTGACAGC,0,1771737
hdeAp2,0.09090909090909091,10,10,CACTGACCCGTGCGTCTGAC,0,1811222
hdeAp2,0.09090909090909091,10,10,CACTCTTGCGCACTATGCTG,0,1798972
hdeAp2,0.09090909090909091,10,10,CACTAGGCAGAGAAAACGCA,0,1778403
hdeAp2,0.09090909090909091,10,10,CACGGTCCCTCACTCTATCA,0,1804103
hdeAp2,0.09090909090909091,10,10,CACCCGGACGGCGCAACCAG,0,1778063
hdeAp2,0.09090909090909091,10,10,CACAGTATGGACTCAGGTCT,0,1806963
hdeAp2,0.09090909090909091,10,10,CAATATGCGCTCAGAATGTC,0,1805757
hdeAp2,0.09090909090909091,10,10,CAAGACCGGGTTAAAGGCTG,0,1797645
hdeAp2,0.09090909090909091,10,10,CAACCGCCATCCAAGTCACG,0,1819617
hdeAp2,0.09090909090909091,10,10,CAACAGTCCTGTGGGATAAT,0,1806362
hdeAp2,0.09090909090909091,10,10,CAAAGGCTCGGACACTGCGA,0,1814068
hdeAp2,0.09090909090909091,10,10,CAAACGACAATCGCCACGTT,0,1804599
hdeAp2,0.09090909090909091,10,10,CAAACACCTCGTACTACTTT,0,1801757
hdeAp2,0.09090909090909091,10,10,ATTGTTTAAGGGAGTATCGC,0,1785481
hdeAp2,0.09090909090909091,10,10,ATTCTCAACTTCAGAAAACC,0,1792581
hdeAp2,0.09090909090909091,10,10,ATTCGTGTTATTAATAGGTC,0,1790740
hdeAp2,0.09090909090909091,10,10,ATTCGTCGTTTGGGTTGCGA,0,1828194
hdeAp2,0.09090909090909091,10,10,ATTCATGGTACACGCCATGT,0,1804158
hdeAp2,0.09090909090909091,10,10,ATTCATCTGTTTTTAAAGAA,0,1804616
hdeAp2,0.09090909090909091,10,10,ATTAAGCAACTAGAATCCGG,0,1812165
hdeAp2,0.09090909090909091,10,10,ATGTTCAGGTTGATTCCTAT,0,1827177
hdeAp2,0.09090909090909091,10,10,ATGTGGTGGAAATGAGTGGT,0,1824322
hdeAp2,0.09090909090909091,10,10,ATGTGGCACTACAATCACTG,0,1796839
hdeAp2,0.09090909090909091,10,10,ATGTGCTTCATCAATTACGG,0,1790275
hdeAp2,0.09090909090909091,10,10,ATGTGAGACGCGCCTTTACT,0,1778596
hdeAp2,0.09090909090909091,10,10,ATGTCCTCAGCAATTTTTAG,0,1819217
hdeAp2,0.09090909090909091,10,10,ATGGCATGTCGCAGTTCGAT,0,1800901
hdeAp2,0.09090909090909091,10,10,ATGGAGGAGCAAATTTCACA,0,1825124
hdeAp2,0.09090909090909091,10,10,ATGCTTAATAAGGCGAACGT,0,1820421
hdeAp2,0.09090909090909091,10,10,ATGCGAGTCAATATAAACTT,0,1816316
hdeAp2,0.09090909090909091,10,10,ATGCCACTGGGTTGATTAAA,0,1824092
hdeAp2,0.09090909090909091,10,10,ATGCACAACGATCGCTTGAA,0,1781677
hdeAp2,0.09090909090909091,10,10,ATGATTCATAACAGGAAGAA,0,1825464
hdeAp2,0.09090909090909091,10,10,ATCTGTTTGGGGTACACGGG,0,1813742
hdeAp2,0.09090909090909091,10,10,ATCTCCGAAATGGTATAATC,0,1802511
hdeAp2,0.09090909090909091,10,10,ATCTCCAGCCCCATCAGCAA,0,1791346
hdeAp2,0.09090909090909091,10,10,ATCGTCCCGTACGGACTTAC,0,1822228
hdeAp2,0.09090909090909091,10,10,ATCGTACCTCTATGTCCGCG,0,1774536
hdeAp2,0.09090909090909091,10,10,ATCGGATGCACTAATCCTTT,0,1801805
hdeAp2,0.09090909090909091,10,10,ATCGAATTGCGCGTACTCAT,0,1820716
hdeAp2,0.09090909090909091,10,10,ATCCTCTGAATTGTGCTGAA,0,1778688
hdeAp2,0.09090909090909091,10,10,ATCCACTAAGGCGAAAGGTG,0,1826146
hdeAp2,0.09090909090909091,10,10,ATCACAAGAAACAATCTTAT,0,1802730
hdeAp2,0.09090909090909091,10,10,ATCAAGGATAGGTAGACATG,0,1820182
hdeAp2,0.09090909090909091,10,10,ATATTTCCAGAAATGCACCT,0,1800200
hdeAp2,0.09090909090909091,10,10,ATATTGGCCTCGTTGTCTGG,0,1781821
hdeAp2,0.09090909090909091,10,10,ATATCGCGTGCGGTGGATGC,0,1817289
hdeAp2,0.09090909090909091,10,10,ATAGTTTCTCGGCTCCGTTC,0,1809336
hdeAp2,0.09090909090909091,10,10,ATAGGTGTTGGACATTTCCT,0,1824159
hdeAp2,0.09090909090909091,10,10,ATAATGCGCCCCCAATTTAT,0,1791882
hdeAp2,0.09090909090909091,10,10,AGTTTCGAACCTCTCCCTCA,0,1773322
hdeAp2,0.09090909090909091,10,10,AGTTGTTCGTATCCATTCAA,0,1806384
hdeAp2,0.09090909090909091,10,10,AGTTCCGTGTACTCGTCTGA,0,1772715
hdeAp2,0.09090909090909091,10,10,AGTTAATGCAGTTGGTTCTT,0,1774972
hdeAp2,0.09090909090909091,10,10,AGTCTAACGGTGCAATGGAC,0,1815874
hdeAp2,0.09090909090909091,10,10,AGTCGCGGATCCGTTCAAAA,0,1808352
hdeAp2,0.09090909090909091,10,10,AGTCATTGATACAAACTATT,0,1803996
hdeAp2,0.09090909090909091,10,10,AGTCATGGGTCAGTTGAACG,0,1788189
hdeAp2,0.09090909090909091,10,10,AGTAGTGCTGGGATACGTTT,0,1803261
hdeAp2,0.09090909090909091,10,10,AGGTACGTACCGGCGACCTA,0,1772696
hdeAp2,0.09090909090909091,10,10,AGGGGGTAGTGTTGGCTGCA,0,1793415
hdeAp2,0.09090909090909091,10,10,AGGGCCTGGCGTATGACTTG,0,1795994
hdeAp2,0.09090909090909091,10,10,AGGCAGTGCTGGCACTTGTA,0,1776580
hdeAp2,0.09090909090909091,10,10,AGCGGAGTTTACGCTTAGTA,0,1816823
hdeAp2,0.09090909090909091,10,10,AGCAGGGGACTTTTCAAACA,0,1807961
hdeAp2,0.09090909090909091,10,10,AGCAGGCCGGACGGAGGCCA,0,1779156
hdeAp2,0.09090909090909091,10,10,AGCACTCATAGACCGCAATT,0,1779419
hdeAp2,0.09090909090909091,10,10,AGCACCGGCTTATATTGGCA,0,1822691
hdeAp2,0.09090909090909091,10,10,AGCAAGGGGCACGGGGCGAC,0,1780905
hdeAp2,0.09090909090909091,10,10,AGATGGGCTTTACCCTGTAC,0,1778491
hdeAp2,0.09090909090909091,10,10,AGATGAAGGAGTCCGCAAAA,0,1806587
hdeAp2,0.09090909090909091,10,10,AGAGCGTAGATTGTAGGCAA,0,1799228
hdeAp2,0.09090909090909091,10,10,AGACTTAGCTATGCTTTCGT,0,1789039
hdeAp2,0.09090909090909091,10,10,AGAATTGCAATAAGGAGGAC,0,1790411
hdeAp2,0.09090909090909091,10,10,ACTTTTAAAGTAAACGGAGT,0,1799054
hdeAp2,0.09090909090909091,10,10,ACTTTGACGACTAGCGCTCT,0,1784343
hdeAp2,0.09090909090909091,10,10,ACTTGCAATATTAAAGGTTC,0,1771465
hdeAp2,0.09090909090909091,10,10,ACTTCGCGGGCGGGCCGCTT,0,1801574
hdeAp2,0.09090909090909091,10,10,ACTGTCGCATGGGCGGTTAT,0,1773513
hdeAp2,0.09090909090909091,10,10,ACTCACGAAAAGCCGGAGAA,0,1774032
hdeAp2,0.09090909090909091,10,10,ACTACAATTGGAGGCACGCT,0,1809185
hdeAp2,0.09090909090909091,10,10,ACTAACATCAGTCGATTACT,0,1826593
hdeAp2,0.09090909090909091,10,10,ACGTGCGTTAATATCCCTAG,0,1820508
hdeAp2,0.09090909090909091,10,10,ACGTCCACTGCATGAGAGGA,0,1790118
hdeAp2,0.09090909090909091,10,10,ACGTAACATAATAACTAGAG,0,1798433
hdeAp2,0.09090909090909091,10,10,ACGGTGAGATCCACATGCTA,0,1771504
hdeAp2,0.09090909090909091,10,10,ACGGGATGTAAAGAATCACG,0,1799731
hdeAp2,0.09090909090909091,10,10,ACGGCCGCAACGTAGAACTA,0,1789543
hdeAp2,0.09090909090909091,10,10,ACGGACTCTCTATGACGTGA,0,1800706
hdeAp2,0.09090909090909091,10,10,ACGGAAGAGCGCTTCCACAA,0,1817676
hdeAp2,0.09090909090909091,10,10,ACGCGCACTGGGAGTTCATC,0,1815751
hdeAp2,0.09090909090909091,10,10,ACGCCGTCCTGAAACGCGAT,0,1810753
hdeAp2,0.09090909090909091,10,10,ACGCACCCACTACCCAAACT,0,1791554
hdeAp2,0.09090909090909091,10,10,ACGATGACCTGCCTACTGGG,0,1778189
hdeAp2,0.09090909090909091,10,10,ACGATAGGCAGTACAATTTA,0,1771426
hdeAp2,0.09090909090909091,10,10,ACCTGCCGTCGAATCGTAGG,0,1828592
hdeAp2,0.09090909090909091,10,10,ACCTACGATACCCGTGATGT,0,1794205
hdeAp2,0.09090909090909091,10,10,ACCGTCAGTGCGACGAACGA,0,1800753
hdeAp2,0.09090909090909091,10,10,ACCGGCGTTGCGTCGTACGA,0,1825508
hdeAp2,0.09090909090909091,10,10,ACCGCGTGTTATGTTCCGTC,0,1775240
hdeAp2,0.09090909090909091,10,10,ACCGACCGGTGAATCTCCAG,0,1775177
hdeAp2,0.09090909090909091,10,10,ACCCATCTTAATCAAGAGGT,0,1820463
hdeAp2,0.09090909090909091,10,10,ACCATTTCTGTGAGTTTCCC,0,1780220
hdeAp2,0.09090909090909091,10,10,ACCAGTGTCAAGCATTTTGA,0,1805631
hdeAp2,0.09090909090909091,10,10,ACCAGAAATGGATACCACGG,0,1820878
hdeAp2,0.09090909090909091,10,10,ACCACGCTGGGGAATATTGC,0,1780355
hdeAp2,0.09090909090909091,10,10,ACATGTTGAAGGGTGCCTCA,0,1803864
hdeAp2,0.09090909090909091,10,10,ACATAAGTTTTACAACGATT,0,1787125
hdeAp2,0.09090909090909091,10,10,ACAGGTAGGCAGGATGATCA,0,1812687
hdeAp2,0.09090909090909091,10,10,ACAGGAATAGACCCCTAGAT,0,1810090
hdeAp2,0.09090909090909091,10,10,ACAGATAGATCACCATTGTT,0,1782460
hdeAp2,0.09090909090909091,10,10,ACACTTGCTGGCCATTGGGT,0,1787549
hdeAp2,0.09090909090909091,10,10,ACACCAGGATAGCAACGAAC,0,1799099
hdeAp2,0.09090909090909091,10,10,ACACACTATTGGGCTTCTGC,0,1815380
hdeAp2,0.09090909090909091,10,10,ACAATCATGCGGACTTTCTG,0,1780328
hdeAp2,0.09090909090909091,10,10,ACAAATTTTTCTGGGACCGA,0,1801632
hdeAp2,0.09090909090909091,10,10,ACAAACTTATGCTCAGTGTC,0,1813999
hdeAp2,0.09090909090909091,10,10,ACAAACCAACTGGTCCGTGG,0,1822237
hdeAp2,0.09090909090909091,10,10,AATTATATACAGCACAACGT,0,1806582
hdeAp2,0.09090909090909091,10,10,AATTAGCATAGTCTACCCTT,0,1822500
hdeAp2,0.09090909090909091,10,10,AATCTCCCGACACCTTACAG,0,1785289
hdeAp2,0.09090909090909091,10,10,AATCGTGCCGATCCCCCCCA,0,1810635
hdeAp2,0.09090909090909091,10,10,AATCCGGGCAGAAAAAGGCA,0,1783508
hdeAp2,0.09090909090909091,10,10,AATCCATGGACCATAGGTGC,0,1819954
hdeAp2,0.09090909090909091,10,10,AATCAACGAGCATTGGTACA,0,1799521
hdeAp2,0.09090909090909091,10,10,AATACAGTGACTCAACCCGA,0,1797015
hdeAp2,0.09090909090909091,10,10,AAGGGTAAACACTATTCACT,0,1784963
hdeAp2,0.09090909090909091,10,10,AAGGACGACGCAGTATTTCA,0,1780499
hdeAp2,0.09090909090909091,10,10,AAGCTAGTCCGCAGCGGTTT,0,1808303
hdeAp2,0.09090909090909091,10,10,AAGCGCACCTCGTTGGATCT,0,1809221
hdeAp2,0.09090909090909091,10,10,AAGATGGAATAAGACTGTAC,0,1799332
hdeAp2,0.09090909090909091,10,10,AAGAATGACAGCCCATTCAT,0,1811987
hdeAp2,0.09090909090909091,10,10,AACCAACCTACCGTCGAAGG,0,1774607
hdeAp2,0.09090909090909091,10,10,AACATGAGTAATGCAATATC,0,1790877
hdeAp2,0.09090909090909091,10,10,AAATTACCTGGGGGGATGAA,0,1784290
hdeAp2,0.09090909090909091,10,10,AAATGGTAGGTAAAATGTGA,0,1804801
hdeAp2,0.09090909090909091,10,10,AAATCTACCCTTCACAACCT,0,1785862
hdeAp2,0.09090909090909091,10,10,AAAGACGTCACGGGGGACGT,0,1782245
hdeAp2,0.09090909090909091,10,10,AAACTGAGACCGAACGTGAC,0,1816042
hdeAp2,0.09090909090909091,10,10,AAACTATGGAGTACACTACG,0,1791894
hdeAp2,0.09090909090909091,10,10,AAACGTCTGAAGTCTCGGAG,0,1789900
hdeAp2,0.09090909090909091,10,10,AAACCGCTTTAATAAGGCAT,0,1828077
hdeAp2,0.09090909090909091,10,10,AAACAGCCACGGTCTATGCA,0,1781078
hdeAp2,0.09090909090909091,10,10,AAAATGGCGGTGGGCCTCGA,0,1795476
hdeAp2,0.09090909090909091,10,10,AAAATGAGTGGCGGAACAAT,0,1802052
hdeAp2,0.09090909090909091,10,10,AAAAGCGAAGCACTGGCCCC,0,1786252
hdeAp2,0.1,9,9,TTTTTCGTTTAGGTGTCGCT,0,1780200
hdeAp2,0.1,9,9,TTTTGACCGATTAAATCTGG,0,1808234
hdeAp2,0.1,9,9,TTTGGGATTGGTGCTGAGCA,0,1779756
hdeAp2,0.1,9,9,TTTGAGGATCACCAATTATG,0,1790436
hdeAp2,0.1,9,9,TTTCCCTGATTACGACCCAA,0,1780139
hdeAp2,0.1,9,9,TTTCACCAGGGTCCGGCAGT,0,1783683
hdeAp2,0.1,9,9,TTTATGCAACAGGGGCATAC,0,1807763
hdeAp2,0.1,9,9,TTTATCTAAAGAACGTTACC,0,1799048
hdeAp2,0.1,9,9,TTTATAGCGTCAATCTACTA,0,1793824
hdeAp2,0.1,9,9,TTTACGCCAGGACAGTTTAG,0,1805365
hdeAp2,0.1,9,9,TTGTGCACGACCCTATAGGA,0,1819629
hdeAp2,0.1,9,9,TTGTGAGACATTACACCAAT,0,1774479
hdeAp2,0.1,9,9,TTGTCGCATTCGTGTGGATC,0,1773222
hdeAp2,0.1,9,9,TTGTATTCCTGAGAGTTGCA,0,1788124
hdeAp2,0.1,9,9,TTGTAAGCTGCTCGCCTTTG,0,1787093
hdeAp2,0.1,9,9,TTGGGCTAAACGCGGCAGGG,0,1796271
hdeAp2,0.1,9,9,TTGGCAAAATGAAATCGTGT,0,1797295
hdeAp2,0.1,9,9,TTGCTTATCAATGTTGATAG,0,1787375
hdeAp2,0.1,9,9,TTGCGGCTTTAAAGACGAGC,0,1814270
hdeAp2,0.1,9,9,TTGCCTCTCGTTCCCAACAG,0,1778501
hdeAp2,0.1,9,9,TTGCCAAACCGTAGATTGCA,0,1788608
hdeAp2,0.1,9,9,TTGCATGAGTAGTAGTAGAC,0,1823679
hdeAp2,0.1,9,9,TTGATAGCGATTAGAGCACA,0,1801558
hdeAp2,0.1,9,9,TTGAGACGTTAAGGAGTGTA,0,1823527
hdeAp2,0.1,9,9,TTCTTTCAATAAATCACACT,0,1827364
hdeAp2,0.1,9,9,TTCTTCATACGACATTCAGC,0,1822236
hdeAp2,0.1,9,9,TTCTATTTTCTTTTGCCACT,0,1824393
hdeAp2,0.1,9,9,TTCTATATAGGCTTTAACAT,0,1789473
hdeAp2,0.1,9,9,TTCTACGCTGGTTCGATTAG,0,1799176
hdeAp2,0.1,9,9,TTCGTTGTGGATTGCCTTGC,0,1811339
hdeAp2,0.1,9,9,TTCGTTGTACATTACTGTAT,0,1770967
hdeAp2,0.1,9,9,TTCGGTGTGCTATAGATACC,0,1806930
hdeAp2,0.1,9,9,TTCGGCGGCCCAGTTTTTAT,0,1776710
hdeAp2,0.1,9,9,TTCCTAACGGACGTACAGTC,0,1804176
hdeAp2,0.1,9,9,TTATTGAGCTCCACGCTTCT,0,1801807
hdeAp2,0.1,9,9,TTATTAAGCACCTAGGGATA,0,1776579
hdeAp2,0.1,9,9,TTATATTCCTGCGAGCTCAA,0,1797313
hdeAp2,0.1,9,9,TTAGACGAACAGCCCTAGCA,0,1782814
hdeAp2,0.1,9,9,TTACTTTCGTAGTTCATGCA,0,1782498
hdeAp2,0.1,9,9,TTAAGGGTTTGCGAAACTAT,0,1776466
hdeAp2,0.1,9,9,TTAACTTTAGGCACACACGC,0,1785864
hdeAp2,0.1,9,9,TTAACATGGTGACCGGGCGG,0,1771105
hdeAp2,0.1,9,9,TGTTTGGCGTATAGGCCAAC,0,1793073
hdeAp2,0.1,9,9,TGTTTCTTTAGCGTACGCAT,0,1773507
hdeAp2,0.1,9,9,TGTTGTTTGAGCAACTACGC,0,1790258
hdeAp2,0.1,9,9,TGTTGTACGGGTGCCTGGTA,0,1803591
hdeAp2,0.1,9,9,TGTTGGCGTAGTGATAATGA,0,1793308
hdeAp2,0.1,9,9,TGTGTCTTGCGGCACTTAAC,0,1794300
hdeAp2,0.1,9,9,TGTGCTTAGCCGGACGGACA,0,1799131
hdeAp2,0.1,9,9,TGTCTCAACTTAGTGCATAC,0,1823871
hdeAp2,0.1,9,9,TGTCACATATCCTGGGGGAT,0,1771210
hdeAp2,0.1,9,9,TGTAGATCGTCTTTTTAACT,0,1826076
hdeAp2,0.1,9,9,TGTACTTGCCACTATCTCAC,0,1800412
hdeAp2,0.1,9,9,TGGTTGTAGAGTGCTGTGGG,0,1786052
hdeAp2,0.1,9,9,TGGTGTAAGCGCGCCACACG,0,1804511
hdeAp2,0.1,9,9,TGGTCTTATCGGATGTACGT,0,1809379
hdeAp2,0.1,9,9,TGGTCTGTTAAGCCTCCTTT,0,1787413
hdeAp2,0.1,9,9,TGGTCTCACGGATACTGGGT,0,1819665
hdeAp2,0.1,9,9,TGGTCAAACTGGATGAGCGT,0,1803146
hdeAp2,0.1,9,9,TGGTATTCCGTACTCGTTAC,0,1786099
hdeAp2,0.1,9,9,TGGTACTTGGGATTCAGGCC,0,1802487
hdeAp2,0.1,9,9,TGGGTCAGATAGGGCGCGGA,0,1812188
hdeAp2,0.1,9,9,TGGGACCGTTCGGGAGAAAA,0,1792689
hdeAp2,0.1,9,9,TGGCTCGCCCAATGATGATT,0,1814082
hdeAp2,0.1,9,9,TGGCTAGATTTATAGTGGAT,0,1771972
hdeAp2,0.1,9,9,TGGCGTTGCAAATTCGTAGA,0,1789491
hdeAp2,0.1,9,9,TGGCGTCTATATGCGCCGTT,0,1805043
hdeAp2,0.1,9,9,TGGCCCTTCGTCGTATTACC,0,1774733
hdeAp2,0.1,9,9,TGGATAGGTACCATGCGAGG,0,1797930
hdeAp2,0.1,9,9,TGGAACTTATAGCGGTCCCG,0,1776766
hdeAp2,0.1,9,9,TGCTGCGATGAAGGGACTTG,0,1804224
hdeAp2,0.1,9,9,TGCCTAACTGTCAAGATTGC,0,1823928
hdeAp2,0.1,9,9,TGCCCTTCCAGGACGGGTTT,0,1800464
hdeAp2,0.1,9,9,TGCCCACTAGGGTGCCTCTC,0,1824753
hdeAp2,0.1,9,9,TGCAGTTGAGACGGGTGGAT,0,1813954
hdeAp2,0.1,9,9,TGCAGTAAGATGTTACAGAG,0,1825432
hdeAp2,0.1,9,9,TGAATAGGGCCCAGACAGAC,0,1795400
hdeAp2,0.1,9,9,TGAAGTAAGTGTAGTGTACA,0,1773965
hdeAp2,0.1,9,9,TGAAGACGGGTACCTTTCGA,0,1771031
hdeAp2,0.1,9,9,TGAACAGACTTTGGTTATCC,0,1805654
hdeAp2,0.1,9,9,TCTTTTGAGATTCCAACCAG,0,1777802
hdeAp2,0.1,9,9,TCTTGGACCGCACCGAATCC,0,1822417
hdeAp2,0.1,9,9,TCTTCGTGAAGATATGTACA,0,1793393
hdeAp2,0.1,9,9,TCTTCGCTAATTCGGCAACG,0,1778206
hdeAp2,0.1,9,9,TCTTCCGTGACCGGAATCCT,0,1796970
hdeAp2,0.1,9,9,TCTGTAGGCCTGCGCCAAGT,0,1774126
hdeAp2,0.1,9,9,TCTGTAATTCGGGCTGCGGC,0,1775694
hdeAp2,0.1,9,9,TCTGGGGATGTGGATTCCGC,0,1824412
hdeAp2,0.1,9,9,TCTGGCTAGCTCCACTTCGA,0,1781718
hdeAp2,0.1,9,9,TCTCTTGGTTCTCTATAGCG,0,1828671
hdeAp2,0.1,9,9,TCTCGCGTGGTGGGTACACA,0,1816083
hdeAp2,0.1,9,9,TCTATTAAGTTAGCCTGTCT,0,1783611
hdeAp2,0.1,9,9,TCTATGTACCCTACTTTTGT,0,1821897
hdeAp2,0.1,9,9,TCTAAAGTTGGGTCGTTTGG,0,1804367
hdeAp2,0.1,9,9,TCGTGTACTATCTCCCCAGT,0,1776051
hdeAp2,0.1,9,9,TCGTCTATGGAGCCCTTCGC,0,1814640
hdeAp2,0.1,9,9,TCGTAGATCAGGGTATGATC,0,1791097
hdeAp2,0.1,9,9,TCGGTGAGGGCGTGCCTCTA,0,1800867
hdeAp2,0.1,9,9,TCGGGTTGGCCATGCACTAC,0,1781019
hdeAp2,0.1,9,9,TCGGGCTATTCTTTCCAACG,0,1811044
hdeAp2,0.1,9,9,TCGGGCATCTGCCTCTACGA,0,1808355
hdeAp2,0.1,9,9,TCGGAATGCCTTAGTAGTGT,0,1812636
hdeAp2,0.1,9,9,TCGCGTCGTGGGCTCTTGCG,0,1784841
hdeAp2,0.1,9,9,TCGCGAACCCGACGGGACGG,0,1792003
hdeAp2,0.1,9,9,TCGCCCGCCGCAATTAGATC,0,1790170
hdeAp2,0.1,9,9,TCGCATGAAGATAGGGCTAA,0,1823604
hdeAp2,0.1,9,9,TCGACTGCGCGGCAAAGGAG,0,1774565
hdeAp2,0.1,9,9,TCCTGGGGGCGGCATAGCCA,0,1816035
hdeAp2,0.1,9,9,TCCGTTAATACCTGGGGATT,0,1771237
hdeAp2,0.1,9,9,TCCGAAAGGCCTGGAACTCT,0,1795213
hdeAp2,0.1,9,9,TCCCGATCTGTTCACCTGCA,0,1795340
hdeAp2,0.1,9,9,TCCCCTAGCGGCTATCCAGC,0,1790916
hdeAp2,0.1,9,9,TCCATGCACGGCCAAGCTGG,0,1773001
hdeAp2,0.1,9,9,TCCATATTGTGCCTTCATCG,0,1819846
hdeAp2,0.1,9,9,TCCAGCCCGCCCGGGACGGG,0,1800542
hdeAp2,0.1,9,9,TCATTGGGGAGTCGGTAGCT,0,1804592
hdeAp2,0.1,9,9,TCATTATCGGATGTCTCGGT,0,1818008
hdeAp2,0.1,9,9,TCATGGTCCAGGAACATGTT,0,1812166
hdeAp2,0.1,9,9,TCATACGATGTACACAGGGC,0,1825600
hdeAp2,0.1,9,9,TCAGGAGGTTTACGACATAG,0,1778471
hdeAp2,0.1,9,9,TCAGACTCCTGTTGACAGTT,0,1791222
hdeAp2,0.1,9,9,TCACCCTTAACTACTGGAGT,0,1808897
hdeAp2,0.1,9,9,TCACCAGGCTCGGTCAGAGG,0,1826137
hdeAp2,0.1,9,9,TCAATCTTGCCCCCTCGCGA,0,1779425
hdeAp2,0.1,9,9,TATGCTGGGGTGGTCGATCT,0,1795150
hdeAp2,0.1,9,9,TATGATTCTGGTGTATATGA,0,1796184
hdeAp2,0.1,9,9,TATAGACGATCACACAAATA,0,1782811
hdeAp2,0.1,9,9,TATACGCAAGCCCGATCTTA,0,1808433
hdeAp2,0.1,9,9,TAGTGACCATAATTAGCCAT,0,1809199
hdeAp2,0.1,9,9,TAGGTTCGTGCGGGCGGTGT,0,1799735
hdeAp2,0.1,9,9,TAGGGTCAAGATTGTGCACG,0,1774149
hdeAp2,0.1,9,9,TAGGGGCTCGGAAACTGAGA,0,1785595
hdeAp2,0.1,9,9,TAGGGCACTACCTCCAATGA,0,1797743
hdeAp2,0.1,9,9,TAGGCATTCTACTATAAGTT,0,1771234
hdeAp2,0.1,9,9,TAGCTAGCGTTTCAAAATGT,0,1811384
hdeAp2,0.1,9,9,TAGCCGCTCTGATTATGCCA,0,1790800
hdeAp2,0.1,9,9,TAGCATAACTACAGAAGGGT,0,1822827
hdeAp2,0.1,9,9,TAGATGGTAAGGGTAGGCGA,0,1827388
hdeAp2,0.1,9,9,TAGAGTAAGCCTGTCTACTC,0,1816184
hdeAp2,0.1,9,9,TAGAGCAGACGCAGGTATTT,0,1815307
hdeAp2,0.1,9,9,TACTGGCGCAGGATAATCGC,0,1771550
hdeAp2,0.1,9,9,TACTCTGGTAAGCAGCGTAA,0,1798505
hdeAp2,0.1,9,9,TACTCGGGTATGGGTACAGC,0,1779736
hdeAp2,0.1,9,9,TACGTCCCAGTCCTGGCTAC,0,1784780
hdeAp2,0.1,9,9,TACCTATCGTTCAGTTAGAG,0,1793183
hdeAp2,0.1,9,9,TACCGCTTAGCTCACGGCCA,0,1790290
hdeAp2,0.1,9,9,TACCATTCCAGTATTTTTAT,0,1803766
hdeAp2,0.1,9,9,TACAGACGCCATGGACCAAC,0,1796828
hdeAp2,0.1,9,9,TAAGTGACGTAATTGGTAAA,0,1775221
hdeAp2,0.1,9,9,TAAGTAGTATCCGAGGTGCA,0,1790217
hdeAp2,0.1,9,9,TAACTATATATAGGACAAAG,0,1812883
hdeAp2,0.1,9,9,TAACGTGTTTCGAGAGGTTC,0,1786712
hdeAp2,0.1,9,9,TAACCCCGGTATGGAATGTA,0,1788544
hdeAp2,0.1,9,9,TAACCATCCATTCAGGGTAA,0,1777003
hdeAp2,0.1,9,9,TAAAGCTGGCGTGATCAAAT,0,1792935
hdeAp2,0.1,9,9,GTTGGCTGAGATCTATTAAA,0,1817742
hdeAp2,0.1,9,9,GTTGCCGGAGCTCTAATATA,0,1801351
hdeAp2,0.1,9,9,GTTGATTAGGGCGTGACCTT,0,1776846
hdeAp2,0.1,9,9,GTTCAGTGATCTTGTGAGAT,0,1775850
hdeAp2,0.1,9,9,GTTACTCGGGAAGGGTGATC,0,1792240
hdeAp2,0.1,9,9,GTGTTAACGAAAATCGAGAT,0,1801068
hdeAp2,0.1,9,9,GTGTAGCCGTACATTGCTTG,0,1819353
hdeAp2,0.1,9,9,GTGGTCAGTGGTGAATTCAT,0,1802235
hdeAp2,0.1,9,9,GTGGAGGTGGTTGTTCGGCA,0,1799479
hdeAp2,0.1,9,9,GTGCGTGGTTCTGTTGCCTC,0,1789677
hdeAp2,0.1,9,9,GTGCCATGTATTGGTAAAGT,0,1802783
hdeAp2,0.1,9,9,GTGCATGCCCGCTGTAGTTT,0,1787598
hdeAp2,0.1,9,9,GTGACTCGGCCAATCGGCGA,0,1828265
hdeAp2,0.1,9,9,GTCTTGGACCCATGCAAATC,0,1817139
hdeAp2,0.1,9,9,GTCTTATTTATGCTGTTTCC,0,1786418
hdeAp2,0.1,9,9,GTCTGTGCGGGTCACGGTAT,0,1810899
hdeAp2,0.1,9,9,GTCTCTTCCATTCTCGTACC,0,1778160
hdeAp2,0.1,9,9,GTCTATCTAAGCGGAGCTAA,0,1775636
hdeAp2,0.1,9,9,GTCGTGTTACAGGGTGCTGC,0,1815308
hdeAp2,0.1,9,9,GTCGTAGAACGCCCATTTCT,0,1772751
hdeAp2,0.1,9,9,GTCCGATTCACTAGGGCGAC,0,1785197
hdeAp2,0.1,9,9,GTCAGGCAATAGGCTGGCTT,0,1789148
hdeAp2,0.1,9,9,GTATTCCTCGCATGATTCCC,0,1798053
hdeAp2,0.1,9,9,GTATTCATAAGCAGTACAAA,0,1797522
hdeAp2,0.1,9,9,GTATCGGTCACTCGTCGTAA,0,1779290
hdeAp2,0.1,9,9,GTAGTATAGATTATAGGGGC,0,1809463
hdeAp2,0.1,9,9,GTAGCTTCAGGGCCTACAAA,0,1824049
hdeAp2,0.1,9,9,GTACTAGCTTATCCGAGAAT,0,1796779
hdeAp2,0.1,9,9,GGTTCTACGTTCGTACTACG,0,1778926
hdeAp2,0.1,9,9,GGTTAGCTTAGCATAAGCAG,0,1781620
hdeAp2,0.1,9,9,GGTGTTCCTCGCTAGTGGAA,0,1814717
hdeAp2,0.1,9,9,GGTGTACGTGTAATGGCAGT,0,1779576
hdeAp2,0.1,9,9,GGTCGGATACCGCGTTAATA,0,1793470
hdeAp2,0.1,9,9,GGTCCGGGCTTGCAACCGGC,0,1804683
hdeAp2,0.1,9,9,GGTATCGCTACATGGGTCGT,0,1814600
hdeAp2,0.1,9,9,GGTATACACTCCTACCCGTT,0,1792438
hdeAp2,0.1,9,9,GGTACATACCCTTGATTTGT,0,1789361
hdeAp2,0.1,9,9,GGGTTTATATCTGGGGATAG,0,1809553
hdeAp2,0.1,9,9,GGGTGCTGCGTTCTGGTCTT,0,1817240
hdeAp2,0.1,9,9,GGGTCTTGTAGCCAGGCGTA,0,1819423
hdeAp2,0.1,9,9,GGGTCTTCCCAGCCGGCCTT,0,1785320
hdeAp2,0.1,9,9,GGGTAGTACTAGGTATGTGG,0,1779003
hdeAp2,0.1,9,9,GGGGTGAGAGACTCTCTTTG,0,1788519
hdeAp2,0.1,9,9,GGGGCAGGTTAGCCAGTAGA,0,1812813
hdeAp2,0.1,9,9,GGGCTTGGCTATTGAGTTCA,0,1773432
hdeAp2,0.1,9,9,GGGCTTCATCTCGACTCGCC,0,1782374
hdeAp2,0.1,9,9,GGGCGTAGTCCGTCATCAAA,0,1817673
hdeAp2,0.1,9,9,GGGCCTTTAGCTCAGGCTGA,0,1803788
hdeAp2,0.1,9,9,GGGATTATGCTAGATAACTC,0,1799140
hdeAp2,0.1,9,9,GGGATCTGTGCTAAGTAATG,0,1797243
hdeAp2,0.1,9,9,GGGATCCGATTAATAACATG,0,1815306
hdeAp2,0.1,9,9,GGGACATCGACCTCATTCGA,0,1798372
hdeAp2,0.1,9,9,GGGACATACAACCCGGGTTT,0,1778643
hdeAp2,0.1,9,9,GGCTTTTCGTAGCATATCTG,0,1790283
hdeAp2,0.1,9,9,GGCTAGATAGAGAATAAGCC,0,1814377
hdeAp2,0.1,9,9,GGCGTTAAATTTAAAGGTAA,0,1814334
hdeAp2,0.1,9,9,GGCGGCTACTGGAGTTTTTT,0,1820868
hdeAp2,0.1,9,9,GGCCCTACTAGCTGACAACA,0,1814481
hdeAp2,0.1,9,9,GGCATGTAAACAGTATTTCC,0,1783042
hdeAp2,0.1,9,9,GGCACGTTGCTACATCGTCG,0,1825339
hdeAp2,0.1,9,9,GGCAATCGAATACCCTGAGT,0,1804759
hdeAp2,0.1,9,9,GGATGTTGTGCAATTGTCGG,0,1790164
hdeAp2,0.1,9,9,GGATGCATGGGTATGGCGGA,0,1826598
hdeAp2,0.1,9,9,GGAGGAGTGGACGTGAGTTT,0,1793843
hdeAp2,0.1,9,9,GGAGATGGTCACCTGTCCAA,0,1784257
hdeAp2,0.1,9,9,GGACCGCTAAGAACACGGGA,0,1793032
hdeAp2,0.1,9,9,GGACCAACGTAACAGTCATA,0,1773473
hdeAp2,0.1,9,9,GGACATCATGTACCGTGTTT,0,1784870
hdeAp2,0.1,9,9,GGAAGCATTTCGCGAAGGAG,0,1802674
hdeAp2,0.1,9,9,GGAAGAGAGGAGGATGGTCG,0,1796423
hdeAp2,0.1,9,9,GGAAACGCAGACCATAGTTG,0,1774738
hdeAp2,0.1,9,9,GCTGGGTCCGCCTGGCCGCA,0,1777974
hdeAp2,0.1,9,9,GCTGGATATATCAAGGCATG,0,1822658
hdeAp2,0.1,9,9,GCTGAATGCATGTGGCTCAG,0,1784050
hdeAp2,0.1,9,9,GCTGAAGGGAATAACAGGTC,0,1809504
hdeAp2,0.1,9,9,GCTCCTCGGCGTTTTTAACA,0,1800325
hdeAp2,0.1,9,9,GCTCAGAATTGTAAGAAAGG,0,1814922
hdeAp2,0.1,9,9,GCTATTACAAATAAAGCGTC,0,1821929
hdeAp2,0.1,9,9,GCTAGTTATGTCAAGTAGCG,0,1817919
hdeAp2,0.1,9,9,GCGTTATACGTCAAAAATCA,0,1789971
hdeAp2,0.1,9,9,GCGGGGTCGCGAATGCGGCT,0,1781573
hdeAp2,0.1,9,9,GCGGGGGGTGAACGTCCCAC,0,1781448
hdeAp2,0.1,9,9,GCGGCTCAGGGTCCGGCGAC,0,1789727
hdeAp2,0.1,9,9,GCGGCCGATAGCGGACTGAT,0,1773518
hdeAp2,0.1,9,9,GCGCTAGACGTTTAATAATA,0,1772027
hdeAp2,0.1,9,9,GCGCGAGCCATATCTGCCTC,0,1802907
hdeAp2,0.1,9,9,GCGCCTCTAGGCGGGTGCAT,0,1813021
hdeAp2,0.1,9,9,GCGCAACTGGATCAAACGGA,0,1776443
hdeAp2,0.1,9,9,GCGAGAGGGTTTCTGATGGA,0,1793165
hdeAp2,0.1,9,9,GCCTTGTGTCAACTGTAACT,0,1805165
hdeAp2,0.1,9,9,GCCTTAAGATACTCGACATG,0,1801307
hdeAp2,0.1,9,9,GCCTGCGCCCCTACTCTGGT,0,1773512
hdeAp2,0.1,9,9,GCCTAGTTTATTCGAGAAGA,0,1789469
hdeAp2,0.1,9,9,GCCTACTGGTATTTCCCGAC,0,1814239
hdeAp2,0.1,9,9,GCCTAAGGAAAAAGCCACAC,0,1797270
hdeAp2,0.1,9,9,GCCGGGCGTACTCGGCAGTG,0,1773312
hdeAp2,0.1,9,9,GCCCGCGCGAATGGTCTGTC,0,1788134
hdeAp2,0.1,9,9,GCCCCCAGATAAAGAATATC,0,1805877
hdeAp2,0.1,9,9,GCCCACTAAAGTTATGGCTC,0,1818675
hdeAp2,0.1,9,9,GCCATGGAAGTTCCGACTTG,0,1795521
hdeAp2,0.1,9,9,GCCATGATCGGTTAGTGGAG,0,1804000
hdeAp2,0.1,9,9,GCCACAGGGACCGAGGGCTT,0,1809224
hdeAp2,0.1,9,9,GCCACAGACTCCGAGCCTTC,0,1806962
hdeAp2,0.1,9,9,GCATGCCCACTCACCGTAGC,0,1795134
hdeAp2,0.1,9,9,GCATACTTTCCGATTAAGGC,0,1795765
hdeAp2,0.1,9,9,GCATAACCCGGGCCGTCTTT,0,1791119
hdeAp2,0.1,9,9,GCAGTTCTATGGGGCACATA,0,1804658
hdeAp2,0.1,9,9,GCACAGTATTATGTATGCGT,0,1795420
hdeAp2,0.1,9,9,GCAATCACGCCACAGAGAAC,0,1822459
hdeAp2,0.1,9,9,GCAAGTTTCTCAGGATGTAA,0,1802900
hdeAp2,0.1,9,9,GCAAGGCGGTGGCAACAATC,0,1789228
hdeAp2,0.1,9,9,GATTTCCGGCCGCTACGCCT,0,1797992
hdeAp2,0.1,9,9,GATTTCAGCTGCGTGAGGGT,0,1779817
hdeAp2,0.1,9,9,GATTCTCGGGGCACATGCGA,0,1813566
hdeAp2,0.1,9,9,GATTCAACGAGTCGCGGATC,0,1796801
hdeAp2,0.1,9,9,GATGTTATAAGATGTTAGGT,0,1772109
hdeAp2,0.1,9,9,GATCTTCGTCCTCGTACGAC,0,1802639
hdeAp2,0.1,9,9,GATCGCTAAACCAAAATCTA,0,1782365
hdeAp2,0.1,9,9,GATCCGCAAAATACCTGCGA,0,1822596
hdeAp2,0.1,9,9,GATAAGGCAGCCTTCTAATC,0,1794448
hdeAp2,0.1,9,9,GAGTGCAGGTTTCCAAATGG,0,1803849
hdeAp2,0.1,9,9,GAGTCGTCCTGATAGCTTTT,0,1794006
hdeAp2,0.1,9,9,GAGGTACATTCCCCATTTGC,0,1772834
hdeAp2,0.1,9,9,GAGGGGCGGCGACCTGGTAG,0,1789381
hdeAp2,0.1,9,9,GAGCTCCCTGGCTATGCAGA,0,1797155
hdeAp2,0.1,9,9,GAGCTAAGAGAGTCGCGGAT,0,1772528
hdeAp2,0.1,9,9,GAGCGCACCTGTAATGGTTA,0,1797918
hdeAp2,0.1,9,9,GAGCAGGTCCTTGGGTAAGT,0,1821505
hdeAp2,0.1,9,9,GAGATGTGTCAGTTCGCGCT,0,1792164
hdeAp2,0.1,9,9,GAGAGTCGCGTACGATGCCG,0,1803743
hdeAp2,0.1,9,9,GACTTAATTAGGGGGGAGCT,0,1811977
hdeAp2,0.1,9,9,GACTGTTTCGCATGGGATAG,0,1790083
hdeAp2,0.1,9,9,GACTGTTAGTTGAAGATCAA,0,1783243
hdeAp2,0.1,9,9,GACTGATCGTACACAAATTA,0,1786370
hdeAp2,0.1,9,9,GACTCAACGGCCAGTAAGCT,0,1773908
hdeAp2,0.1,9,9,GACTAGCGTGCGATCGCCAT,0,1791348
hdeAp2,0.1,9,9,GACGCCGCTATTCACTACAC,0,1817771
hdeAp2,0.1,9,9,GACAAGCTATAATCAGGCGA,0,1790830
hdeAp2,0.1,9,9,GAATTTTGACACAACGTTGT,0,1806276
hdeAp2,0.1,9,9,GAATTGCCTACAATATCTAG,0,1786571
hdeAp2,0.1,9,9,GAATCGGATGGTCCCATAGC,0,1809748
hdeAp2,0.1,9,9,GAATACCCGCGCGTTGGGTG,0,1827580
hdeAp2,0.1,9,9,GAACTTTTGCGCTTCACGGA,0,1804386
hdeAp2,0.1,9,9,GAACTCGTGCCTTGCTGGGA,0,1812517
hdeAp2,0.1,9,9,GAACCCTGGGTACTTCCAAA,0,1786361
hdeAp2,0.1,9,9,GAAAGAGCCGTGCCCGGACC,0,1774173
hdeAp2,0.1,9,9,GAAAAGGGTATACGTATAGA,0,1781670
hdeAp2,0.1,9,9,CTTTTGGCGGATAATTAGGT,0,1809246
hdeAp2,0.1,9,9,CTTTGCATTTACTTTACGGC,0,1792676
hdeAp2,0.1,9,9,CTTTAGTTCCAGCCTTCCCC,0,1794845
hdeAp2,0.1,9,9,CTTGAAACGTTAGAAGGGTA,0,1801856
hdeAp2,0.1,9,9,CTTCTTGGTAAGGCCTGCTC,0,1820665
hdeAp2,0.1,9,9,CTTCCTGCCAGAATAAACAA,0,1810280
hdeAp2,0.1,9,9,CTTCCTACGATCGATTTACT,0,1780008
hdeAp2,0.1,9,9,CTTATTTTTGACATGGGCGA,0,1824413
hdeAp2,0.1,9,9,CTTAGGACGTTAAAATACCG,0,1775402
hdeAp2,0.1,9,9,CTTAGCTTGTTCCGAGATAG,0,1822347
hdeAp2,0.1,9,9,CTTAGCTGCCAGATCATGAC,0,1779652
hdeAp2,0.1,9,9,CTTACATCGGACTGGAATGT,0,1782268
hdeAp2,0.1,9,9,CTGTGGGCCGCCCTGCACGA,0,1803148
hdeAp2,0.1,9,9,CTGGCTAAGGGCGTATAGAC,0,1828150
hdeAp2,0.1,9,9,CTGGCCATAAATTTTATATT,0,1798798
hdeAp2,0.1,9,9,CTGCTACTCTCTCCGGAAAT,0,1771936
hdeAp2,0.1,9,9,CTGCTACACGCAGGTTGTCT,0,1795624
hdeAp2,0.1,9,9,CTGCGCATCCCGTGTAGGGT,0,1805183
hdeAp2,0.1,9,9,CTGATTTCTATGGTCTCTCC,0,1811261
hdeAp2,0.1,9,9,CTGAGTTTTTGCCGAAAGTC,0,1812393
hdeAp2,0.1,9,9,CTCTTCACCTCAGCGCCGGG,0,1790467
hdeAp2,0.1,9,9,CTCTGTAGGCGTGAGTAAGA,0,1800351
hdeAp2,0.1,9,9,CTCTGCCGCATCTTAGAATA,0,1799074
hdeAp2,0.1,9,9,CTCGGTTCATGGTCCGACAA,0,1792227
hdeAp2,0.1,9,9,CTCGCGGAAGTTTGCAGAGC,0,1811851
hdeAp2,0.1,9,9,CTCCGCCACAGCAATGAAGA,0,1823678
hdeAp2,0.1,9,9,CTCCACTTCGGACGGAGCAT,0,1777600
hdeAp2,0.1,9,9,CTATTGCGTCTGCTGATGTA,0,1776862
hdeAp2,0.1,9,9,CTATGTTGTTAAAGAGACGG,0,1796684
hdeAp2,0.1,9,9,CTATCTTTAGACGTTTCATA,0,1807187
hdeAp2,0.1,9,9,CTAGGTACGTATAGGAGCGA,0,1793178
hdeAp2,0.1,9,9,CTAGGACAGCCTAACCCACG,0,1773374
hdeAp2,0.1,9,9,CTAGACGCCAAATCAGCTCC,0,1772747
hdeAp2,0.1,9,9,CTACTCTTTTTCGAGTCCGG,0,1781423
hdeAp2,0.1,9,9,CTACGTACTGCAGACCGATG,0,1803285
hdeAp2,0.1,9,9,CTAATCTATAGTTATAACTA,0,1794474
hdeAp2,0.1,9,9,CTAACAGCGTAACTTTTCAA,0,1808671
hdeAp2,0.1,9,9,CGTTAACTTGTGGATCATAT,0,1778205
hdeAp2,0.1,9,9,CGTGTCAACCGCTGCCAGTG,0,1811249
hdeAp2,0.1,9,9,CGTCTGGTAGGCCATGGAAT,0,1775505
hdeAp2,0.1,9,9,CGTCGATTGGACGAACAGTG,0,1771121
hdeAp2,0.1,9,9,CGTCAACCAGCACTCGGGGT,0,1776602
hdeAp2,0.1,9,9,CGTAACCGGATCGAACTATA,0,1778619
hdeAp2,0.1,9,9,CGGTAAGATGCCCAAAGGAT,0,1823687
hdeAp2,0.1,9,9,CGGGTTGACTTGTGCGTCTT,0,1772182
hdeAp2,0.1,9,9,CGGGTAAATGTAAAGAGTGA,0,1780468
hdeAp2,0.1,9,9,CGGGGTGATTGAGATCTCAA,0,1824984
hdeAp2,0.1,9,9,CGGGGCGGTCCCGATTAAAA,0,1776189
hdeAp2,0.1,9,9,CGGGGAGTGAGTCGAGCAAT,0,1782129
hdeAp2,0.1,9,9,CGGGCGGGAAGCCGCGGTAG,0,1794915
hdeAp2,0.1,9,9,CGGGAATAGCATTCGTCGGA,0,1782430
hdeAp2,0.1,9,9,CGGCTTACACTATAGGTAAG,0,1810831
hdeAp2,0.1,9,9,CGGCTAAGCAGAGGATAAGT,0,1820446
hdeAp2,0.1,9,9,CGGCCTGTTATTTGAAAATT,0,1774635
hdeAp2,0.1,9,9,CGGCAACCTCGCTGCTGATC,0,1822987
hdeAp2,0.1,9,9,CGGACAGGGTCCCATCGAGG,0,1793796
hdeAp2,0.1,9,9,CGCTACACACAGACTGATGT,0,1810765
hdeAp2,0.1,9,9,CGCGCCGGCAAGTCATGCCA,0,1813496
hdeAp2,0.1,9,9,CGCATGTCGTTACCAATCCT,0,1823766
hdeAp2,0.1,9,9,CGCAGTAGTGGTTCCTAAAG,0,1824990
hdeAp2,0.1,9,9,CGCAGGGTCACAGCGATCGG,0,1779348
hdeAp2,0.1,9,9,CGCAGGGTACCCCCAACCGG,0,1792217
hdeAp2,0.1,9,9,CGCAACACTTCTTTGGTGTA,0,1776176
hdeAp2,0.1,9,9,CGATGTGTGCCCCCGAACGT,0,1797899
hdeAp2,0.1,9,9,CGATCAGCTACTCGGAGTCT,0,1820719
hdeAp2,0.1,9,9,CGAGTAGCCGCGGGGTGACT,0,1817681
hdeAp2,0.1,9,9,CGAGGTCAAACAATAGTGGT,0,1792255
hdeAp2,0.1,9,9,CGAGCCAATAAACGCTCCTA,0,1822125
hdeAp2,0.1,9,9,CGAGCACGAAAGCCCGTGGG,0,1809531
hdeAp2,0.1,9,9,CGAGACGGGTTGATTCTAAC,0,1797425
hdeAp2,0.1,9,9,CGACGTCTTCGCGGTGTAGG,0,1813094
hdeAp2,0.1,9,9,CGACGGCGGGTAGATGCGTG,0,1804622
hdeAp2,0.1,9,9,CGACGCTTTAAGCGCGGGCA,0,1793087
hdeAp2,0.1,9,9,CGAATAGCACAACTGAAGAA,0,1809124
hdeAp2,0.1,9,9,CGAACTTTTGTAAAGCACTG,0,1816074
hdeAp2,0.1,9,9,CGAACGCCGTTTCATCTTGA,0,1804146
hdeAp2,0.1,9,9,CGAAACAGAGCGGGGAGGGG,0,1826684
hdeAp2,0.1,9,9,CCTTCGTGAGGTCCGGTAAA,0,1809138
hdeAp2,0.1,9,9,CCTTCGCTTCTTGTCGCGTG,0,1811857
hdeAp2,0.1,9,9,CCTTCACGAATTGGTGCCGC,0,1809090
hdeAp2,0.1,9,9,CCTGTATCGTGGTGGTCGCT,0,1796511
hdeAp2,0.1,9,9,CCTGCGCATCCGAGGGTGGT,0,1797832
hdeAp2,0.1,9,9,CCTCCAAAAGGTCTACGCAA,0,1779035
hdeAp2,0.1,9,9,CCTCAAAATGTTACTGCGGG,0,1814889
hdeAp2,0.1,9,9,CCTATACACCGCAGGCACCG,0,1781839
hdeAp2,0.1,9,9,CCTAGTAGCACGAATGCCAG,0,1802598
hdeAp2,0.1,9,9,CCGTGACCCTCTTTACTGCT,0,1777889
hdeAp2,0.1,9,9,CCGTAAGCAGCACGACAATT,0,1778181
hdeAp2,0.1,9,9,CCGGGGTTCCGATTTATGGG,0,1822543
hdeAp2,0.1,9,9,CCGGATCACCGGAGGGATAA,0,1814176
hdeAp2,0.1,9,9,CCCTTTGATACCACAGGCAA,0,1799419
hdeAp2,0.1,9,9,CCCTTATCCGGCGCTGTATA,0,1798285
hdeAp2,0.1,9,9,CCCTCACACGAAAAATCATG,0,1785546
hdeAp2,0.1,9,9,CCCGTGTGAAACTCACGTTG,0,1795196
hdeAp2,0.1,9,9,CCCGGCTACGGCTCAGTGCC,0,1826184
hdeAp2,0.1,9,9,CCCGGAGCCACCGTAAGCAG,0,1806782
hdeAp2,0.1,9,9,CCCGAGCACGCTCCCGATTC,0,1810776
hdeAp2,0.1,9,9,CCCGAGATAGATATGACCGA,0,1827559
hdeAp2,0.1,9,9,CCCCCTCACAACTAAGTGGT,0,1822930
hdeAp2,0.1,9,9,CCCCATCTCCTAGAAATAGT,0,1827110
hdeAp2,0.1,9,9,CCCAGTTGAGACGAGAACGC,0,1821901
hdeAp2,0.1,9,9,CCCAGGTTCAACAGTTAGGC,0,1775379
hdeAp2,0.1,9,9,CCATTGGACATGCGTCAACG,0,1815638
hdeAp2,0.1,9,9,CCATGCGCGTTAATGGCTCG,0,1791351
hdeAp2,0.1,9,9,CCAGTAGCTCTGGTGTGTAG,0,1780801
hdeAp2,0.1,9,9,CCACTGCGGCCCAAAATGGG,0,1789309
hdeAp2,0.1,9,9,CCACTAACTGATCCACTTGA,0,1811681
hdeAp2,0.1,9,9,CCACGCCAGAATTCGATAAC,0,1825189
hdeAp2,0.1,9,9,CCACCTTTTAATACCGGGCA,0,1793390
hdeAp2,0.1,9,9,CCACCACGCTATGCACATCT,0,1773206
hdeAp2,0.1,9,9,CCACCAATAACCGGGTAAAA,0,1771224
hdeAp2,0.1,9,9,CCACAGCACAAGCGGTGCTG,0,1815406
hdeAp2,0.1,9,9,CCAACGGCACAGTCCCCTGA,0,1799262
hdeAp2,0.1,9,9,CCAAAACGGGTTCCTTGAAG,0,1804869
hdeAp2,0.1,9,9,CATTGGGGCGTCCTCGGCCT,0,1775052
hdeAp2,0.1,9,9,CATTCGCAAATCGCCTAAGT,0,1805987
hdeAp2,0.1,9,9,CATTAGCAACAAACTAGTAG,0,1827708
hdeAp2,0.1,9,9,CATTACGTGGGTATGGTAGA,0,1797134
hdeAp2,0.1,9,9,CATGGTTAATACATTAAGTA,0,1795590
hdeAp2,0.1,9,9,CATGGGACAGTTGGGAACGC,0,1788041
hdeAp2,0.1,9,9,CATGACAGTACACCCAGTAT,0,1825306
hdeAp2,0.1,9,9,CATATAGTTATAGGTTGGCA,0,1820292
hdeAp2,0.1,9,9,CATACCGTATTGCTAGTTCC,0,1818127
hdeAp2,0.1,9,9,CATAAGATAGCCCTGAGTCA,0,1826281
hdeAp2,0.1,9,9,CATAACTTCCAATTTTGACG,0,1774735
hdeAp2,0.1,9,9,CAGTTCGTTTCGCTGGCGAG,0,1772509
hdeAp2,0.1,9,9,CAGTTAATAAGCAGGGGCGT,0,1784984
hdeAp2,0.1,9,9,CAGTGTCAGCCTGACTGCGT,0,1796233
hdeAp2,0.1,9,9,CAGTGAGGCAACGTATATCT,0,1776149
hdeAp2,0.1,9,9,CAGTCCCACAAATTGCCAAA,0,1804466
hdeAp2,0.1,9,9,CAGGTCTCGTATTTATGTAT,0,1790483
hdeAp2,0.1,9,9,CAGGAGTAATGACCGACATG,0,1789898
hdeAp2,0.1,9,9,CAGGACTTCGCTTACTCTGC,0,1803699
hdeAp2,0.1,9,9,CAGCTGGCAAAGTCACCGTC,0,1778507
hdeAp2,0.1,9,9,CAGATCGGAGCTTGCCACGA,0,1828676
hdeAp2,0.1,9,9,CAGAGCTTTGCGTTGACGGA,0,1798527
hdeAp2,0.1,9,9,CAGAACCCCTCGTCTTGGTC,0,1791182
hdeAp2,0.1,9,9,CACTCCCATCGAATTCAGGA,0,1821759
hdeAp2,0.1,9,9,CACTCAAGTAGATTTCTAAT,0,1804087
hdeAp2,0.1,9,9,CACTAGAGCGTTCCGGATCC,0,1773663
hdeAp2,0.1,9,9,CACCGGCTGCCTGGCTCATA,0,1774651
hdeAp2,0.1,9,9,CACCAGTTGCCTGTTGGCTT,0,1784582
hdeAp2,0.1,9,9,CACATGCTGGTTCCGTTCAA,0,1807905
hdeAp2,0.1,9,9,CAAGTTTATGCTGAGACCTC,0,1788111
hdeAp2,0.1,9,9,CAAGTTAAACCAAGCAACAT,0,1783219
hdeAp2,0.1,9,9,CAAGGTAATACGTGCTGGCG,0,1780256
hdeAp2,0.1,9,9,CAAGCCATACACCGTGGCTT,0,1772706
hdeAp2,0.1,9,9,CAAGATAGTTAGACTAAAGC,0,1827858
hdeAp2,0.1,9,9,CAACTGTATTATGGCAGAGG,0,1775745
hdeAp2,0.1,9,9,CAACTCGTCCAGTCGCCATG,0,1775830
hdeAp2,0.1,9,9,CAACGTGTGTATTTAGCGAA,0,1776536
hdeAp2,0.1,9,9,CAACAGGGTGCCTCTAGACG,0,1797246
hdeAp2,0.1,9,9,CAACACAGAACGTTGAACGT,0,1803863
hdeAp2,0.1,9,9,CAAAGGCTACTCCATTGGCC,0,1776320
hdeAp2,0.1,9,9,ATTTGTGTAGCGGTGATACC,0,1794473
hdeAp2,0.1,9,9,ATTTGACACTTTAATATTAT,0,1778016
hdeAp2,0.1,9,9,ATTTCGGGCGGATCTGTCTT,0,1816216
hdeAp2,0.1,9,9,ATTTCATATGGGGTATCCGG,0,1772205
hdeAp2,0.1,9,9,ATTGCTAACGTTGACTGAAC,0,1814375
hdeAp2,0.1,9,9,ATTGAGGTATTTTGCCTTCT,0,1785901
hdeAp2,0.1,9,9,ATTGACTCCCCGGACAGAGG,0,1792216
hdeAp2,0.1,9,9,ATTCGCACCTACGATGCCAT,0,1778287
hdeAp2,0.1,9,9,ATTCCGAATCCACTAGATAT,0,1807668
hdeAp2,0.1,9,9,ATTAGCGGGGGTAAGAACCT,0,1827083
hdeAp2,0.1,9,9,ATTAGATGCAGTGTGATATA,0,1805645
hdeAp2,0.1,9,9,ATTACAATGGAACCGCGCAG,0,1794912
hdeAp2,0.1,9,9,ATGTTGAACAATGCCCTTAC,0,1785580
hdeAp2,0.1,9,9,ATGTTATAGCGGGTACCCAA,0,1818304
hdeAp2,0.1,9,9,ATGTTACATGACGTTCCCAC,0,1803733
hdeAp2,0.1,9,9,ATGTGCCGGGCCATGCGGGA,0,1771567
hdeAp2,0.1,9,9,ATGTGAGCTGAAATATGACA,0,1791128
hdeAp2,0.1,9,9,ATGTCCCTATGGAGGAGACT,0,1815464
hdeAp2,0.1,9,9,ATGGCCCTTAATGCGCGTTT,0,1805075
hdeAp2,0.1,9,9,ATGCAGGAAGGCAGTAGCAT,0,1809176
hdeAp2,0.1,9,9,ATGCAAGCTGAGGTGGTAAA,0,1822273
hdeAp2,0.1,9,9,ATGATGTGCACTGTGATTAT,0,1821678
hdeAp2,0.1,9,9,ATGAGCCCTCACCTTGCGGT,0,1819352
hdeAp2,0.1,9,9,ATGAGCCCGTATTTTTTAGT,0,1817960
hdeAp2,0.1,9,9,ATCTCCTTGGAGTCTGTGGA,0,1813663
hdeAp2,0.1,9,9,ATCGGGGACTACGCTAAGAG,0,1821858
hdeAp2,0.1,9,9,ATCGATCCCAATGTCTTGAG,0,1775712
hdeAp2,0.1,9,9,ATCCTATGTGCTCCAAGAAT,0,1820309
hdeAp2,0.1,9,9,ATCCGCTAACAATCCTAACG,0,1820800
hdeAp2,0.1,9,9,ATCCATCAAAAGCTGAAGCG,0,1808514
hdeAp2,0.1,9,9,ATCATCATAACTACCGGACG,0,1783507
hdeAp2,0.1,9,9,ATCAGGGCTTTATGGTAATG,0,1816075
hdeAp2,0.1,9,9,ATATGGCTATTCGTACGCGC,0,1813234
hdeAp2,0.1,9,9,ATATAGCCAGGTAGCCAGGA,0,1812201
hdeAp2,0.1,9,9,ATAGGTTCCATCAGACGAGT,0,1814665
hdeAp2,0.1,9,9,ATAGGCTAGAACTTATGCCG,0,1804678
hdeAp2,0.1,9,9,ATACTATCTTCGGCGCAGGG,0,1806630
hdeAp2,0.1,9,9,ATACGTCGGCCGGCAGCGGA,0,1813142
hdeAp2,0.1,9,9,ATACGGAACCTTATAAACAT,0,1800145
hdeAp2,0.1,9,9,ATACGACGGGGCTGTCGCAT,0,1794174
hdeAp2,0.1,9,9,ATAAGTTTCGGCAGTTAAAT,0,1803045
hdeAp2,0.1,9,9,ATAACGCGAACTTCACACGG,0,1787718
hdeAp2,0.1,9,9,ATAAAGTGCTGCCAGTCCAA,0,1792173
hdeAp2,0.1,9,9,AGTGGCTCGGGTGGGTTTGG,0,1789449
hdeAp2,0.1,9,9,AGTCCGCTCGTGATTTCGTG,0,1799496
hdeAp2,0.1,9,9,AGTAGAACAACGGACTGCTC,0,1779751
hdeAp2,0.1,9,9,AGTACCGGGGAATAATGAGG,0,1813513
hdeAp2,0.1,9,9,AGTACAGATGGGGTCAAATT,0,1819730
hdeAp2,0.1,9,9,AGGTTCTACGCAGGGTTCGG,0,1772423
hdeAp2,0.1,9,9,AGGTATCACTCATTGGTGCC,0,1781337
hdeAp2,0.1,9,9,AGGTAGCATCGTATAGCCGC,0,1792049
hdeAp2,0.1,9,9,AGGGTACGCTGACTCACCGG,0,1826853
hdeAp2,0.1,9,9,AGGGGGTGCCTTAGCTCAGT,0,1827103
hdeAp2,0.1,9,9,AGGCCAAGTAGTTTGTCGAA,0,1775787
hdeAp2,0.1,9,9,AGGCAATGTAGTAAACGGTC,0,1793913
hdeAp2,0.1,9,9,AGGATGACGTGGTCTCTTGT,0,1824371
hdeAp2,0.1,9,9,AGGACAGCGCGCGGAGCTAG,0,1822480
hdeAp2,0.1,9,9,AGGAACGTGTTCCCGTCAAC,0,1797839
hdeAp2,0.1,9,9,AGGAACGCGCGGTTCGATGA,0,1791496
hdeAp2,0.1,9,9,AGCTGGTATACCGCGGAAGA,0,1796117
hdeAp2,0.1,9,9,AGCTCCGGCGGATGGCCAGT,0,1823673
hdeAp2,0.1,9,9,AGCTCATTATGGGTCCTTAC,0,1806190
hdeAp2,0.1,9,9,AGCTATCCCCATGCAGAGCC,0,1788062
hdeAp2,0.1,9,9,AGCGATCGTTTTATAGAAGT,0,1791563
hdeAp2,0.1,9,9,AGCCGGTTCAGTAAACTAAT,0,1774765
hdeAp2,0.1,9,9,AGCCACCTGGCCTGCAAATC,0,1822535
hdeAp2,0.1,9,9,AGATGTCTACGATATTTACG,0,1777166
hdeAp2,0.1,9,9,AGATAGGGAAGATTACAGTC,0,1787001
hdeAp2,0.1,9,9,AGATAATAGGGTTCCTATTC,0,1797827
hdeAp2,0.1,9,9,AGAGCGCCTACTCTCAGTTT,0,1784781
hdeAp2,0.1,9,9,AGACGTCCTACTGCATTGGA,0,1775002
hdeAp2,0.1,9,9,AGACGAAATAGCAACCTGTC,0,1803024
hdeAp2,0.1,9,9,ACTTTTGGAAGTTAGCAATG,0,1823371
hdeAp2,0.1,9,9,ACTTCGGGTGTCCCCTGGGT,0,1812192
hdeAp2,0.1,9,9,ACTTACGAACATAAGAGACA,0,1807638
hdeAp2,0.1,9,9,ACTTAATTGCAAGTCAAGTG,0,1812706
hdeAp2,0.1,9,9,ACTGGTTCGAATTGAGTGAG,0,1781606
hdeAp2,0.1,9,9,ACTGGCAGCGAGATGGTCCA,0,1789892
hdeAp2,0.1,9,9,ACTGACACACAGCAATGTCC,0,1790764
hdeAp2,0.1,9,9,ACTCTCACTCGCCTTACTAC,0,1802031
hdeAp2,0.1,9,9,ACTCTAGGCAGGACGCCCTT,0,1809900
hdeAp2,0.1,9,9,ACTCGGGTATCACCAGGCCC,0,1821989
hdeAp2,0.1,9,9,ACTCAGGGTTAGCCCCACAA,0,1808531
hdeAp2,0.1,9,9,ACTACTGTAATAGTATGAAT,0,1807380
hdeAp2,0.1,9,9,ACGTCTGTTCTTGGGTCTTT,0,1818818
hdeAp2,0.1,9,9,ACGTAACGAGCGAGGAACTA,0,1799003
hdeAp2,0.1,9,9,ACGGTTTCCCGATCGAAGAT,0,1810270
hdeAp2,0.1,9,9,ACGGGGTAGTACACCACAAC,0,1776840
hdeAp2,0.1,9,9,ACGGCCTAGCTAGTGTTCAT,0,1807644
hdeAp2,0.1,9,9,ACGCTTACGTCACGAGACCC,0,1825731
hdeAp2,0.1,9,9,ACGCTGTCAGTGCCAAATAA,0,1782647
hdeAp2,0.1,9,9,ACGCTGCCGGGGCTCAGGGC,0,1794295
hdeAp2,0.1,9,9,ACGCTAGGGCCTCGCGGTCT,0,1787407
hdeAp2,0.1,9,9,ACGCCTCGGTGTGAGTTTAT,0,1772698
hdeAp2,0.1,9,9,ACGAGCGCATGAGACTCTTC,0,1780211
hdeAp2,0.1,9,9,ACGAGACGACGAGGTTAACT,0,1823300
hdeAp2,0.1,9,9,ACGACGTAGAGACCATTCAA,0,1778126
hdeAp2,0.1,9,9,ACGAAGTCTAATCATAATTT,0,1815031
hdeAp2,0.1,9,9,ACCTCAGGCGGTCCATTATC,0,1803724
hdeAp2,0.1,9,9,ACCGTTGACTGTTCCCCAAC,0,1799133
hdeAp2,0.1,9,9,ACCGGCTTGTTGTCTCGACA,0,1813993
hdeAp2,0.1,9,9,ACCGGCTGAGGGATCGTGTG,0,1805338
hdeAp2,0.1,9,9,ACCGATCATATCACGTCTGA,0,1804429
hdeAp2,0.1,9,9,ACCGAGTCTGTCGAAATCAA,0,1785931
hdeAp2,0.1,9,9,ACCCTCAGCAAACTGGCATT,0,1819643
hdeAp2,0.1,9,9,ACCCATTTATTGTTCGCATA,0,1792680
hdeAp2,0.1,9,9,ACCATCTATGGGGAAGCGAG,0,1802428
hdeAp2,0.1,9,9,ACATTTCAGGGTATGGCAAT,0,1795082
hdeAp2,0.1,9,9,ACATCGTCGCCTGGCCACTG,0,1772359
hdeAp2,0.1,9,9,ACATCGCAAAGCCGTTATAT,0,1797235
hdeAp2,0.1,9,9,ACAGACGCAGCGGCTGCCCA,0,1790843
hdeAp2,0.1,9,9,ACACGCAACGTGACTTAGTC,0,1797921
hdeAp2,0.1,9,9,ACACCTCTAGCCGAATCTTA,0,1821539
hdeAp2,0.1,9,9,ACACCATAGCGGCAATTCCA,0,1826227
hdeAp2,0.1,9,9,ACAATGGGATTTTATACTAT,0,1820467
hdeAp2,0.1,9,9,ACAAAGTCAAGTTTTCACTC,0,1788423
hdeAp2,0.1,9,9,AATTGAGATTGCACACCTCA,0,1771709
hdeAp2,0.1,9,9,AATTCTCACTGCGGTCCCAG,0,1788486
hdeAp2,0.1,9,9,AATGTAAGGTCCATATTCAT,0,1785255
hdeAp2,0.1,9,9,AATCTGTCTTCTTCGGGCTG,0,1797893
hdeAp2,0.1,9,9,AATCTAACGCAAGTCTAATC,0,1828005
hdeAp2,0.1,9,9,AATCCTGAGGCAGTTCCTTG,0,1790067
hdeAp2,0.1,9,9,AATATCTCTTCGCAATAAAT,0,1800082
hdeAp2,0.1,9,9,AAGTGTAGCAATCCCGAGTA,0,1809102
hdeAp2,0.1,9,9,AAGGCCATTTCACGCCCAAA,0,1788860
hdeAp2,0.1,9,9,AAGGATCAACTTCTGACTCA,0,1795017
hdeAp2,0.1,9,9,AAGCTGGCACCTAGAAGGTA,0,1799896
hdeAp2,0.1,9,9,AAGCCCAGAGTGTATCTTGC,0,1779487
hdeAp2,0.1,9,9,AAGCCAGATTCGGCACGATT,0,1793250
hdeAp2,0.1,9,9,AAGCAGGGTAACGTCCCTGT,0,1779129
hdeAp2,0.1,9,9,AAGATTCCACGACATAGTCG,0,1810886
hdeAp2,0.1,9,9,AACTTACGAGAAAAGCAGGA,0,1807742
hdeAp2,0.1,9,9,AACGTGGTTGGGCCTGGAAG,0,1797165
hdeAp2,0.1,9,9,AACGTGCGTCCCAGGCGGCG,0,1816960
hdeAp2,0.1,9,9,AACGGTCCACAGTTTTCATA,0,1778843
hdeAp2,0.1,9,9,AACGGAAAGCCCTTGGTACC,0,1799788
hdeAp2,0.1,9,9,AACGACTTGTCCTGGGCGCA,0,1801840
hdeAp2,0.1,9,9,AACCGTCGCAATTAGGTGAT,0,1782237
hdeAp2,0.1,9,9,AACCCAAGCAGGTTCGTGGC,0,1786105
hdeAp2,0.1,9,9,AAAGGGTCGTTGTAGGCTAG,0,1792098
hdeAp2,0.1,9,9,AAAGCGGCCTTCAGACCCGG,0,1776489
hdeAp2,0.1,9,9,AAACTGCAACGATGTGGACC,0,1786631
hdeAp2,0.1,9,9,AAACGGGCCTATCCGCAGTT,0,1815731
hdeAp2,0.1,9,9,AAACCAACTCCCGTTCTTAG,0,1805129
hdeAp2,0.1,9,9,AAAATTGGCAAGAATCGAAT,0,1823642
hdeAp2,0.1,9,9,AAAACACTGTGTTATGCTAC,0,1781334
hdeAp2,0.1,9,9,AAAAAAGAACCGGCCGGGGA,0,1827351
hdeAp2,0.1111111111111111,8,8,TTTTTGGGGTCCATCGGAGG,0,1777427
hdeAp2,0.1111111111111111,8,8,TTTTGTCCGTTCTGAAAGAC,0,1801399
hdeAp2,0.1111111111111111,8,8,TTTTACAGACGGTCGCGGGA,0,1813676
hdeAp2,0.1111111111111111,8,8,TTTGTCGCCCGAGGGCTTCA,0,1791079
hdeAp2,0.1111111111111111,8,8,TTTGGTACTTTTAGTCCTGA,0,1819133
hdeAp2,0.1111111111111111,8,8,TTTGGTACGTGTATGTTGTA,0,1783847
hdeAp2,0.1111111111111111,8,8,TTTGGCAAATAGTGATTGAA,0,1809722
hdeAp2,0.1111111111111111,8,8,TTTGCATTAATCGGGCGGCC,0,1813878
hdeAp2,0.1111111111111111,8,8,TTTGATATGTGAATGGTAGA,0,1777075
hdeAp2,0.1111111111111111,8,8,TTTCGTACGTCGTTTGATCA,0,1783885
hdeAp2,0.1111111111111111,8,8,TTTCGCTCACTATAACGTAG,0,1818868
hdeAp2,0.1111111111111111,8,8,TTTCAATCTCGTACCTGTAC,0,1771625
hdeAp2,0.1111111111111111,8,8,TTGTGACTACCGCAAAAACG,0,1796763
hdeAp2,0.1111111111111111,8,8,TTGTCCCACCACATCAGTAA,0,1793542
hdeAp2,0.1111111111111111,8,8,TTGTATCGTTCGAAATAGTA,0,1781731
hdeAp2,0.1111111111111111,8,8,TTGGTTTGTATGGGATCGGA,0,1824350
hdeAp2,0.1111111111111111,8,8,TTGGGGTTAACGGTTTGGGA,0,1797226
hdeAp2,0.1111111111111111,8,8,TTGGGACCTGCGCCATGGCA,0,1772218
hdeAp2,0.1111111111111111,8,8,TTGGCTGTCAGCCGGGCGGC,0,1820555
hdeAp2,0.1111111111111111,8,8,TTGGCCGCTCGCTGTCGATT,0,1817491
hdeAp2,0.1111111111111111,8,8,TTGCGTGCCAGAAGTACGAA,0,1824167
hdeAp2,0.1111111111111111,8,8,TTGAGATACGGTTTTAGTAC,0,1777667
hdeAp2,0.1111111111111111,8,8,TTGACGCACCCTGACATCGA,0,1795070
hdeAp2,0.1111111111111111,8,8,TTCGTGCTAAGGGTAAACGC,0,1816438
hdeAp2,0.1111111111111111,8,8,TTCGTCAGAGATTGAAATGT,0,1787094
hdeAp2,0.1111111111111111,8,8,TTCGGGCCGCTATTGATATT,0,1795556
hdeAp2,0.1111111111111111,8,8,TTCCCGTTCATACAGTGACC,0,1776850
hdeAp2,0.1111111111111111,8,8,TTCATGTGACTTACGTAGTA,0,1788029
hdeAp2,0.1111111111111111,8,8,TTATGCCATATAATCTCTGC,0,1804920
hdeAp2,0.1111111111111111,8,8,TTATACTGTACTGGTACCTC,0,1795830
hdeAp2,0.1111111111111111,8,8,TTAGCCGACGGTTTTAATCC,0,1809583
hdeAp2,0.1111111111111111,8,8,TTAATCCGCCGCGGAAGTCA,0,1778149
hdeAp2,0.1111111111111111,8,8,TTAACGCGCCAAGCGGCCCT,0,1778286
hdeAp2,0.1111111111111111,8,8,TTAACCCATAATCACACAGG,0,1788408
hdeAp2,0.1111111111111111,8,8,TTAAAGATTCGTCGCGCCAA,0,1801244
hdeAp2,0.1111111111111111,8,8,TTAAAAGAACTGGTCCGGGT,0,1795499
hdeAp2,0.1111111111111111,8,8,TGTTTCTGCGGTTAGCCTTT,0,1806666
hdeAp2,0.1111111111111111,8,8,TGTTTCGGTTTTTTAAAGGA,0,1810761
hdeAp2,0.1111111111111111,8,8,TGTTGCTTTCTCGGATTCGG,0,1820480
hdeAp2,0.1111111111111111,8,8,TGTTCCAGTAGTGCAGTCCG,0,1776344
hdeAp2,0.1111111111111111,8,8,TGTGTTGGTACACCCCATAG,0,1811019
hdeAp2,0.1111111111111111,8,8,TGTGGCTTGATCTTGTCCTC,0,1810944
hdeAp2,0.1111111111111111,8,8,TGTGGACGGCTTGACATTAA,0,1816421
hdeAp2,0.1111111111111111,8,8,TGTGCGACGTGACTTAATGA,0,1802514
hdeAp2,0.1111111111111111,8,8,TGTGCCTCAACAGAGTAGGG,0,1801518
hdeAp2,0.1111111111111111,8,8,TGTGACCGGTCTAAAAGTAC,0,1775320
hdeAp2,0.1111111111111111,8,8,TGTGAATCCACTCGCGAAGG,0,1806983
hdeAp2,0.1111111111111111,8,8,TGTCCCTTAGACATTGATGC,0,1773421
hdeAp2,0.1111111111111111,8,8,TGTCAGCGCCGCTGCATATG,0,1772448
hdeAp2,0.1111111111111111,8,8,TGTATGGAAACATATTCCCG,0,1824850
hdeAp2,0.1111111111111111,8,8,TGTAGTATTGACATTATGTT,0,1792440
hdeAp2,0.1111111111111111,8,8,TGGGGGTGAATCATTGATAC,0,1797405
hdeAp2,0.1111111111111111,8,8,TGGGGCATGATGCCATGCGA,0,1813787
hdeAp2,0.1111111111111111,8,8,TGGGCACATTCGGTAATCCG,0,1815480
hdeAp2,0.1111111111111111,8,8,TGGGACCTCGTGGCGACCAT,0,1774243
hdeAp2,0.1111111111111111,8,8,TGGCAGAAGGTTACCAGGAA,0,1787699
hdeAp2,0.1111111111111111,8,8,TGGATGCGGGTTAGTCAAAC,0,1817243
hdeAp2,0.1111111111111111,8,8,TGGATGATGTTCCTATGAGC,0,1778062
hdeAp2,0.1111111111111111,8,8,TGGACGCATCCACAAAGCCT,0,1822627
hdeAp2,0.1111111111111111,8,8,TGCTTTTAGCACACAACGTT,0,1791347
hdeAp2,0.1111111111111111,8,8,TGCTGCATGGAGCACCGATC,0,1787013
hdeAp2,0.1111111111111111,8,8,TGCGTTGTCCATGTACACTT,0,1821128
hdeAp2,0.1111111111111111,8,8,TGCGTAAGGTAATGCTAAGT,0,1794444
hdeAp2,0.1111111111111111,8,8,TGCCGGTCACCGCCCAAAGG,0,1793955
hdeAp2,0.1111111111111111,8,8,TGCACAGTCAACGCCTTAAT,0,1803081
hdeAp2,0.1111111111111111,8,8,TGCAAATGATTCATCCGATT,0,1800782
hdeAp2,0.1111111111111111,8,8,TGATGTCCGGACCTCCAGTG,0,1817910
hdeAp2,0.1111111111111111,8,8,TGATCCGCCCCGACGTCGCG,0,1784049
hdeAp2,0.1111111111111111,8,8,TGAGACACTGACACGACGAC,0,1824317
hdeAp2,0.1111111111111111,8,8,TGACTAAGCGCGGCGTGGTA,0,1803141
hdeAp2,0.1111111111111111,8,8,TGACGCGGTTTTTGTGTTTA,0,1771045
hdeAp2,0.1111111111111111,8,8,TGAATGGCTACGGTTAGTTA,0,1778861
hdeAp2,0.1111111111111111,8,8,TCTTAGGGGAGTGCCTATTT,0,1811460
hdeAp2,0.1111111111111111,8,8,TCTGGGGTCAATACTACGAT,0,1805221
hdeAp2,0.1111111111111111,8,8,TCTGCAAATATATAATGTAA,0,1800015
hdeAp2,0.1111111111111111,8,8,TCTCTGGCACTGCGTATCAA,0,1799628
hdeAp2,0.1111111111111111,8,8,TCTCGGCGTTTGCCCATGGT,0,1826693
hdeAp2,0.1111111111111111,8,8,TCTAGGCTCCCTAAATCATT,0,1786440
hdeAp2,0.1111111111111111,8,8,TCGTGAGCTACTTTGCAGGA,0,1814175
hdeAp2,0.1111111111111111,8,8,TCGTCTCGACACCAGAATAC,0,1817016
hdeAp2,0.1111111111111111,8,8,TCGTATACAGATGTCCAGGG,0,1822878
hdeAp2,0.1111111111111111,8,8,TCGTATAAGGCTGCATAGTC,0,1796394
hdeAp2,0.1111111111111111,8,8,TCGTAATACATTCCCGGAGA,0,1785361
hdeAp2,0.1111111111111111,8,8,TCGGTTAGGAAGAACCCTTG,0,1808797
hdeAp2,0.1111111111111111,8,8,TCGGGCGAGGAAGTCACCAC,0,1819224
hdeAp2,0.1111111111111111,8,8,TCGGCATTCTTGCTGAGAGC,0,1788165
hdeAp2,0.1111111111111111,8,8,TCGGAGCGACAACTTAAAAA,0,1793719
hdeAp2,0.1111111111111111,8,8,TCGGACGTAAACCAAAGAAA,0,1797064
hdeAp2,0.1111111111111111,8,8,TCGCTAGCCTCTCAACTTTG,0,1779692
hdeAp2,0.1111111111111111,8,8,TCGCGGCCATTCATGTAGGT,0,1822735
hdeAp2,0.1111111111111111,8,8,TCGATGCCCTGCACAGGACA,0,1820338
hdeAp2,0.1111111111111111,8,8,TCGAGATGTTCTGGAGTCAC,0,1805924
hdeAp2,0.1111111111111111,8,8,TCCTTTTTCCCCGAGAGACT,0,1794180
hdeAp2,0.1111111111111111,8,8,TCCTTCGCGCACTGAACGGA,0,1804275
hdeAp2,0.1111111111111111,8,8,TCCTGAATAATAAGTAGATC,0,1801485
hdeAp2,0.1111111111111111,8,8,TCCTCGTGGAGGATAGGACC,0,1790044
hdeAp2,0.1111111111111111,8,8,TCCTCACTCTGTAAGAGTTC,0,1776830
hdeAp2,0.1111111111111111,8,8,TCCCGTGTATTGAGCTTCAG,0,1775544
hdeAp2,0.1111111111111111,8,8,TCCATTCGACTGCTGGCTGC,0,1808994
hdeAp2,0.1111111111111111,8,8,TCCAGCTGCCGGACATTGTT,0,1774336
hdeAp2,0.1111111111111111,8,8,TCATTTTTTTGAATACCCCC,0,1801431
hdeAp2,0.1111111111111111,8,8,TCATTCAAGACGTATAAGTG,0,1821998
hdeAp2,0.1111111111111111,8,8,TCATCCTCGTAAACGAATGC,0,1813621
hdeAp2,0.1111111111111111,8,8,TCATAATGTGTTGGAACCAG,0,1815898
hdeAp2,0.1111111111111111,8,8,TCAGTAGCTCCTGAATTAAT,0,1805231
hdeAp2,0.1111111111111111,8,8,TCAGGGATAATGGCGCACCA,0,1802772
hdeAp2,0.1111111111111111,8,8,TCAGGAGGTGGAACTTTTTT,0,1796197
hdeAp2,0.1111111111111111,8,8,TCAGCCTAATTAGTGGGGTC,0,1805808
hdeAp2,0.1111111111111111,8,8,TCACGTTAGCTACGAATCTA,0,1787997
hdeAp2,0.1111111111111111,8,8,TCACCAGACTTGAGTGGTAT,0,1817392
hdeAp2,0.1111111111111111,8,8,TCAAAGTCAGGCAGCATAAC,0,1791378
hdeAp2,0.1111111111111111,8,8,TATTTGGTTCCAACGTGCGG,0,1802996
hdeAp2,0.1111111111111111,8,8,TATTTGGATGGCCCACCGGC,0,1799929
hdeAp2,0.1111111111111111,8,8,TATTCAGAGCCTAGTATGAG,0,1816724
hdeAp2,0.1111111111111111,8,8,TATGTATTCTATCGGGCCGC,0,1797371
hdeAp2,0.1111111111111111,8,8,TATGTACGTTATGCGTACTG,0,1810914
hdeAp2,0.1111111111111111,8,8,TATGATTTGCAAATATATTT,0,1827578
hdeAp2,0.1111111111111111,8,8,TATCTCCGCTATTCGCGTCG,0,1822367
hdeAp2,0.1111111111111111,8,8,TATCTACCACTTAGATTGTA,0,1814792
hdeAp2,0.1111111111111111,8,8,TATAGCGAGGGGTAGCATAT,0,1782445
hdeAp2,0.1111111111111111,8,8,TATACTCTCGGCACTGACAG,0,1785433
hdeAp2,0.1111111111111111,8,8,TATACCTGGCAGATGCGGAA,0,1775108
hdeAp2,0.1111111111111111,8,8,TAGGTCATTAGTGGTTGATA,0,1799432
hdeAp2,0.1111111111111111,8,8,TAGGTAGCCCGCCGACCGGT,0,1779532
hdeAp2,0.1111111111111111,8,8,TAGGGTATGCTCTAAGACTT,0,1825148
hdeAp2,0.1111111111111111,8,8,TAGCTGGTTTGTTAGACTGG,0,1801583
hdeAp2,0.1111111111111111,8,8,TAGCAGCCTCTGATCCGGAC,0,1792008
hdeAp2,0.1111111111111111,8,8,TAGAGGGTCATGCGGTATCC,0,1806428
hdeAp2,0.1111111111111111,8,8,TACTTCTGGAAGCGAATAGG,0,1793211
hdeAp2,0.1111111111111111,8,8,TACTGGGAAAACCAGCGCGA,0,1796245
hdeAp2,0.1111111111111111,8,8,TACTGATCTGAGCCGCGATG,0,1795632
hdeAp2,0.1111111111111111,8,8,TACGGGTTCTGTGCTATACA,0,1797262
hdeAp2,0.1111111111111111,8,8,TACGGCGTCTCACGGTGATT,0,1780289
hdeAp2,0.1111111111111111,8,8,TACGGCGCGGCTCCTGTAAG,0,1789828
hdeAp2,0.1111111111111111,8,8,TACGGCGCCACCTTTGCCAT,0,1819514
hdeAp2,0.1111111111111111,8,8,TACCTACACGTATGCATGTG,0,1795664
hdeAp2,0.1111111111111111,8,8,TACCCCGTCTCACGATGGAG,0,1776013
hdeAp2,0.1111111111111111,8,8,TACCCATTGAGAACATCGCA,0,1798619
hdeAp2,0.1111111111111111,8,8,TACAGCGTGGTTGGTGCGAG,0,1778053
hdeAp2,0.1111111111111111,8,8,TACACTTTACACTTGTAGGG,0,1820052
hdeAp2,0.1111111111111111,8,8,TAATGCTGTCCCCGACGGAC,0,1790685
hdeAp2,0.1111111111111111,8,8,TAATATAGCGTTCACAGCCA,0,1818901
hdeAp2,0.1111111111111111,8,8,TAAGTTGTACTACCATCATT,0,1821564
hdeAp2,0.1111111111111111,8,8,TAAGAGTGTAGCTTGATAGG,0,1818356
hdeAp2,0.1111111111111111,8,8,TAACTGCTGGAGGATCAGCA,0,1783684
hdeAp2,0.1111111111111111,8,8,TAACGAGCTTAGTCATATTT,0,1813991
hdeAp2,0.1111111111111111,8,8,TAACACGTCGGGGCGCGTCA,0,1828649
hdeAp2,0.1111111111111111,8,8,TAAATGTGGTTACGTAATCT,0,1797000
hdeAp2,0.1111111111111111,8,8,TAAATCTGACAAGCCTGAGG,0,1775237
hdeAp2,0.1111111111111111,8,8,TAAAGAGAGTACCTTTTCTG,0,1779195
hdeAp2,0.1111111111111111,8,8,TAAACTTGTTTACTACTGGA,0,1785608
hdeAp2,0.1111111111111111,8,8,TAAAAGCGACAGGTCTGTTG,0,1779018
hdeAp2,0.1111111111111111,8,8,TAAAACTTTCCGCCTTTTTG,0,1815629
hdeAp2,0.1111111111111111,8,8,TAAAACAGAGGTTTAAGGGA,0,1772524
hdeAp2,0.1111111111111111,8,8,GTTTTCAGTTGAAAGAGCCA,0,1792089
hdeAp2,0.1111111111111111,8,8,GTTTGTACTCTCCCGCTAAC,0,1814112
hdeAp2,0.1111111111111111,8,8,GTTTCCCAGACACCGGTTCG,0,1776181
hdeAp2,0.1111111111111111,8,8,GTTTCAGCAGAACGGGGAGT,0,1828028
hdeAp2,0.1111111111111111,8,8,GTTTCACGGGCTGCGACTGC,0,1803592
hdeAp2,0.1111111111111111,8,8,GTTTCACAACATGAAAATAG,0,1808990
hdeAp2,0.1111111111111111,8,8,GTTGTGTGAGAATTACAGGG,0,1772170
hdeAp2,0.1111111111111111,8,8,GTTGTCAAATTGGATTATTG,0,1804439
hdeAp2,0.1111111111111111,8,8,GTTGGGCCATTCAGTAATTA,0,1801579
hdeAp2,0.1111111111111111,8,8,GTTGCCGAGAGCCACCCATA,0,1800213
hdeAp2,0.1111111111111111,8,8,GTTGCCACTGTTCTAGGGGT,0,1776817
hdeAp2,0.1111111111111111,8,8,GTTCATCTCAACTAATATGG,0,1792100
hdeAp2,0.1111111111111111,8,8,GTTCAGACCGTGGGACTGCA,0,1814785
hdeAp2,0.1111111111111111,8,8,GTTCAATTGGTGATGTCCCC,0,1819699
hdeAp2,0.1111111111111111,8,8,GTTATGGTCGTCAGTCACTC,0,1828048
hdeAp2,0.1111111111111111,8,8,GTTATGAAACTTAGTTTGAA,0,1779497
hdeAp2,0.1111111111111111,8,8,GTTAGTCATGAAATGGGCAT,0,1793026
hdeAp2,0.1111111111111111,8,8,GTTACTGACGCCTAGTCCTC,0,1810832
hdeAp2,0.1111111111111111,8,8,GTTACCCTTACTTACTCCGC,0,1808674
hdeAp2,0.1111111111111111,8,8,GTGTTCTCGTCGCCACCAAT,0,1812404
hdeAp2,0.1111111111111111,8,8,GTGTTCCTCTATTGTGCCTC,0,1778268
hdeAp2,0.1111111111111111,8,8,GTGTGCCTTGGTCAGGGCCT,0,1802381
hdeAp2,0.1111111111111111,8,8,GTGTAGGATATCGGACAAAG,0,1823756
hdeAp2,0.1111111111111111,8,8,GTGGTTCTTTTGAGTGCGTT,0,1806861
hdeAp2,0.1111111111111111,8,8,GTGGTGATAGAGTGTAAAGT,0,1826237
hdeAp2,0.1111111111111111,8,8,GTGGGGTCCTTGATGTCGAC,0,1775884
hdeAp2,0.1111111111111111,8,8,GTGGGCGCCAGGTAACAGAA,0,1776190
hdeAp2,0.1111111111111111,8,8,GTGGGCAATACGAACAGGTG,0,1807665
hdeAp2,0.1111111111111111,8,8,GTGGCTTTGGGAGTGTTGGT,0,1776309
hdeAp2,0.1111111111111111,8,8,GTGGAGTGGCAATCTGTTAT,0,1813311
hdeAp2,0.1111111111111111,8,8,GTGCGGGTGTGCTCACGGCA,0,1777300
hdeAp2,0.1111111111111111,8,8,GTGCGCAATTGTGCTAGTTA,0,1808859
hdeAp2,0.1111111111111111,8,8,GTGCAGCGGTCCGATTGAGG,0,1775680
hdeAp2,0.1111111111111111,8,8,GTGCACTAATGTATGCAATA,0,1778604
hdeAp2,0.1111111111111111,8,8,GTGAGGTCGTGGACAATAAC,0,1788246
hdeAp2,0.1111111111111111,8,8,GTCTAGACCATCATGATCTA,0,1812380
hdeAp2,0.1111111111111111,8,8,GTCTACTGGCCTTGCTTTCT,0,1806234
hdeAp2,0.1111111111111111,8,8,GTCGTGTGTTGGACTTACCC,0,1783949
hdeAp2,0.1111111111111111,8,8,GTCCGGCTTAACGATCAACA,0,1785731
hdeAp2,0.1111111111111111,8,8,GTCCCGGGACAACGTCGAAA,0,1776937
hdeAp2,0.1111111111111111,8,8,GTCATCACGGTCACGGCCCT,0,1784960
hdeAp2,0.1111111111111111,8,8,GTCATACGGGCAATCAGAGG,0,1772965
hdeAp2,0.1111111111111111,8,8,GTCACATTATTGGCTGAATT,0,1782455
hdeAp2,0.1111111111111111,8,8,GTCAACTGAAATTGGCCAAA,0,1791811
hdeAp2,0.1111111111111111,8,8,GTATGGATTGCATGATCCCA,0,1786767
hdeAp2,0.1111111111111111,8,8,GTATCTGTGTATGGGTGGGT,0,1788597
hdeAp2,0.1111111111111111,8,8,GTATCAGGCTCAATGACAGA,0,1809459
hdeAp2,0.1111111111111111,8,8,GTATAATGTACGAAGTAGCA,0,1826769
hdeAp2,0.1111111111111111,8,8,GTAGTGCAAGCAAGTTAGGA,0,1795730
hdeAp2,0.1111111111111111,8,8,GTAAATGGGGATCTACACAC,0,1787405
hdeAp2,0.1111111111111111,8,8,GTAAAGCCGGGACCACAGTT,0,1801317
hdeAp2,0.1111111111111111,8,8,GTAAAACCTTAAAACTGTCC,0,1818994
hdeAp2,0.1111111111111111,8,8,GGTTGCACACGAAGTTTATT,0,1800623
hdeAp2,0.1111111111111111,8,8,GGTTCGTTTGCGGCCCATCA,0,1817362
hdeAp2,0.1111111111111111,8,8,GGTTCCATTGTAGTCCACTG,0,1806406
hdeAp2,0.1111111111111111,8,8,GGTTCACGCCTATTGTAGAC,0,1818066
hdeAp2,0.1111111111111111,8,8,GGTTATTATTTAACGTTATG,0,1798538
hdeAp2,0.1111111111111111,8,8,GGTGTCGAGCCGCTAGTGAA,0,1808269
hdeAp2,0.1111111111111111,8,8,GGTGGGCATAATTCTAAGCC,0,1803688
hdeAp2,0.1111111111111111,8,8,GGTGCTAAAGGAGTCGCCTC,0,1783252
hdeAp2,0.1111111111111111,8,8,GGTGCGACGTTTGTAACTGC,0,1776347
hdeAp2,0.1111111111111111,8,8,GGTGCCATTCACGGGTCATG,0,1787053
hdeAp2,0.1111111111111111,8,8,GGTCTTCTCTGTAAGCTGAT,0,1807505
hdeAp2,0.1111111111111111,8,8,GGTCTGTGCAATGCCTCTGA,0,1801434
hdeAp2,0.1111111111111111,8,8,GGTCGGGGAAGTATGAAACG,0,1797934
hdeAp2,0.1111111111111111,8,8,GGTCCCATAAGGCGTGTTCG,0,1784319
hdeAp2,0.1111111111111111,8,8,GGTCACCTAGCCCTTGGACC,0,1773138
hdeAp2,0.1111111111111111,8,8,GGTCAACGGGCGTACGTGCT,0,1817128
hdeAp2,0.1111111111111111,8,8,GGTCAACAAATTGGTTGGAA,0,1819568
hdeAp2,0.1111111111111111,8,8,GGTATTGCGGGTTCCCAGTA,0,1813458
hdeAp2,0.1111111111111111,8,8,GGGTGGGGTCAAAGCATCCT,0,1805501
hdeAp2,0.1111111111111111,8,8,GGGTCTTTGAAAATTAGTAT,0,1811898
hdeAp2,0.1111111111111111,8,8,GGGTCTACCCACACACAGTC,0,1803044
hdeAp2,0.1111111111111111,8,8,GGGTCGGGTTACGACTCCGG,0,1798565
hdeAp2,0.1111111111111111,8,8,GGGTCGATCACTTCCGGGAC,0,1822119
hdeAp2,0.1111111111111111,8,8,GGGTATGTTTGCAGTAAAGC,0,1805402
hdeAp2,0.1111111111111111,8,8,GGGGTCTCGGGGTGGTATCC,0,1797439
hdeAp2,0.1111111111111111,8,8,GGGGTAGTTTCGGCGGAAGG,0,1809322
hdeAp2,0.1111111111111111,8,8,GGGGGGTCTCCCCATAAATT,0,1805973
hdeAp2,0.1111111111111111,8,8,GGGGATCGTACTTCCTGCAG,0,1778730
hdeAp2,0.1111111111111111,8,8,GGGGATAGAACACTCTAACT,0,1772038
hdeAp2,0.1111111111111111,8,8,GGGGAATTCAGGCCTCGACC,0,1776856
hdeAp2,0.1111111111111111,8,8,GGGCGTATTTAAATGGTTGG,0,1805761
hdeAp2,0.1111111111111111,8,8,GGGCCGTTTCAGGGGAGAAA,0,1782235
hdeAp2,0.1111111111111111,8,8,GGGCATGCTAAGTGCTTGGT,0,1771050
hdeAp2,0.1111111111111111,8,8,GGGATGTGTGACAAGATTAA,0,1789031
hdeAp2,0.1111111111111111,8,8,GGGATGCCAACGGATGGTAG,0,1784880
hdeAp2,0.1111111111111111,8,8,GGGAGTTCCTGCATGCACGA,0,1778253
hdeAp2,0.1111111111111111,8,8,GGGAGTAGTAAGAGGCTGAT,0,1810230
hdeAp2,0.1111111111111111,8,8,GGCTCGGACAACGACTTGTA,0,1782264
hdeAp2,0.1111111111111111,8,8,GGCTCACAATCTAGAAGACC,0,1800425
hdeAp2,0.1111111111111111,8,8,GGCTAGGGTTTGTCTGACGT,0,1771306
hdeAp2,0.1111111111111111,8,8,GGCGTGCCGGCAGATCCAGG,0,1780978
hdeAp2,0.1111111111111111,8,8,GGCGAGTATAACCGAAAGAA,0,1818481
hdeAp2,0.1111111111111111,8,8,GGCCGTGTCTCTAGAGCGTC,0,1808062
hdeAp2,0.1111111111111111,8,8,GGCCGATGTGGTTCTCCAGG,0,1786714
hdeAp2,0.1111111111111111,8,8,GGCCCTTGATCTTCTGGCGC,0,1799813
hdeAp2,0.1111111111111111,8,8,GGCCCTGCCCCAGAATTCGT,0,1817866
hdeAp2,0.1111111111111111,8,8,GGCCCATCTAGCGTTAGTAG,0,1797537
hdeAp2,0.1111111111111111,8,8,GGCAATTCGGTCAGCTGCCG,0,1788661
hdeAp2,0.1111111111111111,8,8,GGCAATGACCAGAAAACCCA,0,1822357
hdeAp2,0.1111111111111111,8,8,GGATTATGTTATTCAGCTCT,0,1789875
hdeAp2,0.1111111111111111,8,8,GGATAATTTCCTGTGGTCGT,0,1780654
hdeAp2,0.1111111111111111,8,8,GGAGCTGCGGTTACAAGTCA,0,1824329
hdeAp2,0.1111111111111111,8,8,GGAGACACCTCACCAGGCGC,0,1808992
hdeAp2,0.1111111111111111,8,8,GGACCTTGCTTCGTGGTTCG,0,1803349
hdeAp2,0.1111111111111111,8,8,GGAATAGAGGAGCTAATGTT,0,1779699
hdeAp2,0.1111111111111111,8,8,GGAAGGAGATGATCCACAGA,0,1773337
hdeAp2,0.1111111111111111,8,8,GGAACGATATTACCGCCTTT,0,1789688
hdeAp2,0.1111111111111111,8,8,GCTTTGCGGCGTCGAAAGGG,0,1776129
hdeAp2,0.1111111111111111,8,8,GCTTGGTTTTACGGGGAACG,0,1780637
hdeAp2,0.1111111111111111,8,8,GCTTGATAAGTGCTAATATT,0,1789300
hdeAp2,0.1111111111111111,8,8,GCTGTAAGACCGGCGAAACT,0,1787610
hdeAp2,0.1111111111111111,8,8,GCTGCACCGGTAAATTTTGC,0,1786061
hdeAp2,0.1111111111111111,8,8,GCTAGTCTAATGCCACACGC,0,1776044
hdeAp2,0.1111111111111111,8,8,GCTACCTATTAGATCAGCGT,0,1792408
hdeAp2,0.1111111111111111,8,8,GCGTTGACTCAGAGCCTCAA,0,1790565
hdeAp2,0.1111111111111111,8,8,GCGTTAGCTACCGGAAGTAC,0,1820424
hdeAp2,0.1111111111111111,8,8,GCGTTAAAACGCTGAGGTCC,0,1815048
hdeAp2,0.1111111111111111,8,8,GCGTCCCACGGGGGCACACT,0,1812754
hdeAp2,0.1111111111111111,8,8,GCGTACTATCGATTCCAGGG,0,1781056
hdeAp2,0.1111111111111111,8,8,GCGGTTCACATCAAACATAG,0,1823798
hdeAp2,0.1111111111111111,8,8,GCGGTCGGTCTAGAGTTTGA,0,1793078
hdeAp2,0.1111111111111111,8,8,GCGGTAATAGGATCGTGGAG,0,1786720
hdeAp2,0.1111111111111111,8,8,GCGGGTACGCAGACAGCATT,0,1794864
hdeAp2,0.1111111111111111,8,8,GCGGGGGGCATGATTGCTCC,0,1785854
hdeAp2,0.1111111111111111,8,8,GCGGCATTCCGGATATGGAG,0,1773482
hdeAp2,0.1111111111111111,8,8,GCGCTTAGGGCGTTCTGCTT,0,1773916
hdeAp2,0.1111111111111111,8,8,GCGCGGACTGGAGTATCTTG,0,1794673
hdeAp2,0.1111111111111111,8,8,GCGCCCGCCAGCCGAACCCA,0,1781633
hdeAp2,0.1111111111111111,8,8,GCGCAGTGAGACGTATTGTA,0,1792333
hdeAp2,0.1111111111111111,8,8,GCGCACTCATACTTCAGTGA,0,1771758
hdeAp2,0.1111111111111111,8,8,GCGAGTTAACACCAGGCCCA,0,1810570
hdeAp2,0.1111111111111111,8,8,GCGAAATCCAGCCGGGGTTT,0,1823165
hdeAp2,0.1111111111111111,8,8,GCCTATAAATATGTCATGCG,0,1784458
hdeAp2,0.1111111111111111,8,8,GCCGTTATTCACAATAATCG,0,1809655
hdeAp2,0.1111111111111111,8,8,GCCGGGGATAGGGTGCAATA,0,1802512
hdeAp2,0.1111111111111111,8,8,GCCGGAACATTTTGACATAC,0,1773675
hdeAp2,0.1111111111111111,8,8,GCCGCAAGAGGTAGAACATC,0,1781847
hdeAp2,0.1111111111111111,8,8,GCCGACCATGCAGGGCGTAA,0,1809263
hdeAp2,0.1111111111111111,8,8,GCCCGGCTGGCACGGACTCT,0,1824970
hdeAp2,0.1111111111111111,8,8,GCCCGCGAATCGCGGTAAGG,0,1817334
hdeAp2,0.1111111111111111,8,8,GCCCATTTTGCATTGAAAAC,0,1807648
hdeAp2,0.1111111111111111,8,8,GCCCAGACTGTCCATTCGCA,0,1808979
hdeAp2,0.1111111111111111,8,8,GCCCAAAGGAGAGGCTTTTG,0,1788844
hdeAp2,0.1111111111111111,8,8,GCCATTCTGGTTTTCGGGAT,0,1811918
hdeAp2,0.1111111111111111,8,8,GCATCCCACATCTCTAACGC,0,1824039
hdeAp2,0.1111111111111111,8,8,GCAGCTAAAATCCTGAGCAA,0,1802508
hdeAp2,0.1111111111111111,8,8,GCACGCAACGTACGAGAGGT,0,1820693
hdeAp2,0.1111111111111111,8,8,GCAATAGCACACCTCTCAAT,0,1774340
hdeAp2,0.1111111111111111,8,8,GCAACTGCAATGAAGCTAGT,0,1793483
hdeAp2,0.1111111111111111,8,8,GCAACCGGCGAGAACGGCTG,0,1791492
hdeAp2,0.1111111111111111,8,8,GCAACATAATGCACACCAGC,0,1809159
hdeAp2,0.1111111111111111,8,8,GATTGCGTGCCCAGGGCAGA,0,1786768
hdeAp2,0.1111111111111111,8,8,GATGTCCTACCGGAAGGTGG,0,1811187
hdeAp2,0.1111111111111111,8,8,GATGGGCTTACAAGAATTGG,0,1801776
hdeAp2,0.1111111111111111,8,8,GATGATGATATCTTTCGTCA,0,1810591
hdeAp2,0.1111111111111111,8,8,GATCGCCAAACGTCTCACAT,0,1804438
hdeAp2,0.1111111111111111,8,8,GATCACGCACGCGACAATTT,0,1805108
hdeAp2,0.1111111111111111,8,8,GATAGAGCTAGGTTCTGGAA,0,1813127
hdeAp2,0.1111111111111111,8,8,GAGTGTAAGGTGTTCAACTG,0,1785616
hdeAp2,0.1111111111111111,8,8,GAGTCACAGTAGCTTAAGGG,0,1786476
hdeAp2,0.1111111111111111,8,8,GAGGGCACGAGTGACAAGGT,0,1785129
hdeAp2,0.1111111111111111,8,8,GAGGCTCGAAAGACTTTAGG,0,1786192
hdeAp2,0.1111111111111111,8,8,GAGGCGGCGGTTGTAGGTGG,0,1806629
hdeAp2,0.1111111111111111,8,8,GAGGCCTTAGGCTTAGTTTG,0,1783520
hdeAp2,0.1111111111111111,8,8,GAGCAGTCTTAATTCAGACC,0,1803912
hdeAp2,0.1111111111111111,8,8,GAGAGGGACGCCTGGAGACC,0,1809491
hdeAp2,0.1111111111111111,8,8,GAGACCTAAAGCCAGTGTTG,0,1811053
hdeAp2,0.1111111111111111,8,8,GACTTGGCACCAAGGAGCTC,0,1777531
hdeAp2,0.1111111111111111,8,8,GACTGCCGTGTCGGAAAATG,0,1811887
hdeAp2,0.1111111111111111,8,8,GACGGTATCAGCAGTGAGGT,0,1805384
hdeAp2,0.1111111111111111,8,8,GACGGACTTCTGTCCGCTAC,0,1788521
hdeAp2,0.1111111111111111,8,8,GACGATACCCGACGTCTAAG,0,1786076
hdeAp2,0.1111111111111111,8,8,GACGACCTAACAACAACCAA,0,1780900
hdeAp2,0.1111111111111111,8,8,GACCGTCCCTTGGGCCGGAG,0,1803149
hdeAp2,0.1111111111111111,8,8,GACCGCCATAAAAGGATAAT,0,1803415
hdeAp2,0.1111111111111111,8,8,GACCCTGGTGGCGTGCAACG,0,1800481
hdeAp2,0.1111111111111111,8,8,GACCATTCCCTGCCGATTAC,0,1807312
hdeAp2,0.1111111111111111,8,8,GACCAGTTCTAGCATGTCAC,0,1789270
hdeAp2,0.1111111111111111,8,8,GAATGCATTTCCTAGAGCTG,0,1797668
hdeAp2,0.1111111111111111,8,8,GAAGTTGTCACAGAACGACT,0,1820466
hdeAp2,0.1111111111111111,8,8,GAAGCGCCCTAGTGCCTATG,0,1793081
hdeAp2,0.1111111111111111,8,8,GAAGCACGGGACAGATATGA,0,1784528
hdeAp2,0.1111111111111111,8,8,GAACTCGTCAGACACCTGGG,0,1813854
hdeAp2,0.1111111111111111,8,8,GAAATTGATGGTAGTAACTG,0,1776285
hdeAp2,0.1111111111111111,8,8,GAAACGGTCACTATGTGTGG,0,1772985
hdeAp2,0.1111111111111111,8,8,CTTTACCCAAAAAGCACGCA,0,1773718
hdeAp2,0.1111111111111111,8,8,CTTCGCGCACAATTATGAGG,0,1792529
hdeAp2,0.1111111111111111,8,8,CTTCAGGGGCAACGCAGGCA,0,1801564
hdeAp2,0.1111111111111111,8,8,CTTAGGGGCTTTCTTGGCCC,0,1789551
hdeAp2,0.1111111111111111,8,8,CTTAGCAGGGCGGCGGATCG,0,1813405
hdeAp2,0.1111111111111111,8,8,CTGTTTTTAAACGCGGCGGC,0,1792590
hdeAp2,0.1111111111111111,8,8,CTGTTTATATGCTACACCCC,0,1810302
hdeAp2,0.1111111111111111,8,8,CTGTGGAGTTCGCTAGTAAC,0,1795609
hdeAp2,0.1111111111111111,8,8,CTGTGCTGCCTTCATCGCGA,0,1806018
hdeAp2,0.1111111111111111,8,8,CTGTAGGCATGAGAGAACAC,0,1779746
hdeAp2,0.1111111111111111,8,8,CTGTACGATTCAAAGGCTCA,0,1825619
hdeAp2,0.1111111111111111,8,8,CTGGTAGTTTGGTAGAGTCC,0,1774235
hdeAp2,0.1111111111111111,8,8,CTGGGGTATGTAAGAATTAT,0,1806360
hdeAp2,0.1111111111111111,8,8,CTGGCCGTGACGTCATTTGC,0,1795563
hdeAp2,0.1111111111111111,8,8,CTGGCAGTGGAGTCGTGGTT,0,1773938
hdeAp2,0.1111111111111111,8,8,CTGGAATTACAAGTTTGCGC,0,1828208
hdeAp2,0.1111111111111111,8,8,CTGGAATAGGTAGGCCGCCA,0,1789863
hdeAp2,0.1111111111111111,8,8,CTGCATGCTCCAATCCATGT,0,1785466
hdeAp2,0.1111111111111111,8,8,CTGAGCTTCGTCTCGGATAC,0,1810467
hdeAp2,0.1111111111111111,8,8,CTGAATGTCTGGTTTGCATA,0,1789939
hdeAp2,0.1111111111111111,8,8,CTCTGGAGCACTCGCCGGGC,0,1822983
hdeAp2,0.1111111111111111,8,8,CTCGGTCTCTCCTCCACATG,0,1785076
hdeAp2,0.1111111111111111,8,8,CTCGGCCCACAGAAAATGTC,0,1781197
hdeAp2,0.1111111111111111,8,8,CTCGGAGTAAGTGAAGGTGA,0,1808064
hdeAp2,0.1111111111111111,8,8,CTCGCGGGCTTGCGTCGGTC,0,1784141
hdeAp2,0.1111111111111111,8,8,CTCGCGACGTCGGATCGATA,0,1810453
hdeAp2,0.1111111111111111,8,8,CTCGCAAAGGGCCACCATTG,0,1798362
hdeAp2,0.1111111111111111,8,8,CTCCTCAGCTCGACTGATCA,0,1783362
hdeAp2,0.1111111111111111,8,8,CTCCGGCCATTCGTCCGCGT,0,1820206
hdeAp2,0.1111111111111111,8,8,CTCCCTATGTATCTGTGCGC,0,1791806
hdeAp2,0.1111111111111111,8,8,CTCCCAAAAGTAACAGGGCA,0,1785542
hdeAp2,0.1111111111111111,8,8,CTCACTGTGACTATGTAAAT,0,1798646
hdeAp2,0.1111111111111111,8,8,CTCAATATCCAGAGGAGCGG,0,1794527
hdeAp2,0.1111111111111111,8,8,CTCAACTGAATAACAACGCC,0,1828293
hdeAp2,0.1111111111111111,8,8,CTATATGTGGATAGGCAGTG,0,1772356
hdeAp2,0.1111111111111111,8,8,CTAGGACCAATCCAGAACGG,0,1803357
hdeAp2,0.1111111111111111,8,8,CTAGATAATCAGACGTAGCT,0,1812567
hdeAp2,0.1111111111111111,8,8,CTAGAAGGGTACTGTATTAC,0,1798759
hdeAp2,0.1111111111111111,8,8,CTACTTATGGAAACCTCCGT,0,1785506
hdeAp2,0.1111111111111111,8,8,CTACGGACTCGCGTACAAAT,0,1817181
hdeAp2,0.1111111111111111,8,8,CTACAGTAGTTGAAGTTAAG,0,1825697
hdeAp2,0.1111111111111111,8,8,CTAACAATCCCAGCCGACAG,0,1826962
hdeAp2,0.1111111111111111,8,8,CGTTTACTCGCTGGTCCGCC,0,1784139
hdeAp2,0.1111111111111111,8,8,CGTTGGGCAGCGGTATCCTC,0,1819802
hdeAp2,0.1111111111111111,8,8,CGTTCGGTTATAAGTCGAGT,0,1788059
hdeAp2,0.1111111111111111,8,8,CGTGTTATTCAAACAGGCGC,0,1828322
hdeAp2,0.1111111111111111,8,8,CGTGTGGGGAGCGGTTGAGT,0,1788921
hdeAp2,0.1111111111111111,8,8,CGTGTCCGAAACGGTCTCGC,0,1782614
hdeAp2,0.1111111111111111,8,8,CGTGGCACCAACTGATAACA,0,1818262
hdeAp2,0.1111111111111111,8,8,CGTGCGGATGCTACATAAAT,0,1805876
hdeAp2,0.1111111111111111,8,8,CGTGCATGGGGCCAGTTGGC,0,1806009
hdeAp2,0.1111111111111111,8,8,CGTGAGTAGGAAGCCCGAGA,0,1801522
hdeAp2,0.1111111111111111,8,8,CGTGAGGACCGGTGGTGATT,0,1799498
hdeAp2,0.1111111111111111,8,8,CGTCTGAAGCAAAAGGCTGA,0,1813000
hdeAp2,0.1111111111111111,8,8,CGTCTCGATGCGTGGTGTTA,0,1772440
hdeAp2,0.1111111111111111,8,8,CGTCCACAATGTAGCGTCCT,0,1771897
hdeAp2,0.1111111111111111,8,8,CGTCAGCGTAACGACTAGAG,0,1809516
hdeAp2,0.1111111111111111,8,8,CGTAGTTTTCATGCATAAAG,0,1799906
hdeAp2,0.1111111111111111,8,8,CGGTGTGTGTAGAGCGAGGG,0,1793475
hdeAp2,0.1111111111111111,8,8,CGGTCGTTAAGCAGGATATG,0,1775042
hdeAp2,0.1111111111111111,8,8,CGGTCGGGTATCTAATGACT,0,1797646
hdeAp2,0.1111111111111111,8,8,CGGGTGCTCTTACGATTCAG,0,1774952
hdeAp2,0.1111111111111111,8,8,CGGGTAATGAAAACTACGGC,0,1800071
hdeAp2,0.1111111111111111,8,8,CGGGGTGGTCCCCCCAAGTT,0,1784784
hdeAp2,0.1111111111111111,8,8,CGGGGTCATACAGACGTTAT,0,1796848
hdeAp2,0.1111111111111111,8,8,CGGGGGCGACATTTAGACTC,0,1813644
hdeAp2,0.1111111111111111,8,8,CGGGATTGGGTGGATTGCCA,0,1801578
hdeAp2,0.1111111111111111,8,8,CGGGATTAGGTCGCGGCTGA,0,1773511
hdeAp2,0.1111111111111111,8,8,CGGCCAGTACATGGTTAGCA,0,1793754
hdeAp2,0.1111111111111111,8,8,CGGCATTGATTTGTTCCGAT,0,1813599
hdeAp2,0.1111111111111111,8,8,CGGAGCACGTTTACACCAAA,0,1802569
hdeAp2,0.1111111111111111,8,8,CGGAACGGACTTTGGAAGTG,0,1822260
hdeAp2,0.1111111111111111,8,8,CGGAAACGTATCATAGTGTT,0,1815088
hdeAp2,0.1111111111111111,8,8,CGCTCTCCTGCGCGCGGTGA,0,1811793
hdeAp2,0.1111111111111111,8,8,CGCTCGCCTACCTCCGGCTT,0,1819584
hdeAp2,0.1111111111111111,8,8,CGCGTTATATTGTCCCGTGT,0,1803999
hdeAp2,0.1111111111111111,8,8,CGCGTGCACACAGACTAATT,0,1809111
hdeAp2,0.1111111111111111,8,8,CGCGCCGGGTTATGAGCTGA,0,1771221
hdeAp2,0.1111111111111111,8,8,CGCGCAGCAGCTTGAGGACT,0,1798656
hdeAp2,0.1111111111111111,8,8,CGCGAGGTATCGTCACTCCC,0,1781779
hdeAp2,0.1111111111111111,8,8,CGCCCAGCCTTCATACATTA,0,1788600
hdeAp2,0.1111111111111111,8,8,CGCATGACTGGGACATAAAG,0,1779560
hdeAp2,0.1111111111111111,8,8,CGCACGACTTAGATTCTCGG,0,1812365
hdeAp2,0.1111111111111111,8,8,CGCACAATCGTAGTGACATT,0,1806905
hdeAp2,0.1111111111111111,8,8,CGATGTCAGAGATCACCCCC,0,1824486
hdeAp2,0.1111111111111111,8,8,CGATATCATAGTAACCGTTT,0,1802279
hdeAp2,0.1111111111111111,8,8,CGAGTCTTTCACCTGTATGG,0,1818350
hdeAp2,0.1111111111111111,8,8,CGAGGGGTCGGCAAGGATCA,0,1784799
hdeAp2,0.1111111111111111,8,8,CGAGGAATGCAGTGTGGAAG,0,1817549
hdeAp2,0.1111111111111111,8,8,CGAGATATACGACCACGCCA,0,1824132
hdeAp2,0.1111111111111111,8,8,CGACAGCCTCTCTAATGCAA,0,1828157
hdeAp2,0.1111111111111111,8,8,CGACACGCTAGGTTCATTCG,0,1802353
hdeAp2,0.1111111111111111,8,8,CGAATCTTAGGACGTAAAGC,0,1821125
hdeAp2,0.1111111111111111,8,8,CGAATAAGCGTACACACGCA,0,1800790
hdeAp2,0.1111111111111111,8,8,CCTTTGCTGCGGCGGTCGTC,0,1792688
hdeAp2,0.1111111111111111,8,8,CCTTGTAGGCAGTTAAACGA,0,1791585
hdeAp2,0.1111111111111111,8,8,CCTTACGCTACTATTACCTT,0,1772284
hdeAp2,0.1111111111111111,8,8,CCTGCGCCTTGGAATCCTAT,0,1790440
hdeAp2,0.1111111111111111,8,8,CCTCTTCCGCACGCATAATT,0,1813343
hdeAp2,0.1111111111111111,8,8,CCTCTGGGATCGTTCTATCG,0,1783718
hdeAp2,0.1111111111111111,8,8,CCTCGTTCCATTTGTAGAAT,0,1778166
hdeAp2,0.1111111111111111,8,8,CCTCATGCCATTGAGTATTC,0,1801917
hdeAp2,0.1111111111111111,8,8,CCTCACGTTCTGTTGCAGTC,0,1775171
hdeAp2,0.1111111111111111,8,8,CCTAATTAGATGGTTTACAA,0,1796030
hdeAp2,0.1111111111111111,8,8,CCTAAGCGTCTAGATTTTGG,0,1796983
hdeAp2,0.1111111111111111,8,8,CCGTTTTGTTCGTTCGGTGA,0,1787697
hdeAp2,0.1111111111111111,8,8,CCGTGAACAGGCGGGTCATA,0,1801011
hdeAp2,0.1111111111111111,8,8,CCGTCGCGTCTGAGTAAATG,0,1774222
hdeAp2,0.1111111111111111,8,8,CCGGTACGGTGCTCCGCCTG,0,1806012
hdeAp2,0.1111111111111111,8,8,CCGGCTGATGGTTTCTATGT,0,1800433
hdeAp2,0.1111111111111111,8,8,CCGGCGACGATTGGACGGGT,0,1811403
hdeAp2,0.1111111111111111,8,8,CCGCTCAGTTTTGTGAATTT,0,1789083
hdeAp2,0.1111111111111111,8,8,CCGCTAGGATGAAGCGGGAT,0,1792381
hdeAp2,0.1111111111111111,8,8,CCGACCAACTGCAGATGCCC,0,1828357
hdeAp2,0.1111111111111111,8,8,CCCTGTTCAAACCACTATCC,0,1780124
hdeAp2,0.1111111111111111,8,8,CCCGCATCCAGACCCTAACC,0,1813945
hdeAp2,0.1111111111111111,8,8,CCCGATCTTAAGATCCACAG,0,1821905
hdeAp2,0.1111111111111111,8,8,CCCGAGTGACCGTATTTTTC,0,1820801
hdeAp2,0.1111111111111111,8,8,CCCCGTAGTGGGGTTATCAC,0,1773595
hdeAp2,0.1111111111111111,8,8,CCCCCTGAACAGGGAGGGCC,0,1826471
hdeAp2,0.1111111111111111,8,8,CCCCCGTCGTACTCAGAAGC,0,1828473
hdeAp2,0.1111111111111111,8,8,CCCCCAGTGATACTTTTTGC,0,1813770
hdeAp2,0.1111111111111111,8,8,CCCAGGGCGTTTCATCAACG,0,1797702
hdeAp2,0.1111111111111111,8,8,CCCAGCGGAGTATATACCGT,0,1785117
hdeAp2,0.1111111111111111,8,8,CCCAACCCTGATGCAAGTGT,0,1820608
hdeAp2,0.1111111111111111,8,8,CCATGTGTCTGAACCCAGCT,0,1774093
hdeAp2,0.1111111111111111,8,8,CCATACAGCAACAAGGTCTT,0,1824161
hdeAp2,0.1111111111111111,8,8,CCAGGCCCATAGGCTAAATC,0,1799236
hdeAp2,0.1111111111111111,8,8,CCAGCCAACGAGTTAGCACC,0,1778182
hdeAp2,0.1111111111111111,8,8,CCACGTGCTTGGGTGATCCT,0,1819121
hdeAp2,0.1111111111111111,8,8,CCACCGCCGTTCCTTAGGAC,0,1787238
hdeAp2,0.1111111111111111,8,8,CCACCGAAGTGAGGTCGGAA,0,1783791
hdeAp2,0.1111111111111111,8,8,CCACAACGAGCCGTAGGAGT,0,1810844
hdeAp2,0.1111111111111111,8,8,CCAAAAGTATCGAGGTACTT,0,1800112
hdeAp2,0.1111111111111111,8,8,CATTTCGGGTTCTTTTGGCA,0,1825224
hdeAp2,0.1111111111111111,8,8,CATTATCTACGTCGCCGTTA,0,1784917
hdeAp2,0.1111111111111111,8,8,CATTAATTACGGGTGGATTT,0,1786672
hdeAp2,0.1111111111111111,8,8,CATGCCAGGCATGATTTCAT,0,1809433
hdeAp2,0.1111111111111111,8,8,CATATATTGTGTCGGGTCCT,0,1818420
hdeAp2,0.1111111111111111,8,8,CAGTTGATCCTGCTTGAGAC,0,1815033
hdeAp2,0.1111111111111111,8,8,CAGGTCCAGCGAATCTTCAC,0,1821393
hdeAp2,0.1111111111111111,8,8,CAGGCAGGTCGTATCGCTCA,0,1784246
hdeAp2,0.1111111111111111,8,8,CAGGAGGGATTGAATGTAGG,0,1775620
hdeAp2,0.1111111111111111,8,8,CAGGAACGCTTGTCGCTATC,0,1779630
hdeAp2,0.1111111111111111,8,8,CAGCGGTGAAATTCCATTTA,0,1788030
hdeAp2,0.1111111111111111,8,8,CAGCCTAGGGTATTCTCTGA,0,1794139
hdeAp2,0.1111111111111111,8,8,CAGCCCATTTGGTTTACGTC,0,1773320
hdeAp2,0.1111111111111111,8,8,CAGCCATTGCACGCTGAGTA,0,1793010
hdeAp2,0.1111111111111111,8,8,CACTTGACCGAGGAATACTA,0,1818703
hdeAp2,0.1111111111111111,8,8,CACTGGGCACCCTCACCTAC,0,1818275
hdeAp2,0.1111111111111111,8,8,CACGTACCGCGCAGATCACC,0,1792064
hdeAp2,0.1111111111111111,8,8,CACGCCGACACCTTCTCGCA,0,1811064
hdeAp2,0.1111111111111111,8,8,CACCGACAGATGTCGGGATG,0,1775531
hdeAp2,0.1111111111111111,8,8,CACAGACGAGGTCCACTTTC,0,1801430
hdeAp2,0.1111111111111111,8,8,CACACAAGACCGAAGGGGTG,0,1824933
hdeAp2,0.1111111111111111,8,8,CACAATTGTCAACACTGACG,0,1810411
hdeAp2,0.1111111111111111,8,8,CACAAGGTAGATGACCGCGA,0,1803597
hdeAp2,0.1111111111111111,8,8,CAATGGATGCAATAGCTGCA,0,1774835
hdeAp2,0.1111111111111111,8,8,CAATGAGCAGGTAAAGACTC,0,1785007
hdeAp2,0.1111111111111111,8,8,ATTGTATTTCCCGATTTTGG,0,1784755
hdeAp2,0.1111111111111111,8,8,ATTGGGGATTAGTGCGTACC,0,1778913
hdeAp2,0.1111111111111111,8,8,ATTGGCTTGAGCGGATCAGT,0,1806318
hdeAp2,0.1111111111111111,8,8,ATTGCGGAGCTATTTACGGT,0,1807882
hdeAp2,0.1111111111111111,8,8,ATTCTTAAAAAAAGCGCTTT,0,1815404
hdeAp2,0.1111111111111111,8,8,ATTCTCCACGTCCGGTCACG,0,1825649
hdeAp2,0.1111111111111111,8,8,ATTCGTCGTCATTAAGACTC,0,1799441
hdeAp2,0.1111111111111111,8,8,ATTCGTAGTTTTATTCATGA,0,1789239
hdeAp2,0.1111111111111111,8,8,ATTATCCTCCTTGCGAATTG,0,1787968
hdeAp2,0.1111111111111111,8,8,ATTACCCTGTCTCCGCGAGC,0,1784400
hdeAp2,0.1111111111111111,8,8,ATTACAGCTAGGCGCATTAG,0,1789316
hdeAp2,0.1111111111111111,8,8,ATGTTGTGATGAACCAGCCA,0,1771803
hdeAp2,0.1111111111111111,8,8,ATGTATTGATCCTTTGGTCG,0,1814415
hdeAp2,0.1111111111111111,8,8,ATGTAAGGGGCTTACTCCTG,0,1799145
hdeAp2,0.1111111111111111,8,8,ATGGCTGTCTAGCTTTCAAC,0,1823011
hdeAp2,0.1111111111111111,8,8,ATGGCGTATGCGTTAGTCAG,0,1828376
hdeAp2,0.1111111111111111,8,8,ATGGCACCGGCGGCGACCGG,0,1789903
hdeAp2,0.1111111111111111,8,8,ATGGAATACGATTGTGGGGA,0,1785821
hdeAp2,0.1111111111111111,8,8,ATGCCGGACGATTGGAGGAT,0,1785492
hdeAp2,0.1111111111111111,8,8,ATGCCATGGAAAATAGTATT,0,1826893
hdeAp2,0.1111111111111111,8,8,ATGCCAGCGGTAATCATTGG,0,1816244
hdeAp2,0.1111111111111111,8,8,ATGCATTATTGGTGACTTTC,0,1807996
hdeAp2,0.1111111111111111,8,8,ATGCAAGTACCTCACCTGGC,0,1778790
hdeAp2,0.1111111111111111,8,8,ATGCAAGCTAGGCACAGTAC,0,1825281
hdeAp2,0.1111111111111111,8,8,ATGCAACTGCGGACCTTATA,0,1813837
hdeAp2,0.1111111111111111,8,8,ATGAGTTCGCGGTCCGGAAA,0,1784461
hdeAp2,0.1111111111111111,8,8,ATGACAACGGTGTTGTGTTA,0,1798872
hdeAp2,0.1111111111111111,8,8,ATGAACAGGATTCAGATCTA,0,1800308
hdeAp2,0.1111111111111111,8,8,ATCTTCTCAACACAAGGAAG,0,1815463
hdeAp2,0.1111111111111111,8,8,ATCTGTTGCTCCTTATTAGA,0,1791267
hdeAp2,0.1111111111111111,8,8,ATCTGATGGGTCCAGGCATA,0,1787761
hdeAp2,0.1111111111111111,8,8,ATCGAAGGAGCGGCCGTTAG,0,1822493
hdeAp2,0.1111111111111111,8,8,ATCATTATCCAGCAGAACAG,0,1812406
hdeAp2,0.1111111111111111,8,8,ATCAGAGTTTTTGACCGAAT,0,1784753
hdeAp2,0.1111111111111111,8,8,ATCACTCCCGATACTACGTT,0,1822833
hdeAp2,0.1111111111111111,8,8,ATCAATCGATCGTGTCTTCG,0,1798888
hdeAp2,0.1111111111111111,8,8,ATATGGTCGAACCTTATATC,0,1797672
hdeAp2,0.1111111111111111,8,8,ATATCTACTCAGGGGTCGAG,0,1814011
hdeAp2,0.1111111111111111,8,8,ATATAGTGGGTTATCTTCGT,0,1774699
hdeAp2,0.1111111111111111,8,8,ATAGTCTCGTAAAAGCTTGT,0,1791503
hdeAp2,0.1111111111111111,8,8,ATACTTTGTAGTACCAGATA,0,1804788
hdeAp2,0.1111111111111111,8,8,ATACGGCAAGCGCTCACTTC,0,1817131
hdeAp2,0.1111111111111111,8,8,ATACGGATTGCTTTTCCTAC,0,1773544
hdeAp2,0.1111111111111111,8,8,ATACGATACGTCGCGATTCC,0,1780316
hdeAp2,0.1111111111111111,8,8,ATAAGTTAATTCTACGAAAG,0,1795557
hdeAp2,0.1111111111111111,8,8,ATAAGGTAGAGGCGCACTTA,0,1793362
hdeAp2,0.1111111111111111,8,8,ATAAGCAGCGTGGAGGGCCT,0,1777944
hdeAp2,0.1111111111111111,8,8,ATAAGATGGGCACGAAACAA,0,1780697
hdeAp2,0.1111111111111111,8,8,ATAAGACTTGTCGGAATCGG,0,1788822
hdeAp2,0.1111111111111111,8,8,AGTTTACCGTAGGCGCTGAC,0,1812430
hdeAp2,0.1111111111111111,8,8,AGTTTAATTTATCGGAGTGG,0,1772144
hdeAp2,0.1111111111111111,8,8,AGTTATGTAAATGCGCGTGG,0,1806254
hdeAp2,0.1111111111111111,8,8,AGTTAATGATGTCAAGGCCG,0,1828618
hdeAp2,0.1111111111111111,8,8,AGTGTTTGGTGCCCGGCATC,0,1811941
hdeAp2,0.1111111111111111,8,8,AGTGTAGAACTTTGCTCGTA,0,1784642
hdeAp2,0.1111111111111111,8,8,AGTCTGCTTCTCTCCTAGAG,0,1810665
hdeAp2,0.1111111111111111,8,8,AGTCGGAGTGACTGCGTGTT,0,1777671
hdeAp2,0.1111111111111111,8,8,AGTCCACTAGATTATTCTCA,0,1815939
hdeAp2,0.1111111111111111,8,8,AGTCAGTAGGGCGGTCGAAT,0,1825451
hdeAp2,0.1111111111111111,8,8,AGTCACGGGCTGTTTCATGC,0,1828756
hdeAp2,0.1111111111111111,8,8,AGTACTGATTAGCCACAAAA,0,1814702
hdeAp2,0.1111111111111111,8,8,AGTAATCAGTGACCGGGATG,0,1799696
hdeAp2,0.1111111111111111,8,8,AGGTTGATTCTCTAAACCCT,0,1781178
hdeAp2,0.1111111111111111,8,8,AGGTTAAAGCTGTGGCACTA,0,1778969
hdeAp2,0.1111111111111111,8,8,AGGTCCGCTTGGGTTCTTGT,0,1798296
hdeAp2,0.1111111111111111,8,8,AGGTCATAGTAGAGGCGTAG,0,1773342
hdeAp2,0.1111111111111111,8,8,AGGTACAATTGTACGTCCGA,0,1808225
hdeAp2,0.1111111111111111,8,8,AGGGTTCCCCCCCGTTGAAA,0,1773221
hdeAp2,0.1111111111111111,8,8,AGGCTTGAGTCTGGTCGTAG,0,1809658
hdeAp2,0.1111111111111111,8,8,AGGCTGTTAGGCAAGGCGTG,0,1784531
hdeAp2,0.1111111111111111,8,8,AGGCGGGGCTATTACGTTGG,0,1828507
hdeAp2,0.1111111111111111,8,8,AGGAACCCGCCAGACAACGA,0,1809166
hdeAp2,0.1111111111111111,8,8,AGCTGGGCGAATATGGTAGA,0,1816319
hdeAp2,0.1111111111111111,8,8,AGCTACAGGGGTTCGCTATA,0,1787904
hdeAp2,0.1111111111111111,8,8,AGCGTTTGTTCTATCCGAAT,0,1779635
hdeAp2,0.1111111111111111,8,8,AGCGCGTGGCATGCCGCTCA,0,1790070
hdeAp2,0.1111111111111111,8,8,AGCCCGTAGTTGCCAGAATG,0,1815116
hdeAp2,0.1111111111111111,8,8,AGCCACGAACAATATGTGGT,0,1827126
hdeAp2,0.1111111111111111,8,8,AGCCAAACTGGCCATGACAA,0,1822033
hdeAp2,0.1111111111111111,8,8,AGCATCTTGAGTTCACTTTG,0,1791750
hdeAp2,0.1111111111111111,8,8,AGCAATTCACGACCGAGACT,0,1812698
hdeAp2,0.1111111111111111,8,8,AGATCCATTAATTTGGTAAG,0,1790061
hdeAp2,0.1111111111111111,8,8,AGAGTCGCCGGTTACAGAGC,0,1783220
hdeAp2,0.1111111111111111,8,8,AGAGGCCAGCTCTGGCGATA,0,1827582
hdeAp2,0.1111111111111111,8,8,AGAGCGTGCGCATATTCTGG,0,1773260
hdeAp2,0.1111111111111111,8,8,AGAGAACGTACATTTGACTG,0,1827941
hdeAp2,0.1111111111111111,8,8,AGACTCATTTTCCGTAAGAC,0,1806279
hdeAp2,0.1111111111111111,8,8,AGACTACAGTACAGGCCCTC,0,1772657
hdeAp2,0.1111111111111111,8,8,AGACCTGTGGAAGGGTCCTA,0,1812875
hdeAp2,0.1111111111111111,8,8,AGACCTAAGCCCCTCATAAA,0,1786988
hdeAp2,0.1111111111111111,8,8,AGAATGCTAGAGCGCCGAAT,0,1796844
hdeAp2,0.1111111111111111,8,8,AGAAGCGATAGTACTGAAAC,0,1810616
hdeAp2,0.1111111111111111,8,8,ACTTTTCGCGCACCCCCAGC,0,1818179
hdeAp2,0.1111111111111111,8,8,ACTTAATCATGTCGGCCTAT,0,1773401
hdeAp2,0.1111111111111111,8,8,ACTGTGCTGTCTTCCCTGGT,0,1793187
hdeAp2,0.1111111111111111,8,8,ACTGTACTTCCACAGTATTC,0,1782157
hdeAp2,0.1111111111111111,8,8,ACTGGTCACGGCAAGGGAGG,0,1803541
hdeAp2,0.1111111111111111,8,8,ACTGGAGCGTTAGAAACGAA,0,1797385
hdeAp2,0.1111111111111111,8,8,ACTGAGTGGGTGCTGAATGT,0,1783426
hdeAp2,0.1111111111111111,8,8,ACTCCTCTGTTCCTAGTCAC,0,1774263
hdeAp2,0.1111111111111111,8,8,ACTAGCACCTTGGTCTAAAT,0,1826337
hdeAp2,0.1111111111111111,8,8,ACTACTATGGCTGATGACAG,0,1816518
hdeAp2,0.1111111111111111,8,8,ACGTGGTATGGTACTGGACT,0,1775193
hdeAp2,0.1111111111111111,8,8,ACGTCGTTAGTCACCTTGAG,0,1804061
hdeAp2,0.1111111111111111,8,8,ACGGTTTTTAGTGCCAGGCT,0,1821038
hdeAp2,0.1111111111111111,8,8,ACGGGGCGTTACAATGTGAC,0,1798312
hdeAp2,0.1111111111111111,8,8,ACGGCCGGTGTAACATGATT,0,1791065
hdeAp2,0.1111111111111111,8,8,ACGGCCCTGGACTCTCGTCT,0,1775708
hdeAp2,0.1111111111111111,8,8,ACGGATTAAGTTTAGGGGTA,0,1771881
hdeAp2,0.1111111111111111,8,8,ACGCTCGGCCGATGCGCCTA,0,1813724
hdeAp2,0.1111111111111111,8,8,ACGCCCCCACTGATCAGGTA,0,1813224
hdeAp2,0.1111111111111111,8,8,ACGCAATTTCGGCACACTAA,0,1790856
hdeAp2,0.1111111111111111,8,8,ACGAGGCTTAGGTTATTTAA,0,1774267
hdeAp2,0.1111111111111111,8,8,ACGAGATTCAGCCTCTCGTT,0,1783542
hdeAp2,0.1111111111111111,8,8,ACGACGCCAACGTTTTCCTC,0,1806538
hdeAp2,0.1111111111111111,8,8,ACGACCTCTGTCCTGCTAGT,0,1821411
hdeAp2,0.1111111111111111,8,8,ACGAAGTCCTCTGCCCTCGT,0,1811065
hdeAp2,0.1111111111111111,8,8,ACCTGTCAGCACCGACACTT,0,1819381
hdeAp2,0.1111111111111111,8,8,ACCTATGGGAGATCCTTCGA,0,1786878
hdeAp2,0.1111111111111111,8,8,ACCGGACCGTTTTCCGGTTA,0,1820902
hdeAp2,0.1111111111111111,8,8,ACCCTAAGGCTCTCGAAGAT,0,1818399
hdeAp2,0.1111111111111111,8,8,ACCCATCGTTCGGTGAACAA,0,1780851
hdeAp2,0.1111111111111111,8,8,ACCCACAAGAATCACAGCGT,0,1782616
hdeAp2,0.1111111111111111,8,8,ACATCTCTAGACTAGAGCTA,0,1782229
hdeAp2,0.1111111111111111,8,8,ACAGGGAGTCTGGTGACGGG,0,1777202
hdeAp2,0.1111111111111111,8,8,ACAGATCGCCAGCTTTCTGT,0,1784510
hdeAp2,0.1111111111111111,8,8,ACACTGTGAGCCAAACGTTA,0,1806520
hdeAp2,0.1111111111111111,8,8,ACACCAAGCTGTCGTTTGAA,0,1816982
hdeAp2,0.1111111111111111,8,8,ACACACTGTATTATGACTCT,0,1783288
hdeAp2,0.1111111111111111,8,8,ACACAATGGACAGACCAAGT,0,1817835
hdeAp2,0.1111111111111111,8,8,AATTGTGAGCGAGTTCATTG,0,1826531
hdeAp2,0.1111111111111111,8,8,AATTAAAAACTCGGAATCGG,0,1819079
hdeAp2,0.1111111111111111,8,8,AATGGTTGCTCTGTCGGAGC,0,1819577
hdeAp2,0.1111111111111111,8,8,AATGCTAATAGGGCAAGGAA,0,1812569
hdeAp2,0.1111111111111111,8,8,AATCTATCATATGTTTTGTA,0,1800174
hdeAp2,0.1111111111111111,8,8,AATCGGCCATCAGCAAGTAC,0,1787171
hdeAp2,0.1111111111111111,8,8,AATCCTCGCCTGTGTGTACT,0,1816066
hdeAp2,0.1111111111111111,8,8,AATCCGGGACTGCGATCATA,0,1793897
hdeAp2,0.1111111111111111,8,8,AATCATTTTTACTCACGAGG,0,1819558
hdeAp2,0.1111111111111111,8,8,AATACTCTAACACCATACAC,0,1812454
hdeAp2,0.1111111111111111,8,8,AATACGCAACACTGCTTTGA,0,1771953
hdeAp2,0.1111111111111111,8,8,AATAAAGGCCTACCGTGGAT,0,1790405
hdeAp2,0.1111111111111111,8,8,AAGTCCGAATGGTCTGGGAA,0,1821658
hdeAp2,0.1111111111111111,8,8,AAGTAAGATGGCGATTTTCG,0,1810799
hdeAp2,0.1111111111111111,8,8,AAGGTCCGTCTGAGAAGGCT,0,1787121
hdeAp2,0.1111111111111111,8,8,AAGCTTAGCGATGCGCGTGT,0,1779896
hdeAp2,0.1111111111111111,8,8,AAGCTCTTTTACACCAGGCC,0,1776932
hdeAp2,0.1111111111111111,8,8,AAGCGATCGAGACCGGGGGA,0,1771468
hdeAp2,0.1111111111111111,8,8,AAGCCCTATTTCGCACAACA,0,1790184
hdeAp2,0.1111111111111111,8,8,AAGCCATGCGCGGCTGCCCC,0,1807270
hdeAp2,0.1111111111111111,8,8,AAGCATAGATCGGTGCAATG,0,1828462
hdeAp2,0.1111111111111111,8,8,AAGATTAGATGGACGTACAC,0,1813331
hdeAp2,0.1111111111111111,8,8,AAGACTATGCTTATGTTGAC,0,1796817
hdeAp2,0.1111111111111111,8,8,AACTGAAAGAGTAAACACAT,0,1791070
hdeAp2,0.1111111111111111,8,8,AACTACATGGTCGTCCACAA,0,1772779
hdeAp2,0.1111111111111111,8,8,AACGTCTATGAACGTTGCGT,0,1811071
hdeAp2,0.1111111111111111,8,8,AACCTCCTGGACTGCTACGT,0,1772287
hdeAp2,0.1111111111111111,8,8,AACCGGTTCGGATACATCAA,0,1811455
hdeAp2,0.1111111111111111,8,8,AACCACCTTACACGGAGGTT,0,1796719
hdeAp2,0.1111111111111111,8,8,AAATTACTGTGCTGATCCGT,0,1781129
hdeAp2,0.1111111111111111,8,8,AAATGATCAGCAAATTTAGC,0,1802330
hdeAp2,0.1111111111111111,8,8,AAATCTGATCAACCGAGGTA,0,1801618
hdeAp2,0.1111111111111111,8,8,AAATAGTTCAAACTTATGGG,0,1797280
hdeAp2,0.1111111111111111,8,8,AAATAATAGATTTCAAAGAT,0,1818002
hdeAp2,0.1111111111111111,8,8,AAAGATATTTACAGATCCGA,0,1799433
hdeAp2,0.1111111111111111,8,8,AAACTTGCCAGTGAACCGAA,0,1785713
hdeAp2,0.1111111111111111,8,8,AAACTTGAATGAGTATCGGA,0,1790017
hdeAp2,0.1111111111111111,8,8,AAACCGTATCCAGTATGATG,0,1775768
hdeAp2,0.1111111111111111,8,8,AAACAAATTTCAGCACGACG,0,1784055
hdeAp2,0.1111111111111111,8,8,AAAATCTGACTACATGGCGA,0,1775742
hdeAp2,0.1111111111111111,8,8,AAAATCCCCGCTCTGCTGCT,0,1792267
hdeAp2,0.1111111111111111,8,8,AAAATCAGGACTATGCCGTG,0,1791180
hdeAp2,0.125,7,7,TTTTTTGCGCACCTGTGGCG,0,1782905
hdeAp2,0.125,7,7,TTTTTATAACCTGCCTTGCG,0,1774378
hdeAp2,0.125,7,7,TTTTGACCTACTCCGTCGCT,0,1787656
hdeAp2,0.125,7,7,TTTTCGCAGTCGTGGCGCCT,0,1825724
hdeAp2,0.125,7,7,TTTTATTATCAAAAATCTAG,0,1800237
hdeAp2,0.125,7,7,TTTGTCCGTTCACACTACAC,0,1826891
hdeAp2,0.125,7,7,TTTGTCCACCCGCGAACATC,0,1798133
hdeAp2,0.125,7,7,TTTGGACTTTTTTATAGCGT,0,1810788
hdeAp2,0.125,7,7,TTTGATAAATGGCATAGGTC,0,1796514
hdeAp2,0.125,7,7,TTTCCAGTGAAATTTATATC,0,1779672
hdeAp2,0.125,7,7,TTTCAGTTACGGAGAGATTT,0,1815656
hdeAp2,0.125,7,7,TTTCAGCGAGCGGGGTAAGT,0,1784232
hdeAp2,0.125,7,7,TTTATAGTGAACTTATGTAC,0,1819450
hdeAp2,0.125,7,7,TTGTTTCATATATCGTCACC,0,1781000
hdeAp2,0.125,7,7,TTGTTAAGAGTTTTTGAGTT,0,1819367
hdeAp2,0.125,7,7,TTGTCACCATGTCGTAGCCT,0,1816273
hdeAp2,0.125,7,7,TTGGTGTAAAGTCGCGCCAG,0,1822270
hdeAp2,0.125,7,7,TTGGTAGGGTATTGGCGCGT,0,1827436
hdeAp2,0.125,7,7,TTGGGGGCTATGATTTAAAT,0,1813351
hdeAp2,0.125,7,7,TTGGGCTGTCCCAGCGCATA,0,1805061
hdeAp2,0.125,7,7,TTGGCTGGTCATAAAGTACT,0,1814834
hdeAp2,0.125,7,7,TTGGCTCAATACGTGTCTGA,0,1808423
hdeAp2,0.125,7,7,TTGCGTCCGCTTCGAAAGGC,0,1823639
hdeAp2,0.125,7,7,TTGCCGATGGCCTGCAGTAA,0,1797389
hdeAp2,0.125,7,7,TTGCATGTGCCACTATACGA,0,1817744
hdeAp2,0.125,7,7,TTGATCTTCCCTTGCAGGGT,0,1780653
hdeAp2,0.125,7,7,TTGACTCAACCAAGATAGTT,0,1788620
hdeAp2,0.125,7,7,TTGACAGTTAGTCCAAGAAA,0,1799970
hdeAp2,0.125,7,7,TTGAAGCAAACTGCTGATGG,0,1794679
hdeAp2,0.125,7,7,TTCTCCGATAGCTATGCTGT,0,1828269
hdeAp2,0.125,7,7,TTCTAATACAGTTGCATAGC,0,1812287
hdeAp2,0.125,7,7,TTCGAGTATCTGGCTCCCAC,0,1816320
hdeAp2,0.125,7,7,TTCCCTTAAATGTAGACATG,0,1786033
hdeAp2,0.125,7,7,TTCCAGATTGGGGAACAGTA,0,1785965
hdeAp2,0.125,7,7,TTCATTCGCGCTCTTTGCAC,0,1777544
hdeAp2,0.125,7,7,TTCAGAAGGGTCGTGAGGTC,0,1792097
hdeAp2,0.125,7,7,TTCACTCGGACGTACTATCG,0,1783668
hdeAp2,0.125,7,7,TTCACGTAGATCCCCAACCG,0,1785143
hdeAp2,0.125,7,7,TTCACAGATAGAATGGATAA,0,1812006
hdeAp2,0.125,7,7,TTATTCCTACCTAATCCCAG,0,1800215
hdeAp2,0.125,7,7,TTATGTAGGGCCTATGTGGA,0,1817814
hdeAp2,0.125,7,7,TTATCTATCGGGTACTTTAC,0,1826819
hdeAp2,0.125,7,7,TTATAGTTCGAAGTCCGGCC,0,1824359
hdeAp2,0.125,7,7,TTATAGAAAACCCTGGTACG,0,1788567
hdeAp2,0.125,7,7,TTAGTGTCAGCGAGTCAAGA,0,1786254
hdeAp2,0.125,7,7,TTACTCTCCTCTTTGAAATC,0,1781104
hdeAp2,0.125,7,7,TTACGTGTATCGTTACCGGA,0,1788602
hdeAp2,0.125,7,7,TTACACTCGTGACCAAATGT,0,1793214
hdeAp2,0.125,7,7,TTAATGGGCGCTACGATTCC,0,1808374
hdeAp2,0.125,7,7,TTAATAAGGCCGGACCTCGT,0,1808748
hdeAp2,0.125,7,7,TTAAAAGCGTGACATTCAGC,0,1795159
hdeAp2,0.125,7,7,TGTTTCTTGGCACCCTCTGG,0,1807007
hdeAp2,0.125,7,7,TGTTTACACAGGGTATAGAT,0,1785142
hdeAp2,0.125,7,7,TGTTGTCTACGGTGACCCGC,0,1783686
hdeAp2,0.125,7,7,TGTGTCTTCCTTATACCCCT,0,1781155
hdeAp2,0.125,7,7,TGTGCCTATTAATTGTGCAG,0,1779578
hdeAp2,0.125,7,7,TGTGAGGCATTCTGTCTGTC,0,1808322
hdeAp2,0.125,7,7,TGTGAAACAGCGCGGCTCTG,0,1824140
hdeAp2,0.125,7,7,TGTCGAGAAGGACGGCGTCA,0,1788452
hdeAp2,0.125,7,7,TGTCCAGTAGTAGTCAGAGG,0,1818890
hdeAp2,0.125,7,7,TGTCAACTGAACCCCCATGT,0,1792835
hdeAp2,0.125,7,7,TGTAGTACGACCCTTGTTCA,0,1812067
hdeAp2,0.125,7,7,TGTAGCCCCGCATCCGACGG,0,1787130
hdeAp2,0.125,7,7,TGGTTATGAGAACTGCCTAT,0,1780353
hdeAp2,0.125,7,7,TGGTCGATTTACCCTGGCGT,0,1811817
hdeAp2,0.125,7,7,TGGTAAGTATCTGATCAATC,0,1786937
hdeAp2,0.125,7,7,TGGTAACGCATGGCTTCTCC,0,1771779
hdeAp2,0.125,7,7,TGGGTTATTTCATGTAATTG,0,1813100
hdeAp2,0.125,7,7,TGGGTGGGCGTCAGGGCAAT,0,1807592
hdeAp2,0.125,7,7,TGGGTCTGCCGAAACCCTTA,0,1776095
hdeAp2,0.125,7,7,TGGGGGCTTCATCTACCTTC,0,1778635
hdeAp2,0.125,7,7,TGGGGCAGACTCTGGGCCAA,0,1776461
hdeAp2,0.125,7,7,TGGCTGTGCCTATACCGGTT,0,1810237
hdeAp2,0.125,7,7,TGGCAACTATTTCGGGCAGT,0,1796725
hdeAp2,0.125,7,7,TGGAAAAAATCTTGCGGGCG,0,1803588
hdeAp2,0.125,7,7,TGCGTTTCTAGCCGCACACA,0,1808845
hdeAp2,0.125,7,7,TGCGGGGAGTGGTACTAACG,0,1809693
hdeAp2,0.125,7,7,TGCCGGTGATTCTCACTACA,0,1822615
hdeAp2,0.125,7,7,TGCCGCTAACTGGTGCTGAC,0,1816420
hdeAp2,0.125,7,7,TGCAGACGGTGGGAGACAGA,0,1809033
hdeAp2,0.125,7,7,TGATTTTTGCTTGTACCTAA,0,1818921
hdeAp2,0.125,7,7,TGATGTCACTTTATGTTGGC,0,1800467
hdeAp2,0.125,7,7,TGATACGTTTTGAAGACTGG,0,1782209
hdeAp2,0.125,7,7,TGAGTTGGGGGCCACCCTAG,0,1783917
hdeAp2,0.125,7,7,TGAGTCAGCTTTCTATAACT,0,1804886
hdeAp2,0.125,7,7,TGAGTAGGTGTAAGCGGTTC,0,1793046
hdeAp2,0.125,7,7,TGAGGCATGCTTTCATCCAT,0,1790986
hdeAp2,0.125,7,7,TGACTTGGTCGTTTCGGCAT,0,1809947
hdeAp2,0.125,7,7,TGACTGTGTTATATTAGATT,0,1825295
hdeAp2,0.125,7,7,TGACTCCGGCGATGCGAACA,0,1821103
hdeAp2,0.125,7,7,TGACCTCTAACCTTGATCGT,0,1825659
hdeAp2,0.125,7,7,TGAAGTGGCGCTACCTGGAC,0,1806681
hdeAp2,0.125,7,7,TGAAGTCATATCCAGTACTA,0,1784167
hdeAp2,0.125,7,7,TGAAACGGTGGTGGTGAACA,0,1811454
hdeAp2,0.125,7,7,TCTTTGTAGACGCGATTCTG,0,1809037
hdeAp2,0.125,7,7,TCTTGTCGGCGGGCAATCAA,0,1819074
hdeAp2,0.125,7,7,TCTTGGAAGCTCAGCAATTG,0,1787688
hdeAp2,0.125,7,7,TCTTGAGCAGAAGGTGGAAA,0,1779355
hdeAp2,0.125,7,7,TCTTGAACGTGTGTATCTCT,0,1788715
hdeAp2,0.125,7,7,TCTTCTGGTGTGGTGAACAC,0,1808191
hdeAp2,0.125,7,7,TCTGTTGCATGCCATTGTTT,0,1778748
hdeAp2,0.125,7,7,TCTGGCTACCCGTCGATTGA,0,1773113
hdeAp2,0.125,7,7,TCTGCGCGAACTCGTTAAAG,0,1776215
hdeAp2,0.125,7,7,TCTCGGCGTGCACTGATTCA,0,1798600
hdeAp2,0.125,7,7,TCTCCTTCGAGCTTGTTTAC,0,1810041
hdeAp2,0.125,7,7,TCTATGGAAGGAAGCCGGCA,0,1774269
hdeAp2,0.125,7,7,TCTACTGTCATTAGGTCCGG,0,1807641
hdeAp2,0.125,7,7,TCGTGCTTAAGGTGATGTGC,0,1783302
hdeAp2,0.125,7,7,TCGTGATCCCCGAAGACGAA,0,1774527
hdeAp2,0.125,7,7,TCGGTATCAGTGCAATACAG,0,1805718
hdeAp2,0.125,7,7,TCGGTACAAGCCAAAGTAAC,0,1815630
hdeAp2,0.125,7,7,TCGGGTTGCCTCGCCACCCA,0,1812722
hdeAp2,0.125,7,7,TCGGCGCATATGTTAAACAC,0,1789494
hdeAp2,0.125,7,7,TCGGAATCCCGGAATCGAAT,0,1779918
hdeAp2,0.125,7,7,TCGCGAATAAAGGCGGCAAG,0,1818827
hdeAp2,0.125,7,7,TCGCCAGCTATGAACACAGC,0,1824016
hdeAp2,0.125,7,7,TCGCCACGCCGCGGTAAAGC,0,1773919
hdeAp2,0.125,7,7,TCGCAATTAACTAGATGTAT,0,1810894
hdeAp2,0.125,7,7,TCGATCTGAGGCAACTCATT,0,1796064
hdeAp2,0.125,7,7,TCGAGGAGCCGCATTAAAGA,0,1819029
hdeAp2,0.125,7,7,TCGACTGATGTTAAGGCAGT,0,1771701
hdeAp2,0.125,7,7,TCGAACTAATAAGTAGTTGC,0,1824751
hdeAp2,0.125,7,7,TCCTGGAGCATCTCCGATCT,0,1805531
hdeAp2,0.125,7,7,TCCTGCCGGAGGAGCCATTC,0,1805822
hdeAp2,0.125,7,7,TCCTAGCGGAAGAGGTATTT,0,1795625
hdeAp2,0.125,7,7,TCCGTAGGCCTCAGCATCAA,0,1815382
hdeAp2,0.125,7,7,TCCGGTACAGAATACGGACA,0,1822361
hdeAp2,0.125,7,7,TCCGCTGTCTTTATTGCTGC,0,1806704
hdeAp2,0.125,7,7,TCCCCGGTACGCCGTATCGT,0,1824954
hdeAp2,0.125,7,7,TCCCCCGCAGCAGCTCTAGA,0,1825091
hdeAp2,0.125,7,7,TCATCTATCTCGCGAGATAG,0,1791895
hdeAp2,0.125,7,7,TCAGAGTTGTCTCTGCCTTG,0,1814638
hdeAp2,0.125,7,7,TCACGCACGCCACCTAGGAA,0,1820643
hdeAp2,0.125,7,7,TCACCGCCAAAACGTTAATG,0,1813909
hdeAp2,0.125,7,7,TCAATTATATGGGATTCGAA,0,1790943
hdeAp2,0.125,7,7,TATTTGTGACAAGGCCATAT,0,1820803
hdeAp2,0.125,7,7,TATTCGTTGGTGCTTGACGG,0,1795068
hdeAp2,0.125,7,7,TATTCGCTACTGGGGGGATG,0,1815087
hdeAp2,0.125,7,7,TATTCAGCAGGAAAGTAGAG,0,1806504
hdeAp2,0.125,7,7,TATTACACAATGTGCTGAGA,0,1796457
hdeAp2,0.125,7,7,TATGGGACCGCGACCGGGTG,0,1823885
hdeAp2,0.125,7,7,TATGCGCCCTCCGAACCAAC,0,1827627
hdeAp2,0.125,7,7,TATGATTGCTTACGAATGGT,0,1794020
hdeAp2,0.125,7,7,TATGAAACGCGCGGAGTTCA,0,1800004
hdeAp2,0.125,7,7,TATCTGTGCCGCGATGCCGT,0,1776225
hdeAp2,0.125,7,7,TATCTAACCGGGTGTTTGTT,0,1785085
hdeAp2,0.125,7,7,TATCAAATTACTAACCAGTA,0,1780876
hdeAp2,0.125,7,7,TATATGCCAAAACTCGGGGA,0,1793370
hdeAp2,0.125,7,7,TATAGCCTAAATCATCGTTT,0,1815157
hdeAp2,0.125,7,7,TAGGTTAGGTTCTGTTCTTG,0,1785396
hdeAp2,0.125,7,7,TAGGGCTGCAGGCAACTCAA,0,1804256
hdeAp2,0.125,7,7,TAGGGAAAGCCTTAGCAACG,0,1791512
hdeAp2,0.125,7,7,TAGGCCGGGGCTTAGACATG,0,1772909
hdeAp2,0.125,7,7,TAGGCACATATTCTGCCTGG,0,1815730
hdeAp2,0.125,7,7,TAGGAGGCCGGACCCTTGGC,0,1790637
hdeAp2,0.125,7,7,TAGGAAGGGTATAAAGCACG,0,1783978
hdeAp2,0.125,7,7,TAGCGAGAGGACTTCCGGTC,0,1784533
hdeAp2,0.125,7,7,TAGCCATGAGGGTATAATCC,0,1795242
hdeAp2,0.125,7,7,TAGACCGGGCATAACATGAC,0,1818534
hdeAp2,0.125,7,7,TAGAAATCCAGCCCTCAGCA,0,1789156
hdeAp2,0.125,7,7,TACTTTGAGCCCAAAGTTAG,0,1825200
hdeAp2,0.125,7,7,TACTGTGGACGAACAGTAAA,0,1792755
hdeAp2,0.125,7,7,TACTCTGGACTTCCCATGAA,0,1781846
hdeAp2,0.125,7,7,TACTCTCGTGTTCCCAGCAA,0,1805141
hdeAp2,0.125,7,7,TACTCCCACAGCATTGGAAA,0,1817685
hdeAp2,0.125,7,7,TACGTTAGGTTTGTGTTGCA,0,1806364
hdeAp2,0.125,7,7,TACGCACCCCCTAACGCATG,0,1773951
hdeAp2,0.125,7,7,TACGAGGTACGACCCCACCT,0,1827267
hdeAp2,0.125,7,7,TACCTTGAGCACCAACGGTA,0,1796496
hdeAp2,0.125,7,7,TACCGGGGAAGTTTGACTGC,0,1812692
hdeAp2,0.125,7,7,TACCATTGGGGGTTCGTCTA,0,1825037
hdeAp2,0.125,7,7,TACATTAGTGGAAGCATTGT,0,1778468
hdeAp2,0.125,7,7,TACATGTGTCTAGCGCGAAT,0,1784610
hdeAp2,0.125,7,7,TACAGTTGAAATTTGGGGTA,0,1776031
hdeAp2,0.125,7,7,TACACTAGGCCTACGCTAGC,0,1803845
hdeAp2,0.125,7,7,TAATTCCTCTTTTGAGGGTA,0,1821990
hdeAp2,0.125,7,7,TAATGTTATATCGATTTCAC,0,1788438
hdeAp2,0.125,7,7,TAATGTGCCCTTGTGCTAAA,0,1787321
hdeAp2,0.125,7,7,TAATCCGGCACCAGAATCAT,0,1816353
hdeAp2,0.125,7,7,TAAGGTTCTCGTGAGCCGCG,0,1789147
hdeAp2,0.125,7,7,TAAGGTGGGGGCTGGGGCTT,0,1777186
hdeAp2,0.125,7,7,TAAGGTATGCCGGACATGCG,0,1802018
hdeAp2,0.125,7,7,TAAGGTAGCTAATAACTATG,0,1796660
hdeAp2,0.125,7,7,TAAGGGCTAGAACTTACGGC,0,1774559
hdeAp2,0.125,7,7,TAACGATGTTGATGAAAATG,0,1771839
hdeAp2,0.125,7,7,TAACCGACCCGGTATGCAGA,0,1772458
hdeAp2,0.125,7,7,TAAAGCGACGATGTGCTTAG,0,1781153
hdeAp2,0.125,7,7,TAAAGACCATCTCCCTTATA,0,1828834
hdeAp2,0.125,7,7,GTTTTTATTCTGCCACCGGA,0,1778992
hdeAp2,0.125,7,7,GTTTAAGTAACTGACGAATG,0,1828261
hdeAp2,0.125,7,7,GTTGGATGCTCGACGGAGCA,0,1816410
hdeAp2,0.125,7,7,GTTCTTTCAAAGTAACAAGT,0,1779670
hdeAp2,0.125,7,7,GTTCGTGGACGACGGTGTCA,0,1820692
hdeAp2,0.125,7,7,GTTCGTGACGCAAAGGGCGA,0,1794125
hdeAp2,0.125,7,7,GTTCGTGACACGACCCCACT,0,1786193
hdeAp2,0.125,7,7,GTTCGCTCTCCCGATACATG,0,1815962
hdeAp2,0.125,7,7,GTTCAAGGATCCAGACAAAT,0,1823166
hdeAp2,0.125,7,7,GTTCAACGCGAAGCTGAAAA,0,1788386
hdeAp2,0.125,7,7,GTTAGTATGTCGATAACCTA,0,1775873
hdeAp2,0.125,7,7,GTTAGGTGTTTGGCTTCTGT,0,1789111
hdeAp2,0.125,7,7,GTTAATGTTCTGACTAAGCT,0,1787451
hdeAp2,0.125,7,7,GTTAACGATTCGCCGCCCTC,0,1801876
hdeAp2,0.125,7,7,GTTAACCTAGAATTTGCGGG,0,1774461
hdeAp2,0.125,7,7,GTGTGTCACTGTAAACCCAG,0,1778329
hdeAp2,0.125,7,7,GTGTAACTCATCCAAGAGTT,0,1824875
hdeAp2,0.125,7,7,GTGGGTTCGGATAGACATCC,0,1797382
hdeAp2,0.125,7,7,GTGGGGTCTGGGCTCATCTT,0,1795894
hdeAp2,0.125,7,7,GTGGGCAATTGTTGTCCCGT,0,1821698
hdeAp2,0.125,7,7,GTGGCATTGAACCAACTGGC,0,1793793
hdeAp2,0.125,7,7,GTGGAGGACATTTTTGGTCA,0,1791808
hdeAp2,0.125,7,7,GTGGACAGTGAGCTAAGAGG,0,1801551
hdeAp2,0.125,7,7,GTGCCCTTAGGGCTACGCCG,0,1808825
hdeAp2,0.125,7,7,GTGCAATGGCAATAATAGTA,0,1792967
hdeAp2,0.125,7,7,GTGCAATCGCAACCCGTGGA,0,1811425
hdeAp2,0.125,7,7,GTGAGGGCATAAGTAGCAAA,0,1772086
hdeAp2,0.125,7,7,GTGAGCATAAAATGTCCTCC,0,1781439
hdeAp2,0.125,7,7,GTGAAGTTAATGCTGGTCCA,0,1811094
hdeAp2,0.125,7,7,GTGAAACCGCGTACTCCAAT,0,1825273
hdeAp2,0.125,7,7,GTCTCATTCCATGGCAAGTC,0,1810963
hdeAp2,0.125,7,7,GTCGAAGAGGGGCGTACAAT,0,1780382
hdeAp2,0.125,7,7,GTCATGTCAATTGGCCAGAG,0,1799348
hdeAp2,0.125,7,7,GTCATGGATTCAACGTGCTT,0,1774861
hdeAp2,0.125,7,7,GTCAGGTCTAGTGATTATAT,0,1822816
hdeAp2,0.125,7,7,GTCAGATGGGCGGTGCTAAG,0,1798593
hdeAp2,0.125,7,7,GTCACCCGTGAAGTCCTTGC,0,1795074
hdeAp2,0.125,7,7,GTCAATTGTTTCGGTCGATT,0,1798852
hdeAp2,0.125,7,7,GTAGAGGGATGTGGTGAAAG,0,1788905
hdeAp2,0.125,7,7,GTACTCGGGTTTGCCTTTTA,0,1824415
hdeAp2,0.125,7,7,GTACGGGGTACTCCGTCACC,0,1791237
hdeAp2,0.125,7,7,GTACGCCGGCCTCGGTAGCA,0,1787727
hdeAp2,0.125,7,7,GTACATCTGCCGGTAAGAAA,0,1774291
hdeAp2,0.125,7,7,GTACAGCTTTTAAAGGCTGG,0,1825140
hdeAp2,0.125,7,7,GTAATACCGTAAATAAAGAA,0,1792856
hdeAp2,0.125,7,7,GTAAATAATCAATATGTTCG,0,1823520
hdeAp2,0.125,7,7,GTAAAGCAGATTACCGGCAG,0,1771063
hdeAp2,0.125,7,7,GTAAACTCGGGGGTGAGATA,0,1800879
hdeAp2,0.125,7,7,GGTTTGGGACGGGTAATGGG,0,1802662
hdeAp2,0.125,7,7,GGTTCTGGATGGGCAACGCT,0,1784754
hdeAp2,0.125,7,7,GGTTCGATCTTGGACGCAAG,0,1813333
hdeAp2,0.125,7,7,GGTTCATTAGTCTGGTCCGC,0,1801355
hdeAp2,0.125,7,7,GGTTCACCTGCGCCGTGTAT,0,1794532
hdeAp2,0.125,7,7,GGTGTGTTCATAATTCCGAT,0,1794542
hdeAp2,0.125,7,7,GGTGCTTCGGGGACGACGCT,0,1777489
hdeAp2,0.125,7,7,GGTGACAGTTGGCGCGATTC,0,1815255
hdeAp2,0.125,7,7,GGTGAACCGGAAGGGAGGCT,0,1801046
hdeAp2,0.125,7,7,GGTCTATTAACATGGGAGGA,0,1788487
hdeAp2,0.125,7,7,GGTCCGCGACAGAATGAGGA,0,1777548
hdeAp2,0.125,7,7,GGTATTGGTAGCCATCGGTT,0,1796316
hdeAp2,0.125,7,7,GGTATGGGACTGAGGGTCTA,0,1785989
hdeAp2,0.125,7,7,GGTACGAAAGTGCCAATTGG,0,1785982
hdeAp2,0.125,7,7,GGGTGGGATGGCTATACGAG,0,1809265
hdeAp2,0.125,7,7,GGGTAGGATAACGGCGCTCA,0,1777361
hdeAp2,0.125,7,7,GGGGGTTCGTCCGTAGGAGA,0,1780253
hdeAp2,0.125,7,7,GGGGCTGCACTCAGGGCCTC,0,1814650
hdeAp2,0.125,7,7,GGGGCACAATTCTGAAAATG,0,1819287
hdeAp2,0.125,7,7,GGGGATTACGGTCCGACGAG,0,1776963
hdeAp2,0.125,7,7,GGGGACTCCATCGTTAAGAC,0,1777581
hdeAp2,0.125,7,7,GGGCAAAACCTGGAACATCG,0,1795211
hdeAp2,0.125,7,7,GGGAGTTTACTAGACTTCAC,0,1775698
hdeAp2,0.125,7,7,GGGACTCCTCGCTGTCGCCA,0,1820313
hdeAp2,0.125,7,7,GGGACGATTAGTAGACCCTA,0,1787443
hdeAp2,0.125,7,7,GGGAACTCGACAGTTCGGTT,0,1781662
hdeAp2,0.125,7,7,GGCTTATGCGTGTTTCGTGC,0,1804295
hdeAp2,0.125,7,7,GGCCTTTGGCAGAGTAAGAG,0,1777486
hdeAp2,0.125,7,7,GGCCGGTGTATATCAGTTGT,0,1823872
hdeAp2,0.125,7,7,GGCCCATCTTAGTCGGCTCT,0,1814523
hdeAp2,0.125,7,7,GGCCCACCTAAAAAAAAAGG,0,1815834
hdeAp2,0.125,7,7,GGCATTTCAATGCTGATCAA,0,1826975
hdeAp2,0.125,7,7,GGCATACTCAGTGCGATGAA,0,1816809
hdeAp2,0.125,7,7,GGCAGTCAATGGGGCCTCAT,0,1798369
hdeAp2,0.125,7,7,GGCAGCCCGATTATTTTGTA,0,1801720
hdeAp2,0.125,7,7,GGATCGGTTCAATGATCCAA,0,1790022
hdeAp2,0.125,7,7,GGATCCTAATGATCCAGTCC,0,1824158
hdeAp2,0.125,7,7,GGATCCGGCGGAACGATGAT,0,1810349
hdeAp2,0.125,7,7,GGAGTGACGCCTTGTGCTGA,0,1788504
hdeAp2,0.125,7,7,GGAGGGTTGTAGCCGCCCCT,0,1802672
hdeAp2,0.125,7,7,GGAGCGGGTCAAGACGCCGG,0,1780960
hdeAp2,0.125,7,7,GGAGCCGTTGTCAGGACTAT,0,1802366
hdeAp2,0.125,7,7,GGACGTACTATGGATTTGTA,0,1821418
hdeAp2,0.125,7,7,GGACGATTCTCAGGGAGGTC,0,1799410
hdeAp2,0.125,7,7,GGACCGTTAATGCGAATTCT,0,1792839
hdeAp2,0.125,7,7,GGACAACTTCATGCTACAAG,0,1797172
hdeAp2,0.125,7,7,GGAACTTTGGCTTATCCAAT,0,1787934
hdeAp2,0.125,7,7,GGAAAGGCCGGGGAATGGGA,0,1797854
hdeAp2,0.125,7,7,GGAAACGGGTATAACCAGTC,0,1801275
hdeAp2,0.125,7,7,GCTTTCCCTTCTCCTTGCGC,0,1793934
hdeAp2,0.125,7,7,GCTTGGTGCTTTATTTGCCT,0,1788135
hdeAp2,0.125,7,7,GCTTACTTAGGCCTCAACTA,0,1791665
hdeAp2,0.125,7,7,GCTTACACTTCACTTTGGCC,0,1810651
hdeAp2,0.125,7,7,GCTGTTTTGATCACGTGGGA,0,1790675
hdeAp2,0.125,7,7,GCTGGGCAAGATCTTGAGTT,0,1779885
hdeAp2,0.125,7,7,GCTGCGTTATCGGGTTGACG,0,1785011
hdeAp2,0.125,7,7,GCTGCCCTAGTAAGCCAAAT,0,1777205
hdeAp2,0.125,7,7,GCTGACCTTTCGCAACGAAT,0,1799434
hdeAp2,0.125,7,7,GCTCTTGTTGGCCGGATGAC,0,1774965
hdeAp2,0.125,7,7,GCTCGGTTCATGTCCATTCG,0,1777336
hdeAp2,0.125,7,7,GCTCGCACCAACCCCATACT,0,1782448
hdeAp2,0.125,7,7,GCTCCGGTGCTAGCAGACAT,0,1817249
hdeAp2,0.125,7,7,GCTCCGGTAGCGGCTTCGCT,0,1781991
hdeAp2,0.125,7,7,GCTCCCGAAAACGCCATGAC,0,1796393
hdeAp2,0.125,7,7,GCTCACCATCCGCTAGTTTA,0,1774161
hdeAp2,0.125,7,7,GCTAGTACTCCCTGAAGGTG,0,1780602
hdeAp2,0.125,7,7,GCTAAATTAGTTTCATCCCT,0,1811070
hdeAp2,0.125,7,7,GCGTTAGCAACAGGTCCGGC,0,1802683
hdeAp2,0.125,7,7,GCGTGCGGACTCTCAGGCTC,0,1796909
hdeAp2,0.125,7,7,GCGTCTGAGGCGTATTGCGG,0,1783389
hdeAp2,0.125,7,7,GCGTCCCGGGCAGGATATAA,0,1772567
hdeAp2,0.125,7,7,GCGGTCGCACAGCGGTCGGT,0,1777482
hdeAp2,0.125,7,7,GCGGGCACAAAACCTAAAAA,0,1808177
hdeAp2,0.125,7,7,GCGGCTCCTGGATCCCGGTA,0,1779677
hdeAp2,0.125,7,7,GCGGCGTAGTCACTTTCGCT,0,1791732
hdeAp2,0.125,7,7,GCGGCCGGCGAATAGCCTCT,0,1825902
hdeAp2,0.125,7,7,GCGGATTGCACGGTGTAGCG,0,1782497
hdeAp2,0.125,7,7,GCGGATCCAGGAAGAGGGGT,0,1826208
hdeAp2,0.125,7,7,GCGCTATGTAAGTAGCACAA,0,1814980
hdeAp2,0.125,7,7,GCGCCGGGTGCTACGTCCGC,0,1784323
hdeAp2,0.125,7,7,GCGCCCTGTACGGTACCCCC,0,1792508
hdeAp2,0.125,7,7,GCGCCCCGATGACAGGCGGC,0,1822616
hdeAp2,0.125,7,7,GCGATGGGTACTGGAACACT,0,1780922
hdeAp2,0.125,7,7,GCGACAACCGAACGGCATGT,0,1823460
hdeAp2,0.125,7,7,GCGAACTGATGCAGGATCTG,0,1790486
hdeAp2,0.125,7,7,GCCTGTGCTCTGGCTGTCTT,0,1795993
hdeAp2,0.125,7,7,GCCTGCCAACAACGTCACGC,0,1782656
hdeAp2,0.125,7,7,GCCGTATCCAGCTTGGGCTT,0,1827655
hdeAp2,0.125,7,7,GCCGGTGCGGTAGAACCCCT,0,1771844
hdeAp2,0.125,7,7,GCCGGTCGCCACTGATAATT,0,1810580
hdeAp2,0.125,7,7,GCCCCAATGCTCAGACTCCC,0,1779663
hdeAp2,0.125,7,7,GCCCATACTGTGGGCTCGAG,0,1784459
hdeAp2,0.125,7,7,GCCAAGTCCCTAATGCTAAT,0,1822058
hdeAp2,0.125,7,7,GCATTCAATCGGCGACCACG,0,1771294
hdeAp2,0.125,7,7,GCATGTAGTCTGTTGTCCCA,0,1788260
hdeAp2,0.125,7,7,GCATGAGCCATAATGCATAC,0,1798076
hdeAp2,0.125,7,7,GCATCTCACAAGTACACGAA,0,1789474
hdeAp2,0.125,7,7,GCATCAGGGAGTCAATGCAA,0,1812743
hdeAp2,0.125,7,7,GCATACGCACTGCCGAACGT,0,1786125
hdeAp2,0.125,7,7,GCATACCGCAAAGGGTGTAA,0,1780010
hdeAp2,0.125,7,7,GCAGGGTTCAGCGTAGATAT,0,1775056
hdeAp2,0.125,7,7,GCACTGATGGCGAGACAGTA,0,1812070
hdeAp2,0.125,7,7,GCACAAGTACACCGAAACGT,0,1785881
hdeAp2,0.125,7,7,GCAAGTATCTGCCGATAGGG,0,1817092
hdeAp2,0.125,7,7,GATTGGCGTGGTAAAAATGG,0,1828831
hdeAp2,0.125,7,7,GATTATGTGTCGTCGTTCAA,0,1772787
hdeAp2,0.125,7,7,GATGCTTTTCAACGCAACTG,0,1825011
hdeAp2,0.125,7,7,GATGCGGAACGGCGGGGTGG,0,1803975
hdeAp2,0.125,7,7,GATGACAATAGTGCTTCCTA,0,1822958
hdeAp2,0.125,7,7,GATCGGTTCCGTGTCAATGT,0,1785679
hdeAp2,0.125,7,7,GATCGGCACGATACGATTTC,0,1787234
hdeAp2,0.125,7,7,GATCGCATAAGTCTGCCTAC,0,1811321
hdeAp2,0.125,7,7,GATAATACGTCGAGTTAAAT,0,1801834
hdeAp2,0.125,7,7,GATAAAGAACGATAATGACA,0,1785019
hdeAp2,0.125,7,7,GAGTGGTGCTGGATTTTCTA,0,1795536
hdeAp2,0.125,7,7,GAGTGAACTTGCGAGTTCGG,0,1816840
hdeAp2,0.125,7,7,GAGTATATGGTATCACCAGC,0,1802892
hdeAp2,0.125,7,7,GAGGTTGCCCACGTATTGCA,0,1798503
hdeAp2,0.125,7,7,GAGGTAGGCCCAAGAGGGAT,0,1778116
hdeAp2,0.125,7,7,GAGGGTTCATGTAGGGAGTG,0,1789273
hdeAp2,0.125,7,7,GAGGAGCTCTCCCATCTGAT,0,1774887
hdeAp2,0.125,7,7,GAGGACAGGTTCCATGAAAA,0,1799988
hdeAp2,0.125,7,7,GAGCTTCCACTGGAATCGGA,0,1783093
hdeAp2,0.125,7,7,GAGCACGTCTGGACCGGTCT,0,1796300
hdeAp2,0.125,7,7,GAGACGGCAAAGATGGAGCA,0,1791511
hdeAp2,0.125,7,7,GAGACACATTCATATCGTAA,0,1827352
hdeAp2,0.125,7,7,GACTTATATTTCAGCTCTTC,0,1788746
hdeAp2,0.125,7,7,GACTCTAACACGTAGACTCC,0,1784223
hdeAp2,0.125,7,7,GACTCAAGCGTCTCCCGACT,0,1790473
hdeAp2,0.125,7,7,GACGTGTTTGAGCAGAGACT,0,1773011
hdeAp2,0.125,7,7,GACGGCCTACAACGCTAGTC,0,1825139
hdeAp2,0.125,7,7,GACCGAGCTATGTACCGCGT,0,1773475
hdeAp2,0.125,7,7,GACCATGTTCAGAATCGCTT,0,1778036
hdeAp2,0.125,7,7,GACCAGGTTGATCCCCAATG,0,1806803
hdeAp2,0.125,7,7,GACCAATCTAAAGCCTCGAG,0,1787546
hdeAp2,0.125,7,7,GACCAAGAATCTCAACGATC,0,1825217
hdeAp2,0.125,7,7,GACATGATGTCATTGCGTGT,0,1826241
hdeAp2,0.125,7,7,GACAGGCATTCCACTGGGGA,0,1780500
hdeAp2,0.125,7,7,GACAATTGGCGAACTTGCAA,0,1790742
hdeAp2,0.125,7,7,GAATTTACACGTGCCGCTAG,0,1821593
hdeAp2,0.125,7,7,GAATTAGCGGGAAAGGGCAA,0,1794909
hdeAp2,0.125,7,7,GAATAGGGGGGCTGAGCTAA,0,1781260
hdeAp2,0.125,7,7,GAAGCCCCACGCACCACTTC,0,1804443
hdeAp2,0.125,7,7,GAACGGGGTCGCTGGCCCAC,0,1815555
hdeAp2,0.125,7,7,GAACATTAACGTCACGGACA,0,1801349
hdeAp2,0.125,7,7,GAACATAGACAGATGATCAT,0,1784715
hdeAp2,0.125,7,7,GAAAGTTCGCGTCTAGTTTG,0,1786612
hdeAp2,0.125,7,7,GAAAATCCGTAACAGGTCCG,0,1782690
hdeAp2,0.125,7,7,CTTTTGAACGTAGAAATGCA,0,1776903
hdeAp2,0.125,7,7,CTTTCAGGGAGTCCTAGAAA,0,1776531
hdeAp2,0.125,7,7,CTTTATACTGGCCCCGCGTC,0,1793147
hdeAp2,0.125,7,7,CTTTAGAATGGGCCGGCAAC,0,1816419
hdeAp2,0.125,7,7,CTTGTATGAGGGCCACACAG,0,1811517
hdeAp2,0.125,7,7,CTTGCAGCATGATCTTGTTG,0,1819812
hdeAp2,0.125,7,7,CTTCTGTGTTATTACGTCCA,0,1818693
hdeAp2,0.125,7,7,CTTCACTATTCGAGTCTTGT,0,1806667
hdeAp2,0.125,7,7,CTTAGTACTATCGGGCACAA,0,1771956
hdeAp2,0.125,7,7,CTTAGATTTATCCGAAGTAC,0,1774027
hdeAp2,0.125,7,7,CTTACTTATGAATAAGCGCA,0,1804332
hdeAp2,0.125,7,7,CTGTGTATTCCGGGGTGAGG,0,1828007
hdeAp2,0.125,7,7,CTGTAGTGGTTTAGGGGCCT,0,1801691
hdeAp2,0.125,7,7,CTGTACAGTCAAATTCCTCC,0,1809315
hdeAp2,0.125,7,7,CTGGTACTGTCGAAAGTATG,0,1786585
hdeAp2,0.125,7,7,CTGGGTCGGTACCTGGTGCC,0,1823713
hdeAp2,0.125,7,7,CTGGGATATCAGGGCACGTG,0,1806929
hdeAp2,0.125,7,7,CTGGCTCGATACAGACCCGA,0,1807910
hdeAp2,0.125,7,7,CTGGCGTAAGAGGAATTTAG,0,1778346
hdeAp2,0.125,7,7,CTGGCAAGGGAACGGACTAC,0,1812909
hdeAp2,0.125,7,7,CTGCTTGACTGCGACCTGAT,0,1796739
hdeAp2,0.125,7,7,CTGCGGTATACTTCATTCTC,0,1815469
hdeAp2,0.125,7,7,CTGCATTCTCAATGAAGTGT,0,1826725
hdeAp2,0.125,7,7,CTGAGGCCCTGGGTTCGGTT,0,1821861
hdeAp2,0.125,7,7,CTGAGGCCACATAATTGACC,0,1788048
hdeAp2,0.125,7,7,CTGAGGAGCTTATTACGTGT,0,1780356
hdeAp2,0.125,7,7,CTGACTATGTAACCGTTCCT,0,1785930
hdeAp2,0.125,7,7,CTGACGCGTCTCCCACTCCA,0,1795843
hdeAp2,0.125,7,7,CTGACACGCTGGCTCCGGCT,0,1820887
hdeAp2,0.125,7,7,CTCTCTGTTCTTCAAAATAG,0,1781706
hdeAp2,0.125,7,7,CTCTCGATATCAAATGCGGA,0,1815646
hdeAp2,0.125,7,7,CTCTCCAGAAGATTATTACA,0,1771340
hdeAp2,0.125,7,7,CTCGCCTGAGCAAAATGCCA,0,1801915
hdeAp2,0.125,7,7,CTCGCATCAGCGACGTCATT,0,1819736
hdeAp2,0.125,7,7,CTCCTTTGGTCTGTTACGTG,0,1799623
hdeAp2,0.125,7,7,CTCACGTAAGGTCCTACTTG,0,1775252
hdeAp2,0.125,7,7,CTCAATGCTAACCCTGACGA,0,1788217
hdeAp2,0.125,7,7,CTCAAATAGCATATTTCGGA,0,1810186
hdeAp2,0.125,7,7,CTATGTGCACATAATTTATT,0,1802469
hdeAp2,0.125,7,7,CTATGGCGAGCATAGCGTGG,0,1807218
hdeAp2,0.125,7,7,CTATGGATAGAGCCGAGTAC,0,1783191
hdeAp2,0.125,7,7,CTATGCTTTTTATGTCGTTT,0,1788170
hdeAp2,0.125,7,7,CTATGAAGGTTCGCATCGCT,0,1821510
hdeAp2,0.125,7,7,CTATGAACTTTCAGGTTGGA,0,1777051
hdeAp2,0.125,7,7,CTATAGGCCACGCAGAGATT,0,1801450
hdeAp2,0.125,7,7,CTAGTTTAACGAATTTAAAG,0,1808404
hdeAp2,0.125,7,7,CTACTCAGAAACTGAGTCCA,0,1827711
hdeAp2,0.125,7,7,CTACGTATGGGGACCGATGT,0,1784111
hdeAp2,0.125,7,7,CTACCTCGGTGTGCAGGCCT,0,1780241
hdeAp2,0.125,7,7,CTACCGTTACATTCTAGCTA,0,1812549
hdeAp2,0.125,7,7,CTACAATGCCTCGTACGGCA,0,1798661
hdeAp2,0.125,7,7,CTACAACCAATTAGAATAGA,0,1814001
hdeAp2,0.125,7,7,CTAATGACCTCCTTAATTGG,0,1796295
hdeAp2,0.125,7,7,CTAACCGGGGGTGGGGCTCC,0,1795374
hdeAp2,0.125,7,7,CTAAAATAGCAACCCCTTAA,0,1790243
hdeAp2,0.125,7,7,CGTTTACAGCATGCGACTGC,0,1785916
hdeAp2,0.125,7,7,CGTTAGTGGACATGTTCCCA,0,1797171
hdeAp2,0.125,7,7,CGTTAACCCTGACCGAAAGT,0,1806581
hdeAp2,0.125,7,7,CGTGTCGCTGGAGGATAATT,0,1800058
hdeAp2,0.125,7,7,CGTGTAAGGAATGCGGGCGT,0,1791344
hdeAp2,0.125,7,7,CGTGCGGGGGCGGTCCACAC,0,1783475
hdeAp2,0.125,7,7,CGTGCGCTTTCTAGCAGTGC,0,1813432
hdeAp2,0.125,7,7,CGTGCACTTTATCTGAAGAG,0,1773769
hdeAp2,0.125,7,7,CGTCGTCGCCTCTCGGGACT,0,1783402
hdeAp2,0.125,7,7,CGTCGCCCGAGGGGTGCAAG,0,1810346
hdeAp2,0.125,7,7,CGTATTAGTAAAAGCTTGTA,0,1799898
hdeAp2,0.125,7,7,CGTACGGTTTGGCGAGTGAG,0,1824803
hdeAp2,0.125,7,7,CGGTTTGGACCCGTACGGCC,0,1780137
hdeAp2,0.125,7,7,CGGTGCAAATATAGTTGCGA,0,1773077
hdeAp2,0.125,7,7,CGGTCCTCTCATGTACTTTG,0,1807459
hdeAp2,0.125,7,7,CGGTAATATATTGCAGATAT,0,1787259
hdeAp2,0.125,7,7,CGGGTAAGATAAACCGGTAC,0,1771938
hdeAp2,0.125,7,7,CGGGCTTAAGACAGGCCCGC,0,1785341
hdeAp2,0.125,7,7,CGGGAGGAGGATTCAAGTTG,0,1807968
hdeAp2,0.125,7,7,CGGGACTCAAATACGTATGA,0,1796140
hdeAp2,0.125,7,7,CGGGAATAGCCATGCCATGC,0,1792746
hdeAp2,0.125,7,7,CGGCATTACGTCTTATAACT,0,1817200
hdeAp2,0.125,7,7,CGGCAGCCTCAATAAACGGC,0,1784701
hdeAp2,0.125,7,7,CGGCACTGTATCCATTCTTT,0,1815729
hdeAp2,0.125,7,7,CGGATTATCCGTCATGGGTA,0,1794504
hdeAp2,0.125,7,7,CGGAGGGAGATTACGTACGC,0,1807778
hdeAp2,0.125,7,7,CGGACGGAATCTCGGCCGAT,0,1822435
hdeAp2,0.125,7,7,CGGAACTCGCCCAGCCTAAT,0,1813768
hdeAp2,0.125,7,7,CGGAACGGGCGCGCAGAAAC,0,1796585
hdeAp2,0.125,7,7,CGCTTGCTACATAGTGAGAC,0,1792607
hdeAp2,0.125,7,7,CGCTGCTTCCAGACGTCTCT,0,1778951
hdeAp2,0.125,7,7,CGCGGAATCGATGTCGTTGT,0,1794734
hdeAp2,0.125,7,7,CGCGCGCCCGAAGGGGTAAT,0,1796969
hdeAp2,0.125,7,7,CGCGCCCGAAACGGCCATAG,0,1795075
hdeAp2,0.125,7,7,CGCGACCCGTCCAGCATACA,0,1807292
hdeAp2,0.125,7,7,CGCCTCGTCATGGTCCTGAC,0,1813568
hdeAp2,0.125,7,7,CGCCCGGGGCTGGCAGGTCT,0,1813202
hdeAp2,0.125,7,7,CGCCATGGAGTTAGTTGCTG,0,1791815
hdeAp2,0.125,7,7,CGCATGACAAGCCGACAAGC,0,1826010
hdeAp2,0.125,7,7,CGCAGCGACTGCGAGACCAG,0,1802329
hdeAp2,0.125,7,7,CGCAGAGTGCTCCGGTACGC,0,1790068
hdeAp2,0.125,7,7,CGCACGGCCACGAAAGTACT,0,1820170
hdeAp2,0.125,7,7,CGATGCTCGACAACTGCCGG,0,1823423
hdeAp2,0.125,7,7,CGAGTTGCAGATTGACACTC,0,1816218
hdeAp2,0.125,7,7,CGACTTTGTTGACTCGTCGG,0,1782186
hdeAp2,0.125,7,7,CGACCAATACACGGCCGGGA,0,1802547
hdeAp2,0.125,7,7,CGACACGGCGGAAAGCCGGT,0,1797161
hdeAp2,0.125,7,7,CGAACCTCAAACTTAGTGGA,0,1791599
hdeAp2,0.125,7,7,CGAACCGTTCCGACAGTTCC,0,1773593
hdeAp2,0.125,7,7,CGAAATCGACCAATGCTTTT,0,1776515
hdeAp2,0.125,7,7,CCTTTCTCTATGCGCAATCA,0,1816159
hdeAp2,0.125,7,7,CCTTAGTTGCCGCGACGCGC,0,1800633
hdeAp2,0.125,7,7,CCTGGCCCGACATCGGATAG,0,1783398
hdeAp2,0.125,7,7,CCTGCTACTTGATGGGCGTG,0,1779742
hdeAp2,0.125,7,7,CCTGCTAACACGGCTGTCCC,0,1812894
hdeAp2,0.125,7,7,CCTGCCTCTCGCAGACTGCT,0,1788637
hdeAp2,0.125,7,7,CCTGATAAGCGACGGGCAAG,0,1793177
hdeAp2,0.125,7,7,CCTCGGAATGCGGAACAATG,0,1794799
hdeAp2,0.125,7,7,CCTATACACAGCACTATGCC,0,1821780
hdeAp2,0.125,7,7,CCTAGGCGCAGCGTAACATC,0,1776815
hdeAp2,0.125,7,7,CCTAAGAAAAAGGAACGTAT,0,1823548
hdeAp2,0.125,7,7,CCGTGTTCATAAGGACGGAA,0,1789465
hdeAp2,0.125,7,7,CCGTGCATCGATAGTCTTAG,0,1826387
hdeAp2,0.125,7,7,CCGTCTAAGTGGTCTGTGCT,0,1788312
hdeAp2,0.125,7,7,CCGGTGTGACACCGGCGGTA,0,1772014
hdeAp2,0.125,7,7,CCGGTATTTAAATGCCGTCC,0,1782018
hdeAp2,0.125,7,7,CCGGCAGCCCGGGATCCTTA,0,1773423
hdeAp2,0.125,7,7,CCGGACCCATGGTGTTATAG,0,1824577
hdeAp2,0.125,7,7,CCGCGGCGCTTTGAATTTCT,0,1801153
hdeAp2,0.125,7,7,CCGCCCAACTCGCATGTGGT,0,1827232
hdeAp2,0.125,7,7,CCGCCAAGAATAAACACAAT,0,1796622
hdeAp2,0.125,7,7,CCGATGGCAAGCGAAACAGT,0,1787334
hdeAp2,0.125,7,7,CCGATAGCTGGCACTTGTGG,0,1794054
hdeAp2,0.125,7,7,CCGATAGAGGGGCTTCCTGA,0,1786128
hdeAp2,0.125,7,7,CCGACGTGTACTTGCTGCGG,0,1812719
hdeAp2,0.125,7,7,CCCTAGGACCCGCAGACAAA,0,1825429
hdeAp2,0.125,7,7,CCCTAAGAGGGTGTATTCCA,0,1776319
hdeAp2,0.125,7,7,CCCGTGTCAGGTCCTACCGT,0,1777946
hdeAp2,0.125,7,7,CCCGAACCGCGTATAAGTTA,0,1791516
hdeAp2,0.125,7,7,CCCCTACAAGGGTTAGTTCG,0,1784513
hdeAp2,0.125,7,7,CCCCGGGCACACTCATTCGT,0,1815344
hdeAp2,0.125,7,7,CCCCGCAAATAAGGGTCGGG,0,1812184
hdeAp2,0.125,7,7,CCCCCTTAAAAAACATACGT,0,1801453
hdeAp2,0.125,7,7,CCCCCCAAATACAGGTTCCA,0,1787762
hdeAp2,0.125,7,7,CCCCACACAGCAGTGTGGTA,0,1782723
hdeAp2,0.125,7,7,CCCAGTTTGTTTCGCTTAAT,0,1802500
hdeAp2,0.125,7,7,CCCAGAAGGGTGGTCTCCTG,0,1820515
hdeAp2,0.125,7,7,CCCAACGGATGACTCTCTTA,0,1823414
hdeAp2,0.125,7,7,CCATTAACTTTGTTTGCGGA,0,1798265
hdeAp2,0.125,7,7,CCATGCCCAAGCGTAGACTA,0,1781568
hdeAp2,0.125,7,7,CCATGATAGCGCCGATCTTC,0,1811559
hdeAp2,0.125,7,7,CCATAAAGGTGCAGGACCTA,0,1811628
hdeAp2,0.125,7,7,CCAGGACCGGCGGCGGTGAA,0,1794696
hdeAp2,0.125,7,7,CCACTCTGAAGAGGGACTCG,0,1785449
hdeAp2,0.125,7,7,CCACCTTGGTCCGATTAGCG,0,1825658
hdeAp2,0.125,7,7,CCACCCCTGGCTCTTACAGT,0,1812814
hdeAp2,0.125,7,7,CCACATATAAGTGCGGATCC,0,1782922
hdeAp2,0.125,7,7,CCAAGTCATTCCCGTCGACG,0,1815354
hdeAp2,0.125,7,7,CCAACTTGTGTTATGTTACG,0,1798233
hdeAp2,0.125,7,7,CATTTTCCAGTCTTGAAAAA,0,1810834
hdeAp2,0.125,7,7,CATTTCCGGAGGAGGTATGT,0,1784848
hdeAp2,0.125,7,7,CATTTATGGGGCCACTACTT,0,1818884
hdeAp2,0.125,7,7,CATTCGCTTACCACTGCACC,0,1820735
hdeAp2,0.125,7,7,CATTAACCGTCAAACCGATT,0,1812823
hdeAp2,0.125,7,7,CATGTCATTACCTATTCTAG,0,1804390
hdeAp2,0.125,7,7,CATGGCGTGATTGTTGAGGT,0,1785964
hdeAp2,0.125,7,7,CATGGCCTGCGTTCAATATG,0,1782659
hdeAp2,0.125,7,7,CATGGATCAACGCACTCTAA,0,1817316
hdeAp2,0.125,7,7,CATGCCAGTAAGATTCAATG,0,1814931
hdeAp2,0.125,7,7,CATCTCTTACGATCCTGCCA,0,1784662
hdeAp2,0.125,7,7,CATCGGGACGAGCTTTGGAG,0,1773404
hdeAp2,0.125,7,7,CATCCGCGCTGGGAACAATC,0,1788727
hdeAp2,0.125,7,7,CATCAAATGCAGCTACAAGG,0,1790652
hdeAp2,0.125,7,7,CATATTAAGAGACCGTCGCA,0,1800196
hdeAp2,0.125,7,7,CATATACCTGTTCCCTATAC,0,1789542
hdeAp2,0.125,7,7,CATAAGGATCTAACCAGTCT,0,1775287
hdeAp2,0.125,7,7,CATAAAGGTTACACTTCGGG,0,1818563
hdeAp2,0.125,7,7,CATAAAAATATGTCTAAACA,0,1774079
hdeAp2,0.125,7,7,CAGGCTATGAATCACCTGTA,0,1797377
hdeAp2,0.125,7,7,CAGGCCGCGACCATAACCAA,0,1822450
hdeAp2,0.125,7,7,CAGGCCGAGTTGCAGAAAAA,0,1801133
hdeAp2,0.125,7,7,CAGGAGCAATATGGGGTCGC,0,1783099
hdeAp2,0.125,7,7,CAGCTTTTGTCTTATGTCGA,0,1800020
hdeAp2,0.125,7,7,CAGCCCGGTGTCGCGAGAGT,0,1814035
hdeAp2,0.125,7,7,CAGACTATCCTTCTTGACTT,0,1822591
hdeAp2,0.125,7,7,CAGACGCGAGGCGTTTATCG,0,1784464
hdeAp2,0.125,7,7,CAGAATTCCTGTTGTTGCTA,0,1780985
hdeAp2,0.125,7,7,CAGAACTCCACGCTAGCATC,0,1783983
hdeAp2,0.125,7,7,CACTTAGGGCGGCAGCTTGG,0,1785986
hdeAp2,0.125,7,7,CACTGATCCTGGCCTTGATC,0,1788144
hdeAp2,0.125,7,7,CACTCGCAAGCGTAACCTTC,0,1794073
hdeAp2,0.125,7,7,CACTACTGATGCTACTAGTA,0,1809881
hdeAp2,0.125,7,7,CACGTGTCTGAACTACCAAA,0,1826065
hdeAp2,0.125,7,7,CACGTGGAAAGGCTCGTTAA,0,1788647
hdeAp2,0.125,7,7,CACGGAGGAAAGAAGCCAAC,0,1816283
hdeAp2,0.125,7,7,CACGAAACATCACCTATCCA,0,1818243
hdeAp2,0.125,7,7,CACCTACACCAAAGTAGTAA,0,1790371
hdeAp2,0.125,7,7,CACCTAAGACCGGACCTAGA,0,1782546
hdeAp2,0.125,7,7,CACCCAGGAACCCCCCCCCA,0,1805044
hdeAp2,0.125,7,7,CACCATCTTTCACCACAAGA,0,1808036
hdeAp2,0.125,7,7,CACCATATTAAAGACCAACA,0,1782189
hdeAp2,0.125,7,7,CACATTCGAGTGCGGGAACA,0,1807944
hdeAp2,0.125,7,7,CACATACGGGTCCTCCGCGT,0,1824828
hdeAp2,0.125,7,7,CACAGATAGGGTACATATAT,0,1816847
hdeAp2,0.125,7,7,CACACTGAACTCAGAAGACC,0,1823060
hdeAp2,0.125,7,7,CACAACCACTACGGCCCTAA,0,1802911
hdeAp2,0.125,7,7,CAAGGTCGGCATTGCTTCAG,0,1780867
hdeAp2,0.125,7,7,CAAGCGGACTATGCCGGCGA,0,1790607
hdeAp2,0.125,7,7,CAACCTCATTTCATGGGACG,0,1793515
hdeAp2,0.125,7,7,CAAATATGCCGGTCCTGCTG,0,1800147
hdeAp2,0.125,7,7,CAAACGCTCGGCACGGAGTT,0,1800525
hdeAp2,0.125,7,7,CAAACGATTTGACAATAGTC,0,1779213
hdeAp2,0.125,7,7,CAAAAAGTTCGTTGGTTGTA,0,1802241
hdeAp2,0.125,7,7,ATTTTATGATAAGAAGCAAG,0,1783898
hdeAp2,0.125,7,7,ATTTGGCGACGGTCGTTAAG,0,1821422
hdeAp2,0.125,7,7,ATTTCAGGATATGCATAGAA,0,1822009
hdeAp2,0.125,7,7,ATTTCAGCATAGACCACTTC,0,1818486
hdeAp2,0.125,7,7,ATTTATATGCTTGGTCAGGA,0,1775057
hdeAp2,0.125,7,7,ATTTAGACCTGTGGTCCTCT,0,1815257
hdeAp2,0.125,7,7,ATTTACGAGTTGTATGATTC,0,1785826
hdeAp2,0.125,7,7,ATTTAATCAATGGGTCCGGA,0,1804415
hdeAp2,0.125,7,7,ATTGCCGTCCCATCGGAGCC,0,1788640
hdeAp2,0.125,7,7,ATTGCCATCAGAGAGTCATG,0,1817473
hdeAp2,0.125,7,7,ATTCTTAATATGCAACATCT,0,1774193
hdeAp2,0.125,7,7,ATTCGTTACTTTCAGATATA,0,1818951
hdeAp2,0.125,7,7,ATTCGTCGTACCGGCGCGGA,0,1804990
hdeAp2,0.125,7,7,ATTCGATTTACTTCGTGGTT,0,1810792
hdeAp2,0.125,7,7,ATTCCCTCACCTGATCGAGA,0,1809476
hdeAp2,0.125,7,7,ATTCACTTAGCTTAGGGGCA,0,1784006
hdeAp2,0.125,7,7,ATTCAACAATAATGGATAAG,0,1791823
hdeAp2,0.125,7,7,ATTACGGTAACCGTTCACTG,0,1803122
hdeAp2,0.125,7,7,ATTACACAAGGGCGGAAAGC,0,1784040
hdeAp2,0.125,7,7,ATTAAGAATGGTTCCTGGAC,0,1792797
hdeAp2,0.125,7,7,ATGTGCCAGAATTTTATCTA,0,1802532
hdeAp2,0.125,7,7,ATGTCGTTGAAGATATGCTT,0,1774314
hdeAp2,0.125,7,7,ATGGGTTTCGGATTACAACA,0,1792920
hdeAp2,0.125,7,7,ATGGGCCTTTAGCATCATCG,0,1819826
hdeAp2,0.125,7,7,ATGGCCGGCAAGAAAACGAT,0,1789659
hdeAp2,0.125,7,7,ATGGCCCCCTTTACACTATA,0,1787966
hdeAp2,0.125,7,7,ATGGATGATATACAAGGGAA,0,1775150
hdeAp2,0.125,7,7,ATGGAGACCGCGACCAACAA,0,1814784
hdeAp2,0.125,7,7,ATGGACTTGAGATAAATGAC,0,1808279
hdeAp2,0.125,7,7,ATGGAAATTAGCCGACTGCG,0,1790952
hdeAp2,0.125,7,7,ATGCTTAGCTTTCGAATCCT,0,1810814
hdeAp2,0.125,7,7,ATGCGGACATTTAGATACGT,0,1785256
hdeAp2,0.125,7,7,ATGCGCCAATAGTCAGCTAC,0,1823575
hdeAp2,0.125,7,7,ATGCCGTGATTGCCAATGTG,0,1827894
hdeAp2,0.125,7,7,ATGCACGCCGTAGCCCCTGT,0,1816377
hdeAp2,0.125,7,7,ATGAGGATGTGAAGGGCTAT,0,1796740
hdeAp2,0.125,7,7,ATGAGATGGCCCCGGCGTAA,0,1799734
hdeAp2,0.125,7,7,ATGAACGGAGCGGTCCTGTA,0,1813562
hdeAp2,0.125,7,7,ATCTCGTATTGAAACGGGTA,0,1771090
hdeAp2,0.125,7,7,ATCTCGTAGGTGCGAATCGA,0,1771099
hdeAp2,0.125,7,7,ATCGGATCGTTGTCAAGGAA,0,1787008
hdeAp2,0.125,7,7,ATCGCGGGTTCGGACCTAAC,0,1795202
hdeAp2,0.125,7,7,ATCGACAACCGCGGACGAAT,0,1804632
hdeAp2,0.125,7,7,ATCCCTGTTCTTAAAGAAGA,0,1821629
hdeAp2,0.125,7,7,ATCCCCCGTCTGAGAGGCTG,0,1801284
hdeAp2,0.125,7,7,ATCATGTAATGTCGCCGGAA,0,1805206
hdeAp2,0.125,7,7,ATCAGTTGTATACGCTAAGA,0,1798795
hdeAp2,0.125,7,7,ATCAGATTTTGGGCACTGGA,0,1782763
hdeAp2,0.125,7,7,ATCACCGGCCACTCGGTAAG,0,1782686
hdeAp2,0.125,7,7,ATCAAGGTTACACGGTCTCA,0,1803077
hdeAp2,0.125,7,7,ATCAAACACGCAACGGGTAA,0,1794607
hdeAp2,0.125,7,7,ATATCGATGTAGGGGTAATC,0,1787201
hdeAp2,0.125,7,7,ATATCAGACAACAAGCACTA,0,1818492
hdeAp2,0.125,7,7,ATATAATAGTAGTGTTCAGC,0,1784174
hdeAp2,0.125,7,7,ATAGTAATTACACTCTCAGA,0,1824017
hdeAp2,0.125,7,7,ATAGGCGTGGACGCCCATCT,0,1813556
hdeAp2,0.125,7,7,ATAGCGGCCCCGCGAGCGGC,0,1773873
hdeAp2,0.125,7,7,ATAATATGTCCTCCTCGACT,0,1777670
hdeAp2,0.125,7,7,ATAAGTCCTGCTTGATGTAA,0,1803460
hdeAp2,0.125,7,7,ATAAGCACCGGGCTACCCCA,0,1797036
hdeAp2,0.125,7,7,ATAACTGCACAATCACGCGA,0,1796051
hdeAp2,0.125,7,7,ATAACCTTCAACGGTGAGGC,0,1780521
hdeAp2,0.125,7,7,AGTTTAACAGGCCGAGGCTA,0,1772470
hdeAp2,0.125,7,7,AGTTGTGTCCAAGCCGATAC,0,1771046
hdeAp2,0.125,7,7,AGTTCCAAGTCCCTGTGAGT,0,1793819
hdeAp2,0.125,7,7,AGTTAACGCGGGCACAGATG,0,1805767
hdeAp2,0.125,7,7,AGTGGATCATCTGCGTTTGT,0,1772444
hdeAp2,0.125,7,7,AGTGATTGTGACATAGATCT,0,1793915
hdeAp2,0.125,7,7,AGTCTTATCTTAGGTGCAGT,0,1804265
hdeAp2,0.125,7,7,AGTCACAAGGATCACACCAC,0,1826511
hdeAp2,0.125,7,7,AGTCAAAATGCTAGGCGTAG,0,1786136
hdeAp2,0.125,7,7,AGTACTATGTTCTAGAAACT,0,1775432
hdeAp2,0.125,7,7,AGGTGTCAGCGATCGTAGTA,0,1785734
hdeAp2,0.125,7,7,AGGTCGTTTTTGATGCCCTA,0,1794471
hdeAp2,0.125,7,7,AGGTCGTCGTTATTCGGCCT,0,1788882
hdeAp2,0.125,7,7,AGGTAGTTAGGTTGTAAGGT,0,1783793
hdeAp2,0.125,7,7,AGGGTTAGCCGTTGGGAATG,0,1828759
hdeAp2,0.125,7,7,AGGGTATTGTGACGTTATGG,0,1789839
hdeAp2,0.125,7,7,AGGGGGCAGGTCAGCTCGTG,0,1824398
hdeAp2,0.125,7,7,AGGGCTCTCTGAGACATAGC,0,1808136
hdeAp2,0.125,7,7,AGGCTTGTAGGCACTCCGCC,0,1825151
hdeAp2,0.125,7,7,AGGCACTATAGCGTCACTCA,0,1773407
hdeAp2,0.125,7,7,AGGAGCCCACGAGTCACGAT,0,1789674
hdeAp2,0.125,7,7,AGGACTGCCGGATGAGACAT,0,1785286
hdeAp2,0.125,7,7,AGGACCAGTGTTCTTGGAGT,0,1784455
hdeAp2,0.125,7,7,AGGACCAGAGGTGTCACGTA,0,1825154
hdeAp2,0.125,7,7,AGGACAAGGTACCACCGCAT,0,1826763
hdeAp2,0.125,7,7,AGCTTGTTTGTTTTCACATT,0,1798408
hdeAp2,0.125,7,7,AGCTGTGACCTTAGACGATT,0,1801288
hdeAp2,0.125,7,7,AGCTGCCCGCATCACCCAGA,0,1818485
hdeAp2,0.125,7,7,AGCTCAGCTAGGCCCGTGAT,0,1818790
hdeAp2,0.125,7,7,AGCGGGTACGTGAGCGTCGT,0,1802386
hdeAp2,0.125,7,7,AGCGGGGCGGAATGGCCGGA,0,1795154
hdeAp2,0.125,7,7,AGCGCGTTCAGGAAAACAAC,0,1772429
hdeAp2,0.125,7,7,AGCCGGGGACGGAAATATTG,0,1828103
hdeAp2,0.125,7,7,AGCCAAGACGCTACTCGGCA,0,1818660
hdeAp2,0.125,7,7,AGCCAACGTGGTTTGTAGGC,0,1808835
hdeAp2,0.125,7,7,AGATTAACTGCAATGTAAGA,0,1817274
hdeAp2,0.125,7,7,AGATGGTAGCCGCTGCGCTG,0,1817743
hdeAp2,0.125,7,7,AGATACGACCAGTATCGTCG,0,1778731
hdeAp2,0.125,7,7,AGAGGTGTTGATTGGACGCT,0,1805007
hdeAp2,0.125,7,7,AGAGGGGGTTAGACGTATTT,0,1798836
hdeAp2,0.125,7,7,AGAGGGCCAGTGACAGAGGG,0,1792494
hdeAp2,0.125,7,7,AGAGCCGCTCTGATGGGATT,0,1775509
hdeAp2,0.125,7,7,AGAGCAAGTCTGCGGCTCCA,0,1810197
hdeAp2,0.125,7,7,AGAGCAAAAACCGCACCGCA,0,1809404
hdeAp2,0.125,7,7,AGAGATTGGAGACCTGCCCC,0,1813229
hdeAp2,0.125,7,7,AGAGACTTGAACCTCCTACC,0,1802808
hdeAp2,0.125,7,7,AGACTGTTAGATTCGACTGT,0,1822534
hdeAp2,0.125,7,7,AGACGATGTCCGACCGTATT,0,1778632
hdeAp2,0.125,7,7,AGAATTCTAACGTCAGGTTC,0,1800712
hdeAp2,0.125,7,7,AGAATCCTTGCAGAGTGTTG,0,1821941
hdeAp2,0.125,7,7,AGAAAATGAGGTCCGAGTAT,0,1776448
hdeAp2,0.125,7,7,AGAAAAATCTATTTCCAGGC,0,1777630
hdeAp2,0.125,7,7,ACTTATTAGTACGTGATCTA,0,1773809
hdeAp2,0.125,7,7,ACTGTACCTCAGTCATTTTT,0,1813220
hdeAp2,0.125,7,7,ACTGGACGCAGGCAAAGGAA,0,1771485
hdeAp2,0.125,7,7,ACTCGCCATATGCTAATGAA,0,1794197
hdeAp2,0.125,7,7,ACTCAGACATGTATCACCGC,0,1801767
hdeAp2,0.125,7,7,ACGTTGCCAGTTAACGATAC,0,1807586
hdeAp2,0.125,7,7,ACGTGGCCGCAGCAAGAAAC,0,1824530
hdeAp2,0.125,7,7,ACGGTACACTATAGCCCGCA,0,1810726
hdeAp2,0.125,7,7,ACGGGATACCGCAGACTTAG,0,1808561
hdeAp2,0.125,7,7,ACGGGAATTGTTTACGTTAC,0,1799631
hdeAp2,0.125,7,7,ACGGAACTAACATTAGTAGT,0,1791032
hdeAp2,0.125,7,7,ACGCTCTGTGTCGCCGATGG,0,1796952
hdeAp2,0.125,7,7,ACGCTCAGTGGACGGGGCGA,0,1794596
hdeAp2,0.125,7,7,ACGCATAAAAGCTGCGCGCG,0,1800487
hdeAp2,0.125,7,7,ACGATCGCTTAATAAGTCAT,0,1788360
hdeAp2,0.125,7,7,ACGAAAATTAGCAATGCCCA,0,1824179
hdeAp2,0.125,7,7,ACCTTCTGGGAAGGCGAGGC,0,1801027
hdeAp2,0.125,7,7,ACCTGCGCAACCAGGGTCCA,0,1821731
hdeAp2,0.125,7,7,ACCTCGGGGACCTGCCTTCA,0,1803311
hdeAp2,0.125,7,7,ACCTCCAAGGCGGGTTAGCG,0,1789945
hdeAp2,0.125,7,7,ACCTATGGAGCTTGCTATCG,0,1827572
hdeAp2,0.125,7,7,ACCTATCCACCGACGGCAGT,0,1771501
hdeAp2,0.125,7,7,ACCTACCAATTGCTCGATGT,0,1801961
hdeAp2,0.125,7,7,ACCTAATATCTTGGATGTGA,0,1790981
hdeAp2,0.125,7,7,ACCGTATCAGTGTTTTCGGA,0,1796260
hdeAp2,0.125,7,7,ACCGGTCTTTTGCTGATAGG,0,1801760
hdeAp2,0.125,7,7,ACCGGCAGAAGCCGAGGACT,0,1818271
hdeAp2,0.125,7,7,ACCGGAGCTAAAGGTCATCC,0,1816768
hdeAp2,0.125,7,7,ACCATGTACCCGCCCGCACC,0,1814177
hdeAp2,0.125,7,7,ACCATGGTAAAGGGCTCATG,0,1780744
hdeAp2,0.125,7,7,ACCATCCAATATGGCAGAAT,0,1798655
hdeAp2,0.125,7,7,ACCAGTGATTCTCCGTATCG,0,1820992
hdeAp2,0.125,7,7,ACCAAGCTACTGGAGACTTC,0,1799347
hdeAp2,0.125,7,7,ACATCCTCTATCTCCTAGCC,0,1782638
hdeAp2,0.125,7,7,ACATAGGCAAGGGGGTCAGT,0,1783196
hdeAp2,0.125,7,7,ACAGGAAACCGTCCTCACTT,0,1798235
hdeAp2,0.125,7,7,ACAGCTCTATCCACGGCTAA,0,1777999
hdeAp2,0.125,7,7,ACAGCGAGCCTATGTTTAAT,0,1772531
hdeAp2,0.125,7,7,ACACGAGAAACGGGTCCCGA,0,1774066
hdeAp2,0.125,7,7,ACACCTATCCCAGAGCAAAA,0,1793551
hdeAp2,0.125,7,7,ACACCACGGCATCCGGTGAC,0,1791763
hdeAp2,0.125,7,7,ACACATGGTAATGCGGAAAT,0,1800813
hdeAp2,0.125,7,7,ACAAATCGAGGCGCGTGTGA,0,1813306
hdeAp2,0.125,7,7,AATTTTGCCTGTTTAGGAGC,0,1776330
hdeAp2,0.125,7,7,AATTGTATCGCACTCGGGCG,0,1816596
hdeAp2,0.125,7,7,AATTCGGTTCGATCTGTCTG,0,1792503
hdeAp2,0.125,7,7,AATTCATGCCACCCTTGGTT,0,1780803
hdeAp2,0.125,7,7,AATTAACCCGGAAAAGCTGA,0,1786115
hdeAp2,0.125,7,7,AATGTGTGGCTATTTACAGC,0,1778290
hdeAp2,0.125,7,7,AATGTGTAGTGTTTGCATTT,0,1817018
hdeAp2,0.125,7,7,AATGTGGTCGCCGACCTGAG,0,1823916
hdeAp2,0.125,7,7,AATGCTGAATTGAAAATGTT,0,1784700
hdeAp2,0.125,7,7,AATCTACCCGATAGAGATAC,0,1804180
hdeAp2,0.125,7,7,AATCCCCGGAATTTGGGCTC,0,1813792
hdeAp2,0.125,7,7,AATATATGCTGATGTGTTCT,0,1823341
hdeAp2,0.125,7,7,AATAGGGTAAGTCAGAGGCC,0,1809204
hdeAp2,0.125,7,7,AATAGACCAAAAAGCCGGCA,0,1796284
hdeAp2,0.125,7,7,AATAGAACTAGCACTAGGAT,0,1798703
hdeAp2,0.125,7,7,AATACGGTGCCCAGAGAGAA,0,1796517
hdeAp2,0.125,7,7,AATAATTTGGTGTGCGCCAA,0,1775059
hdeAp2,0.125,7,7,AATAACCGTGTTGATCTCAC,0,1795009
hdeAp2,0.125,7,7,AAGTTTGTGTACTCCGGTGA,0,1800097
hdeAp2,0.125,7,7,AAGTTCGGGTTAAAGACAGA,0,1802191
hdeAp2,0.125,7,7,AAGTATACCTGGGCGGCAGG,0,1828138
hdeAp2,0.125,7,7,AAGTAGCGCGCAAGCTTGGG,0,1798264
hdeAp2,0.125,7,7,AAGGTTTTACGCGTACAGCG,0,1777645
hdeAp2,0.125,7,7,AAGGTAAAGTGTTAACCGGG,0,1785972
hdeAp2,0.125,7,7,AAGGCGTTGTGACACACTGG,0,1807678
hdeAp2,0.125,7,7,AAGGATTCAGTGCCTGGCGC,0,1816721
hdeAp2,0.125,7,7,AAGCGTAGCATCGGGATCAG,0,1810009
hdeAp2,0.125,7,7,AAGCGCGGATCGACATAGGA,0,1787220
hdeAp2,0.125,7,7,AAGCCGGCGCGACCGCCGGT,0,1803914
hdeAp2,0.125,7,7,AAGAGGCAGGCTACCTCTAG,0,1789851
hdeAp2,0.125,7,7,AAGAAAGATCATACAGATAA,0,1792257
hdeAp2,0.125,7,7,AACTTCCTTGGGGATCACAA,0,1788391
hdeAp2,0.125,7,7,AACTGCGTGGTCAAGGGAGG,0,1793679
hdeAp2,0.125,7,7,AACTACCGGACTAACGTCTG,0,1773542
hdeAp2,0.125,7,7,AACGGCCCCCGTTCGCAAGA,0,1819360
hdeAp2,0.125,7,7,AACGCTATATTTTCCGGAGG,0,1786353
hdeAp2,0.125,7,7,AACGCCGACTGCGACCAGAT,0,1823379
hdeAp2,0.125,7,7,AACCGCCCAAATAATGTCAC,0,1821228
hdeAp2,0.125,7,7,AACCCGGGGTTCTAAAATAG,0,1803494
hdeAp2,0.125,7,7,AACCCGGAGTGTATCCGCTT,0,1780605
hdeAp2,0.125,7,7,AACCCAGTCAACCCGGCACG,0,1771149
hdeAp2,0.125,7,7,AACACGTCGTCGCGGCTTAG,0,1771141
hdeAp2,0.125,7,7,AACACGCTCCACGTATCTTA,0,1779538
hdeAp2,0.125,7,7,AACACAAGATCGTCGCCAGT,0,1807646
hdeAp2,0.125,7,7,AAATTCCAAAGACATCGACA,0,1804816
hdeAp2,0.125,7,7,AAATCGGGCAGGAGAAGGGT,0,1827109
hdeAp2,0.125,7,7,AAAGTCCGTCGCATGTACTT,0,1774478
hdeAp2,0.125,7,7,AAAGGGTTGCACCAGCCGAA,0,1802056
hdeAp2,0.125,7,7,AAAGGCCAACGGGATGATCT,0,1772325
hdeAp2,0.125,7,7,AAAGACTCGGTCCTAGATAA,0,1772565
hdeAp2,0.125,7,7,AAACTTGATGATCTGGTAGA,0,1772561
hdeAp2,0.125,7,7,AAACGCTTCTGCATTCTTGA,0,1813606
hdeAp2,0.125,7,7,AAACCGGCTGCTCTGGCTCT,0,1793702
hdeAp2,0.125,7,7,AAAATTTGACTGATACTTTC,0,1809830
hdeAp2,0.125,7,7,AAAAACTGGCGCTGGTGTTA,0,1776144
hdeAp2,0.14285714285714285,6,6,TTTTCGGCGCTTATTTTTTT,0,1813797
hdeAp2,0.14285714285714285,6,6,TTTGTTAAAATATTTGACCG,0,1781151
hdeAp2,0.14285714285714285,6,6,TTTGTCACAATTAAGTGTAA,0,1785547
hdeAp2,0.14285714285714285,6,6,TTTGCGCCAGGGTTGAGTTC,0,1790211
hdeAp2,0.14285714285714285,6,6,TTTCTATCGAGGCTATGTGT,0,1784511
hdeAp2,0.14285714285714285,6,6,TTTCGTATCACAATCGATGC,0,1812002
hdeAp2,0.14285714285714285,6,6,TTTCCGCGTCCCTACCAGTT,0,1817791
hdeAp2,0.14285714285714285,6,6,TTTCACCCGTTTGGTGCGTT,0,1801761
hdeAp2,0.14285714285714285,6,6,TTTATAGGGTGAATCATTGG,0,1826030
hdeAp2,0.14285714285714285,6,6,TTTAGTGTTGATTAAAAGAT,0,1802456
hdeAp2,0.14285714285714285,6,6,TTTACTGTGGCGGATTAGTC,0,1820644
hdeAp2,0.14285714285714285,6,6,TTTAAGGCCACGCGCGATCT,0,1771841
hdeAp2,0.14285714285714285,6,6,TTGTGTACTTGTACTGGTAG,0,1781858
hdeAp2,0.14285714285714285,6,6,TTGTGGAGTATAAATAGAGG,0,1797107
hdeAp2,0.14285714285714285,6,6,TTGTGACCAAATAGTAGGGG,0,1784462
hdeAp2,0.14285714285714285,6,6,TTGTCGGCTGGCTGCTCCTT,0,1800073
hdeAp2,0.14285714285714285,6,6,TTGTCCCTGACTAGGGCCTC,0,1777627
hdeAp2,0.14285714285714285,6,6,TTGTAAGAGTTTAGTGGTCT,0,1828312
hdeAp2,0.14285714285714285,6,6,TTGGTCGAGTTGGCATCTTC,0,1802379
hdeAp2,0.14285714285714285,6,6,TTGGGTATAGAATAATGACC,0,1790933
hdeAp2,0.14285714285714285,6,6,TTGGGAACCTCACAGGTTTC,0,1780363
hdeAp2,0.14285714285714285,6,6,TTGGCTAGTGAGGGCTTACT,0,1787633
hdeAp2,0.14285714285714285,6,6,TTGGCGCAGGATACAACGCT,0,1827992
hdeAp2,0.14285714285714285,6,6,TTGCTAAGTATGCCCGTGCA,0,1776564
hdeAp2,0.14285714285714285,6,6,TTGCGAGTGCATGGGACACT,0,1812666
hdeAp2,0.14285714285714285,6,6,TTGCCATGTGGATCAACAAT,0,1785733
hdeAp2,0.14285714285714285,6,6,TTGCAGCGTGCTTTATCTCC,0,1777456
hdeAp2,0.14285714285714285,6,6,TTGCAGACTATTACGACGTT,0,1808390
hdeAp2,0.14285714285714285,6,6,TTGAGGGTAATATATCAATT,0,1775107
hdeAp2,0.14285714285714285,6,6,TTGAGCTTGAAGTGCTTTGC,0,1771147
hdeAp2,0.14285714285714285,6,6,TTCTGTGTTGAAGATTTCCT,0,1806059
hdeAp2,0.14285714285714285,6,6,TTCTAGCAGTATGCTGAACT,0,1796369
hdeAp2,0.14285714285714285,6,6,TTCGTGCTCATGCCTCAAGA,0,1780359
hdeAp2,0.14285714285714285,6,6,TTCGTCTACGATCGCGACAG,0,1773002
hdeAp2,0.14285714285714285,6,6,TTCGTATCTGGGACACCAAG,0,1815216
hdeAp2,0.14285714285714285,6,6,TTCGGACGGCTGAACACCGC,0,1826304
hdeAp2,0.14285714285714285,6,6,TTCGCATATCCATTACTCAA,0,1793422
hdeAp2,0.14285714285714285,6,6,TTCGAGTGGATCTCGACCGC,0,1815189
hdeAp2,0.14285714285714285,6,6,TTCCACCGACGTGTTAAGCA,0,1796889
hdeAp2,0.14285714285714285,6,6,TTCATTAATATGAGGAAAAA,0,1795343
hdeAp2,0.14285714285714285,6,6,TTCATAGCTTTGGATTCTGC,0,1816520
hdeAp2,0.14285714285714285,6,6,TTCAGGAGAACGTGGGGGCT,0,1809252
hdeAp2,0.14285714285714285,6,6,TTCAGCGTGACGCATGCGGC,0,1786870
hdeAp2,0.14285714285714285,6,6,TTATGGTCTTCGGCCTTCGC,0,1793917
hdeAp2,0.14285714285714285,6,6,TTATCGGTTGCTAAACTTGT,0,1820198
hdeAp2,0.14285714285714285,6,6,TTATACATTAGCGATTATCA,0,1792622
hdeAp2,0.14285714285714285,6,6,TTAGTCTCACTGTTAACTAA,0,1824620
hdeAp2,0.14285714285714285,6,6,TTAGGCTTTAAACTAAGTAC,0,1816882
hdeAp2,0.14285714285714285,6,6,TTAGCCTATATTGTGGCTGC,0,1800329
hdeAp2,0.14285714285714285,6,6,TTAGAACGAAAATTATATCC,0,1797655
hdeAp2,0.14285714285714285,6,6,TTACTTCAACGCCCTGGAGT,0,1811091
hdeAp2,0.14285714285714285,6,6,TTACTACGTTGAAGTTCGCA,0,1802691
hdeAp2,0.14285714285714285,6,6,TTACGGTTCCCTGGGGGGCA,0,1780990
hdeAp2,0.14285714285714285,6,6,TTACGGCGCGCATGAGTCTA,0,1787279
hdeAp2,0.14285714285714285,6,6,TTACAATTTGGTTAGTGCCG,0,1813073
hdeAp2,0.14285714285714285,6,6,TTAATGATAAAGAGCGTGCC,0,1785609
hdeAp2,0.14285714285714285,6,6,TTAATCTGGGTGTATTCTGG,0,1797118
hdeAp2,0.14285714285714285,6,6,TTAATAAATTCCCATGAGTG,0,1813078
hdeAp2,0.14285714285714285,6,6,TTAAGCCCTTTTCTTCTTGC,0,1810833
hdeAp2,0.14285714285714285,6,6,TTAACGTCGCCGCAAGGAAT,0,1828453
hdeAp2,0.14285714285714285,6,6,TTAAACATTCTGGACGGTGG,0,1788708
hdeAp2,0.14285714285714285,6,6,TGTTTTCAGCACTGCTTTCT,0,1817021
hdeAp2,0.14285714285714285,6,6,TGTTTCAGAAAGGGGAGGAG,0,1814520
hdeAp2,0.14285714285714285,6,6,TGTTTATCGCTGAATTATGC,0,1793724
hdeAp2,0.14285714285714285,6,6,TGTTTACAGTGCTTGTGTAC,0,1804133
hdeAp2,0.14285714285714285,6,6,TGTTTACAACCTTAGAGCTT,0,1799634
hdeAp2,0.14285714285714285,6,6,TGTTATATTACGCGGAACAG,0,1780313
hdeAp2,0.14285714285714285,6,6,TGTGTTTCGTATATAAGGGT,0,1775823
hdeAp2,0.14285714285714285,6,6,TGTGTACATTTGGACCAATA,0,1805374
hdeAp2,0.14285714285714285,6,6,TGTGCGGCAAAAACGCAACG,0,1793641
hdeAp2,0.14285714285714285,6,6,TGTCGGCGTGTCACCCCAGT,0,1792428
hdeAp2,0.14285714285714285,6,6,TGTCGAGTATCTCTCATATG,0,1783039
hdeAp2,0.14285714285714285,6,6,TGTCCTGGCGCATATGAGAC,0,1773820
hdeAp2,0.14285714285714285,6,6,TGTATTATTGCTAGTCAGGC,0,1818000
hdeAp2,0.14285714285714285,6,6,TGTATCTCAGCATCGCAGAA,0,1808522
hdeAp2,0.14285714285714285,6,6,TGTAACGCGTGTCGCGTCCA,0,1815814
hdeAp2,0.14285714285714285,6,6,TGGTTACATTCCACATCGCG,0,1785236
hdeAp2,0.14285714285714285,6,6,TGGTGTAGTGAGTGCGGGTG,0,1790847
hdeAp2,0.14285714285714285,6,6,TGGTGGCAAAGAGCATGTTA,0,1802301
hdeAp2,0.14285714285714285,6,6,TGGTGAGTTGGACACTTCGA,0,1783532
hdeAp2,0.14285714285714285,6,6,TGGTCTCTGCCTGACGCGGT,0,1777200
hdeAp2,0.14285714285714285,6,6,TGGTAGGGTTGACGGCTCCT,0,1794217
hdeAp2,0.14285714285714285,6,6,TGGGGATGTTCCGGGCAGGT,0,1823951
hdeAp2,0.14285714285714285,6,6,TGGGCTTTGACCAACCTATT,0,1805691
hdeAp2,0.14285714285714285,6,6,TGGGCCAAGTGGAGGTTTCT,0,1795829
hdeAp2,0.14285714285714285,6,6,TGGGCAGTGGGTTCATAATG,0,1788493
hdeAp2,0.14285714285714285,6,6,TGGGATGTCCGGGTCATGGA,0,1793855
hdeAp2,0.14285714285714285,6,6,TGGCTTTACTCACCCATTCA,0,1805382
hdeAp2,0.14285714285714285,6,6,TGGCTCGTTTGCGATCCAGG,0,1797661
hdeAp2,0.14285714285714285,6,6,TGGCACTACGCTAGGTTCAA,0,1799573
hdeAp2,0.14285714285714285,6,6,TGGCAACCATTCGCCAAGTT,0,1820734
hdeAp2,0.14285714285714285,6,6,TGGATTCTTCGCAATGGTGA,0,1791294
hdeAp2,0.14285714285714285,6,6,TGGAGTAGCAGCTGATGGGA,0,1799034
hdeAp2,0.14285714285714285,6,6,TGGAGAAATTGTCCACTTCG,0,1775916
hdeAp2,0.14285714285714285,6,6,TGGACGGGGCATCATACACC,0,1808746
hdeAp2,0.14285714285714285,6,6,TGGACACCATTTAACATCAG,0,1799924
hdeAp2,0.14285714285714285,6,6,TGCTTGTTAGCTTCTATTGT,0,1775980
hdeAp2,0.14285714285714285,6,6,TGCTTACTACGGAAGCTCCG,0,1802693
hdeAp2,0.14285714285714285,6,6,TGCTTACCCTAGACGCGGAC,0,1800616
hdeAp2,0.14285714285714285,6,6,TGCTTACCACGACTCCAGCA,0,1780646
hdeAp2,0.14285714285714285,6,6,TGCTAACCCCCCCGACGGTC,0,1794883
hdeAp2,0.14285714285714285,6,6,TGCGGGCACTGCGGTAACTA,0,1797432
hdeAp2,0.14285714285714285,6,6,TGCCGCTGCGAGAAAGGTAA,0,1785760
hdeAp2,0.14285714285714285,6,6,TGCCGCATGATCCGGCTTAT,0,1783346
hdeAp2,0.14285714285714285,6,6,TGCCCTTGTTTTGCTTGGCG,0,1811501
hdeAp2,0.14285714285714285,6,6,TGCCCGTATCACACCGCGTT,0,1806382
hdeAp2,0.14285714285714285,6,6,TGCCCGGCTTAAGCTAGGAA,0,1792569
hdeAp2,0.14285714285714285,6,6,TGCATTAGGTGGAGTCGCCT,0,1827889
hdeAp2,0.14285714285714285,6,6,TGCAGCGTTACAGACCTGGT,0,1782718
hdeAp2,0.14285714285714285,6,6,TGATTGGAGGCGTTCGAGGG,0,1804073
hdeAp2,0.14285714285714285,6,6,TGATGGTATACTTATCGGCT,0,1798442
hdeAp2,0.14285714285714285,6,6,TGATGGGGGAGGTGCGTCAG,0,1821592
hdeAp2,0.14285714285714285,6,6,TGATAGGTCGGTGTAGGTTT,0,1778381
hdeAp2,0.14285714285714285,6,6,TGAGTGCCCTCCGAGACGTG,0,1817049
hdeAp2,0.14285714285714285,6,6,TGAGGAGAATGCAGTAGTTC,0,1787328
hdeAp2,0.14285714285714285,6,6,TGAGATCACAGTAATTGATG,0,1772064
hdeAp2,0.14285714285714285,6,6,TGACTGTTACCTCGCCGGTA,0,1819589
hdeAp2,0.14285714285714285,6,6,TGACGGCTGCGGCTCGGCCA,0,1819251
hdeAp2,0.14285714285714285,6,6,TGACCGACCTCATCAAGTCC,0,1815227
hdeAp2,0.14285714285714285,6,6,TGACCCATTTGTGGCAATGA,0,1771514
hdeAp2,0.14285714285714285,6,6,TGACCAGTCAAGATCAAGGG,0,1790001
hdeAp2,0.14285714285714285,6,6,TGACCAAGTGCTTAGCCTTT,0,1772424
hdeAp2,0.14285714285714285,6,6,TGAATTGGAGCCGGCGGCTG,0,1818573
hdeAp2,0.14285714285714285,6,6,TGAAGGGGAAGACGACACTT,0,1800598
hdeAp2,0.14285714285714285,6,6,TGAAGAGGGTAACCAATAGT,0,1779723
hdeAp2,0.14285714285714285,6,6,TGAAGACGGTCTCACTTTAT,0,1809449
hdeAp2,0.14285714285714285,6,6,TCTTCTCATTCTTTGTAGGA,0,1784656
hdeAp2,0.14285714285714285,6,6,TCTTCCTTGTCGGTTTCACC,0,1797616
hdeAp2,0.14285714285714285,6,6,TCTTCCAAACCAGGGCAAGC,0,1818819
hdeAp2,0.14285714285714285,6,6,TCTTCAAGAGTAACTGGCAG,0,1820914
hdeAp2,0.14285714285714285,6,6,TCTGCCATGTCTGGTAGCCC,0,1825169
hdeAp2,0.14285714285714285,6,6,TCTGATTACCGAATCCCTAC,0,1778636
hdeAp2,0.14285714285714285,6,6,TCTGAGGTAATCCTGACGGT,0,1773179
hdeAp2,0.14285714285714285,6,6,TCTCTAGTAGAAGACCGGCT,0,1808799
hdeAp2,0.14285714285714285,6,6,TCTCGAAGGCCCGGGACGTG,0,1810317
hdeAp2,0.14285714285714285,6,6,TCTCCTTAAATAAAGCTTTT,0,1817370
hdeAp2,0.14285714285714285,6,6,TCTCCCGATGCAACGCGGAG,0,1823714
hdeAp2,0.14285714285714285,6,6,TCTCACAACCCAAGCAGACC,0,1801176
hdeAp2,0.14285714285714285,6,6,TCTATTGTTAGGCATTCCGA,0,1824670
hdeAp2,0.14285714285714285,6,6,TCTATGCGGGTTGGGCACTA,0,1781143
hdeAp2,0.14285714285714285,6,6,TCTATATTTACCTTAGAAGA,0,1784056
hdeAp2,0.14285714285714285,6,6,TCTATAGGAAGTCTCATGTC,0,1806535
hdeAp2,0.14285714285714285,6,6,TCGTTTCAGTGCCAGCTATT,0,1794942
hdeAp2,0.14285714285714285,6,6,TCGTGTGCACGTCTGAGAAT,0,1780763
hdeAp2,0.14285714285714285,6,6,TCGTGCTATAACTACCAGGA,0,1795310
hdeAp2,0.14285714285714285,6,6,TCGTGAACAGCCACCACGGT,0,1818558
hdeAp2,0.14285714285714285,6,6,TCGTCAGGTAGTTCCAGCGC,0,1808330
hdeAp2,0.14285714285714285,6,6,TCGTAGGACGCATGTGGCCT,0,1806344
hdeAp2,0.14285714285714285,6,6,TCGTAAGCACCAACTGTCTA,0,1810537
hdeAp2,0.14285714285714285,6,6,TCGGTTGCCATCAGTTATGT,0,1777478
hdeAp2,0.14285714285714285,6,6,TCGGGAATACAGAAGAGCGC,0,1785915
hdeAp2,0.14285714285714285,6,6,TCGGAATGTCTAGACAATGT,0,1819542
hdeAp2,0.14285714285714285,6,6,TCGCCCAAGTCAGGTACATG,0,1779573
hdeAp2,0.14285714285714285,6,6,TCGAGAATGCAGGGTTTAGA,0,1798757
hdeAp2,0.14285714285714285,6,6,TCGACTCTAGCTTATCATGA,0,1772653
hdeAp2,0.14285714285714285,6,6,TCGAAATCAAGTATTCTCAC,0,1796928
hdeAp2,0.14285714285714285,6,6,TCGAAAATCACTCCCGCAGT,0,1827605
hdeAp2,0.14285714285714285,6,6,TCCTTTATTTAGGACCCCAG,0,1821269
hdeAp2,0.14285714285714285,6,6,TCCTGATTTTCAATATTTCA,0,1801656
hdeAp2,0.14285714285714285,6,6,TCCTCCAAGCTTCTGTGATT,0,1812552
hdeAp2,0.14285714285714285,6,6,TCCTAGCTAATTAATAGGTT,0,1806686
hdeAp2,0.14285714285714285,6,6,TCCTAAGAATACGGAATGAA,0,1813467
hdeAp2,0.14285714285714285,6,6,TCCGTTTTGTTTCTGACGTG,0,1798111
hdeAp2,0.14285714285714285,6,6,TCCCGGACATCTGGTCGATC,0,1803615
hdeAp2,0.14285714285714285,6,6,TCCCCTAGGTCATTAACGAG,0,1823952
hdeAp2,0.14285714285714285,6,6,TCCCATTCTGCTGGACCGTT,0,1828002
hdeAp2,0.14285714285714285,6,6,TCCCATGTTAACCGCCCCTA,0,1795989
hdeAp2,0.14285714285714285,6,6,TCCAGGACTGAGGGCAGCCC,0,1793531
hdeAp2,0.14285714285714285,6,6,TCCAGATTTGCTGGCCTACG,0,1782182
hdeAp2,0.14285714285714285,6,6,TCCAGATCGGCGCAGTTTCA,0,1787149
hdeAp2,0.14285714285714285,6,6,TCATGATTTGCCGCACAGTT,0,1804377
hdeAp2,0.14285714285714285,6,6,TCATGAGCGGGGAAGCGATT,0,1789197
hdeAp2,0.14285714285714285,6,6,TCATCCCGGGAGGAACGTTC,0,1774016
hdeAp2,0.14285714285714285,6,6,TCATATGGGACGTGGTTATA,0,1770954
hdeAp2,0.14285714285714285,6,6,TCAGTTTCAGAAGTCGCTTA,0,1809874
hdeAp2,0.14285714285714285,6,6,TCAGTCAACTGCGACTGCTG,0,1785718
hdeAp2,0.14285714285714285,6,6,TCAGGCGCGTCCTGCCTCGT,0,1820861
hdeAp2,0.14285714285714285,6,6,TCAGGAACACTCCACATACA,0,1788007
hdeAp2,0.14285714285714285,6,6,TCAGATTTTACAGTATTCGT,0,1807082
hdeAp2,0.14285714285714285,6,6,TCAGATTCCGGAGGGATATA,0,1823958
hdeAp2,0.14285714285714285,6,6,TCAGAACTCAGGTGGGGACA,0,1801253
hdeAp2,0.14285714285714285,6,6,TCACGGTTCATTCATATGAC,0,1787387
hdeAp2,0.14285714285714285,6,6,TCACGGCTTCAAAGAATGAG,0,1803395
hdeAp2,0.14285714285714285,6,6,TCACGCAGGCACATATTACC,0,1807785
hdeAp2,0.14285714285714285,6,6,TCACCTGAAGATCCCCCTCA,0,1783829
hdeAp2,0.14285714285714285,6,6,TCACAGTGTGCAGAAAACCC,0,1810061
hdeAp2,0.14285714285714285,6,6,TCAATGTTCAGCTGCCTCCA,0,1784007
hdeAp2,0.14285714285714285,6,6,TCAATGTCCCAACGGGTTTG,0,1791476
hdeAp2,0.14285714285714285,6,6,TCAATAATTTTGGTGCTAGT,0,1788667
hdeAp2,0.14285714285714285,6,6,TCAACTTGAGCCTGGTACGC,0,1816771
hdeAp2,0.14285714285714285,6,6,TCAACGCGCCTGGGCAGGTC,0,1819483
hdeAp2,0.14285714285714285,6,6,TCAAAATCCCCATGACCTTT,0,1818087
hdeAp2,0.14285714285714285,6,6,TATTGTCAAGTTTAAAACGA,0,1798839
hdeAp2,0.14285714285714285,6,6,TATTCTTGGAACCACAGGAT,0,1783769
hdeAp2,0.14285714285714285,6,6,TATTCGTCTCACCCGAATAT,0,1794898
hdeAp2,0.14285714285714285,6,6,TATTCAGGGTCGAGATGCGT,0,1777468
hdeAp2,0.14285714285714285,6,6,TATTCACTTCGAAGTCCGCG,0,1787684
hdeAp2,0.14285714285714285,6,6,TATGTTTTTTGGTTCATGGA,0,1777602
hdeAp2,0.14285714285714285,6,6,TATGTTTTTACTTAATCGAG,0,1815444
hdeAp2,0.14285714285714285,6,6,TATGTTTGTCCGTGGGTATT,0,1821656
hdeAp2,0.14285714285714285,6,6,TATGGGTACACATAGCCAAG,0,1785020
hdeAp2,0.14285714285714285,6,6,TATATGCCACTTAATATTAG,0,1789101
hdeAp2,0.14285714285714285,6,6,TATATCGGGTTAGACCTGAC,0,1789136
hdeAp2,0.14285714285714285,6,6,TATAGATCAGAGCACGTGCG,0,1804644
hdeAp2,0.14285714285714285,6,6,TATACTGTGCCGCATGCCCC,0,1820663
hdeAp2,0.14285714285714285,6,6,TATACAGTCGTCAGCATAAT,0,1788940
hdeAp2,0.14285714285714285,6,6,TATAAGCGGGATTCCAATCC,0,1823686
hdeAp2,0.14285714285714285,6,6,TATAACATCGCACTTCCGAA,0,1790767
hdeAp2,0.14285714285714285,6,6,TATAAAATTTCATTTTGTCC,0,1777593
hdeAp2,0.14285714285714285,6,6,TAGTGGGCGGACACATGCGT,0,1784667
hdeAp2,0.14285714285714285,6,6,TAGGGACTGCTCAGCGTATG,0,1790762
hdeAp2,0.14285714285714285,6,6,TAGCTGGCCACCCATACTAG,0,1780679
hdeAp2,0.14285714285714285,6,6,TAGCTGCCGGCGAGGCCGAA,0,1806567
hdeAp2,0.14285714285714285,6,6,TAGCATGGGTTTAATATAAG,0,1809108
hdeAp2,0.14285714285714285,6,6,TAGCAAAACTATTCCCTAGA,0,1796726
hdeAp2,0.14285714285714285,6,6,TAGATCCCCACAGAGTTGAT,0,1794700
hdeAp2,0.14285714285714285,6,6,TAGACACGTCTGATTTGAGG,0,1812545
hdeAp2,0.14285714285714285,6,6,TAGAAGAGACTTAAGCAGGA,0,1810789
hdeAp2,0.14285714285714285,6,6,TACTTATCCAATTCGTATTT,0,1785444
hdeAp2,0.14285714285714285,6,6,TACTGAAATATTTATATGAC,0,1792860
hdeAp2,0.14285714285714285,6,6,TACTCTTTGTTACTACGGTT,0,1772148
hdeAp2,0.14285714285714285,6,6,TACTCAGATTTCGAGGAGTT,0,1776479
hdeAp2,0.14285714285714285,6,6,TACTATATGGTCAAAGGCAA,0,1799940
hdeAp2,0.14285714285714285,6,6,TACGTGCGAACCTATACCGA,0,1785943
hdeAp2,0.14285714285714285,6,6,TACGGTTAGTACTTATAATA,0,1791133
hdeAp2,0.14285714285714285,6,6,TACCTTGTTTCGAAGTATCG,0,1772672
hdeAp2,0.14285714285714285,6,6,TACCTCGCCTAATGTCGCCA,0,1790404
hdeAp2,0.14285714285714285,6,6,TACCTAGTATACAAATTAAA,0,1790537
hdeAp2,0.14285714285714285,6,6,TACCAGCCGTATCGAACCCC,0,1798742
hdeAp2,0.14285714285714285,6,6,TACCAGAACGTAAAGTTCAA,0,1807766
hdeAp2,0.14285714285714285,6,6,TACCAACCGGCCAAGCAGTA,0,1810502
hdeAp2,0.14285714285714285,6,6,TACACTGGCCCGCTGACAAC,0,1811218
hdeAp2,0.14285714285714285,6,6,TACACGACGTCGATAATTTC,0,1804761
hdeAp2,0.14285714285714285,6,6,TACAATTAAAGTGGCAGGGT,0,1776166
hdeAp2,0.14285714285714285,6,6,TACAAGTGCATGGCTGACAA,0,1785581
hdeAp2,0.14285714285714285,6,6,TAATTAGGATTAGCAGCCAT,0,1789820
hdeAp2,0.14285714285714285,6,6,TAATGGGCTGATCGGCACTC,0,1810846
hdeAp2,0.14285714285714285,6,6,TAATGACCGAGCTCATATTT,0,1802010
hdeAp2,0.14285714285714285,6,6,TAATAGAGTTATCGTCAAAT,0,1812394
hdeAp2,0.14285714285714285,6,6,TAAGGCTTATAGCAACGGGT,0,1799472
hdeAp2,0.14285714285714285,6,6,TAAGCTTCGAATGAGGCGCC,0,1816911
hdeAp2,0.14285714285714285,6,6,TAAGCTGCCGAGAACATACT,0,1774758
hdeAp2,0.14285714285714285,6,6,TAAGCACCTGCACAGGAAAG,0,1823077
hdeAp2,0.14285714285714285,6,6,TAAGAAACTGGTCTATGAAT,0,1815748
hdeAp2,0.14285714285714285,6,6,TAACTTAGTGTCTGGTGGAC,0,1799107
hdeAp2,0.14285714285714285,6,6,TAACTACTGTTTCAATCGGT,0,1825675
hdeAp2,0.14285714285714285,6,6,TAACCTTGTGTGGAATGACC,0,1775370
hdeAp2,0.14285714285714285,6,6,TAACCTGCCCCTGTTGTTCG,0,1807767
hdeAp2,0.14285714285714285,6,6,TAACCTATGCGCGACAGCTT,0,1786151
hdeAp2,0.14285714285714285,6,6,TAACCAGTCGCAGGAGCATC,0,1819518
hdeAp2,0.14285714285714285,6,6,TAACACAACATCTTTCGCGT,0,1800441
hdeAp2,0.14285714285714285,6,6,TAAATTCGTCGGACACGTGG,0,1795056
hdeAp2,0.14285714285714285,6,6,TAAAGTTTATTCACTTAAAA,0,1789221
hdeAp2,0.14285714285714285,6,6,TAAAGTCCATTGCCGTATGT,0,1814912
hdeAp2,0.14285714285714285,6,6,TAAAGGTCGGTACAAAGTCA,0,1814416
hdeAp2,0.14285714285714285,6,6,TAAAGGCAAAGCGCACCGTT,0,1813571
hdeAp2,0.14285714285714285,6,6,TAAAGACTTCACGATGATGG,0,1777357
hdeAp2,0.14285714285714285,6,6,TAAACCCTAACCACCCTTAA,0,1795265
hdeAp2,0.14285714285714285,6,6,TAAAACGTGCTCTTTACTTT,0,1816039
hdeAp2,0.14285714285714285,6,6,GTTTTTTAGAAGCGCTGGTG,0,1786558
hdeAp2,0.14285714285714285,6,6,GTTTTAGACCTTGAACTTTA,0,1825291
hdeAp2,0.14285714285714285,6,6,GTTTGGTTCGGGTTTAGGTA,0,1787285
hdeAp2,0.14285714285714285,6,6,GTTTCTGGGGTCCGTTGTGC,0,1788406
hdeAp2,0.14285714285714285,6,6,GTTTCGTCACTATGCTTCGG,0,1793303
hdeAp2,0.14285714285714285,6,6,GTTTCGAAGGCATGGCTCAG,0,1778934
hdeAp2,0.14285714285714285,6,6,GTTTATTCGTCACAGGTCTC,0,1798105
hdeAp2,0.14285714285714285,6,6,GTTTAGCTCTACTCATTTTT,0,1800937
hdeAp2,0.14285714285714285,6,6,GTTTAGCTACAACAAAATTC,0,1809468
hdeAp2,0.14285714285714285,6,6,GTTGCGGTCGGACCACGAGA,0,1801743
hdeAp2,0.14285714285714285,6,6,GTTGATCGATAACAAATCCC,0,1789046
hdeAp2,0.14285714285714285,6,6,GTTGAGTGTACCCACGCTCT,0,1794886
hdeAp2,0.14285714285714285,6,6,GTTGAGGTATCCTGTGGCGT,0,1823167
hdeAp2,0.14285714285714285,6,6,GTTCTTGTCATACCATTAAC,0,1775911
hdeAp2,0.14285714285714285,6,6,GTTCTCCCGTGCTCTCGGGC,0,1809409
hdeAp2,0.14285714285714285,6,6,GTTATTCCATACTCGAATCG,0,1810078
hdeAp2,0.14285714285714285,6,6,GTTATGCTTCACATATTGGT,0,1780311
hdeAp2,0.14285714285714285,6,6,GTTATCCGGACTGAGGGATT,0,1811679
hdeAp2,0.14285714285714285,6,6,GTTAGTCCTCCATATTCTCA,0,1811401
hdeAp2,0.14285714285714285,6,6,GTTACACACCTGGAGTCCTT,0,1803649
hdeAp2,0.14285714285714285,6,6,GTTAATGCGGGGTTTAGATA,0,1807252
hdeAp2,0.14285714285714285,6,6,GTTAAGGGCACTAATGGTAC,0,1787882
hdeAp2,0.14285714285714285,6,6,GTTAACCCTATCGCTGGGGA,0,1793457
hdeAp2,0.14285714285714285,6,6,GTGTTGTGAATCGGCAAAGA,0,1815138
hdeAp2,0.14285714285714285,6,6,GTGTTATGTGAAATTGGCAT,0,1795646
hdeAp2,0.14285714285714285,6,6,GTGTAAGGGCATAACTGGGC,0,1796674
hdeAp2,0.14285714285714285,6,6,GTGGGGTCATCTTCTACTTC,0,1805208
hdeAp2,0.14285714285714285,6,6,GTGGGGAAGTGTGCCGGTGC,0,1798501
hdeAp2,0.14285714285714285,6,6,GTGGGAGTCGCGGTCACGGG,0,1797670
hdeAp2,0.14285714285714285,6,6,GTGCTTCCAGTTCATAATAA,0,1801428
hdeAp2,0.14285714285714285,6,6,GTGCTCTATTTCCCGAGGTA,0,1799816
hdeAp2,0.14285714285714285,6,6,GTGCTCCCCCCAAGCAAAGG,0,1820671
hdeAp2,0.14285714285714285,6,6,GTGCGTGTCTTTACGGGCGT,0,1824189
hdeAp2,0.14285714285714285,6,6,GTGCGGGAGATTGTCTCTTT,0,1826857
hdeAp2,0.14285714285714285,6,6,GTGCCCCAAACGGCCATCGC,0,1828355
hdeAp2,0.14285714285714285,6,6,GTGCACTTCAGTTTTCCAGA,0,1782724
hdeAp2,0.14285714285714285,6,6,GTGATGGAGTAAACGCATTC,0,1787744
hdeAp2,0.14285714285714285,6,6,GTGACTATAATTCCAGGTCT,0,1789890
hdeAp2,0.14285714285714285,6,6,GTGACCGGTTGTGTTTAGAT,0,1797531
hdeAp2,0.14285714285714285,6,6,GTGAACTCATACCTAGAAAA,0,1813497
hdeAp2,0.14285714285714285,6,6,GTCTGCCTCAATATCGTGAG,0,1792954
hdeAp2,0.14285714285714285,6,6,GTCTCTTAGCCATTATCGGG,0,1818615
hdeAp2,0.14285714285714285,6,6,GTCGTACTGGCGACAGCAAC,0,1791363
hdeAp2,0.14285714285714285,6,6,GTCGGGAGGTGGACATGAGT,0,1786809
hdeAp2,0.14285714285714285,6,6,GTCGAATAGGCGCTGGGCAG,0,1777169
hdeAp2,0.14285714285714285,6,6,GTCACGCGCGGAGGTTCACC,0,1791101
hdeAp2,0.14285714285714285,6,6,GTCAAAGCGATGTCCTGACT,0,1791964
hdeAp2,0.14285714285714285,6,6,GTATTAAGTGTTCGTGCTAG,0,1792435
hdeAp2,0.14285714285714285,6,6,GTATGGTCTCCTCCACCACA,0,1798943
hdeAp2,0.14285714285714285,6,6,GTATAGGCCAAGTGAAGTTA,0,1800238
hdeAp2,0.14285714285714285,6,6,GTATAGAGCACCCCCTTCAG,0,1798305
hdeAp2,0.14285714285714285,6,6,GTAGTGAGATGCGGGGTAAA,0,1786753
hdeAp2,0.14285714285714285,6,6,GTAGGGAGGCACTAGCTCGC,0,1822663
hdeAp2,0.14285714285714285,6,6,GTAGGCGTATACGTACTAAG,0,1781204
hdeAp2,0.14285714285714285,6,6,GTAGAGTACCCCGATAAGTC,0,1789441
hdeAp2,0.14285714285714285,6,6,GTAGACAAAGATTTTTAATG,0,1801605
hdeAp2,0.14285714285714285,6,6,GTAATTCAGTATTAAGTCCG,0,1792832
hdeAp2,0.14285714285714285,6,6,GTAAGGTACGGACACCAACT,0,1774190
hdeAp2,0.14285714285714285,6,6,GTAACCCGACCACTGTACCC,0,1792938
hdeAp2,0.14285714285714285,6,6,GTAACCAAGATAACGATCGT,0,1805707
hdeAp2,0.14285714285714285,6,6,GTAAAGGTACTACTGGCCAA,0,1808858
hdeAp2,0.14285714285714285,6,6,GTAAAAAACGGCTCACATTG,0,1796139
hdeAp2,0.14285714285714285,6,6,GGTTGGAATTATATCAGCCT,0,1819962
hdeAp2,0.14285714285714285,6,6,GGTTCCCCCGAACATATGCT,0,1809112
hdeAp2,0.14285714285714285,6,6,GGTTATTTTAGTGAAATTCA,0,1816738
hdeAp2,0.14285714285714285,6,6,GGTTACTTCCTACTGGCTTG,0,1795991
hdeAp2,0.14285714285714285,6,6,GGTGTTCAAATTGCCATTAT,0,1816259
hdeAp2,0.14285714285714285,6,6,GGTGGGGGTCCTAGGCCTGC,0,1812435
hdeAp2,0.14285714285714285,6,6,GGTGGGGGACTATTCAAGGA,0,1802113
hdeAp2,0.14285714285714285,6,6,GGTGATTGTAGAAGACACTA,0,1781424
hdeAp2,0.14285714285714285,6,6,GGTCTTCAACTATCTCGGAG,0,1799566
hdeAp2,0.14285714285714285,6,6,GGTCGTAAGCATCGAGGTCT,0,1794027
hdeAp2,0.14285714285714285,6,6,GGTCGAAACGGTTAAATAGG,0,1786386
hdeAp2,0.14285714285714285,6,6,GGTCACACCTCGGTTCTAAT,0,1774857
hdeAp2,0.14285714285714285,6,6,GGTCAAGCTCGGGTACCGAT,0,1790662
hdeAp2,0.14285714285714285,6,6,GGTAGTAATCTCGCACAGCC,0,1775200
hdeAp2,0.14285714285714285,6,6,GGTAGCGTGAACCACTCGGA,0,1827101
hdeAp2,0.14285714285714285,6,6,GGTAAACGTCTAGTGATCAA,0,1789589
hdeAp2,0.14285714285714285,6,6,GGGTTATGGTCAATCTCTTT,0,1783719
hdeAp2,0.14285714285714285,6,6,GGGTGGCCGGGAGTGCGAGT,0,1781523
hdeAp2,0.14285714285714285,6,6,GGGTCTCTCAGTCAGCACGG,0,1774755
hdeAp2,0.14285714285714285,6,6,GGGTCGTCAGGTTCTCACCT,0,1814597
hdeAp2,0.14285714285714285,6,6,GGGTATTATGGAGGTTCGCT,0,1803952
hdeAp2,0.14285714285714285,6,6,GGGGTAAGTCGCACTGGTCT,0,1807605
hdeAp2,0.14285714285714285,6,6,GGGGCTGGCGGTGGAGCGTA,0,1782983
hdeAp2,0.14285714285714285,6,6,GGGGATGTCGTAACGGAACT,0,1823228
hdeAp2,0.14285714285714285,6,6,GGGGAGCGATTGCTGGGCTC,0,1804948
hdeAp2,0.14285714285714285,6,6,GGGCGGATCTTACGCGACAT,0,1794110
hdeAp2,0.14285714285714285,6,6,GGGCCTCCGCTCTCTGAACG,0,1799803
hdeAp2,0.14285714285714285,6,6,GGGCCAGGGCGCAACTACCT,0,1810906
hdeAp2,0.14285714285714285,6,6,GGGCACAGTGTATCAGGGCA,0,1811774
hdeAp2,0.14285714285714285,6,6,GGGATCAATATTCTTCCATT,0,1809036
hdeAp2,0.14285714285714285,6,6,GGGATATCTAATTATGCGTC,0,1784593
hdeAp2,0.14285714285714285,6,6,GGGATAGGCCTTTTTAGTAA,0,1809739
hdeAp2,0.14285714285714285,6,6,GGGATAAGAACGTGGCCCCA,0,1786754
hdeAp2,0.14285714285714285,6,6,GGGACGTGACGGTTCCAAGT,0,1798701
hdeAp2,0.14285714285714285,6,6,GGGACGCAGCAGTGAAAGGC,0,1777535
hdeAp2,0.14285714285714285,6,6,GGGAATCGTTTGGGAGGGGC,0,1773446
hdeAp2,0.14285714285714285,6,6,GGCTTCTCGGCAGGGAGCCG,0,1798280
hdeAp2,0.14285714285714285,6,6,GGCTCTGTCCCCTCAATTGG,0,1774421
hdeAp2,0.14285714285714285,6,6,GGCTCGCCCATCCCAAGTTA,0,1806153
hdeAp2,0.14285714285714285,6,6,GGCTAGACCATTCGGCAGTT,0,1784358
hdeAp2,0.14285714285714285,6,6,GGCTACTATACTGGCAAGAC,0,1803969
hdeAp2,0.14285714285714285,6,6,GGCGTCGCACCCGAAAGACG,0,1778692
hdeAp2,0.14285714285714285,6,6,GGCGCGTCCGCGCATTGCAG,0,1787069
hdeAp2,0.14285714285714285,6,6,GGCGCATCTAACCTCTCCCA,0,1801249
hdeAp2,0.14285714285714285,6,6,GGCGAATGCGGTTACGCACT,0,1815825
hdeAp2,0.14285714285714285,6,6,GGCCATTAACGGGTGTTGCT,0,1815929
hdeAp2,0.14285714285714285,6,6,GGCCAGACTAGAGGCCACCA,0,1826143
hdeAp2,0.14285714285714285,6,6,GGCCACTTCATCCAGTATAC,0,1793998
hdeAp2,0.14285714285714285,6,6,GGCCACCCGCCGGCCTACTG,0,1795901
hdeAp2,0.14285714285714285,6,6,GGCATGATCTCCCGTCCGGT,0,1812670
hdeAp2,0.14285714285714285,6,6,GGCAGTGAAATTTTAAGCCG,0,1825417
hdeAp2,0.14285714285714285,6,6,GGCAGGTATTCGTCGCCTGC,0,1806533
hdeAp2,0.14285714285714285,6,6,GGCAGCTCACGACTCAGTGC,0,1812126
hdeAp2,0.14285714285714285,6,6,GGCAGCATCGTAAATAAAAG,0,1794082
hdeAp2,0.14285714285714285,6,6,GGATTGAAGTTTCGTGTAGT,0,1818357
hdeAp2,0.14285714285714285,6,6,GGATATAAATCATACGGCAG,0,1820501
hdeAp2,0.14285714285714285,6,6,GGATACACCTAAGCGGATTC,0,1791484
hdeAp2,0.14285714285714285,6,6,GGAGTAGAGCCTTTCACCCG,0,1795108
hdeAp2,0.14285714285714285,6,6,GGAGGACGTGCATGTTCGAG,0,1801796
hdeAp2,0.14285714285714285,6,6,GGAGCCAACAAGCAAGTCAA,0,1775870
hdeAp2,0.14285714285714285,6,6,GGAGAGTGCAGAGACCAGGT,0,1779690
hdeAp2,0.14285714285714285,6,6,GGACTCGCGGTCAGTATGGG,0,1815847
hdeAp2,0.14285714285714285,6,6,GGACTAGCACCGTCTTTTGT,0,1773132
hdeAp2,0.14285714285714285,6,6,GGACGCTCCTATTGTCCGTG,0,1773793
hdeAp2,0.14285714285714285,6,6,GGACGACGGACGATGTAACT,0,1776597
hdeAp2,0.14285714285714285,6,6,GGACCGCGTTGGATAGGCTC,0,1778598
hdeAp2,0.14285714285714285,6,6,GGACATTCTGAGGGTACCAA,0,1824133
hdeAp2,0.14285714285714285,6,6,GGACATACTGCAAGTATCCC,0,1775199
hdeAp2,0.14285714285714285,6,6,GGACAAGCTCTTAAATCCAA,0,1770984
hdeAp2,0.14285714285714285,6,6,GGAATTTCTCCGATTTGAAC,0,1825202
hdeAp2,0.14285714285714285,6,6,GGAATCTTCACGCTTCGAGG,0,1802280
hdeAp2,0.14285714285714285,6,6,GGAAGCAGTTGCTTCGAAAA,0,1771981
hdeAp2,0.14285714285714285,6,6,GGAAGCAAAGGTATATATTT,0,1796945
hdeAp2,0.14285714285714285,6,6,GGAACGGAATGGTCCATTTA,0,1799204
hdeAp2,0.14285714285714285,6,6,GCTTTGCCTACGCGAGCCAC,0,1816098
hdeAp2,0.14285714285714285,6,6,GCTTTAATGGCCGCCCACGT,0,1787720
hdeAp2,0.14285714285714285,6,6,GCTTCTCGAAATGGGATGGT,0,1790826
hdeAp2,0.14285714285714285,6,6,GCTTATGTTTGGACAACGGT,0,1802361
hdeAp2,0.14285714285714285,6,6,GCTGTCATGTCTAGTTTAGC,0,1800701
hdeAp2,0.14285714285714285,6,6,GCTGGTGCTGATGCGTTTAA,0,1803574
hdeAp2,0.14285714285714285,6,6,GCTGGTGAATAACAGCACGG,0,1778977
hdeAp2,0.14285714285714285,6,6,GCTGAACTGTGTAAGCTTGC,0,1826878
hdeAp2,0.14285714285714285,6,6,GCTCTACGATCGGCTTAGTT,0,1778222
hdeAp2,0.14285714285714285,6,6,GCTATGTCGATACTGGCAGG,0,1787586
hdeAp2,0.14285714285714285,6,6,GCTACTACAGATGGTCAGGC,0,1801687
hdeAp2,0.14285714285714285,6,6,GCTAAGACTTTGTAGCGATC,0,1801461
hdeAp2,0.14285714285714285,6,6,GCGTGGTGTACAAAATAATG,0,1819712
hdeAp2,0.14285714285714285,6,6,GCGTCCCAAGTGTCTTCGGT,0,1820067
hdeAp2,0.14285714285714285,6,6,GCGTAGAACATATACGTTGA,0,1794892
hdeAp2,0.14285714285714285,6,6,GCGGTAGGCCCGCTAGCTTC,0,1798571
hdeAp2,0.14285714285714285,6,6,GCGGTACCGCTCTAAAATTA,0,1812300
hdeAp2,0.14285714285714285,6,6,GCGGAGACTCCATCCGCGAG,0,1807185
hdeAp2,0.14285714285714285,6,6,GCGCCAAAATGGTTAGGCCG,0,1785983
hdeAp2,0.14285714285714285,6,6,GCGCAGCGGGAAGGATACAA,0,1821631
hdeAp2,0.14285714285714285,6,6,GCGATTGTCCATGGCGGCGG,0,1786814
hdeAp2,0.14285714285714285,6,6,GCGATGGCTAAGTATTTCAT,0,1821969
hdeAp2,0.14285714285714285,6,6,GCGAGGTCGGTGGCCGGGAC,0,1812318
hdeAp2,0.14285714285714285,6,6,GCGAGACAGGTGACGCACAC,0,1818952
hdeAp2,0.14285714285714285,6,6,GCGACCTCAGGCTGCCTGGC,0,1795238
hdeAp2,0.14285714285714285,6,6,GCGAATCATCCTCAAGAAAT,0,1776113
hdeAp2,0.14285714285714285,6,6,GCGAATAGGGCAGCGCGGCT,0,1818889
hdeAp2,0.14285714285714285,6,6,GCCTTCACCTCTGAGGTTCG,0,1776782
hdeAp2,0.14285714285714285,6,6,GCCTCGCTCAGGACTGCACT,0,1771072
hdeAp2,0.14285714285714285,6,6,GCCGGGGCGTCAAAGTTCTG,0,1780568
hdeAp2,0.14285714285714285,6,6,GCCGGATTCTTTTTCTTCCA,0,1793784
hdeAp2,0.14285714285714285,6,6,GCCGCCGGGAACGCGAGTCT,0,1784924
hdeAp2,0.14285714285714285,6,6,GCCGATGCTTAACATATAAA,0,1817052
hdeAp2,0.14285714285714285,6,6,GCCCTTTTCAGGAGGGGTCG,0,1797995
hdeAp2,0.14285714285714285,6,6,GCCCTGGAAATTATCCGCCA,0,1819944
hdeAp2,0.14285714285714285,6,6,GCCCGTTGTCGCCCTGTTCT,0,1802090
hdeAp2,0.14285714285714285,6,6,GCCCGAGATAATTAGAAACT,0,1771871
hdeAp2,0.14285714285714285,6,6,GCCCCGAGGCGACGGATAGA,0,1821158
hdeAp2,0.14285714285714285,6,6,GCCATTTTTACGTTGAGTCA,0,1823373
hdeAp2,0.14285714285714285,6,6,GCCAGTTTCAACAGCTCATT,0,1785190
hdeAp2,0.14285714285714285,6,6,GCCACGGTAGTAGATGTTTA,0,1823453
hdeAp2,0.14285714285714285,6,6,GCCAAGCTTCGCTGCCGTCA,0,1789155
hdeAp2,0.14285714285714285,6,6,GCATTTCCTTATAGAAGAAT,0,1793315
hdeAp2,0.14285714285714285,6,6,GCATGGTTACTGCATTGCTA,0,1784227
hdeAp2,0.14285714285714285,6,6,GCATCACGGAGTTTCGGGCA,0,1780324
hdeAp2,0.14285714285714285,6,6,GCATACCCAAGTAGACAGAG,0,1811630
hdeAp2,0.14285714285714285,6,6,GCAGTGCATCGGTTGATATG,0,1784825
hdeAp2,0.14285714285714285,6,6,GCAGCCGGACCGGATGATCT,0,1809104
hdeAp2,0.14285714285714285,6,6,GCAGACCGCCCATAGACAAA,0,1813174
hdeAp2,0.14285714285714285,6,6,GCACTGGGGCGGCTCGGACT,0,1799733
hdeAp2,0.14285714285714285,6,6,GCACGCTCGGATTCGGACAC,0,1811886
hdeAp2,0.14285714285714285,6,6,GCACGAGTGTCGCCCCGGTT,0,1790795
hdeAp2,0.14285714285714285,6,6,GCACCCTACAGAGCAATTAT,0,1783709
hdeAp2,0.14285714285714285,6,6,GCACAAAAGATGGGGTGACA,0,1792050
hdeAp2,0.14285714285714285,6,6,GCAATGGGGTCCACAAACCA,0,1824137
hdeAp2,0.14285714285714285,6,6,GCAATGAGTTGCACCACAAT,0,1812695
hdeAp2,0.14285714285714285,6,6,GATTTCTACACAGAACCCTG,0,1778933
hdeAp2,0.14285714285714285,6,6,GATTGCCGGTATAAGGTTAG,0,1814445
hdeAp2,0.14285714285714285,6,6,GATGTCAATACTTCCGACAT,0,1776608
hdeAp2,0.14285714285714285,6,6,GATGGCGATGGGACAGAATG,0,1826618
hdeAp2,0.14285714285714285,6,6,GATGACCGCCGTAATCAGGT,0,1798035
hdeAp2,0.14285714285714285,6,6,GATATCCACCCAGGCGCACC,0,1783754
hdeAp2,0.14285714285714285,6,6,GATAGCCATGCTTTGGCAAT,0,1812708
hdeAp2,0.14285714285714285,6,6,GATACGGACTAGATCTTGGA,0,1783425
hdeAp2,0.14285714285714285,6,6,GAGTTCAGGAAACATGACAG,0,1807938
hdeAp2,0.14285714285714285,6,6,GAGTGCGCCCCCATCAGACG,0,1812206
hdeAp2,0.14285714285714285,6,6,GAGTGAGATCGTGCCTCAGC,0,1776521
hdeAp2,0.14285714285714285,6,6,GAGTCAGTTATCGCGAGTGC,0,1804932
hdeAp2,0.14285714285714285,6,6,GAGGGTCTATGTTGCTGTAT,0,1799507
hdeAp2,0.14285714285714285,6,6,GAGGGGTTGTGAAATCTTGG,0,1784116
hdeAp2,0.14285714285714285,6,6,GAGGGGAAAATTGCGTCCTA,0,1778151
hdeAp2,0.14285714285714285,6,6,GAGGCTTAATTGTGCGGTAA,0,1814693
hdeAp2,0.14285714285714285,6,6,GAGCGAGGCACTGGGCACCT,0,1797207
hdeAp2,0.14285714285714285,6,6,GAGCACCAAGACCTAACCCC,0,1817512
hdeAp2,0.14285714285714285,6,6,GAGATTTTTTTACCGCGTCA,0,1825842
hdeAp2,0.14285714285714285,6,6,GAGAGACGCTATCGGTTTTA,0,1776451
hdeAp2,0.14285714285714285,6,6,GAGAAGATCTTATTTGGCGG,0,1822034
hdeAp2,0.14285714285714285,6,6,GACTTTAGCGTTTCAGGGTT,0,1795041
hdeAp2,0.14285714285714285,6,6,GACTAAAGGGGAGGTACTAA,0,1779356
hdeAp2,0.14285714285714285,6,6,GACTAAACAGTATGACAAGG,0,1816918
hdeAp2,0.14285714285714285,6,6,GACGTGACCCGAAGCCCATA,0,1772771
hdeAp2,0.14285714285714285,6,6,GACGTCTGCTGTAGGTCACT,0,1828015
hdeAp2,0.14285714285714285,6,6,GACGGACTACAGTTGGCCTG,0,1796396
hdeAp2,0.14285714285714285,6,6,GACGCTAAAACCGTAGACCG,0,1811424
hdeAp2,0.14285714285714285,6,6,GACGCGGCTAGAATAGATCT,0,1796005
hdeAp2,0.14285714285714285,6,6,GACGCCCCAATTCCTAGAGG,0,1784893
hdeAp2,0.14285714285714285,6,6,GACGAGGTTTAAGAGCGTTG,0,1787088
hdeAp2,0.14285714285714285,6,6,GACGACGTGATACGAGGGAT,0,1778574
hdeAp2,0.14285714285714285,6,6,GACCTATTCGTGGTGTACAT,0,1805182
hdeAp2,0.14285714285714285,6,6,GACCGTACTCATCAGCTCAC,0,1802466
hdeAp2,0.14285714285714285,6,6,GACCGCTCAAATCCTACCGT,0,1789157
hdeAp2,0.14285714285714285,6,6,GACCCGTGGGCTAAGTCGTA,0,1823574
hdeAp2,0.14285714285714285,6,6,GACCCCCCGCACTTGTTCTC,0,1773996
hdeAp2,0.14285714285714285,6,6,GACAGCCATGTTGACCGCGA,0,1809578
hdeAp2,0.14285714285714285,6,6,GACACGACGCTACTCCAACT,0,1813424
hdeAp2,0.14285714285714285,6,6,GACAACGCATGACGCAAAGC,0,1773953
hdeAp2,0.14285714285714285,6,6,GAATTGGTGGCGGATCTAGT,0,1799818
hdeAp2,0.14285714285714285,6,6,GAATGGTGCCCGTAGTGTAC,0,1783269
hdeAp2,0.14285714285714285,6,6,GAATGGCTCCATATTCAATA,0,1812355
hdeAp2,0.14285714285714285,6,6,GAATGCAAACACCGTGTTGT,0,1785764
hdeAp2,0.14285714285714285,6,6,GAATATTTCGATATGATAAG,0,1794107
hdeAp2,0.14285714285714285,6,6,GAATAGAACGATACAGGTTT,0,1821172
hdeAp2,0.14285714285714285,6,6,GAATAAAAATAGGGGGCCGC,0,1825546
hdeAp2,0.14285714285714285,6,6,GAAGGTGTAGTGCGCGCGGT,0,1812073
hdeAp2,0.14285714285714285,6,6,GAAGGGGATCATGAGGATAG,0,1808696
hdeAp2,0.14285714285714285,6,6,GAAGCTGATACTGTCTGAGT,0,1812027
hdeAp2,0.14285714285714285,6,6,GAAGAACTCTTAAGTCGGGA,0,1810345
hdeAp2,0.14285714285714285,6,6,GAACCTCAGCCCGAAAACGC,0,1800560
hdeAp2,0.14285714285714285,6,6,GAAAGTAGTGGGGTTTGAAG,0,1776566
hdeAp2,0.14285714285714285,6,6,GAAAGCCGAGATGCGCCCAG,0,1785627
hdeAp2,0.14285714285714285,6,6,GAAACGTTTAGGACTCGATG,0,1772296
hdeAp2,0.14285714285714285,6,6,GAAACGAACCTGCGAAACCA,0,1789652
hdeAp2,0.14285714285714285,6,6,CTTTTACTATTCCGTCCAAA,0,1808914
hdeAp2,0.14285714285714285,6,6,CTTTCTTGCTATAACGCTAA,0,1800861
hdeAp2,0.14285714285714285,6,6,CTTTCTTCTAGACCTTACAA,0,1803518
hdeAp2,0.14285714285714285,6,6,CTTTCTTAGTTAACCCAATG,0,1803577
hdeAp2,0.14285714285714285,6,6,CTTTATCAGGCTGGGCAAGG,0,1792155
hdeAp2,0.14285714285714285,6,6,CTTTAAAGATACTCGTTACC,0,1800742
hdeAp2,0.14285714285714285,6,6,CTTGGTATCAGTCAAGGTGG,0,1806710
hdeAp2,0.14285714285714285,6,6,CTTGCTCCTGATCGAACTAT,0,1777701
hdeAp2,0.14285714285714285,6,6,CTTGCCCGACATTGATTCAC,0,1823081
hdeAp2,0.14285714285714285,6,6,CTTGCATGGGACACTACCAT,0,1809181
hdeAp2,0.14285714285714285,6,6,CTTCTATTGCTGCGCGTGCT,0,1799344
hdeAp2,0.14285714285714285,6,6,CTTCCTGTCTTTGACCCTGC,0,1802689
hdeAp2,0.14285714285714285,6,6,CTTCCCTAACTGGTGCCGAA,0,1798254
hdeAp2,0.14285714285714285,6,6,CTTATTCGAGTTACGCTCAC,0,1828171
hdeAp2,0.14285714285714285,6,6,CTTATCAAGGGTGTGTCGTC,0,1786501
hdeAp2,0.14285714285714285,6,6,CTTAGCGTCGTACCGGTCTA,0,1802394
hdeAp2,0.14285714285714285,6,6,CTTAAGAGTCCATCTGTGGT,0,1788818
hdeAp2,0.14285714285714285,6,6,CTTAACTAAAGAACAGCTGT,0,1822271
hdeAp2,0.14285714285714285,6,6,CTTAACGCCGGCACACTGAC,0,1778614
hdeAp2,0.14285714285714285,6,6,CTGTTCTCGTCCAATTTTAC,0,1823471
hdeAp2,0.14285714285714285,6,6,CTGGATGCTAGTTTATATTT,0,1790831
hdeAp2,0.14285714285714285,6,6,CTGGATCCCCGTTTGGTATT,0,1798404
hdeAp2,0.14285714285714285,6,6,CTGGAGAAGCTATTATAGGG,0,1785847
hdeAp2,0.14285714285714285,6,6,CTGGACCCATGAGCCGGGTG,0,1821193
hdeAp2,0.14285714285714285,6,6,CTGGAAGTTTGCAAAGGTCT,0,1788050
hdeAp2,0.14285714285714285,6,6,CTGCCTCTTACATGGGGTTG,0,1771824
hdeAp2,0.14285714285714285,6,6,CTGCCCAGCCAGTCTGCCCG,0,1803360
hdeAp2,0.14285714285714285,6,6,CTGACTGCGTCAGGACGGTT,0,1790808
hdeAp2,0.14285714285714285,6,6,CTGACAAGCCCACGTCTAAA,0,1794767
hdeAp2,0.14285714285714285,6,6,CTCTTCGCTATCTTGCTACC,0,1822561
hdeAp2,0.14285714285714285,6,6,CTCGGCCGGGGATAGTCGGA,0,1807464
hdeAp2,0.14285714285714285,6,6,CTCGGAAAACGCTATGGTAC,0,1812418
hdeAp2,0.14285714285714285,6,6,CTCGATCCCCTTACATTCTG,0,1781224
hdeAp2,0.14285714285714285,6,6,CTCCGACCAAAGGTAGCCGG,0,1827826
hdeAp2,0.14285714285714285,6,6,CTCCCTTCGTAATGGTGTGA,0,1826513
hdeAp2,0.14285714285714285,6,6,CTCCCTGTCTATGCAGTTTC,0,1799801
hdeAp2,0.14285714285714285,6,6,CTCATTGTTGTTCGGACGAG,0,1779833
hdeAp2,0.14285714285714285,6,6,CTCATCGGCCCCTTAAATGT,0,1813032
hdeAp2,0.14285714285714285,6,6,CTATGTCTGCGAGTAATCTA,0,1788297
hdeAp2,0.14285714285714285,6,6,CTATCAACCTGCGTACTCAC,0,1800682
hdeAp2,0.14285714285714285,6,6,CTAGTACCGCTCTCCATGTA,0,1822920
hdeAp2,0.14285714285714285,6,6,CTAGGACTGAGTGGCTGCTC,0,1814524
hdeAp2,0.14285714285714285,6,6,CTACTTGTTAACTGGTTACT,0,1784288
hdeAp2,0.14285714285714285,6,6,CTACGACTTTTATGCATGGA,0,1824459
hdeAp2,0.14285714285714285,6,6,CTAATCCGCTAAACCAATGA,0,1787447
hdeAp2,0.14285714285714285,6,6,CTAAGTACGTTTCAGCATGT,0,1792779
hdeAp2,0.14285714285714285,6,6,CTAAATCTCAGCACTAACCG,0,1773886
hdeAp2,0.14285714285714285,6,6,CTAAAGAGATCTAGCAGGTT,0,1773444
hdeAp2,0.14285714285714285,6,6,CGTTTATTCTCTCCGTCTGT,0,1818374
hdeAp2,0.14285714285714285,6,6,CGTTCGCTTGTTCGCCCGTT,0,1771265
hdeAp2,0.14285714285714285,6,6,CGTTCCGACCATAAGCACTA,0,1811205
hdeAp2,0.14285714285714285,6,6,CGTTCCAGGTTTTCGACCGC,0,1823771
hdeAp2,0.14285714285714285,6,6,CGTTAGCGTTGAGCCCTGTA,0,1775474
hdeAp2,0.14285714285714285,6,6,CGTTACCCTCGTGAGTAGAC,0,1796206
hdeAp2,0.14285714285714285,6,6,CGTGTTATTTAAGTAGTTTC,0,1804679
hdeAp2,0.14285714285714285,6,6,CGTGCGCCGGATGACATCGG,0,1779392
hdeAp2,0.14285714285714285,6,6,CGTGAACTTTGGCCTAGAAG,0,1788876
hdeAp2,0.14285714285714285,6,6,CGTCGCAGATGTAGATTGCT,0,1779642
hdeAp2,0.14285714285714285,6,6,CGTCCCGTAGTGGTTACCAG,0,1788040
hdeAp2,0.14285714285714285,6,6,CGTCCCACTGCCCTGAAGGG,0,1826907
hdeAp2,0.14285714285714285,6,6,CGTCAGGGCGCGCCCGAACA,0,1773933
hdeAp2,0.14285714285714285,6,6,CGTCAACGCAGCAAGTTACA,0,1813360
hdeAp2,0.14285714285714285,6,6,CGTATTGCTATCGGGTGCAA,0,1807546
hdeAp2,0.14285714285714285,6,6,CGTAGGTTATGTAACTCTCA,0,1789162
hdeAp2,0.14285714285714285,6,6,CGTACGTGTTTTTTAGGAGA,0,1797336
hdeAp2,0.14285714285714285,6,6,CGTAATTTGCACGCGCCGCG,0,1786466
hdeAp2,0.14285714285714285,6,6,CGGTGGGGTCTTGGCTAGTA,0,1786031
hdeAp2,0.14285714285714285,6,6,CGGTCGCAATGTCGGCGTTT,0,1792695
hdeAp2,0.14285714285714285,6,6,CGGTAGGGGAGGTTACGACC,0,1780919
hdeAp2,0.14285714285714285,6,6,CGGTAGGCGATGATAGAAAA,0,1814546
hdeAp2,0.14285714285714285,6,6,CGGGTGGGCCGTAACTTGGA,0,1797113
hdeAp2,0.14285714285714285,6,6,CGGGTAGAAATATACGAGCG,0,1793838
hdeAp2,0.14285714285714285,6,6,CGGGGGTTTGATCAATCTGG,0,1775741
hdeAp2,0.14285714285714285,6,6,CGGGGCGCCGGCCCCGCGAA,0,1798448
hdeAp2,0.14285714285714285,6,6,CGGGGAGTCCGTGCCCAACT,0,1803276
hdeAp2,0.14285714285714285,6,6,CGGCTGACCTAGTTGGACTA,0,1808953
hdeAp2,0.14285714285714285,6,6,CGGCACTTAAGTGTAGGAAA,0,1786473
hdeAp2,0.14285714285714285,6,6,CGGATGCGCTGAGAATAAAA,0,1777721
hdeAp2,0.14285714285714285,6,6,CGGAAATAGACTCGACGAGG,0,1817617
hdeAp2,0.14285714285714285,6,6,CGCTTACTCGGTCCTTGACA,0,1817109
hdeAp2,0.14285714285714285,6,6,CGCTGTTTTCCTAGCAAGTC,0,1814603
hdeAp2,0.14285714285714285,6,6,CGCTCAGGTCTGCCACTACA,0,1780276
hdeAp2,0.14285714285714285,6,6,CGCGGGTATAATCTTTTGGT,0,1825227
hdeAp2,0.14285714285714285,6,6,CGCGCTGCATCATGAAGGTT,0,1808926
hdeAp2,0.14285714285714285,6,6,CGCCTTTGTGCGTGTTGTAG,0,1790805
hdeAp2,0.14285714285714285,6,6,CGCCTCAGGCTGAGTCCGCT,0,1810456
hdeAp2,0.14285714285714285,6,6,CGCCGCCCGTGTTGTGAAAC,0,1819399
hdeAp2,0.14285714285714285,6,6,CGCCCGGCAACATAGTCTAC,0,1775250
hdeAp2,0.14285714285714285,6,6,CGCCCCCTCCGACTGGTCTT,0,1783576
hdeAp2,0.14285714285714285,6,6,CGCATCGTTGCGATTTACTT,0,1793050
hdeAp2,0.14285714285714285,6,6,CGCATATGTACTCACCTGCT,0,1825326
hdeAp2,0.14285714285714285,6,6,CGCAGTCTCGCGCCCCGTTA,0,1809982
hdeAp2,0.14285714285714285,6,6,CGCAAGAGCTGGGACGTAGG,0,1800722
hdeAp2,0.14285714285714285,6,6,CGATGTAGGTCACCTCGAGA,0,1806033
hdeAp2,0.14285714285714285,6,6,CGATGGGGGTTACGGCAAAT,0,1771154
hdeAp2,0.14285714285714285,6,6,CGATAGATGACCCGGCTAGG,0,1796877
hdeAp2,0.14285714285714285,6,6,CGAGTTTCGCATCGTTTATT,0,1788527
hdeAp2,0.14285714285714285,6,6,CGAGTGGCTAGTTTGGCCTT,0,1793635
hdeAp2,0.14285714285714285,6,6,CGAGGTCCCCCCTTTTCGCG,0,1783305
hdeAp2,0.14285714285714285,6,6,CGAGGATCTCCGATATCACA,0,1822258
hdeAp2,0.14285714285714285,6,6,CGAGGAACGGATGGCCCTAT,0,1812683
hdeAp2,0.14285714285714285,6,6,CGAGCGTATTTAGTTTCTCA,0,1794031
hdeAp2,0.14285714285714285,6,6,CGACAGTCAAATGCGGGATA,0,1823874
hdeAp2,0.14285714285714285,6,6,CGACAAAACCGCATTCAGCC,0,1779534
hdeAp2,0.14285714285714285,6,6,CGAAGCACTAGCAAATATCG,0,1782889
hdeAp2,0.14285714285714285,6,6,CGAACAATTAGAACTATGGA,0,1807355
hdeAp2,0.14285714285714285,6,6,CGAAATCGGCTGAAGCGGAT,0,1807844
hdeAp2,0.14285714285714285,6,6,CGAAATCCCCTGCGTGTGGA,0,1795470
hdeAp2,0.14285714285714285,6,6,CGAAACGGCTTCGGCAACAA,0,1816621
hdeAp2,0.14285714285714285,6,6,CCTTTATACTATACCGCCAG,0,1815836
hdeAp2,0.14285714285714285,6,6,CCTTGTGGTAAAAGACTTTA,0,1805738
hdeAp2,0.14285714285714285,6,6,CCTTGGGGTGTCAAGTGATC,0,1784097
hdeAp2,0.14285714285714285,6,6,CCTTATAAATCAGCTGGCCA,0,1803559
hdeAp2,0.14285714285714285,6,6,CCTTACTGTTTAGACCGTAC,0,1786936
hdeAp2,0.14285714285714285,6,6,CCTTAATTATGGGCGGTTGG,0,1796068
hdeAp2,0.14285714285714285,6,6,CCTTAAAGGATCGACCGCAG,0,1806381
hdeAp2,0.14285714285714285,6,6,CCTGCTTTCAAGAGGGCAAT,0,1807827
hdeAp2,0.14285714285714285,6,6,CCTGAAGCGTCGTCTGCCAT,0,1820370
hdeAp2,0.14285714285714285,6,6,CCTCTGGCTACTAAATATAT,0,1791328
hdeAp2,0.14285714285714285,6,6,CCTCCTTCGCCAATACTATT,0,1790879
hdeAp2,0.14285714285714285,6,6,CCTCCCTTACACATACAACG,0,1802059
hdeAp2,0.14285714285714285,6,6,CCTCATTCGGAGTAGAATAT,0,1813550
hdeAp2,0.14285714285714285,6,6,CCTATTCGGAGACCGAGACC,0,1787479
hdeAp2,0.14285714285714285,6,6,CCGTTTCGCAAATGGGTTCT,0,1802864
hdeAp2,0.14285714285714285,6,6,CCGTGTACAGACCTTTATCG,0,1794425
hdeAp2,0.14285714285714285,6,6,CCGTGAGGGAACTTGCGGCA,0,1785179
hdeAp2,0.14285714285714285,6,6,CCGTATCTGCTGACGCGACA,0,1771797
hdeAp2,0.14285714285714285,6,6,CCGGTCGTACCTAAGTTGGG,0,1811869
hdeAp2,0.14285714285714285,6,6,CCGGTACATCCGTATAGGCA,0,1812252
hdeAp2,0.14285714285714285,6,6,CCGGCCTAAATTGGCGCATA,0,1800908
hdeAp2,0.14285714285714285,6,6,CCGGATGTATGCATGCATTT,0,1778384
hdeAp2,0.14285714285714285,6,6,CCGGAGGGAATCGAATTGAG,0,1773319
hdeAp2,0.14285714285714285,6,6,CCGGAACACGTATACCTCGG,0,1795218
hdeAp2,0.14285714285714285,6,6,CCGCCTGTATGGGGAGTACA,0,1776560
hdeAp2,0.14285714285714285,6,6,CCGCATACCAGCATAGTGGC,0,1777945
hdeAp2,0.14285714285714285,6,6,CCGATACGTGACACTTGCAT,0,1805737
hdeAp2,0.14285714285714285,6,6,CCGAGGAACGCCAGTACACA,0,1791812
hdeAp2,0.14285714285714285,6,6,CCCTGGGCCGCACTCCAGCA,0,1814754
hdeAp2,0.14285714285714285,6,6,CCCTGGCGGTTCATGGTAGA,0,1783985
hdeAp2,0.14285714285714285,6,6,CCCGTTTGCCCCAGTCTTAC,0,1810395
hdeAp2,0.14285714285714285,6,6,CCCGTCCCATTTGTAGATGG,0,1792664
hdeAp2,0.14285714285714285,6,6,CCCGTAGGTTTGAACTGACA,0,1814369
hdeAp2,0.14285714285714285,6,6,CCCGGGTCGGGGGCCAAGAC,0,1813947
hdeAp2,0.14285714285714285,6,6,CCCGGCAAAAGCATGTGCTC,0,1817616
hdeAp2,0.14285714285714285,6,6,CCCGAGTAAAGACTGGAGTA,0,1775763
hdeAp2,0.14285714285714285,6,6,CCCCTCGAACGGTAACTCTG,0,1803855
hdeAp2,0.14285714285714285,6,6,CCCCACGGGCATCTTCCGTC,0,1808617
hdeAp2,0.14285714285714285,6,6,CCCATTCTCATTGTCTGTGG,0,1773924
hdeAp2,0.14285714285714285,6,6,CCCATGATGGGTTCTGCACT,0,1825509
hdeAp2,0.14285714285714285,6,6,CCCAGTTGGGGTATGGCTTG,0,1813699
hdeAp2,0.14285714285714285,6,6,CCCAGTGGTCTGGAAAGGGC,0,1782291
hdeAp2,0.14285714285714285,6,6,CCCAGTGCCTTAGGGGTCAC,0,1807727
hdeAp2,0.14285714285714285,6,6,CCCAGTCTACAGGCAATTTA,0,1793687
hdeAp2,0.14285714285714285,6,6,CCCAGGTGAGGATTCGCATT,0,1808917
hdeAp2,0.14285714285714285,6,6,CCCACAACCGAGGCCGCAGT,0,1805328
hdeAp2,0.14285714285714285,6,6,CCCAACTTGTTCCAGCGCCT,0,1783923
hdeAp2,0.14285714285714285,6,6,CCATTTGCGAGGGGTTAGGA,0,1818891
hdeAp2,0.14285714285714285,6,6,CCATTACTGGCGTTTTGTTC,0,1804505
hdeAp2,0.14285714285714285,6,6,CCATCCCATGCCCCACGGAT,0,1784704
hdeAp2,0.14285714285714285,6,6,CCAGTGTTCTAGGTGGGCTG,0,1794937
hdeAp2,0.14285714285714285,6,6,CCAGGTGTACATTTAATGCC,0,1779418
hdeAp2,0.14285714285714285,6,6,CCAGGTCAGTAAGTATATCT,0,1806046
hdeAp2,0.14285714285714285,6,6,CCAGGGACTTATCATCGGAA,0,1776586
hdeAp2,0.14285714285714285,6,6,CCAGGCCCAAGGCGCGAAGC,0,1771491
hdeAp2,0.14285714285714285,6,6,CCAGCTAAAGTGTGAATCGA,0,1797133
hdeAp2,0.14285714285714285,6,6,CCAGCCCTCTTAAGGGATCT,0,1818331
hdeAp2,0.14285714285714285,6,6,CCACTGATGGTAAAATTGGC,0,1785456
hdeAp2,0.14285714285714285,6,6,CCACCCAAGTGGGAACTGTG,0,1781589
hdeAp2,0.14285714285714285,6,6,CCACAAGTTGCCACCGAAGA,0,1795839
hdeAp2,0.14285714285714285,6,6,CCAATTCTGAAGCCGAAGTT,0,1814715
hdeAp2,0.14285714285714285,6,6,CCAAGTTATTATCGAGGGAT,0,1822704
hdeAp2,0.14285714285714285,6,6,CCAACCACCCAATGTGACGT,0,1784483
hdeAp2,0.14285714285714285,6,6,CATTTTTTCCCTCGTGTTTG,0,1801616
hdeAp2,0.14285714285714285,6,6,CATTTGTGGCTGGCCTACAC,0,1784826
hdeAp2,0.14285714285714285,6,6,CATTTCGTATAAGTATTGGT,0,1815402
hdeAp2,0.14285714285714285,6,6,CATTCCGCTACCGTTTGGTA,0,1803183
hdeAp2,0.14285714285714285,6,6,CATTAGCTGGCGATCTGTAA,0,1815016
hdeAp2,0.14285714285714285,6,6,CATGTATTCCTCCCGTGATT,0,1787500
hdeAp2,0.14285714285714285,6,6,CATGCTACTCAGCAAGTACC,0,1794735
hdeAp2,0.14285714285714285,6,6,CATCTGGGTCGTCAAGAAGT,0,1783316
hdeAp2,0.14285714285714285,6,6,CATCCGCGACTTGCGGTGTC,0,1801157
hdeAp2,0.14285714285714285,6,6,CATCACTCGAGACAATGGAC,0,1791962
hdeAp2,0.14285714285714285,6,6,CATCAAAACGCGGACTGTTG,0,1807294
hdeAp2,0.14285714285714285,6,6,CATATTTGTCCTAGCGCGAA,0,1786724
hdeAp2,0.14285714285714285,6,6,CATAGTGAATTCCACAACAA,0,1805850
hdeAp2,0.14285714285714285,6,6,CATACAAAATACATTCGAAC,0,1787924
hdeAp2,0.14285714285714285,6,6,CATAAATGCTTTACTTCTTT,0,1823896
hdeAp2,0.14285714285714285,6,6,CATAAAGACTGGATCAGGAT,0,1803539
hdeAp2,0.14285714285714285,6,6,CAGTGCAGTAGTGGCTGGCG,0,1794000
hdeAp2,0.14285714285714285,6,6,CAGTCGGCTTATTGAGCCAA,0,1804082
hdeAp2,0.14285714285714285,6,6,CAGTACTGGCAATTGACTAT,0,1774661
hdeAp2,0.14285714285714285,6,6,CAGGGCCTGGAGAGGATTCA,0,1814235
hdeAp2,0.14285714285714285,6,6,CAGGGCCGCGGTATGTAATC,0,1803894
hdeAp2,0.14285714285714285,6,6,CAGGGAGAAGTACGGTTTAA,0,1777124
hdeAp2,0.14285714285714285,6,6,CAGGCTATTGGAGACGTCGT,0,1823450
hdeAp2,0.14285714285714285,6,6,CAGGCAAAGCACCACCAATT,0,1814846
hdeAp2,0.14285714285714285,6,6,CAGCGTACGCGCAATAAGCA,0,1820155
hdeAp2,0.14285714285714285,6,6,CAGCCTTAATGAGTTCCTGG,0,1795439
hdeAp2,0.14285714285714285,6,6,CAGCCGCTTCTTGAGAGGTG,0,1789088
hdeAp2,0.14285714285714285,6,6,CAGATCAGAATCATGAAAGA,0,1817314
hdeAp2,0.14285714285714285,6,6,CAGAGCTGAAGTACTGGGAC,0,1771629
hdeAp2,0.14285714285714285,6,6,CAGAGAAATCCTGCCTGACA,0,1823040
hdeAp2,0.14285714285714285,6,6,CAGAAGGGTTCATGGGATAT,0,1787530
hdeAp2,0.14285714285714285,6,6,CACTGCCAACGGGGTACGGA,0,1811831
hdeAp2,0.14285714285714285,6,6,CACTGCACGTCCTTCTACAA,0,1785958
hdeAp2,0.14285714285714285,6,6,CACGTCTGCGCCGTGATGTG,0,1797978
hdeAp2,0.14285714285714285,6,6,CACGCGCACGGACATCGATC,0,1778697
hdeAp2,0.14285714285714285,6,6,CACGCAGCATCGAGCATGGC,0,1805234
hdeAp2,0.14285714285714285,6,6,CACGATACCCGAGACTCGCT,0,1794664
hdeAp2,0.14285714285714285,6,6,CACGACCCACCACGTCAATA,0,1818006
hdeAp2,0.14285714285714285,6,6,CACAGTGGTATTGATGTGTG,0,1780766
hdeAp2,0.14285714285714285,6,6,CACAGGGCTATCTATGAGTA,0,1785669
hdeAp2,0.14285714285714285,6,6,CACAGCGGGTCGCTATGTGT,0,1794029
hdeAp2,0.14285714285714285,6,6,CACAGAATCGCGGCGACCTT,0,1796482
hdeAp2,0.14285714285714285,6,6,CACACGACGTGCACGAAAGG,0,1783117
hdeAp2,0.14285714285714285,6,6,CAATTGAGTAGTCCAGACCA,0,1817553
hdeAp2,0.14285714285714285,6,6,CAATTCATTAAATGTGGAGC,0,1776444
hdeAp2,0.14285714285714285,6,6,CAATGGACCAATAAATTGCG,0,1805517
hdeAp2,0.14285714285714285,6,6,CAATAAAGAAATCAAGACAT,0,1795460
hdeAp2,0.14285714285714285,6,6,CAAGCTAACCGCAGTTAAGG,0,1825242
hdeAp2,0.14285714285714285,6,6,CAAGAGTATCAATGACATCC,0,1786451
hdeAp2,0.14285714285714285,6,6,CAAGAGCCTTCTCGGATACG,0,1780106
hdeAp2,0.14285714285714285,6,6,CAACCCGCATGTGAGCAGTC,0,1790770
hdeAp2,0.14285714285714285,6,6,CAACCCCTGTTAGGCCAAAG,0,1825872
hdeAp2,0.14285714285714285,6,6,CAAAGACCAGGAGCCGTCTC,0,1786515
hdeAp2,0.14285714285714285,6,6,CAAACGGGAAAAATCAGTTG,0,1810633
hdeAp2,0.14285714285714285,6,6,CAAAATTCAAGGGAGGCTCA,0,1805539
hdeAp2,0.14285714285714285,6,6,ATTTTTTGACATGCTAGGAA,0,1775501
hdeAp2,0.14285714285714285,6,6,ATTTGTTAGCGTGCCTGAAA,0,1826128
hdeAp2,0.14285714285714285,6,6,ATTTGGTCTGGGCGAATAAA,0,1806818
hdeAp2,0.14285714285714285,6,6,ATTGTTGCGAGGTTCCCTGG,0,1810320
hdeAp2,0.14285714285714285,6,6,ATTGCGCAGAGATATAGTTC,0,1789855
hdeAp2,0.14285714285714285,6,6,ATTGAGAGGTCCGATAAACT,0,1790016
hdeAp2,0.14285714285714285,6,6,ATTCTTGCTTTTATGGATAA,0,1815788
hdeAp2,0.14285714285714285,6,6,ATTCGTAGTACTGCAGAGCA,0,1779125
hdeAp2,0.14285714285714285,6,6,ATTCGGACACCTAGGCTCCT,0,1806634
hdeAp2,0.14285714285714285,6,6,ATTCGCGGGAACTGGGCCAC,0,1778499
hdeAp2,0.14285714285714285,6,6,ATTCGCACTCTCGAACTATA,0,1787242
hdeAp2,0.14285714285714285,6,6,ATTCATTGGCGAAGCATTTG,0,1807835
hdeAp2,0.14285714285714285,6,6,ATTCAGCTATGGCCTGTCGG,0,1772290
hdeAp2,0.14285714285714285,6,6,ATTACGTTCTTGACGGGCCT,0,1780682
hdeAp2,0.14285714285714285,6,6,ATTACCTGGCCCCGCACCTA,0,1771753
hdeAp2,0.14285714285714285,6,6,ATTAAATAGTCCCTGTCGGC,0,1782958
hdeAp2,0.14285714285714285,6,6,ATGTTCCACCGGGGATGGTC,0,1815717
hdeAp2,0.14285714285714285,6,6,ATGTTAGCGCTATGTTTTAA,0,1780768
hdeAp2,0.14285714285714285,6,6,ATGTCATGCTCTCCGAGTGA,0,1808063
hdeAp2,0.14285714285714285,6,6,ATGTATGCGAAGATCAGAAC,0,1785313
hdeAp2,0.14285714285714285,6,6,ATGTATCAACCGTCTAACAT,0,1778387
hdeAp2,0.14285714285714285,6,6,ATGTAATTGGGCGTACGGAC,0,1783168
hdeAp2,0.14285714285714285,6,6,ATGGGAAAGAACACGCTGTA,0,1807460
hdeAp2,0.14285714285714285,6,6,ATGGCAGGCATACGCCGGGG,0,1814723
hdeAp2,0.14285714285714285,6,6,ATGCTAGTTAGACCCCTCTA,0,1825263
hdeAp2,0.14285714285714285,6,6,ATGCTACCTAAGCCAACATA,0,1827246
hdeAp2,0.14285714285714285,6,6,ATGCCTTTTATCAACCTGCT,0,1809032
hdeAp2,0.14285714285714285,6,6,ATGCCGGTGTCATGGTTGGC,0,1805239
hdeAp2,0.14285714285714285,6,6,ATGAGTGGGCCTTCCGGGTA,0,1817050
hdeAp2,0.14285714285714285,6,6,ATGAGGCTTATTCGAGTGAC,0,1812191
hdeAp2,0.14285714285714285,6,6,ATGAGGCCTGATATTCGGTG,0,1811968
hdeAp2,0.14285714285714285,6,6,ATGACCATTACTACGTGTGA,0,1815795
hdeAp2,0.14285714285714285,6,6,ATCTGTCAAATCCTGGCGTC,0,1816208
hdeAp2,0.14285714285714285,6,6,ATCTGGCGGCCGATGAGATA,0,1813661
hdeAp2,0.14285714285714285,6,6,ATCTCTCTCGACCACCAATG,0,1785775
hdeAp2,0.14285714285714285,6,6,ATCTAGCGTTCCGAAACACA,0,1786417
hdeAp2,0.14285714285714285,6,6,ATCGTGCTCGGGAGGTATCA,0,1792604
hdeAp2,0.14285714285714285,6,6,ATCGTCTCTCAGCCATAGGC,0,1783899
hdeAp2,0.14285714285714285,6,6,ATCGGGAACTTGCAGTAGGA,0,1818564
hdeAp2,0.14285714285714285,6,6,ATCGGCTAAGCCTATTCAAA,0,1802825
hdeAp2,0.14285714285714285,6,6,ATCGGCGGGAGATCGCGGTG,0,1774058
hdeAp2,0.14285714285714285,6,6,ATCGCCACGTTGACAACCCG,0,1822148
hdeAp2,0.14285714285714285,6,6,ATCCTATTGTTGGACTCTAC,0,1795656
hdeAp2,0.14285714285714285,6,6,ATCCTACACGTGATCCAGAT,0,1797873
hdeAp2,0.14285714285714285,6,6,ATCCTACACCACCTTGAGAC,0,1811265
hdeAp2,0.14285714285714285,6,6,ATCCGTTAGGCCTTTCCCGG,0,1775511
hdeAp2,0.14285714285714285,6,6,ATCCGTGTGGCATCAGATCA,0,1802629
hdeAp2,0.14285714285714285,6,6,ATCCATCAACTGGCCTCTGT,0,1788624
hdeAp2,0.14285714285714285,6,6,ATCATTTGCAGCAGAATGCT,0,1812870
hdeAp2,0.14285714285714285,6,6,ATCATTGACGCGTACTCACA,0,1816978
hdeAp2,0.14285714285714285,6,6,ATCATTATGGACTAGGCAAG,0,1787565
hdeAp2,0.14285714285714285,6,6,ATCAGAATCATATATCACGT,0,1800594
hdeAp2,0.14285714285714285,6,6,ATCACTGACGATGCCCGCGC,0,1791973
hdeAp2,0.14285714285714285,6,6,ATCACAAGACACGTGCGGCT,0,1796006
hdeAp2,0.14285714285714285,6,6,ATCAATAGGTGCTTACGTAA,0,1827535
hdeAp2,0.14285714285714285,6,6,ATATTGTCGGAGTGTGGCGC,0,1825929
hdeAp2,0.14285714285714285,6,6,ATATTGATTGTCTGTTCCAA,0,1792276
hdeAp2,0.14285714285714285,6,6,ATATCGCTTACAGGAAACAG,0,1779184
hdeAp2,0.14285714285714285,6,6,ATATATGAGGGAACATCAGA,0,1787649
hdeAp2,0.14285714285714285,6,6,ATAGTGCTTATTTCCTAGGG,0,1801528
hdeAp2,0.14285714285714285,6,6,ATAGGCTCTTGACAGTACTT,0,1811273
hdeAp2,0.14285714285714285,6,6,ATAGGAATGGCAGGGTTTGT,0,1785359
hdeAp2,0.14285714285714285,6,6,ATAGCCCTCATGTGATTAAC,0,1771754
hdeAp2,0.14285714285714285,6,6,ATAGAGTACGGCATCTACCT,0,1775543
hdeAp2,0.14285714285714285,6,6,ATAGAACAACAAAAGTAGTA,0,1797928
hdeAp2,0.14285714285714285,6,6,ATACTCATGAACATGCCTTC,0,1809258
hdeAp2,0.14285714285714285,6,6,ATACAACACGTCGGGGTGAA,0,1824019
hdeAp2,0.14285714285714285,6,6,ATAATTGCGGGAAACTCCTT,0,1800764
hdeAp2,0.14285714285714285,6,6,ATAATATGGACTAAATGTCT,0,1809001
hdeAp2,0.14285714285714285,6,6,ATAACTTCAGTTTCGCCGTT,0,1821591
hdeAp2,0.14285714285714285,6,6,ATAACACAAAAGTAGATAAG,0,1814401
hdeAp2,0.14285714285714285,6,6,AGTTTTACTGGCGTCAGCGA,0,1796819
hdeAp2,0.14285714285714285,6,6,AGTTTCAGTTAAGAAAGTTA,0,1787962
hdeAp2,0.14285714285714285,6,6,AGTTAAGCGTCATCACTTGG,0,1806822
hdeAp2,0.14285714285714285,6,6,AGTGGTATTTGAACGTGGAT,0,1811699
hdeAp2,0.14285714285714285,6,6,AGTGGGACCAAGTCGGTGTG,0,1794654
hdeAp2,0.14285714285714285,6,6,AGTGATTTGTCGCCGCTAAA,0,1818306
hdeAp2,0.14285714285714285,6,6,AGTCGCCTTTATCCTGTCAC,0,1819690
hdeAp2,0.14285714285714285,6,6,AGTCGAACGAGCCGGGGGGG,0,1774678
hdeAp2,0.14285714285714285,6,6,AGTCCTGATGACGCTTACGT,0,1824228
hdeAp2,0.14285714285714285,6,6,AGTCAATAGATAGCTTGTAT,0,1811954
hdeAp2,0.14285714285714285,6,6,AGTAGGAGTATAGTAACACA,0,1803976
hdeAp2,0.14285714285714285,6,6,AGTACCGCGAAGCGGCCAGG,0,1799171
hdeAp2,0.14285714285714285,6,6,AGGTTTCTCGGGTTGATGGG,0,1812876
hdeAp2,0.14285714285714285,6,6,AGGTTAAAAGACTCAGCTAT,0,1803617
hdeAp2,0.14285714285714285,6,6,AGGTGGCGTGCTCCACCCGA,0,1821183
hdeAp2,0.14285714285714285,6,6,AGGTCCTAGGATGGATAGGC,0,1806711
hdeAp2,0.14285714285714285,6,6,AGGGTGCTCGATCTGCCACT,0,1815009
hdeAp2,0.14285714285714285,6,6,AGGGTGCAGGTATAGGCAGC,0,1802697
hdeAp2,0.14285714285714285,6,6,AGGGGTTTCCGTACGTTCGG,0,1811629
hdeAp2,0.14285714285714285,6,6,AGGGGTGATCGCCGTACTAC,0,1772892
hdeAp2,0.14285714285714285,6,6,AGGGCATGTGGGGGGAATCA,0,1784153
hdeAp2,0.14285714285714285,6,6,AGGGATTTGGCCCGCCTGGC,0,1794109
hdeAp2,0.14285714285714285,6,6,AGGGACGGGAATGCGTTCGG,0,1801833
hdeAp2,0.14285714285714285,6,6,AGGCGCCACGGATAGATAGC,0,1806792
hdeAp2,0.14285714285714285,6,6,AGGCCTTGAACAAGCAGACT,0,1814025
hdeAp2,0.14285714285714285,6,6,AGGCCTCAAATGCCGTGGTT,0,1809011
hdeAp2,0.14285714285714285,6,6,AGGCCGTAGGCCGATACAGT,0,1827730
hdeAp2,0.14285714285714285,6,6,AGGCCAGAATCTGCTATCGT,0,1792844
hdeAp2,0.14285714285714285,6,6,AGGCATTATATATCCGATTA,0,1792659
hdeAp2,0.14285714285714285,6,6,AGGCACAGGGTCAAATAGTA,0,1827198
hdeAp2,0.14285714285714285,6,6,AGGATGGCCTTGTTAGACGT,0,1818862
hdeAp2,0.14285714285714285,6,6,AGGATAACGCCATGCGGAGA,0,1803156
hdeAp2,0.14285714285714285,6,6,AGGACCCGAGTCGAAAAAGT,0,1776231
hdeAp2,0.14285714285714285,6,6,AGGAACAGCGTTAACTCGTG,0,1806395
hdeAp2,0.14285714285714285,6,6,AGCTGACTCAAATCAGAACA,0,1783492
hdeAp2,0.14285714285714285,6,6,AGCTCGAGATTGTGAAGCTT,0,1795033
hdeAp2,0.14285714285714285,6,6,AGCTCAATGCTCTGGCCTCA,0,1783299
hdeAp2,0.14285714285714285,6,6,AGCTATTAAGATACGAAGGA,0,1780704
hdeAp2,0.14285714285714285,6,6,AGCTATCAAAACCCATACGG,0,1818222
hdeAp2,0.14285714285714285,6,6,AGCGTGGCCCGGACGCCTAC,0,1817420
hdeAp2,0.14285714285714285,6,6,AGCGTGACTTTCAAGCATTG,0,1818108
hdeAp2,0.14285714285714285,6,6,AGCGGGGGCAAGGACATCAT,0,1814879
hdeAp2,0.14285714285714285,6,6,AGCCCTAGTCGTGTCCGTCA,0,1777760
hdeAp2,0.14285714285714285,6,6,AGCCATTCCTGCTCTCCGAG,0,1793194
hdeAp2,0.14285714285714285,6,6,AGCAGAGTGCGTTGTGGCGG,0,1785177
hdeAp2,0.14285714285714285,6,6,AGATTGTAGCTCGTCTTCTA,0,1801367
hdeAp2,0.14285714285714285,6,6,AGATTGGCTGAGCAGAAGCC,0,1799174
hdeAp2,0.14285714285714285,6,6,AGATGTGCGTGTTACATGTA,0,1806066
hdeAp2,0.14285714285714285,6,6,AGATCCTTGCATTTATGTTC,0,1785123
hdeAp2,0.14285714285714285,6,6,AGAGGCGGGGTCCCGAATGA,0,1789452
hdeAp2,0.14285714285714285,6,6,AGAGATCATAACGTTACGGA,0,1785199
hdeAp2,0.14285714285714285,6,6,AGACCTGCGAGGGCGCCCTA,0,1776194
hdeAp2,0.14285714285714285,6,6,AGACCCTACTCCGAAAGAAC,0,1813765
hdeAp2,0.14285714285714285,6,6,AGACCCGCACGTTCGGAAAC,0,1790272
hdeAp2,0.14285714285714285,6,6,AGACAGACCCACCTGAGTAG,0,1792141
hdeAp2,0.14285714285714285,6,6,AGACAAGCCATACGTGGTAT,0,1776161
hdeAp2,0.14285714285714285,6,6,AGAATGACGTAGGACTGCGG,0,1799882
hdeAp2,0.14285714285714285,6,6,AGAATCAGGGATTTGTTAAG,0,1791419
hdeAp2,0.14285714285714285,6,6,AGAATAATGTTTCGGGACGT,0,1774279
hdeAp2,0.14285714285714285,6,6,AGAAGTTATACGGAGTGAAA,0,1792642
hdeAp2,0.14285714285714285,6,6,AGAAGCAGTCCGACTGGGGC,0,1823274
hdeAp2,0.14285714285714285,6,6,ACTTTACGTGATAAGTTGTA,0,1826589
hdeAp2,0.14285714285714285,6,6,ACTTGGTATCAGTGGCTTGA,0,1825492
hdeAp2,0.14285714285714285,6,6,ACTGTCCACGATGTAGTGCG,0,1797412
hdeAp2,0.14285714285714285,6,6,ACTGGTGCCTTGCGTTCATA,0,1790979
hdeAp2,0.14285714285714285,6,6,ACTCGTGCACGAGCGGCAGG,0,1788445
hdeAp2,0.14285714285714285,6,6,ACTATTACTCGGAGGATTTG,0,1815920
hdeAp2,0.14285714285714285,6,6,ACTATAAGCCGTCGCGGTAC,0,1777545
hdeAp2,0.14285714285714285,6,6,ACTAGAATGCCCCGACGATT,0,1781873
hdeAp2,0.14285714285714285,6,6,ACTACCCGAAGATTCTTTTG,0,1799986
hdeAp2,0.14285714285714285,6,6,ACTACACCCGATAGATTCCT,0,1821718
hdeAp2,0.14285714285714285,6,6,ACTAAAGTTTAACCTGATGG,0,1823376
hdeAp2,0.14285714285714285,6,6,ACGTTAGTGCCGTGTGTTGT,0,1783795
hdeAp2,0.14285714285714285,6,6,ACGTGGATACACGGCTTCGT,0,1793700
hdeAp2,0.14285714285714285,6,6,ACGGTCTTCACGTTGGCGAT,0,1815152
hdeAp2,0.14285714285714285,6,6,ACGGGCGCGCTGTCTGGGCA,0,1776852
hdeAp2,0.14285714285714285,6,6,ACGGGATATTGAAAACTGCT,0,1796960
hdeAp2,0.14285714285714285,6,6,ACGGCATGTTTATCTTAATA,0,1772998
hdeAp2,0.14285714285714285,6,6,ACGGATCACAAAATAAAGGA,0,1777426
hdeAp2,0.14285714285714285,6,6,ACGCTTTGAGATTACCTCAG,0,1791341
hdeAp2,0.14285714285714285,6,6,ACGCTTTCATGGACAGGAGG,0,1808318
hdeAp2,0.14285714285714285,6,6,ACGCATTGGTGAAGGCCACT,0,1809126
hdeAp2,0.14285714285714285,6,6,ACGACCCGCCTCATACACTA,0,1825805
hdeAp2,0.14285714285714285,6,6,ACGAAGAGGGTTTCGTAGAC,0,1824526
hdeAp2,0.14285714285714285,6,6,ACCTGTACAGTGTGACTGTC,0,1798731
hdeAp2,0.14285714285714285,6,6,ACCTACGATGTCAACGGCCG,0,1778038
hdeAp2,0.14285714285714285,6,6,ACCGTCTTGGATGCAGACGT,0,1820928
hdeAp2,0.14285714285714285,6,6,ACCCTACCCGAACCAGTCCA,0,1818111
hdeAp2,0.14285714285714285,6,6,ACCAAATGAGGGGGAGCGAT,0,1801582
hdeAp2,0.14285714285714285,6,6,ACATTTGTTGACCACCTAGT,0,1799523
hdeAp2,0.14285714285714285,6,6,ACATAGCAGCCTTGACGCCA,0,1793691
hdeAp2,0.14285714285714285,6,6,ACAGTTACGGCCACGGTTCG,0,1785732
hdeAp2,0.14285714285714285,6,6,ACAGTTACCTTCCGTATGTA,0,1795175
hdeAp2,0.14285714285714285,6,6,ACAGTTAAATCCCGGATCAC,0,1808031
hdeAp2,0.14285714285714285,6,6,ACAGGCAGAGTCACCGTCAG,0,1824669
hdeAp2,0.14285714285714285,6,6,ACAGCCATCTACATGTGGTT,0,1772972
hdeAp2,0.14285714285714285,6,6,ACAGCACGCGGTTCCGGGAA,0,1823606
hdeAp2,0.14285714285714285,6,6,ACAGAGTAAGATGTTTTGTG,0,1812680
hdeAp2,0.14285714285714285,6,6,ACAGACTAATTCCTTTCGAC,0,1783270
hdeAp2,0.14285714285714285,6,6,ACAGAAGGTCGTCTCAGGCT,0,1816432
hdeAp2,0.14285714285714285,6,6,ACACTCACCGGTAACTCAAC,0,1786766
hdeAp2,0.14285714285714285,6,6,ACACTAGGCGCCTACGGTGG,0,1795769
hdeAp2,0.14285714285714285,6,6,ACACGGCGATGACGTCGTGT,0,1821616
hdeAp2,0.14285714285714285,6,6,ACACCTAGGCTATCTAATTA,0,1809755
hdeAp2,0.14285714285714285,6,6,ACACCGGAAGTAGGCCTGGA,0,1796977
hdeAp2,0.14285714285714285,6,6,ACACACGATGAACCCGCTCT,0,1819143
hdeAp2,0.14285714285714285,6,6,ACAATCATCCAAGGTGTTAT,0,1809993
hdeAp2,0.14285714285714285,6,6,ACAAGACGCTCATCGATGAG,0,1776364
hdeAp2,0.14285714285714285,6,6,ACAACTCGATGCAATCCAGT,0,1780016
hdeAp2,0.14285714285714285,6,6,AATTGCTAAACCACTTCCGT,0,1784687
hdeAp2,0.14285714285714285,6,6,AATTGATGTTATTTGGGTGA,0,1816473
hdeAp2,0.14285714285714285,6,6,AATTCTTTTACTAAGAATAG,0,1782829
hdeAp2,0.14285714285714285,6,6,AATGTGCTCACGCTGACGAC,0,1794080
hdeAp2,0.14285714285714285,6,6,AATGCGTCCGGAGGTCCCTC,0,1826561
hdeAp2,0.14285714285714285,6,6,AATGCGCTGAACTCAGAAGT,0,1792976
hdeAp2,0.14285714285714285,6,6,AATCGTACTGGGAAATCGGT,0,1773375
hdeAp2,0.14285714285714285,6,6,AATCCGTCCATCTATCCCAT,0,1809885
hdeAp2,0.14285714285714285,6,6,AATCAGATTGTTGGTCGGGG,0,1804588
hdeAp2,0.14285714285714285,6,6,AATATCTAATAACCTGTAAC,0,1771298
hdeAp2,0.14285714285714285,6,6,AATACCCGTAGCGTAGGCGG,0,1777109
hdeAp2,0.14285714285714285,6,6,AAGTTATCCCTGTCAGGTAA,0,1811860
hdeAp2,0.14285714285714285,6,6,AAGTGTCCCGGACCTTTACC,0,1803744
hdeAp2,0.14285714285714285,6,6,AAGTGCGTAACCGGCAGTGG,0,1775374
hdeAp2,0.14285714285714285,6,6,AAGTGCACCCCTCGTGTATA,0,1771213
hdeAp2,0.14285714285714285,6,6,AAGTACTTGTCAGACCAAGG,0,1795798
hdeAp2,0.14285714285714285,6,6,AAGTAATCCCCAGAGACTGG,0,1801998
hdeAp2,0.14285714285714285,6,6,AAGGTGTTATATTGACAGTC,0,1788425
hdeAp2,0.14285714285714285,6,6,AAGGGGAAAAGAGATAAGAA,0,1820004
hdeAp2,0.14285714285714285,6,6,AAGGGCCTCGATCTCAATAA,0,1803676
hdeAp2,0.14285714285714285,6,6,AAGGCGAATTAATGCCAGTA,0,1827767
hdeAp2,0.14285714285714285,6,6,AAGCTTCTTTGACTGTCGTG,0,1789687
hdeAp2,0.14285714285714285,6,6,AAGCGGGGTTCCCCTGAAGT,0,1812448
hdeAp2,0.14285714285714285,6,6,AAGCCGGTCAGCCGACCCCC,0,1772926
hdeAp2,0.14285714285714285,6,6,AAGCCAGGTTCGGGTTGAAA,0,1824969
hdeAp2,0.14285714285714285,6,6,AAGCAAGGTCGATTTGATTT,0,1794772
hdeAp2,0.14285714285714285,6,6,AAGCAAAGTTGAACTGTGTC,0,1811452
hdeAp2,0.14285714285714285,6,6,AAGATGCCCCCCGGTCACAG,0,1801831
hdeAp2,0.14285714285714285,6,6,AAGAAGGTTAATTCACGTCT,0,1777644
hdeAp2,0.14285714285714285,6,6,AACTTCGTCGTGACTCCTTT,0,1790588
hdeAp2,0.14285714285714285,6,6,AACTGACGGGTCCATATTCT,0,1817419
hdeAp2,0.14285714285714285,6,6,AACTAATTTAGTAGTACTCG,0,1772092
hdeAp2,0.14285714285714285,6,6,AACGTCATACCCATATCCAA,0,1798608
hdeAp2,0.14285714285714285,6,6,AACGTAACGTTATCTCCCCA,0,1819513
hdeAp2,0.14285714285714285,6,6,AACGGCTGCTGCCATCGCTC,0,1780419
hdeAp2,0.14285714285714285,6,6,AACGCGTGTGTGATGCAAGC,0,1799932
hdeAp2,0.14285714285714285,6,6,AACGAGATCCGATCCCCACC,0,1815196
hdeAp2,0.14285714285714285,6,6,AACCCTTGAATGATGTTCAG,0,1788004
hdeAp2,0.14285714285714285,6,6,AACCATTGGTTCAGGTGTAT,0,1815467
hdeAp2,0.14285714285714285,6,6,AACAGGCGCCTAGAACAGAG,0,1793140
hdeAp2,0.14285714285714285,6,6,AACACTGCAGGCGTCGGATC,0,1777537
hdeAp2,0.14285714285714285,6,6,AACAATATAGTAGTCAGTAA,0,1811189
hdeAp2,0.14285714285714285,6,6,AAATTCTGGATCTTCTACGG,0,1798663
hdeAp2,0.14285714285714285,6,6,AAATTAGCAATCGGAAACGT,0,1822343
hdeAp2,0.14285714285714285,6,6,AAATGCTACGATGCGAAGTT,0,1776570
hdeAp2,0.14285714285714285,6,6,AAATCCACACGAGGTGTGGG,0,1795005
hdeAp2,0.14285714285714285,6,6,AAATAGTACGGGTCGCCTTT,0,1771872
hdeAp2,0.14285714285714285,6,6,AAATACCGTCGGAATGAATG,0,1798868
hdeAp2,0.14285714285714285,6,6,AAAGAGGGAAAAATGGTGCG,0,1783225
hdeAp2,0.14285714285714285,6,6,AAAGAACCTCTCGACCGTCT,0,1822359
hdeAp2,0.14285714285714285,6,6,AAAGAACCTCAAGTGTGAAG,0,1785526
hdeAp2,0.14285714285714285,6,6,AAACGTGCACATCGAGTTAT,0,1788959
hdeAp2,0.14285714285714285,6,6,AAACGACTGGCAACATTGTT,0,1787327
hdeAp2,0.14285714285714285,6,6,AAACCTATGTCGTCAGCTTG,0,1786741
hdeAp2,0.14285714285714285,6,6,AAAATGCACAAGGTGCTTAT,0,1795251
hdeAp2,0.14285714285714285,6,6,AAAATACCCCCGTACGATTT,0,1776018
hdeAp2,0.14285714285714285,6,6,AAAAGAATTGTTCATAATAC,0,1787716
hdeAp2,0.14285714285714285,6,6,AAAACGCTCTAGGCCCTACT,0,1798051
hdeAp2,0.14285714285714285,6,6,AAAACGCAACGCGGTATTTA,0,1776446
hdeAp2,0.16666666666666666,5,5,TTTTGTGCCCAGGTAAATGC,0,1790307
hdeAp2,0.16666666666666666,5,5,TTTTGAACCGGCTTCCAAGG,0,1815940
hdeAp2,0.16666666666666666,5,5,TTTTATTGGGCGCACCGAGG,0,1808231
hdeAp2,0.16666666666666666,5,5,TTTGTTTGGGATAGGACGCA,0,1776929
hdeAp2,0.16666666666666666,5,5,TTTGTCGGATCAGCGTGCGC,0,1805412
hdeAp2,0.16666666666666666,5,5,TTTGTCCGCAAATAACCTGA,0,1806044
hdeAp2,0.16666666666666666,5,5,TTTGTCCGATCTAATCCCTC,0,1777858
hdeAp2,0.16666666666666666,5,5,TTTGGGACCCGAGAACAGTT,0,1799984
hdeAp2,0.16666666666666666,5,5,TTTGCCAAGAACCCACAACG,0,1778957
hdeAp2,0.16666666666666666,5,5,TTTGACTGGCGGCGTACACT,0,1796201
hdeAp2,0.16666666666666666,5,5,TTTCCTCTTCTTATTGGAAT,0,1788663
hdeAp2,0.16666666666666666,5,5,TTTCCGCGGTATCAAGGAAC,0,1791121
hdeAp2,0.16666666666666666,5,5,TTTCCAATTATTTCGCTAAG,0,1824129
hdeAp2,0.16666666666666666,5,5,TTTATTGGCCCGCTTATGGA,0,1818635
hdeAp2,0.16666666666666666,5,5,TTTATTCAGCCCGAGGGCAC,0,1824239
hdeAp2,0.16666666666666666,5,5,TTTATCCAACGTTCGCACGT,0,1798241
hdeAp2,0.16666666666666666,5,5,TTTAGTGGGTCCAAGCAGAT,0,1802112
hdeAp2,0.16666666666666666,5,5,TTTAGAGGCGTCAAATCCCC,0,1797506
hdeAp2,0.16666666666666666,5,5,TTTACAAATTCTCCGCACCC,0,1821729
hdeAp2,0.16666666666666666,5,5,TTTAACGACGGAAAACTCAT,0,1789440
hdeAp2,0.16666666666666666,5,5,TTGTGAACTACCAGAATCCC,0,1798209
hdeAp2,0.16666666666666666,5,5,TTGTCCTTACACGTCAGTTT,0,1810263
hdeAp2,0.16666666666666666,5,5,TTGTAATCCAGGGGATCCCA,0,1821636
hdeAp2,0.16666666666666666,5,5,TTGGTTGGCTAGTTCCTTCA,0,1784468
hdeAp2,0.16666666666666666,5,5,TTGGTCCTAGTGTCGGACTC,0,1785392
hdeAp2,0.16666666666666666,5,5,TTGGGTGTCCTCCACTCCAC,0,1782187
hdeAp2,0.16666666666666666,5,5,TTGGGAACGGAGCACGCGTG,0,1799331
hdeAp2,0.16666666666666666,5,5,TTGCTCGCGGATTATACGCA,0,1821310
hdeAp2,0.16666666666666666,5,5,TTGCTAGCCCACCTTTTAAA,0,1820190
hdeAp2,0.16666666666666666,5,5,TTGCGCTTGTTAAAATTTTC,0,1813638
hdeAp2,0.16666666666666666,5,5,TTGCGCGTGCACTAATAAAC,0,1801722
hdeAp2,0.16666666666666666,5,5,TTGCCCCTTGGCCAATCCGT,0,1813107
hdeAp2,0.16666666666666666,5,5,TTGATTCCGAGAACTACGTC,0,1827295
hdeAp2,0.16666666666666666,5,5,TTGAGAATCGATAGACCAGT,0,1809222
hdeAp2,0.16666666666666666,5,5,TTGACTAGCCCAAGCCCTTC,0,1772921
hdeAp2,0.16666666666666666,5,5,TTGAATGAGCGAAGTTCTTA,0,1782156
hdeAp2,0.16666666666666666,5,5,TTGAACCAAAGACAATGCCA,0,1809134
hdeAp2,0.16666666666666666,5,5,TTCTTCGGACGCACTTATTC,0,1804651
hdeAp2,0.16666666666666666,5,5,TTCTTACGGCATGTCGTGCT,0,1773975
hdeAp2,0.16666666666666666,5,5,TTCTGTCTTGGGTTCCTCCT,0,1787783
hdeAp2,0.16666666666666666,5,5,TTCTGTCGCCATGGTTTCAA,0,1800900
hdeAp2,0.16666666666666666,5,5,TTCTGCCACGGTGACACTAA,0,1779231
hdeAp2,0.16666666666666666,5,5,TTCTGCAATCAACGATGTCA,0,1810391
hdeAp2,0.16666666666666666,5,5,TTCGATTTTAGGTCCAGTGG,0,1821608
hdeAp2,0.16666666666666666,5,5,TTCCGATATGGGCCGATCAT,0,1792330
hdeAp2,0.16666666666666666,5,5,TTCCATGACTTGGTCCTATC,0,1801987
hdeAp2,0.16666666666666666,5,5,TTCCACTCAGGCCGCTACCC,0,1800831
hdeAp2,0.16666666666666666,5,5,TTCAGATGCCGACCCGGGGG,0,1805946
hdeAp2,0.16666666666666666,5,5,TTCAACCCGGGGGATCTGGA,0,1828622
hdeAp2,0.16666666666666666,5,5,TTATTGGGCTGTTTTGAAGA,0,1790207
hdeAp2,0.16666666666666666,5,5,TTATTGACACCTTCCCCCTA,0,1808043
hdeAp2,0.16666666666666666,5,5,TTATTCAGTTCTCCCTGCCT,0,1826489
hdeAp2,0.16666666666666666,5,5,TTATTATGTTACCGGGAACC,0,1812659
hdeAp2,0.16666666666666666,5,5,TTATCTTTAGGGCCGCGACA,0,1781199
hdeAp2,0.16666666666666666,5,5,TTATCAGTTGAGGGTTCTCT,0,1820472
hdeAp2,0.16666666666666666,5,5,TTAGTATAACTGCACCGTGT,0,1778640
hdeAp2,0.16666666666666666,5,5,TTAGGTAGCACTAACTTTTT,0,1812884
hdeAp2,0.16666666666666666,5,5,TTAGAATCCATAGCGGTGTG,0,1788339
hdeAp2,0.16666666666666666,5,5,TTACTAATTGGTAAGCAGAC,0,1812662
hdeAp2,0.16666666666666666,5,5,TTACGATAGACCTGCGTTGT,0,1816782
hdeAp2,0.16666666666666666,5,5,TTACATCGATGAATCGTCTT,0,1790281
hdeAp2,0.16666666666666666,5,5,TTACAGGTAACGGTCAGGCT,0,1775962
hdeAp2,0.16666666666666666,5,5,TGTTTTAAAAAAAACAGAGG,0,1824280
hdeAp2,0.16666666666666666,5,5,TGTTTGTTCCGCGATTTCCC,0,1826374
hdeAp2,0.16666666666666666,5,5,TGTTTGTCATGCGGGCCAAG,0,1813773
hdeAp2,0.16666666666666666,5,5,TGTTTCTTTATGTGCCCATT,0,1827898
hdeAp2,0.16666666666666666,5,5,TGTTCGCCTCGATTCGAAAC,0,1821745
hdeAp2,0.16666666666666666,5,5,TGTTCACCTGCGCAATCCAA,0,1780234
hdeAp2,0.16666666666666666,5,5,TGTGTATCCATTCATAAGTA,0,1793061
hdeAp2,0.16666666666666666,5,5,TGTGGACGTTACCAGTCCAC,0,1806892
hdeAp2,0.16666666666666666,5,5,TGTGCTTGTGCGACGTTTGA,0,1789849
hdeAp2,0.16666666666666666,5,5,TGTGATAATGGAGGCAAAAC,0,1786110
hdeAp2,0.16666666666666666,5,5,TGTGAGGCGTGGACCACACT,0,1823064
hdeAp2,0.16666666666666666,5,5,TGTGAGCGGGGGGGTCAAGG,0,1807167
hdeAp2,0.16666666666666666,5,5,TGTCTGTCCTTACAACTCGA,0,1815451
hdeAp2,0.16666666666666666,5,5,TGTCGGTCAGTGGGGATGTG,0,1812395
hdeAp2,0.16666666666666666,5,5,TGTATTCGACATTCGGGAGG,0,1794339
hdeAp2,0.16666666666666666,5,5,TGTATGGAGACACGTAGCAG,0,1801738
hdeAp2,0.16666666666666666,5,5,TGTATGCATGGAATATAATT,0,1807585
hdeAp2,0.16666666666666666,5,5,TGTATGATATCCAAGTTTCA,0,1774719
hdeAp2,0.16666666666666666,5,5,TGTATCCCCGGGCACCCAAT,0,1773523
hdeAp2,0.16666666666666666,5,5,TGTATATCGACGATCGGCTT,0,1785699
hdeAp2,0.16666666666666666,5,5,TGTAAGTCCATTCGAGCGGT,0,1779747
hdeAp2,0.16666666666666666,5,5,TGTAAGGGAAAGGGCAACCT,0,1788604
hdeAp2,0.16666666666666666,5,5,TGTAAGGCATAATAGGCTTT,0,1811944
hdeAp2,0.16666666666666666,5,5,TGGTTTAGCCGCGAAGCCGG,0,1792136
hdeAp2,0.16666666666666666,5,5,TGGGTTTGAGATCTACAAGC,0,1822342
hdeAp2,0.16666666666666666,5,5,TGGGTTCTAGGAATGCGCAA,0,1819937
hdeAp2,0.16666666666666666,5,5,TGGGAATAGGGACGATCTCT,0,1818556
hdeAp2,0.16666666666666666,5,5,TGGCTCGTTGAAAGGGCGAG,0,1808668
hdeAp2,0.16666666666666666,5,5,TGGCGGGGTGAATATGTCTC,0,1819839
hdeAp2,0.16666666666666666,5,5,TGGCCACCGGTGTCTTAAAT,0,1797715
hdeAp2,0.16666666666666666,5,5,TGGCACTTTCCCGGCGTACC,0,1796939
hdeAp2,0.16666666666666666,5,5,TGGAGTGCAGGCCGATCCTC,0,1775510
hdeAp2,0.16666666666666666,5,5,TGGAGTACTCCCTTACTTAG,0,1775283
hdeAp2,0.16666666666666666,5,5,TGGAGGCGCAAGTGGAAATG,0,1789651
hdeAp2,0.16666666666666666,5,5,TGGAGGAAAAGGGACTGACG,0,1790210
hdeAp2,0.16666666666666666,5,5,TGGACTAATTTAGCACTTAT,0,1794545
hdeAp2,0.16666666666666666,5,5,TGCTCTATCCAGCCAGCCTT,0,1777747
hdeAp2,0.16666666666666666,5,5,TGCGGTTGCGGTCGAAGATC,0,1822698
hdeAp2,0.16666666666666666,5,5,TGCGGCATATATTCAATTCA,0,1811917
hdeAp2,0.16666666666666666,5,5,TGCGCAGGAGGGGGCTTAGC,0,1817235
hdeAp2,0.16666666666666666,5,5,TGCGCACGTCGATTCTCGGC,0,1779809
hdeAp2,0.16666666666666666,5,5,TGCGACCTCAAAAATCTGAC,0,1794699
hdeAp2,0.16666666666666666,5,5,TGCCTGAGGAGTTTGCAGAC,0,1778572
hdeAp2,0.16666666666666666,5,5,TGCCTACCCTTATAAGAGAA,0,1777675
hdeAp2,0.16666666666666666,5,5,TGCCGGTCTGGACTCGATTT,0,1817320
hdeAp2,0.16666666666666666,5,5,TGCCGCTTTTCACTGATAGG,0,1796479
hdeAp2,0.16666666666666666,5,5,TGCCCACGGTTCACGTTTCT,0,1817080
hdeAp2,0.16666666666666666,5,5,TGCCATAGTCACGACCATCT,0,1781160
hdeAp2,0.16666666666666666,5,5,TGCAGCAGGGATCTTCGTCA,0,1776645
hdeAp2,0.16666666666666666,5,5,TGCACTAATTCCGGTTAATC,0,1806712
hdeAp2,0.16666666666666666,5,5,TGCACGCCGGCGTGCCAAGT,0,1808035
hdeAp2,0.16666666666666666,5,5,TGCAACTTTTGGGGATCGAA,0,1827687
hdeAp2,0.16666666666666666,5,5,TGATCGATTATTGACTCATC,0,1825884
hdeAp2,0.16666666666666666,5,5,TGATCCGGGGTATTAACATG,0,1805423
hdeAp2,0.16666666666666666,5,5,TGAGTCCCTCTCACGTGCCG,0,1802260
hdeAp2,0.16666666666666666,5,5,TGAGTACATTACTGAAGTTC,0,1797309
hdeAp2,0.16666666666666666,5,5,TGAGGTTCTGTGCAACGACC,0,1772900
hdeAp2,0.16666666666666666,5,5,TGAGGATCGACTTGGCCACG,0,1815913
hdeAp2,0.16666666666666666,5,5,TGAGCTGAAGGTGGGTTTAT,0,1788889
hdeAp2,0.16666666666666666,5,5,TGAGCCTTTGCACGTTGCAT,0,1818503
hdeAp2,0.16666666666666666,5,5,TGACTTTCAAGCGGCGCCCA,0,1803289
hdeAp2,0.16666666666666666,5,5,TGACGGTTCTCTGAGTGGTA,0,1780129
hdeAp2,0.16666666666666666,5,5,TGACATGATCCGGCGCATAC,0,1812319
hdeAp2,0.16666666666666666,5,5,TGACATCCGTCGTTACAGTG,0,1803964
hdeAp2,0.16666666666666666,5,5,TGACACGTCTTACTTCTCCT,0,1773370
hdeAp2,0.16666666666666666,5,5,TGAATTGATGTCGTGCCTAG,0,1788343
hdeAp2,0.16666666666666666,5,5,TGAATTATATGATGACTGCA,0,1786938
hdeAp2,0.16666666666666666,5,5,TGAAGACTTCCATCAATGCC,0,1799494
hdeAp2,0.16666666666666666,5,5,TGAAACAGTAGTTTATTTGC,0,1822766
hdeAp2,0.16666666666666666,5,5,TGAAAACTCCGATGTAAAAC,0,1773435
hdeAp2,0.16666666666666666,5,5,TCTTTAGTCGCTAGCAGGTT,0,1826437
hdeAp2,0.16666666666666666,5,5,TCTTGGAAAAGCCAAGAGCC,0,1808654
hdeAp2,0.16666666666666666,5,5,TCTTGCCTACGTTTTGTAAC,0,1801063
hdeAp2,0.16666666666666666,5,5,TCTTGACCAGGAATGTTCGG,0,1779554
hdeAp2,0.16666666666666666,5,5,TCTTCGAATTTTTTGGCGTT,0,1810578
hdeAp2,0.16666666666666666,5,5,TCTTAGTTAGTTCCAAGTCC,0,1817867
hdeAp2,0.16666666666666666,5,5,TCTTACTTTTCAGTCATGGT,0,1794695
hdeAp2,0.16666666666666666,5,5,TCTGTAGCTTTCTGACAGCT,0,1786999
hdeAp2,0.16666666666666666,5,5,TCTGCTATGTAACTAGCTGG,0,1800645
hdeAp2,0.16666666666666666,5,5,TCTGAGTACCAGGCGCCGCC,0,1775963
hdeAp2,0.16666666666666666,5,5,TCTGACGCAGTTCGGGAATT,0,1792663
hdeAp2,0.16666666666666666,5,5,TCTGAAATCAACCTAACCTT,0,1803553
hdeAp2,0.16666666666666666,5,5,TCTATGCATGGCTGGCAGAT,0,1811927
hdeAp2,0.16666666666666666,5,5,TCTATATACTGAAACTCAAG,0,1793842
hdeAp2,0.16666666666666666,5,5,TCTAGTGTTTGCTGGAGGTT,0,1798866
hdeAp2,0.16666666666666666,5,5,TCTAAAATGGGGAGATTACT,0,1807040
hdeAp2,0.16666666666666666,5,5,TCGTTAGGCGTCATTGCGGG,0,1828244
hdeAp2,0.16666666666666666,5,5,TCGTGCGAAAGCCAAAATAC,0,1812824
hdeAp2,0.16666666666666666,5,5,TCGTCGCACCGCGGCACGAC,0,1815161
hdeAp2,0.16666666666666666,5,5,TCGTCGATTCAGCTGAAGCT,0,1784446
hdeAp2,0.16666666666666666,5,5,TCGTAGGGTAGGACAGTCGG,0,1786812
hdeAp2,0.16666666666666666,5,5,TCGTAGGCTCCACCTCCCAG,0,1826480
hdeAp2,0.16666666666666666,5,5,TCGTACACATTGTTCCTTAT,0,1785674
hdeAp2,0.16666666666666666,5,5,TCGGTTTTGGCAGGTAAGTA,0,1813636
hdeAp2,0.16666666666666666,5,5,TCGGTCCGGCGAAAATGGGC,0,1818288
hdeAp2,0.16666666666666666,5,5,TCGGGACATTGTACAGGATA,0,1819166
hdeAp2,0.16666666666666666,5,5,TCGGGAAGATCGCCTTATGC,0,1809875
hdeAp2,0.16666666666666666,5,5,TCGGAGATGACGCTCGAGAC,0,1786646
hdeAp2,0.16666666666666666,5,5,TCGCGAGGATGTCCCTTATT,0,1806530
hdeAp2,0.16666666666666666,5,5,TCGCAACTCGGCACGCTGGT,0,1815424
hdeAp2,0.16666666666666666,5,5,TCGCAAAAGAACGTATCGGC,0,1813504
hdeAp2,0.16666666666666666,5,5,TCGATGGGTAGGATAGGCTC,0,1776842
hdeAp2,0.16666666666666666,5,5,TCGAGATTTAACAATATTAT,0,1780213
hdeAp2,0.16666666666666666,5,5,TCGACTTAGTGCGTCGTGGA,0,1817290
hdeAp2,0.16666666666666666,5,5,TCCGGGGATACGACCTACGT,0,1788522
hdeAp2,0.16666666666666666,5,5,TCCGCAAAGTGGGTTGCCCC,0,1778871
hdeAp2,0.16666666666666666,5,5,TCCGACACCCGTGGAGGGCT,0,1810208
hdeAp2,0.16666666666666666,5,5,TCCCGGGTGTTCTACCAGTG,0,1809153
hdeAp2,0.16666666666666666,5,5,TCCCGGCATCGCTTGACAGG,0,1826967
hdeAp2,0.16666666666666666,5,5,TCCCCCCTCACTTGGCTGGT,0,1810164
hdeAp2,0.16666666666666666,5,5,TCCCCAGGATCAAGCGAGAA,0,1785491
hdeAp2,0.16666666666666666,5,5,TCCCAACCAGGTATAAATTT,0,1795715
hdeAp2,0.16666666666666666,5,5,TCATTTAGATGCCAGGGCTG,0,1802603
hdeAp2,0.16666666666666666,5,5,TCATTGACTCAGTAATCACT,0,1774345
hdeAp2,0.16666666666666666,5,5,TCATCGCGGTCACACCGAAG,0,1781597
hdeAp2,0.16666666666666666,5,5,TCATCAGATGATACAGAGAG,0,1776308
hdeAp2,0.16666666666666666,5,5,TCATAAGCTCACTAGAGGTA,0,1810300
hdeAp2,0.16666666666666666,5,5,TCAGTCATCTCAGTCGCGGC,0,1795955
hdeAp2,0.16666666666666666,5,5,TCAGTACAATCGAAGGTTTT,0,1777917
hdeAp2,0.16666666666666666,5,5,TCAGCTGATGACACTGTTTA,0,1820630
hdeAp2,0.16666666666666666,5,5,TCAGCATTACGCTAGGAGGG,0,1778882
hdeAp2,0.16666666666666666,5,5,TCAGACCTTTATGTGTTTAG,0,1818639
hdeAp2,0.16666666666666666,5,5,TCAGAAAGAGTCGCTATCGG,0,1810481
hdeAp2,0.16666666666666666,5,5,TCAATTTTTCAGATCAGGTC,0,1795902
hdeAp2,0.16666666666666666,5,5,TCAATTAAGGGTCATAATAC,0,1798216
hdeAp2,0.16666666666666666,5,5,TCAAATTCTCGTGTTCGGTT,0,1808575
hdeAp2,0.16666666666666666,5,5,TATTCTATGAAATTCCGTGG,0,1790910
hdeAp2,0.16666666666666666,5,5,TATTAGATGCTGACCCCTAT,0,1779783
hdeAp2,0.16666666666666666,5,5,TATGTTCAGGGAGCTGCAGA,0,1799965
hdeAp2,0.16666666666666666,5,5,TATGTAAGTGATGACTATAG,0,1795592
hdeAp2,0.16666666666666666,5,5,TATGGTAATCGCAGGGGCTA,0,1786952
hdeAp2,0.16666666666666666,5,5,TATGCACGATAAACATTCGT,0,1805608
hdeAp2,0.16666666666666666,5,5,TATCACTGTGGGCAAGACAC,0,1787111
hdeAp2,0.16666666666666666,5,5,TATATCGCCGCTGATGTTAA,0,1812520
hdeAp2,0.16666666666666666,5,5,TATAAGGGGTAAGGATCGCA,0,1794127
hdeAp2,0.16666666666666666,5,5,TAGGTTGGCCTGGTTGGACC,0,1783640
hdeAp2,0.16666666666666666,5,5,TAGGTTCAGTGTAGCTGGTT,0,1823653
hdeAp2,0.16666666666666666,5,5,TAGGGCTTTTGCATTGCTGA,0,1774247
hdeAp2,0.16666666666666666,5,5,TAGGGAGGTCCTGCTCCCCA,0,1776682
hdeAp2,0.16666666666666666,5,5,TAGGCGAGACGCCGCTCGCT,0,1789131
hdeAp2,0.16666666666666666,5,5,TAGCCTTTTAGAGTTTCAAT,0,1773802
hdeAp2,0.16666666666666666,5,5,TAGCCGGCTTTTTCTCAGTA,0,1822955
hdeAp2,0.16666666666666666,5,5,TAGCCATGTTAGCTCCAGCG,0,1816483
hdeAp2,0.16666666666666666,5,5,TAGCAGCTATGGCTCACGCC,0,1780482
hdeAp2,0.16666666666666666,5,5,TAGCAGACCTACGCACTTTA,0,1783730
hdeAp2,0.16666666666666666,5,5,TAGAGTGCATGGTTACACTA,0,1793240
hdeAp2,0.16666666666666666,5,5,TAGACCTAGGCGTGTGGCCT,0,1776185
hdeAp2,0.16666666666666666,5,5,TAGAATTTGCAATGCAAGAC,0,1822802
hdeAp2,0.16666666666666666,5,5,TAGAAACACTGTTGCGGCCG,0,1814274
hdeAp2,0.16666666666666666,5,5,TACTAGGTCAGGTTACTGTC,0,1821124
hdeAp2,0.16666666666666666,5,5,TACTAACCCAAAGGGGCGGG,0,1815837
hdeAp2,0.16666666666666666,5,5,TACGTCGTATTGAAAAAAGC,0,1788060
hdeAp2,0.16666666666666666,5,5,TACGTCCGATTGCTCGCCTT,0,1772639
hdeAp2,0.16666666666666666,5,5,TACGTAAGGAGCGTAGGTTC,0,1824494
hdeAp2,0.16666666666666666,5,5,TACGGACCACACAAGGGGGT,0,1781875
hdeAp2,0.16666666666666666,5,5,TACGATGTGTGCCGATCCCA,0,1782406
hdeAp2,0.16666666666666666,5,5,TACCTCATAGCATGAGCGAA,0,1787261
hdeAp2,0.16666666666666666,5,5,TACCTAGATCGAATCTGAGG,0,1798263
hdeAp2,0.16666666666666666,5,5,TACATTAGGCATTGGCTCCC,0,1801271
hdeAp2,0.16666666666666666,5,5,TACATAGGGTTAAGTTAGAG,0,1809267
hdeAp2,0.16666666666666666,5,5,TAATGATGCACTGATGTAGT,0,1796687
hdeAp2,0.16666666666666666,5,5,TAATCCACGCTATTCATCAC,0,1815857
hdeAp2,0.16666666666666666,5,5,TAATAGTGCGGAAGTCCTTA,0,1812072
hdeAp2,0.16666666666666666,5,5,TAAGTCTCGTGATTCTTGAC,0,1795579
hdeAp2,0.16666666666666666,5,5,TAAGCAATGTCCTGCACCCT,0,1778457
hdeAp2,0.16666666666666666,5,5,TAACGGTTCTAGCCTGCTGA,0,1780118
hdeAp2,0.16666666666666666,5,5,TAAATCTTATTTTGGGCAAC,0,1824874
hdeAp2,0.16666666666666666,5,5,TAAAGATTAAAGAGAGTTAT,0,1782033
hdeAp2,0.16666666666666666,5,5,TAAAAGAGGGACATCGTGCT,0,1797925
hdeAp2,0.16666666666666666,5,5,TAAAAATCAGCCCATTAGAG,0,1789425
hdeAp2,0.16666666666666666,5,5,GTTTTTAATTGGGGGATGAC,0,1822782
hdeAp2,0.16666666666666666,5,5,GTTTGGTAAACATCGTGTCC,0,1771400
hdeAp2,0.16666666666666666,5,5,GTTTGGGCAGTAATCACGAG,0,1781307
hdeAp2,0.16666666666666666,5,5,GTTTCGCCGCAATACGATAG,0,1779777
hdeAp2,0.16666666666666666,5,5,GTTTCCTGACGCAACGCTGC,0,1778123
hdeAp2,0.16666666666666666,5,5,GTTTCACCAAGACTGGGCTT,0,1813020
hdeAp2,0.16666666666666666,5,5,GTTTCACAGTTACTTCTGTT,0,1809370
hdeAp2,0.16666666666666666,5,5,GTTGTAAGAATCTGCCCGGG,0,1807326
hdeAp2,0.16666666666666666,5,5,GTTGGGATCTGCCATCAGTC,0,1792829
hdeAp2,0.16666666666666666,5,5,GTTGCAGCCGCGCCACGCTC,0,1776009
hdeAp2,0.16666666666666666,5,5,GTTGACGGAGTGCTCGTATC,0,1789812
hdeAp2,0.16666666666666666,5,5,GTTGAAGATGCCGAAGGAAG,0,1789780
hdeAp2,0.16666666666666666,5,5,GTTCGACTCGTTCGTGTCCG,0,1777940
hdeAp2,0.16666666666666666,5,5,GTTCCATCGCGGGCCTCCGT,0,1791793
hdeAp2,0.16666666666666666,5,5,GTTATTTAGTCAGCGGTCAT,0,1826029
hdeAp2,0.16666666666666666,5,5,GTTACTGTCCCAGAGTTCTA,0,1812661
hdeAp2,0.16666666666666666,5,5,GTTACCCGGGGGATGCTCTT,0,1784834
hdeAp2,0.16666666666666666,5,5,GTTACCCAGGACTACGATGT,0,1823449
hdeAp2,0.16666666666666666,5,5,GTTAACAGCTCAGATTTTCT,0,1812275
hdeAp2,0.16666666666666666,5,5,GTGTGATAAGTCTAGTGGGT,0,1813904
hdeAp2,0.16666666666666666,5,5,GTGGTAACAAGGATCATTGA,0,1787582
hdeAp2,0.16666666666666666,5,5,GTGGCTCCTTGACCGTCTTC,0,1771650
hdeAp2,0.16666666666666666,5,5,GTGGCCCGTTCCGATCAACA,0,1810807
hdeAp2,0.16666666666666666,5,5,GTGGAAACGTGCGATCTTAT,0,1807724
hdeAp2,0.16666666666666666,5,5,GTGCTCAGTGTAGTACCAGC,0,1828117
hdeAp2,0.16666666666666666,5,5,GTGCTAAACATAGCGGGTAC,0,1784103
hdeAp2,0.16666666666666666,5,5,GTGCGTAGCGGGAAATTCGC,0,1792121
hdeAp2,0.16666666666666666,5,5,GTGCGGAAACGTCACGGAAC,0,1816720
hdeAp2,0.16666666666666666,5,5,GTGCCTGTACCCCGTTATGT,0,1781962
hdeAp2,0.16666666666666666,5,5,GTGCCCGCGTGTCAAACTGT,0,1826623
hdeAp2,0.16666666666666666,5,5,GTGATGATTGTTTATACCCT,0,1810257
hdeAp2,0.16666666666666666,5,5,GTGAGGCTATAGCCCTTAAC,0,1820947
hdeAp2,0.16666666666666666,5,5,GTGACTTGTTATTCTGTATT,0,1795594
hdeAp2,0.16666666666666666,5,5,GTGACTGGTCGCCAGTCAAC,0,1810634
hdeAp2,0.16666666666666666,5,5,GTCTTCTCCTAGACGTAGCT,0,1777302
hdeAp2,0.16666666666666666,5,5,GTCTGGTAATCCCGGCGAAT,0,1814797
hdeAp2,0.16666666666666666,5,5,GTCTAGTGTTATAGTTCTCA,0,1813547
hdeAp2,0.16666666666666666,5,5,GTCTAGCTGACCACTTTAAC,0,1798100
hdeAp2,0.16666666666666666,5,5,GTCGTGCACGTAAGGGGCTT,0,1797395
hdeAp2,0.16666666666666666,5,5,GTCGCGTCCGCCGGCAGGAA,0,1807350
hdeAp2,0.16666666666666666,5,5,GTCGCCTATCGCTACTTCAT,0,1789823
hdeAp2,0.16666666666666666,5,5,GTCGAGGGGCTTCCGGCTCG,0,1788077
hdeAp2,0.16666666666666666,5,5,GTCCTCGCGCCGTGACGGCC,0,1792067
hdeAp2,0.16666666666666666,5,5,GTCCATGAGTCTAGCCGCCA,0,1807102
hdeAp2,0.16666666666666666,5,5,GTCCATATCTGGTCTCGTTT,0,1773617
hdeAp2,0.16666666666666666,5,5,GTCCAGACAGCCTATTTCGT,0,1798399
hdeAp2,0.16666666666666666,5,5,GTCACCGCTTCGGACTCTAC,0,1799661
hdeAp2,0.16666666666666666,5,5,GTCACACGACGGAGGAGTAT,0,1817898
hdeAp2,0.16666666666666666,5,5,GTCAAGGTACGTGGAGGTCG,0,1827656
hdeAp2,0.16666666666666666,5,5,GTCAACAGTGTAGCACCCGG,0,1818895
hdeAp2,0.16666666666666666,5,5,GTATTCTATGTTTGTAAATT,0,1786352
hdeAp2,0.16666666666666666,5,5,GTATTAACACCCCCCAGTGA,0,1809960
hdeAp2,0.16666666666666666,5,5,GTATGTGCTCTAATTTTCGA,0,1780476
hdeAp2,0.16666666666666666,5,5,GTATGCACCATTAGTAAACC,0,1809622
hdeAp2,0.16666666666666666,5,5,GTATGCACCAGGTTCGTGGT,0,1814757
hdeAp2,0.16666666666666666,5,5,GTATCACAAGTTTTAGTTGA,0,1813892
hdeAp2,0.16666666666666666,5,5,GTAGGTAAGCCTCCTCGCAT,0,1808757
hdeAp2,0.16666666666666666,5,5,GTAGGCGACCGCGGGGTTGC,0,1795722
hdeAp2,0.16666666666666666,5,5,GTAGGACAGACGGAAATTTG,0,1812640
hdeAp2,0.16666666666666666,5,5,GTAGCGGCAAGCCAAAAGCC,0,1821670
hdeAp2,0.16666666666666666,5,5,GTAGAGGTCTGGCTGTTTAA,0,1778565
hdeAp2,0.16666666666666666,5,5,GTAGAACAGAGTGTGGTGAG,0,1775800
hdeAp2,0.16666666666666666,5,5,GTACGGGTGAGATGGTAAAT,0,1793451
hdeAp2,0.16666666666666666,5,5,GTACGACCCTCATATGGTCT,0,1790635
hdeAp2,0.16666666666666666,5,5,GTACCATATTTCCGTCAGGT,0,1774833
hdeAp2,0.16666666666666666,5,5,GTACCACCTTCTCGCCTACA,0,1821200
hdeAp2,0.16666666666666666,5,5,GTAAGTGAGATATCAAAAGT,0,1777862
hdeAp2,0.16666666666666666,5,5,GTAACAAACTGCATGGTCGA,0,1825057
hdeAp2,0.16666666666666666,5,5,GTAAAGAGGAGACCAGCGTG,0,1776693
hdeAp2,0.16666666666666666,5,5,GGTTTTAACCGTATGTGACA,0,1777367
hdeAp2,0.16666666666666666,5,5,GGTTTGACTGGTTTTTGGGG,0,1790633
hdeAp2,0.16666666666666666,5,5,GGTTGTGCTTCGTTGCTGAA,0,1799116
hdeAp2,0.16666666666666666,5,5,GGTTGGGAATCTCGCTAAGT,0,1794440
hdeAp2,0.16666666666666666,5,5,GGTTATGTGATGGACCGGAT,0,1785527
hdeAp2,0.16666666666666666,5,5,GGTTACCATGGAAATGTGCG,0,1781577
hdeAp2,0.16666666666666666,5,5,GGTGGCTATAGGACGTTGAT,0,1801056
hdeAp2,0.16666666666666666,5,5,GGTGGATCTCCGTAACCTAG,0,1821847
hdeAp2,0.16666666666666666,5,5,GGTGATCCGCTAGCTCACGG,0,1822490
hdeAp2,0.16666666666666666,5,5,GGTCTTACTACTTCATAATG,0,1818289
hdeAp2,0.16666666666666666,5,5,GGTCGTTCGCAGGTTTGGGA,0,1799808
hdeAp2,0.16666666666666666,5,5,GGTCACGGATTTGGAGGATT,0,1772381
hdeAp2,0.16666666666666666,5,5,GGTCACGGAACGAATCGCTA,0,1783921
hdeAp2,0.16666666666666666,5,5,GGTCAATTGAATCCTCGTCT,0,1788900
hdeAp2,0.16666666666666666,5,5,GGTATGTGGGCGATCAAGGA,0,1808252
hdeAp2,0.16666666666666666,5,5,GGTATAACAACGAAGAAGGT,0,1818953
hdeAp2,0.16666666666666666,5,5,GGTAGGTATGCCACAACCTG,0,1785065
hdeAp2,0.16666666666666666,5,5,GGTAGCCACTGTCTTGGTGA,0,1809771
hdeAp2,0.16666666666666666,5,5,GGTACAACCAAACGCTTGGG,0,1824282
hdeAp2,0.16666666666666666,5,5,GGGTTATTCCTGTAGCGCAT,0,1826900
hdeAp2,0.16666666666666666,5,5,GGGTCCAGCGTACGGGACAC,0,1822003
hdeAp2,0.16666666666666666,5,5,GGGTCAAGGGCGTGGAGATT,0,1790111
hdeAp2,0.16666666666666666,5,5,GGGTACCCCATTCTCAACAT,0,1824499
hdeAp2,0.16666666666666666,5,5,GGGGTCTTGGACGTGTAATC,0,1819983
hdeAp2,0.16666666666666666,5,5,GGGGGTTACGGTGTACACAA,0,1826867
hdeAp2,0.16666666666666666,5,5,GGGGCGGACGGGCACTGTAA,0,1820478
hdeAp2,0.16666666666666666,5,5,GGGGCCATCAGTTGATCAAT,0,1791333
hdeAp2,0.16666666666666666,5,5,GGGGCAAGAGAACTAACGCA,0,1816365
hdeAp2,0.16666666666666666,5,5,GGGCTACTTTGCCATTGTCA,0,1774561
hdeAp2,0.16666666666666666,5,5,GGGCGTGAAATGAGTCCAAG,0,1791856
hdeAp2,0.16666666666666666,5,5,GGGCGCATCGGAGTTCAGCT,0,1806403
hdeAp2,0.16666666666666666,5,5,GGGCAAGTACAGAGCTTTTC,0,1820677
hdeAp2,0.16666666666666666,5,5,GGGATGGCGAGATTTCCCGT,0,1805848
hdeAp2,0.16666666666666666,5,5,GGGAGTGCGTCCAAGACAGT,0,1783067
hdeAp2,0.16666666666666666,5,5,GGGACTCAGTTGCGGACAGA,0,1779021
hdeAp2,0.16666666666666666,5,5,GGGACGTCAAGGACCCAAAT,0,1777732
hdeAp2,0.16666666666666666,5,5,GGGAACTCTGGGTCTTGGAG,0,1788123
hdeAp2,0.16666666666666666,5,5,GGCTTTTCATTAGCTTATCG,0,1780039
hdeAp2,0.16666666666666666,5,5,GGCTTCGGTATGGTTTACAG,0,1782517
hdeAp2,0.16666666666666666,5,5,GGCTGGGATCAGAAGATAAA,0,1792566
hdeAp2,0.16666666666666666,5,5,GGCTGGCCTGGGCTGGACGA,0,1813821
hdeAp2,0.16666666666666666,5,5,GGCTGCATGGGGTGAATTCT,0,1787136
hdeAp2,0.16666666666666666,5,5,GGCTACAGGCGGTTTTAGGA,0,1819009
hdeAp2,0.16666666666666666,5,5,GGCTAACCGCGGGATTTACA,0,1771908
hdeAp2,0.16666666666666666,5,5,GGCTAACAGGCCCCTTCTTT,0,1811106
hdeAp2,0.16666666666666666,5,5,GGCGTGGGGAGTTGTTTACA,0,1776861
hdeAp2,0.16666666666666666,5,5,GGCGTATTGACAAGAAGGCC,0,1822514
hdeAp2,0.16666666666666666,5,5,GGCGCAGCTGGCCAACTGTA,0,1822160
hdeAp2,0.16666666666666666,5,5,GGCGACCACTCGACGAGGGA,0,1798246
hdeAp2,0.16666666666666666,5,5,GGCCTGTCCGGGGGCGCAAG,0,1798569
hdeAp2,0.16666666666666666,5,5,GGCCTCGCGCTAGTCATTGG,0,1807458
hdeAp2,0.16666666666666666,5,5,GGCCTATCGGATCGCTTAAC,0,1811849
hdeAp2,0.16666666666666666,5,5,GGCCGGCACGGGCGGTTAAA,0,1802513
hdeAp2,0.16666666666666666,5,5,GGCCCTCCTCGGGAACATGT,0,1784557
hdeAp2,0.16666666666666666,5,5,GGCAGTGAGACGCACCGAGG,0,1797855
hdeAp2,0.16666666666666666,5,5,GGCAGTAGCCGTCAGGTGGT,0,1795055
hdeAp2,0.16666666666666666,5,5,GGCAGGGCTAATCTCACCCT,0,1781976
hdeAp2,0.16666666666666666,5,5,GGATTTAAAAGGGTTGCCAC,0,1795976
hdeAp2,0.16666666666666666,5,5,GGATTCCTCTCCCATGGCCC,0,1786267
hdeAp2,0.16666666666666666,5,5,GGATCACGCGCCAGCGTTAA,0,1802829
hdeAp2,0.16666666666666666,5,5,GGATATCTGGACTTCAAAGA,0,1791173
hdeAp2,0.16666666666666666,5,5,GGAGGTATGAATTTCTAAAC,0,1772152
hdeAp2,0.16666666666666666,5,5,GGAGGCTTACAGCAATGATG,0,1783087
hdeAp2,0.16666666666666666,5,5,GGAGAGCATAACTGTTCCCT,0,1770988
hdeAp2,0.16666666666666666,5,5,GGAGACACATTGTCTGGGGT,0,1815951
hdeAp2,0.16666666666666666,5,5,GGACGGGCTTGTTTTTGGAG,0,1807898
hdeAp2,0.16666666666666666,5,5,GGACCCGGTTACCCGTTTGT,0,1814646
hdeAp2,0.16666666666666666,5,5,GGACACCCCAGCTTGGACGT,0,1821460
hdeAp2,0.16666666666666666,5,5,GGAAGTAAACGTTATATACA,0,1794034
hdeAp2,0.16666666666666666,5,5,GGAAGCGAGTGCTGATGAAT,0,1800800
hdeAp2,0.16666666666666666,5,5,GGAACTTCGATATCTTTTCG,0,1799917
hdeAp2,0.16666666666666666,5,5,GGAAAGGCATGTTAGTCATG,0,1782901
hdeAp2,0.16666666666666666,5,5,GCTTTTTACGTAGCTTGAAA,0,1777951
hdeAp2,0.16666666666666666,5,5,GCTTGGATGCGCTGCATGCT,0,1804070
hdeAp2,0.16666666666666666,5,5,GCTTGAGGATCAAGTTTTAA,0,1774299
hdeAp2,0.16666666666666666,5,5,GCTTGAACGGGCTAGCGACC,0,1783699
hdeAp2,0.16666666666666666,5,5,GCTTAGGGGACCTTGGGTGT,0,1773452
hdeAp2,0.16666666666666666,5,5,GCTGCGAAACAGTGGGCACC,0,1789961
hdeAp2,0.16666666666666666,5,5,GCTGAGACATAGGGGTAGCC,0,1775043
hdeAp2,0.16666666666666666,5,5,GCTCTCTAGGCGGTCCGTAT,0,1819982
hdeAp2,0.16666666666666666,5,5,GCTCTCAGTCAAAGAGGGTA,0,1774095
hdeAp2,0.16666666666666666,5,5,GCTCGTACATCGACCCCCCC,0,1809958
hdeAp2,0.16666666666666666,5,5,GCTCGCTGCAAGACTCACCG,0,1779121
hdeAp2,0.16666666666666666,5,5,GCTCCTGGTTCCGGTACTTA,0,1815736
hdeAp2,0.16666666666666666,5,5,GCTCAGTACAATGTCACACT,0,1774107
hdeAp2,0.16666666666666666,5,5,GCTCAAACCGAGCGGATCAC,0,1822720
hdeAp2,0.16666666666666666,5,5,GCTATACTAGCATCCGGGAG,0,1801804
hdeAp2,0.16666666666666666,5,5,GCTACTAGGTACGCTTTCCT,0,1772286
hdeAp2,0.16666666666666666,5,5,GCTACGAGACGTCCGGTTCC,0,1809313
hdeAp2,0.16666666666666666,5,5,GCTAAGAGAATGCTCGGAGT,0,1811499
hdeAp2,0.16666666666666666,5,5,GCTAAGAACTATGTGATCGC,0,1792809
hdeAp2,0.16666666666666666,5,5,GCGTTTGCTTAGGCGCTACC,0,1771176
hdeAp2,0.16666666666666666,5,5,GCGTGTGGCCCAGAACGGTC,0,1774591
hdeAp2,0.16666666666666666,5,5,GCGGGGTCGTTGAGGCCCTT,0,1777286
hdeAp2,0.16666666666666666,5,5,GCGGCCAATACCCCGTATTT,0,1801348
hdeAp2,0.16666666666666666,5,5,GCGCTTATGGTTAATCGCGT,0,1801479
hdeAp2,0.16666666666666666,5,5,GCGCTGGGTTAAAAAGGCCT,0,1827865
hdeAp2,0.16666666666666666,5,5,GCGCTGACTTCTGCGATTCA,0,1804341
hdeAp2,0.16666666666666666,5,5,GCGCGAGCAAGACGACTGAG,0,1785800
hdeAp2,0.16666666666666666,5,5,GCGACTATCACTTATCTTTA,0,1782355
hdeAp2,0.16666666666666666,5,5,GCGACAGGCCGGACGTAAAA,0,1782119
hdeAp2,0.16666666666666666,5,5,GCGACACGAGCTAGCATCGC,0,1827363
hdeAp2,0.16666666666666666,5,5,GCCTTGTTCCATCGTTTGAA,0,1778260
hdeAp2,0.16666666666666666,5,5,GCCTCAACAGGGGGGGACGT,0,1771858
hdeAp2,0.16666666666666666,5,5,GCCTATTACGGGAACGAAGC,0,1821227
hdeAp2,0.16666666666666666,5,5,GCCTAATATTCTGCAACTCC,0,1799255
hdeAp2,0.16666666666666666,5,5,GCCTAAAGAAGCAAAAGTAA,0,1798887
hdeAp2,0.16666666666666666,5,5,GCCGGGAGGGGTTAGGAGTC,0,1821203
hdeAp2,0.16666666666666666,5,5,GCCGAGTGGGACCTTTTCAG,0,1802155
hdeAp2,0.16666666666666666,5,5,GCCCCTTTACATCTTTCTGA,0,1810511
hdeAp2,0.16666666666666666,5,5,GCCCCCTGCCTGTTATCTGC,0,1798116
hdeAp2,0.16666666666666666,5,5,GCCCCAGCAGACCAGATTCA,0,1786861
hdeAp2,0.16666666666666666,5,5,GCCATGACTTGCAATCTGTA,0,1797290
hdeAp2,0.16666666666666666,5,5,GCCATATCTTTGCGAAGCGT,0,1816912
hdeAp2,0.16666666666666666,5,5,GCCAGTTGATGCAGAGGCCT,0,1802465
hdeAp2,0.16666666666666666,5,5,GCCAGCCGGGGTCGTGCTCG,0,1810483
hdeAp2,0.16666666666666666,5,5,GCCAAGGCCACATTTGCGTG,0,1786853
hdeAp2,0.16666666666666666,5,5,GCATTAATTAGAACGCGTGC,0,1788028
hdeAp2,0.16666666666666666,5,5,GCATGTGCAAGTGTCGGCCA,0,1806809
hdeAp2,0.16666666666666666,5,5,GCATCAGTCATTCATGCTTC,0,1789412
hdeAp2,0.16666666666666666,5,5,GCATCAGCTAGTTCTCCGTC,0,1794184
hdeAp2,0.16666666666666666,5,5,GCAGGCAATTTAAAGTCCTG,0,1788692
hdeAp2,0.16666666666666666,5,5,GCAGATCCCCCTGGGAAAGG,0,1796572
hdeAp2,0.16666666666666666,5,5,GCACGTCATTAGTTGAACTC,0,1771242
hdeAp2,0.16666666666666666,5,5,GCACGGGAACCCGTTCACGA,0,1809300
hdeAp2,0.16666666666666666,5,5,GCACGGATCCGTGCTTCATG,0,1798728
hdeAp2,0.16666666666666666,5,5,GCACAGGTGGGTCAATCGAA,0,1783072
hdeAp2,0.16666666666666666,5,5,GCACAACGCGCCGCTCGAAT,0,1777062
hdeAp2,0.16666666666666666,5,5,GCACAACATATACGCCGGGT,0,1817082
hdeAp2,0.16666666666666666,5,5,GCAAGGGGTCGCCTGAGCCA,0,1801243
hdeAp2,0.16666666666666666,5,5,GCAAGAAAAGAATACTAACA,0,1779634
hdeAp2,0.16666666666666666,5,5,GCAACTGCGTCGAGTCTGGT,0,1793991
hdeAp2,0.16666666666666666,5,5,GATTTTTTCTCGCGGGATGT,0,1773465
hdeAp2,0.16666666666666666,5,5,GATTTTGCATGATTGAACAC,0,1792977
hdeAp2,0.16666666666666666,5,5,GATTGCGATTACCAGGACAA,0,1800710
hdeAp2,0.16666666666666666,5,5,GATTCGCAAAGTTTTAATGT,0,1828380
hdeAp2,0.16666666666666666,5,5,GATTAGACGGTTCATGTAAG,0,1787248
hdeAp2,0.16666666666666666,5,5,GATGGGTCATATTGCCCTCG,0,1826404
hdeAp2,0.16666666666666666,5,5,GATGGCATCACGGGAGCGTA,0,1819538
hdeAp2,0.16666666666666666,5,5,GATGCGACGCACGGCAATGG,0,1798894
hdeAp2,0.16666666666666666,5,5,GATGCAGACTTAAAACATTG,0,1828022
hdeAp2,0.16666666666666666,5,5,GATCGGGAACACACGAGAAC,0,1794372
hdeAp2,0.16666666666666666,5,5,GATCCTTTAATACTGTTCAA,0,1806126
hdeAp2,0.16666666666666666,5,5,GATCCTTCGATCCGCTGGTA,0,1817967
hdeAp2,0.16666666666666666,5,5,GATCAGTGTATGAACTGCCT,0,1798651
hdeAp2,0.16666666666666666,5,5,GATATTGTTTCCTCATGGTA,0,1794306
hdeAp2,0.16666666666666666,5,5,GATAGTCAGAGGCTCACGCT,0,1785860
hdeAp2,0.16666666666666666,5,5,GATAAGACCCGTGGTTTCCA,0,1784604
hdeAp2,0.16666666666666666,5,5,GATAACGCAAATGCGCCAAA,0,1818973
hdeAp2,0.16666666666666666,5,5,GAGTTTCGTCAACGACCTGA,0,1816359
hdeAp2,0.16666666666666666,5,5,GAGTCTACTTGATATTGTTA,0,1820323
hdeAp2,0.16666666666666666,5,5,GAGTCGTGCGGGTGTCCACT,0,1821873
hdeAp2,0.16666666666666666,5,5,GAGGGTGATGTTTTTTTCGT,0,1796683
hdeAp2,0.16666666666666666,5,5,GAGGGGAACACCCACGAACT,0,1773536
hdeAp2,0.16666666666666666,5,5,GAGGCGGTATGAGATTCGCA,0,1791417
hdeAp2,0.16666666666666666,5,5,GAGGCGAGACCCCAGAATCC,0,1823260
hdeAp2,0.16666666666666666,5,5,GAGGCCGTAGGGAGGAATTA,0,1779277
hdeAp2,0.16666666666666666,5,5,GAGGACTGTCAGCAGTTCGA,0,1814006
hdeAp2,0.16666666666666666,5,5,GAGGAAAGGCATACTCTGCA,0,1782675
hdeAp2,0.16666666666666666,5,5,GAGCGTGAGCTGCACTCTCC,0,1777152
hdeAp2,0.16666666666666666,5,5,GAGCCTTGATCACATAGAAT,0,1783593
hdeAp2,0.16666666666666666,5,5,GAGATTAGAACAGATATCTA,0,1799402
hdeAp2,0.16666666666666666,5,5,GAGATCCCACGTCTCCTCCT,0,1772471
hdeAp2,0.16666666666666666,5,5,GAGATAAAGGGCACGAGCGA,0,1809135
hdeAp2,0.16666666666666666,5,5,GAGAGTTCCCTCGTGAGAAG,0,1809424
hdeAp2,0.16666666666666666,5,5,GAGAGGCACATCCAGCACTG,0,1817380
hdeAp2,0.16666666666666666,5,5,GAGACACATTTAATCGGTGA,0,1824929
hdeAp2,0.16666666666666666,5,5,GAGAAGCGGAGTGGCACTAG,0,1805126
hdeAp2,0.16666666666666666,5,5,GAGAACTGCGTAGATGGAAT,0,1799106
hdeAp2,0.16666666666666666,5,5,GAGAAAGCGTTTCCAAATGT,0,1794168
hdeAp2,0.16666666666666666,5,5,GACTTGACCTTATTGTCTTA,0,1798070
hdeAp2,0.16666666666666666,5,5,GACGCCTAGTTCTTTAATAG,0,1806654
hdeAp2,0.16666666666666666,5,5,GACGCCAGCTTCGAACTCTG,0,1814967
hdeAp2,0.16666666666666666,5,5,GACGCAGATCTTTTGATGAA,0,1823532
hdeAp2,0.16666666666666666,5,5,GACGACGGGGCGTCAGTGAA,0,1821557
hdeAp2,0.16666666666666666,5,5,GACCTTGGAATCAGTTTAAT,0,1817330
hdeAp2,0.16666666666666666,5,5,GACCTGGACAACTCCTGCTG,0,1811234
hdeAp2,0.16666666666666666,5,5,GACCACTTGCGCATATGCAT,0,1786817
hdeAp2,0.16666666666666666,5,5,GACATCTCTTCGGGAGGGTG,0,1814627
hdeAp2,0.16666666666666666,5,5,GACATCGGATACGATTAGTC,0,1783804
hdeAp2,0.16666666666666666,5,5,GACATACTCTCCGCCGTACT,0,1789690
hdeAp2,0.16666666666666666,5,5,GACACAGTTAATGTCTGAGG,0,1798081
hdeAp2,0.16666666666666666,5,5,GACACACGCATTGACTTCGG,0,1815502
hdeAp2,0.16666666666666666,5,5,GAATTGTGCAGTTTGGGCAG,0,1770949
hdeAp2,0.16666666666666666,5,5,GAATTCAAGCCGAGGGGTCT,0,1817451
hdeAp2,0.16666666666666666,5,5,GAATGAGCGTTTTACAATTT,0,1783568
hdeAp2,0.16666666666666666,5,5,GAATGAAGAAGGATGGCGAG,0,1809218
hdeAp2,0.16666666666666666,5,5,GAATCTTCTGTTGCCCCACT,0,1811965
hdeAp2,0.16666666666666666,5,5,GAATCCAGCGAGGATTTCTC,0,1790772
hdeAp2,0.16666666666666666,5,5,GAAGGAGTTGGGTGCCGAAG,0,1788035
hdeAp2,0.16666666666666666,5,5,GAAGCGCCTCTCGCAAGAAC,0,1774368
hdeAp2,0.16666666666666666,5,5,GAACTGACCCCAAGCACTGA,0,1794697
hdeAp2,0.16666666666666666,5,5,GAACTCACTGATCAGCTATA,0,1799679
hdeAp2,0.16666666666666666,5,5,GAACGTTTTCAGTGTCGTCA,0,1806611
hdeAp2,0.16666666666666666,5,5,GAACCGTAAACTGAATAGCA,0,1798270
hdeAp2,0.16666666666666666,5,5,GAAAAATGGTGACGGCTAGT,0,1818715
hdeAp2,0.16666666666666666,5,5,GAAAAACTGTCATACCATGC,0,1813500
hdeAp2,0.16666666666666666,5,5,CTTTTCCGTTTACGTCATGC,0,1814733
hdeAp2,0.16666666666666666,5,5,CTTTTATTGCGGGGCGCTAT,0,1824596
hdeAp2,0.16666666666666666,5,5,CTTTGCACTCGTTCATATGT,0,1792558
hdeAp2,0.16666666666666666,5,5,CTTTCGCACTTGCATTTTTC,0,1805237
hdeAp2,0.16666666666666666,5,5,CTTTCCGCTGAGGTCGGTGG,0,1795555
hdeAp2,0.16666666666666666,5,5,CTTTATCCAGTTGTTCACAT,0,1791957
hdeAp2,0.16666666666666666,5,5,CTTGTTGTCATGTTGCATGA,0,1805874
hdeAp2,0.16666666666666666,5,5,CTTGTCATTATGCCCGGTTA,0,1813487
hdeAp2,0.16666666666666666,5,5,CTTGTAACTTCACTCTTCAG,0,1803526
hdeAp2,0.16666666666666666,5,5,CTTGCTTTCCCAATGAAAGG,0,1774446
hdeAp2,0.16666666666666666,5,5,CTTGCGAGAGTCGTTACAGT,0,1810123
hdeAp2,0.16666666666666666,5,5,CTTCCGACGGGTCTCGGTCC,0,1819180
hdeAp2,0.16666666666666666,5,5,CTTCCGAACAGCTATCAGGC,0,1772009
hdeAp2,0.16666666666666666,5,5,CTTAGCTTGGTTATTGGGGA,0,1771606
hdeAp2,0.16666666666666666,5,5,CTTAACATAGACAGACCGGA,0,1827978
hdeAp2,0.16666666666666666,5,5,CTGTTTGTCATGAGTTAGTG,0,1781250
hdeAp2,0.16666666666666666,5,5,CTGTTTCCCACTTTGGAGAG,0,1812125
hdeAp2,0.16666666666666666,5,5,CTGTGTCCGCAACAGAGTAC,0,1790638
hdeAp2,0.16666666666666666,5,5,CTGTCCGCCATCTCGCAGTT,0,1809129
hdeAp2,0.16666666666666666,5,5,CTGTAATCTGACTATATGGA,0,1777804
hdeAp2,0.16666666666666666,5,5,CTGGTCCGAAGGTTGGTTCA,0,1782849
hdeAp2,0.16666666666666666,5,5,CTGGCCCTCTGGTTCAGCAT,0,1827061
hdeAp2,0.16666666666666666,5,5,CTGGAGTGCGACCTGTAGTG,0,1785214
hdeAp2,0.16666666666666666,5,5,CTGCTCAACGCGCAAGAAAA,0,1820560
hdeAp2,0.16666666666666666,5,5,CTGCTATAGCTGCACGTTCA,0,1813879
hdeAp2,0.16666666666666666,5,5,CTGCATCCTGAACACCTTCA,0,1771894
hdeAp2,0.16666666666666666,5,5,CTGACTCACCGGCGAGTAAC,0,1802520
hdeAp2,0.16666666666666666,5,5,CTCGTTGAGTTAATGTAACT,0,1779206
hdeAp2,0.16666666666666666,5,5,CTCGTACCTTTCCGATAGGT,0,1789044
hdeAp2,0.16666666666666666,5,5,CTCGGGGTATCTTCCATGCG,0,1813915
hdeAp2,0.16666666666666666,5,5,CTCGCCACTATTGGGAGCCC,0,1823090
hdeAp2,0.16666666666666666,5,5,CTCCTAGGCTAGATATTTTG,0,1793911
hdeAp2,0.16666666666666666,5,5,CTCCAATTGTGAAAATACTG,0,1788289
hdeAp2,0.16666666666666666,5,5,CTCATCGCACAGGGCCGGAC,0,1802534
hdeAp2,0.16666666666666666,5,5,CTCATACTTCAATCTCCAGC,0,1785373
hdeAp2,0.16666666666666666,5,5,CTCAGCACAATCCAGGCGAA,0,1800605
hdeAp2,0.16666666666666666,5,5,CTCAAGGCTCTAGGTGACCT,0,1813763
hdeAp2,0.16666666666666666,5,5,CTATGTATGGCGCGACAGCG,0,1774029
hdeAp2,0.16666666666666666,5,5,CTATGGGTGTACGAAACGCT,0,1781824
hdeAp2,0.16666666666666666,5,5,CTATCGCTAGGCGGTCAGAG,0,1792422
hdeAp2,0.16666666666666666,5,5,CTAGGAGTACACCGTTAGAG,0,1778009
hdeAp2,0.16666666666666666,5,5,CTACGTCTAACTTCGAATTT,0,1784921
hdeAp2,0.16666666666666666,5,5,CTACGAGTGTATCAAGCTCA,0,1817476
hdeAp2,0.16666666666666666,5,5,CTACGACCCGAGTGGGCACA,0,1782932
hdeAp2,0.16666666666666666,5,5,CTACCGCTCGTGAAAATTTC,0,1813494
hdeAp2,0.16666666666666666,5,5,CTACATGGTATTCCCCCGTT,0,1812502
hdeAp2,0.16666666666666666,5,5,CTAATTTATATGACTGGCAC,0,1804421
hdeAp2,0.16666666666666666,5,5,CTAATCGAATTTTCGTGTTC,0,1773840
hdeAp2,0.16666666666666666,5,5,CTAAGTTTCATCCCTGCTTA,0,1797644
hdeAp2,0.16666666666666666,5,5,CTAAGCTATGCACGCGACAA,0,1776316
hdeAp2,0.16666666666666666,5,5,CTAACGCAGAGAGGCAATAT,0,1787537
hdeAp2,0.16666666666666666,5,5,CTAACAGTTTTAGACTTCAA,0,1807335
hdeAp2,0.16666666666666666,5,5,CTAACACTTCCAGCCCCTTA,0,1801372
hdeAp2,0.16666666666666666,5,5,CTAAAATCAGCATTCCTTCA,0,1797187
hdeAp2,0.16666666666666666,5,5,CGTTCGTGACACCACAAGTG,0,1806122
hdeAp2,0.16666666666666666,5,5,CGTTAAATATGCGTTCGCGG,0,1779591
hdeAp2,0.16666666666666666,5,5,CGTGTCGTTGGCTCATCGAC,0,1813616
hdeAp2,0.16666666666666666,5,5,CGTGTAGTATGCCGGCTGGA,0,1788973
hdeAp2,0.16666666666666666,5,5,CGTGGGGCTCTCGCTCAAAT,0,1777563
hdeAp2,0.16666666666666666,5,5,CGTGCTAGTGAAATGCGCTG,0,1824930
hdeAp2,0.16666666666666666,5,5,CGTGCGTCCCCCCGACAGAC,0,1787054
hdeAp2,0.16666666666666666,5,5,CGTGCGCGAGGCCCAACCTT,0,1812470
hdeAp2,0.16666666666666666,5,5,CGTCTGTCTCAATAGCTCTC,0,1778944
hdeAp2,0.16666666666666666,5,5,CGTCTGGGTAGTTTTGCCGG,0,1788485
hdeAp2,0.16666666666666666,5,5,CGTCGGTGTATTCTAGGGCG,0,1810364
hdeAp2,0.16666666666666666,5,5,CGTCGGGTTGCTGCAATGCA,0,1778812
hdeAp2,0.16666666666666666,5,5,CGTCGGGCGTCTCGGAGCCT,0,1799238
hdeAp2,0.16666666666666666,5,5,CGTCCGTAGGCATTATGGCA,0,1822876
hdeAp2,0.16666666666666666,5,5,CGTCCGGCCGTGAGATGTCC,0,1781641
hdeAp2,0.16666666666666666,5,5,CGTCCCCGCAAATGGGTACT,0,1815287
hdeAp2,0.16666666666666666,5,5,CGTCAGAGTCATAAACTCTT,0,1794028
hdeAp2,0.16666666666666666,5,5,CGTATGTGACCAATATTGGA,0,1784279
hdeAp2,0.16666666666666666,5,5,CGTATGCGTCAGGTCGGAGC,0,1816446
hdeAp2,0.16666666666666666,5,5,CGTATAAGACGGAACCTTGG,0,1790241
hdeAp2,0.16666666666666666,5,5,CGTAGGTGGTGTAGTCTCTT,0,1809862
hdeAp2,0.16666666666666666,5,5,CGTAGGCTAGCCGTTGTGAT,0,1795799
hdeAp2,0.16666666666666666,5,5,CGTAAAATGATATTTTATAG,0,1818447
hdeAp2,0.16666666666666666,5,5,CGGTTGGACCCCTTTGATCA,0,1776425
hdeAp2,0.16666666666666666,5,5,CGGTTAATGTTAAGCATGAG,0,1818125
hdeAp2,0.16666666666666666,5,5,CGGTGGCGAGTCTAGGGGTT,0,1815686
hdeAp2,0.16666666666666666,5,5,CGGTGCGTGGTAGCGACGTC,0,1776413
hdeAp2,0.16666666666666666,5,5,CGGTATATGCGCGTGAACCG,0,1807840
hdeAp2,0.16666666666666666,5,5,CGGGTCTCGGCTGGTATAAT,0,1787905
hdeAp2,0.16666666666666666,5,5,CGGGGAATAAGGACCCTCTG,0,1814888
hdeAp2,0.16666666666666666,5,5,CGGGCGGTTTAACGAGCGTA,0,1774276
hdeAp2,0.16666666666666666,5,5,CGGGCGCGGTAACCACCTTG,0,1778571
hdeAp2,0.16666666666666666,5,5,CGGGCACATCAGGAGATGGA,0,1808749
hdeAp2,0.16666666666666666,5,5,CGGGACACGCCGTTGCGGAA,0,1776329
hdeAp2,0.16666666666666666,5,5,CGGGAACGGGAGTTAACCCT,0,1786653
hdeAp2,0.16666666666666666,5,5,CGGCTTTTCGGGAGGGTTCT,0,1774511
hdeAp2,0.16666666666666666,5,5,CGGCTTAACCGCTCGTCGAA,0,1815682
hdeAp2,0.16666666666666666,5,5,CGGCTCAGTGGAAGTGTCTA,0,1795112
hdeAp2,0.16666666666666666,5,5,CGGCGTTTGGAACCCTTGGT,0,1794791
hdeAp2,0.16666666666666666,5,5,CGGCGTAACGGACCTCCTGC,0,1783308
hdeAp2,0.16666666666666666,5,5,CGGCGGCTGCAATCGTCCGT,0,1796474
hdeAp2,0.16666666666666666,5,5,CGGCGACAGTGTTACGGTGA,0,1780719
hdeAp2,0.16666666666666666,5,5,CGGCACTTACATAGATGCGA,0,1795679
hdeAp2,0.16666666666666666,5,5,CGGACTTTCTGCGTCTTTGC,0,1795691
hdeAp2,0.16666666666666666,5,5,CGGACGATGATTCCAGATTG,0,1814353
hdeAp2,0.16666666666666666,5,5,CGGAAGACAACTTATGCTCC,0,1799110
hdeAp2,0.16666666666666666,5,5,CGCTTCCAAGACGAGATTAC,0,1778544
hdeAp2,0.16666666666666666,5,5,CGCTCTATAGACGTCTGGAA,0,1782504
hdeAp2,0.16666666666666666,5,5,CGCTCGTTGACTACTGACAG,0,1821470
hdeAp2,0.16666666666666666,5,5,CGCTCGAAATTTGGCGAACA,0,1788613
hdeAp2,0.16666666666666666,5,5,CGCTACGCCAAGATATGTAT,0,1789135
hdeAp2,0.16666666666666666,5,5,CGCTAAAATGTCAAATGAAC,0,1778416
hdeAp2,0.16666666666666666,5,5,CGCGTACTACACGGGGCGGA,0,1788795
hdeAp2,0.16666666666666666,5,5,CGCGGTCTCAATTAAAACTC,0,1803590
hdeAp2,0.16666666666666666,5,5,CGCGGCCATGCGATATCTAG,0,1797681
hdeAp2,0.16666666666666666,5,5,CGCGCACGCTGTAACGAGTG,0,1804913
hdeAp2,0.16666666666666666,5,5,CGCGATTTCTGTTGTGGTGC,0,1815941
hdeAp2,0.16666666666666666,5,5,CGCCTGTGGACACTCCAACG,0,1814282
hdeAp2,0.16666666666666666,5,5,CGCCAGAGCGGGTTACTTAA,0,1804307
hdeAp2,0.16666666666666666,5,5,CGCCAAAGCGGTTAATAGTG,0,1809115
hdeAp2,0.16666666666666666,5,5,CGCAGGCTCAACTGTAAGGC,0,1793304
hdeAp2,0.16666666666666666,5,5,CGCAATACCTAGATTCGCGC,0,1812888
hdeAp2,0.16666666666666666,5,5,CGCAAGCCTACACAGAACCA,0,1826879
hdeAp2,0.16666666666666666,5,5,CGCAAGATAGGACATGATCA,0,1799244
hdeAp2,0.16666666666666666,5,5,CGATGTACTGCTTTTTTAGA,0,1784186
hdeAp2,0.16666666666666666,5,5,CGAGGTCCGGGTGCAACTGT,0,1779803
hdeAp2,0.16666666666666666,5,5,CGAGGACCTCTTATCGGCAA,0,1814121
hdeAp2,0.16666666666666666,5,5,CGACCACGAAGACGAGATGT,0,1803880
hdeAp2,0.16666666666666666,5,5,CCTTTTAACTCTGACAAGGT,0,1805220
hdeAp2,0.16666666666666666,5,5,CCTTTGGTTAGCATGGTAAT,0,1794502
hdeAp2,0.16666666666666666,5,5,CCTTTCGCTAGATTCGGGTA,0,1809165
hdeAp2,0.16666666666666666,5,5,CCTTTACCTTGATGCCCGAC,0,1817849
hdeAp2,0.16666666666666666,5,5,CCTTGTTGCTGAAGAGTGTG,0,1821440
hdeAp2,0.16666666666666666,5,5,CCTTGCGGGCAATTCGTATC,0,1808606
hdeAp2,0.16666666666666666,5,5,CCTTAGCCAATTGCCCCATG,0,1795342
hdeAp2,0.16666666666666666,5,5,CCTTAACCAATTTTCCATGA,0,1775790
hdeAp2,0.16666666666666666,5,5,CCTGCGGGAATTAACGCGCC,0,1809799
hdeAp2,0.16666666666666666,5,5,CCTGACTCATGTGTATCCAG,0,1815949
hdeAp2,0.16666666666666666,5,5,CCTCTTCTCGCACGTATACC,0,1793188
hdeAp2,0.16666666666666666,5,5,CCTCGTGTTTGTTACTTAAT,0,1785227
hdeAp2,0.16666666666666666,5,5,CCTCCACCCTAGCGACAATT,0,1816992
hdeAp2,0.16666666666666666,5,5,CCTCACGCGCTAGGTACAAC,0,1824817
hdeAp2,0.16666666666666666,5,5,CCTCACGAGCTGAGACATGC,0,1808511
hdeAp2,0.16666666666666666,5,5,CCTCAAAGTAACCGGACGAC,0,1804486
hdeAp2,0.16666666666666666,5,5,CCTATCCGTCACGTAACGAT,0,1771094
hdeAp2,0.16666666666666666,5,5,CCTAGGGTGCCCGAGTACCA,0,1814018
hdeAp2,0.16666666666666666,5,5,CCTACCGGTACCTTCCACCA,0,1801190
hdeAp2,0.16666666666666666,5,5,CCTAACGTAGCTTTCACTGA,0,1792288
hdeAp2,0.16666666666666666,5,5,CCGTTCAACCATGATCGGAA,0,1796975
hdeAp2,0.16666666666666666,5,5,CCGTCTAAGTGACGGATATA,0,1805950
hdeAp2,0.16666666666666666,5,5,CCGTACAAATCGCACTGACT,0,1771233
hdeAp2,0.16666666666666666,5,5,CCGGTAATTCGGACTGGATA,0,1796943
hdeAp2,0.16666666666666666,5,5,CCGGGGTTTGCCCCCGGACG,0,1790352
hdeAp2,0.16666666666666666,5,5,CCGGGGTATTTTGACCTAGT,0,1810482
hdeAp2,0.16666666666666666,5,5,CCGGCTGATTATAGTCGCGG,0,1777694
hdeAp2,0.16666666666666666,5,5,CCGGCTCAAATCAAATACGA,0,1791254
hdeAp2,0.16666666666666666,5,5,CCGGATCCTTAGCATAACTT,0,1771842
hdeAp2,0.16666666666666666,5,5,CCGGAATTACACGTGTATGA,0,1811139
hdeAp2,0.16666666666666666,5,5,CCGCTAACAGATGCGTAAAA,0,1802055
hdeAp2,0.16666666666666666,5,5,CCGCGCGGCAGCATAAAATA,0,1796575
hdeAp2,0.16666666666666666,5,5,CCGCATCCGGATAATGAGAG,0,1813575
hdeAp2,0.16666666666666666,5,5,CCGATGCGTGCCGTACCTCT,0,1791652
hdeAp2,0.16666666666666666,5,5,CCGATAAGTCACGAGTCGCC,0,1822201
hdeAp2,0.16666666666666666,5,5,CCGACTGTGCTCGTGCGTAC,0,1806173
hdeAp2,0.16666666666666666,5,5,CCGACTAAAAAGCACTGGGT,0,1820266
hdeAp2,0.16666666666666666,5,5,CCGACCTGGGCGATTTGCGC,0,1825380
hdeAp2,0.16666666666666666,5,5,CCGAATACGCACGAACCAGT,0,1789448
hdeAp2,0.16666666666666666,5,5,CCCTGTTGGGTCAGTTCCCC,0,1813885
hdeAp2,0.16666666666666666,5,5,CCCTGTACGAGGGGAAAACT,0,1795658
hdeAp2,0.16666666666666666,5,5,CCCTAGGGGTAGATCCCAGA,0,1804363
hdeAp2,0.16666666666666666,5,5,CCCTAGATCACCTCCACCCA,0,1827717
hdeAp2,0.16666666666666666,5,5,CCCGGTACCACGAATCACCA,0,1812558
hdeAp2,0.16666666666666666,5,5,CCCGCACGCGGGCCAACTGG,0,1801148
hdeAp2,0.16666666666666666,5,5,CCCGAACGGAGCCCTGCTCC,0,1783101
hdeAp2,0.16666666666666666,5,5,CCCGAACCTGCCGCCAGAAG,0,1806290
hdeAp2,0.16666666666666666,5,5,CCCCTTTTGGCCTGCACACC,0,1806863
hdeAp2,0.16666666666666666,5,5,CCCCATGTTCGTCGTAAACC,0,1807477
hdeAp2,0.16666666666666666,5,5,CCCCAGGCGGACCTACCATT,0,1776414
hdeAp2,0.16666666666666666,5,5,CCCCAATGTCGGAACCTTTT,0,1781196
hdeAp2,0.16666666666666666,5,5,CCCAGGCATTGTGTCGTTAA,0,1779574
hdeAp2,0.16666666666666666,5,5,CCCACTCACTTGAGAAAGCT,0,1805853
hdeAp2,0.16666666666666666,5,5,CCCACGTCCTTTTGCCCTTA,0,1813498
hdeAp2,0.16666666666666666,5,5,CCATTGTCCATCGAAGGGAC,0,1814379
hdeAp2,0.16666666666666666,5,5,CCATTCCTTTTTGGTATTCC,0,1826644
hdeAp2,0.16666666666666666,5,5,CCATTAGCCCGGTGCGGACC,0,1781686
hdeAp2,0.16666666666666666,5,5,CCATAGTCGCAAACATGGCA,0,1800931
hdeAp2,0.16666666666666666,5,5,CCAGTATAACGGGTCGCCAA,0,1816561
hdeAp2,0.16666666666666666,5,5,CCAGGAGATCAATTCACGAT,0,1793112
hdeAp2,0.16666666666666666,5,5,CCAGCATGAGGCGTCTCTAA,0,1825937
hdeAp2,0.16666666666666666,5,5,CCACTAGACCGTTTTCCGGG,0,1822819
hdeAp2,0.16666666666666666,5,5,CCACGTACTTCCTCGAATTC,0,1780713
hdeAp2,0.16666666666666666,5,5,CCACCCGCGGTTGCGTGCGC,0,1793524
hdeAp2,0.16666666666666666,5,5,CCACAGTCTACATCGTCGCA,0,1796617
hdeAp2,0.16666666666666666,5,5,CCAATTTTGTCCAAAAATCC,0,1777254
hdeAp2,0.16666666666666666,5,5,CCAAGAGAGATAGGGTTGTA,0,1813363
hdeAp2,0.16666666666666666,5,5,CCAACAATTCTTAGCGGGTA,0,1803296
hdeAp2,0.16666666666666666,5,5,CCAAATGTTGGTGGCTACTT,0,1812228
hdeAp2,0.16666666666666666,5,5,CCAAAGAGGTGGCTGTTACG,0,1812263
hdeAp2,0.16666666666666666,5,5,CCAAAACAACATGCAATGTC,0,1774621
hdeAp2,0.16666666666666666,5,5,CATTTTCCTCGTGATAGGGT,0,1802698
hdeAp2,0.16666666666666666,5,5,CATTTCTGCGATAAATAATG,0,1785543
hdeAp2,0.16666666666666666,5,5,CATTTCGGACCTGGAGCCCC,0,1818817
hdeAp2,0.16666666666666666,5,5,CATTTACTCACTCACGCCCT,0,1786274
hdeAp2,0.16666666666666666,5,5,CATTGAGGTGATGGTCAGGA,0,1817612
hdeAp2,0.16666666666666666,5,5,CATTCCTCTTAACCACATAC,0,1824196
hdeAp2,0.16666666666666666,5,5,CATTAACACACTTTCATCTC,0,1794106
hdeAp2,0.16666666666666666,5,5,CATGGAATGCTCATCAGCAA,0,1807990
hdeAp2,0.16666666666666666,5,5,CATGCCCCTATCGGATCGAT,0,1774046
hdeAp2,0.16666666666666666,5,5,CATGAGATAACCCGGTGTTT,0,1795472
hdeAp2,0.16666666666666666,5,5,CATCGGGCCTGTGTACGCCT,0,1788987
hdeAp2,0.16666666666666666,5,5,CATCGCGTTAGTCGTCCTAT,0,1784439
hdeAp2,0.16666666666666666,5,5,CATCCCTGGCGACACATACC,0,1812891
hdeAp2,0.16666666666666666,5,5,CATCCATAGTGGGTCGGAAT,0,1772460
hdeAp2,0.16666666666666666,5,5,CATATTTGGATCACGCGTTT,0,1794052
hdeAp2,0.16666666666666666,5,5,CATATGATCTGGTAGCTTTA,0,1797606
hdeAp2,0.16666666666666666,5,5,CATATAGGGTAACAGGCAAC,0,1788826
hdeAp2,0.16666666666666666,5,5,CATACTGTTACATATCGAAC,0,1799409
hdeAp2,0.16666666666666666,5,5,CATAATTGGATCTGGGCGAA,0,1773311
hdeAp2,0.16666666666666666,5,5,CAGTGGGGTTATGCTTTATT,0,1777774
hdeAp2,0.16666666666666666,5,5,CAGGTTCCGCGGTTTGTTTC,0,1797445
hdeAp2,0.16666666666666666,5,5,CAGGGGTAGCGATACTTAAG,0,1785814
hdeAp2,0.16666666666666666,5,5,CAGGGGTACGCGTCAGTGCT,0,1782673
hdeAp2,0.16666666666666666,5,5,CAGGGGGGGTTTAGGCCTGC,0,1779352
hdeAp2,0.16666666666666666,5,5,CAGGCTGTTCATTCCTCGCA,0,1783518
hdeAp2,0.16666666666666666,5,5,CAGGCCTGAAGGTGGAAGGT,0,1808405
hdeAp2,0.16666666666666666,5,5,CAGGAGCACATTTTGTTGGA,0,1775802
hdeAp2,0.16666666666666666,5,5,CAGGAACGACAACATTTCTC,0,1789283
hdeAp2,0.16666666666666666,5,5,CAGCGTGAGCGAGCTGAGGG,0,1801592
hdeAp2,0.16666666666666666,5,5,CAGCCGGCTTTTTCTCCGTA,0,1809621
hdeAp2,0.16666666666666666,5,5,CAGCCCTGCCGTACACCAAC,0,1814599
hdeAp2,0.16666666666666666,5,5,CAGCATAGCGTCGAGAAAAC,0,1782506
hdeAp2,0.16666666666666666,5,5,CAGATCGCACGATTTGCAGG,0,1816478
hdeAp2,0.16666666666666666,5,5,CAGATCGAACCCGTCCGCCA,0,1796004
hdeAp2,0.16666666666666666,5,5,CAGACGCATTTCTCTCTTAG,0,1807846
hdeAp2,0.16666666666666666,5,5,CAGAAGGACCCGCACACTCT,0,1781972
hdeAp2,0.16666666666666666,5,5,CAGAACGCCCTAACTGTCAG,0,1801958
hdeAp2,0.16666666666666666,5,5,CACTTTTGATTCGATCCGAT,0,1777717
hdeAp2,0.16666666666666666,5,5,CACTTTGCTGCGCTGCTGAA,0,1805243
hdeAp2,0.16666666666666666,5,5,CACTTGTCTCAAGATGTTGG,0,1815868
hdeAp2,0.16666666666666666,5,5,CACTCTGACGCCAGTTAGTG,0,1805125
hdeAp2,0.16666666666666666,5,5,CACTCGGCGGTGTGACTAGG,0,1807222
hdeAp2,0.16666666666666666,5,5,CACTAGAACACTCTTCGGGT,0,1794770
hdeAp2,0.16666666666666666,5,5,CACGTTTGCCTAGGACTGTC,0,1790021
hdeAp2,0.16666666666666666,5,5,CACGTCGATTGAATTTCGGG,0,1820394
hdeAp2,0.16666666666666666,5,5,CACGGCGTCCTTACAGATCA,0,1771765
hdeAp2,0.16666666666666666,5,5,CACGAAGCGTGCATGGGCCT,0,1795388
hdeAp2,0.16666666666666666,5,5,CACCCCCAGTACAATAGCCG,0,1790215
hdeAp2,0.16666666666666666,5,5,CACCCATATTATGACTGCAG,0,1795535
hdeAp2,0.16666666666666666,5,5,CACACTTCGCGTTCCAAGCC,0,1794243
hdeAp2,0.16666666666666666,5,5,CACACTAAGGGGGGCCATAG,0,1791272
hdeAp2,0.16666666666666666,5,5,CACAAAGCCTTTGCCTGCAA,0,1787706
hdeAp2,0.16666666666666666,5,5,CAATCAGGATTCTAATGTTC,0,1787748
hdeAp2,0.16666666666666666,5,5,CAATAAGCCTCCTATAGAAT,0,1796804
hdeAp2,0.16666666666666666,5,5,CAAGTTACTCCTGCTACCGG,0,1786770
hdeAp2,0.16666666666666666,5,5,CAAGGGGGCCGGGGAGACAA,0,1809173
hdeAp2,0.16666666666666666,5,5,CAAGGAGACCTAGGGGGTCG,0,1806332
hdeAp2,0.16666666666666666,5,5,CAAGCTTTTCCTGAGTTGAT,0,1779287
hdeAp2,0.16666666666666666,5,5,CAAGAATAGGGTAACGTCGG,0,1810545
hdeAp2,0.16666666666666666,5,5,CAACCTTCGCCGGAGGCCCT,0,1801200
hdeAp2,0.16666666666666666,5,5,CAACCTGTAGGGCCAACCGC,0,1796688
hdeAp2,0.16666666666666666,5,5,CAACCCTCTCGTTTGTTGCT,0,1806609
hdeAp2,0.16666666666666666,5,5,CAAATTTCTCGTCAGCAACT,0,1792506
hdeAp2,0.16666666666666666,5,5,CAAAAGATTTGAAAGTCGCG,0,1796981
hdeAp2,0.16666666666666666,5,5,CAAAACTAGCGGACACCGGC,0,1779295
hdeAp2,0.16666666666666666,5,5,ATTGAGACCGTGTGGGAGAA,0,1812571
hdeAp2,0.16666666666666666,5,5,ATTGAAGGATCAGGTCGCGG,0,1776449
hdeAp2,0.16666666666666666,5,5,ATTGAACGTAAGTAGGAACG,0,1802395
hdeAp2,0.16666666666666666,5,5,ATTCATAAGCAGGGGCGGGT,0,1826529
hdeAp2,0.16666666666666666,5,5,ATTCACGCGTACACTACTAT,0,1791885
hdeAp2,0.16666666666666666,5,5,ATTATTGGGCTTATTTTTCT,0,1800324
hdeAp2,0.16666666666666666,5,5,ATTAGTGTAAGAGCGCGTTC,0,1794749
hdeAp2,0.16666666666666666,5,5,ATTAGGTCAGAGCCAGGTTT,0,1780190
hdeAp2,0.16666666666666666,5,5,ATTAGCAAAGTGCGGTCTGG,0,1815352
hdeAp2,0.16666666666666666,5,5,ATTACTGGGTCCAAAGGCAG,0,1824401
hdeAp2,0.16666666666666666,5,5,ATTACGCATTGATCTGTACA,0,1812388
hdeAp2,0.16666666666666666,5,5,ATTAATCTTTGTAGGTGGGT,0,1814707
hdeAp2,0.16666666666666666,5,5,ATTAATATAGCTAATGGTTG,0,1778284
hdeAp2,0.16666666666666666,5,5,ATGTTCCGAGAAGTCACCTG,0,1774379
hdeAp2,0.16666666666666666,5,5,ATGTTCAGGAGCATATTGGT,0,1798996
hdeAp2,0.16666666666666666,5,5,ATGTGGTTGTATATACGGCC,0,1818242
hdeAp2,0.16666666666666666,5,5,ATGTGCTACGTATAATCGAG,0,1813247
hdeAp2,0.16666666666666666,5,5,ATGTGCGTTATGAAACATAG,0,1808513
hdeAp2,0.16666666666666666,5,5,ATGTCTTTCTTGTCGTAAAG,0,1801442
hdeAp2,0.16666666666666666,5,5,ATGTATGGACTATGAGGAGA,0,1818064
hdeAp2,0.16666666666666666,5,5,ATGGTAAACGCATAACAACT,0,1804929
hdeAp2,0.16666666666666666,5,5,ATGGCCGCGGCTTTCGGCAT,0,1771566
hdeAp2,0.16666666666666666,5,5,ATGGCAGACCTCTCCAGAAA,0,1804121
hdeAp2,0.16666666666666666,5,5,ATGGATAACAGCGGGCTCAC,0,1802190
hdeAp2,0.16666666666666666,5,5,ATGCGTTCTATACTCGCGCA,0,1816276
hdeAp2,0.16666666666666666,5,5,ATGCAGTATCGCAAGTGATT,0,1796083
hdeAp2,0.16666666666666666,5,5,ATGCAATCCAAATTCTTGTT,0,1776681
hdeAp2,0.16666666666666666,5,5,ATGATGTGTCGCATATTAAG,0,1773680
hdeAp2,0.16666666666666666,5,5,ATGATCTGGCCAATGTGCAG,0,1828604
hdeAp2,0.16666666666666666,5,5,ATGAGCGTAGCGGGGGGCTT,0,1797325
hdeAp2,0.16666666666666666,5,5,ATGACGTAACATGCAAAAGC,0,1773367
hdeAp2,0.16666666666666666,5,5,ATGACAATGCACAGTTGGCT,0,1786503
hdeAp2,0.16666666666666666,5,5,ATGAATGGTCTCCCAACAGA,0,1771188
hdeAp2,0.16666666666666666,5,5,ATCTGGATCGGCTTTGGGAC,0,1811512
hdeAp2,0.16666666666666666,5,5,ATCTCCAGAATTCTGTGTCT,0,1817461
hdeAp2,0.16666666666666666,5,5,ATCTAGGTTGTTCGTCACGT,0,1815614
hdeAp2,0.16666666666666666,5,5,ATCTACCACATATCGCCCTC,0,1822384
hdeAp2,0.16666666666666666,5,5,ATCGGGACGTCTCAACCCGC,0,1779042
hdeAp2,0.16666666666666666,5,5,ATCGCCGTACTTGAGTTAGG,0,1803698
hdeAp2,0.16666666666666666,5,5,ATCGAAATACCCTCGGTAGC,0,1775160
hdeAp2,0.16666666666666666,5,5,ATCCGATGGAGAATGGGACA,0,1801686
hdeAp2,0.16666666666666666,5,5,ATCCCCATTCAGCGTTACCT,0,1793777
hdeAp2,0.16666666666666666,5,5,ATCCAAGCGACGTAGCCATT,0,1784457
hdeAp2,0.16666666666666666,5,5,ATCATGAAGAGGCCTGTTGT,0,1771351
hdeAp2,0.16666666666666666,5,5,ATCAGCAGCCTCAAGCGCTA,0,1798890
hdeAp2,0.16666666666666666,5,5,ATCACCCGGTTTTCCGCAAT,0,1818123
hdeAp2,0.16666666666666666,5,5,ATCACCAGTCGTAGCAGCAG,0,1812645
hdeAp2,0.16666666666666666,5,5,ATCACAACCGCCTTCCCGCA,0,1826482
hdeAp2,0.16666666666666666,5,5,ATCAATCCGCGACGGTGTAA,0,1802687
hdeAp2,0.16666666666666666,5,5,ATATGTCAGTTTTGTATAGT,0,1780216
hdeAp2,0.16666666666666666,5,5,ATATCGGGCGCGAACGGGAA,0,1814022
hdeAp2,0.16666666666666666,5,5,ATAGGCTGACCGGCAAGCAA,0,1782666
hdeAp2,0.16666666666666666,5,5,ATAGCGGCCCGGTGGACCGC,0,1797654
hdeAp2,0.16666666666666666,5,5,ATAGAGTAGACGCCCGGATT,0,1809557
hdeAp2,0.16666666666666666,5,5,ATACTTTAACCGTGACTCCA,0,1814658
hdeAp2,0.16666666666666666,5,5,ATACTGATATACCGTACAGT,0,1817159
hdeAp2,0.16666666666666666,5,5,ATACGTCCACGTCCTTCCTC,0,1823211
hdeAp2,0.16666666666666666,5,5,ATACGGCTCCGTTTTTATCA,0,1803112
hdeAp2,0.16666666666666666,5,5,ATAAGACAGGCTAGTGTGGC,0,1779687
hdeAp2,0.16666666666666666,5,5,ATAACGTCAGTTCTTTCAGT,0,1773811
hdeAp2,0.16666666666666666,5,5,ATAAAGCAATCTCCCATTAG,0,1809507
hdeAp2,0.16666666666666666,5,5,AGTTGGTGTCCATTACCCTA,0,1773794
hdeAp2,0.16666666666666666,5,5,AGTTATAGCTTGCCCAAACC,0,1821634
hdeAp2,0.16666666666666666,5,5,AGTTAGTATCGCCGAAGGCG,0,1803245
hdeAp2,0.16666666666666666,5,5,AGTGTGCTAGGATGATTCAT,0,1777362
hdeAp2,0.16666666666666666,5,5,AGTGTCGCTATCTTAAAAAA,0,1797698
hdeAp2,0.16666666666666666,5,5,AGTGGTACCAACACGAACCA,0,1788061
hdeAp2,0.16666666666666666,5,5,AGTGGTAATCGGCTATAGGA,0,1780387
hdeAp2,0.16666666666666666,5,5,AGTGCAGCCGCCGTTCATGA,0,1811422
hdeAp2,0.16666666666666666,5,5,AGTGATTTTGATAGTGTGAC,0,1788659
hdeAp2,0.16666666666666666,5,5,AGTGATGATGCAACACCTTC,0,1817584
hdeAp2,0.16666666666666666,5,5,AGTCTTACAAGTTTCATTCT,0,1822703
hdeAp2,0.16666666666666666,5,5,AGTCTTAAAAAGGCAAATTT,0,1802057
hdeAp2,0.16666666666666666,5,5,AGTCCTCGACTTAGCTTGAG,0,1824265
hdeAp2,0.16666666666666666,5,5,AGTATTCGAGAGTTTGATAT,0,1791288
hdeAp2,0.16666666666666666,5,5,AGTATCCAGAACCGAGGATA,0,1811653
hdeAp2,0.16666666666666666,5,5,AGTACTGGCAGTTGCAGATC,0,1790407
hdeAp2,0.16666666666666666,5,5,AGTAATTATTGGGGACAGCT,0,1794015
hdeAp2,0.16666666666666666,5,5,AGTAAGGACTGACGGTTTGT,0,1822906
hdeAp2,0.16666666666666666,5,5,AGTAAAAGGTGGCTAGTGCG,0,1806227
hdeAp2,0.16666666666666666,5,5,AGGTTTCTCTACACGTAATG,0,1787885
hdeAp2,0.16666666666666666,5,5,AGGTTGGAATATTAAATTGA,0,1784648
hdeAp2,0.16666666666666666,5,5,AGGTTCCGCGCGCGTGGGGA,0,1778551
hdeAp2,0.16666666666666666,5,5,AGGTGGATGTTATAATCAGC,0,1781409
hdeAp2,0.16666666666666666,5,5,AGGTGATAGGGAACTCGGTG,0,1771274
hdeAp2,0.16666666666666666,5,5,AGGTCTGGCAGCTGTACTAT,0,1807853
hdeAp2,0.16666666666666666,5,5,AGGTACTTATTTTCACATCA,0,1822593
hdeAp2,0.16666666666666666,5,5,AGGTAATTTTTATGATTGTC,0,1787551
hdeAp2,0.16666666666666666,5,5,AGGGTGCACGCGGATTCCCC,0,1821730
hdeAp2,0.16666666666666666,5,5,AGGGTGACAACCATACCCTG,0,1789401
hdeAp2,0.16666666666666666,5,5,AGGGGTGCATTCAATTCTAA,0,1798643
hdeAp2,0.16666666666666666,5,5,AGGGCGTTTTGGTTATAAGA,0,1822694
hdeAp2,0.16666666666666666,5,5,AGGCAGCCAATACCAGGCAA,0,1824020
hdeAp2,0.16666666666666666,5,5,AGGATTTGATTCGGAATCAC,0,1808130
hdeAp2,0.16666666666666666,5,5,AGGATCACCGACGTGTAAAA,0,1782713
hdeAp2,0.16666666666666666,5,5,AGGAGGTTAGGCGATACCGA,0,1825550
hdeAp2,0.16666666666666666,5,5,AGGAATTGGTACCACGGAAA,0,1785588
hdeAp2,0.16666666666666666,5,5,AGGAAAACACTCGAGTCGTG,0,1792256
hdeAp2,0.16666666666666666,5,5,AGCTTCCGGTAATCCCGACC,0,1793171
hdeAp2,0.16666666666666666,5,5,AGCTTATCCTACGGACCGTA,0,1783607
hdeAp2,0.16666666666666666,5,5,AGCGTATAGGTCCACCCTCT,0,1790737
hdeAp2,0.16666666666666666,5,5,AGCGGGGCGTGAAGGAGTGG,0,1804272
hdeAp2,0.16666666666666666,5,5,AGCGGCTCATAATACTATTC,0,1802378
hdeAp2,0.16666666666666666,5,5,AGCGCAGGCAGATCCCAGGA,0,1791891
hdeAp2,0.16666666666666666,5,5,AGCGCAGAGGGTCACACAGA,0,1827895
hdeAp2,0.16666666666666666,5,5,AGCGACGGCAGCAAGCCAAT,0,1813798
hdeAp2,0.16666666666666666,5,5,AGCCTGCTCATCTATCAACT,0,1788713
hdeAp2,0.16666666666666666,5,5,AGCCTAGAAGCGGGTACCCT,0,1824451
hdeAp2,0.16666666666666666,5,5,AGCCATATGACACACGCTAG,0,1786581
hdeAp2,0.16666666666666666,5,5,AGCCATAGAATACTCTTGCA,0,1825317
hdeAp2,0.16666666666666666,5,5,AGCATTTCTGTGTAATTGAC,0,1771939
hdeAp2,0.16666666666666666,5,5,AGCAGCAGAGCACAACCCCG,0,1774836
hdeAp2,0.16666666666666666,5,5,AGCACTTATCACTGCGGAGT,0,1816618
hdeAp2,0.16666666666666666,5,5,AGCACGAGAATGCGAGTTTC,0,1795467
hdeAp2,0.16666666666666666,5,5,AGCAATGCTTCTGCACCCCT,0,1790459
hdeAp2,0.16666666666666666,5,5,AGCAAGTACACTGAATACTG,0,1782192
hdeAp2,0.16666666666666666,5,5,AGCAACTGAGGTCGCACCAG,0,1787356
hdeAp2,0.16666666666666666,5,5,AGATTCACGACGATTTCCGG,0,1775457
hdeAp2,0.16666666666666666,5,5,AGATTAGTTAAGTGCGGCAA,0,1787921
hdeAp2,0.16666666666666666,5,5,AGATTAGGCCATTAAGTAAC,0,1776700
hdeAp2,0.16666666666666666,5,5,AGATGTACGCGTACGGGATC,0,1775289
hdeAp2,0.16666666666666666,5,5,AGATACTTTAACGCTGGAAT,0,1778059
hdeAp2,0.16666666666666666,5,5,AGATAATGGCGACGTTGGAA,0,1824178
hdeAp2,0.16666666666666666,5,5,AGATAAGTCGGACTTACGAT,0,1786648
hdeAp2,0.16666666666666666,5,5,AGAGGGAATCCAGAACTATA,0,1823578
hdeAp2,0.16666666666666666,5,5,AGAGGCTTCAATAGGTTGAG,0,1772651
hdeAp2,0.16666666666666666,5,5,AGAGATCACTAATTCGCGGC,0,1804299
hdeAp2,0.16666666666666666,5,5,AGAGAACAGACTCTAGTTAT,0,1823681
hdeAp2,0.16666666666666666,5,5,AGACTGACTTGGGAATGGTC,0,1773697
hdeAp2,0.16666666666666666,5,5,AGACTATTGAGGCTTTCGAA,0,1796244
hdeAp2,0.16666666666666666,5,5,AGACTAGGCCGTCCTTAACG,0,1798376
hdeAp2,0.16666666666666666,5,5,AGACGGCGAATCTGGAGGTG,0,1779205
hdeAp2,0.16666666666666666,5,5,AGACGGAGTTTACGTCTCTA,0,1816876
hdeAp2,0.16666666666666666,5,5,AGACGCCTTACACACAGCTA,0,1775982
hdeAp2,0.16666666666666666,5,5,AGACGCCAATAGCAAGATCA,0,1771406
hdeAp2,0.16666666666666666,5,5,AGACGACTTACTCGATCTCT,0,1811231
hdeAp2,0.16666666666666666,5,5,AGACAGAACCGGTCGGGGGA,0,1814544
hdeAp2,0.16666666666666666,5,5,AGACAATTTCGCATACGTCA,0,1814189
hdeAp2,0.16666666666666666,5,5,ACTTTATGCGGGGTTGCGTA,0,1778207
hdeAp2,0.16666666666666666,5,5,ACTTGTCCTTCCTGTCTGAA,0,1804960
hdeAp2,0.16666666666666666,5,5,ACTTGCGCGCGTACTTCGAT,0,1798012
hdeAp2,0.16666666666666666,5,5,ACTTCAGACTCGGGAGCAGA,0,1821696
hdeAp2,0.16666666666666666,5,5,ACTTCAATGGAAACTCGCCA,0,1789648
hdeAp2,0.16666666666666666,5,5,ACTGTCAAATAGCAGTAACG,0,1823934
hdeAp2,0.16666666666666666,5,5,ACTGGTCGCGTGGCCAATGG,0,1786253
hdeAp2,0.16666666666666666,5,5,ACTGGTACCGGGCATTCGAA,0,1827736
hdeAp2,0.16666666666666666,5,5,ACTGGCTACGAGCTTGACAA,0,1786131
hdeAp2,0.16666666666666666,5,5,ACTGCTATTAATGAGTGAAA,0,1784891
hdeAp2,0.16666666666666666,5,5,ACTGCCCAAAATGGGGGTGC,0,1777068
hdeAp2,0.16666666666666666,5,5,ACTGCAGCGCACCCGGCACT,0,1818012
hdeAp2,0.16666666666666666,5,5,ACTGCACGTGGGCTTTCCAT,0,1820825
hdeAp2,0.16666666666666666,5,5,ACTGATGCCGACCTAACACA,0,1791942
hdeAp2,0.16666666666666666,5,5,ACTGAGATACGATCGTGGCC,0,1782833
hdeAp2,0.16666666666666666,5,5,ACTAGGAGGACACGTAACTT,0,1806252
hdeAp2,0.16666666666666666,5,5,ACGTTTAATAAGGTTCTAGC,0,1812348
hdeAp2,0.16666666666666666,5,5,ACGTGCACGACAAGGCCTGG,0,1779558
hdeAp2,0.16666666666666666,5,5,ACGGGGACAAAGCTCGACAA,0,1817113
hdeAp2,0.16666666666666666,5,5,ACGGGCGGCCATAGGCGCTT,0,1775268
hdeAp2,0.16666666666666666,5,5,ACGGCAAGAGTAATTTATAT,0,1823035
hdeAp2,0.16666666666666666,5,5,ACGCTACCATGCCGGCAGTA,0,1775969
hdeAp2,0.16666666666666666,5,5,ACGCGTTAGAGAAAGGATAC,0,1812378
hdeAp2,0.16666666666666666,5,5,ACGCGGGTACACACAGCAAT,0,1798401
hdeAp2,0.16666666666666666,5,5,ACGCATCGCAGTCTAGGGGA,0,1828643
hdeAp2,0.16666666666666666,5,5,ACGCATCCGGACAAAGCTAC,0,1826854
hdeAp2,0.16666666666666666,5,5,ACGCAGCCCCTACTCTTGGA,0,1796329
hdeAp2,0.16666666666666666,5,5,ACGATCTCGACTAACGTACA,0,1777198
hdeAp2,0.16666666666666666,5,5,ACGATCAAGATCGGGACCGT,0,1773100
hdeAp2,0.16666666666666666,5,5,ACGATAGGTTTAACGAGTCC,0,1804979
hdeAp2,0.16666666666666666,5,5,ACGATAATTGGTTGGATCGG,0,1771209
hdeAp2,0.16666666666666666,5,5,ACGAGACAGCTCCCGGGTGT,0,1784578
hdeAp2,0.16666666666666666,5,5,ACGACGCAATTTCGGATGGA,0,1779384
hdeAp2,0.16666666666666666,5,5,ACGACCATTGAATCCAATTG,0,1810723
hdeAp2,0.16666666666666666,5,5,ACGAATGTGAAAGACGGAAC,0,1818003
hdeAp2,0.16666666666666666,5,5,ACGAATAGTCGGGTTCGGTA,0,1785649
hdeAp2,0.16666666666666666,5,5,ACCTTTTGAGAGCTGTGACC,0,1787042
hdeAp2,0.16666666666666666,5,5,ACCTTTGCCGGGCTTTTCTC,0,1815348
hdeAp2,0.16666666666666666,5,5,ACCTGTGTCCATAGTGGGGT,0,1812025
hdeAp2,0.16666666666666666,5,5,ACCTCTAGTTCAGGCGTAAC,0,1785935
hdeAp2,0.16666666666666666,5,5,ACCTAGGTCTTCACGGAAAA,0,1822734
hdeAp2,0.16666666666666666,5,5,ACCTACCATCGAGACTGTCC,0,1796867
hdeAp2,0.16666666666666666,5,5,ACCGGTAGTAGAGGTGACTC,0,1797257
hdeAp2,0.16666666666666666,5,5,ACCGCTGGTGGAATTAGCTT,0,1791785
hdeAp2,0.16666666666666666,5,5,ACCGCTAGTGAGAGAAAGGC,0,1780180
hdeAp2,0.16666666666666666,5,5,ACCGACCGGACCTGCAACCT,0,1802710
hdeAp2,0.16666666666666666,5,5,ACCCTAAACCTTTGTGACAG,0,1787463
hdeAp2,0.16666666666666666,5,5,ACCCGAGAAAGCTGCAATAC,0,1824967
hdeAp2,0.16666666666666666,5,5,ACCATCGGTGCGTACTATCG,0,1784121
hdeAp2,0.16666666666666666,5,5,ACCATCGCAACGTGTAATGT,0,1791400
hdeAp2,0.16666666666666666,5,5,ACCACAGTGCGTCTCCTTTC,0,1812522
hdeAp2,0.16666666666666666,5,5,ACATTAGAGGAGGGTCGTCG,0,1808354
hdeAp2,0.16666666666666666,5,5,ACATGGTAATGACCTATCAT,0,1828768
hdeAp2,0.16666666666666666,5,5,ACATGACGAATCAAACGTAT,0,1781555
hdeAp2,0.16666666666666666,5,5,ACATCCATCCACCGATTTCA,0,1778556
hdeAp2,0.16666666666666666,5,5,ACATAGACCTGCGCTCTAGC,0,1790534
hdeAp2,0.16666666666666666,5,5,ACAGTCGCGGAGGGTGTTGA,0,1819547
hdeAp2,0.16666666666666666,5,5,ACAGGACCATTTACGAGCGG,0,1793560
hdeAp2,0.16666666666666666,5,5,ACAGCTCCATTCTGACGTCA,0,1774266
hdeAp2,0.16666666666666666,5,5,ACAGCCAAGGTCACGTACAG,0,1824994
hdeAp2,0.16666666666666666,5,5,ACAGAGGGAATGGGGCGGGT,0,1793055
hdeAp2,0.16666666666666666,5,5,ACACCTTGAGGAACGTGTTT,0,1826580
hdeAp2,0.16666666666666666,5,5,ACACCTCGTGGGATACTAGA,0,1798641
hdeAp2,0.16666666666666666,5,5,ACACATAAAATCCGCATCCC,0,1777673
hdeAp2,0.16666666666666666,5,5,ACACAGTTCGGTCGGAATTA,0,1782500
hdeAp2,0.16666666666666666,5,5,ACACAGGTTCCCCACTCGCT,0,1823044
hdeAp2,0.16666666666666666,5,5,ACACACCTTCGAGTTCATTT,0,1774663
hdeAp2,0.16666666666666666,5,5,ACAATTGTCCTCCATGTCCC,0,1802539
hdeAp2,0.16666666666666666,5,5,ACAAGCGATTCCTGTTTCAT,0,1819971
hdeAp2,0.16666666666666666,5,5,ACAAGAGATCCGGGTATGTG,0,1800892
hdeAp2,0.16666666666666666,5,5,ACAACAAGTGGTTCAGCTAT,0,1786840
hdeAp2,0.16666666666666666,5,5,ACAAAGAAACTATGACATGA,0,1785792
hdeAp2,0.16666666666666666,5,5,AATTTTTGTACAATATGTTC,0,1820988
hdeAp2,0.16666666666666666,5,5,AATTTAGATAAGGTTAATAC,0,1786056
hdeAp2,0.16666666666666666,5,5,AATTCTGATAACCGTGCCCA,0,1800332
hdeAp2,0.16666666666666666,5,5,AATTCGGTAAATACTTTCAC,0,1774307
hdeAp2,0.16666666666666666,5,5,AATGGTTAAAGTTAACTGTG,0,1818337
hdeAp2,0.16666666666666666,5,5,AATGGGTTCGGGTCCCAGTG,0,1772147
hdeAp2,0.16666666666666666,5,5,AATCTGATATTTTAGGTGTG,0,1772374
hdeAp2,0.16666666666666666,5,5,AATCTGAACGTTCGATTCGA,0,1776894
hdeAp2,0.16666666666666666,5,5,AATCGGCTCTGAACGCAGTA,0,1774006
hdeAp2,0.16666666666666666,5,5,AATCGGCAAAATTTGCTGAT,0,1809483
hdeAp2,0.16666666666666666,5,5,AATCCTCATTGGGTCTCTAG,0,1816392
hdeAp2,0.16666666666666666,5,5,AATCCATGTATGCTTCATGA,0,1783663
hdeAp2,0.16666666666666666,5,5,AATCATCAGGGTCACTGATG,0,1824146
hdeAp2,0.16666666666666666,5,5,AATCATATATGAGCCGCAGC,0,1822874
hdeAp2,0.16666666666666666,5,5,AATATGCTTACTTGGGGCTG,0,1795860
hdeAp2,0.16666666666666666,5,5,AATATCCAATGCGTGGCCCC,0,1805972
hdeAp2,0.16666666666666666,5,5,AATATCAGCCATATGGTCAG,0,1771983
hdeAp2,0.16666666666666666,5,5,AATATATGCGCCTTAACAAA,0,1772749
hdeAp2,0.16666666666666666,5,5,AATACGTCAGGTTAACGAGT,0,1774639
hdeAp2,0.16666666666666666,5,5,AAGTTTCCTGACCCTTGTCA,0,1774048
hdeAp2,0.16666666666666666,5,5,AAGTGTTGTACGATGCTTGA,0,1821823
hdeAp2,0.16666666666666666,5,5,AAGTGGTACACGAGATTAGA,0,1775172
hdeAp2,0.16666666666666666,5,5,AAGGGTGTCCATCGGGACTT,0,1796299
hdeAp2,0.16666666666666666,5,5,AAGGCTGTAACTCAGGAAAT,0,1798455
hdeAp2,0.16666666666666666,5,5,AAGGCGCAGCGCTCTTTGAT,0,1812999
hdeAp2,0.16666666666666666,5,5,AAGGACGTGCTGGTAGTCGG,0,1824968
hdeAp2,0.16666666666666666,5,5,AAGCTGTGTAATCCTCTCTT,0,1817820
hdeAp2,0.16666666666666666,5,5,AAGCCGCAGTCTGTGTCGAG,0,1792612
hdeAp2,0.16666666666666666,5,5,AAGCCCCTTTATGGGAGCCC,0,1774111
hdeAp2,0.16666666666666666,5,5,AAGCCCCGTTCCCCTAGTCA,0,1812720
hdeAp2,0.16666666666666666,5,5,AAGCACGCATAAATAGAATT,0,1793632
hdeAp2,0.16666666666666666,5,5,AAGCACCTCGACTCTCATCA,0,1784401
hdeAp2,0.16666666666666666,5,5,AAGATACCCCACCTACACCA,0,1780127
hdeAp2,0.16666666666666666,5,5,AAGAGTTAGTTCCTCCCCCG,0,1821011
hdeAp2,0.16666666666666666,5,5,AAGAGCGTCAGTGAGGAATA,0,1821558
hdeAp2,0.16666666666666666,5,5,AAGACTACTTCAAGGGGCTG,0,1794453
hdeAp2,0.16666666666666666,5,5,AAGAACCTTCTCTGACGGTG,0,1805008
hdeAp2,0.16666666666666666,5,5,AAGAAAAGTATTTTGCCAAA,0,1827393
hdeAp2,0.16666666666666666,5,5,AACTTGTGGAATAGTCTCAC,0,1775828
hdeAp2,0.16666666666666666,5,5,AACTTACCGGAGGACGGCAT,0,1775436
hdeAp2,0.16666666666666666,5,5,AACTCAGGCGGGGTATCAAA,0,1782623
hdeAp2,0.16666666666666666,5,5,AACGCCAACTGTGTAACAAT,0,1814866
hdeAp2,0.16666666666666666,5,5,AACCTTTTTTCCATAGTGGA,0,1802738
hdeAp2,0.16666666666666666,5,5,AACCTGCAGTGAGAGTTAAG,0,1788010
hdeAp2,0.16666666666666666,5,5,AACCTATCCTACCATGGTGA,0,1819992
hdeAp2,0.16666666666666666,5,5,AACCCTCGCATGTATACAAA,0,1825743
hdeAp2,0.16666666666666666,5,5,AACCCCGGGTCGCTCAAAAC,0,1790587
hdeAp2,0.16666666666666666,5,5,AACATTTTTGAGCCCAAAAA,0,1787258
hdeAp2,0.16666666666666666,5,5,AACATTAGCGGCCGATATAA,0,1805878
hdeAp2,0.16666666666666666,5,5,AACATCCCCTAAGATATCGA,0,1803204
hdeAp2,0.16666666666666666,5,5,AACATCCATCGGTTCTGTAC,0,1799685
hdeAp2,0.16666666666666666,5,5,AACACAGGTAGGCTCAATTG,0,1816555
hdeAp2,0.16666666666666666,5,5,AACAACCGGGTTCGGTATGT,0,1787986
hdeAp2,0.16666666666666666,5,5,AAATTTCAATTCATCTACAT,0,1798647
hdeAp2,0.16666666666666666,5,5,AAATGTTTGGAGTACATTGG,0,1788055
hdeAp2,0.16666666666666666,5,5,AAATGCTCTCGCTCTCTCTA,0,1817322
hdeAp2,0.16666666666666666,5,5,AAATCTTTGATGCTTGTCGT,0,1780950
hdeAp2,0.16666666666666666,5,5,AAATCCGGCACTAATGCGCT,0,1778778
hdeAp2,0.16666666666666666,5,5,AAATCCAGAAGCGTGCCGCA,0,1825470
hdeAp2,0.16666666666666666,5,5,AAATACCGCTTCCTATTAAT,0,1805677
hdeAp2,0.16666666666666666,5,5,AAAGTGGCGCGGGAGTGTGT,0,1782359
hdeAp2,0.16666666666666666,5,5,AAAGTCATCTAACTCCCGTG,0,1804404
hdeAp2,0.16666666666666666,5,5,AAAGTACTGTGGTGTTGACC,0,1808389
hdeAp2,0.16666666666666666,5,5,AAAGGCATGTGGGGCATCAG,0,1800429
hdeAp2,0.16666666666666666,5,5,AAACTGCGGTCCGGCATGAC,0,1776068
hdeAp2,0.16666666666666666,5,5,AAACTATTGCACCGTGTCAT,0,1783506
hdeAp2,0.16666666666666666,5,5,AAACGGGGCAGCAGCCTCAC,0,1807781
hdeAp2,0.16666666666666666,5,5,AAACGGGCCTGCTGCGGGCT,0,1826741
hdeAp2,0.16666666666666666,5,5,AAACCCGCCTAAAGCCAATT,0,1777139
hdeAp2,0.16666666666666666,5,5,AAACCAAATACAGGTCTCAT,0,1789852
hdeAp2,0.16666666666666666,5,5,AAAAACCAACCAGGGCGTTC,0,1809184
hdeAp2,0.16666666666666666,5,5,AAAAAAGGCCGTTGCTTAGA,0,1796322
hdeAp2,0.2,4,4,TTTTGTACCATTTTTGAGCT,0,1794640
hdeAp2,0.2,4,4,TTTTCTGTGCTCCTTATTCA,0,1824531
hdeAp2,0.2,4,4,TTTTCCGGCTACCCAATTAG,0,1773289
hdeAp2,0.2,4,4,TTTTCAGTTATGTTATATCT,0,1779044
hdeAp2,0.2,4,4,TTTGTTCCAGGACCCTGTTA,0,1804175
hdeAp2,0.2,4,4,TTTGCGCTCGGAAACCTTAT,0,1807572
hdeAp2,0.2,4,4,TTTGCGCGGCGCGTGGGCGT,0,1797033
hdeAp2,0.2,4,4,TTTGCCCCTTCATAGTTAAA,0,1801298
hdeAp2,0.2,4,4,TTTGATGCCCGGAATTTTTA,0,1778749
hdeAp2,0.2,4,4,TTTGAGTCCCGTTCCGTAGC,0,1809344
hdeAp2,0.2,4,4,TTTGAGCCTTGTCGCGAACA,0,1777541
hdeAp2,0.2,4,4,TTTGAATGTTACAGTCCTAA,0,1822548
hdeAp2,0.2,4,4,TTTCTCCTGGAGGTAGTTAT,0,1789666
hdeAp2,0.2,4,4,TTTCGATCAGGGTGCGTACG,0,1786587
hdeAp2,0.2,4,4,TTTCCCTTGGGTAAAGTTCA,0,1817048
hdeAp2,0.2,4,4,TTTCCCAGCTAAGCAACGTG,0,1781567
hdeAp2,0.2,4,4,TTTCACCTAGCTTACCTGCA,0,1804810
hdeAp2,0.2,4,4,TTTATAGCCCAAATTGTTGG,0,1805600
hdeAp2,0.2,4,4,TTTAATAACCACGGAGCCCA,0,1798827
hdeAp2,0.2,4,4,TTTAACGCTGTCCAAGGGCG,0,1805124
hdeAp2,0.2,4,4,TTTAAAGATGTACAAAACTC,0,1820661
hdeAp2,0.2,4,4,TTGTTGCTTCTGTGCTGATC,0,1820779
hdeAp2,0.2,4,4,TTGTTGCGTAACAGTGAACT,0,1797343
hdeAp2,0.2,4,4,TTGTTCGATCACTTCACGTA,0,1791280
hdeAp2,0.2,4,4,TTGTGTTAGAAGATCCGGTA,0,1800240
hdeAp2,0.2,4,4,TTGTCTTACTTCCCTGAGAG,0,1812846
hdeAp2,0.2,4,4,TTGTCTGCAGACCGGGGATG,0,1812295
hdeAp2,0.2,4,4,TTGGGCCGGGTCGTTAATAC,0,1784255
hdeAp2,0.2,4,4,TTGGACGGCATATCATGCAT,0,1787372
hdeAp2,0.2,4,4,TTGGACCTATGAAATGAGCG,0,1787945
hdeAp2,0.2,4,4,TTGGAACTCCGTTACTAATT,0,1804187
hdeAp2,0.2,4,4,TTGCTGATACCGCTACGCAA,0,1789508
hdeAp2,0.2,4,4,TTGCGACTCGAGTGGTGACT,0,1821775
hdeAp2,0.2,4,4,TTGCCCATGGAGCCCGCAGT,0,1790360
hdeAp2,0.2,4,4,TTGCCAGGTGTTCCCCGCAG,0,1783256
hdeAp2,0.2,4,4,TTGCATGCATGTTTAGGCGG,0,1824946
hdeAp2,0.2,4,4,TTGATCGGCTTGGTGTGCCG,0,1827733
hdeAp2,0.2,4,4,TTGAGCCATCTCAGCGACGC,0,1810585
hdeAp2,0.2,4,4,TTGAGCAAACACGGACGCCA,0,1775785
hdeAp2,0.2,4,4,TTGAAGCTCGTACTCATAGG,0,1783948
hdeAp2,0.2,4,4,TTCTTCTTAATCTTAATATT,0,1783818
hdeAp2,0.2,4,4,TTCTGTTTTTGCGTTGAGTA,0,1825995
hdeAp2,0.2,4,4,TTCTCGTACCCAACAGTTGA,0,1824722
hdeAp2,0.2,4,4,TTCGGGGTAAATAACAGTTC,0,1775964
hdeAp2,0.2,4,4,TTCGGCTGGTATTCATCGTA,0,1780504
hdeAp2,0.2,4,4,TTCGCAACATATTGGATTAC,0,1772117
hdeAp2,0.2,4,4,TTCGATCATAATGAGACAAA,0,1786961
hdeAp2,0.2,4,4,TTCGAGGGCGTGGAAACTCG,0,1776601
hdeAp2,0.2,4,4,TTCGACCCTGTTAAGTGTCG,0,1801119
hdeAp2,0.2,4,4,TTCCTGGTGTATCGGGTAAC,0,1823321
hdeAp2,0.2,4,4,TTCCCTGCGACAAAGCATCC,0,1822068
hdeAp2,0.2,4,4,TTCCCGCGCCAAAAACTCTG,0,1787392
hdeAp2,0.2,4,4,TTCCACGTAGCCGGATATAC,0,1811173
hdeAp2,0.2,4,4,TTCATGCATTATGCTATTGC,0,1788471
hdeAp2,0.2,4,4,TTCAGAATATCTTGCGGAAG,0,1809391
hdeAp2,0.2,4,4,TTCAGAACATGGGTCAGTAG,0,1800494
hdeAp2,0.2,4,4,TTCACGGATGTAGGCTCGGA,0,1821814
hdeAp2,0.2,4,4,TTCACGCATATAGTCGCAGT,0,1799654
hdeAp2,0.2,4,4,TTCAATACTAGCCTCACAAG,0,1801999
hdeAp2,0.2,4,4,TTCAACGAGGTGCTTAATAG,0,1802583
hdeAp2,0.2,4,4,TTATTGGTCGCCAGATTTTA,0,1813684
hdeAp2,0.2,4,4,TTATGTCGCCAAGCAAATTA,0,1812439
hdeAp2,0.2,4,4,TTATGGTATGCGCGTGCATA,0,1787829
hdeAp2,0.2,4,4,TTATCTATAACTTGCGTCTG,0,1824465
hdeAp2,0.2,4,4,TTATCCGCGGAAGCCTTCTA,0,1811752
hdeAp2,0.2,4,4,TTATATGGTTGAAGGGATAA,0,1777884
hdeAp2,0.2,4,4,TTAGTATCGGAGCAATTTCG,0,1778409
hdeAp2,0.2,4,4,TTAGGCACACAATACTAATT,0,1798622
hdeAp2,0.2,4,4,TTAGCGTTGGGAAAGTTCAC,0,1814864
hdeAp2,0.2,4,4,TTAGCGTTGATGTAAGTAGT,0,1778961
hdeAp2,0.2,4,4,TTAGCGGGGCAAAGGTGGTA,0,1805321
hdeAp2,0.2,4,4,TTAGCACACCGAATCGGGCA,0,1801595
hdeAp2,0.2,4,4,TTAGATCAACGCAGACTAGA,0,1782385
hdeAp2,0.2,4,4,TTAGACTCTGGTGTTTTTGG,0,1800489
hdeAp2,0.2,4,4,TTACTCCAGCTCCTGGAGAT,0,1819493
hdeAp2,0.2,4,4,TTACCTTGCTAGGGTCCCGT,0,1827329
hdeAp2,0.2,4,4,TTACATAGTAACACATACCA,0,1795240
hdeAp2,0.2,4,4,TTACACGGCTTACCAGTGAT,0,1827899
hdeAp2,0.2,4,4,TTAATTAGGATAGGCGCAGG,0,1820143
hdeAp2,0.2,4,4,TTAATCTACGTTGCCCCCGA,0,1784315
hdeAp2,0.2,4,4,TTAAGGAGTAGTCAGAAAAT,0,1785420
hdeAp2,0.2,4,4,TTAAGCATGCGGGAAAGCTA,0,1809848
hdeAp2,0.2,4,4,TTAACGCTTTACGGATTTAA,0,1822843
hdeAp2,0.2,4,4,TTAAATTTAGCGTACGAGAA,0,1789429
hdeAp2,0.2,4,4,TGTGGTGTACAACAAGGGAC,0,1780883
hdeAp2,0.2,4,4,TGTGGTGGTCAACTCGCTGA,0,1791648
hdeAp2,0.2,4,4,TGTGCTTTTTTATCGTATCA,0,1791054
hdeAp2,0.2,4,4,TGTGATGACCATGAAATCTC,0,1805114
hdeAp2,0.2,4,4,TGTGACGACAGAGGCCTGAG,0,1790942
hdeAp2,0.2,4,4,TGTGAATGGGAGACAGCGCT,0,1792552
hdeAp2,0.2,4,4,TGTCCCCTGCTACCGCGCCC,0,1808133
hdeAp2,0.2,4,4,TGTATCTTAGGTGCTTGCAA,0,1824534
hdeAp2,0.2,4,4,TGTACGGTTTAATAGAACGG,0,1827046
hdeAp2,0.2,4,4,TGTAATGGAGATCATGACCT,0,1782999
hdeAp2,0.2,4,4,TGTAATCGTCTCCGACAAGG,0,1775220
hdeAp2,0.2,4,4,TGGTTTGGTGGTAAGACAAT,0,1791653
hdeAp2,0.2,4,4,TGGTGTCCTAATAGACCGCA,0,1818341
hdeAp2,0.2,4,4,TGGTAACGCCACTCTGATGA,0,1826612
hdeAp2,0.2,4,4,TGGGTTTTTTTCATCAGTCA,0,1810766
hdeAp2,0.2,4,4,TGGGTTCGGAGTTCCGGTCG,0,1773630
hdeAp2,0.2,4,4,TGGGTACAGTTTTCTACGGA,0,1806820
hdeAp2,0.2,4,4,TGGGGAGGAACAAAATACTT,0,1806367
hdeAp2,0.2,4,4,TGGGCAGGGTCATCGGACGT,0,1796797
hdeAp2,0.2,4,4,TGGGAGATTACTCTAACGAG,0,1822410
hdeAp2,0.2,4,4,TGGGAAACCGTGCTGCTAAG,0,1784827
hdeAp2,0.2,4,4,TGGCTTCTCGTAAGAGGATT,0,1774254
hdeAp2,0.2,4,4,TGGCGAGCATGTGTACTTGC,0,1813791
hdeAp2,0.2,4,4,TGGCCTATACTCGGATGCCA,0,1807120
hdeAp2,0.2,4,4,TGGCCGCCGTACTTGATTAA,0,1784971
hdeAp2,0.2,4,4,TGGCAAGTGTAATCTCCCCC,0,1804287
hdeAp2,0.2,4,4,TGGAGATTTTTTAGGGGTGC,0,1783999
hdeAp2,0.2,4,4,TGGAAGTCCGTGTGCAACGC,0,1786690
hdeAp2,0.2,4,4,TGGAACTTGTCTGGTGTAAC,0,1779475
hdeAp2,0.2,4,4,TGCTTTACCACACGGTGATA,0,1785684
hdeAp2,0.2,4,4,TGCTTGTTGGCTTACACTTC,0,1801416
hdeAp2,0.2,4,4,TGCTGCTTCATGCGCCAACA,0,1826567
hdeAp2,0.2,4,4,TGCTGCTGAACAGACTGGAA,0,1825414
hdeAp2,0.2,4,4,TGCTCGGTCTAGCCTTCGCA,0,1810070
hdeAp2,0.2,4,4,TGCTCCTCGCCTAGGGAGCT,0,1789891
hdeAp2,0.2,4,4,TGCTCACATGGACAAGATTA,0,1776477
hdeAp2,0.2,4,4,TGCTAGACCTCTCGCAGAGC,0,1792944
hdeAp2,0.2,4,4,TGCGTCTAAAATTTGCGGCG,0,1818737
hdeAp2,0.2,4,4,TGCGGTTCACTGTGCGCCGC,0,1815797
hdeAp2,0.2,4,4,TGCGGGTGGATAATTTCGTG,0,1777617
hdeAp2,0.2,4,4,TGCGGCTCTTGAACACATAC,0,1795031
hdeAp2,0.2,4,4,TGCCTTGAGTTTCCCTGATC,0,1808890
hdeAp2,0.2,4,4,TGCCTCTTCATTCCGGAGCT,0,1798762
hdeAp2,0.2,4,4,TGCCGTGCCGAACTAATAGA,0,1796332
hdeAp2,0.2,4,4,TGCCGATACGTGTATTGTGC,0,1784146
hdeAp2,0.2,4,4,TGCCCTTACCGGCATTCTAT,0,1793861
hdeAp2,0.2,4,4,TGCCAGCGATCGTCGTACGT,0,1785596
hdeAp2,0.2,4,4,TGCATGGAGTACGAAACTTC,0,1776569
hdeAp2,0.2,4,4,TGCAGGAAGTGCGGCCCACA,0,1816917
hdeAp2,0.2,4,4,TGCAACGCCATTCCGTGACA,0,1771042
hdeAp2,0.2,4,4,TGCAAAGGGGGGTCATATTT,0,1814767
hdeAp2,0.2,4,4,TGATTCGATCACTGTGCATA,0,1784239
hdeAp2,0.2,4,4,TGATGGTTAATCACCTAAGT,0,1786026
hdeAp2,0.2,4,4,TGATGGCTTAACGCTTCATC,0,1787645
hdeAp2,0.2,4,4,TGATGAGTCAATTGGACTAA,0,1816094
hdeAp2,0.2,4,4,TGATCTTTATATCATCAGGA,0,1791543
hdeAp2,0.2,4,4,TGATCTGCCCGCTAGAGGCA,0,1785769
hdeAp2,0.2,4,4,TGATCGGTCACCGGATCCTT,0,1790376
hdeAp2,0.2,4,4,TGATAGTATAACCAACTTTC,0,1800025
hdeAp2,0.2,4,4,TGATACGCTTCCCTAGAATC,0,1781419
hdeAp2,0.2,4,4,TGAGGGTAAATATTCGGCCA,0,1780202
hdeAp2,0.2,4,4,TGAGGCCCCATAGTATACTA,0,1783499
hdeAp2,0.2,4,4,TGAGCGGCCAACAGTAAGTT,0,1799215
hdeAp2,0.2,4,4,TGAGCAGCCCGGCTCCTTGG,0,1815008
hdeAp2,0.2,4,4,TGACTTGGGGGAATGCGCAG,0,1815607
hdeAp2,0.2,4,4,TGACTGTATTGCAATAGACA,0,1794246
hdeAp2,0.2,4,4,TGACGGTTCCGCTGGAACAT,0,1781664
hdeAp2,0.2,4,4,TGACCTGGACAACCACGCAA,0,1804151
hdeAp2,0.2,4,4,TGACCGGGTTATGTTCGCCG,0,1772130
hdeAp2,0.2,4,4,TGACCATGTGTGGTTGAATC,0,1779175
hdeAp2,0.2,4,4,TGACAGGGAAATCCCAGCAA,0,1798624
hdeAp2,0.2,4,4,TGAATTCTCAGCCGAAAAGG,0,1805800
hdeAp2,0.2,4,4,TGAAGTTGATCATCACCTCT,0,1787532
hdeAp2,0.2,4,4,TGAAACCATGTCTTCGCTCA,0,1824597
hdeAp2,0.2,4,4,TGAAACAAATGACTTACGAA,0,1827180
hdeAp2,0.2,4,4,TCTTGGTTATAATTGCGTCA,0,1799405
hdeAp2,0.2,4,4,TCTTGATCACCACGGGGATA,0,1828450
hdeAp2,0.2,4,4,TCTTCGGCTCGGCGTTTTTC,0,1792415
hdeAp2,0.2,4,4,TCTTCCCTTCCAGCCCGACG,0,1811105
hdeAp2,0.2,4,4,TCTTCAAAAAATACGTATAC,0,1799217
hdeAp2,0.2,4,4,TCTCTTGCTCTCTTTGCTTC,0,1821966
hdeAp2,0.2,4,4,TCTCTCAACGGCTATGATTC,0,1827918
hdeAp2,0.2,4,4,TCTCTAGCGGCAGTGCCTGT,0,1802441
hdeAp2,0.2,4,4,TCTCGGGTCTACCTGCTATA,0,1791626
hdeAp2,0.2,4,4,TCTCCTAAGCTGCTGGTCTA,0,1790765
hdeAp2,0.2,4,4,TCTCCAGGCATAGCTGCGCG,0,1794599
hdeAp2,0.2,4,4,TCTCAAATCCTTGGACGGAA,0,1775243
hdeAp2,0.2,4,4,TCTATACTATGTCAGTCTTA,0,1805821
hdeAp2,0.2,4,4,TCTACCCGGGCCAGAGGAAA,0,1779178
hdeAp2,0.2,4,4,TCTACAGACCTCTGGCCGGC,0,1779964
hdeAp2,0.2,4,4,TCTACAAATCATGCACCGTA,0,1799080
hdeAp2,0.2,4,4,TCGTTTCGTATGTGGTTACT,0,1792027
hdeAp2,0.2,4,4,TCGTGTAATCGCGGGGGCAT,0,1793604
hdeAp2,0.2,4,4,TCGTGGGAGAGCGGGTTTCA,0,1788732
hdeAp2,0.2,4,4,TCGTCGGATTTGACAAGAGC,0,1789650
hdeAp2,0.2,4,4,TCGTAATATAATCGATCGGG,0,1773844
hdeAp2,0.2,4,4,TCGTAAAAGGATCAATTATG,0,1820635
hdeAp2,0.2,4,4,TCGGTCAGTTGACGTTACTT,0,1828301
hdeAp2,0.2,4,4,TCGGTACTTTCTTTTAAGAT,0,1824448
hdeAp2,0.2,4,4,TCGGGAGGAGGACCCCGCTA,0,1783792
hdeAp2,0.2,4,4,TCGGATTGACATACGTGCCC,0,1791920
hdeAp2,0.2,4,4,TCGGATTAAGACATAGCGCC,0,1782618
hdeAp2,0.2,4,4,TCGCTTAGGGAGGGATTCTA,0,1826202
hdeAp2,0.2,4,4,TCGCGCAAAGGGGTCAAATG,0,1775055
hdeAp2,0.2,4,4,TCGCGAGCATCGCTTGTGCC,0,1789992
hdeAp2,0.2,4,4,TCGCCGCCTAGTTCCAACTT,0,1800252
hdeAp2,0.2,4,4,TCGATGGCGAGGACAATGGC,0,1826988
hdeAp2,0.2,4,4,TCGACCCGATACTGATCAGT,0,1809510
hdeAp2,0.2,4,4,TCGACAGCCGGGATAGGTTT,0,1772879
hdeAp2,0.2,4,4,TCCTGTGTAAACTATTTCAC,0,1809376
hdeAp2,0.2,4,4,TCCTGCAGACTTACGGAGAG,0,1825679
hdeAp2,0.2,4,4,TCCTCACCGGAATGTCACAC,0,1807325
hdeAp2,0.2,4,4,TCCTATGTTACGGTGTCCGC,0,1775609
hdeAp2,0.2,4,4,TCCGTTTTCAATTCGTGCAA,0,1824528
hdeAp2,0.2,4,4,TCCGTGGGTGGCGAGGCCCA,0,1809353
hdeAp2,0.2,4,4,TCCGTGCACGCGTTGTTTTT,0,1819057
hdeAp2,0.2,4,4,TCCGGCATATCAGGTCTCAT,0,1817229
hdeAp2,0.2,4,4,TCCGCACGGTTTGATAAGCT,0,1819018
hdeAp2,0.2,4,4,TCCCTGGCACTCAAGACCCT,0,1795968
hdeAp2,0.2,4,4,TCCCTACCCGGGCACAATGA,0,1775548
hdeAp2,0.2,4,4,TCCCCTTGAGAAAGCCAGGC,0,1806421
hdeAp2,0.2,4,4,TCCCCGATACCAATATTGTA,0,1812009
hdeAp2,0.2,4,4,TCCAGCTGTTTAAGAGACTT,0,1783817
hdeAp2,0.2,4,4,TCCACTTCCATAACCAATGG,0,1825588
hdeAp2,0.2,4,4,TCCAATGGGTAGTGCCTGTG,0,1784883
hdeAp2,0.2,4,4,TCCAAGCAATATGAACGCCG,0,1784393
hdeAp2,0.2,4,4,TCATTGGCCATTTCGACTGT,0,1773633
hdeAp2,0.2,4,4,TCATTGATATATATACCCTA,0,1805657
hdeAp2,0.2,4,4,TCATGCAGGGCGCGGTATGT,0,1784406
hdeAp2,0.2,4,4,TCATCTTAGAGAACTACAGG,0,1814361
hdeAp2,0.2,4,4,TCATAGAGAGCGCTTACTAA,0,1780099
hdeAp2,0.2,4,4,TCATAACGTGATTTACTGCC,0,1777008
hdeAp2,0.2,4,4,TCAGTTGTTGATGATGTGCT,0,1786702
hdeAp2,0.2,4,4,TCAGCTCACGTCTCACTGCA,0,1773275
hdeAp2,0.2,4,4,TCAGCGCATACTTAGCCTCC,0,1816834
hdeAp2,0.2,4,4,TCAGAGAGTGACTATTGATA,0,1772541
hdeAp2,0.2,4,4,TCACATGATCCCGCTAGGAT,0,1774803
hdeAp2,0.2,4,4,TCACAAAGCAACTCAACGGC,0,1809147
hdeAp2,0.2,4,4,TCAATGCGTAATTTTGTCGG,0,1783137
hdeAp2,0.2,4,4,TCAAGTATCGCAATTACTGC,0,1821459
hdeAp2,0.2,4,4,TCAAGTAGAGCTGGAGGATG,0,1798183
hdeAp2,0.2,4,4,TCAAATGGGCAGGGCTTCGG,0,1822055
hdeAp2,0.2,4,4,TCAAAATTAATCCGAAGGGT,0,1778932
hdeAp2,0.2,4,4,TATTGTGCAGAACATGGACT,0,1773295
hdeAp2,0.2,4,4,TATTCCTAAACTGCTATCTT,0,1811367
hdeAp2,0.2,4,4,TATTCCGGAATCCTGGGACG,0,1783185
hdeAp2,0.2,4,4,TATTACCAGTCAGTTCACGA,0,1791205
hdeAp2,0.2,4,4,TATTAAAGGAACATTGGACC,0,1826542
hdeAp2,0.2,4,4,TATGTGCGAATGCCACATAT,0,1826842
hdeAp2,0.2,4,4,TATGTGCCAGTTACCTTTTG,0,1775382
hdeAp2,0.2,4,4,TATGGTCCGATCTACACCAA,0,1801797
hdeAp2,0.2,4,4,TATGGGAGATCCGCCAAATG,0,1788628
hdeAp2,0.2,4,4,TATGGCCACGATCCCGGCGT,0,1786484
hdeAp2,0.2,4,4,TATGGAAGATCATGTTCGTC,0,1797647
hdeAp2,0.2,4,4,TATGCGTTTTGACTCAAGAG,0,1787627
hdeAp2,0.2,4,4,TATGCCCGCTGTCTAGGAAG,0,1787911
hdeAp2,0.2,4,4,TATCCAGGGACATAAATTCC,0,1785169
hdeAp2,0.2,4,4,TATCAGTATGTTAGACATGA,0,1827113
hdeAp2,0.2,4,4,TATCACGGCAAGGCTCCTAG,0,1798829
hdeAp2,0.2,4,4,TATAGTTGTGTATTATATTG,0,1797794
hdeAp2,0.2,4,4,TATACTATATGTTAAGCGGA,0,1782424
hdeAp2,0.2,4,4,TATAACCATACGTAATTCGG,0,1805092
hdeAp2,0.2,4,4,TATAAATCGTGGGCTCCACA,0,1805478
hdeAp2,0.2,4,4,TAGGTGGGGTACTTACAGGG,0,1802173
hdeAp2,0.2,4,4,TAGGGTGTCTGGCCAATAGT,0,1802109
hdeAp2,0.2,4,4,TAGGGATCCTATTACTTCTT,0,1783550
hdeAp2,0.2,4,4,TAGGGACGACTTATAACAGT,0,1794849
hdeAp2,0.2,4,4,TAGCTCCGATTAGAATCAAT,0,1825362
hdeAp2,0.2,4,4,TAGCGCGGAGGAATACGAGT,0,1785008
hdeAp2,0.2,4,4,TAGCCTGGCACAGAAGGCAT,0,1799342
hdeAp2,0.2,4,4,TAGCCTACAGTCCACTCATC,0,1771488
hdeAp2,0.2,4,4,TAGCAACAATTTGTAGGGTA,0,1805684
hdeAp2,0.2,4,4,TAGAGGCTGATAGCGCGAGT,0,1774394
hdeAp2,0.2,4,4,TAGAGGAGCTAGTGTACTAA,0,1778159
hdeAp2,0.2,4,4,TAGAGACAGATATATTTACT,0,1814895
hdeAp2,0.2,4,4,TAGACGGTCTGCCTGAGTAA,0,1802679
hdeAp2,0.2,4,4,TAGAAATGGGGCCTATCATC,0,1801417
hdeAp2,0.2,4,4,TACTTTCGAGCCACTGTGTA,0,1817493
hdeAp2,0.2,4,4,TACTGTATTTGGACACAGTA,0,1813729
hdeAp2,0.2,4,4,TACTCATTTGGTTGTGACTC,0,1822209
hdeAp2,0.2,4,4,TACTCACCAAACTAAAATAC,0,1804349
hdeAp2,0.2,4,4,TACTCAAAAATGCTTTGACT,0,1811251
hdeAp2,0.2,4,4,TACGTGGTTGTAGATGCTTA,0,1807857
hdeAp2,0.2,4,4,TACGGTGAGCTCCTTCCCGT,0,1803291
hdeAp2,0.2,4,4,TACGGCCAAACCTTCCCCTC,0,1810757
hdeAp2,0.2,4,4,TACGGCATCGCTGGTCCAGT,0,1806353
hdeAp2,0.2,4,4,TACCGTCTACCTGTCATCAC,0,1789998
hdeAp2,0.2,4,4,TACCCTAGACATCGTACATT,0,1808895
hdeAp2,0.2,4,4,TACCATCTCCCTAATCGGTT,0,1772249
hdeAp2,0.2,4,4,TACCAGAACAGTCTAGCGAC,0,1787331
hdeAp2,0.2,4,4,TACATCAACAGAGGATTCAA,0,1810946
hdeAp2,0.2,4,4,TAATTTTAACGACTGTACTA,0,1771548
hdeAp2,0.2,4,4,TAATTTGCCGTGTGGTGACA,0,1808369
hdeAp2,0.2,4,4,TAATGTGAGGTTACCGCCGG,0,1778704
hdeAp2,0.2,4,4,TAATGAAGAAATTTGAGTCC,0,1814684
hdeAp2,0.2,4,4,TAATCTATTGGTGCGTTATA,0,1828721
hdeAp2,0.2,4,4,TAATATAGGGAAAATCCACG,0,1792252
hdeAp2,0.2,4,4,TAATAGGTCCGATAATAAGG,0,1806495
hdeAp2,0.2,4,4,TAATAGCTAAGCGCTCGTGG,0,1827916
hdeAp2,0.2,4,4,TAAGTCCTAGCAGAAATCAA,0,1793621
hdeAp2,0.2,4,4,TAAGTAACCATAATAAGTAT,0,1815374
hdeAp2,0.2,4,4,TAAGGCTGCTTGATTGCTTT,0,1772780
hdeAp2,0.2,4,4,TAAGCGCCAATCGAGGCGTG,0,1776222
hdeAp2,0.2,4,4,TAACTGGGGGGCAACGAAGC,0,1803369
hdeAp2,0.2,4,4,TAAATTCCACTTTGCGGCGA,0,1790858
hdeAp2,0.2,4,4,TAAATGTATCATAAGTAGGG,0,1773892
hdeAp2,0.2,4,4,TAAATGGCTCTCAGCGGGAA,0,1802400
hdeAp2,0.2,4,4,TAAATCTATAATAGTAAAGT,0,1807786
hdeAp2,0.2,4,4,TAAACGTTGGGCTAGACGGC,0,1774117
hdeAp2,0.2,4,4,TAAAAATTAGATCGACACGG,0,1803851
hdeAp2,0.2,4,4,TAAAAACCATTCTATGTATG,0,1821321
hdeAp2,0.2,4,4,GTTTGTTAACTCCCGCACTG,0,1773537
hdeAp2,0.2,4,4,GTTTCGGCCGTTGCCGCATC,0,1773738
hdeAp2,0.2,4,4,GTTTATATTGTCTCTACCTA,0,1804378
hdeAp2,0.2,4,4,GTTTACAGTCAACAGTGGAT,0,1804380
hdeAp2,0.2,4,4,GTTGTTTGTTTGGAAAGATA,0,1820132
hdeAp2,0.2,4,4,GTTGTCGATACCGGGCGCGA,0,1808591
hdeAp2,0.2,4,4,GTTGGTCCCTATCGCCTACA,0,1798587
hdeAp2,0.2,4,4,GTTGACTCGGCGGACAAGTA,0,1800945
hdeAp2,0.2,4,4,GTTGAACTAAACCTATCCAG,0,1807242
hdeAp2,0.2,4,4,GTTCTTCACACCGCGGCCTC,0,1814845
hdeAp2,0.2,4,4,GTTCTACGTTGAGCTTCTCA,0,1807074
hdeAp2,0.2,4,4,GTTCATGTCGCTATGGGACT,0,1828260
hdeAp2,0.2,4,4,GTTCACCCATCCTGGCTTGC,0,1779443
hdeAp2,0.2,4,4,GTTATGGGCAAACATTCAAT,0,1825046
hdeAp2,0.2,4,4,GTTAGAGCGCACCAAACTGG,0,1790364
hdeAp2,0.2,4,4,GTTACTCGGTGACTTGTTTC,0,1787170
hdeAp2,0.2,4,4,GTTACGGGGGGCTGGGGACC,0,1788556
hdeAp2,0.2,4,4,GTTACGGCGGTCCGCAAGAG,0,1800757
hdeAp2,0.2,4,4,GTTACGAGCGACTGCTCCGT,0,1820405
hdeAp2,0.2,4,4,GTTAATATTAGATACGGGAG,0,1821208
hdeAp2,0.2,4,4,GTTAACTGGAGTGCTAGAAG,0,1771216
hdeAp2,0.2,4,4,GTTAAAGGAGTACGCGTATG,0,1814327
hdeAp2,0.2,4,4,GTGTTCCCCAAGTCTGGTCT,0,1804823
hdeAp2,0.2,4,4,GTGTTAGTCGAGAACCAACC,0,1819031
hdeAp2,0.2,4,4,GTGTCCGGGTCGTCGCATTC,0,1826492
hdeAp2,0.2,4,4,GTGTACTTGGAGCTGTAAAA,0,1818493
hdeAp2,0.2,4,4,GTGGTTGTAGGTGCCCCTTT,0,1782289
hdeAp2,0.2,4,4,GTGGGGGACGGACGAGATCG,0,1789654
hdeAp2,0.2,4,4,GTGGGAAATTACGGGTTGGG,0,1779240
hdeAp2,0.2,4,4,GTGGCCCGTTGGTCCTGCGC,0,1803277
hdeAp2,0.2,4,4,GTGGCATACCGTTCTCCAAT,0,1773613
hdeAp2,0.2,4,4,GTGGATTCGGGACGTCTATC,0,1791098
hdeAp2,0.2,4,4,GTGGATATTGTGTGACCCAG,0,1796654
hdeAp2,0.2,4,4,GTGCTTTTTAGGGATGGACT,0,1795903
hdeAp2,0.2,4,4,GTGCGGCCGTAACACCACTA,0,1804814
hdeAp2,0.2,4,4,GTGCGCTACTCTCAACGCCA,0,1777975
hdeAp2,0.2,4,4,GTGCACCATTTGAATGGACC,0,1783434
hdeAp2,0.2,4,4,GTGATGCATTTGGTTGAGAG,0,1815321
hdeAp2,0.2,4,4,GTGATCAGCTATTCACGAGC,0,1815651
hdeAp2,0.2,4,4,GTGAGATGGCCTCGCGTGTT,0,1823335
hdeAp2,0.2,4,4,GTGACGCGGCTCCTGGGGTT,0,1801599
hdeAp2,0.2,4,4,GTGAAGTAGGCTCAGCACGG,0,1787632
hdeAp2,0.2,4,4,GTGAAGGAAGGAGTCTCAGC,0,1815151
hdeAp2,0.2,4,4,GTCTTTTGCAGGATGCGCAA,0,1801561
hdeAp2,0.2,4,4,GTCTTGGCTCCGGAGCTAGT,0,1783965
hdeAp2,0.2,4,4,GTCTTGAAGCAAAGACTACA,0,1824653
hdeAp2,0.2,4,4,GTCTTCCCCACGGGCATTGA,0,1785170
hdeAp2,0.2,4,4,GTCTAACAATTCAGGTAGTC,0,1826037
hdeAp2,0.2,4,4,GTCTAAACTACGTGATTAGA,0,1801877
hdeAp2,0.2,4,4,GTCGTAGGGCACAACTGCGC,0,1785120
hdeAp2,0.2,4,4,GTCGATGGCGAAGGGACTAA,0,1825210
hdeAp2,0.2,4,4,GTCCCTCCATACACATAGGA,0,1822232
hdeAp2,0.2,4,4,GTCCCGTCCTAAGGTACCCA,0,1820628
hdeAp2,0.2,4,4,GTCCATGGTAATCACCGTTT,0,1778962
hdeAp2,0.2,4,4,GTCCATGAGTCGGTTCGCTT,0,1826932
hdeAp2,0.2,4,4,GTCCAACTCCATTTTGACAG,0,1824217
hdeAp2,0.2,4,4,GTCATTTTCAGGCATGAGGT,0,1782143
hdeAp2,0.2,4,4,GTCATGAATGGATCTGAATG,0,1775512
hdeAp2,0.2,4,4,GTCATCAGTCAACTGCAATG,0,1813786
hdeAp2,0.2,4,4,GTCACATGGTAGTTGGGAGA,0,1774258
hdeAp2,0.2,4,4,GTCAATGCCATGTGCATTCT,0,1795248
hdeAp2,0.2,4,4,GTCAATAGTTAGCAGTCTCC,0,1770972
hdeAp2,0.2,4,4,GTATTAATCACGGGAGTTCT,0,1776609
hdeAp2,0.2,4,4,GTATGGCTGAGGACGATAAG,0,1825889
hdeAp2,0.2,4,4,GTATGCAACCAGCGCACAAC,0,1788451
hdeAp2,0.2,4,4,GTATCGAGGCAAGGACCCTG,0,1816966
hdeAp2,0.2,4,4,GTATAGAGACCTATATCTTT,0,1814836
hdeAp2,0.2,4,4,GTATACGGAGTTAAGGTTGT,0,1784898
hdeAp2,0.2,4,4,GTAGCCAAGACGCTGAATTC,0,1791127
hdeAp2,0.2,4,4,GTAGATGCCTGTCTTCGGTT,0,1821862
hdeAp2,0.2,4,4,GTACTGATAAGTCGGTCCGT,0,1793176
hdeAp2,0.2,4,4,GTACTCTTTAGACGGTTGAA,0,1822414
hdeAp2,0.2,4,4,GTACTATTCCGTAGCGAATC,0,1826110
hdeAp2,0.2,4,4,GTACGTTAAGATAAGCACGT,0,1794492
hdeAp2,0.2,4,4,GTACGCTCAGGTTGATCAAG,0,1826052
hdeAp2,0.2,4,4,GTACCACCAAGAGGTAATGT,0,1776501
hdeAp2,0.2,4,4,GTACAACCGAAATGCCGAAT,0,1825418
hdeAp2,0.2,4,4,GTAATTGCCACCAACTACTA,0,1773230
hdeAp2,0.2,4,4,GTAATTCTCGCCAGAGATAT,0,1788737
hdeAp2,0.2,4,4,GTAATTAGCTAGGTGCGAAG,0,1806371
hdeAp2,0.2,4,4,GTAATCTATAGGCTGGTGCC,0,1817436
hdeAp2,0.2,4,4,GTAATCGCACTCTCAAATAG,0,1826880
hdeAp2,0.2,4,4,GTAACTTCGCGCAGGTCGCA,0,1811824
hdeAp2,0.2,4,4,GTAAAGGTTAGAGTCTCGCT,0,1798148
hdeAp2,0.2,4,4,GTAAACACGCAGACCTGGGC,0,1824823
hdeAp2,0.2,4,4,GTAAAAAATGAAGTACGAGT,0,1791286
hdeAp2,0.2,4,4,GGTTTAGGCACGTCCAGAGA,0,1820714
hdeAp2,0.2,4,4,GGTTGTAATGTCTTGCTTTT,0,1772560
hdeAp2,0.2,4,4,GGTTGCTGTCAACCGTGAAT,0,1775939
hdeAp2,0.2,4,4,GGTTGCCACTGTAATTAATC,0,1795604
hdeAp2,0.2,4,4,GGTTCCATGTCCTCAGCCAG,0,1827404
hdeAp2,0.2,4,4,GGTTCAGGTATTCATCGCAT,0,1809372
hdeAp2,0.2,4,4,GGTTCAGCGAAGTGTGCACT,0,1787162
hdeAp2,0.2,4,4,GGTTAGCGTACGTTCTCTAG,0,1783429
hdeAp2,0.2,4,4,GGTGGAGCACACGTCAAGTC,0,1798155
hdeAp2,0.2,4,4,GGTGATTATTTTGAACTCTC,0,1808920
hdeAp2,0.2,4,4,GGTCTGTATTAGTTGGGATG,0,1778465
hdeAp2,0.2,4,4,GGTCTACAACGATAAGTGGT,0,1812397
hdeAp2,0.2,4,4,GGTCGAGGGCAGAGGTTCTG,0,1817599
hdeAp2,0.2,4,4,GGTCCGCTTGCTCGTCAACT,0,1784430
hdeAp2,0.2,4,4,GGTCCAGCTGCCAACAGCCC,0,1795444
hdeAp2,0.2,4,4,GGTCAGTCGGAGGCCGACCC,0,1825626
hdeAp2,0.2,4,4,GGTAGTCGTACAAGCCCGAC,0,1772244
hdeAp2,0.2,4,4,GGGTTTGCCATAATACAGCT,0,1799987
hdeAp2,0.2,4,4,GGGTTATGGTTACTCTAATG,0,1798446
hdeAp2,0.2,4,4,GGGTTAGTGATCAGGGGCCA,0,1785354
hdeAp2,0.2,4,4,GGGTGGCGAGCCATGGTTTT,0,1800081
hdeAp2,0.2,4,4,GGGTGCACTTACGGGGGCGG,0,1819147
hdeAp2,0.2,4,4,GGGTGCAAGGAATTCGTAGC,0,1820325
hdeAp2,0.2,4,4,GGGTCTTCCCGGCAGTTCAG,0,1781774
hdeAp2,0.2,4,4,GGGTCTAACTTAGTGTATAT,0,1783295
hdeAp2,0.2,4,4,GGGTCCGAGCATATGAGTCT,0,1797148
hdeAp2,0.2,4,4,GGGTCATTACTGTGCCCGAA,0,1828425
hdeAp2,0.2,4,4,GGGTAGGTAACAATAATACC,0,1827749
hdeAp2,0.2,4,4,GGGTACAAGGGCAACGTGGG,0,1820640
hdeAp2,0.2,4,4,GGGGTTCATTGTGGATAGGA,0,1791195
hdeAp2,0.2,4,4,GGGGTGCAACGTCGAATATG,0,1782976
hdeAp2,0.2,4,4,GGGGTGAGGGTGAGACCATT,0,1821156
hdeAp2,0.2,4,4,GGGGGCTTTATGGCTGCCCA,0,1821355
hdeAp2,0.2,4,4,GGGGGCGGAGAGGATAGTAT,0,1811792
hdeAp2,0.2,4,4,GGGGCGGCTTCTAGAGCACG,0,1791186
hdeAp2,0.2,4,4,GGGGCAACCATTTGGCTGGC,0,1779565
hdeAp2,0.2,4,4,GGGGCAACCACTCAGACAAT,0,1783162
hdeAp2,0.2,4,4,GGGGATCGCCGGAGAGCTCG,0,1809611
hdeAp2,0.2,4,4,GGGCTTACGTGGTATAGATC,0,1822523
hdeAp2,0.2,4,4,GGGCGTAAAAAGCGGCAAGT,0,1810398
hdeAp2,0.2,4,4,GGGCGGGGGAGCTAACGCGT,0,1821646
hdeAp2,0.2,4,4,GGGCCATGAAGTACCGTGAG,0,1788037
hdeAp2,0.2,4,4,GGGCATATGCCAAACTTATG,0,1776939
hdeAp2,0.2,4,4,GGGATGGCCCGTCCTGGAAT,0,1801454
hdeAp2,0.2,4,4,GGGAGCCGGCGTGTTTCGTG,0,1816779
hdeAp2,0.2,4,4,GGGAGATAGACCACTATCGC,0,1782898
hdeAp2,0.2,4,4,GGCTTTGGGGTCCCGGTATA,0,1817437
hdeAp2,0.2,4,4,GGCTTTCCATTTGTCTCCCG,0,1791096
hdeAp2,0.2,4,4,GGCTTTAAAGACTCCAATGA,0,1825565
hdeAp2,0.2,4,4,GGCTTATTGTTAGACTTCGT,0,1827577
hdeAp2,0.2,4,4,GGCTGGTGTTACAATCACCA,0,1792102
hdeAp2,0.2,4,4,GGCTGGGTTTGTATTCTGTG,0,1817266
hdeAp2,0.2,4,4,GGCTCTCCATCAATCAAAGT,0,1799345
hdeAp2,0.2,4,4,GGCTCGCGGCCCTACGACAT,0,1788383
hdeAp2,0.2,4,4,GGCTACGCAGCCGAGTCCGG,0,1790751
hdeAp2,0.2,4,4,GGCCTCGTGACCGTGAAGCA,0,1800798
hdeAp2,0.2,4,4,GGCCGGTTAGAGGGAGCTGC,0,1803496
hdeAp2,0.2,4,4,GGCCGGGAATTCAAGTTTCC,0,1808021
hdeAp2,0.2,4,4,GGCCAGCGCAGTGCACTAGT,0,1787401
hdeAp2,0.2,4,4,GGCATGTCGGTAGGTGTTGG,0,1793269
hdeAp2,0.2,4,4,GGCAGTGATCCGTCTAGGAC,0,1816946
hdeAp2,0.2,4,4,GGCAGCAAAAGCCCCCCGTG,0,1809105
hdeAp2,0.2,4,4,GGCACCGTGCGGAAGAAACC,0,1821959
hdeAp2,0.2,4,4,GGCACAGGTAGCACTTCGTG,0,1779169
hdeAp2,0.2,4,4,GGCAAGAGTGTGCTGTAGTC,0,1778941
hdeAp2,0.2,4,4,GGCAAGACTAGCCCGGCCGG,0,1823712
hdeAp2,0.2,4,4,GGATCGTACCTATCAGGTAA,0,1798705
hdeAp2,0.2,4,4,GGATAAATTCTCATTAGTCG,0,1808305
hdeAp2,0.2,4,4,GGAGTGGAGTTTCGACTAAT,0,1824927
hdeAp2,0.2,4,4,GGAGGGTTGCCGCTCTTGGA,0,1772019
hdeAp2,0.2,4,4,GGAGCGTATAACCTCCCGCA,0,1808282
hdeAp2,0.2,4,4,GGACTGGTTCTCATATCAGA,0,1777957
hdeAp2,0.2,4,4,GGACCCTCTCGTTACCTCCA,0,1824462
hdeAp2,0.2,4,4,GGACCCTATAGTAGGGTCTA,0,1789294
hdeAp2,0.2,4,4,GGACCCGGAAACGATTTTAG,0,1824567
hdeAp2,0.2,4,4,GGACACGGTAGTCTTGCGGT,0,1780018
hdeAp2,0.2,4,4,GGAATCTCTTCTGATTTCAC,0,1771831
hdeAp2,0.2,4,4,GGAACGGTAGAGCAAGCACA,0,1812764
hdeAp2,0.2,4,4,GGAACGAGCGGTTGACGTTC,0,1785573
hdeAp2,0.2,4,4,GGAAATTAGCGCCGAAAAAG,0,1799384
hdeAp2,0.2,4,4,GGAAAGAACTCATTAATGAC,0,1809610
hdeAp2,0.2,4,4,GCTTTATTGGGGGTCCAACC,0,1780401
hdeAp2,0.2,4,4,GCTTGTGGGAAACTTACCTT,0,1788247
hdeAp2,0.2,4,4,GCTTGAAGGAATTAATGACC,0,1792678
hdeAp2,0.2,4,4,GCTTCACAATGTAAGCATCA,0,1806571
hdeAp2,0.2,4,4,GCTGTTGGCCTGACTCTTAA,0,1822444
hdeAp2,0.2,4,4,GCTGTTCTTTGGGTCCAGAT,0,1799134
hdeAp2,0.2,4,4,GCTGGTGTCGTCCGTAGAAG,0,1827731
hdeAp2,0.2,4,4,GCTGGTCACCCAGTGATATT,0,1811884
hdeAp2,0.2,4,4,GCTGGGGCGGTGTACGGCGT,0,1791572
hdeAp2,0.2,4,4,GCTGGAGGAGGGGTGATAAA,0,1773689
hdeAp2,0.2,4,4,GCTGAGGTTATACAAAAATA,0,1780815
hdeAp2,0.2,4,4,GCTCGTCCTTCTTACTGGCG,0,1800343
hdeAp2,0.2,4,4,GCTCGTCATCGCCGCTCGAG,0,1815423
hdeAp2,0.2,4,4,GCTCGCCAGTTCACCGGCTT,0,1799949
hdeAp2,0.2,4,4,GCTCCCTTTGGATGTTCCTA,0,1784331
hdeAp2,0.2,4,4,GCTATTACGCCTGAGTTGTC,0,1822464
hdeAp2,0.2,4,4,GCTATCACACTGAGAGAAGA,0,1818867
hdeAp2,0.2,4,4,GCTAGCGACGCGAATAACAC,0,1789825
hdeAp2,0.2,4,4,GCTACTCGTAAACGAGTATA,0,1784928
hdeAp2,0.2,4,4,GCTAAGGAGACATCGTGCGA,0,1790520
hdeAp2,0.2,4,4,GCGTGTGTTTTGGGTCAAAG,0,1802029
hdeAp2,0.2,4,4,GCGTGTGCCCTTGTCGGCAA,0,1771120
hdeAp2,0.2,4,4,GCGTGGAGTGTTTCGATGTA,0,1796576
hdeAp2,0.2,4,4,GCGTCCAATACCAGCGAATT,0,1773058
hdeAp2,0.2,4,4,GCGGGTTGGAGTAGCAGTCT,0,1800897
hdeAp2,0.2,4,4,GCGGGCTTTCCTGCCGGGGT,0,1814778
hdeAp2,0.2,4,4,GCGCTTTATGTGAAAGCAAT,0,1773749
hdeAp2,0.2,4,4,GCGCTGGTTATTGCCACGTA,0,1774217
hdeAp2,0.2,4,4,GCGCGTTATCCTTTTCGGAG,0,1811342
hdeAp2,0.2,4,4,GCGCGGCCAGCATGGTATCA,0,1819285
hdeAp2,0.2,4,4,GCGCGCACGATTAGCTGTCA,0,1814220
hdeAp2,0.2,4,4,GCGCCCATTTTTTAAATGCG,0,1775167
hdeAp2,0.2,4,4,GCGATGATAATGGCCGGATC,0,1788520
hdeAp2,0.2,4,4,GCGAACGTCGGCTGGCTGGA,0,1798778
hdeAp2,0.2,4,4,GCCTCGAAATTTTTTGAGAA,0,1783412
hdeAp2,0.2,4,4,GCCTCCTACTACAGTTCGGC,0,1797440
hdeAp2,0.2,4,4,GCCTCATGGTAAACGCGATA,0,1777159
hdeAp2,0.2,4,4,GCCTAGGTCTCCGCAACCGA,0,1813289
hdeAp2,0.2,4,4,GCCTAATTCCGTTGTAGCAA,0,1800762
hdeAp2,0.2,4,4,GCCGGTATCTTTTTTTCGAA,0,1814314
hdeAp2,0.2,4,4,GCCGGGAAAGTTTCGGATGC,0,1798439
hdeAp2,0.2,4,4,GCCGCTAGGTAAACCTACCT,0,1826557
hdeAp2,0.2,4,4,GCCCTAATCCTAGTAGTGGC,0,1823675
hdeAp2,0.2,4,4,GCCCGCTGAGGCGCAGGGAG,0,1808995
hdeAp2,0.2,4,4,GCCCGATATCCGTGCCCGGC,0,1821954
hdeAp2,0.2,4,4,GCCCCTCACTCTGCCTTCGT,0,1810458
hdeAp2,0.2,4,4,GCCCCGTGCACCTGAACGAT,0,1793216
hdeAp2,0.2,4,4,GCCCATAGCAGTGTCGCAAG,0,1797092
hdeAp2,0.2,4,4,GCCCACATTTCGAAGTTACT,0,1788215
hdeAp2,0.2,4,4,GCCCAAGATTAGCATGGCTG,0,1828790
hdeAp2,0.2,4,4,GCCACGCTCACCGCCTCTTT,0,1801615
hdeAp2,0.2,4,4,GCCACCCGAGCATCGTTCCC,0,1812134
hdeAp2,0.2,4,4,GCCAAACCCCGCAGCTTCAA,0,1791445
hdeAp2,0.2,4,4,GCATTTTGGCTAGGGGCTAT,0,1826014
hdeAp2,0.2,4,4,GCATTCACGTGAATCACCAT,0,1826928
hdeAp2,0.2,4,4,GCATGCGTGTTTGGCGTCGC,0,1773253
hdeAp2,0.2,4,4,GCATGATCGGCGTCTTTGGG,0,1816640
hdeAp2,0.2,4,4,GCATCCGCCGTTGTGGCCAT,0,1809285
hdeAp2,0.2,4,4,GCATACGCGAGGTTCTCATG,0,1820197
hdeAp2,0.2,4,4,GCAGTGAAGCGGACAGACTA,0,1803368
hdeAp2,0.2,4,4,GCAGTCTGCACGCTCTATTC,0,1804980
hdeAp2,0.2,4,4,GCAGGGATCGCGGCTCAGTT,0,1780481
hdeAp2,0.2,4,4,GCAGGCTGCATATGGTAGAA,0,1786790
hdeAp2,0.2,4,4,GCACTTGACGAGGTAGAGGA,0,1796821
hdeAp2,0.2,4,4,GCACTCGCCGTGGTGCGCTT,0,1778590
hdeAp2,0.2,4,4,GCACTATAGCTTAAGGTGTT,0,1786983
hdeAp2,0.2,4,4,GCACGTACTTGGGACCTCCT,0,1777147
hdeAp2,0.2,4,4,GCACCTCCCGCTTGGGTTCG,0,1799686
hdeAp2,0.2,4,4,GCACAATGGTTAGTGCACGT,0,1806181
hdeAp2,0.2,4,4,GCAATCGAGCCGGCAGACGT,0,1817130
hdeAp2,0.2,4,4,GCAAAGCTAGAAGTTTTTCA,0,1796235
hdeAp2,0.2,4,4,GCAAAGAACACTTCATGAAA,0,1789171
hdeAp2,0.2,4,4,GATTTGGTTCGTGAGATGGG,0,1808137
hdeAp2,0.2,4,4,GATTTCAGTACCACCCTCGC,0,1778844
hdeAp2,0.2,4,4,GATTGTGATTACTGCCCCGA,0,1799022
hdeAp2,0.2,4,4,GATTGAGTGGCAATTATGGT,0,1776402
hdeAp2,0.2,4,4,GATTCCCCTGATGGTGTACA,0,1813695
hdeAp2,0.2,4,4,GATTCAGTTCCTATAAGTTT,0,1813670
hdeAp2,0.2,4,4,GATTAAACGCTTGTGCCCTC,0,1813355
hdeAp2,0.2,4,4,GATTAAAACTCCCAGAGAAT,0,1799787
hdeAp2,0.2,4,4,GATGTCAGCGATTCTCACTT,0,1780374
hdeAp2,0.2,4,4,GATCGGTTGGCATAAGGTTA,0,1823113
hdeAp2,0.2,4,4,GATCATTCTTGGTAAACGCA,0,1819144
hdeAp2,0.2,4,4,GATCATCATTATTCACAGAT,0,1825127
hdeAp2,0.2,4,4,GATATGAGTAGCAGCTGGTA,0,1805429
hdeAp2,0.2,4,4,GATAGCTTCGGCTCGTACGT,0,1823428
hdeAp2,0.2,4,4,GATAGAAGGACACAGCACCG,0,1780863
hdeAp2,0.2,4,4,GATACTGCTCGCCAACTGCT,0,1806984
hdeAp2,0.2,4,4,GAGTTAGTACGGGACCATCT,0,1790097
hdeAp2,0.2,4,4,GAGTGAACAAGGTGAGGCCA,0,1785703
hdeAp2,0.2,4,4,GAGTCTTGCGAATCCGGAAA,0,1778472
hdeAp2,0.2,4,4,GAGGGCGGTTCGTTAGAATT,0,1792723
hdeAp2,0.2,4,4,GAGGGCAGATTTTGCTACTG,0,1828361
hdeAp2,0.2,4,4,GAGGCAGTGATCATTAGCTA,0,1801335
hdeAp2,0.2,4,4,GAGGAGTTCACAGCACAGAT,0,1823665
hdeAp2,0.2,4,4,GAGGACTTATCCTTTCGCTA,0,1810032
hdeAp2,0.2,4,4,GAGGACCGCGCGCTCCTAGT,0,1823209
hdeAp2,0.2,4,4,GAGCGCCCAGGTACTGATCC,0,1795477
hdeAp2,0.2,4,4,GAGCCTCCTACTCGAACGTT,0,1772598
hdeAp2,0.2,4,4,GAGCCACAGGGTTAGGAACA,0,1816832
hdeAp2,0.2,4,4,GAGCATCTGTCCATTCAAGT,0,1817869
hdeAp2,0.2,4,4,GAGCAGTTGAAACGTATGAA,0,1816500
hdeAp2,0.2,4,4,GAGATTAAGCCAGGGCATGC,0,1783038
hdeAp2,0.2,4,4,GAGAGCTGTGTAGTGCCGCA,0,1816175
hdeAp2,0.2,4,4,GAGACCGACACCGGTCAGAT,0,1782154
hdeAp2,0.2,4,4,GAGACACTGTCAGATCATGC,0,1814225
hdeAp2,0.2,4,4,GACTTAACAGCGTTCGATTG,0,1796768
hdeAp2,0.2,4,4,GACTGAACGTGGCACGCGGG,0,1828701
hdeAp2,0.2,4,4,GACTAGGTATGCGCGTGATA,0,1773827
hdeAp2,0.2,4,4,GACGGATCACGTAACCGGGG,0,1812008
hdeAp2,0.2,4,4,GACGGACACTGTGTTAACTA,0,1827778
hdeAp2,0.2,4,4,GACGAGGGAGAGAAGATATC,0,1795453
hdeAp2,0.2,4,4,GACGACGCACAGGAATCCAA,0,1803478
hdeAp2,0.2,4,4,GACCGCTTGTAGCCAGAATG,0,1827249
hdeAp2,0.2,4,4,GACCGCGAACGCGTTACACA,0,1777462
hdeAp2,0.2,4,4,GACCCAGGCGGGACTCGAGA,0,1823278
hdeAp2,0.2,4,4,GACCAGAGAAAGAGGCCGAT,0,1818022
hdeAp2,0.2,4,4,GACATAGGGATTACGGCCCT,0,1810728
hdeAp2,0.2,4,4,GACATAATATAGCCTAAGTG,0,1781561
hdeAp2,0.2,4,4,GACACTTCCCGGAACGGATA,0,1808284
hdeAp2,0.2,4,4,GACACGGCGCCCGATCTGTA,0,1807028
hdeAp2,0.2,4,4,GACACCGTTCCCACGATAAC,0,1806107
hdeAp2,0.2,4,4,GACAACGCCCAGTCTTAGCT,0,1814420
hdeAp2,0.2,4,4,GAATTTTTAGTCATGTGCGT,0,1783805
hdeAp2,0.2,4,4,GAATTCCGACTAGCTGGAAG,0,1812061
hdeAp2,0.2,4,4,GAATGGCTGGCGCGGTTTTG,0,1827301
hdeAp2,0.2,4,4,GAATCGTAGTGGGCTGCCAT,0,1788117
hdeAp2,0.2,4,4,GAATCAAACCGCAGAGAAGA,0,1821439
hdeAp2,0.2,4,4,GAATACGCTGCTCCGTCCCT,0,1780836
hdeAp2,0.2,4,4,GAATAACATAGATGGAGATC,0,1816245
hdeAp2,0.2,4,4,GAAGCTTAAGGACAGGACCT,0,1803119
hdeAp2,0.2,4,4,GAACTACGTTACTACAACGC,0,1788686
hdeAp2,0.2,4,4,GAACGCACCGATAGGGGCTC,0,1778680
hdeAp2,0.2,4,4,GAACAAGAGTACTCTGCATC,0,1801879
hdeAp2,0.2,4,4,GAAATGCTCCGCGAATACTA,0,1775625
hdeAp2,0.2,4,4,GAAAGTGGTGGGCGACAGGA,0,1821964
hdeAp2,0.2,4,4,GAAACTGAGTGTGTTCGATT,0,1791698
hdeAp2,0.2,4,4,GAAACACACTAAACTTAGCC,0,1826260
hdeAp2,0.2,4,4,GAAAACTGCGGCACACTTAC,0,1796855
hdeAp2,0.2,4,4,CTTTTTGGGAAATAGTGCGC,0,1806426
hdeAp2,0.2,4,4,CTTTTGACGTGGGGTTCCGA,0,1777086
hdeAp2,0.2,4,4,CTTTTCTTAAGATACCGTTG,0,1781336
hdeAp2,0.2,4,4,CTTTTAAGCATCACTATCTT,0,1805533
hdeAp2,0.2,4,4,CTTTGCACAAAGACTGAAAC,0,1777493
hdeAp2,0.2,4,4,CTTTGACAGTTTCAAAAGGA,0,1803450
hdeAp2,0.2,4,4,CTTTAACCCTGGTCGGCTTA,0,1800204
hdeAp2,0.2,4,4,CTTGTAATAGGTAATCGCGT,0,1800704
hdeAp2,0.2,4,4,CTTGGCATTTGGTGACGCCT,0,1815218
hdeAp2,0.2,4,4,CTTGCATCTCGTGTGTCTCA,0,1810674
hdeAp2,0.2,4,4,CTTGCATCATAGCGAGGGCT,0,1807581
hdeAp2,0.2,4,4,CTTGATGATCCGGCTGAGGA,0,1777110
hdeAp2,0.2,4,4,CTTCTCTGTTCCAGGAATAG,0,1806632
hdeAp2,0.2,4,4,CTTCTATTGCAGTCCTGAAA,0,1802763
hdeAp2,0.2,4,4,CTTCTACCGCGACTGACGCT,0,1777439
hdeAp2,0.2,4,4,CTTCTAACGGGGACCTACAT,0,1796292
hdeAp2,0.2,4,4,CTTATGAAAAAACCGGGGAG,0,1815117
hdeAp2,0.2,4,4,CTTAGACCGCTACCACGTTA,0,1788251
hdeAp2,0.2,4,4,CTTACCAGTAAGTAGACGTT,0,1795523
hdeAp2,0.2,4,4,CTTAACAGTTCTTGTATACC,0,1798095
hdeAp2,0.2,4,4,CTTAAACCTTCTATGAGCGG,0,1789694
hdeAp2,0.2,4,4,CTGTTAGTTATTTTAGTAAG,0,1816884
hdeAp2,0.2,4,4,CTGTTACGATGGCTGACCAA,0,1786025
hdeAp2,0.2,4,4,CTGTTAAGATTAGAGGTAGC,0,1800865
hdeAp2,0.2,4,4,CTGTGGCAGCGGCGGATGCA,0,1792116
hdeAp2,0.2,4,4,CTGTCTGTGGTGTCTGTTAG,0,1816898
hdeAp2,0.2,4,4,CTGTCGCAGGTACAGAATGA,0,1807880
hdeAp2,0.2,4,4,CTGTATACAACGGTTGCCCC,0,1774606
hdeAp2,0.2,4,4,CTGTAGGAGGCGTAGGATGT,0,1813858
hdeAp2,0.2,4,4,CTGTAAGTCAGTTTTATGAC,0,1809417
hdeAp2,0.2,4,4,CTGTAAAGCGCTGTAATATT,0,1828298
hdeAp2,0.2,4,4,CTGGTTGATTGCGCCACATG,0,1785548
hdeAp2,0.2,4,4,CTGGTCATCCTGCGTACAAG,0,1815926
hdeAp2,0.2,4,4,CTGGGCGTCTACATTACGCT,0,1785052
hdeAp2,0.2,4,4,CTGGGCACATAGGTCATCCA,0,1827772
hdeAp2,0.2,4,4,CTGGCTCACTAGGCGGCGGT,0,1780053
hdeAp2,0.2,4,4,CTGGCAGCCCACAACTGGAG,0,1801524
hdeAp2,0.2,4,4,CTGGCAAGTTAATATTCAGT,0,1828190
hdeAp2,0.2,4,4,CTGGATATCGGCATGTCTTT,0,1820830
hdeAp2,0.2,4,4,CTGGAGGACGATACTAGCGT,0,1810293
hdeAp2,0.2,4,4,CTGGAACGCCATGGTAACTA,0,1772037
hdeAp2,0.2,4,4,CTGCTGCGAATATCTAGCTT,0,1812459
hdeAp2,0.2,4,4,CTGCTCTGGATAATAAATAC,0,1806750
hdeAp2,0.2,4,4,CTGCTATGTTGTATAAGCAT,0,1788511
hdeAp2,0.2,4,4,CTGCGTCGGAATGTTCAAGG,0,1815679
hdeAp2,0.2,4,4,CTGCGGGAGCCCTGATGACA,0,1794357
hdeAp2,0.2,4,4,CTGCCGGTTAGGTTTATCTG,0,1800806
hdeAp2,0.2,4,4,CTGCATGAAGCCCCCGACGG,0,1795654
hdeAp2,0.2,4,4,CTGCAGAGAACGACCAGGTT,0,1813674
hdeAp2,0.2,4,4,CTGATTGGTGCAGTGAGGCC,0,1794553
hdeAp2,0.2,4,4,CTGACTTTAAATAGAAAATG,0,1807015
hdeAp2,0.2,4,4,CTGACCTCTAACTCTCCTGG,0,1826552
hdeAp2,0.2,4,4,CTGACAGGACCAAGGGGTAT,0,1787014
hdeAp2,0.2,4,4,CTGAAGCGTCATATTGAGTT,0,1796727
hdeAp2,0.2,4,4,CTCTGATCGGCACTTATAGG,0,1802355
hdeAp2,0.2,4,4,CTCTCGGGTTCCCGTATCCC,0,1808918
hdeAp2,0.2,4,4,CTCTATATGTCTTTGGACAT,0,1804392
hdeAp2,0.2,4,4,CTCTACGCGGTCGGGCGGTG,0,1774604
hdeAp2,0.2,4,4,CTCGTCGCTGACAAGGGCTT,0,1793161
hdeAp2,0.2,4,4,CTCGGACATAGAAAGACATT,0,1774393
hdeAp2,0.2,4,4,CTCGCTGGGAACGATTCGAT,0,1782994
hdeAp2,0.2,4,4,CTCGCGATCATGACCATTCA,0,1816590
hdeAp2,0.2,4,4,CTCGCCGAGAGTGCGACCAC,0,1803998
hdeAp2,0.2,4,4,CTCGAGGACGGATTTTCGGA,0,1774788
hdeAp2,0.2,4,4,CTCGAGCGGCTCCGGCCTAT,0,1780449
hdeAp2,0.2,4,4,CTCCTCTGATCGAGCGACTG,0,1784222
hdeAp2,0.2,4,4,CTCCGCCGGAGCATAACGGG,0,1801246
hdeAp2,0.2,4,4,CTCCCTTTGGGCCATACAAG,0,1816929
hdeAp2,0.2,4,4,CTCCATGATTGCATGGCTCG,0,1792175
hdeAp2,0.2,4,4,CTCATTTTTAAAATCTAACA,0,1780575
hdeAp2,0.2,4,4,CTCAAAGCCTTGAATTTGGC,0,1786744
hdeAp2,0.2,4,4,CTATTGTTTGTCCGAATGTC,0,1806281
hdeAp2,0.2,4,4,CTATTGTGCTGCAATCTTGG,0,1781278
hdeAp2,0.2,4,4,CTATTGACTGTGAGAATATA,0,1798870
hdeAp2,0.2,4,4,CTATTCATACTCTCGGTGCA,0,1784752
hdeAp2,0.2,4,4,CTATTAATCGATTTGGCCCC,0,1792578
hdeAp2,0.2,4,4,CTATTAAAGCGTCGGGGGAT,0,1778128
hdeAp2,0.2,4,4,CTATGGGCGTAATTATACAA,0,1811794
hdeAp2,0.2,4,4,CTATCGTCACTCATGTCATA,0,1783094
hdeAp2,0.2,4,4,CTATAAACGGCCCTGCTTTA,0,1825969
hdeAp2,0.2,4,4,CTAGGGTTCTGTAAAGTTCC,0,1787742
hdeAp2,0.2,4,4,CTAGCCAAGTAGCATGTAGT,0,1772710
hdeAp2,0.2,4,4,CTACTCTTGACAGACGTGGT,0,1784532
hdeAp2,0.2,4,4,CTACGCGCTGAGAGGGTACA,0,1813967
hdeAp2,0.2,4,4,CTACCAGGTGATTTGAGATA,0,1780176
hdeAp2,0.2,4,4,CTACAGTCAGAAAACGGGTT,0,1777364
hdeAp2,0.2,4,4,CTACAGACAAAAGGTGCTCT,0,1810127
hdeAp2,0.2,4,4,CTAATGTAAACGGGTCACGT,0,1798539
hdeAp2,0.2,4,4,CTAATAGACAACCTATACGT,0,1790046
hdeAp2,0.2,4,4,CTAAGTGTATGTAATGTGTA,0,1800003
hdeAp2,0.2,4,4,CTAAGACGAACGAGCACAGG,0,1775377
hdeAp2,0.2,4,4,CTAACCTTGTCCGTCGTATA,0,1821201
hdeAp2,0.2,4,4,CTAAATCCCGCCTTTAGGGT,0,1781386
hdeAp2,0.2,4,4,CGTTTGATACTACGGTCATG,0,1783160
hdeAp2,0.2,4,4,CGTTTAATAACGTTGGTATC,0,1777488
hdeAp2,0.2,4,4,CGTTGGGGATCCCGTATGGC,0,1817802
hdeAp2,0.2,4,4,CGTTGGCCTCACTATGTCTA,0,1780325
hdeAp2,0.2,4,4,CGTTCAGTCACCCGTCTATG,0,1800323
hdeAp2,0.2,4,4,CGTGTAGTCGGCCAGGCACT,0,1772497
hdeAp2,0.2,4,4,CGTGTACCACTTCCGCACAA,0,1807206
hdeAp2,0.2,4,4,CGTGGAAGTCATTCGGTACT,0,1810835
hdeAp2,0.2,4,4,CGTCTCGCGGATGCTCAGTT,0,1786134
hdeAp2,0.2,4,4,CGTATGGCGTCACTGAATGA,0,1793814
hdeAp2,0.2,4,4,CGTAGCAAACCGGCATCAGA,0,1827067
hdeAp2,0.2,4,4,CGTACACTACAACCACAGGG,0,1801763
hdeAp2,0.2,4,4,CGTAATGTCCGCTGAGGGCA,0,1773008
hdeAp2,0.2,4,4,CGTAAGTAATTTACTTGTGT,0,1818223
hdeAp2,0.2,4,4,CGGTTTGTATACGTGGTGAA,0,1801500
hdeAp2,0.2,4,4,CGGTGTCGGGTAAAGCGTGA,0,1814324
hdeAp2,0.2,4,4,CGGTGCCGGCATAATCCCGT,0,1773397
hdeAp2,0.2,4,4,CGGTGCACCAGTTGTAAAGC,0,1803747
hdeAp2,0.2,4,4,CGGTGAAAACATTCATCGCC,0,1803917
hdeAp2,0.2,4,4,CGGTCGCTCCTAAGCCGATC,0,1801104
hdeAp2,0.2,4,4,CGGTATTAAGTCGTGGCTTC,0,1820178
hdeAp2,0.2,4,4,CGGGTATAGCTGACTGTATG,0,1787067
hdeAp2,0.2,4,4,CGGGGTCGTTAAATAATAAA,0,1775111
hdeAp2,0.2,4,4,CGGGGGGTGGGGAGAAAACT,0,1805389
hdeAp2,0.2,4,4,CGGGGCTCTAGGCATCAAAT,0,1811607
hdeAp2,0.2,4,4,CGGGGCGACCACATATAGCG,0,1819387
hdeAp2,0.2,4,4,CGGGCGTCCACAGTTTCTGA,0,1776714
hdeAp2,0.2,4,4,CGGGCCTCTTCGAACTCGTT,0,1783688
hdeAp2,0.2,4,4,CGGGCCAATTATGTTCACAG,0,1798826
hdeAp2,0.2,4,4,CGGCTCGTGAAATCTTTCCG,0,1810710
hdeAp2,0.2,4,4,CGGCGGTTGCGTCTGTAATA,0,1784297
hdeAp2,0.2,4,4,CGGCGATCGTCGCGGAAACA,0,1781937
hdeAp2,0.2,4,4,CGGCGAATGGCAAAGGATCG,0,1809801
hdeAp2,0.2,4,4,CGGCGAACGAGGACCTATAT,0,1817799
hdeAp2,0.2,4,4,CGGCCGCAGAGCTTGAGGAT,0,1821906
hdeAp2,0.2,4,4,CGGCCCGCGCCTCGATCTTG,0,1828624
hdeAp2,0.2,4,4,CGGCAGAGTCGTACAAGACC,0,1808991
hdeAp2,0.2,4,4,CGGCACACCCAGCGCTATCG,0,1795190
hdeAp2,0.2,4,4,CGGATCACGCTACGGTGTGA,0,1821819
hdeAp2,0.2,4,4,CGGACTACTCGCGCATGCGC,0,1810768
hdeAp2,0.2,4,4,CGGACCGTATATGGCTTTTA,0,1781331
hdeAp2,0.2,4,4,CGCTTTTTCGAACATATACT,0,1796596
hdeAp2,0.2,4,4,CGCTTGGTTCCCATTTGAAA,0,1823815
hdeAp2,0.2,4,4,CGCTGTAATGACTGCCAGAT,0,1791545
hdeAp2,0.2,4,4,CGCTGAATCTTGGTCCCCCC,0,1823221
hdeAp2,0.2,4,4,CGCTCTCGTGCTGAGGGCTG,0,1776537
hdeAp2,0.2,4,4,CGCTCTATGAGACCTAGTAC,0,1775121
hdeAp2,0.2,4,4,CGCTATCTGGGGTAAACGTC,0,1802833
hdeAp2,0.2,4,4,CGCTAGGGTCTTAAGCATTT,0,1786889
hdeAp2,0.2,4,4,CGCGTCCTGGTCGAGGGCTA,0,1780726
hdeAp2,0.2,4,4,CGCGGTTACTGTGTCAATTG,0,1795759
hdeAp2,0.2,4,4,CGCGCACAAGGAAGGTCATT,0,1809217
hdeAp2,0.2,4,4,CGCGACGGGGGGCCTTAGAG,0,1817664
hdeAp2,0.2,4,4,CGCGACACACACACGCTCTA,0,1775219
hdeAp2,0.2,4,4,CGCGACAATAAAAGATGCTA,0,1772674
hdeAp2,0.2,4,4,CGCCGTACGCTTGCTTCACA,0,1802905
hdeAp2,0.2,4,4,CGCCCAGGTCAACGTTAACT,0,1811055
hdeAp2,0.2,4,4,CGCCATTATATCAGGCACAT,0,1804190
hdeAp2,0.2,4,4,CGCATTAGGAGCCTTGGGAC,0,1821948
hdeAp2,0.2,4,4,CGCATGTCTAGGTGGGAGAG,0,1777979
hdeAp2,0.2,4,4,CGCACTTAACTGCTGTTGAA,0,1776323
hdeAp2,0.2,4,4,CGCACTGGGCGTCTACGTTG,0,1815052
hdeAp2,0.2,4,4,CGATTTAGTCATTGCCAAGT,0,1790206
hdeAp2,0.2,4,4,CGATGTTAGCGCAGGCGGTC,0,1809493
hdeAp2,0.2,4,4,CGATAGGTCCAATCGAGCGA,0,1807399
hdeAp2,0.2,4,4,CGAGTTTGCAGTAATGCGCC,0,1788277
hdeAp2,0.2,4,4,CGAGCTTCAAGCATGGTACG,0,1808456
hdeAp2,0.2,4,4,CGAGCTATGGGCGGACGTAC,0,1806492
hdeAp2,0.2,4,4,CGAGCGTGGCCCAAGGATCA,0,1821192
hdeAp2,0.2,4,4,CGAGCCAACTTAGAAGACTA,0,1782821
hdeAp2,0.2,4,4,CGACGCTGAACATGATAAGA,0,1793783
hdeAp2,0.2,4,4,CGACCGACAACACGCGCGTT,0,1810522
hdeAp2,0.2,4,4,CGACAGCGAATATCCTCGGT,0,1797205
hdeAp2,0.2,4,4,CGAATGCCCAGCGTCAAGAT,0,1799989
hdeAp2,0.2,4,4,CGAATGAATCTTCCCAAAAT,0,1823155
hdeAp2,0.2,4,4,CGAAGCGCTGAGAGAGAGGC,0,1794345
hdeAp2,0.2,4,4,CGAACTTGTAAGTCTGATGG,0,1800590
hdeAp2,0.2,4,4,CGAACCTGCCCATCAGATCT,0,1822130
hdeAp2,0.2,4,4,CCTTTTTTCAGAAGGGCGCA,0,1818917
hdeAp2,0.2,4,4,CCTTTGCGACTTAGCTCAGA,0,1802747
hdeAp2,0.2,4,4,CCTTTCGCTGCTAGCTGATA,0,1816594
hdeAp2,0.2,4,4,CCTTCAGGGGCGCTCTAACG,0,1784605
hdeAp2,0.2,4,4,CCTTAGCGTAAAACATGCCG,0,1789153
hdeAp2,0.2,4,4,CCTTACTAAAGTTATGAGTC,0,1827784
hdeAp2,0.2,4,4,CCTTAACTTCCGTAACTACT,0,1792123
hdeAp2,0.2,4,4,CCTGTCGTGGTGACCTGCGC,0,1810892
hdeAp2,0.2,4,4,CCTGTCAGTAGCATGTACCA,0,1804691
hdeAp2,0.2,4,4,CCTGCTGATCTGTCTTAGTA,0,1776283
hdeAp2,0.2,4,4,CCTGATGTCTTCACTATGGC,0,1802809
hdeAp2,0.2,4,4,CCTCTCTTACCGAACAGTAC,0,1805948
hdeAp2,0.2,4,4,CCTCGGTAGCATCACGCAGC,0,1784736
hdeAp2,0.2,4,4,CCTCGGTACTGTTGCCTCAA,0,1795338
hdeAp2,0.2,4,4,CCTCCGTTTCTCTAACGGGT,0,1803528
hdeAp2,0.2,4,4,CCTCATGTAGTCATTTCCGT,0,1779345
hdeAp2,0.2,4,4,CCTCACGAGTACATGTGCCC,0,1794362
hdeAp2,0.2,4,4,CCTCAAGTCTAATTGGTTGC,0,1788363
hdeAp2,0.2,4,4,CCTCAAAAATAGAAAGCACA,0,1776516
hdeAp2,0.2,4,4,CCTATCTCGGTATATTGCAC,0,1795368
hdeAp2,0.2,4,4,CCTATACATGGGGATGAGCC,0,1815147
hdeAp2,0.2,4,4,CCTAGGCGAGGGCAACACCA,0,1824724
hdeAp2,0.2,4,4,CCTACCTGCTTTGTTTTATT,0,1812156
hdeAp2,0.2,4,4,CCTAACAGGGGGGCACTGGA,0,1789552
hdeAp2,0.2,4,4,CCGTTACTGCTTAGGACATT,0,1800046
hdeAp2,0.2,4,4,CCGTGGACAGGTCTTCTCAC,0,1827923
hdeAp2,0.2,4,4,CCGTCTCAACTCATCAGGAC,0,1819171
hdeAp2,0.2,4,4,CCGTCGGGCACATCGACTTG,0,1802111
hdeAp2,0.2,4,4,CCGTCCGTTCTGGTTCACGC,0,1823625
hdeAp2,0.2,4,4,CCGTCAGCGTGCATAGAAGG,0,1803124
hdeAp2,0.2,4,4,CCGTAGCTCAGGGGGCGAGC,0,1820087
hdeAp2,0.2,4,4,CCGGGGGCGCGAATTTATAT,0,1812483
hdeAp2,0.2,4,4,CCGGGGACTGGGTATGGGGG,0,1795016
hdeAp2,0.2,4,4,CCGGGCACTAACATCCTCAT,0,1813085
hdeAp2,0.2,4,4,CCGGAGTTAGACGTCACGTA,0,1798473
hdeAp2,0.2,4,4,CCGCTTCTGGAGGGGCCTAT,0,1775657
hdeAp2,0.2,4,4,CCGCGTTGAGCCCACGAGGT,0,1821667
hdeAp2,0.2,4,4,CCGCCTTAGTACAGTGCGGT,0,1817083
hdeAp2,0.2,4,4,CCGCATTAGGGTAGTTGGGC,0,1823718
hdeAp2,0.2,4,4,CCGATTCAAGGACTTCGGAC,0,1805630
hdeAp2,0.2,4,4,CCGATACTCATGGTCTACGC,0,1787785
hdeAp2,0.2,4,4,CCGAGATATCGAACACGCCG,0,1775666
hdeAp2,0.2,4,4,CCGACTCAAAGATGGACAGC,0,1795661
hdeAp2,0.2,4,4,CCGACATCACTGGGTCGTCA,0,1784075
hdeAp2,0.2,4,4,CCGACACACGCGTGCGCATC,0,1789275
hdeAp2,0.2,4,4,CCGAACTTGGATTATTAATT,0,1803527
hdeAp2,0.2,4,4,CCCTTACGTCGAATTATGAA,0,1807392
hdeAp2,0.2,4,4,CCCTGGCTGGTCGTCGTACA,0,1795832
hdeAp2,0.2,4,4,CCCTCTCCGCGTTATTCTAC,0,1783198
hdeAp2,0.2,4,4,CCCTCGGCTCCGCTGGGGTA,0,1814563
hdeAp2,0.2,4,4,CCCGTCCTCACTGTGACCCT,0,1798395
hdeAp2,0.2,4,4,CCCGGAAAAATTGTTGGACA,0,1771945
hdeAp2,0.2,4,4,CCCGCCGCCCCATTAACGTG,0,1775431
hdeAp2,0.2,4,4,CCCCTACCATGTCAGGGCTC,0,1811650
hdeAp2,0.2,4,4,CCCCGCCGTATCCCAGGGTT,0,1799317
hdeAp2,0.2,4,4,CCCCCTTTTGTAGCGTTGAG,0,1813265
hdeAp2,0.2,4,4,CCCATGTCGAAATGTATCGG,0,1800600
hdeAp2,0.2,4,4,CCCAGAGTTAACGCTACAGC,0,1824853
hdeAp2,0.2,4,4,CCCACATAGGAAAGTTTGAC,0,1788143
hdeAp2,0.2,4,4,CCATTCCTGTGCCGCCGCAG,0,1803589
hdeAp2,0.2,4,4,CCATAAGAAGCTCATCCAAT,0,1805087
hdeAp2,0.2,4,4,CCAGTTCAGTAAGACATGAA,0,1774005
hdeAp2,0.2,4,4,CCAGTACCCGGGACTCTTTA,0,1791026
hdeAp2,0.2,4,4,CCAGGCCAGTGTAGGATAGG,0,1824253
hdeAp2,0.2,4,4,CCAGGATACGTTAACTAGGT,0,1786588
hdeAp2,0.2,4,4,CCAGCTTGGAGCCGGTTTAG,0,1806948
hdeAp2,0.2,4,4,CCAGCGTAATCTTGGTAGCT,0,1793811
hdeAp2,0.2,4,4,CCAGAGTCATAAAGACCGGA,0,1810947
hdeAp2,0.2,4,4,CCAGAGTAAAGATAAGGGAC,0,1797275
hdeAp2,0.2,4,4,CCAGAGATTCAGTCTTGTAA,0,1805480
hdeAp2,0.2,4,4,CCACCTTTTTAAGACATAAA,0,1782509
hdeAp2,0.2,4,4,CCACCTGACACGGGCGGGGC,0,1802212
hdeAp2,0.2,4,4,CCACCGGGATCGATTAATTG,0,1797717
hdeAp2,0.2,4,4,CCACATGCCGGATTCGACCA,0,1780156
hdeAp2,0.2,4,4,CCACACCATGATGGCAACGA,0,1803871
hdeAp2,0.2,4,4,CCACACACATCTGAAGCCGT,0,1787545
hdeAp2,0.2,4,4,CCAATTTGCTTTGCTGTGAG,0,1776583
hdeAp2,0.2,4,4,CCAATCGAGAGATATAACAT,0,1820673
hdeAp2,0.2,4,4,CCAATAATACTCGTAGCGCG,0,1778500
hdeAp2,0.2,4,4,CCAACCGCTATCAAGCATGG,0,1819466
hdeAp2,0.2,4,4,CATTTCCTGAACGGATTTTA,0,1814307
hdeAp2,0.2,4,4,CATTGGATCAGGGGTCTGAT,0,1771350
hdeAp2,0.2,4,4,CATTCCCGGTCAGGGTGGGC,0,1806481
hdeAp2,0.2,4,4,CATTAGTGCGTTCACTTGTG,0,1796424
hdeAp2,0.2,4,4,CATTAAACTTAAGTACCTGC,0,1775983
hdeAp2,0.2,4,4,CATGTTCGCGGTCGTTAGTT,0,1788302
hdeAp2,0.2,4,4,CATGTACATCTTTACCGCCC,0,1790400
hdeAp2,0.2,4,4,CATGAGCAAGTCCCGGCTTG,0,1815296
hdeAp2,0.2,4,4,CATGAATGCAATTCCTCTTT,0,1787994
hdeAp2,0.2,4,4,CATCGTCTACCGTGTTCTGT,0,1781163
hdeAp2,0.2,4,4,CATCCTTCTTTGCGCTGTCT,0,1782481
hdeAp2,0.2,4,4,CATCATGACACCAGAGGAAT,0,1824163
hdeAp2,0.2,4,4,CATCAATCGGGATATGAAGT,0,1816765
hdeAp2,0.2,4,4,CATACGGACGAAGCTGGTAA,0,1791047
hdeAp2,0.2,4,4,CATACCGTGTGCATCAGGGC,0,1815170
hdeAp2,0.2,4,4,CATAACCACACTTCTAGGTG,0,1815859
hdeAp2,0.2,4,4,CATAAATCGTTGTTCCGTCA,0,1828209
hdeAp2,0.2,4,4,CAGTTCCCCATTTTATGTTT,0,1825014
hdeAp2,0.2,4,4,CAGTTACGTTCTTGCTGTAC,0,1771967
hdeAp2,0.2,4,4,CAGTGCTACCCTTAATTGCC,0,1794552
hdeAp2,0.2,4,4,CAGTCTCCTGGCTTGCTAAC,0,1804538
hdeAp2,0.2,4,4,CAGTATTATCAAGGATTTGT,0,1801777
hdeAp2,0.2,4,4,CAGTAGGCGCCCACCGTTGG,0,1771236
hdeAp2,0.2,4,4,CAGTAGCGAACGCGCCATTT,0,1781530
hdeAp2,0.2,4,4,CAGGTCATTGACAGACCTCA,0,1821773
hdeAp2,0.2,4,4,CAGGGTTGTAATGGACCTAA,0,1818902
hdeAp2,0.2,4,4,CAGGGGCGTCTTCACACTTA,0,1795135
hdeAp2,0.2,4,4,CAGGGGCAATATAACGACCT,0,1791076
hdeAp2,0.2,4,4,CAGGCGCCGAGCACCCGATT,0,1776610
hdeAp2,0.2,4,4,CAGGCGCCCACCGTGGCCCT,0,1819131
hdeAp2,0.2,4,4,CAGGCCCTCCCTCAATAACA,0,1786328
hdeAp2,0.2,4,4,CAGGCACTGAGTTGAGGTAC,0,1818785
hdeAp2,0.2,4,4,CAGGAAAGCTCCCGCCAGTG,0,1794075
hdeAp2,0.2,4,4,CAGCCCCTCTCTGCATTGAG,0,1826626
hdeAp2,0.2,4,4,CAGCCATCTTGAATTATGTC,0,1790846
hdeAp2,0.2,4,4,CAGCAAGATAACTGCTTATG,0,1776990
hdeAp2,0.2,4,4,CAGATTCATGCTCATCTTTT,0,1817679
hdeAp2,0.2,4,4,CAGATCCAAGAAGTTGAAAG,0,1785598
hdeAp2,0.2,4,4,CAGAGAAATGTTGCCACGTG,0,1810687
hdeAp2,0.2,4,4,CAGACTGGGCTGTGCTATGA,0,1810019
hdeAp2,0.2,4,4,CACTTTCGGGGCTAATCGTA,0,1809939
hdeAp2,0.2,4,4,CACTGCGGGTACATGACCTA,0,1813017
hdeAp2,0.2,4,4,CACTCATGCGGAAAATTCCA,0,1798528
hdeAp2,0.2,4,4,CACTATTGTTGGTGCCATCT,0,1804933
hdeAp2,0.2,4,4,CACTATGGACCAGATGTCAT,0,1793452
hdeAp2,0.2,4,4,CACTATCAGGACAAATTGTC,0,1802438
hdeAp2,0.2,4,4,CACGTTACCCTCACTTCGGA,0,1821435
hdeAp2,0.2,4,4,CACGTACAGGAAGGCCCTAA,0,1778559
hdeAp2,0.2,4,4,CACGAGTAGGATTGTCGCAA,0,1815921
hdeAp2,0.2,4,4,CACCTTATATACTTCTGAAC,0,1820107
hdeAp2,0.2,4,4,CACCTGTGCCCTCTGCTTAA,0,1808000
hdeAp2,0.2,4,4,CACCTGGCCGAAACGGGCCC,0,1784688
hdeAp2,0.2,4,4,CACCTAGAGGCTAGGTTAGT,0,1815351
hdeAp2,0.2,4,4,CACCAGTCAGAGACAGGATG,0,1793970
hdeAp2,0.2,4,4,CACCAGAAAGCCGGGAAAGC,0,1807352
hdeAp2,0.2,4,4,CACAGTGCGACGCTGGGGGT,0,1827173
hdeAp2,0.2,4,4,CACACTGAGGCCAGGGCAAA,0,1804039
hdeAp2,0.2,4,4,CACACGGAACACTGTGAAGA,0,1791380
hdeAp2,0.2,4,4,CAATTTCCACTTCACATCGA,0,1818714
hdeAp2,0.2,4,4,CAATGGCTGGTCAGAGTCTT,0,1772938
hdeAp2,0.2,4,4,CAATATCTGTTCCTCGGTTC,0,1797897
hdeAp2,0.2,4,4,CAAGGTCATTATGAACAGAT,0,1802802
hdeAp2,0.2,4,4,CAAGCGTAATTCTAAGACTG,0,1828105
hdeAp2,0.2,4,4,CAACGTGATCAAATGATCAG,0,1774039
hdeAp2,0.2,4,4,CAACGGGGTGTTATGTTCGC,0,1775552
hdeAp2,0.2,4,4,CAACCTCTGTGCGGTAACAA,0,1821979
hdeAp2,0.2,4,4,CAACCCCATGCTCGGGCTCA,0,1780503
hdeAp2,0.2,4,4,CAACACCTGTAAGACGTCGC,0,1813013
hdeAp2,0.2,4,4,CAAAGACATCGGAATCACTG,0,1789471
hdeAp2,0.2,4,4,CAAACTTCGGACTCCCTCGA,0,1820732
hdeAp2,0.2,4,4,CAAACGGCATTTGGCTTGCT,0,1824866
hdeAp2,0.2,4,4,CAAACATTGTATTGCTGAAA,0,1811739
hdeAp2,0.2,4,4,CAAAAGTGGGGATTTGACCC,0,1810513
hdeAp2,0.2,4,4,ATTTTTCAAGAGGGCCAGGA,0,1777047
hdeAp2,0.2,4,4,ATTTGTTGTAATAGAGCTGG,0,1816855
hdeAp2,0.2,4,4,ATTTATCGTAGTATGGGTGA,0,1813696
hdeAp2,0.2,4,4,ATTGGGCCGCACTGGGACCA,0,1796947
hdeAp2,0.2,4,4,ATTGACCTCCATGCGTGTCT,0,1816007
hdeAp2,0.2,4,4,ATTCGCCGGTATTATACCTT,0,1778463
hdeAp2,0.2,4,4,ATTCCCTTCCTAGGGACGAT,0,1810888
hdeAp2,0.2,4,4,ATTCATTCTTATGATACGGT,0,1774593
hdeAp2,0.2,4,4,ATTCAGGCAGGACCGAGTCT,0,1824304
hdeAp2,0.2,4,4,ATTCAGCCGTGACCCAGCAG,0,1826160
hdeAp2,0.2,4,4,ATTATGCAGAATAGAGGCGT,0,1806178
hdeAp2,0.2,4,4,ATTACCGGAGAAGGAAGAAC,0,1790284
hdeAp2,0.2,4,4,ATTAATGCCTTACTTAATTC,0,1824085
hdeAp2,0.2,4,4,ATTAAGTCCCGTTCAGAATA,0,1798418
hdeAp2,0.2,4,4,ATTAACCACTAAGACAACGT,0,1783504
hdeAp2,0.2,4,4,ATTAAATGTCATAGGGGCGT,0,1785184
hdeAp2,0.2,4,4,ATGTTCATCATTCATTCGGC,0,1792665
hdeAp2,0.2,4,4,ATGTGCGGTCGAACAAGGAG,0,1794818
hdeAp2,0.2,4,4,ATGTGAACTCACTTATGATT,0,1815801
hdeAp2,0.2,4,4,ATGTATTGGTTTCGACGATG,0,1772454
hdeAp2,0.2,4,4,ATGTACCCCTCCACGCTGTT,0,1771239
hdeAp2,0.2,4,4,ATGGTCTTGACATGGGCCAA,0,1814987
hdeAp2,0.2,4,4,ATGGGAAGTCCGTTATACAA,0,1817880
hdeAp2,0.2,4,4,ATGGATTTACCTTTCTAGTC,0,1779396
hdeAp2,0.2,4,4,ATGGAGTGCAAATGTACTAG,0,1793346
hdeAp2,0.2,4,4,ATGGACAGGCCAACGACTTG,0,1778768
hdeAp2,0.2,4,4,ATGCTATCGGGGTCAGCTGA,0,1809762
hdeAp2,0.2,4,4,ATGCGTTTGCAGGGAATTGT,0,1800485
hdeAp2,0.2,4,4,ATGCGGGCAACTAGATTCCA,0,1804894
hdeAp2,0.2,4,4,ATGAGGTATAATCACACTGT,0,1783372
hdeAp2,0.2,4,4,ATGAATAGCTCTAGGGAGAA,0,1804060
hdeAp2,0.2,4,4,ATCTTGGATTTCGTCACTGG,0,1805872
hdeAp2,0.2,4,4,ATCTGCATATTTCACGCCAC,0,1808600
hdeAp2,0.2,4,4,ATCTCCACTAATTCCAGCCG,0,1824649
hdeAp2,0.2,4,4,ATCTATCCGAGTCCTTTTCC,0,1782014
hdeAp2,0.2,4,4,ATCTACCAGACCATGGCACG,0,1808619
hdeAp2,0.2,4,4,ATCGTTTTAATACGGGGTGT,0,1773136
hdeAp2,0.2,4,4,ATCGTTGCACCGGTGTATTC,0,1805215
hdeAp2,0.2,4,4,ATCGTGGCATCCAAGAAAAC,0,1808304
hdeAp2,0.2,4,4,ATCGGTTCGACTTCACGCTC,0,1800587
hdeAp2,0.2,4,4,ATCGGGATTCTCCTGTATGA,0,1800411
hdeAp2,0.2,4,4,ATCGCGTCTCGGCTTAACAC,0,1813209
hdeAp2,0.2,4,4,ATCGACCCACGCCAGGACCT,0,1824512
hdeAp2,0.2,4,4,ATCCTGAAAGCCAGACACAG,0,1822814
hdeAp2,0.2,4,4,ATCCGTAAGCAACTTTACCA,0,1790502
hdeAp2,0.2,4,4,ATCCGCGCGGAACGCACTCG,0,1800408
hdeAp2,0.2,4,4,ATCCACTTCATAGACAAAAA,0,1804877
hdeAp2,0.2,4,4,ATCATATGGAGGATAGATAT,0,1824201
hdeAp2,0.2,4,4,ATCAGGGTCGCTCGTTTAAA,0,1778495
hdeAp2,0.2,4,4,ATCAGGCGCCAGGGACGTTC,0,1773993
hdeAp2,0.2,4,4,ATCAACAAAATTGACTAGGA,0,1794366
hdeAp2,0.2,4,4,ATATTTGACGGCGTCGGCCG,0,1796685
hdeAp2,0.2,4,4,ATATGGGGATCCTTAAGTCT,0,1786272
hdeAp2,0.2,4,4,ATATCACATGGCTGAGGAAC,0,1796181
hdeAp2,0.2,4,4,ATATAGTCGTAGTGTCGCAT,0,1797610
hdeAp2,0.2,4,4,ATAGGGGACGACAGTTTTCA,0,1819227
hdeAp2,0.2,4,4,ATAGACTGAGGATCGCTCAC,0,1805393
hdeAp2,0.2,4,4,ATAGAATAGCGGCAACCGTG,0,1823230
hdeAp2,0.2,4,4,ATACTGCATATATCAAACTA,0,1806034
hdeAp2,0.2,4,4,ATACGATGCGACGGTCGATA,0,1821734
hdeAp2,0.2,4,4,ATACGACCGTTAGGCTGGCA,0,1827585
hdeAp2,0.2,4,4,ATACCGGAGTATTGCCACTT,0,1820241
hdeAp2,0.2,4,4,ATACACGTGATGTGCGATTT,0,1808848
hdeAp2,0.2,4,4,ATACAAACTGAGAAAATCTG,0,1804688
hdeAp2,0.2,4,4,ATAATAGTCCCGCCGCCGCA,0,1784835
hdeAp2,0.2,4,4,ATAATACACAAATCATCGCC,0,1784787
hdeAp2,0.2,4,4,ATAAGATATTTCATAAGCAA,0,1811021
hdeAp2,0.2,4,4,ATAAATTATCTGCTGGGGGT,0,1773591
hdeAp2,0.2,4,4,ATAAATGTACCCGTGAATGT,0,1814051
hdeAp2,0.2,4,4,AGTTTTCGACAGAAGTTCCC,0,1777950
hdeAp2,0.2,4,4,AGTTTCATGTAGTTTCGGTG,0,1772650
hdeAp2,0.2,4,4,AGTTGTCATCTTAGGGATCA,0,1812710
hdeAp2,0.2,4,4,AGTTACTCGAGGTAGTCGCA,0,1772202
hdeAp2,0.2,4,4,AGTGTGCCAAGAACATCTTT,0,1807837
hdeAp2,0.2,4,4,AGTGTAGCTATCGTAATAAT,0,1772853
hdeAp2,0.2,4,4,AGTGGTCTTAATCCGCAAGG,0,1813075
hdeAp2,0.2,4,4,AGTGGGTAACGTATTACAAC,0,1772210
hdeAp2,0.2,4,4,AGTGGACCTAGCGCACACGT,0,1814389
hdeAp2,0.2,4,4,AGTGGAAATTAACCGTTATT,0,1801902
hdeAp2,0.2,4,4,AGTGCGACTAGAACGGCAAG,0,1793314
hdeAp2,0.2,4,4,AGTGCGAAGCCTCTAGTCAA,0,1826570
hdeAp2,0.2,4,4,AGTCTCACCCGGTGGTTTGT,0,1797427
hdeAp2,0.2,4,4,AGTCGGAGGTTTGGATGTTA,0,1776942
hdeAp2,0.2,4,4,AGTCGAGCACTCCCCTTAGC,0,1814317
hdeAp2,0.2,4,4,AGTCCTGTGTTTAATTCATT,0,1807624
hdeAp2,0.2,4,4,AGTCCGGTTTTGGCTGGGGT,0,1802676
hdeAp2,0.2,4,4,AGTCCCAGCTATTATATTTG,0,1807947
hdeAp2,0.2,4,4,AGTCCAGCGTGGTTCCTTAT,0,1775125
hdeAp2,0.2,4,4,AGTCATCAAGTCTAACTTGC,0,1800435
hdeAp2,0.2,4,4,AGTCAAGTACGACATGGCTT,0,1779923
hdeAp2,0.2,4,4,AGTAGGGTTAAATCCCGGGG,0,1781897
hdeAp2,0.2,4,4,AGTAGGGAGAAGAGAGCGAA,0,1799721
hdeAp2,0.2,4,4,AGTACGACCCCGACTTGGGT,0,1814198
hdeAp2,0.2,4,4,AGTACATTGATACATCTATA,0,1779375
hdeAp2,0.2,4,4,AGTACATAAGCTCAGAGGCC,0,1819966
hdeAp2,0.2,4,4,AGTAAGTCGCCACCCGCGGC,0,1790619
hdeAp2,0.2,4,4,AGGTTAAGCTGCCACTGTTT,0,1793936
hdeAp2,0.2,4,4,AGGTGGATTGCGGTCATACC,0,1775513
hdeAp2,0.2,4,4,AGGTGGAGAATGGCAGGTTA,0,1771211
hdeAp2,0.2,4,4,AGGTGCCACCTGGTATCTCT,0,1775920
hdeAp2,0.2,4,4,AGGTCTCTCATGCAAATGTG,0,1822893
hdeAp2,0.2,4,4,AGGTCATCTATCCAAACGGG,0,1789335
hdeAp2,0.2,4,4,AGGTCAAGGACGCGATGGAT,0,1773104
hdeAp2,0.2,4,4,AGGTAGCAAACGGGCTGAAT,0,1784161
hdeAp2,0.2,4,4,AGGGTTTCATAACCATACTA,0,1820379
hdeAp2,0.2,4,4,AGGGTGTGCATTACATGAAT,0,1785297
hdeAp2,0.2,4,4,AGGGTCTACTGGCGTGGAAA,0,1802653
hdeAp2,0.2,4,4,AGGGTCGTTACAACTAGCCT,0,1800488
hdeAp2,0.2,4,4,AGGGTCGTAACGGCAGCCAC,0,1828420
hdeAp2,0.2,4,4,AGGGGGGTGGAAAAGACGGC,0,1817171
hdeAp2,0.2,4,4,AGGGGGCTAAATTGAAGTGG,0,1810373
hdeAp2,0.2,4,4,AGGGGGATATCGACTTATTA,0,1812163
hdeAp2,0.2,4,4,AGGGGCCTTGGTCTGGGGCG,0,1816857
hdeAp2,0.2,4,4,AGGGATACGCGGCTGCTTCA,0,1794598
hdeAp2,0.2,4,4,AGGCTGTCTTATTTGTCCTC,0,1806814
hdeAp2,0.2,4,4,AGGCGACGGGGTAGGGATGG,0,1808747
hdeAp2,0.2,4,4,AGGCCTAGCCACCGGTGCCC,0,1790223
hdeAp2,0.2,4,4,AGGCCCAAAAGGACGCGTCT,0,1781559
hdeAp2,0.2,4,4,AGGCATTTGCACTTTAAAGG,0,1785668
hdeAp2,0.2,4,4,AGGAGGCTAGCGAGTCCAAG,0,1827795
hdeAp2,0.2,4,4,AGGAGCAATGGAGTTTAGTT,0,1792450
hdeAp2,0.2,4,4,AGGACTTTGGCAGCTAAAGG,0,1774186
hdeAp2,0.2,4,4,AGGACCTCGGGACCTGGGAC,0,1795066
hdeAp2,0.2,4,4,AGGAATTTGAACACCCTCAA,0,1804004
hdeAp2,0.2,4,4,AGGAACGCGGGCATTCTCAC,0,1771760
hdeAp2,0.2,4,4,AGGAAAGTATTCATCAGTAC,0,1811506
hdeAp2,0.2,4,4,AGGAAAAGCTGTCATCCTTC,0,1820193
hdeAp2,0.2,4,4,AGCTTATTATATCCCCGATA,0,1809541
hdeAp2,0.2,4,4,AGCTGACATCCCCGGTCAGG,0,1779209
hdeAp2,0.2,4,4,AGCTACTCGCTCTCCGGGTC,0,1826837
hdeAp2,0.2,4,4,AGCGTGGGCATAATTTCTAA,0,1782544
hdeAp2,0.2,4,4,AGCGGTATTTGTTCCAAACT,0,1814131
hdeAp2,0.2,4,4,AGCGCAGGCTCGGGTTGGAC,0,1810319
hdeAp2,0.2,4,4,AGCGAAAACCCTGCGAAAAA,0,1786540
hdeAp2,0.2,4,4,AGCCTGCCCAATGCCACGCG,0,1784421
hdeAp2,0.2,4,4,AGCCCGTGCGAATCCGTTTA,0,1795113
hdeAp2,0.2,4,4,AGCCCCAGCTACGGTACTCA,0,1776655
hdeAp2,0.2,4,4,AGCCCAAGACGCCGAAGTAT,0,1823474
hdeAp2,0.2,4,4,AGCCAGGATAGGGAAAATGT,0,1820612
hdeAp2,0.2,4,4,AGCCACCGTTATTTGTCGAT,0,1787998
hdeAp2,0.2,4,4,AGCACTGTCAACTTGGCTGA,0,1771789
hdeAp2,0.2,4,4,AGCACGCGCACGAAGGGTTC,0,1783951
hdeAp2,0.2,4,4,AGATTTTGACCAGAGTGCAT,0,1779906
hdeAp2,0.2,4,4,AGATTAGTCGCGCGTAGTCA,0,1818628
hdeAp2,0.2,4,4,AGATCACAAAGATGCGAGGC,0,1793748
hdeAp2,0.2,4,4,AGAGTATTGTGCCTGAGAAG,0,1813643
hdeAp2,0.2,4,4,AGAGGTGTGAGTTGGCGAAT,0,1820615
hdeAp2,0.2,4,4,AGAGGTCATTTGTCAATAGC,0,1803237
hdeAp2,0.2,4,4,AGAGCCTGTGGCAACGCACG,0,1815516
hdeAp2,0.2,4,4,AGAGATAAGGAGCTTGACTA,0,1796160
hdeAp2,0.2,4,4,AGACTCATGTTCAGCTCCCG,0,1789976
hdeAp2,0.2,4,4,AGACAGATGCGGATCCGAGT,0,1809290
hdeAp2,0.2,4,4,AGACAACGCGGTTTGACCTC,0,1810322
hdeAp2,0.2,4,4,AGAATACTACCACTGCTTTA,0,1818956
hdeAp2,0.2,4,4,AGAAGGTCACGCAGTGATCT,0,1810077
hdeAp2,0.2,4,4,AGAAGGGGGCTGCCCTTCTT,0,1799889
hdeAp2,0.2,4,4,AGAAGCGGGCTCGCACTAGG,0,1775847
hdeAp2,0.2,4,4,AGAAGCGAATCAAGAATACT,0,1806753
hdeAp2,0.2,4,4,AGAAGCCCCCACTCGTAACT,0,1798801
hdeAp2,0.2,4,4,AGAACACCTAACATCGACTT,0,1800791
hdeAp2,0.2,4,4,AGAAAGATCCGTTTTCGTGT,0,1792660
hdeAp2,0.2,4,4,ACTTAATACGCACACGTATA,0,1792430
hdeAp2,0.2,4,4,ACTGTGTGGGACAATGAGTT,0,1803132
hdeAp2,0.2,4,4,ACTGGCACCCATAATTATTA,0,1816436
hdeAp2,0.2,4,4,ACTGCGGATGTGCCCTGCAG,0,1786940
hdeAp2,0.2,4,4,ACTGCCCGTCTGCGGACAAT,0,1806525
hdeAp2,0.2,4,4,ACTGCCCGACTCGGTTGATA,0,1788137
hdeAp2,0.2,4,4,ACTGCAAGCGAGAGCCATCT,0,1828098
hdeAp2,0.2,4,4,ACTGATCTGCGGGTTTGATA,0,1824982
hdeAp2,0.2,4,4,ACTGAAGAAGTGAATTAGGT,0,1820898
hdeAp2,0.2,4,4,ACTCTTATGCGTGTTGTCTA,0,1780138
hdeAp2,0.2,4,4,ACTCGATGAGCCCGGAGGGT,0,1784220
hdeAp2,0.2,4,4,ACTCATTCGACGAGCGCTGA,0,1808183
hdeAp2,0.2,4,4,ACTCATCATTCATCACTCGC,0,1787634
hdeAp2,0.2,4,4,ACTCAGCAAGGATATGAGAT,0,1825213
hdeAp2,0.2,4,4,ACTCAGAATACATTATAGAA,0,1813920
hdeAp2,0.2,4,4,ACTATAGCAGCTACCATTAG,0,1795130
hdeAp2,0.2,4,4,ACTACCGATGGACATCAAAT,0,1813387
hdeAp2,0.2,4,4,ACGTTTCGGAGATAATGTGG,0,1791276
hdeAp2,0.2,4,4,ACGTTACCGTTCTAGGATAA,0,1825524
hdeAp2,0.2,4,4,ACGTGTTCAGTTAGCTAGAT,0,1822467
hdeAp2,0.2,4,4,ACGTGCCATAGCAAGTGAGG,0,1809481
hdeAp2,0.2,4,4,ACGTCGGAGTCCTCGTACCT,0,1795104
hdeAp2,0.2,4,4,ACGTCATTTTGCCGCGGCTG,0,1816165
hdeAp2,0.2,4,4,ACGTCACCCAGCTCCATTGC,0,1789989
hdeAp2,0.2,4,4,ACGTATTCTTCGCGGGGTAA,0,1777230
hdeAp2,0.2,4,4,ACGTAGTGGGGACGGTGGAG,0,1797558
hdeAp2,0.2,4,4,ACGGTCCTGAGGACTCGTTC,0,1790381
hdeAp2,0.2,4,4,ACGGCATACGGTTGTCTAAC,0,1809996
hdeAp2,0.2,4,4,ACGGATCTGACACAGGGGGA,0,1820950
hdeAp2,0.2,4,4,ACGCTTCTCTTATGGGCCGA,0,1814724
hdeAp2,0.2,4,4,ACGCTTCGAGTCCAGTACAC,0,1820220
hdeAp2,0.2,4,4,ACGCGGGTGTCTCAGGGTCT,0,1817199
hdeAp2,0.2,4,4,ACGCAGAATCTTAACCAACC,0,1776593
hdeAp2,0.2,4,4,ACGCAACAGTTTGATATCGA,0,1823605
hdeAp2,0.2,4,4,ACGATGGAGTCAAGACGTCA,0,1824358
hdeAp2,0.2,4,4,ACGATAGGCATTCACCATGT,0,1810256
hdeAp2,0.2,4,4,ACGAGAGCGGTAATTACTCT,0,1828286
hdeAp2,0.2,4,4,ACGAACCAGAGAAGGTGCGA,0,1790535
hdeAp2,0.2,4,4,ACCTTTACACACTTCCTAAG,0,1788910
hdeAp2,0.2,4,4,ACCTTTAATCAACGCATCCG,0,1804901
hdeAp2,0.2,4,4,ACCTTGGCACAAAGCGGTGG,0,1800700
hdeAp2,0.2,4,4,ACCTACATTTAGCAATGGCA,0,1794604
hdeAp2,0.2,4,4,ACCGTCTCAATCTCCGCTAG,0,1794889
hdeAp2,0.2,4,4,ACCGTCAGAAGTTCTTTGGC,0,1771272
hdeAp2,0.2,4,4,ACCGGGTACTGTGTTTCACT,0,1792731
hdeAp2,0.2,4,4,ACCGGCGGACCTTGAGCCGT,0,1820226
hdeAp2,0.2,4,4,ACCGGCCCCGTCAGAAATCA,0,1797386
hdeAp2,0.2,4,4,ACCGCTCGTTTCCATTGAGG,0,1813040
hdeAp2,0.2,4,4,ACCGCCTCGCTTATAAAGTT,0,1823019
hdeAp2,0.2,4,4,ACCGACTGGCTAAGTGAAGA,0,1795071
hdeAp2,0.2,4,4,ACCCTAGCGAGCCACTGGTA,0,1782514
hdeAp2,0.2,4,4,ACCCGAGACAGACGAAGTCA,0,1789400
hdeAp2,0.2,4,4,ACCCCCAGGCAATGTAACTG,0,1779586
hdeAp2,0.2,4,4,ACCCCAGGCGCAGGTAGCGC,0,1806971
hdeAp2,0.2,4,4,ACCCACATCCAGTCGGATAA,0,1778074
hdeAp2,0.2,4,4,ACCATTAGGCCTGATTGTAG,0,1795617
hdeAp2,0.2,4,4,ACCATGGCTCGGGGTCTTGT,0,1804976
hdeAp2,0.2,4,4,ACCATAGCAATGATCCCCTG,0,1779361
hdeAp2,0.2,4,4,ACCAGGTAGGTTTGCACATT,0,1797487
hdeAp2,0.2,4,4,ACCACAATGAATGACTCACC,0,1788540
hdeAp2,0.2,4,4,ACATTTCAGTTATTTCAGCT,0,1785913
hdeAp2,0.2,4,4,ACATTCACATCCCCATAAAA,0,1803355
hdeAp2,0.2,4,4,ACATGTTAAATAAAACTGGG,0,1804177
hdeAp2,0.2,4,4,ACATGAATCGAATATCTGAT,0,1820367
hdeAp2,0.2,4,4,ACATCCGCAGCATTGTGACA,0,1819170
hdeAp2,0.2,4,4,ACATCATCACGGTCTCCAGT,0,1818727
hdeAp2,0.2,4,4,ACATATGTAGCAGTTGTAAG,0,1776184
hdeAp2,0.2,4,4,ACAGTGAGCAACCGGCAACT,0,1787970
hdeAp2,0.2,4,4,ACAGTCGCCCCTGAAGTATA,0,1788212
hdeAp2,0.2,4,4,ACAGGTTTGTCTTCAATACT,0,1811271
hdeAp2,0.2,4,4,ACAGGGAATCGCTTGGTTCA,0,1788025
hdeAp2,0.2,4,4,ACAGGCAAGCTTACAGGCAG,0,1808810
hdeAp2,0.2,4,4,ACAGCAAGGCGCTAAACACT,0,1823446
hdeAp2,0.2,4,4,ACAGCAAACCTGTCTCAGTA,0,1824675
hdeAp2,0.2,4,4,ACAGAAACTAATAGCACCCT,0,1792132
hdeAp2,0.2,4,4,ACACGTATACTACAATGTTC,0,1786544
hdeAp2,0.2,4,4,ACACGGTCGTCCTAGCGGAC,0,1799575
hdeAp2,0.2,4,4,ACACGGGAGCAGTCAGAGTA,0,1804339
hdeAp2,0.2,4,4,ACAATGTTTTTGATACTTTG,0,1778726
hdeAp2,0.2,4,4,ACAATCAGGATGGTGCAAGA,0,1772836
hdeAp2,0.2,4,4,ACAAGGAAGCCGATTTTGAC,0,1792673
hdeAp2,0.2,4,4,ACAAGCTGGGATATATAAGC,0,1794693
hdeAp2,0.2,4,4,ACAAGAGGGCGTGTCAAAGG,0,1814464
hdeAp2,0.2,4,4,ACAACGGGTCGATTCCAATG,0,1780042
hdeAp2,0.2,4,4,ACAACCATGTAGTCCAATCT,0,1804304
hdeAp2,0.2,4,4,ACAAATTAGCAGGGAATAAT,0,1807719
hdeAp2,0.2,4,4,AATGCGTCCATGGTTCTGGG,0,1813987
hdeAp2,0.2,4,4,AATGCCGGAGTCACAAGGAT,0,1773472
hdeAp2,0.2,4,4,AATGATTGGGGAGACCCCCC,0,1775711
hdeAp2,0.2,4,4,AATGAGGCGCTACCGCTGAA,0,1791242
hdeAp2,0.2,4,4,AATCTTTATACGGGAGACGA,0,1816521
hdeAp2,0.2,4,4,AATCTACTGTAGTTAGTCCA,0,1819246
hdeAp2,0.2,4,4,AATCGTTCCCCTTCTCGGGG,0,1828605
hdeAp2,0.2,4,4,AATCGTCTGGTGGCTCATTG,0,1803233
hdeAp2,0.2,4,4,AATCGGTGATACACGTCACT,0,1807237
hdeAp2,0.2,4,4,AATCGATCATTTTCGCCGAG,0,1800382
hdeAp2,0.2,4,4,AATCCAGGCTATCTGTACGG,0,1817185
hdeAp2,0.2,4,4,AATATAGCGTCCTTAGTTGA,0,1773460
hdeAp2,0.2,4,4,AATAGATCACCATTGTGTGT,0,1794036
hdeAp2,0.2,4,4,AATACCAACCTTCCTATAAA,0,1773764
hdeAp2,0.2,4,4,AATAAGCGATCATGAGTCCG,0,1802530
hdeAp2,0.2,4,4,AAGTTGTGCGTAATCTAACA,0,1773967
hdeAp2,0.2,4,4,AAGTTGATTGTTTATTACAT,0,1791073
hdeAp2,0.2,4,4,AAGTGTTCCAAGGCATATAT,0,1811759
hdeAp2,0.2,4,4,AAGTGTGCTACTAAGGAGAA,0,1810643
hdeAp2,0.2,4,4,AAGTGGAAATGACAGTGCGT,0,1802849
hdeAp2,0.2,4,4,AAGTCTGTTAAGAAGGACCT,0,1815789
hdeAp2,0.2,4,4,AAGTATGCTCAGAGTCTGAC,0,1783588
hdeAp2,0.2,4,4,AAGGTTAAAGATTAGCACAC,0,1828626
hdeAp2,0.2,4,4,AAGGTCACAGTGTCAGGAAT,0,1774925
hdeAp2,0.2,4,4,AAGGTACTAGAGTCTGCGTA,0,1786788
hdeAp2,0.2,4,4,AAGGGGTCTTGGTCAATTTC,0,1826057
hdeAp2,0.2,4,4,AAGGGGTCGAGGACCTCAAG,0,1824036
hdeAp2,0.2,4,4,AAGGGCTTAATTTCTCGCCA,0,1797900
hdeAp2,0.2,4,4,AAGGAGGGTGTGCATCAAAT,0,1815820
hdeAp2,0.2,4,4,AAGCTTTCCACGACACGGTT,0,1828115
hdeAp2,0.2,4,4,AAGCTTTCACGGAACCATAC,0,1784583
hdeAp2,0.2,4,4,AAGCCTGTCGCTTGAATCAG,0,1795754
hdeAp2,0.2,4,4,AAGCACGGACCGTGGACGCG,0,1802259
hdeAp2,0.2,4,4,AAGATATGGGCACCCCGGGT,0,1797473
hdeAp2,0.2,4,4,AAGATACCTATCGTGCTGAG,0,1797266
hdeAp2,0.2,4,4,AAGAGCCCCCTCACATCGAG,0,1786726
hdeAp2,0.2,4,4,AAGACCAGGGCGGGGCAGGG,0,1783344
hdeAp2,0.2,4,4,AAGACAGATTTTAACAGGCT,0,1809386
hdeAp2,0.2,4,4,AAGAATGCTAGACATCAAGA,0,1826811
hdeAp2,0.2,4,4,AAGAACTTCATCACTGCAGA,0,1776915
hdeAp2,0.2,4,4,AAGAACAATCGACCGGCATG,0,1800703
hdeAp2,0.2,4,4,AACTTGCCTGCTTTGGCTTT,0,1824102
hdeAp2,0.2,4,4,AACTTCAACTGTTTGTAATT,0,1791031
hdeAp2,0.2,4,4,AACTAGGAGGTTCCCCAAAC,0,1775558
hdeAp2,0.2,4,4,AACTAAGATGATGGTGTTCC,0,1798396
hdeAp2,0.2,4,4,AACGTACGACCCCGGTTATA,0,1825373
hdeAp2,0.2,4,4,AACGATGCGGAGTAATATCG,0,1795726
hdeAp2,0.2,4,4,AACCTTGTGTTTGCTATAAT,0,1773685
hdeAp2,0.2,4,4,AACCTTAGGAGGTCCCCCGA,0,1786965
hdeAp2,0.2,4,4,AACCGTGAATTCGCTCAGGA,0,1812696
hdeAp2,0.2,4,4,AACCGAGGTACCATTGGAGG,0,1800759
hdeAp2,0.2,4,4,AACCAAGGCCACCGCCTCGG,0,1810393
hdeAp2,0.2,4,4,AACATCCCAAAAGTTCGCCA,0,1784845
hdeAp2,0.2,4,4,AACACTGTTAATTACGTTCC,0,1789512
hdeAp2,0.2,4,4,AACACGTCATGACGGGTACT,0,1808572
hdeAp2,0.2,4,4,AACAATGTAACACGAAATTT,0,1819449
hdeAp2,0.2,4,4,AAATTTTTTTAAAATCAGTA,0,1825571
hdeAp2,0.2,4,4,AAATTTTTGGTGGGAGTGAT,0,1823375
hdeAp2,0.2,4,4,AAATACTCAGGGGGAGTTTA,0,1777449
hdeAp2,0.2,4,4,AAATACCTAGGCGTCACGGT,0,1774971
hdeAp2,0.2,4,4,AAAGTGCACAAGTTCAGTCC,0,1785168
hdeAp2,0.2,4,4,AAAGGTTTGTACAGCCTTAG,0,1771906
hdeAp2,0.2,4,4,AAAGCTGACTATCCCGCATC,0,1804301
hdeAp2,0.2,4,4,AAAGCATTTTCGACTCATAA,0,1783452
hdeAp2,0.2,4,4,AAACCTCGCGGACTGCTCAC,0,1789059
hdeAp2,0.2,4,4,AAACATATCACTTCTTATAC,0,1801806
hdeAp2,0.2,4,4,AAACAAGTAGGCCGGCATGT,0,1800409
hdeAp2,0.2,4,4,AAAACTTCGGAACTTTCCCG,0,1814815
hdeAp2,0.25,3,3,TTTTGTTATGCCCGAACAAA,0,1805873
hdeAp2,0.25,3,3,TTTTGTATGGCTGTAAGCCT,0,1819321
hdeAp2,0.25,3,3,TTTTGCATCCTAGGGCGCGT,0,1801100
hdeAp2,0.25,3,3,TTTTCGAGGCAATTATTGAC,0,1775795
hdeAp2,0.25,3,3,TTTTCCCAATGGTGTCGTCA,0,1784011
hdeAp2,0.25,3,3,TTTTCCAGGTCAGGTACATG,0,1791402
hdeAp2,0.25,3,3,TTTTACATTTCGGGTAGATG,0,1820664
hdeAp2,0.25,3,3,TTTTAATGCGGGATGGCCAG,0,1787355
hdeAp2,0.25,3,3,TTTGGGTTGTACAGAGAAAA,0,1776779
hdeAp2,0.25,3,3,TTTGCTGGGGCAGATTGTAG,0,1793388
hdeAp2,0.25,3,3,TTTCTTGACAATGGCGTAGT,0,1774666
hdeAp2,0.25,3,3,TTTCTTAAGGGTCTATTCTT,0,1815250
hdeAp2,0.25,3,3,TTTCTCCTGCACATTAATAT,0,1794363
hdeAp2,0.25,3,3,TTTCGTTCTCACGTCTTAAG,0,1796243
hdeAp2,0.25,3,3,TTTCGATGATAGATATGATA,0,1772078
hdeAp2,0.25,3,3,TTTCCCTGGGATATGGACCT,0,1807560
hdeAp2,0.25,3,3,TTTCCCTCGCTGACCTGATA,0,1826171
hdeAp2,0.25,3,3,TTTATGCCTTGCCTCTTGCC,0,1820162
hdeAp2,0.25,3,3,TTTATAGGAGAACTGCCAGT,0,1826707
hdeAp2,0.25,3,3,TTTAGTTGGTTGCGGAATGG,0,1825266
hdeAp2,0.25,3,3,TTTAGGTGACATCCCTTAAT,0,1773869
hdeAp2,0.25,3,3,TTTAGATGCCTTAACAGACC,0,1808278
hdeAp2,0.25,3,3,TTTAGATATAAACATTTGGG,0,1795847
hdeAp2,0.25,3,3,TTTACCGGCAGAGACATTTA,0,1782535
hdeAp2,0.25,3,3,TTTACCCCTGATCAGTTTTT,0,1805697
hdeAp2,0.25,3,3,TTTAATGTCGTATACAGGTT,0,1806585
hdeAp2,0.25,3,3,TTTAACTCACAGTTGAGCGT,0,1827323
hdeAp2,0.25,3,3,TTGTTTAAGGTACGGCTCAG,0,1779892
hdeAp2,0.25,3,3,TTGTCCCAAGGTCCGGCTCT,0,1827036
hdeAp2,0.25,3,3,TTGGGGGCCTTTTAGTTTAA,0,1809312
hdeAp2,0.25,3,3,TTGGCTGTTTCTAAGAGGTC,0,1826865
hdeAp2,0.25,3,3,TTGGAGTCGGGAAGAGCGGG,0,1783742
hdeAp2,0.25,3,3,TTGGACTGCCCTGCGGCCAA,0,1794711
hdeAp2,0.25,3,3,TTGCTTCTCAGAAGACTATG,0,1778570
hdeAp2,0.25,3,3,TTGCGGTTTCGGGACCGACA,0,1798409
hdeAp2,0.25,3,3,TTGCGCCACATCAGGCCATC,0,1776126
hdeAp2,0.25,3,3,TTGCGAGAATGTCGTGGAGC,0,1796225
hdeAp2,0.25,3,3,TTGCCGGCAATGTGAAGTGT,0,1810162
hdeAp2,0.25,3,3,TTGATTAGAACGGATGTTGA,0,1804260
hdeAp2,0.25,3,3,TTGATACACTCTAGTGTCTC,0,1775665
hdeAp2,0.25,3,3,TTGATAAGATATGTCCTAGG,0,1827459
hdeAp2,0.25,3,3,TTGAGGGCCACAGTCCGCGT,0,1778729
hdeAp2,0.25,3,3,TTGACCTGTATAGGACCGTG,0,1803185
hdeAp2,0.25,3,3,TTGACCGGGCTAGCCCAATG,0,1813886
hdeAp2,0.25,3,3,TTCTTCCTACGATGAAATTA,0,1821457
hdeAp2,0.25,3,3,TTCTGGGTACCATCAGTAAT,0,1775662
hdeAp2,0.25,3,3,TTCTGCAGTGGCCCGCGCAT,0,1781825
hdeAp2,0.25,3,3,TTCTGCAACTGCTCTGTGAG,0,1780320
hdeAp2,0.25,3,3,TTCTCGTCCCCAGCCTATGT,0,1819605
hdeAp2,0.25,3,3,TTCTCACACTGGCCACCCTG,0,1815061
hdeAp2,0.25,3,3,TTCTATGCAGTTTTAGCCAG,0,1796105
hdeAp2,0.25,3,3,TTCTAGAAACGCAGATGTTT,0,1791067
hdeAp2,0.25,3,3,TTCGTTGGTGGCTCGTCACG,0,1823488
hdeAp2,0.25,3,3,TTCGTCCTAATCCTTCACAA,0,1781820
hdeAp2,0.25,3,3,TTCGGCTTGAGACAGGCTCA,0,1788058
hdeAp2,0.25,3,3,TTCGGCGAGCGGGGCCACTT,0,1775351
hdeAp2,0.25,3,3,TTCGCGTGCAGCCGGAATTT,0,1779234
hdeAp2,0.25,3,3,TTCGAGTCTTGGATCACTAT,0,1780756
hdeAp2,0.25,3,3,TTCCGGGGCATATGGAAGTT,0,1783944
hdeAp2,0.25,3,3,TTCCGCCCGATCACGCTTTG,0,1783285
hdeAp2,0.25,3,3,TTCCCGGGGGCCGCTTTAGC,0,1825157
hdeAp2,0.25,3,3,TTCCCGATTGCGAAGATCGA,0,1792605
hdeAp2,0.25,3,3,TTCCAGCGCACGTGTAGTGC,0,1824186
hdeAp2,0.25,3,3,TTCCAGCACGATTCATATGT,0,1779202
hdeAp2,0.25,3,3,TTCCACTACCCACTCAAGAG,0,1776318
hdeAp2,0.25,3,3,TTCCAAGTCTTGAGGCAGGA,0,1813992
hdeAp2,0.25,3,3,TTCAGGGTCGCATGTGATAC,0,1813554
hdeAp2,0.25,3,3,TTCAGGCTTTCCGCCATGTG,0,1798718
hdeAp2,0.25,3,3,TTCAGAACACAGCGAGCTTG,0,1796923
hdeAp2,0.25,3,3,TTCAGAAACATATCTTAGTG,0,1795560
hdeAp2,0.25,3,3,TTCAGAAAAGTAGCACCGGT,0,1807501
hdeAp2,0.25,3,3,TTCACTAAGGTTCGACGGGG,0,1808520
hdeAp2,0.25,3,3,TTCACAGAGGACTTTGGCTC,0,1808820
hdeAp2,0.25,3,3,TTCAACTATCTACCTGTGTC,0,1825548
hdeAp2,0.25,3,3,TTATTTGAAAGTAGCCGTAC,0,1798356
hdeAp2,0.25,3,3,TTATTCGACCGCAGAGTGAG,0,1779006
hdeAp2,0.25,3,3,TTATTACAACAATTATTTAA,0,1810727
hdeAp2,0.25,3,3,TTATGAGTCACACGGCACTT,0,1818471
hdeAp2,0.25,3,3,TTATATGCCGTTACGCTCCC,0,1787284
hdeAp2,0.25,3,3,TTATATGATAACAAATATAA,0,1794744
hdeAp2,0.25,3,3,TTATATCATTCGGACGAATT,0,1805242
hdeAp2,0.25,3,3,TTATATCAGCTCACAAGTCA,0,1783613
hdeAp2,0.25,3,3,TTATACGTTGATTCAGGGCT,0,1776354
hdeAp2,0.25,3,3,TTAGTGACTAGAGCGACGCT,0,1791228
hdeAp2,0.25,3,3,TTAGTCGTCAAGTGGGAAAC,0,1789282
hdeAp2,0.25,3,3,TTAGGCTATGCTGGGGGATG,0,1813919
hdeAp2,0.25,3,3,TTAGCATGTTACCTGTATTA,0,1812880
hdeAp2,0.25,3,3,TTACTGGAGTCTATGTACTG,0,1800573
hdeAp2,0.25,3,3,TTACTATGCGAGGGGCTATG,0,1791959
hdeAp2,0.25,3,3,TTACGTCCGGGACGCACGCT,0,1783748
hdeAp2,0.25,3,3,TTACCTTGTTGCGCGTACCG,0,1794226
hdeAp2,0.25,3,3,TTACCTAGGGGTTCCTTCTG,0,1773346
hdeAp2,0.25,3,3,TTACATGCAAAGTGGCCCTC,0,1783229
hdeAp2,0.25,3,3,TTACATGACGCTAGCGGGTG,0,1778716
hdeAp2,0.25,3,3,TTACATCTAAATAGGTATCT,0,1781547
hdeAp2,0.25,3,3,TTACATCACCCTTACCAATG,0,1819248
hdeAp2,0.25,3,3,TTACATATCCCCTCGGGGGT,0,1823556
hdeAp2,0.25,3,3,TTAAGCGCACGTGGTCTGGT,0,1771193
hdeAp2,0.25,3,3,TTAACCCATGGGGGTTCTCC,0,1827629
hdeAp2,0.25,3,3,TTAAAACTCTCCTGTTCCTT,0,1796490
hdeAp2,0.25,3,3,TTAAAACCACTTTCGCAGCG,0,1821484
hdeAp2,0.25,3,3,TGTTTAGCGTGCTCTACTAA,0,1784029
hdeAp2,0.25,3,3,TGTTGGGATACCGCGGCAAT,0,1790072
hdeAp2,0.25,3,3,TGTTCACATTTAAGAATATG,0,1814957
hdeAp2,0.25,3,3,TGTTATTAGAAAATTTAAGC,0,1826815
hdeAp2,0.25,3,3,TGTGGTCACGAATTCCTGCA,0,1783391
hdeAp2,0.25,3,3,TGTGATGTTTCCGCATCAGT,0,1827966
hdeAp2,0.25,3,3,TGTGAGCGCCCAAGTATATG,0,1788071
hdeAp2,0.25,3,3,TGTGAATGGGGCAAATCATT,0,1809556
hdeAp2,0.25,3,3,TGTCTTAGGCACATTTGAGA,0,1786703
hdeAp2,0.25,3,3,TGTCGCGAAAATGTTACCAG,0,1791082
hdeAp2,0.25,3,3,TGTCGCCGTCAATGACGCGT,0,1781326
hdeAp2,0.25,3,3,TGTCAGAGCAAGGTAACTAA,0,1791840
hdeAp2,0.25,3,3,TGTATCTTGCTCATATCTCA,0,1811683
hdeAp2,0.25,3,3,TGTATCTTAATTTCATCGAA,0,1771119
hdeAp2,0.25,3,3,TGTAGCTCTTGTTGGACCAT,0,1772129
hdeAp2,0.25,3,3,TGTAGCCGAAGGGTTCCTGA,0,1787484
hdeAp2,0.25,3,3,TGTACTTCAATGTACCGAAG,0,1776912
hdeAp2,0.25,3,3,TGTACTCAATGTTCTCTATT,0,1827832
hdeAp2,0.25,3,3,TGTACTAATGCATCTATCTC,0,1805441
hdeAp2,0.25,3,3,TGTACAACGGTTTATCCGGC,0,1814262
hdeAp2,0.25,3,3,TGTAAGATTGTGAAATAGCG,0,1807903
hdeAp2,0.25,3,3,TGTAACATTAAGAGGCTTCA,0,1811505
hdeAp2,0.25,3,3,TGTAAATAGTAGTCGCAATT,0,1796724
hdeAp2,0.25,3,3,TGGTTTGGCTCGCAATGGAG,0,1806184
hdeAp2,0.25,3,3,TGGTTCGTCAACATGGTAGC,0,1811962
hdeAp2,0.25,3,3,TGGTGGAGCTTTAGGCGCGT,0,1802123
hdeAp2,0.25,3,3,TGGTCTTTGAGCTCTCTTTG,0,1801775
hdeAp2,0.25,3,3,TGGTCTACCTTCCACTTTCC,0,1816807
hdeAp2,0.25,3,3,TGGTCCCTACACCACCTAGC,0,1820905
hdeAp2,0.25,3,3,TGGTATGGAGCTACGTGCAG,0,1801723
hdeAp2,0.25,3,3,TGGTATGACACGAATCCCGC,0,1779917
hdeAp2,0.25,3,3,TGGTATATGATTGCGCCCGC,0,1789719
hdeAp2,0.25,3,3,TGGTAGGAAGTTTGCAGCTT,0,1827974
hdeAp2,0.25,3,3,TGGTACTTGGGATTCAGGCG,0,1802490
hdeAp2,0.25,3,3,TGGGTAGACATGACAAATTA,0,1822645
hdeAp2,0.25,3,3,TGGGGTTGTCAAAAATTCAT,0,1775355
hdeAp2,0.25,3,3,TGGGGCAGCAGATTGATTAC,0,1799239
hdeAp2,0.25,3,3,TGGGGCACAGGTGCTACTAG,0,1801268
hdeAp2,0.25,3,3,TGGGGATCCAGATTCCGCGT,0,1780153
hdeAp2,0.25,3,3,TGGGCTTGTGTGTCCATCTG,0,1827679
hdeAp2,0.25,3,3,TGGGATCAGCAATATCAAGA,0,1816164
hdeAp2,0.25,3,3,TGGGAGCATGGTTTCGTTTC,0,1783336
hdeAp2,0.25,3,3,TGGGAAGGCAACCCGGCGAA,0,1817725
hdeAp2,0.25,3,3,TGGCTGTAAATTCCAGGGCC,0,1795981
hdeAp2,0.25,3,3,TGGCTGGTACCATTACAGGT,0,1819035
hdeAp2,0.25,3,3,TGGCTGGCTTCCGTCAGGCA,0,1825941
hdeAp2,0.25,3,3,TGGCTCCGATTTGGTAAGAC,0,1792177
hdeAp2,0.25,3,3,TGGCGTCTCTGAACCATAGT,0,1782808
hdeAp2,0.25,3,3,TGGCGCGCGGGGTAAACATT,0,1820242
hdeAp2,0.25,3,3,TGGCCGGGCGTTATCAAGGA,0,1778792
hdeAp2,0.25,3,3,TGGCCGCGGAGATCAGCTCG,0,1786263
hdeAp2,0.25,3,3,TGGCCGCATAACCGCGTCTT,0,1800610
hdeAp2,0.25,3,3,TGGCCCACTTACGGCACTAT,0,1783118
hdeAp2,0.25,3,3,TGGCCAGTACGCCCCGTGTT,0,1783853
hdeAp2,0.25,3,3,TGGATTGCAGTTAGACAGCA,0,1799894
hdeAp2,0.25,3,3,TGGATAGTCGTACACACATG,0,1779698
hdeAp2,0.25,3,3,TGGAGAATTTATCGCCCGTG,0,1806823
hdeAp2,0.25,3,3,TGGAGAAGTCGGCTGTCGTG,0,1825877
hdeAp2,0.25,3,3,TGGACTGAAGGGGGATGTAT,0,1807762
hdeAp2,0.25,3,3,TGGACCACCGGAGCGTCTTC,0,1827704
hdeAp2,0.25,3,3,TGGAACCTCTCTTCGTACGG,0,1772096
hdeAp2,0.25,3,3,TGGAAATTGAGGCATTGCTA,0,1824047
hdeAp2,0.25,3,3,TGCTTTGATATGTGATTTCA,0,1809828
hdeAp2,0.25,3,3,TGCTTATCATTTGCGTTTTC,0,1815903
hdeAp2,0.25,3,3,TGCTGGGGACGGCCTACCTT,0,1791752
hdeAp2,0.25,3,3,TGCTCCTGCCGCTCATCTGT,0,1819362
hdeAp2,0.25,3,3,TGCGTGCTGCCGCAATCAGT,0,1792728
hdeAp2,0.25,3,3,TGCGGGCGGGCTTCTTATTA,0,1823757
hdeAp2,0.25,3,3,TGCGCTCGCGGGACATTGCG,0,1824328
hdeAp2,0.25,3,3,TGCGCCTGGTAAAGTCAGTG,0,1822275
hdeAp2,0.25,3,3,TGCGCAAAGTGTCAGCAAAA,0,1808599
hdeAp2,0.25,3,3,TGCCTTCGGAGGCGCTCTAA,0,1825683
hdeAp2,0.25,3,3,TGCCTCACATAAAGTCGCTC,0,1794529
hdeAp2,0.25,3,3,TGCCTAGGGTGCCACTATCA,0,1803308
hdeAp2,0.25,3,3,TGCCGGTTTCCTCAGGGCAG,0,1786872
hdeAp2,0.25,3,3,TGCCGGGACGGCACGGGAGT,0,1802886
hdeAp2,0.25,3,3,TGCCGCAAACTAAGGTCTCC,0,1788776
hdeAp2,0.25,3,3,TGCCCGGTTGTGCGGGTGGA,0,1775327
hdeAp2,0.25,3,3,TGCCACTAACAGGTGAGTAT,0,1775285
hdeAp2,0.25,3,3,TGCATGGCTTGGCACTCTAT,0,1817234
hdeAp2,0.25,3,3,TGCATATACAGCGTGCCAGT,0,1792281
hdeAp2,0.25,3,3,TGCAGGTCTGTTAGTGGTCA,0,1824190
hdeAp2,0.25,3,3,TGCAGCCGTTCACTCTGGGG,0,1771164
hdeAp2,0.25,3,3,TGCAGCCGTCCGATCAGACA,0,1776436
hdeAp2,0.25,3,3,TGCACTCAAAGAGGCGCGTA,0,1782028
hdeAp2,0.25,3,3,TGCACATGCGGGGATAAAGG,0,1789544
hdeAp2,0.25,3,3,TGATTTTGTGGTGTACGAAT,0,1771328
hdeAp2,0.25,3,3,TGATGGCTTGCGGCACCAAT,0,1782810
hdeAp2,0.25,3,3,TGATGCGGTGCCGGCTCTTT,0,1797707
hdeAp2,0.25,3,3,TGATCGCGGGGATGGGACCG,0,1819181
hdeAp2,0.25,3,3,TGATCCCGGTCTCACGGCTG,0,1771874
hdeAp2,0.25,3,3,TGATCAGATGTTTAAACTAA,0,1801627
hdeAp2,0.25,3,3,TGATATTAGGGGAAAATCAT,0,1803083
hdeAp2,0.25,3,3,TGATAATCTATACCTAAGGC,0,1772478
hdeAp2,0.25,3,3,TGATAAGCGGGGGGGGCCTA,0,1780693
hdeAp2,0.25,3,3,TGAGCTGTCGGAAAGTCGGT,0,1797364
hdeAp2,0.25,3,3,TGAGATCGGAGGGCGCTGCC,0,1777228
hdeAp2,0.25,3,3,TGACTTCATTTACCGCTTAG,0,1797653
hdeAp2,0.25,3,3,TGACTCCTGGCGGGGAGTTT,0,1790687
hdeAp2,0.25,3,3,TGACCGGATTCCCTAATGGT,0,1787615
hdeAp2,0.25,3,3,TGACCAATAAAACCCCATGC,0,1818427
hdeAp2,0.25,3,3,TGACATCCGTTACTCGACCT,0,1787143
hdeAp2,0.25,3,3,TGAAGGTACCAGGCTGATAC,0,1773302
hdeAp2,0.25,3,3,TGAAGCCTATTCGTGAGAAT,0,1824121
hdeAp2,0.25,3,3,TGAAGACGGGTGCCCCATCA,0,1817217
hdeAp2,0.25,3,3,TGAACTACTGGTCTACGGCA,0,1793826
hdeAp2,0.25,3,3,TGAAAAGCTGAATTGCGGAT,0,1771320
hdeAp2,0.25,3,3,TCTTGTAAGGTGAGTAAAGT,0,1811695
hdeAp2,0.25,3,3,TCTTGGCAGTTATTGATGAT,0,1780651
hdeAp2,0.25,3,3,TCTTGACAGCCACAGGACCA,0,1827870
hdeAp2,0.25,3,3,TCTTCTTGGGGCGAGGAGGC,0,1803913
hdeAp2,0.25,3,3,TCTTACGAACCCGACGGGAA,0,1817528
hdeAp2,0.25,3,3,TCTGGTACTACCGAAAAGTT,0,1808717
hdeAp2,0.25,3,3,TCTGCGCAGATTTGACGATC,0,1813171
hdeAp2,0.25,3,3,TCTGAACTTATCTGCCCAGA,0,1771644
hdeAp2,0.25,3,3,TCTGAACGATGTAGGGCAGA,0,1813662
hdeAp2,0.25,3,3,TCTCTTGACGCCCTGGCGTG,0,1797286
hdeAp2,0.25,3,3,TCTCTATCGCCAGGCTACAG,0,1774205
hdeAp2,0.25,3,3,TCTCGGGGGACACGATATTC,0,1783926
hdeAp2,0.25,3,3,TCTCGGATTATTCTCGCTGC,0,1786387
hdeAp2,0.25,3,3,TCTCCTCCAATGATCCTCGG,0,1795755
hdeAp2,0.25,3,3,TCTCCGACGTCGTGGTGGTG,0,1807913
hdeAp2,0.25,3,3,TCTCAGACCTGTTAACGACA,0,1811907
hdeAp2,0.25,3,3,TCTATTGGATTTTACACTCT,0,1827203
hdeAp2,0.25,3,3,TCTAGTTTACAAGGTCCGGA,0,1780721
hdeAp2,0.25,3,3,TCTAGGACGTGACGTTCGAA,0,1771833
hdeAp2,0.25,3,3,TCTAGCGACGTAAGGTAGAG,0,1817150
hdeAp2,0.25,3,3,TCTACGGGGATTTTTTTGTG,0,1778593
hdeAp2,0.25,3,3,TCTACCAAACCCCCAGAGTA,0,1795093
hdeAp2,0.25,3,3,TCTACATGTCGCCAGCGGCG,0,1795035
hdeAp2,0.25,3,3,TCTACACGGTCACCCACACC,0,1803497
hdeAp2,0.25,3,3,TCTAATCGGTAGTAGCCTTC,0,1823716
hdeAp2,0.25,3,3,TCGTTTTCGGACTTTATTTA,0,1783768
hdeAp2,0.25,3,3,TCGTTGTTGGCCTAATTGTC,0,1810490
hdeAp2,0.25,3,3,TCGTTCTGGAGCCTGTCATC,0,1777168
hdeAp2,0.25,3,3,TCGTTCAGAGCTGGATTATA,0,1779491
hdeAp2,0.25,3,3,TCGTTCAATGGACGGCCATC,0,1787614
hdeAp2,0.25,3,3,TCGTGTGCGTGTTACCATTT,0,1772743
hdeAp2,0.25,3,3,TCGTGCCTGCACCTTCCAAA,0,1811174
hdeAp2,0.25,3,3,TCGTAGTTCCTCGCTCGTGA,0,1818126
hdeAp2,0.25,3,3,TCGTACTTTGTTTGTGAGGT,0,1796769
hdeAp2,0.25,3,3,TCGGTTCGGCCGGTCGTTCC,0,1819481
hdeAp2,0.25,3,3,TCGGTGGCTCTCAAATATAG,0,1785830
hdeAp2,0.25,3,3,TCGGTATAATACCTATGCGA,0,1813608
hdeAp2,0.25,3,3,TCGGTAGACATAGTATTGCC,0,1803620
hdeAp2,0.25,3,3,TCGGCGCCCTGTTAATCCCT,0,1796133
hdeAp2,0.25,3,3,TCGGATTTTTAGAGATAGAC,0,1818478
hdeAp2,0.25,3,3,TCGGAGTCGGTGATAGCTCG,0,1775585
hdeAp2,0.25,3,3,TCGGAGGGTATTAATAGTTA,0,1783296
hdeAp2,0.25,3,3,TCGGACGTGTTTAATTGCCC,0,1791306
hdeAp2,0.25,3,3,TCGGAATAGTCCCGCTAGTT,0,1826366
hdeAp2,0.25,3,3,TCGCGGGAGAGTATAAGAAC,0,1816395
hdeAp2,0.25,3,3,TCGATGCCAGGTCGCTGGAT,0,1790868
hdeAp2,0.25,3,3,TCGATCCCATCCCGGTTTAC,0,1802866
hdeAp2,0.25,3,3,TCGAACTCCCAGCCCACGGG,0,1803023
hdeAp2,0.25,3,3,TCGAAACCCTAACTACTGCT,0,1799712
hdeAp2,0.25,3,3,TCCTGGTGTGCCGACTCAAA,0,1781145
hdeAp2,0.25,3,3,TCCTGCGGCAGTATAAGACG,0,1828333
hdeAp2,0.25,3,3,TCCTCTTGATTGTCCCTTCA,0,1777720
hdeAp2,0.25,3,3,TCCTCAGCTCGCGCCTCAGT,0,1789303
hdeAp2,0.25,3,3,TCCGTTCCGTACGGACTCGT,0,1781903
hdeAp2,0.25,3,3,TCCGTGGATCGATGGTAAAT,0,1809871
hdeAp2,0.25,3,3,TCCGTCTGAAATACACATAA,0,1790982
hdeAp2,0.25,3,3,TCCGGTACACGTGCGTTTGC,0,1820260
hdeAp2,0.25,3,3,TCCGGGACTTCCCACAGTGC,0,1825420
hdeAp2,0.25,3,3,TCCGGGAAGCCGGGCACCAG,0,1811057
hdeAp2,0.25,3,3,TCCGGCTATGAGGATTTCTC,0,1827195
hdeAp2,0.25,3,3,TCCGAGACAACCGGGGCCCT,0,1805875
hdeAp2,0.25,3,3,TCCCGCATTGAGGCTTTGCG,0,1802664
hdeAp2,0.25,3,3,TCCCCGCTGGGTGTATTTAA,0,1790129
hdeAp2,0.25,3,3,TCCCCACTCTTGGTTCAGAT,0,1779688
hdeAp2,0.25,3,3,TCCCCAATGGCCTCCAGTAC,0,1819127
hdeAp2,0.25,3,3,TCCAGCTGTCGTTGGTTGTT,0,1814419
hdeAp2,0.25,3,3,TCCAAAATGGGCTGTTTAAG,0,1813254
hdeAp2,0.25,3,3,TCCAAAAGGCTGCGGTTAGC,0,1801768
hdeAp2,0.25,3,3,TCATTCGGCTATAATATGGA,0,1814430
hdeAp2,0.25,3,3,TCATGTTCGTCCAGTGGGAC,0,1782816
hdeAp2,0.25,3,3,TCATGTATAATGAATCTTAC,0,1824162
hdeAp2,0.25,3,3,TCATGCACTTAATACACCTT,0,1786371
hdeAp2,0.25,3,3,TCATGAGGGATCCGTCGCGA,0,1817826
hdeAp2,0.25,3,3,TCATCGGACGTCAACAAGAC,0,1784119
hdeAp2,0.25,3,3,TCATCACGTCCTCGCTATTA,0,1800234
hdeAp2,0.25,3,3,TCATATTAAGCGAGGGTCGT,0,1809930
hdeAp2,0.25,3,3,TCAGTACCCCTACGTAACTT,0,1775376
hdeAp2,0.25,3,3,TCAGCCGGTTTATGTATTAG,0,1787938
hdeAp2,0.25,3,3,TCAGATCAATACAATATATA,0,1799939
hdeAp2,0.25,3,3,TCACTTGGCTGGGACAAGTT,0,1799652
hdeAp2,0.25,3,3,TCACTTCTAGCGGAGATAAT,0,1806537
hdeAp2,0.25,3,3,TCACTTCGGGATACGATTCT,0,1776417
hdeAp2,0.25,3,3,TCACTTCCGGAGCGCATTCT,0,1797847
hdeAp2,0.25,3,3,TCACTTAATTTGGGGCCGAT,0,1815310
hdeAp2,0.25,3,3,TCACTGTTTGGCTGCGAGTC,0,1775267
hdeAp2,0.25,3,3,TCACTCTGGCTGGAAACAAA,0,1816033
hdeAp2,0.25,3,3,TCACGTAGGCTACAAGCTCC,0,1776773
hdeAp2,0.25,3,3,TCACGCAGAATCCTGGACGC,0,1813431
hdeAp2,0.25,3,3,TCACCCATGAGCCTCGGTGT,0,1812591
hdeAp2,0.25,3,3,TCACAATGACAAATTAATAG,0,1786190
hdeAp2,0.25,3,3,TCACAAGGGGACAAAATACA,0,1821907
hdeAp2,0.25,3,3,TCAATTTTCTGATTGTGTAA,0,1822587
hdeAp2,0.25,3,3,TCAATTGACTGAACGGCGTG,0,1827963
hdeAp2,0.25,3,3,TCAATTAGAGTACAAGCCTT,0,1791804
hdeAp2,0.25,3,3,TCAAGCAGAACCTGTCTCAT,0,1776012
hdeAp2,0.25,3,3,TCAACCCCCGACAAGACTTC,0,1789689
hdeAp2,0.25,3,3,TATTGCATCCCCGTATTCCA,0,1799464
hdeAp2,0.25,3,3,TATTGATCCGGTTTGCTTGT,0,1806450
hdeAp2,0.25,3,3,TATTCGAATATCCCGGAACG,0,1793399
hdeAp2,0.25,3,3,TATTATACTCAACCGTACAA,0,1803189
hdeAp2,0.25,3,3,TATTACCTCGCGAAGAATTA,0,1807297
hdeAp2,0.25,3,3,TATGTGGTTTTACGTGCAGT,0,1792914
hdeAp2,0.25,3,3,TATGTACATGAATCCGAATT,0,1827846
hdeAp2,0.25,3,3,TATGGTTATTTGGTTATTAT,0,1791805
hdeAp2,0.25,3,3,TATGGGTGGCTCAAAACCGA,0,1819563
hdeAp2,0.25,3,3,TATGCTATCACTTGTGCGAT,0,1783197
hdeAp2,0.25,3,3,TATGAGGTAAGGCCTAGTAT,0,1824139
hdeAp2,0.25,3,3,TATGACTGGCTCTGGATGGA,0,1822165
hdeAp2,0.25,3,3,TATCTGTTCCCAGGAATCTC,0,1786245
hdeAp2,0.25,3,3,TATCGGTCACCTTTTTGAAT,0,1785316
hdeAp2,0.25,3,3,TATCGCGGGCGTTCGTCTTA,0,1810861
hdeAp2,0.25,3,3,TATCGCGACAGACTCGCAGG,0,1786739
hdeAp2,0.25,3,3,TATCGCCTTATCTATACGCC,0,1774025
hdeAp2,0.25,3,3,TATCGCATGGGCCTGCTACG,0,1821965
hdeAp2,0.25,3,3,TATCCAGTGAATTTACATTC,0,1816068
hdeAp2,0.25,3,3,TATCACAATATGACTTTCGT,0,1792760
hdeAp2,0.25,3,3,TATCAACGGTCCACTTGACA,0,1784441
hdeAp2,0.25,3,3,TATATTGCAGCAGGTCTTGG,0,1779968
hdeAp2,0.25,3,3,TATATGGGATCCCTAGTATT,0,1778005
hdeAp2,0.25,3,3,TATAGCTAGATCGATGCCTT,0,1820548
hdeAp2,0.25,3,3,TATACCTATCACTGACAGAC,0,1771565
hdeAp2,0.25,3,3,TATAAGAGCGGCCCGATGGA,0,1797675
hdeAp2,0.25,3,3,TAGGTCGCCAGCTGATTCAA,0,1820012
hdeAp2,0.25,3,3,TAGGGGGATAGGGAGTCATG,0,1782175
hdeAp2,0.25,3,3,TAGGGGATGGTCGTCCAGCA,0,1812347
hdeAp2,0.25,3,3,TAGGCTGTTATTTTTCTTTT,0,1787496
hdeAp2,0.25,3,3,TAGGCCCAGCACACGTATGT,0,1778763
hdeAp2,0.25,3,3,TAGGATCTCCTTGTTCGTAT,0,1821295
hdeAp2,0.25,3,3,TAGGAGAAAGCGGAAGTCCA,0,1778800
hdeAp2,0.25,3,3,TAGGACGTTGCCAAGGCCCT,0,1810690
hdeAp2,0.25,3,3,TAGCTGTTGCGGAATGCCGG,0,1820546
hdeAp2,0.25,3,3,TAGCGTAAGGAAAGGGAAAA,0,1797615
hdeAp2,0.25,3,3,TAGCCTTGTTGTCGGGGGCG,0,1779743
hdeAp2,0.25,3,3,TAGATGTTAAAGGGGGAGAG,0,1816258
hdeAp2,0.25,3,3,TACTTGCTTAACCGAGTCAG,0,1807992
hdeAp2,0.25,3,3,TACTGGAAATTGGTCGATAT,0,1804590
hdeAp2,0.25,3,3,TACTCCGATCCCATAGCTCA,0,1810306
hdeAp2,0.25,3,3,TACGTCGCACAATAAAACTG,0,1807080
hdeAp2,0.25,3,3,TACGTAGGCACTGGAGCCCA,0,1773859
hdeAp2,0.25,3,3,TACGGCATGACTGCTTGTAC,0,1783321
hdeAp2,0.25,3,3,TACGGATCGTAAAGGTGCTC,0,1796679
hdeAp2,0.25,3,3,TACGCTACTGCCAGCTCAGG,0,1797938
hdeAp2,0.25,3,3,TACGCGGGAATTGCTCTATA,0,1823210
hdeAp2,0.25,3,3,TACGCACTCAGGGTGGCTAC,0,1778489
hdeAp2,0.25,3,3,TACGATTCCCTGTCCCTCCT,0,1780869
hdeAp2,0.25,3,3,TACGAGCTGGTCGCGGCCTG,0,1813077
hdeAp2,0.25,3,3,TACCTGGCAGGTATTGTCGT,0,1812905
hdeAp2,0.25,3,3,TACCGCTTTTCCTAAGTTCG,0,1773889
hdeAp2,0.25,3,3,TACCCGCAGCCAGTCGAAGT,0,1789803
hdeAp2,0.25,3,3,TACCACTCTGGTTAGAGGGG,0,1820076
hdeAp2,0.25,3,3,TACCAATGCTAGCAAGACTG,0,1824896
hdeAp2,0.25,3,3,TACAGACACCATTTAGCGGG,0,1826448
hdeAp2,0.25,3,3,TACAACGGGATATTAGGAGA,0,1811616
hdeAp2,0.25,3,3,TAATTGACATAGTTTCCGCT,0,1792165
hdeAp2,0.25,3,3,TAATTCTACGATCTATTTTG,0,1774509
hdeAp2,0.25,3,3,TAATTCGATATGGACACGGT,0,1772872
hdeAp2,0.25,3,3,TAATTCATATTAGCTTCGCG,0,1791418
hdeAp2,0.25,3,3,TAATGGAATCCATCTTGGTG,0,1801415
hdeAp2,0.25,3,3,TAATGATCGAGCATCGCATG,0,1810784
hdeAp2,0.25,3,3,TAATGACAGCTATTGACTTT,0,1822991
hdeAp2,0.25,3,3,TAATCGATAAACATCAACAT,0,1816833
hdeAp2,0.25,3,3,TAATATGAAAAGAGGACACA,0,1817640
hdeAp2,0.25,3,3,TAATAGGGGGCGAGTCAAAT,0,1794896
hdeAp2,0.25,3,3,TAATAGCGCTCGACGACCGC,0,1773153
hdeAp2,0.25,3,3,TAATAAACGCGTGGTTAATG,0,1818376
hdeAp2,0.25,3,3,TAAGGGCACAAGTCGATGTC,0,1785015
hdeAp2,0.25,3,3,TAAGGCGCACATATATACTT,0,1809323
hdeAp2,0.25,3,3,TAAGGCCTCGAAATGATCAC,0,1778526
hdeAp2,0.25,3,3,TAAGATCGGCTAGAGCCGCG,0,1784579
hdeAp2,0.25,3,3,TAACGTCTCCTACAAGGGCT,0,1787027
hdeAp2,0.25,3,3,TAACGCCTTCTCACTCTGAG,0,1814813
hdeAp2,0.25,3,3,TAACCGGGAGGTTAGCATCA,0,1802626
hdeAp2,0.25,3,3,TAACCACACGGTACGGTGCC,0,1802199
hdeAp2,0.25,3,3,TAACATTTCACCTATTCCTC,0,1790989
hdeAp2,0.25,3,3,TAAATTGGTTGCGTCGTAGC,0,1823022
hdeAp2,0.25,3,3,TAAATCACTTATAGATCATA,0,1784983
hdeAp2,0.25,3,3,TAAAGTAAATGTTAATCTTG,0,1788967
hdeAp2,0.25,3,3,TAAAGGGGGTTTGATGGAAA,0,1789908
hdeAp2,0.25,3,3,TAAAGGGCTAGCGCTCTACT,0,1807110
hdeAp2,0.25,3,3,TAAACCTTGAGCATATGTCT,0,1814530
hdeAp2,0.25,3,3,TAAACATGGTTTCTTCCAAA,0,1781392
hdeAp2,0.25,3,3,TAAACAGTTTTAAGGCGTTC,0,1781390
hdeAp2,0.25,3,3,TAAACACGTACGTTCGGAGC,0,1802360
hdeAp2,0.25,3,3,TAAACACCGTGCCGATTTGT,0,1826381
hdeAp2,0.25,3,3,TAAAATTCAAGTTGTAACCT,0,1814747
hdeAp2,0.25,3,3,TAAAATCAACTTGTCTTGGT,0,1819679
hdeAp2,0.25,3,3,TAAAACCTAGGCGACCTACG,0,1816778
hdeAp2,0.25,3,3,GTTTTTGGCTGGCATTACTC,0,1791772
hdeAp2,0.25,3,3,GTTTTGGCCAAAACCTGACA,0,1773491
hdeAp2,0.25,3,3,GTTTTCCGATGGTTACTGGA,0,1772840
hdeAp2,0.25,3,3,GTTTTACTAGGTCCTGAGTC,0,1807462
hdeAp2,0.25,3,3,GTTTTAATGTCAGGTATGTT,0,1818531
hdeAp2,0.25,3,3,GTTTGTACTATCAATTTCCC,0,1788027
hdeAp2,0.25,3,3,GTTTGGCTTCGGATCAATGA,0,1805422
hdeAp2,0.25,3,3,GTTTGCCTGTTGGGCTGAAG,0,1812926
hdeAp2,0.25,3,3,GTTTCCCCCTCTACTGTGGA,0,1792898
hdeAp2,0.25,3,3,GTTTCAATTTGACCCATTCA,0,1813332
hdeAp2,0.25,3,3,GTTGTAACCACTCCAGTTGT,0,1780055
hdeAp2,0.25,3,3,GTTGGTAACATCCAAGGGTT,0,1820208
hdeAp2,0.25,3,3,GTTGGGCCGACCGTGTAGTG,0,1782339
hdeAp2,0.25,3,3,GTTGCTTCAGAGGCTAGAGA,0,1826660
hdeAp2,0.25,3,3,GTTGCTTACACGCGTCCCTA,0,1819225
hdeAp2,0.25,3,3,GTTGCCTGCGCTTATATTTA,0,1795454
hdeAp2,0.25,3,3,GTTCTTCACTGTTATCTCCG,0,1792274
hdeAp2,0.25,3,3,GTTCTGTGTCACGCTGGGTG,0,1791723
hdeAp2,0.25,3,3,GTTCCAATTAGTGCTAAACC,0,1813760
hdeAp2,0.25,3,3,GTTCACGCATCCACGTTACG,0,1776074
hdeAp2,0.25,3,3,GTTCAACATGCACTTTATAG,0,1820236
hdeAp2,0.25,3,3,GTTAGTTCATTTGAAGCCCA,0,1807935
hdeAp2,0.25,3,3,GTTAGCGATTCCCAGTCCTG,0,1822580
hdeAp2,0.25,3,3,GTTACGTCACCGGTCACCTT,0,1801015
hdeAp2,0.25,3,3,GTTACGCCGGATAGAAAGTG,0,1795028
hdeAp2,0.25,3,3,GTTACAGGATTTAACAGGGT,0,1781851
hdeAp2,0.25,3,3,GTTACAGCTCTTCACGGCTA,0,1809901
hdeAp2,0.25,3,3,GTTAACATGGCGTACATTTT,0,1795464
hdeAp2,0.25,3,3,GTGTTCCCAGTCCTTAGGGT,0,1798206
hdeAp2,0.25,3,3,GTGTTAGTTGATGATCGGGC,0,1793782
hdeAp2,0.25,3,3,GTGTTAGACGTCTTACTGAC,0,1818244
hdeAp2,0.25,3,3,GTGTGAAATGCTGTCCCAGC,0,1814525
hdeAp2,0.25,3,3,GTGTCGCTTCCAAACGGCTG,0,1824392
hdeAp2,0.25,3,3,GTGTCGCAAGATAGAAGGTT,0,1826578
hdeAp2,0.25,3,3,GTGTCCTCCTGTTGTCAACT,0,1827905
hdeAp2,0.25,3,3,GTGTCAGGCACCTACCACTA,0,1812271
hdeAp2,0.25,3,3,GTGTCAATCCCTGGGGGACT,0,1813326
hdeAp2,0.25,3,3,GTGTAGGACGAGGGTCGTTC,0,1820809
hdeAp2,0.25,3,3,GTGTAGACATGGGGTATAGG,0,1781348
hdeAp2,0.25,3,3,GTGTAATGGTTTTGAGTGTG,0,1771484
hdeAp2,0.25,3,3,GTGGGGAGTAGTGAAGGAAC,0,1785884
hdeAp2,0.25,3,3,GTGGCTTTAGGGATACTTTA,0,1787659
hdeAp2,0.25,3,3,GTGGCGTGTCTCTGCTGAAG,0,1812529
hdeAp2,0.25,3,3,GTGGCCCAAGCGAGGACCAC,0,1816243
hdeAp2,0.25,3,3,GTGGAAAGACGTACGCTAAC,0,1786560
hdeAp2,0.25,3,3,GTGCTGGAGGGGGGTGTCGG,0,1784992
hdeAp2,0.25,3,3,GTGCTGCGGGCTTGGTAGCT,0,1797241
hdeAp2,0.25,3,3,GTGCGTTGGCACTACGGAAA,0,1800026
hdeAp2,0.25,3,3,GTGCGTGATATATTGGGCCT,0,1801791
hdeAp2,0.25,3,3,GTGCGCCATTACTGTCTAAG,0,1780297
hdeAp2,0.25,3,3,GTGCAGGTCCTCACGCTCGA,0,1798767
hdeAp2,0.25,3,3,GTGCACTTTCAAAACAGAAA,0,1817036
hdeAp2,0.25,3,3,GTGCAAGCGTCCATATGTAT,0,1812804
hdeAp2,0.25,3,3,GTGATGTCTGGCTACGAAGT,0,1782683
hdeAp2,0.25,3,3,GTGATACATGGCAGCTGATG,0,1785374
hdeAp2,0.25,3,3,GTGAGCGGTCGAAAGGATAG,0,1789391
hdeAp2,0.25,3,3,GTGAATTCATCCGAGGCCAT,0,1828029
hdeAp2,0.25,3,3,GTGAATTAGGTGGATGAACC,0,1772215
hdeAp2,0.25,3,3,GTCTGGCGCGTTATGCGGAC,0,1804056
hdeAp2,0.25,3,3,GTCTGACGACTGTTAAGGCA,0,1780972
hdeAp2,0.25,3,3,GTCTCGGAGTTATGCCACGG,0,1791974
hdeAp2,0.25,3,3,GTCGTTCGGAGAGGCCTACA,0,1790141
hdeAp2,0.25,3,3,GTCGTTACCGGGGTATATCA,0,1804284
hdeAp2,0.25,3,3,GTCGTGCGTACGTCACGACC,0,1788358
hdeAp2,0.25,3,3,GTCGGTCGAGCTGTCAAGGT,0,1793922
hdeAp2,0.25,3,3,GTCGGGGATCCCGATAGCCT,0,1805639
hdeAp2,0.25,3,3,GTCGGATAAGTCATTAGTAG,0,1811634
hdeAp2,0.25,3,3,GTCGCAAACTTTCCAATTGG,0,1776989
hdeAp2,0.25,3,3,GTCCTCTAAGAGTCCACTAA,0,1806521
hdeAp2,0.25,3,3,GTCCGATACAATGGAGACTA,0,1822579
hdeAp2,0.25,3,3,GTCCCCGAGACGGTACCGAG,0,1775471
hdeAp2,0.25,3,3,GTCCACATACATCAGAGCTG,0,1809045
hdeAp2,0.25,3,3,GTCATGCGACGATTTTATAA,0,1801842
hdeAp2,0.25,3,3,GTCAACTGGCATAGATTCAG,0,1818414
hdeAp2,0.25,3,3,GTCAACGGATAATGGAGACA,0,1787948
hdeAp2,0.25,3,3,GTCAAATAATCGCGAGAGTT,0,1789768
hdeAp2,0.25,3,3,GTATTTTGCGCGGTAGAATG,0,1811073
hdeAp2,0.25,3,3,GTATGTATTGGAGGATCACA,0,1799517
hdeAp2,0.25,3,3,GTATGCGAGGAAGTGCCTTC,0,1800349
hdeAp2,0.25,3,3,GTATCGATGGCGGATCTTCA,0,1789472
hdeAp2,0.25,3,3,GTATATTTGGATGACGAACC,0,1785633
hdeAp2,0.25,3,3,GTATATTCCGCGAATGTATA,0,1790018
hdeAp2,0.25,3,3,GTATATAGTAAGGAGTCTGT,0,1787448
hdeAp2,0.25,3,3,GTATAGCACACCTGTTGGGA,0,1808516
hdeAp2,0.25,3,3,GTAGTTTCTTGCGCAGTACA,0,1815446
hdeAp2,0.25,3,3,GTAGTGGCGGCATATGTAGT,0,1777700
hdeAp2,0.25,3,3,GTAGTCGCGCTCGGGGCTAT,0,1825462
hdeAp2,0.25,3,3,GTAGCTCTGTGTCGGTGATC,0,1782293
hdeAp2,0.25,3,3,GTAGAGACATGCCGTCACTC,0,1772668
hdeAp2,0.25,3,3,GTACTTGCAAATTTGGATAA,0,1808428
hdeAp2,0.25,3,3,GTACTTAATGGCAGAAGATA,0,1778413
hdeAp2,0.25,3,3,GTACGCTGGAGGGCAAATAA,0,1820942
hdeAp2,0.25,3,3,GTACGCGAGTGTAATATACA,0,1805633
hdeAp2,0.25,3,3,GTACGACACCATGACAGGGT,0,1819473
hdeAp2,0.25,3,3,GTACCGCTAGTGTGGACATT,0,1789507
hdeAp2,0.25,3,3,GTACAGCGGCGCATGTTTTG,0,1802702
hdeAp2,0.25,3,3,GTAATCCTGCAGAACCCAGA,0,1810246
hdeAp2,0.25,3,3,GTAAGGTGCTATAGAAACTG,0,1783819
hdeAp2,0.25,3,3,GTAAGGGTTTGGGATAGTTT,0,1772430
hdeAp2,0.25,3,3,GTAACTTTCACGCCCTTCGG,0,1821750
hdeAp2,0.25,3,3,GTAACATCTCGCATAGGAAG,0,1772839
hdeAp2,0.25,3,3,GTAAATTGCCTTGAGTAAAA,0,1802831
hdeAp2,0.25,3,3,GGTTTTCTATGCCCTCAGCC,0,1806093
hdeAp2,0.25,3,3,GGTTTTCGGATCCAAAGTGC,0,1803925
hdeAp2,0.25,3,3,GGTTTGGCCACGAGCTCCGT,0,1776335
hdeAp2,0.25,3,3,GGTTTACCCTACCACAATCA,0,1792681
hdeAp2,0.25,3,3,GGTTGTAATGTGCCTAGCTC,0,1777888
hdeAp2,0.25,3,3,GGTTCCGTGGCTCCTCCATA,0,1804843
hdeAp2,0.25,3,3,GGTTCCCTAAGGCGTTGGCG,0,1809198
hdeAp2,0.25,3,3,GGTTAATATGGGAGGCCCTG,0,1818930
hdeAp2,0.25,3,3,GGTGTGTCTTCAGTACGCAA,0,1798716
hdeAp2,0.25,3,3,GGTGTGCGAAATCTGAGGTA,0,1787282
hdeAp2,0.25,3,3,GGTGTACCGGGTTTGGAGTA,0,1813213
hdeAp2,0.25,3,3,GGTGGTCTCGGGAACGGATT,0,1820867
hdeAp2,0.25,3,3,GGTGGGTTCGCGACAATAGC,0,1791833
hdeAp2,0.25,3,3,GGTGCGTGGAACTCCAATTC,0,1821898
hdeAp2,0.25,3,3,GGTGCGCGGCATCTCGGGAC,0,1779886
hdeAp2,0.25,3,3,GGTGACCTCGTACCCTTCTG,0,1780930
hdeAp2,0.25,3,3,GGTCTGGACGTCGCTCGGAT,0,1828006
hdeAp2,0.25,3,3,GGTCCCTTATTCCTGAGTTC,0,1803321
hdeAp2,0.25,3,3,GGTCAGACGAAATCACTTTG,0,1778558
hdeAp2,0.25,3,3,GGTCAGACCAAATTCTTTTA,0,1821164
hdeAp2,0.25,3,3,GGTAGTCTTCCCCCCATTGT,0,1801382
hdeAp2,0.25,3,3,GGTACTTGCGTGTTACGCCT,0,1773426
hdeAp2,0.25,3,3,GGTACAAGTTCCTGCTTGGC,0,1779873
hdeAp2,0.25,3,3,GGGTTCCATTCGCGATACTT,0,1790395
hdeAp2,0.25,3,3,GGGTGGGCATATGGGAGAAG,0,1781531
hdeAp2,0.25,3,3,GGGTCTCTCTACGTGACGTC,0,1771802
hdeAp2,0.25,3,3,GGGTCGTTCAGTCGAACTTT,0,1808785
hdeAp2,0.25,3,3,GGGTCACCGTGCGGTGATAC,0,1808181
hdeAp2,0.25,3,3,GGGTCAAGATCGAGCGGGCT,0,1797890
hdeAp2,0.25,3,3,GGGTATACCAGGTATGTTAG,0,1822454
hdeAp2,0.25,3,3,GGGGTTTCCATGTTGTCCAT,0,1795647
hdeAp2,0.25,3,3,GGGGTCATCACTATTTACGG,0,1814367
hdeAp2,0.25,3,3,GGGGGTTGGCGGGACTTAAG,0,1791268
hdeAp2,0.25,3,3,GGGGGGGTACGGTCGTATTA,0,1780066
hdeAp2,0.25,3,3,GGGGGCGTAGCCGGGTCATT,0,1790983
hdeAp2,0.25,3,3,GGGGGCGAGGGGGGAACGCA,0,1817807
hdeAp2,0.25,3,3,GGGGGCAACGGAAGACGTCC,0,1827964
hdeAp2,0.25,3,3,GGGGCTCCGTAGATCAGCCT,0,1774423
hdeAp2,0.25,3,3,GGGGCCAAGACGCTGTGCTC,0,1793242
hdeAp2,0.25,3,3,GGGCTGGGGTCGGAACTATC,0,1796896
hdeAp2,0.25,3,3,GGGCTCAGCTATTCTCCTGC,0,1814015
hdeAp2,0.25,3,3,GGGCTCACTGAACGCAATTG,0,1809441
hdeAp2,0.25,3,3,GGGCGACCCGGTACCACGCT,0,1808706
hdeAp2,0.25,3,3,GGGCCTACCTTCCCCACGTC,0,1784298
hdeAp2,0.25,3,3,GGGCCACTGTGGAGGGCGAA,0,1825591
hdeAp2,0.25,3,3,GGGATGCGGATACTTATAGA,0,1810100
hdeAp2,0.25,3,3,GGGAGTCATCTCCAAGATTC,0,1788681
hdeAp2,0.25,3,3,GGGAGACAGGAGGGCGGGTT,0,1816887
hdeAp2,0.25,3,3,GGGACTTGTTACAGTGTCTA,0,1812956
hdeAp2,0.25,3,3,GGGACTTGAGTATACTGAGT,0,1817118
hdeAp2,0.25,3,3,GGGACTGGGCTGCCTCCATT,0,1818673
hdeAp2,0.25,3,3,GGGACGTTGAATGCCCTTCG,0,1814043
hdeAp2,0.25,3,3,GGGAACTTCTAAACTGAGCT,0,1775514
hdeAp2,0.25,3,3,GGCTTGCACGATCTTATTAG,0,1797621
hdeAp2,0.25,3,3,GGCTCGTCGTTGATGTTAGC,0,1790069
hdeAp2,0.25,3,3,GGCTCCGGAAGTGCTCAGAA,0,1780656
hdeAp2,0.25,3,3,GGCTCCAAAGTATGAAAGGG,0,1788709
hdeAp2,0.25,3,3,GGCTATATTCAAAACGCTGC,0,1773354
hdeAp2,0.25,3,3,GGCTAGGATAACCGTATCCC,0,1814290
hdeAp2,0.25,3,3,GGCGTAGATCACTCAAATGA,0,1776513
hdeAp2,0.25,3,3,GGCGGATAAGTGGGTAAGGA,0,1782471
hdeAp2,0.25,3,3,GGCGGAGATAGGCTTTTGGC,0,1781625
hdeAp2,0.25,3,3,GGCGCCTAGGAGGGTGCAAC,0,1780110
hdeAp2,0.25,3,3,GGCGCAAGGGCTAACGTAAA,0,1798864
hdeAp2,0.25,3,3,GGCCTCGACAACCAGACTGG,0,1811636
hdeAp2,0.25,3,3,GGCCTCGAACCGACCAGCCT,0,1815515
hdeAp2,0.25,3,3,GGCCGGCCATCACCCCTTTT,0,1778838
hdeAp2,0.25,3,3,GGCCGGCATTTAAATGGGTA,0,1789017
hdeAp2,0.25,3,3,GGCCCCGGGTATCGGTAGTT,0,1774917
hdeAp2,0.25,3,3,GGCCATTCCTTCCGGCTATG,0,1771388
hdeAp2,0.25,3,3,GGCATAGTCATACCAAGCCA,0,1809576
hdeAp2,0.25,3,3,GGCATACCAGGCTGACTCTT,0,1807721
hdeAp2,0.25,3,3,GGCAGGGACAGTCAGTCCGG,0,1823905
hdeAp2,0.25,3,3,GGCAGACTCGTTTAGGAGCG,0,1815521
hdeAp2,0.25,3,3,GGCACGGTCAGATTCCTGTA,0,1774352
hdeAp2,0.25,3,3,GGCACGCAAGGAGGTCAGAG,0,1808741
hdeAp2,0.25,3,3,GGATTTCCGCTTTAAGTATG,0,1809641
hdeAp2,0.25,3,3,GGATCCAGGGTCAGCGGGGG,0,1818228
hdeAp2,0.25,3,3,GGATCATCATCTATTCGCAT,0,1816084
hdeAp2,0.25,3,3,GGATAGTTTGAGGCGTTTTC,0,1790470
hdeAp2,0.25,3,3,GGATAGCGCGATGTGGCATA,0,1778363
hdeAp2,0.25,3,3,GGAGTTGTGAATTATTCGGA,0,1795553
hdeAp2,0.25,3,3,GGAGTCATTGTTGCCATAGG,0,1801101
hdeAp2,0.25,3,3,GGAGGTCTAATGAGCTGTTA,0,1803520
hdeAp2,0.25,3,3,GGAGAGGTTGCCCGAGTCTC,0,1800191
hdeAp2,0.25,3,3,GGACGAGGGCCTCCTTGTGT,0,1806308
hdeAp2,0.25,3,3,GGACACCATTGGTCACAGGT,0,1783548
hdeAp2,0.25,3,3,GGACAAGCTTTTAATGTATT,0,1801272
hdeAp2,0.25,3,3,GGAATTGCTAGACAGGATAA,0,1821911
hdeAp2,0.25,3,3,GGAATCGATTAGTTCTTCAA,0,1800789
hdeAp2,0.25,3,3,GGAATCCACTACGACCTGAC,0,1823055
hdeAp2,0.25,3,3,GGAATAGGAAGTTTAGGCAA,0,1785273
hdeAp2,0.25,3,3,GGAAGCTGGACATATGGCAG,0,1799529
hdeAp2,0.25,3,3,GGAACCGCTAGGCATTCAAT,0,1794585
hdeAp2,0.25,3,3,GGAAAGAGAGCTATCATGGC,0,1793387
hdeAp2,0.25,3,3,GCTTTATTAAAATCTGATAG,0,1823546
hdeAp2,0.25,3,3,GCTTAATCGGGTTCCGGTAT,0,1802928
hdeAp2,0.25,3,3,GCTGTCGGAAGGAGTCCACC,0,1777207
hdeAp2,0.25,3,3,GCTGGTCTGGTACCAAACCG,0,1771627
hdeAp2,0.25,3,3,GCTGGCTTTCTTGTTACCTG,0,1777619
hdeAp2,0.25,3,3,GCTGGCGTCGGGGCAGATAC,0,1818774
hdeAp2,0.25,3,3,GCTGGCGGCGCCATTGTTAT,0,1826852
hdeAp2,0.25,3,3,GCTGGCATGTAATCCTTGTG,0,1810715
hdeAp2,0.25,3,3,GCTGCGGTGTTCCGGCCTAA,0,1781186
hdeAp2,0.25,3,3,GCTCGATGAGTGAATTCAAA,0,1796219
hdeAp2,0.25,3,3,GCTCCGCTGACCATACAGTC,0,1791971
hdeAp2,0.25,3,3,GCTCCATACACACGATTCTT,0,1820060
hdeAp2,0.25,3,3,GCTCAGAGGAGTCTTTATTG,0,1814296
hdeAp2,0.25,3,3,GCTCACTTCCACCGGCGGTT,0,1788748
hdeAp2,0.25,3,3,GCTATGCCAAGGATTGACCA,0,1814318
hdeAp2,0.25,3,3,GCTATCTCGACCCGGACGAG,0,1785358
hdeAp2,0.25,3,3,GCTATCAAACCCAGGTTGTT,0,1791144
hdeAp2,0.25,3,3,GCTAGCGGTAGTATGCAGCA,0,1780871
hdeAp2,0.25,3,3,GCTAGCGGTAGACGCTGTTG,0,1772083
hdeAp2,0.25,3,3,GCTACGCCAAACACGCGGCT,0,1814942
hdeAp2,0.25,3,3,GCTAATGCAGAGGCAGAGAT,0,1802409
hdeAp2,0.25,3,3,GCTAAATTGTGTCCTCTGGG,0,1800040
hdeAp2,0.25,3,3,GCGTTCCTTCACTTGAAACT,0,1778150
hdeAp2,0.25,3,3,GCGTGATTGTCCCCACAATT,0,1792313
hdeAp2,0.25,3,3,GCGTGATTGGTAGAATTTTG,0,1773079
hdeAp2,0.25,3,3,GCGTCCACTTAGTATGTGAT,0,1795724
hdeAp2,0.25,3,3,GCGTATCAGGGTTTATGATG,0,1783755
hdeAp2,0.25,3,3,GCGTAGAGACGTGGATTTAA,0,1795406
hdeAp2,0.25,3,3,GCGGTTTACGACTAAGCTGT,0,1821486
hdeAp2,0.25,3,3,GCGGTATTCGGGTAGACGGA,0,1778550
hdeAp2,0.25,3,3,GCGGGTGTCAGAAATAGGTA,0,1795166
hdeAp2,0.25,3,3,GCGGCTTTTGAGAACGAATT,0,1773274
hdeAp2,0.25,3,3,GCGGCGATCGTCTTTGTCGT,0,1789902
hdeAp2,0.25,3,3,GCGGATTTACTCTCCCTCCC,0,1810229
hdeAp2,0.25,3,3,GCGCTGGACTCCCCCGACCT,0,1781643
hdeAp2,0.25,3,3,GCGCTCGTCACCTATCTCCT,0,1779265
hdeAp2,0.25,3,3,GCGCGTTCCCGGCTTCTTGG,0,1770948
hdeAp2,0.25,3,3,GCGCGTCTCTAGTCCATCAC,0,1773865
hdeAp2,0.25,3,3,GCGCCTGTTTAAATCCCTCC,0,1815697
hdeAp2,0.25,3,3,GCGATTATTCCTTGATCGGC,0,1806124
hdeAp2,0.25,3,3,GCGATTATTATCCGTCGAGC,0,1790954
hdeAp2,0.25,3,3,GCGAGTGTGAGGCAAAGAAA,0,1778595
hdeAp2,0.25,3,3,GCGAGCTAGTTCGACTTCTT,0,1812729
hdeAp2,0.25,3,3,GCGAATGAATGTATGAGAGT,0,1812186
hdeAp2,0.25,3,3,GCGAAACTGTAAGGCTAACT,0,1822446
hdeAp2,0.25,3,3,GCCTGGGCCGGGCCGGTACC,0,1800643
hdeAp2,0.25,3,3,GCCTCTATCTAGGAGGTTGT,0,1803287
hdeAp2,0.25,3,3,GCCTCGTCACCGACGGGAAT,0,1808681
hdeAp2,0.25,3,3,GCCTCGAATTATCTTGTTCA,0,1792410
hdeAp2,0.25,3,3,GCCTCCTGCACTAAAGCGAA,0,1776003
hdeAp2,0.25,3,3,GCCTCCTAAATGAACCAGCA,0,1801513
hdeAp2,0.25,3,3,GCCTCCCACCGTGGCACACC,0,1781943
hdeAp2,0.25,3,3,GCCTAATCTCAAGATCGGGT,0,1817745
hdeAp2,0.25,3,3,GCCGTTTCCGTCCCTTGCCC,0,1813677
hdeAp2,0.25,3,3,GCCGTTGAGTGTGTCGAGCT,0,1786211
hdeAp2,0.25,3,3,GCCGTATTTAATGTCCCCTC,0,1813385
hdeAp2,0.25,3,3,GCCGAAAGAGGCGGTTCAAT,0,1802596
hdeAp2,0.25,3,3,GCCCTATAGTCTCTGGAACT,0,1827781
hdeAp2,0.25,3,3,GCCCGTCGTTAATCCAGAAT,0,1827330
hdeAp2,0.25,3,3,GCCCGGCATAATGCCTACTC,0,1788654
hdeAp2,0.25,3,3,GCCCGCAATATTATTCAGGA,0,1814281
hdeAp2,0.25,3,3,GCCCGACGTACTGATTCATT,0,1781807
hdeAp2,0.25,3,3,GCCCCTCAGCATCAAAGCTC,0,1805686
hdeAp2,0.25,3,3,GCCCCCGCTGGGTCGCACTC,0,1814120
hdeAp2,0.25,3,3,GCCCATCAAAAGTTACTTCA,0,1824195
hdeAp2,0.25,3,3,GCCATTGCCTGTCCAGTTCC,0,1806853
hdeAp2,0.25,3,3,GCCATAAAAGGACGGTTCTA,0,1809151
hdeAp2,0.25,3,3,GCCAATCGGGACTTGCTTGA,0,1784838
hdeAp2,0.25,3,3,GCCAATATAGCTACCCTTCA,0,1817023
hdeAp2,0.25,3,3,GCATTTAAGGGCTTCGTGTC,0,1784021
hdeAp2,0.25,3,3,GCATTACTATAGATTTGACC,0,1789695
hdeAp2,0.25,3,3,GCATGTGCACTGTGCTGAGC,0,1812456
hdeAp2,0.25,3,3,GCATGATCCACGGTATTGCA,0,1817730
hdeAp2,0.25,3,3,GCATCGGGTAACTCTTCGCG,0,1806208
hdeAp2,0.25,3,3,GCATCCCGTAGGGCTCATGT,0,1774367
hdeAp2,0.25,3,3,GCATCAACCTCCACAGGCGA,0,1783553
hdeAp2,0.25,3,3,GCAGTTGAACATGTTAGACA,0,1826875
hdeAp2,0.25,3,3,GCAGTAAACCAATGGAGTAC,0,1812657
hdeAp2,0.25,3,3,GCAGAGACCTGAGCCCAGGC,0,1824333
hdeAp2,0.25,3,3,GCACTTTATTCGGACTGGAT,0,1805673
hdeAp2,0.25,3,3,GCACTCGCGGGGGTTTTTGG,0,1783796
hdeAp2,0.25,3,3,GCACTCCCTACCGCGACATT,0,1806886
hdeAp2,0.25,3,3,GCACTAGACTTCATGGGTGA,0,1795970
hdeAp2,0.25,3,3,GCACCTGGAGGCACTGGTAG,0,1818882
hdeAp2,0.25,3,3,GCACCGTACCAGGCTGTCAA,0,1827298
hdeAp2,0.25,3,3,GCAAGGTTTGCAAACCCCCA,0,1771008
hdeAp2,0.25,3,3,GCAAGAGTATCTGAGGACGA,0,1773616
hdeAp2,0.25,3,3,GCAAACCCACTTTCAGTCCA,0,1786496
hdeAp2,0.25,3,3,GATTTTTGTGGGAGGTAATA,0,1811850
hdeAp2,0.25,3,3,GATTTTCGAGGCCATACCCT,0,1802453
hdeAp2,0.25,3,3,GATTGAGCTAATGTCCATGT,0,1826049
hdeAp2,0.25,3,3,GATTAGTGCGGAAGGCAGAG,0,1785204
hdeAp2,0.25,3,3,GATTACTCTCGCGGTGGTAT,0,1822682
hdeAp2,0.25,3,3,GATGTCTTGTGTCCGGTATG,0,1771930
hdeAp2,0.25,3,3,GATGATCCACCGCACCCAGA,0,1796118
hdeAp2,0.25,3,3,GATGACTAGCGAAGGGGTTG,0,1801236
hdeAp2,0.25,3,3,GATCGTTAAGACATCCGCAG,0,1799651
hdeAp2,0.25,3,3,GATCCGGCACTTCTACGGTG,0,1810451
hdeAp2,0.25,3,3,GATCCCGTAGACAAGTAGTG,0,1807189
hdeAp2,0.25,3,3,GATCATGTCTGAGGTACTTA,0,1804695
hdeAp2,0.25,3,3,GATCAGCTAAGCTAGAGACC,0,1787468
hdeAp2,0.25,3,3,GATCAGCGATCGCAACTACG,0,1817746
hdeAp2,0.25,3,3,GATATACCGTAAGGCAGGGT,0,1814205
hdeAp2,0.25,3,3,GATAGGTCTAAGACACGGTC,0,1799178
hdeAp2,0.25,3,3,GATAGGTCCGTGAAGATCGA,0,1793120
hdeAp2,0.25,3,3,GATACGCCCTGGCCTACTGA,0,1828161
hdeAp2,0.25,3,3,GATACCCAATGTCCGACGCA,0,1808847
hdeAp2,0.25,3,3,GATACATATAGGTTATGTGC,0,1777117
hdeAp2,0.25,3,3,GATAATTACCTATCGTATTC,0,1828102
hdeAp2,0.25,3,3,GATAAGAGAAATATCTGCGA,0,1784875
hdeAp2,0.25,3,3,GAGTGGCTTATTGAAAAGCC,0,1818245
hdeAp2,0.25,3,3,GAGTGGAAGGGTGCGCATGG,0,1780249
hdeAp2,0.25,3,3,GAGTCCACCCGGGATTCTAC,0,1827347
hdeAp2,0.25,3,3,GAGTCAAACGAATGAAAGCC,0,1777668
hdeAp2,0.25,3,3,GAGTATGCGGGAACTGGATA,0,1776372
hdeAp2,0.25,3,3,GAGGGCCTCAATAGTTCGGT,0,1782279
hdeAp2,0.25,3,3,GAGGGAATGCGATGGTCTAT,0,1813907
hdeAp2,0.25,3,3,GAGGCTCCCGAGGGCAGCAT,0,1826822
hdeAp2,0.25,3,3,GAGGCCCGGCTAGCTTAGCA,0,1815168
hdeAp2,0.25,3,3,GAGCGAGGTCGGGCCAGCTT,0,1804129
hdeAp2,0.25,3,3,GAGCGAGACTGAAGAACACT,0,1802236
hdeAp2,0.25,3,3,GAGCAGTTCGGAATGCCTAT,0,1790145
hdeAp2,0.25,3,3,GAGATCGGGGAGTGAAAGTT,0,1820651
hdeAp2,0.25,3,3,GAGAGTAAGCTGTGTCGGTT,0,1811464
hdeAp2,0.25,3,3,GAGAGCATTACTTGTTTTGG,0,1772066
hdeAp2,0.25,3,3,GAGAGAAGGGAAGAGCCTTC,0,1772512
hdeAp2,0.25,3,3,GAGACTGCCAGGGGCATATG,0,1827610
hdeAp2,0.25,3,3,GACTTTCAAAGTACTCCTCT,0,1785559
hdeAp2,0.25,3,3,GACTTGGCGATCTTCCTATC,0,1800631
hdeAp2,0.25,3,3,GACTGGTAGCTGTCTTGCAC,0,1798013
hdeAp2,0.25,3,3,GACTGACGCGAATGACCAAC,0,1797429
hdeAp2,0.25,3,3,GACTCAAGTCGCCGGGTAAA,0,1810657
hdeAp2,0.25,3,3,GACGTTCAGTGCTATAAGTG,0,1775610
hdeAp2,0.25,3,3,GACGTAAATACAGAAGTGCC,0,1827250
hdeAp2,0.25,3,3,GACGGGTTATGCGTTTCTGA,0,1814777
hdeAp2,0.25,3,3,GACGGCTTGGACCATCGGAC,0,1806800
hdeAp2,0.25,3,3,GACGCGGCCTAGATATTAAA,0,1822282
hdeAp2,0.25,3,3,GACCTAGGTTCATACGACTG,0,1822847
hdeAp2,0.25,3,3,GACCGGAGATCAGTTATACG,0,1805729
hdeAp2,0.25,3,3,GACCAGTCTTAGTTTTACAG,0,1820780
hdeAp2,0.25,3,3,GACCAGGTACGCTTGGCGTG,0,1801077
hdeAp2,0.25,3,3,GACATGACACGCATGCAGAA,0,1815858
hdeAp2,0.25,3,3,GACATAGTGTCTCGCTAAAT,0,1813998
hdeAp2,0.25,3,3,GACAAGCTCTTTGAGTGGCT,0,1819013
hdeAp2,0.25,3,3,GACAAAGTATTCCTGGGCGA,0,1791339
hdeAp2,0.25,3,3,GAATTGCAATTCCTCCAAGT,0,1784248
hdeAp2,0.25,3,3,GAATTCAATCACTTCCCACT,0,1787151
hdeAp2,0.25,3,3,GAATTAGAAAATTAAAGGCG,0,1795138
hdeAp2,0.25,3,3,GAATTACCCGTCACAGAGGT,0,1821928
hdeAp2,0.25,3,3,GAATGGTATTTTCTTCCTTA,0,1799764
hdeAp2,0.25,3,3,GAATCACCCTGGAGGTCGCC,0,1799182
hdeAp2,0.25,3,3,GAATAGCTTATGGGATCCTG,0,1789225
hdeAp2,0.25,3,3,GAATAAAGTTTATATTGTTA,0,1827142
hdeAp2,0.25,3,3,GAAGTCTCTAGGACCGAATT,0,1808481
hdeAp2,0.25,3,3,GAAGTCGTGAGAGAGCTGGA,0,1809582
hdeAp2,0.25,3,3,GAAGCCGACTGCGCATTCAT,0,1827070
hdeAp2,0.25,3,3,GAAGCCGAAGGCGTTAGAAC,0,1824362
hdeAp2,0.25,3,3,GAAGCATAACGGTTCCGATA,0,1784456
hdeAp2,0.25,3,3,GAAGATACAGGACTCTTTGT,0,1812029
hdeAp2,0.25,3,3,GAAGACAATTTTCGGGCTAC,0,1773501
hdeAp2,0.25,3,3,GAAGAAATGTTGATCCCTAG,0,1772658
hdeAp2,0.25,3,3,GAACTGGCCGGCGATGATAG,0,1777070
hdeAp2,0.25,3,3,GAACTATCATGACTAGCATG,0,1812854
hdeAp2,0.25,3,3,GAACGCAACGAACTTATAGG,0,1807891
hdeAp2,0.25,3,3,GAACCTCGAGGCAGCCGGAC,0,1788964
hdeAp2,0.25,3,3,GAACCGCGACCCTGGTCACT,0,1772559
hdeAp2,0.25,3,3,GAACCGAAGCCCCCATTCTT,0,1782861
hdeAp2,0.25,3,3,GAACATAGTACATTATTAAT,0,1804522
hdeAp2,0.25,3,3,GAACAGGCGGGAGGGACGAA,0,1819077
hdeAp2,0.25,3,3,GAACACTTAAGGTGAAGGAA,0,1820159
hdeAp2,0.25,3,3,GAAATCAGCGTCGTCCACGG,0,1784032
hdeAp2,0.25,3,3,GAAAGTGGGTAGGCATGCCC,0,1790432
hdeAp2,0.25,3,3,GAAAGCGGGCGTTTGCAGGG,0,1778269
hdeAp2,0.25,3,3,GAAAGACAGTGAGTGACGAG,0,1805017
hdeAp2,0.25,3,3,GAAACTCCTTGTAAATCTTT,0,1775157
hdeAp2,0.25,3,3,GAAACTAGCGCAAACCCAGT,0,1800546
hdeAp2,0.25,3,3,GAAACAACCAGGCAGTAAGA,0,1805726
hdeAp2,0.25,3,3,GAAAATTAAAGGTCAATTAT,0,1806955
hdeAp2,0.25,3,3,CTTTTCGGCTTGAGCCGGAC,0,1777358
hdeAp2,0.25,3,3,CTTTGCTCTCAACCTTGAGA,0,1811908
hdeAp2,0.25,3,3,CTTTGATAACGGGTGAGGAC,0,1800388
hdeAp2,0.25,3,3,CTTTATTCCGTTACCGTCTT,0,1793837
hdeAp2,0.25,3,3,CTTTACGGAGTAATCTGGTC,0,1795944
hdeAp2,0.25,3,3,CTTGTTTTAGCATAGTTAGA,0,1825298
hdeAp2,0.25,3,3,CTTGTTACCATCCTGTCTCG,0,1798445
hdeAp2,0.25,3,3,CTTGCTGATTTTGCGCCAAA,0,1791540
hdeAp2,0.25,3,3,CTTGAGTGATCGTTTCTTCT,0,1818446
hdeAp2,0.25,3,3,CTTGAATGCTGGTATAGGGA,0,1804148
hdeAp2,0.25,3,3,CTTGAATGCGTGTCATACTC,0,1816566
hdeAp2,0.25,3,3,CTTCGTTCTCGGTAAAACTG,0,1783503
hdeAp2,0.25,3,3,CTTCGTACATTAGTCCTCGA,0,1803572
hdeAp2,0.25,3,3,CTTCGGCAGGTAGCAAGAGG,0,1774890
hdeAp2,0.25,3,3,CTTCGAGGAGTCTTCCACAT,0,1810347
hdeAp2,0.25,3,3,CTTCCTTACTCTCACGGGAG,0,1796798
hdeAp2,0.25,3,3,CTTCATGACACGGGTCAATA,0,1788399
hdeAp2,0.25,3,3,CTTCACTCCGACCTTGCCTC,0,1807743
hdeAp2,0.25,3,3,CTTCAATTTTCTCCGGTACC,0,1774797
hdeAp2,0.25,3,3,CTTCAATGCGAGATGATTCA,0,1788167
hdeAp2,0.25,3,3,CTTCAAAGGTGAGTTGCAAT,0,1823950
hdeAp2,0.25,3,3,CTTATGTATCCACTAATTTA,0,1776350
hdeAp2,0.25,3,3,CTTATGCGACTTAAGTCGCA,0,1796756
hdeAp2,0.25,3,3,CTTATCTATCCGACACTGTA,0,1809946
hdeAp2,0.25,3,3,CTTATCGTCGTCCCCTCAAA,0,1819906
hdeAp2,0.25,3,3,CTTAGTAATGCATCGACCGC,0,1772434
hdeAp2,0.25,3,3,CTTAGGATGGTGTAGCCCCT,0,1826592
hdeAp2,0.25,3,3,CTTACGCCCCATACGTCGTG,0,1808773
hdeAp2,0.25,3,3,CTTACCTCCATTCACTGAAT,0,1822413
hdeAp2,0.25,3,3,CTGTTCTTGTCCCTTTAAAA,0,1826825
hdeAp2,0.25,3,3,CTGTTCTTGTAAACAGCGTA,0,1823355
hdeAp2,0.25,3,3,CTGTTAGAGGGCCTCTTCGA,0,1807978
hdeAp2,0.25,3,3,CTGTGTCACCAAAGGGCGTA,0,1793599
hdeAp2,0.25,3,3,CTGTGCTTTTTCCCACATAA,0,1791236
hdeAp2,0.25,3,3,CTGTCGCGGTAATCGAGCTC,0,1809231
hdeAp2,0.25,3,3,CTGTCCAAATCATACGCTTG,0,1805227
hdeAp2,0.25,3,3,CTGTATCCTTATTATCCCAT,0,1811203
hdeAp2,0.25,3,3,CTGTACGCCCATTGAGTTGA,0,1816947
hdeAp2,0.25,3,3,CTGTAACGTTCGAGGAGTCG,0,1815917
hdeAp2,0.25,3,3,CTGTAACGGCCCGACGACAG,0,1801302
hdeAp2,0.25,3,3,CTGGTTGAAAGTGGGCGCGA,0,1780330
hdeAp2,0.25,3,3,CTGGTCGTTGAGGATTGCTG,0,1803393
hdeAp2,0.25,3,3,CTGGTAGAGGTTATAAATGA,0,1798475
hdeAp2,0.25,3,3,CTGGGGACACCTAAGCACTG,0,1819120
hdeAp2,0.25,3,3,CTGGATCCGCCCCTTGGGTG,0,1793815
hdeAp2,0.25,3,3,CTGGATATAAGGTGATTTAG,0,1780887
hdeAp2,0.25,3,3,CTGGAGCGGGATTCTCTATC,0,1800359
hdeAp2,0.25,3,3,CTGCTGTAGCAGCCGATTGC,0,1823913
hdeAp2,0.25,3,3,CTGCTCGAGGGATAATCCTT,0,1803255
hdeAp2,0.25,3,3,CTGCTCAATGGTCAGGTCGG,0,1800823
hdeAp2,0.25,3,3,CTGCGACTCGCGCACGTTGG,0,1775659
hdeAp2,0.25,3,3,CTGCCGTATATTCTGGAGAG,0,1819129
hdeAp2,0.25,3,3,CTGATTGCATAACCACCTGC,0,1779540
hdeAp2,0.25,3,3,CTGAGGAGCAAAGTAACTGG,0,1771979
hdeAp2,0.25,3,3,CTGACGTATCTACAAGGGGG,0,1806636
hdeAp2,0.25,3,3,CTGAAGAAGAGTTCAGTTTA,0,1801744
hdeAp2,0.25,3,3,CTGAACGTGCGACTGGAACA,0,1814137
hdeAp2,0.25,3,3,CTGAACACGCTCAGGGTTAG,0,1824602
hdeAp2,0.25,3,3,CTGAAAGGTTCGGCCTGGTA,0,1775713
hdeAp2,0.25,3,3,CTCTTTTAGGGTTATCAGCG,0,1775781
hdeAp2,0.25,3,3,CTCTTACCGTTAACTGAAAT,0,1788579
hdeAp2,0.25,3,3,CTCTGTTGACTCATGACGTT,0,1790873
hdeAp2,0.25,3,3,CTCTGGACCTCGGTAATGGA,0,1799961
hdeAp2,0.25,3,3,CTCTGCATTATCCAAGCATG,0,1810693
hdeAp2,0.25,3,3,CTCTCGGCTCGGTCATAAAT,0,1792726
hdeAp2,0.25,3,3,CTCTATGGCCTCTCAAGAGA,0,1774740
hdeAp2,0.25,3,3,CTCTAGGTACTAGGTTTAAA,0,1799299
hdeAp2,0.25,3,3,CTCGGGGTGGCATGACATCT,0,1798416
hdeAp2,0.25,3,3,CTCGGGGGATCGAAGCGCTT,0,1825543
hdeAp2,0.25,3,3,CTCGCTATTCTGATTTAGTT,0,1821719
hdeAp2,0.25,3,3,CTCGCACCTTTTACATCTTG,0,1776770
hdeAp2,0.25,3,3,CTCGAAAATGTGTATGGGTT,0,1818791
hdeAp2,0.25,3,3,CTCCTTCGTTTACATGGTTA,0,1779444
hdeAp2,0.25,3,3,CTCCGCAGGTCGTCATATTC,0,1791853
hdeAp2,0.25,3,3,CTCCCCTCTCGTCTTTGGCC,0,1807879
hdeAp2,0.25,3,3,CTCCCCGTAGTAAGACCGAC,0,1771799
hdeAp2,0.25,3,3,CTCCCATAGGTCGCTTGTAC,0,1792190
hdeAp2,0.25,3,3,CTCAATCGGTCTTGCGGCCT,0,1804455
hdeAp2,0.25,3,3,CTCAACGTTGCTTCCGGGGG,0,1809935
hdeAp2,0.25,3,3,CTATTTAATGGATTACGCCT,0,1827274
hdeAp2,0.25,3,3,CTATTGAGTACCCGCTGCCA,0,1823847
hdeAp2,0.25,3,3,CTATAGTCCTGCAAGATGGT,0,1806986
hdeAp2,0.25,3,3,CTAGGACCCCTGGAAGTACT,0,1827706
hdeAp2,0.25,3,3,CTAGCGTGGACGTCCTTACC,0,1774169
hdeAp2,0.25,3,3,CTAGCCCGGATGTCAGCCAA,0,1778476
hdeAp2,0.25,3,3,CTAGATAATTTTCTTTCGTC,0,1821155
hdeAp2,0.25,3,3,CTAGAGATAGCTTCCTGTCA,0,1776565
hdeAp2,0.25,3,3,CTAGACGTGTTTGGTCCTGC,0,1811142
hdeAp2,0.25,3,3,CTACTTGTGTCGGGTTGTGT,0,1793459
hdeAp2,0.25,3,3,CTACTCCTGAAGGTTAAAAT,0,1826954
hdeAp2,0.25,3,3,CTACTCACAACTGCATTAAA,0,1814174
hdeAp2,0.25,3,3,CTACGTATTGCTGGGATGGG,0,1814341
hdeAp2,0.25,3,3,CTACGTAGTCACCGTAGTCC,0,1817315
hdeAp2,0.25,3,3,CTACCACGTCGAGGTCGACG,0,1806002
hdeAp2,0.25,3,3,CTACAACAACCGAATTTTAC,0,1813908
hdeAp2,0.25,3,3,CTAATTAGTTTTTTTCCCGG,0,1811894
hdeAp2,0.25,3,3,CTAATCTGCAGTTTTGAAAC,0,1791209
hdeAp2,0.25,3,3,CTAATCCATGTTCATCCCCA,0,1771393
hdeAp2,0.25,3,3,CTAAGTGACACATGATGGCG,0,1811117
hdeAp2,0.25,3,3,CTAAGCCACAATAGGGTCTC,0,1791576
hdeAp2,0.25,3,3,CTAAACTGAAGTAAGGTGGT,0,1815150
hdeAp2,0.25,3,3,CGTTTGTGCGGATAGTACGA,0,1795593
hdeAp2,0.25,3,3,CGTTTGGGGGAACCCCGGAG,0,1800070
hdeAp2,0.25,3,3,CGTTGTTTAATCATTTGTCG,0,1797595
hdeAp2,0.25,3,3,CGTTGGAGGTTAGATCCGTT,0,1791625
hdeAp2,0.25,3,3,CGTTGACTTAGTAGTAGGGT,0,1813631
hdeAp2,0.25,3,3,CGTTCCTTGTATTCGTCGAA,0,1816879
hdeAp2,0.25,3,3,CGTTCAGCATTCCGAACCGC,0,1818720
hdeAp2,0.25,3,3,CGTTCAAAAACCATCGTGGG,0,1807795
hdeAp2,0.25,3,3,CGTTATCTTGCTCGGCCCCA,0,1786844
hdeAp2,0.25,3,3,CGTTAGCCATTTCTGCCGGA,0,1778370
hdeAp2,0.25,3,3,CGTTACACGGCTCGAATGTA,0,1806500
hdeAp2,0.25,3,3,CGTGTACTTGCCTCTGACAT,0,1801810
hdeAp2,0.25,3,3,CGTGGTCTTTTTTGGCTTTT,0,1784367
hdeAp2,0.25,3,3,CGTGAGGGGCGCAAGGACAT,0,1779599
hdeAp2,0.25,3,3,CGTGACTACAACCTGATCCT,0,1797060
hdeAp2,0.25,3,3,CGTCTCTTGCCATGTCCGCA,0,1793005
hdeAp2,0.25,3,3,CGTCTCCAAGGTCATCGCGA,0,1798011
hdeAp2,0.25,3,3,CGTCGTCCTCAAGGGTCCCT,0,1773890
hdeAp2,0.25,3,3,CGTCCAGCTCACATAGAACT,0,1779854
hdeAp2,0.25,3,3,CGTATGAAGCTACAGCACGT,0,1808067
hdeAp2,0.25,3,3,CGTATACGTTGGCGCTGGCG,0,1772486
hdeAp2,0.25,3,3,CGTAGTTGTGAGCGGCGCTC,0,1816568
hdeAp2,0.25,3,3,CGTAATTAATCAAGCGAAAC,0,1790730
hdeAp2,0.25,3,3,CGGTTGGGGAACTACCCGAA,0,1805238
hdeAp2,0.25,3,3,CGGTTAATCCAAATGGAAAC,0,1795395
hdeAp2,0.25,3,3,CGGTGTTCCAGACGGTTAAT,0,1815757
hdeAp2,0.25,3,3,CGGTGACACCGAGCGGATCG,0,1794111
hdeAp2,0.25,3,3,CGGTCCAATGCAAATTACCA,0,1808266
hdeAp2,0.25,3,3,CGGGTGGGAGCATGGTTCAA,0,1783097
hdeAp2,0.25,3,3,CGGGTATCTAAGACGGCATC,0,1812087
hdeAp2,0.25,3,3,CGGGCAGATAGCCGCTAAAA,0,1772462
hdeAp2,0.25,3,3,CGGGAGTGCGGGTTCACATT,0,1798681
hdeAp2,0.25,3,3,CGGGAGGCAGTTAAATTCGT,0,1803926
hdeAp2,0.25,3,3,CGGCGTGGTCAAGATAAGGG,0,1815579
hdeAp2,0.25,3,3,CGGCGCACGCGTCTCTGTCT,0,1783875
hdeAp2,0.25,3,3,CGGCCTCATCCTGCCAGGCA,0,1812934
hdeAp2,0.25,3,3,CGGCCACAAACGTGCCGTTA,0,1813912
hdeAp2,0.25,3,3,CGGCATGAGCTTTTGTCTAC,0,1815559
hdeAp2,0.25,3,3,CGGCACCCCGACCTCAGCTT,0,1778258
hdeAp2,0.25,3,3,CGGCAAGATTGCGGGACGAA,0,1799373
hdeAp2,0.25,3,3,CGGATGCAGTACAAGCCCAT,0,1805475
hdeAp2,0.25,3,3,CGGATGCAAGCGTTGAAGAC,0,1785664
hdeAp2,0.25,3,3,CGGAGGCCCTTTGATGAAGA,0,1803579
hdeAp2,0.25,3,3,CGGAATCGTAATACCTTGCT,0,1825766
hdeAp2,0.25,3,3,CGCTTCAGCGGAAAATTCTT,0,1824709
hdeAp2,0.25,3,3,CGCTATATTGATTAGAAAAG,0,1808368
hdeAp2,0.25,3,3,CGCTAACCACGGTAGGATTA,0,1802987
hdeAp2,0.25,3,3,CGCGGGAGGTTTGAATTCCC,0,1817783
hdeAp2,0.25,3,3,CGCGCTTACGAAACGGGACC,0,1788284
hdeAp2,0.25,3,3,CGCGCTGGGCAGGTAGTGTC,0,1773458
hdeAp2,0.25,3,3,CGCGAGTTCCATACGGTCGC,0,1817563
hdeAp2,0.25,3,3,CGCCTTCGGTGAGTGCGGCA,0,1798623
hdeAp2,0.25,3,3,CGCCTGGCCAAGGTTCGTCT,0,1827023
hdeAp2,0.25,3,3,CGCCGTCAGGATCGGACGCT,0,1779230
hdeAp2,0.25,3,3,CGCCGCCCGCTCATAGTTGG,0,1794821
hdeAp2,0.25,3,3,CGCCGCACATATCCCCGGCC,0,1778528
hdeAp2,0.25,3,3,CGCCCTACAATTCGTCACAT,0,1789188
hdeAp2,0.25,3,3,CGCCCCCTCTGCTCTTCATT,0,1787112
hdeAp2,0.25,3,3,CGCCATCGATGCAGGCACAT,0,1803151
hdeAp2,0.25,3,3,CGCCACAATGGCGCCTCCCG,0,1815346
hdeAp2,0.25,3,3,CGCAGTGACTTTGGAGCAAT,0,1802612
hdeAp2,0.25,3,3,CGCACAACCAAAACCTACCA,0,1821930
hdeAp2,0.25,3,3,CGCAAGGATCGCCCTAAGCG,0,1815124
hdeAp2,0.25,3,3,CGCAACCCGCAAGCCCAAGA,0,1817253
hdeAp2,0.25,3,3,CGCAAAGTCCTTCCGTAAAC,0,1801080
hdeAp2,0.25,3,3,CGCAAAGCTCTGCCAAATCG,0,1787412
hdeAp2,0.25,3,3,CGCAAACCACGGCGAGCGCG,0,1822869
hdeAp2,0.25,3,3,CGATTGTGAATATAGTGGCA,0,1800714
hdeAp2,0.25,3,3,CGATTCTTTGACGTCTCTAA,0,1810504
hdeAp2,0.25,3,3,CGATGGAACGCAGGAATACG,0,1787050
hdeAp2,0.25,3,3,CGATGATAGCTATCAGCAGG,0,1823324
hdeAp2,0.25,3,3,CGATCGTAAAGCCGCATGGG,0,1819490
hdeAp2,0.25,3,3,CGATATGTAACAGCTACCTC,0,1777687
hdeAp2,0.25,3,3,CGATATGCTCAGGCTCGGCG,0,1776119
hdeAp2,0.25,3,3,CGATACATTGAGGATAATTA,0,1817654
hdeAp2,0.25,3,3,CGATACACTAGCATATGCAT,0,1827294
hdeAp2,0.25,3,3,CGATAATGATCCTCCCGGGT,0,1797419
hdeAp2,0.25,3,3,CGAGTATGAGGCTGGCCACA,0,1792794
hdeAp2,0.25,3,3,CGAGGTCCTTATTCAATCAG,0,1817739
hdeAp2,0.25,3,3,CGAGCCCGGGATCCTGAAGC,0,1794662
hdeAp2,0.25,3,3,CGAGAACACGGACTGTTTCA,0,1791631
hdeAp2,0.25,3,3,CGACTCTAGACGCTAAGCGG,0,1805620
hdeAp2,0.25,3,3,CGACGGATTACTCTGCGTAA,0,1823288
hdeAp2,0.25,3,3,CGACGCAAGGTTGTTATTAG,0,1808814
hdeAp2,0.25,3,3,CGACCGGGGATTCTACGGTA,0,1816578
hdeAp2,0.25,3,3,CGACCGCCCCCAGGCATTGC,0,1804636
hdeAp2,0.25,3,3,CGACCGCAGGTATGTTAAAC,0,1774866
hdeAp2,0.25,3,3,CGACATCGCTCCGTAAGTCC,0,1793689
hdeAp2,0.25,3,3,CGAAGGGTGTATTTTTCCAT,0,1818633
hdeAp2,0.25,3,3,CGAACTATTGTAACGGTTTA,0,1823912
hdeAp2,0.25,3,3,CGAAAGCATGCGTAGACAGG,0,1827079
hdeAp2,0.25,3,3,CCTTCTATCAATTTCGGGGG,0,1777100
hdeAp2,0.25,3,3,CCTTCGATGCCATTTGTATC,0,1790828
hdeAp2,0.25,3,3,CCTTCCCGCCGTTGAATGAG,0,1815590
hdeAp2,0.25,3,3,CCTTATGGGGTATGTTGGCA,0,1774192
hdeAp2,0.25,3,3,CCTGTTGTGCTAGATGTACA,0,1774087
hdeAp2,0.25,3,3,CCTGTTACATTCAAGGTTTA,0,1791669
hdeAp2,0.25,3,3,CCTGTGAATAGATTTCGTGC,0,1793844
hdeAp2,0.25,3,3,CCTGTAGTCTTAGGCCTATC,0,1809612
hdeAp2,0.25,3,3,CCTGGTTAGACGGCCGCTCT,0,1784651
hdeAp2,0.25,3,3,CCTGGCTCCACTGGCCTCCT,0,1787928
hdeAp2,0.25,3,3,CCTGGCGCATAATGTTTGAG,0,1800428
hdeAp2,0.25,3,3,CCTGGATGGATGCTTCCCTT,0,1790822
hdeAp2,0.25,3,3,CCTGGAAAGTTTTGACCAAC,0,1810227
hdeAp2,0.25,3,3,CCTGCGGAGGGTCTGATCGG,0,1793923
hdeAp2,0.25,3,3,CCTGATCTCTCAAGGGGAAA,0,1791938
hdeAp2,0.25,3,3,CCTCTTTTTCAAAGCTAAGT,0,1797177
hdeAp2,0.25,3,3,CCTCTTCACCGTTTTTCGCC,0,1778900
hdeAp2,0.25,3,3,CCTCTATCTTTCGCATAGTA,0,1813005
hdeAp2,0.25,3,3,CCTCGACAGATCCTTGAACT,0,1783410
hdeAp2,0.25,3,3,CCTCCCATACAAAGTAGCGG,0,1773954
hdeAp2,0.25,3,3,CCTAGCAGTGCTCCGAAGGG,0,1828442
hdeAp2,0.25,3,3,CCTAGATACTAATGTGCTAA,0,1797865
hdeAp2,0.25,3,3,CCTACAGAAGTGGGGTTGGG,0,1803157
hdeAp2,0.25,3,3,CCTAACTCGGTAGCGCTTTG,0,1800011
hdeAp2,0.25,3,3,CCGTTTCGCCTAAATCTCTG,0,1812038
hdeAp2,0.25,3,3,CCGTTTATACGTGGCATCTA,0,1807157
hdeAp2,0.25,3,3,CCGTGCTTTGCTGTGTGGAT,0,1782739
hdeAp2,0.25,3,3,CCGTGCGAATTTTACTGCGA,0,1815040
hdeAp2,0.25,3,3,CCGTCGTATAAGTAGCACAA,0,1786079
hdeAp2,0.25,3,3,CCGTATAAGAAGAGGCCGTG,0,1802267
hdeAp2,0.25,3,3,CCGTACAGAGAACCATAGAT,0,1771065
hdeAp2,0.25,3,3,CCGGTTCAGTCATAAGCTTC,0,1815369
hdeAp2,0.25,3,3,CCGGTTATCGTTTTGCCTAT,0,1823188
hdeAp2,0.25,3,3,CCGGTCTAAAGGGGTTCTCT,0,1810966
hdeAp2,0.25,3,3,CCGGTACTTCAAGATTATTG,0,1771549
hdeAp2,0.25,3,3,CCGGCTACCGGACCCTTGTC,0,1812985
hdeAp2,0.25,3,3,CCGGCGGGATTTCGATAGAC,0,1777206
hdeAp2,0.25,3,3,CCGGCACATTTGCTACGCGT,0,1804360
hdeAp2,0.25,3,3,CCGCTGCGAACTCTTCGGGA,0,1781354
hdeAp2,0.25,3,3,CCGCTATGCTGTTCTATGGG,0,1787702
hdeAp2,0.25,3,3,CCGCCTCACGCGTCATGTGT,0,1790130
hdeAp2,0.25,3,3,CCGCCCAAAGCTTTAGGGAG,0,1802742
hdeAp2,0.25,3,3,CCGCCAAAACAAATCTGGGT,0,1799076
hdeAp2,0.25,3,3,CCGCAGACGGGTGTGGGATA,0,1804019
hdeAp2,0.25,3,3,CCGCAACCCCTCGTCTCCGT,0,1797214
hdeAp2,0.25,3,3,CCGCAAAGGGGTCAGACTGA,0,1803328
hdeAp2,0.25,3,3,CCGATGACGGGAGTTGCCAT,0,1803960
hdeAp2,0.25,3,3,CCGATACAAGTTGTAAGCGA,0,1784797
hdeAp2,0.25,3,3,CCGAGTCGCCGGTTCTTACC,0,1814705
hdeAp2,0.25,3,3,CCGAGCTACATAAAGTTCAT,0,1808153
hdeAp2,0.25,3,3,CCGAGAGGCCGAAGTACCCC,0,1809223
hdeAp2,0.25,3,3,CCCTTTAACGCTACAGCCGC,0,1821968
hdeAp2,0.25,3,3,CCCTTGCGGATTCGCTCATG,0,1811068
hdeAp2,0.25,3,3,CCCTCCCTCTGCAACCCGCA,0,1814839
hdeAp2,0.25,3,3,CCCTAAGCACAGTGGTGCAG,0,1771293
hdeAp2,0.25,3,3,CCCGTCGTGTTCCAGCCCCC,0,1802510
hdeAp2,0.25,3,3,CCCGGTCTACACGTTCAACG,0,1819530
hdeAp2,0.25,3,3,CCCGGCTAGCCGCTTATCTG,0,1793220
hdeAp2,0.25,3,3,CCCGGATGAGATGGACTAAA,0,1791301
hdeAp2,0.25,3,3,CCCGCCTCACGTTCAGGTGC,0,1821513
hdeAp2,0.25,3,3,CCCGCCATCGACTCTATTGA,0,1782323
hdeAp2,0.25,3,3,CCCGATCAGAACAACAGAGG,0,1788549
hdeAp2,0.25,3,3,CCCGAGCAAGAGTCAGAGCT,0,1795889
hdeAp2,0.25,3,3,CCCCGCCCCGATGCGTACGA,0,1775923
hdeAp2,0.25,3,3,CCCCGATGCCGCAGGTAGAT,0,1772848
hdeAp2,0.25,3,3,CCCCCTCCCTGCGACGTAAA,0,1808683
hdeAp2,0.25,3,3,CCCCCGCGGCCTCATCACTG,0,1807272
hdeAp2,0.25,3,3,CCCCAGAGGGACGTTTGCGT,0,1819922
hdeAp2,0.25,3,3,CCCAGCGATGGATGTGTCTG,0,1818390
hdeAp2,0.25,3,3,CCCAGACGCGGGAAAGCTTC,0,1825739
hdeAp2,0.25,3,3,CCCACTTGCGGGACATGGAC,0,1825869
hdeAp2,0.25,3,3,CCCAATAACCAAGCGTCCCC,0,1777865
hdeAp2,0.25,3,3,CCCAAGGGGACAGTGCGAGG,0,1797417
hdeAp2,0.25,3,3,CCCAACCGGCCCACATGGAG,0,1779780
hdeAp2,0.25,3,3,CCATTGGGGAATAAAACTCG,0,1776545
hdeAp2,0.25,3,3,CCATTAGTCTTCCAGAACAA,0,1823692
hdeAp2,0.25,3,3,CCATGGCTGGCGATGTTTAG,0,1797824
hdeAp2,0.25,3,3,CCATGCGGGTTCTTTCGAGA,0,1820841
hdeAp2,0.25,3,3,CCATCCGAAGTCGAATGTAC,0,1778473
hdeAp2,0.25,3,3,CCATCAAGACAGAGGGATGA,0,1815531
hdeAp2,0.25,3,3,CCATAGTATGCCCGGGCGGG,0,1818251
hdeAp2,0.25,3,3,CCATACGGGATCACTGGGTA,0,1805690
hdeAp2,0.25,3,3,CCATAATCGGGAAGTAATGT,0,1823918
hdeAp2,0.25,3,3,CCAGGTCATCGGCTGCAAGT,0,1781542
hdeAp2,0.25,3,3,CCAGGACCATATAACCCTGC,0,1784143
hdeAp2,0.25,3,3,CCAGCTTCGTGAAGGCATCA,0,1787759
hdeAp2,0.25,3,3,CCAGCGCCCCAGCACTTTGA,0,1784142
hdeAp2,0.25,3,3,CCAGCCTGTCAGCCTAAAGC,0,1775116
hdeAp2,0.25,3,3,CCACTTTCCTGCAATGGATT,0,1810014
hdeAp2,0.25,3,3,CCACTGCGGGGGCAGTCGTA,0,1818674
hdeAp2,0.25,3,3,CCACTCCTAGCGGCCGACAC,0,1799328
hdeAp2,0.25,3,3,CCACTCCGGTTCAGAGCTCT,0,1827685
hdeAp2,0.25,3,3,CCACGTTTACGGGACTACAC,0,1773947
hdeAp2,0.25,3,3,CCACGTCGGCATATTTTCGG,0,1825695
hdeAp2,0.25,3,3,CCACGGGGCCTCTGTTGGTA,0,1820990
hdeAp2,0.25,3,3,CCACCTTCTGCTATCAGGCC,0,1820464
hdeAp2,0.25,3,3,CCACCAAGCGATCGTCGCCA,0,1788601
hdeAp2,0.25,3,3,CCACAGTGTCGAGCGATATA,0,1792502
hdeAp2,0.25,3,3,CCACAGGCCCTATGCTCTCA,0,1790029
hdeAp2,0.25,3,3,CCAATCAAGCGAACATGTTC,0,1792384
hdeAp2,0.25,3,3,CCAAGGGGTAGCAGGTCCCG,0,1820688
hdeAp2,0.25,3,3,CCAAGAGACCAGGATTCGTA,0,1779659
hdeAp2,0.25,3,3,CCAACGTATAATTCAAATTG,0,1821802
hdeAp2,0.25,3,3,CCAAAGTATCATATTCTCTT,0,1806213
hdeAp2,0.25,3,3,CATTGTGCGGGACGCCTAAC,0,1816019
hdeAp2,0.25,3,3,CATTCGGTCTAGGGCGGAGG,0,1804354
hdeAp2,0.25,3,3,CATTAACCTCCAAGTTTATA,0,1804975
hdeAp2,0.25,3,3,CATGTGTATTAGAACCATAG,0,1825005
hdeAp2,0.25,3,3,CATGCTTGGTCGTTAAGTGT,0,1785909
hdeAp2,0.25,3,3,CATGCGTCAAGGCATGTACA,0,1805265
hdeAp2,0.25,3,3,CATGACTAACCCGAAACCAA,0,1801505
hdeAp2,0.25,3,3,CATGACATTTAAGATGCCGT,0,1806548
hdeAp2,0.25,3,3,CATGACACCTCGGATATAAG,0,1813064
hdeAp2,0.25,3,3,CATCTTCCAGGAGATCCAAG,0,1785721
hdeAp2,0.25,3,3,CATCTCCTCCTAGCACTTGG,0,1780677
hdeAp2,0.25,3,3,CATCGCCACTGCCTCATGCT,0,1810662
hdeAp2,0.25,3,3,CATCGAGGCACCACATATCG,0,1810396
hdeAp2,0.25,3,3,CATCCACGTAGCTTGAACCC,0,1815871
hdeAp2,0.25,3,3,CATCATCTCGGCCCGGACAC,0,1808151
hdeAp2,0.25,3,3,CATCAGGAGGTTGGATCTTA,0,1803413
hdeAp2,0.25,3,3,CATCAGACAGCAAAGTGAGA,0,1777789
hdeAp2,0.25,3,3,CATCACAATCCCAAGGGACT,0,1774120
hdeAp2,0.25,3,3,CATATAATAAAGCTAAGGTC,0,1800212
hdeAp2,0.25,3,3,CATAGCCGTTTACTGTCAAT,0,1825822
hdeAp2,0.25,3,3,CATAGACGAAAAGTTAACAT,0,1822717
hdeAp2,0.25,3,3,CATACTTGAGTCACTTAGCG,0,1806876
hdeAp2,0.25,3,3,CATACTAGCTTCGCGCAAAC,0,1800772
hdeAp2,0.25,3,3,CATACCGTTCGCGCTGTGTA,0,1781757
hdeAp2,0.25,3,3,CATAATGTTACAATCTATGT,0,1800227
hdeAp2,0.25,3,3,CAGTTTTGGCCAAGACATAT,0,1813141
hdeAp2,0.25,3,3,CAGTGGGGAACCAGAGGAGA,0,1787878
hdeAp2,0.25,3,3,CAGTCATCCAATGCTGATCG,0,1790023
hdeAp2,0.25,3,3,CAGTACGTGGTAGGTTATTT,0,1786194
hdeAp2,0.25,3,3,CAGTAAGCCTTCAAGACTCA,0,1802950
hdeAp2,0.25,3,3,CAGTAAATTCACCCTTATCG,0,1798896
hdeAp2,0.25,3,3,CAGGTTAGAGTATCCTGTGC,0,1826595
hdeAp2,0.25,3,3,CAGGTAACCGCTAGGTGTAG,0,1798318
hdeAp2,0.25,3,3,CAGGGGGTGCGGCTACGGCT,0,1821046
hdeAp2,0.25,3,3,CAGGGCTTACCCTTTATTGC,0,1795431
hdeAp2,0.25,3,3,CAGGGCACTCAGTACAGAGA,0,1823480
hdeAp2,0.25,3,3,CAGGCGGCTGATGCACCCTC,0,1824348
hdeAp2,0.25,3,3,CAGGCGCGTGAACAACAACC,0,1827327
hdeAp2,0.25,3,3,CAGGAGTTATACGAGCGACT,0,1788689
hdeAp2,0.25,3,3,CAGGACCTTATTGGAACGTG,0,1787254
hdeAp2,0.25,3,3,CAGGACCGGGACTTCGTTTT,0,1805716
hdeAp2,0.25,3,3,CAGGAAGATTAGGATTGTGG,0,1803455
hdeAp2,0.25,3,3,CAGCGTAGTGCGGGACACCA,0,1783519
hdeAp2,0.25,3,3,CAGCCTGACTCCCGCTCGGG,0,1815067
hdeAp2,0.25,3,3,CAGCCCCTCGTTTAGAGAAG,0,1771829
hdeAp2,0.25,3,3,CAGCAGCTAATGATTTAGTG,0,1827435
hdeAp2,0.25,3,3,CAGATTTTAAAAGGGCTCGT,0,1785799
hdeAp2,0.25,3,3,CAGATTGGAACGGAGCGCAG,0,1776962
hdeAp2,0.25,3,3,CAGATCGGGTTCGGAAGCTA,0,1797170
hdeAp2,0.25,3,3,CAGATACTGCGAGCTATTAC,0,1799776
hdeAp2,0.25,3,3,CAGACGCTTTTCCCAAATGC,0,1779136
hdeAp2,0.25,3,3,CAGACCTTGAGGTATCTTGT,0,1785855
hdeAp2,0.25,3,3,CAGACCGGGACACAGCCTGG,0,1822162
hdeAp2,0.25,3,3,CAGAATAGGAGCGCCAAGAA,0,1791130
hdeAp2,0.25,3,3,CAGAAGTTAGTGCCGCAATA,0,1818781
hdeAp2,0.25,3,3,CAGAAGATCCTCGAGTTCCA,0,1817722
hdeAp2,0.25,3,3,CAGAACTGGTACAATCAGGA,0,1828729
hdeAp2,0.25,3,3,CAGAACTACCATTGTAAGGG,0,1779492
hdeAp2,0.25,3,3,CACTTTCTCGGATCAAGTTT,0,1805482
hdeAp2,0.25,3,3,CACTTGACCGGGCTGGATAC,0,1817073
hdeAp2,0.25,3,3,CACTGGTAGCCCGAACCCGT,0,1824995
hdeAp2,0.25,3,3,CACTGAGAGTCTACGACTAC,0,1801123
hdeAp2,0.25,3,3,CACTCGCTCAGCCGACCATG,0,1777873
hdeAp2,0.25,3,3,CACTCAAGTCATCATTTTCA,0,1795426
hdeAp2,0.25,3,3,CACTAGATCTAGAAACATCT,0,1808949
hdeAp2,0.25,3,3,CACGTGTCCAATATTCCTTT,0,1811702
hdeAp2,0.25,3,3,CACGGACGGTCCGAACAGTC,0,1796085
hdeAp2,0.25,3,3,CACGCCTCCGGTGCGCGAAC,0,1819339
hdeAp2,0.25,3,3,CACCTTAGGAGAGCTGCCTC,0,1802062
hdeAp2,0.25,3,3,CACCGTCCGAGCCTTCGTAA,0,1806470
hdeAp2,0.25,3,3,CACCGGGAGGTAGTCTGACA,0,1814413
hdeAp2,0.25,3,3,CACCCTTCGGCGACAGATCG,0,1817792
hdeAp2,0.25,3,3,CACCCCGGTAGCTTTTTGAG,0,1817120
hdeAp2,0.25,3,3,CACCATTCAGGTGTTCTAGA,0,1806413
hdeAp2,0.25,3,3,CACAGGAATAGGTCAAGAGG,0,1812949
hdeAp2,0.25,3,3,CAATTCTGGGTACTCATGGT,0,1797283
hdeAp2,0.25,3,3,CAATCGAAGCTGAGTGTTAT,0,1823006
hdeAp2,0.25,3,3,CAATCCTAAAAAGCTCAAGC,0,1777158
hdeAp2,0.25,3,3,CAATCACCTCCAGACAGGTC,0,1791689
hdeAp2,0.25,3,3,CAAGGGTTATTCTTAACGGT,0,1799922
hdeAp2,0.25,3,3,CAAGGATTATACCTCGCTCG,0,1815914
hdeAp2,0.25,3,3,CAAGCGGTCACTGGGAAATC,0,1808220
hdeAp2,0.25,3,3,CAACGCTCACGGTCAGGGTT,0,1826555
hdeAp2,0.25,3,3,CAACGAGGGTTAGCATGGTG,0,1801016
hdeAp2,0.25,3,3,CAACCCTGGGTGGGCTGATG,0,1776683
hdeAp2,0.25,3,3,CAACCCGGAACATCTCAAAC,0,1797050
hdeAp2,0.25,3,3,CAACAGTCGGAGCTTAATCC,0,1797349
hdeAp2,0.25,3,3,CAACAAGACAGAGTTAGCTG,0,1776361
hdeAp2,0.25,3,3,CAAACGTCGCACGTAGACAA,0,1779167
hdeAp2,0.25,3,3,CAAACGAAGACGATACATCA,0,1777508
hdeAp2,0.25,3,3,CAAAATTGAGGCGAGATCCT,0,1826151
hdeAp2,0.25,3,3,CAAAATGATAGTGACTAGAC,0,1813740
hdeAp2,0.25,3,3,CAAAAGGGTCCACGTTACAG,0,1814700
hdeAp2,0.25,3,3,CAAAAGGAGTCAGCGGACGC,0,1797034
hdeAp2,0.25,3,3,CAAAAGCTCGGCCTAGCCGC,0,1792509
hdeAp2,0.25,3,3,CAAAAAACGCGCGGAAAAGT,0,1824573
hdeAp2,0.25,3,3,ATTTGGCTTCAGGTGTATTA,0,1825391
hdeAp2,0.25,3,3,ATTTGGCTACGCCAACACGC,0,1773839
hdeAp2,0.25,3,3,ATTTGAGGTCCCACGGACCC,0,1782188
hdeAp2,0.25,3,3,ATTTCGTGAGGTCGGCAACT,0,1827020
hdeAp2,0.25,3,3,ATTTCGTCGAACTCGTGATC,0,1771524
hdeAp2,0.25,3,3,ATTTCATCAGTATTTCCGTG,0,1775695
hdeAp2,0.25,3,3,ATTTCAGTATCCAAAAGCGC,0,1794929
hdeAp2,0.25,3,3,ATTTAATGGGTCCATCCTAC,0,1815276
hdeAp2,0.25,3,3,ATTGTCGATTGTTAAAGTAA,0,1817400
hdeAp2,0.25,3,3,ATTGTCATGAATATTTAGTT,0,1815248
hdeAp2,0.25,3,3,ATTGTACGAAAACTTCATAC,0,1801320
hdeAp2,0.25,3,3,ATTGGGCGCACATACATAGC,0,1825031
hdeAp2,0.25,3,3,ATTGGGATCCGACTAGAGAC,0,1784647
hdeAp2,0.25,3,3,ATTGCTGGTAGTATCAGGTA,0,1796135
hdeAp2,0.25,3,3,ATTGCGGCCTCCTTAAAGGA,0,1777976
hdeAp2,0.25,3,3,ATTGATTGGTAAAATGGTTA,0,1778001
hdeAp2,0.25,3,3,ATTCTGAAATCTGAGGAGAC,0,1771864
hdeAp2,0.25,3,3,ATTCGTACTCCTGGCACCTG,0,1789501
hdeAp2,0.25,3,3,ATTCGCGTCTGAGATAGCTT,0,1820827
hdeAp2,0.25,3,3,ATTCGAGGTCGAGTACCATA,0,1824659
hdeAp2,0.25,3,3,ATTCCGCTCGCCATTTAATT,0,1826101
hdeAp2,0.25,3,3,ATTCCGCTATATCCGATACG,0,1771249
hdeAp2,0.25,3,3,ATTCCCGTATGTAGCGCCGG,0,1815290
hdeAp2,0.25,3,3,ATTCCACGAATGCCCCGATA,0,1810297
hdeAp2,0.25,3,3,ATTCAGGAAGATTTCGCAAT,0,1781393
hdeAp2,0.25,3,3,ATTCAATTGGGGCCATCGTC,0,1774675
hdeAp2,0.25,3,3,ATTATTTGTAGCAGATACAG,0,1804506
hdeAp2,0.25,3,3,ATTAGTTCGGCGCTGGATTG,0,1785242
hdeAp2,0.25,3,3,ATTAATACATTTGGCTTGAT,0,1826973
hdeAp2,0.25,3,3,ATTAAATGGTATCAGTAAGT,0,1823073
hdeAp2,0.25,3,3,ATGTTTGTAGCGAGGCAATA,0,1827174
hdeAp2,0.25,3,3,ATGTTACCCTTCCCGAGTGA,0,1790179
hdeAp2,0.25,3,3,ATGTGACAGTGGCCGCGCTC,0,1803978
hdeAp2,0.25,3,3,ATGTCAACCAGGTTAGTATA,0,1804066
hdeAp2,0.25,3,3,ATGTATCGATCCAGGATGCT,0,1783378
hdeAp2,0.25,3,3,ATGTACTCAACTCCACGGCA,0,1773356
hdeAp2,0.25,3,3,ATGTACCCGCGCATCGATTG,0,1805132
hdeAp2,0.25,3,3,ATGGGTTTACTGATCTTTAG,0,1779807
hdeAp2,0.25,3,3,ATGGGCTTTCTCCTGACGCG,0,1814645
hdeAp2,0.25,3,3,ATGGGCTGGGAAGATTAGAC,0,1820741
hdeAp2,0.25,3,3,ATGGGCTGCCCCTAGTCGTA,0,1812750
hdeAp2,0.25,3,3,ATGGATACAGCCTGAGTATA,0,1775827
hdeAp2,0.25,3,3,ATGGACTCTATGAACAACGA,0,1804785
hdeAp2,0.25,3,3,ATGCTTGTTACAGAAGCGTA,0,1772828
hdeAp2,0.25,3,3,ATGCTCGGCTAGGTTGAATT,0,1789730
hdeAp2,0.25,3,3,ATGCTCCTAAAATACGTCAT,0,1787547
hdeAp2,0.25,3,3,ATGCGTAACACGGAGGTGAA,0,1793993
hdeAp2,0.25,3,3,ATGCGGCATGTCCTACTGTT,0,1827843
hdeAp2,0.25,3,3,ATGCCGGGTTATTCGCTGTT,0,1811112
hdeAp2,0.25,3,3,ATGCCAGCACGACGTCTCTT,0,1805248
hdeAp2,0.25,3,3,ATGCCACAAAGTGTTTTTAG,0,1809573
hdeAp2,0.25,3,3,ATGCATGTCAAGCCCTTCCC,0,1790192
hdeAp2,0.25,3,3,ATGCAGCCCACAAGTACCTT,0,1822657
hdeAp2,0.25,3,3,ATGATCCAAACAATGTTTGA,0,1808131
hdeAp2,0.25,3,3,ATGACCGGATCCCGCTTTAA,0,1778560
hdeAp2,0.25,3,3,ATGAAGATTATGATTCGGTT,0,1810207
hdeAp2,0.25,3,3,ATGAAAGCGGCCAATTCCTT,0,1813463
hdeAp2,0.25,3,3,ATCTTGGCATTATCGTAAGT,0,1795177
hdeAp2,0.25,3,3,ATCTTCTTCTAACGACATGA,0,1799141
hdeAp2,0.25,3,3,ATCTGCGCCACCGGGGGAGG,0,1823710
hdeAp2,0.25,3,3,ATCTGAAGACCGAGTGTGGG,0,1800261
hdeAp2,0.25,3,3,ATCTCATTAATAAACACTGT,0,1813323
hdeAp2,0.25,3,3,ATCGTTTACATCGCCGTGGC,0,1809652
hdeAp2,0.25,3,3,ATCGTATCAGACGAGGCGAA,0,1824241
hdeAp2,0.25,3,3,ATCGTAATCGCAAGAATAGC,0,1812095
hdeAp2,0.25,3,3,ATCGGCATCCCTGTAGCCTT,0,1799774
hdeAp2,0.25,3,3,ATCGGATATTCTCAAAGTTC,0,1795026
hdeAp2,0.25,3,3,ATCGATAAGAAACCTCCAGG,0,1811942
hdeAp2,0.25,3,3,ATCCTAAGAGATGCCTATTA,0,1809229
hdeAp2,0.25,3,3,ATCCGTGATCGCAGGGCCAC,0,1775067
hdeAp2,0.25,3,3,ATCCCCAGGGGTATGCTAGA,0,1801841
hdeAp2,0.25,3,3,ATCCACGCTTCCTAGAGCCC,0,1809723
hdeAp2,0.25,3,3,ATCAGTTAGTATCCTATTGA,0,1772375
hdeAp2,0.25,3,3,ATCAGTAGAGCTACTACGTG,0,1797845
hdeAp2,0.25,3,3,ATCAGATTCGAGTACTATAG,0,1788764
hdeAp2,0.25,3,3,ATCAGAGGAGGAAACTGGTC,0,1796203
hdeAp2,0.25,3,3,ATCAAGCGCTGTGATTTAAG,0,1783163
hdeAp2,0.25,3,3,ATCAACGTAATTGGGTCTGT,0,1807223
hdeAp2,0.25,3,3,ATATTTTCTATTTTCAGTTG,0,1775906
hdeAp2,0.25,3,3,ATATTGGGGTTACATCGGCA,0,1819240
hdeAp2,0.25,3,3,ATATTCGGGTGTACGCAGTC,0,1789653
hdeAp2,0.25,3,3,ATATGGTTTTACGGGTACTA,0,1804161
hdeAp2,0.25,3,3,ATATGCCATTTGCATTTTTC,0,1818539
hdeAp2,0.25,3,3,ATATCTCATACCGCTGTAGC,0,1804848
hdeAp2,0.25,3,3,ATATCCGAAACAAAAAAGCA,0,1821690
hdeAp2,0.25,3,3,ATATACGCCGGGTAAGTGTA,0,1789744
hdeAp2,0.25,3,3,ATATAAGAGTGATAATTCCG,0,1811830
hdeAp2,0.25,3,3,ATAGGATCCATTTATGAACT,0,1804463
hdeAp2,0.25,3,3,ATACGTCTTATTCCCCGGAA,0,1772494
hdeAp2,0.25,3,3,ATACCTGAATATCAGCTGGC,0,1804222
hdeAp2,0.25,3,3,ATACCACCATGGTTGGCTGA,0,1822379
hdeAp2,0.25,3,3,ATACATCATCGATCGTCAAT,0,1828737
hdeAp2,0.25,3,3,ATACAATTATTTGCCTATTT,0,1792969
hdeAp2,0.25,3,3,ATAATGCTTTCGGTCCCGCA,0,1824436
hdeAp2,0.25,3,3,ATAATACTAACACAGGCATA,0,1795789
hdeAp2,0.25,3,3,ATAAACGTCTGCCAAGCGGC,0,1814948
hdeAp2,0.25,3,3,ATAAAACCGAAACCCTGGGT,0,1812136
hdeAp2,0.25,3,3,AGTTTGGCTTTCTACATAGT,0,1817313
hdeAp2,0.25,3,3,AGTTGCTGACCTTGACGTCC,0,1803155
hdeAp2,0.25,3,3,AGTTGCGTGGTGTCTCGTTG,0,1821824
hdeAp2,0.25,3,3,AGTTCCGCGATGGATGGACT,0,1801914
hdeAp2,0.25,3,3,AGTTACCGAACATGGTAGAC,0,1815724
hdeAp2,0.25,3,3,AGTGTAGCTCGCTTTGGTTC,0,1808888
hdeAp2,0.25,3,3,AGTGCTCGTTCCGTCTGGCC,0,1780692
hdeAp2,0.25,3,3,AGTGCATGTAGACCCCTAGG,0,1782378
hdeAp2,0.25,3,3,AGTCGCAGTGCTATGTTCCA,0,1809058
hdeAp2,0.25,3,3,AGTATGCCAAGGGTGATAGT,0,1816585
hdeAp2,0.25,3,3,AGTAGCGCGTTTCTCACCAT,0,1796033
hdeAp2,0.25,3,3,AGTACCAATTGATGTGACTA,0,1818931
hdeAp2,0.25,3,3,AGTAACGTAAGTCAGGATTC,0,1775071
hdeAp2,0.25,3,3,AGTAAATTCGTCTCGTGTGC,0,1775331
hdeAp2,0.25,3,3,AGGTTTGTCAGAGAGTACTA,0,1787373
hdeAp2,0.25,3,3,AGGTTCAGCCCGAAAGATCA,0,1792467
hdeAp2,0.25,3,3,AGGTTAAGTGACACATTAAT,0,1788955
hdeAp2,0.25,3,3,AGGTGGAGGGAGTCGTTGAG,0,1807243
hdeAp2,0.25,3,3,AGGTGAAATGTTTGGGTATT,0,1787747
hdeAp2,0.25,3,3,AGGTATGGAAATAGCCATGT,0,1784190
hdeAp2,0.25,3,3,AGGTAGTTTAGAATAGATGC,0,1810348
hdeAp2,0.25,3,3,AGGGTTATACCTTCCGTGTT,0,1800678
hdeAp2,0.25,3,3,AGGGTGATTTCAGTATGTCA,0,1776122
hdeAp2,0.25,3,3,AGGGTCCATAAACGAAATCA,0,1824440
hdeAp2,0.25,3,3,AGGGCCTTTGCTTATGAATC,0,1813484
hdeAp2,0.25,3,3,AGGGCCGTGGGCAAACACCC,0,1774696
hdeAp2,0.25,3,3,AGGCTTTCTCCTTATAAACT,0,1795346
hdeAp2,0.25,3,3,AGGCTGAACGCCGATTGGGA,0,1789091
hdeAp2,0.25,3,3,AGGCTATGAGTCGCATAGTA,0,1819916
hdeAp2,0.25,3,3,AGGCGTAAAGCGATGCCAGC,0,1813427
hdeAp2,0.25,3,3,AGGCGGTGTTGAAATACTTT,0,1808997
hdeAp2,0.25,3,3,AGGCCTCGGTCTGAGCAAGG,0,1813619
hdeAp2,0.25,3,3,AGGCCCAGGACCGTCTCTCT,0,1788453
hdeAp2,0.25,3,3,AGGCACTCTCGTGTGAAGAG,0,1775158
hdeAp2,0.25,3,3,AGGATGCCCAAATAGTACTG,0,1819113
hdeAp2,0.25,3,3,AGGAGGCGCGCGACAATTGG,0,1789660
hdeAp2,0.25,3,3,AGGAGACTACGGGTCTTGAA,0,1806275
hdeAp2,0.25,3,3,AGGACTGTTAATATTAATCC,0,1828732
hdeAp2,0.25,3,3,AGGACAGTAAATTCTTGAAA,0,1818143
hdeAp2,0.25,3,3,AGGACAATCGCGCATCGTTC,0,1809110
hdeAp2,0.25,3,3,AGGAACCGTTCGAAAGTCCG,0,1799630
hdeAp2,0.25,3,3,AGCTGTTGCCGTGGTTGGTG,0,1788340
hdeAp2,0.25,3,3,AGCTGGTCTACAGGGGGTGT,0,1826483
hdeAp2,0.25,3,3,AGCTGCGCTGTCTTCTTTGC,0,1795815
hdeAp2,0.25,3,3,AGCGTCGGCAATAGACGTAC,0,1773894
hdeAp2,0.25,3,3,AGCGTCGAATCAACGAAGGA,0,1817468
hdeAp2,0.25,3,3,AGCGTACTCCTCAGGTACTA,0,1816612
hdeAp2,0.25,3,3,AGCGGTTTACACATCATCGA,0,1775105
hdeAp2,0.25,3,3,AGCGGTGTACGCCACTCGGG,0,1774444
hdeAp2,0.25,3,3,AGCGGAGGCGAAGAGGCCCA,0,1800327
hdeAp2,0.25,3,3,AGCGCAACGGCTATCAACTA,0,1807329
hdeAp2,0.25,3,3,AGCGAGAGTTGATATAGTTA,0,1825245
hdeAp2,0.25,3,3,AGCGACGCACGGGCGGTGAA,0,1786555
hdeAp2,0.25,3,3,AGCCGCCCTTCAGTTTATAG,0,1784318
hdeAp2,0.25,3,3,AGCCGCAGCAAGGTGTTCAT,0,1823909
hdeAp2,0.25,3,3,AGCCGAAGATCGCAGGCACT,0,1787790
hdeAp2,0.25,3,3,AGCCCGAGAAAGGAAAGTGG,0,1771834
hdeAp2,0.25,3,3,AGCCCCCTAACAGGTATCCA,0,1813964
hdeAp2,0.25,3,3,AGCCATTACGAGAACCTGCC,0,1825179
hdeAp2,0.25,3,3,AGCCAGTGACCGAGTGCGGA,0,1815986
hdeAp2,0.25,3,3,AGCAGTCTTGCGGTTCGCGC,0,1790506
hdeAp2,0.25,3,3,AGCAGTATCGACAGTGTTTA,0,1782523
hdeAp2,0.25,3,3,AGCAGCAGGACAGGAGGAGC,0,1826224
hdeAp2,0.25,3,3,AGATTTATAGTAGCATTGAT,0,1824122
hdeAp2,0.25,3,3,AGATTGTCAGCTGTGTCCGC,0,1773145
hdeAp2,0.25,3,3,AGATGGCCAAAGCGTCGCAG,0,1793479
hdeAp2,0.25,3,3,AGATCTTTCGACGTTACAGT,0,1827018
hdeAp2,0.25,3,3,AGATCTCGACTCGATTCGCC,0,1778738
hdeAp2,0.25,3,3,AGATACCATAGGGAACGAAC,0,1824022
hdeAp2,0.25,3,3,AGAGTAGAGTATCCAAGGTT,0,1803297
hdeAp2,0.25,3,3,AGAGTACCGGGAGCTTATGA,0,1802652
hdeAp2,0.25,3,3,AGAGGTATAACCAGAAGCCT,0,1810397
hdeAp2,0.25,3,3,AGAGGGGTTAGTAGGGATTT,0,1805163
hdeAp2,0.25,3,3,AGAGCGACACGGGCTACGCT,0,1776182
hdeAp2,0.25,3,3,AGAGCCCATACGTCCGGACG,0,1824483
hdeAp2,0.25,3,3,AGACTATGTTTAGCGCTATA,0,1811116
hdeAp2,0.25,3,3,AGACGTTGAAGCGGAGGTCT,0,1796856
hdeAp2,0.25,3,3,AGACGGGCATTTATACGTAT,0,1797322
hdeAp2,0.25,3,3,AGACACCGTCGGCGACCTGT,0,1789548
hdeAp2,0.25,3,3,AGAATCGCTCATTATTGGAT,0,1818822
hdeAp2,0.25,3,3,AGAAAAGTGGTACACAATTG,0,1776661
hdeAp2,0.25,3,3,ACTTTGTAGTTGATCTACAG,0,1798098
hdeAp2,0.25,3,3,ACTTTACAGCGCTCTACCTC,0,1796676
hdeAp2,0.25,3,3,ACTTTAATTCATTTATCATG,0,1788187
hdeAp2,0.25,3,3,ACTTGAACCATCAAACGTTA,0,1780898
hdeAp2,0.25,3,3,ACTTCTAGTCCTTTGTGCAG,0,1826194
hdeAp2,0.25,3,3,ACTGGTAGGCGCAAGGATCA,0,1788956
hdeAp2,0.25,3,3,ACTGCAGAAATGATCGCTTG,0,1807775
hdeAp2,0.25,3,3,ACTGATCGGCGCTCAGCCCG,0,1805473
hdeAp2,0.25,3,3,ACTGAAGGATGCTCCGGGCT,0,1787070
hdeAp2,0.25,3,3,ACTCTGTGAGGATAACCAGC,0,1820112
hdeAp2,0.25,3,3,ACTCTCTTCACCTCCTGACG,0,1797634
hdeAp2,0.25,3,3,ACTCTAACGCTTCTGATAAA,0,1802035
hdeAp2,0.25,3,3,ACTCGTCCCTTACCGTTTTA,0,1824594
hdeAp2,0.25,3,3,ACTCGGCTGGGACAACTAAC,0,1783244
hdeAp2,0.25,3,3,ACTCGCAGTGCGCTGATGCC,0,1809098
hdeAp2,0.25,3,3,ACTCCGGAGAGATAGATCTC,0,1814847
hdeAp2,0.25,3,3,ACTATGCCGTCTCTTGAAAC,0,1798094
hdeAp2,0.25,3,3,ACTAGCCAGGGACCACAAAT,0,1784486
hdeAp2,0.25,3,3,ACTAGCATAGGACTGGAATC,0,1822387
hdeAp2,0.25,3,3,ACTACGTGTCGGGGCTCACA,0,1776723
hdeAp2,0.25,3,3,ACTACGTCCGGATGATTGAC,0,1809156
hdeAp2,0.25,3,3,ACTAATGCGGTCGGCGGCAT,0,1782671
hdeAp2,0.25,3,3,ACTAATAGTGCCAAACCCAG,0,1816511
hdeAp2,0.25,3,3,ACTAAACCGGGGGATCGTAA,0,1798016
hdeAp2,0.25,3,3,ACGTTGAGCCCATGAGTCTT,0,1776984
hdeAp2,0.25,3,3,ACGTTCCGAGCCGCATGTTT,0,1814316
hdeAp2,0.25,3,3,ACGTTAGATATCTACGAACG,0,1797923
hdeAp2,0.25,3,3,ACGTGCTCATATGTGGGTCA,0,1811522
hdeAp2,0.25,3,3,ACGTATGTTCTGGGTTAACG,0,1779697
hdeAp2,0.25,3,3,ACGTAGTATTTGGGCGAGTC,0,1806932
hdeAp2,0.25,3,3,ACGTACAATTGAAGGCTAAT,0,1799746
hdeAp2,0.25,3,3,ACGGTCCGGGAGCTAGACGT,0,1813338
hdeAp2,0.25,3,3,ACGGGTTCGTCAGCGGTTCT,0,1813555
hdeAp2,0.25,3,3,ACGGGGAGTTACATACTGAC,0,1794204
hdeAp2,0.25,3,3,ACGGGCCTATCTTATACACA,0,1806773
hdeAp2,0.25,3,3,ACGGCCCGGTGGGAGCTGAG,0,1808307
hdeAp2,0.25,3,3,ACGGATGCCACCCGCTCTGA,0,1780385
hdeAp2,0.25,3,3,ACGGAGCTTAACTTCACCGT,0,1803354
hdeAp2,0.25,3,3,ACGCTGAAGGAGCCCTGGAC,0,1822283
hdeAp2,0.25,3,3,ACGCGCTGGCCGCCATGCAC,0,1798998
hdeAp2,0.25,3,3,ACGCGATTAAAGATAGTGGA,0,1776073
hdeAp2,0.25,3,3,ACGCCCTTCGGGAAGTGGCC,0,1827317
hdeAp2,0.25,3,3,ACGCATGAGATGCGTCAAGT,0,1782242
hdeAp2,0.25,3,3,ACGACTAGACAACTAATGCC,0,1805404
hdeAp2,0.25,3,3,ACGACGCACGAGGGAGAAAA,0,1779228
hdeAp2,0.25,3,3,ACGACCTCGAATCGTATAAG,0,1822301
hdeAp2,0.25,3,3,ACCTTGCAGTGACTCGACGT,0,1827873
hdeAp2,0.25,3,3,ACCTTCTCCCATCGGCGCGC,0,1787745
hdeAp2,0.25,3,3,ACCTTAAGAAGTGCAGCTAT,0,1772595
hdeAp2,0.25,3,3,ACCTGGACTTCTCTGATGCT,0,1809955
hdeAp2,0.25,3,3,ACCGTTCCTCAATTGCAAAG,0,1776503
hdeAp2,0.25,3,3,ACCGGGCAAAGCTTAGATTC,0,1825532
hdeAp2,0.25,3,3,ACCGCCGTTGCTATAAACTT,0,1786707
hdeAp2,0.25,3,3,ACCCTCGCAACGCCACAGTC,0,1825684
hdeAp2,0.25,3,3,ACCCGGGGATATCCACGCGA,0,1805536
hdeAp2,0.25,3,3,ACCCGGCATGAGCGTCGATG,0,1806961
hdeAp2,0.25,3,3,ACCCCTCAAGTTAATATGGT,0,1818752
hdeAp2,0.25,3,3,ACCCCGTTTAATTATCCGCC,0,1783007
hdeAp2,0.25,3,3,ACCCCATGGTTCGAGAGCGA,0,1772055
hdeAp2,0.25,3,3,ACCCAGAATCCATGGTGTGA,0,1816178
hdeAp2,0.25,3,3,ACCATGCTAATTGCTGATTC,0,1784052
hdeAp2,0.25,3,3,ACCACTAGGTTGTATGAATA,0,1807745
hdeAp2,0.25,3,3,ACATTCGCAGTTCCACTGCA,0,1793270
hdeAp2,0.25,3,3,ACATGCCGTAAGCAATTGTA,0,1815781
hdeAp2,0.25,3,3,ACATATTTTGAGTGGTGAGA,0,1804331
hdeAp2,0.25,3,3,ACATACGCGTCTAGACCCCT,0,1777798
hdeAp2,0.25,3,3,ACAGGGACCGCACCTATGAA,0,1822051
hdeAp2,0.25,3,3,ACAGGAGAATGCCACCGAGA,0,1824553
hdeAp2,0.25,3,3,ACACTGCTCCGAAATATTAG,0,1781583
hdeAp2,0.25,3,3,ACACGAGGAATGTTGTCAGA,0,1798221
hdeAp2,0.25,3,3,ACACCTGATGGGAAGGTACT,0,1795768
hdeAp2,0.25,3,3,ACACCTACTGGGAATACAAA,0,1799711
hdeAp2,0.25,3,3,ACACCGATGCTAGAGATCGA,0,1822063
hdeAp2,0.25,3,3,ACACATACCCACTTTTCTTT,0,1793027
hdeAp2,0.25,3,3,ACACAGCTACGGGAAATGCT,0,1772256
hdeAp2,0.25,3,3,ACAATGTCTGATACATGGGA,0,1805196
hdeAp2,0.25,3,3,ACAATGCGATCGCACATGGC,0,1816067
hdeAp2,0.25,3,3,ACAAGTCAAGGATAACTTCA,0,1810509
hdeAp2,0.25,3,3,ACAAGAAACGGGTTCTTTAT,0,1811799
hdeAp2,0.25,3,3,ACAACGAATTATGGACATCT,0,1799510
hdeAp2,0.25,3,3,ACAACCTGTGTTGGATCTGA,0,1806179
hdeAp2,0.25,3,3,ACAACATCTAAGTTCATACG,0,1780171
hdeAp2,0.25,3,3,ACAACAAGAGTTTCTAAATT,0,1779753
hdeAp2,0.25,3,3,ACAAACCGCCCCGACCCGGC,0,1778447
hdeAp2,0.25,3,3,ACAAACAACTTTCCCTAAAT,0,1802912
hdeAp2,0.25,3,3,AATTTATCAGCTACGAAACA,0,1772642
hdeAp2,0.25,3,3,AATTGGCACGCTCGTTTTAG,0,1784357
hdeAp2,0.25,3,3,AATTGCTCTCGGGCTAGGAG,0,1815779
hdeAp2,0.25,3,3,AATTCGGAATTCATGCGATC,0,1810209
hdeAp2,0.25,3,3,AATTAGAGCAGAAGTACTCG,0,1778613
hdeAp2,0.25,3,3,AATTAACTGGTTTACCCTTC,0,1793310
hdeAp2,0.25,3,3,AATGTTCTCAGCTACCCGTT,0,1775616
hdeAp2,0.25,3,3,AATGGCGTAAGCAAACATCT,0,1787291
hdeAp2,0.25,3,3,AATGCGCGGCGCACCAGAAT,0,1813698
hdeAp2,0.25,3,3,AATGCATTGCGCTCTAGTTG,0,1776658
hdeAp2,0.25,3,3,AATGCAGACTAGAAGAGGAC,0,1774863
hdeAp2,0.25,3,3,AATGAGAACCACCCGTCTAA,0,1822019
hdeAp2,0.25,3,3,AATCTCCCATAGTCACAATA,0,1785984
hdeAp2,0.25,3,3,AATCGGGTTTTGTTCTAGGC,0,1802217
hdeAp2,0.25,3,3,AATCGAGTTCGCGTCGGTAT,0,1822287
hdeAp2,0.25,3,3,AATCGACTTCCTGGTATTCA,0,1821523
hdeAp2,0.25,3,3,AATCCCTCAGTTTGTATCAT,0,1799880
hdeAp2,0.25,3,3,AATCCCCGGTACTGAATTGT,0,1779045
hdeAp2,0.25,3,3,AATCAGCGGCCTCGGCAGCT,0,1805518
hdeAp2,0.25,3,3,AATCAATAGGATCAGCAAGT,0,1771327
hdeAp2,0.25,3,3,AATCAAGGCGGTAGTGGAAT,0,1806614
hdeAp2,0.25,3,3,AATATGGAGTATCATGGGAG,0,1799874
hdeAp2,0.25,3,3,AATATCGAGCCACGAAATAA,0,1771475
hdeAp2,0.25,3,3,AATATATTGCGATTACCCAC,0,1801544
hdeAp2,0.25,3,3,AATAGCTAGGCTGTATTTGT,0,1814786
hdeAp2,0.25,3,3,AATACTACTCCCACAAGAGC,0,1790327
hdeAp2,0.25,3,3,AATACCGAGCGCTGCTTATA,0,1813841
hdeAp2,0.25,3,3,AATACATCCCGGGTACCGGA,0,1820334
hdeAp2,0.25,3,3,AATACACCTCACTCACTTTG,0,1827806
hdeAp2,0.25,3,3,AATACACCACTAAGCCATCC,0,1771335
hdeAp2,0.25,3,3,AATAATTACGAAGACGGACA,0,1793763
hdeAp2,0.25,3,3,AATAATCGAGCTGATGGGAC,0,1792576
hdeAp2,0.25,3,3,AATAACAACGCCATCTTCAC,0,1827804
hdeAp2,0.25,3,3,AAGTTTGTGCAAGGGTTCCA,0,1803772
hdeAp2,0.25,3,3,AAGTTGCGACCTATTATGTA,0,1825137
hdeAp2,0.25,3,3,AAGTTAATTTCCCCACGCGT,0,1810602
hdeAp2,0.25,3,3,AAGTGCGAGATTCATAGCCC,0,1813948
hdeAp2,0.25,3,3,AAGTCATTATTGTAAACGAC,0,1782068
hdeAp2,0.25,3,3,AAGTATTACCTGGTCTCGGG,0,1827474
hdeAp2,0.25,3,3,AAGGTTCAGGGGAGCTAGTA,0,1810571
hdeAp2,0.25,3,3,AAGGGTATTCTCAATAGTTG,0,1779185
hdeAp2,0.25,3,3,AAGGGGGGGCTGGATCCGAA,0,1826112
hdeAp2,0.25,3,3,AAGGCGGCGTAGAGGTAGAA,0,1793162
hdeAp2,0.25,3,3,AAGGAGGTTTCTTGGAGATG,0,1814428
hdeAp2,0.25,3,3,AAGGAGATCAGTAGCGTATG,0,1815817
hdeAp2,0.25,3,3,AAGGACGGAATTTGGCATGC,0,1783297
hdeAp2,0.25,3,3,AAGGAAAGGTGCAACCCTAG,0,1792537
hdeAp2,0.25,3,3,AAGCTTCTATAATAAGTCCC,0,1789475
hdeAp2,0.25,3,3,AAGCTGTTGATGAATCTAAG,0,1808125
hdeAp2,0.25,3,3,AAGCTATGCGCTTTCTATTC,0,1786944
hdeAp2,0.25,3,3,AAGCTAAGGCCTACGTCACC,0,1799797
hdeAp2,0.25,3,3,AAGCGCTGTCCCCGTAATTA,0,1788147
hdeAp2,0.25,3,3,AAGCATTACAGGCGGCTTTC,0,1774317
hdeAp2,0.25,3,3,AAGCAGACGCTTGATAGCAA,0,1783702
hdeAp2,0.25,3,3,AAGATGGGTGTGCGGAGTCG,0,1797656
hdeAp2,0.25,3,3,AAGACTCATCGCTCCCGTGT,0,1779413
hdeAp2,0.25,3,3,AAGACGGACATTTCTTGTTG,0,1805128
hdeAp2,0.25,3,3,AAGACAAGGCTCGGCATATG,0,1773305
hdeAp2,0.25,3,3,AACTTTCCCGGAGCGTCAAT,0,1800507
hdeAp2,0.25,3,3,AACTTGGAGCAATAAGCGTA,0,1779695
hdeAp2,0.25,3,3,AACTTACGGTATGAACTGCT,0,1814930
hdeAp2,0.25,3,3,AACTGGTCAGAAGGCTTCTC,0,1773925
hdeAp2,0.25,3,3,AACTGGACGAACTTCGTTCC,0,1803808
hdeAp2,0.25,3,3,AACTCTTATGTAGAGTGTGA,0,1809469
hdeAp2,0.25,3,3,AACTCATTTGATTTCTAAAT,0,1811337
hdeAp2,0.25,3,3,AACTATTGGGTGGACAGCTC,0,1810704
hdeAp2,0.25,3,3,AACTAGAACACGATGTAATG,0,1817353
hdeAp2,0.25,3,3,AACTACTGCCACAGCCTCTG,0,1788441
hdeAp2,0.25,3,3,AACGTCTATTTGGCTTCTCA,0,1799336
hdeAp2,0.25,3,3,AACGTATCCTGTTACCTATG,0,1794176
hdeAp2,0.25,3,3,AACGGTGTACTGCAGTACTG,0,1815965
hdeAp2,0.25,3,3,AACGGGTCACGGAGGGAAGT,0,1779655
hdeAp2,0.25,3,3,AACGGGCCACCTTCAAGCGG,0,1806062
hdeAp2,0.25,3,3,AACCTTTCTGCAAGGCCACG,0,1792744
hdeAp2,0.25,3,3,AACCACGCGTCAGTACCACC,0,1779616
hdeAp2,0.25,3,3,AACATGAACGCGCAGAGACA,0,1781066
hdeAp2,0.25,3,3,AACACCTGGGATCTCGACGA,0,1783100
hdeAp2,0.25,3,3,AACAAAATTAACGACAATCT,0,1824797
hdeAp2,0.25,3,3,AAATTTGATCGGGGTGGGTA,0,1771640
hdeAp2,0.25,3,3,AAATTCTGCGATTCGGAAAA,0,1791862
hdeAp2,0.25,3,3,AAATTCAAACAAGACTTGAT,0,1811870
hdeAp2,0.25,3,3,AAATGGTAACGACCGTGCCA,0,1803915
hdeAp2,0.25,3,3,AAATCCCCGACTCAGATTAA,0,1809942
hdeAp2,0.25,3,3,AAATATGTCATTCTTCGCGG,0,1782383
hdeAp2,0.25,3,3,AAAGTTATGAAACTCCATGA,0,1778858
hdeAp2,0.25,3,3,AAAGGCCCGTTTTGGACTAC,0,1825422
hdeAp2,0.25,3,3,AAAGCGGAGCCGGGCTTGGT,0,1775979
hdeAp2,0.25,3,3,AAAGACTCAGAGATTTGAGA,0,1825833
hdeAp2,0.25,3,3,AAACTTTGCGCCTCTGAATT,0,1771668
hdeAp2,0.25,3,3,AAACTCCCTCAAAGCGCCCT,0,1785145
hdeAp2,0.25,3,3,AAACTCATGCGGAGATCAAA,0,1810033
hdeAp2,0.25,3,3,AAACTCATCCTCCGGGGGAT,0,1797555
hdeAp2,0.25,3,3,AAACGGGGTAGGAGGCATCC,0,1790717
hdeAp2,0.25,3,3,AAACGCTCAGTGCGGACACT,0,1774075
hdeAp2,0.25,3,3,AAACGATTGCGTCCATCGAT,0,1789291
hdeAp2,0.25,3,3,AAACCGGCCTCTAGCCAATC,0,1816818
hdeAp2,0.25,3,3,AAAAGTTAAGAAAATAGGTC,0,1797853
hdeAp2,0.25,3,3,AAAAACTTGAGGTCAGGTAC,0,1811391
hdeAp2,0.3333333333333333,2,2,TTTTTTCTTTCCCGGTGGAC,0,1784535
hdeAp2,0.3333333333333333,2,2,TTTTTGCGAGCTAAGCTGAT,0,1792187
hdeAp2,0.3333333333333333,2,2,TTTTTCGCTCGAGATCAGCC,0,1825048
hdeAp2,0.3333333333333333,2,2,TTTTAAATAGCCTCCATGAA,0,1777121
hdeAp2,0.3333333333333333,2,2,TTTGTACCGCATCGCGGGCG,0,1823508
hdeAp2,0.3333333333333333,2,2,TTTGGTACCTCGGGCGTTGG,0,1815886
hdeAp2,0.3333333333333333,2,2,TTTGGCCAAACGTTGGGTCC,0,1813208
hdeAp2,0.3333333333333333,2,2,TTTGGACTGGACTGCCGAGG,0,1783468
hdeAp2,0.3333333333333333,2,2,TTTGACCTTGGCAGGTGTAC,0,1774350
hdeAp2,0.3333333333333333,2,2,TTTGACCCCTTAGACTGCGA,0,1801735
hdeAp2,0.3333333333333333,2,2,TTTCTATTGTGGACTAACTG,0,1776814
hdeAp2,0.3333333333333333,2,2,TTTCTAGTTAACAGGCCTGG,0,1782840
hdeAp2,0.3333333333333333,2,2,TTTCGGGTCCCGAAATGTTC,0,1801254
hdeAp2,0.3333333333333333,2,2,TTTCGATCTGCGAGACGCCC,0,1813312
hdeAp2,0.3333333333333333,2,2,TTTCCCGCTGAGTAAACTTT,0,1813442
hdeAp2,0.3333333333333333,2,2,TTTCAGCATGAAGGGCCGAC,0,1796873
hdeAp2,0.3333333333333333,2,2,TTTCAAGAATCGTGTTGAGA,0,1808493
hdeAp2,0.3333333333333333,2,2,TTTATGGATTACTCTATTAA,0,1784515
hdeAp2,0.3333333333333333,2,2,TTTAGGCGTAATTAACCAAC,0,1825730
hdeAp2,0.3333333333333333,2,2,TTTAGGATAACATCCCGTAC,0,1820207
hdeAp2,0.3333333333333333,2,2,TTTACTGCCAAGGATTCCGA,0,1816965
hdeAp2,0.3333333333333333,2,2,TTTACGACCGTACAGGCGGC,0,1784591
hdeAp2,0.3333333333333333,2,2,TTTAAGTGTATAGTAAGGAT,0,1811888
hdeAp2,0.3333333333333333,2,2,TTTAAGCGTTACCCCGCCGC,0,1770992
hdeAp2,0.3333333333333333,2,2,TTGTTTGTAAGCTCTTAAGG,0,1780246
hdeAp2,0.3333333333333333,2,2,TTGTGGATGCGGGCAGGACT,0,1788731
hdeAp2,0.3333333333333333,2,2,TTGTGCTGGTCAGAATCCCT,0,1799627
hdeAp2,0.3333333333333333,2,2,TTGTATGGAGTGGGATAAAA,0,1799645
hdeAp2,0.3333333333333333,2,2,TTGTAGAGTACGCAGTCGTG,0,1818463
hdeAp2,0.3333333333333333,2,2,TTGTACTATACCTACGGTAA,0,1772438
hdeAp2,0.3333333333333333,2,2,TTGGTGTCTTTAACATTGGT,0,1799319
hdeAp2,0.3333333333333333,2,2,TTGGCTTTACCAACCTAGCT,0,1783453
hdeAp2,0.3333333333333333,2,2,TTGGCTGACGCCGGCAAATG,0,1800094
hdeAp2,0.3333333333333333,2,2,TTGCTAAGCTATCGCCCATC,0,1822574
hdeAp2,0.3333333333333333,2,2,TTGCGGGTTCATTCGACTCT,0,1808168
hdeAp2,0.3333333333333333,2,2,TTGCGATCGAGGGACAGGTG,0,1780571
hdeAp2,0.3333333333333333,2,2,TTGCGAGTAGATCGTTAGCT,0,1772040
hdeAp2,0.3333333333333333,2,2,TTGCCGCCATCGGGTAGGCC,0,1801091
hdeAp2,0.3333333333333333,2,2,TTGCATCGCAATTACGCCGA,0,1772835
hdeAp2,0.3333333333333333,2,2,TTGCAGGGCGGATATAACAG,0,1796820
hdeAp2,0.3333333333333333,2,2,TTGCAGGCCAAAGAACTCGC,0,1776397
hdeAp2,0.3333333333333333,2,2,TTGATTTGGGACCATCGAAT,0,1828235
hdeAp2,0.3333333333333333,2,2,TTGATGTGCTAAAGTAACAT,0,1820154
hdeAp2,0.3333333333333333,2,2,TTGACTGGAATTAAAACAGT,0,1780315
hdeAp2,0.3333333333333333,2,2,TTGACTCGCGTGTTAATCGC,0,1771464
hdeAp2,0.3333333333333333,2,2,TTGACCTGGGTGCTCCACTC,0,1784482
hdeAp2,0.3333333333333333,2,2,TTGAATGCATCCGAGCGGAG,0,1807521
hdeAp2,0.3333333333333333,2,2,TTGAAAGAAGCGGTTTAAGA,0,1797811
hdeAp2,0.3333333333333333,2,2,TTCTTGACGGAGAGTATAGG,0,1792434
hdeAp2,0.3333333333333333,2,2,TTCTTAAACCTTCGGAGGAC,0,1806468
hdeAp2,0.3333333333333333,2,2,TTCTGTGTACGTTAAACAGT,0,1782031
hdeAp2,0.3333333333333333,2,2,TTCTCACCGACATCTACGGG,0,1786294
hdeAp2,0.3333333333333333,2,2,TTCTATCTACCTCAATTGTA,0,1827797
hdeAp2,0.3333333333333333,2,2,TTCTACCCAAAAGGTCTTAG,0,1805115
hdeAp2,0.3333333333333333,2,2,TTCGGTCGGGAGGTGGTTTC,0,1822837
hdeAp2,0.3333333333333333,2,2,TTCGATTAGCTGCCAAGCTG,0,1776424
hdeAp2,0.3333333333333333,2,2,TTCGAGTTGTCCCGGTTGCA,0,1785284
hdeAp2,0.3333333333333333,2,2,TTCGAAGGACCTTACCTCCC,0,1790689
hdeAp2,0.3333333333333333,2,2,TTCGAACTTACGTCCGCCTC,0,1817686
hdeAp2,0.3333333333333333,2,2,TTCCGCGACTCAATTGAGGT,0,1786641
hdeAp2,0.3333333333333333,2,2,TTCCGACCTGGTCTGATTCG,0,1822169
hdeAp2,0.3333333333333333,2,2,TTCCCCTCTGCTGCGGCTTG,0,1780676
hdeAp2,0.3333333333333333,2,2,TTCCCCAGGGTTAAGGAAAC,0,1827319
hdeAp2,0.3333333333333333,2,2,TTCCAGCTGTAATGCGTCGT,0,1784967
hdeAp2,0.3333333333333333,2,2,TTCATGGTTTAGGGACATAG,0,1814311
hdeAp2,0.3333333333333333,2,2,TTCATGGTCCTTGCTTCCTA,0,1822954
hdeAp2,0.3333333333333333,2,2,TTCATCTTCATCTAGGCTAT,0,1822183
hdeAp2,0.3333333333333333,2,2,TTCAGGACCCACCAGGTTCG,0,1777820
hdeAp2,0.3333333333333333,2,2,TTCAGCGCTAGCTGAATTGC,0,1776561
hdeAp2,0.3333333333333333,2,2,TTCAAGTTATATTATGGTTG,0,1771583
hdeAp2,0.3333333333333333,2,2,TTATTTAGACGGAGTTAGTA,0,1799300
hdeAp2,0.3333333333333333,2,2,TTATGATATGGATATCCTGT,0,1783136
hdeAp2,0.3333333333333333,2,2,TTATCGCGTGGTTCCGCTGA,0,1783140
hdeAp2,0.3333333333333333,2,2,TTATCGATGTATGCTTAGGT,0,1819008
hdeAp2,0.3333333333333333,2,2,TTAGTCAATCGGGCCGAAAT,0,1778039
hdeAp2,0.3333333333333333,2,2,TTAGGTGAGTATGTTCTTTA,0,1794250
hdeAp2,0.3333333333333333,2,2,TTAGGGTCGATATATGGTGA,0,1773551
hdeAp2,0.3333333333333333,2,2,TTAGGAACTGGCTTTGGTGG,0,1806248
hdeAp2,0.3333333333333333,2,2,TTAGCTGGGGTCTGTCGTGT,0,1799032
hdeAp2,0.3333333333333333,2,2,TTAGCCGAAGTCCCCTGTAC,0,1775481
hdeAp2,0.3333333333333333,2,2,TTAGATGCAGCGCCGGGACT,0,1817723
hdeAp2,0.3333333333333333,2,2,TTAGAGCCGCCCACAAGGGC,0,1797132
hdeAp2,0.3333333333333333,2,2,TTAGACGCTAAAAGGGGTGA,0,1780075
hdeAp2,0.3333333333333333,2,2,TTAGAACTAGAAAGCCAGTT,0,1774172
hdeAp2,0.3333333333333333,2,2,TTACTTGTGTCGGAAATAGT,0,1786913
hdeAp2,0.3333333333333333,2,2,TTACTGGGAGGAGGTGTTAA,0,1805787
hdeAp2,0.3333333333333333,2,2,TTACTATTGTTTACATAGTG,0,1776326
hdeAp2,0.3333333333333333,2,2,TTACGCCAAACTTGGTTCCC,0,1806336
hdeAp2,0.3333333333333333,2,2,TTACGAGTGAGTGAAATCCG,0,1817809
hdeAp2,0.3333333333333333,2,2,TTACAGATAATCGCGCGCAA,0,1828652
hdeAp2,0.3333333333333333,2,2,TTACACGGACCCATGGAATT,0,1779005
hdeAp2,0.3333333333333333,2,2,TTAATGGTGGATGCCTCTAA,0,1819230
hdeAp2,0.3333333333333333,2,2,TTAATCTAGGGAAATAAGTG,0,1788186
hdeAp2,0.3333333333333333,2,2,TTAATCCAAACATTGTCCCT,0,1778654
hdeAp2,0.3333333333333333,2,2,TTAATATGTATGTTCCTCTC,0,1800629
hdeAp2,0.3333333333333333,2,2,TTAAGGTGCTGCGAAGCGAG,0,1809696
hdeAp2,0.3333333333333333,2,2,TTAACAGTACGAACCCCTAT,0,1782410
hdeAp2,0.3333333333333333,2,2,TTAAAGTACGCCGAGGGGTT,0,1799872
hdeAp2,0.3333333333333333,2,2,TTAAACTTAGGGCTCATGCG,0,1779604
hdeAp2,0.3333333333333333,2,2,TGTTTCCCTGCCGTGTGTTA,0,1781413
hdeAp2,0.3333333333333333,2,2,TGTTTAAGGGCGATTGCTTT,0,1787478
hdeAp2,0.3333333333333333,2,2,TGTTCGGCGTCACGTGCATT,0,1824490
hdeAp2,0.3333333333333333,2,2,TGTTCGCGGCACTACTGTTC,0,1777224
hdeAp2,0.3333333333333333,2,2,TGTTATTACTTGGAGTCAAC,0,1817634
hdeAp2,0.3333333333333333,2,2,TGTTAATAGGGAGAAGTTCT,0,1804811
hdeAp2,0.3333333333333333,2,2,TGTGTTAAATATCTGCAGTG,0,1803452
hdeAp2,0.3333333333333333,2,2,TGTGTATATAAGAATTTTCT,0,1823076
hdeAp2,0.3333333333333333,2,2,TGTGGGCAGGTGTGGGTCCT,0,1772876
hdeAp2,0.3333333333333333,2,2,TGTGGCGTACACCTGCCGTA,0,1824609
hdeAp2,0.3333333333333333,2,2,TGTGGAGGGTCAGGGTTCGA,0,1780031
hdeAp2,0.3333333333333333,2,2,TGTGCTTCACGTATTGAGGT,0,1817212
hdeAp2,0.3333333333333333,2,2,TGTGCATTGTCCCACTCTCC,0,1817971
hdeAp2,0.3333333333333333,2,2,TGTGCATACTATCGTGCTGT,0,1796675
hdeAp2,0.3333333333333333,2,2,TGTGAGTTTCGCAGTGATTG,0,1807217
hdeAp2,0.3333333333333333,2,2,TGTGACGTTGGGCATACGGA,0,1812047
hdeAp2,0.3333333333333333,2,2,TGTGACCAAGTTCCCTTGTA,0,1804297
hdeAp2,0.3333333333333333,2,2,TGTCTTTTCGTATGTCAGCC,0,1777181
hdeAp2,0.3333333333333333,2,2,TGTCGTCTATAAGATGTACA,0,1782288
hdeAp2,0.3333333333333333,2,2,TGTCGTACGATTACCGCCGT,0,1808494
hdeAp2,0.3333333333333333,2,2,TGTCGGCGACGATACGTTAT,0,1803009
hdeAp2,0.3333333333333333,2,2,TGTCGGAAATTTCTGGGGCG,0,1783095
hdeAp2,0.3333333333333333,2,2,TGTCGCTTAGTTAGGGTTGA,0,1794582
hdeAp2,0.3333333333333333,2,2,TGTCGCTGTGAACAACGTAA,0,1810037
hdeAp2,0.3333333333333333,2,2,TGTCAATAACCTAAGTGATC,0,1808074
hdeAp2,0.3333333333333333,2,2,TGTATTCAGGAATGAGAGAC,0,1793306
hdeAp2,0.3333333333333333,2,2,TGTAGTACCATTCGTCACGT,0,1816999
hdeAp2,0.3333333333333333,2,2,TGTAGGATCATCTGTAGATG,0,1803780
hdeAp2,0.3333333333333333,2,2,TGTACTTTTTGGTCGCGCAG,0,1806123
hdeAp2,0.3333333333333333,2,2,TGTACTCGCGAGTCCCTCTT,0,1780731
hdeAp2,0.3333333333333333,2,2,TGTACGTATAATGACAGACA,0,1786551
hdeAp2,0.3333333333333333,2,2,TGTACAGAGTAGATGTCCGG,0,1824977
hdeAp2,0.3333333333333333,2,2,TGTACAATACCCATTCGACA,0,1773610
hdeAp2,0.3333333333333333,2,2,TGTAATGCGCTAATGCTTAA,0,1805250
hdeAp2,0.3333333333333333,2,2,TGTAAGCGTCATGGGGAATT,0,1784836
hdeAp2,0.3333333333333333,2,2,TGTAAAAATCGAGGGTCGTT,0,1784364
hdeAp2,0.3333333333333333,2,2,TGGTTACGCCCGGCCTTGTA,0,1794002
hdeAp2,0.3333333333333333,2,2,TGGTGTGACAGACGGCCTTA,0,1800282
hdeAp2,0.3333333333333333,2,2,TGGTGACTCTGCTTCACGAT,0,1820701
hdeAp2,0.3333333333333333,2,2,TGGTCTCTCGGTTAAGCTAA,0,1808723
hdeAp2,0.3333333333333333,2,2,TGGTCGACCCCGACCGGACA,0,1780064
hdeAp2,0.3333333333333333,2,2,TGGTAGTTGTCAATCGAAGA,0,1818370
hdeAp2,0.3333333333333333,2,2,TGGGTCCTCCTCTTCTAGAC,0,1797084
hdeAp2,0.3333333333333333,2,2,TGGGCGTGTAAGATCCAGCA,0,1798719
hdeAp2,0.3333333333333333,2,2,TGGGCCTGCACGGGGCTAAT,0,1787174
hdeAp2,0.3333333333333333,2,2,TGGGATAGCATGAAACCAAT,0,1783394
hdeAp2,0.3333333333333333,2,2,TGGCTATCCTAAGTTTGGCA,0,1786123
hdeAp2,0.3333333333333333,2,2,TGGCGTCCCCGGTTCGGGGT,0,1825309
hdeAp2,0.3333333333333333,2,2,TGGCCGTACGTCATCCTCGG,0,1824416
hdeAp2,0.3333333333333333,2,2,TGGCCCTCAAAGGGTACTGA,0,1771049
hdeAp2,0.3333333333333333,2,2,TGGCCCCATGGCCCAAAAGC,0,1819886
hdeAp2,0.3333333333333333,2,2,TGGCATTTCCAAAAGTTGGC,0,1823694
hdeAp2,0.3333333333333333,2,2,TGGATGAATCCCATACGGTA,0,1818163
hdeAp2,0.3333333333333333,2,2,TGGATAATTCATCGGGGAAT,0,1784057
hdeAp2,0.3333333333333333,2,2,TGGAGCCCTATAGAAACCTT,0,1780865
hdeAp2,0.3333333333333333,2,2,TGGACGTGCCATTTGTTTCA,0,1778656
hdeAp2,0.3333333333333333,2,2,TGGAATTAGGAACGACAAGA,0,1797259
hdeAp2,0.3333333333333333,2,2,TGCTTTAAAGGAGCATCTAA,0,1799499
hdeAp2,0.3333333333333333,2,2,TGCTGGGCTCCTTTTCTTCT,0,1797097
hdeAp2,0.3333333333333333,2,2,TGCTGATCAGTGACCACATT,0,1810717
hdeAp2,0.3333333333333333,2,2,TGCTAGGGCTCTAACAAAGC,0,1771354
hdeAp2,0.3333333333333333,2,2,TGCTAGCAAGGTCGAAATCA,0,1781856
hdeAp2,0.3333333333333333,2,2,TGCTACCGCCTAAGGCTCTC,0,1807516
hdeAp2,0.3333333333333333,2,2,TGCTACCATGGTAGGCGGAT,0,1824372
hdeAp2,0.3333333333333333,2,2,TGCGGTCCCCCCCGTCTGTC,0,1785028
hdeAp2,0.3333333333333333,2,2,TGCGCTCAGACATCAATTCC,0,1775109
hdeAp2,0.3333333333333333,2,2,TGCGCCAGCCCCTTTCATCT,0,1801629
hdeAp2,0.3333333333333333,2,2,TGCGAAGCGACATAGTTAAA,0,1819676
hdeAp2,0.3333333333333333,2,2,TGCCTCTCGAAAATGCAGGG,0,1814670
hdeAp2,0.3333333333333333,2,2,TGCCGGAGGCGGGAACCCTT,0,1777351
hdeAp2,0.3333333333333333,2,2,TGCATGTTTATTTGGGGCTT,0,1792282
hdeAp2,0.3333333333333333,2,2,TGCATGTAAGACCGAAGCAG,0,1816497
hdeAp2,0.3333333333333333,2,2,TGCATCTCGCACAGACTCGA,0,1800958
hdeAp2,0.3333333333333333,2,2,TGCATAAGTCCCATTCCCTT,0,1798658
hdeAp2,0.3333333333333333,2,2,TGCAGTCTCTGGCGTGAGCC,0,1787374
hdeAp2,0.3333333333333333,2,2,TGCAAACTCAGCAAGTACTC,0,1812858
hdeAp2,0.3333333333333333,2,2,TGATTCGCTATGGAGGCAGG,0,1798613
hdeAp2,0.3333333333333333,2,2,TGATTACACCTCTAGCTGCT,0,1785235
hdeAp2,0.3333333333333333,2,2,TGATGACCTTAGCACCCCTT,0,1808588
hdeAp2,0.3333333333333333,2,2,TGATCTGGTCGGCTTGACCG,0,1793590
hdeAp2,0.3333333333333333,2,2,TGATAGGAATTCGACGAGGT,0,1824286
hdeAp2,0.3333333333333333,2,2,TGATAAGCAATGGTCACACC,0,1825054
hdeAp2,0.3333333333333333,2,2,TGAGTGGTAGTCACATCCGG,0,1783989
hdeAp2,0.3333333333333333,2,2,TGAGTCGAGGATTAACATTT,0,1800584
hdeAp2,0.3333333333333333,2,2,TGAGGCGATATAGTGGTTAC,0,1780034
hdeAp2,0.3333333333333333,2,2,TGAGGAGGCTTAAGGACGTT,0,1772012
hdeAp2,0.3333333333333333,2,2,TGAGCGGAGATCCGTCAGGT,0,1803551
hdeAp2,0.3333333333333333,2,2,TGAGCGAGCCGTTGCACAGA,0,1793734
hdeAp2,0.3333333333333333,2,2,TGAGCGAGAATGCATTGTAA,0,1821521
hdeAp2,0.3333333333333333,2,2,TGAGCCTCGCGATGGGTTAT,0,1779065
hdeAp2,0.3333333333333333,2,2,TGACTGTACCATACGCGCGG,0,1778107
hdeAp2,0.3333333333333333,2,2,TGACTGGTAAAGGTACTCAG,0,1779323
hdeAp2,0.3333333333333333,2,2,TGACGTATACAGCCCGTACA,0,1798543
hdeAp2,0.3333333333333333,2,2,TGACGGACGCATAAACAGGC,0,1800012
hdeAp2,0.3333333333333333,2,2,TGACGAATCGTATTTTAGTA,0,1779340
hdeAp2,0.3333333333333333,2,2,TGACCTCGAGGCAGAATGAA,0,1821478
hdeAp2,0.3333333333333333,2,2,TGAATTTACAACTGTTTCAA,0,1819214
hdeAp2,0.3333333333333333,2,2,TGAACCCTTCCGGTGACGTA,0,1781182
hdeAp2,0.3333333333333333,2,2,TGAAAAACGGAGGGGCAAGC,0,1812772
hdeAp2,0.3333333333333333,2,2,TCTTTTATTACCTTCAAAAT,0,1826027
hdeAp2,0.3333333333333333,2,2,TCTTTTAATCGGGCGCCTAT,0,1806305
hdeAp2,0.3333333333333333,2,2,TCTTTGCACATGCCATCAGA,0,1810413
hdeAp2,0.3333333333333333,2,2,TCTTGTCGTATTCAATGCGA,0,1799828
hdeAp2,0.3333333333333333,2,2,TCTTGGTCATAGCCGGCACT,0,1820387
hdeAp2,0.3333333333333333,2,2,TCTTGCAGACGTATCAGCTC,0,1785421
hdeAp2,0.3333333333333333,2,2,TCTTGCAACCATATCGGTAG,0,1816889
hdeAp2,0.3333333333333333,2,2,TCTTCAGGGCAGGGAGGGAC,0,1815100
hdeAp2,0.3333333333333333,2,2,TCTTCAGCGCTCGGCCTGTA,0,1823742
hdeAp2,0.3333333333333333,2,2,TCTTAGTACCGCTTACCCTG,0,1805597
hdeAp2,0.3333333333333333,2,2,TCTGTCCATCAGAGGGAAAG,0,1775507
hdeAp2,0.3333333333333333,2,2,TCTGTATTCTGATTTAATTT,0,1809819
hdeAp2,0.3333333333333333,2,2,TCTGGGAGCTTCAGCGCATT,0,1774949
hdeAp2,0.3333333333333333,2,2,TCTGCTGCAAGTGACAACGC,0,1812392
hdeAp2,0.3333333333333333,2,2,TCTGCGGCGGCCACGCATTT,0,1814623
hdeAp2,0.3333333333333333,2,2,TCTGATTGGTCAACAATTAT,0,1790694
hdeAp2,0.3333333333333333,2,2,TCTGAGGAACTGCATCCGCA,0,1806806
hdeAp2,0.3333333333333333,2,2,TCTCTGAAGGCTTCATCATG,0,1793582
hdeAp2,0.3333333333333333,2,2,TCTCGTGAGGTCCTGGCCTT,0,1821273
hdeAp2,0.3333333333333333,2,2,TCTCCTGAATCATGTATTAA,0,1780473
hdeAp2,0.3333333333333333,2,2,TCTCAGCTTCATATGTTGTT,0,1784371
hdeAp2,0.3333333333333333,2,2,TCTATCTATTAGCAGGGCCA,0,1798588
hdeAp2,0.3333333333333333,2,2,TCTAGGCGGAAGTCAAGCGT,0,1823493
hdeAp2,0.3333333333333333,2,2,TCTACGTCTACGATCAAGTG,0,1822515
hdeAp2,0.3333333333333333,2,2,TCTACGTCGAGAGACATTGG,0,1806218
hdeAp2,0.3333333333333333,2,2,TCTAAAAAATCACGTCGCAC,0,1808373
hdeAp2,0.3333333333333333,2,2,TCGTTTTTATTGTACCCCAC,0,1775545
hdeAp2,0.3333333333333333,2,2,TCGTGTCCGGGACCATATAT,0,1807117
hdeAp2,0.3333333333333333,2,2,TCGTGGTGTGCGAGGGCGCA,0,1814023
hdeAp2,0.3333333333333333,2,2,TCGTCTGCAGTATGCTGACA,0,1784504
hdeAp2,0.3333333333333333,2,2,TCGTCCCTGCCAGCTATACG,0,1820602
hdeAp2,0.3333333333333333,2,2,TCGTCCCACACAGCTTCATC,0,1773105
hdeAp2,0.3333333333333333,2,2,TCGTATAAAGATTAACTTTC,0,1820131
hdeAp2,0.3333333333333333,2,2,TCGGTTTAGTTTTGGGGACT,0,1814426
hdeAp2,0.3333333333333333,2,2,TCGGTTCGAGCGCCAAGTTG,0,1800966
hdeAp2,0.3333333333333333,2,2,TCGGGTTGGGCAGCGAGGTA,0,1823116
hdeAp2,0.3333333333333333,2,2,TCGGGTCATGGAACTTCGCG,0,1808452
hdeAp2,0.3333333333333333,2,2,TCGGGATGGCATATCATCCT,0,1779360
hdeAp2,0.3333333333333333,2,2,TCGGGAAAACGGAGCCGACT,0,1808955
hdeAp2,0.3333333333333333,2,2,TCGGCTCTCGATCACGCGGA,0,1779806
hdeAp2,0.3333333333333333,2,2,TCGGCCATGGAAAGCTTGCG,0,1781333
hdeAp2,0.3333333333333333,2,2,TCGGCCACGAACAGCATCGA,0,1790408
hdeAp2,0.3333333333333333,2,2,TCGGATTAGAAAGACCAGTA,0,1804864
hdeAp2,0.3333333333333333,2,2,TCGCTGTCTGGCTGCAAACT,0,1774320
hdeAp2,0.3333333333333333,2,2,TCGCTCGGACGTGAACTTCG,0,1784666
hdeAp2,0.3333333333333333,2,2,TCGCGTCTGGAGCCTTGAAA,0,1825868
hdeAp2,0.3333333333333333,2,2,TCGCGTCCCAGGGCAAAAGG,0,1786218
hdeAp2,0.3333333333333333,2,2,TCGCGAGCGGCCATCACATA,0,1784814
hdeAp2,0.3333333333333333,2,2,TCGATTTTTACTTCTGGGGA,0,1771546
hdeAp2,0.3333333333333333,2,2,TCGATGGCCTCCCTATCCGT,0,1806551
hdeAp2,0.3333333333333333,2,2,TCGATCGCAGGGCGTTTAAC,0,1809698
hdeAp2,0.3333333333333333,2,2,TCGATCCCAACGTAAGCTAT,0,1778502
hdeAp2,0.3333333333333333,2,2,TCGAGATTGCTTATTACCTG,0,1820346
hdeAp2,0.3333333333333333,2,2,TCGAGAAGCGTCCTACAACG,0,1818359
hdeAp2,0.3333333333333333,2,2,TCGACGATTCCACTGGATAG,0,1802422
hdeAp2,0.3333333333333333,2,2,TCGAACAGCTTATATTGGAC,0,1793480
hdeAp2,0.3333333333333333,2,2,TCCTTGACTCTTCCAAAATC,0,1796681
hdeAp2,0.3333333333333333,2,2,TCCTTCGCGTGTAAGACGTA,0,1807740
hdeAp2,0.3333333333333333,2,2,TCCTTCGACCACTATAAGCG,0,1808777
hdeAp2,0.3333333333333333,2,2,TCCTTAGGCAGGCTACACGA,0,1804709
hdeAp2,0.3333333333333333,2,2,TCCTGGACCGTTAATTACAG,0,1823776
hdeAp2,0.3333333333333333,2,2,TCCTCATGTAACAGACCGGT,0,1778901
hdeAp2,0.3333333333333333,2,2,TCCTAAACACGTGTCGTACG,0,1786934
hdeAp2,0.3333333333333333,2,2,TCCGTTACAGGTCGTTTAAT,0,1807685
hdeAp2,0.3333333333333333,2,2,TCCGGTGTCTTGGTCAGTTC,0,1827667
hdeAp2,0.3333333333333333,2,2,TCCGGTGGAGGACAAAACCC,0,1827120
hdeAp2,0.3333333333333333,2,2,TCCGGTAAGCAGCGATCGGA,0,1795905
hdeAp2,0.3333333333333333,2,2,TCCGGCGGCTCACGCAGCCT,0,1802794
hdeAp2,0.3333333333333333,2,2,TCCGGCCCTGGGGCGACCGA,0,1791794
hdeAp2,0.3333333333333333,2,2,TCCGAGTCTACCGTCGAGCC,0,1798023
hdeAp2,0.3333333333333333,2,2,TCCGACGTCGCTCGCAGAGT,0,1773034
hdeAp2,0.3333333333333333,2,2,TCCGAATAAAGTCGGCTGTA,0,1826680
hdeAp2,0.3333333333333333,2,2,TCCCTGACTTATTACTTGAG,0,1825893
hdeAp2,0.3333333333333333,2,2,TCCCTAACCGTTGGGTCAAA,0,1783587
hdeAp2,0.3333333333333333,2,2,TCCCCGTTCTATATGCGCTG,0,1773039
hdeAp2,0.3333333333333333,2,2,TCCCCGTCAAGCCACCCGCC,0,1810102
hdeAp2,0.3333333333333333,2,2,TCCCCGGACTCTCCGATCGC,0,1797842
hdeAp2,0.3333333333333333,2,2,TCCCCCAGAACGTGGTGTAC,0,1775638
hdeAp2,0.3333333333333333,2,2,TCCCACTCACAGAACCGTAG,0,1810446
hdeAp2,0.3333333333333333,2,2,TCCCAACGCTAGGACACATG,0,1818757
hdeAp2,0.3333333333333333,2,2,TCCATTTTCCGGCACAGGCC,0,1810880
hdeAp2,0.3333333333333333,2,2,TCCATGTGAGGTCGCAGCGC,0,1779629
hdeAp2,0.3333333333333333,2,2,TCCATAAACCTTGCGATTAC,0,1780351
hdeAp2,0.3333333333333333,2,2,TCCAGGTTAAGTTGCCCATG,0,1827939
hdeAp2,0.3333333333333333,2,2,TCCACTTTCTTAGCTGTAAT,0,1805849
hdeAp2,0.3333333333333333,2,2,TCCACACTTGGCATTCACTT,0,1786794
hdeAp2,0.3333333333333333,2,2,TCATTTGACAGAGGCCTCAT,0,1827821
hdeAp2,0.3333333333333333,2,2,TCATTGTTGAGCTTGTGCCT,0,1790622
hdeAp2,0.3333333333333333,2,2,TCATGGTTAAGGTCTAGATC,0,1796539
hdeAp2,0.3333333333333333,2,2,TCATCTAAAACTTCGAGAAT,0,1781586
hdeAp2,0.3333333333333333,2,2,TCATATTCGAGGATGCCCAC,0,1805931
hdeAp2,0.3333333333333333,2,2,TCATATTAAAGCTCGCCTAC,0,1819378
hdeAp2,0.3333333333333333,2,2,TCATATCGAGGGAGTAAGAA,0,1827155
hdeAp2,0.3333333333333333,2,2,TCAGCCGGTTTAGGTGGAAG,0,1772766
hdeAp2,0.3333333333333333,2,2,TCAGATAGACAGTCAATGTA,0,1777919
hdeAp2,0.3333333333333333,2,2,TCAGAGTTAAGTGCGAGTGT,0,1778928
hdeAp2,0.3333333333333333,2,2,TCAGAGTGGCCATCTAACCG,0,1778341
hdeAp2,0.3333333333333333,2,2,TCAGAACCTGTCGGTGTTAT,0,1773750
hdeAp2,0.3333333333333333,2,2,TCACTTCGTATTCGAGATGA,0,1809492
hdeAp2,0.3333333333333333,2,2,TCACGCCATTGCATCGATTT,0,1814598
hdeAp2,0.3333333333333333,2,2,TCACCTACAGATCTGAGATC,0,1791743
hdeAp2,0.3333333333333333,2,2,TCACCCCATGGAAACCTAAT,0,1797003
hdeAp2,0.3333333333333333,2,2,TCACAAAACGTCGAGCACCA,0,1823845
hdeAp2,0.3333333333333333,2,2,TCAATTCCCCCTCCGGGTAC,0,1787930
hdeAp2,0.3333333333333333,2,2,TCAATTCAGGCGCTACGCCC,0,1796399
hdeAp2,0.3333333333333333,2,2,TCAATGAGCATATTATCACC,0,1773741
hdeAp2,0.3333333333333333,2,2,TCAATATCTTCCGAAGCGTT,0,1823216
hdeAp2,0.3333333333333333,2,2,TCAATACGTATTATACTGGC,0,1796084
hdeAp2,0.3333333333333333,2,2,TCAAGTAGTCGTGTTTAATT,0,1781444
hdeAp2,0.3333333333333333,2,2,TCAAGAGTCTATATATTTAT,0,1807933
hdeAp2,0.3333333333333333,2,2,TCAAGAGAAACCGTACCGGT,0,1771719
hdeAp2,0.3333333333333333,2,2,TCAACGCAGTAGAGATCTTC,0,1820832
hdeAp2,0.3333333333333333,2,2,TCAACCGTGGTACGCTGGAA,0,1791896
hdeAp2,0.3333333333333333,2,2,TCAAAGAAGCAGAACTGTAA,0,1782434
hdeAp2,0.3333333333333333,2,2,TCAAAAGCGGAACGAAGACG,0,1819525
hdeAp2,0.3333333333333333,2,2,TATTTAAACCGGGCTAGCGG,0,1781209
hdeAp2,0.3333333333333333,2,2,TATTGCCAACGACGGAGTAG,0,1828017
hdeAp2,0.3333333333333333,2,2,TATGTCACCGGGTACACTCA,0,1774076
hdeAp2,0.3333333333333333,2,2,TATGTATGCTCCTAATCTTG,0,1828093
hdeAp2,0.3333333333333333,2,2,TATGGGATACTTGGCGACTT,0,1824619
hdeAp2,0.3333333333333333,2,2,TATGGAAACAAGTTGTTAGA,0,1771098
hdeAp2,0.3333333333333333,2,2,TATGCATCAACCCTTTCTCC,0,1776152
hdeAp2,0.3333333333333333,2,2,TATGAGGTGGGGAGCGGGAC,0,1818970
hdeAp2,0.3333333333333333,2,2,TATGAGAAACTGCCGCTGGA,0,1781404
hdeAp2,0.3333333333333333,2,2,TATCTGGGTTTGTGCAGATA,0,1819280
hdeAp2,0.3333333333333333,2,2,TATCGTATCCCATAGGCGCC,0,1790634
hdeAp2,0.3333333333333333,2,2,TATCGTACAGCACTCCAGGT,0,1826193
hdeAp2,0.3333333333333333,2,2,TATCGATGCGGGAGATGTGT,0,1784808
hdeAp2,0.3333333333333333,2,2,TATCCTGTTTAAGCTTGATC,0,1806333
hdeAp2,0.3333333333333333,2,2,TATCCCCAAGCCCGGCGGTT,0,1789468
hdeAp2,0.3333333333333333,2,2,TATCATTCGCGATCAAAAGG,0,1787886
hdeAp2,0.3333333333333333,2,2,TATCAGTAAAGCCACACGAA,0,1771904
hdeAp2,0.3333333333333333,2,2,TATCAATGTATCGCCTGGTG,0,1771373
hdeAp2,0.3333333333333333,2,2,TATCAATCGGCAGACATAAA,0,1818495
hdeAp2,0.3333333333333333,2,2,TATATGCGTGGCCAACGAAG,0,1787969
hdeAp2,0.3333333333333333,2,2,TATAGTCGAATGTAGTTGCG,0,1795371
hdeAp2,0.3333333333333333,2,2,TATAGGTGCCGAGTGGGTCA,0,1788008
hdeAp2,0.3333333333333333,2,2,TATAGAGCTCTATTCGGGGG,0,1788353
hdeAp2,0.3333333333333333,2,2,TATACGGAACGTAACGCGCA,0,1796110
hdeAp2,0.3333333333333333,2,2,TATACCCGTTCACTCGGGGT,0,1820514
hdeAp2,0.3333333333333333,2,2,TATAACCAGTACAAATGTCG,0,1801489
hdeAp2,0.3333333333333333,2,2,TATAAAGCTAGGCAGATGAG,0,1806444
hdeAp2,0.3333333333333333,2,2,TAGTTCATCTGTCCGGAATA,0,1801542
hdeAp2,0.3333333333333333,2,2,TAGTGGGGCCAGTAGGGTCC,0,1814491
hdeAp2,0.3333333333333333,2,2,TAGTAAATTCGGGACTTACG,0,1791767
hdeAp2,0.3333333333333333,2,2,TAGGTGACTGTGGAATTTTA,0,1783119
hdeAp2,0.3333333333333333,2,2,TAGGTGAACAGCATAGTTCA,0,1813812
hdeAp2,0.3333333333333333,2,2,TAGGTAGCTGATATTCGGTC,0,1793958
hdeAp2,0.3333333333333333,2,2,TAGGGTAACATCAAGTATTA,0,1792291
hdeAp2,0.3333333333333333,2,2,TAGGAATCGAAGTGCTCGTC,0,1822934
hdeAp2,0.3333333333333333,2,2,TAGGAAAGAGAAAGGCACGT,0,1781020
hdeAp2,0.3333333333333333,2,2,TAGCTCAGCAAGAACGCACA,0,1812744
hdeAp2,0.3333333333333333,2,2,TAGCGGGGTTGAGATACCTT,0,1780237
hdeAp2,0.3333333333333333,2,2,TAGCGGAAACAAGAGAATTA,0,1825160
hdeAp2,0.3333333333333333,2,2,TAGCGCTTATATTCCCAGAG,0,1824199
hdeAp2,0.3333333333333333,2,2,TAGCCTGACGCACTCCTGTA,0,1820666
hdeAp2,0.3333333333333333,2,2,TAGCCCGCTACGTTACTCGT,0,1823780
hdeAp2,0.3333333333333333,2,2,TAGCACACCCGTCAAGTATC,0,1791474
hdeAp2,0.3333333333333333,2,2,TAGATTCTTTCGGGTGTGAG,0,1781146
hdeAp2,0.3333333333333333,2,2,TAGATCGCCTCAAGACGAAA,0,1819995
hdeAp2,0.3333333333333333,2,2,TAGAGTGATCTTCATGCAGA,0,1790412
hdeAp2,0.3333333333333333,2,2,TAGAGACAGACGATGTTTAC,0,1781689
hdeAp2,0.3333333333333333,2,2,TAGACTGGATTCTGCGGCGG,0,1824638
hdeAp2,0.3333333333333333,2,2,TAGACTGACGCGAGAGTGAC,0,1800101
hdeAp2,0.3333333333333333,2,2,TAGACTGAAGCTCCCACCAT,0,1808980
hdeAp2,0.3333333333333333,2,2,TAGACACGCCTCAATCAGTG,0,1797470
hdeAp2,0.3333333333333333,2,2,TAGAATTGTAGGAGACAGTT,0,1791807
hdeAp2,0.3333333333333333,2,2,TAGAATGCGGCATAGGAGGC,0,1798310
hdeAp2,0.3333333333333333,2,2,TACTGATCTCTTCGCCAAGT,0,1774139
hdeAp2,0.3333333333333333,2,2,TACTATCAGCATGTTGCCGT,0,1811115
hdeAp2,0.3333333333333333,2,2,TACGTTTCAAGGAGTCAGAG,0,1817399
hdeAp2,0.3333333333333333,2,2,TACGTGTACAGTCGTCAGGG,0,1776701
hdeAp2,0.3333333333333333,2,2,TACGGCGAACATGTCGCCCG,0,1822409
hdeAp2,0.3333333333333333,2,2,TACGGCCAAGAATAGCGCGA,0,1800930
hdeAp2,0.3333333333333333,2,2,TACGCGGCCGGAGGACAAGA,0,1782871
hdeAp2,0.3333333333333333,2,2,TACGCCTAATTACGTCCAAT,0,1789725
hdeAp2,0.3333333333333333,2,2,TACGCACGGATCTTTAGTGC,0,1781857
hdeAp2,0.3333333333333333,2,2,TACGCAACACATCACCTATT,0,1776684
hdeAp2,0.3333333333333333,2,2,TACCTTGGTCAGTAAAGATC,0,1827994
hdeAp2,0.3333333333333333,2,2,TACCGCGATTCCGCCTAGGC,0,1785811
hdeAp2,0.3333333333333333,2,2,TACCCTCGGGTCTTCTCGAC,0,1824418
hdeAp2,0.3333333333333333,2,2,TACCCAATGCCTCATGTAAC,0,1773456
hdeAp2,0.3333333333333333,2,2,TACCCAACACATGTGACCCA,0,1804968
hdeAp2,0.3333333333333333,2,2,TACCATATGTTGCATTTGGG,0,1795693
hdeAp2,0.3333333333333333,2,2,TACCAGACCGCGTCTAGAGT,0,1784887
hdeAp2,0.3333333333333333,2,2,TACCACCGGGCGCTAGGCTA,0,1813456
hdeAp2,0.3333333333333333,2,2,TACCAACACTCAAGGTACTT,0,1825622
hdeAp2,0.3333333333333333,2,2,TACCAAAAGGATCTCATCGG,0,1788747
hdeAp2,0.3333333333333333,2,2,TACATTTAACGCATCTACGC,0,1781417
hdeAp2,0.3333333333333333,2,2,TACAGTCCTGATATGCATAT,0,1815815
hdeAp2,0.3333333333333333,2,2,TACAGGGGGGGCCAATGTAG,0,1801129
hdeAp2,0.3333333333333333,2,2,TACAGCTGGTATGAATGATA,0,1811431
hdeAp2,0.3333333333333333,2,2,TACAGCGAGAGTCAGGGATA,0,1824611
hdeAp2,0.3333333333333333,2,2,TACAGAATAAGGTCGAATTG,0,1791994
hdeAp2,0.3333333333333333,2,2,TACACGCGACTGCCTCCCGT,0,1801439
hdeAp2,0.3333333333333333,2,2,TACAATCAGTCACGTCTTTA,0,1819284
hdeAp2,0.3333333333333333,2,2,TAATTCAGAGTAGCCCAAAT,0,1817438
hdeAp2,0.3333333333333333,2,2,TAATGTTACGTAAGCTGGCA,0,1800463
hdeAp2,0.3333333333333333,2,2,TAATGACACCTTATATAATC,0,1814635
hdeAp2,0.3333333333333333,2,2,TAATCGCCTCGAATCGGCTC,0,1805532
hdeAp2,0.3333333333333333,2,2,TAATCAAAGATTTTCATGCA,0,1772053
hdeAp2,0.3333333333333333,2,2,TAATAGAGAACCTTTCTTGT,0,1824764
hdeAp2,0.3333333333333333,2,2,TAATAAAAGCAATGTTTGGG,0,1813838
hdeAp2,0.3333333333333333,2,2,TAAGTCGCTTGAGTCCGTAC,0,1772118
hdeAp2,0.3333333333333333,2,2,TAAGGTACAGAATCCGAGTG,0,1799043
hdeAp2,0.3333333333333333,2,2,TAAGCACCCCTGAATTGGAG,0,1814860
hdeAp2,0.3333333333333333,2,2,TAAGACACGTGGGTGGCGGG,0,1803020
hdeAp2,0.3333333333333333,2,2,TAACTGTGCAGCGAAGCATG,0,1823908
hdeAp2,0.3333333333333333,2,2,TAACTAAGGCCTATGTAGCA,0,1809795
hdeAp2,0.3333333333333333,2,2,TAACGCGGTCGCGGTCCGAA,0,1804972
hdeAp2,0.3333333333333333,2,2,TAACAAGCTTTGGTTGTGTG,0,1772793
hdeAp2,0.3333333333333333,2,2,TAAATTCAGGTCGCTTCCAC,0,1802571
hdeAp2,0.3333333333333333,2,2,TAAATTACGGGTCGGCAGGG,0,1796954
hdeAp2,0.3333333333333333,2,2,TAAATATCATCCGATATTGG,0,1786843
hdeAp2,0.3333333333333333,2,2,TAAAGTGTTAGCATACGCCT,0,1789613
hdeAp2,0.3333333333333333,2,2,TAAACTGCGTCAAATCTAGG,0,1785446
hdeAp2,0.3333333333333333,2,2,GTTTTGGTGGGATTGTTGTC,0,1824487
hdeAp2,0.3333333333333333,2,2,GTTTGTGCTTGTGATCAAAG,0,1819153
hdeAp2,0.3333333333333333,2,2,GTTTCTAAGCAATTCTACAG,0,1807975
hdeAp2,0.3333333333333333,2,2,GTTTATGAGTACGGGCGCTA,0,1779721
hdeAp2,0.3333333333333333,2,2,GTTGTTGGCTGGGACGAAGG,0,1778158
hdeAp2,0.3333333333333333,2,2,GTTGGTCTGGACTAGCACTG,0,1803789
hdeAp2,0.3333333333333333,2,2,GTTGGTATTAACAAGTATAG,0,1779019
hdeAp2,0.3333333333333333,2,2,GTTGGGCGATCACCGTACAC,0,1777382
hdeAp2,0.3333333333333333,2,2,GTTGCTACGCAGGTATGGTC,0,1812203
hdeAp2,0.3333333333333333,2,2,GTTGCGCCTGGGACAGCATG,0,1782248
hdeAp2,0.3333333333333333,2,2,GTTGCCGCGAGATTACGGAG,0,1794796
hdeAp2,0.3333333333333333,2,2,GTTGACAAGGCTTACAACGA,0,1810442
hdeAp2,0.3333333333333333,2,2,GTTCTTGCGTTCTCCCTAAT,0,1787144
hdeAp2,0.3333333333333333,2,2,GTTCTATGAAGTATGGTCCC,0,1780535
hdeAp2,0.3333333333333333,2,2,GTTCTAATTGATCAGGGAAG,0,1801333
hdeAp2,0.3333333333333333,2,2,GTTCGGACCCTCCAAGTAGT,0,1827451
hdeAp2,0.3333333333333333,2,2,GTTCCTTTGCATTGAGCGTC,0,1806652
hdeAp2,0.3333333333333333,2,2,GTTCCGGTGTACCTCCTACC,0,1777623
hdeAp2,0.3333333333333333,2,2,GTTATGCAGTCCGAGATATA,0,1802444
hdeAp2,0.3333333333333333,2,2,GTTAGTGCCTAGATGTTAAG,0,1794161
hdeAp2,0.3333333333333333,2,2,GTTAGCTCTGGCCCGTTCAC,0,1779281
hdeAp2,0.3333333333333333,2,2,GTGTTTTCCTAAAATCAGAT,0,1787419
hdeAp2,0.3333333333333333,2,2,GTGTTTGCTCTCTCCCTGGT,0,1780624
hdeAp2,0.3333333333333333,2,2,GTGTTTATAAGAGCATTTTG,0,1789266
hdeAp2,0.3333333333333333,2,2,GTGTTGATGGGGCCTTTTTT,0,1782298
hdeAp2,0.3333333333333333,2,2,GTGTTCCCGTCCTGATAGCG,0,1825534
hdeAp2,0.3333333333333333,2,2,GTGTTATAGCACGAAGATGT,0,1785976
hdeAp2,0.3333333333333333,2,2,GTGTTACACGCGAGAAAGCC,0,1777927
hdeAp2,0.3333333333333333,2,2,GTGTGCGAAGGAATAGACAG,0,1805159
hdeAp2,0.3333333333333333,2,2,GTGTGAAGATTAGCGGCTTT,0,1797924
hdeAp2,0.3333333333333333,2,2,GTGTCATGTTACTTTTACAT,0,1783474
hdeAp2,0.3333333333333333,2,2,GTGTATATAACTCCTTAGGG,0,1782244
hdeAp2,0.3333333333333333,2,2,GTGTACCAATAAGTCTTATT,0,1792068
hdeAp2,0.3333333333333333,2,2,GTGTAACTTACACGGGCTCC,0,1823804
hdeAp2,0.3333333333333333,2,2,GTGGTCTTTAAGGGGTTGAA,0,1775037
hdeAp2,0.3333333333333333,2,2,GTGGTCCTGGCTTTAATCCA,0,1820071
hdeAp2,0.3333333333333333,2,2,GTGGGTTTTGTGGCATATAG,0,1804926
hdeAp2,0.3333333333333333,2,2,GTGGGTATCAACATTTGTCT,0,1777209
hdeAp2,0.3333333333333333,2,2,GTGGGATATCCATGGGACCA,0,1799090
hdeAp2,0.3333333333333333,2,2,GTGGCGCGTACGTTACTCGA,0,1806557
hdeAp2,0.3333333333333333,2,2,GTGGCAGCCACTGCGAAGTA,0,1826823
hdeAp2,0.3333333333333333,2,2,GTGGATCGGCGGCATATTCA,0,1794232
hdeAp2,0.3333333333333333,2,2,GTGGAGCGTCCATCACAAGA,0,1807370
hdeAp2,0.3333333333333333,2,2,GTGGAAGTCCAATTCACTCG,0,1783585
hdeAp2,0.3333333333333333,2,2,GTGGAACATTCTAGCGGGTA,0,1815756
hdeAp2,0.3333333333333333,2,2,GTGGAACAACCCGCCTCATA,0,1804355
hdeAp2,0.3333333333333333,2,2,GTGCTCGAACGCCGCTATCC,0,1824879
hdeAp2,0.3333333333333333,2,2,GTGCGTGCCCTTAGGCGAGC,0,1786877
hdeAp2,0.3333333333333333,2,2,GTGCGTCGTGATTGGCACTC,0,1773615
hdeAp2,0.3333333333333333,2,2,GTGCGGTGCCCCTGGTACGT,0,1820657
hdeAp2,0.3333333333333333,2,2,GTGCGGTCTAGTACACCAAC,0,1822908
hdeAp2,0.3333333333333333,2,2,GTGCGGCGTCGGCACGCATT,0,1772464
hdeAp2,0.3333333333333333,2,2,GTGCGAGTGCCGACAGTTGT,0,1803923
hdeAp2,0.3333333333333333,2,2,GTGCCAGTAATAAGAAGAGA,0,1812462
hdeAp2,0.3333333333333333,2,2,GTGATTACGGACAGAACGAG,0,1786524
hdeAp2,0.3333333333333333,2,2,GTGAATGTCAACGTAAGATA,0,1822407
hdeAp2,0.3333333333333333,2,2,GTGAAGAGTCCCCTCTGACT,0,1825628
hdeAp2,0.3333333333333333,2,2,GTGAACTATTTGGGAGATTC,0,1786358
hdeAp2,0.3333333333333333,2,2,GTGAAAATTCAAGGTCCTAT,0,1801557
hdeAp2,0.3333333333333333,2,2,GTCTTCTTTTGCTGAAGATG,0,1824786
hdeAp2,0.3333333333333333,2,2,GTCTTATTCGTTTACGTGAA,0,1785362
hdeAp2,0.3333333333333333,2,2,GTCTTAAAGCTCACTCCTAC,0,1802877
hdeAp2,0.3333333333333333,2,2,GTCTGGCTTAGTTTTTAGCA,0,1812437
hdeAp2,0.3333333333333333,2,2,GTCTGCTAGTGTCTAACTAG,0,1780902
hdeAp2,0.3333333333333333,2,2,GTCTGCGGCGCGGAATTGTC,0,1777666
hdeAp2,0.3333333333333333,2,2,GTCTCAACCTATGGGGAGAA,0,1801988
hdeAp2,0.3333333333333333,2,2,GTCGCGGGCATATTTCTACG,0,1779148
hdeAp2,0.3333333333333333,2,2,GTCGCGAGGCATTATGGTTC,0,1797452
hdeAp2,0.3333333333333333,2,2,GTCCTGGGAGCTTGCGATTG,0,1805795
hdeAp2,0.3333333333333333,2,2,GTCCGTCTCGGTGCGGCCCC,0,1827743
hdeAp2,0.3333333333333333,2,2,GTCCCCGAGTCGGTACCGAG,0,1775493
hdeAp2,0.3333333333333333,2,2,GTCCAGTGACCGTTTACGGG,0,1810812
hdeAp2,0.3333333333333333,2,2,GTCATGTACTTTTTACACAA,0,1783591
hdeAp2,0.3333333333333333,2,2,GTCATGAAGGTAAGGGGAAC,0,1775040
hdeAp2,0.3333333333333333,2,2,GTCAGGCGAGTCCGCCGTAT,0,1772247
hdeAp2,0.3333333333333333,2,2,GTCACGGTCCGCGAAGGGAG,0,1802308
hdeAp2,0.3333333333333333,2,2,GTCACAGCTTGTCGGGCTCT,0,1793790
hdeAp2,0.3333333333333333,2,2,GTATTTGGCAGTATGTAGAC,0,1811309
hdeAp2,0.3333333333333333,2,2,GTATGTCGTGCGCGTTGAAT,0,1785866
hdeAp2,0.3333333333333333,2,2,GTATGCGACTGCCGCAGCGC,0,1814476
hdeAp2,0.3333333333333333,2,2,GTATGAACAGGATACGTTGC,0,1795191
hdeAp2,0.3333333333333333,2,2,GTATAGACTCGCGTTGTGTG,0,1821512
hdeAp2,0.3333333333333333,2,2,GTAGTTCATCATTCCAGTCC,0,1798644
hdeAp2,0.3333333333333333,2,2,GTAGTTCACAGACGCGACTC,0,1771544
hdeAp2,0.3333333333333333,2,2,GTAGGTTTGAATGTGGCTGA,0,1827877
hdeAp2,0.3333333333333333,2,2,GTAGGCCTGCTGAAGTAAGT,0,1784871
hdeAp2,0.3333333333333333,2,2,GTAGGCCCTCCAACCGAAAC,0,1775547
hdeAp2,0.3333333333333333,2,2,GTAGAGGGCTTGAGGGGCTC,0,1791688
hdeAp2,0.3333333333333333,2,2,GTACTTTGGCATGTAGCAAT,0,1793566
hdeAp2,0.3333333333333333,2,2,GTACTTCTGGTCATTAACGA,0,1809532
hdeAp2,0.3333333333333333,2,2,GTACTAAACTTCAAACATCA,0,1804516
hdeAp2,0.3333333333333333,2,2,GTACCCATACAGCCTGAGGT,0,1772335
hdeAp2,0.3333333333333333,2,2,GTACCATGTAACTGTCCCAA,0,1818993
hdeAp2,0.3333333333333333,2,2,GTACCATACATAAGTGCGAT,0,1774294
hdeAp2,0.3333333333333333,2,2,GTACCAGCGGTGGAATAGCA,0,1803388
hdeAp2,0.3333333333333333,2,2,GTACAGTCGAATCCGTAGGC,0,1812305
hdeAp2,0.3333333333333333,2,2,GTAATTGGCTAACCCCTAGA,0,1815159
hdeAp2,0.3333333333333333,2,2,GTAATGCCATGCACAACGCG,0,1781526
hdeAp2,0.3333333333333333,2,2,GTAATACACTAGGAAGCCGG,0,1802354
hdeAp2,0.3333333333333333,2,2,GTAATAACTTCTCGACGTGA,0,1787068
hdeAp2,0.3333333333333333,2,2,GTAAGAATTGCCGGAATGAG,0,1776085
hdeAp2,0.3333333333333333,2,2,GTAACCGGCAGCGGCTGGTC,0,1801312
hdeAp2,0.3333333333333333,2,2,GTAAACGCGGCTACCTACCA,0,1788828
hdeAp2,0.3333333333333333,2,2,GGTTTTTTACAACATCGCTC,0,1792197
hdeAp2,0.3333333333333333,2,2,GGTTTTAGCCATGGAGCCTT,0,1796356
hdeAp2,0.3333333333333333,2,2,GGTTTGGAAGTCTCTGCCAC,0,1779181
hdeAp2,0.3333333333333333,2,2,GGTTTCGTGATCAAACATTG,0,1827390
hdeAp2,0.3333333333333333,2,2,GGTTGTACTCGGGTGTAGCT,0,1826072
hdeAp2,0.3333333333333333,2,2,GGTTGGGTTTAACGACAAGT,0,1821463
hdeAp2,0.3333333333333333,2,2,GGTTGGAGTATCGCGCCGAC,0,1770969
hdeAp2,0.3333333333333333,2,2,GGTTAGTCTGCACTTTCGGC,0,1800564
hdeAp2,0.3333333333333333,2,2,GGTGTGGTGTGTAAGTCAGG,0,1791405
hdeAp2,0.3333333333333333,2,2,GGTGTCACGATCAGTTTTTT,0,1791769
hdeAp2,0.3333333333333333,2,2,GGTGGAGTCGGGTGAAGCTT,0,1770989
hdeAp2,0.3333333333333333,2,2,GGTGCTAGTAGGAGTCACCA,0,1804733
hdeAp2,0.3333333333333333,2,2,GGTGACGGCAGACTCTGTTT,0,1804096
hdeAp2,0.3333333333333333,2,2,GGTGAATTTACGCTACACGC,0,1818490
hdeAp2,0.3333333333333333,2,2,GGTGAATGACGGGTGGAGGT,0,1790809
hdeAp2,0.3333333333333333,2,2,GGTCTCTTCGCGCATCTCGA,0,1802803
hdeAp2,0.3333333333333333,2,2,GGTCTCGTTAATTCGCCCAT,0,1782050
hdeAp2,0.3333333333333333,2,2,GGTCGTTTGCAACTTCAGAA,0,1827281
hdeAp2,0.3333333333333333,2,2,GGTCGTGTGCGTCCCGAAGG,0,1805257
hdeAp2,0.3333333333333333,2,2,GGTCGTACCAGCGCATACCG,0,1791379
hdeAp2,0.3333333333333333,2,2,GGTCGTAACCATTCCCCTAA,0,1805730
hdeAp2,0.3333333333333333,2,2,GGTCGGTGAGGCTACATCGA,0,1814147
hdeAp2,0.3333333333333333,2,2,GGTCGGCCACAGTCTTTGTG,0,1776447
hdeAp2,0.3333333333333333,2,2,GGTCCGGCACACTGAGCCCT,0,1821166
hdeAp2,0.3333333333333333,2,2,GGTCCAGGGGTTCGGAAGTA,0,1788290
hdeAp2,0.3333333333333333,2,2,GGTCATGTCAACGGGGGAAA,0,1776398
hdeAp2,0.3333333333333333,2,2,GGTCACTGCTCCTGCTCACG,0,1809014
hdeAp2,0.3333333333333333,2,2,GGTATTCTCTACTGACCGGA,0,1793995
hdeAp2,0.3333333333333333,2,2,GGTATCGCTATATATAGTGG,0,1797041
hdeAp2,0.3333333333333333,2,2,GGTATAGCTATTCGGGACAA,0,1803389
hdeAp2,0.3333333333333333,2,2,GGTATAATATCTATGATCAA,0,1809697
hdeAp2,0.3333333333333333,2,2,GGTAGTAAGGGACACGCAAT,0,1808041
hdeAp2,0.3333333333333333,2,2,GGTAGTAAAGCTCCAGGCTG,0,1793117
hdeAp2,0.3333333333333333,2,2,GGTAGGTGGGACAATTTCAC,0,1785189
hdeAp2,0.3333333333333333,2,2,GGTAGCCACTTCCTCATGAG,0,1790229
hdeAp2,0.3333333333333333,2,2,GGTAGAGTAAACATGTGGTG,0,1783224
hdeAp2,0.3333333333333333,2,2,GGTAGAACTCAGCTCAACCT,0,1822206
hdeAp2,0.3333333333333333,2,2,GGTACTCCCGACTTGACAGG,0,1825911
hdeAp2,0.3333333333333333,2,2,GGTACCCGTTCTTCAATCCT,0,1818496
hdeAp2,0.3333333333333333,2,2,GGTACAGCGCTTTGTGTATA,0,1807278
hdeAp2,0.3333333333333333,2,2,GGTAACCGATAAACAGCGAG,0,1777707
hdeAp2,0.3333333333333333,2,2,GGTAACAAGAGCCCCAACAA,0,1826330
hdeAp2,0.3333333333333333,2,2,GGGTTCGGCTAAATCTATGA,0,1827423
hdeAp2,0.3333333333333333,2,2,GGGTTCCCCAAATGGTTTTA,0,1787670
hdeAp2,0.3333333333333333,2,2,GGGTTAGTCCTGACTGTACA,0,1816504
hdeAp2,0.3333333333333333,2,2,GGGTTAAGAAGGCGCCGTTG,0,1796946
hdeAp2,0.3333333333333333,2,2,GGGTGGGGGCGCATCGGACA,0,1813589
hdeAp2,0.3333333333333333,2,2,GGGTCGTAATAATAGGATAT,0,1798020
hdeAp2,0.3333333333333333,2,2,GGGTCGCCGGCATCGCCGAG,0,1783621
hdeAp2,0.3333333333333333,2,2,GGGTATCAAACAGGGGTTGT,0,1823802
hdeAp2,0.3333333333333333,2,2,GGGTATATGGCACGTTGGCA,0,1783600
hdeAp2,0.3333333333333333,2,2,GGGGTGTCTATGCTCAGAGT,0,1773801
hdeAp2,0.3333333333333333,2,2,GGGGTCGAGGGCATCCAGCG,0,1786191
hdeAp2,0.3333333333333333,2,2,GGGGTCCGTGAATCGCTTCG,0,1802281
hdeAp2,0.3333333333333333,2,2,GGGGGTTTTAACGCGTTAAG,0,1793138
hdeAp2,0.3333333333333333,2,2,GGGGGCATCGGGTTATTCAA,0,1818922
hdeAp2,0.3333333333333333,2,2,GGGGGACCCCTACTTATTAG,0,1779248
hdeAp2,0.3333333333333333,2,2,GGGGGACAGATATCCAGCAA,0,1788927
hdeAp2,0.3333333333333333,2,2,GGGGCGGACAATCCTCAGTA,0,1791542
hdeAp2,0.3333333333333333,2,2,GGGGCCTTCAAAATACCCTG,0,1772558
hdeAp2,0.3333333333333333,2,2,GGGGCACAGGAAGACTGATT,0,1797151
hdeAp2,0.3333333333333333,2,2,GGGGATATGGCGGTGCTCCT,0,1827264
hdeAp2,0.3333333333333333,2,2,GGGGAACAGTTATGCACGGC,0,1775761
hdeAp2,0.3333333333333333,2,2,GGGCCCGCTACGATCTTGTA,0,1783068
hdeAp2,0.3333333333333333,2,2,GGGCAGGAGGAGAACTGTCA,0,1777868
hdeAp2,0.3333333333333333,2,2,GGGCACCCCTTTCGTTGCGT,0,1788639
hdeAp2,0.3333333333333333,2,2,GGGATGAGTGCGTGACTCTA,0,1796136
hdeAp2,0.3333333333333333,2,2,GGGATCGATTGGACTATTGC,0,1787561
hdeAp2,0.3333333333333333,2,2,GGGAGGCGATCCCCTTACGC,0,1827060
hdeAp2,0.3333333333333333,2,2,GGGACCATCAATCGTTGTCG,0,1803038
hdeAp2,0.3333333333333333,2,2,GGGAATTCCGGAGTCTGATC,0,1812788
hdeAp2,0.3333333333333333,2,2,GGCTTGCCACGCGATAAATG,0,1818621
hdeAp2,0.3333333333333333,2,2,GGCTTAGCGGTTTGCGCTTC,0,1801078
hdeAp2,0.3333333333333333,2,2,GGCTGTGTCGCGCAAACTTT,0,1796771
hdeAp2,0.3333333333333333,2,2,GGCTGCCCTGTACAGAAAAG,0,1814287
hdeAp2,0.3333333333333333,2,2,GGCTGAACCTTAGTAGGCTA,0,1784380
hdeAp2,0.3333333333333333,2,2,GGCTAGTTTTGTTTTGTCTT,0,1796289
hdeAp2,0.3333333333333333,2,2,GGCTAATCGTAACAGTTGAC,0,1776286
hdeAp2,0.3333333333333333,2,2,GGCGTGATTGAATAAAGTAT,0,1795898
hdeAp2,0.3333333333333333,2,2,GGCGGGATACTTTAGACAAG,0,1776910
hdeAp2,0.3333333333333333,2,2,GGCGGCTCTCAGGTTAGCGA,0,1778452
hdeAp2,0.3333333333333333,2,2,GGCGGCGTGGGAATGAACCG,0,1784720
hdeAp2,0.3333333333333333,2,2,GGCGCGTAAGCGCGGGTGGT,0,1807454
hdeAp2,0.3333333333333333,2,2,GGCGCCCAGCACCATACAAC,0,1821508
hdeAp2,0.3333333333333333,2,2,GGCCTCGTAAGTTACACCTC,0,1828463
hdeAp2,0.3333333333333333,2,2,GGCCTCCATGGTAGGGGCAT,0,1789170
hdeAp2,0.3333333333333333,2,2,GGCCTACCCACACATGTCGA,0,1824502
hdeAp2,0.3333333333333333,2,2,GGCCGTCAGGTAATGAACTC,0,1775968
hdeAp2,0.3333333333333333,2,2,GGCCGGATTCCTTGGCACGA,0,1797281
hdeAp2,0.3333333333333333,2,2,GGCCCGCGTGGACCTTCACT,0,1784659
hdeAp2,0.3333333333333333,2,2,GGCCCAGTAAAGGTCTAACT,0,1816936
hdeAp2,0.3333333333333333,2,2,GGCATGGAATACTAAGCTAT,0,1809512
hdeAp2,0.3333333333333333,2,2,GGCATGACTTGGTTTCCGTC,0,1800228
hdeAp2,0.3333333333333333,2,2,GGCAGTCTAAGTGAGCGTTG,0,1784104
hdeAp2,0.3333333333333333,2,2,GGCAGTAGGGTGTGATAGCG,0,1791501
hdeAp2,0.3333333333333333,2,2,GGCAGCAACCGGTTGAAAGG,0,1776715
hdeAp2,0.3333333333333333,2,2,GGCACGTGTTGCGGTTGGGT,0,1817558
hdeAp2,0.3333333333333333,2,2,GGCACCTACGCAAGCGTGGC,0,1776154
hdeAp2,0.3333333333333333,2,2,GGCACAGAGGGGGATCCTTG,0,1783920
hdeAp2,0.3333333333333333,2,2,GGCACACGCAGCGTTTATGG,0,1802818
hdeAp2,0.3333333333333333,2,2,GGCAAGTTTGCACCGGGTTT,0,1822931
hdeAp2,0.3333333333333333,2,2,GGCAAGATCGAGGGTACTAT,0,1788662
hdeAp2,0.3333333333333333,2,2,GGATTTCCGATTGGCTACCA,0,1771131
hdeAp2,0.3333333333333333,2,2,GGATTATTTTGCGGACCCGT,0,1790221
hdeAp2,0.3333333333333333,2,2,GGATGTCTACGAGTCAGGGG,0,1784256
hdeAp2,0.3333333333333333,2,2,GGATCGCGACGACTAGGGTC,0,1790692
hdeAp2,0.3333333333333333,2,2,GGATCATTAAGGATTCTGCT,0,1785593
hdeAp2,0.3333333333333333,2,2,GGATCATAGACTTAGGCGGT,0,1824334
hdeAp2,0.3333333333333333,2,2,GGATATCCGAATATGATAAT,0,1806448
hdeAp2,0.3333333333333333,2,2,GGAGTTCTGACGAAGCCGCA,0,1800137
hdeAp2,0.3333333333333333,2,2,GGAGGCCCCGGAAACCATAT,0,1791966
hdeAp2,0.3333333333333333,2,2,GGAGGATGGGTACTTGCCGG,0,1772673
hdeAp2,0.3333333333333333,2,2,GGAGCGATATAACGATTTAC,0,1786943
hdeAp2,0.3333333333333333,2,2,GGAGCATGAGCTGCTAGGGG,0,1823276
hdeAp2,0.3333333333333333,2,2,GGAGCACCCCGTAGTTGCAT,0,1777429
hdeAp2,0.3333333333333333,2,2,GGAGATCCACGTGTTAACGG,0,1808414
hdeAp2,0.3333333333333333,2,2,GGACGGGCGTACGCGCGTGA,0,1783310
hdeAp2,0.3333333333333333,2,2,GGACATCGGGATCGGGGGGC,0,1793391
hdeAp2,0.3333333333333333,2,2,GGACAGGGACTGGGAAAATG,0,1782196
hdeAp2,0.3333333333333333,2,2,GGACAGGATCCGGCCGCGTG,0,1787722
hdeAp2,0.3333333333333333,2,2,GGACACGAGGGCTAGGCTAC,0,1783301
hdeAp2,0.3333333333333333,2,2,GGAATTTGAGTTCCCGTGTA,0,1807273
hdeAp2,0.3333333333333333,2,2,GGAATTGAGATATGATTGTT,0,1807690
hdeAp2,0.3333333333333333,2,2,GGAATGTTGGGTCAAGGTAA,0,1817028
hdeAp2,0.3333333333333333,2,2,GGAATGTCGTGGTGCAGATC,0,1801716
hdeAp2,0.3333333333333333,2,2,GGAATAGGCATCTTTTTTTT,0,1821078
hdeAp2,0.3333333333333333,2,2,GGAAGTTAGGGATAAGTATT,0,1807620
hdeAp2,0.3333333333333333,2,2,GGAAGAAGCAAAGACCACGT,0,1806140
hdeAp2,0.3333333333333333,2,2,GGAACCTTTGCATGGGCGCG,0,1822481
hdeAp2,0.3333333333333333,2,2,GGAACCTTCGGATTCAATAT,0,1783028
hdeAp2,0.3333333333333333,2,2,GGAACCTAATTACCCACCTT,0,1825691
hdeAp2,0.3333333333333333,2,2,GGAACATAGGTTCGTCGGCA,0,1798903
hdeAp2,0.3333333333333333,2,2,GGAAAAATACTAACAATGGG,0,1818119
hdeAp2,0.3333333333333333,2,2,GGAAAAAAAGTCATCTGCGG,0,1771808
hdeAp2,0.3333333333333333,2,2,GCTTTTGGTCTGACGGAAAT,0,1794432
hdeAp2,0.3333333333333333,2,2,GCTTTTATCGGGCGCCTTTC,0,1776211
hdeAp2,0.3333333333333333,2,2,GCTTTAGTATAATTGTACAT,0,1800385
hdeAp2,0.3333333333333333,2,2,GCTTGCTTAATCAGGAGGGG,0,1775113
hdeAp2,0.3333333333333333,2,2,GCTTGCCTTTGCAGAGGGTC,0,1791541
hdeAp2,0.3333333333333333,2,2,GCTTGATTCATGTGCCAGTT,0,1815778
hdeAp2,0.3333333333333333,2,2,GCTTCTTTGATTGGGGAGTG,0,1790413
hdeAp2,0.3333333333333333,2,2,GCTTCTGCAGGGTAGGTGAT,0,1814480
hdeAp2,0.3333333333333333,2,2,GCTTCCTGGACTGGTGTGGA,0,1789980
hdeAp2,0.3333333333333333,2,2,GCTTATCATTGCTTCCTGTT,0,1781843
hdeAp2,0.3333333333333333,2,2,GCTTAAAGGGTACCACCACT,0,1798008
hdeAp2,0.3333333333333333,2,2,GCTGTTTTTAGATTGATCCA,0,1813994
hdeAp2,0.3333333333333333,2,2,GCTGTTAAAGCTTGGCCACG,0,1779180
hdeAp2,0.3333333333333333,2,2,GCTGTGGACAGACCCATTGG,0,1791025
hdeAp2,0.3333333333333333,2,2,GCTGTGACGAATAACATCAG,0,1804666
hdeAp2,0.3333333333333333,2,2,GCTGGACTCCAGCGTAGACG,0,1827622
hdeAp2,0.3333333333333333,2,2,GCTGCACTAGCTTCTTCGGA,0,1786630
hdeAp2,0.3333333333333333,2,2,GCTCTGTTCCTCAATGCAGG,0,1788083
hdeAp2,0.3333333333333333,2,2,GCTCTATGGAAAGCATTGAA,0,1816139
hdeAp2,0.3333333333333333,2,2,GCTCGGTCTACATACGGGTT,0,1799923
hdeAp2,0.3333333333333333,2,2,GCTCGAGACGTTACTACGCT,0,1808033
hdeAp2,0.3333333333333333,2,2,GCTCCGTATGCCTACATATA,0,1777455
hdeAp2,0.3333333333333333,2,2,GCTCCCCACGCCAATCATGC,0,1801125
hdeAp2,0.3333333333333333,2,2,GCTCAAGATGATTGAAGGCC,0,1787010
hdeAp2,0.3333333333333333,2,2,GCTCAACCCACCGAGTATTC,0,1813282
hdeAp2,0.3333333333333333,2,2,GCTATCGCCTCATATTCGCG,0,1825867
hdeAp2,0.3333333333333333,2,2,GCTAGGTCTCACTCCTGAGT,0,1774196
hdeAp2,0.3333333333333333,2,2,GCTACTTGAGATGATCCCAC,0,1783306
hdeAp2,0.3333333333333333,2,2,GCTACTTGAGACATTTCACA,0,1804490
hdeAp2,0.3333333333333333,2,2,GCGTTCCAGTGACGGTTGCC,0,1809525
hdeAp2,0.3333333333333333,2,2,GCGTGGGTCAAATGCCACTG,0,1822264
hdeAp2,0.3333333333333333,2,2,GCGTCCTATTTTCATGCTGT,0,1773870
hdeAp2,0.3333333333333333,2,2,GCGTCATCAGTGCGCGTCAA,0,1802101
hdeAp2,0.3333333333333333,2,2,GCGTATCATTGGGAGACGTC,0,1813639
hdeAp2,0.3333333333333333,2,2,GCGTAATAAATTCATAAATA,0,1810837
hdeAp2,0.3333333333333333,2,2,GCGGTAAAAAAAATCCATAC,0,1793522
hdeAp2,0.3333333333333333,2,2,GCGGGGATAGATTACGTGCT,0,1793402
hdeAp2,0.3333333333333333,2,2,GCGGGCTAACGGCGCCTGTC,0,1786611
hdeAp2,0.3333333333333333,2,2,GCGGGCGAGAGGTGCACGTT,0,1785738
hdeAp2,0.3333333333333333,2,2,GCGGGAGCCCTGGGCTAGCT,0,1810107
hdeAp2,0.3333333333333333,2,2,GCGGGACCCTACTTGGTACT,0,1806341
hdeAp2,0.3333333333333333,2,2,GCGGCTCGAGTACTCACGCA,0,1789187
hdeAp2,0.3333333333333333,2,2,GCGGCATCGAACTTGTGTTC,0,1814648
hdeAp2,0.3333333333333333,2,2,GCGGAGCGACGGCAAGTCGG,0,1823693
hdeAp2,0.3333333333333333,2,2,GCGGAGATGACTGAGAAACT,0,1787469
hdeAp2,0.3333333333333333,2,2,GCGGACTTGTTTTTTTTCCT,0,1777065
hdeAp2,0.3333333333333333,2,2,GCGGAAGACAGGAAATCAGT,0,1804016
hdeAp2,0.3333333333333333,2,2,GCGGAACGAGTTATGGCCGC,0,1820930
hdeAp2,0.3333333333333333,2,2,GCGCTCCCGGCGAGGGTGAG,0,1822811
hdeAp2,0.3333333333333333,2,2,GCGCTAGTGGCAAACACGAA,0,1780921
hdeAp2,0.3333333333333333,2,2,GCGCGTCAGCAGGTCTTCTG,0,1819239
hdeAp2,0.3333333333333333,2,2,GCGCGACTGTGGGGGGCACA,0,1794369
hdeAp2,0.3333333333333333,2,2,GCGCCTTATGGGCGAGTGGA,0,1806650
hdeAp2,0.3333333333333333,2,2,GCGCCAATGGGCATTAACCT,0,1795931
hdeAp2,0.3333333333333333,2,2,GCGCATACTCCTGTGCTAGT,0,1809840
hdeAp2,0.3333333333333333,2,2,GCGCAGTCTGTCGATGAAGA,0,1822427
hdeAp2,0.3333333333333333,2,2,GCGCAAAACCCTCCATTCAA,0,1795771
hdeAp2,0.3333333333333333,2,2,GCGATTCTGAGCGTTACCGT,0,1788230
hdeAp2,0.3333333333333333,2,2,GCGATCGGGCTGTGATTGTG,0,1813184
hdeAp2,0.3333333333333333,2,2,GCGACCTACTTGTCGTTCAA,0,1811410
hdeAp2,0.3333333333333333,2,2,GCGACAAATGCGTATTCCCT,0,1813243
hdeAp2,0.3333333333333333,2,2,GCGAATTAGACCTTAAGTCA,0,1804026
hdeAp2,0.3333333333333333,2,2,GCGAAGCTCCTGTGAATGAT,0,1821336
hdeAp2,0.3333333333333333,2,2,GCCTTTTTTTTCTAAGTCAA,0,1787876
hdeAp2,0.3333333333333333,2,2,GCCTTCTACCTAGAAGACGC,0,1802608
hdeAp2,0.3333333333333333,2,2,GCCTTCCTACAAACGTGAAA,0,1803409
hdeAp2,0.3333333333333333,2,2,GCCTGAATACGTTCGCCCCA,0,1815654
hdeAp2,0.3333333333333333,2,2,GCCTGAACGCATGAAGAGCA,0,1794269
hdeAp2,0.3333333333333333,2,2,GCCTCTCTGGCACATAATGG,0,1822592
hdeAp2,0.3333333333333333,2,2,GCCTCCTGTACGTCGTGTAC,0,1814088
hdeAp2,0.3333333333333333,2,2,GCCTCATGTCGTGCCCATTG,0,1776266
hdeAp2,0.3333333333333333,2,2,GCCTAGGACTGTGAGTCCTT,0,1805085
hdeAp2,0.3333333333333333,2,2,GCCTACTACACGTTATTTGG,0,1787175
hdeAp2,0.3333333333333333,2,2,GCCGTCTCAACGAGCGGGGC,0,1811717
hdeAp2,0.3333333333333333,2,2,GCCGGGTGAGTTCTAGATTC,0,1806221
hdeAp2,0.3333333333333333,2,2,GCCGGGAATGGTCTGTATAC,0,1800624
hdeAp2,0.3333333333333333,2,2,GCCGCTGTCTGACGCATATA,0,1785124
hdeAp2,0.3333333333333333,2,2,GCCGCGGGCTCATTTCCGCG,0,1798242
hdeAp2,0.3333333333333333,2,2,GCCCTTGAGGGAGGATGGCA,0,1776517
hdeAp2,0.3333333333333333,2,2,GCCCTAGTGTTGGGATCTTG,0,1804094
hdeAp2,0.3333333333333333,2,2,GCCCGGCTGGTTGGGCATAC,0,1816278
hdeAp2,0.3333333333333333,2,2,GCCCGCGCATGTTGCTCAGG,0,1800420
hdeAp2,0.3333333333333333,2,2,GCCCGCATGTTTTGGAGCCT,0,1772482
hdeAp2,0.3333333333333333,2,2,GCCCGAGAACAGGCTTTACC,0,1825174
hdeAp2,0.3333333333333333,2,2,GCCCCCATGAAGGCTGGATA,0,1812354
hdeAp2,0.3333333333333333,2,2,GCCCACCTGTATCACCCGGA,0,1782025
hdeAp2,0.3333333333333333,2,2,GCCATCGGGTGGACTAGGAC,0,1816916
hdeAp2,0.3333333333333333,2,2,GCCAGTGCAAACCCAATTGC,0,1804086
hdeAp2,0.3333333333333333,2,2,GCCAGTCCATCTTGTCCGAA,0,1809301
hdeAp2,0.3333333333333333,2,2,GCCAGGCTCGCTCGCGGTTT,0,1800063
hdeAp2,0.3333333333333333,2,2,GCCAGCGAGCTAACACGGTA,0,1805496
hdeAp2,0.3333333333333333,2,2,GCCACTCAAGTTCGCAGCTA,0,1824566
hdeAp2,0.3333333333333333,2,2,GCCACTACCGTGGGAAACAA,0,1792349
hdeAp2,0.3333333333333333,2,2,GCCACGGGTTTCTGGGACAA,0,1817104
hdeAp2,0.3333333333333333,2,2,GCCACGATTCTATCTCCAAT,0,1805455
hdeAp2,0.3333333333333333,2,2,GCATTTAGATTAACAGGAGA,0,1776978
hdeAp2,0.3333333333333333,2,2,GCATTTACTCTCACGCCAAT,0,1790917
hdeAp2,0.3333333333333333,2,2,GCATGCAGCGCTGGTGCGGT,0,1824113
hdeAp2,0.3333333333333333,2,2,GCATGAGGGATATTTTCGTA,0,1826417
hdeAp2,0.3333333333333333,2,2,GCATCTCAGAAGCAGGTCAG,0,1776831
hdeAp2,0.3333333333333333,2,2,GCATCCTTATGGTGAAGAGT,0,1778383
hdeAp2,0.3333333333333333,2,2,GCATATTTGCTCCTTTACCT,0,1776816
hdeAp2,0.3333333333333333,2,2,GCATATTCAGGTGGATCGCT,0,1815186
hdeAp2,0.3333333333333333,2,2,GCATACGGTAGCGATTCTTG,0,1790955
hdeAp2,0.3333333333333333,2,2,GCATACGCTAAAGGTATTAG,0,1781283
hdeAp2,0.3333333333333333,2,2,GCAGTTGTCTTTAAGAGCGA,0,1790424
hdeAp2,0.3333333333333333,2,2,GCAGTCGCTTCGGCCGTCCA,0,1818957
hdeAp2,0.3333333333333333,2,2,GCAGGTCCACATTAAGGCTA,0,1816358
hdeAp2,0.3333333333333333,2,2,GCAGATGGGAGTAGGTACGT,0,1787664
hdeAp2,0.3333333333333333,2,2,GCACTGCAAGCGCGTTTTTA,0,1777660
hdeAp2,0.3333333333333333,2,2,GCACGTCTTTGACGTGGGAC,0,1800548
hdeAp2,0.3333333333333333,2,2,GCACGCCTTTACCGTCAAGC,0,1777093
hdeAp2,0.3333333333333333,2,2,GCACCGGGTACAGGCGTGAA,0,1809768
hdeAp2,0.3333333333333333,2,2,GCACCCTTCTCGCAATGCTA,0,1820123
hdeAp2,0.3333333333333333,2,2,GCACAGCGCGCATTTGCCTG,0,1806494
hdeAp2,0.3333333333333333,2,2,GCAATGTAGCGCGACCCACG,0,1807228
hdeAp2,0.3333333333333333,2,2,GCAATCGATATTGGGCTGAC,0,1817267
hdeAp2,0.3333333333333333,2,2,GCAATACTCGGCATTGTGGA,0,1805836
hdeAp2,0.3333333333333333,2,2,GCAAGTTCTGTCCACAATGT,0,1820090
hdeAp2,0.3333333333333333,2,2,GCAAGTTAGCGTGTTGCGTG,0,1780446
hdeAp2,0.3333333333333333,2,2,GCAAGTCGCAGACTTTTCTG,0,1794040
hdeAp2,0.3333333333333333,2,2,GCAACGTGAAGGTCAACCGA,0,1817278
hdeAp2,0.3333333333333333,2,2,GCAACGAGTAGCGTCCCTTG,0,1809796
hdeAp2,0.3333333333333333,2,2,GCAAAGCCTCGAATGGCTTC,0,1784727
hdeAp2,0.3333333333333333,2,2,GCAAACGACGTGTGGTTAAA,0,1805780
hdeAp2,0.3333333333333333,2,2,GCAAAAAGTCTTCCGCGCGC,0,1812988
hdeAp2,0.3333333333333333,2,2,GATTGTTCGCTGGGCTCGAA,0,1799241
hdeAp2,0.3333333333333333,2,2,GATTGAATGGGCTTATCGTT,0,1778326
hdeAp2,0.3333333333333333,2,2,GATTCCGTTGGCCGCCTCTC,0,1824439
hdeAp2,0.3333333333333333,2,2,GATTCACCAGAGTCCCATAA,0,1784975
hdeAp2,0.3333333333333333,2,2,GATTAGGACACGTTCGGTTG,0,1804263
hdeAp2,0.3333333333333333,2,2,GATTACATATGGCTTACGAG,0,1785038
hdeAp2,0.3333333333333333,2,2,GATGTGGTAACCTCGAGGAA,0,1816770
hdeAp2,0.3333333333333333,2,2,GATGTCAACCGGCCCGGGTG,0,1793144
hdeAp2,0.3333333333333333,2,2,GATGTACTACGTCGGTGAGT,0,1774262
hdeAp2,0.3333333333333333,2,2,GATGCGCGTACCGCCTCCAA,0,1788325
hdeAp2,0.3333333333333333,2,2,GATGCCCCTGAGATCTTCAA,0,1797430
hdeAp2,0.3333333333333333,2,2,GATGAGGGCATTCATCGATG,0,1774806
hdeAp2,0.3333333333333333,2,2,GATGAGCGGAAACAGAAGAC,0,1778478
hdeAp2,0.3333333333333333,2,2,GATGAGACCAGCGCATATTA,0,1784031
hdeAp2,0.3333333333333333,2,2,GATGACTTTTTGACTCAGGT,0,1809269
hdeAp2,0.3333333333333333,2,2,GATCTATGTAGGTGTACAAA,0,1809109
hdeAp2,0.3333333333333333,2,2,GATCCGCTCGGGGTCTACTT,0,1781649
hdeAp2,0.3333333333333333,2,2,GATCCCGAACCTAGGCTTCA,0,1824805
hdeAp2,0.3333333333333333,2,2,GATCAGGCAATGTTGAGAGG,0,1805947
hdeAp2,0.3333333333333333,2,2,GATAGACCAGTAGACGCCCG,0,1807052
hdeAp2,0.3333333333333333,2,2,GATAACGGCATTCTACGAAC,0,1802760
hdeAp2,0.3333333333333333,2,2,GATAACACAGGTTGGGCCGA,0,1810500
hdeAp2,0.3333333333333333,2,2,GAGTTTCACTTGGATTCAAC,0,1785848
hdeAp2,0.3333333333333333,2,2,GAGTTATGACCGTCCGGCAG,0,1775836
hdeAp2,0.3333333333333333,2,2,GAGTGTTCCGTTCGGGTTCC,0,1822128
hdeAp2,0.3333333333333333,2,2,GAGTGTTACTAATTAAGATC,0,1802087
hdeAp2,0.3333333333333333,2,2,GAGTGGTGTTACGTACGAAG,0,1815445
hdeAp2,0.3333333333333333,2,2,GAGTGGTATAGGTGTTAACT,0,1812093
hdeAp2,0.3333333333333333,2,2,GAGTGACTGGAAACGCTACG,0,1788266
hdeAp2,0.3333333333333333,2,2,GAGTCAGTGATTGTGAAGAA,0,1782515
hdeAp2,0.3333333333333333,2,2,GAGTACTTAGGGTCTGATTG,0,1774030
hdeAp2,0.3333333333333333,2,2,GAGGTACGGGCATCTCTACA,0,1805722
hdeAp2,0.3333333333333333,2,2,GAGGGTCAGGACGAACGACA,0,1810853
hdeAp2,0.3333333333333333,2,2,GAGGGTCAAATTAGCATGTC,0,1793146
hdeAp2,0.3333333333333333,2,2,GAGGGCGACAAGGATTCATG,0,1794447
hdeAp2,0.3333333333333333,2,2,GAGGAAGCACAGTGCGGGTG,0,1802319
hdeAp2,0.3333333333333333,2,2,GAGCGATCGCTATCGTTATA,0,1801741
hdeAp2,0.3333333333333333,2,2,GAGCGAGTTATCACCCGCAT,0,1809787
hdeAp2,0.3333333333333333,2,2,GAGCCATTAGACCCTGAACT,0,1793865
hdeAp2,0.3333333333333333,2,2,GAGCAGCAAGGGAAGTTACT,0,1789783
hdeAp2,0.3333333333333333,2,2,GAGCACGGTAGGCCTGAGCT,0,1774074
hdeAp2,0.3333333333333333,2,2,GAGATGTGTATCGTAACATT,0,1787717
hdeAp2,0.3333333333333333,2,2,GAGATGATTCGCGCGCTCAT,0,1792119
hdeAp2,0.3333333333333333,2,2,GAGATAGGACGTAGACCTCG,0,1822737
hdeAp2,0.3333333333333333,2,2,GAGACGTTCTATGCGCCGAT,0,1808504
hdeAp2,0.3333333333333333,2,2,GAGAATTTAATTTCCCCTCT,0,1821137
hdeAp2,0.3333333333333333,2,2,GAGAATTGGGGCAAGTTTAG,0,1773144
hdeAp2,0.3333333333333333,2,2,GAGAATAATCGTTTAGAGTT,0,1805993
hdeAp2,0.3333333333333333,2,2,GAGAAGCTAATGAGGACATT,0,1828281
hdeAp2,0.3333333333333333,2,2,GAGAAACGCGTAGTTCAGTT,0,1811658
hdeAp2,0.3333333333333333,2,2,GACTTGCATAGTTGGACGAC,0,1773019
hdeAp2,0.3333333333333333,2,2,GACTGTTAGTTTGTCTCGTT,0,1798685
hdeAp2,0.3333333333333333,2,2,GACTGTCTAGGTGAGAGTAC,0,1827689
hdeAp2,0.3333333333333333,2,2,GACTGAGTATTCTGTGACCG,0,1806482
hdeAp2,0.3333333333333333,2,2,GACTAACGTTTGGATCAGCG,0,1815053
hdeAp2,0.3333333333333333,2,2,GACGTGACGTTGCGCTAAAA,0,1785942
hdeAp2,0.3333333333333333,2,2,GACGGTGGGGAACGTGACCA,0,1806536
hdeAp2,0.3333333333333333,2,2,GACGGGGTCATTCCTCTTTC,0,1798189
hdeAp2,0.3333333333333333,2,2,GACGGGACGGGGGTGTATGA,0,1790715
hdeAp2,0.3333333333333333,2,2,GACGGCTCGATGCCCGGCAT,0,1817966
hdeAp2,0.3333333333333333,2,2,GACGGCAAGACACTAACCAT,0,1797169
hdeAp2,0.3333333333333333,2,2,GACGCGAGTGAGCGTTAGAG,0,1776853
hdeAp2,0.3333333333333333,2,2,GACGCAGTTTGGTGACGCAG,0,1787459
hdeAp2,0.3333333333333333,2,2,GACGCAATCTGCCCAATCCA,0,1814849
hdeAp2,0.3333333333333333,2,2,GACGCAAAGAGCTCGTACGT,0,1803548
hdeAp2,0.3333333333333333,2,2,GACCTTAGTTTTATTTAGCA,0,1805381
hdeAp2,0.3333333333333333,2,2,GACCTTAACCAATGGCGTTG,0,1812322
hdeAp2,0.3333333333333333,2,2,GACCTCTTTAGCAGCATAGG,0,1778896
hdeAp2,0.3333333333333333,2,2,GACCCTTGAGATCTACTATC,0,1795782
hdeAp2,0.3333333333333333,2,2,GACCCGTCTGGATAATGGTT,0,1778637
hdeAp2,0.3333333333333333,2,2,GACCCCTTACCGAGTCAGAT,0,1779618
hdeAp2,0.3333333333333333,2,2,GACCATATGCTGTGGGAGGG,0,1790939
hdeAp2,0.3333333333333333,2,2,GACCAAACTCCTTTTTGCGG,0,1823149
hdeAp2,0.3333333333333333,2,2,GACATGCAAGGCTCCTGGCC,0,1803651
hdeAp2,0.3333333333333333,2,2,GACATGACAGGACTTGTGGG,0,1771570
hdeAp2,0.3333333333333333,2,2,GACAGGCAGATGTAACGTCG,0,1779276
hdeAp2,0.3333333333333333,2,2,GACACACCGCCTTCAACGCT,0,1820366
hdeAp2,0.3333333333333333,2,2,GACAACAGCGAGCGCATTTA,0,1825040
hdeAp2,0.3333333333333333,2,2,GAATTCGATAACTATCCGTT,0,1781615
hdeAp2,0.3333333333333333,2,2,GAATTATGCAGTCGTTCAAC,0,1819819
hdeAp2,0.3333333333333333,2,2,GAATTACGAGTCGTTAACAC,0,1785080
hdeAp2,0.3333333333333333,2,2,GAATGTCTCTCGGTTAACAG,0,1800705
hdeAp2,0.3333333333333333,2,2,GAATGATTACCATTAGTGTC,0,1804978
hdeAp2,0.3333333333333333,2,2,GAATACCAGCCCTCAGTCTC,0,1796138
hdeAp2,0.3333333333333333,2,2,GAAGTGAGATCGGAAACCTC,0,1809361
hdeAp2,0.3333333333333333,2,2,GAAGTCTAGCAGGGCACGAT,0,1813271
hdeAp2,0.3333333333333333,2,2,GAAGGCCCAGTGCGTCAGAT,0,1816625
hdeAp2,0.3333333333333333,2,2,GAAGCGGATTGTCCACCATT,0,1772701
hdeAp2,0.3333333333333333,2,2,GAAGAGGGCGCGCATTGAAA,0,1793288
hdeAp2,0.3333333333333333,2,2,GAAGAAAAATCATTCTCACT,0,1799304
hdeAp2,0.3333333333333333,2,2,GAACTCGAATACAAAGTTCC,0,1823273
hdeAp2,0.3333333333333333,2,2,GAACGGCCGAAAGTTGGCGA,0,1807496
hdeAp2,0.3333333333333333,2,2,GAACGAAGACCTCTGGCCAT,0,1824124
hdeAp2,0.3333333333333333,2,2,GAACCCTTATTTGAAAGCAG,0,1823849
hdeAp2,0.3333333333333333,2,2,GAACCATCGCAACATGCAAA,0,1789250
hdeAp2,0.3333333333333333,2,2,GAACAGAAAACCATCAGTCC,0,1812885
hdeAp2,0.3333333333333333,2,2,GAACAAGACAAAATGTAATG,0,1778622
hdeAp2,0.3333333333333333,2,2,GAAATGTGAACTCATTACTG,0,1773594
hdeAp2,0.3333333333333333,2,2,GAAATGCAAGGCCTGACAAT,0,1823320
hdeAp2,0.3333333333333333,2,2,GAAATCTACCAGTTCGATAC,0,1825642
hdeAp2,0.3333333333333333,2,2,GAAATCATGCACACCGGCGA,0,1807632
hdeAp2,0.3333333333333333,2,2,GAAATAGCCGACTTGATGGG,0,1818920
hdeAp2,0.3333333333333333,2,2,GAAAGCTAGTCGCGTACGGG,0,1794948
hdeAp2,0.3333333333333333,2,2,GAAACGCTTTAGATTTTGTC,0,1816878
hdeAp2,0.3333333333333333,2,2,GAAAAAACGTTGAGTGGCAG,0,1793049
hdeAp2,0.3333333333333333,2,2,CTTTTTAGTGATGGGAGGTG,0,1826673
hdeAp2,0.3333333333333333,2,2,CTTTTAGACGCACCCTATCC,0,1807941
hdeAp2,0.3333333333333333,2,2,CTTTTACGGTGACTATAATT,0,1803675
hdeAp2,0.3333333333333333,2,2,CTTTGGATGCAAGATCCCCC,0,1778752
hdeAp2,0.3333333333333333,2,2,CTTTGAGGGGGAGGTACCAT,0,1772280
hdeAp2,0.3333333333333333,2,2,CTTTCTACGAAGACTCGGGG,0,1781017
hdeAp2,0.3333333333333333,2,2,CTTTCGGAGCGGAATATGCG,0,1822352
hdeAp2,0.3333333333333333,2,2,CTTTATAACAGTGCACAAAA,0,1799937
hdeAp2,0.3333333333333333,2,2,CTTTAACCGTAGAAGTTCAG,0,1817577
hdeAp2,0.3333333333333333,2,2,CTTGTCTAGGGTTGGCGAAG,0,1819768
hdeAp2,0.3333333333333333,2,2,CTTGTCAACGACGTGAGGGA,0,1799337
hdeAp2,0.3333333333333333,2,2,CTTGTATGTACTCATGTAAG,0,1799682
hdeAp2,0.3333333333333333,2,2,CTTGGTTCTTTTAAGGATCT,0,1808744
hdeAp2,0.3333333333333333,2,2,CTTGCATGGTTCCCTTACTT,0,1780336
hdeAp2,0.3333333333333333,2,2,CTTGATAGCACTGCTATTGG,0,1787239
hdeAp2,0.3333333333333333,2,2,CTTGAGTTGTGTTCTGATGG,0,1789767
hdeAp2,0.3333333333333333,2,2,CTTGAGAGCGGCGGCCCTAC,0,1807303
hdeAp2,0.3333333333333333,2,2,CTTGAACACTGCACATGTGG,0,1813935
hdeAp2,0.3333333333333333,2,2,CTTCTTACCGCACTTACAGC,0,1777533
hdeAp2,0.3333333333333333,2,2,CTTCCCTGGCTAGATTGACC,0,1817621
hdeAp2,0.3333333333333333,2,2,CTTCCCTCGTCGTAAATTCC,0,1791217
hdeAp2,0.3333333333333333,2,2,CTTCATGGCGCTTCAATGAT,0,1777897
hdeAp2,0.3333333333333333,2,2,CTTCATCGTTTTCCTCGTCT,0,1783114
hdeAp2,0.3333333333333333,2,2,CTTCATATCGGACAATCCTC,0,1793694
hdeAp2,0.3333333333333333,2,2,CTTCAAGTGAGGTTAGTTTT,0,1803323
hdeAp2,0.3333333333333333,2,2,CTTATCGGCAGACGGCGCGT,0,1803583
hdeAp2,0.3333333333333333,2,2,CTTATCAGATTCTAGGCATT,0,1809007
hdeAp2,0.3333333333333333,2,2,CTTAGAGGTCCTTGTATCAA,0,1813580
hdeAp2,0.3333333333333333,2,2,CTTAGAGCGGCCCACTTGTT,0,1772994
hdeAp2,0.3333333333333333,2,2,CTTAGAGACCACGTAGTCTG,0,1819685
hdeAp2,0.3333333333333333,2,2,CTTACTCGTCCTGCTACGTA,0,1803762
hdeAp2,0.3333333333333333,2,2,CTTACGCGTAACGAAGCTTT,0,1797703
hdeAp2,0.3333333333333333,2,2,CTTACCGATCCGTACCCCTA,0,1809394
hdeAp2,0.3333333333333333,2,2,CTTACAGGCTGAACCTCCTG,0,1804024
hdeAp2,0.3333333333333333,2,2,CTGTTGAAGGAAAGGATACT,0,1826609
hdeAp2,0.3333333333333333,2,2,CTGTTCTTGCATCTAAGTGG,0,1820077
hdeAp2,0.3333333333333333,2,2,CTGTTCCATAGATCGCTTGG,0,1800500
hdeAp2,0.3333333333333333,2,2,CTGTTAGCACTGTGTAAAAC,0,1791498
hdeAp2,0.3333333333333333,2,2,CTGTTAAGCCTTTTTGGGCG,0,1805952
hdeAp2,0.3333333333333333,2,2,CTGTGATGTCGGCAATCGTT,0,1781263
hdeAp2,0.3333333333333333,2,2,CTGTCCGGTAGGGCTCCCTG,0,1818684
hdeAp2,0.3333333333333333,2,2,CTGGTGGCCTGTCATGCACG,0,1778625
hdeAp2,0.3333333333333333,2,2,CTGGTGGATACTACAGTCTC,0,1794663
hdeAp2,0.3333333333333333,2,2,CTGGTGCCAGGATTCTGAGA,0,1793406
hdeAp2,0.3333333333333333,2,2,CTGGGTTTCACGTTCTTCTC,0,1815018
hdeAp2,0.3333333333333333,2,2,CTGGGTGACCTGCGTGGTAC,0,1783457
hdeAp2,0.3333333333333333,2,2,CTGGGTAGTCCGGATGTGTT,0,1805818
hdeAp2,0.3333333333333333,2,2,CTGGGGCATTAGTCTACGTG,0,1782988
hdeAp2,0.3333333333333333,2,2,CTGGGGAGAGGGGCCTGTGT,0,1822460
hdeAp2,0.3333333333333333,2,2,CTGGGATTTCGGTCGATACA,0,1823290
hdeAp2,0.3333333333333333,2,2,CTGGCGAGATACGTAGATCT,0,1787236
hdeAp2,0.3333333333333333,2,2,CTGGCCTCGACCAGCCCCTG,0,1791822
hdeAp2,0.3333333333333333,2,2,CTGGATCGGAATCGGTAATT,0,1789038
hdeAp2,0.3333333333333333,2,2,CTGGAGGAGAATTCATAAGG,0,1786316
hdeAp2,0.3333333333333333,2,2,CTGCTCCGTCTAGGACAAGG,0,1799873
hdeAp2,0.3333333333333333,2,2,CTGCTCATGCGTTCGTAGGC,0,1827108
hdeAp2,0.3333333333333333,2,2,CTGCGGAAGGAGGCATCCAG,0,1794562
hdeAp2,0.3333333333333333,2,2,CTGCGCGTCTTATAGTCGGT,0,1794142
hdeAp2,0.3333333333333333,2,2,CTGCGCCAGATCGTCTAACC,0,1812479
hdeAp2,0.3333333333333333,2,2,CTGCCTACACGGCCCGGTTA,0,1785021
hdeAp2,0.3333333333333333,2,2,CTGCCCTTGGATAAGGCCAA,0,1779282
hdeAp2,0.3333333333333333,2,2,CTGCCATTGCCGAACTGGAT,0,1778426
hdeAp2,0.3333333333333333,2,2,CTGCCATGCAGAATGAGCAA,0,1801521
hdeAp2,0.3333333333333333,2,2,CTGCATTGCCCAAAGCAGGA,0,1786214
hdeAp2,0.3333333333333333,2,2,CTGCACATATCACGCTACGG,0,1776269
hdeAp2,0.3333333333333333,2,2,CTGCAATTAAAACACACCGG,0,1785683
hdeAp2,0.3333333333333333,2,2,CTGCAATGCACGCCTACCGG,0,1785302
hdeAp2,0.3333333333333333,2,2,CTGCAAATGTTTGTTAGGAC,0,1774921
hdeAp2,0.3333333333333333,2,2,CTGATGGCCGGTCCGGCTTT,0,1773674
hdeAp2,0.3333333333333333,2,2,CTGAGACCCAACTGACCTCC,0,1789314
hdeAp2,0.3333333333333333,2,2,CTGACTAACGAAGAATACCG,0,1791546
hdeAp2,0.3333333333333333,2,2,CTGACGACCTAGACTCAGTA,0,1806453
hdeAp2,0.3333333333333333,2,2,CTGACCTAGTGCTTAGCAAC,0,1803787
hdeAp2,0.3333333333333333,2,2,CTGACCCTCTATTAGTGCCT,0,1783672
hdeAp2,0.3333333333333333,2,2,CTCTGTCTGACGGGTTCTCC,0,1823570
hdeAp2,0.3333333333333333,2,2,CTCTGGTTGGGCCAGTATGA,0,1788112
hdeAp2,0.3333333333333333,2,2,CTCTCACTGGATCTTATCCT,0,1773770
hdeAp2,0.3333333333333333,2,2,CTCGTTCCACACGCATTTCA,0,1775016
hdeAp2,0.3333333333333333,2,2,CTCGTGACCTAGGGTGTGGA,0,1785246
hdeAp2,0.3333333333333333,2,2,CTCGCGCCTTAGGATGACGG,0,1806398
hdeAp2,0.3333333333333333,2,2,CTCGCATGTGCTCTCTCGTG,0,1803329
hdeAp2,0.3333333333333333,2,2,CTCCGTATATACATGGCATC,0,1826525
hdeAp2,0.3333333333333333,2,2,CTCCCGTCAAAATAGTTTAG,0,1811680
hdeAp2,0.3333333333333333,2,2,CTCCCCTGGCTTGACTTTCA,0,1821638
hdeAp2,0.3333333333333333,2,2,CTCCCCTCTTACAGAGGCTT,0,1826586
hdeAp2,0.3333333333333333,2,2,CTCCAGCAAGCTAATAGTCT,0,1772141
hdeAp2,0.3333333333333333,2,2,CTCATGAGGAATCCGCCCCT,0,1777696
hdeAp2,0.3333333333333333,2,2,CTCAGCCACCTAGATTCCGC,0,1825044
hdeAp2,0.3333333333333333,2,2,CTCACTTTTTCGGTAATCGT,0,1815587
hdeAp2,0.3333333333333333,2,2,CTCACTTAAAAATATGTTAA,0,1791183
hdeAp2,0.3333333333333333,2,2,CTCAATCATTGTCTCGTCCC,0,1826106
hdeAp2,0.3333333333333333,2,2,CTATTCTCCGCATTTGATCA,0,1825489
hdeAp2,0.3333333333333333,2,2,CTATGCCCCCGGGCCTCACT,0,1798809
hdeAp2,0.3333333333333333,2,2,CTATGCCATCAATGGGATTC,0,1814666
hdeAp2,0.3333333333333333,2,2,CTATGATCTCGGCGGGAATT,0,1776191
hdeAp2,0.3333333333333333,2,2,CTATCTAAGGACAGGCCGAA,0,1782746
hdeAp2,0.3333333333333333,2,2,CTATCAAGACTGTGAGGACC,0,1786419
hdeAp2,0.3333333333333333,2,2,CTATACATCAAAGGACACAT,0,1813334
hdeAp2,0.3333333333333333,2,2,CTAGTTGTCAGCTATAAGTT,0,1810741
hdeAp2,0.3333333333333333,2,2,CTAGTGTTATCTGGAGAATT,0,1780717
hdeAp2,0.3333333333333333,2,2,CTAGTGCGCGAAGCCGTGAC,0,1793431
hdeAp2,0.3333333333333333,2,2,CTAGTCACGTAGCTGTTTTT,0,1811325
hdeAp2,0.3333333333333333,2,2,CTAGGCTATAATTCGGGTTG,0,1781746
hdeAp2,0.3333333333333333,2,2,CTAGGCGTGAATGCTGAGTA,0,1800334
hdeAp2,0.3333333333333333,2,2,CTAGCGTGGTTACCAACCGC,0,1795559
hdeAp2,0.3333333333333333,2,2,CTAGCATATGCACAGAGATA,0,1821323
hdeAp2,0.3333333333333333,2,2,CTACTCACGAGCGCTCAGTA,0,1803901
hdeAp2,0.3333333333333333,2,2,CTACTAGAGAAACACGTCCA,0,1813350
hdeAp2,0.3333333333333333,2,2,CTACGCGCCAAGCACGAAGA,0,1795649
hdeAp2,0.3333333333333333,2,2,CTACGACACTGGACAGCGCA,0,1806236
hdeAp2,0.3333333333333333,2,2,CTACATTTCAACCTCGCATT,0,1785544
hdeAp2,0.3333333333333333,2,2,CTACACACTGATAGCTTATT,0,1773219
hdeAp2,0.3333333333333333,2,2,CTAAGGGACCTTAGCTGTTA,0,1792109
hdeAp2,0.3333333333333333,2,2,CTAAGACAAACCAGACTCGC,0,1809196
hdeAp2,0.3333333333333333,2,2,CTAAACTTAGCGGTTGCAAC,0,1771957
hdeAp2,0.3333333333333333,2,2,CGTTTGCTGCCTTGAGTGTG,0,1797813
hdeAp2,0.3333333333333333,2,2,CGTTGGGACATAGGTTATTC,0,1801529
hdeAp2,0.3333333333333333,2,2,CGTTAGTAAATGTTGGGAAT,0,1789608
hdeAp2,0.3333333333333333,2,2,CGTGGTCGCCGGCGTATACA,0,1804792
hdeAp2,0.3333333333333333,2,2,CGTGGTCCTCTCTGGCACGG,0,1778887
hdeAp2,0.3333333333333333,2,2,CGTGGGTCGGGAGTTAAGAG,0,1777702
hdeAp2,0.3333333333333333,2,2,CGTGGCAGACTGCACTCAAA,0,1792420
hdeAp2,0.3333333333333333,2,2,CGTGATCCGCTGTTGAGTTT,0,1775326
hdeAp2,0.3333333333333333,2,2,CGTGAGTAGTTCCTTCAACT,0,1784060
hdeAp2,0.3333333333333333,2,2,CGTGACGTGTTCATAGCTCT,0,1775864
hdeAp2,0.3333333333333333,2,2,CGTGAATGACCATTGCGCGT,0,1785060
hdeAp2,0.3333333333333333,2,2,CGTGAATAGGTAGTAAATCT,0,1797049
hdeAp2,0.3333333333333333,2,2,CGTCTGTCGTCTGAGTAAAT,0,1807427
hdeAp2,0.3333333333333333,2,2,CGTCAGCGGCTCTACGTAAC,0,1821127
hdeAp2,0.3333333333333333,2,2,CGTCAGATTCGATTATCGCC,0,1800708
hdeAp2,0.3333333333333333,2,2,CGTCACTGCGCGGGTTAGAA,0,1827269
hdeAp2,0.3333333333333333,2,2,CGTCACTCCGGCGCACTCGT,0,1779658
hdeAp2,0.3333333333333333,2,2,CGTCACAACGCTCATTATGT,0,1788690
hdeAp2,0.3333333333333333,2,2,CGTATCCGGCCGCATACCTT,0,1798375
hdeAp2,0.3333333333333333,2,2,CGTATAACCCGTGGATAAAT,0,1806400
hdeAp2,0.3333333333333333,2,2,CGTAGTTGCTCTGGCGGGCT,0,1773877
hdeAp2,0.3333333333333333,2,2,CGTAGTATTACAACACACTA,0,1780323
hdeAp2,0.3333333333333333,2,2,CGTAGCTGCTACTACCGGTA,0,1780955
hdeAp2,0.3333333333333333,2,2,CGTAGAACTAGGAACTCTGT,0,1812941
hdeAp2,0.3333333333333333,2,2,CGTACTGACGGGACTTCTCA,0,1781544
hdeAp2,0.3333333333333333,2,2,CGTACACATAAATAGACTCT,0,1823023
hdeAp2,0.3333333333333333,2,2,CGTACAAATTAGTTAGTCGG,0,1796036
hdeAp2,0.3333333333333333,2,2,CGTAACGGCTTTTCGAGTTC,0,1802600
hdeAp2,0.3333333333333333,2,2,CGGTTTCGTTTTATGAGCTG,0,1797289
hdeAp2,0.3333333333333333,2,2,CGGTTAGTGGGCATTAATTC,0,1772680
hdeAp2,0.3333333333333333,2,2,CGGTGATGCGTTCATCTAAT,0,1782875
hdeAp2,0.3333333333333333,2,2,CGGTCTTTGGGGGTCGATGA,0,1776259
hdeAp2,0.3333333333333333,2,2,CGGTCTTTGAATGCACGAAT,0,1827599
hdeAp2,0.3333333333333333,2,2,CGGTACTTGATCACCAACTA,0,1818290
hdeAp2,0.3333333333333333,2,2,CGGTACGGGGTTGTCCTAGC,0,1794177
hdeAp2,0.3333333333333333,2,2,CGGGTTAGCGTGATTAGGGA,0,1773096
hdeAp2,0.3333333333333333,2,2,CGGGTCTCGAAATAAACTCC,0,1793523
hdeAp2,0.3333333333333333,2,2,CGGGTATATGCTCGTTACCA,0,1796920
hdeAp2,0.3333333333333333,2,2,CGGGGGGTAGTCCACGATGT,0,1814329
hdeAp2,0.3333333333333333,2,2,CGGGGGCGTTTATGACCCTT,0,1822412
hdeAp2,0.3333333333333333,2,2,CGGGGGCGTCGTAGTTATTT,0,1817575
hdeAp2,0.3333333333333333,2,2,CGGGCTCGGAACGCAAAAAC,0,1821754
hdeAp2,0.3333333333333333,2,2,CGGGCCATTTCCGAACCAAC,0,1778787
hdeAp2,0.3333333333333333,2,2,CGGGCATAGACCCTTCCCTT,0,1806064
hdeAp2,0.3333333333333333,2,2,CGGGAGTCTCGCTGGTACAA,0,1810587
hdeAp2,0.3333333333333333,2,2,CGGGACTCTGTCCCCAACGC,0,1775851
hdeAp2,0.3333333333333333,2,2,CGGGAATCTCGGGGGGGCCT,0,1807506
hdeAp2,0.3333333333333333,2,2,CGGCTTCAACCGGTCACTGC,0,1790484
hdeAp2,0.3333333333333333,2,2,CGGCTACACACCGTGTTCAA,0,1826170
hdeAp2,0.3333333333333333,2,2,CGGCGCGAACGTCCCCGATG,0,1812664
hdeAp2,0.3333333333333333,2,2,CGGCGCACCCGAGCCGTCCC,0,1784467
hdeAp2,0.3333333333333333,2,2,CGGCCTGTGATACAGTTTTT,0,1793513
hdeAp2,0.3333333333333333,2,2,CGGCCAGGTGTATATTAGGG,0,1821871
hdeAp2,0.3333333333333333,2,2,CGGCATTCCCGACCCGGATC,0,1805241
hdeAp2,0.3333333333333333,2,2,CGGCATAACAATAAGAGCGT,0,1819798
hdeAp2,0.3333333333333333,2,2,CGGCACACCGACGGTCGCAA,0,1822141
hdeAp2,0.3333333333333333,2,2,CGGCAAAACTTCCAGCAGGG,0,1798657
hdeAp2,0.3333333333333333,2,2,CGGATATAACCTTTGTGCCA,0,1800181
hdeAp2,0.3333333333333333,2,2,CGGAGTTGGGATATTCAGTC,0,1812135
hdeAp2,0.3333333333333333,2,2,CGGACAGTAACCTTTTGTTG,0,1825631
hdeAp2,0.3333333333333333,2,2,CGGAATACTCTAAGACGAGG,0,1795126
hdeAp2,0.3333333333333333,2,2,CGGAACACTAGAAATTTGGC,0,1803338
hdeAp2,0.3333333333333333,2,2,CGCTGTGGCCATGAGGGTGT,0,1782159
hdeAp2,0.3333333333333333,2,2,CGCTGCACGCCATGATCAAA,0,1813706
hdeAp2,0.3333333333333333,2,2,CGCTCCGCGCATAGTGGTGC,0,1793821
hdeAp2,0.3333333333333333,2,2,CGCTATAGGCCGGGGGCGAA,0,1780932
hdeAp2,0.3333333333333333,2,2,CGCTATAACAAGATAAGGGC,0,1772690
hdeAp2,0.3333333333333333,2,2,CGCTAAGCGCTAGTGTTTCA,0,1795045
hdeAp2,0.3333333333333333,2,2,CGCGTCCTTACAAACCGAGG,0,1812422
hdeAp2,0.3333333333333333,2,2,CGCGTCCCGCCGTACGGACA,0,1809317
hdeAp2,0.3333333333333333,2,2,CGCGTCATCGCGTCTCTCGA,0,1782684
hdeAp2,0.3333333333333333,2,2,CGCGGGGCTAGGGTATGACG,0,1792195
hdeAp2,0.3333333333333333,2,2,CGCGGCCCGTTGTAAGAGGG,0,1819715
hdeAp2,0.3333333333333333,2,2,CGCGCGTCCATCGACAGTAC,0,1772990
hdeAp2,0.3333333333333333,2,2,CGCGCCACTTTCCCGGGCTT,0,1772942
hdeAp2,0.3333333333333333,2,2,CGCGAGTGTATGCTCGCACT,0,1801410
hdeAp2,0.3333333333333333,2,2,CGCGAGCTTTCTTATTCTCA,0,1801281
hdeAp2,0.3333333333333333,2,2,CGCCTCATAACCAATCTGAT,0,1814848
hdeAp2,0.3333333333333333,2,2,CGCCGGCCGCCTGGAGACTG,0,1821739
hdeAp2,0.3333333333333333,2,2,CGCCGCTGTTTCAAAGTCTG,0,1788197
hdeAp2,0.3333333333333333,2,2,CGCCCTACACTCGCGCGCGG,0,1824651
hdeAp2,0.3333333333333333,2,2,CGCCCGCTGCCCCCTTTAGT,0,1810285
hdeAp2,0.3333333333333333,2,2,CGCCAGAACGCGGCGGTCCA,0,1773597
hdeAp2,0.3333333333333333,2,2,CGCATCTCTATCCTCCCAGA,0,1775902
hdeAp2,0.3333333333333333,2,2,CGCAGAGCGGGAAATTTCCG,0,1823895
hdeAp2,0.3333333333333333,2,2,CGCACCGGCAACTTTGACGC,0,1796257
hdeAp2,0.3333333333333333,2,2,CGATTTTCGTCGCCGTCACA,0,1821442
hdeAp2,0.3333333333333333,2,2,CGATTAATCAAGGGACAATT,0,1786556
hdeAp2,0.3333333333333333,2,2,CGATGATGCGCCGTAGCGGA,0,1827445
hdeAp2,0.3333333333333333,2,2,CGATCCTTGGAGGGTTACAA,0,1828696
hdeAp2,0.3333333333333333,2,2,CGATATTGGTGTTGGATTGA,0,1821702
hdeAp2,0.3333333333333333,2,2,CGATATCCGATAGGCAGGGG,0,1811516
hdeAp2,0.3333333333333333,2,2,CGATACTTTGGGCTTACGTA,0,1800016
hdeAp2,0.3333333333333333,2,2,CGAGTGCCATTAGTCTGGCT,0,1809057
hdeAp2,0.3333333333333333,2,2,CGAGGTCTGAGTGGCAACCT,0,1773361
hdeAp2,0.3333333333333333,2,2,CGAGGATCTCAGGTAACAAC,0,1781696
hdeAp2,0.3333333333333333,2,2,CGAGCTTCTCTGAAATCTCG,0,1780823
hdeAp2,0.3333333333333333,2,2,CGAGCTGGAGCAATTCTAGT,0,1794806
hdeAp2,0.3333333333333333,2,2,CGAGCGGATTGAAAAGGCAA,0,1788657
hdeAp2,0.3333333333333333,2,2,CGAGAGGTAGATCACTATAT,0,1798287
hdeAp2,0.3333333333333333,2,2,CGAGACCAAAGAGGGGTTCA,0,1800859
hdeAp2,0.3333333333333333,2,2,CGACTGTGGTTGATTAAACC,0,1776641
hdeAp2,0.3333333333333333,2,2,CGACTGACGTCTAGGAGTAA,0,1791321
hdeAp2,0.3333333333333333,2,2,CGACGCTTTACCAGTATGAG,0,1818124
hdeAp2,0.3333333333333333,2,2,CGACCGCGACAGCGCTCGCA,0,1812270
hdeAp2,0.3333333333333333,2,2,CGACCCTAGCCCGTTGCCAC,0,1805550
hdeAp2,0.3333333333333333,2,2,CGACCACTGTTTTGCCAAAA,0,1801274
hdeAp2,0.3333333333333333,2,2,CGACCACGATCTAACAAGGC,0,1809991
hdeAp2,0.3333333333333333,2,2,CGACATATAGTGTACGGATA,0,1797896
hdeAp2,0.3333333333333333,2,2,CGACACTCGGTTCTCGGTTG,0,1773162
hdeAp2,0.3333333333333333,2,2,CGAATTGATGACCGCGTTTC,0,1814294
hdeAp2,0.3333333333333333,2,2,CGAAGGGGGCCTTCCGGCAA,0,1813973
hdeAp2,0.3333333333333333,2,2,CGAACATTCAATAACGAGCC,0,1808161
hdeAp2,0.3333333333333333,2,2,CGAACACTATTCCGGTCCCC,0,1799606
hdeAp2,0.3333333333333333,2,2,CCTTTTTTGGAGTGTATCGG,0,1801316
hdeAp2,0.3333333333333333,2,2,CCTTTTACCGGCAGTCGGAT,0,1805642
hdeAp2,0.3333333333333333,2,2,CCTTTGTTATGCGGTCGAAT,0,1804536
hdeAp2,0.3333333333333333,2,2,CCTTGGCGAATTGTACAGTT,0,1803359
hdeAp2,0.3333333333333333,2,2,CCTTGATCGACTGACTGTTA,0,1798936
hdeAp2,0.3333333333333333,2,2,CCTTGACAGTTGTATGGTCG,0,1812925
hdeAp2,0.3333333333333333,2,2,CCTTACGAAACCAGTAACCC,0,1813905
hdeAp2,0.3333333333333333,2,2,CCTGTGAGTTGACAGCTTCT,0,1812323
hdeAp2,0.3333333333333333,2,2,CCTGGATGTTTGCATGGCAA,0,1802835
hdeAp2,0.3333333333333333,2,2,CCTGGAGATCCCGGGGGTTT,0,1780913
hdeAp2,0.3333333333333333,2,2,CCTGGACCCCCAGCAAGGTA,0,1818866
hdeAp2,0.3333333333333333,2,2,CCTGCTTTATGATATCAAGA,0,1819655
hdeAp2,0.3333333333333333,2,2,CCTGAGACTTCTCATAGGCC,0,1808913
hdeAp2,0.3333333333333333,2,2,CCTCTTAGTAAGCGTATAGG,0,1814756
hdeAp2,0.3333333333333333,2,2,CCTCTGGGTAGATACAGTAT,0,1808543
hdeAp2,0.3333333333333333,2,2,CCTCGGGCAATGGGGGCTCG,0,1809834
hdeAp2,0.3333333333333333,2,2,CCTCCATGGATCATCCTGAA,0,1827336
hdeAp2,0.3333333333333333,2,2,CCTCCATCGATTAATTAGAA,0,1806789
hdeAp2,0.3333333333333333,2,2,CCTCATAGACATTACTATAC,0,1783904
hdeAp2,0.3333333333333333,2,2,CCTATTCACTCCAGTTGATC,0,1789513
hdeAp2,0.3333333333333333,2,2,CCTATTACCTAGTCTTCATA,0,1807813
hdeAp2,0.3333333333333333,2,2,CCTATCTATTGTATCGTCCC,0,1817145
hdeAp2,0.3333333333333333,2,2,CCTATCAGAGAGTGCGCCTG,0,1796852
hdeAp2,0.3333333333333333,2,2,CCTAGGCTCATTTCATAGGT,0,1813922
hdeAp2,0.3333333333333333,2,2,CCTAGCGACAGACGGAGCTG,0,1797699
hdeAp2,0.3333333333333333,2,2,CCTAGAGTGCCAAGGCGAGG,0,1806314
hdeAp2,0.3333333333333333,2,2,CCTACGTGCACGATCCGAGA,0,1819172
hdeAp2,0.3333333333333333,2,2,CCTACGTCATTCGATTCACA,0,1811829
hdeAp2,0.3333333333333333,2,2,CCTACGGTTCAATTGTATCC,0,1813872
hdeAp2,0.3333333333333333,2,2,CCTACCGCTCGATTACGTTC,0,1809277
hdeAp2,0.3333333333333333,2,2,CCGTTGAGGGCACGTCCGGC,0,1823026
hdeAp2,0.3333333333333333,2,2,CCGTTCGTTTGTTGCGGCAT,0,1786068
hdeAp2,0.3333333333333333,2,2,CCGTTATATGCCGGCAAATC,0,1785202
hdeAp2,0.3333333333333333,2,2,CCGTTAGCCCGCGTTCTCGG,0,1791624
hdeAp2,0.3333333333333333,2,2,CCGTGTGGAGTTGTCAGATC,0,1786421
hdeAp2,0.3333333333333333,2,2,CCGTGGGCCGTCGTAATGGT,0,1779646
hdeAp2,0.3333333333333333,2,2,CCGTGGGAGGCACTCGTGCC,0,1819647
hdeAp2,0.3333333333333333,2,2,CCGTGAACCTAGTCAGCATC,0,1783274
hdeAp2,0.3333333333333333,2,2,CCGTCAAGTAGCCGGCATAC,0,1822742
hdeAp2,0.3333333333333333,2,2,CCGTAGAGACAATTCAATTC,0,1773724
hdeAp2,0.3333333333333333,2,2,CCGTAATGAGGTTAGCCTGC,0,1811738
hdeAp2,0.3333333333333333,2,2,CCGGGGCATAAATCATAATC,0,1807356
hdeAp2,0.3333333333333333,2,2,CCGGGCCAACCAAGGGTCGT,0,1778642
hdeAp2,0.3333333333333333,2,2,CCGGCTTCTATTCAGTGCAT,0,1809883
hdeAp2,0.3333333333333333,2,2,CCGGCCATTTTAATCTGGTT,0,1803446
hdeAp2,0.3333333333333333,2,2,CCGGCCAGGGGATCGTGGAC,0,1801205
hdeAp2,0.3333333333333333,2,2,CCGGCACGTATTCGACTTTG,0,1789741
hdeAp2,0.3333333333333333,2,2,CCGGAGTGCAGAGTTAAGGG,0,1779091
hdeAp2,0.3333333333333333,2,2,CCGCTTTATGCTGCGTGGTA,0,1823430
hdeAp2,0.3333333333333333,2,2,CCGCTGAATGAGTAGTTCTT,0,1788902
hdeAp2,0.3333333333333333,2,2,CCGCGTAGTAAATTAGGTGT,0,1776541
hdeAp2,0.3333333333333333,2,2,CCGCGCCCTAATGGGGGTAT,0,1789731
hdeAp2,0.3333333333333333,2,2,CCGCCCGCATTGGCTGGCTT,0,1792923
hdeAp2,0.3333333333333333,2,2,CCGCCCCGTTTAGTCGATTC,0,1772811
hdeAp2,0.3333333333333333,2,2,CCGCATCTTCCGCCTAACCT,0,1822477
hdeAp2,0.3333333333333333,2,2,CCGCAGGAGGCTAATTGTGA,0,1775124
hdeAp2,0.3333333333333333,2,2,CCGCAAGAAGACCCGGGTTC,0,1784994
hdeAp2,0.3333333333333333,2,2,CCGCAAAGCGGGGGGAGTCC,0,1819821
hdeAp2,0.3333333333333333,2,2,CCGATCGGGAAATGGACAAT,0,1820086
hdeAp2,0.3333333333333333,2,2,CCGATCCGAGATATGTTATT,0,1810412
hdeAp2,0.3333333333333333,2,2,CCGAGGTTTAACTATCGTAG,0,1777053
hdeAp2,0.3333333333333333,2,2,CCGAGGCAGAGCCGCTCTGT,0,1789306
hdeAp2,0.3333333333333333,2,2,CCGAGCGCGAGTCATTCAGA,0,1791316
hdeAp2,0.3333333333333333,2,2,CCGAGACGGGTCGGCAAGCC,0,1813548
hdeAp2,0.3333333333333333,2,2,CCGACGTCTTTTTCTCACAG,0,1780421
hdeAp2,0.3333333333333333,2,2,CCGACCGGTACAGTCGATGA,0,1813386
hdeAp2,0.3333333333333333,2,2,CCCTGGTCAGGTCTCAACAA,0,1805443
hdeAp2,0.3333333333333333,2,2,CCCTCTCCGTCACTATGCAA,0,1791946
hdeAp2,0.3333333333333333,2,2,CCCTCGTAATACTTGTGTAA,0,1810534
hdeAp2,0.3333333333333333,2,2,CCCTCGACCCTAACAGGCAA,0,1790650
hdeAp2,0.3333333333333333,2,2,CCCTCACGACTAAGTCAGTT,0,1810235
hdeAp2,0.3333333333333333,2,2,CCCTACTCAGCGTCAACTTA,0,1772297
hdeAp2,0.3333333333333333,2,2,CCCGGTTGGTTGTCAGGAGT,0,1816106
hdeAp2,0.3333333333333333,2,2,CCCGGTGAACTAGCTGTGTG,0,1772209
hdeAp2,0.3333333333333333,2,2,CCCGGGCGTAGCCTTCGGAA,0,1784145
hdeAp2,0.3333333333333333,2,2,CCCGGCAATCAAATCAGAAA,0,1828718
hdeAp2,0.3333333333333333,2,2,CCCGCTACCGACGGCCTCTT,0,1798789
hdeAp2,0.3333333333333333,2,2,CCCGATCCGGGTCGGGAGGA,0,1793703
hdeAp2,0.3333333333333333,2,2,CCCGAGCCTCTAAGATGTTG,0,1798065
hdeAp2,0.3333333333333333,2,2,CCCCTGATGATGGCCCTATA,0,1790871
hdeAp2,0.3333333333333333,2,2,CCCCTCGGGAATATTGTAGA,0,1793732
hdeAp2,0.3333333333333333,2,2,CCCCTATGACTTGTGTTCGC,0,1787676
hdeAp2,0.3333333333333333,2,2,CCCCTACGACGAAAGGGGAT,0,1820680
hdeAp2,0.3333333333333333,2,2,CCCCGTTCGGAACTGGGATC,0,1785195
hdeAp2,0.3333333333333333,2,2,CCCCGGCCTGGTCTGACGGC,0,1795034
hdeAp2,0.3333333333333333,2,2,CCCCCGTAGATATATGTATC,0,1785626
hdeAp2,0.3333333333333333,2,2,CCCCCGGTATGTATTGAATT,0,1779556
hdeAp2,0.3333333333333333,2,2,CCCCCGCCGACCTCCGTAGT,0,1774424
hdeAp2,0.3333333333333333,2,2,CCCCCCTTTCAGTAGAGGTG,0,1799270
hdeAp2,0.3333333333333333,2,2,CCCATTGTGGTTACGTGCTA,0,1804150
hdeAp2,0.3333333333333333,2,2,CCCATCGATAGGCTGTTCTT,0,1815188
hdeAp2,0.3333333333333333,2,2,CCCATAATGACATTTTACCT,0,1800639
hdeAp2,0.3333333333333333,2,2,CCCACCAGGCTCATGACGCA,0,1799223
hdeAp2,0.3333333333333333,2,2,CCCAATTCCGGAGGGGGTAA,0,1808366
hdeAp2,0.3333333333333333,2,2,CCCAATCCAGTTAGGCATCT,0,1790606
hdeAp2,0.3333333333333333,2,2,CCCAATCAAAACCTTTTTAG,0,1778881
hdeAp2,0.3333333333333333,2,2,CCCAAATCGAGGTATAACCC,0,1822524
hdeAp2,0.3333333333333333,2,2,CCATTATAGCCTTACCGCGT,0,1815332
hdeAp2,0.3333333333333333,2,2,CCATTACGGGCTCTTAGAGG,0,1774855
hdeAp2,0.3333333333333333,2,2,CCATGGGGGAAGTGGCTTCC,0,1789815
hdeAp2,0.3333333333333333,2,2,CCATGCCATATCTTATGAGT,0,1827159
hdeAp2,0.3333333333333333,2,2,CCATCTACCAACGTTTCATA,0,1793896
hdeAp2,0.3333333333333333,2,2,CCATCGCGTCAGGTGGTATG,0,1824034
hdeAp2,0.3333333333333333,2,2,CCAGGTTGACAGCGCGCAGC,0,1825718
hdeAp2,0.3333333333333333,2,2,CCAGGACGGTGTTAATGTTT,0,1819336
hdeAp2,0.3333333333333333,2,2,CCAGCTTGGAGTCCAGCACC,0,1816496
hdeAp2,0.3333333333333333,2,2,CCAGCGTCTATAGCGTGCAT,0,1773787
hdeAp2,0.3333333333333333,2,2,CCAGCCCCAAGCCGCTCCCA,0,1772859
hdeAp2,0.3333333333333333,2,2,CCAGCAGACTACTGCGGCCT,0,1816435
hdeAp2,0.3333333333333333,2,2,CCAGACATGTGAGGTACCAC,0,1827371
hdeAp2,0.3333333333333333,2,2,CCAGAATGAGCAGTCCGTGC,0,1811407
hdeAp2,0.3333333333333333,2,2,CCAGAAGCTTAAAACCTCTC,0,1824454
hdeAp2,0.3333333333333333,2,2,CCACTCTTTTGCTGCAAGTC,0,1820995
hdeAp2,0.3333333333333333,2,2,CCACGCCGGGTCTGCTTGAC,0,1793747
hdeAp2,0.3333333333333333,2,2,CCACATATACTGGCCTCGTC,0,1776464
hdeAp2,0.3333333333333333,2,2,CCAAGCCCGTTCATTTCCAG,0,1811547
hdeAp2,0.3333333333333333,2,2,CCAACTTCTCCAGTAAAACG,0,1786243
hdeAp2,0.3333333333333333,2,2,CCAACGCGAAAGGAGACCTA,0,1792134
hdeAp2,0.3333333333333333,2,2,CATTTCAAGGCTGGAGCAAT,0,1790974
hdeAp2,0.3333333333333333,2,2,CATTTAAGAGTTGGTTGCAA,0,1815621
hdeAp2,0.3333333333333333,2,2,CATTGTAGACCTACCCCAGT,0,1809366
hdeAp2,0.3333333333333333,2,2,CATTCATTTAAAGATTATGT,0,1775179
hdeAp2,0.3333333333333333,2,2,CATTACGAGAAAAAGCCGCC,0,1791442
hdeAp2,0.3333333333333333,2,2,CATTAATCCGGGATAGGACA,0,1806573
hdeAp2,0.3333333333333333,2,2,CATGTGGTTCTTGACGCGTA,0,1818541
hdeAp2,0.3333333333333333,2,2,CATGTGGGTAAAGTTGCGGA,0,1802030
hdeAp2,0.3333333333333333,2,2,CATGTCAACGCGCGCAGATT,0,1804306
hdeAp2,0.3333333333333333,2,2,CATGGGTATACCGTCCTACC,0,1806605
hdeAp2,0.3333333333333333,2,2,CATGGGGAAACCCATGGTGA,0,1806715
hdeAp2,0.3333333333333333,2,2,CATGACACTTAGGTAGTTAC,0,1809371
hdeAp2,0.3333333333333333,2,2,CATCTTCGGCGGTGACAGGA,0,1796230
hdeAp2,0.3333333333333333,2,2,CATCGGATAGCTGCCCCATC,0,1803596
hdeAp2,0.3333333333333333,2,2,CATCGATAATTCGTCCTGCA,0,1779575
hdeAp2,0.3333333333333333,2,2,CATCCTGCTTATGTATCTCC,0,1778223
hdeAp2,0.3333333333333333,2,2,CATCATCGAGCTAGCGGTCA,0,1810180
hdeAp2,0.3333333333333333,2,2,CATCAAACTATGATATCCCA,0,1790178
hdeAp2,0.3333333333333333,2,2,CATCAAAAAGGCTAGGGCCT,0,1798272
hdeAp2,0.3333333333333333,2,2,CATATGCGGCGAAAGTGAGT,0,1796454
hdeAp2,0.3333333333333333,2,2,CATAGAACCCTAGCGCGCTG,0,1812007
hdeAp2,0.3333333333333333,2,2,CATACATACGGACATATGTC,0,1813275
hdeAp2,0.3333333333333333,2,2,CATAAGATACACAAGAAGAT,0,1803208
hdeAp2,0.3333333333333333,2,2,CATAAATGTAAACGAGTTAA,0,1789889
hdeAp2,0.3333333333333333,2,2,CAGTTCATTGTTCTTCGCAC,0,1806005
hdeAp2,0.3333333333333333,2,2,CAGTCCCTGGGGGCGATCGG,0,1771927
hdeAp2,0.3333333333333333,2,2,CAGTCACGGACCATCATGGA,0,1785414
hdeAp2,0.3333333333333333,2,2,CAGTCAAAAGGCTTGCTTCT,0,1815992
hdeAp2,0.3333333333333333,2,2,CAGTAGGCCGGCCTGATCTC,0,1798163
hdeAp2,0.3333333333333333,2,2,CAGTACTCCTGCGTGTGCAT,0,1827521
hdeAp2,0.3333333333333333,2,2,CAGTAACTTTTACCCTCGAC,0,1803235
hdeAp2,0.3333333333333333,2,2,CAGTAAATAGACGCTCAGGA,0,1820461
hdeAp2,0.3333333333333333,2,2,CAGGTTACCGCGTCACTCTA,0,1781187
hdeAp2,0.3333333333333333,2,2,CAGGTGGAGGCCCAAACGTG,0,1812759
hdeAp2,0.3333333333333333,2,2,CAGGGGAGCGGTGTCCCGCT,0,1791717
hdeAp2,0.3333333333333333,2,2,CAGGGCGCAGCCGGAATACG,0,1821576
hdeAp2,0.3333333333333333,2,2,CAGGCTGCATGTGGATGGAT,0,1777709
hdeAp2,0.3333333333333333,2,2,CAGGCGACTGGTTAATGTTA,0,1809239
hdeAp2,0.3333333333333333,2,2,CAGGACTGATCTGGTGGTCG,0,1775701
hdeAp2,0.3333333333333333,2,2,CAGGACTAACGACGGAGAGG,0,1817497
hdeAp2,0.3333333333333333,2,2,CAGCGGCAGGGAGGAGATTT,0,1821936
hdeAp2,0.3333333333333333,2,2,CAGCCTCAATACCAATAGTA,0,1781878
hdeAp2,0.3333333333333333,2,2,CAGCCTACGATCAGTCGCTG,0,1816412
hdeAp2,0.3333333333333333,2,2,CAGATTTGCCGCCGGTCAGT,0,1827102
hdeAp2,0.3333333333333333,2,2,CAGATCATTTTCGCACAGAT,0,1784326
hdeAp2,0.3333333333333333,2,2,CAGAGTGCGTTCTACGATAC,0,1799254
hdeAp2,0.3333333333333333,2,2,CAGACGTCCAGGTGACGTTA,0,1792933
hdeAp2,0.3333333333333333,2,2,CAGACGGATGCCGGAGCACC,0,1774297
hdeAp2,0.3333333333333333,2,2,CAGACCGGCTCCAGCGTTAC,0,1799918
hdeAp2,0.3333333333333333,2,2,CAGACACCGCTCACCCGGCC,0,1792453
hdeAp2,0.3333333333333333,2,2,CAGAAAGCGAGAAGCGCACC,0,1783958
hdeAp2,0.3333333333333333,2,2,CAGAAAATGCCGCCCACAAC,0,1789158
hdeAp2,0.3333333333333333,2,2,CACTTGCCCAGAGATAACTT,0,1806505
hdeAp2,0.3333333333333333,2,2,CACTGTAAGAGTACCCAGGA,0,1771663
hdeAp2,0.3333333333333333,2,2,CACTCTCAGTTCTGGACCTA,0,1819623
hdeAp2,0.3333333333333333,2,2,CACTACGGAGGTCCTCTCAT,0,1808940
hdeAp2,0.3333333333333333,2,2,CACTACAAGATGCAACTGTC,0,1794385
hdeAp2,0.3333333333333333,2,2,CACGTTCGTGGTCCGTTGGA,0,1785905
hdeAp2,0.3333333333333333,2,2,CACGCCCCGCTCACTTATCA,0,1782340
hdeAp2,0.3333333333333333,2,2,CACGATTGCGCGGCTCCGAT,0,1820316
hdeAp2,0.3333333333333333,2,2,CACGAAATTTGGGGGACCCG,0,1817124
hdeAp2,0.3333333333333333,2,2,CACGAAACTATCATATCATG,0,1824294
hdeAp2,0.3333333333333333,2,2,CACCCGATGTATAGTTAACA,0,1793636
hdeAp2,0.3333333333333333,2,2,CACCCACACAACGACGTGGA,0,1783618
hdeAp2,0.3333333333333333,2,2,CACATGTATGTACTGGCACC,0,1779561
hdeAp2,0.3333333333333333,2,2,CACATCGGATTGGCACCCTG,0,1806675
hdeAp2,0.3333333333333333,2,2,CACAGGCCGCACTGGCACCT,0,1784632
hdeAp2,0.3333333333333333,2,2,CACAATTTCGCATGGAGTTC,0,1800727
hdeAp2,0.3333333333333333,2,2,CACAAGCACTTGCGCTACTT,0,1810908
hdeAp2,0.3333333333333333,2,2,CACAAGAACCGGTGTACCGA,0,1806338
hdeAp2,0.3333333333333333,2,2,CACAACATCCAGCTACAACG,0,1816251
hdeAp2,0.3333333333333333,2,2,CAATTTGACTTCCTATTCAA,0,1816601
hdeAp2,0.3333333333333333,2,2,CAATTCGGGGCTTAGGGAGT,0,1796749
hdeAp2,0.3333333333333333,2,2,CAATTACGGCGGTCGCTTTG,0,1822111
hdeAp2,0.3333333333333333,2,2,CAATGAGAAAAGCGCGCGCG,0,1808789
hdeAp2,0.3333333333333333,2,2,CAATGACTCGGCGGTCGGGA,0,1802800
hdeAp2,0.3333333333333333,2,2,CAATGAAGAGATGCCCACCA,0,1779033
hdeAp2,0.3333333333333333,2,2,CAATAAGCTTCTTGTCCCGT,0,1823783
hdeAp2,0.3333333333333333,2,2,CAAGGGTCAAGACGTGTTTT,0,1825997
hdeAp2,0.3333333333333333,2,2,CAAGGGGTTTCGCGATGCTA,0,1812646
hdeAp2,0.3333333333333333,2,2,CAAGCTTAACGCATAGAACG,0,1792785
hdeAp2,0.3333333333333333,2,2,CAAGCTCGGGTAGTCGATTA,0,1805340
hdeAp2,0.3333333333333333,2,2,CAAGCGGTAAACAAAAAGAG,0,1780588
hdeAp2,0.3333333333333333,2,2,CAAGCGGCAACAAACCAGAA,0,1795784
hdeAp2,0.3333333333333333,2,2,CAAGCCATAGACGTCCGTGA,0,1798748
hdeAp2,0.3333333333333333,2,2,CAAGACATGAAACTCTCTGC,0,1815975
hdeAp2,0.3333333333333333,2,2,CAAGAATTGTTCATTGCGTT,0,1817999
hdeAp2,0.3333333333333333,2,2,CAACCCTGTGTTTAAGCCCT,0,1818560
hdeAp2,0.3333333333333333,2,2,CAACCCGCACAGCATCGTGT,0,1796391
hdeAp2,0.3333333333333333,2,2,CAACAATTTAAACTCTTATT,0,1785238
hdeAp2,0.3333333333333333,2,2,CAACAACTTCGAGGAAACTT,0,1786045
hdeAp2,0.3333333333333333,2,2,CAAATTGGCGCCAGATGCAT,0,1775223
hdeAp2,0.3333333333333333,2,2,CAAATGCCTGAATTATATCA,0,1776615
hdeAp2,0.3333333333333333,2,2,CAAATCTCAAGGAATGGATA,0,1810036
hdeAp2,0.3333333333333333,2,2,CAAATCAAATCTATTTGTGC,0,1806569
hdeAp2,0.3333333333333333,2,2,CAAATAGGTCAACCTTCTAG,0,1779866
hdeAp2,0.3333333333333333,2,2,CAAATAGCCGCGGTTTGATA,0,1810380
hdeAp2,0.3333333333333333,2,2,CAAAGGTAGTCTCGATAGAG,0,1776983
hdeAp2,0.3333333333333333,2,2,CAAAGCTTAGTTAACAGTCG,0,1827170
hdeAp2,0.3333333333333333,2,2,CAAAGAGTTTAAATATAAAA,0,1780142
hdeAp2,0.3333333333333333,2,2,CAAAGAGCGGACTAAAGCTT,0,1773358
hdeAp2,0.3333333333333333,2,2,CAAACTAGAGGCGCAGAGTT,0,1772413
hdeAp2,0.3333333333333333,2,2,CAAAAGCCGCCCGGTCGTAA,0,1788261
hdeAp2,0.3333333333333333,2,2,CAAAAGCATTGCAACAGAGT,0,1818991
hdeAp2,0.3333333333333333,2,2,ATTTTGGCCACTCCTCTGTG,0,1818484
hdeAp2,0.3333333333333333,2,2,ATTTTCGGCTTGACGCAAGA,0,1791610
hdeAp2,0.3333333333333333,2,2,ATTTGAGATAGCATGCGGCA,0,1803474
hdeAp2,0.3333333333333333,2,2,ATTTGAGAGTTTGTCCACTG,0,1774636
hdeAp2,0.3333333333333333,2,2,ATTTCTTCTCACCAGATGCG,0,1788877
hdeAp2,0.3333333333333333,2,2,ATTTCTACAGGTTGTGGGCT,0,1804912
hdeAp2,0.3333333333333333,2,2,ATTTAGGAGCGAACTCAGAT,0,1817343
hdeAp2,0.3333333333333333,2,2,ATTGGTGAGTTTGGAAGTGT,0,1777277
hdeAp2,0.3333333333333333,2,2,ATTGGTACGGGTAATACGGC,0,1822449
hdeAp2,0.3333333333333333,2,2,ATTGGCATACTCCAGGCATG,0,1817149
hdeAp2,0.3333333333333333,2,2,ATTGCCCGTCCTTTAACGCA,0,1826262
hdeAp2,0.3333333333333333,2,2,ATTGCCATAGTTCGGGTGTA,0,1810383
hdeAp2,0.3333333333333333,2,2,ATTGATTCACCCCGTGCAAC,0,1771963
hdeAp2,0.3333333333333333,2,2,ATTGAGTCTGTCAGGCATTT,0,1787142
hdeAp2,0.3333333333333333,2,2,ATTCTTATGCTAGGGGTGAA,0,1810544
hdeAp2,0.3333333333333333,2,2,ATTCTGGCGTTCGGCGGATC,0,1782259
hdeAp2,0.3333333333333333,2,2,ATTCTAAGCCTATAGCAGCA,0,1815172
hdeAp2,0.3333333333333333,2,2,ATTCGTACCTGTAAAAGTTC,0,1825474
hdeAp2,0.3333333333333333,2,2,ATTCATCGCCACCGCCCTTG,0,1806889
hdeAp2,0.3333333333333333,2,2,ATTATGACGAAGGTCACATT,0,1782130
hdeAp2,0.3333333333333333,2,2,ATTATCAAGGCACCGGAAAC,0,1785427
hdeAp2,0.3333333333333333,2,2,ATTAGCTCCGTTCGGTGGCA,0,1821744
hdeAp2,0.3333333333333333,2,2,ATTAGATTTAATGAGACTGG,0,1785364
hdeAp2,0.3333333333333333,2,2,ATTACTGTTGACCCACAACT,0,1805106
hdeAp2,0.3333333333333333,2,2,ATTACCTATAGCGCTAATCT,0,1799111
hdeAp2,0.3333333333333333,2,2,ATTACCGAGGTCGCAGACAC,0,1792379
hdeAp2,0.3333333333333333,2,2,ATTAAGCAGGTCGTGCCGTA,0,1814941
hdeAp2,0.3333333333333333,2,2,ATGTTAGTGTCGAGCTAACG,0,1818233
hdeAp2,0.3333333333333333,2,2,ATGTGCGACCTTTCATCGGG,0,1784149
hdeAp2,0.3333333333333333,2,2,ATGTGAAGTCTCCGAGTTTT,0,1818296
hdeAp2,0.3333333333333333,2,2,ATGTCTTCGGCTCATCCGTT,0,1809003
hdeAp2,0.3333333333333333,2,2,ATGTCTGCTATATTGCTCCC,0,1817078
hdeAp2,0.3333333333333333,2,2,ATGTATATCCGCACTGGAGG,0,1815919
hdeAp2,0.3333333333333333,2,2,ATGTAGCTGCCCCGTTAAGT,0,1825265
hdeAp2,0.3333333333333333,2,2,ATGGTTGGCACAGACAGACC,0,1816567
hdeAp2,0.3333333333333333,2,2,ATGGTCTCTGCCTGCGTGAC,0,1786574
hdeAp2,0.3333333333333333,2,2,ATGGTAGAACAGCACCCCCT,0,1797341
hdeAp2,0.3333333333333333,2,2,ATGGGTCTTTTGTTGTGCCT,0,1811255
hdeAp2,0.3333333333333333,2,2,ATGGGATCATAAGTCGTCGC,0,1796668
hdeAp2,0.3333333333333333,2,2,ATGGGACGGTAGGTGTAAAC,0,1804763
hdeAp2,0.3333333333333333,2,2,ATGGCACCATATTTGTTGGA,0,1798329
hdeAp2,0.3333333333333333,2,2,ATGGAAGCTATCCTCCATTA,0,1785438
hdeAp2,0.3333333333333333,2,2,ATGCGGACCCAATTATCCCT,0,1824548
hdeAp2,0.3333333333333333,2,2,ATGCGACATTCTCCCCAAGT,0,1804529
hdeAp2,0.3333333333333333,2,2,ATGCCTGGGTGGGCGCGGTG,0,1778427
hdeAp2,0.3333333333333333,2,2,ATGCAAAATCGAGAATCCGG,0,1773158
hdeAp2,0.3333333333333333,2,2,ATGATATCATTGCCGCTTAA,0,1814944
hdeAp2,0.3333333333333333,2,2,ATGATAGTCTATGAGTTCGC,0,1792611
hdeAp2,0.3333333333333333,2,2,ATGAGTATCTAATTGGACCA,0,1790901
hdeAp2,0.3333333333333333,2,2,ATGAGCTGAGTCGGCAGCAG,0,1819254
hdeAp2,0.3333333333333333,2,2,ATGAGCGCGTTATCGCATAA,0,1787333
hdeAp2,0.3333333333333333,2,2,ATGAGAGCATCGTACCGTAG,0,1773902
hdeAp2,0.3333333333333333,2,2,ATGACATAAGTGTTGCTGTC,0,1774785
hdeAp2,0.3333333333333333,2,2,ATGACAGTTCCGAGGCGGTA,0,1784212
hdeAp2,0.3333333333333333,2,2,ATGAAGTGGTAATAACCCCT,0,1772781
hdeAp2,0.3333333333333333,2,2,ATCTCTCGATGCATGTAGCT,0,1800941
hdeAp2,0.3333333333333333,2,2,ATCTCCCGGCATCCGATACC,0,1783158
hdeAp2,0.3333333333333333,2,2,ATCTCCATAATACCGATCTT,0,1773429
hdeAp2,0.3333333333333333,2,2,ATCTATGTAATAATAGGTGC,0,1816321
hdeAp2,0.3333333333333333,2,2,ATCGGACAGGCTAGCGACGC,0,1809186
hdeAp2,0.3333333333333333,2,2,ATCGCAAGCTTGATGAAACA,0,1773896
hdeAp2,0.3333333333333333,2,2,ATCGAGGTTTTGTTTCCAAA,0,1781308
hdeAp2,0.3333333333333333,2,2,ATCGAGGGAAGTTGGTAGGT,0,1822250
hdeAp2,0.3333333333333333,2,2,ATCCGGTATACGTTTATAAT,0,1815457
hdeAp2,0.3333333333333333,2,2,ATCCAATTAGCCGCTGAAGA,0,1820317
hdeAp2,0.3333333333333333,2,2,ATCATTGGCCTGAGCTATGG,0,1771684
hdeAp2,0.3333333333333333,2,2,ATCATTACCCTGCCATGGGG,0,1808472
hdeAp2,0.3333333333333333,2,2,ATCATGTTCTGAAGATGTAT,0,1799295
hdeAp2,0.3333333333333333,2,2,ATCAGCAGGTTCGAGGAACG,0,1773041
hdeAp2,0.3333333333333333,2,2,ATCACTTTGAATCCCCGCAA,0,1779196
hdeAp2,0.3333333333333333,2,2,ATCACGTAGCGCTCTACTTA,0,1799075
hdeAp2,0.3333333333333333,2,2,ATCAATACGTATGATACTGC,0,1785428
hdeAp2,0.3333333333333333,2,2,ATATTCGCTTCATGCGGTTT,0,1788907
hdeAp2,0.3333333333333333,2,2,ATATCCAGTTTATCTTGCGT,0,1814915
hdeAp2,0.3333333333333333,2,2,ATATATGGAGTGTCCAGAAA,0,1785772
hdeAp2,0.3333333333333333,2,2,ATATAGGAATGTGGGGATCC,0,1803219
hdeAp2,0.3333333333333333,2,2,ATAGTTTTTGTTTCGTGTTT,0,1802130
hdeAp2,0.3333333333333333,2,2,ATAGTTCCGGAAGCTAATAC,0,1783874
hdeAp2,0.3333333333333333,2,2,ATAGTTATCCAGAGCCTACG,0,1802483
hdeAp2,0.3333333333333333,2,2,ATAGTACAGTCGGAACTCTG,0,1812565
hdeAp2,0.3333333333333333,2,2,ATAGGTAGAAAACCGCCGCG,0,1817504
hdeAp2,0.3333333333333333,2,2,ATAGGCTAGGTGATAAGGAC,0,1794551
hdeAp2,0.3333333333333333,2,2,ATAGCAGCCGCTAACTGTCC,0,1776646
hdeAp2,0.3333333333333333,2,2,ATAGACCTACCTGTTATGGG,0,1823841
hdeAp2,0.3333333333333333,2,2,ATAGAACCAGGTCGGTGAAG,0,1795207
hdeAp2,0.3333333333333333,2,2,ATACGGTACACTCTCCGACC,0,1808236
hdeAp2,0.3333333333333333,2,2,ATACCGGGGTGGCGTTTCTG,0,1805451
hdeAp2,0.3333333333333333,2,2,ATACCGCGTTTGACTGCGGG,0,1799164
hdeAp2,0.3333333333333333,2,2,ATAATGCTCAGACGCTCTTG,0,1814772
hdeAp2,0.3333333333333333,2,2,ATAATCCCTGTCCGCTGGAT,0,1780895
hdeAp2,0.3333333333333333,2,2,ATAATATAATCGGCCCCACA,0,1811114
hdeAp2,0.3333333333333333,2,2,ATAAGTCTGGTAGGTTCGTT,0,1777044
hdeAp2,0.3333333333333333,2,2,ATAAGCTGCATGATTCAATC,0,1778770
hdeAp2,0.3333333333333333,2,2,ATAACAGAAGGATCGTAAGT,0,1771024
hdeAp2,0.3333333333333333,2,2,ATAAAGGGTTTGGCCAAGGG,0,1802450
hdeAp2,0.3333333333333333,2,2,AGTTTGCAGGTGTGCATACC,0,1803782
hdeAp2,0.3333333333333333,2,2,AGTTCGAGTTTCATTGAGTG,0,1815786
hdeAp2,0.3333333333333333,2,2,AGTTCGACAGCACTTTTCTC,0,1821743
hdeAp2,0.3333333333333333,2,2,AGTTCAATATGGAAACCGTT,0,1791999
hdeAp2,0.3333333333333333,2,2,AGTGTGAGGCATGTGCTTAC,0,1796825
hdeAp2,0.3333333333333333,2,2,AGTGGAGGGTTTGACGACGT,0,1797287
hdeAp2,0.3333333333333333,2,2,AGTGCGCCACCCAATTTGAA,0,1809471
hdeAp2,0.3333333333333333,2,2,AGTGCCAGCCCGGATAGTGG,0,1781061
hdeAp2,0.3333333333333333,2,2,AGTCGTGGGTCATTGCCGCA,0,1802826
hdeAp2,0.3333333333333333,2,2,AGTCGTCCGACTATGACGAA,0,1796086
hdeAp2,0.3333333333333333,2,2,AGTCCTTGCGCGGACCTATA,0,1772352
hdeAp2,0.3333333333333333,2,2,AGTCCTGTCGAGAACAGCCG,0,1804846
hdeAp2,0.3333333333333333,2,2,AGTCCTGCCTCGATTTTGGA,0,1806039
hdeAp2,0.3333333333333333,2,2,AGTCCGACCTAAATCAGGAG,0,1793065
hdeAp2,0.3333333333333333,2,2,AGTCAGTTTATGCTTCTATG,0,1803210
hdeAp2,0.3333333333333333,2,2,AGTCACAGGGCTTTTGGACT,0,1802091
hdeAp2,0.3333333333333333,2,2,AGTATATGGATACAACAGGA,0,1807836
hdeAp2,0.3333333333333333,2,2,AGTAGTTCCCGTGCAGCTCC,0,1788831
hdeAp2,0.3333333333333333,2,2,AGTAGATGCCTATAGGAGAC,0,1776220
hdeAp2,0.3333333333333333,2,2,AGTACTCGATCTTTTGGTGA,0,1800005
hdeAp2,0.3333333333333333,2,2,AGTAAGTCTACCGGTCAGGT,0,1824905
hdeAp2,0.3333333333333333,2,2,AGTAAGGGCCATTAATTCAC,0,1824554
hdeAp2,0.3333333333333333,2,2,AGGTTTTTCCCGCTTATTCG,0,1820926
hdeAp2,0.3333333333333333,2,2,AGGTTCGATTATCAAGAAGT,0,1824993
hdeAp2,0.3333333333333333,2,2,AGGTGCCAGCGGGAATAGCA,0,1821645
hdeAp2,0.3333333333333333,2,2,AGGTCGTCCCTGCCTGGCTC,0,1788933
hdeAp2,0.3333333333333333,2,2,AGGTCAGTCATGATTAAGTG,0,1816972
hdeAp2,0.3333333333333333,2,2,AGGTATCCACGCCAGTTTGG,0,1818192
hdeAp2,0.3333333333333333,2,2,AGGTAGTAGGTTATACCGCG,0,1827432
hdeAp2,0.3333333333333333,2,2,AGGTAGGGGTACGCCTATAG,0,1803522
hdeAp2,0.3333333333333333,2,2,AGGGTCTTAGGGTTTCATTT,0,1800730
hdeAp2,0.3333333333333333,2,2,AGGGTCTATCGCTCGCCAAC,0,1804530
hdeAp2,0.3333333333333333,2,2,AGGGGTTGAACGAGGCTACT,0,1807867
hdeAp2,0.3333333333333333,2,2,AGGGGAATGGGTATCCTAAA,0,1796025
hdeAp2,0.3333333333333333,2,2,AGGGCAGCCTACTTTCCAAG,0,1772913
hdeAp2,0.3333333333333333,2,2,AGGCTTTCATCTGTTTTTAG,0,1817544
hdeAp2,0.3333333333333333,2,2,AGGCTGGGAGAAAAGCACAA,0,1780506
hdeAp2,0.3333333333333333,2,2,AGGCTCGAGCCCATCTATTA,0,1781681
hdeAp2,0.3333333333333333,2,2,AGGCGGGTCTATGGAAAGCG,0,1785250
hdeAp2,0.3333333333333333,2,2,AGGCGCATTTAATGGTAACA,0,1773296
hdeAp2,0.3333333333333333,2,2,AGGCCTCGTCTGACATTCAG,0,1786742
hdeAp2,0.3333333333333333,2,2,AGGCATCCAATACAATCCCA,0,1823017
hdeAp2,0.3333333333333333,2,2,AGGCAGGACGAGCGGCATTG,0,1804440
hdeAp2,0.3333333333333333,2,2,AGGCAAGTAAAGCTCCGGAA,0,1810763
hdeAp2,0.3333333333333333,2,2,AGGATCCAATGACATGTCAA,0,1781601
hdeAp2,0.3333333333333333,2,2,AGGATCATATAGGGCTTCTC,0,1784151
hdeAp2,0.3333333333333333,2,2,AGGATAAAATGACCGGGATT,0,1783413
hdeAp2,0.3333333333333333,2,2,AGGAGGTACAGCCTCTGAAT,0,1779429
hdeAp2,0.3333333333333333,2,2,AGGAGAACGACTCTTCCCAG,0,1790120
hdeAp2,0.3333333333333333,2,2,AGGACGCCCGTGGGGCCACA,0,1793287
hdeAp2,0.3333333333333333,2,2,AGGAATGCAGATTCTCTAAT,0,1782642
hdeAp2,0.3333333333333333,2,2,AGCTTTCGCCTAGAATGAGA,0,1818080
hdeAp2,0.3333333333333333,2,2,AGCTTGCACTAAAACGCTGA,0,1804388
hdeAp2,0.3333333333333333,2,2,AGCTAATCATCTAGGTTAAC,0,1812766
hdeAp2,0.3333333333333333,2,2,AGCTAACCTGATGCACGTGT,0,1773676
hdeAp2,0.3333333333333333,2,2,AGCTAACAATTCTGAAAGTA,0,1792917
hdeAp2,0.3333333333333333,2,2,AGCGTATCGGAAGAAATTCT,0,1790333
hdeAp2,0.3333333333333333,2,2,AGCGGGTAGTGTAGCCGGTA,0,1776632
hdeAp2,0.3333333333333333,2,2,AGCGGGCGCTTGGACGAGGA,0,1776371
hdeAp2,0.3333333333333333,2,2,AGCGGAAATGTAGGAATCAA,0,1802406
hdeAp2,0.3333333333333333,2,2,AGCGCCCACCGGGTGGCTCA,0,1777483
hdeAp2,0.3333333333333333,2,2,AGCGATGTTACGTCGTGATA,0,1820027
hdeAp2,0.3333333333333333,2,2,AGCGATATCGATCCCCCCTT,0,1782989
hdeAp2,0.3333333333333333,2,2,AGCGATATCCGAGTGCTGAA,0,1828625
hdeAp2,0.3333333333333333,2,2,AGCGAGAATCCTCTTGCCCT,0,1802640
hdeAp2,0.3333333333333333,2,2,AGCGACGACGATAACGTTTC,0,1778536
hdeAp2,0.3333333333333333,2,2,AGCGACCGCTAAGGGGCCGT,0,1792277
hdeAp2,0.3333333333333333,2,2,AGCGAAGTGTTCGCGTACCT,0,1772441
hdeAp2,0.3333333333333333,2,2,AGCCGTGCGCTAGCGAATGG,0,1827122
hdeAp2,0.3333333333333333,2,2,AGCCGGTGGGTGGTGGCCAA,0,1827862
hdeAp2,0.3333333333333333,2,2,AGCCGGCGCGCGCCTCGATG,0,1807480
hdeAp2,0.3333333333333333,2,2,AGCCCGGTGATAACTCACTC,0,1800651
hdeAp2,0.3333333333333333,2,2,AGCCCGGCCCGACGCCTGCC,0,1821394
hdeAp2,0.3333333333333333,2,2,AGCATTAGCTACACCGGATG,0,1785131
hdeAp2,0.3333333333333333,2,2,AGCATGACATCCCACCTTAG,0,1811026
hdeAp2,0.3333333333333333,2,2,AGCATAGCCAGCGGTTACGT,0,1826397
hdeAp2,0.3333333333333333,2,2,AGCAGCGGTGTCTTATGAAC,0,1804381
hdeAp2,0.3333333333333333,2,2,AGCAGCGGCGCTCGGCTGTA,0,1778660
hdeAp2,0.3333333333333333,2,2,AGCAGCCCCTCTGTGTGGAG,0,1790647
hdeAp2,0.3333333333333333,2,2,AGCACGCTTCAGCGTCACTA,0,1778885
hdeAp2,0.3333333333333333,2,2,AGCACATGACGCGGTAATCA,0,1776705
hdeAp2,0.3333333333333333,2,2,AGCACACTGGACACTAGAAC,0,1786237
hdeAp2,0.3333333333333333,2,2,AGCACACGCTGATGCCGGAC,0,1775175
hdeAp2,0.3333333333333333,2,2,AGCAATCCGCTGATGCGCTT,0,1816006
hdeAp2,0.3333333333333333,2,2,AGCAAGTAGAACTGCCTAAC,0,1790750
hdeAp2,0.3333333333333333,2,2,AGATTCGAGTCTGCAAAGTA,0,1783442
hdeAp2,0.3333333333333333,2,2,AGATGTAGCGTCATAATAGA,0,1817465
hdeAp2,0.3333333333333333,2,2,AGATGCTACGGACCGGCTCA,0,1777540
hdeAp2,0.3333333333333333,2,2,AGATGACCTCCATGCGGGGT,0,1772285
hdeAp2,0.3333333333333333,2,2,AGATGACCAGCATGGTTTTG,0,1827576
hdeAp2,0.3333333333333333,2,2,AGATCGGTCCGGTTACCCTG,0,1772155
hdeAp2,0.3333333333333333,2,2,AGATCACGTGACCGCCAATG,0,1811867
hdeAp2,0.3333333333333333,2,2,AGATCAAGCAAAACAACGTC,0,1796544
hdeAp2,0.3333333333333333,2,2,AGATACGATTGCATCGATCG,0,1781610
hdeAp2,0.3333333333333333,2,2,AGATACAGCTTCTTAAATAT,0,1821032
hdeAp2,0.3333333333333333,2,2,AGAGTCCAGAACCTAGAGAA,0,1796656
hdeAp2,0.3333333333333333,2,2,AGAGTAGAATTATGAGGTGT,0,1792171
hdeAp2,0.3333333333333333,2,2,AGAGGTCCAGGCTATCAGGC,0,1798768
hdeAp2,0.3333333333333333,2,2,AGAGGTAATTTGACAGTGGA,0,1783054
hdeAp2,0.3333333333333333,2,2,AGAGGGACCTTCGCTAAGCA,0,1788069
hdeAp2,0.3333333333333333,2,2,AGAGCCGATAGTGAATCTGC,0,1774127
hdeAp2,0.3333333333333333,2,2,AGAGCCATGCCGCAAGAGAT,0,1800827
hdeAp2,0.3333333333333333,2,2,AGAGCCAACGACTGGACGGC,0,1778344
hdeAp2,0.3333333333333333,2,2,AGAGCAGGGACATCTTCGAT,0,1786750
hdeAp2,0.3333333333333333,2,2,AGACTGCCGGTTGTCAGCGT,0,1803982
hdeAp2,0.3333333333333333,2,2,AGACTCGATCCTTACGTGCT,0,1818144
hdeAp2,0.3333333333333333,2,2,AGACTATTCGTGAGCACTTT,0,1826810
hdeAp2,0.3333333333333333,2,2,AGACCTTTGCTGTCCGTCCT,0,1804467
hdeAp2,0.3333333333333333,2,2,AGACAGTGGCCTGCCAGCGG,0,1785846
hdeAp2,0.3333333333333333,2,2,AGACAGGAATTGAGCCATGG,0,1797292
hdeAp2,0.3333333333333333,2,2,AGACACACACTCGGTCTGAT,0,1778982
hdeAp2,0.3333333333333333,2,2,AGAATTGTTTCACGTGGCTT,0,1792513
hdeAp2,0.3333333333333333,2,2,AGAATGGGGGTGGTAGATCA,0,1781709
hdeAp2,0.3333333333333333,2,2,AGAATGGAGTACATTGGTAT,0,1812264
hdeAp2,0.3333333333333333,2,2,AGAATGAATGTCAGGAGACT,0,1771854
hdeAp2,0.3333333333333333,2,2,AGAAGCAATTCGGCTAAAGA,0,1821095
hdeAp2,0.3333333333333333,2,2,AGAACACCCTGAGCCATTTA,0,1811924
hdeAp2,0.3333333333333333,2,2,ACTTTTGTAGGGGTATTGGA,0,1775879
hdeAp2,0.3333333333333333,2,2,ACTTTCGCGCACGTGGCTTA,0,1791649
hdeAp2,0.3333333333333333,2,2,ACTTGGGAGGGCTGGCGATT,0,1807485
hdeAp2,0.3333333333333333,2,2,ACTTGGACCCGTTAAGCTAA,0,1811812
hdeAp2,0.3333333333333333,2,2,ACTGTCCGACTGCATCTAAT,0,1800665
hdeAp2,0.3333333333333333,2,2,ACTGTAAGGCCATAATAAGC,0,1779831
hdeAp2,0.3333333333333333,2,2,ACTGGGTCGCGACTTTACTT,0,1805267
hdeAp2,0.3333333333333333,2,2,ACTGCTCTGAGGCCCGCACC,0,1806586
hdeAp2,0.3333333333333333,2,2,ACTGAGCTGCTACTCTATCC,0,1794723
hdeAp2,0.3333333333333333,2,2,ACTCGCGTTAGGCTTTGCTA,0,1802065
hdeAp2,0.3333333333333333,2,2,ACTCATAATGGATCGGGAAC,0,1791095
hdeAp2,0.3333333333333333,2,2,ACTATCGGCTGCTGATCGTC,0,1787797
hdeAp2,0.3333333333333333,2,2,ACTAAAAGGTGGGGTATGTA,0,1800474
hdeAp2,0.3333333333333333,2,2,ACGTTTTATGATTATCTCGG,0,1806937
hdeAp2,0.3333333333333333,2,2,ACGTTTGGGGGTATGTCACT,0,1789673
hdeAp2,0.3333333333333333,2,2,ACGTTCTTTTATCTCTACTA,0,1816005
hdeAp2,0.3333333333333333,2,2,ACGTTCGAAGGCAATGGACT,0,1796822
hdeAp2,0.3333333333333333,2,2,ACGTGCCCAAGCTAGAAAGT,0,1818366
hdeAp2,0.3333333333333333,2,2,ACGTGAACGTAGCAAAAAAA,0,1780512
hdeAp2,0.3333333333333333,2,2,ACGTCCGCGCTGGCGTGTTA,0,1822763
hdeAp2,0.3333333333333333,2,2,ACGTATATAATTTCTAGCGA,0,1790748
hdeAp2,0.3333333333333333,2,2,ACGTACACCTTAAATGCCAT,0,1771628
hdeAp2,0.3333333333333333,2,2,ACGTAATACGGGATTGTACC,0,1814908
hdeAp2,0.3333333333333333,2,2,ACGGGGAATCGTTATGTCTA,0,1798357
hdeAp2,0.3333333333333333,2,2,ACGGGCAGCGTTCGGCTCCA,0,1783977
hdeAp2,0.3333333333333333,2,2,ACGGGCACTCGGGTTATGTT,0,1790574
hdeAp2,0.3333333333333333,2,2,ACGGCTTTATTACCGGGAAT,0,1815201
hdeAp2,0.3333333333333333,2,2,ACGGCTTGGCAGGAGCGTGC,0,1811297
hdeAp2,0.3333333333333333,2,2,ACGGCGCTAGCCTTGCAAGC,0,1828310
hdeAp2,0.3333333333333333,2,2,ACGGAGGTAGTGTCATAGCG,0,1791738
hdeAp2,0.3333333333333333,2,2,ACGCTCTAACCGGGCGCGTT,0,1803416
hdeAp2,0.3333333333333333,2,2,ACGCGGTTTAACTCAAAGTT,0,1797073
hdeAp2,0.3333333333333333,2,2,ACGCGCTGAATAGGCATCTG,0,1793686
hdeAp2,0.3333333333333333,2,2,ACGCGCTAGGCCTACTTCGG,0,1812538
hdeAp2,0.3333333333333333,2,2,ACGCCGTGGCGATAATTAGC,0,1787557
hdeAp2,0.3333333333333333,2,2,ACGCCAGGACATAATCAGCC,0,1817361
hdeAp2,0.3333333333333333,2,2,ACGATTATGCACTGCACACC,0,1811631
hdeAp2,0.3333333333333333,2,2,ACGATCATCATCACAAGCAC,0,1778683
hdeAp2,0.3333333333333333,2,2,ACGAGCGCGACCGGTGTAGC,0,1806604
hdeAp2,0.3333333333333333,2,2,ACGACGCGAGAATAGAGTGG,0,1805187
hdeAp2,0.3333333333333333,2,2,ACGAATGGCCCCTATAGTGG,0,1778388
hdeAp2,0.3333333333333333,2,2,ACGAACTCATGTGTATCCGG,0,1825832
hdeAp2,0.3333333333333333,2,2,ACGAACCAGTTTTTCGGGGG,0,1781352
hdeAp2,0.3333333333333333,2,2,ACCTTGAGAACACTTGGCCT,0,1804712
hdeAp2,0.3333333333333333,2,2,ACCTTCGCACAGACGGTAGG,0,1819237
hdeAp2,0.3333333333333333,2,2,ACCTGCGAATCGCGTTGTAC,0,1794822
hdeAp2,0.3333333333333333,2,2,ACCTCGTTTGAATATAAACG,0,1792019
hdeAp2,0.3333333333333333,2,2,ACCTCATAAGCACCAGAATC,0,1783594
hdeAp2,0.3333333333333333,2,2,ACCGTGGTCAAGTTTGCAGC,0,1779238
hdeAp2,0.3333333333333333,2,2,ACCGTCCGCACATTCTAAAT,0,1792166
hdeAp2,0.3333333333333333,2,2,ACCGGTCTCTGCGTCGAGAT,0,1825358
hdeAp2,0.3333333333333333,2,2,ACCGCTCCGCTAACTAAAAT,0,1820270
hdeAp2,0.3333333333333333,2,2,ACCGAATGTGTGTATTATTA,0,1811678
hdeAp2,0.3333333333333333,2,2,ACCGAAATATCCGTGTGAGT,0,1809816
hdeAp2,0.3333333333333333,2,2,ACCCTTCGTACATTGAGGAC,0,1826710
hdeAp2,0.3333333333333333,2,2,ACCCTATAGCGTTAGTAGAC,0,1822027
hdeAp2,0.3333333333333333,2,2,ACCCATGCCCCTGTTACAGG,0,1818415
hdeAp2,0.3333333333333333,2,2,ACCCAAAACGTGCATATAGA,0,1824835
hdeAp2,0.3333333333333333,2,2,ACCATCTGCGACGTTCCCAT,0,1771572
hdeAp2,0.3333333333333333,2,2,ACCAATAGCAGAGATCCGTA,0,1794235
hdeAp2,0.3333333333333333,2,2,ACCAAGCACTAGCTAATTAG,0,1785661
hdeAp2,0.3333333333333333,2,2,ACATCGTAGGGTTTACTTGA,0,1791354
hdeAp2,0.3333333333333333,2,2,ACATCAGGGAGTCCTACCAA,0,1781560
hdeAp2,0.3333333333333333,2,2,ACATAGGTAAAACCAAGAAC,0,1804023
hdeAp2,0.3333333333333333,2,2,ACAGGGTGGATCGCTACGGA,0,1781051
hdeAp2,0.3333333333333333,2,2,ACAGGGTAAGAGTTGCAGCA,0,1800565
hdeAp2,0.3333333333333333,2,2,ACAGGCGCTATCAACGTAAG,0,1810847
hdeAp2,0.3333333333333333,2,2,ACAGCTGGAAAGGCTGTTGC,0,1785832
hdeAp2,0.3333333333333333,2,2,ACAGCGTTGTACGGGAACGT,0,1810310
hdeAp2,0.3333333333333333,2,2,ACAGCGGCTAACCAAGGGTA,0,1777111
hdeAp2,0.3333333333333333,2,2,ACAGACTAGGAACCGCGATA,0,1783941
hdeAp2,0.3333333333333333,2,2,ACAGACATGATGACGTTTTT,0,1807347
hdeAp2,0.3333333333333333,2,2,ACACTGAAAATCAGGTCGTG,0,1773969
hdeAp2,0.3333333333333333,2,2,ACACTACGATGCGTGCACAG,0,1790366
hdeAp2,0.3333333333333333,2,2,ACACCAGACGCTCTAGCCCA,0,1801012
hdeAp2,0.3333333333333333,2,2,ACAATTGGGGGGTGCGGAGG,0,1809206
hdeAp2,0.3333333333333333,2,2,ACAATTGAACTGCATTTTTG,0,1799693
hdeAp2,0.3333333333333333,2,2,ACAATCGGTTCGTGGGTGAA,0,1806798
hdeAp2,0.3333333333333333,2,2,ACAACTGATCTTGTATCTTG,0,1806160
hdeAp2,0.3333333333333333,2,2,ACAACAGGGAGGACCAAGTT,0,1801118
hdeAp2,0.3333333333333333,2,2,ACAACACAAATCTCACTATC,0,1828101
hdeAp2,0.3333333333333333,2,2,ACAACAACCTTCAACACGTT,0,1827176
hdeAp2,0.3333333333333333,2,2,ACAAATCTTTGATACTATGT,0,1783771
hdeAp2,0.3333333333333333,2,2,ACAAAGGTACGCCATAGCTA,0,1784414
hdeAp2,0.3333333333333333,2,2,AATTTGTTAACGGACTTAAG,0,1793770
hdeAp2,0.3333333333333333,2,2,AATTTGTAGACCTTTGCATG,0,1811626
hdeAp2,0.3333333333333333,2,2,AATTTCCCGCGGTTCATCAC,0,1809831
hdeAp2,0.3333333333333333,2,2,AATTGTAACTCTGCGACGCG,0,1781938
hdeAp2,0.3333333333333333,2,2,AATTGCGATGAACGACTATG,0,1797687
hdeAp2,0.3333333333333333,2,2,AATTCCTTTAGGTTGAACGC,0,1806672
hdeAp2,0.3333333333333333,2,2,AATTCCGAGCCGATGGAGTA,0,1788532
hdeAp2,0.3333333333333333,2,2,AATTCCCTGCCTGACTCTAA,0,1777310
hdeAp2,0.3333333333333333,2,2,AATGTGAATACGTTCCTGCA,0,1772769
hdeAp2,0.3333333333333333,2,2,AATGGTCTAGGTAACGCAAA,0,1825406
hdeAp2,0.3333333333333333,2,2,AATGGGAAGTCGGCCGGTGA,0,1817273
hdeAp2,0.3333333333333333,2,2,AATGGCGGGCGCTTACATTT,0,1803896
hdeAp2,0.3333333333333333,2,2,AATGGACGCAGCATATCCTT,0,1794777
hdeAp2,0.3333333333333333,2,2,AATGCGGCTTCGAGGAGGCG,0,1816550
hdeAp2,0.3333333333333333,2,2,AATGAGGGTCCATTGAGGGG,0,1812208
hdeAp2,0.3333333333333333,2,2,AATGAGCCGTGTCTTTGCAA,0,1771961
hdeAp2,0.3333333333333333,2,2,AATCTCCGCCACGGTAGCCG,0,1805178
hdeAp2,0.3333333333333333,2,2,AATCTAGATCCCGATATGCA,0,1791983
hdeAp2,0.3333333333333333,2,2,AATCGAAACACACAAATCCA,0,1791252
hdeAp2,0.3333333333333333,2,2,AATCCCTCTACCCATTTCCG,0,1779802
hdeAp2,0.3333333333333333,2,2,AATCATGACCGCAGGTGTCG,0,1817548
hdeAp2,0.3333333333333333,2,2,AATCAGGTGTCTCCGCATCA,0,1818933
hdeAp2,0.3333333333333333,2,2,AATCACAGGCCTTTCAGGAT,0,1789577
hdeAp2,0.3333333333333333,2,2,AATCAATTTGCAGGATGTTA,0,1805688
hdeAp2,0.3333333333333333,2,2,AATATTTAAGAACAAGGGTC,0,1774608
hdeAp2,0.3333333333333333,2,2,AATAGCACCGACTCATTCGC,0,1771960
hdeAp2,0.3333333333333333,2,2,AATACGTGCGGAACTGACAG,0,1821866
hdeAp2,0.3333333333333333,2,2,AATACCTCACCGGCACAGTC,0,1772051
hdeAp2,0.3333333333333333,2,2,AATACAAGTAAAGAACATGT,0,1801837
hdeAp2,0.3333333333333333,2,2,AATAATGGGGAGGCCGGTAG,0,1806134
hdeAp2,0.3333333333333333,2,2,AATAAGCCGATCACTTAGAT,0,1783546
hdeAp2,0.3333333333333333,2,2,AATAACCCGGTGGTTGGGTT,0,1826524
hdeAp2,0.3333333333333333,2,2,AAGTTTTTTTTGGACAAGAC,0,1800948
hdeAp2,0.3333333333333333,2,2,AAGTGGAGTCATTGACCAAT,0,1805928
hdeAp2,0.3333333333333333,2,2,AAGTGAGTACGTAACGATCA,0,1799245
hdeAp2,0.3333333333333333,2,2,AAGTAGGGGAACGCAGCCAT,0,1804226
hdeAp2,0.3333333333333333,2,2,AAGGTTGGTTGTGAGGCTTC,0,1784948
hdeAp2,0.3333333333333333,2,2,AAGGTTGGAGGGAGGTGTCT,0,1774191
hdeAp2,0.3333333333333333,2,2,AAGGTGTGACTTCAGTGACG,0,1792719
hdeAp2,0.3333333333333333,2,2,AAGGTGCGTCCGACAATAGC,0,1819815
hdeAp2,0.3333333333333333,2,2,AAGGGTGCTCTACGCCAAGC,0,1806286
hdeAp2,0.3333333333333333,2,2,AAGGGTGCCCCTGTTCGTAC,0,1795933
hdeAp2,0.3333333333333333,2,2,AAGGGGGGGTCAGGTTTACC,0,1802685
hdeAp2,0.3333333333333333,2,2,AAGGGGAGCGAGTGTGTGGC,0,1787564
hdeAp2,0.3333333333333333,2,2,AAGGCCTCTTAGCCACTCCT,0,1776374
hdeAp2,0.3333333333333333,2,2,AAGGAATGTCTACCAGCATC,0,1824801
hdeAp2,0.3333333333333333,2,2,AAGCTTCATTAAAGGCACTT,0,1825719
hdeAp2,0.3333333333333333,2,2,AAGCTGGGTCCACGGATTAC,0,1811050
hdeAp2,0.3333333333333333,2,2,AAGCGCCTCCGGCGCTCGGT,0,1792432
hdeAp2,0.3333333333333333,2,2,AAGCGCAACAACCAGGCCTC,0,1775218
hdeAp2,0.3333333333333333,2,2,AAGCGACTGCTACAGACGAC,0,1823593
hdeAp2,0.3333333333333333,2,2,AAGCCTAGTGCGGCAGATTC,0,1788642
hdeAp2,0.3333333333333333,2,2,AAGCCGTCGGCGGGGCTACT,0,1800685
hdeAp2,0.3333333333333333,2,2,AAGCCATCAGGCTATGTCGC,0,1778402
hdeAp2,0.3333333333333333,2,2,AAGCAGGTCTGTCAATGGTT,0,1822346
hdeAp2,0.3333333333333333,2,2,AAGAGTGGATGGGATCAGAA,0,1810986
hdeAp2,0.3333333333333333,2,2,AAGAGTATCATGAGTAACTG,0,1811058
hdeAp2,0.3333333333333333,2,2,AAGAGCGCGAACTAGGGCAA,0,1814299
hdeAp2,0.3333333333333333,2,2,AAGAATCGCCGATTAATACG,0,1809964
hdeAp2,0.3333333333333333,2,2,AAGAAGGACAAATCACGAAC,0,1782657
hdeAp2,0.3333333333333333,2,2,AACTTCAAAGGCTCGGTGAA,0,1791270
hdeAp2,0.3333333333333333,2,2,AACTTAAGCGGGTCTGATGG,0,1807662
hdeAp2,0.3333333333333333,2,2,AACTGGCAGACACCTCTGGG,0,1786132
hdeAp2,0.3333333333333333,2,2,AACTGATTCTCCGCGCAGAG,0,1816317
hdeAp2,0.3333333333333333,2,2,AACGGTCGCAGATTTCTTGT,0,1820505
hdeAp2,0.3333333333333333,2,2,AACGGGAATGCTCGACCGGG,0,1805860
hdeAp2,0.3333333333333333,2,2,AACGCGGTGGCTACGACGGA,0,1806858
hdeAp2,0.3333333333333333,2,2,AACGCCGGAACGGGTAGGAA,0,1806476
hdeAp2,0.3333333333333333,2,2,AACCTGAGTTCCATTTCTGA,0,1788821
hdeAp2,0.3333333333333333,2,2,AACCTCGTTGCGTAATTGCG,0,1784361
hdeAp2,0.3333333333333333,2,2,AACCGTCCTTACCTAAGGAT,0,1775129
hdeAp2,0.3333333333333333,2,2,AACCGGGGAGCACTCCGCGA,0,1805578
hdeAp2,0.3333333333333333,2,2,AACCGGCACCTGGTTCTGAC,0,1799213
hdeAp2,0.3333333333333333,2,2,AACCGACCTGGGCAAGGCAT,0,1792489
hdeAp2,0.3333333333333333,2,2,AACCCGGGAGCCTGGGGTTT,0,1825767
hdeAp2,0.3333333333333333,2,2,AACCCGGCCCCCACGCATTG,0,1784773
hdeAp2,0.3333333333333333,2,2,AACCAGCTGGACTTCTCGCA,0,1787389
hdeAp2,0.3333333333333333,2,2,AACCACACGTCGGAGGATCA,0,1773091
hdeAp2,0.3333333333333333,2,2,AACATACCTTCGGCCAACGG,0,1827566
hdeAp2,0.3333333333333333,2,2,AACATAAACCCGCTAGAGCT,0,1771948
hdeAp2,0.3333333333333333,2,2,AACAGCCCACGCGCCACGAC,0,1799656
hdeAp2,0.3333333333333333,2,2,AACACTTCTCGCAAGGTCAT,0,1813569
hdeAp2,0.3333333333333333,2,2,AACAATGCTGGCTACAGCGG,0,1796932
hdeAp2,0.3333333333333333,2,2,AACAAATACGTATTGTACAA,0,1776581
hdeAp2,0.3333333333333333,2,2,AAATGTGTCTCCCAGACACG,0,1781623
hdeAp2,0.3333333333333333,2,2,AAATGGTGAAATGAAGAAGG,0,1795634
hdeAp2,0.3333333333333333,2,2,AAATGGAGAACATAACGACC,0,1792998
hdeAp2,0.3333333333333333,2,2,AAATGAAATGTGAAGCTTTG,0,1772483
hdeAp2,0.3333333333333333,2,2,AAATCTTTACGCCTGAATGA,0,1788446
hdeAp2,0.3333333333333333,2,2,AAATCTTCACTCACAGGACT,0,1808715
hdeAp2,0.3333333333333333,2,2,AAATAGTTCGGAAGCTGACC,0,1813371
hdeAp2,0.3333333333333333,2,2,AAATAGTGCTCATCGTTGAG,0,1825539
hdeAp2,0.3333333333333333,2,2,AAAGTGCAGTTTGGTTATTT,0,1779483
hdeAp2,0.3333333333333333,2,2,AAAGTCAGCTAACAGCTTAT,0,1804221
hdeAp2,0.3333333333333333,2,2,AAAGTAGACCAGTGAAAGGC,0,1792413
hdeAp2,0.3333333333333333,2,2,AAAGTAAGTTCGGCTAGCAA,0,1808219
hdeAp2,0.3333333333333333,2,2,AAAGAGGCCCACTTTTCCGC,0,1781628
hdeAp2,0.3333333333333333,2,2,AAAGACTTGTCTAAGGAGGA,0,1789129
hdeAp2,0.3333333333333333,2,2,AAAGACTTATAGGGCGGTTG,0,1783373
hdeAp2,0.3333333333333333,2,2,AAAGACCTCAGAAGCCATGA,0,1815512
hdeAp2,0.3333333333333333,2,2,AAAGAACAGATCAGATTGCA,0,1815529
hdeAp2,0.3333333333333333,2,2,AAACTGGCACCACTAAACGG,0,1809039
hdeAp2,0.3333333333333333,2,2,AAACTGCCCGCGGCACATGG,0,1786778
hdeAp2,0.3333333333333333,2,2,AAACGTGCTACAAAGCAGGC,0,1821935
hdeAp2,0.3333333333333333,2,2,AAACGGGCGCAGGTTGATGT,0,1780570
hdeAp2,0.3333333333333333,2,2,AAACCAACATCCGCGGTATT,0,1794786
hdeAp2,0.3333333333333333,2,2,AAACAGGCACGCCCGCGATT,0,1806954
hdeAp2,0.3333333333333333,2,2,AAACACTGAAACGCGGGTAT,0,1794203
hdeAp2,0.3333333333333333,2,2,AAACACCACCACTGCGTACT,0,1828099
hdeAp2,0.3333333333333333,2,2,AAAATTGGTCGCCACCTTTG,0,1809378
hdeAp2,0.3333333333333333,2,2,AAAATGGACCGAGAGCGGTA,0,1782765
hdeAp2,0.3333333333333333,2,2,AAAAGGCGAAGTTGTCAGGT,0,1780841
hdeAp2,0.3333333333333333,2,2,AAAAGCGCTTATCGTGTCGC,0,1808766
hdeAp2,0.3333333333333333,2,2,AAAAGAACGGCGTGGTTAAA,0,1816605
hdeAp2,0.3333333333333333,2,2,AAAACCACTAGCCTACTTGT,0,1771199
hdeAp2,0.3333333333333333,2,2,AAAACAGCACCTATAGGCTC,0,1784262
hdeAp2,0.3333333333333333,2,2,AAAACACTAGGTCCCGTACT,0,1792448
hdeAp2,0.3333333333333333,2,2,AAAAAATTTGAATCGTTGTA,0,1805879
hdeAp2,0.5,1,1,TTTTTGGAATAAGCATAGCA,0,1817081
hdeAp2,0.5,1,1,TTTTTAGGGAGTCACGCTAA,0,1806080
hdeAp2,0.5,1,1,TTTTCTACTGGCCCGAGATA,0,1804924
hdeAp2,0.5,1,1,TTTTCATCGCAACCCCTCTC,0,1789728
hdeAp2,0.5,1,1,TTTTCAGCTGGATCATATGA,0,1780037
hdeAp2,0.5,1,1,TTTTCAGCATTGCGATGTCA,0,1774007
hdeAp2,0.5,1,1,TTTTCAATCGGCGTATGTTC,0,1771748
hdeAp2,0.5,1,1,TTTTAACAAGGCTCCCTAGT,0,1777952
hdeAp2,0.5,1,1,TTTGTGGGGTAACCCTTCTA,0,1794921
hdeAp2,0.5,1,1,TTTGTCGGGACTACTAAAGC,0,1784646
hdeAp2,0.5,1,1,TTTGTATGGTCTCAGCTGCC,0,1818969
hdeAp2,0.5,1,1,TTTGGTGGGCCTTGCAGCTA,0,1772254
hdeAp2,0.5,1,1,TTTGGTCCGGACGTCCGGAG,0,1776268
hdeAp2,0.5,1,1,TTTGGGTGACAATTACGGTA,0,1791382
hdeAp2,0.5,1,1,TTTGGCGAAAGCAGGATTCT,0,1827633
hdeAp2,0.5,1,1,TTTGGCCGACATTGAGCGCT,0,1817618
hdeAp2,0.5,1,1,TTTGGACCTCCTCCGGCACT,0,1784608
hdeAp2,0.5,1,1,TTTGGACCATCATCCCAATG,0,1801196
hdeAp2,0.5,1,1,TTTGCCTCCTCGTACGGTGG,0,1787416
hdeAp2,0.5,1,1,TTTGATAGAGCGGTATTAAA,0,1775018
hdeAp2,0.5,1,1,TTTGAACACAAACGAAAGCC,0,1808724
hdeAp2,0.5,1,1,TTTGAAACCTGTGTTCACGG,0,1798317
hdeAp2,0.5,1,1,TTTCTGTAGTACAATCCCTC,0,1811291
hdeAp2,0.5,1,1,TTTCTATACGTTCAGTCACA,0,1813942
hdeAp2,0.5,1,1,TTTCCTTGCCACCAGTTTAA,0,1805253
hdeAp2,0.5,1,1,TTTCCGGTTTGTCAATACTC,0,1815373
hdeAp2,0.5,1,1,TTTCCCGATAGAGGGCTGTC,0,1791424
hdeAp2,0.5,1,1,TTTCCCAAGAGTTTCTGCTT,0,1824213
hdeAp2,0.5,1,1,TTTCAGGGGTTGGGCGCAAA,0,1791362
hdeAp2,0.5,1,1,TTTAGGCAGACAAAAGCTTG,0,1803314
hdeAp2,0.5,1,1,TTTACTAGACGCAGGCGCTA,0,1797022
hdeAp2,0.5,1,1,TTTACCGGGGCTGTGGCCCC,0,1815634
hdeAp2,0.5,1,1,TTTAATGTCTATTACTTCGT,0,1821189
hdeAp2,0.5,1,1,TTTAAGGCAGATTAGCCGTG,0,1783815
hdeAp2,0.5,1,1,TTTAAAGTGGATCGCTTTTG,0,1789332
hdeAp2,0.5,1,1,TTGTTGTCTTTTGTCCAAGG,0,1772082
hdeAp2,0.5,1,1,TTGTTCATAAGACGGCGCGG,0,1772678
hdeAp2,0.5,1,1,TTGTTAAGAAAGACGGGACT,0,1805009
hdeAp2,0.5,1,1,TTGTGGATTCGGACTCTTTG,0,1785571
hdeAp2,0.5,1,1,TTGTCTACTAAATTACCCCA,0,1793145
hdeAp2,0.5,1,1,TTGTCGGTTAAGCGTTGCGC,0,1794903
hdeAp2,0.5,1,1,TTGTCCTCTGGACCCTATAG,0,1800021
hdeAp2,0.5,1,1,TTGTCATTGATAAACTGCAG,0,1788547
hdeAp2,0.5,1,1,TTGTATGGTCGCGTATGATC,0,1810168
hdeAp2,0.5,1,1,TTGGTGGCGGCAAGGAGGTG,0,1778546
hdeAp2,0.5,1,1,TTGGCCGGAGGGGGCACCTT,0,1817972
hdeAp2,0.5,1,1,TTGGAGTGGCCGTTCCGCAA,0,1809794
hdeAp2,0.5,1,1,TTGGAGCTAATGGTTTCATA,0,1802257
hdeAp2,0.5,1,1,TTGGACGTAGGATATGCTAG,0,1820736
hdeAp2,0.5,1,1,TTGCTCTAGGTGGGTGTCTA,0,1825468
hdeAp2,0.5,1,1,TTGCCTTTTAAATTGCCTTT,0,1812409
hdeAp2,0.5,1,1,TTGCAGCGCAGTGGATCTGT,0,1814477
hdeAp2,0.5,1,1,TTGCAACTTGTTCCCCCCGG,0,1797240
hdeAp2,0.5,1,1,TTGCAACCCTGTGATGCCCC,0,1804233
hdeAp2,0.5,1,1,TTGATGTTACTATTTCTAGT,0,1796401
hdeAp2,0.5,1,1,TTGATACCATCAAATAGCGT,0,1789874
hdeAp2,0.5,1,1,TTGAGGCTCGTACTTAATGG,0,1808362
hdeAp2,0.5,1,1,TTGAGCACCTAAACATCCAA,0,1790595
hdeAp2,0.5,1,1,TTGAATACTAAACGCCTGCC,0,1799570
hdeAp2,0.5,1,1,TTGAAGTGCAAAGGGGCTTT,0,1807332
hdeAp2,0.5,1,1,TTGAAGCCTGAAGTTCGATT,0,1828358
hdeAp2,0.5,1,1,TTCTTTTTATGCCGAACCGA,0,1822501
hdeAp2,0.5,1,1,TTCTTTTATTGCAGTGACTA,0,1796762
hdeAp2,0.5,1,1,TTCTTTAAGTTGAGGCCCGT,0,1785601
hdeAp2,0.5,1,1,TTCTTCTGGTCACGACATTA,0,1774760
hdeAp2,0.5,1,1,TTCTTCAACAGGTATTTACT,0,1804668
hdeAp2,0.5,1,1,TTCTTACGGTACCAATATCA,0,1822002
hdeAp2,0.5,1,1,TTCTGTTAGAGTCTGTTACC,0,1792385
hdeAp2,0.5,1,1,TTCTGGCAAAATCTCTGACT,0,1817751
hdeAp2,0.5,1,1,TTCTGACCGGTCCTACAGGG,0,1790249
hdeAp2,0.5,1,1,TTCTATCTGATCTGTGCGTT,0,1797318
hdeAp2,0.5,1,1,TTCTACTACAGTATTTTATA,0,1771250
hdeAp2,0.5,1,1,TTCTACAATCTATCTGCGTA,0,1828326
hdeAp2,0.5,1,1,TTCTAATATCTCAGAGTTTC,0,1821428
hdeAp2,0.5,1,1,TTCGTTGGCTGTGTGACTGG,0,1808586
hdeAp2,0.5,1,1,TTCGTTGCTGTTTGACAGAG,0,1805709
hdeAp2,0.5,1,1,TTCGGTGAATCAACGCACAT,0,1822054
hdeAp2,0.5,1,1,TTCGCATCGTCCAGTGGTAG,0,1796302
hdeAp2,0.5,1,1,TTCGAGTTTATCAGGGGGAC,0,1794468
hdeAp2,0.5,1,1,TTCGAGAAAACAGATCAGGC,0,1811828
hdeAp2,0.5,1,1,TTCGACTATGGGCTTAGACG,0,1806390
hdeAp2,0.5,1,1,TTCGACGGGGGAGATTCAGT,0,1804184
hdeAp2,0.5,1,1,TTCGAATATGTACACACCAG,0,1778747
hdeAp2,0.5,1,1,TTCCTTGCGGTGAGTCGCTG,0,1824123
hdeAp2,0.5,1,1,TTCCTAGTTCACGGATCGTT,0,1798833
hdeAp2,0.5,1,1,TTCCGCGCCCGGCTACGAAT,0,1804735
hdeAp2,0.5,1,1,TTCCGAATCCACCTGGAATA,0,1780372
hdeAp2,0.5,1,1,TTCCCTGGATTCTGTAGGTG,0,1815448
hdeAp2,0.5,1,1,TTCCAAGGATGAATAGTGCG,0,1820228
hdeAp2,0.5,1,1,TTCCAACCTATCCGCTGCCA,0,1815123
hdeAp2,0.5,1,1,TTCATTAGTATTTGAGCCCT,0,1821497
hdeAp2,0.5,1,1,TTCATACCGATCGCGCCCAA,0,1791444
hdeAp2,0.5,1,1,TTCAGCTTCAATAAAACTTA,0,1802132
hdeAp2,0.5,1,1,TTCACAGTAGCGTCTAAATA,0,1794747
hdeAp2,0.5,1,1,TTCACAACGTAGCTCGCCTA,0,1781335
hdeAp2,0.5,1,1,TTATGGGCCGAGATTCACCT,0,1821268
hdeAp2,0.5,1,1,TTATGGAGGACCAGTCTAGT,0,1801955
hdeAp2,0.5,1,1,TTATGCTAAGCGCATCATCG,0,1795686
hdeAp2,0.5,1,1,TTATGCAGAGGCAGCACATT,0,1784993
hdeAp2,0.5,1,1,TTATACGTCTTCTTCTGTAC,0,1800811
hdeAp2,0.5,1,1,TTAGGCCCGATTCGGGCGAT,0,1792273
hdeAp2,0.5,1,1,TTAGGAGGGATGTTTTACTC,0,1783778
hdeAp2,0.5,1,1,TTAGCGCGTGCCTTGCCACA,0,1823772
hdeAp2,0.5,1,1,TTAGCGAGTAAGTAGCGCGC,0,1791584
hdeAp2,0.5,1,1,TTAGATTGTGGGTCCGCAAA,0,1805992
hdeAp2,0.5,1,1,TTAGAGCCAAGCATGTCTAA,0,1822489
hdeAp2,0.5,1,1,TTAGAATGGTAAGTCCCCAC,0,1783767
hdeAp2,0.5,1,1,TTAGAAATCTTCAGCCAGCA,0,1815345
hdeAp2,0.5,1,1,TTACTTTCGGAGGTCTGGGG,0,1772764
hdeAp2,0.5,1,1,TTACTCCGGTATAAAAAAAA,0,1810987
hdeAp2,0.5,1,1,TTACTATATCCTCAAGTCGC,0,1787481
hdeAp2,0.5,1,1,TTACGTTGGTGCGTCTTCTT,0,1804485
hdeAp2,0.5,1,1,TTACGTGGACCTGAGTGGCC,0,1790961
hdeAp2,0.5,1,1,TTACGTCAGTCCTCATTTTT,0,1778422
hdeAp2,0.5,1,1,TTACAGTAGATTATGCAGCC,0,1818623
hdeAp2,0.5,1,1,TTACACTATTTTATGGCTAC,0,1819308
hdeAp2,0.5,1,1,TTACACCCGGGAAAGTCCTG,0,1803065
hdeAp2,0.5,1,1,TTAAGCAGGGGCCGCACCTC,0,1827370
hdeAp2,0.5,1,1,TTAAGCACGGTGATCTCGCG,0,1814352
hdeAp2,0.5,1,1,TTAACCAACCCGGGAAGGGG,0,1788599
hdeAp2,0.5,1,1,TTAAAAGGCCCAGGTTATGT,0,1784109
hdeAp2,0.5,1,1,TGTTTTTTTGAGGTAGGAAA,0,1801630
hdeAp2,0.5,1,1,TGTTTTAAGTTCCCTGGCAC,0,1806950
hdeAp2,0.5,1,1,TGTTTCCGAGTGTAGACGTT,0,1779462
hdeAp2,0.5,1,1,TGTTTATCTCTAAAAGGGGA,0,1783877
hdeAp2,0.5,1,1,TGTTGGCGAGATGCGGGTAC,0,1815866
hdeAp2,0.5,1,1,TGTTGGATTGAGTGCGATCG,0,1792032
hdeAp2,0.5,1,1,TGTTGCCATGTATTCTTTGA,0,1816642
hdeAp2,0.5,1,1,TGTTCCCTTGAACGCTTGCA,0,1775929
hdeAp2,0.5,1,1,TGTTCATAATTACTCGGATT,0,1800641
hdeAp2,0.5,1,1,TGTTAGCGCTCAGGGGGTAC,0,1787492
hdeAp2,0.5,1,1,TGTTACCCACGACGGCAGGA,0,1795683
hdeAp2,0.5,1,1,TGTGTAATAGCACCGATTAC,0,1797697
hdeAp2,0.5,1,1,TGTGGTCCGGTCGATATAAT,0,1777125
hdeAp2,0.5,1,1,TGTGGTCCGGCTGTAAGTCA,0,1804800
hdeAp2,0.5,1,1,TGTGGTCCATTATGGGCGCA,0,1798878
hdeAp2,0.5,1,1,TGTGGTCCAGGAACGCCAGG,0,1772007
hdeAp2,0.5,1,1,TGTGCCTCGGGACATCCATG,0,1773045
hdeAp2,0.5,1,1,TGTGATGCCCAAGTCATAGC,0,1792647
hdeAp2,0.5,1,1,TGTGATGAAGGGTGTCACCC,0,1806094
hdeAp2,0.5,1,1,TGTGACGGACTCATAGACGC,0,1798727
hdeAp2,0.5,1,1,TGTGACAATCGCCTACTAAC,0,1785771
hdeAp2,0.5,1,1,TGTCTATGCGTGTTGCGACT,0,1811610
hdeAp2,0.5,1,1,TGTCTATCCTGGGCGAATGA,0,1792355
hdeAp2,0.5,1,1,TGTCGTCATTAGAATTAGGG,0,1771196
hdeAp2,0.5,1,1,TGTCGGAGTTTTATAGCGGG,0,1798590
hdeAp2,0.5,1,1,TGTCGCACTAGACAGCTCGT,0,1823743
hdeAp2,0.5,1,1,TGTCCGTATCATAATAGTTT,0,1819884
hdeAp2,0.5,1,1,TGTCCGACAGGTGTCCGTGA,0,1779447
hdeAp2,0.5,1,1,TGTCCCCAGAATGATAGTGT,0,1812453
hdeAp2,0.5,1,1,TGTCCACGGGATAAACACTA,0,1774739
hdeAp2,0.5,1,1,TGTCAGGACTGTAGTCATTA,0,1794108
hdeAp2,0.5,1,1,TGTCAAGGCTTACTACACGT,0,1805258
hdeAp2,0.5,1,1,TGTATTAGAAAGAGCGTCTT,0,1785883
hdeAp2,0.5,1,1,TGTATGTATATACTATCATG,0,1814127
hdeAp2,0.5,1,1,TGTAGTCGGCAAACTGGAGA,0,1781427
hdeAp2,0.5,1,1,TGTAGTCAGAAGCACGCAGC,0,1826569
hdeAp2,0.5,1,1,TGTAGGGCGATGCCCTCACG,0,1820018
hdeAp2,0.5,1,1,TGTAGGCCCGTGGAAAGGAA,0,1826762
hdeAp2,0.5,1,1,TGTAGCATCTGGACCCGACA,0,1805661
hdeAp2,0.5,1,1,TGTACTTCAGTATAAGTGAT,0,1819370
hdeAp2,0.5,1,1,TGTACGTTTGCTTGGCCAGG,0,1822972
hdeAp2,0.5,1,1,TGTACATGGCACTCAGGGAT,0,1793485
hdeAp2,0.5,1,1,TGTACAGAGTGGTTAAAGGG,0,1772610
hdeAp2,0.5,1,1,TGTAATCCGGTCCCAGAAAC,0,1793675
hdeAp2,0.5,1,1,TGGTTTCTTTGTTAACGGAA,0,1809440
hdeAp2,0.5,1,1,TGGTTAACACCGGTGACGCG,0,1772251
hdeAp2,0.5,1,1,TGGTCCGATTTCCCACATAT,0,1807194
hdeAp2,0.5,1,1,TGGTCATTATGTTCGGAATT,0,1819600
hdeAp2,0.5,1,1,TGGTCAATGGTCGCAGTACG,0,1771348
hdeAp2,0.5,1,1,TGGTAGTACACTGCCTGCAG,0,1778138
hdeAp2,0.5,1,1,TGGTAAGATGTTTACGCGGG,0,1823345
hdeAp2,0.5,1,1,TGGTAAATTGTCATCACTTT,0,1794774
hdeAp2,0.5,1,1,TGGGTGTTACCGCATATCGA,0,1824247
hdeAp2,0.5,1,1,TGGGTGAAAGTCCAGGACAA,0,1826274
hdeAp2,0.5,1,1,TGGGTCTGCGGAGCAGGGTT,0,1807932
hdeAp2,0.5,1,1,TGGGTCGGAAAGCACCTATG,0,1807045
hdeAp2,0.5,1,1,TGGGGTTACCCTTGCTGCCT,0,1787803
hdeAp2,0.5,1,1,TGGGGTCTATATGCGCCGTT,0,1805054
hdeAp2,0.5,1,1,TGGGGCCGGTACACGAGGGT,0,1799118
hdeAp2,0.5,1,1,TGGGGAGGGATCGGATCGGA,0,1819241
hdeAp2,0.5,1,1,TGGGGAAAGATGCTGGGGTG,0,1810159
hdeAp2,0.5,1,1,TGGGCGTCAGGAATAATCAC,0,1797045
hdeAp2,0.5,1,1,TGGGCGTAGATGGTTCTATT,0,1807860
hdeAp2,0.5,1,1,TGGGCGGACTGGTCAGTCTT,0,1807802
hdeAp2,0.5,1,1,TGGGCGATTGGGTTTCATAG,0,1771635
hdeAp2,0.5,1,1,TGGGCATCCCTATTCCTAAC,0,1799729
hdeAp2,0.5,1,1,TGGGAGGAAGAACCCGGGGA,0,1808464
hdeAp2,0.5,1,1,TGGGAGAAATCCAAAGGGCA,0,1777677
hdeAp2,0.5,1,1,TGGGACATCCCCCGATAGAG,0,1774922
hdeAp2,0.5,1,1,TGGGAATAAAAGTTAAAATC,0,1773191
hdeAp2,0.5,1,1,TGGGAAGGCACTAACCGTAT,0,1780691
hdeAp2,0.5,1,1,TGGCGTGCCAGGTAAAAACT,0,1793884
hdeAp2,0.5,1,1,TGGCGCCTGGTATCTCCGGG,0,1813870
hdeAp2,0.5,1,1,TGGCGCATTGCCTTTCCATC,0,1799437
hdeAp2,0.5,1,1,TGGCCTAAACACTTCTAGAA,0,1787357
hdeAp2,0.5,1,1,TGGCCCGGTTAAATCCTTAC,0,1823974
hdeAp2,0.5,1,1,TGGCAAGGCTACGTACACGT,0,1813882
hdeAp2,0.5,1,1,TGGCAAAGTGAACGTATGTG,0,1816090
hdeAp2,0.5,1,1,TGGATTCGTCACGGTACTAA,0,1806051
hdeAp2,0.5,1,1,TGGATCATTGAGCCACACGG,0,1787450
hdeAp2,0.5,1,1,TGGAGTGAAGGAAAACCCAG,0,1806934
hdeAp2,0.5,1,1,TGGAGGGACATAGTCGAAAG,0,1797960
hdeAp2,0.5,1,1,TGGAGGCTACGTCGTCCTCT,0,1793099
hdeAp2,0.5,1,1,TGGACACACACGTCCCGTAT,0,1823307
hdeAp2,0.5,1,1,TGGACAATTATGGGCAGGTC,0,1782689
hdeAp2,0.5,1,1,TGGAATTCACATATGAACTA,0,1816914
hdeAp2,0.5,1,1,TGGAATGTTCCAGGTGGACT,0,1815483
hdeAp2,0.5,1,1,TGGAATCGTTGTTAGCCGGA,0,1820856
hdeAp2,0.5,1,1,TGGAATAGGCCGAGCCGGCT,0,1780546
hdeAp2,0.5,1,1,TGGAACAGCACCCATGCGGT,0,1816433
hdeAp2,0.5,1,1,TGGAAAGAATATGCATGTGT,0,1777019
hdeAp2,0.5,1,1,TGCTTTGTGAATAATTATGG,0,1788505
hdeAp2,0.5,1,1,TGCTTCAAAACACGGTTGCA,0,1804286
hdeAp2,0.5,1,1,TGCTTATGTGTGTTGCATTA,0,1779293
hdeAp2,0.5,1,1,TGCTGCGGTGACGTGAGGCA,0,1793200
hdeAp2,0.5,1,1,TGCTGAGATATTCGTATAAA,0,1785450
hdeAp2,0.5,1,1,TGCTCCCGGAATGCTAGCCC,0,1782302
hdeAp2,0.5,1,1,TGCTCATAATCGGGTATATG,0,1812600
hdeAp2,0.5,1,1,TGCTAATCATGGCCGTTATA,0,1787021
hdeAp2,0.5,1,1,TGCTAACATATGCGGTCCAA,0,1819123
hdeAp2,0.5,1,1,TGCGTCGGCGAGCTGTTCAC,0,1802276
hdeAp2,0.5,1,1,TGCGTCACTGCGTGTTTAGT,0,1784387
hdeAp2,0.5,1,1,TGCGGTACATGTTGCTAATG,0,1790505
hdeAp2,0.5,1,1,TGCGGCCTTGTGGTTCCTGG,0,1805090
hdeAp2,0.5,1,1,TGCGGCATGACGTGTGCACC,0,1793546
hdeAp2,0.5,1,1,TGCGCTATGCTTGGTTGGAC,0,1797167
hdeAp2,0.5,1,1,TGCGAATGTACGTGGGACAC,0,1827284
hdeAp2,0.5,1,1,TGCGAATAATTTTTCTGTGG,0,1812092
hdeAp2,0.5,1,1,TGCCTGAGAGTCAGGTTGCC,0,1790188
hdeAp2,0.5,1,1,TGCCTAGGCATGACACGTCT,0,1825781
hdeAp2,0.5,1,1,TGCCGGATCGCAAACCTGAG,0,1811118
hdeAp2,0.5,1,1,TGCCCCAAGAAGGTCTGAGG,0,1808916
hdeAp2,0.5,1,1,TGCCATGGGTGGTTTGGAGG,0,1814812
hdeAp2,0.5,1,1,TGCCACTACGCAGGTTGGTA,0,1784351
hdeAp2,0.5,1,1,TGCATCTTCGTCGGGGCGGT,0,1817146
hdeAp2,0.5,1,1,TGCATCAGCAATTACTCCGG,0,1799730
hdeAp2,0.5,1,1,TGCAGGGAATAAACCGCTCC,0,1792653
hdeAp2,0.5,1,1,TGCACAGGCGACGCACGTGC,0,1780959
hdeAp2,0.5,1,1,TGCAATTACCCGTACTCCAA,0,1772293
hdeAp2,0.5,1,1,TGCAACCAAAACATCAATCA,0,1822503
hdeAp2,0.5,1,1,TGATTTATGCCCAGTTAGAG,0,1827027
hdeAp2,0.5,1,1,TGATGGGGACTACCGGCTCT,0,1792983
hdeAp2,0.5,1,1,TGATGCTGCAGAGACAATGT,0,1792656
hdeAp2,0.5,1,1,TGATGCGCTAATCATATCGG,0,1795735
hdeAp2,0.5,1,1,TGATCAGTATCGCGGATATA,0,1780904
hdeAp2,0.5,1,1,TGATACCAGGCCCCTTATGA,0,1821246
hdeAp2,0.5,1,1,TGATAAGTTGAACATTCAAT,0,1792567
hdeAp2,0.5,1,1,TGAGTACTCGGCCGATAGGA,0,1788394
hdeAp2,0.5,1,1,TGAGGACCCTTTGGCAATGG,0,1784125
hdeAp2,0.5,1,1,TGAGATATTATTTTAGCCCA,0,1772850
hdeAp2,0.5,1,1,TGAGAAGGCAGATTTTGCGA,0,1784828
hdeAp2,0.5,1,1,TGACTTCCCCGTTGAGGGTT,0,1789145
hdeAp2,0.5,1,1,TGACTATCTTGCTCAGACGG,0,1826948
hdeAp2,0.5,1,1,TGACGGTCAATCTAGATCAA,0,1777196
hdeAp2,0.5,1,1,TGACGAGTTCTTGCGATAGA,0,1787064
hdeAp2,0.5,1,1,TGACCTTTTGTGACACACCG,0,1772498
hdeAp2,0.5,1,1,TGACCTGCACTACAGTTCTT,0,1778741
hdeAp2,0.5,1,1,TGACCGATATTCAGACTCAA,0,1811268
hdeAp2,0.5,1,1,TGACCATCACCGTTTAACGG,0,1798257
hdeAp2,0.5,1,1,TGACCATAGTCATCGAAAAG,0,1780301
hdeAp2,0.5,1,1,TGACATTGGTTGGGCACAAT,0,1803130
hdeAp2,0.5,1,1,TGACAGTTTTCTTTTTGAGC,0,1785577
hdeAp2,0.5,1,1,TGACAGTGTAAAGCCCCTGG,0,1771982
hdeAp2,0.5,1,1,TGACACAGAGTTGTGACTTT,0,1806372
hdeAp2,0.5,1,1,TGAATCGTGTTAGGGTGGCG,0,1828084
hdeAp2,0.5,1,1,TGAATATGTTCCACACCATA,0,1813399
hdeAp2,0.5,1,1,TGAACGGCGTTTAGGCTTTA,0,1808975
hdeAp2,0.5,1,1,TGAACGACATGCTGTATCAC,0,1823238
hdeAp2,0.5,1,1,TGAAACCCCCCTCGCGGTTG,0,1772912
hdeAp2,0.5,1,1,TGAAAATCCTGTTTTTGTCT,0,1787071
hdeAp2,0.5,1,1,TCTTTTCGATGGGCTCGTAT,0,1773381
hdeAp2,0.5,1,1,TCTTTACCGGAGTCACAGCT,0,1787978
hdeAp2,0.5,1,1,TCTTTAAGCCACGATCCAAA,0,1823262
hdeAp2,0.5,1,1,TCTTGTGCCTAGGGGCAGAA,0,1803490
hdeAp2,0.5,1,1,TCTTCGCATTATGACCTAAT,0,1812790
hdeAp2,0.5,1,1,TCTTATTTAAACCTCCAGAC,0,1819489
hdeAp2,0.5,1,1,TCTTAAAACGTTTTTGAAGA,0,1817588
hdeAp2,0.5,1,1,TCTGTTCAAAACCCGATATA,0,1791174
hdeAp2,0.5,1,1,TCTGGGTAAGGGGGGAGTGT,0,1798109
hdeAp2,0.5,1,1,TCTGGGAGGACATAGCCACT,0,1771774
hdeAp2,0.5,1,1,TCTGGCTAGTCGTAGAATAT,0,1811351
hdeAp2,0.5,1,1,TCTGCTACTCGGCACTGTAG,0,1816471
hdeAp2,0.5,1,1,TCTCTGAAGGTTCCACCGAT,0,1782377
hdeAp2,0.5,1,1,TCTCTCTGCAGCCACTGCAA,0,1814955
hdeAp2,0.5,1,1,TCTCTCTAAGAATAGTCGTT,0,1803043
hdeAp2,0.5,1,1,TCTCTACCGTCCTATAGTTA,0,1795151
hdeAp2,0.5,1,1,TCTCTAATATGTTAAAGTGA,0,1782470
hdeAp2,0.5,1,1,TCTCGGTCCTCGATTAGAGT,0,1785048
hdeAp2,0.5,1,1,TCTCGAGCCTAGTACCAACC,0,1774704
hdeAp2,0.5,1,1,TCTCCTAATCTTGGGTTAAT,0,1797516
hdeAp2,0.5,1,1,TCTCATAGATAGGATGCACA,0,1817912
hdeAp2,0.5,1,1,TCTCACCCAGTATACCGGAA,0,1800050
hdeAp2,0.5,1,1,TCTCAACCAGGCAATGCTGA,0,1825299
hdeAp2,0.5,1,1,TCTATTGTTATGATAAGTAA,0,1828176
hdeAp2,0.5,1,1,TCTAGTGAATTTCTAAGTAG,0,1777753
hdeAp2,0.5,1,1,TCTAGGGAGAGCTAACAGTG,0,1817172
hdeAp2,0.5,1,1,TCTAGACTAGAAATGGGCTT,0,1828793
hdeAp2,0.5,1,1,TCTACCTCGCAATGACTCTT,0,1814892
hdeAp2,0.5,1,1,TCTACCCCTGGGGCAAATCG,0,1784037
hdeAp2,0.5,1,1,TCTAATGCCCCGCTCGGCAA,0,1791394
hdeAp2,0.5,1,1,TCTAAAAGAGCGCCCCCCCT,0,1773201
hdeAp2,0.5,1,1,TCGTTGCCGCCCATAGAGCA,0,1828351
hdeAp2,0.5,1,1,TCGTTATTGGGTTACCTCGC,0,1815618
hdeAp2,0.5,1,1,TCGTTACAGATTTCCTGATT,0,1797814
hdeAp2,0.5,1,1,TCGTGTCGATGAACATAACG,0,1799826
hdeAp2,0.5,1,1,TCGTGGACAGTGACGGAAAA,0,1780014
hdeAp2,0.5,1,1,TCGTCCACGGGCTCTACGTG,0,1825465
hdeAp2,0.5,1,1,TCGTATGCTTGTTGAGGTTG,0,1795886
hdeAp2,0.5,1,1,TCGGTTTTGGCAATACTCAG,0,1777719
hdeAp2,0.5,1,1,TCGGTCTGCTTGCACAATAC,0,1784710
hdeAp2,0.5,1,1,TCGGGGGGGTAAGTGATCCC,0,1791295
hdeAp2,0.5,1,1,TCGGGCCTGAATTGACCTCT,0,1806313
hdeAp2,0.5,1,1,TCGGGCACTGTCACTCGGAC,0,1811016
hdeAp2,0.5,1,1,TCGGCTAAAGTACTCACAAA,0,1823185
hdeAp2,0.5,1,1,TCGGAGGCTTTGGGACGTTC,0,1772145
hdeAp2,0.5,1,1,TCGGAGAGTGAAGAGTAGAC,0,1788006
hdeAp2,0.5,1,1,TCGGAATACCGCGAAGTACA,0,1789384
hdeAp2,0.5,1,1,TCGCTCTGGGGAGAGTGCGG,0,1819856
hdeAp2,0.5,1,1,TCGCTAATAATAAGATAAGG,0,1802839
hdeAp2,0.5,1,1,TCGCGCAGGCATTCGGCACC,0,1826162
hdeAp2,0.5,1,1,TCGCACAAACATGTCAGCCC,0,1773467
hdeAp2,0.5,1,1,TCGAGGGGCACCCGCCTGAT,0,1809272
hdeAp2,0.5,1,1,TCGAGGGCCTCCGTAACTCC,0,1822331
hdeAp2,0.5,1,1,TCGAGGCGCCTGGCGTCTGG,0,1775141
hdeAp2,0.5,1,1,TCGACGCTTGGCTTAAGTAG,0,1781946
hdeAp2,0.5,1,1,TCGACCACGCATCTTTGATT,0,1827220
hdeAp2,0.5,1,1,TCGACATACGCTATGAAGCC,0,1784930
hdeAp2,0.5,1,1,TCGAAGTAGTCGCATAATTC,0,1793134
hdeAp2,0.5,1,1,TCCTGGTTAGCCCGTCTTGA,0,1812441
hdeAp2,0.5,1,1,TCCTCTGATCTCAACGCCTT,0,1806214
hdeAp2,0.5,1,1,TCCTAACAAAGCATAGGCAA,0,1795397
hdeAp2,0.5,1,1,TCCGTATCAGTAGGTGCAGG,0,1797846
hdeAp2,0.5,1,1,TCCGGCGATCCGTACGTGTT,0,1781692
hdeAp2,0.5,1,1,TCCGGATGACGACCCTACTT,0,1790995
hdeAp2,0.5,1,1,TCCGGACGGAATGCTGTTAG,0,1802746
hdeAp2,0.5,1,1,TCCGCGATCTATAATTTTAG,0,1771971
hdeAp2,0.5,1,1,TCCGCCCGCAGTGGGTAGCT,0,1817184
hdeAp2,0.5,1,1,TCCGCCACATCGAGCTCCCC,0,1803911
hdeAp2,0.5,1,1,TCCGCAGCAGGGCGAGCGGT,0,1805799
hdeAp2,0.5,1,1,TCCGAGTTCGTAGCTGGCTC,0,1800230
hdeAp2,0.5,1,1,TCCCCGAATTTGATCTCCGA,0,1777299
hdeAp2,0.5,1,1,TCCCATCTCGTACGGCCTCC,0,1780109
hdeAp2,0.5,1,1,TCCCAAACCCGGCTTCTGAA,0,1788051
hdeAp2,0.5,1,1,TCCAGAATAAATCTCAGTAC,0,1790774
hdeAp2,0.5,1,1,TCCAGAAATGAATTCGGGTC,0,1796358
hdeAp2,0.5,1,1,TCCACTAAGGTACTAATAAA,0,1786422
hdeAp2,0.5,1,1,TCCACGCCAGCGGAACCTGG,0,1806117
hdeAp2,0.5,1,1,TCCACGCATTATGTCTACGT,0,1797541
hdeAp2,0.5,1,1,TCCACCAGGCTAACCACGGG,0,1807825
hdeAp2,0.5,1,1,TCCACATAGTACGCGCCAGA,0,1777547
hdeAp2,0.5,1,1,TCCACACCTGATTGTGAAAC,0,1781447
hdeAp2,0.5,1,1,TCATTCCTACCTCATTCGGC,0,1788065
hdeAp2,0.5,1,1,TCATTAGCGATGTTGGTCTA,0,1808039
hdeAp2,0.5,1,1,TCATCGGCCTTACACTCCTA,0,1810603
hdeAp2,0.5,1,1,TCATCACAACCTGCAAGCTC,0,1773558
hdeAp2,0.5,1,1,TCATCAAATCCCCAATGAAG,0,1812951
hdeAp2,0.5,1,1,TCATATCGAAGGTATCGCGA,0,1804850
hdeAp2,0.5,1,1,TCATAAGCACCAGCTGGTAG,0,1800423
hdeAp2,0.5,1,1,TCATAAACCGAATCCTATTG,0,1789500
hdeAp2,0.5,1,1,TCAGTACTCCGGATGAAATT,0,1805919
hdeAp2,0.5,1,1,TCAGGAAAGTGTAGCACGAT,0,1776158
hdeAp2,0.5,1,1,TCAGCGTCATTAGCCAGAAC,0,1773264
hdeAp2,0.5,1,1,TCAGCCCCACGTACTGGTCA,0,1814388
hdeAp2,0.5,1,1,TCAGCATAGCCGATCGCGCA,0,1820259
hdeAp2,0.5,1,1,TCAGAACCCGGCGCGGCAGA,0,1774849
hdeAp2,0.5,1,1,TCACTTGATAGATCACACGG,0,1777621
hdeAp2,0.5,1,1,TCACTGCTGGACCCAGGGTA,0,1822422
hdeAp2,0.5,1,1,TCACTATCCCGGACACTACT,0,1791588
hdeAp2,0.5,1,1,TCACGTATTTTCCTGCTTAC,0,1825113
hdeAp2,0.5,1,1,TCACGGTCTCTAAGATAGCT,0,1788292
hdeAp2,0.5,1,1,TCACGGGTTCTCATAGAAAA,0,1791399
hdeAp2,0.5,1,1,TCACGCAGCAGCGTCCAGGG,0,1800718
hdeAp2,0.5,1,1,TCACCATCGCATACTTGAAG,0,1774507
hdeAp2,0.5,1,1,TCACATGGCCTCAGGATACT,0,1777860
hdeAp2,0.5,1,1,TCACACTCTACACGGCTCGC,0,1786694
hdeAp2,0.5,1,1,TCAATATTCTCTACACATGT,0,1817848
hdeAp2,0.5,1,1,TCAAGGTCCACTGTCAATAT,0,1775614
hdeAp2,0.5,1,1,TCAAGCAAGCTAGGGTAATC,0,1803143
hdeAp2,0.5,1,1,TCAACTTTGGATACACCAAG,0,1791739
hdeAp2,0.5,1,1,TCAACTCAACTTTAATCATT,0,1797812
hdeAp2,0.5,1,1,TCAACCCAGGACAGCGCCGA,0,1817636
hdeAp2,0.5,1,1,TCAACCCAATCTTAAAAAGA,0,1775580
hdeAp2,0.5,1,1,TCAAAGGTGCTATGCCAGAG,0,1783128
hdeAp2,0.5,1,1,TATTTGCGGGTGGGGTTCTA,0,1824860
hdeAp2,0.5,1,1,TATTTGCCCGTTAGATTATC,0,1807804
hdeAp2,0.5,1,1,TATTCGTGTATGGCTACCAG,0,1782896
hdeAp2,0.5,1,1,TATTCCCCCCGACTCACTTC,0,1788880
hdeAp2,0.5,1,1,TATTACAGTCAGTAGCCATG,0,1774035
hdeAp2,0.5,1,1,TATTAAGGACGGTTTAGATC,0,1794182
hdeAp2,0.5,1,1,TATGTTCTTTACTTCCGGAT,0,1821466
hdeAp2,0.5,1,1,TATGTGATCAAAGCCCCCCC,0,1805744
hdeAp2,0.5,1,1,TATGTCGTAGCCCTCACCCT,0,1824268
hdeAp2,0.5,1,1,TATGTACGACAGGCGTCATC,0,1792897
hdeAp2,0.5,1,1,TATGGGTTTCACTACTGTAG,0,1794044
hdeAp2,0.5,1,1,TATGGGTTAATACAGCAGGG,0,1821835
hdeAp2,0.5,1,1,TATGGACCGCTGAGAGCTGA,0,1783375
hdeAp2,0.5,1,1,TATGCTAGCTCGAGACAAAT,0,1786681
hdeAp2,0.5,1,1,TATGCCAATTCAGTGTTCGC,0,1804258
hdeAp2,0.5,1,1,TATGCAGCCGTGCACGTGGC,0,1813128
hdeAp2,0.5,1,1,TATGATCTATCGAGCGGAGT,0,1805852
hdeAp2,0.5,1,1,TATGACAGTACTCTGTTTTA,0,1815365
hdeAp2,0.5,1,1,TATCTTTGTCCTAAGTGTTA,0,1807934
hdeAp2,0.5,1,1,TATCTGCACAGATCTATGTT,0,1778711
hdeAp2,0.5,1,1,TATCGCGGTAGATTGATCCA,0,1788120
hdeAp2,0.5,1,1,TATCCATCGCTCGTTCAGGG,0,1826639
hdeAp2,0.5,1,1,TATCAACGCTTCTTGGTTGA,0,1808132
hdeAp2,0.5,1,1,TATATGCTGAGAATCGGCCC,0,1814460
hdeAp2,0.5,1,1,TATAGGGCCCACGGGCAAGT,0,1781717
hdeAp2,0.5,1,1,TATACGATTTTCTCCGTATA,0,1813493
hdeAp2,0.5,1,1,TATAAGGTTGTGATAGCTAT,0,1824157
hdeAp2,0.5,1,1,TATAAACAACATAGCAAAGC,0,1813468
hdeAp2,0.5,1,1,TATAAAACCAAGCAAGTGTG,0,1825806
hdeAp2,0.5,1,1,TAGTACCCGTTCCTTGGTCG,0,1800335
hdeAp2,0.5,1,1,TAGGGCTCTATCCGGTAGAT,0,1816704
hdeAp2,0.5,1,1,TAGGGCCGCCGTAAGTACTA,0,1803402
hdeAp2,0.5,1,1,TAGGCCTCGGAGGTAACCAC,0,1817678
hdeAp2,0.5,1,1,TAGGCCATTATAGTGAGGCT,0,1786063
hdeAp2,0.5,1,1,TAGGCAGCCGGGCGTTTTGG,0,1821262
hdeAp2,0.5,1,1,TAGGACCAAGCATACCGCCA,0,1773773
hdeAp2,0.5,1,1,TAGGAATGGTGCAGGCTGTA,0,1824134
hdeAp2,0.5,1,1,TAGCGGACCCGCGGGGACAT,0,1802335
hdeAp2,0.5,1,1,TAGCCCAGCGTGAATCGTTA,0,1809318
hdeAp2,0.5,1,1,TAGCATTTATCCGGTCCTTG,0,1808336
hdeAp2,0.5,1,1,TAGATGGGCCGGCTCTCTGT,0,1781936
hdeAp2,0.5,1,1,TAGAGGTAAACGTTCGCCGT,0,1787364
hdeAp2,0.5,1,1,TAGAGGGTGCAAATGGCCGG,0,1785934
hdeAp2,0.5,1,1,TAGAGGGCCGCGGTTTCCTG,0,1778492
hdeAp2,0.5,1,1,TAGAGAGGTGTGTACAAGCT,0,1805086
hdeAp2,0.5,1,1,TAGAATTCGGGTAGCATAAA,0,1800828
hdeAp2,0.5,1,1,TAGAAGATGATTAGCAAGAA,0,1791685
hdeAp2,0.5,1,1,TAGAAAAAGGATTGAGGGTT,0,1798115
hdeAp2,0.5,1,1,TACTTCTGAAGGGGCGATAC,0,1824881
hdeAp2,0.5,1,1,TACTTCAACCAAGTATATAG,0,1817962
hdeAp2,0.5,1,1,TACTTAAGCCTATAAGGAAT,0,1818247
hdeAp2,0.5,1,1,TACTGCTTATTTGTGGGCGG,0,1796519
hdeAp2,0.5,1,1,TACTCGGTCATGCCCCACTA,0,1821199
hdeAp2,0.5,1,1,TACTCATATCAATATTACGC,0,1806628
hdeAp2,0.5,1,1,TACTAGAACTTGTTAACGTG,0,1780063
hdeAp2,0.5,1,1,TACTACGAGGCTCAGTACCG,0,1826273
hdeAp2,0.5,1,1,TACTACAGCTCGATACGCCA,0,1793563
hdeAp2,0.5,1,1,TACTAACTGCGTTCGATCGG,0,1790099
hdeAp2,0.5,1,1,TACGTGCGTTTGTCTAATCT,0,1806906
hdeAp2,0.5,1,1,TACGTCTATAATAGCTGGCG,0,1777279
hdeAp2,0.5,1,1,TACGTAAAGCCCCCTAACTC,0,1812904
hdeAp2,0.5,1,1,TACGGGTTATCAACAAGACT,0,1807859
hdeAp2,0.5,1,1,TACGGGCCACCTAATTCATA,0,1813388
hdeAp2,0.5,1,1,TACGGGATCCCCAATTCCGG,0,1800472
hdeAp2,0.5,1,1,TACGCCACACTCACATCCAC,0,1814808
hdeAp2,0.5,1,1,TACGAACACCAAGACGCCCC,0,1780357
hdeAp2,0.5,1,1,TACCTTGCGTAAGTGTCAAC,0,1826470
hdeAp2,0.5,1,1,TACCTGAGGGGTACTCAGTC,0,1781587
hdeAp2,0.5,1,1,TACCTCTAGATGGCACCGCA,0,1824539
hdeAp2,0.5,1,1,TACCGTTTACGTTGGTCATA,0,1800695
hdeAp2,0.5,1,1,TACCGTGGGAGGGCTCGGTG,0,1828610
hdeAp2,0.5,1,1,TACCGGGGTCATCATCGCTC,0,1822139
hdeAp2,0.5,1,1,TACCCTCACAGAAGAACTGA,0,1827417
hdeAp2,0.5,1,1,TACCCGTATCACGCCGGGAA,0,1795964
hdeAp2,0.5,1,1,TACCCGGCTTTCCGCAGTCA,0,1813960
hdeAp2,0.5,1,1,TACCATTCACCTGGGTGAAA,0,1772089
hdeAp2,0.5,1,1,TACCACCCGGCAAGTAGTGT,0,1771480
hdeAp2,0.5,1,1,TACCAATAGTCATCACCAAG,0,1791017
hdeAp2,0.5,1,1,TACCAAACTCCGAGCGGTAG,0,1823331
hdeAp2,0.5,1,1,TACATATTGCTCGCCAAGTA,0,1824475
hdeAp2,0.5,1,1,TACAGACCGTATTACACAGG,0,1773866
hdeAp2,0.5,1,1,TACACGAGTCACCACCCCTC,0,1821426
hdeAp2,0.5,1,1,TACACCTAGGTGTATCCAAA,0,1793659
hdeAp2,0.5,1,1,TACACAGGCTGGTTAAAAGT,0,1792573
hdeAp2,0.5,1,1,TACACAGCTTAATCGATGTA,0,1778815
hdeAp2,0.5,1,1,TACAAGTATAACGAGAGCAG,0,1783522
hdeAp2,0.5,1,1,TACAAGCTTGCATTGCAAGT,0,1787690
hdeAp2,0.5,1,1,TACAACAAAACTTACGATTA,0,1776026
hdeAp2,0.5,1,1,TAATTGATTCTGGTGACTTT,0,1813574
hdeAp2,0.5,1,1,TAATTGAACTATCAACACAG,0,1799890
hdeAp2,0.5,1,1,TAATTCGGGAGTCAGGCAAG,0,1819836
hdeAp2,0.5,1,1,TAATGGTAAGGCCGATTTTA,0,1800805
hdeAp2,0.5,1,1,TAATGACGAATAGTCCAGTC,0,1795376
hdeAp2,0.5,1,1,TAATCTTCTAGATACTCGTG,0,1815320
hdeAp2,0.5,1,1,TAATCTAGGGCCCTGGCCAT,0,1790076
hdeAp2,0.5,1,1,TAATCCACGCGTATGTGGTC,0,1775639
hdeAp2,0.5,1,1,TAATCACGGTTGATGGACAC,0,1788063
hdeAp2,0.5,1,1,TAAGGAGTCACCTGATCAGT,0,1814129
hdeAp2,0.5,1,1,TAAGCATGCTTGGTCAACTA,0,1826206
hdeAp2,0.5,1,1,TAAGCAGCGGGCACAAGACT,0,1808549
hdeAp2,0.5,1,1,TAAGAGGCACTTGTGCGTAC,0,1796100
hdeAp2,0.5,1,1,TAAGAGCCCTCTCCATGAGT,0,1774130
hdeAp2,0.5,1,1,TAACTTTACTATCCACGGTT,0,1786674
hdeAp2,0.5,1,1,TAACTAGATCTGGCTTCTTG,0,1781021
hdeAp2,0.5,1,1,TAACTAAAGGAAACGCGGCG,0,1803253
hdeAp2,0.5,1,1,TAACGCCTCGACTCACGCTA,0,1798706
hdeAp2,0.5,1,1,TAACGACATGCAGGCGGGGA,0,1796941
hdeAp2,0.5,1,1,TAACCGAGCAGAGGGACACA,0,1775076
hdeAp2,0.5,1,1,TAACCAGATCTGGAATCTGA,0,1782678
hdeAp2,0.5,1,1,TAACAGTCCTCAGACTACTG,0,1807625
hdeAp2,0.5,1,1,TAACAGCCTAGGCTCCTATC,0,1823432
hdeAp2,0.5,1,1,TAAATTTGGTTCAAACGCTT,0,1775051
hdeAp2,0.5,1,1,TAAATGACCAGCCGACCTGT,0,1825457
hdeAp2,0.5,1,1,TAAATACCGGGCTGATGGAT,0,1814393
hdeAp2,0.5,1,1,TAAACGTCCGGGACGTAGTC,0,1812887
hdeAp2,0.5,1,1,TAAAACCCTGGAGCGACGAA,0,1819882
hdeAp2,0.5,1,1,GTTTTGTCAGGGGCAGTACA,0,1812906
hdeAp2,0.5,1,1,GTTTTGAAAAAATGGCCAAA,0,1805904
hdeAp2,0.5,1,1,GTTTTACTTACGATTTTGGA,0,1786247
hdeAp2,0.5,1,1,GTTTGTGTGGCTCAATAACT,0,1803173
hdeAp2,0.5,1,1,GTTTGCTCATGGCTATGCGT,0,1774373
hdeAp2,0.5,1,1,GTTTGCTCAATATTGCTCGC,0,1779043
hdeAp2,0.5,1,1,GTTTCTTAGAAATATCGATT,0,1823739
hdeAp2,0.5,1,1,GTTTCGTTATTTGACATGAT,0,1812429
hdeAp2,0.5,1,1,GTTTCAGCGTGGGTACCCCG,0,1787909
hdeAp2,0.5,1,1,GTTTCACTTGACTAACATTG,0,1795882
hdeAp2,0.5,1,1,GTTTCACCGATTACTATAGG,0,1807158
hdeAp2,0.5,1,1,GTTTAGTCCTAAGATTGTTA,0,1783691
hdeAp2,0.5,1,1,GTTTAGGGCTCTGGTCTGGA,0,1805774
hdeAp2,0.5,1,1,GTTTAGGACCTCGGCGTTGA,0,1823205
hdeAp2,0.5,1,1,GTTGTTCACTCTTTTGTTGA,0,1812732
hdeAp2,0.5,1,1,GTTGTTACTGTGGAAATGCG,0,1805851
hdeAp2,0.5,1,1,GTTGTCCCTGTCGATAAAGC,0,1821857
hdeAp2,0.5,1,1,GTTGTATTCGTGCGAATTGT,0,1775096
hdeAp2,0.5,1,1,GTTGGTCGCCACGGGCATGA,0,1800369
hdeAp2,0.5,1,1,GTTGCGTTTGTTCTGCTTAT,0,1792087
hdeAp2,0.5,1,1,GTTGCGGAGATAGCCTTTAC,0,1827124
hdeAp2,0.5,1,1,GTTGCCGGCCACTGATTCTC,0,1794694
hdeAp2,0.5,1,1,GTTGAAGTGACGGTGTCGGG,0,1782300
hdeAp2,0.5,1,1,GTTCTTCCGGACACACTAAG,0,1824703
hdeAp2,0.5,1,1,GTTCTGTAGGTGACCTGTCG,0,1774326
hdeAp2,0.5,1,1,GTTCTGATAGGCGATCGCTA,0,1797193
hdeAp2,0.5,1,1,GTTCGTAGGCTCGGCGACAA,0,1797080
hdeAp2,0.5,1,1,GTTCGGGGGTGGGCGTTACA,0,1790213
hdeAp2,0.5,1,1,GTTCCCTCCGATCGACCCAT,0,1789318
hdeAp2,0.5,1,1,GTTCCCGTGGGCGTATTGGT,0,1795833
hdeAp2,0.5,1,1,GTTCCCATCCACCTAACTAC,0,1815653
hdeAp2,0.5,1,1,GTTCATGCGGATAAGCGCTG,0,1822994
hdeAp2,0.5,1,1,GTTCAGTAGAGCTATTGCTG,0,1793137
hdeAp2,0.5,1,1,GTTCAGGCTTTGGGCTGGAG,0,1822113
hdeAp2,0.5,1,1,GTTCAACCGCAGCCGACTAA,0,1787422
hdeAp2,0.5,1,1,GTTATTCTGAGACGTGTCCT,0,1811988
hdeAp2,0.5,1,1,GTTATTATAGGGAGACTCAT,0,1817914
hdeAp2,0.5,1,1,GTTATGGGAAGGGCCGATCC,0,1781176
hdeAp2,0.5,1,1,GTTATATTCGTCAGCCAAAG,0,1825115
hdeAp2,0.5,1,1,GTTATAAGAGATCCACCGGC,0,1805721
hdeAp2,0.5,1,1,GTTAGTAGTCTGCTTTGGCA,0,1803123
hdeAp2,0.5,1,1,GTTACTTGGTAACGGGAGGA,0,1808710
hdeAp2,0.5,1,1,GTTACACAATCCGGACACTG,0,1795547
hdeAp2,0.5,1,1,GTTACAAACAAGGAGGCTAA,0,1773822
hdeAp2,0.5,1,1,GTGTTTTTCGCGTGAGAGTA,0,1795857
hdeAp2,0.5,1,1,GTGTTTAGAGAGAAAATTTG,0,1778204
hdeAp2,0.5,1,1,GTGTTGATAAAATAACACAA,0,1806197
hdeAp2,0.5,1,1,GTGTTACAGTCTGGAAGGAA,0,1824658
hdeAp2,0.5,1,1,GTGTGAAAAGTCCTATTATG,0,1787377
hdeAp2,0.5,1,1,GTGTCCGCCATCGCCAATCC,0,1784786
hdeAp2,0.5,1,1,GTGTCCCGGACTATTATCGG,0,1810124
hdeAp2,0.5,1,1,GTGTCATCGATTAAGTCTTT,0,1798946
hdeAp2,0.5,1,1,GTGTCAAATTATATCCAATT,0,1772077
hdeAp2,0.5,1,1,GTGTAGGGTAACGGACAACT,0,1816955
hdeAp2,0.5,1,1,GTGTAGCATATCAACCGTGT,0,1816741
hdeAp2,0.5,1,1,GTGGTTCCGTTGATAGGTCA,0,1802751
hdeAp2,0.5,1,1,GTGGTGGACTCCGACTTCAC,0,1821599
hdeAp2,0.5,1,1,GTGGGAGTCCACGAAAGGAT,0,1775288
hdeAp2,0.5,1,1,GTGGCCTCATATAGTCCTAA,0,1803232
hdeAp2,0.5,1,1,GTGGAGTCACAGTAGGTTTG,0,1779611
hdeAp2,0.5,1,1,GTGGACAAGCTACTGGCTTA,0,1793540
hdeAp2,0.5,1,1,GTGGAACGTTTTGAGCTTGT,0,1805643
hdeAp2,0.5,1,1,GTGCTACAAGTCTTTGTAGC,0,1782453
hdeAp2,0.5,1,1,GTGCGTCCAGCCATACGGCA,0,1784832
hdeAp2,0.5,1,1,GTGCGGTAGGAACTCATATC,0,1778532
hdeAp2,0.5,1,1,GTGCGGGGGTATCCGCATAA,0,1797407
hdeAp2,0.5,1,1,GTGCCAGATCCTCACTCCTC,0,1778174
hdeAp2,0.5,1,1,GTGCATACTTCAGTAGCTGA,0,1789549
hdeAp2,0.5,1,1,GTGCAGCACGGTGCGTTCGA,0,1806069
hdeAp2,0.5,1,1,GTGCACTTGGAGTCGGGTGG,0,1809273
hdeAp2,0.5,1,1,GTGATATGTAAGGAGTGGTT,0,1819188
hdeAp2,0.5,1,1,GTGAGGTAGGCCCAAAGGGC,0,1793509
hdeAp2,0.5,1,1,GTGAGATGACTGTACCCCAA,0,1794653
hdeAp2,0.5,1,1,GTGACGCCGTACCACGTAAA,0,1819784
hdeAp2,0.5,1,1,GTGAATTGTGACATTCTGGA,0,1799697
hdeAp2,0.5,1,1,GTGAATTCGCTTATTAACCA,0,1824422
hdeAp2,0.5,1,1,GTGAAGACATTCTGCGTACG,0,1827539
hdeAp2,0.5,1,1,GTCTTTTGGTCGCGTTAACT,0,1799903
hdeAp2,0.5,1,1,GTCTTAAGTCGTGCGCCGCG,0,1814130
hdeAp2,0.5,1,1,GTCTGTTCCGTACAGCGCTC,0,1790953
hdeAp2,0.5,1,1,GTCTGTAGTGTGGCCCCTGA,0,1804062
hdeAp2,0.5,1,1,GTCTGCGCACGTAAGATGAG,0,1813056
hdeAp2,0.5,1,1,GTCTGAGTCAGGGAGTAATG,0,1807937
hdeAp2,0.5,1,1,GTCTCGGGGGCGACAGGGGG,0,1809012
hdeAp2,0.5,1,1,GTCTCCTAGGGCTGATAGTG,0,1803632
hdeAp2,0.5,1,1,GTCTACCCGTGTCTAGCAAG,0,1809346
hdeAp2,0.5,1,1,GTCTAAACAGTAACGACACT,0,1787936
hdeAp2,0.5,1,1,GTCGTTACAGCATTTAATCT,0,1774451
hdeAp2,0.5,1,1,GTCGTGGTCTCTGTAAGCTA,0,1780205
hdeAp2,0.5,1,1,GTCGGTCATATGTCGTGTGA,0,1774245
hdeAp2,0.5,1,1,GTCGCTCGAGGGCCTGTGAG,0,1823612
hdeAp2,0.5,1,1,GTCGCTATGTCCTGGCTTAA,0,1800235
hdeAp2,0.5,1,1,GTCGATTTTGTTCTTTTGTG,0,1801492
hdeAp2,0.5,1,1,GTCGACTAGGGACCGGCCAT,0,1774315
hdeAp2,0.5,1,1,GTCCTCAACGGACAATCCGG,0,1819256
hdeAp2,0.5,1,1,GTCCGTTAAGGGAGGCTAAT,0,1793894
hdeAp2,0.5,1,1,GTCCGCCTAGTTACCGCGAA,0,1793375
hdeAp2,0.5,1,1,GTCCCGCATAAGTCTAGGGG,0,1791589
hdeAp2,0.5,1,1,GTCCATGGCTGGTTTCGATC,0,1823824
hdeAp2,0.5,1,1,GTCCACATTGTCAAGGCTCG,0,1799330
hdeAp2,0.5,1,1,GTCCAAGGGGGGTCACTATA,0,1802258
hdeAp2,0.5,1,1,GTCATTCTGAGGGATTCGAG,0,1772571
hdeAp2,0.5,1,1,GTCATTCGATTATCGTGCTC,0,1795525
hdeAp2,0.5,1,1,GTCATGGGTCGTAAGGCCAG,0,1825948
hdeAp2,0.5,1,1,GTCATCACTCTTGTTACCTT,0,1821672
hdeAp2,0.5,1,1,GTCAGGCTTGAGGAAAGTGT,0,1791452
hdeAp2,0.5,1,1,GTCAGGACGCTGAACGATTG,0,1822432
hdeAp2,0.5,1,1,GTCACTATTAGGTGCGTTTC,0,1805681
hdeAp2,0.5,1,1,GTCACGTTAGCTTTGGAACG,0,1828318
hdeAp2,0.5,1,1,GTCACATCAGCAAACCTTTG,0,1827651
hdeAp2,0.5,1,1,GTCAATGTTGCGGCTCCCCA,0,1774395
hdeAp2,0.5,1,1,GTCAATGTGATAGGTATCTC,0,1806155
hdeAp2,0.5,1,1,GTATTTCATAATGTTGGAAG,0,1772643
hdeAp2,0.5,1,1,GTATTGTGAATCGTTTGTCC,0,1787046
hdeAp2,0.5,1,1,GTATTGCGAACCCGGGCTCA,0,1780015
hdeAp2,0.5,1,1,GTATGGTGCCCGGCAGATGA,0,1820912
hdeAp2,0.5,1,1,GTATGGGGAGGTCACGCCTC,0,1775751
hdeAp2,0.5,1,1,GTATGCTCGTTGGTGTTCAT,0,1822651
hdeAp2,0.5,1,1,GTATGATCTGATATTGGACA,0,1820281
hdeAp2,0.5,1,1,GTATGACCGGGGGTGATGAA,0,1779935
hdeAp2,0.5,1,1,GTATCTAGCCACCGCAGAGG,0,1822518
hdeAp2,0.5,1,1,GTATCGGCAGCTGAACCCTC,0,1772707
hdeAp2,0.5,1,1,GTATCGCTCGTGGCGATCGA,0,1791451
hdeAp2,0.5,1,1,GTATCCTCACGCGGTATAGA,0,1799792
hdeAp2,0.5,1,1,GTATCCTACGGCTATGTCTA,0,1798371
hdeAp2,0.5,1,1,GTATCCTACAGTTACACAGT,0,1801370
hdeAp2,0.5,1,1,GTAGTAGGAAGAGGCGCGTA,0,1802083
hdeAp2,0.5,1,1,GTAGGGTTACAGTGTTTACG,0,1771339
hdeAp2,0.5,1,1,GTAGGCCGTACGAGCACTCC,0,1808396
hdeAp2,0.5,1,1,GTAGGAGCATAGCACAAGTG,0,1803293
hdeAp2,0.5,1,1,GTAGGAGCAGAGATCGGCGA,0,1815650
hdeAp2,0.5,1,1,GTAGCACTTTTCTGCGCCGC,0,1826240
hdeAp2,0.5,1,1,GTAGAACGAAGACCTTTACA,0,1799212
hdeAp2,0.5,1,1,GTAGAAACACCTCCCGGGTG,0,1819469
hdeAp2,0.5,1,1,GTACTTCTATTCCACATCGG,0,1792270
hdeAp2,0.5,1,1,GTACTGACAGGCTTAAAGAG,0,1817517
hdeAp2,0.5,1,1,GTACTAAGGGAAGTACGAGG,0,1827237
hdeAp2,0.5,1,1,GTACGTCTACTGCGATAAGT,0,1774496
hdeAp2,0.5,1,1,GTACCTGAGTGTATACTAGC,0,1827556
hdeAp2,0.5,1,1,GTACCGTAAGTCGCCACCAA,0,1821882
hdeAp2,0.5,1,1,GTACCAGCGGTCACACGACC,0,1802234
hdeAp2,0.5,1,1,GTACAGGGCTGGCTCACCTG,0,1804320
hdeAp2,0.5,1,1,GTACAGCGGCATCGGGGAAA,0,1810311
hdeAp2,0.5,1,1,GTACAGAACTTATACAAATT,0,1802995
hdeAp2,0.5,1,1,GTACAAAGCGCCTCGCTGTC,0,1777492
hdeAp2,0.5,1,1,GTAATTCCCCGCGGCGCCTC,0,1790674
hdeAp2,0.5,1,1,GTAAGTGAGGTAATGGGCTA,0,1816400
hdeAp2,0.5,1,1,GTAACGGCGCGTGATGAAAG,0,1803018
hdeAp2,0.5,1,1,GTAACACGCGGGCGCCAAGG,0,1773814
hdeAp2,0.5,1,1,GTAAATTATTTCATGCTACA,0,1815263
hdeAp2,0.5,1,1,GTAAAGGGAACTAGGCTCTC,0,1813593
hdeAp2,0.5,1,1,GTAAACTTCGTTGTTTTAAG,0,1815766
hdeAp2,0.5,1,1,GTAAACGAAACATTATTACC,0,1792318
hdeAp2,0.5,1,1,GGTTTGTTGGTGTCGTGCCT,0,1782540
hdeAp2,0.5,1,1,GGTTTGCCAGGCTCCTGACG,0,1772809
hdeAp2,0.5,1,1,GGTTTAGCCTAGACCAGGCG,0,1772709
hdeAp2,0.5,1,1,GGTTGTAGTCAAGTGAAACA,0,1799146
hdeAp2,0.5,1,1,GGTTGCATTATGTGAGACAG,0,1784046
hdeAp2,0.5,1,1,GGTTCTCGCGACTCGTTCAC,0,1798373
hdeAp2,0.5,1,1,GGTTCGTATCTGACACAGGC,0,1796256
hdeAp2,0.5,1,1,GGTTCAGCCTAACGTCGGCC,0,1789078
hdeAp2,0.5,1,1,GGTTCAATGCTACGGTGTAT,0,1818728
hdeAp2,0.5,1,1,GGTTATTTGTAAGTAGCAAC,0,1805083
hdeAp2,0.5,1,1,GGTTAGGCTATAGAATTCGT,0,1772584
hdeAp2,0.5,1,1,GGTTACCTGGCGCGTCCGAT,0,1781342
hdeAp2,0.5,1,1,GGTTAATCATCTTCGGGTTG,0,1784649
hdeAp2,0.5,1,1,GGTGTCTTAGGTTCTCTCGA,0,1824015
hdeAp2,0.5,1,1,GGTGTCGAACTAACTTACAA,0,1772637
hdeAp2,0.5,1,1,GGTGGTAAGGCAACCAAATG,0,1794234
hdeAp2,0.5,1,1,GGTGCGGTGTCCCGTAGTGC,0,1816020
hdeAp2,0.5,1,1,GGTGCATACTGATTTCCGAA,0,1826140
hdeAp2,0.5,1,1,GGTGCACATCGTACTCATTC,0,1773457
hdeAp2,0.5,1,1,GGTGAGAGGCGGATCCCGAA,0,1811314
hdeAp2,0.5,1,1,GGTGAATTGTGTCACGTGAC,0,1811825
hdeAp2,0.5,1,1,GGTCTTCTCGTAGATGATTC,0,1817074
hdeAp2,0.5,1,1,GGTCTGTTTCAGTAGCCCCA,0,1772011
hdeAp2,0.5,1,1,GGTCTCTAATTTATGAATCA,0,1819205
hdeAp2,0.5,1,1,GGTCTCCAGTGACGGTGTGG,0,1821803
hdeAp2,0.5,1,1,GGTCGCCTACACGGCACTGC,0,1795015
hdeAp2,0.5,1,1,GGTCCCCGATAGTGATCACT,0,1820423
hdeAp2,0.5,1,1,GGTCAGGTATTTTGGATTTG,0,1814042
hdeAp2,0.5,1,1,GGTCACGCGTGGGCCGTGCA,0,1828545
hdeAp2,0.5,1,1,GGTCAAGATACAGCACTGTC,0,1803154
hdeAp2,0.5,1,1,GGTATGGGTGGACTCGTTTG,0,1809264
hdeAp2,0.5,1,1,GGTATGCGGCAATAACCTGG,0,1818986
hdeAp2,0.5,1,1,GGTATCCCGCCCGGTCCAAT,0,1808445
hdeAp2,0.5,1,1,GGTAGCTATTAGAGTCAGTA,0,1823496
hdeAp2,0.5,1,1,GGTACTAGGGCGGACCAAAC,0,1821293
hdeAp2,0.5,1,1,GGTAATAGCTAAGGCCTAAA,0,1810362
hdeAp2,0.5,1,1,GGTAAAGTAGTACCGTTGCA,0,1787711
hdeAp2,0.5,1,1,GGGTTATGGGTGGTGGAAAG,0,1771159
hdeAp2,0.5,1,1,GGGTGTCAATCTACGGTGAA,0,1825678
hdeAp2,0.5,1,1,GGGTGAGTCGTTTCGCCCTA,0,1812899
hdeAp2,0.5,1,1,GGGTCGCAACCGAACTGCTG,0,1774295
hdeAp2,0.5,1,1,GGGTCCATGGAGCGCTTTGA,0,1789118
hdeAp2,0.5,1,1,GGGTATTAGAGACGAGGGGG,0,1802231
hdeAp2,0.5,1,1,GGGTATGGCCAGGTTCTCAC,0,1776480
hdeAp2,0.5,1,1,GGGTACCTACATAGCTCAAT,0,1795482
hdeAp2,0.5,1,1,GGGGTCCCCCCGGGGCGGTT,0,1820078
hdeAp2,0.5,1,1,GGGGTCATACAGCTATGCCA,0,1818851
hdeAp2,0.5,1,1,GGGGTATTCGTGCTGCACGT,0,1796581
hdeAp2,0.5,1,1,GGGGGGTTTCATATACACCT,0,1775549
hdeAp2,0.5,1,1,GGGGGGTTGGCCAGGGACGG,0,1781713
hdeAp2,0.5,1,1,GGGGGGAGACCTCAATGTTC,0,1778372
hdeAp2,0.5,1,1,GGGGCGAGTGGCTACTATAT,0,1794633
hdeAp2,0.5,1,1,GGGGCACCTTGCGCCGTTAG,0,1786276
hdeAp2,0.5,1,1,GGGGATTGCTGGGCACGAAG,0,1797251
hdeAp2,0.5,1,1,GGGGAGCAGTACGAACAGGT,0,1796694
hdeAp2,0.5,1,1,GGGCTGACCGCAGACATGAA,0,1809310
hdeAp2,0.5,1,1,GGGCTCAAGACGATGTTCTA,0,1790967
hdeAp2,0.5,1,1,GGGCGGAGGTGGGCGATTGT,0,1813176
hdeAp2,0.5,1,1,GGGCGCCAGAGCCATCGCCC,0,1819461
hdeAp2,0.5,1,1,GGGCGAACGGGAGATTATTC,0,1772122
hdeAp2,0.5,1,1,GGGCCTTAAGTTTGTTACCT,0,1796607
hdeAp2,0.5,1,1,GGGCCTGCGGGTCCTAGTCC,0,1784850
hdeAp2,0.5,1,1,GGGCCGTCGGCTGGTATTCC,0,1797979
hdeAp2,0.5,1,1,GGGCCGGGTCAGGATCCCTG,0,1800172
hdeAp2,0.5,1,1,GGGCAGGAATGGTTACGAAT,0,1800090
hdeAp2,0.5,1,1,GGGCAGCTGCGTAGTAACTT,0,1816754
hdeAp2,0.5,1,1,GGGCAAATAATATTCTTGTT,0,1777360
hdeAp2,0.5,1,1,GGGATTTGAAGAGCTAAAAG,0,1813762
hdeAp2,0.5,1,1,GGGATGTTTGTCAATGCATG,0,1779224
hdeAp2,0.5,1,1,GGGAGGTCGTGTAGAATGAC,0,1809038
hdeAp2,0.5,1,1,GGGACTCGAGTTGCGTTGGC,0,1787685
hdeAp2,0.5,1,1,GGGACAGTTACGTTAAGAAT,0,1816798
hdeAp2,0.5,1,1,GGGAACTTGTAACTGCAAAG,0,1810686
hdeAp2,0.5,1,1,GGGAACGTATATGTAAAGGA,0,1800188
hdeAp2,0.5,1,1,GGCTTTTGGAGCCGTCCGTG,0,1805255
hdeAp2,0.5,1,1,GGCTTCATCACACCACGAGC,0,1799996
hdeAp2,0.5,1,1,GGCTGCATGATGAGTTAGAA,0,1812665
hdeAp2,0.5,1,1,GGCTGATTATGAATATAACC,0,1774227
hdeAp2,0.5,1,1,GGCTGATCGAGTAGAGGGCA,0,1777069
hdeAp2,0.5,1,1,GGCTATCCCATGAGCAGTAA,0,1802625
hdeAp2,0.5,1,1,GGCTATACGACGCAATTACT,0,1781831
hdeAp2,0.5,1,1,GGCTAATTGGTAGCATATTT,0,1797937
hdeAp2,0.5,1,1,GGCGTACGATTACTATGCTT,0,1798366
hdeAp2,0.5,1,1,GGCGGGGGAAGCACGAAGAA,0,1781259
hdeAp2,0.5,1,1,GGCGGGGGAAGCAAACGTGG,0,1796537
hdeAp2,0.5,1,1,GGCGGGGCACTTGATGCAGG,0,1826526
hdeAp2,0.5,1,1,GGCGGCAACTGAGACGCGTA,0,1808738
hdeAp2,0.5,1,1,GGCGCCCGCGACAGGGTCCC,0,1800526
hdeAp2,0.5,1,1,GGCGCAACGTTATTTAGTTA,0,1794557
hdeAp2,0.5,1,1,GGCGCAAAGACTACCGAGAT,0,1821534
hdeAp2,0.5,1,1,GGCGATTTCCGCAGGGCACT,0,1791826
hdeAp2,0.5,1,1,GGCGAGGTTCGTCAACACTG,0,1790363
hdeAp2,0.5,1,1,GGCGAAACGGTCGAGCCTCT,0,1815063
hdeAp2,0.5,1,1,GGCCTATTCCCGACCGCCGG,0,1783407
hdeAp2,0.5,1,1,GGCCTAGTGACCGGTTCGCG,0,1821529
hdeAp2,0.5,1,1,GGCCGTCCGTGAGCCTCCCC,0,1780222
hdeAp2,0.5,1,1,GGCCGGACTTTCAAAAGCCG,0,1803877
hdeAp2,0.5,1,1,GGCCATGATGTATCATGTTG,0,1790232
hdeAp2,0.5,1,1,GGCCACGACTGGACCTCGCG,0,1771716
hdeAp2,0.5,1,1,GGCATGTATCGATGGGGAAA,0,1779160
hdeAp2,0.5,1,1,GGCATGCGGTATGTAGAGTC,0,1810499
hdeAp2,0.5,1,1,GGCATCTTGTTCATCTAACT,0,1786717
hdeAp2,0.5,1,1,GGCATAGCGGGTGAGTTCAC,0,1788812
hdeAp2,0.5,1,1,GGCATAACTGAGTCGAGCAA,0,1797035
hdeAp2,0.5,1,1,GGCAGATTTGTCTTGCGGTG,0,1776452
hdeAp2,0.5,1,1,GGCAGATGCGTTTCGCGGTA,0,1784377
hdeAp2,0.5,1,1,GGCACGTTCTCGGCGGCCAT,0,1817901
hdeAp2,0.5,1,1,GGCACCTGTTCGGATGCTTT,0,1791343
hdeAp2,0.5,1,1,GGCACCCATATGCATAAGCG,0,1799389
hdeAp2,0.5,1,1,GGCAAGCCTATGAATATGGT,0,1794996
hdeAp2,0.5,1,1,GGCAACGTTTAGAGTAGGAC,0,1810075
hdeAp2,0.5,1,1,GGATGTCCTCAAACTGTGTT,0,1771054
hdeAp2,0.5,1,1,GGATGTACATGTGGTGCAAT,0,1824266
hdeAp2,0.5,1,1,GGATGACTATCGAGCCGGAC,0,1790319
hdeAp2,0.5,1,1,GGATCGCGATCCGTACATTA,0,1782386
hdeAp2,0.5,1,1,GGATATTAAGGTCTGAGCTA,0,1782992
hdeAp2,0.5,1,1,GGATATGTGGTCAAGGATCT,0,1810386
hdeAp2,0.5,1,1,GGATAGTTTTCATCTTTGTA,0,1828233
hdeAp2,0.5,1,1,GGATAATATAATGTGTTTAA,0,1801919
hdeAp2,0.5,1,1,GGAGGTATAATCTTTGGATA,0,1805615
hdeAp2,0.5,1,1,GGAGGGAACTACACGCTCCT,0,1812170
hdeAp2,0.5,1,1,GGAGCTTAGTTATAACGACG,0,1823089
hdeAp2,0.5,1,1,GGACTTTTTATTAAAGGTAC,0,1795982
hdeAp2,0.5,1,1,GGACTGAGGGCTCATGAAGT,0,1811259
hdeAp2,0.5,1,1,GGACTGAAAGGGGGCTACGC,0,1803508
hdeAp2,0.5,1,1,GGACTCAAATAAATAGAGAA,0,1806052
hdeAp2,0.5,1,1,GGACGTAATTTTAGTGGACA,0,1775120
hdeAp2,0.5,1,1,GGACGGGCTGAGTTTGGAGC,0,1798564
hdeAp2,0.5,1,1,GGACGCGTAAATCGGGTTAG,0,1790777
hdeAp2,0.5,1,1,GGACGCGGACAAGTCGTTAA,0,1772126
hdeAp2,0.5,1,1,GGACGAACTGGGCTCCTATC,0,1789954
hdeAp2,0.5,1,1,GGACCCCCAAGGACAAGTAC,0,1776455
hdeAp2,0.5,1,1,GGACCACATTGTGTAGTGGT,0,1774337
hdeAp2,0.5,1,1,GGACACGAATGCATGGGCAT,0,1819557
hdeAp2,0.5,1,1,GGACAACGAGTCCAGTACCA,0,1796258
hdeAp2,0.5,1,1,GGAATTTAGCTCGGTGCATC,0,1783880
hdeAp2,0.5,1,1,GGAATTGTCTTTTTAAGATC,0,1804985
hdeAp2,0.5,1,1,GGAATGTCTATGCTGCCTCA,0,1816307
hdeAp2,0.5,1,1,GGAATCCGGTTCCCACTTCC,0,1793119
hdeAp2,0.5,1,1,GGAAGTCAACTGAACCGCGA,0,1813914
hdeAp2,0.5,1,1,GGAAGCTCAGCACGTTGAGA,0,1781158
hdeAp2,0.5,1,1,GGAAGATCAAAGACGTTAAA,0,1787188
hdeAp2,0.5,1,1,GGAAGACGTATGAAGTGCTC,0,1796312
hdeAp2,0.5,1,1,GGAACTAATGCGATTGTTAG,0,1823347
hdeAp2,0.5,1,1,GGAACGAGTTGGTGAATTCT,0,1771466
hdeAp2,0.5,1,1,GGAACGACTGTAGGCACTCC,0,1796115
hdeAp2,0.5,1,1,GGAACCTCCAAGGTGACATA,0,1807981
hdeAp2,0.5,1,1,GGAAATCCAATCCTTCCGTG,0,1824323
hdeAp2,0.5,1,1,GCTTTGAACAACCCAAGGCT,0,1822262
hdeAp2,0.5,1,1,GCTTGGAGGGTGCTTGCGCT,0,1785503
hdeAp2,0.5,1,1,GCTTCTGGGGGATGGGCCTC,0,1828152
hdeAp2,0.5,1,1,GCTTCGTCAGTAGAAAGGCT,0,1802953
hdeAp2,0.5,1,1,GCTTATGAAACGAAGGGTTA,0,1814183
hdeAp2,0.5,1,1,GCTTATCCACTCGGTCCGAA,0,1827516
hdeAp2,0.5,1,1,GCTTAGCGTCACAATGCAAT,0,1771337
hdeAp2,0.5,1,1,GCTGTATGCCGGATTCGAGA,0,1802609
hdeAp2,0.5,1,1,GCTGGTCCTCACGCTTATTA,0,1792909
hdeAp2,0.5,1,1,GCTGCTCAAGGGTGTGAAAT,0,1784067
hdeAp2,0.5,1,1,GCTGCCAGTATCTGACAATA,0,1828641
hdeAp2,0.5,1,1,GCTGCATGCTGACCTGCACG,0,1806363
hdeAp2,0.5,1,1,GCTGCAGTTAGTAGCTTACC,0,1789093
hdeAp2,0.5,1,1,GCTGCAATCTGTATCTGTCG,0,1822789
hdeAp2,0.5,1,1,GCTGAAACTGCTCACATCCT,0,1796354
hdeAp2,0.5,1,1,GCTCTTACTCGGAAAGTAAA,0,1771707
hdeAp2,0.5,1,1,GCTCTAATGCACGGACAGTT,0,1817013
hdeAp2,0.5,1,1,GCTCCTCTGCTCATCTTTAG,0,1821347
hdeAp2,0.5,1,1,GCTATAGGCTGTCACTGACC,0,1793405
hdeAp2,0.5,1,1,GCTAGGGGGGGCCGGAGCTA,0,1807376
hdeAp2,0.5,1,1,GCTACTCGAGCAGTCAGCTA,0,1821299
hdeAp2,0.5,1,1,GCTACCTTTGCACACAGGAA,0,1785045
hdeAp2,0.5,1,1,GCTACCGGTTCAGCAGTGTG,0,1786535
hdeAp2,0.5,1,1,GCTACAAAATATGGCCACGC,0,1779301
hdeAp2,0.5,1,1,GCTAATGCACTCGGCATTCT,0,1795967
hdeAp2,0.5,1,1,GCTAATAGGTGATCATGCCT,0,1775934
hdeAp2,0.5,1,1,GCTAAGGCCAGAGCGAACCG,0,1786481
hdeAp2,0.5,1,1,GCTAAAGTCTTCCTGGCAGT,0,1790167
hdeAp2,0.5,1,1,GCGTTGCGAGAGAGGAGCGC,0,1809368
hdeAp2,0.5,1,1,GCGTGTTACTGAGGTCGCGA,0,1798497
hdeAp2,0.5,1,1,GCGTGGAGGGGCCTGGGTAA,0,1826238
hdeAp2,0.5,1,1,GCGTCGTTCCCTTGGAGCCT,0,1823902
hdeAp2,0.5,1,1,GCGTCCGGCTGCCGATCACT,0,1806874
hdeAp2,0.5,1,1,GCGTCCCTCCAAGGCAGGGG,0,1827429
hdeAp2,0.5,1,1,GCGTCATACTGGTGTCCCTA,0,1817657
hdeAp2,0.5,1,1,GCGTATCCCGATATGTCGCA,0,1784328
hdeAp2,0.5,1,1,GCGTATCCAGGAGGGCCTTC,0,1827285
hdeAp2,0.5,1,1,GCGTATAATCGTTACCGGAA,0,1800049
hdeAp2,0.5,1,1,GCGTAGTTCCAGACACTGTA,0,1794626
hdeAp2,0.5,1,1,GCGTAGATGAAGACAGCGTT,0,1803879
hdeAp2,0.5,1,1,GCGGTCTTGTTCTAGTGGCA,0,1793487
hdeAp2,0.5,1,1,GCGGTAGCTTTTAAAGTATG,0,1823094
hdeAp2,0.5,1,1,GCGGTAGCATAGTACGACTG,0,1810660
hdeAp2,0.5,1,1,GCGGGGCCTGGCGAGGTAAC,0,1784166
hdeAp2,0.5,1,1,GCGGCTCAGCGCGACGGGGG,0,1780550
hdeAp2,0.5,1,1,GCGGCGAAACTTTGTACTTT,0,1811834
hdeAp2,0.5,1,1,GCGGCCCTGCCGTTGTGGCA,0,1811302
hdeAp2,0.5,1,1,GCGGCCACTTTCCTTCTTAA,0,1773651
hdeAp2,0.5,1,1,GCGCTTGAAAGGGGGGAAAT,0,1782085
hdeAp2,0.5,1,1,GCGCTTATTCCGATTTACCC,0,1826177
hdeAp2,0.5,1,1,GCGCTCTAGTGAAATAACCA,0,1790913
hdeAp2,0.5,1,1,GCGCATTAATAAGTGCGTAC,0,1821833
hdeAp2,0.5,1,1,GCGCACCGATCGAAAAAAAA,0,1797402
hdeAp2,0.5,1,1,GCGATAATCTGATCGGACGA,0,1823741
hdeAp2,0.5,1,1,GCGAGTGAATGGTAGGATCA,0,1794228
hdeAp2,0.5,1,1,GCGACCTGGCCGGCTCGGGT,0,1771813
hdeAp2,0.5,1,1,GCGACAGTGGGGCTAACGTT,0,1787506
hdeAp2,0.5,1,1,GCGAATCGTCGATCTACGGC,0,1810206
hdeAp2,0.5,1,1,GCGAACGAGAATCCCCGAGG,0,1806427
hdeAp2,0.5,1,1,GCCTTTACATTTCCGCACCA,0,1778833
hdeAp2,0.5,1,1,GCCTGATTGTCTTTAACTGC,0,1779912
hdeAp2,0.5,1,1,GCCTGATTCGTTTTTTCCGC,0,1784211
hdeAp2,0.5,1,1,GCCTCTGATCGGCAGTTTTT,0,1813366
hdeAp2,0.5,1,1,GCCTCTCTTAGTTCGCGGTT,0,1804488
hdeAp2,0.5,1,1,GCCTCATATGTACTCGAAGC,0,1772459
hdeAp2,0.5,1,1,GCCTAGACCCCCAACTATAA,0,1818412
hdeAp2,0.5,1,1,GCCTAACGCAGGGGGCTTGT,0,1803737
hdeAp2,0.5,1,1,GCCGTTTCAATGGCCCAGCG,0,1804334
hdeAp2,0.5,1,1,GCCGTTGGGGGCTTCGCGGC,0,1783195
hdeAp2,0.5,1,1,GCCGTGTGCCGATCGCCATT,0,1810021
hdeAp2,0.5,1,1,GCCGTGAAACTAGCGCCGCG,0,1812324
hdeAp2,0.5,1,1,GCCGTCTGGAGAGTGTCGTT,0,1796812
hdeAp2,0.5,1,1,GCCGGCCTATCCACACCTTC,0,1784423
hdeAp2,0.5,1,1,GCCGCACTATAAGACTTAAT,0,1783251
hdeAp2,0.5,1,1,GCCGCAATTATTGCCGACGA,0,1799046
hdeAp2,0.5,1,1,GCCGACCGACGGTGGTCCCG,0,1815840
hdeAp2,0.5,1,1,GCCCTACGGCTCGAATCTTC,0,1813349
hdeAp2,0.5,1,1,GCCCGCGGCAGCCGAGCCTT,0,1808058
hdeAp2,0.5,1,1,GCCCGCGCGTCCGCACGCCG,0,1778958
hdeAp2,0.5,1,1,GCCCGACTGGTACTTCAGAT,0,1811604
hdeAp2,0.5,1,1,GCCCCCTCGCTTAACTCCAT,0,1818332
hdeAp2,0.5,1,1,GCCCCCCGGTATACATCTTA,0,1823765
hdeAp2,0.5,1,1,GCCCATATGGAACCTTGGGG,0,1811247
hdeAp2,0.5,1,1,GCCCAGTACGGTAAATGACT,0,1790642
hdeAp2,0.5,1,1,GCCATAGGCGGATACGCGAC,0,1781756
hdeAp2,0.5,1,1,GCCAGTGAGTAACACCGGTA,0,1822468
hdeAp2,0.5,1,1,GCCAGCGAAGGGTCCATAGA,0,1824347
hdeAp2,0.5,1,1,GCCACGGCCCTGGGAAACCA,0,1824471
hdeAp2,0.5,1,1,GCCAACACCATGTCTCAAAG,0,1798248
hdeAp2,0.5,1,1,GCATTCGTTCGTTTCACAGG,0,1811459
hdeAp2,0.5,1,1,GCATCTATGCACTTATAGCT,0,1824238
hdeAp2,0.5,1,1,GCATCCGAACATCACTCAGC,0,1814102
hdeAp2,0.5,1,1,GCATACTTTCCGATGACTGC,0,1811979
hdeAp2,0.5,1,1,GCATACCGGAAACCGGGGAA,0,1810870
hdeAp2,0.5,1,1,GCAGTCGTTGGCCCAGCGTC,0,1802333
hdeAp2,0.5,1,1,GCAGTATCCTCTGGTGGTAC,0,1803621
hdeAp2,0.5,1,1,GCAGTACGGTGGGAGATGAG,0,1773477
hdeAp2,0.5,1,1,GCAGGGGGTTTTGAAGTCCG,0,1803503
hdeAp2,0.5,1,1,GCAGGGGCGTGTTCCCGTTC,0,1816529
hdeAp2,0.5,1,1,GCAGGATCGCCGCTTGTATT,0,1776799
hdeAp2,0.5,1,1,GCAGCTTGTACACGGTACAA,0,1796352
hdeAp2,0.5,1,1,GCAGCTGATAATTTTTACAG,0,1773327
hdeAp2,0.5,1,1,GCAGCGCTGTAGTGACCGAG,0,1798921
hdeAp2,0.5,1,1,GCAGCCCTCTGGTACCACGT,0,1787993
hdeAp2,0.5,1,1,GCACTGAGTGAAAATTGGGT,0,1822999
hdeAp2,0.5,1,1,GCACTCGTACATCAAGTAGT,0,1813949
hdeAp2,0.5,1,1,GCACTATTAATTTCGTATAG,0,1820752
hdeAp2,0.5,1,1,GCACGACAAGTCAACAAAGT,0,1791673
hdeAp2,0.5,1,1,GCACCCTTCAGGATCCGTCC,0,1827940
hdeAp2,0.5,1,1,GCACACGCGACACTCGATAT,0,1817591
hdeAp2,0.5,1,1,GCAATGCAACCTCGGCGCGT,0,1809489
hdeAp2,0.5,1,1,GCAATCGTCTGACTGAGATC,0,1782294
hdeAp2,0.5,1,1,GCAATCGGATAACTAATATC,0,1816162
hdeAp2,0.5,1,1,GCAATACGTTAAGATCTACA,0,1786990
hdeAp2,0.5,1,1,GCAAGTCAACGTTTCACTCA,0,1782215
hdeAp2,0.5,1,1,GCAAGGTCCAGTCGATAACG,0,1826383
hdeAp2,0.5,1,1,GCAAGACGAACCCGGGAAAC,0,1801374
hdeAp2,0.5,1,1,GCAAAGGCATTATCCTTAGT,0,1790932
hdeAp2,0.5,1,1,GCAAAGGATTCAAATTAGTC,0,1825280
hdeAp2,0.5,1,1,GCAAAATATTTCGTTGATAG,0,1809609
hdeAp2,0.5,1,1,GATTTTTGATGTCTACAGTA,0,1820479
hdeAp2,0.5,1,1,GATTTCGACCGTTTTCGGGC,0,1774898
hdeAp2,0.5,1,1,GATTGCCATTGAAGGCTGAA,0,1805951
hdeAp2,0.5,1,1,GATTGCCATCTCCACATGCT,0,1772753
hdeAp2,0.5,1,1,GATTCTCATCCTCTAACCAG,0,1822537
hdeAp2,0.5,1,1,GATTCGCTATCGTTGATTAT,0,1819754
hdeAp2,0.5,1,1,GATTCCCGCTCATGACGAGG,0,1772937
hdeAp2,0.5,1,1,GATTAATTCTAACCCGCTTT,0,1814153
hdeAp2,0.5,1,1,GATTAATGGACTTATATTGC,0,1789774
hdeAp2,0.5,1,1,GATGGCGGAGAAACAACATA,0,1784444
hdeAp2,0.5,1,1,GATGAGGGTATAACGCGAGG,0,1815970
hdeAp2,0.5,1,1,GATGAGCTTGAGCGTTTGAT,0,1783825
hdeAp2,0.5,1,1,GATCTCTTTAAGTCGTGAAG,0,1819226
hdeAp2,0.5,1,1,GATCTCAACGATAAAGGATA,0,1776019
hdeAp2,0.5,1,1,GATCTAGGATGGCTATCTGT,0,1780772
hdeAp2,0.5,1,1,GATCGAGGAAGTTTCATTTT,0,1798781
hdeAp2,0.5,1,1,GATCACGAGTTCAGACGTAA,0,1803865
hdeAp2,0.5,1,1,GATCACAGACCTTCCCGTGA,0,1789176
hdeAp2,0.5,1,1,GATCAATACTGACATTTGCT,0,1828434
hdeAp2,0.5,1,1,GATATTGATGCAGCACAGTA,0,1800267
hdeAp2,0.5,1,1,GATATCCCTCAAAATCCTGG,0,1826440
hdeAp2,0.5,1,1,GATATATAACGACCGGCGAG,0,1811767
hdeAp2,0.5,1,1,GATAGCGAAAATATCTTCGG,0,1808233
hdeAp2,0.5,1,1,GATACGCAATATATAGGTAT,0,1818652
hdeAp2,0.5,1,1,GATACCCACCAATGTCTTCT,0,1814795
hdeAp2,0.5,1,1,GATACCACTTCCTGGCTAGT,0,1786891
hdeAp2,0.5,1,1,GATACAATTGGCCCGGCCGC,0,1803593
hdeAp2,0.5,1,1,GATAAATGACGCTTTATGAG,0,1813913
hdeAp2,0.5,1,1,GAGTTGTTTCTTGAATCACA,0,1783957
hdeAp2,0.5,1,1,GAGTGGGGGGGAATTATCGT,0,1813098
hdeAp2,0.5,1,1,GAGTCCTGAACCTGTTACCT,0,1808580
hdeAp2,0.5,1,1,GAGTCCCACTGTACCTCCCT,0,1823406
hdeAp2,0.5,1,1,GAGTATTAATGGCGATGTAG,0,1799913
hdeAp2,0.5,1,1,GAGGTTTACGACCGACAAAT,0,1805222
hdeAp2,0.5,1,1,GAGGTTCAGGGTTGTTACGG,0,1817509
hdeAp2,0.5,1,1,GAGGTTACACGCTACACATC,0,1804160
hdeAp2,0.5,1,1,GAGGGGGCCTAAGGTGCTGT,0,1784443
hdeAp2,0.5,1,1,GAGGGGCAGATTGTACATAC,0,1795591
hdeAp2,0.5,1,1,GAGGCTGCGTGACGTTGCGC,0,1784671
hdeAp2,0.5,1,1,GAGGAAGATCCGTAAGTGCT,0,1800807
hdeAp2,0.5,1,1,GAGCTGGCTGGACACGTCCG,0,1815891
hdeAp2,0.5,1,1,GAGCTAGTTTGAATTTTAGG,0,1780807
hdeAp2,0.5,1,1,GAGCGTTACGCAGGAATTTC,0,1822525
hdeAp2,0.5,1,1,GAGCGTCGAGTCCAATCCCG,0,1811132
hdeAp2,0.5,1,1,GAGCCGGACCACAATCACTG,0,1778368
hdeAp2,0.5,1,1,GAGCAGAGCTATTTCTTTGC,0,1793787
hdeAp2,0.5,1,1,GAGCAGACTCCTGGACCGCT,0,1828354
hdeAp2,0.5,1,1,GAGCAACTTGTCTTTCGCAT,0,1781340
hdeAp2,0.5,1,1,GAGCAAAATGCTTGGTAATG,0,1784539
hdeAp2,0.5,1,1,GAGATTTTAGTCCGTGAACC,0,1805186
hdeAp2,0.5,1,1,GAGAGGCGGACATAGTCGTG,0,1818106
hdeAp2,0.5,1,1,GAGAGCACGGGCCGGACTGC,0,1777817
hdeAp2,0.5,1,1,GAGACGTAGCGAATCTCAGA,0,1824865
hdeAp2,0.5,1,1,GAGACGCGTTACGAAAGAAA,0,1790849
hdeAp2,0.5,1,1,GAGACGACAATAAATCGAGA,0,1821863
hdeAp2,0.5,1,1,GAGAATGGCTTTTTCGTCGC,0,1777268
hdeAp2,0.5,1,1,GACTTCCTTAAAAGCCTCTG,0,1800877
hdeAp2,0.5,1,1,GACTTATGCTGACACGCCTA,0,1814642
hdeAp2,0.5,1,1,GACTTACTCTGGAGGAAATT,0,1822016
hdeAp2,0.5,1,1,GACTGTACTTACCACGTTCT,0,1807969
hdeAp2,0.5,1,1,GACTCGATATTTTACCCTGA,0,1793589
hdeAp2,0.5,1,1,GACTCCCTGCTCACGAGGGA,0,1817241
hdeAp2,0.5,1,1,GACTCCAGCAACGGTAATTG,0,1788582
hdeAp2,0.5,1,1,GACTATGACCACCATTGGGT,0,1819305
hdeAp2,0.5,1,1,GACTAGTAGGGTATAGAGGA,0,1776453
hdeAp2,0.5,1,1,GACTACCCCGAGTTTGTTTA,0,1782935
hdeAp2,0.5,1,1,GACGTTAGGTGACGGTTATA,0,1779457
hdeAp2,0.5,1,1,GACGTACCGGGATACTCGTT,0,1793101
hdeAp2,0.5,1,1,GACGGATGCGGACATCAAAC,0,1779920
hdeAp2,0.5,1,1,GACGCCCACGTGGCGCCTCT,0,1780183
hdeAp2,0.5,1,1,GACGAGCGACAAAATTGTTG,0,1791736
hdeAp2,0.5,1,1,GACGACTCGACTTGCTTCTG,0,1803885
hdeAp2,0.5,1,1,GACGACATTTCGATGAAAGT,0,1780845
hdeAp2,0.5,1,1,GACCTGGGCATCATGTCGTC,0,1798358
hdeAp2,0.5,1,1,GACCTCGCGGGTCATACGCT,0,1778324
hdeAp2,0.5,1,1,GACCTCCATCAACGAAGGAC,0,1774392
hdeAp2,0.5,1,1,GACCGGTCGTACTGCATGGT,0,1811525
hdeAp2,0.5,1,1,GACCGGATGGCAACACCGAT,0,1779788
hdeAp2,0.5,1,1,GACCCTTTCTCACTTACTAC,0,1817658
hdeAp2,0.5,1,1,GACCCTTCGAGTATGAATAA,0,1826829
hdeAp2,0.5,1,1,GACCCTCGGGTCGGGTGGTT,0,1778816
hdeAp2,0.5,1,1,GACCCACCGGGAAACCGGGT,0,1791630
hdeAp2,0.5,1,1,GACCATTACCACGGCATGTC,0,1825669
hdeAp2,0.5,1,1,GACCATCAGGGGCCTCGCGT,0,1784769
hdeAp2,0.5,1,1,GACATTTGGTGATACGGTAT,0,1816143
hdeAp2,0.5,1,1,GACATTGTAACATTAACGCA,0,1815715
hdeAp2,0.5,1,1,GACATGCCGGTGACTCACCC,0,1782379
hdeAp2,0.5,1,1,GACATCTTCTGATCTTGTAC,0,1784117
hdeAp2,0.5,1,1,GACAGTTACGTGGGTCTTGC,0,1818221
hdeAp2,0.5,1,1,GACACGTATCCGAACAAGCA,0,1794418
hdeAp2,0.5,1,1,GAATTTAGTTGGTCGCTGTG,0,1806846
hdeAp2,0.5,1,1,GAATTGAAAGTTAAGGCGAT,0,1826132
hdeAp2,0.5,1,1,GAATGCAGGTTATGAACCCC,0,1819363
hdeAp2,0.5,1,1,GAATCTTGGGACCGATACCA,0,1801497
hdeAp2,0.5,1,1,GAATCAAGCTGTGTCATGGG,0,1777308
hdeAp2,0.5,1,1,GAATATCCTATGCCCTGCGG,0,1793850
hdeAp2,0.5,1,1,GAATAGAACTGTTTGGTACA,0,1806671
hdeAp2,0.5,1,1,GAAGTTCCCGTCGCTCTGAG,0,1816463
hdeAp2,0.5,1,1,GAAGTTAGATAACTGGATTC,0,1781535
hdeAp2,0.5,1,1,GAAGGGTACCAGGATTCGTT,0,1817431
hdeAp2,0.5,1,1,GAAGGCACTGTCCAAGCTTA,0,1819014
hdeAp2,0.5,1,1,GAAGATTACCGAACTGGCAG,0,1815501
hdeAp2,0.5,1,1,GAACGGGATCAGAATAGCTT,0,1805391
hdeAp2,0.5,1,1,GAACGCTCAAATGTTTTTAC,0,1784230
hdeAp2,0.5,1,1,GAACGAAGCTTAAGTAGGGA,0,1824961
hdeAp2,0.5,1,1,GAACCTCAGCTAGGTCCCGA,0,1787140
hdeAp2,0.5,1,1,GAACATAACCACTGCCGTCC,0,1802564
hdeAp2,0.5,1,1,GAAATTACCCAGGCTTTAGG,0,1776865
hdeAp2,0.5,1,1,GAAATGGCGACGGATCTTCA,0,1808164
hdeAp2,0.5,1,1,GAAATCCCCCTAGACAGCGT,0,1808998
hdeAp2,0.5,1,1,GAAATAAACATTGGTGCTCC,0,1789446
hdeAp2,0.5,1,1,GAAAAGACTTCACCTGGCAT,0,1800093
hdeAp2,0.5,1,1,CTTTTGTCTTGGAACCGTCA,0,1818755
hdeAp2,0.5,1,1,CTTTGGCAGCTGATAAGCCT,0,1809746
hdeAp2,0.5,1,1,CTTTGCTAAAGTCGAGCAGG,0,1804512
hdeAp2,0.5,1,1,CTTTGCGACCCGCACACTAC,0,1811288
hdeAp2,0.5,1,1,CTTTGCCGCTGGCATGGCCT,0,1775019
hdeAp2,0.5,1,1,CTTTCCGGTAACCTCTTTTA,0,1802807
hdeAp2,0.5,1,1,CTTTCACCGCCTGCGCTTGA,0,1793674
hdeAp2,0.5,1,1,CTTTATTAGTAAATTTGAAC,0,1779297
hdeAp2,0.5,1,1,CTTTATGCGGTCGATGAAGG,0,1774564
hdeAp2,0.5,1,1,CTTTATCCATGCCTTAACTA,0,1786102
hdeAp2,0.5,1,1,CTTTATCATAAGGGGAGAGC,0,1814651
hdeAp2,0.5,1,1,CTTTAGTTGGTGTGACTACT,0,1803040
hdeAp2,0.5,1,1,CTTGTTACGTTTGGGAAACG,0,1828520
hdeAp2,0.5,1,1,CTTGTGATTGTACTGAGTCG,0,1798314
hdeAp2,0.5,1,1,CTTGTGATTAGATGCAAGAT,0,1811323
hdeAp2,0.5,1,1,CTTGTAGGTCCGGTGAAAAC,0,1828518
hdeAp2,0.5,1,1,CTTGGCGACGCTGTATTTAG,0,1779437
hdeAp2,0.5,1,1,CTTGCTTGTGCGTATAGGGT,0,1798231
hdeAp2,0.5,1,1,CTTGCGTCGGGATCAAGTCC,0,1782162
hdeAp2,0.5,1,1,CTTGCGTCACTTAGAAATAT,0,1803973
hdeAp2,0.5,1,1,CTTGCGGAGGCCTCTCTACT,0,1776911
hdeAp2,0.5,1,1,CTTGATCTCCACATCACACT,0,1828410
hdeAp2,0.5,1,1,CTTGAGGAGCGAGCCTTCCA,0,1813215
hdeAp2,0.5,1,1,CTTGACATCTAAACGCTTTC,0,1775774
hdeAp2,0.5,1,1,CTTGAATGAATACTTGATCA,0,1828142
hdeAp2,0.5,1,1,CTTCTCGTTGTGCACAAAGC,0,1818462
hdeAp2,0.5,1,1,CTTCGTGTACCAAGTACGTA,0,1814249
hdeAp2,0.5,1,1,CTTCGTCATTGACCTGGGTT,0,1814978
hdeAp2,0.5,1,1,CTTCCTGGTATTACCATAAC,0,1777611
hdeAp2,0.5,1,1,CTTCCTACCCGGCCAAGACG,0,1782024
hdeAp2,0.5,1,1,CTTCAGCTTAGGAATCTCGC,0,1792174
hdeAp2,0.5,1,1,CTTCAGAAATTCCAATCCGG,0,1801495
hdeAp2,0.5,1,1,CTTCACGTCGTAGACTTCTA,0,1806475
hdeAp2,0.5,1,1,CTTCAATACCGTTCGTGCGT,0,1790274
hdeAp2,0.5,1,1,CTTAGTGGGTTTTTGGCTCA,0,1802171
hdeAp2,0.5,1,1,CTTACGACCCGAGTTGCCCA,0,1806679
hdeAp2,0.5,1,1,CTTACCGAGTGGGATTCTAA,0,1821760
hdeAp2,0.5,1,1,CTTACATTGACCCACTCTCG,0,1783281
hdeAp2,0.5,1,1,CTTACATAGGGCAGAATGGG,0,1775947
hdeAp2,0.5,1,1,CTTAATCTCTCAGGTAGGTC,0,1806613
hdeAp2,0.5,1,1,CTTAATCATTGGGACTACCC,0,1803269
hdeAp2,0.5,1,1,CTTAAGCATGGCTCAGAAGT,0,1776802
hdeAp2,0.5,1,1,CTTAACGTCAGTAAAGTGTC,0,1780255
hdeAp2,0.5,1,1,CTTAAATAACTCGAGGGTAA,0,1771180
hdeAp2,0.5,1,1,CTGTTTTGCACGCACCCCAT,0,1791900
hdeAp2,0.5,1,1,CTGTCCCTAGCATAGACGTG,0,1807058
hdeAp2,0.5,1,1,CTGTCACTGACATAGGGGTA,0,1825795
hdeAp2,0.5,1,1,CTGTAACGAGGATGATAGCT,0,1777942
hdeAp2,0.5,1,1,CTGGTTCGTCCCGAGGCGGA,0,1801953
hdeAp2,0.5,1,1,CTGGCTCCACGTTCAGTAGG,0,1772999
hdeAp2,0.5,1,1,CTGGCTAGGGAATAACTGGA,0,1819892
hdeAp2,0.5,1,1,CTGGATTTAAGTAATCAACG,0,1825301
hdeAp2,0.5,1,1,CTGGAGTGATACAGATATCA,0,1771555
hdeAp2,0.5,1,1,CTGGACATGGCAGCGAGAGA,0,1796600
hdeAp2,0.5,1,1,CTGCTTACTATAATTCGACT,0,1783048
hdeAp2,0.5,1,1,CTGCTGAGGATGCCAGCGGA,0,1818685
hdeAp2,0.5,1,1,CTGCGCAATAGCGGGTAGAG,0,1791623
hdeAp2,0.5,1,1,CTGCGCAACCGGGAAGACAC,0,1775856
hdeAp2,0.5,1,1,CTGCCTTGTGTGAAGTCTGG,0,1800391
hdeAp2,0.5,1,1,CTGCACGTCGTTTAGGTGCC,0,1788916
hdeAp2,0.5,1,1,CTGCACGTCGACTCTTGCAG,0,1798625
hdeAp2,0.5,1,1,CTGATGTGGTGTTGGATGAT,0,1811121
hdeAp2,0.5,1,1,CTGATGCGGCTTTGGTTGGT,0,1821704
hdeAp2,0.5,1,1,CTGATCACCTGTATTTTACT,0,1788612
hdeAp2,0.5,1,1,CTGATATGCTGCACCGTAAA,0,1786064
hdeAp2,0.5,1,1,CTGAGTGCCGCGCCGGAGCG,0,1792603
hdeAp2,0.5,1,1,CTGAGTAGGCTGGAGTGCCC,0,1773090
hdeAp2,0.5,1,1,CTGACATGAGCTGCACGAAC,0,1789071
hdeAp2,0.5,1,1,CTGACACGTCAGGGGACGGC,0,1815658
hdeAp2,0.5,1,1,CTCTTCGAACATACTGGTTA,0,1820310
hdeAp2,0.5,1,1,CTCTGTAATGTATCACGCTC,0,1771633
hdeAp2,0.5,1,1,CTCTCATCAAGAAATTAACT,0,1796961
hdeAp2,0.5,1,1,CTCTAACATACCAATCGCCT,0,1793364
hdeAp2,0.5,1,1,CTCTAAAGCGTTTCATGGTA,0,1771681
hdeAp2,0.5,1,1,CTCTAAAGAAGTTCAGAGTG,0,1815855
hdeAp2,0.5,1,1,CTCGGGTGTAACTACACCAT,0,1797208
hdeAp2,0.5,1,1,CTCGGCCTCACCTTATCATG,0,1818467
hdeAp2,0.5,1,1,CTCGGCCGTTCTGGGGTGTC,0,1785919
hdeAp2,0.5,1,1,CTCGGCAGCGACGGACGTAG,0,1793330
hdeAp2,0.5,1,1,CTCGCTTTGCTACTCATATT,0,1816689
hdeAp2,0.5,1,1,CTCGCCAAACCTTGATACTG,0,1774732
hdeAp2,0.5,1,1,CTCGCAAGCATAAGCTTCAG,0,1795080
hdeAp2,0.5,1,1,CTCGAGGACATTCGGACGCG,0,1781141
hdeAp2,0.5,1,1,CTCGACCCGGCTCCAGCGCG,0,1818687
hdeAp2,0.5,1,1,CTCGAACGTTGCGGGGGCGA,0,1794229
hdeAp2,0.5,1,1,CTCCTTACACGTTCACAAAT,0,1782353
hdeAp2,0.5,1,1,CTCCTCCTGCTACTAAGTGT,0,1825810
hdeAp2,0.5,1,1,CTCCGAGTGTAGGCGTCATT,0,1814251
hdeAp2,0.5,1,1,CTCCCGAACGACCGAAGCGC,0,1776360
hdeAp2,0.5,1,1,CTCCCACATTGTAAACGTAG,0,1811724
hdeAp2,0.5,1,1,CTCCAATCATCGGCCCTGAA,0,1821506
hdeAp2,0.5,1,1,CTCATGCTCGCGCGAACGGT,0,1794659
hdeAp2,0.5,1,1,CTCATCTCAACAGCGAGGAA,0,1787100
hdeAp2,0.5,1,1,CTCATCGTAATATTTAAGAT,0,1785748
hdeAp2,0.5,1,1,CTCATACGGCGTATCTAGAG,0,1774052
hdeAp2,0.5,1,1,CTCAGTTGCAGAATTAGTCA,0,1797614
hdeAp2,0.5,1,1,CTCAGCGAAGTCCCGATCGG,0,1820267
hdeAp2,0.5,1,1,CTCAGCCTAGGGGTCAGATG,0,1812227
hdeAp2,0.5,1,1,CTCAAAGAATTCGCCACTGC,0,1773971
hdeAp2,0.5,1,1,CTATTGCTCGGCCTTTTTTC,0,1780954
hdeAp2,0.5,1,1,CTATTATAGTCACTTTTCCC,0,1790865
hdeAp2,0.5,1,1,CTATGTACTGCTGTGAGGCT,0,1824145
hdeAp2,0.5,1,1,CTATGCCTCTGGGTACAATC,0,1791450
hdeAp2,0.5,1,1,CTATGATGTTAATCGGTCTC,0,1819561
hdeAp2,0.5,1,1,CTATCTTATTTCATAAAGGT,0,1826376
hdeAp2,0.5,1,1,CTATCGCCCACGTGGACTAC,0,1822575
hdeAp2,0.5,1,1,CTATCCGTACGAGGCGCTTC,0,1772577
hdeAp2,0.5,1,1,CTAGTTCATGTACATGGTAT,0,1825070
hdeAp2,0.5,1,1,CTAGTGGGGAGGGAACTCAC,0,1781660
hdeAp2,0.5,1,1,CTAGGTTCAAGTGTGGGTGG,0,1785780
hdeAp2,0.5,1,1,CTAGGTGGCGGAGGCGCTGA,0,1809236
hdeAp2,0.5,1,1,CTACTTCGTTGTACTAATGC,0,1800396
hdeAp2,0.5,1,1,CTACTGGACCAAATGAGAAA,0,1778125
hdeAp2,0.5,1,1,CTACTAGGAGTTGATACATT,0,1803147
hdeAp2,0.5,1,1,CTACGGGATAGCAGGAGCTA,0,1802934
hdeAp2,0.5,1,1,CTACGCAGCGGTCATTCGTC,0,1818307
hdeAp2,0.5,1,1,CTACGACAAGACGTACAAGC,0,1789196
hdeAp2,0.5,1,1,CTACGAAGCCCTTTTAGGCT,0,1828195
hdeAp2,0.5,1,1,CTACCGTGTACTACGTTAAC,0,1802560
hdeAp2,0.5,1,1,CTACCGTGGTATGGACCGGT,0,1785662
hdeAp2,0.5,1,1,CTACAGGTGAACACGATGAT,0,1805917
hdeAp2,0.5,1,1,CTACAGGTACGGTGATGTGT,0,1800880
hdeAp2,0.5,1,1,CTACAGCGTTTCCTAGCTAT,0,1798166
hdeAp2,0.5,1,1,CTAATTCCCAGTCTTTTTTT,0,1812767
hdeAp2,0.5,1,1,CTAATGGGCAATCGGGAGAG,0,1800300
hdeAp2,0.5,1,1,CTAATCACCTGGCCAATTTG,0,1822377
hdeAp2,0.5,1,1,CTAAGGACGCACTACGAACT,0,1809835
hdeAp2,0.5,1,1,CTAACTGCACGCAACGAAAG,0,1777948
hdeAp2,0.5,1,1,CTAACTAATAGCCCTTCGCG,0,1780529
hdeAp2,0.5,1,1,CTAACGTGACGATGTCAAGG,0,1784706
hdeAp2,0.5,1,1,CTAACACGGCGGCTTGAACG,0,1782615
hdeAp2,0.5,1,1,CTAAATCTGTAATAAGACGA,0,1800723
hdeAp2,0.5,1,1,CGTTTGTAAAGGCTAGGCCC,0,1787903
hdeAp2,0.5,1,1,CGTTTCGACAGCGCAAAATA,0,1814355
hdeAp2,0.5,1,1,CGTTTCACTAGACTGCAGCA,0,1783723
hdeAp2,0.5,1,1,CGTTCTCTGTCACGTGGTAC,0,1780079
hdeAp2,0.5,1,1,CGTTCGTCCTCCCATCGAGC,0,1819564
hdeAp2,0.5,1,1,CGTTCGTCAAGCTGTTTGCC,0,1797874
hdeAp2,0.5,1,1,CGTTCGACTTCACATGCTAC,0,1791104
hdeAp2,0.5,1,1,CGTTAGGAGACAAGCCCGCG,0,1779944
hdeAp2,0.5,1,1,CGTTAGCTCTATTCTAGCTC,0,1800856
hdeAp2,0.5,1,1,CGTTACGGTCAGTCAGCAGA,0,1824681
hdeAp2,0.5,1,1,CGTTACGCTAGTCCGGCCAC,0,1806246
hdeAp2,0.5,1,1,CGTTACGATGGACGTTAGCA,0,1811015
hdeAp2,0.5,1,1,CGTGGCTTGATTTCATCGAG,0,1784447
hdeAp2,0.5,1,1,CGTGGCACCGTTTCGCGTCC,0,1787336
hdeAp2,0.5,1,1,CGTGGACCATAGACCGTCGC,0,1797058
hdeAp2,0.5,1,1,CGTGCAATGTATTTTCGAGA,0,1815532
hdeAp2,0.5,1,1,CGTCTCAGCGCGAAGCGTTC,0,1777824
hdeAp2,0.5,1,1,CGTCTCACGCAGAGATGAGC,0,1778111
hdeAp2,0.5,1,1,CGTCGCATCGTGGAGGACGG,0,1804097
hdeAp2,0.5,1,1,CGTCCTTGCTTTTAAACACT,0,1798320
hdeAp2,0.5,1,1,CGTCCCATCTGCTAGCCGAA,0,1804906
hdeAp2,0.5,1,1,CGTCATTGGCACAGCACGAG,0,1821575
hdeAp2,0.5,1,1,CGTCACACCGCATTCCAAGC,0,1779889
hdeAp2,0.5,1,1,CGTATTCTAGCAACTCCTAC,0,1778842
hdeAp2,0.5,1,1,CGTATGTAAGAATTCAGCCA,0,1776030
hdeAp2,0.5,1,1,CGTATCATAAAAGCGCTGGT,0,1796431
hdeAp2,0.5,1,1,CGTATAAACGGATCACACTG,0,1783239
hdeAp2,0.5,1,1,CGTACAGGGGCGGATGGTTC,0,1797117
hdeAp2,0.5,1,1,CGTAACACTACCTGCTCTCC,0,1774344
hdeAp2,0.5,1,1,CGGTGGACGAGCCATAAGTA,0,1772703
hdeAp2,0.5,1,1,CGGTGCAACAAAGCGCTGCT,0,1799307
hdeAp2,0.5,1,1,CGGTGAAATTTGCTTATACC,0,1798769
hdeAp2,0.5,1,1,CGGTCTACTTGATAGGTGTT,0,1798594
hdeAp2,0.5,1,1,CGGTCCCTCTGTTTGGATAA,0,1803680
hdeAp2,0.5,1,1,CGGTACCCATTCCGCATATA,0,1799476
hdeAp2,0.5,1,1,CGGGTTCGAACGAGTGTGCG,0,1809737
hdeAp2,0.5,1,1,CGGGTGTACAGTACCGGCCA,0,1821972
hdeAp2,0.5,1,1,CGGGTGGATCCCCAGACTAC,0,1801705
hdeAp2,0.5,1,1,CGGGTCTAAGCGTGTTGTGG,0,1781941
hdeAp2,0.5,1,1,CGGGTCCAACAATAGAGTAG,0,1821225
hdeAp2,0.5,1,1,CGGGGTCCCCTCCCCAGCCA,0,1780130
hdeAp2,0.5,1,1,CGGGGATGGCGCTGCAAAGC,0,1796614
hdeAp2,0.5,1,1,CGGGCTCATTCCGGGACAGT,0,1812643
hdeAp2,0.5,1,1,CGGGCCGGGGGCCGCTCTGT,0,1816752
hdeAp2,0.5,1,1,CGGGCAGGCATCTCGGGTCT,0,1786512
hdeAp2,0.5,1,1,CGGGCACGCGCACACATAAT,0,1777805
hdeAp2,0.5,1,1,CGGGAATAGCTAGAGTAGGC,0,1817084
hdeAp2,0.5,1,1,CGGGAAGCTGCCTCATGTTG,0,1771183
hdeAp2,0.5,1,1,CGGGAACAACACGGGGGTGG,0,1822887
hdeAp2,0.5,1,1,CGGCTTGTAATCGCACCGAG,0,1771795
hdeAp2,0.5,1,1,CGGCGTGCTAGTTAAGGCAA,0,1788749
hdeAp2,0.5,1,1,CGGCGTACACAGCAGCGACT,0,1788214
hdeAp2,0.5,1,1,CGGCGGTTGGGGTTAACAGT,0,1814103
hdeAp2,0.5,1,1,CGGCGGGGAAGTAAGTGCCA,0,1806668
hdeAp2,0.5,1,1,CGGCGCATCAGGCGGTGATT,0,1782163
hdeAp2,0.5,1,1,CGGCGAGATAATGACAGTCG,0,1813287
hdeAp2,0.5,1,1,CGGCCTGTGCGTTTACTAGG,0,1818936
hdeAp2,0.5,1,1,CGGCCGCGACAAGATAACAG,0,1804977
hdeAp2,0.5,1,1,CGGCCAAGATCAGCCTCTGT,0,1814216
hdeAp2,0.5,1,1,CGGCACTGCTGGGGGACCGG,0,1826327
hdeAp2,0.5,1,1,CGGCAACTCGAGCGGTTCAC,0,1774040
hdeAp2,0.5,1,1,CGGATGGCTAATGTGGGCTG,0,1785975
hdeAp2,0.5,1,1,CGGAGTCTACTCAGCAATGA,0,1816475
hdeAp2,0.5,1,1,CGGAGTAGTGGTCTGTAGGT,0,1819720
hdeAp2,0.5,1,1,CGGAGGCCTTTTTAGTGCTA,0,1813510
hdeAp2,0.5,1,1,CGGACGTAAGGAGGGACCAA,0,1789423
hdeAp2,0.5,1,1,CGGACGAGTAGTCGGCCGAG,0,1788139
hdeAp2,0.5,1,1,CGGACATTAGTGCCAGGGCA,0,1780384
hdeAp2,0.5,1,1,CGGAATCAGAAATTTCGGGG,0,1772123
hdeAp2,0.5,1,1,CGGAAGCCAGCAATCGAACT,0,1788417
hdeAp2,0.5,1,1,CGCTTGCCTCTCTTCGAACA,0,1809662
hdeAp2,0.5,1,1,CGCTTCCCCAGCTGAACCTG,0,1778657
hdeAp2,0.5,1,1,CGCTGGAAGTCCCCGCATAG,0,1818342
hdeAp2,0.5,1,1,CGCTGCTCAGCGCGAACCTC,0,1811005
hdeAp2,0.5,1,1,CGCTGCATGTCGGTTATACC,0,1803001
hdeAp2,0.5,1,1,CGCTGAGGCTTCTTACTAGG,0,1796130
hdeAp2,0.5,1,1,CGCTCGTGGGCACTGCAACT,0,1823828
hdeAp2,0.5,1,1,CGCTCGAGCGCCGAACTTAA,0,1808868
hdeAp2,0.5,1,1,CGCTAGATAGGCTTGGAGTA,0,1772455
hdeAp2,0.5,1,1,CGCGTATATTTGTCGGGAGG,0,1807544
hdeAp2,0.5,1,1,CGCGTACGCGTGAGACTAAA,0,1812089
hdeAp2,0.5,1,1,CGCGGGTACTCTTGGTGTCT,0,1778539
hdeAp2,0.5,1,1,CGCGGGGCTCGTGTTCGGCT,0,1782555
hdeAp2,0.5,1,1,CGCGGGCCGGACACGGGAGG,0,1795463
hdeAp2,0.5,1,1,CGCGGCGAACGTGACAGTTC,0,1772934
hdeAp2,0.5,1,1,CGCGGCATCACGCAGACTTG,0,1806028
hdeAp2,0.5,1,1,CGCGCATAGAACGACGGGGG,0,1781180
hdeAp2,0.5,1,1,CGCGCAGTTGGCGTGACAAG,0,1806357
hdeAp2,0.5,1,1,CGCGAATATCACACAGAAGC,0,1805459
hdeAp2,0.5,1,1,CGCGAAGACCTGGTGATAGG,0,1794451
hdeAp2,0.5,1,1,CGCGAACATAGGCTGCTAGG,0,1781148
hdeAp2,0.5,1,1,CGCCTAAGTCCCAAGGACCA,0,1810095
hdeAp2,0.5,1,1,CGCCGGCACATCCATGAGAG,0,1781579
hdeAp2,0.5,1,1,CGCCCTCTTAACAGGTTCTT,0,1787984
hdeAp2,0.5,1,1,CGCCCGGGTACTGTTGCGAA,0,1813970
hdeAp2,0.5,1,1,CGCCCCGACTAAGATCACTC,0,1786297
hdeAp2,0.5,1,1,CGCCCCAGCGCCTCCAACGC,0,1777968
hdeAp2,0.5,1,1,CGCCCATGTGCAATAAAGTC,0,1801729
hdeAp2,0.5,1,1,CGCCACGCGCAACGCCGTAT,0,1802852
hdeAp2,0.5,1,1,CGCCAACCATCTCTTTGGCG,0,1793294
hdeAp2,0.5,1,1,CGCATATAGGTGATTCGATG,0,1812997
hdeAp2,0.5,1,1,CGCAGTGAAATGCATGCCTT,0,1779951
hdeAp2,0.5,1,1,CGCACGCGCGTGAAGTGGAC,0,1800834
hdeAp2,0.5,1,1,CGCACGATCACTAAGCACCA,0,1780214
hdeAp2,0.5,1,1,CGCACACACACGTAGAATAC,0,1805127
hdeAp2,0.5,1,1,CGCACAAACTTCGGGGCAAC,0,1776076
hdeAp2,0.5,1,1,CGCAAGATGATTTGTGCTTT,0,1828342
hdeAp2,0.5,1,1,CGCAAGAAGCTTTTAGGGGG,0,1808862
hdeAp2,0.5,1,1,CGCAAACTACGTAGGTCAAA,0,1815244
hdeAp2,0.5,1,1,CGCAAACCGGTGATTAGCCA,0,1808099
hdeAp2,0.5,1,1,CGCAAAAGGCCGTGCATAAG,0,1777806
hdeAp2,0.5,1,1,CGATTGAGCCAGGGATGACT,0,1791998
hdeAp2,0.5,1,1,CGATTCCTGGAACAGAAAGT,0,1825197
hdeAp2,0.5,1,1,CGATTCCGACCGAACCTCTC,0,1774627
hdeAp2,0.5,1,1,CGATTAGACGTTGGCCACAA,0,1771516
hdeAp2,0.5,1,1,CGATCCACATTGCATGGTCT,0,1796440
hdeAp2,0.5,1,1,CGATCATGGTGGGCTGGACC,0,1818286
hdeAp2,0.5,1,1,CGATCACGTACCAGGGATCG,0,1826393
hdeAp2,0.5,1,1,CGAGTGCTATGGAGATTGCG,0,1798686
hdeAp2,0.5,1,1,CGAGTGACACACTAAAGCCA,0,1800419
hdeAp2,0.5,1,1,CGAGTGAACGCAAGGTAAGT,0,1798337
hdeAp2,0.5,1,1,CGAGGATGGTTAAACTAGGT,0,1806902
hdeAp2,0.5,1,1,CGAGCTTCTCGCCATTATGT,0,1808441
hdeAp2,0.5,1,1,CGAGCTAACTATTACTTAGA,0,1798438
hdeAp2,0.5,1,1,CGAGCAGTAGAGAAGCTGCA,0,1777398
hdeAp2,0.5,1,1,CGAGAGGCATCTTCCCTTCC,0,1796606
hdeAp2,0.5,1,1,CGACTCAGAGGGTTGACGTG,0,1782766
hdeAp2,0.5,1,1,CGACGGACTTTTGATTCAGA,0,1784686
hdeAp2,0.5,1,1,CGACCTTTTGTTAAATTTAA,0,1772692
hdeAp2,0.5,1,1,CGACCGTGCTGAGTGCGGCC,0,1817210
hdeAp2,0.5,1,1,CGACCGAACATCGTCGGCGA,0,1774751
hdeAp2,0.5,1,1,CGACCAAGAGGCCAAGACAT,0,1802841
hdeAp2,0.5,1,1,CGACCAACGTATGCTTTTAT,0,1795217
hdeAp2,0.5,1,1,CGACAGACTTCTACTTCCGG,0,1810248
hdeAp2,0.5,1,1,CGACAACACTGTACCCCTTT,0,1811716
hdeAp2,0.5,1,1,CGAATGAGGCCTTAAGCAAT,0,1780408
hdeAp2,0.5,1,1,CGAAGTTACGCCACTGGGAC,0,1815442
hdeAp2,0.5,1,1,CGAAGTATGCAATCGAGCGA,0,1788561
hdeAp2,0.5,1,1,CGAAGGGTACCGTTCGAATA,0,1821024
hdeAp2,0.5,1,1,CGAAGGCGGCCCACGCGCCA,0,1788660
hdeAp2,0.5,1,1,CGAAGGAGTCACTTCAGCCA,0,1772179
hdeAp2,0.5,1,1,CGAACTGATTTGACATAGAG,0,1808306
hdeAp2,0.5,1,1,CGAAATGGTTTAGGACACGG,0,1798113
hdeAp2,0.5,1,1,CGAAATATGTCTCTTCCGAG,0,1797131
hdeAp2,0.5,1,1,CGAAAAGACGCTCCCTTCGG,0,1803376
hdeAp2,0.5,1,1,CCTTTACATCATAACGCTAT,0,1804128
hdeAp2,0.5,1,1,CCTTGCTGAGCTCCCTCTTT,0,1822204
hdeAp2,0.5,1,1,CCTTCGAAGAGATCGGCTCA,0,1811852
hdeAp2,0.5,1,1,CCTTCACTTTCATAGGGAGG,0,1790563
hdeAp2,0.5,1,1,CCTTCACCGGGGAGGAGATG,0,1817443
hdeAp2,0.5,1,1,CCTGTTTGCGAGTTCTGGTC,0,1776877
hdeAp2,0.5,1,1,CCTGGGTCTAAGGGGAGTTG,0,1791837
hdeAp2,0.5,1,1,CCTGCCAGGCGAGCTAGATG,0,1828436
hdeAp2,0.5,1,1,CCTGATGGAAGAAAGTGTCG,0,1798298
hdeAp2,0.5,1,1,CCTGAATCCCTCGGGGCCTC,0,1796843
hdeAp2,0.5,1,1,CCTGAACGTGGTAGGCGTAA,0,1784252
hdeAp2,0.5,1,1,CCTCTGTGCTCCTGTCATGT,0,1803100
hdeAp2,0.5,1,1,CCTCTGCTGTTAGTCTAAAT,0,1777011
hdeAp2,0.5,1,1,CCTCTCGTGTTCATATCACT,0,1785486
hdeAp2,0.5,1,1,CCTCGGGCCGTCGTACAGGC,0,1795054
hdeAp2,0.5,1,1,CCTCGGCGCTGTCCGACCGT,0,1782621
hdeAp2,0.5,1,1,CCTCGCGGCGAGGATATGAC,0,1800037
hdeAp2,0.5,1,1,CCTCGAATTCGGCGGCACGT,0,1788380
hdeAp2,0.5,1,1,CCTCGAATCATGATTAACGA,0,1816981
hdeAp2,0.5,1,1,CCTCCGCAGACCAGTCCATC,0,1808922
hdeAp2,0.5,1,1,CCTCCCCGCTTGGAACTGCC,0,1807730
hdeAp2,0.5,1,1,CCTCATCTGGACATACTAAT,0,1820559
hdeAp2,0.5,1,1,CCTATGGGCTTCGATGTTAG,0,1793637
hdeAp2,0.5,1,1,CCTATCCTTGAACCCCTACC,0,1828127
hdeAp2,0.5,1,1,CCTATATTCGAGGTGTCTGA,0,1801788
hdeAp2,0.5,1,1,CCTAGTTTAGTAAGCCACTT,0,1808834
hdeAp2,0.5,1,1,CCTACGGGTGCATGGTCAAA,0,1804949
hdeAp2,0.5,1,1,CCTACAGCGTCCGGGCGACA,0,1790677
hdeAp2,0.5,1,1,CCTAATCTACGCCTTCCACC,0,1804271
hdeAp2,0.5,1,1,CCGTTTCGTCCACACTATGT,0,1823831
hdeAp2,0.5,1,1,CCGTTTAGGCTCGACGCCAC,0,1772713
hdeAp2,0.5,1,1,CCGTTAAGTCTCAAGCCTTG,0,1789563
hdeAp2,0.5,1,1,CCGTGTTACGCATGGGCGTG,0,1804928
hdeAp2,0.5,1,1,CCGTGGGTGGGCATACCGGG,0,1805214
hdeAp2,0.5,1,1,CCGTGGCAACCGGGGGTGCA,0,1785025
hdeAp2,0.5,1,1,CCGTGCTTACGCGTACAGGG,0,1787455
hdeAp2,0.5,1,1,CCGTCGTCGCCTTCGGCAAT,0,1803347
hdeAp2,0.5,1,1,CCGTAATAAGGAACCCGGCG,0,1793342
hdeAp2,0.5,1,1,CCGTAAGAAGAGACTCTCTC,0,1806991
hdeAp2,0.5,1,1,CCGGTCCGGTGATGAACGCA,0,1784289
hdeAp2,0.5,1,1,CCGGTCCGCGCCGACGGTTG,0,1817516
hdeAp2,0.5,1,1,CCGGTCAACAGGTACTCCGT,0,1791377
hdeAp2,0.5,1,1,CCGGGTTAGGCGCGTCATGC,0,1825226
hdeAp2,0.5,1,1,CCGGGGTCCTGAGACTCGGA,0,1778330
hdeAp2,0.5,1,1,CCGGGCTGGGGACTCATGAT,0,1812725
hdeAp2,0.5,1,1,CCGGGCCTGGAGCTCGCACT,0,1824550
hdeAp2,0.5,1,1,CCGGGAGCTGCTTTCAGCCG,0,1800835
hdeAp2,0.5,1,1,CCGGCGCCGGAAAATCCTTC,0,1827663
hdeAp2,0.5,1,1,CCGGCCGCGCCTATCTTCTC,0,1815943
hdeAp2,0.5,1,1,CCGGATGTCACGTAATTCGG,0,1789438
hdeAp2,0.5,1,1,CCGGATCGAGGGTGCGACCT,0,1805736
hdeAp2,0.5,1,1,CCGGACATCGTGTTATGGCT,0,1785175
hdeAp2,0.5,1,1,CCGGAATAATTATCGTTCGA,0,1782543
hdeAp2,0.5,1,1,CCGGAACGATCTGCACGTAG,0,1776204
hdeAp2,0.5,1,1,CCGGAACCCTGTCCGTTTTG,0,1824453
hdeAp2,0.5,1,1,CCGCTCGAGGAACGGATTCT,0,1776838
hdeAp2,0.5,1,1,CCGCGTGAAGGTTCGAGGGA,0,1826059
hdeAp2,0.5,1,1,CCGCGGACTCTGGTAGCTGC,0,1771288
hdeAp2,0.5,1,1,CCGCGCGTGCGATACTGTTT,0,1789308
hdeAp2,0.5,1,1,CCGCGCGGTACCTGACACGA,0,1808438
hdeAp2,0.5,1,1,CCGCCTTGCTTCTCCGTAAT,0,1828375
hdeAp2,0.5,1,1,CCGCCAGTCTTGGTGGAAAT,0,1804063
hdeAp2,0.5,1,1,CCGCCAAAACCAAATATCTG,0,1787588
hdeAp2,0.5,1,1,CCGCAGTACTCTAATTTGCT,0,1800808
hdeAp2,0.5,1,1,CCGATGGTTTCGGCATCGTG,0,1790247
hdeAp2,0.5,1,1,CCGATGCAAGCCGGTATATG,0,1819972
hdeAp2,0.5,1,1,CCGATCGGTTCTAGTTGTTG,0,1779203
hdeAp2,0.5,1,1,CCGAGTGTACAGCTGACGCC,0,1773170
hdeAp2,0.5,1,1,CCGAGTGCATGCACTCAGCA,0,1794658
hdeAp2,0.5,1,1,CCGAGTCGGGGACTCTGCAA,0,1820746
hdeAp2,0.5,1,1,CCGACCAACATCAGTGGAAC,0,1780154
hdeAp2,0.5,1,1,CCGACAAAATCCTAAGCCAA,0,1811518
hdeAp2,0.5,1,1,CCCTTTTCTGACTGCACCCA,0,1813018
hdeAp2,0.5,1,1,CCCTTGGAACGTTCGCCACA,0,1824200
hdeAp2,0.5,1,1,CCCTTGAGGGAGACGATTGC,0,1826054
hdeAp2,0.5,1,1,CCCTTCGCCCCGATCTAAGT,0,1798925
hdeAp2,0.5,1,1,CCCTGTCAAATGACTGCGCA,0,1784278
hdeAp2,0.5,1,1,CCCTGGCGGGGGCCTGAGAA,0,1793649
hdeAp2,0.5,1,1,CCCTCGGAGTCAAGAGCGTG,0,1777995
hdeAp2,0.5,1,1,CCCTCAGTACAAAATATATG,0,1812099
hdeAp2,0.5,1,1,CCCGGTTTCTCGGAACTTAC,0,1783034
hdeAp2,0.5,1,1,CCCGGGTAATGTCTACCCAT,0,1828197
hdeAp2,0.5,1,1,CCCGGCCAGACCGAGCCGAC,0,1818081
hdeAp2,0.5,1,1,CCCGGACATTATGTTAAAGA,0,1781156
hdeAp2,0.5,1,1,CCCCGTGTATCAAAATGACC,0,1778180
hdeAp2,0.5,1,1,CCCCGTAACTCCGTCGGTAG,0,1798419
hdeAp2,0.5,1,1,CCCCGGTCTTTGGCCATCTG,0,1786260
hdeAp2,0.5,1,1,CCCCGGAAAAATAGGGAATT,0,1808841
hdeAp2,0.5,1,1,CCCCCCCAGATACGCGGGCA,0,1823187
hdeAp2,0.5,1,1,CCCCAACTCCTCCATAACTG,0,1772814
hdeAp2,0.5,1,1,CCCATTTACCTAGCATCATT,0,1815190
hdeAp2,0.5,1,1,CCCATGTGCAGAATACTTAA,0,1792235
hdeAp2,0.5,1,1,CCCATCTGTATAAGTAGAAA,0,1785294
hdeAp2,0.5,1,1,CCCATCGGAAACGGTCGGGA,0,1816501
hdeAp2,0.5,1,1,CCCATCGCTATATCCCCCTC,0,1782337
hdeAp2,0.5,1,1,CCCATCCACAACCGACTTAC,0,1778259
hdeAp2,0.5,1,1,CCCAGGGTCCTTTGGTTCTT,0,1784805
hdeAp2,0.5,1,1,CCCAGGAGGCGCCGGTGTTC,0,1787003
hdeAp2,0.5,1,1,CCCACTCCTATTCGGAAACG,0,1776559
hdeAp2,0.5,1,1,CCCACGTATGATCGTAGAGT,0,1771207
hdeAp2,0.5,1,1,CCCACGGCGAGAATTCAAGA,0,1779520
hdeAp2,0.5,1,1,CCATTTGAGCGTTATTACCT,0,1781799
hdeAp2,0.5,1,1,CCATTGCCTTACCTAAGTCC,0,1808772
hdeAp2,0.5,1,1,CCATGTACCCTGGACCGCAA,0,1810507
hdeAp2,0.5,1,1,CCATGCAGCTCGATCTAGGT,0,1808613
hdeAp2,0.5,1,1,CCATCGGACGCTAGAACGAG,0,1804451
hdeAp2,0.5,1,1,CCATCCTTGTGATAGGCGAC,0,1807170
hdeAp2,0.5,1,1,CCATCCTCTGGGATAGCAGC,0,1780765
hdeAp2,0.5,1,1,CCATCATTGCCAACGATCCC,0,1814323
hdeAp2,0.5,1,1,CCATATAGGACATCTCTCGG,0,1809986
hdeAp2,0.5,1,1,CCATAATTTCTGACAATAAC,0,1798700
hdeAp2,0.5,1,1,CCAGTGTCCGAAGCGCCGGC,0,1800858
hdeAp2,0.5,1,1,CCAGTGGGTTCGAAAGAAAT,0,1783110
hdeAp2,0.5,1,1,CCAGTACGGAAACTGCATGC,0,1782394
hdeAp2,0.5,1,1,CCAGGTCCAGGAGAGAAGGG,0,1827520
hdeAp2,0.5,1,1,CCAGGTAGAGCAAACATATC,0,1816213
hdeAp2,0.5,1,1,CCAGGGTGAGGACACTCACT,0,1799815
hdeAp2,0.5,1,1,CCAGGGCTCTTCAGGCAGAG,0,1788195
hdeAp2,0.5,1,1,CCAGGGCGTCCGTCACGGCG,0,1792822
hdeAp2,0.5,1,1,CCAGGGAAAACAGCCCTTGC,0,1802568
hdeAp2,0.5,1,1,CCAGGCCCGGACTCTAATTT,0,1774498
hdeAp2,0.5,1,1,CCAGGAGCGGAACGTTCAGT,0,1816384
hdeAp2,0.5,1,1,CCAGCGGGGCTGAGCTAGCT,0,1803872
hdeAp2,0.5,1,1,CCAGCGACGGCGAACGAGGT,0,1789278
hdeAp2,0.5,1,1,CCAGCGAATTGAATACACGT,0,1785720
hdeAp2,0.5,1,1,CCAGATGGCTGCCAAGTAAC,0,1799505
hdeAp2,0.5,1,1,CCAGAAAGCACACTAATCAA,0,1787105
hdeAp2,0.5,1,1,CCACTGTTGGATCGTGGCCA,0,1805494
hdeAp2,0.5,1,1,CCACTAAGCACCCGGTAGGC,0,1796400
hdeAp2,0.5,1,1,CCACGATACTGCCCAGATCT,0,1792551
hdeAp2,0.5,1,1,CCACCCCCTAGAGAAATTAT,0,1790465
hdeAp2,0.5,1,1,CCACACCTCAGAAAGGGAGT,0,1783275
hdeAp2,0.5,1,1,CCACAAGTCGGTACTGTCGA,0,1803848
hdeAp2,0.5,1,1,CCAATCTGAGCTACCAAATA,0,1824435
hdeAp2,0.5,1,1,CCAAGGGTTACCAGGGCCGC,0,1823092
hdeAp2,0.5,1,1,CCAAGGCGGAACAAACATTA,0,1827470
hdeAp2,0.5,1,1,CCAAAAATTTGCGGTGTAGA,0,1820239
hdeAp2,0.5,1,1,CATTTTTAGCTTGAGTCCTG,0,1816103
hdeAp2,0.5,1,1,CATTTTCTGTGTTGGTAAAA,0,1809926
hdeAp2,0.5,1,1,CATTTCCTACTCATACCCCA,0,1804197
hdeAp2,0.5,1,1,CATTTAGTTGACAGCTGGTA,0,1794816
hdeAp2,0.5,1,1,CATTTAGAGAGGAGGGCTGG,0,1820631
hdeAp2,0.5,1,1,CATTGTTCAGGATTTTCGTG,0,1782920
hdeAp2,0.5,1,1,CATTGTTATATTCTAGCGTA,0,1827519
hdeAp2,0.5,1,1,CATTGCCGCGAAGGGAAGGC,0,1811735
hdeAp2,0.5,1,1,CATTCGTCCACACATCTTAT,0,1819548
hdeAp2,0.5,1,1,CATTATGCTTATGTTACGCG,0,1796736
hdeAp2,0.5,1,1,CATTAGTGCGCAACGGATCG,0,1794198
hdeAp2,0.5,1,1,CATTACCTAGGCACAAGTCT,0,1777384
hdeAp2,0.5,1,1,CATTAATCACCAATTTTAGG,0,1819342
hdeAp2,0.5,1,1,CATGTCCATCGGAAACCGTA,0,1801381
hdeAp2,0.5,1,1,CATGGTTGTTGGTCCTATCT,0,1808167
hdeAp2,0.5,1,1,CATGGGCTTCGCTGCTTTTT,0,1800253
hdeAp2,0.5,1,1,CATGGCTGGAGCCGCCACGT,0,1821561
hdeAp2,0.5,1,1,CATGCGGGTGGCGATATTGG,0,1801604
hdeAp2,0.5,1,1,CATGCAACTTGTCCGAATTC,0,1822586
hdeAp2,0.5,1,1,CATCTGCGGGTGGGAATTTA,0,1819943
hdeAp2,0.5,1,1,CATCTACGGTGATGACGTGC,0,1792652
hdeAp2,0.5,1,1,CATCGTTCTACGCCCATCAG,0,1806192
hdeAp2,0.5,1,1,CATCCCCCATGGCATCATGA,0,1815633
hdeAp2,0.5,1,1,CATCCAGCATAATCAAGCGA,0,1799737
hdeAp2,0.5,1,1,CATCACTGTGATCCCTAGTG,0,1821947
hdeAp2,0.5,1,1,CATATGTCTCGTGCGCAGAC,0,1789550
hdeAp2,0.5,1,1,CATAGGGCAAACGCACAGAA,0,1825123
hdeAp2,0.5,1,1,CATAGGAGCCAAGCTCTTGC,0,1790530
hdeAp2,0.5,1,1,CATACTTAGACCTGTGTTAG,0,1773026
hdeAp2,0.5,1,1,CATACGATTAGGCTCAAAGA,0,1811648
hdeAp2,0.5,1,1,CATACGAAGGTACGCCTTTG,0,1799845
hdeAp2,0.5,1,1,CATACAGGCTTAGAAAGATG,0,1808057
hdeAp2,0.5,1,1,CATAAGGTCCTCGAGCGCTC,0,1794026
hdeAp2,0.5,1,1,CATAAGCGTAGACATTCCAG,0,1811704
hdeAp2,0.5,1,1,CATAAGCGGGTGAATGCTAG,0,1820805
hdeAp2,0.5,1,1,CATAAAAATTCACTCCAGCG,0,1823990
hdeAp2,0.5,1,1,CAGTTTTGGCCACCTGGGTT,0,1773739
hdeAp2,0.5,1,1,CAGTTTCATGCTCATCTTTT,0,1817690
hdeAp2,0.5,1,1,CAGTTGGGCACTTGTATCCG,0,1804149
hdeAp2,0.5,1,1,CAGTGCTATCACCATAAGCA,0,1783396
hdeAp2,0.5,1,1,CAGTGCACTCCAATAGTTGT,0,1794231
hdeAp2,0.5,1,1,CAGTCTTCCATAATGCGTAC,0,1774981
hdeAp2,0.5,1,1,CAGTCGGGGATATGTGTGTC,0,1775452
hdeAp2,0.5,1,1,CAGTCCCCTCGTGCCGCATG,0,1812175
hdeAp2,0.5,1,1,CAGTCACCGAAAATTAATTT,0,1807256
hdeAp2,0.5,1,1,CAGTCAAGTAATGTACCCGC,0,1786756
hdeAp2,0.5,1,1,CAGTATCGTTGGGTTTCTAA,0,1793411
hdeAp2,0.5,1,1,CAGTATCGCCGGCGCCGCTT,0,1816509
hdeAp2,0.5,1,1,CAGTAGCCGATGTAATGAGG,0,1776049
hdeAp2,0.5,1,1,CAGGTTAGCCTTAACCCATT,0,1782721
hdeAp2,0.5,1,1,CAGGTACAGTCTGTCAGAGC,0,1811914
hdeAp2,0.5,1,1,CAGGGTCCCTGAATACTGGA,0,1778079
hdeAp2,0.5,1,1,CAGGGGGTAGCTTCCGCGGT,0,1812496
hdeAp2,0.5,1,1,CAGGGGACCATGGTAGCGTC,0,1788957
hdeAp2,0.5,1,1,CAGGGGAATCGACTACGAAA,0,1785046
hdeAp2,0.5,1,1,CAGGGCCTATCGGCCCCTCT,0,1821671
hdeAp2,0.5,1,1,CAGGGACTATAGTTCCTAGC,0,1784989
hdeAp2,0.5,1,1,CAGGCTGTCGTCACAGAAGT,0,1828221
hdeAp2,0.5,1,1,CAGGCATTTGACCCCCAGAA,0,1782823
hdeAp2,0.5,1,1,CAGGCATTATCCGTTCGAGT,0,1777216
hdeAp2,0.5,1,1,CAGGATATTGGAGCTGCGGG,0,1821900
hdeAp2,0.5,1,1,CAGGACTGCTGGAAACGGGA,0,1788691
hdeAp2,0.5,1,1,CAGGACACCCCCCGAAGCTT,0,1827515
hdeAp2,0.5,1,1,CAGGAAAAAGCAGTCTACTT,0,1801172
hdeAp2,0.5,1,1,CAGCCGTTATAGCAACGTAT,0,1809791
hdeAp2,0.5,1,1,CAGCCGCATAGGAGTAAGTT,0,1820923
hdeAp2,0.5,1,1,CAGCCCGCGCAAGCCATCTG,0,1798459
hdeAp2,0.5,1,1,CAGCCCATAAGATAAGCATC,0,1800658
hdeAp2,0.5,1,1,CAGCCAGTGCTTGCGGAGTC,0,1819811
hdeAp2,0.5,1,1,CAGCATATGTGAAAAGACCA,0,1818449
hdeAp2,0.5,1,1,CAGCACAATTTTGGTCCAGC,0,1820265
hdeAp2,0.5,1,1,CAGATTGCGACAGCACAAAA,0,1816315
hdeAp2,0.5,1,1,CAGATCCTAAGAGGTATCTG,0,1798436
hdeAp2,0.5,1,1,CAGATATTGCAGGCTGAGAT,0,1786900
hdeAp2,0.5,1,1,CAGAGGTATACGTACCGGCC,0,1782336
hdeAp2,0.5,1,1,CAGAGCGCAAGTTTCAGAAA,0,1787841
hdeAp2,0.5,1,1,CAGAGATATGCCTGAGGCTA,0,1820028
hdeAp2,0.5,1,1,CAGAGATAACAGCACTGATA,0,1777090
hdeAp2,0.5,1,1,CAGAGAGTATCCATTAGCCG,0,1793263
hdeAp2,0.5,1,1,CAGACCTTGTAAGTTGCTTT,0,1806922
hdeAp2,0.5,1,1,CAGAAGGTTTAGAGGTCGCG,0,1815058
hdeAp2,0.5,1,1,CAGAAGGCTCTATGCGATAG,0,1811730
hdeAp2,0.5,1,1,CAGAACTTCCTGCACACAAA,0,1815330
hdeAp2,0.5,1,1,CACTTGTAGCGAATTTACAG,0,1826163
hdeAp2,0.5,1,1,CACTTGGCAAACCTAGGATC,0,1800646
hdeAp2,0.5,1,1,CACTTGAGGTCGCACGTGTC,0,1806811
hdeAp2,0.5,1,1,CACTTACAGCCCCAATCAAT,0,1817272
hdeAp2,0.5,1,1,CACTGTGCTCTGCAAACTAC,0,1825147
hdeAp2,0.5,1,1,CACTGGGTACTGGCCGTCCT,0,1796478
hdeAp2,0.5,1,1,CACGTTTACCATGCAGCGGT,0,1787746
hdeAp2,0.5,1,1,CACGTCAAATTTTCGAGAGG,0,1795030
hdeAp2,0.5,1,1,CACGGCGATTGCTACACGGT,0,1815526
hdeAp2,0.5,1,1,CACGCCAAAAAGCACGAGTT,0,1773204
hdeAp2,0.5,1,1,CACGAGACGGGGCAATAGAT,0,1786887
hdeAp2,0.5,1,1,CACGACCTGAACATCCAAAC,0,1827824
hdeAp2,0.5,1,1,CACCTGGTGGCTAGTCGGCC,0,1794067
hdeAp2,0.5,1,1,CACCTCGCAAGCACTAGCCA,0,1794175
hdeAp2,0.5,1,1,CACCGCGCCCGAGAGGAGGG,0,1785553
hdeAp2,0.5,1,1,CACCCTTCGTTCACCAGTTC,0,1781609
hdeAp2,0.5,1,1,CACCCTCTATCCTCGCATGT,0,1782408
hdeAp2,0.5,1,1,CACCCTCGACTCAGTCTCTC,0,1802102
hdeAp2,0.5,1,1,CACCCCTTGGTTCAGCACGT,0,1816589
hdeAp2,0.5,1,1,CACCCAGTAGGGAAGCGGCC,0,1789769
hdeAp2,0.5,1,1,CACCATGACGCCCTGGTCAG,0,1771804
hdeAp2,0.5,1,1,CACCACCTAAGCCCTTTTGG,0,1803222
hdeAp2,0.5,1,1,CACATAAGCACTAACCCAGG,0,1778265
hdeAp2,0.5,1,1,CACAGTCCCATGGCTCTCCT,0,1818965
hdeAp2,0.5,1,1,CACAGGCCGTGAAGAAAAAG,0,1779387
hdeAp2,0.5,1,1,CACAGACTGCTACCGTGTAC,0,1787000
hdeAp2,0.5,1,1,CACAACCGCCTCGACATCTG,0,1783954
hdeAp2,0.5,1,1,CACAAATCGCATACTCCCCT,0,1815534
hdeAp2,0.5,1,1,CACAAAGATGAGCGTAGGAT,0,1784774
hdeAp2,0.5,1,1,CAATGTTTTTCGAAACAGCT,0,1792127
hdeAp2,0.5,1,1,CAATGATAACTTCCGCGTAC,0,1819115
hdeAp2,0.5,1,1,CAATCTTAACTCGTCAATAG,0,1805410
hdeAp2,0.5,1,1,CAATCGGGAATCACACGTTT,0,1782648
hdeAp2,0.5,1,1,CAATCCGTAAGTCGCCACTT,0,1826179
hdeAp2,0.5,1,1,CAATCATGTGCTGGCCCAAC,0,1805218
hdeAp2,0.5,1,1,CAATATTAACTAGCCAGAAA,0,1786445
hdeAp2,0.5,1,1,CAATAGCAGTATATGTCACT,0,1772629
hdeAp2,0.5,1,1,CAAGGCCTATCTACCGTAGC,0,1807090
hdeAp2,0.5,1,1,CAAGCTTCATTAAGCAGAAT,0,1798713
hdeAp2,0.5,1,1,CAAGCTCATTCCCCATTGTA,0,1817065
hdeAp2,0.5,1,1,CAAGCCGCGTCATTTCACGG,0,1802195
hdeAp2,0.5,1,1,CAAGATCGCCGCTACTTGGC,0,1824535
hdeAp2,0.5,1,1,CAAGATACCATTGTGCACTC,0,1784066
hdeAp2,0.5,1,1,CAAGAGGTCGGGGTTGCACC,0,1773093
hdeAp2,0.5,1,1,CAAGAATCAAGTCAGAGTGT,0,1816580
hdeAp2,0.5,1,1,CAAGAACTCCCGGTTTTTGC,0,1823833
hdeAp2,0.5,1,1,CAACGGTCACACGTGTACAC,0,1820278
hdeAp2,0.5,1,1,CAACGATGCTACTTATATCG,0,1788675
hdeAp2,0.5,1,1,CAACGATATGCGGATGGAAG,0,1781906
hdeAp2,0.5,1,1,CAACCCGCGACTGACTTTAA,0,1784098
hdeAp2,0.5,1,1,CAACAGTCGAGAGGGATCCC,0,1821141
hdeAp2,0.5,1,1,CAACAGGTGGCAGTATCTTT,0,1807271
hdeAp2,0.5,1,1,CAACACTTCCGGCACATAGG,0,1824352
hdeAp2,0.5,1,1,CAACACTAGGCGTTGGCGCC,0,1796042
hdeAp2,0.5,1,1,CAACAAAATGAATGTGTTAC,0,1797031
hdeAp2,0.5,1,1,CAAATTTGTAGCCGCCGTAT,0,1784669
hdeAp2,0.5,1,1,CAAAGTCACGTTGGTTTCGC,0,1814857
hdeAp2,0.5,1,1,CAAACGAACGCTATTATAAG,0,1802502
hdeAp2,0.5,1,1,ATTTTTTGTGTTTACCGAGA,0,1826358
hdeAp2,0.5,1,1,ATTTTTCTGAGGAGGCGTCA,0,1817606
hdeAp2,0.5,1,1,ATTTTTAAACCGATCATTTC,0,1775788
hdeAp2,0.5,1,1,ATTTTACATTTAGGCTCCTA,0,1809008
hdeAp2,0.5,1,1,ATTTGTATACTAGGCCTCAA,0,1813551
hdeAp2,0.5,1,1,ATTTCTCGGAATATGGGTTC,0,1791727
hdeAp2,0.5,1,1,ATTTCGGGAGGTCATTCCAG,0,1783757
hdeAp2,0.5,1,1,ATTTCGCTTTCTCCAATGCG,0,1827560
hdeAp2,0.5,1,1,ATTTCGCGAAAGCTCCCTTT,0,1823287
hdeAp2,0.5,1,1,ATTTCGCCAGCAAGCCGTTA,0,1784847
hdeAp2,0.5,1,1,ATTTAGAATTGTAGTTCGCG,0,1798572
hdeAp2,0.5,1,1,ATTTAATATTGGACCATGAA,0,1797316
hdeAp2,0.5,1,1,ATTTAACGGTCGCGTAAAGA,0,1776015
hdeAp2,0.5,1,1,ATTGTTTTGTCTTTGTGTAG,0,1803125
hdeAp2,0.5,1,1,ATTGGCTGGCCCCGATAAAT,0,1787091
hdeAp2,0.5,1,1,ATTGACTCGAGGGAAGGGAA,0,1794126
hdeAp2,0.5,1,1,ATTCTGTAGTACAACATTTG,0,1809486
hdeAp2,0.5,1,1,ATTCTAGTCTGCCGGAACCG,0,1790455
hdeAp2,0.5,1,1,ATTCGGGGATTAGCACTCGA,0,1792142
hdeAp2,0.5,1,1,ATTCGGAGTGGGTGCCGCAA,0,1815793
hdeAp2,0.5,1,1,ATTCGCAACAAAGGAAGTAG,0,1810401
hdeAp2,0.5,1,1,ATTCGATGACAGGATGCGCG,0,1786455
hdeAp2,0.5,1,1,ATTCCTGCAATATTTAGATC,0,1792631
hdeAp2,0.5,1,1,ATTCCTCCTATCTGACTGCT,0,1805062
hdeAp2,0.5,1,1,ATTCCCTCACACAGGAGCCC,0,1803948
hdeAp2,0.5,1,1,ATTCATATTTACCGGTCTAT,0,1773193
hdeAp2,0.5,1,1,ATTATGTAGTTGTACGCTAC,0,1826780
hdeAp2,0.5,1,1,ATTATGTACTCGGGGAATCG,0,1828541
hdeAp2,0.5,1,1,ATTATGATCCAACGGGCGGC,0,1778224
hdeAp2,0.5,1,1,ATTATCGGGTTTCTAGTCTA,0,1828761
hdeAp2,0.5,1,1,ATTAGGGACCTTTCCGTATA,0,1807611
hdeAp2,0.5,1,1,ATTAGGCACCTGTCACAACA,0,1771510
hdeAp2,0.5,1,1,ATTACCGCGGCCTGGCTGTA,0,1796513
hdeAp2,0.5,1,1,ATTAATCCAACCACTTAGGA,0,1778214
hdeAp2,0.5,1,1,ATTAACCCGGGATTTCACGG,0,1777005
hdeAp2,0.5,1,1,ATTAAACTTGGGTTCAAGCG,0,1802006
hdeAp2,0.5,1,1,ATGTTTGGTACAGTATCCGT,0,1810700
hdeAp2,0.5,1,1,ATGTTTATAACGAGGATCGG,0,1791497
hdeAp2,0.5,1,1,ATGTTGCTCGTAGCTGATTG,0,1783559
hdeAp2,0.5,1,1,ATGTTCCCTCGCAGGGTCGG,0,1823427
hdeAp2,0.5,1,1,ATGTCTATTGCGTGGCACCA,0,1804432
hdeAp2,0.5,1,1,ATGTCCGCATAAGTTCGGAC,0,1773189
hdeAp2,0.5,1,1,ATGGTTAACGTGGTCTGTAT,0,1785498
hdeAp2,0.5,1,1,ATGGTGTCGCCCTACGTGTT,0,1795510
hdeAp2,0.5,1,1,ATGGGGAACTGCTCAGAAAG,0,1785921
hdeAp2,0.5,1,1,ATGGGCACGCGTTAGTGGTT,0,1811558
hdeAp2,0.5,1,1,ATGGCTAAAGGTATATTAAC,0,1806748
hdeAp2,0.5,1,1,ATGGCCGCGTCCGGAAAATT,0,1821509
hdeAp2,0.5,1,1,ATGGATGAAGCGGTTGGCCA,0,1823818
hdeAp2,0.5,1,1,ATGGATAACCAGAACACGTG,0,1793610
hdeAp2,0.5,1,1,ATGGAGAGAGGACGCTGATA,0,1823497
hdeAp2,0.5,1,1,ATGCTCATACGGTCGCACGT,0,1785271
hdeAp2,0.5,1,1,ATGCGTGACTACAGTTGTAA,0,1787845
hdeAp2,0.5,1,1,ATGCGGGCAAATCTTCCAAT,0,1823004
hdeAp2,0.5,1,1,ATGCGGCATCTCTGCGGTTT,0,1825126
hdeAp2,0.5,1,1,ATGCGAATAACAGCGGGCTG,0,1784445
hdeAp2,0.5,1,1,ATGCCCTTATGGAGTTTATT,0,1810791
hdeAp2,0.5,1,1,ATGCCCCAACCCTGGTCCTT,0,1790855
hdeAp2,0.5,1,1,ATGCCACCACCAGACTGACT,0,1789969
hdeAp2,0.5,1,1,ATGCATTGCATCATATTATC,0,1819337
hdeAp2,0.5,1,1,ATGATTCGCTCATTAGGGTT,0,1774516
hdeAp2,0.5,1,1,ATGATGACTAGGTTTGTGAC,0,1776859
hdeAp2,0.5,1,1,ATGAGTGAGGGGTCGGAGGA,0,1826768
hdeAp2,0.5,1,1,ATGAGTACGGACCCAGCCGT,0,1824509
hdeAp2,0.5,1,1,ATGACGGTTCAACCCACAGC,0,1802543
hdeAp2,0.5,1,1,ATGACGGCGGATCGTTCGCA,0,1778679
hdeAp2,0.5,1,1,ATGACCGTGGGAGAGAACTA,0,1781050
hdeAp2,0.5,1,1,ATGAAGGCTAGGATTCATGG,0,1804416
hdeAp2,0.5,1,1,ATCTTTCAGGGTAAGAGATA,0,1823018
hdeAp2,0.5,1,1,ATCTTAGTCTAGGATCTTAA,0,1820473
hdeAp2,0.5,1,1,ATCTTAGGGTTCGACTCCTT,0,1785829
hdeAp2,0.5,1,1,ATCTGGCAGAACTGTGACAT,0,1773190
hdeAp2,0.5,1,1,ATCTGCGAAGCAATGTCTTA,0,1816447
hdeAp2,0.5,1,1,ATCTGCCGGGGGTTTTCTAA,0,1800936
hdeAp2,0.5,1,1,ATCTGAATTTGTCCCTTCAC,0,1783517
hdeAp2,0.5,1,1,ATCTCTTCTAGACAAGGCGG,0,1824834
hdeAp2,0.5,1,1,ATCTCGCGAAGCTAGCAGGC,0,1810273
hdeAp2,0.5,1,1,ATCTAGTGTGGATTATATTC,0,1802796
hdeAp2,0.5,1,1,ATCTAGGCGGGACACTAGAG,0,1803988
hdeAp2,0.5,1,1,ATCTAAACGACTTGATCATC,0,1788199
hdeAp2,0.5,1,1,ATCGTTGCGGATTGGTGAAT,0,1806409
hdeAp2,0.5,1,1,ATCGTCGAAAGCATAAAGGT,0,1819277
hdeAp2,0.5,1,1,ATCGGCGTTTACGTCCACTG,0,1772425
hdeAp2,0.5,1,1,ATCGCCTGGGTACGAGGCAT,0,1803004
hdeAp2,0.5,1,1,ATCGAATCAAATTCATAAGG,0,1802037
hdeAp2,0.5,1,1,ATCCTTGGGTAAGACGTAAA,0,1807599
hdeAp2,0.5,1,1,ATCCTGGGCAATGCAAAGGC,0,1791680
hdeAp2,0.5,1,1,ATCCTACGATAAGCAATTTA,0,1809850
hdeAp2,0.5,1,1,ATCCGAAGATTCAGTCAGCA,0,1806432
hdeAp2,0.5,1,1,ATCCATACGCAAGTCATTTT,0,1806183
hdeAp2,0.5,1,1,ATCCAGGTGCAAAATGAACG,0,1784224
hdeAp2,0.5,1,1,ATCCACCCGGTGTCTGACAC,0,1800169
hdeAp2,0.5,1,1,ATCCAAGGCACCTATCGACT,0,1778477
hdeAp2,0.5,1,1,ATCATCGCTTCCCTTCTTAG,0,1793593
hdeAp2,0.5,1,1,ATCATCGCCGGACGTCAGGG,0,1790110
hdeAp2,0.5,1,1,ATCAGGAGAGAGGGTTTCTT,0,1819403
hdeAp2,0.5,1,1,ATCAGACACGCTTATTGTAA,0,1780770
hdeAp2,0.5,1,1,ATCAATGAGAAGAAGGTGAC,0,1828417
hdeAp2,0.5,1,1,ATCAAACTTAACAATAATGT,0,1772411
hdeAp2,0.5,1,1,ATATTTTGGTAGAACTTCGG,0,1821628
hdeAp2,0.5,1,1,ATATTGTATTGTGTAACGAA,0,1823240
hdeAp2,0.5,1,1,ATATTCATGTAAAGATGTAA,0,1811292
hdeAp2,0.5,1,1,ATATTAACGAATTGTCAACA,0,1775480
hdeAp2,0.5,1,1,ATATGTGAACCGTCCACCAA,0,1819382
hdeAp2,0.5,1,1,ATATGGGAGCGCGAAGTGCA,0,1819154
hdeAp2,0.5,1,1,ATATGGAGAATGCCAGCCAT,0,1776367
hdeAp2,0.5,1,1,ATATCTCGCCGGACGTTGGT,0,1789354
hdeAp2,0.5,1,1,ATATCACGGGTTACATGCGC,0,1820549
hdeAp2,0.5,1,1,ATATATTCTAGAATCAGATA,0,1795626
hdeAp2,0.5,1,1,ATATATTATCCGAACTTGTA,0,1819965
hdeAp2,0.5,1,1,ATATACCAAGACGGAGGAAT,0,1817980
hdeAp2,0.5,1,1,ATAGTGCACCGATGGCAGTC,0,1777229
hdeAp2,0.5,1,1,ATAGGGTAGGCCATTTCCAG,0,1784124
hdeAp2,0.5,1,1,ATAGGATGACCGGGGGTAGA,0,1779950
hdeAp2,0.5,1,1,ATAGGAGGCAATCCCTATCA,0,1795250
hdeAp2,0.5,1,1,ATAGCTAAGATGGATATGGT,0,1806049
hdeAp2,0.5,1,1,ATACTCTACGATGTCGATCA,0,1774128
hdeAp2,0.5,1,1,ATACGTATATCACAACCTCC,0,1789987
hdeAp2,0.5,1,1,ATACGATTGAGGATTCCAGC,0,1796605
hdeAp2,0.5,1,1,ATACGAATGCGCCGCGAGTG,0,1806219
hdeAp2,0.5,1,1,ATACCACGGCGGCCATGTGA,0,1822634
hdeAp2,0.5,1,1,ATACAAAGGACGACAGTGAA,0,1792554
hdeAp2,0.5,1,1,ATAATAGCTGCAGTTGGGGT,0,1796742
hdeAp2,0.5,1,1,ATAATAACACACACTCCTGC,0,1780593
hdeAp2,0.5,1,1,ATAACTTGAGCCAGCGGAAT,0,1823731
hdeAp2,0.5,1,1,ATAACTGGGTGTGCTGAATG,0,1792615
hdeAp2,0.5,1,1,ATAACTAAAATAAGGTATCG,0,1818068
hdeAp2,0.5,1,1,ATAACCTAATCTGCCGGCCC,0,1819857
hdeAp2,0.5,1,1,ATAAAAACTCGTATATTGCC,0,1822199
hdeAp2,0.5,1,1,AGTTTTAGGGGTGTACGTTT,0,1777214
hdeAp2,0.5,1,1,AGTTTCAACGAAAGTTAGTG,0,1815503
hdeAp2,0.5,1,1,AGTTGGGAACGGCGAGTATG,0,1817576
hdeAp2,0.5,1,1,AGTTGCTCACGCCTGGCCTC,0,1807009
hdeAp2,0.5,1,1,AGTTGATACGGACCAATTAG,0,1817223
hdeAp2,0.5,1,1,AGTTCCGGGGTGTACGCCAA,0,1801250
hdeAp2,0.5,1,1,AGTTCACGCTACTCATCTCC,0,1806615
hdeAp2,0.5,1,1,AGTTAGGACATAAAAACTCA,0,1823400
hdeAp2,0.5,1,1,AGTTACCGTACTCAGTCATT,0,1771255
hdeAp2,0.5,1,1,AGTTAAGGTAGTTGATAGAA,0,1802302
hdeAp2,0.5,1,1,AGTGTAGCTATATTTAACGG,0,1793365
hdeAp2,0.5,1,1,AGTGGCGCGCCTCTCGATAA,0,1828482
hdeAp2,0.5,1,1,AGTGGATAGTAGGGGTGTAA,0,1813192
hdeAp2,0.5,1,1,AGTGCGTTTGTAATCATTCC,0,1810480
hdeAp2,0.5,1,1,AGTGCGTCAACTTCAACGTA,0,1815230
hdeAp2,0.5,1,1,AGTGATAGGCATTCGTTCGA,0,1827460
hdeAp2,0.5,1,1,AGTGAATATTGCTTCACCGG,0,1804124
hdeAp2,0.5,1,1,AGTGAAACCCCGTGTACGCA,0,1771403
hdeAp2,0.5,1,1,AGTCTTGCACTCGGAAATCA,0,1815925
hdeAp2,0.5,1,1,AGTCGTGTGCAATTCTCGCA,0,1826563
hdeAp2,0.5,1,1,AGTCGGGCCGCCTACAGTCG,0,1782854
hdeAp2,0.5,1,1,AGTCGCAGACCGGAGCTCAG,0,1781397
hdeAp2,0.5,1,1,AGTCCGCAATTGAATAAGAG,0,1806098
hdeAp2,0.5,1,1,AGTCATGGGAGAGAAAGTTA,0,1816571
hdeAp2,0.5,1,1,AGTCAGTCTGACCTGATGGC,0,1773226
hdeAp2,0.5,1,1,AGTCACTATACGTTCGACAC,0,1811037
hdeAp2,0.5,1,1,AGTATGTACAAGCCTAGAGA,0,1785806
hdeAp2,0.5,1,1,AGTAGAGCCTCAAATAGTTC,0,1795183
hdeAp2,0.5,1,1,AGTACTTCGGTAGTATTGTG,0,1771509
hdeAp2,0.5,1,1,AGTACGGGCTGATTGTTGGA,0,1789858
hdeAp2,0.5,1,1,AGTACGAGTGTGACGCAGAC,0,1772322
hdeAp2,0.5,1,1,AGTAAGAAGAACAGCTACGT,0,1824694
hdeAp2,0.5,1,1,AGTAAACGGAACTTAGAGCT,0,1775880
hdeAp2,0.5,1,1,AGGTGTTTTCTATTAGATAC,0,1793420
hdeAp2,0.5,1,1,AGGTGTAAGGATTACAGGAT,0,1797018
hdeAp2,0.5,1,1,AGGTCTTGTAGGTGAAATGG,0,1804799
hdeAp2,0.5,1,1,AGGTCTGCACGAGTACATTC,0,1807100
hdeAp2,0.5,1,1,AGGTCCTCGGCTGCTTGAGC,0,1773998
hdeAp2,0.5,1,1,AGGTCAGCGTTAACCGTCGT,0,1800756
hdeAp2,0.5,1,1,AGGTAGCCGAGACATACTTA,0,1780203
hdeAp2,0.5,1,1,AGGTAGAAAGGCTAATAGGA,0,1799597
hdeAp2,0.5,1,1,AGGGTCACCATACGCGGGGT,0,1801290
hdeAp2,0.5,1,1,AGGGTACCAGGAACAGAATC,0,1802865
hdeAp2,0.5,1,1,AGGGGTCATAATGTTTTTAT,0,1783612
hdeAp2,0.5,1,1,AGGGGCACCGAGTTAAGTGA,0,1783674
hdeAp2,0.5,1,1,AGGGGATCTGTTCAATGTCA,0,1808976
hdeAp2,0.5,1,1,AGGGCGTCGCATCTTTCAAG,0,1780072
hdeAp2,0.5,1,1,AGGGCGTACAATCGTCACCT,0,1785920
hdeAp2,0.5,1,1,AGGGCGACTACTTCCACCTA,0,1781277
hdeAp2,0.5,1,1,AGGGCAGCCACACGTGTACT,0,1809348
hdeAp2,0.5,1,1,AGGGATCATTTAAGAGAGAT,0,1786265
hdeAp2,0.5,1,1,AGGCTCCAGCCTTATGTCGA,0,1781728
hdeAp2,0.5,1,1,AGGCGTGACGATCCTAACTC,0,1802326
hdeAp2,0.5,1,1,AGGCGGAGTCCTCCGGAACA,0,1784078
hdeAp2,0.5,1,1,AGGCCTCACTAAACCGTTCC,0,1820056
hdeAp2,0.5,1,1,AGGCCGCCAGACAACACGTA,0,1818758
hdeAp2,0.5,1,1,AGGCCCCGAACGTGCATAGC,0,1794244
hdeAp2,0.5,1,1,AGGATTCCCGTTTAAATATT,0,1774956
hdeAp2,0.5,1,1,AGGAGTTCGTGCACCAACAC,0,1802283
hdeAp2,0.5,1,1,AGGAGTGGGCCGAACGCAGT,0,1828282
hdeAp2,0.5,1,1,AGGACGTTGCGATTCCGCCT,0,1785698
hdeAp2,0.5,1,1,AGGACCTTATCACGCCTTAC,0,1822695
hdeAp2,0.5,1,1,AGGACCTGAATGTCTGCGGC,0,1811374
hdeAp2,0.5,1,1,AGGACAGAGTATTCATTACA,0,1821799
hdeAp2,0.5,1,1,AGCTTTTAGGCATCTATTCG,0,1808932
hdeAp2,0.5,1,1,AGCTTTTACGTGCCTTAAGT,0,1773742
hdeAp2,0.5,1,1,AGCTTGCGAATAAATGATAG,0,1820987
hdeAp2,0.5,1,1,AGCTTCATCCTGAGTTGCCC,0,1788946
hdeAp2,0.5,1,1,AGCTGTCAAGCTTCAAACTT,0,1788082
hdeAp2,0.5,1,1,AGCTCTCGGGACCGTTCCCA,0,1814745
hdeAp2,0.5,1,1,AGCTCGCATGGTTACCTCTC,0,1824546
hdeAp2,0.5,1,1,AGCTACGATGCCTTCGTCAT,0,1789710
hdeAp2,0.5,1,1,AGCTAAGTTTGGGCCATGTC,0,1776193
hdeAp2,0.5,1,1,AGCGTTGAATTTAGTAGCAG,0,1773643
hdeAp2,0.5,1,1,AGCGTAGTATAGAGATGGAG,0,1815991
hdeAp2,0.5,1,1,AGCGTAGTAAATTACCGTAA,0,1803742
hdeAp2,0.5,1,1,AGCGGTGAGGGGGATCCCGG,0,1801759
hdeAp2,0.5,1,1,AGCGGGTGGCACCTCAAAAT,0,1811310
hdeAp2,0.5,1,1,AGCGGGCGTATAGCGCAGTA,0,1819900
hdeAp2,0.5,1,1,AGCGGCCTAGCGGGGTCACG,0,1811400
hdeAp2,0.5,1,1,AGCGGAGAAGTTCGGCTTAA,0,1782092
hdeAp2,0.5,1,1,AGCGCGTATACTCTTCGGCA,0,1794748
hdeAp2,0.5,1,1,AGCGCCGGCTTGCGGGATCG,0,1821772
hdeAp2,0.5,1,1,AGCGAATGGATATAACTCTG,0,1772487
hdeAp2,0.5,1,1,AGCGAAGTAGCTTGCCATGC,0,1771739
hdeAp2,0.5,1,1,AGCCTGGTTGTAAGAAAAGT,0,1772646
hdeAp2,0.5,1,1,AGCCTAAATGGTTTCGTTGA,0,1805637
hdeAp2,0.5,1,1,AGCCGATGCTTATGGTTGTA,0,1776506
hdeAp2,0.5,1,1,AGCATGAGGATAGCACAGAT,0,1823708
hdeAp2,0.5,1,1,AGCAGCTGTCTGCTGTTTCA,0,1821274
hdeAp2,0.5,1,1,AGCACCGTGAGTTTGACACA,0,1795372
hdeAp2,0.5,1,1,AGCAAGTCATTGCTGTATAA,0,1827410
hdeAp2,0.5,1,1,AGCAACGGCTACTCTATCTC,0,1817327
hdeAp2,0.5,1,1,AGCAAAGATCCCCCTGGTTT,0,1776981
hdeAp2,0.5,1,1,AGATTCGAGTGTTTCCATGG,0,1778793
hdeAp2,0.5,1,1,AGATGTCCCGAACCCGGGGG,0,1781345
hdeAp2,0.5,1,1,AGATGATGGGCCTAGAGCAT,0,1812973
hdeAp2,0.5,1,1,AGATGAAACTGAGTAGTGTA,0,1804179
hdeAp2,0.5,1,1,AGATCGGTTAGCGGCCTGCA,0,1789477
hdeAp2,0.5,1,1,AGATCCTTCTGTAGAGTGAC,0,1822277
hdeAp2,0.5,1,1,AGATATCGCTTGGTTGTGCT,0,1821118
hdeAp2,0.5,1,1,AGATATATAGTCGTGGGCAA,0,1827970
hdeAp2,0.5,1,1,AGATACTAACGAGACGGCAT,0,1815387
hdeAp2,0.5,1,1,AGATAAAGATCTGGACATAA,0,1797079
hdeAp2,0.5,1,1,AGAGCCAAACTCAGATACGC,0,1797861
hdeAp2,0.5,1,1,AGAGATGATCTCCTGGCTGT,0,1774219
hdeAp2,0.5,1,1,AGAGAGGAACTGGACGAGCC,0,1817762
hdeAp2,0.5,1,1,AGACTTCCCTAACGCGCTTA,0,1822918
hdeAp2,0.5,1,1,AGACGTAGCCTAGATTATCT,0,1814013
hdeAp2,0.5,1,1,AGACGGTCTCCAGCCGATCC,0,1817270
hdeAp2,0.5,1,1,AGACCCCAGGGACGGACTCT,0,1810268
hdeAp2,0.5,1,1,AGACATGAAATCGGTAGCTC,0,1823282
hdeAp2,0.5,1,1,AGACACGGGGTACTAACTCC,0,1793638
hdeAp2,0.5,1,1,AGACACACGGGAGCAAAGCA,0,1784099
hdeAp2,0.5,1,1,AGACAAGAGTATTTGTGCGG,0,1800115
hdeAp2,0.5,1,1,AGAATTTTGGGCCGTATGAA,0,1826425
hdeAp2,0.5,1,1,AGAAGTTTGCTAGATACGAA,0,1788966
hdeAp2,0.5,1,1,AGAAGGTTTTAATCACTAAG,0,1789869
hdeAp2,0.5,1,1,AGAAGCTTCGACTCGACTAT,0,1780021
hdeAp2,0.5,1,1,AGAAGAATTGCCGAGTCCCT,0,1799739
hdeAp2,0.5,1,1,AGAAGAAGGACACCGGGCCA,0,1824505
hdeAp2,0.5,1,1,AGAACGTAAGGGCCTGATAT,0,1790439
hdeAp2,0.5,1,1,AGAACCGACCTCTCAAGATT,0,1812770
hdeAp2,0.5,1,1,AGAACACAATAACAGGTTAC,0,1779353
hdeAp2,0.5,1,1,AGAACAATATATAACCTGGC,0,1790448
hdeAp2,0.5,1,1,ACTTTTTGCCAATGCCAACA,0,1823921
hdeAp2,0.5,1,1,ACTTTATAGTTTATTTGGCA,0,1817176
hdeAp2,0.5,1,1,ACTTGGGGATGCAATTCCCC,0,1814207
hdeAp2,0.5,1,1,ACTTGGATTGACGGCTTAGA,0,1822028
hdeAp2,0.5,1,1,ACTTCGTTCTGATACTCTCC,0,1802178
hdeAp2,0.5,1,1,ACTTATGCTGAATCCCAGCT,0,1823236
hdeAp2,0.5,1,1,ACTTATCGGATTAACTGGAG,0,1816983
hdeAp2,0.5,1,1,ACTTACGGCATTATAACTAT,0,1792396
hdeAp2,0.5,1,1,ACTGTTTCGCCAGTACCAAT,0,1794183
hdeAp2,0.5,1,1,ACTGTGGAGCCAGTCGCGCT,0,1789089
hdeAp2,0.5,1,1,ACTGTCGTTGTCTTACCAAC,0,1810527
hdeAp2,0.5,1,1,ACTGTCCGTAGACGGGAAAT,0,1782786
hdeAp2,0.5,1,1,ACTGACATTATTAGTGTCGC,0,1813672
hdeAp2,0.5,1,1,ACTCTGAGGCCAGGCTAAAT,0,1800679
hdeAp2,0.5,1,1,ACTCTCGAGCCAAGCCACTA,0,1818744
hdeAp2,0.5,1,1,ACTCCCTATCTTACTGGACC,0,1775878
hdeAp2,0.5,1,1,ACTCAGTCGCGTAAACCGTA,0,1819454
hdeAp2,0.5,1,1,ACTCACTCTCTAACGGGCAG,0,1811134
hdeAp2,0.5,1,1,ACTCACCCACTTGACACTTA,0,1811638
hdeAp2,0.5,1,1,ACTATGCAGTACTACGGGCA,0,1790507
hdeAp2,0.5,1,1,ACTATCACGACAGGGTTCTT,0,1791102
hdeAp2,0.5,1,1,ACTACTCGGTCCTTCCTCAC,0,1804576
hdeAp2,0.5,1,1,ACGTTGTGATCCTTTCACTG,0,1798627
hdeAp2,0.5,1,1,ACGTGTGTAGCCCGATCCAC,0,1798977
hdeAp2,0.5,1,1,ACGTGGTGGAGTGACTGCTC,0,1772321
hdeAp2,0.5,1,1,ACGTGGCGGTCACCTCGTCA,0,1787359
hdeAp2,0.5,1,1,ACGTGACGCGTTTGTTCAGC,0,1801702
hdeAp2,0.5,1,1,ACGTCTCCGGTACTCAGGCT,0,1810080
hdeAp2,0.5,1,1,ACGTATCCCTTTTCATCTAG,0,1786372
hdeAp2,0.5,1,1,ACGTATATGACCATTGTATT,0,1824878
hdeAp2,0.5,1,1,ACGTAGGCGACGGATGCCTA,0,1800480
hdeAp2,0.5,1,1,ACGTACCGAAAAGACGCAAA,0,1793735
hdeAp2,0.5,1,1,ACGTACACATATAATACCTC,0,1780102
hdeAp2,0.5,1,1,ACGTAAAGCGACCAACGCCC,0,1807701
hdeAp2,0.5,1,1,ACGGTTGAGCTTTGTGATTT,0,1772008
hdeAp2,0.5,1,1,ACGGTCCTGAGGACCGATTA,0,1807060
hdeAp2,0.5,1,1,ACGGTACGCTGCCCAGGATA,0,1795011
hdeAp2,0.5,1,1,ACGGTACGCGCCGTTTCACA,0,1775782
hdeAp2,0.5,1,1,ACGGGTAGCAGGCGAAGTTT,0,1807607
hdeAp2,0.5,1,1,ACGGGCTTGTACAACGAGTA,0,1806639
hdeAp2,0.5,1,1,ACGGGCTGAGACGAGCAAAG,0,1802038
hdeAp2,0.5,1,1,ACGGCATTTCAGGGGAGGGT,0,1791716
hdeAp2,0.5,1,1,ACGGAGTTTATGCCCTGACG,0,1798247
hdeAp2,0.5,1,1,ACGGAGAAAACCGTGCTCAT,0,1776104
hdeAp2,0.5,1,1,ACGGACTCTCACATGAAACG,0,1822679
hdeAp2,0.5,1,1,ACGGAATGGTCACTTATCCC,0,1786908
hdeAp2,0.5,1,1,ACGCTTGTTCCGGCTCATCT,0,1805829
hdeAp2,0.5,1,1,ACGCTGCGCATCCGGACTGG,0,1799750
hdeAp2,0.5,1,1,ACGCTCGCTGGTGCTTATCG,0,1787648
hdeAp2,0.5,1,1,ACGCGACGGATATCGGAGGG,0,1773303
hdeAp2,0.5,1,1,ACGCCTCTCGCTTCAAGACC,0,1822037
hdeAp2,0.5,1,1,ACGCCGGGCTTCTTCTTTCA,0,1817378
hdeAp2,0.5,1,1,ACGATCTTCGTACCAACCGA,0,1804963
hdeAp2,0.5,1,1,ACGATATACAGCAGGGTAAC,0,1777191
hdeAp2,0.5,1,1,ACGAGAACGAGTCTAGTGAG,0,1809374
hdeAp2,0.5,1,1,ACGACGGACGCCCTGATAGA,0,1818607
hdeAp2,0.5,1,1,ACCTTTTTGCGCATACAAAT,0,1790026
hdeAp2,0.5,1,1,ACCTTAGTGAACGCAGTCTT,0,1792484
hdeAp2,0.5,1,1,ACCTGGTCGATGAAACCCCC,0,1818844
hdeAp2,0.5,1,1,ACCTGGCTCTGGTTCAGGCT,0,1801451
hdeAp2,0.5,1,1,ACCTGCCTCATGAGATGTAA,0,1826098
hdeAp2,0.5,1,1,ACCTGCCTCATCTAAGGAAC,0,1816653
hdeAp2,0.5,1,1,ACCTAGATGCGGCCTTAAGA,0,1802084
hdeAp2,0.5,1,1,ACCGTTCCCGGGTTATCTTG,0,1795084
hdeAp2,0.5,1,1,ACCGTAAAACGTTCGCTAGC,0,1823611
hdeAp2,0.5,1,1,ACCGGCGCGCGGGGCGCTAC,0,1812992
hdeAp2,0.5,1,1,ACCGGAGGATATGCCGTATA,0,1804858
hdeAp2,0.5,1,1,ACCGCTCGGTAGACCCTGGA,0,1771267
hdeAp2,0.5,1,1,ACCGCGACAGCATATAATGA,0,1816198
hdeAp2,0.5,1,1,ACCGCATTCTCTTGTTTAAT,0,1773963
hdeAp2,0.5,1,1,ACCGACTACTAGAAGTTATA,0,1816607
hdeAp2,0.5,1,1,ACCGACGACCGGAATCTTCT,0,1780835
hdeAp2,0.5,1,1,ACCGACCCTGTGAATGAGCA,0,1781963
hdeAp2,0.5,1,1,ACCCTAGACCGGATGTGATC,0,1805162
hdeAp2,0.5,1,1,ACCCGGGACAGAAAGTGGAG,0,1774605
hdeAp2,0.5,1,1,ACCCGCGTTGGAACAGGAAC,0,1792329
hdeAp2,0.5,1,1,ACCCCCGAACGATCTCGAAA,0,1784529
hdeAp2,0.5,1,1,ACCCAGTATTACTACGAGCA,0,1800219
hdeAp2,0.5,1,1,ACCCAGTAGCTTAAGGCGAC,0,1786854
hdeAp2,0.5,1,1,ACCCACCTGGGAAATACCTA,0,1792179
hdeAp2,0.5,1,1,ACCATTCGGAATGAACTTCT,0,1784536
hdeAp2,0.5,1,1,ACCATAGGCATGCGGACGAC,0,1809345
hdeAp2,0.5,1,1,ACCACTTACAGCACTACGTG,0,1802305
hdeAp2,0.5,1,1,ACCACCTGCAGTGTTCTCTA,0,1825268
hdeAp2,0.5,1,1,ACCACAACGTGGTGCCATCT,0,1789747
hdeAp2,0.5,1,1,ACCAATGCTCCATTATAAGT,0,1783956
hdeAp2,0.5,1,1,ACATTTTAATTTTAGTACCC,0,1804667
hdeAp2,0.5,1,1,ACATGTTCGGGTAACGAGAA,0,1801255
hdeAp2,0.5,1,1,ACATGGCATGGACGAGCATT,0,1798802
hdeAp2,0.5,1,1,ACATGCCGTAGAGAGATATC,0,1784547
hdeAp2,0.5,1,1,ACATCTTAAGGTCGTTACGG,0,1822453
hdeAp2,0.5,1,1,ACATCGCTCGTAGGGGGCAA,0,1803653
hdeAp2,0.5,1,1,ACATCGAGTCAAGCCACAAG,0,1772852
hdeAp2,0.5,1,1,ACATCCCTATTATGGTGCAA,0,1814253
hdeAp2,0.5,1,1,ACATCAGCAGGTGGAGGGGA,0,1815200
hdeAp2,0.5,1,1,ACATACTTAATTACTATAAC,0,1813117
hdeAp2,0.5,1,1,ACATAAATCTGCTAGAACAG,0,1808705
hdeAp2,0.5,1,1,ACATAAAGGAATAAAAGAGT,0,1785767
hdeAp2,0.5,1,1,ACAGTCGGACGCTCCCCAGA,0,1819458
hdeAp2,0.5,1,1,ACAGTCAGTGTTTAGGAGCG,0,1808636
hdeAp2,0.5,1,1,ACAGGTCCGAATAAGGCCGA,0,1791036
hdeAp2,0.5,1,1,ACAGGTCATCCGACTGTTAA,0,1797816
hdeAp2,0.5,1,1,ACAGGGTAGCGTGCCTAAAA,0,1815572
hdeAp2,0.5,1,1,ACAGGGTAATTCAACGAGCC,0,1790399
hdeAp2,0.5,1,1,ACAGGGATAAGGAGATCAGG,0,1820538
hdeAp2,0.5,1,1,ACAGGCCAGTCCTCAGTCCT,0,1802027
hdeAp2,0.5,1,1,ACAGGACGGAGCTAGTCCCT,0,1820632
hdeAp2,0.5,1,1,ACAGCTCGTCCTTCGGCGGC,0,1828468
hdeAp2,0.5,1,1,ACAGCTAGCCCTACATACTA,0,1810854
hdeAp2,0.5,1,1,ACAGAGTCAGCACTAGACCA,0,1801209
hdeAp2,0.5,1,1,ACAGAGGACCTTCATGAACA,0,1792730
hdeAp2,0.5,1,1,ACAGACCCAGTAGCCCAATG,0,1779947
hdeAp2,0.5,1,1,ACACTCTAAGAGCGCACGTG,0,1783478
hdeAp2,0.5,1,1,ACACGCGCTCTGGTGATCAT,0,1793852
hdeAp2,0.5,1,1,ACACCGCCCCAGCGCGAGGG,0,1779836
hdeAp2,0.5,1,1,ACAAGAGCGTCTGGGGGCAG,0,1814521
hdeAp2,0.5,1,1,ACAACTACTCCAGAATGGAG,0,1823502
hdeAp2,0.5,1,1,ACAACCCAAATTACGCATAT,0,1799572
hdeAp2,0.5,1,1,ACAACCACAATGTGGCGCGC,0,1801742
hdeAp2,0.5,1,1,ACAACAGCCCCCCAGGTAAC,0,1826478
hdeAp2,0.5,1,1,ACAAATTTGACGGACGTGTG,0,1792903
hdeAp2,0.5,1,1,ACAAAGTGAGGGGTGGGGGA,0,1787861
hdeAp2,0.5,1,1,ACAAAACAGAGTTAACAGGA,0,1819838
hdeAp2,0.5,1,1,AATTGCGCTGTGTTATCTGA,0,1814094
hdeAp2,0.5,1,1,AATTCGTTGCGACCCTAGTG,0,1806768
hdeAp2,0.5,1,1,AATTCGTAGCGGCTCCAATT,0,1791855
hdeAp2,0.5,1,1,AATTCAGATTTCGAACTGTC,0,1794657
hdeAp2,0.5,1,1,AATTCAATCCTGATCGTAAT,0,1797136
hdeAp2,0.5,1,1,AATTACTTCCCTGGTGCGTG,0,1782144
hdeAp2,0.5,1,1,AATTACGGCAATTATGAACC,0,1775036
hdeAp2,0.5,1,1,AATTACCGCGGTCTCTGATA,0,1818578
hdeAp2,0.5,1,1,AATTACCATAGGGCACTGCT,0,1807904
hdeAp2,0.5,1,1,AATGTGTCTGGTTCTGGAAG,0,1770964
hdeAp2,0.5,1,1,AATGGGTTCATAGTAAGGCG,0,1807664
hdeAp2,0.5,1,1,AATGGGCGTGCCTTTATCCC,0,1821235
hdeAp2,0.5,1,1,AATGGAGCGCATATAGGGTA,0,1816008
hdeAp2,0.5,1,1,AATGGAGCCTAATACTTCGT,0,1825087
hdeAp2,0.5,1,1,AATGCGCCATAGTTGCGCCC,0,1821674
hdeAp2,0.5,1,1,AATGATGCGAACTTGACCTC,0,1794559
hdeAp2,0.5,1,1,AATGACGGGGGGCTTCAGCT,0,1815427
hdeAp2,0.5,1,1,AATCGGGATGCTAGTCAGCG,0,1826360
hdeAp2,0.5,1,1,AATCCTAATGCCGAACGTAG,0,1807613
hdeAp2,0.5,1,1,AATCCCGTACAATGCGGGGT,0,1802473
hdeAp2,0.5,1,1,AATCCATCGTTGCAAAAAAT,0,1793612
hdeAp2,0.5,1,1,AATCCAGAAGACTAGCTTGT,0,1784852
hdeAp2,0.5,1,1,AATAGGGCATATCACTTTGC,0,1783298
hdeAp2,0.5,1,1,AATAGCACTATCTGTTCGGC,0,1807349
hdeAp2,0.5,1,1,AATAGACTGCCCTTAAGATA,0,1811289
hdeAp2,0.5,1,1,AATACCTATGGGGTACTTGA,0,1797671
hdeAp2,0.5,1,1,AATACCGAGTTCTATGGATG,0,1795051
hdeAp2,0.5,1,1,AATAAAGATGTGGTATGGTA,0,1798056
hdeAp2,0.5,1,1,AATAAAATCATAACCCTGTG,0,1783991
hdeAp2,0.5,1,1,AAGTTCCGCCTATCCACAGT,0,1777341
hdeAp2,0.5,1,1,AAGTGGAGAAGCGGGCATGC,0,1787429
hdeAp2,0.5,1,1,AAGTGCCACACATTGGCCGA,0,1786321
hdeAp2,0.5,1,1,AAGTCTCAAACCGCTTTTAG,0,1802107
hdeAp2,0.5,1,1,AAGTCGTATTGGTGCTCGAC,0,1783538
hdeAp2,0.5,1,1,AAGTCACGGCTAAAGATATA,0,1796155
hdeAp2,0.5,1,1,AAGTACCTATCTTTGGTCCA,0,1778023
hdeAp2,0.5,1,1,AAGTAATTCTCAACCACCTG,0,1819328
hdeAp2,0.5,1,1,AAGTAACATTGAGCGTTTTT,0,1815408
hdeAp2,0.5,1,1,AAGGGGGATGTTTGACTCAC,0,1798940
hdeAp2,0.5,1,1,AAGGCCTCAGAGGGGTCCGC,0,1792081
hdeAp2,0.5,1,1,AAGGCAAATTCGTGTGTGGA,0,1790957
hdeAp2,0.5,1,1,AAGGATTCCATGACTTGTGG,0,1796297
hdeAp2,0.5,1,1,AAGGACCCCCTCGAACTATT,0,1781240
hdeAp2,0.5,1,1,AAGGAACACTGGATCCAGAA,0,1793942
hdeAp2,0.5,1,1,AAGGAAAAAGATTTCTGAGG,0,1801648
hdeAp2,0.5,1,1,AAGCTGATCCTGGGTGCTAC,0,1805343
hdeAp2,0.5,1,1,AAGCTCGACGCAACCCTGGA,0,1796108
hdeAp2,0.5,1,1,AAGCGTTCTCAGAGTTGGTC,0,1789002
hdeAp2,0.5,1,1,AAGCGCGGCTTTTTTTAACG,0,1774694
hdeAp2,0.5,1,1,AAGCATGAAAGAAAGCACTG,0,1826225
hdeAp2,0.5,1,1,AAGATTGCCCGGCGTTACTA,0,1826896
hdeAp2,0.5,1,1,AAGATTAGATTTCAGTACCG,0,1780035
hdeAp2,0.5,1,1,AAGATACTCGAACGTCACGC,0,1778652
hdeAp2,0.5,1,1,AAGAGCAAGGTACCCTTTGC,0,1772302
hdeAp2,0.5,1,1,AAGACAAAACTTAGAGGTCG,0,1811157
hdeAp2,0.5,1,1,AAGAAAGCTTGACCAAAGCT,0,1771338
hdeAp2,0.5,1,1,AAGAAACCGTTAAAGGCGAC,0,1815289
hdeAp2,0.5,1,1,AACTTTGGCCATCACCAGAA,0,1772054
hdeAp2,0.5,1,1,AACTTTAACAACGTCGTGTC,0,1796349
hdeAp2,0.5,1,1,AACTGCTCTGGGGGTCGTCC,0,1795114
hdeAp2,0.5,1,1,AACTCACTTATTACGCTAAG,0,1773333
hdeAp2,0.5,1,1,AACTATTTAAGGCATGCTCA,0,1814374
hdeAp2,0.5,1,1,AACTATTAAAGGAATTCCTT,0,1817492
hdeAp2,0.5,1,1,AACGTTCGGGGCGGCTATTC,0,1819560
hdeAp2,0.5,1,1,AACGTTAGCTATAGCGTACT,0,1795262
hdeAp2,0.5,1,1,AACGTGATCAACTGCTCCAG,0,1786093
hdeAp2,0.5,1,1,AACGTCGGTACGGAATTTTA,0,1817747
hdeAp2,0.5,1,1,AACGTCCTTTATGCGTGAGT,0,1785872
hdeAp2,0.5,1,1,AACGGGAGAACAGCTCCCAG,0,1788864
hdeAp2,0.5,1,1,AACGGATTCTACTTTAGCGG,0,1780416
hdeAp2,0.5,1,1,AACGCGTACCGATGTCAGTA,0,1801728
hdeAp2,0.5,1,1,AACGATAGCACCTCGCCCGC,0,1805680
hdeAp2,0.5,1,1,AACCTTCGAGCGCAAGAATG,0,1805385
hdeAp2,0.5,1,1,AACCTTCGAAGCCACTTATC,0,1773156
hdeAp2,0.5,1,1,AACCTGATTAGCGTGGGTCC,0,1803714
hdeAp2,0.5,1,1,AACCTCTCAAAATGGTTCGA,0,1789557
hdeAp2,0.5,1,1,AACCGTTCAAAGCATCACTT,0,1782892
hdeAp2,0.5,1,1,AACCGCTAGGGAGCCAGGCT,0,1790051
hdeAp2,0.5,1,1,AACCGCAATTGCAGTCGCTT,0,1774312
hdeAp2,0.5,1,1,AACCCTAATGAGGACAACGC,0,1818966
hdeAp2,0.5,1,1,AACCATGTGCCGAAGCCATA,0,1819478
hdeAp2,0.5,1,1,AACCACCTAGCAAGATCGGC,0,1794487
hdeAp2,0.5,1,1,AACAGTTCCATAGCTATCGC,0,1801652
hdeAp2,0.5,1,1,AACAGCCACGTGACACCGTT,0,1776992
hdeAp2,0.5,1,1,AACAGATGTTCCGGTCAATA,0,1792614
hdeAp2,0.5,1,1,AACACGGGTTACGAAGGACC,0,1820389
hdeAp2,0.5,1,1,AACACATCCTGTCGATCAGT,0,1779435
hdeAp2,0.5,1,1,AACACACGGCTCATCCAGGG,0,1797284
hdeAp2,0.5,1,1,AACAAGACTGCGTTAACTCA,0,1818918
hdeAp2,0.5,1,1,AACAACAATTAATACACTTT,0,1783500
hdeAp2,0.5,1,1,AACAAAGAGACGGAGTCACA,0,1805605
hdeAp2,0.5,1,1,AAATTAAGGACACGGGAATG,0,1771241
hdeAp2,0.5,1,1,AAATGGTGTCTATGCGCGCC,0,1801151
hdeAp2,0.5,1,1,AAATGGTATCCTGGTTTAAC,0,1781429
hdeAp2,0.5,1,1,AAATGCGCTTTCCACATCGA,0,1798102
hdeAp2,0.5,1,1,AAATACTCGTCGTGACCTGC,0,1826363
hdeAp2,0.5,1,1,AAATAATTGATGTTTGGCGG,0,1797951
hdeAp2,0.5,1,1,AAAGTTTTGGACCGAGTTTT,0,1825733
hdeAp2,0.5,1,1,AAAGTAAAATAGCGACATAA,0,1781300
hdeAp2,0.5,1,1,AAAGGTCGTCCTCGATTGTC,0,1816228
hdeAp2,0.5,1,1,AAAGGGTTAGGGCTCCGCCC,0,1803278
hdeAp2,0.5,1,1,AAAGCTTGCCCTCGTAAGCG,0,1784453
hdeAp2,0.5,1,1,AAAGCTCTAACCGAAGTTGC,0,1807295
hdeAp2,0.5,1,1,AAAGCGTTTGACTCAGTCCC,0,1793584
hdeAp2,0.5,1,1,AAAGCGCGCCATTCTCTATC,0,1820826
hdeAp2,0.5,1,1,AAAGATGCATTCCTCCAACT,0,1814891
hdeAp2,0.5,1,1,AAAGAGATAATTTGTATTAA,0,1817288
hdeAp2,0.5,1,1,AAAGACGGCGAGTAGCCGTA,0,1776376
hdeAp2,0.5,1,1,AAAGAAGGAACCTTACAAAA,0,1808182
hdeAp2,0.5,1,1,AAAGAACTGTTACGCTATCT,0,1773681
hdeAp2,0.5,1,1,AAACTCGGTTTTGGACTACC,0,1798523
hdeAp2,0.5,1,1,AAACGGCGCCTGAACGGAAA,0,1791943
hdeAp2,0.5,1,1,AAACGGAACAATTGATCCGG,0,1801013
hdeAp2,0.5,1,1,AAACGCTGATTGCAGCGCCC,0,1780314
hdeAp2,0.5,1,1,AAACGACAACGTGGCACACA,0,1797140
hdeAp2,0.5,1,1,AAACCTCACAACACCATTAA,0,1777424
hdeAp2,0.5,1,1,AAACCATACTTTGAGGGAGC,0,1773641
hdeAp2,0.5,1,1,AAACCACGGATTAAGTTGCT,0,1808853
hdeAp2,0.5,1,1,AAACATTCCTACACTACCCC,0,1820490
hdeAp2,0.5,1,1,AAACATGTGGACCCCGACTT,0,1806161
hdeAp2,0.5,1,1,AAACAGGATCCATCCGAAGA,0,1796444
hdeAp2,0.5,1,1,AAACACGACACCCAAGGCTT,0,1823552
hdeAp2,0.5,1,1,AAACACATCTATAGTCCCGG,0,1817280
hdeAp2,0.5,1,1,AAACAACGACCAGGGGCCAG,0,1808502
hdeAp2,0.5,1,1,AAAATTGGGTGCCGAAACAT,0,1795260
hdeAp2,0.5,1,1,AAAATCCTGAGAGCTAGACC,0,1823624
hdeAp2,0.5,1,1,AAAAGTCGGCCACCCCGGTG,0,1814160
hdeAp2,0.5,1,1,AAAACACGAAGACAGATCAT,0,1804252
hdeAp2,0.5,1,1,AAAAATTGCCCATGAGTAGC,0,1778916
hdeAp2,0.5,1,1,AAAAAAGCTGACACGAGGCC,0,1793720
hdeAp2,212.0,211,0,TTTTGCCACATAGCCGTGTA,211,1788688
hdeAp2,212.0,211,0,AATCTGTGGGCGAAACCTGC,211,1821582
hdeAp2,180.0,179,0,TAACTCCCGGACACATGGGC,179,1781909
hdeAp2,180.0,179,0,AGACCTGTTAAATTCCGGTC,179,1794609
hdeAp2,175.0,174,0,ATTCTGGTTTCCGCTTGGGA,174,1828587
hdeAp2,129.0,128,0,GTCCGGTTTCCCTTGATCCA,128,1822278
hdeAp2,124.0,123,0,ACATAGGCCTAGTGAAGCGT,123,1783738
hdeAp2,120.0,119,0,GCCGTTTTCCGGTCCGAAAT,119,1821860
hdeAp2,119.0,118,0,ACATGTTACACGTGGAGACT,118,1774766
hdeAp2,115.0,114,0,CCATGGTGTGAGTCCAAGTG,114,1808072
hdeAp2,113.0,112,0,GAGGAGGTCTGGTAACAATT,112,1795125
hdeAp2,112.0,111,0,GGCCGCTCAGGATAGCTGGC,111,1827212
hdeAp2,112.0,111,0,AGAGATTTCCGGTTCCACCG,111,1812620
hdeAp2,111.0,110,0,TCTGGGAAAACGCAGCGATT,110,1816141
hdeAp2,110.0,109,0,TGGTTAACGCCCGCCCCTGT,109,1819054
hdeAp2,107.0,106,0,GCACAGCAGGGCATCGCTTT,106,1817572
hdeAp2,107.0,106,0,CCTACCAGTTTTGGTAACCC,106,1808658
hdeAp2,106.0,105,0,CCTTGTCTTCCGTAACGATT,105,1793785
hdeAp2,106.0,105,0,ACAATGGAAGTTCGAGAGGT,105,1826121
hdeAp2,105.0,104,0,TCTCTGGGCTTGATAGCAGC,104,1793121
hdeAp2,105.0,104,0,ACCCCCGGTTTGCGTTCCCC,104,1825783
hdeAp2,104.0,103,0,AAGCTTCCGCCCATCCAAGC,103,1780011
hdeAp2,103.0,102,0,ACCGCGGGAAGAGAGTTGCC,102,1819810
hdeAp2,99.0,98,0,TTACCTGTACTTGTACTTAG,98,1793070
hdeAp2,96.0,95,0,TGGGGCCAAGACTTAACTCC,95,1817098
hdeAp2,96.0,95,0,TGAACATCGCGTCTTAACGA,95,1814838
hdeAp2,96.0,95,0,GCAAACAAGTCGGAAGGCAG,95,1781691
hdeAp2,96.0,95,0,ATCGAGAAGATAGTGCTTTC,95,1778152
hdeAp2,94.0,93,0,GTGCAGCAGCAAGTCAGAAT,93,1815747
hdeAp2,94.0,93,0,CTAAAACAGTGCTGCACGGC,93,1810610
hdeAp2,92.0,91,0,TGGGCGTCCGCCGACGGTAA,91,1809488
hdeAp2,92.0,91,0,GGGCGTTCTTAATGTAGGAC,91,1792791
hdeAp2,91.0,90,0,GCAGGCGGCCGATTAGAGCC,90,1817557
hdeAp2,88.0,87,0,AAAAAGACGACGATGCACAA,87,1782021
hdeAp2,87.0,86,0,GCACATGAGAGTGTCATAGA,86,1780240
hdeAp2,87.0,86,0,CCTCACTATGTTGAAACGGT,86,1808802
hdeAp2,86.0,85,0,TATCGTTTCAAGGATAAAGG,85,1807463
hdeAp2,83.0,82,0,GTATAGAGGCAGTTCCATGG,82,1813302
hdeAp2,83.0,82,0,GATATCACGGATTGTGGGAT,82,1821583
hdeAp2,82.0,81,0,TATAGCGGTGCTAGGCATAC,81,1803192
hdeAp2,82.0,81,0,CGGTGCCTCCTGATTTTCCT,81,1821589
hdeAp2,81.0,80,0,TTAATTCACCAATACGCGGG,80,1777966
hdeAp2,77.0,76,0,CTAAGTCTGACAAACTAGAT,76,1821329
hdeAp2,76.0,75,0,TCCTGGTCGTCCCCATAGCG,75,1772079
hdeAp2,76.0,75,0,AATCGCGCTAAGTGACGAAG,75,1820096
hdeAp2,75.0,74,0,GGGTGGTAGGCTAATCGATT,74,1814740
hdeAp2,75.0,74,0,AGATCTGGATTTTAACTGCT,74,1801398
hdeAp2,72.0,71,0,ATACTTAGCAGGTCTTAGGG,71,1819559
hdeAp2,72.0,71,0,AGGATTGACTCCGCCGTGTT,71,1801414
hdeAp2,69.0,68,0,TTCAATGTCACAAGTCTAGT,68,1798074
hdeAp2,66.0,65,0,ACTGTCCGAGCCCCCATGTT,65,1785978
hdeAp2,62.0,61,0,TGTTTTATCCTTGCCCCGGG,61,1811326
hdeAp2,62.0,61,0,GTACGCTCGTCCGTTACGCC,61,1778580
hdeAp2,62.0,61,0,CCAACTCATGAATGTCCTAT,61,1825897
hdeAp2,60.0,59,0,CTTCCTGTAGTAGCCAACGA,59,1784381
hdeAp2,59.0,58,0,TCTAGAGCATGACGAGGATC,58,1811659
hdeAp2,59.0,58,0,CGGGTTGCCGAGCACCAAGT,58,1779362
hdeAp2,57.0,56,0,TCGCGTAGAAAAACCAGGTG,56,1790665
hdeAp2,55.0,54,0,ATTCACTTCGAGCATCGTAA,54,1809393
hdeAp2,51.0,50,0,AGACTTAAAGGGGACAAGAG,50,1788975
hdeAp2,50.0,49,0,TATTGGCTGCTGGACCGGTA,49,1823241
hdeAp2,49.0,48,0,ACTTGCTCTATCCGCGAGGG,48,1776502
hdeAp2,48.0,47,0,GCGTCCCGGCTGTGATCACT,47,1786530
hdeAp2,46.0,45,0,TACCCCCCAGTTACAAGAGA,45,1774700
hdeAp2,44.0,43,0,GCGAGTCCCGATTCGAGCGT,43,1793957
hdeAp2,44.0,43,0,GCAAACGTCTCAGGCCTAGC,43,1827904
hdeAp2,44.0,43,0,AGTATGACGTATCTGGAATC,43,1804663
hdeAp2,43.0,42,0,AGGGTGGTGAAATTACGTTA,42,1781648
hdeAp2,42.0,41,0,TGGTTGCCCATTTAGAGCTT,41,1788490
hdeAp2,41.0,40,0,GTTCTGGGTCCTTCGGCGGC,40,1798537
hdeAp2,40.0,39,0,GTGCCAAGGCCTGAGGCTAC,39,1812301
hdeAp2,38.0,37,0,TGAGATTACACTTTGGAGGG,37,1825777
hdeAp2,36.0,35,0,GCTGCGCATGTCAACCTGTG,35,1802440
hdeAp2,33.0,32,0,TTCAAACTTTCAAGTTTGAG,32,1794716
hdeAp2,31.0,30,0,TATTCTTCCAAATCAGAGAA,30,1779286
hdeAp2,31.0,30,0,AATTTAAATCTCACGGGACT,30,1814178
hdeAp2,28.0,27,0,TCATTAATCGGAACAGCCCA,27,1775805
hdeAp2,28.0,27,0,AATATCGCTGATCCGCACGG,27,1771092
hdeAp2,27.0,26,0,TGGACCCTGTTACAAGGTAT,26,1771082
hdeAp2,26.0,25,0,AGTTATCCCCGATGCAATGA,25,1811652
hdeAp2,23.0,22,0,AAGCTTCAGAGTTTGGACGT,22,1791650
hdeAp2,22.0,21,0,TCTGTTTGGGTACCCTTCCT,21,1818894
hdeAp2,21.0,20,0,TACCAAGAGATACTAGCGTT,20,1824074
hdeAp2,20.0,19,0,AGGACTCGACTGCGTCATAC,19,1796594
hdeAp2,17.0,16,0,GTCTCCCCAAGGTGACAAAA,16,1788225
hdeAp2,14.0,13,0,CTGCGAACTACACAGTCTCT,13,1826402
hdeAp2,12.0,11,0,AGGAAAATCACTCAAATTTC,11,1783887
hdeAp2,7.0,6,0,ATGGGCGAGACTCTCGCTCA,6,1820074
hdeAp2,4.0,3,0,CCTGGAGTGCCAATTATCCC,3,1773332
hdeAp2,4.0,3,0,CCACTACAGAGCCGACCGAA,3,1770952
hdeAp2,4.0,3,0,ATGAAGAATCCTTACAGGCT,3,1778006
hdeAp2,3.0,2,0,GTTCAGAGTATTCCTCAAGT,2,1776348
hdeAp2,3.0,2,0,GCCACCTGAGGCTGGCAACT,2,1808923
hdeAp2,3.0,2,0,CGAGTTACGTATATGTCAAG,2,1803820
hdeAp2,3.0,2,0,ATTACCTCGGCATTCCCTTG,2,1820859
hdeAp2,3.0,2,0,ACAGGCGCTCTCTCATCTTT,2,1804136
hdeAp2,2.0,1,0,TTTGCCTATGCATCCCTGGT,1,1781422
hdeAp2,2.0,1,0,TTGGCAAGTGACACGTCCCT,1,1808273
hdeAp2,2.0,1,0,TTAAGGCTTAATTGCCTAAT,1,1819602
hdeAp2,2.0,1,0,TCTCGACGTCGATACCAGCA,1,1783955
hdeAp2,2.0,1,0,TCTCACCTTGTGACTATAGT,1,1783803
hdeAp2,2.0,1,0,TAGGGAAGCGATCTGAGCAT,1,1820691
hdeAp2,2.0,1,0,GGCAAATGACTGGAGGGCTG,1,1813788
hdeAp2,2.0,1,0,GGAGCCAGCACATGCAAATT,1,1819087
hdeAp2,2.0,1,0,GCATCCTTTGATGAAGATGT,1,1818326
hdeAp2,2.0,1,0,GCATAGCTGATATAAGGACT,1,1788625
hdeAp2,2.0,1,0,GCAACCAAGTCGGAAGGCAG,1,1781715
hdeAp2,2.0,1,0,GAGAGGGATACTTTCTGTAC,1,1804714
hdeAp2,2.0,1,0,GACCAAATCAGAGGCGCCAC,1,1814144
hdeAp2,2.0,1,0,GAATCCAGCGCTTAGCTCTT,1,1818459
hdeAp2,2.0,1,0,CTCTGTTGCATGACATGTAT,1,1825419
hdeAp2,2.0,1,0,CTCCTTAGGCATAGTTGTAA,1,1797739
hdeAp2,2.0,1,0,CTCAAAGGGCGTTATTAGAC,1,1803525
hdeAp2,2.0,1,0,CGGGGTCAGTGAGCACAACC,1,1816277
hdeAp2,2.0,1,0,CGAATTAGGTTCGCCAAGCC,1,1772386
hdeAp2,2.0,1,0,CCTATGACCTACATGGGTGA,1,1793241
hdeAp2,2.0,1,0,CCGCCCGTAACTCAACGCCT,1,1824508
hdeAp2,2.0,1,0,CCGATGCTTCCGGTCGGGCC,1,1779115
hdeAp2,2.0,1,0,CATAATAGGCTTCAAGCCAT,1,1807024
hdeAp2,2.0,1,0,ATGTTGAACTCGATGCAACC,1,1823911
hdeAp2,2.0,1,0,ATGTTCGTATATGCGTTAAG,1,1821370
hdeAp2,2.0,1,0,ATGTGTAGCACGTGGCCATT,1,1772691
hdeAp2,2.0,1,0,ATGTGGTTTACTACATTAAT,1,1793545
hdeAp2,2.0,1,0,ATGGTTATGTCTAGCATTTG,1,1807567
hdeAp2,2.0,1,0,ATCGGTCGAAGTACGTAGAT,1,1815754
hdeAp2,2.0,1,0,ATATAAGGAACATAGCACTT,1,1824188
hdeAp2,2.0,1,0,AGGTAGCAGTTAGCGCCTCA,1,1802985
hdeAp2,2.0,1,0,AGCGTCGCGGAAAAGTTGTT,1,1803144
hdeAp2,2.0,1,0,ACTCTGGAACCGAACCTGTC,1,1820095
hdeAp2,2.0,1,0,ACGTCCGCTGCGTAGAACCA,1,1812169
hdeAp2,2.0,1,0,ACGCGTCCTCAGAAGCGACT,1,1826403
hdeAp2,2.0,1,0,ACAGGCCGTCTCTCATCTTT,1,1804141
hdeAp2,2.0,1,0,ACAATGGCGTCAGGTACCTG,1,1816801
