name,relative_counts,ct,ct_0,barcode,ct_1,barcode_ind
marRp,1.2727272727272727,423,186,GGGTATTCTGCACGGCAACG,237,2218088
marRp,0.3111111111111111,234,179,ACGCGCCAGGACCGTTACTT,55,2218109
marRp,0.84375,175,95,TTGAGCCATTTGGAAATGCA,80,2243222
marRp,0.7692307692307693,136,77,AAATGATACGCAGCTCGATC,59,2218011
marRp,0.8289473684210527,137,75,CTGTTGGTGGCCACGCGAAT,62,2229290
marRp,0.6285714285714286,112,69,CCCGCATCCACGGACAACTT,43,2217944
marRp,1.1833333333333333,129,59,TGGGACGCACCAATATATTT,70,2222101
marRp,1.0169491525423728,117,58,GTCTTCCTCACCATGCACGT,59,2226171
marRp,0.3559322033898305,78,58,CGGTCAGTATCAACATACGC,20,2255950
marRp,0.22033898305084745,70,58,ATTCGGAGCATGTGGCAGTA,12,2257123
marRp,2.7758620689655173,217,57,GGTTAGTCCGTGTGTTCTGT,160,2243143
marRp,0.6896551724137931,96,57,ACGTCGCCTAGACGACGGCA,39,2237024
marRp,0.3888888888888889,73,53,TTTCTGCGGTAAGTACACAT,20,2218269
marRp,1.5555555555555556,136,53,GTAACGGTGTTCAAACAGCG,83,2218044
marRp,0.6666666666666666,88,53,GGGAGGTGGGTTTTATCGGT,35,2246233
marRp,1.6981132075471699,141,52,TCCAGCGGTAGCAGCCTTGA,89,2232845
marRp,1.5471698113207548,133,52,CTAGCCAAGGGGTGGAGACT,81,2242475
marRp,0.21153846153846154,61,51,CCACCTGGAGTGGACCATCT,10,2218598
marRp,0.3137254901960784,65,50,GAAACACAATCCCAACTCCT,15,2222658
marRp,1.54,125,49,TCCATTAAAGTTTGCATTCA,76,2248238
marRp,0.7,83,49,CAAGGGACGCTTCGAAGGGT,34,2226073
marRp,0.2653061224489796,60,48,TTGGGTCTAGATGGGAGCCA,12,2220931
marRp,1.6122448979591837,126,48,CTCCCTGTCGAAGTGAGCGT,78,2251191
marRp,1.2448979591836735,108,48,CAACTTGTGGAGACTTGGAA,60,2218348
marRp,2.510204081632653,170,48,AGTGCGAACGGTATACTAAA,122,2234798
marRp,1.3958333333333333,113,47,GAGGTGTGGTCCAAAGTAGT,66,2251619
marRp,0.25,58,47,ATTGTCAGCTCACTCCTTTG,11,2224127
marRp,1.297872340425532,106,46,GTTGGACAAGGCCTCGGTAA,60,2230564
marRp,2.872340425531915,180,46,ACCTCTCTACGCTTGGGAAG,134,2222954
marRp,2.1739130434782608,144,45,TTTCCCCCCAGGTACTAGAA,99,2217883
marRp,2.847826086956522,175,45,TCTTTGCTGATAAAATACCT,130,2235441
marRp,0.5652173913043478,70,45,ACTAGGAGTCTCAACTCTAA,25,2227228
marRp,0.043478260869565216,46,45,ACGGGCAATGCAATCTCCGT,1,2233787
marRp,1.4130434782608696,109,45,ACACCGATGTACTTCACCCA,64,2224669
marRp,0.15555555555555556,50,44,AGACGTGGGAACGGTGCATG,6,2259165
marRp,0.22727272727272727,52,43,TCCAGATGGTGGCGGGAATA,9,2231448
marRp,1.5227272727272727,109,43,GGCTCGCCAATAAATGCAGT,66,2238642
marRp,0.5909090909090909,68,43,AGTGATTCAGGGTTTCTCAT,25,2245543
marRp,1.4090909090909092,104,43,ACGATCGGGGATAGTGCCCA,61,2230643
marRp,0.6046511627906976,67,42,AGCCTACAGCCAGTGTTACT,25,2218890
marRp,3.0,170,42,AGAGTCACGATTGGCGAAGT,128,2227534
marRp,0.813953488372093,76,42,ACGTTAACTGCCCACAGCAT,34,2227137
marRp,1.2857142857142858,94,41,TGGACATTTTCGCAATCGTA,53,2224354
marRp,1.4523809523809523,101,41,TCTACGAAGCCCAATCGGTA,60,2230277
marRp,0.42857142857142855,58,41,ATGATGCCTCTGTACACGAA,17,2223961
marRp,1.3095238095238095,95,41,ATACAAGTTTACATACAGTT,54,2254916
marRp,0.4146341463414634,56,40,GAGAACCCCCGGGGAAGAAT,16,2219433
marRp,1.0,80,40,CGGGTGGGTCATGTGAGATA,40,2236362
marRp,0.43902439024390244,57,40,CGCTCCGGGTACTGGCGCGT,17,2224699
marRp,1.5121951219512195,101,40,CCGTCTGAGGTGCCGCGATA,61,2239795
marRp,0.3902439024390244,55,40,CATACCGCTCTTGTTCAGAA,15,2222719
marRp,0.6585365853658537,66,40,AGCAGCCTATCCGTTAGTCA,26,2233783
marRp,0.14634146341463414,45,40,ACTGCGGTTCGAGGGGCCGA,5,2223798
marRp,0.5365853658536586,61,40,AAAACGGTGTACGTGGCGTA,21,2250739
marRp,1.075,81,39,GAGTAGTATCGAATAGCGGT,42,2233201
marRp,2.6,142,39,ATGGCCAGACGTAGCAGAGG,103,2226237
marRp,1.05,80,39,AGCAGTCGAAATTGGATGTG,41,2252664
marRp,1.7,106,39,ACCGGGGTCCCAGTCCACTA,67,2234432
marRp,3.8974358974358974,189,38,TATAATGTTAGAACCAAACT,151,2245712
marRp,0.6410256410256411,62,38,TACGGCCCCGTGGATTACTG,24,2226722
marRp,1.3846153846153846,91,38,GGGTCTACTAATATCAAGTG,53,2231131
marRp,0.7435897435897436,66,38,GGCGCGCCCTGGTGCATTGG,28,2228337
marRp,0.7948717948717948,68,38,GAATGAAATGGTCAAGGTAG,30,2220665
marRp,0.9230769230769231,73,38,CTGACACTTGATACTTCTGG,35,2243068
marRp,0.358974358974359,51,38,AGCGACTCAGCGCCGTTGAC,13,2257029
marRp,0.05263157894736842,38,37,TCTCAATCTACTAGGATTTC,1,2228295
marRp,2.1315789473684212,117,37,TCAACACATAGCGCTGGGTG,80,2221312
marRp,1.2894736842105263,85,37,GTGCGACGGTAGTCCATCAT,48,2238607
marRp,0.39473684210526316,51,37,CCGTACAGTGTAGCCATAGA,14,2220595
marRp,1.9210526315789473,109,37,CATGATTGCATCCTTGAAGT,72,2237538
marRp,1.5263157894736843,94,37,ATGGTTCTTACATGGTTAGT,57,2237451
marRp,0.39473684210526316,51,37,ATGCAGCAACGGTGAGCTTT,14,2247905
marRp,1.0263157894736843,75,37,ACCTCCATTCCTATAGTTCT,38,2241891
marRp,0.7894736842105263,66,37,ACCGCCCCGGACAAGTTCCG,29,2241883
marRp,0.7894736842105263,66,37,AAACGCTGTCCACCGTGGTT,29,2252199
marRp,0.16216216216216217,41,36,TGGCAGACGGTACTTACAAT,5,2217854
marRp,0.8378378378378378,66,36,CGGAGACGACCTCAACACTG,30,2217809
marRp,0.2702702702702703,45,36,CAGCACTCTTAAAGAACGCG,9,2251131
marRp,0.8108108108108109,65,36,AGGTTTACCGCCTATTTAAT,29,2219435
marRp,0.8918918918918919,68,36,AGATGCTGAATACCCAGACT,32,2259181
marRp,0.5555555555555556,54,35,TCGGTATACGCCCGCACCTA,19,2236589
marRp,1.3888888888888888,84,35,GCAAGCTCCTTATCCATGTC,49,2242362
marRp,0.8888888888888888,66,35,CTATTGGAGGTGTTCTTGCA,31,2242721
marRp,0.6666666666666666,58,35,CTATAGGGCAGTTTAGTCTC,23,2218271
marRp,1.0555555555555556,72,35,CTAAACCGGATGGAATCACA,37,2226170
marRp,2.7777777777777777,134,35,AGTGAAGTTTCCGCACTAAG,99,2224735
marRp,1.1944444444444444,77,35,ACAGGGAGAGCGTCAAGGAG,42,2233477
marRp,1.7222222222222223,96,35,AAGTAGGCATTATTAATCCC,61,2260238
marRp,1.2571428571428571,77,34,TTTAGGCCCTATTTAGGGCA,43,2225772
marRp,1.2571428571428571,77,34,TGTAAGACATAGGTAAGGAT,43,2237080
marRp,2.0,103,34,TCAACCGCTACACCCACGCT,69,2261054
marRp,0.5714285714285714,53,34,GTGGCATCATAAGCTCTCGC,19,2230699
marRp,0.34285714285714286,45,34,GGTACATGATGAAGCATAAA,11,2235487
marRp,0.8571428571428571,63,34,GGCTTCTTTGATGGCACGGG,29,2234500
marRp,0.42857142857142855,48,34,GATAGCCATGAAAGGTTGAT,14,2250226
marRp,0.8285714285714286,62,34,CTTCCCTCATAACGGTCAGA,28,2218535
marRp,0.2571428571428571,42,34,CTGGTCTGTGGTTGATGTTT,8,2243486
marRp,0.6285714285714286,55,34,CGCAGTTGATTTCGCAAATG,21,2226422
marRp,0.8,61,34,CAATCTGTTCTTCCCCAAAC,27,2220159
marRp,0.2,40,34,ATTGAGTGACTTTAAAGCAG,6,2238190
marRp,1.5,83,33,TGGCGAGCCACTTGGTCCCA,50,2225875
marRp,1.7352941176470589,91,33,TCTTATAACGCATATTAAAG,58,2217780
marRp,0.9705882352941176,65,33,CGAACCCTCCGCATCTCAAG,32,2226477
marRp,1.2941176470588236,76,33,CATTTAACGAACGGCCAGGT,43,2244139
marRp,1.2647058823529411,75,33,CAATTCGGGTGGAGATTGGA,42,2244692
marRp,2.0588235294117645,102,33,AGGTGCGGCAGGCTACGAGT,69,2230255
marRp,0.9696969696969697,63,32,TTTGAACCTCGCGCGGTGTT,31,2223578
marRp,0.48484848484848486,47,32,TTCACAGCCGAATTTGGCTT,15,2225441
marRp,0.21212121212121213,38,32,TCCGTGGATTTCGTTTGCGC,6,2219848
marRp,0.45454545454545453,46,32,GACACTAATTGGCGCGTTGC,14,2250246
marRp,1.303030303030303,74,32,CTTCAGACTTGTGGCGTGTT,42,2234715
marRp,1.0,64,32,CGTTCGCTTTGCTAGACCAA,32,2250462
marRp,3.0606060606060606,132,32,CCACCGAGCCTTTCTCGTCG,100,2257568
marRp,3.8484848484848486,158,32,CACCTGACCCTTAAACTGCT,126,2218646
marRp,0.6363636363636364,52,32,ATACGATAATAAAGCTTAGA,20,2220277
marRp,1.0606060606060606,66,32,ACTGCAAGTCTTGACTGGAA,34,2223577
marRp,1.2424242424242424,72,32,AATACGCTCATTGGCATCTA,40,2253131
marRp,0.7272727272727273,55,32,AACAGATACACTGTAATTTA,23,2217885
marRp,2.46875,109,31,TCATAAGCATCTCGACCCTG,78,2231483
marRp,1.375,74,31,TACGGCTTGTCCACCTCCAT,43,2226769
marRp,1.21875,69,31,GTTATCGAAGCTTCGATCGA,38,2229465
marRp,2.71875,117,31,GTGTAGTCCTCAAGTGACAC,86,2231478
marRp,0.59375,49,31,GTGGGGCGGAAAGAGACGGT,18,2223469
marRp,0.96875,61,31,GGCACACAGTAGTGACAGAC,30,2260872
marRp,0.5625,48,31,CGGTCTTACGGTATTCAATA,17,2231716
marRp,0.90625,59,31,ATGGACAGGACATGTAAGGT,28,2219479
marRp,2.375,106,31,ATGCGTTTCGAGCCCCTATA,75,2251866
marRp,1.21875,69,31,ACCGATCAGCGTGAAGTCAT,38,2224535
marRp,3.40625,139,31,ACCCGTTCAGTCACGGGGTG,108,2238692
marRp,1.0625,64,31,AATGTTCTGATGGGTACGCT,33,2258764
marRp,0.3548387096774194,40,30,TGTGATCGTTGTTTGCGTAT,10,2241761
marRp,0.8064516129032258,54,30,TCTATTCCGTTCGCGGACAT,24,2238596
marRp,0.3225806451612903,39,30,TCCCAGGTGTATACGTGGAG,9,2242169
marRp,1.6451612903225807,80,30,TACACCATTCCCGTCCAAGC,50,2221656
marRp,1.6774193548387097,81,30,GTCTCAACGATGGATATATA,51,2231295
marRp,0.06451612903225806,31,30,GTCGTCCCATAGTTTCTGCC,1,2235353
marRp,2.6774193548387095,112,30,GGGATATGAGTGTTACTTGC,82,2230064
marRp,0.8709677419354839,56,30,GAACTTATGGCGACAGGTAG,26,2236467
marRp,1.0,60,30,CCCGTCTAACAAGCAGCAGT,30,2258249
marRp,0.45161290322580644,43,30,ATTTTCCTCTCGTTATACCT,13,2224318
marRp,1.2258064516129032,67,30,AACTCACCGGGTAGACACGA,37,2240065
marRp,1.7333333333333334,80,29,TCTTGTACGTCCTCATGAGT,51,2229462
marRp,2.3666666666666667,99,29,TCCGAAGACCGACATAATTT,70,2235446
marRp,1.1333333333333333,62,29,TATTACGATTGGGTGTTCTA,33,2221349
marRp,0.06666666666666667,30,29,GCGCAAAGAGTCCGTACGGG,1,2233436
marRp,0.6,46,29,GAGTTTGGATCGTTACTTAG,17,2225832
marRp,0.9333333333333333,56,29,CGGGCGCCCGGGACATTTTT,27,2242112
marRp,3.7333333333333334,140,29,ATGGCCGTTGGCATAAGTCT,111,2225133
marRp,1.0333333333333334,59,29,ATCCCATATTCCCGGTTTGA,30,2244715
marRp,0.5666666666666667,45,29,ATACAGGCCTTTCCTAGTGT,16,2226305
marRp,0.3333333333333333,38,29,AGGCACAAACTGTCGCATTA,9,2255431
marRp,1.1,61,29,ACGCTCCCGGAGGGCGGGGT,32,2225945
marRp,0.2413793103448276,34,28,TGAGTGTCTGCCTCGGTCCG,6,2218928
marRp,1.0344827586206897,57,28,TCCACTTATGGTATTGGAAT,29,2229684
marRp,0.7931034482758621,50,28,TAGCGCACCGCACCATTGTT,22,2251856
marRp,0.2413793103448276,34,28,TAAAGGCGCACGGGGAGGTA,6,2233062
marRp,0.8620689655172413,52,28,GTGATTAACAACTCGTGGAT,24,2222659
marRp,0.5862068965517241,44,28,GGTGACAAGGACTTCGCAAT,16,2230920
marRp,2.103448275862069,88,28,GAGGCATCAAGCGGCGCTTA,60,2225400
marRp,0.4482758620689655,40,28,GACTGCTTGATAGGTCACTA,12,2232757
marRp,1.3103448275862069,65,28,GAAAGGTAAGACGGTGATAA,37,2256443
marRp,1.206896551724138,62,28,CTGCGTCAATTTGGGCTAGC,34,2227393
marRp,0.20689655172413793,33,28,CTCAAACTGCCTTAACTAAT,5,2244287
marRp,1.0689655172413792,58,28,CGAGACAAGTTGAATTGATA,30,2260798
marRp,4.413793103448276,155,28,CCAGCGAAAGAGGCCTGTGT,127,2240747
marRp,0.06896551724137931,29,28,ATTGCGGTATCCCACATACA,1,2229499
marRp,0.3793103448275862,38,28,ATCAAGCTAGAGTCATTTTT,10,2233929
marRp,0.2413793103448276,34,28,ATACCGCGGCTCGCGGCGCA,6,2251983
marRp,1.7586206896551724,78,28,ATAACAGAACCTACCTCGAC,50,2241198
marRp,0.6551724137931034,46,28,AGTATCAGTCAATGTATTGC,18,2244265
marRp,0.3448275862068966,37,28,ACTATTTCACCCTGCGTGCA,9,2224322
marRp,2.1379310344827585,89,28,ACGGTGGCAGGCGGGATTTT,61,2233228
marRp,0.8275862068965517,51,28,ACGGAAACCCTCCTGACGTG,23,2224339
marRp,0.7241379310344828,48,28,ACCATGACTCTCGCGCATCC,20,2224214
marRp,1.1724137931034482,61,28,ACACGCGGAATACACCTGAA,33,2258529
marRp,1.3448275862068966,66,28,AATTAGCCTGCAGAGGTACT,38,2234646
marRp,0.6896551724137931,47,28,AATTAGAAACTTGGTGCTAA,19,2259185
marRp,2.413793103448276,97,28,AAGGAATAACTTATCATTGA,69,2246126
marRp,0.5714285714285714,42,27,TTTACACGTGAAAGGGTAGA,15,2237025
marRp,0.42857142857142855,38,27,TTCTTGGACTACCCTGTCTG,11,2247638
marRp,0.9642857142857143,53,27,TGGGATAGTTTTAGCATAAC,26,2224396
marRp,3.5357142857142856,125,27,TCTATCAACGCTGTTTACTC,98,2223800
marRp,1.4285714285714286,66,27,TATCCTCTGGTTGTCAGGAA,39,2251659
marRp,1.3928571428571428,65,27,TAAGTGGACGATTGGTCGGG,38,2257944
marRp,0.8214285714285714,49,27,GTGGTATGTTCAGCCTAGTT,22,2250916
marRp,2.2857142857142856,90,27,GTGGAACAATTTGGCAGTTA,63,2247362
marRp,2.142857142857143,86,27,GTAGCAGCGACGTTCGTAGA,59,2222628
marRp,0.7142857142857143,46,27,GTAATGAGATCATGTACAAT,19,2225880
marRp,1.3214285714285714,63,27,GCTTGTCTTTGTCTAACGGT,36,2229461
marRp,0.8928571428571429,51,27,GCTGAAAGCGCAAATCTTTA,24,2223918
marRp,1.0,54,27,GCATACCGGCTTTGTGGCTA,27,2221678
marRp,1.4642857142857142,67,27,CTCGAACCTACCTCTCAGGT,40,2245937
marRp,0.8571428571428571,50,27,CTATGGAACCGATCATAAGT,23,2236830
marRp,0.21428571428571427,32,27,CGATACTTCGAGGCTATGGT,5,2242132
marRp,0.7142857142857143,46,27,ATTTATCCGGCATATGATTG,19,2232428
marRp,1.0,54,27,AGGGCGAGCACTAGGAGGGA,27,2230698
marRp,0.8928571428571429,51,27,AGGCGAGTTTCTATGGCAGT,24,2246511
marRp,1.8571428571428572,78,27,AGGACACTGTGAGACGTATT,51,2220586
marRp,0.42857142857142855,38,27,AGCGGGGCCGCGTGGATCTT,11,2221438
marRp,1.0,54,27,AGATATTCAACTCCTGATTA,27,2223100
marRp,0.6428571428571429,44,27,ACGATAGTTCTCTTATTATC,17,2258021
marRp,0.07142857142857142,28,27,AACGGCGACTGTAATAGGCA,1,2231405
marRp,0.07407407407407407,27,26,TGTGGGTACAGTGAGCATAA,1,2235253
marRp,0.7037037037037037,44,26,TGACACATAATGAACAGTAG,18,2230317
marRp,1.4814814814814814,65,26,TCATAGGGGGAGTATAATGA,39,2257804
marRp,0.07407407407407407,27,26,TATCACAGGGGGGTTGGTCA,1,2226074
marRp,0.48148148148148145,38,26,GTGGTTTAGGCAATCCCCCA,12,2227049
marRp,4.185185185185185,138,26,GGGCAATGACAGTGTCTCTT,112,2224000
marRp,0.8888888888888888,49,26,GCCTTTTCCAGGTCCGAGGC,23,2226869
marRp,3.074074074074074,108,26,GATCCTCGCTGGAGCCTCGT,82,2257136
marRp,0.5925925925925926,41,26,CGTGTTAAGGAACCATTCCC,15,2237252
marRp,0.07407407407407407,27,26,CGCCTAGCGAACCAAAACGG,1,2231416
marRp,0.9629629629629629,51,26,ATGGCGAGGTAATTCCTATG,25,2221060
marRp,2.111111111111111,82,26,AGGCTCTTACGCCACGTTTT,56,2226263
marRp,1.3333333333333333,61,26,AGGACTGTGTACATTAGGCC,35,2232262
marRp,2.0,79,26,AGCGAACAACCAAGCACGGT,53,2232948
marRp,1.7037037037037037,71,26,AGAAGGGGCTTGGCTCGAAT,45,2233785
marRp,0.18518518518518517,30,26,ACGCGGATATACGGGTTCTT,4,2232804
marRp,1.4074074074074074,63,26,ACGAGCGCTTCGACGTTGCA,37,2229714
marRp,1.6666666666666667,70,26,AATTTTTTACCATACACCTT,44,2218821
marRp,0.5925925925925926,41,26,AATGTACCTCAGCCAACGGA,15,2231891
marRp,1.7777777777777777,73,26,AAGGACTGGGCAGGACTACT,47,2232657
marRp,1.4230769230769231,61,25,TTGGCAGACCCCCTCAGGTA,36,2237793
marRp,1.6538461538461537,67,25,TGAATAGGTGACTGGCCCAC,42,2256989
marRp,1.6153846153846154,66,25,TCTGGTGATTCGGCTTAAAA,41,2218981
marRp,0.07692307692307693,26,25,TCCTGAACCGTGCGGTTTAA,1,2245330
marRp,0.9615384615384616,49,25,TCCGCGTGGTTGTCGTTGAA,24,2255321
marRp,1.5384615384615385,64,25,TCATCATGGTCTCCTGGTCC,39,2218826
marRp,0.7307692307692307,43,25,TAGCAGAATAGAGCTTTGGC,18,2218217
marRp,0.5769230769230769,39,25,GCCAGCCATACCTTGAAGTG,14,2245878
marRp,0.5384615384615384,38,25,GACGAAGAGGCGAATGGTTG,13,2233667
marRp,1.9230769230769231,74,25,CTTCCAATAGTTACGTAGAC,49,2220706
marRp,1.0769230769230769,52,25,CGAAAGTATAGCAAGTGTTA,27,2249756
marRp,0.19230769230769232,29,25,ATATTGTCGATTTAATGTAT,4,2227801
marRp,1.0384615384615385,51,25,AGTGGTAAAAGCATCATGGT,26,2240668
marRp,4.115384615384615,131,25,AGGAAGGCTTATTACGAGCT,106,2244007
marRp,0.23076923076923078,30,25,AATCCATTAGAATGCGGCTA,5,2234415
marRp,1.3076923076923077,58,25,AAGAATTCGCCAACAAATAA,33,2244406
marRp,0.8461538461538461,46,25,AACACTAATCCGTCTAACCG,21,2221091
marRp,0.72,41,24,TTACACGACTATGCTGGCGA,17,2224092
marRp,0.48,35,24,TGATTTCCCCTCATCGCTTT,11,2225107
marRp,0.4,33,24,TGAGTTTCAGGTCGCTGCAG,9,2222111
marRp,1.4,58,24,TATGTGGTATCCAACAGTCT,34,2260190
marRp,6.68,190,24,GGGTGGTTAACCGATAACTG,166,2247449
marRp,1.44,59,24,GGCTTCTGACTTGCGCCTAG,35,2220474
marRp,0.36,32,24,GGCCAATGGTATCGCAAGCA,8,2236193
marRp,1.56,62,24,GCTTCCAGTCTTCATCGTGG,38,2226504
marRp,0.6,38,24,GCTGCCTTAGAGGACGCATC,14,2237268
marRp,2.16,77,24,GCGATATTCTTGTGAGAGAA,53,2244092
marRp,2.32,81,24,GCGACGTTCCCTTCGGCTCA,57,2258382
marRp,1.56,62,24,GATTCAGGAGAAGCTTGATT,38,2228062
marRp,1.08,50,24,GAAAGTAACGAATCCGAGCG,26,2252991
marRp,2.28,80,24,CGTGCCGGTTTAAGACTTAG,56,2231477
marRp,0.84,44,24,CGGATAAATTATTCCCCATT,20,2258530
marRp,2.84,94,24,CGGAGTACAGGAGCAGACGG,70,2255064
marRp,2.44,84,24,CCGTGGGATCATACGGTGCA,60,2220080
marRp,1.32,56,24,CCATACTCAATTATGTGGGA,32,2226865
marRp,1.68,65,24,ATGGCGGAAGGATATCCGCA,41,2242894
marRp,1.48,60,24,ATGCGACCGACGAGCCACCA,36,2248849
marRp,0.72,41,24,AGGCGACACCAATTATATCT,17,2228342
marRp,0.88,45,24,AGGATGATGTGGTGGAATAA,21,2236363
marRp,0.44,34,24,ACTCTAATCTCTGTTTTATA,10,2244127
marRp,1.96,72,24,ACCGGGGACGCGGTGGGCCT,48,2246623
marRp,0.72,41,24,AATCGCCACAAAATTCACCA,17,2218315
marRp,0.76,42,24,AATCGAGTCAAGGAGGACAC,18,2242840
marRp,0.08,25,24,AAACGCATACTTTACTACTT,1,2250326
marRp,1.16,52,24,AAAAGAGAACATCTGCACGA,28,2232955
marRp,1.0416666666666667,47,23,TTGTCCTACCGGTTGCGACA,24,2242371
marRp,0.5,34,23,TGTTCGGTAAGTCAACCAAT,11,2241947
marRp,0.8333333333333334,42,23,TCTGTGTCGCGTTCATGACT,19,2238856
marRp,1.375,55,23,TCGTGCACTTCCGGTCCATG,32,2235621
marRp,0.2916666666666667,29,23,TCCAGTTTTGTAACATAGAT,6,2257151
marRp,2.0,70,23,TATGACACATACGGGTGAAT,47,2224999
marRp,0.08333333333333333,24,23,TACGTATGCGCTTGACAGTG,1,2229371
marRp,0.9583333333333334,45,23,GCTGGCCCAGGATCCTGCGA,22,2241662
marRp,0.3333333333333333,30,23,GCGAATCTCGGCTCTTGGGA,7,2217784
marRp,0.9583333333333334,45,23,GCCCACGATCCGTATAATTT,22,2252893
marRp,1.1666666666666667,50,23,GCATCAGCGAGGGTGCTCGA,27,2249566
marRp,0.75,40,23,GATCAGCAGACCTGGTGTAA,17,2248455
marRp,3.875,115,23,GACCTAAACGGTTCAGCGGT,92,2222199
marRp,0.6666666666666666,38,23,GAATCGTCATCGCGACAAGG,15,2217884
marRp,5.583333333333333,156,23,CTCTGCTGATTGGCGGTCTG,133,2227303
marRp,1.5833333333333333,60,23,CTCCTATATCGGGGGTCTCT,37,2231613
marRp,0.08333333333333333,24,23,CGTGGTCCAAAGGAAGGAGG,1,2217811
marRp,2.7083333333333335,87,23,CCTGGGCCGGTGGCATAATT,64,2227581
marRp,1.5,58,23,CCTCGGAATAGGTGTCCGCC,35,2232880
marRp,1.9166666666666667,68,23,CCTAAACGCAGCTATGCGTA,45,2228612
marRp,1.9583333333333333,69,23,CCCTCATTGCCGCCTAGGGT,46,2221308
marRp,0.8333333333333334,42,23,CACGGTGGGGGTCGATTGAC,19,2218302
marRp,1.0833333333333333,48,23,CAAGCCCACGACGGAGAGCA,25,2255277
marRp,0.5,34,23,ATTCATTCGGAATTCGCGCA,11,2259425
marRp,0.4166666666666667,32,23,ATCGTGTGTGGGGTCCGTAT,9,2237091
marRp,1.2083333333333333,51,23,AGGGCTCTTGGGAAGGGGCA,28,2251863
marRp,0.08333333333333333,24,23,AGCCGCCTTCACGTTATCAC,1,2248470
marRp,2.8333333333333335,90,23,AGCAGAGACTACGGTTGCTA,67,2221870
marRp,1.25,52,23,AGACGGGGAAGGTATTCAAA,29,2257806
marRp,0.5833333333333334,36,23,ACGTGCTTACATGAGCTATA,13,2259262
marRp,0.08333333333333333,24,23,ACCGCATCGAAGGCGGTTCA,1,2224361
marRp,0.625,37,23,ACATTCGTGGTAGGATCCAG,14,2226646
marRp,2.2916666666666665,77,23,ACAAGCTTTGAGTCGGCTTC,54,2232696
marRp,1.0416666666666667,47,23,ACAACGATAGCAAAGCCCGG,24,2238800
marRp,1.565217391304348,57,22,TGGTTTCGGACGGTGTTACA,35,2235025
marRp,0.21739130434782608,26,22,TGCGTCCATGACGCGGTGTA,4,2221655
marRp,0.2608695652173913,27,22,TCTGCAACAGTATAATTTTC,5,2256692
marRp,0.782608695652174,39,22,TCCCTCTTTATGGTCATTTT,17,2227796
marRp,1.0,44,22,TAGGTACACCATCCGAGCAT,22,2222071
marRp,1.6521739130434783,59,22,TAGCACCCCCAGTCTCTGCG,37,2228198
marRp,1.173913043478261,48,22,TAGACGTGCCTATGTATGTG,26,2227134
marRp,0.08695652173913043,23,22,GTTTAAGTGATTTAGGTCGT,1,2254544
marRp,0.9130434782608695,42,22,GTTACGCACCCAAGGTAGTT,20,2223766
marRp,2.4347826086956523,77,22,GTAACACACGGTCCCGATAG,55,2236769
marRp,1.4782608695652173,55,22,GGACCAATCGCCAACCTGAA,33,2249922
marRp,2.0869565217391304,69,22,GCACAAAAGCTCACGGCTCT,47,2222421
marRp,2.130434782608696,70,22,GACCGCGAGAAATGTTAGTT,48,2223068
marRp,1.0434782608695652,45,22,CGTTGTAAACAACACGGCGT,23,2236739
marRp,2.739130434782609,84,22,CGTGTAAACGCTAGCTCAAT,62,2225232
marRp,1.391304347826087,53,22,CGTATTGTCCAGCCTGTAAA,31,2236555
marRp,1.9565217391304348,66,22,CGCTCGTAGCTTGCGTGATA,44,2225982
marRp,1.2608695652173914,50,22,CGCCCGCAGTTGGGGGGTAA,28,2232411
marRp,2.217391304347826,72,22,CCGGGATTAACTTTTCTAAG,50,2241390
marRp,0.4782608695652174,32,22,CCCTCCGAACCGAATCGTAA,10,2219862
marRp,3.1739130434782608,94,22,CCATCCGTCCATTAAACTAA,72,2220201
marRp,1.8695652173913044,64,22,CCAACACAGCAGAGGCTGTG,42,2233017
marRp,1.391304347826087,53,22,CAGTACACATGTTGAAACAG,31,2254123
marRp,14.652173913043478,358,22,CAGAGGGGAGACTTAGGCGA,336,2234984
marRp,0.5217391304347826,33,22,CACGACAGGATACTCATAAT,11,2253156
marRp,0.9565217391304348,43,22,CAATACTTCATCGCGATAGG,21,2229522
marRp,0.30434782608695654,28,22,CAAAGCACCCATGGGAGCCA,6,2221309
marRp,0.8260869565217391,40,22,ATTTATGTGGACGCCCTTTG,18,2217990
marRp,3.130434782608696,93,22,ATAGAGGCAAAATGCCCCGA,71,2249728
marRp,0.2608695652173913,27,22,AGTCAGTGACGATGTCGCGT,5,2218016
marRp,0.9130434782608695,42,22,AGGGTTCAGGACACACGAGG,20,2255063
marRp,0.7391304347826086,38,22,ACTGGGAAATGCCTAAAGCT,16,2223476
marRp,0.6956521739130435,37,22,ACGGCCTTCGCCCCAACCGT,15,2239120
marRp,0.8260869565217391,40,22,ACCCGCTTGACCAAAGGATA,18,2250494
marRp,0.13043478260869565,24,22,AATTATTTTTCAAAGCCCGA,2,2236072
marRp,0.5454545454545454,32,21,TTAAAGACGCTCTGGCCAAA,11,2237841
marRp,0.36363636363636365,28,21,TGGGAGAAGGCCGGACGACA,7,2253797
marRp,0.9090909090909091,40,21,TGCACTGTAATTCGCTAGGA,19,2248914
marRp,0.45454545454545453,30,21,TGAGATCTAAACAGATCCCG,9,2226737
marRp,3.4545454545454546,96,21,TCCTGATACTCCGGATCCTC,75,2233061
marRp,1.2727272727272727,48,21,GTGCATCTTGGGCACCATAG,27,2232760
marRp,0.09090909090909091,22,21,GTCAACGAATTAGGCGAGCA,1,2236889
marRp,6.409090909090909,161,21,GGCCATTGTCATTTTCTCCC,140,2249178
marRp,1.1818181818181819,46,21,GGATGAGGGCGCTTAATTAG,25,2235794
marRp,1.5909090909090908,55,21,GCGTCGATGGATGCGCCTTT,34,2219560
marRp,0.5,31,21,GATGCAATCACAATTGATCA,10,2234007
marRp,0.8636363636363636,39,21,GACGCGTGACTTACCCCTCA,18,2232479
marRp,0.8636363636363636,39,21,CTGACATAGCGCCCGGTCTT,18,2225678
marRp,0.9545454545454546,41,21,CGTTATCCAGAGTGACGAAA,20,2244697
marRp,0.7727272727272727,37,21,CGGTCCTCGCTACGCAGCAT,16,2247507
marRp,1.2727272727272727,48,21,CGATTTGGCTATTTGGGTGA,27,2219781
marRp,4.636363636363637,122,21,CGAGTCCCGGTACGCGCCCA,101,2240485
marRp,4.136363636363637,111,21,CCCGAATCGTCATTGGAACG,90,2248032
marRp,1.2727272727272727,48,21,CCAACGTTGAGGTCCCTGGT,27,2248639
marRp,1.3181818181818181,49,21,CATCCTCCTTAATCACTGAG,28,2241810
marRp,0.4090909090909091,29,21,ATTCCAGTAAATGAGCAACT,8,2238612
marRp,0.7727272727272727,37,21,ATTATGGCCTTCAACCGAGT,16,2243201
marRp,0.09090909090909091,22,21,ATATTCGTAGTTTGCGCTAA,1,2249538
marRp,1.4545454545454546,52,21,ATAGCCTTGCAATGCCTAGC,31,2254328
marRp,1.6818181818181819,57,21,AGTTCGGCGGCGGTTAAATT,36,2245120
marRp,1.2727272727272727,48,21,AGTCCACGATTGAGGGCGAA,27,2252915
marRp,1.0454545454545454,43,21,ACGCTCAGGAAATCTTATGT,22,2238767
marRp,1.3636363636363635,50,21,ACCTATACATGTTTTAGGAT,29,2247636
marRp,0.09090909090909091,22,21,AATCCAGGTAACAGGAGGAG,1,2243104
marRp,0.09090909090909091,22,21,AATCATGCGAACGACTTGCC,1,2230785
marRp,0.3333333333333333,26,20,TTTATGGTCCGGCGCCTTCT,6,2237678
marRp,1.2857142857142858,46,20,TTACGGCTCTCCAATGGTGC,26,2235684
marRp,3.5238095238095237,93,20,TGGGGAGCTTTGACCTGGTC,73,2257103
marRp,0.42857142857142855,28,20,TGAGGTTAGCGGCAAGCTCA,8,2221185
marRp,1.5238095238095237,51,20,TCTCGTAAGTTACCACCGTG,31,2225560
marRp,1.7142857142857142,55,20,TCGCGTTGCATCCCTTACCG,35,2227693
marRp,0.6190476190476191,32,20,TCACGGTGCCAGGGTAGTAG,12,2220289
marRp,1.0952380952380953,42,20,TATGGCGCGCTTTATTTGAG,22,2226730
marRp,0.3333333333333333,26,20,TATAAATCGTAAGTTTGCGA,6,2228869
marRp,0.23809523809523808,24,20,TAGGGGGACGACCCTATTAG,4,2246430
marRp,2.6666666666666665,75,20,TAGACACGTTCGGGACAAGT,55,2249116
marRp,0.2857142857142857,25,20,TACACCAGACGCGGAGGCCG,5,2220580
marRp,0.9523809523809523,39,20,TAACTCAAATCTATTGTGTG,19,2246247
marRp,1.2380952380952381,45,20,GTTGATTCAAAGCGCTCGTT,25,2253389
marRp,0.6666666666666666,33,20,GTCCCCGCCGATGTGGCAAA,13,2223415
marRp,1.2857142857142858,46,20,GTAGTGCCTTGTTGCAAATA,26,2256777
marRp,0.6190476190476191,32,20,GGTACTTTGCTGGTACTTAC,12,2221968
marRp,2.3333333333333335,68,20,GGAGATCGGGTTCGCTGGGA,48,2233669
marRp,0.5714285714285714,31,20,GCTGAAGAAGTAGTTTCGAA,11,2258039
marRp,0.14285714285714285,22,20,GCGGATGGAATCCTACGTAT,2,2221504
marRp,2.619047619047619,74,20,GCCAACCTATCAACGCAGAG,54,2225152
marRp,0.09523809523809523,21,20,GATTAGGTCTTGAGGTGGAG,1,2244738
marRp,0.5238095238095238,30,20,GACTTGGAATACCAGTTAAT,10,2232894
marRp,0.09523809523809523,21,20,CTTAATAACCTGAATAAGTC,1,2239078
marRp,0.7142857142857143,34,20,CTCTGGCGTCCGGGGATGGG,14,2244046
marRp,2.6666666666666665,75,20,CTCTCCACCGGCGGTTTAAA,55,2246509
marRp,1.0476190476190477,41,20,CTACCATGCGCTGTAAACGC,21,2231865
marRp,0.38095238095238093,27,20,CGTCTCAAGTTCGGCATGTC,7,2233203
marRp,1.0,40,20,CGGCGATCGCCCTGGGCGAT,20,2256745
marRp,0.3333333333333333,26,20,CGAGGGCTCGGGTAGCAATA,6,2243408
marRp,0.09523809523809523,21,20,CCTAGAAAGATATGTATGCC,1,2227537
marRp,0.6666666666666666,33,20,CCGGCTGACGGGCTGCCACG,13,2231017
marRp,0.8095238095238095,36,20,CAGAGTGGTACAGTGTCAGA,16,2245620
marRp,0.6666666666666666,33,20,CACTTTAAGGGTGCGCCAAT,13,2247667
marRp,0.6190476190476191,32,20,CACGCCACCAGGCGCGGTGA,12,2221537
marRp,1.4761904761904763,50,20,CAATCTCGGGTGACGAGCAT,30,2239881
marRp,1.2857142857142858,46,20,ATTGCTGAAAACCCCCAAAC,26,2258371
marRp,0.09523809523809523,21,20,ATTCTATCGGAGAGCGGAAT,1,2246014
marRp,0.14285714285714285,22,20,ATTAGGTCACTGAAACCCGG,2,2245739
marRp,0.42857142857142855,28,20,ATCTCCTACCCACCATCGTA,8,2220703
marRp,0.09523809523809523,21,20,ATCGGCCTCGTAAGTGGCGT,1,2254670
marRp,2.2857142857142856,67,20,ATCCCCAAGGTTTAATTCTG,47,2225522
marRp,1.1428571428571428,43,20,ATACATGTTAATCTAGTGTC,23,2245414
marRp,1.4761904761904763,50,20,AGTATGAAGGACACCCGTGG,30,2222585
marRp,1.7619047619047619,56,20,AGACCCTCCTATACCTCTGT,36,2220407
marRp,1.4761904761904763,50,20,ACGCCGGCAGCCACGTCAAT,30,2230782
marRp,0.7619047619047619,35,20,AAGAATGATAGGATGACAAC,15,2219108
marRp,1.5238095238095237,51,20,AACTGATGTTCAAGGGTCTG,31,2248756
marRp,3.15,81,19,TGCCATGGTTTTCGATCCAT,62,2219723
marRp,2.15,61,19,TGAGGGCATTTAGACAGTTG,42,2235990
marRp,1.55,49,19,TGACGTCGGTACGTTAGAAA,30,2233633
marRp,0.6,30,19,TCTTCACCCGAATTGGAGAT,11,2233381
marRp,4.25,103,19,TCCCGCAGAGTGAGGCGAGA,84,2260471
marRp,1.6,50,19,TCACACGCCCCCAAAGGCCA,31,2238818
marRp,0.2,22,19,TCAAACACACAGAGACTGTG,3,2234722
marRp,1.45,47,19,TATTGGTCTGCATTACAACC,28,2235486
marRp,1.7,52,19,TACTGGTAGCCACTTTTTTT,33,2245773
marRp,0.1,20,19,GTGCCACCGTATTCTGCGCG,1,2246162
marRp,0.85,35,19,GTCGCTTAATTCCGAACCCT,16,2251555
marRp,1.8,54,19,GGGCTGAGCGGAACTTCGAA,35,2222227
marRp,0.8,34,19,GGCCTAACCATAGCTTGAAG,15,2219993
marRp,2.05,59,19,GGATCGGCAATGTAGACGTG,40,2218644
marRp,1.35,45,19,GGAAAGCCTGTGTACCGGCG,26,2223347
marRp,1.25,43,19,GCTATGATCTATGTTGGGGT,24,2220040
marRp,0.55,29,19,GCTACTTACAAAGCTTCCAG,10,2244624
marRp,0.2,22,19,GCGAGAGTTGGGCTCCGCCT,3,2242280
marRp,1.25,43,19,GCCTATTGCCTGTAAAAGCC,24,2259909
marRp,0.45,27,19,GCCGGGGCTGCTCAGTCTAT,8,2234231
marRp,1.05,39,19,GCAAGGGCATGCAGTATAAT,20,2244161
marRp,1.1,40,19,GAGGCAAGCAACTCGGTCTT,21,2253257
marRp,0.55,29,19,GACCCGTATTGCCGGTGCAA,10,2232803
marRp,1.15,41,19,CTTTGAACAAAGCGAAGCCT,22,2253549
marRp,6.0,138,19,CTGTAAACATATGGCTACCT,119,2244054
marRp,1.0,38,19,CTGGCCCGCGCAGCTTCATA,19,2260458
marRp,0.75,33,19,CGTAATTAGATTGTTTATGA,14,2244737
marRp,0.6,30,19,CGTAAGACACGCGGTTGCAT,11,2223197
marRp,2.7,72,19,CGCCGAGCTCGCACCGTTCG,53,2221955
marRp,2.2,62,19,CGATTGTTGCATGCGATATA,43,2252406
marRp,3.2,82,19,CCTTTCAAATCAAACCTTGA,63,2233704
marRp,0.8,34,19,CCCAAAACTCTCAACCAGTG,15,2220404
marRp,1.3,44,19,CCATGGTTGCACCGGGAGTC,25,2227131
marRp,1.9,56,19,CCAGGAACGACGGTGGGAAA,37,2254776
marRp,1.05,39,19,CAGAGGTTTATCGAGATAGG,20,2256947
marRp,2.0,58,19,CAGAAGACTGGTCGGCCACT,39,2230563
marRp,2.95,77,19,CAATTTCATAGAGAAAACAA,58,2244924
marRp,1.05,39,19,CAAAACATCGAAAGAGTGTA,20,2254447
marRp,0.25,23,19,ATGAATGTCCACCGACAGGG,4,2252976
marRp,1.1,40,19,AGTCACTATTACCGAGAGGA,21,2260922
marRp,0.85,35,19,AGTAGCAGCCTTGCGTAGCA,16,2258429
marRp,0.55,29,19,ACGTCAGGGACTCATGTTAC,10,2230555
marRp,1.5,48,19,ACCCGGCGTCCAACTTATGA,29,2246204
marRp,0.1,20,19,ACATTCTCGGATGGTGATTG,1,2235558
marRp,1.55,49,19,AACCGGGCTCCTTAAGAACA,30,2225930
marRp,1.2105263157894737,40,18,TTGATGATCTCTGTACCGAT,22,2252044
marRp,0.5789473684210527,28,18,TGTCACCGGGAACGGTCAAG,10,2221126
marRp,1.105263157894737,38,18,TGTAATGTTCGAATCAGAAG,20,2219597
marRp,2.5789473684210527,66,18,TGGCATTACGTGACCTTCGG,48,2250520
marRp,1.5789473684210527,47,18,TGCTCGCACTATTACGCGGC,29,2258190
marRp,2.3684210526315788,62,18,TGAGTTCCACCTCGGATCAT,44,2242942
marRp,0.7368421052631579,31,18,TGAGCTGTCGTACCCATCTC,13,2224967
marRp,1.6842105263157894,49,18,TGAGATCTGAGAAGGGCGCA,31,2231739
marRp,2.473684210526316,64,18,TGACATGAGTGGGAGCGGAA,46,2221209
marRp,0.8947368421052632,34,18,TCTGGCTTAAAGCTGTTACA,16,2224468
marRp,1.1578947368421053,39,18,TCTCGTGTTGGATTCACCGA,21,2258944
marRp,1.4210526315789473,44,18,TCTCAAGGGTCACACTCTGT,26,2257730
marRp,0.6842105263157895,30,18,TCCTGTACCAGGACGTAGCA,12,2224445
marRp,1.3157894736842106,42,18,TCACCCGCTGGACCCTGAAA,24,2234641
marRp,0.8421052631578947,33,18,TAGCGCGATTAGCCTACTCT,15,2233922
marRp,0.8421052631578947,33,18,TAGCATAATCCATGTTAGAT,15,2247130
marRp,2.6842105263157894,68,18,TAATTCTCGTTGATATGTTC,50,2230841
marRp,0.8947368421052632,34,18,TAAAGGTTCTGGTACTGACA,16,2227257
marRp,2.526315789473684,65,18,GTTGTCAATTACCATCCGCT,47,2230894
marRp,1.4736842105263157,45,18,GTTGAGTTCCAAAGCGGAAC,27,2247620
marRp,2.1578947368421053,58,18,GTGTGGGCAATTGTCGAGAC,40,2224752
marRp,0.8421052631578947,33,18,GTGCACTCATGGCGGAGAGG,15,2222195
marRp,1.4210526315789473,44,18,GTATATGAGATTTTGAACGA,26,2230779
marRp,0.9473684210526315,35,18,GTACGCGGGATGAAATCGCC,17,2257482
marRp,2.263157894736842,60,18,GTACAGTGAGGCAGAAATAT,42,2219772
marRp,0.47368421052631576,26,18,GTACACTTGCTAAGCAACCA,8,2219502
marRp,3.1578947368421053,77,18,GGGCCTGCCAGCGCTTTGAA,59,2246013
marRp,1.5263157894736843,46,18,GGCCTGATCACCGACACGCG,28,2245940
marRp,1.6842105263157894,49,18,GGAAGACAACGGCATCACAA,31,2252637
marRp,1.894736842105263,53,18,GCTCAAATAGTAGTTCGGCC,35,2253754
marRp,1.4210526315789473,44,18,GCGGAGGCAAGTGTCTCGCA,26,2220692
marRp,2.210526315789474,59,18,GCGAGACAGTCGCACACTTA,41,2254011
marRp,0.631578947368421,29,18,GCCTGCGAACTAAAATTTAG,11,2246510
marRp,0.6842105263157895,30,18,GCCAGATTCGTGAGCAACTA,12,2229474
marRp,1.5789473684210527,47,18,GATTGTTAAAGCGACATGTA,29,2230328
marRp,4.421052631578948,101,18,CTGGCTGGGTTTCATTACAT,83,2242196
marRp,3.210526315789474,78,18,CTCAGGATCGGCTTCACAGG,60,2218731
marRp,2.736842105263158,69,18,CGCGTTAATATCGTTAAGAG,51,2223443
marRp,1.7894736842105263,51,18,CCGCCTTTCATCCGCTCTGT,33,2223102
marRp,0.2631578947368421,22,18,CCGCCATGGCGGTATTGAAC,4,2243321
marRp,0.10526315789473684,19,18,CCGAGAAGCGCTTAAGGGTG,1,2221310
marRp,1.3157894736842106,42,18,CCAGGATCTCCGGGTAACAA,24,2231574
marRp,0.8947368421052632,34,18,CCAAGACGTCGGTGTATTGT,16,2254385
marRp,12.526315789473685,255,18,CAGTGCAATTCTGCTCACTT,237,2258406
marRp,2.4210526315789473,63,18,CAGGTGAGGGCACTTCCTGT,45,2226269
marRp,1.368421052631579,43,18,CAGGATCCACGCAAGGGTAA,25,2233565
marRp,2.5789473684210527,66,18,CAGCTTAGAACCGGGCTACG,48,2221684
marRp,1.2105263157894737,40,18,CACGCGGTAGCCCAGCTTGA,22,2220002
marRp,1.0,36,18,CAAGTTCTCCGTGGCGCATG,18,2259445
marRp,3.1578947368421053,77,18,CAAATCGTGGGCAAGACGGG,59,2221867
marRp,2.8421052631578947,71,18,CAAACTTTTATAACGAGGTT,53,2254314
marRp,1.9473684210526316,54,18,ATGTCGGGTCCACTAGGGTG,36,2228871
marRp,1.6842105263157894,49,18,ATCTTCGGTCTATTATGGAT,31,2252365
marRp,0.47368421052631576,26,18,ATCTAGTCTTACCGAAAAAT,8,2234464
marRp,1.105263157894737,38,18,ATCACCTTAGCCGCCTTAAA,20,2259175
marRp,3.3684210526315788,81,18,ATCACCTCTAAGAGTGATTA,63,2236997
marRp,0.8421052631578947,33,18,ATATACTCCAGGTGTAGAAT,15,2237376
marRp,2.1052631578947367,57,18,AGTTCATAAGACCAGGGCGA,39,2229353
marRp,1.6842105263157894,49,18,AGGGTGCACATCTGTGGTCG,31,2219103
marRp,1.263157894736842,41,18,AGGCGGGTTTCCATCTTTAG,23,2224399
marRp,2.210526315789474,59,18,AGGAACTAAAGGAAGCCAGC,41,2255582
marRp,1.7894736842105263,51,18,AGCTGAGTAGCGCCCCAGTG,33,2239404
marRp,1.368421052631579,43,18,AGCCAAAGGCGGTTAGAGAT,25,2229386
marRp,1.9473684210526316,54,18,ACGGTAATAATATCGGGGCA,36,2234776
marRp,0.47368421052631576,26,18,ACGCTGCGCAGGTGAATACA,8,2246375
marRp,0.3684210526315789,24,18,ACGAAAAGGCACGACTTAGG,6,2237851
marRp,1.5789473684210527,47,18,ACCTTCCCTAGAGAGGAAAG,29,2230729
marRp,0.5789473684210527,28,18,ACCGCCAACTAGGCACCTAT,10,2242308
marRp,6.526315789473684,141,18,ACATCCTAAACCAGTGGTAT,123,2224947
marRp,1.263157894736842,41,18,AAGGACCAGAGTAGAGACTT,23,2256606
marRp,1.263157894736842,41,18,AAACTCATTGGGCGCTCACA,23,2259429
marRp,1.263157894736842,41,18,AAAACGTGTACCTAAATTTG,23,2226696
marRp,2.4444444444444446,60,17,TTTCAGGGGTAACGCAGAGG,43,2242654
marRp,0.1111111111111111,18,17,TTTCAGGGCCTTGGAAGGCA,1,2256238
marRp,1.3333333333333333,40,17,TTGAGGCACCACCAAGAAAT,23,2252735
marRp,1.4444444444444444,42,17,TTAGTGATGTCCCCGGCCAA,25,2241319
marRp,1.2222222222222223,38,17,TTAGCTCATTCTACACTAAA,21,2247753
marRp,0.5,25,17,TGTAGCTGCCAGTTCATAAA,8,2235299
marRp,11.11111111111111,216,17,TGGCCTAAAGGATCGACTAG,199,2245683
marRp,0.16666666666666666,19,17,TGGAGTACCCACACACGTTC,2,2231859
marRp,4.0,88,17,TGCTCTCACGATTACCGGTG,71,2243891
marRp,3.111111111111111,72,17,TGCCCGAACCATGCATCTTA,55,2246647
marRp,2.888888888888889,68,17,TCGGGAGGCATTATGGTAGT,51,2248118
marRp,0.1111111111111111,18,17,TCGCAAGATTAGAAAACTAT,1,2219342
marRp,0.5,25,17,TCATAAATGCTATTCAATCG,8,2220720
marRp,1.7777777777777777,48,17,TACATCTGGTTGGGTTGATT,31,2249069
marRp,1.2777777777777777,39,17,TAATGTTCTGCGAGAGAACA,22,2254474
marRp,0.6111111111111112,27,17,TAAGTGCTTTCCTATATAAC,10,2246357
marRp,2.2222222222222223,56,17,GTTGATTGTCGATTTGAGAA,39,2219510
marRp,0.7777777777777778,30,17,GGGCCTCATGGGGACAAGAA,13,2258376
marRp,2.388888888888889,59,17,GGGCATAGAATTTGCATCGT,42,2254387
marRp,2.4444444444444446,60,17,GGGAGTATGTGAGGTGAGAG,43,2248384
marRp,0.5555555555555556,26,17,GGGAACCGTCTCCATTCTCC,9,2256744
marRp,1.2777777777777777,39,17,GGCTGAGAGAGGCAAACTTG,22,2256845
marRp,1.7777777777777777,48,17,GGCCGGGTCACCGCAAATGT,31,2222477
marRp,1.9444444444444444,51,17,GGAAAAAACACCGACATATT,34,2256023
marRp,0.8333333333333334,31,17,GCGGCTACATGCACGGCACG,14,2235331
marRp,0.16666666666666666,19,17,GCGCCTGCATACATACGAGA,2,2226461
marRp,2.0555555555555554,53,17,GCGCCCTCCTTCCGCATGTT,36,2226075
marRp,0.8888888888888888,32,17,GCGAACGACGATAAATTGGA,15,2228689
marRp,1.2222222222222223,38,17,GCCTCTACCGGTGAGACATA,21,2219559
marRp,18.166666666666668,343,17,GACCGGCCTGTACCGTATGT,326,2222759
marRp,0.8888888888888888,32,17,GAACGAACCCTTTATTAACG,15,2252138
marRp,0.2777777777777778,21,17,CTTGTTGTGATCAGGCTTGA,4,2245794
marRp,0.2222222222222222,20,17,CTTACGCACGATAACATTTT,3,2220130
marRp,1.9444444444444444,51,17,CTCCTAGGAACACTCGCGAA,34,2232468
marRp,0.8888888888888888,32,17,CTCAGTTGCCTAGGCATGCT,15,2247742
marRp,1.7777777777777777,48,17,CGTCAATAGCACCACTCTCC,31,2234382
marRp,1.4444444444444444,42,17,CGGCTGTGCAAGACGGGCTC,25,2219041
marRp,0.5555555555555556,26,17,CGGACAGCTACACGTCGTAT,9,2231712
marRp,1.5,43,17,CGACGCAAGACGCCATATAT,26,2251188
marRp,0.3333333333333333,22,17,CCGGCTTCAGTCTTATGGTA,5,2224205
marRp,2.1666666666666665,55,17,CCGCAACTCGGTGATGGATG,38,2236474
marRp,2.7777777777777777,66,17,CAGTAGCCTCCCCGGTGCAA,49,2222852
marRp,1.8888888888888888,50,17,CAATGGGTTGCTGTATCAAA,33,2256985
marRp,0.1111111111111111,18,17,CAAGGCGGGAATAAGTCTGA,1,2228816
marRp,1.1666666666666667,37,17,CAACGGCATATTTGGTCCTG,20,2230595
marRp,1.3333333333333333,40,17,ATTTCTGGATTGTCTGCTTC,23,2258589
marRp,0.1111111111111111,18,17,ATTGGGACCCCTTCTCCACT,1,2232550
marRp,0.3888888888888889,23,17,ATGTCTCAAACCCGGGCCAT,6,2226337
marRp,1.8888888888888888,50,17,ATGAGGGACCTGGGGTATAT,33,2238955
marRp,1.2777777777777777,39,17,ATGACCGCAAAAAATCCCGT,22,2229272
marRp,0.7777777777777778,30,17,ATCTTTATAGTGGGCATTTC,13,2244260
marRp,3.2777777777777777,75,17,ATAGGTTGTCCCACATACAG,58,2247296
marRp,2.611111111111111,63,17,ATAGCTTGAGTGATGGCGTG,46,2241767
marRp,0.5,25,17,ATACGCCGTCAGTCAAAGGA,8,2226414
marRp,0.8888888888888888,32,17,AGTAGGCCCTTGCTTTGGTA,15,2244262
marRp,0.1111111111111111,18,17,AGGCTTGGAACTTGGAGTTG,1,2248475
marRp,0.8333333333333334,31,17,AGGCGCTACCTTCTAAGTCC,14,2220018
marRp,2.6666666666666665,64,17,AGGACATCAAATAGGGTCCC,47,2255763
marRp,1.7222222222222223,47,17,AGCAATTTCCCCCTCCGAAC,30,2259715
marRp,4.055555555555555,89,17,ACTGAAACAAGGTCACTGGC,72,2218930
marRp,0.1111111111111111,18,17,ACTCGCGAACAACGCATCGA,1,2218827
marRp,0.1111111111111111,18,17,ACGCTCGTCTTGGCAGAAAG,1,2256992
marRp,1.5,43,17,ACGACTCTACGCCAAGATAC,26,2238971
marRp,3.111111111111111,72,17,ACATGGAAAAGCTCCAAGAT,55,2254097
marRp,1.0555555555555556,35,17,ACATCTAAGGGTACCGGCAT,18,2240378
marRp,1.6111111111111112,45,17,AATCCTATGGGTATGCTCAA,28,2243042
marRp,0.8888888888888888,32,17,AAGTGAGGGCTGCGACGGAA,15,2250475
marRp,0.2777777777777778,21,17,AAGGTGGTCACAAATTTGTA,4,2223057
marRp,0.1111111111111111,18,17,AAGGAGGATCACGTTTCCGG,1,2220664
marRp,2.5555555555555554,62,17,AAGACTTTGAGCCGTATGTA,45,2235828
marRp,3.111111111111111,72,17,AAAGTCCGTTGAGCTGGGAC,55,2225472
marRp,5.176470588235294,103,16,TTTCTTGTTCTCACATTCCG,87,2223893
marRp,0.5294117647058824,24,16,TTTCTTCGTTATAGCCTAAA,8,2225336
marRp,1.2941176470588236,37,16,TTCGGGTGCGGAGCTTGTGT,21,2227126
marRp,0.17647058823529413,18,16,TTCAGCTGTACGGAAGCCAT,2,2260952
marRp,3.4705882352941178,74,16,TGTGAGGATTGGTCCTCGCA,58,2243948
marRp,1.5294117647058822,41,16,TGGTCTAAATACAGTGGGAT,25,2225575
marRp,1.8235294117647058,46,16,TGGGCAGGCCTGACCGCTAG,30,2227162
marRp,3.5294117647058822,75,16,TCGCAGCATTGAATCGCACA,59,2220500
marRp,0.8235294117647058,29,16,TCCGGTTAGTTGGGTTTTTG,13,2218927
marRp,2.176470588235294,52,16,TCATCCGATGAGACGGCCAA,36,2237027
marRp,0.4117647058823529,22,16,TCAGTGCTACAATATACTTT,6,2220954
marRp,1.5294117647058822,41,16,TATGCACCGAGGACAAGGCT,25,2245582
marRp,2.5294117647058822,58,16,GTGTAATCGCTTGTTATCGC,42,2234506
marRp,0.7647058823529411,28,16,GTGCTAACACTGACTTTGAC,12,2222121
marRp,0.5882352941176471,25,16,GTGCGCTGACCATATCTGGT,9,2232609
marRp,0.47058823529411764,23,16,GTCTTATAAGGGACTTAACA,7,2255054
marRp,0.11764705882352941,17,16,GTCGCTCACTGACTACCGCT,1,2238478
marRp,3.0588235294117645,67,16,GGTAGTGACCACCTAGGGAA,51,2218758
marRp,4.352941176470588,89,16,GGTACTATCTTCCTCGACCC,73,2230370
marRp,1.4705882352941178,40,16,GGGCAAATAAAGTTCATGGA,24,2234238
marRp,0.35294117647058826,21,16,GGCGCTAAAACTCTCGCGAT,5,2260560
marRp,3.411764705882353,73,16,GGCATTTCCCTGGCGCCTCG,57,2258958
marRp,0.11764705882352941,17,16,GGATGCGCAAAAGTGCACGG,1,2225409
marRp,6.294117647058823,122,16,GGATCGCGACTAACATGTGT,106,2245977
marRp,3.0,66,16,GGATAAGCGTGGGAGAGAAG,50,2235696
marRp,1.588235294117647,42,16,GCGTGGTTATACGGGGGTCA,26,2238854
marRp,0.35294117647058826,21,16,GCGCGGTCACGGTTCGGCGC,5,2251060
marRp,0.7647058823529411,28,16,GCCGACGCCCTCTACACAAT,12,2232424
marRp,0.7647058823529411,28,16,GCCCCCCCCTCTGGTATTTC,12,2220208
marRp,0.7058823529411765,27,16,GAGTTAAAGAATGAGAGAGG,11,2222368
marRp,1.2941176470588236,37,16,GAGCGACGTTGGGTTGAATT,21,2250006
marRp,0.23529411764705882,19,16,CTGCTCCAGGTCTTTCCGAG,3,2244693
marRp,0.7647058823529411,28,16,CTGATACCTGTCCCTCCTAT,12,2237092
marRp,1.411764705882353,39,16,CTGAGGTGACGCCAGTATAT,23,2239286
marRp,1.8823529411764706,47,16,CTAGGCATATCACATGCATC,31,2239046
marRp,1.2352941176470589,36,16,CGTGGCGCAGTCAACCACAT,20,2258302
marRp,1.2941176470588236,37,16,CGTCTCTATATCGTCAAAGT,21,2244040
marRp,5.823529411764706,114,16,CGTAGAGAACCGGCAATATT,98,2224126
marRp,1.588235294117647,42,16,CGGACGATGCTAGGAGAACA,26,2255021
marRp,6.294117647058823,122,16,CGATCGACCCAGGCACCCGA,106,2222340
marRp,1.7647058823529411,45,16,CGAGTAGATGCTTAGTGTGT,29,2221228
marRp,0.5294117647058824,24,16,CCGCGTTGGGGTACTTGAGG,8,2224507
marRp,2.6470588235294117,60,16,CCGACCATGGCGGTTAGGGG,44,2249073
marRp,0.11764705882352941,17,16,CCCAGACCAATACTAAACTT,1,2254919
marRp,1.1176470588235294,34,16,CCATTGAGTGTAGCTGGTAA,18,2219176
marRp,0.11764705882352941,17,16,CAGTCTGCTGGGCCTCAATA,1,2254798
marRp,3.588235294117647,76,16,CACTATCAATATTAAATTCT,60,2235106
marRp,9.941176470588236,184,16,CAATGGGCAGCTAGAAACGA,168,2251247
marRp,1.4705882352941178,40,16,ATTCTTGTTAGCGGATTGGT,24,2221390
marRp,3.1176470588235294,68,16,ATGTTATTACCGTCATCTAG,52,2258481
marRp,0.5882352941176471,25,16,ATGCTTCCCGTATGTAGATT,9,2253708
marRp,0.11764705882352941,17,16,ATGCGACATGCCGAGGCTCT,1,2256954
marRp,1.8235294117647058,46,16,ATAATCCCTAAGCCCATCAA,30,2222896
marRp,1.588235294117647,42,16,AGTACCTATTCTTAAGTTTG,26,2255965
marRp,2.0,49,16,AGGTTGATTCCATATTTTAG,33,2223876
marRp,0.11764705882352941,17,16,AGGCCTAGGTCGTTTCCCAC,1,2228815
marRp,0.11764705882352941,17,16,AGGAGCGCACTCGGTGATCA,1,2218415
marRp,1.1176470588235294,34,16,AGCAGACGAAGGTTGTGCCA,18,2245238
marRp,1.6470588235294117,43,16,ACGGCTTTCTATACATAGAG,27,2251375
marRp,2.823529411764706,63,16,ACCGATTGCGCTTGTATTAC,47,2226009
marRp,0.7647058823529411,28,16,ACATACGTCCAGGAGTTTGG,12,2232534
marRp,3.411764705882353,73,16,AATCGTGGGGACCTGCGCTC,57,2240706
marRp,0.11764705882352941,17,16,AATATAACGCTTGACGAGCT,1,2239399
marRp,0.11764705882352941,17,16,AACTGCTTGGGGGCCATACA,1,2260780
marRp,0.11764705882352941,17,16,AACCGGGCTCAACAAAGTTT,1,2238272
marRp,0.47058823529411764,23,16,AAACAAGTAAACGCAATAAG,7,2223036
marRp,1.4375,37,15,TTTGCATGCTGAGGAGGGAT,22,2222162
marRp,1.375,36,15,TTTATAGCTGAATAATGTAA,21,2254183
marRp,0.125,16,15,TTTACGTAATTTTGGCATTA,1,2221659
marRp,1.1875,33,15,TTCAAGAACGAAGAACGGAT,18,2233119
marRp,4.0625,79,15,TTATTTCGAGCCCCACTTTT,64,2229826
marRp,1.25,34,15,TTATTCTCGTTAAATGGTGC,19,2233445
marRp,1.5625,39,15,TTATCTTATATATTAGGCTA,24,2244700
marRp,1.6875,41,15,TGTTTCTAAAGTGCGCCCAG,26,2235361
marRp,4.125,80,15,TGCGGGATGGGGTAATATTG,65,2257783
marRp,0.8125,27,15,TCTTCGCTCAACGGTCATTG,12,2223935
marRp,0.6875,25,15,TCTTCAGCACCCCGATGTAC,10,2260344
marRp,1.0,30,15,TCGTGGGCGGGGACGCTTTA,15,2224281
marRp,1.5,38,15,TCGGTTCACTCGCTGGGATA,23,2234324
marRp,4.0625,79,15,TCGAACTGGAAAAGTGAGTC,64,2249090
marRp,0.125,16,15,TCCTCCTTGGCGGCTCTTCC,1,2222465
marRp,2.5,54,15,TCCGTCTGGCGCCCAAATTG,39,2220215
marRp,0.875,28,15,TCCGATGAGTAGCACAACAG,13,2239455
marRp,1.875,44,15,TCCCGATCCTGGCGGCTGAT,29,2255116
marRp,0.875,28,15,TCCCCACGGCCCACGATTAC,13,2232654
marRp,0.75,26,15,TCCATAAAACCGTCTTGTGA,11,2234220
marRp,1.6875,41,15,TCACAGCTCGGCCCCACCGA,26,2222657
marRp,1.0,30,15,TCAACCTAAAACTCATAACA,15,2227893
marRp,0.125,16,15,TATTTATGGTTACTCGTCAA,1,2244656
marRp,1.1875,33,15,TACCTGCCTGTTGTTTTATA,18,2222786
marRp,0.3125,19,15,TAACTATGCTGAAAGCGGGG,4,2247864
marRp,5.75,106,15,GTGGAGCGATGCGTTATGGA,91,2228170
marRp,4.3125,83,15,GTGAGTGACGTCGCTGTCTT,68,2235483
marRp,1.0625,31,15,GTCTCGGAACCGGACTTTGT,16,2220160
marRp,0.6875,25,15,GTACGTCGTTCCATGCTTTA,10,2259548
marRp,1.0625,31,15,GGCTGTGTTGTCTGATGTAT,16,2241276
marRp,1.625,40,15,GGAACGATGAAATACGTGCT,25,2244089
marRp,0.6875,25,15,GCTCCGCCACAGCTCTGCTT,10,2247637
marRp,0.125,16,15,GCCCGGATCCAACCTCCGAC,1,2252456
marRp,1.375,36,15,GCAATTTGTTTCGGTCCATA,21,2224973
marRp,0.625,24,15,GAGTATTTTCACGATGATAC,9,2249972
marRp,5.3125,99,15,GAGGAGTGCCCCAGTAGATA,84,2227864
marRp,0.8125,27,15,GACCGCGCACCTATCGATAT,12,2232437
marRp,0.375,20,15,GAAAGGCCCGTTCCCGGGTT,5,2235717
marRp,1.375,36,15,CTTCCTACTAATGACCACCT,21,2233924
marRp,1.6875,41,15,CTGGCAGTCTGACAGCTCGG,26,2254743
marRp,1.25,34,15,CTCAGGTCCTGTATAGATGA,19,2257831
marRp,8.3125,147,15,CTATTGGAAAAAACTATTGA,132,2236110
marRp,1.0625,31,15,CTAGTAATAACCCAGCGTCG,16,2250959
marRp,2.375,52,15,CTAGGTGGAAAGGGATAACT,37,2222238
marRp,3.4375,69,15,CGAGATTGCCAGGAAGGAGA,54,2220550
marRp,1.6875,41,15,CCTGAGAATAGACGTACTTT,26,2256242
marRp,1.375,36,15,CCGTCCAGCTGTTATAGGAC,21,2234456
marRp,1.25,34,15,CCCTCCGGGCCAGTGATCCA,19,2231727
marRp,1.1875,33,15,CCATGGGTTACTAATGGCGA,18,2247679
marRp,3.1875,65,15,CAGTAAGTTCTATCGGGAGA,50,2229885
marRp,1.4375,37,15,CAGGGTCTCCCGATACGGAA,22,2246190
marRp,1.625,40,15,CACCTGCCTAGGCATCGTTG,25,2258047
marRp,1.75,42,15,CAACTGCCCATCTCACGAAG,27,2238200
marRp,1.6875,41,15,ATCTCGCATCTCCACTCTGA,26,2236173
marRp,1.0625,31,15,ATCCGGGAGCTCGTTTGCAT,16,2255643
marRp,1.0625,31,15,ATAACAGACTCTATGTTATA,16,2233589
marRp,0.6875,25,15,AGTCGGGCGTGGACGTAACT,10,2234038
marRp,0.375,20,15,AGGGGCCAAGAGGTTATGGT,5,2252032
marRp,2.4375,53,15,AGGCTAAGATTGATAAGGCT,38,2254945
marRp,0.125,16,15,AGGAGTGGGTTGAGGTGTCT,1,2243785
marRp,1.4375,37,15,AGATTTCATTCGAGGATTGC,22,2228915
marRp,1.3125,35,15,AGAGCGGTATCGAGATTGCA,20,2222838
marRp,4.0,78,15,AGAAATCTACCGTTCTATTA,63,2235686
marRp,2.875,60,15,ACTTGCCCGCAAAATACAAC,45,2219671
marRp,1.75,42,15,ACTTCATGCCGGCCAGGTAT,27,2236433
marRp,1.5,38,15,ACCCACGGGAGACCGGTGGT,23,2256393
marRp,2.0,46,15,ACACGTCCACCATTCCGCCA,31,2244850
marRp,0.625,24,15,ACACCCGACCAAACTTTTAT,9,2227548
marRp,1.4375,37,15,ACAATGATTTTAATATCCTT,22,2226011
marRp,0.875,28,15,AATTCAATCTTGTGGGGTAC,13,2252812
marRp,0.9375,29,15,AATCTGTGCCTCGAGTTGGA,14,2244773
marRp,3.5625,71,15,AAGGAGCAAATAAGATCACT,56,2239615
marRp,0.125,16,15,AAGCTCAAGCTATTTACCTG,1,2258776
marRp,1.8125,43,15,AAGAAATCGTTCCTTTAACG,28,2256969
marRp,1.375,36,15,AAATTCATTGTTCCCTTCAT,21,2235355
marRp,0.125,16,15,AAAACGTCAATTCACGTCTT,1,2234662
marRp,0.13333333333333333,15,14,TTTTGGGTGAGTCGTCCTCA,1,2242390
marRp,0.9333333333333333,27,14,TTTGGGGTCCGGCGATGCGT,13,2226395
marRp,0.8666666666666667,26,14,TTTATTTCCTCAAATGGGCG,12,2229540
marRp,0.8666666666666667,26,14,TTCGTGCTTCGCAAAACTTT,12,2225676
marRp,2.3333333333333335,48,14,TTCGGTAGCGTCTGCCGACA,34,2222679
marRp,5.333333333333333,93,14,TTCAGTATGTCGCAGTGATA,79,2231073
marRp,2.0,43,14,TTCACGGACCATCCGAGGGA,29,2224376
marRp,2.7333333333333334,54,14,TTCAAAAAAGGGACTTACTG,40,2232081
marRp,0.6666666666666666,23,14,TTATGCACCGCTAGAGGATG,9,2235763
marRp,1.9333333333333333,42,14,TTACCCACTCATGCGATGCA,28,2224742
marRp,1.4,34,14,TTAAACCCACCAAAGTTCAT,20,2223184
marRp,1.2666666666666666,32,14,TGTGGTGGAAGCCCAGGAAT,18,2258088
marRp,0.5333333333333333,21,14,TGGGTCCGATGTAGGCACCA,7,2243568
marRp,10.4,169,14,TGGCTCTCGCAGGAGGGAAT,155,2256413
marRp,2.3333333333333335,48,14,TGGCCGAGAGAATTTCCATA,34,2239182
marRp,0.8666666666666667,26,14,TGGAGAAACCTAGGAACGCA,12,2232694
marRp,0.9333333333333333,27,14,TGCCACGTGTCCGGGTCCCA,13,2220409
marRp,0.8666666666666667,26,14,TGATGCGTATGGATGAAACA,12,2228644
marRp,1.9333333333333333,42,14,TCTCGGGGTTTCAGGCATGA,28,2246206
marRp,3.4,64,14,TCGGAGCAACATTATGAGCT,50,2243033
marRp,1.4666666666666666,35,14,TCCGGGTAGTGAGTGCCGCA,21,2254573
marRp,0.26666666666666666,17,14,TCCATCCCATACAACCATCA,3,2223022
marRp,2.066666666666667,44,14,TCAATATTCCGAGACCAAAA,30,2229673
marRp,1.4666666666666666,35,14,TAGGTAGTTCCGGGATGATA,21,2218779
marRp,0.8,25,14,TAGGGCTATTATTCGTTATA,11,2244345
marRp,0.13333333333333333,15,14,TACGTACATTTGCCGTTCAG,1,2226892
marRp,9.266666666666667,152,14,TACGTAACTTGTGCATCAGC,138,2245973
marRp,1.3333333333333333,33,14,TACGCTGACTTAAGAGTACG,19,2220592
marRp,11.133333333333333,180,14,TACGATACCTGGCACTATTT,166,2250395
marRp,1.6666666666666667,38,14,TAAGTATCATGTTTAGTTGC,24,2250603
marRp,1.6666666666666667,38,14,GTTTTTTTGTCACCACGGCG,24,2226955
marRp,1.3333333333333333,33,14,GTTTATCCGTCGAACCGACA,19,2238432
marRp,0.3333333333333333,18,14,GTTGCAGCGAAAGGGTCGCA,4,2242322
marRp,1.0,28,14,GTTCTCGATTAGAGAAGGCT,14,2243149
marRp,0.13333333333333333,15,14,GTGACTGAGATACGCCCGTT,1,2232315
marRp,1.7333333333333334,39,14,GTCCAGCCGTGTTTTTTTAA,25,2242010
marRp,1.8666666666666667,41,14,GTACGGATTTATCGCTAAAA,27,2229676
marRp,0.4,19,14,GTAAGTAGTGTCCGGGCGCG,5,2230366
marRp,2.4,49,14,GGTCGGGTTTTCCGGTGGAC,35,2237160
marRp,0.6666666666666666,23,14,GGGCGTGGCGAATCGTACCT,9,2221467
marRp,0.13333333333333333,15,14,GGGAAGAACGACACCCTTAT,1,2248800
marRp,2.8,55,14,GGCATTGCCCCCTTCTTTGA,41,2256554
marRp,1.6,37,14,GGCAAAGCACATGGCAAAGA,23,2242279
marRp,2.4,49,14,GGAGCTTTTAGTTGGACCCC,35,2237701
marRp,1.6666666666666667,38,14,GGAGCGATTAGAAAAGGATT,24,2220240
marRp,1.3333333333333333,33,14,GGAGCGATACTAGAGTGGGG,19,2228105
marRp,4.466666666666667,80,14,GCTTATGGTGAAAGTCAGTG,66,2230371
marRp,0.4,19,14,GCTGGCCCATATCTCTCGAC,5,2223759
marRp,1.2,31,14,GCGTCCTGATGGGAAAGGGA,17,2224207
marRp,0.8666666666666667,26,14,GCGCTGTGGCGCCTTTCCTG,12,2219855
marRp,0.13333333333333333,15,14,GCCCGCGGGATTAACGCTAC,1,2218069
marRp,1.2666666666666666,32,14,GCCCGATATTTCATTTCCTT,18,2226590
marRp,2.1333333333333333,45,14,GAGGACCAATCCGCGGGCGG,31,2240509
marRp,1.8666666666666667,41,14,GAACAGTCCTGACCCAGCCG,27,2242135
marRp,3.8,70,14,CTTTCTTGTTTTCAGTCGTT,56,2252319
marRp,4.933333333333334,87,14,CTTGCCGTAGAGACCACATT,73,2221311
marRp,2.066666666666667,44,14,CTTCGTCAGTGGTATAAATA,30,2218988
marRp,1.2666666666666666,32,14,CTGTGCGGGGTCATGAACAA,18,2233963
marRp,0.9333333333333333,27,14,CTCGCCCAGTTGCACGACTG,13,2227753
marRp,1.8,40,14,CTAATCCGCGGTGGGGGAAC,26,2261103
marRp,1.2666666666666666,32,14,CGGTCCAGCGGCTATAAAAG,18,2223243
marRp,1.2,31,14,CGGAGTAAATGCGCGGCCCT,17,2237210
marRp,0.6666666666666666,23,14,CGAGGAGCAACTATATAGAT,9,2224027
marRp,2.1333333333333333,45,14,CGACCTGTAATTGCAACTAA,31,2239122
marRp,1.5333333333333334,36,14,CCTTTACGGGTCCGACATGA,22,2252770
marRp,5.066666666666666,89,14,CCTTAACAATTTGCTGCAGA,75,2221000
marRp,2.1333333333333333,45,14,CCGACACGTCGGACGTGGGA,31,2255774
marRp,0.4666666666666667,20,14,CCCTGGTTTTAGATTTCACT,6,2227839
marRp,2.933333333333333,57,14,CCCCCGGTGATCAATGGCGT,43,2254076
marRp,1.2,31,14,CCATAACAGTGAAAGATCCG,17,2251267
marRp,1.4,34,14,CCAGGCAATCGATCAACTGA,20,2236801
marRp,2.3333333333333335,48,14,CATAGGGTGGCCAGGCCGAA,34,2238336
marRp,4.333333333333333,78,14,CAGGGCGCCCTAGTGTCTTG,64,2229399
marRp,1.0,28,14,CAGGGACCGTCTACTTGTCG,14,2228768
marRp,1.6,37,14,CAGCGCTATCGTGGAGAAGA,23,2222446
marRp,1.1333333333333333,30,14,CACTCGAGAGGATTACGTGA,16,2234502
marRp,1.8666666666666667,41,14,CAATGAGTTAAGTGTCATCA,27,2225916
marRp,2.0,43,14,CAAAGTCAGGCATTCCATAT,29,2225976
marRp,0.6666666666666666,23,14,ATTGTGCGCACTGGAAGCAT,9,2240759
marRp,3.1333333333333333,60,14,ATTGATGTGGTGGTAAAGGT,46,2243001
marRp,1.2,31,14,ATGGTCCATACCATGGGTTA,17,2252401
marRp,0.13333333333333333,15,14,ATGAAAACTGTGTCGAAATC,1,2223418
marRp,1.2,31,14,ATCCGCCGTCCGTGTGTTCG,17,2240368
marRp,2.2,46,14,AGGGTAGTAACTGCGATCTC,32,2256994
marRp,0.4666666666666667,20,14,AGGACCTGGCTCATGGAAAG,6,2231199
marRp,1.0666666666666667,29,14,AGCGTGGGGGCCATGGGTAC,15,2235209
marRp,0.2,16,14,AGATATACAGATGCGATACG,2,2226745
marRp,1.4666666666666666,35,14,AGACCGTAGTGGTAGGATCT,21,2252347
marRp,2.2666666666666666,47,14,AGAATGTTTACATAGACTAT,33,2250277
marRp,1.0666666666666667,29,14,AGAAGTGACGGGTATGTCCA,15,2239352
marRp,1.4666666666666666,35,14,ACTCGGTTCCGTCGCGCGCT,21,2247436
marRp,1.7333333333333334,39,14,ACGGGCGCGTAGAATTTCTC,25,2228562
marRp,0.13333333333333333,15,14,ACGCCGCCAACACAGCAGTT,1,2226050
marRp,3.466666666666667,65,14,ACCGGTTTTGAGCGTTTCAT,51,2246127
marRp,0.13333333333333333,15,14,ACCCCGGATCTTCGGTCCAG,1,2244696
marRp,1.7333333333333334,39,14,ACATTTTATGTCGTCAGCAG,25,2223814
marRp,0.8,25,14,ACAGGATCCAGTATCAAGGC,11,2228687
marRp,1.5333333333333334,36,14,ACACCGTCAAGGAAGACTCG,22,2254030
marRp,1.5333333333333334,36,14,AAGACGACTTTGATACGAAT,22,2220432
marRp,1.6,37,14,AACGTTGTGTACAGCCGGCT,23,2218752
marRp,2.6666666666666665,53,14,AAAAAGTATTAGAACTGAAC,39,2229038
marRp,1.8571428571428572,38,13,TTTGCCGTGTAGAGGATTGA,25,2253108
marRp,3.9285714285714284,67,13,TTTGATGTAAGGTTCGGCAG,54,2226606
marRp,2.5,47,13,TTGAATGGAACACAGAAACC,34,2245626
marRp,0.14285714285714285,14,13,TTCTGTATAACCTTTAAAAC,1,2240188
marRp,1.2142857142857142,29,13,TTCACAGATAGGACGTTACA,16,2247820
marRp,2.0,40,13,TTATGTAGTAAGCAAGTTCT,27,2235153
marRp,1.0714285714285714,27,13,TTAGCGCCTGTATTAAGCGC,14,2225006
marRp,0.14285714285714285,14,13,TGTTTCTAGCGGGTAAAGTG,1,2246688
marRp,2.2142857142857144,43,13,TGTGGTTGAACCCGAACTCA,30,2253489
marRp,0.14285714285714285,14,13,TGTCGTACTGGAGGGGAACT,1,2233970
marRp,3.0,54,13,TGTAAACGGATTCAATCTGT,41,2246297
marRp,0.7857142857142857,23,13,TGGTTTCTACAGGTCGGGTC,10,2230620
marRp,1.9285714285714286,39,13,TGGGTGAGCGTTATCGCACT,26,2247894
marRp,1.1428571428571428,28,13,TGGGACAGGAGGTGCTCGCT,15,2243548
marRp,2.4285714285714284,46,13,TGGGAACCTGTTATTCTCAA,33,2224093
marRp,8.071428571428571,125,13,TGAGGCGAAGTTTCGCGAAA,112,2222758
marRp,1.0,26,13,TCCGTATTGCTCGCTTGCCA,13,2218558
marRp,1.2857142857142858,30,13,TCCGGGATAAGATTTGCCAT,17,2240656
marRp,1.7142857142857142,36,13,TCACAGCCACACGGGTAGCT,23,2252466
marRp,11.214285714285714,169,13,TATACGGCGGGGCAGGCTTG,156,2234335
marRp,3.357142857142857,59,13,TAGCTAAGGCAATTAATCTG,46,2232741
marRp,3.357142857142857,59,13,TAGAGCAAAAGGGAAGATCG,46,2250707
marRp,2.642857142857143,49,13,TACCCATGCTTATAGAGGCT,36,2258607
marRp,1.0,26,13,TAACAGTTACAGGAAGGTGG,13,2237123
marRp,2.642857142857143,49,13,GTTGCTTTATGTGGGATAAC,36,2231294
marRp,1.2142857142857142,29,13,GTGTCCACGGGATGGGACGG,16,2242205
marRp,2.2857142857142856,44,13,GTGTATCTTCCCCTGGAGAG,31,2224129
marRp,1.5,33,13,GTCTATGTTTCATAGTATGA,20,2236491
marRp,6.214285714285714,99,13,GTCCAGGTATTTTAGAGATA,86,2225048
marRp,0.35714285714285715,17,13,GTCACAAAGGTTAGTTAGGA,4,2249438
marRp,1.7857142857142858,37,13,GTATTATCCAGGGCCAAGTC,24,2257520
marRp,0.14285714285714285,14,13,GTATATTAATTAAACCAGGT,1,2250526
marRp,1.1428571428571428,28,13,GGTTTATCTGTTACCCTGAT,15,2234216
marRp,1.0,26,13,GGTCGCACAAACCGTATCGT,13,2242462
marRp,2.7857142857142856,51,13,GGTAAGATAGCTTACCGATA,38,2260357
marRp,0.7142857142857143,22,13,GGGTAAATTAGGGTCACCCG,9,2231134
marRp,3.5,61,13,GGGCATAGCAGCGGCCTATG,48,2229526
marRp,1.8571428571428572,38,13,GGGCAGAACTTTGGTCGGCT,25,2237794
marRp,1.2142857142857142,29,13,GGCTTCTCCGCCAGTTAATT,16,2230553
marRp,1.5,33,13,GGCGGACAACATAATTGGGC,20,2237153
marRp,2.142857142857143,42,13,GGCACGCGCAGGGGAACACG,29,2232570
marRp,2.4285714285714284,46,13,GGACTGTACCGTGATTCTAG,33,2243485
marRp,2.2142857142857144,43,13,GGACGAAGTTACGCTACCCT,30,2219101
marRp,0.21428571428571427,15,13,GCTTAATCACGGGAAATCGC,2,2247488
marRp,1.2857142857142858,30,13,GCGTCGGAGGCAGGAGACAG,17,2246447
marRp,3.0,54,13,GCCTCCAACTGCACTAGAAC,41,2253197
marRp,4.214285714285714,71,13,GATTGATTCTAACAAACACA,58,2219293
marRp,1.5,33,13,GAGGAGACCCCATCGGCTAA,20,2223969
marRp,0.8571428571428571,24,13,GAGGACTCGGATATTGAGCT,11,2230415
marRp,0.14285714285714285,14,13,GAGCCTGATGAGGGTATGTG,1,2251950
marRp,0.8571428571428571,24,13,CTTTGCTGTACGGGCAGTGA,11,2219451
marRp,0.8571428571428571,24,13,CTTCCTTTCGCCTGCTTGCA,11,2248199
marRp,1.8571428571428572,38,13,CTCAGATTTAGGTTCTCACT,25,2255322
marRp,1.7142857142857142,36,13,CTCAATGAGGAGCGCCATTC,23,2245662
marRp,0.7857142857142857,23,13,CTCAACGGCTTACATGGACA,10,2253538
marRp,1.5714285714285714,34,13,CTAGTGGTGCGATTTGGTTT,21,2217970
marRp,1.2142857142857142,29,13,CTACGCGAGGCGGGATCCTA,16,2244797
marRp,3.357142857142857,59,13,CGTACTTCTGGTAATGCAGC,46,2248168
marRp,4.857142857142857,80,13,CGCTTGAGGGTGTTGTACAT,67,2229636
marRp,0.21428571428571427,15,13,CGCTCCAGGCTTTAAATTCG,2,2218089
marRp,0.14285714285714285,14,13,CGAGCTTCAGCGTCTACCAC,1,2221771
marRp,0.7142857142857143,22,13,CCTGATTGGCTAAGGCCCGA,9,2251901
marRp,2.2857142857142856,44,13,CCGTGTGGTGTCCCCGATGT,31,2230954
marRp,1.5714285714285714,34,13,CCGTAGCGACACCAGGTGGC,21,2231611
marRp,2.7142857142857144,50,13,CCGTAGCAAGCGCGTGGAAC,37,2232601
marRp,1.4285714285714286,32,13,CCCTACGGGGTTATCTCCTG,19,2242782
marRp,1.4285714285714286,32,13,CCCACGACCTTAGTATTGAC,19,2233098
marRp,3.4285714285714284,60,13,CCATTTCATAATAGATAACG,47,2231182
marRp,4.142857142857143,70,13,CATTGGTGATTCGCGCAAAT,57,2259220
marRp,8.071428571428571,125,13,CATTACGATAGGACAGAGCA,112,2237340
marRp,0.14285714285714285,14,13,CATGCGGCACGACTCACGGA,1,2244510
marRp,1.3571428571428572,31,13,CAGTACTTCTGGCGTCCAAT,18,2257821
marRp,0.8571428571428571,24,13,CAGGACACTTTGGGAATTCC,11,2249067
marRp,2.5,47,13,CAGATGACAGATCACAGATA,34,2259618
marRp,5.857142857142857,94,13,CAAATTGGCTTGCTGGCGAG,81,2233316
marRp,0.7857142857142857,23,13,ATGGGTAACACGGGATACAT,10,2258659
marRp,2.5,47,13,ATATCGCTGTCTAATGGAGT,34,2223371
marRp,2.2142857142857144,43,13,ATAGAGAGGGGCGGCGACAC,30,2232043
marRp,2.5714285714285716,48,13,AGGGGTGGAGTATGCAGTAT,35,2233648
marRp,2.357142857142857,45,13,AGCGTGTCGATGATGCAATT,32,2237631
marRp,1.7142857142857142,36,13,AGAACCGTATATGATGGTTC,23,2234846
marRp,1.2857142857142858,30,13,ACTGTTTACGTGTGGCGGGG,17,2222429
marRp,1.9285714285714286,39,13,ACCACCGGGAGGTGGACCGC,26,2243144
marRp,1.6428571428571428,35,13,ACACGGCTCTACAACACCAT,22,2228178
marRp,0.8571428571428571,24,13,AACTTAACAATGTTTTGATG,11,2227459
marRp,2.7142857142857144,50,13,AACGAGTACCCGCATCAACA,37,2236659
marRp,0.6428571428571429,21,13,AACACTGTATATGGCGGTAA,8,2238412
marRp,2.0,40,13,AAATGCAAGGGTCTGGAGCT,27,2243677
marRp,3.923076923076923,62,12,TTTCTCCCAAGTGCTGACGG,50,2219269
marRp,2.6923076923076925,46,12,TTTCGAACGATTTCATGCGT,34,2255062
marRp,2.3076923076923075,41,12,TTGCGGTCCTCAATAGTGCT,29,2250080
marRp,2.3846153846153846,42,12,TTGAAGCCATTCCTTGCGCA,30,2218987
marRp,1.5384615384615385,31,12,TTCCGGAGCTTCTATTATAG,19,2227073
marRp,1.4615384615384615,30,12,TTCCGAAGGTAGCTGTTGTT,18,2230320
marRp,1.6153846153846154,32,12,TTAGCTTGGATTACGCGACT,20,2256690
marRp,1.9230769230769231,36,12,TGTTTATCCGTTAATGCTCT,24,2220783
marRp,2.1538461538461537,39,12,TGTGGTCAGCAGGGATATAT,27,2239217
marRp,8.692307692307692,124,12,TGGTACATAGATCCTAACCT,112,2243289
marRp,1.0769230769230769,25,12,TGGGTTGTAGAAGGGTAGGA,13,2244314
marRp,1.4615384615384615,30,12,TGCGTTACATTCTACTTTGG,18,2254795
marRp,0.15384615384615385,13,12,TGAACCTAGTGTCTATGAAG,1,2228129
marRp,2.1538461538461537,39,12,TGAACCAAGCTAGTCAGAGC,27,2245646
marRp,0.15384615384615385,13,12,TCTGCCGCAAGTTTATTACA,1,2229599
marRp,0.15384615384615385,13,12,TCGTTCCAGATATTGGAACA,1,2248435
marRp,1.6153846153846154,32,12,TCGGAGTACAACAACTTTAG,20,2244866
marRp,0.15384615384615385,13,12,TCCGTAGCGCTAGGGTGTAG,1,2225198
marRp,1.6923076923076923,33,12,TCAGATGTCACGTACGCGTA,21,2236181
marRp,0.6923076923076923,20,12,TCAATTTTGGATGTTGCTGG,8,2243398
marRp,1.0,24,12,TAATAAGTTAGACACAAATA,12,2234796
marRp,2.8461538461538463,48,12,TAAACATTAGGTGCTAGGGA,36,2253657
marRp,0.6923076923076923,20,12,GTGATAACCTTGTTAGGGTA,8,2222099
marRp,0.8461538461538461,22,12,GTCCTCCCCTGGTTTCGGCT,10,2249716
marRp,1.7692307692307692,34,12,GTAGGGGTAATTCCGTTAGA,22,2250854
marRp,0.8461538461538461,22,12,GGTAACCGCTCGAGGTTTAA,10,2219508
marRp,3.3076923076923075,54,12,GGCTCATATAATCGTAATAT,42,2224316
marRp,3.1538461538461537,52,12,GGCGGGTACTGCCGTTCAAT,40,2255995
marRp,1.2307692307692308,27,12,GGCAAGACAGACAGCCTGTA,15,2251007
marRp,1.1538461538461537,26,12,GGATGGACAAAGTTTTCGCA,14,2232350
marRp,0.15384615384615385,13,12,GGATATTAGCATGTTAAACA,1,2228767
marRp,2.3846153846153846,42,12,GGATATCCCGAGGGCATGCG,30,2218062
marRp,1.2307692307692308,27,12,GGAGTTCCCAACGAGCATGG,15,2229252
marRp,2.6153846153846154,45,12,GGAACGCGACTGCCGGGTAT,33,2242734
marRp,1.6153846153846154,32,12,GGAAAGCACGGTAAGAATGT,20,2255619
marRp,1.9230769230769231,36,12,GCTCACAACATGTATGATGT,24,2221069
marRp,5.0,76,12,GCTAGTCTCGTTGCAAGCGG,64,2225134
marRp,0.15384615384615385,13,12,GCGGGTTCACGAGGTTAAAT,1,2248406
marRp,2.3846153846153846,42,12,GCGCGTTGATAATAAAGACA,30,2248675
marRp,2.0,37,12,GCCTTCGGTTCCACTTGCTA,25,2230275
marRp,1.3846153846153846,29,12,GATAACAAGGACACGAGCTG,17,2238815
marRp,2.0,37,12,GAGTGGACTGGTTTACCATA,25,2227229
marRp,20.076923076923077,272,12,GAGACAATCAAAAAATCTGC,260,2242217
marRp,0.15384615384615385,13,12,GACTGGTCTGTCCTTTTATT,1,2260141
marRp,0.15384615384615385,13,12,GACCTGAGGATCCCCGTGCC,1,2230278
marRp,1.6923076923076923,33,12,CTTCGTCAGTGCACTTTCCT,21,2248909
marRp,4.230769230769231,66,12,CTTCCGATCGGGGCAATAGT,54,2221263
marRp,0.3076923076923077,15,12,CTGTTATTGTTGAACCCACA,3,2224171
marRp,0.3076923076923077,15,12,CTGTGGAAAGAGTCAAATGC,3,2249394
marRp,2.230769230769231,40,12,CTGTAAAAGATATGGTTCGA,28,2228061
marRp,0.15384615384615385,13,12,CTGCTGAGAAGTATTGCTAC,1,2240151
marRp,2.4615384615384617,43,12,CTGCCGAGCCCTTTATATGA,31,2231023
marRp,2.5384615384615383,44,12,CTGAGTATAGATAATAGATT,32,2226174
marRp,1.3846153846153846,29,12,CTAGATTTCGTCGTCCCAGG,17,2222102
marRp,1.3846153846153846,29,12,CTACATCCCGTGAAAAACGA,17,2237497
marRp,1.6923076923076923,33,12,CGGTTGTATAGCTCAACCGG,21,2258294
marRp,2.076923076923077,38,12,CGGGCGATTGAGGAGACTAG,26,2247360
marRp,0.38461538461538464,16,12,CGCGGGCCACCTGGTGAGGT,4,2258770
marRp,2.3076923076923075,41,12,CGCATTAACCTTCGCTACTA,29,2242110
marRp,4.384615384615385,68,12,CGAGGGTGCCGTGGGTTGAT,56,2249858
marRp,9.307692307692308,132,12,CGACGGTTAGGCCAGATCAG,120,2257775
marRp,0.7692307692307693,21,12,CCTGAGCAGGCTAGCTGCTA,9,2246549
marRp,1.9230769230769231,36,12,CCTCATTTCCCCAATTGGAA,24,2235414
marRp,0.38461538461538464,16,12,CCGTCCACCTGTCAGCCGAG,4,2234819
marRp,3.6153846153846154,58,12,CCCAGCCACCATGCCGGACT,46,2259305
marRp,4.615384615384615,71,12,CCACGTAAGTAGTACATTTT,59,2247818
marRp,1.6153846153846154,32,12,CATACCAGCAACCTCTTCAA,20,2220452
marRp,0.38461538461538464,16,12,CATAAGTTAATCGTCATTTA,4,2257830
marRp,1.1538461538461537,26,12,CAGTGATATTATTCCCGGGG,14,2224255
marRp,1.3076923076923077,28,12,CAGGTCACACCAGTGCGGTC,16,2255081
marRp,0.15384615384615385,13,12,CAGGTATGCCAATCGCCCGC,1,2252815
marRp,0.46153846153846156,17,12,CAGAGAAGGATGAGCGCGAT,5,2220449
marRp,4.769230769230769,73,12,CACTCTGGAGGTTACATTCA,61,2239317
marRp,2.0,37,12,CAACACTCCCGAGATCTACT,25,2256488
marRp,1.5384615384615385,31,12,ATTTCCGCGGGGGGCATGAT,19,2228008
marRp,1.6923076923076923,33,12,ATTAATGTGTGCAAAATGTA,21,2230523
marRp,3.6923076923076925,59,12,ATGTAGTTATTTGCGCGTGT,47,2220055
marRp,3.5384615384615383,57,12,ATGTAGCGGTCGGGTCCCGA,45,2227508
marRp,4.846153846153846,74,12,ATGGTTTCACCCAGGGTACT,62,2225231
marRp,1.0769230769230769,25,12,ATGGCCCTGGTCTTATGGTA,13,2219395
marRp,1.3076923076923077,28,12,ATGAAGACGGGAGTTCCGAT,16,2259526
marRp,1.3076923076923077,28,12,ATCTGGGGACACTCTGCGTG,16,2246542
marRp,4.076923076923077,64,12,ATCGTCACAATTGCACAACC,52,2223522
marRp,6.384615384615385,94,12,ATACTAATACGGTGGGGTTT,82,2240902
marRp,1.6153846153846154,32,12,ATACACAATGACGGTGCGTC,20,2233590
marRp,0.15384615384615385,13,12,AGTTAAGAGCGTGCCTACAT,1,2221104
marRp,4.923076923076923,75,12,AGGTGTCATGTATAAATGTG,63,2233680
marRp,0.46153846153846156,17,12,AGGTCTGGGTCAGCGTAACT,5,2260345
marRp,3.230769230769231,53,12,AGGCGTTCCGGTAAGCCCTG,41,2259773
marRp,0.46153846153846156,17,12,AGGCACATTACGGTGTTTAG,5,2244713
marRp,0.15384615384615385,13,12,AGAGGATGTCTGAGTCCGAT,1,2227369
marRp,1.6153846153846154,32,12,AGAACACAAGTGCACCCCAG,20,2257037
marRp,10.692307692307692,150,12,ACGCACTTCGCGCCATACGG,138,2230372
marRp,0.7692307692307693,21,12,ACGAATCGGAGAAGCATAAT,9,2248040
marRp,0.15384615384615385,13,12,AAAGTTGCTTTACCAAAGAG,1,2236247
marRp,0.15384615384615385,13,12,AAAGCGCGGGCGGAGACGTA,1,2255666
marRp,0.15384615384615385,13,12,AAACTTCGGGGGCGTCTGGT,1,2227124
marRp,1.1666666666666667,24,11,TTTTCCAATTCCCCGCTTCG,13,2250521
marRp,9.75,127,11,TTTCTCCCACTTGTAGTGTA,116,2221484
marRp,3.1666666666666665,48,11,TTTCGTTAAGTAGTTCAGTT,37,2220448
marRp,2.5,40,11,TTGTTAGCGACTGGATGCAA,29,2219170
marRp,0.6666666666666666,18,11,TTGTATGTACGCCACTTATA,7,2221162
marRp,0.8333333333333334,20,11,TTCGATATCGTCTGTACGGG,9,2234470
marRp,12.666666666666666,162,11,TTCCGGGACTGCCCAATTGT,151,2238105
marRp,0.16666666666666666,12,11,TTCACTTCCAGATCATAGCT,1,2223416
marRp,2.0,34,11,TTATAGATCGCTTGTGGTAC,23,2235300
marRp,4.666666666666667,66,11,TTAGGAACATTCGCGTCTAT,55,2243984
marRp,2.8333333333333335,44,11,TGTTTATATCGGTGGGAAGT,33,2220255
marRp,3.0833333333333335,47,11,TGTCGCTATTAATAATTTCC,36,2249074
marRp,1.4166666666666667,27,11,TGTCCAGCCGAACATTAGAG,16,2228443
marRp,8.666666666666666,114,11,TGTAAAAACGTGGAACTGTG,103,2257326
marRp,7.0,94,11,TGGGTGCCCCATAAAAGATA,83,2236325
marRp,1.0833333333333333,23,11,TGGGAATGACTGTCTTTGCA,12,2227892
marRp,3.0,46,11,TGCGGTGGCTCTCTATACTT,35,2247109
marRp,1.9166666666666667,33,11,TGCCTTCAGGCACGTCTAGC,22,2257808
marRp,2.25,37,11,TGCACACCAGAGAGCCGATC,26,2219169
marRp,3.5833333333333335,53,11,TGAGGCAAAGTTTCGGTATA,42,2236748
marRp,0.5833333333333334,17,11,TCTTGGGTCGGCAGTGGTGA,6,2235742
marRp,1.5833333333333333,29,11,TCGTTGGAAAATGGTGTCAT,18,2223483
marRp,0.9166666666666666,21,11,TCGGGGTGTCAACTGTGCAT,10,2237454
marRp,3.5,52,11,TCCTAGTGTTTATTGTTGCA,41,2248794
marRp,2.6666666666666665,42,11,TCCATTCACCCTGAAGTCCG,31,2242513
marRp,2.8333333333333335,44,11,TCATGTACGACGTTAGAAGA,33,2222816
marRp,1.3333333333333333,26,11,TATGAATATTTACCCCCTAG,15,2219483
marRp,1.9166666666666667,33,11,TATAAATGCTATAATATGCG,22,2255548
marRp,14.75,187,11,TAGCAGCCATCGGCATGATC,176,2248560
marRp,7.833333333333333,104,11,TACGAGGGGTGCGAAACGTG,93,2219565
marRp,1.5833333333333333,29,11,TACCATAACTGTCGCCTATT,18,2244333
marRp,2.4166666666666665,39,11,TACACGTAAGGTCCTCTAGG,28,2251091
marRp,0.16666666666666666,12,11,TAATTCGATCTTTGAAATCA,1,2245763
marRp,0.5,16,11,TAAGGCTTTCACAATAGGGA,5,2226043
marRp,1.3333333333333333,26,11,GTCTACTGTAGTTATTTGAT,15,2232695
marRp,1.25,25,11,GTCGATAACCGTTTGTGACT,14,2221713
marRp,1.8333333333333333,32,11,GTATACTTCATTGAACTGAC,21,2227694
marRp,1.3333333333333333,26,11,GGTTCACTTTGCATTAAGGC,15,2248581
marRp,1.3333333333333333,26,11,GGTTCAACCTAGTGTAAATA,15,2230075
marRp,1.25,25,11,GGTGGCTCCCTCGTTGCAAC,14,2232378
marRp,0.4166666666666667,15,11,GGTGAGCACGAACAGTCGCG,4,2235852
marRp,1.4166666666666667,27,11,GGTCGGCTGATCGTCTGATT,16,2224314
marRp,0.16666666666666666,12,11,GGTAGCAAGGGGGTTGTGAT,1,2256427
marRp,3.0,46,11,GGTACTCGAGAAGGCCGAAT,35,2228607
marRp,1.8333333333333333,32,11,GGGATTCATTTCCCTAGGGT,21,2259364
marRp,4.25,61,11,GGCGTGCATGACTAGCGCAT,50,2229825
marRp,2.6666666666666665,42,11,GGAGATTAAAGAGCACATCC,31,2219318
marRp,2.5,40,11,GGAAGCACGTGTACCCCGGT,29,2259339
marRp,1.1666666666666667,24,11,GCTCGGCTATTGGGCGGGCT,13,2258251
marRp,1.3333333333333333,26,11,GCTCATCCGTCTGCCGAACC,15,2224439
marRp,1.4166666666666667,27,11,GCTCAAGAAGTTAGCGTAAT,16,2241982
marRp,8.583333333333334,113,11,GCGTTGTTTGTTTGAGTCCG,102,2240699
marRp,1.1666666666666667,24,11,GCGGGATCAGCATTACATAG,13,2218176
marRp,0.16666666666666666,12,11,GCGGGACTGTACACCTATAA,1,2254202
marRp,3.0,46,11,GCGCGATAAATGTCATCATT,35,2226108
marRp,0.9166666666666666,21,11,GCCTGATAGTGCTGTTGCGA,10,2258910
marRp,2.5833333333333335,41,11,GCCTATCTATGCTCATGCTT,30,2223339
marRp,0.25,13,11,GCCATAGAGTTTTCTGGTGA,2,2246042
marRp,0.9166666666666666,21,11,GCATCAAAAGTCTTCATGCT,10,2221391
marRp,7.25,97,11,GCAATCACAGAGGGTATCGT,86,2254424
marRp,4.916666666666667,69,11,GATAATGGCTCGAGCGATGT,58,2250804
marRp,1.25,25,11,GAGTGAGGTGTCTTTACAAG,14,2243853
marRp,3.3333333333333335,50,11,GAGTCGTGCCTTGGGGTTAT,39,2221031
marRp,1.8333333333333333,32,11,GACATATACCGCACAGCTGA,21,2228585
marRp,2.4166666666666665,39,11,GAATTTGCGATGTATAGGCA,28,2237929
marRp,2.75,43,11,CTTCTGGCATCAGAAGAACT,32,2222791
marRp,1.8333333333333333,32,11,CTGTGGCCATTCAACATCTA,21,2228493
marRp,2.5833333333333335,41,11,CTGGGCACTGGACTCGGAAG,30,2220927
marRp,2.8333333333333335,44,11,CTGCTCGGCTATGCTAGATA,33,2233255
marRp,1.5,28,11,CTGCGAATAGCTCAATCAAG,17,2226302
marRp,9.333333333333334,122,11,CTGACGCGAGGTGTAACAAT,111,2246870
marRp,3.5,52,11,CTGAATAGATTCCCAACCCT,41,2249212
marRp,7.5,100,11,CTCAGTATCATCGAAAACTA,89,2224736
marRp,1.9166666666666667,33,11,CTCAACTTGGGGGCTTCTTA,22,2223644
marRp,2.0833333333333335,35,11,CTATCGGTTTTGTCGTAGGC,24,2239552
marRp,1.9166666666666667,33,11,CGTTATCCCAGGCTTCCTAA,22,2235904
marRp,0.5,16,11,CGTCTATACTCAACAATGGT,5,2250894
marRp,4.583333333333333,65,11,CGGTACCCCTGGTTGATTTT,54,2234217
marRp,1.8333333333333333,32,11,CGGGGCTAGTGACATTGAAT,21,2218742
marRp,3.3333333333333335,50,11,CGGGCGGACCTTGAAGATGA,39,2256988
marRp,1.0833333333333333,23,11,CGGCTGAAATATCCTAGTGC,12,2224055
marRp,2.9166666666666665,45,11,CGGCCGCAACATGACAGTTA,34,2236469
marRp,0.25,13,11,CGGAGTCGGACTCAATTTTA,2,2219504
marRp,0.25,13,11,CGGACTAAATAGATGTCCTA,2,2236404
marRp,3.0833333333333335,47,11,CGCTCGCTGAGGTGACATTC,36,2222190
marRp,4.5,64,11,CGCTATATTTTTGTTATGTA,53,2237343
marRp,1.1666666666666667,24,11,CGCCGATGGAACTTTAACGG,13,2226868
marRp,1.1666666666666667,24,11,CGAATCGTGGAGCCGTAAAT,13,2224876
marRp,0.16666666666666666,12,11,CGAAGGTCAAGACTACGATA,1,2251322
marRp,2.0,34,11,CCTGCACCGTGAACTGGTAG,23,2242090
marRp,1.5833333333333333,29,11,CCTCATTACCGATGGACTCC,18,2249779
marRp,3.5833333333333335,53,11,CCGTGTCGCAACGAGCACGA,42,2236308
marRp,4.666666666666667,66,11,CCGTCATGGTGTTACCTATG,55,2249725
marRp,0.6666666666666666,18,11,CCGGCCCCGGCCTGTATGTA,7,2251683
marRp,1.3333333333333333,26,11,CATTGTAAGGGTTTTCTGTG,15,2230114
marRp,2.4166666666666665,39,11,CATTCTAGTAACCAGGACTA,28,2227072
marRp,2.8333333333333335,44,11,CATTCCCTGGGGCAGGCTTA,33,2224056
marRp,1.5,28,11,CATTACAGAAGCTAATAGAT,17,2249498
marRp,0.16666666666666666,12,11,CATCCGAATTCTTCTAAGTT,1,2225743
marRp,7.5,100,11,CATCATCGGGCGATTTGTTC,89,2224914
marRp,2.0833333333333335,35,11,CAGGGCATGAAGATGCCGAG,24,2246070
marRp,0.4166666666666667,15,11,CAGCGGATCATGAATGCGCC,4,2246649
marRp,1.75,31,11,CAGAGATATAGGGTAACGAG,20,2222836
marRp,3.1666666666666665,48,11,CACGACGGAAAACATGAAGT,37,2221430
marRp,1.5833333333333333,29,11,CACCCGGCCTCAGTATCCAT,18,2238324
marRp,1.25,25,11,CAATGGGCTCGTAAGTGCCA,14,2233587
marRp,3.5,52,11,CAAATAGAGGTCACATAGCT,41,2241595
marRp,4.25,61,11,CAAAAGATCCATGTTTTGTA,50,2251570
marRp,2.9166666666666665,45,11,ATTGGTCCGGGGTTTAACCG,34,2221792
marRp,1.5833333333333333,29,11,ATTAGTAGCTAAGTCGAGGG,18,2249431
marRp,4.25,61,11,ATGTGCACCTTTGAATTAAG,50,2245548
marRp,0.16666666666666666,12,11,ATGTGAGGACCCTCCGAATT,1,2253512
marRp,0.6666666666666666,18,11,ATGTGACGACTCAGGCACGA,7,2227345
marRp,0.25,13,11,ATGTACTTTTTGACCAGAAT,2,2249717
marRp,0.8333333333333334,20,11,ATCTACCGCAGCGGAATTGC,9,2221388
marRp,7.666666666666667,102,11,ATCGTTTCCCCCCATCGCAT,91,2235066
marRp,0.8333333333333334,20,11,ATCAAAAGGGGGGCATAGGT,9,2226613
marRp,3.8333333333333335,56,11,ATAGAGGTTATCATTAGCAG,45,2243956
marRp,1.5833333333333333,29,11,ATACGCTGCCTGCCGCGTGG,18,2254242
marRp,2.0,34,11,AGTTCCGGGTCCCAATGAGT,23,2248876
marRp,0.75,19,11,AGTCATTTTCCAAGGGGCTA,8,2241851
marRp,10.166666666666666,132,11,AGTAAGATGTTTAAACGATT,121,2252901
marRp,1.0,22,11,AGGGGTCTTCTCAGCTTTCG,11,2232812
marRp,1.8333333333333333,32,11,AGCTTACTGGCAAAATAGAA,21,2224990
marRp,3.75,55,11,AGCAGAAGCACCTAGGTTTT,44,2245227
marRp,1.5,28,11,AGCAAGCATCGGTCCCGGGT,17,2235097
marRp,2.0,34,11,AGACGGTAACCTCGGGTTCA,23,2248648
marRp,7.416666666666667,99,11,AGAACTGCCTGGAGAGTCCT,88,2226574
marRp,0.25,13,11,ACTGAGTACGAATTGTGCTG,2,2258603
marRp,1.8333333333333333,32,11,ACTATCTGTTCAAAGCTTAT,21,2260887
marRp,1.3333333333333333,26,11,ACTAAGGGCTCTGAACATAC,15,2250809
marRp,5.833333333333333,80,11,ACGTTTGACGCCCCTCGGCC,69,2226139
marRp,3.5833333333333335,53,11,ACGGAATATCGTGGTGATTA,42,2254118
marRp,4.166666666666667,60,11,ACGCTTATCATATAATAGCT,49,2220781
marRp,0.6666666666666666,18,11,ACGCGAAGCATTCTCGGAGT,7,2246293
marRp,1.5,28,11,ACCTTATTGCTGGTTCGATG,17,2247457
marRp,0.16666666666666666,12,11,ACCCGCGAACACATACATGA,1,2246985
marRp,1.0833333333333333,23,11,ACAGTAGATCACGTGGGTAC,12,2229103
marRp,2.0,34,11,ACACAAATTAATACGTCGGA,23,2224903
marRp,1.9166666666666667,33,11,AATCTCTGCCCGACGGGATA,22,2238192
marRp,2.1666666666666665,36,11,AATCCCCAGCATCGACGAAA,25,2247623
marRp,0.16666666666666666,12,11,AATAAGCGTCGGGTCAGTTC,1,2243739
marRp,3.9166666666666665,57,11,AAGCGGTCCAGAGTGCGTTG,46,2251676
marRp,0.75,19,11,AAGCCAATGTCTCGGATGAT,8,2241040
marRp,3.4166666666666665,51,11,AACTTATTCTTTAAGTAAAT,40,2249967
marRp,4.833333333333333,68,11,AACTCTTTGAAACACCGCGA,57,2222053
marRp,0.3333333333333333,14,11,AACCTTTCAGATTCCCTCTA,3,2222959
marRp,0.2727272727272727,12,10,TTTTCAGTTAGTCTATAGCC,2,2237026
marRp,0.18181818181818182,11,10,TTTGTACACAGATTCGTGAC,1,2256666
marRp,0.7272727272727273,17,10,TTTACGCATCTAGCGGCCTT,7,2237845
marRp,3.090909090909091,43,10,TTGGCTTCTTGCGACCTGGA,33,2219846
marRp,0.18181818181818182,11,10,TTGATGTAGGCTGACAGTCA,1,2219111
marRp,3.1818181818181817,44,10,TTATTGTCAGACTATGGTAG,34,2223537
marRp,0.7272727272727273,17,10,TTAAGGTAACCGTGTGGCCC,7,2233054
marRp,0.2727272727272727,12,10,TGTCCCGTATCACCCAGGTT,2,2256850
marRp,1.0,20,10,TGTCATACCCTGCCTCGGTT,10,2239911
marRp,5.181818181818182,66,10,TGGGGTGGAAAAAGTGCCCC,56,2256901
marRp,2.8181818181818183,40,10,TGGGGCTACCCGCCCGAGGT,30,2227202
marRp,1.0,20,10,TGCGACCCAAACGACGCGGC,10,2260051
marRp,0.7272727272727273,17,10,TCTTCTTCGAGGACTTCTTT,7,2244618
marRp,4.181818181818182,55,10,TCGTTCCTCGGTGTCGATAC,45,2256215
marRp,1.5454545454545454,26,10,TCGCCCTTCACTCCTCGTGC,16,2238546
marRp,1.3636363636363635,24,10,TCGCATAACGCACAGTAAAA,14,2258924
marRp,2.3636363636363638,35,10,TCGACTCCCCTCGACACCGA,25,2220231
marRp,0.18181818181818182,11,10,TCGACATGGTATATCTGCGC,1,2225390
marRp,0.36363636363636365,13,10,TCCAGTTGAAATCGCTGGTT,3,2219842
marRp,2.3636363636363638,35,10,TCAATGCGCAAGGTACTCTA,25,2240941
marRp,0.7272727272727273,17,10,TAGGTTGAATCGCGTCAAGT,7,2241019
marRp,7.454545454545454,91,10,TAGGTTATACAAAAGGCCAA,81,2256233
marRp,16.181818181818183,187,10,TAGGATGGATTGGCACGCCT,177,2240614
marRp,2.1818181818181817,33,10,TAGATTCCGATAGGCTATTT,23,2244141
marRp,1.2727272727272727,23,10,TAGACTATCCATTAGGGTAC,13,2250468
marRp,1.9090909090909092,30,10,TAGACGGGGTCTATCCGTTG,20,2238489
marRp,3.1818181818181817,44,10,TACTCAACTGGGATACAGTC,34,2246125
marRp,0.18181818181818182,11,10,TACATTGATGACATCCTAGA,1,2226460
marRp,1.0,20,10,TAATGGATGTTCACATTGCA,10,2225185
marRp,3.727272727272727,50,10,TAAGCTGGCCGGATGCGTGA,40,2221378
marRp,3.6363636363636362,49,10,TAAATCAATACGGAGAACGG,39,2219638
marRp,4.363636363636363,57,10,GTTTGTGCAGGTGAGTGACG,47,2238768
marRp,3.6363636363636362,49,10,GTTACGCTTAGAGAATGCGC,39,2220193
marRp,1.5454545454545454,26,10,GTTACGACTGTCTGTCAGAC,16,2257604
marRp,6.181818181818182,77,10,GTGTTGCACCAACCGACCCT,67,2239121
marRp,1.7272727272727273,28,10,GTGGGTAGTGATTCAAGTGA,18,2246484
marRp,0.8181818181818182,18,10,GTGAGTCTAAAACCTGATGT,8,2228937
marRp,2.0,31,10,GTGAACCACCTCACGTACCG,21,2234711
marRp,3.4545454545454546,47,10,GTCCTACTCAACTGTTCGAA,37,2233058
marRp,2.5454545454545454,37,10,GGTTAGCACTCATCCTGAAT,27,2223427
marRp,6.545454545454546,81,10,GGTCTGGCGAAATACGCCTT,71,2258875
marRp,6.909090909090909,85,10,GGTCAACGACGCTCTATGCG,75,2242134
marRp,0.2727272727272727,12,10,GGTAGATGGCGAATCTAATG,2,2218504
marRp,1.6363636363636365,27,10,GGCATAGGGATCAATATTTG,17,2221018
marRp,1.9090909090909092,30,10,GGAGTTATTAGGAACACCAC,20,2242987
marRp,2.3636363636363638,35,10,GGAGTCCCCAGCGGCCTTTA,25,2251791
marRp,3.272727272727273,45,10,GGAAGCTAGGGAGCCGCGGG,35,2236803
marRp,0.18181818181818182,11,10,GCTGATTGATCTACATTTTT,1,2246294
marRp,1.9090909090909092,30,10,GCTCTTTATTGGTGCGCGCG,20,2245975
marRp,1.2727272727272727,23,10,GCGTTCTCCCATCCTACCTA,13,2239119
marRp,1.4545454545454546,25,10,GCGTATGTACGCATTTTCTA,15,2238648
marRp,12.818181818181818,150,10,GCGGTTCAGTGGCCCCGCGT,140,2243371
marRp,2.909090909090909,41,10,GCGGCGCAGAATTGTCACTC,31,2227890
marRp,1.0909090909090908,21,10,GCATTCATAATCAGGCGTTA,11,2234289
marRp,0.18181818181818182,11,10,GCAGCCCCGTTATCGACCGA,1,2219458
marRp,3.8181818181818183,51,10,GCAGAGCTCGCTCAGCTCAG,41,2234003
marRp,2.8181818181818183,40,10,GCACTCCCCGGACGTTGTGA,30,2235228
marRp,2.090909090909091,32,10,GCAATATATGAATGATGGGA,22,2220841
marRp,1.6363636363636365,27,10,GATCGGTGCCGAGATTGAGG,17,2252900
marRp,1.3636363636363635,24,10,GATATCCAACCGGCCAGGGA,14,2247835
marRp,2.3636363636363638,35,10,GAGCAGGATGATGATGTGTG,25,2223610
marRp,3.3636363636363638,46,10,GACCGACCAAACCTGTCTTT,36,2221081
marRp,1.7272727272727273,28,10,GACCAGATCTAATGTATGAA,18,2218513
marRp,3.3636363636363638,46,10,GAATGCCTCGCGCCCTGGGG,36,2255346
marRp,1.9090909090909092,30,10,CTTGTCTCACGTCTTACAAG,20,2231814
marRp,1.9090909090909092,30,10,CTAGTGCATTACCAGAGGCT,20,2231515
marRp,0.5454545454545454,15,10,CTAAACAGACGAGAATGCCA,5,2225882
marRp,1.7272727272727273,28,10,CGTCTCCGGGGTTATCTGGC,18,2232945
marRp,12.454545454545455,146,10,CGTATGTGCTGAATTTATTT,136,2222407
marRp,1.1818181818181819,22,10,CGGGACCAAGATGCGTTAGG,12,2235778
marRp,2.1818181818181817,33,10,CGCCCGCTGGTATTTGGGAT,23,2222492
marRp,4.0,53,10,CGATTCAACGGTCCTCTTCG,43,2229349
marRp,1.4545454545454546,25,10,CGATAGGGTTTAACTTTTCT,15,2224684
marRp,2.4545454545454546,36,10,CGACGGATGTGGGAGATATG,26,2223890
marRp,0.18181818181818182,11,10,CCTTGAAGGCTAATTCGCGT,1,2229318
marRp,2.3636363636363638,35,10,CCTGAAAAATGCTCGACCAA,25,2251859
marRp,0.9090909090909091,19,10,CCGCTCACTGCCGAAAACGT,9,2235118
marRp,5.090909090909091,65,10,CCGCGCGTGGTGCGATCTAT,55,2244209
marRp,1.9090909090909092,30,10,CCGAGCAGGTCTATTGTCAA,20,2225568
marRp,1.0909090909090908,21,10,CCCTCCAAGTACTTCAGCGC,11,2229273
marRp,1.1818181818181819,22,10,CCCCAAAACGCCGACTTTAA,12,2254696
marRp,1.9090909090909092,30,10,CCCACATGATAGAGAGCCAG,20,2223671
marRp,0.6363636363636364,16,10,CCACTAGGAGCTAGAGCATG,6,2225154
marRp,2.3636363636363638,35,10,CCACAAGCTCGATAACGGTC,25,2242208
marRp,4.454545454545454,58,10,CATGCCAGGTGGTATTCACT,48,2242191
marRp,1.2727272727272727,23,10,CATCTACGAGCTGGTCTTGC,13,2229320
marRp,0.18181818181818182,11,10,CATCATCAGACAATGTAGGA,1,2235605
marRp,1.0,20,10,CAGTTGCTAAACTGCAAATA,10,2246684
marRp,2.8181818181818183,40,10,CAGCGGACGGCGCCAACTCC,30,2245805
marRp,4.7272727272727275,61,10,CACTCCTAAGTGAACCCTGC,51,2219926
marRp,1.3636363636363635,24,10,CAATACACAGATCATCCCAC,14,2246678
marRp,2.3636363636363638,35,10,CAAGGTTTGCCCTATCCTGG,25,2231685
marRp,2.909090909090909,41,10,CAAGGAGAGACCAGAGTGGA,31,2256092
marRp,3.1818181818181817,44,10,CAAGCTAACCCCGCTATCAC,34,2242290
marRp,0.36363636363636365,13,10,CAAGAGTGCTCGTTCAAATG,3,2248822
marRp,0.6363636363636364,16,10,CAAGAAAACACGAAAGACAG,6,2260539
marRp,1.4545454545454546,25,10,ATTTTTTGTAGATTAAGGCA,15,2251993
marRp,3.6363636363636362,49,10,ATTTGACGACCCGGCCCCAC,39,2242790
marRp,2.727272727272727,39,10,ATGGTTTGCCCCTGAACGCA,29,2260143
marRp,0.6363636363636364,16,10,ATGACACATGTAACGCGGGT,6,2237748
marRp,2.727272727272727,39,10,ATCTGACCATGCTTAGCTTT,29,2224883
marRp,2.090909090909091,32,10,ATCACGAAGTATGACTTCCT,22,2248052
marRp,1.8181818181818181,29,10,ATACGGGAGGATCCATGCAG,19,2252693
marRp,8.181818181818182,99,10,ATACGACCTTTAGTTTTTCA,89,2252902
marRp,3.1818181818181817,44,10,ATAATCCCCACAGCCGGTTA,34,2248949
marRp,0.18181818181818182,11,10,AGTCATTCGCCGTCTTGTAT,1,2259319
marRp,1.1818181818181819,22,10,AGTAGGTGATCGAAATATCA,12,2251679
marRp,2.272727272727273,34,10,AGGTAGGCTAGTGCACCTCG,24,2234339
marRp,3.090909090909091,43,10,AGGGGGCCTTCATTAACTAC,33,2218559
marRp,0.18181818181818182,11,10,AGGGCGGTATCTAAATCGCA,1,2260573
marRp,2.272727272727273,34,10,AGAGATCCATTAAAGAATGA,24,2227547
marRp,0.18181818181818182,11,10,AGAAAATGAGAAATAGTTGT,1,2231168
marRp,1.6363636363636365,27,10,ACTGCACGGCACTGGGCTTA,17,2223455
marRp,6.090909090909091,76,10,ACGGGGCTCATAGCGGCGTA,66,2224732
marRp,5.909090909090909,74,10,ACGGATGTTGGCTAATTGGA,64,2249186
marRp,2.4545454545454546,36,10,ACGGAAACATACCACCCTAG,26,2252063
marRp,0.2727272727272727,12,10,ACGCGTCGGTCCTAGCATTG,2,2219452
marRp,2.0,31,10,ACCTATTCGTTCTCTAATGT,21,2231493
marRp,3.090909090909091,43,10,ACCCGTTAATTGTAGTGCTT,33,2225878
marRp,1.8181818181818181,29,10,ACCCACTAGGAACGGCGCTG,19,2226999
marRp,1.1818181818181819,22,10,ACATGCTCCTGTGGCAAATC,12,2232592
marRp,3.4545454545454546,47,10,ACAGCCACAAGACCACTGTA,37,2257396
marRp,2.090909090909091,32,10,ACAGAAGTCATTGTACGAAG,22,2250346
marRp,2.8181818181818183,40,10,ACACGTAACCACGTACAAAA,30,2234797
marRp,0.6363636363636364,16,10,ACAAGAAGATTCAGGGGCCA,6,2233724
marRp,2.090909090909091,32,10,AATGCAAACATCCCCGAGTG,22,2254987
marRp,2.909090909090909,41,10,AATCTGGCGCGCCACTCCGT,31,2246749
marRp,3.8181818181818183,51,10,AATCACCTTAAGTTCCGACA,41,2224094
marRp,3.8181818181818183,51,10,AATATCTCTCTATCTGCGAT,41,2224992
marRp,3.3636363636363638,46,10,AAGTTGAGTTGAATAGACTA,36,2230171
marRp,1.3636363636363635,24,10,AAGTGAGTGTGACTTGTATC,14,2225843
marRp,4.636363636363637,60,10,AAGGTATGGGCGGACCAGGT,50,2221536
marRp,1.4545454545454546,25,10,AAGAAACCGCGGGAGGAATT,15,2223320
marRp,1.5454545454545454,26,10,AACGTAACTAGACGTGCACC,16,2230840
marRp,2.0,31,10,AACACGTCAAAACAGGACTT,21,2256391
marRp,1.6363636363636365,27,10,AAAGATAGAACAAAGGAAGG,17,2244590
marRp,2.5454545454545454,37,10,AAAAGACCGTATGGACGACT,27,2222350
marRp,4.181818181818182,55,10,AAAACGATCACTCCGGATAC,45,2248007
marRp,2.8,36,9,TTTTTACGCTGGTTGCCCCT,27,2251819
marRp,4.9,57,9,TTGTCGTGTGAGTGCGCCGC,48,2240274
marRp,2.9,37,9,TTGGATATCCCGTAATTCTC,28,2240794
marRp,10.0,108,9,TTGCTTCGCCGCCTACTGTC,99,2251644
marRp,7.4,82,9,TTGAAGAGCTGCGGACCTCG,73,2228633
marRp,1.6,24,9,TTCTAACCGGACTTCTTGAG,15,2258109
marRp,3.3,41,9,TTAACCATGCTCCACGTGTA,32,2260227
marRp,0.2,10,9,TTAAAAGAACAGTGTTAAGA,1,2252374
marRp,0.2,10,9,TGTAGCTATCACGATTCGTA,1,2244512
marRp,0.9,17,9,TGGTAGATCAGCTATAAGAA,8,2243696
marRp,0.2,10,9,TGGGTAAGCTTACCCGTTCA,1,2242581
marRp,3.6,44,9,TGGGCACGTTTCGCAGTAAA,35,2250385
marRp,0.7,15,9,TGGAAAGTATTTACGTCGCG,6,2224210
marRp,0.5,13,9,TGACGTCGGAATAGGATCCT,4,2228972
marRp,1.0,18,9,TGAACGAGCAGTGCCTGTTC,9,2255837
marRp,3.4,42,9,TCTTGTGTCAACCCTATTTA,33,2254620
marRp,3.1,39,9,TCTCCCCAGGCTACCGCTTG,30,2219397
marRp,3.1,39,9,TCGAGGTCGTTGCCCGAGGC,30,2257506
marRp,3.4,42,9,TCCGTGTTATGCTAGAAGTG,33,2219558
marRp,0.8,16,9,TCCCATGGCCGACTAATTAG,7,2249100
marRp,7.9,87,9,TCATCACTTACTAAATTTGC,78,2245042
marRp,0.2,10,9,TCAGGGGCAGAGGTAACATA,1,2240487
marRp,1.8,26,9,TATCGGGGCGAGAGGACTAA,17,2242373
marRp,2.3,31,9,TAGGAGGACACTCCTTACGT,22,2253284
marRp,2.2,30,9,TAGATACTATTTGTGTTACC,21,2241308
marRp,1.2,20,9,TACGGACTCAGAATTGTGTT,11,2252185
marRp,1.0,18,9,TACCGGCACCACTGCGCGCA,9,2236271
marRp,3.0,38,9,TACAGAAATGTCGTGATGTC,29,2253676
marRp,0.9,17,9,TAATTCATCCCCCGTGCCGA,8,2255466
marRp,1.2,20,9,TAATCATTAAGGACCGATGA,11,2222319
marRp,0.6,14,9,GTTGGTGACGCTTCTTGTCA,5,2232943
marRp,2.4,32,9,GTGTTCTCTATAGACGGGAT,23,2244543
marRp,2.5,33,9,GTGTACAGTGGTTGGGGCTT,24,2252344
marRp,3.0,38,9,GTGGTTGAAAAATACATTTT,29,2242956
marRp,2.5,33,9,GTGATTTAAGCGTCCTCCTG,24,2230667
marRp,1.5,23,9,GTGATATGTGCACCGCATCA,14,2248620
marRp,5.8,66,9,GTGAATACTGTTAATCTGAC,57,2241307
marRp,0.2,10,9,GTGAAGCCATTATTTAGCAT,1,2252857
marRp,0.2,10,9,GTCTGGCCGCTCCCATGGTC,1,2219262
marRp,1.3,21,9,GTCGTCGGAAACAGGTAGCT,12,2218285
marRp,2.5,33,9,GTCCGGCAATAACATTACTA,24,2225346
marRp,3.1,39,9,GTATCGGGGATCCTAGCCCT,30,2245045
marRp,1.0,18,9,GTACCGGCGAGCGGTGACTT,9,2220549
marRp,0.2,10,9,GTAAGGGCTGCTGGTGTCAT,1,2237855
marRp,3.7,45,9,GTAAGGCGAATTTCGAGTTA,36,2255623
marRp,0.2,10,9,GGTCAGATATAGTTGACGCA,1,2255350
marRp,1.7,25,9,GGTATACCCCAATTGTTTGA,16,2222060
marRp,2.6,34,9,GGGTGGGGAACTGTGTTAGC,25,2242602
marRp,1.8,26,9,GGGGATGTCGTGAACGTGAT,17,2234480
marRp,3.7,45,9,GGGCACGACAATTGGGTCGT,36,2235288
marRp,1.9,27,9,GGCTTTGGTATCTATGAGAA,18,2229899
marRp,7.5,83,9,GGCTGTGAGTTCACAAGTCT,74,2232175
marRp,0.7,15,9,GGCGCTACGTTCAGCGAAAA,6,2250549
marRp,1.1,19,9,GGCATTGAAGGATTTGCGGA,10,2249152
marRp,3.0,38,9,GGCATGGCACGACTGAAGAA,29,2233437
marRp,0.2,10,9,GGATGTGAGTGTGTGCAGTA,1,2222964
marRp,0.7,15,9,GGATGAGCTTGCTTCGGCGC,6,2221765
marRp,3.3,41,9,GGATACTGTTGTAGGTTTCG,32,2240247
marRp,0.2,10,9,GGAGAAACCTAGGAGTTGCT,1,2246097
marRp,0.8,16,9,GGACGTCCTGCCCATATGAT,7,2234952
marRp,3.4,42,9,GGAAATAAGCAGCGCTACGG,33,2245384
marRp,5.4,62,9,GGAAAATCTGCGACGGACCT,53,2235117
marRp,2.4,32,9,GCTTATTTTATTATTACGAC,23,2223927
marRp,2.3,31,9,GCGTTGCAGATGTCCAATTG,22,2232625
marRp,12.9,137,9,GCGGGGGGAGGCGTAGGCCC,128,2248564
marRp,2.8,36,9,GCGATAGAGCGCGTGAAAAG,27,2229754
marRp,5.2,60,9,GCCTGGTTAAGCATACCGCG,51,2223990
marRp,8.2,90,9,GCCTGATAGCCCGAGGTCTG,81,2238565
marRp,2.5,33,9,GCCCAAATCTGTGCCATGCT,24,2235887
marRp,5.3,61,9,GCATACAACCGGCCGTGTTC,52,2226245
marRp,3.9,47,9,GCAGGGCTCGGTGGCAGGCG,38,2249817
marRp,0.5,13,9,GCACCAGGAATATCAGATGC,4,2235333
marRp,1.1,19,9,GCAATATTAGGCGAAGATCC,10,2255646
marRp,1.8,26,9,GATTAAGGATTCCCCTCTCG,17,2250638
marRp,0.9,17,9,GATAGTTCTTATACCCTCTA,8,2238159
marRp,2.1,29,9,GAGGGTATGGGCCAGGACAG,20,2249683
marRp,3.9,47,9,GAATTAGGCGTAAACTGCCG,38,2254800
marRp,1.7,25,9,GAACTACCGTCGTATACATC,16,2255853
marRp,3.7,45,9,GAACCACCAGGGTTTGTCTG,36,2243270
marRp,0.4,12,9,CTTTGAAGGTGAAGAATCGT,3,2229994
marRp,6.5,73,9,CTTAGTGGATTCTCCCCCGC,64,2248600
marRp,0.2,10,9,CTGGTAGGCCGTGACCACGA,1,2247834
marRp,9.1,99,9,CTGGGCAAATCGTGTCTGCA,90,2242341
marRp,1.0,18,9,CTGATAATTGCCTATCTAGT,9,2221065
marRp,6.2,70,9,CTCTGTACGGGGATACCGAC,61,2254884
marRp,2.0,28,9,CGTTTGGACTGCAGCTCTAT,19,2260433
marRp,23.1,239,9,CGGTGCGGACAAAGAATTAT,230,2223130
marRp,3.5,43,9,CGGACTTATCTACGTCTTCA,34,2239113
marRp,5.6,64,9,CGCGCGATTGCGTTGCACTT,55,2242019
marRp,3.7,45,9,CGCATTCGGGGCCGATACCG,36,2260159
marRp,1.7,25,9,CGAGTTAGTACCCACAGTAT,16,2250693
marRp,0.7,15,9,CGACCTGGCCTTCCGCAGTA,6,2244800
marRp,0.2,10,9,CCTGCCATAGTCTCCAATGG,1,2245734
marRp,1.7,25,9,CCTGAGCGGGGCGCCTATCG,16,2229092
marRp,2.7,35,9,CCGTGCGGGTTCGCTCTCCG,26,2218110
marRp,6.1,69,9,CCGGGCAGAAGTTTGACAGT,60,2223947
marRp,0.9,17,9,CCGCTCGACAACCCTTGGCT,8,2238592
marRp,1.2,20,9,CCGCGCCTTGACTTGACCTC,11,2242121
marRp,1.0,18,9,CCGAAACCCAGAAACCTTTA,9,2255432
marRp,0.8,16,9,CCAGTTATAATCCGCAACCG,7,2222231
marRp,2.4,32,9,CCAGCCTACATGATGCTCAT,23,2240297
marRp,2.5,33,9,CATCTTGAACGGATGGGCCA,24,2221171
marRp,2.2,30,9,CATATCACGGCGACGAATAA,21,2230263
marRp,1.7,25,9,CAGGTGCCGAAGCTTTAAAG,16,2259317
marRp,5.7,65,9,CAGGCAGGGTTCAACACACA,56,2246173
marRp,2.9,37,9,CAGAGTCATTTCAGTCCATT,28,2223314
marRp,1.5,23,9,CACTCTGGGTAAGGCAAGCT,14,2241441
marRp,3.9,47,9,CACAAATAGCGCCGCGGTTG,38,2257981
marRp,1.4,22,9,CAATGTTAGTTACCGCTCGT,13,2243345
marRp,6.7,75,9,CAATATGCGCAGTTCGCGCG,66,2241616
marRp,2.5,33,9,CAAGGAAGTAAGCTCAAATA,24,2256894
marRp,0.4,12,9,ATTTTACACCGCCCTAAACT,3,2239872
marRp,1.3,21,9,ATTTCTAGGTCATCAGTGTT,12,2246930
marRp,6.2,70,9,ATTGCGTGGGAAACTTCACT,61,2241534
marRp,1.5,23,9,ATTGCAATGGTATTATTTGC,14,2229121
marRp,3.1,39,9,ATTAGCGGGAAACAGCTAGT,30,2255484
marRp,0.8,16,9,ATGTCTTGGTCGATACACCC,7,2250979
marRp,3.5,43,9,ATGGACCTAAACTGATTTCT,34,2250572
marRp,5.5,63,9,ATCCGCTCCTGGTCGCCGAT,54,2234533
marRp,1.1,19,9,ATCCACGATCTAACGGTGAC,10,2231123
marRp,3.0,38,9,ATCAATTGTTCAGACTGCTT,29,2226591
marRp,0.2,10,9,ATAGTACACCGCGACTTTTG,1,2235432
marRp,6.2,70,9,ATAGGTGAAGGAATCATGCA,61,2250671
marRp,3.1,39,9,AGTTGAGTTTGCTCTGGTTA,30,2245076
marRp,2.2,30,9,AGTACTTTTTATAGAATTAG,21,2232836
marRp,2.0,28,9,AGGTTTTTCGGAAAGGTATA,19,2221667
marRp,9.3,101,9,AGGGAGCCGCCAAGGGCTGT,92,2224911
marRp,0.2,10,9,AGATTAGAACGTAAGGTAAG,1,2248548
marRp,7.2,80,9,AGAGTGCTCAGTGATCATCG,71,2249177
marRp,3.0,38,9,AGACTTACTCCGGTGTTCGG,29,2226514
marRp,3.1,39,9,ACTTACTATCCACACGAGGG,30,2260236
marRp,2.7,35,9,ACTAACATTTTATCTCGACG,26,2245387
marRp,3.7,45,9,ACGCTTACGCCCCGGATCTA,36,2241673
marRp,3.7,45,9,ACGACATTGCAAGAGCGGGA,36,2220078
marRp,1.8,26,9,ACCGTGTTCCCCTGCCTTTT,17,2259768
marRp,2.2,30,9,ACCCATTGTGCCCCGGAGAT,21,2218459
marRp,0.7,15,9,ACCATGTTAGATGAGGAGAA,6,2247383
marRp,7.5,83,9,ACCAGGGTAAACACTTTGAG,74,2223262
marRp,1.0,18,9,ACATTGGAGCGGTATAAGGA,9,2248429
marRp,0.7,15,9,ACAGTGCGCTGGGGACTGCA,6,2257087
marRp,2.9,37,9,ACAGGCTGGCGCGCACACAC,28,2254765
marRp,1.3,21,9,ACACGCAAATTTCCGCCCCT,12,2246296
marRp,3.3,41,9,AATTCGATCCCCTTTCCTGC,32,2224397
marRp,1.2,20,9,AAGGATAGTGCGCCCTTACA,11,2220309
marRp,2.5,33,9,AAGCGTTAACGATACTTGGT,24,2251547
marRp,3.3,41,9,AAGCAGACATTATATCTATT,32,2254698
marRp,1.8,26,9,AACAAATGGATCATTGGCAA,17,2245583
marRp,1.7,25,9,AAAGATGATGCGCCACCACA,16,2235131
marRp,2.7,35,9,AAACTGGGAGATACGTTGAT,26,2245624
marRp,0.2222222222222222,9,8,TTTTGTGACGACGCGAGTGC,1,2257105
marRp,0.2222222222222222,9,8,TTTGTCCAATTGGGTGTGTG,1,2232029
marRp,0.2222222222222222,9,8,TTTGTACGGGCGGGTCGATA,1,2229012
marRp,2.111111111111111,26,8,TTTGCAAACGAGGGTGTTTA,18,2251530
marRp,0.6666666666666666,13,8,TTTCGCTAACTTGTCTTTTC,5,2253251
marRp,4.222222222222222,45,8,TTTCCTGGGAGCGCCCCATA,37,2227230
marRp,1.6666666666666667,22,8,TTTCCGTAATCGTACCGGTT,14,2256441
marRp,0.2222222222222222,9,8,TTGGATTTAAGTTATAAAAA,1,2248107
marRp,3.3333333333333335,37,8,TTGGATATGCACCGCACCAA,29,2244086
marRp,7.333333333333333,73,8,TTGCTGAGAGCGGACCCCTG,65,2240781
marRp,2.5555555555555554,30,8,TTCGGGTGATAGATCAACTG,22,2256442
marRp,0.2222222222222222,9,8,TTCGGGGTGCAGGGGGAATG,1,2243490
marRp,1.8888888888888888,24,8,TTCAAAGGGGCATCAGAATC,16,2255577
marRp,5.333333333333333,55,8,TTACTGCGCTAATATCACTA,47,2218456
marRp,5.222222222222222,54,8,TGTCCTTTTCTAATGACAGT,46,2254613
marRp,4.333333333333333,46,8,TGTATTGAAGGCCAGAAACA,38,2258903
marRp,2.5555555555555554,30,8,TGTAGCGCCGTAGTTCGGGG,22,2219564
marRp,5.777777777777778,59,8,TGCGGGGGTTGAACCGTCAA,51,2235074
marRp,1.1111111111111112,17,8,TGCGCCCAAACATCGACCAA,9,2228548
marRp,2.5555555555555554,30,8,TGCCCAACATTGGGATAGTT,22,2226508
marRp,5.777777777777778,59,8,TGCATTCCAGGAGGGGAACA,51,2236989
marRp,1.7777777777777777,23,8,TGATTCTCGCTAGGGGCAGC,15,2228399
marRp,4.888888888888889,51,8,TGAGTGGCGGGATAAGGTCG,43,2227490
marRp,1.3333333333333333,19,8,TCTCTGTGAATATCACTCGC,11,2220431
marRp,1.8888888888888888,24,8,TCTCGGTACATAAATGATAT,16,2260511
marRp,1.0,16,8,TCTCATTGGTTAAACGGTAA,8,2223883
marRp,2.3333333333333335,28,8,TCTCAACTGGGCACTTGCTT,20,2258458
marRp,0.2222222222222222,9,8,TCTAGGTAAGCCTAAACAAC,1,2241465
marRp,0.5555555555555556,12,8,TCTAGAGCGGAACGAGGCTC,4,2230956
marRp,2.4444444444444446,29,8,TCTAATTTGTATGTCCGCTA,21,2240762
marRp,3.0,34,8,TCGGTCGTTTCACGCCGGAT,26,2246023
marRp,0.8888888888888888,15,8,TCGGGTCGTTGAACTAATCC,7,2223370
marRp,2.3333333333333335,28,8,TCCTGTTTGTTTCACAGTCA,20,2257171
marRp,3.7777777777777777,41,8,TCCGTCGAACCCTGCTTCCA,33,2241274
marRp,0.3333333333333333,10,8,TCCCGGGGTAGAGCGCGTGC,2,2227365
marRp,3.888888888888889,42,8,TCCACCAGTTGTGGCTCTAA,34,2235367
marRp,8.444444444444445,83,8,TCATAGTGTACGCATATGGG,75,2251788
marRp,4.555555555555555,48,8,TCAGGGGACCAGTAAAACTT,40,2259150
marRp,2.4444444444444446,29,8,TCAGCATATCTTAACACGGT,21,2237880
marRp,1.4444444444444444,20,8,TCAATGGCTTTTGGGGAGAC,12,2240190
marRp,2.888888888888889,33,8,TATGTGAGCACGACGCAGAG,25,2254843
marRp,0.6666666666666666,13,8,TATGATCCTACTCCAGTCAA,5,2244871
marRp,1.8888888888888888,24,8,TATAGGCGATGAATATGGCC,16,2227958
marRp,3.3333333333333335,37,8,TAGGTCTTACTTCACGAGCT,29,2259655
marRp,1.0,16,8,TAGATATCAGAGTATGGTAC,8,2248797
marRp,0.6666666666666666,13,8,TACGTGTACGTGGTAGCGAA,5,2247549
marRp,1.6666666666666667,22,8,TAATGTTAAAGCCGCGCCAC,14,2237838
marRp,1.1111111111111112,17,8,TAAGGCGCCGCTTAGCTCCC,9,2238641
marRp,3.2222222222222223,36,8,TAACGTCTCTCTACAATTTT,28,2224681
marRp,5.0,52,8,TAAACTCCACCGATTTGGTT,44,2239502
marRp,2.111111111111111,26,8,GTTTCAGTATTTTGGGGCTT,18,2239542
marRp,2.0,25,8,GTTCGCAGAGAGGCATACCA,17,2238543
marRp,3.888888888888889,42,8,GTGTCTTCTTTCCTTCATGT,34,2254946
marRp,3.0,34,8,GTGTCGTGCCACCAAGGCCT,26,2233855
marRp,2.0,25,8,GTCGCATATATCAGTCATGA,17,2244714
marRp,2.0,25,8,GTCGAGGAATACGCCCCGTT,17,2219652
marRp,1.5555555555555556,21,8,GTCATTACACCGCTGGACTA,13,2231054
marRp,1.8888888888888888,24,8,GTCACTACTTACTCAGTGAA,16,2218208
marRp,2.111111111111111,26,8,GTATTGAGTCCCGAAAAGAA,18,2241129
marRp,3.0,34,8,GTATAACTGATGATCATGCA,26,2253545
marRp,9.222222222222221,90,8,GTACACGTTCATCTAACGCT,82,2248969
marRp,0.7777777777777778,14,8,GTAAATGCTACGAGACCCAC,6,2219705
marRp,12.777777777777779,122,8,GGTAGAATTTTTTTTCGGTT,114,2248006
marRp,1.8888888888888888,24,8,GGGTCTTTCCGACCGACAAT,16,2249940
marRp,1.4444444444444444,20,8,GGGAACAGCGTGGCTAAAAG,12,2252455
marRp,4.111111111111111,44,8,GGGAAATACACCCGGAGATT,36,2218567
marRp,1.6666666666666667,22,8,GGCTCTGGCTGGACGAGGCG,14,2257694
marRp,2.3333333333333335,28,8,GGCTAAGCCACCTTGATTAT,20,2234713
marRp,2.7777777777777777,32,8,GGCAGGTCAGGGGGAGATCA,24,2237384
marRp,3.0,34,8,GGATTCGTTCCTCTAGTGGT,26,2219888
marRp,0.8888888888888888,15,8,GCTTACTTGAAACAGGACGC,7,2236220
marRp,1.3333333333333333,19,8,GCTGTCACAGGCGAAAAGCC,11,2230665
marRp,2.7777777777777777,32,8,GCTGCGTTATGCACGTGGGT,24,2254693
marRp,3.3333333333333335,37,8,GCGTTGTACGGTCCACGTGT,29,2226725
marRp,2.3333333333333335,28,8,GCGGGCGGTTCAATGTACTC,20,2247110
marRp,2.2222222222222223,27,8,GCGGCTCCGAGAAGGTGGCG,19,2246226
marRp,1.2222222222222223,18,8,GCCTCTATTCGTGTAGATAA,10,2249982
marRp,8.0,79,8,GCAGCGTGGCAGTCCCAAGA,71,2220045
marRp,3.5555555555555554,39,8,GCAACTCCTTTAGCGACACT,31,2248748
marRp,2.111111111111111,26,8,GCAAAAAGGTGTTTTAAGCT,18,2253438
marRp,12.88888888888889,123,8,GATAGGCAAGGATGCAATAA,115,2228266
marRp,0.2222222222222222,9,8,GATACATTGGTAAGCCTATC,1,2248224
marRp,1.4444444444444444,20,8,GAGGTTAAGTGGCTGTAGAG,12,2259280
marRp,1.3333333333333333,19,8,GAGAAGGATTCATAGATAAA,11,2243444
marRp,3.3333333333333335,37,8,GAAAGGTACACCATTAGGGT,29,2229325
marRp,2.4444444444444446,29,8,CTTTCCAGAGGAGCGGGACA,21,2252250
marRp,3.0,34,8,CTTGGATGCCATAGCCCTCT,26,2243591
marRp,2.7777777777777777,32,8,CTTCCATAATCCATACACTC,24,2258138
marRp,2.6666666666666665,31,8,CTGTATTCCCAGGGAAGTCA,23,2229864
marRp,5.777777777777778,59,8,CTGGATTTTGCGACTTCGTG,51,2241790
marRp,3.111111111111111,35,8,CTGAGACTGCCACGCGAGGC,27,2222341
marRp,2.111111111111111,26,8,CTCTTGCAAGGCCACGGTCC,18,2235161
marRp,14.88888888888889,141,8,CTCCGGGGGCGACGGTGCTA,133,2237370
marRp,2.0,25,8,CTCACTAGAGAGAGAAAACA,17,2251271
marRp,0.6666666666666666,13,8,CTAGTCAGCGAGGGACACCA,5,2245431
marRp,0.6666666666666666,13,8,CTAGGTCGGCACCGGGTGCC,5,2258605
marRp,1.4444444444444444,20,8,CTAGAAATCCGACTCTAAGC,12,2253561
marRp,2.4444444444444446,29,8,CGTTCGAAAAATATTCTACA,21,2245160
marRp,2.111111111111111,26,8,CGTGGCACATGCTTATAAGT,18,2226704
marRp,9.333333333333334,91,8,CGTGGAGGCGGCACTGAAAA,83,2237339
marRp,2.7777777777777777,32,8,CGTACATAAAGCGAAAAATT,24,2251637
marRp,2.7777777777777777,32,8,CGTAACAGTTCGGGTGAATA,24,2239594
marRp,0.5555555555555556,12,8,CGGTGATACTTTTGTTAAGA,4,2229232
marRp,2.888888888888889,33,8,CGGTCCCAGGGGCCTGGAAG,25,2237341
marRp,0.2222222222222222,9,8,CGGGGCGTCAAGGCGGCAGA,1,2240042
marRp,1.1111111111111112,17,8,CGGCGGTCACTACTAGGAGA,9,2224502
marRp,0.8888888888888888,15,8,CGGCCGCGTGCATCTAGCAT,7,2258162
marRp,3.0,34,8,CGGCCCGTTGTCATAAACCA,26,2223613
marRp,6.111111111111111,62,8,CGGATTGCGCCGTTTAGTCT,54,2220005
marRp,3.6666666666666665,40,8,CGGATAAACTCTAGTGCGAT,32,2242096
marRp,3.2222222222222223,36,8,CGCTGGCATAATGAGGGTTA,28,2226194
marRp,7.333333333333333,73,8,CGCGGGTCCGAAACGTCCAA,65,2245906
marRp,2.888888888888889,33,8,CGCCCAGGGCCGGCGTCCAA,25,2237581
marRp,0.6666666666666666,13,8,CGCAACGCATCAGGTGCTTC,5,2237584
marRp,2.6666666666666665,31,8,CGAGATTCCGGTTTTCTAGT,23,2257080
marRp,1.5555555555555556,21,8,CGACTGCTGGAAGGCGGCGT,13,2223547
marRp,2.6666666666666665,31,8,CCTGTACCCCTTAGCTGTGA,23,2246012
marRp,1.8888888888888888,24,8,CCTCGGCGGCGCTCCCGCGG,16,2241981
marRp,2.6666666666666665,31,8,CCTCATCGATCTAGTTCAGA,23,2257724
marRp,3.0,34,8,CCGTTATGCAGAGCAAAGGT,26,2233636
marRp,3.6666666666666665,40,8,CCGCTGCCAGTTTTTTTTAC,32,2229785
marRp,2.6666666666666665,31,8,CCCCCGGCCCAATCTCACTA,23,2239976
marRp,0.8888888888888888,15,8,CCCATCTGAAGCTACCATGA,7,2218116
marRp,3.7777777777777777,41,8,CCCACTGGAGTGCTGGTCTT,33,2257803
marRp,0.7777777777777778,14,8,CCATTCTTCAGGAGTTCAAC,6,2246205
marRp,4.0,43,8,CCATGTCCCAGAAGTTATTA,35,2239762
marRp,2.0,25,8,CCATGCTCCAAAGGCGAATA,17,2251275
marRp,2.4444444444444446,29,8,CCACTGTACGCCAATCGGGT,21,2231778
marRp,2.3333333333333335,28,8,CCACCCGGCCTAAAGCAACT,20,2219503
marRp,2.111111111111111,26,8,CATTGGGAGTCAACGCGACG,18,2259813
marRp,0.4444444444444444,11,8,CATGTAAAAGCCATAAGGTG,3,2258565
marRp,2.7777777777777777,32,8,CAGTTCTGCTCAGGCACGAC,24,2221032
marRp,3.0,34,8,CAGTTCGATAGTGCAGTGCG,26,2238889
marRp,2.2222222222222223,27,8,CAGGTATGTGATACTTCGCT,19,2221317
marRp,2.0,25,8,CAGAATCTGCCGGGTAGAAA,17,2219319
marRp,1.4444444444444444,20,8,CACGGCAAAGCACTTTAGCT,12,2243517
marRp,5.444444444444445,56,8,CACCGCCTGTGTACTAGGTA,48,2243915
marRp,0.5555555555555556,12,8,CACCCCCCGGTACGATTAAG,4,2253259
marRp,0.2222222222222222,9,8,CAAAATTACATGAAAAGAGC,1,2239503
marRp,3.7777777777777777,41,8,ATTCCAAGAGGATCGTCCAA,33,2236648
marRp,2.2222222222222223,27,8,ATGTATTAATTACAGTATCA,19,2219377
marRp,2.7777777777777777,32,8,ATGGGTAAGCTATGGGAAGA,24,2250649
marRp,1.4444444444444444,20,8,ATGGGGCAGCTGATACCTGG,12,2225620
marRp,0.8888888888888888,15,8,ATGGAATGGTCGCGTTAACT,7,2257901
marRp,1.6666666666666667,22,8,ATGCGGATCCTAACCTTCAA,14,2239150
marRp,1.4444444444444444,20,8,ATGCCGAAGTGTTCCCACCT,12,2241306
marRp,0.3333333333333333,10,8,ATCGCACAGCAGAGGCCCTA,2,2223317
marRp,2.888888888888889,33,8,ATCAGGGGGGCGCACGATTC,25,2233705
marRp,2.4444444444444446,29,8,ATATGGAACGGCGCGGGATG,21,2223965
marRp,8.777777777777779,86,8,ATACAGATAAAATGTCCCCT,78,2250709
marRp,2.3333333333333335,28,8,AGTGGGGTGGTGTTCGATAC,20,2227959
marRp,2.3333333333333335,28,8,AGTCGGGTAACCTGCTTGTT,20,2244088
marRp,1.3333333333333333,19,8,AGTATCGTGGAGGAGAAGGA,11,2241777
marRp,10.444444444444445,101,8,AGGTTGTATCATGTTTGTAT,93,2257791
marRp,0.5555555555555556,12,8,AGGTGGTCTCCACGCGCATA,4,2243546
marRp,7.777777777777778,77,8,AGGGAAATGACAAACGCTGC,69,2218591
marRp,2.4444444444444446,29,8,AGGCTGGCCTCGTTCTCTAA,21,2239833
marRp,2.0,25,8,AGGCTCGTCGTACATTTTAA,17,2241817
marRp,3.4444444444444446,38,8,AGGCGGGACGGCAGGGTCCT,30,2247392
marRp,2.111111111111111,26,8,AGGCAGTCCCTCGAAATAGA,18,2233060
marRp,1.4444444444444444,20,8,AGGATTGGCAAGAAGACTGG,12,2258566
marRp,2.2222222222222223,27,8,AGAGGTTTCTCGAAGAGGTG,19,2233217
marRp,0.5555555555555556,12,8,AGACGCTATTGCTAGATCTA,4,2222189
marRp,6.777777777777778,68,8,AGAAGCTGCGTAAAGGCTAA,60,2247582
marRp,2.4444444444444446,29,8,ACTGCAGCCAAGACGAGGAT,21,2246886
marRp,1.6666666666666667,22,8,ACGGCCTACCACGGATTCAA,14,2248326
marRp,5.777777777777778,59,8,ACGAGCAGAGCGTCTGGTGT,51,2241091
marRp,4.444444444444445,47,8,ACGACCTTTAAGTCCAGAGA,39,2254186
marRp,28.0,259,8,ACCATAGTCAGTATACGACG,251,2226571
marRp,3.888888888888889,42,8,ACATGGATAAGACTGTACGA,34,2218008
marRp,1.5555555555555556,21,8,ACAGTGAAAGCCCCGTGGCA,13,2220556
marRp,2.888888888888889,33,8,ACAGGCGCTAATGGCGGGGC,25,2233273
marRp,0.6666666666666666,13,8,ACAGCCCGTACAGTCTGACC,5,2242645
marRp,2.5555555555555554,30,8,ACAAAGTCGATGGGCTACGC,22,2228138
marRp,1.1111111111111112,17,8,AATTTAAGTAATGCTAGAGG,9,2220578
marRp,1.6666666666666667,22,8,AATTAGAGTGGGGTTGCGAC,14,2244939
marRp,2.888888888888889,33,8,AATGGGCACTCGTAAGGCAT,25,2257201
marRp,1.6666666666666667,22,8,AATAACGCTCCGGACCTCCT,14,2250424
marRp,1.4444444444444444,20,8,AAGGTGAGACAAATCTGGCG,12,2221072
marRp,2.0,25,8,AAGGGCGGTTGTCTTTTATT,17,2238608
marRp,2.4444444444444446,29,8,AAGGGAGACGGTGATGCACA,21,2239739
marRp,2.6666666666666665,31,8,AAGGCACGGGAGCTTACTCT,23,2243002
marRp,4.555555555555555,48,8,AAGCGGACCGGTAAGTCAAT,40,2227960
marRp,5.888888888888889,60,8,AAGCCCAACCAGCTGGGTAC,52,2228974
marRp,1.8888888888888888,24,8,AACTAACGCTGAATCCGGTG,16,2247595
marRp,4.555555555555555,48,8,AAATGCTTCGGTATAGTGTG,40,2234609
marRp,16.0,151,8,AAATCTTCGAGGACCGAGAT,143,2259733
marRp,4.0,38,7,TTTCGTCCATGGGGAACTTC,31,2252925
marRp,4.25,40,7,TTTAGAGTTTCGTTATGAGG,33,2230394
marRp,1.75,20,7,TTGCTAAAAAAAGTTCCTAT,13,2226340
marRp,2.625,27,7,TTGACTGACGTTAATCTGGC,20,2252404
marRp,2.875,29,7,TTCATGCGTGGGGCGTACTT,22,2222506
marRp,2.25,24,7,TTCATCCGTACGATGCTGTC,17,2252120
marRp,3.25,32,7,TTATGCGCACCCTCAAGAAC,25,2252039
marRp,9.25,80,7,TTAGCCGCCCAGGCTGACTT,73,2257786
marRp,2.375,25,7,TTACAATTCCCGAGGAACTA,18,2231032
marRp,3.375,33,7,TGTGATGCTGCCATCGTTAA,26,2218584
marRp,4.0,38,7,TGTGAGTCCGGCGGAGCTGT,31,2256571
marRp,4.125,39,7,TGTCGCTCTCAGACGGAATT,32,2252033
marRp,2.125,23,7,TGTCGCCTAGAAACCTATGT,16,2231486
marRp,4.75,44,7,TGTATTCGGCGGGAACAGAA,37,2239316
marRp,7.0,62,7,TGGGGGGTCATGGCCGGTTA,55,2237061
marRp,2.625,27,7,TGGGCCGCTGTGGGCCGATC,20,2236673
marRp,2.375,25,7,TGGCACGAGAAACAGGTGTC,18,2243327
marRp,0.25,8,7,TGCAACGGTTACGCGTGAGC,1,2241234
marRp,0.25,8,7,TGATCCGAGCCGCCGGGCAA,1,2234268
marRp,1.0,14,7,TGACCGCACTGAGTGGACCT,7,2220651
marRp,1.75,20,7,TCTTCGGTGAAATACAGTAT,13,2218796
marRp,6.5,58,7,TCTATTCTTTTCCATTTCAC,51,2234985
marRp,2.875,29,7,TCTATCATATCCACGGCTAA,22,2254914
marRp,2.875,29,7,TCGGTATAAAGTGAGTAAAT,22,2219850
marRp,3.375,33,7,TCGGGGGTAGGGATCCGACT,26,2250590
marRp,9.75,84,7,TCGAGGACTAATGTTCGTAC,77,2242192
marRp,0.25,8,7,TCCGAAGTTGCTTTCTCACA,1,2233930
marRp,1.625,19,7,TCCCTTTTTCGAGATCCGAT,12,2253982
marRp,2.875,29,7,TCCCGCCTGCTTCCTTTTAC,22,2257047
marRp,3.375,33,7,TCCCAGCAACCAAGTTCGCT,26,2253704
marRp,1.875,21,7,TCATCCTGCGTTCCGATACT,14,2223888
marRp,3.25,32,7,TCAAACGCCGGTGGAGTAGC,25,2248140
marRp,1.75,20,7,TATTGTGATATAAGCCCTCA,13,2241715
marRp,1.25,16,7,TATCGATAATCAGCCGTGCT,9,2257043
marRp,4.375,41,7,TAGGTTCACTATCTAAGTTG,34,2227041
marRp,2.125,23,7,TAGGCGAGTTCGGTGACTGT,16,2244639
marRp,7.125,63,7,TAGGCACTCCAAGGCCGCTT,56,2225156
marRp,3.75,36,7,TAGGATGGGAGGGTCCAGGG,29,2251097
marRp,1.625,19,7,TAGCATCACCTCCACGGTCT,12,2247181
marRp,1.125,15,7,TACGCCCCCATTCTAGTATT,8,2224105
marRp,3.875,37,7,TACCCTCCCCCGTGATGTGA,30,2232049
marRp,0.25,8,7,TAAATGTTTGCTAAAGCATA,1,2225977
marRp,1.25,16,7,GTTGTTATAGTGACGAGCCA,9,2221505
marRp,0.5,10,7,GTTGCCCGTACTACGGTTCG,3,2248234
marRp,3.75,36,7,GTTCCTCGGAAAGCACCATG,29,2219861
marRp,6.25,56,7,GTTCCGCGCGACGGGCTCAG,49,2225089
marRp,1.25,16,7,GTTAGCGAAAATGAACCAAG,9,2240067
marRp,7.625,67,7,GTTAATCTACTCTTTTTATT,60,2237119
marRp,0.5,10,7,GTGAGACCCACATCCCTGAG,3,2219167
marRp,3.25,32,7,GTCACGAGTGGTATAGGGGG,25,2254310
marRp,6.25,56,7,GTCAAGTGGATCGTGAATTG,49,2224871
marRp,3.625,35,7,GTATTGACAACCTTCAGCTT,28,2236637
marRp,1.125,15,7,GTACGAGTACGCGCGGCCGG,8,2232999
marRp,3.375,33,7,GGTTGGATACCCACTCGGTG,26,2238347
marRp,5.0,46,7,GGTTGACCCACTACCTTTGT,39,2249820
marRp,2.5,26,7,GGTTAAGAGGAATCAAGGGA,19,2258451
marRp,2.5,26,7,GGGTCAACATGGTACCACTG,19,2249275
marRp,3.125,31,7,GGGCTGAGGGCCTTGGACAT,24,2232235
marRp,10.125,87,7,GGGATCATACCTGCTGTTTA,80,2222776
marRp,2.875,29,7,GGCGCATGTGAGACGGCGCA,22,2233586
marRp,2.0,22,7,GGCACTCAGTATCTCTGTGG,15,2251867
marRp,0.75,12,7,GGATATACCTGTGGCTCATA,5,2239244
marRp,3.375,33,7,GGAGAACAGCGAAAAGGAGG,26,2239654
marRp,16.75,140,7,GGAATAGTGTCATATGTCTA,133,2251641
marRp,1.875,21,7,GCTGTTCACTAAGGTGTTGC,14,2258136
marRp,5.25,48,7,GCTGCTGCTATCAAAATATC,41,2224102
marRp,2.375,25,7,GCTGCGCATTATTCATACAT,18,2231300
marRp,1.25,16,7,GCGCTCATGATTGTCATCGT,9,2220206
marRp,4.0,38,7,GCGCGGTGGTCCCTGAGAAT,31,2240347
marRp,2.5,26,7,GCGCCTTGAGCCCTGTCTGT,19,2229758
marRp,3.75,36,7,GCGCATCCCGGAACAGGACC,29,2232338
marRp,1.75,20,7,GCGAAAAGTCTGATGTTTGG,13,2226013
marRp,0.25,8,7,GCCTTGCGACTACGCGCACC,1,2255987
marRp,2.75,28,7,GCCGAGAATCATCCTCGTTT,21,2228787
marRp,3.375,33,7,GCCCGGTTCCCTGTCCAGTA,26,2253547
marRp,3.5,34,7,GCCACGATTAGGGAATTAGA,27,2219038
marRp,0.25,8,7,GCCAAAACGAAGTATTTTTG,1,2225234
marRp,13.5,114,7,GCATTTAGGTCGCTACATAT,107,2233740
marRp,0.5,10,7,GCATCTCAATCCGACACCTC,3,2222504
marRp,4.0,38,7,GCATCGCATCACCATTGCAA,31,2219072
marRp,3.625,35,7,GCAGCGTACCCAGAGCTGTA,28,2241016
marRp,3.625,35,7,GCAGACTGGGCAGCATTATC,28,2258119
marRp,1.625,19,7,GCAATCCGAAGCAATATGAA,12,2232909
marRp,6.0,54,7,GATTAGGTGCCAGTTGTCCC,47,2240613
marRp,4.625,43,7,GAGGTCCGTCACGAGTATCC,36,2256973
marRp,0.875,13,7,GAGGTAGTATCCCACTTGCA,6,2223183
marRp,5.0,46,7,GAGGGCGACATCGAAATAGG,39,2229612
marRp,0.5,10,7,GAGGACTTCGAAAGGGTCCC,3,2227512
marRp,4.25,40,7,GAGCACCGACATTTGTGGAT,33,2223565
marRp,4.5,42,7,GAGCACCACCGCTTGGGTTA,35,2232132
marRp,7.0,62,7,GACTTGTTTTAAAGTGTCCA,55,2232186
marRp,1.5,18,7,GAATGCTGACCACGAATTAA,11,2226977
marRp,1.375,17,7,GAAGTGCCGCTGGATACTGG,10,2236028
marRp,7.125,63,7,GAAGGAAAAGGGCATACCAT,56,2243869
marRp,0.25,8,7,CTTGCCATTGGGCTTCCCTA,1,2222229
marRp,0.375,9,7,CTTGCCATTAGATTTAATAC,2,2252419
marRp,3.5,34,7,CTGGTTCAAGACTAGACGTG,27,2243000
marRp,1.0,14,7,CTGCCCCCACTGTAATGGAG,7,2259226
marRp,0.25,8,7,CTGAGTAGCCACCTGCGCTG,1,2258965
marRp,2.375,25,7,CTCGGTACCTAACTGTGGAT,18,2258838
marRp,13.5,114,7,CTCCCGCTACACATGACTTA,107,2257855
marRp,3.125,31,7,CTATCCATTAGGGCGTATGG,24,2260688
marRp,1.0,14,7,CTATCAGACGGGAAGAGGAA,7,2238765
marRp,4.75,44,7,CTATACCAAGCATGTGCCCA,37,2221874
marRp,1.0,14,7,CTAGTTAAGTCGTATATTTG,7,2233717
marRp,2.875,29,7,CTAGGCGGTGCAATGAGCGC,22,2260436
marRp,0.25,8,7,CTAGCGGGCAGTGCAGGGGA,1,2234712
marRp,9.5,82,7,CGTTTGAAGACCGTAGCTCA,75,2225316
marRp,2.25,24,7,CGTTGTAGACCACCGAGATT,17,2236763
marRp,2.25,24,7,CGTCTGCATGGCGGTATAAT,17,2257677
marRp,1.25,16,7,CGTCATGTTATCATCTACCT,9,2227045
marRp,1.5,18,7,CGTAGCTGTGTTGATTACTT,11,2242788
marRp,1.875,21,7,CGTAAATGGACACTAACGGA,14,2259154
marRp,4.625,43,7,CGGGCTGGCGGTGCTGTGAA,36,2253945
marRp,5.625,51,7,CGGGACCGCTGTTCTTAGTA,44,2230640
marRp,3.0,30,7,CGGCCTATAGTTCACGAACT,23,2233011
marRp,6.125,55,7,CGGCCCGGGTGCCTGACCCT,48,2219923
marRp,2.5,26,7,CGGATTCCTAACCTGCCGCA,19,2226117
marRp,0.375,9,7,CGGATGGAGTGGGGTATCCC,2,2229119
marRp,0.25,8,7,CGCTTGAAGGAGAATTGTAG,1,2258226
marRp,5.25,48,7,CGCGTGGGCCGGACAACATG,41,2221804
marRp,3.25,32,7,CGCGCCCTCTAGTCCAGTGC,25,2222369
marRp,3.25,32,7,CGCAGGGCTCTCCTCATGCA,25,2254955
marRp,3.0,30,7,CGCAAGTTTACCGACAATCA,23,2260316
marRp,0.25,8,7,CCTGTCACTGATTCACCTAC,1,2258463
marRp,4.0,38,7,CCGGTGATTCGGGCCGGCCC,31,2243419
marRp,7.25,64,7,CCGGATCTAAGTCATCCTGT,57,2252914
marRp,8.625,75,7,CCGGAGGTCGTCCGTCGCCT,68,2240748
marRp,3.625,35,7,CCGGAGAGTCTTATTGAGAT,28,2250370
marRp,1.875,21,7,CCGCTCCGCGGAGAGACGCA,14,2240792
marRp,8.75,76,7,CCGAAGCTGCCCTCGCCGAC,69,2250672
marRp,2.625,27,7,CCGAACGACATGCGTCCAAT,20,2217921
marRp,0.25,8,7,CCCTCTTAGCAACATAAGTA,1,2223044
marRp,12.625,107,7,CCATGGCGTGGTGCGGTTCT,100,2247456
marRp,2.375,25,7,CCATCTTAAGCTCGTTCGCT,18,2251345
marRp,1.75,20,7,CCACGCGCTGAGTGTTTCAG,13,2219434
marRp,6.625,59,7,CATTTGGAGTTAGTATGTGA,52,2246802
marRp,2.5,26,7,CATGGTGACCCCCTAAGGCA,19,2224620
marRp,2.875,29,7,CATGCATCTTAGCGGTATCC,22,2258110
marRp,2.75,28,7,CATACAACTGGGGGAGAGGT,21,2254881
marRp,2.0,22,7,CAGGTGCAAGGGGACCGAGT,15,2233657
marRp,1.875,21,7,CAGGGTTCGTTCGTCCCAAT,14,2257779
marRp,0.25,8,7,CAGCCTGCTGAAGTGTCTGA,1,2219008
marRp,3.25,32,7,CAGATGTTCAAGCAGAACAA,25,2222196
marRp,0.625,11,7,CACCACTGTGACACGCCAGG,4,2220759
marRp,5.875,53,7,CACCAATGGCCCGTGTACCA,46,2229235
marRp,1.5,18,7,CACATTCGGCCTCCTAGCGG,11,2234910
marRp,1.125,15,7,CAATTTAGTCGCTTAGAACA,8,2222003
marRp,3.75,36,7,CAATCGGACCCAAAAATTGG,29,2231481
marRp,0.25,8,7,CAATAGGATTGTCCCGCTGA,1,2227261
marRp,4.375,41,7,CAAGGACGTTTTAGGGTATG,34,2225383
marRp,1.125,15,7,CAAGCCAGTCCCCTGTTGGA,8,2225030
marRp,3.25,32,7,CAACAAAAGGCACAAGCGTG,25,2219142
marRp,16.375,137,7,ATTTGGTTTGCAAATTGGCT,130,2240004
marRp,3.25,32,7,ATTGGGTGGTATCGACGTCA,25,2239805
marRp,1.625,19,7,ATTGCTTTGAACTTTTAGGG,12,2256888
marRp,3.0,30,7,ATTAGGAACCTGGCATCATG,23,2246941
marRp,2.0,22,7,ATGGGCCAGGCCTCCGTGGT,15,2246533
marRp,4.625,43,7,ATGGCCACATTCGAGTGGGT,36,2243437
marRp,6.5,58,7,ATGGCAGTTAGGCGAATACG,51,2250341
marRp,2.5,26,7,ATGCTCATAACAAAGTAAAG,19,2222384
marRp,0.25,8,7,ATGCATTAATAATACGACGG,1,2225768
marRp,1.875,21,7,ATCATAAAGCTAGTCTCAAC,14,2258158
marRp,0.625,11,7,ATCACCGCGATTCGTAGAGT,4,2226290
marRp,0.375,9,7,ATATATCCCCTTGCCTGATA,2,2222167
marRp,0.25,8,7,ATAGGCGTGCTTAAGTAGCT,1,2249163
marRp,1.375,17,7,AGTGGGGCGGCTTTAGACAG,10,2236676
marRp,4.25,40,7,AGTGCAAGTGCCTGTAGTTA,33,2228131
marRp,1.0,14,7,AGTCAGCCCGATTATGCCGT,7,2257833
marRp,1.75,20,7,AGGGTCTTAGACTTAGCCAA,13,2239922
marRp,4.0,38,7,AGGCCTGTGTACCTCGAGTA,31,2257737
marRp,8.0,70,7,AGGCCTCTGGAGCATACCGG,63,2243297
marRp,4.375,41,7,AGGCCAGGGCACGAAAGCTT,34,2237056
marRp,1.625,19,7,AGGCAATTTCCAGCAGTTAG,12,2238315
marRp,0.25,8,7,AGGAACTACCCTTCCCCGGA,1,2250538
marRp,2.625,27,7,AGCTTGTGTGCCTCACCTTT,20,2242896
marRp,2.125,23,7,AGCCTGCCGTATAAGGAAGG,16,2256919
marRp,0.25,8,7,AGAAGAATGTTCGGGAGTGA,1,2249645
marRp,2.375,25,7,AGAAGAAATCCCCTAGGTAT,18,2226156
marRp,1.625,19,7,ACTTGGCCGAGATCACAAGT,12,2246452
marRp,3.25,32,7,ACTTCCCAGGAAGGCCATGA,25,2243729
marRp,1.5,18,7,ACTGACTGTAGCGCGTGAGA,11,2224244
marRp,4.875,45,7,ACTGAAGGAGAAAATCCGTA,38,2219306
marRp,7.875,69,7,ACGCTCGTGGTCAGGCTAGA,62,2231399
marRp,3.0,30,7,ACCGTGATGAAAACCGGAGA,23,2230759
marRp,5.5,50,7,ACCCAATCGCGGTCTAAGCT,43,2259958
marRp,4.0,38,7,ACATATTAATCCCACGGTTA,31,2235362
marRp,1.5,18,7,ACAACGGTTTAGATCATGGG,11,2227936
marRp,4.125,39,7,AATTTATGAATAGCGACAAG,32,2224595
marRp,0.875,13,7,AATTGGTATATACGAAACGG,6,2225971
marRp,0.25,8,7,AATGGATTAACAGCTCGAGT,1,2237237
marRp,1.375,17,7,AATATCTTATCTATCTCAGG,10,2239114
marRp,0.25,8,7,AATATCCTCGATTGATCACA,1,2237928
marRp,2.625,27,7,AAGTTGATGTAGTGACATCA,20,2244549
marRp,2.0,22,7,AAGTGTTGGTACCCAGCCTA,15,2255033
marRp,2.5,26,7,AAGTGGCCGTATGTTCGCGA,19,2234107
marRp,0.25,8,7,AAGTACGTATCAGAACACCC,1,2235028
marRp,2.75,28,7,AAGTACATTCGGTCTTGGAC,21,2227040
marRp,1.375,17,7,AAGAATCCATCCCGGGCGAT,10,2248130
marRp,11.0,94,7,AACTTGAGAGTACGATGGAA,87,2244539
marRp,2.25,24,7,AACAGTCCCCGGGCATCTAA,17,2219076
marRp,2.875,29,7,AAATAAATATAAAGTCGTGC,22,2236996
marRp,1.375,17,7,AAAGGCATTATGCCGATTTG,10,2234710
marRp,3.625,35,7,AAACAAGTTCAGGAAGGGCA,28,2259941
marRp,5.5,50,7,AAAATTGGGAGGGCTAAAGT,43,2257856
marRp,1.375,17,7,AAAATGTGGATCTACAAAGT,10,2221585
marRp,2.857142857142857,25,6,TTTTCTTAGGAAGCGTGTTC,19,2241337
marRp,3.5714285714285716,30,6,TTTGTCTATTATGCAAATTA,24,2245795
marRp,0.7142857142857143,10,6,TTTGGATCCGGGGCGACTAC,4,2229505
marRp,1.8571428571428572,18,6,TTTGGAGCATCACTTTAAGG,12,2244831
marRp,2.857142857142857,25,6,TTTGCAGGACCTATTCCGGA,19,2244996
marRp,4.285714285714286,35,6,TTTCTAGATTGGAGACCTAG,29,2237532
marRp,0.5714285714285714,9,6,TTTCGGTCCACTCTTCAAGA,3,2254466
marRp,2.7142857142857144,24,6,TTTACTCACCTCCGCTCTGG,18,2227204
marRp,1.7142857142857142,17,6,TTTAAGGAAGGGTATCCCAC,11,2220579
marRp,3.0,26,6,TTGTCGGCCACATTCCGGAT,20,2224554
marRp,0.2857142857142857,7,6,TTGGGTAACCATACAGTTAT,1,2245501
marRp,14.0,103,6,TTGCGACGATCAAGTAACCA,97,2259483
marRp,3.2857142857142856,28,6,TTGCAGGTTATTCAGTCAAA,22,2236321
marRp,0.42857142857142855,8,6,TTGAACCACAGTCTCCTCAA,2,2252156
marRp,0.2857142857142857,7,6,TTCTTATGCGTGTCACCAGA,1,2250758
marRp,1.4285714285714286,15,6,TTCGTTTATATCAAATGGCG,9,2238584
marRp,2.5714285714285716,23,6,TTCGGCTGAATCGCATACTT,17,2246512
marRp,4.285714285714286,35,6,TTCCTTCGTGTTAACGGTGT,29,2228921
marRp,1.4285714285714286,15,6,TTACGCGGTGTGTATTTATG,9,2243019
marRp,1.2857142857142858,14,6,TTACACGGGTTCACAGAGGA,8,2223107
marRp,1.8571428571428572,18,6,TGTCCCTGGGGTCATTTGAG,12,2234777
marRp,4.142857142857143,34,6,TGTACTATGTCTTCGCGCGG,28,2233491
marRp,6.0,47,6,TGGTGCCTAGCCATAAAGCA,41,2231203
marRp,0.2857142857142857,7,6,TGGTCCGCTTCGACGGTCGT,1,2232469
marRp,2.5714285714285716,23,6,TGGCTCTAGGCGAAGGCCAG,17,2227242
marRp,4.0,33,6,TGGAGGTGTGCCAAATGTTA,27,2232133
marRp,2.0,19,6,TGCGGTCGCACCGCAAGAAC,13,2234398
marRp,1.8571428571428572,18,6,TGCGAGTTTAATGCCCAGAT,12,2232511
marRp,3.7142857142857144,31,6,TGCCGTGTCCCGCCCACGGT,25,2249662
marRp,13.428571428571429,99,6,TGCAGGATCCAAATATACCT,93,2238032
marRp,1.2857142857142858,14,6,TGATCGCCCCCAGTTTTTAT,8,2233269
marRp,4.0,33,6,TCGGTGCTAATCGTAACGAA,27,2251397
marRp,4.571428571428571,37,6,TCGGGGCATCCTTGGGTTGA,31,2241686
marRp,7.0,54,6,TCGGGCTTAACGGCACAGCA,48,2226052
marRp,1.4285714285714286,15,6,TCGGGAACGTCACAATTCCG,9,2255895
marRp,2.5714285714285716,23,6,TCGGCAACAATAGGCCGTTT,17,2226515
marRp,4.571428571428571,37,6,TCGGAGTTTGGCCCAAGGAA,31,2225968
marRp,3.5714285714285716,30,6,TCGAAGGGGTAGAAAATCAG,24,2227826
marRp,4.714285714285714,38,6,TCCTGTGGGGCAATCATATG,32,2226163
marRp,6.0,47,6,TCCTCCGGGGTTTCTGTATT,41,2242917
marRp,2.2857142857142856,21,6,TCCCCCGTGTGTGAGGGGGT,15,2250156
marRp,0.2857142857142857,7,6,TCCACTTATAAGATAAAAAA,1,2255524
marRp,1.7142857142857142,17,6,TCCAAAGTAGGCCATGGGGA,11,2244959
marRp,10.0,75,6,TCCAAAGGCCCGGAACCTAA,69,2226840
marRp,2.7142857142857144,24,6,TCAGTAGAACAGACGGCTCT,18,2219082
marRp,9.571428571428571,72,6,TCAGCCCGGTTATGAGATTG,66,2225836
marRp,0.2857142857142857,7,6,TCAACTACGACGTTCTGAGC,1,2224351
marRp,2.142857142857143,20,6,TATTCTGTGGGTCTTGAGGG,14,2235029
marRp,4.0,33,6,TATCCCGACCTAGCGCCGGA,27,2254454
marRp,3.5714285714285716,30,6,TAGCATGCTAATGCGCCAGG,24,2252457
marRp,2.5714285714285716,23,6,TAGCACCATCCGCATACATA,17,2240450
marRp,4.142857142857143,34,6,TAGAAAGAACCTAAAGAGCG,28,2226141
marRp,3.2857142857142856,28,6,TACTATATGTTTAGCTGAAG,22,2227729
marRp,6.285714285714286,49,6,TACTAGAGTCCTTATCACCG,43,2221174
marRp,3.142857142857143,27,6,TACGCAACTTTTTATCCGAT,21,2246826
marRp,1.5714285714285714,16,6,TACGAACCCTATTGAAAGAG,10,2231776
marRp,0.7142857142857143,10,6,TACCCCCCCTCTTGACCGGA,4,2227290
marRp,6.571428571428571,51,6,TACATAGATATATTAGCGCA,45,2251722
marRp,2.857142857142857,25,6,TAAGACTTGGGTGGTGATAT,19,2230369
marRp,0.8571428571428571,11,6,TAAACTTCTATTTGTGAAGC,5,2223038
marRp,5.571428571428571,44,6,GTTGATACTCCGCTGGATTC,38,2246170
marRp,2.0,19,6,GTTCCAGAGAATGCGCTAAC,13,2229178
marRp,2.2857142857142856,21,6,GTGTTTCGAGTTTGAATGAT,15,2257331
marRp,4.714285714285714,38,6,GTGGATAATGTGGTGCTAGC,32,2254243
marRp,6.0,47,6,GTGCCAGTATTCTTGGCGGT,41,2247089
marRp,3.142857142857143,27,6,GTGAACAGGGGCCGTCTCCC,21,2221799
marRp,4.0,33,6,GTCGTTAAAATTTGTCTCTG,27,2229625
marRp,2.7142857142857144,24,6,GTCCGGTGGACCCCAGAAGG,18,2235447
marRp,10.142857142857142,76,6,GTATAAAGCGCTGCGTCCCA,70,2237236
marRp,2.4285714285714284,22,6,GTAGACTGTAAGCCCCGAAG,16,2236024
marRp,4.0,33,6,GTAGACTAACAAACCCCCGT,27,2238225
marRp,2.857142857142857,25,6,GTACTTTGGACCTTTACCGC,19,2223180
marRp,2.4285714285714284,22,6,GTACTTATTGCGTGCGTCAT,16,2221737
marRp,3.2857142857142856,28,6,GGTTATCGGTACGGAGCGTT,22,2219751
marRp,1.8571428571428572,18,6,GGTCTCGGTATGTCTACTGA,12,2225986
marRp,3.2857142857142856,28,6,GGGTACTATTCCTTTGTGAG,22,2234970
marRp,9.571428571428571,72,6,GGGCTCTTACTAACGTGGGG,66,2217996
marRp,13.428571428571429,99,6,GGGAGTCCGCGTACAGTGGA,93,2244402
marRp,11.0,82,6,GGCTCTCTGGTAATTCAACG,76,2235960
marRp,3.142857142857143,27,6,GGCCCGGGAGCTCTCGCGGA,21,2227759
marRp,4.714285714285714,38,6,GGCCAGGCATGCTAACCATA,32,2225745
marRp,2.0,19,6,GGCAATAGCCAGAAATTTAT,13,2233501
marRp,4.142857142857143,34,6,GGATGTCCCCACGACGAACG,28,2232906
marRp,3.5714285714285716,30,6,GGATGATGGGGAAGTTCTTA,24,2246408
marRp,4.285714285714286,35,6,GGAGAGTCACATTGAACCCC,29,2253943
marRp,2.857142857142857,25,6,GGAGAGATACATTATATCCC,19,2257720
marRp,1.7142857142857142,17,6,GGACTTTAGAGTCATGTGAA,11,2248363
marRp,0.2857142857142857,7,6,GGAACTTGTGGGACTACGGG,1,2218188
marRp,1.5714285714285714,16,6,GCTTGCGGCACTGGAATAGT,10,2236644
marRp,6.142857142857143,48,6,GCTGTATTTATTGCCAGGGA,42,2254007
marRp,2.142857142857143,20,6,GCTGCAACAGCGATTTGTCT,14,2255419
marRp,3.5714285714285716,30,6,GCTATACGGAGATGTGGTCA,24,2230831
marRp,2.5714285714285716,23,6,GCTAAGGGCGACTTTCCTGA,17,2220608
marRp,6.285714285714286,49,6,GCGTCTGCCTCCTGGATCGC,43,2232721
marRp,1.5714285714285714,16,6,GCGCGTGCCCGAAGTCAAGA,10,2242318
marRp,1.2857142857142858,14,6,GCGCCCCTTGCGTGAAGCTT,8,2229941
marRp,3.142857142857143,27,6,GCGAAAGCCGCTTCCATCTG,21,2224592
marRp,4.142857142857143,34,6,GCCTTATCGGGCCGAGCTAA,28,2256027
marRp,1.0,12,6,GCCGGTGATAACAATCTGCG,6,2234960
marRp,3.142857142857143,27,6,GCCGCTTTGCGGAATCCCCC,21,2237530
marRp,0.2857142857142857,7,6,GCCGCAAGACCATATGCTGG,1,2237597
marRp,2.5714285714285716,23,6,GCCCTTGTTGGCCCGCAATC,17,2225555
marRp,2.4285714285714284,22,6,GCCCCAAAAATCTTTGCTGT,16,2222181
marRp,4.857142857142857,39,6,GCCAGCGTCCGGGAGAACAG,33,2232399
marRp,3.0,26,6,GCAGAGAGATTGTGACTGTA,20,2226047
marRp,2.0,19,6,GCAAGATGCTCGGCATCTGG,13,2252294
marRp,0.2857142857142857,7,6,GATTTGGGGGTATTAGTTTC,1,2241584
marRp,3.142857142857143,27,6,GATGGGCAAAGAAACAATAA,21,2234124
marRp,2.0,19,6,GATCTGCAACCAGACGCTAA,13,2231490
marRp,3.4285714285714284,29,6,GATCGCTCCGAGGAGGTTTG,23,2250133
marRp,0.8571428571428571,11,6,GAGTACTACCGCGCGCCACT,5,2235370
marRp,2.857142857142857,25,6,GAGATACACAGCTAGCCTGG,19,2236756
marRp,4.142857142857143,34,6,GAGAAGCAAGCCCAATCCGA,28,2220454
marRp,3.4285714285714284,29,6,GACCCGAGTCGGGTAGGTTT,23,2219942
marRp,7.142857142857143,55,6,GACCACGAGAAGAGGGATTT,49,2242343
marRp,4.428571428571429,36,6,GAAGTGTCACCACATCGAGT,30,2241088
marRp,0.2857142857142857,7,6,GAAGGGCCTTCTAGGTTCAT,1,2244698
marRp,11.0,82,6,GAACGTTAGTTGCCATACTT,76,2218974
marRp,1.4285714285714286,15,6,GAACCTGTATGTAGGTAAGT,9,2255766
marRp,8.0,61,6,CTTTTACCCGGAATTAAAGC,55,2260223
marRp,0.5714285714285714,9,6,CTTCCCACGGTCGTTGGGCA,3,2225275
marRp,10.142857142857142,76,6,CTTAGGTGATCGTTCAGTTA,70,2232728
marRp,2.2857142857142856,21,6,CTGTTCATAATGGGTGGCTT,15,2228101
marRp,2.4285714285714284,22,6,CTGGGAGAACGTTTACCCAC,16,2246380
marRp,4.285714285714286,35,6,CTGGCGCCGCTCGTGCTCGG,29,2239219
marRp,2.2857142857142856,21,6,CTGGATGCACTGGACTGGCG,15,2246741
marRp,0.2857142857142857,7,6,CTGCTAGGTATAAGAGACAA,1,2238993
marRp,4.142857142857143,34,6,CTGACTACACTGTACAGCCT,28,2233506
marRp,1.8571428571428572,18,6,CTGAAGCCAGGACTCAGACG,12,2223249
marRp,1.0,12,6,CTCTTCGGACGCCCGACAGT,6,2252360
marRp,3.4285714285714284,29,6,CTCTTCACGTTGTCCGAAGT,23,2252918
marRp,6.857142857142857,53,6,CTCGCGTTTGGTCGCCAGGA,47,2231523
marRp,1.7142857142857142,17,6,CTCGAGGTGCCGGGAACGCT,11,2246804
marRp,0.5714285714285714,9,6,CTCATTCCAATAGAGGGGGC,3,2226486
marRp,2.7142857142857144,24,6,CTAAGTCCAGGCACCACTTG,18,2228079
marRp,5.714285714285714,45,6,CTAAGTATGCTGCGCACGGG,39,2236876
marRp,7.714285714285714,59,6,CGTTGAATGAAGGTTTGATG,53,2223665
marRp,13.428571428571429,99,6,CGGTGCGCACCTCTCAATCT,93,2227848
marRp,3.0,26,6,CGGCTTGGTGGTCAGCTAGC,20,2258104
marRp,0.2857142857142857,7,6,CGGCGGTGAGCTTATCCGCG,1,2224682
marRp,3.0,26,6,CGGCGCGGGCTATTCTGGAA,20,2246836
marRp,5.142857142857143,41,6,CGAGGTTTCGGAATTGACTT,35,2229846
marRp,6.857142857142857,53,6,CGAATGGAACTCCTGAAGAA,47,2221772
marRp,5.285714285714286,42,6,CGAATCCGGGAGACCGGACG,36,2226903
marRp,5.857142857142857,46,6,CCTGGGGCCGGGGCACTTGA,40,2257669
marRp,4.428571428571429,36,6,CCTGAGCAGCAATTTACACA,30,2241598
marRp,0.2857142857142857,7,6,CCTCTCCAATACATTAATTT,1,2217942
marRp,2.5714285714285716,23,6,CCGTGCATCATGCTCAATGC,17,2238477
marRp,12.285714285714286,91,6,CCGTCTCGGGCCGCCGAGGT,85,2232998
marRp,0.2857142857142857,7,6,CCGTAAATGAGTGGGCTAGT,1,2222697
marRp,3.142857142857143,27,6,CCGGGGATGGTCGCTAGATT,21,2259566
marRp,3.2857142857142856,28,6,CCGATCTCGTTATTAGTACT,22,2218751
marRp,6.857142857142857,53,6,CCCTGCGTAGGATTCGATAA,47,2233743
marRp,4.0,33,6,CCCTCAAGGACACTGGCCAG,27,2219179
marRp,3.5714285714285716,30,6,CCCCGCCACGATCTGGTCTG,24,2240692
marRp,2.0,19,6,CCCCAACGTTCTTCCGAATT,13,2230380
marRp,3.7142857142857144,31,6,CCCACTTTAGTGCAGCTTTT,25,2250945
marRp,4.857142857142857,39,6,CCCACGATGGACCAAGGTGG,33,2239915
marRp,4.714285714285714,38,6,CCAAGGACGGCGCATGGTTT,32,2228868
marRp,5.0,40,6,CCAACCAGGCATGTCGAATA,34,2245049
marRp,0.2857142857142857,7,6,CATGTAAAGTGGGAATGAGC,1,2236294
marRp,0.2857142857142857,7,6,CATGGAGAATGGGATCGGTC,1,2244311
marRp,2.142857142857143,20,6,CATCTGGATTCTAGTGCCCC,14,2245719
marRp,1.5714285714285714,16,6,CAGTATAACAAGCAGAACAT,10,2237152
marRp,1.8571428571428572,18,6,CAGGTCCGGAACTAGCAAGT,12,2225196
marRp,4.285714285714286,35,6,CAGGCCCTAACCAGATGCCT,29,2251845
marRp,4.285714285714286,35,6,CAGAGAAACCACAGCGCGGG,29,2235766
marRp,1.8571428571428572,18,6,CACTTGAGCGGATCGGACAT,12,2219172
marRp,5.571428571428571,44,6,CACTGTTCGGGAAACGCTAT,38,2250522
marRp,2.2857142857142856,21,6,CACTGCTCATCCCCTGATGG,15,2220784
marRp,0.2857142857142857,7,6,CACGTGATCGGTAATCGGGT,1,2233931
marRp,4.142857142857143,34,6,CACGTCACGATCGGAGTTGA,28,2236368
marRp,3.4285714285714284,29,6,CACCCGTATCCATTACCTCC,23,2237931
marRp,4.714285714285714,38,6,CACATGGCCCTCTTTGGAGA,32,2236873
marRp,4.428571428571429,36,6,CAAGTTCGTAGGGATGTAGT,30,2245505
marRp,3.7142857142857144,31,6,CAAGGACTTGTAAGATGAAT,25,2248013
marRp,4.285714285714286,35,6,CAACCGGCACTCGTTTGATA,29,2259518
marRp,0.2857142857142857,7,6,CAAAGACAGTAAGGAGTAAA,1,2240584
marRp,3.5714285714285716,30,6,ATTTTCTTGGCAAAGTGGTA,24,2235649
marRp,3.142857142857143,27,6,ATTTGATGCCTATCGATCCA,21,2257721
marRp,16.857142857142858,123,6,ATTTGACCGATCGTACATGA,117,2231933
marRp,5.714285714285714,45,6,ATTTAATCACGTCGAGGATG,39,2219207
marRp,4.428571428571429,36,6,ATTGTTATTATTATTTCTCA,30,2227721
marRp,0.2857142857142857,7,6,ATTCAACCGCGGCCCTCGTC,1,2231197
marRp,0.5714285714285714,9,6,ATGTGTCGAAGTTGAATTAT,3,2232344
marRp,4.142857142857143,34,6,ATGTGCGCGGCTACTCAGAT,28,2251476
marRp,1.7142857142857142,17,6,ATGGACGCTGGGGTTTGTAA,11,2255201
marRp,3.857142857142857,32,6,ATGAAATCCTGGTTAAAATC,26,2224898
marRp,12.857142857142858,95,6,ATCGTTTACTCACTGTCCAC,89,2240793
marRp,2.0,19,6,ATCGGCGAGATATGGATGCA,13,2255157
marRp,0.2857142857142857,7,6,ATCGCAAGGGCAATCGGCGT,1,2243369
marRp,2.4285714285714284,22,6,ATCAGTATCCGGCCTCCACA,16,2226413
marRp,3.5714285714285716,30,6,ATCAGGGTGCGAGATGAATT,24,2231212
marRp,1.8571428571428572,18,6,ATATCGGCGTTTACAAAACC,12,2223109
marRp,0.2857142857142857,7,6,ATAGTACGGCAAGACTGCTG,1,2233997
marRp,3.4285714285714284,29,6,ATAGGAGGGGCTCAATGAGC,23,2235624
marRp,3.0,26,6,ATACCTGGAGTTTGGATGAT,20,2260838
marRp,2.7142857142857144,24,6,ATACAAAGAGCCGAAAGGTA,18,2241771
marRp,4.285714285714286,35,6,ATAACGGCCAGTCTCAATGA,29,2220889
marRp,2.142857142857143,20,6,ATAAAGATGCAAATTCATTT,14,2232026
marRp,2.5714285714285716,23,6,AGTGCGTCTTTTGGGGTAAC,17,2255993
marRp,4.0,33,6,AGGGGAGGCGCGGGTTCCTA,27,2250750
marRp,5.142857142857143,41,6,AGGATGGCCAAGGTACTTTG,35,2247108
marRp,4.142857142857143,34,6,AGCGGGGGTATCACGCTGAT,28,2234961
marRp,5.285714285714286,42,6,AGCGGGGACTTGTTGCGTAT,36,2247799
marRp,3.5714285714285716,30,6,AGCGCGGTTGTACGGCCCTT,24,2228695
marRp,0.2857142857142857,7,6,AGCGAACCCAGATCCGGTGA,1,2234849
marRp,1.8571428571428572,18,6,AGCAGATGAGTAGGATAAGA,12,2225067
marRp,3.857142857142857,32,6,AGATCCCCCAGTATTGCTCT,26,2250961
marRp,3.5714285714285716,30,6,ACTTACAACAGGGGGTTCGC,24,2233854
marRp,2.5714285714285716,23,6,ACTCTCAGGACTGCGCCGGT,17,2229233
marRp,3.2857142857142856,28,6,ACGGCCCGGCGCCGTTTTAC,22,2250741
marRp,11.714285714285714,87,6,ACGATTCGACACACCCAAGG,81,2234347
marRp,3.2857142857142856,28,6,ACGATGTGTCTCTCGGGCTG,22,2246527
marRp,1.8571428571428572,18,6,ACGATGTCCTTTCAAGGTTA,12,2225272
marRp,4.285714285714286,35,6,ACGAGTACACAAAGGTGCCA,29,2237305
marRp,2.4285714285714284,22,6,ACGACGCTGACATTCCATGC,16,2220956
marRp,1.1428571428571428,13,6,ACCTTACTTCGAGCTGTACT,7,2217969
marRp,5.714285714285714,45,6,ACCGGGGGTCTAAGTGTCTA,39,2221360
marRp,7.0,54,6,ACCCCATGGTACCCAGAGGC,48,2235160
marRp,9.0,68,6,ACCAGAGATTGAGGACGGAC,62,2226532
marRp,1.2857142857142858,14,6,ACCACGCATCGAGAATACCC,8,2259035
marRp,4.857142857142857,39,6,ACATTCCATTGGGCTTCAAA,33,2252628
marRp,4.0,33,6,ACAGATGTATGTTGAGGCCA,27,2221483
marRp,0.5714285714285714,9,6,ACACGCCCTGTGTCGTCATA,3,2248781
marRp,3.142857142857143,27,6,ACACGAACTACTTGACACTC,21,2240618
marRp,2.2857142857142856,21,6,ACAAGATCACCTCGCGTAAA,15,2228876
marRp,0.2857142857142857,7,6,ACAAAGTGCTTCTAATTGGC,1,2256688
marRp,5.285714285714286,42,6,AATTGTAAGTCTGTTCTAAA,36,2242614
marRp,3.5714285714285716,30,6,AATCGTTGCTGAAGTGGCGG,24,2244848
marRp,0.7142857142857143,10,6,AATCGAATGAGGCCTACAAA,4,2218896
marRp,3.142857142857143,27,6,AATCCTTGATGAGGGTATAA,21,2226236
marRp,2.0,19,6,AATATTGGGCGGTAGATATA,13,2247111
marRp,4.428571428571429,36,6,AATACGGCACCAGCCCCGTT,30,2234850
marRp,2.0,19,6,AAGTTGGTAGAGACGTGGAA,13,2236715
marRp,0.7142857142857143,10,6,AAGGTCTCATTTCTGCTGCG,4,2249332
marRp,3.2857142857142856,28,6,AAGGGTGGGCTTCTATGTCC,22,2227164
marRp,1.5714285714285714,16,6,AAGAGAGGACGAGGTTTATT,10,2250162
marRp,1.4285714285714286,15,6,AAGAGAATGCGAAAAAGTGT,9,2218999
marRp,0.2857142857142857,7,6,AACGCCCTCAGGAGCGGCTC,1,2227477
marRp,4.428571428571429,36,6,AACCTCCCAACGCTAGGTGC,30,2220079
marRp,3.0,26,6,AACCTAGTCGGCAGGTACCA,20,2256699
marRp,1.4285714285714286,15,6,AAATAGGGCTTTGCAAATGG,9,2244286
marRp,10.0,75,6,AAAGTATTCAAAAGACGTAT,69,2259735
marRp,0.7142857142857143,10,6,AAAGTAGGTGAAGTAAAGTC,4,2219900
marRp,3.142857142857143,27,6,AAACGGATCTGATGCTCCGA,21,2256936
marRp,7.285714285714286,56,6,AAAATGGATTTCCACAGGGT,50,2233965
marRp,6.0,40,5,TTTGCCAGGAATCGTACCAT,35,2243109
marRp,4.166666666666667,29,5,TTTGATCTCGGTGCAACATG,24,2230648
marRp,0.3333333333333333,6,5,TTTGAGGTCTGTACCTACCT,1,2255551
marRp,1.5,13,5,TTTACCTACCACCATCTCTC,8,2218245
marRp,1.0,10,5,TTGTCTGATATGAAAGTAAG,5,2255716
marRp,2.5,19,5,TTGGGTCGTGCAGGCACGAC,14,2222617
marRp,0.5,7,5,TTGCGGAAACTAACGCCTAT,2,2245080
marRp,5.5,37,5,TTGCGCAGAGTGTTAGACGG,32,2225624
marRp,2.1666666666666665,17,5,TTGAGTCTACCACGTACTCA,12,2248310
marRp,5.666666666666667,38,5,TTGACTGGATAGTACTATAG,33,2250602
marRp,0.5,7,5,TTCTTGAGCAAACACCGTCA,2,2259980
marRp,5.666666666666667,38,5,TTCTTCAAGTTATGTAGCCT,33,2229884
marRp,5.166666666666667,35,5,TTCTCTCCTCTACGTACGAA,30,2248836
marRp,11.5,73,5,TTCGGTGCAGGCGTTTCCTG,68,2256594
marRp,0.5,7,5,TTCCGTCTCGGGCTTCACTT,2,2245693
marRp,3.0,22,5,TTCCCAAAATATGAAAGACC,17,2248917
marRp,5.333333333333333,36,5,TTCACTTAGTTCGCACCCAT,31,2253586
marRp,2.6666666666666665,20,5,TTATGACCGGATACGCATCT,15,2244496
marRp,2.8333333333333335,21,5,TGTTCTAGCGACGCATCGGT,16,2225621
marRp,1.6666666666666667,14,5,TGTATTTAGGCACTAGACAA,9,2251951
marRp,2.3333333333333335,18,5,TGGGTATAACCGCGGCAGAC,13,2240889
marRp,0.8333333333333334,9,5,TGGGCTAAGGATCACTAGGT,4,2240443
marRp,0.3333333333333333,6,5,TGGGACCGGATCCGCTCGGG,1,2246365
marRp,5.166666666666667,35,5,TGGCTCTTACCGGATCACTA,30,2222075
marRp,0.6666666666666666,8,5,TGGCTCCCCCGTGCATCGCA,3,2253041
marRp,2.5,19,5,TGCTCGGCCGGACCTCGGCT,14,2240892
marRp,6.0,40,5,TGCCGCTTGGCCCGCCATGC,35,2229973
marRp,4.166666666666667,29,5,TGCCACAAAAGACATTTTCA,24,2231137
marRp,4.166666666666667,29,5,TGCAGCGATCAGCAGCTAAA,24,2222442
marRp,0.3333333333333333,6,5,TGATATACGGAAACAGAAAA,1,2249054
marRp,1.8333333333333333,15,5,TGACGGGAGACTTGCGCAAA,10,2236514
marRp,3.1666666666666665,23,5,TGACGCTTGGTTGGGGCTAA,18,2236749
marRp,3.3333333333333335,24,5,TCTTCCGACACGCGTGGATG,19,2229410
marRp,14.833333333333334,93,5,TCGGCATTGTTTAACAAAGG,88,2247453
marRp,2.8333333333333335,21,5,TCGCGTCTCGAGACACCGGT,16,2255897
marRp,0.3333333333333333,6,5,TCGCCGTAGAACTTGGCACA,1,2226365
marRp,4.666666666666667,32,5,TCGCCAAAAATGGGAGTATC,27,2256997
marRp,4.0,28,5,TCGAGACGCAAACCTAAGGC,23,2221222
marRp,6.0,40,5,TCGACTGCAGCCAACGCCGG,35,2238431
marRp,3.0,22,5,TCCGCGTGCCCCGGGATGGA,17,2222261
marRp,1.0,10,5,TCCCGTTGCCACGGCGCATC,5,2242569
marRp,2.0,16,5,TCCAGCATCCAGTAGCGAGT,11,2220704
marRp,1.8333333333333333,15,5,TCAGGTTGTCTCGCGCCCTT,10,2228836
marRp,3.1666666666666665,23,5,TCACAGTAAGACATCTCAGA,18,2260193
marRp,2.0,16,5,TCAATGTTTGTTAGCTTACT,11,2242928
marRp,3.6666666666666665,26,5,TATTATTATAAACATCCTCC,21,2253847
marRp,5.833333333333333,39,5,TATCTCAGACGGAACCCTAC,34,2233013
marRp,2.3333333333333335,18,5,TATCTACGGAGACCCCCACC,13,2256190
marRp,4.5,31,5,TAGGTAAAGATGAATGCCAG,26,2251394
marRp,5.5,37,5,TAGGAGGCGCCATGCGCGGT,32,2227103
marRp,5.166666666666667,35,5,TAGAGCACCGCACGCGAATC,30,2219448
marRp,2.3333333333333335,18,5,TACTGTCAGAGTTGCCCCTA,13,2236402
marRp,1.6666666666666667,14,5,TACTGAGGTAGTGTGTAATT,9,2243003
marRp,0.3333333333333333,6,5,TACGAATCTTGCGGCCAGCC,1,2259454
marRp,3.5,25,5,TACGAAATTACGATTATGCG,20,2227789
marRp,2.6666666666666665,20,5,TACCTAAGCCTGGATCACCT,15,2242611
marRp,1.5,13,5,TAAGGCCCGGCATTATAGTG,8,2236398
marRp,4.5,31,5,TAACCGATACATTACTCTGG,26,2247371
marRp,1.0,10,5,TAAACTTCTGACAGGGAGAA,5,2224404
marRp,8.333333333333334,54,5,TAAACTCTGGTGGGATTACT,49,2246868
marRp,1.1666666666666667,11,5,GTTGCAGCGTGCAAGAACTA,6,2242138
marRp,6.666666666666667,44,5,GTTGATGCGCATCATACTGG,39,2220236
marRp,5.833333333333333,39,5,GTTAGTGCTCGACTGCTGGC,34,2218426
marRp,7.0,46,5,GTTAAACGTGCGTCAAAACA,41,2220195
marRp,3.1666666666666665,23,5,GTGTTGACAGTATCAGCGCC,18,2219952
marRp,5.666666666666667,38,5,GTGGAGTAGCCACAAGCGTT,33,2244441
marRp,4.0,28,5,GTGGACGCCAAAACTCAAGT,23,2238271
marRp,0.6666666666666666,8,5,GTGCTCGGGTCACTAACAAA,3,2221540
marRp,3.5,25,5,GTGCGAATCGATTAGTGCTG,20,2250510
marRp,1.6666666666666667,14,5,GTGCCGTTAGTCGGGGTGTA,9,2241888
marRp,4.5,31,5,GTGCCATTGTAATAACAGTC,26,2224706
marRp,12.5,79,5,GTGATGAATGTTTTTGACTT,74,2218562
marRp,8.666666666666666,56,5,GTGACTTAAATAATTTGTTG,51,2231224
marRp,16.0,100,5,GTCGTTGGACCGAGACATTA,95,2250157
marRp,3.8333333333333335,27,5,GTCGCTTTAAAAAGTCATTA,22,2241737
marRp,12.0,76,5,GTCGCTCGCGATCCTTAAGA,71,2229972
marRp,6.0,40,5,GTCGAAGTGTTGCCATGGTT,35,2220908
marRp,2.8333333333333335,21,5,GTCCTTTAGCCAGATGGCGT,16,2238203
marRp,5.5,37,5,GTCCTAGTTGTTTTGAGATT,32,2245954
marRp,8.833333333333334,57,5,GTCCACTGCCGAGCGTTGTA,52,2249704
marRp,10.0,64,5,GTCAGTCACCATTAGTGCTT,59,2251988
marRp,1.8333333333333333,15,5,GTCAGCGCGTCGTTGCTTAC,10,2237852
marRp,0.3333333333333333,6,5,GTCACCCACTGACCGCTCAA,1,2242795
marRp,4.166666666666667,29,5,GTATAACATTTGGCTTACTA,24,2235752
marRp,3.8333333333333335,27,5,GTAGAAGGTTCGGGATACAT,22,2252700
marRp,4.333333333333333,30,5,GTAGAAAGGACGTGGAACTA,25,2229107
marRp,5.166666666666667,35,5,GTACACAAAGGGACTAGCTT,30,2219792
marRp,3.0,22,5,GTAATATCGTTGATCGGGAG,17,2241370
marRp,1.3333333333333333,12,5,GGTTTTAGTGGATAGGAGAT,7,2257502
marRp,2.3333333333333335,18,5,GGTTGCCTGGGGTCAGGCGG,13,2234001
marRp,2.8333333333333335,21,5,GGTGCGTTGTGACTGACTAG,16,2219893
marRp,1.0,10,5,GGTGCGTCGAGCTCGACAGT,5,2219078
marRp,4.333333333333333,30,5,GGTGAAACTGTCCCGTAGGT,25,2248405
marRp,1.6666666666666667,14,5,GGGTTAGGGTACTGGAATGA,9,2250753
marRp,2.8333333333333335,21,5,GGGGTTGAGCTAACCAAAGC,16,2244695
marRp,9.833333333333334,63,5,GGGGTGTCGCGGTAAGCCCT,58,2240982
marRp,4.166666666666667,29,5,GGGGATTAGCATTTTTCAGC,24,2228338
marRp,1.8333333333333333,15,5,GGGGACGGTCGGGTTAATCA,10,2218019
marRp,0.3333333333333333,6,5,GGGCTGGCTAGAGACGAGGA,1,2227922
marRp,1.1666666666666667,11,5,GGGCTCACCACGCCGGGGTC,6,2223043
marRp,0.3333333333333333,6,5,GGGCAGGGTGACCGCTCTGA,1,2240577
marRp,7.333333333333333,48,5,GGCTTCCATGGGTCCTCCCG,43,2249016
marRp,5.666666666666667,38,5,GGCTGCCGGACGTGCAAGGA,33,2233865
marRp,5.333333333333333,36,5,GGCTGACCCGTGGATTCCAA,31,2240372
marRp,17.0,106,5,GGCGATCCACGAACCACACT,101,2259746
marRp,4.0,28,5,GGCCTGATCCATGGGGCACT,23,2222737
marRp,3.5,25,5,GGCCGGGCGTGTAATAGATT,20,2253815
marRp,5.666666666666667,38,5,GGCCCGCGACCTGTAGCCGA,33,2221842
marRp,4.0,28,5,GGCCAGGGTCCCATTCTGAG,23,2247351
marRp,4.166666666666667,29,5,GGCATCGTCCGATATCCCGT,24,2251514
marRp,2.1666666666666665,17,5,GGCACCATTAGACTCATTCC,12,2260699
marRp,7.666666666666667,50,5,GGATATACGTGGCGTATTTA,45,2258911
marRp,4.333333333333333,30,5,GGAGCCGAGTGAGGTACGGG,25,2242340
marRp,12.166666666666666,77,5,GGAGCACGGACACGATCAGG,72,2235325
marRp,0.3333333333333333,6,5,GGAAGATGTCTCGTTAACAA,1,2229404
marRp,3.8333333333333335,27,5,GGAACGCTCCTGCGCCTCAA,22,2218024
marRp,1.0,10,5,GCTGTCAGGGTAGGGTCCAT,5,2243148
marRp,2.0,16,5,GCTCGAGATAAGGACATTTC,11,2227976
marRp,5.166666666666667,35,5,GCTAATGCCTCGATCTTTTG,30,2237504
marRp,4.0,28,5,GCGTTTCCCCAATGTTTACA,23,2234036
marRp,5.0,34,5,GCGTGCACTCGGCGACTGGT,29,2249046
marRp,7.0,46,5,GCGTCAACTCTCTTCAAAGG,41,2236126
marRp,4.333333333333333,30,5,GCGGGCCTGAAGGAAATGCC,25,2260672
marRp,4.0,28,5,GCCTTCGCTACCTTTGCCGT,23,2220700
marRp,3.6666666666666665,26,5,GCCTGTCCCGCCCGTCTGCC,21,2218419
marRp,3.1666666666666665,23,5,GCCGATATATGTACGGGGAA,18,2228109
marRp,3.6666666666666665,26,5,GCCCTTCTATTAGCATGCTT,21,2231136
marRp,4.333333333333333,30,5,GCCCGCAATCGGGTTGGTAT,25,2227039
marRp,3.1666666666666665,23,5,GCCCGATTACGGGCACAGAA,18,2240454
marRp,2.0,16,5,GCATTGACGTTTGGTCGAAC,11,2247393
marRp,11.5,73,5,GCATGGCAGGAATGCACCTC,68,2257789
marRp,3.0,22,5,GCATACGTTCATAAGTAGAT,17,2225382
marRp,1.5,13,5,GCACCGCCGGTGCGAGGATG,8,2250084
marRp,2.6666666666666665,20,5,GCACCAGAAGTTGGTATAAA,15,2229501
marRp,2.0,16,5,GCAAGCAAAGAGCCTGCTAA,11,2243446
marRp,2.0,16,5,GATTCGTCGGTACGACCACT,11,2229146
marRp,1.8333333333333333,15,5,GATTCGGTTCACTGGAGAGA,10,2224517
marRp,4.0,28,5,GATTCAACGTTACACTAGGT,23,2236320
marRp,4.5,31,5,GATGTTGTATTGTGAATTCG,26,2236455
marRp,7.666666666666667,50,5,GATAGATTGTGTTTGGAACT,45,2248973
marRp,0.5,7,5,GAGGTAAGACTTCTTCGTGT,2,2229120
marRp,2.3333333333333335,18,5,GAGCACATAAGAGCTGCTGG,13,2244835
marRp,9.5,61,5,GACCCGCATGGCTTACTTTT,56,2250422
marRp,4.166666666666667,29,5,GACCCCGTTCCGGAACTTAT,24,2245759
marRp,0.3333333333333333,6,5,GAAAAGGAGCAGGTTCGGCG,1,2227644
marRp,8.5,55,5,CTTTACAATTCACCGGAATT,50,2240460
marRp,2.3333333333333335,18,5,CTTGGCAGACCTCCTCCGTG,13,2240783
marRp,3.1666666666666665,23,5,CTGGACTTTCGTCATCGCCA,18,2260987
marRp,0.3333333333333333,6,5,CTCTTGTCGTGGAGAAATCC,1,2256245
marRp,2.3333333333333335,18,5,CTCGTTAAAAGAAGCTGTCG,13,2244538
marRp,4.833333333333333,33,5,CTCCTGGAAAAAGTTACGGT,28,2221040
marRp,7.5,49,5,CTCCGCATCACAGGCTGGAG,44,2252907
marRp,3.5,25,5,CTACGTCTGATACTATTCCC,20,2251639
marRp,6.666666666666667,44,5,CGTTCATATCTAGTGTAGTT,39,2249056
marRp,2.6666666666666665,20,5,CGTTCAGGGTTGGAAGTTCC,15,2224919
marRp,1.1666666666666667,11,5,CGTGGAAACCGAAGTCTATA,6,2221773
marRp,8.166666666666666,53,5,CGTCTCACGCGTCAGAGGCG,48,2231930
marRp,0.6666666666666666,8,5,CGTCTACAGCTAGAGAACGT,3,2229346
marRp,2.1666666666666665,17,5,CGTCAGTAGGGATTTGCGCT,12,2230000
marRp,6.833333333333333,45,5,CGTAGCCCAGGGGACGTTTC,40,2238670
marRp,0.5,7,5,CGGGCTCCTGGCGGCACGTC,2,2238728
marRp,0.3333333333333333,6,5,CGGCTGTTCTTAAGTAGGAG,1,2225186
marRp,13.0,82,5,CGGCTCGTGTAAATAGACAA,77,2250835
marRp,3.6666666666666665,26,5,CGGCGTGGCTCGAACGGGTC,21,2222489
marRp,1.1666666666666667,11,5,CGGCCTCACCCTTATACTTT,6,2231480
marRp,13.666666666666666,86,5,CGGACATTGTGATAAATGCG,81,2240975
marRp,3.6666666666666665,26,5,CGGACATTAGCAGCTTATAG,21,2254192
marRp,1.8333333333333333,15,5,CGGACAAGTTACTGTGAATG,10,2218406
marRp,5.0,34,5,CGCTGTTGTGGGCAGTCGAT,29,2255641
marRp,0.3333333333333333,6,5,CGCTGATACCTCAATTAGCA,1,2240371
marRp,3.8333333333333335,27,5,CGCGGCAAGAAAGCGTTGGT,22,2245911
marRp,0.3333333333333333,6,5,CGATCAACAGCTGTATGGGT,1,2243018
marRp,4.0,28,5,CGAGTATGCTCCTGGCCCCC,23,2247569
marRp,5.833333333333333,39,5,CGACTAGCGGGCACCGGCGT,34,2242327
marRp,4.666666666666667,32,5,CGAAGGAAGTAGTCTTTGTA,27,2240943
marRp,3.3333333333333335,24,5,CCTTCCAAGATGTATGTTGC,19,2245710
marRp,0.8333333333333334,9,5,CCTGCTCGTAGACCGTTTTG,4,2232953
marRp,4.333333333333333,30,5,CCTATTCTCACAAAGAGGAG,25,2238415
marRp,0.3333333333333333,6,5,CCGCTGTGAACCCCACATAC,1,2247639
marRp,1.6666666666666667,14,5,CCGCTGCAAGAATCGCTGGA,9,2259567
marRp,0.3333333333333333,6,5,CCGCCTACAGCGTAACTTAA,1,2250677
marRp,0.3333333333333333,6,5,CCGCAATTAGTTAACTAGCT,1,2219006
marRp,2.1666666666666665,17,5,CCGAACTAATGTCATGTGTC,12,2248853
marRp,1.5,13,5,CCCTGCGCTCGGGGTATCGG,8,2226335
marRp,3.1666666666666665,23,5,CCCTATATTGTTATCAGTCA,18,2244837
marRp,8.333333333333334,54,5,CCCGGCTCAACCAGTGATTG,49,2227978
marRp,5.833333333333333,39,5,CCCGGCCGCTAGGTTCAGGA,34,2229072
marRp,3.1666666666666665,23,5,CCCGGCCCCTCTTGGGCATA,18,2257172
marRp,0.3333333333333333,6,5,CCATGTGCCCATAAGGGCAG,1,2259163
marRp,3.8333333333333335,27,5,CCATGATCGGTGGGGTGGTG,22,2232144
marRp,9.333333333333334,60,5,CCATATTCAAAAAGTCCGGG,55,2226234
marRp,3.3333333333333335,24,5,CCACCTGGCTTCGGCCAGTA,19,2231997
marRp,3.5,25,5,CCAAGAGTTCAACGATCGGG,20,2235289
marRp,9.166666666666666,59,5,CATGGGTCCTACGTTTTCGT,54,2235444
marRp,12.0,76,5,CATATGCTTGAGTGCCCTCG,71,2228287
marRp,5.0,34,5,CATAGGTAGCCGGACGAATG,29,2238043
marRp,4.833333333333333,33,5,CAGTTCTTGGAACGATGTCA,28,2221439
marRp,5.666666666666667,38,5,CAGTTCCAAATGTCTTCAGG,33,2256812
marRp,0.8333333333333334,9,5,CAGTGTTTTTTTTGGGAAGA,4,2235509
marRp,6.166666666666667,41,5,CAGGTTTTACTGGTTGTGTC,36,2231174
marRp,3.8333333333333335,27,5,CAGGCGGGGTTCTACTTCTT,22,2249408
marRp,6.166666666666667,41,5,CAGCTCGCCTGCATAATGCC,36,2231965
marRp,2.3333333333333335,18,5,CAGCGTACCTCAACGCTGAT,13,2238077
marRp,2.8333333333333335,21,5,CACTTTCGGGTAGGAACTAA,16,2222175
marRp,0.6666666666666666,8,5,CACTCGCAGTAGAAAAGCAG,3,2241572
marRp,8.166666666666666,53,5,CACCTTTTACAGCTGACGTG,48,2226876
marRp,5.5,37,5,CAATCGCATTCAGCCAGGGA,32,2248173
marRp,4.0,28,5,CAATAAGTTTCCATCTGATG,23,2235285
marRp,7.666666666666667,50,5,CAAATAGTAAACAATGGGGT,45,2248484
marRp,2.1666666666666665,17,5,ATTGGTCTTTGAAGTTGATG,12,2250778
marRp,4.333333333333333,30,5,ATTGCCTCACATCGGATTGA,25,2253976
marRp,8.833333333333334,57,5,ATTAACTGTTGTTGCGAACC,52,2226344
marRp,2.5,19,5,ATGTCGCTTTCCCAATATCA,14,2259701
marRp,3.3333333333333335,24,5,ATGTCCATCTGAAGGACGTG,19,2251126
marRp,7.5,49,5,ATGGTGAGTGCCTTCGTGAA,44,2254374
marRp,0.3333333333333333,6,5,ATGGAGGCACTACGTACCGA,1,2250514
marRp,3.8333333333333335,27,5,ATGCTCGGGCTAAAACTGGA,22,2240858
marRp,10.5,67,5,ATGCATAGAGGTGTTTGTTC,62,2260666
marRp,1.8333333333333333,15,5,ATGACTCTTCAGCTGCTATA,10,2254617
marRp,3.3333333333333335,24,5,ATGAAGGAACGGGTCCGTAA,19,2218585
marRp,8.333333333333334,54,5,ATCGTTCCGCATTAACTGTA,49,2225046
marRp,7.0,46,5,ATCGTACTGGCCGTTAGTAA,41,2247551
marRp,5.166666666666667,35,5,ATCCAACAGGTATGGCCCGT,30,2247255
marRp,2.8333333333333335,21,5,ATATTCACGATGAACTGTTC,16,2245692
marRp,14.5,91,5,ATATGAGTGACACGTGTGTA,86,2234562
marRp,11.0,70,5,ATATACTTGATAGGCTAACC,65,2221515
marRp,3.8333333333333335,27,5,ATAGTATGGGTAGCAAGGGA,22,2254204
marRp,4.166666666666667,29,5,ATAGATGGAGTTTTAAGATC,24,2234921
marRp,7.5,49,5,ATAACACATTGCAAGAAGAA,44,2245684
marRp,5.333333333333333,36,5,ATAAACTTATAGGTCCACGT,31,2258489
marRp,2.6666666666666665,20,5,AGTGTCATGACCAACTAGGG,15,2236602
marRp,13.0,82,5,AGTGGGCACAGGTGTACACC,77,2227100
marRp,3.3333333333333335,24,5,AGTGATAACTGACGCTTTGA,19,2250250
marRp,5.666666666666667,38,5,AGTCTGAACGTGTACCAAGA,33,2235303
marRp,3.3333333333333335,24,5,AGGGGACACCAGCGAAGTGC,19,2217947
marRp,3.1666666666666665,23,5,AGGGCATACTCCGCGTCTCT,18,2259254
marRp,8.333333333333334,54,5,AGGCCCTCCTTACAGGCACT,49,2224916
marRp,3.8333333333333335,27,5,AGGCCAGCAGAGGGATTTGG,22,2233706
marRp,2.3333333333333335,18,5,AGCGTGTTTTCGCAAGTTTG,13,2238290
marRp,2.3333333333333335,18,5,AGCCTTACAACCGAGTCAAA,13,2248885
marRp,1.0,10,5,AGCAGCCGCTATGCTAAGAA,5,2218115
marRp,0.8333333333333334,9,5,AGCACTTTCGTTTACAAATG,4,2252164
marRp,1.1666666666666667,11,5,AGAGTCACACAGTGGAGGAT,6,2241062
marRp,4.833333333333333,33,5,AGAACACCAGGTAGTGTCAC,28,2224980
marRp,0.3333333333333333,6,5,ACTTAAGTGTATTCGAACAG,1,2257310
marRp,1.8333333333333333,15,5,ACTGTTAAGCGGGTTCGGTT,10,2225970
marRp,0.3333333333333333,6,5,ACTGTGACAGAGGTGTTCCT,1,2247091
marRp,2.6666666666666665,20,5,ACTGCCTGGATACATAAGTT,15,2255273
marRp,4.833333333333333,33,5,ACGTGTCCCTGGGCATCTGT,28,2222230
marRp,0.3333333333333333,6,5,ACGGCGAATGAACGGGCGGT,1,2237082
marRp,4.833333333333333,33,5,ACGAGTTTTGCAGGCTGACA,28,2258397
marRp,17.333333333333332,108,5,ACGAGCGTCCCATGTACTAG,103,2240001
marRp,2.3333333333333335,18,5,ACGACGAATTTAATGGGCAG,13,2243167
marRp,3.8333333333333335,27,5,ACCTATCCGTCACGAGTCCC,22,2225677
marRp,1.8333333333333333,15,5,ACCAGGTGGGGCATAAGGGT,10,2233678
marRp,4.833333333333333,33,5,ACCACAGCTGAATATTTGCT,28,2257054
marRp,5.166666666666667,35,5,ACCAAACCCCTTAAAAAATC,30,2251230
marRp,16.666666666666668,104,5,ACATCGGTCGTCTACAAGAT,99,2226825
marRp,10.833333333333334,69,5,ACAGGTCAAGGCTGAGATCT,64,2235954
marRp,0.3333333333333333,6,5,ACACTGCTTGTGGGACGCAT,1,2228081
marRp,2.1666666666666665,17,5,ACACACTGCTAGGATATCAG,12,2220052
marRp,2.5,19,5,ACACACCTCCGGGGCTGGGG,14,2255850
marRp,2.3333333333333335,18,5,AATTTTTAGTGAAAGGTAAA,13,2228314
marRp,7.166666666666667,47,5,AATGTCTGCTTGTCAGACCT,42,2254045
marRp,1.1666666666666667,11,5,AATGCATCAAGGCCCACTGC,6,2238770
marRp,4.333333333333333,30,5,AATCGCCTGCGTTCGGCGAA,25,2229903
marRp,1.5,13,5,AATCGCATCAGGGTGGCAAG,8,2259401
marRp,14.666666666666666,92,5,AAGTACGCAAACATTCAAGA,87,2237560
marRp,1.6666666666666667,14,5,AAGTAATGGTGTTCCTTGTT,9,2240148
marRp,2.5,19,5,AAGGTACATCGACGTACTTT,14,2251036
marRp,5.833333333333333,39,5,AAGCTAGTTACACTCGTATA,34,2223657
marRp,0.6666666666666666,8,5,AAGAAAGTATGATGCTTGTG,3,2230961
marRp,3.1666666666666665,23,5,AAATGTTGCTGACAAATCGA,18,2223974
marRp,2.1666666666666665,17,5,AAAGGAATTATCCGGTTGGT,12,2223661
marRp,1.3333333333333333,12,5,AAAGATAATCGAAGTACCTT,7,2221101
marRp,1.3333333333333333,12,5,AAACAGGACGACCGCGATCG,7,2231173
marRp,2.2,14,4,TTTTTTATAGATGGATAGAG,10,2252485
marRp,6.4,35,4,TTTGCTTGATACACTAAAAG,31,2252781
marRp,8.0,43,4,TTTCGGGGTACAAGTAAACC,39,2250802
marRp,6.6,36,4,TTTCCGTGGTGGGAACGAGT,32,2258253
marRp,3.4,20,4,TTGGTGAGATGTGCCATAAA,16,2240698
marRp,0.4,5,4,TTGCGTGGGACATCCAGGTC,1,2256740
marRp,0.4,5,4,TTGCACTTTAAAGGATAAAT,1,2245168
marRp,4.0,23,4,TTGCACCCTGACGGTCCAAG,19,2242231
marRp,3.6,21,4,TTCTAGATTAAGGGCGTGTA,17,2236336
marRp,12.6,66,4,TTCCTGCTTGGTGCGCGCGA,62,2248974
marRp,3.4,20,4,TTCCGTCATCAGAGCCCGTA,16,2240831
marRp,5.0,28,4,TTCCAAGGCATCCAACCCTA,24,2224612
marRp,3.4,20,4,TTCATAGAATAACCGGAATT,16,2251227
marRp,0.4,5,4,TTCAACTGGCCTCCCTGCAG,1,2224918
marRp,5.0,28,4,TTCAAAGTCACAAAGGGCGT,24,2249018
marRp,2.0,13,4,TTATGTCGAGCTGCGCTTCT,9,2247728
marRp,4.6,26,4,TTATGTCAGTTCCGTGCTGA,22,2222462
marRp,2.6,16,4,TTATGCGGGCTCAAACAAGT,12,2231723
marRp,0.4,5,4,TTATCATTTGAGCGCGTTGT,1,2249298
marRp,3.2,19,4,TTATACGGAATTGATCTTAT,15,2252904
marRp,5.8,32,4,TTATAACGCGCCCAGCGCAG,28,2241871
marRp,2.2,14,4,TTAGGTGTCGTGACTTGTGA,10,2223482
marRp,5.8,32,4,TTACGTGGACCAACCCTTTG,28,2250234
marRp,6.2,34,4,TTACGAGTACATGACAGTAT,30,2233134
marRp,3.2,19,4,TTACCACATCACACGATGTG,15,2218063
marRp,1.2,9,4,TTAATTTTCTCGACATTAGA,5,2258281
marRp,2.6,16,4,TTAATGCGGCTTAAATGTGA,12,2234596
marRp,18.0,93,4,TTAATAGACATCTGTTCACT,89,2259146
marRp,1.2,9,4,TTAAGTCTGGTTGTTAATCT,5,2258669
marRp,3.6,21,4,TTAACAATGGTATTTGGGAA,17,2232188
marRp,2.0,13,4,TGTTGCACCGTGCACGGGTG,9,2250268
marRp,9.8,52,4,TGTTCCGCTTCTCCTTTTCT,48,2251719
marRp,0.4,5,4,TGTTCAAATTCGCTCCTTTC,1,2239846
marRp,1.0,8,4,TGTTATTAAACTAAGGTACA,4,2248301
marRp,0.6,6,4,TGTGACTCAAAGGTCCTTTT,2,2227256
marRp,4.2,24,4,TGTCCCATGTGTTTCATATT,20,2243951
marRp,3.0,18,4,TGGCGGATATCAAACGGGTC,14,2239124
marRp,5.0,28,4,TGGCATTCATCAAACAGGTA,24,2237087
marRp,21.0,108,4,TGCTTCTGTCATCGTGGTGG,104,2257867
marRp,5.6,31,4,TGCTGGTTTTTCGCGACATA,27,2252899
marRp,26.4,135,4,TGCGTAGACGTACTTCCGTC,131,2256802
marRp,1.6,11,4,TGCGACAATGAACCAGATAA,7,2221366
marRp,0.4,5,4,TGCACATGGCCAACGTGTGT,1,2241522
marRp,7.0,38,4,TGATCGTCCTAATGGGGACG,34,2218564
marRp,0.4,5,4,TGAGTTCGTGACAGATAGCC,1,2219729
marRp,10.4,55,4,TGACTTTAGCAATCCGTGGG,51,2240038
marRp,0.4,5,4,TCTTAGCGCAATGAGAATAG,1,2255392
marRp,2.8,17,4,TCTGGACGGAGCGCCACACT,13,2248094
marRp,5.2,29,4,TCTGCCAGGGTTGATTTTAT,25,2238379
marRp,10.4,55,4,TCTCTAGCAGCTTCCGAGTA,51,2256779
marRp,10.8,57,4,TCTAGAGCGGGGGGTCAAAC,53,2231364
marRp,6.2,34,4,TCCTGACGTTGCGTTCTCAT,30,2228569
marRp,4.6,26,4,TCAGGACAGAAGTTCAAATG,22,2251426
marRp,4.8,27,4,TCAGCGCTTTGCCTAGCGGT,23,2221727
marRp,5.6,31,4,TCAAGCGACTGGGGAAGATG,27,2237731
marRp,4.2,24,4,TATTCTGGCACGTCACGAGG,20,2219349
marRp,13.8,72,4,TATGGAAAGTAGTATTTATT,68,2256810
marRp,3.8,22,4,TATCGCCATTAGTTGTAAAC,18,2252085
marRp,3.4,20,4,TAGATTTTTACTTGGGCAGT,16,2260363
marRp,3.6,21,4,TAGATCGATCGCGTTGAAAC,17,2247128
marRp,28.4,145,4,TACTAGAATAACCGTAGGCC,141,2234988
marRp,4.4,25,4,TACGTGCGAGGGTTTTCTGA,21,2238946
marRp,7.0,38,4,TACGATGAGTCCCAAGTCTC,34,2251793
marRp,3.2,19,4,TACCTTTTCGGATGATAGTT,15,2244106
marRp,3.0,18,4,TACACCCTCACAAATCGGAT,14,2221117
marRp,5.0,28,4,TAATTTACAAAGTGATGATA,24,2250459
marRp,0.4,5,4,TAATACTCGAGAACGTAGGA,1,2222438
marRp,3.4,20,4,TAATAAGATAGCTATGCCAG,16,2239818
marRp,0.4,5,4,TAAGGTACGATGTTATCGCC,1,2219507
marRp,5.6,31,4,TAAAGTCGTGGCCGTGCTTT,27,2250343
marRp,4.2,24,4,GTTTGAGGTGCCTGTAACCC,20,2220387
marRp,4.8,27,4,GTTTCGATAACAAACGGCAG,23,2252233
marRp,1.4,10,4,GTTTACGGGCACGGCGCGGA,6,2260522
marRp,5.0,28,4,GTTCGTTGCCAAGTGGAGAT,24,2240005
marRp,5.0,28,4,GTTCCCAAGTGCCAGCCCTT,24,2242286
marRp,15.4,80,4,GTTATCAGTAAATGTGACCG,76,2237233
marRp,5.0,28,4,GTTAGCGTCAGAGTTATAAA,24,2249471
marRp,2.8,17,4,GTTAGAAATTGGTGCTTATG,13,2246199
marRp,2.8,17,4,GTGGCGGAGGAAATCGGCCA,13,2259759
marRp,0.8,7,4,GTGGAACGTACCGGTATTTT,3,2233727
marRp,13.2,69,4,GTGCTAGAGCCATCCTACGA,65,2238018
marRp,4.8,27,4,GTGAAGGACCCATCCGCGCC,23,2242989
marRp,4.0,23,4,GTCGGCACCGTAGTGCGGCT,19,2244986
marRp,4.8,27,4,GTCAGGGTCTTCCTGAAGAT,23,2240854
marRp,6.6,36,4,GTCACAAGCAAGCGAGAATG,32,2259282
marRp,4.2,24,4,GTATGTGCGGACCCAGTATA,20,2225127
marRp,13.6,71,4,GTATGCCGGATATCGGTTGA,67,2218738
marRp,2.4,15,4,GTAGGAGCCCGGCTGGCATG,11,2240703
marRp,3.2,19,4,GTAAGATCCCGGCTGGACAT,15,2260745
marRp,0.4,5,4,GGTTCCAGGTCTGAAGACCA,1,2245105
marRp,15.0,78,4,GGTGTTGTTTATCGGTGATA,74,2240968
marRp,6.8,37,4,GGTCAGCCCCGACCGAAGTG,33,2243469
marRp,4.6,26,4,GGTAGTTTGCATGGAGGGGG,22,2257124
marRp,3.2,19,4,GGTAGGATCCACGTCAGCGG,15,2244309
marRp,1.6,11,4,GGGTTTCGGCCGTCGCGTCA,7,2242069
marRp,7.0,38,4,GGGTCGTTTAAATGTAATTG,34,2238574
marRp,7.2,39,4,GGGTCAGCAATTACACTCGA,35,2218675
marRp,0.4,5,4,GGGGAGCAAGTAACGCTCTA,1,2255299
marRp,0.6,6,4,GGGCAACTCGTTAGATTGGT,2,2249552
marRp,3.8,22,4,GGCTTGGTGGTCGTGCGTCG,18,2248149
marRp,2.2,14,4,GGCTACAAACTGTTGCTTAG,10,2240308
marRp,7.2,39,4,GGCGCTCGTTAGAGAGGATA,35,2257484
marRp,4.8,27,4,GGCCCATAAACATGGATCCA,23,2245974
marRp,4.0,23,4,GGCATTAAAACCCTCAACAC,19,2240168
marRp,0.4,5,4,GGCATAACCGAGAGGCCCCA,1,2245423
marRp,3.6,21,4,GGCACCCCGGGTTCATTAGT,17,2224616
marRp,6.0,33,4,GGATACCGATGAACCTCTTT,29,2228553
marRp,0.4,5,4,GGACGATAGGTGAGCCCGCT,1,2240788
marRp,3.0,18,4,GGACATCGACAGCCCATCAT,14,2248093
marRp,3.8,22,4,GCTGTGGTACACAGTTAAAT,18,2225405
marRp,1.0,8,4,GCTGCGATCCCCTTTGGAAC,4,2245958
marRp,9.2,49,4,GCTCCATTCTATTAAAACTC,45,2250676
marRp,4.0,23,4,GCTAATTAAATGAGAGATCA,19,2233232
marRp,6.8,37,4,GCGTCTTAAGGCAGAAGTTA,33,2232126
marRp,0.4,5,4,GCGTACAATGTTACGCAACA,1,2228449
marRp,2.8,17,4,GCGGGTCTGGAAAGGTCCAT,13,2241021
marRp,5.0,28,4,GCGGGCTCGCCCCGGCGGTC,24,2247160
marRp,2.6,16,4,GCGACAATTAGGCGCCGAAA,12,2231864
marRp,5.6,31,4,GCATTCCAGTAAGTTTTGTG,27,2251062
marRp,6.0,33,4,GCATTAGATTTCGTTAGAAA,29,2259936
marRp,4.2,24,4,GCAGGGGAAGGGTAGAAGCG,20,2221262
marRp,8.6,46,4,GATTCTCGGCTTAGAGGTTA,42,2249458
marRp,2.4,15,4,GATTCTATACCATAGTGCCC,11,2222004
marRp,2.0,13,4,GATCCCCAACTATGGGTATG,9,2228812
marRp,2.0,13,4,GATATGTGAATTCGTCCCGT,9,2257413
marRp,3.8,22,4,GATATCTTTTGGAGGGCACT,18,2236549
marRp,0.6,6,4,GATACGAAGACAGTACAAAA,2,2218601
marRp,5.2,29,4,GAGTCTAATAACTCCGCCTT,25,2241784
marRp,2.4,15,4,GAGCGTCGTTTGAGCTAGTG,11,2230664
marRp,7.2,39,4,GACGCGGCCGGCTACAAGAG,35,2242624
marRp,14.6,76,4,GACCACCGAGTGAGTGCGGA,72,2220054
marRp,8.6,46,4,GACCAATCTCAATCGTGGCT,42,2254450
marRp,2.4,15,4,GACAGTGCAAAAGCCCAGGC,11,2233711
marRp,2.6,16,4,GAATGGGATGCGCGAGAATT,12,2224292
marRp,5.8,32,4,GAATGCTGTAAATTTACTAC,28,2218942
marRp,4.8,27,4,GAATCACGGCTTCCACTTCT,23,2233264
marRp,6.8,37,4,GAATATATTAACGATCTTTT,33,2259544
marRp,6.6,36,4,GAATACGGGCTCGTGGCACT,32,2222845
marRp,6.2,34,4,GAAGTTCCAAAAAGTCCCTT,30,2256235
marRp,4.0,23,4,GAAACTTTCACATCCCCGAT,19,2232273
marRp,2.8,17,4,CTTCGTAGATAGACGAGGTA,13,2240642
marRp,0.4,5,4,CTTCGGTAGCGTCTAGACAT,1,2225837
marRp,0.4,5,4,CTTCCCCGTTGCTCCGAGGA,1,2226054
marRp,6.6,36,4,CTTCCAATCCATCGTCCTGA,32,2229681
marRp,4.6,26,4,CTTCATGGGCATTAAGCCAT,22,2234619
marRp,2.0,13,4,CTTATTTCGTTTAGTTTGCT,9,2250002
marRp,3.2,19,4,CTGGTAGCCACCTACGGCGT,15,2236605
marRp,0.4,5,4,CTGCGATTTTAGGTACAATG,1,2231687
marRp,2.8,17,4,CTGCCCTTATTATCCGTATA,13,2238595
marRp,5.0,28,4,CTGACCTGTAGTCTTAAATC,24,2253897
marRp,3.6,21,4,CTGACAATACCATTAAGAAG,17,2224985
marRp,0.4,5,4,CTGAACTTATCTTACAATAA,1,2232724
marRp,8.6,46,4,CTCAAACCAGTCGCATTATT,42,2230600
marRp,4.2,24,4,CTAGGGTTCAACGATGGAAA,20,2232467
marRp,0.4,5,4,CTAAGTCATCGTCATAAATC,1,2218405
marRp,19.6,101,4,CGTTCCGAAGAGTAGTCAAA,97,2248572
marRp,3.8,22,4,CGTACACCTTCTAGACGGCT,18,2236054
marRp,0.4,5,4,CGTAATTATGTATGATTAGT,1,2230319
marRp,3.6,21,4,CGTAATGAGGTACCCTAAAC,17,2227579
marRp,3.8,22,4,CGGCTACAAGCCAACGGTAT,18,2245499
marRp,7.4,40,4,CGGCGGGAGAGCTATCTGTA,36,2231374
marRp,17.2,89,4,CGATTGCTGAGAGACGCAAA,85,2243014
marRp,0.4,5,4,CGAGACGTTCAGCATAGGGT,1,2221541
marRp,2.8,17,4,CGAATGAATTACGAGGCTAA,13,2259407
marRp,6.6,36,4,CCTAACAACAGGGTTGGGCA,32,2221164
marRp,3.6,21,4,CCGTTATGGTAACTGTTGCA,17,2226425
marRp,0.4,5,4,CCGGCCTCGACTGCTTTACT,1,2258716
marRp,0.6,6,4,CCGCGCAGTGGCACGGTCTA,2,2237093
marRp,4.8,27,4,CCCTCGAACCCAACCTCGAC,23,2225834
marRp,2.8,17,4,CCCGTTTAGTTGCTAAATTA,13,2228388
marRp,7.0,38,4,CCCGACCTAGGGGGAAATGA,34,2221932
marRp,11.8,62,4,CCATTGCAACTTGCAGATAC,58,2250716
marRp,0.6,6,4,CCATTCACGGCCCGTCCTAA,2,2250247
marRp,8.4,45,4,CCAGGACCTAATGTAAATCC,41,2228919
marRp,10.2,54,4,CCAGATTACTCAGGGGTTCA,50,2226844
marRp,0.4,5,4,CCACGCTTTGTTTGAGTCGG,1,2219889
marRp,11.8,62,4,CCACGCGGGAGACGTACCAG,58,2242514
marRp,18.0,93,4,CCAAGCCACACAAACAGGCT,89,2220086
marRp,4.6,26,4,CATTACAACCGGTCCCTCAG,22,2240964
marRp,1.6,11,4,CATGCTATGATTTTCATACT,7,2242195
marRp,9.8,52,4,CATACCGTTAACCATCGTAG,48,2256572
marRp,6.4,35,4,CAGGAGGTACTTTTTGTGAT,31,2218064
marRp,5.8,32,4,CAGATCAAACCTATGCTGTA,28,2234034
marRp,0.4,5,4,CAGACAGGTGGTTGTGTTGG,1,2217959
marRp,0.4,5,4,CACGTTTAGCGCCATCATTG,1,2247314
marRp,5.2,29,4,CACGTGGTCCGCACTCGTAC,25,2220884
marRp,15.4,80,4,CACGGGGGGTAGGCGCGACA,76,2259765
marRp,8.4,45,4,CAAGTCGGTCGCCACGTAGC,41,2238016
marRp,5.6,31,4,ATTGCTCGCATGTCCAAAAA,27,2247195
marRp,21.0,108,4,ATTCGGGGCAGGACACGGAC,104,2241086
marRp,6.2,34,4,ATTATTTACATTGCGATTTC,30,2225717
marRp,3.8,22,4,ATGTTAAAGCTAACTAGACC,18,2225402
marRp,12.0,63,4,ATGGGAGCGAGGGTTTTTTT,59,2245284
marRp,5.4,30,4,ATGCGTAGGGGTTAGTTATT,26,2252804
marRp,0.4,5,4,ATGCCACATAGTGATTGATA,1,2237754
marRp,6.8,37,4,ATGAGTGCCGATTTCGTTAA,33,2232179
marRp,4.8,27,4,ATGAAAAAATGCTGTTATAT,23,2251813
marRp,3.2,19,4,ATCTTCAAAGCAAGAGGCTG,15,2255555
marRp,0.4,5,4,ATCTGTAAGAGCTCAGAAGT,1,2218319
marRp,5.4,30,4,ATCTCACGCGTATTCGCTCG,26,2246745
marRp,4.2,24,4,ATCTAGTACACAATAAACGG,20,2237304
marRp,4.6,26,4,ATCTAAAACTCCGAGACCTG,22,2247291
marRp,1.4,10,4,ATCCTTGGCCCTCCCTGTTG,6,2255994
marRp,7.2,39,4,ATCCCTCGCTACGCAAGCGG,35,2244371
marRp,8.2,44,4,ATCCAATTCACGGCCACTTG,40,2221264
marRp,0.4,5,4,ATCAAAAGAGCACTAAAGCA,1,2233961
marRp,2.2,14,4,ATATCCGTACCTACCATATT,10,2238382
marRp,3.4,20,4,ATATATCCGGAAGCATCTTT,16,2252575
marRp,3.8,22,4,ATATACATAAATAAAAACTC,18,2248635
marRp,4.4,25,4,ATAGTCTTCGAGCTACTCAA,21,2219404
marRp,5.2,29,4,ATAGGGCGTGATGTTGCTGA,25,2222342
marRp,0.4,5,4,ATACGGGGTACGTGGGCCGA,1,2257091
marRp,3.8,22,4,ATACCGAAAATCAAGTTATG,18,2232854
marRp,3.0,18,4,AGTTTGACGGCATGTCCAAA,14,2257587
marRp,0.4,5,4,AGTTGGAGAGCAACGCGATA,1,2250715
marRp,1.6,11,4,AGTGTGTGTGAAGTTCCCTC,7,2248667
marRp,8.6,46,4,AGTGGTGCGTTACGTTAATG,42,2254971
marRp,2.6,16,4,AGTGCGGCAAACGCAATGCA,12,2259404
marRp,2.2,14,4,AGTGCGATCGTACCGGGACG,10,2219759
marRp,3.6,21,4,AGTCGTGTCTTTGTATCTGG,17,2242439
marRp,1.6,11,4,AGTATTTATTCAGATGTGTA,7,2237409
marRp,0.4,5,4,AGGTCAAGGCTCCATAAATG,1,2256182
marRp,4.6,26,4,AGGGCGTGCCGGGCGCTTCA,22,2259529
marRp,11.8,62,4,AGGCTGTATAGCAGCTCAAG,58,2236687
marRp,4.8,27,4,AGGCCATGGCTGCACACACG,23,2259279
marRp,1.8,12,4,AGGAGTCTGGTCAACGGCCT,8,2219263
marRp,2.8,17,4,AGGACTTATAAAGGATCTCT,13,2228219
marRp,2.4,15,4,AGGAACTTTAGCGGGAAGTT,11,2252636
marRp,8.6,46,4,AGCGTTCAGTTTTTGCTAAG,42,2250630
marRp,4.6,26,4,AGCATTTACTCGAAGTGATG,22,2256373
marRp,1.4,10,4,AGAGCGCTCGCACTGTGGCT,6,2258576
marRp,3.4,20,4,AGACAGTCCCAGACTACGCG,16,2225812
marRp,6.4,35,4,ACTTACATGGAACTAAAGTC,31,2221051
marRp,8.0,43,4,ACTACCAGTCACTTTACTAT,39,2238465
marRp,2.8,17,4,ACGTTCCAATTCACACGGCT,13,2232264
marRp,0.4,5,4,ACGTGCCTGCTCAATCCTAT,1,2229987
marRp,5.6,31,4,ACGGGCCGATATCGGCCCAG,27,2243180
marRp,5.2,29,4,ACGGCCTGCCTAGGGACGCA,25,2233279
marRp,0.4,5,4,ACGCCATATGAGGGGGCCTT,1,2227270
marRp,11.8,62,4,ACGCATCTCGGGTCGTCGAA,58,2227007
marRp,3.8,22,4,ACGAGGGTAGAAACCGCGAT,18,2243279
marRp,0.4,5,4,ACCTGAGTCCAAGCCTAAGA,1,2246148
marRp,7.4,40,4,ACCGTTCGATCCGAATATAG,36,2227300
marRp,7.6,41,4,ACCGACGCATCTCGCGCGGG,37,2242401
marRp,1.6,11,4,ACCAGCTGCGATCCGCCCCC,7,2255899
marRp,2.0,13,4,ACCAGACTAGCAGCTTCCCC,9,2219419
marRp,4.0,23,4,ACATAGGGAGTTTAAGGTGT,19,2222815
marRp,5.0,28,4,ACAGCCTGAGGGTCGCCTGT,24,2230734
marRp,5.2,29,4,ACAGCACGTCTATCAGCGTA,25,2252802
marRp,6.0,33,4,ACAATAGTACTGCAGTTGTG,29,2243703
marRp,7.6,41,4,AATCTGCGTGTGGCCCGGTC,37,2232044
marRp,3.0,18,4,AATAGGCATTCAGTATCAGA,14,2227654
marRp,4.6,26,4,AAGCGGCCTATCGATTGGTA,22,2241362
marRp,5.8,32,4,AAGCAGTCACACGTGTTCCC,28,2221268
marRp,7.8,42,4,AAGAGACAGCCACTTAACGT,38,2233069
marRp,3.2,19,4,AACGTGTTCGCGTTGCCAAT,15,2226665
marRp,7.4,40,4,AACGGTTGGTGCACGTGTAC,36,2220848
marRp,4.8,27,4,AACGGGGCCATTCAAGGGTT,23,2247814
marRp,3.6,21,4,AAAGGTAAGCCGTACCGTCG,17,2225481
marRp,2.2,14,4,AAACGGAATCTCGCCGGAAT,10,2256382
marRp,5.4,30,4,AAAATTGAATAGCCCAATAT,26,2236863
marRp,1.25,7,3,TTTTTAGTCGAACTCGCGTT,4,2218975
marRp,4.75,21,3,TTTCTGCATTGGACAACCAA,18,2231863
marRp,5.75,25,3,TTTCAATCATTACTTGGAGT,22,2255365
marRp,5.25,23,3,TTTATTCGAGACAACATGTG,20,2243897
marRp,2.25,11,3,TTTAGCGAACGCAGTACCGA,8,2246700
marRp,4.75,21,3,TTTACTTGGATGGGAGGAAA,18,2235498
marRp,5.5,24,3,TTTACTCATGGCGTTAACAA,21,2221294
marRp,6.5,28,3,TTCTGCGCTATCCGGCCTAT,25,2231299
marRp,16.25,67,3,TTCTCACGGACACAGAGGAC,64,2253462
marRp,7.25,31,3,TTCGGCAAACCTAATTTCGC,28,2256718
marRp,4.5,20,3,TTCGGACTCAACCCTGACAC,17,2228200
marRp,1.5,8,3,TTCCTAAAATCTGCTTACTC,5,2259299
marRp,3.5,16,3,TTCAGGGTAGATTAGAGGGA,13,2251832
marRp,4.0,18,3,TTATAGGCAGATGCCGCGAT,15,2237151
marRp,6.25,27,3,TTACTGTTGTAGTCGGGTTA,24,2254124
marRp,13.75,57,3,TTACAGTTAACGTTCGAATT,54,2231002
marRp,22.5,92,3,TTAATCCATGAATCACAATA,89,2257857
marRp,5.0,22,3,TTAAATATTAGGATCGGCAT,19,2243756
marRp,8.5,36,3,TTAAACGCTGACTGGCCTGA,33,2242047
marRp,0.5,4,3,TGTTATAAGATGCGCACCCG,1,2219003
marRp,5.25,23,3,TGTTAACCATCTCCGTTTCA,20,2227895
marRp,4.75,21,3,TGTGTTGAATGGAAACAGGC,18,2255176
marRp,0.5,4,3,TGGTGTAGCATTGCATCTAA,1,2259748
marRp,20.25,83,3,TGGGGGGTTCGAATTGCAAT,80,2255148
marRp,8.25,35,3,TGGGGGGGGCTCGACTTTAC,32,2242860
marRp,3.75,17,3,TGGGGCTCTTAATGCGGTAG,14,2220564
marRp,3.5,16,3,TGGGATTAGTTTGCTTGAGA,13,2220502
marRp,1.0,6,3,TGGCTGGCCTTCTATTCGTT,3,2260682
marRp,7.25,31,3,TGGCAGTCTATATTCGGGAT,28,2221273
marRp,3.0,14,3,TGGACTGAAACAGTTTATTG,11,2225344
marRp,1.5,8,3,TGCATGAGGGCTATTTGCCA,5,2222343
marRp,9.0,38,3,TGATACGCCTCACAGAGTGC,35,2220953
marRp,0.5,4,3,TGATAAAGGGGAGCAAGATG,1,2233744
marRp,2.75,13,3,TGAGGTTAGGCACAGACGTG,10,2260409
marRp,5.0,22,3,TGACGGCCCAATAGGACCTT,19,2235389
marRp,8.75,37,3,TGACGCATAATCTACTTTGG,34,2260495
marRp,0.5,4,3,TCTTTGAACGCCTAACACGA,1,2220376
marRp,8.5,36,3,TCTGTTTGGTGGAGCACTGT,33,2224643
marRp,5.5,24,3,TCTCTGACCAAATTCTATCT,21,2259240
marRp,6.75,29,3,TCTCCCCGGATTAATGGTTT,26,2228470
marRp,17.25,71,3,TCGTCAGATTGATCGCACAT,68,2257780
marRp,4.25,19,3,TCGTACCCTATTATCCAGCG,16,2219895
marRp,10.25,43,3,TCGGAGCCATACTTCTCGCG,40,2233291
marRp,6.25,27,3,TCCACTCGAGGAATCATGCG,24,2230987
marRp,3.0,14,3,TCAGTCCACTAAGCGCTTGA,11,2233271
marRp,6.25,27,3,TCAGGACGACTGTCTTTGTA,24,2239250
marRp,6.25,27,3,TCAACAGAAGGCACCTGTGA,24,2226781
marRp,5.75,25,3,TATTGTTTGGACCGATGCGT,22,2233714
marRp,2.5,12,3,TATTATAGGTCGTCACCCAG,9,2253312
marRp,0.5,4,3,TATGTGGGTATCTTAGTGCA,1,2233964
marRp,4.75,21,3,TATATCAGAATCTTGTAAGA,18,2238932
marRp,2.75,13,3,TAGGAAGCACATCTGCACCT,10,2223544
marRp,7.25,31,3,TAGACTTCCATTAAAAGGCT,28,2239959
marRp,1.25,7,3,TAGACGTCGTCTATCGGCAG,4,2240536
marRp,7.5,32,3,TAGAATGTATGTTGCGCGCG,29,2229081
marRp,6.0,26,3,TACTTTCTCAGGCTTTGCCA,23,2244541
marRp,0.5,4,3,TACTACAGAAATTTCTTTTA,1,2259648
marRp,8.0,34,3,TACGTCATCACGTTGCATCG,31,2240265
marRp,4.75,21,3,TACCGCGGCAGCCCGTGGCA,18,2244749
marRp,4.75,21,3,TACAACGGGTCAAATCATTA,18,2258666
marRp,7.25,31,3,TAATTTAAGATTTTATGCCT,28,2259478
marRp,3.0,14,3,TAAGGAGTTTCAGTGAGATA,11,2248517
marRp,1.75,9,3,TAAATTAGCAACGTGTCACC,6,2250081
marRp,0.5,4,3,TAAAATTGGGCCTGAGATTA,1,2227104
marRp,4.5,20,3,GTTTTTTTGGATCCTTCTAA,17,2259476
marRp,3.25,15,3,GTTTGGTGCGGTTTGGGTCA,12,2239330
marRp,24.75,101,3,GTTGTAGCGAATTATTACTG,98,2242214
marRp,5.5,24,3,GTTCATTTCGTTTTACACAT,21,2230480
marRp,3.5,16,3,GTTACAGTACAAATCCAGAA,13,2235085
marRp,2.0,10,3,GTTAATCCCCGGGAGCTATG,7,2230991
marRp,0.75,5,3,GTTAAAAATGGATTACAATA,2,2223588
marRp,3.75,17,3,GTGGTGAGGGCCGTGCTGTC,14,2227617
marRp,7.0,30,3,GTGATAAAATGATGATGGGG,27,2234369
marRp,8.75,37,3,GTCGGCGCACCGAGATTAGG,34,2245046
marRp,12.0,50,3,GTCCTGTACGTGATCGATGG,47,2231932
marRp,5.0,22,3,GTCATGCTAGAAAAGTTCAT,19,2256722
marRp,50.25,203,3,GTCATCAATCTATCAATAGT,200,2256805
marRp,2.5,12,3,GTCAATTTCGACACCTCTCC,9,2232954
marRp,6.25,27,3,GTCAAAACTGTAAAACTCCG,24,2249969
marRp,6.5,28,3,GTATGACGAGCAGACTACGG,25,2234376
marRp,7.25,31,3,GTATCGCATACAAATAATAC,28,2235100
marRp,7.25,31,3,GTAGACGCATTATCAAGCTA,28,2242412
marRp,1.5,8,3,GGTTGGATCGGGGACAACCC,5,2243879
marRp,7.5,32,3,GGTCAGCTGGTCTAAGTGCC,29,2236590
marRp,7.25,31,3,GGTAAACAACGAGAATCCCC,28,2218238
marRp,0.5,4,3,GGGTCCCCGACCCAGGATTA,1,2230385
marRp,3.25,15,3,GGGTATCAGACTATAAGCAT,12,2230505
marRp,24.75,101,3,GGGGGCGTGACTCACTCACT,98,2254524
marRp,1.25,7,3,GGGGCGCATTCCACGTATCT,4,2229468
marRp,4.25,19,3,GGGCGTACTCCTCTCGCGGG,16,2243865
marRp,13.5,56,3,GGCTTCCGTGTCCTCTCACA,53,2219205
marRp,5.25,23,3,GGCTGAGGTGATCAACCGGG,20,2245479
marRp,2.75,13,3,GGCTCCAGCCGGGGGCCTCC,10,2243954
marRp,6.0,26,3,GGCGCGGATGCCGGCCTGAG,23,2249189
marRp,1.0,6,3,GGCCACTTATGAGTCATCAT,3,2220843
marRp,15.75,65,3,GGATGGTAAGCAGTATCACG,62,2259767
marRp,2.75,13,3,GGAGTACCACTGAACGTCAA,10,2230803
marRp,0.5,4,3,GGAGAGCCACACATTACCGA,1,2231348
marRp,3.75,17,3,GGACAGTATCACCCCGGTTG,14,2260239
marRp,8.0,34,3,GGAACCAGACACGTTATGAT,31,2220929
marRp,1.25,7,3,GGAAAATGCTGTCTGTCAGG,4,2227132
marRp,2.5,12,3,GCTTGCAGTAATCGCGGTCG,9,2220568
marRp,1.5,8,3,GCTCCTTAAACACGGCACCA,5,2226492
marRp,4.25,19,3,GCTAGGACCGCAACAACCTC,16,2227853
marRp,22.5,92,3,GCGTTCGGGAACCTGTACTT,89,2252910
marRp,6.0,26,3,GCGTGCCTGGCTGCTTTTCA,23,2228567
marRp,6.0,26,3,GCGGGGGTTTGCGAAGCACG,23,2222245
marRp,6.25,27,3,GCGCGTGGGCCGTTAGGTAT,24,2240804
marRp,2.25,11,3,GCGCCGCTAAACGCTTGAGT,8,2236044
marRp,3.0,14,3,GCCTAGTAGCACTGAGTACT,11,2241893
marRp,9.75,41,3,GCCCGAAACATAGTCATTAG,38,2246694
marRp,6.5,28,3,GCCAGTGGGTAGCATTGATA,25,2254900
marRp,6.75,29,3,GCCACGACCTGGATCCTGCA,26,2241688
marRp,10.5,44,3,GCATACCGGTTCAATGGCCA,41,2245262
marRp,5.5,24,3,GCACGTGAAACGTGGCCCGC,21,2246866
marRp,5.75,25,3,GCAACGCGAAGTAGATCGGG,22,2254648
marRp,3.0,14,3,GATCGACGCTTCCTCGACTT,11,2231895
marRp,2.75,13,3,GAGTGATTGAAGGTCAGAGG,10,2244563
marRp,2.25,11,3,GAGCCAGCTTGTAAATTTCC,8,2222739
marRp,3.25,15,3,GAGAGCTAATGATACCCTCA,12,2258848
marRp,3.25,15,3,GAGACATTGAATATTGAAGT,12,2228132
marRp,0.5,4,3,GAGAATAGAGATCAAGCCAC,1,2226165
marRp,2.75,13,3,GAGAAGTAAAATGTTAAGGG,10,2240490
marRp,12.0,50,3,GACGCCATCCGACCAGCGGA,47,2253896
marRp,4.0,18,3,GACACCTGGTTCGCCCGTGC,15,2232184
marRp,14.5,60,3,GAAGCGGCCAGGTTTACGTC,57,2240966
marRp,10.75,45,3,GAAGCCTTAGACTGATCAGG,42,2257327
marRp,6.5,28,3,GAACGTGGGTGTCATGACAG,25,2251790
marRp,7.75,33,3,GAACAGGTGTGGACTCGCAC,30,2249469
marRp,2.25,11,3,CTTTTTGGGTAGCTCCGCCC,8,2236831
marRp,5.5,24,3,CTTTTTGCCGACATCTGCGT,21,2248265
marRp,2.0,10,3,CTTTGGTGGGCTAGGAGAGT,7,2255290
marRp,5.25,23,3,CTTTAAACCACCATAAGCTT,20,2231298
marRp,12.25,51,3,CTTGTCACTGGCGAGGCAAA,48,2234340
marRp,8.25,35,3,CTTCCAGAGGACAGCATACG,32,2226743
marRp,3.5,16,3,CTTATCGCTGCGGGTCAGAG,13,2247448
marRp,3.0,14,3,CTTAGGGTGGGGGCGATCAT,11,2240057
marRp,6.75,29,3,CTTACATGAGGAGTCGCGAT,26,2236114
marRp,8.5,36,3,CTTAACACTCGGCTTTTACC,33,2249180
marRp,14.25,59,3,CTTAAAGGTCCACCTCCAGA,56,2222051
marRp,14.25,59,3,CTGGTTTCATCGCCTTAACA,56,2241601
marRp,1.5,8,3,CTGGTGTACCTTAACGGATA,5,2224932
marRp,8.0,34,3,CTGAACCCTAGAGCTCTGAA,31,2258014
marRp,1.25,7,3,CTCGACCGCGTGCTGTGGAT,4,2246015
marRp,7.0,30,3,CTCAAATATGACGCTCCCGA,27,2220249
marRp,4.5,20,3,CTAGTTTCCTCAAGTGGAGA,17,2252309
marRp,8.25,35,3,CTACGTATTCTTCACGGCAA,32,2249365
marRp,7.25,31,3,CTAAGCGCCTAAAGTGTTAT,28,2241776
marRp,4.5,20,3,CTAACGTCCCGTCAGGGTGT,17,2222516
marRp,26.5,108,3,CGTTGTGGCCGTGCGAGTGA,105,2248228
marRp,4.25,19,3,CGTTAAGGCCTGCGAAAATG,16,2242120
marRp,6.0,26,3,CGTGTCCCTGTGATCGGAGA,23,2249947
marRp,3.25,15,3,CGTGTCATTGCGCGCGTGTA,12,2221325
marRp,9.75,41,3,CGTCGTTCGAAGTCTGCAAC,38,2229147
marRp,10.75,45,3,CGTCAGGCCTGACAATCTGA,42,2231365
marRp,5.5,24,3,CGTATGGCTTAACCTCCTGA,21,2242504
marRp,1.5,8,3,CGGCCAAGGAAGGGTTTTGT,5,2225329
marRp,1.25,7,3,CGGCAGCTAGTTACATAGGC,4,2251226
marRp,5.75,25,3,CGGAGTTCCCTCGTCTCCCA,22,2227869
marRp,7.0,30,3,CGGAGAATAGGCCCCTTGGA,27,2227754
marRp,7.75,33,3,CGGACTTAGTGTGCGAGCTC,30,2249997
marRp,1.75,9,3,CGCTACGAGTTTTTGGAAAA,6,2226298
marRp,12.0,50,3,CGCGGTCGTTGTGCACGGGA,47,2257244
marRp,2.0,10,3,CGCCCCGACCGTTTAAGGCA,7,2236039
marRp,4.5,20,3,CGATTGATTGTTCATATTTT,17,2247976
marRp,6.75,29,3,CGATGGCGATTAAAAGCGTC,26,2217834
marRp,31.0,126,3,CGAGTTACGGTGGGGATTCA,123,2232727
marRp,12.0,50,3,CGAGCGATGCCTGGTGGATC,47,2219035
marRp,3.25,15,3,CGACGTCCGGCCTTCGGCTT,12,2218989
marRp,5.0,22,3,CGACGCGGGTTGTTTGATCC,19,2249797
marRp,5.25,23,3,CGAATTTCTATCCACAAAAC,20,2227708
marRp,3.25,15,3,CGAACAGTGGCCCATGGTCA,12,2222743
marRp,24.0,98,3,CCTGTGGCCCCAGCTGGCTT,95,2223668
marRp,5.5,24,3,CCTGTCTAAGAGTTCTCCGA,21,2256608
marRp,2.0,10,3,CCTGGTTATAAATATAGAAT,7,2226624
marRp,0.5,4,3,CCTGCCTGGACGTTTCGCCT,1,2218464
marRp,1.0,6,3,CCTGAACCATTCGCCTCTCT,3,2234820
marRp,0.5,4,3,CCTCAGTAAAATGTGTGACA,1,2223456
marRp,0.5,4,3,CCGTTATTGCCTACCGCTAG,1,2255379
marRp,5.75,25,3,CCGTGATGATTCTCGTTAGC,22,2248089
marRp,0.5,4,3,CCGTACGGCGGTGCTGCAGG,1,2218606
marRp,5.25,23,3,CCGCTCTCGGAGCAACCCCA,20,2259514
marRp,4.5,20,3,CCGCTATGGCGGTCTTAACA,17,2225199
marRp,2.0,10,3,CCGCCCTGCCGGCGAATCAG,7,2260467
marRp,7.25,31,3,CCGCCACCTGCGATAGAAGA,28,2260894
marRp,4.5,20,3,CCGATCATGAAGAATTTTAC,17,2257035
marRp,10.0,42,3,CCGACTTTCACTAAGCCTAA,39,2224067
marRp,5.25,23,3,CCGAACCGTATGCCACTTCC,20,2257406
marRp,8.0,34,3,CCGAAAAGAATTGGCTCAAA,31,2234683
marRp,5.75,25,3,CCCTTGCTGAGGTTTTCACC,22,2234244
marRp,6.75,29,3,CCCTAGTAGAAGCAATGGTG,26,2255364
marRp,10.25,43,3,CCCGTTTGAGTGCTTCGATT,40,2254974
marRp,7.5,32,3,CCCGTAGACTCCTTAATACT,29,2227179
marRp,6.5,28,3,CCCGCTATCATCCGGCAGTG,25,2230342
marRp,2.5,12,3,CCCCTATGCAGTACCGGAAA,9,2260535
marRp,0.5,4,3,CCCAAAAGTCCTGTCCGGAC,1,2230512
marRp,9.5,40,3,CCATTTCACGTAGAACTCAG,37,2217782
marRp,11.25,47,3,CCATTAGCTCCTTCCGGTCC,44,2221194
marRp,1.75,9,3,CCAATGTTTTGCTACCCCTA,6,2224737
marRp,6.25,27,3,CCAACCGACCAAACTATAGT,24,2231184
marRp,2.5,12,3,CATTGTAGGCACAGTAGTAA,9,2240270
marRp,6.5,28,3,CATGTGCCTAAATTGCCTTT,25,2258641
marRp,11.5,48,3,CATGTCAGGCTCCCAAACTA,45,2248838
marRp,14.5,60,3,CAGTAATGCACACAAATTGG,57,2254397
marRp,54.25,219,3,CAGGGGTGCCGGGCGTCGTA,216,2248592
marRp,5.25,23,3,CAGCCGACGCGCGGGGATAC,20,2240894
marRp,6.75,29,3,CAGAGTGCCAGCATTGGGGT,26,2240817
marRp,7.25,31,3,CACTCGGATCGACGAGGGCA,28,2235044
marRp,0.5,4,3,CACGCGGTATCTGAACCAAG,1,2255184
marRp,2.5,12,3,CACGATAGGAAAGTCCGTAT,9,2217963
marRp,3.5,16,3,CACCTTTTCTAACGGTGATT,13,2222192
marRp,5.5,24,3,CACCCCATGAGAAGGTCTAT,21,2242165
marRp,1.5,8,3,CAATGTCTGAAAATGGTTCG,5,2223374
marRp,2.5,12,3,CAAGGCGTGATGGACTAGCG,9,2245910
marRp,3.75,17,3,CAAGCGGGTCCGCGATGGCT,14,2257325
marRp,7.25,31,3,ATTTGTCGAAACTTTGTAGG,28,2252083
marRp,8.0,34,3,ATTTCAGGAGCTCCTCCACA,31,2219102
marRp,4.25,19,3,ATTCTCCGTGCATCCCCCTA,16,2256941
marRp,1.0,6,3,ATTCGGTGTCCCATGCGCCC,3,2244297
marRp,1.5,8,3,ATTCCTTTGTAGGAGCCGTC,5,2246269
marRp,4.5,20,3,ATTCCTCATTCTTACAAGAA,17,2255095
marRp,3.5,16,3,ATTCAAGAATACTGTTGTTA,13,2232483
marRp,7.25,31,3,ATTCAACCAATCGGCGCGGT,28,2254068
marRp,4.25,19,3,ATTATGATGACCAGACGAGT,16,2251779
marRp,4.25,19,3,ATGTTCACTTTCACTCTAAG,16,2245011
marRp,7.25,31,3,ATGTAGCATCGAGCACGAAA,28,2238754
marRp,3.0,14,3,ATGTAATAGCTCCAGTTCGT,11,2248947
marRp,4.0,18,3,ATGCTCGTCTCCGGGTTCCC,15,2239975
marRp,10.0,42,3,ATGATTTTCTTATGATCCTT,39,2218048
marRp,0.5,4,3,ATGAGTTGTCGGTTCCTTAT,1,2230032
marRp,1.75,9,3,ATGACCGATCTCACATTCCC,6,2233231
marRp,1.75,9,3,ATCTGTTACTCTGCGCCTTG,6,2222278
marRp,5.5,24,3,ATCTCAATACGCTACCTGTG,21,2243036
marRp,7.0,30,3,ATCGATATAATGAGTAGTGC,27,2246088
marRp,22.25,91,3,ATCCGCAAGTGAATCCCATT,88,2249184
marRp,10.75,45,3,ATCCATATTATCGATTGGGG,42,2240973
marRp,4.75,21,3,ATCCAGGGGTTAAGACAACG,18,2257861
marRp,3.5,16,3,ATCAGTGCTCTCATAGAATT,13,2260129
marRp,1.0,6,3,ATATGCCCTCTCGATTGAGA,3,2223265
marRp,3.0,14,3,ATATGAGGCTTCCCTGGGTT,11,2260385
marRp,4.0,18,3,ATAGGGTCCTGGAGGGTCTA,15,2235354
marRp,9.5,40,3,ATACTCCCGCAACGTGTCAT,37,2234534
marRp,0.5,4,3,ATACGTGAAGCTAGCAATCT,1,2259650
marRp,18.0,74,3,ATACACAATGGCAAGGTGGA,71,2248571
marRp,4.25,19,3,ATAAGATTAAGTCCCTAGAT,16,2247491
marRp,0.5,4,3,ATAAAGCTTATGCTTTTCAC,1,2259658
marRp,5.75,25,3,ATAAACGGCAGTGCATGGGT,22,2223851
marRp,6.0,26,3,ATAAAACGGACTAACACGAT,23,2234907
marRp,4.5,20,3,AGTTGGAAGACAGGATGCCG,17,2254306
marRp,4.25,19,3,AGTTCATCACGTTGGAAGAT,16,2236833
marRp,4.75,21,3,AGTGTATTCCAGGGTCGTTG,18,2218480
marRp,9.25,39,3,AGTGCAGCTTCAAGGAAAGA,36,2223133
marRp,7.0,30,3,AGTCAGGGCTTCCTAACCTC,27,2255985
marRp,3.0,14,3,AGTCAGAATCCTGGTCAGAG,11,2257243
marRp,3.75,17,3,AGTAATCAACGTGTTGCATT,14,2242724
marRp,9.5,40,3,AGGTGGACAGCAGGAGGTGT,37,2239000
marRp,4.25,19,3,AGGGCCGGGAGAACAGGGTT,16,2222306
marRp,6.75,29,3,AGGCTGATTATGGTCAACAT,26,2230947
marRp,3.5,16,3,AGGCCTATTTGATCTACAGG,13,2258585
marRp,5.5,24,3,AGGAGTTCCCAGCCTCCAAT,21,2249149
marRp,2.0,10,3,AGGAATGATATAATCATCAG,7,2235907
marRp,1.0,6,3,AGCTAGGTTGCCCCGGCAAG,3,2235668
marRp,5.5,24,3,AGCTACCAGCCCCGTTCGTC,21,2223764
marRp,1.25,7,3,AGCCATTCGGTGGTACTGAA,4,2226572
marRp,0.5,4,3,AGCATCGGGCCGGACCATCC,1,2223601
marRp,7.25,31,3,AGCAGCTTTCTTTTTTCTGA,28,2223287
marRp,5.25,23,3,AGCACCCGCTCAAACGCGCT,20,2236929
marRp,5.75,25,3,AGCAAGTAGGCCGTACTCGT,22,2258681
marRp,2.5,12,3,AGATATAGTGCGCCCGTCCG,9,2231489
marRp,6.25,27,3,AGACTGACTAGCCCGGACTA,24,2221992
marRp,1.25,7,3,AGACAGCTAGGGGTCCGAAA,4,2221340
marRp,5.25,23,3,AGAATGCGGGTTGTGCCAAT,20,2224701
marRp,2.5,12,3,AGAACAGCTGGCTTCCTTCC,9,2243043
marRp,4.0,18,3,AGAAAAGTCTCCATCCCGTG,15,2240834
marRp,2.25,11,3,ACTGAACTTCAACCAGAAGG,8,2235671
marRp,1.0,6,3,ACTCGATCTATTCCCACATT,3,2247452
marRp,3.0,14,3,ACTCATTATAGGAGGGGATA,11,2260502
marRp,2.25,11,3,ACTATGGGCCACAGCTTACT,8,2219676
marRp,2.5,12,3,ACTAGGGGACATGGCCACAA,9,2218698
marRp,5.25,23,3,ACTAAGATACCATTGACCCA,20,2230068
marRp,4.25,19,3,ACGGGATCTCGTACTCACTC,16,2222523
marRp,9.25,39,3,ACGCCTTTCCTTCTCCACAA,36,2221871
marRp,6.5,28,3,ACGCATACTTTCGGCTTTCA,25,2231326
marRp,8.75,37,3,ACCTGGCCACGCCCATCGCG,34,2259859
marRp,10.25,43,3,ACCCTTCTGTACAGTTAATA,40,2221493
marRp,20.0,82,3,ACCCATCGCTTGGTGACCGA,79,2235073
marRp,8.25,35,3,ACCCAGGGCTCCCTGGAATC,32,2256021
marRp,3.75,17,3,ACCACCCAGGAGAGAGCTTG,14,2221218
marRp,3.25,15,3,ACAGAGAAATACACCAGGCC,12,2217916
marRp,7.0,30,3,ACAATGGTCTTATGGTTGTG,27,2246259
marRp,7.0,30,3,ACAAATGCTCCAGTTACCAT,27,2252905
marRp,8.75,37,3,AATTTCATTCGCGGCAAGTT,34,2245278
marRp,6.5,28,3,AATTGGCCCGTGGTAGGAAG,25,2239707
marRp,9.5,40,3,AATTCGGAGGATAGCTGGCC,37,2245919
marRp,4.75,21,3,AATGTGTTGCTTGAAACGGA,18,2225419
marRp,9.5,40,3,AATGCATCTCAACTTGGCCT,37,2229415
marRp,7.25,31,3,AATCTCCGGTGCGGATAGCG,28,2221661
marRp,1.75,9,3,AATCGCGACTGCTCAAAATA,6,2239403
marRp,4.5,20,3,AATCGATGCTGCCCTCTCGG,17,2226204
marRp,10.25,43,3,AAGGTCGGTGCCAACAGAAC,40,2260122
marRp,2.75,13,3,AAGGTCCGTGCGATTAGGCT,10,2219637
marRp,3.25,15,3,AAGAAGGTCAACGGATCGAT,12,2221534
marRp,2.25,11,3,AACTTATAAAGGTTACTCTT,8,2230772
marRp,8.25,35,3,AACTCTATTGCGGGAGGTCC,32,2218699
marRp,7.0,30,3,AACGGCTATTCGAATCACGC,27,2226331
marRp,2.5,12,3,AACGGACACTTCGCGGGTGC,9,2227620
marRp,9.25,39,3,AACGCTTACCAGTATTGTGC,36,2254529
marRp,4.25,19,3,AACCATACCGCGCATCGCCA,16,2244976
marRp,24.0,98,3,AACATAAGGAGTATGTAATA,95,2251221
marRp,1.0,6,3,AAAGGTGTTAATAGGGTAGT,3,2235639
marRp,3.5,16,3,AAAAGAGGGCTTGTTTAAAG,13,2218333
marRp,9.333333333333334,29,2,TTTGACATGGTACTTTACTG,27,2221076
marRp,12.333333333333334,38,2,TTTGAAAATTCGCACACTAG,36,2252601
marRp,26.666666666666668,81,2,TTTCCCTATCACAGCGCGGA,79,2246879
marRp,7.333333333333333,23,2,TTTACTATTCCGGCCCCAAT,21,2242434
marRp,3.3333333333333335,11,2,TTTACCTATGGTGCCCAGGA,9,2257719
marRp,1.0,4,2,TTTACCATTGCGCATGAGAT,2,2251168
marRp,19.666666666666668,60,2,TTGTCAAACCAGGTAGGAAT,58,2260407
marRp,1.0,4,2,TTGTATGTTCTTATGCTATA,2,2237117
marRp,27.666666666666668,84,2,TTGGTAACCTACCTGTCGCC,82,2228235
marRp,12.0,37,2,TTGGAGCACGCCCGGACGGC,35,2259340
marRp,2.0,7,2,TTGCTAAAAAGGCTTCGAAT,5,2229299
marRp,0.6666666666666666,3,2,TTGATCGGCAATTGACGTGC,1,2227727
marRp,0.6666666666666666,3,2,TTGAGTGAGCTGAGGAGTCT,1,2251073
marRp,12.333333333333334,38,2,TTGACGGAAAAGTATGGGAT,36,2219726
marRp,9.333333333333334,29,2,TTCTGCGGTTAATCTACCCC,27,2248968
marRp,8.333333333333334,26,2,TTCTGCAGCTCGGGAAAATA,24,2231462
marRp,14.333333333333334,44,2,TTCGGCGCATATAGTTCCAA,42,2243974
marRp,6.0,19,2,TTCCCCGGTGGGTGTCTGGG,17,2226196
marRp,1.3333333333333333,5,2,TTCCAGGGGGCTCCCCCAGA,3,2226480
marRp,5.666666666666667,18,2,TTCATATCAGAGGACGTTCG,16,2253250
marRp,4.333333333333333,14,2,TTATGGCCAGTTTGGCTTGT,12,2234706
marRp,8.333333333333334,26,2,TTAGATTGGTTAATCTGGTC,24,2227519
marRp,3.0,10,2,TTAATGCCCTGATATTCGAC,8,2237254
marRp,8.0,25,2,TGTTTAGATGTCCTGATATA,23,2224744
marRp,0.6666666666666666,3,2,TGTCTCTATGTATGGGCAGA,1,2229997
marRp,3.0,10,2,TGTCCGCCGCGGGGGGCGCG,8,2257464
marRp,9.0,28,2,TGTCAATACCACTCAAGCGA,26,2243273
marRp,3.3333333333333335,11,2,TGTATTTACACAACGGCGGC,9,2238481
marRp,25.333333333333332,77,2,TGTAACGCGGGCTGAATTTC,75,2225052
marRp,12.333333333333334,38,2,TGGTATACCTTTCTGGTCAT,36,2226490
marRp,4.0,13,2,TGGGCCTAATGCTAGCGGCC,11,2225403
marRp,8.0,25,2,TGCGGATGTCGGTACCACGG,23,2230572
marRp,6.333333333333333,20,2,TGCAGGCGCGTCACCGGTGT,18,2247191
marRp,6.666666666666667,21,2,TGATTGGGATATGTCTAATA,19,2252906
marRp,6.666666666666667,21,2,TGATTCATAACATCTCCAGC,19,2220694
marRp,0.6666666666666666,3,2,TGACGGACCCCGTACTACAT,1,2255529
marRp,6.666666666666667,21,2,TGAAGAGCAAAGGTGACCAA,19,2242959
marRp,7.666666666666667,24,2,TCTTTCCGGCATGTGCAAGT,22,2221872
marRp,5.0,16,2,TCTTACGACTCAGCTTGACA,14,2242718
marRp,6.333333333333333,20,2,TCTGAGGTGGTGTAATTAGG,18,2242141
marRp,0.6666666666666666,3,2,TCTCGGCGCAGTTAGATTTG,1,2259402
marRp,5.333333333333333,17,2,TCTCGACGTTACAAAGTCGG,15,2242406
marRp,5.666666666666667,18,2,TCGGTAACGAAAGTCCGTGT,16,2242212
marRp,6.666666666666667,21,2,TCGCCTCCGTGGGTTGAACC,19,2255621
marRp,19.666666666666668,60,2,TCGACAGCAAATGTGCCTGA,58,2222760
marRp,12.666666666666666,39,2,TCGAACGAGTCTGCCCGGTA,37,2232232
marRp,3.0,10,2,TCCTGGAGATTCATGATCAA,8,2245300
marRp,2.3333333333333335,8,2,TCCTCCGGAGTTTTCAAGAT,6,2235445
marRp,2.3333333333333335,8,2,TCCTATTAGTAAATGAGATA,6,2259568
marRp,0.6666666666666666,3,2,TCCGGTGACATGTTACATGT,1,2237764
marRp,8.0,25,2,TCATAGATTGGAGGGGTTTT,23,2221581
marRp,8.666666666666666,27,2,TCAGAATCGCTGATAGGTAT,25,2255177
marRp,44.0,133,2,TCAATCCTCAACTCCCATCC,131,2231944
marRp,1.0,4,2,TCAATAGGACGTTTCCGATT,2,2236583
marRp,8.333333333333334,26,2,TATTTGATGATTGATTCGTG,24,2243513
marRp,5.666666666666667,18,2,TATTGCCAAAGCCTTAAATA,16,2221252
marRp,6.0,19,2,TATTCATAGGAACGACTTTG,17,2228845
marRp,8.333333333333334,26,2,TATTAAGAGGCTATTCCAAT,24,2235241
marRp,1.3333333333333333,5,2,TATGCTAAAGGCTCCATGTC,3,2244104
marRp,8.666666666666666,27,2,TATGCCATCATGCGGAACTA,25,2260542
marRp,5.666666666666667,18,2,TATCTAGGTCGTGCTATCCC,16,2252036
marRp,4.666666666666667,15,2,TATCATTCACTGATTAAGAC,13,2238933
marRp,6.333333333333333,20,2,TAGGCTAGCCTTCTGAATGT,18,2223385
marRp,3.0,10,2,TAGCTTGTATGTGGGCGCCG,8,2229247
marRp,0.6666666666666666,3,2,TAGCTGAGCGGGGCCGGACT,1,2240678
marRp,15.0,46,2,TAGCGGAGCATGCTGACAGC,44,2243030
marRp,7.666666666666667,24,2,TACATGTCTAATTGGGTATC,22,2236347
marRp,6.0,19,2,TAATCGGTTATTCATTATCA,17,2252641
marRp,7.666666666666667,24,2,TAAGTGGAAGATCGCCGAGT,22,2224443
marRp,0.6666666666666666,3,2,TAAGCTCATGAGACTTGGAC,1,2245047
marRp,8.666666666666666,27,2,TAAATGCGGATATTCATCAG,25,2225273
marRp,8.333333333333334,26,2,TAAAGTATCGTCTCTGATAA,24,2229865
marRp,10.333333333333334,32,2,TAAAGTAAATAGGGCGATTG,30,2260615
marRp,19.0,58,2,TAAAGAGGGCGGACTTAACC,56,2230374
marRp,7.333333333333333,23,2,GTTTACAGTTGAGGACCGGC,21,2218978
marRp,19.0,58,2,GTTACGGTTCCGGCTTCCTT,56,2220528
marRp,5.333333333333333,17,2,GTGGTTCTAGGGACCCGCGT,15,2258834
marRp,4.333333333333333,14,2,GTGGTGGGTTCGGAGCTCAG,12,2225174
marRp,14.666666666666666,45,2,GTGGTCAAAGCATCAATGTC,43,2218557
marRp,6.333333333333333,20,2,GTGGGTGTACATATGGAAAA,18,2229175
marRp,28.333333333333332,86,2,GTGGGATGATAAAGAATTAC,84,2260548
marRp,4.0,13,2,GTGGCCTTTTAATATATACG,11,2238547
marRp,9.333333333333334,29,2,GTGGCCGCGATGCGTTCCCC,27,2227141
marRp,20.666666666666668,63,2,GTGGAGAGCCCCCGAGCGGC,61,2235698
marRp,5.333333333333333,17,2,GTGCTGGAGAGGGTGTCACA,15,2238307
marRp,6.0,19,2,GTCTTTCAACCCAATAGTGA,17,2227376
marRp,6.666666666666667,21,2,GTCTTATGTACCGTGGCCAT,19,2257658
marRp,18.666666666666668,57,2,GTCTGCATCACTTCACCTTG,55,2238171
marRp,4.666666666666667,15,2,GTCACTTTGTGACGCGTGGT,13,2236612
marRp,7.333333333333333,23,2,GTATTGAAGCTTGGCGAAGA,21,2230217
marRp,0.6666666666666666,3,2,GTATCCCCTAGGATGAGAAC,1,2258438
marRp,7.0,22,2,GTAGCTACCGCGGTTTGTAC,20,2256214
marRp,5.333333333333333,17,2,GTAGACACAACACAGGCGGT,15,2256139
marRp,7.0,22,2,GGTTCAGACTGACACACACT,20,2251140
marRp,10.333333333333334,32,2,GGTTAAGACCGGAATTCGCA,30,2242871
marRp,5.333333333333333,17,2,GGTGCGCGGTGCAGAACTTG,15,2243161
marRp,8.0,25,2,GGTCGTCTACGTAGGCGATA,23,2234040
marRp,2.6666666666666665,9,2,GGGTCAAAGCCTCTCACTGG,7,2257410
marRp,2.3333333333333335,8,2,GGGGTGGAGAGTACTTACCT,6,2231861
marRp,2.6666666666666665,9,2,GGGGTCCCCCGGATGAGAGC,7,2225282
marRp,3.6666666666666665,12,2,GGGGGAAAACTGGGCATTAT,10,2256599
marRp,9.666666666666666,30,2,GGGGCACGCGGACTGACTAA,28,2221509
marRp,5.333333333333333,17,2,GGGGAAGTAGTGATCCACTA,15,2233330
marRp,12.333333333333334,38,2,GGGCCGATGTTGCACCAGTC,36,2224741
marRp,1.0,4,2,GGGATCAGAGCTATGCCTGG,2,2243992
marRp,4.666666666666667,15,2,GGGATACCTGCGAAGACGAT,13,2256696
marRp,9.666666666666666,30,2,GGCTTTAACCCCCTTCATCT,28,2254078
marRp,4.0,13,2,GGCCTCGCGGTCTACTGACA,11,2258058
marRp,2.0,7,2,GGCCGAACCCGAACCATACA,5,2230327
marRp,0.6666666666666666,3,2,GGAGCCGGTAGACGCGCAAA,1,2255123
marRp,1.3333333333333333,5,2,GGACGCCCGCTCGGTTCAAA,3,2251781
marRp,3.3333333333333335,11,2,GGACACTACCGATCCATCAC,9,2237533
marRp,4.666666666666667,15,2,GCTTAGGAATCTACGGCTTT,13,2240815
marRp,7.666666666666667,24,2,GCTGACTTTATCACTAGACA,22,2219230
marRp,0.6666666666666666,3,2,GCGTAAAGTTTCAGTTTTAC,1,2222761
marRp,6.666666666666667,21,2,GCGCTGCTCTGGTCAACGAG,19,2235685
marRp,4.333333333333333,14,2,GCCTGACCCTAATGAACGTG,12,2240803
marRp,2.3333333333333335,8,2,GCCTAACGGGATGTGTCGAA,6,2222069
marRp,9.666666666666666,30,2,GCCGCGAATCGCACCGGCCC,28,2224831
marRp,7.0,22,2,GCCGCCCCATGAAAAATGAG,20,2237311
marRp,8.666666666666666,27,2,GCCCTCTGTATGATTGCTTT,25,2260069
marRp,5.666666666666667,18,2,GCCCCCGGGGCCGACCATAA,16,2232618
marRp,5.333333333333333,17,2,GCCCAGTACGAGTGTTGAGG,15,2238112
marRp,5.0,16,2,GCATCCCTAGCGGCATAACT,14,2235311
marRp,5.333333333333333,17,2,GCATACCTAGCAGTTGATAT,15,2247415
marRp,13.666666666666666,42,2,GCAGGTGAACGTCTCAGTTT,40,2243947
marRp,8.666666666666666,27,2,GCAGGGCAGTCTGCTCGATT,25,2243298
marRp,2.3333333333333335,8,2,GCAGCATCGGCCTAGGAAAC,6,2250870
marRp,12.0,37,2,GCAGAGCAGAGCTACATTCT,35,2230411
marRp,0.6666666666666666,3,2,GCACTTATGAGTACGGTACA,1,2222239
marRp,6.333333333333333,20,2,GCACTCACTGTGTAAAACTG,18,2222710
marRp,7.0,22,2,GATTTCGGGGCGGAACTCTT,20,2226242
marRp,4.666666666666667,15,2,GATTGATGTAATAGTCTGTA,13,2256367
marRp,13.666666666666666,42,2,GATTCGGATATTGTATTTTT,40,2245425
marRp,3.6666666666666665,12,2,GATGCAACAGCTTAAGGTGT,10,2229053
marRp,15.0,46,2,GATAAATGGGTTTCCTGGTC,44,2226418
marRp,10.333333333333334,32,2,GAGTGCGGAGCTAGTGATAT,30,2243189
marRp,12.666666666666666,39,2,GAGGGATACAGGTAGTGCCC,37,2242029
marRp,6.0,19,2,GAGGGACACCTTTTCAAACT,17,2225979
marRp,6.666666666666667,21,2,GAGACAGCCTTTTGCCACAG,19,2239321
marRp,8.666666666666666,27,2,GAGAAACGGGTGACGGCACT,25,2233322
marRp,12.0,37,2,GACGCAAGTGCCTGATAGGT,35,2222356
marRp,13.333333333333334,41,2,GACGAGCCCAGGCGCTCCCA,39,2232128
marRp,6.666666666666667,21,2,GACCTCGCCCATGAGATCGC,19,2255578
marRp,4.666666666666667,15,2,GACCGGAAGGACGATTTAAC,13,2243702
marRp,38.666666666666664,117,2,GACCCAGACTATCATAGCCC,115,2238123
marRp,21.666666666666668,66,2,GACAGGCATAAAGGCGTACC,64,2230124
marRp,15.333333333333334,47,2,GAATTTACCGACGTAAATGA,45,2219336
marRp,12.0,37,2,GAATGTTAGATGCAGGCCCT,35,2259945
marRp,3.0,10,2,GAAGAGGGGACACCCCACTG,8,2250781
marRp,5.333333333333333,17,2,GAACGTCGCGCGGGCAATTA,15,2223259
marRp,4.333333333333333,14,2,GAACATTGGAGCTACTGGTC,12,2225368
marRp,7.333333333333333,23,2,GAACAGCCCTGGGTACGGCT,21,2220974
marRp,2.6666666666666665,9,2,GAAACGCCCTCATAGCTCAC,7,2239655
marRp,19.333333333333332,59,2,GAAACATACCCTTTTCTCCA,57,2247295
marRp,3.6666666666666665,12,2,GAAACAGGCATTGATGTGTG,10,2255945
marRp,1.0,4,2,CTTTAACTTGTTGGGATATT,2,2220553
marRp,14.0,43,2,CTTGGTATTGTATAACACTA,41,2227272
marRp,7.0,22,2,CTTGATCTCGTTCCAGAAGC,20,2258637
marRp,0.6666666666666666,3,2,CTTCTGTACAATGTACGAGC,1,2225694
marRp,0.6666666666666666,3,2,CTTCTCAGGGAACTGCGTCA,1,2248971
marRp,1.0,4,2,CTTCGCAAGATCCCTCTCTT,2,2224350
marRp,3.3333333333333335,11,2,CTTATTTTGGACCGTACTCG,9,2223400
marRp,8.666666666666666,27,2,CTTAGGTAGTGACGGTCACT,25,2252774
marRp,2.6666666666666665,9,2,CTGTGCAAATCCTTGGTCTT,7,2240141
marRp,9.333333333333334,29,2,CTGTCATGGTGTAAATGGCC,27,2251079
marRp,7.666666666666667,24,2,CTGGGTCTACTTTTCTCTGC,22,2257832
marRp,9.666666666666666,30,2,CTGGGCTATTTTTTTTGCAT,28,2224822
marRp,16.666666666666668,51,2,CTGGGATCCCGTTCATTGTT,49,2258139
marRp,9.666666666666666,30,2,CTCGTTGGTTGTTTTGAAAG,28,2223076
marRp,4.333333333333333,14,2,CTCCCCAGACCGCGGTTTGC,12,2224168
marRp,2.6666666666666665,9,2,CTATATCTACATGAACGTCG,7,2221958
marRp,6.0,19,2,CTACGGGGAAGGCTACGGTG,17,2256809
marRp,10.666666666666666,33,2,CGTTTAATATGGACTTCGGA,31,2223179
marRp,4.666666666666667,15,2,CGTTAAGGCACTAGGACATT,13,2241087
marRp,11.0,34,2,CGTGTCGCTTTACAATAATA,32,2259328
marRp,3.3333333333333335,11,2,CGTCTCAATATGTTTCTATA,9,2254621
marRp,3.3333333333333335,11,2,CGTCGCACGATCAATGCAGA,9,2246697
marRp,7.333333333333333,23,2,CGTATTTCTTGTGTCTCCCA,21,2235937
marRp,0.6666666666666666,3,2,CGTATCCTGTATTCGAGTTG,1,2235786
marRp,3.0,10,2,CGTAGTGAATCTTACGCCCT,8,2259481
marRp,11.333333333333334,35,2,CGGTTTTCCTCGAGGTACAG,33,2225410
marRp,12.0,37,2,CGGTGGGAAGGTGGGGTCTC,35,2226842
marRp,5.0,16,2,CGGGGGCGAAAATCGTCCAA,14,2235563
marRp,9.333333333333334,29,2,CGGGGCGAACCATGGCGGGT,27,2218425
marRp,3.0,10,2,CGGGCTTCATTGACCTTTTT,8,2223848
marRp,0.6666666666666666,3,2,CGGGCCGTGCTGACCCCCCC,1,2231590
marRp,0.6666666666666666,3,2,CGGGCCGCTTTTTCCCACGA,1,2232485
marRp,0.6666666666666666,3,2,CGGCGTCGGAGTAGCTAGAC,1,2243271
marRp,10.333333333333334,32,2,CGCGCACGAGTGTTTTAAAT,30,2242207
marRp,4.666666666666667,15,2,CGCCGGATGTTCATTGTAAC,13,2220501
marRp,4.666666666666667,15,2,CGATAGCTCGGTGGTCGGCA,13,2245064
marRp,15.333333333333334,47,2,CGAGACGGGCAGGGTTGTTC,45,2244334
marRp,5.666666666666667,18,2,CCTTGACGTATATTACCACA,16,2231991
marRp,3.0,10,2,CCTGGTACAGGAGTATCTCG,8,2221440
marRp,8.0,25,2,CCTCATCAGAGCGCTCAATA,23,2232182
marRp,0.6666666666666666,3,2,CCTCAATGAATAGTCATAGA,1,2219721
marRp,0.6666666666666666,3,2,CCTCAAAAAAATCGGGTAAT,1,2242048
marRp,8.666666666666666,27,2,CCGTTGTTGCATTGGCGTAG,25,2256352
marRp,7.0,22,2,CCGTGTTATTTTGCAGTGCT,20,2260934
marRp,9.0,28,2,CCGTCAAAGAGACCTTAGTG,26,2255221
marRp,4.333333333333333,14,2,CCGTATACACCAAATTAGTT,12,2249044
marRp,17.333333333333332,53,2,CCGGCTGAGCACCACGGTTC,51,2231953
marRp,9.666666666666666,30,2,CCGGCCACTATGAGCGAACG,28,2252663
marRp,8.666666666666666,27,2,CCGGAACTCTAGGACGGCCA,25,2222145
marRp,7.0,22,2,CCGCGGAGGTATCCCAAGTT,20,2247969
marRp,4.666666666666667,15,2,CCGAGGGAGAATCAACGGGA,13,2248859
marRp,8.333333333333334,26,2,CCGAAGGGTGTTTGTATGTT,24,2247489
marRp,3.3333333333333335,11,2,CCCTTTTGATGGACGTATGT,9,2222415
marRp,7.666666666666667,24,2,CCCTAGCTCGGGCTATGGTA,22,2237199
marRp,7.333333333333333,23,2,CCCCTTTGTACATAATCGGC,21,2220081
marRp,0.6666666666666666,3,2,CCCCGGGCTCTCACTCGTTA,1,2247033
marRp,11.0,34,2,CCATGTAGTTTTCCCGGAAT,32,2222115
marRp,0.6666666666666666,3,2,CCATGACTCATCATGAATCA,1,2241894
marRp,5.333333333333333,17,2,CCAGGATAGCAAGTTGATGG,15,2257478
marRp,3.3333333333333335,11,2,CCAGATTTTTTTGCAATACT,9,2238294
marRp,0.6666666666666666,3,2,CCACCAGAACCAGAGATCTC,1,2227016
marRp,23.0,70,2,CCACACCATGGTCGGCAGGT,68,2228610
marRp,4.666666666666667,15,2,CCAATCCACTCTGGGACCAA,13,2250273
marRp,7.333333333333333,23,2,CATTTTCCCATCATTATGTT,21,2220972
marRp,5.666666666666667,18,2,CATTGACGGACAGTTTTTCG,16,2237275
marRp,25.333333333333332,77,2,CATGTGTTTTTTCTGGCACC,75,2234544
marRp,4.0,13,2,CATGTCCAGGTTGGTGAAAG,11,2219780
marRp,7.333333333333333,23,2,CATCCAATAAATTCCGTCAC,21,2241772
marRp,1.0,4,2,CATAGCGGAACAACTCTTAT,2,2220010
marRp,4.666666666666667,15,2,CAGTCCCCCGTCTACTGTAT,13,2243422
marRp,7.666666666666667,24,2,CAGTCCACCCAATGAGACGC,22,2229761
marRp,2.3333333333333335,8,2,CAGGTTTACTTAACGGGGTG,6,2221538
marRp,9.0,28,2,CAGGGTATAACCTGGCAGCG,26,2259477
marRp,7.333333333333333,23,2,CAGCTGCACCCGGGTACCGT,21,2251816
marRp,9.333333333333334,29,2,CACTTTGTGACCAGGTAGTC,27,2228523
marRp,0.6666666666666666,3,2,CACTGTCGAACACATGGTTG,1,2249506
marRp,0.6666666666666666,3,2,CACGCGCGCTCTCAGTTTGT,1,2241511
marRp,1.6666666666666667,6,2,CACCTAATCGAGACTTCTGC,4,2259729
marRp,6.0,19,2,CACCGCGCTGAAGAGTACTA,17,2224948
marRp,9.666666666666666,30,2,CACAGAGTGAAAATGGCCAC,28,2226435
marRp,5.0,16,2,CAAGGACCGTTCCGGCACGG,14,2221001
marRp,3.6666666666666665,12,2,CAACCGAGGAGTGACAGTAA,10,2240455
marRp,6.666666666666667,21,2,CAACAATCGCGCGGCCTCAC,19,2255942
marRp,14.666666666666666,45,2,ATTTGTCCTAGTGAGAAAGT,43,2232176
marRp,10.333333333333334,32,2,ATTTGTACCTCGTTCCAAAA,30,2254535
marRp,13.0,40,2,ATTTAATATTGTACGGATTG,38,2244215
marRp,3.3333333333333335,11,2,ATTGTAACGCCCGATTAATA,9,2238025
marRp,1.6666666666666667,6,2,ATTCCTTAATGTTTCGGCAA,4,2237120
marRp,3.3333333333333335,11,2,ATTCCGAGACGAGACGCTAG,9,2247830
marRp,5.666666666666667,18,2,ATTCCCTCAGATCCGAATAT,16,2248623
marRp,10.0,31,2,ATGGTAATGTCTGGGGGTGT,29,2247982
marRp,2.3333333333333335,8,2,ATGGCCCGGTTGGGCCACGC,6,2230030
marRp,2.0,7,2,ATGCTGAACACTTCGCAGAC,5,2255657
marRp,38.333333333333336,116,2,ATGCGATGCTTCCGCCAAAC,114,2252034
marRp,4.333333333333333,14,2,ATGATAGTACCAAGGCTCGG,12,2225408
marRp,9.0,28,2,ATCTCATTGCGCCAAATGGT,26,2223372
marRp,1.3333333333333333,5,2,ATCTAGGCGGGCACTACAGT,3,2246376
marRp,2.0,7,2,ATCGATCCCGTAGGTATTTT,5,2243837
marRp,5.666666666666667,18,2,ATCGAGGTTCTCTTGGTGAT,16,2251063
marRp,5.333333333333333,17,2,ATCCTATGGGCATTAATGGC,15,2218739
marRp,9.0,28,2,ATCCGCGCCAACTACATTCC,26,2240768
marRp,5.333333333333333,17,2,ATCCCTGGTTTTATGGCGTA,15,2254114
marRp,8.333333333333334,26,2,ATCCATCGCTCGACATACTC,24,2252916
marRp,3.3333333333333335,11,2,ATCAGTTTTTCTTAAGTGTT,9,2251313
marRp,7.333333333333333,23,2,ATATCTGCCCAACCAGGTTG,21,2245766
marRp,6.333333333333333,20,2,ATAGTAGACGGGAAGGTTCG,18,2256673
marRp,8.666666666666666,27,2,ATAAGTATGAGATAGCTGAA,25,2223530
marRp,5.666666666666667,18,2,ATAAGGGGCTCAGATTTAGC,16,2257728
marRp,1.6666666666666667,6,2,AGTTTTCGCCCTCCGACTCG,4,2250723
marRp,4.0,13,2,AGTTCGTTGGATGCGCAAGT,11,2241599
marRp,12.0,37,2,AGTTCCAGGGGAGACCTTCG,35,2220503
marRp,17.0,52,2,AGTGCCCTGGAACAGGCTAC,50,2246630
marRp,12.0,37,2,AGTCAAACTTTGAATCCTCT,35,2257015
marRp,2.0,7,2,AGTATCCGTAACCTTGAGAA,5,2224174
marRp,11.333333333333334,35,2,AGTACTGTTGGACCCTGGTG,33,2245357
marRp,7.333333333333333,23,2,AGGAGGAGGAGGGTTAAGAT,21,2226239
marRp,5.666666666666667,18,2,AGCTTCAAGGTAAGGAGCTG,16,2223693
marRp,8.0,25,2,AGCTCATATCGCTTGAACTC,23,2257622
marRp,1.6666666666666667,6,2,AGCCTTTACGAAGAGTTGAC,4,2248449
marRp,2.6666666666666665,9,2,AGCATGTACGCGTGCCGTAT,7,2240563
marRp,10.666666666666666,33,2,AGATGCTACGAGCCCTGTCG,31,2258998
marRp,1.3333333333333333,5,2,AGATGCAGCTCGGAGGCATG,3,2232739
marRp,13.666666666666666,42,2,AGAGCATTCCAACGTGTAAC,40,2226569
marRp,6.0,19,2,AGACGCGTTTGTCGATACAT,17,2231180
marRp,20.0,61,2,ACTTTAGCTGGCTGACCCCT,59,2242451
marRp,7.0,22,2,ACTGATGCTTCAACCCTCGC,20,2253039
marRp,6.333333333333333,20,2,ACTCCCGCCGTTTGGGGTAA,18,2240784
marRp,6.666666666666667,21,2,ACTAGATTAGCCGTGGTCGT,19,2257135
marRp,1.0,4,2,ACGTTAGTCTTTCTCCTCAG,2,2224326
marRp,3.6666666666666665,12,2,ACGGCCTCGAGCACTTGCTG,10,2250115
marRp,8.0,25,2,ACGCCGGTGCCCGGGGAGTT,23,2229605
marRp,10.0,31,2,ACGACCGCACTCGAACTGGG,29,2218730
marRp,5.666666666666667,18,2,ACGAATTGTTCAGGGCGTGT,16,2260396
marRp,17.0,52,2,ACCTTCTCACCATGCTATAA,50,2227862
marRp,8.666666666666666,27,2,ACCGACGAGTGCGTTGTGCT,25,2253899
marRp,7.333333333333333,23,2,ACCCGCTAGATCGGGTGTTA,21,2238111
marRp,5.0,16,2,ACCCCCGGGGCACATCACCA,14,2238085
marRp,8.666666666666666,27,2,ACCAACGTCCATACCGACCC,25,2252898
marRp,6.666666666666667,21,2,ACATCGAGCACTAAGGCATA,19,2247468
marRp,32.0,97,2,ACATCCGGGCCTATTGGCCG,95,2254523
marRp,8.333333333333334,26,2,ACAGTTTCATGATCAGGATT,24,2245757
marRp,11.333333333333334,35,2,ACACTGTACAAACTCCTGAT,33,2246782
marRp,7.666666666666667,24,2,AATTAACGTTCCCCCTGGGG,22,2250082
marRp,0.6666666666666666,3,2,AATGCCTTCTGAGGCGTGGC,1,2241035
marRp,5.0,16,2,AAGTTGGCCCCGGTGAAATG,14,2221364
marRp,3.6666666666666665,12,2,AAGCTTTTGCGTCCGTAGCG,10,2234218
marRp,10.333333333333334,32,2,AAGCGTATGTCATTCATGGT,30,2235442
marRp,6.666666666666667,21,2,AAGACAATAAGATACTTGCC,19,2258893
marRp,5.0,16,2,AACTAGGCAACCTCCCAAAT,14,2248955
marRp,5.0,16,2,AACTACGGGGCTAACGGAAA,14,2234652
marRp,10.666666666666666,33,2,AACGAAAATAAATAGGACCT,31,2246867
marRp,6.0,19,2,AAATGCATGACGATAAACGA,17,2237516
marRp,11.0,34,2,AAAGTAGCTATCGACTAAGT,32,2252771
marRp,7.0,22,2,AAAGATACACCAGCAACGGG,20,2225813
marRp,12.666666666666666,39,2,AAACCCTTGATGCGTTCCAT,37,2248016
marRp,0.6666666666666666,3,2,AAACCCACGGACCAAGCCCA,1,2249879
marRp,9.666666666666666,30,2,AAAAGAGCTTAAACAGCTGG,28,2239662
marRp,1.3333333333333333,5,2,AAAAAAGCAGGTCAGGTAGA,3,2236010
marRp,4.5,9,1,TTTTCTCAGAAGGACAGCTT,8,2244241
marRp,15.5,31,1,TTTTCGTATTAGTATTCCAT,30,2245067
marRp,14.0,28,1,TTTGTGACCGGGTTGGTTCT,27,2238550
marRp,24.0,48,1,TTTCTCCGGACGATCACCGT,47,2250915
marRp,11.5,23,1,TTTCTCACTGAGGGAAGGTG,22,2256176
marRp,8.5,17,1,TTGTTCCGTTAACGCTAGAT,16,2245832
marRp,17.0,34,1,TTGTATACTCAACACAATGT,33,2242876
marRp,4.5,9,1,TTGCGCTGCGCTTTCCAGAT,8,2230580
marRp,15.5,31,1,TTCTTAAGGTAATTTCTGGG,30,2230470
marRp,10.5,21,1,TTCGAACAGAACCCTCCTCT,20,2225242
marRp,7.5,15,1,TTCCTCGCCCGACTCATTAC,14,2251792
marRp,24.5,49,1,TTCCATGTATCAGTCAATGA,48,2229633
marRp,18.5,37,1,TTCACGACGGTCGTCCGTAT,36,2252903
marRp,12.0,24,1,TTATTCAAGATGTCGTCTCT,23,2258634
marRp,2.5,5,1,TTAGAGGCCTACCTCCCGAA,4,2230139
marRp,2.0,4,1,TTACTTAGGCAAACCGCCTA,3,2252483
marRp,6.5,13,1,TTACTGAGTATTTATCAATT,12,2235009
marRp,9.5,19,1,TTACTAGGAACAACGAAGTT,18,2249508
marRp,13.0,26,1,TTAAGTGTGACTGAATGTGA,25,2246966
marRp,10.5,21,1,TTAAGCTTCGATGCCACTAT,20,2255056
marRp,25.5,51,1,TTAAAAGATCCACTGTACAT,50,2249736
marRp,10.5,21,1,TGTTTCATCGTTTCCGATGT,20,2234023
marRp,10.0,20,1,TGTTGGTACTGGTATCTGAG,19,2230110
marRp,6.5,13,1,TGTTATCCTGCCCAAAAGGA,12,2222164
marRp,9.0,18,1,TGTTAGTATATAAAATGTCT,17,2243629
marRp,10.0,20,1,TGTGCGGCGTTATCCAATTT,19,2260793
marRp,5.5,11,1,TGTCGATTGTAATGGGCGAC,10,2253034
marRp,7.5,15,1,TGTCCAACATGCTTCCCATT,14,2221166
marRp,8.0,16,1,TGTAATAGGATAGCCGTATT,15,2231332
marRp,13.5,27,1,TGTAAAGCACCTACGCCTAT,26,2261079
marRp,19.0,38,1,TGGTATTTCTTAAGATCCCT,37,2249723
marRp,1.0,2,1,TGGGTGTCGTGATTTTTAGG,1,2235773
marRp,1.0,2,1,TGGCGCTTCTTGATTCCCCC,1,2241389
marRp,7.5,15,1,TGGCGCGACAGCTCTCATAC,14,2227867
marRp,14.0,28,1,TGGCCGACTTTATCACGGTC,27,2226681
marRp,4.0,8,1,TGCGGCCGCGCATAGCGCGA,7,2219930
marRp,14.5,29,1,TGCCAAATCCGCCGTTCTTC,28,2227881
marRp,3.5,7,1,TGATAGTCAATCCTAATCGT,6,2237749
marRp,20.0,40,1,TGAGTCTGTTAAGACGATAT,39,2248590
marRp,21.0,42,1,TGAGTCGCCCGAATATTAAC,41,2258287
marRp,9.5,19,1,TGAGGCGAGAGGGTGCGCGA,18,2218020
marRp,1.0,2,1,TGAGCGGTGCTTCGCTTCCT,1,2238668
marRp,11.5,23,1,TGAAGTTGTCATGGGAACTC,22,2256334
marRp,13.0,26,1,TCTTTGGGCGGTAGCAGGTT,25,2230730
marRp,13.5,27,1,TCTTCGGTCAACAACTCGGC,26,2222270
marRp,36.0,72,1,TCTATCGCAGTCCTTTTCTT,71,2242344
marRp,10.0,20,1,TCTATAGCTGTCATAGATAT,19,2234954
marRp,1.5,3,1,TCTATAGCGCTGGACTGATC,2,2236975
marRp,5.0,10,1,TCTAGGTCCATATGAAACAT,9,2242194
marRp,1.0,2,1,TCTACAGCGATTGTTGTGGG,1,2248485
marRp,6.5,13,1,TCGGTCGGTTTCTAGATATC,12,2238693
marRp,10.5,21,1,TCGACGTAACAGCTAAGTCC,20,2245360
marRp,10.0,20,1,TCCGCTCCCGGGCTTTCAAA,19,2251688
marRp,5.5,11,1,TCCGCATGCCCAGCCCTATA,10,2247695
marRp,17.0,34,1,TCAGTTGCGAAAGCTGTTAG,33,2248233
marRp,12.0,24,1,TCACTAATTCTCGACGTTCA,23,2256743
marRp,10.0,20,1,TATCGATGCACTCAGACCTA,19,2234717
marRp,3.0,6,1,TATACCCGGTTAGGGTTACC,5,2255206
marRp,3.5,7,1,TAGGGTAACAATCGATATGG,6,2240919
marRp,18.5,37,1,TAGCAGGATAACTGCGGTGA,36,2231385
marRp,6.5,13,1,TAGACCTAGATTTGCACCTG,12,2220723
marRp,8.5,17,1,TACTCGTGGAAGAAAGAGCG,16,2219281
marRp,6.0,12,1,TACCGATATTAGGTGGGTGG,11,2228241
marRp,12.0,24,1,TAATCAAGACTGAGATGGGA,23,2222237
marRp,7.0,14,1,TAAGTTACCGCTAGTGATAA,13,2240777
marRp,11.0,22,1,TAAGCATAAGCAATCAGCAA,21,2236426
marRp,12.0,24,1,TAAAGCACTCAGAGCGCATA,23,2235695
marRp,12.0,24,1,GTTTGAGTCCGTTGTCGTGT,23,2243989
marRp,15.5,31,1,GTTTCCATGTAGCTTAGTGA,30,2240453
marRp,6.5,13,1,GTTTAATGGCTATAGTTAAT,12,2254977
marRp,33.0,66,1,GTTGTAGCTAATATTAACGC,65,2241098
marRp,40.5,81,1,GTTGGGGCAGACATGGTGGT,80,2236864
marRp,9.0,18,1,GTTCTATAGGCTGGTATAAT,17,2250837
marRp,11.0,22,1,GTTCGGAGGACTGTCAAAGG,21,2238509
marRp,26.5,53,1,GTTATGTTTTTAATTACAGA,52,2260334
marRp,4.0,8,1,GTTACGGTCAAGATGGTAAA,7,2246278
marRp,9.5,19,1,GTTAAAGGTTTCCGTACAGT,18,2228165
marRp,8.0,16,1,GTGTTTATCCTGACTCCGCA,15,2249454
marRp,15.5,31,1,GTGCGAATCAGATCCGTCTA,30,2259884
marRp,12.0,24,1,GTGAGAGCTTCGGTGGCGGA,23,2254505
marRp,12.0,24,1,GTGACAGACCTTAATAATGG,23,2256424
marRp,17.5,35,1,GTCGCAGACGAACTGTCCCC,34,2224787
marRp,25.0,50,1,GTCCACAATTCCGGGCAAAC,49,2233742
marRp,8.0,16,1,GTAGGGATGATCGACGAGAT,15,2239496
marRp,18.0,36,1,GTAGATCGTTCCACCACGTG,35,2233037
marRp,58.5,117,1,GTACGAAGTGCGTACCTTAA,116,2238929
marRp,3.5,7,1,GTAATAGAACAGGTCTCGCG,6,2243727
marRp,10.5,21,1,GTAACCCGACTAGAGGTTAC,20,2228527
marRp,1.0,2,1,GTAACAATGGAGGAGGGACA,1,2242902
marRp,1.0,2,1,GGTTTATGTCATAAATTAAA,1,2249005
marRp,17.0,34,1,GGTCAAGGACATTTATAGGT,33,2226358
marRp,19.0,38,1,GGTATATACCGGATTACCAG,37,2223139
marRp,8.0,16,1,GGTAGGCTCACCTTTCTCAA,15,2224677
marRp,2.5,5,1,GGGTATAGCTGACGTGGGCC,4,2231019
marRp,37.5,75,1,GGGGTCACGACAATCACTCC,74,2234344
marRp,17.5,35,1,GGGGAGCTCCTCGCAGCGAT,34,2225931
marRp,10.5,21,1,GGGATAACGGGGAGACCCGT,20,2248812
marRp,9.5,19,1,GGGAGGACATATCTACTCCA,18,2221707
marRp,12.0,24,1,GGGAGACAGACCTCGACTCT,23,2245796
marRp,16.5,33,1,GGCTTCCAGTGCCTAGCGGG,32,2243718
marRp,19.0,38,1,GGCCGCTTCTTAGCAGTGGT,37,2251224
marRp,5.0,10,1,GGCCGCGTAGGGGAGCCTTA,9,2248979
marRp,1.0,2,1,GGCCCGCAATCAGTGGACTA,1,2236805
marRp,5.0,10,1,GGCCCCCATAGTGCGCAAGT,9,2259931
marRp,12.5,25,1,GGCAAGTGGCGTTGAGGGGT,24,2220709
marRp,9.0,18,1,GGATGTAAGGCCCGCTGGTA,17,2246742
marRp,1.0,2,1,GGATCCAAATTGTGGCCATC,1,2240448
marRp,26.5,53,1,GGACATCAGCGCCGCGCTTA,52,2229389
marRp,1.0,2,1,GGACAGCCCCAGAGAGTTAA,1,2234546
marRp,10.5,21,1,GCTTCACAAATGCATGTTCT,20,2227307
marRp,12.0,24,1,GCTGTCGTGGAATCAACCGC,23,2219829
marRp,13.0,26,1,GCTGGCCTAACGCAGATCTC,25,2241828
marRp,8.5,17,1,GCTGCTGGAATTTGGTTAAT,16,2257475
marRp,5.5,11,1,GCTGCGCCCTGGTTCCTGTT,10,2231877
marRp,5.0,10,1,GCTGATACATTTATAACAAA,9,2245694
marRp,11.0,22,1,GCTACCCAACAACTCGCGGA,21,2240988
marRp,10.0,20,1,GCGGCAACGTAAGTTAGTCG,19,2237966
marRp,1.0,2,1,GCGCTTTCAATTTCTTAACT,1,2245984
marRp,9.0,18,1,GCGCGCGGCGATGTGATTCT,17,2246617
marRp,8.5,17,1,GCGCGACGCTAACTCGTCTT,16,2250127
marRp,21.5,43,1,GCGCAGATAAAATCATCCCT,42,2238168
marRp,3.0,6,1,GCGCACTACGCCGGGCGGCT,5,2257223
marRp,21.5,43,1,GCGAATCGTTCACTAGTCAC,42,2223551
marRp,9.0,18,1,GCCCCGGTGCCGTCTATTAA,17,2260633
marRp,7.5,15,1,GCATCACTAGCAGGCCAATG,14,2246109
marRp,1.0,2,1,GCACCCTCGCTAGTGTAAGT,1,2234270
marRp,7.5,15,1,GCACACCCTGATATACCCGT,14,2240704
marRp,16.0,32,1,GCAATGGGGGATTGAAACGT,31,2218745
marRp,10.5,21,1,GATTAAACTCTGCGTAACAC,20,2243420
marRp,13.0,26,1,GATGGTCGGTCCAGTCTATT,25,2253157
marRp,9.5,19,1,GATCTCGCCGGTACTCCTGT,18,2229484
marRp,1.0,2,1,GATCGCTGGCAGCATCGCAA,1,2236003
marRp,2.0,4,1,GATCCTCGATCGGCAGTTCG,3,2252777
marRp,9.5,19,1,GATCCCACGGTAAACCTAAG,18,2226454
marRp,11.5,23,1,GAGTTGCAAGATCGCGTAGG,22,2255531
marRp,10.5,21,1,GAGTAGAAACCCGATCAGGA,20,2225662
marRp,3.5,7,1,GAGTACGAAGTAAAAGGGGA,6,2248054
marRp,1.0,2,1,GAGGCATGGACAATATCTCG,1,2250114
marRp,8.5,17,1,GAGGAGGGAAACTTCACACC,16,2229466
marRp,14.5,29,1,GAGCTGGTTTATGGATCGGT,28,2258741
marRp,3.0,6,1,GAGCTCTCTAACCCGTTTCC,5,2251786
marRp,1.5,3,1,GAGCATCTTGTAAGCTCTGA,2,2220246
marRp,9.0,18,1,GAGAGATACCTCTTCGAAGG,17,2236327
marRp,1.0,2,1,GAGAAAGTGATTGTGCATGT,1,2248230
marRp,7.5,15,1,GACTGCCGTGCTTGATCCAA,14,2250169
marRp,13.0,26,1,GACGGCAGCTTTTTAGGCGC,25,2219010
marRp,6.0,12,1,GACCACGCAACCGACATAGA,11,2258630
marRp,17.5,35,1,GACAGGCACTGGCTACGTGT,34,2235098
marRp,10.0,20,1,GACAGCACCCAGTCAAGTTG,19,2224239
marRp,10.0,20,1,GACAAGATCTCCATGAGAAG,19,2234781
marRp,20.0,40,1,GAATGGAAATACTAGCAAAA,39,2236304
marRp,6.0,12,1,GAACGCATAGGCGTAAGCGC,11,2234987
marRp,9.5,19,1,GAAATTATGTGCCTTAAGCT,18,2237394
marRp,4.5,9,1,CTTTAGAAGAAGGCACAGTC,8,2247055
marRp,13.0,26,1,CTGTTGAGGGTGGAAGAAGG,25,2228524
marRp,10.5,21,1,CTGTCCCACTTGCGGAGGAG,20,2229974
marRp,68.5,137,1,CTGGTTAGATATGCGGGCAT,136,2219032
marRp,1.0,2,1,CTGGGCCACATGCAGGACGG,1,2228705
marRp,11.5,23,1,CTGGCATCCAGCGTTACGCT,22,2237774
marRp,16.0,32,1,CTGCTCAGCCTAGCCCGCCG,31,2251178
marRp,7.0,14,1,CTGCGCTGTAAATTAATTAA,13,2245718
marRp,5.5,11,1,CTGATGAAGTTCAAGAGCCT,10,2233066
marRp,4.5,9,1,CTCGGAGTTCTGTTCCTGGA,8,2237465
marRp,5.0,10,1,CTCCCTTTTGTCTCCTATGC,9,2257854
marRp,3.0,6,1,CTATTAAAGTGGTCATGGCA,5,2229215
marRp,13.0,26,1,CTATAGTGTGCCCAAGCTTT,25,2246074
marRp,12.0,24,1,CTAGTAAACAGAAAGACCTA,23,2237475
marRp,11.5,23,1,CTACCATTCGTATCTTAGAA,22,2235676
marRp,12.5,25,1,CTAATGTTGTTGACTAGGAT,24,2237452
marRp,4.0,8,1,CTAATGAGAGCAATCCGACT,7,2259757
marRp,15.0,30,1,CTAACCCCCTGAATTATCCA,29,2219113
marRp,1.5,3,1,CTAAACGTAGGGCAAGCTGG,2,2255309
marRp,14.0,28,1,CGTTGTTCCGTTTCCGCGGA,27,2252045
marRp,1.0,2,1,CGTTGCTGAATAGGGGAATT,1,2257193
marRp,3.5,7,1,CGTGTTTGGCCGGTTGGGAT,6,2234727
marRp,10.5,21,1,CGTGTGCTAATTAGTACGGT,20,2229600
marRp,19.5,39,1,CGTGACCGGTATTCCTGGAC,38,2237461
marRp,2.0,4,1,CGTGACCGCCCGGAGGAGAT,3,2256885
marRp,11.5,23,1,CGTCCTACCCAGAACCCTCT,22,2223584
marRp,7.5,15,1,CGTCCGGGGACCGTATTATA,14,2236020
marRp,9.5,19,1,CGTCAGTGATCGTGGTCTTT,18,2227657
marRp,2.5,5,1,CGTACGTCAGGCTGAAAATT,4,2219077
marRp,1.5,3,1,CGGTCGCGGTCGGCCGCTAC,2,2241449
marRp,19.5,39,1,CGGTATACGGAGCAATAGTG,38,2228424
marRp,5.0,10,1,CGGGACGACGTGTCTGTCGT,9,2259491
marRp,3.5,7,1,CGGCCTTATTCTCCATTCTT,6,2218189
marRp,11.0,22,1,CGGCACCTGGACTCCCACAA,21,2244263
marRp,17.0,34,1,CGGACCTCTACGAAGCGCCC,33,2258849
marRp,15.5,31,1,CGCTCAGCCAGTTCAGAGGC,30,2236357
marRp,14.5,29,1,CGCTATCAAGGTGCCCGATA,28,2234550
marRp,15.5,31,1,CGCTAGGTGCCCCCGTGGAT,30,2254075
marRp,15.0,30,1,CGCTACACGTTAGGGACTGC,29,2242797
marRp,8.0,16,1,CGCTAAAAATGGTGCCTGAT,15,2254982
marRp,3.0,6,1,CGCGGGCAATGCGGGAATGG,5,2242356
marRp,5.5,11,1,CGCCTGACGGGATATATAAC,10,2240891
marRp,13.5,27,1,CGATTTGCACAGCCCCCCGG,26,2235334
marRp,13.5,27,1,CGAGATATGTGATGTGCAAC,26,2226065
marRp,3.0,6,1,CGACTCGGGCGGTATTTCTC,5,2228252
marRp,16.5,33,1,CGACCCGATGCTGCGGCTGT,32,2253323
marRp,11.5,23,1,CGAATTGGCCACGTTTTGAT,22,2252200
marRp,10.5,21,1,CGAAGATATATCCGCGGTGT,20,2220547
marRp,38.0,76,1,CCTTGTAGGAGTTATGCAAA,75,2254521
marRp,10.0,20,1,CCTTGAATTAATGGTGAGAC,19,2240003
marRp,12.0,24,1,CCTTCAAGGGCGTTTTTTTT,23,2242189
marRp,11.0,22,1,CCTGGGAGCCTGGGAAGGTT,21,2221267
marRp,9.5,19,1,CCTCCACTTCTCATTCAGGG,18,2248678
marRp,8.5,17,1,CCGGACGGGGAACAGCCACC,16,2221959
marRp,31.5,63,1,CCGCTACTTATTCGTTCCCT,62,2251704
marRp,3.5,7,1,CCGACTTCTTCAAATAAAGA,6,2223258
marRp,16.0,32,1,CCGACCGTCTCGTGTAGTAA,31,2236127
marRp,13.5,27,1,CCCGTTTTTGATTAACTGGT,26,2231931
marRp,4.5,9,1,CCCGGGTTCAAACATATCGG,8,2260011
marRp,11.0,22,1,CCCCAAGCGCTTAAATCGAA,21,2238308
marRp,1.0,2,1,CCCATCCTACACTCCCGACT,1,2238115
marRp,1.0,2,1,CCATTATGTATGATAGGCCT,1,2236279
marRp,2.5,5,1,CCATCATTCCAAACCAGACA,4,2246258
marRp,15.0,30,1,CCATATTTGAAATGTTTCTT,29,2248095
marRp,16.5,33,1,CCAGTTGGGGGGCAGTCCGG,32,2256703
marRp,2.5,5,1,CCAGGTGTACAACGATATAT,4,2247881
marRp,21.0,42,1,CCAGCGCGAGGCGTTCCGAA,41,2246708
marRp,14.0,28,1,CCAGCCAAAGACATCTGTCG,27,2237457
marRp,8.0,16,1,CCACGACCCTACAGATATCT,15,2250749
marRp,17.0,34,1,CCAAGTGGACGCGGTGAGGA,33,2258405
marRp,13.5,27,1,CCAACGATGTTCTGAACTGA,26,2251250
marRp,9.0,18,1,CATTTGGGCCTCACAGCCAA,17,2225782
marRp,7.0,14,1,CATTCCGCGTAAATTCCTAT,13,2232055
marRp,13.5,27,1,CATTCACATAAAGATTGTCT,26,2231228
marRp,10.0,20,1,CATGGTTTACTCATCTAGGT,19,2226830
marRp,4.0,8,1,CATGCCGTATGCATCAGTGT,7,2223982
marRp,9.0,18,1,CATGCAGGGCAACCCGCAGT,17,2235296
marRp,6.0,12,1,CAGTTTGATGAGCACCGTCC,11,2224355
marRp,22.5,45,1,CAGTAGTGAGCAAACGGCGG,44,2244972
marRp,7.0,14,1,CAGGCTTCTGGCTTATATGT,13,2231491
marRp,17.0,34,1,CAGGCAGTCTAGCGCCGCGT,33,2244412
marRp,5.0,10,1,CAGGAATGTCCCGAATCGTT,9,2250213
marRp,6.5,13,1,CAGCAGAACCTGTCACTTGC,12,2251675
marRp,1.0,2,1,CAGATCCCGGACTGAGTGTA,1,2242957
marRp,21.0,42,1,CAGAGTTACGACGCACGTTA,41,2242547
marRp,6.0,12,1,CACTAGACCCGTTGCCGCCC,11,2244067
marRp,8.0,16,1,CACGGTTTCATCAGACGTTA,15,2255758
marRp,7.5,15,1,CACGGTAAGGTGCGTCCTGT,14,2254525
marRp,21.0,42,1,CACGGCGCTCTAACCTTGAA,41,2244836
marRp,3.0,6,1,CACGCCTCAGGCGAAATATT,5,2222103
marRp,1.5,3,1,CACGCCAACTTCCTCTCGTA,2,2247649
marRp,1.0,2,1,CACCTCGTTTGTTTTATGCA,1,2243489
marRp,5.0,10,1,CACCTCATGATCCAGGAAAC,9,2246577
marRp,12.0,24,1,CACACTCACTTCTATTTAGT,23,2259594
marRp,3.5,7,1,CAATTGGAAGAGGCAGAGCA,6,2245062
marRp,18.5,37,1,CAAGAGCATGCTGGGCTTTA,36,2227850
marRp,14.0,28,1,CAACTTTTGAGGACTCACGA,27,2226826
marRp,8.5,17,1,CAAATGTTCCGTACGCGTAG,16,2229014
marRp,5.0,10,1,CAAATAACGTCACCGAACTG,9,2238114
marRp,3.0,6,1,ATTTGTGTCAGTGCGAGCGC,5,2242413
marRp,13.0,26,1,ATTTAAATGCACCCACTGTT,25,2258710
marRp,20.0,40,1,ATTGTGTTAACACTGAATTG,39,2251064
marRp,9.0,18,1,ATTCTTCGATCATAGCATAC,17,2242596
marRp,8.5,17,1,ATTCTATTGCCTATAAAACT,16,2221800
marRp,6.5,13,1,ATGTTAATGAGGGGAACCAA,12,2240899
marRp,14.0,28,1,ATGTACTGGTTCTCGCGAGC,27,2223131
marRp,20.0,40,1,ATGTACATTTCGTCGGTTGA,39,2239491
marRp,3.0,6,1,ATGCTTGTCTCTCTGGCATA,5,2253752
marRp,19.5,39,1,ATGCTCGACCCTTCGGCAAG,38,2250866
marRp,28.0,56,1,ATGCGCGTTAGGCAATTCTA,55,2223269
marRp,8.5,17,1,ATGCCTTGGTTATACGATCA,16,2245566
marRp,13.0,26,1,ATGCCTGTCTCGAAGTAGTC,25,2243136
marRp,1.0,2,1,ATGCCTGATCGGGCACCGTC,1,2251545
marRp,1.0,2,1,ATGCCAAAGTCAACACTACT,1,2250023
marRp,19.0,38,1,ATGACGACTAGCGTACTGAC,37,2222372
marRp,13.0,26,1,ATGAACGCTCTATCTCAGAG,25,2234560
marRp,8.5,17,1,ATGAAAGTACCTGCCCTCTA,16,2222957
marRp,7.0,14,1,ATGAAACTCTCACGAGCGCG,13,2247090
marRp,3.5,7,1,ATCTTTTGGGTCGTTTAAGA,6,2245666
marRp,5.5,11,1,ATCGGGCACCTGTGAAAGAG,10,2245689
marRp,49.5,99,1,ATCGGATCAGGAAGTTCCGC,98,2240456
marRp,12.0,24,1,ATCGCGGTTCCTAGGGTGGA,23,2235075
marRp,52.5,105,1,ATCGCAACTATACCAGAGAA,104,2232185
marRp,17.5,35,1,ATCCGGTGCCAGTGGACAGC,34,2223073
marRp,5.0,10,1,ATAGTGGCGAGCCTAAAGAA,9,2252244
marRp,15.0,30,1,ATAGGCTCCCCCATGGGAAT,29,2246252
marRp,8.5,17,1,ATACCCAGCTCGTAGCTAAC,16,2218785
marRp,14.0,28,1,ATAATGGTAAGGGCATCTTA,27,2243126
marRp,7.0,14,1,ATAAGTTATGATGGCTTACG,13,2227106
marRp,1.0,2,1,AGTTCAGACTCCTCGTTTTT,1,2256955
marRp,5.5,11,1,AGTGTCCGTTCCTAAAAAAG,10,2228197
marRp,8.5,17,1,AGTCTCCACCGACCGGGTTT,16,2241416
marRp,39.5,79,1,AGTCGAAAGTCAGGGCTGCG,78,2228084
marRp,2.5,5,1,AGTCATTATAGGAGGGGATA,4,2260519
marRp,3.0,6,1,AGTCAGCAACGTACAGTCAT,5,2222763
marRp,14.5,29,1,AGTACGGCGCGCGCAGAATA,28,2253109
marRp,1.0,2,1,AGGGGTATACCTCGCTCCAA,1,2232539
marRp,1.0,2,1,AGGGAGTCCGTATTGCTGGT,1,2230762
marRp,6.0,12,1,AGCTCCGTGCAATCCGAATA,11,2220101
marRp,14.0,28,1,AGCGATCTTGGTTTCCAATA,27,2243595
marRp,19.0,38,1,AGCCCCCTGCCAAGTTGTCT,37,2235470
marRp,11.0,22,1,AGCCCATCGATCGTATAATA,21,2243452
marRp,7.5,15,1,AGAGGGGGGACGTTGTCCAT,14,2258982
marRp,12.5,25,1,AGAGGGGAGCTATTATCACG,24,2233229
marRp,15.0,30,1,AGACGGGGGACTAGCAATAT,29,2219679
marRp,6.5,13,1,AGACCCCTTCCTCATTAGTG,12,2244443
marRp,6.5,13,1,AGACATCTGCCGTTTACACA,12,2220165
marRp,1.0,2,1,AGAAGGGGGGATCGTAGAGT,1,2252853
marRp,16.5,33,1,ACTTGATGACTTTGGGCTAT,32,2234755
marRp,1.0,2,1,ACTGTGAACACGGGCATGCC,1,2253352
marRp,1.0,2,1,ACTGTCATTCAATCGCATCC,1,2246637
marRp,7.0,14,1,ACTGCAGTAGAGGGGTTAGT,13,2218669
marRp,11.5,23,1,ACTCGGGGACCGGTCCGGTG,22,2222072
marRp,1.0,2,1,ACTCGGGGAACATCAGTCTT,1,2228918
marRp,4.0,8,1,ACTCAGGATTAAGCGGCGGG,7,2220204
marRp,18.5,37,1,ACGGTTACCGCAGCCGGCCC,36,2249483
marRp,20.5,41,1,ACGGCTTAGCAAGAAGCCCA,40,2251713
marRp,12.5,25,1,ACGGAGGTACCTTTATCGTG,24,2226832
marRp,1.0,2,1,ACGCCGAGATCCTGAGAAGA,1,2228137
marRp,1.5,3,1,ACGCCCTCACGTACAAGTAA,2,2247592
marRp,4.0,8,1,ACGAGCGTGAAACTCGATAG,7,2234366
marRp,1.0,2,1,ACCTTGTATATTAACATCAC,1,2219925
marRp,1.0,2,1,ACCGCCACCTAGGCACCTAT,1,2242338
marRp,1.0,2,1,ACCGAAGGCTACATATCTTC,1,2240769
marRp,9.0,18,1,ACCATTGTTGAGCGTGGTCG,17,2222275
marRp,28.5,57,1,ACATTACAGGATCCACAAAT,56,2226195
marRp,17.5,35,1,ACATGGATCAATTCGCCAAT,34,2240690
marRp,6.5,13,1,ACAGACAATTCATAGTGGCT,12,2224009
marRp,9.5,19,1,ACAATCCTGTCCCCGCACCG,18,2249150
marRp,4.5,9,1,AATTAACTTGTAAGTCTAGC,8,2234207
marRp,11.0,22,1,AATGTAGAGTAACAGTTCAG,21,2221880
marRp,9.5,19,1,AATGGAGTGTCCTGTACGAT,18,2231268
marRp,3.5,7,1,AATGAGTTGTCAAGCGCTCC,6,2221589
marRp,5.0,10,1,AATAGCCGTCCAATGAGACG,9,2243868
marRp,11.0,22,1,AATACTGTCTGCCACGCGTC,21,2218645
marRp,9.0,18,1,AAGTACACGATGCGGCATGT,17,2258224
marRp,8.0,16,1,AAGGGGTAGATAGTTTGTTG,15,2228236
marRp,12.5,25,1,AAGGCCTTTTATGAACTCAT,24,2250425
marRp,14.0,28,1,AAGCGGTTCAAGTTGGAGGA,27,2231958
marRp,8.0,16,1,AAGCGGCGCGGCGTCCACTC,15,2256689
marRp,7.0,14,1,AAGCGGCAGTACTGGGGGAG,13,2250160
marRp,2.0,4,1,AAGCCCGACCTGTTTGAAAA,3,2231936
marRp,4.5,9,1,AAGAGGCGCTGCTTGTACCG,8,2252680
marRp,7.5,15,1,AAGACGAGAATGCACTTACA,14,2218072
marRp,15.0,30,1,AAGACACACCAGTCCAGGGG,29,2236234
marRp,8.0,16,1,AACTACGTCTCATATTTCCC,15,2256165
marRp,8.0,16,1,AACTACGTACGGATCAAATC,15,2247480
marRp,11.5,23,1,AACCTTATACCGTACCCGGC,22,2234744
marRp,5.0,10,1,AAATTGGCTCTGCACGAGTG,9,2226575
marRp,4.0,8,1,AAATCTAGAAGATTGTCTGC,7,2256342
marRp,14.0,28,1,AAAGGTACCTGCGACTTCTC,27,2259695
marRp,0.015384615384615385,64,64,TGTGAGTCACATCGAGGTTA,0,2236322
marRp,0.017241379310344827,57,57,TAGATTGCGTCTACGAATGG,0,2242077
marRp,0.02040816326530612,48,48,GGGATACTTTGGTCGTGTTT,0,2253316
marRp,0.022727272727272728,43,43,GTTCTAACAGGGGTCTGATA,0,2226199
marRp,0.024390243902439025,40,40,CGGTCGGCCCCACAGTTCGA,0,2219687
marRp,0.025,39,39,TCGTTGGCACGCGGTTATTA,0,2237410
marRp,0.02631578947368421,37,37,TGCCCCTAACGCTGATCTCC,0,2235902
marRp,0.02631578947368421,37,37,AGCGAGCGGGCATTAACCGG,0,2258344
marRp,0.027777777777777776,35,35,CAGGGTCGATGTCAAGAAAT,0,2243726
marRp,0.027777777777777776,35,35,ACCCGAGCAATACCGCAGAT,0,2229840
marRp,0.02857142857142857,34,34,TTCGGCGACCGCGACAGAAT,0,2249558
marRp,0.02857142857142857,34,34,TAGGTTAATACGTCCTTCAA,0,2244317
marRp,0.02857142857142857,34,34,GCGGAATTGTCCCTGAATGG,0,2239952
marRp,0.02857142857142857,34,34,CTTAGACTAGGGCCAATGCA,0,2236747
marRp,0.02857142857142857,34,34,CTTACGTGAGTCCTTTACTG,0,2240727
marRp,0.029411764705882353,33,33,TATCAGATTAAAACACGATG,0,2219071
marRp,0.029411764705882353,33,33,GTACGAATAACCGATGGCCT,0,2227173
marRp,0.029411764705882353,33,33,CTTGGATTTCTCATAGGGCT,0,2235538
marRp,0.029411764705882353,33,33,CTCAGGGGCCGGAAACTTAC,0,2242897
marRp,0.029411764705882353,33,33,CCAATCCGCTACCTCAATTG,0,2218929
marRp,0.029411764705882353,33,33,CATCCGATCGTTGTTCCTCG,0,2246237
marRp,0.03125,31,31,GCCTGTGCATAAAGGGCCAT,0,2222083
marRp,0.03125,31,31,CGCGAGGCATTTGGCATATG,0,2226771
marRp,0.03125,31,31,CGACAGATTGATGTTGGCAT,0,2244739
marRp,0.03125,31,31,CAGCGATAGAGCTCTTCAGA,0,2220405
marRp,0.03125,31,31,ACCGTTACTTGTGTAATATC,0,2235620
marRp,0.03225806451612903,30,30,TGCCAAGGTACTAATGGTCA,0,2234818
marRp,0.03225806451612903,30,30,TAAAGTAAACCCTAACGGCT,0,2247326
marRp,0.03225806451612903,30,30,GTACTTTAGCTGATTTCGCT,0,2218625
marRp,0.03225806451612903,30,30,GATTCACAGGAGATTGCTCA,0,2218175
marRp,0.03225806451612903,30,30,GAGGCTTCTGCGTAGCAGTA,0,2218756
marRp,0.03225806451612903,30,30,CTCGGTATAGCAGTTGTGAT,0,2241170
marRp,0.03225806451612903,30,30,CGGATGGAGGATCAGTGTCG,0,2239494
marRp,0.03225806451612903,30,30,CGCACGGCAGCTCGGGTTTA,0,2228317
marRp,0.03225806451612903,30,30,CCACGATACGCTTCACCCAA,0,2219477
marRp,0.03225806451612903,30,30,AGACAAATTAAAAGCGGGAA,0,2234147
marRp,0.03333333333333333,29,29,TCGCCTTTCGGCAGGAAGAG,0,2222536
marRp,0.03333333333333333,29,29,GGAAGACTTTGGCGATTCGG,0,2248877
marRp,0.03333333333333333,29,29,GCGGGCCTAGCGGATAGGTG,0,2222712
marRp,0.03333333333333333,29,29,CTTCCGCAGGAAGTTACTGC,0,2225729
marRp,0.03333333333333333,29,29,AGGCGAACTCATCCCGAGAT,0,2242306
marRp,0.03333333333333333,29,29,AGAAACTTCAGAATGAATAT,0,2238239
marRp,0.03333333333333333,29,29,ACTGAAACAAGTCTAGTAAA,0,2258156
marRp,0.03333333333333333,29,29,AACTTTGAATATCCGCCGTT,0,2222604
marRp,0.034482758620689655,28,28,GGGTGTACACAGTAGGATAC,0,2240369
marRp,0.034482758620689655,28,28,GCACTATTACCGCAGTCGAA,0,2224405
marRp,0.034482758620689655,28,28,CCAAGTTTGTCAGCGTAAAT,0,2227656
marRp,0.034482758620689655,28,28,ATGTGCACCAGGGATACATT,0,2245297
marRp,0.034482758620689655,28,28,AGGCCGGTTGGTGAAACTCA,0,2224899
marRp,0.03571428571428571,27,27,TTAACGATTAGCCTCAAGCC,0,2250849
marRp,0.03571428571428571,27,27,CGTTCACAGCGATGCTGGTC,0,2251172
marRp,0.03571428571428571,27,27,ACCGCTTATAGCCCACCCCG,0,2255680
marRp,0.037037037037037035,26,26,TTAGATCCGAGCGGGTTTTG,0,2223728
marRp,0.037037037037037035,26,26,TATGCGGAGCTTTCCGTTGA,0,2221395
marRp,0.037037037037037035,26,26,GGTGTGTCCATCCCGGCAAC,0,2218957
marRp,0.037037037037037035,26,26,CTTAGAAGACGACGAATAAT,0,2246234
marRp,0.037037037037037035,26,26,CTAGGGCAAGTTTGTAAAGA,0,2249544
marRp,0.037037037037037035,26,26,ATATAGGAGCCGTAATGCAT,0,2239553
marRp,0.038461538461538464,25,25,TTGGTGTACGTGCCCCTCAG,0,2248477
marRp,0.038461538461538464,25,25,TTCACTCTGGCAATAGTGCT,0,2231262
marRp,0.038461538461538464,25,25,TGACACTGATTTAATGAACA,0,2237925
marRp,0.038461538461538464,25,25,GTACGCGACAGACTCGGCTA,0,2225338
marRp,0.038461538461538464,25,25,GGTATTACTGCCTACGCCAT,0,2224275
marRp,0.038461538461538464,25,25,GGGTAGGCTCTAAATTGTCT,0,2226300
marRp,0.038461538461538464,25,25,GGCCAGGGCTCTCCATCTGA,0,2245587
marRp,0.038461538461538464,25,25,CTTAGGCCTCTGGGTCTTGT,0,2225773
marRp,0.038461538461538464,25,25,CTGGCTAGTTGCTGAAGTAT,0,2258508
marRp,0.038461538461538464,25,25,CTAGCGTGTCCACTGGGCTT,0,2228545
marRp,0.038461538461538464,25,25,CGGGATGGACTGCCTCTGAT,0,2234884
marRp,0.038461538461538464,25,25,ATTCATATACCTATGTCTAA,0,2230209
marRp,0.038461538461538464,25,25,ATCTAGGAGTTGGCGAGCCA,0,2227128
marRp,0.04,24,24,TCTACAGGTGCGTTTACATA,0,2246478
marRp,0.04,24,24,TCCGCGCAAATCAAGTGTTG,0,2259426
marRp,0.04,24,24,TCCGAAGGGCAGCTGCTAAT,0,2240903
marRp,0.04,24,24,TCAATGGTGGATTGACTCTT,0,2249117
marRp,0.04,24,24,TAATCAATCGTGATCTACGA,0,2229473
marRp,0.04,24,24,TAACGGGTGTCACCATTATC,0,2245732
marRp,0.04,24,24,GTTTGTCAGGTTGGCAGTCT,0,2219720
marRp,0.04,24,24,GTCCGCCCTGTTAGCTGGCC,0,2228378
marRp,0.04,24,24,GGCGTGCGGAACTTCCTCAG,0,2227695
marRp,0.04,24,24,CTGGGCTGACTCATAATCAA,0,2231071
marRp,0.04,24,24,CGGCTGCAGGGAATCAATCG,0,2231479
marRp,0.04,24,24,CAGCGTAGACGGTTGAAATG,0,2220789
marRp,0.04,24,24,CACTTCATCACTCAACTCCA,0,2228418
marRp,0.04,24,24,ACGGGCTGTTCTTATCTCAC,0,2255831
marRp,0.04,24,24,ACCGGCGCAACGGGGGACCT,0,2233885
marRp,0.04,24,24,AAACTTCTTGATCTCTGGAG,0,2234577
marRp,0.041666666666666664,23,23,TCGGTGCAGATATTCGTCCG,0,2257807
marRp,0.041666666666666664,23,23,TCGCAGTCGTGCGCAGAGTG,0,2232806
marRp,0.041666666666666664,23,23,TCATCGCCTGTACAATTTTT,0,2220178
marRp,0.041666666666666664,23,23,GTGGATCTGGGTGCGATCAA,0,2255030
marRp,0.041666666666666664,23,23,GGCTCAGAATACGTGATCCT,0,2218462
marRp,0.041666666666666664,23,23,GCGTGTTTGGCCAAAATGTT,0,2256499
marRp,0.041666666666666664,23,23,CTGCCTTCCTGGCGTTCTTA,0,2250015
marRp,0.041666666666666664,23,23,CTCCACTACATAGGATGTCT,0,2243340
marRp,0.041666666666666664,23,23,CGTCAGGACAAGGTTAACGA,0,2230287
marRp,0.041666666666666664,23,23,CGCTCAGTACTCATACATGG,0,2243212
marRp,0.041666666666666664,23,23,CCATCGGTGGGCGCTACTGA,0,2257075
marRp,0.041666666666666664,23,23,CAGAACTGCCGCCCGTGGAG,0,2227926
marRp,0.041666666666666664,23,23,CACCGCGGCGGACATCGGCA,0,2219320
marRp,0.041666666666666664,23,23,CAATTCGTGAACTAAGGGAA,0,2222194
marRp,0.041666666666666664,23,23,CAATGGAGATGCCGTTTCAT,0,2234642
marRp,0.041666666666666664,23,23,ATTAAGACTCTCTTAAAAAG,0,2233412
marRp,0.041666666666666664,23,23,AGCCTCCGGAATAGTCGTTA,0,2253837
marRp,0.041666666666666664,23,23,AAGTAGGCTCAGGGACCTCA,0,2218237
marRp,0.043478260869565216,22,22,TCGATCCGGCGCAGTGCGGG,0,2250771
marRp,0.043478260869565216,22,22,TCCATTTTTTGGCAGGAGTT,0,2240418
marRp,0.043478260869565216,22,22,TATTGGTTAACTTTGAGATA,0,2241340
marRp,0.043478260869565216,22,22,TAGGCGTAGTCCCGGAGCTA,0,2219856
marRp,0.043478260869565216,22,22,TAAACTGCTCTCTAAGTGCC,0,2233488
marRp,0.043478260869565216,22,22,GGCCCTGCATCTCTATGACC,0,2249886
marRp,0.043478260869565216,22,22,GCCGGGTGGCAAAATCAGTA,0,2223709
marRp,0.043478260869565216,22,22,GCCACAAAGTCAACGCAGGT,0,2250026
marRp,0.043478260869565216,22,22,GAGTTACTATTGGGCATAAG,0,2247071
marRp,0.043478260869565216,22,22,GAACGGTACTTGTAGTATTA,0,2223411
marRp,0.043478260869565216,22,22,CTGCCGGACGGATTCAGGTA,0,2230410
marRp,0.043478260869565216,22,22,CGGTAGAAACTTGGGACTCA,0,2227957
marRp,0.043478260869565216,22,22,CAGCCCCACCTTAAGTGGCT,0,2241722
marRp,0.043478260869565216,22,22,ATGCACTACTAGATCAATTC,0,2225024
marRp,0.043478260869565216,22,22,ACATAGACGTAGTGCGCATT,0,2238246
marRp,0.045454545454545456,21,21,TTACCCGGGAGACTGAGCGG,0,2252289
marRp,0.045454545454545456,21,21,TTAAACCCGTCGGACGGTAT,0,2241207
marRp,0.045454545454545456,21,21,TGGTAATTCGGCAGGAATGG,0,2246231
marRp,0.045454545454545456,21,21,TGCCAAAATGACCGGTCCTG,0,2234499
marRp,0.045454545454545456,21,21,TGAAACTAGATCATCACGTT,0,2242466
marRp,0.045454545454545456,21,21,TAGACGCCCATGCTAGTCCC,0,2246806
marRp,0.045454545454545456,21,21,GTCCGACTGGGAACATTATT,0,2247648
marRp,0.045454545454545456,21,21,GTCCACTTCCTTAAAACTGT,0,2259132
marRp,0.045454545454545456,21,21,GTACGCCTGGAGCTTATCAG,0,2221387
marRp,0.045454545454545456,21,21,GGTGGTTGCAACTAGACTTA,0,2236760
marRp,0.045454545454545456,21,21,GGTCAGCTCGGAGGTTACAA,0,2257121
marRp,0.045454545454545456,21,21,GGGCTTTGTTAATTTTTCTT,0,2255207
marRp,0.045454545454545456,21,21,GGCCGCTTGACCTATCTCAG,0,2237962
marRp,0.045454545454545456,21,21,GCTCAGGTAGAAACTGACAC,0,2232313
marRp,0.045454545454545456,21,21,GCGCTATATAACCTGCAGTG,0,2219688
marRp,0.045454545454545456,21,21,GCACTCATAGTAAACGGTAT,0,2219398
marRp,0.045454545454545456,21,21,GATTAAGTGGCAATATTCAC,0,2226299
marRp,0.045454545454545456,21,21,GACTCGCGGGGAGAGGCATC,0,2251392
marRp,0.045454545454545456,21,21,GAAGTCCGCAGAGGCTGAGA,0,2231724
marRp,0.045454545454545456,21,21,GAACATGCCTACTAGGTAAC,0,2218360
marRp,0.045454545454545456,21,21,CTTATAGTTATTAAAACTAT,0,2226286
marRp,0.045454545454545456,21,21,CTGCAATCGGTAACTTCAGA,0,2228361
marRp,0.045454545454545456,21,21,CCAGAGGGTTACCCTGACAA,0,2224993
marRp,0.045454545454545456,21,21,CATTTAAGCGGTCCTCATGG,0,2236365
marRp,0.045454545454545456,21,21,ATTGAAGGCAACAGCGTTCA,0,2250108
marRp,0.045454545454545456,21,21,AGCAATCAAGAGGCTGGGGA,0,2226334
marRp,0.045454545454545456,21,21,AGAGATGATTCATACCTTAT,0,2221840
marRp,0.045454545454545456,21,21,AGACGCAGCGTCTATCAAGA,0,2233039
marRp,0.045454545454545456,21,21,ACTTTACACGGATTTAAAGT,0,2242670
marRp,0.045454545454545456,21,21,ACGCTAAACTGCTCGCCAAC,0,2256025
marRp,0.045454545454545456,21,21,ACGCAGGCCGAAGCTTCGCT,0,2246077
marRp,0.045454545454545456,21,21,ACAGCGGGGATTCACGAAAG,0,2233824
marRp,0.045454545454545456,21,21,AAACCCGAGCTGGCGCAGAG,0,2239798
marRp,0.047619047619047616,20,20,TTTTATGATCTAATGGAAGT,0,2227780
marRp,0.047619047619047616,20,20,TGTCCTTGATAGATCAGCGG,0,2241837
marRp,0.047619047619047616,20,20,TGGGGAGACACAGGCTTTCT,0,2239187
marRp,0.047619047619047616,20,20,TGGAAATTTAACAGTTCCTG,0,2229241
marRp,0.047619047619047616,20,20,TCTAAACACACAATGAATCC,0,2241480
marRp,0.047619047619047616,20,20,TCGACCTTAACCAAAGAGTA,0,2232082
marRp,0.047619047619047616,20,20,TCCCGTCATGGTTGGTAGTA,0,2226622
marRp,0.047619047619047616,20,20,TACCGTTTACTTCGGCTCGT,0,2222676
marRp,0.047619047619047616,20,20,GTGACGTTGTGGTGAGAATA,0,2254146
marRp,0.047619047619047616,20,20,GCTGGTTGAAATCGCGCGAC,0,2235437
marRp,0.047619047619047616,20,20,GCCTCGCATAACCTGTTCCA,0,2233608
marRp,0.047619047619047616,20,20,GCACGTGATGTACTGAATTC,0,2226285
marRp,0.047619047619047616,20,20,GAGACCGCTTGGTAGATGTC,0,2232301
marRp,0.047619047619047616,20,20,CTTCGCTTTGTTTAGTGTAA,0,2249632
marRp,0.047619047619047616,20,20,CTCGGGGGAGCAGGAGAGCA,0,2252159
marRp,0.047619047619047616,20,20,CCCAGGTACTTGGTTGGCTT,0,2221359
marRp,0.047619047619047616,20,20,CACCCATAGTGGAACTCAAC,0,2246631
marRp,0.047619047619047616,20,20,ATCATTTCTACATGTCTATA,0,2231024
marRp,0.047619047619047616,20,20,AGGCGTAAACTTGATGGCCC,0,2220961
marRp,0.047619047619047616,20,20,AGACCAGGAACAGGGTATTA,0,2218112
marRp,0.047619047619047616,20,20,ACGGGGCCTGCTCGGACTGC,0,2222720
marRp,0.047619047619047616,20,20,ACGGCACTCTTCCCAATTCA,0,2237945
marRp,0.047619047619047616,20,20,ACATTGGTAGACCAAGTTTT,0,2250803
marRp,0.047619047619047616,20,20,ACATAGGATAACGCCTATGA,0,2227123
marRp,0.047619047619047616,20,20,AAGTTCAAAGATCGTCCTTA,0,2239018
marRp,0.047619047619047616,20,20,AACAACTGGAGAGCGAGGTT,0,2258959
marRp,0.047619047619047616,20,20,AAAAACGTGATTAATAGTTA,0,2220280
marRp,0.05,19,19,TTGCCGCTGTGGTTCCAAGT,0,2218467
marRp,0.05,19,19,TTCTCATCAGGAAACACGTC,0,2257240
marRp,0.05,19,19,TTCATGGCCTCGACCTGTAT,0,2227506
marRp,0.05,19,19,TTAGGACATGCCTCCAGTGA,0,2220480
marRp,0.05,19,19,TCGACTCTACCTAGCCCGGT,0,2221070
marRp,0.05,19,19,TATTATGCAACTCACGTTAG,0,2245395
marRp,0.05,19,19,TAGCAGCTTCGTCCAAACAC,0,2228415
marRp,0.05,19,19,GTGGCCCAGTCGGACTCTAA,0,2231567
marRp,0.05,19,19,GGTCGTGATGCACTCGTTTT,0,2227169
marRp,0.05,19,19,GGTATTGCCGGTCATCGATA,0,2221075
marRp,0.05,19,19,GGGCACTCAATTGAGCCGGT,0,2246526
marRp,0.05,19,19,GGGAACACTTCCGATCACTC,0,2221115
marRp,0.05,19,19,GCATTTGCTATTACGGTAAA,0,2233866
marRp,0.05,19,19,GCAAAGCTGTGCCCTCGATG,0,2244735
marRp,0.05,19,19,GACAGTCCAACACGCCAGCA,0,2240138
marRp,0.05,19,19,GAATTTTGTTCCGCTGAGTT,0,2241900
marRp,0.05,19,19,GAAGGTAGTCAGCATAGCGG,0,2218145
marRp,0.05,19,19,GAAACGCTGGAAGGGGGAGG,0,2243619
marRp,0.05,19,19,CTGAGTAAGCCCGGTCGCAT,0,2248033
marRp,0.05,19,19,CTCGTGTTCGTAGCCTGCGT,0,2220591
marRp,0.05,19,19,CTCGGCTAAGGACCAGGTAG,0,2247523
marRp,0.05,19,19,CTCCTACGGGCGTCGCGTGA,0,2223237
marRp,0.05,19,19,CTAGCTTAGATCTGGCAGGG,0,2234143
marRp,0.05,19,19,CGCACAGCACCCAAGCGGTT,0,2249605
marRp,0.05,19,19,CCAATCCAGGGACGCGATGT,0,2233038
marRp,0.05,19,19,CATAATCTAACGGCACAATA,0,2234190
marRp,0.05,19,19,CAGTAATGTGCATACATCCA,0,2259713
marRp,0.05,19,19,CAGGGTCACCCACTCCGTGT,0,2223182
marRp,0.05,19,19,CACGCAGAACATCCCTATGT,0,2235536
marRp,0.05,19,19,CAAGTCGCTGTAGGTGTGAC,0,2250777
marRp,0.05,19,19,CAAATTAGGTCCGTCCAGAC,0,2236888
marRp,0.05,19,19,ATGGGTTCTGCCAGATACGA,0,2233591
marRp,0.05,19,19,ATAGCCCCTCGCGAATTTTA,0,2222484
marRp,0.05,19,19,ATAAAGCGCTGCGACTTTCT,0,2244242
marRp,0.05,19,19,AGTGGTCAGTCTCGCAAGTA,0,2232105
marRp,0.05,19,19,ACTAAAGACCACCATAGGAA,0,2222840
marRp,0.05,19,19,ACGGTGTGATCGGCTATAAA,0,2242174
marRp,0.05,19,19,AATTGTCTGCAATCGGATTT,0,2255477
marRp,0.05,19,19,AAGTGCTAATGAACGGTCCG,0,2222605
marRp,0.05,19,19,AAGAAACATGAGAGCCTGGT,0,2260198
marRp,0.05263157894736842,18,18,TGCTAGAATCTAGCAGGTGG,0,2258117
marRp,0.05263157894736842,18,18,TCGCCATGAAGTTACATCCA,0,2256614
marRp,0.05263157894736842,18,18,TCAGGATGGAAATAACATCA,0,2225712
marRp,0.05263157894736842,18,18,TATTAGTGTCACGATAGCCT,0,2226464
marRp,0.05263157894736842,18,18,TATGGATCCTGAAATTTATC,0,2234951
marRp,0.05263157894736842,18,18,GTTACGCTGGCTCGGTTTCA,0,2240594
marRp,0.05263157894736842,18,18,GTGGCCCCCGGGGTCGTCCA,0,2219085
marRp,0.05263157894736842,18,18,GGGATCTTGGTGAGTACGCC,0,2219300
marRp,0.05263157894736842,18,18,GCCTTGTATAAGTGAGTCGA,0,2220615
marRp,0.05263157894736842,18,18,GCCGGGGTTGGACCCCCTAA,0,2248275
marRp,0.05263157894736842,18,18,GAGGCGCCCCTCTTATGCCT,0,2236765
marRp,0.05263157894736842,18,18,CTGATGGTTCTCACAAAAAA,0,2227701
marRp,0.05263157894736842,18,18,CTGACCCGGGACTCATGTAT,0,2232340
marRp,0.05263157894736842,18,18,CTCTTACGGTCCGGTGTGAC,0,2237580
marRp,0.05263157894736842,18,18,CTCGAGAGCTATGGAAGCCT,0,2227161
marRp,0.05263157894736842,18,18,CGTTTTCTTGACGTGCAGAT,0,2218931
marRp,0.05263157894736842,18,18,CGTTCTTTGGTGTTCCCGCA,0,2257166
marRp,0.05263157894736842,18,18,CGTCAGACGCGTCGGCGCCG,0,2243501
marRp,0.05263157894736842,18,18,CGTAGGCCGGGCGCGCCATA,0,2250601
marRp,0.05263157894736842,18,18,CCGACAAGGCAAGTTCGTAT,0,2219662
marRp,0.05263157894736842,18,18,CCCGTGGTCCCCTAACGTCA,0,2233181
marRp,0.05263157894736842,18,18,CATCCAAAAGCGCATGTGCG,0,2228795
marRp,0.05263157894736842,18,18,CACGGAGGGGTGGCTGCAAA,0,2240044
marRp,0.05263157894736842,18,18,CACCCACCGCTTCAAGATAT,0,2241385
marRp,0.05263157894736842,18,18,CACACCTTTGCTTATGTAAA,0,2249540
marRp,0.05263157894736842,18,18,ATGCTTATGATCAGATGCAG,0,2243004
marRp,0.05263157894736842,18,18,ATGAGAAAGGACTGTTGAGT,0,2234037
marRp,0.05263157894736842,18,18,ATGAAGCATAGTCACGGCCC,0,2225947
marRp,0.05263157894736842,18,18,ACCGACGGCCTGGTGGGTTA,0,2251183
marRp,0.05263157894736842,18,18,AAGTGTTCGTAGCGCATTTG,0,2238086
marRp,0.05263157894736842,18,18,AAGTGATAGACGTCGCTATC,0,2242506
marRp,0.05555555555555555,17,17,TTGCCCCGGCTCTACTGTTC,0,2223203
marRp,0.05555555555555555,17,17,TTCGGTCTCACCTCTACAGG,0,2238352
marRp,0.05555555555555555,17,17,TTCGGGTACCCTATAACGGC,0,2252699
marRp,0.05555555555555555,17,17,TTCAACGACCTAGCCTGGAT,0,2246574
marRp,0.05555555555555555,17,17,TTACTGCGTTGCTGAGCGTA,0,2218791
marRp,0.05555555555555555,17,17,TGTTAAGAAAACGGAATTTG,0,2254013
marRp,0.05555555555555555,17,17,TGTACTTACTTGTTTCATAA,0,2239402
marRp,0.05555555555555555,17,17,TGGACAGCGCTGCAACGCGA,0,2234817
marRp,0.05555555555555555,17,17,TGCCGCCAATGTTAAAGGCT,0,2246100
marRp,0.05555555555555555,17,17,TCTTTTTCACGCTCTCATAG,0,2234644
marRp,0.05555555555555555,17,17,TCTGCGTAGACAGGCAATAA,0,2248811
marRp,0.05555555555555555,17,17,TCTACTATAGTCGATTATGG,0,2233368
marRp,0.05555555555555555,17,17,TATGTATAGATAGGGAGCTA,0,2258057
marRp,0.05555555555555555,17,17,TAGCTTCGTGCCGATAGCAA,0,2233962
marRp,0.05555555555555555,17,17,TACTCTGGTACCGGTCCCGA,0,2221626
marRp,0.05555555555555555,17,17,TACGGTAATAGAGTCCGGAT,0,2232691
marRp,0.05555555555555555,17,17,TACACCGTGACTCACCGCAT,0,2228550
marRp,0.05555555555555555,17,17,GTTGCCGGGATACCGCGTGA,0,2243841
marRp,0.05555555555555555,17,17,GTACCGGCTTGCTCACAGTC,0,2221386
marRp,0.05555555555555555,17,17,GGTAACAGCCCAGAGACACA,0,2246646
marRp,0.05555555555555555,17,17,GGGAATAGGAGCAACCGGTG,0,2253425
marRp,0.05555555555555555,17,17,GGCGCTCGCCCACAGTAGAG,0,2232451
marRp,0.05555555555555555,17,17,GCTTACTTCCCGTAACTCCC,0,2217816
marRp,0.05555555555555555,17,17,GCAGCAATACCACATGATAA,0,2259253
marRp,0.05555555555555555,17,17,GATTCAAGCCCGGCGTTGAT,0,2241974
marRp,0.05555555555555555,17,17,GACTTAGTATGGCCCGCTAC,0,2243961
marRp,0.05555555555555555,17,17,GACCCGTTTCGAGACTGGAG,0,2253346
marRp,0.05555555555555555,17,17,GAAGGTCCCGCATTAAACAT,0,2219890
marRp,0.05555555555555555,17,17,CTCGCCCAGAATGACATTCA,0,2225619
marRp,0.05555555555555555,17,17,CTATCCCTTGTTCTGCTAAT,0,2241903
marRp,0.05555555555555555,17,17,CGTTCGAAGTACGCGGATGA,0,2234111
marRp,0.05555555555555555,17,17,CGTATAACTACCCAGCGCAA,0,2228581
marRp,0.05555555555555555,17,17,CGGTATACGTGGCTACACTT,0,2225466
marRp,0.05555555555555555,17,17,CGGGCGTGCATCCACTTCTG,0,2233595
marRp,0.05555555555555555,17,17,CGCCGGTTCGGTAAGCCAAG,0,2227726
marRp,0.05555555555555555,17,17,CGCCGCGGGCTATACCTTAT,0,2247325
marRp,0.05555555555555555,17,17,CCTTCATCCTGTCGGACAGT,0,2258313
marRp,0.05555555555555555,17,17,CCTGGCGTATCCTTAAGTTG,0,2232689
marRp,0.05555555555555555,17,17,CCGAGGCTTTTTACAAGATC,0,2222375
marRp,0.05555555555555555,17,17,CCCTTAGCACGCGCGCGACT,0,2253392
marRp,0.05555555555555555,17,17,CATGCAACGGCACCAGTTCC,0,2221216
marRp,0.05555555555555555,17,17,CACTTTACGGATATCGCGCA,0,2248428
marRp,0.05555555555555555,17,17,ATTTATATGTTCCCAGAGAT,0,2260381
marRp,0.05555555555555555,17,17,ATGTCGATGGATGGCCTGTG,0,2230408
marRp,0.05555555555555555,17,17,AGTGCAAGGGGGTTAACTAG,0,2243722
marRp,0.05555555555555555,17,17,AGGTAGCCACCGTCCTTTCA,0,2248840
marRp,0.05555555555555555,17,17,AGGACGGGAACGTCAAAGGT,0,2232596
marRp,0.05555555555555555,17,17,AGAGGCTAAAAAGGGTATTT,0,2248677
marRp,0.05555555555555555,17,17,AGAGATTTTTATCGCAGGAT,0,2243238
marRp,0.05555555555555555,17,17,ACCTGAGTCATCACAATTTC,0,2217857
marRp,0.05555555555555555,17,17,ACACATTGGCAGCTGGAGGA,0,2226530
marRp,0.05555555555555555,17,17,AATGTTGTCCGGTATATCGT,0,2254445
marRp,0.05555555555555555,17,17,AAGTCTCGAGTGGTTTTACA,0,2223962
marRp,0.05555555555555555,17,17,AAGGCCGGCCTAAAACGAAG,0,2255963
marRp,0.058823529411764705,16,16,TTGTAATCGTAGGTCGCGAC,0,2231260
marRp,0.058823529411764705,16,16,TTGATGCCCCAATTGGTTTT,0,2220471
marRp,0.058823529411764705,16,16,TGTCGAGGCCTTTGGTCGTG,0,2242719
marRp,0.058823529411764705,16,16,TGGATGTCCTGCTGGGGGGG,0,2229436
marRp,0.058823529411764705,16,16,TGGAGTCTAAGGGTGCCTTT,0,2230959
marRp,0.058823529411764705,16,16,TGAACGTCCTGCGCGATGGT,0,2234386
marRp,0.058823529411764705,16,16,TCGACCTGATGAGACTAGCT,0,2222935
marRp,0.058823529411764705,16,16,TCACGCCCCGTGCCTAACGA,0,2234513
marRp,0.058823529411764705,16,16,TCAACGGACTGGCCAGGCCT,0,2249888
marRp,0.058823529411764705,16,16,TATCCCCCATTTCGGTGACT,0,2244668
marRp,0.058823529411764705,16,16,TAAGCCAATGTGTACGATGA,0,2243213
marRp,0.058823529411764705,16,16,TAACTCCTAGACCCCCCCTG,0,2232940
marRp,0.058823529411764705,16,16,GTGGTGCTGTCCATCAGATA,0,2233099
marRp,0.058823529411764705,16,16,GTGGTAGACATCAGCAAGTT,0,2241250
marRp,0.058823529411764705,16,16,GTCGGCCACCTTGTTTATGC,0,2242725
marRp,0.058823529411764705,16,16,GTACGACATCTAAAATCATT,0,2251366
marRp,0.058823529411764705,16,16,GGGTAGCATAGCTCGCCCCT,0,2232422
marRp,0.058823529411764705,16,16,GGCTTGCACTGAGTTAGCCT,0,2235782
marRp,0.058823529411764705,16,16,GGAGTCATTACCCACGCATT,0,2231310
marRp,0.058823529411764705,16,16,GGAGTACATGTGATTGGGCG,0,2243034
marRp,0.058823529411764705,16,16,GGAGGCGAGGGGACTCAATA,0,2255331
marRp,0.058823529411764705,16,16,GGAAGCATTTATAGTCAAAG,0,2219441
marRp,0.058823529411764705,16,16,GGAAAGCGGGTTACTCGTGG,0,2226200
marRp,0.058823529411764705,16,16,GCGGTGTGTCGTGGACAGAG,0,2231890
marRp,0.058823529411764705,16,16,GCATGAGACGGCATCGGCCA,0,2254353
marRp,0.058823529411764705,16,16,GAGAGAGTATGCCAAGACCC,0,2233126
marRp,0.058823529411764705,16,16,GAAATAATACCCGCTCGAAG,0,2245661
marRp,0.058823529411764705,16,16,CTGCAACGAGCCTGGGGGCA,0,2244740
marRp,0.058823529411764705,16,16,CGTGCGCATCAAACGGCATT,0,2230109
marRp,0.058823529411764705,16,16,CCTGGTGCCGCATGAGCGAA,0,2250223
marRp,0.058823529411764705,16,16,CCGGTGGTAGCCAACCCGGT,0,2221742
marRp,0.058823529411764705,16,16,CCGCCGGCATCTGGACACGA,0,2258261
marRp,0.058823529411764705,16,16,CCCAATGGAGTTGCTTATAG,0,2237613
marRp,0.058823529411764705,16,16,CACGGAGGGGCAGCTCAAAA,0,2247942
marRp,0.058823529411764705,16,16,ATTCCTTCGGCGTGGAATTT,0,2247417
marRp,0.058823529411764705,16,16,ATGTGAGTCGCGTCATTGGT,0,2229765
marRp,0.058823529411764705,16,16,ATGCTGCATGGGCTACCGCG,0,2246449
marRp,0.058823529411764705,16,16,ATCGATTTGGCTAGATATGA,0,2225804
marRp,0.058823529411764705,16,16,ATCACCGGGTACTCTCGTTT,0,2244091
marRp,0.058823529411764705,16,16,AGGTGAGTCTTGCAGTTGTT,0,2242292
marRp,0.058823529411764705,16,16,AGGGACCTGTCGGATGTCGT,0,2228682
marRp,0.058823529411764705,16,16,AGGCACGACGAATTTGCAAA,0,2236487
marRp,0.058823529411764705,16,16,AGACCAAATTTAAGCGCGTG,0,2220876
marRp,0.058823529411764705,16,16,AGACATAAGGTCTAGCTACT,0,2254694
marRp,0.058823529411764705,16,16,ACTTGCGTTACGCGTAATCT,0,2256433
marRp,0.058823529411764705,16,16,ACTTGCGGAGGCCGCCTCCT,0,2230701
marRp,0.058823529411764705,16,16,ACGTCCTTAAACGGACCGGT,0,2250980
marRp,0.058823529411764705,16,16,ACGACATTGGCTTGACGATG,0,2250034
marRp,0.058823529411764705,16,16,AAATGCTCAATAAATTGACG,0,2231623
marRp,0.058823529411764705,16,16,AAATAGTGGGCTTCGACCCG,0,2222642
marRp,0.0625,15,15,TTACTCCCTATTCCTGCGAT,0,2218749
marRp,0.0625,15,15,TGTGTCATTGGTGCGCTCAC,0,2247674
marRp,0.0625,15,15,TGTCAACGCCTTCCTTTGTA,0,2238876
marRp,0.0625,15,15,TGCCGGGACATCCCGACAAT,0,2233592
marRp,0.0625,15,15,TGACAACCTAGGATCCCAAG,0,2227419
marRp,0.0625,15,15,TCTCTAATACTCTGACAGAG,0,2243599
marRp,0.0625,15,15,TCGTATGGTTCCGGACGAGA,0,2253227
marRp,0.0625,15,15,TATAACGTCTCTCACACGGA,0,2250029
marRp,0.0625,15,15,TAGAAGTGATTCGGCCGTAA,0,2245019
marRp,0.0625,15,15,TAACCAGGTTACTGCTTTAG,0,2237306
marRp,0.0625,15,15,GTTTCGCCCTAACCAAGGAA,0,2221446
marRp,0.0625,15,15,GTTCCCCTGGCACACCGAAA,0,2246236
marRp,0.0625,15,15,GTTATTTTGAGGTTCTGTGT,0,2222308
marRp,0.0625,15,15,GTGTGTTATCTCTGCAGTAC,0,2258588
marRp,0.0625,15,15,GTGGTTTTCCTGTACATAAT,0,2233199
marRp,0.0625,15,15,GTGGTGAGTCACTTAAGCGA,0,2245307
marRp,0.0625,15,15,GTATTACTCAAAAGTTCTGT,0,2245388
marRp,0.0625,15,15,GGTTCAGTAATGGAGGGAAC,0,2248714
marRp,0.0625,15,15,GGTTAGATCCTCTGTTAAGA,0,2252993
marRp,0.0625,15,15,GGGTTTATTTCGATTGGCGC,0,2254789
marRp,0.0625,15,15,GGAGACGTGTTGGAAATCGA,0,2228293
marRp,0.0625,15,15,GCTTATACTGGTCCCGGGAG,0,2250420
marRp,0.0625,15,15,GCTTAAACCGGGTGGAAAGA,0,2241725
marRp,0.0625,15,15,GCTAACGCATGGCAACTTGT,0,2235208
marRp,0.0625,15,15,GCGTGAAAACATGGAAGGCC,0,2255211
marRp,0.0625,15,15,GCCCGGTGCGGCCTTTAAGC,0,2237801
marRp,0.0625,15,15,GCAGTGGTTTCAAACTCTGC,0,2233443
marRp,0.0625,15,15,GCACTGCACAAAGGCACTAT,0,2246292
marRp,0.0625,15,15,GAGGAAACTTTTGAGAAGAG,0,2237439
marRp,0.0625,15,15,GAAACAGCCCTATGGATAAT,0,2224051
marRp,0.0625,15,15,GAAAAGGGCACAATATGAAA,0,2234025
marRp,0.0625,15,15,CTTCGTGCCGGGTGGCAGCT,0,2220131
marRp,0.0625,15,15,CTGCACGAGTAACACGGTGC,0,2246429
marRp,0.0625,15,15,CTGACGGGTCCTCGACTAGG,0,2219501
marRp,0.0625,15,15,CTAGGTGTCGGAAAAGCGGG,0,2243522
marRp,0.0625,15,15,CTACTAGCAGAAGCGCCACG,0,2241310
marRp,0.0625,15,15,CGTGGGCGAGCACGGCCAAG,0,2224705
marRp,0.0625,15,15,CGTGATTTTCTTCAACAGCA,0,2230892
marRp,0.0625,15,15,CGGGTGTACAAAGTGGTGGA,0,2223606
marRp,0.0625,15,15,CGCGTCATACAAGCATGCTC,0,2218111
marRp,0.0625,15,15,CGCCCGGGCACTCTACAAGA,0,2229486
marRp,0.0625,15,15,CGCACTGAAACGGAACACTG,0,2222474
marRp,0.0625,15,15,CCTATTTGCGCTACGGCACG,0,2235977
marRp,0.0625,15,15,CCGAGTAGTAAATTCAATCT,0,2244372
marRp,0.0625,15,15,CCGAGAGAGAAACACGGCAA,0,2241474
marRp,0.0625,15,15,CCAGTTCTACCGTTCAGTTT,0,2236561
marRp,0.0625,15,15,CCACACCACGATAGGTAAGT,0,2257162
marRp,0.0625,15,15,CAGCCGGCAGAAAGATTTAG,0,2233578
marRp,0.0625,15,15,CACAGTTTCAATCTGGCCTG,0,2241461
marRp,0.0625,15,15,ATTTAATCTAATTATAGTGG,0,2259041
marRp,0.0625,15,15,ATGAAATCGAGACACGGCGT,0,2234250
marRp,0.0625,15,15,ATACGGGCGAGCGTAGAACT,0,2243392
marRp,0.0625,15,15,AGGCGTGACACTGTGGTTGT,0,2252685
marRp,0.0625,15,15,AGCTATCGTAAGAGTGCGGC,0,2254444
marRp,0.0625,15,15,AGCGATTAATATACGTCAAA,0,2222468
marRp,0.0625,15,15,AGCAACGCACGCCGGTCCTA,0,2240135
marRp,0.0625,15,15,AGATTGACGCGCACTAGAGC,0,2229176
marRp,0.0625,15,15,AGAATCCGTCACCTGCAAAC,0,2222033
marRp,0.0625,15,15,AGAAGAGGTGCGCGCGTGAG,0,2258687
marRp,0.0625,15,15,ACGGTTGAGTATGCCACTCC,0,2238251
marRp,0.0625,15,15,ACCTGCGAGGAGCCTCGAGT,0,2253550
marRp,0.0625,15,15,ACAGCACGCTCTCCGGCCAA,0,2227221
marRp,0.0625,15,15,ACAGACGGCCTTGGGCCATG,0,2218781
marRp,0.0625,15,15,AATTACAGCATAGTCCAACC,0,2229079
marRp,0.0625,15,15,AATCACTGGGGCCGATTGAA,0,2238440
marRp,0.0625,15,15,AAGCTAGACTCCTAAGGTCG,0,2226112
marRp,0.0625,15,15,AACTGGGATGAGTCGCCCGA,0,2234871
marRp,0.0625,15,15,AACCCCCTGATACAGTTTTC,0,2229773
marRp,0.0625,15,15,AACAACGGAGGAATACGCTG,0,2225183
marRp,0.0625,15,15,AAATACTGGCCCTGGATTTT,0,2221463
marRp,0.0625,15,15,AAAAGCAGAGATCTAAGAAA,0,2223732
marRp,0.06666666666666667,14,14,TTTGCAGTTCCTTGCCATGG,0,2244211
marRp,0.06666666666666667,14,14,TTTCCGGTGGCATTATGATA,0,2245102
marRp,0.06666666666666667,14,14,TTATTGTCTCGGTCCGGTCA,0,2223919
marRp,0.06666666666666667,14,14,TTATTCTGGAGGGCGGTTTC,0,2227435
marRp,0.06666666666666667,14,14,TTAATCCGAGGTTGCCAATC,0,2258983
marRp,0.06666666666666667,14,14,TGTCGGTTCCGTGCTTCGCA,0,2226692
marRp,0.06666666666666667,14,14,TGGTTATGCGCCGACAAATA,0,2230027
marRp,0.06666666666666667,14,14,TGGTCAGCCATTGAGCGTCA,0,2230338
marRp,0.06666666666666667,14,14,TGATCGCAGAGGGATCAATA,0,2233598
marRp,0.06666666666666667,14,14,TCTGTATACTTTGCTCGGTA,0,2241467
marRp,0.06666666666666667,14,14,TCGTTGTATAGAAGAGTTGA,0,2247676
marRp,0.06666666666666667,14,14,TCGGGGCCAGCGTGATCATT,0,2252810
marRp,0.06666666666666667,14,14,TCGGAGGTGTCAGACAGGTA,0,2247273
marRp,0.06666666666666667,14,14,TCGCCGTACAGCCAGGTGAT,0,2235033
marRp,0.06666666666666667,14,14,TCCGGACAGAAGGTACGACA,0,2228441
marRp,0.06666666666666667,14,14,TCCAAATCTATTGTGGTACT,0,2250045
marRp,0.06666666666666667,14,14,TCATTGCCGTACTAACATTA,0,2226417
marRp,0.06666666666666667,14,14,TCACCGTCCATCATTCCAGA,0,2232371
marRp,0.06666666666666667,14,14,TAGCCAAACGGGAGAGCCAG,0,2228819
marRp,0.06666666666666667,14,14,TACGGGTGGTCTATTTCTGA,0,2239877
marRp,0.06666666666666667,14,14,TAACGCCTAATCAATGCTTG,0,2260596
marRp,0.06666666666666667,14,14,GTTTTTGTACGGTGAGCGGA,0,2243630
marRp,0.06666666666666667,14,14,GTGGTAGTTCCAGAAACACA,0,2229326
marRp,0.06666666666666667,14,14,GTGACTGAGCGTTGGAAGTT,0,2246104
marRp,0.06666666666666667,14,14,GTATTTGTGGCCAACGAAAC,0,2237910
marRp,0.06666666666666667,14,14,GTAGTTAACTGGTTTCGGTT,0,2242129
marRp,0.06666666666666667,14,14,GTAACCCAACGGGTAAGTGA,0,2233318
marRp,0.06666666666666667,14,14,GGCGCGGGAACAGCTGGCCC,0,2229500
marRp,0.06666666666666667,14,14,GGCCTAGTGTTCATTAGTCG,0,2237911
marRp,0.06666666666666667,14,14,GGCCGCTTTGGGCCATCAGT,0,2232699
marRp,0.06666666666666667,14,14,GGAGCGGATACTTGCAGGGT,0,2260029
marRp,0.06666666666666667,14,14,GCTTGCTTGACACTTTAGGA,0,2227677
marRp,0.06666666666666667,14,14,GCTGCCTGGGCGCGATCGCT,0,2222272
marRp,0.06666666666666667,14,14,GCGCCCCTAGGAACGATGTA,0,2225950
marRp,0.06666666666666667,14,14,GCCAGGGGACATTCTCCTTA,0,2239232
marRp,0.06666666666666667,14,14,GCATGATAAATTGAGGGCCG,0,2250773
marRp,0.06666666666666667,14,14,GATCTTCTGAGGAACGTACG,0,2233016
marRp,0.06666666666666667,14,14,GAGTGAGGATTGCTTGTGTA,0,2232586
marRp,0.06666666666666667,14,14,GAGCCTAGACACACGGTTCT,0,2246371
marRp,0.06666666666666667,14,14,GAGATTCAAGCTCCTTGCAG,0,2257736
marRp,0.06666666666666667,14,14,GACATCTAGGATTATGGGAT,0,2232435
marRp,0.06666666666666667,14,14,CTTCAAGATGGCACGCGAAC,0,2227372
marRp,0.06666666666666667,14,14,CTGGGCACTGGACGCGGGAG,0,2226525
marRp,0.06666666666666667,14,14,CTGATAGCTCAGCATGAAAT,0,2257939
marRp,0.06666666666666667,14,14,CTAGCTACCCCGACGTCGGG,0,2257460
marRp,0.06666666666666667,14,14,CTAAATAGTTCCCTGACAAG,0,2225816
marRp,0.06666666666666667,14,14,CGTTAGGTGACATTTTGCGT,0,2240136
marRp,0.06666666666666667,14,14,CGTGTTAGATTGGCTCGTGT,0,2225944
marRp,0.06666666666666667,14,14,CGTGTAAGTGATGTTCGAGC,0,2238155
marRp,0.06666666666666667,14,14,CGTCCATGCCCGACGGTTCG,0,2219822
marRp,0.06666666666666667,14,14,CGGTAACAGTAACTGCCCCA,0,2248471
marRp,0.06666666666666667,14,14,CGCCAGGACTCGGAGTGTAA,0,2250744
marRp,0.06666666666666667,14,14,CGATTGTTACTCTAGGTCAT,0,2240110
marRp,0.06666666666666667,14,14,CCTGAACAGTCAAATCCAAT,0,2252420
marRp,0.06666666666666667,14,14,CCGGCATCAGTTGCGTCTGT,0,2227441
marRp,0.06666666666666667,14,14,CCGCTTGGGTCGGCGGACAG,0,2239378
marRp,0.06666666666666667,14,14,CCCCGGACAGGACGGCTCTA,0,2255245
marRp,0.06666666666666667,14,14,CCAGAGGTTTCAATTATTGG,0,2220983
marRp,0.06666666666666667,14,14,CCACGGAAGAGTGCCATATT,0,2233943
marRp,0.06666666666666667,14,14,CCACCTCCGGGCTAGAGTGA,0,2221398
marRp,0.06666666666666667,14,14,CATTTGCGCGGCCCTCAGCA,0,2246531
marRp,0.06666666666666667,14,14,CATTGTGGCTTTCAATCAAT,0,2244680
marRp,0.06666666666666667,14,14,CATCGATCGGCACATAGGGT,0,2259189
marRp,0.06666666666666667,14,14,CATCGACAGGCGGACATCAG,0,2224739
marRp,0.06666666666666667,14,14,CATCCATTGTGCGGGGCAGA,0,2253434
marRp,0.06666666666666667,14,14,CAGGCAGTGCCCGATCTTGG,0,2219691
marRp,0.06666666666666667,14,14,CAGAGGGTAATAAGCTCTAG,0,2223496
marRp,0.06666666666666667,14,14,CACACCGGGAGCAGGGTCTC,0,2243569
marRp,0.06666666666666667,14,14,ATTCAGGTCTTTTTCCTTTC,0,2223840
marRp,0.06666666666666667,14,14,ATGATGGGGCCAAGTATCAG,0,2252998
marRp,0.06666666666666667,14,14,ATCTGGGTAGTGACATGGTG,0,2241322
marRp,0.06666666666666667,14,14,ATCCAGCTTAAAGCGACATG,0,2255693
marRp,0.06666666666666667,14,14,ATCCAGCATCGGATTGTATG,0,2220923
marRp,0.06666666666666667,14,14,ATCCACCCGTTGACGCCATT,0,2246066
marRp,0.06666666666666667,14,14,ATACACCTAGGAAATTCAGA,0,2247557
marRp,0.06666666666666667,14,14,ATAAGACAAGGCGGTAAATG,0,2226531
marRp,0.06666666666666667,14,14,AGTCCCTCCAAGGGGGGTAA,0,2234090
marRp,0.06666666666666667,14,14,AGGTTTATTGATACGGGATT,0,2251569
marRp,0.06666666666666667,14,14,AGATGGGGACATCCATTTGA,0,2237885
marRp,0.06666666666666667,14,14,AGACTCCAGCGGCGAGATTT,0,2221350
marRp,0.06666666666666667,14,14,AGAACGCACTTCCTAGATGT,0,2248754
marRp,0.06666666666666667,14,14,ACTCTGCTGGTTGGCCGAGC,0,2221010
marRp,0.06666666666666667,14,14,ACGGCGTATCAACACACAAT,0,2218959
marRp,0.06666666666666667,14,14,ACGGAGAGTGACCAGGCTAG,0,2244167
marRp,0.06666666666666667,14,14,ACCTTGGGCTACGGTTTAGC,0,2222611
marRp,0.06666666666666667,14,14,ACCAGACCGAGAAAAGGCCC,0,2237503
marRp,0.06666666666666667,14,14,ACCAAGCGTATATTTTATAG,0,2217810
marRp,0.06666666666666667,14,14,ACCAAATTAACCCAAAGTGT,0,2226010
marRp,0.06666666666666667,14,14,ACACTCGTGGCTGTCCCGCA,0,2250460
marRp,0.06666666666666667,14,14,AATCCTTAACCTCGAGATTT,0,2226616
marRp,0.06666666666666667,14,14,AAACCCCTGACCCGTATGGG,0,2219378
marRp,0.07142857142857142,13,13,TTTTCGGGGACAGAACAGCA,0,2261080
marRp,0.07142857142857142,13,13,TTTGCCAACCTGCCCCCCTA,0,2235316
marRp,0.07142857142857142,13,13,TTGGGTTGCACTTCTGACAT,0,2249115
marRp,0.07142857142857142,13,13,TTGCTCGACTTTGAAGGTAT,0,2233356
marRp,0.07142857142857142,13,13,TTCGATATGCCCAAGTTACT,0,2219698
marRp,0.07142857142857142,13,13,TTAAGAGCCACCAGGTCTGA,0,2239640
marRp,0.07142857142857142,13,13,TGTGGAGGACTCCGAGCCAA,0,2254930
marRp,0.07142857142857142,13,13,TGTGAACGTCCGGCACGGTG,0,2254651
marRp,0.07142857142857142,13,13,TGGTCAGCGGATAGCATCCA,0,2244210
marRp,0.07142857142857142,13,13,TGGGGGTAGTGTATGCGTAC,0,2235768
marRp,0.07142857142857142,13,13,TGGCCCGGACTTCCACATTG,0,2218600
marRp,0.07142857142857142,13,13,TGCTGGGCTAAGAAGATGTA,0,2254476
marRp,0.07142857142857142,13,13,TGCCGGCGCAATTAGCTGCT,0,2232842
marRp,0.07142857142857142,13,13,TGCATTATTGAGCCGCATCC,0,2234808
marRp,0.07142857142857142,13,13,TCTTGGTCCACAAGAATATA,0,2221351
marRp,0.07142857142857142,13,13,TCTACTTCGTACAGTAACAT,0,2237058
marRp,0.07142857142857142,13,13,TCGGGCGTAGCAACGAGTAC,0,2222307
marRp,0.07142857142857142,13,13,TCAACCTACGCGAAGCATTA,0,2241774
marRp,0.07142857142857142,13,13,TAGCACGTATAGCGATGGTC,0,2227896
marRp,0.07142857142857142,13,13,TACTATACGAATGTAATTAG,0,2221242
marRp,0.07142857142857142,13,13,TACGGATGATTGTTGATTTC,0,2233828
marRp,0.07142857142857142,13,13,TACATGGACCTCCCGATCTG,0,2227696
marRp,0.07142857142857142,13,13,TACACTTGTTCAGAAGTTCT,0,2221226
marRp,0.07142857142857142,13,13,GTGGCCTTCTGGCTTATAGT,0,2247413
marRp,0.07142857142857142,13,13,GTGGCCAGAGAACGACATCG,0,2217814
marRp,0.07142857142857142,13,13,GTCAGCGGGATCTGAACATT,0,2230967
marRp,0.07142857142857142,13,13,GTATTTCTCGCAGGCACCGT,0,2257565
marRp,0.07142857142857142,13,13,GTAAGCTCTAAGGATCCGTA,0,2253134
marRp,0.07142857142857142,13,13,GGTCGCTAGCCGGAGATCAT,0,2221936
marRp,0.07142857142857142,13,13,GGTCAATTGATCTTGCGACA,0,2249095
marRp,0.07142857142857142,13,13,GGGTGCTAACTCGACACAAC,0,2219482
marRp,0.07142857142857142,13,13,GGGATGCTATAGGTGCGCGA,0,2245412
marRp,0.07142857142857142,13,13,GGCGCTCAGGAGTTTGGCGG,0,2245100
marRp,0.07142857142857142,13,13,GGACGCGGAAGAGCTGCCCA,0,2246238
marRp,0.07142857142857142,13,13,GGACAAAACGGGCAAGGAAA,0,2248534
marRp,0.07142857142857142,13,13,GGAATGGCTGGATGAGGTAA,0,2225562
marRp,0.07142857142857142,13,13,GGAAGCGGAGAATGGAGCCT,0,2226944
marRp,0.07142857142857142,13,13,GCTAGGGGGGCCATCAATCA,0,2226846
marRp,0.07142857142857142,13,13,GCCGGAAGTCGTCATGTTCC,0,2223490
marRp,0.07142857142857142,13,13,GCAGCTACACCGTCTGGTGC,0,2238895
marRp,0.07142857142857142,13,13,GCACTGCGCCTGTGCGTTTA,0,2250801
marRp,0.07142857142857142,13,13,GATACTCTGTCGGCAATCCA,0,2229291
marRp,0.07142857142857142,13,13,GAGTGGCTTAAGGAAGGGTG,0,2220630
marRp,0.07142857142857142,13,13,GAGTCATGACGAGTAGCAGG,0,2225609
marRp,0.07142857142857142,13,13,GAAAAGGAAGCCCCGGGTTA,0,2233793
marRp,0.07142857142857142,13,13,CTTTCTTGCTGCACCTGTTT,0,2224128
marRp,0.07142857142857142,13,13,CTTTAGTAGAATTAGGTTGA,0,2249628
marRp,0.07142857142857142,13,13,CTTGTGAGACCGTCCCAACA,0,2246069
marRp,0.07142857142857142,13,13,CTTGAAACATAACCCAATAA,0,2253941
marRp,0.07142857142857142,13,13,CTTCCTGGACCACTACGGAA,0,2240236
marRp,0.07142857142857142,13,13,CTGGGTGGAAGCGAACCGTG,0,2220295
marRp,0.07142857142857142,13,13,CTGCCCTCGGGCTAAGCCCT,0,2250989
marRp,0.07142857142857142,13,13,CTCGACTGGTATACGGAACA,0,2241197
marRp,0.07142857142857142,13,13,CTCCGCCCTCCGGAAGAGCT,0,2218368
marRp,0.07142857142857142,13,13,CTATAAACTGACGTATTGGT,0,2225407
marRp,0.07142857142857142,13,13,CGTTGTCCGCGGCTGTTTCC,0,2256478
marRp,0.07142857142857142,13,13,CGTGTTAGGTTTCCCGGAAT,0,2218697
marRp,0.07142857142857142,13,13,CGTCGCAGTGCCGCCCATTG,0,2220006
marRp,0.07142857142857142,13,13,CGTCATTGTCGAATGCCCGT,0,2246789
marRp,0.07142857142857142,13,13,CGGTGCGGCCCTTGACAGAT,0,2224097
marRp,0.07142857142857142,13,13,CGGTCTTGCGTTATTGATTA,0,2233492
marRp,0.07142857142857142,13,13,CGGCTGTGACTCAAGTGGGA,0,2242402
marRp,0.07142857142857142,13,13,CGGCTCGAACATAGTTAGGC,0,2226076
marRp,0.07142857142857142,13,13,CGGCAATGTAAGCAAATCCA,0,2244307
marRp,0.07142857142857142,13,13,CGCGTGTCAGTGGTTCGGTG,0,2220583
marRp,0.07142857142857142,13,13,CGCCTGGATTAAGACACCGA,0,2219177
marRp,0.07142857142857142,13,13,CGATAGGGCATCATGTGCGG,0,2259381
marRp,0.07142857142857142,13,13,CCTTGGCCGTCTATAGTACG,0,2237843
marRp,0.07142857142857142,13,13,CCTTAGCACCACAATCAGGA,0,2220370
marRp,0.07142857142857142,13,13,CCTGTGCAGCTCTGATTACA,0,2221736
marRp,0.07142857142857142,13,13,CCTGGTGGTTGATCAGCGGA,0,2235212
marRp,0.07142857142857142,13,13,CCAGGAAATTTGTCACTCCT,0,2228720
marRp,0.07142857142857142,13,13,CATTAGTGGCGTCCCAGGTC,0,2234227
marRp,0.07142857142857142,13,13,CATCAAGCCTTATCACAATC,0,2224647
marRp,0.07142857142857142,13,13,CATAGCAACGACTCATGAGA,0,2254140
marRp,0.07142857142857142,13,13,CAGGTGGTAAGGCCATAAAG,0,2240849
marRp,0.07142857142857142,13,13,CAGATATTCCCGCAAATTGT,0,2258795
marRp,0.07142857142857142,13,13,CACGTTGGAATTTGGAAGCA,0,2257338
marRp,0.07142857142857142,13,13,CACGAACCCTTTAGTTGTCG,0,2253881
marRp,0.07142857142857142,13,13,CAATACACGTCGGTTAGTAG,0,2236019
marRp,0.07142857142857142,13,13,CAACATTCAGTGTGGATCTA,0,2249530
marRp,0.07142857142857142,13,13,ATTTGACTTAGTCGGGTGCT,0,2223850
marRp,0.07142857142857142,13,13,ATTTACCGTAGGGTTCTTGA,0,2246071
marRp,0.07142857142857142,13,13,ATTGAAGGGGAGCCACTAGA,0,2227432
marRp,0.07142857142857142,13,13,ATGGGCCATAACAGCAGTTA,0,2247147
marRp,0.07142857142857142,13,13,ATGCAGCCAAACGGGCTCTA,0,2228870
marRp,0.07142857142857142,13,13,ATCTTCAAGGGAGGCATAGG,0,2248873
marRp,0.07142857142857142,13,13,ATCGGTGTGTGTATGCGTAT,0,2247244
marRp,0.07142857142857142,13,13,ATAGCTGATAATATGGCGAT,0,2226288
marRp,0.07142857142857142,13,13,AGTCTACGTGTACGCTTGCA,0,2246308
marRp,0.07142857142857142,13,13,AGGTCCAGGGACTTAATATA,0,2219778
marRp,0.07142857142857142,13,13,AGGGGCTACACCGATCAAAA,0,2259320
marRp,0.07142857142857142,13,13,AGGGATTCACTCTATGTATG,0,2238287
marRp,0.07142857142857142,13,13,AGCTGCGTAACGTTAGACAC,0,2233478
marRp,0.07142857142857142,13,13,AGCGTGCCGAACCATATTGA,0,2242851
marRp,0.07142857142857142,13,13,AGCCGCGTCAAGCGAACGCT,0,2254355
marRp,0.07142857142857142,13,13,AGAGTTGATGGGTGGCATAT,0,2252339
marRp,0.07142857142857142,13,13,AGAAGTAATATCCGTCTCAG,0,2243983
marRp,0.07142857142857142,13,13,ACGTCCTCACACCAGGCTGA,0,2234868
marRp,0.07142857142857142,13,13,ACACGTATCCTGAAGATCAC,0,2243626
marRp,0.07142857142857142,13,13,ACACATGAGTGTCAGCAGAC,0,2235774
marRp,0.07142857142857142,13,13,AATGGTAGAGCCAGCCTTCT,0,2255479
marRp,0.07142857142857142,13,13,AACTGCCTATACGTGACGAC,0,2237700
marRp,0.07142857142857142,13,13,AAATGGGAGATATGTGCAGC,0,2225751
marRp,0.07142857142857142,13,13,AAAACATGGTTAGACGGGCA,0,2243470
marRp,0.07692307692307693,12,12,TTTGGAATAGCGCAATATGA,0,2225191
marRp,0.07692307692307693,12,12,TTTACGGGATGCTCACCCGT,0,2221095
marRp,0.07692307692307693,12,12,TTGTGCAAAAGGAGTGAATA,0,2225559
marRp,0.07692307692307693,12,12,TTCGTGTTCTGCAGCCCAGG,0,2226306
marRp,0.07692307692307693,12,12,TTCCCAACGATACTCGTCGT,0,2241690
marRp,0.07692307692307693,12,12,TTACGTCGTTACTCGAGCGA,0,2244323
marRp,0.07692307692307693,12,12,TTACGGAAGTCATTCCGTGT,0,2242482
marRp,0.07692307692307693,12,12,TTAAAAGACGGCGCGCCGCA,0,2241689
marRp,0.07692307692307693,12,12,TGGGAGTTCAATCGCGTTAG,0,2245674
marRp,0.07692307692307693,12,12,TGGCCCCCGGTATTGTTTCT,0,2244016
marRp,0.07692307692307693,12,12,TGGCCATCACGCGTCTACGT,0,2260915
marRp,0.07692307692307693,12,12,TGGACATATACAGCCTCGAC,0,2248753
marRp,0.07692307692307693,12,12,TGCGCCTAGATACGGAGTGG,0,2224994
marRp,0.07692307692307693,12,12,TGATAGGCATGAGTAGAGGG,0,2249147
marRp,0.07692307692307693,12,12,TGACGCCAGACTATTTGTCT,0,2235562
marRp,0.07692307692307693,12,12,TCGTTAACCACCTCTGACCT,0,2223233
marRp,0.07692307692307693,12,12,TCGGACGCTACGCGAGGGAG,0,2224536
marRp,0.07692307692307693,12,12,TCCTCCGGTTTTGTAGCTAG,0,2223318
marRp,0.07692307692307693,12,12,TCCTCATGATCGATATGACG,0,2220179
marRp,0.07692307692307693,12,12,TCCTATAGCGGGTACGGACT,0,2245156
marRp,0.07692307692307693,12,12,TCCGGACATACCCCCGTGAA,0,2250821
marRp,0.07692307692307693,12,12,TCCAGATTATCCGGGTAGTT,0,2226077
marRp,0.07692307692307693,12,12,TCCACGCATGCCCAGATGCC,0,2245648
marRp,0.07692307692307693,12,12,TCCACATACGGTCTTCACCG,0,2240730
marRp,0.07692307692307693,12,12,TCCAAACACGTTCTATCCCA,0,2242049
marRp,0.07692307692307693,12,12,TCAATTTCTGGCGTTGTATA,0,2240319
marRp,0.07692307692307693,12,12,TCAACCATTACCGGTAGCTT,0,2236496
marRp,0.07692307692307693,12,12,TATTGGAAGGGACTGCCTTG,0,2230195
marRp,0.07692307692307693,12,12,TATGTGATAATCGGAAAATG,0,2232585
marRp,0.07692307692307693,12,12,TATCTACCCCGGGTATGAAG,0,2228753
marRp,0.07692307692307693,12,12,TATCCATAGGTTCTAGTGAT,0,2249091
marRp,0.07692307692307693,12,12,TATATACGGTGCATTGAAGT,0,2234917
marRp,0.07692307692307693,12,12,TACATTTGGAAACAAGCGAA,0,2234016
marRp,0.07692307692307693,12,12,TACAGGAGCCGCGTTGAGTC,0,2219647
marRp,0.07692307692307693,12,12,TACAGCCTACTCACACAAGT,0,2228663
marRp,0.07692307692307693,12,12,TAAGAGCGGATGGATGTAGC,0,2248175
marRp,0.07692307692307693,12,12,GTTTGACGGTCACTGAGGCA,0,2226625
marRp,0.07692307692307693,12,12,GTTCAGTGATGATTCTCACC,0,2236219
marRp,0.07692307692307693,12,12,GTGGATGTAGTAGGTGTTTA,0,2249542
marRp,0.07692307692307693,12,12,GTGCGTTCGACTGGTACTGT,0,2227239
marRp,0.07692307692307693,12,12,GTGACGTCACATGAACTGAT,0,2251917
marRp,0.07692307692307693,12,12,GTCGGCAAAAATCAGATCAT,0,2253347
marRp,0.07692307692307693,12,12,GTCGCCCAGTAGCCGGTCCA,0,2236985
marRp,0.07692307692307693,12,12,GTAGGATTGTCTTACCGTTT,0,2218093
marRp,0.07692307692307693,12,12,GTAATGGGAACTTGCCAATT,0,2260810
marRp,0.07692307692307693,12,12,GGGTACTAGGAGGGCCTACG,0,2230318
marRp,0.07692307692307693,12,12,GGGCTCTGCTATGGAAGCGG,0,2239801
marRp,0.07692307692307693,12,12,GGGACCACAGCTATCGAAGT,0,2253115
marRp,0.07692307692307693,12,12,GGCTGGTAGTTACCGTAAAA,0,2260909
marRp,0.07692307692307693,12,12,GGCGCTTCCGCGTTGCCGCT,0,2246468
marRp,0.07692307692307693,12,12,GGAGCGCTCAGCCGGCGGAT,0,2258609
marRp,0.07692307692307693,12,12,GCGTGATACATAGGCCTGGA,0,2239167
marRp,0.07692307692307693,12,12,GCGTAGCTCGGGGTCACCCT,0,2254055
marRp,0.07692307692307693,12,12,GCGGCCGGCGTCGGAGAGAA,0,2219266
marRp,0.07692307692307693,12,12,GCGCACGCCATATTAGGGTG,0,2239521
marRp,0.07692307692307693,12,12,GCCTTTTACGGTCCAGTGAG,0,2247150
marRp,0.07692307692307693,12,12,GCCGGACAATATTGAGCCAG,0,2249587
marRp,0.07692307692307693,12,12,GCCGCTCTACTGGAAAATGT,0,2217837
marRp,0.07692307692307693,12,12,GCCCCACGCTACATCAGGCC,0,2245629
marRp,0.07692307692307693,12,12,GCAAAGCCCGTCTGAACTAT,0,2223513
marRp,0.07692307692307693,12,12,GATCTGCGCAGCAGTTTTAA,0,2258670
marRp,0.07692307692307693,12,12,GACGTGGCGGTATGCAGGAC,0,2250545
marRp,0.07692307692307693,12,12,GACGCGATCTCGCATTCGAT,0,2221196
marRp,0.07692307692307693,12,12,GACACATTAAGTTTTATTTA,0,2240101
marRp,0.07692307692307693,12,12,GAATTCCGAGCAGTGGACGC,0,2257133
marRp,0.07692307692307693,12,12,GAAGTCACTCAGTTTCCGGT,0,2226994
marRp,0.07692307692307693,12,12,CTTACACGCTGATCAGAGAC,0,2242899
marRp,0.07692307692307693,12,12,CTTAATACTGTATTCAGCTG,0,2244751
marRp,0.07692307692307693,12,12,CTGCAAGCAAGCAATTTATT,0,2253123
marRp,0.07692307692307693,12,12,CTCTGCGCTTGGCATCTTCA,0,2254504
marRp,0.07692307692307693,12,12,CTCCGCAATGTTGGGCTTAT,0,2228561
marRp,0.07692307692307693,12,12,CTATGTTTCCCCTGCACTCG,0,2243919
marRp,0.07692307692307693,12,12,CTATAGTTAAACTGGTATAC,0,2220476
marRp,0.07692307692307693,12,12,CTAGCTTGGCAAAGGGGGGA,0,2218543
marRp,0.07692307692307693,12,12,CTAGCAGGTTGTTGTGAATA,0,2245926
marRp,0.07692307692307693,12,12,CGTTGCAGGCCAACATATTT,0,2235976
marRp,0.07692307692307693,12,12,CGTTCTCCTTTCATATGGGT,0,2254732
marRp,0.07692307692307693,12,12,CGTGCTTCCCGCGGCCTGTA,0,2253002
marRp,0.07692307692307693,12,12,CGTCAGGTGACGTTAGCTCA,0,2253133
marRp,0.07692307692307693,12,12,CGTATATCTGGTCACATGGT,0,2223731
marRp,0.07692307692307693,12,12,CGGCTGATGTATAACGTTTA,0,2232835
marRp,0.07692307692307693,12,12,CGCTTGACCCTTTCGTAGGG,0,2231318
marRp,0.07692307692307693,12,12,CGCAGGCGAGTAACGAAACC,0,2249079
marRp,0.07692307692307693,12,12,CGCAAAACTTATTATATTTG,0,2253076
marRp,0.07692307692307693,12,12,CGACAGCAGTTCGCTGGTTT,0,2228642
marRp,0.07692307692307693,12,12,CCTTAGCTAAACGTCTCCTT,0,2225966
marRp,0.07692307692307693,12,12,CCTGGCGGAACTCACTGTGA,0,2244889
marRp,0.07692307692307693,12,12,CCTAGTCACAGGGACCATCG,0,2220828
marRp,0.07692307692307693,12,12,CCGGTGTGAAAGTAACAGAT,0,2224879
marRp,0.07692307692307693,12,12,CCGAGACTGTGTTCAGGCCT,0,2234708
marRp,0.07692307692307693,12,12,CCCGGTACCGGCCGGGTGCT,0,2239971
marRp,0.07692307692307693,12,12,CCCAATGCCTATTTCGTCAG,0,2254334
marRp,0.07692307692307693,12,12,CCAGTATACGTCTACTCCGG,0,2232658
marRp,0.07692307692307693,12,12,CCAGGTGGAAACCCGCGGTG,0,2229654
marRp,0.07692307692307693,12,12,CCACAGCTTGTGGACTCCTC,0,2246191
marRp,0.07692307692307693,12,12,CATCTAAGGTGACCCAACGA,0,2246619
marRp,0.07692307692307693,12,12,CATATCATGTCAAGTGACCA,0,2241360
marRp,0.07692307692307693,12,12,CAGTGTTGTGATAAAAGCTT,0,2253812
marRp,0.07692307692307693,12,12,CACGCCACTAACCTACCTAA,0,2241444
marRp,0.07692307692307693,12,12,CACCTCTATCGGGGTTCGAA,0,2260507
marRp,0.07692307692307693,12,12,CAATGTAAGGGTCATCACGA,0,2230316
marRp,0.07692307692307693,12,12,CAATGGGACCAATCGCGACG,0,2235372
marRp,0.07692307692307693,12,12,CAAGTGTAATTTAGGAGGCT,0,2243079
marRp,0.07692307692307693,12,12,ATGGATCGGCCCTAGTAAGT,0,2238647
marRp,0.07692307692307693,12,12,ATGCAGTAGCTGAAGTAGAG,0,2222678
marRp,0.07692307692307693,12,12,ATCTTCTTGACGCTACTGTT,0,2236551
marRp,0.07692307692307693,12,12,ATCTTCGCCGTTGTGGGTCA,0,2245733
marRp,0.07692307692307693,12,12,ATCCTCATCATCCGAAATAG,0,2255485
marRp,0.07692307692307693,12,12,ATATGGCATAGCTGTTATCT,0,2221597
marRp,0.07692307692307693,12,12,ATAGCTGGCGGGTTAGTCTT,0,2225826
marRp,0.07692307692307693,12,12,ATAGCTCCCGGGGGGAGCGA,0,2241885
marRp,0.07692307692307693,12,12,AGGCACAGGCGGGAGGAATA,0,2226027
marRp,0.07692307692307693,12,12,AGCTGTCTCCACGAGGCTCT,0,2231113
marRp,0.07692307692307693,12,12,AGCTGATATAGATAGATTAG,0,2239015
marRp,0.07692307692307693,12,12,AGCGCTGGTACTAGCGAAAA,0,2228040
marRp,0.07692307692307693,12,12,AGCGACCAGTTTATACTATT,0,2260144
marRp,0.07692307692307693,12,12,AGCCCTAGGGCGTGCCTTCC,0,2223528
marRp,0.07692307692307693,12,12,AGAAAGTGTTTATCAACTAG,0,2234005
marRp,0.07692307692307693,12,12,ACTGGGCAGGCAGGACAGCA,0,2226014
marRp,0.07692307692307693,12,12,ACGGTCCATGCGGCCAGACT,0,2226214
marRp,0.07692307692307693,12,12,ACGGCCCTCCATCAAGGGGT,0,2234093
marRp,0.07692307692307693,12,12,ACCTTGACTCTTAGCCCTGC,0,2239873
marRp,0.07692307692307693,12,12,ACCGGGCAACAGTGTACGAC,0,2220794
marRp,0.07692307692307693,12,12,ACCGGCCCAGGCACGGTGCC,0,2247294
marRp,0.07692307692307693,12,12,ACCGCCAATCGATTACAGTT,0,2247732
marRp,0.07692307692307693,12,12,ACCCGTTAAGGCCCTGGGTA,0,2242403
marRp,0.07692307692307693,12,12,ACAAAGGCAGCCACGTCTGA,0,2228916
marRp,0.07692307692307693,12,12,AAGAAATCCGCTAGGTTTGG,0,2237140
marRp,0.07692307692307693,12,12,AACTGACACAGCGCGGTGAG,0,2234285
marRp,0.07692307692307693,12,12,AACGTACATGACAGGTGGAT,0,2225040
marRp,0.07692307692307693,12,12,AACCGGCTTCCGCGGCATCA,0,2241559
marRp,0.07692307692307693,12,12,AACCACTGCGTTGATCCGGA,0,2246575
marRp,0.07692307692307693,12,12,AAATCTTGTCCGGAGAATTT,0,2217902
marRp,0.07692307692307693,12,12,AAATCAGACCAACAACGATG,0,2229010
marRp,0.07692307692307693,12,12,AAAGATGAGATGCTCACGTA,0,2242999
marRp,0.08333333333333333,11,11,TTTTACGATGCATGTCTTGC,0,2251814
marRp,0.08333333333333333,11,11,TTTCGATCTCTGGGGTAAAA,0,2236643
marRp,0.08333333333333333,11,11,TTTCGACCATGATACCAATC,0,2245831
marRp,0.08333333333333333,11,11,TTTCAAAAGGACTCCATTGT,0,2252630
marRp,0.08333333333333333,11,11,TTCTTATATAGGGACAAAGT,0,2219513
marRp,0.08333333333333333,11,11,TTCAACTGTTTATCCACTAG,0,2242166
marRp,0.08333333333333333,11,11,TTCAACATCCAACGATTGCC,0,2229044
marRp,0.08333333333333333,11,11,TTATTTGGCCGTTTTGCACA,0,2259688
marRp,0.08333333333333333,11,11,TTATTCCAGTGTTGAACGCA,0,2231154
marRp,0.08333333333333333,11,11,TTATGGGTCGAGGCTGGGTA,0,2223887
marRp,0.08333333333333333,11,11,TTACAAGCGCATTAGTGACT,0,2234896
marRp,0.08333333333333333,11,11,TTAACGTAGCTCTTGCTCTA,0,2244442
marRp,0.08333333333333333,11,11,TGTGTTTAACGAGTCATAGC,0,2234008
marRp,0.08333333333333333,11,11,TGTCCATTACAATATGCAAT,0,2219478
marRp,0.08333333333333333,11,11,TGTATAGCGGCTTTATACAT,0,2255040
marRp,0.08333333333333333,11,11,TGGGCGTGGGCCTCTCAAGT,0,2222202
marRp,0.08333333333333333,11,11,TGGCGAGGCCCACGCAGATT,0,2230895
marRp,0.08333333333333333,11,11,TGCACAAATCTTATTTCGGT,0,2229860
marRp,0.08333333333333333,11,11,TGCAACCGGACCCCGGGGTA,0,2244900
marRp,0.08333333333333333,11,11,TCTCCAAAACGGGTACCGGT,0,2248271
marRp,0.08333333333333333,11,11,TCTCAGTAAGGCGGATGCGC,0,2243593
marRp,0.08333333333333333,11,11,TCGGTGGCCTGTTGCAATAG,0,2242115
marRp,0.08333333333333333,11,11,TCGGGTATCCTAACATGGGT,0,2221033
marRp,0.08333333333333333,11,11,TCGGAAAGATGTCGCTTCGC,0,2225828
marRp,0.08333333333333333,11,11,TCGCGAGCGGGTGCAGAGTG,0,2254488
marRp,0.08333333333333333,11,11,TCCATGGGCTCATGGGTTGA,0,2233140
marRp,0.08333333333333333,11,11,TCCAAAATTGTGTAGTCGGA,0,2252801
marRp,0.08333333333333333,11,11,TCATCTGTGGGTTAGTACCT,0,2234223
marRp,0.08333333333333333,11,11,TCATCAAGGTTCGCGAAAGA,0,2231592
marRp,0.08333333333333333,11,11,TCAATGCAAGCCGTTCATGC,0,2252821
marRp,0.08333333333333333,11,11,TCAACTGGCCGAAGACTCGT,0,2221730
marRp,0.08333333333333333,11,11,TATGAAGGTGTTTTATCGCT,0,2254057
marRp,0.08333333333333333,11,11,TAGGCAAGGAAGGTTTCCAT,0,2248676
marRp,0.08333333333333333,11,11,TAGACTCAGGCGGCGCCCAT,0,2229842
marRp,0.08333333333333333,11,11,TACAGGGGCACGCTCTTTAT,0,2234949
marRp,0.08333333333333333,11,11,GTTTTTTCCGTCTCTTAGAG,0,2222058
marRp,0.08333333333333333,11,11,GTTGGATGTAGTCTACACAT,0,2223481
marRp,0.08333333333333333,11,11,GTTCGCACGTAGGTCCGTCC,0,2233585
marRp,0.08333333333333333,11,11,GTGTCATACAAATGCCACAT,0,2250575
marRp,0.08333333333333333,11,11,GTGGTGGAAGTACCCAACTG,0,2243991
marRp,0.08333333333333333,11,11,GTGGTCTCATAAGCCTGGCG,0,2251938
marRp,0.08333333333333333,11,11,GTCCCGCCGACTTCGTGATT,0,2229011
marRp,0.08333333333333333,11,11,GTCAGTGACGTCTAGTACGT,0,2220702
marRp,0.08333333333333333,11,11,GTATATCGTTAGTCTTGTGT,0,2248729
marRp,0.08333333333333333,11,11,GTAGGCTATCGGTCAAACGA,0,2234229
marRp,0.08333333333333333,11,11,GTAGCTGCGTCCAAATATCA,0,2242288
marRp,0.08333333333333333,11,11,GTACTGGTCCGATCCTCGGC,0,2228813
marRp,0.08333333333333333,11,11,GTAAAGGTCTGTGTGGAACT,0,2256952
marRp,0.08333333333333333,11,11,GGTTTCGCACTTTGTGATTG,0,2220115
marRp,0.08333333333333333,11,11,GGTTGTTGGTCTGCTCTTTT,0,2244794
marRp,0.08333333333333333,11,11,GGTAATTGTCCGATGGTGGG,0,2232466
marRp,0.08333333333333333,11,11,GGGCAGTTTAGGCATAACAA,0,2244212
marRp,0.08333333333333333,11,11,GGCCAGTAATCGGTCAGTAC,0,2225530
marRp,0.08333333333333333,11,11,GGCCAACTGCCACTTACAAT,0,2249602
marRp,0.08333333333333333,11,11,GGAGTAAACGAAAATGACAG,0,2236926
marRp,0.08333333333333333,11,11,GCTTGCCGTCGAAAGCGTGA,0,2227054
marRp,0.08333333333333333,11,11,GCGGAGATGTGCATTATGTG,0,2240217
marRp,0.08333333333333333,11,11,GCGCTGTGTAAACGACCCGC,0,2233438
marRp,0.08333333333333333,11,11,GCCTTCCCCCAAGAAAAAAG,0,2235369
marRp,0.08333333333333333,11,11,GCCTGGGGACCTTACCAAGA,0,2246313
marRp,0.08333333333333333,11,11,GCCGTGGGGCGTACTGCTAG,0,2252421
marRp,0.08333333333333333,11,11,GCCCGCGTGAGCGAAATAAC,0,2222502
marRp,0.08333333333333333,11,11,GATTAGAAGCGCCCACCAAA,0,2221753
marRp,0.08333333333333333,11,11,GATAGCTAAACGGGTGACCT,0,2244736
marRp,0.08333333333333333,11,11,GAGACCATCGAGGCGGGATT,0,2220787
marRp,0.08333333333333333,11,11,GAAGTACACATTTGAATGTA,0,2237603
marRp,0.08333333333333333,11,11,GAACTTCTGTTCAGTTAGAT,0,2232690
marRp,0.08333333333333333,11,11,GAACGGGAATTTTAAATCAA,0,2255866
marRp,0.08333333333333333,11,11,GAACAGTATTTTCTTTGGCA,0,2254034
marRp,0.08333333333333333,11,11,GAACAGAATTAATGGATGGT,0,2223873
marRp,0.08333333333333333,11,11,CTTTATTGACAATTATGCAA,0,2225467
marRp,0.08333333333333333,11,11,CTTCGTGGGGATCCAGCGTG,0,2222956
marRp,0.08333333333333333,11,11,CTTCCCGGATGACGAGGGCT,0,2218599
marRp,0.08333333333333333,11,11,CTTCAATTATTAGTTCGGGT,0,2244401
marRp,0.08333333333333333,11,11,CTGGTAGACAGCACCCCGAG,0,2249612
marRp,0.08333333333333333,11,11,CTGGGGTACCTGACAACATC,0,2244576
marRp,0.08333333333333333,11,11,CTGGAGCGGAACAGACCAAT,0,2241631
marRp,0.08333333333333333,11,11,CTGCGCCAGGAGCCCGGAAA,0,2236436
marRp,0.08333333333333333,11,11,CTGCGAGTCCCAGGAACTTA,0,2245938
marRp,0.08333333333333333,11,11,CTCTGTCACTTATATTAGAC,0,2253447
marRp,0.08333333333333333,11,11,CTCCCGTCGTACTTCTCTAT,0,2234957
marRp,0.08333333333333333,11,11,CTAAGTCCGACCTTAATCGA,0,2224476
marRp,0.08333333333333333,11,11,CTAAGCGATTACGTAGATAA,0,2224054
marRp,0.08333333333333333,11,11,CTAAACTGCGGCTTTCTGTG,0,2235534
marRp,0.08333333333333333,11,11,CGTGGCATTCAGCACTGTCA,0,2254495
marRp,0.08333333333333333,11,11,CGTACAATCGAGAGCCGTTT,0,2232339
marRp,0.08333333333333333,11,11,CGGGTTGGTACAGTGTATGC,0,2236982
marRp,0.08333333333333333,11,11,CGGGATGGTTATCAGGAATG,0,2240146
marRp,0.08333333333333333,11,11,CGGGAACTAAGTGTATGATA,0,2245108
marRp,0.08333333333333333,11,11,CGGATACGAATCGATTCCCA,0,2239497
marRp,0.08333333333333333,11,11,CGCCTTATGCCTCTGTTCAT,0,2244602
marRp,0.08333333333333333,11,11,CGATTCTAGCTGGGCGGTGT,0,2241650
marRp,0.08333333333333333,11,11,CGATCTTTTTGTTGGTGAGA,0,2219603
marRp,0.08333333333333333,11,11,CGAGCCGCAGATAGTGATCA,0,2251029
marRp,0.08333333333333333,11,11,CGAATTTGTGGTAGGCTATG,0,2260077
marRp,0.08333333333333333,11,11,CCTTGTCTCGGATTAGTCAC,0,2238590
marRp,0.08333333333333333,11,11,CCTTACCAGCTAAGGTAGGC,0,2235739
marRp,0.08333333333333333,11,11,CCTCACGTCGGTGAGCCAAG,0,2250030
marRp,0.08333333333333333,11,11,CCGTGCGTAGTTTGCTTCCT,0,2251689
marRp,0.08333333333333333,11,11,CCGTCAGTGCGCGCCAGCCC,0,2235584
marRp,0.08333333333333333,11,11,CCGGAAGCTGGATGATGATG,0,2237980
marRp,0.08333333333333333,11,11,CCGCAACTTGCCAATGCACA,0,2240073
marRp,0.08333333333333333,11,11,CCCACACTGTATTCATAGAC,0,2220612
marRp,0.08333333333333333,11,11,CCAGGGTCACCACCTATGAT,0,2238691
marRp,0.08333333333333333,11,11,CCACCTTGCGCGCCTATTCA,0,2230407
marRp,0.08333333333333333,11,11,CATGGTTGTTAAAGAAGTAC,0,2228482
marRp,0.08333333333333333,11,11,CATGGTGTCAGATGAACGAG,0,2240133
marRp,0.08333333333333333,11,11,CAGGTTCCAGGGTATTGCTT,0,2250025
marRp,0.08333333333333333,11,11,CAGGGGCTCCCCCGTTAAGA,0,2226207
marRp,0.08333333333333333,11,11,CAGGCGGTCCCTAGATGTGG,0,2223633
marRp,0.08333333333333333,11,11,CAGGATCACTTACGTTCTAA,0,2229998
marRp,0.08333333333333333,11,11,CAGCGGGAGGATGTTTCCCC,0,2233410
marRp,0.08333333333333333,11,11,CAGCATCGTGTTGGGCAGAT,0,2233059
marRp,0.08333333333333333,11,11,CAGCAACAGCAGCCTGTGAA,0,2248991
marRp,0.08333333333333333,11,11,CACTTGAAACGGCAAACAGG,0,2227037
marRp,0.08333333333333333,11,11,CACGTTCCACTTCTCGGCTT,0,2241763
marRp,0.08333333333333333,11,11,CACCTTACCCGAAAACACGG,0,2230973
marRp,0.08333333333333333,11,11,CAATGTGAAAGGGGCCAGCA,0,2222292
marRp,0.08333333333333333,11,11,CAAAGTGATAAGCACAGAAT,0,2234946
marRp,0.08333333333333333,11,11,ATTTGTTTGTAAATTCTCCC,0,2260009
marRp,0.08333333333333333,11,11,ATTTACGACTAAAACCTACG,0,2236250
marRp,0.08333333333333333,11,11,ATTTACATCGGGTCACAACT,0,2218272
marRp,0.08333333333333333,11,11,ATTCGGTGTAAAAGTACCAT,0,2256397
marRp,0.08333333333333333,11,11,ATTCCACGTCTGGTCTACCC,0,2231860
marRp,0.08333333333333333,11,11,ATCCCGGTTGAGTATGTCCT,0,2221396
marRp,0.08333333333333333,11,11,ATCAGCAGAAGCCCCGCATG,0,2218505
marRp,0.08333333333333333,11,11,ATATGATAATGCTTTCTGGC,0,2242909
marRp,0.08333333333333333,11,11,ATAGTGTCACGCTTGAGTAT,0,2238640
marRp,0.08333333333333333,11,11,ATAGAATGGCGATCGTATGA,0,2220288
marRp,0.08333333333333333,11,11,ATACTGGTAGCGTGTAGTTT,0,2245887
marRp,0.08333333333333333,11,11,ATACGGGCGCGAAGGATCCT,0,2251023
marRp,0.08333333333333333,11,11,AGTGGGGATCATGAAGTAAC,0,2224300
marRp,0.08333333333333333,11,11,AGTGCATACTGGTATAGGTT,0,2256128
marRp,0.08333333333333333,11,11,AGTATAAAGTATTCGGTATG,0,2242994
marRp,0.08333333333333333,11,11,AGGTTAACCGCAAGATAAAT,0,2238245
marRp,0.08333333333333333,11,11,AGGTCACACATATGTCACAT,0,2241459
marRp,0.08333333333333333,11,11,AGGTAGTATTTCATTGATAT,0,2250224
marRp,0.08333333333333333,11,11,AGGCCATCTATCATTAAACG,0,2227733
marRp,0.08333333333333333,11,11,AGGCAACCTTTTGCGGGTGA,0,2224698
marRp,0.08333333333333333,11,11,AGCGGAACTCCAAGTGTGAA,0,2254142
marRp,0.08333333333333333,11,11,AGCCGGAAAGGAAAGAGTCC,0,2244616
marRp,0.08333333333333333,11,11,AGAGGTACAATATACCCGTC,0,2238586
marRp,0.08333333333333333,11,11,AGAATTTTCTCGAGCCAAAA,0,2256445
marRp,0.08333333333333333,11,11,AGAAGCGCTAATCAGTGGCT,0,2245539
marRp,0.08333333333333333,11,11,ACTCACCAAATTGGCGACAA,0,2237253
marRp,0.08333333333333333,11,11,ACGCCGGAGCACTACCTCAA,0,2237069
marRp,0.08333333333333333,11,11,ACCTATCTAATAAGTTTAGT,0,2243483
marRp,0.08333333333333333,11,11,ACCGAGAGCATATCCGGACC,0,2222736
marRp,0.08333333333333333,11,11,ACCAATGACAGGGATCACTA,0,2222682
marRp,0.08333333333333333,11,11,ACAGCTGCCTGTTAAGTTTC,0,2219985
marRp,0.08333333333333333,11,11,ACAGCTCAGCGGGCCACGGA,0,2235771
marRp,0.08333333333333333,11,11,ACAGCATCCGTTGTACCGCG,0,2230955
marRp,0.08333333333333333,11,11,ACACGGTAAAATATAACTGA,0,2247184
marRp,0.08333333333333333,11,11,ACAAATCGGTAACGGTGCAG,0,2242723
marRp,0.08333333333333333,11,11,AATGTTCGGAAATCACCAAA,0,2222228
marRp,0.08333333333333333,11,11,AAGAGTGTTTCACTACTTGT,0,2219973
marRp,0.08333333333333333,11,11,AACCCCTGGGTTCCACGTTA,0,2253756
marRp,0.08333333333333333,11,11,AACAGGAACAATGAGAAAAC,0,2221442
marRp,0.08333333333333333,11,11,AAATTAAAGGGGGAACTTGG,0,2253163
marRp,0.08333333333333333,11,11,AAAAGCCAGGTATACTCGTG,0,2251513
marRp,0.09090909090909091,10,10,TTTTGCATGCCTCAGTGGGT,0,2251526
marRp,0.09090909090909091,10,10,TTTTCAGTGGTTGGATTTGC,0,2249629
marRp,0.09090909090909091,10,10,TTTTAACATGTTCCTTAACG,0,2251424
marRp,0.09090909090909091,10,10,TTTGCGCAATCGTATAGGTA,0,2258952
marRp,0.09090909090909091,10,10,TTTATTTTGGACACCCCGGC,0,2234453
marRp,0.09090909090909091,10,10,TTGTCTGCGCCGCTGAAACA,0,2252659
marRp,0.09090909090909091,10,10,TTGTCGATCGGGATACAGCA,0,2236541
marRp,0.09090909090909091,10,10,TTGGTAAATACCAGATGGAA,0,2255494
marRp,0.09090909090909091,10,10,TTGGGCGATCAAACAGCTGT,0,2248302
marRp,0.09090909090909091,10,10,TTGCAGGGACACCATATAGG,0,2246300
marRp,0.09090909090909091,10,10,TTGAGTCGCGGGTCTCACCC,0,2256704
marRp,0.09090909090909091,10,10,TTGACGTCGCGTCCGCAACA,0,2260191
marRp,0.09090909090909091,10,10,TTCTGTCTTTTATACGGACG,0,2256712
marRp,0.09090909090909091,10,10,TTCGCTGCCTCCATTTGATG,0,2260993
marRp,0.09090909090909091,10,10,TTCGACTGCAATCTGTCTTA,0,2231556
marRp,0.09090909090909091,10,10,TTCCCACAGAGTGCGTCATA,0,2241574
marRp,0.09090909090909091,10,10,TTAGGAGTATAAAATGTTGT,0,2259315
marRp,0.09090909090909091,10,10,TTACTGCCCTGCGGTCAACG,0,2232656
marRp,0.09090909090909091,10,10,TTACGGCGTCTACTAGCTGG,0,2234847
marRp,0.09090909090909091,10,10,TTACACGGAACATGCGCCAT,0,2237312
marRp,0.09090909090909091,10,10,TGTTTGCGACCACTGGCGCG,0,2244487
marRp,0.09090909090909091,10,10,TGTTGCTCGTCCTGGCGCAA,0,2232594
marRp,0.09090909090909091,10,10,TGTGTGGTGCTGTGGTTTCT,0,2255501
marRp,0.09090909090909091,10,10,TGTCCTTGGTGACGTGTGCG,0,2229760
marRp,0.09090909090909091,10,10,TGTCCGCGCTTACCGGGTGG,0,2222373
marRp,0.09090909090909091,10,10,TGGTCTCGTTTAATGCGGGA,0,2222163
marRp,0.09090909090909091,10,10,TGGGTCACGTTTAACCTGTT,0,2229652
marRp,0.09090909090909091,10,10,TGGGATTAGTTGCTTATATC,0,2234098
marRp,0.09090909090909091,10,10,TGCCCGTGTCTGGGGTACCC,0,2227167
marRp,0.09090909090909091,10,10,TGCCCACGGAGATATTGTCA,0,2248458
marRp,0.09090909090909091,10,10,TGATGCCTCACATACCTTGT,0,2234265
marRp,0.09090909090909091,10,10,TGATCGCGCGAGTGAGGTTG,0,2218304
marRp,0.09090909090909091,10,10,TGACTGGGCCTCTAACCGGC,0,2233416
marRp,0.09090909090909091,10,10,TCTGCGAATGCCGTCTTGTT,0,2232649
marRp,0.09090909090909091,10,10,TCGTTTAGAAGCGCGTTAGG,0,2230078
marRp,0.09090909090909091,10,10,TCGGACAGAAGTGAACGTCG,0,2232969
marRp,0.09090909090909091,10,10,TCGCGGTCTGCGGTTTAATG,0,2246217
marRp,0.09090909090909091,10,10,TCGATACCGGTAGAAAAGTA,0,2223760
marRp,0.09090909090909091,10,10,TCGAGTTCGACGAGGTTAAA,0,2221888
marRp,0.09090909090909091,10,10,TCGAGGGTGGAAGAATAGAG,0,2223770
marRp,0.09090909090909091,10,10,TCCAGTGGGCATAATGAACT,0,2217991
marRp,0.09090909090909091,10,10,TCATGGCACATTCTCTTGTA,0,2219394
marRp,0.09090909090909091,10,10,TCAGCTATATGGCTCAACTC,0,2238356
marRp,0.09090909090909091,10,10,TATTCAGGGCGTCTGGAAAG,0,2235628
marRp,0.09090909090909091,10,10,TATGCTGCCCGCTTTTTACA,0,2245073
marRp,0.09090909090909091,10,10,TATGCGTATTCCCCGACACT,0,2225713
marRp,0.09090909090909091,10,10,TAGCTTTAGGCCCACCGGGT,0,2227310
marRp,0.09090909090909091,10,10,TAGCTAAGACCGCCGTATAA,0,2223486
marRp,0.09090909090909091,10,10,TACGGATTCGCAGTCAATAA,0,2250982
marRp,0.09090909090909091,10,10,TAACGCTCGTACGTCGCAAG,0,2239265
marRp,0.09090909090909091,10,10,TAACCGGTCCCTGCCAACAG,0,2231908
marRp,0.09090909090909091,10,10,TAAACCAACCCAGGGAAGGC,0,2221385
marRp,0.09090909090909091,10,10,TAAAAGGTGCTAATATCGTA,0,2218820
marRp,0.09090909090909091,10,10,GTTTCCCTAAGGCGCAAGAT,0,2242898
marRp,0.09090909090909091,10,10,GTTGATCTTCGGAAGAGAAA,0,2222973
marRp,0.09090909090909091,10,10,GTTCGAACTGGAAACTTGAA,0,2237859
marRp,0.09090909090909091,10,10,GTTAGTGGTAGCTACCTAGT,0,2221092
marRp,0.09090909090909091,10,10,GTGACGGTACCGAGGTACAA,0,2225110
marRp,0.09090909090909091,10,10,GTCTTCACACGGAGGTAGTT,0,2225784
marRp,0.09090909090909091,10,10,GTATTAGATCGGGGTGCTCA,0,2231226
marRp,0.09090909090909091,10,10,GTACTCTTGGGCATCGATGC,0,2260924
marRp,0.09090909090909091,10,10,GTAAGTTAAGTGCGGCAAGG,0,2229854
marRp,0.09090909090909091,10,10,GGTCTGAGGCTCCGTGTGCC,0,2236390
marRp,0.09090909090909091,10,10,GGTCGTCGCACAGTCTCACT,0,2231717
marRp,0.09090909090909091,10,10,GGTCAAACGAGGGTACGCTC,0,2255998
marRp,0.09090909090909091,10,10,GGGTAAGGAGTTAACGTAAT,0,2244370
marRp,0.09090909090909091,10,10,GGGGGACCGCCGGCGACACT,0,2251935
marRp,0.09090909090909091,10,10,GGGCAGCGAGCCTACCGCTA,0,2218195
marRp,0.09090909090909091,10,10,GGGATCAAATCAGGCACATG,0,2218869
marRp,0.09090909090909091,10,10,GGCTGTTAATGAGCATGGAG,0,2223920
marRp,0.09090909090909091,10,10,GGCTAGGGTGGGCGGCATGG,0,2241208
marRp,0.09090909090909091,10,10,GGCGAGTCGCCCTCAATAGA,0,2224130
marRp,0.09090909090909091,10,10,GGATTGGTCGGACCTAGGTG,0,2230526
marRp,0.09090909090909091,10,10,GGATTCCTCCGTCCAGGGGG,0,2226017
marRp,0.09090909090909091,10,10,GGAGGATCTAGATTGTATAC,0,2254703
marRp,0.09090909090909091,10,10,GCTGTCAGTATAAGGAAGGT,0,2243342
marRp,0.09090909090909091,10,10,GCTAGGGTCCTATGTTTCTG,0,2239082
marRp,0.09090909090909091,10,10,GCGGTATAGATACGTCAAAG,0,2227071
marRp,0.09090909090909091,10,10,GCGGGTCAGGGTTTCTATGG,0,2226481
marRp,0.09090909090909091,10,10,GCGGCCAGATAGTACTTGAA,0,2221669
marRp,0.09090909090909091,10,10,GCCATCATGGAGATTTTAGG,0,2227586
marRp,0.09090909090909091,10,10,GCCAGATCTCATGAACCAGT,0,2230728
marRp,0.09090909090909091,10,10,GCCAACCATGCACATTGGGT,0,2232913
marRp,0.09090909090909091,10,10,GCATAGATAAAGGAATGAGG,0,2239869
marRp,0.09090909090909091,10,10,GCACCTACAAGATACTCTTT,0,2224584
marRp,0.09090909090909091,10,10,GCAATCACCGCGATTCGCCC,0,2220024
marRp,0.09090909090909091,10,10,GATTTTAACGGGTGTTAACC,0,2239868
marRp,0.09090909090909091,10,10,GATCAGCTAAAATCCAGTGA,0,2261099
marRp,0.09090909090909091,10,10,GATATGGCGCGCATTGGCCT,0,2248751
marRp,0.09090909090909091,10,10,GATACGTCTGGGCACGATGG,0,2221455
marRp,0.09090909090909091,10,10,GAGTCGTGAATTCCATCGTA,0,2233163
marRp,0.09090909090909091,10,10,GAGTAAAACCTGTCAGTTTA,0,2233267
marRp,0.09090909090909091,10,10,GAGCAAAGGGTCGGATACCT,0,2239041
marRp,0.09090909090909091,10,10,GAGAGAACAATTCAGCATCC,0,2254660
marRp,0.09090909090909091,10,10,GACCGAAACGTGCAAGATTT,0,2247442
marRp,0.09090909090909091,10,10,GACCACCTGAATTTCTATCC,0,2238697
marRp,0.09090909090909091,10,10,GAATTGCTCACTTACGCGGT,0,2233000
marRp,0.09090909090909091,10,10,CTTTCCCGTTTGTCAAGTTT,0,2233142
marRp,0.09090909090909091,10,10,CTTGAATTGCACTTTGGCTA,0,2218183
marRp,0.09090909090909091,10,10,CTTCGTAGTAGGGAGAGAGG,0,2234148
marRp,0.09090909090909091,10,10,CTTCCATTACTCGTATCTCG,0,2235026
marRp,0.09090909090909091,10,10,CTTCATTGTTAGAAAAGCGG,0,2252273
marRp,0.09090909090909091,10,10,CTTAGAAGCGAAGGTCTTTT,0,2257756
marRp,0.09090909090909091,10,10,CTTACTGCTTAAGTCGGGAG,0,2221354
marRp,0.09090909090909091,10,10,CTGTTGGGGCTCGCCTACGG,0,2250898
marRp,0.09090909090909091,10,10,CTGGTTCTGGGCAACCTCAA,0,2231029
marRp,0.09090909090909091,10,10,CTGGTAGTAGACAGAGATAA,0,2241779
marRp,0.09090909090909091,10,10,CTGGCAGGCGCTTGAGGATA,0,2248355
marRp,0.09090909090909091,10,10,CTCGTGGTATGCTACTGCGG,0,2256547
marRp,0.09090909090909091,10,10,CTCGCCGAGCTCCCCCCACA,0,2250643
marRp,0.09090909090909091,10,10,CTCGCAATAAGGCTTGGACT,0,2258812
marRp,0.09090909090909091,10,10,CTCAAAGGACACACTTTTTT,0,2237524
marRp,0.09090909090909091,10,10,CTAGACCCTGCCTTAGATAC,0,2246298
marRp,0.09090909090909091,10,10,CGTTGGACCTGTCTTCGACA,0,2229238
marRp,0.09090909090909091,10,10,CGTCTTGACCCTCGCATTCG,0,2241787
marRp,0.09090909090909091,10,10,CGTCACGAGTATTTCCAGTT,0,2225244
marRp,0.09090909090909091,10,10,CGTATGTCAGTCCTTTGGCA,0,2222900
marRp,0.09090909090909091,10,10,CGTAAAGGGGTTACGGTAAG,0,2242552
marRp,0.09090909090909091,10,10,CGGGGAGAATTCTTATCAGA,0,2244485
marRp,0.09090909090909091,10,10,CGGGCGGACACTAGCTGGGT,0,2257517
marRp,0.09090909090909091,10,10,CGGCGGTATTTTACAAGGCA,0,2243547
marRp,0.09090909090909091,10,10,CGGCGGTACCTTCCACGGAA,0,2235869
marRp,0.09090909090909091,10,10,CGGCGAGGCGAAAGTACATT,0,2231571
marRp,0.09090909090909091,10,10,CGGCGAGACAGCGAACGTTC,0,2218465
marRp,0.09090909090909091,10,10,CGCAGGGCCATGCCTCAATC,0,2256908
marRp,0.09090909090909091,10,10,CGATGACGGGGCTGGTCTCA,0,2231976
marRp,0.09090909090909091,10,10,CGACCTTTGAGATCTAGTCT,0,2235255
marRp,0.09090909090909091,10,10,CGAATGTTTCCTCGAGTCGG,0,2232527
marRp,0.09090909090909091,10,10,CGAAATGGTTAACCACGTGC,0,2249404
marRp,0.09090909090909091,10,10,CCTCGCTCCTTTCCGTTGCC,0,2258767
marRp,0.09090909090909091,10,10,CCTAACGGTTATCTCTCGTG,0,2219673
marRp,0.09090909090909091,10,10,CCGGCGACACAGGGGACCCA,0,2228363
marRp,0.09090909090909091,10,10,CCGCATCATAATCATGTCAT,0,2223730
marRp,0.09090909090909091,10,10,CCCGGTCTCCACTATGGCTC,0,2224880
marRp,0.09090909090909091,10,10,CCATTAGTGTGGTCTCGGTA,0,2234707
marRp,0.09090909090909091,10,10,CCACAAGGATCTTGGAGCTG,0,2249724
marRp,0.09090909090909091,10,10,CAGCTCCGCCCCATAGTGCG,0,2244403
marRp,0.09090909090909091,10,10,CACGCAAGCTAATGAATTAA,0,2251480
marRp,0.09090909090909091,10,10,CACCTATTGAGTCATAACGC,0,2249726
marRp,0.09090909090909091,10,10,CACACGTATGCGTAAGACGG,0,2246257
marRp,0.09090909090909091,10,10,CACACAAGCGCCCGACATCT,0,2230893
marRp,0.09090909090909091,10,10,CAATGATTGTTTTTGCGACG,0,2235710
marRp,0.09090909090909091,10,10,CAATATGCTCATCACGACTG,0,2247324
marRp,0.09090909090909091,10,10,CAAGTATACGGCCGGTCATG,0,2256541
marRp,0.09090909090909091,10,10,CAAGATGCGCCATATTCGCT,0,2247697
marRp,0.09090909090909091,10,10,ATTTGGCGCTGACTCTCTTC,0,2233213
marRp,0.09090909090909091,10,10,ATTCCAATGAGACAGAAACA,0,2232421
marRp,0.09090909090909091,10,10,ATTAGTGCTAACACTACTGT,0,2258660
marRp,0.09090909090909091,10,10,ATGTTCTCGTGCTCGAGTGT,0,2257834
marRp,0.09090909090909091,10,10,ATGCCTTGTATCGTAAAAGT,0,2248757
marRp,0.09090909090909091,10,10,ATCTGATCGTACGACGTTTC,0,2237970
marRp,0.09090909090909091,10,10,ATCTCCGGGGCATAAAGCGT,0,2253221
marRp,0.09090909090909091,10,10,ATCGGGTCCACTGTGCGGAG,0,2238188
marRp,0.09090909090909091,10,10,ATCCGGAGTAAGCAGACTGA,0,2229439
marRp,0.09090909090909091,10,10,ATCCGATTTTGCAAAGTCTA,0,2250858
marRp,0.09090909090909091,10,10,ATATATTTGCTGTTAAGGGT,0,2219132
marRp,0.09090909090909091,10,10,AGTTGGTTCCTGAGCATATG,0,2243825
marRp,0.09090909090909091,10,10,AGTTCGTAATAGTGGTCTAC,0,2228420
marRp,0.09090909090909091,10,10,AGTGTTTGGCGCGACGCAGG,0,2242501
marRp,0.09090909090909091,10,10,AGTGGTCCTGTAGTTTCTGA,0,2252782
marRp,0.09090909090909091,10,10,AGTCGATACGTCCCTCCGTT,0,2241159
marRp,0.09090909090909091,10,10,AGTCACCTGGGCGGAGTAAT,0,2256964
marRp,0.09090909090909091,10,10,AGGTCTTCCTAGATTTCCCA,0,2242114
marRp,0.09090909090909091,10,10,AGGTATGAGGAGCAAATTAC,0,2244222
marRp,0.09090909090909091,10,10,AGGTACTCGTGTGGTCTAAA,0,2240010
marRp,0.09090909090909091,10,10,AGGCGCTGAGAAGTCCCGTT,0,2257218
marRp,0.09090909090909091,10,10,AGGCGCTCTATCCAACCGTG,0,2259205
marRp,0.09090909090909091,10,10,AGGACTGCGCGGTCAGTGTA,0,2228201
marRp,0.09090909090909091,10,10,AGCTCAAGCGGACGTAGGCT,0,2221739
marRp,0.09090909090909091,10,10,AGCGCCTGCTTCAAGAGCGT,0,2233480
marRp,0.09090909090909091,10,10,AGCAGCAAAACATTCTGTGG,0,2241077
marRp,0.09090909090909091,10,10,AGATCAAAGCTCGGCGCGGA,0,2233268
marRp,0.09090909090909091,10,10,AGAGGTCATCTACTATATTA,0,2253274
marRp,0.09090909090909091,10,10,AGACTATTACAATGCCAGAT,0,2229942
marRp,0.09090909090909091,10,10,AGAACTAAGTTCCATAGCCG,0,2221683
marRp,0.09090909090909091,10,10,AGAACAGTTGAGTCCCGTTT,0,2218956
marRp,0.09090909090909091,10,10,ACTTGTCTCTCCCACCTCCA,0,2244068
marRp,0.09090909090909091,10,10,ACTGACGGGCCTGGGACGAT,0,2219646
marRp,0.09090909090909091,10,10,ACTCCTCTACAGTTAGCAAA,0,2222740
marRp,0.09090909090909091,10,10,ACTCACACGATGTTAACGAT,0,2220455
marRp,0.09090909090909091,10,10,ACTCAATGGTATTGCGTCAG,0,2239296
marRp,0.09090909090909091,10,10,ACGGTTAGTCTTTGTCGTGG,0,2221389
marRp,0.09090909090909091,10,10,ACGGATGTATGCCTATTGTC,0,2221925
marRp,0.09090909090909091,10,10,ACCGACAATCGTTGTAAATT,0,2224070
marRp,0.09090909090909091,10,10,ACCATAGGACCCGATAGTGA,0,2217859
marRp,0.09090909090909091,10,10,ACAGCTTCTACGCTAACAGC,0,2225371
marRp,0.09090909090909091,10,10,ACAACCGTCTCAAGAGATGA,0,2247256
marRp,0.09090909090909091,10,10,AAGTTCGAGTTAGGTCGAGG,0,2238972
marRp,0.09090909090909091,10,10,AAGTATGGCATCTACTGAAT,0,2223503
marRp,0.09090909090909091,10,10,AAGGGTAAAACTCTCCGGAA,0,2254423
marRp,0.09090909090909091,10,10,AAGGGCTCCCGCTGGCGTAG,0,2236225
marRp,0.09090909090909091,10,10,AAGGCCGTCCCCACAATGTG,0,2231893
marRp,0.09090909090909091,10,10,AAGCTTCAGCGAGCAGATGC,0,2258571
marRp,0.09090909090909091,10,10,AACAGTCGCCATTCGTAATA,0,2248351
marRp,0.09090909090909091,10,10,AACAGACGCCAGGCGGAACA,0,2224635
marRp,0.09090909090909091,10,10,AACACGCAAGATAAGGGGCT,0,2226882
marRp,0.09090909090909091,10,10,AAAGTCCCGCGGCGCAAGAG,0,2253254
marRp,0.09090909090909091,10,10,AAAAAGCTACTGATACTATA,0,2226292
marRp,0.1,9,9,TTTTCTTTGCTACTGTACAG,0,2251365
marRp,0.1,9,9,TTTCAGGTCCGGGTTGCTAC,0,2243768
marRp,0.1,9,9,TTGGCTCAGCCCGCTCTTCG,0,2254741
marRp,0.1,9,9,TTGCTCTGGACATACCCCGG,0,2244617
marRp,0.1,9,9,TTGCAACACGTACTTCCAGT,0,2230448
marRp,0.1,9,9,TTCTCCCGCCCACAATGGGA,0,2256206
marRp,0.1,9,9,TTCTACGCAGGTTATACGCA,0,2258095
marRp,0.1,9,9,TTCTACCGATTCCTCAAACT,0,2219436
marRp,0.1,9,9,TTCCGACTGTCGGGGGATGG,0,2238411
marRp,0.1,9,9,TTACAGTTAAGGGACTATGA,0,2244098
marRp,0.1,9,9,TGTTTCACCAAAGATAGAGA,0,2254988
marRp,0.1,9,9,TGTCGTTCGTGTAGGAACAA,0,2238506
marRp,0.1,9,9,TGGTGACGCTTAGAAGGGTT,0,2225597
marRp,0.1,9,9,TGGCGATAGTACTGAGGAAC,0,2239946
marRp,0.1,9,9,TGCTGTCCAGAGCCGGGACG,0,2254005
marRp,0.1,9,9,TGCCTAGGCCTTAGGGCGGA,0,2222901
marRp,0.1,9,9,TGCCGGCGGGATATATGAGA,0,2243823
marRp,0.1,9,9,TGCCCGGTCCTCAGGTGGAT,0,2256986
marRp,0.1,9,9,TGAGAGTGACCGCTAGCCCG,0,2238500
marRp,0.1,9,9,TCTACCGCAACTGCGATTCG,0,2220888
marRp,0.1,9,9,TCGTTGCGTGCATATCCGGA,0,2221444
marRp,0.1,9,9,TCGTGTGCTAGTACGGAGTA,0,2230755
marRp,0.1,9,9,TCGGTGGACGATCAAAAGGG,0,2244610
marRp,0.1,9,9,TCGCGATTAGATTGGCGGGG,0,2248172
marRp,0.1,9,9,TCGATAATTTTCACTCCTAA,0,2253387
marRp,0.1,9,9,TCGAGTGGTTCACTTAGCGG,0,2233482
marRp,0.1,9,9,TCGAGGTATCCTACCCCAAC,0,2253080
marRp,0.1,9,9,TCGAATCATTAGGTTCTGAC,0,2258766
marRp,0.1,9,9,TCCGACGTGGGCATGATCGT,0,2221966
marRp,0.1,9,9,TCCATGGTGCCTTATCGGGG,0,2219299
marRp,0.1,9,9,TCCACTTTTACCGTTGTAAG,0,2248476
marRp,0.1,9,9,TCATACCAACGCGACCCGTA,0,2227289
marRp,0.1,9,9,TCAGATCCCGCACGTTATCT,0,2223549
marRp,0.1,9,9,TCACCGACGCGAAGTCACCC,0,2233139
marRp,0.1,9,9,TCAATGGTTCCTTCATCCAT,0,2226878
marRp,0.1,9,9,TCAAGCGTTATGTAGAGAAA,0,2223546
marRp,0.1,9,9,TCAAATCGTTGAGACCAGAG,0,2255422
marRp,0.1,9,9,TATCCCCGGAGACAGTCAAA,0,2227973
marRp,0.1,9,9,TAGGAATAAGGCAGGAACAA,0,2259265
marRp,0.1,9,9,TAGCGCATTACGTCCCATGT,0,2258222
marRp,0.1,9,9,TAGCATGCACGATGGTCGGC,0,2234882
marRp,0.1,9,9,TAGCACATCGATTATCGCGA,0,2254661
marRp,0.1,9,9,TAGATCTTGCCGGCTCCCGA,0,2251751
marRp,0.1,9,9,TAGAACCTAAGTATATGCTA,0,2259064
marRp,0.1,9,9,TACGTTTTTTGGTTCAGCCG,0,2229715
marRp,0.1,9,9,TACCCCCTCTGAGCCGGAGG,0,2228099
marRp,0.1,9,9,TACACACAAGAAGAGTAGTC,0,2220382
marRp,0.1,9,9,TACAAATTGGGGCTGTGGGG,0,2217785
marRp,0.1,9,9,TACAAATACAGTTGAGAACA,0,2234381
marRp,0.1,9,9,TAACTTCATAGTATAGGAAG,0,2227558
marRp,0.1,9,9,TAAAGCTACCCAACAGGTTA,0,2252605
marRp,0.1,9,9,TAAACTACTCTCTATGCGGC,0,2217978
marRp,0.1,9,9,TAAAACCTAGGTTGTATGGC,0,2220581
marRp,0.1,9,9,GTTTGACAGTAAAGCGAGAG,0,2255518
marRp,0.1,9,9,GTTGCGAATAAAAACAGCCT,0,2223976
marRp,0.1,9,9,GTTGACTGATACGCTAGCCT,0,2219619
marRp,0.1,9,9,GTTACCCGGTTGAGGGTTGA,0,2253836
marRp,0.1,9,9,GTGGAGAGAGTTAGATCGAC,0,2236414
marRp,0.1,9,9,GTGCCGCGGGAGGGATTGAG,0,2252196
marRp,0.1,9,9,GTGCACTCCCGGCGGATCGG,0,2247251
marRp,0.1,9,9,GTGAGGACAGAGGGGGACGT,0,2218113
marRp,0.1,9,9,GTCTCCCCAAGGTTGTACGT,0,2225810
marRp,0.1,9,9,GTCGGTTGCTTGCGTCACAC,0,2256448
marRp,0.1,9,9,GTCGGGCAATAACATTGGCT,0,2247129
marRp,0.1,9,9,GTCATCTGAAACGGTCAGCT,0,2226726
marRp,0.1,9,9,GTATGAATGGGGAACTACTA,0,2221314
marRp,0.1,9,9,GTAATGGATTGGTTTAAGAA,0,2218372
marRp,0.1,9,9,GTAATACCGCCGAGATTGAC,0,2222128
marRp,0.1,9,9,GTAAGGTCCGCACATATCAT,0,2240950
marRp,0.1,9,9,GTAAATGATGGGTGCGTTTT,0,2256106
marRp,0.1,9,9,GTAAACTTAGAAGTGGAGTA,0,2254203
marRp,0.1,9,9,GGTTAGCGATCGCTCTCGAC,0,2258908
marRp,0.1,9,9,GGTCGCTCACCTTACCCACA,0,2219188
marRp,0.1,9,9,GGTATAGGTATTAGCGAGAA,0,2231204
marRp,0.1,9,9,GGTAATCGGGCCTTTCCACT,0,2234451
marRp,0.1,9,9,GGTAATCCCTATTAATCCAC,0,2238523
marRp,0.1,9,9,GGGTCTTAATAGCCCGGTCG,0,2221188
marRp,0.1,9,9,GGGGTATAGAGTGGACTGCT,0,2241238
marRp,0.1,9,9,GGGGGCTATGTATCGAGTGC,0,2232629
marRp,0.1,9,9,GGGGCGTCTAAGTCAACTAT,0,2227544
marRp,0.1,9,9,GGGACCCGCAGGTGAAGAGG,0,2224106
marRp,0.1,9,9,GGCTGCCCATAAGTGACCGC,0,2236547
marRp,0.1,9,9,GGCTAGATCGTAGTTCACAA,0,2242841
marRp,0.1,9,9,GGCGTATATCATAGATGGTG,0,2254943
marRp,0.1,9,9,GGCGAGGATAACGAATGAAA,0,2241041
marRp,0.1,9,9,GGCCCTCGAACATAGACGCA,0,2243922
marRp,0.1,9,9,GGACGCGAATGCGGGGTACG,0,2229603
marRp,0.1,9,9,GGAATCTTGTACTTATAAAT,0,2225630
marRp,0.1,9,9,GGAACGGCCGTTAGCAAAAC,0,2257621
marRp,0.1,9,9,GGAACCCTGTAGGCAATGCA,0,2222897
marRp,0.1,9,9,GCTTTGCCCGGCCGGATATC,0,2252912
marRp,0.1,9,9,GCTGTGCAACAAAGTACGTT,0,2224907
marRp,0.1,9,9,GCTCTAACGTGCATTTGAGA,0,2226291
marRp,0.1,9,9,GCTACTGCCGTAATTAAGTA,0,2233567
marRp,0.1,9,9,GCTACAGTTAATGGGAATTC,0,2247211
marRp,0.1,9,9,GCGGTCTCACCGTTGCTGAT,0,2242812
marRp,0.1,9,9,GCGGTCCAACCCTTGCCGAC,0,2254816
marRp,0.1,9,9,GCGATGTGATTAACGCAAAA,0,2236002
marRp,0.1,9,9,GCGAATATAATGTGCTAGAG,0,2251148
marRp,0.1,9,9,GCGAAGAGCAGCTGGACATT,0,2232017
marRp,0.1,9,9,GCCGTCAGATTGTCTCTTCG,0,2255645
marRp,0.1,9,9,GCCCGTGATGCCCGATTGTG,0,2252046
marRp,0.1,9,9,GCCCCGCCCATTGCATAAAT,0,2224178
marRp,0.1,9,9,GCCAAAGAAAGACTTCCTAA,0,2235746
marRp,0.1,9,9,GCATTGTTCCCCCCGTCTCT,0,2258765
marRp,0.1,9,9,GCAAGAGCTTTATGTGATTC,0,2231661
marRp,0.1,9,9,GCAAATAGGCTTCGAACCAC,0,2230561
marRp,0.1,9,9,GATTTGCGAAAAGTTGCATA,0,2249924
marRp,0.1,9,9,GATCATATGAGCCACCGACA,0,2229519
marRp,0.1,9,9,GAGTGATGAAACCGTTAGGT,0,2235384
marRp,0.1,9,9,GAGTCTTTCGTTCGTGTAAA,0,2218702
marRp,0.1,9,9,GAGGCGGTATCGAGCTACAC,0,2219383
marRp,0.1,9,9,GAGGCATCTGTTGGGGTTGT,0,2228395
marRp,0.1,9,9,GACGTCGTGGATTTTTCGAC,0,2253165
marRp,0.1,9,9,GACAAGAGAGCGCTGTCGAG,0,2220838
marRp,0.1,9,9,GAATTTGACTCGGAAAGGGA,0,2227133
marRp,0.1,9,9,GAATTCCGCGTTGTGGAACC,0,2236684
marRp,0.1,9,9,GAATCGAGGTACCAGTTAGT,0,2227924
marRp,0.1,9,9,GAAGCGGTCTACGCTTGATC,0,2219807
marRp,0.1,9,9,GAAAGGCGGTTAAGCCCTAC,0,2226966
marRp,0.1,9,9,GAAAAAGATCGCCGTGACTA,0,2250770
marRp,0.1,9,9,CTTTGTAAGTCCGACTCAGG,0,2260256
marRp,0.1,9,9,CTTTACGCGGCGCTACGAGC,0,2258991
marRp,0.1,9,9,CTTCTTTCACTGCGTTTGCC,0,2251443
marRp,0.1,9,9,CTGGATCGATCGAATGCGAC,0,2222286
marRp,0.1,9,9,CTCGTAAGTTAAGGAAGCAA,0,2240938
marRp,0.1,9,9,CTCACGCGTAAACCTGGGCC,0,2245888
marRp,0.1,9,9,CTATGGTTCACAAGGGAACA,0,2221686
marRp,0.1,9,9,CTAGCTGGATCGAGCTAACG,0,2249917
marRp,0.1,9,9,CTACTGCTTAAACCCTGTGT,0,2237502
marRp,0.1,9,9,CTACGGTACCGGGTTATACA,0,2257667
marRp,0.1,9,9,CTACAGCAAACTACGGGCAA,0,2237083
marRp,0.1,9,9,CGTGGGGTCATCGGCGTGTC,0,2221170
marRp,0.1,9,9,CGGTTTTAGGCAGGCACAAA,0,2234628
marRp,0.1,9,9,CGGTTCCAGGAACGTGTTCT,0,2254268
marRp,0.1,9,9,CGGTTACCATTTTTGCCTGA,0,2259184
marRp,0.1,9,9,CGGGTTCATCGTACTCCAGT,0,2256335
marRp,0.1,9,9,CGGGGGGTTCGGACAGTACC,0,2230451
marRp,0.1,9,9,CGGGAACTAAGGAACGGCGG,0,2223733
marRp,0.1,9,9,CGGACAGGTTGACGGCCACA,0,2222568
marRp,0.1,9,9,CGCGTTTGCACTCGCTACTT,0,2236043
marRp,0.1,9,9,CGCAGTCCTGACCCATTTAG,0,2247158
marRp,0.1,9,9,CGCAACTGTTGTGGCATGGC,0,2243084
marRp,0.1,9,9,CGATTGTGTGCCTAACCAAG,0,2253840
marRp,0.1,9,9,CGATTATCTGGCCTTGTAAC,0,2220545
marRp,0.1,9,9,CGATCTGGTAGCTGAGATCC,0,2222661
marRp,0.1,9,9,CGATCCGGTTGCTGCAGCAT,0,2239886
marRp,0.1,9,9,CGAGGGTTGTATTTGCCGAC,0,2258167
marRp,0.1,9,9,CGACGCCATGCTGGTCTATC,0,2221526
marRp,0.1,9,9,CGACCAGAGTAGGCTGTAAC,0,2221844
marRp,0.1,9,9,CGAACAATAGGTACTAGAGA,0,2223479
marRp,0.1,9,9,CCTTTGTGTCTGCTACGCGT,0,2239874
marRp,0.1,9,9,CCTTTGGAAGTGGGACGATA,0,2234645
marRp,0.1,9,9,CCTAGTTAGCGGCATTACGA,0,2237600
marRp,0.1,9,9,CCTAGTGTGTTGACGAACAT,0,2251022
marRp,0.1,9,9,CCTAGAAACCGTGCATTATC,0,2246820
marRp,0.1,9,9,CCTACAATGTGATTGCTAGT,0,2226289
marRp,0.1,9,9,CCGTTGTCCCCTCGAGTAAG,0,2248719
marRp,0.1,9,9,CCGTCACGGAAAATTGCTCC,0,2235467
marRp,0.1,9,9,CCGGGTTAGGACTGTACACA,0,2234128
marRp,0.1,9,9,CCGGGACATTGCACGGTACA,0,2258574
marRp,0.1,9,9,CCGGCTACGAGGTTGCACTC,0,2243821
marRp,0.1,9,9,CCGCTCTCGCTCGCGTCAAT,0,2218829
marRp,0.1,9,9,CCGCAATCGATGGCTAATCG,0,2230660
marRp,0.1,9,9,CCGATAGAAAGGGGTTGGGT,0,2245189
marRp,0.1,9,9,CCGAAATGCAGGAGAGCCGT,0,2232047
marRp,0.1,9,9,CCCCGTCACATGGCTTGTCT,0,2218647
marRp,0.1,9,9,CCCCAGTGGATGAGTCGCCA,0,2252275
marRp,0.1,9,9,CCATCGTGATCTTCACAGAA,0,2252117
marRp,0.1,9,9,CCATATAAGTTGTAGGCGCA,0,2228820
marRp,0.1,9,9,CCAGGCAAGCTCCGCGATAG,0,2230556
marRp,0.1,9,9,CCACTGCAATCCAGCTTGCA,0,2251969
marRp,0.1,9,9,CCACGCGCTGAGTACGGTGA,0,2233276
marRp,0.1,9,9,CCACATATAGATCTATCGGG,0,2239058
marRp,0.1,9,9,CCAATCGCTCACCTGTCAGG,0,2232801
marRp,0.1,9,9,CATGAGCATCCGGGCAGCCT,0,2224023
marRp,0.1,9,9,CATATAGAAAGCGGAAGAGA,0,2243955
marRp,0.1,9,9,CAGTCAACTGCGAAGATCTA,0,2244977
marRp,0.1,9,9,CAGGTTACAGGCGACAAGCA,0,2252633
marRp,0.1,9,9,CAGAAAGCCCGGTAATCCAA,0,2257620
marRp,0.1,9,9,CACTTGGTCACTTTGTTTCA,0,2245809
marRp,0.1,9,9,CACAGGTCTTAGATGTCCCG,0,2222107
marRp,0.1,9,9,CAAGTGAATTGGCGTCTCGG,0,2255937
marRp,0.1,9,9,CAAGGTCATGCGGAAATACT,0,2231277
marRp,0.1,9,9,CAAGCGCATTTGCAGAAGAA,0,2246803
marRp,0.1,9,9,CAAAATGATGGATCTAGTCA,0,2239050
marRp,0.1,9,9,ATTTTACTATAGTGAAATGC,0,2258085
marRp,0.1,9,9,ATTCATTCAGCACCTCTTAT,0,2223417
marRp,0.1,9,9,ATTAGCACGCGCATACCTAT,0,2257462
marRp,0.1,9,9,ATTAACACATCGCATCGGAA,0,2248357
marRp,0.1,9,9,ATGCGAACAGTTCCCATGGC,0,2231841
marRp,0.1,9,9,ATGATACGGCGTCGTGCCCA,0,2226235
marRp,0.1,9,9,ATGACCCAGCCTTCCGACTT,0,2229933
marRp,0.1,9,9,ATCCGCACTCCCCACGTCAG,0,2244596
marRp,0.1,9,9,ATCCACGCTACAGCTACACA,0,2241923
marRp,0.1,9,9,ATCAGTAAATCTTCCCATTA,0,2251566
marRp,0.1,9,9,ATCAGGATGAAAGGGATGGG,0,2247949
marRp,0.1,9,9,ATATGGCATCTATTTGGATG,0,2223041
marRp,0.1,9,9,ATATGGACTTCTTCGCAACT,0,2224560
marRp,0.1,9,9,ATAGCGGCGATCGAGTACAC,0,2222371
marRp,0.1,9,9,ATACCCTATGTCGGAATGTG,0,2245851
marRp,0.1,9,9,ATACAAGCTTGCTCGTGACA,0,2253937
marRp,0.1,9,9,ATAAGCTTTCGCGCGTCTCG,0,2219453
marRp,0.1,9,9,ATAAGAAGTCAGGTATTCTG,0,2253222
marRp,0.1,9,9,ATAAAGTTACCCTTAAAAAA,0,2224317
marRp,0.1,9,9,AGTTGCGGAGATAAGGATCA,0,2227963
marRp,0.1,9,9,AGTTCTTTATCGACCTGGGC,0,2255803
marRp,0.1,9,9,AGTGTCCGCCAGCCAAGAAT,0,2228417
marRp,0.1,9,9,AGTGATAGCTAGCAAACATA,0,2259036
marRp,0.1,9,9,AGTGACATCTCGCGATTTAT,0,2249185
marRp,0.1,9,9,AGTCCTGTCTCAAATATAAA,0,2237517
marRp,0.1,9,9,AGTAGCGGTTAAAAGGTGTA,0,2219521
marRp,0.1,9,9,AGGTACAAACTAGAGCCTGA,0,2235351
marRp,0.1,9,9,AGGCCTTTACATCCGAACTC,0,2254895
marRp,0.1,9,9,AGGATCAATACTGTGTCTCT,0,2254745
marRp,0.1,9,9,AGGAGAAGTATATATGTGTA,0,2257528
marRp,0.1,9,9,AGCTCGGTGACATTCCTGTT,0,2247209
marRp,0.1,9,9,AGCCAAGTATGATGAAAAAC,0,2229300
marRp,0.1,9,9,AGCAGTTATTGGATGACCCT,0,2220877
marRp,0.1,9,9,AGATGTTAGAACCGATGTTA,0,2222380
marRp,0.1,9,9,ACTTTTAAGTCTGAATAGTC,0,2233462
marRp,0.1,9,9,ACTTCAAGGGACGCCAGGGC,0,2247989
marRp,0.1,9,9,ACGCTCGACACACAAACTCA,0,2243016
marRp,0.1,9,9,ACGAGCCGCCTCCGACATTC,0,2252232
marRp,0.1,9,9,ACCGTCGCTCGGTTCCCGCA,0,2220785
marRp,0.1,9,9,ACCGCGTTCGGATCGGCAAT,0,2234721
marRp,0.1,9,9,ACCAGTGCTGATTATCATCT,0,2225424
marRp,0.1,9,9,ACAATGACTTTGTAACGGCT,0,2226727
marRp,0.1,9,9,ACAATCTTACGTCGCAACGG,0,2239931
marRp,0.1,9,9,ACAAGCCAAATCCATGTTTA,0,2222833
marRp,0.1,9,9,AATTCTGACCCGGGGAAGCA,0,2218018
marRp,0.1,9,9,AATCATCACCCCAATGAAGC,0,2230720
marRp,0.1,9,9,AAGTGGTGAGACCCGGCGTT,0,2253842
marRp,0.1,9,9,AAGTCTTTGGATACACTAAT,0,2224166
marRp,0.1,9,9,AAGTCATCGATCCTACCATA,0,2244405
marRp,0.1,9,9,AAGTCACCTGACCGGCGAGG,0,2249068
marRp,0.1,9,9,AAGGCAGGGATAGTGGAGTG,0,2222853
marRp,0.1,9,9,AAGCTGTACGGAGCGACGTT,0,2229366
marRp,0.1,9,9,AAGAGAGAGTGTGAGAGATT,0,2253285
marRp,0.1,9,9,AAGACACTACAGCCTCGTTG,0,2227418
marRp,0.1,9,9,AACTGCGAATGTGGTCGTGG,0,2259161
marRp,0.1,9,9,AACTATTGAAGACCAATGCC,0,2256144
marRp,0.1,9,9,AACAGAACTGCGCCGGCCGC,0,2241235
marRp,0.1,9,9,AACACCTATACGGACCTTAA,0,2258217
marRp,0.1,9,9,AAAGGGTTCGTGTCAACCCG,0,2230088
marRp,0.1111111111111111,8,8,TTTTCCTCCCTGTTGCTTTG,0,2236333
marRp,0.1111111111111111,8,8,TTTCTAGCCCTGTCCAGTTG,0,2234045
marRp,0.1111111111111111,8,8,TTTCACGGGGATACAGGCAT,0,2247095
marRp,0.1111111111111111,8,8,TTTATCAACGCATGGCGCAA,0,2247889
marRp,0.1111111111111111,8,8,TTGTTCGAACAGGATAATCT,0,2255683
marRp,0.1111111111111111,8,8,TTGTCTTGTTGTATGTAAGG,0,2253813
marRp,0.1111111111111111,8,8,TTGTCCTCCGCATGTACATG,0,2251127
marRp,0.1111111111111111,8,8,TTGCCCGCTTCCAGAACTAT,0,2226479
marRp,0.1111111111111111,8,8,TTCTTCGGCGTCCAATACCG,0,2235443
marRp,0.1111111111111111,8,8,TTCTATTTCGTGTACCATGC,0,2219074
marRp,0.1111111111111111,8,8,TTCCTTCAAAAGTAAATGTT,0,2228096
marRp,0.1111111111111111,8,8,TTCCGTATGCCTGAGACTAC,0,2235630
marRp,0.1111111111111111,8,8,TTCAGGTCGGACCGTATGCG,0,2250829
marRp,0.1111111111111111,8,8,TTCACCACTTAGCCGTCAGG,0,2246220
marRp,0.1111111111111111,8,8,TTCAAATGGTGGAAGAGAAA,0,2219264
marRp,0.1111111111111111,8,8,TTATCCCGCGCGTCAGTCAG,0,2249815
marRp,0.1111111111111111,8,8,TTATAACCGTTCTTAGTCTG,0,2255735
marRp,0.1111111111111111,8,8,TTAGGAAGTCACGGCCCCCA,0,2229564
marRp,0.1111111111111111,8,8,TTACCGAGGAGGACCTGGAT,0,2225673
marRp,0.1111111111111111,8,8,TGTGATTGCCTTCTCTCAGA,0,2260819
marRp,0.1111111111111111,8,8,TGTGAACGCTATTGGCTCCA,0,2252522
marRp,0.1111111111111111,8,8,TGTACCCCCGAAAGGTCATC,0,2223055
marRp,0.1111111111111111,8,8,TGTAACAAAGTCGTCCACAT,0,2250105
marRp,0.1111111111111111,8,8,TGGTAGCATGCGTCGCGGGT,0,2233967
marRp,0.1111111111111111,8,8,TGGTAGATAGGGAGCCGCGG,0,2259764
marRp,0.1111111111111111,8,8,TGGGTGAAATGAAGCCACTG,0,2232316
marRp,0.1111111111111111,8,8,TGGGGAGAGGTCCCTCTGGG,0,2246167
marRp,0.1111111111111111,8,8,TGGATAGGCCTTGCTACGAC,0,2254633
marRp,0.1111111111111111,8,8,TGGAGAGCGGCTATTGGGGA,0,2235592
marRp,0.1111111111111111,8,8,TGCTTACGTCAGCTGGGGGG,0,2241388
marRp,0.1111111111111111,8,8,TGCTCCGCTACGAGTAGTAC,0,2230727
marRp,0.1111111111111111,8,8,TGCTCAAGCAATGTCCTCTT,0,2223841
marRp,0.1111111111111111,8,8,TGCTAAAAGGACTTCCAGCG,0,2236512
marRp,0.1111111111111111,8,8,TGCGGAAGCACAGCCAAGAA,0,2258116
marRp,0.1111111111111111,8,8,TGCCTAACGGCAAGCTAGTT,0,2242130
marRp,0.1111111111111111,8,8,TGCCACATTGCGTCTCCAGC,0,2225112
marRp,0.1111111111111111,8,8,TGCAGCATGGACCCCCGGTG,0,2242502
marRp,0.1111111111111111,8,8,TGCAACCGAGACCACACTTT,0,2228097
marRp,0.1111111111111111,8,8,TGATTCCACACAACAACCAC,0,2220544
marRp,0.1111111111111111,8,8,TGATCATTTCACTTAGCCCA,0,2245797
marRp,0.1111111111111111,8,8,TGAGGTGTCGCGATGGGTTG,0,2219978
marRp,0.1111111111111111,8,8,TGAGAAGACGAGGTATCGCA,0,2260574
marRp,0.1111111111111111,8,8,TCTGTTGTTTACAGTACAGT,0,2250746
marRp,0.1111111111111111,8,8,TCTGCCAGCAAATGTCCGCG,0,2248759
marRp,0.1111111111111111,8,8,TCTCTTGGTTTCAATGCATT,0,2226983
marRp,0.1111111111111111,8,8,TCGCGACCCGGAGGCGGGAA,0,2226867
marRp,0.1111111111111111,8,8,TCGCAGAAAGGACACGTGAG,0,2239837
marRp,0.1111111111111111,8,8,TCGATTGGGTATCGCCTGCA,0,2255805
marRp,0.1111111111111111,8,8,TCCTCATTACGTGGTATGCG,0,2236542
marRp,0.1111111111111111,8,8,TCCTAAATCATAATTGCGCT,0,2253714
marRp,0.1111111111111111,8,8,TCCGGTGTGACAACCGACGG,0,2256137
marRp,0.1111111111111111,8,8,TCCCTCACGTTGAGTATGAT,0,2257003
marRp,0.1111111111111111,8,8,TCCCGAGAGTGGTCGCTGAG,0,2243391
marRp,0.1111111111111111,8,8,TCCATCGCGCTCATAGACTC,0,2217891
marRp,0.1111111111111111,8,8,TCATGGCGTCAATTCGGAGG,0,2230819
marRp,0.1111111111111111,8,8,TCATCTCTATTGAGGAAGGT,0,2236079
marRp,0.1111111111111111,8,8,TCAGCGTCCGCCATATTAGA,0,2237808
marRp,0.1111111111111111,8,8,TCAGACAGTGATGAGGTTGT,0,2225917
marRp,0.1111111111111111,8,8,TCACGTCAGGCCTAGCGTCA,0,2245081
marRp,0.1111111111111111,8,8,TCACGTAGGGAATGTTCGAA,0,2238727
marRp,0.1111111111111111,8,8,TCAAGGCATCCTTCGTACGG,0,2233129
marRp,0.1111111111111111,8,8,TCAACATGGAGGTGAGCCAG,0,2225999
marRp,0.1111111111111111,8,8,TATTTCGCTCGGTATCAGTT,0,2233484
marRp,0.1111111111111111,8,8,TATTATAGATCACCGGGATA,0,2230243
marRp,0.1111111111111111,8,8,TATCTAGCGCCAATCCCATA,0,2219396
marRp,0.1111111111111111,8,8,TATCGGTATCGTTAACCACG,0,2245024
marRp,0.1111111111111111,8,8,TATAATAGTTAGCCTATTGT,0,2253446
marRp,0.1111111111111111,8,8,TAGTAGGGAGCTCAATGGCT,0,2222246
marRp,0.1111111111111111,8,8,TAGGGGGCGTCGGTTGGAAC,0,2236064
marRp,0.1111111111111111,8,8,TAGCATCTTGAACAATCAGC,0,2219859
marRp,0.1111111111111111,8,8,TAGAGACCTAGATCCATGCC,0,2229853
marRp,0.1111111111111111,8,8,TAGAATGTTCATACTCGACC,0,2220699
marRp,0.1111111111111111,8,8,TACCGGTTATACACCCAGTA,0,2233270
marRp,0.1111111111111111,8,8,TACCGGCATGAGCTGCCGTG,0,2228324
marRp,0.1111111111111111,8,8,TACATCGCTAACCGGCGCGG,0,2223703
marRp,0.1111111111111111,8,8,TACAAGATTGAATTCATGTA,0,2238275
marRp,0.1111111111111111,8,8,TAACGTCTGAGAGGCTCGGT,0,2241980
marRp,0.1111111111111111,8,8,TAACATCTGGCAAAAGAACT,0,2247348
marRp,0.1111111111111111,8,8,GTTGAAGCTTAAGGTTGGTT,0,2228931
marRp,0.1111111111111111,8,8,GTTCTTGTGGGATGAGATCG,0,2251855
marRp,0.1111111111111111,8,8,GTTCGCACAATTTGGTCCGA,0,2225445
marRp,0.1111111111111111,8,8,GTTCATGTACACCCCTCTGG,0,2218126
marRp,0.1111111111111111,8,8,GTGTCAGTGGGCTCAGATAA,0,2225471
marRp,0.1111111111111111,8,8,GTGGGAGGCGTTTTCGGCGT,0,2226505
marRp,0.1111111111111111,8,8,GTGAACTCAGCGTAAAATAA,0,2243009
marRp,0.1111111111111111,8,8,GTCGTGATTACAGAGCGCAG,0,2253275
marRp,0.1111111111111111,8,8,GTCGGCTGCAGCTTTTTGGC,0,2250194
marRp,0.1111111111111111,8,8,GTCGCGAGGCTGCCAAATCA,0,2257285
marRp,0.1111111111111111,8,8,GTCCCATGTGTCCCGTTGGA,0,2217812
marRp,0.1111111111111111,8,8,GTATAGGGTCAGTCCTTGGA,0,2230644
marRp,0.1111111111111111,8,8,GTAGAGTCGGTGACTTGTAC,0,2228486
marRp,0.1111111111111111,8,8,GTAATACGCCTTATAGTGGG,0,2228316
marRp,0.1111111111111111,8,8,GTAAATCATAGAAAGTTCAC,0,2227802
marRp,0.1111111111111111,8,8,GGTTTCGGTTCCATCGCCGG,0,2240191
marRp,0.1111111111111111,8,8,GGTTTCCAGATCATTAGTGC,0,2242813
marRp,0.1111111111111111,8,8,GGTTGGGCAGGGTATTCTAC,0,2259017
marRp,0.1111111111111111,8,8,GGTGGAACGTGGTCGAAGTT,0,2231994
marRp,0.1111111111111111,8,8,GGTGCGGGTCAAAGCTACTT,0,2220587
marRp,0.1111111111111111,8,8,GGTCTGCACGGCGGAGCGCT,0,2244781
marRp,0.1111111111111111,8,8,GGTCATATGTTGTCGGATCA,0,2252246
marRp,0.1111111111111111,8,8,GGTCAAGTTGTTCACAGATG,0,2221297
marRp,0.1111111111111111,8,8,GGTACATCATAAAGTATGGG,0,2237888
marRp,0.1111111111111111,8,8,GGGCCTATGTTCCCACGTAA,0,2225888
marRp,0.1111111111111111,8,8,GGGCCATTTAATTTTGATCC,0,2221995
marRp,0.1111111111111111,8,8,GGGAAGACCGGAGTACTTAG,0,2221332
marRp,0.1111111111111111,8,8,GGCTGTTTCGCCTTAGGATC,0,2246506
marRp,0.1111111111111111,8,8,GGCCCAAACACTGGCTACAT,0,2251422
marRp,0.1111111111111111,8,8,GGATTAGAGTCGTCTTGCAT,0,2246827
marRp,0.1111111111111111,8,8,GGATGCTGATATTAACACGA,0,2219393
marRp,0.1111111111111111,8,8,GGATCTTTGGCCTTCCTAAA,0,2230074
marRp,0.1111111111111111,8,8,GGAGGTGATATGTGACAGTT,0,2250954
marRp,0.1111111111111111,8,8,GGAGGGATTCACAGTCCTTA,0,2256746
marRp,0.1111111111111111,8,8,GGAGAGTGCACGGCTCGTCA,0,2225165
marRp,0.1111111111111111,8,8,GGACTAACACGCTGGAATGA,0,2250855
marRp,0.1111111111111111,8,8,GGAATAGCCCTATTACGGTG,0,2228684
marRp,0.1111111111111111,8,8,GGAAGAAGTGCGTAGTATGT,0,2237630
marRp,0.1111111111111111,8,8,GGAAAGTGTGACATGATGCA,0,2243633
marRp,0.1111111111111111,8,8,GCTCTGGCCGTTTTACGAGC,0,2256607
marRp,0.1111111111111111,8,8,GCTCCTTTTGTTAGCATGCA,0,2244070
marRp,0.1111111111111111,8,8,GCTCAGGATCGTGACCAAGC,0,2236949
marRp,0.1111111111111111,8,8,GCTACACGTCACGGCGGTCT,0,2234657
marRp,0.1111111111111111,8,8,GCGTGCAACGTGAAGCATCC,0,2252600
marRp,0.1111111111111111,8,8,GCGTCATTGGTGTGTGACGG,0,2237882
marRp,0.1111111111111111,8,8,GCGCGCGGGGACCGGGCCTA,0,2246480
marRp,0.1111111111111111,8,8,GCGCCCGCGAGTGGAGGTAA,0,2252814
marRp,0.1111111111111111,8,8,GCGCAGATTAACTGGGCAAA,0,2225509
marRp,0.1111111111111111,8,8,GCGAGAGTCAGGGATAGGAC,0,2239499
marRp,0.1111111111111111,8,8,GCCGTTCGTCTTATTTTAGG,0,2228041
marRp,0.1111111111111111,8,8,GCCGTTAGGTGTGTTTGCGC,0,2253509
marRp,0.1111111111111111,8,8,GCCCTGGGGGACACCGATGT,0,2232080
marRp,0.1111111111111111,8,8,GCCAGTCAGTCTTGAAACCA,0,2254036
marRp,0.1111111111111111,8,8,GCATTCCGACCGGCACGAAC,0,2229721
marRp,0.1111111111111111,8,8,GCATGGTTTGCCAGAGTGCA,0,2245544
marRp,0.1111111111111111,8,8,GCATGACACAGGAGCACAGT,0,2254923
marRp,0.1111111111111111,8,8,GCAGGGCAATTTAGCGTGTA,0,2237579
marRp,0.1111111111111111,8,8,GCAGGATTCCTTCAGGTTCC,0,2230922
marRp,0.1111111111111111,8,8,GCAGCCTCGCACTGGATATC,0,2244619
marRp,0.1111111111111111,8,8,GCACAGTAAGGTGATTCTCA,0,2249496
marRp,0.1111111111111111,8,8,GCACAAGCGGCGTGAAACTC,0,2226563
marRp,0.1111111111111111,8,8,GCAAAAGCGCCCTAAATAAT,0,2221708
marRp,0.1111111111111111,8,8,GATCCTACAACTCGTGCGGT,0,2250397
marRp,0.1111111111111111,8,8,GATCCGGCTTCGAGCGTCAT,0,2251685
marRp,0.1111111111111111,8,8,GATAAAGGTCAGGGAGGCAG,0,2225063
marRp,0.1111111111111111,8,8,GAGGCACCGGTCGGCACTAG,0,2219931
marRp,0.1111111111111111,8,8,GACTGTTAGTGAAGAAGATT,0,2253658
marRp,0.1111111111111111,8,8,GACTGCAGGCGGCATCAAGA,0,2250466
marRp,0.1111111111111111,8,8,GACTCACCCGGTGGGAAGTC,0,2239202
marRp,0.1111111111111111,8,8,GACATGCACGCATCTAGTGT,0,2219599
marRp,0.1111111111111111,8,8,GACACAAGGAGCGCAGGGGT,0,2258509
marRp,0.1111111111111111,8,8,GACAAAACCGCCGCCGCCGG,0,2241579
marRp,0.1111111111111111,8,8,GAACTCAAACGGCTTTGGTT,0,2253638
marRp,0.1111111111111111,8,8,GAACCGTCTTAGTACAGCTG,0,2227465
marRp,0.1111111111111111,8,8,GAAATGAACCCTCAATGAGA,0,2245581
marRp,0.1111111111111111,8,8,CTTTTTTTTCTTACAATTCG,0,2257053
marRp,0.1111111111111111,8,8,CTTGTCGTACAGCATCTAGT,0,2231170
marRp,0.1111111111111111,8,8,CTTGGCCATAACTGCGCCGA,0,2246011
marRp,0.1111111111111111,8,8,CTTGGAGGCTGTACAGACCC,0,2235423
marRp,0.1111111111111111,8,8,CTTCTAGGCACTGTTGCTAG,0,2219291
marRp,0.1111111111111111,8,8,CTTCGTCGTAAATAGTGGTA,0,2248671
marRp,0.1111111111111111,8,8,CTTCGACTATAGGACCCATA,0,2228108
marRp,0.1111111111111111,8,8,CTTCAACCGATCCGGCGAAT,0,2229240
marRp,0.1111111111111111,8,8,CTTATCGGCGCAGCCGGTGA,0,2229755
marRp,0.1111111111111111,8,8,CTTATCAACACAGCATACTA,0,2258335
marRp,0.1111111111111111,8,8,CTTAAAGATGTTGTCCCCAG,0,2219402
marRp,0.1111111111111111,8,8,CTGTGGTTCAGCCATCACTC,0,2226296
marRp,0.1111111111111111,8,8,CTGTCTTGTTTTGAACTCGC,0,2222913
marRp,0.1111111111111111,8,8,CTGTACGGGGCATGGGATTC,0,2232857
marRp,0.1111111111111111,8,8,CTGGGTCGGCCTCGCATGGG,0,2238880
marRp,0.1111111111111111,8,8,CTGGCGCTTTATCTGTCAGG,0,2254008
marRp,0.1111111111111111,8,8,CTGGAGTCGTAAGGTTTCAA,0,2225969
marRp,0.1111111111111111,8,8,CTGACATTCTGACGCGCTAG,0,2239557
marRp,0.1111111111111111,8,8,CTCTGCTCAAGGGACATATC,0,2234089
marRp,0.1111111111111111,8,8,CTCTCTTGTCGTCGTCACAA,0,2240139
marRp,0.1111111111111111,8,8,CTCTCGCCACGTTACCGCTG,0,2254194
marRp,0.1111111111111111,8,8,CTCGAGGCGCAGGGATGTTG,0,2234071
marRp,0.1111111111111111,8,8,CTCCCTATCGCCGTTTGTAT,0,2218316
marRp,0.1111111111111111,8,8,CTCATTTTACCTTTGGACGA,0,2231286
marRp,0.1111111111111111,8,8,CTCATCGTGGTCATCCTTTA,0,2242932
marRp,0.1111111111111111,8,8,CTCAGACGCGGCATCGCCGC,0,2232781
marRp,0.1111111111111111,8,8,CTATGCACCGCGGTATGTCA,0,2223003
marRp,0.1111111111111111,8,8,CTATCCGGGAGATGGACGAC,0,2232512
marRp,0.1111111111111111,8,8,CTATACTTATCTTGAAGTGG,0,2249755
marRp,0.1111111111111111,8,8,CTACAAAGGGCTCGTACTGT,0,2219870
marRp,0.1111111111111111,8,8,CTAATGTCTGGTGCGACACA,0,2229347
marRp,0.1111111111111111,8,8,CTAAGTGGGATGCAGTAATG,0,2242313
marRp,0.1111111111111111,8,8,CGTTTAGGGCAGGCTCTGAA,0,2251455
marRp,0.1111111111111111,8,8,CGTGTGCCTATGTTTCCTAC,0,2248263
marRp,0.1111111111111111,8,8,CGTGGCTGCGCGGGACAATA,0,2232769
marRp,0.1111111111111111,8,8,CGGTTAGCTCGCTGGCCGCA,0,2225622
marRp,0.1111111111111111,8,8,CGGTAGCCCTACAACGATCA,0,2231400
marRp,0.1111111111111111,8,8,CGGGGCGAGAATAGCTAATA,0,2232847
marRp,0.1111111111111111,8,8,CGGGACTTCGTTGGACGGCT,0,2235378
marRp,0.1111111111111111,8,8,CGGCGTTTGTCGTCTGAGCC,0,2239796
marRp,0.1111111111111111,8,8,CGGCCTTTCATTACCACTTA,0,2252014
marRp,0.1111111111111111,8,8,CGGATTAAGGGTTTACGGTA,0,2259047
marRp,0.1111111111111111,8,8,CGGAATTGACTGCCCCACGG,0,2244207
marRp,0.1111111111111111,8,8,CGGAAAGAACACGTAGAGTC,0,2248672
marRp,0.1111111111111111,8,8,CGCGTAGGCCCCAAGCGTAC,0,2222166
marRp,0.1111111111111111,8,8,CGCGGCCTCAGCTAAACATG,0,2241503
marRp,0.1111111111111111,8,8,CGCCACCCGCACTGTACCCA,0,2246846
marRp,0.1111111111111111,8,8,CGCAATCTCGCACTCCCGCA,0,2252303
marRp,0.1111111111111111,8,8,CGATTCACACCCACTAGATG,0,2236517
marRp,0.1111111111111111,8,8,CGATTCAAAAGTGTAACCAG,0,2237860
marRp,0.1111111111111111,8,8,CGATCTTCGCCGGCCTTGGA,0,2231968
marRp,0.1111111111111111,8,8,CGATACGTACCTGGGCTTCT,0,2219334
marRp,0.1111111111111111,8,8,CGACTGTCTCCGTTAGTAGT,0,2238511
marRp,0.1111111111111111,8,8,CCTTGAGTCACGAGTAGTTA,0,2229655
marRp,0.1111111111111111,8,8,CCTTCTGGCCGCGTGGGAAG,0,2254185
marRp,0.1111111111111111,8,8,CCTAACGTGGCCCGCGGACT,0,2226849
marRp,0.1111111111111111,8,8,CCGGTGAGAGGATAGGTGCA,0,2250222
marRp,0.1111111111111111,8,8,CCGGTATACGAGCTCCGTCT,0,2254662
marRp,0.1111111111111111,8,8,CCGCGAGGATCCGCTTCTTA,0,2238204
marRp,0.1111111111111111,8,8,CCGCAGGCTTTCACATTAAC,0,2226211
marRp,0.1111111111111111,8,8,CCGCACGCTATGTACTGAGG,0,2234779
marRp,0.1111111111111111,8,8,CCGAAATTCACATTCTGGGG,0,2251937
marRp,0.1111111111111111,8,8,CCCTCTTCAGAATAAGGAGA,0,2256179
marRp,0.1111111111111111,8,8,CCCTCATTCGCCGTGCTGGA,0,2222839
marRp,0.1111111111111111,8,8,CCCTAGTGGAACTTCATATG,0,2257752
marRp,0.1111111111111111,8,8,CCCGGCCTTCGAGAGATACT,0,2247556
marRp,0.1111111111111111,8,8,CCCGCGTGTGTGTGATTACG,0,2228818
marRp,0.1111111111111111,8,8,CCCGAGCGTTTGCATAACGC,0,2238774
marRp,0.1111111111111111,8,8,CCCCAGAGGCGATCCGAGAG,0,2243724
marRp,0.1111111111111111,8,8,CCCATTTTGGCCTCTGGTGG,0,2232600
marRp,0.1111111111111111,8,8,CCCATCTGGGACGTGCTGTA,0,2235326
marRp,0.1111111111111111,8,8,CCCATCCAGGGGGATAACAA,0,2232462
marRp,0.1111111111111111,8,8,CCATTTTGAGTTAGTAAGTT,0,2231169
marRp,0.1111111111111111,8,8,CCATCAGCTGTGTGTGAAGT,0,2224996
marRp,0.1111111111111111,8,8,CCATCAAAGTGAGCAACGAT,0,2236389
marRp,0.1111111111111111,8,8,CCAGCCATCTTGGGTTATGG,0,2245466
marRp,0.1111111111111111,8,8,CCACGTAGTGATCAACGTAG,0,2224969
marRp,0.1111111111111111,8,8,CCACGCTCTCTACTGGGACC,0,2227583
marRp,0.1111111111111111,8,8,CCAAGGGCATCCGATACCCC,0,2219966
marRp,0.1111111111111111,8,8,CATTAGTCCGGAGCACAGCC,0,2233272
marRp,0.1111111111111111,8,8,CATCGAGAACACCTATGTAG,0,2251318
marRp,0.1111111111111111,8,8,CATAGGATTGCCAATTCGAA,0,2233096
marRp,0.1111111111111111,8,8,CATAATGAAATTAGCTAATT,0,2250010
marRp,0.1111111111111111,8,8,CAGTTTATGGGCTTACAAGC,0,2250848
marRp,0.1111111111111111,8,8,CAGTTTAGGACTGCGTATCT,0,2232587
marRp,0.1111111111111111,8,8,CAGTTCAATGAGCTTGCCCT,0,2244129
marRp,0.1111111111111111,8,8,CAGTATAGCCTGCGTCGTCG,0,2224671
marRp,0.1111111111111111,8,8,CAGGCTTCGTATTTTGGCAA,0,2221139
marRp,0.1111111111111111,8,8,CAGCATTACGGGATGGCCGC,0,2249075
marRp,0.1111111111111111,8,8,CACTGCCTCCATTCGAAGCC,0,2240574
marRp,0.1111111111111111,8,8,CACTACTGCTGTTGCTGCCT,0,2232655
marRp,0.1111111111111111,8,8,CACGTCGAAAAATGGCGGGG,0,2240531
marRp,0.1111111111111111,8,8,CACGGGTCCTTCGGACGTAT,0,2255590
marRp,0.1111111111111111,8,8,CACGCTAGTTTACACACCTA,0,2222370
marRp,0.1111111111111111,8,8,CACCTCATTATAAGCCCTCA,0,2229543
marRp,0.1111111111111111,8,8,CACAGGGTTTAAGAAAGTCG,0,2218236
marRp,0.1111111111111111,8,8,CAATCTGGGAGCATTTTCAC,0,2253173
marRp,0.1111111111111111,8,8,CAAGTTTATGTAACAAAATA,0,2246990
marRp,0.1111111111111111,8,8,CAAGAAGACGTGAGATAATG,0,2259193
marRp,0.1111111111111111,8,8,CAACTTATGCCACTGGAGTC,0,2259451
marRp,0.1111111111111111,8,8,CAAATGTGCACTTTGGACCT,0,2251046
marRp,0.1111111111111111,8,8,ATTGTTCGCCACAAACGACA,0,2220960
marRp,0.1111111111111111,8,8,ATTACACGGACGAACAAAGT,0,2259300
marRp,0.1111111111111111,8,8,ATGTGTGAGAGGTATTCTAT,0,2218091
marRp,0.1111111111111111,8,8,ATGCTATCCTGGTCATGCGT,0,2221165
marRp,0.1111111111111111,8,8,ATGCGCGTTGCCCTTACAGT,0,2257353
marRp,0.1111111111111111,8,8,ATGCGCGTCTCTCTCTCCAT,0,2226978
marRp,0.1111111111111111,8,8,ATGATTACTCGCATTTACTC,0,2259042
marRp,0.1111111111111111,8,8,ATGAATAGGGCTCCATTAAG,0,2232310
marRp,0.1111111111111111,8,8,ATCTGTGTAGTTTAGTCTCT,0,2241856
marRp,0.1111111111111111,8,8,ATCTAGAATCCGTCATGAAA,0,2227904
marRp,0.1111111111111111,8,8,ATCGCTCTTGGCGAGCATAT,0,2252994
marRp,0.1111111111111111,8,8,ATCGAGATATCTGCGTGTCA,0,2250031
marRp,0.1111111111111111,8,8,ATCACCGTTAAGATAGTTCC,0,2222905
marRp,0.1111111111111111,8,8,ATCACCGCCACTCGTTTACG,0,2247205
marRp,0.1111111111111111,8,8,ATATGAGCTATTACCGTTTA,0,2217874
marRp,0.1111111111111111,8,8,ATATCAGGGCGACATTATAC,0,2219110
marRp,0.1111111111111111,8,8,ATAGTTGACATACTGGCCAT,0,2244096
marRp,0.1111111111111111,8,8,ATACCATTCAGCATTATATT,0,2249237
marRp,0.1111111111111111,8,8,ATACAATTCCTTATGATCCA,0,2224670
marRp,0.1111111111111111,8,8,ATACAAACGGCTCGGCCGGA,0,2223297
marRp,0.1111111111111111,8,8,ATAACAGAGGCTCGTCGGGG,0,2246830
marRp,0.1111111111111111,8,8,AGTTCACCAACATGATAGGA,0,2228875
marRp,0.1111111111111111,8,8,AGTTAGTTCGCAAATGGAAT,0,2251173
marRp,0.1111111111111111,8,8,AGTACAAGTTCGTAACGTTG,0,2220116
marRp,0.1111111111111111,8,8,AGGTTATCGTGTCCGTGATA,0,2234224
marRp,0.1111111111111111,8,8,AGGGCCTATCGAAACAGTTG,0,2250875
marRp,0.1111111111111111,8,8,AGGCCCTTCACTCGTTGATT,0,2219924
marRp,0.1111111111111111,8,8,AGGATTAATCGTGAAACCTT,0,2249089
marRp,0.1111111111111111,8,8,AGGAGAGGGTCCTACGATGG,0,2254003
marRp,0.1111111111111111,8,8,AGGACTAGGAACGTCTCAAG,0,2220408
marRp,0.1111111111111111,8,8,AGGAAGCCGTTGAGTCAGAA,0,2227530
marRp,0.1111111111111111,8,8,AGGAAAGTCCACACGAGATT,0,2223363
marRp,0.1111111111111111,8,8,AGCTTGTCAGTAATTACAAA,0,2223108
marRp,0.1111111111111111,8,8,AGCTCTGAACGGCGAGGTTG,0,2226336
marRp,0.1111111111111111,8,8,AGCTCCTTGCGCAGCCTAAT,0,2247277
marRp,0.1111111111111111,8,8,AGCTAATGGGTTCAGCAAAA,0,2230873
marRp,0.1111111111111111,8,8,AGCGACCTAGTGTAGCCTTT,0,2248433
marRp,0.1111111111111111,8,8,AGATCAGCGGTCGCGACACG,0,2219191
marRp,0.1111111111111111,8,8,AGATACTAGCAAGTGGCCGA,0,2224401
marRp,0.1111111111111111,8,8,AGAGAATCTGTCCTGAGTGT,0,2254065
marRp,0.1111111111111111,8,8,AGACAGCACAGCCCATTACA,0,2242203
marRp,0.1111111111111111,8,8,ACTTGTTTAATAAAAGCCTG,0,2233167
marRp,0.1111111111111111,8,8,ACTTCTGGAGGGGCCGAAGC,0,2235551
marRp,0.1111111111111111,8,8,ACTTAAACCTAGGGTCAAGG,0,2224478
marRp,0.1111111111111111,8,8,ACTGCGCTCTCTGGAGGAGC,0,2220472
marRp,0.1111111111111111,8,8,ACTGAATAACTGACGATACC,0,2259259
marRp,0.1111111111111111,8,8,ACTCAGCTCGGGGACGTAGT,0,2232474
marRp,0.1111111111111111,8,8,ACGTAGCTCAAGGCTTAATG,0,2244378
marRp,0.1111111111111111,8,8,ACGTAGAGTTGAGTTTCAAG,0,2222612
marRp,0.1111111111111111,8,8,ACGGAGTGGCGGTCAGTAAT,0,2218180
marRp,0.1111111111111111,8,8,ACGGACTCTCAACCCTCGAA,0,2237320
marRp,0.1111111111111111,8,8,ACGCTGGACTGGTCTCCGTT,0,2233371
marRp,0.1111111111111111,8,8,ACGCGAGCCACGACCTCATA,0,2224720
marRp,0.1111111111111111,8,8,ACGCAGTGGGGATACGCCGC,0,2240913
marRp,0.1111111111111111,8,8,ACGATTGGATACACCGTTTA,0,2234741
marRp,0.1111111111111111,8,8,ACCTTTCACTCAGGCCACGG,0,2245472
marRp,0.1111111111111111,8,8,ACCGTCGGTAAATGTAAATG,0,2245820
marRp,0.1111111111111111,8,8,ACCGGTTTTGTAGACGACTG,0,2243487
marRp,0.1111111111111111,8,8,ACCGGTCTAAACCTATTCAT,0,2251011
marRp,0.1111111111111111,8,8,ACCGATGTCTTTTGAGAACC,0,2238987
marRp,0.1111111111111111,8,8,ACCCTCTTTTATCAGTTGAC,0,2217821
marRp,0.1111111111111111,8,8,ACCCTAGCGGCGCAGGTTGT,0,2249789
marRp,0.1111111111111111,8,8,ACCCGCTCGCGGAGGCATGA,0,2228913
marRp,0.1111111111111111,8,8,ACCAGAGTCACGATTTTTAC,0,2251820
marRp,0.1111111111111111,8,8,ACATTGGGTGATATAAACTT,0,2258030
marRp,0.1111111111111111,8,8,ACATTCTTTGCATGATAAGA,0,2254332
marRp,0.1111111111111111,8,8,ACATGCTCGCGCGGTATAAT,0,2235633
marRp,0.1111111111111111,8,8,ACAATGTCAACGAAATGCCA,0,2255383
marRp,0.1111111111111111,8,8,AATCCATATTGGATTATGAC,0,2246738
marRp,0.1111111111111111,8,8,AATAACCGGGTTGGATTATA,0,2244249
marRp,0.1111111111111111,8,8,AAGGTGTGGGATAAACACAA,0,2219442
marRp,0.1111111111111111,8,8,AAGCTTTGCACATCTACTAT,0,2234575
marRp,0.1111111111111111,8,8,AAGACGCCCACTTGTTACCC,0,2222471
marRp,0.1111111111111111,8,8,AACTCCATACTCTGTTCTGC,0,2259965
marRp,0.1111111111111111,8,8,AACGCGGCGATTAGAGTAAT,0,2229198
marRp,0.1111111111111111,8,8,AACCCCCGAGTTCTGTACAT,0,2227241
marRp,0.1111111111111111,8,8,AACCATCATCTAGTGCTTTC,0,2228786
marRp,0.1111111111111111,8,8,AACATGTGCTCAAAGTCCAT,0,2222615
marRp,0.1111111111111111,8,8,AACATCCATCATGGGGTTAT,0,2228456
marRp,0.1111111111111111,8,8,AACACAAGTGTACAATAGGA,0,2232648
marRp,0.1111111111111111,8,8,AAATGCACAGGATCGCCTGG,0,2243986
marRp,0.1111111111111111,8,8,AAATCCTAACCATTTCACGA,0,2235191
marRp,0.1111111111111111,8,8,AAATCCGCGTTGGGTTGTTC,0,2249685
marRp,0.1111111111111111,8,8,AAAGATATTGCTCTCTGTAA,0,2253232
marRp,0.1111111111111111,8,8,AAACAGCGACCGGGATGGAT,0,2252065
marRp,0.1111111111111111,8,8,AAACAGATGTAGACGCGCTT,0,2233012
marRp,0.1111111111111111,8,8,AAAACAGATCCCCTGAATCC,0,2236466
marRp,0.125,7,7,TTTTGTATGCAAACTGCTTG,0,2233080
marRp,0.125,7,7,TTTTCTTAACGAACGTTAAA,0,2224492
marRp,0.125,7,7,TTTTCCCATTCTACTAGCGT,0,2244654
marRp,0.125,7,7,TTTGGCGTTAATGGGACGTA,0,2243551
marRp,0.125,7,7,TTTCTTCAGTTATTGCGGAT,0,2252820
marRp,0.125,7,7,TTTCTTCAAATGCGGAGTCA,0,2254725
marRp,0.125,7,7,TTTCCCTAGTGACGGTAATG,0,2246997
marRp,0.125,7,7,TTTAAATATGCCGGAGGCCA,0,2242363
marRp,0.125,7,7,TTGGTACCTGCAGTCGGAGA,0,2255724
marRp,0.125,7,7,TTGGGTAAGGTTCTTCTTTA,0,2234234
marRp,0.125,7,7,TTGGCTGACCTTGACGGGAA,0,2220283
marRp,0.125,7,7,TTGGAGTGGAATACTGCAGC,0,2227831
marRp,0.125,7,7,TTGCGTGTGTATTAGGCTTG,0,2220721
marRp,0.125,7,7,TTGCAGTCGCGCCGCCATCA,0,2234903
marRp,0.125,7,7,TTGCACTGTTTTCTGTTAGG,0,2255908
marRp,0.125,7,7,TTGCACCGTCGCTTCGTCAG,0,2252776
marRp,0.125,7,7,TTGATTTTGCCGGGCGTAGC,0,2234122
marRp,0.125,7,7,TTGATACTATCGTGCTTCAT,0,2235360
marRp,0.125,7,7,TTCTGCTGAATGTCTATCTT,0,2242652
marRp,0.125,7,7,TTCGTCCCTCCCAGCCGTCG,0,2229786
marRp,0.125,7,7,TTCGTATTTTTCGTGGGTCC,0,2235035
marRp,0.125,7,7,TTCGGACCGCCGTAATCGTT,0,2224544
marRp,0.125,7,7,TTCCTGTATCAATCGCTTGC,0,2260075
marRp,0.125,7,7,TTCCAGCCTAAGCGACCCCA,0,2241218
marRp,0.125,7,7,TTCATAGAGTTTGAATGTTT,0,2234200
marRp,0.125,7,7,TTATGTGGCGTGTGGTTCCT,0,2243516
marRp,0.125,7,7,TTATCGCTCAGTGGAAGGAT,0,2248209
marRp,0.125,7,7,TTAGGTCGATTCTTCAGCGT,0,2250351
marRp,0.125,7,7,TTACCAGTGAGCATTATCTA,0,2225442
marRp,0.125,7,7,TTAACAACGCATTCGGTGTG,0,2247252
marRp,0.125,7,7,TGTTTAGTTTGGAGGACTGG,0,2253553
marRp,0.125,7,7,TGTTCACACGAGACTCCGTA,0,2235356
marRp,0.125,7,7,TGTGGAATAATTAGCCTTAA,0,2254410
marRp,0.125,7,7,TGTGACAGTACGGTGTCTAT,0,2237601
marRp,0.125,7,7,TGTCCGTGGAGATGCCTCGT,0,2246193
marRp,0.125,7,7,TGGCATCGCGTACAGTTATG,0,2239485
marRp,0.125,7,7,TGGCAGTGAAGGGCTTGTGT,0,2251141
marRp,0.125,7,7,TGGAGTCGCGGTGGTTCTCT,0,2261037
marRp,0.125,7,7,TGGAGCGGAGCGTGTTGAGG,0,2256477
marRp,0.125,7,7,TGGAGATGTTTGCAGGTGAG,0,2248073
marRp,0.125,7,7,TGGAATATCCTACCAACCAT,0,2257943
marRp,0.125,7,7,TGGAATATAAGCAGGACTTT,0,2245320
marRp,0.125,7,7,TGCGGGTGTTAAAGGCATTG,0,2239168
marRp,0.125,7,7,TGCGCTTTTTAGAGACCCAT,0,2251553
marRp,0.125,7,7,TGCGCATACAGCAAGCAACA,0,2234458
marRp,0.125,7,7,TGCGAGTCGCCCACTACTGG,0,2255802
marRp,0.125,7,7,TGCCCCGGACTCGAATTGCC,0,2248437
marRp,0.125,7,7,TGAGGTGATGCTCGCGAACT,0,2225974
marRp,0.125,7,7,TGACTCTCTGGATTGCCCCC,0,2237896
marRp,0.125,7,7,TGACATTAACAGATCCTAGT,0,2233251
marRp,0.125,7,7,TGAAAGTTTGATCCAGTGGC,0,2233451
marRp,0.125,7,7,TGAAAATGCCTGGGGTTAAC,0,2244288
marRp,0.125,7,7,TCTTTACAACCGCAACCTAT,0,2241698
marRp,0.125,7,7,TCTTAGATTACTACATATCT,0,2233557
marRp,0.125,7,7,TCTGCATCTTATTACGCCTC,0,2232824
marRp,0.125,7,7,TCTAAATCAAGCTCCGACGC,0,2231069
marRp,0.125,7,7,TCGTAAATTTCCAGCTATTT,0,2221663
marRp,0.125,7,7,TCGGTACAGTCTTGGGTGGG,0,2259427
marRp,0.125,7,7,TCGGAGCGGGCTGTCATGTG,0,2237914
marRp,0.125,7,7,TCCTGGGAGGCGGACCGACT,0,2233216
marRp,0.125,7,7,TCCTGACGCAAACGGCGAAT,0,2253641
marRp,0.125,7,7,TCCGCCCGAGGTAGCCTCGA,0,2230264
marRp,0.125,7,7,TCCAGCGTTCTGTAGTACAT,0,2237121
marRp,0.125,7,7,TCATACCACTACCCGTCGTG,0,2247418
marRp,0.125,7,7,TCAGCAGGCTGTGTCGCAAA,0,2253223
marRp,0.125,7,7,TCAATGCGTCTCCGACTCTG,0,2231982
marRp,0.125,7,7,TCAACAAACGGCCAGAAGTC,0,2246307
marRp,0.125,7,7,TATCAAAACCGTTCTGACTG,0,2250525
marRp,0.125,7,7,TATACAGCCACTACACTGAG,0,2235214
marRp,0.125,7,7,TAGTCAAAGTTACTCCTGTG,0,2257181
marRp,0.125,7,7,TAGGATTCTGCATTGGTTAA,0,2261058
marRp,0.125,7,7,TAGCGCAGGGCACATTGAAG,0,2239880
marRp,0.125,7,7,TAGCATCCGATCAGCTGTCG,0,2245483
marRp,0.125,7,7,TAGACGTCAGGTTGTTTTCG,0,2233972
marRp,0.125,7,7,TAGACAGAGGCCTAGCTCGT,0,2240144
marRp,0.125,7,7,TACTTAATGGACATATTCTT,0,2220113
marRp,0.125,7,7,TACTACGTCCACCGTTTCTC,0,2228814
marRp,0.125,7,7,TACTACCGAACATCCCCATA,0,2244778
marRp,0.125,7,7,TACGCACTGTTAGGGCGTGT,0,2260012
marRp,0.125,7,7,TACCTTGACCTGGGTGAGAC,0,2227553
marRp,0.125,7,7,TACCTTATAGAACCCGGCTA,0,2252490
marRp,0.125,7,7,TACCCACACATCCCTTCACA,0,2224676
marRp,0.125,7,7,TACATTTGATGGGTTCCGGG,0,2236790
marRp,0.125,7,7,TAATTCCTTTCAAACTGAGA,0,2237075
marRp,0.125,7,7,TAATGGACACCTGTCTGCGT,0,2222318
marRp,0.125,7,7,TAATGACGTGAAATCACTGT,0,2228579
marRp,0.125,7,7,TAAGCGACCCCGCTAATATA,0,2253228
marRp,0.125,7,7,TAAGCCATCTCATTCTAAAT,0,2246596
marRp,0.125,7,7,TAAGATATCACCTGTCTCAT,0,2258954
marRp,0.125,7,7,TAACTCGCGTGGGTGCGTCA,0,2257169
marRp,0.125,7,7,TAAAGGCGTATTCGAGCGTA,0,2239238
marRp,0.125,7,7,GTTTAGTCTGATTGTGTAAC,0,2251335
marRp,0.125,7,7,GTTGTCCTCATTGCCAGGGA,0,2232323
marRp,0.125,7,7,GTTCTCTCCCAGGGCGACAT,0,2224357
marRp,0.125,7,7,GTTCCGGTGACTCCCAGCTA,0,2252971
marRp,0.125,7,7,GTTATTATCGGCGTTCGCTA,0,2234105
marRp,0.125,7,7,GTTAAGGTGGGCACGCGGCA,0,2246027
marRp,0.125,7,7,GTGTGCACGCGGGAAGACAA,0,2220710
marRp,0.125,7,7,GTGGGAGCGCCGAAAGTGAT,0,2244832
marRp,0.125,7,7,GTGGCATGACCTAAACTCTT,0,2239436
marRp,0.125,7,7,GTGCTTAACACTTGCATCAA,0,2233610
marRp,0.125,7,7,GTGCGATATCGGTTGAGATT,0,2246479
marRp,0.125,7,7,GTGCGAAACATCGCGACGTC,0,2235130
marRp,0.125,7,7,GTGAGCTAAGGCTAGGGTGC,0,2220203
marRp,0.125,7,7,GTGAGCATCCGTCTGCCGGT,0,2237822
marRp,0.125,7,7,GTCGGTGGGTCTAAAGGCTT,0,2235741
marRp,0.125,7,7,GTCGATGTGGTTTATAGGCT,0,2224172
marRp,0.125,7,7,GTCCTGTGCGCCTAGAATCA,0,2220655
marRp,0.125,7,7,GTCCATTACGAAGCACGTGA,0,2218181
marRp,0.125,7,7,GTCATCGTACGTAGTTAGAG,0,2224982
marRp,0.125,7,7,GTATTCAAATCACAGCGAGT,0,2241711
marRp,0.125,7,7,GTACTGTGGCCAAGTTCGAC,0,2259065
marRp,0.125,7,7,GTACCATCGGGAGCGCGCCC,0,2259878
marRp,0.125,7,7,GGTTGACTGCCTGTTGACCG,0,2222464
marRp,0.125,7,7,GGTCTTTTGCGGAAATATGC,0,2256186
marRp,0.125,7,7,GGTCTGGAGACGGACCTGGC,0,2252854
marRp,0.125,7,7,GGTCCGTCGGCATTTAATAT,0,2236432
marRp,0.125,7,7,GGGTCAGCGTCGAATCTTAA,0,2239729
marRp,0.125,7,7,GGGGAGGCAAAGCTTGGAAG,0,2253033
marRp,0.125,7,7,GGGCAGTACGTGGGATTACG,0,2255904
marRp,0.125,7,7,GGGCAATGCACTGGGTTAGC,0,2225849
marRp,0.125,7,7,GGGCAAGCCGCCCTGAAGTT,0,2219457
marRp,0.125,7,7,GGGCAACACTAGGATAGATA,0,2235795
marRp,0.125,7,7,GGCTTAGGCATGAACGGGAT,0,2236030
marRp,0.125,7,7,GGCGTCCTAATACAAGTGTC,0,2234380
marRp,0.125,7,7,GGCGCTGTTGGTTGGTGATT,0,2243139
marRp,0.125,7,7,GGCGCTCCAGTTGCTCGGAA,0,2229742
marRp,0.125,7,7,GGCGAATCGTGATCTCATTA,0,2229784
marRp,0.125,7,7,GGCCGCCATTAAGTGTACCT,0,2249302
marRp,0.125,7,7,GGCCCCTCTCCTGGTAGAAG,0,2237895
marRp,0.125,7,7,GGATCCCTCAGTGTTTTCCA,0,2235365
marRp,0.125,7,7,GGAGGGTAGTAGTCGAGCAT,0,2249918
marRp,0.125,7,7,GGAGGACGAATGTATCTCCG,0,2227479
marRp,0.125,7,7,GGAGCACACCAGGGGTTGGT,0,2227747
marRp,0.125,7,7,GGAAGATAGTGTACACGGCA,0,2237054
marRp,0.125,7,7,GCTTGTATAGGTGGTGATTA,0,2218216
marRp,0.125,7,7,GCTTATTGGTTAGCTTAGTA,0,2254868
marRp,0.125,7,7,GCTAACACCATTTTGGATAG,0,2257266
marRp,0.125,7,7,GCGGTGTGGTTGGAGAAGGA,0,2224812
marRp,0.125,7,7,GCGGATTTGCGCGGTATGCG,0,2221604
marRp,0.125,7,7,GCGGATACTGAGTAATCGCT,0,2246739
marRp,0.125,7,7,GCGCTCGCGCAATAAGTGGT,0,2241728
marRp,0.125,7,7,GCGCGCGCGTGGGCTAGGGA,0,2224276
marRp,0.125,7,7,GCGCAACACCCGGTTTGCTT,0,2255966
marRp,0.125,7,7,GCGAGTAGGCTCTAATGTAA,0,2255600
marRp,0.125,7,7,GCCTGGGGGAGTCCGCTCCT,0,2246967
marRp,0.125,7,7,GCCTGATCTATTATGAGCGG,0,2225236
marRp,0.125,7,7,GCCTCGATCAAGGGGGACCT,0,2245477
marRp,0.125,7,7,GCCGTTGCACAAAGCGAAGA,0,2259818
marRp,0.125,7,7,GCCGTCAACGGGGTAATTCG,0,2229333
marRp,0.125,7,7,GCCGACAGTTGCTCCATTAG,0,2230855
marRp,0.125,7,7,GCCCTGCGTGTTCAAACTAA,0,2258567
marRp,0.125,7,7,GCCAGGTGCGAAAGAGTACT,0,2228614
marRp,0.125,7,7,GCACCCCGCCCGTAGAAAAG,0,2226953
marRp,0.125,7,7,GCACAAGATACGTGAGTGAC,0,2244205
marRp,0.125,7,7,GATTATCGACTATCTAAAGT,0,2246053
marRp,0.125,7,7,GATGCTTAAGGTTCACGTCG,0,2233168
marRp,0.125,7,7,GATATAATTTTTCAACGCTT,0,2232448
marRp,0.125,7,7,GATACTCTTCTGGATCCATT,0,2226872
marRp,0.125,7,7,GATAAGGTCATTCTTGTAGA,0,2230028
marRp,0.125,7,7,GAGGTTCATGCCACTGTTTA,0,2255847
marRp,0.125,7,7,GAGACATCGAACAAGTCAGA,0,2224286
marRp,0.125,7,7,GACTTCAGCCGGTCATTTAT,0,2257841
marRp,0.125,7,7,GACCTAAATAGTTGTACTGA,0,2238193
marRp,0.125,7,7,GACCGGGCTAACCGTCTGCC,0,2239231
marRp,0.125,7,7,GACATGGACGTAACTTCGAT,0,2227724
marRp,0.125,7,7,GACATCATCTTGCTGCATGT,0,2259077
marRp,0.125,7,7,GAAGCTGGCAAGGGCAACTA,0,2245654
marRp,0.125,7,7,GAACTCCACCCAGATCTGGG,0,2247162
marRp,0.125,7,7,GAACTCAATAATACTGCATG,0,2240267
marRp,0.125,7,7,GAACGCGCCTATGGTGAATA,0,2259044
marRp,0.125,7,7,GAACCTGTCTATATTGAAAT,0,2233588
marRp,0.125,7,7,GAACACTGAATTCAACGGCC,0,2218952
marRp,0.125,7,7,GAAAAGCCAGAGCATCGGAA,0,2220737
marRp,0.125,7,7,CTTTGATAATCTGGGAGATA,0,2236569
marRp,0.125,7,7,CTTTCTGGATGAACTTGCAA,0,2241224
marRp,0.125,7,7,CTTCAGCCTCGTCCAGTAGC,0,2231804
marRp,0.125,7,7,CTTACGTAAGTTCTCAGTCC,0,2241336
marRp,0.125,7,7,CTTAAGCGACGCATCCTTTG,0,2219745
marRp,0.125,7,7,CTGATGAATATCACTGTATT,0,2241201
marRp,0.125,7,7,CTGATATGTCGCTTACACGT,0,2256514
marRp,0.125,7,7,CTGAGTCGGCCCCCGACATC,0,2230666
marRp,0.125,7,7,CTGAGGCCCTGATGGGCAAC,0,2255644
marRp,0.125,7,7,CTCTCACCGCAAAGTTTGAC,0,2249541
marRp,0.125,7,7,CTCTATACGGGATCTAGTAA,0,2240782
marRp,0.125,7,7,CTCGTTCCTTCAGCATCCAT,0,2228478
marRp,0.125,7,7,CTCGATATTCGAGATACGCA,0,2252975
marRp,0.125,7,7,CTCAGCAGCGGGAGCTTGAG,0,2241628
marRp,0.125,7,7,CTAGTGACGGTCGAGGGCTC,0,2255174
marRp,0.125,7,7,CTAGATTTGGGGTCCATCAT,0,2240350
marRp,0.125,7,7,CTAGAAGTCGGGCGTTATAC,0,2244208
marRp,0.125,7,7,CTAGAAAGTCTTCTATCCGG,0,2258137
marRp,0.125,7,7,CTACCTAAATCGACTTTGGT,0,2257542
marRp,0.125,7,7,CTAAGCTGTCTCACTGACAA,0,2244099
marRp,0.125,7,7,CTAAAGTGTAGGCAGGCAAT,0,2252224
marRp,0.125,7,7,CGTTGTTGCTTACCGTCCAG,0,2253391
marRp,0.125,7,7,CGTTGCCGAGACGCGTATAG,0,2240851
marRp,0.125,7,7,CGTGCGTTGTGCGTCTTCAG,0,2254375
marRp,0.125,7,7,CGTGCGCGATGTACTTACGC,0,2228773
marRp,0.125,7,7,CGTGCATATATGTCCGGAGA,0,2218329
marRp,0.125,7,7,CGTATGAATGCCGTCCGGAT,0,2234000
marRp,0.125,7,7,CGTAGTCGGGGAATCGAGGA,0,2241245
marRp,0.125,7,7,CGTAGGTAGTAAAGTCCGCT,0,2221210
marRp,0.125,7,7,CGTAGGCGTTGAACTCTGCT,0,2246016
marRp,0.125,7,7,CGTACGGTGTGGGATTGGTA,0,2253567
marRp,0.125,7,7,CGGTGCACGGTCACACGATT,0,2231577
marRp,0.125,7,7,CGGTGATATGCCTGTCTTTA,0,2222005
marRp,0.125,7,7,CGGTCCGGGCAAATTCTTCA,0,2233352
marRp,0.125,7,7,CGGTATCTTTGATCATTGGG,0,2257188
marRp,0.125,7,7,CGGGTATTTATAGTAAGAAA,0,2218049
marRp,0.125,7,7,CGGGGTGTATACGGGCACAC,0,2232507
marRp,0.125,7,7,CGGGCGATTTGGTACCCCAA,0,2254360
marRp,0.125,7,7,CGGCGGTTGTTATACCTAGA,0,2221090
marRp,0.125,7,7,CGGCGGAGAGGGACCATGCT,0,2223340
marRp,0.125,7,7,CGCTATATGGCATTCCAGAT,0,2227561
marRp,0.125,7,7,CGCGTCTAGAAGGCACTCGT,0,2233643
marRp,0.125,7,7,CGCGCGAACTTCTAAACGGC,0,2233108
marRp,0.125,7,7,CGCCGCATGAATGTCATGCG,0,2225873
marRp,0.125,7,7,CGCCATGGGGAACCCGCTTG,0,2237228
marRp,0.125,7,7,CGCACTATAGCTGATGAAAG,0,2237918
marRp,0.125,7,7,CGCACGCGCGGGTATTGAGT,0,2245020
marRp,0.125,7,7,CGCACCTTTTGCTTAAAGGT,0,2239956
marRp,0.125,7,7,CGCAACACCAGGCCATGTAG,0,2251663
marRp,0.125,7,7,CGATTCATCTGAAATCTTTG,0,2256304
marRp,0.125,7,7,CGAGTACTCGTGCTATCTAC,0,2232103
marRp,0.125,7,7,CGAGGCGTTCCGATTGATAA,0,2260053
marRp,0.125,7,7,CGAGCAACTGTACATACGCC,0,2241150
marRp,0.125,7,7,CGACCTAAGGCTCCCGGGTG,0,2233802
marRp,0.125,7,7,CGACAACCCACCTAAGCCAA,0,2256958
marRp,0.125,7,7,CGAATGGTCAACTGTCCCAC,0,2253524
marRp,0.125,7,7,CGAAGTGTTTAAGCGCCCGA,0,2255160
marRp,0.125,7,7,CGAACGGGTTCCTTTTCTAG,0,2239052
marRp,0.125,7,7,CGAACCATCGGGGACGCGTG,0,2229626
marRp,0.125,7,7,CCTTGTCCTGGTTAGCCTCG,0,2225579
marRp,0.125,7,7,CCTGCTCGTTCGTTCTCAAG,0,2234192
marRp,0.125,7,7,CCTGCCAGCGCCTTCGACGA,0,2238864
marRp,0.125,7,7,CCTCTGAGAACACTTAGATC,0,2245322
marRp,0.125,7,7,CCTCCTTCGGAACTTAGCCG,0,2227401
marRp,0.125,7,7,CCTCATAAGCGGCAACTGGC,0,2237842
marRp,0.125,7,7,CCTACAAAAGTCGTTCATTT,0,2258460
marRp,0.125,7,7,CCGTTCGGCCTTCTGATTTT,0,2248034
marRp,0.125,7,7,CCGTGGTTGGCGTCCGGTGC,0,2249081
marRp,0.125,7,7,CCGGGAACGCAAGGTAGCAT,0,2229936
marRp,0.125,7,7,CCGGCAGGCAATCTCCATTA,0,2253523
marRp,0.125,7,7,CCGCTCAAGCTCACCAGGAG,0,2234149
marRp,0.125,7,7,CCGCGCGGACCGAGCACCGC,0,2227933
marRp,0.125,7,7,CCGCCCCTCGGTACACACGT,0,2257458
marRp,0.125,7,7,CCGAATACTTTTTCCACGTG,0,2238031
marRp,0.125,7,7,CCCTGGTGCTTTCAGCCCCG,0,2253142
marRp,0.125,7,7,CCCTACGCTGTTGCTAGTCT,0,2219773
marRp,0.125,7,7,CCCGAGTAGATCTCGTCGTA,0,2223445
marRp,0.125,7,7,CCCCGCAGATAACGCACCTG,0,2230999
marRp,0.125,7,7,CCCCCCAGCGCCAACTACAA,0,2252511
marRp,0.125,7,7,CCATGATGGGCCGTGCGGGA,0,2252147
marRp,0.125,7,7,CCAGTAATGTGGACCTTTGT,0,2249223
marRp,0.125,7,7,CCAGGCCTAGCCGTGAGCCC,0,2237256
marRp,0.125,7,7,CCAGGCCGCCGTGGACTGAC,0,2241600
marRp,0.125,7,7,CCAGGAAGAATAAGGGGCGC,0,2242630
marRp,0.125,7,7,CCAGAGGAGTGTAAGCGGTT,0,2247402
marRp,0.125,7,7,CCACTATATCCGGTCTGTAG,0,2226553
marRp,0.125,7,7,CCAATTGCCATTCCGTCCTA,0,2239598
marRp,0.125,7,7,CCAACATCCGTTTCCCTAAC,0,2246232
marRp,0.125,7,7,CATTTACTATGTCTCATAAT,0,2242664
marRp,0.125,7,7,CATTAATCGATTGAAACTGT,0,2225193
marRp,0.125,7,7,CATGTGACAACCGCAGTAGG,0,2222650
marRp,0.125,7,7,CATGATGAACGGCGCAATAA,0,2225667
marRp,0.125,7,7,CATCGGCGAAGCTCACCGGT,0,2233635
marRp,0.125,7,7,CATCAACACAGTCGGGCTGC,0,2221592
marRp,0.125,7,7,CATACGGTCCGACAGGGTAC,0,2255642
marRp,0.125,7,7,CATACGAACACCGTGAGTTG,0,2248221
marRp,0.125,7,7,CAGCTTACGAATACAAGAGT,0,2242963
marRp,0.125,7,7,CAGAATCGGCAGTCCCGAGC,0,2235713
marRp,0.125,7,7,CAGAATAAAGGGAGCTGGCA,0,2231065
marRp,0.125,7,7,CACTGGTAGAGCACATCCTA,0,2225815
marRp,0.125,7,7,CACGGGTAATTATTCCGCCA,0,2257605
marRp,0.125,7,7,CACCTGCAGTCGCACATCTA,0,2247816
marRp,0.125,7,7,CACCGTGTATGTCTGTGACC,0,2229271
marRp,0.125,7,7,CACCGCCTATCTGAGTGGGT,0,2251756
marRp,0.125,7,7,CACCCGAAGATCCGCAACTA,0,2230969
marRp,0.125,7,7,CACCAGATACACGGGTGTTT,0,2255800
marRp,0.125,7,7,CACATTCCTAATGTTTAACA,0,2251862
marRp,0.125,7,7,CAAGTTCAATTTGACGCCCA,0,2242977
marRp,0.125,7,7,CAACCTAACCTCTAGAAGCA,0,2235665
marRp,0.125,7,7,CAAAGTCAATATCGGGAGGT,0,2234383
marRp,0.125,7,7,ATTTAGTCAGGTGTCAATTG,0,2224707
marRp,0.125,7,7,ATTGCTCTTTGCTCTAAGCT,0,2226510
marRp,0.125,7,7,ATTAGATTTTTGATCGTGAA,0,2221272
marRp,0.125,7,7,ATTACATATGAGCACTTTCT,0,2250470
marRp,0.125,7,7,ATGTGTGGGGCTCTGCTACA,0,2244796
marRp,0.125,7,7,ATGTCACTGCTAATGCTCAT,0,2258507
marRp,0.125,7,7,ATGTATCACGACCGACACAA,0,2245367
marRp,0.125,7,7,ATGGTTGAAGATGTAGCGCA,0,2242625
marRp,0.125,7,7,ATGGCTTATTGTAATGAAGA,0,2233101
marRp,0.125,7,7,ATGCGTCCTGAATCTTATTC,0,2226295
marRp,0.125,7,7,ATGACAGCAATGTGCCAGTC,0,2220582
marRp,0.125,7,7,ATCTTCAAAGCGGGACGCGG,0,2250193
marRp,0.125,7,7,ATCTCCGAGCTGGTCACCTG,0,2256232
marRp,0.125,7,7,ATCGTTAAAAGCTTGGGACT,0,2248874
marRp,0.125,7,7,ATCGGGCGGAGGTTGGTCTT,0,2241792
marRp,0.125,7,7,ATCGGCTTAGGCACTTATTG,0,2259858
marRp,0.125,7,7,ATCGGCTGTATCTTAGGGTA,0,2218149
marRp,0.125,7,7,ATCGAGGTATCGCCCAGTCG,0,2219605
marRp,0.125,7,7,ATCCTATCGGCGTGTCTTTG,0,2255377
marRp,0.125,7,7,ATCCGTCATAAGTCGCCCAA,0,2256079
marRp,0.125,7,7,ATCCGGAGCAAGGATGTTCC,0,2244564
marRp,0.125,7,7,ATCCCCAAATTTGTGGGAGA,0,2239032
marRp,0.125,7,7,ATCACGGGCTATATGATTTA,0,2242950
marRp,0.125,7,7,ATATACGCCCGATCATAAGT,0,2241610
marRp,0.125,7,7,ATAGCAGCAAGAACGTATGA,0,2220296
marRp,0.125,7,7,ATAGAGCTCGCAGCATGAAA,0,2236490
marRp,0.125,7,7,ATAGAAAGCGTGAGTGCAAG,0,2254178
marRp,0.125,7,7,ATACTCTGTATGTCTTATGG,0,2254871
marRp,0.125,7,7,ATACGATTTTCAGTTCGGTT,0,2238991
marRp,0.125,7,7,AGTTACCTATACCACTTGTA,0,2241415
marRp,0.125,7,7,AGTGGTGAGCGCATCTTCGT,0,2229447
marRp,0.125,7,7,AGTGGTCTCTTGTATCTAAA,0,2243615
marRp,0.125,7,7,AGTATACCTGCGGAATATGC,0,2232376
marRp,0.125,7,7,AGGTTCCAACGGGCAAATCA,0,2229042
marRp,0.125,7,7,AGGGTCGTTCGACGTACTTT,0,2256798
marRp,0.125,7,7,AGGCTCAGAAGCCAGCGGTG,0,2246755
marRp,0.125,7,7,AGGCCAAATCGAAGAACTGA,0,2232805
marRp,0.125,7,7,AGGAGGGGTTCGTAAATCAG,0,2233889
marRp,0.125,7,7,AGCTGAATGCATTGGACGTC,0,2259839
marRp,0.125,7,7,AGCTCTGATTTTAATTCCTC,0,2254845
marRp,0.125,7,7,AGCTCCCGCGTGACTGTTTG,0,2233712
marRp,0.125,7,7,AGCGGCTGTCGGTAGATTAG,0,2224877
marRp,0.125,7,7,AGCGGCTAGGACCTCTGCAA,0,2251269
marRp,0.125,7,7,AGCACCGCGAAAATAGGGTC,0,2242924
marRp,0.125,7,7,AGCAAAATCTGGGATGGCAT,0,2255892
marRp,0.125,7,7,AGATTACTCCGACAAAGGGC,0,2224870
marRp,0.125,7,7,AGATGGTTCTTAGCGGTAGA,0,2232571
marRp,0.125,7,7,AGAGCTCGCAGGCCGTGCTA,0,2257363
marRp,0.125,7,7,AGAGACATTCTTGGAGGCGT,0,2231325
marRp,0.125,7,7,AGACGCTCTTTTTCTTTGTG,0,2237449
marRp,0.125,7,7,AGACCCATATTTGCGACAGC,0,2242847
marRp,0.125,7,7,AGAATGAGTATTTGACTACT,0,2259545
marRp,0.125,7,7,ACTTTGCCTTCTCTACTGCC,0,2255943
marRp,0.125,7,7,ACTGTACAATTCCGGATTGC,0,2225289
marRp,0.125,7,7,ACTGTAATAAAGGGAAGTTC,0,2250344
marRp,0.125,7,7,ACTATGTTGTTCTCCGAGCC,0,2231284
marRp,0.125,7,7,ACTAAGCGCCACCCATGCAA,0,2258680
marRp,0.125,7,7,ACGTGAAGCTCCGGTTGGAT,0,2222783
marRp,0.125,7,7,ACGCGGACGTAATACGGGTG,0,2229417
marRp,0.125,7,7,ACCGGAAGTCTGCGTACAAA,0,2255121
marRp,0.125,7,7,ACCATTTTTTATTCAAGCGG,0,2228653
marRp,0.125,7,7,ACCATGTCGGTACAAATCTC,0,2226852
marRp,0.125,7,7,ACCACATCACATGCGGTGGG,0,2227805
marRp,0.125,7,7,ACCACAGCTCTTCCACCGGA,0,2230712
marRp,0.125,7,7,ACCAATTGCTTGGGCTCCTG,0,2237064
marRp,0.125,7,7,ACATTAGGATCGTAACGACG,0,2250607
marRp,0.125,7,7,ACATGCGCACGTTTACGTCG,0,2241471
marRp,0.125,7,7,ACATGAGGCTTCAGAAGGGT,0,2218274
marRp,0.125,7,7,ACACACTAGTATAATAACTG,0,2223574
marRp,0.125,7,7,ACAAAGCCAGGGACTAATGT,0,2233191
marRp,0.125,7,7,AATGCATAATTTGGTGCTGT,0,2224986
marRp,0.125,7,7,AATCCGACCTTGCGTGACAT,0,2226873
marRp,0.125,7,7,AATCATCGCATGTATGCCGA,0,2220675
marRp,0.125,7,7,AATATTTACAATAACAGGGA,0,2241158
marRp,0.125,7,7,AATACGCTGGATTTCACCAC,0,2232756
marRp,0.125,7,7,AAGGGTTCGGTTAATCGATT,0,2250534
marRp,0.125,7,7,AAGGCAATAGGACTGTGTTA,0,2235586
marRp,0.125,7,7,AAGGACAAGACGTGAACAGA,0,2233097
marRp,0.125,7,7,AAGATCCTGCCATCATGGTA,0,2256527
marRp,0.125,7,7,AACTCTGGCGATTTTGGTTC,0,2241067
marRp,0.125,7,7,AACCTCACCGTGGCCCAACG,0,2242017
marRp,0.125,7,7,AACCGCTATACATGGAAAAG,0,2246648
marRp,0.125,7,7,AACATAGCCGTCGAACGGAT,0,2241710
marRp,0.125,7,7,AAATGCGCGCGTGCGACTTC,0,2242749
marRp,0.125,7,7,AAATCGTACCTGCACTTCAT,0,2218763
marRp,0.125,7,7,AAATACGTATCACGCACGTG,0,2258970
marRp,0.125,7,7,AAATAAATGAGTCGTCCCTC,0,2231083
marRp,0.125,7,7,AAAGTTGGACGGTTCGTTAA,0,2223809
marRp,0.125,7,7,AAAAAATGACATCGGTGGGT,0,2259524
marRp,0.14285714285714285,6,6,TTTTTCCAATGTTTTGGTCT,0,2241409
marRp,0.14285714285714285,6,6,TTTGCAGTATTCTCTTCTTG,0,2258250
marRp,0.14285714285714285,6,6,TTTGATGAAATATAAGTCGG,0,2243624
marRp,0.14285714285714285,6,6,TTTCGACCCTGATGTGACGT,0,2218392
marRp,0.14285714285714285,6,6,TTTCATGACTTCCGCGAAGG,0,2237159
marRp,0.14285714285714285,6,6,TTTAGTCAGAAAATGGTAGG,0,2244470
marRp,0.14285714285714285,6,6,TTTAATGGAGGAAAAGGCGG,0,2217979
marRp,0.14285714285714285,6,6,TTGTGAATGGGTCTCCTCAG,0,2244152
marRp,0.14285714285714285,6,6,TTGTCAGACCTGCGATTGTC,0,2234120
marRp,0.14285714285714285,6,6,TTGTAAGAGCGGCCGGACAG,0,2243710
marRp,0.14285714285714285,6,6,TTGGGCAAGGTTGGCACGGC,0,2259801
marRp,0.14285714285714285,6,6,TTGGAGGGATGATGATGGAC,0,2259575
marRp,0.14285714285714285,6,6,TTGCAGGGACAGTGTGGACA,0,2244667
marRp,0.14285714285714285,6,6,TTGATGCTATTACACAGGCT,0,2260733
marRp,0.14285714285714285,6,6,TTGAAATGGACAGTACAGAC,0,2234881
marRp,0.14285714285714285,6,6,TTCTTTAGGCGTTTTGGTGA,0,2235740
marRp,0.14285714285714285,6,6,TTCGGATAATGCCATTGTCG,0,2240307
marRp,0.14285714285714285,6,6,TTCGAGTAGAGCACTTAATA,0,2234927
marRp,0.14285714285714285,6,6,TTCCCTATGATTCGTTCCGC,0,2221793
marRp,0.14285714285714285,6,6,TTCATTCATGATAGGCTCTG,0,2252856
marRp,0.14285714285714285,6,6,TTACTAGGATCTTCTCTTCA,0,2235985
marRp,0.14285714285714285,6,6,TTACTAAAGTCCGACACCTC,0,2220878
marRp,0.14285714285714285,6,6,TTAAAAGCTTCAACGATTAA,0,2224110
marRp,0.14285714285714285,6,6,TGTTGGAGCACGGCGAGTCT,0,2238187
marRp,0.14285714285714285,6,6,TGTTGCCAGGGGGGGAATGT,0,2227736
marRp,0.14285714285714285,6,6,TGTTATCGAAACCATCGGAT,0,2247792
marRp,0.14285714285714285,6,6,TGTGTTGTGCCCCGGCATTG,0,2226529
marRp,0.14285714285714285,6,6,TGTGTGCAAGGCGGCATCTT,0,2229858
marRp,0.14285714285714285,6,6,TGTGTCAGTAACGCACCCTA,0,2223205
marRp,0.14285714285714285,6,6,TGTGCCTCACCTTGGGGGCT,0,2251582
marRp,0.14285714285714285,6,6,TGTCCAATCGCGCGCTGAGA,0,2239080
marRp,0.14285714285714285,6,6,TGGTGCAGCTCGGTAGGGTC,0,2225637
marRp,0.14285714285714285,6,6,TGGTCCCCGTGTCACGATAG,0,2244103
marRp,0.14285714285714285,6,6,TGGGTCATTAAGATCGCAAT,0,2254019
marRp,0.14285714285714285,6,6,TGGGGCCGTCAGCGAGCTAG,0,2249280
marRp,0.14285714285714285,6,6,TGGCAGATAGTGGTCTGACG,0,2225240
marRp,0.14285714285714285,6,6,TGGCACCGACGCTACGCCCA,0,2244971
marRp,0.14285714285714285,6,6,TGGAGGGGGTCCAATGCAAA,0,2220849
marRp,0.14285714285714285,6,6,TGCTTGTCAAAAACGGGGGG,0,2241031
marRp,0.14285714285714285,6,6,TGCGGTGATTTTAGCCATTA,0,2256466
marRp,0.14285714285714285,6,6,TGCGCATCGCGAGTCACGGG,0,2253325
marRp,0.14285714285714285,6,6,TGCGAGCCTGCGGAAGGTGT,0,2256285
marRp,0.14285714285714285,6,6,TGCGACTGCTTAACGGGGGT,0,2234002
marRp,0.14285714285714285,6,6,TGCCATCGCATCAACTATTG,0,2223712
marRp,0.14285714285714285,6,6,TGCCACCGGGTCCCGGGTGC,0,2218715
marRp,0.14285714285714285,6,6,TGCCAATCCCGTTCATGCCT,0,2233725
marRp,0.14285714285714285,6,6,TGCACATTTTCCGGTAGCGG,0,2222157
marRp,0.14285714285714285,6,6,TGAGCCATTGCGAGGGCGAT,0,2256669
marRp,0.14285714285714285,6,6,TGACGCTACCGTCCCGTCGC,0,2254922
marRp,0.14285714285714285,6,6,TGAATGCAGCAGGATCTTTA,0,2236570
marRp,0.14285714285714285,6,6,TGAATCGCGCCTACGCTTTA,0,2227178
marRp,0.14285714285714285,6,6,TGAATATATCAAGGTTAGTG,0,2238974
marRp,0.14285714285714285,6,6,TGAACCTACTGCGCTCAAGA,0,2258610
marRp,0.14285714285714285,6,6,TCTTTCACTGCGTCAGTTCT,0,2251904
marRp,0.14285714285714285,6,6,TCTTGTAAAAATGGGGAGCG,0,2257934
marRp,0.14285714285714285,6,6,TCTAGGCGTTATTATAGACA,0,2239056
marRp,0.14285714285714285,6,6,TCTAGCAACTAGGGTTAGTA,0,2235294
marRp,0.14285714285714285,6,6,TCTAATTCCTGTACAACTCA,0,2219857
marRp,0.14285714285714285,6,6,TCGTTTAAGCATCCAACCGT,0,2242438
marRp,0.14285714285714285,6,6,TCGTAGCGACGTGGTAATGG,0,2236074
marRp,0.14285714285714285,6,6,TCGTAACTAGCTAGTATGGT,0,2246432
marRp,0.14285714285714285,6,6,TCGGCCCCGTTTGCGCCAAA,0,2227732
marRp,0.14285714285714285,6,6,TCGGATGCAATAACATGCAT,0,2255256
marRp,0.14285714285714285,6,6,TCGCCACCTACGGCCTAGTA,0,2219224
marRp,0.14285714285714285,6,6,TCGATTGACTATAGGAGCCT,0,2253552
marRp,0.14285714285714285,6,6,TCGATCGTGCGAGTGCGCGG,0,2220607
marRp,0.14285714285714285,6,6,TCGAAAATTCTACGGTCATG,0,2245815
marRp,0.14285714285714285,6,6,TCCCTTCCCAGAGCTAGAGC,0,2229406
marRp,0.14285714285714285,6,6,TCCCCAGCGTGCAACCAGTG,0,2217946
marRp,0.14285714285714285,6,6,TCCATGGAGTTTGCGTCGTC,0,2231404
marRp,0.14285714285714285,6,6,TCCATATGAAAGTTTGTAAG,0,2246736
marRp,0.14285714285714285,6,6,TCCACCGGAATAAGGGAATT,0,2227925
marRp,0.14285714285714285,6,6,TCATTTAGCGCAGTAGTCTT,0,2226388
marRp,0.14285714285714285,6,6,TCATTGACGGGATCCTAAGG,0,2250780
marRp,0.14285714285714285,6,6,TCAGGATACTACGCATTACA,0,2256187
marRp,0.14285714285714285,6,6,TCACAATGAGAAGTTATCCT,0,2220648
marRp,0.14285714285714285,6,6,TCACAATCATCTATTCTCGA,0,2232248
marRp,0.14285714285714285,6,6,TATTGGCCCGAGAAGCTATA,0,2224920
marRp,0.14285714285714285,6,6,TATGTCAGCGTACCCTGTGC,0,2229158
marRp,0.14285714285714285,6,6,TATGTATGTAAAAACATGGA,0,2240208
marRp,0.14285714285714285,6,6,TATGCGGACGGAAGCCCGTG,0,2223199
marRp,0.14285714285714285,6,6,TATCGTGATCACGTTCTTTC,0,2225146
marRp,0.14285714285714285,6,6,TATCCTGAAATAAGCAGTCA,0,2254208
marRp,0.14285714285714285,6,6,TATATGAGGGCTACGCCATG,0,2240211
marRp,0.14285714285714285,6,6,TATACACCATCAAGCCGAGC,0,2244299
marRp,0.14285714285714285,6,6,TAGTGGTAGGTAGAACTGGA,0,2256185
marRp,0.14285714285714285,6,6,TAGGTTGAGTAGTAGAGGAT,0,2241946
marRp,0.14285714285714285,6,6,TAGGGGGACAAGTGCAGCGA,0,2221709
marRp,0.14285714285714285,6,6,TAGGGCTGTATAGTGTTGGC,0,2223632
marRp,0.14285714285714285,6,6,TAGCGCCTTACAACCAGTCT,0,2239136
marRp,0.14285714285714285,6,6,TACTGCCTCTACAAGGATCA,0,2258485
marRp,0.14285714285714285,6,6,TACTCGCTGGCAATACTGGT,0,2233328
marRp,0.14285714285714285,6,6,TACCTCACCGTTTAAGAGAA,0,2236548
marRp,0.14285714285714285,6,6,TACCGGAGTGCCTTTCTTCA,0,2233030
marRp,0.14285714285714285,6,6,TACCCCCCTCTCAGCCCATC,0,2239488
marRp,0.14285714285714285,6,6,TACATCGCATGACGAAGGGA,0,2233327
marRp,0.14285714285714285,6,6,TACAGTCTACTCCCATTGGC,0,2258602
marRp,0.14285714285714285,6,6,TACAGGGGCTACAACTTGGA,0,2239967
marRp,0.14285714285714285,6,6,TACACTCGCATTCATTCCCA,0,2241160
marRp,0.14285714285714285,6,6,TACACGCGTTATTTCATGTT,0,2221746
marRp,0.14285714285714285,6,6,TACACCTTGCAATAGATAAA,0,2221776
marRp,0.14285714285714285,6,6,TACACCCGCATAAAGTACTC,0,2250027
marRp,0.14285714285714285,6,6,TAATATAAAAAACGGTCCCA,0,2224539
marRp,0.14285714285714285,6,6,TAAGGGTCGTAAAGTCTTCA,0,2238626
marRp,0.14285714285714285,6,6,TAAGAGGGCCGAGGGGGGAG,0,2251488
marRp,0.14285714285714285,6,6,TAACTTGCATTAGGTGGGCA,0,2248337
marRp,0.14285714285714285,6,6,TAACCTTAACAGGTCCGCTC,0,2249099
marRp,0.14285714285714285,6,6,TAACATTAGGGATGAGTGCA,0,2241233
marRp,0.14285714285714285,6,6,TAACACTCTTAGCGGGCCGA,0,2259981
marRp,0.14285714285714285,6,6,GTTTATTTTGTCCATATGAA,0,2258979
marRp,0.14285714285714285,6,6,GTTGGTGTAAAGCCGCGCTA,0,2219677
marRp,0.14285714285714285,6,6,GTTGGGATGAACCACACGCA,0,2247518
marRp,0.14285714285714285,6,6,GTTGGCGCAGAACCTAGTAT,0,2256394
marRp,0.14285714285714285,6,6,GTTGATTTAACTAGCATGCA,0,2236200
marRp,0.14285714285714285,6,6,GTTCTTCACGGTCTCAAGAT,0,2253110
marRp,0.14285714285714285,6,6,GTTCTCGCTATACCGCGTTT,0,2252482
marRp,0.14285714285714285,6,6,GTTCTCATGTTCGCCAAGTG,0,2221392
marRp,0.14285714285714285,6,6,GTTCGCGGGAGGTACACGCA,0,2246192
marRp,0.14285714285714285,6,6,GTTCAGGATAGTTAACTCCT,0,2229321
marRp,0.14285714285714285,6,6,GTTCAGAAACGCGTTAAAGA,0,2256824
marRp,0.14285714285714285,6,6,GTTCACGCTACCCTTTCGCG,0,2220324
marRp,0.14285714285714285,6,6,GTTCAACGTGATGTTGAGAT,0,2228044
marRp,0.14285714285714285,6,6,GTTACGGCCCAGCGTTCGGT,0,2260990
marRp,0.14285714285714285,6,6,GTGTGGAGATGCAATTACGT,0,2231402
marRp,0.14285714285714285,6,6,GTGTATTGAAATGATATGCA,0,2259866
marRp,0.14285714285714285,6,6,GTGGGGCATGTTGCCGTCTC,0,2253092
marRp,0.14285714285714285,6,6,GTGGCAGGGGACCGAAGGTA,0,2255320
marRp,0.14285714285714285,6,6,GTGGAGATACCATCTTGGTA,0,2228136
marRp,0.14285714285714285,6,6,GTGGAAGTCCGTCATTGTAA,0,2222503
marRp,0.14285714285714285,6,6,GTGGAAGGACTAGCATGAGT,0,2231501
marRp,0.14285714285714285,6,6,GTGCGTACCTTGGGGGCTAT,0,2258142
marRp,0.14285714285714285,6,6,GTGCACAACGCCTCTGGGGA,0,2253224
marRp,0.14285714285714285,6,6,GTGAGGGGTCATATCGCCCC,0,2219715
marRp,0.14285714285714285,6,6,GTGACCGGTTGCCAATCTGC,0,2246412
marRp,0.14285714285714285,6,6,GTGACCACACGGCCATTTCA,0,2252813
marRp,0.14285714285714285,6,6,GTGAAATATTGGGTACAGAG,0,2250481
marRp,0.14285714285714285,6,6,GTCTGACGGCTATTCCAATT,0,2220736
marRp,0.14285714285714285,6,6,GTCGTCATGCTGGGTATTGA,0,2224474
marRp,0.14285714285714285,6,6,GTCCTCGAGAGAACTCTGAA,0,2244925
marRp,0.14285714285714285,6,6,GTCCTCACCGGTGCACAGAT,0,2234465
marRp,0.14285714285714285,6,6,GTCCCCATGCGTACGCGGCT,0,2225115
marRp,0.14285714285714285,6,6,GTCATTATGTTATCATATCA,0,2226120
marRp,0.14285714285714285,6,6,GTCACTATCCGTTACATTTG,0,2252602
marRp,0.14285714285714285,6,6,GTATTTCCGTTCGGCGATGC,0,2224403
marRp,0.14285714285714285,6,6,GTATGGTGGCGGTTGCCCTT,0,2217848
marRp,0.14285714285714285,6,6,GTATGGGTGTTCTTCGCCTC,0,2250551
marRp,0.14285714285714285,6,6,GTAGTTCAGCCCCACCAATT,0,2247161
marRp,0.14285714285714285,6,6,GTAGATAACCATAGATGTCT,0,2251324
marRp,0.14285714285714285,6,6,GTACTACGCATCGGGTCCAG,0,2237806
marRp,0.14285714285714285,6,6,GTACAACGTTAAGCTTAGTA,0,2253863
marRp,0.14285714285714285,6,6,GTAACTTTCGACGCAGTAGT,0,2227542
marRp,0.14285714285714285,6,6,GGTTTAACAGACCTAGCAGT,0,2254912
marRp,0.14285714285714285,6,6,GGTTGTAATGAACGAGGGGT,0,2227195
marRp,0.14285714285714285,6,6,GGTTCCTTCAATGAGTTAAG,0,2245356
marRp,0.14285714285714285,6,6,GGTTCAGTAGTGCAGCAAGC,0,2230014
marRp,0.14285714285714285,6,6,GGTTATGAGAGTACACGGTG,0,2242258
marRp,0.14285714285714285,6,6,GGTGGAGTCCCTCTGGTCCA,0,2222798
marRp,0.14285714285714285,6,6,GGTCTGTGCGGGAACCGATG,0,2250302
marRp,0.14285714285714285,6,6,GGTCTGCCACTTTCGAAGTT,0,2250293
marRp,0.14285714285714285,6,6,GGGTTCCGAAGTGAGTAGGG,0,2240731
marRp,0.14285714285714285,6,6,GGGGGTCAAGGTGCCACTCG,0,2249323
marRp,0.14285714285714285,6,6,GGGCCTTGAATCTAGTGGAT,0,2224196
marRp,0.14285714285714285,6,6,GGGCAGACGCGTGCATAATA,0,2245454
marRp,0.14285714285714285,6,6,GGGCACACATCCCTACCCAT,0,2257079
marRp,0.14285714285714285,6,6,GGGATGACTGAAAGCTTCTC,0,2255700
marRp,0.14285714285714285,6,6,GGCTCCTGAGACAGGGCTGA,0,2231155
marRp,0.14285714285714285,6,6,GGCTAGTCCCTCGCTGAGAG,0,2235848
marRp,0.14285714285714285,6,6,GGCGCTCATCAGAGTTGCAG,0,2243264
marRp,0.14285714285714285,6,6,GGCCGGTGTTTCCAAGTCGC,0,2247206
marRp,0.14285714285714285,6,6,GGCCGGAGTAATCTAGTTCT,0,2223768
marRp,0.14285714285714285,6,6,GGCATAAGGACTTGAACAGC,0,2218417
marRp,0.14285714285714285,6,6,GGCAGTTCCTTACTATTGCT,0,2259229
marRp,0.14285714285714285,6,6,GGCAGCCCAAATGGCGATAT,0,2248688
marRp,0.14285714285714285,6,6,GGCAGCAATTAGGGCGCTTG,0,2248296
marRp,0.14285714285714285,6,6,GGATTACGTAGGATATCGTA,0,2223917
marRp,0.14285714285714285,6,6,GGATGATTGCCTTTCCCGGC,0,2246652
marRp,0.14285714285714285,6,6,GGATCGGTGACTCTGCACCA,0,2245021
marRp,0.14285714285714285,6,6,GGATCCGCGCTAACCTTTAT,0,2226056
marRp,0.14285714285714285,6,6,GGAGATATTGCTTTACTATG,0,2248803
marRp,0.14285714285714285,6,6,GGAATGCGTTAACCCCGGTA,0,2242316
marRp,0.14285714285714285,6,6,GGAACCTCCGCGAGTAAGTG,0,2243329
marRp,0.14285714285714285,6,6,GGAAAACGATTCACCAGCCG,0,2253226
marRp,0.14285714285714285,6,6,GCTTTGAAACCAAATGCGTT,0,2243348
marRp,0.14285714285714285,6,6,GCTGGGAACGTAACTCGACT,0,2220290
marRp,0.14285714285714285,6,6,GCTGACCGACACGTGCGTAC,0,2254925
marRp,0.14285714285714285,6,6,GCTCCTACTGGTCGCAATGC,0,2254164
marRp,0.14285714285714285,6,6,GCTCCGCTGAATCGGTTCAA,0,2239401
marRp,0.14285714285714285,6,6,GCTCATACCCTACATAATGA,0,2234728
marRp,0.14285714285714285,6,6,GCTATTAGGGCTCGACTTCC,0,2241663
marRp,0.14285714285714285,6,6,GCTATAGCAGCCGCGTAGTG,0,2232124
marRp,0.14285714285714285,6,6,GCGTTCTTCAACCACCTTGC,0,2227423
marRp,0.14285714285714285,6,6,GCGTTCTAGCATAGGTGTAC,0,2258778
marRp,0.14285714285714285,6,6,GCGTAATAGGGAAAGTTGGA,0,2246662
marRp,0.14285714285714285,6,6,GCGGTGGCGATGTAGTAAGG,0,2260351
marRp,0.14285714285714285,6,6,GCGGTACCTATCGGAGAAAG,0,2236049
marRp,0.14285714285714285,6,6,GCGGACCAATGTGCCGCATA,0,2218133
marRp,0.14285714285714285,6,6,GCGCCTACGGGATGTTGGGC,0,2231223
marRp,0.14285714285714285,6,6,GCCGTTTTCGCGGCTAAACG,0,2256309
marRp,0.14285714285714285,6,6,GCCGTCTGTGGTTGGCACCA,0,2260024
marRp,0.14285714285714285,6,6,GCCGAATAAAGAATACGGTA,0,2233564
marRp,0.14285714285714285,6,6,GCCCAAAATCCATTCCCACC,0,2232544
marRp,0.14285714285714285,6,6,GCATCTCACGGTTAGAGCGA,0,2226694
marRp,0.14285714285714285,6,6,GCATCGTCCAATATATTGCC,0,2247492
marRp,0.14285714285714285,6,6,GCACGCAGCCTCTCAAGGTG,0,2243567
marRp,0.14285714285714285,6,6,GCAATAAGAAGGCGCGCATG,0,2233681
marRp,0.14285714285714285,6,6,GCAAGAATTGTGACTGGAGC,0,2260869
marRp,0.14285714285714285,6,6,GCAACTCGCGGAACCCCCTA,0,2251404
marRp,0.14285714285714285,6,6,GATTTTGTATAGCGATGTCG,0,2234803
marRp,0.14285714285714285,6,6,GATTGACATAGAGTGGACCG,0,2242431
marRp,0.14285714285714285,6,6,GATGGACGAAGGGATGGTCA,0,2220676
marRp,0.14285714285714285,6,6,GATGCTAGTTGTTATTAGGC,0,2250885
marRp,0.14285714285714285,6,6,GATGCGAACATGATGCCGGT,0,2246668
marRp,0.14285714285714285,6,6,GATGACCTCATACATTTGCA,0,2220311
marRp,0.14285714285714285,6,6,GATCATATCCGGACCTGGGA,0,2220747
marRp,0.14285714285714285,6,6,GATACAATGAATGCGTCAGG,0,2222902
marRp,0.14285714285714285,6,6,GATAATCTGCCTTAGCATGA,0,2218152
marRp,0.14285714285714285,6,6,GATAAATAACGTTGCAGCTC,0,2241044
marRp,0.14285714285714285,6,6,GAGTTATCATGCCTTACTCG,0,2233472
marRp,0.14285714285714285,6,6,GAGTCGTCTCGGAGCCCTGG,0,2246377
marRp,0.14285714285714285,6,6,GAGTCGAGTCTCAGAATGGG,0,2247974
marRp,0.14285714285714285,6,6,GAGTAGCTAACGTGGGTGAC,0,2234131
marRp,0.14285714285714285,6,6,GAGGTAGTCAGCAGTAGTAG,0,2260814
marRp,0.14285714285714285,6,6,GAGCCTATACAATGGGTTCA,0,2221778
marRp,0.14285714285714285,6,6,GAGCATACGTTAGTAGGGGA,0,2250650
marRp,0.14285714285714285,6,6,GAGAGTAAGGCCCACACTTA,0,2222681
marRp,0.14285714285714285,6,6,GACTTCACACATCGTCTGGT,0,2227739
marRp,0.14285714285714285,6,6,GACCGCGGGGCGTTTACCCC,0,2250086
marRp,0.14285714285714285,6,6,GAATGGTAAGCAGCATATAT,0,2229111
marRp,0.14285714285714285,6,6,GAAGGATGTGAGCGGCACCA,0,2222059
marRp,0.14285714285714285,6,6,GAACGGTTGGGCAGGCGCCT,0,2222482
marRp,0.14285714285714285,6,6,GAACCAAACGCGGCTGTCTG,0,2257241
marRp,0.14285714285714285,6,6,GAAATCGTCATGCTCTTACG,0,2219976
marRp,0.14285714285714285,6,6,GAAAGGGCTGGTAATAATGC,0,2222100
marRp,0.14285714285714285,6,6,GAAACTGAATTCTCTATCTA,0,2227919
marRp,0.14285714285714285,6,6,CTTTGCAGCCTAGCTTCGCA,0,2244607
marRp,0.14285714285714285,6,6,CTTTCACCCGATTAGCCCGT,0,2230137
marRp,0.14285714285714285,6,6,CTTCCATGGTGTGTCCTTTT,0,2247188
marRp,0.14285714285714285,6,6,CTGTGGTCTCGATATGGACG,0,2231981
marRp,0.14285714285714285,6,6,CTGTATCGCCCAGCGCCCGT,0,2245259
marRp,0.14285714285714285,6,6,CTGTACCGAACAGAATAGGC,0,2224293
marRp,0.14285714285714285,6,6,CTGGTTTAATTTTAGCAGGT,0,2218542
marRp,0.14285714285714285,6,6,CTGGTTCACGAAACCCATTG,0,2256667
marRp,0.14285714285714285,6,6,CTGGGTCATGATCGCACCAG,0,2253784
marRp,0.14285714285714285,6,6,CTGGCGTCTAAATACAATTA,0,2245760
marRp,0.14285714285714285,6,6,CTGGCCCCGCAATTGGGCTG,0,2247871
marRp,0.14285714285714285,6,6,CTGCGGTTAGCTTTACAGGC,0,2242505
marRp,0.14285714285714285,6,6,CTGCGCTTGCCATCGCCAGA,0,2227460
marRp,0.14285714285714285,6,6,CTGCCGACGGCTAGTCGATA,0,2242716
marRp,0.14285714285714285,6,6,CTGACCGTAGGTCCATTTAC,0,2236891
marRp,0.14285714285714285,6,6,CTGAAGTAAAGTGCTAGGTT,0,2223227
marRp,0.14285714285714285,6,6,CTCTTGATTTTAGAGACCTT,0,2218273
marRp,0.14285714285714285,6,6,CTCGTGGCCGAATATAGGTC,0,2248454
marRp,0.14285714285714285,6,6,CTCGCAGACCATTTAAAGTG,0,2242785
marRp,0.14285714285714285,6,6,CTCGAGCTTGGGTTTGGCGA,0,2243095
marRp,0.14285714285714285,6,6,CTCGAGCAAATACGGCTCTT,0,2217960
marRp,0.14285714285714285,6,6,CTCCCAGTAATAGGAATCGG,0,2244214
marRp,0.14285714285714285,6,6,CTCACTAGAATTATTCACCG,0,2226015
marRp,0.14285714285714285,6,6,CTATGTAGAGCGGAGCAATG,0,2251248
marRp,0.14285714285714285,6,6,CTATGGGGTCAGGAAGGTTC,0,2244956
marRp,0.14285714285714285,6,6,CTATGAGCACCCGAGAATAG,0,2231966
marRp,0.14285714285714285,6,6,CTATCGATTTGCGTTGTGCA,0,2220209
marRp,0.14285714285714285,6,6,CTAGTCATGCGATCCGAATT,0,2255936
marRp,0.14285714285714285,6,6,CTAGTAAAGCGCAGACGGTT,0,2258639
marRp,0.14285714285714285,6,6,CTACTCTTAGTGCGGTATCC,0,2233593
marRp,0.14285714285714285,6,6,CTACGAGCGCACCGCCACGG,0,2257551
marRp,0.14285714285714285,6,6,CTACCTACGGTGAGATCAAG,0,2249427
marRp,0.14285714285714285,6,6,CTACACCGGCCTCTGTCCCA,0,2223004
marRp,0.14285714285714285,6,6,CTAAGTGGGCGTTAAAGAGT,0,2251017
marRp,0.14285714285714285,6,6,CGTTCGCCTGTTCTCTAGCG,0,2248354
marRp,0.14285714285714285,6,6,CGTCGGGGGGAAGCCTTAAG,0,2258964
marRp,0.14285714285714285,6,6,CGTCGGACTACAATTGAGGC,0,2218182
marRp,0.14285714285714285,6,6,CGTAAAATTCTCGCGTAGCA,0,2223290
marRp,0.14285714285714285,6,6,CGGTTTAATAGGTTGCCACA,0,2222714
marRp,0.14285714285714285,6,6,CGGTTAAATTGTTGGGTCGT,0,2228461
marRp,0.14285714285714285,6,6,CGGTGCGACGTATTTTCCTA,0,2238618
marRp,0.14285714285714285,6,6,CGGTACTCAGGCGCAGGCTA,0,2243962
marRp,0.14285714285714285,6,6,CGGGTATCCACCGGTACTGA,0,2241895
marRp,0.14285714285714285,6,6,CGGGGTAACTTCATGCGCGG,0,2218047
marRp,0.14285714285714285,6,6,CGGGATCCCGTCACTCGTTT,0,2251496
marRp,0.14285714285714285,6,6,CGGCGAGCAATAGCAATGTG,0,2248087
marRp,0.14285714285714285,6,6,CGGCCGGTTCATCAATGCTA,0,2234653
marRp,0.14285714285714285,6,6,CGGCCCAAATGATAAATGAG,0,2242476
marRp,0.14285714285714285,6,6,CGGACGGCGGTCACAGATCG,0,2250800
marRp,0.14285714285714285,6,6,CGCTTGGTCGGCTTAAGGCT,0,2228828
marRp,0.14285714285714285,6,6,CGCGAGATGGGTAGTACAGG,0,2220669
marRp,0.14285714285714285,6,6,CGCATGGTAGCGAGGGAGTA,0,2258256
marRp,0.14285714285714285,6,6,CGCATCTGCCCGGAATTATT,0,2250358
marRp,0.14285714285714285,6,6,CGCACTATGGGAACATTATG,0,2257455
marRp,0.14285714285714285,6,6,CGATCGACCTTTTAGCCTTA,0,2255828
marRp,0.14285714285714285,6,6,CGAGCTACGCGGAATTATTA,0,2252390
marRp,0.14285714285714285,6,6,CGACTTACTTGAATCTACGC,0,2249589
marRp,0.14285714285714285,6,6,CGACCTCTTTCTTCTGACCA,0,2247941
marRp,0.14285714285714285,6,6,CGACATGATGGAGCGCAGTA,0,2228861
marRp,0.14285714285714285,6,6,CCTTGTATTAAGGAACAGCG,0,2251176
marRp,0.14285714285714285,6,6,CCTTACCGATTGTGCCGAGT,0,2252806
marRp,0.14285714285714285,6,6,CCTGGTGTGGATGGGGCAGT,0,2224874
marRp,0.14285714285714285,6,6,CCTCGAAGGCATCAGGTTCA,0,2254509
marRp,0.14285714285714285,6,6,CCTATGTGAACGCCGAGAGA,0,2235256
marRp,0.14285714285714285,6,6,CCTATACTGGTGTGTGACCC,0,2246194
marRp,0.14285714285714285,6,6,CCGTAGGACTCCGCCGATAG,0,2252161
marRp,0.14285714285714285,6,6,CCGGTGAGGCTCAGTGCGCA,0,2254339
marRp,0.14285714285714285,6,6,CCGGCCTTGGGACCATGTAG,0,2228234
marRp,0.14285714285714285,6,6,CCGGCAGTGTGGCTGGCAAG,0,2242787
marRp,0.14285714285714285,6,6,CCGGAGAAGTCCTGTCCCCC,0,2243787
marRp,0.14285714285714285,6,6,CCGGAAGACTTGGGCTTATG,0,2231694
marRp,0.14285714285714285,6,6,CCGCGCAAAAGGAGCGGCAG,0,2224510
marRp,0.14285714285714285,6,6,CCGCCGACCGGTCCTCGCCA,0,2233843
marRp,0.14285714285714285,6,6,CCGAACTGTATAATGCGTAT,0,2254817
marRp,0.14285714285714285,6,6,CCCTCGGAGTATCGTGCGCC,0,2235386
marRp,0.14285714285714285,6,6,CCCTAGGGCATAATATTTCC,0,2238076
marRp,0.14285714285714285,6,6,CCCGTAGACGTGGAAACCGC,0,2247868
marRp,0.14285714285714285,6,6,CCCGCGGGTTCTCGCTGAAC,0,2233969
marRp,0.14285714285714285,6,6,CCCGCGGATGGCGGTAGGCC,0,2253786
marRp,0.14285714285714285,6,6,CCCGCCTGCTACTGTGGGAG,0,2227125
marRp,0.14285714285714285,6,6,CCCGAGGGGGGTGTGACTGG,0,2229074
marRp,0.14285714285714285,6,6,CCCCAGGACAGTTAATCGTA,0,2240243
marRp,0.14285714285714285,6,6,CCCATATTCGGTCCCGGGTT,0,2250427
marRp,0.14285714285714285,6,6,CCCAGTCGCTACCAAGAATA,0,2227804
marRp,0.14285714285714285,6,6,CCCAGCGAAGAAATCAAACA,0,2225237
marRp,0.14285714285714285,6,6,CCCACGCACTCGAAGCTTGA,0,2221833
marRp,0.14285714285714285,6,6,CCATTGTATAAGCTAGATCA,0,2235591
marRp,0.14285714285714285,6,6,CCATTGAGGGACGTCTATCT,0,2234202
marRp,0.14285714285714285,6,6,CCATTCCTCACGCGCCGCCA,0,2237638
marRp,0.14285714285714285,6,6,CCATTAGAATAGCGCCCGTA,0,2231275
marRp,0.14285714285714285,6,6,CCATCGGGGCGTATGCCCTC,0,2221323
marRp,0.14285714285714285,6,6,CCATCCATTAGTTGCGCTTG,0,2252137
marRp,0.14285714285714285,6,6,CCAGGCGCACCATGTAGCTC,0,2236816
marRp,0.14285714285714285,6,6,CCACACCTTCGCGGAGCTCA,0,2227703
marRp,0.14285714285714285,6,6,CCAATTCTGTAGTTGGGCGA,0,2233252
marRp,0.14285714285714285,6,6,CCAAGAAGCATTGTATTTGT,0,2249570
marRp,0.14285714285714285,6,6,CATTTTGCCGGAGGCAGAAA,0,2219222
marRp,0.14285714285714285,6,6,CATTGAAAGGAACTCCTTTA,0,2220660
marRp,0.14285714285714285,6,6,CATTACACTAGCTAACTAGG,0,2221236
marRp,0.14285714285714285,6,6,CATGACCAGGCGCGTTAGGC,0,2230003
marRp,0.14285714285714285,6,6,CATGACATCTCGCAGCTAAG,0,2251145
marRp,0.14285714285714285,6,6,CATGAAAAAATCCGCGGGGA,0,2257656
marRp,0.14285714285714285,6,6,CATATACAATCTATGTGGCT,0,2235358
marRp,0.14285714285714285,6,6,CAGTGGCGGTATCTCATGGC,0,2235235
marRp,0.14285714285714285,6,6,CAGTCATCTGCCAGCCTTCA,0,2244627
marRp,0.14285714285714285,6,6,CAGTACGTTATCGGCGGATG,0,2250469
marRp,0.14285714285714285,6,6,CAGTAAATCCAGGACTGAGG,0,2228563
marRp,0.14285714285714285,6,6,CAGGTTCCTTACCGATGCGC,0,2220083
marRp,0.14285714285714285,6,6,CAGCTAAGGGGTACGCTTGT,0,2250295
marRp,0.14285714285714285,6,6,CAGCGCCTGTGCAAGCTCAA,0,2258247
marRp,0.14285714285714285,6,6,CAGAGGTAATGGGCCGACCT,0,2260957
marRp,0.14285714285714285,6,6,CAGAACCGGGGAATCAGCGG,0,2261105
marRp,0.14285714285714285,6,6,CACTACGCCTCCTCTCGGAG,0,2227273
marRp,0.14285714285714285,6,6,CACGCTGGTACACAGCATAC,0,2243918
marRp,0.14285714285714285,6,6,CACGATTGAACTAGCAAGTT,0,2226959
marRp,0.14285714285714285,6,6,CACGACAGACGAGCTCACAG,0,2249548
marRp,0.14285714285714285,6,6,CACCTTAGGGAAAAAGACGA,0,2237277
marRp,0.14285714285714285,6,6,CACCGTTAATCTGCGGAACT,0,2259802
marRp,0.14285714285714285,6,6,CACCCTAACGCCAAAACTTT,0,2242759
marRp,0.14285714285714285,6,6,CACCAGTCAGCTTCATGGGA,0,2237699
marRp,0.14285714285714285,6,6,CACACTTTCTTCTATCCGGA,0,2234457
marRp,0.14285714285714285,6,6,CAATGGTGCTACACAATAGG,0,2249727
marRp,0.14285714285714285,6,6,CAATGGCCTAGGGACGAAGC,0,2240670
marRp,0.14285714285714285,6,6,CAAGGTGAAGTTCCGGAGTT,0,2217924
marRp,0.14285714285714285,6,6,CAAGAGACAGGGAATGCCTC,0,2249352
marRp,0.14285714285714285,6,6,CAACTAACTAGCTGATGAAG,0,2254574
marRp,0.14285714285714285,6,6,CAACCTCGATTTGTTTCCGC,0,2229122
marRp,0.14285714285714285,6,6,CAACATGTTTCTCAATATTG,0,2258808
marRp,0.14285714285714285,6,6,CAAATACATCGCACGCCGTG,0,2256189
marRp,0.14285714285714285,6,6,ATTTCACCAGGGGGGAGCTT,0,2225783
marRp,0.14285714285714285,6,6,ATTGTTCGTCTCTGTGTCTC,0,2242597
marRp,0.14285714285714285,6,6,ATTGTAGTATCGCTGGGGTA,0,2256886
marRp,0.14285714285714285,6,6,ATTGGGCTCGTCCCAGAAAA,0,2236222
marRp,0.14285714285714285,6,6,ATTGCATGCTGATTGGCGTG,0,2248088
marRp,0.14285714285714285,6,6,ATTCTCCCCGCCCTAAGAAA,0,2222009
marRp,0.14285714285714285,6,6,ATTCAGGTCAAAATAAGAAT,0,2246327
marRp,0.14285714285714285,6,6,ATTCAAACTCCTACCATGAA,0,2223201
marRp,0.14285714285714285,6,6,ATTATGGCTCGGACAAATAA,0,2219771
marRp,0.14285714285714285,6,6,ATGTCCGGACACAACCCGCA,0,2236009
marRp,0.14285714285714285,6,6,ATGTACGCGTATCTGTAAGC,0,2254688
marRp,0.14285714285714285,6,6,ATGGTAGAACAGCCCGGATT,0,2241667
marRp,0.14285714285714285,6,6,ATGCAAGCTTGGGATGGCTA,0,2239061
marRp,0.14285714285714285,6,6,ATGACGTGTAGGGAGCGATG,0,2225774
marRp,0.14285714285714285,6,6,ATCTGCTCCCTCGGTGTTCA,0,2241649
marRp,0.14285714285714285,6,6,ATCTAGGAAAACGATCAGGC,0,2256483
marRp,0.14285714285714285,6,6,ATCGCCCTTGCAAAGGTTTG,0,2230321
marRp,0.14285714285714285,6,6,ATCGCCACTGTCGAGTACCT,0,2255424
marRp,0.14285714285714285,6,6,ATCGCAAACGATGCTGTATA,0,2219232
marRp,0.14285714285714285,6,6,ATCCAGATCCGTTTGATCCT,0,2238349
marRp,0.14285714285714285,6,6,ATCAAGATTACGGAGGTTTG,0,2258768
marRp,0.14285714285714285,6,6,ATCAACAAGAACTGTTTCAT,0,2256523
marRp,0.14285714285714285,6,6,ATATGTGATCTGACAAGCCC,0,2239235
marRp,0.14285714285714285,6,6,ATATCTACAGGGTCTGGTAG,0,2260803
marRp,0.14285714285714285,6,6,ATATACAAAAGTCAATTCAT,0,2236013
marRp,0.14285714285714285,6,6,ATACTGAGTTCAGTCGGCTT,0,2226746
marRp,0.14285714285714285,6,6,ATACTACAGGACGTAGACCC,0,2232974
marRp,0.14285714285714285,6,6,ATACGAAAAGATAGCGCGAG,0,2247870
marRp,0.14285714285714285,6,6,ATAACGATCCTAGGCCCCTC,0,2260358
marRp,0.14285714285714285,6,6,AGTTTACTCCCTCGCGCCCA,0,2240198
marRp,0.14285714285714285,6,6,AGTTGGTTGCACGAGAAAGG,0,2227036
marRp,0.14285714285714285,6,6,AGTTCTCTGCGGGTAATGTT,0,2250876
marRp,0.14285714285714285,6,6,AGTTATCGTAATTCTATGTT,0,2243700
marRp,0.14285714285714285,6,6,AGTTACCAAGGGAACCTAGT,0,2221627
marRp,0.14285714285714285,6,6,AGTGCAGCCGCTAACCGTGT,0,2245468
marRp,0.14285714285714285,6,6,AGTCCGCAATTAGAGTCTTC,0,2235897
marRp,0.14285714285714285,6,6,AGTCAGGAAAATCAGGATTT,0,2234574
marRp,0.14285714285714285,6,6,AGTATAGAAGGGTCTTACCA,0,2255391
marRp,0.14285714285714285,6,6,AGTAGTCGTTCCGACGCCCA,0,2221685
marRp,0.14285714285714285,6,6,AGTACAGTGCAGATGGTATC,0,2231094
marRp,0.14285714285714285,6,6,AGTAACGATGGTTTCCGTCC,0,2234371
marRp,0.14285714285714285,6,6,AGGTGGGATGGCCTCGGCCC,0,2225116
marRp,0.14285714285714285,6,6,AGGTCTTTATATTCTGTATA,0,2251456
marRp,0.14285714285714285,6,6,AGGTAATCATGGGCCGAGAA,0,2232112
marRp,0.14285714285714285,6,6,AGGGTTTAGAGAAGGCGATG,0,2242647
marRp,0.14285714285714285,6,6,AGGGTCGCCTATAGAAATTC,0,2221848
marRp,0.14285714285714285,6,6,AGGGGTACCATAGGGCTACT,0,2239026
marRp,0.14285714285714285,6,6,AGGGGGAGTTGCTTAGGTGA,0,2258311
marRp,0.14285714285714285,6,6,AGGCTTCTCTGGCTACAGGC,0,2234894
marRp,0.14285714285714285,6,6,AGGCGTCTAGATATCAATAT,0,2259535
marRp,0.14285714285714285,6,6,AGGCCGACCTGAGATTTAGG,0,2233719
marRp,0.14285714285714285,6,6,AGGATGTATTCAACGTCCCG,0,2235193
marRp,0.14285714285714285,6,6,AGGATGGCCGAGCGGTCACC,0,2246095
marRp,0.14285714285714285,6,6,AGGACGGACTAGGATTAAAC,0,2230076
marRp,0.14285714285714285,6,6,AGGACGCTAGATAGCAAATT,0,2230899
marRp,0.14285714285714285,6,6,AGGACGCACATAGATGAGTC,0,2254742
marRp,0.14285714285714285,6,6,AGCTTGGGGTCGAGAATTTG,0,2248472
marRp,0.14285714285714285,6,6,AGCGTTAGGCCATTGCACTA,0,2254898
marRp,0.14285714285714285,6,6,AGCGAGTGGCCTCCTATAGC,0,2259450
marRp,0.14285714285714285,6,6,AGCCCGTATTTTCCCGGAAA,0,2258516
marRp,0.14285714285714285,6,6,AGCAGGTGGGCAGCTCCATG,0,2242796
marRp,0.14285714285714285,6,6,AGATTAATCGATTCTTTCAT,0,2256957
marRp,0.14285714285714285,6,6,AGATCTACGGTTGCAATAGA,0,2242229
marRp,0.14285714285714285,6,6,AGATCCTCGATTGATATAAG,0,2248789
marRp,0.14285714285714285,6,6,AGAGCAAACATGGACGTAGT,0,2247246
marRp,0.14285714285714285,6,6,AGACGATCAACGCGACGGAG,0,2233826
marRp,0.14285714285714285,6,6,AGACCCTTGTACGCCCTTCC,0,2256262
marRp,0.14285714285714285,6,6,AGACCCAGATATGCACTGGG,0,2220135
marRp,0.14285714285714285,6,6,AGAACTGAAGCAAAGTTGTA,0,2259360
marRp,0.14285714285714285,6,6,ACTTCTGCGACCTGATTAGT,0,2260635
marRp,0.14285714285714285,6,6,ACTGCTACCGGCGCGGAATT,0,2222494
marRp,0.14285714285714285,6,6,ACTCTCAGTTTTTGTCTCAA,0,2257635
marRp,0.14285714285714285,6,6,ACTCTAGGCTTATATCAGCT,0,2225188
marRp,0.14285714285714285,6,6,ACTCGTCGCCAACATAGTAA,0,2230412
marRp,0.14285714285714285,6,6,ACTCCTGATAACGTATTCCG,0,2248538
marRp,0.14285714285714285,6,6,ACTACAACAGACGGCTAAGT,0,2219727
marRp,0.14285714285714285,6,6,ACGTGTAATTGGGCGCGTAT,0,2235506
marRp,0.14285714285714285,6,6,ACGTACTGACGGTAGAGATT,0,2230092
marRp,0.14285714285714285,6,6,ACGGGAGACCGCGAAACGGT,0,2218114
marRp,0.14285714285714285,6,6,ACGCTAGGCTCTGGGTAGCT,0,2256026
marRp,0.14285714285714285,6,6,ACGCAGCTAGAACTTGACAA,0,2229100
marRp,0.14285714285714285,6,6,ACGAGTGATGATTTCCATGC,0,2219818
marRp,0.14285714285714285,6,6,ACGAATCGCCCACGGATGCT,0,2228018
marRp,0.14285714285714285,6,6,ACCTGTCTATAATCCGGAGG,0,2257729
marRp,0.14285714285714285,6,6,ACCGCGGTTACGCTAGAATG,0,2238048
marRp,0.14285714285714285,6,6,ACCCGGCGTCCACAATTGCC,0,2246219
marRp,0.14285714285714285,6,6,ACCAGCATTCTGGCCTTTTA,0,2232240
marRp,0.14285714285714285,6,6,ACCACGTAGAATATAGATGT,0,2248773
marRp,0.14285714285714285,6,6,ACATTTGCGTTATGTCTGTC,0,2242317
marRp,0.14285714285714285,6,6,ACATTCTAGGGCCTCTACAT,0,2244254
marRp,0.14285714285714285,6,6,ACATGGCCGCCTCGTTGAAA,0,2255696
marRp,0.14285714285714285,6,6,ACATATTAGTTCCAACAGAG,0,2246164
marRp,0.14285714285714285,6,6,ACATACGACTAAGTCCTTAC,0,2227035
marRp,0.14285714285714285,6,6,ACACACTGTATTTTGCACGT,0,2233994
marRp,0.14285714285714285,6,6,ACAAGCTCGTCATGGAATTT,0,2232552
marRp,0.14285714285714285,6,6,ACAAGCTAAAGGGGGGTTTT,0,2230035
marRp,0.14285714285714285,6,6,ACAAGCACCCGAACAAAATA,0,2221543
marRp,0.14285714285714285,6,6,AATTACGGGACCAACAGACT,0,2244031
marRp,0.14285714285714285,6,6,AATGGTGTTGGACGGCGATC,0,2256677
marRp,0.14285714285714285,6,6,AATGGAATGAATGCTGCGGT,0,2254940
marRp,0.14285714285714285,6,6,AATGACAAGTTCGGAACACT,0,2223452
marRp,0.14285714285714285,6,6,AATCAGGAGTCGTATTAAGA,0,2218875
marRp,0.14285714285714285,6,6,AAGTTGCATCACGCGTGCTA,0,2243108
marRp,0.14285714285714285,6,6,AAGTTGATCTCAGACACAGT,0,2245489
marRp,0.14285714285714285,6,6,AAGGGAGATACTTCTGACAA,0,2238712
marRp,0.14285714285714285,6,6,AAGGAGAAACGTATCTGGTA,0,2250005
marRp,0.14285714285714285,6,6,AAGCTTTGTATAAAGGCGCG,0,2225737
marRp,0.14285714285714285,6,6,AAGCTCTGAGGCCGGACTCT,0,2260370
marRp,0.14285714285714285,6,6,AAGCAGTCAAGTTCGGCGCA,0,2220196
marRp,0.14285714285714285,6,6,AAGAATAGCTTAACAGTATT,0,2245325
marRp,0.14285714285714285,6,6,AACGGTGCAGGTCCGTCGCT,0,2228519
marRp,0.14285714285714285,6,6,AACGGTGAATGCGCACTCCC,0,2239083
marRp,0.14285714285714285,6,6,AACGGGTTTCTGCCAATTCT,0,2235559
marRp,0.14285714285714285,6,6,AACGCCGATCGGTAATACTA,0,2225360
marRp,0.14285714285714285,6,6,AACGCAGTTCGATAATTCAA,0,2227237
marRp,0.14285714285714285,6,6,AACGAAAGCTGGGCACATAT,0,2258091
marRp,0.14285714285714285,6,6,AAATTTGTTCGAGCGCCCGT,0,2244753
marRp,0.14285714285714285,6,6,AAATTTGCTAGTAGCCCTGG,0,2251309
marRp,0.14285714285714285,6,6,AAATGCGGCCAAACGTCTCG,0,2258547
marRp,0.14285714285714285,6,6,AAATCCGGGCTAGACCTTCT,0,2222404
marRp,0.14285714285714285,6,6,AAATCAGAGTTCGACATTAA,0,2236048
marRp,0.14285714285714285,6,6,AAATATAGGTCACGAGGTAT,0,2240140
marRp,0.14285714285714285,6,6,AAACTCTGGCCACTACGGGA,0,2247341
marRp,0.14285714285714285,6,6,AAAAGCTAGGGGCCAAATTT,0,2231018
marRp,0.14285714285714285,6,6,AAAAAGACCCTAGTGCGTAT,0,2259217
marRp,0.16666666666666666,5,5,TTTTGTCTATCTCGCGCATT,0,2238739
marRp,0.16666666666666666,5,5,TTTTCTAGTTGCAGTCACAA,0,2253841
marRp,0.16666666666666666,5,5,TTTTCCCTCAAGATACAGCC,0,2254059
marRp,0.16666666666666666,5,5,TTTTAAGAGACTTCAGGCCG,0,2244521
marRp,0.16666666666666666,5,5,TTTGGGTCGAAACGACTCCG,0,2239493
marRp,0.16666666666666666,5,5,TTTGGCTTTTTTTGCCTCAT,0,2218836
marRp,0.16666666666666666,5,5,TTTGGCATCGTATGGTTCGA,0,2227765
marRp,0.16666666666666666,5,5,TTTGCGACGATAATCTACTA,0,2239297
marRp,0.16666666666666666,5,5,TTTGCCACCACCAGACTCGG,0,2245502
marRp,0.16666666666666666,5,5,TTTCTAGCAAGGGCGCGTGG,0,2251587
marRp,0.16666666666666666,5,5,TTTCGTGAATAGCAAAATAT,0,2252016
marRp,0.16666666666666666,5,5,TTTACTTACGCAGTCACGAC,0,2223875
marRp,0.16666666666666666,5,5,TTGTCGAGGTCTTCGTACAT,0,2251033
marRp,0.16666666666666666,5,5,TTGTAACCTAAATCTGCTCT,0,2254624
marRp,0.16666666666666666,5,5,TTGGGTGTTTCTCTGGATGT,0,2241364
marRp,0.16666666666666666,5,5,TTGGCCTGCAAGGTTAACCG,0,2256110
marRp,0.16666666666666666,5,5,TTGGAGGTATATGGGAGGTG,0,2218201
marRp,0.16666666666666666,5,5,TTGCGTGCACATGAATGGAC,0,2258832
marRp,0.16666666666666666,5,5,TTGCGGTTTGGAGCACTGAT,0,2256921
marRp,0.16666666666666666,5,5,TTGATAGAGTGAATGCGCCA,0,2233505
marRp,0.16666666666666666,5,5,TTCTTTGCAAGTTCGACCGA,0,2237981
marRp,0.16666666666666666,5,5,TTCGCTCTACGGGTGCTGTA,0,2257963
marRp,0.16666666666666666,5,5,TTCCTACGTACCACGCCTGT,0,2225598
marRp,0.16666666666666666,5,5,TTCCGTCTTATTCCGTATCA,0,2227264
marRp,0.16666666666666666,5,5,TTCCAGACATTGCACATTGT,0,2240853
marRp,0.16666666666666666,5,5,TTCCACCTCATACGGGGCCA,0,2244439
marRp,0.16666666666666666,5,5,TTCATGTTGTGGAGGCAGAT,0,2235812
marRp,0.16666666666666666,5,5,TTCACATGTCGAACGGGTGA,0,2227374
marRp,0.16666666666666666,5,5,TTCAAAGTAACTCAGACTCG,0,2226078
marRp,0.16666666666666666,5,5,TTATAGGACTAGCAGTCAAC,0,2219601
marRp,0.16666666666666666,5,5,TTAGCAGCGTGAGGGATTAC,0,2246770
marRp,0.16666666666666666,5,5,TTAGCACTGCATGCCTATCT,0,2221711
marRp,0.16666666666666666,5,5,TTAGACTTTGATCTCTGAAC,0,2223012
marRp,0.16666666666666666,5,5,TTAGAATTGCCGCGAAGGCA,0,2252219
marRp,0.16666666666666666,5,5,TTACGGAAGCATGTCATAAG,0,2236905
marRp,0.16666666666666666,5,5,TTACCCCTGACTCTAATGTG,0,2227744
marRp,0.16666666666666666,5,5,TTACATAGTAACAGGATTTC,0,2239666
marRp,0.16666666666666666,5,5,TTAACAGCTAGGAGACCCAT,0,2240798
marRp,0.16666666666666666,5,5,TTAACACTCTCTTCCATTAG,0,2249512
marRp,0.16666666666666666,5,5,TGTTGTCTAGGATCTAACGG,0,2261097
marRp,0.16666666666666666,5,5,TGTTCTGTCCCGGATAGTGT,0,2260055
marRp,0.16666666666666666,5,5,TGTTACACTCAGCACGGAAG,0,2241724
marRp,0.16666666666666666,5,5,TGTGGGCCATGTACTATACT,0,2229383
marRp,0.16666666666666666,5,5,TGTGGCGGCGGTGCACAGAC,0,2222625
marRp,0.16666666666666666,5,5,TGTGCGCTCCCTGGCAGATC,0,2248498
marRp,0.16666666666666666,5,5,TGTCTGGTGGGGTTCCAGAG,0,2250774
marRp,0.16666666666666666,5,5,TGTCTCGGGCAGCCTGGTCA,0,2219234
marRp,0.16666666666666666,5,5,TGTCCAGGTCTGGAATCGTG,0,2249860
marRp,0.16666666666666666,5,5,TGTCCAGCGAACATAACGTC,0,2248723
marRp,0.16666666666666666,5,5,TGTACTCCATACGGTCCGAA,0,2250477
marRp,0.16666666666666666,5,5,TGTACGTATTCTCTTTCTGC,0,2240908
marRp,0.16666666666666666,5,5,TGTACCACAACGCGGGTTTC,0,2231338
marRp,0.16666666666666666,5,5,TGGTTGGAGGTGGCAACAGT,0,2224638
marRp,0.16666666666666666,5,5,TGGTTAGAACTTGCAGTCAT,0,2221278
marRp,0.16666666666666666,5,5,TGGTGGAGCTGAATGCAGAT,0,2239840
marRp,0.16666666666666666,5,5,TGGTACTAGGTCATAGTTCA,0,2248525
marRp,0.16666666666666666,5,5,TGGGAGTATGCATCTGCTCG,0,2232858
marRp,0.16666666666666666,5,5,TGGGAGTATCTTCGATGAAG,0,2231889
marRp,0.16666666666666666,5,5,TGGCTCAAACACAGGAGTAA,0,2238205
marRp,0.16666666666666666,5,5,TGGCGGTTATCAGTCCAATG,0,2231327
marRp,0.16666666666666666,5,5,TGGCGCCAATCCACGCCAGG,0,2236355
marRp,0.16666666666666666,5,5,TGGCCCTACTTAAAGGTATA,0,2251512
marRp,0.16666666666666666,5,5,TGGCATTTTGGAGTGCAGAG,0,2218693
marRp,0.16666666666666666,5,5,TGGATACGCGTCTCGAAGCC,0,2260558
marRp,0.16666666666666666,5,5,TGGAGATAGCGGTTTCGTCC,0,2229348
marRp,0.16666666666666666,5,5,TGGACTGAAAGCTTGGGGAC,0,2231691
marRp,0.16666666666666666,5,5,TGGAATACCCATGTTTAAGC,0,2239722
marRp,0.16666666666666666,5,5,TGCTTCAAATGAATCAGGGA,0,2232052
marRp,0.16666666666666666,5,5,TGCGAACTTGACTGTTGTGC,0,2241236
marRp,0.16666666666666666,5,5,TGCCTCCCCCTGGGCAGCAT,0,2219488
marRp,0.16666666666666666,5,5,TGCCCTGATATTAGGTCTCC,0,2223006
marRp,0.16666666666666666,5,5,TGCCAATATCGCCATCTTGG,0,2247584
marRp,0.16666666666666666,5,5,TGCATCTTTAGGGCAGACTA,0,2238394
marRp,0.16666666666666666,5,5,TGCACTACGAGAGTAGTACT,0,2255381
marRp,0.16666666666666666,5,5,TGCAAAACACTCCGCCGACA,0,2260306
marRp,0.16666666666666666,5,5,TGATGGACGGATGCGCCTCC,0,2242650
marRp,0.16666666666666666,5,5,TGATCCATGACGGCCGGGGT,0,2238635
marRp,0.16666666666666666,5,5,TGATATAGCAGATGTGTATA,0,2253132
marRp,0.16666666666666666,5,5,TGACTGTAACCAAATTATAA,0,2251933
marRp,0.16666666666666666,5,5,TGACTGGTAAACTCCCGGTA,0,2219934
marRp,0.16666666666666666,5,5,TGACTGCATCAATGGTATGA,0,2248839
marRp,0.16666666666666666,5,5,TGACGAATTCCAGGTAAAGG,0,2241489
marRp,0.16666666666666666,5,5,TGACCGCGCACATCTAGACT,0,2226287
marRp,0.16666666666666666,5,5,TGAATGGGGAACCACTTTCC,0,2239282
marRp,0.16666666666666666,5,5,TGAACGAGGCGCGCTATGCA,0,2227491
marRp,0.16666666666666666,5,5,TGAACATATTCCGCAGACTG,0,2239974
marRp,0.16666666666666666,5,5,TCTTGCTGGAAAAGGATCGG,0,2241826
marRp,0.16666666666666666,5,5,TCTTGCTGCGCGAATCACGG,0,2246653
marRp,0.16666666666666666,5,5,TCTTACCTCCCTTCCAAGAC,0,2231482
marRp,0.16666666666666666,5,5,TCTGGGGTTGATCCATCAGT,0,2256670
marRp,0.16666666666666666,5,5,TCTGGGAGCCAGCCATGTGG,0,2238609
marRp,0.16666666666666666,5,5,TCTCTTGAATAGCGGACGGC,0,2237162
marRp,0.16666666666666666,5,5,TCTCGGGGCGGGCCGTCGAT,0,2221034
marRp,0.16666666666666666,5,5,TCTCGGACTAGCTGTGAATA,0,2254316
marRp,0.16666666666666666,5,5,TCTATTCAGATGGTCTCGAC,0,2256329
marRp,0.16666666666666666,5,5,TCTATTATTTGTTATATTGC,0,2259629
marRp,0.16666666666666666,5,5,TCTACGGTTCTTGTTTGCCT,0,2241327
marRp,0.16666666666666666,5,5,TCGTGCCGGACGTAGTCTCT,0,2240848
marRp,0.16666666666666666,5,5,TCGTAAGCCCCATGGGTGGT,0,2221562
marRp,0.16666666666666666,5,5,TCGGTCGCGACTCCCATGAG,0,2233638
marRp,0.16666666666666666,5,5,TCGGGGATTATTCCTTCGCA,0,2219776
marRp,0.16666666666666666,5,5,TCGGCTGACCGCAGTCATTG,0,2258534
marRp,0.16666666666666666,5,5,TCGGCGACGGTCCGACCGGG,0,2223719
marRp,0.16666666666666666,5,5,TCGCTTGGGTTACGTGCCGG,0,2221662
marRp,0.16666666666666666,5,5,TCGCTACGAGCCAGCAATTG,0,2240459
marRp,0.16666666666666666,5,5,TCGCGTCGGTGACGCTGCTC,0,2221743
marRp,0.16666666666666666,5,5,TCGCAAGGTTTTTCATCGGA,0,2220417
marRp,0.16666666666666666,5,5,TCCTCAGAAATCACTCTATT,0,2235054
marRp,0.16666666666666666,5,5,TCCCCAGTCCGCACCTGTCC,0,2235287
marRp,0.16666666666666666,5,5,TCCAGTCGTCGGGCAGAGGA,0,2226089
marRp,0.16666666666666666,5,5,TCCACGTACAGCTCAATACA,0,2228669
marRp,0.16666666666666666,5,5,TCCAATTTGTTGTCGGCGTG,0,2239099
marRp,0.16666666666666666,5,5,TCATGGGCGCGAGGTAGCCT,0,2242364
marRp,0.16666666666666666,5,5,TCATGCCGGCTCTTCACTCA,0,2250369
marRp,0.16666666666666666,5,5,TCATATACGACGGCAGACAA,0,2249292
marRp,0.16666666666666666,5,5,TCAGCCCCCCAGTCATGGGT,0,2247525
marRp,0.16666666666666666,5,5,TCACCTGTATCACGCCCAGT,0,2258361
marRp,0.16666666666666666,5,5,TCACCTCTCGCGGTGTATAG,0,2249598
marRp,0.16666666666666666,5,5,TCAATTGTCTGTTACTACAA,0,2218831
marRp,0.16666666666666666,5,5,TATTTTGACTTTCGACTCTT,0,2233064
marRp,0.16666666666666666,5,5,TATGTGCCCCGGGGGGCCTA,0,2232676
marRp,0.16666666666666666,5,5,TATGGGTCCTCTTGATGGGA,0,2225429
marRp,0.16666666666666666,5,5,TATGCCGTGCTAACAAATAT,0,2242333
marRp,0.16666666666666666,5,5,TATGACTGCACACACAGCAT,0,2241018
marRp,0.16666666666666666,5,5,TATGAAGCACACGAAAAGGA,0,2227181
marRp,0.16666666666666666,5,5,TATCCAATGTCCAATGGCTA,0,2252977
marRp,0.16666666666666666,5,5,TATCATGGCGGCCTTCCGAT,0,2243952
marRp,0.16666666666666666,5,5,TATCATCTCCGCTGGCCAAG,0,2248062
marRp,0.16666666666666666,5,5,TATACGGCTGTAGTTAAAAT,0,2245891
marRp,0.16666666666666666,5,5,TATACCAATGCGGGCGTGGG,0,2247812
marRp,0.16666666666666666,5,5,TATAAAGATCGAACTTGCTG,0,2228688
marRp,0.16666666666666666,5,5,TAGGCACGCAGAGTTGCGTG,0,2228315
marRp,0.16666666666666666,5,5,TAGGATCAAACTTATTCCCG,0,2244365
marRp,0.16666666666666666,5,5,TAGGAAGAATAGACCCATGA,0,2234853
marRp,0.16666666666666666,5,5,TAGCGAGATGATCCGGGACT,0,2241676
marRp,0.16666666666666666,5,5,TAGCATATATTCCCACGTGA,0,2218565
marRp,0.16666666666666666,5,5,TAGCAGCAAATGAATATGAT,0,2249210
marRp,0.16666666666666666,5,5,TAGATCGCAATCGGAGCAGC,0,2227541
marRp,0.16666666666666666,5,5,TAGATACGTGGATATTACCA,0,2239484
marRp,0.16666666666666666,5,5,TAGACGGCATCACGTCTAAG,0,2249990
marRp,0.16666666666666666,5,5,TACTTTTTGGTGGTTACGGG,0,2225736
marRp,0.16666666666666666,5,5,TACTCTGAGGCCGCATAGTA,0,2246897
marRp,0.16666666666666666,5,5,TACTCCTATGGCCCGACAGA,0,2236492
marRp,0.16666666666666666,5,5,TACGTGGCATGCACAGAACG,0,2237068
marRp,0.16666666666666666,5,5,TACGGCAGACATTTTTAACT,0,2218561
marRp,0.16666666666666666,5,5,TACGCGTCGAAACAGCAGAC,0,2229195
marRp,0.16666666666666666,5,5,TACGCCTGAGATAGATCGTG,0,2235590
marRp,0.16666666666666666,5,5,TACGCCCTTTGTCTGAGCAT,0,2254956
marRp,0.16666666666666666,5,5,TACGAAACGGGCCTGGGTCT,0,2225264
marRp,0.16666666666666666,5,5,TACCGTGAGGGGTTGCATCA,0,2257615
marRp,0.16666666666666666,5,5,TACCGCGACACCGTAGCCGT,0,2224784
marRp,0.16666666666666666,5,5,TACCCGGTGATACAAGGGTA,0,2218892
marRp,0.16666666666666666,5,5,TACATATTCCGCTGTGTTGT,0,2235245
marRp,0.16666666666666666,5,5,TACACAGATGATGGAATCTA,0,2236343
marRp,0.16666666666666666,5,5,TAATGTTGTGGCGAGTCCTA,0,2236080
marRp,0.16666666666666666,5,5,TAATCTTGGCGTGGCGGCAT,0,2220748
marRp,0.16666666666666666,5,5,TAAGTTTAGTACGGCCGATA,0,2250298
marRp,0.16666666666666666,5,5,TAAGCAAGGAGAGGCTACGA,0,2246539
marRp,0.16666666666666666,5,5,TAACTGCTCTCCTTCGAGAA,0,2233899
marRp,0.16666666666666666,5,5,TAACGGCACGCAGGCGTGTA,0,2239781
marRp,0.16666666666666666,5,5,TAACCTAGCGAGGGTGACTC,0,2241202
marRp,0.16666666666666666,5,5,GTTTGGCACAGCATAGAGAG,0,2248138
marRp,0.16666666666666666,5,5,GTTTGAGGCTGAAAGATCTG,0,2251750
marRp,0.16666666666666666,5,5,GTTTCAAACACAGATCGTCA,0,2251175
marRp,0.16666666666666666,5,5,GTTTATCGCCCTCGCTAGAA,0,2233708
marRp,0.16666666666666666,5,5,GTTGTGCAGGCCTTGCAGAA,0,2257220
marRp,0.16666666666666666,5,5,GTTGGACACGACATCCTCGT,0,2235496
marRp,0.16666666666666666,5,5,GTTGAGCATACTCCAAAGAC,0,2250345
marRp,0.16666666666666666,5,5,GTTGAGAGAGTTCGGCCAAG,0,2247970
marRp,0.16666666666666666,5,5,GTTCTAATTCTACGACCCTT,0,2243828
marRp,0.16666666666666666,5,5,GTTCAAGGCGCTACAACTTA,0,2223051
marRp,0.16666666666666666,5,5,GTTATACGAGTGGTAAAGCA,0,2236470
marRp,0.16666666666666666,5,5,GTTACCGGTCATCAGGACAC,0,2246858
marRp,0.16666666666666666,5,5,GTGTGGTGAGCCATTTTGTA,0,2246209
marRp,0.16666666666666666,5,5,GTGTCTACAATAGGCCAGTT,0,2231969
marRp,0.16666666666666666,5,5,GTGGTATCAGTGGATGACAA,0,2248730
marRp,0.16666666666666666,5,5,GTGGCGCCGAATAATAGAGA,0,2226339
marRp,0.16666666666666666,5,5,GTGGCGACTTCCGCGAAAGC,0,2226534
marRp,0.16666666666666666,5,5,GTGGACTAGCGTCTGAAAAA,0,2225978
marRp,0.16666666666666666,5,5,GTGGAAAAGAAGGTTTACAC,0,2246852
marRp,0.16666666666666666,5,5,GTGCCGGTAGCCTCAATATG,0,2229559
marRp,0.16666666666666666,5,5,GTGCCCAAAAGCTCCACAAA,0,2256331
marRp,0.16666666666666666,5,5,GTGCACTCGCAAGTCTCTGA,0,2218830
marRp,0.16666666666666666,5,5,GTGAAACTTAGGTGGCCACT,0,2229463
marRp,0.16666666666666666,5,5,GTCTTCAAGTGCGCGTGTAG,0,2235694
marRp,0.16666666666666666,5,5,GTCTGGCCTTCTCCCTTCTG,0,2227507
marRp,0.16666666666666666,5,5,GTCTCTCGGCCCATACATCA,0,2230717
marRp,0.16666666666666666,5,5,GTCGCATCCGGTTCATGACG,0,2247337
marRp,0.16666666666666666,5,5,GTCGATCGCAAACATAACAA,0,2249504
marRp,0.16666666666666666,5,5,GTCCTTCTTGGGTTGCTGGA,0,2230599
marRp,0.16666666666666666,5,5,GTCCTCGAAGCTGATTGGGT,0,2249339
marRp,0.16666666666666666,5,5,GTCAAAGATGACTCTATCAC,0,2251666
marRp,0.16666666666666666,5,5,GTATTCATTTCGACTGCGAA,0,2219606
marRp,0.16666666666666666,5,5,GTATGGCGGTGGTTTTAGTA,0,2246246
marRp,0.16666666666666666,5,5,GTATCTTAGGGGGGAGTCGG,0,2243949
marRp,0.16666666666666666,5,5,GTATCAGGCTAATTCGCCCA,0,2241809
marRp,0.16666666666666666,5,5,GTATATAAGACCCCTGTTGG,0,2242133
marRp,0.16666666666666666,5,5,GTAGCACCACCCTATCCTTG,0,2246579
marRp,0.16666666666666666,5,5,GTAGATCGGGGCGTGCCTGT,0,2235859
marRp,0.16666666666666666,5,5,GTAGAAGTAGGGCGGAACCG,0,2252876
marRp,0.16666666666666666,5,5,GTACGAAACTCTTCGTCCAG,0,2233637
marRp,0.16666666666666666,5,5,GTACCCTCTGCCCCATTCCA,0,2261059
marRp,0.16666666666666666,5,5,GTACAGTACCGCAATGTGTG,0,2226113
marRp,0.16666666666666666,5,5,GTAAGGCGGGATTGTTAGAT,0,2233923
marRp,0.16666666666666666,5,5,GTAAGCACGATTGATGATTA,0,2249421
marRp,0.16666666666666666,5,5,GGTTGCCGTTCCGCTGTCAC,0,2240040
marRp,0.16666666666666666,5,5,GGTTAATGAAAGGTTAGGAT,0,2235426
marRp,0.16666666666666666,5,5,GGTGTCTTCGCAGGGTGTGT,0,2236757
marRp,0.16666666666666666,5,5,GGTGAGTCGCGCGAAACTCC,0,2239656
marRp,0.16666666666666666,5,5,GGTCTTCTGATTTGGCGGGG,0,2257306
marRp,0.16666666666666666,5,5,GGTCCGGCTAGCCCCTCTCC,0,2243571
marRp,0.16666666666666666,5,5,GGTCCCCCGTAACTTAAATA,0,2224537
marRp,0.16666666666666666,5,5,GGTAAGGAGAGAAGGCCGAG,0,2241161
marRp,0.16666666666666666,5,5,GGGTTGAAAATGCCCGGTGA,0,2230559
marRp,0.16666666666666666,5,5,GGGTTAGAGTCTTGTGGATT,0,2231319
marRp,0.16666666666666666,5,5,GGGGTGGTGATCAGCATAGT,0,2244704
marRp,0.16666666666666666,5,5,GGGGGGACAGTCATCAATCT,0,2220379
marRp,0.16666666666666666,5,5,GGGGATTGGCCAATGAGAGT,0,2260217
marRp,0.16666666666666666,5,5,GGGCGTTCAAGACTCAGGAT,0,2226604
marRp,0.16666666666666666,5,5,GGGCGGAGAAGCCCGGCACA,0,2244975
marRp,0.16666666666666666,5,5,GGGCAGCCGCAGTAAATACC,0,2260074
marRp,0.16666666666666666,5,5,GGGAGGCTGCATATTTTCGC,0,2236579
marRp,0.16666666666666666,5,5,GGGACTTCGCCAATGGCACC,0,2240944
marRp,0.16666666666666666,5,5,GGCTAGGACGGCGTCAGATA,0,2233180
marRp,0.16666666666666666,5,5,GGCGGGCCTATCTTGAGGCT,0,2230194
marRp,0.16666666666666666,5,5,GGCCACTCGCTGAGATTGTT,0,2250220
marRp,0.16666666666666666,5,5,GGCCACACGTGTACAGTGTA,0,2260201
marRp,0.16666666666666666,5,5,GGATTCGAAAAATTGCGCGC,0,2219991
marRp,0.16666666666666666,5,5,GGATGTACAGTGCTGTGGTA,0,2238632
marRp,0.16666666666666666,5,5,GGATGGTTCGAGAAGCTTTG,0,2224069
marRp,0.16666666666666666,5,5,GGATCCGCAGCCTGGCTATA,0,2248918
marRp,0.16666666666666666,5,5,GGATCATGGGCCACCTTTAA,0,2221696
marRp,0.16666666666666666,5,5,GGATACAACCGCAGCTGGTG,0,2245149
marRp,0.16666666666666666,5,5,GGACGGGTCGATAATAGGTG,0,2247441
marRp,0.16666666666666666,5,5,GGACAGCATAAGTTCTTGTT,0,2230540
marRp,0.16666666666666666,5,5,GGAAGTCCGGCGAGATACAG,0,2230534
marRp,0.16666666666666666,5,5,GGAAGCCGCAGGTGCGCGGA,0,2260785
marRp,0.16666666666666666,5,5,GCTTTGAAGCAGAGTTACTA,0,2224053
marRp,0.16666666666666666,5,5,GCTTGTACTATGCTTGTCTT,0,2231855
marRp,0.16666666666666666,5,5,GCTTCCCTCCACAGATAACA,0,2245026
marRp,0.16666666666666666,5,5,GCTGATCGATTTTCAAAACC,0,2247207
marRp,0.16666666666666666,5,5,GCTGAATCAGTGCCCTCAGC,0,2229419
marRp,0.16666666666666666,5,5,GCTGAACGCTCATGGTACAA,0,2244341
marRp,0.16666666666666666,5,5,GCTGAAACTCAAACAAGATT,0,2251585
marRp,0.16666666666666666,5,5,GCTCTCAGGCTTACTTGCGT,0,2260142
marRp,0.16666666666666666,5,5,GCTCGGTTTCAGTCTGTGTG,0,2247003
marRp,0.16666666666666666,5,5,GCTCGAGACACGCCCATACA,0,2257725
marRp,0.16666666666666666,5,5,GCTCGAACCAGGGTAAAAAT,0,2238611
marRp,0.16666666666666666,5,5,GCTCCTTGGTTCCCCTTCAT,0,2260778
marRp,0.16666666666666666,5,5,GCTCACGTTACGCCGTAGTT,0,2260742
marRp,0.16666666666666666,5,5,GCTATATCAGATAATATATT,0,2253939
marRp,0.16666666666666666,5,5,GCTATATAACCGTAGGTGCC,0,2245397
marRp,0.16666666666666666,5,5,GCTAGGTTTGGCGGGTGGTA,0,2230853
marRp,0.16666666666666666,5,5,GCTAGACTGGTTCCCTTAGA,0,2237191
marRp,0.16666666666666666,5,5,GCTAGACCATCGAGCATTGG,0,2235199
marRp,0.16666666666666666,5,5,GCGTTCCTTTGCTTATTGGC,0,2231147
marRp,0.16666666666666666,5,5,GCGTCAGCTTGGTGTTATCT,0,2231810
marRp,0.16666666666666666,5,5,GCGGTCGGCCACGATACGGT,0,2234144
marRp,0.16666666666666666,5,5,GCGGTCATGAGTCTTAGATA,0,2226816
marRp,0.16666666666666666,5,5,GCGGTAATTGGGTGTAAGTA,0,2224418
marRp,0.16666666666666666,5,5,GCGGGCGGGGGGCACAACAA,0,2237212
marRp,0.16666666666666666,5,5,GCGGCTGGGCAGATTGATAG,0,2255705
marRp,0.16666666666666666,5,5,GCGGCTAATGGCTCTACAAC,0,2253457
marRp,0.16666666666666666,5,5,GCGGATCAATACCAAAAGCA,0,2224884
marRp,0.16666666666666666,5,5,GCGCCTTGTTTGGAACGTTG,0,2222547
marRp,0.16666666666666666,5,5,GCGCCCTGGGACCGGAAATG,0,2226230
marRp,0.16666666666666666,5,5,GCGATCCTGGGACCATTGCC,0,2249658
marRp,0.16666666666666666,5,5,GCGAGGAGACATCACCTCAA,0,2244553
marRp,0.16666666666666666,5,5,GCGACGTAGCGCGTCACCGT,0,2223220
marRp,0.16666666666666666,5,5,GCGACATTTGCTAATCGGGA,0,2256825
marRp,0.16666666666666666,5,5,GCGAATAAAATGTTTACACG,0,2221517
marRp,0.16666666666666666,5,5,GCCTTCCCAAGCATCTTCCT,0,2258279
marRp,0.16666666666666666,5,5,GCCTCACAAGCAACAGTGAG,0,2251760
marRp,0.16666666666666666,5,5,GCCCGCCCCCTTAGAAGACT,0,2241805
marRp,0.16666666666666666,5,5,GCCCGCACGCGCTGAAGCAT,0,2257459
marRp,0.16666666666666666,5,5,GCCCATAGAACAGGCGGCAT,0,2220786
marRp,0.16666666666666666,5,5,GCCCACTCGCAACGGTGGGG,0,2244080
marRp,0.16666666666666666,5,5,GCCATATGCGCCAAGAGAAA,0,2227425
marRp,0.16666666666666666,5,5,GCCATAGCGGGTTCGACTAG,0,2244206
marRp,0.16666666666666666,5,5,GCCACTCTCAGACATGGCCG,0,2229307
marRp,0.16666666666666666,5,5,GCATTCTTCCGAACCCAGGT,0,2251613
marRp,0.16666666666666666,5,5,GCATGGCCAGTGTGTAGCCA,0,2236697
marRp,0.16666666666666666,5,5,GCATGGCACGCTACATCTTT,0,2219165
marRp,0.16666666666666666,5,5,GCATCGCTTCTCTCCGCGAT,0,2233645
marRp,0.16666666666666666,5,5,GCATACGGGAATTTAATGCG,0,2254861
marRp,0.16666666666666666,5,5,GCATACCCGGATGGAGAACT,0,2249222
marRp,0.16666666666666666,5,5,GCAGGTCGGAGAATTATTAC,0,2230026
marRp,0.16666666666666666,5,5,GCAGGGGGGTTTCGGATCTT,0,2255303
marRp,0.16666666666666666,5,5,GCAGGGCTCCTGGGGTCCTC,0,2259321
marRp,0.16666666666666666,5,5,GCAGGCCCCCGCGTAGTCGC,0,2242277
marRp,0.16666666666666666,5,5,GCACTGGATTAGTTGGCTGT,0,2226594
marRp,0.16666666666666666,5,5,GCACTCGGTACTAACTGGCC,0,2255101
marRp,0.16666666666666666,5,5,GCACTACCTACCAGAGCCAA,0,2235978
marRp,0.16666666666666666,5,5,GCAACAAGGGATCTATTCGC,0,2221556
marRp,0.16666666666666666,5,5,GCAAAGAAGTGTCCATCTCT,0,2255492
marRp,0.16666666666666666,5,5,GATTTCAGAGATACGCTTCT,0,2261095
marRp,0.16666666666666666,5,5,GATTGCGTAACGCTAATGCA,0,2255526
marRp,0.16666666666666666,5,5,GATTAAAAGACAGAAAAACG,0,2238376
marRp,0.16666666666666666,5,5,GATGTTAGCCAGAAAAATTA,0,2238977
marRp,0.16666666666666666,5,5,GATGCCTGAGCGGAATTAGA,0,2231055
marRp,0.16666666666666666,5,5,GATGACCCAATAATACATGA,0,2235491
marRp,0.16666666666666666,5,5,GATCTGTAGCTGTTTTATCG,0,2238053
marRp,0.16666666666666666,5,5,GATCGCACACGGGTTGACTT,0,2246740
marRp,0.16666666666666666,5,5,GATCCCCGTACCGTAAAACT,0,2239364
marRp,0.16666666666666666,5,5,GATATTCGGAAACAGGTCCC,0,2237193
marRp,0.16666666666666666,5,5,GATATACAGCCCGTCAGGTC,0,2221660
marRp,0.16666666666666666,5,5,GATAGCAAGGCTTTTGCTAC,0,2257090
marRp,0.16666666666666666,5,5,GAGTTATGTTGGGGAGAAGT,0,2248491
marRp,0.16666666666666666,5,5,GAGTCCGCCTACGTGCTACA,0,2240855
marRp,0.16666666666666666,5,5,GAGGTCTCCCGTGATAATCT,0,2254594
marRp,0.16666666666666666,5,5,GAGGGGTCTGGAATGATTTC,0,2224589
marRp,0.16666666666666666,5,5,GAGCGATGGGTTCGTGCCGA,0,2256520
marRp,0.16666666666666666,5,5,GAGCACGGACGGTCGGTGGC,0,2234627
marRp,0.16666666666666666,5,5,GAGACTGGCCACGATTTAGG,0,2242011
marRp,0.16666666666666666,5,5,GAGAATGAGGTGGGTTCGGC,0,2221271
marRp,0.16666666666666666,5,5,GACTGTATTCAGTTCCTGCA,0,2254938
marRp,0.16666666666666666,5,5,GACTGGGAAATGAACCAAAA,0,2228554
marRp,0.16666666666666666,5,5,GACGCCCGACTGGGTCATAG,0,2223104
marRp,0.16666666666666666,5,5,GACGCAATGCCAATCCCTAG,0,2249701
marRp,0.16666666666666666,5,5,GACCGTCCGAAGTCGATATG,0,2222784
marRp,0.16666666666666666,5,5,GACCCGCATACGTGTTCACC,0,2236139
marRp,0.16666666666666666,5,5,GACCAGAAAGCGGAGTTTGA,0,2218421
marRp,0.16666666666666666,5,5,GACAGACTCCGTGGCCCCAT,0,2251171
marRp,0.16666666666666666,5,5,GAATAATACACATCTCATTT,0,2248369
marRp,0.16666666666666666,5,5,GAAGTTTACTGCCGCGAGCG,0,2236249
marRp,0.16666666666666666,5,5,GAAGGCCGACTGCCGCCGCG,0,2236443
marRp,0.16666666666666666,5,5,GAACGGCGAGTGAATCAGGT,0,2245233
marRp,0.16666666666666666,5,5,GAACCTTAGCGCCACGAGTG,0,2232780
marRp,0.16666666666666666,5,5,GAACCAGATTACCGACTCCG,0,2247817
marRp,0.16666666666666666,5,5,GAAATCAGACTGTAGCCGCT,0,2225607
marRp,0.16666666666666666,5,5,GAAAGTATTGTTAATCGAGC,0,2256147
marRp,0.16666666666666666,5,5,GAAACGTGCAAGACTATCGC,0,2253546
marRp,0.16666666666666666,5,5,GAAACGCGTAATTAGTTTGA,0,2255248
marRp,0.16666666666666666,5,5,GAAACGAGTCACGAAACCTC,0,2258643
marRp,0.16666666666666666,5,5,CTTTGTCTCGTGATCGAGTA,0,2254304
marRp,0.16666666666666666,5,5,CTTTACTTGTAAGACTATAT,0,2243401
marRp,0.16666666666666666,5,5,CTTTACCACGGGCTGTGTGC,0,2230964
marRp,0.16666666666666666,5,5,CTTTAATGCGTTACGCCAAC,0,2219753
marRp,0.16666666666666666,5,5,CTTGGGTTCCAGGTAAGTCT,0,2245623
marRp,0.16666666666666666,5,5,CTTCGTCACATAGTGACACA,0,2246131
marRp,0.16666666666666666,5,5,CTTCGGCGCTAATGCGCATT,0,2246349
marRp,0.16666666666666666,5,5,CTTCACTCTCGAATAGGATA,0,2226548
marRp,0.16666666666666666,5,5,CTTCACGCATCTTGGCAAAG,0,2259689
marRp,0.16666666666666666,5,5,CTTAAGGAACTAGCGACCGT,0,2232861
marRp,0.16666666666666666,5,5,CTTAAGCTGGAAGGCTCTCT,0,2245444
marRp,0.16666666666666666,5,5,CTGTTGCAGGCCGTATCAGG,0,2256503
marRp,0.16666666666666666,5,5,CTGTGATGGGCAGTGCGAGC,0,2220766
marRp,0.16666666666666666,5,5,CTGTAACCGGAAGGATTTAG,0,2243272
marRp,0.16666666666666666,5,5,CTGGTGTTATTAGGTAAGCT,0,2258978
marRp,0.16666666666666666,5,5,CTGGGGCTTAGGCAGCCATT,0,2227999
marRp,0.16666666666666666,5,5,CTGGGCTTTTACCTCTCATA,0,2237987
marRp,0.16666666666666666,5,5,CTGGCTCGTAAGGCGGCTCA,0,2239359
marRp,0.16666666666666666,5,5,CTGGAGTCATAAGTCACGGA,0,2231342
marRp,0.16666666666666666,5,5,CTGGAGCCCTTCAGTGTTAG,0,2241418
marRp,0.16666666666666666,5,5,CTGCATGAAGGGAGCTGGCA,0,2249607
marRp,0.16666666666666666,5,5,CTGCAGAGAAACTGGCAATG,0,2248441
marRp,0.16666666666666666,5,5,CTGCAATATACCCTTTCTGC,0,2245870
marRp,0.16666666666666666,5,5,CTGATTTGTGTATCCGGTGA,0,2236187
marRp,0.16666666666666666,5,5,CTGACATCGGGCCAGGCTTT,0,2224198
marRp,0.16666666666666666,5,5,CTGAACAGTGGTTTAGCGGA,0,2224703
marRp,0.16666666666666666,5,5,CTCTTGACCGCGACTACAGG,0,2226262
marRp,0.16666666666666666,5,5,CTCTTCTATCCTCTTATAGT,0,2237499
marRp,0.16666666666666666,5,5,CTCTTATTACGGATGTCTAA,0,2253971
marRp,0.16666666666666666,5,5,CTCTAGGTGAAAAAGCTCCA,0,2236115
marRp,0.16666666666666666,5,5,CTCGCGAGAGATTCGCTTCC,0,2251344
marRp,0.16666666666666666,5,5,CTCCGGTTTTCTATCGTCAT,0,2239682
marRp,0.16666666666666666,5,5,CTCCGGCGTGTTGGGGAAGA,0,2230522
marRp,0.16666666666666666,5,5,CTCCCGCCCGGCGGGCAAAA,0,2259275
marRp,0.16666666666666666,5,5,CTCCAATCCCGAATTGCATA,0,2260023
marRp,0.16666666666666666,5,5,CTCATAGTCAGTCCCCAGAC,0,2220126
marRp,0.16666666666666666,5,5,CTCACGTTATATGGGGCTTG,0,2235641
marRp,0.16666666666666666,5,5,CTCAAACCCGACGAGAGAGA,0,2237215
marRp,0.16666666666666666,5,5,CTAGTTCAATGTGAATTTCG,0,2233333
marRp,0.16666666666666666,5,5,CTACCGTGTACCGGCTCATC,0,2260979
marRp,0.16666666666666666,5,5,CTAAGCGGCTGTGTATACGA,0,2225523
marRp,0.16666666666666666,5,5,CTAAGACGAAGCAAAGGGCG,0,2220886
marRp,0.16666666666666666,5,5,CTAAGAATCTTTCTTCACGT,0,2249976
marRp,0.16666666666666666,5,5,CTAACCTTAGGGCGTCCGAA,0,2241804
marRp,0.16666666666666666,5,5,CTAACACCGCTCCTCAGGGG,0,2231730
marRp,0.16666666666666666,5,5,CTAACAAGCCTTCTAGCTAC,0,2241206
marRp,0.16666666666666666,5,5,CGTTTCTGTTTAACATGACA,0,2241042
marRp,0.16666666666666666,5,5,CGTGGGTGATTATCATAGGT,0,2225207
marRp,0.16666666666666666,5,5,CGTCTATTTTTTTACTTAAG,0,2242091
marRp,0.16666666666666666,5,5,CGTCACATGTACCAGCTAGT,0,2229471
marRp,0.16666666666666666,5,5,CGTAGTCGTTGGTAACCGGT,0,2256135
marRp,0.16666666666666666,5,5,CGTAGGCGTGGCTGAACACC,0,2237314
marRp,0.16666666666666666,5,5,CGTACTGAGTGATCACCCGC,0,2220879
marRp,0.16666666666666666,5,5,CGGTGGCGTAGCGCTGAAGG,0,2221413
marRp,0.16666666666666666,5,5,CGGGGTGAGTTACTCTTGGA,0,2236574
marRp,0.16666666666666666,5,5,CGGGGGAGATGGGCTCCTAT,0,2252429
marRp,0.16666666666666666,5,5,CGGGGCAGACTCAGCACGCG,0,2252400
marRp,0.16666666666666666,5,5,CGGATGTGGCTTCGAGAAGC,0,2260050
marRp,0.16666666666666666,5,5,CGGATACCAGCACCATCAGC,0,2227206
marRp,0.16666666666666666,5,5,CGCGTAAGACCCCTTAGGTA,0,2247778
marRp,0.16666666666666666,5,5,CGCGGTTGCCAAATAGAACG,0,2236369
marRp,0.16666666666666666,5,5,CGCGGCTTCTATGAACGTCC,0,2258118
marRp,0.16666666666666666,5,5,CGCCTGTCAGAACCGGATTC,0,2245562
marRp,0.16666666666666666,5,5,CGCCTATTCGATTATCAACA,0,2248682
marRp,0.16666666666666666,5,5,CGCACCGTGAGTGGGGGACC,0,2234841
marRp,0.16666666666666666,5,5,CGCAAAAGGCGCATGGTACT,0,2235335
marRp,0.16666666666666666,5,5,CGATTGGCGGCATTAGGAGT,0,2235108
marRp,0.16666666666666666,5,5,CGATATTTTTGTAAGAGTTT,0,2230828
marRp,0.16666666666666666,5,5,CGATACTCTTTGACTGACAT,0,2241977
marRp,0.16666666666666666,5,5,CGAGGATTACTCTAGGCACT,0,2218119
marRp,0.16666666666666666,5,5,CGACGAACCCATACGGCTAG,0,2239834
marRp,0.16666666666666666,5,5,CGACCGAATTTGGTCTAGTT,0,2220601
marRp,0.16666666666666666,5,5,CGACATATCACGCGCTGCGC,0,2219180
marRp,0.16666666666666666,5,5,CGAAAAATTTTCCTTGAAGG,0,2225744
marRp,0.16666666666666666,5,5,CCTTGTCTTTCACTGCCACA,0,2222548
marRp,0.16666666666666666,5,5,CCTGATCCGCGTTGTTCGCA,0,2255376
marRp,0.16666666666666666,5,5,CCTCGAATAATTGCACATTG,0,2218380
marRp,0.16666666666666666,5,5,CCTAGGGATGGAGGGAGATA,0,2226360
marRp,0.16666666666666666,5,5,CCTACCCTTACAGTATGTCC,0,2228733
marRp,0.16666666666666666,5,5,CCGTAGACTCGGATTACCCT,0,2246451
marRp,0.16666666666666666,5,5,CCGGCAGGTGAGGTGGTCAC,0,2236437
marRp,0.16666666666666666,5,5,CCGGAGTTGCGAACAATGCG,0,2221553
marRp,0.16666666666666666,5,5,CCGGACAGACTTCTCAGCTG,0,2260086
marRp,0.16666666666666666,5,5,CCGCGGGGGAGTTCATCTGA,0,2222179
marRp,0.16666666666666666,5,5,CCGATTGGGCCTAAGTGATT,0,2219860
marRp,0.16666666666666666,5,5,CCGAGTCTGCGTGCGTAAGG,0,2231555
marRp,0.16666666666666666,5,5,CCGAGGGAACTGCGACCCTC,0,2247700
marRp,0.16666666666666666,5,5,CCCTTGAGGGCGCCTGTCAA,0,2240872
marRp,0.16666666666666666,5,5,CCCTGTCCATGGGTCCGTCG,0,2219343
marRp,0.16666666666666666,5,5,CCCTCGGTCCGGAACAGTAC,0,2224074
marRp,0.16666666666666666,5,5,CCCGGGGACCCCCAACGCTC,0,2248686
marRp,0.16666666666666666,5,5,CCCGCTCGTAGACACTGCAG,0,2228912
marRp,0.16666666666666666,5,5,CCCGAGACGGTGGGCGAATA,0,2252850
marRp,0.16666666666666666,5,5,CCCATCAGTTGTCTACCTGT,0,2230467
marRp,0.16666666666666666,5,5,CCCAGCACGTGCCCCGGAAA,0,2223247
marRp,0.16666666666666666,5,5,CCCAGAGCTTAGGAAAGACA,0,2247338
marRp,0.16666666666666666,5,5,CCATGCCAAACCGAGAGAGA,0,2233428
marRp,0.16666666666666666,5,5,CCATCCGCCGCTATCAGGGT,0,2251016
marRp,0.16666666666666666,5,5,CCATCCGATCACACGTCTCT,0,2239659
marRp,0.16666666666666666,5,5,CCATAACTTTAGTGCGAAAC,0,2241965
marRp,0.16666666666666666,5,5,CCAGTTTTAGCACTGTGTTT,0,2218608
marRp,0.16666666666666666,5,5,CCAGTTCGGCCAGATTGCAT,0,2234733
marRp,0.16666666666666666,5,5,CCAGTATCGAACGGCGGATT,0,2219171
marRp,0.16666666666666666,5,5,CCAGTAGGCGCAAGTGAGTA,0,2220182
marRp,0.16666666666666666,5,5,CCAGGCGCGGTCGGTGCTCC,0,2227683
marRp,0.16666666666666666,5,5,CCAGGCCTATCTTCGGGTTG,0,2259633
marRp,0.16666666666666666,5,5,CCAGATAGTGAGCCCGTGAT,0,2240071
marRp,0.16666666666666666,5,5,CCACTCTCGTTCGCTGTATT,0,2222424
marRp,0.16666666666666666,5,5,CCACGAGGGCACTTGGGCTA,0,2244655
marRp,0.16666666666666666,5,5,CCACAGAGGCCTATTGTAAC,0,2254744
marRp,0.16666666666666666,5,5,CCACACAGATAGGTCCTATA,0,2225406
marRp,0.16666666666666666,5,5,CCAACTAATGGCGTGGTGAC,0,2250471
marRp,0.16666666666666666,5,5,CCAACATTCAGGCATGTCGT,0,2235488
marRp,0.16666666666666666,5,5,CATTTGATGATGCGATTTGT,0,2241664
marRp,0.16666666666666666,5,5,CATTTCAAGGGATATTAGAT,0,2232896
marRp,0.16666666666666666,5,5,CATTTAGGATGGCAATCGAA,0,2219512
marRp,0.16666666666666666,5,5,CATTGGTGGGCTTGAACTCT,0,2236190
marRp,0.16666666666666666,5,5,CATTGATCGCCTTCCTATCA,0,2243618
marRp,0.16666666666666666,5,5,CATTCTTCACTAATAAAAAT,0,2258309
marRp,0.16666666666666666,5,5,CATCCAAGTTCAGACTGGTG,0,2230868
marRp,0.16666666666666666,5,5,CATCAACTATCAGAGTGGAG,0,2249123
marRp,0.16666666666666666,5,5,CATATTATGCGGGACTGCAA,0,2220460
marRp,0.16666666666666666,5,5,CATATGCGATAAACAGCATG,0,2249071
marRp,0.16666666666666666,5,5,CATAATTAGGCGACACCTTA,0,2261069
marRp,0.16666666666666666,5,5,CATAAGTCCCCGCACCAATG,0,2259797
marRp,0.16666666666666666,5,5,CAGTGTAGACAGCGCTAGTG,0,2239710
marRp,0.16666666666666666,5,5,CAGTCGCAACAGGGCCTAAT,0,2225728
marRp,0.16666666666666666,5,5,CAGTCACTCAATGATCGGTA,0,2239117
marRp,0.16666666666666666,5,5,CAGTACTCGCTGTGCTCACC,0,2255262
marRp,0.16666666666666666,5,5,CAGGGTCATTAAGGAGAAGA,0,2232374
marRp,0.16666666666666666,5,5,CAGGATAGGCTGATACTTTA,0,2242016
marRp,0.16666666666666666,5,5,CAGCTTTTACAGTGACATTG,0,2230001
marRp,0.16666666666666666,5,5,CAGCGCACTCCCCCGGATGC,0,2230531
marRp,0.16666666666666666,5,5,CAGCATTCATTACACTTTCG,0,2248318
marRp,0.16666666666666666,5,5,CAGAGGGACTCTACACAGTA,0,2224495
marRp,0.16666666666666666,5,5,CAGAAGGCCGACAGGGCAAA,0,2244444
marRp,0.16666666666666666,5,5,CACTCAAAGTATTGGATCGC,0,2231529
marRp,0.16666666666666666,5,5,CACGTTCATAGCGTGGGCGC,0,2250805
marRp,0.16666666666666666,5,5,CACGTGCGTAGGTTTCTGGG,0,2231467
marRp,0.16666666666666666,5,5,CACGTCGCAAAGAAGACCCT,0,2257148
marRp,0.16666666666666666,5,5,CACGGATAAATGCAAACTCC,0,2231021
marRp,0.16666666666666666,5,5,CACCTTTCAGCTTAACAGGC,0,2257100
marRp,0.16666666666666666,5,5,CACCGTATTGTTTCGACCTG,0,2232848
marRp,0.16666666666666666,5,5,CACCGGTGGAGAGAGCCTCT,0,2234346
marRp,0.16666666666666666,5,5,CACCGAGGACTTGTTTGAGG,0,2252430
marRp,0.16666666666666666,5,5,CACCAATTTGGATCGGTTCG,0,2242507
marRp,0.16666666666666666,5,5,CACAGGACGCAATCTCGGTG,0,2241700
marRp,0.16666666666666666,5,5,CACAAGGTATCTCAAAGGTC,0,2250850
marRp,0.16666666666666666,5,5,CACAAGATGACAAAGGCCTC,0,2219843
marRp,0.16666666666666666,5,5,CACAACTGTCTGAATACGAG,0,2236978
marRp,0.16666666666666666,5,5,CACAAAAGTTGATAAGCTCA,0,2237201
marRp,0.16666666666666666,5,5,CAATGCCACAGGGACCCACA,0,2241665
marRp,0.16666666666666666,5,5,CAATGATCTGAGCTTCGAGA,0,2237752
marRp,0.16666666666666666,5,5,CAATCAAAGCTTTAAACCAA,0,2229246
marRp,0.16666666666666666,5,5,CAACACCGGGCACTTTGACT,0,2239445
marRp,0.16666666666666666,5,5,CAAAAGCCCCGGGGGCTACT,0,2232554
marRp,0.16666666666666666,5,5,ATTTTATTGCTAAATATCCC,0,2239653
marRp,0.16666666666666666,5,5,ATTTAGACCGCTATCGATAT,0,2245524
marRp,0.16666666666666666,5,5,ATTTAATCCGCAACTAAAGA,0,2225284
marRp,0.16666666666666666,5,5,ATTTAACTATGTTTCGGATG,0,2233697
marRp,0.16666666666666666,5,5,ATTGGTGTTGTAACCGGCCG,0,2234616
marRp,0.16666666666666666,5,5,ATTGGATTGGGGAGGGACGA,0,2236970
marRp,0.16666666666666666,5,5,ATTCTGGAGTATAAAGTCGG,0,2239804
marRp,0.16666666666666666,5,5,ATTCTAATCAGCCTGGCTCA,0,2257145
marRp,0.16666666666666666,5,5,ATTATTCCGACTATCACGTC,0,2227188
marRp,0.16666666666666666,5,5,ATTATTCCCTTTAACGTCTT,0,2241726
marRp,0.16666666666666666,5,5,ATTACTTGTAACAGGCTCAT,0,2230930
marRp,0.16666666666666666,5,5,ATTACCTAGAGCTCGGTGAT,0,2249012
marRp,0.16666666666666666,5,5,ATTAAGGGTTTCCGTGGATG,0,2252035
marRp,0.16666666666666666,5,5,ATGTGTAGTATGTGCCGAGT,0,2246747
marRp,0.16666666666666666,5,5,ATGGTTATGTTATAATCAAC,0,2228930
marRp,0.16666666666666666,5,5,ATGGGTAAGACCATTCGCCT,0,2237309
marRp,0.16666666666666666,5,5,ATGGACCTTGTAGTACTTGG,0,2243550
marRp,0.16666666666666666,5,5,ATGGAATGACCCACGATATG,0,2223025
marRp,0.16666666666666666,5,5,ATGCGTAATGTAGGGTTCGA,0,2239038
marRp,0.16666666666666666,5,5,ATGAGCTCCCGGTCAGGCGA,0,2246811
marRp,0.16666666666666666,5,5,ATGAGCCGGGAAGCTGCTAT,0,2253343
marRp,0.16666666666666666,5,5,ATGACCACGGATTTGCCTAA,0,2230682
marRp,0.16666666666666666,5,5,ATGAAAAACCTATTGCGAAT,0,2253810
marRp,0.16666666666666666,5,5,ATCTTACATTCTATCGTGTG,0,2245106
marRp,0.16666666666666666,5,5,ATCTGAACCGAAGGTACTGT,0,2223702
marRp,0.16666666666666666,5,5,ATCTCCTGTACCCTTGAATT,0,2254764
marRp,0.16666666666666666,5,5,ATCTCATGTACGGCCACTTG,0,2225425
marRp,0.16666666666666666,5,5,ATCGAAGTAGTTGAAACCAT,0,2219927
marRp,0.16666666666666666,5,5,ATCCCTGCCAGAAATTTCAA,0,2256853
marRp,0.16666666666666666,5,5,ATCCCGTCTGTCCCATTTAT,0,2226991
marRp,0.16666666666666666,5,5,ATCCATGGTCATATGTTTCC,0,2246453
marRp,0.16666666666666666,5,5,ATCAGGTCCTGTATGCGGGT,0,2248804
marRp,0.16666666666666666,5,5,ATCAATGAATTACGCGCGAT,0,2251038
marRp,0.16666666666666666,5,5,ATATTGAGTCGAAAGAAGCC,0,2238483
marRp,0.16666666666666666,5,5,ATATGGACTACGACGATTGG,0,2223629
marRp,0.16666666666666666,5,5,ATATGCTCTATTGTCTCACA,0,2224221
marRp,0.16666666666666666,5,5,ATATGCATAGCTGAACCCGG,0,2256396
marRp,0.16666666666666666,5,5,ATATGATGAGTTTTCCTGCA,0,2232218
marRp,0.16666666666666666,5,5,ATATCGGGCGTTGCAATCGA,0,2243917
marRp,0.16666666666666666,5,5,ATATAGCATATAATTACGCC,0,2249228
marRp,0.16666666666666666,5,5,ATATACCCCGTTTATAGCGT,0,2243747
marRp,0.16666666666666666,5,5,ATAGGGTTTGATTCTGTCCT,0,2242055
marRp,0.16666666666666666,5,5,ATAGACACAGTTCTTCTACG,0,2258330
marRp,0.16666666666666666,5,5,ATACTTGAGTGCAAGTGGAT,0,2256348
marRp,0.16666666666666666,5,5,ATACTGCCCAATTACGTCTT,0,2237251
marRp,0.16666666666666666,5,5,ATACGCTGATCATGCCTACG,0,2222929
marRp,0.16666666666666666,5,5,ATACCGATCGACGTTTGGTG,0,2257345
marRp,0.16666666666666666,5,5,ATACCACTAACTAACAGGTA,0,2234237
marRp,0.16666666666666666,5,5,ATAACAAAAATTGGAGAAGG,0,2231049
marRp,0.16666666666666666,5,5,ATAAATCTGGGAATTCGTAT,0,2221421
marRp,0.16666666666666666,5,5,AGTTGTTGCTGCTGAATTTA,0,2231111
marRp,0.16666666666666666,5,5,AGTTGTGTTCTCCCGGGAGA,0,2232631
marRp,0.16666666666666666,5,5,AGTTAAGAAGTCGGCCACTG,0,2232946
marRp,0.16666666666666666,5,5,AGTGTTGTAATAAACGAGAC,0,2257829
marRp,0.16666666666666666,5,5,AGTGTCGGCGTCTCACCCTA,0,2251334
marRp,0.16666666666666666,5,5,AGTGGTACCGCCGAATCACT,0,2256900
marRp,0.16666666666666666,5,5,AGTGGACGGTCTGCGCCAAC,0,2220312
marRp,0.16666666666666666,5,5,AGTCCAAGAATATGCATTCC,0,2238514
marRp,0.16666666666666666,5,5,AGTCACATCACTTATGGTTT,0,2259019
marRp,0.16666666666666666,5,5,AGTCAATATGCCTTTCGGAG,0,2230229
marRp,0.16666666666666666,5,5,AGTCAAACCTATCTGCCAAC,0,2228558
marRp,0.16666666666666666,5,5,AGTATACAATACGTGACTGG,0,2258830
marRp,0.16666666666666666,5,5,AGTAGCGTAGGGGACGTGCG,0,2226995
marRp,0.16666666666666666,5,5,AGTACGACGTCGCGCACTCA,0,2253421
marRp,0.16666666666666666,5,5,AGGTGTACATCAGCCAGTCC,0,2252359
marRp,0.16666666666666666,5,5,AGGTCCGGCGGGCTCACAAC,0,2228732
marRp,0.16666666666666666,5,5,AGGGTTTAACTTTTATTCAA,0,2224035
marRp,0.16666666666666666,5,5,AGGGTTCCTGCGCGTACCAG,0,2244941
marRp,0.16666666666666666,5,5,AGGGGGGAAGGGGCACTCAT,0,2239221
marRp,0.16666666666666666,5,5,AGGGGGCATGATGCCCACCA,0,2224971
marRp,0.16666666666666666,5,5,AGGGCCTCGGTTGTCTAGTG,0,2226511
marRp,0.16666666666666666,5,5,AGGCTGTTTCGGATCCGTAC,0,2230181
marRp,0.16666666666666666,5,5,AGGCCTAAATCTTAGGCGTT,0,2227585
marRp,0.16666666666666666,5,5,AGGCCGAGCAACCACGTCAA,0,2261047
marRp,0.16666666666666666,5,5,AGGCAAGGCGGATGAGGGAA,0,2229810
marRp,0.16666666666666666,5,5,AGGAGGATCAGGATAATACC,0,2238351
marRp,0.16666666666666666,5,5,AGCTTGCCGGAAGCCATCTC,0,2235878
marRp,0.16666666666666666,5,5,AGCTGGCGGTATCTTCACAT,0,2217827
marRp,0.16666666666666666,5,5,AGCTCCCCACGTCAACTGAT,0,2230765
marRp,0.16666666666666666,5,5,AGCGAAAGTTTATGCGAAAG,0,2235352
marRp,0.16666666666666666,5,5,AGCCTTTTGTCAGGATAGAT,0,2219968
marRp,0.16666666666666666,5,5,AGCCTAGGGGGTCCCGCAAA,0,2234666
marRp,0.16666666666666666,5,5,AGCCCGTGACAATCATGTAT,0,2258662
marRp,0.16666666666666666,5,5,AGCCCCTTTCGTCAGTGTAT,0,2247365
marRp,0.16666666666666666,5,5,AGCCCACCGCCTTTCCCTCA,0,2227535
marRp,0.16666666666666666,5,5,AGCAGATTGTTTTGACACCG,0,2241567
marRp,0.16666666666666666,5,5,AGCACTAACGGTAGTCGATC,0,2225243
marRp,0.16666666666666666,5,5,AGATTTTCTGTTGATAAACA,0,2232138
marRp,0.16666666666666666,5,5,AGAGTATACGTCCTTCATCT,0,2227231
marRp,0.16666666666666666,5,5,AGAGGGAGGCGAGAAACCGT,0,2256500
marRp,0.16666666666666666,5,5,AGAGCAGACGTTTGCAGTTA,0,2235200
marRp,0.16666666666666666,5,5,AGACCATGAACTAAGGCCAT,0,2247831
marRp,0.16666666666666666,5,5,AGACATTCTGAAAAGAAACC,0,2226188
marRp,0.16666666666666666,5,5,AGACAAACAATTCATTCAAG,0,2245331
marRp,0.16666666666666666,5,5,AGAATTTCGGTTGTCTTGGA,0,2251578
marRp,0.16666666666666666,5,5,AGAATACGTCTCGCCGTGCA,0,2257249
marRp,0.16666666666666666,5,5,AGAAGGTTTATACCGAGCAT,0,2243248
marRp,0.16666666666666666,5,5,AGAACCGTGCGAAAGCAGTC,0,2221640
marRp,0.16666666666666666,5,5,AGAAAACGCGGTTTTTGGTA,0,2244502
marRp,0.16666666666666666,5,5,ACTTTCTTAGATAGCAGTGG,0,2257122
marRp,0.16666666666666666,5,5,ACTTCGAATCCCATTTTTAT,0,2233449
marRp,0.16666666666666666,5,5,ACTGTGTCTCTCAATCCGGT,0,2233409
marRp,0.16666666666666666,5,5,ACTGGTCTATGCGAGCCTAA,0,2220964
marRp,0.16666666666666666,5,5,ACTGCGAGGGATTAGGAATC,0,2230226
marRp,0.16666666666666666,5,5,ACTGATGTAGGTGCTGCTCC,0,2221225
marRp,0.16666666666666666,5,5,ACTGATAGGCCGGACTTAAA,0,2235233
marRp,0.16666666666666666,5,5,ACTATCGGTCATCCTTTATC,0,2243733
marRp,0.16666666666666666,5,5,ACTAGACTTCGTGGCACTGA,0,2233323
marRp,0.16666666666666666,5,5,ACTAGAAGAGTGTACTTAGG,0,2252481
marRp,0.16666666666666666,5,5,ACGTAGCGGCGAATGCTAGA,0,2243734
marRp,0.16666666666666666,5,5,ACGGTTGGTGATGCGGTCTT,0,2243784
marRp,0.16666666666666666,5,5,ACGGGTCGCCACGGGGCCTA,0,2219724
marRp,0.16666666666666666,5,5,ACGGGCGGCCGACAGTGTCT,0,2229641
marRp,0.16666666666666666,5,5,ACGGCAGAACCCCGGGCATG,0,2226173
marRp,0.16666666666666666,5,5,ACGCGCAAGAGTCTATTAAG,0,2256785
marRp,0.16666666666666666,5,5,ACGCCTTTGTTTTAGGTATT,0,2230557
marRp,0.16666666666666666,5,5,ACGAGGTAACGGCACGACTA,0,2228592
marRp,0.16666666666666666,5,5,ACGAGCGATTGTCGGGCGAA,0,2219969
marRp,0.16666666666666666,5,5,ACGACCGTGTATTACTAAGT,0,2246786
marRp,0.16666666666666666,5,5,ACCTAATACTTCAGCTGGTT,0,2238819
marRp,0.16666666666666666,5,5,ACCGTTCACGTTTTAGCTGC,0,2223501
marRp,0.16666666666666666,5,5,ACCGGTTCCAACAGCCCCAG,0,2236995
marRp,0.16666666666666666,5,5,ACCGGGGATCGGGAGTACCA,0,2246103
marRp,0.16666666666666666,5,5,ACCGCTATATCACTGTAGTG,0,2258799
marRp,0.16666666666666666,5,5,ACCAGTGTACAGGTTCTCAG,0,2260287
marRp,0.16666666666666666,5,5,ACCACCCACCTAATAACGTT,0,2230121
marRp,0.16666666666666666,5,5,ACCAATATGATATATCCGTG,0,2226284
marRp,0.16666666666666666,5,5,ACCAAGCCAAGCTCTCCCTG,0,2256925
marRp,0.16666666666666666,5,5,ACCAAAATGGAGAGAGTGTT,0,2248380
marRp,0.16666666666666666,5,5,ACAGTTACATTATGTTAGGA,0,2219539
marRp,0.16666666666666666,5,5,ACAGTGTACGGTCTTTTCAC,0,2255349
marRp,0.16666666666666666,5,5,ACAGGTTTAACCTCAGACAA,0,2219174
marRp,0.16666666666666666,5,5,ACACCGAGCTCGAGATGTTC,0,2245294
marRp,0.16666666666666666,5,5,ACACACATTCTGTGGACACC,0,2223219
marRp,0.16666666666666666,5,5,ACAATTAGTTCCGGCAATAA,0,2239876
marRp,0.16666666666666666,5,5,ACAATGGCGAACCCTTAAAA,0,2220940
marRp,0.16666666666666666,5,5,ACAATAGGACCGCTTTCAGC,0,2251880
marRp,0.16666666666666666,5,5,AATTGGTGATTGGAGGTATA,0,2257247
marRp,0.16666666666666666,5,5,AATGGTCAGAAGTCAGGTCA,0,2219137
marRp,0.16666666666666666,5,5,AATGCGGGCGATTTAGAGCT,0,2241060
marRp,0.16666666666666666,5,5,AATCCGTGCATCACTGTTGC,0,2237013
marRp,0.16666666666666666,5,5,AATCAGTGAATACATTCTTT,0,2221710
marRp,0.16666666666666666,5,5,AATACTACGGCAGGAGTTGT,0,2227691
marRp,0.16666666666666666,5,5,AAGTGTCCCGGACACAACCT,0,2246521
marRp,0.16666666666666666,5,5,AAGGTTCAAGGCTCGGTGCT,0,2258392
marRp,0.16666666666666666,5,5,AAGGGTGCAATAGTCTCAAC,0,2224258
marRp,0.16666666666666666,5,5,AAGGGCTCCATTAGGTCTGG,0,2238403
marRp,0.16666666666666666,5,5,AAGGGCGCGTTCCGGGAGCA,0,2260997
marRp,0.16666666666666666,5,5,AAGGGAAACTAGAGACTAAT,0,2250454
marRp,0.16666666666666666,5,5,AAGCGATCAGTCAAGTGGCC,0,2251284
marRp,0.16666666666666666,5,5,AAGAGAGATATTTCTCACCA,0,2259942
marRp,0.16666666666666666,5,5,AAGAGACTGCAGAATTGATG,0,2258592
marRp,0.16666666666666666,5,5,AAGACCTCACGTTTGAGGTT,0,2224162
marRp,0.16666666666666666,5,5,AAGACCGTCTCAAAGGCGGA,0,2247182
marRp,0.16666666666666666,5,5,AACTGGGGCTCGATCACCAT,0,2244755
marRp,0.16666666666666666,5,5,AACTGGATAGTTATGTGCGC,0,2225446
marRp,0.16666666666666666,5,5,AACTCAGCGTTGTTCGAACA,0,2246200
marRp,0.16666666666666666,5,5,AACTAAGGTACGGCATCGTA,0,2219535
marRp,0.16666666666666666,5,5,AACCAGTTCGCGCAGTAAAT,0,2230733
marRp,0.16666666666666666,5,5,AAATGTCTAACACAACAATA,0,2231896
marRp,0.16666666666666666,5,5,AAATGGTGTCTATCGAAGCA,0,2229719
marRp,0.16666666666666666,5,5,AAATCTGTTGACATTCAGCT,0,2247026
marRp,0.16666666666666666,5,5,AAATCTCCCGATTACTGGGA,0,2232083
marRp,0.16666666666666666,5,5,AAATACTACACCCGGCAGTG,0,2240318
marRp,0.16666666666666666,5,5,AAAGGTAGCCCTAGGAAGCG,0,2224208
marRp,0.16666666666666666,5,5,AAAGAGTTTTCGCACCGAAT,0,2239510
marRp,0.16666666666666666,5,5,AAACGTCGGTAAACCGCCAT,0,2255756
marRp,0.16666666666666666,5,5,AAACCCGAGAAGAGAACCGA,0,2240757
marRp,0.2,4,4,TTTTTCAGGAGAGCGTCAGT,0,2221828
marRp,0.2,4,4,TTTTAGCGATACGACACGTG,0,2243834
marRp,0.2,4,4,TTTGTACGAGATATTTGAAT,0,2219992
marRp,0.2,4,4,TTTGCTGTCCGAAGGTGGCG,0,2219114
marRp,0.2,4,4,TTTCGGTCAGTACTGTTTAC,0,2222463
marRp,0.2,4,4,TTTCCTGCCAGTTGGCGACA,0,2248269
marRp,0.2,4,4,TTTCCAGCAAGATTACTCAT,0,2222180
marRp,0.2,4,4,TTTCCAAGTTAATGTCCATC,0,2255778
marRp,0.2,4,4,TTTCACTCATCTTTCCACGT,0,2221247
marRp,0.2,4,4,TTGTTGGACCTCAAGCAGCT,0,2238463
marRp,0.2,4,4,TTGTTGCGTCGGCCCATTCG,0,2229541
marRp,0.2,4,4,TTGTGCGTTGAGGTCCCGAG,0,2251575
marRp,0.2,4,4,TTGTGCACTTTTTCCGCCTA,0,2258385
marRp,0.2,4,4,TTGTAGCTAAACCGCCCAGC,0,2257757
marRp,0.2,4,4,TTGTACTTAAATCATCTCGT,0,2229441
marRp,0.2,4,4,TTGGTCATACGACGGCGCAG,0,2236328
marRp,0.2,4,4,TTGGGACGGCCGTATCGGCC,0,2219073
marRp,0.2,4,4,TTGCGCATCGGTCGTGGAGG,0,2239504
marRp,0.2,4,4,TTGCAGAAAAGCCAGGGTGA,0,2255292
marRp,0.2,4,4,TTGATCCGTGCAAACCACAA,0,2253873
marRp,0.2,4,4,TTGAGCGTTTCACTAGCTCT,0,2260010
marRp,0.2,4,4,TTCTGCGGGATTTATGCTTT,0,2257408
marRp,0.2,4,4,TTCTGATATATGTAGTTTCT,0,2233254
marRp,0.2,4,4,TTCTCGCCTCACTATCCACC,0,2253800
marRp,0.2,4,4,TTCTCGCCGCGTCTCTGTGT,0,2237675
marRp,0.2,4,4,TTCGTGGGGACCGTTTTATA,0,2236047
marRp,0.2,4,4,TTCGCCCCTCATGGGCTAGC,0,2236942
marRp,0.2,4,4,TTCGAGAGGATGCCAGACGT,0,2225769
marRp,0.2,4,4,TTCGAAGAACGTCTTACGGT,0,2246488
marRp,0.2,4,4,TTCCTTTAGAATCGGCTAAT,0,2220924
marRp,0.2,4,4,TTCCTTCCGCAATGAAGCGC,0,2232046
marRp,0.2,4,4,TTCCGCTCCCTAAAATGGAA,0,2249326
marRp,0.2,4,4,TTCCGAAGGGAAATTCTTCT,0,2225349
marRp,0.2,4,4,TTCAGGTTGCCCCCGCGGAG,0,2253838
marRp,0.2,4,4,TTCAGCGGTTCGCATATGAT,0,2242774
marRp,0.2,4,4,TTCACTCGGTGTGCGAGTCT,0,2253760
marRp,0.2,4,4,TTCAAGCCTAGTCAACTGAA,0,2253508
marRp,0.2,4,4,TTCAAGACAACCCTGCCGGA,0,2236337
marRp,0.2,4,4,TTCAAAGAACCGACCTGACG,0,2220644
marRp,0.2,4,4,TTATTGGTAGAAAATAGGTA,0,2250214
marRp,0.2,4,4,TTATGCCAGAGTGAGTAGTC,0,2222323
marRp,0.2,4,4,TTATCCAGTCCGAATCCGAA,0,2230015
marRp,0.2,4,4,TTATAATGCAGCCCACCGCA,0,2235569
marRp,0.2,4,4,TTAGTTCCTAGTTAGTTGTT,0,2247876
marRp,0.2,4,4,TTAGGTGCATGAAATCTTGC,0,2218700
marRp,0.2,4,4,TTAGGAGGGGTCCTGGTAGA,0,2248828
marRp,0.2,4,4,TTAGCCTGGCGAGGTAAAAT,0,2235553
marRp,0.2,4,4,TTACTACTACTCATGCATCA,0,2238250
marRp,0.2,4,4,TTACGGTTGCTCCTCTAGAA,0,2236109
marRp,0.2,4,4,TTACGACTGTTAATCCGCCA,0,2233862
marRp,0.2,4,4,TTACCCGCGACTTTGCTTGG,0,2247497
marRp,0.2,4,4,TTACAGCCAGGGGGCAAGGA,0,2242014
marRp,0.2,4,4,TTAAGTGCGTACGGGAATGG,0,2255354
marRp,0.2,4,4,TTAAGTCAAGGGCAGATCAT,0,2220980
marRp,0.2,4,4,TTAAACCAGGGTGGAAGCCA,0,2234503
marRp,0.2,4,4,TTAAACAGAGTCGCCTTTGG,0,2246600
marRp,0.2,4,4,TGTTTTCATTAGCGTGAGTG,0,2239118
marRp,0.2,4,4,TGTTTAGGTTCGGGCTGTGA,0,2240430
marRp,0.2,4,4,TGTTGAGCCATTCAACTGTG,0,2259362
marRp,0.2,4,4,TGTTAGATGAAGCCAGGGTC,0,2249254
marRp,0.2,4,4,TGTTACTAGACTGGCAACAA,0,2235784
marRp,0.2,4,4,TGTGGGGCTGCTTCCTAATG,0,2233853
marRp,0.2,4,4,TGTGGGCGCTAGCGACATCT,0,2228975
marRp,0.2,4,4,TGTGATTGTAGTGTTCCAAC,0,2250019
marRp,0.2,4,4,TGTGACTTGTCCGTCGCAGC,0,2231505
marRp,0.2,4,4,TGTAGCCATACAGAGATGTC,0,2259162
marRp,0.2,4,4,TGGTTTACTAGCTAATCCCA,0,2238694
marRp,0.2,4,4,TGGTCCCCACAGAGCAGATC,0,2221938
marRp,0.2,4,4,TGGCTAACCATGGTATCCCT,0,2249890
marRp,0.2,4,4,TGGCAAATGTTTGGTGAAAA,0,2250499
marRp,0.2,4,4,TGGAGATTGGGTAGGTCTAG,0,2224746
marRp,0.2,4,4,TGGACTATTGGAACTTTTCA,0,2220339
marRp,0.2,4,4,TGGACCAGAAACATACCGGG,0,2221629
marRp,0.2,4,4,TGGAACAACCGCTTATCGAT,0,2239771
marRp,0.2,4,4,TGCTTTGGGAAAGTTATGAA,0,2226390
marRp,0.2,4,4,TGCTTACCGATCTTCTGACC,0,2246381
marRp,0.2,4,4,TGCTCTGTCAATTACAAGCG,0,2244437
marRp,0.2,4,4,TGCTCCTCCCTCAAACACCT,0,2258280
marRp,0.2,4,4,TGCTCAGGAGGTCTGGAAAA,0,2260920
marRp,0.2,4,4,TGCTAGAACATTTGTTTGAT,0,2247640
marRp,0.2,4,4,TGCTAATCTTCGATTAGTGG,0,2237408
marRp,0.2,4,4,TGCGATTGCGTGATGCTCGA,0,2235122
marRp,0.2,4,4,TGCGAGTTTACTTGGGATTC,0,2228911
marRp,0.2,4,4,TGCCTTTACGTGGTTCCATA,0,2232526
marRp,0.2,4,4,TGCCTTCCACGGGCCGTAGT,0,2246448
marRp,0.2,4,4,TGCCTAACTTATATGGGTTC,0,2224908
marRp,0.2,4,4,TGCCGAAAGGTAAGCAGCTT,0,2227618
marRp,0.2,4,4,TGCCAGATAGATTTCTTAGC,0,2234892
marRp,0.2,4,4,TGCAAGACTGACTACGTTAA,0,2253388
marRp,0.2,4,4,TGCAACTCTCGCTATAACCG,0,2252675
marRp,0.2,4,4,TGAGTTAGCGGATTTCCGGC,0,2258847
marRp,0.2,4,4,TGAGTCATTAGCTATTTTAT,0,2242508
marRp,0.2,4,4,TGAGGGAGGTACACGTAGGT,0,2234610
marRp,0.2,4,4,TGAGATTTGGTTGAGCCGCT,0,2256924
marRp,0.2,4,4,TGAGATGGGAGCGTCCGGCG,0,2231030
marRp,0.2,4,4,TGACTACATGTGGTTAGCGT,0,2249620
marRp,0.2,4,4,TGACGGTCTACTGCAAGGTA,0,2243296
marRp,0.2,4,4,TGACACCAAAATTAGAACCT,0,2237795
marRp,0.2,4,4,TGAAGTGAACTCTCTCGTAA,0,2223804
marRp,0.2,4,4,TGAACTTCATGGGATTAGAT,0,2225755
marRp,0.2,4,4,TCTTTCCCACCGTTCGGGCA,0,2230865
marRp,0.2,4,4,TCTTGACCTGTGGTACCGCA,0,2252921
marRp,0.2,4,4,TCTTCTGCATTCCTTCTCTC,0,2248694
marRp,0.2,4,4,TCTTCGCATCCAACAATCTT,0,2248713
marRp,0.2,4,4,TCTTATGCTAGGAAGTCTCG,0,2223380
marRp,0.2,4,4,TCTTACCATATGTAAAGCTT,0,2249927
marRp,0.2,4,4,TCTGACTGACCGACAGTAAG,0,2259473
marRp,0.2,4,4,TCTCCTGTAAAGCAAACAAC,0,2219173
marRp,0.2,4,4,TCTAGTGGGTAGCACTGTGA,0,2232312
marRp,0.2,4,4,TCGTGGTCGTGGTCCGGGTA,0,2255530
marRp,0.2,4,4,TCGTAACAGGCACTGGGCAT,0,2239587
marRp,0.2,4,4,TCGGTCTCGAGACCCGAGTA,0,2223061
marRp,0.2,4,4,TCGGAATCGGAACGACGTAA,0,2221112
marRp,0.2,4,4,TCGGAAGTAGGTCTCGGTCG,0,2234848
marRp,0.2,4,4,TCGCTGGTGACGCCCAAACA,0,2251308
marRp,0.2,4,4,TCGCTCATTACCACGAGTGC,0,2254667
marRp,0.2,4,4,TCGCACTCCGGAGGACCCAC,0,2248715
marRp,0.2,4,4,TCGCAATTCTATGCGACTAT,0,2226723
marRp,0.2,4,4,TCGATATAAAATATATTTGT,0,2219887
marRp,0.2,4,4,TCGAGTACCAAGACTTTGCA,0,2225719
marRp,0.2,4,4,TCGAGACTGGGCCTATGCAG,0,2256519
marRp,0.2,4,4,TCCTGTGTCATATGCACTCT,0,2243525
marRp,0.2,4,4,TCCTCTGGACACGGAAAAAA,0,2222207
marRp,0.2,4,4,TCCTCACAAGGACCACATCA,0,2252557
marRp,0.2,4,4,TCCTATCCTACAGTACAAAA,0,2227917
marRp,0.2,4,4,TCCGTGAATTTGAACAGATA,0,2224356
marRp,0.2,4,4,TCCGGGATACACAGGTTGGT,0,2250776
marRp,0.2,4,4,TCCGGATCGGTTTCTATTTT,0,2254807
marRp,0.2,4,4,TCCGCGGAATTGGCTAGGTG,0,2226961
marRp,0.2,4,4,TCCGAGATATGGTCCTGTTG,0,2250028
marRp,0.2,4,4,TCCCATGGTTGTTCGTTTCT,0,2229130
marRp,0.2,4,4,TCCATATACCAATGCCAACG,0,2245597
marRp,0.2,4,4,TCCAGAACGCACGCCTCGCA,0,2249783
marRp,0.2,4,4,TCCAATGATCGTGTAGCCGT,0,2231198
marRp,0.2,4,4,TCATGTTAGAAATCTGCTTC,0,2227398
marRp,0.2,4,4,TCATGTAACAAGGCCGACAT,0,2230155
marRp,0.2,4,4,TCATGCTTGGACTTATGTAA,0,2251101
marRp,0.2,4,4,TCATGAATTTTTATGCAGGC,0,2219407
marRp,0.2,4,4,TCAGTTGGTGGCAACCAGTG,0,2248747
marRp,0.2,4,4,TCAGGAATATCCAAATGGCC,0,2232271
marRp,0.2,4,4,TCACTGTCATAGTAGCTCGG,0,2224830
marRp,0.2,4,4,TCACGTTCGGCGGATCAGGA,0,2255720
marRp,0.2,4,4,TCACGGGTACGCACACCCCT,0,2247093
marRp,0.2,4,4,TCACCGGGTTAGCTGAATTA,0,2231530
marRp,0.2,4,4,TCACCGACCAAGCAACGGAA,0,2235244
marRp,0.2,4,4,TCAATGTCAAAGGAGGATGA,0,2251900
marRp,0.2,4,4,TCAATGAGGGCTGTAGGCGT,0,2246196
marRp,0.2,4,4,TATTTTGTACATGTTCCGCA,0,2255191
marRp,0.2,4,4,TATTTAGCGGAGGTCTCTTC,0,2218090
marRp,0.2,4,4,TATGTAGTCCTTGATTATTA,0,2242366
marRp,0.2,4,4,TATCTGTTCGGCAGACGATT,0,2220716
marRp,0.2,4,4,TATCTGCGGCACCTACGTAT,0,2248910
marRp,0.2,4,4,TATCGTCGCTCCATCCTTGG,0,2241309
marRp,0.2,4,4,TATCGGGCTGGATATCTCAA,0,2222941
marRp,0.2,4,4,TATCGCGTTGGTCTGAGGTA,0,2241273
marRp,0.2,4,4,TATATCGAAAAGGCCTGTAC,0,2233971
marRp,0.2,4,4,TATAGCGCCGCATTGGGAGG,0,2233937
marRp,0.2,4,4,TATAGATAATCCTGCGGCCA,0,2242172
marRp,0.2,4,4,TATAGAATCCTCGTTTCACA,0,2235120
marRp,0.2,4,4,TAGGGCCCCCGTTAGGACTA,0,2233605
marRp,0.2,4,4,TAGGCCGTGGTTGGAACGTT,0,2244339
marRp,0.2,4,4,TAGCCGGTGATAGAGTCTTA,0,2240647
marRp,0.2,4,4,TAGAGGCAGTCTTTAGACTC,0,2257569
marRp,0.2,4,4,TAGAGAAATATCGCGGGCCT,0,2259860
marRp,0.2,4,4,TAGAAAGTCCTTCCTGTTTG,0,2253256
marRp,0.2,4,4,TACTTCCCACTCCCTGGGCG,0,2251222
marRp,0.2,4,4,TACTGAAGGAACGATCATGC,0,2241640
marRp,0.2,4,4,TACTCAGGTGCGGGCACGAT,0,2253448
marRp,0.2,4,4,TACGGGGGATGGCATATGCG,0,2258300
marRp,0.2,4,4,TACGACGGGCACCTGTTTCA,0,2233547
marRp,0.2,4,4,TACGACCGTGGGAGAAAACT,0,2243786
marRp,0.2,4,4,TACCCCCGCGGAAACGTGAA,0,2250580
marRp,0.2,4,4,TACCCAGGGCGCGACATGGT,0,2229551
marRp,0.2,4,4,TACCAGGGTAAGCATGTACG,0,2227646
marRp,0.2,4,4,TACCAGGAGTGACCGTGTCC,0,2244994
marRp,0.2,4,4,TACATCCCGCAAGTGTAGGA,0,2235173
marRp,0.2,4,4,TACAGCTGTCGAGAAAATTC,0,2231568
marRp,0.2,4,4,TACAATAGACCAGGGGTACA,0,2260353
marRp,0.2,4,4,TAATTTCAAAGTAGCGGTCA,0,2254687
marRp,0.2,4,4,TAATGCTGGCGATTCAGCGG,0,2247874
marRp,0.2,4,4,TAATGCTGCACCAGCTCCAC,0,2247077
marRp,0.2,4,4,TAATAATCAGAGATCTCGGA,0,2244511
marRp,0.2,4,4,TAAGGGGCGAGCGTTGGTTG,0,2235535
marRp,0.2,4,4,TAAGGCCGTCCCTGGCGGAG,0,2242228
marRp,0.2,4,4,TAAGGATAAGTGCGAGACCA,0,2254001
marRp,0.2,4,4,TAAGCACAAGGTGTCCGTAT,0,2258980
marRp,0.2,4,4,TAACGGTTATACGCTCATTG,0,2255270
marRp,0.2,4,4,TAACCCATAGGCCTGGTGTT,0,2244261
marRp,0.2,4,4,TAAAAGTGACCGACGAGAGA,0,2241958
marRp,0.2,4,4,TAAAAGAGCCTTGGCCTTTT,0,2222926
marRp,0.2,4,4,GTTTGGACTTATGGCGGAAG,0,2241554
marRp,0.2,4,4,GTTTAGTTACATAGGCGTAA,0,2245761
marRp,0.2,4,4,GTTTAGCCCGCCTTTGTGCA,0,2247163
marRp,0.2,4,4,GTTGGCCTTTGATCGCGGGG,0,2225192
marRp,0.2,4,4,GTTCTGAGCCTTTGCAGTTG,0,2233786
marRp,0.2,4,4,GTTCGACGTCAAATCCACTA,0,2229568
marRp,0.2,4,4,GTTCACACTCACCAGGCGAA,0,2220707
marRp,0.2,4,4,GTTCAAGGCCATATCAACAA,0,2240049
marRp,0.2,4,4,GTTATACAAGTAGAGTCGCA,0,2236077
marRp,0.2,4,4,GTTAAAGTGGAGACCTCGTA,0,2256640
marRp,0.2,4,4,GTGTCAGCTAGTATTTGATT,0,2246833
marRp,0.2,4,4,GTGGTGAAATTGTCGTTGAT,0,2257034
marRp,0.2,4,4,GTGGGGTACACTTTATTTTT,0,2257549
marRp,0.2,4,4,GTGGGCACTCTTAAACTTCA,0,2224753
marRp,0.2,4,4,GTGCACGGGGATACATGGTC,0,2250238
marRp,0.2,4,4,GTGCAAGCACTCGGTTTTTG,0,2224366
marRp,0.2,4,4,GTGATGGGTGTAACGTCTGA,0,2254377
marRp,0.2,4,4,GTCTCTTTCGCCGGGCTCGG,0,2243798
marRp,0.2,4,4,GTCTATCACGATTAAGGCGC,0,2239603
marRp,0.2,4,4,GTCGTCGTATACTTCAAACC,0,2252160
marRp,0.2,4,4,GTCATGCCGGAACCCCGCCA,0,2248217
marRp,0.2,4,4,GTCATACGGTTTAAGTCAAC,0,2217918
marRp,0.2,4,4,GTCAGCCACGGATAAGTTTC,0,2240202
marRp,0.2,4,4,GTCACAGGAGTCTCCACCTG,0,2224637
marRp,0.2,4,4,GTAGTTGGTGGCTCACGCAG,0,2253264
marRp,0.2,4,4,GTAGGTCTCAGACTCCAAAA,0,2239508
marRp,0.2,4,4,GTAGGTCATCTTTAACGATC,0,2223729
marRp,0.2,4,4,GTAGCGCAGACTGGGTCGGA,0,2226693
marRp,0.2,4,4,GTAGCAGGATCAATCAAAGA,0,2248690
marRp,0.2,4,4,GTAGACTTCCTGTGACAGAA,0,2245591
marRp,0.2,4,4,GTACTTTAGCAGTTTCCTAA,0,2232444
marRp,0.2,4,4,GTACCGTGCGAGATTCGGTA,0,2226986
marRp,0.2,4,4,GTACCCCTTTTAACCGCCCC,0,2224145
marRp,0.2,4,4,GTACATAGGACCATTTGGAC,0,2225108
marRp,0.2,4,4,GTAATTGCCCCAGCGGTAGC,0,2218714
marRp,0.2,4,4,GTAATATTACTCTCAGTCAT,0,2236706
marRp,0.2,4,4,GTAAGGGCAAAGCGCGGCCA,0,2242463
marRp,0.2,4,4,GTAAGAATTCCAGGGAGATA,0,2254289
marRp,0.2,4,4,GTAACACCCAGTGGTATGCT,0,2256453
marRp,0.2,4,4,GTAAATATGATCATGAATAC,0,2221127
marRp,0.2,4,4,GTAAATACGCGTGTCGATAC,0,2234915
marRp,0.2,4,4,GTAAAAAGAGTTCCCAGACA,0,2237703
marRp,0.2,4,4,GGTTTAAGACGCGAGAACGG,0,2261064
marRp,0.2,4,4,GGTTGATTCGCGGTAGAATA,0,2229469
marRp,0.2,4,4,GGTTCGACTCGCTGTACTTG,0,2226217
marRp,0.2,4,4,GGTGTGGAACTGCTAGGGCT,0,2250219
marRp,0.2,4,4,GGTGTCGCAGGATGAGGGAC,0,2234253
marRp,0.2,4,4,GGTGGTCTCTGTCCCTGCCC,0,2247911
marRp,0.2,4,4,GGTGATTAGTCGTCTAGTCT,0,2239871
marRp,0.2,4,4,GGTCTAGAGGGCGCCGGGTA,0,2260087
marRp,0.2,4,4,GGTCAGGTTACGGTCTAAAC,0,2231452
marRp,0.2,4,4,GGTCACCTTGGGACACACTA,0,2229502
marRp,0.2,4,4,GGTATTAGATGTCAGTACAT,0,2232495
marRp,0.2,4,4,GGTATCCTCATAACCCATAT,0,2254666
marRp,0.2,4,4,GGTAGCCAGTAACGCAATGG,0,2251315
marRp,0.2,4,4,GGGTTTGCGCAATTATTACA,0,2253751
marRp,0.2,4,4,GGGTTGGTGAGGTAAGAGAT,0,2258461
marRp,0.2,4,4,GGGTGAGATTAACCGCCCTA,0,2254618
marRp,0.2,4,4,GGGTATTCGGGATCACTCAG,0,2254704
marRp,0.2,4,4,GGGTATACGACCGAAGGTTG,0,2257290
marRp,0.2,4,4,GGGTACTGGGGATAGACAGC,0,2232429
marRp,0.2,4,4,GGGGTCGCACTGGTTCCCGT,0,2242311
marRp,0.2,4,4,GGGGGATCGGAGATCTTTAT,0,2225473
marRp,0.2,4,4,GGGGCTATCTACGTCGGTCA,0,2223236
marRp,0.2,4,4,GGGGCGAGTACGTACGGCGC,0,2245487
marRp,0.2,4,4,GGGCCAGATAGTTAACTACC,0,2230878
marRp,0.2,4,4,GGGATAGCTGAGGGTTCTAT,0,2226303
marRp,0.2,4,4,GGGAGTGGTTGAGGCGTTAA,0,2224997
marRp,0.2,4,4,GGGACGCGCGGAGCTGAATT,0,2253105
marRp,0.2,4,4,GGGAAACCAGGGCACCGTTC,0,2217894
marRp,0.2,4,4,GGCTTGAACCGGCGAGTAGG,0,2243244
marRp,0.2,4,4,GGCTGTCGGATTACTAAGAC,0,2227165
marRp,0.2,4,4,GGCTGAATCGGTTAAGATCC,0,2218309
marRp,0.2,4,4,GGCTCTTCCCTCCTGGTTGT,0,2235368
marRp,0.2,4,4,GGCTAGATTGCTTTGAAAAA,0,2242045
marRp,0.2,4,4,GGCGGGATCTTTTCCGGCTG,0,2233839
marRp,0.2,4,4,GGCGCGAACCACCAGACCTG,0,2223210
marRp,0.2,4,4,GGCCGTCCCATCAGACGGTG,0,2257286
marRp,0.2,4,4,GGCCACTTGAACTACCCGTC,0,2245812
marRp,0.2,4,4,GGCCACAGAGCGGAGCTTTT,0,2242113
marRp,0.2,4,4,GGCATATAGTTAGCTATATC,0,2259020
marRp,0.2,4,4,GGCATAGAGAGCCTCTAGAA,0,2223880
marRp,0.2,4,4,GGCATACACCTTTTGCTATT,0,2235290
marRp,0.2,4,4,GGCATAAGCTACGCCCCGGT,0,2231335
marRp,0.2,4,4,GGCAGTCCGCCCTGGCGTGC,0,2235776
marRp,0.2,4,4,GGCAGCATTATGATAGTTCT,0,2252909
marRp,0.2,4,4,GGATTCCTACAGCATGCACT,0,2227578
marRp,0.2,4,4,GGATGCGATAGCCGTAGAGA,0,2217956
marRp,0.2,4,4,GGATACTCAGTTAAGCCGTA,0,2223898
marRp,0.2,4,4,GGAGCGCATTATTGACGGCC,0,2247490
marRp,0.2,4,4,GGAGCCCAAGGGACCACTGA,0,2239501
marRp,0.2,4,4,GGAGACCGTGGTAAGAACCA,0,2235519
marRp,0.2,4,4,GGACTTAAATCAAATAGTCA,0,2239803
marRp,0.2,4,4,GGACTACTTACCGGAGCGTA,0,2230261
marRp,0.2,4,4,GGACGTGTAGCCGTGCTGAC,0,2239233
marRp,0.2,4,4,GGACGACAAAGAACATTCGT,0,2240193
marRp,0.2,4,4,GGAATGGGCTGATATCATTA,0,2221965
marRp,0.2,4,4,GGAACCGGTCATATAGGAGT,0,2239145
marRp,0.2,4,4,GCTTGTTTCTACGCCATGCG,0,2244271
marRp,0.2,4,4,GCTGTTGCTCCTTACTTCTT,0,2218515
marRp,0.2,4,4,GCTGGTCACTAGAGTACCAT,0,2249295
marRp,0.2,4,4,GCTGCTGTACTGCTCCCGGT,0,2248734
marRp,0.2,4,4,GCTCTGGAGAAATGATGCCG,0,2226578
marRp,0.2,4,4,GCTCGAGAGCCATAAATCGA,0,2245114
marRp,0.2,4,4,GCTCCCATGGTTACCTAATG,0,2259597
marRp,0.2,4,4,GCTAGCCAGCCCCAGTGTTC,0,2229180
marRp,0.2,4,4,GCTACTTGGATAGTTTTACC,0,2256609
marRp,0.2,4,4,GCTAAGAATGGGGCATTTTC,0,2251467
marRp,0.2,4,4,GCTAACTGTAGATGTCTGTG,0,2243665
marRp,0.2,4,4,GCGTTGGGTTTACTAATCAG,0,2225952
marRp,0.2,4,4,GCGTCCAGAACCGTGGTCAT,0,2230870
marRp,0.2,4,4,GCGTCAATTCGGCTAAGCTA,0,2219265
marRp,0.2,4,4,GCGGTTATATATCTTTTCGT,0,2243614
marRp,0.2,4,4,GCGGTGTTAGAACTCAAAAC,0,2236194
marRp,0.2,4,4,GCGGGGCTCGTATGCTATCC,0,2223607
marRp,0.2,4,4,GCGGGCCGAAGTAGTCAACT,0,2244560
marRp,0.2,4,4,GCGGCGCTAGTCTAGCCGCG,0,2224375
marRp,0.2,4,4,GCGGAGTTCCGCCCAGACGT,0,2242009
marRp,0.2,4,4,GCGGACTACTCACGAACCCG,0,2224440
marRp,0.2,4,4,GCGCGCATCACCGGGCGGTA,0,2244293
marRp,0.2,4,4,GCGCACGGCTGGAGCGCACA,0,2219277
marRp,0.2,4,4,GCGATGTGCTCACGGCAGCG,0,2234578
marRp,0.2,4,4,GCCTCAAAGGGCGTGTCAGG,0,2245282
marRp,0.2,4,4,GCCGGCCCGAACAAATACTA,0,2254154
marRp,0.2,4,4,GCCGCCAGCGTGGCCGGCAG,0,2260176
marRp,0.2,4,4,GCCCCTGCTTTTAGCCAATA,0,2235594
marRp,0.2,4,4,GCCCCAGCTGAGTCTCTAAT,0,2218518
marRp,0.2,4,4,GCCCCACAACAGCCACAACA,0,2257299
marRp,0.2,4,4,GCCCATACATGTTGCTAGTC,0,2221774
marRp,0.2,4,4,GCCATGACTCCGTACGGCGA,0,2240106
marRp,0.2,4,4,GCCATACCTGGATTTTCGCT,0,2243793
marRp,0.2,4,4,GCCACCTTGTAGCATGCGCA,0,2245072
marRp,0.2,4,4,GCCAATATGGAAAACGCATT,0,2218904
marRp,0.2,4,4,GCATTAAAGAGGCGACCGGT,0,2222724
marRp,0.2,4,4,GCATGGACAGACCGAGTAGG,0,2237443
marRp,0.2,4,4,GCAGGCTCAACGAGATCAAA,0,2220853
marRp,0.2,4,4,GCAGACTTAGTACCCGGACA,0,2224167
marRp,0.2,4,4,GCAGAAGCACTAATGAACAA,0,2219649
marRp,0.2,4,4,GCACGCGGTAGAGGATGTGT,0,2241704
marRp,0.2,4,4,GCACCACACAATCAAGATAA,0,2231494
marRp,0.2,4,4,GCACCAATTGGACCTCAAGT,0,2247642
marRp,0.2,4,4,GCAAATTCAGTGGATCATAA,0,2253748
marRp,0.2,4,4,GATTGTAGTACGTGTTTACT,0,2258345
marRp,0.2,4,4,GATTATTACGCCCACGACGG,0,2256695
marRp,0.2,4,4,GATGTCATCCCTGGAGCGTG,0,2252731
marRp,0.2,4,4,GATGGATCCATTCAGTCCAT,0,2219241
marRp,0.2,4,4,GATCTTTGTATTCCGGTTTT,0,2261068
marRp,0.2,4,4,GATCCGTCCCGCCAGTCATG,0,2236130
marRp,0.2,4,4,GATAGGCTAACTTATTGTGT,0,2244035
marRp,0.2,4,4,GATACTTTCAAATGGGTGGT,0,2247776
marRp,0.2,4,4,GATAATATAAGAACCGAAGT,0,2228305
marRp,0.2,4,4,GAGGGTTCTCGGGCTTCCTT,0,2238372
marRp,0.2,4,4,GAGGGGTCAAACACTCTCAT,0,2218242
marRp,0.2,4,4,GAGGCACAGTAACGCGATCT,0,2237270
marRp,0.2,4,4,GAGGACACGATCTCGCCTCT,0,2230554
marRp,0.2,4,4,GAGCGGACCAGTCCGAAGTC,0,2220279
marRp,0.2,4,4,GAGCATGATTTTTCTAATGA,0,2251544
marRp,0.2,4,4,GAGAGAGTGTTTTGTGTGTC,0,2220424
marRp,0.2,4,4,GAGACGGACGCAGGTAGTTA,0,2239608
marRp,0.2,4,4,GAGAAGGCATAATACTGCGT,0,2233548
marRp,0.2,4,4,GAGAACTGCATGTGCAGCGT,0,2226880
marRp,0.2,4,4,GACTGTATCCTAGCGATATA,0,2248011
marRp,0.2,4,4,GACGTAGAAGGAGGGACGAG,0,2235767
marRp,0.2,4,4,GACGCGCGGGCGGACTAATT,0,2222849
marRp,0.2,4,4,GACGCCGGCCCAAGTTGACA,0,2222188
marRp,0.2,4,4,GACGACTTGCGAGTTCCTCA,0,2252169
marRp,0.2,4,4,GACCGCACGGCGTCTCCACT,0,2225806
marRp,0.2,4,4,GACCCGAGTCGGGTAGGTCT,0,2219944
marRp,0.2,4,4,GACCCAATCTACTGCCAATA,0,2227364
marRp,0.2,4,4,GACAGTCCCAACCGTCATGT,0,2243668
marRp,0.2,4,4,GACAATGTGGATTTCCTTGC,0,2222609
marRp,0.2,4,4,GAATTATTCTCGGGTGCCGT,0,2227400
marRp,0.2,4,4,GAATACGCCCGCCTGCTCTT,0,2218035
marRp,0.2,4,4,GAATAAGAGTTCACATCATA,0,2249256
marRp,0.2,4,4,GAAGGCCTAAGGAGAACCGT,0,2229184
marRp,0.2,4,4,GAAGGACTGCGGTAATCATG,0,2232551
marRp,0.2,4,4,GAACTTCCACAAAACATTCA,0,2249865
marRp,0.2,4,4,GAACGGCGCTCACGGTGTTT,0,2253884
marRp,0.2,4,4,GAACCGGTCTAGGCAGTTCT,0,2232482
marRp,0.2,4,4,GAACCACCTCCTATGGACAA,0,2245593
marRp,0.2,4,4,GAACAGTCTCCCGGTATAAC,0,2229495
marRp,0.2,4,4,GAAATGCTGTTCCGTGGCGT,0,2249336
marRp,0.2,4,4,GAAAGAAGACGGGCAGTTTC,0,2222888
marRp,0.2,4,4,GAAACTGTGATTTCTCTAGT,0,2244818
marRp,0.2,4,4,GAAAACCATTATCTGATCGA,0,2244409
marRp,0.2,4,4,GAAAAAGAAGCGGTGGAAAA,0,2222610
marRp,0.2,4,4,CTTTGGTTGGTCGGTGGCCT,0,2245881
marRp,0.2,4,4,CTTTCACATTGGTATGGGAT,0,2260380
marRp,0.2,4,4,CTTGGTTACTTAAAGCTGTT,0,2232285
marRp,0.2,4,4,CTTGGAGCACGTGGCGAAGA,0,2225190
marRp,0.2,4,4,CTTCGAAATCTAGGCTCGTA,0,2243125
marRp,0.2,4,4,CTTCCAGCAGACCCACGGTA,0,2247727
marRp,0.2,4,4,CTTAGCGCACAGTCAACCTC,0,2229995
marRp,0.2,4,4,CTGTCCTTGGGTATTGGCAT,0,2238870
marRp,0.2,4,4,CTGTAGGCTGGGATCTAGCT,0,2255672
marRp,0.2,4,4,CTGGGCAGCAATCTGTGGGA,0,2225054
marRp,0.2,4,4,CTGGGATCGCGCCCAAGCAT,0,2241756
marRp,0.2,4,4,CTGGAGACAGAGCTCTAAAG,0,2237729
marRp,0.2,4,4,CTGCTGTCAATAGATCATGT,0,2252743
marRp,0.2,4,4,CTGCTAGCCACGGTGAAATG,0,2223968
marRp,0.2,4,4,CTGAGACAAACTGGTGGAAA,0,2220687
marRp,0.2,4,4,CTGACCCGATTCTGTAGAGC,0,2256724
marRp,0.2,4,4,CTCTTCTAGCAGAAGTGGAA,0,2244926
marRp,0.2,4,4,CTCTTCATTCAGAAAAGGAA,0,2232224
marRp,0.2,4,4,CTCTCGAGGGGAACCCTGAA,0,2236438
marRp,0.2,4,4,CTCTATTGCGCGAGCATGTA,0,2246744
marRp,0.2,4,4,CTCGGGAATGGGCATTGAAG,0,2244216
marRp,0.2,4,4,CTCCTATACACCAGCGATAC,0,2223485
marRp,0.2,4,4,CTCCGTCATAGCCCTTCATC,0,2250628
marRp,0.2,4,4,CTCCCGTGTAGTGCAAATTC,0,2237060
marRp,0.2,4,4,CTCCAACCACAGAAAATCTC,0,2218375
marRp,0.2,4,4,CTCCAAATTAAACCACTTAC,0,2219602
marRp,0.2,4,4,CTCAGTCAAGAATCGTCTAT,0,2239860
marRp,0.2,4,4,CTCAGCGCATATGTGCTGCC,0,2228925
marRp,0.2,4,4,CTCACGGATGGGATAGTCAA,0,2244989
marRp,0.2,4,4,CTCAAATAAAAAATATATAA,0,2240348
marRp,0.2,4,4,CTATGGACCCTAGGACATCC,0,2221714
marRp,0.2,4,4,CTATGCTGACTTCCTACCCG,0,2235836
marRp,0.2,4,4,CTATCAGCGGTTCTTATTCC,0,2232372
marRp,0.2,4,4,CTATACGGAGCTAGCTATGG,0,2222914
marRp,0.2,4,4,CTATAACAATATTCTCGGTA,0,2254358
marRp,0.2,4,4,CTAGGAACCATGGCAGTGTG,0,2255898
marRp,0.2,4,4,CTAGAGTGCTTACGCGGGAC,0,2249763
marRp,0.2,4,4,CTAGACATCTAACACCTGAG,0,2259922
marRp,0.2,4,4,CTAGAATAGGGTGCAAAGTA,0,2226592
marRp,0.2,4,4,CTACCCGCTGGGTTGCGTTG,0,2232766
marRp,0.2,4,4,CTACCCAGGGGGTTGAGCTA,0,2226294
marRp,0.2,4,4,CTAACCAGAAATGGGCTCAT,0,2251665
marRp,0.2,4,4,CTAAAAGTATTTGATTCCAT,0,2259160
marRp,0.2,4,4,CGTTTGGATCCGACGGTGAT,0,2219761
marRp,0.2,4,4,CGTTGTCATAGATCCCGCGT,0,2226483
marRp,0.2,4,4,CGTTGTAGCTATATGGTATC,0,2237106
marRp,0.2,4,4,CGTTCCTACACGATGGCGGT,0,2257640
marRp,0.2,4,4,CGTTAACTTCCAGACGGATT,0,2246821
marRp,0.2,4,4,CGTGTATCAGTACCTATCTT,0,2246407
marRp,0.2,4,4,CGTGGTTTACACTGGAGTAA,0,2218636
marRp,0.2,4,4,CGTGGTTCCGGAAACGATTA,0,2259586
marRp,0.2,4,4,CGTGGTGGACAATAGACTCT,0,2246046
marRp,0.2,4,4,CGTGGCGGCGACTGATGAAA,0,2239937
marRp,0.2,4,4,CGTCTCACCTTATGACGTAG,0,2238779
marRp,0.2,4,4,CGTCGGCCATGTATGTGGGG,0,2218365
marRp,0.2,4,4,CGTCCGTTACCGTTCCTTAA,0,2223454
marRp,0.2,4,4,CGTATAAAATCCACTGTTTA,0,2226629
marRp,0.2,4,4,CGTAGCTTGACCTCAACAAG,0,2227146
marRp,0.2,4,4,CGTAGCTGAGGTCACGCGGG,0,2244029
marRp,0.2,4,4,CGTAACTAAACTATGTGCCG,0,2259067
marRp,0.2,4,4,CGGTGTGGAATACATGAACT,0,2229849
marRp,0.2,4,4,CGGTCTCTTAGCGCTACGAT,0,2224327
marRp,0.2,4,4,CGGTAGACAGCGCTTCAACA,0,2237260
marRp,0.2,4,4,CGGTAATGGAACTCAAGGTA,0,2227044
marRp,0.2,4,4,CGGGTTCCAAGATACTAGGT,0,2259037
marRp,0.2,4,4,CGGGGTGCGCCGAAGGCTCC,0,2223767
marRp,0.2,4,4,CGGCGGGTGTAACACGAGGA,0,2247253
marRp,0.2,4,4,CGGCCAGCATGTTTCCGTGG,0,2219353
marRp,0.2,4,4,CGGCAAACCTGACTCGCCTT,0,2223705
marRp,0.2,4,4,CGGAGCCGATATCTTGTCAC,0,2227186
marRp,0.2,4,4,CGGAATAGAGTCTTTGTTAT,0,2254855
marRp,0.2,4,4,CGCTTGAAGCTGAACCGAAG,0,2249826
marRp,0.2,4,4,CGCTCTTGTAGTATTTTTCA,0,2225558
marRp,0.2,4,4,CGCTCTCCAACGGTTCATGA,0,2224968
marRp,0.2,4,4,CGCTCAGGTTCTGGTGGGAG,0,2248935
marRp,0.2,4,4,CGCGTTACTTAGCATCGGTG,0,2251331
marRp,0.2,4,4,CGCGTCTCGTTAACGGCAAA,0,2258881
marRp,0.2,4,4,CGCGTATTGCCCGTCCTGTT,0,2250613
marRp,0.2,4,4,CGCGTAGGTGAACGTCACAT,0,2235619
marRp,0.2,4,4,CGCGCGGCATTTATTATGCC,0,2235188
marRp,0.2,4,4,CGCGCGCCATAATGCGAGGT,0,2245807
marRp,0.2,4,4,CGATGTGACATAACGTGGGA,0,2240691
marRp,0.2,4,4,CGATCGCAAAGGGATGTTTC,0,2231219
marRp,0.2,4,4,CGAGTGATAGTAATGGGAAA,0,2255653
marRp,0.2,4,4,CGAGTCAACCAGTATGACAA,0,2230906
marRp,0.2,4,4,CGAGCACAGGCCTTGCAAAA,0,2221991
marRp,0.2,4,4,CGACTTGCTGAAAGGCTCGT,0,2225732
marRp,0.2,4,4,CGACTGGTGGTAAACTCGTA,0,2238700
marRp,0.2,4,4,CGACGGATATATTCGATGCT,0,2250891
marRp,0.2,4,4,CGACCACAACGCCGGTCGTT,0,2231196
marRp,0.2,4,4,CGACAGGGTGTCCCGTTTAA,0,2234992
marRp,0.2,4,4,CGACACTACTTCCCGATGCC,0,2223477
marRp,0.2,4,4,CGACACCCGGTGGTTGCTCG,0,2218306
marRp,0.2,4,4,CGAATCCATTAGGCTCTAGA,0,2235582
marRp,0.2,4,4,CGAAGTGGTCAGGCACCCAT,0,2251737
marRp,0.2,4,4,CGAAAGGCTTGCGAAGAGCT,0,2227347
marRp,0.2,4,4,CCTTAATGACCTAGTGCTAT,0,2260079
marRp,0.2,4,4,CCTCTCGGGTAGCTACCCTG,0,2240154
marRp,0.2,4,4,CCTCTCGCAATTGCGATGCG,0,2236735
marRp,0.2,4,4,CCTCGGGAATCCGGCACGTG,0,2241855
marRp,0.2,4,4,CCTCGAGGCTGTCTCTCCCC,0,2243945
marRp,0.2,4,4,CCTCGAGCGCCGCGTGGAAG,0,2228604
marRp,0.2,4,4,CCTCGAATGCCTTGTCTTAT,0,2245393
marRp,0.2,4,4,CCTATCACAAACCGAGTTTG,0,2225720
marRp,0.2,4,4,CCTAGGGATGTTCGGCACGT,0,2256759
marRp,0.2,4,4,CCTAGAGCATACCCAGCGAG,0,2247437
marRp,0.2,4,4,CCGTATGTCCAATTCTCTCA,0,2218545
marRp,0.2,4,4,CCGGCGGGGTACCCCTCGAT,0,2230040
marRp,0.2,4,4,CCGGAGCGTTTTGTCGCGTG,0,2222276
marRp,0.2,4,4,CCGGAACGCCTGGTTCTAAG,0,2242139
marRp,0.2,4,4,CCGGAAATCGATATTACAGC,0,2260943
marRp,0.2,4,4,CCGCGGGCTTTCGTTGGGAG,0,2248832
marRp,0.2,4,4,CCGCGGGATGTCTTTATAGA,0,2249676
marRp,0.2,4,4,CCGCGATTGGGTCTTTATGC,0,2234184
marRp,0.2,4,4,CCGCATGCGCCTCTCCGTAT,0,2253771
marRp,0.2,4,4,CCCTCACCAAGAGATGAAAT,0,2232439
marRp,0.2,4,4,CCCTATGGTTGCGCTTTAGT,0,2256846
marRp,0.2,4,4,CCCTAGCCAGGTATAGTACG,0,2229338
marRp,0.2,4,4,CCCGTCCGCGAATTTTTAAG,0,2234885
marRp,0.2,4,4,CCCGATTGAAGCCCTCCGTT,0,2237853
marRp,0.2,4,4,CCCGAGAAGATGCGCCGAGC,0,2231658
marRp,0.2,4,4,CCCGAAGTCTTCATCGCCGT,0,2252321
marRp,0.2,4,4,CCCCTTCAACCAGGGCCGGG,0,2230041
marRp,0.2,4,4,CCCCTGACTATGAAGCCCGA,0,2258432
marRp,0.2,4,4,CCCCGACGCACGAGAAGTGG,0,2220461
marRp,0.2,4,4,CCCCCGGACGTTAAAGCGGG,0,2229793
marRp,0.2,4,4,CCCCAACTGGACAGGGTCTT,0,2230324
marRp,0.2,4,4,CCCACACGAATTTCTCTGGC,0,2251312
marRp,0.2,4,4,CCCAAGCTTTAACGTTATCG,0,2232863
marRp,0.2,4,4,CCCAAATTTAACATCAGGAT,0,2224234
marRp,0.2,4,4,CCATGAGATCCAATTGAAAA,0,2256426
marRp,0.2,4,4,CCATACGTTTTCAAATCCAA,0,2229183
marRp,0.2,4,4,CCAGACGGCGCCCAGTGTGA,0,2223491
marRp,0.2,4,4,CCACTTGCTGACATATCCGC,0,2253510
marRp,0.2,4,4,CCACTCACCGGTTGGAAAAT,0,2227436
marRp,0.2,4,4,CCACCCTACACGGGGGGGTA,0,2229285
marRp,0.2,4,4,CCAATCAGTACTCGCGTCAC,0,2258613
marRp,0.2,4,4,CCAATACTTGGGTACAAACA,0,2238783
marRp,0.2,4,4,CCAATACCGCAGTGTAACTG,0,2224912
marRp,0.2,4,4,CCAAGAGTAGCACTGCTAGA,0,2242367
marRp,0.2,4,4,CCAACGCTGCTAGAAGTAAA,0,2236259
marRp,0.2,4,4,CCAACCTGGGATGGAAAATG,0,2249671
marRp,0.2,4,4,CATTGCGTTGACTAGGTCAG,0,2220464
marRp,0.2,4,4,CATTATTACTGGGTAGGGTG,0,2236185
marRp,0.2,4,4,CATTAGTGTGATACCGTATT,0,2241317
marRp,0.2,4,4,CATGGGAATCAGTCTGCCTG,0,2247696
marRp,0.2,4,4,CATCTCATCCGAGTTGGCTA,0,2248763
marRp,0.2,4,4,CATCGTAGATTAGCGCGGCT,0,2235415
marRp,0.2,4,4,CATCCATTATAACTGATAGG,0,2235790
marRp,0.2,4,4,CATCATCACTTGCGTGACAT,0,2236401
marRp,0.2,4,4,CATCACGTAGCATTATTGAC,0,2250409
marRp,0.2,4,4,CATCACACATTAGGATCCTG,0,2229764
marRp,0.2,4,4,CATCAAGGTCCTTATGGATA,0,2243072
marRp,0.2,4,4,CATATGCCGAAGTAGTAGTT,0,2218597
marRp,0.2,4,4,CATATACTGCTGTTTTGAAG,0,2228909
marRp,0.2,4,4,CATAGTCCTCAAATTTGCGC,0,2226208
marRp,0.2,4,4,CAGTTATCCATTTCAATCCA,0,2251428
marRp,0.2,4,4,CAGTCAGGTGTGGAAACCCT,0,2243697
marRp,0.2,4,4,CAGGGCGGACTTCGAAGTAG,0,2258372
marRp,0.2,4,4,CAGGATAATATATGTCAAAA,0,2238778
marRp,0.2,4,4,CAGGACCTCAGGCGAGGGAC,0,2252073
marRp,0.2,4,4,CAGCCCCCCACGCCGGGGTA,0,2233876
marRp,0.2,4,4,CAGCAGGGAGATAAGGCACT,0,2220456
marRp,0.2,4,4,CAGCAAGTTTTAAACATAAC,0,2258661
marRp,0.2,4,4,CAGAGTTTGCCCTAGTGTAA,0,2231644
marRp,0.2,4,4,CAGACGTCGCAGGGTATACA,0,2232530
marRp,0.2,4,4,CAGAATTCTCGTGGACACAC,0,2221670
marRp,0.2,4,4,CAGAACAATGAGTATTCATT,0,2252970
marRp,0.2,4,4,CACTGGCAGGTACCTACTTT,0,2236260
marRp,0.2,4,4,CACTAGGCCCTTGCAGTCCA,0,2244095
marRp,0.2,4,4,CACGTCCCGCTTGAACTAGG,0,2254953
marRp,0.2,4,4,CACGTAGGGGCGAAAAACGG,0,2258769
marRp,0.2,4,4,CACGGCCGCATTATGGCGTA,0,2238410
marRp,0.2,4,4,CACGCTATCGTATTCACTAA,0,2225753
marRp,0.2,4,4,CACGCGTGCAAGGTTGTCCT,0,2245842
marRp,0.2,4,4,CACCGAGTCGTCTAACGTAG,0,2253819
marRp,0.2,4,4,CACAGTACTCACCCGTGCGG,0,2220336
marRp,0.2,4,4,CACACCAGCACGTCGCTTTG,0,2231518
marRp,0.2,4,4,CACACCACACCTCTTTATCA,0,2256758
marRp,0.2,4,4,CACAAAAATTCGGTGAAATA,0,2249417
marRp,0.2,4,4,CAATCCGGGAGACCTAGCGG,0,2252364
marRp,0.2,4,4,CAATCCCAATTTCAGGGCAT,0,2219908
marRp,0.2,4,4,CAAGGAGTCAACCGCAGAAT,0,2243635
marRp,0.2,4,4,CAAGCCAGATACCTCATGTA,0,2220887
marRp,0.2,4,4,CAAGATATGTGTCTTATTTG,0,2221453
marRp,0.2,4,4,CAACGCCGGAGCATCCCCGC,0,2245905
marRp,0.2,4,4,CAACCTGTGCCACCTTGATC,0,2244509
marRp,0.2,4,4,CAACCCTGTTGATTGTTTAA,0,2247822
marRp,0.2,4,4,CAAATTGGTAACATCCGCCG,0,2217981
marRp,0.2,4,4,CAAACTCGGGACAGGATAGC,0,2237037
marRp,0.2,4,4,ATTTTCTGGAATGAGCGATG,0,2253681
marRp,0.2,4,4,ATTTGATCAGTCGGGAGTCT,0,2238377
marRp,0.2,4,4,ATTTGAAGTCTCTTGACGGT,0,2239410
marRp,0.2,4,4,ATTTCGCTACCGTACTATCC,0,2222662
marRp,0.2,4,4,ATTTCCTCGTGGGCTGTTTG,0,2239596
marRp,0.2,4,4,ATTGTGGCCCCGCTTTGATT,0,2225235
marRp,0.2,4,4,ATTGTCCCAACGGCGCATGC,0,2220167
marRp,0.2,4,4,ATTGTACTGGCTGGCTCTAT,0,2230780
marRp,0.2,4,4,ATTGGCGCGACCATCGATTG,0,2244318
marRp,0.2,4,4,ATTGAGTTTTCATCAGGTGT,0,2251457
marRp,0.2,4,4,ATTCTGAAAACCCAATGAAA,0,2245916
marRp,0.2,4,4,ATTCTAGTTCTCTCGTCGTC,0,2232642
marRp,0.2,4,4,ATTAGTCTATAGGATCGGCG,0,2219075
marRp,0.2,4,4,ATTAGCAGAAAAGGCTTAAT,0,2247527
marRp,0.2,4,4,ATTAATGATTTGCTAATTTC,0,2248626
marRp,0.2,4,4,ATGTTACATCTGCGACTCAG,0,2222409
marRp,0.2,4,4,ATGTGTGAGAAAACCCCGTG,0,2257002
marRp,0.2,4,4,ATGGGCTAGAACTACGCAAC,0,2256643
marRp,0.2,4,4,ATGGGATGACGGGGGGAGCT,0,2245900
marRp,0.2,4,4,ATGGCGGCAAGTGTCAAGGG,0,2229077
marRp,0.2,4,4,ATGGCAAAAGACATGTGTGA,0,2219728
marRp,0.2,4,4,ATGGAGGCCATCCCGAAAAC,0,2237464
marRp,0.2,4,4,ATGCGTAGCTACGGTGTGTT,0,2261078
marRp,0.2,4,4,ATGCGCTTCCTAGGTAGAGC,0,2244162
marRp,0.2,4,4,ATGCGCTACACGGGTCTCGT,0,2239755
marRp,0.2,4,4,ATGAATAAGATCGCGTGTCC,0,2228102
marRp,0.2,4,4,ATGAAGGTAACTCGGTTAAT,0,2247869
marRp,0.2,4,4,ATGAACGGGACTGCCTGGTA,0,2226904
marRp,0.2,4,4,ATCGTCCTTTGAAAGCGTAG,0,2253385
marRp,0.2,4,4,ATCGCACCGTGTACCCAGTC,0,2242849
marRp,0.2,4,4,ATCGACCGACATCACGTATT,0,2252453
marRp,0.2,4,4,ATCCGTTGTATGAGTGAATA,0,2237938
marRp,0.2,4,4,ATCCGGGCGGCATTCTATCC,0,2229301
marRp,0.2,4,4,ATCCGCAATTTTGTCGTCTA,0,2256446
marRp,0.2,4,4,ATCCGAGTCCGTGGAACCAG,0,2246417
marRp,0.2,4,4,ATCCCGCTGGTTGGAGACTG,0,2250432
marRp,0.2,4,4,ATCATGCATGCGGAGCCCGC,0,2239550
marRp,0.2,4,4,ATCAGTTGTGGGCGGCCTGA,0,2226216
marRp,0.2,4,4,ATCACGGTGAGCCGATGGAG,0,2259910
marRp,0.2,4,4,ATCACCTAGATATAGGTAGA,0,2235166
marRp,0.2,4,4,ATCAAGGGCATGAAAAACGT,0,2258194
marRp,0.2,4,4,ATCAACCGCTTTACCCCTAG,0,2243394
marRp,0.2,4,4,ATATTGGGTTAGGTAGCCTT,0,2255087
marRp,0.2,4,4,ATATGCTAACTGGTAATCCA,0,2218045
marRp,0.2,4,4,ATATGAGTTCACGAGAAAAG,0,2255037
marRp,0.2,4,4,ATATCCTTCCTTGTACAAAT,0,2222444
marRp,0.2,4,4,ATATAAGATCACGAGATCGA,0,2247750
marRp,0.2,4,4,ATAGGCCAGCACTCTGTTCT,0,2242493
marRp,0.2,4,4,ATAGCTCTGATAAACGAAGA,0,2247308
marRp,0.2,4,4,ATAGCTCCAAAGCGTCGCTC,0,2239486
marRp,0.2,4,4,ATACGGCGTCGGGCTCTTAG,0,2230062
marRp,0.2,4,4,ATACGAAACGACAGATCGAC,0,2249788
marRp,0.2,4,4,ATACCGGCGTGTCTTAGGGG,0,2256069
marRp,0.2,4,4,ATACCAGAGTCTGATGCCAG,0,2234947
marRp,0.2,4,4,ATACCAAAACCTTGGAATTC,0,2252808
marRp,0.2,4,4,ATACAAGTCATTAGACCGGG,0,2257958
marRp,0.2,4,4,ATAATTGACCTGTGGGTGGG,0,2244940
marRp,0.2,4,4,ATAAGTTTCTATACCTAGAT,0,2228613
marRp,0.2,4,4,ATAAGTTAATCGTCGTGATT,0,2224734
marRp,0.2,4,4,ATAAGGGACCAGATACCGGG,0,2229844
marRp,0.2,4,4,AGTTTTAGTAAAACTGAAGA,0,2226261
marRp,0.2,4,4,AGTTTCGCCAACCAGTCCAC,0,2218819
marRp,0.2,4,4,AGTTTAAAGCCTCCCAAATA,0,2234405
marRp,0.2,4,4,AGTTGGAGAGCGGCCAAGCC,0,2254470
marRp,0.2,4,4,AGTTGCTACGCATTGTGCCT,0,2239290
marRp,0.2,4,4,AGTTGAGTTAGAGCATTCAA,0,2257751
marRp,0.2,4,4,AGTTGAGCGGGTGATCAGAG,0,2229330
marRp,0.2,4,4,AGTTCCATTAATATTAATTT,0,2241812
marRp,0.2,4,4,AGTGTTTACCCAGGTTCGTA,0,2226140
marRp,0.2,4,4,AGTGTGCATAATTAGGGTAC,0,2221638
marRp,0.2,4,4,AGTGAGGCTTGTGTAGAATT,0,2252495
marRp,0.2,4,4,AGTCTCGTGGAAAGCAAGTG,0,2249568
marRp,0.2,4,4,AGTCGTCTGCCGCGAAGAAA,0,2248576
marRp,0.2,4,4,AGTCAAGCCGGCCTACAGTA,0,2259366
marRp,0.2,4,4,AGTATGAAGGGTTGACGTCA,0,2219484
marRp,0.2,4,4,AGTAGGCCTCTCTGATGGAC,0,2239927
marRp,0.2,4,4,AGTAGAATTCCCTGTCAACG,0,2259520
marRp,0.2,4,4,AGTAAGTCGCTAAATGGCTG,0,2246540
marRp,0.2,4,4,AGGTTCATTTCAGAACCTGT,0,2258262
marRp,0.2,4,4,AGGTGTGATACCCGGGTGAT,0,2238871
marRp,0.2,4,4,AGGTCTCTGCCTCTTGCAAC,0,2248554
marRp,0.2,4,4,AGGGTCCTAGGGCTTTTCGT,0,2230971
marRp,0.2,4,4,AGGGATGTCTTAACGAGCCA,0,2224206
marRp,0.2,4,4,AGGGACGCTTCAATAGCTAG,0,2258232
marRp,0.2,4,4,AGGGACATACAAAATCACTA,0,2229157
marRp,0.2,4,4,AGGGAATTCCGCGACATCAG,0,2234585
marRp,0.2,4,4,AGGCTTTGCTAGAATCAACG,0,2238858
marRp,0.2,4,4,AGGCTGCCTGGTACGTGAAC,0,2252512
marRp,0.2,4,4,AGGCTAATTTTACGTTAGCC,0,2241950
marRp,0.2,4,4,AGGCGTCCCGCGCCTGAATG,0,2232287
marRp,0.2,4,4,AGGCGGTCTCGCGCGCAATT,0,2222616
marRp,0.2,4,4,AGGCGGCTATCCTTTAAAGA,0,2246450
marRp,0.2,4,4,AGGCGCCTACTAGGTTTCAA,0,2233570
marRp,0.2,4,4,AGGCGAGGGGGTACAGTCAT,0,2228769
marRp,0.2,4,4,AGGCCTGTACGTGCATAAAA,0,2220333
marRp,0.2,4,4,AGGCATTCCCGCATACGCGG,0,2229925
marRp,0.2,4,4,AGGAGTAGTTATATATGTTT,0,2227487
marRp,0.2,4,4,AGGAGGCTTAACATACAAGG,0,2252491
marRp,0.2,4,4,AGGACCTCATCACACACGCT,0,2240571
marRp,0.2,4,4,AGGAAATGGTGTGAAGAGTA,0,2256999
marRp,0.2,4,4,AGCTGATCTAGTAATCATAC,0,2219981
marRp,0.2,4,4,AGCTCGTCGCCGTACCGGCA,0,2250461
marRp,0.2,4,4,AGCTCGCCACAGGAACGTAC,0,2227580
marRp,0.2,4,4,AGCTCCCTGGACAAAAAGTC,0,2219274
marRp,0.2,4,4,AGCTCCAGTATGCTTGTTAG,0,2240517
marRp,0.2,4,4,AGCTCAGTGGACCGTCAGAC,0,2249430
marRp,0.2,4,4,AGCTATCTGGAAGGCTAGCT,0,2253753
marRp,0.2,4,4,AGCTATACCCCACTATACGA,0,2236930
marRp,0.2,4,4,AGCTACTAAGGGTTACTATC,0,2240050
marRp,0.2,4,4,AGCGTGCTCGTGCAGCAGAC,0,2253869
marRp,0.2,4,4,AGCGGCAATTCATTTAAGTT,0,2236812
marRp,0.2,4,4,AGCGGACAGAAAACGTTTTG,0,2235379
marRp,0.2,4,4,AGCGCACTTACGGCGTTTAA,0,2222698
marRp,0.2,4,4,AGCCGACTCTAAGTTATATC,0,2227849
marRp,0.2,4,4,AGCCATGCGTGCTATGTCCG,0,2237839
marRp,0.2,4,4,AGCAGAAGTAGCAATTCATT,0,2259861
marRp,0.2,4,4,AGCAAGGACTATGCCGGTAA,0,2259897
marRp,0.2,4,4,AGATGCCACCTGCGCAGAGG,0,2259881
marRp,0.2,4,4,AGATAACGTTCTTAGTTGAT,0,2241237
marRp,0.2,4,4,AGAGTCTTCAGGGCATGTCT,0,2227346
marRp,0.2,4,4,AGAGGTGGTCATACGGGTGG,0,2250371
marRp,0.2,4,4,AGAGGTGGAGCAGTGTGGTG,0,2237466
marRp,0.2,4,4,AGAGCGTCTTATGGGCAACC,0,2251959
marRp,0.2,4,4,AGAGCGTCATCGAGGATCTA,0,2253498
marRp,0.2,4,4,AGACGCTCGTGAACCTCCAC,0,2224335
marRp,0.2,4,4,AGACGCCAAACAAATAGAAA,0,2258777
marRp,0.2,4,4,AGACGCACGGGGTTAAGCAT,0,2221110
marRp,0.2,4,4,AGACAAATGCATGGAGTGAT,0,2255071
marRp,0.2,4,4,AGAACGGATGGTTTGTCAGT,0,2248765
marRp,0.2,4,4,AGAACACACATCTTTTCCGG,0,2251489
marRp,0.2,4,4,ACTTGTTTTGTATTGGAGGA,0,2225634
marRp,0.2,4,4,ACTTGCGACAGTGGTGGCAA,0,2228555
marRp,0.2,4,4,ACTTACTGATGGCAGTAAAG,0,2248717
marRp,0.2,4,4,ACTCTAGAGTCATCCGCCAT,0,2229295
marRp,0.2,4,4,ACTCGTGTTGATGGGCCGAT,0,2249503
marRp,0.2,4,4,ACTCCCACTTAAGCTGCGCG,0,2257527
marRp,0.2,4,4,ACTCATATCCGCTTTCCTCA,0,2226387
marRp,0.2,4,4,ACTCATAGGGTTATGACGGT,0,2253011
marRp,0.2,4,4,ACTAACAACGTCCTACCGGA,0,2254144
marRp,0.2,4,4,ACGTTTTACGGGATATAAGC,0,2241890
marRp,0.2,4,4,ACGTCTCTCCGAGGCACAAA,0,2237458
marRp,0.2,4,4,ACGTATATGGGACTCTAGTG,0,2228212
marRp,0.2,4,4,ACGTATAATACACGAACGAT,0,2218458
marRp,0.2,4,4,ACGTAATGCAAGCGATCTTG,0,2232705
marRp,0.2,4,4,ACGGTCATGGGTCACTTGTG,0,2232018
marRp,0.2,4,4,ACGGCTTTCCAAACGTCCGC,0,2241995
marRp,0.2,4,4,ACGGACGGTAATGAACACTA,0,2259852
marRp,0.2,4,4,ACGGAATAGGGTGTAGTTTA,0,2245541
marRp,0.2,4,4,ACGCGTTACTCGATACTATT,0,2240946
marRp,0.2,4,4,ACGCGCCTGATGTAATGAAT,0,2242260
marRp,0.2,4,4,ACGAGTGGAGACTCCGGATT,0,2245407
marRp,0.2,4,4,ACCTTACGGCACTGCATGAG,0,2254610
marRp,0.2,4,4,ACCTGCGAGCGTCACGGCCC,0,2223609
marRp,0.2,4,4,ACCTACTATTGAGGGGATGG,0,2229009
marRp,0.2,4,4,ACCGTCAAAACCTCTAGAGT,0,2242535
marRp,0.2,4,4,ACCGGTTTACAGCTCCGTCT,0,2221741
marRp,0.2,4,4,ACCGCCTGAAGTGGGCTGCT,0,2246028
marRp,0.2,4,4,ACCCTTTGCGGGGAAATTTT,0,2252723
marRp,0.2,4,4,ACCCGATGGAATATGTGTTG,0,2223658
marRp,0.2,4,4,ACCCCGTCACAGTCGCATTA,0,2246083
marRp,0.2,4,4,ACCAAGGACTCCAGCAAGAC,0,2254905
marRp,0.2,4,4,ACCAACTCGATGAGAAGAGC,0,2259285
marRp,0.2,4,4,ACATTCCGGAAGAGCGGGCA,0,2224057
marRp,0.2,4,4,ACAGCGGACTCTACGTCGTG,0,2224904
marRp,0.2,4,4,ACAGCAATAACGTGGTTCAG,0,2241629
marRp,0.2,4,4,ACAGAGCAAATCCGCCGTGC,0,2223343
marRp,0.2,4,4,ACAGACTGGTCATAAAGGGC,0,2251028
marRp,0.2,4,4,ACACTTACTTGGACGGTGTC,0,2223083
marRp,0.2,4,4,ACACCACGAGGATCAGCCGG,0,2248445
marRp,0.2,4,4,ACACATGGCGACTTAAACGA,0,2243574
marRp,0.2,4,4,ACAAAGTGCGTGTAATTATT,0,2241179
marRp,0.2,4,4,AATTTACTAGACCTTGAAGC,0,2254866
marRp,0.2,4,4,AATTGCGCGAGTAGATGGGA,0,2234649
marRp,0.2,4,4,AATGTAGTCGATGCTATTTT,0,2223239
marRp,0.2,4,4,AATGGAGCCTTTTATTGCCA,0,2254101
marRp,0.2,4,4,AATCCCCCGAACGTAGTAAA,0,2227130
marRp,0.2,4,4,AATCAAGATGCCGACTTAAG,0,2238210
marRp,0.2,4,4,AATATTCGTTTTAACTCGTA,0,2221929
marRp,0.2,4,4,AATAGATCCCCTTTGGAGAG,0,2252071
marRp,0.2,4,4,AATAGACTCAACCCTGGTCC,0,2228668
marRp,0.2,4,4,AATACGTATTGCGTTCCCAA,0,2230753
marRp,0.2,4,4,AAGTGGAAGCGTGTGAGGGG,0,2256063
marRp,0.2,4,4,AAGTCATGTTTCTGGGCAAC,0,2221140
marRp,0.2,4,4,AAGTAAAGTTCAGGCCACTG,0,2260904
marRp,0.2,4,4,AAGGCTTGCGAAACTGGGGC,0,2247060
marRp,0.2,4,4,AAGGATAGTGGATGTTGAGC,0,2230746
marRp,0.2,4,4,AAGGAAAATGGGTGCTCGTC,0,2254329
marRp,0.2,4,4,AAGCTTTCCCCGAGTTCAGT,0,2253130
marRp,0.2,4,4,AAGCTCGGGTAAAAAGCATT,0,2220833
marRp,0.2,4,4,AAGCGAACGTGAGGCAACCA,0,2224546
marRp,0.2,4,4,AAGATCCTGAATCCCCGGGG,0,2249524
marRp,0.2,4,4,AAGACGGATAGAATTTGATG,0,2238645
marRp,0.2,4,4,AAGACGCTGTGGGGAGGTTC,0,2235566
marRp,0.2,4,4,AAGAATCTCGATCTTAGCAG,0,2255520
marRp,0.2,4,4,AACTAAAATATGATGATAGA,0,2223615
marRp,0.2,4,4,AACGTTTTAACCACCTAGAT,0,2251548
marRp,0.2,4,4,AACGTGGGGACATAGCCCAT,0,2249732
marRp,0.2,4,4,AACGGTGCAGTAAACCCAGA,0,2257248
marRp,0.2,4,4,AACGGGTTGGGGATATCCGG,0,2253880
marRp,0.2,4,4,AACGGCTCTGAGCAAATTAT,0,2221595
marRp,0.2,4,4,AACGCTACGGTTCCAGGATC,0,2225811
marRp,0.2,4,4,AACGCGGGCCGCCCGCCACT,0,2234020
marRp,0.2,4,4,AACGAGAAGCCTTCCCGATA,0,2244930
marRp,0.2,4,4,AACGAACCGCGCGCGTGTTT,0,2230060
marRp,0.2,4,4,AACCGCCAGTCAGAATCATA,0,2242908
marRp,0.2,4,4,AACCAGATTACTCAAGGGGA,0,2250109
marRp,0.2,4,4,AACATTTCTTCGTAAAGCTC,0,2253214
marRp,0.2,4,4,AACAGGCGACGCTAGTAATC,0,2229930
marRp,0.2,4,4,AACACCAACGTCCGGTATCA,0,2235388
marRp,0.2,4,4,AACAAATTTGCTTAGCACGG,0,2239811
marRp,0.2,4,4,AAATCGGTGTTACGCTTGAC,0,2247537
marRp,0.2,4,4,AAATCGATTGAATTTCGACC,0,2244037
marRp,0.2,4,4,AAATAAGATGAAGACGGTTG,0,2229150
marRp,0.2,4,4,AAAGTTGTCTTGCAGATATC,0,2235293
marRp,0.2,4,4,AAAGTCGTCTCAGGACTCCT,0,2224633
marRp,0.2,4,4,AAACGTGTACCTCTGACTCT,0,2243874
marRp,0.2,4,4,AAACAAGGACTGGCTGAGAC,0,2258779
marRp,0.2,4,4,AAAAGTAAGGGTCAGCCAGT,0,2252672
marRp,0.2,4,4,AAAAGCAACCGGAACCAAGT,0,2238801
marRp,0.2,4,4,AAAAAGTTCGGGAGTACCGT,0,2232778
marRp,0.25,3,3,TTTTAGAGATTCTAAAGAAT,0,2260000
marRp,0.25,3,3,TTTTAAACTTCTTAGTTGTG,0,2229859
marRp,0.25,3,3,TTTGTCACTGGGGTTGATTA,0,2243818
marRp,0.25,3,3,TTTGCTAAACTATAACATCA,0,2222437
marRp,0.25,3,3,TTTGCGTTAGCTCCGGCATC,0,2225155
marRp,0.25,3,3,TTTGAGCCCAGTGACGCCAC,0,2227511
marRp,0.25,3,3,TTTGACCCCCTAGCCAGCGG,0,2226455
marRp,0.25,3,3,TTTCTCGGAATTGGGCAGCG,0,2218824
marRp,0.25,3,3,TTTCCTGGCTGATGCGGGTG,0,2236797
marRp,0.25,3,3,TTTCAAGACCTAAAGCAACT,0,2249840
marRp,0.25,3,3,TTTATACTACCAAGGGGGGG,0,2222285
marRp,0.25,3,3,TTTATACGCGTCTCTCCAGG,0,2256882
marRp,0.25,3,3,TTTATAAGATGATCCCAACT,0,2227964
marRp,0.25,3,3,TTTACATTGCTACTGAGCTA,0,2259497
marRp,0.25,3,3,TTGTTATGCACGAGGACGCC,0,2230784
marRp,0.25,3,3,TTGTTACACTTCTAAGTAGT,0,2239893
marRp,0.25,3,3,TTGTGGGTTTGACAGCAATC,0,2218120
marRp,0.25,3,3,TTGTGCTATACTTTCAGGCA,0,2219774
marRp,0.25,3,3,TTGTCTGTTAGGCACGTAAT,0,2246996
marRp,0.25,3,3,TTGTATATCTTTCGAAACAG,0,2232471
marRp,0.25,3,3,TTGGGTCACCTTGGTAGCGT,0,2241660
marRp,0.25,3,3,TTGGGGGATGGTGCGGGGTG,0,2248264
marRp,0.25,3,3,TTGGCAAATAGTGGTAGCCT,0,2227463
marRp,0.25,3,3,TTGCTAATTGGTGAAAGTCA,0,2242906
marRp,0.25,3,3,TTGCGTTTGAGTTAGAAGGG,0,2231979
marRp,0.25,3,3,TTGCGTTGAAATCACAGGGT,0,2244245
marRp,0.25,3,3,TTGCCACCGGCACTGGCGAC,0,2238390
marRp,0.25,3,3,TTGCAGAGGACTTTACAAGC,0,2227847
marRp,0.25,3,3,TTGATTATACGCATCCCATT,0,2249829
marRp,0.25,3,3,TTGATAAAGCGTTAGGAGAG,0,2231126
marRp,0.25,3,3,TTGACTCTTTTGCTAATTGC,0,2234043
marRp,0.25,3,3,TTGAATAGCCTGTACTATAA,0,2229935
marRp,0.25,3,3,TTGAATACCACAACTCAATG,0,2218687
marRp,0.25,3,3,TTGAAACAAAGCACGGCAGA,0,2244448
marRp,0.25,3,3,TTCTCCCATTGGGCTAATAT,0,2251739
marRp,0.25,3,3,TTCTACTGCTCTGTAGTCAC,0,2237681
marRp,0.25,3,3,TTCTAAATTCACTCCTAGGC,0,2238957
marRp,0.25,3,3,TTCGTCATAATCACAAATTC,0,2225764
marRp,0.25,3,3,TTCGGGACGACTACCTCACT,0,2243598
marRp,0.25,3,3,TTCGAATGAGCGGTATGGGG,0,2225029
marRp,0.25,3,3,TTCATAATGCAAATTGACGT,0,2225013
marRp,0.25,3,3,TTCAGACGTAATTAAACGTC,0,2222000
marRp,0.25,3,3,TTCACATTAACTCTCGTGTA,0,2235459
marRp,0.25,3,3,TTATTATCCCTAAAAAATTT,0,2247774
marRp,0.25,3,3,TTATGGAATGGCATAAGCTC,0,2248490
marRp,0.25,3,3,TTATGCTTCCGCAGGTTCAA,0,2233209
marRp,0.25,3,3,TTATGATAGCTGATGGCCTG,0,2257147
marRp,0.25,3,3,TTATCTTTGGGACAAAATTT,0,2222715
marRp,0.25,3,3,TTATAAAGAGACCTGACGGT,0,2230976
marRp,0.25,3,3,TTACTTCGTAGCCCGCCGTG,0,2243946
marRp,0.25,3,3,TTACGTCACATATACAGTCA,0,2246999
marRp,0.25,3,3,TTACGGTGCCCCGGCACCAG,0,2260889
marRp,0.25,3,3,TTACGACTACGGATCATACG,0,2257414
marRp,0.25,3,3,TTACATAGGAAAGGCTCGGA,0,2237661
marRp,0.25,3,3,TTAAGACGTCCGATCCTATC,0,2241957
marRp,0.25,3,3,TTAACGTGAGCCACACTCTG,0,2258049
marRp,0.25,3,3,TTAACGTATTTCAGCTGCTC,0,2248249
marRp,0.25,3,3,TTAACGCAGGAAGTCTGTAT,0,2246145
marRp,0.25,3,3,TTAAAGGTACTCAACATGAT,0,2254231
marRp,0.25,3,3,TGTTGACGTGCGGGGTGCTC,0,2247583
marRp,0.25,3,3,TGTTCACTTGTAAATGACGG,0,2230464
marRp,0.25,3,3,TGTTATTCATTCGAGGTAAA,0,2250775
marRp,0.25,3,3,TGTTATGGGGACATCGCCTC,0,2245334
marRp,0.25,3,3,TGTTACTCCGAGGAATTCAG,0,2222847
marRp,0.25,3,3,TGTGTGAGCGGAGCAGCTAG,0,2250017
marRp,0.25,3,3,TGTGTAATGTGGGGTTCCCC,0,2222608
marRp,0.25,3,3,TGTGGTGGGAAACGAACGCC,0,2228153
marRp,0.25,3,3,TGTGGTCAGGCTGCTGACAT,0,2248083
marRp,0.25,3,3,TGTGGGTGTAGCCCGGCGAC,0,2242018
marRp,0.25,3,3,TGTGCTGATGTTGTTGTGGC,0,2255120
marRp,0.25,3,3,TGTGCGAGGACATAAGTGAT,0,2221977
marRp,0.25,3,3,TGTGAATTTTTGGGTCATTT,0,2260303
marRp,0.25,3,3,TGTCTCAATATTCTTGATGC,0,2219168
marRp,0.25,3,3,TGTCGGACTAAACGGAGCGG,0,2252210
marRp,0.25,3,3,TGTCGCCCCCATTCTAACCG,0,2251758
marRp,0.25,3,3,TGTCCTCGGCCAGGAACTCC,0,2258343
marRp,0.25,3,3,TGTCCTAGATTCATACCTTA,0,2239621
marRp,0.25,3,3,TGTCAGGATGCCAGATGGCA,0,2217793
marRp,0.25,3,3,TGTAGTGATGTGTATGGAGT,0,2223228
marRp,0.25,3,3,TGTAGGTCCAGAAGGAACGA,0,2223461
marRp,0.25,3,3,TGTAGAGTGACGAGGCAGGG,0,2233543
marRp,0.25,3,3,TGTACGGGCGACGTCGGGTC,0,2244264
marRp,0.25,3,3,TGTAACTTTTTCGTTAGACA,0,2233041
marRp,0.25,3,3,TGTAAATGACGTATTACATA,0,2256966
marRp,0.25,3,3,TGGTTGTACGTACGGGCCTA,0,2259276
marRp,0.25,3,3,TGGTTAATACGCGCTGGTAC,0,2237758
marRp,0.25,3,3,TGGTTAAGGCTACAGAATGT,0,2246348
marRp,0.25,3,3,TGGTGGCGGTCGTACCTTAT,0,2217952
marRp,0.25,3,3,TGGTCGTTGCAGATTAAGGG,0,2248035
marRp,0.25,3,3,TGGTCCACAGTATCGTTGCC,0,2227543
marRp,0.25,3,3,TGGGGTACGTTGAAGATCAC,0,2227292
marRp,0.25,3,3,TGGGGGGGCTAGTGGCGAGG,0,2229166
marRp,0.25,3,3,TGGGAGGAAACCCGCTCCAC,0,2233529
marRp,0.25,3,3,TGGGAATCTAGACTGCCTAA,0,2257923
marRp,0.25,3,3,TGGCGTCTTTAGCCCATAGA,0,2259913
marRp,0.25,3,3,TGGCGGGACTAGGTCGGGCT,0,2249325
marRp,0.25,3,3,TGGCGCAAAATAAACTTTCA,0,2245408
marRp,0.25,3,3,TGGCGATATACCGTAGCGGC,0,2223037
marRp,0.25,3,3,TGGCAACTCCGAGGTTCATC,0,2223564
marRp,0.25,3,3,TGGATTTGGGCTGGATAAAA,0,2236434
marRp,0.25,3,3,TGGATTGAGGGAAATCACCC,0,2256544
marRp,0.25,3,3,TGGATGAAGCCGGATTCGGA,0,2254456
marRp,0.25,3,3,TGGATCATTAGGCTGAAAAT,0,2231692
marRp,0.25,3,3,TGGATAAGGGGACATCGTTT,0,2230786
marRp,0.25,3,3,TGGACTGGGATAGAGTAAAC,0,2229335
marRp,0.25,3,3,TGGACAGAACCCCGAAGACT,0,2245285
marRp,0.25,3,3,TGGAACGGTTCGTTGTTTGG,0,2237800
marRp,0.25,3,3,TGCTTGATTGGGGCATGATA,0,2244775
marRp,0.25,3,3,TGCTTAAATACAATGCATGT,0,2256613
marRp,0.25,3,3,TGCTGCCCAATCGTCTACCA,0,2256848
marRp,0.25,3,3,TGCTCGGTAGGTCCAATAAT,0,2256083
marRp,0.25,3,3,TGCTCCATGAAATTGCTGGA,0,2224974
marRp,0.25,3,3,TGCGTGTGGTTGTACTGCGT,0,2258483
marRp,0.25,3,3,TGCGTCTAAAGATTTATCGT,0,2251444
marRp,0.25,3,3,TGCCGTGGAAGCTGGGAACT,0,2221447
marRp,0.25,3,3,TGCCGGAAGGAAACGTACGA,0,2250301
marRp,0.25,3,3,TGCCGATAAACTGGTAACAC,0,2226048
marRp,0.25,3,3,TGCCAGGAGCGGACAAAGGC,0,2234183
marRp,0.25,3,3,TGCATAAGCACAATTGCGTA,0,2225658
marRp,0.25,3,3,TGCAGGCAGGGTAAACACCT,0,2218507
marRp,0.25,3,3,TGCAGCAGTCTGAGTTAGAA,0,2252337
marRp,0.25,3,3,TGATTGGAGTTAAATTTCAG,0,2233021
marRp,0.25,3,3,TGATATTCCTGGCTCTCTGT,0,2220373
marRp,0.25,3,3,TGATAGGGTTGCCGTTCCTG,0,2242799
marRp,0.25,3,3,TGATACGGGCTTTGCAAAAA,0,2229050
marRp,0.25,3,3,TGATACGCGACTGAGCGTAA,0,2233975
marRp,0.25,3,3,TGAGGTGACAACAACATCTT,0,2234860
marRp,0.25,3,3,TGAGGATATGGTGGTAAGTG,0,2228737
marRp,0.25,3,3,TGAGCATAGCATATCACCTG,0,2228535
marRp,0.25,3,3,TGAGATTAAAAAGTGAAGTA,0,2248722
marRp,0.25,3,3,TGACTCGTCCCAATACCATC,0,2255514
marRp,0.25,3,3,TGACGGGTGGTCTCATCCGG,0,2246750
marRp,0.25,3,3,TGACACAAACATTACTACTC,0,2226980
marRp,0.25,3,3,TGAAGACCACCGATGAAGAC,0,2255686
marRp,0.25,3,3,TGAACAGATATGATAGGTTA,0,2240335
marRp,0.25,3,3,TGAAATGTAGATTCACCAGT,0,2235125
marRp,0.25,3,3,TGAAAGCGGCCACGAGCACT,0,2243037
marRp,0.25,3,3,TCTTGCGCACAGTTCTTGCT,0,2225859
marRp,0.25,3,3,TCTTCTGGGTGCGAATGAGA,0,2246061
marRp,0.25,3,3,TCTTCTATATATTTGCGCTA,0,2247327
marRp,0.25,3,3,TCTTATCTTTATAGGAATCA,0,2231001
marRp,0.25,3,3,TCTGCGAGGGTCTAGGTTGA,0,2256048
marRp,0.25,3,3,TCTGCACGCGGTAGAGTAAT,0,2254630
marRp,0.25,3,3,TCTGATCAGTCAGCAGGTGT,0,2219337
marRp,0.25,3,3,TCTCTGGTTAAGGGTTACAT,0,2220979
marRp,0.25,3,3,TCTCTACTGTGTGCGATTGC,0,2226998
marRp,0.25,3,3,TCTCGACGGCGGACACACGT,0,2260593
marRp,0.25,3,3,TCTCCGTATTCTAGTAAAGG,0,2240739
marRp,0.25,3,3,TCTAGACTGCGCGGATAGCA,0,2227745
marRp,0.25,3,3,TCGTTCCGAAGGGGCTCGGG,0,2241053
marRp,0.25,3,3,TCGTGGACGCATAGACGGGG,0,2226875
marRp,0.25,3,3,TCGTCAGTAATTCAACTTCG,0,2251495
marRp,0.25,3,3,TCGTACGTTTACGTAGAAAC,0,2223315
marRp,0.25,3,3,TCGGTCCTCGGAGGTGCACT,0,2234461
marRp,0.25,3,3,TCGGTAAGGATCTCATTTTA,0,2252677
marRp,0.25,3,3,TCGGGTTTGTTTCGTAATCT,0,2253220
marRp,0.25,3,3,TCGGGTGATAAATCGGAACC,0,2222917
marRp,0.25,3,3,TCGGGGGACGGTGATAGACG,0,2232425
marRp,0.25,3,3,TCGGGACTATCTTGCTCCTA,0,2231106
marRp,0.25,3,3,TCGGCGCGTGCAGCGCGTGG,0,2250328
marRp,0.25,3,3,TCGGATAAGCGCACGGGTGT,0,2229977
marRp,0.25,3,3,TCGCTAGCCGGGAGATAGGC,0,2226893
marRp,0.25,3,3,TCGCGATTGGCCCGGGATCA,0,2251483
marRp,0.25,3,3,TCGCCTGGGTAAGAACCGTA,0,2241367
marRp,0.25,3,3,TCGCATTCCTTGAGTGACTC,0,2237492
marRp,0.25,3,3,TCGCAAAGCGGCTGTGTTCT,0,2247677
marRp,0.25,3,3,TCGAGGCGTAATGTTAAGAC,0,2244176
marRp,0.25,3,3,TCGAGCACCCCAGAAGTCCT,0,2224745
marRp,0.25,3,3,TCGAGAACGCTTTCAGTCCT,0,2218162
marRp,0.25,3,3,TCGACAACGCGCGTTACAGG,0,2247744
marRp,0.25,3,3,TCGAACGTTCCGGGCGGCTC,0,2226341
marRp,0.25,3,3,TCGAACAAAGGTCACTTCAC,0,2254767
marRp,0.25,3,3,TCCTTGAAGGCATGTAATTC,0,2228299
marRp,0.25,3,3,TCCTTATTGCGTGGATAGAC,0,2251706
marRp,0.25,3,3,TCCTGATACAGGGCCGCAAC,0,2237227
marRp,0.25,3,3,TCCTAACTACCAGAAGTAGT,0,2229467
marRp,0.25,3,3,TCCTAACCATAAGTGACCAA,0,2238130
marRp,0.25,3,3,TCCGTATGGTACGCAAAGCG,0,2228157
marRp,0.25,3,3,TCCGCGTTACGATTAATTAG,0,2243809
marRp,0.25,3,3,TCCGAGGACTTATTCCCCTC,0,2232971
marRp,0.25,3,3,TCCGAAGGTTGTTAGTGTTC,0,2229545
marRp,0.25,3,3,TCCCTCTGTGCGTCCCCATA,0,2257106
marRp,0.25,3,3,TCCCGTTACCATCTGTCTAC,0,2249361
marRp,0.25,3,3,TCCCGAGGAGTTGTTCGTTT,0,2222374
marRp,0.25,3,3,TCCCAGATCGATCATACATC,0,2252452
marRp,0.25,3,3,TCCCACGAAGCAGCGCGCTC,0,2253680
marRp,0.25,3,3,TCCATTAAATCTATCACCGA,0,2226110
marRp,0.25,3,3,TCATCTTCGCATTCCGTTGA,0,2256225
marRp,0.25,3,3,TCATAGCAACATGGCTGAGC,0,2219133
marRp,0.25,3,3,TCAGTGCGTGAGTCTATCAG,0,2237071
marRp,0.25,3,3,TCAGGCCCCCCTAGTATCTC,0,2245177
marRp,0.25,3,3,TCAGCCGCGGCAATGAATCA,0,2226916
marRp,0.25,3,3,TCAGCCCCGCAATGAGAGTA,0,2238628
marRp,0.25,3,3,TCAGCACTCTTAAAGCGGTC,0,2237063
marRp,0.25,3,3,TCAGCAAACTGAATGGTCCA,0,2219468
marRp,0.25,3,3,TCACGGGAGAATCAAGTTCA,0,2235492
marRp,0.25,3,3,TCACACCATCGGTCTCCACT,0,2248156
marRp,0.25,3,3,TCAATTGACCTCACCAGTCT,0,2227603
marRp,0.25,3,3,TCAAGGATACATTTGTTACG,0,2236745
marRp,0.25,3,3,TCAACGCAATGGTAGGAAAG,0,2227404
marRp,0.25,3,3,TCAACGAAGCTTGGCACGTG,0,2237753
marRp,0.25,3,3,TCAAATGGATCACAACCGCC,0,2244804
marRp,0.25,3,3,TATTTAAATGGTGGACGCGG,0,2256739
marRp,0.25,3,3,TATTGGAGAATTTGGTCCTT,0,2255675
marRp,0.25,3,3,TATTCAGAGCCGCCTCTATG,0,2242550
marRp,0.25,3,3,TATGGGAGGTTGAGGTCAGA,0,2237494
marRp,0.25,3,3,TATGGAGTCACCGGATATTC,0,2217896
marRp,0.25,3,3,TATGCATAGATGCGACATCA,0,2238568
marRp,0.25,3,3,TATGATGCTCGTATTATTGC,0,2226125
marRp,0.25,3,3,TATGATGCCTAGTCTATATT,0,2248617
marRp,0.25,3,3,TATCTAGCCTTTGAATCTAC,0,2234396
marRp,0.25,3,3,TATCGTTCATTGATTTTTGG,0,2223842
marRp,0.25,3,3,TATCGTTAACTCCATGCATG,0,2236275
marRp,0.25,3,3,TATCAACACAAGTAGTCCGT,0,2224472
marRp,0.25,3,3,TATACTTCATATCCATCTAG,0,2236058
marRp,0.25,3,3,TATACCGACAGCCCTGTGTC,0,2225670
marRp,0.25,3,3,TAGGTGACCTGCAAACGGGG,0,2251093
marRp,0.25,3,3,TAGGGCGGTTTAGTAAGATC,0,2244783
marRp,0.25,3,3,TAGGAGTTGTAGCCACCGCT,0,2218609
marRp,0.25,3,3,TAGCTCATCTACGAGATTTT,0,2220285
marRp,0.25,3,3,TAGCTAGCCTGCGACGATCA,0,2256749
marRp,0.25,3,3,TAGCTAAATAGACAAGCACG,0,2237698
marRp,0.25,3,3,TAGCCGTATTGTATGGGCTC,0,2236580
marRp,0.25,3,3,TAGCCAGGTGGATATACTCA,0,2252573
marRp,0.25,3,3,TAGCAGCATGGTATAATCAC,0,2243604
marRp,0.25,3,3,TAGCACAGGTAGTCAACTCT,0,2243491
marRp,0.25,3,3,TAGCAATGCGTGAAGTCGTA,0,2230642
marRp,0.25,3,3,TAGAGTTCGTGTCCTTTTAG,0,2243080
marRp,0.25,3,3,TAGAGTAGGCCGTGTGATTC,0,2258474
marRp,0.25,3,3,TAGAAGCTTGGACATCCCCT,0,2222507
marRp,0.25,3,3,TACTTTGGGGGCAACGAGAA,0,2247983
marRp,0.25,3,3,TACTTGAGCGATTCCATTAT,0,2256330
marRp,0.25,3,3,TACTGAATCAGTGTATCGTT,0,2250983
marRp,0.25,3,3,TACTACTTGAGGGTGCTTTT,0,2247566
marRp,0.25,3,3,TACTACACTCGGGGTGGCAA,0,2228978
marRp,0.25,3,3,TACGTCCTGGCGCACTGAAT,0,2261042
marRp,0.25,3,3,TACGGTTAATATGCTGCCCG,0,2252487
marRp,0.25,3,3,TACGGGATAAGTCTGAAGCT,0,2237463
marRp,0.25,3,3,TACGCAATTTCCCTGATGCA,0,2257888
marRp,0.25,3,3,TACCGTATCAGCAGCGGACT,0,2218960
marRp,0.25,3,3,TACCCCTTATGACGGGAGAT,0,2224727
marRp,0.25,3,3,TACAGATATTGGTGATATGT,0,2250886
marRp,0.25,3,3,TACACGCACCTTATGAGGGG,0,2242748
marRp,0.25,3,3,TACAAGGGCGCGACCGGCCC,0,2229724
marRp,0.25,3,3,TAAGGCAACAAGGGATTCGT,0,2251531
marRp,0.25,3,3,TAAGGAGGCAGCACGATATT,0,2218479
marRp,0.25,3,3,TAAGGAGATGTGAACGGATT,0,2222665
marRp,0.25,3,3,TAAGACCCGGCGTTAGGAGT,0,2240974
marRp,0.25,3,3,TAACTGTTTTAGGCGGGGCT,0,2238104
marRp,0.25,3,3,TAACTATTGTAGCGGTGCCA,0,2238651
marRp,0.25,3,3,TAACCTCGCCAGTACTGAGT,0,2221942
marRp,0.25,3,3,TAACCGATACGGGTCATGAC,0,2258257
marRp,0.25,3,3,TAACATTGCCCTCGCTTTAT,0,2253709
marRp,0.25,3,3,TAACATCTTCCAGTGGTGCC,0,2245618
marRp,0.25,3,3,TAACAAGTGGTTTTGGTCGC,0,2254010
marRp,0.25,3,3,TAAACCCTACATAAACGCTC,0,2225730
marRp,0.25,3,3,GTTTTCCATCGGAAGCAATG,0,2221715
marRp,0.25,3,3,GTTTGAGGCTCAATTCAGCT,0,2237820
marRp,0.25,3,3,GTTTCGTCTGTAGCAGCAGT,0,2240182
marRp,0.25,3,3,GTTTAGTGAGAATATTATGC,0,2229791
marRp,0.25,3,3,GTTTAGACCTTATTTGTACT,0,2252503
marRp,0.25,3,3,GTTGGTTCAATCGGCGTGCT,0,2220965
marRp,0.25,3,3,GTTGGGCCGGCCGTGAATTC,0,2241701
marRp,0.25,3,3,GTTGGATTTGAAGAATTTGG,0,2258404
marRp,0.25,3,3,GTTGGAGTGGGTTTTCAGTT,0,2218235
marRp,0.25,3,3,GTTGATTAGTTGCGAGCAGA,0,2226913
marRp,0.25,3,3,GTTCGTTAGTCGTCAAGGGC,0,2220666
marRp,0.25,3,3,GTTCAATACTATTTGGACTA,0,2221706
marRp,0.25,3,3,GTTACGCTACGGCGCGCACC,0,2232088
marRp,0.25,3,3,GTTACGATTTTTTTAAGAAT,0,2228047
marRp,0.25,3,3,GTTAATGCTGTACTTTTTAG,0,2252952
marRp,0.25,3,3,GTGTTAAACGGTTTCCTCGT,0,2232400
marRp,0.25,3,3,GTGTGTTAGGAGTCAATATC,0,2259914
marRp,0.25,3,3,GTGTGGTCAGGGTTCACATA,0,2254584
marRp,0.25,3,3,GTGTGACTCCTTATAGCGGC,0,2242852
marRp,0.25,3,3,GTGTCTGCGAACGGACTGCA,0,2247872
marRp,0.25,3,3,GTGGCAATATACGTATTGAA,0,2259459
marRp,0.25,3,3,GTGGAGGTTAAGCCATGCCT,0,2241743
marRp,0.25,3,3,GTGGAGCAGAGGACTTCAGT,0,2229351
marRp,0.25,3,3,GTGCAGCGTGGAGCCTCATG,0,2252674
marRp,0.25,3,3,GTGAGCTCTTTAGCCGGAGA,0,2222224
marRp,0.25,3,3,GTGAGATAAGCGATAGAAGA,0,2219983
marRp,0.25,3,3,GTGACTCTCTAGACAGGTGC,0,2248684
marRp,0.25,3,3,GTGACGGATCACCTTACGAT,0,2244799
marRp,0.25,3,3,GTGACGCTCAGGGTCTAAAC,0,2234257
marRp,0.25,3,3,GTGACGAACATCACCCCATG,0,2254586
marRp,0.25,3,3,GTCTTGCTACGAATATGTAG,0,2252489
marRp,0.25,3,3,GTCTGATACGAGTGTGGTTC,0,2228872
marRp,0.25,3,3,GTCTGATAAGACACCCGCCC,0,2228512
marRp,0.25,3,3,GTCTCTAAATTAAGGGGCTC,0,2245198
marRp,0.25,3,3,GTCTACGGGTGGTTGGGCCA,0,2224618
marRp,0.25,3,3,GTCGCCCGTCATTCACCCCG,0,2235627
marRp,0.25,3,3,GTCGAAGTGCGGTCTCGGTT,0,2255330
marRp,0.25,3,3,GTCCTCATTCGCCGATTTCT,0,2227259
marRp,0.25,3,3,GTCCTATTCCTGCACCGTTG,0,2258545
marRp,0.25,3,3,GTCCGTGCGACGGCTAGTAA,0,2231862
marRp,0.25,3,3,GTCCCCGACTTAAGATTCCG,0,2240669
marRp,0.25,3,3,GTCCAGATGGGAGAAAAGAC,0,2247946
marRp,0.25,3,3,GTCACGGATGAGCTAGATTT,0,2258106
marRp,0.25,3,3,GTCACACCGTGGTACAGGAA,0,2222927
marRp,0.25,3,3,GTATTAATCGTGTAGTAGCT,0,2223069
marRp,0.25,3,3,GTATGGTAACGGTTTTCAAG,0,2227704
marRp,0.25,3,3,GTATGCTGTAATGGTAGAAA,0,2254921
marRp,0.25,3,3,GTATCCGAATGAAAGGCCCA,0,2249257
marRp,0.25,3,3,GTATATCTGACAAGATTCTG,0,2239047
marRp,0.25,3,3,GTAGGGTGCGGTGTAGGTTA,0,2222671
marRp,0.25,3,3,GTAGGGGTAGACGTAGCCCT,0,2238970
marRp,0.25,3,3,GTAGAGTACCCCTGGCTTCA,0,2252176
marRp,0.25,3,3,GTACTCTGCGTCAACTTCAC,0,2223749
marRp,0.25,3,3,GTACGCTAGCAATTTCTGTA,0,2244858
marRp,0.25,3,3,GTACCAACGGCCGCCCAGTT,0,2249705
marRp,0.25,3,3,GTACAGTTGTATGTGCACAC,0,2227431
marRp,0.25,3,3,GTAATAGCTACGCTGGTATG,0,2223375
marRp,0.25,3,3,GTAACCTTGGCCGAGAGGCA,0,2240428
marRp,0.25,3,3,GGTTTTGCCTTCCGGAGGAT,0,2236053
marRp,0.25,3,3,GGTTTAGCCTGGTAGCAGCT,0,2241925
marRp,0.25,3,3,GGTTGGTATGCTGCTACTGG,0,2225776
marRp,0.25,3,3,GGTTGACTTGGAGAAAGGTA,0,2246839
marRp,0.25,3,3,GGTTCTTCAATGCAATGCCC,0,2229908
marRp,0.25,3,3,GGTTCCAGCAGTCACTACTA,0,2260569
marRp,0.25,3,3,GGTTATTAAGATACAAATGA,0,2245835
marRp,0.25,3,3,GGTTATGGCGTTAGAATCTC,0,2244872
marRp,0.25,3,3,GGTGTAATGAGAGACCGTAC,0,2245776
marRp,0.25,3,3,GGTGGGTTGGATGGAACCAC,0,2255294
marRp,0.25,3,3,GGTGCTTGTCTGTCTCTATG,0,2246590
marRp,0.25,3,3,GGTGCACAAACTATCGTGTC,0,2224977
marRp,0.25,3,3,GGTGATCCCAAAATTTTCGA,0,2228364
marRp,0.25,3,3,GGTCTGAAAAGTTGCGGAGG,0,2225951
marRp,0.25,3,3,GGTCCGGGGTAGAGTATTTG,0,2248546
marRp,0.25,3,3,GGTCCCCTCAACTATTCTCT,0,2227152
marRp,0.25,3,3,GGTCAGTAAGTGTCACATCT,0,2249661
marRp,0.25,3,3,GGTCAGGAACATCGATGTCA,0,2254986
marRp,0.25,3,3,GGTCAGCGATCGCTTTATAT,0,2237887
marRp,0.25,3,3,GGTATTCGCTATTACCCCCG,0,2241213
marRp,0.25,3,3,GGTAGTCTCTCTAACAAGTC,0,2258642
marRp,0.25,3,3,GGTAGCGTTCCTATTGGGCA,0,2248205
marRp,0.25,3,3,GGTACTCCACCTACTGATTT,0,2256872
marRp,0.25,3,3,GGTACGGATTCCCGAACGAC,0,2227234
marRp,0.25,3,3,GGTAAGCAGCCGGCCACGTG,0,2241022
marRp,0.25,3,3,GGGTTGTTCTTAGGACATTT,0,2248843
marRp,0.25,3,3,GGGTTGTCTCCTGGGAGTGA,0,2224446
marRp,0.25,3,3,GGGTTGGCACACTGGTAGCC,0,2260155
marRp,0.25,3,3,GGGTTACTGTTTTGGGGTTG,0,2244795
marRp,0.25,3,3,GGGTGCACGTTCAAGTACAC,0,2230781
marRp,0.25,3,3,GGGTATCTAGGACGAGTGAA,0,2247204
marRp,0.25,3,3,GGGTACATTTTTGACCTGTA,0,2233715
marRp,0.25,3,3,GGGGCCATCCACTATAGTCA,0,2246406
marRp,0.25,3,3,GGGGCAAGACGACCGCCTAG,0,2249368
marRp,0.25,3,3,GGGCTGCGAAGTCCCCAGTA,0,2224906
marRp,0.25,3,3,GGGCTCGGGTAACTGAGCCT,0,2218876
marRp,0.25,3,3,GGGCGGCCTCGATATTCAAT,0,2232540
marRp,0.25,3,3,GGGCGCCCGCGCTCAAGGGA,0,2235041
marRp,0.25,3,3,GGGCGCATGGGAGTCCTAGG,0,2221939
marRp,0.25,3,3,GGGCCAAAGCCTGAAGCTAA,0,2241884
marRp,0.25,3,3,GGGCATTTTGATATTGTTTT,0,2244246
marRp,0.25,3,3,GGGAGGGTGTTCACCATTGG,0,2241661
marRp,0.25,3,3,GGGAGGGAGTATGGCAACTT,0,2240039
marRp,0.25,3,3,GGGACCTATAGATGAAGGTA,0,2247901
marRp,0.25,3,3,GGGACATAGGTATCCGTGGA,0,2223094
marRp,0.25,3,3,GGCTTTATTATCCGTCAATG,0,2259564
marRp,0.25,3,3,GGCTTCCGGATCACAACATA,0,2228172
marRp,0.25,3,3,GGCTGAGAGCCAGATCCAGT,0,2228532
marRp,0.25,3,3,GGCTCGTGTAACTCCATGGT,0,2256405
marRp,0.25,3,3,GGCTCCGATATCTAACTTGC,0,2237595
marRp,0.25,3,3,GGCTCCATGTGTCCAAGCAC,0,2226349
marRp,0.25,3,3,GGCTCAATGCTCCTGCTTCA,0,2257629
marRp,0.25,3,3,GGCTAGCCCTATAATAGACA,0,2236206
marRp,0.25,3,3,GGCGTCTGAGTTTTTTCTTC,0,2238706
marRp,0.25,3,3,GGCCGGGACGATTTGCTTCA,0,2227608
marRp,0.25,3,3,GGCCGGCGTGCACCGAGAGT,0,2244514
marRp,0.25,3,3,GGCCCGTGAACCGAAATGGG,0,2220168
marRp,0.25,3,3,GGCCCCGAGGATAATGGCGT,0,2243757
marRp,0.25,3,3,GGCATACCGTAGGACAATAC,0,2255031
marRp,0.25,3,3,GGCAGGTCCACCGACTCGTT,0,2218657
marRp,0.25,3,3,GGCAGCTGTCTTTGGTAGTG,0,2235286
marRp,0.25,3,3,GGCAGAAGTTTGGGGCTCAC,0,2239492
marRp,0.25,3,3,GGCACTGAGGCTTAAAGAGG,0,2239788
marRp,0.25,3,3,GGCAATTAGTATCTTACGGC,0,2250605
marRp,0.25,3,3,GGATGCAAACAAACGATTTT,0,2245584
marRp,0.25,3,3,GGATCTCCGTCTCGAAGAGG,0,2242667
marRp,0.25,3,3,GGATCTAGATGGTCAAGCGA,0,2234196
marRp,0.25,3,3,GGATCTACTGGCTACAAGAG,0,2228022
marRp,0.25,3,3,GGATAGCGAATCTTTTCAGG,0,2220752
marRp,0.25,3,3,GGAGCTATCGATTTCGTATT,0,2227268
marRp,0.25,3,3,GGAGCAGGAGTTAACCATCG,0,2223563
marRp,0.25,3,3,GGAGAGGTATGGCCTATAGG,0,2234658
marRp,0.25,3,3,GGAGAGGCGAGGTGATGTTA,0,2243920
marRp,0.25,3,3,GGACGCGATGGACTATGCGT,0,2230535
marRp,0.25,3,3,GGACCCTATGGCTTCGGGAG,0,2223397
marRp,0.25,3,3,GGACAGTGTATAAACTAAGC,0,2228340
marRp,0.25,3,3,GGACACCGACACATCGAGCA,0,2247290
marRp,0.25,3,3,GGACACATCTTGCTGTGAAA,0,2230843
marRp,0.25,3,3,GGAATAGTGCATCCTCTGGG,0,2247827
marRp,0.25,3,3,GGAAAATGCGACAGGTCATG,0,2225577
marRp,0.25,3,3,GCTTGGTGTTATATTGTTGC,0,2256896
marRp,0.25,3,3,GCTTGCCATACCTTATAGAC,0,2261108
marRp,0.25,3,3,GCTTCGAACCTCGCAAAAAA,0,2227624
marRp,0.25,3,3,GCTTCATATTTTTGCCTTAT,0,2248453
marRp,0.25,3,3,GCTTCAGAACTCACTGCTCA,0,2237767
marRp,0.25,3,3,GCTTAAAACGGACTTCTGGT,0,2258334
marRp,0.25,3,3,GCTGTCGAGCATCCTGTGGT,0,2258338
marRp,0.25,3,3,GCTGGTAATTCGAACCGGTG,0,2219641
marRp,0.25,3,3,GCTGATGTACGGGCCTGCGC,0,2233668
marRp,0.25,3,3,GCTGAGATAGAACAATTCAC,0,2256407
marRp,0.25,3,3,GCTCTTAGGGTCAACCCTTC,0,2222475
marRp,0.25,3,3,GCTCTCCCGTTACGGGTCAG,0,2231330
marRp,0.25,3,3,GCTCGTACATTATACTTCTA,0,2256573
marRp,0.25,3,3,GCTCGGGTCAAATTTACTAA,0,2228962
marRp,0.25,3,3,GCTCATTGTGAACTTGTGAG,0,2260435
marRp,0.25,3,3,GCTATGCATGGCCACAGGAC,0,2260177
marRp,0.25,3,3,GCTACGCTACGGTATGGTCC,0,2237038
marRp,0.25,3,3,GCTAATCGGTACGACGTCAT,0,2246690
marRp,0.25,3,3,GCTAATATTCAGCCCTACGA,0,2230671
marRp,0.25,3,3,GCGTGCTGAGTGTCTACAGA,0,2260524
marRp,0.25,3,3,GCGCTGAACCTCGGAGCGTT,0,2236503
marRp,0.25,3,3,GCGCCTCCGTTCATATTGTA,0,2231591
marRp,0.25,3,3,GCGCCTCCGCACCCATCACA,0,2260272
marRp,0.25,3,3,GCGAGTAGACTCTCTCCCCA,0,2252005
marRp,0.25,3,3,GCGAGAAGGCAAGGAAAACA,0,2249415
marRp,0.25,3,3,GCGACCAGCTTTACGCATCA,0,2221490
marRp,0.25,3,3,GCGAATATAGGCAAAGGTTC,0,2255721
marRp,0.25,3,3,GCCTTGATAGTCGGATGACG,0,2239185
marRp,0.25,3,3,GCCTTCAGCGAACCTCCAGG,0,2219498
marRp,0.25,3,3,GCCTCGGCGATCTAGGACAA,0,2241499
marRp,0.25,3,3,GCCTCCGCCATGCGTGTCAT,0,2243873
marRp,0.25,3,3,GCCTATATCATCTGGACTCG,0,2226595
marRp,0.25,3,3,GCCGTTCATACAGACCATGA,0,2256535
marRp,0.25,3,3,GCCGTATATTCTGTGTGCGG,0,2218524
marRp,0.25,3,3,GCCGGTTACCCTGTGTTATG,0,2252873
marRp,0.25,3,3,GCCGCCTGACACATATTCTT,0,2223685
marRp,0.25,3,3,GCCGCCGCAGCAATGCCGAA,0,2230835
marRp,0.25,3,3,GCCGCAAAGGCTCAGGGAAC,0,2233500
marRp,0.25,3,3,GCCGATTTAGGTGTGAGTCC,0,2233856
marRp,0.25,3,3,GCCCTAGCAAAAAGGATTAG,0,2238927
marRp,0.25,3,3,GCCCGGAGCGTATGAAAATG,0,2224279
marRp,0.25,3,3,GCCCGCGTAGGACCTTACAG,0,2251105
marRp,0.25,3,3,GCCCCTTCGACGCTCCCAGC,0,2221451
marRp,0.25,3,3,GCCCCAGGCATATAAGGACA,0,2258683
marRp,0.25,3,3,GCCAGGGCCAAGCGCGCCTA,0,2227905
marRp,0.25,3,3,GCCAGCTGCATATAGACGCA,0,2255329
marRp,0.25,3,3,GCCAGAGCCTAGTACCGCTT,0,2257654
marRp,0.25,3,3,GCATTGGATTTGTATTAGCT,0,2230445
marRp,0.25,3,3,GCATTATGGGCCGACGTCAG,0,2231606
marRp,0.25,3,3,GCATGCAAACAAATCTTGTT,0,2226175
marRp,0.25,3,3,GCAGCTCGTAACGCGTAGAG,0,2220821
marRp,0.25,3,3,GCACTTAAGCGAGATGCGGC,0,2250806
marRp,0.25,3,3,GCACGCGGAAACCTAGGCGC,0,2234136
marRp,0.25,3,3,GCACATCGAGGTATGGAACA,0,2225373
marRp,0.25,3,3,GCACATCATGGGATTAACCG,0,2258024
marRp,0.25,3,3,GCAAGGCGTTAATGGACGAG,0,2233863
marRp,0.25,3,3,GCAACCGAGGTTGCACTGGT,0,2243790
marRp,0.25,3,3,GCAACCATGGACTAACCTGT,0,2234682
marRp,0.25,3,3,GATTTGATCCAAAGGCTTTG,0,2234247
marRp,0.25,3,3,GATTTGAAAATTACGCGGTT,0,2233169
marRp,0.25,3,3,GATTTCTAATTCCCCGAAGG,0,2252291
marRp,0.25,3,3,GATTGATAGGCACGGGCATG,0,2232272
marRp,0.25,3,3,GATTCGCCACAAGTAAAAGA,0,2234028
marRp,0.25,3,3,GATTATATTAGCCGTCAGTG,0,2245055
marRp,0.25,3,3,GATTACTTTGACAATTGATA,0,2240064
marRp,0.25,3,3,GATTACAATAGCCTACGGAC,0,2242144
marRp,0.25,3,3,GATTAAGGTCGTGGAATTGT,0,2236744
marRp,0.25,3,3,GATTAACAGACATAAGGTCT,0,2243689
marRp,0.25,3,3,GATGGCCAATGATCGCCAGG,0,2227251
marRp,0.25,3,3,GATGCCACACTAGGTCCCAC,0,2258990
marRp,0.25,3,3,GATGCATAAGGGCAACATGT,0,2254915
marRp,0.25,3,3,GATGCAGACCTAATGGGTGA,0,2239301
marRp,0.25,3,3,GATCGTGTGATGGGCCGTCA,0,2251669
marRp,0.25,3,3,GATCCGTATTGGATGGTTTA,0,2222488
marRp,0.25,3,3,GATCCATCCAGCCCTGATAC,0,2238202
marRp,0.25,3,3,GATCCAAGGGAAGGCTCGGC,0,2247693
marRp,0.25,3,3,GATATTAGAGGAATCTTGCA,0,2234928
marRp,0.25,3,3,GATATAGTTCGCCGGCGCAG,0,2227735
marRp,0.25,3,3,GATAGTAAGTCTCCATCAAC,0,2252496
marRp,0.25,3,3,GAGTGCGGCTAGGCCGAAGT,0,2252206
marRp,0.25,3,3,GAGGTCAATCTGTCTCGTTA,0,2251474
marRp,0.25,3,3,GAGGGGGAGATGGGGTTCAT,0,2242084
marRp,0.25,3,3,GAGGGGCCCTCCCTGTTATA,0,2253643
marRp,0.25,3,3,GAGGGATAGATACTGTGTAA,0,2256395
marRp,0.25,3,3,GAGGAATCGTCCAAGTGCAT,0,2253303
marRp,0.25,3,3,GAGCTCCTAGTGCCTTGTCA,0,2255776
marRp,0.25,3,3,GAGCGAGTTGTTATGGGCCT,0,2260161
marRp,0.25,3,3,GAGCCCCGTCGTTCAGCCGT,0,2241174
marRp,0.25,3,3,GAGCATATTTGTATTAATAA,0,2249659
marRp,0.25,3,3,GAGATCAGGCGTCAGTCACT,0,2228588
marRp,0.25,3,3,GAGATAGATGATCGAGGGGT,0,2224829
marRp,0.25,3,3,GAGACTGATCGAGCTGTCGT,0,2257521
marRp,0.25,3,3,GAGACGATTCTGTAAGTCAG,0,2233446
marRp,0.25,3,3,GAGAATTGTGCTGCTTGGGA,0,2231642
marRp,0.25,3,3,GACTTGTAAGCTCACGCGGT,0,2254151
marRp,0.25,3,3,GACTGTGGGAGGGTATGGAC,0,2249255
marRp,0.25,3,3,GACGTTCACGGGATACGGCA,0,2253319
marRp,0.25,3,3,GACGCACCGGCATATTTATA,0,2250509
marRp,0.25,3,3,GACGAAGCCCAGGCTTTGGT,0,2243209
marRp,0.25,3,3,GACCGCTGCTACCCAGTCGG,0,2252351
marRp,0.25,3,3,GACCCTTCCGCGGATGGAAA,0,2227686
marRp,0.25,3,3,GACCATTTATAGACGTCGCA,0,2228826
marRp,0.25,3,3,GACCACCAAGTACGCTTAGT,0,2235258
marRp,0.25,3,3,GACCACCAACCTATAATCGT,0,2221610
marRp,0.25,3,3,GACCAATCCGTGTCGAGCCG,0,2233611
marRp,0.25,3,3,GACCAATACTCTCAGGGACT,0,2252380
marRp,0.25,3,3,GACACTTTCTTTGCGATATT,0,2249192
marRp,0.25,3,3,GACACAAATAAGCAAGCACT,0,2221682
marRp,0.25,3,3,GACAAATACTCCCCTGGTAA,0,2223188
marRp,0.25,3,3,GAATTCCCCTGTGTATTACA,0,2221954
marRp,0.25,3,3,GAATAGAATTGGTTCTACAC,0,2245904
marRp,0.25,3,3,GAAGTGGAAAAATACCCACC,0,2244087
marRp,0.25,3,3,GAAGGCATCTAGCGAGCATT,0,2254510
marRp,0.25,3,3,GAAGCCTGGGAACCCGTTAA,0,2260817
marRp,0.25,3,3,GAACGAGAGATGGATGATGT,0,2221005
marRp,0.25,3,3,GAAATTTGAACGTGAGGTGC,0,2238544
marRp,0.25,3,3,GAAATTGAACGCCATTTCAG,0,2231822
marRp,0.25,3,3,GAAAGTAGGTATTCGTGCCA,0,2250478
marRp,0.25,3,3,GAAAGCAGACGCGGCCAGCA,0,2255481
marRp,0.25,3,3,GAAACTCTTTCATTCCCTAA,0,2240497
marRp,0.25,3,3,GAAAAACGCTGGATAACCGT,0,2246558
marRp,0.25,3,3,CTTTTCGCCCTTATTGAGTT,0,2259209
marRp,0.25,3,3,CTTTGTCCGACTCCTGCCAA,0,2254180
marRp,0.25,3,3,CTTTGAATAGGAGACGGTGT,0,2225886
marRp,0.25,3,3,CTTTGAACCCAAGCCTCTAG,0,2223849
marRp,0.25,3,3,CTTTCAGACGTGGGAGCTCA,0,2221999
marRp,0.25,3,3,CTTGTATTGTGCGCTGCCGG,0,2224540
marRp,0.25,3,3,CTTGTAAAAATTACCTAAAC,0,2235622
marRp,0.25,3,3,CTTGGGGTCCTATGTGCTCG,0,2226203
marRp,0.25,3,3,CTTGGACCCAATCCGAGCGC,0,2217927
marRp,0.25,3,3,CTTGACAGGAACCCAGAACC,0,2230384
marRp,0.25,3,3,CTTCGGGGTTATACATACTA,0,2232771
marRp,0.25,3,3,CTTCATTATCTCCTGACTGG,0,2259004
marRp,0.25,3,3,CTTCATCGCACCAGATTTCC,0,2250421
marRp,0.25,3,3,CTTCAGACTGGAACCCTCAG,0,2245113
marRp,0.25,3,3,CTTATCGACAGAAAAAAGGA,0,2232937
marRp,0.25,3,3,CTTAGCCTGGACTGGAGAAG,0,2236992
marRp,0.25,3,3,CTTAGATGCTAGACACGATT,0,2241935
marRp,0.25,3,3,CTTAATTCCAGTGGATCGTT,0,2225476
marRp,0.25,3,3,CTTAATATCACGTCTTGTGA,0,2224024
marRp,0.25,3,3,CTTAAATTAGTTGTAGGGCT,0,2226929
marRp,0.25,3,3,CTTAAATACAGGTTTAGTGG,0,2258166
marRp,0.25,3,3,CTTAAAATACTTAAGGAAAG,0,2224609
marRp,0.25,3,3,CTGTGACTGCTCTGGCTGCG,0,2234672
marRp,0.25,3,3,CTGTCTGGAGGGACCTGTCC,0,2230888
marRp,0.25,3,3,CTGTATAATAGCCTAAGGAG,0,2247056
marRp,0.25,3,3,CTGTACTTTTTATGGTAGTC,0,2229062
marRp,0.25,3,3,CTGGTACTATAGCGGTTCGG,0,2236513
marRp,0.25,3,3,CTGGGTTGCGATGGGAGCTT,0,2240651
marRp,0.25,3,3,CTGGGCCTGACTGCGTGTAA,0,2253715
marRp,0.25,3,3,CTGCTTAGCAATTGACGCAG,0,2255762
marRp,0.25,3,3,CTGCTCCGTCGCGGTTAAGC,0,2238734
marRp,0.25,3,3,CTGATGATTGCACGTATCTA,0,2227055
marRp,0.25,3,3,CTGAGAGAAAGGTCGTTTTG,0,2226976
marRp,0.25,3,3,CTGACTTTTAATGTATGTTG,0,2240905
marRp,0.25,3,3,CTGAAGAGTCACCGTTTATC,0,2230482
marRp,0.25,3,3,CTCTTTCCACTAAGGGTCAT,0,2239851
marRp,0.25,3,3,CTCTTGTTGATGCCAACACA,0,2234805
marRp,0.25,3,3,CTCTTGTCAATCGCCACTTA,0,2244479
marRp,0.25,3,3,CTCTCAGTAAAAGATCTAAA,0,2243503
marRp,0.25,3,3,CTCGGTCTTCAGTTAGGATT,0,2227800
marRp,0.25,3,3,CTCGGAAAGGCATACAGGGC,0,2254498
marRp,0.25,3,3,CTCGCTTAATCCCGAAGCAG,0,2236798
marRp,0.25,3,3,CTCGCCGCTCCTTCGGTTAC,0,2227211
marRp,0.25,3,3,CTCGACGTGGACCTAACCTG,0,2256240
marRp,0.25,3,3,CTCCTAGGATGGATAATAGC,0,2246613
marRp,0.25,3,3,CTCCGGTGTTGATAAACAAT,0,2222701
marRp,0.25,3,3,CTCCCTCCTATGTCTGAGCG,0,2219648
marRp,0.25,3,3,CTCCCTAACAACCCCCATGT,0,2239540
marRp,0.25,3,3,CTCCCGTCGCCGGTATCTTA,0,2246344
marRp,0.25,3,3,CTCCATATAGCTGGTTAAGA,0,2255881
marRp,0.25,3,3,CTCCAATAGATGGGTCACGT,0,2222451
marRp,0.25,3,3,CTCCAAGAGAGGGTTCGTGT,0,2244967
marRp,0.25,3,3,CTCATTGCAAGGGGGTGTGA,0,2239600
marRp,0.25,3,3,CTCATCGCACTACCGTGGGT,0,2240325
marRp,0.25,3,3,CTCAGGTGTGCAAGCAATCG,0,2235898
marRp,0.25,3,3,CTCAGCGATTCGGACCGATA,0,2219933
marRp,0.25,3,3,CTCACGCTCCACTATGTACG,0,2260162
marRp,0.25,3,3,CTATTACGGGCGGTTCAGAT,0,2223624
marRp,0.25,3,3,CTATCGTTCTTGAGGCTGGG,0,2250738
marRp,0.25,3,3,CTAGAGTGGCCCGTGGCACA,0,2236722
marRp,0.25,3,3,CTAGAGAAGATTCCGTGTCT,0,2248327
marRp,0.25,3,3,CTACGGATGGCCTGGCTGCT,0,2230212
marRp,0.25,3,3,CTACGATTCGCGTTCCCTGG,0,2238073
marRp,0.25,3,3,CTAATGATGGTCACTGTATA,0,2227609
marRp,0.25,3,3,CTAAGTTAGGTAGTTTTACT,0,2219979
marRp,0.25,3,3,CTAAGTCTCGAGTTGGTCTG,0,2249634
marRp,0.25,3,3,CTAAGTATTACACGCTTTCG,0,2239622
marRp,0.25,3,3,CTAAGTAGTTATTGGCTCGC,0,2239292
marRp,0.25,3,3,CTAAGCGTCGTATGGATGGA,0,2242285
marRp,0.25,3,3,CTAAAGTTACGCGGCACTAA,0,2239924
marRp,0.25,3,3,CGTTGAGGTAGGCGCGTGTG,0,2258170
marRp,0.25,3,3,CGTTGAATAGAATGACCATG,0,2240787
marRp,0.25,3,3,CGTTCCGGTGCACATAATTA,0,2245860
marRp,0.25,3,3,CGTGTCTGCCCTGGAGCTAT,0,2235156
marRp,0.25,3,3,CGTGTACTTGTGTGCGTCGT,0,2257033
marRp,0.25,3,3,CGTGGCAGTTGTAGGAAGTC,0,2219271
marRp,0.25,3,3,CGTGGATTTATTTCGGAAGT,0,2260106
marRp,0.25,3,3,CGTGAGGGCTTATCCTAGTA,0,2220199
marRp,0.25,3,3,CGTCTTAGCCGCCCCATCAT,0,2238840
marRp,0.25,3,3,CGTCTGAACCTTGTGGGGAA,0,2253114
marRp,0.25,3,3,CGTCTCCACGGAAGGATCTA,0,2258061
marRp,0.25,3,3,CGTCGCTGGATGCGATTGAT,0,2226623
marRp,0.25,3,3,CGTCGAGGTTCATGAGTCTT,0,2252514
marRp,0.25,3,3,CGTCCGCCTAGCCGTTGTCA,0,2226540
marRp,0.25,3,3,CGTCCGAGTAGCGTGGCCTC,0,2230416
marRp,0.25,3,3,CGTATTAAGGAAGCAATCAT,0,2230270
marRp,0.25,3,3,CGTAGTCGATGCTCAAAAAT,0,2244404
marRp,0.25,3,3,CGTAGGAATCAAGTGGCGAA,0,2232473
marRp,0.25,3,3,CGTACAATTCCGAGATTGGA,0,2232932
marRp,0.25,3,3,CGTAAGCTAGATGGGTCGCA,0,2226044
marRp,0.25,3,3,CGGTTAGGGCGTTGTTAATC,0,2240949
marRp,0.25,3,3,CGGTGGGTAAGGCGTATCGG,0,2228671
marRp,0.25,3,3,CGGTGGGGTTAACGGAAATA,0,2232317
marRp,0.25,3,3,CGGGTTCTATTTGAAGAAGG,0,2230136
marRp,0.25,3,3,CGGGTCCTTCCATACTAACA,0,2251597
marRp,0.25,3,3,CGGGGCCGATGTAGGGGTTT,0,2258144
marRp,0.25,3,3,CGGGCCAAGGGAATTTGTTC,0,2251647
marRp,0.25,3,3,CGGGAATTCTCATCCGGCAA,0,2260280
marRp,0.25,3,3,CGGCTATCTCACCGGTTTCA,0,2248805
marRp,0.25,3,3,CGGCGGTAACCGCATCCCAT,0,2241556
marRp,0.25,3,3,CGGCGGCACCGAGCGATCGG,0,2244874
marRp,0.25,3,3,CGGCGAATGGACACATTGAT,0,2217851
marRp,0.25,3,3,CGGCCGCAAAATGACGTACC,0,2247234
marRp,0.25,3,3,CGGCCCACGGCTCTCGCGCG,0,2220423
marRp,0.25,3,3,CGGCAGGAATAATGAGGCAG,0,2228477
marRp,0.25,3,3,CGGATTGTACAGACATTCTG,0,2230837
marRp,0.25,3,3,CGGATCAATGATTCTGACGG,0,2234540
marRp,0.25,3,3,CGGAGCCGCTTTTCCTTGGT,0,2243524
marRp,0.25,3,3,CGGACTCCTTACTGGGAGAT,0,2231269
marRp,0.25,3,3,CGGACACGGCAAGAAGCCAT,0,2241231
marRp,0.25,3,3,CGGAATGGCGTGGGTTGCAT,0,2238344
marRp,0.25,3,3,CGGAAATCCACGCGGCTGTC,0,2243493
marRp,0.25,3,3,CGGAAAGTCTGACTGAGGAC,0,2243447
marRp,0.25,3,3,CGGAAAGCTGGTGAGTTGGT,0,2249539
marRp,0.25,3,3,CGCTCTGACGACTATGTGAC,0,2223557
marRp,0.25,3,3,CGCTCCTCGACGTTGGACGC,0,2249215
marRp,0.25,3,3,CGCTCCGTGAATTGTCATCA,0,2253376
marRp,0.25,3,3,CGCTATCGGGTATCGACCCA,0,2243008
marRp,0.25,3,3,CGCTAGAATTGGCTGGTTGG,0,2220356
marRp,0.25,3,3,CGCTACGTCCTAGTGTCCGA,0,2229717
marRp,0.25,3,3,CGCGTCGGACATTCTACTAA,0,2231138
marRp,0.25,3,3,CGCGGACCCCTTGCAGAGAA,0,2237526
marRp,0.25,3,3,CGCGCTCGTTTATGGGCGGA,0,2234096
marRp,0.25,3,3,CGCGCTCACGATGCAACAGC,0,2237578
marRp,0.25,3,3,CGCGCGAGGAGATGCTTAAG,0,2219400
marRp,0.25,3,3,CGCGATATCGAGGTGATTCT,0,2249584
marRp,0.25,3,3,CGCGAACACGTCATTCGTAA,0,2249161
marRp,0.25,3,3,CGCCCTACAATGAGTCCCCT,0,2254262
marRp,0.25,3,3,CGCCCGGCATACGAATCTAA,0,2253348
marRp,0.25,3,3,CGCATCGGGTTATGGGCCGA,0,2219854
marRp,0.25,3,3,CGCATCCTGGAAATTAGGAG,0,2258002
marRp,0.25,3,3,CGCAGCTCAGCCATGAAGTT,0,2219350
marRp,0.25,3,3,CGCAGACTAGGTTGGTTTTA,0,2259997
marRp,0.25,3,3,CGCAGAAGCAAGCATACGAT,0,2259195
marRp,0.25,3,3,CGATTGATCCGAGCATGATC,0,2228339
marRp,0.25,3,3,CGATGGCGGAGGGTATCGAC,0,2224235
marRp,0.25,3,3,CGATAGTTGAAATGCAGTGC,0,2221399
marRp,0.25,3,3,CGATAAAGACCGTTTAACCT,0,2239362
marRp,0.25,3,3,CGAGTGAGTTTCATCTGATG,0,2237732
marRp,0.25,3,3,CGAGGCGACCCTAACGGACT,0,2238107
marRp,0.25,3,3,CGAGGATGATATAAGCAGTG,0,2251712
marRp,0.25,3,3,CGAGACAGCTAACTTCGTGT,0,2243732
marRp,0.25,3,3,CGACTGTCCGCACTCGTTTC,0,2245104
marRp,0.25,3,3,CGACTGTAAAATGGCAGGAG,0,2223350
marRp,0.25,3,3,CGACTCTCTATATTGGGAAA,0,2232997
marRp,0.25,3,3,CGACCGGACTGCACTCTTAA,0,2247097
marRp,0.25,3,3,CGAATCCTGCTACGTCCGGA,0,2246968
marRp,0.25,3,3,CGAATAGTGGGCGGTCTTTA,0,2224604
marRp,0.25,3,3,CGAAGTTGAGGAGAGGTAGC,0,2218095
marRp,0.25,3,3,CGAACCGGCCATGGCGCCTG,0,2221981
marRp,0.25,3,3,CGAACAAGTAGAGCAGCTGT,0,2253318
marRp,0.25,3,3,CGAAATGAATTCAGCAAGTG,0,2219572
marRp,0.25,3,3,CGAAAACTCAGTTTCTTACA,0,2251134
marRp,0.25,3,3,CCTTTGGCGTACATGCACAC,0,2258518
marRp,0.25,3,3,CCTTTGAACCCTGTGCACAA,0,2232755
marRp,0.25,3,3,CCTTGGCATGCCGAACACTC,0,2227430
marRp,0.25,3,3,CCTTGACAGTAGCATAGCCA,0,2237406
marRp,0.25,3,3,CCTTATGCTAACGGTATCCG,0,2223010
marRp,0.25,3,3,CCTTACTTCAGACTTACCCA,0,2238345
marRp,0.25,3,3,CCTTACGTGGAGGTTTTTGC,0,2260695
marRp,0.25,3,3,CCTGTATCCTCCCGGGCCTT,0,2228976
marRp,0.25,3,3,CCTGATAAGATCTTCCCGAA,0,2257977
marRp,0.25,3,3,CCTCTGCCGTGCGCAATGTA,0,2251266
marRp,0.25,3,3,CCTCGTCACAATGTCATGTA,0,2258787
marRp,0.25,3,3,CCTATAAAGGGACATGGCTT,0,2239767
marRp,0.25,3,3,CCTAGTCAGAGCCTATGGAC,0,2238780
marRp,0.25,3,3,CCTAGTAGGCGGTGTATCTT,0,2229082
marRp,0.25,3,3,CCTAGGAACGGACCTGGGGC,0,2251660
marRp,0.25,3,3,CCTAGCGGCAGAATACATGA,0,2219737
marRp,0.25,3,3,CCTAGACTGGCGGGCCTTCC,0,2239925
marRp,0.25,3,3,CCTACGGGCGGCAGGTGAGC,0,2253433
marRp,0.25,3,3,CCTAACCATTCCCATATTTT,0,2225631
marRp,0.25,3,3,CCGTTGAGTGGGCTATTAAT,0,2259207
marRp,0.25,3,3,CCGTATTACATCTTTCCGGC,0,2231343
marRp,0.25,3,3,CCGGTCACATTCCGGGCAAA,0,2243323
marRp,0.25,3,3,CCGGTATCGTTACTTGGTGG,0,2249007
marRp,0.25,3,3,CCGGGATCCCACTACGGGAC,0,2242483
marRp,0.25,3,3,CCGGCGACTCAGATAATTGA,0,2219330
marRp,0.25,3,3,CCGGAATCGGCTGGTAGATA,0,2251521
marRp,0.25,3,3,CCGCGTACTCCCTTACCGAG,0,2232979
marRp,0.25,3,3,CCGCGAACTCGCAATTTTTC,0,2251477
marRp,0.25,3,3,CCGCACGTCTCTGAGCAAGG,0,2247334
marRp,0.25,3,3,CCGCACGGGAAGATACTCAG,0,2226795
marRp,0.25,3,3,CCGATGCCTACAGGTTCTGT,0,2254883
marRp,0.25,3,3,CCGACTGCCTACCAGCGGGT,0,2248542
marRp,0.25,3,3,CCGACAGTAGGTCACACCAA,0,2235019
marRp,0.25,3,3,CCCTCATAACGTGCAACGTA,0,2242658
marRp,0.25,3,3,CCCGTAGTTTGTCCGCAGAA,0,2230473
marRp,0.25,3,3,CCCGGCCTCCTCCTGGAACC,0,2254333
marRp,0.25,3,3,CCCGGATCCCCTCATGTAGC,0,2236608
marRp,0.25,3,3,CCCGCTAAAGGGGGGGTGTC,0,2231612
marRp,0.25,3,3,CCCCTGAATTGATTGTCCAA,0,2226648
marRp,0.25,3,3,CCCCTCAAAGCGGAAGGGAT,0,2238644
marRp,0.25,3,3,CCCCCTGTTAGGGTGGGGGT,0,2259700
marRp,0.25,3,3,CCCCCGATCGTGTCCTACGA,0,2233127
marRp,0.25,3,3,CCCCCGAAATCGTAAGAATT,0,2246887
marRp,0.25,3,3,CCCCAATGGTTCTTACTCTT,0,2247363
marRp,0.25,3,3,CCCATGATTTAGAGGAAGTA,0,2230794
marRp,0.25,3,3,CCCATCGATGTGAGAAATGG,0,2246927
marRp,0.25,3,3,CCCACTCCGCGATAGGGGAG,0,2248180
marRp,0.25,3,3,CCATTAGGTTGGCTTGGGCA,0,2247424
marRp,0.25,3,3,CCATGGAGTACCGTACTTAG,0,2230079
marRp,0.25,3,3,CCATCTCACTCGCTGGTTAT,0,2222842
marRp,0.25,3,3,CCATATAAATTACACATCAA,0,2233057
marRp,0.25,3,3,CCAGGCGAGTAAATGTAAAC,0,2234427
marRp,0.25,3,3,CCAGACCGATTCTGGACTCC,0,2217849
marRp,0.25,3,3,CCACCTATCGACGTGTAAAA,0,2254560
marRp,0.25,3,3,CCACCTACCGCCTGATATGC,0,2235775
marRp,0.25,3,3,CCACCCCATACGAGTCGTCG,0,2233604
marRp,0.25,3,3,CCAAGGTTTGAAGGGTGAAT,0,2220791
marRp,0.25,3,3,CCAACTGGCCTCTGGGGGCA,0,2225137
marRp,0.25,3,3,CCAAACCGATTTTTACTGGA,0,2228799
marRp,0.25,3,3,CATTTTTTGACAGCCCGACG,0,2225434
marRp,0.25,3,3,CATTGTCACGCGGCGTCGGA,0,2233395
marRp,0.25,3,3,CATTGGGAATCTACAACCGC,0,2237377
marRp,0.25,3,3,CATTACCAGATATTCTCTCG,0,2222537
marRp,0.25,3,3,CATGGTTGCAGGCCAGGTGC,0,2260905
marRp,0.25,3,3,CATCTTTGCGGTTTTCCACA,0,2244774
marRp,0.25,3,3,CATCGTCTCATAGGATTCCA,0,2260521
marRp,0.25,3,3,CATCCTATCGATTCACGGTA,0,2254718
marRp,0.25,3,3,CATCCTACTTGGGCCACGAG,0,2220057
marRp,0.25,3,3,CATCCGGATAGCGTACAATA,0,2242784
marRp,0.25,3,3,CATATTAAGTATTCCTGTGA,0,2218381
marRp,0.25,3,3,CATATGGCTCCCCACGAGCG,0,2219989
marRp,0.25,3,3,CATATCGCTAACGAATCAAA,0,2237180
marRp,0.25,3,3,CATAGGCCAGAGCCCATTAA,0,2222818
marRp,0.25,3,3,CATAGGCATTCTGCAGCATT,0,2233207
marRp,0.25,3,3,CATAACTAACAGACGTATTC,0,2256241
marRp,0.25,3,3,CAGTCGTCAGGACTACCTGA,0,2227940
marRp,0.25,3,3,CAGTACTTCATCGTGATGGT,0,2226804
marRp,0.25,3,3,CAGTAATAGAGGGTAGACGG,0,2245895
marRp,0.25,3,3,CAGGTGGCTCACAACGTTCG,0,2220963
marRp,0.25,3,3,CAGGGTCCGCCGGTCCCTGC,0,2257637
marRp,0.25,3,3,CAGGGACAATACCTTGTTAC,0,2240382
marRp,0.25,3,3,CAGGCGCTGCAATGTCTTAT,0,2225332
marRp,0.25,3,3,CAGGCAGGCGATGTACTGCA,0,2243623
marRp,0.25,3,3,CAGGATTTTGAAAATTCTAC,0,2227182
marRp,0.25,3,3,CAGGAAGCCCTGTATTGGTG,0,2251991
marRp,0.25,3,3,CAGCTACCTGTTGGCGGATG,0,2219820
marRp,0.25,3,3,CAGCGTCCTAGGCGGGGCTT,0,2224325
marRp,0.25,3,3,CAGCGGGCGTCTCCCACACA,0,2253422
marRp,0.25,3,3,CAGCCGAATCAGCCCCGCTA,0,2223844
marRp,0.25,3,3,CAGCACCTCGGTCGTATTCG,0,2226985
marRp,0.25,3,3,CAGCAAGGGAGGGAGATAAC,0,2219380
marRp,0.25,3,3,CAGACGGCATCAGGGCGAAA,0,2218270
marRp,0.25,3,3,CAGACCCTCTCAACTGGTTA,0,2241915
marRp,0.25,3,3,CAGACCCCGGCAAGACGAAC,0,2257739
marRp,0.25,3,3,CACTATGCTGCAAGCTGGAA,0,2237644
marRp,0.25,3,3,CACTACTCTTGCGCTAAGCC,0,2258920
marRp,0.25,3,3,CACTACGGTAGTAAGCGAAG,0,2239063
marRp,0.25,3,3,CACTAAACAGAAAGTTTTTG,0,2218732
marRp,0.25,3,3,CACGTCAGGGATTATAGGTT,0,2241454
marRp,0.25,3,3,CACGCGCGTCTGTTGAATTA,0,2226079
marRp,0.25,3,3,CACGCCGGAGATGCTACACT,0,2254951
marRp,0.25,3,3,CACGCATGCAGCTCCAACCC,0,2251192
marRp,0.25,3,3,CACGAGGCAGCGCCCGCCGG,0,2226822
marRp,0.25,3,3,CACCTTTATATGATCTCCAG,0,2252341
marRp,0.25,3,3,CACCGGATACAGGATCCATA,0,2255761
marRp,0.25,3,3,CACCGCTAGTCATAGGAACG,0,2255378
marRp,0.25,3,3,CACCCGCGAGACACGGGCTC,0,2249083
marRp,0.25,3,3,CACCAATAGGTCAATTAATA,0,2241200
marRp,0.25,3,3,CACCAAGACGATAAGTTTAG,0,2220882
marRp,0.25,3,3,CACAACTGCTCGCCCAGTGC,0,2243038
marRp,0.25,3,3,CAATTATGTTTAATCAGGTC,0,2250039
marRp,0.25,3,3,CAATCTCCTAAAATCTCGAG,0,2224479
marRp,0.25,3,3,CAATCGATGGTAGCGATTTA,0,2244047
marRp,0.25,3,3,CAATAGATAAAAGCGCTGAG,0,2235254
marRp,0.25,3,3,CAAGCGACATTTCCTAGCCT,0,2238270
marRp,0.25,3,3,CAAGAGGTCGGTGTTTCATG,0,2248037
marRp,0.25,3,3,CAACTTGTGGAATCTTGTAA,0,2241597
marRp,0.25,3,3,CAACGCCGCACTGAGATCTG,0,2227014
marRp,0.25,3,3,CAACCCTTAGGTACCACTAA,0,2229789
marRp,0.25,3,3,CAACAGTGGATCGCCGACTT,0,2252148
marRp,0.25,3,3,CAAAGTGAAATTTGGTGAAA,0,2250740
marRp,0.25,3,3,CAAAGCAGGGAAATTGCCAG,0,2233200
marRp,0.25,3,3,CAAAAAGAGCTTGCACTATG,0,2250808
marRp,0.25,3,3,ATTTGTTCTTCGTGTAAATC,0,2233317
marRp,0.25,3,3,ATTTGCGCCATAGGTACGGC,0,2234351
marRp,0.25,3,3,ATTTAGTATCTAGACTCGCG,0,2253351
marRp,0.25,3,3,ATTTAAGCAGATCGAGTTGT,0,2254695
marRp,0.25,3,3,ATTGGTGAAGGTTCCTCGGA,0,2254730
marRp,0.25,3,3,ATTGGGGAGGCGGACAGACC,0,2237232
marRp,0.25,3,3,ATTGCAGGATGGTGATCTAT,0,2226467
marRp,0.25,3,3,ATTGATCGCGCGATATTTTC,0,2233132
marRp,0.25,3,3,ATTCCCCACGGGCGGGTCAG,0,2229746
marRp,0.25,3,3,ATTCCAAAGACGGTCCTTGA,0,2229608
marRp,0.25,3,3,ATTCATTCCGCTACTCCCTC,0,2242781
marRp,0.25,3,3,ATTCATACGTTTGATCTGAC,0,2255500
marRp,0.25,3,3,ATTCAGCGGAATGTACTCCA,0,2253761
marRp,0.25,3,3,ATTATATTTGGTTTATCTGT,0,2243346
marRp,0.25,3,3,ATTATATGGCCGCGCGTGAA,0,2253332
marRp,0.25,3,3,ATTATAGGTCAGTAGGGTAA,0,2228954
marRp,0.25,3,3,ATTAGGGTGTTGCGACGTTG,0,2256034
marRp,0.25,3,3,ATTACTTCACGGTCTCGCAA,0,2221841
marRp,0.25,3,3,ATTAACAGAGTCTTATTCCG,0,2231418
marRp,0.25,3,3,ATGTTGTACTGTAGAGACTG,0,2218014
marRp,0.25,3,3,ATGTTGGGCCGATTATATTT,0,2229950
marRp,0.25,3,3,ATGTGGGGAGCGTCCCGAGT,0,2248434
marRp,0.25,3,3,ATGTGGCCAATTTTGAGCGA,0,2249614
marRp,0.25,3,3,ATGTCTCCCCTATCCGTGCA,0,2249801
marRp,0.25,3,3,ATGTATTCCGCTCGACCCAC,0,2259778
marRp,0.25,3,3,ATGGTTAGTCTTTGTCAAGT,0,2244632
marRp,0.25,3,3,ATGGTCTACGATTCAGTTTC,0,2254989
marRp,0.25,3,3,ATGGGCGGCTTTTGTGAGGA,0,2252568
marRp,0.25,3,3,ATGGCTAGGGCCTTTCGACA,0,2244691
marRp,0.25,3,3,ATGGCCGTAAGTGAAAAAAT,0,2218312
marRp,0.25,3,3,ATGGCACCCCTATATATTCA,0,2242792
marRp,0.25,3,3,ATGGATCGGGAGCGTGATAG,0,2239844
marRp,0.25,3,3,ATGCTGGAGTTTCGTGCTGC,0,2229852
marRp,0.25,3,3,ATGCTCTGGTTGGCAGGCTC,0,2244032
marRp,0.25,3,3,ATGCGTCTGTGGTGATGCAT,0,2228499
marRp,0.25,3,3,ATGCGGGAGGAGTTAGCCAT,0,2229359
marRp,0.25,3,3,ATGCCCCGCAACGTCCGACA,0,2238201
marRp,0.25,3,3,ATGCATCGGGGCTGAACCAC,0,2225073
marRp,0.25,3,3,ATGATGCCCCCCTTTGTTCA,0,2231506
marRp,0.25,3,3,ATGATATCCGCCGATCCACT,0,2252163
marRp,0.25,3,3,ATGAGGTCTGTAATTTGAAC,0,2222204
marRp,0.25,3,3,ATGAGCTGTTAAGCAGCCAT,0,2251989
marRp,0.25,3,3,ATGAGCGTTTTGGGAGCTGA,0,2228552
marRp,0.25,3,3,ATGACCCACATTACGTCCAA,0,2250888
marRp,0.25,3,3,ATCTGTCTGGTCCGTTACTG,0,2227295
marRp,0.25,3,3,ATCTCCGGTATCGGCACTTG,0,2224014
marRp,0.25,3,3,ATCTCCGGACAACTCGTCGA,0,2220419
marRp,0.25,3,3,ATCTCCAAAGGTGGATGGGT,0,2222958
marRp,0.25,3,3,ATCTCAATCACTGCTCTCTT,0,2242875
marRp,0.25,3,3,ATCTAAGCCGCCACTTTTCT,0,2234976
marRp,0.25,3,3,ATCGTCTCGGATTAGGTGGT,0,2237537
marRp,0.25,3,3,ATCGGTCCGTGGACATAAAC,0,2225763
marRp,0.25,3,3,ATCGCCGTAACTGGACCTAT,0,2254351
marRp,0.25,3,3,ATCGATTCCAGTCTGATAGG,0,2255093
marRp,0.25,3,3,ATCGATACTCGCTCAGCACT,0,2225014
marRp,0.25,3,3,ATCCGGCAACAGCTTACCCC,0,2253520
marRp,0.25,3,3,ATCCGGAGTTAGGGATTCAA,0,2245742
marRp,0.25,3,3,ATCAGCATTGTTATCAAGTC,0,2252115
marRp,0.25,3,3,ATCAAGGTATCCAGAGAACT,0,2251164
marRp,0.25,3,3,ATATTGCTTTCCGATCTGAT,0,2221587
marRp,0.25,3,3,ATATGGAAGAGCGATGCTTC,0,2257407
marRp,0.25,3,3,ATATCAACTTCTTTGTTAAC,0,2230201
marRp,0.25,3,3,ATATAGTTTCCCAGCAGCGT,0,2253848
marRp,0.25,3,3,ATATAGCTTCTAAGAAGGCT,0,2222824
marRp,0.25,3,3,ATATAGAGGGGTGATGTCTG,0,2225009
marRp,0.25,3,3,ATATAATACCGGTCGCGCCC,0,2229690
marRp,0.25,3,3,ATAGTGAAGGCTGGCACCAC,0,2252168
marRp,0.25,3,3,ATAGGTGGGAACGGTGGAAC,0,2239599
marRp,0.25,3,3,ATAGCTACTGGTCCACTCGT,0,2250532
marRp,0.25,3,3,ATAGCGACATGGGGGGGTTA,0,2240105
marRp,0.25,3,3,ATAGCACGCCGTTGCGACCA,0,2238484
marRp,0.25,3,3,ATACTCAGCGTGAGTACATC,0,2250799
marRp,0.25,3,3,ATACTAAGGACCTGAATTCT,0,2239287
marRp,0.25,3,3,ATACGGTATACCAAAAGACG,0,2237459
marRp,0.25,3,3,ATACCGTTTACGAGACGCGG,0,2228147
marRp,0.25,3,3,ATACCGGATAAGTAATTATT,0,2222744
marRp,0.25,3,3,ATACAGAATCAAGGGCGGTT,0,2245109
marRp,0.25,3,3,ATACACGTAGCTCACCGGTA,0,2218164
marRp,0.25,3,3,ATAATAGCCCGTAGCAGTTC,0,2220393
marRp,0.25,3,3,ATAAGTTAGCAACGGTTGCT,0,2242965
marRp,0.25,3,3,ATAAGTACCGCCACATACTT,0,2244221
marRp,0.25,3,3,ATAAGGGCGCGTTAACAAAA,0,2235046
marRp,0.25,3,3,ATAAATCCCGGGGACAAATC,0,2238358
marRp,0.25,3,3,AGTTGTAGAGTCCGGGTAAT,0,2243930
marRp,0.25,3,3,AGTTATGCTTACGGGGCTAT,0,2250317
marRp,0.25,3,3,AGTTACCCTACCGTGTAGGA,0,2258231
marRp,0.25,3,3,AGTGGGAAGGGAGCGCTCGT,0,2219858
marRp,0.25,3,3,AGTGGCTGCTATCGTGTATA,0,2222613
marRp,0.25,3,3,AGTGGAAAATCGTGGGTGTC,0,2222580
marRp,0.25,3,3,AGTGCACTATAAAACTTCGA,0,2251264
marRp,0.25,3,3,AGTGAGTGGCAAAGAACACT,0,2260126
marRp,0.25,3,3,AGTCGCATGTCGCTGGACGC,0,2252783
marRp,0.25,3,3,AGTCCCCGATCACTGAAAGA,0,2234890
marRp,0.25,3,3,AGTCCCCAGGTCACAGGGTC,0,2248285
marRp,0.25,3,3,AGTCCATTCGTAAAGAATCA,0,2253294
marRp,0.25,3,3,AGTCACTTCGATGAACACTA,0,2256828
marRp,0.25,3,3,AGTCACCTAGTCCGCGGGAT,0,2234731
marRp,0.25,3,3,AGTATGAAAAGTGACAACCT,0,2237535
marRp,0.25,3,3,AGTAGATACGTTAGTGCCAC,0,2219730
marRp,0.25,3,3,AGTAAGTGTCATAATTCTTG,0,2234375
marRp,0.25,3,3,AGGTTACTTCCCCCATACTT,0,2228751
marRp,0.25,3,3,AGGTCCGCCCACTACGGGCT,0,2253885
marRp,0.25,3,3,AGGGTGCTCTAGTAAACAGG,0,2219486
marRp,0.25,3,3,AGGGTCTACGGTTCAGACGC,0,2249445
marRp,0.25,3,3,AGGGTCCATTGTTGTATCCT,0,2238601
marRp,0.25,3,3,AGGGGTCGGACTATAATACT,0,2260333
marRp,0.25,3,3,AGGGGTCAACTGGGGGAGCC,0,2244973
marRp,0.25,3,3,AGGGGTAAATAAAGTCTATG,0,2231104
marRp,0.25,3,3,AGGGCGGGAGCAAAGTCCCG,0,2227640
marRp,0.25,3,3,AGGGATAATCTGTTGTGCCA,0,2242933
marRp,0.25,3,3,AGGCTGCCAGCTGTACGTCC,0,2255864
marRp,0.25,3,3,AGGCGTCTAACCGGATAAAT,0,2226456
marRp,0.25,3,3,AGGCGGCCGCCGAGGTCGTG,0,2220928
marRp,0.25,3,3,AGGCCTGTTGGGACCTTCAT,0,2254595
marRp,0.25,3,3,AGGCCAGTTGGTCCTTGGAC,0,2218192
marRp,0.25,3,3,AGGCATGTACTTCAGGGCAT,0,2252125
marRp,0.25,3,3,AGGATGGTCGAATCCCGACG,0,2260734
marRp,0.25,3,3,AGGATCGTGAGATACTTTGC,0,2245504
marRp,0.25,3,3,AGGACTGAACATGGGGTTGT,0,2251708
marRp,0.25,3,3,AGGAAGTCATTTTCGCGATC,0,2221593
marRp,0.25,3,3,AGGAACAGCCGCTTTACTCG,0,2236488
marRp,0.25,3,3,AGGAAAGATACTTCCTCTTT,0,2229126
marRp,0.25,3,3,AGCTGTAAACCAAGGTACAG,0,2240263
marRp,0.25,3,3,AGCTGGGCTAGACGCTATAT,0,2242764
marRp,0.25,3,3,AGCTCTTTTGGTGTCATTAG,0,2221107
marRp,0.25,3,3,AGCTCGCGCGTCCCGCTAAC,0,2219948
marRp,0.25,3,3,AGCTATGTGCCCACCGGATA,0,2225276
marRp,0.25,3,3,AGCTAGTAAGATCAAAACAA,0,2238026
marRp,0.25,3,3,AGCTACTTAAGCTTACGACC,0,2240875
marRp,0.25,3,3,AGCGTTTCCGTCATTAGAAG,0,2239534
marRp,0.25,3,3,AGCGATGCATTGAATGAAGT,0,2237692
marRp,0.25,3,3,AGCCTTCTCCTACTTTTGTC,0,2234852
marRp,0.25,3,3,AGCCTGTAAATGCATTGCGA,0,2253949
marRp,0.25,3,3,AGCCTACAGAGTTGGCGCAT,0,2255801
marRp,0.25,3,3,AGCCTAACCACAGCCCGGAG,0,2225359
marRp,0.25,3,3,AGCATGGGAAGAGCCTGGGG,0,2253287
marRp,0.25,3,3,AGCAGTTTCTGCGTCGGCTC,0,2229253
marRp,0.25,3,3,AGCAGGCTGTAGTACGATCA,0,2235152
marRp,0.25,3,3,AGCACTGCTTCGCAACTCTT,0,2241852
marRp,0.25,3,3,AGCAAATCTAATCTCCGTTA,0,2236543
marRp,0.25,3,3,AGATTTGCAATGTCATCTTG,0,2225895
marRp,0.25,3,3,AGATTTGACACCGCGCCTTT,0,2219150
marRp,0.25,3,3,AGATTGTAGAGTAAACTTGT,0,2254723
marRp,0.25,3,3,AGATGACTTTGTGTGGACAG,0,2256849
marRp,0.25,3,3,AGATCGAGCATCACGAGCAT,0,2228656
marRp,0.25,3,3,AGATAAAGCGACGGTGTAAC,0,2219650
marRp,0.25,3,3,AGAGCCTAACTTAGTCCTCA,0,2253405
marRp,0.25,3,3,AGACTGTGACAAAGATTGAG,0,2225303
marRp,0.25,3,3,AGACTCTCGCGTCATGATTA,0,2241344
marRp,0.25,3,3,AGACTACAGCTGCTGATGTC,0,2236736
marRp,0.25,3,3,AGACCATGGCTGCTGCACGG,0,2238020
marRp,0.25,3,3,AGAAGACCCAGTGATGGTAA,0,2230773
marRp,0.25,3,3,AGAACCGTACAAGTACGGCT,0,2228572
marRp,0.25,3,3,AGAACCACTCTAGGGCCGTG,0,2237197
marRp,0.25,3,3,AGAAATCAGTGATCTAGGAG,0,2245385
marRp,0.25,3,3,ACTTCCGATGATCTAGCAAG,0,2218331
marRp,0.25,3,3,ACTTATTGATCGTTGTGTAA,0,2223235
marRp,0.25,3,3,ACTTAAAGTTTCCATGAACA,0,2239875
marRp,0.25,3,3,ACTGTGGCAATCTGAGAGTA,0,2258535
marRp,0.25,3,3,ACTGTGACGACTGTCTGTTT,0,2261112
marRp,0.25,3,3,ACTGTCTTGCAGACATCCTA,0,2237124
marRp,0.25,3,3,ACTGGTTCGTGACGCTGTAA,0,2256107
marRp,0.25,3,3,ACTGCGACTTTTAAGTGCTT,0,2244169
marRp,0.25,3,3,ACTGCAGTTTGCCGTACTAC,0,2250813
marRp,0.25,3,3,ACTCGTGAACATACGCTCAA,0,2258468
marRp,0.25,3,3,ACTCGTCATTCACCAGGTTG,0,2258721
marRp,0.25,3,3,ACTCACTGTCAGCTTCTGGT,0,2259380
marRp,0.25,3,3,ACTCAACAGGTTTCGCTGAC,0,2225019
marRp,0.25,3,3,ACTAGGTATTACCGGGCGAC,0,2255425
marRp,0.25,3,3,ACTACAAACTAGCTGAGCTG,0,2219935
marRp,0.25,3,3,ACGTTTCCTGGATTGAGACG,0,2233490
marRp,0.25,3,3,ACGTGCTGGCACGGACGGGT,0,2231225
marRp,0.25,3,3,ACGTCTCGTGTTAATCTAGC,0,2218958
marRp,0.25,3,3,ACGTCATAACGTATTTCGGA,0,2221957
marRp,0.25,3,3,ACGTACTTAAGTGAATGTTG,0,2231451
marRp,0.25,3,3,ACGGTTGATGTTCACGGTAC,0,2223805
marRp,0.25,3,3,ACGGGTGACTGTGGCACCAC,0,2229045
marRp,0.25,3,3,ACGGGTCATCTCTCGGCGAA,0,2239022
marRp,0.25,3,3,ACGGGGAAAGACTTTAAAGA,0,2221513
marRp,0.25,3,3,ACGGGCTCCCAAAGAGAAGC,0,2260195
marRp,0.25,3,3,ACGGCGGTTGACCTTGAGAT,0,2245953
marRp,0.25,3,3,ACGCGTAGTGGTACTTGGGG,0,2242492
marRp,0.25,3,3,ACGCGTAGATTAGGAAGGTT,0,2240034
marRp,0.25,3,3,ACGCGCGACGCCTGTGACAA,0,2226732
marRp,0.25,3,3,ACGCCCACTCCCCTAGCAAA,0,2254749
marRp,0.25,3,3,ACGCAGCAATGTGAGTAGCG,0,2223080
marRp,0.25,3,3,ACGAGACACGGCCGGTGGTT,0,2232840
marRp,0.25,3,3,ACGACTGATGCAGCGTTGGT,0,2255166
marRp,0.25,3,3,ACGACCTACTAGGGTCTAAA,0,2228964
marRp,0.25,3,3,ACGACCAGGGGAGACACCAG,0,2227260
marRp,0.25,3,3,ACCTTGGACCGGGTAAAGAG,0,2240037
marRp,0.25,3,3,ACCTCACGCGGGTGTTTCTA,0,2241232
marRp,0.25,3,3,ACCTATAATCGGGTTGCCAT,0,2230673
marRp,0.25,3,3,ACCGTGTGTGTACGCTTGGT,0,2236465
marRp,0.25,3,3,ACCGGTGTACTTGAACCTCT,0,2227127
marRp,0.25,3,3,ACCGGTCATGCCGAACTGCT,0,2240200
marRp,0.25,3,3,ACCGGTAGATGTACAGAGTT,0,2241573
marRp,0.25,3,3,ACCGGGAGTAACTCACAGGT,0,2237610
marRp,0.25,3,3,ACCGGCCGGGGGCGCGATCT,0,2222538
marRp,0.25,3,3,ACCCGTTAGCCCTATTATAA,0,2222010
marRp,0.25,3,3,ACCCATGTCTGGTGCAGTTA,0,2260092
marRp,0.25,3,3,ACCCAGCGAATAGATTGGCT,0,2256425
marRp,0.25,3,3,ACCCAGAGCGCTTCCGATCC,0,2228114
marRp,0.25,3,3,ACCAGGAGGCAATAACACGA,0,2224487
marRp,0.25,3,3,ACCACCGTGAACGTTGGAAC,0,2252068
marRp,0.25,3,3,ACCACCGACCTCCTACAGAT,0,2255819
marRp,0.25,3,3,ACATTTCAAATCTAGTACTT,0,2238707
marRp,0.25,3,3,ACATTCTGGTCAGGGCACGT,0,2243788
marRp,0.25,3,3,ACATGTTGACTGTCTGATGT,0,2251162
marRp,0.25,3,3,ACATGCTTGTGATCGGATTA,0,2226020
marRp,0.25,3,3,ACATAAGGCTCCACTGCTTA,0,2241272
marRp,0.25,3,3,ACAGGTACGCCGAACGCCAC,0,2247010
marRp,0.25,3,3,ACAGCGGCTGTACGAGCTAA,0,2248419
marRp,0.25,3,3,ACAGCATCACAGAACCGTGT,0,2219359
marRp,0.25,3,3,ACAGCAAAAGAGCGTACCAC,0,2223992
marRp,0.25,3,3,ACAGAGAATATTCACATCGA,0,2244133
marRp,0.25,3,3,ACAGAAAGTCAAATAGCGAG,0,2243519
marRp,0.25,3,3,ACACTTGTAGGGTGCTACCC,0,2231333
marRp,0.25,3,3,ACACGGTTATAATCGGTGCG,0,2230101
marRp,0.25,3,3,ACACCGCAGGCCAGGCGTAT,0,2227941
marRp,0.25,3,3,ACAAGCATGCGCTCAACACC,0,2258809
marRp,0.25,3,3,AATTTTAGAAACAAGGCACA,0,2243833
marRp,0.25,3,3,AATTTGCGCAACTATTGTAC,0,2255839
marRp,0.25,3,3,AATTCGCTCACCAGTCCGGC,0,2225775
marRp,0.25,3,3,AATTCATACTCCGAGGACGG,0,2248416
marRp,0.25,3,3,AATGTGGGTTCTAAGGTATT,0,2231652
marRp,0.25,3,3,AATGCATGAGCATGCTGGTT,0,2229557
marRp,0.25,3,3,AATGATACCTCGCGTGCTTG,0,2236934
marRp,0.25,3,3,AATGACAGTGGAGAGACTAT,0,2231459
marRp,0.25,3,3,AATCGATTGAGTTCGAGTGG,0,2229926
marRp,0.25,3,3,AATCGACTTCTAGAAAGGGT,0,2232007
marRp,0.25,3,3,AATCCTAAGCACTCTAGGCA,0,2220118
marRp,0.25,3,3,AATCCGGTCGCGGGCTATAG,0,2243649
marRp,0.25,3,3,AATCCCCGCGGGTTCGAAAA,0,2234424
marRp,0.25,3,3,AATCACGCCAGCCATCCTTG,0,2251979
marRp,0.25,3,3,AATATGTCGGTGACAACGTG,0,2232978
marRp,0.25,3,3,AATATCCTATGTGAACATAT,0,2258689
marRp,0.25,3,3,AATATAGTGGTCGGATGGTT,0,2255109
marRp,0.25,3,3,AATATAGATGGACGGACCGG,0,2230166
marRp,0.25,3,3,AATATAAGTCCAACAATAAT,0,2245994
marRp,0.25,3,3,AATATAAGCTAAGTTAACCG,0,2260148
marRp,0.25,3,3,AATAGTCAGATGGTGTTCCG,0,2229752
marRp,0.25,3,3,AATACTCGTTTTTTGTTTGG,0,2230072
marRp,0.25,3,3,AAGTTGTAGTACACGGGTGG,0,2227711
marRp,0.25,3,3,AAGTTGGGCCATATGTCGCC,0,2251037
marRp,0.25,3,3,AAGTCCGTAGAACTTTCCCA,0,2225973
marRp,0.25,3,3,AAGGTTCGAAGGCAAATATA,0,2229948
marRp,0.25,3,3,AAGGTCTATGTTTGGTCTAT,0,2243691
marRp,0.25,3,3,AAGGTATAATCTTCCCATCG,0,2248758
marRp,0.25,3,3,AAGGTAAGGCTTCCCCTAGA,0,2223716
marRp,0.25,3,3,AAGGGTTTCTATTCCATGAA,0,2222925
marRp,0.25,3,3,AAGGGGTTATTGAAGAGTTT,0,2230771
marRp,0.25,3,3,AAGGATACAATGGACTATAA,0,2218307
marRp,0.25,3,3,AAGGAAGAAACGAGCGGGTT,0,2225456
marRp,0.25,3,3,AAGCTTGGTCGATGTAAATG,0,2256665
marRp,0.25,3,3,AAGCCGACCTAAACCCGTCA,0,2222549
marRp,0.25,3,3,AAGAGTTGCTACAGACCCCC,0,2236125
marRp,0.25,3,3,AAGACTCGTGGGACTGTTGT,0,2221450
marRp,0.25,3,3,AAGACTACCTCTTCCTGAAA,0,2225576
marRp,0.25,3,3,AAGACTAAAACAGACAATGA,0,2258549
marRp,0.25,3,3,AAGACGGGGCGGGCCAAACA,0,2241220
marRp,0.25,3,3,AAGACACTGCTAGATTACTT,0,2222911
marRp,0.25,3,3,AACTGTTCTGGCCTGGCCTG,0,2232556
marRp,0.25,3,3,AACTACGTATATCATGAGAA,0,2249970
marRp,0.25,3,3,AACTACGAGTTTGCGGGGAT,0,2240734
marRp,0.25,3,3,AACGTATCTGGTCAGTGGGC,0,2239661
marRp,0.25,3,3,AACGTAGGACGTCTTAATAG,0,2224138
marRp,0.25,3,3,AACGGTTACGCGTAACGCCT,0,2238732
marRp,0.25,3,3,AACGGAGCCCTGGTGAGGGC,0,2223414
marRp,0.25,3,3,AACGCTTGAGCCGCACTATT,0,2239023
marRp,0.25,3,3,AACCTAGTAATCGGTTGCTG,0,2224200
marRp,0.25,3,3,AACCGGCTGAAGAGAGGGTG,0,2239215
marRp,0.25,3,3,AACATCCGCGTAACGCTAAT,0,2228934
marRp,0.25,3,3,AACACGGGTCAGACCTCGTA,0,2228466
marRp,0.25,3,3,AACAACTGGGCGCACAACAT,0,2239513
marRp,0.25,3,3,AAATTCCAGCCCTGTTAATC,0,2227343
marRp,0.25,3,3,AAATACTGGCGCAACTAAGT,0,2238962
marRp,0.25,3,3,AAATAATTTATTAAGGTCCA,0,2218449
marRp,0.25,3,3,AAAGTCAGTCCCGTGGTCAG,0,2226879
marRp,0.25,3,3,AAAGGCTGGGGAACGGGCGA,0,2259212
marRp,0.25,3,3,AAACATTGCCCCGTTTGGAA,0,2254475
marRp,0.25,3,3,AAACACGTTCGACGGGCTTA,0,2248324
marRp,0.25,3,3,AAAAATCTTGTCCACAGTGG,0,2230073
marRp,0.25,3,3,AAAAAGGCCGTTTGGGGACA,0,2220634
marRp,0.3333333333333333,2,2,TTTTTTACGGGGGTTCCAGA,0,2228987
marRp,0.3333333333333333,2,2,TTTTTGTATTAATTTTCACA,0,2231519
marRp,0.3333333333333333,2,2,TTTTTCACTTTGGGAATATA,0,2251233
marRp,0.3333333333333333,2,2,TTTTGTTTTTTTAAAGCTTG,0,2244978
marRp,0.3333333333333333,2,2,TTTTGGGTTCCATGCTTCAG,0,2223040
marRp,0.3333333333333333,2,2,TTTTGAAGCGTAGCAATGGT,0,2237606
marRp,0.3333333333333333,2,2,TTTTCGGGCTTCTTCCCGCA,0,2227145
marRp,0.3333333333333333,2,2,TTTTAGCCGAATCCCGTGCA,0,2220897
marRp,0.3333333333333333,2,2,TTTGGTTAAGCGCATTCTGT,0,2260928
marRp,0.3333333333333333,2,2,TTTGGTAACATCAAAGCCTA,0,2234830
marRp,0.3333333333333333,2,2,TTTGCTTCGACGCCTACTGT,0,2231973
marRp,0.3333333333333333,2,2,TTTGAGATCAATGTCCGGTC,0,2256306
marRp,0.3333333333333333,2,2,TTTGACGGTTAACATAAGGT,0,2223527
marRp,0.3333333333333333,2,2,TTTCTGACACTGATCACCGG,0,2246650
marRp,0.3333333333333333,2,2,TTTATGGGGTGAGCGTCCGC,0,2225984
marRp,0.3333333333333333,2,2,TTTATCTAACTTTCCCAGTT,0,2249585
marRp,0.3333333333333333,2,2,TTTAGTTGGAAACGCGCTAA,0,2253879
marRp,0.3333333333333333,2,2,TTTAGCAAAAACCCGCCTTA,0,2252736
marRp,0.3333333333333333,2,2,TTTAGAATTCTCCATTTTCG,0,2260305
marRp,0.3333333333333333,2,2,TTTAGAACTATTGGTGGTGT,0,2257143
marRp,0.3333333333333333,2,2,TTGTTTTAAGGAAACGCCAG,0,2230972
marRp,0.3333333333333333,2,2,TTGTTCGTAACTTTCCGTCC,0,2245436
marRp,0.3333333333333333,2,2,TTGTCTAAGTGTGTGCGGCT,0,2225205
marRp,0.3333333333333333,2,2,TTGTATATCTCTGGTGCTTT,0,2221928
marRp,0.3333333333333333,2,2,TTGTACAGAATCCGTCGTAA,0,2257655
marRp,0.3333333333333333,2,2,TTGGTTATCTTCCCCAAAAT,0,2234474
marRp,0.3333333333333333,2,2,TTGGTCCTCGTTAAACCTTC,0,2220046
marRp,0.3333333333333333,2,2,TTGGCAAACTGCTCGGAGTC,0,2233411
marRp,0.3333333333333333,2,2,TTGGCAAACCATAAGTCGCT,0,2258113
marRp,0.3333333333333333,2,2,TTGGACAGTTCGGGCAACGA,0,2245664
marRp,0.3333333333333333,2,2,TTGGAAAGCTAGCTTGGACA,0,2236431
marRp,0.3333333333333333,2,2,TTGCTGGAAGGTGGGATCCC,0,2230988
marRp,0.3333333333333333,2,2,TTGCGTGTCCGCGCGTTTCC,0,2246161
marRp,0.3333333333333333,2,2,TTGCGATTGGTATCTCAGCT,0,2259324
marRp,0.3333333333333333,2,2,TTGCGAGTCGTGATTCAGAT,0,2226498
marRp,0.3333333333333333,2,2,TTGCCTTCGGCGATCAACTA,0,2224679
marRp,0.3333333333333333,2,2,TTGCCTCTCATTAAGTCTAC,0,2252126
marRp,0.3333333333333333,2,2,TTGCCATGATAGAAGGTACA,0,2219079
marRp,0.3333333333333333,2,2,TTGCCATATAGAATGGGAAA,0,2245883
marRp,0.3333333333333333,2,2,TTGATGGACGTCGGCACCCT,0,2252091
marRp,0.3333333333333333,2,2,TTGAGGTACAGCGACGCTTA,0,2235170
marRp,0.3333333333333333,2,2,TTGAGGGAGTTTGAGGTCTA,0,2236399
marRp,0.3333333333333333,2,2,TTGAGATCGGCTTTTGACAA,0,2243994
marRp,0.3333333333333333,2,2,TTGACTTAGAAGGTTTTACG,0,2246538
marRp,0.3333333333333333,2,2,TTCTTTGGTGTATATATTTA,0,2233439
marRp,0.3333333333333333,2,2,TTCTTGTAACCACCAGGTCT,0,2247685
marRp,0.3333333333333333,2,2,TTCTTAACGAAGGGAATCAT,0,2247538
marRp,0.3333333333333333,2,2,TTCTCAGCTCACTCTCTAAC,0,2228396
marRp,0.3333333333333333,2,2,TTCGTAGTACCGGGCGCACG,0,2252608
marRp,0.3333333333333333,2,2,TTCGGCACACTTTGTCGCCG,0,2261065
marRp,0.3333333333333333,2,2,TTCGAAGGTGATATTCCGCT,0,2234955
marRp,0.3333333333333333,2,2,TTCCTTTGCGCCGGATACAG,0,2231453
marRp,0.3333333333333333,2,2,TTCCTGTCGGGCAGCTGCGC,0,2229378
marRp,0.3333333333333333,2,2,TTCCGTTTCTCACCTGAGAA,0,2224991
marRp,0.3333333333333333,2,2,TTCCGTGTCCAGCACTGGGA,0,2219844
marRp,0.3333333333333333,2,2,TTCCGTCAAATTAGCTTCTT,0,2236085
marRp,0.3333333333333333,2,2,TTCCGGACGGTCTTCTCGAG,0,2225949
marRp,0.3333333333333333,2,2,TTCCCGATGTATAGTGCCTC,0,2236135
marRp,0.3333333333333333,2,2,TTCCACGCCGTAACTTGTAG,0,2225605
marRp,0.3333333333333333,2,2,TTCATGGTGATTCGTTTGGT,0,2260192
marRp,0.3333333333333333,2,2,TTCATATCCGTACCTTTTGA,0,2231975
marRp,0.3333333333333333,2,2,TTCAGTTGGACATTGCCGCC,0,2249304
marRp,0.3333333333333333,2,2,TTCACTGTAAGTTGTTCGTG,0,2260067
marRp,0.3333333333333333,2,2,TTCACCTGGGGTAGCGACAT,0,2251636
marRp,0.3333333333333333,2,2,TTCACCGGGTGCCAGTCGTT,0,2232995
marRp,0.3333333333333333,2,2,TTCACCACGATCGCCATGTC,0,2236324
marRp,0.3333333333333333,2,2,TTCAACGGGAATAGGGACTT,0,2218178
marRp,0.3333333333333333,2,2,TTCAACCTGAGACCGGGCTC,0,2256297
marRp,0.3333333333333333,2,2,TTCAAACACTAAGGCTATAG,0,2249729
marRp,0.3333333333333333,2,2,TTCAAAAGTCGCACACCCAC,0,2253705
marRp,0.3333333333333333,2,2,TTATTGATTCACACGACTAT,0,2246809
marRp,0.3333333333333333,2,2,TTATTCCTTAGCCTGCACTC,0,2232740
marRp,0.3333333333333333,2,2,TTATGTTGAGTACCTATAGT,0,2243776
marRp,0.3333333333333333,2,2,TTATGCGGTCGGAACTTGTT,0,2252153
marRp,0.3333333333333333,2,2,TTATCCTAGCACTTACGTAT,0,2232901
marRp,0.3333333333333333,2,2,TTATACTAGCTGGTCGTTTG,0,2235413
marRp,0.3333333333333333,2,2,TTAGGGGTGTGGAAGCAAAT,0,2259647
marRp,0.3333333333333333,2,2,TTAGCACACCCATTCCTTTG,0,2247785
marRp,0.3333333333333333,2,2,TTACTTTCAAGTACATGGGT,0,2240573
marRp,0.3333333333333333,2,2,TTACTTGCTGGCGACAACTA,0,2249366
marRp,0.3333333333333333,2,2,TTACTTATCTTTTGTTCTTG,0,2225874
marRp,0.3333333333333333,2,2,TTACTCTGTCGGATAATTCA,0,2228530
marRp,0.3333333333333333,2,2,TTACTAAGGCTCTTAGTTAT,0,2244756
marRp,0.3333333333333333,2,2,TTACGTCTCAGTCGTATTGA,0,2235552
marRp,0.3333333333333333,2,2,TTACGTCCAACAGTGGCGTA,0,2227051
marRp,0.3333333333333333,2,2,TTAATTTATCTACACTGGAA,0,2238572
marRp,0.3333333333333333,2,2,TTAATGCATGTGGCCTTGGG,0,2229777
marRp,0.3333333333333333,2,2,TTAATGAATTACTTAAGCAT,0,2222862
marRp,0.3333333333333333,2,2,TTAAGATACCGGGACTCCTC,0,2236504
marRp,0.3333333333333333,2,2,TTAACGCGAGGAGGCGGCCC,0,2230670
marRp,0.3333333333333333,2,2,TTAACCAGTGGTTTCAGGAT,0,2258008
marRp,0.3333333333333333,2,2,TTAACAGTGTTGAAGATGCC,0,2226640
marRp,0.3333333333333333,2,2,TGTTTGCTAAGTTAGCTCTC,0,2235734
marRp,0.3333333333333333,2,2,TGTTGCGCGAATTTGTCAGC,0,2252772
marRp,0.3333333333333333,2,2,TGTTGAAGCATTTTAATGGA,0,2238866
marRp,0.3333333333333333,2,2,TGTTCTATATATTTGCGCTA,0,2247350
marRp,0.3333333333333333,2,2,TGTTCGGGGCCCTCCGTGTG,0,2223877
marRp,0.3333333333333333,2,2,TGTTATGCGCCCACATGTCA,0,2260066
marRp,0.3333333333333333,2,2,TGTGGATCAGCAATTCCCCG,0,2222017
marRp,0.3333333333333333,2,2,TGTGCGCCGCTCATCTGGGT,0,2232677
marRp,0.3333333333333333,2,2,TGTGAGCATGGTTGAACGAA,0,2244876
marRp,0.3333333333333333,2,2,TGTCTCCCTTTGCTGGTTCG,0,2232561
marRp,0.3333333333333333,2,2,TGTCCTAAGCCAGCTTAGAC,0,2254145
marRp,0.3333333333333333,2,2,TGTCCCCCTTATCTACGGGA,0,2232659
marRp,0.3333333333333333,2,2,TGTCATTATAGCAACAAAGT,0,2246303
marRp,0.3333333333333333,2,2,TGTCAGGTGTTGGTAGGTTT,0,2257288
marRp,0.3333333333333333,2,2,TGTCAGGCGCTACGCTACGC,0,2221167
marRp,0.3333333333333333,2,2,TGTCACTCTAGAGGCGGCAA,0,2242935
marRp,0.3333333333333333,2,2,TGTCACTAAGTGGGGCAACC,0,2225470
marRp,0.3333333333333333,2,2,TGTATTGGGACTTTATGTTT,0,2239901
marRp,0.3333333333333333,2,2,TGTATAGGGGTACATTACTA,0,2253791
marRp,0.3333333333333333,2,2,TGTAGCGAGTGTTTACATGC,0,2241897
marRp,0.3333333333333333,2,2,TGTACCATAGGCTTTCATGT,0,2236887
marRp,0.3333333333333333,2,2,TGTAAGGGTCCCAATCAAAT,0,2246956
marRp,0.3333333333333333,2,2,TGTAACTCGGGTAGAACCCT,0,2256042
marRp,0.3333333333333333,2,2,TGTAACGGTCATGATGCTTG,0,2225141
marRp,0.3333333333333333,2,2,TGTAAATATTGATCGAAGTA,0,2238862
marRp,0.3333333333333333,2,2,TGGTTCTCACCAGGTGCAAT,0,2244784
marRp,0.3333333333333333,2,2,TGGTGACCGAATGCCATAGA,0,2219181
marRp,0.3333333333333333,2,2,TGGTCCACTCAGCGTTGATT,0,2236448
marRp,0.3333333333333333,2,2,TGGTATTTTGAGGCAGGAAA,0,2257129
marRp,0.3333333333333333,2,2,TGGGTTTAGCAGGACTTGAC,0,2245462
marRp,0.3333333333333333,2,2,TGGGTACAAAACATGTGGAG,0,2230471
marRp,0.3333333333333333,2,2,TGGGGGTGCGCATCACACTG,0,2218568
marRp,0.3333333333333333,2,2,TGGGGCGTCGTAGCACAAGA,0,2249497
marRp,0.3333333333333333,2,2,TGGGGCCACCACGGTATGCT,0,2229683
marRp,0.3333333333333333,2,2,TGGGGCATAGCCTGAGTTGC,0,2239170
marRp,0.3333333333333333,2,2,TGGGGAAAGCCTGCTCGGGA,0,2255744
marRp,0.3333333333333333,2,2,TGGGCAGCCCCTTTGGCTGG,0,2227798
marRp,0.3333333333333333,2,2,TGGGCAAGTGTCCGCGACTT,0,2246323
marRp,0.3333333333333333,2,2,TGGGATTCTTTTCAGAGCGT,0,2243175
marRp,0.3333333333333333,2,2,TGGGAGTAGATGCATTGACT,0,2248524
marRp,0.3333333333333333,2,2,TGGCTACTGCTCTATAAGTT,0,2238616
marRp,0.3333333333333333,2,2,TGGCGGTTATAAAAAATCTG,0,2244903
marRp,0.3333333333333333,2,2,TGGCGGGCCTCATCAGGGGA,0,2253359
marRp,0.3333333333333333,2,2,TGGCCGGAATGGTCCAAGTA,0,2239360
marRp,0.3333333333333333,2,2,TGGCACATAGCGTACACGAT,0,2257995
marRp,0.3333333333333333,2,2,TGGATGTGGACGGGGAAGTA,0,2234264
marRp,0.3333333333333333,2,2,TGGATGTCGGTACTAGGCCA,0,2241397
marRp,0.3333333333333333,2,2,TGGAGAGGTCGAGGCAGGCT,0,2230880
marRp,0.3333333333333333,2,2,TGGAAGGGCATTACAGTATC,0,2250191
marRp,0.3333333333333333,2,2,TGGAAGATGTCTCCCGGCCA,0,2234305
marRp,0.3333333333333333,2,2,TGCTGTCCGTAAGGCTCCGT,0,2224902
marRp,0.3333333333333333,2,2,TGCTGATCTATGCCAGCGTT,0,2255667
marRp,0.3333333333333333,2,2,TGCTGACGGAATGCTTTGTC,0,2220299
marRp,0.3333333333333333,2,2,TGCTCGCGTTCCGTACGGTG,0,2238652
marRp,0.3333333333333333,2,2,TGCTCAGCGACGGACACGCA,0,2226355
marRp,0.3333333333333333,2,2,TGCTACATCAGGAAACGCAT,0,2238519
marRp,0.3333333333333333,2,2,TGCTAAACGACACACGTGCT,0,2218839
marRp,0.3333333333333333,2,2,TGCGCTCCAACGTGGAAATC,0,2227462
marRp,0.3333333333333333,2,2,TGCGCCCCTAAGGGGCCAAG,0,2246492
marRp,0.3333333333333333,2,2,TGCGCAGAGCTTGAATGGTC,0,2223011
marRp,0.3333333333333333,2,2,TGCGATGATCGGCTCTATAA,0,2255581
marRp,0.3333333333333333,2,2,TGCGAATGCGTTAATAGCGT,0,2244192
marRp,0.3333333333333333,2,2,TGCGAAGATACTACTCCCAC,0,2234243
marRp,0.3333333333333333,2,2,TGCCTTTTCCCGTCATGGCG,0,2220037
marRp,0.3333333333333333,2,2,TGCCTCGCTAAGTACCGACC,0,2220584
marRp,0.3333333333333333,2,2,TGCCTAAATTTTCGCCCGCA,0,2242651
marRp,0.3333333333333333,2,2,TGCCGCGCTGATCGCTTCTG,0,2226233
marRp,0.3333333333333333,2,2,TGCCGATCTTCCCTAACCGA,0,2220734
marRp,0.3333333333333333,2,2,TGCCGAGCGGTAAGGATGGT,0,2253172
marRp,0.3333333333333333,2,2,TGCCGAAAGGCAGACTGGTC,0,2219450
marRp,0.3333333333333333,2,2,TGCCCAGAGGTAACTTAATA,0,2243366
marRp,0.3333333333333333,2,2,TGCCATGACTGAGTCCCCCA,0,2248225
marRp,0.3333333333333333,2,2,TGCATCGGGCTTGACTCCTA,0,2235284
marRp,0.3333333333333333,2,2,TGCATATGTTTGATGATACG,0,2232876
marRp,0.3333333333333333,2,2,TGCAGTTAACTTGCGCAATG,0,2238154
marRp,0.3333333333333333,2,2,TGCAGTGTGGCGCCCTGTGC,0,2221516
marRp,0.3333333333333333,2,2,TGCAGCTTTCTTCGCGTCTC,0,2223190
marRp,0.3333333333333333,2,2,TGCACAAGGTTTCGTAAGTT,0,2245908
marRp,0.3333333333333333,2,2,TGATTCGGACCCAACGAGAG,0,2255662
marRp,0.3333333333333333,2,2,TGATTAAGCGGCCAGGGGAA,0,2235952
marRp,0.3333333333333333,2,2,TGATCTCTCCGTCGAATGGG,0,2248080
marRp,0.3333333333333333,2,2,TGATCTCATCGACCGTCGAG,0,2218936
marRp,0.3333333333333333,2,2,TGATCGACTCAATGGCGCTG,0,2225478
marRp,0.3333333333333333,2,2,TGAGTCAATCTAACTCCCAA,0,2223500
marRp,0.3333333333333333,2,2,TGAGGTGACGACTTGTGCGA,0,2253843
marRp,0.3333333333333333,2,2,TGAGGGCGGGAGGCGCACGA,0,2255276
marRp,0.3333333333333333,2,2,TGAGGAGCAGTTAGATTCTC,0,2223937
marRp,0.3333333333333333,2,2,TGAGCGGCAACTTCCCTAGC,0,2228910
marRp,0.3333333333333333,2,2,TGAGCATAGAGGTGAGGGCA,0,2234029
marRp,0.3333333333333333,2,2,TGACTTCTAGGAAAGTTTGG,0,2225766
marRp,0.3333333333333333,2,2,TGACTTAAAAACTCTATCGG,0,2245833
marRp,0.3333333333333333,2,2,TGACATGCTCGTAACTTGCA,0,2232522
marRp,0.3333333333333333,2,2,TGAATTTAATCCTGAACGGT,0,2221738
marRp,0.3333333333333333,2,2,TGAATTAGGTCATGAACGGC,0,2234651
marRp,0.3333333333333333,2,2,TGAAGCTGGGAATCACTCGC,0,2218818
marRp,0.3333333333333333,2,2,TGAAAGTCCCTCGATGATTC,0,2221067
marRp,0.3333333333333333,2,2,TCTTTTGCTAGATCATAAAC,0,2234647
marRp,0.3333333333333333,2,2,TCTTCTGTAAATTAAAACAA,0,2248489
marRp,0.3333333333333333,2,2,TCTTCCCAAAAAAGTGGGGC,0,2218276
marRp,0.3333333333333333,2,2,TCTTATGCAAATTTGGGGGT,0,2259841
marRp,0.3333333333333333,2,2,TCTTAGGAGAAGGGCTCGGC,0,2221895
marRp,0.3333333333333333,2,2,TCTTAGCCCCGCATTCTTGA,0,2223922
marRp,0.3333333333333333,2,2,TCTGTACTCGTCCGAGCGCT,0,2248523
marRp,0.3333333333333333,2,2,TCTGGAGCAGCTATAAGCTT,0,2218303
marRp,0.3333333333333333,2,2,TCTGGACTTGGAGAATGTTC,0,2221221
marRp,0.3333333333333333,2,2,TCTGGAAGCTTTTTCTGGCA,0,2224743
marRp,0.3333333333333333,2,2,TCTGCTTAGTGCATCCACCA,0,2229888
marRp,0.3333333333333333,2,2,TCTGCTGCTTGTGGCCTTCG,0,2220620
marRp,0.3333333333333333,2,2,TCTGCGGGTGGCGTTAGACT,0,2226109
marRp,0.3333333333333333,2,2,TCTGCGCTATCGGAAAGACT,0,2238771
marRp,0.3333333333333333,2,2,TCTGATTACTCGTAGACAGG,0,2239769
marRp,0.3333333333333333,2,2,TCTCCGTGACTGGACCGTAT,0,2248976
marRp,0.3333333333333333,2,2,TCTATTTCCCGAACAGAGTA,0,2234058
marRp,0.3333333333333333,2,2,TCTATTGTCGGTAATAAGGC,0,2243725
marRp,0.3333333333333333,2,2,TCTATGGATTCAATGGGCCA,0,2242991
marRp,0.3333333333333333,2,2,TCTAATGAATAATAAGCATG,0,2220975
marRp,0.3333333333333333,2,2,TCGTTTTTCAGTTCGCAGGT,0,2239057
marRp,0.3333333333333333,2,2,TCGTTTGACATATTCTCAAA,0,2232555
marRp,0.3333333333333333,2,2,TCGTTGCCGTGTGTAAATTT,0,2225449
marRp,0.3333333333333333,2,2,TCGTGATTGTGTGCCGCACT,0,2243570
marRp,0.3333333333333333,2,2,TCGGTGCTGGGGCCTAGGTT,0,2219379
marRp,0.3333333333333333,2,2,TCGGTATTTCAAACTAATGC,0,2233716
marRp,0.3333333333333333,2,2,TCGGTATCTTGAACGGAAGG,0,2219795
marRp,0.3333333333333333,2,2,TCGGCCTAGTGCGTCAAAGA,0,2221109
marRp,0.3333333333333333,2,2,TCGCTTCAGTTGAATCCTCA,0,2251677
marRp,0.3333333333333333,2,2,TCGCTCGTTGTAAATCTTGA,0,2252875
marRp,0.3333333333333333,2,2,TCGCGCGTATATGCGCTCTA,0,2254271
marRp,0.3333333333333333,2,2,TCGCATCATTTTCGTGGTGC,0,2229428
marRp,0.3333333333333333,2,2,TCGAGTAAAAGTCAAGTCCC,0,2260640
marRp,0.3333333333333333,2,2,TCGAGGGTGAATCCGTTTGG,0,2227266
marRp,0.3333333333333333,2,2,TCGAGGAGGAAAATATCGTC,0,2254443
marRp,0.3333333333333333,2,2,TCGAGATTCTTATAGGACGC,0,2252734
marRp,0.3333333333333333,2,2,TCGACAGTCCGGAGCGTCTC,0,2241412
marRp,0.3333333333333333,2,2,TCGACACCTGGCCACGGTGA,0,2252327
marRp,0.3333333333333333,2,2,TCGAAGTTTTCTTGGGCATT,0,2260274
marRp,0.3333333333333333,2,2,TCCTGGGCATTTAACAATTT,0,2255894
marRp,0.3333333333333333,2,2,TCCTCTGGTTCATTAAATGA,0,2221357
marRp,0.3333333333333333,2,2,TCCTATGCCCTCACACTAAG,0,2234998
marRp,0.3333333333333333,2,2,TCCTACTACTTTACTGGATG,0,2254596
marRp,0.3333333333333333,2,2,TCCTACGTCTGCATCTCCGG,0,2251395
marRp,0.3333333333333333,2,2,TCCGTTAGCTAGCGCTTATA,0,2251401
marRp,0.3333333333333333,2,2,TCCGTGGGATGGTTGGCAAT,0,2246969
marRp,0.3333333333333333,2,2,TCCGGGGGTCTAGGACCACT,0,2226193
marRp,0.3333333333333333,2,2,TCCGGCAGGGAAAGTGCGTA,0,2220890
marRp,0.3333333333333333,2,2,TCCGCGGCCGGGGCATCTGT,0,2249112
marRp,0.3333333333333333,2,2,TCCGAAGCACTATCATTCGC,0,2230044
marRp,0.3333333333333333,2,2,TCCCTCTGTTCGGCCTTAGA,0,2235357
marRp,0.3333333333333333,2,2,TCCCTCGAACGCGACCGACA,0,2235457
marRp,0.3333333333333333,2,2,TCCCGGAAGTTGAACGTGGT,0,2230252
marRp,0.3333333333333333,2,2,TCCCCACACAATAATGCATG,0,2247971
marRp,0.3333333333333333,2,2,TCCCATGTTGTAGGCAACGG,0,2227825
marRp,0.3333333333333333,2,2,TCCCAATCGGTGTCTACCGA,0,2254849
marRp,0.3333333333333333,2,2,TCCATCATGGCGGAGGCAAT,0,2250889
marRp,0.3333333333333333,2,2,TCCAGTTAATGATAAAACAG,0,2223536
marRp,0.3333333333333333,2,2,TCCACCCTCCGGTGCAAGTA,0,2225572
marRp,0.3333333333333333,2,2,TCATTGCGCGCTAGGGGATG,0,2237633
marRp,0.3333333333333333,2,2,TCATTGCAGCCGGCCATTGT,0,2227420
marRp,0.3333333333333333,2,2,TCATGTCACTTAGATACGAT,0,2249015
marRp,0.3333333333333333,2,2,TCATGGCAGGGATACTTGGT,0,2253772
marRp,0.3333333333333333,2,2,TCATAAGATTGTAATGTTCT,0,2248647
marRp,0.3333333333333333,2,2,TCAGTTTTCACTAACCGATC,0,2221729
marRp,0.3333333333333333,2,2,TCAGTCTAGGTTAGCCCACT,0,2251754
marRp,0.3333333333333333,2,2,TCAGGTACGCCTTATTAGAT,0,2231667
marRp,0.3333333333333333,2,2,TCAGAGGGTGAGGCTATTCA,0,2247783
marRp,0.3333333333333333,2,2,TCACGTTGGCTTTCTCCGTT,0,2244064
marRp,0.3333333333333333,2,2,TCACGACACGCTTAAGACTC,0,2226724
marRp,0.3333333333333333,2,2,TCACCCTACTTGTCATAATG,0,2233421
marRp,0.3333333333333333,2,2,TCACCATGGGACCTGTTCTC,0,2224107
marRp,0.3333333333333333,2,2,TCACCAGTTGCCGAACTCAT,0,2251571
marRp,0.3333333333333333,2,2,TCAAGTAACACTGCGGATAC,0,2219975
marRp,0.3333333333333333,2,2,TCAACTTCGCCCCTGCGAAA,0,2222723
marRp,0.3333333333333333,2,2,TCAACACTTAGCTGCTATTG,0,2256070
marRp,0.3333333333333333,2,2,TCAACAAGGCAGGCGGCTAT,0,2243737
marRp,0.3333333333333333,2,2,TCAAATTGTAGCGCTCTGTC,0,2220413
marRp,0.3333333333333333,2,2,TCAAAAACTAGGCCTTAAGC,0,2243848
marRp,0.3333333333333333,2,2,TATTTTATGTAACCGGATCG,0,2238863
marRp,0.3333333333333333,2,2,TATTTATCCACCGCGGCCCA,0,2220163
marRp,0.3333333333333333,2,2,TATTTATCAATATGCACGAG,0,2220192
marRp,0.3333333333333333,2,2,TATTGTTCGCCTTACAACGG,0,2239852
marRp,0.3333333333333333,2,2,TATTCCGTATCGAAATTTTT,0,2222638
marRp,0.3333333333333333,2,2,TATTCCGTATCACATCTCTC,0,2250719
marRp,0.3333333333333333,2,2,TATTCATTAAGGTGATGTCA,0,2246726
marRp,0.3333333333333333,2,2,TATGTTCGCATTCGGTAGCA,0,2241823
marRp,0.3333333333333333,2,2,TATGTGGCAAGAGAAATTGG,0,2248157
marRp,0.3333333333333333,2,2,TATGCCTCACTCCGGCTGTA,0,2250296
marRp,0.3333333333333333,2,2,TATCTTTTCCAGTGGCTTTG,0,2249244
marRp,0.3333333333333333,2,2,TATCTTCCCCGTGGACGAAC,0,2228731
marRp,0.3333333333333333,2,2,TATCTCTATCCCCAATAGCT,0,2239764
marRp,0.3333333333333333,2,2,TATCGTGACTAACCTAGTTA,0,2252780
marRp,0.3333333333333333,2,2,TATCGGTTATAGTCAGCGTT,0,2234198
marRp,0.3333333333333333,2,2,TATCGAGTCCGAGTGCCTAG,0,2250919
marRp,0.3333333333333333,2,2,TATCCTCAAGCTCCCAGCCC,0,2232722
marRp,0.3333333333333333,2,2,TATCCGCATGTAGTAAGAGT,0,2234668
marRp,0.3333333333333333,2,2,TATCAGGTGGCCCGCAAGGT,0,2253168
marRp,0.3333333333333333,2,2,TATATAATAATCATATTCCT,0,2255430
marRp,0.3333333333333333,2,2,TATAGTCATCGTCAGTTAGT,0,2256883
marRp,0.3333333333333333,2,2,TATAGGCCACTAACATCGGC,0,2229328
marRp,0.3333333333333333,2,2,TATACAAGCGTTAACAATAT,0,2232523
marRp,0.3333333333333333,2,2,TATAAGGTACCGGTAGGACG,0,2232359
marRp,0.3333333333333333,2,2,TAGTGGTCCCCTGGATCCGT,0,2228927
marRp,0.3333333333333333,2,2,TAGGTGCTAATCCAGACACC,0,2234926
marRp,0.3333333333333333,2,2,TAGGTGAATCAGAGCCTTAT,0,2231426
marRp,0.3333333333333333,2,2,TAGGTCACTGTTGTGGTCAG,0,2239348
marRp,0.3333333333333333,2,2,TAGGCTCTATATGCTAAACT,0,2227622
marRp,0.3333333333333333,2,2,TAGGATACGCGACCTCGGAT,0,2237679
marRp,0.3333333333333333,2,2,TAGCTGTGGATCAAGGGTAT,0,2242915
marRp,0.3333333333333333,2,2,TAGCGGGCCCGTTCAGTCTA,0,2233440
marRp,0.3333333333333333,2,2,TAGCGAAGATGTGTTCCACT,0,2223603
marRp,0.3333333333333333,2,2,TAGATGGGCCGCATTTCACA,0,2236417
marRp,0.3333333333333333,2,2,TAGATCTCAGGTCTCCAGAT,0,2218650
marRp,0.3333333333333333,2,2,TAGAGTTTCCGCATGTGGGC,0,2232217
marRp,0.3333333333333333,2,2,TAGAGCGAAGTATGTCTAGT,0,2242170
marRp,0.3333333333333333,2,2,TAGAATTGCCGGCGTGGTAC,0,2231729
marRp,0.3333333333333333,2,2,TAGAATGTCATATTTATATC,0,2256781
marRp,0.3333333333333333,2,2,TACTTGCGGAGGTGGTTAGT,0,2238703
marRp,0.3333333333333333,2,2,TACTTCTGGTCGTTCTGTAA,0,2229611
marRp,0.3333333333333333,2,2,TACTGTCAGATGGTGTCGCG,0,2246904
marRp,0.3333333333333333,2,2,TACTGGGGCGATAGGACAGA,0,2223570
marRp,0.3333333333333333,2,2,TACTGCTCCTCCAGACAGAG,0,2254690
marRp,0.3333333333333333,2,2,TACTGCGTTCCGGGATTGAG,0,2228835
marRp,0.3333333333333333,2,2,TACTCGGAACACGGTTGGCC,0,2251182
marRp,0.3333333333333333,2,2,TACTACCGCCTTCTGCTATA,0,2218833
marRp,0.3333333333333333,2,2,TACTAAAGCAATCCTTTCCT,0,2228406
marRp,0.3333333333333333,2,2,TACGGGATGGGAAGGCTGGT,0,2233359
marRp,0.3333333333333333,2,2,TACGCAGACCATGTTTACGC,0,2250636
marRp,0.3333333333333333,2,2,TACATTACCGGTCCTGGGAC,0,2257473
marRp,0.3333333333333333,2,2,TACATCCCGTGACACACAGT,0,2251559
marRp,0.3333333333333333,2,2,TACAGTCAACTAGCTTTATG,0,2224436
marRp,0.3333333333333333,2,2,TACAGATTCAGTGTAGAAGT,0,2234108
marRp,0.3333333333333333,2,2,TACACTCACACCGCAGCTCG,0,2254205
marRp,0.3333333333333333,2,2,TACACAGGGGATCTGTTATA,0,2239141
marRp,0.3333333333333333,2,2,TACAAGTAGGTCTTTAGGGG,0,2250815
marRp,0.3333333333333333,2,2,TAATGCATAAGCACTGAGTT,0,2218653
marRp,0.3333333333333333,2,2,TAATCTAGGACCACGTCTTT,0,2252280
marRp,0.3333333333333333,2,2,TAATATGAGGCGAACGGAAA,0,2245846
marRp,0.3333333333333333,2,2,TAAGGGTATTGGGGCGTAGC,0,2226210
marRp,0.3333333333333333,2,2,TAAGGGATATGAACGCATTC,0,2228481
marRp,0.3333333333333333,2,2,TAAGGATTCCATAATAGCGG,0,2228419
marRp,0.3333333333333333,2,2,TAAGCGGTCGCCACTGTTGG,0,2240791
marRp,0.3333333333333333,2,2,TAAGCGGTCAGCCCTCCGGA,0,2241361
marRp,0.3333333333333333,2,2,TAAGAGTGGGTGATATAATA,0,2222648
marRp,0.3333333333333333,2,2,TAACTTAGTTCACCAGGATA,0,2237522
marRp,0.3333333333333333,2,2,TAACGCCCGTCTGCGGCCAG,0,2239916
marRp,0.3333333333333333,2,2,TAACCAATGTTTCCTGGGTG,0,2239214
marRp,0.3333333333333333,2,2,TAACACGGTGTGTTTTCCGT,0,2247824
marRp,0.3333333333333333,2,2,TAAATTTGTTAAGTAGTAGG,0,2255159
marRp,0.3333333333333333,2,2,TAAATCAGGATCGGATCATA,0,2242093
marRp,0.3333333333333333,2,2,TAAACACGCGTCCCGTAAGC,0,2253013
marRp,0.3333333333333333,2,2,TAAAATAATTTAGAAGTGAA,0,2222450
marRp,0.3333333333333333,2,2,TAAAAATCCTAATCATAGAG,0,2259678
marRp,0.3333333333333333,2,2,GTTTTTTGTCTTAGACTCCT,0,2251285
marRp,0.3333333333333333,2,2,GTTTTTGACTTATTCTCCCT,0,2258722
marRp,0.3333333333333333,2,2,GTTTTCTGTAAACAGACAAG,0,2240763
marRp,0.3333333333333333,2,2,GTTTGACTTCACTTCACCTC,0,2245172
marRp,0.3333333333333333,2,2,GTTTAAGATTGACTGACATC,0,2236489
marRp,0.3333333333333333,2,2,GTTGTGGCCGGGCTTAGGAC,0,2240592
marRp,0.3333333333333333,2,2,GTTGTATGGAAAGCACTGGA,0,2218146
marRp,0.3333333333333333,2,2,GTTGGTCCCTGCTTTGCTCA,0,2244053
marRp,0.3333333333333333,2,2,GTTGGGGCAGGTGGTACGAG,0,2244416
marRp,0.3333333333333333,2,2,GTTGGACGAAATCTAGGACT,0,2219624
marRp,0.3333333333333333,2,2,GTTGCCAAATGTTGGCAAGA,0,2256590
marRp,0.3333333333333333,2,2,GTTGATAAAAAATACCTGCC,0,2240189
marRp,0.3333333333333333,2,2,GTTGACGGGCGAATCACGCA,0,2250529
marRp,0.3333333333333333,2,2,GTTGAACCCCTGGGGTCCAT,0,2238695
marRp,0.3333333333333333,2,2,GTTCGGGTAATGAGGCTCCC,0,2248048
marRp,0.3333333333333333,2,2,GTTCCACCGCGCACTTTCCA,0,2249920
marRp,0.3333333333333333,2,2,GTTACGAGACGGAGTCCACA,0,2233995
marRp,0.3333333333333333,2,2,GTTACCCGCCCCGGTCCAGT,0,2241432
marRp,0.3333333333333333,2,2,GTTACCAAGCACCCGTACGT,0,2230527
marRp,0.3333333333333333,2,2,GTGTTCCATGAATCTCACAA,0,2218128
marRp,0.3333333333333333,2,2,GTGTGGAGAACGGGCGCTAC,0,2237760
marRp,0.3333333333333333,2,2,GTGTATTTTGGATGGCAAAC,0,2250479
marRp,0.3333333333333333,2,2,GTGTATGATGCGGGTCACGA,0,2238013
marRp,0.3333333333333333,2,2,GTGTACGTGGAGTCGAGCGA,0,2226923
marRp,0.3333333333333333,2,2,GTGTAAAGCTATACTGATAT,0,2237173
marRp,0.3333333333333333,2,2,GTGTAAACGCAGACGTGGCG,0,2237168
marRp,0.3333333333333333,2,2,GTGGTCAGTGTGCACCAGTA,0,2227879
marRp,0.3333333333333333,2,2,GTGGTCAGGAGGGGCTGCTA,0,2243153
marRp,0.3333333333333333,2,2,GTGGTATGTGCCGAAAGTGG,0,2248761
marRp,0.3333333333333333,2,2,GTGGTAAGAGCTTCAATAGT,0,2253888
marRp,0.3333333333333333,2,2,GTGGGGGGTTAGACAGACGT,0,2259840
marRp,0.3333333333333333,2,2,GTGGGCGGGCCTCTTCGTAT,0,2251174
marRp,0.3333333333333333,2,2,GTGCTTGGCTACTGATTTTT,0,2223378
marRp,0.3333333333333333,2,2,GTGCTTGAAACATTACACCA,0,2228480
marRp,0.3333333333333333,2,2,GTGCTTCCATTCCCGGGACC,0,2242442
marRp,0.3333333333333333,2,2,GTGCTGAGGTCCTTAACTTC,0,2232051
marRp,0.3333333333333333,2,2,GTGCCTATTGCGTCTTGTCA,0,2232326
marRp,0.3333333333333333,2,2,GTGCATTGGACCCCGTATGC,0,2241149
marRp,0.3333333333333333,2,2,GTGATTGGGTTCCGAATATG,0,2227050
marRp,0.3333333333333333,2,2,GTGATCGCTCATCATTAGTC,0,2229801
marRp,0.3333333333333333,2,2,GTGAGGTGCCGCCGTCTCAC,0,2242445
marRp,0.3333333333333333,2,2,GTGAGCAGCTCTTGGTACTG,0,2240620
marRp,0.3333333333333333,2,2,GTGACTTGTTCCACACCTAG,0,2236326
marRp,0.3333333333333333,2,2,GTGACGGCGTGGAGGCCTCA,0,2238893
marRp,0.3333333333333333,2,2,GTGACGGACCCCGGGAGCTT,0,2221094
marRp,0.3333333333333333,2,2,GTGACCCCATGGGCGCAGTG,0,2228501
marRp,0.3333333333333333,2,2,GTGAAGGACAAATAGTCCAC,0,2250211
marRp,0.3333333333333333,2,2,GTGAAGATGTACTAAATTTT,0,2239953
marRp,0.3333333333333333,2,2,GTCTTGTCGGAGTACTCTCG,0,2254734
marRp,0.3333333333333333,2,2,GTCTTGACCTTACGGCCTCC,0,2250380
marRp,0.3333333333333333,2,2,GTCTGAAGTGCAGTGAGCGT,0,2252017
marRp,0.3333333333333333,2,2,GTCTCGTGTAAGCACATTAG,0,2258623
marRp,0.3333333333333333,2,2,GTCTCAGAAGATCCGCTGGT,0,2257740
marRp,0.3333333333333333,2,2,GTCGTGGCCCCTCGGTAGGC,0,2255631
marRp,0.3333333333333333,2,2,GTCGGTTGCAGTTAAGGGTA,0,2239977
marRp,0.3333333333333333,2,2,GTCGGAGACTGAACCTTGCG,0,2218614
marRp,0.3333333333333333,2,2,GTCGCAGACAGATTCACATA,0,2247070
marRp,0.3333333333333333,2,2,GTCCTTGACTTTTCATTTCT,0,2241681
marRp,0.3333333333333333,2,2,GTCCTTCTCTTTATCAACCA,0,2225274
marRp,0.3333333333333333,2,2,GTCCTCTTGTAGGCGCCACT,0,2235587
marRp,0.3333333333333333,2,2,GTCCTAGTAACCAATCGGCA,0,2256960
marRp,0.3333333333333333,2,2,GTCCGGATCTTCCATCACAA,0,2231153
marRp,0.3333333333333333,2,2,GTCCCTCCTATTATTTTGTT,0,2245827
marRp,0.3333333333333333,2,2,GTCCCGTACCGGGACAACGA,0,2226045
marRp,0.3333333333333333,2,2,GTCCAAGACGTACGGGGCAT,0,2237602
marRp,0.3333333333333333,2,2,GTCATTCAAGTGACGACATT,0,2230240
marRp,0.3333333333333333,2,2,GTCACTGCCAACTTTGTGTT,0,2222987
marRp,0.3333333333333333,2,2,GTCAAGGCTCGTCGCTTCCA,0,2220317
marRp,0.3333333333333333,2,2,GTATTTTTCTGTGGGCGGAT,0,2227197
marRp,0.3333333333333333,2,2,GTATGTAGGAGTATGAGGTG,0,2257639
marRp,0.3333333333333333,2,2,GTATGGATCGTGATCTCTGG,0,2250253
marRp,0.3333333333333333,2,2,GTATCAGCGATACGGGGAAC,0,2241311
marRp,0.3333333333333333,2,2,GTATAACGTACTCCGGTAAA,0,2252606
marRp,0.3333333333333333,2,2,GTAGTGTTGGATTGCTTACC,0,2250458
marRp,0.3333333333333333,2,2,GTAGTGCATCAACCCGCCTA,0,2220806
marRp,0.3333333333333333,2,2,GTAGTATCCAGGTCGAGCTT,0,2236754
marRp,0.3333333333333333,2,2,GTAGGGACCCATCTCAGTGG,0,2218612
marRp,0.3333333333333333,2,2,GTAGCGGACGGCGGCTTTCC,0,2238525
marRp,0.3333333333333333,2,2,GTAGCGACTTTTCGTATTAC,0,2223550
marRp,0.3333333333333333,2,2,GTAGATTTCTCTAAACGGTG,0,2245449
marRp,0.3333333333333333,2,2,GTAGAGTGGGGTCTCTATAG,0,2250088
marRp,0.3333333333333333,2,2,GTAGACTCGAGCAGAAGACA,0,2239440
marRp,0.3333333333333333,2,2,GTAGAACGGACCACCCCCCG,0,2255216
marRp,0.3333333333333333,2,2,GTACTGAACGTCAAGGCATG,0,2250083
marRp,0.3333333333333333,2,2,GTACGGCGAGCCAAACCTTC,0,2240486
marRp,0.3333333333333333,2,2,GTACGAGGATCGGGCAGCAT,0,2246963
marRp,0.3333333333333333,2,2,GTACCTGTCCAACGTAGCTA,0,2255074
marRp,0.3333333333333333,2,2,GTACAGTGTTATTCGGACTG,0,2233374
marRp,0.3333333333333333,2,2,GTACACAATGGTCTTGCGCC,0,2253218
marRp,0.3333333333333333,2,2,GTAAGTGAGGTCAAGGCGAA,0,2246581
marRp,0.3333333333333333,2,2,GTAAGATCGATCGGCCACGT,0,2221881
marRp,0.3333333333333333,2,2,GTAACCGGTAGGGGGACACA,0,2247560
marRp,0.3333333333333333,2,2,GTAAATGCCTCCCTTCACAA,0,2218377
marRp,0.3333333333333333,2,2,GTAAAGGCATGTTTATGCCT,0,2244879
marRp,0.3333333333333333,2,2,GTAAACTTCAGATGCCGCCT,0,2235158
marRp,0.3333333333333333,2,2,GGTTGGCTCCTTAGGGTCTG,0,2237755
marRp,0.3333333333333333,2,2,GGTTGCAACACCCACCGTCT,0,2248241
marRp,0.3333333333333333,2,2,GGTTCTACTCCTAGGAGCTT,0,2251436
marRp,0.3333333333333333,2,2,GGTTCGATTGCGTTTGGCAA,0,2235366
marRp,0.3333333333333333,2,2,GGTTCCGGCAGAAATCATAC,0,2231320
marRp,0.3333333333333333,2,2,GGTTAGGTGAAAGCAAAGGG,0,2231913
marRp,0.3333333333333333,2,2,GGTTAACTCGTAAATCACGA,0,2237990
marRp,0.3333333333333333,2,2,GGTTAAATTAGTTCCAATCC,0,2241347
marRp,0.3333333333333333,2,2,GGTGTATCCGGGTCCTAAAC,0,2233684
marRp,0.3333333333333333,2,2,GGTGTAGGGGGGATAGAAGA,0,2244134
marRp,0.3333333333333333,2,2,GGTGGGGGTCTGGCCAAGCA,0,2231244
marRp,0.3333333333333333,2,2,GGTCTTCCATCATGCGCGAA,0,2238583
marRp,0.3333333333333333,2,2,GGTCTTAAACAGTTCACCCA,0,2237278
marRp,0.3333333333333333,2,2,GGTCTAGGTTAAGTTACGGA,0,2250435
marRp,0.3333333333333333,2,2,GGTCGCATAAAACGTCTCTA,0,2232671
marRp,0.3333333333333333,2,2,GGTCGCACACTCCCACTCAC,0,2246737
marRp,0.3333333333333333,2,2,GGTCCGGATTTTCGTTAAGG,0,2229361
marRp,0.3333333333333333,2,2,GGTCCGCTTTCTTATGGAGT,0,2221764
marRp,0.3333333333333333,2,2,GGTCCAAACGCATTATGAAG,0,2254033
marRp,0.3333333333333333,2,2,GGTCATCGTGATCACCTGAG,0,2256552
marRp,0.3333333333333333,2,2,GGTATAGCGGCTCAGTGTTG,0,2234189
marRp,0.3333333333333333,2,2,GGTAGTCTGAGGGGCCGTAG,0,2223316
marRp,0.3333333333333333,2,2,GGTAGCCCAAACATCATGGT,0,2237000
marRp,0.3333333333333333,2,2,GGTACTCCTCGGCCGGATGG,0,2239887
marRp,0.3333333333333333,2,2,GGTACATAGCCATGCTTACA,0,2220181
marRp,0.3333333333333333,2,2,GGTAAACCGACTGTCCCCTT,0,2231587
marRp,0.3333333333333333,2,2,GGGTTTAGAGAGGTCGTTTT,0,2228341
marRp,0.3333333333333333,2,2,GGGTTGAGGGCCGGCGGTAG,0,2250484
marRp,0.3333333333333333,2,2,GGGTTATAAGGTCTTCAGAA,0,2238963
marRp,0.3333333333333333,2,2,GGGTCGGTTTCAGCTCCGAT,0,2248359
marRp,0.3333333333333333,2,2,GGGTCGAATCTAAGGAGTCG,0,2246972
marRp,0.3333333333333333,2,2,GGGTCATGGTACGATCCAAA,0,2245506
marRp,0.3333333333333333,2,2,GGGTCAGAGACGTCTGCGAA,0,2257258
marRp,0.3333333333333333,2,2,GGGTATACTTGCTATCACTT,0,2249615
marRp,0.3333333333333333,2,2,GGGGTGTTGACTATGGCTTG,0,2232767
marRp,0.3333333333333333,2,2,GGGGTGAACTGACACCGTCT,0,2258945
marRp,0.3333333333333333,2,2,GGGGGTGGCAGTTATGGATC,0,2230820
marRp,0.3333333333333333,2,2,GGGGGGACGGACCGATGGAC,0,2233982
marRp,0.3333333333333333,2,2,GGGGGCATCAAGTTAACTTA,0,2240173
marRp,0.3333333333333333,2,2,GGGGCCTCGTGGGATGTTCA,0,2254269
marRp,0.3333333333333333,2,2,GGGGAGACAGAGAGCCTAGT,0,2224900
marRp,0.3333333333333333,2,2,GGGCTATAAGGCTACAAGAT,0,2244513
marRp,0.3333333333333333,2,2,GGGCGTCCGCGTAGGGCACT,0,2242993
marRp,0.3333333333333333,2,2,GGGCGCCTAATCCAAGGCCT,0,2237122
marRp,0.3333333333333333,2,2,GGGCGCCAGTTCGCCTCAGC,0,2232936
marRp,0.3333333333333333,2,2,GGGCCTGTTATAGCAGGCCA,0,2227570
marRp,0.3333333333333333,2,2,GGGCATGACGTCATGACAAG,0,2249583
marRp,0.3333333333333333,2,2,GGGCATCCATGGTTAATGAT,0,2240165
marRp,0.3333333333333333,2,2,GGGCACTCCCAGTTAGTGAT,0,2239055
marRp,0.3333333333333333,2,2,GGGCAACCGGGCTCAGGGCG,0,2251858
marRp,0.3333333333333333,2,2,GGGATATTCGTCGGCTATTT,0,2246685
marRp,0.3333333333333333,2,2,GGGACAATCTAGGGTGAATA,0,2234690
marRp,0.3333333333333333,2,2,GGGAAAGAATCCTAGTCATA,0,2249697
marRp,0.3333333333333333,2,2,GGCTTTCGATGTGTTCTCTT,0,2255423
marRp,0.3333333333333333,2,2,GGCTGATCATGGGGTGCCCG,0,2241411
marRp,0.3333333333333333,2,2,GGCTACAGGGGTTCTGCGAA,0,2231488
marRp,0.3333333333333333,2,2,GGCGTTGACCCCAGCTTCCC,0,2223608
marRp,0.3333333333333333,2,2,GGCGGGTTTAGATAACGCGG,0,2254929
marRp,0.3333333333333333,2,2,GGCGGGTCACACAATTCGGT,0,2227629
marRp,0.3333333333333333,2,2,GGCGGCCAGTTCCCGTTTTG,0,2243704
marRp,0.3333333333333333,2,2,GGCGAGGGAAACGGGTTAAG,0,2243684
marRp,0.3333333333333333,2,2,GGCGAGAGCTTCCGATAAGG,0,2219863
marRp,0.3333333333333333,2,2,GGCGAACGTCAGGACTAGCG,0,2246458
marRp,0.3333333333333333,2,2,GGCCTGACACCATAGAATGC,0,2229041
marRp,0.3333333333333333,2,2,GGCCTCTGCGGTGGACTCAC,0,2251934
marRp,0.3333333333333333,2,2,GGCCTATGCATAAGAGCTAA,0,2226699
marRp,0.3333333333333333,2,2,GGCCCCTAGGACTTCGGTAC,0,2244446
marRp,0.3333333333333333,2,2,GGCCAACGCGCCCTATGCTA,0,2246629
marRp,0.3333333333333333,2,2,GGCACTGAAGGGGCACGGGT,0,2225765
marRp,0.3333333333333333,2,2,GGCACGCAGAGATGGGATCC,0,2221041
marRp,0.3333333333333333,2,2,GGCAAGGTTTCAAGCTCGTT,0,2239426
marRp,0.3333333333333333,2,2,GGATTCGATCTGTGTCAATG,0,2221803
marRp,0.3333333333333333,2,2,GGATCTGGTAGCATATGTGA,0,2246240
marRp,0.3333333333333333,2,2,GGATCGAGGACCGTCCTATG,0,2233386
marRp,0.3333333333333333,2,2,GGATCCTTCTTAGTGTTCTG,0,2259697
marRp,0.3333333333333333,2,2,GGATCCGGATTCCCTCCAAA,0,2233597
marRp,0.3333333333333333,2,2,GGAGTAGTCAGTTTGCCAGT,0,2239350
marRp,0.3333333333333333,2,2,GGAGTAAGGTAGCCCAAAAA,0,2225827
marRp,0.3333333333333333,2,2,GGAGGATATACGGATCTCAG,0,2232509
marRp,0.3333333333333333,2,2,GGAGCGCTATAGGTTCCATC,0,2226244
marRp,0.3333333333333333,2,2,GGAGATAGCACCTTACGATA,0,2253097
marRp,0.3333333333333333,2,2,GGAGAATAACTAGATGGAGC,0,2253322
marRp,0.3333333333333333,2,2,GGACTTCAGAGCGCATTCAG,0,2256879
marRp,0.3333333333333333,2,2,GGACGGGCAGGAGCCATGCA,0,2234906
marRp,0.3333333333333333,2,2,GGACAATTAGGCTGGCTGGT,0,2237553
marRp,0.3333333333333333,2,2,GGACAAGTCGAATGATCTCT,0,2237250
marRp,0.3333333333333333,2,2,GGACAAAAGGAGTGTCACTC,0,2259783
marRp,0.3333333333333333,2,2,GGAATCGATATATCAATGAC,0,2249076
marRp,0.3333333333333333,2,2,GGAAGTGTAGCATGAGATCA,0,2233928
marRp,0.3333333333333333,2,2,GGAACCTCACAGAGATTCAA,0,2219036
marRp,0.3333333333333333,2,2,GGAAATTAGTCCGTTACTCA,0,2242272
marRp,0.3333333333333333,2,2,GGAAAGAGGGATTGTGTGGA,0,2226051
marRp,0.3333333333333333,2,2,GGAAAGACGGCAGTACGGAA,0,2236182
marRp,0.3333333333333333,2,2,GCTTCGTGTTTCGTTATTAG,0,2218346
marRp,0.3333333333333333,2,2,GCTTATTCTGTGCAACGGGA,0,2254039
marRp,0.3333333333333333,2,2,GCTTATTCCGAGCTAGTGTA,0,2242337
marRp,0.3333333333333333,2,2,GCTTATATGGTTCCTTACCA,0,2237608
marRp,0.3333333333333333,2,2,GCTGTCAGTTTGGTGCTTGC,0,2256438
marRp,0.3333333333333333,2,2,GCTGTACGCACAAACGGATG,0,2247973
marRp,0.3333333333333333,2,2,GCTGGTGGGTGTAGAATGAT,0,2232472
marRp,0.3333333333333333,2,2,GCTGGTCGGGACCGGACTTT,0,2238585
marRp,0.3333333333333333,2,2,GCTGCGGGTTCCTGAAAGAC,0,2246988
marRp,0.3333333333333333,2,2,GCTGCCGTGTCAGGTGGTGT,0,2224598
marRp,0.3333333333333333,2,2,GCTCTCTACCAATGTGGACG,0,2247775
marRp,0.3333333333333333,2,2,GCTCTCCAGACGGTATGAAC,0,2231892
marRp,0.3333333333333333,2,2,GCTCGTACGAGAAACTCCAC,0,2239507
marRp,0.3333333333333333,2,2,GCTCGGGTACGTTGGTACTG,0,2250362
marRp,0.3333333333333333,2,2,GCTCGCTGTCACAGAATCAA,0,2246056
marRp,0.3333333333333333,2,2,GCTCCGCCTTCAATACTATT,0,2255254
marRp,0.3333333333333333,2,2,GCTCAACGGAGCCGAAAAGC,0,2248799
marRp,0.3333333333333333,2,2,GCTATTCCTTTAGATGAATA,0,2232868
marRp,0.3333333333333333,2,2,GCTATTAGTTTTAGGCAACC,0,2218388
marRp,0.3333333333333333,2,2,GCTAACTAGGACCGTGTCTG,0,2236388
marRp,0.3333333333333333,2,2,GCGTGTGCCCACTGTCCAGT,0,2225988
marRp,0.3333333333333333,2,2,GCGTCGAATACACAAGAAGA,0,2254550
marRp,0.3333333333333333,2,2,GCGTAGGTGAGTACACTGAA,0,2233453
marRp,0.3333333333333333,2,2,GCGTAGAAGAAGGTAGACAT,0,2258882
marRp,0.3333333333333333,2,2,GCGGTGTAAAGGTACACGAC,0,2239203
marRp,0.3333333333333333,2,2,GCGGTCACCGCTAGGCCTCG,0,2252474
marRp,0.3333333333333333,2,2,GCGGGCTCCCTGGCCGGCCC,0,2220625
marRp,0.3333333333333333,2,2,GCGGGAGGTTACAATAGAAA,0,2220842
marRp,0.3333333333333333,2,2,GCGGCGCCCAATCTCAGAAG,0,2249510
marRp,0.3333333333333333,2,2,GCGGCGATTACCAAGTCGAA,0,2228989
marRp,0.3333333333333333,2,2,GCGGCCCTGTCGCTCCGGAT,0,2241833
marRp,0.3333333333333333,2,2,GCGGCAAAGATGCACGTTCA,0,2257969
marRp,0.3333333333333333,2,2,GCGGATTAACTCTCGGATGA,0,2251748
marRp,0.3333333333333333,2,2,GCGGATAAGGTGCTTGCATC,0,2236323
marRp,0.3333333333333333,2,2,GCGCTTAGGAGGGCAGGCGA,0,2217982
marRp,0.3333333333333333,2,2,GCGCTGTGTAACCGACCCGC,0,2233476
marRp,0.3333333333333333,2,2,GCGCTCAAGTAGATCGCTAA,0,2254061
marRp,0.3333333333333333,2,2,GCGCCGTGGGTAAAACGAAG,0,2239003
marRp,0.3333333333333333,2,2,GCGATGGGCAGGTACGCTTG,0,2247248
marRp,0.3333333333333333,2,2,GCGACATGTCGATCTCCGGA,0,2245658
marRp,0.3333333333333333,2,2,GCGACAGTATACCAGGACAT,0,2257164
marRp,0.3333333333333333,2,2,GCCTTAAGACTGAAGAAGTT,0,2240169
marRp,0.3333333333333333,2,2,GCCTGTGTACGTCAAAAGAC,0,2256637
marRp,0.3333333333333333,2,2,GCCTAATTGTAACCCGGGTA,0,2254254
marRp,0.3333333333333333,2,2,GCCGTCGCAGATTTAGAGTG,0,2260240
marRp,0.3333333333333333,2,2,GCCGCGTGGTATGCATGGGG,0,2248920
marRp,0.3333333333333333,2,2,GCCGATAAAACTCAGGTGAG,0,2244958
marRp,0.3333333333333333,2,2,GCCCACAAGGAGAGACTCTG,0,2259356
marRp,0.3333333333333333,2,2,GCCATTTCAGAGCAGTCAGC,0,2241766
marRp,0.3333333333333333,2,2,GCCATTGCGCAACATACAGT,0,2249695
marRp,0.3333333333333333,2,2,GCCATGTAAGCGTGGCCGTC,0,2222249
marRp,0.3333333333333333,2,2,GCCATGAGATAAGATAGTCC,0,2237412
marRp,0.3333333333333333,2,2,GCCACTCACGTGGGAAAGAA,0,2246052
marRp,0.3333333333333333,2,2,GCCACGTTATTTCTACTTAA,0,2260643
marRp,0.3333333333333333,2,2,GCATTTTCGTAATTCAACTC,0,2218299
marRp,0.3333333333333333,2,2,GCATTTACGTTTTGAGCCAC,0,2237797
marRp,0.3333333333333333,2,2,GCATTGTTCGTTCGACTAAA,0,2235838
marRp,0.3333333333333333,2,2,GCATCGATGGCGGTTATCCT,0,2227216
marRp,0.3333333333333333,2,2,GCATCGAGCTTGAAAGGACC,0,2246918
marRp,0.3333333333333333,2,2,GCATCCCGGGAGACGCTCTT,0,2230169
marRp,0.3333333333333333,2,2,GCATATCATTGCTGGTCCTT,0,2236403
marRp,0.3333333333333333,2,2,GCATATAGTAAAGACCCAAG,0,2231331
marRp,0.3333333333333333,2,2,GCAGTTCAGCTAAATTGGTA,0,2239559
marRp,0.3333333333333333,2,2,GCAGCTCACGGCAACTGGCT,0,2242958
marRp,0.3333333333333333,2,2,GCACGCTGTCGCTATGGGAC,0,2231175
marRp,0.3333333333333333,2,2,GCACGAATATAGCGTGGGGT,0,2250864
marRp,0.3333333333333333,2,2,GCACCTAATGTAGGCCTCTT,0,2229829
marRp,0.3333333333333333,2,2,GCACCAACTTGCCTGGAAAG,0,2226389
marRp,0.3333333333333333,2,2,GCACATAGGGCGTTCTATAA,0,2237840
marRp,0.3333333333333333,2,2,GCACACGGCTAGCGCGGACT,0,2227244
marRp,0.3333333333333333,2,2,GCACAATGCGGACCATTCTA,0,2225541
marRp,0.3333333333333333,2,2,GCAATCCTACCACTTGTTGA,0,2220673
marRp,0.3333333333333333,2,2,GCAATAGTTCGGCACCCAGC,0,2226979
marRp,0.3333333333333333,2,2,GCAAGGTCACGGATAAATTG,0,2257755
marRp,0.3333333333333333,2,2,GCAAGGCGTAAACCTACACG,0,2222376
marRp,0.3333333333333333,2,2,GCAAGAGCGAGGCGCGGCCT,0,2248880
marRp,0.3333333333333333,2,2,GCAACGCGCTCTAGCAGATC,0,2249299
marRp,0.3333333333333333,2,2,GCAACCAGCGAATTTGAATT,0,2254462
marRp,0.3333333333333333,2,2,GCAAACGACAGGGGTTAGGC,0,2250583
marRp,0.3333333333333333,2,2,GCAAAAGATAGAAGGCCTCA,0,2227880
marRp,0.3333333333333333,2,2,GATTTTTAGAGCTCTGAAAA,0,2226184
marRp,0.3333333333333333,2,2,GATTTACGTGGGGCACCTCG,0,2233934
marRp,0.3333333333333333,2,2,GATTCATTTGGATAGCACCA,0,2235689
marRp,0.3333333333333333,2,2,GATTATGCTATTCTCGTATG,0,2251184
marRp,0.3333333333333333,2,2,GATTATCTACCGTGGGGACA,0,2221043
marRp,0.3333333333333333,2,2,GATGGATGTAACATTAGAAT,0,2221074
marRp,0.3333333333333333,2,2,GATGGAGGCTTGACTCGCCC,0,2248693
marRp,0.3333333333333333,2,2,GATGATCCGCTCCGGTCTGG,0,2220278
marRp,0.3333333333333333,2,2,GATGAAGAAGCCTGACGCCA,0,2239295
marRp,0.3333333333333333,2,2,GATCGCGTAGCGTATGATAA,0,2253289
marRp,0.3333333333333333,2,2,GATCAGACCTGAGGTCTTGA,0,2226779
marRp,0.3333333333333333,2,2,GATATGGTTGTTTAGCGGTA,0,2240214
marRp,0.3333333333333333,2,2,GATACCAATATTGGGTGACT,0,2229989
marRp,0.3333333333333333,2,2,GAGTCTTGGCAATTCAATAG,0,2243032
marRp,0.3333333333333333,2,2,GAGTATTTACCGTCTTCTAC,0,2253839
marRp,0.3333333333333333,2,2,GAGTAAAAGAGGGCACACCG,0,2224702
marRp,0.3333333333333333,2,2,GAGGTCTCTTTCATGGGTTA,0,2254539
marRp,0.3333333333333333,2,2,GAGGGGTTGGGAACGTTTGA,0,2258510
marRp,0.3333333333333333,2,2,GAGGCTAGCGCGATGTTAAT,0,2223232
marRp,0.3333333333333333,2,2,GAGGCCTGCCCGTGCCAAAC,0,2243227
marRp,0.3333333333333333,2,2,GAGCTTTGGGGCGTTAGGAT,0,2222425
marRp,0.3333333333333333,2,2,GAGCCTTTAAGCTAACCAGT,0,2240511
marRp,0.3333333333333333,2,2,GAGCCGTTCTTCCACCTGGA,0,2242969
marRp,0.3333333333333333,2,2,GAGCCCAGTGGCTGTTAGTA,0,2251387
marRp,0.3333333333333333,2,2,GAGCATAGTGTCACTAAATT,0,2228222
marRp,0.3333333333333333,2,2,GAGCAGGTTTCGACAGGATT,0,2237690
marRp,0.3333333333333333,2,2,GAGACGCATGCCGGCATCAT,0,2224456
marRp,0.3333333333333333,2,2,GAGAAGTAGTACAACAGACG,0,2259826
marRp,0.3333333333333333,2,2,GACTTCGGGTGCCCGAATAA,0,2227972
marRp,0.3333333333333333,2,2,GACTGTCTGGTACCAGTGAG,0,2259266
marRp,0.3333333333333333,2,2,GACTGAGCGGTCTGAGATCT,0,2228447
marRp,0.3333333333333333,2,2,GACTCCTCGTGACGCCGCAA,0,2228368
marRp,0.3333333333333333,2,2,GACGTAGTGTTGTCGATGCG,0,2219403
marRp,0.3333333333333333,2,2,GACGGTCCCAAAGACTCGGA,0,2220597
marRp,0.3333333333333333,2,2,GACGGCCCAGTATGTGAGAG,0,2244274
marRp,0.3333333333333333,2,2,GACGGAGCATCACTGGTGCG,0,2225967
marRp,0.3333333333333333,2,2,GACGCGTTTCGCGGCATAAT,0,2236165
marRp,0.3333333333333333,2,2,GACCGTCGTACTGGGACTCT,0,2241037
marRp,0.3333333333333333,2,2,GACCGGGGACTGTTGGCGGG,0,2233510
marRp,0.3333333333333333,2,2,GACCCTGACCAATTTCGGCG,0,2257405
marRp,0.3333333333333333,2,2,GACATTTATTTCATGCATGC,0,2231733
marRp,0.3333333333333333,2,2,GACACTATGGTAGTCCTTGC,0,2221993
marRp,0.3333333333333333,2,2,GACACCGTCAAGAATATATT,0,2237785
marRp,0.3333333333333333,2,2,GACACAGGCGTTCAAATGCC,0,2228648
marRp,0.3333333333333333,2,2,GAATGACCGTAAAACTCCAC,0,2221843
marRp,0.3333333333333333,2,2,GAATCGAATTTATATAGCAC,0,2258842
marRp,0.3333333333333333,2,2,GAAGGTAGGTATACATACAC,0,2248536
marRp,0.3333333333333333,2,2,GAAGGCTCAGTCACTCCCTG,0,2243670
marRp,0.3333333333333333,2,2,GAAGGCCTCCGCGAATCATT,0,2228606
marRp,0.3333333333333333,2,2,GAAGACCGCGGGAGTGACTA,0,2239200
marRp,0.3333333333333333,2,2,GAACTGGTCAGGCGCCATGG,0,2248622
marRp,0.3333333333333333,2,2,GAACGTATTACCCCGGCCTA,0,2249800
marRp,0.3333333333333333,2,2,GAACGTAATACTTACCTGGC,0,2257184
marRp,0.3333333333333333,2,2,GAACGCCGAGACATTGGGAC,0,2246107
marRp,0.3333333333333333,2,2,GAACCTGCTTGGTACAGCCA,0,2247075
marRp,0.3333333333333333,2,2,GAACCCGTGTCCTCCGTAGC,0,2221352
marRp,0.3333333333333333,2,2,GAAAGCTTTCTAGCTGGTGG,0,2247174
marRp,0.3333333333333333,2,2,GAAACTCGCATGTAGTGGTG,0,2247531
marRp,0.3333333333333333,2,2,GAAAATGCGTCACGAACGCT,0,2252942
marRp,0.3333333333333333,2,2,CTTTTTCACAGAGCCAATAG,0,2234151
marRp,0.3333333333333333,2,2,CTTTTTACGGCTGGTCATCC,0,2221712
marRp,0.3333333333333333,2,2,CTTTTGTACACTTTACGGGA,0,2255083
marRp,0.3333333333333333,2,2,CTTTCTTTAGGATCTAATAT,0,2255684
marRp,0.3333333333333333,2,2,CTTTCCATGTATGGAGGGTA,0,2236330
marRp,0.3333333333333333,2,2,CTTTAGACGTAAGGACGTTG,0,2232221
marRp,0.3333333333333333,2,2,CTTGGTCTGTGCATACATGA,0,2221806
marRp,0.3333333333333333,2,2,CTTGGTACGTCGATATAACG,0,2222222
marRp,0.3333333333333333,2,2,CTTGGGCATTAGTGTAGCGT,0,2243871
marRp,0.3333333333333333,2,2,CTTGGATCCACGCTGTTAGC,0,2255102
marRp,0.3333333333333333,2,2,CTTGCTAGGGCCTATTTTGG,0,2230962
marRp,0.3333333333333333,2,2,CTTGCGGGGGATAGACCTTA,0,2228891
marRp,0.3333333333333333,2,2,CTTGCCAGACCAATGCGCGG,0,2253793
marRp,0.3333333333333333,2,2,CTTCTCCACAATATGACAGC,0,2248922
marRp,0.3333333333333333,2,2,CTTCGCAGTGTCGCCGCGTG,0,2248125
marRp,0.3333333333333333,2,2,CTTCGAGTAGGTTCCTTTTG,0,2240242
marRp,0.3333333333333333,2,2,CTTCCGGGCTTATATCAATA,0,2234654
marRp,0.3333333333333333,2,2,CTTCCCGGCGACTAAGGAAG,0,2234714
marRp,0.3333333333333333,2,2,CTTCAATCGCGGCCGTTTCG,0,2235411
marRp,0.3333333333333333,2,2,CTTACTGTGGTACCCTAATC,0,2219750
marRp,0.3333333333333333,2,2,CTTACACGCAGGGCTCTGAG,0,2221315
marRp,0.3333333333333333,2,2,CTGTTGTCTCACCGGGCCGG,0,2252423
marRp,0.3333333333333333,2,2,CTGTGCGAATGCGTTATTAT,0,2242615
marRp,0.3333333333333333,2,2,CTGTGATCTGCCACATTGCA,0,2237589
marRp,0.3333333333333333,2,2,CTGTCTTCCAAAGTAAGCGC,0,2231528
marRp,0.3333333333333333,2,2,CTGTCAAGGGGCAGGCCCCA,0,2234467
marRp,0.3333333333333333,2,2,CTGTATGACAATGTAATCTT,0,2218649
marRp,0.3333333333333333,2,2,CTGGTGACTTCCTAGCAGAA,0,2252742
marRp,0.3333333333333333,2,2,CTGGGACAGACAGGGTCCTG,0,2258694
marRp,0.3333333333333333,2,2,CTGGCCACGCCGTAATCACC,0,2251681
marRp,0.3333333333333333,2,2,CTGGAGGCTGACTGCCATCT,0,2229546
marRp,0.3333333333333333,2,2,CTGGACGCTCGAGGCCTTAC,0,2254580
marRp,0.3333333333333333,2,2,CTGGAACAGAGACGATAGTG,0,2241803
marRp,0.3333333333333333,2,2,CTGCTTTCTTGCCGTTAGGG,0,2238409
marRp,0.3333333333333333,2,2,CTGCTTGGATCTATTTTTGG,0,2248227
marRp,0.3333333333333333,2,2,CTGCGAACTAGGTATAGGTC,0,2236495
marRp,0.3333333333333333,2,2,CTGCCTAGAGAATAGTTAAG,0,2229043
marRp,0.3333333333333333,2,2,CTGCCCTGCTTACCTAAATT,0,2232878
marRp,0.3333333333333333,2,2,CTGCAATGATAGATCACGAT,0,2245239
marRp,0.3333333333333333,2,2,CTGATTGTAAGGAGTGCTGG,0,2246970
marRp,0.3333333333333333,2,2,CTGATGGTCGAGGCTTATGT,0,2245041
marRp,0.3333333333333333,2,2,CTGATCTGAGTCTACATATA,0,2254607
marRp,0.3333333333333333,2,2,CTGAGCGTTATTACGCGAAG,0,2240654
marRp,0.3333333333333333,2,2,CTGAATGAGAAGGGCAATGT,0,2224324
marRp,0.3333333333333333,2,2,CTCTGGATGACCGGAAAGCC,0,2237648
marRp,0.3333333333333333,2,2,CTCTGACGGTCGGACACTTC,0,2232759
marRp,0.3333333333333333,2,2,CTCTACACGGCGGCGTCCCA,0,2254085
marRp,0.3333333333333333,2,2,CTCGGGATCGAACCCATTAC,0,2247275
marRp,0.3333333333333333,2,2,CTCGGATACTGGAAACACGG,0,2231828
marRp,0.3333333333333333,2,2,CTCGCGCATTACAAGCGACG,0,2223677
marRp,0.3333333333333333,2,2,CTCGCGACTCAACAGTAATG,0,2240008
marRp,0.3333333333333333,2,2,CTCGCCCTCCTCGACTTATT,0,2252392
marRp,0.3333333333333333,2,2,CTCCTGCGTTGTAACGCTTT,0,2258025
marRp,0.3333333333333333,2,2,CTCCTCTTGCCGTCCTTAGA,0,2260645
marRp,0.3333333333333333,2,2,CTCCGGAAGAAGGGTAGAAG,0,2221265
marRp,0.3333333333333333,2,2,CTCCGATGCATCGCACCGGC,0,2243558
marRp,0.3333333333333333,2,2,CTCCCGGTTGAAGAAAGATT,0,2250539
marRp,0.3333333333333333,2,2,CTCCAGGCTGAAGCCGAGCC,0,2224600
marRp,0.3333333333333333,2,2,CTCATTTTTTCACCATAAAC,0,2250398
marRp,0.3333333333333333,2,2,CTCATGCAGTCTATCGGTAA,0,2236162
marRp,0.3333333333333333,2,2,CTCATCCTATGATGAGTTGG,0,2220646
marRp,0.3333333333333333,2,2,CTCAGATCTTATTTTACGGC,0,2239302
marRp,0.3333333333333333,2,2,CTCAAACGTTCGTCTGCTGT,0,2223853
marRp,0.3333333333333333,2,2,CTATTGTCTGATTTGGGTTA,0,2251356
marRp,0.3333333333333333,2,2,CTATGCTGGGTGATGTGATG,0,2247540
marRp,0.3333333333333333,2,2,CTATAATCCTTCCGCAAGTC,0,2236112
marRp,0.3333333333333333,2,2,CTATAAGGGTGCACATGTAG,0,2244058
marRp,0.3333333333333333,2,2,CTATAAGGAGATGCGTAATC,0,2242595
marRp,0.3333333333333333,2,2,CTATAACCAGAAGCATGTAG,0,2251280
marRp,0.3333333333333333,2,2,CTATAAATTTTTGGCGGTTA,0,2228311
marRp,0.3333333333333333,2,2,CTAGTATCAATACGCCGTTT,0,2235941
marRp,0.3333333333333333,2,2,CTAGTAGGCTGACGCCCCAT,0,2227098
marRp,0.3333333333333333,2,2,CTAGTAATATTAGAAATCCG,0,2236267
marRp,0.3333333333333333,2,2,CTAGGTTTTCAGGTTAGATT,0,2252467
marRp,0.3333333333333333,2,2,CTACGATCTGTCGGCTCTGC,0,2238348
marRp,0.3333333333333333,2,2,CTACCCGCCTTTGACGCGGT,0,2233275
marRp,0.3333333333333333,2,2,CTACCCGCACGGAATCTCGT,0,2224808
marRp,0.3333333333333333,2,2,CTACAGCACGACTCACGCTG,0,2225050
marRp,0.3333333333333333,2,2,CTAATTGGGCTTGCAATATT,0,2224139
marRp,0.3333333333333333,2,2,CTAATACATGGGAGCACGGC,0,2235674
marRp,0.3333333333333333,2,2,CTAAGTCATCCCATGCCTTA,0,2218688
marRp,0.3333333333333333,2,2,CTAACACACGCGTAGAAATA,0,2253893
marRp,0.3333333333333333,2,2,CTAAATTACATCACGATTCA,0,2255522
marRp,0.3333333333333333,2,2,CGTTTTTACGTTATTCGTTT,0,2235982
marRp,0.3333333333333333,2,2,CGTTGGGGGATTACAAATCG,0,2242757
marRp,0.3333333333333333,2,2,CGTTGGCTTACTTAGCGAGC,0,2250633
marRp,0.3333333333333333,2,2,CGTTGGCTAGAGAGGTATAG,0,2229182
marRp,0.3333333333333333,2,2,CGTTGCTTTTAGGCGTATGC,0,2251549
marRp,0.3333333333333333,2,2,CGTTCGCATCCTTCCTAGAG,0,2251982
marRp,0.3333333333333333,2,2,CGTTCGAGAATTTGGGCCGT,0,2242936
marRp,0.3333333333333333,2,2,CGTTATCGAAACCCCGCTGT,0,2245616
marRp,0.3333333333333333,2,2,CGTTAAATTTGGGTATGCGA,0,2246778
marRp,0.3333333333333333,2,2,CGTGTGTCTATATACCCTGC,0,2252484
marRp,0.3333333333333333,2,2,CGTGTCGCAGCGCGCTCCTC,0,2219461
marRp,0.3333333333333333,2,2,CGTGAACTCATCGTCCGGAA,0,2233413
marRp,0.3333333333333333,2,2,CGTGAAAAACCAGAGGAGTC,0,2224585
marRp,0.3333333333333333,2,2,CGTCTTGATTAGAGCTCAAA,0,2238207
marRp,0.3333333333333333,2,2,CGTCTGATGTGGAGTCCGTA,0,2228922
marRp,0.3333333333333333,2,2,CGTCTAGATCTCGCACAGGC,0,2243960
marRp,0.3333333333333333,2,2,CGTCTACTTAGCGAGCGACG,0,2241225
marRp,0.3333333333333333,2,2,CGTCCACCGGCCGATAGGTA,0,2244310
marRp,0.3333333333333333,2,2,CGTCACCTTAGCTATATGCT,0,2228134
marRp,0.3333333333333333,2,2,CGTATCGCGACACCGATGTC,0,2252009
marRp,0.3333333333333333,2,2,CGTATAACATCGCTCGCAGT,0,2224571
marRp,0.3333333333333333,2,2,CGTAGTAGAGTCACTACAGC,0,2259098
marRp,0.3333333333333333,2,2,CGTAGAAGTTTAGTGCATAT,0,2222794
marRp,0.3333333333333333,2,2,CGTACCTGGGCCGTATGTCC,0,2227379
marRp,0.3333333333333333,2,2,CGTACAGTCGTGTGGTCCTT,0,2232870
marRp,0.3333333333333333,2,2,CGTAAGGGGACTTAAATTTT,0,2249010
marRp,0.3333333333333333,2,2,CGGTTTAAAATAAAATGTAG,0,2248915
marRp,0.3333333333333333,2,2,CGGTTGGAAGCGTCCGACCC,0,2228963
marRp,0.3333333333333333,2,2,CGGTTCTCGTCATATAGGTC,0,2233707
marRp,0.3333333333333333,2,2,CGGTTCCCCAGTATGTCGGA,0,2234048
marRp,0.3333333333333333,2,2,CGGTGTTCGGTCATAGGCCA,0,2220128
marRp,0.3333333333333333,2,2,CGGTGTATTTTTATCTTGCT,0,2228590
marRp,0.3333333333333333,2,2,CGGTCAGGGTTATGGGATAT,0,2251369
marRp,0.3333333333333333,2,2,CGGTCAGAGCTTATTACCAG,0,2236758
marRp,0.3333333333333333,2,2,CGGTAGTACGTGGACTTGTC,0,2232841
marRp,0.3333333333333333,2,2,CGGGTTTTATAGAGGTTGAT,0,2254609
marRp,0.3333333333333333,2,2,CGGGGATCCGTTCATAGACA,0,2233673
marRp,0.3333333333333333,2,2,CGGGCGCACTATACCTTTTT,0,2245837
marRp,0.3333333333333333,2,2,CGGGAGTTGTGGGCCATGTT,0,2249278
marRp,0.3333333333333333,2,2,CGGGAGACTGATTCTCTCAG,0,2223020
marRp,0.3333333333333333,2,2,CGGGACTATAGGTTTTGAAA,0,2250533
marRp,0.3333333333333333,2,2,CGGCTGTCATTTCACTGTTG,0,2221797
marRp,0.3333333333333333,2,2,CGGCTGGCAATCGGACAGAT,0,2219112
marRp,0.3333333333333333,2,2,CGGCTAGTTGACTGCTTTTA,0,2236578
marRp,0.3333333333333333,2,2,CGGCGTAATTAATTTCTGAG,0,2246139
marRp,0.3333333333333333,2,2,CGGCGAGAACGGCGTCCTGA,0,2252037
marRp,0.3333333333333333,2,2,CGGCCGATTATAAGTAGGTA,0,2253380
marRp,0.3333333333333333,2,2,CGGCCACTTCTTGATCGGGG,0,2237861
marRp,0.3333333333333333,2,2,CGGCATCCGGTTTAAGAGGT,0,2246813
marRp,0.3333333333333333,2,2,CGGAGTAGCCGTGCAGATAA,0,2245006
marRp,0.3333333333333333,2,2,CGCTACCTTTTAAATTGGGT,0,2255394
marRp,0.3333333333333333,2,2,CGCTAAGCTGATTCACTTGA,0,2228500
marRp,0.3333333333333333,2,2,CGCGTGCCCCAGAGACGACA,0,2231305
marRp,0.3333333333333333,2,2,CGCGGCAAAGCCTGGTCCCG,0,2229438
marRp,0.3333333333333333,2,2,CGCCTACCTTAATCCTAATG,0,2248994
marRp,0.3333333333333333,2,2,CGCCGAGGGGCTCTGGCGTC,0,2223346
marRp,0.3333333333333333,2,2,CGCCCCTCCAAAAATGCCTC,0,2246262
marRp,0.3333333333333333,2,2,CGCCCACAACTATCCAGGAG,0,2252768
marRp,0.3333333333333333,2,2,CGCATAGGTTGGCTCTACTG,0,2247784
marRp,0.3333333333333333,2,2,CGCAGGGGGTTCACCAGCGT,0,2228641
marRp,0.3333333333333333,2,2,CGCAGACAAATGACGGATCT,0,2238208
marRp,0.3333333333333333,2,2,CGCAACGAAATTTGACATAC,0,2230703
marRp,0.3333333333333333,2,2,CGATTTTTCAAGGTATCTAT,0,2229565
marRp,0.3333333333333333,2,2,CGATTATGCAACTCCAGACG,0,2247867
marRp,0.3333333333333333,2,2,CGATTACGCTCGGCATCCGC,0,2255767
marRp,0.3333333333333333,2,2,CGATCGGACACGCAGGTCAA,0,2257836
marRp,0.3333333333333333,2,2,CGATAGGTACATGGATCCTA,0,2225318
marRp,0.3333333333333333,2,2,CGAGTGTTGGCGTACACGCG,0,2239775
marRp,0.3333333333333333,2,2,CGAGGTTCTGACCGTTATTG,0,2245402
marRp,0.3333333333333333,2,2,CGAGGGCACGGACCGCGGCA,0,2224280
marRp,0.3333333333333333,2,2,CGAGACAGAAAACCGCCACG,0,2236439
marRp,0.3333333333333333,2,2,CGACTTGCCGGTAATTCAGC,0,2251276
marRp,0.3333333333333333,2,2,CGACTCGGAGCGTGCCAACA,0,2220334
marRp,0.3333333333333333,2,2,CGACGCATCATACCATCGTG,0,2251707
marRp,0.3333333333333333,2,2,CGACCGCTTGACGCGTTCCA,0,2220411
marRp,0.3333333333333333,2,2,CGACAAGAGCGTGGGACGGG,0,2228215
marRp,0.3333333333333333,2,2,CGAATCAGATCAGAGTAGAA,0,2247439
marRp,0.3333333333333333,2,2,CGAATAACCGGATATCTGTA,0,2243967
marRp,0.3333333333333333,2,2,CGAAGGACGTACGATATACG,0,2260641
marRp,0.3333333333333333,2,2,CCTTTGTGACCACTTTAATG,0,2238198
marRp,0.3333333333333333,2,2,CCTTTGATGTCACTTTCTGA,0,2257805
marRp,0.3333333333333333,2,2,CCTTTAGCATATCATTATGG,0,2218320
marRp,0.3333333333333333,2,2,CCTTGGCTATGTATTCGCCC,0,2229759
marRp,0.3333333333333333,2,2,CCTTGAAGGAAGGAGCTGAT,0,2228425
marRp,0.3333333333333333,2,2,CCTTATGGTCCCACCCTATG,0,2219797
marRp,0.3333333333333333,2,2,CCTTATCTCAGTAAACGGTG,0,2227830
marRp,0.3333333333333333,2,2,CCTGGCGTTGCAAGTCCCTA,0,2252387
marRp,0.3333333333333333,2,2,CCTGGCACTTAGACAATGCA,0,2239354
marRp,0.3333333333333333,2,2,CCTGCTTAGTCCGTTCAAAA,0,2225629
marRp,0.3333333333333333,2,2,CCTGCCGTCTGGTACGCTAG,0,2233784
marRp,0.3333333333333333,2,2,CCTGAGATTATCGCTCTGGA,0,2256639
marRp,0.3333333333333333,2,2,CCTGACTACCAAACCTCCTT,0,2234280
marRp,0.3333333333333333,2,2,CCTGAAAGGCCATTCCGATT,0,2247164
marRp,0.3333333333333333,2,2,CCTCGCTGACTTTTGGATGC,0,2258815
marRp,0.3333333333333333,2,2,CCTCCGCATTGCCAGAAGTG,0,2242992
marRp,0.3333333333333333,2,2,CCTCCAGACGTCGTAGTTTA,0,2240638
marRp,0.3333333333333333,2,2,CCTACTCCCGAGTAAATTGT,0,2240192
marRp,0.3333333333333333,2,2,CCTACATAGTCTTTTGTCTG,0,2240102
marRp,0.3333333333333333,2,2,CCGTTTTATGGGTTAATGTT,0,2221448
marRp,0.3333333333333333,2,2,CCGTTGGTTCTTAGAGACAT,0,2242864
marRp,0.3333333333333333,2,2,CCGTTCCTCAGCGCTCGGCT,0,2256136
marRp,0.3333333333333333,2,2,CCGTGTTGGACTCACACTGT,0,2240114
marRp,0.3333333333333333,2,2,CCGTGCTGGATGTCAAACTC,0,2239193
marRp,0.3333333333333333,2,2,CCGTATCATCTTCCTCTATT,0,2232464
marRp,0.3333333333333333,2,2,CCGGTCCACCCCATGGTTGA,0,2242319
marRp,0.3333333333333333,2,2,CCGGTAGTTCAGGCAAGGAA,0,2246586
marRp,0.3333333333333333,2,2,CCGGGTCCAGAAGGCTACGT,0,2246113
marRp,0.3333333333333333,2,2,CCGGGGGGGGCCGCGCGGAC,0,2254119
marRp,0.3333333333333333,2,2,CCGGGGGCGTCTTTATTCGC,0,2235631
marRp,0.3333333333333333,2,2,CCGGCTTATCCCGTCCCCGA,0,2217861
marRp,0.3333333333333333,2,2,CCGGCAACAAGAGCGTTGGG,0,2245550
marRp,0.3333333333333333,2,2,CCGGATTGGCTAAAACGTTT,0,2231107
marRp,0.3333333333333333,2,2,CCGCTTCTCGTTTAGGTTCC,0,2228210
marRp,0.3333333333333333,2,2,CCGCTGCTTGATATCTCCCA,0,2244379
marRp,0.3333333333333333,2,2,CCGCTGATATAGGAAAGGCT,0,2226142
marRp,0.3333333333333333,2,2,CCGCTCACGAACTTCAAGTG,0,2231407
marRp,0.3333333333333333,2,2,CCGCGGAGAAGCTTCTGCTC,0,2227943
marRp,0.3333333333333333,2,2,CCGCGAGGGATTTTAAGGGT,0,2237799
marRp,0.3333333333333333,2,2,CCGCGACTCCGCAAATCTAG,0,2255734
marRp,0.3333333333333333,2,2,CCGATTACAATTGTGCGTAC,0,2242190
marRp,0.3333333333333333,2,2,CCGAGTAGCGCTTAAGGGTG,0,2221329
marRp,0.3333333333333333,2,2,CCGAATATTTGGCGCTGCCT,0,2222448
marRp,0.3333333333333333,2,2,CCGAAATGAAGGAGAGCGCC,0,2236163
marRp,0.3333333333333333,2,2,CCCGGGACAGTCAGAAACGA,0,2238643
marRp,0.3333333333333333,2,2,CCCGGCCACGCACCGGGGTA,0,2256727
marRp,0.3333333333333333,2,2,CCCGCTCGATTACGACATTG,0,2232404
marRp,0.3333333333333333,2,2,CCCGCGTAATTGAAACGCTC,0,2239400
marRp,0.3333333333333333,2,2,CCCGACGCTCAGGGCACTAG,0,2249309
marRp,0.3333333333333333,2,2,CCCCTTTTCACTTATAATCC,0,2229035
marRp,0.3333333333333333,2,2,CCCCGTAACAGTGCATAAAT,0,2251165
marRp,0.3333333333333333,2,2,CCCCGATAGTCATAGCGCCT,0,2248266
marRp,0.3333333333333333,2,2,CCCATCGGTTAGATTAGGCG,0,2224524
marRp,0.3333333333333333,2,2,CCCATCGGCGGTTTGTCAGT,0,2245614
marRp,0.3333333333333333,2,2,CCCAGGGAGCCCTCCCCTAA,0,2237065
marRp,0.3333333333333333,2,2,CCCAGAAAGACCCTAAGTGT,0,2236472
marRp,0.3333333333333333,2,2,CCCACGGTATGCGTAAAGTG,0,2227518
marRp,0.3333333333333333,2,2,CCCACGGACGGCACTCAGCA,0,2257531
marRp,0.3333333333333333,2,2,CCCACCGTTGTATACTGTGT,0,2228376
marRp,0.3333333333333333,2,2,CCCAACGATTGGTAAGAACA,0,2221813
marRp,0.3333333333333333,2,2,CCATCTAGACGGTTAGCTTC,0,2228208
marRp,0.3333333333333333,2,2,CCATACGTTCGACAATGTTT,0,2234589
marRp,0.3333333333333333,2,2,CCAGTTCCCTAGCGCGCTAC,0,2256929
marRp,0.3333333333333333,2,2,CCAGTCATGTCTAAATATAG,0,2219894
marRp,0.3333333333333333,2,2,CCAGTACTCGTCGGCCATCT,0,2238165
marRp,0.3333333333333333,2,2,CCAGGTAAAGGCCCCAGGAG,0,2223252
marRp,0.3333333333333333,2,2,CCAGCTTAGGGTTGGCCTTA,0,2252010
marRp,0.3333333333333333,2,2,CCAGCGACCACGTTAGCACT,0,2247323
marRp,0.3333333333333333,2,2,CCAGCCCGGCGTTATTCAAA,0,2240575
marRp,0.3333333333333333,2,2,CCAGATGGTTATGGTGGCAT,0,2236885
marRp,0.3333333333333333,2,2,CCAGAGCTGGATTGTGGGCG,0,2218198
marRp,0.3333333333333333,2,2,CCAGACTAAAAATAATATCT,0,2239692
marRp,0.3333333333333333,2,2,CCAGACCCAGAAGGGAGCCT,0,2231839
marRp,0.3333333333333333,2,2,CCACTAGAGTCTACGTCCCC,0,2245890
marRp,0.3333333333333333,2,2,CCACTACGCCGGAAACGCCA,0,2260123
marRp,0.3333333333333333,2,2,CCACGTGAGCACCATTCAGA,0,2254702
marRp,0.3333333333333333,2,2,CCACCGAACAAATACCATCA,0,2244166
marRp,0.3333333333333333,2,2,CCACAGCCCCAGTAGTATTA,0,2218361
marRp,0.3333333333333333,2,2,CCACAATACAGCGAGCTCCC,0,2250504
marRp,0.3333333333333333,2,2,CCAATCGTCGGTGCACATCG,0,2226391
marRp,0.3333333333333333,2,2,CCAATATCACAAAACTATGC,0,2225312
marRp,0.3333333333333333,2,2,CCAAGCAGGCAAGTCGAATT,0,2245737
marRp,0.3333333333333333,2,2,CCAACCTTATATGGTGGAAC,0,2252638
marRp,0.3333333333333333,2,2,CCAACAGTGGATCACACATA,0,2236453
marRp,0.3333333333333333,2,2,CATTTCTGGAATTACGATCC,0,2247243
marRp,0.3333333333333333,2,2,CATTTATGACGAGTAGCTGT,0,2259039
marRp,0.3333333333333333,2,2,CATTTATATCAGTTCGAACT,0,2255737
marRp,0.3333333333333333,2,2,CATTGACCGTACGGCAAGAG,0,2218825
marRp,0.3333333333333333,2,2,CATTCTCTGTTCGCCTAAGA,0,2238573
marRp,0.3333333333333333,2,2,CATTCCATCCCTGCATAGTA,0,2219444
marRp,0.3333333333333333,2,2,CATTATCCTTTAAGGTAAGT,0,2221035
marRp,0.3333333333333333,2,2,CATTAGAACACTGCGAGTTT,0,2231261
marRp,0.3333333333333333,2,2,CATGTTTCCGCCATCAAACT,0,2255804
marRp,0.3333333333333333,2,2,CATGCGGATCCGAAATCGAT,0,2233237
marRp,0.3333333333333333,2,2,CATGACGTTCTCATATGTCA,0,2248519
marRp,0.3333333333333333,2,2,CATGACACCCCTATTTTTAG,0,2224278
marRp,0.3333333333333333,2,2,CATGAACGGCGTTCATACAT,0,2228398
marRp,0.3333333333333333,2,2,CATCTGCTCAGAGAAGTTAT,0,2239535
marRp,0.3333333333333333,2,2,CATCCTTTATCCGGAATGTG,0,2240280
marRp,0.3333333333333333,2,2,CATCCCGGTAAACTAACCGG,0,2227846
marRp,0.3333333333333333,2,2,CATCCATTATTCCCAGTAGG,0,2238249
marRp,0.3333333333333333,2,2,CATCAGTAAATAATTCGTTA,0,2248005
marRp,0.3333333333333333,2,2,CATCACATTAAGCACACGAT,0,2230997
marRp,0.3333333333333333,2,2,CATATAAGGGATACGCCACC,0,2220326
marRp,0.3333333333333333,2,2,CATAGTTGTTTGGCGACGTT,0,2250430
marRp,0.3333333333333333,2,2,CATACTTTCCGCTCGTAGAC,0,2260371
marRp,0.3333333333333333,2,2,CATAATAAGGGTAATAGACC,0,2220957
marRp,0.3333333333333333,2,2,CAGTTTTTTCAATTCTTGCT,0,2253057
marRp,0.3333333333333333,2,2,CAGTTGAGGACTCTTGCAAA,0,2238995
marRp,0.3333333333333333,2,2,CAGTTCGCGGGAAACCAGGC,0,2243393
marRp,0.3333333333333333,2,2,CAGTGAGCGGCAACCTAACC,0,2228103
marRp,0.3333333333333333,2,2,CAGTGACGCGGAAAGTGTGC,0,2219748
marRp,0.3333333333333333,2,2,CAGTAACCCCGTTGAAGACA,0,2228281
marRp,0.3333333333333333,2,2,CAGGTTTCATATACACACTC,0,2234462
marRp,0.3333333333333333,2,2,CAGGTTGGAGCGTACTTCAT,0,2223921
marRp,0.3333333333333333,2,2,CAGGTTAATCCATCGGGGTT,0,2221215
marRp,0.3333333333333333,2,2,CAGGTCAGGCGGTCACATAA,0,2231967
marRp,0.3333333333333333,2,2,CAGGGGCAACAGGACTCAAC,0,2228488
marRp,0.3333333333333333,2,2,CAGGGCATGATTGGGTCATG,0,2217830
marRp,0.3333333333333333,2,2,CAGGCAAGATGTTAGCAGGA,0,2223548
marRp,0.3333333333333333,2,2,CAGGAGTTTGGCAATATTTT,0,2257666
marRp,0.3333333333333333,2,2,CAGCGCCACGCATTTTGGGT,0,2221182
marRp,0.3333333333333333,2,2,CAGCCTCAACCGCGGGTCCA,0,2218461
marRp,0.3333333333333333,2,2,CAGATGTGTTCAAATGCTAG,0,2243438
marRp,0.3333333333333333,2,2,CAGATCTTAAAATTTAAAAT,0,2240066
marRp,0.3333333333333333,2,2,CAGAGTTATATATCACCGGT,0,2258955
marRp,0.3333333333333333,2,2,CAGACTTAGGTTTTCTCGGC,0,2228088
marRp,0.3333333333333333,2,2,CAGAATCTTATAGCTGCAAA,0,2221429
marRp,0.3333333333333333,2,2,CAGAAGATTCTCTCGGTCCA,0,2219437
marRp,0.3333333333333333,2,2,CACTTGTTAGAGGGCTACAA,0,2259060
marRp,0.3333333333333333,2,2,CACTGCATACAACGTTACGT,0,2233128
marRp,0.3333333333333333,2,2,CACTGACCCTTTCGTATTCA,0,2231596
marRp,0.3333333333333333,2,2,CACTCGCATCAACAGCTTTG,0,2240212
marRp,0.3333333333333333,2,2,CACTAGGCATCTTTCCAATC,0,2244920
marRp,0.3333333333333333,2,2,CACGTTATAACGTCCGCACC,0,2259133
marRp,0.3333333333333333,2,2,CACGTGTACGAGCGTTTCAT,0,2229280
marRp,0.3333333333333333,2,2,CACGGTGTCATCATTCAACA,0,2240108
marRp,0.3333333333333333,2,2,CACGGGAGGATCGTGGATTG,0,2235172
marRp,0.3333333333333333,2,2,CACGATGTCGTAGTAGGAGT,0,2224970
marRp,0.3333333333333333,2,2,CACGACTCAACGGACCTGTT,0,2235435
marRp,0.3333333333333333,2,2,CACCTGGTAGTCGCCCGAGT,0,2229433
marRp,0.3333333333333333,2,2,CACCTGCAAGCCCTCATGTG,0,2253795
marRp,0.3333333333333333,2,2,CACCCTGCCACTTTCTGCGT,0,2224672
marRp,0.3333333333333333,2,2,CACATCCTACGGCTACGGCC,0,2242543
marRp,0.3333333333333333,2,2,CACATCAACGGCAACAGTCA,0,2255561
marRp,0.3333333333333333,2,2,CACAGACCTCATCGTCCAAA,0,2250941
marRp,0.3333333333333333,2,2,CACACGCACGGGACTTTGTT,0,2239884
marRp,0.3333333333333333,2,2,CACAAGTGCAGGGGGCCGGG,0,2232383
marRp,0.3333333333333333,2,2,CACAACCCTAGCCTTGAATA,0,2258971
marRp,0.3333333333333333,2,2,CAATGATACGGAGAGCGACC,0,2241881
marRp,0.3333333333333333,2,2,CAATCGGTCGCTGGGGTAGT,0,2246283
marRp,0.3333333333333333,2,2,CAATATTCAAGAAATAACTA,0,2234194
marRp,0.3333333333333333,2,2,CAATACCCAACGCGGGGAAG,0,2232572
marRp,0.3333333333333333,2,2,CAAGTTCCCACCTGAACTTC,0,2221141
marRp,0.3333333333333333,2,2,CAAGTTAAGGTGGCTAGGAG,0,2232815
marRp,0.3333333333333333,2,2,CAAGGCTAGCTCCACCGTCT,0,2240539
marRp,0.3333333333333333,2,2,CAAGGAGGCAGTTCTGACTT,0,2255759
marRp,0.3333333333333333,2,2,CAAGCACCCGTGTAAACAGG,0,2225892
marRp,0.3333333333333333,2,2,CAAGAGTAAGTGTAGGCGGG,0,2235979
marRp,0.3333333333333333,2,2,CAACTTAATACGTACACGGC,0,2241840
marRp,0.3333333333333333,2,2,CAACCTGGGTAAGAGGTGTC,0,2247017
marRp,0.3333333333333333,2,2,CAACCCATATATAGTTGGAG,0,2247134
marRp,0.3333333333333333,2,2,CAACACCGGCAGACAGTGCT,0,2235556
marRp,0.3333333333333333,2,2,CAACAATGCATACGTCCGTT,0,2255769
marRp,0.3333333333333333,2,2,CAAATGACCTAACGAGGTTA,0,2245480
marRp,0.3333333333333333,2,2,CAAAGTCTTGCTCTCTTGAC,0,2231549
marRp,0.3333333333333333,2,2,CAAAGGCAACTTTTCTTTAA,0,2259182
marRp,0.3333333333333333,2,2,ATTTTAAAATAAAGATGCTC,0,2226099
marRp,0.3333333333333333,2,2,ATTTGTATATCACTGTACAA,0,2247127
marRp,0.3333333333333333,2,2,ATTTGCAGAAATCATTAGGA,0,2234479
marRp,0.3333333333333333,2,2,ATTTAGATGGTAGGTATCAA,0,2245997
marRp,0.3333333333333333,2,2,ATTGTTGGTGTGCATATGTA,0,2235248
marRp,0.3333333333333333,2,2,ATTGTGATGCAGATACAAGA,0,2254735
marRp,0.3333333333333333,2,2,ATTGTCAATTATCAGCAAAT,0,2251089
marRp,0.3333333333333333,2,2,ATTGTAGGCTCGTTTCTCAA,0,2248430
marRp,0.3333333333333333,2,2,ATTGGGTTTGTTGGTGCTCG,0,2248679
marRp,0.3333333333333333,2,2,ATTGGGGACAATCTTCAGAC,0,2229156
marRp,0.3333333333333333,2,2,ATTGCGCGCGCGTATCCGCG,0,2229574
marRp,0.3333333333333333,2,2,ATTGAGGTAACAGCCACACG,0,2232698
marRp,0.3333333333333333,2,2,ATTGAAACGGTTGAAACTGC,0,2239275
marRp,0.3333333333333333,2,2,ATTGAAAAGTGGTTCCGTAT,0,2238383
marRp,0.3333333333333333,2,2,ATTCGTGCTCTCATCTCCCG,0,2225642
marRp,0.3333333333333333,2,2,ATTCGGTACAAACGCACACT,0,2230793
marRp,0.3333333333333333,2,2,ATTCCAGGAGGCAGTCCCTC,0,2225636
marRp,0.3333333333333333,2,2,ATTCACTGAGCATGTACTGA,0,2250674
marRp,0.3333333333333333,2,2,ATTCAACAGCTTAGATATTT,0,2237033
marRp,0.3333333333333333,2,2,ATTATGGGGCGTGTGCCAGG,0,2244623
marRp,0.3333333333333333,2,2,ATTAGCTTCAAGTGGTCAAA,0,2251278
marRp,0.3333333333333333,2,2,ATTAGATAATCTTATTCGGA,0,2250811
marRp,0.3333333333333333,2,2,ATTAGAACCCATAAAATCCG,0,2255967
marRp,0.3333333333333333,2,2,ATTACTTTCGATTGGGCTTA,0,2245178
marRp,0.3333333333333333,2,2,ATTACCGCAGAATACCCCGG,0,2244132
marRp,0.3333333333333333,2,2,ATGTTGGGGACTGTGTAGAT,0,2252579
marRp,0.3333333333333333,2,2,ATGTTGAATGCTTCTAGTGT,0,2239126
marRp,0.3333333333333333,2,2,ATGTGTTATCGGCGCTAGGA,0,2258729
marRp,0.3333333333333333,2,2,ATGTGCTCGGGAAAGTGGCT,0,2259085
marRp,0.3333333333333333,2,2,ATGTGAGGCAGTTTCACGTG,0,2252368
marRp,0.3333333333333333,2,2,ATGTCTGGCTCTGTGGACTT,0,2232962
marRp,0.3333333333333333,2,2,ATGTCTGCTACAATCCACAG,0,2230707
marRp,0.3333333333333333,2,2,ATGGGTCCTTGCGGAGTTCG,0,2228630
marRp,0.3333333333333333,2,2,ATGGGGAGTATTAGTCTTTG,0,2251124
marRp,0.3333333333333333,2,2,ATGGGACCGACATCACTTAC,0,2224646
marRp,0.3333333333333333,2,2,ATGGCTATCAGGCTTATTAT,0,2218450
marRp,0.3333333333333333,2,2,ATGGCTAGCACAAAATACAT,0,2235810
marRp,0.3333333333333333,2,2,ATGGCCTACACACAGGTTCA,0,2225111
marRp,0.3333333333333333,2,2,ATGGATAAGAGGGTGACTCA,0,2225005
marRp,0.3333333333333333,2,2,ATGGATAACCGCGACTCCGA,0,2239269
marRp,0.3333333333333333,2,2,ATGGAGAGCTTGATGTTGGT,0,2256076
marRp,0.3333333333333333,2,2,ATGGACTCACTCCTTCTACG,0,2231872
marRp,0.3333333333333333,2,2,ATGGAAAAACCGCGAGCCGC,0,2232630
marRp,0.3333333333333333,2,2,ATGCTCGGTACGCCTGCAAG,0,2233470
marRp,0.3333333333333333,2,2,ATGCCTTTTCTGGTGTGTTA,0,2218682
marRp,0.3333333333333333,2,2,ATGCCGGCACCGACGAGTGG,0,2242822
marRp,0.3333333333333333,2,2,ATGCCCTTGGCTGCCAGCAG,0,2227813
marRp,0.3333333333333333,2,2,ATGCAATGTGTTATGTTTGT,0,2253621
marRp,0.3333333333333333,2,2,ATGCAATGAGCCGACCACAT,0,2245406
marRp,0.3333333333333333,2,2,ATGATCTGGTGCGCGTTTTC,0,2223015
marRp,0.3333333333333333,2,2,ATGACCTGCACGCAACGAGT,0,2227341
marRp,0.3333333333333333,2,2,ATCTTACTAGGTGAGCCGCT,0,2230655
marRp,0.3333333333333333,2,2,ATCTGTTGTTAAATAAAAGG,0,2247631
marRp,0.3333333333333333,2,2,ATCTGTATTCTAACAGCGAG,0,2219351
marRp,0.3333333333333333,2,2,ATCTCGGGCGGCGGTTTTTG,0,2246788
marRp,0.3333333333333333,2,2,ATCTCCAAGAGGGTTATGAG,0,2222725
marRp,0.3333333333333333,2,2,ATCTAAAACACGAGCATGAA,0,2234076
marRp,0.3333333333333333,2,2,ATCGTATGAATTGGCTGGCC,0,2247880
marRp,0.3333333333333333,2,2,ATCGTAAGCTAATACTAAGA,0,2218148
marRp,0.3333333333333333,2,2,ATCGGCGTTTAGATTAGTCC,0,2239391
marRp,0.3333333333333333,2,2,ATCGCGTTCTGGGAAGCGTA,0,2240441
marRp,0.3333333333333333,2,2,ATCGCGGGATGATTTCAATC,0,2229863
marRp,0.3333333333333333,2,2,ATCGAGCATCTGGGAATCTC,0,2238255
marRp,0.3333333333333333,2,2,ATCGACCGAGGGTCTGCTGG,0,2237316
marRp,0.3333333333333333,2,2,ATCCTGTATAAGTTCAACAT,0,2248439
marRp,0.3333333333333333,2,2,ATCCGGCCGCTCGCACCCTC,0,2235663
marRp,0.3333333333333333,2,2,ATCCGCTTGAGGTGGGGCGA,0,2258837
marRp,0.3333333333333333,2,2,ATCCCCGTGTTTACTCGCCC,0,2238679
marRp,0.3333333333333333,2,2,ATCCATGAGTCTTTGCTCCA,0,2241730
marRp,0.3333333333333333,2,2,ATCCAGAGTGATACTCGGTA,0,2240234
marRp,0.3333333333333333,2,2,ATCCACTTGCTTCGTTCAGA,0,2260178
marRp,0.3333333333333333,2,2,ATCCACGTGAGGTGCCCTAC,0,2217945
marRp,0.3333333333333333,2,2,ATCACTGTCGCAGACTCTCG,0,2255747
marRp,0.3333333333333333,2,2,ATCAAAGATGCCCCCGACAG,0,2251946
marRp,0.3333333333333333,2,2,ATATTTTCCACAGCCCCAAT,0,2235516
marRp,0.3333333333333333,2,2,ATATTCTCAGATTAACTGGG,0,2221643
marRp,0.3333333333333333,2,2,ATATGAAACTCCTGTCGCAT,0,2246156
marRp,0.3333333333333333,2,2,ATATAAGGTGTTTTTCTGGT,0,2240434
marRp,0.3333333333333333,2,2,ATATAACATATGCAAATCGT,0,2224763
marRp,0.3333333333333333,2,2,ATAGTACGGGCGTTGTGTAA,0,2238657
marRp,0.3333333333333333,2,2,ATAGGGAACACCACCGCGGT,0,2246249
marRp,0.3333333333333333,2,2,ATAGGCTTTCCAACTACCTG,0,2255055
marRp,0.3333333333333333,2,2,ATAGCATCGATTCACCGATT,0,2228598
marRp,0.3333333333333333,2,2,ATAGCAATACGGGCGTGGCT,0,2237565
marRp,0.3333333333333333,2,2,ATAGATATGTACGTTATACA,0,2219904
marRp,0.3333333333333333,2,2,ATACTATTTAAAACTATTTC,0,2222846
marRp,0.3333333333333333,2,2,ATACTACGGGCTGAGTTGTC,0,2234384
marRp,0.3333333333333333,2,2,ATACGGGTTAAGCGTGCATT,0,2259403
marRp,0.3333333333333333,2,2,ATACGGGCACGCCCGATGTT,0,2218470
marRp,0.3333333333333333,2,2,ATACGGCCCGAGTAATCCGT,0,2223019
marRp,0.3333333333333333,2,2,ATACCACAACCTAGAATGGG,0,2233212
marRp,0.3333333333333333,2,2,ATACAGTTCTGGTCTTTGCG,0,2229757
marRp,0.3333333333333333,2,2,ATAATAACGTTTTGGTCCAT,0,2238675
marRp,0.3333333333333333,2,2,ATAAGTGTTATTGAGATGGA,0,2260020
marRp,0.3333333333333333,2,2,ATAAGGGACAACATCCTGCA,0,2222907
marRp,0.3333333333333333,2,2,ATAAATCCGACTGCCGACAC,0,2252849
marRp,0.3333333333333333,2,2,ATAAATATTCCGTTGTATCA,0,2228389
marRp,0.3333333333333333,2,2,ATAAATAACATGGGAAATTG,0,2220491
marRp,0.3333333333333333,2,2,ATAAAGTTAGGCCGTGTAAG,0,2237697
marRp,0.3333333333333333,2,2,ATAAACTGTGCGATTAAGCA,0,2221861
marRp,0.3333333333333333,2,2,ATAAACCGATTACTAGAGCT,0,2245985
marRp,0.3333333333333333,2,2,ATAAAATGGGCTAAGTAAAT,0,2243395
marRp,0.3333333333333333,2,2,AGTTTTCCAATCGCGATGTC,0,2222795
marRp,0.3333333333333333,2,2,AGTTTGGTCTAGTTAAGCCC,0,2253684
marRp,0.3333333333333333,2,2,AGTTCAACTTTCGTACAGAG,0,2248364
marRp,0.3333333333333333,2,2,AGTTAGGGAAACAGAATACG,0,2220266
marRp,0.3333333333333333,2,2,AGTTACATGGTTCAAGTTCA,0,2257675
marRp,0.3333333333333333,2,2,AGTGTGTCAATCCCTCATAT,0,2254562
marRp,0.3333333333333333,2,2,AGTGTGGGTTAATGAAGGAT,0,2253789
marRp,0.3333333333333333,2,2,AGTGTCAGTCATGCGCTTAC,0,2253844
marRp,0.3333333333333333,2,2,AGTGTATATGTCCTGGTGAT,0,2260432
marRp,0.3333333333333333,2,2,AGTGGGTCGCGTCGAAGTCC,0,2225863
marRp,0.3333333333333333,2,2,AGTGCGTGCCCGCCGATAGT,0,2249086
marRp,0.3333333333333333,2,2,AGTGATGACCCTACAGTAAA,0,2253662
marRp,0.3333333333333333,2,2,AGTGAGATGATAGCAGTAGG,0,2218472
marRp,0.3333333333333333,2,2,AGTCTAAGGGTCAGGCCGTA,0,2246515
marRp,0.3333333333333333,2,2,AGTCCCCGGATTCAAGACTA,0,2227961
marRp,0.3333333333333333,2,2,AGTCAGTCTTGCCTGCTCAC,0,2252225
marRp,0.3333333333333333,2,2,AGTCAGTAACCGGCTCAATC,0,2248134
marRp,0.3333333333333333,2,2,AGTATGGTTAGGAAGTTAAG,0,2256811
marRp,0.3333333333333333,2,2,AGTATCGGGCTTGCGTCCGT,0,2239723
marRp,0.3333333333333333,2,2,AGTAATCTCAAGGCCTGTTA,0,2235037
marRp,0.3333333333333333,2,2,AGTAAATGCGACGAGGCCAA,0,2235215
marRp,0.3333333333333333,2,2,AGGTTTGAATAATTAAGGTC,0,2225195
marRp,0.3333333333333333,2,2,AGGTTTATGTCGGGTACCAA,0,2245028
marRp,0.3333333333333333,2,2,AGGTTGCGGAGCAAGCTGGG,0,2230857
marRp,0.3333333333333333,2,2,AGGTCACGCAAAACGAGCCC,0,2224995
marRp,0.3333333333333333,2,2,AGGTACGGGATGGATAAAGA,0,2253665
marRp,0.3333333333333333,2,2,AGGGTTGGTCTAGTACGTGG,0,2243455
marRp,0.3333333333333333,2,2,AGGGTTGACCGGCGCGCCAG,0,2220450
marRp,0.3333333333333333,2,2,AGGGTTCCGACTACCTCTTT,0,2233063
marRp,0.3333333333333333,2,2,AGGGTGCTTTCAAGGGACTG,0,2231231
marRp,0.3333333333333333,2,2,AGGGTACGACCTGGGAGCGT,0,2220042
marRp,0.3333333333333333,2,2,AGGGGGAACCGAGCCGCTTG,0,2246389
marRp,0.3333333333333333,2,2,AGGGGAGTAAAAATTTCGAG,0,2239291
marRp,0.3333333333333333,2,2,AGGGCACTCAAGAGGATGAA,0,2242768
marRp,0.3333333333333333,2,2,AGGCTAGGTACGTAAAGCCC,0,2260776
marRp,0.3333333333333333,2,2,AGGCGAAAGATTCGTGGTCA,0,2256854
marRp,0.3333333333333333,2,2,AGGATATAACGGCCACTCAA,0,2223964
marRp,0.3333333333333333,2,2,AGGAGTTTGACTCTATCGAT,0,2234598
marRp,0.3333333333333333,2,2,AGGAGATGAGTCTATTGCCT,0,2257575
marRp,0.3333333333333333,2,2,AGGACGGTGGACCGCCGGCA,0,2218230
marRp,0.3333333333333333,2,2,AGGACAGCAATTAGGAGAAC,0,2243325
marRp,0.3333333333333333,2,2,AGGACAGAAGCATCCCTGAG,0,2228383
marRp,0.3333333333333333,2,2,AGGACACAGAAGGTGACGAC,0,2217786
marRp,0.3333333333333333,2,2,AGCTTAATCCCTCACGGGCA,0,2223053
marRp,0.3333333333333333,2,2,AGCTGGGTTCCGTGCTCGAA,0,2218410
marRp,0.3333333333333333,2,2,AGCTGACTTGGTGTCATAAT,0,2219201
marRp,0.3333333333333333,2,2,AGCTCTGACCATATCCGTCA,0,2233283
marRp,0.3333333333333333,2,2,AGCTAGCTGTCCGAGTACAG,0,2229420
marRp,0.3333333333333333,2,2,AGCTAAATGCTATACGACAT,0,2219004
marRp,0.3333333333333333,2,2,AGCGTGATGATGCATTGCCG,0,2256103
marRp,0.3333333333333333,2,2,AGCGTCCCCCAAGGCGTCAC,0,2248712
marRp,0.3333333333333333,2,2,AGCGTACGCCTGTGTCATAG,0,2235107
marRp,0.3333333333333333,2,2,AGCGCCACTGACGATCGAAC,0,2257263
marRp,0.3333333333333333,2,2,AGCGCATTTCTAGCATTGAA,0,2225746
marRp,0.3333333333333333,2,2,AGCCTACGTGTTCGTGTTGC,0,2247944
marRp,0.3333333333333333,2,2,AGCCGTGGCTTCGACTAGCT,0,2235469
marRp,0.3333333333333333,2,2,AGCCCAACTATGTACTTGGG,0,2250679
marRp,0.3333333333333333,2,2,AGCCAGCCTTCTGAGGCCGA,0,2225211
marRp,0.3333333333333333,2,2,AGCATTTCGTAGTACCGCAA,0,2242374
marRp,0.3333333333333333,2,2,AGCATTACCTCTCAGCAGCC,0,2253032
marRp,0.3333333333333333,2,2,AGCATGCAAGATCGATGCCC,0,2258604
marRp,0.3333333333333333,2,2,AGCATGATTTCAAGTGGGTT,0,2256521
marRp,0.3333333333333333,2,2,AGCAGTTTCGCTTCAGCTGA,0,2218430
marRp,0.3333333333333333,2,2,AGCACTTTGCACGGCGCACC,0,2220228
marRp,0.3333333333333333,2,2,AGCACGGCCCTTCTCCAGTT,0,2240576
marRp,0.3333333333333333,2,2,AGCAATCGGCATTGAATCTT,0,2239989
marRp,0.3333333333333333,2,2,AGCAACCCTGTGTGGCTGGT,0,2237048
marRp,0.3333333333333333,2,2,AGCAAACGGGTGAAAGGCGA,0,2257571
marRp,0.3333333333333333,2,2,AGATTCCCGTAGAATGATTG,0,2235327
marRp,0.3333333333333333,2,2,AGATGTAATTGAGTAAAAGA,0,2240619
marRp,0.3333333333333333,2,2,AGATGGTCAACAGTTGTCAC,0,2239839
marRp,0.3333333333333333,2,2,AGATGAGTGGATATGTGCCT,0,2253019
marRp,0.3333333333333333,2,2,AGATCGGCCTCCTTCTGGGG,0,2219134
marRp,0.3333333333333333,2,2,AGAGTTTGACTAAAACCGGG,0,2258631
marRp,0.3333333333333333,2,2,AGAGGCTGCGACCTGCGTGT,0,2241734
marRp,0.3333333333333333,2,2,AGACTTGAACGAGCCTCGGC,0,2226343
marRp,0.3333333333333333,2,2,AGACTGTATCACTGCGAGGG,0,2222105
marRp,0.3333333333333333,2,2,AGACTGACTTATCCGGTATA,0,2258688
marRp,0.3333333333333333,2,2,AGACGCTTTTGGCATTTGCC,0,2228297
marRp,0.3333333333333333,2,2,AGACGAATGCGAGAAGTATG,0,2244957
marRp,0.3333333333333333,2,2,AGACCTAAACCGAGTAGTGA,0,2253270
marRp,0.3333333333333333,2,2,AGACCATAGGAAGTGCTGCG,0,2237441
marRp,0.3333333333333333,2,2,AGACATCCAGCCTTGGTAAT,0,2260628
marRp,0.3333333333333333,2,2,AGAATGGATTGATCTTATCT,0,2243119
marRp,0.3333333333333333,2,2,AGAATCTGTGGACTACCTGC,0,2230826
marRp,0.3333333333333333,2,2,AGAAGTTGTCTTGAACGCCG,0,2246073
marRp,0.3333333333333333,2,2,AGAACATACGCGACATAGTG,0,2231368
marRp,0.3333333333333333,2,2,AGAAACAACATATCTGACCG,0,2230511
marRp,0.3333333333333333,2,2,ACTTTCGGTAGTGCCCGGGA,0,2243145
marRp,0.3333333333333333,2,2,ACTTTCCCATGCCATACCTA,0,2256565
marRp,0.3333333333333333,2,2,ACTTTATTTTTTGTGGTATA,0,2243852
marRp,0.3333333333333333,2,2,ACTTGTGTCTAGTGAGTGTT,0,2253141
marRp,0.3333333333333333,2,2,ACTTCCACGGACCGTGTGTT,0,2231297
marRp,0.3333333333333333,2,2,ACTTCAAGGGTGAGTTCTAG,0,2250978
marRp,0.3333333333333333,2,2,ACTTATATCATTCCCGGCCG,0,2232452
marRp,0.3333333333333333,2,2,ACTTAGGTAGCCGGGATAAG,0,2241222
marRp,0.3333333333333333,2,2,ACTGTTCGCCCAAACGCCGA,0,2256336
marRp,0.3333333333333333,2,2,ACTGTTACACACGTCCTCAC,0,2251220
marRp,0.3333333333333333,2,2,ACTGTAAAGGGGAAAGTTTA,0,2260237
marRp,0.3333333333333333,2,2,ACTGTAAAATTTGTGCATCA,0,2225208
marRp,0.3333333333333333,2,2,ACTGGGTACAGTACTGGGTG,0,2222594
marRp,0.3333333333333333,2,2,ACTGGATACGGTATCTACGC,0,2222898
marRp,0.3333333333333333,2,2,ACTGCACCAGTTAGCCGTAT,0,2237473
marRp,0.3333333333333333,2,2,ACTGACCGGGCCGGCTCTCA,0,2257140
marRp,0.3333333333333333,2,2,ACTCTATCCCTGGCCCGAGC,0,2260207
marRp,0.3333333333333333,2,2,ACTCTAGATGTTGACGACCT,0,2250140
marRp,0.3333333333333333,2,2,ACTCGTCACATGTATGATAG,0,2229993
marRp,0.3333333333333333,2,2,ACTCGATTCGGAGATTCTTA,0,2257765
marRp,0.3333333333333333,2,2,ACTCGATCACAAGCGTTTAT,0,2257467
marRp,0.3333333333333333,2,2,ACTCCATCATTAAAAATAAA,0,2239420
marRp,0.3333333333333333,2,2,ACTATATGAATGATCGTAGT,0,2240047
marRp,0.3333333333333333,2,2,ACTAGACGTGTGTTCATTCA,0,2250981
marRp,0.3333333333333333,2,2,ACTAAGGGGGAGCTCCATAA,0,2232216
marRp,0.3333333333333333,2,2,ACGTCAACCCGTAGAGTACG,0,2219233
marRp,0.3333333333333333,2,2,ACGGTTTGGTAGTGGGATCG,0,2254804
marRp,0.3333333333333333,2,2,ACGGTTAGTGTCTCTTTCAT,0,2255367
marRp,0.3333333333333333,2,2,ACGGTGGCAGATTCTTTTTA,0,2227648
marRp,0.3333333333333333,2,2,ACGGGTTGCAGCATAAAACT,0,2233383
marRp,0.3333333333333333,2,2,ACGGGGGGACCTGCAAACAG,0,2255888
marRp,0.3333333333333333,2,2,ACGGGCAGCTCACATGGCTA,0,2250810
marRp,0.3333333333333333,2,2,ACGGGAACTGATCATGAACA,0,2217795
marRp,0.3333333333333333,2,2,ACGGGAAACGTAATTTGTAC,0,2254869
marRp,0.3333333333333333,2,2,ACGGCGTACACCGGCTTGAA,0,2234336
marRp,0.3333333333333333,2,2,ACGGCGATCGCATGTTCTTT,0,2218841
marRp,0.3333333333333333,2,2,ACGGAATACAAATACTAAGT,0,2221519
marRp,0.3333333333333333,2,2,ACGCCGCGTACGTAAGGTGA,0,2221931
marRp,0.3333333333333333,2,2,ACGCCCGGGATGTAACGCCT,0,2236254
marRp,0.3333333333333333,2,2,ACGCATCCTACTGGCTTTAT,0,2243101
marRp,0.3333333333333333,2,2,ACGATGGACCTTGAGACTAG,0,2245819
marRp,0.3333333333333333,2,2,ACGAGGCACTACCGGCAGCT,0,2244901
marRp,0.3333333333333333,2,2,ACGACGTTAGTCCTTGGGTA,0,2221855
marRp,0.3333333333333333,2,2,ACCTTTTGACTAATTGCATA,0,2260580
marRp,0.3333333333333333,2,2,ACCTCCGCTACACAACATAG,0,2227296
marRp,0.3333333333333333,2,2,ACCTATGCATTCTCTGACGT,0,2252304
marRp,0.3333333333333333,2,2,ACCTATAGAAAAATGGCGCA,0,2233671
marRp,0.3333333333333333,2,2,ACCGTTATTATGCCAAACAC,0,2228736
marRp,0.3333333333333333,2,2,ACCGTACGCCGAGGAATCCG,0,2232846
marRp,0.3333333333333333,2,2,ACCGGGTTGCGGGGTACATG,0,2252498
marRp,0.3333333333333333,2,2,ACCGGATCAAGGCGAGGACC,0,2234032
marRp,0.3333333333333333,2,2,ACCGCCTGTCCGGCGGGATT,0,2238273
marRp,0.3333333333333333,2,2,ACCCTAAGCGACGCGAGGCA,0,2259920
marRp,0.3333333333333333,2,2,ACCCGTGGTGATCAGCGATG,0,2238532
marRp,0.3333333333333333,2,2,ACCCGGCGAACGTGTATTGA,0,2251687
marRp,0.3333333333333333,2,2,ACCCGCGGGGACGCAACCCC,0,2220650
marRp,0.3333333333333333,2,2,ACCCGACCGAGTGGAGGAGC,0,2249537
marRp,0.3333333333333333,2,2,ACCCCTTCAAGCTGCACGCG,0,2226776
marRp,0.3333333333333333,2,2,ACCCCAGGCTGCACTTTCTC,0,2242811
marRp,0.3333333333333333,2,2,ACCATTGGTCAGTACATTTA,0,2243616
marRp,0.3333333333333333,2,2,ACCACGTCCAAATCGCCATT,0,2234146
marRp,0.3333333333333333,2,2,ACCACGACCGAGCCCTTTAG,0,2246598
marRp,0.3333333333333333,2,2,ACCACAGCGTGGTATTGCGC,0,2254650
marRp,0.3333333333333333,2,2,ACCAATCTGGAATTAGGTTG,0,2260567
marRp,0.3333333333333333,2,2,ACCAAGGCCCGTTGTACAGT,0,2217964
marRp,0.3333333333333333,2,2,ACCAAGAATGTGACCGGCGG,0,2253646
marRp,0.3333333333333333,2,2,ACCAACGTCATGTGTCGTGC,0,2249429
marRp,0.3333333333333333,2,2,ACATTTCAGTGTAGGTTAGT,0,2235716
marRp,0.3333333333333333,2,2,ACATGTAGGGTGGCTAGCAG,0,2225691
marRp,0.3333333333333333,2,2,ACATGTACCAGTCGTGCAGG,0,2238328
marRp,0.3333333333333333,2,2,ACATGCACCGCCAAGTAAAT,0,2226468
marRp,0.3333333333333333,2,2,ACATCTGCGGGGCCGTGCAA,0,2258831
marRp,0.3333333333333333,2,2,ACATCTGATAGCGTCACGAC,0,2254549
marRp,0.3333333333333333,2,2,ACATCTAAGCTCCGTGCAGC,0,2221970
marRp,0.3333333333333333,2,2,ACATCACGAGATTGGACGGC,0,2237301
marRp,0.3333333333333333,2,2,ACATATCGCAGCAGCCAACG,0,2245717
marRp,0.3333333333333333,2,2,ACATAGCGGCCAGGTTTCGA,0,2231411
marRp,0.3333333333333333,2,2,ACATAGCAGAAAGAGCATAG,0,2228822
marRp,0.3333333333333333,2,2,ACAGTGGCCCGGCCCACGGA,0,2249276
marRp,0.3333333333333333,2,2,ACAGGATATACACGGGGACT,0,2243731
marRp,0.3333333333333333,2,2,ACACTCCATGTTTAAAACCC,0,2218690
marRp,0.3333333333333333,2,2,ACACGGTCAAACCACGTTTC,0,2223807
marRp,0.3333333333333333,2,2,ACACGGGGCCATCAGACATG,0,2221879
marRp,0.3333333333333333,2,2,ACACACAGAAACCCGTCGCT,0,2218310
marRp,0.3333333333333333,2,2,ACAATAATCAATGGAGCTCG,0,2239807
marRp,0.3333333333333333,2,2,ACAACTTACTCCATCTCACC,0,2257108
marRp,0.3333333333333333,2,2,ACAACAGCCGCACGTCTCCT,0,2233454
marRp,0.3333333333333333,2,2,AATTTTACGAGCCGACATAG,0,2253857
marRp,0.3333333333333333,2,2,AATTTGCTGGTAGTACCTCG,0,2257839
marRp,0.3333333333333333,2,2,AATTCGGGAAAGGAGTCGGA,0,2220016
marRp,0.3333333333333333,2,2,AATTCAGTCGCTCTGTATCC,0,2251459
marRp,0.3333333333333333,2,2,AATTAGCCCACAATGGTACA,0,2226177
marRp,0.3333333333333333,2,2,AATTAATCAAGCATGATACA,0,2258901
marRp,0.3333333333333333,2,2,AATTAAACTATAAAAGCCAC,0,2226917
marRp,0.3333333333333333,2,2,AATGGTATCTGTCGTCACCA,0,2238772
marRp,0.3333333333333333,2,2,AATGAACATAAGACCCGCGT,0,2230066
marRp,0.3333333333333333,2,2,AATCAAGCAGCCAGGCAGTG,0,2247245
marRp,0.3333333333333333,2,2,AATCAAAACGAATACCTTGC,0,2224657
marRp,0.3333333333333333,2,2,AATATCGTAATTTAGACAGG,0,2247012
marRp,0.3333333333333333,2,2,AATATCGAGAGGGCGACCGG,0,2248927
marRp,0.3333333333333333,2,2,AAGTTTGCAAGCAGTATTAG,0,2232910
marRp,0.3333333333333333,2,2,AAGTTGTTCCGCCGAGCCCT,0,2254031
marRp,0.3333333333333333,2,2,AAGTTGGCTAGCCCGGGCAT,0,2261041
marRp,0.3333333333333333,2,2,AAGTTGCCAATTCCACGTGA,0,2237596
marRp,0.3333333333333333,2,2,AAGTATGTGCCTGGGCAGTT,0,2221630
marRp,0.3333333333333333,2,2,AAGTACGCTCGAAGAAGTAA,0,2258269
marRp,0.3333333333333333,2,2,AAGTACAGGAGCCATCCATA,0,2258482
marRp,0.3333333333333333,2,2,AAGGTAAGGAAGGCACGTAG,0,2248818
marRp,0.3333333333333333,2,2,AAGGGCACATGCAAGGAGAC,0,2222389
marRp,0.3333333333333333,2,2,AAGGCTGAACGAGGTCAAGT,0,2236270
marRp,0.3333333333333333,2,2,AAGGCTCGAAGTCATTTTGG,0,2233813
marRp,0.3333333333333333,2,2,AAGGCGTGAAATTATTCAAT,0,2251823
marRp,0.3333333333333333,2,2,AAGGCCGTGAAATCTCGCTC,0,2228696
marRp,0.3333333333333333,2,2,AAGGAGTCTACTTAAAGTAG,0,2222639
marRp,0.3333333333333333,2,2,AAGCTAGACCTTGACGGAAA,0,2254228
marRp,0.3333333333333333,2,2,AAGCTACAAGACCCCCTCCA,0,2252572
marRp,0.3333333333333333,2,2,AAGCCCATATCAATAAGCTT,0,2221372
marRp,0.3333333333333333,2,2,AAGCATTAGCGAGCCCGACT,0,2242265
marRp,0.3333333333333333,2,2,AAGCACTGGCGAACTCGTGT,0,2228785
marRp,0.3333333333333333,2,2,AAGATTTACTTAACATTAGT,0,2230049
marRp,0.3333333333333333,2,2,AAGATGGAGGGATTCCCACC,0,2249700
marRp,0.3333333333333333,2,2,AAGAGTCTCCCGTTACACCC,0,2226240
marRp,0.3333333333333333,2,2,AAGACCTGAGTTGCTCGCAG,0,2231449
marRp,0.3333333333333333,2,2,AAGACATTTGTCTTATTGTG,0,2233137
marRp,0.3333333333333333,2,2,AAGAACGGCTTGCCCAGAAC,0,2248126
marRp,0.3333333333333333,2,2,AACTGGTCGGCTACGAGCAA,0,2259948
marRp,0.3333333333333333,2,2,AACTCTCTCGTTAGAAGGCC,0,2250304
marRp,0.3333333333333333,2,2,AACGTTTAGGCGAGCCACAT,0,2233382
marRp,0.3333333333333333,2,2,AACGTAACCCTGTTTTCCTA,0,2235583
marRp,0.3333333333333333,2,2,AACGGCGGGCTAACAATTAT,0,2223275
marRp,0.3333333333333333,2,2,AACGCTGCCACAGAGAATTG,0,2237615
marRp,0.3333333333333333,2,2,AACGAGAATCAATCGTGTGA,0,2248299
marRp,0.3333333333333333,2,2,AACCTGAATTGACGAACCCG,0,2256516
marRp,0.3333333333333333,2,2,AACCTCAACGGAACGACGAC,0,2238486
marRp,0.3333333333333333,2,2,AACCTAGAAAGCGTTTCGAA,0,2256138
marRp,0.3333333333333333,2,2,AACCTAGAAACCAGAAGTCC,0,2251090
marRp,0.3333333333333333,2,2,AACCGCCTATGCCTAAACAA,0,2225187
marRp,0.3333333333333333,2,2,AACCGATTGTGTCGATCGGT,0,2255169
marRp,0.3333333333333333,2,2,AACCCGGCGATAAGTCGGGA,0,2241015
marRp,0.3333333333333333,2,2,AACCACCCGGTTATCCCACC,0,2241428
marRp,0.3333333333333333,2,2,AACAGGGTACTGTAACATAG,0,2249263
marRp,0.3333333333333333,2,2,AACAGCGAGTAGTATTGATA,0,2239276
marRp,0.3333333333333333,2,2,AACAGATTTCGTTGCTCTTG,0,2223980
marRp,0.3333333333333333,2,2,AACACCCACCTTTCTGGCGC,0,2243637
marRp,0.3333333333333333,2,2,AACACCAGCGACGTGTAAAG,0,2225686
marRp,0.3333333333333333,2,2,AACAACCGAACATAAAGATT,0,2246473
marRp,0.3333333333333333,2,2,AACAAACTTTTCATGATAGC,0,2251560
marRp,0.3333333333333333,2,2,AAATTGCACTGTGCGCGGCC,0,2258749
marRp,0.3333333333333333,2,2,AAATGCCTGGCCTTTTGCCC,0,2238306
marRp,0.3333333333333333,2,2,AAATGATTGATAATTTTATA,0,2235857
marRp,0.3333333333333333,2,2,AAATCGGGGTATATTTCTTA,0,2245941
marRp,0.3333333333333333,2,2,AAATCCTTAAGTAGAGTACA,0,2236493
marRp,0.3333333333333333,2,2,AAATCCTGGGCTAAACAGAC,0,2225357
marRp,0.3333333333333333,2,2,AAATAACCCCCGAACGAAGG,0,2240516
marRp,0.3333333333333333,2,2,AAAGTCTGGAATCTGAGGAC,0,2248031
marRp,0.3333333333333333,2,2,AAAGTCACTCTCAAGTAGTG,0,2242689
marRp,0.3333333333333333,2,2,AAAGTATATCATTTTCCGAT,0,2252265
marRp,0.3333333333333333,2,2,AAAGGAGTACCGTCCTTCGC,0,2221401
marRp,0.3333333333333333,2,2,AAAGATCCATCCTTAGCAGG,0,2218407
marRp,0.3333333333333333,2,2,AAAGAATGGCATCTGTACTA,0,2253724
marRp,0.3333333333333333,2,2,AAACTGAGAATGTACTCCTA,0,2236633
marRp,0.3333333333333333,2,2,AAACTATGTCGTACAGTAGT,0,2239423
marRp,0.3333333333333333,2,2,AAACGGTTGCTGGCTATCAT,0,2260180
marRp,0.3333333333333333,2,2,AAACGAAACGATCATGAGTT,0,2218766
marRp,0.3333333333333333,2,2,AAACCTTGCGGGTACGGGGA,0,2231888
marRp,0.3333333333333333,2,2,AAACCTCGGTAGTTCTCTGC,0,2220628
marRp,0.3333333333333333,2,2,AAACCGCGCATATTATCATT,0,2256750
marRp,0.3333333333333333,2,2,AAACAGTACCTTGAAACCTG,0,2228503
marRp,0.3333333333333333,2,2,AAAATGCATGGGTCTGCGGT,0,2218469
marRp,0.3333333333333333,2,2,AAAATGCAAACGTCTTTTGG,0,2231763
marRp,0.3333333333333333,2,2,AAAACTGTACTGTGAGTCTG,0,2240537
marRp,0.3333333333333333,2,2,AAAACTAATTACAGAAGTCC,0,2236012
marRp,0.3333333333333333,2,2,AAAACGTTTAGCGTGTTCGA,0,2230996
marRp,0.3333333333333333,2,2,AAAACACAAGCTGTGGGCAG,0,2222540
marRp,0.3333333333333333,2,2,AAAACAAGTGATTTCATCTT,0,2239051
marRp,0.3333333333333333,2,2,AAAAACCCCAGTAGTATCAA,0,2240888
marRp,0.5,1,1,TTTTTTTGGAACTCCCCGCC,0,2245291
marRp,0.5,1,1,TTTTCGTGGGCGCACTAAGT,0,2258822
marRp,0.5,1,1,TTTTCCCTCTACATTATGAT,0,2222696
marRp,0.5,1,1,TTTTCAGCAAAAACTGCCCT,0,2242440
marRp,0.5,1,1,TTTTATTAACCCCTGGTGTC,0,2235260
marRp,0.5,1,1,TTTTATACCTCGATCCTAAT,0,2227740
marRp,0.5,1,1,TTTGTTTAAATGATCGAGTG,0,2241634
marRp,0.5,1,1,TTTGTCCCGGAGTAGCCGGC,0,2232584
marRp,0.5,1,1,TTTGTCATCGCCGAAATCTT,0,2258218
marRp,0.5,1,1,TTTGGGTTAAAGTCACGGTA,0,2250531
marRp,0.5,1,1,TTTGGGTCTCAGTTTGTCTA,0,2218117
marRp,0.5,1,1,TTTGGGTCAGAAGCGATGTG,0,2231047
marRp,0.5,1,1,TTTGGAACTTGGATTCCGAG,0,2237386
marRp,0.5,1,1,TTTGCGTAAGCGGGGGCGAT,0,2245329
marRp,0.5,1,1,TTTGAAGTTGCTAGGTGGGC,0,2224506
marRp,0.5,1,1,TTTCTGGACTCTGGTCGAGT,0,2220907
marRp,0.5,1,1,TTTCTATAGCTTGATGAGGG,0,2244476
marRp,0.5,1,1,TTTCGTTCTGCCTACATCAA,0,2221960
marRp,0.5,1,1,TTTCGCATCCGGTTCTAGTT,0,2260681
marRp,0.5,1,1,TTTCCTTGATCATGTCAGGG,0,2234972
marRp,0.5,1,1,TTTCCTTATGTCAGGCAACT,0,2221322
marRp,0.5,1,1,TTTCCCCGGTCTTAGGAGAT,0,2218961
marRp,0.5,1,1,TTTCATGAGGGCGCATCATT,0,2228386
marRp,0.5,1,1,TTTATACGTAACCGGACACA,0,2249980
marRp,0.5,1,1,TTTATAACAGTTACTGGCGA,0,2223769
marRp,0.5,1,1,TTTACCCTGCGAAAAGAAGG,0,2227808
marRp,0.5,1,1,TTTACACTCCCCTGGATTAA,0,2224875
marRp,0.5,1,1,TTTAAGGCGGCATGTCAGGG,0,2237680
marRp,0.5,1,1,TTTAACTACCAGACACCACT,0,2225482
marRp,0.5,1,1,TTGTTCAGGGAGACACATTA,0,2220211
marRp,0.5,1,1,TTGTGTTTTGCATGGACGGA,0,2226695
marRp,0.5,1,1,TTGTCTCCAAGTGTGTATAC,0,2224096
marRp,0.5,1,1,TTGTCGGTAGTTTATCGAAA,0,2234421
marRp,0.5,1,1,TTGTCGCTTGCGACCGACTG,0,2259622
marRp,0.5,1,1,TTGTCCTTGATCACGGGTCT,0,2222860
marRp,0.5,1,1,TTGTCCTCTGAGGTATTGGA,0,2236906
marRp,0.5,1,1,TTGTAGGAGGTCATCACGAT,0,2249420
marRp,0.5,1,1,TTGTACCGAGGTGGAACTGG,0,2259464
marRp,0.5,1,1,TTGTACCCCGGGCCAGGTTC,0,2228496
marRp,0.5,1,1,TTGGTTTCTAGGCCTATTAG,0,2222158
marRp,0.5,1,1,TTGGTTCGCCGGCTGTGCGT,0,2218541
marRp,0.5,1,1,TTGGTCTCAGCTTCCAACAT,0,2251628
marRp,0.5,1,1,TTGGTCAATAGTTTGTTTTT,0,2244235
marRp,0.5,1,1,TTGGGCTGCCATCTACGGTT,0,2230065
marRp,0.5,1,1,TTGGGCCGCAAGAGTTACCT,0,2245909
marRp,0.5,1,1,TTGGCGTAGGTCTGGGTCTG,0,2230877
marRp,0.5,1,1,TTGGCGACCTTGATACTGGT,0,2233927
marRp,0.5,1,1,TTGGCAATGTCGTGTATTTG,0,2255650
marRp,0.5,1,1,TTGGAACTGCTACGTCAGCG,0,2259095
marRp,0.5,1,1,TTGCGGGACATTGCGGTACA,0,2249757
marRp,0.5,1,1,TTGCCGACCAAACGCGGCCC,0,2230104
marRp,0.5,1,1,TTGCATCCTCCGGGTGTCGT,0,2248858
marRp,0.5,1,1,TTGCACTATAAAATCCGGAT,0,2246072
marRp,0.5,1,1,TTGATTATTTAATTTCGGAA,0,2229650
marRp,0.5,1,1,TTGATGATACACGCGCGTAA,0,2258354
marRp,0.5,1,1,TTGATAAAGCAAAGTAGCAT,0,2227625
marRp,0.5,1,1,TTGAGTCAACGCGAAAGAAA,0,2255051
marRp,0.5,1,1,TTGACTTGAATTGGTCGAAA,0,2253488
marRp,0.5,1,1,TTGACTAACGTGATCCCGAA,0,2256447
marRp,0.5,1,1,TTGACAATATCGGCATGGGA,0,2256737
marRp,0.5,1,1,TTGAATGACCCGATGCTCCC,0,2253850
marRp,0.5,1,1,TTGAATCGTCCGAAGGGGCT,0,2242666
marRp,0.5,1,1,TTCTTAGTCCAGTGTGGTGC,0,2224504
marRp,0.5,1,1,TTCTTAAGCTTAAATTTAGG,0,2256308
marRp,0.5,1,1,TTCTGCTATAACACTACGGG,0,2225252
marRp,0.5,1,1,TTCTCTCCCTTGTAACGTCT,0,2219598
marRp,0.5,1,1,TTCTCTATCAAGGCGACTTT,0,2254499
marRp,0.5,1,1,TTCTCCGGGCGGGCCAAACT,0,2225647
marRp,0.5,1,1,TTCTAGTTATAAAGTGACGA,0,2231970
marRp,0.5,1,1,TTCTAACGTCAACAAAGTTT,0,2245772
marRp,0.5,1,1,TTCGTTTTATGCTCGCACGG,0,2237730
marRp,0.5,1,1,TTCGTTATTATTATTCTGGT,0,2223687
marRp,0.5,1,1,TTCGTGCGATTCACGATCTA,0,2218794
marRp,0.5,1,1,TTCGTAAGCCAACGACCCAA,0,2258333
marRp,0.5,1,1,TTCGGGGTCGCAGTGCGCGT,0,2254173
marRp,0.5,1,1,TTCGGCGGTCTGTACGAACA,0,2234236
marRp,0.5,1,1,TTCGGATGCAACTATTTCTC,0,2249638
marRp,0.5,1,1,TTCGCGTTAGGCTATCACAA,0,2256046
marRp,0.5,1,1,TTCGATAAGAGGTGACCGAG,0,2222052
marRp,0.5,1,1,TTCGAGACTGAGCCACATAT,0,2220304
marRp,0.5,1,1,TTCGACGCAGCCCAGCGGGA,0,2257838
marRp,0.5,1,1,TTCGAAGTACTCGGCGAGGT,0,2238729
marRp,0.5,1,1,TTCCTTCGACTTGCTGTAAT,0,2218186
marRp,0.5,1,1,TTCCTGTCCACTCCCCCATA,0,2237599
marRp,0.5,1,1,TTCCTGGCCCTTAGTTCAAT,0,2248845
marRp,0.5,1,1,TTCCCGCGCCATCTTATCAG,0,2234587
marRp,0.5,1,1,TTCCCCGAGTGTATGCCAAA,0,2224080
marRp,0.5,1,1,TTCCCAGTCTGTTGTAGTCT,0,2259603
marRp,0.5,1,1,TTCCCAGAGGTCGCGTGCAA,0,2227734
marRp,0.5,1,1,TTCCAGCGGCATTCATACCG,0,2233709
marRp,0.5,1,1,TTCATGTGCAGACCAGGATT,0,2229628
marRp,0.5,1,1,TTCAGGGTTAGAAAAAAGCC,0,2251137
marRp,0.5,1,1,TTCAGGAAGCTCCCCCACAG,0,2253043
marRp,0.5,1,1,TTCAAAGGTGACTACCGAGA,0,2231227
marRp,0.5,1,1,TTATTCGAGCGGCAAAGACT,0,2233827
marRp,0.5,1,1,TTATTCCAGTGTTGAAAGCA,0,2231148
marRp,0.5,1,1,TTATGTGTAACTTCGGTGCA,0,2235377
marRp,0.5,1,1,TTATCTAACTTACATCCCCC,0,2233408
marRp,0.5,1,1,TTATCGTGTGTAGGAATGAT,0,2242577
marRp,0.5,1,1,TTATATCATGTCCCTTTCGT,0,2253668
marRp,0.5,1,1,TTATAGCAGCGCATTATTCA,0,2228426
marRp,0.5,1,1,TTATACAGCCTATATTAGAG,0,2229281
marRp,0.5,1,1,TTATAACTATTATTACTATA,0,2245803
marRp,0.5,1,1,TTAGGCCACATCAATTGGAC,0,2248036
marRp,0.5,1,1,TTAGCGGCCCCAGCCACCTG,0,2236626
marRp,0.5,1,1,TTAGCGGAAATGGTCTACAA,0,2244338
marRp,0.5,1,1,TTAGCCCCCAGCAGCTAGGT,0,2229674
marRp,0.5,1,1,TTAGCCCAAAGCCGCGTTAT,0,2237829
marRp,0.5,1,1,TTAGAGCGCCATCTTGCGAA,0,2241326
marRp,0.5,1,1,TTACTCCAGGTATCTAGAGA,0,2247074
marRp,0.5,1,1,TTACGGTTGGGGCTTCATGC,0,2230143
marRp,0.5,1,1,TTACGGGAAGCCCTCAGCAA,0,2241403
marRp,0.5,1,1,TTACCCGGGTAGTTCCAAGA,0,2236553
marRp,0.5,1,1,TTAATTAGCGACTATCCCAA,0,2245784
marRp,0.5,1,1,TTAATGAGAAGAGGGACTAA,0,2219148
marRp,0.5,1,1,TTAATAATCGCACCCGGCTC,0,2257380
marRp,0.5,1,1,TTAATAAACGGGCGAAAAGA,0,2250948
marRp,0.5,1,1,TTAACGGCCACCCCATTATT,0,2253968
marRp,0.5,1,1,TTAAATCGATTGCGATGACT,0,2255402
marRp,0.5,1,1,TTAAAAGTGGCTGCTAACAT,0,2246644
marRp,0.5,1,1,TGTTTTGCAGATTCTCCTGC,0,2232279
marRp,0.5,1,1,TGTTTTAGTAGAATAATAGA,0,2250338
marRp,0.5,1,1,TGTTTGGTCTCACAAGGCAT,0,2253883
marRp,0.5,1,1,TGTTAGACGAGCGGACCGTC,0,2235190
marRp,0.5,1,1,TGTTACCCTAACGACTTATC,0,2232807
marRp,0.5,1,1,TGTGCGATGCACTGGTCTAC,0,2257102
marRp,0.5,1,1,TGTGAACGGTGAATGGCACG,0,2252298
marRp,0.5,1,1,TGTCTGTCTTCCTTTTGAAC,0,2245296
marRp,0.5,1,1,TGTCTGGACGAGTACGGTTA,0,2238665
marRp,0.5,1,1,TGTCTAGGTCAACACGCTGT,0,2240149
marRp,0.5,1,1,TGTCGGCTTTTCTGCGTGAG,0,2224165
marRp,0.5,1,1,TGTCGGCATTTTATCGTGCA,0,2244869
marRp,0.5,1,1,TGTCGCCCAAGTTCATCCAT,0,2239089
marRp,0.5,1,1,TGTCCTGATACGGGATAGTT,0,2256926
marRp,0.5,1,1,TGTCCGCGTGTCCCGAGTGG,0,2240523
marRp,0.5,1,1,TGTCAGGGAGTGAGGGTGGC,0,2222347
marRp,0.5,1,1,TGTCACACATAGTAGACACG,0,2252874
marRp,0.5,1,1,TGTCAACTTCGCCAGACTAC,0,2238748
marRp,0.5,1,1,TGTATTCGGCTCATGTTCGT,0,2237431
marRp,0.5,1,1,TGTATCTTGGGACATTCACG,0,2229725
marRp,0.5,1,1,TGTAGTGCCGGTTAATCCCA,0,2220375
marRp,0.5,1,1,TGTAACTCACAGGCAGAGCT,0,2257501
marRp,0.5,1,1,TGGTTACCATACTCAATGCC,0,2221241
marRp,0.5,1,1,TGGTGTTAGGTTAAGTGGTG,0,2223341
marRp,0.5,1,1,TGGTGCGGGAAACGGTTCAC,0,2226547
marRp,0.5,1,1,TGGTGCGGAACTAATGGAGA,0,2230641
marRp,0.5,1,1,TGGTGCAGGGTTTCTATTTT,0,2245650
marRp,0.5,1,1,TGGTGATTTGCACTACTGCA,0,2244055
marRp,0.5,1,1,TGGTGATAGTCGTGGATCCA,0,2221590
marRp,0.5,1,1,TGGTCTCTTGTAAACCGCCA,0,2248505
marRp,0.5,1,1,TGGTCGAAGATTCATCTAGC,0,2250416
marRp,0.5,1,1,TGGTAGCGCCAAGCGGCCTA,0,2245738
marRp,0.5,1,1,TGGTACTCGCCTTTGGACTG,0,2224658
marRp,0.5,1,1,TGGTACAGATTTTTTATCTA,0,2231414
marRp,0.5,1,1,TGGGTTTTACGTCATCCACC,0,2253711
marRp,0.5,1,1,TGGGTGAAAACAGGAGTCTA,0,2246087
marRp,0.5,1,1,TGGGTATTGGTTGAGGCGAC,0,2234795
marRp,0.5,1,1,TGGGTATGAACAAATTTATG,0,2229416
marRp,0.5,1,1,TGGGGCCGGTGTGCACGGGT,0,2256714
marRp,0.5,1,1,TGGGGATGCAGACATGATAA,0,2229999
marRp,0.5,1,1,TGGGCTCTATGCGGAGTCAT,0,2255249
marRp,0.5,1,1,TGGGCCGCATACGAATGCCT,0,2247928
marRp,0.5,1,1,TGGGATTTGCCCCCGAAGAC,0,2234489
marRp,0.5,1,1,TGGGATCGGGTCTGCCGTGA,0,2258774
marRp,0.5,1,1,TGGGAGACGGAAAGGTCCCA,0,2220161
marRp,0.5,1,1,TGGGACTCGAGACCGGACTT,0,2259824
marRp,0.5,1,1,TGGGACGAGCTGATGTAATT,0,2243997
marRp,0.5,1,1,TGGGACCGCTCAGCTTTGAG,0,2218857
marRp,0.5,1,1,TGGCTCTGGATTAAGGGTAA,0,2232330
marRp,0.5,1,1,TGGCGTTCTAGTCCGATTTC,0,2222631
marRp,0.5,1,1,TGGCGGGTAGGTTGACCAGG,0,2241773
marRp,0.5,1,1,TGGCCGCAGTCGTAATTTGA,0,2231628
marRp,0.5,1,1,TGGATTATAGGGAGGGGGTT,0,2226408
marRp,0.5,1,1,TGGATGGTAAACTGCGTCCA,0,2256747
marRp,0.5,1,1,TGGATCGAACTTCCCTGATC,0,2222201
marRp,0.5,1,1,TGGAGCGAGTTTAGAGGGCG,0,2217855
marRp,0.5,1,1,TGGACTGGTCGCTGGATTAG,0,2227428
marRp,0.5,1,1,TGGAACACCCCGTGGTTATC,0,2226635
marRp,0.5,1,1,TGGAAAGTAGCCTGGGGCCT,0,2232355
marRp,0.5,1,1,TGGAAAAGTATGTTTCCTGA,0,2255525
marRp,0.5,1,1,TGCTTAACATCGGTTGGACG,0,2248820
marRp,0.5,1,1,TGCTGAGATAATATGTTAAG,0,2255941
marRp,0.5,1,1,TGCTGAAGTGTCACAGGCCA,0,2227209
marRp,0.5,1,1,TGCTAGTATGCCGTTCACCT,0,2227437
marRp,0.5,1,1,TGCTAGGTCCGACCGTATAA,0,2234920
marRp,0.5,1,1,TGCTAGCTCATAGGCGGAGA,0,2249209
marRp,0.5,1,1,TGCTAATTCAACCCGCGCCC,0,2248553
marRp,0.5,1,1,TGCGTCTCCGAGCCTCGGCC,0,2238629
marRp,0.5,1,1,TGCGGGCCACAGAAAGTCCC,0,2241281
marRp,0.5,1,1,TGCGGCGGCCTTTGTCAACA,0,2245391
marRp,0.5,1,1,TGCGGAATTGCGAGACATGA,0,2224052
marRp,0.5,1,1,TGCGAGATCCACATGGCTGT,0,2257381
marRp,0.5,1,1,TGCGACAAACCACTAGGATG,0,2246051
marRp,0.5,1,1,TGCCTGGAAGGTACACTACA,0,2235213
marRp,0.5,1,1,TGCCTGCCGTCATCAGCCTA,0,2255673
marRp,0.5,1,1,TGCCTAGGTCCCTGAATCGG,0,2220788
marRp,0.5,1,1,TGCCGGCGCACCGCTAGGAT,0,2259238
marRp,0.5,1,1,TGCCCTTAGCATCATGATGG,0,2235789
marRp,0.5,1,1,TGCCAGTTAGAGTAAGAATC,0,2227424
marRp,0.5,1,1,TGCCAGGGTCAGTGTTGTTA,0,2229963
marRp,0.5,1,1,TGCATTCCCTCTGGCACCTC,0,2242178
marRp,0.5,1,1,TGCATCGGCAAGACTTGTAA,0,2243130
marRp,0.5,1,1,TGCATAGAATAGCCCTGTGT,0,2227706
marRp,0.5,1,1,TGCATAATCGCCATGGAGCT,0,2225364
marRp,0.5,1,1,TGCAGTGTCCAAGAACACCT,0,2253361
marRp,0.5,1,1,TGCAGGTCTTCGGAGTCGTG,0,2247653
marRp,0.5,1,1,TGCAGGGCACAAAAAACGTT,0,2252529
marRp,0.5,1,1,TGCAGGATCTCGTCATGGAT,0,2255421
marRp,0.5,1,1,TGCAGAGGACGACTGTTGTG,0,2231898
marRp,0.5,1,1,TGCAGAGCCTGCAACCCTCT,0,2223387
marRp,0.5,1,1,TGCAGAAGGTTCTGTAACTG,0,2246670
marRp,0.5,1,1,TGCAATTTATGGATAGTTAG,0,2259379
marRp,0.5,1,1,TGCAAATTCCGACGGGACGT,0,2240127
marRp,0.5,1,1,TGCAAACTGCACCGAGGAAA,0,2251166
marRp,0.5,1,1,TGATTCGTGCTTTTCGCGGG,0,2254766
marRp,0.5,1,1,TGATTCGAATTCGGCAAGAT,0,2243477
marRp,0.5,1,1,TGATCGGCAAATATTCTTCA,0,2221168
marRp,0.5,1,1,TGATCAGTCCCGATTCGTAG,0,2237920
marRp,0.5,1,1,TGATCAATATTAGGGCCTCT,0,2228651
marRp,0.5,1,1,TGAGTCAAGAGGATTTCTTT,0,2259671
marRp,0.5,1,1,TGAGGCTTGTGCTGAAAAGT,0,2231014
marRp,0.5,1,1,TGAGGCTATTTCGTTGTACA,0,2241252
marRp,0.5,1,1,TGAGGCGTATGGCATCAGTA,0,2255351
marRp,0.5,1,1,TGAGGCGGTGCCAGCAAATA,0,2242033
marRp,0.5,1,1,TGAGCTCACAGAGGTGTGGT,0,2258046
marRp,0.5,1,1,TGAGCGAGATTTGAGGCGAA,0,2221046
marRp,0.5,1,1,TGAGATATGTAAGCCCTGAA,0,2255012
marRp,0.5,1,1,TGAGAGCTGCCATTGGGTCA,0,2240641
marRp,0.5,1,1,TGAGAGACGGCGTTTTGACC,0,2258189
marRp,0.5,1,1,TGACTGACCTTAGGAGTGAC,0,2254556
marRp,0.5,1,1,TGACTCACTTTTGCTTTCTC,0,2249831
marRp,0.5,1,1,TGACGTGACCCGCCTAACAA,0,2253330
marRp,0.5,1,1,TGACCGTTATTGAGGTATCG,0,2250281
marRp,0.5,1,1,TGACCATAGTCTAAACTTAC,0,2238197
marRp,0.5,1,1,TGACAAGATCGTGGGTCTCT,0,2220444
marRp,0.5,1,1,TGACAAAATCTCTTCTTAAA,0,2260107
marRp,0.5,1,1,TGAAGTGATGGAACCATCTA,0,2253138
marRp,0.5,1,1,TGAAGCCACTCGTCGCACAT,0,2218786
marRp,0.5,1,1,TGAAGAACCCACTTTCGGTA,0,2258360
marRp,0.5,1,1,TGAACCGCGACGTCCGCTAA,0,2238508
marRp,0.5,1,1,TCTTTGTATACAAATTAATT,0,2229097
marRp,0.5,1,1,TCTTTAACTCCGCATTCGTA,0,2240353
marRp,0.5,1,1,TCTTGTTTCATCACCGCGTT,0,2234514
marRp,0.5,1,1,TCTTGTTCACTGTTCGTTGT,0,2235793
marRp,0.5,1,1,TCTTGCGGTATCTGAATGGG,0,2229892
marRp,0.5,1,1,TCTGGATGGCGTAATTGGCA,0,2234916
marRp,0.5,1,1,TCTGCGGGGGGACTCATCCC,0,2225257
marRp,0.5,1,1,TCTGCAAATCGGAGGTGCAG,0,2220475
marRp,0.5,1,1,TCTGAGGGGAACCCTAATTA,0,2242022
marRp,0.5,1,1,TCTGAAAATGTGCACCTGTG,0,2234990
marRp,0.5,1,1,TCTCGGATCTCGTAGGTCTT,0,2221183
marRp,0.5,1,1,TCTCGCGTATTGGTGGCTTC,0,2249949
marRp,0.5,1,1,TCTCCGGTCTCCGGCATCGT,0,2229229
marRp,0.5,1,1,TCTCAACGTTCCGGGACTCA,0,2231831
marRp,0.5,1,1,TCTATAATTTTCTTCTCCCG,0,2228298
marRp,0.5,1,1,TCTAGTCATGGTTAGGGAAG,0,2247622
marRp,0.5,1,1,TCTAGCTGGGGAGCAGTGGG,0,2243081
marRp,0.5,1,1,TCTACGCCCCTAGAGCTTCA,0,2255450
marRp,0.5,1,1,TCTACCGTCTTGTTTTGAAT,0,2242653
marRp,0.5,1,1,TCTAATGTAGCCCATTAACA,0,2237006
marRp,0.5,1,1,TCGTTGTGTCGGTCCCAGCC,0,2242500
marRp,0.5,1,1,TCGTTGACGAATGGGACTCA,0,2251223
marRp,0.5,1,1,TCGTTCACTGGTATACTAGA,0,2224818
marRp,0.5,1,1,TCGTTAACGGATTGTGAGCG,0,2223797
marRp,0.5,1,1,TCGTGGTGTCGGTCCAAAAC,0,2241860
marRp,0.5,1,1,TCGTCTCTTGTCTAGCAAAA,0,2243416
marRp,0.5,1,1,TCGTCCTTGCACGACGTGGA,0,2232537
marRp,0.5,1,1,TCGTAAATACTCTATGCCAG,0,2244075
marRp,0.5,1,1,TCGTAAAGTTACTAGCGGAG,0,2243096
marRp,0.5,1,1,TCGGTTTGATATACGTGCTT,0,2247455
marRp,0.5,1,1,TCGGTGCATCCGGATCATTG,0,2241286
marRp,0.5,1,1,TCGGTGACTACTACTAAAGA,0,2230809
marRp,0.5,1,1,TCGGGCTCCAGGTTGCTTTG,0,2251229
marRp,0.5,1,1,TCGGCTTCCGCCTTCCTTAG,0,2247157
marRp,0.5,1,1,TCGGCCTTATCCGAGATCCC,0,2248879
marRp,0.5,1,1,TCGGCCAAGGATGCCTTCAG,0,2254002
marRp,0.5,1,1,TCGGCATATAGCTCTACGTA,0,2255503
marRp,0.5,1,1,TCGGATCCAATAAGGTAACT,0,2219732
marRp,0.5,1,1,TCGGAAGTCAGGCAGAACGA,0,2225326
marRp,0.5,1,1,TCGCTCGCGTGAAAGGTGTT,0,2220667
marRp,0.5,1,1,TCGCGCCGACGTTACGCATG,0,2224140
marRp,0.5,1,1,TCGCGACGCGGCGGCCGTAG,0,2240915
marRp,0.5,1,1,TCGCATTCGGTTATCAATCT,0,2257940
marRp,0.5,1,1,TCGCAGGTGATTTGGGCAAC,0,2240643
marRp,0.5,1,1,TCGCAGGCACTCATCAACGA,0,2234262
marRp,0.5,1,1,TCGCAAAGAAGCGGCGCATA,0,2238823
marRp,0.5,1,1,TCGATTTGGCAAATCAGACG,0,2220459
marRp,0.5,1,1,TCGATCCACCGCCTACTCAT,0,2233677
marRp,0.5,1,1,TCGAGTGATTGGTTTTAAAT,0,2235126
marRp,0.5,1,1,TCGAGGTCCTTCGGAAAGGG,0,2237525
marRp,0.5,1,1,TCGAGACGCGAGAGCAAGCT,0,2225894
marRp,0.5,1,1,TCGACCAGCGTAAGGAGCGA,0,2229422
marRp,0.5,1,1,TCGACACGCTTGAGCTTGGT,0,2258773
marRp,0.5,1,1,TCGACAATTAGACCGCGGTC,0,2245988
marRp,0.5,1,1,TCGAAGTCAAGGTGCCCGGT,0,2260270
marRp,0.5,1,1,TCCTTGACGGCGCGGCTCGT,0,2218367
marRp,0.5,1,1,TCCTTATAAAAAGGCCCGCA,0,2220342
marRp,0.5,1,1,TCCTGTAGTCGGTCACGATT,0,2257386
marRp,0.5,1,1,TCCTGGCTCGAGATCGACGA,0,2235595
marRp,0.5,1,1,TCCTGATTTCCAAAGATGAA,0,2243870
marRp,0.5,1,1,TCCTAGTTAACCCCGAAGGT,0,2221641
marRp,0.5,1,1,TCCTAGATGCATAGCATTAA,0,2221847
marRp,0.5,1,1,TCCGGATTAGTGCCTATTAG,0,2255167
marRp,0.5,1,1,TCCGGAACGCCCGGAAAGGG,0,2240667
marRp,0.5,1,1,TCCGCTTGCCTTGCACCGAC,0,2223128
marRp,0.5,1,1,TCCGAGTCTGAGCGTGAAGA,0,2235504
marRp,0.5,1,1,TCCGACCGCGTGCGGTTGGT,0,2259166
marRp,0.5,1,1,TCCCTTTTGCTTACCGCACA,0,2234504
marRp,0.5,1,1,TCCCGGCAGAACAGTCCATA,0,2217993
marRp,0.5,1,1,TCCCCGCATTCGGCTAAAAT,0,2247698
marRp,0.5,1,1,TCCCCAGCTTAAGCGTCAGA,0,2245125
marRp,0.5,1,1,TCCCCAGAACGTCAACGGTA,0,2248511
marRp,0.5,1,1,TCCCCACCAGATCAGGCCAA,0,2242369
marRp,0.5,1,1,TCCCACGGTCTGCTAATAAT,0,2234930
marRp,0.5,1,1,TCCATTGTGCAGTTTTACGA,0,2218185
marRp,0.5,1,1,TCCATGGCATCGCACTCGTG,0,2245915
marRp,0.5,1,1,TCCAGGTAAACGATTTGAAT,0,2251586
marRp,0.5,1,1,TCCAATGGCATGTCTAAAGG,0,2233065
marRp,0.5,1,1,TCCAACCGGGGCTGGGGCCT,0,2237383
marRp,0.5,1,1,TCATTTTTCGTGAAAGGTTT,0,2227705
marRp,0.5,1,1,TCATTTTTAACTTAGGTGAT,0,2255869
marRp,0.5,1,1,TCATTGATGGAAGAGATCAC,0,2251015
marRp,0.5,1,1,TCATTCCCTGCAATCTCTCT,0,2222315
marRp,0.5,1,1,TCATGTAGGATGTCGTCGCG,0,2221331
marRp,0.5,1,1,TCATGGTGTATATAGTTCAA,0,2237884
marRp,0.5,1,1,TCATCTTGCAAACAGCCATG,0,2229278
marRp,0.5,1,1,TCATCCAAGCTTTTTCTCAT,0,2255814
marRp,0.5,1,1,TCATCACCTTCACCGAACAA,0,2257492
marRp,0.5,1,1,TCATATTATATTTGCGTCTG,0,2258308
marRp,0.5,1,1,TCATATAAGAAATCTGTGAA,0,2239116
marRp,0.5,1,1,TCATAAAGCACGCCATCCCC,0,2236554
marRp,0.5,1,1,TCAGTGCCCTGAAAACACTC,0,2229061
marRp,0.5,1,1,TCAGTCAGCAGGAAGGCTAC,0,2236370
marRp,0.5,1,1,TCAGTACATCGGTACTGTCG,0,2243688
marRp,0.5,1,1,TCAGGGCACTGTGGAGTACA,0,2245882
marRp,0.5,1,1,TCAGGACTAATCGTATGGTT,0,2239606
marRp,0.5,1,1,TCAGCTCCACTTCTCCAGAT,0,2234191
marRp,0.5,1,1,TCAGCGCCGGGTGACCATAA,0,2223704
marRp,0.5,1,1,TCAGCGATCATATCTCTAAG,0,2219970
marRp,0.5,1,1,TCAGCCTCGTCACTGAAGGC,0,2234397
marRp,0.5,1,1,TCACTTTTAGAGCATCTCGG,0,2242713
marRp,0.5,1,1,TCACTGAACAAGATTCTGTA,0,2260124
marRp,0.5,1,1,TCACGGGTGTCATGTGGGAC,0,2247796
marRp,0.5,1,1,TCACCTCGATTGGAAGGCTC,0,2237765
marRp,0.5,1,1,TCAATTATACGGCGGCCACA,0,2256987
marRp,0.5,1,1,TCAAGGTCGTAGAGGGAGTG,0,2235402
marRp,0.5,1,1,TCAAGCCATATAACAACACA,0,2237205
marRp,0.5,1,1,TCAACGCTCGTAGGGGTATG,0,2231579
marRp,0.5,1,1,TCAACCCACTCATTAACTAG,0,2253720
marRp,0.5,1,1,TCAAATTTTGAGCCACCTTA,0,2227478
marRp,0.5,1,1,TCAAAGGGGCCAAAAATTTA,0,2219124
marRp,0.5,1,1,TATTAGCAGTTACGTCTTAG,0,2221456
marRp,0.5,1,1,TATGTTAGCTTGCGGAACAA,0,2234166
marRp,0.5,1,1,TATGTGGGCCCCATACTTTT,0,2218371
marRp,0.5,1,1,TATGGTCAGTGATGAGAAGT,0,2220473
marRp,0.5,1,1,TATGGGTGAAGGTTACATTC,0,2251225
marRp,0.5,1,1,TATGGCCCTCCGGTTTGTTG,0,2223777
marRp,0.5,1,1,TATGGACTATAGTGCAGATG,0,2220792
marRp,0.5,1,1,TATGCTGACGATCCATTCCG,0,2249050
marRp,0.5,1,1,TATGCGCGGATATTACCCCT,0,2248408
marRp,0.5,1,1,TATCTGGAGGGAGCATATCA,0,2252660
marRp,0.5,1,1,TATCGGTGAACTACGAGAAG,0,2220117
marRp,0.5,1,1,TATCGCTAGAATATATGCCT,0,2247451
marRp,0.5,1,1,TATCCTGACGCTTCGTACCA,0,2252064
marRp,0.5,1,1,TATCCATCGGCAGAACAAGG,0,2222977
marRp,0.5,1,1,TATATGAAGCTTGGGTGATC,0,2256473
marRp,0.5,1,1,TATATCTATCACCCCAGCCT,0,2221695
marRp,0.5,1,1,TATACCCTTCGGTATTAGAG,0,2240240
marRp,0.5,1,1,TATAATCTGAAGATCAATTT,0,2228333
marRp,0.5,1,1,TATAAATTCGGGCTAATGGT,0,2238398
marRp,0.5,1,1,TAGGTCAGGCAAGGGGCCAC,0,2244077
marRp,0.5,1,1,TAGGTAGCAGATACTCGCTT,0,2259293
marRp,0.5,1,1,TAGGTAAATGAGACGATACT,0,2238747
marRp,0.5,1,1,TAGGGCGAGTTGAATGCAAT,0,2248575
marRp,0.5,1,1,TAGGACAAGCCCCTTGTCCG,0,2245839
marRp,0.5,1,1,TAGGAAACTTGGTGTGAGAC,0,2236716
marRp,0.5,1,1,TAGCTTTTTTCGATACCCAC,0,2244921
marRp,0.5,1,1,TAGCTGCTATGATTTTACGG,0,2237150
marRp,0.5,1,1,TAGCGTTATATTTCCTAATA,0,2258248
marRp,0.5,1,1,TAGCCTCACGGCTTTTCGTG,0,2254941
marRp,0.5,1,1,TAGCACCTTTTAGAAGCATA,0,2255939
marRp,0.5,1,1,TAGCAAAAGAGTAATCGTGA,0,2233355
marRp,0.5,1,1,TAGATGGCGGACCCTAACGT,0,2253587
marRp,0.5,1,1,TAGATCATACTCGAATGTTT,0,2257704
marRp,0.5,1,1,TAGAGTAGGTCCACATGTTC,0,2221142
marRp,0.5,1,1,TAGAGGCTAGGGTGCAGTGT,0,2231146
marRp,0.5,1,1,TAGAGCTAATACGCATGGAC,0,2232597
marRp,0.5,1,1,TAGACGTGAGTTGTCTTCAT,0,2242835
marRp,0.5,1,1,TAGACGCGCTAAGTGTAGCA,0,2249329
marRp,0.5,1,1,TAGACAATAAAGTTTTTCTA,0,2233550
marRp,0.5,1,1,TAGAAGGATGTTTCATTAGT,0,2230010
marRp,0.5,1,1,TACTTTTTAAATGTAGCCTG,0,2230012
marRp,0.5,1,1,TACTTTAGACGTTGGCAAGC,0,2230336
marRp,0.5,1,1,TACTTGCTAAACCAATCGCA,0,2226729
marRp,0.5,1,1,TACTGTTCTGCACGATATGG,0,2239806
marRp,0.5,1,1,TACTGCCATTAGCGAGTTGG,0,2251427
marRp,0.5,1,1,TACTACAACGATCGACAGGA,0,2222470
marRp,0.5,1,1,TACGTGTATACGCACTGGCA,0,2259823
marRp,0.5,1,1,TACGGTATCCGTTGCATACA,0,2258228
marRp,0.5,1,1,TACGGCGTGTAGTTGCATGA,0,2260800
marRp,0.5,1,1,TACGGCCTGGACCGTTAATA,0,2253321
marRp,0.5,1,1,TACGGATTCGCCTTTCGGGT,0,2244843
marRp,0.5,1,1,TACGGACTGCGGAGACTCAC,0,2224100
marRp,0.5,1,1,TACGCTATACACAGCGTCAG,0,2226351
marRp,0.5,1,1,TACGCGTCGCGTCGGTCGCC,0,2231645
marRp,0.5,1,1,TACGCGGCTGGTATGCCCAG,0,2224442
marRp,0.5,1,1,TACGATTTGTGTTGAGCGGC,0,2234948
marRp,0.5,1,1,TACGATCTCCTTCTCTTTAC,0,2219219
marRp,0.5,1,1,TACGAGAAGTCCCTGATTTG,0,2231178
marRp,0.5,1,1,TACGAACTGTTTTAGAAAGA,0,2224132
marRp,0.5,1,1,TACGAACCCATGTATATCAA,0,2250571
marRp,0.5,1,1,TACCTGAGTCATTATGGCGG,0,2254346
marRp,0.5,1,1,TACCTCTGGGCGCCGCGCTT,0,2238769
marRp,0.5,1,1,TACCGTGGTATTTGAAGAGT,0,2231820
marRp,0.5,1,1,TACCGTAGAGGGAACCTGGG,0,2239921
marRp,0.5,1,1,TACCGTACGGTCTAAAATGC,0,2218828
marRp,0.5,1,1,TACCGCAACGGGAAAAATGT,0,2255725
marRp,0.5,1,1,TACCGAAAACAATGAACGCG,0,2247132
marRp,0.5,1,1,TACCATCGCGATCTCCCATC,0,2229216
marRp,0.5,1,1,TACCAGGTCGGTGCAAGGGT,0,2258878
marRp,0.5,1,1,TACCACGAGGAAATGAACGA,0,2220238
marRp,0.5,1,1,TACAGTTGTACAAGTAGCGG,0,2230791
marRp,0.5,1,1,TACAGGATCTCAGGCCGCGA,0,2231218
marRp,0.5,1,1,TACAGCTAAGCTACCACCGT,0,2249974
marRp,0.5,1,1,TACACGCCAGACATGCGGTT,0,2245869
marRp,0.5,1,1,TACACATTGTTACTAGAAGG,0,2243979
marRp,0.5,1,1,TACAAATCCACTCATGGAAG,0,2233211
marRp,0.5,1,1,TACAAACCACGGGCTTCGCC,0,2219481
marRp,0.5,1,1,TAATTCGAAAGGCGGAAACG,0,2222553
marRp,0.5,1,1,TAATTACATCCTGAAAGCGA,0,2237495
marRp,0.5,1,1,TAATCTCGATACTCGTATGG,0,2238855
marRp,0.5,1,1,TAATAATCATTTACACAAGT,0,2244542
marRp,0.5,1,1,TAATAAGTGAGAGATCATCG,0,2258946
marRp,0.5,1,1,TAAGGGCTCAGCCAGGCCTA,0,2242030
marRp,0.5,1,1,TAAGGATAGGCTCGGCAGAG,0,2242715
marRp,0.5,1,1,TAAGCATGCCGTGTTGTTCG,0,2248724
marRp,0.5,1,1,TAACTTCGATATCACAGTAG,0,2247019
marRp,0.5,1,1,TAACTGGTACGGATGCTGAA,0,2239288
marRp,0.5,1,1,TAACGCAGGCGGCGTACCTT,0,2222187
marRp,0.5,1,1,TAACCTATCGGTTTAAGATG,0,2248288
marRp,0.5,1,1,TAACCACCGGAGCTCTACGT,0,2218412
marRp,0.5,1,1,TAACAAGTGCACCTGCATTC,0,2235772
marRp,0.5,1,1,TAAAGGTGGTCACTGGCGAT,0,2227082
marRp,0.5,1,1,TAAACGGTAATAGCTTTCAT,0,2229470
marRp,0.5,1,1,TAAACCAGCCCAGAGATTTC,0,2251396
marRp,0.5,1,1,TAAAATTTCTCTTAAAGCAG,0,2247980
marRp,0.5,1,1,GTTTTTCCAGCTTAGATCTG,0,2239380
marRp,0.5,1,1,GTTTGTACAAGTTTTATATG,0,2258115
marRp,0.5,1,1,GTTTCGCCTATTGGAAAGAT,0,2224285
marRp,0.5,1,1,GTTTCGCATAGGGTCGAGGA,0,2221689
marRp,0.5,1,1,GTTTCAGGGTAGTAGCCTGA,0,2234576
marRp,0.5,1,1,GTTTATCTCTTCGGCCGTCA,0,2235266
marRp,0.5,1,1,GTTTACCGATCATATTGATG,0,2238045
marRp,0.5,1,1,GTTGTTTTTTTATATCTCGG,0,2243065
marRp,0.5,1,1,GTTGTATTAGACACCGGCGG,0,2229177
marRp,0.5,1,1,GTTGCCCGGTACAGGCATTT,0,2229601
marRp,0.5,1,1,GTTGATATCAGGGTTGCAAT,0,2235000
marRp,0.5,1,1,GTTGAGCTCCTGCATCCAAG,0,2243150
marRp,0.5,1,1,GTTCTGTCAGAGGGGTCTTG,0,2225106
marRp,0.5,1,1,GTTCGGACACTTACGGGAAT,0,2218282
marRp,0.5,1,1,GTTCGCATGATAGGTAGGAA,0,2237558
marRp,0.5,1,1,GTTCGAATGAATCATGACAA,0,2258090
marRp,0.5,1,1,GTTCCGGTAGTTTCTTATTG,0,2237381
marRp,0.5,1,1,GTTCCGACTGAATCGCATCA,0,2231074
marRp,0.5,1,1,GTTCATGTTTTCGAGTCGAT,0,2259021
marRp,0.5,1,1,GTTCATGTTCAAATGATGGA,0,2252807
marRp,0.5,1,1,GTTCAGGATCCTCCGTCCAG,0,2220834
marRp,0.5,1,1,GTTCAGCTTGAGCCTACACA,0,2252166
marRp,0.5,1,1,GTTCACACTTCTTGGCCTTG,0,2259896
marRp,0.5,1,1,GTTCAATAGCCGATGCCCGA,0,2242579
marRp,0.5,1,1,GTTATCGTCCCTACGGGGCA,0,2254158
marRp,0.5,1,1,GTTATAGAAGCTTCGGCCCG,0,2220325
marRp,0.5,1,1,GTTATACGATATTCCCGTCA,0,2228889
marRp,0.5,1,1,GTTAGGCCCAGTCATAGCAA,0,2226364
marRp,0.5,1,1,GTTAGCATCAGGGTTATCCA,0,2226536
marRp,0.5,1,1,GTTAGCAGCTGTCGTGCGGG,0,2223586
marRp,0.5,1,1,GTTAGAGCTGGGATCGCGAT,0,2228479
marRp,0.5,1,1,GTTAATGCGAACTTTTATAC,0,2241105
marRp,0.5,1,1,GTGTGTTGAGGATAGTGGCA,0,2229019
marRp,0.5,1,1,GTGTGTCGCTAACGAAGCGT,0,2228055
marRp,0.5,1,1,GTGTGGAGTTTCTTTAAGCA,0,2254566
marRp,0.5,1,1,GTGTGCATCATGGGGCTAGT,0,2236346
marRp,0.5,1,1,GTGTGATGGCTATTTCACAG,0,2223839
marRp,0.5,1,1,GTGTGACTTCCTACGCTTCC,0,2219819
marRp,0.5,1,1,GTGTCCCCATGGGAGAATGT,0,2233230
marRp,0.5,1,1,GTGTCAGTAAAAACAATTTG,0,2233601
marRp,0.5,1,1,GTGTATATGGCTATGCCTGG,0,2221542
marRp,0.5,1,1,GTGGTGTTTAGAACATATCT,0,2245967
marRp,0.5,1,1,GTGGTGTGAGTTGGTGCCGG,0,2256991
marRp,0.5,1,1,GTGGTGGACTAGGTTTTTAC,0,2252488
marRp,0.5,1,1,GTGGTGAATATCAGGGTGAG,0,2246359
marRp,0.5,1,1,GTGGTATGGTACCTGGGTCA,0,2236005
marRp,0.5,1,1,GTGGGTTAAGTGTCTCGTAA,0,2252687
marRp,0.5,1,1,GTGGGGCGGCTGCTTGGCCT,0,2222921
marRp,0.5,1,1,GTGGCATCTCAATCGGCCTA,0,2252293
marRp,0.5,1,1,GTGGCAGTTATGTCGCTTGT,0,2246431
marRp,0.5,1,1,GTGGCAGACGGGGCCTTCGT,0,2243324
marRp,0.5,1,1,GTGGATGAGGGACAATGAAC,0,2220465
marRp,0.5,1,1,GTGGAGCTCCGTAGGCTAGT,0,2256847
marRp,0.5,1,1,GTGGACGCCGTGCAGCTACC,0,2233329
marRp,0.5,1,1,GTGCTTTGCATATGTCTCTG,0,2255278
marRp,0.5,1,1,GTGCTGTGGGGCTCTACTCG,0,2234675
marRp,0.5,1,1,GTGCTCATTCCTGGTGGAAA,0,2224541
marRp,0.5,1,1,GTGCGTTCAGAGATCGTTTA,0,2229887
marRp,0.5,1,1,GTGCGCCTTTATCCATTTGC,0,2220177
marRp,0.5,1,1,GTGCGAGTAGAACGGCGGTT,0,2222965
marRp,0.5,1,1,GTGCCGTGGCACGATCCGAC,0,2221004
marRp,0.5,1,1,GTGATCCAATGGGGGCGGGC,0,2246413
marRp,0.5,1,1,GTGAGTTTGTCTCGTGGAAC,0,2259309
marRp,0.5,1,1,GTGAGTTCTCGGCGCAAGCG,0,2219786
marRp,0.5,1,1,GTGAGTCCAAACGCAGAAGG,0,2260364
marRp,0.5,1,1,GTGAGGTCTTTTTGAGGTTC,0,2233040
marRp,0.5,1,1,GTGAGCGTAAAAGTTGAATT,0,2238298
marRp,0.5,1,1,GTGAGACATTTAGACCCCAA,0,2241731
marRp,0.5,1,1,GTGACTATTCGAGTCTCATA,0,2219210
marRp,0.5,1,1,GTCTTTTCGCTATTACACTC,0,2247099
marRp,0.5,1,1,GTCTTCTCCTTTCATTCCCC,0,2253716
marRp,0.5,1,1,GTCTGTAGCTGGGATGGGCC,0,2240419
marRp,0.5,1,1,GTCTGGGTCAGCTCGTAGCT,0,2259087
marRp,0.5,1,1,GTCTGATGTCCTCTAAGCAT,0,2227305
marRp,0.5,1,1,GTCTCTTCTAGCGTCGCTTC,0,2253354
marRp,0.5,1,1,GTCTATTGCTGCGGACCGTG,0,2245570
marRp,0.5,1,1,GTCTAGCCTTACCATGGCTC,0,2222936
marRp,0.5,1,1,GTCTAGATCGCCAATAGACT,0,2219604
marRp,0.5,1,1,GTCTAGAGGTTAAGATAGCA,0,2241253
marRp,0.5,1,1,GTCGTTCGTCCCGATCGATC,0,2242457
marRp,0.5,1,1,GTCGTGTAGTTCGGCAATTT,0,2234431
marRp,0.5,1,1,GTCGTAGTCACATTATCTTC,0,2252657
marRp,0.5,1,1,GTCGTAGGTGTAAGGGTCAA,0,2255333
marRp,0.5,1,1,GTCGGCGATACCAGCGATGT,0,2250511
marRp,0.5,1,1,GTCGCGGTTCCTATTGGGGG,0,2230932
marRp,0.5,1,1,GTCGCGGTGTAAAATTACGG,0,2249822
marRp,0.5,1,1,GTCGCGGGGCGGTCAAGGTC,0,2224852
marRp,0.5,1,1,GTCGAGGATAGTTCTTTAAT,0,2243344
marRp,0.5,1,1,GTCGACCGTATTACTCTCCG,0,2225574
marRp,0.5,1,1,GTCCTGGACCAATCTCTGGT,0,2220805
marRp,0.5,1,1,GTCCTGAGATTTCTAACGAA,0,2259989
marRp,0.5,1,1,GTCCTACATCTTATGGTCAC,0,2259769
marRp,0.5,1,1,GTCCTAAAAGGGTATGGTGT,0,2259880
marRp,0.5,1,1,GTCCGATCAGTACACAAACT,0,2252140
marRp,0.5,1,1,GTCCATTAAGACGGGGGGAG,0,2247126
marRp,0.5,1,1,GTCCAGCCGCGAGTCAGTTG,0,2224398
marRp,0.5,1,1,GTCCAGACGCACTGGGACCT,0,2218656
marRp,0.5,1,1,GTCATGGACAACTGATCGGC,0,2245087
marRp,0.5,1,1,GTCATCCACTATGCGAACGC,0,2229154
marRp,0.5,1,1,GTCATAATCAGATTAAACTT,0,2247397
marRp,0.5,1,1,GTCATAAGACCTTTGTATTA,0,2225653
marRp,0.5,1,1,GTCAGGAACGCGTGTAAATA,0,2239320
marRp,0.5,1,1,GTCAGCAGCAGATAGATCGG,0,2258568
marRp,0.5,1,1,GTCACCCTTTGCCGCGGAAC,0,2223973
marRp,0.5,1,1,GTCACCATGGTTGCTGCGGT,0,2230739
marRp,0.5,1,1,GTCACATTAAAAGGGCCAAA,0,2235383
marRp,0.5,1,1,GTCAAGGGGTAGATTACCGT,0,2231135
marRp,0.5,1,1,GTATTACACATCTGATACAT,0,2232580
marRp,0.5,1,1,GTATGGAGCGGAGTACATAA,0,2238388
marRp,0.5,1,1,GTATGCAGCGGACGGTCGTT,0,2245511
marRp,0.5,1,1,GTATGATGCGAAACCCCGCT,0,2220239
marRp,0.5,1,1,GTATCATGCATGAGCTGTGC,0,2234062
marRp,0.5,1,1,GTATATTCGGTGGTATGGCA,0,2225879
marRp,0.5,1,1,GTATATCGTATGGTCTGGAG,0,2219443
marRp,0.5,1,1,GTAGTATAATCGGCTAGTTG,0,2241349
marRp,0.5,1,1,GTAGGTAATGTGTACAGGCG,0,2224209
marRp,0.5,1,1,GTAGGCAGGGAGTATTACGC,0,2237172
marRp,0.5,1,1,GTAGCTTATATTATGTAACA,0,2237657
marRp,0.5,1,1,GTAGCGGATGATGCACAACG,0,2227595
marRp,0.5,1,1,GTAGAGTTTCGCGGCTACCA,0,2225838
marRp,0.5,1,1,GTAGAGCGCATCCCTCCGGG,0,2252269
marRp,0.5,1,1,GTACTGCAGTTTCGGAGTCA,0,2229424
marRp,0.5,1,1,GTACTGCAGTGAGTTTTCAT,0,2226970
marRp,0.5,1,1,GTACGTCCCATATTCTAGGC,0,2257485
marRp,0.5,1,1,GTACCTTACTGTGGGTGGTA,0,2218578
marRp,0.5,1,1,GTACCGAATATACTTAAACC,0,2232612
marRp,0.5,1,1,GTAAGCCCGATAGGGAAAAA,0,2239385
marRp,0.5,1,1,GTAAGCATCTTACATTAATC,0,2256374
marRp,0.5,1,1,GTAACTCTAAAGGACTGTCC,0,2243090
marRp,0.5,1,1,GGTTTACGGGGAAACCAATG,0,2240754
marRp,0.5,1,1,GGTTGCCCGGCGCGTTGTTG,0,2231698
marRp,0.5,1,1,GGTTCTATGACGCAGTGAGG,0,2240312
marRp,0.5,1,1,GGTTCAGGTACGACACATAT,0,2235871
marRp,0.5,1,1,GGTTATCTTCGTACCACAAA,0,2243478
marRp,0.5,1,1,GGTGTCTACATGTTACCAAT,0,2223971
marRp,0.5,1,1,GGTGTCGATAGAGTTGTGAT,0,2228253
marRp,0.5,1,1,GGTGGTCGCGAGACTTATTT,0,2248861
marRp,0.5,1,1,GGTGAGGTGTATAACACAGC,0,2250041
marRp,0.5,1,1,GGTGAATAGGACTCCAAGAT,0,2255627
marRp,0.5,1,1,GGTGAAATGTGGATTTGATC,0,2238434
marRp,0.5,1,1,GGTCTTGGACATGTCCGCTA,0,2247226
marRp,0.5,1,1,GGTCTTGCTTAGGAGTTATG,0,2228717
marRp,0.5,1,1,GGTCTACAGGTCGAATGGCT,0,2223529
marRp,0.5,1,1,GGTCGGGTCCCTAATGTTTT,0,2239549
marRp,0.5,1,1,GGTCCTTTTATTACGACCGT,0,2236955
marRp,0.5,1,1,GGTCCGCAAGATCAGCCATA,0,2260447
marRp,0.5,1,1,GGTCCCTCGGAGCGTATGAG,0,2248855
marRp,0.5,1,1,GGTCCCGCTTGTTAACCGCA,0,2244130
marRp,0.5,1,1,GGTCCATGACACTCATCTTT,0,2237696
marRp,0.5,1,1,GGTCAGGCTAGACCGAAGTA,0,2259807
marRp,0.5,1,1,GGTATGAGAGTCGGATGGCA,0,2251992
marRp,0.5,1,1,GGTAGTGGGTACGATTGTCG,0,2232622
marRp,0.5,1,1,GGTAGGCGCTAGCCTTAGGC,0,2218366
marRp,0.5,1,1,GGTACAGGGCATGACCACTT,0,2222377
marRp,0.5,1,1,GGTACACTGCTAAATACATA,0,2223635
marRp,0.5,1,1,GGTAAATAAATCACTATTGG,0,2247288
marRp,0.5,1,1,GGGTTGAGCTTTCTTATGCC,0,2221658
marRp,0.5,1,1,GGGTTCATCCCCTGGGCAAA,0,2237518
marRp,0.5,1,1,GGGTGGTTAGGACCTGTGGC,0,2249968
marRp,0.5,1,1,GGGTGAAGCTCTGAAAGGGA,0,2232023
marRp,0.5,1,1,GGGTGAAAGCGGCTGGATCT,0,2253424
marRp,0.5,1,1,GGGTCTAGGCCTCGCGCCTA,0,2249955
marRp,0.5,1,1,GGGTATTATGCACGGCAACG,0,2218105
marRp,0.5,1,1,GGGTAGCAATTGAGAGAGCT,0,2229179
marRp,0.5,1,1,GGGTAAGGTTCGGGCGGTTA,0,2219994
marRp,0.5,1,1,GGGGGGACGCGTCCCTCCTA,0,2227018
marRp,0.5,1,1,GGGGGGAAACCACAGCCAAA,0,2256286
marRp,0.5,1,1,GGGGCTAGTGAGTCGGCTTA,0,2229222
marRp,0.5,1,1,GGGGCATCGCGACACCCGTA,0,2218434
marRp,0.5,1,1,GGGGAGTTGAGAATTACTCG,0,2248891
marRp,0.5,1,1,GGGCTTTAGGGAGGACACAC,0,2245557
marRp,0.5,1,1,GGGCTTGCCTTGCGCTAACC,0,2248637
marRp,0.5,1,1,GGGCTTGAAGTCAGTTATCC,0,2244621
marRp,0.5,1,1,GGGCTCGTCGTTCCCCTTGA,0,2225955
marRp,0.5,1,1,GGGCGATGATCTGCTCCGGC,0,2254361
marRp,0.5,1,1,GGGCCTTTATACAGAGCGCC,0,2230381
marRp,0.5,1,1,GGGCCTGGCGGCAACTGCGG,0,2247558
marRp,0.5,1,1,GGGCCAACCCGTTCGCACCT,0,2226787
marRp,0.5,1,1,GGGCAGTGTTATCCCGCAAG,0,2220701
marRp,0.5,1,1,GGGCAAGCGGACGGTCCCAT,0,2246807
marRp,0.5,1,1,GGGATACCCACCCATATAAT,0,2251306
marRp,0.5,1,1,GGGAGTAGTTGAAACACTAT,0,2243334
marRp,0.5,1,1,GGGAGTACCCAAGTTCTACC,0,2240257
marRp,0.5,1,1,GGGAGGGAGGATTATACCGC,0,2259171
marRp,0.5,1,1,GGGACGCTTCGATTTGGTTC,0,2225876
marRp,0.5,1,1,GGGACGCCAACCTTCATGAC,0,2218277
marRp,0.5,1,1,GGGACAGCACTGCCGCTCAG,0,2258794
marRp,0.5,1,1,GGGAAGATGAGTTATTTTAA,0,2255360
marRp,0.5,1,1,GGCTTGGAGTTTATAGTTGA,0,2248599
marRp,0.5,1,1,GGCTTGATGTATAGAACGAG,0,2240376
marRp,0.5,1,1,GGCTTCTGCAATCACATGTA,0,2222007
marRp,0.5,1,1,GGCTTAGAACAAAGTACCGG,0,2251430
marRp,0.5,1,1,GGCTTACTTGCCCGATGATT,0,2247217
marRp,0.5,1,1,GGCTGTGTACTACAGGTGGT,0,2251674
marRp,0.5,1,1,GGCTGTACAAGCTCGGTTAA,0,2243495
marRp,0.5,1,1,GGCTGGCGATCCCCTGCTAT,0,2243554
marRp,0.5,1,1,GGCTGATCGACCGGCCCGGG,0,2233999
marRp,0.5,1,1,GGCTCCATCAGTTTCTCCGT,0,2253859
marRp,0.5,1,1,GGCTCATCAGCGCGGTCTCA,0,2241130
marRp,0.5,1,1,GGCTATGAGGTTAAACACAC,0,2220477
marRp,0.5,1,1,GGCTAGAACGCGCAGACCGG,0,2245542
marRp,0.5,1,1,GGCTACTGCTGACGTGAATA,0,2258031
marRp,0.5,1,1,GGCGTTAATCGTCTGCCCTC,0,2231750
marRp,0.5,1,1,GGCGTGCTAGGGCCTATCAA,0,2236585
marRp,0.5,1,1,GGCGTCTTATGCGTTTTACA,0,2223492
marRp,0.5,1,1,GGCGGTTAAGAAGGCCGCTT,0,2255588
marRp,0.5,1,1,GGCGATCTTGACAATCATTT,0,2255779
marRp,0.5,1,1,GGCGAAATGAGCGCCGATGA,0,2243826
marRp,0.5,1,1,GGCCTTCGGTCCAACCATGG,0,2239131
marRp,0.5,1,1,GGCCCGATCCAGCCCGTTCA,0,2245942
marRp,0.5,1,1,GGCCCATGACATCTTCATGC,0,2227902
marRp,0.5,1,1,GGCCATGTTTATTTATCATA,0,2222411
marRp,0.5,1,1,GGCCAGCCTCCCGGGCCTCT,0,2239417
marRp,0.5,1,1,GGCCAGCCGCGGCAGATTCA,0,2223234
marRp,0.5,1,1,GGCATCAGTGACATTGATTC,0,2234254
marRp,0.5,1,1,GGCAGGGCTGATGAAAGGGG,0,2238158
marRp,0.5,1,1,GGCAGGGAACCACTCCTGGA,0,2242646
marRp,0.5,1,1,GGCACGACTCCTGACAAAAG,0,2233019
marRp,0.5,1,1,GGCAATCGGCACGCCCTGTA,0,2245783
marRp,0.5,1,1,GGCAACGGATCGACTTCCGT,0,2228332
marRp,0.5,1,1,GGCAACGATCCTTGCGAGTT,0,2252292
marRp,0.5,1,1,GGCAAATAGCGGTGATGTGG,0,2219651
marRp,0.5,1,1,GGATATATTAAACGTATTGT,0,2241126
marRp,0.5,1,1,GGATACCATGTGAAGCTAGT,0,2236475
marRp,0.5,1,1,GGATAATGTAATTTCATTGA,0,2230382
marRp,0.5,1,1,GGAGTGTAGCGGAGATGTCC,0,2233344
marRp,0.5,1,1,GGAGGAAGAGCAAGTTCCCA,0,2219236
marRp,0.5,1,1,GGAGCGCAGGTTGTGTTGCT,0,2256351
marRp,0.5,1,1,GGAGCCCACAGTCATAATCG,0,2252827
marRp,0.5,1,1,GGAGCATTTGTCCATACAGG,0,2224411
marRp,0.5,1,1,GGAGCACTCCTCACCCGGAT,0,2222387
marRp,0.5,1,1,GGAGATCATAGTCTGCCCGA,0,2236741
marRp,0.5,1,1,GGAGACAGTCATGAGATAGC,0,2230172
marRp,0.5,1,1,GGAGAATGACCTTGGCTAAT,0,2243110
marRp,0.5,1,1,GGACTATGCAATATGAGAAG,0,2236738
marRp,0.5,1,1,GGACGTTATCAATGGATTGA,0,2244936
marRp,0.5,1,1,GGACGTGCTGCAAGAATGCA,0,2233205
marRp,0.5,1,1,GGACGGAGGGGGAGCCACCT,0,2237498
marRp,0.5,1,1,GGACGCTTTTTCCGTAGTGA,0,2246382
marRp,0.5,1,1,GGACGCGCAAACCTCTGTGT,0,2254189
marRp,0.5,1,1,GGACGCACAGGCCATATAGC,0,2236505
marRp,0.5,1,1,GGACGAACGATGAATTACAA,0,2254709
marRp,0.5,1,1,GGACCGGGGGGGCGTCGCTA,0,2225066
marRp,0.5,1,1,GGACCCGTGACGCACGCTAG,0,2241265
marRp,0.5,1,1,GGACAGAGTACAGGTGAAGG,0,2247105
marRp,0.5,1,1,GGACACATTAGCTAAGTCGA,0,2251797
marRp,0.5,1,1,GGACACACTGCCCGGCCGCG,0,2238068
marRp,0.5,1,1,GGAATTGACCCTGAAGACGG,0,2252811
marRp,0.5,1,1,GGAATTAATTTTCGAAGTAG,0,2241878
marRp,0.5,1,1,GGAATAAAGATAACTGTAAT,0,2224761
marRp,0.5,1,1,GGAAGGGGCTCATAATAGTT,0,2230568
marRp,0.5,1,1,GGAACCTGCTCCGTCTATAT,0,2218887
marRp,0.5,1,1,GGAACCGGGACGTGTTGAGT,0,2246489
marRp,0.5,1,1,GGAAAGGACCCTTGTCGTCC,0,2223112
marRp,0.5,1,1,GGAAAAGTAGCTCCACATCG,0,2235132
marRp,0.5,1,1,GCTTTATGGCCGGATGGTGG,0,2230885
marRp,0.5,1,1,GCTTCCTTTCCAATCGAATT,0,2218630
marRp,0.5,1,1,GCTTAATAGTGAGACGTGGT,0,2256635
marRp,0.5,1,1,GCTTAATAAAGAAATCGATC,0,2253082
marRp,0.5,1,1,GCTGTATCAAATCCGCGCCT,0,2255069
marRp,0.5,1,1,GCTGGTTTTTTAATTTAAGC,0,2259816
marRp,0.5,1,1,GCTGGAGCGAGTTCCCGCTA,0,2259760
marRp,0.5,1,1,GCTGCGGCGTGGGTGGCGTT,0,2251361
marRp,0.5,1,1,GCTGCACGGTCTGTGCCGAA,0,2236454
marRp,0.5,1,1,GCTCGCAGTCAGAAGTTTTA,0,2237332
marRp,0.5,1,1,GCTCATGCGTTCAGGAGGAC,0,2229734
marRp,0.5,1,1,GCTAGACTGTGGGACGCTGG,0,2259822
marRp,0.5,1,1,GCTACTCAAGCAACGGGACG,0,2224134
marRp,0.5,1,1,GCTACGAGGGTTTTGGGGTA,0,2254546
marRp,0.5,1,1,GCTACGAGCTTGCTCGCACG,0,2237453
marRp,0.5,1,1,GCTAAACTGCTTTGAATCTA,0,2232192
marRp,0.5,1,1,GCGTTGGCGAGCATCCTTAT,0,2240381
marRp,0.5,1,1,GCGTTCACTCATGGAATGGT,0,2249439
marRp,0.5,1,1,GCGTGGGTGTTCCTAGTACC,0,2236682
marRp,0.5,1,1,GCGTGCTTGATTTGCAGGAT,0,2239919
marRp,0.5,1,1,GCGTGCGATGCCGGGGTTAG,0,2257197
marRp,0.5,1,1,GCGTATGCGTGAAGCGCACT,0,2249745
marRp,0.5,1,1,GCGTACTCGGCTGCCTACCC,0,2237273
marRp,0.5,1,1,GCGTACGCCTTGACACAGTC,0,2227168
marRp,0.5,1,1,GCGTAATAACTGAGCCTCCT,0,2248298
marRp,0.5,1,1,GCGTAACTAGCCCTTGCATG,0,2236156
marRp,0.5,1,1,GCGTAAAATGCGCAAGTCAT,0,2260620
marRp,0.5,1,1,GCGGTCGTGTAACACAGATT,0,2236334
marRp,0.5,1,1,GCGGTCCACTTTATGTGCGT,0,2245647
marRp,0.5,1,1,GCGGGAGTCCTTATCCACAA,0,2259335
marRp,0.5,1,1,GCGGCACCATTTCCAATCCA,0,2243156
marRp,0.5,1,1,GCGGAGGGTCGGGGCCTCTA,0,2250037
marRp,0.5,1,1,GCGGACGAAGCCTCAGGCGG,0,2252222
marRp,0.5,1,1,GCGGACCTCATATCTGAGTA,0,2223784
marRp,0.5,1,1,GCGCTCTCGCGCCGGGCATT,0,2232626
marRp,0.5,1,1,GCGCTCGAAGCCCCGAATTT,0,2256047
marRp,0.5,1,1,GCGCGGTAATGTTTAAACGT,0,2219971
marRp,0.5,1,1,GCGCCTATTTCAATGCCGAT,0,2218150
marRp,0.5,1,1,GCGCCGTCGGCATCCGACGC,0,2226016
marRp,0.5,1,1,GCGCCATCAGGCATTTACCG,0,2217856
marRp,0.5,1,1,GCGCACGTTGCTCCTTCCGG,0,2238814
marRp,0.5,1,1,GCGATTCGTGGGAAGTCGTC,0,2247203
marRp,0.5,1,1,GCGATATGTTTCGATGATGA,0,2252497
marRp,0.5,1,1,GCGAGGTCAGGGTACAGACA,0,2224583
marRp,0.5,1,1,GCGAGAAGGCTAGTGTCCTC,0,2237677
marRp,0.5,1,1,GCGACCTTTGGAGGTCGATC,0,2229679
marRp,0.5,1,1,GCGACACACCCTCCAGGCTT,0,2244904
marRp,0.5,1,1,GCGAAGCAGTCGGTCTGAGC,0,2242938
marRp,0.5,1,1,GCCTTGGTGCTGATGATCAG,0,2237073
marRp,0.5,1,1,GCCTTCAAACGTGGTTCTAA,0,2251932
marRp,0.5,1,1,GCCTGTCGTGCGTGCGATAT,0,2258933
marRp,0.5,1,1,GCCTCATATTTGGAACGATA,0,2220418
marRp,0.5,1,1,GCCTAATGGATTAGAACTCT,0,2228709
marRp,0.5,1,1,GCCGTAAATCACCTCGCCTC,0,2230760
marRp,0.5,1,1,GCCGGCCTAGTCGGCAAGCA,0,2230127
marRp,0.5,1,1,GCCGGAGGCGTCTTGGAGCT,0,2251374
marRp,0.5,1,1,GCCGATCAACTTAAGGGGTT,0,2230031
marRp,0.5,1,1,GCCGATACACTTTCCACGTA,0,2237927
marRp,0.5,1,1,GCCGACAGGTTCCTAGCGAT,0,2223997
marRp,0.5,1,1,GCCGACAGATGGGCCAGCTA,0,2259584
marRp,0.5,1,1,GCCCTGCCGGTAAAATACAG,0,2245876
marRp,0.5,1,1,GCCCTCGATTGATTTCTTAC,0,2242574
marRp,0.5,1,1,GCCCGAGTCCACCGCAATGA,0,2248153
marRp,0.5,1,1,GCCCCGACGTCCCCGAGGCT,0,2244374
marRp,0.5,1,1,GCCCCGACGTCCCCGAGGCA,0,2244386
marRp,0.5,1,1,GCCCAGTTCTGATTATGTCC,0,2257210
marRp,0.5,1,1,GCCCAGGCACTACGCACAAC,0,2253364
marRp,0.5,1,1,GCCATGGTAGCAGGGATCAA,0,2229848
marRp,0.5,1,1,GCCATCCCGGAGTTGACGTA,0,2219690
marRp,0.5,1,1,GCCATATGCTAAGATCCGCA,0,2243976
marRp,0.5,1,1,GCCACACAGTGTAATCGGGG,0,2231237
marRp,0.5,1,1,GCATTTTTGATGTGTTCAGT,0,2245841
marRp,0.5,1,1,GCAGGTCGTAACCGATGCTC,0,2218174
marRp,0.5,1,1,GCAGCTTTGCGAAGCCTCAC,0,2248450
marRp,0.5,1,1,GCAGCTGGTGTTTGCATAGA,0,2258054
marRp,0.5,1,1,GCAGCGTGAGGTCCCATCGT,0,2229362
marRp,0.5,1,1,GCACTTTCTCTAGGGGGTGT,0,2236854
marRp,0.5,1,1,GCACCGGTGCCAGCATGATT,0,2217833
marRp,0.5,1,1,GCACCCTCCTTGCTCGGACA,0,2222591
marRp,0.5,1,1,GCACCAATCAGGAGTAAGAC,0,2241990
marRp,0.5,1,1,GCACACGTTAGAGAAATTGG,0,2247368
marRp,0.5,1,1,GCACAACCTCACAGTTACCC,0,2233858
marRp,0.5,1,1,GCACAAAACGCACCATACGT,0,2222539
marRp,0.5,1,1,GCAATTCAGTTAGTTCGCCT,0,2249388
marRp,0.5,1,1,GCAAGGTTTCGAGTGGATAT,0,2251717
marRp,0.5,1,1,GCAAGGGGGTGTTGAGCAAC,0,2251479
marRp,0.5,1,1,GCAAGCGCAGACAGGTTTGA,0,2234197
marRp,0.5,1,1,GCAACTCGGTAGGAGTTCGG,0,2226509
marRp,0.5,1,1,GCAACGTTTCGGTTGATGAT,0,2232032
marRp,0.5,1,1,GCAACCGTCGGAGTTCGTGA,0,2243492
marRp,0.5,1,1,GCAAAGCGGACTCGTTGGGA,0,2246753
marRp,0.5,1,1,GCAAAAGCCTCTTGGCGATA,0,2223776
marRp,0.5,1,1,GATTTTCTGATCGGGCCACA,0,2238911
marRp,0.5,1,1,GATTTTCAGCCGGGGCGGTG,0,2230283
marRp,0.5,1,1,GATTTATGGAGCGGAAAATA,0,2231133
marRp,0.5,1,1,GATTGTGTCTATTTTATGAA,0,2238373
marRp,0.5,1,1,GATTGGATGTGCACCTGTCC,0,2218289
marRp,0.5,1,1,GATTGGAAAAGCTCTATAAG,0,2221411
marRp,0.5,1,1,GATTGCGTTCCGGCATCGGT,0,2230259
marRp,0.5,1,1,GATTGAACTACAGAGGCCTT,0,2259895
marRp,0.5,1,1,GATTCGCGGGATCGCTTCAC,0,2242655
marRp,0.5,1,1,GATTCCCTTTTGTCAAGTCA,0,2254497
marRp,0.5,1,1,GATGTACAATGTAAGATGAG,0,2237714
marRp,0.5,1,1,GATGCCACCTGTTCGCCGGG,0,2250472
marRp,0.5,1,1,GATGATGGAAGGGGCATTAT,0,2236705
marRp,0.5,1,1,GATGATGAGGGCGTCCCTAG,0,2236045
marRp,0.5,1,1,GATGATAGGCCTAGTGTGAG,0,2242780
marRp,0.5,1,1,GATGACTATGAAAGATCAAT,0,2233389
marRp,0.5,1,1,GATGAACCTTTGAGAGCACA,0,2236476
marRp,0.5,1,1,GATCTTACCCGGCAATGGCT,0,2237784
marRp,0.5,1,1,GATCGGGTCCTGAGATTATT,0,2258475
marRp,0.5,1,1,GATCCTCATCGCCACCATAT,0,2249971
marRp,0.5,1,1,GATCCGTCACCTTATCAGCT,0,2234799
marRp,0.5,1,1,GATCACTGCCAACCATACCA,0,2257985
marRp,0.5,1,1,GATATCGTTGAACTTCGTGA,0,2232263
marRp,0.5,1,1,GATATCAATCGATCTAACTG,0,2245848
marRp,0.5,1,1,GATAGTAAATAACTGAGGAG,0,2222629
marRp,0.5,1,1,GATAGCCCCAAAGCAATTGT,0,2259357
marRp,0.5,1,1,GATAGACGGCGCGACCAATG,0,2221269
marRp,0.5,1,1,GATACGGCGCAGCAGTGTTA,0,2254043
marRp,0.5,1,1,GATACGCCGGGGGTTCCTTA,0,2231821
marRp,0.5,1,1,GATAACGTGCAGGGGATTGC,0,2223101
marRp,0.5,1,1,GAGTTCCTAACCATTACTTA,0,2229385
marRp,0.5,1,1,GAGTTAATTGAAACACACGT,0,2255347
marRp,0.5,1,1,GAGTGTTGGGCGTATGGGGT,0,2259188
marRp,0.5,1,1,GAGTGTTCGCGACTATTGCA,0,2217913
marRp,0.5,1,1,GAGTGGTAACAAACATATGC,0,2226770
marRp,0.5,1,1,GAGTGGGTGCTCTCATTAAT,0,2241513
marRp,0.5,1,1,GAGTGCGCAGGACCACAGAG,0,2232734
marRp,0.5,1,1,GAGTCGCCCATGCAGTCTGC,0,2245889
marRp,0.5,1,1,GAGTCGAGGCCGTTTGCTCA,0,2236068
marRp,0.5,1,1,GAGGTGGTCTAAGGCAGGTG,0,2239838
marRp,0.5,1,1,GAGGTATGTTATCCTACTCC,0,2250639
marRp,0.5,1,1,GAGGTATGGAGTAGAGCCCT,0,2223583
marRp,0.5,1,1,GAGGTACCTTGGCCACGTTT,0,2239607
marRp,0.5,1,1,GAGGGGAACACTAACGATCC,0,2218046
marRp,0.5,1,1,GAGGGCAACACTCAGTGTGT,0,2226774
marRp,0.5,1,1,GAGGGAAGACAATAAACCGT,0,2239072
marRp,0.5,1,1,GAGGAGTGTATATTAGAACT,0,2259950
marRp,0.5,1,1,GAGGAAGGCTATTCTGTTTC,0,2246295
marRp,0.5,1,1,GAGCTTGCGACATGAAAGTG,0,2256912
marRp,0.5,1,1,GAGCGGCGTTGACAAGAAAT,0,2260874
marRp,0.5,1,1,GAGCGCTAACTGCTTTTACG,0,2229387
marRp,0.5,1,1,GAGCCTTGTATAGGTCAGGT,0,2240262
marRp,0.5,1,1,GAGCATGAGTGTGGGTAGCT,0,2235494
marRp,0.5,1,1,GAGCAGCGAGGTAAGATGTG,0,2255670
marRp,0.5,1,1,GAGATTGGTGTGGAAGCAAA,0,2238701
marRp,0.5,1,1,GAGATCAAACTCATAGGACA,0,2251075
marRp,0.5,1,1,GAGATAGAGCTCCGCCACCC,0,2234338
marRp,0.5,1,1,GAGAGTTCGGGTCATGCGGC,0,2244902
marRp,0.5,1,1,GAGAGGTGGAGCAATGTTAT,0,2260748
marRp,0.5,1,1,GAGACTCAGGCTAGTTCGAA,0,2240860
marRp,0.5,1,1,GAGACTAAATCGGACTGGGT,0,2242533
marRp,0.5,1,1,GAGACCAATCTAGTCCACCT,0,2240380
marRp,0.5,1,1,GAGACAGGTTAGGCCCCCCC,0,2249328
marRp,0.5,1,1,GACTGGCCTATGATCTGATC,0,2228245
marRp,0.5,1,1,GACTACCACGGGGGCTCGTC,0,2236335
marRp,0.5,1,1,GACGTTCTGACAAGCCCCTT,0,2241552
marRp,0.5,1,1,GACGTAGTTCAGTGCAGATT,0,2228306
marRp,0.5,1,1,GACGGGTGCAATTTCACTAA,0,2244873
marRp,0.5,1,1,GACGCACAGTTTTCAGTTTA,0,2220023
marRp,0.5,1,1,GACGATGAAACCGCGTGTAT,0,2219311
marRp,0.5,1,1,GACGAAAAATCGTAGCAAGT,0,2254366
marRp,0.5,1,1,GACCAAGGGGCCTGCTGTTT,0,2231816
marRp,0.5,1,1,GACAGTTACTGTCTCTGTTT,0,2236603
marRp,0.5,1,1,GACAGTCTACTATATAGGGA,0,2236191
marRp,0.5,1,1,GACAGGTAAAGCGCGTAGTT,0,2229279
marRp,0.5,1,1,GACACTTCTTATAGCGGCTA,0,2257165
marRp,0.5,1,1,GACACGATCCAACGCGCAGT,0,2243140
marRp,0.5,1,1,GACAATGTGCCAGACTGTAA,0,2235277
marRp,0.5,1,1,GACAACTCGACACTATATGT,0,2235249
marRp,0.5,1,1,GACAACCGCACGATCTCTTT,0,2237414
marRp,0.5,1,1,GACAAACTAACCGTGACTAC,0,2246422
marRp,0.5,1,1,GAATTCAAACCAGCGTAACG,0,2225189
marRp,0.5,1,1,GAATTACATCTAAGGGAGCC,0,2242679
marRp,0.5,1,1,GAATGCGGTCCGTGGGGACC,0,2236961
marRp,0.5,1,1,GAATGAGCGCATCAGACAAA,0,2256951
marRp,0.5,1,1,GAATATGATAACAGCCGGAT,0,2232113
marRp,0.5,1,1,GAAGTGTAAAGATTAACGAA,0,2254623
marRp,0.5,1,1,GAAGTGCTTGGACAGATTAT,0,2248535
marRp,0.5,1,1,GAAGGGTTTGCCCCGGTCGT,0,2228369
marRp,0.5,1,1,GAAGGCCATAGAGCACCGTT,0,2229730
marRp,0.5,1,1,GAAGGCACTTTCACTTATAG,0,2232433
marRp,0.5,1,1,GAAGCTGGGGTGCGCGACTC,0,2244860
marRp,0.5,1,1,GAAGCACCGTTTACACACTG,0,2254540
marRp,0.5,1,1,GAAGATTGAGCTTTAGGGGT,0,2233808
marRp,0.5,1,1,GAAGACCAACTCACTCTACT,0,2225538
marRp,0.5,1,1,GAACTGCTACGGCAGTGTAT,0,2233887
marRp,0.5,1,1,GAACCGGGAACTCGACTCTA,0,2247494
marRp,0.5,1,1,GAACAGGAGCGATGGGTATG,0,2235060
marRp,0.5,1,1,GAACAGCTCGTAAAGTGGGT,0,2259886
marRp,0.5,1,1,GAACAGCCTTTCTCGACTAA,0,2249819
marRp,0.5,1,1,GAACACGGAGGTAGGAAAGC,0,2253944
marRp,0.5,1,1,GAAATTGGCAATCAACTCAC,0,2252209
marRp,0.5,1,1,GAAATCCAATGTGATAGGTG,0,2246350
marRp,0.5,1,1,GAAAGGTTTCGCACCCACCT,0,2257497
marRp,0.5,1,1,GAAACTCAGCAGAGACACAA,0,2239328
marRp,0.5,1,1,GAAACACACTTCGAACCCAA,0,2236971
marRp,0.5,1,1,GAAAAGATTAAATCAATGGT,0,2244664
marRp,0.5,1,1,GAAAACGCTCTTTGCTCTTG,0,2259144
marRp,0.5,1,1,CTTTTGTTTAAGGCGTCTTA,0,2251616
marRp,0.5,1,1,CTTTGTTTTGGTGCTGCCTA,0,2258131
marRp,0.5,1,1,CTTTGGGCTGCTGGAGGTTC,0,2248193
marRp,0.5,1,1,CTTTGCTATTAATGAAGTGG,0,2249238
marRp,0.5,1,1,CTTTCTAATTTGTGTTATCA,0,2244899
marRp,0.5,1,1,CTTTCGCGGTGCCAGCGCTG,0,2223449
marRp,0.5,1,1,CTTTCGCATTGCAAGTTGAT,0,2250609
marRp,0.5,1,1,CTTTCCTAACATTGGAGACA,0,2248300
marRp,0.5,1,1,CTTTATGGCCATTCCACCTA,0,2245604
marRp,0.5,1,1,CTTGTTCTTCAGATGAACCT,0,2261110
marRp,0.5,1,1,CTTGTATCGAGCTAAAGAGT,0,2222348
marRp,0.5,1,1,CTTGGCTAATACAATGGATG,0,2246834
marRp,0.5,1,1,CTTGGCGTTATACGAGACAC,0,2243146
marRp,0.5,1,1,CTTGCTTTTATAAGTAGTTC,0,2239787
marRp,0.5,1,1,CTTGCAAAGTCTTTCCTAGT,0,2232902
marRp,0.5,1,1,CTTGATTTGTGTGACACAGC,0,2249121
marRp,0.5,1,1,CTTGAGGTAAATTGTCTGCG,0,2250712
marRp,0.5,1,1,CTTGACACACGCTGACGCAA,0,2220355
marRp,0.5,1,1,CTTCTGCGTCATTTGGACGT,0,2230279
marRp,0.5,1,1,CTTCTGAAGATTTAAATCAT,0,2244060
marRp,0.5,1,1,CTTCCTTGGCTGTCAGGGGC,0,2230282
marRp,0.5,1,1,CTTCCCTCATAACGGTCAGT,0,2218556
marRp,0.5,1,1,CTTCAATGGAATGAACTGGA,0,2226546
marRp,0.5,1,1,CTTATCTGGCCATGGTACCC,0,2242754
marRp,0.5,1,1,CTTATACTTGTGGCACGTCC,0,2253356
marRp,0.5,1,1,CTTATAATGCGCTACTGATG,0,2260885
marRp,0.5,1,1,CTTAGCTTATGTCGAATACA,0,2224889
marRp,0.5,1,1,CTTACCCCCACATCCATGTG,0,2224823
marRp,0.5,1,1,CTTACAGAGCCACTAGAGTG,0,2254147
marRp,0.5,1,1,CTGTTGAATAGCACGTGCCT,0,2222244
marRp,0.5,1,1,CTGTTCGTATTGGAATTCGT,0,2244772
marRp,0.5,1,1,CTGTGTGCAATAAGCTATTG,0,2247347
marRp,0.5,1,1,CTGTGCAGAATGGTTCATTC,0,2219522
marRp,0.5,1,1,CTGTCTGGTAGTTGGCGAGA,0,2249951
marRp,0.5,1,1,CTGTCTATCGCGCGGTATGA,0,2228498
marRp,0.5,1,1,CTGTATCGACATAAGTTAGG,0,2245131
marRp,0.5,1,1,CTGTAACGATACTGATAGTC,0,2252978
marRp,0.5,1,1,CTGGTTCGCCGGAGTTCCAT,0,2251196
marRp,0.5,1,1,CTGGTGTGTGCATTGGCTAT,0,2224154
marRp,0.5,1,1,CTGGTGCTCATTGAGTACGT,0,2233874
marRp,0.5,1,1,CTGGTGCAGTAGAGACACGA,0,2245746
marRp,0.5,1,1,CTGGTATCAAGTAACCAGGC,0,2244805
marRp,0.5,1,1,CTGGCTCAGTGGGTAAGTAG,0,2254632
marRp,0.5,1,1,CTGGCTCAGGATGTGCAATC,0,2221066
marRp,0.5,1,1,CTGGCCGCCGACTTGTCTTA,0,2231713
marRp,0.5,1,1,CTGGCACACATTGATAACGG,0,2227210
marRp,0.5,1,1,CTGGATGCGTTTCCGGTGTA,0,2235802
marRp,0.5,1,1,CTGGATCGCGCAGCTAAGAA,0,2225286
marRp,0.5,1,1,CTGCTTCCGTGGGGCTAAGT,0,2247443
marRp,0.5,1,1,CTGCGTCGCGGCCCCCGGAT,0,2220013
marRp,0.5,1,1,CTGCGGTAATCTCCCAGGAG,0,2239183
marRp,0.5,1,1,CTGCGGAACAATCTGATCTA,0,2234889
marRp,0.5,1,1,CTGCCTTTGTGGGTGGCAAA,0,2247435
marRp,0.5,1,1,CTGCATGATAGGCTGGCGAT,0,2235712
marRp,0.5,1,1,CTGCACCAAACACTGACGGA,0,2235490
marRp,0.5,1,1,CTGATCTTTCGCCTGCAACA,0,2224811
marRp,0.5,1,1,CTGAGGGAGTCCACCTGATT,0,2235600
marRp,0.5,1,1,CTGAGATGGACCAATCAACA,0,2244625
marRp,0.5,1,1,CTGACTCTCTGTTGCCAGAT,0,2234240
marRp,0.5,1,1,CTGACTATATCTAGGCTTCA,0,2246898
marRp,0.5,1,1,CTGAAGAGCGCGGTGATACT,0,2255677
marRp,0.5,1,1,CTGAAACTCCGCTACGAGAG,0,2218278
marRp,0.5,1,1,CTCTTGGCCTATTTCAGCGG,0,2231664
marRp,0.5,1,1,CTCTGTACATAAGGAGGCAA,0,2259974
marRp,0.5,1,1,CTCTGAGCGTTTGCTCAACT,0,2221079
marRp,0.5,1,1,CTCTCGTGTCCGTCGGTTTA,0,2252779
marRp,0.5,1,1,CTCTATCTACACCACGCGCA,0,2230115
marRp,0.5,1,1,CTCTACCCACCAGGTGAACC,0,2235243
marRp,0.5,1,1,CTCGTGAACCACAAGTGTGA,0,2260145
marRp,0.5,1,1,CTCGTCACCGAACGGCATGT,0,2237858
marRp,0.5,1,1,CTCGTAGTAGCGCTCAAACG,0,2224142
marRp,0.5,1,1,CTCGCGGTCCCTGGCGGCAG,0,2228416
marRp,0.5,1,1,CTCGAAACCATGGCTAGGGT,0,2233372
marRp,0.5,1,1,CTCCTGCGGATTTGTCGATT,0,2224176
marRp,0.5,1,1,CTCCGTTGTGATTATGCGTA,0,2226516
marRp,0.5,1,1,CTCCGGTAAACAGCTACATT,0,2232566
marRp,0.5,1,1,CTCCCTCCTATTATTTTGTT,0,2245802
marRp,0.5,1,1,CTCCCCTACTGTGGCGTCAC,0,2259599
marRp,0.5,1,1,CTCCCAAAGTTATCGTAGCA,0,2229805
marRp,0.5,1,1,CTCCACGAATCCACAGCGCC,0,2232219
marRp,0.5,1,1,CTCATGTATTAGTGGTGGGT,0,2230524
marRp,0.5,1,1,CTCATGATGTAAGTCCAAAT,0,2239349
marRp,0.5,1,1,CTCATAGGTGCGGCGCGTCT,0,2222705
marRp,0.5,1,1,CTCATACTGATCGGGGAAGC,0,2252480
marRp,0.5,1,1,CTCAGGTAATCGGTTACACT,0,2230681
marRp,0.5,1,1,CTCAGGGTATTTATATCGTC,0,2251567
marRp,0.5,1,1,CTCACGACTTGACTTAACTG,0,2230792
marRp,0.5,1,1,CTCAATTTAGATAAACCACA,0,2219122
marRp,0.5,1,1,CTCAATATCTCGTTAGTTAA,0,2254336
marRp,0.5,1,1,CTATTTTTGTGCTAATCGTG,0,2246081
marRp,0.5,1,1,CTATGCTTGGGTAGTGTCCG,0,2226118
marRp,0.5,1,1,CTATGCCTGGCGTGGCCCTT,0,2255692
marRp,0.5,1,1,CTATCTGTTAAGAGGACTAT,0,2222493
marRp,0.5,1,1,CTATCTAGGGGTGTATGGTT,0,2259342
marRp,0.5,1,1,CTATCGATCCGTGGAGCCTG,0,2229691
marRp,0.5,1,1,CTATCCTCTGATGGTCTTTA,0,2222293
marRp,0.5,1,1,CTATAGTTGAACTACGACTT,0,2225474
marRp,0.5,1,1,CTATACAGGCGAATTCTAAT,0,2250070
marRp,0.5,1,1,CTAGTAGGTATCCGTAGCAG,0,2252371
marRp,0.5,1,1,CTAGGGGCATATCCTCCATT,0,2231040
marRp,0.5,1,1,CTAGGAAGTGGTGCTGGTAG,0,2225808
marRp,0.5,1,1,CTAGATGATAAACGCATAAC,0,2259716
marRp,0.5,1,1,CTAGAGCTCGTCTATTCGGA,0,2235464
marRp,0.5,1,1,CTACTCGTGTTCGTAACATC,0,2230507
marRp,0.5,1,1,CTACGTGATATGGATGTATA,0,2225080
marRp,0.5,1,1,CTACGGACAGGAGGCAAATC,0,2250851
marRp,0.5,1,1,CTACGAGCGTCATCCGCACA,0,2251572
marRp,0.5,1,1,CTACGAGCCCAGTGTCGATC,0,2224031
marRp,0.5,1,1,CTACAAACAAGAGGTATGCC,0,2257695
marRp,0.5,1,1,CTAATAATTGGCGGGCGGTG,0,2234677
marRp,0.5,1,1,CTAATAAGTTTGTCGCAGCA,0,2242755
marRp,0.5,1,1,CTAAGGTACCTCAAGACAAC,0,2249218
marRp,0.5,1,1,CTAAGCCAGTTAGCATACAC,0,2225059
marRp,0.5,1,1,CTAACTCGATCATCTTGTTG,0,2220526
marRp,0.5,1,1,CTAACGCCTGCCGGGGCGCC,0,2227075
marRp,0.5,1,1,CTAACAAACCCTTGGAAAGG,0,2242609
marRp,0.5,1,1,CTAAAAGGTCAGAGACGGCC,0,2249613
marRp,0.5,1,1,CTAAAACATACGTCAGTGGG,0,2236477
marRp,0.5,1,1,CGTTTGTACAGATTGGTCCA,0,2256140
marRp,0.5,1,1,CGTTTCCTAGGAAGCGTTCA,0,2225526
marRp,0.5,1,1,CGTTGGAAATACTTAAGTTC,0,2258658
marRp,0.5,1,1,CGTTCCACGGATCTCGACGA,0,2253864
marRp,0.5,1,1,CGTTCACTCACTTCCCAAAA,0,2226103
marRp,0.5,1,1,CGTTATACGGATCACTGGAA,0,2219025
marRp,0.5,1,1,CGTTAGCAACTCCGAGTCTG,0,2256337
marRp,0.5,1,1,CGTTACTGTGTGTCTCGCCT,0,2227074
marRp,0.5,1,1,CGTTACGAGGAGTTTCCCAT,0,2229575
marRp,0.5,1,1,CGTTACATTAAACGTCCGTA,0,2230896
marRp,0.5,1,1,CGTGTTTCTGATGGAGTTAC,0,2238417
marRp,0.5,1,1,CGTGGCCCCAACGTGTTTGT,0,2220508
marRp,0.5,1,1,CGTGGCACGCATCTCGACGG,0,2243085
marRp,0.5,1,1,CGTGCTTGGCAAGACTCCAC,0,2220911
marRp,0.5,1,1,CGTGCTATCGATGCCCAGGA,0,2222513
marRp,0.5,1,1,CGTGCTAACCGGTAATTTCA,0,2237912
marRp,0.5,1,1,CGTGCAAGAGCAATGTCCGC,0,2223801
marRp,0.5,1,1,CGTCTGACAACTATGGATGA,0,2228757
marRp,0.5,1,1,CGTCTGAAAGCACTGTAAAC,0,2248725
marRp,0.5,1,1,CGTCGGTCTCGATAGCGGTC,0,2249129
marRp,0.5,1,1,CGTCGGCCAAGATCTGGCGG,0,2248090
marRp,0.5,1,1,CGTCGGCAAAGGGCTAGGCC,0,2248907
marRp,0.5,1,1,CGTCGCAGGGTATTCGCCGT,0,2245326
marRp,0.5,1,1,CGTCAGTCGCTTTAGAGTTA,0,2241609
marRp,0.5,1,1,CGTATGAAGCGCCGCCGCGT,0,2260925
marRp,0.5,1,1,CGTAGAGAACCGGCAATTTT,0,2224159
marRp,0.5,1,1,CGTACCACGGCTTTGTACTC,0,2249080
marRp,0.5,1,1,CGTAAGACCTCTTTCACAAC,0,2219290
marRp,0.5,1,1,CGTAAAGACGGGAAGGTCAC,0,2235251
marRp,0.5,1,1,CGGTTGACCATAGCTTTGGT,0,2249611
marRp,0.5,1,1,CGGTTACATTCGGGCGGCCC,0,2231719
marRp,0.5,1,1,CGGTTAACGCGTCTTAATAA,0,2227415
marRp,0.5,1,1,CGGTCCGTCGGCACATCATC,0,2235155
marRp,0.5,1,1,CGGTCCGGGACCGATATAAG,0,2228741
marRp,0.5,1,1,CGGTCCATATTGGATCACTG,0,2232488
marRp,0.5,1,1,CGGTAAAGTTGCCAGGCGAC,0,2236007
marRp,0.5,1,1,CGGGTTCACATGGGAGTTCG,0,2241780
marRp,0.5,1,1,CGGGTGGCACTAAGTGCGTC,0,2230621
marRp,0.5,1,1,CGGGTCATATCGCTATCGAT,0,2244034
marRp,0.5,1,1,CGGGTACGAGTTAATAGACG,0,2248645
marRp,0.5,1,1,CGGGGTCATGTTTGTGACTG,0,2251984
marRp,0.5,1,1,CGGGGTATAGGCGACTGATC,0,2230140
marRp,0.5,1,1,CGGGCTACTTGTGCGGAACC,0,2252006
marRp,0.5,1,1,CGGGCAAGTCGCCACGTAAA,0,2241838
marRp,0.5,1,1,CGGGATATCTAAATAAAACC,0,2248452
marRp,0.5,1,1,CGGGAGATAGTAAATAGCGG,0,2259386
marRp,0.5,1,1,CGGGAGACTGGGTATGGCAG,0,2246705
marRp,0.5,1,1,CGGCTGTGCAGCAACTTCCC,0,2253745
marRp,0.5,1,1,CGGCGTTGCACTACCCTAAC,0,2238551
marRp,0.5,1,1,CGGCACTGGATCTCGGGAAT,0,2235270
marRp,0.5,1,1,CGGCAAGTGAGCCTCAGTTC,0,2247975
marRp,0.5,1,1,CGGATGCATTCGCTCCGGAG,0,2218971
marRp,0.5,1,1,CGGATGATTTGTCAGACAGG,0,2247520
marRp,0.5,1,1,CGGAGGTCACATACCACCTC,0,2246025
marRp,0.5,1,1,CGGAGAGCAAACGTACTGGT,0,2243502
marRp,0.5,1,1,CGGACCTCTGATAACCTATC,0,2228908
marRp,0.5,1,1,CGGACCGCATGCCTCATACT,0,2252393
marRp,0.5,1,1,CGGAATGGAATGCTGAACGT,0,2234409
marRp,0.5,1,1,CGGAAGTCGTCTCGAGGAGA,0,2233223
marRp,0.5,1,1,CGGAAGCCAATTCATCATTT,0,2241914
marRp,0.5,1,1,CGGAACCGGTGCTTTACCCT,0,2256899
marRp,0.5,1,1,CGCTTGCAGTGGTAAATCCT,0,2231499
marRp,0.5,1,1,CGCTGTGCGGGTCGATCAAA,0,2246936
marRp,0.5,1,1,CGCTGCAAACAGACTCTCTA,0,2221679
marRp,0.5,1,1,CGCTGAATTTGCCATGTAAT,0,2219086
marRp,0.5,1,1,CGCTCTCTTGTCCCGGATTC,0,2222792
marRp,0.5,1,1,CGCGGAACAGGATCCTCCAG,0,2247422
marRp,0.5,1,1,CGCGCTCTAATCGTCACGCA,0,2243473
marRp,0.5,1,1,CGCGCGTGCCCTGCAATACA,0,2249214
marRp,0.5,1,1,CGCGATGCATGGGCTTGTAG,0,2226356
marRp,0.5,1,1,CGCGATCACTTTCAGCATTG,0,2247412
marRp,0.5,1,1,CGCGACGAAAGCTTATCGCA,0,2224636
marRp,0.5,1,1,CGCCTGATGAAAGATATGTT,0,2245625
marRp,0.5,1,1,CGCCTCCGCAGCTTGTTGGG,0,2230923
marRp,0.5,1,1,CGCCACCTTCTAATGATCAA,0,2232303
marRp,0.5,1,1,CGCATGGAGCGACAGGTAAT,0,2221054
marRp,0.5,1,1,CGCATGATGGATCCGATGCT,0,2253767
marRp,0.5,1,1,CGCAGGTCGTGAGAGCCCTT,0,2231520
marRp,0.5,1,1,CGCAGGTAGCGATGTGGTAC,0,2257228
marRp,0.5,1,1,CGCAGGGACCCCACAGCCAG,0,2253219
marRp,0.5,1,1,CGCACTTCTGGGGTCAACCG,0,2238126
marRp,0.5,1,1,CGCACTTCAGGAACTACTAA,0,2252655
marRp,0.5,1,1,CGCAATGGTACGGCCCCCAT,0,2246621
marRp,0.5,1,1,CGCAAGTCTTTTGGCGCATC,0,2230009
marRp,0.5,1,1,CGATGGATTAGAAGCCGCCT,0,2250331
marRp,0.5,1,1,CGATCTTAATGTACCTTCTT,0,2229288
marRp,0.5,1,1,CGATCGGTAAGCTAACCGAT,0,2252524
marRp,0.5,1,1,CGAGTACTCGGCATGATACG,0,2229602
marRp,0.5,1,1,CGAGGGCGCTCGTAAGCGTT,0,2225376
marRp,0.5,1,1,CGAGGAAAAGTCCGCAATCG,0,2253862
marRp,0.5,1,1,CGAGCGTACCCTCACTTCTG,0,2223845
marRp,0.5,1,1,CGAGCAACCCCGCAGCGGGT,0,2218362
marRp,0.5,1,1,CGAGACAATCGGTATCTATG,0,2256458
marRp,0.5,1,1,CGACTGCCCGAAGCGCAAGG,0,2242283
marRp,0.5,1,1,CGACTGATCCACTCATGATA,0,2228397
marRp,0.5,1,1,CGACTCCCCGGCTGACCCAG,0,2242287
marRp,0.5,1,1,CGACCTTCAGAGACCTTTGT,0,2238132
marRp,0.5,1,1,CGACAGGTAGACCGTCTCGT,0,2223808
marRp,0.5,1,1,CGAATCTTGTCAGTCTGGAT,0,2234046
marRp,0.5,1,1,CGAATCTCTTTTCGAGCCGT,0,2217988
marRp,0.5,1,1,CGAATAGGGCGTGGGACAGC,0,2232562
marRp,0.5,1,1,CGAAGTTTGATGACACGGCT,0,2238623
marRp,0.5,1,1,CGAACCTAGGTGCACTTCAC,0,2260093
marRp,0.5,1,1,CGAACCCCTTCTCCAAGTCA,0,2249432
marRp,0.5,1,1,CGAACCAGATCGTGGGCACG,0,2259234
marRp,0.5,1,1,CGAACATCGCTATTCCCGCG,0,2229890
marRp,0.5,1,1,CGAACATAGCTCGAGTAGAT,0,2257843
marRp,0.5,1,1,CGAAAGAGCACTTGCGGGGA,0,2223854
marRp,0.5,1,1,CGAAACTGAGTTTTGGCAGA,0,2235421
marRp,0.5,1,1,CGAAACATATTTCTAGATCC,0,2223480
marRp,0.5,1,1,CCTTTCCTCATATCCTAGGC,0,2220003
marRp,0.5,1,1,CCTTGTGACATCAAAAGCAG,0,2217876
marRp,0.5,1,1,CCTTGTAGTAAACGATGACC,0,2240489
marRp,0.5,1,1,CCTTCTAGAGAATGTATATG,0,2241052
marRp,0.5,1,1,CCTTCCCTTGTAGCCAGCAG,0,2259211
marRp,0.5,1,1,CCTTCATAACCGCCGATCTA,0,2255910
marRp,0.5,1,1,CCTTAGGTTGTACGGGGATT,0,2226012
marRp,0.5,1,1,CCTGTACAAACCAGAAGCCC,0,2231526
marRp,0.5,1,1,CCTGGCTAGTCACGTTTTTC,0,2239446
marRp,0.5,1,1,CCTGCTCCGCCAGATCCAGT,0,2247186
marRp,0.5,1,1,CCTGCACCGTGACCTGGTAG,0,2242107
marRp,0.5,1,1,CCTGCAAAATCGACATCTCG,0,2224809
marRp,0.5,1,1,CCTGATTGAAGTTGAACGGC,0,2237637
marRp,0.5,1,1,CCTGACTGAATTTTGAATGG,0,2229722
marRp,0.5,1,1,CCTCTGGCGTGAGATTAGAG,0,2255486
marRp,0.5,1,1,CCTCCGCGAACAATATTTTT,0,2227315
marRp,0.5,1,1,CCTCCGCACTCTATACCGGA,0,2224250
marRp,0.5,1,1,CCTCCCGTGGGTGATCGTAG,0,2239416
marRp,0.5,1,1,CCTCATAAGCCAAGGCGTAC,0,2248960
marRp,0.5,1,1,CCTCACAATACTACTTTTAA,0,2238817
marRp,0.5,1,1,CCTCAATCCTTTCCCCAAAG,0,2225542
marRp,0.5,1,1,CCTATTTATCCGTTGCGCAA,0,2226664
marRp,0.5,1,1,CCTACTGAGCATGAAATAAT,0,2260088
marRp,0.5,1,1,CCTACTCATTATCTACATAC,0,2252950
marRp,0.5,1,1,CCTAACTGACCCGCTCCAAT,0,2246414
marRp,0.5,1,1,CCGTTTTACGGCCGATTCTA,0,2256946
marRp,0.5,1,1,CCGTGTTATGGGAGCCGCCT,0,2246309
marRp,0.5,1,1,CCGTCAGGATTTATCGTACT,0,2259873
marRp,0.5,1,1,CCGTATCTCTAGCTAGAGAG,0,2259444
marRp,0.5,1,1,CCGTAACTGAGGCGCGTACT,0,2230814
marRp,0.5,1,1,CCGTAACAGGATTTCCGCGA,0,2233552
marRp,0.5,1,1,CCGGTGCCCTGGCACTCACC,0,2236870
marRp,0.5,1,1,CCGGTAAGGATAGCAAGCCA,0,2231132
marRp,0.5,1,1,CCGGGTATAGTTGTCTGCGA,0,2241727
marRp,0.5,1,1,CCGGCTCCGTGTCATCTGAT,0,2250279
marRp,0.5,1,1,CCGGCACAGTTCGGCTTACG,0,2244567
marRp,0.5,1,1,CCGGAGGTTCCCAGAGTTAA,0,2250938
marRp,0.5,1,1,CCGGAAATAGTTCTCATCGT,0,2253186
marRp,0.5,1,1,CCGCTGAAAACGGTTGTTGA,0,2226874
marRp,0.5,1,1,CCGCTATACTGACCAATACG,0,2226948
marRp,0.5,1,1,CCGCCGTACCGGAGAGTGAT,0,2259515
marRp,0.5,1,1,CCGCCGCGACATAACAGCGT,0,2243352
marRp,0.5,1,1,CCGCCCATGCTGGGAGCGCT,0,2254303
marRp,0.5,1,1,CCGCAGCCTCGAATTCTTCA,0,2232590
marRp,0.5,1,1,CCGCACGATGGGTTTTCTCC,0,2221876
marRp,0.5,1,1,CCGATTTAAGGTGGTTGCCT,0,2242540
marRp,0.5,1,1,CCGATTCAGTCATGCTTTGA,0,2239751
marRp,0.5,1,1,CCGATATAGTGGCGGTTGAC,0,2232588
marRp,0.5,1,1,CCGATAGCTCCAGGCATAAA,0,2240142
marRp,0.5,1,1,CCGAGGCTGAAGAACCCGTC,0,2248802
marRp,0.5,1,1,CCGAACACCCCCCCTTAGTA,0,2258905
marRp,0.5,1,1,CCCTTTTAGGAGGCAGTCAA,0,2248179
marRp,0.5,1,1,CCCTGTATCCTGGCGAATAG,0,2248809
marRp,0.5,1,1,CCCTGGGCAGTAAGAACTCA,0,2258329
marRp,0.5,1,1,CCCTCAGATTAACTGGGTCA,0,2229675
marRp,0.5,1,1,CCCTCACCTCTCCCTGTATA,0,2225197
marRp,0.5,1,1,CCCTCAAGCGCGTCACCAGC,0,2224256
marRp,0.5,1,1,CCCTAATCCAAAGACTGATT,0,2240375
marRp,0.5,1,1,CCCGTTGAGACGGTTCGTAG,0,2258533
marRp,0.5,1,1,CCCGTGCGTTCGCATGCCGA,0,2219237
marRp,0.5,1,1,CCCGGCGGGTTCTGGTGCTC,0,2222037
marRp,0.5,1,1,CCCGCCCGCCTGTGCGATAT,0,2249330
marRp,0.5,1,1,CCCGATCTTTAACTCTTGAA,0,2258140
marRp,0.5,1,1,CCCGAATGGCGTCGAGACGG,0,2232862
marRp,0.5,1,1,CCCCTCACCCATTAGTATGC,0,2244061
marRp,0.5,1,1,CCCCTATAATTCCTTATGTC,0,2230710
marRp,0.5,1,1,CCCCGTACCGTAGAGGTCCA,0,2244432
marRp,0.5,1,1,CCCCGAGGGCATAATGAACA,0,2222666
marRp,0.5,1,1,CCCCCGAACGTGGACCCGGT,0,2232357
marRp,0.5,1,1,CCCCCCTTGGAAACAAGCAA,0,2224028
marRp,0.5,1,1,CCCCCATCTTGCCGCTGCAA,0,2249934
marRp,0.5,1,1,CCCCATTTCGGTCATTGCTT,0,2223524
marRp,0.5,1,1,CCCCATGAGGTGCTAAAGAA,0,2218990
marRp,0.5,1,1,CCCATGAGAGGGGTGTTAAG,0,2246848
marRp,0.5,1,1,CCCATATAAATGAGAGGGGG,0,2258884
marRp,0.5,1,1,CCCAGTCCATGTGGGTGCCT,0,2250823
marRp,0.5,1,1,CCCAGACCTACTAATAGCGT,0,2220920
marRp,0.5,1,1,CCCACTATGGTTTGGTCCCT,0,2249008
marRp,0.5,1,1,CCCAATTTGCTGGTTCTTGG,0,2249305
marRp,0.5,1,1,CCCAAGATCTGATTGACCAA,0,2249547
marRp,0.5,1,1,CCCAACTCGTGCTTCCAGCG,0,2240351
marRp,0.5,1,1,CCATTCCGGAGGTCCATTCA,0,2233710
marRp,0.5,1,1,CCATTAGGTGGGGGTCCGGT,0,2238505
marRp,0.5,1,1,CCATGGTTGTCCATCATGAC,0,2233868
marRp,0.5,1,1,CCATGGGGTTTATCTTGATG,0,2245099
marRp,0.5,1,1,CCATCTGAAAAATCCAACAT,0,2244875
marRp,0.5,1,1,CCATCCCGCCCGCCTAGAGA,0,2239086
marRp,0.5,1,1,CCATATCTTCTGTTGTGCGT,0,2229946
marRp,0.5,1,1,CCATAGGTGTTTCGTGAGAC,0,2227918
marRp,0.5,1,1,CCATAACACCTTCATGGCAT,0,2253706
marRp,0.5,1,1,CCAGTATAAGATGATCCTCA,0,2252262
marRp,0.5,1,1,CCAGTAGTTTGCTTGAGCAT,0,2235194
marRp,0.5,1,1,CCAGGGGCCACAGTATCTTG,0,2240733
marRp,0.5,1,1,CCAGGCGGGTACTGGTGCTT,0,2241216
marRp,0.5,1,1,CCAGCTCTAATATCTTGGAT,0,2226249
marRp,0.5,1,1,CCAGCGGAACAAAATATTGG,0,2248119
marRp,0.5,1,1,CCAGATAAAGGATGACCGAT,0,2228609
marRp,0.5,1,1,CCAGACTAGATTTCATCAGC,0,2232311
marRp,0.5,1,1,CCACGTATGTATATATGACT,0,2234245
marRp,0.5,1,1,CCACGCGTCCCTACGACGAA,0,2260921
marRp,0.5,1,1,CCACATGTATGACTGGACTG,0,2259016
marRp,0.5,1,1,CCACATGGGGGATAGGCAGG,0,2251047
marRp,0.5,1,1,CCACATAGGTGGCATAAAGA,0,2225245
marRp,0.5,1,1,CCAATGAATTTAGTTCCGTC,0,2249491
marRp,0.5,1,1,CCAATAAGAGTAAGTCTTAC,0,2235291
marRp,0.5,1,1,CCAAGTTATATATCCTATTA,0,2246320
marRp,0.5,1,1,CCAAGGTGAACGTACAGCTA,0,2260503
marRp,0.5,1,1,CCAAGGAGTATTAAAAGACA,0,2247972
marRp,0.5,1,1,CCAAGCGGGCTCTTGTTGAA,0,2247953
marRp,0.5,1,1,CCAAGAAAGAAGTGCGATTA,0,2233596
marRp,0.5,1,1,CCAACGTAGTGCTCGATCGG,0,2231376
marRp,0.5,1,1,CCAACGACCGAGTTTGAAAT,0,2223843
marRp,0.5,1,1,CCAACCGGACGAAGGAACCA,0,2228817
marRp,0.5,1,1,CCAAAGTCGTACCCGAAAGA,0,2238167
marRp,0.5,1,1,CCAAAGGACTCGAAGTCGTA,0,2218246
marRp,0.5,1,1,CCAAACCATTTTGCGGCATT,0,2220183
marRp,0.5,1,1,CCAAAAGGACTTCGACGCAA,0,2230800
marRp,0.5,1,1,CATTGGAAACGCGAGAGCCG,0,2229739
marRp,0.5,1,1,CATTCGAGGGATCGCCGTCA,0,2223663
marRp,0.5,1,1,CATTCCGAGGCATGACGCCA,0,2249795
marRp,0.5,1,1,CATTCCCGATCCCGATGAGT,0,2229511
marRp,0.5,1,1,CATTAGGGTCCCGGCGACCT,0,2230992
marRp,0.5,1,1,CATTAAAGTATGCTGCCGAA,0,2258100
marRp,0.5,1,1,CATGTTCAGGGCCGCTCGCG,0,2249096
marRp,0.5,1,1,CATGTACGTTTGGGATATTA,0,2242573
marRp,0.5,1,1,CATGGTAAAAGCGAGGAAGA,0,2243160
marRp,0.5,1,1,CATGACAAGGTTCCTGACTT,0,2253972
marRp,0.5,1,1,CATCTGATGGAAATAATTTT,0,2228750
marRp,0.5,1,1,CATCTCGGACTCGTGAGACG,0,2233401
marRp,0.5,1,1,CATCGTTGTGACATATGGAA,0,2234226
marRp,0.5,1,1,CATCGACTGGGATTAGGAGT,0,2248567
marRp,0.5,1,1,CATCCTGGCAACTCCTTATC,0,2246372
marRp,0.5,1,1,CATCCCGTGATGAATCTCTG,0,2243241
marRp,0.5,1,1,CATCCACCAGCACGAGTCCA,0,2227903
marRp,0.5,1,1,CATCAGCTTCAGATGGAGCT,0,2244780
marRp,0.5,1,1,CATATAACTCGTATGTTGTA,0,2260575
marRp,0.5,1,1,CATAGTATTCATTTCGCGGG,0,2234276
marRp,0.5,1,1,CATAGGTCCAGGATTATGTT,0,2252407
marRp,0.5,1,1,CATACACACGTAAAGGTTCT,0,2230763
marRp,0.5,1,1,CATAAAGTGCACGGTGGTAA,0,2228445
marRp,0.5,1,1,CAGTTAGTGCAAACGGCAGA,0,2238775
marRp,0.5,1,1,CAGTGGGGGTTTGTAGTAAT,0,2251520
marRp,0.5,1,1,CAGTGAGGTCTCCAGGTGAT,0,2230218
marRp,0.5,1,1,CAGTATACTATCGACTAATT,0,2252417
marRp,0.5,1,1,CAGGTGTAATCTGGACTTGC,0,2248992
marRp,0.5,1,1,CAGGAGGTTTCCACGAGTTG,0,2226362
marRp,0.5,1,1,CAGGAGCTCCAGTAGCGAAT,0,2228594
marRp,0.5,1,1,CAGGACGAGTTAATCCGAGC,0,2251864
marRp,0.5,1,1,CAGCTTCTGCTCGCGGGTTT,0,2223398
marRp,0.5,1,1,CAGCGGACAAGCGGGTGCTT,0,2252379
marRp,0.5,1,1,CAGCGCGATCTTATTCGGCA,0,2240623
marRp,0.5,1,1,CAGCGCAGGAGGCCCATCGT,0,2255812
marRp,0.5,1,1,CAGCGATGCGAACCTACGAA,0,2229561
marRp,0.5,1,1,CAGCGACAACTCCGGGGGAG,0,2229080
marRp,0.5,1,1,CAGCCCGTACGAAGCCTAAT,0,2256569
marRp,0.5,1,1,CAGCATCTGACCGTGGCGGT,0,2222713
marRp,0.5,1,1,CAGATGGCAGAGTACACGGT,0,2253779
marRp,0.5,1,1,CAGATCGAGTGGCCAGAGCG,0,2252698
marRp,0.5,1,1,CAGAAGAGCCCGTAAATCCT,0,2221229
marRp,0.5,1,1,CAGAACGGCATAACATGTAG,0,2259851
marRp,0.5,1,1,CACTTTAATACACGCGGCGG,0,2238248
marRp,0.5,1,1,CACTTAGAGATTCCCCTATC,0,2219511
marRp,0.5,1,1,CACTCACCTCCGAGTCCACG,0,2226465
marRp,0.5,1,1,CACGTGCAAGGGGAGTAAAA,0,2220291
marRp,0.5,1,1,CACGTAGAGGTACTTGCGTT,0,2239049
marRp,0.5,1,1,CACGTAAATCGAATGAGGCA,0,2233149
marRp,0.5,1,1,CACGGGGGGTTTGCCGTGGG,0,2260967
marRp,0.5,1,1,CACGAATGATCTGCAACAGC,0,2235179
marRp,0.5,1,1,CACCTATATTCGGGCGTAGA,0,2228463
marRp,0.5,1,1,CACCTAGGCAGTCTGTCTAC,0,2221657
marRp,0.5,1,1,CACCGGTGGATCGTGTTATA,0,2235376
marRp,0.5,1,1,CACCCCAGTACTCTTTGCAC,0,2239714
marRp,0.5,1,1,CACCCACGAAAGGAGAAAGG,0,2243844
marRp,0.5,1,1,CACATTGCGGCTTAGACCAG,0,2227894
marRp,0.5,1,1,CACATTACTGTATTTCCACG,0,2227450
marRp,0.5,1,1,CACACTGTAAATTCCATACT,0,2259233
marRp,0.5,1,1,CACACGTCTAGGGGCCCACT,0,2228547
marRp,0.5,1,1,CACACCTCTGTTGTGGAGGA,0,2217958
marRp,0.5,1,1,CACACCGGAGCGCTCCATTG,0,2226909
marRp,0.5,1,1,CAATTTTTTACCAGAACGTC,0,2235719
marRp,0.5,1,1,CAATGGTGATGTCGAAAGTT,0,2256610
marRp,0.5,1,1,CAAGTTATGGCAACTCGACA,0,2241008
marRp,0.5,1,1,CAAGTCAAATAGAGTCCCCA,0,2258401
marRp,0.5,1,1,CAAGTATAAGGGTGAGAACT,0,2239563
marRp,0.5,1,1,CAAGCAGCGGGTTTCATGCA,0,2235157
marRp,0.5,1,1,CAAGATAGAAGGGAGAAAGG,0,2242789
marRp,0.5,1,1,CAAGAGGGCGCCTTCTCAAA,0,2234909
marRp,0.5,1,1,CAACTTTGTGACATATGAAT,0,2244093
marRp,0.5,1,1,CAACTGGGTACTACCGGGTA,0,2248638
marRp,0.5,1,1,CAACGGGTATCCTTTCATAG,0,2225564
marRp,0.5,1,1,CAACGATAGTCTGGGGATAA,0,2245154
marRp,0.5,1,1,CAACCCGGTATTAGAGACAC,0,2226963
marRp,0.5,1,1,CAACCCGCGTTCCCTGCAGT,0,2244062
marRp,0.5,1,1,CAACATTCAAGGCTGCAACC,0,2230469
marRp,0.5,1,1,CAAATGTGTTGGTTTAATGC,0,2258488
marRp,0.5,1,1,CAAATCGAATCTGATTCTTA,0,2222967
marRp,0.5,1,1,CAAATCACAGGGGCGTCATA,0,2255327
marRp,0.5,1,1,CAAACGACTGTCGAACGCTG,0,2251581
marRp,0.5,1,1,CAAAATGTGTGGTGATGACA,0,2220329
marRp,0.5,1,1,ATTTTTGAGCCATGAGTAAT,0,2222118
marRp,0.5,1,1,ATTTGGGTATCGCGGCATTA,0,2224406
marRp,0.5,1,1,ATTTCGCGAATTACTTCGGA,0,2255584
marRp,0.5,1,1,ATTTCGATGTTGGTTTCGGG,0,2251954
marRp,0.5,1,1,ATTTCCGGGGTAATTGGCAG,0,2223473
marRp,0.5,1,1,ATTTAGAGGCTAGTTATTTG,0,2253001
marRp,0.5,1,1,ATTGTTTCCGCAAACGTGCT,0,2257607
marRp,0.5,1,1,ATTGTTCAGTGGTTCCGGTA,0,2241583
marRp,0.5,1,1,ATTGTTAATAGCGCTCTAGG,0,2227899
marRp,0.5,1,1,ATTGTGTCTTCTTGGATCAG,0,2252363
marRp,0.5,1,1,ATTGGGTTTAGCGTTGTCGG,0,2251236
marRp,0.5,1,1,ATTGCTGATAAAGACATTAC,0,2227746
marRp,0.5,1,1,ATTGCTACATCGATTGTTGT,0,2238278
marRp,0.5,1,1,ATTGATCCGAGTCTGACCTG,0,2227650
marRp,0.5,1,1,ATTGACGCACCGAGGACTAC,0,2237635
marRp,0.5,1,1,ATTCTTAGTTCGTTGTGACC,0,2237770
marRp,0.5,1,1,ATTCGTGGGCGGTGCTACAA,0,2240374
marRp,0.5,1,1,ATTCGGGGGTGTAGCTTGTA,0,2221652
marRp,0.5,1,1,ATTCCTTTACATGGAATGGC,0,2225943
marRp,0.5,1,1,ATTCCGCCGCGTGGCCAAAT,0,2258009
marRp,0.5,1,1,ATTCAATGCCGGTGCTCACA,0,2245318
marRp,0.5,1,1,ATTCAAACTTCAGTACGAGA,0,2231142
marRp,0.5,1,1,ATTAGCTGTATTGGTTCGTA,0,2235791
marRp,0.5,1,1,ATTAGAGGGCTGCAGTGACT,0,2217862
marRp,0.5,1,1,ATTACGAGCTAGTCACCTAA,0,2256920
marRp,0.5,1,1,ATTAACTTAGGCAAAATGGA,0,2236587
marRp,0.5,1,1,ATTAAAACACTGAGCATAGA,0,2249954
marRp,0.5,1,1,ATGTTACACGAGAGTGGGGA,0,2237534
marRp,0.5,1,1,ATGTTAATACTTTTGCAAAA,0,2228880
marRp,0.5,1,1,ATGTGCCGGATTCATAATGA,0,2251045
marRp,0.5,1,1,ATGTGACAGCTAGGTCCTGA,0,2239997
marRp,0.5,1,1,ATGTGAACGATCAATGGGGC,0,2229560
marRp,0.5,1,1,ATGTCTGTGGCTGCGTTGAC,0,2220679
marRp,0.5,1,1,ATGTATCGGCCGTGACGGCC,0,2237632
marRp,0.5,1,1,ATGGTCCACATGAAGCAGCT,0,2255243
marRp,0.5,1,1,ATGGTACCTTAAGTACGTGT,0,2251767
marRp,0.5,1,1,ATGGTACAAATCTAAGCAGA,0,2256652
marRp,0.5,1,1,ATGGGTCCGCGCTATAGATT,0,2248681
marRp,0.5,1,1,ATGGGATTAGTATTCTTTGG,0,2253106
marRp,0.5,1,1,ATGGCTCTGCTTGTTGATAT,0,2247370
marRp,0.5,1,1,ATGGCTAAATTAGATAGATG,0,2240179
marRp,0.5,1,1,ATGGATTCACAGGCCCGTGG,0,2259373
marRp,0.5,1,1,ATGGAAGGCTCTATGACAGA,0,2231003
marRp,0.5,1,1,ATGCTTCCTTGGCCATAGAG,0,2226154
marRp,0.5,1,1,ATGCGTGCATGTTTTACAGT,0,2253487
marRp,0.5,1,1,ATGCGAATCACGGTTGAAAC,0,2257818
marRp,0.5,1,1,ATGCCTTAAACCGGTTTACC,0,2239224
marRp,0.5,1,1,ATGCAGAAGCATCTGCAAAG,0,2254469
marRp,0.5,1,1,ATGCAAATGAACTATATCGT,0,2252678
marRp,0.5,1,1,ATGATTTTGGTATGTGAGTG,0,2225623
marRp,0.5,1,1,ATGATCCGGCTGTGTTATTT,0,2221631
marRp,0.5,1,1,ATGATCAGGTGGCATTGTTT,0,2241632
marRp,0.5,1,1,ATGAGGATCACGTTGCAACG,0,2219267
marRp,0.5,1,1,ATGAGGACTCGGTCATAGCG,0,2219363
marRp,0.5,1,1,ATGAGATAGGTACTAAGGGA,0,2222133
marRp,0.5,1,1,ATGACGTACGTTACCGCTTA,0,2218355
marRp,0.5,1,1,ATGACCGAAGAGCAAAGTCC,0,2257036
marRp,0.5,1,1,ATGAAACACTGACCATGCGA,0,2221245
marRp,0.5,1,1,ATCTGTGAAATTGATCTTTC,0,2234580
marRp,0.5,1,1,ATCTCTGTAAAGTAGGTCAC,0,2235896
marRp,0.5,1,1,ATCTCTGCGGTGTATTAAGG,0,2223618
marRp,0.5,1,1,ATCTCGTCAAGCGACCGCCA,0,2220621
marRp,0.5,1,1,ATCTCAGAAGTCGCTAGTCG,0,2231495
marRp,0.5,1,1,ATCGTGCTAGAGCAACCCAC,0,2236983
marRp,0.5,1,1,ATCGGTCACACTGGATAAGA,0,2260282
marRp,0.5,1,1,ATCGGCACGGTCGGATATAG,0,2241510
marRp,0.5,1,1,ATCGGACAACGATGCGGGCT,0,2220406
marRp,0.5,1,1,ATCGCGGAGTCGGGCGGTGC,0,2225567
marRp,0.5,1,1,ATCGATTCCTCGTTTTCCAG,0,2252098
marRp,0.5,1,1,ATCGATGCTACCAACTTGTA,0,2228790
marRp,0.5,1,1,ATCGAGGGGCCAAACCTAAA,0,2252972
marRp,0.5,1,1,ATCCTGGTTGGGTCTTCGCG,0,2221514
marRp,0.5,1,1,ATCCTGAGGGGGAGGACCCT,0,2258375
marRp,0.5,1,1,ATCCACAGCTTGCGCAAGGT,0,2251523
marRp,0.5,1,1,ATCCAATTATTTCCCTTCAA,0,2228367
marRp,0.5,1,1,ATCATCTAGATTGTCTTATT,0,2249926
marRp,0.5,1,1,ATCAGTGACGTGGATATATG,0,2252182
marRp,0.5,1,1,ATCAGATGGTTGTGCGGAAG,0,2228655
marRp,0.5,1,1,ATCACACAGTCAGGCGACGA,0,2226601
marRp,0.5,1,1,ATCACAACCGGGATATCGAC,0,2254471
marRp,0.5,1,1,ATCAAAGTATTTAGGCCTGA,0,2250116
marRp,0.5,1,1,ATCAAACAATAGGATAATGT,0,2258984
marRp,0.5,1,1,ATATTGACCCGGTAAAACTA,0,2249294
marRp,0.5,1,1,ATATTACAATATGCGAGGGT,0,2236550
marRp,0.5,1,1,ATATGCGTGGGGGAACGCTG,0,2259281
marRp,0.5,1,1,ATATACGTGGGCGTAGCAAA,0,2225118
marRp,0.5,1,1,ATAGTGTCCAATCGGAGAGC,0,2221518
marRp,0.5,1,1,ATAGTCGAAGCTCTCGTTGC,0,2239680
marRp,0.5,1,1,ATAGTAAAAAAGCCATGGTT,0,2231008
marRp,0.5,1,1,ATAGGGAGTACACTCGCTAA,0,2224836
marRp,0.5,1,1,ATAGGATTTTGGAGTTAGTT,0,2230253
marRp,0.5,1,1,ATAGATGTACGCACCGGATT,0,2240827
marRp,0.5,1,1,ATACCATCATGGCAGTAGAG,0,2221038
marRp,0.5,1,1,ATACCACCTCGGCTCGAAAT,0,2237468
marRp,0.5,1,1,ATACAGGGGCCGTGTCCGAG,0,2254197
marRp,0.5,1,1,ATAAGGTCTAGCATACCTGA,0,2224651
marRp,0.5,1,1,ATAAGACTTTACCCGGCGGC,0,2247328
marRp,0.5,1,1,ATAAATCAAGTAGCGTCGTG,0,2242717
marRp,0.5,1,1,AGTTGGGGCCATAATAACCT,0,2233674
marRp,0.5,1,1,AGTTGCGAGGTGGTTGCAAT,0,2226740
marRp,0.5,1,1,AGTTGAGGACGAATCACGTT,0,2219249
marRp,0.5,1,1,AGTTCTGAACTGTCTCATGG,0,2247805
marRp,0.5,1,1,AGTTAATCTGTTAGGTGGTT,0,2230998
marRp,0.5,1,1,AGTGTCCAAGTCTGGAAATT,0,2220952
marRp,0.5,1,1,AGTGTAATAACCGCTCAGAT,0,2219463
marRp,0.5,1,1,AGTGGGGACCACATTTTGTC,0,2258163
marRp,0.5,1,1,AGTGGGAATTCTCCTTAGCG,0,2232291
marRp,0.5,1,1,AGTGGCGGTGTCAAATTGTC,0,2239742
marRp,0.5,1,1,AGTGGCAAGACCTATCTGTG,0,2230970
marRp,0.5,1,1,AGTGGAGCGTTTTGTGCCTA,0,2232950
marRp,0.5,1,1,AGTGCGCTGGACTCGTTTCA,0,2238488
marRp,0.5,1,1,AGTGAGCGCCGCAGCATCAC,0,2253794
marRp,0.5,1,1,AGTGAGCGAGGGGCTCTTCG,0,2237203
marRp,0.5,1,1,AGTCTTCCGAAAAGCACAGC,0,2259086
marRp,0.5,1,1,AGTCTCCATGGGATTCGGTG,0,2240478
marRp,0.5,1,1,AGTCCTACTGATTGGTCCCA,0,2217919
marRp,0.5,1,1,AGTCAGGCATACTTGCCATA,0,2258398
marRp,0.5,1,1,AGTCACGATCTTGAGGGTGC,0,2236639
marRp,0.5,1,1,AGTCAAGAGCCGAGTCCGAT,0,2239366
marRp,0.5,1,1,AGTCAACTAATAACTGTAGT,0,2222843
marRp,0.5,1,1,AGTCAAACAGGTGTTCAATC,0,2241027
marRp,0.5,1,1,AGTATTGCTTACGTGTGGAG,0,2243181
marRp,0.5,1,1,AGTATATCGCATAATGGTGC,0,2256580
marRp,0.5,1,1,AGTAGTTGTATAGGTGTGGT,0,2254430
marRp,0.5,1,1,AGTAGGGCTAAGTAATGTGT,0,2236128
marRp,0.5,1,1,AGTAAGCAGCACGTAATACA,0,2248913
marRp,0.5,1,1,AGTAAGAAGCATCAAATCGA,0,2254890
marRp,0.5,1,1,AGGTTTCTTTACACATCTCG,0,2248566
marRp,0.5,1,1,AGGTTATTGAGACAAGATTA,0,2242845
marRp,0.5,1,1,AGGTGTGTGCCAGCGTCAAA,0,2258573
marRp,0.5,1,1,AGGTGTGGATCCGCGTAGCT,0,2256938
marRp,0.5,1,1,AGGTGCGACAATCCGGAACT,0,2222467
marRp,0.5,1,1,AGGTCGCATGCTAAGGTTCG,0,2227516
marRp,0.5,1,1,AGGTCGCACTTGGAGCGTCC,0,2258200
marRp,0.5,1,1,AGGTCCGTGGATTCATAGAA,0,2222797
marRp,0.5,1,1,AGGTCAACCACACGTGTCAT,0,2250528
marRp,0.5,1,1,AGGGTTTGCACAACGGGCAT,0,2234408
marRp,0.5,1,1,AGGGGGACTCCCGTTTGTCA,0,2226352
marRp,0.5,1,1,AGGGCTCTGGACGTCGTAGG,0,2222850
marRp,0.5,1,1,AGGGCAGCATTGTAGACTCA,0,2219579
marRp,0.5,1,1,AGGGCACGTCACGCCCCGTT,0,2221903
marRp,0.5,1,1,AGGGACGTAGCCGACGTTTG,0,2251543
marRp,0.5,1,1,AGGCTTTGTAGCAACACTTC,0,2241155
marRp,0.5,1,1,AGGCTTGGGTTTTCGGGGGG,0,2243643
marRp,0.5,1,1,AGGCTCTCAGTGTGAACCGA,0,2247504
marRp,0.5,1,1,AGGCTCTATTACCCTGTTCA,0,2218933
marRp,0.5,1,1,AGGCTAGTGAATTGTTAATC,0,2254557
marRp,0.5,1,1,AGGCGCGCAGGCAAGAACTA,0,2241557
marRp,0.5,1,1,AGGCGAGAAGATAATTCATA,0,2244856
marRp,0.5,1,1,AGGCCTGGAAGTCCGCCTCA,0,2224710
marRp,0.5,1,1,AGGCATGGGGTTGTAGCGTC,0,2233354
marRp,0.5,1,1,AGGCAGTGCCGTTTAGGGCG,0,2254211
marRp,0.5,1,1,AGGCAATATTGGTGCTCGAA,0,2238622
marRp,0.5,1,1,AGGATTTGAGGTTGCATTCA,0,2245232
marRp,0.5,1,1,AGGATTCGGTCTTGTGAATC,0,2241423
marRp,0.5,1,1,AGGAGTTGTCCCGTCCGCAG,0,2260098
marRp,0.5,1,1,AGGAGTGACGTCTATAGTAT,0,2226950
marRp,0.5,1,1,AGGAGTCCTACACTAAGCAG,0,2240313
marRp,0.5,1,1,AGGAGCTGGATCCTACTAGG,0,2242570
marRp,0.5,1,1,AGGACGATGCGCAGTACCTC,0,2222598
marRp,0.5,1,1,AGGACCACGAGTGGGTGTTA,0,2242153
marRp,0.5,1,1,AGGACATCAACATAGACACT,0,2236731
marRp,0.5,1,1,AGGAACCCCACAATGATCAA,0,2251721
marRp,0.5,1,1,AGGAACAAAATGCCATTAAT,0,2250957
marRp,0.5,1,1,AGCTTTGAGGCCATTTGGAA,0,2230575
marRp,0.5,1,1,AGCTTTCGGATCGCATTCTA,0,2219438
marRp,0.5,1,1,AGCTTACCGTCAATGCGGTC,0,2222281
marRp,0.5,1,1,AGCTGGACTTGCGGCACGAA,0,2230120
marRp,0.5,1,1,AGCTGCGTCACCCTCCGAGC,0,2222483
marRp,0.5,1,1,AGCTAGGTGGCGAGATGCGG,0,2247943
marRp,0.5,1,1,AGCTAACTGGTGCATGTGAC,0,2252650
marRp,0.5,1,1,AGCGTCAGTGGCAGGGCAAT,0,2240925
marRp,0.5,1,1,AGCGGGGACTCATACGGCGT,0,2253882
marRp,0.5,1,1,AGCGGAAGCCAGTACCGGAC,0,2245713
marRp,0.5,1,1,AGCGATTTCCATCGTAGAGT,0,2223267
marRp,0.5,1,1,AGCGACGCCGGAAGCTCAGA,0,2244296
marRp,0.5,1,1,AGCCGCACAGCGTCAACAAA,0,2221138
marRp,0.5,1,1,AGCATAATACTGAGAAAAAC,0,2251040
marRp,0.5,1,1,AGCAGTTGTTCTGACAAGTG,0,2258227
marRp,0.5,1,1,AGCAGTTAATTGGGGTATCA,0,2248017
marRp,0.5,1,1,AGCAGGTATTTTTGGGAACT,0,2232465
marRp,0.5,1,1,AGCAGAGGGGGACCAGCATT,0,2228350
marRp,0.5,1,1,AGATTAGGGTGAGCTCTTCT,0,2229435
marRp,0.5,1,1,AGATGGTTTAGAACCTGCAG,0,2234898
marRp,0.5,1,1,AGATGCTAAAAGACCTTGGG,0,2246102
marRp,0.5,1,1,AGATCCTGAAGAGGAGCTGC,0,2236221
marRp,0.5,1,1,AGATAGGACAATACGTCGTC,0,2221983
marRp,0.5,1,1,AGATACTTGGTGCGAAATCT,0,2236896
marRp,0.5,1,1,AGATACGTAGACCTGCCGTT,0,2256065
marRp,0.5,1,1,AGAGTTGTGTTGACGACACA,0,2235338
marRp,0.5,1,1,AGAGTCTGGAATTGTCACAG,0,2257373
marRp,0.5,1,1,AGAGTAGGTAGATCGACGGC,0,2246132
marRp,0.5,1,1,AGAGTACTGCCACATTCCGG,0,2238615
marRp,0.5,1,1,AGAGTAACTCGTTTCAGGCT,0,2221324
marRp,0.5,1,1,AGAGGACGTTTTATAACAAC,0,2235743
marRp,0.5,1,1,AGAGCAATTATACTTGTGTG,0,2231010
marRp,0.5,1,1,AGACTGGATCAGGTGAGCCC,0,2241271
marRp,0.5,1,1,AGACGGCTATCTGTTCGACC,0,2223005
marRp,0.5,1,1,AGACGACGCGTCTGAATCAG,0,2233489
marRp,0.5,1,1,AGACCGTACAAAACGTGGAT,0,2221243
marRp,0.5,1,1,AGACCCATAGAGTTCGCTTG,0,2254255
marRp,0.5,1,1,AGACAGGCGAGGCTGTAGCC,0,2224586
marRp,0.5,1,1,AGACACACTACCGGGAAGCT,0,2228549
marRp,0.5,1,1,AGACAAAGGTTCTGGTAGTC,0,2242095
marRp,0.5,1,1,AGAATTGTATACCTCTCTGC,0,2257358
marRp,0.5,1,1,AGAATGGTTCGGAAGGGAGG,0,2258399
marRp,0.5,1,1,AGAACGCTACTCCGCCCGAA,0,2226809
marRp,0.5,1,1,AGAACATGTTCTGAAGGCAG,0,2237519
marRp,0.5,1,1,AGAACACTAGCAAAGGGGAA,0,2241988
marRp,0.5,1,1,AGAAAGTCTGATATAGCTTA,0,2224309
marRp,0.5,1,1,AGAAACTGGTGCTGTCTCCG,0,2248414
marRp,0.5,1,1,ACTTGTCCTCCCCCAATCTT,0,2234273
marRp,0.5,1,1,ACTTGACTAGCGCGCAGTGG,0,2227034
marRp,0.5,1,1,ACTTCTATTTCCTTTTAAGA,0,2238784
marRp,0.5,1,1,ACTTCCGCTGCCTCTTCGGA,0,2246415
marRp,0.5,1,1,ACTTACATTAGTCCCTCAGT,0,2261106
marRp,0.5,1,1,ACTGGTACTGTGGGCACCAG,0,2249806
marRp,0.5,1,1,ACTGCCTAAGGGGTGCGCAT,0,2219238
marRp,0.5,1,1,ACTGCAACGAGGATACCTCC,0,2224131
marRp,0.5,1,1,ACTGATTCGACCCGGCCAAT,0,2220773
marRp,0.5,1,1,ACTCTATAAAGCTGACATGC,0,2246576
marRp,0.5,1,1,ACTCGTGTAAAGTTAAGCCT,0,2218228
marRp,0.5,1,1,ACTCGCTCCGGTTCATTCGA,0,2245315
marRp,0.5,1,1,ACTCGATCTGGGTAGACTTA,0,2259354
marRp,0.5,1,1,ACTCCTGGTACAGCTGACGG,0,2255559
marRp,0.5,1,1,ACTCCCCGGGTAGAAGGTGA,0,2237520
marRp,0.5,1,1,ACTCCATCTGCAAGGGGCCG,0,2254455
marRp,0.5,1,1,ACTCAATTGGTTACATATCA,0,2224712
marRp,0.5,1,1,ACTATGTTTACAAGAATATA,0,2241707
marRp,0.5,1,1,ACTAGCTCGTCCCCAGAATT,0,2248245
marRp,0.5,1,1,ACTAGACACTCAATGGGTAA,0,2242420
marRp,0.5,1,1,ACTACACCGAACCGGGCATG,0,2246910
marRp,0.5,1,1,ACGTTTTAGCCCAGCGTGGG,0,2230337
marRp,0.5,1,1,ACGTTATATGAAGGTAGGAG,0,2220008
marRp,0.5,1,1,ACGTGTCAGGAATTCAACGA,0,2227476
marRp,0.5,1,1,ACGTGCGGCTGCATACTTAC,0,2249536
marRp,0.5,1,1,ACGTCTGGACTTGAGGCGGA,0,2235779
marRp,0.5,1,1,ACGTCCAGGGTCTCATCGGA,0,2228204
marRp,0.5,1,1,ACGTCATGGTACCGGCTGAC,0,2234724
marRp,0.5,1,1,ACGGTTGACCTGGACTAAGC,0,2248878
marRp,0.5,1,1,ACGGTAGCCCTTAACAGAGC,0,2242961
marRp,0.5,1,1,ACGGTAACACGGTAGTTGTC,0,2225033
marRp,0.5,1,1,ACGGTAAAGGCGGCACCAAC,0,2256939
marRp,0.5,1,1,ACGGGTCTACGGAACGGCTG,0,2250204
marRp,0.5,1,1,ACGGGGATCCCGGTTTTGGG,0,2255964
marRp,0.5,1,1,ACGGGGAATGGAGTTCAGAA,0,2227235
marRp,0.5,1,1,ACGGGCATTATCGCTGAGCT,0,2259837
marRp,0.5,1,1,ACGGCAGACTTCCACGTGGC,0,2226392
marRp,0.5,1,1,ACGGCAACGTGTGTGGGTTT,0,2231145
marRp,0.5,1,1,ACGGAAGGTGATCGGCAGCA,0,2260355
marRp,0.5,1,1,ACGCTTCGTGCGCCGGATGC,0,2243713
marRp,0.5,1,1,ACGCTCAAGGAGATCTATGT,0,2252228
marRp,0.5,1,1,ACGCTATGAAAGCAAGAGCT,0,2239069
marRp,0.5,1,1,ACGCGCGCTTAGAAGTTGTT,0,2234618
marRp,0.5,1,1,ACGCCTCATGCTCCGCACGT,0,2252712
marRp,0.5,1,1,ACGCCGGAGGGGAGCCCCAT,0,2226533
marRp,0.5,1,1,ACGCAGGGCCGATCCGGAGA,0,2259038
marRp,0.5,1,1,ACGCACTTCTACTGCCTGTG,0,2247659
marRp,0.5,1,1,ACGATTGGGGGAGATCCGTT,0,2242309
marRp,0.5,1,1,ACGATCTACTCACCCGCGAT,0,2228525
marRp,0.5,1,1,ACGATCGAGAATGGCCATTT,0,2222313
marRp,0.5,1,1,ACGAGGGACTCCAGGGCACC,0,2218900
marRp,0.5,1,1,ACGAGAACTAGGGTGGTATG,0,2228608
marRp,0.5,1,1,ACGACGCAGGCTCGTCATGC,0,2246573
marRp,0.5,1,1,ACCTTACGATGAATTCCTTG,0,2223553
marRp,0.5,1,1,ACCTGTTGATTAGACACTGC,0,2248513
marRp,0.5,1,1,ACCTGGAATGGGTTAAGGGT,0,2249672
marRp,0.5,1,1,ACCTGCCACCGCTGCTGTTT,0,2246905
marRp,0.5,1,1,ACCTGACAGAAGACACATCG,0,2234505
marRp,0.5,1,1,ACCTCTTCAGACAGGGAACT,0,2249499
marRp,0.5,1,1,ACCTACCTCCAATGCTCTGT,0,2244812
marRp,0.5,1,1,ACCGTGTCAATAGCCTCTGC,0,2257925
marRp,0.5,1,1,ACCGATGGAACTAGCATTCT,0,2228788
marRp,0.5,1,1,ACCGATAGGTCAAAGTACGC,0,2247726
marRp,0.5,1,1,ACCGACCGAAATAATTCTCA,0,2237230
marRp,0.5,1,1,ACCCCCGGTGTACGTAATTC,0,2237904
marRp,0.5,1,1,ACCCCCCGCAACTTGAAGAC,0,2223649
marRp,0.5,1,1,ACCCCATGTTCGGCCACCAC,0,2233442
marRp,0.5,1,1,ACCCCATATACGCAGGACGT,0,2240513
marRp,0.5,1,1,ACCCACGTTCGCGGTGGTTG,0,2240181
marRp,0.5,1,1,ACCATAAGAGCCTTTCGGCT,0,2255877
marRp,0.5,1,1,ACCACTGGCAGTGGTGGGAG,0,2221796
marRp,0.5,1,1,ACCAATTGGAGCTTCCACGG,0,2259311
marRp,0.5,1,1,ACCAATGAGTACTAAATCTA,0,2237881
marRp,0.5,1,1,ACCAATAGCGTTCAGAATAG,0,2247839
marRp,0.5,1,1,ACCAACACTAAGGGGTCAGG,0,2234685
marRp,0.5,1,1,ACATTTCTGTATTTTTCTTA,0,2250297
marRp,0.5,1,1,ACATTTATCGTGGAATATTC,0,2226896
marRp,0.5,1,1,ACATTGTCGAGATCGCTGCC,0,2249599
marRp,0.5,1,1,ACATTGGGGGAGTTCCCAAC,0,2259738
marRp,0.5,1,1,ACATTCTCGGCCGCGGTGCA,0,2230216
marRp,0.5,1,1,ACATTCCCGGGCCGGTGGAA,0,2240945
marRp,0.5,1,1,ACATTCAATGATTTACCTTG,0,2218240
marRp,0.5,1,1,ACATGTAGTGAGGTTCGGTT,0,2227679
marRp,0.5,1,1,ACATCGAGCGTGTATAGAGA,0,2243510
marRp,0.5,1,1,ACAGTAGGTGTATCCGGGCG,0,2251261
marRp,0.5,1,1,ACAGGTAGAATCAGACCGTA,0,2239763
marRp,0.5,1,1,ACAGGGCGACGCGGATCCCT,0,2254724
marRp,0.5,1,1,ACAGGCTCCGTCCGTACTAT,0,2224447
marRp,0.5,1,1,ACAGGAGTAAGTGCCCTACA,0,2254483
marRp,0.5,1,1,ACAGCTAGGGTGTACCGAGA,0,2221850
marRp,0.5,1,1,ACAGATGGGGCACAGTCTTA,0,2235057
marRp,0.5,1,1,ACAGAATTAGTTCGACGGAA,0,2244974
marRp,0.5,1,1,ACACGCCCGTAGTTGGAATT,0,2226752
marRp,0.5,1,1,ACACCCCATCCTCCACTGAG,0,2223446
marRp,0.5,1,1,ACACAACCATAAAGGAATCA,0,2224062
marRp,0.5,1,1,ACAATTCTCCCAATTCCTAG,0,2235738
marRp,0.5,1,1,ACAATTATTCATAATGCCTG,0,2250012
marRp,0.5,1,1,ACAAGTCATCTACACAGAAC,0,2220260
marRp,0.5,1,1,ACAAGGACCCGTACCGGGCA,0,2242627
marRp,0.5,1,1,ACAAGCAAGATTCTGACTCA,0,2256053
marRp,0.5,1,1,ACAAAGCGGTTGATCAAGAT,0,2226537
marRp,0.5,1,1,ACAAACGGTAAGCTGTGTGG,0,2228841
marRp,0.5,1,1,ACAAAAAGGATTGTGTCATG,0,2223074
marRp,0.5,1,1,ACAAAAAAGTTGACGTCTTG,0,2222606
marRp,0.5,1,1,AATTTTGTTTTACCGATGGT,0,2242057
marRp,0.5,1,1,AATTTGCTTGCTCTGTTCCC,0,2233641
marRp,0.5,1,1,AATTTCGAACTCTGCATCAC,0,2254689
marRp,0.5,1,1,AATTGGGTCGATGGGAGAGA,0,2259693
marRp,0.5,1,1,AATTCTAGTGCAGAAACGTG,0,2218135
marRp,0.5,1,1,AATTACGTTCACGACCAAAT,0,2238822
marRp,0.5,1,1,AATTAATAAAGTTAACTTCC,0,2260354
marRp,0.5,1,1,AATGTTTGTGTCTGACGTGC,0,2245389
marRp,0.5,1,1,AATGTATGTGATCGAACCGA,0,2242056
marRp,0.5,1,1,AATGTATGACATACGTTGCT,0,2229093
marRp,0.5,1,1,AATGTATCGAACCACGGTGG,0,2221097
marRp,0.5,1,1,AATGGGCGGACCATAGGACA,0,2260891
marRp,0.5,1,1,AATGGCTGGATGCCCCAGGA,0,2227352
marRp,0.5,1,1,AATGGCTCGGCGTGCACACG,0,2232508
marRp,0.5,1,1,AATGGCCCCTCGGGGATGTG,0,2231758
marRp,0.5,1,1,AATGGCATCATATAGTAGGT,0,2230761
marRp,0.5,1,1,AATGGATCTGGATCTCCTTC,0,2224901
marRp,0.5,1,1,AATGCCTTCAGATGCGAAAT,0,2257894
marRp,0.5,1,1,AATGAGGGCCTCTGACTGGA,0,2244218
marRp,0.5,1,1,AATCTGGCATACTCTCCAAT,0,2255570
marRp,0.5,1,1,AATCTCCGGGCGTGCGCCGA,0,2230692
marRp,0.5,1,1,AATCTATCAAATGCCCCTCT,0,2247073
marRp,0.5,1,1,AATCGGGGTTAATGGTTTAA,0,2237738
marRp,0.5,1,1,AATCCTGACGGCCGGTAACG,0,2246241
marRp,0.5,1,1,AATCCTCGCCTGGATGTCCA,0,2256454
marRp,0.5,1,1,AATCATGCACTAACATCGGG,0,2225596
marRp,0.5,1,1,AATCAGAGGGCCGCTTAACT,0,2227208
marRp,0.5,1,1,AATCAAGGGTATCCGCTCCG,0,2256444
marRp,0.5,1,1,AATATACAAGCCACGATGTA,0,2251942
marRp,0.5,1,1,AATAGTTTAAGGGCGACGCG,0,2246931
marRp,0.5,1,1,AATAGTAGCCCAGTGTCATC,0,2227191
marRp,0.5,1,1,AATAGTACTATGTGGGAGTT,0,2239605
marRp,0.5,1,1,AATAGCTATGAACTGTCGCA,0,2246310
marRp,0.5,1,1,AATACTGATGTCTGCGTATA,0,2258807
marRp,0.5,1,1,AATACCAGACGTCTATACCG,0,2244308
marRp,0.5,1,1,AATACCAAAGCAATTGCCTT,0,2247645
marRp,0.5,1,1,AATAATTCGTTCGGACGAAA,0,2246743
marRp,0.5,1,1,AATAAATGATTGATCTTATT,0,2241212
marRp,0.5,1,1,AAGTTATCGCGTCAAATTGC,0,2236893
marRp,0.5,1,1,AAGTTACAGCTCTATGTCTA,0,2227545
marRp,0.5,1,1,AAGTGTAGTAGCAGATGACT,0,2220631
marRp,0.5,1,1,AAGTGGCAACTTCCCTAACT,0,2260616
marRp,0.5,1,1,AAGTGCGGGGTATACGGATG,0,2221698
marRp,0.5,1,1,AAGTCATGTCCAAGAGCAAG,0,2220917
marRp,0.5,1,1,AAGTATGCCAGTTTATATCG,0,2246054
marRp,0.5,1,1,AAGTACACTCTAATTGGCAG,0,2229124
marRp,0.5,1,1,AAGGTCTCGTAAGCGGACAA,0,2231669
marRp,0.5,1,1,AAGGTATCTAATTTCAAAAC,0,2237702
marRp,0.5,1,1,AAGGGCATTGATCGAAGCGT,0,2231925
marRp,0.5,1,1,AAGGCATGGTAGTGTAATCT,0,2221624
marRp,0.5,1,1,AAGGAGTAATCGGTATTTTG,0,2232210
marRp,0.5,1,1,AAGGAGGCTACGACTCGATC,0,2225420
marRp,0.5,1,1,AAGGAACATCCTTTGGAGAC,0,2231078
marRp,0.5,1,1,AAGCGTGTTGGATAGAAACA,0,2231986
marRp,0.5,1,1,AAGCGGCAAGAAAGGCCCCG,0,2257494
marRp,0.5,1,1,AAGCGCCCGGACGAGTCGTA,0,2230993
marRp,0.5,1,1,AAGCCGGTTTTCCTAAGATG,0,2235427
marRp,0.5,1,1,AAGCCGACTAGCGTAGTGCG,0,2253994
marRp,0.5,1,1,AAGCACAAAGGTTGAATGGC,0,2244267
marRp,0.5,1,1,AAGCAAGGCAGGTTGCCAGC,0,2229047
marRp,0.5,1,1,AAGCAAGCCGGTATTTGCTG,0,2228066
marRp,0.5,1,1,AAGACTGATAATATCTCGTG,0,2232091
marRp,0.5,1,1,AAGACTCATGGTCGAGGGCA,0,2243622
marRp,0.5,1,1,AAGACCTCTAGCGTCGTATT,0,2219048
marRp,0.5,1,1,AAGACCTAATGTCGAGAAAC,0,2227722
marRp,0.5,1,1,AACTTTCTCAGTTTTTTGAA,0,2224136
marRp,0.5,1,1,AACTTAGCCCGAGAATCCTA,0,2260094
marRp,0.5,1,1,AACTGCTAGAAGCATCGCAT,0,2219595
marRp,0.5,1,1,AACTCTTCACCGAGAAGTCA,0,2241043
marRp,0.5,1,1,AACTATCAGGGGGGGCTACA,0,2228846
marRp,0.5,1,1,AACGTCGGGTGCCGAAAAAA,0,2239132
marRp,0.5,1,1,AACGGTCTGTGTACAGCTCA,0,2248390
marRp,0.5,1,1,AACGGGGTTCAGTTTCTCGG,0,2226080
marRp,0.5,1,1,AACGGGATCTGGACGCAATG,0,2241825
marRp,0.5,1,1,AACGGCAGGAAGTGCGTTCC,0,2243720
marRp,0.5,1,1,AACGCTTTGATCAGAGATTC,0,2242234
marRp,0.5,1,1,AACGAACGATGACCACCAGC,0,2228063
marRp,0.5,1,1,AACCTGGAACAGAGGGTCTT,0,2226311
marRp,0.5,1,1,AACCGAGGTACACGGTTTTT,0,2233358
marRp,0.5,1,1,AACCGACCGCAGGCCATAAC,0,2260269
marRp,0.5,1,1,AACCCTGGGGAATCGAAACA,0,2229308
marRp,0.5,1,1,AACCCGTTGTTAAACCTTCA,0,2231307
marRp,0.5,1,1,AACCCATACTAAGCTCTAGA,0,2251061
marRp,0.5,1,1,AACCAGACCTAACTCTCTAA,0,2218022
marRp,0.5,1,1,AACCAATAGATGGGAGTGGG,0,2246018
marRp,0.5,1,1,AACCAAAGAGCAATTGGGAG,0,2245286
marRp,0.5,1,1,AACATATCGAATCACACCAT,0,2261040
marRp,0.5,1,1,AACAGAGTGCGTATTCTCTT,0,2257088
marRp,0.5,1,1,AACACAGACATGTGTCACCT,0,2220880
marRp,0.5,1,1,AACAAAGTTTGTGTCGCCTC,0,2244762
marRp,0.5,1,1,AAATTCACCCAGACTTCACC,0,2249765
marRp,0.5,1,1,AAATTCAAATAAGTTCAAGT,0,2245589
marRp,0.5,1,1,AAATGCACGCTGCACCCATA,0,2253345
marRp,0.5,1,1,AAAGTTGGGATAAGACCTCA,0,2237245
marRp,0.5,1,1,AAAGTGAAGGATGGACAGTA,0,2257972
marRp,0.5,1,1,AAAGTCTCTGTGAACAGGGG,0,2251277
marRp,0.5,1,1,AAAGTCAAGAGCAACCACAG,0,2228605
marRp,0.5,1,1,AAAGGTCCCCAGCATGGCCT,0,2245998
marRp,0.5,1,1,AAAGGGTGTCAGCGAGCATA,0,2218605
marRp,0.5,1,1,AAAGGGATAGTCCTACAGTG,0,2228321
marRp,0.5,1,1,AAAGATACAGAGGCACCGGA,0,2227368
marRp,0.5,1,1,AAACTTGATGGAGGCGTTCT,0,2237932
marRp,0.5,1,1,AAACTGTCGGTCATCATACG,0,2249690
marRp,0.5,1,1,AAACGTAGGAGTCCACTCAC,0,2238364
marRp,0.5,1,1,AAACATACGAAATTCGAGTA,0,2259527
marRp,0.5,1,1,AAACAGACTGGTAGATCGTC,0,2251516
marRp,0.5,1,1,AAACAAGTTTATGCAGAGTG,0,2240332
marRp,0.5,1,1,AAACAAGCTGGTGAGAATCT,0,2237977
marRp,0.5,1,1,AAACAACGTTGGCCTCAAAT,0,2235697
marRp,0.5,1,1,AAAATTTGTATATCACGCCA,0,2237750
marRp,0.5,1,1,AAAATTCACGGTTTAGGAGA,0,2218364
marRp,0.5,1,1,AAAATGGATATCCCAAGTGT,0,2255068
marRp,0.5,1,1,AAAATGCCTTGTCTATGAGG,0,2256104
marRp,0.5,1,1,AAAATCTAGGGGACGTCATC,0,2243864
marRp,0.5,1,1,AAAATAGTGCGACGTTGGGA,0,2237204
marRp,0.5,1,1,AAAAGCTATCCGGGATTCCG,0,2217962
marRp,0.5,1,1,AAAACCCGGAGGCAGCCGCT,0,2249267
marRp,0.5,1,1,AAAAAATACATACCCCATCG,0,2253743
marRp,135.0,134,0,TGCGATCAATCTCGAAAAGA,134,2220538
marRp,113.0,112,0,GCGTTAACGTGCCTCATCAA,112,2248577
marRp,108.0,107,0,AATAGCTGCATCAGGGGGGC,107,2260710
marRp,96.0,95,0,ATGGGTGGCTGCGCCCTGCT,95,2248226
marRp,82.0,81,0,TGGTGCCTGTATTGGATACT,81,2249474
marRp,80.0,79,0,TTATAGATGCTGGCCCACCC,79,2236613
marRp,76.0,75,0,CCGGGGCGAATTTGCGAGAC,75,2231934
marRp,74.0,73,0,GCGTGCAAGACCGACGACCC,73,2228244
marRp,73.0,72,0,CAGTGAAGCACCGGTTCCGA,72,2251638
marRp,67.0,66,0,GGAACAGGGAGTCAAAACAC,66,2241528
marRp,66.0,65,0,AGGAAAAATCCCCAGGAGGA,65,2251718
marRp,65.0,64,0,TACTCAAATCTTGATACACA,64,2218573
marRp,65.0,64,0,GATGCCAGCCAAAGGGAGGT,64,2252960
marRp,64.0,63,0,CAAATAGTAGGCCGACAAAC,63,2254079
marRp,63.0,62,0,ACCTTTTGTAGGTTCAAGTG,62,2251341
marRp,60.0,59,0,ACTCATAACCTTATCAGAGC,59,2222961
marRp,57.0,56,0,ATATTATACTCAAGCTGATA,56,2251782
marRp,56.0,55,0,TTATTATTCGGCTAACGACA,55,2236868
marRp,55.0,54,0,TACCAAACCCGATACATTAT,54,2240630
marRp,54.0,53,0,AGTCCATTAAAAAGGACCAG,53,2254110
marRp,52.0,51,0,TGTCCAAGCCATACCCAGTG,51,2244838
marRp,52.0,51,0,TGGCCCCCATAGGCACCTCT,51,2231367
marRp,52.0,51,0,TGATGCCCAGTCCTTCTTCT,51,2260859
marRp,52.0,51,0,CTGTGTCGCTTCGTCCTTTC,51,2233303
marRp,50.0,49,0,TGGTGGGCATGTGGGTCTCT,49,2221283
marRp,49.0,48,0,GCAGTTTGTATGAAGCTAGG,48,2222018
marRp,48.0,47,0,GCCCAAATAAGTCACCCAAC,47,2227088
marRp,48.0,47,0,AAACTTATATGGCTTTTCTC,47,2253987
marRp,47.0,46,0,TGTTGGGACTTACATCCCAC,46,2252413
marRp,47.0,46,0,CCCTTGGTCGCATGGGCGAT,46,2251738
marRp,46.0,45,0,TCATTGACGTGGTAGATTCT,45,2231940
marRp,46.0,45,0,GGATTGCCGGTGTAGCAAGA,45,2249973
marRp,46.0,45,0,CGCAGGCGCAGGTCCGTTCA,45,2245074
marRp,46.0,45,0,CAGGTTTTGTACGTACTTAT,45,2235938
marRp,46.0,45,0,AGTTTAAAGTAAGGTGAATA,45,2234561
marRp,44.0,43,0,TCTTAATGATAGTATGTCCT,43,2232201
marRp,44.0,43,0,GTGTTAGCCAATAAACCTAC,43,2250065
marRp,44.0,43,0,GGAAGTAGTGATGCTCAACT,43,2221866
marRp,44.0,43,0,CGCGTCGTTTACGTCAACGA,43,2252949
marRp,44.0,43,0,AGTTCGTACCCAGTTACATG,43,2236636
marRp,43.0,42,0,AATTACAACGGCGGTGAGGT,42,2240978
marRp,42.0,41,0,GCGACTGATATTTAGGAGGC,41,2255285
marRp,42.0,41,0,CACTGTATCAACTGCTCCAA,41,2236629
marRp,41.0,40,0,AGCGCTGTATTTGCTCATAT,40,2249485
marRp,40.0,39,0,TTGCCGACACCAAGCCAAGC,39,2226487
marRp,40.0,39,0,TAGGGTTCTATGATTCATGC,39,2224477
marRp,40.0,39,0,GGCCTCATTTTGAGATGTGA,39,2224101
marRp,39.0,38,0,TTGGCAAGGAGGAAGCAGGA,38,2250412
marRp,39.0,38,0,TGGGCAAGGAAGGGATTTGC,38,2222771
marRp,39.0,38,0,TCCGTTAAAGACGTGTTGCA,38,2238699
marRp,39.0,38,0,CGGGGAAGCCATGAAGACGT,38,2234989
marRp,38.0,37,0,CTCTTGAAATTCTCCGACCC,37,2236296
marRp,38.0,37,0,ATGGCAGCACTCTTGATAAA,37,2244833
marRp,38.0,37,0,ACATCAGTTTTATCTTGCGA,37,2221897
marRp,37.0,36,0,CAAGAGGGATCCCCCCAGCA,36,2227607
marRp,37.0,36,0,ATGCTCCGGATGTATGGGCT,36,2260550
marRp,36.0,35,0,TCAGGCGTTTGGTATACACC,35,2240790
marRp,36.0,35,0,GGTGCGTGTCCCGGAGAAGA,35,2229148
marRp,36.0,35,0,CCTGCGGGTTGTCTGCGAAC,35,2224950
marRp,36.0,35,0,AGCGGAATCAGCTTTAGAAA,35,2249013
marRp,36.0,35,0,AAGGGGGCCGTTAGGGCGCG,35,2235063
marRp,35.0,34,0,TTTACGCAATTCCTAAGCTC,34,2239169
marRp,35.0,34,0,CTTCTCAGGGAAGCACCGGT,34,2240015
marRp,35.0,34,0,CGCGGTTCGGTTTCAGTGGT,34,2253260
marRp,35.0,34,0,ATGGCGGTGCTCTCCAAATG,34,2260755
marRp,34.0,33,0,GAACGTCGCTGGTACGTCCA,33,2224237
marRp,34.0,33,0,CTAACTGAATCAGTGACATA,33,2221544
marRp,34.0,33,0,CGATATTAATGGCGGCCCGG,33,2219618
marRp,34.0,33,0,ACTACCCGGACTGAGTCTAC,33,2224642
marRp,33.0,32,0,TTCGCTATGTGGTCGAGGAC,32,2249799
marRp,33.0,32,0,TCTAAGCACGTCAACGCGGG,32,2260404
marRp,33.0,32,0,GCTACCTCGCTGATTTCCTG,32,2218275
marRp,33.0,32,0,GAGTGTCTATCCGACTGGAA,32,2232199
marRp,33.0,32,0,GAGCTCCTGCAGACGATCTT,32,2235082
marRp,33.0,32,0,CTTAACGTACTTTTACGTCC,32,2242642
marRp,33.0,32,0,CAACGGATACGGGACCATCA,32,2246869
marRp,33.0,32,0,ATTTAACATCGAACGGAACA,32,2246701
marRp,33.0,32,0,AGCCCCGAGGAATGGACACT,32,2250670
marRp,32.0,31,0,TAGCATCGTTTACACTAGAT,31,2222045
marRp,32.0,31,0,CCGCTAGTGAGCCCCCGGCC,31,2239879
marRp,32.0,31,0,ACGGGGGAAATCGGTGCATG,31,2237442
marRp,31.0,30,0,TTAAACTGTTAAATTCTCCA,30,2253069
marRp,31.0,30,0,TGGTAGTAGTTTTTGTAAAG,30,2240721
marRp,31.0,30,0,TCCACAGGTGAGTAACGCGT,30,2233002
marRp,31.0,30,0,GTGGATGATTCGGTTCCGCG,30,2221877
marRp,31.0,30,0,GCGCGCCTCAGGTGACGGAC,30,2258234
marRp,31.0,30,0,CGCGTCCACGACCGCGACTA,30,2220506
marRp,31.0,30,0,ACGGGGTCGTGAAACTGCTT,30,2235973
marRp,30.0,29,0,GGAGTTAGTATAAACTAGGT,29,2258492
marRp,30.0,29,0,GCAAAAGCCGGTCAAAATCC,29,2225045
marRp,30.0,29,0,CGTGACATCGTGCCTGCGGA,29,2230352
marRp,30.0,29,0,CCTGAAGCAAGGCAAAGGGC,29,2225049
marRp,30.0,29,0,CCGCCAGAAGGACCTTGCAA,29,2250852
marRp,30.0,29,0,AATGGCGGGGACACGAAGTA,29,2259731
marRp,29.0,28,0,TGTCTTAACGCTACCCGTCG,28,2242235
marRp,29.0,28,0,TATCTGAGTCGTAGAAAATC,28,2247578
marRp,29.0,28,0,TAGGGGTCAGCTCCAGGCTT,28,2231689
marRp,29.0,28,0,GTCGTTGACATTGGCAACCG,28,2259495
marRp,29.0,28,0,GGAGACGTAGTGGATGGAGT,28,2249453
marRp,29.0,28,0,CTCGCATGCCTCGGCATTCC,28,2231938
marRp,29.0,28,0,CGGATGAGGCAATGACCCAT,28,2224619
marRp,29.0,28,0,ATTGTCATGCCTTCGGGCTA,28,2226733
marRp,29.0,28,0,AGATGCAGTCATAACCATTC,28,2252248
marRp,29.0,28,0,ACGAACCGAACGAGCCAACT,28,2255889
marRp,29.0,28,0,ACAGTGGAAAATTTCCGCTA,28,2249043
marRp,28.0,27,0,TGATTGTCGTATTTTATCAG,27,2256379
marRp,28.0,27,0,TAAATGGCGTGCGTTCTCCT,27,2245234
marRp,28.0,27,0,GTCAACGCGTTAACCCTGAT,27,2258196
marRp,28.0,27,0,CTTGACCTCAGGGTTGTTCG,27,2236834
marRp,28.0,27,0,CGCGCTTGCGTATTAAAACA,27,2257566
marRp,28.0,27,0,CAACAGACTGAGTTAGAACC,27,2232177
marRp,28.0,27,0,ACTGGCGGGTTTTCATGAAA,27,2230376
marRp,28.0,27,0,ACGTCGCGTAGGCGGCAGGA,27,2238704
marRp,27.0,26,0,GGATCCAACTGTGAATCTGA,26,2258161
marRp,27.0,26,0,GAGGATTACAATCTCGATAG,26,2218934
marRp,27.0,26,0,GACTTTCACAGCGCACAAGA,26,2260674
marRp,27.0,26,0,CGGCACGTACCACTCACCGT,26,2254391
marRp,27.0,26,0,CCGGGTAGAGTATATGGAAC,26,2257342
marRp,27.0,26,0,CATACTGGGCGCATTGTTTT,26,2221898
marRp,27.0,26,0,ATGTCCGGAGATAGTGTTCG,26,2239333
marRp,27.0,26,0,AGGTTGGAAGTATCATGGTA,26,2218068
marRp,27.0,26,0,ACACTCCCCGTAGTCCAGGC,26,2246530
marRp,27.0,26,0,AAAGATAACGGAGTGTGTCC,26,2225922
marRp,27.0,26,0,AAAAGCAGTGATGGGTAGTG,26,2219043
marRp,26.0,25,0,TCGGTCCTCTAGTAGTTGTG,25,2252631
marRp,26.0,25,0,TCCATCACGTCTTGTGGTCT,25,2248568
marRp,26.0,25,0,CTATCTAGCTCTAGAATAAT,25,2221071
marRp,26.0,25,0,CTAGCTACGCTGGCTGCTGC,25,2227370
marRp,26.0,25,0,CCTTTTTCGCGCTGCAATGA,25,2259982
marRp,26.0,25,0,CATTGTCTTTAGCTCGAAGC,25,2228624
marRp,26.0,25,0,CAGCATGATGAACGCTCACA,25,2233460
marRp,26.0,25,0,CACCTGATAAGCTGTGGCAA,25,2243182
marRp,25.0,24,0,TCTTGACCAGGCTGAATGTG,24,2254427
marRp,25.0,24,0,TCCTCGCCTCGTAACTCAAG,24,2245390
marRp,25.0,24,0,GTGGTGCGGGAAGAGCGTGT,24,2257984
marRp,25.0,24,0,GTCTCGGCGTTGACGTCTGA,24,2239176
marRp,25.0,24,0,GTCTAGAAAGGTGACTATCC,24,2219370
marRp,25.0,24,0,GTCGTGAGAATGCAGTAAGT,24,2239283
marRp,25.0,24,0,GGTATGTAGCGAGAAGTTTG,24,2230135
marRp,25.0,24,0,GGTATCTTTACACAACGTAC,24,2228240
marRp,25.0,24,0,GGGGGGAAGATACAATAGGG,24,2244376
marRp,25.0,24,0,GCACAAGTCTAGCACTGGAC,24,2237546
marRp,25.0,24,0,GACTCTGCTTGTCGTTCCGA,24,2242548
marRp,25.0,24,0,CGGAAACAACAGATGACGAT,24,2242727
marRp,25.0,24,0,CAACTAAATTACAGAGCGTT,24,2244922
marRp,25.0,24,0,ATTTTCTCACACGGCCTTCA,24,2260403
marRp,25.0,24,0,ATTGACGACAAGGATTGGTA,24,2233809
marRp,24.0,23,0,TGTCTAGTTCTTTGTACTTA,23,2254428
marRp,24.0,23,0,TGGACGGGATCCCGATATCG,23,2219505
marRp,24.0,23,0,TGAATTTCCTCGGTGTGTGT,23,2236497
marRp,24.0,23,0,TCTCGTTGGGGTGTCCTTAT,23,2240612
marRp,24.0,23,0,GTTTCATAATAATATTTCTC,23,2250205
marRp,24.0,23,0,GGTTAAAATGAGGTGAAACC,23,2251006
marRp,24.0,23,0,GGGTAGGGACCATAGAGCCC,23,2254522
marRp,24.0,23,0,GGCAGGTTAGCGTGATCGGA,23,2243249
marRp,24.0,23,0,CGTGACTATCCTATCTTTCC,23,2244548
marRp,24.0,23,0,AGATATGTGCGCCACCCGGC,23,2242297
marRp,24.0,23,0,AAAGTGAGAAAGTACTTAGG,23,2220330
marRp,23.0,22,0,TTTCGCATCAGACTTCCAGG,22,2232127
marRp,23.0,22,0,TGTTGGATCCCCCCAGGACT,22,2257526
marRp,23.0,22,0,TGGCCGGCTCCCCGGTTAGA,22,2254692
marRp,23.0,22,0,TGAGCGTGTTGAGGATATAG,22,2232725
marRp,23.0,22,0,TCTCGATTCCGGAGGTACAG,22,2247215
marRp,23.0,22,0,TATCACCCCGCGAGTGACAA,22,2255368
marRp,23.0,22,0,GGGAGGTAGTACAAGTCTGA,22,2248578
marRp,23.0,22,0,GGAAACGGACCCGGAAGTTG,22,2233292
marRp,23.0,22,0,GCCAGCCTAGTGTCCTCGCA,22,2257592
marRp,23.0,22,0,GATGAGAGCAAAGGCGTGTG,22,2232837
marRp,23.0,22,0,CCGTCGTACGCGATGCTGTG,22,2226513
marRp,23.0,22,0,CAACAATTTAAACCAAGCAA,22,2258403
marRp,23.0,22,0,ATGGGAATACGCAAACCTCC,22,2229274
marRp,23.0,22,0,AGTCGTCATAACGAGAGCGA,22,2257753
marRp,23.0,22,0,ACTCTTCATCGAAGCCCAGG,22,2237022
marRp,23.0,22,0,ACCTGCGATACTCTGGGATC,22,2257472
marRp,22.0,21,0,TCAGTTTTTAAGGATATACC,21,2255175
marRp,22.0,21,0,GTCAGGGATACTGATATTTT,21,2256383
marRp,22.0,21,0,GGTAGGATGAGATCGGCCTT,21,2253056
marRp,22.0,21,0,GATGTATGACCAGTGTTCGG,21,2255178
marRp,22.0,21,0,GACTTCAATCGTACACGCTC,21,2249190
marRp,22.0,21,0,CCTTTCAAAAACAGGCTCTA,21,2260684
marRp,22.0,21,0,CATCTGATGAGTGCCCCGGC,21,2242216
marRp,22.0,21,0,ATCCGTTAGACGGCTATCAT,21,2240984
marRp,22.0,21,0,AGGCCGATTCTTAAGGGGGC,21,2238052
marRp,22.0,21,0,AGATTCGCCGAATACGTCCC,21,2247926
marRp,22.0,21,0,ACCACACTTCCGATTCAGAC,21,2253911
marRp,22.0,21,0,ACATCGGCCGGTGCACTATC,21,2244923
marRp,21.0,20,0,TTCCAGTGTAAAAGTCTTGA,20,2224673
marRp,21.0,20,0,TTAGGTCTAGAACTGAGGCA,20,2233235
marRp,21.0,20,0,TATGCTGATCACGGGTCAGA,20,2242407
marRp,21.0,20,0,GTTGAATTAGACGATTCGTA,20,2243875
marRp,21.0,20,0,GTTCGGGTCCATTTGGTCCC,20,2222687
marRp,21.0,20,0,GGCCGTGGGGAGCAGCCGTG,20,2256096
marRp,21.0,20,0,GCCGTCTAGAGCTGCTCCAT,20,2234611
marRp,21.0,20,0,GCCGTCTAAGTAGTGCTGCT,20,2236836
marRp,21.0,20,0,CTTTGCGTACGTTAAGTAAC,20,2220194
marRp,21.0,20,0,CGGGTAGGCGTAAACGATCG,20,2258252
marRp,21.0,20,0,CGGAGTTTGAGTAACTACGA,20,2250342
marRp,21.0,20,0,CGGAATAAGGAGCGGAGCTT,20,2226833
marRp,21.0,20,0,CCTATTGATATGGATTTGTC,20,2247598
marRp,21.0,20,0,CCATCAGGGATGACTCCATT,20,2243840
marRp,21.0,20,0,CATTTATTCCTACTATAGGA,20,2221016
marRp,21.0,20,0,CACATACTTTGCGTTTTACT,20,2242078
marRp,21.0,20,0,AGGATTTTGCTAGCTATCAC,20,2260746
marRp,21.0,20,0,ACCTAAGCGGTGCCTATCCA,20,2240701
marRp,20.0,19,0,TTGGGGTAACCGGCTCGCTT,19,2240991
marRp,20.0,19,0,TTCAGTTGCATGAAAACGGG,19,2240702
marRp,20.0,19,0,TTAGCATCGGTCACGGCCTA,19,2247890
marRp,20.0,19,0,TGGGGTAGCCAGATGATATA,19,2242575
marRp,20.0,19,0,TGCGGTAATAGGCCTGTTTA,19,2241674
marRp,20.0,19,0,TGCCTTTTTTCCGGAGGAAA,19,2247577
marRp,20.0,19,0,TCGGGGTCCCCGGTTCTAGG,19,2227096
marRp,20.0,19,0,TCCTCGAAGCAGCAAAAATA,19,2258725
marRp,20.0,19,0,GTCCATAGTTTAGATAGTTC,19,2228973
marRp,20.0,19,0,GCTATCGGATTTTCCTTGCG,19,2246378
marRp,20.0,19,0,CTCCCACCGTAGACCGCTCA,19,2255066
marRp,20.0,19,0,CGGTTGATCCGTATATCTAT,19,2243728
marRp,20.0,19,0,CGGGTGGCTACTACAACTCT,19,2254847
marRp,20.0,19,0,CACCGTGTAGGTTTCGTTTT,19,2232633
marRp,19.0,18,0,TTCCCGCGATGTATTAGAGT,18,2245519
marRp,19.0,18,0,GGCATAGTGGCTTTAAGTAA,18,2222273
marRp,19.0,18,0,GCACGCGGATAGATGTGCGG,18,2252011
marRp,19.0,18,0,GAGAGATGGAGTGAGAGTAA,18,2256586
marRp,19.0,18,0,CTCTGCCTTTTCATTCCTGT,18,2257681
marRp,19.0,18,0,CATCTTTCTTGGCCACGCAA,18,2250814
marRp,19.0,18,0,ATCTCTTGTCTAGCCGGTGG,18,2234617
marRp,18.0,17,0,TTGTCATATGTCCCCGTTTG,17,2222267
marRp,18.0,17,0,GTCATATTCTTTCCTCGAAG,17,2240264
marRp,18.0,17,0,GAGTTTCGTCCTTGTCGTGT,17,2235770
marRp,18.0,17,0,GAATCTTTGTTATTTTTCAT,17,2257960
marRp,18.0,17,0,CTTGCGTTGGATAGGGCTTG,17,2241854
marRp,18.0,17,0,ATTTAGTGTACTGTCATCGT,17,2260523
marRp,18.0,17,0,ATTAAGGCTTACGGTGCGCA,17,2233349
marRp,17.0,16,0,TGGGTCCCATCGTCGATTGA,16,2224568
marRp,17.0,16,0,GTCTCCAGGGTAATCCCTTG,16,2238279
marRp,17.0,16,0,GTCCATAGTATATCGTACAA,16,2239511
marRp,17.0,16,0,GGAAAGGAGTAGACACTTGT,16,2223664
marRp,17.0,16,0,GCCGCCATGCGAATTAGATG,16,2237741
marRp,17.0,16,0,GATCACTTCAGAATAATGGT,16,2245221
marRp,17.0,16,0,GAAACAAGAGTTAGGAACGA,16,2243924
marRp,17.0,16,0,AGGTGCCTTTTTGCTGTTAT,16,2252635
marRp,17.0,16,0,ACGTATTCATCGGTCAAAGT,16,2235385
marRp,16.0,15,0,TTCCAAACGAGACAGCCCTG,15,2249948
marRp,16.0,15,0,TCACCGGGCGGAGGGATACA,15,2243199
marRp,16.0,15,0,GTATGGCATTGGGTCCAGTA,15,2241460
marRp,16.0,15,0,GTATCGAACTGCATTCGTGC,15,2222466
marRp,16.0,15,0,GGTTGGAAAGAAGAAATGCT,15,2232533
marRp,16.0,15,0,GGGTGTCGCTTTGTATCGGT,15,2254526
marRp,16.0,15,0,GCCGTACTGGATTAAATATT,15,2245695
marRp,16.0,15,0,GATGAGATATCTTTTAAGGC,15,2237985
marRp,16.0,15,0,GAAGAGCATCTAGCCCAGGC,15,2235374
marRp,16.0,15,0,CCTAGTCACATATAATAATA,15,2254531
marRp,16.0,15,0,CATACTCATACTAAGCCTCT,15,2234991
marRp,16.0,15,0,ACTGGACTCACGATATAATT,15,2238569
marRp,16.0,15,0,ACGGAAGCGACACTCCTTTT,15,2219218
marRp,16.0,15,0,ACACGACTTATACCTTTATA,15,2233238
marRp,15.0,14,0,TTAACGGTAAGGTATAACTA,14,2234650
marRp,15.0,14,0,TGATAACAAGCTTGTTTAAA,14,2231092
marRp,15.0,14,0,GTTGGATCTTCCGTTAAGCA,14,2261052
marRp,15.0,14,0,GGGTCATTGGCTTGATGTAG,14,2241527
marRp,15.0,14,0,GAATACCCGGAGATAACTCA,14,2257664
marRp,15.0,14,0,CTTGAGGCCTGACCTGTCGG,14,2231181
marRp,15.0,14,0,CGCAACCTGGATGATTCTAT,14,2242143
marRp,15.0,14,0,CCTAGCGCACCAATCGGCCA,14,2220252
marRp,15.0,14,0,CAAACAAGCTGGCACTCGCA,14,2245690
marRp,15.0,14,0,ATTAGTAGGTGTAGTATCGC,14,2240893
marRp,15.0,14,0,ATATCCTAGGTTACGCCCCA,14,2222767
marRp,15.0,14,0,AGGACAGTATAGGGTAATTG,14,2236582
marRp,14.0,13,0,TTTTTTGATTGCAGCTAACA,13,2223802
marRp,14.0,13,0,GCTACCTGGATGTATATTTG,13,2227985
marRp,14.0,13,0,GCATGCTCATGGTGTTGCAA,13,2238892
marRp,14.0,13,0,GATGACTTGCGAGTCCACTG,13,2221213
marRp,14.0,13,0,GACTGATCATGTTCCTAGCC,13,2231373
marRp,14.0,13,0,GACACACGATGACTAGGTGA,13,2227238
marRp,14.0,13,0,CTTGTCTTCATATATTGTCT,13,2223484
marRp,14.0,13,0,CTTCGCGTAGTGAAGTACTC,13,2254141
marRp,14.0,13,0,CGACAATTTCAACTCTACCG,13,2257412
marRp,14.0,13,0,CATACACGCGCCGAGTTTAT,13,2222785
marRp,14.0,13,0,ATGGCTTCCGCCACTATGCC,13,2238918
marRp,14.0,13,0,ATGCTGAGTCTTTGGCTACG,13,2257419
marRp,14.0,13,0,ATGCGCGCTGTCTGTCAGGC,13,2237385
marRp,14.0,13,0,AGTAAATTTTCCGAAGGCCG,13,2225404
marRp,14.0,13,0,ACCCGCCGCGGTAAAAGGGT,13,2245992
marRp,14.0,13,0,AACTAAATGGGTACATTTTG,13,2223847
marRp,13.0,12,0,TTTATGTTGTAGGGTTACAA,12,2249480
marRp,13.0,12,0,TAAAATGACTCGAGGCATGT,12,2229855
marRp,13.0,12,0,GTATGGGTGGGGTCGTCTTG,12,2253431
marRp,13.0,12,0,GTAAGCTTGCTGTGACGAGT,12,2238549
marRp,13.0,12,0,GGCTCGGAGCCGAGTTAACA,12,2245038
marRp,13.0,12,0,GAGATTTACCCGTCACGTAC,12,2247701
marRp,13.0,12,0,CTTCTGGGTCTCGCACAAAT,12,2242922
marRp,13.0,12,0,CTGCGAATGTGTAGCATGGT,12,2247120
marRp,13.0,12,0,CCGTAAAGTAAACTATCATC,12,2256181
marRp,13.0,12,0,AGTCCGAACTTAGCGGGGCG,12,2238164
marRp,13.0,12,0,ACAATTCAAGCAACTAGACT,12,2240579
marRp,13.0,12,0,AATTAGTCATGGACAAAACC,12,2259145
marRp,13.0,12,0,AAGGCCTCTTTTAGTGTCAA,12,2224288
marRp,12.0,11,0,TTATGTGGACGCTATCGGTC,11,2241210
marRp,12.0,11,0,GTTGAGGAGCTGCAAAACCT,11,2227334
marRp,12.0,11,0,GTAGAGCAGGTCTAAGAACG,11,2242377
marRp,12.0,11,0,GGGGCACCTTTTCATATGCT,11,2239696
marRp,12.0,11,0,GGATACAAATCGCTCCTCAT,11,2226507
marRp,12.0,11,0,GGAGAGCGGGACCCCCATAC,11,2240495
marRp,12.0,11,0,GAAACGCGACAGCGGAAGGT,11,2255316
marRp,12.0,11,0,CTCTGGGACATCAGAACCTC,11,2260149
marRp,12.0,11,0,CTCTGATCGTAGTATCCGGG,11,2260225
marRp,12.0,11,0,CGAACTGTCAGTATTGTCTC,11,2241045
marRp,12.0,11,0,AGAGCTGCCCTGTCGAAGGA,11,2227756
marRp,12.0,11,0,AAATTAGTAACCCGCTCTCT,11,2220955
marRp,11.0,10,0,TGGTGGTCTCAAAAAAGTTA,10,2228275
marRp,11.0,10,0,TCCATTATTTATTATGGGTA,10,2256806
marRp,11.0,10,0,TAGACCTGGGAGGCTCATTA,10,2243878
marRp,11.0,10,0,TAAAGGTTAGTGGTACCCCG,10,2224917
marRp,11.0,10,0,GTAAGCTTCTTGAGGCCTAT,10,2253900
marRp,11.0,10,0,GCTTCGATTAATGGGCCTAA,10,2244620
marRp,11.0,10,0,GCTCTGGCGGGCCGTGAATT,10,2238455
marRp,11.0,10,0,GCCCATAAGTGCCCCAAAGA,10,2217957
marRp,11.0,10,0,CGTCTATATAGAAGGCCTGG,10,2256615
marRp,11.0,10,0,ATCACAGATTGAATCGAAAC,10,2223270
marRp,11.0,10,0,AGTAATAGTTTAAGCATAAG,10,2228587
marRp,11.0,10,0,AAACCTCGCTCGAGAGAAAA,10,2223377
marRp,10.0,9,0,TCACATAAAGCCTTCCGCGG,9,2250705
marRp,10.0,9,0,TAAAAATGAATACATCGCCA,9,2228250
marRp,10.0,9,0,GTTATGTGGGGCTAAACTTA,9,2254752
marRp,10.0,9,0,GGTACCTGCATATTGGCTAT,9,2218092
marRp,10.0,9,0,GGGACCGACCCCTTTTCCCT,9,2222966
marRp,10.0,9,0,GAGTTATGAGGCAATGGGCA,9,2219119
marRp,10.0,9,0,GACCAGGCAGCCACTAGCGA,9,2250158
marRp,10.0,9,0,CTGGAACTGCCCCACTAATA,9,2241396
marRp,10.0,9,0,CACAAACAAAGAGCTACAGA,9,2228457
marRp,10.0,9,0,ATCAAAAGGGTTAATAGGGG,9,2243375
marRp,9.0,8,0,TCGCAGCGAGATTGGACCCT,8,2250066
marRp,9.0,8,0,TAATTTGGCATCGGATTCCC,8,2232414
marRp,9.0,8,0,CATTGTCGCCTGGACAATCG,8,2238603
marRp,9.0,8,0,ATTGCGTTAATCTTCCCCAG,8,2231037
marRp,9.0,8,0,ATCCGCGGAATGTGAAGATG,8,2237478
marRp,9.0,8,0,ATCCAAAAAGGCTGCCCGCC,8,2230428
marRp,9.0,8,0,ATAAACGTTAGCCTTCCCTG,8,2244594
marRp,8.0,7,0,TATAAACCGATCCTTCTCAA,7,2221807
marRp,8.0,7,0,TACTAGGTGGACAAACCAGG,7,2251231
marRp,8.0,7,0,CTCTGATCCATGCTTCTCAT,7,2245007
marRp,8.0,7,0,CGCCCCTTGTCTTCGGCTCC,7,2222876
marRp,8.0,7,0,CATGGGTTATATAGCCTAGA,7,2222923
marRp,8.0,7,0,ATGTGTTAAGTCCCGGTAGT,7,2219211
marRp,8.0,7,0,ATCCTACAGGCGCTGGAATA,7,2236835
marRp,8.0,7,0,AGCCGTATTCTTTCGTAGCC,7,2246374
marRp,8.0,7,0,ACACCTCGTACCTCAGCACC,7,2221573
marRp,7.0,6,0,TTTGACGAGGTAATACAATT,6,2253518
marRp,7.0,6,0,TTGTATTGAACATTACGTTT,6,2256694
marRp,7.0,6,0,TGTTTTGGTTCAGATACAGT,6,2250166
marRp,7.0,6,0,TCGTCACATCGATCATCATG,6,2241509
marRp,7.0,6,0,TAGCCTAGCTAAGCGGGTGC,6,2223429
marRp,7.0,6,0,TAAATCTAGGTCTGAATGGG,6,2260896
marRp,7.0,6,0,GGACACGCCGTTTAATAGTT,6,2240011
marRp,7.0,6,0,CCTATTTGCTTGGCTTAAAC,6,2221902
marRp,7.0,6,0,CATTGAACGGGCTTCAGAAG,6,2229096
marRp,7.0,6,0,ATTCTAGTATCGGATTGGAT,6,2223669
marRp,7.0,6,0,ATGTTGCCTTGAGTGTCGAT,6,2217818
marRp,7.0,6,0,AAATATTGTATATGACTAAC,6,2243678
marRp,6.0,5,0,TTGTTAATATCGACTAACCA,5,2243368
marRp,6.0,5,0,TGTATATAGCGTAAAACGCC,5,2253021
marRp,6.0,5,0,GCAAATACAGAAGCACTCTC,5,2219825
marRp,6.0,5,0,GAGTATTCGGGTACGCTTGT,5,2257045
marRp,6.0,5,0,CGTTTTATATGGTATGAAAC,5,2246712
marRp,6.0,5,0,CGCAGGGGGTCATTGATAGG,5,2229632
marRp,6.0,5,0,ATTTTGCTTATCGAGTCTCT,5,2219777
marRp,5.0,4,0,TTCACGGAGATAGTGATATT,4,2242167
marRp,5.0,4,0,TGCTCCTCAGAGTATGGCAT,4,2238214
marRp,5.0,4,0,TCTTGTACCGATGAGTATTG,4,2240021
marRp,5.0,4,0,AGCAGAGTGAAACTCACCGA,4,2240717
marRp,4.0,3,0,GGGTCATATAATCGTAATAT,3,2224340
marRp,4.0,3,0,ATTCCGAGATACGGTGCAGC,3,2235980
marRp,4.0,3,0,ATATTGAGCTTGCTATGGGG,3,2241103
marRp,3.0,2,0,TGCTCCCATATAAGACGGAC,2,2242372
marRp,3.0,2,0,TCGTATCAGCTATGCACACT,2,2258703
marRp,3.0,2,0,TATAAAGCCCTCCACTAGGA,2,2229094
marRp,3.0,2,0,TAAATCCACTGTTTTATGCT,2,2239415
marRp,3.0,2,0,GTAATCGTGTTGCTGGAACT,2,2260398
marRp,3.0,2,0,GCATACTGGTTAAGCATACT,2,2247067
marRp,3.0,2,0,CTGATGCGCAGGCAACGGGG,2,2253059
marRp,3.0,2,0,CCACGAAGCAAAGCGACTTA,2,2228758
marRp,3.0,2,0,AGCTTTAAAGAATGGCCCAC,2,2231798
marRp,3.0,2,0,ACATGAAGCGCTGCCAGATA,2,2256866
marRp,3.0,2,0,ACATAGGTCTTTCTCGGTGG,2,2249162
marRp,2.0,1,0,TTATCATACTGGGACAAAAA,1,2222170
marRp,2.0,1,0,TTACTAGGCTTGATCTATCT,1,2249758
marRp,2.0,1,0,TGGTCCTTATAAATTTATCA,1,2225184
marRp,2.0,1,0,TACGTGAGGTTCGCGTTATC,1,2240976
marRp,2.0,1,0,TACACTGAGCTTAATGAAGC,1,2243265
marRp,2.0,1,0,GTTCGACGTAGGGACCCACC,1,2251999
marRp,2.0,1,0,GTGTGTTCTTTCCTTCATGT,1,2254968
marRp,2.0,1,0,GTAATTGCTGCCCGGGCGTA,1,2239963
marRp,2.0,1,0,GTAACGGTGTTCAACCAGCG,1,2218060
marRp,2.0,1,0,GGAAAGGTCGCAATCAGCGC,1,2234811
marRp,2.0,1,0,GCTTCTACAACGAAGAGATT,1,2223999
marRp,2.0,1,0,GCGTAAGTAGGTCGTTTCAG,1,2218797
marRp,2.0,1,0,GCGATCTCACGTAAGTTGCT,1,2248733
marRp,2.0,1,0,GATCCCACGGTAACCCTAAG,1,2226476
marRp,2.0,1,0,CTTTGGGCTATCAAAGGCAA,1,2218153
marRp,2.0,1,0,CTTGGCTCCTCCGTGGCATG,1,2240625
marRp,2.0,1,0,CTGTTTGTTCTACATATTTA,1,2227008
marRp,2.0,1,0,CTGAGGTCATGGAAAATCAG,1,2241729
marRp,2.0,1,0,CTCTGCACGATTTTAAAAAG,1,2238740
marRp,2.0,1,0,CTCATGATTAGGAAGCAGGA,1,2244163
marRp,2.0,1,0,CTATAACTTAACGGGCTGGC,1,2248514
marRp,2.0,1,0,CCTTACGCATTTCCCAACTT,1,2256967
marRp,2.0,1,0,CCTAGCCGGGCATCGCTACA,1,2256998
marRp,2.0,1,0,CATTATAATATTAAGGTTTA,1,2233241
marRp,2.0,1,0,CATCGTTACCATCTACGGCG,1,2236499
marRp,2.0,1,0,CATATGTCGCATAATTTACC,1,2238953
marRp,2.0,1,0,CAAGGGTGATAGACAACACC,1,2238288
marRp,2.0,1,0,ATTGATAAACGATGAGATCG,1,2248565
marRp,2.0,1,0,ATCTGGAGAGCAGAGTTGTT,1,2238312
marRp,2.0,1,0,AGAGTGCTCGCTCTCCGCCG,1,2226823
marRp,2.0,1,0,AAGCTTTAGACGCAATTAAG,1,2255183
marRp,2.0,1,0,AACCTGGCGTGGGGTTTTTC,1,2258443
