name,relative_counts,ct,ct_0,barcode,ct_1,barcode_ind
yadL_yadM_yadC_yadK_predicted,0.706140350877193,776,455,CGCCAGGCTGATTAGTGTTC,321,4377484
yadL_yadM_yadC_yadK_predicted,0.967741935483871,303,154,AGGCCTAATTAGTCTGCCGA,149,4370225
yadL_yadM_yadC_yadK_predicted,0.18691588785046728,125,106,AGGTGAATACGTGACACTTT,19,4370244
yadL_yadM_yadC_yadK_predicted,1.074468085106383,193,93,AATAGTGGCAAGCAACTCGA,100,4370321
yadL_yadM_yadC_yadK_predicted,0.3058823529411765,109,84,AAAACCAACTTTTACTAGAT,25,4370397
yadL_yadM_yadC_yadK_predicted,0.2727272727272727,96,76,CGGAGTGGTTCAGTCAGGCT,20,4370683
yadL_yadM_yadC_yadK_predicted,0.64,121,74,GGCAGTTGAGTTAGCGTAGT,47,4371457
yadL_yadM_yadC_yadK_predicted,0.6533333333333333,122,74,GAATAAAGGCGCCACCTGGA,48,4391811
yadL_yadM_yadC_yadK_predicted,2.25,232,71,TGCCACAGATTCACAGCCGG,161,4371073
yadL_yadM_yadC_yadK_predicted,0.07042253521126761,74,70,GTTGGTCGTAGCCCGCGCGA,4,4371238
yadL_yadM_yadC_yadK_predicted,0.18309859154929578,82,70,GAAATGACCATGCAAAATAG,12,4375139
yadL_yadM_yadC_yadK_predicted,1.4142857142857144,167,69,CTTGTGCGGGGTTTGGTGAT,98,4370730
yadL_yadM_yadC_yadK_predicted,0.8939393939393939,123,65,TATGTTGCAGTTGATCGTTG,58,4394902
yadL_yadM_yadC_yadK_predicted,0.46153846153846156,93,64,ATTGCGGTCGGTGGTAGGAC,29,4376266
yadL_yadM_yadC_yadK_predicted,0.031746031746031744,63,62,GACTTGTTATTAGCCCCCCA,1,4396788
yadL_yadM_yadC_yadK_predicted,1.746031746031746,171,62,ATCTAACAGTAGCCTTACTT,109,4371858
yadL_yadM_yadC_yadK_predicted,1.935483870967742,180,61,CGCTGCATCGACACGTGGGG,119,4391352
yadL_yadM_yadC_yadK_predicted,0.12903225806451613,68,61,ACAGACCATCAACTCACTGA,7,4372911
yadL_yadM_yadC_yadK_predicted,0.9836065573770492,119,60,GTAATTAACTAGAGGGGAAT,59,4377774
yadL_yadM_yadC_yadK_predicted,1.1,124,59,GCGTTCAGGTTGTTACGCGA,65,4386867
yadL_yadM_yadC_yadK_predicted,0.1694915254237288,67,58,TTCATGGACGACCCTAAGGC,9,4371337
yadL_yadM_yadC_yadK_predicted,0.3220338983050847,76,58,CTCAGGTTAGCCGCGCGGTG,18,4385908
yadL_yadM_yadC_yadK_predicted,0.864406779661017,108,58,CAGGGCCAATGTGTTTCGTT,50,4393506
yadL_yadM_yadC_yadK_predicted,1.1551724137931034,123,57,CCTACGGCATAAACGATTAC,66,4375544
yadL_yadM_yadC_yadK_predicted,2.8421052631578947,217,56,GTATTGCTCCCGCGAACTGG,161,4383705
yadL_yadM_yadC_yadK_predicted,0.631578947368421,91,56,GCGGGACATTATTAGACTGT,35,4379007
yadL_yadM_yadC_yadK_predicted,0.9122807017543859,107,56,GAGGCTTTGGTACTGAACAG,51,4385198
yadL_yadM_yadC_yadK_predicted,0.05263157894736842,58,56,CTTGCTGACGTAGATGAAGT,2,4388712
yadL_yadM_yadC_yadK_predicted,0.6666666666666666,93,56,CTATCCCTGCAACACTAGGT,37,4379910
yadL_yadM_yadC_yadK_predicted,1.0175438596491229,113,56,CATTTCGCCAAAGAACGTGT,57,4374298
yadL_yadM_yadC_yadK_predicted,0.8392857142857143,101,55,CTCGGCCTCCTTAGGGCACA,46,4370729
yadL_yadM_yadC_yadK_predicted,0.6727272727272727,90,54,GGCAAGCATGCGTTATGCTG,36,4371007
yadL_yadM_yadC_yadK_predicted,0.03636363636363636,55,54,GCTGACCAGGGTGGATGGGT,1,4393412
yadL_yadM_yadC_yadK_predicted,0.8,97,54,CTGGGAATGTGACTATTGTA,43,4380424
yadL_yadM_yadC_yadK_predicted,0.6727272727272727,90,54,CGGTGGTCACATAGGTGAAT,36,4377268
yadL_yadM_yadC_yadK_predicted,1.9811320754716981,156,52,CAAGGCGAATCCCGTGTGGC,104,4370892
yadL_yadM_yadC_yadK_predicted,1.3269230769230769,119,51,TTGCCCATGAAACCTAAACT,68,4386836
yadL_yadM_yadC_yadK_predicted,1.1153846153846154,108,51,CCAACCCTAAGAGAGCTGCG,57,4380425
yadL_yadM_yadC_yadK_predicted,0.21153846153846154,61,51,ATTGGGTGGTCATCCTGCAA,10,4398707
yadL_yadM_yadC_yadK_predicted,0.45098039215686275,72,50,TTGCGAGGATTGATAATCCC,22,4370612
yadL_yadM_yadC_yadK_predicted,1.0784313725490196,104,50,TCGTATTCCTGTCCAAGGAG,54,4378437
yadL_yadM_yadC_yadK_predicted,1.0196078431372548,101,50,GTTATTGGGCCATGGAGTGT,51,4371549
yadL_yadM_yadC_yadK_predicted,0.5686274509803921,78,50,GCAGTGCCGTGTACGATGTT,28,4376659
yadL_yadM_yadC_yadK_predicted,0.5294117647058824,76,50,ACTGCGGATTCTAATAAGCT,26,4372349
yadL_yadM_yadC_yadK_predicted,0.36,66,49,TTTGAGGGCGCTTCGGTGAA,17,4375999
yadL_yadM_yadC_yadK_predicted,0.84,90,49,GTCTAAGCTATTATCGGCAA,41,4374894
yadL_yadM_yadC_yadK_predicted,0.64,80,49,CCAGTACGCCGACTGCTCAC,31,4400354
yadL_yadM_yadC_yadK_predicted,0.86,91,49,AGCGTCAAGTAAGATCCGCT,42,4374385
yadL_yadM_yadC_yadK_predicted,0.1836734693877551,56,48,TTCTCGAACAGTGAGTGCCA,8,4371600
yadL_yadM_yadC_yadK_predicted,0.40816326530612246,67,48,TGACGGGGTCACCGTACAAT,19,4394518
yadL_yadM_yadC_yadK_predicted,1.3125,109,47,TAGAAGCCTGTATCACCGTT,62,4387928
yadL_yadM_yadC_yadK_predicted,0.1875,55,47,CTAATACCTTTAGGTGACAT,8,4391730
yadL_yadM_yadC_yadK_predicted,1.25,106,47,ACCCTTCGGGTAGAACACTG,59,4374743
yadL_yadM_yadC_yadK_predicted,1.5106382978723405,116,46,CTCAAATAAACACAAAGGTA,70,4371312
yadL_yadM_yadC_yadK_predicted,1.6382978723404256,122,46,CAGAATTTACGTTGGTGCGG,76,4377543
yadL_yadM_yadC_yadK_predicted,2.6595744680851063,170,46,ACAGTAGGATTGCCTATACA,124,4376452
yadL_yadM_yadC_yadK_predicted,0.48936170212765956,68,46,ACAAGGGTAGAGGTAGTGTT,22,4382593
yadL_yadM_yadC_yadK_predicted,0.8695652173913043,84,45,TGTAGTTGTCTAAGATGTGC,39,4375183
yadL_yadM_yadC_yadK_predicted,1.326086956521739,105,45,TCCAGGGGGGCGTAAGTCGC,60,4381785
yadL_yadM_yadC_yadK_predicted,0.17391304347826086,52,45,TCACAAAGACGGACGACGAC,7,4375495
yadL_yadM_yadC_yadK_predicted,1.1304347826086956,96,45,GTAACAGTCGGAGTATCAGA,51,4386297
yadL_yadM_yadC_yadK_predicted,1.891304347826087,131,45,CGCAAGTTTCAAAAGGGTGG,86,4388156
yadL_yadM_yadC_yadK_predicted,1.065217391304348,93,45,CAACATCTAGGCAGAGTCTG,48,4393007
yadL_yadM_yadC_yadK_predicted,0.43478260869565216,64,45,AGTCCCTCCCCCTTGATGTT,19,4371499
yadL_yadM_yadC_yadK_predicted,1.4444444444444444,108,44,TCTTTCAATGCCTGGTTAGT,64,4372804
yadL_yadM_yadC_yadK_predicted,0.4888888888888889,65,44,TCTTTAGCTATCCCGCTTGT,21,4375293
yadL_yadM_yadC_yadK_predicted,2.4,151,44,GCTATTAACGAGAATTCTAG,107,4387694
yadL_yadM_yadC_yadK_predicted,0.13333333333333333,49,44,CTCCACCGGAGTACCATTGC,5,4372257
yadL_yadM_yadC_yadK_predicted,0.8222222222222222,80,44,CTCAGGTTCGGCCCAATGCT,36,4390359
yadL_yadM_yadC_yadK_predicted,3.977777777777778,222,44,AGGTTCCAGTGCAAGCGTAA,178,4377943
yadL_yadM_yadC_yadK_predicted,1.488888888888889,110,44,ACGGTGGGGTCCCAGGACAC,66,4385249
yadL_yadM_yadC_yadK_predicted,0.045454545454545456,44,43,TGGGACAACCCGGCCCGCGA,1,4377560
yadL_yadM_yadC_yadK_predicted,1.4772727272727273,107,43,TCTAGCTGGTCCTTCAATAT,64,4374602
yadL_yadM_yadC_yadK_predicted,1.8636363636363635,124,43,GGCTCTCTTGGAGACGCGAC,81,4374234
yadL_yadM_yadC_yadK_predicted,0.25,53,43,GGACCTATACAAGAGAACCT,10,4370661
yadL_yadM_yadC_yadK_predicted,0.18181818181818182,50,43,GCGCTTCTGAACCCGCGCAT,7,4392577
yadL_yadM_yadC_yadK_predicted,0.9545454545454546,84,43,GCAACGTTGGGGACTTAAGA,41,4393066
yadL_yadM_yadC_yadK_predicted,0.11363636363636363,47,43,CGGTAGGAGTAAGATCTCTT,4,4397198
yadL_yadM_yadC_yadK_predicted,0.5227272727272727,65,43,CAGATAAGGGGCATACGACT,22,4372649
yadL_yadM_yadC_yadK_predicted,1.069767441860465,87,42,TTTGTGCAGACATCCGCTCA,45,4377478
yadL_yadM_yadC_yadK_predicted,1.1395348837209303,90,42,GTGCCTGCCCTCACAAACGA,48,4386010
yadL_yadM_yadC_yadK_predicted,0.5581395348837209,65,42,GGATGATGTGTGGATCATAA,23,4378129
yadL_yadM_yadC_yadK_predicted,1.255813953488372,95,42,CGTGTCGCCCGTGTAACAAT,53,4389117
yadL_yadM_yadC_yadK_predicted,2.2093023255813953,136,42,CGTATTGGGCTTAATTCTTG,94,4398398
yadL_yadM_yadC_yadK_predicted,0.627906976744186,68,42,ACTGCGGTCCTCGAGACGAC,26,4375635
yadL_yadM_yadC_yadK_predicted,0.42857142857142855,58,41,TGATTACTATTACCATAGTC,17,4375121
yadL_yadM_yadC_yadK_predicted,1.9523809523809523,122,41,GCTCGGACCCCTGCCCTTGA,81,4376540
yadL_yadM_yadC_yadK_predicted,0.047619047619047616,42,41,GCGACGGCGGCATTTGAAAG,1,4381893
yadL_yadM_yadC_yadK_predicted,0.7619047619047619,72,41,CGCAGCGGCGCGACATCGAT,31,4371240
yadL_yadM_yadC_yadK_predicted,1.880952380952381,119,41,CGAGTTTGATACGAGCTTCC,78,4370400
yadL_yadM_yadC_yadK_predicted,1.9047619047619047,120,41,CCGAGGAAAGACTAAACGGT,79,4382742
yadL_yadM_yadC_yadK_predicted,1.4761904761904763,102,41,CACACAGTATCGTTTCAAAA,61,4392193
yadL_yadM_yadC_yadK_predicted,1.119047619047619,87,41,ATGCGATTCTATGCCAGAAA,46,4378212
yadL_yadM_yadC_yadK_predicted,0.5365853658536586,61,40,TTTCAGCCTCTGCCCAAGCA,21,4373416
yadL_yadM_yadC_yadK_predicted,1.4390243902439024,98,40,GTATTGTCTGCTTCGCCCGA,58,4375166
yadL_yadM_yadC_yadK_predicted,0.07317073170731707,42,40,GCTAGTTGTTATTTTGCAAC,2,4386477
yadL_yadM_yadC_yadK_predicted,0.975609756097561,79,40,CTACAACCGATAAATTTAAT,39,4393938
yadL_yadM_yadC_yadK_predicted,1.2682926829268293,91,40,CGTATGGCAGGATTGGCCCT,51,4396160
yadL_yadM_yadC_yadK_predicted,0.4878048780487805,59,40,CCCTTCTCGGATAGGCTTTC,19,4376247
yadL_yadM_yadC_yadK_predicted,0.2682926829268293,50,40,AGCTCCAATCACCATATGTT,10,4397860
yadL_yadM_yadC_yadK_predicted,0.04878048780487805,41,40,ACTAGCCGAGGCGACAAGGT,1,4378492
yadL_yadM_yadC_yadK_predicted,2.6097560975609757,146,40,ACCACCCTTCATCCTATGCA,106,4375244
yadL_yadM_yadC_yadK_predicted,0.05,40,39,TGGCTAGCCGTGCCAACTAA,1,4377901
yadL_yadM_yadC_yadK_predicted,0.7,66,39,GGTCAACAGTACCCGCACAC,27,4379519
yadL_yadM_yadC_yadK_predicted,0.975,77,39,GGAGGTAGTTTGAGATTATC,38,4379628
yadL_yadM_yadC_yadK_predicted,0.1,42,39,GCTGTCTCTTATCGTTTCTA,3,4374300
yadL_yadM_yadC_yadK_predicted,1.425,95,39,GCGCAGGCTTGGGTACGGTA,56,4374242
yadL_yadM_yadC_yadK_predicted,0.8,70,39,GCCGTGTCCGGATCCGGGCT,31,4371522
yadL_yadM_yadC_yadK_predicted,1.125,83,39,GAGGGTCTTATATGTCACGT,44,4382900
yadL_yadM_yadC_yadK_predicted,0.375,53,39,CCTTGTAGAGCGATAAAGGA,14,4377361
yadL_yadM_yadC_yadK_predicted,0.775,69,39,AGGTCCCTTAACTATAGATG,30,4392585
yadL_yadM_yadC_yadK_predicted,0.875,73,39,ACCGAGTCCTTTCGACCATG,34,4398895
yadL_yadM_yadC_yadK_predicted,0.46153846153846156,55,38,TGTCCGGTTAGGCCCGTCTA,17,4380322
yadL_yadM_yadC_yadK_predicted,0.8717948717948718,71,38,TGCAAACCTTCATCAGGTAC,33,4371869
yadL_yadM_yadC_yadK_predicted,1.6153846153846154,100,38,GACAGGAAGAATCCACGTAG,62,4389622
yadL_yadM_yadC_yadK_predicted,0.48717948717948717,56,38,CTTACGTTTCACTTGGAATG,18,4385857
yadL_yadM_yadC_yadK_predicted,0.4358974358974359,54,38,CTATTGGACCTCGCCTTTAC,16,4385859
yadL_yadM_yadC_yadK_predicted,0.1282051282051282,42,38,CCATGTTTATGGGTGGCCAT,4,4399895
yadL_yadM_yadC_yadK_predicted,0.46153846153846156,55,38,AGGATCATCACTTTTGGTCG,17,4371550
yadL_yadM_yadC_yadK_predicted,2.282051282051282,126,38,ACCCGTTAACAATTGTGGGA,88,4370745
yadL_yadM_yadC_yadK_predicted,2.5384615384615383,136,38,ACACGATCCTGCCATGGCTC,98,4377561
yadL_yadM_yadC_yadK_predicted,0.9210526315789473,71,37,TACTGCTAGGACTTGACTAG,34,4394026
yadL_yadM_yadC_yadK_predicted,1.263157894736842,84,37,TACGGCCCCGATTGTGTAGG,47,4381610
yadL_yadM_yadC_yadK_predicted,4.473684210526316,206,37,GTAAGACCACAAGTCTGACA,169,4381999
yadL_yadM_yadC_yadK_predicted,1.394736842105263,89,37,GGTTAGTCCTAGTCCGGGAT,52,4373734
yadL_yadM_yadC_yadK_predicted,2.289473684210526,123,37,GCATGTAGCTCATAGCGGAT,86,4370930
yadL_yadM_yadC_yadK_predicted,1.5526315789473684,95,37,GACCCATCCTGCCGCCACCT,58,4385358
yadL_yadM_yadC_yadK_predicted,3.526315789473684,170,37,CTGGCGAACGAGGTCTTGTG,133,4398666
yadL_yadM_yadC_yadK_predicted,0.631578947368421,60,37,CGCTTAGCGACAAACTGCAA,23,4372568
yadL_yadM_yadC_yadK_predicted,1.2105263157894737,82,37,CCTTTTTGTAGGCGCAGGAA,45,4384438
yadL_yadM_yadC_yadK_predicted,0.868421052631579,69,37,CCTTGCCGGCCTCAGTCGTT,32,4382951
yadL_yadM_yadC_yadK_predicted,1.394736842105263,89,37,CCCCGTGTACTTCTCCGTCT,52,4398683
yadL_yadM_yadC_yadK_predicted,1.9736842105263157,111,37,AGGATATATTGCCTCCCGCG,74,4376365
yadL_yadM_yadC_yadK_predicted,0.5945945945945946,57,36,TTTATGTACTTAATGAGCGT,21,4370454
yadL_yadM_yadC_yadK_predicted,0.6756756756756757,60,36,GGCAGTGGACTCCCTGTGGA,24,4394844
yadL_yadM_yadC_yadK_predicted,1.6756756756756757,97,36,CTCGAACACCGCAACAGGGT,61,4396310
yadL_yadM_yadC_yadK_predicted,0.6216216216216216,58,36,CCGCATATGCCAGCCTACGC,22,4378352
yadL_yadM_yadC_yadK_predicted,2.2432432432432434,118,36,CATCCGGCTAACGTCCATTT,82,4384646
yadL_yadM_yadC_yadK_predicted,0.6216216216216216,58,36,CAGAGCACAGGTTCCTACGT,22,4400911
yadL_yadM_yadC_yadK_predicted,0.2702702702702703,45,36,CAATTAGCTTTAGCTGCGGA,9,4379712
yadL_yadM_yadC_yadK_predicted,0.40540540540540543,50,36,ATTGGTAGCGTTCGAGCTTA,14,4371143
yadL_yadM_yadC_yadK_predicted,0.5675675675675675,56,36,AGGTGTAGCCAGTGTAAAGC,20,4390226
yadL_yadM_yadC_yadK_predicted,0.6216216216216216,58,36,AGCCCGCAAAAGCGCGCCGT,22,4387728
yadL_yadM_yadC_yadK_predicted,0.9166666666666666,67,35,TTTGCGATTGCTTAGAATTT,32,4390934
yadL_yadM_yadC_yadK_predicted,1.0833333333333333,73,35,GTTAACCCAGCATGGAACAT,38,4372872
yadL_yadM_yadC_yadK_predicted,1.0277777777777777,71,35,GAGGTCTTTATTGGTGTATC,36,4384470
yadL_yadM_yadC_yadK_predicted,0.8055555555555556,63,35,ATCGGGCAAATTATAAACGA,28,4385869
yadL_yadM_yadC_yadK_predicted,0.7222222222222222,60,35,ACTTATACGCAGGCTAGGGT,25,4398708
yadL_yadM_yadC_yadK_predicted,0.05555555555555555,36,35,AACTGCGCACTCTCGACCCG,1,4394392
yadL_yadM_yadC_yadK_predicted,0.05714285714285714,35,34,TGTTACAGTTACAGGAGATT,1,4390825
yadL_yadM_yadC_yadK_predicted,2.4857142857142858,120,34,GTCAATAATCTATTTACTTG,86,4379044
yadL_yadM_yadC_yadK_predicted,1.5714285714285714,88,34,GGTGTAGCAGAAGCATACCT,54,4385271
yadL_yadM_yadC_yadK_predicted,0.6571428571428571,56,34,GCGTAGGGGCGTAGCTAGGG,22,4378025
yadL_yadM_yadC_yadK_predicted,1.5142857142857142,86,34,GCATAGGAAATATAGCAGTT,52,4399292
yadL_yadM_yadC_yadK_predicted,2.9714285714285715,137,34,CTTTCTGATATCGCTTACGA,103,4401933
yadL_yadM_yadC_yadK_predicted,1.1428571428571428,73,34,CTTGGGCGATCTATTGCTTA,39,4372308
yadL_yadM_yadC_yadK_predicted,1.6,89,34,CCTTTTAGACGAATAGTTAC,55,4370113
yadL_yadM_yadC_yadK_predicted,1.0857142857142856,71,34,CACCCCAACAAACGGGTGGA,37,4390635
yadL_yadM_yadC_yadK_predicted,1.1714285714285715,74,34,ATGCCGCTAGTAATGAGGAG,40,4380633
yadL_yadM_yadC_yadK_predicted,0.9428571428571428,66,34,AAACTCCTCTAATTTCGGCA,32,4385415
yadL_yadM_yadC_yadK_predicted,0.08571428571428572,36,34,AAACCCGGAAGGGTTGCCAG,2,4382315
yadL_yadM_yadC_yadK_predicted,1.4411764705882353,81,33,TTCTTACACCAGCCTGTACA,48,4370708
yadL_yadM_yadC_yadK_predicted,0.058823529411764705,34,33,TGCCTTCCCTGGGACTACTT,1,4370561
yadL_yadM_yadC_yadK_predicted,0.6470588235294118,54,33,GCTGGGAAAGGGTGACAGGT,21,4380475
yadL_yadM_yadC_yadK_predicted,0.5,49,33,GAGCAGGCAACTGGGGCCAA,16,4398410
yadL_yadM_yadC_yadK_predicted,1.1176470588235294,70,33,CTTTATGAGGAACCTCAGCC,37,4375388
yadL_yadM_yadC_yadK_predicted,1.5294117647058822,84,33,CTAGAATCCATGGCACTTTG,51,4375885
yadL_yadM_yadC_yadK_predicted,1.3529411764705883,78,33,CAGAGTTCTTAGAACTTGTA,45,4375681
yadL_yadM_yadC_yadK_predicted,0.17647058823529413,38,33,CAATGCGACCAGACGCCAGA,5,4374773
yadL_yadM_yadC_yadK_predicted,0.6764705882352942,55,33,CAACGGGTCGTAATGCAGTC,22,4385017
yadL_yadM_yadC_yadK_predicted,0.9705882352941176,65,33,ATCCTCTAGGAAATGAGAGC,32,4372428
yadL_yadM_yadC_yadK_predicted,2.9705882352941178,133,33,AGTTCCGGAGGGTTCTGTGC,100,4380959
yadL_yadM_yadC_yadK_predicted,0.20588235294117646,39,33,AGTACCCGCGGCATTTGTTT,6,4401585
yadL_yadM_yadC_yadK_predicted,1.6363636363636365,85,32,TTTACCTAAATCCGTCCAGA,53,4392894
yadL_yadM_yadC_yadK_predicted,0.06060606060606061,33,32,TTCGTGTTAAGCGTGCGGGA,1,4375926
yadL_yadM_yadC_yadK_predicted,1.5454545454545454,82,32,TGGGGGTTACTGGGTAACGG,50,4390527
yadL_yadM_yadC_yadK_predicted,0.42424242424242425,45,32,TGACAGTTTAAATAGGACCC,13,4390278
yadL_yadM_yadC_yadK_predicted,0.9696969696969697,63,32,GGTGAGAGTATGGGTCGTGA,31,4384401
yadL_yadM_yadC_yadK_predicted,1.2121212121212122,71,32,GGGTATCGGGCATCGAGTTG,39,4383854
yadL_yadM_yadC_yadK_predicted,0.18181818181818182,37,32,GGGCTTTTACTTTTGTAAGC,5,4372534
yadL_yadM_yadC_yadK_predicted,0.9696969696969697,63,32,GAGGGCTATAGACTAATCGG,31,4393750
yadL_yadM_yadC_yadK_predicted,0.06060606060606061,33,32,GAGCATCGACATTCCTCAGT,1,4377828
yadL_yadM_yadC_yadK_predicted,1.303030303030303,74,32,CTTTTAAGGAATAGCGCTGT,42,4375021
yadL_yadM_yadC_yadK_predicted,4.212121212121212,170,32,CGTGCGCCTGTGAGGATTAG,138,4391388
yadL_yadM_yadC_yadK_predicted,2.1515151515151514,102,32,CGGCAATAAGATATGTGAAG,70,4372777
yadL_yadM_yadC_yadK_predicted,0.36363636363636365,43,32,CGGAATTGCCGCGCAAACTG,11,4376281
yadL_yadM_yadC_yadK_predicted,0.42424242424242425,45,32,CAGCCCTGGCACACCGTCGT,13,4392018
yadL_yadM_yadC_yadK_predicted,4.333333333333333,174,32,ATTGCGACTTCCTTCAGACG,142,4395867
yadL_yadM_yadC_yadK_predicted,0.5151515151515151,48,32,ATCGGAAAGGGTTCAAAGGC,16,4374254
yadL_yadM_yadC_yadK_predicted,0.7272727272727273,55,32,AGTCAGGGGACGGCCAACAA,23,4372311
yadL_yadM_yadC_yadK_predicted,0.6363636363636364,52,32,AAAGAAGGGCAGTAGCTCCG,20,4380438
yadL_yadM_yadC_yadK_predicted,0.53125,47,31,TAGGGGGGCCGGCAATGAGA,16,4385306
yadL_yadM_yadC_yadK_predicted,0.71875,53,31,TACAGACGGCCTTTCTCGGA,22,4397343
yadL_yadM_yadC_yadK_predicted,0.53125,47,31,TAACTGTTTTACCTTGGAAG,16,4389634
yadL_yadM_yadC_yadK_predicted,0.4375,44,31,GTTCAGCGCTGCCTCTGACG,13,4382074
yadL_yadM_yadC_yadK_predicted,2.1875,100,31,GACATAGGTTGCATCAAGCA,69,4375104
yadL_yadM_yadC_yadK_predicted,0.4375,44,31,GACACCTCCGTCCTTCGCCT,13,4392031
yadL_yadM_yadC_yadK_predicted,0.5,46,31,GAAGTAAGTAAGATGTCAGT,15,4397047
yadL_yadM_yadC_yadK_predicted,0.21875,37,31,GAACCCATCCTATGAATGGC,6,4371888
yadL_yadM_yadC_yadK_predicted,2.1875,100,31,CTCTCCAATTGCCTAGTGAT,69,4372294
yadL_yadM_yadC_yadK_predicted,2.46875,109,31,CTCATCGGGCGAGTGTTAAA,78,4380045
yadL_yadM_yadC_yadK_predicted,0.5,46,31,CGTATTTTCCCTTCAATTGT,15,4376307
yadL_yadM_yadC_yadK_predicted,0.28125,39,31,CGGTGGGGCGGCTCAGAGAA,8,4375859
yadL_yadM_yadC_yadK_predicted,0.53125,47,31,CGGGACCCCGGCAGAGACTT,16,4379321
yadL_yadM_yadC_yadK_predicted,2.96875,125,31,CGGCTCCGTTTCCAGGTGAG,94,4389655
yadL_yadM_yadC_yadK_predicted,0.65625,51,31,CAGTATCGGTGGGTTGTCCG,20,4401579
yadL_yadM_yadC_yadK_predicted,0.0625,32,31,ATTCCGACTGGCATACCGAG,1,4371239
yadL_yadM_yadC_yadK_predicted,0.75,54,31,AGTCTACTCTAGGCGTGTTT,23,4370401
yadL_yadM_yadC_yadK_predicted,2.34375,105,31,ACCCATTTGGAGTTGCCTAA,74,4395063
yadL_yadM_yadC_yadK_predicted,4.125,162,31,AACCCGGTATGGACTCCAGT,131,4382249
yadL_yadM_yadC_yadK_predicted,1.5625,80,31,AAACACCAGACATAAGTGTA,49,4374851
yadL_yadM_yadC_yadK_predicted,0.45161290322580644,43,30,TGTGGTTCTTGTCCAGACTT,13,4377830
yadL_yadM_yadC_yadK_predicted,0.45161290322580644,43,30,TGAATATTTTATAGGGACCG,13,4374744
yadL_yadM_yadC_yadK_predicted,0.06451612903225806,31,30,TGAAAATCTGGTATTGGTAT,1,4382421
yadL_yadM_yadC_yadK_predicted,0.8709677419354839,56,30,GTGCGCACAAGTCAAGGCAA,26,4381041
yadL_yadM_yadC_yadK_predicted,1.3225806451612903,70,30,GTCGTTTCGGCGAAAACAGA,40,4373822
yadL_yadM_yadC_yadK_predicted,1.096774193548387,63,30,GCTGCTTCCTAAAAGCCCAA,33,4375143
yadL_yadM_yadC_yadK_predicted,1.5161290322580645,76,30,GAAGAAGAGTTAACTGGCTC,46,4370563
yadL_yadM_yadC_yadK_predicted,0.7741935483870968,53,30,CCAGTAGACTCGGACATGCG,23,4372118
yadL_yadM_yadC_yadK_predicted,1.6774193548387097,81,30,CATTCCGGACATTTAAAATC,51,4379019
yadL_yadM_yadC_yadK_predicted,1.1612903225806452,65,30,CATCCAGGAGCGGGTTCTGG,35,4385909
yadL_yadM_yadC_yadK_predicted,0.16129032258064516,34,30,CACCGGTATCCTCTGTAATT,4,4401280
yadL_yadM_yadC_yadK_predicted,0.22580645161290322,36,30,CAATGGACGAGCCACATCTT,6,4371964
yadL_yadM_yadC_yadK_predicted,1.967741935483871,90,30,CAAGAACTCATTGGTAGCAT,60,4372167
yadL_yadM_yadC_yadK_predicted,3.4516129032258065,136,30,ATGATGACTGACCTCCATAA,106,4379121
yadL_yadM_yadC_yadK_predicted,2.3225806451612905,101,30,ATAAGGCTGGGTAGCTGACG,71,4372193
yadL_yadM_yadC_yadK_predicted,0.6774193548387096,50,30,AGCCGCCCTAAAGGACAGTA,20,4385013
yadL_yadM_yadC_yadK_predicted,1.3548387096774193,71,30,AGACTGTTTACATGTCACCT,41,4381280
yadL_yadM_yadC_yadK_predicted,0.9354838709677419,58,30,ACAGCCTTTGTCCCGTACAC,28,4378090
yadL_yadM_yadC_yadK_predicted,1.032258064516129,61,30,AAGCACTGCAATCTGCGCGG,31,4384904
yadL_yadM_yadC_yadK_predicted,1.6333333333333333,77,29,TGCTGGGACCTGGGTGCACC,48,4384105
yadL_yadM_yadC_yadK_predicted,1.6333333333333333,77,29,TGACATGACTTTACGGCTAA,48,4396841
yadL_yadM_yadC_yadK_predicted,0.06666666666666667,30,29,TCGTCAAAGGGCACTCGAAA,1,4387638
yadL_yadM_yadC_yadK_predicted,0.06666666666666667,30,29,TAGGATATTACCTAATAATC,1,4377581
yadL_yadM_yadC_yadK_predicted,0.2,34,29,GTTAGCAGCGCAGCTTTTCT,5,4397893
yadL_yadM_yadC_yadK_predicted,1.1,61,29,GTCGTAAAGAGGACAAATGT,32,4397008
yadL_yadM_yadC_yadK_predicted,0.8666666666666667,54,29,GTCGGCGGTTTACCGTTAAG,25,4376453
yadL_yadM_yadC_yadK_predicted,1.9666666666666666,87,29,GTCATGTTGCAAGGTTCAGG,58,4370296
yadL_yadM_yadC_yadK_predicted,0.26666666666666666,36,29,GGTTTCAGGCACTGAACTCA,7,4376951
yadL_yadM_yadC_yadK_predicted,3.1666666666666665,123,29,GGACCTACTCACCGGAATCC,94,4394683
yadL_yadM_yadC_yadK_predicted,0.6666666666666666,48,29,GCTCGTGATAGCGTTTCGGT,19,4383744
yadL_yadM_yadC_yadK_predicted,0.3333333333333333,38,29,GCCTTTTGGCCTTTACAGAC,9,4395347
yadL_yadM_yadC_yadK_predicted,0.7333333333333333,50,29,CTAGAGACGCCGTCTGATTA,21,4395309
yadL_yadM_yadC_yadK_predicted,0.06666666666666667,30,29,CGACAAAATGTGCCAAATCA,1,4390697
yadL_yadM_yadC_yadK_predicted,0.8,52,29,CCTTATTTAGATTTCTGGCA,23,4400631
yadL_yadM_yadC_yadK_predicted,0.5666666666666667,45,29,CCACCCGATTCAAATTTCAT,16,4392625
yadL_yadM_yadC_yadK_predicted,1.8666666666666667,84,29,CCAAAGAAGGGTCGGTTTAC,55,4392256
yadL_yadM_yadC_yadK_predicted,0.3333333333333333,38,29,CATGTCCAATCCTTATACAT,9,4381895
yadL_yadM_yadC_yadK_predicted,0.9333333333333333,56,29,ATCGGCGTAGATTTGTCGCA,27,4387151
yadL_yadM_yadC_yadK_predicted,1.3666666666666667,69,29,AGGACATTTTCTTCGCCAAC,40,4383472
yadL_yadM_yadC_yadK_predicted,1.1333333333333333,62,29,ACTCTCACAGCCGGCGGCAT,33,4393577
yadL_yadM_yadC_yadK_predicted,0.13333333333333333,32,29,ACGAAGCGCGTGACCGACAT,3,4391351
yadL_yadM_yadC_yadK_predicted,2.2413793103448274,92,28,TGTCGTCCCTGTCAGCGGGA,64,4379450
yadL_yadM_yadC_yadK_predicted,3.8620689655172415,139,28,TGATCACCTGCATTCTCATC,111,4371670
yadL_yadM_yadC_yadK_predicted,0.20689655172413793,33,28,TAGCTCAGATCCAATCAACT,5,4388965
yadL_yadM_yadC_yadK_predicted,0.6551724137931034,46,28,GGTGACCCCGGGGGATAAGT,18,4395708
yadL_yadM_yadC_yadK_predicted,0.896551724137931,53,28,GGTCGTCGAGTTGTGGTAAG,25,4373963
yadL_yadM_yadC_yadK_predicted,1.6896551724137931,76,28,GGCCAGCGTAAAGACTCCCA,48,4372462
yadL_yadM_yadC_yadK_predicted,0.06896551724137931,29,28,GCGTTAATATATAGCACTCG,1,4371498
yadL_yadM_yadC_yadK_predicted,2.0344827586206895,86,28,GCCCGTGGCAGAGGTACGCA,58,4387611
yadL_yadM_yadC_yadK_predicted,0.5517241379310345,43,28,GACGCTGGTTGATCGAGGGC,15,4372131
yadL_yadM_yadC_yadK_predicted,0.4827586206896552,41,28,CTCCAAGGTATCGATTCAAT,13,4402054
yadL_yadM_yadC_yadK_predicted,1.3793103448275863,67,28,CGCTGAATCGTGGCAGCAGA,39,4393975
yadL_yadM_yadC_yadK_predicted,0.27586206896551724,35,28,CGCCTATACCCGTACAAATA,7,4384571
yadL_yadM_yadC_yadK_predicted,0.06896551724137931,29,28,CGACCGTATACGAAAAGATA,1,4396898
yadL_yadM_yadC_yadK_predicted,0.7931034482758621,50,28,CAGGCATCTTACCCCGCATT,22,4376245
yadL_yadM_yadC_yadK_predicted,0.3103448275862069,36,28,CAATACTGTTCTACACATTA,8,4373482
yadL_yadM_yadC_yadK_predicted,2.0344827586206895,86,28,AGTAGGTTGCCTCAATTGGT,58,4394191
yadL_yadM_yadC_yadK_predicted,0.2413793103448276,34,28,AGGTAACGGAAAATTCTTGG,6,4373451
yadL_yadM_yadC_yadK_predicted,1.1724137931034482,61,28,ACGTATCGCCCGTGTGTCGC,33,4374435
yadL_yadM_yadC_yadK_predicted,0.9310344827586207,54,28,ACGGCGGATTCGCCGCGAGC,26,4398605
yadL_yadM_yadC_yadK_predicted,0.4827586206896552,41,28,AACGAGACCAAACAAGCAGT,13,4374745
yadL_yadM_yadC_yadK_predicted,0.9310344827586207,54,28,AAACTATTACCTGTTTGTTT,26,4374622
yadL_yadM_yadC_yadK_predicted,0.41379310344827586,39,28,AAACATGAAGACGACAAGTT,11,4391635
yadL_yadM_yadC_yadK_predicted,0.75,47,27,TTTGGTCGGAGCTTCAGAGA,20,4387825
yadL_yadM_yadC_yadK_predicted,0.8214285714285714,49,27,TGTTCACCACCAGATCCCAT,22,4386457
yadL_yadM_yadC_yadK_predicted,0.8214285714285714,49,27,TGCATTCAAAGTATGGCCGG,22,4376343
yadL_yadM_yadC_yadK_predicted,0.8214285714285714,49,27,TCAGTGCTGGCGATGGCCGG,22,4401868
yadL_yadM_yadC_yadK_predicted,0.6785714285714286,45,27,TATGACGATACGGGAACATT,18,4396864
yadL_yadM_yadC_yadK_predicted,0.75,47,27,GTTAGCAGCATTATCACCCA,20,4397585
yadL_yadM_yadC_yadK_predicted,1.7857142857142858,76,27,GTGGCGAATCTAAGCTTTTT,49,4379579
yadL_yadM_yadC_yadK_predicted,0.6428571428571429,44,27,GGGATCTACGCCGGACATTC,17,4378929
yadL_yadM_yadC_yadK_predicted,0.07142857142857142,28,27,GCCATTAGTTTCAATCACAA,1,4387063
yadL_yadM_yadC_yadK_predicted,0.07142857142857142,28,27,CTTGCAGGTCATGCCAAAAC,1,4389195
yadL_yadM_yadC_yadK_predicted,0.35714285714285715,36,27,CTGCTAGGTGATGTGCCGAT,9,4394981
yadL_yadM_yadC_yadK_predicted,0.8928571428571429,51,27,CTCTGCGTACTTTAATCACG,24,4381494
yadL_yadM_yadC_yadK_predicted,0.8571428571428571,50,27,CGCATACGACGAGACAAATA,23,4388913
yadL_yadM_yadC_yadK_predicted,1.1785714285714286,59,27,CGAAGGGGTTGATAGGGGAT,32,4395096
yadL_yadM_yadC_yadK_predicted,2.107142857142857,85,27,CCCTTGTAACGCCGTCCGCA,58,4395681
yadL_yadM_yadC_yadK_predicted,0.21428571428571427,32,27,CATATACAGCTTACTGCCAG,5,4383113
yadL_yadM_yadC_yadK_predicted,2.3214285714285716,91,27,CAAGTGTCGATCCTGGACCT,64,4383369
yadL_yadM_yadC_yadK_predicted,0.9642857142857143,53,27,CAAACGCGTTGGGTTAGCTC,26,4378698
yadL_yadM_yadC_yadK_predicted,0.14285714285714285,30,27,ATTGTGGACTATATTTCCAT,3,4374312
yadL_yadM_yadC_yadK_predicted,2.4642857142857144,95,27,ATCCGCTGCCTTTCTGCTTA,68,4389266
yadL_yadM_yadC_yadK_predicted,4.464285714285714,151,27,ATAATGTCCCAGGGTTCGTG,124,4373264
yadL_yadM_yadC_yadK_predicted,0.10714285714285714,29,27,AGTTTTCTGTCCGTGTGTCA,2,4395905
yadL_yadM_yadC_yadK_predicted,2.857142857142857,106,27,AAGTTCTACAATTTCCTAAT,79,4400329
yadL_yadM_yadC_yadK_predicted,0.07142857142857142,28,27,AAATCGAATTAAGGTAAGGT,1,4389658
yadL_yadM_yadC_yadK_predicted,0.7407407407407407,45,26,TTCTGTGACGCGGAATACGA,19,4375957
yadL_yadM_yadC_yadK_predicted,0.7037037037037037,44,26,TTCCAACCTACATCGAGGGT,18,4379851
yadL_yadM_yadC_yadK_predicted,1.6296296296296295,69,26,TTATCGTACACGACTAGCGG,43,4372488
yadL_yadM_yadC_yadK_predicted,0.6296296296296297,42,26,TTAATAGTGTGTCTGGGGAT,16,4384263
yadL_yadM_yadC_yadK_predicted,0.48148148148148145,38,26,TGGAATACACCTCGTCTGTA,12,4373481
yadL_yadM_yadC_yadK_predicted,1.1481481481481481,56,26,TGCGAAAGCTTCTATAACGT,30,4384570
yadL_yadM_yadC_yadK_predicted,0.7037037037037037,44,26,TCCTTTCTTTTTGAATATCT,18,4388869
yadL_yadM_yadC_yadK_predicted,3.4444444444444446,118,26,TCAAAAAGTGACCAGTTCAC,92,4376658
yadL_yadM_yadC_yadK_predicted,1.1481481481481481,56,26,TATGGACCGTTTACATCGTT,30,4398011
yadL_yadM_yadC_yadK_predicted,0.25925925925925924,32,26,TATAGAGACTAGGGTGCGAC,6,4394448
yadL_yadM_yadC_yadK_predicted,0.07407407407407407,27,26,TAGGACACGAGGGTCCCGAG,1,4377352
yadL_yadM_yadC_yadK_predicted,0.14814814814814814,29,26,TAAGGTGGTAGTGTGTCTCA,3,4380146
yadL_yadM_yadC_yadK_predicted,0.7777777777777778,46,26,GTTGCCACTAGCCCGATAAT,20,4370442
yadL_yadM_yadC_yadK_predicted,0.07407407407407407,27,26,GTGATTGATGACCTCGCGGT,1,4384230
yadL_yadM_yadC_yadK_predicted,0.1111111111111111,28,26,GTGAGTTAGGCTCACTATTA,2,4397256
yadL_yadM_yadC_yadK_predicted,2.259259259259259,86,26,GCGATAGGGGGGACGTGTGC,60,4370619
yadL_yadM_yadC_yadK_predicted,3.8518518518518516,129,26,CTTTTTATGGACATAATGGT,103,4375103
yadL_yadM_yadC_yadK_predicted,0.37037037037037035,35,26,CTTTGTTAACTCTTGAATCT,9,4374774
yadL_yadM_yadC_yadK_predicted,0.7037037037037037,44,26,CTTCAGAGGATCTTCCCGAT,18,4396894
yadL_yadM_yadC_yadK_predicted,0.18518518518518517,30,26,CGCCGGTTATTTCCTCGGTC,4,4379202
yadL_yadM_yadC_yadK_predicted,0.48148148148148145,38,26,CGATGCACATATTCGACGGT,12,4377392
yadL_yadM_yadC_yadK_predicted,1.1851851851851851,57,26,CATACTGGTTTGGTGCGGCA,31,4386230
yadL_yadM_yadC_yadK_predicted,1.0740740740740742,54,26,ATGTTTCCGTCCAAGTGGTA,28,4392853
yadL_yadM_yadC_yadK_predicted,0.18518518518518517,30,26,ATCTGTGTGCGATCGGTGTG,4,4398134
yadL_yadM_yadC_yadK_predicted,0.48148148148148145,38,26,AGTCGGCCAGGCTACCCTGA,12,4376007
yadL_yadM_yadC_yadK_predicted,2.5555555555555554,94,26,AGTATCCGATGATGCGACTG,68,4373616
yadL_yadM_yadC_yadK_predicted,0.2962962962962963,33,26,AGCGCATGTCTCGCTTCCAG,7,4386390
yadL_yadM_yadC_yadK_predicted,0.7407407407407407,45,26,AGACTGTCAGTATCTGAGGC,19,4378410
yadL_yadM_yadC_yadK_predicted,1.2222222222222223,58,26,ACGGTTAGTCATAGTACCAC,32,4382985
yadL_yadM_yadC_yadK_predicted,2.1481481481481484,83,26,ACCATTGGAATGCGGGGACT,57,4378438
yadL_yadM_yadC_yadK_predicted,0.07407407407407407,27,26,AATGCCGTTGAAGGCCTTCT,1,4377832
yadL_yadM_yadC_yadK_predicted,2.3703703703703702,89,26,AAGTCAGGCTTGTTCCACTT,63,4384814
yadL_yadM_yadC_yadK_predicted,1.2592592592592593,59,26,AACTAATGGGGACTAGCATT,33,4376309
yadL_yadM_yadC_yadK_predicted,0.23076923076923078,30,25,TGCGTAGCGTTGGTTATCTA,5,4391278
yadL_yadM_yadC_yadK_predicted,4.615384615384615,144,25,TCGAGTGCTCTCCGGCCCAG,119,4373265
yadL_yadM_yadC_yadK_predicted,0.8846153846153846,47,25,TACTCACTGTAGGAATGCGG,22,4380634
yadL_yadM_yadC_yadK_predicted,1.5384615384615385,64,25,GTGTCATTGGTAGGGATAGT,39,4378566
yadL_yadM_yadC_yadK_predicted,3.8076923076923075,123,25,GTGCAACTATGCTTCACCGT,98,4391846
yadL_yadM_yadC_yadK_predicted,3.3846153846153846,112,25,GGTACGTCCGGTCTGTATTA,87,4373418
yadL_yadM_yadC_yadK_predicted,0.34615384615384615,33,25,GGGCTACTCGGTTAGCAAGA,8,4370436
yadL_yadM_yadC_yadK_predicted,0.34615384615384615,33,25,GGCGAGGCGGAAGAAGGGGT,8,4374808
yadL_yadM_yadC_yadK_predicted,2.3461538461538463,85,25,GCCAACGCGCCACGACGTTG,60,4382374
yadL_yadM_yadC_yadK_predicted,1.0,50,25,GCAGTCATTGTGCCTTAGTA,25,4399017
yadL_yadM_yadC_yadK_predicted,0.15384615384615385,28,25,GACTTCAGCTAGCGCCGCTG,3,4375068
yadL_yadM_yadC_yadK_predicted,0.7692307692307693,44,25,GAATTTGCCCGGCGTTCAAG,19,4372912
yadL_yadM_yadC_yadK_predicted,1.0384615384615385,51,25,CCGCGGGAGTATAATTTGTC,26,4381817
yadL_yadM_yadC_yadK_predicted,1.4230769230769231,61,25,CCCTTTCCTGCGCCGTCGCA,36,4374900
yadL_yadM_yadC_yadK_predicted,0.07692307692307693,26,25,CCCAAGTTAGTTCATCGCTG,1,4385505
yadL_yadM_yadC_yadK_predicted,0.07692307692307693,26,25,CATTGCCTCGTTCCATCAGA,1,4370836
yadL_yadM_yadC_yadK_predicted,0.6538461538461539,41,25,CATGAACTCAGACGTCCGCA,16,4383286
yadL_yadM_yadC_yadK_predicted,0.7692307692307693,44,25,CATATCCTTTCTGGAGACCC,19,4389056
yadL_yadM_yadC_yadK_predicted,1.0,50,25,CACTTTGAACCATAGAGGGA,25,4380544
yadL_yadM_yadC_yadK_predicted,1.0,50,25,CAACTTATTCGGCTTTGCGA,25,4399189
yadL_yadM_yadC_yadK_predicted,0.11538461538461539,27,25,ATCGTTCTCGTAGCATACGT,2,4374667
yadL_yadM_yadC_yadK_predicted,2.8461538461538463,98,25,AGTTCTCCAGCTGCTGGGCT,73,4397312
yadL_yadM_yadC_yadK_predicted,0.8076923076923077,45,25,AGTGGCCGGTCATCGCCGCT,20,4395350
yadL_yadM_yadC_yadK_predicted,0.23076923076923078,30,25,AGTCAATTGTCGGGTTTGTT,5,4400765
yadL_yadM_yadC_yadK_predicted,0.07692307692307693,26,25,AGGAAAGTACGCGGTTCTTC,1,4390783
yadL_yadM_yadC_yadK_predicted,0.5384615384615384,38,25,AGATAAGGGTATGGGCTATA,13,4384167
yadL_yadM_yadC_yadK_predicted,0.5384615384615384,38,25,AGAATGAAGCCCGCTACGAA,13,4385989
yadL_yadM_yadC_yadK_predicted,0.07692307692307693,26,25,ACTTGTTGTATTTTCCTTTT,1,4382918
yadL_yadM_yadC_yadK_predicted,0.19230769230769232,29,25,ACCGACGTGGGGTCCTCATG,4,4382414
yadL_yadM_yadC_yadK_predicted,1.8461538461538463,72,25,AATCGATCCCTAGTAGCGGA,47,4390143
yadL_yadM_yadC_yadK_predicted,4.269230769230769,135,25,AATACGACTCATGCTCGATA,110,4373690
yadL_yadM_yadC_yadK_predicted,2.6153846153846154,92,25,AACCGCATTTACGCGTGGAA,67,4382250
yadL_yadM_yadC_yadK_predicted,0.08,25,24,TTTACACTGAAGGGGGGGAC,1,4380196
yadL_yadM_yadC_yadK_predicted,0.36,32,24,TTGATATAGGGCGGGAGTTC,8,4378762
yadL_yadM_yadC_yadK_predicted,1.72,66,24,TGGGCACAGTCCACTAGGAA,42,4400382
yadL_yadM_yadC_yadK_predicted,1.28,55,24,TGGAGTGGAATCCATTCAGT,31,4380932
yadL_yadM_yadC_yadK_predicted,0.12,26,24,TGCCAATCCCGTAGTGAGTA,2,4373133
yadL_yadM_yadC_yadK_predicted,6.08,175,24,TGATGCATGAGAATTCCTCC,151,4371967
yadL_yadM_yadC_yadK_predicted,1.52,61,24,TCGCTATGTCCTTCGATTCG,37,4371824
yadL_yadM_yadC_yadK_predicted,0.2,28,24,TCAACTGATGTCTAGAGTAT,4,4394193
yadL_yadM_yadC_yadK_predicted,0.32,31,24,TCAACGGCGCGCTCGCCCTG,7,4391169
yadL_yadM_yadC_yadK_predicted,4.16,127,24,TACGCCAAAGGGACCCGGTT,103,4370324
yadL_yadM_yadC_yadK_predicted,2.72,91,24,GGGGAGATGACAACCCGCGA,67,4393427
yadL_yadM_yadC_yadK_predicted,0.16,27,24,GGCTTTATAGTTGCGGACAG,3,4373661
yadL_yadM_yadC_yadK_predicted,1.88,70,24,GGCACGTAGGAGTGGCGCAA,46,4372154
yadL_yadM_yadC_yadK_predicted,0.72,41,24,GCGTTATGTCAAGGCTTTGA,17,4390907
yadL_yadM_yadC_yadK_predicted,1.52,61,24,GCGCAAGGGGGTCCGATTGT,37,4385356
yadL_yadM_yadC_yadK_predicted,0.8,43,24,GCAGTAAACTTCAGATTGTG,19,4373012
yadL_yadM_yadC_yadK_predicted,1.16,52,24,GAGATCACTCGGTGTACCAT,28,4398646
yadL_yadM_yadC_yadK_predicted,1.6,63,24,GACTAAACTGCTACTAGAAA,39,4390324
yadL_yadM_yadC_yadK_predicted,0.88,45,24,CTCGAAAAGCCGAATCTAGA,21,4383447
yadL_yadM_yadC_yadK_predicted,1.52,61,24,CGCATTCTTCGCGGCCGCAA,37,4400541
yadL_yadM_yadC_yadK_predicted,1.44,59,24,CCAAGCTCAATTGCACGATC,35,4381629
yadL_yadM_yadC_yadK_predicted,1.36,57,24,CATTAAACTTACTGGGGTAA,33,4370398
yadL_yadM_yadC_yadK_predicted,0.84,44,24,ATGGGGATACACTCATTACT,20,4370594
yadL_yadM_yadC_yadK_predicted,0.36,32,24,AGTCTCGTGTTTCTGGTTGC,8,4370456
yadL_yadM_yadC_yadK_predicted,0.24,29,24,AGTAGTGATAGATAGTCAAA,5,4382285
yadL_yadM_yadC_yadK_predicted,1.56,62,24,AGGTATGGACTCGCAACATA,38,4381435
yadL_yadM_yadC_yadK_predicted,1.36,57,24,AGGGTCCACTTAGTGGGACC,33,4376151
yadL_yadM_yadC_yadK_predicted,1.32,56,24,AGCCATCCGCAGTCAATTGA,32,4391302
yadL_yadM_yadC_yadK_predicted,0.2,28,24,ACATAACTTCAGATTAAGCG,4,4395450
yadL_yadM_yadC_yadK_predicted,1.28,55,24,ACAACGCTAAGTTCAGCATA,31,4370937
yadL_yadM_yadC_yadK_predicted,0.24,29,24,AAGAGTAGTATCCCGAAGTA,5,4381830
yadL_yadM_yadC_yadK_predicted,2.4583333333333335,81,23,TTTGCTTGTTAGTTGAACCT,58,4373540
yadL_yadM_yadC_yadK_predicted,0.375,31,23,TTGATGCATTCGCCTTTATC,8,4372593
yadL_yadM_yadC_yadK_predicted,1.1666666666666667,50,23,TTCACGAGATGTCTGTTGAT,27,4398276
yadL_yadM_yadC_yadK_predicted,0.5833333333333334,36,23,TTCAATTATAGATTGGTGGA,13,4382561
yadL_yadM_yadC_yadK_predicted,2.5833333333333335,84,23,TGTTCAGCACGGGATGTCAA,61,4393266
yadL_yadM_yadC_yadK_predicted,0.08333333333333333,24,23,TGGATGAATTTATGGGTAAG,1,4372628
yadL_yadM_yadC_yadK_predicted,0.08333333333333333,24,23,TGCTTGCTCCCCTGTAGACT,1,4376618
yadL_yadM_yadC_yadK_predicted,1.2916666666666667,53,23,TCGTTTACATTTATGTAAAC,30,4377999
yadL_yadM_yadC_yadK_predicted,1.1666666666666667,50,23,TCGAAGGTCGGCGGTCAAGT,27,4400615
yadL_yadM_yadC_yadK_predicted,2.0416666666666665,71,23,TCATTCTTCCACCGCATGGC,48,4401486
yadL_yadM_yadC_yadK_predicted,0.75,40,23,TATCGGCACGCAGTCGCCTT,17,4399858
yadL_yadM_yadC_yadK_predicted,2.0,70,23,TAGCACGTTCGCATTGGTCA,47,4396350
yadL_yadM_yadC_yadK_predicted,0.08333333333333333,24,23,TAGAAGGCCAAAGGGATCCA,1,4384743
yadL_yadM_yadC_yadK_predicted,1.5833333333333333,60,23,GTGGATCATAGTTTCTAGAG,37,4374465
yadL_yadM_yadC_yadK_predicted,0.5833333333333334,36,23,GTCTCACACCGGCATCCAGT,13,4380664
yadL_yadM_yadC_yadK_predicted,1.0,46,23,GGAACCAAAAACGTGCGGTA,23,4397254
yadL_yadM_yadC_yadK_predicted,0.9583333333333334,45,23,GCCCATGAGACGTCCGGGTC,22,4378037
yadL_yadM_yadC_yadK_predicted,1.375,55,23,GAGCCAATCCCCTGGGAGCG,32,4389143
yadL_yadM_yadC_yadK_predicted,0.625,37,23,GAATGCCGTTGCTCGTCCGG,14,4390455
yadL_yadM_yadC_yadK_predicted,0.3333333333333333,30,23,CTTTGCACTAGATTACGAAT,7,4385688
yadL_yadM_yadC_yadK_predicted,2.2916666666666665,77,23,CTGCCGATTTGTGCTTAAAG,54,4376780
yadL_yadM_yadC_yadK_predicted,0.2916666666666667,29,23,CGTAGGGTTCCTGACATCAA,6,4384204
yadL_yadM_yadC_yadK_predicted,0.4166666666666667,32,23,CCGGTCGGCTACCGTCGAGC,9,4376682
yadL_yadM_yadC_yadK_predicted,4.0,118,23,CCGCCTGACGAGTGGCGCTA,95,4401461
yadL_yadM_yadC_yadK_predicted,0.875,43,23,CCGAGTCACCTCTACGGTGC,20,4395922
yadL_yadM_yadC_yadK_predicted,2.2916666666666665,77,23,CAGTATAACCGGTTTCCCGT,54,4374408
yadL_yadM_yadC_yadK_predicted,0.875,43,23,CACTGGTGATCACCTTTAAG,20,4390098
yadL_yadM_yadC_yadK_predicted,0.4583333333333333,33,23,ATTGCGGAGCCGTTGACGGC,10,4381526
yadL_yadM_yadC_yadK_predicted,1.0416666666666667,47,23,ATACAATTTAACGTAGCCTA,24,4402477
yadL_yadM_yadC_yadK_predicted,1.4583333333333333,57,23,AGGATCGGTGCCCAATTCAT,34,4383229
yadL_yadM_yadC_yadK_predicted,0.625,37,23,AGCGTTACCGGGCATGAGTG,14,4389439
yadL_yadM_yadC_yadK_predicted,0.2916666666666667,29,23,AGACCACATTTCGGAAGATC,6,4371241
yadL_yadM_yadC_yadK_predicted,0.08333333333333333,24,23,AGAAATGGCTTGGGCAAAAG,1,4390053
yadL_yadM_yadC_yadK_predicted,0.375,31,23,ACCATGTCCACTGACTAGCA,8,4372988
yadL_yadM_yadC_yadK_predicted,0.5416666666666666,35,23,AATGCTTCGAGGGCTCTAAC,12,4378091
yadL_yadM_yadC_yadK_predicted,0.5833333333333334,36,23,AATGAGTCCGACGTTCGTTT,13,4377670
yadL_yadM_yadC_yadK_predicted,6.75,184,23,AAGTGGGCGGTGGCTACCAC,161,4393325
yadL_yadM_yadC_yadK_predicted,0.08333333333333333,24,23,AAGTGCGACTAGCTAAGCAA,1,4400152
yadL_yadM_yadC_yadK_predicted,0.4166666666666667,32,23,AAACAGGCGAGATACTAACT,9,4370339
yadL_yadM_yadC_yadK_predicted,2.4347826086956523,77,22,TTTGCCAGATGTTAACGATA,55,4370444
yadL_yadM_yadC_yadK_predicted,1.565217391304348,57,22,TTTCTTTATGCTCCACGTCA,35,4376738
yadL_yadM_yadC_yadK_predicted,5.130434782608695,139,22,TTGTGGGGAATTCTTTTCGA,117,4386905
yadL_yadM_yadC_yadK_predicted,0.8260869565217391,40,22,TTAACCTCTATCGCGTCATA,18,4388131
yadL_yadM_yadC_yadK_predicted,1.2173913043478262,49,22,TGTGGAGTAAACTATTTTCC,27,4379184
yadL_yadM_yadC_yadK_predicted,0.391304347826087,30,22,TGTCCAGCTCGGGGTATAGG,8,4397654
yadL_yadM_yadC_yadK_predicted,1.826086956521739,63,22,TGGGGACGCGGCGTAAGAAT,41,4371138
yadL_yadM_yadC_yadK_predicted,2.391304347826087,76,22,TGGCGCATGAGCTGAATCCT,54,4381723
yadL_yadM_yadC_yadK_predicted,0.391304347826087,30,22,TGCGTCGAGTGTCGCAAAAT,8,4390010
yadL_yadM_yadC_yadK_predicted,0.13043478260869565,24,22,TCTACAGCCGGCAAGGCGTA,2,4386746
yadL_yadM_yadC_yadK_predicted,0.7391304347826086,38,22,TATTGGGAGTCGGCGAACAT,16,4373823
yadL_yadM_yadC_yadK_predicted,2.782608695652174,85,22,TATGTACAGATATATATCAA,63,4397326
yadL_yadM_yadC_yadK_predicted,4.0,113,22,TATGGAAGTGATGTTCAAAA,91,4388129
yadL_yadM_yadC_yadK_predicted,0.8260869565217391,40,22,TAGCTTCAAGCCTTGTTTCC,18,4389609
yadL_yadM_yadC_yadK_predicted,0.391304347826087,30,22,TACGAAATCGGGGAACGAGG,8,4386835
yadL_yadM_yadC_yadK_predicted,1.9130434782608696,65,22,GTTTTGATAGTAATAAACCA,43,4393803
yadL_yadM_yadC_yadK_predicted,2.8260869565217392,86,22,GTTAGAACATCGGGGCCAAA,64,4393154
yadL_yadM_yadC_yadK_predicted,1.565217391304348,57,22,GTGTGTTTACGTGCTGGTAT,35,4383473
yadL_yadM_yadC_yadK_predicted,0.6956521739130435,37,22,GTGGGGGTGTGACTACGGCG,15,4378191
yadL_yadM_yadC_yadK_predicted,1.0869565217391304,46,22,GTGGCAGTCCAAAATTCAGT,24,4372318
yadL_yadM_yadC_yadK_predicted,1.0869565217391304,46,22,GGTGGGAAGGAGTCTCGTGG,24,4382445
yadL_yadM_yadC_yadK_predicted,2.0869565217391304,69,22,GCTATCGGATCTTTTGACCA,47,4373267
yadL_yadM_yadC_yadK_predicted,2.391304347826087,76,22,GCCCATGAGGGAATAATAGG,54,4388668
yadL_yadM_yadC_yadK_predicted,0.5652173913043478,34,22,GACCGTTGTGATTAGGACAA,12,4372822
yadL_yadM_yadC_yadK_predicted,1.6521739130434783,59,22,GACCGTATCGTCGGTTAGAG,37,4376661
yadL_yadM_yadC_yadK_predicted,2.3043478260869565,74,22,CTAAATCGCATGCCGCGAAT,52,4379729
yadL_yadM_yadC_yadK_predicted,0.21739130434782608,26,22,CGTCTACCCAAGTATCTGTG,4,4380548
yadL_yadM_yadC_yadK_predicted,1.0434782608695652,45,22,CGGTCCGGATTTTGACACAG,23,4373570
yadL_yadM_yadC_yadK_predicted,2.260869565217391,73,22,CGGGTTCCGAACACAACGTT,51,4401482
yadL_yadM_yadC_yadK_predicted,1.173913043478261,48,22,CGATACAGGGGGTACGTTCA,26,4397961
yadL_yadM_yadC_yadK_predicted,0.8695652173913043,41,22,CATCGGGGCAATGGATGGGG,19,4394487
yadL_yadM_yadC_yadK_predicted,2.347826086956522,75,22,CAGTGCGGCTTTGGTTCACT,53,4379755
yadL_yadM_yadC_yadK_predicted,0.6086956521739131,35,22,CAGAGCACCAGATCAGTCAC,13,4383281
yadL_yadM_yadC_yadK_predicted,1.826086956521739,63,22,CAAAATGTGGAATAAGTAGA,41,4372739
yadL_yadM_yadC_yadK_predicted,1.0,44,22,ATGAGAACCAAAGTACCCTC,22,4395100
yadL_yadM_yadC_yadK_predicted,2.782608695652174,85,22,ATCTATAGAAATGTGTCCCC,63,4382350
yadL_yadM_yadC_yadK_predicted,0.391304347826087,30,22,AGTCACCTTGTGATAATCCT,8,4395050
yadL_yadM_yadC_yadK_predicted,0.5217391304347826,33,22,AGGTATCGCGACCTGACATC,11,4375169
yadL_yadM_yadC_yadK_predicted,1.0434782608695652,45,22,AGGGCCGGTTCTCAAGTCCT,23,4381048
yadL_yadM_yadC_yadK_predicted,2.391304347826087,76,22,AGGCGCCAGGGGCTGTTAGA,54,4389074
yadL_yadM_yadC_yadK_predicted,1.8695652173913044,64,22,ACTAAATTCTGTATCCCGTG,42,4370245
yadL_yadM_yadC_yadK_predicted,0.391304347826087,30,22,AACTGATGAGCGTTACTTAA,8,4398284
yadL_yadM_yadC_yadK_predicted,2.5,75,21,TTTGTAGGCGGGTAGACACT,54,4393255
yadL_yadM_yadC_yadK_predicted,0.5909090909090909,33,21,TTGTTTGGGGCGTGGCACGA,12,4392818
yadL_yadM_yadC_yadK_predicted,0.6363636363636364,34,21,TTGGTCAGCGTACTCACATC,13,4399534
yadL_yadM_yadC_yadK_predicted,1.2272727272727273,47,21,TTGGATTACGGCCAGAAGCT,26,4390385
yadL_yadM_yadC_yadK_predicted,0.09090909090909091,22,21,TTCCTGTGTTCTGTGGCATT,1,4381998
yadL_yadM_yadC_yadK_predicted,0.36363636363636365,28,21,TTAGTTACTCACTTTAAAGT,7,4399764
yadL_yadM_yadC_yadK_predicted,0.4090909090909091,29,21,TTAGCTAACCGCTCTACATG,8,4384095
yadL_yadM_yadC_yadK_predicted,0.09090909090909091,22,21,TTACTTTGGTGCGTACCTCA,1,4370377
yadL_yadM_yadC_yadK_predicted,1.4090909090909092,51,21,TGGGTCAGAACTATGATGCT,30,4401887
yadL_yadM_yadC_yadK_predicted,2.6363636363636362,78,21,TGGACCGGTGAAAGCAGGGG,57,4399095
yadL_yadM_yadC_yadK_predicted,3.1818181818181817,90,21,TGCGCGATAAAGCGTAGACA,69,4392190
yadL_yadM_yadC_yadK_predicted,0.5909090909090909,33,21,TCAGGTGTTGGGGGAGTCGT,12,4383340
yadL_yadM_yadC_yadK_predicted,8.136363636363637,199,21,TCAGCCTTTGGGTCGGGCAG,178,4377479
yadL_yadM_yadC_yadK_predicted,5.7272727272727275,146,21,GTGTGACATGCCTCCTGCAG,125,4400940
yadL_yadM_yadC_yadK_predicted,1.5454545454545454,54,21,GTGCTTTCTCAGTTGATGAG,33,4388187
yadL_yadM_yadC_yadK_predicted,2.227272727272727,69,21,GGAATCACTCCGCTGCACAT,48,4379420
yadL_yadM_yadC_yadK_predicted,3.1363636363636362,89,21,GCTTCTAAGGACGGTGTAAT,68,4394994
yadL_yadM_yadC_yadK_predicted,1.5454545454545454,54,21,GCGTGATGAGGTTCCTTATT,33,4375521
yadL_yadM_yadC_yadK_predicted,2.227272727272727,69,21,GCAGTCCGAAGAACTAAACT,48,4396376
yadL_yadM_yadC_yadK_predicted,1.4090909090909092,51,21,GAGCGGACTAAATTCATTTT,30,4376740
yadL_yadM_yadC_yadK_predicted,2.1363636363636362,67,21,GAGAGTGGGTGCCGCCTCCT,46,4375862
yadL_yadM_yadC_yadK_predicted,0.5454545454545454,32,21,GAGAGCAGGTCTACCTTCCC,11,4377147
yadL_yadM_yadC_yadK_predicted,1.5909090909090908,55,21,GACGCTGCCTTAGCAGTATT,34,4386444
yadL_yadM_yadC_yadK_predicted,1.7727272727272727,59,21,CTTGGATTTTCCCGATAAGG,38,4378583
yadL_yadM_yadC_yadK_predicted,0.7272727272727273,36,21,CTTGAGAGTGTACACCCAAG,15,4373980
yadL_yadM_yadC_yadK_predicted,1.4090909090909092,51,21,CTGTAGAAATGGGTGGTCAG,30,4377954
yadL_yadM_yadC_yadK_predicted,0.13636363636363635,23,21,CTAATTGCTGCTAGGCCATC,2,4370517
yadL_yadM_yadC_yadK_predicted,0.36363636363636365,28,21,CGGAGAGGAGTTACGCCGTG,7,4399304
yadL_yadM_yadC_yadK_predicted,2.8181818181818183,82,21,CGAGTTGCGCGAATTACTCT,61,4386624
yadL_yadM_yadC_yadK_predicted,1.1818181818181819,46,21,CGAATATCAATCTTATGGGG,25,4377234
yadL_yadM_yadC_yadK_predicted,2.5,75,21,CCATTTTAAACGCGTAGCTG,54,4381930
yadL_yadM_yadC_yadK_predicted,2.8636363636363638,83,21,CATGCCAATCCGATTCCTAA,62,4393775
yadL_yadM_yadC_yadK_predicted,1.1363636363636365,45,21,CATCTCAAACCTTCACATTA,24,4388014
yadL_yadM_yadC_yadK_predicted,1.6363636363636365,56,21,CAGTCTGGGGTACCAAATGG,35,4375472
yadL_yadM_yadC_yadK_predicted,2.0,64,21,CAGGTTGAGCACGACGTTTT,43,4393390
yadL_yadM_yadC_yadK_predicted,0.09090909090909091,22,21,CAGGCACGCTCGGCTCTGCA,1,4375883
yadL_yadM_yadC_yadK_predicted,0.8636363636363636,39,21,CAGAACTGCTTTCCACCCTT,18,4374701
yadL_yadM_yadC_yadK_predicted,0.8181818181818182,38,21,CAAGAAAATTCAACAAGTCT,17,4374431
yadL_yadM_yadC_yadK_predicted,2.0454545454545454,65,21,ATTGTAGCTTCTCCCATTGA,44,4382017
yadL_yadM_yadC_yadK_predicted,5.0,130,21,ATGTTTAAAGGCGCCTAGGG,109,4386059
yadL_yadM_yadC_yadK_predicted,1.1818181818181819,46,21,ATAGCGGTCGTCAAAATTGA,25,4382696
yadL_yadM_yadC_yadK_predicted,0.09090909090909091,22,21,AGTATTACGGTCTGTGCTAT,1,4389822
yadL_yadM_yadC_yadK_predicted,2.8181818181818183,82,21,AGGGGTTGCACAGTCTCGGA,61,4372214
yadL_yadM_yadC_yadK_predicted,1.0909090909090908,44,21,AGGCTTATACATACTAGACC,23,4391968
yadL_yadM_yadC_yadK_predicted,1.0909090909090908,44,21,AGGAATGCGGGCGGCCTAGT,23,4387449
yadL_yadM_yadC_yadK_predicted,1.5,53,21,AGCAGTTCGCATAAACCTCT,32,4393026
yadL_yadM_yadC_yadK_predicted,0.7727272727272727,37,21,AGAATTTATGCGGGTTGCCC,16,4375287
yadL_yadM_yadC_yadK_predicted,0.36363636363636365,28,21,AGAACCATGTCACCTGGGAG,7,4374530
yadL_yadM_yadC_yadK_predicted,1.5454545454545454,54,21,ACTCACCGCTAGACAAGTAA,33,4379627
yadL_yadM_yadC_yadK_predicted,0.22727272727272727,25,21,ACCTGGGTGGGCCGAAGCGT,4,4377703
yadL_yadM_yadC_yadK_predicted,3.6363636363636362,100,21,ACATGTAAAGGAGGTATACT,79,4396866
yadL_yadM_yadC_yadK_predicted,0.09090909090909091,22,21,ACAGGGTTGTCGTTGGTTGA,1,4371458
yadL_yadM_yadC_yadK_predicted,0.9090909090909091,40,21,AATGGTAGAGCTTTGCATCA,19,4383695
yadL_yadM_yadC_yadK_predicted,1.0,42,21,AATGCTTCTGACCCGTATGG,21,4382748
yadL_yadM_yadC_yadK_predicted,0.9545454545454546,41,21,AATCTTTGTTCTAGGGTGTG,20,4389787
yadL_yadM_yadC_yadK_predicted,2.227272727272727,69,21,AATCGATTGCTCCTGGCGTT,48,4377455
yadL_yadM_yadC_yadK_predicted,0.4090909090909091,29,21,AAAATCGTCCGCAGACAATA,8,4389697
yadL_yadM_yadC_yadK_predicted,0.2727272727272727,26,21,AAAAGGGGGCGAGGTTGTTA,5,4392295
yadL_yadM_yadC_yadK_predicted,0.42857142857142855,28,20,TTTCCAAAGCATGCTGATTA,8,4372855
yadL_yadM_yadC_yadK_predicted,0.23809523809523808,24,20,TTGTAGTGCTAGCCGACGAC,4,4376488
yadL_yadM_yadC_yadK_predicted,1.0476190476190477,41,20,TTGACGCCTGGGCTAGAGTG,21,4391142
yadL_yadM_yadC_yadK_predicted,2.8095238095238093,78,20,TTAAGGTTGGTGTAGAGTGT,58,4391547
yadL_yadM_yadC_yadK_predicted,2.3333333333333335,68,20,TGCAATCCGTTTAGATGAGT,48,4379309
yadL_yadM_yadC_yadK_predicted,0.7619047619047619,35,20,TGCAACCGGGATCTCAGTGT,15,4376775
yadL_yadM_yadC_yadK_predicted,1.4285714285714286,49,20,TCTGGATTCTATCGTCGGGT,29,4387550
yadL_yadM_yadC_yadK_predicted,1.2380952380952381,45,20,TCGATTGTAACAAGAAGGTT,25,4370519
yadL_yadM_yadC_yadK_predicted,4.428571428571429,112,20,TCGAGCTCGCCCGCTAGATT,92,4371377
yadL_yadM_yadC_yadK_predicted,0.09523809523809523,21,20,TCAGGCGTGCTGGGTGGAAC,1,4396155
yadL_yadM_yadC_yadK_predicted,1.6666666666666667,54,20,TATTTTTAACCGTCTTCACA,34,4386700
yadL_yadM_yadC_yadK_predicted,0.5238095238095238,30,20,TATTTCGGTCAGTGCAGCAA,10,4383968
yadL_yadM_yadC_yadK_predicted,1.7619047619047619,56,20,TAGACGTCTTTAACGCGTAC,36,4374020
yadL_yadM_yadC_yadK_predicted,2.0476190476190474,62,20,TAAACGTCTTCGTACCAGTA,42,4383716
yadL_yadM_yadC_yadK_predicted,3.9523809523809526,102,20,GTTTTCGCAATGGAATCAAC,82,4372738
yadL_yadM_yadC_yadK_predicted,2.238095238095238,66,20,GTACTGTCCGCACCAGACGA,46,4384672
yadL_yadM_yadC_yadK_predicted,1.4761904761904763,50,20,GGGTAGTGGACCGGTGCAAT,30,4376370
yadL_yadM_yadC_yadK_predicted,2.0,61,20,GGGCGGACCAGGATCATGGC,41,4376202
yadL_yadM_yadC_yadK_predicted,1.1428571428571428,43,20,GGGAACCGCAGGGCGCATGT,23,4380017
yadL_yadM_yadC_yadK_predicted,0.8095238095238095,36,20,GCTAGTCTGTGGCTGGTGAG,16,4395680
yadL_yadM_yadC_yadK_predicted,0.8095238095238095,36,20,GCTAACGAATGCCCAATAGG,16,4371024
yadL_yadM_yadC_yadK_predicted,1.1904761904761905,44,20,GCGTATAGACCATCGTTTCC,24,4401427
yadL_yadM_yadC_yadK_predicted,1.0476190476190477,41,20,GCGTAGGTGCATCTTTGCTC,21,4394783
yadL_yadM_yadC_yadK_predicted,1.4761904761904763,50,20,GACCATAGCGCGGCTTGGCT,30,4398942
yadL_yadM_yadC_yadK_predicted,1.1904761904761905,44,20,CTTACGCAATACCATGTCTA,24,4377235
yadL_yadM_yadC_yadK_predicted,5.095238095238095,126,20,CTCCGGCACGTTCTCGTCCA,106,4388037
yadL_yadM_yadC_yadK_predicted,1.0476190476190477,41,20,CTCATCTAAATCGAGCTAAC,21,4378976
yadL_yadM_yadC_yadK_predicted,0.2857142857142857,25,20,CTAGTCAGGACGATACACTC,5,4372913
yadL_yadM_yadC_yadK_predicted,1.380952380952381,48,20,CTAGCAAGCGAAGTGCGTGG,28,4387147
yadL_yadM_yadC_yadK_predicted,0.8571428571428571,37,20,CGGCACCTATATGCACATAA,17,4388240
yadL_yadM_yadC_yadK_predicted,0.6666666666666666,33,20,CGCGGCTTGCTTGAATCCTA,13,4378385
yadL_yadM_yadC_yadK_predicted,5.571428571428571,136,20,CGATAACAAGGCCCGGGGCT,116,4388954
yadL_yadM_yadC_yadK_predicted,1.5714285714285714,52,20,CCGTGATATCCATCGGTGAA,32,4392633
yadL_yadM_yadC_yadK_predicted,3.5714285714285716,94,20,CATTGCCAAAAGACGTTGTT,74,4390384
yadL_yadM_yadC_yadK_predicted,1.1428571428571428,43,20,CATACCCGCGAGCTCGCTTT,23,4375742
yadL_yadM_yadC_yadK_predicted,3.5238095238095237,93,20,CAAGCCTGTTTACATCTTAA,73,4371765
yadL_yadM_yadC_yadK_predicted,1.8571428571428572,58,20,ATTTTTCTGTATTTCACGCG,38,4398883
yadL_yadM_yadC_yadK_predicted,3.8095238095238093,99,20,ATCGATTGTATGGCCCTGTT,79,4389486
yadL_yadM_yadC_yadK_predicted,1.6666666666666667,54,20,ATCAAAGTGTTCTGGAACCT,34,4370650
yadL_yadM_yadC_yadK_predicted,2.761904761904762,77,20,AGTCCCAGGGCAGTGTCGAA,57,4389007
yadL_yadM_yadC_yadK_predicted,2.9523809523809526,81,20,AGGTGGCCAAACGGATCATG,61,4371031
yadL_yadM_yadC_yadK_predicted,0.6190476190476191,32,20,AGCCGGTTTCGCGCGGCTAG,12,4382174
yadL_yadM_yadC_yadK_predicted,3.619047619047619,95,20,ACTGTTATGAGCAATGTCGC,75,4393490
yadL_yadM_yadC_yadK_predicted,0.19047619047619047,23,20,ACTCGCTTTTTTGACGCCCC,3,4386093
yadL_yadM_yadC_yadK_predicted,3.142857142857143,85,20,ACATAGGTACACTCGACATC,65,4377736
yadL_yadM_yadC_yadK_predicted,0.09523809523809523,21,20,ACAGGTCTCAGAATCTGAAC,1,4397197
yadL_yadM_yadC_yadK_predicted,1.2857142857142858,46,20,AATCCTGGAACCCTCCCTTT,26,4378479
yadL_yadM_yadC_yadK_predicted,0.09523809523809523,21,20,AAGTTATTGACTGCGCGACA,1,4378019
yadL_yadM_yadC_yadK_predicted,0.8095238095238095,36,20,AAACAGTGAGCGACCCGAAC,16,4398638
yadL_yadM_yadC_yadK_predicted,0.3,24,19,TTTGTGTGTTGCACCCCAGG,5,4372491
yadL_yadM_yadC_yadK_predicted,0.85,35,19,TGTTCTCACTCGTAAAGCCC,16,4382606
yadL_yadM_yadC_yadK_predicted,3.2,82,19,TGTGAGCCTTCGCGGGTTTC,63,4381743
yadL_yadM_yadC_yadK_predicted,1.15,41,19,TGTCGAAGTATCAGCGCCCC,22,4382202
yadL_yadM_yadC_yadK_predicted,0.35,25,19,TGGATTGCACGACGCTACTT,6,4376195
yadL_yadM_yadC_yadK_predicted,0.1,20,19,TGGACTGACGCGGACAGATA,1,4375622
yadL_yadM_yadC_yadK_predicted,0.4,26,19,TCGTTGTTCTCCGTTACATC,7,4373214
yadL_yadM_yadC_yadK_predicted,2.0,58,19,TCGACTCCCGGAACTATTTC,39,4373961
yadL_yadM_yadC_yadK_predicted,3.35,85,19,TCCCTCCTCAAACCGTGGAT,66,4376565
yadL_yadM_yadC_yadK_predicted,2.3,64,19,TCCAGTCAATCTCAGATCAG,45,4393222
yadL_yadM_yadC_yadK_predicted,1.5,48,19,TCACCAGAGAACCTACGACT,29,4391565
yadL_yadM_yadC_yadK_predicted,1.65,51,19,TCACATTTGTTAGTCAGATC,32,4377913
yadL_yadM_yadC_yadK_predicted,0.1,20,19,TATGCCTATCGTGTGATACA,1,4396932
yadL_yadM_yadC_yadK_predicted,0.25,23,19,TATCTACTGGTACGGACTCG,4,4392509
yadL_yadM_yadC_yadK_predicted,0.25,23,19,TAATGAGAACCAAGGGATGT,4,4372776
yadL_yadM_yadC_yadK_predicted,2.05,59,19,GTTTGGCGCGGTAAGCAGTT,40,4374361
yadL_yadM_yadC_yadK_predicted,0.75,33,19,GTTCCTTGAGCCCGCCCTCC,14,4377929
yadL_yadM_yadC_yadK_predicted,1.35,45,19,GTCAGACTTTCAACGCTTCT,26,4392682
yadL_yadM_yadC_yadK_predicted,1.15,41,19,GTAGTGTTCCCCGGGAGTGT,22,4393510
yadL_yadM_yadC_yadK_predicted,0.45,27,19,GGGTGGGACCTCTGTTAATA,8,4385197
yadL_yadM_yadC_yadK_predicted,4.15,101,19,GGCTGACTTATGGGAATTCA,82,4397014
yadL_yadM_yadC_yadK_predicted,1.45,47,19,GGAGGCGCACTTGCAAACAA,28,4380336
yadL_yadM_yadC_yadK_predicted,0.1,20,19,GGAGAAGCATGTTACATATG,1,4372574
yadL_yadM_yadC_yadK_predicted,2.45,67,19,GGAAGCTGGGCTGGCTGCCA,48,4383553
yadL_yadM_yadC_yadK_predicted,0.4,26,19,GATTAAAAGTCCTTTGACAT,7,4397203
yadL_yadM_yadC_yadK_predicted,1.15,41,19,GATGAAGAGTATTTCTATAC,22,4374179
yadL_yadM_yadC_yadK_predicted,0.1,20,19,GAATACAGATGCCGGCCCCA,1,4377844
yadL_yadM_yadC_yadK_predicted,0.4,26,19,CTCCTGCTTGAGGGGTGGAG,7,4383162
yadL_yadM_yadC_yadK_predicted,0.7,32,19,CGTCTATCGTGGGTCAGTGT,13,4402255
yadL_yadM_yadC_yadK_predicted,2.7,72,19,CGTAAGGCATCGTCAGAGGG,53,4390809
yadL_yadM_yadC_yadK_predicted,0.9,36,19,CGGCTGGAGACCCAGTCAAC,17,4370455
yadL_yadM_yadC_yadK_predicted,2.2,62,19,CGCTGGCTCAATCGGCTTAG,43,4370964
yadL_yadM_yadC_yadK_predicted,0.35,25,19,CGACACTCACGAGCACATAC,6,4384645
yadL_yadM_yadC_yadK_predicted,3.35,85,19,CCGCGGCCATGATCTCCCCA,66,4370934
yadL_yadM_yadC_yadK_predicted,0.85,35,19,CCGACATTGTACACAAAAGC,16,4374212
yadL_yadM_yadC_yadK_predicted,2.2,62,19,CCACCACTATACTCCATTGG,43,4393118
yadL_yadM_yadC_yadK_predicted,4.45,107,19,CAAAGGACCAGTTGTTAAAG,88,4388791
yadL_yadM_yadC_yadK_predicted,1.7,52,19,ATTCCGCCCTGAGCCTGTAT,33,4371597
yadL_yadM_yadC_yadK_predicted,2.15,61,19,ATGAGATAGTTAATTCCAAA,42,4383956
yadL_yadM_yadC_yadK_predicted,1.6,50,19,ATCTGCCAGTGAACAACCAA,31,4375747
yadL_yadM_yadC_yadK_predicted,1.35,45,19,AGGAGTGCAATGGCACCACC,26,4395590
yadL_yadM_yadC_yadK_predicted,3.1,80,19,AGATGGCAAGAGGCTATATC,61,4393464
yadL_yadM_yadC_yadK_predicted,1.95,57,19,ACTTGTTGTGGGTCGAGTCA,38,4397105
yadL_yadM_yadC_yadK_predicted,3.15,81,19,ACTATTATAATGTTGTTTTC,62,4388059
yadL_yadM_yadC_yadK_predicted,0.95,37,19,ACGCGTCGTTCAACTTAAGT,18,4370628
yadL_yadM_yadC_yadK_predicted,3.9,96,19,ACGAGCGTGTGGCACGTCAA,77,4394654
yadL_yadM_yadC_yadK_predicted,1.6,50,19,ACATATTGTGGGATACGCTG,31,4384551
yadL_yadM_yadC_yadK_predicted,0.1,20,19,AATCGGTCCGGATCCTCTTT,1,4380366
yadL_yadM_yadC_yadK_predicted,2.75,73,19,AATATATAGCTTCCTCATAA,54,4380963
yadL_yadM_yadC_yadK_predicted,0.4,26,19,AAGCCACATGGGAATTGCCC,7,4383996
yadL_yadM_yadC_yadK_predicted,2.35,65,19,AAGCACCCACAAGGAGCTCT,46,4375548
yadL_yadM_yadC_yadK_predicted,1.15,41,19,AAGACTTGACGTGAGTGATA,22,4378800
yadL_yadM_yadC_yadK_predicted,1.894736842105263,53,18,TTGGACCGAATAATCAAGAT,35,4396983
yadL_yadM_yadC_yadK_predicted,4.684210526315789,106,18,TTGCCTTGCATACCCGTACC,88,4374783
yadL_yadM_yadC_yadK_predicted,1.4736842105263157,45,18,TTATCGAAGATCGATGTGGT,27,4372472
yadL_yadM_yadC_yadK_predicted,0.8947368421052632,34,18,TTAAAGTTAATTCTCAAAAA,16,4386328
yadL_yadM_yadC_yadK_predicted,2.9473684210526314,73,18,TGTTTCTTAAAGCCACTTTA,55,4385135
yadL_yadM_yadC_yadK_predicted,0.5789473684210527,28,18,TGTCTAGCGGCTGCATGCCG,10,4386022
yadL_yadM_yadC_yadK_predicted,0.3157894736842105,23,18,TGTAGCATGAAGCACCAACA,5,4376671
yadL_yadM_yadC_yadK_predicted,0.21052631578947367,21,18,TGCCTCGCAGGGTACTGGAA,3,4382283
yadL_yadM_yadC_yadK_predicted,0.9473684210526315,35,18,TGCACTGAGCCAAACCACGT,17,4391297
yadL_yadM_yadC_yadK_predicted,2.526315789473684,65,18,TGAGAGACTTTCCACGTGTC,47,4384194
yadL_yadM_yadC_yadK_predicted,2.3684210526315788,62,18,TCTAGTAGCATCAGATTGCG,44,4395059
yadL_yadM_yadC_yadK_predicted,1.6842105263157894,49,18,TCGTTCCAATTCATCGTGTT,31,4389674
yadL_yadM_yadC_yadK_predicted,1.736842105263158,50,18,TCAGATTGACGGGGAAAAGC,32,4399210
yadL_yadM_yadC_yadK_predicted,2.473684210526316,64,18,TCAACGCGGATGCCCAAGCT,46,4381308
yadL_yadM_yadC_yadK_predicted,1.2105263157894737,40,18,TCAACGAGATCACGACAACT,22,4380126
yadL_yadM_yadC_yadK_predicted,0.2631578947368421,22,18,TATGGCGGTTAAGTGCATTC,4,4385502
yadL_yadM_yadC_yadK_predicted,0.10526315789473684,19,18,TAGGGGAACACTACTCTCTA,1,4381267
yadL_yadM_yadC_yadK_predicted,1.4210526315789473,44,18,TAGCATCTTCAATGTCCCGA,26,4377379
yadL_yadM_yadC_yadK_predicted,0.10526315789473684,19,18,TAGCAGTGCTACCGCATCTT,1,4386695
yadL_yadM_yadC_yadK_predicted,1.631578947368421,48,18,TACCGACAGTCAAGCACAGA,30,4383669
yadL_yadM_yadC_yadK_predicted,0.47368421052631576,26,18,TAACGAGATCTACTTGTTGA,8,4388189
yadL_yadM_yadC_yadK_predicted,1.8421052631578947,52,18,GTATGGGACATAATCGGGAA,34,4372328
yadL_yadM_yadC_yadK_predicted,1.4736842105263157,45,18,GTACCGGGATGGATCTTTCT,27,4375326
yadL_yadM_yadC_yadK_predicted,1.263157894736842,41,18,GGTCTGGGCGTTAACCTCCA,23,4382743
yadL_yadM_yadC_yadK_predicted,1.3157894736842106,42,18,GGCGTTGATAAAGCTATGCA,24,4383801
yadL_yadM_yadC_yadK_predicted,4.2105263157894735,97,18,GCCAGTATTCTTGGCTCTGA,79,4370962
yadL_yadM_yadC_yadK_predicted,1.8421052631578947,52,18,GACCAGGAGATCCGCTCGTA,34,4388425
yadL_yadM_yadC_yadK_predicted,1.0526315789473684,37,18,GACAAGAAACAAGTGATACT,19,4396679
yadL_yadM_yadC_yadK_predicted,0.631578947368421,29,18,CTGGCGGTCCTGACACCACT,11,4391943
yadL_yadM_yadC_yadK_predicted,0.42105263157894735,25,18,CTCGTGTCCAGGGGAGTAGT,7,4379656
yadL_yadM_yadC_yadK_predicted,1.6842105263157894,49,18,CTCGCTGCAATAATAGCCCT,31,4398682
yadL_yadM_yadC_yadK_predicted,1.368421052631579,43,18,CTCGAAGGTTTAAAGAGTAA,25,4390434
yadL_yadM_yadC_yadK_predicted,2.3684210526315788,62,18,CTCACCCTGAAGGCCAGTGG,44,4374467
yadL_yadM_yadC_yadK_predicted,4.947368421052632,111,18,CTAGATTCATACGGCGTACC,93,4399996
yadL_yadM_yadC_yadK_predicted,1.1578947368421053,39,18,CGGCGTAATCTTGGACGCGT,21,4381827
yadL_yadM_yadC_yadK_predicted,1.0,36,18,CGCCAATCTACATAATACCT,18,4378701
yadL_yadM_yadC_yadK_predicted,3.4210526315789473,82,18,CGAGGTTGCAGCAACAAATC,64,4370933
yadL_yadM_yadC_yadK_predicted,1.0526315789473684,37,18,CAAAAAGTCTGTTGGTATCA,19,4375020
yadL_yadM_yadC_yadK_predicted,1.9473684210526316,54,18,ATTCAATCCGGTGCCGATTT,36,4400573
yadL_yadM_yadC_yadK_predicted,0.10526315789473684,19,18,ATCAACTACGGTACCCGATG,1,4374345
yadL_yadM_yadC_yadK_predicted,1.5789473684210527,47,18,ATCAAAGTAAGACGAGTGCA,29,4370783
yadL_yadM_yadC_yadK_predicted,0.10526315789473684,19,18,AGTACTTGACATGATTCTAG,1,4372775
yadL_yadM_yadC_yadK_predicted,1.4736842105263157,45,18,AGCCTTTCCAACGCTCACAT,27,4383710
yadL_yadM_yadC_yadK_predicted,2.8421052631578947,71,18,ACTCCTGGCGTCGGTCCACT,53,4381493
yadL_yadM_yadC_yadK_predicted,0.21052631578947367,21,18,ACTCCCGTCACTTGACCCAT,3,4396935
yadL_yadM_yadC_yadK_predicted,0.47368421052631576,26,18,AAGTCGGTGGAGAACGGAGC,8,4372166
yadL_yadM_yadC_yadK_predicted,2.6842105263157894,68,18,AAGAGATTTTACTAGAGTAC,50,4397235
yadL_yadM_yadC_yadK_predicted,0.8421052631578947,33,18,AACGTCAGCCTCTGTGTTGC,15,4399963
yadL_yadM_yadC_yadK_predicted,0.9473684210526315,35,18,AAACTCGAGTGCCCTTCCCT,17,4397771
yadL_yadM_yadC_yadK_predicted,1.9444444444444444,51,17,TTTGGGAACGTGCTCATCGT,34,4388303
yadL_yadM_yadC_yadK_predicted,1.9444444444444444,51,17,TTTGGACCTGCACGTCGCTG,34,4381061
yadL_yadM_yadC_yadK_predicted,2.611111111111111,63,17,TTCCGTGTCAGATAGTCGAG,46,4377243
yadL_yadM_yadC_yadK_predicted,0.1111111111111111,18,17,TTAAAGCCCAAAGAAGTTGT,1,4376784
yadL_yadM_yadC_yadK_predicted,0.1111111111111111,18,17,TTAAACGACAGGGAATCATC,1,4389516
yadL_yadM_yadC_yadK_predicted,1.2222222222222223,38,17,TGTTGGTGGAGAAGTGGGCT,21,4397016
yadL_yadM_yadC_yadK_predicted,0.3333333333333333,22,17,TGTTACCGCTGGTAGCTGTT,5,4385136
yadL_yadM_yadC_yadK_predicted,1.3888888888888888,41,17,TGGTGAAATGTCAAGGCATG,24,4370460
yadL_yadM_yadC_yadK_predicted,0.1111111111111111,18,17,TGGCAAGTATTATGGGAATG,1,4387506
yadL_yadM_yadC_yadK_predicted,0.2777777777777778,21,17,TGGACGATTCGGAATAGCGA,4,4396697
yadL_yadM_yadC_yadK_predicted,2.388888888888889,59,17,TGCTGTGACTCTTCTAGCGT,42,4386182
yadL_yadM_yadC_yadK_predicted,1.1666666666666667,37,17,TGCTCTTACCGGGTAGTTGT,20,4373735
yadL_yadM_yadC_yadK_predicted,0.5,25,17,TGCGAACGCCCCCGAGGGAC,8,4399100
yadL_yadM_yadC_yadK_predicted,0.3888888888888889,23,17,TGAGACAACAGTGGATTCTG,6,4376133
yadL_yadM_yadC_yadK_predicted,0.1111111111111111,18,17,TCGCTGATTCTGTATCAGAA,1,4399011
yadL_yadM_yadC_yadK_predicted,0.2222222222222222,20,17,TCCTGCTGAGGGCCGATTGA,3,4398553
yadL_yadM_yadC_yadK_predicted,2.8333333333333335,67,17,TCCAAAACTCGGGTTTTCAC,50,4393329
yadL_yadM_yadC_yadK_predicted,4.111111111111111,90,17,TATCTAAGGCTGGAGTTTGC,73,4379673
yadL_yadM_yadC_yadK_predicted,0.2777777777777778,21,17,GTTTGCACTTTACTTGGCAT,4,4391542
yadL_yadM_yadC_yadK_predicted,0.1111111111111111,18,17,GTTAGCGGTTCCACGAGTGT,1,4387620
yadL_yadM_yadC_yadK_predicted,2.0555555555555554,53,17,GTTAGCGCTTCGTCCGACCT,36,4377122
yadL_yadM_yadC_yadK_predicted,2.6666666666666665,64,17,GTCGAAAGCTGCCTGTGGGA,47,4399671
yadL_yadM_yadC_yadK_predicted,1.0555555555555556,35,17,GTAGGGCATTCGTAACGACT,18,4386413
yadL_yadM_yadC_yadK_predicted,0.4444444444444444,24,17,GGTCGTTGTGTTTTATTCGT,7,4388395
yadL_yadM_yadC_yadK_predicted,2.7777777777777777,66,17,GGTCAATCACTTCAGAAACG,49,4390452
yadL_yadM_yadC_yadK_predicted,2.9444444444444446,69,17,GGGTCCAATCGGGTTTTCAT,52,4373263
yadL_yadM_yadC_yadK_predicted,1.0555555555555556,35,17,GGCGGTTACGTAGCACGCAT,18,4376169
yadL_yadM_yadC_yadK_predicted,0.1111111111111111,18,17,GCTATCGTCTGCACCTCTGT,1,4379014
yadL_yadM_yadC_yadK_predicted,0.1111111111111111,18,17,GCGTCAATAGCGCATGCATC,1,4399274
yadL_yadM_yadC_yadK_predicted,1.2222222222222223,38,17,GCGGTTCCGCTAGCGACGCT,21,4391451
yadL_yadM_yadC_yadK_predicted,0.16666666666666666,19,17,GCGGACTAGAAAGCTAGTGG,2,4387933
yadL_yadM_yadC_yadK_predicted,4.666666666666667,100,17,GCCTCGGGGATCTATGAAAC,83,4375595
yadL_yadM_yadC_yadK_predicted,0.1111111111111111,18,17,GCCGCAGACACTTCTCTATT,1,4373579
yadL_yadM_yadC_yadK_predicted,2.7777777777777777,66,17,GCCCATCGTGGGGGCGAAAA,49,4378510
yadL_yadM_yadC_yadK_predicted,0.1111111111111111,18,17,GCCATAACAAATGGTATTAG,1,4371115
yadL_yadM_yadC_yadK_predicted,0.2222222222222222,20,17,GCATAATTTTCCGATAGAAA,3,4381270
yadL_yadM_yadC_yadK_predicted,1.3888888888888888,41,17,GATGGCTTGCCGGCGAGATG,24,4385941
yadL_yadM_yadC_yadK_predicted,1.4444444444444444,42,17,CTTTCAGAAGCGAGGTGGAG,25,4399032
yadL_yadM_yadC_yadK_predicted,0.16666666666666666,19,17,CTTCCACACCGGTCATACAT,2,4377701
yadL_yadM_yadC_yadK_predicted,0.4444444444444444,24,17,CTTCAGTAGCGTCCTCAGAT,7,4376657
yadL_yadM_yadC_yadK_predicted,1.6111111111111112,45,17,CTCACCCCACATCGCCTATA,28,4385423
yadL_yadM_yadC_yadK_predicted,0.1111111111111111,18,17,CGTCCGCGTGCACTTTGGTT,1,4379312
yadL_yadM_yadC_yadK_predicted,1.2777777777777777,39,17,CGGAGCCTACTTCAACCGTA,22,4394143
yadL_yadM_yadC_yadK_predicted,0.6111111111111112,27,17,CGCGTAGTTGTTCTCCAAGC,10,4398719
yadL_yadM_yadC_yadK_predicted,1.3888888888888888,41,17,CGCCCTCTTACATGAGGGAA,24,4373467
yadL_yadM_yadC_yadK_predicted,1.0555555555555556,35,17,CGAAACCAGACGAGCCTTCT,18,4391024
yadL_yadM_yadC_yadK_predicted,1.1111111111111112,36,17,CCTTCCTAGGGCTGTTTACT,19,4391194
yadL_yadM_yadC_yadK_predicted,2.6666666666666665,64,17,CCCCTCACTTTCGAATGCAG,47,4396813
yadL_yadM_yadC_yadK_predicted,0.7777777777777778,30,17,CATTTTAATGTACCCAACGT,13,4392173
yadL_yadM_yadC_yadK_predicted,0.2222222222222222,20,17,CATGTACAGTTTCGTTCCTA,3,4379522
yadL_yadM_yadC_yadK_predicted,0.1111111111111111,18,17,CATCGGATTGAATGCTACGA,1,4396493
yadL_yadM_yadC_yadK_predicted,3.388888888888889,77,17,CATAAGGGCTCAGGTTACTA,60,4390681
yadL_yadM_yadC_yadK_predicted,3.6666666666666665,82,17,CACTACCCGTAGGATGCCAG,65,4397243
yadL_yadM_yadC_yadK_predicted,0.3888888888888889,23,17,CACAGAATCGAACCGTCGAA,6,4387922
yadL_yadM_yadC_yadK_predicted,5.111111111111111,108,17,CAAAGGTTAAGATGAGTACT,91,4376268
yadL_yadM_yadC_yadK_predicted,9.38888888888889,185,17,ATTGCGCCACCAGAGTAGTG,168,4394925
yadL_yadM_yadC_yadK_predicted,1.8888888888888888,50,17,ATGCGTACTCTTTATACACT,33,4372505
yadL_yadM_yadC_yadK_predicted,3.2222222222222223,74,17,ATCCACTCTCGCATGTGCTC,57,4370894
yadL_yadM_yadC_yadK_predicted,3.0555555555555554,71,17,ATCAGGACTCAAAACACAGT,54,4389235
yadL_yadM_yadC_yadK_predicted,1.2222222222222223,38,17,ATAGACCCCAGGTCTATGAT,21,4381523
yadL_yadM_yadC_yadK_predicted,0.3333333333333333,22,17,ATACCTGCCGCCATAATCCC,5,4396748
yadL_yadM_yadC_yadK_predicted,0.8333333333333334,31,17,AGGGACATCCGGCTGGTGGT,14,4386269
yadL_yadM_yadC_yadK_predicted,1.4444444444444444,42,17,AGCTCCTCTAGACGGCAATT,25,4371153
yadL_yadM_yadC_yadK_predicted,1.1666666666666667,37,17,AGCCATCAACTCTTAATTAA,20,4395773
yadL_yadM_yadC_yadK_predicted,0.1111111111111111,18,17,AGAAGAGTAGACAAGGTTTG,1,4381647
yadL_yadM_yadC_yadK_predicted,0.8333333333333334,31,17,ACTGCTAGTGTAAGGCGTAT,14,4391030
yadL_yadM_yadC_yadK_predicted,4.0,88,17,ACTACTTCAGTTAGGTCAAA,71,4379098
yadL_yadM_yadC_yadK_predicted,3.1666666666666665,73,17,ACATTCAACCACTAAATTCA,56,4386417
yadL_yadM_yadC_yadK_predicted,0.1111111111111111,18,17,ACACAATCTGGCTGTTCAGG,1,4378421
yadL_yadM_yadC_yadK_predicted,2.3333333333333335,58,17,ACAATATACGACGGTACGGC,41,4375714
yadL_yadM_yadC_yadK_predicted,1.1111111111111112,36,17,AAGTGCGCATAAACAGTGCG,19,4391005
yadL_yadM_yadC_yadK_predicted,0.1111111111111111,18,17,AAATCGGGTTGCACCGTTAG,1,4378930
yadL_yadM_yadC_yadK_predicted,0.2777777777777778,21,17,AAAATTATTTCAGTTTAATC,4,4378154
yadL_yadM_yadC_yadK_predicted,0.11764705882352941,17,16,TTTTTGGTTCAATGACCTTC,1,4378069
yadL_yadM_yadC_yadK_predicted,0.9411764705882353,31,16,TTTGTGTTTACACTTATCAT,15,4382960
yadL_yadM_yadC_yadK_predicted,0.11764705882352941,17,16,TTCACTTGGTCATTACCCCG,1,4376321
yadL_yadM_yadC_yadK_predicted,0.11764705882352941,17,16,TTCAAGCTTAGGATAGAGAG,1,4382472
yadL_yadM_yadC_yadK_predicted,1.0588235294117647,33,16,TGTTCATACGCTTCTTCAAG,17,4375044
yadL_yadM_yadC_yadK_predicted,0.9411764705882353,31,16,TGTACTAGCTGAGTTTGCTA,15,4392825
yadL_yadM_yadC_yadK_predicted,0.29411764705882354,20,16,TGGGGAGAGTCGGTTAACCT,4,4391698
yadL_yadM_yadC_yadK_predicted,2.235294117647059,53,16,TGGGATTGTTAGGGTTTGGA,37,4380772
yadL_yadM_yadC_yadK_predicted,0.47058823529411764,23,16,TGGACGATACCTTATAAACA,7,4394779
yadL_yadM_yadC_yadK_predicted,3.0,66,16,TGCGCAAGCGCTCGGGCCGA,50,4388810
yadL_yadM_yadC_yadK_predicted,0.17647058823529413,18,16,TCTGGCGCGCCACACTAACT,2,4397902
yadL_yadM_yadC_yadK_predicted,3.0588235294117645,67,16,TCTGACGACTTGTACAATAT,51,4388812
yadL_yadM_yadC_yadK_predicted,3.6470588235294117,77,16,TCGTCAAACCGTTATCATGA,61,4380756
yadL_yadM_yadC_yadK_predicted,0.35294117647058826,21,16,TCCACACAAGTTTAGAGTGG,5,4376590
yadL_yadM_yadC_yadK_predicted,1.5294117647058822,41,16,TATCCCCTCGTGTAGGAAAA,25,4379477
yadL_yadM_yadC_yadK_predicted,5.294117647058823,105,16,TATAAGCCCTCTACGTCCAA,89,4371273
yadL_yadM_yadC_yadK_predicted,0.5882352941176471,25,16,TATAAAATCAACTGATGCCC,9,4374281
yadL_yadM_yadC_yadK_predicted,1.8235294117647058,46,16,GTTAAAGTGTCTCGAAGTCC,30,4393807
yadL_yadM_yadC_yadK_predicted,1.3529411764705883,38,16,GTAGAGCGTATGGTGAAGAC,22,4379021
yadL_yadM_yadC_yadK_predicted,0.7647058823529411,28,16,GGTCGCCCAAAAGTGTTCGA,12,4399031
yadL_yadM_yadC_yadK_predicted,0.11764705882352941,17,16,GGCGGTGGAACGTCCAACGT,1,4378029
yadL_yadM_yadC_yadK_predicted,0.7058823529411765,27,16,GGCGGTGCGGCGCACAAGAG,11,4396315
yadL_yadM_yadC_yadK_predicted,0.47058823529411764,23,16,GGCACGTTGTGTACGTTGCA,7,4375662
yadL_yadM_yadC_yadK_predicted,3.3529411764705883,72,16,GCTCATACACCCAATCCGAA,56,4373804
yadL_yadM_yadC_yadK_predicted,2.235294117647059,53,16,GCGGCCTGTGTGACAACTTT,37,4392583
yadL_yadM_yadC_yadK_predicted,0.7647058823529411,28,16,GCGAAATAACATGGCTCGGG,12,4392185
yadL_yadM_yadC_yadK_predicted,1.1764705882352942,35,16,GCCGGGGTCGAGCCCCTTAA,19,4371501
yadL_yadM_yadC_yadK_predicted,2.8823529411764706,64,16,GCAGTCCTATATTTTTCGTC,48,4396591
yadL_yadM_yadC_yadK_predicted,1.588235294117647,42,16,GATCGCTTAGCGACGTGTCT,26,4401895
yadL_yadM_yadC_yadK_predicted,0.47058823529411764,23,16,GATCAAATGGTAAACTCCCC,7,4371922
yadL_yadM_yadC_yadK_predicted,2.235294117647059,53,16,GAGTACGACAATTAGCGCTT,37,4372241
yadL_yadM_yadC_yadK_predicted,1.7058823529411764,44,16,GAGGTTCCGCATCACACGCG,28,4383190
yadL_yadM_yadC_yadK_predicted,2.1176470588235294,51,16,GAACGAATCAGGAGCCCCAT,35,4387010
yadL_yadM_yadC_yadK_predicted,2.0588235294117645,50,16,GAAAGTGGCACCAATGCGTG,34,4393295
yadL_yadM_yadC_yadK_predicted,1.411764705882353,39,16,CTTTAAAAAAAGCGAACCCT,23,4401299
yadL_yadM_yadC_yadK_predicted,0.8235294117647058,29,16,CTATACAGCTAAATCAGGTA,13,4398232
yadL_yadM_yadC_yadK_predicted,2.7058823529411766,61,16,CGTTCATAGTAAAAAGTACA,45,4401275
yadL_yadM_yadC_yadK_predicted,1.5294117647058822,41,16,CGGGTGGACCGGGTCGGGGG,25,4383517
yadL_yadM_yadC_yadK_predicted,0.35294117647058826,21,16,CGGGTGACGCGAAGAAACCT,5,4399443
yadL_yadM_yadC_yadK_predicted,1.1764705882352942,35,16,CGGGCGATTCATCAGGCAGA,19,4399305
yadL_yadM_yadC_yadK_predicted,4.294117647058823,88,16,CGGAGGATTTCTTAGTTCGA,72,4377586
yadL_yadM_yadC_yadK_predicted,0.4117647058823529,22,16,CGGACCTAATTTTTGGGTAA,6,4386098
yadL_yadM_yadC_yadK_predicted,2.2941176470588234,54,16,CGGACCCGTAGGGCTATGCA,38,4373151
yadL_yadM_yadC_yadK_predicted,1.1176470588235294,34,16,CGATCTTGTAGTGCAACATA,18,4399478
yadL_yadM_yadC_yadK_predicted,0.6470588235294118,26,16,CCTGATAGTCTATGGCGTAC,10,4385683
yadL_yadM_yadC_yadK_predicted,2.4705882352941178,57,16,CCTCACTCACGTCGTAATTC,41,4372722
yadL_yadM_yadC_yadK_predicted,0.6470588235294118,26,16,CCGTACCAGACCGGCCTCTT,10,4401589
yadL_yadM_yadC_yadK_predicted,0.11764705882352941,17,16,CCCGTTCACTCGCCGATAAC,1,4399562
yadL_yadM_yadC_yadK_predicted,0.7647058823529411,28,16,CCCGTGGGGTTGATTAAGCA,12,4400860
yadL_yadM_yadC_yadK_predicted,0.6470588235294118,26,16,CATTATGGCTCGGGACATGG,10,4380031
yadL_yadM_yadC_yadK_predicted,0.11764705882352941,17,16,CATCAGCTGTGAGGTCGTTA,1,4400319
yadL_yadM_yadC_yadK_predicted,0.29411764705882354,20,16,CATATGGGTGGGCACTCAAC,4,4381892
yadL_yadM_yadC_yadK_predicted,3.235294117647059,70,16,CAGTTCTGGTAAGGGTTCCG,54,4373843
yadL_yadM_yadC_yadK_predicted,0.7058823529411765,27,16,CAGTCCCTGTGCGATATCTT,11,4371598
yadL_yadM_yadC_yadK_predicted,2.3529411764705883,55,16,CAGTAGCTGGTGTACAACAG,39,4395597
yadL_yadM_yadC_yadK_predicted,3.235294117647059,70,16,CAGGTTACGTGAGGTCTCTG,54,4377634
yadL_yadM_yadC_yadK_predicted,3.5294117647058822,75,16,CACTTATCTTGCCGATCTGA,59,4391922
yadL_yadM_yadC_yadK_predicted,0.11764705882352941,17,16,CACTCCCCACGTTCTTCACG,1,4383908
yadL_yadM_yadC_yadK_predicted,0.17647058823529413,18,16,CACCAAGGGAGTAGGCTGCT,2,4379871
yadL_yadM_yadC_yadK_predicted,2.0588235294117645,50,16,ATTAGCCCGCGTCTAACTGT,34,4391544
yadL_yadM_yadC_yadK_predicted,0.23529411764705882,19,16,ATGTTTGATTATATATGAAG,3,4373074
yadL_yadM_yadC_yadK_predicted,0.11764705882352941,17,16,ATGGTTGGCACCCCTAAACA,1,4380388
yadL_yadM_yadC_yadK_predicted,1.411764705882353,39,16,ATGCACATAAGGACATGCGA,23,4387057
yadL_yadM_yadC_yadK_predicted,1.2352941176470589,36,16,ATAGTTTTTAAGTTAAGTGT,20,4396844
yadL_yadM_yadC_yadK_predicted,0.11764705882352941,17,16,AGTTGGTAAATACTCCCACT,1,4372130
yadL_yadM_yadC_yadK_predicted,0.11764705882352941,17,16,ACTGGGTCAACATGTGAACC,1,4379998
yadL_yadM_yadC_yadK_predicted,1.9411764705882353,48,16,ACTCGGGTTAACGGCATAGG,32,4371066
yadL_yadM_yadC_yadK_predicted,3.3529411764705883,72,16,ACTCCGGTGAACAGCACATC,56,4389704
yadL_yadM_yadC_yadK_predicted,1.7058823529411764,44,16,ACCCGTAAGAATCACAATGA,28,4395783
yadL_yadM_yadC_yadK_predicted,4.823529411764706,97,16,ACCCCTGTGCCAATAATTCT,81,4401630
yadL_yadM_yadC_yadK_predicted,0.7647058823529411,28,16,AATTCCTGGTAAGCAACTGA,12,4398046
yadL_yadM_yadC_yadK_predicted,0.8235294117647058,29,16,AACCTAATCAGCGACATCCA,13,4391072
yadL_yadM_yadC_yadK_predicted,0.11764705882352941,17,16,AAATACCTGTAGGTGAGCAA,1,4395187
yadL_yadM_yadC_yadK_predicted,0.75,26,15,TTTTGTCGTGAGCTCGACTT,11,4375002
yadL_yadM_yadC_yadK_predicted,1.6875,41,15,TTTGGTGGGGACATCTCAAT,26,4372893
yadL_yadM_yadC_yadK_predicted,1.5,38,15,TTTCGTTCTAACTGAAAGAG,23,4370599
yadL_yadM_yadC_yadK_predicted,2.1875,49,15,TTTCGAGCCTTGTTTGAGAA,34,4374357
yadL_yadM_yadC_yadK_predicted,0.125,16,15,TTTATATTTTTAGCTCTCGG,1,4398864
yadL_yadM_yadC_yadK_predicted,2.5625,55,15,TTGTATACGGCCTGGGAAAA,40,4383352
yadL_yadM_yadC_yadK_predicted,1.1875,33,15,TTGGAAGTATCATTCGGCCC,18,4373210
yadL_yadM_yadC_yadK_predicted,2.5,54,15,TTGAGAAGGGCTTAAACGCT,39,4378172
yadL_yadM_yadC_yadK_predicted,0.125,16,15,TTCTACCGCTGTGAGTCTCC,1,4377517
yadL_yadM_yadC_yadK_predicted,0.75,26,15,TTCGTACCCCTATGTGTAAC,11,4384110
yadL_yadM_yadC_yadK_predicted,0.125,16,15,TTCCCGGCGGATTGCCTTAC,1,4376116
yadL_yadM_yadC_yadK_predicted,0.25,18,15,TTAGAAGCCGCCCACTTTTC,3,4377903
yadL_yadM_yadC_yadK_predicted,1.625,40,15,TGTTCGGTACGGGTTGGGCA,25,4372553
yadL_yadM_yadC_yadK_predicted,0.125,16,15,TGGGCATGTGCTCCCGCTTT,1,4392120
yadL_yadM_yadC_yadK_predicted,0.5,22,15,TGGACGCTTCGTTGTCCTTT,7,4382778
yadL_yadM_yadC_yadK_predicted,1.1875,33,15,TGAGGGCAGACTGAAATACA,18,4375029
yadL_yadM_yadC_yadK_predicted,1.1875,33,15,TCGAACGATAAACGTGCTCT,18,4384792
yadL_yadM_yadC_yadK_predicted,1.875,44,15,TCCGTCATCTTAATGGCAGT,29,4385677
yadL_yadM_yadC_yadK_predicted,1.6875,41,15,TCATGCGCATATAAACACTG,26,4394002
yadL_yadM_yadC_yadK_predicted,2.5625,55,15,TCAACCTCATCCGGAGTCAG,40,4375603
yadL_yadM_yadC_yadK_predicted,0.875,28,15,TATCGCAATGACTTTATTCG,13,4371177
yadL_yadM_yadC_yadK_predicted,2.3125,51,15,TAGGTACCGCAGACGTCGAA,36,4391305
yadL_yadM_yadC_yadK_predicted,4.5625,87,15,TACCCCGGGGTGAAATAGTC,72,4396101
yadL_yadM_yadC_yadK_predicted,2.9375,61,15,GTTTAACTGTTAGCACTACA,46,4393670
yadL_yadM_yadC_yadK_predicted,0.6875,25,15,GTATACTCGTATACCGAGAG,10,4380200
yadL_yadM_yadC_yadK_predicted,0.5625,23,15,GTAGGGGCTGACGGTTAGGA,8,4374303
yadL_yadM_yadC_yadK_predicted,0.125,16,15,GGTCCTAGACCGAAAACTCG,1,4375245
yadL_yadM_yadC_yadK_predicted,1.8125,43,15,GGTCACTATGGGTCCGTACG,28,4371798
yadL_yadM_yadC_yadK_predicted,5.6875,105,15,GGGTCGAGTAGCGGCCAAGC,90,4385959
yadL_yadM_yadC_yadK_predicted,0.625,24,15,GGGGGCTGTACGTGCCTTGA,9,4382149
yadL_yadM_yadC_yadK_predicted,1.9375,45,15,GGGAGTAAGTCAACCGTCAT,30,4373820
yadL_yadM_yadC_yadK_predicted,2.625,56,15,GGAGCACCCAATCCGTGCGC,41,4377104
yadL_yadM_yadC_yadK_predicted,1.8125,43,15,GCTTTTGAACTCTCGACCAG,28,4376899
yadL_yadM_yadC_yadK_predicted,0.375,20,15,GCTGTTTTTCCGGTGCCCGT,5,4397815
yadL_yadM_yadC_yadK_predicted,0.25,18,15,GCGTAAGCAGCAATCGCCGA,3,4373119
yadL_yadM_yadC_yadK_predicted,2.9375,61,15,GCATGCCAGGCTGCGGGGTC,46,4395522
yadL_yadM_yadC_yadK_predicted,0.875,28,15,GCAACTACAGTAAGGTTTGG,13,4386569
yadL_yadM_yadC_yadK_predicted,2.375,52,15,GACTCTATGTGTGTGCACCT,37,4390704
yadL_yadM_yadC_yadK_predicted,0.5625,23,15,GAATACTTCTTGGTTCGTTT,8,4392189
yadL_yadM_yadC_yadK_predicted,0.125,16,15,GAACTGCCTTTAGGCAAGGT,1,4383862
yadL_yadM_yadC_yadK_predicted,2.625,56,15,CTTTGTAGTTTATGACTCAT,41,4370346
yadL_yadM_yadC_yadK_predicted,0.125,16,15,CTTTAAAATCCCCGTCTAGG,1,4397335
yadL_yadM_yadC_yadK_predicted,2.4375,53,15,CTTGCTCTGGCCAGTGTTAG,38,4376124
yadL_yadM_yadC_yadK_predicted,0.125,16,15,CTTCGACGAACGCGCGCAAC,1,4374099
yadL_yadM_yadC_yadK_predicted,0.125,16,15,CTGGTCGGATGGACACCTTA,1,4391509
yadL_yadM_yadC_yadK_predicted,0.5625,23,15,CTGCGGGGGGTCTTCTCATC,8,4392508
yadL_yadM_yadC_yadK_predicted,1.9375,45,15,CTCGCGCTGGCGTGGGTTAG,30,4383872
yadL_yadM_yadC_yadK_predicted,0.5,22,15,CTCGACATTGATCCTAACGT,7,4395570
yadL_yadM_yadC_yadK_predicted,1.625,40,15,CTCCCTGTTCCGACTTACAC,25,4402476
yadL_yadM_yadC_yadK_predicted,1.5,38,15,CTCACCTAATCAAACAAAAG,23,4373939
yadL_yadM_yadC_yadK_predicted,0.6875,25,15,CTAGGCTCTCGACGTAGAGA,10,4376397
yadL_yadM_yadC_yadK_predicted,0.3125,19,15,CTAGGATGAATTAGAATGGT,4,4393936
yadL_yadM_yadC_yadK_predicted,1.0,30,15,CTACGTCGCTACGGAAATTC,15,4397150
yadL_yadM_yadC_yadK_predicted,0.25,18,15,CGGGTATTTCACAACTTTTG,3,4378972
yadL_yadM_yadC_yadK_predicted,0.25,18,15,CGGCAGTCTCCGGGGATTTA,3,4382420
yadL_yadM_yadC_yadK_predicted,4.0,78,15,CGGATTGTGGGCGGAGTAGT,63,4392593
yadL_yadM_yadC_yadK_predicted,1.8125,43,15,CGCTAGGGTCAAGCGTGTGA,28,4393666
yadL_yadM_yadC_yadK_predicted,0.875,28,15,CGCGAAGTGATGATCGATGT,13,4399380
yadL_yadM_yadC_yadK_predicted,0.375,20,15,CGCCTCCGGCAGCAAAATTT,5,4384994
yadL_yadM_yadC_yadK_predicted,2.375,52,15,CGCAGAATGCCTCGAGCTGT,37,4373614
yadL_yadM_yadC_yadK_predicted,0.125,16,15,CCTAAAATCGATGTTCGTGC,1,4380213
yadL_yadM_yadC_yadK_predicted,1.25,34,15,CCATTAAAGGCATGTTGTCA,19,4386740
yadL_yadM_yadC_yadK_predicted,0.375,20,15,CCAGCGGAAGCTGCGCACAA,5,4385414
yadL_yadM_yadC_yadK_predicted,1.8125,43,15,CCACGCGGAAGGGTCCGCAA,28,4380383
yadL_yadM_yadC_yadK_predicted,2.1875,49,15,CAGATTGGGGATCGTCGCGT,34,4383393
yadL_yadM_yadC_yadK_predicted,0.8125,27,15,CACTGTCTGGCTGCCACCCA,12,4374910
yadL_yadM_yadC_yadK_predicted,0.4375,21,15,CACAGCGGAACAGTTCCTAA,6,4377749
yadL_yadM_yadC_yadK_predicted,2.375,52,15,ATTGTCATAGGGTTCACCTA,37,4383496
yadL_yadM_yadC_yadK_predicted,1.1875,33,15,ATGTAGTGGCCTCTATGCGT,18,4382608
yadL_yadM_yadC_yadK_predicted,2.0625,47,15,ATGCGTGAAGGCCGGGCGGA,32,4393029
yadL_yadM_yadC_yadK_predicted,1.5,38,15,ATGACTTCATTCCACCTTTC,23,4376265
yadL_yadM_yadC_yadK_predicted,0.125,16,15,ATCCCAGTGCGCAAGCGTAG,1,4375089
yadL_yadM_yadC_yadK_predicted,0.5625,23,15,ATCACGAGGAATTTAGAGCA,8,4377786
yadL_yadM_yadC_yadK_predicted,3.25,66,15,ATATACCGATGGTAGAGTTA,51,4390523
yadL_yadM_yadC_yadK_predicted,0.3125,19,15,AGTCCATGCCATATCTGGAT,4,4394492
yadL_yadM_yadC_yadK_predicted,0.8125,27,15,AGGGGATGAAGGTAGATTCG,12,4374511
yadL_yadM_yadC_yadK_predicted,0.1875,17,15,AGGGAGCACATTCCATACAT,2,4391216
yadL_yadM_yadC_yadK_predicted,0.6875,25,15,ACTTTATAGAATGTAGAAGT,10,4391250
yadL_yadM_yadC_yadK_predicted,1.6875,41,15,ACTACATGCCCGCCCTTAAT,26,4370526
yadL_yadM_yadC_yadK_predicted,0.25,18,15,ACCGACACACGCTGATACTC,3,4402060
yadL_yadM_yadC_yadK_predicted,1.875,44,15,ACCCACAGGTCATAGTGTAG,29,4372659
yadL_yadM_yadC_yadK_predicted,0.6875,25,15,ACATCGGTCGATCGGCGTTT,10,4373796
yadL_yadM_yadC_yadK_predicted,1.0625,31,15,ACAATAATGCCAGCGCTTGT,16,4371900
yadL_yadM_yadC_yadK_predicted,2.4375,53,15,AACCTTTGTCAAGCCAGCGA,38,4370328
yadL_yadM_yadC_yadK_predicted,2.533333333333333,51,14,TTTAAGCTGCGAAGTAAACG,37,4380080
yadL_yadM_yadC_yadK_predicted,2.3333333333333335,48,14,TTGACCAAAAAATGTGTGCA,34,4373736
yadL_yadM_yadC_yadK_predicted,4.066666666666666,74,14,TTACTTGCACCGTGCGGTGG,60,4390804
yadL_yadM_yadC_yadK_predicted,3.2666666666666666,62,14,TGTGTGGCAGTTAATCGTAT,48,4400395
yadL_yadM_yadC_yadK_predicted,0.8,25,14,TGTCCTTATAGGTGGCCTGA,11,4370230
yadL_yadM_yadC_yadK_predicted,3.533333333333333,66,14,TGTAGTCCTGAGCAGAAGCT,52,4375912
yadL_yadM_yadC_yadK_predicted,3.2666666666666666,62,14,TGGGCCATTCCAGTTGTTTG,48,4400924
yadL_yadM_yadC_yadK_predicted,2.3333333333333335,48,14,TGGAAATTCTGAGTTTAAGA,34,4385607
yadL_yadM_yadC_yadK_predicted,1.0666666666666667,29,14,TGCATTTCATTAGGCCCGCT,15,4391514
yadL_yadM_yadC_yadK_predicted,0.2,16,14,TCGGTGCTCGCACGGCGGCT,2,4390244
yadL_yadM_yadC_yadK_predicted,1.6,37,14,TCGCAGAGGACTGCGATAAT,23,4390052
yadL_yadM_yadC_yadK_predicted,1.5333333333333334,36,14,TCAACTCCTCTCGATAAGGG,22,4373182
yadL_yadM_yadC_yadK_predicted,2.4,49,14,TATGTACACCTTAAAGACTG,35,4371628
yadL_yadM_yadC_yadK_predicted,1.6,37,14,TATACCCTCGGCTGAAGGCT,23,4378590
yadL_yadM_yadC_yadK_predicted,0.9333333333333333,27,14,GTGCAATGGAGTGTCCTGTG,13,4395795
yadL_yadM_yadC_yadK_predicted,0.2,16,14,GTCTTTTCAGCGGCATACTA,2,4376875
yadL_yadM_yadC_yadK_predicted,1.6,37,14,GTAGGCTATGCGGGTTCTAA,23,4372274
yadL_yadM_yadC_yadK_predicted,0.13333333333333333,15,14,GGTCGGTAGTTCACTCAGAC,1,4398303
yadL_yadM_yadC_yadK_predicted,1.4666666666666666,35,14,GGCGACTGAGAAATCTACCT,21,4381355
yadL_yadM_yadC_yadK_predicted,1.8666666666666667,41,14,GGCAAGGGCGGGGTACCAAA,27,4389443
yadL_yadM_yadC_yadK_predicted,2.6,52,14,GGAGTTCTTCAAATGTGCCG,38,4382929
yadL_yadM_yadC_yadK_predicted,3.7333333333333334,69,14,GGAGCTTAAGACGAACGAAT,55,4378140
yadL_yadM_yadC_yadK_predicted,0.9333333333333333,27,14,GGAATTCGGTCGGTACAGTA,13,4378574
yadL_yadM_yadC_yadK_predicted,0.4,19,14,GCTCGTAGACTGACTTGTCA,5,4370811
yadL_yadM_yadC_yadK_predicted,0.4666666666666667,20,14,GCTCCGACCTGAGTTCTATT,6,4384775
yadL_yadM_yadC_yadK_predicted,1.2666666666666666,32,14,GCCCGCGTCGTGACCTCTTT,18,4380267
yadL_yadM_yadC_yadK_predicted,2.4,49,14,GCAAATGGTGGTCGCTTCAC,35,4383520
yadL_yadM_yadC_yadK_predicted,1.0,28,14,GAGAATTCGAATTGAATAGC,14,4383868
yadL_yadM_yadC_yadK_predicted,0.8,25,14,GACGCCCACCCCTCGGTCTA,11,4388300
yadL_yadM_yadC_yadK_predicted,2.3333333333333335,48,14,CTTCTCCTCCATAGCGTTAG,34,4400454
yadL_yadM_yadC_yadK_predicted,0.8666666666666667,26,14,CTTACATGTTGGTTCAGGTA,12,4390633
yadL_yadM_yadC_yadK_predicted,0.9333333333333333,27,14,CTGGCGATGGCCCAAGTGTT,13,4400762
yadL_yadM_yadC_yadK_predicted,1.4666666666666666,35,14,CTGGCAGAACTCACACGACA,21,4390886
yadL_yadM_yadC_yadK_predicted,3.4,64,14,CTGAGGGGAGTACATGTCGT,50,4386937
yadL_yadM_yadC_yadK_predicted,3.3333333333333335,63,14,CTCCGTAGCCAACAGCCTTT,49,4394395
yadL_yadM_yadC_yadK_predicted,0.6,22,14,CTCAGTCGTATGCCAGAGGG,8,4377176
yadL_yadM_yadC_yadK_predicted,3.1333333333333333,60,14,CTAGTTACGCTGCGATGGAC,46,4379896
yadL_yadM_yadC_yadK_predicted,1.2666666666666666,32,14,CGTGCACCCAAGACCGATAT,18,4372807
yadL_yadM_yadC_yadK_predicted,1.7333333333333334,39,14,CGTATGCAGGTTCGGTAAGA,25,4379192
yadL_yadM_yadC_yadK_predicted,1.0666666666666667,29,14,CGGTTATGATGCGTTCTGAT,15,4378153
yadL_yadM_yadC_yadK_predicted,3.0,58,14,CGGCGGCTGATGCAGAGCTT,44,4377015
yadL_yadM_yadC_yadK_predicted,0.9333333333333333,27,14,CGCGGTCACAGAGGGATTGT,13,4399837
yadL_yadM_yadC_yadK_predicted,0.9333333333333333,27,14,CGATCCTTGGAGGGACCCAC,13,4401626
yadL_yadM_yadC_yadK_predicted,2.4,49,14,CGAAGTGTGGTTAAAAAACT,35,4375745
yadL_yadM_yadC_yadK_predicted,0.13333333333333333,15,14,CCATATATTAGTTATTAAGT,1,4395852
yadL_yadM_yadC_yadK_predicted,0.3333333333333333,18,14,CATATTCGTCTACAAATGGA,4,4390620
yadL_yadM_yadC_yadK_predicted,0.5333333333333333,21,14,CATACGTAGTAGCCTTGTAT,7,4379035
yadL_yadM_yadC_yadK_predicted,3.2666666666666666,62,14,CAGGACCAACCAAGGGTTTA,48,4400196
yadL_yadM_yadC_yadK_predicted,0.8666666666666667,26,14,CAGCGAGCTGCTGGCCGGTG,12,4391989
yadL_yadM_yadC_yadK_predicted,2.6666666666666665,53,14,CAGATTCATGGAGCCCAAGT,39,4399034
yadL_yadM_yadC_yadK_predicted,0.6666666666666666,23,14,CACTGACCGTTCAAAACTTA,9,4379424
yadL_yadM_yadC_yadK_predicted,1.1333333333333333,30,14,CACGTGGGTTCTCCTCTTCA,16,4393678
yadL_yadM_yadC_yadK_predicted,4.0,73,14,CAATAACGAACCCCCTACTT,59,4374123
yadL_yadM_yadC_yadK_predicted,0.8,25,14,CAAGATAACACGAGATGATC,11,4400051
yadL_yadM_yadC_yadK_predicted,8.6,142,14,ATTGACGGATTCCGATTTGA,128,4390176
yadL_yadM_yadC_yadK_predicted,0.4666666666666667,20,14,ATTATCGGTCTCCGGTGTCT,6,4394741
yadL_yadM_yadC_yadK_predicted,2.466666666666667,50,14,ATGATGTCCCCATCCACTTT,36,4392520
yadL_yadM_yadC_yadK_predicted,1.7333333333333334,39,14,ATCGCAGTGTTACTGCAGAG,25,4392261
yadL_yadM_yadC_yadK_predicted,1.2666666666666666,32,14,ATAGGACCTCCTTAGTTCAT,18,4388205
yadL_yadM_yadC_yadK_predicted,6.266666666666667,107,14,ATAACAGGGCATGGTCGTCT,93,4372389
yadL_yadM_yadC_yadK_predicted,0.4,19,14,AGTGTACCCCCAGCCAACCG,5,4371965
yadL_yadM_yadC_yadK_predicted,1.0666666666666667,29,14,AGTCATCACGCTCCCGTCCT,15,4382457
yadL_yadM_yadC_yadK_predicted,0.26666666666666666,17,14,AGCTACATTGCGGTGTATAT,3,4372264
yadL_yadM_yadC_yadK_predicted,1.8,40,14,AGCCGTTACAATCATCGTGT,26,4375524
yadL_yadM_yadC_yadK_predicted,1.4666666666666666,35,14,AGCCAAGAGTCTTTAGGACC,21,4386153
yadL_yadM_yadC_yadK_predicted,2.4,49,14,AGACGCGCTTGGAAGAAGTG,35,4376361
yadL_yadM_yadC_yadK_predicted,2.6666666666666665,53,14,ACTCTCACAGGTTGAAAAAC,39,4393461
yadL_yadM_yadC_yadK_predicted,2.3333333333333335,48,14,ACCTTGCCATTCATCTTTGG,34,4394063
yadL_yadM_yadC_yadK_predicted,3.6666666666666665,68,14,ACCATGTCAGGATCCAGCGA,54,4396865
yadL_yadM_yadC_yadK_predicted,3.6,67,14,AAGGTGCAAAGGTCAAATAG,53,4382475
yadL_yadM_yadC_yadK_predicted,1.9333333333333333,42,14,AAGCACGATGCCTGAAGGTA,28,4392313
yadL_yadM_yadC_yadK_predicted,0.8666666666666667,26,14,AACTGTACAACGGTCACGAT,12,4380471
yadL_yadM_yadC_yadK_predicted,0.8666666666666667,26,14,AACTGAGCGTTGGGTTCCCA,12,4377036
yadL_yadM_yadC_yadK_predicted,2.533333333333333,51,14,AACGGTGTGAAAAGATAAAT,37,4400095
yadL_yadM_yadC_yadK_predicted,3.4,64,14,AACAATCAGATAATGAATGT,50,4384756
yadL_yadM_yadC_yadK_predicted,0.7333333333333333,24,14,AAACCGGATGGGAGGTCAAT,10,4399994
yadL_yadM_yadC_yadK_predicted,3.6,67,14,AAAAGGCATATTCCACAGTA,53,4375109
yadL_yadM_yadC_yadK_predicted,3.142857142857143,56,13,TTGCCGGGATATGGTTATCA,43,4395526
yadL_yadM_yadC_yadK_predicted,2.357142857142857,45,13,TTGCCGACACGTCGCTGGGA,32,4382723
yadL_yadM_yadC_yadK_predicted,0.14285714285714285,14,13,TTCCCAGTTCTTATAAAAAA,1,4380967
yadL_yadM_yadC_yadK_predicted,0.14285714285714285,14,13,TGTTAATCATTTACGTACAG,1,4395104
yadL_yadM_yadC_yadK_predicted,0.14285714285714285,14,13,TGTAGGGATCCAGACGAACA,1,4393196
yadL_yadM_yadC_yadK_predicted,2.2857142857142856,44,13,TGCCACGGTTATCGGCAACG,31,4371925
yadL_yadM_yadC_yadK_predicted,0.14285714285714285,14,13,TGCATCAAGACATGTCAACG,1,4395014
yadL_yadM_yadC_yadK_predicted,0.5,19,13,TGAATTCCACCATTCTTTAG,6,4396367
yadL_yadM_yadC_yadK_predicted,0.2857142857142857,16,13,TCGGTTACCTAACCCGTCGT,3,4382230
yadL_yadM_yadC_yadK_predicted,0.7142857142857143,22,13,TCGGAGAGGCTGTGATGAGT,9,4397835
yadL_yadM_yadC_yadK_predicted,0.14285714285714285,14,13,TCCAGATGATCCTGGTGGAT,1,4400953
yadL_yadM_yadC_yadK_predicted,0.35714285714285715,17,13,TATGTCCTTAAAGGGTTATT,4,4382201
yadL_yadM_yadC_yadK_predicted,2.142857142857143,42,13,TAGCAAGAGCGACGCGGCTC,29,4393483
yadL_yadM_yadC_yadK_predicted,2.4285714285714284,46,13,TAATACATCACCGGCCGCAA,33,4388282
yadL_yadM_yadC_yadK_predicted,4.214285714285714,71,13,TAAGTTTGCTTTTTCTCATT,58,4397018
yadL_yadM_yadC_yadK_predicted,7.214285714285714,113,13,TAACGACCAACGGCACCAAC,100,4390576
yadL_yadM_yadC_yadK_predicted,1.7857142857142858,37,13,GTTACGGCGCTGATTAGCCC,24,4399554
yadL_yadM_yadC_yadK_predicted,0.14285714285714285,14,13,GTTAATCAGCTTAATTCTGT,1,4381864
yadL_yadM_yadC_yadK_predicted,1.7857142857142858,37,13,GTCTCGGCGTCGAGTAGAAG,24,4375819
yadL_yadM_yadC_yadK_predicted,5.857142857142857,94,13,GTCCGCCAACGAATACACGA,81,4381837
yadL_yadM_yadC_yadK_predicted,0.21428571428571427,15,13,GTCCCACGTACCCGCAAAGC,2,4383143
yadL_yadM_yadC_yadK_predicted,5.071428571428571,83,13,GTCACGAGTTCCTCATCTGT,70,4394432
yadL_yadM_yadC_yadK_predicted,3.9285714285714284,67,13,GGCGTGTTCCTTCAATCGAA,54,4383013
yadL_yadM_yadC_yadK_predicted,1.4285714285714286,32,13,GGCCAGCTCGATTTATAGCC,19,4391262
yadL_yadM_yadC_yadK_predicted,2.2857142857142856,44,13,GCTGATGACCATTAAACTAA,31,4379317
yadL_yadM_yadC_yadK_predicted,0.5714285714285714,20,13,GCTCTGTGACGGCATAATAG,7,4387127
yadL_yadM_yadC_yadK_predicted,0.21428571428571427,15,13,GCTCGGACCCCCTACCCACC,2,4397133
yadL_yadM_yadC_yadK_predicted,3.0,54,13,GCTCGCGTCTCATAGGTTGA,41,4377870
yadL_yadM_yadC_yadK_predicted,2.857142857142857,52,13,GCTACATAAATATGATCCAT,39,4396972
yadL_yadM_yadC_yadK_predicted,1.0,26,13,GCGTAATTCGTCCCTATGAT,13,4388811
yadL_yadM_yadC_yadK_predicted,0.9285714285714286,25,13,GCACCTAAGACGAGATTTTG,12,4377119
yadL_yadM_yadC_yadK_predicted,0.14285714285714285,14,13,GCACAATACACGGGAGATGC,1,4382636
yadL_yadM_yadC_yadK_predicted,1.7142857142857142,36,13,GATGGGGCTACACGTAAGTT,23,4400111
yadL_yadM_yadC_yadK_predicted,2.7857142857142856,51,13,GAGTTAGGGACTGATACAAG,38,4397689
yadL_yadM_yadC_yadK_predicted,0.14285714285714285,14,13,GAGCGTTTCTCATATCGGCA,1,4374265
yadL_yadM_yadC_yadK_predicted,0.35714285714285715,17,13,GACGGCAAGCCTAATACACA,4,4382879
yadL_yadM_yadC_yadK_predicted,1.8571428571428572,38,13,GACGACAACCTCGCCAGGTT,25,4378186
yadL_yadM_yadC_yadK_predicted,5.785714285714286,93,13,GACCGACCCCATACCTCATA,80,4390118
yadL_yadM_yadC_yadK_predicted,1.0,26,13,GACCAGGACCCACTCGGTTC,13,4370910
yadL_yadM_yadC_yadK_predicted,0.5714285714285714,20,13,GAATTAAAATTAGGCTGAAC,7,4370752
yadL_yadM_yadC_yadK_predicted,2.0714285714285716,41,13,GAATGTACCCTCGTGATAGG,28,4388115
yadL_yadM_yadC_yadK_predicted,5.142857142857143,84,13,CTTTGCCAAGGCTTACGCAT,71,4382168
yadL_yadM_yadC_yadK_predicted,1.0714285714285714,27,13,CTTGGCTCCTAAAGGGTGCT,14,4390333
yadL_yadM_yadC_yadK_predicted,2.5714285714285716,48,13,CTTGCGTGATTGACGGTTCT,35,4402349
yadL_yadM_yadC_yadK_predicted,1.9285714285714286,39,13,CTGTGCTCTCTACGTCACGC,26,4373014
yadL_yadM_yadC_yadK_predicted,1.4285714285714286,32,13,CTCTTATTGTGCACAATAGA,19,4374539
yadL_yadM_yadC_yadK_predicted,0.7142857142857143,22,13,CTCAAATTTTGACAATCTAA,9,4396454
yadL_yadM_yadC_yadK_predicted,1.5714285714285714,34,13,CGGTTGCAATTTACGCTCCT,21,4387059
yadL_yadM_yadC_yadK_predicted,1.2857142857142858,30,13,CGGCTCTCCGGCCGTTTATG,17,4383668
yadL_yadM_yadC_yadK_predicted,3.7142857142857144,64,13,CGGCAGCTGGGAAGAAGTTG,51,4381815
yadL_yadM_yadC_yadK_predicted,2.9285714285714284,53,13,CGGATGAGTTGTGAAGTGGT,40,4395706
yadL_yadM_yadC_yadK_predicted,2.5,47,13,CGGACAGATGCCTTCTTTAG,34,4391771
yadL_yadM_yadC_yadK_predicted,0.2857142857142857,16,13,CGCTACCCAGGGGTCTAGAA,3,4396824
yadL_yadM_yadC_yadK_predicted,4.071428571428571,69,13,CGCCCATACCCTTGCGTGCA,56,4393784
yadL_yadM_yadC_yadK_predicted,6.785714285714286,107,13,CGATCCTCCTCATGCAACCT,94,4381733
yadL_yadM_yadC_yadK_predicted,2.642857142857143,49,13,CGACTGGGGCGTTAAACGGG,36,4391138
yadL_yadM_yadC_yadK_predicted,1.9285714285714286,39,13,CCCGGGTGGCCTTTGGCGAA,26,4391421
yadL_yadM_yadC_yadK_predicted,0.2857142857142857,16,13,CCCGCCGGAATTGTTCTACC,3,4376988
yadL_yadM_yadC_yadK_predicted,2.0714285714285716,41,13,CCCGCATAAAGACTTTATGA,28,4379763
yadL_yadM_yadC_yadK_predicted,0.7142857142857143,22,13,CCAATTCCGAAGGACATGGA,9,4378034
yadL_yadM_yadC_yadK_predicted,0.7142857142857143,22,13,CCAAATAGTTGTGATATCGG,9,4377205
yadL_yadM_yadC_yadK_predicted,3.7857142857142856,65,13,CACGAGTTCAGGGGCAGTAT,52,4372384
yadL_yadM_yadC_yadK_predicted,2.5,47,13,CACCGCAATGCGGATTTTAA,34,4380992
yadL_yadM_yadC_yadK_predicted,0.6428571428571429,21,13,CAATCCCACTTCGGCTGGCA,8,4372894
yadL_yadM_yadC_yadK_predicted,0.14285714285714285,14,13,CAAATAGATATGTTTCATCA,1,4378513
yadL_yadM_yadC_yadK_predicted,3.2857142857142856,58,13,ATTGTCAGACAAGCAATCAG,45,4384959
yadL_yadM_yadC_yadK_predicted,2.2142857142857144,43,13,ATGGTACCATCATCGAGGCA,30,4375298
yadL_yadM_yadC_yadK_predicted,1.4285714285714286,32,13,ATGAATTGCGGTAATGGCTT,19,4400540
yadL_yadM_yadC_yadK_predicted,0.21428571428571427,15,13,ATCGGATGTACAACAGGGCA,2,4383341
yadL_yadM_yadC_yadK_predicted,6.785714285714286,107,13,ATATGGAGCCGGGATATGGC,94,4384494
yadL_yadM_yadC_yadK_predicted,0.14285714285714285,14,13,ATACCTGGCGAGGAGGCGAA,1,4376345
yadL_yadM_yadC_yadK_predicted,0.21428571428571427,15,13,AGTTTGCCACGCCAAGCTGT,2,4380701
yadL_yadM_yadC_yadK_predicted,0.9285714285714286,25,13,AGGACCTGAGTGACTAGGGG,12,4392655
yadL_yadM_yadC_yadK_predicted,0.14285714285714285,14,13,AGCTTAATACCCCATCCGGT,1,4380333
yadL_yadM_yadC_yadK_predicted,0.21428571428571427,15,13,AGCGATGGTAGAGCAGGGTT,2,4378010
yadL_yadM_yadC_yadK_predicted,1.5714285714285714,34,13,AGCATTTGGTACGAAGGGGC,21,4378806
yadL_yadM_yadC_yadK_predicted,1.0,26,13,AGAGGTCGGGACGAAGCCGA,13,4397891
yadL_yadM_yadC_yadK_predicted,3.0,54,13,AGAGCGTCGGTAGCGGGAGC,41,4381764
yadL_yadM_yadC_yadK_predicted,0.14285714285714285,14,13,ACTGGAGTCGCCCGTAATTT,1,4373868
yadL_yadM_yadC_yadK_predicted,1.5,33,13,ACGGCTACCTACACCGGAGG,20,4374702
yadL_yadM_yadC_yadK_predicted,2.142857142857143,42,13,ACGCCATCACGCCGTGTGAA,29,4396883
yadL_yadM_yadC_yadK_predicted,0.21428571428571427,15,13,ACCCGAGCACCGCTTTTTAA,2,4381479
yadL_yadM_yadC_yadK_predicted,1.1428571428571428,28,13,ACACGAAGAATGCCCACAGT,15,4393400
yadL_yadM_yadC_yadK_predicted,4.214285714285714,71,13,AATTTAGCCCACGCTTCGCA,58,4378106
yadL_yadM_yadC_yadK_predicted,2.357142857142857,45,13,AAGTTCAGCTCTCGCGTGGG,32,4373303
yadL_yadM_yadC_yadK_predicted,1.6153846153846154,32,12,TTTCTTTGCGGTGGACGAAT,20,4390688
yadL_yadM_yadC_yadK_predicted,0.15384615384615385,13,12,TTTATGTATTCCGGCTAGAG,1,4383034
yadL_yadM_yadC_yadK_predicted,0.8461538461538461,22,12,TTTAAGTGCCCTCTAAGCTG,10,4378750
yadL_yadM_yadC_yadK_predicted,0.3076923076923077,15,12,TTCTTTGGAGGAAGGCCGTT,3,4376623
yadL_yadM_yadC_yadK_predicted,1.6923076923076923,33,12,TTCCCGCATCTGTGGTCGTA,21,4401270
yadL_yadM_yadC_yadK_predicted,4.384615384615385,68,12,TTCATGTATCCTCTGACGTA,56,4377260
yadL_yadM_yadC_yadK_predicted,1.2307692307692308,27,12,TTAGGCGTTGAGTTATACGG,15,4374182
yadL_yadM_yadC_yadK_predicted,6.0,89,12,TGGTGTTACCTATATAACGT,77,4371384
yadL_yadM_yadC_yadK_predicted,5.0,76,12,TGGAGAATAACTATGTGTCT,64,4370747
yadL_yadM_yadC_yadK_predicted,2.6153846153846154,45,12,TGCTGCGAGGAGGCTTAGCA,33,4383715
yadL_yadM_yadC_yadK_predicted,1.2307692307692308,27,12,TGCGCTACGGTTCCGGTGTT,15,4392230
yadL_yadM_yadC_yadK_predicted,0.15384615384615385,13,12,TGAAAACGCAGAGACACGCT,1,4386424
yadL_yadM_yadC_yadK_predicted,0.8461538461538461,22,12,TCGCCCCATATTCGGGACAT,10,4370327
yadL_yadM_yadC_yadK_predicted,0.6153846153846154,19,12,TCGCATTAGCGATTATTACG,7,4386641
yadL_yadM_yadC_yadK_predicted,0.46153846153846156,17,12,TCGCAAGTGCGCAGTGCGGT,5,4386776
yadL_yadM_yadC_yadK_predicted,0.7692307692307693,21,12,TCCTCCAAATCCGTTTATAG,9,4391834
yadL_yadM_yadC_yadK_predicted,3.0,50,12,TATTACTGGCGACTGCAACC,38,4380578
yadL_yadM_yadC_yadK_predicted,1.4615384615384615,30,12,TATGCATTGCGGGGGGCTTC,18,4384022
yadL_yadM_yadC_yadK_predicted,1.6923076923076923,33,12,TACCGTCGGGCTGTTGTTGC,21,4397725
yadL_yadM_yadC_yadK_predicted,3.6923076923076925,59,12,TACCATCCGCGGTCTACATA,47,4373150
yadL_yadM_yadC_yadK_predicted,1.6153846153846154,32,12,TACAGGCCCGACGGGAGGAA,20,4383221
yadL_yadM_yadC_yadK_predicted,1.6923076923076923,33,12,GTTGGGAAGTTATCAGAAAG,21,4391990
yadL_yadM_yadC_yadK_predicted,1.6923076923076923,33,12,GTTAGTAGCTCGGAACAGTC,21,4378676
yadL_yadM_yadC_yadK_predicted,1.7692307692307692,34,12,GTGGTATCGGCGAATGGTTA,22,4392153
yadL_yadM_yadC_yadK_predicted,4.769230769230769,73,12,GTACCCGACTCTTTTTGGAC,61,4384467
yadL_yadM_yadC_yadK_predicted,0.8461538461538461,22,12,GGGTTCCAGTCAAGTTCATA,10,4373662
yadL_yadM_yadC_yadK_predicted,2.8461538461538463,48,12,GGGTATCCGGATCCCAACCA,36,4372513
yadL_yadM_yadC_yadK_predicted,4.230769230769231,66,12,GGGGCAAAGGGCTGTGCGGT,54,4391603
yadL_yadM_yadC_yadK_predicted,3.6923076923076925,59,12,GGGACAGACGTATGCAGTTT,47,4374199
yadL_yadM_yadC_yadK_predicted,2.5384615384615383,44,12,GGCACTAACTTAGTCCAGGA,32,4372514
yadL_yadM_yadC_yadK_predicted,5.615384615384615,84,12,GGAGAGAGGGCTCTTCGCCA,72,4393477
yadL_yadM_yadC_yadK_predicted,1.0769230769230769,25,12,GGACTAGGCCGATGACACAA,13,4388133
yadL_yadM_yadC_yadK_predicted,2.1538461538461537,39,12,GGAAGTTTGTACCTCAATAT,27,4373093
yadL_yadM_yadC_yadK_predicted,0.15384615384615385,13,12,GCGTGAGCGGAACGAAGTCA,1,4384921
yadL_yadM_yadC_yadK_predicted,1.4615384615384615,30,12,GCGCGAAACGTCTGTATTAG,18,4400934
yadL_yadM_yadC_yadK_predicted,1.4615384615384615,30,12,GCGACAGATCTTTCTCGGTT,18,4385357
yadL_yadM_yadC_yadK_predicted,5.0,76,12,GCCATGTGGTTCGCCGATAG,64,4390247
yadL_yadM_yadC_yadK_predicted,6.538461538461538,96,12,GCATATCGCCGGCTCATTTG,84,4372510
yadL_yadM_yadC_yadK_predicted,2.076923076923077,38,12,GCAACCTTGCGCGTTCCATC,26,4397800
yadL_yadM_yadC_yadK_predicted,1.9230769230769231,36,12,GATTCCGTAGTATTCTCGCT,24,4376731
yadL_yadM_yadC_yadK_predicted,0.23076923076923078,14,12,GACGCGGAGGTTCTTGCCTA,2,4393414
yadL_yadM_yadC_yadK_predicted,0.15384615384615385,13,12,GACCTCAAGGGAGATGGGCA,1,4391452
yadL_yadM_yadC_yadK_predicted,5.076923076923077,77,12,GACAGCCCTAGTAGATACTA,65,4389215
yadL_yadM_yadC_yadK_predicted,4.076923076923077,64,12,GAAGCAGCAAAAGAGTTTAC,52,4399168
yadL_yadM_yadC_yadK_predicted,1.3076923076923077,28,12,GAAATTGTCACTTAAAGTGA,16,4380886
yadL_yadM_yadC_yadK_predicted,0.15384615384615385,13,12,CTTGTAACGCGGGGTGAGGC,1,4387086
yadL_yadM_yadC_yadK_predicted,1.1538461538461537,26,12,CTGGGAGGGCGCGTGTTGGA,14,4390522
yadL_yadM_yadC_yadK_predicted,1.6923076923076923,33,12,CTGGATTCCTAGATAGACGA,21,4396080
yadL_yadM_yadC_yadK_predicted,5.3076923076923075,80,12,CTCCGGCGATGTAGATTGGT,68,4400219
yadL_yadM_yadC_yadK_predicted,1.4615384615384615,30,12,CTCACACTATATGGCAGGGC,18,4375556
yadL_yadM_yadC_yadK_predicted,2.8461538461538463,48,12,CTATTCGGCCCGGCAATGAT,36,4385834
yadL_yadM_yadC_yadK_predicted,4.384615384615385,68,12,CTATGCCTTCTAAGTCTGGC,56,4378439
yadL_yadM_yadC_yadK_predicted,0.15384615384615385,13,12,CTAATGAGTTGTGGGGCGAT,1,4392453
yadL_yadM_yadC_yadK_predicted,2.4615384615384617,43,12,CGTGGTTTTTGCAGCAGTCT,31,4395962
yadL_yadM_yadC_yadK_predicted,2.3076923076923075,41,12,CGGTAAACTAAAATTCGCTG,29,4370525
yadL_yadM_yadC_yadK_predicted,0.7692307692307693,21,12,CGGGATGGTACAATGTTCAT,9,4377734
yadL_yadM_yadC_yadK_predicted,0.15384615384615385,13,12,CGATTAGTTGATCTAACAAC,1,4383638
yadL_yadM_yadC_yadK_predicted,0.7692307692307693,21,12,CGATAGAGAGTAGAATCGGC,9,4391002
yadL_yadM_yadC_yadK_predicted,0.15384615384615385,13,12,CGACTGGCATTAAGGTATAG,1,4373209
yadL_yadM_yadC_yadK_predicted,1.0769230769230769,25,12,CGAACATATAACGTAAAAAA,13,4387751
yadL_yadM_yadC_yadK_predicted,0.15384615384615385,13,12,CCTTCTAACAACTAGGGCTA,1,4397049
yadL_yadM_yadC_yadK_predicted,0.9230769230769231,23,12,CCTGTGATTATAGAGAACAG,11,4401176
yadL_yadM_yadC_yadK_predicted,0.15384615384615385,13,12,CCTGTGACCTATTCTTCCCA,1,4371347
yadL_yadM_yadC_yadK_predicted,1.2307692307692308,27,12,CCTATCGATTGCTCATTATG,15,4380706
yadL_yadM_yadC_yadK_predicted,0.6153846153846154,19,12,CCGGCTGATCAAACCCATTA,7,4396532
yadL_yadM_yadC_yadK_predicted,2.076923076923077,38,12,CCGGCCATTGAGGTAGTTCT,26,4381388
yadL_yadM_yadC_yadK_predicted,0.6923076923076923,20,12,CCGCATTTGAGCGTAAGTCC,8,4373491
yadL_yadM_yadC_yadK_predicted,1.7692307692307692,34,12,CCAGTTCGCGCACACATAAG,22,4373088
yadL_yadM_yadC_yadK_predicted,1.7692307692307692,34,12,CATTCGACAAGCATCAGCCG,22,4379361
yadL_yadM_yadC_yadK_predicted,4.615384615384615,71,12,CATGAGCCCCTATTACCTGT,59,4401334
yadL_yadM_yadC_yadK_predicted,3.230769230769231,53,12,CAGGCCTTTTAGCGTCTTAG,41,4386445
yadL_yadM_yadC_yadK_predicted,1.0,24,12,CAGCTACTCATGCGGTCAGA,12,4376795
yadL_yadM_yadC_yadK_predicted,2.6923076923076925,46,12,CAGATTATAGGACTACATTG,34,4379997
yadL_yadM_yadC_yadK_predicted,0.15384615384615385,13,12,CAATGGGTCCTAACGCGCCA,1,4395030
yadL_yadM_yadC_yadK_predicted,15.153846153846153,208,12,CAAAATCTCATTCATCGGAC,196,4379727
yadL_yadM_yadC_yadK_predicted,4.076923076923077,64,12,ATTGGCATTGGGATGGGTGT,52,4398917
yadL_yadM_yadC_yadK_predicted,1.4615384615384615,30,12,ATGCACTTTGAGTGTTGTAG,18,4370495
yadL_yadM_yadC_yadK_predicted,1.5384615384615385,31,12,ATCTCTCGGTTCGTTTCTAG,19,4377707
yadL_yadM_yadC_yadK_predicted,0.6923076923076923,20,12,ATCGGACGCATAACGCTGAG,8,4379911
yadL_yadM_yadC_yadK_predicted,2.5384615384615383,44,12,ATCGCTGGCCCGTTCTGGGT,32,4396007
yadL_yadM_yadC_yadK_predicted,3.6923076923076925,59,12,ATCCACCACAGCTTTGCACT,47,4394276
yadL_yadM_yadC_yadK_predicted,0.38461538461538464,16,12,AGGCGGAGATCTAAAATGCA,4,4371602
yadL_yadM_yadC_yadK_predicted,1.4615384615384615,30,12,AGCATCTACCCGACACCGTG,18,4390977
yadL_yadM_yadC_yadK_predicted,1.7692307692307692,34,12,ACTATCTGCGTTAACTGCAG,22,4402240
yadL_yadM_yadC_yadK_predicted,1.9230769230769231,36,12,ACCGAGGTATGATGTGTCAA,24,4378973
yadL_yadM_yadC_yadK_predicted,4.076923076923077,64,12,ACATGCGGGGTGAGGTCCAC,52,4381794
yadL_yadM_yadC_yadK_predicted,1.5384615384615385,31,12,ACAGCGGATTCCATTCTATG,19,4400545
yadL_yadM_yadC_yadK_predicted,1.0769230769230769,25,12,AATTGGTCCGATTGGGAGAA,13,4387498
yadL_yadM_yadC_yadK_predicted,0.5384615384615384,18,12,AATTATGGCAATTTGTATAC,6,4395390
yadL_yadM_yadC_yadK_predicted,1.6153846153846154,32,12,AAGTTCTGGCCGAAGTCCAG,20,4384514
yadL_yadM_yadC_yadK_predicted,0.15384615384615385,13,12,AAAATCCATGATACCCACTC,1,4387952
yadL_yadM_yadC_yadK_predicted,4.666666666666667,66,11,TTTTGAGTACTCATAGGGTG,55,4399169
yadL_yadM_yadC_yadK_predicted,0.6666666666666666,18,11,TTTGTTCAGTTCACATACGT,7,4394013
yadL_yadM_yadC_yadK_predicted,0.5,16,11,TTGTTCCGTATACGAAGCCT,5,4393467
yadL_yadM_yadC_yadK_predicted,4.333333333333333,62,11,TTGCTCTAGGATTAAGACGG,51,4396005
yadL_yadM_yadC_yadK_predicted,0.3333333333333333,14,11,TTGAGTCGTAATGCAACACT,3,4384997
yadL_yadM_yadC_yadK_predicted,3.1666666666666665,48,11,TTCGTAGCGAGAATAAGGCC,37,4396629
yadL_yadM_yadC_yadK_predicted,1.0,22,11,TGTAATGGAGTATCTGGCCC,11,4374822
yadL_yadM_yadC_yadK_predicted,0.16666666666666666,12,11,TGCGAAATCCGGGGCGCAAT,1,4389159
yadL_yadM_yadC_yadK_predicted,1.75,31,11,TGAGTGACGCTGTCGCTGGT,20,4397599
yadL_yadM_yadC_yadK_predicted,0.6666666666666666,18,11,TGAACTAGCAGACTAATGAT,7,4390678
yadL_yadM_yadC_yadK_predicted,1.75,31,11,TCGTGCGCTGCCAACCTTCT,20,4391679
yadL_yadM_yadC_yadK_predicted,3.6666666666666665,54,11,TCGCAGCCGCCGGCCGCACC,43,4371402
yadL_yadM_yadC_yadK_predicted,5.083333333333333,71,11,TCCTAATCCGTTCCCTTTCT,60,4398839
yadL_yadM_yadC_yadK_predicted,4.166666666666667,60,11,TCCCGGGTAAGCTTCCGTGT,49,4388957
yadL_yadM_yadC_yadK_predicted,3.0833333333333335,47,11,TCCATCTCCACTACCTTCTC,36,4384017
yadL_yadM_yadC_yadK_predicted,0.4166666666666667,15,11,TCACCTCAATCCTCAACAAC,4,4381973
yadL_yadM_yadC_yadK_predicted,2.0,34,11,TCAATTTCTTATAACCCCAA,23,4375910
yadL_yadM_yadC_yadK_predicted,0.5833333333333334,17,11,TCAAATCGTTATCGTATCCA,6,4396484
yadL_yadM_yadC_yadK_predicted,1.3333333333333333,26,11,TATGAACGGGCGGAATACGG,15,4381097
yadL_yadM_yadC_yadK_predicted,1.9166666666666667,33,11,TACTTCCACTAGCGGTACCC,22,4393324
yadL_yadM_yadC_yadK_predicted,0.16666666666666666,12,11,TACCTGGACTTTTGGGCCTT,1,4372474
yadL_yadM_yadC_yadK_predicted,2.0833333333333335,35,11,TAATCTACAGTTTCAGCGCG,24,4378096
yadL_yadM_yadC_yadK_predicted,1.5833333333333333,29,11,TAAGGTTTACGTCGCTCTTA,18,4385048
yadL_yadM_yadC_yadK_predicted,0.4166666666666667,15,11,GTTTGGGTAGAAGAGCCATT,4,4393882
yadL_yadM_yadC_yadK_predicted,0.8333333333333334,20,11,GTTTATGGCCGCAACATAGC,9,4383031
yadL_yadM_yadC_yadK_predicted,4.5,64,11,GTTAGATCCATAGGGAAATG,53,4374816
yadL_yadM_yadC_yadK_predicted,0.16666666666666666,12,11,GTGGCCGGTCTGTAAGGGGT,1,4376996
yadL_yadM_yadC_yadK_predicted,1.8333333333333333,32,11,GTATTAGCATCTCTCGCTCT,21,4401510
yadL_yadM_yadC_yadK_predicted,0.25,13,11,GGTGAAGGTACGTATTTATC,2,4387302
yadL_yadM_yadC_yadK_predicted,0.16666666666666666,12,11,GGTCTAAAATTTAACGCGGC,1,4384982
yadL_yadM_yadC_yadK_predicted,4.083333333333333,59,11,GGTCGCCAGACGAGGTCACG,48,4386218
yadL_yadM_yadC_yadK_predicted,3.0,46,11,GGTCCCGTCTGTAACTTAAT,35,4371890
yadL_yadM_yadC_yadK_predicted,2.75,43,11,GGGATGCACGAGTGCAGAAT,32,4400558
yadL_yadM_yadC_yadK_predicted,2.75,43,11,GGGAGGTAATTGATGTGTAT,32,4397228
yadL_yadM_yadC_yadK_predicted,0.16666666666666666,12,11,GGCTTTCGCTGTATTACTCG,1,4395909
yadL_yadM_yadC_yadK_predicted,5.166666666666667,72,11,GGCGTCTTATCGAGAATAAG,61,4374892
yadL_yadM_yadC_yadK_predicted,1.3333333333333333,26,11,GGATGGGATTGTATCAACTG,15,4386331
yadL_yadM_yadC_yadK_predicted,3.6666666666666665,54,11,GGAGGTATCAATGGATCAGA,43,4382010
yadL_yadM_yadC_yadK_predicted,0.25,13,11,GCGCTGGTTCAGTAAATGGC,2,4379692
yadL_yadM_yadC_yadK_predicted,1.6666666666666667,30,11,GCGCACTTCGCTGGGTTAAT,19,4373685
yadL_yadM_yadC_yadK_predicted,1.4166666666666667,27,11,GCGAGCATGCCTACTCGCCC,16,4379310
yadL_yadM_yadC_yadK_predicted,1.25,25,11,GCCTAGATGCGTCTCGGTCG,14,4389254
yadL_yadM_yadC_yadK_predicted,1.25,25,11,GATGCGTCAGTAAGTGCATA,14,4390666
yadL_yadM_yadC_yadK_predicted,0.16666666666666666,12,11,GATCTGCTGCCTCCTGAACA,1,4373023
yadL_yadM_yadC_yadK_predicted,0.5,16,11,GATCTGCAGGAAGTCTAGTT,5,4397978
yadL_yadM_yadC_yadK_predicted,1.75,31,11,GATACAAACAGCCAAAGTCT,20,4392351
yadL_yadM_yadC_yadK_predicted,1.1666666666666667,24,11,GAGTTACTAATCAGACCAGC,13,4397645
yadL_yadM_yadC_yadK_predicted,8.333333333333334,110,11,GAGTGGCTGCCAGCGGGTGA,99,4387428
yadL_yadM_yadC_yadK_predicted,3.6666666666666665,54,11,GAGTAATGTTAGCTATAGTA,43,4379890
yadL_yadM_yadC_yadK_predicted,0.75,19,11,GACTGCATTCCTGGGACCCA,8,4393918
yadL_yadM_yadC_yadK_predicted,0.16666666666666666,12,11,GAATGCGGCCATGGCACGAG,1,4374411
yadL_yadM_yadC_yadK_predicted,0.25,13,11,GAAGGAGGATTCTGGGCAAA,2,4392578
yadL_yadM_yadC_yadK_predicted,3.25,49,11,GAACTAGTGTTGATTATGCT,38,4371555
yadL_yadM_yadC_yadK_predicted,2.9166666666666665,45,11,CTTGGCGTATGGTTGGGGCT,34,4382124
yadL_yadM_yadC_yadK_predicted,3.5833333333333335,53,11,CTTGGCCCAAAATATATGGA,42,4398621
yadL_yadM_yadC_yadK_predicted,1.0,22,11,CTTGCAATGAGGTCGGTTTG,11,4391706
yadL_yadM_yadC_yadK_predicted,1.6666666666666667,30,11,CTGTTGGCATTGCCGCTATT,19,4380890
yadL_yadM_yadC_yadK_predicted,5.916666666666667,81,11,CTGCACTGCCTTGTCACTCA,70,4391454
yadL_yadM_yadC_yadK_predicted,3.0833333333333335,47,11,CTCAGAACACGGGGTGTCCT,36,4390178
yadL_yadM_yadC_yadK_predicted,0.16666666666666666,12,11,CTATTTCGGCTTGAGGCTTC,1,4387832
yadL_yadM_yadC_yadK_predicted,0.25,13,11,CGGCTGAACACGCTTTCAGT,2,4392636
yadL_yadM_yadC_yadK_predicted,0.6666666666666666,18,11,CGCTTGTGCACATCGTCGGG,7,4383851
yadL_yadM_yadC_yadK_predicted,0.3333333333333333,14,11,CGCTTGATTATTACTGGGAA,3,4401512
yadL_yadM_yadC_yadK_predicted,1.0,22,11,CGATCTTACTATGCGCCCCT,11,4387529
yadL_yadM_yadC_yadK_predicted,1.9166666666666667,33,11,CGAGTAATATATCAATAGAA,22,4379914
yadL_yadM_yadC_yadK_predicted,1.4166666666666667,27,11,CGAATCGAGGCTATTACCCT,16,4384106
yadL_yadM_yadC_yadK_predicted,0.9166666666666666,21,11,CCTTGTGGGTAGGGGGCCTA,10,4384673
yadL_yadM_yadC_yadK_predicted,3.0833333333333335,47,11,CCTCCAATTAGCAACCCTCG,36,4382391
yadL_yadM_yadC_yadK_predicted,1.8333333333333333,32,11,CCGCGGGGAACCGTAAGAGT,21,4379387
yadL_yadM_yadC_yadK_predicted,1.1666666666666667,24,11,CCCAACAGTAGAGCCACCAC,13,4392158
yadL_yadM_yadC_yadK_predicted,5.25,73,11,CCAGCAGAAGAATTAGCGAT,62,4397135
yadL_yadM_yadC_yadK_predicted,2.1666666666666665,36,11,CCAGATTATTTATGTAGGCC,25,4377430
yadL_yadM_yadC_yadK_predicted,3.3333333333333335,50,11,CCAATTAAACGTGGAAACCT,39,4381347
yadL_yadM_yadC_yadK_predicted,1.25,25,11,CAGTAGATGTCCAAAATATC,14,4385119
yadL_yadM_yadC_yadK_predicted,2.0833333333333335,35,11,CAGATCGCAACTATACGCCC,24,4381601
yadL_yadM_yadC_yadK_predicted,0.9166666666666666,21,11,CACGAGAGAGCCAATTCCCG,10,4373096
yadL_yadM_yadC_yadK_predicted,0.9166666666666666,21,11,CACAGGCGACGGGAGAATTT,10,4376405
yadL_yadM_yadC_yadK_predicted,2.1666666666666665,36,11,CAAGTCGTAGGTCCTAGAAG,25,4379829
yadL_yadM_yadC_yadK_predicted,0.5,16,11,CAAGACAGTTTGTGGGAGCA,5,4370917
yadL_yadM_yadC_yadK_predicted,1.5,28,11,CAAATGCAGGCAGCTCAGCA,17,4396079
yadL_yadM_yadC_yadK_predicted,5.5,76,11,ATTTCCAAAGTGCAGATATA,65,4380581
yadL_yadM_yadC_yadK_predicted,3.5833333333333335,53,11,ATTCCTGTTTCTGACAATAT,42,4376027
yadL_yadM_yadC_yadK_predicted,0.5833333333333334,17,11,ATTATCGACCGAGGTTCATA,6,4399987
yadL_yadM_yadC_yadK_predicted,0.75,19,11,ATTAGCCGAAGGAAGGTATG,8,4371245
yadL_yadM_yadC_yadK_predicted,3.3333333333333335,50,11,ATCCTCTTGGAGGATGCTAA,39,4376362
yadL_yadM_yadC_yadK_predicted,2.0833333333333335,35,11,ATCACGGCCGGGTCATTCAG,24,4393830
yadL_yadM_yadC_yadK_predicted,0.3333333333333333,14,11,AGTACGTCAGGTTGGAAAGC,3,4376546
yadL_yadM_yadC_yadK_predicted,1.4166666666666667,27,11,AGGTTAGTGCGGACCAGGCT,16,4388369
yadL_yadM_yadC_yadK_predicted,2.6666666666666665,42,11,AGGTTAAGAGTCGCGCCTAC,31,4395756
yadL_yadM_yadC_yadK_predicted,0.25,13,11,AGGTCCACTAATCAGGCGAG,2,4384580
yadL_yadM_yadC_yadK_predicted,2.4166666666666665,39,11,AGGCGACAACTGCTGCGCTG,28,4402381
yadL_yadM_yadC_yadK_predicted,3.6666666666666665,54,11,ACGGCGCGTCCATAGACAAT,43,4398842
yadL_yadM_yadC_yadK_predicted,6.25,85,11,ACCGGGGGATTTCTGTACCT,74,4374554
yadL_yadM_yadC_yadK_predicted,0.5,16,11,ACCCGTCGTTATCCTTTTTC,5,4399966
yadL_yadM_yadC_yadK_predicted,5.333333333333333,74,11,AAGATTAGGTGGCTACGTAA,63,4388558
yadL_yadM_yadC_yadK_predicted,7.583333333333333,101,11,AAACCCACGGGCGCTCTGTA,90,4381766
yadL_yadM_yadC_yadK_predicted,0.16666666666666666,12,11,AAAACGCGTTATTGTAAGTA,1,4395216
yadL_yadM_yadC_yadK_predicted,0.18181818181818182,11,10,TTTTCATCGCTCGGGGCGAA,1,4373455
yadL_yadM_yadC_yadK_predicted,0.8181818181818182,18,10,TTTCTCGCGAACTTGTTGAT,8,4373740
yadL_yadM_yadC_yadK_predicted,2.909090909090909,41,10,TTGGGGGCATAGTTCTGACC,31,4398727
yadL_yadM_yadC_yadK_predicted,5.636363636363637,71,10,TTGCGAAATGATTGACCGTC,61,4398841
yadL_yadM_yadC_yadK_predicted,1.4545454545454546,25,10,TTCTTCATCCTCATTTCGAA,15,4401967
yadL_yadM_yadC_yadK_predicted,0.18181818181818182,11,10,TTCCACGCCCGACTATAGCT,1,4386820
yadL_yadM_yadC_yadK_predicted,0.18181818181818182,11,10,TTCCACAGCCGCTCCCGCCT,1,4397718
yadL_yadM_yadC_yadK_predicted,5.7272727272727275,72,10,TTCCACACCAGCAACGGAGT,62,4377934
yadL_yadM_yadC_yadK_predicted,1.3636363636363635,24,10,TTCAAAAGAGTCTCGCATCA,14,4389201
yadL_yadM_yadC_yadK_predicted,0.45454545454545453,14,10,TTACGCCTTAGGAGACCGTA,4,4380481
yadL_yadM_yadC_yadK_predicted,0.18181818181818182,11,10,TTACCAGCCCCATCGGCGAT,1,4390971
yadL_yadM_yadC_yadK_predicted,3.727272727272727,50,10,TTAATGGCACCTCGTGCCGT,40,4390806
yadL_yadM_yadC_yadK_predicted,2.909090909090909,41,10,TGGTCATGGGATATCGACGA,31,4401196
yadL_yadM_yadC_yadK_predicted,5.090909090909091,65,10,TGGGACAAATTACGAAGACC,55,4375894
yadL_yadM_yadC_yadK_predicted,0.18181818181818182,11,10,TGGCGAGGGTCTGGGGTCTG,1,4396731
yadL_yadM_yadC_yadK_predicted,0.9090909090909091,19,10,TGCGGCGGGACGATTGTTCT,9,4398316
yadL_yadM_yadC_yadK_predicted,2.909090909090909,41,10,TGCCTATGTAGAACGTGCGG,31,4396829
yadL_yadM_yadC_yadK_predicted,1.3636363636363635,24,10,TGCCATTGTCTCAACGGCTA,14,4390951
yadL_yadM_yadC_yadK_predicted,6.818181818181818,84,10,TGCATCTGCCCCAATCCAAA,74,4370094
yadL_yadM_yadC_yadK_predicted,4.363636363636363,57,10,TGACTGAGAATCCGAGTGAG,47,4389183
yadL_yadM_yadC_yadK_predicted,1.4545454545454546,25,10,TCTTTAGTGACTCCCACTTT,15,4379293
yadL_yadM_yadC_yadK_predicted,6.454545454545454,80,10,TCTCCAAAACCCGGGGTCAA,70,4391135
yadL_yadM_yadC_yadK_predicted,1.6363636363636365,27,10,TCTACGATTTTGTGGGTAAA,17,4397054
yadL_yadM_yadC_yadK_predicted,0.45454545454545453,14,10,TCGCTACATTGTACATAAGC,4,4372404
yadL_yadM_yadC_yadK_predicted,1.6363636363636365,27,10,TCCTTAATGTGACTCGTGTA,17,4386263
yadL_yadM_yadC_yadK_predicted,0.9090909090909091,19,10,TCCACATTCAAAATTGGTGT,9,4383398
yadL_yadM_yadC_yadK_predicted,0.18181818181818182,11,10,TATTGGTTCAGCGGACGCGT,1,4370963
yadL_yadM_yadC_yadK_predicted,2.5454545454545454,37,10,TATTGCCCATCCAAGCAAGG,27,4377612
yadL_yadM_yadC_yadK_predicted,0.6363636363636364,16,10,TAGGCATGAATGGGGAAGTG,6,4386476
yadL_yadM_yadC_yadK_predicted,0.9090909090909091,19,10,TAGGACACCTATATTGTTTA,9,4379812
yadL_yadM_yadC_yadK_predicted,4.090909090909091,54,10,TAGACTGGTCACGCTACATG,44,4397690
yadL_yadM_yadC_yadK_predicted,3.909090909090909,52,10,TACCATAGGCGGACGTGATG,42,4388865
yadL_yadM_yadC_yadK_predicted,5.181818181818182,66,10,TAACCTGCAACGATGTTCTC,56,4370943
yadL_yadM_yadC_yadK_predicted,4.0,53,10,GTTCCTCTGTTACTACACCG,43,4372213
yadL_yadM_yadC_yadK_predicted,0.5454545454545454,15,10,GTTATGATTCCACCCCTCAC,5,4375299
yadL_yadM_yadC_yadK_predicted,1.8181818181818181,29,10,GTGCTCCTACGGACGATCAC,19,4372386
yadL_yadM_yadC_yadK_predicted,1.0909090909090908,21,10,GTGCGGCATCTTATAGTAGC,11,4385595
yadL_yadM_yadC_yadK_predicted,1.1818181818181819,22,10,GTGCAACATTATTCCCTTTC,12,4380491
yadL_yadM_yadC_yadK_predicted,0.18181818181818182,11,10,GTCGGTATTTGTCAGGTACA,1,4389283
yadL_yadM_yadC_yadK_predicted,5.7272727272727275,72,10,GTCGGGGGCGGTTTTCCGGA,62,4397182
yadL_yadM_yadC_yadK_predicted,5.0,64,10,GTATTGCCAAGCTTTTCTGA,54,4396392
yadL_yadM_yadC_yadK_predicted,2.3636363636363638,35,10,GGTTGACCCCTTTGGTGCCC,25,4385836
yadL_yadM_yadC_yadK_predicted,1.7272727272727273,28,10,GGTCTTTCAGTCATAGAATC,18,4381931
yadL_yadM_yadC_yadK_predicted,2.1818181818181817,33,10,GGTCCGGGTCGTTCGGGTGA,23,4391175
yadL_yadM_yadC_yadK_predicted,7.181818181818182,88,10,GGTAGATTTACGTACCTCTC,78,4388400
yadL_yadM_yadC_yadK_predicted,0.6363636363636364,16,10,GGGCAGTAAGCGTGTCGCTC,6,4374831
yadL_yadM_yadC_yadK_predicted,1.9090909090909092,30,10,GGCAATGCTTAGAGCCCGTA,20,4392206
yadL_yadM_yadC_yadK_predicted,2.3636363636363638,35,10,GGATTATACAACAGAGGGAG,25,4379734
yadL_yadM_yadC_yadK_predicted,1.7272727272727273,28,10,GCTGTCAAAGGTCCTGTGCT,18,4395968
yadL_yadM_yadC_yadK_predicted,1.6363636363636365,27,10,GCTCTTGGAGACGCATTCTT,17,4393179
yadL_yadM_yadC_yadK_predicted,2.090909090909091,32,10,GCTACGTCCGTTCCAGATCT,22,4387803
yadL_yadM_yadC_yadK_predicted,3.727272727272727,50,10,GCTAAATAAAGACTCTCATA,40,4370868
yadL_yadM_yadC_yadK_predicted,1.6363636363636365,27,10,GCGTCCCTAACCGAAGGAGT,17,4379930
yadL_yadM_yadC_yadK_predicted,0.36363636363636365,13,10,GCATCATTCAGTGCTGGAAA,3,4395217
yadL_yadM_yadC_yadK_predicted,1.3636363636363635,24,10,GCAAGTCTCTCACTTAATCA,14,4384790
yadL_yadM_yadC_yadK_predicted,0.8181818181818182,18,10,GAGGGACTCGTGTCTACCAA,8,4382142
yadL_yadM_yadC_yadK_predicted,3.8181818181818183,51,10,GAGGCCTGTTGAAGGAGGGA,41,4394860
yadL_yadM_yadC_yadK_predicted,3.272727272727273,45,10,GACTCGACGCTTGTTCAGGT,35,4386414
yadL_yadM_yadC_yadK_predicted,1.2727272727272727,23,10,GAATGTTAGGCCATGATTGT,13,4379670
yadL_yadM_yadC_yadK_predicted,11.090909090909092,131,10,CTTAGTCAGAGCTCGATCAA,121,4376760
yadL_yadM_yadC_yadK_predicted,2.3636363636363638,35,10,CTGTGAACTGGGTCAATGTC,25,4395015
yadL_yadM_yadC_yadK_predicted,3.8181818181818183,51,10,CTGCGACTCGTGGGTCGAAA,41,4401063
yadL_yadM_yadC_yadK_predicted,0.18181818181818182,11,10,CTGATGACCCGGACAAATGA,1,4382924
yadL_yadM_yadC_yadK_predicted,0.9090909090909091,19,10,CTCTCCAACTACACGGGCGA,9,4383875
yadL_yadM_yadC_yadK_predicted,0.9090909090909091,19,10,CTAGATGAGAATTCTTGAGA,9,4374601
yadL_yadM_yadC_yadK_predicted,1.1818181818181819,22,10,CTACACCGACCTCTTGTCAT,12,4396692
yadL_yadM_yadC_yadK_predicted,0.18181818181818182,11,10,CGTTGACCGGGTTGCTGCTA,1,4376173
yadL_yadM_yadC_yadK_predicted,0.2727272727272727,12,10,CGTGCAGACTGTCCGATTTT,2,4392448
yadL_yadM_yadC_yadK_predicted,6.181818181818182,77,10,CGTGAGGGGTACTCGAATGC,67,4400000
yadL_yadM_yadC_yadK_predicted,0.18181818181818182,11,10,CGTCCGCTGAATTCCTTAAA,1,4371176
yadL_yadM_yadC_yadK_predicted,0.6363636363636364,16,10,CGTCATTAGGGCCTGAAAGC,6,4395298
yadL_yadM_yadC_yadK_predicted,5.2727272727272725,67,10,CGGGTGCGGCCTCTCAGAAC,57,4379582
yadL_yadM_yadC_yadK_predicted,4.545454545454546,59,10,CGGGGGATCTCGGAGTCTAT,49,4382299
yadL_yadM_yadC_yadK_predicted,5.181818181818182,66,10,CGGGCCTCAATGCATTGTAT,56,4399116
yadL_yadM_yadC_yadK_predicted,5.090909090909091,65,10,CGGAGAGGGATGTATGGTCG,55,4397663
yadL_yadM_yadC_yadK_predicted,4.090909090909091,54,10,CGCTTTATTGTACCTGGCTA,44,4374722
yadL_yadM_yadC_yadK_predicted,5.454545454545454,69,10,CGCTCTGGGACCTACCGCGG,59,4370765
yadL_yadM_yadC_yadK_predicted,1.2727272727272727,23,10,CGATACTCGAATACAGTTCA,13,4392293
yadL_yadM_yadC_yadK_predicted,0.18181818181818182,11,10,CGAGAGCCCCTCAGATGGGA,1,4383944
yadL_yadM_yadC_yadK_predicted,1.2727272727272727,23,10,CGACGATCATGGCGAAGAGG,13,4387431
yadL_yadM_yadC_yadK_predicted,0.18181818181818182,11,10,CCTTACACGGTTAGATAGAA,1,4384545
yadL_yadM_yadC_yadK_predicted,4.454545454545454,58,10,CCTGGGGCGCGATCAACCAA,48,4391188
yadL_yadM_yadC_yadK_predicted,0.2727272727272727,12,10,CCTGGGCCGTGCAATGAATT,2,4381042
yadL_yadM_yadC_yadK_predicted,0.2727272727272727,12,10,CCTGATGCGTTACGTCCCAC,2,4395986
yadL_yadM_yadC_yadK_predicted,0.18181818181818182,11,10,CCGTAACTTAAAGTTGCCAA,1,4375200
yadL_yadM_yadC_yadK_predicted,10.181818181818182,121,10,CCGGCGTGTCCTGTGCCAGA,111,4388211
yadL_yadM_yadC_yadK_predicted,3.5454545454545454,48,10,CCGGCCGCGATCCGGTATAG,38,4401455
yadL_yadM_yadC_yadK_predicted,0.18181818181818182,11,10,CCCAGGGCCGGACCTTACAT,1,4383285
yadL_yadM_yadC_yadK_predicted,1.2727272727272727,23,10,CCCAATTAGGGCGATGCGCA,13,4376295
yadL_yadM_yadC_yadK_predicted,2.727272727272727,39,10,CCCAACTGGTCAGACGACGA,29,4371190
yadL_yadM_yadC_yadK_predicted,3.727272727272727,50,10,CCATGCTGAAACGGCGATGT,40,4388770
yadL_yadM_yadC_yadK_predicted,1.5454545454545454,26,10,CCAGTCTGATCCACCAGCAT,16,4394780
yadL_yadM_yadC_yadK_predicted,2.272727272727273,34,10,CCAGATCGAGCGGCGTTATG,24,4398549
yadL_yadM_yadC_yadK_predicted,3.272727272727273,45,10,CCAAAATTTCTCACTTACCC,35,4390682
yadL_yadM_yadC_yadK_predicted,0.5454545454545454,15,10,CATGTGCAACGACACGCATC,5,4392911
yadL_yadM_yadC_yadK_predicted,4.545454545454546,59,10,CATGGTGTCCTAAGCATACT,49,4383433
yadL_yadM_yadC_yadK_predicted,1.2727272727272727,23,10,CATGGGTGAACTTTCAGGTC,13,4375959
yadL_yadM_yadC_yadK_predicted,0.18181818181818182,11,10,CAGGCCAGGACGGGCCGGAA,1,4374913
yadL_yadM_yadC_yadK_predicted,0.7272727272727273,17,10,CACGCTAGCAAATCGGGCAG,7,4400406
yadL_yadM_yadC_yadK_predicted,4.363636363636363,57,10,CACCTCTAGATTTCCGGGAC,47,4378355
yadL_yadM_yadC_yadK_predicted,6.090909090909091,76,10,CACCCTCACGACCTAATTTT,66,4391136
yadL_yadM_yadC_yadK_predicted,0.5454545454545454,15,10,CACATAGGCCTATGGGGATT,5,4392871
yadL_yadM_yadC_yadK_predicted,5.363636363636363,68,10,CACATACGTTCGTCGTCAGT,58,4373110
yadL_yadM_yadC_yadK_predicted,0.8181818181818182,18,10,CACAGTCTGCTGAACGGTAC,8,4381506
yadL_yadM_yadC_yadK_predicted,0.45454545454545453,14,10,CAAGATTCCAACTCCTGGCT,4,4378766
yadL_yadM_yadC_yadK_predicted,3.0,42,10,CAAATTACAAAAAAAGCCCT,32,4387244
yadL_yadM_yadC_yadK_predicted,6.7272727272727275,83,10,CAAAACCGTAAGCGCCGGGA,73,4380792
yadL_yadM_yadC_yadK_predicted,0.18181818181818182,11,10,ATTCCGTAGGTTCTACTGTG,1,4386697
yadL_yadM_yadC_yadK_predicted,2.6363636363636362,38,10,ATGGACCACATAGATCTGCA,28,4389734
yadL_yadM_yadC_yadK_predicted,1.3636363636363635,24,10,ATACTATGTGCGCCACCGAT,14,4380789
yadL_yadM_yadC_yadK_predicted,2.1818181818181817,33,10,ATAACAAATAGGCCCTCTGA,23,4397166
yadL_yadM_yadC_yadK_predicted,1.4545454545454546,25,10,AGGGTTGCATTTAAAAGGAT,15,4391883
yadL_yadM_yadC_yadK_predicted,2.272727272727273,34,10,AGGCAGTGCCACCTTCGTTA,24,4399914
yadL_yadM_yadC_yadK_predicted,10.181818181818182,121,10,AGCCAGGTGTATAAGTGGTG,111,4372570
yadL_yadM_yadC_yadK_predicted,2.4545454545454546,36,10,AGCAGCGTGTACGTAGGGCA,26,4389410
yadL_yadM_yadC_yadK_predicted,2.3636363636363638,35,10,AGAGACTAAGAACCGAGATC,25,4377942
yadL_yadM_yadC_yadK_predicted,2.0,31,10,AGACTTCTGGCGTCATTGGC,21,4383089
yadL_yadM_yadC_yadK_predicted,1.9090909090909092,30,10,AGACTTAAGAGAGAACAATT,20,4386942
yadL_yadM_yadC_yadK_predicted,4.818181818181818,62,10,AGAACGGCTGACGAGAGTCT,52,4389441
yadL_yadM_yadC_yadK_predicted,3.6363636363636362,49,10,ACTGAGCTATAGCAGCTCAG,39,4392821
yadL_yadM_yadC_yadK_predicted,1.4545454545454546,25,10,ACTCTTACGTTTTTGTTAAG,15,4388585
yadL_yadM_yadC_yadK_predicted,1.4545454545454546,25,10,ACTACTTTGGGTTAAACGGG,15,4371604
yadL_yadM_yadC_yadK_predicted,2.1818181818181817,33,10,ACCTGCATTGGGCAAACACA,23,4375823
yadL_yadM_yadC_yadK_predicted,0.7272727272727273,17,10,ACCGTCCGGTCGAGCCCCTT,7,4377782
yadL_yadM_yadC_yadK_predicted,0.36363636363636365,13,10,ACCAGCACTGGTGTCGCAGG,3,4384081
yadL_yadM_yadC_yadK_predicted,0.18181818181818182,11,10,ACACATATGCTGAACTAGAC,1,4371737
yadL_yadM_yadC_yadK_predicted,0.18181818181818182,11,10,AATTTTACCCGGGCGCAACG,1,4377508
yadL_yadM_yadC_yadK_predicted,8.0,97,10,AATCCTGTGTTAACACATAA,87,4380412
yadL_yadM_yadC_yadK_predicted,2.909090909090909,41,10,AATAAACACGATACCTCGTT,31,4371118
yadL_yadM_yadC_yadK_predicted,1.3636363636363635,24,10,AAGTGTGGTCGGATGATGAT,14,4388406
yadL_yadM_yadC_yadK_predicted,0.2727272727272727,12,10,AAGTGATGACCATTACTAAT,2,4371148
yadL_yadM_yadC_yadK_predicted,2.090909090909091,32,10,AAGGGCAGGCAGAAGGCCAC,22,4389322
yadL_yadM_yadC_yadK_predicted,6.0,75,10,AAGCCGCAGCTGACCTGTTA,65,4381877
yadL_yadM_yadC_yadK_predicted,2.3636363636363638,35,10,AAACCCCTTGGGCACCAGCA,25,4387774
yadL_yadM_yadC_yadK_predicted,1.4,22,9,TTTCCGGGGCGGGTTTCTTG,13,4376329
yadL_yadM_yadC_yadK_predicted,2.0,28,9,TTGAGTTTTATGAGGCACGA,19,4401711
yadL_yadM_yadC_yadK_predicted,1.1,19,9,TTCAGCTGTCCGGAACAGAG,10,4375746
yadL_yadM_yadC_yadK_predicted,3.5,43,9,TGTTACTAGCCGCCACGCTC,34,4380912
yadL_yadM_yadC_yadK_predicted,0.9,17,9,TGTGACAGAGGCGAGTAATT,8,4400368
yadL_yadM_yadC_yadK_predicted,1.8,26,9,TGTAGGCACCACGACGACAA,17,4387248
yadL_yadM_yadC_yadK_predicted,0.2,10,9,TGTACAAAATCATCTGCGTT,1,4379967
yadL_yadM_yadC_yadK_predicted,0.7,15,9,TGTAATCTATCGAACACTTA,6,4379162
yadL_yadM_yadC_yadK_predicted,0.4,12,9,TGGTTGCCCCCCATCTTTCT,3,4382500
yadL_yadM_yadC_yadK_predicted,2.0,28,9,TGGTGTAACCTAGATCAGCT,19,4395389
yadL_yadM_yadC_yadK_predicted,3.5,43,9,TGGCTTCCTATACAATGGGA,34,4397131
yadL_yadM_yadC_yadK_predicted,3.1,39,9,TGCTCAATGGGGGTTCTTGA,30,4387172
yadL_yadM_yadC_yadK_predicted,6.7,75,9,TGCGTCCGGCCGTATAAGAT,66,4379655
yadL_yadM_yadC_yadK_predicted,3.5,43,9,TGCGCCTTACCCACTAAATT,34,4376566
yadL_yadM_yadC_yadK_predicted,1.9,27,9,TGCAAGAGATTGCTGCCGTG,18,4384409
yadL_yadM_yadC_yadK_predicted,0.6,14,9,TGCAACGAATAGCTTCCGGA,5,4391960
yadL_yadM_yadC_yadK_predicted,0.5,13,9,TGAGAGATTCTTCTATCCTC,4,4400147
yadL_yadM_yadC_yadK_predicted,0.3,11,9,TCTTTCTGAGTGGTACGCTC,2,4377383
yadL_yadM_yadC_yadK_predicted,5.1,59,9,TCTGTGACATGTGATTCCGA,50,4388233
yadL_yadM_yadC_yadK_predicted,4.6,54,9,TCTGTCCGCGTTGGGAGGAT,45,4397492
yadL_yadM_yadC_yadK_predicted,3.2,40,9,TCTATGCCTCCACTATCCAA,31,4376038
yadL_yadM_yadC_yadK_predicted,3.7,45,9,TCCTCGCTATGTCGGAACCA,36,4393241
yadL_yadM_yadC_yadK_predicted,1.6,24,9,TCATATTGTGGCATTCTATA,15,4399344
yadL_yadM_yadC_yadK_predicted,2.1,29,9,TCAAAGTGTTTACCATACGT,20,4382939
yadL_yadM_yadC_yadK_predicted,1.8,26,9,TATCCACTGGCTAAGCATCT,17,4372463
yadL_yadM_yadC_yadK_predicted,3.3,41,9,TACTAGCAGGTCGGGGAGGG,32,4389529
yadL_yadM_yadC_yadK_predicted,0.2,10,9,TACAGGTATCGAGGCCGAGT,1,4393857
yadL_yadM_yadC_yadK_predicted,2.8,36,9,TACAGCGGACTCCGTGTGAA,27,4390237
yadL_yadM_yadC_yadK_predicted,1.5,23,9,TAATGAGACGCGCCTGGTGG,14,4394296
yadL_yadM_yadC_yadK_predicted,2.1,29,9,TAAGCGGTCTACCCCCACTA,20,4393984
yadL_yadM_yadC_yadK_predicted,1.0,18,9,GTTGTCGTTGGGTGGGTCAT,9,4392918
yadL_yadM_yadC_yadK_predicted,0.6,14,9,GTGATCGTTACAAACCAGAT,5,4390757
yadL_yadM_yadC_yadK_predicted,0.6,14,9,GTCTCTTAAATTCTTCAGCG,5,4371872
yadL_yadM_yadC_yadK_predicted,1.6,24,9,GTCGTAGGCTGGATCTCTCG,15,4395124
yadL_yadM_yadC_yadK_predicted,2.2,30,9,GTCGCGGATCTCCGATTATG,21,4402344
yadL_yadM_yadC_yadK_predicted,3.4,42,9,GTCGAGGTAGGCGTGGCGTA,33,4373624
yadL_yadM_yadC_yadK_predicted,2.1,29,9,GTCCACTAATTGTTATTTAT,20,4372808
yadL_yadM_yadC_yadK_predicted,1.7,25,9,GTCCAATTTAGAGCATAGTT,16,4388768
yadL_yadM_yadC_yadK_predicted,4.0,48,9,GTATTTCCTGGAGCGCCAAG,39,4372316
yadL_yadM_yadC_yadK_predicted,5.8,66,9,GTATAAAGCAGGTAATAGCT,57,4382611
yadL_yadM_yadC_yadK_predicted,1.5,23,9,GTAATCTTGTGGCTCGTGGG,14,4397202
yadL_yadM_yadC_yadK_predicted,2.3,31,9,GGTCCCTACACGTACTTCAG,22,4371198
yadL_yadM_yadC_yadK_predicted,4.8,56,9,GGGTAACACTGTACGGCTAG,47,4377233
yadL_yadM_yadC_yadK_predicted,1.0,18,9,GGGGTCCTGTAGGCAATCTT,9,4399265
yadL_yadM_yadC_yadK_predicted,0.7,15,9,GGGGGAAGCGGCCAGATGTC,6,4385027
yadL_yadM_yadC_yadK_predicted,0.6,14,9,GGGAGATGGGCGACCGAGGC,5,4385090
yadL_yadM_yadC_yadK_predicted,1.2,20,9,GGCGATGGAGACGATCCACG,11,4379732
yadL_yadM_yadC_yadK_predicted,1.2,20,9,GGATCTGTAAGTGGTGTCTG,11,4391356
yadL_yadM_yadC_yadK_predicted,0.2,10,9,GCGCGTTGCGCAGCTTAAAA,1,4378615
yadL_yadM_yadC_yadK_predicted,0.6,14,9,GCCTTGAGGCGCGCGAGGGT,5,4382337
yadL_yadM_yadC_yadK_predicted,1.2,20,9,GCAGCAGATGAATAGCACAC,11,4394651
yadL_yadM_yadC_yadK_predicted,0.3,11,9,GATGGAAGTACTGAGTAAAT,2,4391325
yadL_yadM_yadC_yadK_predicted,0.4,12,9,GATCAAAGCCTGAAGTCCTG,3,4384575
yadL_yadM_yadC_yadK_predicted,0.4,12,9,GATACATTGCCATTAAATGA,3,4389652
yadL_yadM_yadC_yadK_predicted,1.3,21,9,GACGTCACACAGTTACCATT,12,4374981
yadL_yadM_yadC_yadK_predicted,0.2,10,9,CTTTTATCAGATGATAGGAT,1,4401822
yadL_yadM_yadC_yadK_predicted,0.4,12,9,CTTTTAAAAGACTATCGCGC,3,4387249
yadL_yadM_yadC_yadK_predicted,4.6,54,9,CTTGAACTACTTCGTTCTTA,45,4374256
yadL_yadM_yadC_yadK_predicted,0.2,10,9,CTGATCCTTAGTCGAATTAT,1,4400511
yadL_yadM_yadC_yadK_predicted,1.4,22,9,CTGACTTGAAGCTTTGTGTA,13,4389092
yadL_yadM_yadC_yadK_predicted,3.2,40,9,CTAACAGCTTTGAAAGGGAA,31,4395509
yadL_yadM_yadC_yadK_predicted,3.0,38,9,CGTATCGGGTCTGAGTTTGT,29,4379092
yadL_yadM_yadC_yadK_predicted,7.3,81,9,CGGTCCCAGTGTGCTAAGCC,72,4373965
yadL_yadM_yadC_yadK_predicted,0.8,16,9,CGGGGCGTACCTCCACATCA,7,4377081
yadL_yadM_yadC_yadK_predicted,0.6,14,9,CGGGCTCTAGGCTGACGTCA,5,4391294
yadL_yadM_yadC_yadK_predicted,1.8,26,9,CGGCGGCTTTGTAAAGGGAA,17,4389907
yadL_yadM_yadC_yadK_predicted,2.2,30,9,CGCTTATTATGCCAGAGTTC,21,4393883
yadL_yadM_yadC_yadK_predicted,3.0,38,9,CGCTAGAGCAGTCGATAAGA,29,4376570
yadL_yadM_yadC_yadK_predicted,0.6,14,9,CGCCCCGCAAGAAATTACTT,5,4386665
yadL_yadM_yadC_yadK_predicted,0.4,12,9,CGCACCTAGCATGATGGTTC,3,4399585
yadL_yadM_yadC_yadK_predicted,2.5,33,9,CGATACAGAGGGCGTACCAA,24,4398919
yadL_yadM_yadC_yadK_predicted,1.4,22,9,CGAGGTCCAGTCGCTGAAGA,13,4372369
yadL_yadM_yadC_yadK_predicted,3.2,40,9,CGAGAATGCCGAGCCTCGTT,31,4397307
yadL_yadM_yadC_yadK_predicted,2.4,32,9,CCGGAATTACCAAGGGCTTC,23,4382747
yadL_yadM_yadC_yadK_predicted,3.5,43,9,CCGGAAATCCGCCTTCCGTC,34,4372313
yadL_yadM_yadC_yadK_predicted,5.8,66,9,CCGAGCAACACTTGAGCGTT,57,4394124
yadL_yadM_yadC_yadK_predicted,0.2,10,9,CCGAAACATGAGGAGTAAGA,1,4400747
yadL_yadM_yadC_yadK_predicted,1.0,18,9,CCCCCCTCATACGCGAACTA,9,4398544
yadL_yadM_yadC_yadK_predicted,7.1,79,9,CAGGATATCAATTTTCACGT,70,4400674
yadL_yadM_yadC_yadK_predicted,2.6,34,9,CACCTGGTTATGACGCCAGT,25,4373417
yadL_yadM_yadC_yadK_predicted,1.2,20,9,CAAGGCTTCGTTCTAGTAAA,11,4372430
yadL_yadM_yadC_yadK_predicted,6.2,70,9,CAACGTACAGTTCCGCCGTT,61,4397293
yadL_yadM_yadC_yadK_predicted,0.2,10,9,CAACCAGCGGGCTATTTAAG,1,4391494
yadL_yadM_yadC_yadK_predicted,3.5,43,9,ATTGGAGCCGCACAAGTTTT,34,4387542
yadL_yadM_yadC_yadK_predicted,4.6,54,9,ATGTGAAAACAAACCGGTTT,45,4397259
yadL_yadM_yadC_yadK_predicted,1.9,27,9,ATGTCGATTCAATAAGACCC,18,4380199
yadL_yadM_yadC_yadK_predicted,0.6,14,9,ATGTATTCTTTTCAAGGCGG,5,4381606
yadL_yadM_yadC_yadK_predicted,0.9,17,9,ATGCGCTGACATTCTGGCCT,8,4373359
yadL_yadM_yadC_yadK_predicted,2.3,31,9,ATCTATAGGTTCGCCGATAT,22,4399399
yadL_yadM_yadC_yadK_predicted,0.5,13,9,ATCCATCCTCTTGGTGTCTA,4,4380779
yadL_yadM_yadC_yadK_predicted,0.2,10,9,ATCACACAGAAGTAGCTCTG,1,4387422
yadL_yadM_yadC_yadK_predicted,2.1,29,9,ATAAAGTCGGATTGGACATG,20,4385866
yadL_yadM_yadC_yadK_predicted,7.3,81,9,AGGGGGTCCAAATTTCAAAT,72,4372720
yadL_yadM_yadC_yadK_predicted,7.4,82,9,AGGGCAAGAGGAGGGATCTA,73,4396499
yadL_yadM_yadC_yadK_predicted,3.0,38,9,AGGCTCATCAAAGGCTGCTC,29,4392399
yadL_yadM_yadC_yadK_predicted,4.4,52,9,AGCTCGACGGGTTTTGACGT,43,4372007
yadL_yadM_yadC_yadK_predicted,3.2,40,9,AGCGAATCCCGCTGAACACG,31,4382496
yadL_yadM_yadC_yadK_predicted,3.1,39,9,AGCACTAGATTCATGTCATG,30,4394371
yadL_yadM_yadC_yadK_predicted,0.2,10,9,AGCACACAACGGGCTACACT,1,4380202
yadL_yadM_yadC_yadK_predicted,0.7,15,9,AGATGACCGCCTCGGTCAGG,6,4400080
yadL_yadM_yadC_yadK_predicted,0.3,11,9,AGATCGGTAATACGTGGTCC,2,4370205
yadL_yadM_yadC_yadK_predicted,7.5,83,9,AGATCCTCAACGTTCGACCC,74,4392799
yadL_yadM_yadC_yadK_predicted,1.7,25,9,AGAATTTGCAACTATAAAGA,16,4376857
yadL_yadM_yadC_yadK_predicted,1.0,18,9,ACTTGGTATCACCGAATCTC,9,4394294
yadL_yadM_yadC_yadK_predicted,1.0,18,9,ACTTGGATATCCCGTATCCA,9,4379006
yadL_yadM_yadC_yadK_predicted,7.6,84,9,ACTGCGCCTCATTCCGTCAT,75,4394373
yadL_yadM_yadC_yadK_predicted,1.1,19,9,ACTCCATCATATTGTCGTCT,10,4372161
yadL_yadM_yadC_yadK_predicted,3.8,46,9,ACTATCGTACCGCGTCACTA,37,4386273
yadL_yadM_yadC_yadK_predicted,3.1,39,9,ACGGGCTGACCCGAAAGGCC,30,4391086
yadL_yadM_yadC_yadK_predicted,3.7,45,9,ACGGCCGCTAATCTGTTGTC,36,4374665
yadL_yadM_yadC_yadK_predicted,2.4,32,9,ACGCGGCTCTGGGGACACGA,23,4378227
yadL_yadM_yadC_yadK_predicted,6.9,77,9,ACCATATCGTTGTCATAGCG,68,4390200
yadL_yadM_yadC_yadK_predicted,0.2,10,9,ACATTCTACGTCCAAGTGTG,1,4372028
yadL_yadM_yadC_yadK_predicted,0.2,10,9,ACATAATATGTCCAAATCAC,1,4401631
yadL_yadM_yadC_yadK_predicted,0.2,10,9,ACAGTTCCCGCAGCGTGGCA,1,4394292
yadL_yadM_yadC_yadK_predicted,1.4,22,9,ACACCGATACTCACTTATGA,13,4394577
yadL_yadM_yadC_yadK_predicted,7.8,86,9,AAGGTCAGAAATGGGGTTAT,77,4373120
yadL_yadM_yadC_yadK_predicted,2.6,34,9,AAGAATTATCTTAGAGACAA,25,4394545
yadL_yadM_yadC_yadK_predicted,0.9,17,9,AAGAAGTGCCTATACACTTG,8,4376969
yadL_yadM_yadC_yadK_predicted,2.0,28,9,AAGAAGCGTAGCGTGATGTA,19,4390641
yadL_yadM_yadC_yadK_predicted,0.4,12,9,AAAGGGTCGGATGGCGGGTA,3,4384922
yadL_yadM_yadC_yadK_predicted,0.4,12,9,AAACATTTTCCTGGTAGCGG,3,4400471
yadL_yadM_yadC_yadK_predicted,0.2222222222222222,9,8,TTTATTCGGGCTTCCACGGC,1,4401449
yadL_yadM_yadC_yadK_predicted,0.2222222222222222,9,8,TTTAACGAAGTCCCGTTCCT,1,4387416
yadL_yadM_yadC_yadK_predicted,0.8888888888888888,15,8,TTGCCCCTTGAGAAGGACAA,7,4379179
yadL_yadM_yadC_yadK_predicted,3.5555555555555554,39,8,TTGAAGCACCCGCGTTCTAT,31,4378691
yadL_yadM_yadC_yadK_predicted,0.2222222222222222,9,8,TTCCCTGGACACAGAGTGGA,1,4381366
yadL_yadM_yadC_yadK_predicted,3.888888888888889,42,8,TTATCACGTTGCCTAGTCTT,34,4371526
yadL_yadM_yadC_yadK_predicted,6.111111111111111,62,8,TTACTACACGCTTCTAATTC,54,4372155
yadL_yadM_yadC_yadK_predicted,0.7777777777777778,14,8,TTACGCCAGCATTACAATAC,6,4381161
yadL_yadM_yadC_yadK_predicted,0.2222222222222222,9,8,TTACGATGCCCGCTAGAAAA,1,4372897
yadL_yadM_yadC_yadK_predicted,0.4444444444444444,11,8,TTAATACTGTATGTCGGCAT,3,4380746
yadL_yadM_yadC_yadK_predicted,0.4444444444444444,11,8,TGTTCCTCCGAAGCTTTGAT,3,4395774
yadL_yadM_yadC_yadK_predicted,5.666666666666667,58,8,TGTGCCGTCTAATATACCCT,50,4391480
yadL_yadM_yadC_yadK_predicted,1.6666666666666667,22,8,TGTGAACCGGCCATGGGATC,14,4373462
yadL_yadM_yadC_yadK_predicted,0.5555555555555556,12,8,TGTCTTAGGTTATCAATAAC,4,4384033
yadL_yadM_yadC_yadK_predicted,4.666666666666667,49,8,TGGAGCGTTCAGGGCCATGT,41,4375333
yadL_yadM_yadC_yadK_predicted,3.7777777777777777,41,8,TGAAGACCTGGATACTCGCT,33,4383239
yadL_yadM_yadC_yadK_predicted,1.4444444444444444,20,8,TCTCGTATTTTAGTTGCTTT,12,4374387
yadL_yadM_yadC_yadK_predicted,3.888888888888889,42,8,TCGGCGGAGGAACGAGCCCA,34,4392169
yadL_yadM_yadC_yadK_predicted,4.777777777777778,50,8,TCGAATTCCGGGTACAGTAA,42,4377915
yadL_yadM_yadC_yadK_predicted,0.2222222222222222,9,8,TCCTGACTCGATGTCAGGGC,1,4371859
yadL_yadM_yadC_yadK_predicted,5.777777777777778,59,8,TCCCAGTTAATTCGGTGTCG,51,4400455
yadL_yadM_yadC_yadK_predicted,4.111111111111111,44,8,TCATTGTCTTGCACTGTAGT,36,4371928
yadL_yadM_yadC_yadK_predicted,1.1111111111111112,17,8,TCATCAGAGCAGGTCTACTA,9,4388679
yadL_yadM_yadC_yadK_predicted,11.444444444444445,110,8,TCATAACTCCTATCAGTGTC,102,4390810
yadL_yadM_yadC_yadK_predicted,7.222222222222222,72,8,TCAATATTCTGGCAGCCTCT,64,4387948
yadL_yadM_yadC_yadK_predicted,0.2222222222222222,9,8,TCAAAAATTACAGTTCGTTG,1,4376716
yadL_yadM_yadC_yadK_predicted,0.2222222222222222,9,8,TATCCCCTTACGGCACCACA,1,4380515
yadL_yadM_yadC_yadK_predicted,6.888888888888889,69,8,TAGGGCCAGCTGAGAAGTGT,61,4375854
yadL_yadM_yadC_yadK_predicted,4.888888888888889,51,8,TACCGCTCTGTCTTTACACT,43,4401596
yadL_yadM_yadC_yadK_predicted,1.1111111111111112,17,8,TACAACGCCCCGGGTCTTAC,9,4380234
yadL_yadM_yadC_yadK_predicted,0.2222222222222222,9,8,TAATCAGCACGCTACAGCGT,1,4377574
yadL_yadM_yadC_yadK_predicted,0.2222222222222222,9,8,TAATATGCGAAAATGAGTCT,1,4381349
yadL_yadM_yadC_yadK_predicted,0.5555555555555556,12,8,GTTTGACGGTTTATGTTTGA,4,4392155
yadL_yadM_yadC_yadK_predicted,2.7777777777777777,32,8,GTTCGGGCTGCGGGAGAACA,24,4382642
yadL_yadM_yadC_yadK_predicted,3.5555555555555554,39,8,GTGCTTTTGTAAGGGCGAAG,31,4372027
yadL_yadM_yadC_yadK_predicted,3.0,34,8,GTGAGATAGTGTGATCCAAC,26,4398537
yadL_yadM_yadC_yadK_predicted,4.222222222222222,45,8,GTCGGATTGAGCTATTGGTC,37,4391189
yadL_yadM_yadC_yadK_predicted,3.7777777777777777,41,8,GTCGCACATTGTACCTTGGC,33,4372215
yadL_yadM_yadC_yadK_predicted,5.0,52,8,GTCGAGCAGAGTCCCACGTC,44,4384620
yadL_yadM_yadC_yadK_predicted,1.8888888888888888,24,8,GTCCGCCGTGCCACCTGACT,16,4373156
yadL_yadM_yadC_yadK_predicted,0.2222222222222222,9,8,GTATCAGGAAACTGGGGATC,1,4372742
yadL_yadM_yadC_yadK_predicted,1.7777777777777777,23,8,GTATATGTGAAACTCCGGCC,15,4376761
yadL_yadM_yadC_yadK_predicted,3.4444444444444446,38,8,GTATAATCTTTCCCCAAATA,30,4392122
yadL_yadM_yadC_yadK_predicted,7.888888888888889,78,8,GTAGACCCCCGCTCCGTAGG,70,4389605
yadL_yadM_yadC_yadK_predicted,0.3333333333333333,10,8,GGTCCATCGGATATAGGTAA,2,4380964
yadL_yadM_yadC_yadK_predicted,0.3333333333333333,10,8,GGTCAGCAAATTGAGGCGCT,2,4389541
yadL_yadM_yadC_yadK_predicted,0.7777777777777778,14,8,GGGTGATACCGCCGTAACCT,6,4395868
yadL_yadM_yadC_yadK_predicted,3.7777777777777777,41,8,GGGCATTCCTACTGTTTGAT,33,4402147
yadL_yadM_yadC_yadK_predicted,9.666666666666666,94,8,GGCTTGTATGTTCAAAACGC,86,4396332
yadL_yadM_yadC_yadK_predicted,5.666666666666667,58,8,GGCGATCGGATCATCAGCGT,50,4399216
yadL_yadM_yadC_yadK_predicted,1.0,16,8,GGATTGTACTCTCTTATGGC,8,4392967
yadL_yadM_yadC_yadK_predicted,4.777777777777778,50,8,GGATAGTGCCTGTTCAATAT,42,4394247
yadL_yadM_yadC_yadK_predicted,3.4444444444444446,38,8,GGAGTCAAGGAAGAGAAAGG,30,4372590
yadL_yadM_yadC_yadK_predicted,4.333333333333333,46,8,GGACCCGCGTGTCTTGCCCT,38,4371622
yadL_yadM_yadC_yadK_predicted,5.0,52,8,GCTCGGTACCCCATTTTGAC,44,4399584
yadL_yadM_yadC_yadK_predicted,0.7777777777777778,14,8,GCCTGTCCTGGATGTGCAGC,6,4400625
yadL_yadM_yadC_yadK_predicted,3.888888888888889,42,8,GCCTGAACAGAACCCAGAAC,34,4371777
yadL_yadM_yadC_yadK_predicted,0.5555555555555556,12,8,GCCACCGGATTTGCGTAGCA,4,4383035
yadL_yadM_yadC_yadK_predicted,0.8888888888888888,15,8,GCATTTTCTCTCGTACGTAT,7,4371738
yadL_yadM_yadC_yadK_predicted,1.6666666666666667,22,8,GCATTATCGAGTTGGCCGGA,14,4400336
yadL_yadM_yadC_yadK_predicted,0.5555555555555556,12,8,GCAGTGGTGCAGGTCAAAAT,4,4388796
yadL_yadM_yadC_yadK_predicted,2.0,25,8,GCAATGTTCCTTTAACCGGC,17,4396163
yadL_yadM_yadC_yadK_predicted,3.5555555555555554,39,8,GATTTAACGTAAGATCATAC,31,4387615
yadL_yadM_yadC_yadK_predicted,2.111111111111111,26,8,CTTTGCCACGGTCTCGTTAA,18,4395126
yadL_yadM_yadC_yadK_predicted,2.5555555555555554,30,8,CTGTGAGCTAACTTTGCGGA,22,4384191
yadL_yadM_yadC_yadK_predicted,2.888888888888889,33,8,CTGGGGCGTTATATTCCGTT,25,4386362
yadL_yadM_yadC_yadK_predicted,0.2222222222222222,9,8,CTCGTCTATCTTTTAAAAGC,1,4398562
yadL_yadM_yadC_yadK_predicted,0.2222222222222222,9,8,CTATTTTTCGTGGGTTCCTT,1,4382486
yadL_yadM_yadC_yadK_predicted,1.5555555555555556,21,8,CTATTCCAGGGGGCGCTACT,13,4378903
yadL_yadM_yadC_yadK_predicted,0.6666666666666666,13,8,CTAGCGAGCAGGGTCCGCGA,5,4402452
yadL_yadM_yadC_yadK_predicted,2.4444444444444446,29,8,CTAATGAAAGACCTGGACGT,21,4393831
yadL_yadM_yadC_yadK_predicted,0.2222222222222222,9,8,CGGGTGCCCATGTGCCATTG,1,4381033
yadL_yadM_yadC_yadK_predicted,1.2222222222222223,18,8,CGGGTAAGGCGATATCCTAC,10,4372314
yadL_yadM_yadC_yadK_predicted,3.5555555555555554,39,8,CGGGGTGCCTAGATGAGGTA,31,4382916
yadL_yadM_yadC_yadK_predicted,3.3333333333333335,37,8,CGGGGCGAGACGTGAATATC,29,4377572
yadL_yadM_yadC_yadK_predicted,3.2222222222222223,36,8,CGGCTTTTATGAGTTCGATA,28,4397994
yadL_yadM_yadC_yadK_predicted,6.555555555555555,66,8,CGGCGTGACATCGAAACGAC,58,4390174
yadL_yadM_yadC_yadK_predicted,8.11111111111111,80,8,CGCCTCGCCGGGATAGGCTC,72,4377868
yadL_yadM_yadC_yadK_predicted,1.6666666666666667,22,8,CGCATGTTTCGGGGAGTCAA,14,4388017
yadL_yadM_yadC_yadK_predicted,1.7777777777777777,23,8,CGAGTGTAGAACTAATCATG,15,4374332
yadL_yadM_yadC_yadK_predicted,1.5555555555555556,21,8,CGACCGGACTCTCCATGGCG,13,4392166
yadL_yadM_yadC_yadK_predicted,0.2222222222222222,9,8,CGAATCATTTTTGATACGGT,1,4390901
yadL_yadM_yadC_yadK_predicted,0.7777777777777778,14,8,CGAAGTTCCTTTCACCCCCG,6,4376673
yadL_yadM_yadC_yadK_predicted,8.333333333333334,82,8,CCTCGCTGGGAACGTTAGAT,74,4402387
yadL_yadM_yadC_yadK_predicted,1.1111111111111112,17,8,CCTCCGTAGATTCCTAAATG,9,4390487
yadL_yadM_yadC_yadK_predicted,4.777777777777778,50,8,CCGGTTGATCAGCACTATCA,42,4390330
yadL_yadM_yadC_yadK_predicted,0.7777777777777778,14,8,CCGGCGCGATACATGACGGT,6,4381826
yadL_yadM_yadC_yadK_predicted,5.222222222222222,54,8,CCGAACTTTTCGGGGGTAGG,46,4373910
yadL_yadM_yadC_yadK_predicted,1.6666666666666667,22,8,CCCCAACTGCAAATTAGCTA,14,4378777
yadL_yadM_yadC_yadK_predicted,0.4444444444444444,11,8,CCCATGGCACGTTATAACCA,3,4402528
yadL_yadM_yadC_yadK_predicted,0.2222222222222222,9,8,CATCAGGGAAATGGTAAATT,1,4374418
yadL_yadM_yadC_yadK_predicted,1.2222222222222223,18,8,CATAAATCAGTCACTCCCCC,10,4379999
yadL_yadM_yadC_yadK_predicted,6.666666666666667,67,8,CAGCAGCCGGTGAGTAACGA,59,4379835
yadL_yadM_yadC_yadK_predicted,3.0,34,8,CAGATAGGACAAAATTGTGT,26,4373202
yadL_yadM_yadC_yadK_predicted,3.5555555555555554,39,8,CAGAGGTCTTCCGCTCAAAA,31,4376617
yadL_yadM_yadC_yadK_predicted,1.2222222222222223,18,8,CAGAGGTACTGACGAAGCTA,10,4396880
yadL_yadM_yadC_yadK_predicted,0.5555555555555556,12,8,CACTAGAGTCCTTGGTGATC,4,4393402
yadL_yadM_yadC_yadK_predicted,2.4444444444444446,29,8,CACGCAATTCTTGCAATAAA,21,4389310
yadL_yadM_yadC_yadK_predicted,2.5555555555555554,30,8,CACCGCACTTCCACGTGGGA,22,4391190
yadL_yadM_yadC_yadK_predicted,0.2222222222222222,9,8,CACATGGTCTACACGGAAAG,1,4374541
yadL_yadM_yadC_yadK_predicted,3.0,34,8,CAATCATAGAGCAGACTATC,26,4379839
yadL_yadM_yadC_yadK_predicted,4.444444444444445,47,8,CAAGGTAGTCTAACTGTGAC,39,4376013
yadL_yadM_yadC_yadK_predicted,3.6666666666666665,40,8,ATTCCGCCTGCCCCTGCGCT,32,4400972
yadL_yadM_yadC_yadK_predicted,1.1111111111111112,17,8,ATTCATAAGCTATACCGGGA,9,4378708
yadL_yadM_yadC_yadK_predicted,0.8888888888888888,15,8,ATGGGGCTTATCGCTGACGC,7,4398331
yadL_yadM_yadC_yadK_predicted,0.8888888888888888,15,8,ATGGAATAGGCTCATCGCTG,7,4397491
yadL_yadM_yadC_yadK_predicted,0.7777777777777778,14,8,ATGCTACCTACGAGGGGTTG,6,4372924
yadL_yadM_yadC_yadK_predicted,8.0,79,8,ATCGACGGCATCTACGGTGT,71,4373447
yadL_yadM_yadC_yadK_predicted,3.4444444444444446,38,8,ATCCCTACCTTTTCGCGACG,30,4395242
yadL_yadM_yadC_yadK_predicted,2.3333333333333335,28,8,ATATGGTGTATTATTTTAAT,20,4385892
yadL_yadM_yadC_yadK_predicted,1.6666666666666667,22,8,ATAGTTCGAAGAATGGTCAC,14,4389243
yadL_yadM_yadC_yadK_predicted,2.3333333333333335,28,8,AGTTGGTATATCTTCAGCAG,20,4399670
yadL_yadM_yadC_yadK_predicted,6.666666666666667,67,8,AGTTCCCGTTTCATAAATCT,59,4381153
yadL_yadM_yadC_yadK_predicted,2.2222222222222223,27,8,AGTGTTCCATGAGAGGGGAT,19,4399859
yadL_yadM_yadC_yadK_predicted,6.0,61,8,AGTACGGAGAAGTAGGCGAT,53,4385278
yadL_yadM_yadC_yadK_predicted,3.3333333333333335,37,8,AGGTGACCATCAGCTTACTC,29,4377057
yadL_yadM_yadC_yadK_predicted,0.3333333333333333,10,8,AGGGCAAAGCTCGGAGGGCT,2,4399838
yadL_yadM_yadC_yadK_predicted,1.8888888888888888,24,8,AGGCCGCCGCCATTGCGTAT,16,4387898
yadL_yadM_yadC_yadK_predicted,1.4444444444444444,20,8,AGCACACCTTTACCCCGTAG,12,4382885
yadL_yadM_yadC_yadK_predicted,0.6666666666666666,13,8,ACTGCACGATGAGCCTATCC,5,4381740
yadL_yadM_yadC_yadK_predicted,2.3333333333333335,28,8,ACGGTCGAACTTGCGCCTGC,20,4383042
yadL_yadM_yadC_yadK_predicted,1.4444444444444444,20,8,ACGATGTTCGTCTATTTCAC,12,4395174
yadL_yadM_yadC_yadK_predicted,1.5555555555555556,21,8,ACATGGGCGGAGCCCGCGCA,13,4373212
yadL_yadM_yadC_yadK_predicted,0.2222222222222222,9,8,ACATGACAAATCGTCCGCTA,1,4372966
yadL_yadM_yadC_yadK_predicted,0.2222222222222222,9,8,AATCCCTCGAGCACCACTTA,1,4388670
yadL_yadM_yadC_yadK_predicted,3.111111111111111,35,8,AATAGCCGTCCGCTGGGTTA,27,4383659
yadL_yadM_yadC_yadK_predicted,0.5555555555555556,12,8,AAGTTCCTTCGATAGTTGGG,4,4401753
yadL_yadM_yadC_yadK_predicted,4.777777777777778,50,8,AAGTCCACCTCGGCAACCAA,42,4372531
yadL_yadM_yadC_yadK_predicted,2.6666666666666665,31,8,AAGGGCGGTCATTTATTGTG,23,4371429
yadL_yadM_yadC_yadK_predicted,3.4444444444444446,38,8,AAGGAGAATAGCTCATCCAT,30,4386267
yadL_yadM_yadC_yadK_predicted,2.5555555555555554,30,8,AAAGGTACAGGTGCGAGAGT,22,4371740
yadL_yadM_yadC_yadK_predicted,2.0,25,8,AAAGGGTGGGTCTGGATACT,17,4379993
yadL_yadM_yadC_yadK_predicted,2.2222222222222223,27,8,AAAGCATTTCGACTTGGGAG,19,4385592
yadL_yadM_yadC_yadK_predicted,0.2222222222222222,9,8,AAAGCATAGTGAGTGTGCTA,1,4377700
yadL_yadM_yadC_yadK_predicted,0.2222222222222222,9,8,AAAAAGGTTGGCGCCCAGGG,1,4372963
yadL_yadM_yadC_yadK_predicted,1.125,15,7,TTTCACAGGTATAGCACTTC,8,4379822
yadL_yadM_yadC_yadK_predicted,0.25,8,7,TTTATCAAAATAACATGTTG,1,4371063
yadL_yadM_yadC_yadK_predicted,0.25,8,7,TTTACCCGGTGTATACAGCT,1,4386715
yadL_yadM_yadC_yadK_predicted,4.0,38,7,TTCTGTTACTCCCCCATATT,31,4375237
yadL_yadM_yadC_yadK_predicted,1.5,18,7,TTCTGTATACAGTTTACAAA,11,4393519
yadL_yadM_yadC_yadK_predicted,4.0,38,7,TTCGGCGCAACCAATTACCA,31,4382132
yadL_yadM_yadC_yadK_predicted,1.0,14,7,TTCGCTTCTAGAGATCATCG,7,4381504
yadL_yadM_yadC_yadK_predicted,2.0,22,7,TTCCTAGGTCAGCAACCACG,15,4395338
yadL_yadM_yadC_yadK_predicted,2.0,22,7,TTCATGTAGGCACTAGACTA,15,4372158
yadL_yadM_yadC_yadK_predicted,4.875,45,7,TTAAGACATTACACAATGGA,38,4384388
yadL_yadM_yadC_yadK_predicted,5.5,50,7,TGGTTCATGGCCAGGGCCCC,43,4385807
yadL_yadM_yadC_yadK_predicted,8.25,72,7,TGGCGGTGTTTTGTGCTGCT,65,4378515
yadL_yadM_yadC_yadK_predicted,3.625,35,7,TGGATCGCGAAGTAACGTGT,28,4388308
yadL_yadM_yadC_yadK_predicted,0.25,8,7,TGCTGGACTTTTTATGTCTT,1,4373964
yadL_yadM_yadC_yadK_predicted,0.25,8,7,TGCTCCTCCCTGGTGAGAAT,1,4374853
yadL_yadM_yadC_yadK_predicted,0.25,8,7,TGCTATTACCCTTAACTCTG,1,4392349
yadL_yadM_yadC_yadK_predicted,3.25,32,7,TGATTCGGCGTGATAAGATA,25,4396495
yadL_yadM_yadC_yadK_predicted,4.25,40,7,TGATCGCAAAGGCTCAGAAC,33,4379386
yadL_yadM_yadC_yadK_predicted,7.0,62,7,TGAATGTAAGATTCCGGTAA,55,4387402
yadL_yadM_yadC_yadK_predicted,7.5,66,7,TCTCTAAGTGCCGAGTGTAG,59,4379689
yadL_yadM_yadC_yadK_predicted,0.5,10,7,TCTCGTCCTTGGGCGATAGC,3,4387534
yadL_yadM_yadC_yadK_predicted,16.0,134,7,TCGTCTCGAAGCATTGGTTT,127,4391905
yadL_yadM_yadC_yadK_predicted,10.375,89,7,TCGCATATATCACCGTAGTA,82,4371674
yadL_yadM_yadC_yadK_predicted,1.125,15,7,TCCAGTCGCAATTAACAAGG,8,4392297
yadL_yadM_yadC_yadK_predicted,5.25,48,7,TCATTAAGCCGTCGCTCCAG,41,4370461
yadL_yadM_yadC_yadK_predicted,5.75,52,7,TCATGTACTGTGGTAGTAGA,45,4388932
yadL_yadM_yadC_yadK_predicted,4.5,42,7,TCATAGCATGACCCCTCACT,35,4399672
yadL_yadM_yadC_yadK_predicted,3.875,37,7,TCAATTTGAGGAGGCCTTTT,30,4388451
yadL_yadM_yadC_yadK_predicted,1.75,20,7,TATGGTTTGAGTTCCTGATC,13,4384754
yadL_yadM_yadC_yadK_predicted,1.5,18,7,TATCTCATACCGGCGTAAAT,11,4401843
yadL_yadM_yadC_yadK_predicted,1.5,18,7,TATAGTCTGTGACACACCCT,11,4389554
yadL_yadM_yadC_yadK_predicted,3.125,31,7,TATACGTCTGGGTTAGACGG,24,4371607
yadL_yadM_yadC_yadK_predicted,1.875,21,7,TATAATTGGGTCAACAAATC,14,4380991
yadL_yadM_yadC_yadK_predicted,1.5,18,7,TATAATACAAGACGGACGCG,11,4377775
yadL_yadM_yadC_yadK_predicted,8.25,72,7,TAGGCGGAAAATGCCCTTGA,65,4398516
yadL_yadM_yadC_yadK_predicted,5.25,48,7,TAGCGGTCGAGTTCTTAAGT,41,4373073
yadL_yadM_yadC_yadK_predicted,0.25,8,7,TACCAAAACAGATGGGCTTA,1,4391625
yadL_yadM_yadC_yadK_predicted,0.375,9,7,TACAACCCCATACGCTAAGT,2,4373863
yadL_yadM_yadC_yadK_predicted,4.25,40,7,TAACCTGGTCAAATATTAAT,33,4390887
yadL_yadM_yadC_yadK_predicted,1.625,19,7,GTTTTGGTAACCTCCTCATC,12,4395012
yadL_yadM_yadC_yadK_predicted,4.0,38,7,GTTTTAAGTTCTCGAGTATT,31,4394927
yadL_yadM_yadC_yadK_predicted,5.0,46,7,GTTGGTTTTAACAATTGGGA,39,4392973
yadL_yadM_yadC_yadK_predicted,2.875,29,7,GTTGCATCCCATACCTTATT,22,4373087
yadL_yadM_yadC_yadK_predicted,0.625,11,7,GTTGAACCCTAGCCGTTTCC,4,4374359
yadL_yadM_yadC_yadK_predicted,3.75,36,7,GTTCCCGAGTCAGATGTTCC,29,4386175
yadL_yadM_yadC_yadK_predicted,2.5,26,7,GTTATCTAGCTGGATTCACG,19,4390315
yadL_yadM_yadC_yadK_predicted,2.125,23,7,GTGTGGTTTGGGAGGCCACC,16,4375331
yadL_yadM_yadC_yadK_predicted,8.375,73,7,GTGAGGAAGGAAGTCCGATA,66,4384558
yadL_yadM_yadC_yadK_predicted,10.25,88,7,GTCTTATTTTTGAAGCCCTT,81,4401096
yadL_yadM_yadC_yadK_predicted,6.25,56,7,GTATTTTGATCGCGGTATGA,49,4389287
yadL_yadM_yadC_yadK_predicted,0.5,10,7,GTATTAATTAGCTAGTCAAG,3,4397767
yadL_yadM_yadC_yadK_predicted,0.25,8,7,GGTTTTGCAGGACTCTGTTG,1,4380707
yadL_yadM_yadC_yadK_predicted,6.25,56,7,GGTTGCCCGGAGCCGGAGGA,49,4385880
yadL_yadM_yadC_yadK_predicted,2.75,28,7,GGTGGCACATTCACTCACAT,21,4400880
yadL_yadM_yadC_yadK_predicted,0.75,12,7,GGTAACAAAGAATATGTGTA,5,4398186
yadL_yadM_yadC_yadK_predicted,0.25,8,7,GGCCCGTTTATCTTCTTCAC,1,4377805
yadL_yadM_yadC_yadK_predicted,1.375,17,7,GGCACTCTCTGGAATACTAC,10,4374708
yadL_yadM_yadC_yadK_predicted,0.375,9,7,GGCACTCAGGGTAACCCTTT,2,4401728
yadL_yadM_yadC_yadK_predicted,1.75,20,7,GGATTGTTCGGGGCGAAGGT,13,4378754
yadL_yadM_yadC_yadK_predicted,3.5,34,7,GGAGCCATCTAGGTGACCAG,27,4392980
yadL_yadM_yadC_yadK_predicted,0.375,9,7,GGAGCAAATCGCAAAAAGGT,2,4397892
yadL_yadM_yadC_yadK_predicted,1.75,20,7,GGACGTCTATTCGGATCTAT,13,4371816
yadL_yadM_yadC_yadK_predicted,0.25,8,7,GGACAGCTGAGAACCAGAGT,1,4390709
yadL_yadM_yadC_yadK_predicted,4.625,43,7,GCTTCCAGACCTTAAGGGGA,36,4371272
yadL_yadM_yadC_yadK_predicted,0.25,8,7,GCTTCACGGTTTAAGTCTAC,1,4399630
yadL_yadM_yadC_yadK_predicted,0.875,13,7,GCTGGGCTACTGGCTTCGGT,6,4371076
yadL_yadM_yadC_yadK_predicted,2.875,29,7,GCTGCGTAGTATATTTTTGA,22,4394874
yadL_yadM_yadC_yadK_predicted,3.25,32,7,GCTACAAGGTACGCAGTGTA,25,4388301
yadL_yadM_yadC_yadK_predicted,0.25,8,7,GCGGCTTAACTCTGTTTTAG,1,4384178
yadL_yadM_yadC_yadK_predicted,1.125,15,7,GCCTTGTACCACATCAATAG,8,4393517
yadL_yadM_yadC_yadK_predicted,3.0,30,7,GCCGGAACTGATAATGCGGC,23,4379174
yadL_yadM_yadC_yadK_predicted,0.375,9,7,GCATCCTGGGTGGTTAAACG,2,4380561
yadL_yadM_yadC_yadK_predicted,0.25,8,7,GCAACGAATTATCAGACATA,1,4389911
yadL_yadM_yadC_yadK_predicted,3.625,35,7,GATGTTCGTTAATGGTATGA,28,4371772
yadL_yadM_yadC_yadK_predicted,1.125,15,7,GAGCGCCGGGGAGGCTAAGC,8,4385480
yadL_yadM_yadC_yadK_predicted,1.625,19,7,GAGATCAATGGTGAGATGAG,12,4392589
yadL_yadM_yadC_yadK_predicted,5.125,47,7,GACGTTACATTGCGAAATAA,40,4383682
yadL_yadM_yadC_yadK_predicted,1.375,17,7,GACATTTCAGCTCCATCAGC,10,4373152
yadL_yadM_yadC_yadK_predicted,0.5,10,7,GAATCCGTTGTATAACTGCC,3,4394146
yadL_yadM_yadC_yadK_predicted,4.875,45,7,GAACAATTTTGATATTGTTC,38,4371281
yadL_yadM_yadC_yadK_predicted,2.125,23,7,GAAATCTTAGCCAAGCGCTG,16,4374149
yadL_yadM_yadC_yadK_predicted,2.375,25,7,CTTGCATTGTATTTCGCCCA,18,4388481
yadL_yadM_yadC_yadK_predicted,0.25,8,7,CTGGGGAGCCGAAGAGCGGG,1,4383057
yadL_yadM_yadC_yadK_predicted,0.5,10,7,CTGGCGAGAGCAGAATGAAC,3,4399016
yadL_yadM_yadC_yadK_predicted,2.625,27,7,CTGCCCTCACCGCGACAGTG,20,4395778
yadL_yadM_yadC_yadK_predicted,6.75,60,7,CTCTTCTGCATTCTTCGTTG,53,4395564
yadL_yadM_yadC_yadK_predicted,9.625,83,7,CTCTTCCAATCATTTAAGTT,76,4394899
yadL_yadM_yadC_yadK_predicted,0.625,11,7,CTCGTGCCTTTGGATTATTT,4,4390937
yadL_yadM_yadC_yadK_predicted,0.25,8,7,CTCCCAATTCGAAGGACGAG,1,4380683
yadL_yadM_yadC_yadK_predicted,0.875,13,7,CTATCCGACGATAGTAAGGT,6,4384797
yadL_yadM_yadC_yadK_predicted,4.75,44,7,CTAATGCGCCGGCACGGGTG,37,4395566
yadL_yadM_yadC_yadK_predicted,6.125,55,7,CTAAGCAGATCTCCTCACAC,48,4381495
yadL_yadM_yadC_yadK_predicted,1.625,19,7,CTAAACGATAGTCATAGCGC,12,4383527
yadL_yadM_yadC_yadK_predicted,1.25,16,7,CGTTTGTGTTATTTCTCTCC,9,4383230
yadL_yadM_yadC_yadK_predicted,3.875,37,7,CGTGCTAGCGAAATACACGG,30,4380582
yadL_yadM_yadC_yadK_predicted,1.25,16,7,CGGCAAATTGCGTGTTCTTC,9,4392229
yadL_yadM_yadC_yadK_predicted,0.625,11,7,CGCTTCTAATCGGGAGTATA,4,4380297
yadL_yadM_yadC_yadK_predicted,7.125,63,7,CGCATAGCAGGCCGTAAGCC,56,4373259
yadL_yadM_yadC_yadK_predicted,7.375,65,7,CGCAGTCGGGTCCATCGAAT,58,4376115
yadL_yadM_yadC_yadK_predicted,0.75,12,7,CGCAGGGGGAGCAACCCATC,5,4373638
yadL_yadM_yadC_yadK_predicted,1.0,14,7,CGATGTGGGGTTTTTGTCAA,7,4401747
yadL_yadM_yadC_yadK_predicted,0.25,8,7,CGACCCAGACCGTTTTACGG,1,4386590
yadL_yadM_yadC_yadK_predicted,4.625,43,7,CCTTATGAAATGGTCCCTGA,36,4390941
yadL_yadM_yadC_yadK_predicted,1.75,20,7,CCTGAGGCGATGTGAGCGCG,13,4383556
yadL_yadM_yadC_yadK_predicted,3.5,34,7,CCGCCTTTTCATTCAGGGTT,27,4373230
yadL_yadM_yadC_yadK_predicted,6.0,54,7,CCGAGTGGAAGTGTTTTTCT,47,4395003
yadL_yadM_yadC_yadK_predicted,0.25,8,7,CCCTCAGTTATGCAACGGCG,1,4392981
yadL_yadM_yadC_yadK_predicted,0.25,8,7,CCCGTGATCGTTAGGTCAGA,1,4397345
yadL_yadM_yadC_yadK_predicted,3.375,33,7,CCCGGGATTTAACTCTTTCC,26,4400054
yadL_yadM_yadC_yadK_predicted,0.25,8,7,CCCCTGCTACTTATTCAATC,1,4382906
yadL_yadM_yadC_yadK_predicted,0.625,11,7,CCCCGGTGGAACAGTACCTA,4,4387165
yadL_yadM_yadC_yadK_predicted,9.75,84,7,CCAGGGGGACATGAGACCCG,77,4381741
yadL_yadM_yadC_yadK_predicted,1.375,17,7,CCAGCAGCGGCATCCCAGAT,10,4388793
yadL_yadM_yadC_yadK_predicted,1.125,15,7,CATGACTAAAACTGCACGAG,8,4390962
yadL_yadM_yadC_yadK_predicted,3.875,37,7,CAGGTTGTTCACTCTCAGGG,30,4378617
yadL_yadM_yadC_yadK_predicted,1.5,18,7,CAGGGGACAACGGGGGCGAA,11,4400618
yadL_yadM_yadC_yadK_predicted,3.5,34,7,CAGAAATGGCCTGAAGTAAG,27,4385143
yadL_yadM_yadC_yadK_predicted,0.25,8,7,CACGGGCTGTGGCCCTAGCT,1,4390251
yadL_yadM_yadC_yadK_predicted,5.0,46,7,CACCAGGCAATCGAAACTTT,39,4378305
yadL_yadM_yadC_yadK_predicted,7.375,65,7,CACATTACAAGTTCCATTCT,58,4376968
yadL_yadM_yadC_yadK_predicted,1.25,16,7,CAAGCGTGCGTGCACTTCAG,9,4381014
yadL_yadM_yadC_yadK_predicted,12.75,108,7,CAAACTAAGCCCCGGCGTAT,101,4390386
yadL_yadM_yadC_yadK_predicted,2.0,22,7,ATTAATCTACGTCGGAGGGT,15,4370944
yadL_yadM_yadC_yadK_predicted,0.75,12,7,ATGTCCCGCAATTTTTGCAT,5,4389899
yadL_yadM_yadC_yadK_predicted,0.25,8,7,ATGTATAGTTTGCTGGACGC,1,4380989
yadL_yadM_yadC_yadK_predicted,3.625,35,7,ATGCTTCATGTAGGTGGGTG,28,4393469
yadL_yadM_yadC_yadK_predicted,1.5,18,7,ATGCAGGAGTCACAAAATAT,11,4402118
yadL_yadM_yadC_yadK_predicted,3.5,34,7,ATCGAACGGTCAGCGTCCTT,27,4375708
yadL_yadM_yadC_yadK_predicted,6.75,60,7,ATAGTCCACACTGTATGACA,53,4395886
yadL_yadM_yadC_yadK_predicted,6.875,61,7,AGTCAAATGTCTAACGATTG,54,4386384
yadL_yadM_yadC_yadK_predicted,0.75,12,7,AGTACTTCAGAGTTGGACAT,5,4384269
yadL_yadM_yadC_yadK_predicted,0.25,8,7,AGGTTATGAGTCCGGCCTCA,1,4383867
yadL_yadM_yadC_yadK_predicted,8.25,72,7,AGGGGGGAACCTGTTTCTAA,65,4386004
yadL_yadM_yadC_yadK_predicted,0.375,9,7,AGGCTCCCGGTGGATAGGCG,2,4399241
yadL_yadM_yadC_yadK_predicted,3.875,37,7,AGGCGGACCGCGGTTCCCAC,30,4378351
yadL_yadM_yadC_yadK_predicted,1.75,20,7,AGCAATGGTTTGAAATAGAG,13,4387862
yadL_yadM_yadC_yadK_predicted,6.375,57,7,AGACCAACCCGGCATCGCAA,50,4382757
yadL_yadM_yadC_yadK_predicted,0.5,10,7,ACTGTGACAACTTCTTGTGT,3,4393639
yadL_yadM_yadC_yadK_predicted,2.125,23,7,ACTGGATCCTGGGCCTCATC,16,4371397
yadL_yadM_yadC_yadK_predicted,3.125,31,7,ACCTGGCCATCCATAGAACG,24,4401457
yadL_yadM_yadC_yadK_predicted,4.875,45,7,ACCTGCCCTTCGTCCTCATA,38,4398948
yadL_yadM_yadC_yadK_predicted,3.875,37,7,ACCTCCGATCCAACTGGTCG,30,4399529
yadL_yadM_yadC_yadK_predicted,0.375,9,7,ACCCTCTGAGGTGATCGGTA,2,4387811
yadL_yadM_yadC_yadK_predicted,5.5,50,7,ACCCCAGCTCATTCGTATTA,43,4402462
yadL_yadM_yadC_yadK_predicted,0.25,8,7,ACAACTAAATGTGAGCTTCA,1,4379669
yadL_yadM_yadC_yadK_predicted,1.5,18,7,ACAACATGCGATAATCTTAA,11,4384923
yadL_yadM_yadC_yadK_predicted,3.0,30,7,AATGCCTGGAAGATATGGGG,23,4371085
yadL_yadM_yadC_yadK_predicted,4.875,45,7,AAGTAGGTAATAATGCTCGG,38,4383164
yadL_yadM_yadC_yadK_predicted,4.125,39,7,AAGGCGAAATTGGCAGAAAA,32,4396092
yadL_yadM_yadC_yadK_predicted,2.375,25,7,AAGCCATTCTGCATTACGAG,18,4374309
yadL_yadM_yadC_yadK_predicted,1.875,21,7,AAGAACAAATGTATTATTAT,14,4376411
yadL_yadM_yadC_yadK_predicted,0.375,9,7,AACGCTTAGGGACGACTCCT,2,4402320
yadL_yadM_yadC_yadK_predicted,2.25,24,7,AACCTCGCCCTCCGCTAAAT,17,4401604
yadL_yadM_yadC_yadK_predicted,1.625,19,7,AACCAAGTTCGAAGCCATCT,12,4386950
yadL_yadM_yadC_yadK_predicted,0.25,8,7,AAAGCACGGGCGTTCCTAGA,1,4376625
yadL_yadM_yadC_yadK_predicted,0.5714285714285714,9,6,TTTCGGCGTGGCCCAGTCTA,3,4394301
yadL_yadM_yadC_yadK_predicted,0.42857142857142855,8,6,TTTAGAGGATCGCTAATGCG,2,4380088
yadL_yadM_yadC_yadK_predicted,6.0,47,6,TTTACCACAGCATGGCGGTA,41,4384497
yadL_yadM_yadC_yadK_predicted,6.714285714285714,52,6,TTGGATGGTTGTCCTGTAAA,46,4387309
yadL_yadM_yadC_yadK_predicted,3.142857142857143,27,6,TTCCATCTCAGAAATGACTA,21,4401799
yadL_yadM_yadC_yadK_predicted,4.142857142857143,34,6,TTCAAACACGTCAGTTCTTA,28,4390241
yadL_yadM_yadC_yadK_predicted,2.5714285714285716,23,6,TTACGTTCCGTCAGGTTGTT,17,4383081
yadL_yadM_yadC_yadK_predicted,4.142857142857143,34,6,TTACGGCAGCGAGGATCGCA,28,4378521
yadL_yadM_yadC_yadK_predicted,0.2857142857142857,7,6,TTAATTACTCGTACTCCTTA,1,4370655
yadL_yadM_yadC_yadK_predicted,0.2857142857142857,7,6,TGTTCGTCGTAGTATCGTAG,1,4401073
yadL_yadM_yadC_yadK_predicted,2.142857142857143,20,6,TGTGTCTTATAAAAAAGGCT,14,4392619
yadL_yadM_yadC_yadK_predicted,2.0,19,6,TGTCCATTTCGCCGGTCTCC,13,4381323
yadL_yadM_yadC_yadK_predicted,0.2857142857142857,7,6,TGGTCAGGTCCCATCGGTAT,1,4388776
yadL_yadM_yadC_yadK_predicted,3.5714285714285716,30,6,TGGGTACTTTAACCTGAGGA,24,4391873
yadL_yadM_yadC_yadK_predicted,3.857142857142857,32,6,TGGGGTCCCGGGAAGAAGCC,26,4397789
yadL_yadM_yadC_yadK_predicted,0.2857142857142857,7,6,TGGGCTGCTGCTCCGCACCA,1,4386134
yadL_yadM_yadC_yadK_predicted,6.571428571428571,51,6,TGGGCGCGCCTATACAAAAA,45,4386803
yadL_yadM_yadC_yadK_predicted,2.7142857142857144,24,6,TGGGACACTACTTATCCTAT,18,4379677
yadL_yadM_yadC_yadK_predicted,1.0,12,6,TGCTTCGCGGGTTGTTCCGA,6,4397327
yadL_yadM_yadC_yadK_predicted,2.0,19,6,TGCGCCAACAATACTTTCAC,13,4385493
yadL_yadM_yadC_yadK_predicted,0.2857142857142857,7,6,TGCGAAGTGACACGAAATAC,1,4371244
yadL_yadM_yadC_yadK_predicted,2.7142857142857144,24,6,TGCGAAGCAAGTCAACAAAT,18,4389160
yadL_yadM_yadC_yadK_predicted,0.2857142857142857,7,6,TGCACAGACGGATTCGTCTG,1,4373041
yadL_yadM_yadC_yadK_predicted,3.857142857142857,32,6,TGATTCTAACTTAAGACACA,26,4382342
yadL_yadM_yadC_yadK_predicted,4.714285714285714,38,6,TGAGCTGCATGCTACAAGGA,32,4381415
yadL_yadM_yadC_yadK_predicted,1.0,12,6,TCTGCCAACTCGGGTATTCT,6,4381001
yadL_yadM_yadC_yadK_predicted,0.2857142857142857,7,6,TCTGACGGGGTCAGTTGAGA,1,4398309
yadL_yadM_yadC_yadK_predicted,0.42857142857142855,8,6,TCGCTTTAGGTAATGTCCAA,2,4397435
yadL_yadM_yadC_yadK_predicted,1.4285714285714286,15,6,TCGACCCCGGCAAAGATGGC,9,4390248
yadL_yadM_yadC_yadK_predicted,2.7142857142857144,24,6,TCCTTCGCTCGGCTTTTAAA,18,4392212
yadL_yadM_yadC_yadK_predicted,0.2857142857142857,7,6,TCCCTCCCGGAGGTCATTAA,1,4400003
yadL_yadM_yadC_yadK_predicted,9.714285714285714,73,6,TCCAGAGTTAGCTACACTCA,67,4402256
yadL_yadM_yadC_yadK_predicted,4.0,33,6,TCACAGAGACTGCAATTGTT,27,4396925
yadL_yadM_yadC_yadK_predicted,9.285714285714286,70,6,TATTCTACTAGCAACATACA,64,4396441
yadL_yadM_yadC_yadK_predicted,6.142857142857143,48,6,TATCATCGGCGTTGGAACGA,42,4392800
yadL_yadM_yadC_yadK_predicted,2.7142857142857144,24,6,TAGCCGGGCGTGCGTGGCCA,18,4371800
yadL_yadM_yadC_yadK_predicted,1.8571428571428572,18,6,TACTCCTCAGTCTCATGGGA,12,4400845
yadL_yadM_yadC_yadK_predicted,4.571428571428571,37,6,TACCCCTCTTTGCGCAGCCA,31,4392266
yadL_yadM_yadC_yadK_predicted,1.5714285714285714,16,6,TACAGGGCGGGGTAATCCAA,10,4376449
yadL_yadM_yadC_yadK_predicted,0.8571428571428571,11,6,TACACTGTTACAGCCCGCTG,5,4379869
yadL_yadM_yadC_yadK_predicted,2.2857142857142856,21,6,TAATTCCCAAGAGGGTCTGA,15,4371408
yadL_yadM_yadC_yadK_predicted,0.42857142857142855,8,6,TAAGGGTGATTTGACAGCCT,2,4377132
yadL_yadM_yadC_yadK_predicted,4.857142857142857,39,6,GTTGGGTATGTCGTAGATCG,33,4379773
yadL_yadM_yadC_yadK_predicted,0.42857142857142855,8,6,GTTATAGACCTCCGCGTATT,2,4374255
yadL_yadM_yadC_yadK_predicted,0.7142857142857143,10,6,GTGTCGAAGAGGTTTAGATC,4,4374567
yadL_yadM_yadC_yadK_predicted,1.4285714285714286,15,6,GTGTATGCCTTAGCTCACAA,9,4401655
yadL_yadM_yadC_yadK_predicted,4.428571428571429,36,6,GTCTTATTTAACGCTCCTTT,30,4374784
yadL_yadM_yadC_yadK_predicted,1.2857142857142858,14,6,GTCCTCGGTAAGAATCGCTA,8,4381792
yadL_yadM_yadC_yadK_predicted,4.571428571428571,37,6,GTCCAAGTTTCGAGAAACTG,31,4393058
yadL_yadM_yadC_yadK_predicted,2.7142857142857144,24,6,GGTTTTCGGGGCCATTCGAA,18,4376909
yadL_yadM_yadC_yadK_predicted,2.5714285714285716,23,6,GGTGGTTAGATTGCGTTCCA,17,4393224
yadL_yadM_yadC_yadK_predicted,4.428571428571429,36,6,GGGCTACCCACACTCTCAGG,30,4390832
yadL_yadM_yadC_yadK_predicted,5.0,40,6,GGGAGACAGGCCCATAGGCT,34,4401065
yadL_yadM_yadC_yadK_predicted,1.1428571428571428,13,6,GCTTTCACTGATTCCTTCAC,7,4382920
yadL_yadM_yadC_yadK_predicted,3.7142857142857144,31,6,GCTCGGAAGGCATACGGACA,25,4375124
yadL_yadM_yadC_yadK_predicted,2.5714285714285716,23,6,GCGAGAGATCGCGCGCGATG,17,4373967
yadL_yadM_yadC_yadK_predicted,2.142857142857143,20,6,GATCGGCATACCCGAGCACT,14,4383603
yadL_yadM_yadC_yadK_predicted,4.571428571428571,37,6,GATATTTCAGTCAAACCCGT,31,4392756
yadL_yadM_yadC_yadK_predicted,0.2857142857142857,7,6,GAGGTTCAAATCAGAGCAGC,1,4390734
yadL_yadM_yadC_yadK_predicted,12.142857142857142,90,6,GAGGGATCGAAGGACCTCTT,84,4374110
yadL_yadM_yadC_yadK_predicted,3.4285714285714284,29,6,GAGATGAGGTTAACGCTGGG,23,4378699
yadL_yadM_yadC_yadK_predicted,1.1428571428571428,13,6,GACAAAGTTCGTGTTGGAAG,7,4375049
yadL_yadM_yadC_yadK_predicted,6.857142857142857,53,6,GAAATACCCTTATTATTATA,47,4399316
yadL_yadM_yadC_yadK_predicted,4.857142857142857,39,6,CTTCGGGACGGCATCATATA,33,4383949
yadL_yadM_yadC_yadK_predicted,6.0,47,6,CTGGCTGAATGTGAGCTGAC,41,4376474
yadL_yadM_yadC_yadK_predicted,3.7142857142857144,31,6,CTGCCAAGAATAGTGATCAT,25,4379323
yadL_yadM_yadC_yadK_predicted,1.5714285714285714,16,6,CTGAGCTCTTGTGCTAGACA,10,4371675
yadL_yadM_yadC_yadK_predicted,0.2857142857142857,7,6,CTCGTTTTAGGAATGATGCA,1,4384533
yadL_yadM_yadC_yadK_predicted,3.4285714285714284,29,6,CTCCGATTAGAAGCTGATAC,23,4400240
yadL_yadM_yadC_yadK_predicted,16.571428571428573,121,6,CTCCCGACTCTAATGTATTA,115,4395630
yadL_yadM_yadC_yadK_predicted,5.0,40,6,CTCAGCCTAATACTCAGCGA,34,4376280
yadL_yadM_yadC_yadK_predicted,8.714285714285714,66,6,CTCAGCACAGGACTGTGTCG,60,4379403
yadL_yadM_yadC_yadK_predicted,5.285714285714286,42,6,CTACTTTCAGCTTACCAATG,36,4370782
yadL_yadM_yadC_yadK_predicted,6.428571428571429,50,6,CGTCGTAGCCCAAGCCTAAG,44,4376846
yadL_yadM_yadC_yadK_predicted,4.0,33,6,CGTATACCTTGGGTTTGGTG,27,4393532
yadL_yadM_yadC_yadK_predicted,0.2857142857142857,7,6,CGGTCGGATGTTGGTGAATG,1,4383519
yadL_yadM_yadC_yadK_predicted,3.5714285714285716,30,6,CGGTAGCCGGCTCTTTGGAA,24,4371975
yadL_yadM_yadC_yadK_predicted,4.857142857142857,39,6,CGGGAGGCTGTCATTTGGGT,33,4400355
yadL_yadM_yadC_yadK_predicted,8.714285714285714,66,6,CGGCCGGTGGCGGTATCATC,60,4401738
yadL_yadM_yadC_yadK_predicted,0.2857142857142857,7,6,CGGAGCAAGATTGGAGGACG,1,4399149
yadL_yadM_yadC_yadK_predicted,5.714285714285714,45,6,CGCGCTTCGTGTGACCCTAC,39,4382506
yadL_yadM_yadC_yadK_predicted,0.7142857142857143,10,6,CGCCGGCGCCAAGTCTAAAA,4,4397429
yadL_yadM_yadC_yadK_predicted,3.4285714285714284,29,6,CGAGATGGTCCACATAATCT,23,4386688
yadL_yadM_yadC_yadK_predicted,2.0,19,6,CGACGGTGCCGTCCTAGCTC,13,4399632
yadL_yadM_yadC_yadK_predicted,1.5714285714285714,16,6,CGACAAGGCCTTCTGGGTAA,10,4373028
yadL_yadM_yadC_yadK_predicted,2.857142857142857,25,6,CCTGACGCGGCCTGAGACAA,19,4378413
yadL_yadM_yadC_yadK_predicted,2.857142857142857,25,6,CCTCTATAAGGGCTAGGCAT,19,4376786
yadL_yadM_yadC_yadK_predicted,3.0,26,6,CCGGTCGTATCCTAATGGCG,20,4384476
yadL_yadM_yadC_yadK_predicted,8.857142857142858,67,6,CCGGGATGGGGACGATTGCC,61,4385684
yadL_yadM_yadC_yadK_predicted,0.42857142857142855,8,6,CCGAACCAGTACGCGCGCCC,2,4377506
yadL_yadM_yadC_yadK_predicted,5.142857142857143,41,6,CCCGCCTCTAATTATTGGAG,35,4384402
yadL_yadM_yadC_yadK_predicted,2.5714285714285716,23,6,CCAATGTGAGGTGAGAGGAA,17,4392076
yadL_yadM_yadC_yadK_predicted,2.7142857142857144,24,6,CATTCTCCGGGTGCCCCTCT,18,4377252
yadL_yadM_yadC_yadK_predicted,8.571428571428571,65,6,CATTAGCGAACTATCCGACA,59,4382086
yadL_yadM_yadC_yadK_predicted,5.142857142857143,41,6,CATGGATGGAATTACAGCCC,35,4382798
yadL_yadM_yadC_yadK_predicted,0.2857142857142857,7,6,CATCGAATTAAAAACGATTT,1,4387540
yadL_yadM_yadC_yadK_predicted,2.142857142857143,20,6,CATATCAGGGTCTCCCACGA,14,4372817
yadL_yadM_yadC_yadK_predicted,13.142857142857142,97,6,CAGTTGCGATGCAGAAATGA,91,4383712
yadL_yadM_yadC_yadK_predicted,2.2857142857142856,21,6,CAGTGGGAAATTGAGTATGT,15,4389359
yadL_yadM_yadC_yadK_predicted,2.2857142857142856,21,6,CAGTGAGTCTATTGGTAAAA,15,4374775
yadL_yadM_yadC_yadK_predicted,3.5714285714285716,30,6,CAGTCTTTGGGTAAGTAGGT,24,4374393
yadL_yadM_yadC_yadK_predicted,3.2857142857142856,28,6,CAGTCGGGAGTTATAAGGGT,22,4381398
yadL_yadM_yadC_yadK_predicted,4.714285714285714,38,6,CACGCTCCGTTGGCACCGGT,32,4379552
yadL_yadM_yadC_yadK_predicted,1.7142857142857142,17,6,CACGATCCAACTTCAGCTAC,11,4396489
yadL_yadM_yadC_yadK_predicted,10.714285714285714,80,6,CACACCAACTACAGCATGTT,74,4397294
yadL_yadM_yadC_yadK_predicted,1.7142857142857142,17,6,ATTTCGGCATGGCGGGACTA,11,4386320
yadL_yadM_yadC_yadK_predicted,4.428571428571429,36,6,ATTGCACCCGGGTGAACGGG,30,4373743
yadL_yadM_yadC_yadK_predicted,3.0,26,6,ATTCGCCTTTCACCAATGAT,20,4398847
yadL_yadM_yadC_yadK_predicted,3.2857142857142856,28,6,ATTAAGGAAATTCACGGGCG,22,4393444
yadL_yadM_yadC_yadK_predicted,2.4285714285714284,22,6,ATGGGACACGGGAGTAGGTG,16,4385615
yadL_yadM_yadC_yadK_predicted,3.142857142857143,27,6,ATGCCGTCCTTCTCAACGAT,21,4373598
yadL_yadM_yadC_yadK_predicted,0.8571428571428571,11,6,ATGAGTTCAGAACGGCACGC,5,4378704
yadL_yadM_yadC_yadK_predicted,0.2857142857142857,7,6,ATCCGCATTTTCGGTTGGTT,1,4372862
yadL_yadM_yadC_yadK_predicted,6.714285714285714,52,6,ATATTTAACCCCTCCACGGA,46,4376134
yadL_yadM_yadC_yadK_predicted,5.714285714285714,45,6,ATATGCGGCACCGGGATGGG,39,4374180
yadL_yadM_yadC_yadK_predicted,16.285714285714285,119,6,AGTAACCACGCGTATCCACA,113,4377019
yadL_yadM_yadC_yadK_predicted,1.2857142857142858,14,6,AGGTTGCTCCATCAATTAAG,8,4391007
yadL_yadM_yadC_yadK_predicted,2.142857142857143,20,6,AGGGTGGTAATACCGCTCCG,14,4398778
yadL_yadM_yadC_yadK_predicted,0.42857142857142855,8,6,AGGGCGTTTCCTCCTGGAGA,2,4384018
yadL_yadM_yadC_yadK_predicted,0.2857142857142857,7,6,AGGCTACACGTACGGAGCCG,1,4374847
yadL_yadM_yadC_yadK_predicted,6.142857142857143,48,6,AGGATCAATTCAGTACAAGT,42,4382392
yadL_yadM_yadC_yadK_predicted,1.7142857142857142,17,6,AGCCTCGCAGGGAAGCTGGG,11,4374867
yadL_yadM_yadC_yadK_predicted,2.5714285714285716,23,6,AGCCTCATGCTAGAAATTTT,17,4378196
yadL_yadM_yadC_yadK_predicted,0.8571428571428571,11,6,AGCCAGTGACAACCGAGCAT,5,4376454
yadL_yadM_yadC_yadK_predicted,0.42857142857142855,8,6,ACGAGGAAAGGGAAACACGT,2,4380391
yadL_yadM_yadC_yadK_predicted,2.0,19,6,ACGAGACATCCCGTGGGGCG,13,4374220
yadL_yadM_yadC_yadK_predicted,0.2857142857142857,7,6,ACCTAGTTCCGGATAAATGA,1,4393874
yadL_yadM_yadC_yadK_predicted,2.4285714285714284,22,6,ACCCTGAACTTCTCAGTCTT,16,4386709
yadL_yadM_yadC_yadK_predicted,0.42857142857142855,8,6,ACCAAGTTGACCCGAGACGT,2,4386244
yadL_yadM_yadC_yadK_predicted,3.857142857142857,32,6,ACATCGGTCCTTTTTGTCTG,26,4394765
yadL_yadM_yadC_yadK_predicted,4.857142857142857,39,6,ACAGTACAGGGAGATTACCA,33,4373305
yadL_yadM_yadC_yadK_predicted,0.7142857142857143,10,6,ACAGGATGTGCATCGGCTAT,4,4383622
yadL_yadM_yadC_yadK_predicted,2.0,19,6,ACACGTATGCATATACTGTG,13,4370860
yadL_yadM_yadC_yadK_predicted,0.2857142857142857,7,6,AATGACACAAAAGGCTGTTT,1,4382539
yadL_yadM_yadC_yadK_predicted,5.0,40,6,AAGTCGGATAAACTCCTTCT,34,4381223
yadL_yadM_yadC_yadK_predicted,4.142857142857143,34,6,AAGTAAAACATGGCCCATCC,28,4394652
yadL_yadM_yadC_yadK_predicted,9.0,68,6,AAGGCCCGGCTGCACCACCC,62,4371621
yadL_yadM_yadC_yadK_predicted,2.0,19,6,AACGGTTAATTTGATAATGC,13,4379872
yadL_yadM_yadC_yadK_predicted,3.0,26,6,AAATCGAACGAGCGTCAGCA,20,4397246
yadL_yadM_yadC_yadK_predicted,8.0,61,6,AAAGTGCCCGGGCTAGATGG,55,4381871
yadL_yadM_yadC_yadK_predicted,2.4285714285714284,22,6,AAAATAACGATTAAACGTTT,16,4378505
yadL_yadM_yadC_yadK_predicted,7.833333333333333,51,5,TTTGTAGGAGCGAGCCATGT,46,4377614
yadL_yadM_yadC_yadK_predicted,1.1666666666666667,11,5,TTTAGTAGCGCCAACATACC,6,4382323
yadL_yadM_yadC_yadK_predicted,0.3333333333333333,6,5,TTTAACCCGTCCTACGCTCC,1,4380794
yadL_yadM_yadC_yadK_predicted,8.0,52,5,TTGTGACCAACATGTTGGGG,47,4401424
yadL_yadM_yadC_yadK_predicted,3.1666666666666665,23,5,TTGAATCGAACGGTGCGTTG,18,4384733
yadL_yadM_yadC_yadK_predicted,0.5,7,5,TTCGATGCCGTACGGACCTG,2,4401877
yadL_yadM_yadC_yadK_predicted,0.3333333333333333,6,5,TTACGCTTAGGCACAGATCG,1,4389867
yadL_yadM_yadC_yadK_predicted,2.6666666666666665,20,5,TTAAGAAACAAACAGAGCTA,15,4377434
yadL_yadM_yadC_yadK_predicted,3.1666666666666665,23,5,TTAAACGAAAGGATCCCACC,18,4388866
yadL_yadM_yadC_yadK_predicted,4.333333333333333,30,5,TGGTGTACGTCACGAATTGA,25,4397450
yadL_yadM_yadC_yadK_predicted,3.8333333333333335,27,5,TGGTAAAGACTTCACTAGCA,22,4396535
yadL_yadM_yadC_yadK_predicted,4.333333333333333,30,5,TGGGTCCCGCCTTACCTTTA,25,4393826
yadL_yadM_yadC_yadK_predicted,3.3333333333333335,24,5,TGCAGATGGTTATCTCCGGC,19,4402412
yadL_yadM_yadC_yadK_predicted,2.8333333333333335,21,5,TGCAAAATATTTCTTCGGGA,16,4385484
yadL_yadM_yadC_yadK_predicted,1.1666666666666667,11,5,TCTTCTCGTGTTTGGTCAAT,6,4378030
yadL_yadM_yadC_yadK_predicted,2.6666666666666665,20,5,TCGGGGGCTCTACGCGATGC,15,4384717
yadL_yadM_yadC_yadK_predicted,10.333333333333334,66,5,TCCTAATCCGTATCTACTAG,61,4370136
yadL_yadM_yadC_yadK_predicted,6.666666666666667,44,5,TCAACGGGATCGTCGTCTCG,39,4381266
yadL_yadM_yadC_yadK_predicted,2.8333333333333335,21,5,TATCCTGAGATGTCGCTACA,16,4397278
yadL_yadM_yadC_yadK_predicted,4.833333333333333,33,5,TAGCCGAGGTCCGTAAACAC,28,4401357
yadL_yadM_yadC_yadK_predicted,4.333333333333333,30,5,TACAATTGTTGACCACAACC,25,4398235
yadL_yadM_yadC_yadK_predicted,6.833333333333333,45,5,TAATGGGCCATCAACGAGCC,40,4396504
yadL_yadM_yadC_yadK_predicted,4.5,31,5,TAAGCGAGCGCTGGACATGA,26,4375750
yadL_yadM_yadC_yadK_predicted,2.1666666666666665,17,5,TAAATGCTCTCTGTGAGCTG,12,4394700
yadL_yadM_yadC_yadK_predicted,3.0,22,5,TAAAGGATGCAAGCGCATAC,17,4381807
yadL_yadM_yadC_yadK_predicted,5.5,37,5,TAAAACGTCCGCCGACCCCA,32,4397490
yadL_yadM_yadC_yadK_predicted,6.5,43,5,GTTTGGAGCGTCACGTATAG,38,4397609
yadL_yadM_yadC_yadK_predicted,18.666666666666668,116,5,GTTGACTAAACTTGGTGATA,111,4393782
yadL_yadM_yadC_yadK_predicted,9.833333333333334,63,5,GTTACGACGGGTCCATCTGG,58,4391253
yadL_yadM_yadC_yadK_predicted,7.5,49,5,GTGTATAGACACGCTCAGGA,44,4382111
yadL_yadM_yadC_yadK_predicted,4.0,28,5,GTGCTTGTAGGGCACTTTTA,23,4402064
yadL_yadM_yadC_yadK_predicted,0.3333333333333333,6,5,GTCATTCATATCAAAAATTG,1,4375644
yadL_yadM_yadC_yadK_predicted,13.333333333333334,84,5,GTATGGTGTATTTGCACCAA,79,4400426
yadL_yadM_yadC_yadK_predicted,4.166666666666667,29,5,GTAGGACGTAGCCCTAACAT,24,4390500
yadL_yadM_yadC_yadK_predicted,1.3333333333333333,12,5,GTACTCATCAAATGGCGAGA,7,4393617
yadL_yadM_yadC_yadK_predicted,0.3333333333333333,6,5,GTACACCCGGTAACGCAGTT,1,4395810
yadL_yadM_yadC_yadK_predicted,3.1666666666666665,23,5,GGTCCGATTGTTTATTTTCT,18,4382525
yadL_yadM_yadC_yadK_predicted,3.1666666666666665,23,5,GGTCCCAATTTGTGTATCTC,18,4401636
yadL_yadM_yadC_yadK_predicted,11.333333333333334,72,5,GGTCCCAAATGCAGGAACGC,67,4387826
yadL_yadM_yadC_yadK_predicted,2.5,19,5,GGTCAAAAGATGACCGATAT,14,4389959
yadL_yadM_yadC_yadK_predicted,3.3333333333333335,24,5,GGCTGCGGCGTGAGTGGCTG,19,4401372
yadL_yadM_yadC_yadK_predicted,7.166666666666667,47,5,GGCGTTGAATATAACGTTGC,42,4389076
yadL_yadM_yadC_yadK_predicted,4.5,31,5,GGCGTCGTCAGTGCATGCAT,26,4388407
yadL_yadM_yadC_yadK_predicted,3.5,25,5,GGCCTCCTCGACAGGCGCGT,20,4398466
yadL_yadM_yadC_yadK_predicted,5.666666666666667,38,5,GGCCCTCGCACTATCAGTAA,33,4374183
yadL_yadM_yadC_yadK_predicted,6.333333333333333,42,5,GGCATCGCGGCAGTCTCGAA,37,4389001
yadL_yadM_yadC_yadK_predicted,2.3333333333333335,18,5,GGATTGGTGCAGTTGCTACC,13,4380372
yadL_yadM_yadC_yadK_predicted,3.5,25,5,GGATACAACTTTGTCCATTC,20,4386785
yadL_yadM_yadC_yadK_predicted,6.0,40,5,GGAGTGGTTGGCCGCGGTAT,35,4376992
yadL_yadM_yadC_yadK_predicted,1.5,13,5,GGAGTATAGTGAACCTACCG,8,4388342
yadL_yadM_yadC_yadK_predicted,6.0,40,5,GGAGGGCGGCGGGGCGAGTA,35,4372511
yadL_yadM_yadC_yadK_predicted,5.5,37,5,GCTTTATATCTGGAGATGCG,32,4396205
yadL_yadM_yadC_yadK_predicted,5.833333333333333,39,5,GCTGGGGCTATAGTAGTATT,34,4383773
yadL_yadM_yadC_yadK_predicted,0.3333333333333333,6,5,GCTCAAAGAAGCGGCGCGGA,1,4399561
yadL_yadM_yadC_yadK_predicted,1.0,10,5,GCGTGCGGCACGGACGCCAT,5,4385005
yadL_yadM_yadC_yadK_predicted,1.6666666666666667,14,5,GCGGTGTGGTGAAGTCTGGT,9,4402183
yadL_yadM_yadC_yadK_predicted,0.6666666666666666,8,5,GCGACGAGCTTGTCATTTTG,3,4391053
yadL_yadM_yadC_yadK_predicted,6.333333333333333,42,5,GCCTACAGTGAATCTGTCGC,37,4388496
yadL_yadM_yadC_yadK_predicted,3.1666666666666665,23,5,GCCGGGGGGATCATCGCCAT,18,4387698
yadL_yadM_yadC_yadK_predicted,0.3333333333333333,6,5,GCCGGACCGACCTGTTAGGT,1,4385467
yadL_yadM_yadC_yadK_predicted,3.3333333333333335,24,5,GCCGCCGGCCTCGATCTTGA,19,4385652
yadL_yadM_yadC_yadK_predicted,0.3333333333333333,6,5,GCATTCGAGTCGCCGGGCAA,1,4400713
yadL_yadM_yadC_yadK_predicted,0.3333333333333333,6,5,GCATCTGTCTCGTCACAAAC,1,4393528
yadL_yadM_yadC_yadK_predicted,0.6666666666666666,8,5,GCATACTGTGCGTCCTAACG,3,4393027
yadL_yadM_yadC_yadK_predicted,4.333333333333333,30,5,GCAAGCGTTAATACGGGAAG,25,4389108
yadL_yadM_yadC_yadK_predicted,1.0,10,5,GATGGAATATGTTCTTCAGA,5,4386189
yadL_yadM_yadC_yadK_predicted,4.166666666666667,29,5,GATCTAGCAAATATTTTCAT,24,4388940
yadL_yadM_yadC_yadK_predicted,3.3333333333333335,24,5,GATCCCTCTGACCCATAAAA,19,4387775
yadL_yadM_yadC_yadK_predicted,3.3333333333333335,24,5,GATAGCAGAATTGTGGAATA,19,4374102
yadL_yadM_yadC_yadK_predicted,0.3333333333333333,6,5,GATAATGTTACCCTGATGTA,1,4394416
yadL_yadM_yadC_yadK_predicted,2.6666666666666665,20,5,GAGTGTCTGTCTTTTGATTC,15,4377567
yadL_yadM_yadC_yadK_predicted,0.3333333333333333,6,5,GAGTCCCGCAATGGCCCTAA,1,4374236
yadL_yadM_yadC_yadK_predicted,0.6666666666666666,8,5,GAGCGGCAATGCACCCACCC,3,4371966
yadL_yadM_yadC_yadK_predicted,0.3333333333333333,6,5,GAGAGTGCAAGCACGTACAA,1,4374583
yadL_yadM_yadC_yadK_predicted,4.333333333333333,30,5,GACTACCGGGGCACAGGGTC,25,4378756
yadL_yadM_yadC_yadK_predicted,3.1666666666666665,23,5,GACCTTATCTCTCCCAATCT,18,4380785
yadL_yadM_yadC_yadK_predicted,8.0,52,5,CTTTCCGTACCACGGCTGTA,47,4395364
yadL_yadM_yadC_yadK_predicted,5.833333333333333,39,5,CTTCAATTTAGATTACAGGC,34,4384737
yadL_yadM_yadC_yadK_predicted,0.3333333333333333,6,5,CTTAGATCACAGGATGCATC,1,4399384
yadL_yadM_yadC_yadK_predicted,0.3333333333333333,6,5,CTGTCACCATGCTCTATTTA,1,4386534
yadL_yadM_yadC_yadK_predicted,0.8333333333333334,9,5,CTGGGGATTCGGTTTTCAAA,4,4385163
yadL_yadM_yadC_yadK_predicted,1.1666666666666667,11,5,CTGGGAATTCAGCGGTAGAT,6,4380020
yadL_yadM_yadC_yadK_predicted,6.0,40,5,CTGGAATAGGCATCGTTATG,35,4381452
yadL_yadM_yadC_yadK_predicted,0.3333333333333333,6,5,CTGCTGAATCTAGAAAACAG,1,4379739
yadL_yadM_yadC_yadK_predicted,3.3333333333333335,24,5,CTGCTCTCCGGCCTGATGCA,19,4372464
yadL_yadM_yadC_yadK_predicted,6.666666666666667,44,5,CTCTGTTACGTAGTAACTTA,39,4401970
yadL_yadM_yadC_yadK_predicted,0.5,7,5,CTCTGTCCGAACGGAGTGAA,2,4380433
yadL_yadM_yadC_yadK_predicted,14.5,91,5,CTCGGGCCGGTGTACCCTAT,86,4392306
yadL_yadM_yadC_yadK_predicted,3.1666666666666665,23,5,CTCAACTCCTATCACCTAAG,18,4385805
yadL_yadM_yadC_yadK_predicted,13.0,82,5,CTATTCATGTGATTTGACTG,77,4374606
yadL_yadM_yadC_yadK_predicted,4.833333333333333,33,5,CTATCGGGCTAAAAGACGGC,28,4393124
yadL_yadM_yadC_yadK_predicted,4.166666666666667,29,5,CTATCCCACCATTTTCGGCT,24,4389892
yadL_yadM_yadC_yadK_predicted,0.8333333333333334,9,5,CTAGTCTGTCGTCCCTCAAG,4,4379065
yadL_yadM_yadC_yadK_predicted,6.833333333333333,45,5,CGTTGCAGTTCGCATATTGA,40,4387078
yadL_yadM_yadC_yadK_predicted,0.6666666666666666,8,5,CGTATCCGCGAACGGTCGTT,3,4397119
yadL_yadM_yadC_yadK_predicted,2.0,16,5,CGGTGGGTGAGGCTAAGTAG,11,4398802
yadL_yadM_yadC_yadK_predicted,4.833333333333333,33,5,CGGAAGGTTTGGGGTCTGTC,28,4374089
yadL_yadM_yadC_yadK_predicted,0.6666666666666666,8,5,CGCTTTTCGACGTAGGCCTC,3,4386247
yadL_yadM_yadC_yadK_predicted,0.3333333333333333,6,5,CGCGGGTCGTAGGCCTGGCA,1,4386915
yadL_yadM_yadC_yadK_predicted,6.0,40,5,CGCGGAGCTGTCGCGGCGTT,35,4379047
yadL_yadM_yadC_yadK_predicted,1.3333333333333333,12,5,CGCGCATGTCACTCCGGGGT,7,4397527
yadL_yadM_yadC_yadK_predicted,5.0,34,5,CGCGCACCGTTGAAATGGCC,29,4377622
yadL_yadM_yadC_yadK_predicted,5.0,34,5,CGAGTGTAGACCTTCGGGAC,29,4389136
yadL_yadM_yadC_yadK_predicted,15.833333333333334,99,5,CGAATGCTAGACCTGACCGA,94,4380972
yadL_yadM_yadC_yadK_predicted,16.0,100,5,CCGGGTCGCGACACTTTACG,95,4374652
yadL_yadM_yadC_yadK_predicted,3.0,22,5,CCGGCCCCTTTCCGAGTCAT,17,4385252
yadL_yadM_yadC_yadK_predicted,3.6666666666666665,26,5,CCATCTCGTACTTCAACTTT,21,4391522
yadL_yadM_yadC_yadK_predicted,8.5,55,5,CCATCATGGTCCTGGCCCGT,50,4378988
yadL_yadM_yadC_yadK_predicted,0.3333333333333333,6,5,CCATAAACGTTGGTCGCGGC,1,4395464
yadL_yadM_yadC_yadK_predicted,5.5,37,5,CCAGCGGGCGATTGAAACAA,32,4384593
yadL_yadM_yadC_yadK_predicted,9.333333333333334,60,5,CCAGCATTAACAATCCTATC,55,4381325
yadL_yadM_yadC_yadK_predicted,0.3333333333333333,6,5,CCACTCTAACCGCATTCGAG,1,4399476
yadL_yadM_yadC_yadK_predicted,1.0,10,5,CCACCGGTTATGCCTGGGTG,5,4401931
yadL_yadM_yadC_yadK_predicted,4.666666666666667,32,5,CCAAAACCCTGACACTTCAT,27,4387729
yadL_yadM_yadC_yadK_predicted,3.3333333333333335,24,5,CATATAGCTAAAGCGATGAT,19,4372035
yadL_yadM_yadC_yadK_predicted,0.3333333333333333,6,5,CAGGGCACCACTTGCCGAGT,1,4393013
yadL_yadM_yadC_yadK_predicted,1.0,10,5,CAGGGCAATTAGCATAAGGG,5,4372546
yadL_yadM_yadC_yadK_predicted,4.166666666666667,29,5,CAGATGGGTTCATCCGATTG,24,4394033
yadL_yadM_yadC_yadK_predicted,0.3333333333333333,6,5,CAGAAAATAGCCGCATATGA,1,4379821
yadL_yadM_yadC_yadK_predicted,0.5,7,5,CACGCTCGATGAGAAAAAGC,2,4383719
yadL_yadM_yadC_yadK_predicted,0.3333333333333333,6,5,CACGCACCTTCGGTCGGCCC,1,4380379
yadL_yadM_yadC_yadK_predicted,6.0,40,5,CAACCGAGCCGGTGTACTAC,35,4375962
yadL_yadM_yadC_yadK_predicted,0.8333333333333334,9,5,ATTCGGGTATTTTTTAGATT,4,4378097
yadL_yadM_yadC_yadK_predicted,3.3333333333333335,24,5,ATTAGCCGTACACAGGGGTA,19,4380446
yadL_yadM_yadC_yadK_predicted,3.5,25,5,ATGTTTCTTCTAGGTAGGTA,20,4381550
yadL_yadM_yadC_yadK_predicted,14.5,91,5,ATGTGAATCTGATCTACCTC,86,4397015
yadL_yadM_yadC_yadK_predicted,1.0,10,5,ATGTACTGTGTATTTGAGCA,5,4393428
yadL_yadM_yadC_yadK_predicted,5.166666666666667,35,5,ATGGACCGTTCTACTCTAAA,30,4380909
yadL_yadM_yadC_yadK_predicted,1.0,10,5,ATCTTTTGTCAGGGCCACAA,5,4401004
yadL_yadM_yadC_yadK_predicted,2.6666666666666665,20,5,ATATTCCTTTGGCAGGTCGC,15,4389681
yadL_yadM_yadC_yadK_predicted,9.0,58,5,ATAGGTCTATCCCGCATTAA,53,4392772
yadL_yadM_yadC_yadK_predicted,7.666666666666667,50,5,ATACGCCTGTGGGACGGTAT,45,4400599
yadL_yadM_yadC_yadK_predicted,6.333333333333333,42,5,ATAATCATCTCCCTAGGAGG,37,4371145
yadL_yadM_yadC_yadK_predicted,1.1666666666666667,11,5,ATAAGACTCCTCTACATAGT,6,4376817
yadL_yadM_yadC_yadK_predicted,0.8333333333333334,9,5,AGTGGTGTTTCTCACGGACA,4,4384827
yadL_yadM_yadC_yadK_predicted,1.6666666666666667,14,5,AGTCTCTCTTGACAATTCAT,9,4402066
yadL_yadM_yadC_yadK_predicted,0.3333333333333333,6,5,AGTCCTGGGCCGGTGGGCTC,1,4386996
yadL_yadM_yadC_yadK_predicted,9.833333333333334,63,5,AGTAGACGGGTCGAGCACCT,58,4389779
yadL_yadM_yadC_yadK_predicted,0.3333333333333333,6,5,AGTAAGCTTGGGCTCACGTT,1,4394083
yadL_yadM_yadC_yadK_predicted,0.5,7,5,AGGCTAGGTAAAGACCTTTG,2,4376949
yadL_yadM_yadC_yadK_predicted,0.3333333333333333,6,5,AGGCGACCATGTTGTGGAAT,1,4373835
yadL_yadM_yadC_yadK_predicted,4.666666666666667,32,5,AGGACATGTTGACAATCGCT,27,4395444
yadL_yadM_yadC_yadK_predicted,0.3333333333333333,6,5,AGCTACTAAACCGTCTTCCC,1,4388772
yadL_yadM_yadC_yadK_predicted,4.166666666666667,29,5,AGCTACGGCCTTTTGTTGTT,24,4392861
yadL_yadM_yadC_yadK_predicted,0.3333333333333333,6,5,AGCGCGCGGACCCCCTATAC,1,4394579
yadL_yadM_yadC_yadK_predicted,0.6666666666666666,8,5,AGCGAGACGCACCGTAAGAT,3,4396295
yadL_yadM_yadC_yadK_predicted,1.0,10,5,AGCCTGAAACGCTGTCTAGT,5,4389458
yadL_yadM_yadC_yadK_predicted,5.5,37,5,AGCACTGCACATTCCCTTTA,32,4392984
yadL_yadM_yadC_yadK_predicted,2.3333333333333335,18,5,AGATTACCGGATTTCGAGGC,13,4390368
yadL_yadM_yadC_yadK_predicted,4.5,31,5,AGATCTTCGTTCAGACCGCA,26,4401841
yadL_yadM_yadC_yadK_predicted,2.0,16,5,AGAATCAGCAGGGGGGTGGA,11,4385788
yadL_yadM_yadC_yadK_predicted,4.666666666666667,32,5,ACGCCGACTCACAGAAGCAG,27,4388311
yadL_yadM_yadC_yadK_predicted,0.3333333333333333,6,5,ACGCAGCCAGGCACCGCGGG,1,4376507
yadL_yadM_yadC_yadK_predicted,5.166666666666667,35,5,ACCTTCGGAGGGCAGGGGCT,30,4375759
yadL_yadM_yadC_yadK_predicted,5.333333333333333,36,5,ACATCTTTATGCCCGCGGAC,31,4377388
yadL_yadM_yadC_yadK_predicted,4.166666666666667,29,5,ACAGTGGCTAGCCTAGAATA,24,4398071
yadL_yadM_yadC_yadK_predicted,3.6666666666666665,26,5,ACAGAGCATATAAGTATTGC,21,4399424
yadL_yadM_yadC_yadK_predicted,10.0,64,5,ACAAGTTCGTTAGAGCGATC,59,4395896
yadL_yadM_yadC_yadK_predicted,0.6666666666666666,8,5,AATGTGAGATTGAGTTTGCT,3,4375637
yadL_yadM_yadC_yadK_predicted,5.0,34,5,AATCACCCTTATCGCGTCTT,29,4383751
yadL_yadM_yadC_yadK_predicted,0.3333333333333333,6,5,AATATCGCATGGACGAGGAT,1,4374834
yadL_yadM_yadC_yadK_predicted,4.666666666666667,32,5,AATAAAGCTGGCTACGTTCG,27,4399809
yadL_yadM_yadC_yadK_predicted,4.333333333333333,30,5,AAGTGTCTCATGCGTTGTAT,25,4373695
yadL_yadM_yadC_yadK_predicted,5.5,37,5,AAGTATGGGAGGTGCGGAGC,32,4391274
yadL_yadM_yadC_yadK_predicted,3.8333333333333335,27,5,AAGGAATGAGTCTTCATTGT,22,4395500
yadL_yadM_yadC_yadK_predicted,9.5,61,5,AAGGAATAATCCGTTAATCT,56,4383892
yadL_yadM_yadC_yadK_predicted,6.0,40,5,AACTTGGTCCGTGCGATGTA,35,4384675
yadL_yadM_yadC_yadK_predicted,3.5,25,5,AACTGGACTTTGATAAGTCT,20,4372622
yadL_yadM_yadC_yadK_predicted,0.4,5,4,TTTTACCGCAGGACTAATTG,1,4387545
yadL_yadM_yadC_yadK_predicted,0.4,5,4,TTTCACTCCCGTTCAATCGT,1,4387535
yadL_yadM_yadC_yadK_predicted,1.2,9,4,TTGCGAATGGCCAAGGTTCT,5,4384739
yadL_yadM_yadC_yadK_predicted,13.0,68,4,TTCTTGCCCGTTAGGGCATA,64,4392764
yadL_yadM_yadC_yadK_predicted,12.0,63,4,TTCTTAATTGCCCAAGTAGC,59,4377944
yadL_yadM_yadC_yadK_predicted,8.0,43,4,TTCTCCTAATGCTGTCAATT,39,4396466
yadL_yadM_yadC_yadK_predicted,1.4,10,4,TTCTAGATATTGCGTCAGGT,6,4387863
yadL_yadM_yadC_yadK_predicted,0.8,7,4,TTATGATACTATGCCACGCC,3,4378759
yadL_yadM_yadC_yadK_predicted,0.8,7,4,TTATAGCGAAGGTCCATACA,3,4377737
yadL_yadM_yadC_yadK_predicted,1.2,9,4,TTAGTGAGAGCTTTTTACAG,5,4388818
yadL_yadM_yadC_yadK_predicted,2.2,14,4,TGTGTCGCTTCTCTCAGTGA,10,4377725
yadL_yadM_yadC_yadK_predicted,12.0,63,4,TGTCTTGAAGCAGCAAATCC,59,4381009
yadL_yadM_yadC_yadK_predicted,8.8,47,4,TGTATCGCCCGAGCGGGTAC,43,4372277
yadL_yadM_yadC_yadK_predicted,7.0,38,4,TGGTGTCCGCACTGAGCCCT,34,4375352
yadL_yadM_yadC_yadK_predicted,5.8,32,4,TGGTGATAGAGGCGAAATTA,28,4378431
yadL_yadM_yadC_yadK_predicted,2.0,13,4,TGGTAGAAGGCGCACCCCCT,9,4385548
yadL_yadM_yadC_yadK_predicted,12.6,66,4,TGGGGCATTAGGCATGGAGG,62,4391148
yadL_yadM_yadC_yadK_predicted,9.4,50,4,TGGGCGGTAGCTGAATTAAT,46,4394894
yadL_yadM_yadC_yadK_predicted,1.0,8,4,TGCGGCTACACTCCTGATAT,4,4379675
yadL_yadM_yadC_yadK_predicted,4.0,23,4,TGCAGTTCAGGTCTGCACGA,19,4381938
yadL_yadM_yadC_yadK_predicted,3.0,18,4,TGCAACACCGGCTTCGAGTC,14,4397778
yadL_yadM_yadC_yadK_predicted,1.0,8,4,TGATGCCTTTCACGTGCGAC,4,4377729
yadL_yadM_yadC_yadK_predicted,6.4,35,4,TGACGCTAGGCCCGGATCGG,31,4393821
yadL_yadM_yadC_yadK_predicted,0.4,5,4,TCTGAGACTAACGGGGAGCT,1,4380774
yadL_yadM_yadC_yadK_predicted,4.0,23,4,TCGTGTGTAAGATCAGTATC,19,4379053
yadL_yadM_yadC_yadK_predicted,3.8,22,4,TCGACCTAATACCTTTGGGC,18,4401240
yadL_yadM_yadC_yadK_predicted,6.4,35,4,TCAGCGAATTGTCCCAGCCA,31,4402251
yadL_yadM_yadC_yadK_predicted,0.4,5,4,TATTACAAACTGGTAAACCC,1,4398023
yadL_yadM_yadC_yadK_predicted,12.4,65,4,TATGAATGGCGGGTCGCGCC,61,4374458
yadL_yadM_yadC_yadK_predicted,5.0,28,4,TAGCTCAGCAAAGCCAATAT,24,4389558
yadL_yadM_yadC_yadK_predicted,8.2,44,4,TACCTAATGATGTTAAGGAA,40,4382553
yadL_yadM_yadC_yadK_predicted,5.2,29,4,TAAGCCGGGTGTCACGAGGA,25,4386415
yadL_yadM_yadC_yadK_predicted,5.2,29,4,TAACGGTTCAACTAGCTGCT,25,4383264
yadL_yadM_yadC_yadK_predicted,3.4,20,4,GTTTTAAGTTGCAGATGGTC,16,4382744
yadL_yadM_yadC_yadK_predicted,19.0,98,4,GTGCGTTCGTACGCAGTATC,94,4381662
yadL_yadM_yadC_yadK_predicted,7.2,39,4,GTGAGTTGGGTCGTGGCCTC,35,4384503
yadL_yadM_yadC_yadK_predicted,3.6,21,4,GTCTGTGTTATTTACCGTGG,17,4374864
yadL_yadM_yadC_yadK_predicted,4.0,23,4,GTCTACTACCAACGAACCCT,19,4387427
yadL_yadM_yadC_yadK_predicted,0.4,5,4,GTATGAGTTGGATGAGGAAA,1,4398554
yadL_yadM_yadC_yadK_predicted,0.4,5,4,GTAGACGAGTGGGTCTTCCA,1,4371001
yadL_yadM_yadC_yadK_predicted,4.0,23,4,GTACTCGTGACTGGGCACGT,19,4399259
yadL_yadM_yadC_yadK_predicted,7.0,38,4,GGTCAACCGGTTTGGGAGCA,34,4380207
yadL_yadM_yadC_yadK_predicted,8.2,44,4,GGTAGGTTCCGTCGATGATC,40,4374879
yadL_yadM_yadC_yadK_predicted,7.6,41,4,GGGGGCGGTGATAAATGTAA,37,4394386
yadL_yadM_yadC_yadK_predicted,2.6,16,4,GGGCAGATAGGGGGGTAAGA,12,4396706
yadL_yadM_yadC_yadK_predicted,3.8,22,4,GGCCCGGTCCTTGTATGTGG,18,4386083
yadL_yadM_yadC_yadK_predicted,1.6,11,4,GGATGGACATACCACACAGT,7,4396444
yadL_yadM_yadC_yadK_predicted,3.8,22,4,GGAAGGCTTAGAATCCGCTG,18,4389127
yadL_yadM_yadC_yadK_predicted,9.0,48,4,GCTTCTGAGTAATATGTGTC,44,4374294
yadL_yadM_yadC_yadK_predicted,1.4,10,4,GCTCATGAATACGGCTTGGG,6,4393659
yadL_yadM_yadC_yadK_predicted,4.2,24,4,GCTATCTGCCTTCAGCTGTT,20,4383169
yadL_yadM_yadC_yadK_predicted,0.6,6,4,GCGTATATTAGGCATCCGTG,2,4390332
yadL_yadM_yadC_yadK_predicted,8.4,45,4,GCGGAAGCTGGGCTGGTCTT,41,4375645
yadL_yadM_yadC_yadK_predicted,4.2,24,4,GCCGTTTTGGTAGTCCGCCA,20,4388914
yadL_yadM_yadC_yadK_predicted,1.2,9,4,GCCCGGGTTTTACTAAAAAA,5,4378893
yadL_yadM_yadC_yadK_predicted,17.2,89,4,GCAGAGCAGGACCACATTAA,85,4377644
yadL_yadM_yadC_yadK_predicted,6.8,37,4,GATTGCTGTGAGGGAATTAG,33,4377738
yadL_yadM_yadC_yadK_predicted,9.2,49,4,GATGTAACTAACGGCAAAAC,45,4388516
yadL_yadM_yadC_yadK_predicted,17.0,88,4,GATGACGTATGCCTCCGCAT,84,4384229
yadL_yadM_yadC_yadK_predicted,0.4,5,4,GATGAATTGCAACGGTTCCA,1,4398699
yadL_yadM_yadC_yadK_predicted,1.4,10,4,GAGGTGGCTATTCGCTGTGT,6,4394362
yadL_yadM_yadC_yadK_predicted,2.6,16,4,GAGGGGTAAGGCGCCGAATG,12,4388720
yadL_yadM_yadC_yadK_predicted,7.8,42,4,GAGGCTTACATCGGGTCAAA,38,4397330
yadL_yadM_yadC_yadK_predicted,5.6,31,4,GAGCGCCCGCCGCAGCTCAT,27,4402460
yadL_yadM_yadC_yadK_predicted,0.4,5,4,GAGCCCTTCCACTTCGAGCC,1,4385897
yadL_yadM_yadC_yadK_predicted,0.4,5,4,GAGATACACACATAGCTTAA,1,4382398
yadL_yadM_yadC_yadK_predicted,4.4,25,4,GACTCAAAAAAAGGGGGGTT,21,4395022
yadL_yadM_yadC_yadK_predicted,6.4,35,4,GACTATAAACCGTTGTCTTT,31,4395498
yadL_yadM_yadC_yadK_predicted,0.4,5,4,GACCTTACAATACTCGCGTC,1,4377385
yadL_yadM_yadC_yadK_predicted,6.8,37,4,GACACTTGTGACGGCTTAGA,33,4394436
yadL_yadM_yadC_yadK_predicted,0.4,5,4,GAATATGATATGGGATTCTT,1,4388208
yadL_yadM_yadC_yadK_predicted,1.4,10,4,GAAACATGACGGTCCTCAGG,6,4396719
yadL_yadM_yadC_yadK_predicted,4.0,23,4,CTTTTAGTATTCGACCTCCC,19,4390194
yadL_yadM_yadC_yadK_predicted,7.2,39,4,CTTTATGCGAGTACTGTCTA,35,4387968
yadL_yadM_yadC_yadK_predicted,8.0,43,4,CTTGTGAGGCCATGCATTAC,39,4374555
yadL_yadM_yadC_yadK_predicted,13.6,71,4,CTTCGAAGAGGACAGTCCTG,67,4371774
yadL_yadM_yadC_yadK_predicted,1.4,10,4,CTTCAGGTGAGGTCGAAAGA,6,4387947
yadL_yadM_yadC_yadK_predicted,5.2,29,4,CTTATCACTTATCTGCGCGA,25,4402440
yadL_yadM_yadC_yadK_predicted,14.0,73,4,CTTAGACTCAAGGGGAGTAG,69,4390577
yadL_yadM_yadC_yadK_predicted,1.8,12,4,CTTAACTCACACAAACGCCT,8,4381974
yadL_yadM_yadC_yadK_predicted,0.6,6,4,CTGGTGCAAGAGGACTCTCA,2,4395550
yadL_yadM_yadC_yadK_predicted,7.2,39,4,CTGCTGGGATTCGTCGTCCT,35,4401543
yadL_yadM_yadC_yadK_predicted,2.8,17,4,CTGCTCGGCGTCCCCATCCG,13,4401789
yadL_yadM_yadC_yadK_predicted,8.8,47,4,CTCTACTTCTGTCAGCACTA,43,4395983
yadL_yadM_yadC_yadK_predicted,3.6,21,4,CTCGTCGCGCGAGAACGACA,17,4399449
yadL_yadM_yadC_yadK_predicted,0.4,5,4,CTCGCGGATAAGTTTACCAA,1,4399839
yadL_yadM_yadC_yadK_predicted,0.4,5,4,CTCCCACTGGGATCGATCAT,1,4399377
yadL_yadM_yadC_yadK_predicted,1.4,10,4,CGTTCTGCCACACGACGAGC,6,4394216
yadL_yadM_yadC_yadK_predicted,4.8,27,4,CGTGTTGTGCGTTTTTACCA,23,4371864
yadL_yadM_yadC_yadK_predicted,4.8,27,4,CGTGTAAGCGATCCGGGTGT,23,4399357
yadL_yadM_yadC_yadK_predicted,3.2,19,4,CGTGCCATGGAATGATTGCC,15,4386978
yadL_yadM_yadC_yadK_predicted,11.8,62,4,CGTGAGGATCAGGATTGCAT,58,4398897
yadL_yadM_yadC_yadK_predicted,0.4,5,4,CGTACACTTCTATAGACGAA,1,4373789
yadL_yadM_yadC_yadK_predicted,2.6,16,4,CGGACCAGGTCGTAGAACCT,12,4384290
yadL_yadM_yadC_yadK_predicted,5.0,28,4,CGGAACTTATAATTATACTT,24,4400518
yadL_yadM_yadC_yadK_predicted,15.6,81,4,CGCGTACGGAGCGCTCAATA,77,4393093
yadL_yadM_yadC_yadK_predicted,3.8,22,4,CGCGATGCCTTAAAAAGCGA,18,4374528
yadL_yadM_yadC_yadK_predicted,3.4,20,4,CGCGAGATTGCTCCTTGATC,16,4395223
yadL_yadM_yadC_yadK_predicted,2.4,15,4,CGACAATATTCCTGCCCCCC,11,4381739
yadL_yadM_yadC_yadK_predicted,7.2,39,4,CGAACCTCACCTTGACCTCC,35,4400199
yadL_yadM_yadC_yadK_predicted,3.4,20,4,CCTTTTCCCTAAGTCAGTCG,16,4398461
yadL_yadM_yadC_yadK_predicted,11.4,60,4,CCTGTACATCGAGGAGTTTA,56,4381724
yadL_yadM_yadC_yadK_predicted,0.4,5,4,CCTAGGACCAAGTTCCTGGG,1,4390388
yadL_yadM_yadC_yadK_predicted,7.2,39,4,CCTAGGAAGTGAGTAATCGA,35,4384183
yadL_yadM_yadC_yadK_predicted,4.4,25,4,CCTAGCTAGCTAGATGGTAT,21,4402218
yadL_yadM_yadC_yadK_predicted,4.8,27,4,CCGTCGCTCTGCATCGCCGA,23,4398865
yadL_yadM_yadC_yadK_predicted,6.6,36,4,CCGCTGTTTTCACTCTTCTA,32,4379273
yadL_yadM_yadC_yadK_predicted,1.4,10,4,CCGCCCGTCAGAAGGGCCAT,6,4391683
yadL_yadM_yadC_yadK_predicted,4.6,26,4,CCCGTTGAAGGTGGAAAGAG,22,4397412
yadL_yadM_yadC_yadK_predicted,8.0,43,4,CCCGGTGATTCGGCTGGTAG,39,4376198
yadL_yadM_yadC_yadK_predicted,6.6,36,4,CCCCGGTCTAACTGTTACTG,32,4376752
yadL_yadM_yadC_yadK_predicted,3.4,20,4,CCCAACGCGGATGTGTGTCT,16,4371564
yadL_yadM_yadC_yadK_predicted,0.4,5,4,CCATCGAAACAAGCGACCAT,1,4389889
yadL_yadM_yadC_yadK_predicted,1.0,8,4,CCATACGCGTCTCGAGATGC,4,4380896
yadL_yadM_yadC_yadK_predicted,0.4,5,4,CCATAATTGTACCGCGGTCG,1,4397525
yadL_yadM_yadC_yadK_predicted,7.4,40,4,CCAGATTTCACCTAGTCGCC,36,4384158
yadL_yadM_yadC_yadK_predicted,9.0,48,4,CCACTGGATGCGCTCTCTGC,44,4395042
yadL_yadM_yadC_yadK_predicted,0.4,5,4,CCACAAGGCTTAGGAGACCC,1,4395258
yadL_yadM_yadC_yadK_predicted,5.6,31,4,CATTTAGTAGCGTCATCTGA,27,4377436
yadL_yadM_yadC_yadK_predicted,2.8,17,4,CATTGGTCTCATTTATGGCG,13,4391832
yadL_yadM_yadC_yadK_predicted,4.0,23,4,CATTCTGCACGTTTAGGGAT,19,4388206
yadL_yadM_yadC_yadK_predicted,9.6,51,4,CATTATGTCGGCAGGTAAAA,47,4370345
yadL_yadM_yadC_yadK_predicted,5.2,29,4,CATTAAAGTGTATCTCCTCC,25,4398405
yadL_yadM_yadC_yadK_predicted,0.4,5,4,CATAAACGTTTATAATATTT,1,4382251
yadL_yadM_yadC_yadK_predicted,7.4,40,4,CAGTTTAAAGGAGTCGGGTG,36,4375407
yadL_yadM_yadC_yadK_predicted,2.2,14,4,CAGAGGCCGAGCGCTCTGAC,10,4401618
yadL_yadM_yadC_yadK_predicted,3.8,22,4,CACTTCCCTACGTTGGGATC,18,4384847
yadL_yadM_yadC_yadK_predicted,7.2,39,4,CACTGAACACATGGTTGACG,35,4386648
yadL_yadM_yadC_yadK_predicted,5.6,31,4,CACGCTAAACCATAACAAAA,27,4386800
yadL_yadM_yadC_yadK_predicted,0.4,5,4,CACACGTTATCGTCGCTGCT,1,4382927
yadL_yadM_yadC_yadK_predicted,5.6,31,4,CAACTCGGGGTTTATTGGAC,27,4381112
yadL_yadM_yadC_yadK_predicted,0.4,5,4,ATTTGTCGGCATCCTACAAA,1,4396793
yadL_yadM_yadC_yadK_predicted,0.4,5,4,ATTTGACGGGGTGACGTATT,1,4388977
yadL_yadM_yadC_yadK_predicted,0.4,5,4,ATTTACTTGTGAGTGGCACA,1,4391903
yadL_yadM_yadC_yadK_predicted,4.6,26,4,ATTCGTTGGGAGCTAGTCCA,22,4373030
yadL_yadM_yadC_yadK_predicted,8.4,45,4,ATTCAAAGCGTCCTAAAAAA,41,4383569
yadL_yadM_yadC_yadK_predicted,2.8,17,4,ATTACATCATTGCTTTAGTA,13,4370583
yadL_yadM_yadC_yadK_predicted,4.4,25,4,ATTAACCTCATGAAGATCCC,21,4382746
yadL_yadM_yadC_yadK_predicted,7.8,42,4,ATGTTGTCATTGTGTAACTC,38,4400726
yadL_yadM_yadC_yadK_predicted,15.4,80,4,ATGCGAACGGCCCGCATCGC,76,4388157
yadL_yadM_yadC_yadK_predicted,1.2,9,4,ATGCCTGGATCCAAATCGTC,5,4379203
yadL_yadM_yadC_yadK_predicted,4.4,25,4,ATGCCATCCGACATAGCCCT,21,4385175
yadL_yadM_yadC_yadK_predicted,6.8,37,4,ATCTTCGAACAGACATAGAG,33,4400550
yadL_yadM_yadC_yadK_predicted,4.8,27,4,ATCGGCCAATACATTTAAGC,23,4370116
yadL_yadM_yadC_yadK_predicted,4.2,24,4,ATCCGTAGGGTCAGGATGCG,20,4383149
yadL_yadM_yadC_yadK_predicted,11.4,60,4,ATCCGCTACCTCAGCGGCTA,56,4386712
yadL_yadM_yadC_yadK_predicted,11.8,62,4,ATCACTATAATGGACATCCT,58,4377177
yadL_yadM_yadC_yadK_predicted,12.4,65,4,ATATTGCATTAAGCCTAAGG,61,4370247
yadL_yadM_yadC_yadK_predicted,1.2,9,4,ATAGGGCTGCCGGACGTAAC,5,4378233
yadL_yadM_yadC_yadK_predicted,1.8,12,4,ATACAAATAGCGGCCAGGTT,8,4391862
yadL_yadM_yadC_yadK_predicted,9.8,52,4,AGGGGCACGGACCTGCATTA,48,4388172
yadL_yadM_yadC_yadK_predicted,0.4,5,4,AGCTGATCCGTCCTTGGGTA,1,4389692
yadL_yadM_yadC_yadK_predicted,4.8,27,4,AGCCTGGCATAAAGTATTAT,23,4386938
yadL_yadM_yadC_yadK_predicted,7.8,42,4,AGCATGGCCGCGACGGACGT,38,4386594
yadL_yadM_yadC_yadK_predicted,1.6,11,4,AGATTATCCGGGCTAGGGCC,7,4389542
yadL_yadM_yadC_yadK_predicted,11.4,60,4,AGATAGGTGAGTGCATCCTA,56,4399708
yadL_yadM_yadC_yadK_predicted,1.2,9,4,ACTTTAACGGCGGCAGCCTG,5,4394739
yadL_yadM_yadC_yadK_predicted,4.8,27,4,ACTTGTAGAATCGAATCAAG,23,4372694
yadL_yadM_yadC_yadK_predicted,7.8,42,4,ACTTCCTGTGGTTTCGAGAT,38,4376424
yadL_yadM_yadC_yadK_predicted,6.6,36,4,ACTCGAACCACCCGAATTTA,32,4393024
yadL_yadM_yadC_yadK_predicted,7.6,41,4,ACGTCTATTGATCAACACTT,37,4390236
yadL_yadM_yadC_yadK_predicted,4.2,24,4,ACGACGTCCCTGTTTCTCGT,20,4379148
yadL_yadM_yadC_yadK_predicted,1.8,12,4,ACCTGCTTAGGTTTTCATAC,8,4381359
yadL_yadM_yadC_yadK_predicted,0.6,6,4,ACAGTAGAATTAGTACAACG,2,4395352
yadL_yadM_yadC_yadK_predicted,1.2,9,4,ACAGACTTCCTCCTAGCGGC,5,4379520
yadL_yadM_yadC_yadK_predicted,4.4,25,4,ACAAGACTAGCCTGTGGCTA,21,4377271
yadL_yadM_yadC_yadK_predicted,0.6,6,4,ACAAGACAGAGTATTGTGGT,2,4380999
yadL_yadM_yadC_yadK_predicted,4.0,23,4,AATTGTTTCTCCCGGTCTAT,19,4374441
yadL_yadM_yadC_yadK_predicted,5.0,28,4,AATGCGATTAATTAAACTTG,24,4393348
yadL_yadM_yadC_yadK_predicted,4.0,23,4,AAGTGACGACTGGTGCGACA,19,4390708
yadL_yadM_yadC_yadK_predicted,2.6,16,4,AAGCTCTACATTGGATGGGC,12,4390805
yadL_yadM_yadC_yadK_predicted,6.6,36,4,AAGATCTCAACGACACTTTC,32,4381691
yadL_yadM_yadC_yadK_predicted,4.8,27,4,AAGAGTGCCAACCCAGTTCT,23,4399383
yadL_yadM_yadC_yadK_predicted,2.8,17,4,AAGAAACCAGTTTTAGAAAA,13,4394724
yadL_yadM_yadC_yadK_predicted,5.0,28,4,AACGTTGGAGCTCATCCGAT,24,4395516
yadL_yadM_yadC_yadK_predicted,0.8,7,4,AACCCATGCATATTGGAAAT,3,4374400
yadL_yadM_yadC_yadK_predicted,3.4,20,4,AACATAGTAGATAAACTCCA,16,4371827
yadL_yadM_yadC_yadK_predicted,0.4,5,4,AAATTCACCGCCTTCGAACA,1,4372252
yadL_yadM_yadC_yadK_predicted,5.75,25,3,TTTGGGATTGGTTTATAGAC,22,4370285
yadL_yadM_yadC_yadK_predicted,5.0,22,3,TTTGCGAATTCGATTACCCA,19,4375725
yadL_yadM_yadC_yadK_predicted,4.25,19,3,TTTAGTGTCTTTAATTATCA,16,4391588
yadL_yadM_yadC_yadK_predicted,9.5,40,3,TTGTCATTGAAGAAGCAGTG,37,4393877
yadL_yadM_yadC_yadK_predicted,4.75,21,3,TTGCCTCGAAGTCCTAGGTG,18,4380679
yadL_yadM_yadC_yadK_predicted,13.25,55,3,TTGATGGTACAGTCTAAGCT,52,4384811
yadL_yadM_yadC_yadK_predicted,2.0,10,3,TTGATAGCCTTAAGTAACGG,7,4395439
yadL_yadM_yadC_yadK_predicted,11.75,49,3,TTCAAACGGTGTGAGGCATA,46,4380935
yadL_yadM_yadC_yadK_predicted,0.5,4,3,TTAATACAACTGAGCCCGTT,1,4377175
yadL_yadM_yadC_yadK_predicted,3.25,15,3,TGTTGTCATCCAAAGCAGAG,12,4384658
yadL_yadM_yadC_yadK_predicted,0.5,4,3,TGTAATGCATCATTATAATC,1,4383499
yadL_yadM_yadC_yadK_predicted,5.0,22,3,TGGTACTTTCCGAGCGCACA,19,4384399
yadL_yadM_yadC_yadK_predicted,10.75,45,3,TGCCGCAACTCCTGTGAAGG,42,4388650
yadL_yadM_yadC_yadK_predicted,3.25,15,3,TGATGTTATGCGGTCCTTAA,12,4393559
yadL_yadM_yadC_yadK_predicted,5.25,23,3,TCTTTAGGGTGCCCATGAAA,20,4372554
yadL_yadM_yadC_yadK_predicted,3.5,16,3,TCTCCGCCCATTCGGCCCGA,13,4384836
yadL_yadM_yadC_yadK_predicted,3.0,14,3,TCTCACCGAAAGCACCTTTT,11,4379938
yadL_yadM_yadC_yadK_predicted,7.25,31,3,TCGTTCGCGCATTCACGCCA,28,4373848
yadL_yadM_yadC_yadK_predicted,4.0,18,3,TCGAGGGAGCATGCATCAGA,15,4395372
yadL_yadM_yadC_yadK_predicted,1.0,6,3,TCCGTCTTCCACTACGCTCT,3,4400092
yadL_yadM_yadC_yadK_predicted,1.0,6,3,TCCAATTGGGAGTCCCGGGC,3,4388130
yadL_yadM_yadC_yadK_predicted,11.25,47,3,TCACTGGGCCAGTTATCATG,44,4401540
yadL_yadM_yadC_yadK_predicted,11.0,46,3,TCAAACCCCACGGATACTAA,43,4393104
yadL_yadM_yadC_yadK_predicted,3.5,16,3,TATGTACAAGCCTTTGCTTA,13,4388440
yadL_yadM_yadC_yadK_predicted,7.0,30,3,TATAGCTGGCTAAGTTGGTT,27,4393264
yadL_yadM_yadC_yadK_predicted,0.5,4,3,TATACCTTAGCCTCTTAGCG,1,4374982
yadL_yadM_yadC_yadK_predicted,4.5,20,3,TAGGTTAGCGAAAACTGTAT,17,4372706
yadL_yadM_yadC_yadK_predicted,1.0,6,3,TAGCGTGCATACTACCATTG,3,4383704
yadL_yadM_yadC_yadK_predicted,0.5,4,3,TAGCCCCTTAAGGGGCTTTT,1,4387047
yadL_yadM_yadC_yadK_predicted,18.0,74,3,TAGAGAAACGACCATTGAGA,71,4396578
yadL_yadM_yadC_yadK_predicted,11.25,47,3,TACTGTAGCATGGGCAACCC,44,4383932
yadL_yadM_yadC_yadK_predicted,3.25,15,3,TACATAACGCGTCTTGGATA,12,4387614
yadL_yadM_yadC_yadK_predicted,0.75,5,3,TAACGCGTCTCGCAGGGTAC,2,4386906
yadL_yadM_yadC_yadK_predicted,2.25,11,3,GTTGGGGCCTAAACCGAGAG,8,4381509
yadL_yadM_yadC_yadK_predicted,2.0,10,3,GTTAGTACCGGGCCACTCCA,7,4377090
yadL_yadM_yadC_yadK_predicted,6.25,27,3,GTGTTAATCGCTGCGAAGCC,24,4394811
yadL_yadM_yadC_yadK_predicted,7.0,30,3,GTGTGACTGGAAACTAAGAT,27,4400207
yadL_yadM_yadC_yadK_predicted,6.0,26,3,GTGGAAGGCCGCGAATTAGG,23,4374532
yadL_yadM_yadC_yadK_predicted,6.75,29,3,GTGCTAGGCGAGATCCATAT,26,4402104
yadL_yadM_yadC_yadK_predicted,2.25,11,3,GTGCGTGACCACACGGTCCG,8,4378332
yadL_yadM_yadC_yadK_predicted,0.5,4,3,GTATGCGAGGAGTGTTTCGT,1,4392970
yadL_yadM_yadC_yadK_predicted,8.5,36,3,GGTCTCATTATATTTCGGGT,33,4388284
yadL_yadM_yadC_yadK_predicted,3.75,17,3,GGTCCGGCACAAACATACTT,14,4373956
yadL_yadM_yadC_yadK_predicted,5.75,25,3,GGTACCGCGGAAACGTCCTT,22,4383015
yadL_yadM_yadC_yadK_predicted,1.25,7,3,GGTAAGATCAAGTCATCAAC,4,4378035
yadL_yadM_yadC_yadK_predicted,4.75,21,3,GGGTGCATTCGTTGGGCACA,18,4391908
yadL_yadM_yadC_yadK_predicted,1.0,6,3,GGGGTCCGCCGCTCCCATCT,3,4395016
yadL_yadM_yadC_yadK_predicted,5.0,22,3,GGGGCACTGTTGGACCGGAT,19,4379161
yadL_yadM_yadC_yadK_predicted,5.75,25,3,GGGGATTCGTTGACGGGAGC,22,4379540
yadL_yadM_yadC_yadK_predicted,14.75,61,3,GGGCTGTCATGAAGATATTG,58,4376965
yadL_yadM_yadC_yadK_predicted,6.5,28,3,GGGATGATAGTTCCAAGCAT,25,4378366
yadL_yadM_yadC_yadK_predicted,20.0,82,3,GGCTCGGCTGCACATTGTGA,79,4389689
yadL_yadM_yadC_yadK_predicted,4.0,18,3,GGCTCACACAACTCGTAATG,15,4375385
yadL_yadM_yadC_yadK_predicted,2.25,11,3,GGCGCATTACATAGCACTGA,8,4386479
yadL_yadM_yadC_yadK_predicted,7.5,32,3,GGCCGTCCAATGTAGCCCAC,29,4398904
yadL_yadM_yadC_yadK_predicted,1.0,6,3,GGCCCTTTGATGGGCAGCGT,3,4371016
yadL_yadM_yadC_yadK_predicted,0.5,4,3,GGAGCGGAGCCCAGCGGACC,1,4384905
yadL_yadM_yadC_yadK_predicted,1.5,8,3,GGAGAGTTTGCTCATCAGGA,5,4380122
yadL_yadM_yadC_yadK_predicted,1.0,6,3,GCTCTACGTTATACGGTAGA,3,4373078
yadL_yadM_yadC_yadK_predicted,3.75,17,3,GCTAATGAACAACGTGTAAG,14,4382119
yadL_yadM_yadC_yadK_predicted,7.75,33,3,GCGTATCAAAAGAAACTTGC,30,4391358
yadL_yadM_yadC_yadK_predicted,3.75,17,3,GCGTAACGACAGGACAGGTT,14,4370428
yadL_yadM_yadC_yadK_predicted,17.0,70,3,GCGGATCACTGTGCCAATTG,67,4381003
yadL_yadM_yadC_yadK_predicted,1.75,9,3,GCGAACAAAGTAGGGGTCGC,6,4376923
yadL_yadM_yadC_yadK_predicted,3.75,17,3,GCCTGGCAACCACTCGGGTT,14,4372446
yadL_yadM_yadC_yadK_predicted,2.5,12,3,GCCGACTACGTATGTCTATG,9,4390271
yadL_yadM_yadC_yadK_predicted,6.75,29,3,GCCGAACTAATCCAACAAAC,26,4388312
yadL_yadM_yadC_yadK_predicted,8.25,35,3,GCCCCTTGTGTCTGTCCTCC,32,4394185
yadL_yadM_yadC_yadK_predicted,11.25,47,3,GCCCCTCTGCGGCGTACAAG,44,4373940
yadL_yadM_yadC_yadK_predicted,6.75,29,3,GCCACTTATGGATGCACTCG,26,4388517
yadL_yadM_yadC_yadK_predicted,1.75,9,3,GCAGCAGGGGTATTTTGATG,6,4394225
yadL_yadM_yadC_yadK_predicted,4.5,20,3,GCACCGTACGCCAAAGAGCG,17,4392452
yadL_yadM_yadC_yadK_predicted,7.75,33,3,GCACATCCAACGCTCCGCGG,30,4389052
yadL_yadM_yadC_yadK_predicted,0.75,5,3,GCAAAATCACAACCGGCGAA,2,4382364
yadL_yadM_yadC_yadK_predicted,6.75,29,3,GATCAGCGAGTGCATAGTGC,26,4376170
yadL_yadM_yadC_yadK_predicted,0.5,4,3,GATAGTTGTGATGGCAGTTT,1,4387438
yadL_yadM_yadC_yadK_predicted,1.75,9,3,GAGTGTTCCCATTGGAAAGT,6,4398412
yadL_yadM_yadC_yadK_predicted,1.5,8,3,GAGGGGTTAAGATCGCGTTT,5,4392903
yadL_yadM_yadC_yadK_predicted,0.5,4,3,GAGGACCGATCTGCTTGCCA,1,4372812
yadL_yadM_yadC_yadK_predicted,3.0,14,3,GAGCCTCCCGTCCGCACCGT,11,4385993
yadL_yadM_yadC_yadK_predicted,2.5,12,3,GAGATTGAAGTAATAGGGTC,9,4383775
yadL_yadM_yadC_yadK_predicted,1.5,8,3,GAGAACTCGCCTGGGTATGT,5,4374627
yadL_yadM_yadC_yadK_predicted,3.75,17,3,GACTTAGAGAGGCGGCACCT,14,4396955
yadL_yadM_yadC_yadK_predicted,8.25,35,3,GACTCGAGAAACCTCCCTCA,32,4372962
yadL_yadM_yadC_yadK_predicted,0.5,4,3,GACGTCGTGCGCGCCAGTGC,1,4381648
yadL_yadM_yadC_yadK_predicted,4.75,21,3,GACGGAGAGTTCGGACAGGT,18,4388936
yadL_yadM_yadC_yadK_predicted,1.75,9,3,GACCCTGTAACTTACTATTA,6,4395241
yadL_yadM_yadC_yadK_predicted,3.75,17,3,GACCCAATTTTGTCACTGTA,14,4380873
yadL_yadM_yadC_yadK_predicted,4.75,21,3,GACAGAATAGATACGCTTAG,18,4380994
yadL_yadM_yadC_yadK_predicted,2.5,12,3,GAAGCAATGTGGGAAGAGAG,9,4395534
yadL_yadM_yadC_yadK_predicted,31.5,128,3,GAACCCGTTCCATTTGCGCG,125,4398688
yadL_yadM_yadC_yadK_predicted,1.0,6,3,CTTTTTGAGAATGCGGATTT,3,4376710
yadL_yadM_yadC_yadK_predicted,3.75,17,3,CTTTCTCCATACTTCGTGTT,14,4374848
yadL_yadM_yadC_yadK_predicted,11.25,47,3,CTGTTTTAGATGTCGGTGAC,44,4399707
yadL_yadM_yadC_yadK_predicted,15.0,62,3,CTGGGATGCGTCGAACGCTC,59,4394449
yadL_yadM_yadC_yadK_predicted,0.5,4,3,CTGCGACCGGTGGTGACCAT,1,4383219
yadL_yadM_yadC_yadK_predicted,9.5,40,3,CTGAAAAGCCGCTTGAACTA,37,4392128
yadL_yadM_yadC_yadK_predicted,0.5,4,3,CTCGAGGCCCTGCTGAGGAA,1,4376904
yadL_yadM_yadC_yadK_predicted,2.75,13,3,CTATTCACCGGCGGCTAAAG,10,4379545
yadL_yadM_yadC_yadK_predicted,5.75,25,3,CTATCGTGGCGCAAAGAAGT,22,4392572
yadL_yadM_yadC_yadK_predicted,10.75,45,3,CTAGTTGGGTTACGCAGTGT,42,4377163
yadL_yadM_yadC_yadK_predicted,9.75,41,3,CTACCCAACGGTATAATAGC,38,4396304
yadL_yadM_yadC_yadK_predicted,6.25,27,3,CGTAGTTCTTATTCCCGCCA,24,4381694
yadL_yadM_yadC_yadK_predicted,13.75,57,3,CGGTAGCCTCTTTCCGGTGT,54,4395424
yadL_yadM_yadC_yadK_predicted,9.5,40,3,CGGTACCTAGCTCTCGTTGG,37,4388116
yadL_yadM_yadC_yadK_predicted,4.75,21,3,CGGCGACGCCACACGGGCAG,18,4387794
yadL_yadM_yadC_yadK_predicted,12.0,50,3,CGAGTAGCTAAGGGTTTAAC,47,4378965
yadL_yadM_yadC_yadK_predicted,12.75,53,3,CGACGACGGAAGCTAATTGG,50,4397791
yadL_yadM_yadC_yadK_predicted,1.25,7,3,CGAAGTACCGAACGATTTGG,4,4390260
yadL_yadM_yadC_yadK_predicted,10.5,44,3,CCTAAGTTCCAAAGTTAAGG,41,4401479
yadL_yadM_yadC_yadK_predicted,6.25,27,3,CCGTCGCAAAACATGAGCTG,24,4398786
yadL_yadM_yadC_yadK_predicted,1.5,8,3,CCGGGAATCAGTGGGCAAAT,5,4380337
yadL_yadM_yadC_yadK_predicted,0.5,4,3,CCGCCAGATTTCTATGACGT,1,4401992
yadL_yadM_yadC_yadK_predicted,2.75,13,3,CCCGGGGGCCTCGTTACGAA,10,4391870
yadL_yadM_yadC_yadK_predicted,11.5,48,3,CCCATCCGCTGGAAGGGCGA,45,4399401
yadL_yadM_yadC_yadK_predicted,2.75,13,3,CCCAAGTCTGTCAAAAAGTC,10,4370566
yadL_yadM_yadC_yadK_predicted,4.0,18,3,CCATTCCCACAGGCCCTCAC,15,4385734
yadL_yadM_yadC_yadK_predicted,2.25,11,3,CCATATATTTTAATTCACCT,8,4380649
yadL_yadM_yadC_yadK_predicted,3.0,14,3,CATGTCATTCATTCGTTACA,11,4382772
yadL_yadM_yadC_yadK_predicted,7.25,31,3,CATGTACTGTTTTGAACCAC,28,4387834
yadL_yadM_yadC_yadK_predicted,11.0,46,3,CATGATGTTAGAACCCGCCC,43,4401103
yadL_yadM_yadC_yadK_predicted,9.25,39,3,CATCATCAGGACTATGTGCC,36,4400559
yadL_yadM_yadC_yadK_predicted,1.25,7,3,CAGATGGCCGTTGGTAACCT,4,4379873
yadL_yadM_yadC_yadK_predicted,10.5,44,3,CAGAGCTAGAGAAATCAGAT,41,4392172
yadL_yadM_yadC_yadK_predicted,2.5,12,3,CACTGCGGTACTTCTCATTT,9,4377867
yadL_yadM_yadC_yadK_predicted,10.0,42,3,CAATTACATACCATTCGTGT,39,4394082
yadL_yadM_yadC_yadK_predicted,0.5,4,3,CAATCATCCTTCCGCATCTC,1,4378941
yadL_yadM_yadC_yadK_predicted,4.75,21,3,CAAATGAAGTTCTTGAAGGT,18,4393035
yadL_yadM_yadC_yadK_predicted,9.25,39,3,ATTTTCCAATGACTCTTGAG,36,4370378
yadL_yadM_yadC_yadK_predicted,0.5,4,3,ATTTCATCTGATCTAGCTCA,1,4385486
yadL_yadM_yadC_yadK_predicted,4.0,18,3,ATTCTAGTTCTGGTTCACGA,15,4395938
yadL_yadM_yadC_yadK_predicted,5.25,23,3,ATTCGGTGGCCGTCAGTCCG,20,4401792
yadL_yadM_yadC_yadK_predicted,9.0,38,3,ATGTGCCATCGGGTCCGCCT,35,4395274
yadL_yadM_yadC_yadK_predicted,10.5,44,3,ATGTCGTTCCTCATTCGTGC,41,4401603
yadL_yadM_yadC_yadK_predicted,1.0,6,3,ATGCCCTGGATGCCTATACG,3,4373307
yadL_yadM_yadC_yadK_predicted,3.5,16,3,ATGAACTCCCGTCATGCTTA,13,4381641
yadL_yadM_yadC_yadK_predicted,14.75,61,3,ATGAAAGGAGCAACAGATGA,58,4374392
yadL_yadM_yadC_yadK_predicted,1.0,6,3,ATCCGTAAATGTAATTCCCT,3,4382056
yadL_yadM_yadC_yadK_predicted,6.0,26,3,ATCATTCCTCTATCGCAGAT,23,4397074
yadL_yadM_yadC_yadK_predicted,4.25,19,3,ATCACAGTCACCAGGGTAGA,16,4390689
yadL_yadM_yadC_yadK_predicted,1.75,9,3,ATATGATTTGGGAACCATAT,6,4372216
yadL_yadM_yadC_yadK_predicted,9.0,38,3,ATACCCAGCACTCCGGGCCT,35,4391966
yadL_yadM_yadC_yadK_predicted,5.25,23,3,ATAAAGTAGGTCTCTATTGT,20,4392502
yadL_yadM_yadC_yadK_predicted,1.25,7,3,AGTTGCGAGACTGATGTCAA,4,4373466
yadL_yadM_yadC_yadK_predicted,6.0,26,3,AGTTATCCCTTTCGGGCCAT,23,4387676
yadL_yadM_yadC_yadK_predicted,1.0,6,3,AGTGTTTCATGGGTATGGTT,3,4378036
yadL_yadM_yadC_yadK_predicted,8.75,37,3,AGTGCTCCTACATTTATGAC,34,4392673
yadL_yadM_yadC_yadK_predicted,2.5,12,3,AGTGAGAGGTGCGTCATCAT,9,4378909
yadL_yadM_yadC_yadK_predicted,9.75,41,3,AGGGTGACGATGCCTTAAAA,38,4391885
yadL_yadM_yadC_yadK_predicted,3.75,17,3,AGGGGCCGGATGTCCAAGGC,14,4380583
yadL_yadM_yadC_yadK_predicted,3.5,16,3,AGGCTGGCCGGCACACACAG,13,4390022
yadL_yadM_yadC_yadK_predicted,8.5,36,3,AGGCGTGGGATCACGAAAGA,33,4400646
yadL_yadM_yadC_yadK_predicted,0.5,4,3,AGGCCCTGGGCTAACGGTAG,1,4372918
yadL_yadM_yadC_yadK_predicted,3.5,16,3,AGGATGATTAATATCGCGAA,13,4401710
yadL_yadM_yadC_yadK_predicted,7.25,31,3,AGCACGCCAACGGCCGCGTT,28,4401254
yadL_yadM_yadC_yadK_predicted,0.75,5,3,AGATGACCCAATGGTATAAA,2,4388038
yadL_yadM_yadC_yadK_predicted,5.75,25,3,AGACATAATTGTGGCTCCAT,22,4390100
yadL_yadM_yadC_yadK_predicted,4.5,20,3,ACTTATATTTAGCGTTCTCT,17,4380998
yadL_yadM_yadC_yadK_predicted,9.75,41,3,ACTATAACCTATTGTGTTGC,38,4385336
yadL_yadM_yadC_yadK_predicted,0.75,5,3,ACGTCAGTTGCGGAGTAGTA,2,4378092
yadL_yadM_yadC_yadK_predicted,5.75,25,3,ACGGGTCTGTAATCGGCCAG,22,4377681
yadL_yadM_yadC_yadK_predicted,6.0,26,3,ACGGGAAACACGAATTTCTG,23,4399841
yadL_yadM_yadC_yadK_predicted,7.75,33,3,ACGATGAGCGGGGACGCACC,30,4371279
yadL_yadM_yadC_yadK_predicted,11.5,48,3,ACATATAGGGTGTTCTTTGA,45,4370226
yadL_yadM_yadC_yadK_predicted,12.0,50,3,ACAAACGCAAACGTTCACAC,47,4376847
yadL_yadM_yadC_yadK_predicted,2.25,11,3,ACAAACAATCTCTTGCGCTA,8,4398863
yadL_yadM_yadC_yadK_predicted,1.0,6,3,AATCTTTCTCCCAGCGACGT,3,4379932
yadL_yadM_yadC_yadK_predicted,0.75,5,3,AATCGGAGTATCGAAGTATA,2,4377627
yadL_yadM_yadC_yadK_predicted,0.5,4,3,AATAGGTTTCTCCTAACTCG,1,4376282
yadL_yadM_yadC_yadK_predicted,5.25,23,3,AATACTCACGCACTCAAGGT,20,4384045
yadL_yadM_yadC_yadK_predicted,21.5,88,3,AAGGACCGGCCTTTGACCGG,85,4387215
yadL_yadM_yadC_yadK_predicted,4.75,21,3,AAGCCTAATAGGTTAATCCT,18,4379447
yadL_yadM_yadC_yadK_predicted,6.25,27,3,AACCGACTTGGGATGACTAC,24,4400799
yadL_yadM_yadC_yadK_predicted,9.25,39,3,AAACTGTTGACCGTTTCACC,36,4387828
yadL_yadM_yadC_yadK_predicted,6.0,26,3,AAACATATGGTGAATCTCAC,23,4386511
yadL_yadM_yadC_yadK_predicted,5.0,22,3,AAACAGTCAAGACCAAACAA,19,4396922
yadL_yadM_yadC_yadK_predicted,4.0,18,3,AAAAACAGCCGTTTATCTCT,15,4401392
yadL_yadM_yadC_yadK_predicted,0.6666666666666666,3,2,TTTTCATCTATAGCTAGGTC,1,4385962
yadL_yadM_yadC_yadK_predicted,9.333333333333334,29,2,TTTACTGTTTGGACTGAATG,27,4397587
yadL_yadM_yadC_yadK_predicted,6.333333333333333,20,2,TTGGCGCTCTGACTGTAATC,18,4402190
yadL_yadM_yadC_yadK_predicted,0.6666666666666666,3,2,TTGACGACGCCCTGAATATA,1,4388219
yadL_yadM_yadC_yadK_predicted,5.333333333333333,17,2,TTCGATGTGGCCTGTGGCAG,15,4377202
yadL_yadM_yadC_yadK_predicted,1.3333333333333333,5,2,TTCCCATACTATACCCCCCT,3,4390069
yadL_yadM_yadC_yadK_predicted,12.0,37,2,TTAGTTTCAAGTAGCCAATT,35,4396421
yadL_yadM_yadC_yadK_predicted,9.333333333333334,29,2,TGTGATCGCCTCTGACCCGG,27,4383852
yadL_yadM_yadC_yadK_predicted,0.6666666666666666,3,2,TGTCTGGGGGACATTCTTTA,1,4402479
yadL_yadM_yadC_yadK_predicted,8.666666666666666,27,2,TGTCTAGAAGGACACTCGTA,25,4399887
yadL_yadM_yadC_yadK_predicted,11.0,34,2,TGTATAGGGTGTCTCTAGCT,32,4400532
yadL_yadM_yadC_yadK_predicted,5.333333333333333,17,2,TGTAATCATAATCATCCGCA,15,4370117
yadL_yadM_yadC_yadK_predicted,1.0,4,2,TGTAAGATTGTGACTCCCTG,2,4389398
yadL_yadM_yadC_yadK_predicted,7.666666666666667,24,2,TGGGGATGACCATATTGCCG,22,4398591
yadL_yadM_yadC_yadK_predicted,17.0,52,2,TGGAGCAAGGTTTTGTATCC,50,4385862
yadL_yadM_yadC_yadK_predicted,13.0,40,2,TGGAGAGGGCTCTTGGGTAA,38,4392976
yadL_yadM_yadC_yadK_predicted,4.333333333333333,14,2,TGCCCGCATTTTTGGTACGC,12,4382443
yadL_yadM_yadC_yadK_predicted,0.6666666666666666,3,2,TGATGGCATTGACTTTCAGG,1,4376502
yadL_yadM_yadC_yadK_predicted,7.0,22,2,TGAGTTAAAATCACCGGTAG,20,4395245
yadL_yadM_yadC_yadK_predicted,16.333333333333332,50,2,TGACCTTAGCCAATTTGGCT,48,4393953
yadL_yadM_yadC_yadK_predicted,2.0,7,2,TCTTGACTCAACCCTCTGGC,5,4400936
yadL_yadM_yadC_yadK_predicted,2.0,7,2,TCTTAGCGAAGATATTTACC,5,4386789
yadL_yadM_yadC_yadK_predicted,4.333333333333333,14,2,TCGTTCTTTCAACGCCTGAG,12,4396700
yadL_yadM_yadC_yadK_predicted,5.333333333333333,17,2,TCGAAGTTTGGTATCGGCCA,15,4398657
yadL_yadM_yadC_yadK_predicted,0.6666666666666666,3,2,TCCGTGGAACCACAACGGGA,1,4370935
yadL_yadM_yadC_yadK_predicted,6.666666666666667,21,2,TCCCTCTGGAAATGTGAGGC,19,4384192
yadL_yadM_yadC_yadK_predicted,2.0,7,2,TCCCGCTAATCGGATCGTAG,5,4397274
yadL_yadM_yadC_yadK_predicted,7.333333333333333,23,2,TCCATAGTTATTGTAACCAT,21,4391341
yadL_yadM_yadC_yadK_predicted,8.333333333333334,26,2,TCATCGAGGCCGGGCACGAA,24,4388975
yadL_yadM_yadC_yadK_predicted,9.666666666666666,30,2,TCATCCAGGTCTGAATCGAC,28,4372936
yadL_yadM_yadC_yadK_predicted,16.333333333333332,50,2,TCATAGCGATCGTCGGGCTG,48,4375755
yadL_yadM_yadC_yadK_predicted,0.6666666666666666,3,2,TCAGTTCTGCTACCGTAGGA,1,4380900
yadL_yadM_yadC_yadK_predicted,12.333333333333334,38,2,TCACCATAGTACGGATTGGG,36,4395910
yadL_yadM_yadC_yadK_predicted,29.333333333333332,89,2,TATGCTTCGTGAAAAGGGCA,87,4391280
yadL_yadM_yadC_yadK_predicted,3.6666666666666665,12,2,TATCCGTACGTGTCCGAAAA,10,4401518
yadL_yadM_yadC_yadK_predicted,15.0,46,2,TACGCGTTGATCATTTTTCT,44,4392411
yadL_yadM_yadC_yadK_predicted,16.666666666666668,51,2,TACGCGCCAGAACGGGACTT,49,4385996
yadL_yadM_yadC_yadK_predicted,10.666666666666666,33,2,TACCTGGAATCATGCGTCAA,31,4386493
yadL_yadM_yadC_yadK_predicted,9.0,28,2,TACCCTGGGACGGCCAGTCC,26,4397465
yadL_yadM_yadC_yadK_predicted,7.666666666666667,24,2,TACATCACTGGTTCAGGCCA,22,4380374
yadL_yadM_yadC_yadK_predicted,11.333333333333334,35,2,TACAGGTAAAGAGTGCGTAG,33,4390060
yadL_yadM_yadC_yadK_predicted,0.6666666666666666,3,2,GTTGCGGTCATTTTGGGGGT,1,4383062
yadL_yadM_yadC_yadK_predicted,5.333333333333333,17,2,GTTAGACCCCGGTCGCGGAG,15,4379533
yadL_yadM_yadC_yadK_predicted,16.333333333333332,50,2,GTGTAGGTACCGGGAAGGGG,48,4400712
yadL_yadM_yadC_yadK_predicted,5.666666666666667,18,2,GTGAGCGGGTTACTCCCTCC,16,4399153
yadL_yadM_yadC_yadK_predicted,0.6666666666666666,3,2,GTCCGGTCTCTCAAGAAATG,1,4397268
yadL_yadM_yadC_yadK_predicted,0.6666666666666666,3,2,GTATAGTAATTCCCCTCAGT,1,4395222
yadL_yadM_yadC_yadK_predicted,12.0,37,2,GTATAACAGGGTAATTATGT,35,4386524
yadL_yadM_yadC_yadK_predicted,9.0,28,2,GTACTCATCCCCAACCTGTT,26,4386510
yadL_yadM_yadC_yadK_predicted,8.666666666666666,27,2,GTAATAAGCCAGTAGAGCTG,25,4379451
yadL_yadM_yadC_yadK_predicted,4.333333333333333,14,2,GTAAGGATGCTATCCTGGGG,12,4390190
yadL_yadM_yadC_yadK_predicted,6.0,19,2,GGGTTATCAAATGGTAAGTT,17,4379772
yadL_yadM_yadC_yadK_predicted,0.6666666666666666,3,2,GGGTCTCTCGCGGTGCGCCC,1,4391497
yadL_yadM_yadC_yadK_predicted,2.6666666666666665,9,2,GGCTCAGAGTGTGATGATAA,7,4370848
yadL_yadM_yadC_yadK_predicted,3.3333333333333335,11,2,GGCTCACGTGGATCTTTCCA,9,4396498
yadL_yadM_yadC_yadK_predicted,1.0,4,2,GGCAGGGTAACGTTAGTAGC,2,4372506
yadL_yadM_yadC_yadK_predicted,0.6666666666666666,3,2,GGATTCCATATACTGCTTAA,1,4370137
yadL_yadM_yadC_yadK_predicted,3.3333333333333335,11,2,GGAGTGAACATTTTAACGTT,9,4380815
yadL_yadM_yadC_yadK_predicted,2.3333333333333335,8,2,GCTTATGATTATAATACTTC,6,4377507
yadL_yadM_yadC_yadK_predicted,10.666666666666666,33,2,GCTGTCTATTAGAACACGCT,31,4388138
yadL_yadM_yadC_yadK_predicted,7.666666666666667,24,2,GCGGCTTTATAACCAGAGCA,22,4398845
yadL_yadM_yadC_yadK_predicted,23.333333333333332,71,2,GCCTGAGTCCGGCACCGTAC,69,4376468
yadL_yadM_yadC_yadK_predicted,2.6666666666666665,9,2,GCCTGAAGTTTATCGCCGGA,7,4390412
yadL_yadM_yadC_yadK_predicted,5.666666666666667,18,2,GCCGGCTGGCGTGCTCTCGA,16,4388385
yadL_yadM_yadC_yadK_predicted,9.333333333333334,29,2,GCACGGACTGGGCGTTCTGA,27,4388231
yadL_yadM_yadC_yadK_predicted,14.666666666666666,45,2,GATTGGCGCCTGGCTTATAT,43,4372321
yadL_yadM_yadC_yadK_predicted,11.666666666666666,36,2,GATCAAAAGTAGGGTGCCTC,34,4375264
yadL_yadM_yadC_yadK_predicted,0.6666666666666666,3,2,GAGGCGGTCCACTAATTCAG,1,4370867
yadL_yadM_yadC_yadK_predicted,3.3333333333333335,11,2,GAGGACTCGCCAATCGTTAT,9,4381663
yadL_yadM_yadC_yadK_predicted,1.3333333333333333,5,2,GAGCGGCGATACAAGAGGGG,3,4396075
yadL_yadM_yadC_yadK_predicted,11.333333333333334,35,2,GAGAACTGACGAGTTTAATG,33,4396574
yadL_yadM_yadC_yadK_predicted,9.666666666666666,30,2,GACCTGGTTGGATTTTTTGG,28,4371366
yadL_yadM_yadC_yadK_predicted,2.0,7,2,GAATGTTTGTAAGCGCGTTA,5,4393163
yadL_yadM_yadC_yadK_predicted,5.0,16,2,GAATATCTTAAAGTGTGAAG,14,4396221
yadL_yadM_yadC_yadK_predicted,0.6666666666666666,3,2,GAAGGAACGAACAATCGAGA,1,4397277
yadL_yadM_yadC_yadK_predicted,3.0,10,2,CTGCTCCAGCTACTGTAGCC,8,4402235
yadL_yadM_yadC_yadK_predicted,16.666666666666668,51,2,CTGATCTCTTGCGGCAATCT,49,4389906
yadL_yadM_yadC_yadK_predicted,7.333333333333333,23,2,CTCTGGAACCGTGGTGTGGT,21,4392517
yadL_yadM_yadC_yadK_predicted,5.333333333333333,17,2,CTCGCCGACACCAAACGGAG,15,4392812
yadL_yadM_yadC_yadK_predicted,0.6666666666666666,3,2,CTCCTGCTACTAGAAGCGCG,1,4390945
yadL_yadM_yadC_yadK_predicted,16.0,49,2,CTCCGAAGATTGGTGTGATT,47,4397079
yadL_yadM_yadC_yadK_predicted,7.0,22,2,CTAAAGAAGGCTCTTGGGCG,20,4372717
yadL_yadM_yadC_yadK_predicted,0.6666666666666666,3,2,CGTTGACTTCGCATTGCCCT,1,4382989
yadL_yadM_yadC_yadK_predicted,9.666666666666666,30,2,CGTAGGGAGGGCTCAGCACC,28,4402061
yadL_yadM_yadC_yadK_predicted,0.6666666666666666,3,2,CGGTCTGTGACGAAAGTACA,1,4397554
yadL_yadM_yadC_yadK_predicted,8.333333333333334,26,2,CGGTCTACACGCCACGTGTG,24,4380476
yadL_yadM_yadC_yadK_predicted,10.666666666666666,33,2,CGCGGGAGAAGAGTGTTCGA,31,4373873
yadL_yadM_yadC_yadK_predicted,8.666666666666666,27,2,CGCCGGCAATCACATTTTCT,25,4382368
yadL_yadM_yadC_yadK_predicted,0.6666666666666666,3,2,CGCCCCCAAACAAGCCGAAG,1,4370596
yadL_yadM_yadC_yadK_predicted,7.0,22,2,CGCATCCGGTAATCTTGTTG,20,4383474
yadL_yadM_yadC_yadK_predicted,4.666666666666667,15,2,CGCATATAATGGATATAGCT,13,4380205
yadL_yadM_yadC_yadK_predicted,15.666666666666666,48,2,CGAGGGACAGTAGCGCTCAG,46,4384418
yadL_yadM_yadC_yadK_predicted,10.0,31,2,CGACCTAGTGCTTATTTCCA,29,4398551
yadL_yadM_yadC_yadK_predicted,5.333333333333333,17,2,CGACCCTCTACATTTGTCAA,15,4395081
yadL_yadM_yadC_yadK_predicted,18.333333333333332,56,2,CGAATTCCACTTAATCAACA,54,4400793
yadL_yadM_yadC_yadK_predicted,8.0,25,2,CGAACCGGGAGGAGCATTGA,23,4385012
yadL_yadM_yadC_yadK_predicted,22.333333333333332,68,2,CCTGGGTCATATCTAATGCG,66,4401730
yadL_yadM_yadC_yadK_predicted,4.333333333333333,14,2,CCTCTAGTGTTACCGTCTCG,12,4396010
yadL_yadM_yadC_yadK_predicted,10.666666666666666,33,2,CCCTGTCGTTCCGTCTGTTC,31,4387934
yadL_yadM_yadC_yadK_predicted,17.333333333333332,53,2,CCCCTATAACTACGGCAGGT,51,4381612
yadL_yadM_yadC_yadK_predicted,6.333333333333333,20,2,CCATCAGATCTATATACAAT,18,4380344
yadL_yadM_yadC_yadK_predicted,2.3333333333333335,8,2,CCACGTTTATCTTTGCAGTG,6,4395407
yadL_yadM_yadC_yadK_predicted,8.666666666666666,27,2,CCAATACTCTGGGCGCCGTT,25,4380128
yadL_yadM_yadC_yadK_predicted,0.6666666666666666,3,2,CCAAATGGCTAGAGGAGGTA,1,4389131
yadL_yadM_yadC_yadK_predicted,4.0,13,2,CATTTGCTAATGCAGCTTGT,11,4388209
yadL_yadM_yadC_yadK_predicted,8.666666666666666,27,2,CATAAACGCCGAGGCCACTG,25,4390107
yadL_yadM_yadC_yadK_predicted,2.0,7,2,CAGGTCCCTATCCTTCTCTG,5,4385394
yadL_yadM_yadC_yadK_predicted,3.3333333333333335,11,2,CAGCCTTCGGCATTTTATGA,9,4399190
yadL_yadM_yadC_yadK_predicted,15.333333333333334,47,2,CAGCACCGGACCAAACCGCA,45,4398608
yadL_yadM_yadC_yadK_predicted,3.6666666666666665,12,2,CACGTGTGGACCGGTTGTTA,10,4371744
yadL_yadM_yadC_yadK_predicted,4.0,13,2,CACCGCTAGTATATTTTCTG,11,4393230
yadL_yadM_yadC_yadK_predicted,5.0,16,2,CAATGGATGAGGCGATGGCT,14,4375497
yadL_yadM_yadC_yadK_predicted,4.666666666666667,15,2,ATTACTTGTTGCGAGTCGTA,13,4384664
yadL_yadM_yadC_yadK_predicted,7.333333333333333,23,2,ATTAAGCCTGTACATAATGA,21,4387283
yadL_yadM_yadC_yadK_predicted,0.6666666666666666,3,2,ATGTGATAACGACAAATATA,1,4401872
yadL_yadM_yadC_yadK_predicted,1.6666666666666667,6,2,ATGCGGGTCTCTATTAGTGT,4,4399831
yadL_yadM_yadC_yadK_predicted,0.6666666666666666,3,2,ATCCGCCTTTGAAATGCACC,1,4379284
yadL_yadM_yadC_yadK_predicted,19.333333333333332,59,2,ATCCGCACGCTCTGCCTGAT,57,4378774
yadL_yadM_yadC_yadK_predicted,19.0,58,2,ATCCACACAATTTCATCTCC,56,4400143
yadL_yadM_yadC_yadK_predicted,6.666666666666667,21,2,ATCAATGAGGGCAACTCGAG,19,4382252
yadL_yadM_yadC_yadK_predicted,6.333333333333333,20,2,ATCAAAAAAAATGGTTAGTG,18,4395256
yadL_yadM_yadC_yadK_predicted,14.333333333333334,44,2,ATATAACGCCGATGGCACGC,42,4375025
yadL_yadM_yadC_yadK_predicted,14.333333333333334,44,2,ATACCGACGGATGGCTAGGT,42,4374780
yadL_yadM_yadC_yadK_predicted,3.0,10,2,ATAATATTAGAGGGGGGACG,8,4384821
yadL_yadM_yadC_yadK_predicted,1.3333333333333333,5,2,ATAAGGGTCCGTTAAATGTT,3,4400736
yadL_yadM_yadC_yadK_predicted,0.6666666666666666,3,2,AGTGTGCACTGCGACAGTCC,1,4387635
yadL_yadM_yadC_yadK_predicted,2.0,7,2,AGTCTGGGTAGGCTTAGTTT,5,4373840
yadL_yadM_yadC_yadK_predicted,1.0,4,2,AGTAAGGGTGCTCGCCCACA,2,4396885
yadL_yadM_yadC_yadK_predicted,6.0,19,2,AGTAAAATCATGACTGTTCT,17,4380316
yadL_yadM_yadC_yadK_predicted,6.0,19,2,AGGGGACTTCTCGCTATCCC,17,4372393
yadL_yadM_yadC_yadK_predicted,0.6666666666666666,3,2,AGGCAGATGTTTACCCACCT,1,4399003
yadL_yadM_yadC_yadK_predicted,14.0,43,2,AGCCCTACAGGGGTGATAGA,41,4385671
yadL_yadM_yadC_yadK_predicted,5.666666666666667,18,2,AGAGTTTGAGATGGGCCGTA,16,4390363
yadL_yadM_yadC_yadK_predicted,9.333333333333334,29,2,AGAACGTGCATGGCGAGTGA,27,4401466
yadL_yadM_yadC_yadK_predicted,7.333333333333333,23,2,AGAAAACCTGTCGAGAGATC,21,4392545
yadL_yadM_yadC_yadK_predicted,9.0,28,2,ACTTTCAGGGGGTCCGAATA,26,4397846
yadL_yadM_yadC_yadK_predicted,6.666666666666667,21,2,ACTACTTGTATCGTACGACC,19,4389608
yadL_yadM_yadC_yadK_predicted,10.0,31,2,ACGGGGACGACACTTGTGCG,29,4388067
yadL_yadM_yadC_yadK_predicted,6.0,19,2,ACGGGATTGGTTCGGGTTAA,17,4387180
yadL_yadM_yadC_yadK_predicted,11.666666666666666,36,2,ACGCCATTCAACAAAGTTGA,34,4398050
yadL_yadM_yadC_yadK_predicted,4.0,13,2,ACGATAATAAGCGAGATTTA,11,4387544
yadL_yadM_yadC_yadK_predicted,7.666666666666667,24,2,ACGACTGCGCGGCCTCGATG,22,4370329
yadL_yadM_yadC_yadK_predicted,13.666666666666666,42,2,ACGAACGGGACGGTTGTGTC,40,4383334
yadL_yadM_yadC_yadK_predicted,7.666666666666667,24,2,ACCTTAGGTTGTAGATAGTA,22,4381007
yadL_yadM_yadC_yadK_predicted,8.0,25,2,ACCTTAGGTTCATAATGTTT,23,4384340
yadL_yadM_yadC_yadK_predicted,5.0,16,2,ACCCTTAGCTCAATGTGTTA,14,4394717
yadL_yadM_yadC_yadK_predicted,15.333333333333334,47,2,ACAGTGAGGGGGCAATGAGG,45,4395218
yadL_yadM_yadC_yadK_predicted,1.0,4,2,AATCGAAGTTGACTGCGCAT,2,4383082
yadL_yadM_yadC_yadK_predicted,0.6666666666666666,3,2,AATAAAATTTATCGATTTAG,1,4370469
yadL_yadM_yadC_yadK_predicted,6.0,19,2,AAGTCACGTGTTCCGGTGTC,17,4381738
yadL_yadM_yadC_yadK_predicted,23.0,70,2,AAGGAGGGAGACGTGTATCA,68,4401003
yadL_yadM_yadC_yadK_predicted,2.0,7,2,AACTACCGGCTTGTTCCCCC,5,4393986
yadL_yadM_yadC_yadK_predicted,8.0,25,2,AACCTCCGTGCAATGCAGAA,23,4402492
yadL_yadM_yadC_yadK_predicted,8.0,25,2,AAATATCGCACGTTTGAACA,23,4374655
yadL_yadM_yadC_yadK_predicted,5.0,16,2,AAATAGAGCCGTGATCCTTT,14,4376025
yadL_yadM_yadC_yadK_predicted,0.6666666666666666,3,2,AAAGTTAGAGCTGTGTCACA,1,4371603
yadL_yadM_yadC_yadK_predicted,5.0,10,1,TTTGCAGGGTGCTATACATA,9,4394693
yadL_yadM_yadC_yadK_predicted,7.0,14,1,TTTCGAAAGGGCAAAGGGTT,13,4379422
yadL_yadM_yadC_yadK_predicted,26.5,53,1,TTGTATCTGCATATAATCGA,52,4373657
yadL_yadM_yadC_yadK_predicted,50.0,100,1,TTGATCAGTCAATCACGGAC,99,4392039
yadL_yadM_yadC_yadK_predicted,6.0,12,1,TTGACACCGACTCATCGGTA,11,4379659
yadL_yadM_yadC_yadK_predicted,6.0,12,1,TTCTAGGACTCCCGGCCCGT,11,4374626
yadL_yadM_yadC_yadK_predicted,3.0,6,1,TTCACATAGTGCTCCGTCTC,5,4373988
yadL_yadM_yadC_yadK_predicted,22.5,45,1,TTATCAAAGCAGAAGCGAAG,44,4376417
yadL_yadM_yadC_yadK_predicted,1.0,2,1,TTACACGGATGAGCGGTAGC,1,4389816
yadL_yadM_yadC_yadK_predicted,3.5,7,1,TGTAGCAGAGCTGCAAACAG,6,4400446
yadL_yadM_yadC_yadK_predicted,8.0,16,1,TGGACTCGGGTGTAGTGATT,15,4379632
yadL_yadM_yadC_yadK_predicted,1.0,2,1,TGCGCCGGGCAGCCTCCCAG,1,4397109
yadL_yadM_yadC_yadK_predicted,17.5,35,1,TGCACATCCAAGAGCACCTG,34,4379319
yadL_yadM_yadC_yadK_predicted,1.5,3,1,TGACCGTGAATATGCAAGAT,2,4383929
yadL_yadM_yadC_yadK_predicted,22.5,45,1,TGAACGTGTAGTAAGCTTGT,44,4386418
yadL_yadM_yadC_yadK_predicted,4.0,8,1,TCTTGGACCCGAGGTGAGGG,7,4370415
yadL_yadM_yadC_yadK_predicted,20.0,40,1,TCTTAATGTCTCACGCCGAG,39,4377879
yadL_yadM_yadC_yadK_predicted,4.5,9,1,TCTACCAGAGCTGCTAGCAA,8,4378441
yadL_yadM_yadC_yadK_predicted,14.5,29,1,TCGTGTGCCCCAGTACGACG,28,4377481
yadL_yadM_yadC_yadK_predicted,14.0,28,1,TCGCCATTGAAGAACACCCT,27,4380022
yadL_yadM_yadC_yadK_predicted,1.0,2,1,TCGAATCACCGTGCGAGATT,1,4386880
yadL_yadM_yadC_yadK_predicted,16.5,33,1,TCCTCGAGACATGCTGGATT,32,4380074
yadL_yadM_yadC_yadK_predicted,8.5,17,1,TCCGCTTGTGATTCAGTTCA,16,4374750
yadL_yadM_yadC_yadK_predicted,2.0,4,1,TCCCGCCTACTTGTGCCGCG,3,4372495
yadL_yadM_yadC_yadK_predicted,9.0,18,1,TCACCTGTCAAACTAATACT,17,4378619
yadL_yadM_yadC_yadK_predicted,15.0,30,1,TCACCGGGGTAACTTATGGT,29,4402031
yadL_yadM_yadC_yadK_predicted,10.5,21,1,TATACTTAAAAGAAAATAAA,20,4387528
yadL_yadM_yadC_yadK_predicted,24.5,49,1,TACATAGTTGGCGGCACGCT,48,4371804
yadL_yadM_yadC_yadK_predicted,23.5,47,1,TAACGCGTCTTCGGAACATT,46,4393719
yadL_yadM_yadC_yadK_predicted,2.5,5,1,GTTTCTGTTGCTCAAGGGTA,4,4372223
yadL_yadM_yadC_yadK_predicted,1.0,2,1,GTTGGGCAGTTATACCAGCC,1,4394682
yadL_yadM_yadC_yadK_predicted,6.0,12,1,GTTGCGCAACAGACTTAAGA,11,4371284
yadL_yadM_yadC_yadK_predicted,14.0,28,1,GTTGCAACATGCAAAAAATA,27,4391027
yadL_yadM_yadC_yadK_predicted,4.0,8,1,GTTACTGAAGGAACGGCGGC,7,4401958
yadL_yadM_yadC_yadK_predicted,7.5,15,1,GTGTGATGGAACCATAGCCA,14,4383400
yadL_yadM_yadC_yadK_predicted,1.0,2,1,GTGTATCTGCTGTTCATCTA,1,4398956
yadL_yadM_yadC_yadK_predicted,1.0,2,1,GTGGCAGACCTGTAAAGTGA,1,4385460
yadL_yadM_yadC_yadK_predicted,12.5,25,1,GTCTACCGCCCAACTTCGAC,24,4396794
yadL_yadM_yadC_yadK_predicted,2.5,5,1,GTCCATCCCCACAACACGTT,4,4395141
yadL_yadM_yadC_yadK_predicted,17.5,35,1,GTCACGAGGGGTTCTTGACG,34,4377351
yadL_yadM_yadC_yadK_predicted,23.5,47,1,GTATTCCTATGTTCTGACTA,46,4375212
yadL_yadM_yadC_yadK_predicted,29.0,58,1,GGTGCAGGCTCAGTGATGGT,57,4391269
yadL_yadM_yadC_yadK_predicted,5.5,11,1,GGTCAGTGAGCCGCCAATTT,10,4377458
yadL_yadM_yadC_yadK_predicted,8.5,17,1,GGGTATTGCATCACTGTTTC,16,4375028
yadL_yadM_yadC_yadK_predicted,4.5,9,1,GGGGTGCATCGCAGTGGGGG,8,4384373
yadL_yadM_yadC_yadK_predicted,3.0,6,1,GGGCTGGAAACAGTGTTATC,5,4397632
yadL_yadM_yadC_yadK_predicted,1.0,2,1,GGGCATAAACAATGAAGGAA,1,4382533
yadL_yadM_yadC_yadK_predicted,12.0,24,1,GGCTACCAAAATTCGACTTA,23,4379837
yadL_yadM_yadC_yadK_predicted,1.0,2,1,GGCCGTACAATAACTTAGAG,1,4397755
yadL_yadM_yadC_yadK_predicted,26.0,52,1,GGATCGGGGCTAGAACGTGG,51,4383591
yadL_yadM_yadC_yadK_predicted,1.0,2,1,GGATACTCCTTTCACTTCGT,1,4399012
yadL_yadM_yadC_yadK_predicted,3.5,7,1,GGACTCGGGGAAAAAACATC,6,4390499
yadL_yadM_yadC_yadK_predicted,2.5,5,1,GCTTTTTTAAGTTGTATCAC,4,4396437
yadL_yadM_yadC_yadK_predicted,6.0,12,1,GCTGTCCCTCCACGAACATA,11,4385491
yadL_yadM_yadC_yadK_predicted,12.5,25,1,GCTCTATGACCCAGTAATCA,24,4381697
yadL_yadM_yadC_yadK_predicted,21.5,43,1,GCTCACCCATCTGCAGCAAC,42,4372587
yadL_yadM_yadC_yadK_predicted,24.5,49,1,GCGTTGGGTAGTCTTAGCGC,48,4372624
yadL_yadM_yadC_yadK_predicted,4.0,8,1,GCGGTATCGGGGCACTGGAT,7,4385366
yadL_yadM_yadC_yadK_predicted,11.0,22,1,GCGGTATAACTGGATGCTCT,21,4391371
yadL_yadM_yadC_yadK_predicted,8.5,17,1,GCGGAGAATCGCCTAAGTCA,16,4382507
yadL_yadM_yadC_yadK_predicted,1.5,3,1,GCCGTTGTTCCAAGCGTTCA,2,4382477
yadL_yadM_yadC_yadK_predicted,2.0,4,1,GCCCGACAGCAGTCTCTTAG,3,4375084
yadL_yadM_yadC_yadK_predicted,1.0,2,1,GCCAACGGGCTCATGAGCTT,1,4401999
yadL_yadM_yadC_yadK_predicted,4.0,8,1,GCAGGGAGTGTCTTTCGAAA,7,4390924
yadL_yadM_yadC_yadK_predicted,4.5,9,1,GCACCGGTACTATCAACCAC,8,4390035
yadL_yadM_yadC_yadK_predicted,17.0,34,1,GCAAAGCGCGCACCGCTAAA,33,4375800
yadL_yadM_yadC_yadK_predicted,2.5,5,1,GATTTGCTGAAATCGGATCA,4,4399825
yadL_yadM_yadC_yadK_predicted,32.5,65,1,GATAAGGTTATTGAAACAAA,64,4401330
yadL_yadM_yadC_yadK_predicted,28.5,57,1,GAGTATCAGCTCGGCAGGGT,56,4370573
yadL_yadM_yadC_yadK_predicted,1.0,2,1,GAAGTCTGAAGAATAGTTCG,1,4371407
yadL_yadM_yadC_yadK_predicted,9.5,19,1,GAAAATAGGGCTGCTAAACG,18,4379048
yadL_yadM_yadC_yadK_predicted,17.0,34,1,CTGGGGTAACTATGGGTTGC,33,4389664
yadL_yadM_yadC_yadK_predicted,9.5,19,1,CTCTAAAGATGCCTAATTAT,18,4393089
yadL_yadM_yadC_yadK_predicted,1.0,2,1,CTCGTGAAAGGTAGTGTCTC,1,4382674
yadL_yadM_yadC_yadK_predicted,5.5,11,1,CTCCATTGACTGGTAGCGCA,10,4382664
yadL_yadM_yadC_yadK_predicted,18.0,36,1,CTCACCACCTATAAGAGCCT,35,4383176
yadL_yadM_yadC_yadK_predicted,27.5,55,1,CTAGGAAGCATGTCCCAGGA,54,4373319
yadL_yadM_yadC_yadK_predicted,16.0,32,1,CTAGATACAGATGAGCATCG,31,4374937
yadL_yadM_yadC_yadK_predicted,3.5,7,1,CTAATACATTGTGTTATAAG,6,4370297
yadL_yadM_yadC_yadK_predicted,4.0,8,1,CGTTTCATTCCTGTCTGTAA,7,4378303
yadL_yadM_yadC_yadK_predicted,14.0,28,1,CGTTCGAAGGCATCGTCCCT,27,4389563
yadL_yadM_yadC_yadK_predicted,39.0,78,1,CGTAACGTCTTCATCGCGGT,77,4394898
yadL_yadM_yadC_yadK_predicted,16.5,33,1,CGGTGTGGCAAGAAGGCGGT,32,4387517
yadL_yadM_yadC_yadK_predicted,48.5,97,1,CGGGATGGGCGGTAGTGAGA,96,4396990
yadL_yadM_yadC_yadK_predicted,11.0,22,1,CGGCCTCATGGCTGCGCGAC,21,4395321
yadL_yadM_yadC_yadK_predicted,6.0,12,1,CGGATGATAAGTATCTGTAG,11,4381972
yadL_yadM_yadC_yadK_predicted,10.0,20,1,CGGAGATTCGCGGCGCTGTG,19,4390917
yadL_yadM_yadC_yadK_predicted,1.0,2,1,CGGACTACGGACACCCCGTA,1,4384883
yadL_yadM_yadC_yadK_predicted,9.0,18,1,CGATTTAGGTGGGTGCAACG,17,4373845
yadL_yadM_yadC_yadK_predicted,3.0,6,1,CGACGAGACCAGCCACAAAA,5,4398898
yadL_yadM_yadC_yadK_predicted,2.0,4,1,CCTTTCTAATTCGTGGGAGA,3,4374477
yadL_yadM_yadC_yadK_predicted,43.5,87,1,CCTGTGACGAGTGCTTCAAA,86,4382344
yadL_yadM_yadC_yadK_predicted,1.0,2,1,CCTGCCTGGAATTCTACATT,1,4371043
yadL_yadM_yadC_yadK_predicted,2.5,5,1,CCGTCTCTTCTAATGCACAG,4,4396233
yadL_yadM_yadC_yadK_predicted,38.5,77,1,CCGGGGAGTAACTGCCATTT,76,4397996
yadL_yadM_yadC_yadK_predicted,5.5,11,1,CCGGCCGCCATCGTCCAAAG,10,4386728
yadL_yadM_yadC_yadK_predicted,1.5,3,1,CCGGATCAGCTATATAGGTT,2,4387216
yadL_yadM_yadC_yadK_predicted,3.0,6,1,CCGATGGGCCGCAGGACGGC,5,4392443
yadL_yadM_yadC_yadK_predicted,6.5,13,1,CCCTGGAAGCCGTCGGGTGT,12,4374009
yadL_yadM_yadC_yadK_predicted,8.0,16,1,CCCTATTGCCGGGATGCGGT,15,4390947
yadL_yadM_yadC_yadK_predicted,6.5,13,1,CCCCCTCACAGCGTACTTAT,12,4372272
yadL_yadM_yadC_yadK_predicted,2.0,4,1,CCATTAAGCTCCTGCATCTG,3,4370886
yadL_yadM_yadC_yadK_predicted,8.5,17,1,CCAGTAAGGGTAGGCCTTAA,16,4391029
yadL_yadM_yadC_yadK_predicted,15.5,31,1,CCACCTACTCAACTCAGAGG,30,4391324
yadL_yadM_yadC_yadK_predicted,2.0,4,1,CCACCCATCAGCGTCGTTGT,3,4382725
yadL_yadM_yadC_yadK_predicted,17.0,34,1,CCAATACAGACCGATAGTTC,33,4376132
yadL_yadM_yadC_yadK_predicted,14.0,28,1,CATCTCGCAGGCGGAGAAGG,27,4392634
yadL_yadM_yadC_yadK_predicted,16.5,33,1,CATCGTTGCAGATCCCACCA,32,4379446
yadL_yadM_yadC_yadK_predicted,1.0,2,1,CAGGTCGGCCCCCATGCGAT,1,4379695
yadL_yadM_yadC_yadK_predicted,21.5,43,1,CAGGCACGCAGGATTGGCAA,42,4401173
yadL_yadM_yadC_yadK_predicted,20.0,40,1,CAGCACACGGTCTTCCAAAG,39,4384744
yadL_yadM_yadC_yadK_predicted,23.0,46,1,CACTCCCTGTTATGTAGTTC,45,4393398
yadL_yadM_yadC_yadK_predicted,12.5,25,1,CACAGACCAAGCACCAGAGG,24,4400908
yadL_yadM_yadC_yadK_predicted,31.5,63,1,CAATAATCCAGACCAGGATC,62,4378382
yadL_yadM_yadC_yadK_predicted,5.5,11,1,CAAAGGAAAACAGAAGTGTT,10,4374172
yadL_yadM_yadC_yadK_predicted,2.5,5,1,ATTTACATCGTATAGTTCCT,4,4377084
yadL_yadM_yadC_yadK_predicted,9.5,19,1,ATTGATGTAAATCATATCAA,18,4401580
yadL_yadM_yadC_yadK_predicted,12.0,24,1,ATTCTGGAATTTCAAGCTTG,23,4396701
yadL_yadM_yadC_yadK_predicted,3.5,7,1,ATTATGTTGTACTGCGAGTA,6,4377095
yadL_yadM_yadC_yadK_predicted,2.0,4,1,ATGGGACATTGCAGCCCATC,3,4395870
yadL_yadM_yadC_yadK_predicted,23.0,46,1,ATGATCGGAAGGACAACGGT,45,4401717
yadL_yadM_yadC_yadK_predicted,3.0,6,1,ATGATAGGTATGTTCTCTTT,5,4387040
yadL_yadM_yadC_yadK_predicted,10.5,21,1,ATGACCCTAGCCCAGGCGTG,20,4396590
yadL_yadM_yadC_yadK_predicted,2.0,4,1,ATCGAGCCTAGAGAAAATCC,3,4371136
yadL_yadM_yadC_yadK_predicted,12.0,24,1,ATCGACCTTTGGCATTGTTA,23,4385676
yadL_yadM_yadC_yadK_predicted,26.5,53,1,ATCCTTATTGCTCGAAGGCA,52,4386879
yadL_yadM_yadC_yadK_predicted,10.0,20,1,ATATTGTCTGCTTCGATTGT,19,4375105
yadL_yadM_yadC_yadK_predicted,14.0,28,1,ATATCAAAATGGCACAGGTT,27,4382874
yadL_yadM_yadC_yadK_predicted,8.0,16,1,ATATACTGGCACGGTGCCCC,15,4380983
yadL_yadM_yadC_yadK_predicted,30.5,61,1,ATATACACTAATAAATCTCT,60,4388346
yadL_yadM_yadC_yadK_predicted,13.5,27,1,ATAGGATTAAACTGCCAGTA,26,4372364
yadL_yadM_yadC_yadK_predicted,11.5,23,1,ATAAGGTGTGTCACAGCGGT,22,4397139
yadL_yadM_yadC_yadK_predicted,24.0,48,1,AGTCGGGCGAAAGTCTCATA,47,4392852
yadL_yadM_yadC_yadK_predicted,2.5,5,1,AGTCGGGAATATGTGAGGTA,4,4396815
yadL_yadM_yadC_yadK_predicted,1.0,2,1,AGGGGGTGTCGTACCACTAG,1,4384787
yadL_yadM_yadC_yadK_predicted,16.0,32,1,AGGGACCAAATGTCTTTGCC,31,4373741
yadL_yadM_yadC_yadK_predicted,12.0,24,1,AGCGGTCAGTACCTTGTATC,23,4378834
yadL_yadM_yadC_yadK_predicted,4.0,8,1,AGACTATGCAAGTCGAGATA,7,4389566
yadL_yadM_yadC_yadK_predicted,19.5,39,1,AGAAAGTTTGGACCAACTGT,38,4370992
yadL_yadM_yadC_yadK_predicted,13.5,27,1,ACTTGCGCATTCCTAGACAT,26,4402126
yadL_yadM_yadC_yadK_predicted,11.5,23,1,ACTGGTCCCAACATCATCTT,22,4379674
yadL_yadM_yadC_yadK_predicted,19.5,39,1,ACTGGACGGGGATCGAGGCA,38,4386214
yadL_yadM_yadC_yadK_predicted,8.0,16,1,ACTGCCTATGCAAATGCCTA,15,4381047
yadL_yadM_yadC_yadK_predicted,1.0,2,1,ACTGACAGTATGGACGATGG,1,4377485
yadL_yadM_yadC_yadK_predicted,1.0,2,1,ACGTTACCCTCCGCTTTGAC,1,4379713
yadL_yadM_yadC_yadK_predicted,12.0,24,1,ACGGTGGACCAAGGGATTTA,23,4383167
yadL_yadM_yadC_yadK_predicted,24.5,49,1,ACGCGAATCTTGAGCTGACG,48,4377690
yadL_yadM_yadC_yadK_predicted,25.5,51,1,ACGCCAGACTACGTATCGTC,50,4370407
yadL_yadM_yadC_yadK_predicted,10.0,20,1,ACGAAGACCGCTCCAAGGGA,19,4374633
yadL_yadM_yadC_yadK_predicted,4.0,8,1,ACCGATTTGCATTATCGATG,7,4374686
yadL_yadM_yadC_yadK_predicted,1.5,3,1,ACCACATAAGACCGCCGAGC,2,4395824
yadL_yadM_yadC_yadK_predicted,17.5,35,1,ACCAAAGATTGGGTCGCCAA,34,4375801
yadL_yadM_yadC_yadK_predicted,16.5,33,1,ACATTTGGGGCTGATCTCTT,32,4392724
yadL_yadM_yadC_yadK_predicted,6.0,12,1,ACACCCACGGACAGAGGTTG,11,4377331
yadL_yadM_yadC_yadK_predicted,25.0,50,1,ACAAAATCGGGGCTGCCTGG,49,4394396
yadL_yadM_yadC_yadK_predicted,13.5,27,1,AATTGAACAATGTGCATCCT,26,4374260
yadL_yadM_yadC_yadK_predicted,10.0,20,1,AATACGCGACGTCTAGTTAG,19,4402135
yadL_yadM_yadC_yadK_predicted,14.0,28,1,AAGTGGCCCTCTTATTCTCC,27,4399680
yadL_yadM_yadC_yadK_predicted,14.5,29,1,AAGGTAGTGTGAGGTTCAGA,28,4395302
yadL_yadM_yadC_yadK_predicted,3.0,6,1,AAGGCACATTGAGGTAGCGG,5,4373684
yadL_yadM_yadC_yadK_predicted,26.0,52,1,AAGGAAGGGTCCTTGGCGAC,51,4386062
yadL_yadM_yadC_yadK_predicted,17.5,35,1,AACGCAACTGCATGAAACTA,34,4383347
yadL_yadM_yadC_yadK_predicted,9.0,18,1,AACCCCATTCATCGGCCGCA,17,4402481
yadL_yadM_yadC_yadK_predicted,2.5,5,1,AACAAGTACTTAGCTTTCCA,4,4399152
yadL_yadM_yadC_yadK_predicted,0.014705882352941176,67,67,CTGTGTGAACAGACCTGGCA,0,4370093
yadL_yadM_yadC_yadK_predicted,0.016666666666666666,59,59,AAGCGAGTGGTTCCTCAGAT,0,4375328
yadL_yadM_yadC_yadK_predicted,0.019230769230769232,51,51,GTCACCAGAGCCGGAGCTAT,0,4381109
yadL_yadM_yadC_yadK_predicted,0.019230769230769232,51,51,GATTGAATGTGGGGCGGAAA,0,4382551
yadL_yadM_yadC_yadK_predicted,0.021739130434782608,45,45,GGTTTCATGCGATAGAAATT,0,4371506
yadL_yadM_yadC_yadK_predicted,0.021739130434782608,45,45,GGTCAATATCTTGTTGGGTC,0,4371376
yadL_yadM_yadC_yadK_predicted,0.021739130434782608,45,45,ACCTTTGGTTCCAACCACCA,0,4375210
yadL_yadM_yadC_yadK_predicted,0.022222222222222223,44,44,TCCCCAGCGGGCACGGAGGT,0,4384453
yadL_yadM_yadC_yadK_predicted,0.022727272727272728,43,43,TATGTGTGTCGAAATGACTG,0,4380464
yadL_yadM_yadC_yadK_predicted,0.022727272727272728,43,43,ACCAAACTAAGAGGGGTCCA,0,4370931
yadL_yadM_yadC_yadK_predicted,0.022727272727272728,43,43,ACACCCCGGCATAGATGGTT,0,4380439
yadL_yadM_yadC_yadK_predicted,0.023255813953488372,42,42,TTTGACCAGCAACCGGCTCC,0,4391782
yadL_yadM_yadC_yadK_predicted,0.023255813953488372,42,42,GTGCCGCATCACATAGGGAC,0,4400163
yadL_yadM_yadC_yadK_predicted,0.023255813953488372,42,42,GCGCATGTCTACGATCGCAA,0,4375879
yadL_yadM_yadC_yadK_predicted,0.023809523809523808,41,41,TATAAACAGGCAAGAAACGT,0,4398397
yadL_yadM_yadC_yadK_predicted,0.023809523809523808,41,41,GGAGCCACCATTAATTGTCA,0,4399397
yadL_yadM_yadC_yadK_predicted,0.024390243902439025,40,40,GCGTTCTCAAGGACTGGTCA,0,4373344
yadL_yadM_yadC_yadK_predicted,0.024390243902439025,40,40,CTCTAGTAGTACAGCTATTC,0,4396649
yadL_yadM_yadC_yadK_predicted,0.024390243902439025,40,40,CGGATGCGAGAGGGTGAGCG,0,4375594
yadL_yadM_yadC_yadK_predicted,0.025,39,39,ACCGGACAGGGGCACAAGAT,0,4380891
yadL_yadM_yadC_yadK_predicted,0.025,39,39,AATACATCCATCCTGCTCAT,0,4390501
yadL_yadM_yadC_yadK_predicted,0.02564102564102564,38,38,CAGAACTCTTCTTGGACTTC,0,4392638
yadL_yadM_yadC_yadK_predicted,0.02631578947368421,37,37,TGAGGTACCGTTCTCAACGG,0,4377301
yadL_yadM_yadC_yadK_predicted,0.02631578947368421,37,37,CGATCTGATTCACGAGTATT,0,4376513
yadL_yadM_yadC_yadK_predicted,0.02631578947368421,37,37,CCCGGGGCCGATTATTCTGA,0,4371062
yadL_yadM_yadC_yadK_predicted,0.02631578947368421,37,37,CACAATGCCACTGTACAGCC,0,4371547
yadL_yadM_yadC_yadK_predicted,0.02702702702702703,36,36,GGTCTTCAAATGGAAATGGT,0,4390646
yadL_yadM_yadC_yadK_predicted,0.02702702702702703,36,36,GGCTTGCAATTGTGGACAAA,0,4378805
yadL_yadM_yadC_yadK_predicted,0.02702702702702703,36,36,CGAGGAGTGCGTTATACGTT,0,4400670
yadL_yadM_yadC_yadK_predicted,0.02702702702702703,36,36,AAGCCAATCGTTGGCATAGT,0,4386483
yadL_yadM_yadC_yadK_predicted,0.027777777777777776,35,35,TTTTCTCCCAGACGTGTCCA,0,4371061
yadL_yadM_yadC_yadK_predicted,0.027777777777777776,35,35,TGGGGAAGTGGGCGACAGAA,0,4380115
yadL_yadM_yadC_yadK_predicted,0.027777777777777776,35,35,TCGCGTACTTCTGTGGCAGA,0,4371430
yadL_yadM_yadC_yadK_predicted,0.027777777777777776,35,35,TAAGCAAGAAGATCGCCCAC,0,4381439
yadL_yadM_yadC_yadK_predicted,0.027777777777777776,35,35,CTCGTACGCACTCAATGTTT,0,4391137
yadL_yadM_yadC_yadK_predicted,0.027777777777777776,35,35,CGTCGGGACTGGCCAGATAG,0,4370133
yadL_yadM_yadC_yadK_predicted,0.027777777777777776,35,35,CGAAGAACAGCTTTACTAAA,0,4381524
yadL_yadM_yadC_yadK_predicted,0.027777777777777776,35,35,CCCATGTCCCGCGATTCGGT,0,4377728
yadL_yadM_yadC_yadK_predicted,0.027777777777777776,35,35,ATTCTCGAGTGGTTTTTTAC,0,4392816
yadL_yadM_yadC_yadK_predicted,0.027777777777777776,35,35,ACGGCTAGACAGCTACTCAT,0,4386616
yadL_yadM_yadC_yadK_predicted,0.027777777777777776,35,35,ACCCTCGGATGAAATCTGTT,0,4393703
yadL_yadM_yadC_yadK_predicted,0.02857142857142857,34,34,TACTCCTTACCGTCACCGGT,0,4388192
yadL_yadM_yadC_yadK_predicted,0.02857142857142857,34,34,AGAGGGGGCAATCGGACTAC,0,4395642
yadL_yadM_yadC_yadK_predicted,0.029411764705882353,33,33,GCCTGAACCGGACAAACAAA,0,4376338
yadL_yadM_yadC_yadK_predicted,0.029411764705882353,33,33,GAGTGACTCGAATGTGGGAG,0,4376154
yadL_yadM_yadC_yadK_predicted,0.029411764705882353,33,33,CCTTGGTATATTCATTTAAA,0,4378565
yadL_yadM_yadC_yadK_predicted,0.029411764705882353,33,33,CCCCACGGTACATCAATATG,0,4370648
yadL_yadM_yadC_yadK_predicted,0.029411764705882353,33,33,CCAGTCGTACATTTAAGAGG,0,4379421
yadL_yadM_yadC_yadK_predicted,0.029411764705882353,33,33,AGAGGTGTGATCATGTAATG,0,4379849
yadL_yadM_yadC_yadK_predicted,0.030303030303030304,32,32,GGTTAGATTTAATACAGATG,0,4395406
yadL_yadM_yadC_yadK_predicted,0.030303030303030304,32,32,GGTATCCAGAAAAACTAAGA,0,4387634
yadL_yadM_yadC_yadK_predicted,0.030303030303030304,32,32,CTATTCTAATTATTGACGTA,0,4397854
yadL_yadM_yadC_yadK_predicted,0.030303030303030304,32,32,CGCTCCTTGGATGGTACGAT,0,4378480
yadL_yadM_yadC_yadK_predicted,0.030303030303030304,32,32,ACATTCCGATCTGGGTTGTA,0,4375218
yadL_yadM_yadC_yadK_predicted,0.030303030303030304,32,32,ACATGGCACCGGCACGTGGA,0,4393357
yadL_yadM_yadC_yadK_predicted,0.030303030303030304,32,32,AAGGGCGAAGAAAGTCAGAA,0,4374746
yadL_yadM_yadC_yadK_predicted,0.030303030303030304,32,32,AACAGTAATGCAGGCCATCT,0,4381127
yadL_yadM_yadC_yadK_predicted,0.03125,31,31,TTGCCTCATCGGAAGGTATC,0,4385463
yadL_yadM_yadC_yadK_predicted,0.03125,31,31,TACTTTATAATTTCTCCGCG,0,4375657
yadL_yadM_yadC_yadK_predicted,0.03125,31,31,GGTCAGCAAGAATACTGATA,0,4378228
yadL_yadM_yadC_yadK_predicted,0.03125,31,31,GGCTTAGGAACCGTGCGAGT,0,4381598
yadL_yadM_yadC_yadK_predicted,0.03125,31,31,GGAAGCTATACTAATTCTCC,0,4375380
yadL_yadM_yadC_yadK_predicted,0.03125,31,31,GCTGTTCCTGCTCTGGCCTT,0,4371090
yadL_yadM_yadC_yadK_predicted,0.03125,31,31,CGTAACCTGTGTACTTATGG,0,4398415
yadL_yadM_yadC_yadK_predicted,0.03125,31,31,CGCTAAGAGGCCTAAAGTGT,0,4396651
yadL_yadM_yadC_yadK_predicted,0.03125,31,31,CGCGGCCTATCGGATTTTTT,0,4380089
yadL_yadM_yadC_yadK_predicted,0.03125,31,31,AGAGGCAGCAGAGCTCCGTA,0,4393151
yadL_yadM_yadC_yadK_predicted,0.03125,31,31,ACGGTGGGCAAGGCGAAACA,0,4376872
yadL_yadM_yadC_yadK_predicted,0.03225806451612903,30,30,TCAACCCGTGTGCACACCGC,0,4373086
yadL_yadM_yadC_yadK_predicted,0.03225806451612903,30,30,GTGCGAAATCATGTACTCGA,0,4386589
yadL_yadM_yadC_yadK_predicted,0.03225806451612903,30,30,GCTACCCCGTAGGCACTTTT,0,4392060
yadL_yadM_yadC_yadK_predicted,0.03225806451612903,30,30,GCCCACGGGAGGCTACCGGA,0,4397347
yadL_yadM_yadC_yadK_predicted,0.03225806451612903,30,30,GATTAGCGAAAGGGTCAGGA,0,4398467
yadL_yadM_yadC_yadK_predicted,0.03225806451612903,30,30,CTTCCTGACTTTACTGCATC,0,4377565
yadL_yadM_yadC_yadK_predicted,0.03225806451612903,30,30,CTAGCGCCACGTGAAGGAGG,0,4398086
yadL_yadM_yadC_yadK_predicted,0.03225806451612903,30,30,CCTAGGTTAGACAACTACAA,0,4379495
yadL_yadM_yadC_yadK_predicted,0.03225806451612903,30,30,CCATGCGGTTATCGCGCAGT,0,4382340
yadL_yadM_yadC_yadK_predicted,0.03225806451612903,30,30,ACCATTCAGGCAGCGCCGTG,0,4393240
yadL_yadM_yadC_yadK_predicted,0.03225806451612903,30,30,AAATACAACGGAGACCTGCA,0,4381278
yadL_yadM_yadC_yadK_predicted,0.03333333333333333,29,29,TCCGCATGAGGGTAGATCAG,0,4381111
yadL_yadM_yadC_yadK_predicted,0.03333333333333333,29,29,TCCGCATCGGATATGAGTCT,0,4388041
yadL_yadM_yadC_yadK_predicted,0.03333333333333333,29,29,GTTTTGTTTCAACTACATAG,0,4388789
yadL_yadM_yadC_yadK_predicted,0.03333333333333333,29,29,GGGGCGTGTTGGAGATATGA,0,4389311
yadL_yadM_yadC_yadK_predicted,0.03333333333333333,29,29,GCCAAGCGTCATGAGCAGCT,0,4393558
yadL_yadM_yadC_yadK_predicted,0.03333333333333333,29,29,GCACAGGATCTATAGACACT,0,4396517
yadL_yadM_yadC_yadK_predicted,0.03333333333333333,29,29,GATCCTATGCTCAGGAACAT,0,4396947
yadL_yadM_yadC_yadK_predicted,0.03333333333333333,29,29,CTTTGCACGCGATCCGGGCT,0,4399310
yadL_yadM_yadC_yadK_predicted,0.03333333333333333,29,29,CTGGCCAGCCTTTATAAGCA,0,4387514
yadL_yadM_yadC_yadK_predicted,0.03333333333333333,29,29,CGAGCCCACGTCAACTCTAA,0,4400548
yadL_yadM_yadC_yadK_predicted,0.03333333333333333,29,29,CCCTAAGTACCAGTGGAGGA,0,4371046
yadL_yadM_yadC_yadK_predicted,0.03333333333333333,29,29,ATAAGTATAGTCTGAGAACC,0,4373003
yadL_yadM_yadC_yadK_predicted,0.03333333333333333,29,29,ACAAAGGCCGCCACATGCGA,0,4381781
yadL_yadM_yadC_yadK_predicted,0.034482758620689655,28,28,TTCGTTATGAGTTGGACATC,0,4375516
yadL_yadM_yadC_yadK_predicted,0.034482758620689655,28,28,TTACGGTACCAAGCGACCAA,0,4382035
yadL_yadM_yadC_yadK_predicted,0.034482758620689655,28,28,GTTGCCGTATTCGGACCTCT,0,4379360
yadL_yadM_yadC_yadK_predicted,0.034482758620689655,28,28,GTCAACCCAGGTCACAGCAA,0,4383909
yadL_yadM_yadC_yadK_predicted,0.034482758620689655,28,28,GAGGCGGACTCCCATCGTAC,0,4376626
yadL_yadM_yadC_yadK_predicted,0.034482758620689655,28,28,CTCAATGGTACCGAAACGGA,0,4383380
yadL_yadM_yadC_yadK_predicted,0.034482758620689655,28,28,CGCATAAGGAGATGAGGATA,0,4398306
yadL_yadM_yadC_yadK_predicted,0.034482758620689655,28,28,CCTTCCTGCCAGAGCTAGCA,0,4375887
yadL_yadM_yadC_yadK_predicted,0.034482758620689655,28,28,CCTATAGACTCCGCGCAGGA,0,4377359
yadL_yadM_yadC_yadK_predicted,0.034482758620689655,28,28,CCGCGACAAATAGTCGTGCA,0,4391741
yadL_yadM_yadC_yadK_predicted,0.034482758620689655,28,28,AGCAGCTCAGTAAGTAACAT,0,4383857
yadL_yadM_yadC_yadK_predicted,0.034482758620689655,28,28,ACGCTTGTGTGGCAATGTTA,0,4375268
yadL_yadM_yadC_yadK_predicted,0.034482758620689655,28,28,AAGCGCGGGAGCTTGCTAGT,0,4387801
yadL_yadM_yadC_yadK_predicted,0.03571428571428571,27,27,TTTTCACGTCCGCGTTTATG,0,4373821
yadL_yadM_yadC_yadK_predicted,0.03571428571428571,27,27,TTCCTCGGGAAACCAGATAT,0,4370896
yadL_yadM_yadC_yadK_predicted,0.03571428571428571,27,27,TTCAGGTCTTACATCCAGAA,0,4378802
yadL_yadM_yadC_yadK_predicted,0.03571428571428571,27,27,TGGAACCCCGGAACATAAGC,0,4393391
yadL_yadM_yadC_yadK_predicted,0.03571428571428571,27,27,GTCAGTTCGAGTGAACGCTT,0,4381997
yadL_yadM_yadC_yadK_predicted,0.03571428571428571,27,27,GGGATGTGCTAAAGATGCTA,0,4373717
yadL_yadM_yadC_yadK_predicted,0.03571428571428571,27,27,GAGAACCTTGCTATACTTCA,0,4385363
yadL_yadM_yadC_yadK_predicted,0.03571428571428571,27,27,GACGAAATGCAGTGTTGGTC,0,4393600
yadL_yadM_yadC_yadK_predicted,0.03571428571428571,27,27,CTTCGAAGCTGTTAAATCGA,0,4383386
yadL_yadM_yadC_yadK_predicted,0.03571428571428571,27,27,CTCTTTAGGGCAACGGCAAT,0,4398042
yadL_yadM_yadC_yadK_predicted,0.03571428571428571,27,27,CGTCAACGCGATTGTGTGTT,0,4372320
yadL_yadM_yadC_yadK_predicted,0.03571428571428571,27,27,CGGGCTGGCTAGTGTCCTCA,0,4380888
yadL_yadM_yadC_yadK_predicted,0.03571428571428571,27,27,CGCACATTGCTCATTTCAGG,0,4392136
yadL_yadM_yadC_yadK_predicted,0.03571428571428571,27,27,CGAAGTTTCAAGCCAGTCAG,0,4392522
yadL_yadM_yadC_yadK_predicted,0.03571428571428571,27,27,ATGGCGGGATTGCTAGTATG,0,4370399
yadL_yadM_yadC_yadK_predicted,0.03571428571428571,27,27,ATCGTGAGGGACGCAAGAAT,0,4386183
yadL_yadM_yadC_yadK_predicted,0.03571428571428571,27,27,AGGAACAGTTCGAGACTCCG,0,4379311
yadL_yadM_yadC_yadK_predicted,0.03571428571428571,27,27,AGCTAGAATCTAAGACAGGG,0,4378554
yadL_yadM_yadC_yadK_predicted,0.037037037037037035,26,26,TGTTCTCACGCTTGGGTTAT,0,4391560
yadL_yadM_yadC_yadK_predicted,0.037037037037037035,26,26,TGCCTCGTCTAAGTATTTAA,0,4390827
yadL_yadM_yadC_yadK_predicted,0.037037037037037035,26,26,TCGGCTAGTCACATGTTTGA,0,4375743
yadL_yadM_yadC_yadK_predicted,0.037037037037037035,26,26,TAATCTCACTTTGCGAACGC,0,4382416
yadL_yadM_yadC_yadK_predicted,0.037037037037037035,26,26,GTGAGACGGCTTTAACAGCG,0,4388876
yadL_yadM_yadC_yadK_predicted,0.037037037037037035,26,26,GTACCAGCAAGATCTTTGAC,0,4380465
yadL_yadM_yadC_yadK_predicted,0.037037037037037035,26,26,GGTTAGGTTCACATAAAGAT,0,4398997
yadL_yadM_yadC_yadK_predicted,0.037037037037037035,26,26,GGGAGTAAACCCTGGGGGAA,0,4378049
yadL_yadM_yadC_yadK_predicted,0.037037037037037035,26,26,GGCTTTTCCGGCCGAGATCA,0,4386011
yadL_yadM_yadC_yadK_predicted,0.037037037037037035,26,26,GAGTTCAAACGCGGAGTTAA,0,4401535
yadL_yadM_yadC_yadK_predicted,0.037037037037037035,26,26,GACACACGGTCCACCACCCA,0,4372845
yadL_yadM_yadC_yadK_predicted,0.037037037037037035,26,26,CTCGGCAGAAAAAGTCGGTG,0,4390375
yadL_yadM_yadC_yadK_predicted,0.037037037037037035,26,26,CTAAGACTTTCGCCATGGGA,0,4387564
yadL_yadM_yadC_yadK_predicted,0.037037037037037035,26,26,CGCAGGCTATCAGGCGCGCA,0,4376994
yadL_yadM_yadC_yadK_predicted,0.037037037037037035,26,26,CCATGTTGCGACACGGTGTT,0,4370684
yadL_yadM_yadC_yadK_predicted,0.037037037037037035,26,26,CATTATCTTTTTTCTTTAAA,0,4375888
yadL_yadM_yadC_yadK_predicted,0.037037037037037035,26,26,CATCCGGTGGGTTGCGGCCC,0,4397432
yadL_yadM_yadC_yadK_predicted,0.037037037037037035,26,26,CATCAAGCAAACTACGACTC,0,4388672
yadL_yadM_yadC_yadK_predicted,0.037037037037037035,26,26,ATTTTAGCGCCGGCCGAGTA,0,4377902
yadL_yadM_yadC_yadK_predicted,0.037037037037037035,26,26,AGTCTGAAATCCAATTGAAT,0,4376082
yadL_yadM_yadC_yadK_predicted,0.037037037037037035,26,26,AATGCTTATCCGCACCGCGC,0,4391551
yadL_yadM_yadC_yadK_predicted,0.037037037037037035,26,26,AACCTGTCTTCTACTAGCAA,0,4371845
yadL_yadM_yadC_yadK_predicted,0.038461538461538464,25,25,TGTGCGTGCCTGCAATGGAG,0,4372302
yadL_yadM_yadC_yadK_predicted,0.038461538461538464,25,25,TGACTTACGCAACCTAGGAT,0,4383823
yadL_yadM_yadC_yadK_predicted,0.038461538461538464,25,25,TACTTAGGCCGGGAATGTTA,0,4395102
yadL_yadM_yadC_yadK_predicted,0.038461538461538464,25,25,GTGTATTATTCGTGGGCTTA,0,4392499
yadL_yadM_yadC_yadK_predicted,0.038461538461538464,25,25,GTGAAGTCGTGACTTCAGAT,0,4379122
yadL_yadM_yadC_yadK_predicted,0.038461538461538464,25,25,GTAGTCTAGCCAAAGACCTT,0,4393696
yadL_yadM_yadC_yadK_predicted,0.038461538461538464,25,25,GGAAGCGCGTTCCAATCAGC,0,4392622
yadL_yadM_yadC_yadK_predicted,0.038461538461538464,25,25,GAGATATTAGAGAAGGCGTC,0,4392474
yadL_yadM_yadC_yadK_predicted,0.038461538461538464,25,25,GACGATCTTATAGGTTCAAT,0,4397865
yadL_yadM_yadC_yadK_predicted,0.038461538461538464,25,25,GACCTTCGGTAGTGGTACTC,0,4378440
yadL_yadM_yadC_yadK_predicted,0.038461538461538464,25,25,CGGTTACGCCCCGGCTACAG,0,4379759
yadL_yadM_yadC_yadK_predicted,0.038461538461538464,25,25,CGGGCCACAGTCTAGACGAT,0,4388696
yadL_yadM_yadC_yadK_predicted,0.038461538461538464,25,25,CGGATTTGACGCCTGGTATA,0,4378028
yadL_yadM_yadC_yadK_predicted,0.038461538461538464,25,25,CGACTGTATTTGTAAAGTGT,0,4399355
yadL_yadM_yadC_yadK_predicted,0.038461538461538464,25,25,CCGGGGTCTGTTGTAAAAAG,0,4398857
yadL_yadM_yadC_yadK_predicted,0.038461538461538464,25,25,CCCTCTATTACTGCACTATC,0,4389509
yadL_yadM_yadC_yadK_predicted,0.038461538461538464,25,25,ATAATGTGTTATTTGCTATA,0,4396516
yadL_yadM_yadC_yadK_predicted,0.038461538461538464,25,25,AGGATTAGGCCCGGTCGGTA,0,4372618
yadL_yadM_yadC_yadK_predicted,0.038461538461538464,25,25,AACTTATCGCGATCGGTAGG,0,4394384
yadL_yadM_yadC_yadK_predicted,0.038461538461538464,25,25,AACGTAACAGTTGCCTCCTC,0,4370239
yadL_yadM_yadC_yadK_predicted,0.04,24,24,TTGAACATCTAGAGAGTCGG,0,4376748
yadL_yadM_yadC_yadK_predicted,0.04,24,24,TTGAAAGTGCGACCACCTAC,0,4379912
yadL_yadM_yadC_yadK_predicted,0.04,24,24,TGGGGCATTCCTGATTTAAG,0,4374432
yadL_yadM_yadC_yadK_predicted,0.04,24,24,TCATGATTTAAGGGCGCTAA,0,4394989
yadL_yadM_yadC_yadK_predicted,0.04,24,24,GTAGCCAGGTAACTCGGGCA,0,4400121
yadL_yadM_yadC_yadK_predicted,0.04,24,24,GGGTTATTGGGTCACCCATA,0,4398093
yadL_yadM_yadC_yadK_predicted,0.04,24,24,GGCCGAATGCATGTTATGAC,0,4380545
yadL_yadM_yadC_yadK_predicted,0.04,24,24,GGAAACCGTAGTGATGCTAA,0,4381816
yadL_yadM_yadC_yadK_predicted,0.04,24,24,GATTCCGTACGTAAAGTAAG,0,4380368
yadL_yadM_yadC_yadK_predicted,0.04,24,24,GAGCCACATGAAACGAGAAT,0,4399013
yadL_yadM_yadC_yadK_predicted,0.04,24,24,GAGACACGTCCTGTGCGAAA,0,4384232
yadL_yadM_yadC_yadK_predicted,0.04,24,24,GAATTCGAGAGCAGTACTGA,0,4398813
yadL_yadM_yadC_yadK_predicted,0.04,24,24,CTTGACTGTAGACAGTGTCA,0,4390715
yadL_yadM_yadC_yadK_predicted,0.04,24,24,CCGGGACCCAGGAACCTGTA,0,4386094
yadL_yadM_yadC_yadK_predicted,0.04,24,24,CAAACACGTCCAAGAGGAAA,0,4383351
yadL_yadM_yadC_yadK_predicted,0.04,24,24,ATGCCCACCGAGAGAGAGCT,0,4377267
yadL_yadM_yadC_yadK_predicted,0.04,24,24,ATATGGTAGCGTCATTCAGC,0,4381352
yadL_yadM_yadC_yadK_predicted,0.04,24,24,AGGTACTCACGAAATTCGGC,0,4373718
yadL_yadM_yadC_yadK_predicted,0.04,24,24,AGACAGCTTGACTACGTCAA,0,4374897
yadL_yadM_yadC_yadK_predicted,0.04,24,24,ACGAACTTTTCTTTATAGGA,0,4387421
yadL_yadM_yadC_yadK_predicted,0.04,24,24,ACCTTTCTATCACGAGCTTT,0,4398291
yadL_yadM_yadC_yadK_predicted,0.04,24,24,ACATCTAGACCTGATCAGGT,0,4377356
yadL_yadM_yadC_yadK_predicted,0.04,24,24,AAGCTCTTCACCAATCCCAT,0,4391404
yadL_yadM_yadC_yadK_predicted,0.04,24,24,AACCGCAGAAAAGTACTAAT,0,4375643
yadL_yadM_yadC_yadK_predicted,0.041666666666666664,23,23,TTGAACTAACGTGAGATCGT,0,4379825
yadL_yadM_yadC_yadK_predicted,0.041666666666666664,23,23,TCTAATCCCAAAGGCCACAC,0,4378567
yadL_yadM_yadC_yadK_predicted,0.041666666666666664,23,23,TCCTAGGTGACAATAAGTGT,0,4400720
yadL_yadM_yadC_yadK_predicted,0.041666666666666664,23,23,TCCCCCGGAACGCTTCTAGA,0,4375691
yadL_yadM_yadC_yadK_predicted,0.041666666666666664,23,23,GTGGATAAAACGGACCCCTT,0,4377680
yadL_yadM_yadC_yadK_predicted,0.041666666666666664,23,23,GTGCGGCGTAAAAGGCGTGT,0,4384684
yadL_yadM_yadC_yadK_predicted,0.041666666666666664,23,23,GTGACATACAGTTGATGCAG,0,4370839
yadL_yadM_yadC_yadK_predicted,0.041666666666666664,23,23,GTCAGTTTTTCGCTATTACA,0,4388362
yadL_yadM_yadC_yadK_predicted,0.041666666666666664,23,23,GTAATTTGAACGGTTCACTT,0,4383945
yadL_yadM_yadC_yadK_predicted,0.041666666666666664,23,23,GGGACTCTAGAGGTACAAAA,0,4377693
yadL_yadM_yadC_yadK_predicted,0.041666666666666664,23,23,GGCGGCCGGTTACTTTATCT,0,4398726
yadL_yadM_yadC_yadK_predicted,0.041666666666666664,23,23,GGCCGACTTCAATGAATTTC,0,4373345
yadL_yadM_yadC_yadK_predicted,0.041666666666666664,23,23,GCTGGTTCAAACGCTGGGCA,0,4382178
yadL_yadM_yadC_yadK_predicted,0.041666666666666664,23,23,GAAACGGCCTCGTCAAGCGA,0,4377960
yadL_yadM_yadC_yadK_predicted,0.041666666666666664,23,23,CTGAGCTCAACAAATGAGAA,0,4392934
yadL_yadM_yadC_yadK_predicted,0.041666666666666664,23,23,CGTATGTAACTGGAGCCATG,0,4372588
yadL_yadM_yadC_yadK_predicted,0.041666666666666664,23,23,CGACCGAAACTCTCTACCTG,0,4381876
yadL_yadM_yadC_yadK_predicted,0.041666666666666664,23,23,CAGGTGTGCAGGTCTCTGTA,0,4375004
yadL_yadM_yadC_yadK_predicted,0.041666666666666664,23,23,ATCGGATAAAGGGCTGTAAT,0,4377398
yadL_yadM_yadC_yadK_predicted,0.041666666666666664,23,23,AGTGCGCGGCAGTTAACTGC,0,4392299
yadL_yadM_yadC_yadK_predicted,0.041666666666666664,23,23,AAGTACGGACGTCCTAAGAC,0,4373383
yadL_yadM_yadC_yadK_predicted,0.041666666666666664,23,23,AAGGTTGCAATCACCGAATA,0,4400221
yadL_yadM_yadC_yadK_predicted,0.041666666666666664,23,23,AAAATACGATACGGACTTTG,0,4388188
yadL_yadM_yadC_yadK_predicted,0.043478260869565216,22,22,TGCGGTCCTGGTCATTGACT,0,4391878
yadL_yadM_yadC_yadK_predicted,0.043478260869565216,22,22,TATGAACGTATTGGTTTTTT,0,4378152
yadL_yadM_yadC_yadK_predicted,0.043478260869565216,22,22,TAAGTCTTACGATGTCGTAG,0,4392765
yadL_yadM_yadC_yadK_predicted,0.043478260869565216,22,22,GGCCAGCGCGGTAGTGAGGA,0,4384201
yadL_yadM_yadC_yadK_predicted,0.043478260869565216,22,22,GGACCTGGATGTTGCGTCAT,0,4385203
yadL_yadM_yadC_yadK_predicted,0.043478260869565216,22,22,GCTTGCTTCAGGCGATGGAC,0,4385364
yadL_yadM_yadC_yadK_predicted,0.043478260869565216,22,22,GCTCGGTAGCTGAATAGCGG,0,4387453
yadL_yadM_yadC_yadK_predicted,0.043478260869565216,22,22,GCTCCAATGATATCACAAAG,0,4370323
yadL_yadM_yadC_yadK_predicted,0.043478260869565216,22,22,GCTAAAACCGATTGTCGTGT,0,4372436
yadL_yadM_yadC_yadK_predicted,0.043478260869565216,22,22,GAGAATAGTAAGGGACACAG,0,4374404
yadL_yadM_yadC_yadK_predicted,0.043478260869565216,22,22,CTTTCCTGTTTACCATGATT,0,4396209
yadL_yadM_yadC_yadK_predicted,0.043478260869565216,22,22,CTGTAAGAAATCCACTTAGA,0,4386822
yadL_yadM_yadC_yadK_predicted,0.043478260869565216,22,22,CTCCTTATGACAACCCACTT,0,4382270
yadL_yadM_yadC_yadK_predicted,0.043478260869565216,22,22,CGGTCCGACAGTATGGTGCT,0,4378894
yadL_yadM_yadC_yadK_predicted,0.043478260869565216,22,22,CCGGGATTGTTGTGTCAGTT,0,4384572
yadL_yadM_yadC_yadK_predicted,0.043478260869565216,22,22,CCATCTCGGACAATGGAGTA,0,4386480
yadL_yadM_yadC_yadK_predicted,0.043478260869565216,22,22,CCAGGTACTTCGAGCAGGAG,0,4386095
yadL_yadM_yadC_yadK_predicted,0.043478260869565216,22,22,CATTATATGGGCAGAAAAAG,0,4384368
yadL_yadM_yadC_yadK_predicted,0.043478260869565216,22,22,ATGTCGAGTCTTCAGCCATT,0,4379580
yadL_yadM_yadC_yadK_predicted,0.043478260869565216,22,22,ATCGCGGGTCATTTTATAGC,0,4392897
yadL_yadM_yadC_yadK_predicted,0.043478260869565216,22,22,ATCCCTTACGAAAGGTCCTG,0,4386825
yadL_yadM_yadC_yadK_predicted,0.043478260869565216,22,22,ATCACGACTGTTGCAGTATG,0,4385891
yadL_yadM_yadC_yadK_predicted,0.043478260869565216,22,22,ACTTTTTACGTAAAGGAATC,0,4397403
yadL_yadM_yadC_yadK_predicted,0.043478260869565216,22,22,ACTTACTGGGTAATAGAAGG,0,4385906
yadL_yadM_yadC_yadK_predicted,0.043478260869565216,22,22,ACATCGAGACGGTATCTAGC,0,4389460
yadL_yadM_yadC_yadK_predicted,0.043478260869565216,22,22,AAATGGGCACTTGCAGAGAT,0,4400145
yadL_yadM_yadC_yadK_predicted,0.045454545454545456,21,21,TTTGTACGGATGAGGCCGAG,0,4372557
yadL_yadM_yadC_yadK_predicted,0.045454545454545456,21,21,TTATCCAGGCCGCGTACTTG,0,4375046
yadL_yadM_yadC_yadK_predicted,0.045454545454545456,21,21,TGTTACAGAGCAGCATTTCC,0,4396492
yadL_yadM_yadC_yadK_predicted,0.045454545454545456,21,21,TGACTCGGATTGGGCTTACT,0,4398724
yadL_yadM_yadC_yadK_predicted,0.045454545454545456,21,21,TCTGCACCTCCGACTTATGG,0,4390516
yadL_yadM_yadC_yadK_predicted,0.045454545454545456,21,21,TCTAGCAAAATAGGTTGGCT,0,4383688
yadL_yadM_yadC_yadK_predicted,0.045454545454545456,21,21,TCGCACATGGGCGTCGTAAT,0,4376288
yadL_yadM_yadC_yadK_predicted,0.045454545454545456,21,21,TCAGGAGTTGCATAAGTAGG,0,4397494
yadL_yadM_yadC_yadK_predicted,0.045454545454545456,21,21,TATTGGTCTTTACCGATGGA,0,4382165
yadL_yadM_yadC_yadK_predicted,0.045454545454545456,21,21,TAGGCAGACCCTGCTTGTCT,0,4371398
yadL_yadM_yadC_yadK_predicted,0.045454545454545456,21,21,TAAGAGAACAGCGTTGCAGG,0,4396617
yadL_yadM_yadC_yadK_predicted,0.045454545454545456,21,21,GTGTACTTTGGCTAGGTTGC,0,4395600
yadL_yadM_yadC_yadK_predicted,0.045454545454545456,21,21,GTACCCTAACTGAAGTCACC,0,4395497
yadL_yadM_yadC_yadK_predicted,0.045454545454545456,21,21,GGTGGAGCTCCAAAGCGCAT,0,4372403
yadL_yadM_yadC_yadK_predicted,0.045454545454545456,21,21,GGGTATGTAGAAGTTGTTAT,0,4393512
yadL_yadM_yadC_yadK_predicted,0.045454545454545456,21,21,GGGGTCCTGCTTAGAAGCGT,0,4391063
yadL_yadM_yadC_yadK_predicted,0.045454545454545456,21,21,GGGCGCTACTGTGACGTGGT,0,4372964
yadL_yadM_yadC_yadK_predicted,0.045454545454545456,21,21,GGCATATTACTCAACGCTTA,0,4399586
yadL_yadM_yadC_yadK_predicted,0.045454545454545456,21,21,GCTTGCGAATGCATGTCCCC,0,4376920
yadL_yadM_yadC_yadK_predicted,0.045454545454545456,21,21,GCTGCTTGCCAAGCACCGTG,0,4391710
yadL_yadM_yadC_yadK_predicted,0.045454545454545456,21,21,GCTAATGCGTTGCGGCCTCC,0,4381414
yadL_yadM_yadC_yadK_predicted,0.045454545454545456,21,21,GCGATGGGAGTATGCACCCC,0,4376015
yadL_yadM_yadC_yadK_predicted,0.045454545454545456,21,21,GCCTTGAGGCTCGCGCATGC,0,4377839
yadL_yadM_yadC_yadK_predicted,0.045454545454545456,21,21,GCCGGCGGCCACTTGATGTA,0,4385687
yadL_yadM_yadC_yadK_predicted,0.045454545454545456,21,21,GCCCTCTTGGTGTAGCGCCC,0,4398984
yadL_yadM_yadC_yadK_predicted,0.045454545454545456,21,21,GCAGGTAGTCGGGTAAATAA,0,4396842
yadL_yadM_yadC_yadK_predicted,0.045454545454545456,21,21,GAGATGTCACGACGCGTTCA,0,4373419
yadL_yadM_yadC_yadK_predicted,0.045454545454545456,21,21,GAAATGGGCAGAGACCTATA,0,4381805
yadL_yadM_yadC_yadK_predicted,0.045454545454545456,21,21,CTTGTTAGCAATTCGTATTG,0,4378005
yadL_yadM_yadC_yadK_predicted,0.045454545454545456,21,21,CTAAGGGCGACACGGGCATC,0,4379267
yadL_yadM_yadC_yadK_predicted,0.045454545454545456,21,21,CGGTTGGTTATCCCTGGTGG,0,4379704
yadL_yadM_yadC_yadK_predicted,0.045454545454545456,21,21,CGCAAAGCAGAGGACTGACT,0,4386257
yadL_yadM_yadC_yadK_predicted,0.045454545454545456,21,21,CGACTGCCTACGAGCGACCA,0,4389110
yadL_yadM_yadC_yadK_predicted,0.045454545454545456,21,21,CCGGCTTAGGGGTACGCTCG,0,4389162
yadL_yadM_yadC_yadK_predicted,0.045454545454545456,21,21,CCGCGTTGACAAACAGGCGC,0,4384695
yadL_yadM_yadC_yadK_predicted,0.045454545454545456,21,21,CCCGTCGGTGCAAAGTGGTT,0,4383656
yadL_yadM_yadC_yadK_predicted,0.045454545454545456,21,21,ATTCGGGAGACGCCCCTCAA,0,4398479
yadL_yadM_yadC_yadK_predicted,0.045454545454545456,21,21,ATCGGGACGTCGGGATCCAT,0,4393536
yadL_yadM_yadC_yadK_predicted,0.045454545454545456,21,21,ATCGAGTGTATGATGGGCAA,0,4378518
yadL_yadM_yadC_yadK_predicted,0.045454545454545456,21,21,AGGTCCCCGGTAAAACGATC,0,4382279
yadL_yadM_yadC_yadK_predicted,0.045454545454545456,21,21,ACCGTCTAATTAACGAAAAA,0,4374409
yadL_yadM_yadC_yadK_predicted,0.045454545454545456,21,21,AATGAATAGTTCTGGTTGAC,0,4396156
yadL_yadM_yadC_yadK_predicted,0.045454545454545456,21,21,AAGATGCGGAGAATGTATGA,0,4372156
yadL_yadM_yadC_yadK_predicted,0.045454545454545456,21,21,AAACTACTCCAAATGGTATA,0,4396696
yadL_yadM_yadC_yadK_predicted,0.047619047619047616,20,20,TTTTGAAGGGTGCGGCATGG,0,4370138
yadL_yadM_yadC_yadK_predicted,0.047619047619047616,20,20,TTATCCGCAATATATTTAAG,0,4390870
yadL_yadM_yadC_yadK_predicted,0.047619047619047616,20,20,TGGAATAGTGTGGAAGACTA,0,4386229
yadL_yadM_yadC_yadK_predicted,0.047619047619047616,20,20,TGCAAGACTTGGGAGGTACA,0,4374814
yadL_yadM_yadC_yadK_predicted,0.047619047619047616,20,20,TGCAACCTTACGGCCATACG,0,4392565
yadL_yadM_yadC_yadK_predicted,0.047619047619047616,20,20,TCTGTAGTGACGTAGGGCTA,0,4379238
yadL_yadM_yadC_yadK_predicted,0.047619047619047616,20,20,TCCCGAGAGGGATAGGACCT,0,4374186
yadL_yadM_yadC_yadK_predicted,0.047619047619047616,20,20,TCAGAGTTGGTACCTGGAAT,0,4371781
yadL_yadM_yadC_yadK_predicted,0.047619047619047616,20,20,TAGGCACGCCAAGTCCGTGA,0,4388039
yadL_yadM_yadC_yadK_predicted,0.047619047619047616,20,20,TAACGCCTAGTGCTCCGGCA,0,4375905
yadL_yadM_yadC_yadK_predicted,0.047619047619047616,20,20,TAACCGGACCACGGTGCATC,0,4372650
yadL_yadM_yadC_yadK_predicted,0.047619047619047616,20,20,GTTCTTTGCCCAGTTAGCGT,0,4398880
yadL_yadM_yadC_yadK_predicted,0.047619047619047616,20,20,GTTAACTATGCCAGGAATTC,0,4376931
yadL_yadM_yadC_yadK_predicted,0.047619047619047616,20,20,GTGCTCTGGCGTAGCGAAAC,0,4398149
yadL_yadM_yadC_yadK_predicted,0.047619047619047616,20,20,GTCTCGCCAGTGGAAACCAG,0,4386266
yadL_yadM_yadC_yadK_predicted,0.047619047619047616,20,20,GTCCAACTAAATGGCGTCTC,0,4389607
yadL_yadM_yadC_yadK_predicted,0.047619047619047616,20,20,GTAACCTTAGGGTGAATGGC,0,4372965
yadL_yadM_yadC_yadK_predicted,0.047619047619047616,20,20,GGTATTTTCACCTGTAAATG,0,4401218
yadL_yadM_yadC_yadK_predicted,0.047619047619047616,20,20,GGCGTCACCTGTTGCAAGCT,0,4380059
yadL_yadM_yadC_yadK_predicted,0.047619047619047616,20,20,GGCCCTGTCCGGTGGTTCCT,0,4387860
yadL_yadM_yadC_yadK_predicted,0.047619047619047616,20,20,GGCCACGGCTCATACGCACG,0,4384286
yadL_yadM_yadC_yadK_predicted,0.047619047619047616,20,20,GCCTACACCAAATAGCGAAA,0,4373311
yadL_yadM_yadC_yadK_predicted,0.047619047619047616,20,20,GCCACATGCGCATGCGAAAT,0,4382983
yadL_yadM_yadC_yadK_predicted,0.047619047619047616,20,20,GATGGGACTTGGCGCACGTA,0,4373040
yadL_yadM_yadC_yadK_predicted,0.047619047619047616,20,20,GAGGGAAAAAAGAACGCGGT,0,4395754
yadL_yadM_yadC_yadK_predicted,0.047619047619047616,20,20,GAGCGGAAGAGGTTTCAGAA,0,4378118
yadL_yadM_yadC_yadK_predicted,0.047619047619047616,20,20,GAGAAGCTCTGGGGCGCGTG,0,4372195
yadL_yadM_yadC_yadK_predicted,0.047619047619047616,20,20,GACTGGTTCAGGTCTCAGGT,0,4399784
yadL_yadM_yadC_yadK_predicted,0.047619047619047616,20,20,GACTGCTCGCGGGGGCCGTT,0,4383594
yadL_yadM_yadC_yadK_predicted,0.047619047619047616,20,20,GAAAGACCTTACCGAGGGTA,0,4399151
yadL_yadM_yadC_yadK_predicted,0.047619047619047616,20,20,CTCTTGTTTTCGTTCGAATT,0,4390253
yadL_yadM_yadC_yadK_predicted,0.047619047619047616,20,20,CTCGGTTGTGCCAACTTGTG,0,4392820
yadL_yadM_yadC_yadK_predicted,0.047619047619047616,20,20,CTCACATGCTACTGCGGCAC,0,4381532
yadL_yadM_yadC_yadK_predicted,0.047619047619047616,20,20,CTAATATCAATTCTAATAGT,0,4384311
yadL_yadM_yadC_yadK_predicted,0.047619047619047616,20,20,CGTGTGGCCATACGTCTAAA,0,4372651
yadL_yadM_yadC_yadK_predicted,0.047619047619047616,20,20,CGCGTGTATAGTATGGCTAG,0,4373824
yadL_yadM_yadC_yadK_predicted,0.047619047619047616,20,20,CGACCCAAGGATGACGGTAC,0,4391622
yadL_yadM_yadC_yadK_predicted,0.047619047619047616,20,20,CCTTCGAGAAGGAGGAGGCT,0,4392809
yadL_yadM_yadC_yadK_predicted,0.047619047619047616,20,20,CCTGTACCAGCTATAGCCTT,0,4395567
yadL_yadM_yadC_yadK_predicted,0.047619047619047616,20,20,CACCGGCGTCGTTTTAACCA,0,4371629
yadL_yadM_yadC_yadK_predicted,0.047619047619047616,20,20,CACCCAGACCGCATCGAGTC,0,4375908
yadL_yadM_yadC_yadK_predicted,0.047619047619047616,20,20,ATTTCATAGTGAGCGGTCTG,0,4397669
yadL_yadM_yadC_yadK_predicted,0.047619047619047616,20,20,ATTAGCAGGTTAGAACTTTA,0,4386416
yadL_yadM_yadC_yadK_predicted,0.047619047619047616,20,20,ATTAAATACAAAGCCCGGAA,0,4387426
yadL_yadM_yadC_yadK_predicted,0.047619047619047616,20,20,ATGCGCGGGCTGGTGCCGTG,0,4399536
yadL_yadM_yadC_yadK_predicted,0.047619047619047616,20,20,ATGAACGTGGCGCCTCCACG,0,4384498
yadL_yadM_yadC_yadK_predicted,0.047619047619047616,20,20,ATGAAAGACTGAGATAGGCG,0,4396194
yadL_yadM_yadC_yadK_predicted,0.047619047619047616,20,20,ATATTTGCGTGTGTACAGCA,0,4400264
yadL_yadM_yadC_yadK_predicted,0.047619047619047616,20,20,ATACTAAGGTTTGCCCCCGC,0,4375517
yadL_yadM_yadC_yadK_predicted,0.047619047619047616,20,20,AGGTGGCCCCCTCTGGGGTG,0,4384939
yadL_yadM_yadC_yadK_predicted,0.047619047619047616,20,20,AGGTATATGATTGGTCGCTG,0,4376119
yadL_yadM_yadC_yadK_predicted,0.047619047619047616,20,20,AGGGCTTCTCTTCCAACTTA,0,4386764
yadL_yadM_yadC_yadK_predicted,0.047619047619047616,20,20,AGACGGCTAACTACCGCCGT,0,4381098
yadL_yadM_yadC_yadK_predicted,0.047619047619047616,20,20,AGAAGGGGGGCAGTTAGTCG,0,4371999
yadL_yadM_yadC_yadK_predicted,0.047619047619047616,20,20,ACTGTCCATATACGCAAGAT,0,4370654
yadL_yadM_yadC_yadK_predicted,0.047619047619047616,20,20,ACTGCGCCTACAGGGTCAGG,0,4394452
yadL_yadM_yadC_yadK_predicted,0.047619047619047616,20,20,AACTGACGGTGGGGCGACTA,0,4391032
yadL_yadM_yadC_yadK_predicted,0.05,19,19,TTGTTCGTGACGGGAGTATA,0,4372261
yadL_yadM_yadC_yadK_predicted,0.05,19,19,TTACTCTACCAATCTCCGTG,0,4387823
yadL_yadM_yadC_yadK_predicted,0.05,19,19,TGTTAATGGAGGCCAGCTAA,0,4373864
yadL_yadM_yadC_yadK_predicted,0.05,19,19,TGCCGGGAAGCCTACGATTA,0,4390074
yadL_yadM_yadC_yadK_predicted,0.05,19,19,TCTTATACCCTGCACCAGTC,0,4394483
yadL_yadM_yadC_yadK_predicted,0.05,19,19,TCCTCAAATCGCGCAGTTGT,0,4376751
yadL_yadM_yadC_yadK_predicted,0.05,19,19,TCCGATTCCTGAGTGCATTG,0,4384599
yadL_yadM_yadC_yadK_predicted,0.05,19,19,TATGCGTGATGTTTAAGGTT,0,4380231
yadL_yadM_yadC_yadK_predicted,0.05,19,19,TATGCCGTAGTCCTTAACAA,0,4392723
yadL_yadM_yadC_yadK_predicted,0.05,19,19,TATAAGCGAGGCGCTGAGGT,0,4378045
yadL_yadM_yadC_yadK_predicted,0.05,19,19,TAGGTCTACGGGTTACGGGT,0,4387984
yadL_yadM_yadC_yadK_predicted,0.05,19,19,TACACGGTATTGAATTAAAA,0,4380610
yadL_yadM_yadC_yadK_predicted,0.05,19,19,TAAGTGGTCTGTTTGACGTT,0,4376040
yadL_yadM_yadC_yadK_predicted,0.05,19,19,GTGTACTCGTTTTTGACACG,0,4376854
yadL_yadM_yadC_yadK_predicted,0.05,19,19,GTGCTTCCGTGTGTCCAGAC,0,4370114
yadL_yadM_yadC_yadK_predicted,0.05,19,19,GTCTGACGAATCTGAGGTCC,0,4379660
yadL_yadM_yadC_yadK_predicted,0.05,19,19,GGCGACTATTAATCCCGAAG,0,4392804
yadL_yadM_yadC_yadK_predicted,0.05,19,19,GGCCCGGACATGTATGGATC,0,4399213
yadL_yadM_yadC_yadK_predicted,0.05,19,19,GGAGAAGGAAGGACGCTTAC,0,4386720
yadL_yadM_yadC_yadK_predicted,0.05,19,19,GATGACTGGCGCAGGTGCTA,0,4386400
yadL_yadM_yadC_yadK_predicted,0.05,19,19,GATATACCACTCCTCTGACA,0,4387450
yadL_yadM_yadC_yadK_predicted,0.05,19,19,GAAAGTATTAACTGCACAGC,0,4376283
yadL_yadM_yadC_yadK_predicted,0.05,19,19,CGGAGTGGCTCTCACATCGA,0,4376828
yadL_yadM_yadC_yadK_predicted,0.05,19,19,CGCGCAAGTTGTAGCAAGGT,0,4377390
yadL_yadM_yadC_yadK_predicted,0.05,19,19,CCTTACGAACAGGTTTGCTA,0,4375828
yadL_yadM_yadC_yadK_predicted,0.05,19,19,CCTGGAACAGGTATATTCGT,0,4393108
yadL_yadM_yadC_yadK_predicted,0.05,19,19,CCTCGTCTTACACACTGAAG,0,4400854
yadL_yadM_yadC_yadK_predicted,0.05,19,19,CCGGACGGTCGCTACCGCGT,0,4381276
yadL_yadM_yadC_yadK_predicted,0.05,19,19,CCGCAGAACCATTTGGAAAG,0,4376312
yadL_yadM_yadC_yadK_predicted,0.05,19,19,CCGCACTCGCGGGTCGGGAT,0,4385890
yadL_yadM_yadC_yadK_predicted,0.05,19,19,CCACGCTCTCCAGATTCGGG,0,4376499
yadL_yadM_yadC_yadK_predicted,0.05,19,19,CATTGGCCACAGGCTGCGCT,0,4378542
yadL_yadM_yadC_yadK_predicted,0.05,19,19,CATATTACGTTGCGTAACGT,0,4381437
yadL_yadM_yadC_yadK_predicted,0.05,19,19,CATAACCGGTATTCTCTACT,0,4373617
yadL_yadM_yadC_yadK_predicted,0.05,19,19,CAGTGGGTTCGCCTGCGGTT,0,4377025
yadL_yadM_yadC_yadK_predicted,0.05,19,19,CAGCCCATTTTTGGTAACCG,0,4395851
yadL_yadM_yadC_yadK_predicted,0.05,19,19,CAGAGCGGAACGAAGGTCCA,0,4370288
yadL_yadM_yadC_yadK_predicted,0.05,19,19,CAGAAGATTGCATGTACCAT,0,4400058
yadL_yadM_yadC_yadK_predicted,0.05,19,19,CAATGGGCCGAGATTAGGGT,0,4391300
yadL_yadM_yadC_yadK_predicted,0.05,19,19,CAAACAGTTAGCATGTTAGT,0,4397196
yadL_yadM_yadC_yadK_predicted,0.05,19,19,ATTCTTGAAATAGCTGCCGA,0,4390566
yadL_yadM_yadC_yadK_predicted,0.05,19,19,ATGTGCAACCGCATGGCTGC,0,4382229
yadL_yadM_yadC_yadK_predicted,0.05,19,19,ATGATTCGGTATAACGTATA,0,4390954
yadL_yadM_yadC_yadK_predicted,0.05,19,19,ATCTTATCACGGTGCTCAAT,0,4387458
yadL_yadM_yadC_yadK_predicted,0.05,19,19,ATCCCATCTCTGCAACTGGG,0,4370248
yadL_yadM_yadC_yadK_predicted,0.05,19,19,ATACGACACTTCGGAGAGGA,0,4390504
yadL_yadM_yadC_yadK_predicted,0.05,19,19,ATACACTGTTTACCATCGAA,0,4373664
yadL_yadM_yadC_yadK_predicted,0.05,19,19,AGTTTTTACACGGTCTCGAG,0,4385170
yadL_yadM_yadC_yadK_predicted,0.05,19,19,AGTTGATTAAATCCGGTGTT,0,4389437
yadL_yadM_yadC_yadK_predicted,0.05,19,19,AGTCAGGCGCGATTGAAATA,0,4372693
yadL_yadM_yadC_yadK_predicted,0.05,19,19,AGGAGGCCGCTTGTTTGGAA,0,4375499
yadL_yadM_yadC_yadK_predicted,0.05,19,19,ACTGGATAAAGGCGGGGAAC,0,4379634
yadL_yadM_yadC_yadK_predicted,0.05,19,19,ACGTGTTAGGTTGAGCCGGA,0,4376139
yadL_yadM_yadC_yadK_predicted,0.05,19,19,ACGCGGTTGGAATTATGCCA,0,4373240
yadL_yadM_yadC_yadK_predicted,0.05,19,19,ACGAAATATCCTCGGCGAGA,0,4396044
yadL_yadM_yadC_yadK_predicted,0.05,19,19,ACCAGTGATCGCGAAGAGAT,0,4370837
yadL_yadM_yadC_yadK_predicted,0.05,19,19,ACACGTATTGTGTTAATCAG,0,4376563
yadL_yadM_yadC_yadK_predicted,0.05,19,19,ACACACCGAGCGAAAAGCAA,0,4372533
yadL_yadM_yadC_yadK_predicted,0.05,19,19,AAGTATGTCCGTTCGATCAA,0,4401207
yadL_yadM_yadC_yadK_predicted,0.05,19,19,AAGATTCACGGTTGTAACTA,0,4385682
yadL_yadM_yadC_yadK_predicted,0.05263157894736842,18,18,TTCCCGAGAGCATTATATTT,0,4375797
yadL_yadM_yadC_yadK_predicted,0.05263157894736842,18,18,TGTAGGTTTGCTGTCTCGGC,0,4372536
yadL_yadM_yadC_yadK_predicted,0.05263157894736842,18,18,TGGAGAGCCGGACAACTGGG,0,4394064
yadL_yadM_yadC_yadK_predicted,0.05263157894736842,18,18,TGCTCGTGTCAAATTCGACC,0,4387365
yadL_yadM_yadC_yadK_predicted,0.05263157894736842,18,18,TGCCTCTTCCCTACACCAGG,0,4390383
yadL_yadM_yadC_yadK_predicted,0.05263157894736842,18,18,TCTTGCAGATGCTAGGAGAT,0,4385200
yadL_yadM_yadC_yadK_predicted,0.05263157894736842,18,18,TCGGGGCATCGTGTGGGGTA,0,4378411
yadL_yadM_yadC_yadK_predicted,0.05263157894736842,18,18,TCCTTAGACTTCACGCTACA,0,4382271
yadL_yadM_yadC_yadK_predicted,0.05263157894736842,18,18,TCCTCAGAGATCCCTGAAAT,0,4389091
yadL_yadM_yadC_yadK_predicted,0.05263157894736842,18,18,TCATTGTCGAAGGAGTGGTT,0,4385359
yadL_yadM_yadC_yadK_predicted,0.05263157894736842,18,18,TCAGGAAGGGATTGAATCTC,0,4391062
yadL_yadM_yadC_yadK_predicted,0.05263157894736842,18,18,TAGCTCATGATGATCTAAGC,0,4393862
yadL_yadM_yadC_yadK_predicted,0.05263157894736842,18,18,TACTCATCCTTGAAGTCGCT,0,4371028
yadL_yadM_yadC_yadK_predicted,0.05263157894736842,18,18,GTCCGCCCTGGGGTGTCCTC,0,4388252
yadL_yadM_yadC_yadK_predicted,0.05263157894736842,18,18,GTATGCGAAGGAACGTGAAC,0,4398579
yadL_yadM_yadC_yadK_predicted,0.05263157894736842,18,18,GTAGAGGCTATAGGGTCTCG,0,4387345
yadL_yadM_yadC_yadK_predicted,0.05263157894736842,18,18,GGTTCTATGCAGCTCTTAAA,0,4389125
yadL_yadM_yadC_yadK_predicted,0.05263157894736842,18,18,GGTATGCTAATAGTTAGTAT,0,4379247
yadL_yadM_yadC_yadK_predicted,0.05263157894736842,18,18,GGTAGGTGTGAGACACTAGA,0,4371528
yadL_yadM_yadC_yadK_predicted,0.05263157894736842,18,18,GGGGAGGCTGGCTAAATCGC,0,4402191
yadL_yadM_yadC_yadK_predicted,0.05263157894736842,18,18,GGGCGCCACTCGCCGGGGCT,0,4383012
yadL_yadM_yadC_yadK_predicted,0.05263157894736842,18,18,GGCGTGGGTGTTGAGTGGGG,0,4381040
yadL_yadM_yadC_yadK_predicted,0.05263157894736842,18,18,GGCATGGCGCCCGGCTAACA,0,4384716
yadL_yadM_yadC_yadK_predicted,0.05263157894736842,18,18,GGATTACCCTACACACTTAG,0,4398569
yadL_yadM_yadC_yadK_predicted,0.05263157894736842,18,18,GGAGTACCAAGCTCGCAATA,0,4402208
yadL_yadM_yadC_yadK_predicted,0.05263157894736842,18,18,GGAATTTAGCAGAATTTTAT,0,4386529
yadL_yadM_yadC_yadK_predicted,0.05263157894736842,18,18,GCGGGGAACAGCGAAACAAC,0,4371635
yadL_yadM_yadC_yadK_predicted,0.05263157894736842,18,18,GCCAGCTTGGGCACCACGAT,0,4387012
yadL_yadM_yadC_yadK_predicted,0.05263157894736842,18,18,GCCACGGCAACTCTCCACAG,0,4396000
yadL_yadM_yadC_yadK_predicted,0.05263157894736842,18,18,GCATCTCTATTCGGGATTTT,0,4370375
yadL_yadM_yadC_yadK_predicted,0.05263157894736842,18,18,GATGTCTTTAGGCGCGTAGC,0,4379127
yadL_yadM_yadC_yadK_predicted,0.05263157894736842,18,18,GATACAGTTTTATTCCAAGG,0,4382320
yadL_yadM_yadC_yadK_predicted,0.05263157894736842,18,18,GACGTGAATAGTCATGGTTT,0,4399971
yadL_yadM_yadC_yadK_predicted,0.05263157894736842,18,18,CTTGGTGCTTTAGCAAAGGA,0,4400922
yadL_yadM_yadC_yadK_predicted,0.05263157894736842,18,18,CTCGACAGCGTGAACATGAG,0,4396969
yadL_yadM_yadC_yadK_predicted,0.05263157894736842,18,18,CTCCCGTCCCCGTTCTCCGC,0,4386404
yadL_yadM_yadC_yadK_predicted,0.05263157894736842,18,18,CTCCCCGTTGACGTACAGTA,0,4394839
yadL_yadM_yadC_yadK_predicted,0.05263157894736842,18,18,CTCCACACACGGAAAGTTTA,0,4387035
yadL_yadM_yadC_yadK_predicted,0.05263157894736842,18,18,CGTTCTGCTTTGAAAGCTCT,0,4376371
yadL_yadM_yadC_yadK_predicted,0.05263157894736842,18,18,CGTCAGTGCCTGTCCCTTAA,0,4385514
yadL_yadM_yadC_yadK_predicted,0.05263157894736842,18,18,CGTATATCCGGACCCCGCAG,0,4382669
yadL_yadM_yadC_yadK_predicted,0.05263157894736842,18,18,CGGGCCGGTCAGTGACGGTT,0,4377973
yadL_yadM_yadC_yadK_predicted,0.05263157894736842,18,18,CGGAAGCCGAGGTCATTTGT,0,4372128
yadL_yadM_yadC_yadK_predicted,0.05263157894736842,18,18,CGCGCAATAGTTCCCGTGAG,0,4399337
yadL_yadM_yadC_yadK_predicted,0.05263157894736842,18,18,CGAACTATGTTGAAGTAAAA,0,4394415
yadL_yadM_yadC_yadK_predicted,0.05263157894736842,18,18,CCTTTACGCTCGCGCTGGGA,0,4393097
yadL_yadM_yadC_yadK_predicted,0.05263157894736842,18,18,CCTGGCAGGGGTCTTATGCG,0,4390225
yadL_yadM_yadC_yadK_predicted,0.05263157894736842,18,18,CCCCCGCTCTAAAATCGACT,0,4371588
yadL_yadM_yadC_yadK_predicted,0.05263157894736842,18,18,CCCAACCTCGAGGGCACTAG,0,4378102
yadL_yadM_yadC_yadK_predicted,0.05263157894736842,18,18,CCACGGGCGTAATACGACAG,0,4382769
yadL_yadM_yadC_yadK_predicted,0.05263157894736842,18,18,CAGCGGAGATTTCGCACGGA,0,4372778
yadL_yadM_yadC_yadK_predicted,0.05263157894736842,18,18,CAGAGCACGAAAGGGTCCCT,0,4388152
yadL_yadM_yadC_yadK_predicted,0.05263157894736842,18,18,CAATTTGCGCGAAAGGCGAG,0,4374038
yadL_yadM_yadC_yadK_predicted,0.05263157894736842,18,18,CAATTATGTCCCGGTAGGAA,0,4376925
yadL_yadM_yadC_yadK_predicted,0.05263157894736842,18,18,ATTTATGACGTGCTGTTGAG,0,4390966
yadL_yadM_yadC_yadK_predicted,0.05263157894736842,18,18,ATTGCGAAATTTTGGATTTA,0,4388917
yadL_yadM_yadC_yadK_predicted,0.05263157894736842,18,18,ATGTACGCATTTCCGGCGTT,0,4395349
yadL_yadM_yadC_yadK_predicted,0.05263157894736842,18,18,ATCCACGCCGGGATATCGGT,0,4379072
yadL_yadM_yadC_yadK_predicted,0.05263157894736842,18,18,ATATGTATCCACCGGGAATG,0,4393895
yadL_yadM_yadC_yadK_predicted,0.05263157894736842,18,18,ATAGGTCTGACAGTCGAAAT,0,4380651
yadL_yadM_yadC_yadK_predicted,0.05263157894736842,18,18,ATACGTGCTCAGCTGGCTCT,0,4381996
yadL_yadM_yadC_yadK_predicted,0.05263157894736842,18,18,AGTTTGGGTCCAAGGTACGC,0,4379549
yadL_yadM_yadC_yadK_predicted,0.05263157894736842,18,18,AGTCTTCGGCGCCCGGCGGA,0,4380284
yadL_yadM_yadC_yadK_predicted,0.05263157894736842,18,18,AGGGGCGAAACCGAGCTCCG,0,4380382
yadL_yadM_yadC_yadK_predicted,0.05263157894736842,18,18,AGATATGGCTTGGACGCCGT,0,4370153
yadL_yadM_yadC_yadK_predicted,0.05263157894736842,18,18,AGACCGACGCGTAGGTTCGA,0,4402063
yadL_yadM_yadC_yadK_predicted,0.05263157894736842,18,18,ACTCCTGGCATGTAATCCTA,0,4384993
yadL_yadM_yadC_yadK_predicted,0.05263157894736842,18,18,ACCTGCCGTTCGTCCAAGTG,0,4377930
yadL_yadM_yadC_yadK_predicted,0.05263157894736842,18,18,ACAGTGTTCCACAACATAAA,0,4375288
yadL_yadM_yadC_yadK_predicted,0.05263157894736842,18,18,ACAAGGCCTGGTGAATATAT,0,4387079
yadL_yadM_yadC_yadK_predicted,0.05263157894736842,18,18,AATTGGGAGCTGTGACGCAT,0,4385373
yadL_yadM_yadC_yadK_predicted,0.05263157894736842,18,18,AATGTGGTGTGGTAGGAGAG,0,4376344
yadL_yadM_yadC_yadK_predicted,0.05263157894736842,18,18,AATCTTGGCACTTGCACTGG,0,4387478
yadL_yadM_yadC_yadK_predicted,0.05263157894736842,18,18,AATATGCATCCGGTGCACAA,0,4394271
yadL_yadM_yadC_yadK_predicted,0.05263157894736842,18,18,AATAGTGGGCGGCCTGAGCA,0,4382363
yadL_yadM_yadC_yadK_predicted,0.05263157894736842,18,18,AACGATTTCTGTCTGCCCTG,0,4387980
yadL_yadM_yadC_yadK_predicted,0.05263157894736842,18,18,AACGATGCGACCATGTTGGA,0,4392929
yadL_yadM_yadC_yadK_predicted,0.05263157894736842,18,18,AAACCCCAAAGTCGTAAGGA,0,4384281
yadL_yadM_yadC_yadK_predicted,0.05263157894736842,18,18,AAACCATGGTCCACGCGAGA,0,4385931
yadL_yadM_yadC_yadK_predicted,0.05555555555555555,17,17,TTTATCTTACACAACGACAG,0,4397159
yadL_yadM_yadC_yadK_predicted,0.05555555555555555,17,17,TTGCGACGTTATGCTGTTCA,0,4372055
yadL_yadM_yadC_yadK_predicted,0.05555555555555555,17,17,TTCAGGCCGAGCTCGGGTAG,0,4376039
yadL_yadM_yadC_yadK_predicted,0.05555555555555555,17,17,TGTGTAGGGGACGCTAAACG,0,4393746
yadL_yadM_yadC_yadK_predicted,0.05555555555555555,17,17,TGTACACGACTACCGCTCGT,0,4393221
yadL_yadM_yadC_yadK_predicted,0.05555555555555555,17,17,TGGTACTGTGTCCAGGACTA,0,4372479
yadL_yadM_yadC_yadK_predicted,0.05555555555555555,17,17,TGGCAAAGGGCGCTCTAGTT,0,4386642
yadL_yadM_yadC_yadK_predicted,0.05555555555555555,17,17,TGCGCCCCGGGAAAAAGTGT,0,4390850
yadL_yadM_yadC_yadK_predicted,0.05555555555555555,17,17,TGAAAGCCCTCTGTAATGAT,0,4397653
yadL_yadM_yadC_yadK_predicted,0.05555555555555555,17,17,TCTGTCTTAGAGGACCCGAG,0,4393355
yadL_yadM_yadC_yadK_predicted,0.05555555555555555,17,17,TCTATACTCGCATCGTCGGG,0,4395185
yadL_yadM_yadC_yadK_predicted,0.05555555555555555,17,17,TCGCACGAAGCGGTGCCAAC,0,4381362
yadL_yadM_yadC_yadK_predicted,0.05555555555555555,17,17,TCGAGCACCATAGAGTCCCG,0,4385221
yadL_yadM_yadC_yadK_predicted,0.05555555555555555,17,17,TCCCGACTAGCCGATGCGGT,0,4385063
yadL_yadM_yadC_yadK_predicted,0.05555555555555555,17,17,TATAATTGCTGCTAGGATAG,0,4399803
yadL_yadM_yadC_yadK_predicted,0.05555555555555555,17,17,TAGCCGAAGTTTGAGGTCCT,0,4374940
yadL_yadM_yadC_yadK_predicted,0.05555555555555555,17,17,TACTGATGACGTCCAGGTCA,0,4379892
yadL_yadM_yadC_yadK_predicted,0.05555555555555555,17,17,TACCCTTGATAACACAGTTT,0,4373561
yadL_yadM_yadC_yadK_predicted,0.05555555555555555,17,17,TACATACCAAATTAGAAGGG,0,4387150
yadL_yadM_yadC_yadK_predicted,0.05555555555555555,17,17,TAAGCTCAGGGCTATATACA,0,4379539
yadL_yadM_yadC_yadK_predicted,0.05555555555555555,17,17,TAACGCTCAGCGGATCATCT,0,4373454
yadL_yadM_yadC_yadK_predicted,0.05555555555555555,17,17,GTTCCCTGGAGCTTTGAGAC,0,4390883
yadL_yadM_yadC_yadK_predicted,0.05555555555555555,17,17,GTCTGTATGGCGTGAACCAG,0,4384364
yadL_yadM_yadC_yadK_predicted,0.05555555555555555,17,17,GTCTCGGGCTCCATCCCCAC,0,4376231
yadL_yadM_yadC_yadK_predicted,0.05555555555555555,17,17,GTAATGGACTACATATCGAT,0,4386130
yadL_yadM_yadC_yadK_predicted,0.05555555555555555,17,17,GTAAGGTGTTGGGACGGAGT,0,4397214
yadL_yadM_yadC_yadK_predicted,0.05555555555555555,17,17,GTAAGGTATGCGTAACGCAT,0,4375069
yadL_yadM_yadC_yadK_predicted,0.05555555555555555,17,17,GTAAAGACCAAGCGGGCTTA,0,4372881
yadL_yadM_yadC_yadK_predicted,0.05555555555555555,17,17,GGTGACCAATTGGGTTGCGG,0,4397766
yadL_yadM_yadC_yadK_predicted,0.05555555555555555,17,17,GGTCTGATGATATTATGAGT,0,4391850
yadL_yadM_yadC_yadK_predicted,0.05555555555555555,17,17,GGTAACCGATGCGATGGTTT,0,4393588
yadL_yadM_yadC_yadK_predicted,0.05555555555555555,17,17,GGCCGGCGCTTTCTGGTCCC,0,4372334
yadL_yadM_yadC_yadK_predicted,0.05555555555555555,17,17,GGATAGGACGCGCACCCCTT,0,4387161
yadL_yadM_yadC_yadK_predicted,0.05555555555555555,17,17,GGATAAGCACGCAATCAACT,0,4387152
yadL_yadM_yadC_yadK_predicted,0.05555555555555555,17,17,GCTTTCACGTCACTCCGAAA,0,4377743
yadL_yadM_yadC_yadK_predicted,0.05555555555555555,17,17,GCGGGATGTCGCTAGAAATT,0,4393704
yadL_yadM_yadC_yadK_predicted,0.05555555555555555,17,17,GCCTTGCGTGTCAACGCCAC,0,4371088
yadL_yadM_yadC_yadK_predicted,0.05555555555555555,17,17,GCCGGACTAGCCCGTGCAAG,0,4380726
yadL_yadM_yadC_yadK_predicted,0.05555555555555555,17,17,GAGTTGACGATAGCATAGAT,0,4372940
yadL_yadM_yadC_yadK_predicted,0.05555555555555555,17,17,GAGGCATACCCTGCCGACTT,0,4376526
yadL_yadM_yadC_yadK_predicted,0.05555555555555555,17,17,GAGCGAGTACCAATTGTCTG,0,4390608
yadL_yadM_yadC_yadK_predicted,0.05555555555555555,17,17,GACGTAGGAACTTCTAAGTC,0,4383835
yadL_yadM_yadC_yadK_predicted,0.05555555555555555,17,17,CTTGGGCTGCCAATCGCGAA,0,4389077
yadL_yadM_yadC_yadK_predicted,0.05555555555555555,17,17,CTGATAGGTGGGCCACCTTT,0,4371719
yadL_yadM_yadC_yadK_predicted,0.05555555555555555,17,17,CTATTCACCGGGAGGAGGTT,0,4370532
yadL_yadM_yadC_yadK_predicted,0.05555555555555555,17,17,CGGTATTCTCGTCGAGACAG,0,4379745
yadL_yadM_yadC_yadK_predicted,0.05555555555555555,17,17,CGGGACGCATGTCTATTTGT,0,4399243
yadL_yadM_yadC_yadK_predicted,0.05555555555555555,17,17,CGGAAAACTCAACCTTTATG,0,4388062
yadL_yadM_yadC_yadK_predicted,0.05555555555555555,17,17,CGACTCACGACGATATACAT,0,4389873
yadL_yadM_yadC_yadK_predicted,0.05555555555555555,17,17,CCTTTCTAACTAGTCGGTTT,0,4372604
yadL_yadM_yadC_yadK_predicted,0.05555555555555555,17,17,CCGTCAAGCGGCACACGTCC,0,4387475
yadL_yadM_yadC_yadK_predicted,0.05555555555555555,17,17,CCGACACTTAGTAGCTCGGG,0,4393417
yadL_yadM_yadC_yadK_predicted,0.05555555555555555,17,17,CCACATCTTATTGGGATCTC,0,4378235
yadL_yadM_yadC_yadK_predicted,0.05555555555555555,17,17,CCACATCTGGTCGTGGAATG,0,4384837
yadL_yadM_yadC_yadK_predicted,0.05555555555555555,17,17,CATGATCTTGCCCTTCAGAG,0,4376363
yadL_yadM_yadC_yadK_predicted,0.05555555555555555,17,17,CATAGCGGTTGGATATAAAG,0,4378715
yadL_yadM_yadC_yadK_predicted,0.05555555555555555,17,17,CAGTGTCCTAAAGCGTCTAT,0,4387194
yadL_yadM_yadC_yadK_predicted,0.05555555555555555,17,17,CAGACGTGACATAGAATTAC,0,4395816
yadL_yadM_yadC_yadK_predicted,0.05555555555555555,17,17,CACCACATTACCTTAAACAG,0,4384265
yadL_yadM_yadC_yadK_predicted,0.05555555555555555,17,17,CAATAGGATGTCGATTTTAC,0,4390221
yadL_yadM_yadC_yadK_predicted,0.05555555555555555,17,17,ATCAGGACTGTTGTATGCAG,0,4385856
yadL_yadM_yadC_yadK_predicted,0.05555555555555555,17,17,AGTCTCGCACTGCCAGTATT,0,4374456
yadL_yadM_yadC_yadK_predicted,0.05555555555555555,17,17,AGGCGCACTGAGGCTTCAGG,0,4397679
yadL_yadM_yadC_yadK_predicted,0.05555555555555555,17,17,AGCGTCATTGTCCGATAGCT,0,4378417
yadL_yadM_yadC_yadK_predicted,0.05555555555555555,17,17,AGCCGACCTCGATATTAATC,0,4377704
yadL_yadM_yadC_yadK_predicted,0.05555555555555555,17,17,ACGACGGGCAAGTCATCATC,0,4397673
yadL_yadM_yadC_yadK_predicted,0.05555555555555555,17,17,ACATTGTCCGTCTCTATGCC,0,4392237
yadL_yadM_yadC_yadK_predicted,0.05555555555555555,17,17,AATGATAGTTCGTTCTTCTT,0,4371546
yadL_yadM_yadC_yadK_predicted,0.05555555555555555,17,17,AACACTCCTTTGTTACCGCG,0,4396579
yadL_yadM_yadC_yadK_predicted,0.058823529411764705,16,16,TTTGTATTTGTGTTGCATTG,0,4383619
yadL_yadM_yadC_yadK_predicted,0.058823529411764705,16,16,TTTCAGACCACGTGAGGAGA,0,4393156
yadL_yadM_yadC_yadK_predicted,0.058823529411764705,16,16,TTTAGCAGGAAGCGATCGTG,0,4378801
yadL_yadM_yadC_yadK_predicted,0.058823529411764705,16,16,TTGTAGGCTGGTCTACATAG,0,4393955
yadL_yadM_yadC_yadK_predicted,0.058823529411764705,16,16,TTCCAGTTACACTATCAAGG,0,4388229
yadL_yadM_yadC_yadK_predicted,0.058823529411764705,16,16,TTATTAACATTTAGCTTGGT,0,4393856
yadL_yadM_yadC_yadK_predicted,0.058823529411764705,16,16,TTACTCTCCGGTGTGCTGCC,0,4380384
yadL_yadM_yadC_yadK_predicted,0.058823529411764705,16,16,TGAGTCCTGCAACCGCATCT,0,4373791
yadL_yadM_yadC_yadK_predicted,0.058823529411764705,16,16,TCTGTCGCCGGATAGTATAC,0,4401292
yadL_yadM_yadC_yadK_predicted,0.058823529411764705,16,16,TCTGCGGCGCCAGTGTGTTC,0,4375271
yadL_yadM_yadC_yadK_predicted,0.058823529411764705,16,16,TCGATCCGTATATATGCGCA,0,4378727
yadL_yadM_yadC_yadK_predicted,0.058823529411764705,16,16,TCAGCTTCGGGTCCCGCCGT,0,4380025
yadL_yadM_yadC_yadK_predicted,0.058823529411764705,16,16,TATGTATGCCGGCGTAACGA,0,4378052
yadL_yadM_yadC_yadK_predicted,0.058823529411764705,16,16,TAGCAGCTAACTAAACAACA,0,4370719
yadL_yadM_yadC_yadK_predicted,0.058823529411764705,16,16,TACTGGGCGGACGGTGGGCA,0,4390545
yadL_yadM_yadC_yadK_predicted,0.058823529411764705,16,16,TACGTTCGTGTTTGGGAAGG,0,4401622
yadL_yadM_yadC_yadK_predicted,0.058823529411764705,16,16,TACGTGAAGGTCCTAAAATT,0,4395144
yadL_yadM_yadC_yadK_predicted,0.058823529411764705,16,16,GTTTTATCTACCGCTGACAT,0,4393889
yadL_yadM_yadC_yadK_predicted,0.058823529411764705,16,16,GTTATGCATGTGCTAAGTAA,0,4382830
yadL_yadM_yadC_yadK_predicted,0.058823529411764705,16,16,GTCGCGGCGATACCTAGTGG,0,4380047
yadL_yadM_yadC_yadK_predicted,0.058823529411764705,16,16,GTCATACAGACGACGACGTC,0,4387469
yadL_yadM_yadC_yadK_predicted,0.058823529411764705,16,16,GTATCGGGCCGAGCCCAGGC,0,4385958
yadL_yadM_yadC_yadK_predicted,0.058823529411764705,16,16,GTATATTATCTCCTATTCTG,0,4388249
yadL_yadM_yadC_yadK_predicted,0.058823529411764705,16,16,GTATACTCTAGAGGACATGA,0,4371396
yadL_yadM_yadC_yadK_predicted,0.058823529411764705,16,16,GTACATCATCATCATAGAAA,0,4386999
yadL_yadM_yadC_yadK_predicted,0.058823529411764705,16,16,GGTTAGCTGGGTGTTGCGGC,0,4377127
yadL_yadM_yadC_yadK_predicted,0.058823529411764705,16,16,GGTTAGCGACGTCGCATAAT,0,4396655
yadL_yadM_yadC_yadK_predicted,0.058823529411764705,16,16,GGGTTATTAATTGCGCACTC,0,4376660
yadL_yadM_yadC_yadK_predicted,0.058823529411764705,16,16,GGGTATACGCGGCCAAGGTT,0,4399925
yadL_yadM_yadC_yadK_predicted,0.058823529411764705,16,16,GGGAGTGCCCCACCGAATGG,0,4385895
yadL_yadM_yadC_yadK_predicted,0.058823529411764705,16,16,GGCGCCGTCCTACCAGAAAA,0,4385917
yadL_yadM_yadC_yadK_predicted,0.058823529411764705,16,16,GGCCCAGAGGTGAAGTATTA,0,4401175
yadL_yadM_yadC_yadK_predicted,0.058823529411764705,16,16,GGACTCATAAGCGCGGAAGT,0,4377460
yadL_yadM_yadC_yadK_predicted,0.058823529411764705,16,16,GCTTTTTTGTGAACTCGGCC,0,4377077
yadL_yadM_yadC_yadK_predicted,0.058823529411764705,16,16,GCTTAAAGGGAGGCGCTGCA,0,4379836
yadL_yadM_yadC_yadK_predicted,0.058823529411764705,16,16,GCTCTGGGGAGCAAATAAGA,0,4370403
yadL_yadM_yadC_yadK_predicted,0.058823529411764705,16,16,GCTCGGGACGAAGCGACGGC,0,4392855
yadL_yadM_yadC_yadK_predicted,0.058823529411764705,16,16,GCGTGTTACGGCTACTACCA,0,4375638
yadL_yadM_yadC_yadK_predicted,0.058823529411764705,16,16,GCACGTGGGTCAGGAATCAG,0,4372388
yadL_yadM_yadC_yadK_predicted,0.058823529411764705,16,16,GCACATTCTTGAGGGGTTAT,0,4397817
yadL_yadM_yadC_yadK_predicted,0.058823529411764705,16,16,GATCTGATGTAAGAGCTGGC,0,4386796
yadL_yadM_yadC_yadK_predicted,0.058823529411764705,16,16,GAGTGTTATCGGCATTCCTG,0,4374269
yadL_yadM_yadC_yadK_predicted,0.058823529411764705,16,16,GAGGCGCATTGTCAGGCATG,0,4387452
yadL_yadM_yadC_yadK_predicted,0.058823529411764705,16,16,GACATTATGGAAATGCACCG,0,4387575
yadL_yadM_yadC_yadK_predicted,0.058823529411764705,16,16,GACACGATCTTATCCCAAAA,0,4387659
yadL_yadM_yadC_yadK_predicted,0.058823529411764705,16,16,CTGGACATGGTCGGAGCGAT,0,4399349
yadL_yadM_yadC_yadK_predicted,0.058823529411764705,16,16,CTCAAGCGCGGTCCAAGCGT,0,4385274
yadL_yadM_yadC_yadK_predicted,0.058823529411764705,16,16,CGTCAATGCCACGTTAATGT,0,4395123
yadL_yadM_yadC_yadK_predicted,0.058823529411764705,16,16,CGGTTTCTTCTGATCGCACA,0,4381809
yadL_yadM_yadC_yadK_predicted,0.058823529411764705,16,16,CGGGCCTGATCTTAATCGCC,0,4375345
yadL_yadM_yadC_yadK_predicted,0.058823529411764705,16,16,CGCGACCTAAGCAAGGACAG,0,4370948
yadL_yadM_yadC_yadK_predicted,0.058823529411764705,16,16,CCTCTTCAAAGTCGTTCTAA,0,4400110
yadL_yadM_yadC_yadK_predicted,0.058823529411764705,16,16,CCTCACACGGTAGAGAACTT,0,4395168
yadL_yadM_yadC_yadK_predicted,0.058823529411764705,16,16,CATGTCGTGTTGTGATTTGT,0,4399622
yadL_yadM_yadC_yadK_predicted,0.058823529411764705,16,16,CATGGGCATGTTGCCACGTG,0,4390948
yadL_yadM_yadC_yadK_predicted,0.058823529411764705,16,16,CATCTTGCCCTCAGTTCAGA,0,4400652
yadL_yadM_yadC_yadK_predicted,0.058823529411764705,16,16,CAGTGGCCCAGATCTGACTA,0,4392204
yadL_yadM_yadC_yadK_predicted,0.058823529411764705,16,16,CAGAGAAGGCACGTCCCTTG,0,4393244
yadL_yadM_yadC_yadK_predicted,0.058823529411764705,16,16,CACCCCGGTCAATGGAACGC,0,4373238
yadL_yadM_yadC_yadK_predicted,0.058823529411764705,16,16,CAATTACTCTTTACAGCTGT,0,4395829
yadL_yadM_yadC_yadK_predicted,0.058823529411764705,16,16,CAAGCTTAATCGGCGGAAAT,0,4385420
yadL_yadM_yadC_yadK_predicted,0.058823529411764705,16,16,CAAGCGGGTAGAGCCAATGT,0,4374031
yadL_yadM_yadC_yadK_predicted,0.058823529411764705,16,16,CAAGCGCTAACCCCTATGAT,0,4383624
yadL_yadM_yadC_yadK_predicted,0.058823529411764705,16,16,ATGGACCTAGATATTCCAGA,0,4385199
yadL_yadM_yadC_yadK_predicted,0.058823529411764705,16,16,ATGATTCGTTCATGGTAACA,0,4374935
yadL_yadM_yadC_yadK_predicted,0.058823529411764705,16,16,ATCATTAATTGTAATAAAAG,0,4380861
yadL_yadM_yadC_yadK_predicted,0.058823529411764705,16,16,ATATCCTAAAAGGTTTGGTT,0,4392814
yadL_yadM_yadC_yadK_predicted,0.058823529411764705,16,16,ATAAAGATGTGTAAAGTATC,0,4383030
yadL_yadM_yadC_yadK_predicted,0.058823529411764705,16,16,AGGCCACTAAAACGTAGTAA,0,4372263
yadL_yadM_yadC_yadK_predicted,0.058823529411764705,16,16,AGCATCGATTGGACCGGGGG,0,4375522
yadL_yadM_yadC_yadK_predicted,0.058823529411764705,16,16,AGATTCGCCAGATGAGGAAA,0,4376995
yadL_yadM_yadC_yadK_predicted,0.058823529411764705,16,16,AGAGCTTCGTGCGTTTCCAA,0,4371015
yadL_yadM_yadC_yadK_predicted,0.058823529411764705,16,16,AGAGACTCTGTGATGGATGG,0,4375235
yadL_yadM_yadC_yadK_predicted,0.058823529411764705,16,16,ACTGTTGAAAGGTCCTATTC,0,4387945
yadL_yadM_yadC_yadK_predicted,0.058823529411764705,16,16,ACTCGTTGGGTTGCGCACTG,0,4390594
yadL_yadM_yadC_yadK_predicted,0.058823529411764705,16,16,ACGAGGGCGCTCCGTAGAGC,0,4377034
yadL_yadM_yadC_yadK_predicted,0.058823529411764705,16,16,ACCTTAATACCTACGGAGGG,0,4399294
yadL_yadM_yadC_yadK_predicted,0.058823529411764705,16,16,ACCGTCAAGGCAATTGGGAA,0,4395771
yadL_yadM_yadC_yadK_predicted,0.058823529411764705,16,16,ACCGCAGCTCATTCTCCGTA,0,4383934
yadL_yadM_yadC_yadK_predicted,0.058823529411764705,16,16,ACACTAGCTTGCAGCACCCC,0,4381096
yadL_yadM_yadC_yadK_predicted,0.058823529411764705,16,16,AATTTTCGTCAGGCTCCTTG,0,4385918
yadL_yadM_yadC_yadK_predicted,0.058823529411764705,16,16,AACCCGTGCGTTCCAAGCCC,0,4390077
yadL_yadM_yadC_yadK_predicted,0.0625,15,15,TTTTGGCGGGAAACCCTTAT,0,4383394
yadL_yadM_yadC_yadK_predicted,0.0625,15,15,TTTTGGAGTGTACCTGTTCT,0,4398517
yadL_yadM_yadC_yadK_predicted,0.0625,15,15,TTTGTTTCGAAGAGCGGTTT,0,4389583
yadL_yadM_yadC_yadK_predicted,0.0625,15,15,TTTCGTTCTTCTTCCCATGG,0,4371280
yadL_yadM_yadC_yadK_predicted,0.0625,15,15,TTGGGCAAAATTCTGCAGTT,0,4378325
yadL_yadM_yadC_yadK_predicted,0.0625,15,15,TTGCGGTAGCTGACAGTCTC,0,4393268
yadL_yadM_yadC_yadK_predicted,0.0625,15,15,TTACGTGACTGCCCGACTAT,0,4380919
yadL_yadM_yadC_yadK_predicted,0.0625,15,15,TGTGCGCCATCTTGTTCTTT,0,4389695
yadL_yadM_yadC_yadK_predicted,0.0625,15,15,TGTACTTAGCTGTATGTAAT,0,4374264
yadL_yadM_yadC_yadK_predicted,0.0625,15,15,TGGTGGTCCTAAGACTATAA,0,4377232
yadL_yadM_yadC_yadK_predicted,0.0625,15,15,TGGTGACTTCCCTACCGGAC,0,4396404
yadL_yadM_yadC_yadK_predicted,0.0625,15,15,TGCGGCGGATTTAAAGTAGC,0,4381517
yadL_yadM_yadC_yadK_predicted,0.0625,15,15,TGATGGTCGGTTACCGGTGC,0,4379803
yadL_yadM_yadC_yadK_predicted,0.0625,15,15,TGACGGGGTAGCAAGGCATG,0,4393601
yadL_yadM_yadC_yadK_predicted,0.0625,15,15,TGAAGCAGCCAACCTCTTGA,0,4375146
yadL_yadM_yadC_yadK_predicted,0.0625,15,15,TCTTTTCGGTTCCTATCCAA,0,4398824
yadL_yadM_yadC_yadK_predicted,0.0625,15,15,TCTGGAACCTTTCAGGGCAG,0,4376547
yadL_yadM_yadC_yadK_predicted,0.0625,15,15,TCTATTAGCCCCAACAGCCA,0,4375023
yadL_yadM_yadC_yadK_predicted,0.0625,15,15,TCGGAGTTCTACGCCCTGCA,0,4393430
yadL_yadM_yadC_yadK_predicted,0.0625,15,15,TCCGTAGGTGTGGCAACAGT,0,4374712
yadL_yadM_yadC_yadK_predicted,0.0625,15,15,TCATATTATAATAAACAAAG,0,4384202
yadL_yadM_yadC_yadK_predicted,0.0625,15,15,TCATATCGATGCTCACCCCA,0,4387789
yadL_yadM_yadC_yadK_predicted,0.0625,15,15,TATTTCGTTAATTGATGGGG,0,4376395
yadL_yadM_yadC_yadK_predicted,0.0625,15,15,TAATGTTCTGTGAGCCCTTC,0,4376564
yadL_yadM_yadC_yadK_predicted,0.0625,15,15,TAAAGCCGTGTTCGCTGAAC,0,4384780
yadL_yadM_yadC_yadK_predicted,0.0625,15,15,GTTGCATATGGACCGTCCCA,0,4373155
yadL_yadM_yadC_yadK_predicted,0.0625,15,15,GTCTTTTTACGTAGAGTGTT,0,4388398
yadL_yadM_yadC_yadK_predicted,0.0625,15,15,GTCTTTCGGCCGGGCCTACG,0,4390525
yadL_yadM_yadC_yadK_predicted,0.0625,15,15,GTAACATCCAGTTCCCGGTA,0,4402327
yadL_yadM_yadC_yadK_predicted,0.0625,15,15,GGTAAACCGCGCTCGGGCTA,0,4384554
yadL_yadM_yadC_yadK_predicted,0.0625,15,15,GGGCGTATAAGGTCAATTTT,0,4374060
yadL_yadM_yadC_yadK_predicted,0.0625,15,15,GGGCGATTCTGCACGGCCTA,0,4374710
yadL_yadM_yadC_yadK_predicted,0.0625,15,15,GGGCCGACCAGCCTGGGGTT,0,4402116
yadL_yadM_yadC_yadK_predicted,0.0625,15,15,GGATTGACGCCGACTTGGAT,0,4371405
yadL_yadM_yadC_yadK_predicted,0.0625,15,15,GGAGGTACTGCTAACAACTC,0,4379045
yadL_yadM_yadC_yadK_predicted,0.0625,15,15,GCGTTCGCATGCATCACAAA,0,4393299
yadL_yadM_yadC_yadK_predicted,0.0625,15,15,GCGCGAAATGCCTGCTGCCC,0,4382294
yadL_yadM_yadC_yadK_predicted,0.0625,15,15,GCGCATGGCCAAGTATCCAC,0,4388647
yadL_yadM_yadC_yadK_predicted,0.0625,15,15,GCCTCTCGGGCTACTCTCAG,0,4393772
yadL_yadM_yadC_yadK_predicted,0.0625,15,15,GCCTAGCTCAGGACGTTCCT,0,4383850
yadL_yadM_yadC_yadK_predicted,0.0625,15,15,GCCTACAGACCTGCTGGACC,0,4373414
yadL_yadM_yadC_yadK_predicted,0.0625,15,15,GCAGAGCGCGTTGGACATAC,0,4380320
yadL_yadM_yadC_yadK_predicted,0.0625,15,15,GATGGTGTAGGGGCGGTGTA,0,4374238
yadL_yadM_yadC_yadK_predicted,0.0625,15,15,GAACGCCCAGGGGGGATAGC,0,4387117
yadL_yadM_yadC_yadK_predicted,0.0625,15,15,GAAAACTATACGTCGCGCCA,0,4379894
yadL_yadM_yadC_yadK_predicted,0.0625,15,15,CTTCTTTAGGTCGGGTAAGT,0,4385430
yadL_yadM_yadC_yadK_predicted,0.0625,15,15,CTGCTCTCGACTGGGTCGGA,0,4386953
yadL_yadM_yadC_yadK_predicted,0.0625,15,15,CTGCCTGCCAGCATTCCTGT,0,4380887
yadL_yadM_yadC_yadK_predicted,0.0625,15,15,CTGAATCGAACGAATCCTAG,0,4385915
yadL_yadM_yadC_yadK_predicted,0.0625,15,15,CTCTGGGGCGACCTAGCGCT,0,4390735
yadL_yadM_yadC_yadK_predicted,0.0625,15,15,CTCGTCTGGGATGCCACTAA,0,4370550
yadL_yadM_yadC_yadK_predicted,0.0625,15,15,CTCGCGACCCCTGCCTACAG,0,4372685
yadL_yadM_yadC_yadK_predicted,0.0625,15,15,CTCAGCATTATTGCGTAAAT,0,4379875
yadL_yadM_yadC_yadK_predicted,0.0625,15,15,CGTCTAGATATGTTTCAACC,0,4374499
yadL_yadM_yadC_yadK_predicted,0.0625,15,15,CGTCGCAATATGACTTGTCT,0,4392071
yadL_yadM_yadC_yadK_predicted,0.0625,15,15,CGGAAAGCGTACAAAGGTAC,0,4387128
yadL_yadM_yadC_yadK_predicted,0.0625,15,15,CGCTGCGGTTAGCTTTTGGT,0,4384601
yadL_yadM_yadC_yadK_predicted,0.0625,15,15,CGCCCCTAGTTATAGTATCA,0,4401226
yadL_yadM_yadC_yadK_predicted,0.0625,15,15,CGAGAAAGCCCCAGACGCGT,0,4382986
yadL_yadM_yadC_yadK_predicted,0.0625,15,15,CGAATGGTTTCCGACTACCC,0,4379735
yadL_yadM_yadC_yadK_predicted,0.0625,15,15,CGAAATTCATGAGACGTAAG,0,4395520
yadL_yadM_yadC_yadK_predicted,0.0625,15,15,CCTTCAGATTTATTCCTCCA,0,4379131
yadL_yadM_yadC_yadK_predicted,0.0625,15,15,CCTGCGGTGAATAGTGGCTA,0,4381860
yadL_yadM_yadC_yadK_predicted,0.0625,15,15,CCGTCCATATTCGATCATGT,0,4386118
yadL_yadM_yadC_yadK_predicted,0.0625,15,15,CCCGTACTAGGGTCCAAGCA,0,4370685
yadL_yadM_yadC_yadK_predicted,0.0625,15,15,CCCCCGAGCAGCTTATTTCA,0,4374181
yadL_yadM_yadC_yadK_predicted,0.0625,15,15,CCCAGGACTTCGGGGATATC,0,4401910
yadL_yadM_yadC_yadK_predicted,0.0625,15,15,CCATCGTAGTGGTGTGACTA,0,4391813
yadL_yadM_yadC_yadK_predicted,0.0625,15,15,CATGCGTTACCAAGCACTCC,0,4376824
yadL_yadM_yadC_yadK_predicted,0.0625,15,15,CATAAGGCACTCGGTGGGAC,0,4401726
yadL_yadM_yadC_yadK_predicted,0.0625,15,15,CAGATGCCAGTGTCATATTT,0,4392249
yadL_yadM_yadC_yadK_predicted,0.0625,15,15,CACTTTCGAATCGGCCAGGA,0,4384379
yadL_yadM_yadC_yadK_predicted,0.0625,15,15,CACGGGCTTGGTTTAGCCAT,0,4391604
yadL_yadM_yadC_yadK_predicted,0.0625,15,15,CACCCGTCACGCCAGGCAGC,0,4399744
yadL_yadM_yadC_yadK_predicted,0.0625,15,15,CACCAGCCACAAAGGTCCTC,0,4398578
yadL_yadM_yadC_yadK_predicted,0.0625,15,15,CAAGCGCCTGTCCAGCCATT,0,4390120
yadL_yadM_yadC_yadK_predicted,0.0625,15,15,ATGTTGCAGGAAGTATCATT,0,4396240
yadL_yadM_yadC_yadK_predicted,0.0625,15,15,ATGTCACGCTGAATTGATAA,0,4381456
yadL_yadM_yadC_yadK_predicted,0.0625,15,15,ATCTTGAATACGCTGATAGA,0,4387572
yadL_yadM_yadC_yadK_predicted,0.0625,15,15,ATCTGCTCGTTGCACAACAA,0,4381510
yadL_yadM_yadC_yadK_predicted,0.0625,15,15,ATCGATTCCCTATTAGAGGC,0,4373486
yadL_yadM_yadC_yadK_predicted,0.0625,15,15,ATCACCGTAGTACTGGTCGG,0,4378454
yadL_yadM_yadC_yadK_predicted,0.0625,15,15,ATATGTGCAATCGAATTTAC,0,4385600
yadL_yadM_yadC_yadK_predicted,0.0625,15,15,ATATGGGCATGAACTATCGG,0,4379099
yadL_yadM_yadC_yadK_predicted,0.0625,15,15,ATAAAAAGTGCGAGAAGGGG,0,4396782
yadL_yadM_yadC_yadK_predicted,0.0625,15,15,AGTGAAGCTAGACATATACG,0,4401144
yadL_yadM_yadC_yadK_predicted,0.0625,15,15,AGTCGCGCCTTGCTTTCGCA,0,4392983
yadL_yadM_yadC_yadK_predicted,0.0625,15,15,AGGCAGAGGTCCGGCGGTAA,0,4377829
yadL_yadM_yadC_yadK_predicted,0.0625,15,15,AGGATGGGTCCTGTGCCTTT,0,4372589
yadL_yadM_yadC_yadK_predicted,0.0625,15,15,AGGAATGGAGATATTTTTGA,0,4386891
yadL_yadM_yadC_yadK_predicted,0.0625,15,15,AGCGTTCAGCAGTGTTCCGG,0,4372875
yadL_yadM_yadC_yadK_predicted,0.0625,15,15,AGCGGTGGGTTGTTGTCGTT,0,4400144
yadL_yadM_yadC_yadK_predicted,0.0625,15,15,AGATTCTCGAATCGTTCCGA,0,4371149
yadL_yadM_yadC_yadK_predicted,0.0625,15,15,ACTGCGCGGCTTTCCTGTCA,0,4381949
yadL_yadM_yadC_yadK_predicted,0.0625,15,15,ACTCGCACCGGCGCTCATAG,0,4379900
yadL_yadM_yadC_yadK_predicted,0.0625,15,15,ACGTATGTTGGTGACAACCC,0,4380803
yadL_yadM_yadC_yadK_predicted,0.0625,15,15,ACGGTTCTGGGTTGCAAGAA,0,4385940
yadL_yadM_yadC_yadK_predicted,0.0625,15,15,ACGGATCCTAACACTCAGAT,0,4370115
yadL_yadM_yadC_yadK_predicted,0.0625,15,15,ACGCTTCTTTACAAACTGTG,0,4374335
yadL_yadM_yadC_yadK_predicted,0.0625,15,15,ACAAAGTGGCCTACAATGCA,0,4384794
yadL_yadM_yadC_yadK_predicted,0.0625,15,15,AATTGGGTTTTGTAAACAAA,0,4389265
yadL_yadM_yadC_yadK_predicted,0.0625,15,15,AATTCCGATCACTATCCGGC,0,4371891
yadL_yadM_yadC_yadK_predicted,0.0625,15,15,AATGAACCGTGTAAATACGT,0,4401434
yadL_yadM_yadC_yadK_predicted,0.0625,15,15,AAGGAGCCGCACACGGGACT,0,4376350
yadL_yadM_yadC_yadK_predicted,0.0625,15,15,AAGATATAGTTGCCCCGTTG,0,4378845
yadL_yadM_yadC_yadK_predicted,0.0625,15,15,AACGAGAGACTAGATATGTA,0,4374809
yadL_yadM_yadC_yadK_predicted,0.06666666666666667,14,14,TTTGGTTAATACGCGCGTAG,0,4379236
yadL_yadM_yadC_yadK_predicted,0.06666666666666667,14,14,TTGTTTGCTTAAACGATGAC,0,4401266
yadL_yadM_yadC_yadK_predicted,0.06666666666666667,14,14,TTGGTTGCGATTGGATCCGT,0,4400761
yadL_yadM_yadC_yadK_predicted,0.06666666666666667,14,14,TTGGCAGCGAACTTTTCGCA,0,4378174
yadL_yadM_yadC_yadK_predicted,0.06666666666666667,14,14,TTGCGTTCCCCCGGGTAGTG,0,4379391
yadL_yadM_yadC_yadK_predicted,0.06666666666666667,14,14,TTGCATGGGTTCAGACGCAG,0,4371846
yadL_yadM_yadC_yadK_predicted,0.06666666666666667,14,14,TTGAGATCTTTGTTATGGCT,0,4397132
yadL_yadM_yadC_yadK_predicted,0.06666666666666667,14,14,TTCTGTTAACTGGAATAGTT,0,4399949
yadL_yadM_yadC_yadK_predicted,0.06666666666666667,14,14,TTCTGGCCGAACGTGCAAGA,0,4377270
yadL_yadM_yadC_yadK_predicted,0.06666666666666667,14,14,TTCACGGTCGGGTATGGTGC,0,4392895
yadL_yadM_yadC_yadK_predicted,0.06666666666666667,14,14,TTACCGAGGGATTGGCCGCT,0,4394884
yadL_yadM_yadC_yadK_predicted,0.06666666666666667,14,14,TTAATCTAGTTTATCACGTT,0,4385546
yadL_yadM_yadC_yadK_predicted,0.06666666666666667,14,14,TTAAGAGTTGAAGGGCTCTA,0,4390978
yadL_yadM_yadC_yadK_predicted,0.06666666666666667,14,14,TGTTCGGCACTCCCGGTTCC,0,4383993
yadL_yadM_yadC_yadK_predicted,0.06666666666666667,14,14,TGTACCCTTCACGGCGCGAG,0,4391749
yadL_yadM_yadC_yadK_predicted,0.06666666666666667,14,14,TGGCGAAGGGGCCATGGCAT,0,4383971
yadL_yadM_yadC_yadK_predicted,0.06666666666666667,14,14,TGACTGCATTTGTTACCATC,0,4391273
yadL_yadM_yadC_yadK_predicted,0.06666666666666667,14,14,TCTGGGTGGGCCGAAGGGCT,0,4387358
yadL_yadM_yadC_yadK_predicted,0.06666666666666667,14,14,TCGGCGTAAGGCCAAACTGT,0,4388562
yadL_yadM_yadC_yadK_predicted,0.06666666666666667,14,14,TCGATGCGAAAGCCGCACAA,0,4384163
yadL_yadM_yadC_yadK_predicted,0.06666666666666667,14,14,TCAGGGATTTCTTGCCGGGA,0,4391641
yadL_yadM_yadC_yadK_predicted,0.06666666666666667,14,14,TCACACGTGCAAGTGTTTTA,0,4395539
yadL_yadM_yadC_yadK_predicted,0.06666666666666667,14,14,TATTGAGAGGGTCTGTATGT,0,4390758
yadL_yadM_yadC_yadK_predicted,0.06666666666666667,14,14,TAGCGACGGGTGAGCATCCT,0,4393312
yadL_yadM_yadC_yadK_predicted,0.06666666666666667,14,14,TACCGAAGGTAGAATCGGAG,0,4370207
yadL_yadM_yadC_yadK_predicted,0.06666666666666667,14,14,TAATCTTACTAGGTGGTTAA,0,4391881
yadL_yadM_yadC_yadK_predicted,0.06666666666666667,14,14,TAATCGGTACAAAGTCAGTG,0,4370895
yadL_yadM_yadC_yadK_predicted,0.06666666666666667,14,14,TAAGAAGGTATGGGGAAAGT,0,4400711
yadL_yadM_yadC_yadK_predicted,0.06666666666666667,14,14,TAACCTCCTAAGGGCATGGG,0,4393233
yadL_yadM_yadC_yadK_predicted,0.06666666666666667,14,14,TAACCAATATCGTTAAACAC,0,4398584
yadL_yadM_yadC_yadK_predicted,0.06666666666666667,14,14,GTGTTATCATGGCATTATGC,0,4374140
yadL_yadM_yadC_yadK_predicted,0.06666666666666667,14,14,GTCTGGGCCACAATGGCAGA,0,4393954
yadL_yadM_yadC_yadK_predicted,0.06666666666666667,14,14,GTCGCAAGGCCCCTTACGTC,0,4386703
yadL_yadM_yadC_yadK_predicted,0.06666666666666667,14,14,GTACATGTAGCGTTCTAGGT,0,4392305
yadL_yadM_yadC_yadK_predicted,0.06666666666666667,14,14,GGTACAAAGTCTCGCTCCAA,0,4384720
yadL_yadM_yadC_yadK_predicted,0.06666666666666667,14,14,GGGTATTGTATCGGGGGTCA,0,4389284
yadL_yadM_yadC_yadK_predicted,0.06666666666666667,14,14,GGGCCTTTCACAATTCCTTA,0,4389963
yadL_yadM_yadC_yadK_predicted,0.06666666666666667,14,14,GGGATTGAGCACTGGTCCCA,0,4377731
yadL_yadM_yadC_yadK_predicted,0.06666666666666667,14,14,GGCGGAGTTAGTTTCATAGC,0,4375292
yadL_yadM_yadC_yadK_predicted,0.06666666666666667,14,14,GGCGCAGTCACGAACTGTGA,0,4393572
yadL_yadM_yadC_yadK_predicted,0.06666666666666667,14,14,GGAGTCTTTACATAATTGTT,0,4398750
yadL_yadM_yadC_yadK_predicted,0.06666666666666667,14,14,GCTGGCAGGGCCGTTCGAGA,0,4378857
yadL_yadM_yadC_yadK_predicted,0.06666666666666667,14,14,GCTAGCCTGGACCGGCGCTA,0,4386135
yadL_yadM_yadC_yadK_predicted,0.06666666666666667,14,14,GCGCTCGCCTAGGAGCTGAT,0,4370294
yadL_yadM_yadC_yadK_predicted,0.06666666666666667,14,14,GCAGACAGCCAGCTGTCATC,0,4370893
yadL_yadM_yadC_yadK_predicted,0.06666666666666667,14,14,GATTTCCCCAGATCGCGGTA,0,4395110
yadL_yadM_yadC_yadK_predicted,0.06666666666666667,14,14,GATTGTATCTGAAGTTTTAA,0,4394032
yadL_yadM_yadC_yadK_predicted,0.06666666666666667,14,14,GAGGGCCGGTAGTCGTGTGA,0,4393843
yadL_yadM_yadC_yadK_predicted,0.06666666666666667,14,14,GAGCGAGCAGTCAAAAAAAC,0,4385174
yadL_yadM_yadC_yadK_predicted,0.06666666666666667,14,14,GACTGACCATGGTCCTGCAG,0,4386904
yadL_yadM_yadC_yadK_predicted,0.06666666666666667,14,14,GACCGGACCATGCCGTCGAA,0,4391401
yadL_yadM_yadC_yadK_predicted,0.06666666666666667,14,14,GACCCCTGCAACTACCCATA,0,4375752
yadL_yadM_yadC_yadK_predicted,0.06666666666666667,14,14,GAAGATCCTTTAATTTAAAT,0,4373787
yadL_yadM_yadC_yadK_predicted,0.06666666666666667,14,14,CTCAGCCCAAGCTCCGGGTC,0,4397962
yadL_yadM_yadC_yadK_predicted,0.06666666666666667,14,14,CTCACGATTCAGCTTGTGAT,0,4373847
yadL_yadM_yadC_yadK_predicted,0.06666666666666667,14,14,CTCAAGAAGCGCAATAATGT,0,4372387
yadL_yadM_yadC_yadK_predicted,0.06666666666666667,14,14,CTATCCTCGACACGCTCTAG,0,4376176
yadL_yadM_yadC_yadK_predicted,0.06666666666666667,14,14,CGTGTAGCCTGTTTGGCCAC,0,4386673
yadL_yadM_yadC_yadK_predicted,0.06666666666666667,14,14,CGTAGCCAGCGGTCCCAAGC,0,4371650
yadL_yadM_yadC_yadK_predicted,0.06666666666666667,14,14,CGGGTACAAATAACTTAGTA,0,4386364
yadL_yadM_yadC_yadK_predicted,0.06666666666666667,14,14,CGGCCTGCAATGGACGGACA,0,4373959
yadL_yadM_yadC_yadK_predicted,0.06666666666666667,14,14,CGCGTTTACGTAACAATTGT,0,4372435
yadL_yadM_yadC_yadK_predicted,0.06666666666666667,14,14,CGCCGAGGAGTATGTGGAGC,0,4386455
yadL_yadM_yadC_yadK_predicted,0.06666666666666667,14,14,CGATGAGCATGACGAGACAG,0,4376041
yadL_yadM_yadC_yadK_predicted,0.06666666666666667,14,14,CGAACCGTGTAACCAACCTT,0,4394850
yadL_yadM_yadC_yadK_predicted,0.06666666666666667,14,14,CCTCGTCATCTTTTCAACAG,0,4397200
yadL_yadM_yadC_yadK_predicted,0.06666666666666667,14,14,CCTACGAGGGCACTCTAGAC,0,4378982
yadL_yadM_yadC_yadK_predicted,0.06666666666666667,14,14,CCGGTCTTTCGGCCCTTGTC,0,4370960
yadL_yadM_yadC_yadK_predicted,0.06666666666666667,14,14,CCGGCATTTTCCGGCACTAT,0,4373553
yadL_yadM_yadC_yadK_predicted,0.06666666666666667,14,14,CCGCCAGGCCTCCTTCGGGT,0,4380113
yadL_yadM_yadC_yadK_predicted,0.06666666666666667,14,14,CCCGCTCTTCGGGTCCGCTA,0,4377909
yadL_yadM_yadC_yadK_predicted,0.06666666666666667,14,14,CCATCTTGCACACTTTATAA,0,4370539
yadL_yadM_yadC_yadK_predicted,0.06666666666666667,14,14,CCACCCCGACCCAATCAAGA,0,4376924
yadL_yadM_yadC_yadK_predicted,0.06666666666666667,14,14,CATCGTGATAGTGTCTAATA,0,4373062
yadL_yadM_yadC_yadK_predicted,0.06666666666666667,14,14,CAGCTTTAAGATTAGCTCAT,0,4391525
yadL_yadM_yadC_yadK_predicted,0.06666666666666667,14,14,CAGCTAGAAATTTAAAAATT,0,4387660
yadL_yadM_yadC_yadK_predicted,0.06666666666666667,14,14,CACACACTGGTTGGTCGAGG,0,4373966
yadL_yadM_yadC_yadK_predicted,0.06666666666666667,14,14,CAACGTAAGCGTTGCGAGGT,0,4390274
yadL_yadM_yadC_yadK_predicted,0.06666666666666667,14,14,ATTTACAGTTTAAGGAACTA,0,4388470
yadL_yadM_yadC_yadK_predicted,0.06666666666666667,14,14,AGTCTACTTCACCATCATGT,0,4381934
yadL_yadM_yadC_yadK_predicted,0.06666666666666667,14,14,AGTAAGAGAATACAGCAGGT,0,4401464
yadL_yadM_yadC_yadK_predicted,0.06666666666666667,14,14,AGGCACAGATGTTCCACCGT,0,4373183
yadL_yadM_yadC_yadK_predicted,0.06666666666666667,14,14,AGGACCCGGAATCGCTACAG,0,4385703
yadL_yadM_yadC_yadK_predicted,0.06666666666666667,14,14,AGGAATCGTCTACGAGTCAG,0,4394649
yadL_yadM_yadC_yadK_predicted,0.06666666666666667,14,14,AGCTGATTACTAACTCCGTT,0,4396920
yadL_yadM_yadC_yadK_predicted,0.06666666666666667,14,14,AGCGTGGCTCAGAGGTCGGT,0,4378775
yadL_yadM_yadC_yadK_predicted,0.06666666666666667,14,14,AGCGCTGTGGCGCGGTTCGT,0,4374422
yadL_yadM_yadC_yadK_predicted,0.06666666666666667,14,14,AGCGCAATAGTTTCCCGGCA,0,4394583
yadL_yadM_yadC_yadK_predicted,0.06666666666666667,14,14,AGCATTAACATGATTATAAG,0,4384313
yadL_yadM_yadC_yadK_predicted,0.06666666666666667,14,14,AGAAAACTTATCTAATCCAC,0,4399727
yadL_yadM_yadC_yadK_predicted,0.06666666666666667,14,14,ACTGTTGAGTGCCAAAAGTA,0,4380350
yadL_yadM_yadC_yadK_predicted,0.06666666666666667,14,14,ACTCTACATGTCCGCCAGTG,0,4394947
yadL_yadM_yadC_yadK_predicted,0.06666666666666667,14,14,ACTACTTACTGTGTTACTCT,0,4399970
yadL_yadM_yadC_yadK_predicted,0.06666666666666667,14,14,ACGTTAAAGTTTGTGACGGC,0,4378429
yadL_yadM_yadC_yadK_predicted,0.06666666666666667,14,14,ACGTATGCTCACGACTATCT,0,4398180
yadL_yadM_yadC_yadK_predicted,0.06666666666666667,14,14,ACGGTCAGTGTATGTAGTCT,0,4388544
yadL_yadM_yadC_yadK_predicted,0.06666666666666667,14,14,ACGCTTGGCCGGGGTAACCA,0,4389650
yadL_yadM_yadC_yadK_predicted,0.06666666666666667,14,14,ACGACGCATAGTTGTTGATC,0,4390979
yadL_yadM_yadC_yadK_predicted,0.06666666666666667,14,14,ACCAATGTACGGCGGCAGGT,0,4380448
yadL_yadM_yadC_yadK_predicted,0.06666666666666667,14,14,ACACAGGTCCTGGGCAATTG,0,4391077
yadL_yadM_yadC_yadK_predicted,0.06666666666666667,14,14,AAGTTTGGGGACCTATCATG,0,4390711
yadL_yadM_yadC_yadK_predicted,0.06666666666666667,14,14,AAGTATGGATATAAAATCTG,0,4396762
yadL_yadM_yadC_yadK_predicted,0.06666666666666667,14,14,AAGGATAGTATTTTTAGCAT,0,4399967
yadL_yadM_yadC_yadK_predicted,0.06666666666666667,14,14,AAGGACAGTCAGGTCAAAAT,0,4389269
yadL_yadM_yadC_yadK_predicted,0.06666666666666667,14,14,AAGCGATCTATCAAGAGCTG,0,4371927
yadL_yadM_yadC_yadK_predicted,0.06666666666666667,14,14,AAGCATACTACACAGATGTG,0,4400488
yadL_yadM_yadC_yadK_predicted,0.06666666666666667,14,14,AACGTCCCGTGTGGGGGATT,0,4397107
yadL_yadM_yadC_yadK_predicted,0.06666666666666667,14,14,AAAGTGAGAGTTAAGTTCAC,0,4398314
yadL_yadM_yadC_yadK_predicted,0.07142857142857142,13,13,TTTGACGCAGACAACTGCTA,0,4398871
yadL_yadM_yadC_yadK_predicted,0.07142857142857142,13,13,TTTACCTCAGGCCGGTCGGA,0,4378031
yadL_yadM_yadC_yadK_predicted,0.07142857142857142,13,13,TTTACATTCTGATCTGCGGT,0,4377456
yadL_yadM_yadC_yadK_predicted,0.07142857142857142,13,13,TTGGGTGGAGCAACAAAATA,0,4380700
yadL_yadM_yadC_yadK_predicted,0.07142857142857142,13,13,TTGCCGCGTTCGTGGGGACA,0,4370120
yadL_yadM_yadC_yadK_predicted,0.07142857142857142,13,13,TTGATTATCGGGGCGCATGT,0,4377207
yadL_yadM_yadC_yadK_predicted,0.07142857142857142,13,13,TTGACCTAATGCACAACAAA,0,4379581
yadL_yadM_yadC_yadK_predicted,0.07142857142857142,13,13,TTCGATGGTCATAAGTTCAG,0,4393494
yadL_yadM_yadC_yadK_predicted,0.07142857142857142,13,13,TTCCAAAGAGATACCCGATA,0,4374307
yadL_yadM_yadC_yadK_predicted,0.07142857142857142,13,13,TTCAGTGACGGCGAGTAAGC,0,4377917
yadL_yadM_yadC_yadK_predicted,0.07142857142857142,13,13,TTCAGTGACAACGGTTGTGG,0,4394413
yadL_yadM_yadC_yadK_predicted,0.07142857142857142,13,13,TTATAGCATGCGTGGAAAAC,0,4397289
yadL_yadM_yadC_yadK_predicted,0.07142857142857142,13,13,TGTCGTCGATGGCCCGACAG,0,4370361
yadL_yadM_yadC_yadK_predicted,0.07142857142857142,13,13,TGGGATCAGCTCGTGGGCCT,0,4384019
yadL_yadM_yadC_yadK_predicted,0.07142857142857142,13,13,TGGCGGGTTCTGGACCCGGC,0,4389300
yadL_yadM_yadC_yadK_predicted,0.07142857142857142,13,13,TGCCGGGGCTTTAGGGTAAC,0,4401995
yadL_yadM_yadC_yadK_predicted,0.07142857142857142,13,13,TGCAATGCAAAGAGCGGATT,0,4391913
yadL_yadM_yadC_yadK_predicted,0.07142857142857142,13,13,TGCAACAACTGTTTTTATAA,0,4375001
yadL_yadM_yadC_yadK_predicted,0.07142857142857142,13,13,TGAGCCTCTATTCCCATCTA,0,4396916
yadL_yadM_yadC_yadK_predicted,0.07142857142857142,13,13,TCTCTCAAACTACAGGTATT,0,4378651
yadL_yadM_yadC_yadK_predicted,0.07142857142857142,13,13,TCTCAAGGATGAGTGGCGGC,0,4390839
yadL_yadM_yadC_yadK_predicted,0.07142857142857142,13,13,TCTAATCTGTCGCAAACTAA,0,4372747
yadL_yadM_yadC_yadK_predicted,0.07142857142857142,13,13,TCGGTAGTTTTCGACTTCTG,0,4373871
yadL_yadM_yadC_yadK_predicted,0.07142857142857142,13,13,TCGGACTGGATGGTATCTTT,0,4372412
yadL_yadM_yadC_yadK_predicted,0.07142857142857142,13,13,TCGCCTGGGTTGGGGTTGTT,0,4372695
yadL_yadM_yadC_yadK_predicted,0.07142857142857142,13,13,TCAGTGATGAACGGGCCAGC,0,4385554
yadL_yadM_yadC_yadK_predicted,0.07142857142857142,13,13,TATGCCACCACCGGATTAGA,0,4389385
yadL_yadM_yadC_yadK_predicted,0.07142857142857142,13,13,TAGGTGCTACGCTAGTGCTA,0,4379246
yadL_yadM_yadC_yadK_predicted,0.07142857142857142,13,13,TAGGTCTGACTGTTTTCTGT,0,4387926
yadL_yadM_yadC_yadK_predicted,0.07142857142857142,13,13,TAGCGTAATGAACCAGACTG,0,4375274
yadL_yadM_yadC_yadK_predicted,0.07142857142857142,13,13,TAGAAACGTCGCTATCAACT,0,4393009
yadL_yadM_yadC_yadK_predicted,0.07142857142857142,13,13,TACGGTGTGCAGGCAAATGC,0,4402333
yadL_yadM_yadC_yadK_predicted,0.07142857142857142,13,13,TACGGCTCCATGGAATATCA,0,4388737
yadL_yadM_yadC_yadK_predicted,0.07142857142857142,13,13,GTTTCTGAGGCGGCCCGGCG,0,4390417
yadL_yadM_yadC_yadK_predicted,0.07142857142857142,13,13,GTGTTCGAATGTATCCGCTC,0,4375659
yadL_yadM_yadC_yadK_predicted,0.07142857142857142,13,13,GTGTTCACGGTATCTGCTTG,0,4386517
yadL_yadM_yadC_yadK_predicted,0.07142857142857142,13,13,GTGCTAGCGATGTGTCATCG,0,4373094
yadL_yadM_yadC_yadK_predicted,0.07142857142857142,13,13,GTATGTGATGTCGCCCATCA,0,4375880
yadL_yadM_yadC_yadK_predicted,0.07142857142857142,13,13,GTATACGCGGGCCGTGGTAC,0,4398996
yadL_yadM_yadC_yadK_predicted,0.07142857142857142,13,13,GGTTTAGGTAGCCCTTGGGC,0,4384774
yadL_yadM_yadC_yadK_predicted,0.07142857142857142,13,13,GGTGTGCTCCCTCACGTATG,0,4388437
yadL_yadM_yadC_yadK_predicted,0.07142857142857142,13,13,GGTAACTAGGTCCGCGTACA,0,4397833
yadL_yadM_yadC_yadK_predicted,0.07142857142857142,13,13,GGGGTCTGGAACTGTCTCAT,0,4395061
yadL_yadM_yadC_yadK_predicted,0.07142857142857142,13,13,GGGGGAACTATGCACGAGGG,0,4384690
yadL_yadM_yadC_yadK_predicted,0.07142857142857142,13,13,GGGAAACATCTACCGCATAA,0,4374720
yadL_yadM_yadC_yadK_predicted,0.07142857142857142,13,13,GGCTTGGGGTTTCGTTCACG,0,4370965
yadL_yadM_yadC_yadK_predicted,0.07142857142857142,13,13,GGCCTCCATGGTACCAGCAT,0,4376876
yadL_yadM_yadC_yadK_predicted,0.07142857142857142,13,13,GGCCGACTATTGCAGGGAGA,0,4386668
yadL_yadM_yadC_yadK_predicted,0.07142857142857142,13,13,GGCATGGATCTCTCAGCTAA,0,4384475
yadL_yadM_yadC_yadK_predicted,0.07142857142857142,13,13,GGCAGCTAGGCCGGCTTCCA,0,4385614
yadL_yadM_yadC_yadK_predicted,0.07142857142857142,13,13,GGCAGAATCGGGTAGGTTGA,0,4374046
yadL_yadM_yadC_yadK_predicted,0.07142857142857142,13,13,GGATACTATGAGTGTATCGT,0,4395890
yadL_yadM_yadC_yadK_predicted,0.07142857142857142,13,13,GGAGTTACTGATCTGGGCCA,0,4371871
yadL_yadM_yadC_yadK_predicted,0.07142857142857142,13,13,GCTGGCCACGCGTTATCTCT,0,4389939
yadL_yadM_yadC_yadK_predicted,0.07142857142857142,13,13,GCGTGCGCAATAGTCGGAAC,0,4373279
yadL_yadM_yadC_yadK_predicted,0.07142857142857142,13,13,GCGCTAAAGAGTGCAAATGA,0,4382156
yadL_yadM_yadC_yadK_predicted,0.07142857142857142,13,13,GCGAGTACACACCGCAACCA,0,4386272
yadL_yadM_yadC_yadK_predicted,0.07142857142857142,13,13,GCGAAGCCAATCGGCGGGTG,0,4395714
yadL_yadM_yadC_yadK_predicted,0.07142857142857142,13,13,GCCCCTCGTCGGGGTCCCGT,0,4382292
yadL_yadM_yadC_yadK_predicted,0.07142857142857142,13,13,GCCAATTTTGCAGCAGTTCA,0,4382138
yadL_yadM_yadC_yadK_predicted,0.07142857142857142,13,13,GCACTTGGGAGGTGTCAGAC,0,4382780
yadL_yadM_yadC_yadK_predicted,0.07142857142857142,13,13,GCAACAGACGTGCGGGAGTG,0,4371047
yadL_yadM_yadC_yadK_predicted,0.07142857142857142,13,13,GATTAAGTGACTATACAAAA,0,4381411
yadL_yadM_yadC_yadK_predicted,0.07142857142857142,13,13,GATGGTTGTTCCAAGATCGA,0,4391997
yadL_yadM_yadC_yadK_predicted,0.07142857142857142,13,13,GAGTATCAGAGGACAAGCTC,0,4399583
yadL_yadM_yadC_yadK_predicted,0.07142857142857142,13,13,GAGTAAGAGCATTTTAGCGC,0,4371984
yadL_yadM_yadC_yadK_predicted,0.07142857142857142,13,13,GACTGATCGGTGTAGCTAAC,0,4388442
yadL_yadM_yadC_yadK_predicted,0.07142857142857142,13,13,GACTGACAGCGGCCCGGCCG,0,4375927
yadL_yadM_yadC_yadK_predicted,0.07142857142857142,13,13,GAAATGTCATTTGGTTACCA,0,4372032
yadL_yadM_yadC_yadK_predicted,0.07142857142857142,13,13,CTTTGCGAACTTTGGCCAAT,0,4390408
yadL_yadM_yadC_yadK_predicted,0.07142857142857142,13,13,CTTTCAATGTGTGTCTTTGT,0,4374979
yadL_yadM_yadC_yadK_predicted,0.07142857142857142,13,13,CTTGTATCCGCTGTTGCCCG,0,4371599
yadL_yadM_yadC_yadK_predicted,0.07142857142857142,13,13,CTTGACCTTCTGAAAGGGAT,0,4374101
yadL_yadM_yadC_yadK_predicted,0.07142857142857142,13,13,CTGTCTACGGTTCAACAGAG,0,4375601
yadL_yadM_yadC_yadK_predicted,0.07142857142857142,13,13,CTGCTGTCTGTTAAGAGTTA,0,4395871
yadL_yadM_yadC_yadK_predicted,0.07142857142857142,13,13,CTGAGTCCCGCGTCCGCTCT,0,4375741
yadL_yadM_yadC_yadK_predicted,0.07142857142857142,13,13,CTCTTTGCTGTGACGGTGAT,0,4382650
yadL_yadM_yadC_yadK_predicted,0.07142857142857142,13,13,CTCGAAACCCTGTAAACCTA,0,4399948
yadL_yadM_yadC_yadK_predicted,0.07142857142857142,13,13,CTCACAGTTACACTGCCGTA,0,4383494
yadL_yadM_yadC_yadK_predicted,0.07142857142857142,13,13,CTATGAATTAAAAGGCTCAC,0,4395820
yadL_yadM_yadC_yadK_predicted,0.07142857142857142,13,13,CTATCGTTTGTTACCATTCA,0,4392377
yadL_yadM_yadC_yadK_predicted,0.07142857142857142,13,13,CGTTTTTGTCAATCCGATCG,0,4393579
yadL_yadM_yadC_yadK_predicted,0.07142857142857142,13,13,CGTTGTGGACACTGGACCAT,0,4391060
yadL_yadM_yadC_yadK_predicted,0.07142857142857142,13,13,CGTTCTCGGTGGAACGCGCA,0,4384040
yadL_yadM_yadC_yadK_predicted,0.07142857142857142,13,13,CGTGGGTTGCGGGGCACGCC,0,4376549
yadL_yadM_yadC_yadK_predicted,0.07142857142857142,13,13,CGTCAGACATGTATCTCATT,0,4396994
yadL_yadM_yadC_yadK_predicted,0.07142857142857142,13,13,CGTCACAAAGCCGAGGGTCA,0,4395037
yadL_yadM_yadC_yadK_predicted,0.07142857142857142,13,13,CGTACCTGTCATGCGGGTAT,0,4394393
yadL_yadM_yadC_yadK_predicted,0.07142857142857142,13,13,CGGTTAGACTATGTGGCCCA,0,4372194
yadL_yadM_yadC_yadK_predicted,0.07142857142857142,13,13,CGGGCTGGTGAAAAACGATA,0,4384823
yadL_yadM_yadC_yadK_predicted,0.07142857142857142,13,13,CGGGAAGGAGCTCTGGTGGC,0,4380474
yadL_yadM_yadC_yadK_predicted,0.07142857142857142,13,13,CGCTCTGCATGGCTGTCGGT,0,4373360
yadL_yadM_yadC_yadK_predicted,0.07142857142857142,13,13,CGATTCGCAAGGGATGATGT,0,4387329
yadL_yadM_yadC_yadK_predicted,0.07142857142857142,13,13,CGATCCCTGGGAATTATAAA,0,4392819
yadL_yadM_yadC_yadK_predicted,0.07142857142857142,13,13,CGAGTCCGCTGTCAAGTATG,0,4390686
yadL_yadM_yadC_yadK_predicted,0.07142857142857142,13,13,CGACATACGTCTCATATGCA,0,4384492
yadL_yadM_yadC_yadK_predicted,0.07142857142857142,13,13,CCGGAGCTACGTCGGAGTTT,0,4383370
yadL_yadM_yadC_yadK_predicted,0.07142857142857142,13,13,CCGAATCGAATAGCGGTTTA,0,4387477
yadL_yadM_yadC_yadK_predicted,0.07142857142857142,13,13,CCCATTCTCCCAGCCCGCCC,0,4391607
yadL_yadM_yadC_yadK_predicted,0.07142857142857142,13,13,CCCATGTGAAAGGGGACCGA,0,4400586
yadL_yadM_yadC_yadK_predicted,0.07142857142857142,13,13,CCAGTTGTCAATTGTATAGT,0,4397969
yadL_yadM_yadC_yadK_predicted,0.07142857142857142,13,13,CATGTCAACAGATCTAACTG,0,4402181
yadL_yadM_yadC_yadK_predicted,0.07142857142857142,13,13,CATCGGCTCATGTCACGGGT,0,4379542
yadL_yadM_yadC_yadK_predicted,0.07142857142857142,13,13,CATCGAGCCCAGGCCGGAGC,0,4400019
yadL_yadM_yadC_yadK_predicted,0.07142857142857142,13,13,CATACTTTTTTTCGCTATAA,0,4392252
yadL_yadM_yadC_yadK_predicted,0.07142857142857142,13,13,CAGTGGTTTACTGAGCACAT,0,4387081
yadL_yadM_yadC_yadK_predicted,0.07142857142857142,13,13,CAGGTCGAGTTTATCTTAAG,0,4372504
yadL_yadM_yadC_yadK_predicted,0.07142857142857142,13,13,CAGCTTAGTCGAGCTAATTA,0,4378229
yadL_yadM_yadC_yadK_predicted,0.07142857142857142,13,13,CACTGCTGCCTCTTTACGTG,0,4377845
yadL_yadM_yadC_yadK_predicted,0.07142857142857142,13,13,CACAAAAAGAAGGGCATGCA,0,4399097
yadL_yadM_yadC_yadK_predicted,0.07142857142857142,13,13,CAAGTGGTGCCATCAACGAT,0,4402405
yadL_yadM_yadC_yadK_predicted,0.07142857142857142,13,13,CAACTCTTAGGGCTCTGAAA,0,4379496
yadL_yadM_yadC_yadK_predicted,0.07142857142857142,13,13,CAACAGGTAACATCCCGCCT,0,4395892
yadL_yadM_yadC_yadK_predicted,0.07142857142857142,13,13,CAAATCAATAATTGTCGGTC,0,4384758
yadL_yadM_yadC_yadK_predicted,0.07142857142857142,13,13,ATTTCGACATGCCATATCAG,0,4388253
yadL_yadM_yadC_yadK_predicted,0.07142857142857142,13,13,ATTAGGAGGAACATAAGGCT,0,4387490
yadL_yadM_yadC_yadK_predicted,0.07142857142857142,13,13,ATTAGCGAGCGTCTTCCCGC,0,4399457
yadL_yadM_yadC_yadK_predicted,0.07142857142857142,13,13,ATGAGTGGGGACGAGTGGGA,0,4372535
yadL_yadM_yadC_yadK_predicted,0.07142857142857142,13,13,ATGACAAGATTTAACTGAGG,0,4382079
yadL_yadM_yadC_yadK_predicted,0.07142857142857142,13,13,ATGAATTTGAGTGGGTTGTA,0,4396520
yadL_yadM_yadC_yadK_predicted,0.07142857142857142,13,13,AGGTTGACACGCGGACTTTC,0,4375142
yadL_yadM_yadC_yadK_predicted,0.07142857142857142,13,13,AGGGTCGGCAGCGGGGCCAA,0,4383910
yadL_yadM_yadC_yadK_predicted,0.07142857142857142,13,13,AGGGATCCGTAAATACTGAG,0,4381572
yadL_yadM_yadC_yadK_predicted,0.07142857142857142,13,13,AGGGACCTTCATTCTAAGAA,0,4379025
yadL_yadM_yadC_yadK_predicted,0.07142857142857142,13,13,AGCCGGAACAAGCCCTGGGG,0,4392215
yadL_yadM_yadC_yadK_predicted,0.07142857142857142,13,13,AGATGTAGATCAACGGGAGC,0,4396270
yadL_yadM_yadC_yadK_predicted,0.07142857142857142,13,13,AGATGGATCTAATACTAGGC,0,4393809
yadL_yadM_yadC_yadK_predicted,0.07142857142857142,13,13,AGAGCATTCTATTCCCATTC,0,4386064
yadL_yadM_yadC_yadK_predicted,0.07142857142857142,13,13,AGACACCCCATGCAGTGACG,0,4395549
yadL_yadM_yadC_yadK_predicted,0.07142857142857142,13,13,AGAATATCGCCTGGTCGTCA,0,4377871
yadL_yadM_yadC_yadK_predicted,0.07142857142857142,13,13,AGAACGGCTCCGCAATCAGT,0,4392119
yadL_yadM_yadC_yadK_predicted,0.07142857142857142,13,13,ACTTAGGTTCGTTATCATTG,0,4376427
yadL_yadM_yadC_yadK_predicted,0.07142857142857142,13,13,ACTCTTATGGTCTTTATCTA,0,4379243
yadL_yadM_yadC_yadK_predicted,0.07142857142857142,13,13,ACTCGGGCTCAAGCCAACGT,0,4385227
yadL_yadM_yadC_yadK_predicted,0.07142857142857142,13,13,ACGTACCCATGGAAAAAAGG,0,4380703
yadL_yadM_yadC_yadK_predicted,0.07142857142857142,13,13,ACGCGGGAGACCGGCCGGAA,0,4392926
yadL_yadM_yadC_yadK_predicted,0.07142857142857142,13,13,ACGCCACAGAGAATCACAAC,0,4393112
yadL_yadM_yadC_yadK_predicted,0.07142857142857142,13,13,ACGATGAGTGGTATCCCGCA,0,4371620
yadL_yadM_yadC_yadK_predicted,0.07142857142857142,13,13,ACGAAGTATGCAGGCTACAT,0,4377078
yadL_yadM_yadC_yadK_predicted,0.07142857142857142,13,13,ACCTTAGGATCCTGGTACGC,0,4384812
yadL_yadM_yadC_yadK_predicted,0.07142857142857142,13,13,ACCCTACAACTAGCGGACCT,0,4392373
yadL_yadM_yadC_yadK_predicted,0.07142857142857142,13,13,AATTGCTGAAGGGCTCCCCG,0,4382121
yadL_yadM_yadC_yadK_predicted,0.07142857142857142,13,13,AATCCCCGAGAAGGAAACTA,0,4396215
yadL_yadM_yadC_yadK_predicted,0.07142857142857142,13,13,AATATTTTCGTCTTTGTTCT,0,4373646
yadL_yadM_yadC_yadK_predicted,0.07142857142857142,13,13,AAGCGCTTTCAAGGGGAGTC,0,4379853
yadL_yadM_yadC_yadK_predicted,0.07142857142857142,13,13,AACCACAGGATCGGGTGTCC,0,4396375
yadL_yadM_yadC_yadK_predicted,0.07142857142857142,13,13,AACATCCGACCGGTTATAGT,0,4397530
yadL_yadM_yadC_yadK_predicted,0.07142857142857142,13,13,AAATAACAGTCACCTTATGA,0,4386361
yadL_yadM_yadC_yadK_predicted,0.07142857142857142,13,13,AAACCGCACTACGAACTCCA,0,4371117
yadL_yadM_yadC_yadK_predicted,0.07142857142857142,13,13,AAAATCGAGGACTTCCATTA,0,4397334
yadL_yadM_yadC_yadK_predicted,0.07692307692307693,12,12,TTTTTTGGCTTTTCTGATCA,0,4398027
yadL_yadM_yadC_yadK_predicted,0.07692307692307693,12,12,TTTCGTCAGTACTCTGAGAC,0,4380381
yadL_yadM_yadC_yadK_predicted,0.07692307692307693,12,12,TTTACATAGTTTTGAGCAAG,0,4398148
yadL_yadM_yadC_yadK_predicted,0.07692307692307693,12,12,TTGGCCCTAATTCGGATCCA,0,4398496
yadL_yadM_yadC_yadK_predicted,0.07692307692307693,12,12,TTGACAACATGGTATAGTCC,0,4381782
yadL_yadM_yadC_yadK_predicted,0.07692307692307693,12,12,TTATCACAGGCGGGATACAT,0,4400089
yadL_yadM_yadC_yadK_predicted,0.07692307692307693,12,12,TTACTGTACTGCTTCTTGCT,0,4400345
yadL_yadM_yadC_yadK_predicted,0.07692307692307693,12,12,TGGTAACCTCGCGGAGCTTG,0,4393824
yadL_yadM_yadC_yadK_predicted,0.07692307692307693,12,12,TGGGGGGGTCCTAGAACATG,0,4401656
yadL_yadM_yadC_yadK_predicted,0.07692307692307693,12,12,TGGGAATGATAACTTGGGGT,0,4392694
yadL_yadM_yadC_yadK_predicted,0.07692307692307693,12,12,TGCGTGTTCTGCGGTGAAAG,0,4380837
yadL_yadM_yadC_yadK_predicted,0.07692307692307693,12,12,TGCCAGGGACATGCTCATGA,0,4396353
yadL_yadM_yadC_yadK_predicted,0.07692307692307693,12,12,TGCATACAGATCACCACAAG,0,4401866
yadL_yadM_yadC_yadK_predicted,0.07692307692307693,12,12,TGCAACGCTAATTGGTCTTT,0,4402136
yadL_yadM_yadC_yadK_predicted,0.07692307692307693,12,12,TGATACCGCAGGTATAATCG,0,4380676
yadL_yadM_yadC_yadK_predicted,0.07692307692307693,12,12,TGACGTCGTGCGAATGTGTA,0,4389659
yadL_yadM_yadC_yadK_predicted,0.07692307692307693,12,12,TGACCATTACCGTTACGATT,0,4388875
yadL_yadM_yadC_yadK_predicted,0.07692307692307693,12,12,TGAAATCAACTCATTGACGT,0,4382206
yadL_yadM_yadC_yadK_predicted,0.07692307692307693,12,12,TCCGTGTGTACCCACGACAT,0,4370871
yadL_yadM_yadC_yadK_predicted,0.07692307692307693,12,12,TCCAGAATGTATGTAAAAAT,0,4374285
yadL_yadM_yadC_yadK_predicted,0.07692307692307693,12,12,TCATGTCATTATTGGCAATT,0,4399822
yadL_yadM_yadC_yadK_predicted,0.07692307692307693,12,12,TCATCCGATTTCATAGATTT,0,4395907
yadL_yadM_yadC_yadK_predicted,0.07692307692307693,12,12,TCAGCCCTAGATCAGTTCAC,0,4394776
yadL_yadM_yadC_yadK_predicted,0.07692307692307693,12,12,TCACTATACCGTAGCCGTGT,0,4390436
yadL_yadM_yadC_yadK_predicted,0.07692307692307693,12,12,TATGGTGTCGGAGTTCGATA,0,4375715
yadL_yadM_yadC_yadK_predicted,0.07692307692307693,12,12,TATGAAGGCTCGAGCAATCA,0,4388092
yadL_yadM_yadC_yadK_predicted,0.07692307692307693,12,12,TATACTGGCTTCCGCAGACT,0,4399030
yadL_yadM_yadC_yadK_predicted,0.07692307692307693,12,12,TAGGTAATTACTAGGCAGAT,0,4399578
yadL_yadM_yadC_yadK_predicted,0.07692307692307693,12,12,TAGAACCGCTTACTTGCGCG,0,4388844
yadL_yadM_yadC_yadK_predicted,0.07692307692307693,12,12,TACTTAGCTTTTACCGGCAT,0,4388439
yadL_yadM_yadC_yadK_predicted,0.07692307692307693,12,12,TACGGCAAGACGTCACTTTT,0,4382169
yadL_yadM_yadC_yadK_predicted,0.07692307692307693,12,12,TACGAAGTGGTTCGGGACTT,0,4373537
yadL_yadM_yadC_yadK_predicted,0.07692307692307693,12,12,TACCTAGTTTCGACCTGCGT,0,4374471
yadL_yadM_yadC_yadK_predicted,0.07692307692307693,12,12,TACATTCCTTCCACCTTCGA,0,4385490
yadL_yadM_yadC_yadK_predicted,0.07692307692307693,12,12,TAAGGGTAGCGCTTTCCGCT,0,4386355
yadL_yadM_yadC_yadK_predicted,0.07692307692307693,12,12,TAACGACAATACGCTAGTCA,0,4380058
yadL_yadM_yadC_yadK_predicted,0.07692307692307693,12,12,GTTGGCGGTAAGTTGTTGTA,0,4375265
yadL_yadM_yadC_yadK_predicted,0.07692307692307693,12,12,GTTGAGAATTTGACGACTAT,0,4387282
yadL_yadM_yadC_yadK_predicted,0.07692307692307693,12,12,GTGTGTTTATGCCCGTGAGA,0,4390322
yadL_yadM_yadC_yadK_predicted,0.07692307692307693,12,12,GTGGCGGCCATAGGGAAGGA,0,4387657
yadL_yadM_yadC_yadK_predicted,0.07692307692307693,12,12,GTGAAAGTAAAAGAAGGCCA,0,4385089
yadL_yadM_yadC_yadK_predicted,0.07692307692307693,12,12,GTCGGAACCGGGCACGTCGG,0,4382011
yadL_yadM_yadC_yadK_predicted,0.07692307692307693,12,12,GTCCTCTTCGTAAAGGGCCT,0,4374423
yadL_yadM_yadC_yadK_predicted,0.07692307692307693,12,12,GTATATTGTTGTGTGACTGC,0,4387538
yadL_yadM_yadC_yadK_predicted,0.07692307692307693,12,12,GTAGGTGCCTAGTGTCTAGT,0,4374603
yadL_yadM_yadC_yadK_predicted,0.07692307692307693,12,12,GTAGATCTCTCTTAACTCAG,0,4370250
yadL_yadM_yadC_yadK_predicted,0.07692307692307693,12,12,GGTTCTTTACTGGGTCTTAT,0,4374488
yadL_yadM_yadC_yadK_predicted,0.07692307692307693,12,12,GGGGTAATTTAAATCGTGAC,0,4392534
yadL_yadM_yadC_yadK_predicted,0.07692307692307693,12,12,GGCCACCATGGTCAGAGCCT,0,4395466
yadL_yadM_yadC_yadK_predicted,0.07692307692307693,12,12,GGATTAGAGCCGCACGCGGA,0,4381768
yadL_yadM_yadC_yadK_predicted,0.07692307692307693,12,12,GGAGTATAGCTTGCGTTAGA,0,4387857
yadL_yadM_yadC_yadK_predicted,0.07692307692307693,12,12,GCGTCCCGCGACCGTGTCAC,0,4385747
yadL_yadM_yadC_yadK_predicted,0.07692307692307693,12,12,GCGACTGACTGGATTCGGAG,0,4396559
yadL_yadM_yadC_yadK_predicted,0.07692307692307693,12,12,GCCTTTTTCGGACTTAACGA,0,4393709
yadL_yadM_yadC_yadK_predicted,0.07692307692307693,12,12,GCCCGCAATAGCGCCTTATT,0,4385889
yadL_yadM_yadC_yadK_predicted,0.07692307692307693,12,12,GCATGGAACTGCGAGGGATC,0,4375781
yadL_yadM_yadC_yadK_predicted,0.07692307692307693,12,12,GCATCCAGGCATAATCTGTT,0,4385562
yadL_yadM_yadC_yadK_predicted,0.07692307692307693,12,12,GCAGTGTACGCGCATATAAG,0,4377399
yadL_yadM_yadC_yadK_predicted,0.07692307692307693,12,12,GCACTCTCGCGGCAAGTATT,0,4400644
yadL_yadM_yadC_yadK_predicted,0.07692307692307693,12,12,GATTTGGCCTGATGCACATC,0,4380335
yadL_yadM_yadC_yadK_predicted,0.07692307692307693,12,12,GATGTTACACGCATCGGGCA,0,4396522
yadL_yadM_yadC_yadK_predicted,0.07692307692307693,12,12,GATCGATTGCAAGTTACTCG,0,4381378
yadL_yadM_yadC_yadK_predicted,0.07692307692307693,12,12,GATAAGTTGGGAATAATTTA,0,4376014
yadL_yadM_yadC_yadK_predicted,0.07692307692307693,12,12,GAGACTTCCGTGGACTCCAT,0,4399843
yadL_yadM_yadC_yadK_predicted,0.07692307692307693,12,12,GAGAAATCCCGTTGGACACA,0,4390097
yadL_yadM_yadC_yadK_predicted,0.07692307692307693,12,12,GACCTCGAAATAGCATTACA,0,4374090
yadL_yadM_yadC_yadK_predicted,0.07692307692307693,12,12,GACCCCCACTGTATAAATGT,0,4392870
yadL_yadM_yadC_yadK_predicted,0.07692307692307693,12,12,GAATTTATGAAGCGGAGTGG,0,4370518
yadL_yadM_yadC_yadK_predicted,0.07692307692307693,12,12,GAAGAACCTACCAGGGGCTA,0,4371208
yadL_yadM_yadC_yadK_predicted,0.07692307692307693,12,12,CTTTTAGCTGTTGTAGACGG,0,4380551
yadL_yadM_yadC_yadK_predicted,0.07692307692307693,12,12,CTTTGCGGCGATACCGTAGT,0,4377777
yadL_yadM_yadC_yadK_predicted,0.07692307692307693,12,12,CTTGCATACCGCGGTCATTG,0,4385171
yadL_yadM_yadC_yadK_predicted,0.07692307692307693,12,12,CTTGAAATACCCTGTGCGTA,0,4377482
yadL_yadM_yadC_yadK_predicted,0.07692307692307693,12,12,CTTACTTTATGTTTTAGGAC,0,4390215
yadL_yadM_yadC_yadK_predicted,0.07692307692307693,12,12,CTGGGTTCTAGTCAAATGAT,0,4383657
yadL_yadM_yadC_yadK_predicted,0.07692307692307693,12,12,CTGGGGTGGACTTAGAAGCT,0,4375503
yadL_yadM_yadC_yadK_predicted,0.07692307692307693,12,12,CTGGCCAGTCTTGGCAGGTG,0,4371721
yadL_yadM_yadC_yadK_predicted,0.07692307692307693,12,12,CTGCGAACCAGGACAAGAAA,0,4377563
yadL_yadM_yadC_yadK_predicted,0.07692307692307693,12,12,CTCTGGTTTCATGGTAACCC,0,4390909
yadL_yadM_yadC_yadK_predicted,0.07692307692307693,12,12,CTCTAGGTTTCTATTCGAGG,0,4388540
yadL_yadM_yadC_yadK_predicted,0.07692307692307693,12,12,CTCTAACTTCGATGACTTCA,0,4386356
yadL_yadM_yadC_yadK_predicted,0.07692307692307693,12,12,CTCTAACCCGTTTCTGCTTA,0,4397155
yadL_yadM_yadC_yadK_predicted,0.07692307692307693,12,12,CTCGTGTTCAGAGAACTCCC,0,4382458
yadL_yadM_yadC_yadK_predicted,0.07692307692307693,12,12,CTCGATGTTGGCAGGTGACG,0,4378148
yadL_yadM_yadC_yadK_predicted,0.07692307692307693,12,12,CTATTTTAGAGGTTCGGTAC,0,4379524
yadL_yadM_yadC_yadK_predicted,0.07692307692307693,12,12,CTATATCATAGTTAGTGTTT,0,4388049
yadL_yadM_yadC_yadK_predicted,0.07692307692307693,12,12,CTACCTGTCGGGAGTCAACA,0,4388368
yadL_yadM_yadC_yadK_predicted,0.07692307692307693,12,12,CTACCCTTGGGATTAAGTCA,0,4401350
yadL_yadM_yadC_yadK_predicted,0.07692307692307693,12,12,CGTGTCACGTCGCCGACCGC,0,4380469
yadL_yadM_yadC_yadK_predicted,0.07692307692307693,12,12,CGTGAGGGGATGACCGGTCT,0,4375821
yadL_yadM_yadC_yadK_predicted,0.07692307692307693,12,12,CGTACCCGTTTTCGAGTGCG,0,4379626
yadL_yadM_yadC_yadK_predicted,0.07692307692307693,12,12,CGGCGTATTATGCTGAGCCT,0,4400877
yadL_yadM_yadC_yadK_predicted,0.07692307692307693,12,12,CGGATGAGTCGCGACCACAG,0,4385483
yadL_yadM_yadC_yadK_predicted,0.07692307692307693,12,12,CGGATCCTTGGACAGCGCTA,0,4375344
yadL_yadM_yadC_yadK_predicted,0.07692307692307693,12,12,CGGAGGTCGAGCCAATCGTT,0,4382233
yadL_yadM_yadC_yadK_predicted,0.07692307692307693,12,12,CGCTTCTCGTAGATTCACGA,0,4402417
yadL_yadM_yadC_yadK_predicted,0.07692307692307693,12,12,CGCTTCGAGCTGTTTTGTTT,0,4388667
yadL_yadM_yadC_yadK_predicted,0.07692307692307693,12,12,CGCCTTCTTGCAGCCGGCGG,0,4378150
yadL_yadM_yadC_yadK_predicted,0.07692307692307693,12,12,CGCAATCATAGCACATGAAT,0,4388976
yadL_yadM_yadC_yadK_predicted,0.07692307692307693,12,12,CGATCAATTCTGTCTTAAGA,0,4371718
yadL_yadM_yadC_yadK_predicted,0.07692307692307693,12,12,CGAGTCAGTGACTTTTTCAC,0,4388994
yadL_yadM_yadC_yadK_predicted,0.07692307692307693,12,12,CCTGTATCGCGCGGAGTCAT,0,4385066
yadL_yadM_yadC_yadK_predicted,0.07692307692307693,12,12,CCGCACTGTTGGAGTTGCAT,0,4386334
yadL_yadM_yadC_yadK_predicted,0.07692307692307693,12,12,CCCGGCAGCAGCGCACCGTA,0,4395889
yadL_yadM_yadC_yadK_predicted,0.07692307692307693,12,12,CCATCAACTGAAGTCGATCA,0,4382089
yadL_yadM_yadC_yadK_predicted,0.07692307692307693,12,12,CCATAGTAGCGAAGAGCAGC,0,4381683
yadL_yadM_yadC_yadK_predicted,0.07692307692307693,12,12,CCAACTTTAAACTTGTAATT,0,4376496
yadL_yadM_yadC_yadK_predicted,0.07692307692307693,12,12,CATTCATGAGATCATAACAC,0,4400912
yadL_yadM_yadC_yadK_predicted,0.07692307692307693,12,12,CATCAGATATCAGGAACCGC,0,4402046
yadL_yadM_yadC_yadK_predicted,0.07692307692307693,12,12,CATAGCAGGGTGGAGATGGC,0,4388684
yadL_yadM_yadC_yadK_predicted,0.07692307692307693,12,12,CAGTATGCACTTTTCACCTG,0,4372353
yadL_yadM_yadC_yadK_predicted,0.07692307692307693,12,12,CAGTAAATGTCACTGAAATT,0,4394069
yadL_yadM_yadC_yadK_predicted,0.07692307692307693,12,12,CAGCAAGATTTAGTGAGCTC,0,4382643
yadL_yadM_yadC_yadK_predicted,0.07692307692307693,12,12,CACGCGCGGACCGTGGAGGG,0,4376051
yadL_yadM_yadC_yadK_predicted,0.07692307692307693,12,12,CACGAACCCGGAGTAAAAAC,0,4393098
yadL_yadM_yadC_yadK_predicted,0.07692307692307693,12,12,CACAGGGGTGCCGTGGAAGC,0,4394582
yadL_yadM_yadC_yadK_predicted,0.07692307692307693,12,12,CAATATCAGACGGGGACTAA,0,4393234
yadL_yadM_yadC_yadK_predicted,0.07692307692307693,12,12,CAATAGGCACATTATTCCGA,0,4397715
yadL_yadM_yadC_yadK_predicted,0.07692307692307693,12,12,CAAGAGATCAAAGGGATAGT,0,4388809
yadL_yadM_yadC_yadK_predicted,0.07692307692307693,12,12,CAAACATGAGTGAGAAAGAC,0,4377570
yadL_yadM_yadC_yadK_predicted,0.07692307692307693,12,12,ATTCCCTGGTATTAATCTAT,0,4394669
yadL_yadM_yadC_yadK_predicted,0.07692307692307693,12,12,ATTCATGTCCAAACGTGCCC,0,4393887
yadL_yadM_yadC_yadK_predicted,0.07692307692307693,12,12,ATTCAAGGAATAACTTTATG,0,4371228
yadL_yadM_yadC_yadK_predicted,0.07692307692307693,12,12,ATGCTGACTAGACAAAAATC,0,4379363
yadL_yadM_yadC_yadK_predicted,0.07692307692307693,12,12,ATGCGGCACTCAGGTACACT,0,4373188
yadL_yadM_yadC_yadK_predicted,0.07692307692307693,12,12,ATCGTATGAGCTGGGCACAG,0,4392228
yadL_yadM_yadC_yadK_predicted,0.07692307692307693,12,12,ATCAAGCGAGTAAATGGGGT,0,4381649
yadL_yadM_yadC_yadK_predicted,0.07692307692307693,12,12,ATAGTTGCTTGAGCATCTCT,0,4392758
yadL_yadM_yadC_yadK_predicted,0.07692307692307693,12,12,ATAGGCGAGCTGGTACACGG,0,4386352
yadL_yadM_yadC_yadK_predicted,0.07692307692307693,12,12,ATACTTATCAAAATAGCCTC,0,4395477
yadL_yadM_yadC_yadK_predicted,0.07692307692307693,12,12,ATAACTATGTATTAGGTCAT,0,4391541
yadL_yadM_yadC_yadK_predicted,0.07692307692307693,12,12,AGTTTGAATGGGCTCGGGGG,0,4393602
yadL_yadM_yadC_yadK_predicted,0.07692307692307693,12,12,AGTTTACACTTATAAAGCGT,0,4374751
yadL_yadM_yadC_yadK_predicted,0.07692307692307693,12,12,AGTGAGGTGGAATTTTGGAC,0,4388146
yadL_yadM_yadC_yadK_predicted,0.07692307692307693,12,12,AGGTTTAATCGGAGAAGAGT,0,4387338
yadL_yadM_yadC_yadK_predicted,0.07692307692307693,12,12,AGGTGCTCTGCGAGCTGATG,0,4394597
yadL_yadM_yadC_yadK_predicted,0.07692307692307693,12,12,AGGTAGATTGAAGGAAAAGT,0,4399192
yadL_yadM_yadC_yadK_predicted,0.07692307692307693,12,12,AGGGGCTGGACCGACGGTGT,0,4375253
yadL_yadM_yadC_yadK_predicted,0.07692307692307693,12,12,AGGGAGTCGTCATTCGCTGA,0,4384433
yadL_yadM_yadC_yadK_predicted,0.07692307692307693,12,12,AGACTACGGCATTAAGTCTG,0,4389675
yadL_yadM_yadC_yadK_predicted,0.07692307692307693,12,12,AGACCACTGTCAAGATCGGT,0,4375303
yadL_yadM_yadC_yadK_predicted,0.07692307692307693,12,12,ACTGTCTCCTAAGGCCTCCA,0,4371809
yadL_yadM_yadC_yadK_predicted,0.07692307692307693,12,12,ACTCATTAACGAGTCGTCCA,0,4387584
yadL_yadM_yadC_yadK_predicted,0.07692307692307693,12,12,ACGTTAGTAAGGAGACATAA,0,4376953
yadL_yadM_yadC_yadK_predicted,0.07692307692307693,12,12,ACGTTAACTACCCGGGCACA,0,4387905
yadL_yadM_yadC_yadK_predicted,0.07692307692307693,12,12,ACGGCGAGCGTAAATTCAGT,0,4379813
yadL_yadM_yadC_yadK_predicted,0.07692307692307693,12,12,ACGGATCGCTTTCGTTGAGA,0,4389934
yadL_yadM_yadC_yadK_predicted,0.07692307692307693,12,12,ACGACTGAGACTATTAACAT,0,4388649
yadL_yadM_yadC_yadK_predicted,0.07692307692307693,12,12,ACCTACAGACCAAGGTCAGC,0,4378086
yadL_yadM_yadC_yadK_predicted,0.07692307692307693,12,12,ACAGCCGCTTTTGCAACAGG,0,4385973
yadL_yadM_yadC_yadK_predicted,0.07692307692307693,12,12,ACACGACAATAGTAACGGGT,0,4395011
yadL_yadM_yadC_yadK_predicted,0.07692307692307693,12,12,ACAAGATTCGTTGTCTATTA,0,4386565
yadL_yadM_yadC_yadK_predicted,0.07692307692307693,12,12,AATATGCTTCACGGGTGGCA,0,4373304
yadL_yadM_yadC_yadK_predicted,0.07692307692307693,12,12,AAGGCGATCGGGTGTACTCA,0,4377549
yadL_yadM_yadC_yadK_predicted,0.07692307692307693,12,12,AAGACTCGATTGGCGAACAC,0,4386725
yadL_yadM_yadC_yadK_predicted,0.07692307692307693,12,12,AACTTTTGCCTGATCCATGG,0,4395247
yadL_yadM_yadC_yadK_predicted,0.07692307692307693,12,12,AACGAAAGTGGCGGAACGCA,0,4371211
yadL_yadM_yadC_yadK_predicted,0.07692307692307693,12,12,AACCGACGCGCGAATGCAGA,0,4375958
yadL_yadM_yadC_yadK_predicted,0.07692307692307693,12,12,AAACGTAACAGGTCGCGTGG,0,4387129
yadL_yadM_yadC_yadK_predicted,0.07692307692307693,12,12,AAAAGGTTTCGTTGGGGGAA,0,4374035
yadL_yadM_yadC_yadK_predicted,0.07692307692307693,12,12,AAAAATAGTGACGGTAGCGG,0,4393254
yadL_yadM_yadC_yadK_predicted,0.08333333333333333,11,11,TTTTGTCCCTGAGGAGGCGT,0,4376833
yadL_yadM_yadC_yadK_predicted,0.08333333333333333,11,11,TTTAGAATTACGTGGGATGA,0,4386270
yadL_yadM_yadC_yadK_predicted,0.08333333333333333,11,11,TTGTAATAGGTAAAGATCTA,0,4376322
yadL_yadM_yadC_yadK_predicted,0.08333333333333333,11,11,TTGGGGTTGTAGGCTAATTA,0,4401514
yadL_yadM_yadC_yadK_predicted,0.08333333333333333,11,11,TTGCGAGGACAAGTTGACCA,0,4390423
yadL_yadM_yadC_yadK_predicted,0.08333333333333333,11,11,TTGCCCAGGTCGCCCCATAC,0,4394337
yadL_yadM_yadC_yadK_predicted,0.08333333333333333,11,11,TTGCAGTCATTTTTTCATTC,0,4387157
yadL_yadM_yadC_yadK_predicted,0.08333333333333333,11,11,TTGAGTTTGTACTATATAGG,0,4380090
yadL_yadM_yadC_yadK_predicted,0.08333333333333333,11,11,TTGACTGCCAATGGTCGATC,0,4379995
yadL_yadM_yadC_yadK_predicted,0.08333333333333333,11,11,TTGAATGCTCCGCGAATTAC,0,4391658
yadL_yadM_yadC_yadK_predicted,0.08333333333333333,11,11,TTCTCTTTATATCCTCCGAT,0,4383307
yadL_yadM_yadC_yadK_predicted,0.08333333333333333,11,11,TTCTCATGGAGCTACAGTAC,0,4399118
yadL_yadM_yadC_yadK_predicted,0.08333333333333333,11,11,TTCGGAACGGCTCCGGATAT,0,4381043
yadL_yadM_yadC_yadK_predicted,0.08333333333333333,11,11,TTCGAACATAAGGCGCTCAT,0,4371278
yadL_yadM_yadC_yadK_predicted,0.08333333333333333,11,11,TTCCATAACAGGAACATTCA,0,4401359
yadL_yadM_yadC_yadK_predicted,0.08333333333333333,11,11,TTCAACGTTTGTAAGCGAGG,0,4401898
yadL_yadM_yadC_yadK_predicted,0.08333333333333333,11,11,TTATAAGACTCCGACTTACG,0,4395266
yadL_yadM_yadC_yadK_predicted,0.08333333333333333,11,11,TTAGTAAGTCACATGCGCGG,0,4390485
yadL_yadM_yadC_yadK_predicted,0.08333333333333333,11,11,TTAGCAGTAGCACGTACGGT,0,4370411
yadL_yadM_yadC_yadK_predicted,0.08333333333333333,11,11,TTAGAATTAATACTACACGT,0,4382768
yadL_yadM_yadC_yadK_predicted,0.08333333333333333,11,11,TGTCGGAGGTGGACGCGATC,0,4378618
yadL_yadM_yadC_yadK_predicted,0.08333333333333333,11,11,TGTATTGAGGCAGCATTCAT,0,4376127
yadL_yadM_yadC_yadK_predicted,0.08333333333333333,11,11,TGTACAGTAGCTACCTATGG,0,4375379
yadL_yadM_yadC_yadK_predicted,0.08333333333333333,11,11,TGGTTGTAATTACCAACGGC,0,4378238
yadL_yadM_yadC_yadK_predicted,0.08333333333333333,11,11,TGGTCATTTAAGGAAAATAT,0,4376284
yadL_yadM_yadC_yadK_predicted,0.08333333333333333,11,11,TGGCCACAAACATAATACGC,0,4392376
yadL_yadM_yadC_yadK_predicted,0.08333333333333333,11,11,TGGAGGCTGAGCATCCCTCC,0,4379946
yadL_yadM_yadC_yadK_predicted,0.08333333333333333,11,11,TGCCGTCAGGTCTAGCATTA,0,4380490
yadL_yadM_yadC_yadK_predicted,0.08333333333333333,11,11,TGCCCCCAGCACCCCATATA,0,4393771
yadL_yadM_yadC_yadK_predicted,0.08333333333333333,11,11,TGCAAAAATAGTACACGGGA,0,4391657
yadL_yadM_yadC_yadK_predicted,0.08333333333333333,11,11,TGATGGCTTCATTATACTTA,0,4384257
yadL_yadM_yadC_yadK_predicted,0.08333333333333333,11,11,TGATCTGGTTAAGTAACATG,0,4395511
yadL_yadM_yadC_yadK_predicted,0.08333333333333333,11,11,TGATAGGAAGCTGGCTCTGG,0,4378064
yadL_yadM_yadC_yadK_predicted,0.08333333333333333,11,11,TGAGACCGCTGAGTACGACA,0,4386038
yadL_yadM_yadC_yadK_predicted,0.08333333333333333,11,11,TGACCCAGCTGGCACGATGT,0,4383498
yadL_yadM_yadC_yadK_predicted,0.08333333333333333,11,11,TGAATGGGTCGCACACGGCA,0,4378334
yadL_yadM_yadC_yadK_predicted,0.08333333333333333,11,11,TGAAGGGAAGACAGAACGAT,0,4386528
yadL_yadM_yadC_yadK_predicted,0.08333333333333333,11,11,TGAACCAGTCCAGAGGGGTT,0,4383733
yadL_yadM_yadC_yadK_predicted,0.08333333333333333,11,11,TGAAAGTCGCCGAGAAATTA,0,4370128
yadL_yadM_yadC_yadK_predicted,0.08333333333333333,11,11,TCTGTTTTAAGCCAATATGG,0,4370529
yadL_yadM_yadC_yadK_predicted,0.08333333333333333,11,11,TCTGTCCACGTCACTCCAAT,0,4393049
yadL_yadM_yadC_yadK_predicted,0.08333333333333333,11,11,TCTGGGGTTTAAGTTTTACT,0,4393829
yadL_yadM_yadC_yadK_predicted,0.08333333333333333,11,11,TCTAATCTGACTTCCCCGCA,0,4389457
yadL_yadM_yadC_yadK_predicted,0.08333333333333333,11,11,TCTAACGGTATATAGGGGCA,0,4380197
yadL_yadM_yadC_yadK_predicted,0.08333333333333333,11,11,TCGCGTGACGCGAAGGTGGC,0,4388064
yadL_yadM_yadC_yadK_predicted,0.08333333333333333,11,11,TCCTTTCGATGCTGATAGTA,0,4392635
yadL_yadM_yadC_yadK_predicted,0.08333333333333333,11,11,TCCTCCTCTAAACCGTATCC,0,4375805
yadL_yadM_yadC_yadK_predicted,0.08333333333333333,11,11,TCCGTCTAAGTAAAAGCGCT,0,4392362
yadL_yadM_yadC_yadK_predicted,0.08333333333333333,11,11,TCCGATGGAGCTGCTAACGC,0,4372538
yadL_yadM_yadC_yadK_predicted,0.08333333333333333,11,11,TCATGGTCATAAAGCGGCCA,0,4376306
yadL_yadM_yadC_yadK_predicted,0.08333333333333333,11,11,TCAATACGGTTTCAGTGTTT,0,4391209
yadL_yadM_yadC_yadK_predicted,0.08333333333333333,11,11,TATAGGATAATCCTGCTCCT,0,4392977
yadL_yadM_yadC_yadK_predicted,0.08333333333333333,11,11,TATAAGTAATGCCTCGACTA,0,4376962
yadL_yadM_yadC_yadK_predicted,0.08333333333333333,11,11,TAGCGCCTGATACCGACCAT,0,4374977
yadL_yadM_yadC_yadK_predicted,0.08333333333333333,11,11,TAGCCGCTCGCAAGGTAACT,0,4392906
yadL_yadM_yadC_yadK_predicted,0.08333333333333333,11,11,TAGAGAGGTGGTCTGTAGTA,0,4399882
yadL_yadM_yadC_yadK_predicted,0.08333333333333333,11,11,TAGAAATCTGTAAAGCTTAT,0,4383495
yadL_yadM_yadC_yadK_predicted,0.08333333333333333,11,11,TACTTTTTCGTATCCCTCTA,0,4389598
yadL_yadM_yadC_yadK_predicted,0.08333333333333333,11,11,TACTCTATACTACTGGACAT,0,4398748
yadL_yadM_yadC_yadK_predicted,0.08333333333333333,11,11,TACACGTACCGCGGCGACTA,0,4397824
yadL_yadM_yadC_yadK_predicted,0.08333333333333333,11,11,TAATATGTCAGCCCTTGGGA,0,4388117
yadL_yadM_yadC_yadK_predicted,0.08333333333333333,11,11,GTTTATAATTGATTGAGTCA,0,4392004
yadL_yadM_yadC_yadK_predicted,0.08333333333333333,11,11,GTTGGTCATGATCTGCTCGC,0,4402383
yadL_yadM_yadC_yadK_predicted,0.08333333333333333,11,11,GTTGCAGCTAAATTTAGGTA,0,4388318
yadL_yadM_yadC_yadK_predicted,0.08333333333333333,11,11,GTTCAGTTAAGCGGTGCCAA,0,4370486
yadL_yadM_yadC_yadK_predicted,0.08333333333333333,11,11,GTTATGAATGGCCTATTCTG,0,4399082
yadL_yadM_yadC_yadK_predicted,0.08333333333333333,11,11,GTGTAATCAGTATGCTCTTG,0,4389282
yadL_yadM_yadC_yadK_predicted,0.08333333333333333,11,11,GTGTAAGCCCCGCCATGACG,0,4379324
yadL_yadM_yadC_yadK_predicted,0.08333333333333333,11,11,GTGGTTTGAGTGCTACCCCG,0,4393804
yadL_yadM_yadC_yadK_predicted,0.08333333333333333,11,11,GTGGAGATGGCACCGTAATC,0,4399069
yadL_yadM_yadC_yadK_predicted,0.08333333333333333,11,11,GTGCAAATCTTGCTACTGGA,0,4377483
yadL_yadM_yadC_yadK_predicted,0.08333333333333333,11,11,GTCTAGAAATTTTATCCTCA,0,4370326
yadL_yadM_yadC_yadK_predicted,0.08333333333333333,11,11,GTCGTTGTACGTGTGTTGGA,0,4383824
yadL_yadM_yadC_yadK_predicted,0.08333333333333333,11,11,GTCGAGGGTCTCGCGGTCGC,0,4370916
yadL_yadM_yadC_yadK_predicted,0.08333333333333333,11,11,GTCCGGCCGGCATCACTACA,0,4383127
yadL_yadM_yadC_yadK_predicted,0.08333333333333333,11,11,GTCAGCAGATTAACGTGAAC,0,4371368
yadL_yadM_yadC_yadK_predicted,0.08333333333333333,11,11,GTCAACCCGTGCAACTTAAA,0,4399122
yadL_yadM_yadC_yadK_predicted,0.08333333333333333,11,11,GTATCTGCGGGCAACCTTTC,0,4402329
yadL_yadM_yadC_yadK_predicted,0.08333333333333333,11,11,GGTCCCGAGCACGGCCTCGG,0,4400668
yadL_yadM_yadC_yadK_predicted,0.08333333333333333,11,11,GGGGGTGGTCATTGAGTGCT,0,4401849
yadL_yadM_yadC_yadK_predicted,0.08333333333333333,11,11,GGGGGGCCAACCGTATGCAA,0,4373109
yadL_yadM_yadC_yadK_predicted,0.08333333333333333,11,11,GGGCGTGCAGCGCACTGTGT,0,4387505
yadL_yadM_yadC_yadK_predicted,0.08333333333333333,11,11,GGGATGTAGCTTTATGCTTT,0,4372860
yadL_yadM_yadC_yadK_predicted,0.08333333333333333,11,11,GGCTACTGTCTTCCTTTTGC,0,4386672
yadL_yadM_yadC_yadK_predicted,0.08333333333333333,11,11,GGCTAAACTGGTCAAGCCCA,0,4386844
yadL_yadM_yadC_yadK_predicted,0.08333333333333333,11,11,GGCCCAGGTGTTTCAATAAC,0,4381596
yadL_yadM_yadC_yadK_predicted,0.08333333333333333,11,11,GGCATTTTACAGTGCATACT,0,4385599
yadL_yadM_yadC_yadK_predicted,0.08333333333333333,11,11,GGCATTTGGGCATAGCGGGG,0,4383121
yadL_yadM_yadC_yadK_predicted,0.08333333333333333,11,11,GGCACCTTACAATGCTGCTT,0,4398927
yadL_yadM_yadC_yadK_predicted,0.08333333333333333,11,11,GGCAAGTTGAGTAAGCCGAG,0,4379794
yadL_yadM_yadC_yadK_predicted,0.08333333333333333,11,11,GGATAAGTTCGTAGCTACCT,0,4378447
yadL_yadM_yadC_yadK_predicted,0.08333333333333333,11,11,GGAGCGCGCCGTTGAAATTA,0,4401047
yadL_yadM_yadC_yadK_predicted,0.08333333333333333,11,11,GGAGAGGCCCTCGTCGGAGA,0,4382805
yadL_yadM_yadC_yadK_predicted,0.08333333333333333,11,11,GGACAACTTGGCCGAACCCT,0,4375911
yadL_yadM_yadC_yadK_predicted,0.08333333333333333,11,11,GGAAATATTTGTAATTAACA,0,4393353
yadL_yadM_yadC_yadK_predicted,0.08333333333333333,11,11,GGAAACTTGGATTTCAGCAA,0,4383404
yadL_yadM_yadC_yadK_predicted,0.08333333333333333,11,11,GCTTTGTAGCGACAAGGAAC,0,4386696
yadL_yadM_yadC_yadK_predicted,0.08333333333333333,11,11,GCTTTCTTTGAAGTGATAGT,0,4382695
yadL_yadM_yadC_yadK_predicted,0.08333333333333333,11,11,GCTTTCCTTAGCTCCGCGAA,0,4376042
yadL_yadM_yadC_yadK_predicted,0.08333333333333333,11,11,GCTTCTTGCAGGCGAGTCAA,0,4393671
yadL_yadM_yadC_yadK_predicted,0.08333333333333333,11,11,GCTCGTCGGGAAATCATGAA,0,4386619
yadL_yadM_yadC_yadK_predicted,0.08333333333333333,11,11,GCTCAAGCATAGCCATGACC,0,4370122
yadL_yadM_yadC_yadK_predicted,0.08333333333333333,11,11,GCTCAACCCAGCTATTCATT,0,4371092
yadL_yadM_yadC_yadK_predicted,0.08333333333333333,11,11,GCTATATCCAAAATACAATC,0,4389851
yadL_yadM_yadC_yadK_predicted,0.08333333333333333,11,11,GCTAATGGGTTCCCCAGTTA,0,4388798
yadL_yadM_yadC_yadK_predicted,0.08333333333333333,11,11,GCGCGTTCGGGGCTCGAACA,0,4379200
yadL_yadM_yadC_yadK_predicted,0.08333333333333333,11,11,GCCTACTCATATCTGCTCCA,0,4377616
yadL_yadM_yadC_yadK_predicted,0.08333333333333333,11,11,GCCTACCTGATCTCAACGTG,0,4374051
yadL_yadM_yadC_yadK_predicted,0.08333333333333333,11,11,GCATGCGTGGGCCGTCAGTA,0,4375014
yadL_yadM_yadC_yadK_predicted,0.08333333333333333,11,11,GCAACTTAGCTGTCAGGTTG,0,4395499
yadL_yadM_yadC_yadK_predicted,0.08333333333333333,11,11,GATCAGCTAAGTTTGTCATG,0,4398668
yadL_yadM_yadC_yadK_predicted,0.08333333333333333,11,11,GATACGATTAACTATTCCGT,0,4400582
yadL_yadM_yadC_yadK_predicted,0.08333333333333333,11,11,GATAAATCTGATACAGGAGA,0,4381130
yadL_yadM_yadC_yadK_predicted,0.08333333333333333,11,11,GAGTAACGGCTCTTCCCTAT,0,4372928
yadL_yadM_yadC_yadK_predicted,0.08333333333333333,11,11,GAGATTTACGGAGATCTCTA,0,4381624
yadL_yadM_yadC_yadK_predicted,0.08333333333333333,11,11,GACGTCTGTACTTATCTACT,0,4385173
yadL_yadM_yadC_yadK_predicted,0.08333333333333333,11,11,GACGATCTGTTACGGCTAGA,0,4400993
yadL_yadM_yadC_yadK_predicted,0.08333333333333333,11,11,GAAGGATTGAATGGCGAAGA,0,4390899
yadL_yadM_yadC_yadK_predicted,0.08333333333333333,11,11,GAAGCCCAAGGACTGGGATT,0,4388314
yadL_yadM_yadC_yadK_predicted,0.08333333333333333,11,11,GAAAGGGCGGGGTGGCAGAC,0,4382844
yadL_yadM_yadC_yadK_predicted,0.08333333333333333,11,11,GAAAGGCTGGCAGCCGGGGA,0,4398459
yadL_yadM_yadC_yadK_predicted,0.08333333333333333,11,11,GAAACAATAACCACATTACA,0,4374571
yadL_yadM_yadC_yadK_predicted,0.08333333333333333,11,11,GAAAAATCCATTTGACGGTC,0,4390847
yadL_yadM_yadC_yadK_predicted,0.08333333333333333,11,11,CTTTGCAATTGATGGAGTTC,0,4374259
yadL_yadM_yadC_yadK_predicted,0.08333333333333333,11,11,CTTGGAATTAGCGTGTCATC,0,4394538
yadL_yadM_yadC_yadK_predicted,0.08333333333333333,11,11,CTTACCTCCTCGTCCAATGT,0,4397691
yadL_yadM_yadC_yadK_predicted,0.08333333333333333,11,11,CTGGTCGTGGCTGCGAAAGC,0,4376749
yadL_yadM_yadC_yadK_predicted,0.08333333333333333,11,11,CTCTTCGACTCTACCTCTTA,0,4384226
yadL_yadM_yadC_yadK_predicted,0.08333333333333333,11,11,CTCTGTTTAAATTTGTGTAT,0,4398183
yadL_yadM_yadC_yadK_predicted,0.08333333333333333,11,11,CTCGGCGTCTAACTATAAAC,0,4400459
yadL_yadM_yadC_yadK_predicted,0.08333333333333333,11,11,CTCGGCAGGCCAGGTGCATA,0,4378056
yadL_yadM_yadC_yadK_predicted,0.08333333333333333,11,11,CTCCGCTAGTTAGTTCACAA,0,4378124
yadL_yadM_yadC_yadK_predicted,0.08333333333333333,11,11,CTATCAATTGAGCTCCGTGA,0,4373802
yadL_yadM_yadC_yadK_predicted,0.08333333333333333,11,11,CTAGGCGGCCTCGGTATGGG,0,4399846
yadL_yadM_yadC_yadK_predicted,0.08333333333333333,11,11,CTAGCTCCCTATTCCCGTTT,0,4402425
yadL_yadM_yadC_yadK_predicted,0.08333333333333333,11,11,CTAAGCTCTGACTCCCTGGG,0,4400035
yadL_yadM_yadC_yadK_predicted,0.08333333333333333,11,11,CTAAGAGTGTAACGTGTATT,0,4371294
yadL_yadM_yadC_yadK_predicted,0.08333333333333333,11,11,CGTTCGCTGCACTTGGCTAG,0,4386243
yadL_yadM_yadC_yadK_predicted,0.08333333333333333,11,11,CGTCAGATGTATACCGTCAT,0,4396834
yadL_yadM_yadC_yadK_predicted,0.08333333333333333,11,11,CGTATCCTTGGCGCGGCACT,0,4371625
yadL_yadM_yadC_yadK_predicted,0.08333333333333333,11,11,CGTAATCTATGGCGCGTAGG,0,4393589
yadL_yadM_yadC_yadK_predicted,0.08333333333333333,11,11,CGGGTTCATACGGAAGCATT,0,4370649
yadL_yadM_yadC_yadK_predicted,0.08333333333333333,11,11,CGGGTAAGAGCCCTGCGGGG,0,4386532
yadL_yadM_yadC_yadK_predicted,0.08333333333333333,11,11,CGGCGGGTAAAACGGGTTAA,0,4395732
yadL_yadM_yadC_yadK_predicted,0.08333333333333333,11,11,CGGAGTGTGAGCACTGCATA,0,4384035
yadL_yadM_yadC_yadK_predicted,0.08333333333333333,11,11,CGGAACCATGTGCGCAGGTG,0,4379105
yadL_yadM_yadC_yadK_predicted,0.08333333333333333,11,11,CGCTAACCCTATCCTTCGAA,0,4374825
yadL_yadM_yadC_yadK_predicted,0.08333333333333333,11,11,CGCATATCTAGACGATTCAG,0,4394905
yadL_yadM_yadC_yadK_predicted,0.08333333333333333,11,11,CGAGGGCAATCGTTCTAGGA,0,4379935
yadL_yadM_yadC_yadK_predicted,0.08333333333333333,11,11,CCTGGCTGCAACGTCTTGTG,0,4402021
yadL_yadM_yadC_yadK_predicted,0.08333333333333333,11,11,CCTGAGGTACTGGTAACATG,0,4388718
yadL_yadM_yadC_yadK_predicted,0.08333333333333333,11,11,CCTCGCCGAACACAATTGAA,0,4376412
yadL_yadM_yadC_yadK_predicted,0.08333333333333333,11,11,CCTACTTGCTTGACTGTTGG,0,4372030
yadL_yadM_yadC_yadK_predicted,0.08333333333333333,11,11,CCTACGGCGTGGTTCGGCAA,0,4381346
yadL_yadM_yadC_yadK_predicted,0.08333333333333333,11,11,CCGTTGCTCAAACCAAGAAC,0,4379018
yadL_yadM_yadC_yadK_predicted,0.08333333333333333,11,11,CCGTTAGGGCCGTGCAGGCC,0,4400778
yadL_yadM_yadC_yadK_predicted,0.08333333333333333,11,11,CCGTGTGCCCTAAACGTATT,0,4392900
yadL_yadM_yadC_yadK_predicted,0.08333333333333333,11,11,CCGTATGCTTGTTTCACCCG,0,4384698
yadL_yadM_yadC_yadK_predicted,0.08333333333333333,11,11,CCGCGCACGTCAGCGCTCGA,0,4370413
yadL_yadM_yadC_yadK_predicted,0.08333333333333333,11,11,CCGCATGATGCTGGGGGTCG,0,4382415
yadL_yadM_yadC_yadK_predicted,0.08333333333333333,11,11,CCGACGATCGCTCAAATATC,0,4377354
yadL_yadM_yadC_yadK_predicted,0.08333333333333333,11,11,CCCTGATAGTAAACCAAATT,0,4389515
yadL_yadM_yadC_yadK_predicted,0.08333333333333333,11,11,CCCTGAAATGGGCCGCATGA,0,4394304
yadL_yadM_yadC_yadK_predicted,0.08333333333333333,11,11,CCCCGAAGTGGTCTGACGAG,0,4379445
yadL_yadM_yadC_yadK_predicted,0.08333333333333333,11,11,CCATGCTGTTTGCCAACATC,0,4373842
yadL_yadM_yadC_yadK_predicted,0.08333333333333333,11,11,CCAGAACCCTATAAGTCTCA,0,4389767
yadL_yadM_yadC_yadK_predicted,0.08333333333333333,11,11,CATCATTGACTTTTGCAGTG,0,4386636
yadL_yadM_yadC_yadK_predicted,0.08333333333333333,11,11,CATAGAGGGACTAAGCACGT,0,4379177
yadL_yadM_yadC_yadK_predicted,0.08333333333333333,11,11,CATAGACATCCTTGCGTCAT,0,4394716
yadL_yadM_yadC_yadK_predicted,0.08333333333333333,11,11,CAGCTGTCTATACTAATTAC,0,4387202
yadL_yadM_yadC_yadK_predicted,0.08333333333333333,11,11,CAGAATCAGACACCAGTGGC,0,4376462
yadL_yadM_yadC_yadK_predicted,0.08333333333333333,11,11,CACACAGCTGCGAGGCCCAC,0,4387096
yadL_yadM_yadC_yadK_predicted,0.08333333333333333,11,11,CACAAGTGTTCCACGAACAG,0,4386566
yadL_yadM_yadC_yadK_predicted,0.08333333333333333,11,11,CAAGGTCAACCCCCGGTGCA,0,4398351
yadL_yadM_yadC_yadK_predicted,0.08333333333333333,11,11,CAACGGTAGTCCGATGGATT,0,4382073
yadL_yadM_yadC_yadK_predicted,0.08333333333333333,11,11,ATTTGCGCTTAGTTGGTCCA,0,4378709
yadL_yadM_yadC_yadK_predicted,0.08333333333333333,11,11,ATTCGTAACTAAGGCCTGCG,0,4401704
yadL_yadM_yadC_yadK_predicted,0.08333333333333333,11,11,ATTACTCCGCTTGGCGAGCA,0,4397827
yadL_yadM_yadC_yadK_predicted,0.08333333333333333,11,11,ATGTCCACTCCACGTTCTGA,0,4386600
yadL_yadM_yadC_yadK_predicted,0.08333333333333333,11,11,ATGGTGCCTTCGTCGCCCAG,0,4392165
yadL_yadM_yadC_yadK_predicted,0.08333333333333333,11,11,ATGCTGTTAGCTTCATTGGC,0,4382492
yadL_yadM_yadC_yadK_predicted,0.08333333333333333,11,11,ATGACCAATCGCGTTTAAGC,0,4398712
yadL_yadM_yadC_yadK_predicted,0.08333333333333333,11,11,ATCCAACTTGCTCCCGGTTT,0,4394428
yadL_yadM_yadC_yadK_predicted,0.08333333333333333,11,11,ATCATAGCCACGACGCGCCT,0,4382343
yadL_yadM_yadC_yadK_predicted,0.08333333333333333,11,11,ATCATAATCAGACTTAAGTG,0,4389806
yadL_yadM_yadC_yadK_predicted,0.08333333333333333,11,11,ATATTCTAAGTCTTCTGAGC,0,4374849
yadL_yadM_yadC_yadK_predicted,0.08333333333333333,11,11,ATACTCGCGTTGGACAAAAG,0,4395101
yadL_yadM_yadC_yadK_predicted,0.08333333333333333,11,11,ATAAGCGACGCGTGTTGCAT,0,4392198
yadL_yadM_yadC_yadK_predicted,0.08333333333333333,11,11,ATAACAAGAACTGTGTTGCA,0,4394062
yadL_yadM_yadC_yadK_predicted,0.08333333333333333,11,11,AGTGAGGGGAACATCCCTTC,0,4399426
yadL_yadM_yadC_yadK_predicted,0.08333333333333333,11,11,AGTGACCCGCTGACCGTTGG,0,4395228
yadL_yadM_yadC_yadK_predicted,0.08333333333333333,11,11,AGTATTGCTGAAGTATAATA,0,4379357
yadL_yadM_yadC_yadK_predicted,0.08333333333333333,11,11,AGGTAGAGTGCGAGTTCATT,0,4386475
yadL_yadM_yadC_yadK_predicted,0.08333333333333333,11,11,AGGTACCCCGCAACTCGGCA,0,4374389
yadL_yadM_yadC_yadK_predicted,0.08333333333333333,11,11,AGGCTTTACTGATTACGGCG,0,4396202
yadL_yadM_yadC_yadK_predicted,0.08333333333333333,11,11,AGGCCCCCTTAGGTAACGGG,0,4373524
yadL_yadM_yadC_yadK_predicted,0.08333333333333333,11,11,AGGACAGCATATACTGTCAT,0,4385990
yadL_yadM_yadC_yadK_predicted,0.08333333333333333,11,11,AGCTGCTCCCCCGCTTCAGG,0,4397737
yadL_yadM_yadC_yadK_predicted,0.08333333333333333,11,11,AGCGATTAAGAAGGTGCATA,0,4395758
yadL_yadM_yadC_yadK_predicted,0.08333333333333333,11,11,AGCCTTCCCTTAATTGGGGA,0,4381870
yadL_yadM_yadC_yadK_predicted,0.08333333333333333,11,11,AGCCCGGGACTGGAGTCACG,0,4388238
yadL_yadM_yadC_yadK_predicted,0.08333333333333333,11,11,AGCCCAGGAATCATCTGCGC,0,4397153
yadL_yadM_yadC_yadK_predicted,0.08333333333333333,11,11,AGATGAAATCGGGTAACCAT,0,4379359
yadL_yadM_yadC_yadK_predicted,0.08333333333333333,11,11,AGACCTTTCTAGCTAGGTAG,0,4401145
yadL_yadM_yadC_yadK_predicted,0.08333333333333333,11,11,AGAATGAAAATGGTCGTGGT,0,4374779
yadL_yadM_yadC_yadK_predicted,0.08333333333333333,11,11,ACTTACGACATTACTGCAGA,0,4386060
yadL_yadM_yadC_yadK_predicted,0.08333333333333333,11,11,ACTTACATTACCTGTTCTGG,0,4373122
yadL_yadM_yadC_yadK_predicted,0.08333333333333333,11,11,ACTGTTAAGGGCAGAGTGGT,0,4371215
yadL_yadM_yadC_yadK_predicted,0.08333333333333333,11,11,ACTGTGTTACGCAGATAGAT,0,4382346
yadL_yadM_yadC_yadK_predicted,0.08333333333333333,11,11,ACCTCGCAATATCAATGCCT,0,4378451
yadL_yadM_yadC_yadK_predicted,0.08333333333333333,11,11,AATGCGACCGGCGATGGCCA,0,4376903
yadL_yadM_yadC_yadK_predicted,0.08333333333333333,11,11,AATATCGCTTCCGCTAATCA,0,4383879
yadL_yadM_yadC_yadK_predicted,0.08333333333333333,11,11,AATAATAAGGGGGCGCAAGT,0,4382910
yadL_yadM_yadC_yadK_predicted,0.08333333333333333,11,11,AAGTGGGATAGGGGACCTGA,0,4385741
yadL_yadM_yadC_yadK_predicted,0.08333333333333333,11,11,AAGGTAGTAGCAAGCTTCGA,0,4389267
yadL_yadM_yadC_yadK_predicted,0.08333333333333333,11,11,AAGGCGTCTAAGCCGGTGGA,0,4380968
yadL_yadM_yadC_yadK_predicted,0.08333333333333333,11,11,AAGCATCCCTGGAAAACAGT,0,4399999
yadL_yadM_yadC_yadK_predicted,0.08333333333333333,11,11,AAGCAAGTCCGACGGGTACG,0,4398788
yadL_yadM_yadC_yadK_predicted,0.08333333333333333,11,11,AAGAGGCAAATGCTAGGGTA,0,4385987
yadL_yadM_yadC_yadK_predicted,0.08333333333333333,11,11,AACGTTGTTCCAGGCATATC,0,4398114
yadL_yadM_yadC_yadK_predicted,0.08333333333333333,11,11,AACGTTAGGTTTTAATGTGG,0,4390612
yadL_yadM_yadC_yadK_predicted,0.08333333333333333,11,11,AACGGCCTCACGCCACTCCA,0,4386546
yadL_yadM_yadC_yadK_predicted,0.08333333333333333,11,11,AACCTTAAGACGCAACCGGA,0,4370633
yadL_yadM_yadC_yadK_predicted,0.08333333333333333,11,11,AAATCCGCGTTTGATGACAC,0,4398938
yadL_yadM_yadC_yadK_predicted,0.08333333333333333,11,11,AAAGTTGCCACGGCGGCGGT,0,4370850
yadL_yadM_yadC_yadK_predicted,0.08333333333333333,11,11,AAACGTGCGCACCCTAAAAT,0,4392456
yadL_yadM_yadC_yadK_predicted,0.08333333333333333,11,11,AAACCCGATGCTGGTTCAAA,0,4385813
yadL_yadM_yadC_yadK_predicted,0.08333333333333333,11,11,AAAATCAAGGAATGCGTCTC,0,4379089
yadL_yadM_yadC_yadK_predicted,0.09090909090909091,10,10,TTTGCACATCGGCAGGTGGT,0,4381659
yadL_yadM_yadC_yadK_predicted,0.09090909090909091,10,10,TTTCTAACCAGCTCCGAGCC,0,4397822
yadL_yadM_yadC_yadK_predicted,0.09090909090909091,10,10,TTGTAGCCCAGCGTTCTCCA,0,4375518
yadL_yadM_yadC_yadK_predicted,0.09090909090909091,10,10,TTGGTGTATCGTATCTCTTA,0,4375384
yadL_yadM_yadC_yadK_predicted,0.09090909090909091,10,10,TTGGATGGATACAGAACAGG,0,4401284
yadL_yadM_yadC_yadK_predicted,0.09090909090909091,10,10,TTGCGTCAACCAAGTTTTGT,0,4380400
yadL_yadM_yadC_yadK_predicted,0.09090909090909091,10,10,TTGAAAGTTGGCTCTCTGCA,0,4386518
yadL_yadM_yadC_yadK_predicted,0.09090909090909091,10,10,TTGAAAGGGGCGCCGGTTGG,0,4399207
yadL_yadM_yadC_yadK_predicted,0.09090909090909091,10,10,TTGAAACTGAAAGCTATTGT,0,4372445
yadL_yadM_yadC_yadK_predicted,0.09090909090909091,10,10,TTCTTAACTGCCCCGCAAAG,0,4385663
yadL_yadM_yadC_yadK_predicted,0.09090909090909091,10,10,TTCGGGCAGCACGTAGGTGA,0,4385937
yadL_yadM_yadC_yadK_predicted,0.09090909090909091,10,10,TTCGCAAACCAAGGAGTGTG,0,4389203
yadL_yadM_yadC_yadK_predicted,0.09090909090909091,10,10,TTAAGACTGTCAGTCAATTT,0,4395728
yadL_yadM_yadC_yadK_predicted,0.09090909090909091,10,10,TGTTGGCAAAGCCCGCCGGA,0,4393848
yadL_yadM_yadC_yadK_predicted,0.09090909090909091,10,10,TGTTAAGCGGCCGGCACGAC,0,4374850
yadL_yadM_yadC_yadK_predicted,0.09090909090909091,10,10,TGTGCTACGGCATTATTAAT,0,4394322
yadL_yadM_yadC_yadK_predicted,0.09090909090909091,10,10,TGTCTTAGACGGTAGGACAT,0,4374727
yadL_yadM_yadC_yadK_predicted,0.09090909090909091,10,10,TGTCTCCCGTCCCGGAGGAA,0,4383865
yadL_yadM_yadC_yadK_predicted,0.09090909090909091,10,10,TGTCGGATATGTAAAGCCTA,0,4396508
yadL_yadM_yadC_yadK_predicted,0.09090909090909091,10,10,TGTCCTCTTGATCGCGCTAA,0,4389827
yadL_yadM_yadC_yadK_predicted,0.09090909090909091,10,10,TGTCATCGGGGAGGTCTTCT,0,4391206
yadL_yadM_yadC_yadK_predicted,0.09090909090909091,10,10,TGGTTGGGGTACGAGGGGTT,0,4390358
yadL_yadM_yadC_yadK_predicted,0.09090909090909091,10,10,TGGTCCGCGGGGGCCGTATA,0,4393879
yadL_yadM_yadC_yadK_predicted,0.09090909090909091,10,10,TGGTCCACTCCCCCCATTAA,0,4389249
yadL_yadM_yadC_yadK_predicted,0.09090909090909091,10,10,TGGTAAATACATAGTCGGGA,0,4376830
yadL_yadM_yadC_yadK_predicted,0.09090909090909091,10,10,TGGGATTGACTAGCAATACT,0,4382316
yadL_yadM_yadC_yadK_predicted,0.09090909090909091,10,10,TGGCCGTTTTTCGAACCGGA,0,4396657
yadL_yadM_yadC_yadK_predicted,0.09090909090909091,10,10,TGGAGTTGTCAATTCTCCGG,0,4380318
yadL_yadM_yadC_yadK_predicted,0.09090909090909091,10,10,TGCGTATGAGGACTCCTTAC,0,4370967
yadL_yadM_yadC_yadK_predicted,0.09090909090909091,10,10,TGCAATCCGGGTCAGCCCAA,0,4378722
yadL_yadM_yadC_yadK_predicted,0.09090909090909091,10,10,TGATTGCGGCACAGGTGAGA,0,4393092
yadL_yadM_yadC_yadK_predicted,0.09090909090909091,10,10,TGAGCAAGATTTACTCCCGA,0,4382319
yadL_yadM_yadC_yadK_predicted,0.09090909090909091,10,10,TCTGCGCCAAGACAAAAGTC,0,4398524
yadL_yadM_yadC_yadK_predicted,0.09090909090909091,10,10,TCTCACCCGTTTTCCGCACC,0,4391757
yadL_yadM_yadC_yadK_predicted,0.09090909090909091,10,10,TCGATTGTACCGAGTCCCAC,0,4401972
yadL_yadM_yadC_yadK_predicted,0.09090909090909091,10,10,TCGAGACTCCAGAAGCCAAA,0,4377368
yadL_yadM_yadC_yadK_predicted,0.09090909090909091,10,10,TCGAACGACATAAGTAGAAT,0,4393052
yadL_yadM_yadC_yadK_predicted,0.09090909090909091,10,10,TCCCTTGCGGCAAGCCATTG,0,4374137
yadL_yadM_yadC_yadK_predicted,0.09090909090909091,10,10,TCCCCATGTCAGCAGGCGAC,0,4376246
yadL_yadM_yadC_yadK_predicted,0.09090909090909091,10,10,TCCACTTAGGAACTAAGCCA,0,4400785
yadL_yadM_yadC_yadK_predicted,0.09090909090909091,10,10,TATTAAATCTGCCGAAACTG,0,4373457
yadL_yadM_yadC_yadK_predicted,0.09090909090909091,10,10,TATGACGCCCACGTATGCCA,0,4384381
yadL_yadM_yadC_yadK_predicted,0.09090909090909091,10,10,TATCATAGAGACCTAAATAG,0,4396285
yadL_yadM_yadC_yadK_predicted,0.09090909090909091,10,10,TAGCGACGGTTCGGGCAAAC,0,4381451
yadL_yadM_yadC_yadK_predicted,0.09090909090909091,10,10,TAGAAGGTTAGACAACGCAA,0,4376956
yadL_yadM_yadC_yadK_predicted,0.09090909090909091,10,10,TAAGGCATTGGAGGTTCCGG,0,4371463
yadL_yadM_yadC_yadK_predicted,0.09090909090909091,10,10,TAAGAAAAGAGGAGTGGAAA,0,4390961
yadL_yadM_yadC_yadK_predicted,0.09090909090909091,10,10,TAACTCTCATGATTGATTGC,0,4370808
yadL_yadM_yadC_yadK_predicted,0.09090909090909091,10,10,TAACCATTAGTCACCGATTA,0,4378477
yadL_yadM_yadC_yadK_predicted,0.09090909090909091,10,10,TAAAGGTGATATCTCATGAA,0,4388101
yadL_yadM_yadC_yadK_predicted,0.09090909090909091,10,10,TAAACCACACTCCATCAAGG,0,4373530
yadL_yadM_yadC_yadK_predicted,0.09090909090909091,10,10,TAAAAAGGTTTGAGGGGGAA,0,4387485
yadL_yadM_yadC_yadK_predicted,0.09090909090909091,10,10,GTTTGCACAGCACGGGGCAG,0,4386514
yadL_yadM_yadC_yadK_predicted,0.09090909090909091,10,10,GTGTTGAAGAGACGCTCTTC,0,4390489
yadL_yadM_yadC_yadK_predicted,0.09090909090909091,10,10,GTGTTCGTTTAATGTTGACC,0,4375904
yadL_yadM_yadC_yadK_predicted,0.09090909090909091,10,10,GTGTTACGTTCAGTAGCTGA,0,4396291
yadL_yadM_yadC_yadK_predicted,0.09090909090909091,10,10,GTGTAGTTGATATCCGGGGA,0,4379756
yadL_yadM_yadC_yadK_predicted,0.09090909090909091,10,10,GTGGCCCTGTAAGGGGAATC,0,4398370
yadL_yadM_yadC_yadK_predicted,0.09090909090909091,10,10,GTGGAGTCAAGGGCTGGAGT,0,4386930
yadL_yadM_yadC_yadK_predicted,0.09090909090909091,10,10,GTGATTCCCACCCTTCCGGA,0,4393542
yadL_yadM_yadC_yadK_predicted,0.09090909090909091,10,10,GTCAAAACCGGCATGTTAAC,0,4394465
yadL_yadM_yadC_yadK_predicted,0.09090909090909091,10,10,GTACTTGTCGTTTGTCTATT,0,4395139
yadL_yadM_yadC_yadK_predicted,0.09090909090909091,10,10,GGTTGTAGGCAACGCTTCGA,0,4389649
yadL_yadM_yadC_yadK_predicted,0.09090909090909091,10,10,GGTGCGTACTTACGGACGCC,0,4387098
yadL_yadM_yadC_yadK_predicted,0.09090909090909091,10,10,GGTGCCGCGCGTGCTACAAG,0,4399288
yadL_yadM_yadC_yadK_predicted,0.09090909090909091,10,10,GGTGATAGGGTTACCGGTTT,0,4401016
yadL_yadM_yadC_yadK_predicted,0.09090909090909091,10,10,GGTGAAGACGCAGACCTAAA,0,4372170
yadL_yadM_yadC_yadK_predicted,0.09090909090909091,10,10,GGTCTTAAACTCGACACGCA,0,4400318
yadL_yadM_yadC_yadK_predicted,0.09090909090909091,10,10,GGGGACGTGACAACAACCAT,0,4385692
yadL_yadM_yadC_yadK_predicted,0.09090909090909091,10,10,GGGCTAAATCCACGATGGAT,0,4385368
yadL_yadM_yadC_yadK_predicted,0.09090909090909091,10,10,GGCTGATCCTCGAATAGAAT,0,4396191
yadL_yadM_yadC_yadK_predicted,0.09090909090909091,10,10,GGCGCCCAGGCTAACATGTC,0,4375045
yadL_yadM_yadC_yadK_predicted,0.09090909090909091,10,10,GGCACGTAAAGCAGAGTCGC,0,4381184
yadL_yadM_yadC_yadK_predicted,0.09090909090909091,10,10,GGATATAACCTGGTAGGTTA,0,4399445
yadL_yadM_yadC_yadK_predicted,0.09090909090909091,10,10,GGACTCCGACATCAGATGTC,0,4400380
yadL_yadM_yadC_yadK_predicted,0.09090909090909091,10,10,GGAATTTAGCGCGCCATGAC,0,4374957
yadL_yadM_yadC_yadK_predicted,0.09090909090909091,10,10,GGAACAGGAGTGGAGCAAAC,0,4385854
yadL_yadM_yadC_yadK_predicted,0.09090909090909091,10,10,GCGTTCGCCACCGTGAGAAT,0,4382876
yadL_yadM_yadC_yadK_predicted,0.09090909090909091,10,10,GCGTCGTTCTTTACTAACGT,0,4400585
yadL_yadM_yadC_yadK_predicted,0.09090909090909091,10,10,GCGTAGTGCGTAGATATTAA,0,4399648
yadL_yadM_yadC_yadK_predicted,0.09090909090909091,10,10,GCGGTCGTAATTGGACCGGG,0,4377626
yadL_yadM_yadC_yadK_predicted,0.09090909090909091,10,10,GCGGTCAATAATCAGGCTGT,0,4389427
yadL_yadM_yadC_yadK_predicted,0.09090909090909091,10,10,GCGGTAGGTGATTCAGGGGG,0,4393911
yadL_yadM_yadC_yadK_predicted,0.09090909090909091,10,10,GCGCATTTGACCACCTATTC,0,4391629
yadL_yadM_yadC_yadK_predicted,0.09090909090909091,10,10,GCGAGCAAGTGTATGCACGG,0,4381897
yadL_yadM_yadC_yadK_predicted,0.09090909090909091,10,10,GCCTAGCGGTCCAATTCTCT,0,4381513
yadL_yadM_yadC_yadK_predicted,0.09090909090909091,10,10,GCATTGACTTCTAAATCAGA,0,4399880
yadL_yadM_yadC_yadK_predicted,0.09090909090909091,10,10,GCATCATAAAGGCACGACGT,0,4398681
yadL_yadM_yadC_yadK_predicted,0.09090909090909091,10,10,GCAGGTATGACCTGAGTCAT,0,4398279
yadL_yadM_yadC_yadK_predicted,0.09090909090909091,10,10,GCAGGGAATTGACCGGGTTT,0,4375112
yadL_yadM_yadC_yadK_predicted,0.09090909090909091,10,10,GCACGTACCGGAGACAAGCA,0,4393928
yadL_yadM_yadC_yadK_predicted,0.09090909090909091,10,10,GCACCGTAGCAATTCCGGCG,0,4396993
yadL_yadM_yadC_yadK_predicted,0.09090909090909091,10,10,GCAAGGCATGATCTTCCCCG,0,4399324
yadL_yadM_yadC_yadK_predicted,0.09090909090909091,10,10,GATTGGAGTTGCTCTACGAA,0,4384214
yadL_yadM_yadC_yadK_predicted,0.09090909090909091,10,10,GATGTCTTTTACTACTGGTC,0,4372350
yadL_yadM_yadC_yadK_predicted,0.09090909090909091,10,10,GATGAATGTCCTGGAACGCT,0,4383336
yadL_yadM_yadC_yadK_predicted,0.09090909090909091,10,10,GATCCCCTTGTGGCGGTATC,0,4376243
yadL_yadM_yadC_yadK_predicted,0.09090909090909091,10,10,GAGTTCCTGAGGGTTTAGTG,0,4395447
yadL_yadM_yadC_yadK_predicted,0.09090909090909091,10,10,GAGTCTATGCGCATCGGACC,0,4400066
yadL_yadM_yadC_yadK_predicted,0.09090909090909091,10,10,GAGCCCTCTATTGGGCACAG,0,4374582
yadL_yadM_yadC_yadK_predicted,0.09090909090909091,10,10,GAGCAGATGACGGACTGCGC,0,4398639
yadL_yadM_yadC_yadK_predicted,0.09090909090909091,10,10,GAGAGTCAGGTATTGAGTCT,0,4384910
yadL_yadM_yadC_yadK_predicted,0.09090909090909091,10,10,GAGAACTCAGGGTAATGGGT,0,4390965
yadL_yadM_yadC_yadK_predicted,0.09090909090909091,10,10,GACTTCTCGTTGGGCTCAAA,0,4386664
yadL_yadM_yadC_yadK_predicted,0.09090909090909091,10,10,GACTCTCTTACACGCGGAAG,0,4372062
yadL_yadM_yadC_yadK_predicted,0.09090909090909091,10,10,GACTATCGCTTTAAGCCTAT,0,4392118
yadL_yadM_yadC_yadK_predicted,0.09090909090909091,10,10,GACGCTGTGGACGGACTTAG,0,4389471
yadL_yadM_yadC_yadK_predicted,0.09090909090909091,10,10,GACGCATACTCATACCGTAA,0,4387675
yadL_yadM_yadC_yadK_predicted,0.09090909090909091,10,10,GAAGTAGCGTATAGTACCCA,0,4396814
yadL_yadM_yadC_yadK_predicted,0.09090909090909091,10,10,GAAGAGCGGAAGCCACCGAT,0,4396488
yadL_yadM_yadC_yadK_predicted,0.09090909090909091,10,10,GAACTGGCTTTGGCCATTTG,0,4376873
yadL_yadM_yadC_yadK_predicted,0.09090909090909091,10,10,GAAAGTATGACCTATAAGCC,0,4370310
yadL_yadM_yadC_yadK_predicted,0.09090909090909091,10,10,CTTTCCCCTCAAAGAAACTC,0,4376591
yadL_yadM_yadC_yadK_predicted,0.09090909090909091,10,10,CTTGAGGGCTTCGGATTCGT,0,4391778
yadL_yadM_yadC_yadK_predicted,0.09090909090909091,10,10,CTTCGGTGCGGCTACACTGA,0,4387002
yadL_yadM_yadC_yadK_predicted,0.09090909090909091,10,10,CTTCGATAGGCCCCATCCTT,0,4372970
yadL_yadM_yadC_yadK_predicted,0.09090909090909091,10,10,CTTCATTACGTCGATTCGTT,0,4401950
yadL_yadM_yadC_yadK_predicted,0.09090909090909091,10,10,CTGTAGTCGGGGCAAACCCC,0,4377802
yadL_yadM_yadC_yadK_predicted,0.09090909090909091,10,10,CTGCGGGCGAGATTGAGACC,0,4393258
yadL_yadM_yadC_yadK_predicted,0.09090909090909091,10,10,CTGCCACTGGGTCGATGTCA,0,4396974
yadL_yadM_yadC_yadK_predicted,0.09090909090909091,10,10,CTGAGTTGTGGAAATCTTGA,0,4373794
yadL_yadM_yadC_yadK_predicted,0.09090909090909091,10,10,CTCGCTCAAATAGCGATTCA,0,4378568
yadL_yadM_yadC_yadK_predicted,0.09090909090909091,10,10,CTCATTCTCCAGGCCAGGCG,0,4395475
yadL_yadM_yadC_yadK_predicted,0.09090909090909091,10,10,CTCATTATGACCGGCTACAT,0,4388019
yadL_yadM_yadC_yadK_predicted,0.09090909090909091,10,10,CTCACGGTCTACTAATTGAT,0,4387515
yadL_yadM_yadC_yadK_predicted,0.09090909090909091,10,10,CTATCCCTTTAACAACTAAA,0,4387305
yadL_yadM_yadC_yadK_predicted,0.09090909090909091,10,10,CTATAAGGAAGGGACCGTCA,0,4370753
yadL_yadM_yadC_yadK_predicted,0.09090909090909091,10,10,CTAGAAGGGCGCTGATGAAC,0,4371524
yadL_yadM_yadC_yadK_predicted,0.09090909090909091,10,10,CTAAGGGACGGTGGTGTGTA,0,4382592
yadL_yadM_yadC_yadK_predicted,0.09090909090909091,10,10,CTAAAAGAACACTTCACACA,0,4370562
yadL_yadM_yadC_yadK_predicted,0.09090909090909091,10,10,CGTTAGCGGACGGGTGTACT,0,4372508
yadL_yadM_yadC_yadK_predicted,0.09090909090909091,10,10,CGTGTGCATCATCTTGCCAC,0,4376937
yadL_yadM_yadC_yadK_predicted,0.09090909090909091,10,10,CGTCGCTAGGTGGTCTGGCG,0,4394199
yadL_yadM_yadC_yadK_predicted,0.09090909090909091,10,10,CGTCATATAAAAGATAATTA,0,4377020
yadL_yadM_yadC_yadK_predicted,0.09090909090909091,10,10,CGTATGGTAAACGGATAGGA,0,4384816
yadL_yadM_yadC_yadK_predicted,0.09090909090909091,10,10,CGTATAGAAACTCGTTAAAA,0,4373958
yadL_yadM_yadC_yadK_predicted,0.09090909090909091,10,10,CGGTGTGAGTGGCTCGTTGT,0,4399242
yadL_yadM_yadC_yadK_predicted,0.09090909090909091,10,10,CGGTGGTGACGGGAATACTT,0,4387135
yadL_yadM_yadC_yadK_predicted,0.09090909090909091,10,10,CGGCGTGTCACGAGTCTTAG,0,4386520
yadL_yadM_yadC_yadK_predicted,0.09090909090909091,10,10,CGCTAAGCCGTCTAGTAGTA,0,4393638
yadL_yadM_yadC_yadK_predicted,0.09090909090909091,10,10,CGCGTATCTCGTTGAAGCAA,0,4374218
yadL_yadM_yadC_yadK_predicted,0.09090909090909091,10,10,CGCATCGAGCCACACCGGCG,0,4376766
yadL_yadM_yadC_yadK_predicted,0.09090909090909091,10,10,CGCAGGATCTTTTACCGCCT,0,4386909
yadL_yadM_yadC_yadK_predicted,0.09090909090909091,10,10,CGCAATCTCAAACTTACGCA,0,4400393
yadL_yadM_yadC_yadK_predicted,0.09090909090909091,10,10,CGAGTGTACGGTGAGCAACT,0,4393613
yadL_yadM_yadC_yadK_predicted,0.09090909090909091,10,10,CGACTCAAACTCTGGCTGCT,0,4396860
yadL_yadM_yadC_yadK_predicted,0.09090909090909091,10,10,CGACGTGACGTCGCTTGGGC,0,4383120
yadL_yadM_yadC_yadK_predicted,0.09090909090909091,10,10,CGAATCGGCGATTACTGTCA,0,4381211
yadL_yadM_yadC_yadK_predicted,0.09090909090909091,10,10,CCTGGCCTATGGGGTAATGT,0,4376400
yadL_yadM_yadC_yadK_predicted,0.09090909090909091,10,10,CCGGCGTATTGATTAGTCAA,0,4400101
yadL_yadM_yadC_yadK_predicted,0.09090909090909091,10,10,CCGGCACATCAGGGTGGAAA,0,4397430
yadL_yadM_yadC_yadK_predicted,0.09090909090909091,10,10,CCGCTACTGTCTGCTATACC,0,4399236
yadL_yadM_yadC_yadK_predicted,0.09090909090909091,10,10,CCGATACTAATCCACATTGC,0,4393828
yadL_yadM_yadC_yadK_predicted,0.09090909090909091,10,10,CCCTTACAAGGCTTCAGGTG,0,4393374
yadL_yadM_yadC_yadK_predicted,0.09090909090909091,10,10,CCCGATTCACCACTACTTTC,0,4398311
yadL_yadM_yadC_yadK_predicted,0.09090909090909091,10,10,CCCAGCTTGCTACACAGTGC,0,4397382
yadL_yadM_yadC_yadK_predicted,0.09090909090909091,10,10,CCAGGTAAATCTGTGGTAGC,0,4384819
yadL_yadM_yadC_yadK_predicted,0.09090909090909091,10,10,CATTTTTGCACCAGTTGCGA,0,4379318
yadL_yadM_yadC_yadK_predicted,0.09090909090909091,10,10,CATTGAGACGAAGGCTACGC,0,4376030
yadL_yadM_yadC_yadK_predicted,0.09090909090909091,10,10,CATTCGGCCAAGCAAGGTCA,0,4375632
yadL_yadM_yadC_yadK_predicted,0.09090909090909091,10,10,CATCAGTCGTACACGCTCGT,0,4382384
yadL_yadM_yadC_yadK_predicted,0.09090909090909091,10,10,CATATTACCTCTAGAACGGT,0,4385731
yadL_yadM_yadC_yadK_predicted,0.09090909090909091,10,10,CAGGCGGACAAACCTTCTGA,0,4385593
yadL_yadM_yadC_yadK_predicted,0.09090909090909091,10,10,CACTTTCTGGTAGACAATTT,0,4373355
yadL_yadM_yadC_yadK_predicted,0.09090909090909091,10,10,CACTACATGCCACGCTGCTC,0,4372507
yadL_yadM_yadC_yadK_predicted,0.09090909090909091,10,10,CACGCCTACGGCGTGGGTTG,0,4376347
yadL_yadM_yadC_yadK_predicted,0.09090909090909091,10,10,CACCATCCCTCAGGGGAGAT,0,4380611
yadL_yadM_yadC_yadK_predicted,0.09090909090909091,10,10,CAATACTTTGGCAAACGGAT,0,4372532
yadL_yadM_yadC_yadK_predicted,0.09090909090909091,10,10,CAAGCGCGCTGAGGATGATC,0,4373568
yadL_yadM_yadC_yadK_predicted,0.09090909090909091,10,10,CAACTAGGCTTTGGCGCCCG,0,4400984
yadL_yadM_yadC_yadK_predicted,0.09090909090909091,10,10,CAAAGGGGGAACATTTCAGT,0,4396288
yadL_yadM_yadC_yadK_predicted,0.09090909090909091,10,10,CAAACCAGCATAGCAGAGAG,0,4398498
yadL_yadM_yadC_yadK_predicted,0.09090909090909091,10,10,ATTACTCCGAATCAGTTCTC,0,4370118
yadL_yadM_yadC_yadK_predicted,0.09090909090909091,10,10,ATTAAGCCGCACTCTTGAGT,0,4382552
yadL_yadM_yadC_yadK_predicted,0.09090909090909091,10,10,ATGGGTGAATTTGTACTTGA,0,4379968
yadL_yadM_yadC_yadK_predicted,0.09090909090909091,10,10,ATGGGTCTTCGAAATTGCCA,0,4377730
yadL_yadM_yadC_yadK_predicted,0.09090909090909091,10,10,ATGCCTTGCGTGCAAAAAAA,0,4375498
yadL_yadM_yadC_yadK_predicted,0.09090909090909091,10,10,ATGCAGTAACCTCGCTTGGG,0,4389912
yadL_yadM_yadC_yadK_predicted,0.09090909090909091,10,10,ATCGGTCAGTAGTGTCCACT,0,4370713
yadL_yadM_yadC_yadK_predicted,0.09090909090909091,10,10,ATCCCGCGTCTCATCGTGCA,0,4381283
yadL_yadM_yadC_yadK_predicted,0.09090909090909091,10,10,ATCATCGCCTATTTGTCCAC,0,4371078
yadL_yadM_yadC_yadK_predicted,0.09090909090909091,10,10,ATATGCTTTTTACACTCCCA,0,4386512
yadL_yadM_yadC_yadK_predicted,0.09090909090909091,10,10,ATATCTCTACGTGCGTAGCC,0,4370465
yadL_yadM_yadC_yadK_predicted,0.09090909090909091,10,10,ATAGACGGGACCTGCGAAGA,0,4384415
yadL_yadM_yadC_yadK_predicted,0.09090909090909091,10,10,AGTCTGAACCGCACGTCAAA,0,4399461
yadL_yadM_yadC_yadK_predicted,0.09090909090909091,10,10,AGTCCATTTTGAACGACGTG,0,4381684
yadL_yadM_yadC_yadK_predicted,0.09090909090909091,10,10,AGTAGTGCCATTCAGGAGAT,0,4399926
yadL_yadM_yadC_yadK_predicted,0.09090909090909091,10,10,AGTAGCTTCGAAAACGTTTC,0,4395845
yadL_yadM_yadC_yadK_predicted,0.09090909090909091,10,10,AGGTCCTCCCATACTAGACG,0,4379314
yadL_yadM_yadC_yadK_predicted,0.09090909090909091,10,10,AGGGGCTAACACCTTATTCG,0,4387470
yadL_yadM_yadC_yadK_predicted,0.09090909090909091,10,10,AGGCTGGTGTGGAGGTAGAT,0,4383063
yadL_yadM_yadC_yadK_predicted,0.09090909090909091,10,10,AGGCGATCTCAGTGTCATTA,0,4383887
yadL_yadM_yadC_yadK_predicted,0.09090909090909091,10,10,AGCTCCCAAGTTTCGTACTC,0,4380667
yadL_yadM_yadC_yadK_predicted,0.09090909090909091,10,10,AGCGAGTCAAATTGACCCTC,0,4390016
yadL_yadM_yadC_yadK_predicted,0.09090909090909091,10,10,AGCCGGCAGCCACTGTTGAT,0,4396306
yadL_yadM_yadC_yadK_predicted,0.09090909090909091,10,10,AGCATAGTTACTGAGGGAGT,0,4399275
yadL_yadM_yadC_yadK_predicted,0.09090909090909091,10,10,AGATTGGTCGCGCAAACTTG,0,4386974
yadL_yadM_yadC_yadK_predicted,0.09090909090909091,10,10,ACTGTGTAGAGATTCTTATG,0,4391847
yadL_yadM_yadC_yadK_predicted,0.09090909090909091,10,10,ACTAGGAGGGTCTCTGAAGA,0,4375550
yadL_yadM_yadC_yadK_predicted,0.09090909090909091,10,10,ACGGGGCGATCGGCCCTTCA,0,4374444
yadL_yadM_yadC_yadK_predicted,0.09090909090909091,10,10,ACGATAGTCGCCACGTGATC,0,4393369
yadL_yadM_yadC_yadK_predicted,0.09090909090909091,10,10,ACGAGCTAGTTCAGGGAGCA,0,4391013
yadL_yadM_yadC_yadK_predicted,0.09090909090909091,10,10,ACCTATGGGTCTAGACCAAG,0,4394580
yadL_yadM_yadC_yadK_predicted,0.09090909090909091,10,10,ACCCATCCTCGGTCACCTTG,0,4396124
yadL_yadM_yadC_yadK_predicted,0.09090909090909091,10,10,ACCCACGTAAGAGATCTTAG,0,4393811
yadL_yadM_yadC_yadK_predicted,0.09090909090909091,10,10,ACAAGCTAGGCGTACTGGTT,0,4371246
yadL_yadM_yadC_yadK_predicted,0.09090909090909091,10,10,ACAAATCCTGTCAACAAGTG,0,4370733
yadL_yadM_yadC_yadK_predicted,0.09090909090909091,10,10,AATAGAACGGTTATTATCTT,0,4389936
yadL_yadM_yadC_yadK_predicted,0.09090909090909091,10,10,AAGTAATCTGACTTCCTGGA,0,4398817
yadL_yadM_yadC_yadK_predicted,0.09090909090909091,10,10,AAGGCGAACATGGTAGAAGC,0,4371248
yadL_yadM_yadC_yadK_predicted,0.09090909090909091,10,10,AAGCGGGCAGGGTTTTCTCC,0,4398220
yadL_yadM_yadC_yadK_predicted,0.09090909090909091,10,10,AACCATACATGTTGGTCCCG,0,4400689
yadL_yadM_yadC_yadK_predicted,0.09090909090909091,10,10,AAAGAACCGAGTTTTCATTT,0,4375418
yadL_yadM_yadC_yadK_predicted,0.09090909090909091,10,10,AAAACGTCCGGTGAGTACAT,0,4385932
yadL_yadM_yadC_yadK_predicted,0.1,9,9,TTTTGGGGCTGGTCTACGTT,0,4378534
yadL_yadM_yadC_yadK_predicted,0.1,9,9,TTTGCTCACCGCCAACCCAA,0,4390936
yadL_yadM_yadC_yadK_predicted,0.1,9,9,TTTGAATATATATTCGATAG,0,4386827
yadL_yadM_yadC_yadK_predicted,0.1,9,9,TTTCACAATATGTTCTCTTC,0,4371091
yadL_yadM_yadC_yadK_predicted,0.1,9,9,TTTATATCGTTGGCATTAAA,0,4371819
yadL_yadM_yadC_yadK_predicted,0.1,9,9,TTTAGTCGTCAGGGCCGGTT,0,4390867
yadL_yadM_yadC_yadK_predicted,0.1,9,9,TTTAGGTTACCGGCCAGTGT,0,4390080
yadL_yadM_yadC_yadK_predicted,0.1,9,9,TTGTCCCGACGTGCTTTTGA,0,4385156
yadL_yadM_yadC_yadK_predicted,0.1,9,9,TTGGCCAGTGTACAGTATGG,0,4398126
yadL_yadM_yadC_yadK_predicted,0.1,9,9,TTGCCAAATGCCTGTCGGCA,0,4398567
yadL_yadM_yadC_yadK_predicted,0.1,9,9,TTCAGGAAGCGATCGTAATG,0,4389805
yadL_yadM_yadC_yadK_predicted,0.1,9,9,TTATAGATGTCCGATTGTGG,0,4374944
yadL_yadM_yadC_yadK_predicted,0.1,9,9,TTAACAACTGCTGTGAAAAC,0,4378702
yadL_yadM_yadC_yadK_predicted,0.1,9,9,TGTTACTAGGTCTATTCATG,0,4372121
yadL_yadM_yadC_yadK_predicted,0.1,9,9,TGTGCGTTGGAGAGAAGATT,0,4391176
yadL_yadM_yadC_yadK_predicted,0.1,9,9,TGTCCTCGTGCCGAGTAAAT,0,4379497
yadL_yadM_yadC_yadK_predicted,0.1,9,9,TGTCACCCTTGCTCTAAGGC,0,4384172
yadL_yadM_yadC_yadK_predicted,0.1,9,9,TGTATGCCAGATAGGCGTGC,0,4389870
yadL_yadM_yadC_yadK_predicted,0.1,9,9,TGTAGTTGTTATCTCCTCGA,0,4399682
yadL_yadM_yadC_yadK_predicted,0.1,9,9,TGTACTCGTGTTTCAGGTGG,0,4390622
yadL_yadM_yadC_yadK_predicted,0.1,9,9,TGTACCTTCCATTCTGCAGG,0,4397471
yadL_yadM_yadC_yadK_predicted,0.1,9,9,TGTAACGGCGCTATTGATAT,0,4391995
yadL_yadM_yadC_yadK_predicted,0.1,9,9,TGGTTACGTCTAAGTCTCAC,0,4389107
yadL_yadM_yadC_yadK_predicted,0.1,9,9,TGGTCCTCGCCGCCAGTTTT,0,4384237
yadL_yadM_yadC_yadK_predicted,0.1,9,9,TGGTCCCGCAGGGACGGGCA,0,4376759
yadL_yadM_yadC_yadK_predicted,0.1,9,9,TGGTACACGCCGAATGCGAG,0,4383450
yadL_yadM_yadC_yadK_predicted,0.1,9,9,TGGGCAGCCAGGCTTATATA,0,4374299
yadL_yadM_yadC_yadK_predicted,0.1,9,9,TGGATCCGGTAAAAACCCGC,0,4402309
yadL_yadM_yadC_yadK_predicted,0.1,9,9,TGCGTGCATGATCGGCAAGC,0,4380941
yadL_yadM_yadC_yadK_predicted,0.1,9,9,TGCGTCCGCATCATTAGACG,0,4381651
yadL_yadM_yadC_yadK_predicted,0.1,9,9,TGCGGTCCCCCGGGGGGTTG,0,4374433
yadL_yadM_yadC_yadK_predicted,0.1,9,9,TGCCGATGAAATGCTGATAA,0,4376844
yadL_yadM_yadC_yadK_predicted,0.1,9,9,TGCCCATGGTGATTGACGTG,0,4377611
yadL_yadM_yadC_yadK_predicted,0.1,9,9,TGCACGATGGTCACTTTAGA,0,4386601
yadL_yadM_yadC_yadK_predicted,0.1,9,9,TGATTAGGACCAAAGTCATC,0,4377914
yadL_yadM_yadC_yadK_predicted,0.1,9,9,TGATGAACAATAATGCACCT,0,4391558
yadL_yadM_yadC_yadK_predicted,0.1,9,9,TGAGGCTAGTGGAGTATATA,0,4382272
yadL_yadM_yadC_yadK_predicted,0.1,9,9,TGAACGGTATCAGGAATGGT,0,4390766
yadL_yadM_yadC_yadK_predicted,0.1,9,9,TGAAATCTCTCGACGGTCCA,0,4389079
yadL_yadM_yadC_yadK_predicted,0.1,9,9,TCTCTTTTCGCTGACAGTGG,0,4384630
yadL_yadM_yadC_yadK_predicted,0.1,9,9,TCGTTGACGGGCGTGTATTG,0,4387503
yadL_yadM_yadC_yadK_predicted,0.1,9,9,TCGTCGCTATATAACTCTGA,0,4397267
yadL_yadM_yadC_yadK_predicted,0.1,9,9,TCGATACGCCTTGGAGCCAC,0,4378135
yadL_yadM_yadC_yadK_predicted,0.1,9,9,TCCGTTCTACTAAGCAAGTC,0,4376311
yadL_yadM_yadC_yadK_predicted,0.1,9,9,TCCGTTACGTCCCTCTAGGT,0,4397813
yadL_yadM_yadC_yadK_predicted,0.1,9,9,TCCGTTAACGAGAGTTACCC,0,4373458
yadL_yadM_yadC_yadK_predicted,0.1,9,9,TCCGACCCTGTCTCATTAAG,0,4392053
yadL_yadM_yadC_yadK_predicted,0.1,9,9,TCCGAATATGTATGACATGG,0,4370567
yadL_yadM_yadC_yadK_predicted,0.1,9,9,TCCAGTCATTATCCACCCGG,0,4378072
yadL_yadM_yadC_yadK_predicted,0.1,9,9,TCATTCAGCTGGCAGCCGCT,0,4389054
yadL_yadM_yadC_yadK_predicted,0.1,9,9,TCAGCCTAGAACCTAGAGTG,0,4379182
yadL_yadM_yadC_yadK_predicted,0.1,9,9,TCAAACGACAAGACTGTGGA,0,4380718
yadL_yadM_yadC_yadK_predicted,0.1,9,9,TATTGTACGTGGTTAAAGAG,0,4395248
yadL_yadM_yadC_yadK_predicted,0.1,9,9,TATTCACGACCATCACGTAT,0,4389913
yadL_yadM_yadC_yadK_predicted,0.1,9,9,TATGTTCTGCGTACAGAATT,0,4381364
yadL_yadM_yadC_yadK_predicted,0.1,9,9,TATGCGAGTGGTCCGAGCTG,0,4395648
yadL_yadM_yadC_yadK_predicted,0.1,9,9,TATGCCGCCAGCACCTTATT,0,4389057
yadL_yadM_yadC_yadK_predicted,0.1,9,9,TATCTCAGCCCATACATTGG,0,4398585
yadL_yadM_yadC_yadK_predicted,0.1,9,9,TAGCTCTAAGGGACTAGCTA,0,4388091
yadL_yadM_yadC_yadK_predicted,0.1,9,9,TAGCGACCTGGATAGCAGGG,0,4374468
yadL_yadM_yadC_yadK_predicted,0.1,9,9,TACTTTACTGATTTGAGACG,0,4389646
yadL_yadM_yadC_yadK_predicted,0.1,9,9,TACTGGAGTGTCCCTGCGAT,0,4375080
yadL_yadM_yadC_yadK_predicted,0.1,9,9,TACTAAGAAGCATCCCATCC,0,4381423
yadL_yadM_yadC_yadK_predicted,0.1,9,9,TACGAAAAGTATTGACCGAT,0,4379080
yadL_yadM_yadC_yadK_predicted,0.1,9,9,TACCCTATCTCTGGCTCATT,0,4397761
yadL_yadM_yadC_yadK_predicted,0.1,9,9,TACCCGGCAGATTAGGTGGA,0,4377532
yadL_yadM_yadC_yadK_predicted,0.1,9,9,TAATGTTAGTTGTGACCTAC,0,4377432
yadL_yadM_yadC_yadK_predicted,0.1,9,9,TAAGTGCGAGGTCTCCCACG,0,4372657
yadL_yadM_yadC_yadK_predicted,0.1,9,9,TAAGCTGTACAAATTGATCG,0,4380608
yadL_yadM_yadC_yadK_predicted,0.1,9,9,GTTTTAATTTTGGATGGGTA,0,4376230
yadL_yadM_yadC_yadK_predicted,0.1,9,9,GTTTGATGTTGTGTCCACGA,0,4394420
yadL_yadM_yadC_yadK_predicted,0.1,9,9,GTTGTTCGGATGGAGCTACA,0,4401825
yadL_yadM_yadC_yadK_predicted,0.1,9,9,GTTGTAAAATCGGCAGTTCT,0,4381110
yadL_yadM_yadC_yadK_predicted,0.1,9,9,GTTGGCTATGACTTTACTGG,0,4400142
yadL_yadM_yadC_yadK_predicted,0.1,9,9,GTTGATTAGATATTTTGTGG,0,4398795
yadL_yadM_yadC_yadK_predicted,0.1,9,9,GTTGATAATGGTCGAGATGT,0,4395794
yadL_yadM_yadC_yadK_predicted,0.1,9,9,GTTCCCATCTCGGATTTCTA,0,4375917
yadL_yadM_yadC_yadK_predicted,0.1,9,9,GTTCACTCGACACAGTATCA,0,4383626
yadL_yadM_yadC_yadK_predicted,0.1,9,9,GTTACGAGCAAATAGGCGAG,0,4384345
yadL_yadM_yadC_yadK_predicted,0.1,9,9,GTTAAGAGATTATGTGGCCT,0,4375882
yadL_yadM_yadC_yadK_predicted,0.1,9,9,GTGTCTAAAAAGAGAAACAA,0,4376097
yadL_yadM_yadC_yadK_predicted,0.1,9,9,GTGGAGGGGGTATTCTGTTG,0,4395192
yadL_yadM_yadC_yadK_predicted,0.1,9,9,GTGCTAATCGGTCACGGAAG,0,4382332
yadL_yadM_yadC_yadK_predicted,0.1,9,9,GTGATGCCCTATTAGGATGC,0,4384655
yadL_yadM_yadC_yadK_predicted,0.1,9,9,GTGATACCTTTCGCCAAGTA,0,4379969
yadL_yadM_yadC_yadK_predicted,0.1,9,9,GTGAGTGCGTGCAGGGGAAG,0,4374213
yadL_yadM_yadC_yadK_predicted,0.1,9,9,GTGACAAATGCTAAGTATAA,0,4382140
yadL_yadM_yadC_yadK_predicted,0.1,9,9,GTGAATGAATGCTACGAGTG,0,4375486
yadL_yadM_yadC_yadK_predicted,0.1,9,9,GTCTTCCCGTATCCGAAAGA,0,4376891
yadL_yadM_yadC_yadK_predicted,0.1,9,9,GTCTGATAGGCAGCAGTCCA,0,4394173
yadL_yadM_yadC_yadK_predicted,0.1,9,9,GTCGAAGTACTAGAACACCG,0,4400050
yadL_yadM_yadC_yadK_predicted,0.1,9,9,GTCCTGGACATGGCTTTCGT,0,4382080
yadL_yadM_yadC_yadK_predicted,0.1,9,9,GTCAGGATTAAGTTCCTTAT,0,4382380
yadL_yadM_yadC_yadK_predicted,0.1,9,9,GTAGGGTTAAAGACCACATT,0,4392807
yadL_yadM_yadC_yadK_predicted,0.1,9,9,GTACCCTCCGGGCCTCAGGC,0,4377739
yadL_yadM_yadC_yadK_predicted,0.1,9,9,GTACAGTGGTGTCCTAACGA,0,4397610
yadL_yadM_yadC_yadK_predicted,0.1,9,9,GGTTGTCGTCCCCAGTATCT,0,4398566
yadL_yadM_yadC_yadK_predicted,0.1,9,9,GGTTGCGCCAATAACATCCT,0,4395370
yadL_yadM_yadC_yadK_predicted,0.1,9,9,GGTTAGGCGGAGTACATTTT,0,4376094
yadL_yadM_yadC_yadK_predicted,0.1,9,9,GGTCGCGGGAGTCACGCGCC,0,4391917
yadL_yadM_yadC_yadK_predicted,0.1,9,9,GGTAGTGATCTTCGACGTCT,0,4396352
yadL_yadM_yadC_yadK_predicted,0.1,9,9,GGTACCGCGTAAGTGGATTG,0,4375618
yadL_yadM_yadC_yadK_predicted,0.1,9,9,GGGGGGTCCTACTGATTCCG,0,4382993
yadL_yadM_yadC_yadK_predicted,0.1,9,9,GGGCCACCCTGGATAGGTGT,0,4388268
yadL_yadM_yadC_yadK_predicted,0.1,9,9,GGGCCAAATAGGATGTCAAT,0,4393431
yadL_yadM_yadC_yadK_predicted,0.1,9,9,GGGATCTAAAGTGCGACATA,0,4388127
yadL_yadM_yadC_yadK_predicted,0.1,9,9,GGGAAGAATATTAATCGGAT,0,4388966
yadL_yadM_yadC_yadK_predicted,0.1,9,9,GGCTTAGTAGGATTAGACTC,0,4386456
yadL_yadM_yadC_yadK_predicted,0.1,9,9,GGCTCGAGATCCGATATAGT,0,4400359
yadL_yadM_yadC_yadK_predicted,0.1,9,9,GGCGGAATGCTAGCCTGGAA,0,4377179
yadL_yadM_yadC_yadK_predicted,0.1,9,9,GGCGCCCCCGTCTGTGGGGT,0,4397165
yadL_yadM_yadC_yadK_predicted,0.1,9,9,GGCGAAGGTGCCTCGCTGGG,0,4382424
yadL_yadM_yadC_yadK_predicted,0.1,9,9,GGCCGACTTGTTGCTGTTTT,0,4370308
yadL_yadM_yadC_yadK_predicted,0.1,9,9,GGAGCCTCCTTGCAAGCTAC,0,4371746
yadL_yadM_yadC_yadK_predicted,0.1,9,9,GGACTTCCCAATGGCGGCTG,0,4393745
yadL_yadM_yadC_yadK_predicted,0.1,9,9,GGACCATAAGAAACGGCTGC,0,4377377
yadL_yadM_yadC_yadK_predicted,0.1,9,9,GGACAGATTCGGCTCAAGGC,0,4402029
yadL_yadM_yadC_yadK_predicted,0.1,9,9,GGAAGTTTTCACAGTTTCAG,0,4397762
yadL_yadM_yadC_yadK_predicted,0.1,9,9,GCTTTCTTCCCGGCCTAGGT,0,4399375
yadL_yadM_yadC_yadK_predicted,0.1,9,9,GCTGGACTTATGAGTGACAA,0,4375269
yadL_yadM_yadC_yadK_predicted,0.1,9,9,GCGTCCACGTCGAAGCCTCA,0,4372743
yadL_yadM_yadC_yadK_predicted,0.1,9,9,GCGTCAAATTAAGGTGGAAC,0,4383437
yadL_yadM_yadC_yadK_predicted,0.1,9,9,GCCTGTTCAGTGGGGTGCGT,0,4389662
yadL_yadM_yadC_yadK_predicted,0.1,9,9,GCCTCAGCAGGTACGCCGGC,0,4379584
yadL_yadM_yadC_yadK_predicted,0.1,9,9,GCCAGATCTCATCCAAGTTG,0,4395300
yadL_yadM_yadC_yadK_predicted,0.1,9,9,GCATGCGGACAACTGTACAT,0,4381292
yadL_yadM_yadC_yadK_predicted,0.1,9,9,GCATACGGCACTACGATCGA,0,4373673
yadL_yadM_yadC_yadK_predicted,0.1,9,9,GCAGCTTATGCGGGTCCCAC,0,4375479
yadL_yadM_yadC_yadK_predicted,0.1,9,9,GCAACGGCATCATCAGACAG,0,4401976
yadL_yadM_yadC_yadK_predicted,0.1,9,9,GCAAATAGATGGTGAGTGGT,0,4400109
yadL_yadM_yadC_yadK_predicted,0.1,9,9,GATTCCCGTTAGAAATACGA,0,4370228
yadL_yadM_yadC_yadK_predicted,0.1,9,9,GATTAATGGCCACCTCAAGC,0,4390609
yadL_yadM_yadC_yadK_predicted,0.1,9,9,GATGCGCACGCGAAAGCATA,0,4399281
yadL_yadM_yadC_yadK_predicted,0.1,9,9,GATGAATCTCCATCAGGCTC,0,4387568
yadL_yadM_yadC_yadK_predicted,0.1,9,9,GATCCTGGCGAGCGATTCAT,0,4386951
yadL_yadM_yadC_yadK_predicted,0.1,9,9,GAGTTATGTCGAAGTGGGTG,0,4378415
yadL_yadM_yadC_yadK_predicted,0.1,9,9,GAGTATCGTAGGCATCTTCT,0,4381667
yadL_yadM_yadC_yadK_predicted,0.1,9,9,GAGGGGACCTGATGTGCGTC,0,4376990
yadL_yadM_yadC_yadK_predicted,0.1,9,9,GAGGCTCATGTTTCGGCTTC,0,4377066
yadL_yadM_yadC_yadK_predicted,0.1,9,9,GAGCTACTGTCTTGCGCTTG,0,4396323
yadL_yadM_yadC_yadK_predicted,0.1,9,9,GAGAGTAGATGCAGCAGCGG,0,4399314
yadL_yadM_yadC_yadK_predicted,0.1,9,9,GAGAGACCACCCGTCTCGAC,0,4389065
yadL_yadM_yadC_yadK_predicted,0.1,9,9,GAATGGCACTGCCGTTTATA,0,4393747
yadL_yadM_yadC_yadK_predicted,0.1,9,9,CTTCCCATGCGCGGGAGGAG,0,4399804
yadL_yadM_yadC_yadK_predicted,0.1,9,9,CTGTTGCATATTAGCTTTGA,0,4387331
yadL_yadM_yadC_yadK_predicted,0.1,9,9,CTGTCAGAAGTTATTCCCTT,0,4388695
yadL_yadM_yadC_yadK_predicted,0.1,9,9,CTGTACCGGGCCTGGTACCA,0,4396048
yadL_yadM_yadC_yadK_predicted,0.1,9,9,CTGGGACAGTTCGTGGCAGC,0,4385317
yadL_yadM_yadC_yadK_predicted,0.1,9,9,CTGCATAGTCCAGTGCAATT,0,4390070
yadL_yadM_yadC_yadK_predicted,0.1,9,9,CTGAGCATCTCTGATGGCGC,0,4373349
yadL_yadM_yadC_yadK_predicted,0.1,9,9,CTCTTGTTGCTAAAACGTAC,0,4383713
yadL_yadM_yadC_yadK_predicted,0.1,9,9,CTCTCAAGTCAAGTGTTCGC,0,4396056
yadL_yadM_yadC_yadK_predicted,0.1,9,9,CTCGGAGGCACATGAATTAT,0,4398812
yadL_yadM_yadC_yadK_predicted,0.1,9,9,CTCAATCCATTGAAGTCTTT,0,4392742
yadL_yadM_yadC_yadK_predicted,0.1,9,9,CTATGCAACGAATTTCCGGA,0,4397199
yadL_yadM_yadC_yadK_predicted,0.1,9,9,CTAGCTTTCGTTTCGTAACA,0,4394385
yadL_yadM_yadC_yadK_predicted,0.1,9,9,CTACTTGCTGGGCGGATCAC,0,4376490
yadL_yadM_yadC_yadK_predicted,0.1,9,9,CTAACTCGAGGTGATAGCAG,0,4392590
yadL_yadM_yadC_yadK_predicted,0.1,9,9,CGTTTCTCTCAAGTCTTAAC,0,4393530
yadL_yadM_yadC_yadK_predicted,0.1,9,9,CGTTGCAGTAGGTCGCGTAT,0,4380117
yadL_yadM_yadC_yadK_predicted,0.1,9,9,CGTGGGATAAGTCGGTACTA,0,4377633
yadL_yadM_yadC_yadK_predicted,0.1,9,9,CGTCTCACCGCATCGGACAA,0,4385843
yadL_yadM_yadC_yadK_predicted,0.1,9,9,CGTATTATGTAAGTTTTCCA,0,4377064
yadL_yadM_yadC_yadK_predicted,0.1,9,9,CGGTTTGCGTGGCCTTGAGT,0,4383793
yadL_yadM_yadC_yadK_predicted,0.1,9,9,CGGGAGTGCGCGATGCTTGT,0,4381188
yadL_yadM_yadC_yadK_predicted,0.1,9,9,CGGCGATCATAAAACTTCTG,0,4375774
yadL_yadM_yadC_yadK_predicted,0.1,9,9,CGGCATGGTCGTCACTCGAT,0,4383125
yadL_yadM_yadC_yadK_predicted,0.1,9,9,CGGCACGCCTCCACCCAGTT,0,4401396
yadL_yadM_yadC_yadK_predicted,0.1,9,9,CGGAGCATTACCGGGGCACT,0,4391932
yadL_yadM_yadC_yadK_predicted,0.1,9,9,CGCTATATGTGAGTCGGTCG,0,4400701
yadL_yadM_yadC_yadK_predicted,0.1,9,9,CGCGGGCTTGAGCGCCCGTC,0,4389352
yadL_yadM_yadC_yadK_predicted,0.1,9,9,CGCGCCTCGGGATCCCCGTA,0,4402494
yadL_yadM_yadC_yadK_predicted,0.1,9,9,CGCGAATAGGGCGTCATGAG,0,4395503
yadL_yadM_yadC_yadK_predicted,0.1,9,9,CGCCAGCTGGGATTAGAATA,0,4389694
yadL_yadM_yadC_yadK_predicted,0.1,9,9,CGCATCGTTTTATTGTGCCG,0,4391884
yadL_yadM_yadC_yadK_predicted,0.1,9,9,CGATTCTACAAAAGGGCTCC,0,4387033
yadL_yadM_yadC_yadK_predicted,0.1,9,9,CGATGTAAGGCTTGGTACGA,0,4377979
yadL_yadM_yadC_yadK_predicted,0.1,9,9,CGATGGCGAAGTGCTTCTGT,0,4385211
yadL_yadM_yadC_yadK_predicted,0.1,9,9,CGATAGCTGCCGGGCGTAGG,0,4380016
yadL_yadM_yadC_yadK_predicted,0.1,9,9,CGAGGCTCGACCTCTTGTTA,0,4402301
yadL_yadM_yadC_yadK_predicted,0.1,9,9,CGACGGCGCTTAAGTTTACT,0,4402293
yadL_yadM_yadC_yadK_predicted,0.1,9,9,CGAACGGCATATGTCTACTT,0,4373112
yadL_yadM_yadC_yadK_predicted,0.1,9,9,CCTGTACCTACTTTAATCGG,0,4399910
yadL_yadM_yadC_yadK_predicted,0.1,9,9,CCTGGTAGACACCAGTTAAT,0,4388461
yadL_yadM_yadC_yadK_predicted,0.1,9,9,CCTGGACTGTAAGGTGTCTC,0,4378997
yadL_yadM_yadC_yadK_predicted,0.1,9,9,CCTGCCCGTTCTGATCGGGT,0,4384607
yadL_yadM_yadC_yadK_predicted,0.1,9,9,CCTAGATGACGTAATGCTCT,0,4394507
yadL_yadM_yadC_yadK_predicted,0.1,9,9,CCGGTGACTACAGAGCTAAA,0,4393462
yadL_yadM_yadC_yadK_predicted,0.1,9,9,CCGCACGGCACGCGTGGTAC,0,4378600
yadL_yadM_yadC_yadK_predicted,0.1,9,9,CCGACAGTCATAGTGCTTCT,0,4373187
yadL_yadM_yadC_yadK_predicted,0.1,9,9,CCCTGTCTTTTGTACAGGAA,0,4376098
yadL_yadM_yadC_yadK_predicted,0.1,9,9,CCCGAAATTGGTGGGAAGAT,0,4375346
yadL_yadM_yadC_yadK_predicted,0.1,9,9,CCCAGTACAACGACCTGAGC,0,4378749
yadL_yadM_yadC_yadK_predicted,0.1,9,9,CCATGGGTACCCACGGATTA,0,4381290
yadL_yadM_yadC_yadK_predicted,0.1,9,9,CCATAGGTTTTGTTCATCCT,0,4384611
yadL_yadM_yadC_yadK_predicted,0.1,9,9,CCAGGTGAAGGTTATGGTAT,0,4386405
yadL_yadM_yadC_yadK_predicted,0.1,9,9,CCAATAGTAATGAAGCAGAT,0,4391563
yadL_yadM_yadC_yadK_predicted,0.1,9,9,CCAAGTCAGTGGGACTGTAT,0,4381909
yadL_yadM_yadC_yadK_predicted,0.1,9,9,CCAAGGTAACTAATTCCTAT,0,4388207
yadL_yadM_yadC_yadK_predicted,0.1,9,9,CCAAGCAGTACCTAGGTCTT,0,4380064
yadL_yadM_yadC_yadK_predicted,0.1,9,9,CCAAACTTCGTCAGACCAAT,0,4384247
yadL_yadM_yadC_yadK_predicted,0.1,9,9,CATTGTTCGTTTGGATAATA,0,4375930
yadL_yadM_yadC_yadK_predicted,0.1,9,9,CATGAAGGCGTTACTTGCTG,0,4380771
yadL_yadM_yadC_yadK_predicted,0.1,9,9,CATCTTCGAATCGTGGGAGC,0,4399321
yadL_yadM_yadC_yadK_predicted,0.1,9,9,CATCTCCCCTTCGCACCACC,0,4374980
yadL_yadM_yadC_yadK_predicted,0.1,9,9,CATATAATTCACACTGGCCA,0,4393242
yadL_yadM_yadC_yadK_predicted,0.1,9,9,CATAGCGTCGAACCGGCTGT,0,4388694
yadL_yadM_yadC_yadK_predicted,0.1,9,9,CATACCGGCTTCTAGTACAG,0,4392859
yadL_yadM_yadC_yadK_predicted,0.1,9,9,CAGGTCAGGACCATTATCGC,0,4400708
yadL_yadM_yadC_yadK_predicted,0.1,9,9,CAGCCTTGGTGCCGTGTGGA,0,4374625
yadL_yadM_yadC_yadK_predicted,0.1,9,9,CAGCCCCGCTATTCCAGTTG,0,4397230
yadL_yadM_yadC_yadK_predicted,0.1,9,9,CAGAAACCCGTATGTGTCTG,0,4373107
yadL_yadM_yadC_yadK_predicted,0.1,9,9,CACGGTGCGGATATCAGGCC,0,4396355
yadL_yadM_yadC_yadK_predicted,0.1,9,9,CACGGTCCGGCGTGGCCGAA,0,4394283
yadL_yadM_yadC_yadK_predicted,0.1,9,9,CACACATTAGGCCGGGTCGT,0,4380966
yadL_yadM_yadC_yadK_predicted,0.1,9,9,CAATGGTTAGTACTGGGAAG,0,4389307
yadL_yadM_yadC_yadK_predicted,0.1,9,9,CAATGCATGTGCATGCAGAT,0,4379636
yadL_yadM_yadC_yadK_predicted,0.1,9,9,CAATGACAAATGCGTCTCGC,0,4372232
yadL_yadM_yadC_yadK_predicted,0.1,9,9,CAAGGATAAGATTCAATGAA,0,4373904
yadL_yadM_yadC_yadK_predicted,0.1,9,9,CAAGAGCAAAAAGCGTGGCT,0,4392883
yadL_yadM_yadC_yadK_predicted,0.1,9,9,CAACACCACGAGTTATATAT,0,4382984
yadL_yadM_yadC_yadK_predicted,0.1,9,9,ATTTGCACTGCGTAACAGTA,0,4398654
yadL_yadM_yadC_yadK_predicted,0.1,9,9,ATTTCACAAGTGTGGACCGC,0,4382341
yadL_yadM_yadC_yadK_predicted,0.1,9,9,ATTGTGCCAAGCGTGGCACA,0,4370810
yadL_yadM_yadC_yadK_predicted,0.1,9,9,ATTGTCGTATCGGAGTCAAT,0,4384908
yadL_yadM_yadC_yadK_predicted,0.1,9,9,ATTGGTTTCTGCTCAGCGTC,0,4392475
yadL_yadM_yadC_yadK_predicted,0.1,9,9,ATTCTATTGGGCCGAGTATG,0,4387613
yadL_yadM_yadC_yadK_predicted,0.1,9,9,ATTCGTCATACGAAACTAAG,0,4382883
yadL_yadM_yadC_yadK_predicted,0.1,9,9,ATTATCCATAGGATGGCAAA,0,4389737
yadL_yadM_yadC_yadK_predicted,0.1,9,9,ATGTGATCCAGCCCCCTTTC,0,4391993
yadL_yadM_yadC_yadK_predicted,0.1,9,9,ATGGGCATCACGGCGGCTTG,0,4381852
yadL_yadM_yadC_yadK_predicted,0.1,9,9,ATGGCAAAATACAAGGCCAA,0,4391079
yadL_yadM_yadC_yadK_predicted,0.1,9,9,ATGCCCGGACAGTTTGGTGC,0,4372849
yadL_yadM_yadC_yadK_predicted,0.1,9,9,ATGCCACGTAACTCGTTCCT,0,4385752
yadL_yadM_yadC_yadK_predicted,0.1,9,9,ATGACGCGTCAATCCGGACT,0,4393647
yadL_yadM_yadC_yadK_predicted,0.1,9,9,ATCTTCGTTAACTGCGATGG,0,4395230
yadL_yadM_yadC_yadK_predicted,0.1,9,9,ATCTCTTGGACGTAGATTTA,0,4385202
yadL_yadM_yadC_yadK_predicted,0.1,9,9,ATCTCGATACCCCGGGTAAA,0,4386698
yadL_yadM_yadC_yadK_predicted,0.1,9,9,ATCTCCCACCTGCCCTTTCA,0,4371505
yadL_yadM_yadC_yadK_predicted,0.1,9,9,ATCTAGGTTCGTCATTTATG,0,4391987
yadL_yadM_yadC_yadK_predicted,0.1,9,9,ATCGGGTAGGCAGGGTGCAT,0,4373891
yadL_yadM_yadC_yadK_predicted,0.1,9,9,ATATTTACTCGCCGATCGCA,0,4393270
yadL_yadM_yadC_yadK_predicted,0.1,9,9,ATATGGCTCCTCAGAAAGCT,0,4390014
yadL_yadM_yadC_yadK_predicted,0.1,9,9,ATATATTGTGGCTAGGCGCA,0,4384759
yadL_yadM_yadC_yadK_predicted,0.1,9,9,ATAGTAGGGACGAAAGGGCA,0,4377080
yadL_yadM_yadC_yadK_predicted,0.1,9,9,ATACACACGAGAGTATCTCA,0,4377154
yadL_yadM_yadC_yadK_predicted,0.1,9,9,ATAAACTAGACATGGGGTTT,0,4397983
yadL_yadM_yadC_yadK_predicted,0.1,9,9,AGTTAGCAAGAGATCTTTGT,0,4375803
yadL_yadM_yadC_yadK_predicted,0.1,9,9,AGTATTGGTGGAAGAGTGAA,0,4374777
yadL_yadM_yadC_yadK_predicted,0.1,9,9,AGTAGATTCTTGACTTTCGG,0,4395405
yadL_yadM_yadC_yadK_predicted,0.1,9,9,AGTACTGACCACGCGTATGA,0,4377928
yadL_yadM_yadC_yadK_predicted,0.1,9,9,AGGTTTTTTTAAGCGAAGCG,0,4396717
yadL_yadM_yadC_yadK_predicted,0.1,9,9,AGGTGGCAGACTATCATGTA,0,4396713
yadL_yadM_yadC_yadK_predicted,0.1,9,9,AGGTGCTAAGTGTCTTCCGA,0,4385694
yadL_yadM_yadC_yadK_predicted,0.1,9,9,AGGTATGCGGTCATCTGTCC,0,4401624
yadL_yadM_yadC_yadK_predicted,0.1,9,9,AGGCGGCTTGAGTTATTAGC,0,4382522
yadL_yadM_yadC_yadK_predicted,0.1,9,9,AGGCCCGGAGCTTAAATACA,0,4393844
yadL_yadM_yadC_yadK_predicted,0.1,9,9,AGCTTGAGGGCCATCCGTGC,0,4370878
yadL_yadM_yadC_yadK_predicted,0.1,9,9,AGCTGTAAAGTCTGTGGTTC,0,4385481
yadL_yadM_yadC_yadK_predicted,0.1,9,9,AGCGTTCCTTCAAACCATAA,0,4384312
yadL_yadM_yadC_yadK_predicted,0.1,9,9,AGCCCTCGTACGAGCACAGG,0,4391257
yadL_yadM_yadC_yadK_predicted,0.1,9,9,ACTGTGTTTCTCGCGCTGCT,0,4373727
yadL_yadM_yadC_yadK_predicted,0.1,9,9,ACTGGTGCCCCGGAGTAACG,0,4386329
yadL_yadM_yadC_yadK_predicted,0.1,9,9,ACTGGAACTGCCGCTCGCTG,0,4386669
yadL_yadM_yadC_yadK_predicted,0.1,9,9,ACGTGTCGATTTGTTCCCAA,0,4398353
yadL_yadM_yadC_yadK_predicted,0.1,9,9,ACGGTTATGGGGGTTCAAAA,0,4377660
yadL_yadM_yadC_yadK_predicted,0.1,9,9,ACGGAGTATAAACATTGCTG,0,4395322
yadL_yadM_yadC_yadK_predicted,0.1,9,9,ACGCGATTTATCGTGGCTAT,0,4383709
yadL_yadM_yadC_yadK_predicted,0.1,9,9,ACGATATAGGGGAAGGTCTT,0,4373334
yadL_yadM_yadC_yadK_predicted,0.1,9,9,ACGAGCCCTGAACCAGGGCT,0,4393694
yadL_yadM_yadC_yadK_predicted,0.1,9,9,ACGACATACGGGTTTCCGTG,0,4384490
yadL_yadM_yadC_yadK_predicted,0.1,9,9,ACCTGCGGCTTTGGGGGATA,0,4382273
yadL_yadM_yadC_yadK_predicted,0.1,9,9,ACCTCGTTATGATGGCACGA,0,4383734
yadL_yadM_yadC_yadK_predicted,0.1,9,9,ACCTCAACCACCTGTACGTG,0,4374843
yadL_yadM_yadC_yadK_predicted,0.1,9,9,ACCGCCTCGCGATAGAGTTA,0,4396128
yadL_yadM_yadC_yadK_predicted,0.1,9,9,ACCGAATAGCTCCATTCTAG,0,4372249
yadL_yadM_yadC_yadK_predicted,0.1,9,9,ACCAGCCTGCCCGTAATACT,0,4375098
yadL_yadM_yadC_yadK_predicted,0.1,9,9,ACAGTTGAATTAATCAATGC,0,4383754
yadL_yadM_yadC_yadK_predicted,0.1,9,9,ACAGTACGTGTCCCTAAAAA,0,4392180
yadL_yadM_yadC_yadK_predicted,0.1,9,9,ACAGGACATAACTCGTTGAT,0,4383508
yadL_yadM_yadC_yadK_predicted,0.1,9,9,ACACTTCAAAGGTTCCAAGG,0,4384228
yadL_yadM_yadC_yadK_predicted,0.1,9,9,ACACCGCGCAAAAGCTTGCT,0,4383344
yadL_yadM_yadC_yadK_predicted,0.1,9,9,ACAACAGACCTTTTCGGAGT,0,4372653
yadL_yadM_yadC_yadK_predicted,0.1,9,9,ACAAATTCAACATGGGCTAC,0,4396308
yadL_yadM_yadC_yadK_predicted,0.1,9,9,ACAAACACGTTAATGTTGTC,0,4380579
yadL_yadM_yadC_yadK_predicted,0.1,9,9,AATTCATTAAAGCGGTGACT,0,4372592
yadL_yadM_yadC_yadK_predicted,0.1,9,9,AATCGTTTCGAGCACAGATC,0,4380616
yadL_yadM_yadC_yadK_predicted,0.1,9,9,AATAGTGATAGTAAGTCCCA,0,4397832
yadL_yadM_yadC_yadK_predicted,0.1,9,9,AAGTGTTCGAGTAGGTTTCA,0,4390144
yadL_yadM_yadC_yadK_predicted,0.1,9,9,AAGTAAAGATAAGGGAGGCG,0,4395709
yadL_yadM_yadC_yadK_predicted,0.1,9,9,AAGGCCCGATACTCGTCGAA,0,4381784
yadL_yadM_yadC_yadK_predicted,0.1,9,9,AAGATTCCAAGAGAGCGGAT,0,4371275
yadL_yadM_yadC_yadK_predicted,0.1,9,9,AAGACGACATAGGGGGTCAA,0,4377545
yadL_yadM_yadC_yadK_predicted,0.1,9,9,AACTTAAAATAGGCGAAGCT,0,4385416
yadL_yadM_yadC_yadK_predicted,0.1,9,9,AACTAATTCGTGACACCCAG,0,4371029
yadL_yadM_yadC_yadK_predicted,0.1,9,9,AACCTACGAGCGAATGGGGA,0,4382833
yadL_yadM_yadC_yadK_predicted,0.1,9,9,AACATCGCCTGACTTTTTGA,0,4398692
yadL_yadM_yadC_yadK_predicted,0.1,9,9,AACACGATGGGGCCTATGCG,0,4394684
yadL_yadM_yadC_yadK_predicted,0.1,9,9,AAACATCGCAAGTCCAGGTA,0,4389105
yadL_yadM_yadC_yadK_predicted,0.1,9,9,AAAAACACTATATCCTCTCA,0,4395427
yadL_yadM_yadC_yadK_predicted,0.1111111111111111,8,8,TTTTCCCGCGGAACTACACG,0,4371500
yadL_yadM_yadC_yadK_predicted,0.1111111111111111,8,8,TTTCGAGCGTTGCGTTTCGT,0,4379499
yadL_yadM_yadC_yadK_predicted,0.1111111111111111,8,8,TTTATGGTACCAAGTATAAC,0,4375658
yadL_yadM_yadC_yadK_predicted,0.1111111111111111,8,8,TTTAAGAGCACTTAAGCCAA,0,4386871
yadL_yadM_yadC_yadK_predicted,0.1111111111111111,8,8,TTGTTTTAAATGTTGGAACA,0,4399628
yadL_yadM_yadC_yadK_predicted,0.1111111111111111,8,8,TTGGTCGAAACTATAATGCC,0,4371189
yadL_yadM_yadC_yadK_predicted,0.1111111111111111,8,8,TTGGGCCGGCGGGTAGGCCC,0,4400619
yadL_yadM_yadC_yadK_predicted,0.1111111111111111,8,8,TTGGATCAACAAAGAGCACG,0,4373306
yadL_yadM_yadC_yadK_predicted,0.1111111111111111,8,8,TTCTAGTAAGATTACAGTCC,0,4390935
yadL_yadM_yadC_yadK_predicted,0.1111111111111111,8,8,TTCCCGTACGAGTTAGGTCG,0,4370367
yadL_yadM_yadC_yadK_predicted,0.1111111111111111,8,8,TTATTTGGACTCATTTACGC,0,4391170
yadL_yadM_yadC_yadK_predicted,0.1111111111111111,8,8,TTATGGCCCTGTGCGTAGAC,0,4383421
yadL_yadM_yadC_yadK_predicted,0.1111111111111111,8,8,TTAGCGTTGGCACGCTGATG,0,4390212
yadL_yadM_yadC_yadK_predicted,0.1111111111111111,8,8,TTACGACGGCCAGCCCTCGG,0,4393152
yadL_yadM_yadC_yadK_predicted,0.1111111111111111,8,8,TTACAGAACAATGCAAAGTG,0,4373849
yadL_yadM_yadC_yadK_predicted,0.1111111111111111,8,8,TTAAACGAGCATAGTGGGGA,0,4382209
yadL_yadM_yadC_yadK_predicted,0.1111111111111111,8,8,TGTTGACGTTTAGTTGGATA,0,4379525
yadL_yadM_yadC_yadK_predicted,0.1111111111111111,8,8,TGTGTATGTGTCTGGTTCAT,0,4399793
yadL_yadM_yadC_yadK_predicted,0.1111111111111111,8,8,TGTCTCAATTATATGTTTAA,0,4387967
yadL_yadM_yadC_yadK_predicted,0.1111111111111111,8,8,TGTCGCGTGCATAGATCGAT,0,4370570
yadL_yadM_yadC_yadK_predicted,0.1111111111111111,8,8,TGGATGAATTATCGCCCAGA,0,4399602
yadL_yadM_yadC_yadK_predicted,0.1111111111111111,8,8,TGGAGCGGATAAATGAGCTC,0,4372392
yadL_yadM_yadC_yadK_predicted,0.1111111111111111,8,8,TGGAACGGGGACCTTTCTTC,0,4392576
yadL_yadM_yadC_yadK_predicted,0.1111111111111111,8,8,TGCTGGTCCCTCACAGTCAT,0,4398713
yadL_yadM_yadC_yadK_predicted,0.1111111111111111,8,8,TGCTGCTAGGCATCAGACGT,0,4372967
yadL_yadM_yadC_yadK_predicted,0.1111111111111111,8,8,TGCGCGCGCATGTGTTCTAG,0,4390391
yadL_yadM_yadC_yadK_predicted,0.1111111111111111,8,8,TGCCAATAACCTGACCCCGT,0,4391555
yadL_yadM_yadC_yadK_predicted,0.1111111111111111,8,8,TGATCTCATGCAAATCGAAG,0,4374258
yadL_yadM_yadC_yadK_predicted,0.1111111111111111,8,8,TGATATTCTTACACGGGCTT,0,4386597
yadL_yadM_yadC_yadK_predicted,0.1111111111111111,8,8,TGAGTCGCTTCGTCAGTGCT,0,4385056
yadL_yadM_yadC_yadK_predicted,0.1111111111111111,8,8,TGACTTGGGTCAACCCTTAA,0,4372555
yadL_yadM_yadC_yadK_predicted,0.1111111111111111,8,8,TGACTCATATCTGTCCGCGT,0,4396970
yadL_yadM_yadC_yadK_predicted,0.1111111111111111,8,8,TGACAGCCTCCCCTGTAGTG,0,4387636
yadL_yadM_yadC_yadK_predicted,0.1111111111111111,8,8,TGAACTGTAGAAAAAAATGG,0,4386704
yadL_yadM_yadC_yadK_predicted,0.1111111111111111,8,8,TCTTTTACGGTCATTGTCAA,0,4401577
yadL_yadM_yadC_yadK_predicted,0.1111111111111111,8,8,TCTTACAAAGGTGGGCATTA,0,4372793
yadL_yadM_yadC_yadK_predicted,0.1111111111111111,8,8,TCTGAAGAGCCAAAGTCACC,0,4373587
yadL_yadM_yadC_yadK_predicted,0.1111111111111111,8,8,TCTCGGTTCCAATACTAAAG,0,4373262
yadL_yadM_yadC_yadK_predicted,0.1111111111111111,8,8,TCTCCGCGAGCGGAAAAACG,0,4386660
yadL_yadM_yadC_yadK_predicted,0.1111111111111111,8,8,TCTAGACACAAGAAACCGGA,0,4378650
yadL_yadM_yadC_yadK_predicted,0.1111111111111111,8,8,TCGTCTGGGTCACTCGGGGA,0,4394370
yadL_yadM_yadC_yadK_predicted,0.1111111111111111,8,8,TCGAGTTGGAGAGCGTGCAA,0,4380222
yadL_yadM_yadC_yadK_predicted,0.1111111111111111,8,8,TCCAATGTCCGTCCTCATAA,0,4379405
yadL_yadM_yadC_yadK_predicted,0.1111111111111111,8,8,TCATCAAGACTTCTTACCAG,0,4388364
yadL_yadM_yadC_yadK_predicted,0.1111111111111111,8,8,TCAGGCCACTTTATTCCTGT,0,4389083
yadL_yadM_yadC_yadK_predicted,0.1111111111111111,8,8,TCAGCTGTTCGTGGCGGTGG,0,4375776
yadL_yadM_yadC_yadK_predicted,0.1111111111111111,8,8,TCAGACGTGTACATCAGCTA,0,4386699
yadL_yadM_yadC_yadK_predicted,0.1111111111111111,8,8,TCACTCTTTAAGTTGGATCT,0,4381979
yadL_yadM_yadC_yadK_predicted,0.1111111111111111,8,8,TCACCACGGGGTAGAATAGT,0,4382286
yadL_yadM_yadC_yadK_predicted,0.1111111111111111,8,8,TCAATATGAGCGATTTTATT,0,4401160
yadL_yadM_yadC_yadK_predicted,0.1111111111111111,8,8,TATTATAGGGCTACAATCTA,0,4399065
yadL_yadM_yadC_yadK_predicted,0.1111111111111111,8,8,TATCAGTAGAGAAGTTAGTT,0,4377384
yadL_yadM_yadC_yadK_predicted,0.1111111111111111,8,8,TATAGGGATGTAGAGAGGGG,0,4390900
yadL_yadM_yadC_yadK_predicted,0.1111111111111111,8,8,TATACCAAGATAAGCTCAAA,0,4375043
yadL_yadM_yadC_yadK_predicted,0.1111111111111111,8,8,TATAAGGGACAGAAGCCCTT,0,4386151
yadL_yadM_yadC_yadK_predicted,0.1111111111111111,8,8,TAGGTCACCGCCAGAGAATT,0,4382990
yadL_yadM_yadC_yadK_predicted,0.1111111111111111,8,8,TAGGGTGGATCGGATGTTGC,0,4400258
yadL_yadM_yadC_yadK_predicted,0.1111111111111111,8,8,TAGCTAAGTAACTTTAATCG,0,4397675
yadL_yadM_yadC_yadK_predicted,0.1111111111111111,8,8,TAGAAATCCATCGAACGGGA,0,4378348
yadL_yadM_yadC_yadK_predicted,0.1111111111111111,8,8,TACTTCCGCATGTCCTCGCA,0,4396247
yadL_yadM_yadC_yadK_predicted,0.1111111111111111,8,8,TACTGTCCCTGACATCAAAA,0,4377919
yadL_yadM_yadC_yadK_predicted,0.1111111111111111,8,8,TACTGGAATGTTAGGTTGTT,0,4376317
yadL_yadM_yadC_yadK_predicted,0.1111111111111111,8,8,TACGTACGACACTGGTCGAA,0,4376308
yadL_yadM_yadC_yadK_predicted,0.1111111111111111,8,8,TACGGGAAATTCCGGTGAAC,0,4400680
yadL_yadM_yadC_yadK_predicted,0.1111111111111111,8,8,TACCTAATGCGGGGGGTTCT,0,4382878
yadL_yadM_yadC_yadK_predicted,0.1111111111111111,8,8,TAATTCCTAAGCAATGGCAG,0,4378662
yadL_yadM_yadC_yadK_predicted,0.1111111111111111,8,8,TAATGGGGATACATACAGTA,0,4385179
yadL_yadM_yadC_yadK_predicted,0.1111111111111111,8,8,TAAGGCCAACGTCTGGGACA,0,4385956
yadL_yadM_yadC_yadK_predicted,0.1111111111111111,8,8,TAACGGACTTACGGTAACAT,0,4376914
yadL_yadM_yadC_yadK_predicted,0.1111111111111111,8,8,TAACACCTGTGTGGGCTAGT,0,4397106
yadL_yadM_yadC_yadK_predicted,0.1111111111111111,8,8,TAAAATTCCGTATCGGTGAA,0,4377123
yadL_yadM_yadC_yadK_predicted,0.1111111111111111,8,8,GTTACGAAGAGCGCTAAGAG,0,4376717
yadL_yadM_yadC_yadK_predicted,0.1111111111111111,8,8,GTTAAAGTACCTGTATCGCA,0,4391815
yadL_yadM_yadC_yadK_predicted,0.1111111111111111,8,8,GTGTGCGCTAGTGTGGAGGC,0,4398043
yadL_yadM_yadC_yadK_predicted,0.1111111111111111,8,8,GTGTGAAACCGTGTCGCAAT,0,4385706
yadL_yadM_yadC_yadK_predicted,0.1111111111111111,8,8,GTGTAACTTCAGGGAAGGCA,0,4373576
yadL_yadM_yadC_yadK_predicted,0.1111111111111111,8,8,GTGATATGCCGACACGGCGT,0,4396881
yadL_yadM_yadC_yadK_predicted,0.1111111111111111,8,8,GTCTGCCTATGGCGCCGTGT,0,4398179
yadL_yadM_yadC_yadK_predicted,0.1111111111111111,8,8,GTCTCTGCCCTTAACCTCTT,0,4385383
yadL_yadM_yadC_yadK_predicted,0.1111111111111111,8,8,GTCTATGGTTCGTTTTCCAG,0,4400978
yadL_yadM_yadC_yadK_predicted,0.1111111111111111,8,8,GTCGTTTATTCTTCACAAGT,0,4397561
yadL_yadM_yadC_yadK_predicted,0.1111111111111111,8,8,GTCGTCATCACGTATAGCCT,0,4398308
yadL_yadM_yadC_yadK_predicted,0.1111111111111111,8,8,GTCAGATTAAGGTGTCTAGT,0,4394149
yadL_yadM_yadC_yadK_predicted,0.1111111111111111,8,8,GTATCTCAAGGCCGATGTGC,0,4393673
yadL_yadM_yadC_yadK_predicted,0.1111111111111111,8,8,GTAGGACGTCTTCAACAAGC,0,4380112
yadL_yadM_yadC_yadK_predicted,0.1111111111111111,8,8,GTAATCTCTGACCAGGGTTC,0,4375716
yadL_yadM_yadC_yadK_predicted,0.1111111111111111,8,8,GGTTGAAGTTGATGGTGGAA,0,4372282
yadL_yadM_yadC_yadK_predicted,0.1111111111111111,8,8,GGTTCCGGTATGTATGCGTA,0,4376404
yadL_yadM_yadC_yadK_predicted,0.1111111111111111,8,8,GGTGGCTGCACGATCACACG,0,4372123
yadL_yadM_yadC_yadK_predicted,0.1111111111111111,8,8,GGTACAGACTCAGCATCGGT,0,4385362
yadL_yadM_yadC_yadK_predicted,0.1111111111111111,8,8,GGTAATAAATGTGGGTACTA,0,4390242
yadL_yadM_yadC_yadK_predicted,0.1111111111111111,8,8,GGGTGTCGTCAAGCCGCAGA,0,4394070
yadL_yadM_yadC_yadK_predicted,0.1111111111111111,8,8,GGGTAGCGTGAATGTGGTGA,0,4381311
yadL_yadM_yadC_yadK_predicted,0.1111111111111111,8,8,GGGGGGACAAAGGACTGGCT,0,4400896
yadL_yadM_yadC_yadK_predicted,0.1111111111111111,8,8,GGGGCCGCTCTCCCTATGCA,0,4378683
yadL_yadM_yadC_yadK_predicted,0.1111111111111111,8,8,GGGCTGTTGTTGGTTCGGGT,0,4396743
yadL_yadM_yadC_yadK_predicted,0.1111111111111111,8,8,GGGCGGAATGAATTTTCAAG,0,4387327
yadL_yadM_yadC_yadK_predicted,0.1111111111111111,8,8,GGGATCCTCAAGAGGTACTA,0,4395881
yadL_yadM_yadC_yadK_predicted,0.1111111111111111,8,8,GGGAGTCGGAGGGTGAACGG,0,4374813
yadL_yadM_yadC_yadK_predicted,0.1111111111111111,8,8,GGGACGCACCTCCAGTACAA,0,4396942
yadL_yadM_yadC_yadK_predicted,0.1111111111111111,8,8,GGGAATCATTCCCATGTGCA,0,4376044
yadL_yadM_yadC_yadK_predicted,0.1111111111111111,8,8,GGCGATCGGTTACGACGTTA,0,4380289
yadL_yadM_yadC_yadK_predicted,0.1111111111111111,8,8,GGCCGTTTCTGGGAAGTCTG,0,4390548
yadL_yadM_yadC_yadK_predicted,0.1111111111111111,8,8,GGCATGAGAATGCCGTTTTG,0,4396461
yadL_yadM_yadC_yadK_predicted,0.1111111111111111,8,8,GGCATACCGAATTCTGGTGC,0,4386184
yadL_yadM_yadC_yadK_predicted,0.1111111111111111,8,8,GGAGTCTGAATCCTTATTTG,0,4370732
yadL_yadM_yadC_yadK_predicted,0.1111111111111111,8,8,GGAGACACCCCTTCACGGCT,0,4401437
yadL_yadM_yadC_yadK_predicted,0.1111111111111111,8,8,GGACTCATGGGTTGATGGAT,0,4397595
yadL_yadM_yadC_yadK_predicted,0.1111111111111111,8,8,GGACCGCTAATTTACTGTAC,0,4388858
yadL_yadM_yadC_yadK_predicted,0.1111111111111111,8,8,GGAATGCGTAAGATCCTCAA,0,4376118
yadL_yadM_yadC_yadK_predicted,0.1111111111111111,8,8,GCTGGTTAGATTTGGCGAGA,0,4390502
yadL_yadM_yadC_yadK_predicted,0.1111111111111111,8,8,GCTGGGTGTGTTGTTGGAGT,0,4400707
yadL_yadM_yadC_yadK_predicted,0.1111111111111111,8,8,GCTCGCACGGTAATAAGGTT,0,4384879
yadL_yadM_yadC_yadK_predicted,0.1111111111111111,8,8,GCTAGCGACAGCATTTCCTT,0,4375122
yadL_yadM_yadC_yadK_predicted,0.1111111111111111,8,8,GCGTAAGATTGCACGGCTTC,0,4379980
yadL_yadM_yadC_yadK_predicted,0.1111111111111111,8,8,GCGGAAGATTCCTGTGGATG,0,4393492
yadL_yadM_yadC_yadK_predicted,0.1111111111111111,8,8,GCGAGATTAAAGACCACATT,0,4398920
yadL_yadM_yadC_yadK_predicted,0.1111111111111111,8,8,GCGAATTCCCCCATATAATC,0,4396616
yadL_yadM_yadC_yadK_predicted,0.1111111111111111,8,8,GCCTTTGGCGCAGTCGCACA,0,4386568
yadL_yadM_yadC_yadK_predicted,0.1111111111111111,8,8,GCCTCAGGTATACCGCGTTT,0,4383746
yadL_yadM_yadC_yadK_predicted,0.1111111111111111,8,8,GCCTACGGGGCGTGACATTC,0,4401246
yadL_yadM_yadC_yadK_predicted,0.1111111111111111,8,8,GCCGGAATACCACATTAGCT,0,4381660
yadL_yadM_yadC_yadK_predicted,0.1111111111111111,8,8,GCCGAGGTATGTCTGATAGG,0,4393364
yadL_yadM_yadC_yadK_predicted,0.1111111111111111,8,8,GCCGACCTGAGACTCTGTCA,0,4388490
yadL_yadM_yadC_yadK_predicted,0.1111111111111111,8,8,GCCAGTTGATCTTTTTTGGA,0,4393886
yadL_yadM_yadC_yadK_predicted,0.1111111111111111,8,8,GCCAGCGTTAAAAGAAGGCT,0,4372231
yadL_yadM_yadC_yadK_predicted,0.1111111111111111,8,8,GCCAGCCTGTTCGGGCGGTA,0,4386708
yadL_yadM_yadC_yadK_predicted,0.1111111111111111,8,8,GCCAGAAAGCTCACGCCTTG,0,4373080
yadL_yadM_yadC_yadK_predicted,0.1111111111111111,8,8,GCCACGCGCGCCCATCGTTA,0,4392935
yadL_yadM_yadC_yadK_predicted,0.1111111111111111,8,8,GCATTGAAGTTAGTGATCGC,0,4391361
yadL_yadM_yadC_yadK_predicted,0.1111111111111111,8,8,GCATGGTCTTAGGCGATGAA,0,4380709
yadL_yadM_yadC_yadK_predicted,0.1111111111111111,8,8,GCAAAGCCCATAGGTGACCA,0,4383721
yadL_yadM_yadC_yadK_predicted,0.1111111111111111,8,8,GATTGAGAGGGTGACGAGCA,0,4399140
yadL_yadM_yadC_yadK_predicted,0.1111111111111111,8,8,GATGGCAGACGCTCTAGACC,0,4378149
yadL_yadM_yadC_yadK_predicted,0.1111111111111111,8,8,GATCTCAACCAGGGATGTCT,0,4385860
yadL_yadM_yadC_yadK_predicted,0.1111111111111111,8,8,GATCTAGTACAGGAGTTTTC,0,4373521
yadL_yadM_yadC_yadK_predicted,0.1111111111111111,8,8,GATATCCGGGGACCGAGTCG,0,4381863
yadL_yadM_yadC_yadK_predicted,0.1111111111111111,8,8,GATATAGCATCAGGTGGGTA,0,4384831
yadL_yadM_yadC_yadK_predicted,0.1111111111111111,8,8,GATACCTCCGCCATGTTGGT,0,4394419
yadL_yadM_yadC_yadK_predicted,0.1111111111111111,8,8,GAGTACGGAGGCTGTATTCC,0,4384723
yadL_yadM_yadC_yadK_predicted,0.1111111111111111,8,8,GAGGGGTCAAAAATGTGGCA,0,4370215
yadL_yadM_yadC_yadK_predicted,0.1111111111111111,8,8,GAGCAATGGTGTTAAGCAAA,0,4385333
yadL_yadM_yadC_yadK_predicted,0.1111111111111111,8,8,GAGAATAGAAGTATAGGATT,0,4386481
yadL_yadM_yadC_yadK_predicted,0.1111111111111111,8,8,GAGAACTGATCGGGAGGACT,0,4387658
yadL_yadM_yadC_yadK_predicted,0.1111111111111111,8,8,GACTGGTTTGTATATGTTGA,0,4400347
yadL_yadM_yadC_yadK_predicted,0.1111111111111111,8,8,GACGGATAAACAATTATCTC,0,4397063
yadL_yadM_yadC_yadK_predicted,0.1111111111111111,8,8,GACGAGAAGACGGTTATAGT,0,4373072
yadL_yadM_yadC_yadK_predicted,0.1111111111111111,8,8,GACCGATGTCACACTCGCGT,0,4375024
yadL_yadM_yadC_yadK_predicted,0.1111111111111111,8,8,GAATATGGAGCTTGCTAGCA,0,4370869
yadL_yadM_yadC_yadK_predicted,0.1111111111111111,8,8,GAAGAGAGGGACCGATACAT,0,4383588
yadL_yadM_yadC_yadK_predicted,0.1111111111111111,8,8,GAAGAAGAAGATAGGCTCAT,0,4372233
yadL_yadM_yadC_yadK_predicted,0.1111111111111111,8,8,CTTTCAGCCTAGTATGTTCT,0,4372226
yadL_yadM_yadC_yadK_predicted,0.1111111111111111,8,8,CTTGGTATTTGTGGCTTATA,0,4382954
yadL_yadM_yadC_yadK_predicted,0.1111111111111111,8,8,CTTCTTTCACCCGACGAATA,0,4386754
yadL_yadM_yadC_yadK_predicted,0.1111111111111111,8,8,CTTCCCTTTAAGTCGCAACC,0,4397184
yadL_yadM_yadC_yadK_predicted,0.1111111111111111,8,8,CTTCAGCGTGGTGGTCTATA,0,4370157
yadL_yadM_yadC_yadK_predicted,0.1111111111111111,8,8,CTTAGTCTGATAGGCCATCG,0,4373765
yadL_yadM_yadC_yadK_predicted,0.1111111111111111,8,8,CTTACTGGCATAGGCCCCCT,0,4373005
yadL_yadM_yadC_yadK_predicted,0.1111111111111111,8,8,CTTACTGCGATTTCAGGATG,0,4392314
yadL_yadM_yadC_yadK_predicted,0.1111111111111111,8,8,CTGTTTGTGGCGATCCATTG,0,4390413
yadL_yadM_yadC_yadK_predicted,0.1111111111111111,8,8,CTGGCTTCGGCCACTTTCTT,0,4391855
yadL_yadM_yadC_yadK_predicted,0.1111111111111111,8,8,CTGCATTTCCGGCTCACGAA,0,4376368
yadL_yadM_yadC_yadK_predicted,0.1111111111111111,8,8,CTGCATAAGACGCCTATTAG,0,4389645
yadL_yadM_yadC_yadK_predicted,0.1111111111111111,8,8,CTGAGCTTTAGCTACTGACT,0,4374868
yadL_yadM_yadC_yadK_predicted,0.1111111111111111,8,8,CTCTTAAAGATAAAAATTTG,0,4386029
yadL_yadM_yadC_yadK_predicted,0.1111111111111111,8,8,CTCGGGTGGAAGTCAGATCA,0,4395065
yadL_yadM_yadC_yadK_predicted,0.1111111111111111,8,8,CTCCTATTGGAGTTATGTAG,0,4384802
yadL_yadM_yadC_yadK_predicted,0.1111111111111111,8,8,CTCCGTTATGTCCGACCTTT,0,4374464
yadL_yadM_yadC_yadK_predicted,0.1111111111111111,8,8,CTAGGCCGGAGTAAGACGTG,0,4385134
yadL_yadM_yadC_yadK_predicted,0.1111111111111111,8,8,CTAGATTTAACTTGGTTAAA,0,4393496
yadL_yadM_yadC_yadK_predicted,0.1111111111111111,8,8,CTAATGTTACTCAACCAGGG,0,4399048
yadL_yadM_yadC_yadK_predicted,0.1111111111111111,8,8,CGTGTGTTGTCAAGCCTGGT,0,4397698
yadL_yadM_yadC_yadK_predicted,0.1111111111111111,8,8,CGTGTATCCGTAGTCGGTGA,0,4385750
yadL_yadM_yadC_yadK_predicted,0.1111111111111111,8,8,CGTATCTGGAGGTGTGCTAT,0,4385320
yadL_yadM_yadC_yadK_predicted,0.1111111111111111,8,8,CGTACCACTATGCCTGCTGA,0,4372070
yadL_yadM_yadC_yadK_predicted,0.1111111111111111,8,8,CGTACACCCCAAGCGGCCGG,0,4395918
yadL_yadM_yadC_yadK_predicted,0.1111111111111111,8,8,CGGTCATCGGCGTAGCCTGT,0,4391012
yadL_yadM_yadC_yadK_predicted,0.1111111111111111,8,8,CGGTCAGGCTCAGTAGCGGC,0,4391492
yadL_yadM_yadC_yadK_predicted,0.1111111111111111,8,8,CGGTATCGCATACTGTTTAA,0,4371673
yadL_yadM_yadC_yadK_predicted,0.1111111111111111,8,8,CGGGTTAATAAATGGTGGTT,0,4386845
yadL_yadM_yadC_yadK_predicted,0.1111111111111111,8,8,CGGCTTCGCATTACCTTATC,0,4382526
yadL_yadM_yadC_yadK_predicted,0.1111111111111111,8,8,CGGCTGCTGTGAAAACCTTA,0,4371754
yadL_yadM_yadC_yadK_predicted,0.1111111111111111,8,8,CGGCATCCGGGCGCGCATTC,0,4380985
yadL_yadM_yadC_yadK_predicted,0.1111111111111111,8,8,CGGATGACCAGTCTGTATCG,0,4399786
yadL_yadM_yadC_yadK_predicted,0.1111111111111111,8,8,CGCTCAGTCCATACGTGGTT,0,4371523
yadL_yadM_yadC_yadK_predicted,0.1111111111111111,8,8,CGCGGCCTAGCGAATATCTT,0,4395365
yadL_yadM_yadC_yadK_predicted,0.1111111111111111,8,8,CGAGGATCGAGGACTACATG,0,4402292
yadL_yadM_yadC_yadK_predicted,0.1111111111111111,8,8,CCTTTGATTGGGCACTGCTT,0,4372268
yadL_yadM_yadC_yadK_predicted,0.1111111111111111,8,8,CCTTTAAAGTACACATCTAG,0,4376708
yadL_yadM_yadC_yadK_predicted,0.1111111111111111,8,8,CCTCGGTGGACCATTCGCCT,0,4376677
yadL_yadM_yadC_yadK_predicted,0.1111111111111111,8,8,CCTCCTACGGCATGTCAGAT,0,4379850
yadL_yadM_yadC_yadK_predicted,0.1111111111111111,8,8,CCGTTTGTTATCCGTGCGGA,0,4387009
yadL_yadM_yadC_yadK_predicted,0.1111111111111111,8,8,CCGGTGATCGCCCCCGGCAA,0,4392019
yadL_yadM_yadC_yadK_predicted,0.1111111111111111,8,8,CCGGCATAATCGCATACCAA,0,4381924
yadL_yadM_yadC_yadK_predicted,0.1111111111111111,8,8,CCGGAGTATCTAGTAAGGTT,0,4391187
yadL_yadM_yadC_yadK_predicted,0.1111111111111111,8,8,CCGAGTAATGGAGCCAAGTG,0,4380788
yadL_yadM_yadC_yadK_predicted,0.1111111111111111,8,8,CCCTGGATGATTTGATAGGT,0,4373386
yadL_yadM_yadC_yadK_predicted,0.1111111111111111,8,8,CCCTGATGGCCCTTGATTAG,0,4388956
yadL_yadM_yadC_yadK_predicted,0.1111111111111111,8,8,CCCCGCCCTCTCATGCCGAA,0,4400891
yadL_yadM_yadC_yadK_predicted,0.1111111111111111,8,8,CCCAGAAACCGATCTGGCGT,0,4384791
yadL_yadM_yadC_yadK_predicted,0.1111111111111111,8,8,CCAGGATGCTCAAGCGCCCA,0,4378992
yadL_yadM_yadC_yadK_predicted,0.1111111111111111,8,8,CCAGAGGACGCGGGTAATAA,0,4377778
yadL_yadM_yadC_yadK_predicted,0.1111111111111111,8,8,CCACTGGACGAGACCGCCAC,0,4377056
yadL_yadM_yadC_yadK_predicted,0.1111111111111111,8,8,CATTCTCGAGAATACTAGAA,0,4402100
yadL_yadM_yadC_yadK_predicted,0.1111111111111111,8,8,CATCAGGAGCAGCAGGTGGC,0,4379819
yadL_yadM_yadC_yadK_predicted,0.1111111111111111,8,8,CATAGTCCACAACCTAGACA,0,4382919
yadL_yadM_yadC_yadK_predicted,0.1111111111111111,8,8,CAGGCGGAGACTAGATGCGT,0,4380093
yadL_yadM_yadC_yadK_predicted,0.1111111111111111,8,8,CACTTAGGTCGGTTAATAGC,0,4399406
yadL_yadM_yadC_yadK_predicted,0.1111111111111111,8,8,CACTCCACCGCGGCCGAGAA,0,4377843
yadL_yadM_yadC_yadK_predicted,0.1111111111111111,8,8,CACGATCGTAACGATGCGCT,0,4373089
yadL_yadM_yadC_yadK_predicted,0.1111111111111111,8,8,CACAGGCAAGGGTTCCATAT,0,4394541
yadL_yadM_yadC_yadK_predicted,0.1111111111111111,8,8,CAATACAGGGCCGTCCCGTT,0,4387753
yadL_yadM_yadC_yadK_predicted,0.1111111111111111,8,8,CAACGGGTGGAGTCGAAGGT,0,4382459
yadL_yadM_yadC_yadK_predicted,0.1111111111111111,8,8,CAAATTACGATGTGAGGACT,0,4379237
yadL_yadM_yadC_yadK_predicted,0.1111111111111111,8,8,CAAACCGCGATCCTTCTGTT,0,4387865
yadL_yadM_yadC_yadK_predicted,0.1111111111111111,8,8,ATTTTACTATTTCCCGCGGT,0,4371345
yadL_yadM_yadC_yadK_predicted,0.1111111111111111,8,8,ATTTCTGGTTGTTCCAAACT,0,4374447
yadL_yadM_yadC_yadK_predicted,0.1111111111111111,8,8,ATTGTTCAAAAGTCGCTTAA,0,4396938
yadL_yadM_yadC_yadK_predicted,0.1111111111111111,8,8,ATTGGATCCGTACGTCCCAG,0,4374032
yadL_yadM_yadC_yadK_predicted,0.1111111111111111,8,8,ATTCTCTTCTTCCCCCAGAT,0,4401412
yadL_yadM_yadC_yadK_predicted,0.1111111111111111,8,8,ATTCTCCTATCTGAGAGCAA,0,4388877
yadL_yadM_yadC_yadK_predicted,0.1111111111111111,8,8,ATTATCCATATGATGGGGAG,0,4392253
yadL_yadM_yadC_yadK_predicted,0.1111111111111111,8,8,ATTAATTAGTGCACAAGGTC,0,4376316
yadL_yadM_yadC_yadK_predicted,0.1111111111111111,8,8,ATGTGCCTTAGTCACCCGGT,0,4397350
yadL_yadM_yadC_yadK_predicted,0.1111111111111111,8,8,ATGTCTCGCACACCATGATT,0,4382616
yadL_yadM_yadC_yadK_predicted,0.1111111111111111,8,8,ATGTAGTTGGCGCGTCTTTC,0,4375660
yadL_yadM_yadC_yadK_predicted,0.1111111111111111,8,8,ATGTAAGTCCCTGGTTCCTT,0,4378302
yadL_yadM_yadC_yadK_predicted,0.1111111111111111,8,8,ATGTAAAATGCGCTGACGCT,0,4395440
yadL_yadM_yadC_yadK_predicted,0.1111111111111111,8,8,ATGGTCTCAGGCTGTCCGCT,0,4387829
yadL_yadM_yadC_yadK_predicted,0.1111111111111111,8,8,ATGGGGAACCGCTTGAAGTC,0,4392792
yadL_yadM_yadC_yadK_predicted,0.1111111111111111,8,8,ATGGCCCATGTAGCATTGTA,0,4393555
yadL_yadM_yadC_yadK_predicted,0.1111111111111111,8,8,ATGCGGTGCGCAACGGCCAC,0,4372805
yadL_yadM_yadC_yadK_predicted,0.1111111111111111,8,8,ATGCGACGATGGGCGCTGGA,0,4378544
yadL_yadM_yadC_yadK_predicted,0.1111111111111111,8,8,ATGCCAGTACGTACTTGATA,0,4396822
yadL_yadM_yadC_yadK_predicted,0.1111111111111111,8,8,ATGATCCGAACACGTGGTCC,0,4372068
yadL_yadM_yadC_yadK_predicted,0.1111111111111111,8,8,ATCGATGCGCGTCAGTCGGT,0,4398968
yadL_yadM_yadC_yadK_predicted,0.1111111111111111,8,8,ATCCGGCTCAGGGAAGTGGT,0,4389370
yadL_yadM_yadC_yadK_predicted,0.1111111111111111,8,8,ATCACCATTTGTGCAACTCT,0,4373535
yadL_yadM_yadC_yadK_predicted,0.1111111111111111,8,8,ATATCCAGAAGCTAGACGTA,0,4399794
yadL_yadM_yadC_yadK_predicted,0.1111111111111111,8,8,ATAGGGGGCTTTAGTACCAC,0,4382952
yadL_yadM_yadC_yadK_predicted,0.1111111111111111,8,8,ATAGAGCAGCGATTTACGGC,0,4376797
yadL_yadM_yadC_yadK_predicted,0.1111111111111111,8,8,ATAACTCCTTTTGCAGTAAG,0,4396440
yadL_yadM_yadC_yadK_predicted,0.1111111111111111,8,8,AGTTTCTTACGCTCGAGGTC,0,4398574
yadL_yadM_yadC_yadK_predicted,0.1111111111111111,8,8,AGTTGGTGGAGTTATCGTCG,0,4383179
yadL_yadM_yadC_yadK_predicted,0.1111111111111111,8,8,AGTGGCAATATTGTGGTGAA,0,4380678
yadL_yadM_yadC_yadK_predicted,0.1111111111111111,8,8,AGTACACTATGGCCATCGCT,0,4387118
yadL_yadM_yadC_yadK_predicted,0.1111111111111111,8,8,AGTAATGCCGCCCAAGCAGG,0,4392725
yadL_yadM_yadC_yadK_predicted,0.1111111111111111,8,8,AGGCTGTAGCAGATGCATTA,0,4380554
yadL_yadM_yadC_yadK_predicted,0.1111111111111111,8,8,AGGCTCGCCGGACCAGAATC,0,4402230
yadL_yadM_yadC_yadK_predicted,0.1111111111111111,8,8,AGGCGGATCGGTGTCGGTCC,0,4393365
yadL_yadM_yadC_yadK_predicted,0.1111111111111111,8,8,AGGCGAGCTTAACTTAAGAA,0,4376976
yadL_yadM_yadC_yadK_predicted,0.1111111111111111,8,8,AGGCCGTGCGGCTGTTTTAA,0,4398243
yadL_yadM_yadC_yadK_predicted,0.1111111111111111,8,8,AGGATCGAATATCAGGCTGA,0,4400534
yadL_yadM_yadC_yadK_predicted,0.1111111111111111,8,8,AGGACCAACTACATAGTCCA,0,4385015
yadL_yadM_yadC_yadK_predicted,0.1111111111111111,8,8,AGCGAGGGCTGAAAAAGGTT,0,4393847
yadL_yadM_yadC_yadK_predicted,0.1111111111111111,8,8,AGCCACTAACAGCCACAAAA,0,4394778
yadL_yadM_yadC_yadK_predicted,0.1111111111111111,8,8,AGCATGGTGTGAACCCGTGA,0,4378938
yadL_yadM_yadC_yadK_predicted,0.1111111111111111,8,8,AGCAGTTGGATAGGTGACTA,0,4394830
yadL_yadM_yadC_yadK_predicted,0.1111111111111111,8,8,AGATCGTAAGGTTACTTGAT,0,4384291
yadL_yadM_yadC_yadK_predicted,0.1111111111111111,8,8,AGATACAATGCTCAAGCTAG,0,4375165
yadL_yadM_yadC_yadK_predicted,0.1111111111111111,8,8,AGAGGGACGGAAGCACAGAC,0,4372620
yadL_yadM_yadC_yadK_predicted,0.1111111111111111,8,8,AGAGGCTACGTCACTTTATA,0,4396806
yadL_yadM_yadC_yadK_predicted,0.1111111111111111,8,8,AGAGGCCAGAACCGTCCTGA,0,4394781
yadL_yadM_yadC_yadK_predicted,0.1111111111111111,8,8,AGACTATTTGACTTTCGGTT,0,4393508
yadL_yadM_yadC_yadK_predicted,0.1111111111111111,8,8,AGACAATGGGAGCTTGTGAA,0,4372051
yadL_yadM_yadC_yadK_predicted,0.1111111111111111,8,8,AGAAGAGATCTCCATACCCC,0,4377655
yadL_yadM_yadC_yadK_predicted,0.1111111111111111,8,8,AGAACCGACGCTGGTTGGTA,0,4384535
yadL_yadM_yadC_yadK_predicted,0.1111111111111111,8,8,AGAAACATATTACTCACCGA,0,4384365
yadL_yadM_yadC_yadK_predicted,0.1111111111111111,8,8,ACTTCTATTTGCGTTAAGAC,0,4379101
yadL_yadM_yadC_yadK_predicted,0.1111111111111111,8,8,ACTTAGTCTCCTGCATACAC,0,4374403
yadL_yadM_yadC_yadK_predicted,0.1111111111111111,8,8,ACTTAAGGCTGAGTTTTCAC,0,4376226
yadL_yadM_yadC_yadK_predicted,0.1111111111111111,8,8,ACTGCCTCAGGTGCCGACAA,0,4378678
yadL_yadM_yadC_yadK_predicted,0.1111111111111111,8,8,ACTGAGTATAATAGCGTGGG,0,4376977
yadL_yadM_yadC_yadK_predicted,0.1111111111111111,8,8,ACTCTGTATGATTCTAGCGG,0,4384316
yadL_yadM_yadC_yadK_predicted,0.1111111111111111,8,8,ACTCTGGCATTAGCGGTCAC,0,4391066
yadL_yadM_yadC_yadK_predicted,0.1111111111111111,8,8,ACTCCCAGGTTAAGCTCAGC,0,4389268
yadL_yadM_yadC_yadK_predicted,0.1111111111111111,8,8,ACTATGTTAGCGGTGCGTAT,0,4402138
yadL_yadM_yadC_yadK_predicted,0.1111111111111111,8,8,ACGTGGACTTTTTGTTTTGT,0,4391229
yadL_yadM_yadC_yadK_predicted,0.1111111111111111,8,8,ACGTGAAACGGGTCCTACTT,0,4381070
yadL_yadM_yadC_yadK_predicted,0.1111111111111111,8,8,ACGTCACTGGAACCCGGACT,0,4374272
yadL_yadM_yadC_yadK_predicted,0.1111111111111111,8,8,ACGGCTGATACGCTACCGTA,0,4380867
yadL_yadM_yadC_yadK_predicted,0.1111111111111111,8,8,ACGCTGACATAACCAGTGAG,0,4378895
yadL_yadM_yadC_yadK_predicted,0.1111111111111111,8,8,ACGCATGTGCTCTAAAGGTG,0,4371413
yadL_yadM_yadC_yadK_predicted,0.1111111111111111,8,8,ACCTCTGAATACGCGTTGTT,0,4385561
yadL_yadM_yadC_yadK_predicted,0.1111111111111111,8,8,ACCGCGTGAAGGCCCGTTCA,0,4393047
yadL_yadM_yadC_yadK_predicted,0.1111111111111111,8,8,ACATCACTGTTAGCCGCAAC,0,4401798
yadL_yadM_yadC_yadK_predicted,0.1111111111111111,8,8,ACAGGGTTAAGGCGTACGTC,0,4390246
yadL_yadM_yadC_yadK_predicted,0.1111111111111111,8,8,ACACTGGTCCTTACGCTAGC,0,4383417
yadL_yadM_yadC_yadK_predicted,0.1111111111111111,8,8,ACAATGTCTAGGGCTATAAC,0,4392211
yadL_yadM_yadC_yadK_predicted,0.1111111111111111,8,8,AATGTGAGGCATCACCGGTA,0,4390849
yadL_yadM_yadC_yadK_predicted,0.1111111111111111,8,8,AATGCTTCACCCTTCACCGG,0,4373608
yadL_yadM_yadC_yadK_predicted,0.1111111111111111,8,8,AATAGTGCGTGATGTCACCT,0,4377200
yadL_yadM_yadC_yadK_predicted,0.1111111111111111,8,8,AAGTCTATTCCATGGATGGG,0,4391065
yadL_yadM_yadC_yadK_predicted,0.1111111111111111,8,8,AAGCTCTGCGTAGATCAGCG,0,4377089
yadL_yadM_yadC_yadK_predicted,0.1111111111111111,8,8,AACTTTGCCAGTAAACCTGT,0,4391241
yadL_yadM_yadC_yadK_predicted,0.1111111111111111,8,8,AACTACAATTTGTATGGATG,0,4378126
yadL_yadM_yadC_yadK_predicted,0.1111111111111111,8,8,AACGAATGCGATGGATTTGA,0,4394543
yadL_yadM_yadC_yadK_predicted,0.1111111111111111,8,8,AACCGTCGTAAAAGGTATGA,0,4384534
yadL_yadM_yadC_yadK_predicted,0.1111111111111111,8,8,AACCCACCGGTACGTTTAGG,0,4384741
yadL_yadM_yadC_yadK_predicted,0.1111111111111111,8,8,AACAGCGTGCAACCCAGTTG,0,4387303
yadL_yadM_yadC_yadK_predicted,0.1111111111111111,8,8,AACACGATAACCGGCAAATG,0,4389242
yadL_yadM_yadC_yadK_predicted,0.1111111111111111,8,8,AAATTATGTCGGTTAATGTC,0,4378585
yadL_yadM_yadC_yadK_predicted,0.1111111111111111,8,8,AAATGACTCCCTTTGTCACT,0,4374161
yadL_yadM_yadC_yadK_predicted,0.1111111111111111,8,8,AAATATAATAGTTCCCGGGG,0,4375000
yadL_yadM_yadC_yadK_predicted,0.1111111111111111,8,8,AAAGTACTAAAGAAGTATAG,0,4377887
yadL_yadM_yadC_yadK_predicted,0.1111111111111111,8,8,AAAGCTTTAAGAATCAGTTG,0,4385309
yadL_yadM_yadC_yadK_predicted,0.1111111111111111,8,8,AAAGCTCTCAATCTTTGATT,0,4387340
yadL_yadM_yadC_yadK_predicted,0.1111111111111111,8,8,AAACTATCGTGCGGATCTCG,0,4400214
yadL_yadM_yadC_yadK_predicted,0.1111111111111111,8,8,AAACGAATTTCCCACAGGGT,0,4400176
yadL_yadM_yadC_yadK_predicted,0.1111111111111111,8,8,AAAATTACGGAGTGCACCTC,0,4388065
yadL_yadM_yadC_yadK_predicted,0.1111111111111111,8,8,AAAAGCCTACGGGCGCTGAC,0,4380386
yadL_yadM_yadC_yadK_predicted,0.1111111111111111,8,8,AAAACACCTCTGATCGCGGA,0,4389442
yadL_yadM_yadC_yadK_predicted,0.125,7,7,TTTTGCGGGGCTGCAAAAAT,0,4388096
yadL_yadM_yadC_yadK_predicted,0.125,7,7,TTTTCAGACCACCCTAGTGC,0,4388280
yadL_yadM_yadC_yadK_predicted,0.125,7,7,TTTTAGTAGAGAAGCCTACT,0,4378541
yadL_yadM_yadC_yadK_predicted,0.125,7,7,TTTGGTGTGTTACTTACGTT,0,4372727
yadL_yadM_yadC_yadK_predicted,0.125,7,7,TTTGGGGGTGCAAGCTGCCC,0,4376616
yadL_yadM_yadC_yadK_predicted,0.125,7,7,TTTGAGGCATTACGTCGAAC,0,4389559
yadL_yadM_yadC_yadK_predicted,0.125,7,7,TTTCGTTATTTGACTTTAGG,0,4379012
yadL_yadM_yadC_yadK_predicted,0.125,7,7,TTTCCTTTGTTCTGACTAGC,0,4382228
yadL_yadM_yadC_yadK_predicted,0.125,7,7,TTTATAAGAGTGTTGCTTCG,0,4392335
yadL_yadM_yadC_yadK_predicted,0.125,7,7,TTTAGGAACTTCGTCTTCGC,0,4401210
yadL_yadM_yadC_yadK_predicted,0.125,7,7,TTTACGAAGTAGTTAAGACT,0,4394930
yadL_yadM_yadC_yadK_predicted,0.125,7,7,TTGTATATGACCACAAAGTT,0,4398068
yadL_yadM_yadC_yadK_predicted,0.125,7,7,TTGGGCAGTGCACAGGATGC,0,4375398
yadL_yadM_yadC_yadK_predicted,0.125,7,7,TTGGGACTTGCACTCCTCAA,0,4383395
yadL_yadM_yadC_yadK_predicted,0.125,7,7,TTGGCGTACCTTATAATGAC,0,4394565
yadL_yadM_yadC_yadK_predicted,0.125,7,7,TTGGCGCCCGAGTAGAAAAT,0,4400587
yadL_yadM_yadC_yadK_predicted,0.125,7,7,TTGCTGATATGCCTTCTGCC,0,4383416
yadL_yadM_yadC_yadK_predicted,0.125,7,7,TTGCTCGGGTGGCATAGGGA,0,4393910
yadL_yadM_yadC_yadK_predicted,0.125,7,7,TTGCGTGAAGTGTTTTGCGC,0,4395002
yadL_yadM_yadC_yadK_predicted,0.125,7,7,TTGCAGAGTTATTTATTTTA,0,4384170
yadL_yadM_yadC_yadK_predicted,0.125,7,7,TTGAACGGGAACCAACACGG,0,4373452
yadL_yadM_yadC_yadK_predicted,0.125,7,7,TTGAACAAGCTATCCTTTTC,0,4377306
yadL_yadM_yadC_yadK_predicted,0.125,7,7,TTCTGGTTGCGTCGCGGACC,0,4385589
yadL_yadM_yadC_yadK_predicted,0.125,7,7,TTCGTCATTGGTACTTAGTT,0,4387884
yadL_yadM_yadC_yadK_predicted,0.125,7,7,TTCGAAATTAGTTCATGGGC,0,4397391
yadL_yadM_yadC_yadK_predicted,0.125,7,7,TTCCACTCGTGTCTACAAAC,0,4390960
yadL_yadM_yadC_yadK_predicted,0.125,7,7,TTCAACCCATGACCGACAGG,0,4380665
yadL_yadM_yadC_yadK_predicted,0.125,7,7,TTCAAAGATGCTCCCGCCCA,0,4398781
yadL_yadM_yadC_yadK_predicted,0.125,7,7,TTAGTGAGGACCCTAAGGTG,0,4394505
yadL_yadM_yadC_yadK_predicted,0.125,7,7,TGTTGGAACCCGTCAGTATG,0,4398969
yadL_yadM_yadC_yadK_predicted,0.125,7,7,TGTTCAAACACTCGTTGAGT,0,4386868
yadL_yadM_yadC_yadK_predicted,0.125,7,7,TGTGGTGTTATCTAGCTGAG,0,4376789
yadL_yadM_yadC_yadK_predicted,0.125,7,7,TGTCGCATTTTGTATTCATT,0,4379711
yadL_yadM_yadC_yadK_predicted,0.125,7,7,TGTCGAGCCACGCAGAAATG,0,4398278
yadL_yadM_yadC_yadK_predicted,0.125,7,7,TGTCCACCATCGGAAGCAGT,0,4385158
yadL_yadM_yadC_yadK_predicted,0.125,7,7,TGTCATAATAGCTAGTTTCG,0,4394466
yadL_yadM_yadC_yadK_predicted,0.125,7,7,TGTACCCGAGCTAGGGGCAA,0,4383118
yadL_yadM_yadC_yadK_predicted,0.125,7,7,TGTAAGGAGTGAATGCGGAT,0,4401536
yadL_yadM_yadC_yadK_predicted,0.125,7,7,TGGTTCTGGCACGTTGCTAA,0,4386282
yadL_yadM_yadC_yadK_predicted,0.125,7,7,TGGTTCCTTGGTTGCCGTAC,0,4386120
yadL_yadM_yadC_yadK_predicted,0.125,7,7,TGGGGATAAGACCCGTGGGT,0,4380198
yadL_yadM_yadC_yadK_predicted,0.125,7,7,TGGGAGCAGTACATTTTGAA,0,4400272
yadL_yadM_yadC_yadK_predicted,0.125,7,7,TGGCACTGCCTAGGAGGCCA,0,4388217
yadL_yadM_yadC_yadK_predicted,0.125,7,7,TGGAGCAATAATATGTCTTT,0,4370711
yadL_yadM_yadC_yadK_predicted,0.125,7,7,TGGAGCAAATTGATTTCAGT,0,4399972
yadL_yadM_yadC_yadK_predicted,0.125,7,7,TGGACACTACGGCTCACTAA,0,4389149
yadL_yadM_yadC_yadK_predicted,0.125,7,7,TGGAATGGCATTGATCGGGG,0,4383771
yadL_yadM_yadC_yadK_predicted,0.125,7,7,TGCGTGGTGGTGTTCACAAA,0,4383299
yadL_yadM_yadC_yadK_predicted,0.125,7,7,TGCGGTTCGTTGCTAAGATC,0,4397634
yadL_yadM_yadC_yadK_predicted,0.125,7,7,TGCATACCCGCGGTACCATG,0,4395175
yadL_yadM_yadC_yadK_predicted,0.125,7,7,TGCATAATTGAAGGAGCTAC,0,4395798
yadL_yadM_yadC_yadK_predicted,0.125,7,7,TGAGCTAGCTGAATTGAAAA,0,4397487
yadL_yadM_yadC_yadK_predicted,0.125,7,7,TGACGTATCATATGGTAAAG,0,4377272
yadL_yadM_yadC_yadK_predicted,0.125,7,7,TGACCTCGTCTAGCTTCCAG,0,4397518
yadL_yadM_yadC_yadK_predicted,0.125,7,7,TGAAGATAAGAACCCATCGA,0,4383274
yadL_yadM_yadC_yadK_predicted,0.125,7,7,TCTTTGCCAGTACGTGTTCA,0,4398935
yadL_yadM_yadC_yadK_predicted,0.125,7,7,TCTTGCCCATGATAGTTCCA,0,4393802
yadL_yadM_yadC_yadK_predicted,0.125,7,7,TCTTGAGGAGAACGCCCAGA,0,4390982
yadL_yadM_yadC_yadK_predicted,0.125,7,7,TCTCGCCGAGGAAAGATACA,0,4379973
yadL_yadM_yadC_yadK_predicted,0.125,7,7,TCTATGGATGCTTCTGATCG,0,4389701
yadL_yadM_yadC_yadK_predicted,0.125,7,7,TCGTTTATATACACTTCAGA,0,4402070
yadL_yadM_yadC_yadK_predicted,0.125,7,7,TCGTTCGCTGCGCGGGGGAT,0,4384439
yadL_yadM_yadC_yadK_predicted,0.125,7,7,TCGTCGCGGCCTAGGTGGAG,0,4374590
yadL_yadM_yadC_yadK_predicted,0.125,7,7,TCGGTCCACATCTCCAGGCA,0,4383036
yadL_yadM_yadC_yadK_predicted,0.125,7,7,TCGCTGGTACCCGGGGACTG,0,4378723
yadL_yadM_yadC_yadK_predicted,0.125,7,7,TCGCAGTGAAAATCTGGGCG,0,4381029
yadL_yadM_yadC_yadK_predicted,0.125,7,7,TCGCAGTCGTATAGTGAGGC,0,4401570
yadL_yadM_yadC_yadK_predicted,0.125,7,7,TCGCAGGCGCCGTTCCCCAG,0,4386908
yadL_yadM_yadC_yadK_predicted,0.125,7,7,TCGACGCAAGGTACTCTAGA,0,4394172
yadL_yadM_yadC_yadK_predicted,0.125,7,7,TCCTCCAAGCCTGGGGTCTT,0,4383402
yadL_yadM_yadC_yadK_predicted,0.125,7,7,TCCGTCACTTGCCACAGACA,0,4373348
yadL_yadM_yadC_yadK_predicted,0.125,7,7,TCCCTAGTATCTCCTGCAAC,0,4393937
yadL_yadM_yadC_yadK_predicted,0.125,7,7,TCCCAATGAACGGCCCATCA,0,4400749
yadL_yadM_yadC_yadK_predicted,0.125,7,7,TCCCAACCGAGAGAACATCC,0,4379502
yadL_yadM_yadC_yadK_predicted,0.125,7,7,TCCACCTTAAGCGTCACCCC,0,4392776
yadL_yadM_yadC_yadK_predicted,0.125,7,7,TCATTTGGCGCGTGTGTGGA,0,4393840
yadL_yadM_yadC_yadK_predicted,0.125,7,7,TCATTGATATGTGTCGCTCT,0,4402132
yadL_yadM_yadC_yadK_predicted,0.125,7,7,TCATGCGACTGAGACAATTA,0,4396691
yadL_yadM_yadC_yadK_predicted,0.125,7,7,TCATCCGCAAGAAGAACCCT,0,4375167
yadL_yadM_yadC_yadK_predicted,0.125,7,7,TCAAGGTCCAATTATCCTTG,0,4390885
yadL_yadM_yadC_yadK_predicted,0.125,7,7,TCAACATGAGGAAACAGGTC,0,4380214
yadL_yadM_yadC_yadK_predicted,0.125,7,7,TATCAGGCTTCCGGAGAAAA,0,4370410
yadL_yadM_yadC_yadK_predicted,0.125,7,7,TAGGTTCAACGACCCCAGAT,0,4385262
yadL_yadM_yadC_yadK_predicted,0.125,7,7,TAGGGTACTACCGGTGGACT,0,4393441
yadL_yadM_yadC_yadK_predicted,0.125,7,7,TAGGAAAAATACACCACATT,0,4384540
yadL_yadM_yadC_yadK_predicted,0.125,7,7,TAGCGTGCGAATTGGTATTA,0,4371399
yadL_yadM_yadC_yadK_predicted,0.125,7,7,TAGAGGTCCTGACTAACGGA,0,4372946
yadL_yadM_yadC_yadK_predicted,0.125,7,7,TACTATGCTCCGTCCGAGCT,0,4385045
yadL_yadM_yadC_yadK_predicted,0.125,7,7,TACGGGCCATACGCATCCGG,0,4394504
yadL_yadM_yadC_yadK_predicted,0.125,7,7,TAAGGTCCCTCTCAGGCTCC,0,4376991
yadL_yadM_yadC_yadK_predicted,0.125,7,7,TAAGCGGAGTAACGTCAACA,0,4395926
yadL_yadM_yadC_yadK_predicted,0.125,7,7,TAAAATCAGTGACGTTGATC,0,4381351
yadL_yadM_yadC_yadK_predicted,0.125,7,7,GTTTGGGGAATCACGTGCTG,0,4395733
yadL_yadM_yadC_yadK_predicted,0.125,7,7,GTTTCCTACTCGTGAAGGGG,0,4400234
yadL_yadM_yadC_yadK_predicted,0.125,7,7,GTTTCATGACATGGACGTAG,0,4373994
yadL_yadM_yadC_yadK_predicted,0.125,7,7,GTTGTTTAGTGCCAAATTTT,0,4394701
yadL_yadM_yadC_yadK_predicted,0.125,7,7,GTTGGTAGTTATGTCTGAAC,0,4377733
yadL_yadM_yadC_yadK_predicted,0.125,7,7,GTTGCTCTAGGCTTGGAAAT,0,4382807
yadL_yadM_yadC_yadK_predicted,0.125,7,7,GTTCTTCTAACCATGGAATT,0,4401590
yadL_yadM_yadC_yadK_predicted,0.125,7,7,GTTCGGTCTTCAGATGAGAG,0,4380759
yadL_yadM_yadC_yadK_predicted,0.125,7,7,GTTAGCGTATTCAGTGGGGT,0,4400764
yadL_yadM_yadC_yadK_predicted,0.125,7,7,GTTACCGATCCAGGAGGGCA,0,4397051
yadL_yadM_yadC_yadK_predicted,0.125,7,7,GTTAACACGAGAACTTGTTC,0,4385335
yadL_yadM_yadC_yadK_predicted,0.125,7,7,GTTAAACCGGCGCCAGCTCA,0,4397834
yadL_yadM_yadC_yadK_predicted,0.125,7,7,GTGTGCTCTGATCCAGTGCA,0,4378940
yadL_yadM_yadC_yadK_predicted,0.125,7,7,GTGGAGGGCCTCTAAGCGCC,0,4388933
yadL_yadM_yadC_yadK_predicted,0.125,7,7,GTGCGAAGGAGCAAGCCCTG,0,4383689
yadL_yadM_yadC_yadK_predicted,0.125,7,7,GTGCATATTTAATTGCTATT,0,4391441
yadL_yadM_yadC_yadK_predicted,0.125,7,7,GTGATGGTATACGTCGTTAC,0,4389898
yadL_yadM_yadC_yadK_predicted,0.125,7,7,GTCGGGCAACTGGTTTGGAC,0,4395982
yadL_yadM_yadC_yadK_predicted,0.125,7,7,GTCGGAGTATGGCAGCGGGG,0,4383397
yadL_yadM_yadC_yadK_predicted,0.125,7,7,GTCCTGGCAGACACCAGATA,0,4394881
yadL_yadM_yadC_yadK_predicted,0.125,7,7,GTCCGAGATTACCGGTGGAG,0,4385251
yadL_yadM_yadC_yadK_predicted,0.125,7,7,GTCCATGTTCGTCAACGTAA,0,4381468
yadL_yadM_yadC_yadK_predicted,0.125,7,7,GTCAGTCACCGAGACATGTC,0,4386823
yadL_yadM_yadC_yadK_predicted,0.125,7,7,GTCAACCTGAACGAGCTTCG,0,4383228
yadL_yadM_yadC_yadK_predicted,0.125,7,7,GTATGCCCGGCAGATCTCAT,0,4376406
yadL_yadM_yadC_yadK_predicted,0.125,7,7,GTATATTACCTTGAGTATGC,0,4398014
yadL_yadM_yadC_yadK_predicted,0.125,7,7,GTACGGTACAATTCCTCCTA,0,4395512
yadL_yadM_yadC_yadK_predicted,0.125,7,7,GTACGCGCGGCAGTCCGACT,0,4398520
yadL_yadM_yadC_yadK_predicted,0.125,7,7,GTACCCCAGCGTTGATATTG,0,4376294
yadL_yadM_yadC_yadK_predicted,0.125,7,7,GTACCAAATACATCTCGAAA,0,4391323
yadL_yadM_yadC_yadK_predicted,0.125,7,7,GGTGCCGGAGATCGTGGATG,0,4388296
yadL_yadM_yadC_yadK_predicted,0.125,7,7,GGTCGCGGACGCATGCTCTA,0,4374415
yadL_yadM_yadC_yadK_predicted,0.125,7,7,GGTCAACAAGTATAGCTCTT,0,4385276
yadL_yadM_yadC_yadK_predicted,0.125,7,7,GGGTGGGGAGCGCTGATTTC,0,4373485
yadL_yadM_yadC_yadK_predicted,0.125,7,7,GGGCTCTTAATCCCGCATTT,0,4383191
yadL_yadM_yadC_yadK_predicted,0.125,7,7,GGGAACGGTAGATAAAACTG,0,4396846
yadL_yadM_yadC_yadK_predicted,0.125,7,7,GGCGCATCAGCAATGTCGCG,0,4379239
yadL_yadM_yadC_yadK_predicted,0.125,7,7,GGCGATTGAACAGCCCTACC,0,4388445
yadL_yadM_yadC_yadK_predicted,0.125,7,7,GGCGACCACTTTCCCACCAC,0,4393973
yadL_yadM_yadC_yadK_predicted,0.125,7,7,GGCATTAGTAGGCTCGCTGA,0,4375432
yadL_yadM_yadC_yadK_predicted,0.125,7,7,GGCAAATTTCGGCGTCAAAG,0,4378783
yadL_yadM_yadC_yadK_predicted,0.125,7,7,GGATTGAAGTCCATCCAATG,0,4374077
yadL_yadM_yadC_yadK_predicted,0.125,7,7,GGATGATAATATCACGAGTC,0,4394101
yadL_yadM_yadC_yadK_predicted,0.125,7,7,GGATCCTGTTAGGTAATAGG,0,4398643
yadL_yadM_yadC_yadK_predicted,0.125,7,7,GGATAAGGCTAGAATGTTTA,0,4384917
yadL_yadM_yadC_yadK_predicted,0.125,7,7,GGAGTTTGTGTCCCACGGTG,0,4398189
yadL_yadM_yadC_yadK_predicted,0.125,7,7,GGAGTAGACCATGAAATAGA,0,4388685
yadL_yadM_yadC_yadK_predicted,0.125,7,7,GGACTGTCGTACCACTAGAC,0,4384647
yadL_yadM_yadC_yadK_predicted,0.125,7,7,GGACTAACGTTCTCAGAGTT,0,4400561
yadL_yadM_yadC_yadK_predicted,0.125,7,7,GGAATGGGGGGCCGGCACAG,0,4372914
yadL_yadM_yadC_yadK_predicted,0.125,7,7,GGAAGCGCCCCACAGGCTCA,0,4385963
yadL_yadM_yadC_yadK_predicted,0.125,7,7,GCTTTAATAAACGGGCAATC,0,4370766
yadL_yadM_yadC_yadK_predicted,0.125,7,7,GCTTGGACCCCAGTTCCAGC,0,4374916
yadL_yadM_yadC_yadK_predicted,0.125,7,7,GCTGACGGTAGAATTAGATC,0,4391810
yadL_yadM_yadC_yadK_predicted,0.125,7,7,GCTCGGTTGTACGTCGTTAC,0,4374645
yadL_yadM_yadC_yadK_predicted,0.125,7,7,GCTCAGAGGGGGCTCGAAGT,0,4377684
yadL_yadM_yadC_yadK_predicted,0.125,7,7,GCTATCATCATGCGCAGCAT,0,4400418
yadL_yadM_yadC_yadK_predicted,0.125,7,7,GCGTGCGATATTCACCAGTG,0,4393068
yadL_yadM_yadC_yadK_predicted,0.125,7,7,GCGTCGGATTTTGGAACGCC,0,4391722
yadL_yadM_yadC_yadK_predicted,0.125,7,7,GCGTACTCCGTCCCACTGCA,0,4399067
yadL_yadM_yadC_yadK_predicted,0.125,7,7,GCGGTCCCCTCTGTTCACAC,0,4379268
yadL_yadM_yadC_yadK_predicted,0.125,7,7,GCGGTAACGTCCTCTGGGAT,0,4393566
yadL_yadM_yadC_yadK_predicted,0.125,7,7,GCGGGGCAGAGCCATTATAG,0,4371977
yadL_yadM_yadC_yadK_predicted,0.125,7,7,GCGCCTTGGAGAACGTATGG,0,4384701
yadL_yadM_yadC_yadK_predicted,0.125,7,7,GCGCACTCGTGCTCGTATCA,0,4392191
yadL_yadM_yadC_yadK_predicted,0.125,7,7,GCGACAGGAGAGGCATCTTT,0,4387036
yadL_yadM_yadC_yadK_predicted,0.125,7,7,GCGAAAGCATGCCTCGACGG,0,4377435
yadL_yadM_yadC_yadK_predicted,0.125,7,7,GCCTGGGAAGTACGCCAGGC,0,4394471
yadL_yadM_yadC_yadK_predicted,0.125,7,7,GCCTGACGCTGCCTCTGTGG,0,4399073
yadL_yadM_yadC_yadK_predicted,0.125,7,7,GCCTCTTAAGTAGTCTCGGA,0,4400546
yadL_yadM_yadC_yadK_predicted,0.125,7,7,GCCTACTTGGGACTTGGCTT,0,4379011
yadL_yadM_yadC_yadK_predicted,0.125,7,7,GCCGCTAACTGGTCGCTAAG,0,4392336
yadL_yadM_yadC_yadK_predicted,0.125,7,7,GCCCCGGTGTAGGGGGTTCG,0,4388550
yadL_yadM_yadC_yadK_predicted,0.125,7,7,GCCAGCTGAAAGGATGGGTA,0,4398995
yadL_yadM_yadC_yadK_predicted,0.125,7,7,GCCAGCCAACAGACCAAATA,0,4375732
yadL_yadM_yadC_yadK_predicted,0.125,7,7,GCCACCAATAGGTAAAGTTG,0,4387827
yadL_yadM_yadC_yadK_predicted,0.125,7,7,GCCAAGGACTGCGTACCCGT,0,4393779
yadL_yadM_yadC_yadK_predicted,0.125,7,7,GCAGATGAACTAATCTGCAT,0,4383671
yadL_yadM_yadC_yadK_predicted,0.125,7,7,GCACCTCAACAAGCTTCACC,0,4378677
yadL_yadM_yadC_yadK_predicted,0.125,7,7,GATTGTGCATAGATGTTGTA,0,4385207
yadL_yadM_yadC_yadK_predicted,0.125,7,7,GATTGAGTAAATCTAGCACA,0,4400204
yadL_yadM_yadC_yadK_predicted,0.125,7,7,GATTCTTAAAGTCTGGACCT,0,4384649
yadL_yadM_yadC_yadK_predicted,0.125,7,7,GATCGGCACTTTCAGTTTAT,0,4377542
yadL_yadM_yadC_yadK_predicted,0.125,7,7,GATCGAGTGATCACGACTTT,0,4401296
yadL_yadM_yadC_yadK_predicted,0.125,7,7,GATAGGGGATCGCGACTATG,0,4389044
yadL_yadM_yadC_yadK_predicted,0.125,7,7,GAGCAAACCTAGGTCCACGT,0,4381412
yadL_yadM_yadC_yadK_predicted,0.125,7,7,GAGAAGACATCAGCATGTAA,0,4383195
yadL_yadM_yadC_yadK_predicted,0.125,7,7,GACGGTTTTCTATACTATAT,0,4390407
yadL_yadM_yadC_yadK_predicted,0.125,7,7,GACCCGCAAAGATCAGGGTT,0,4373808
yadL_yadM_yadC_yadK_predicted,0.125,7,7,GACAGTGGAGACAGGTACTA,0,4396180
yadL_yadM_yadC_yadK_predicted,0.125,7,7,GAACCTTTTCAAACTAATTC,0,4386795
yadL_yadM_yadC_yadK_predicted,0.125,7,7,GAACCTCACCACTCAACTGT,0,4376567
yadL_yadM_yadC_yadK_predicted,0.125,7,7,GAAAGCAAGTGATAAAGCCT,0,4379401
yadL_yadM_yadC_yadK_predicted,0.125,7,7,GAAACTGCAAGGGGGAGGTG,0,4392910
yadL_yadM_yadC_yadK_predicted,0.125,7,7,CTTTGACCGTGCGTATCAAG,0,4390159
yadL_yadM_yadC_yadK_predicted,0.125,7,7,CTTGTGGCTATTGCAACGGA,0,4400709
yadL_yadM_yadC_yadK_predicted,0.125,7,7,CTTGTGGACGTGTCTTGAAC,0,4385310
yadL_yadM_yadC_yadK_predicted,0.125,7,7,CTTGGGGATACGACCATCCA,0,4382498
yadL_yadM_yadC_yadK_predicted,0.125,7,7,CTTACGGTCAGTGGGGTGGA,0,4390259
yadL_yadM_yadC_yadK_predicted,0.125,7,7,CTGTGCAACCCAGAATATGA,0,4381457
yadL_yadM_yadC_yadK_predicted,0.125,7,7,CTGTCAAACCGATCAGAGAG,0,4399690
yadL_yadM_yadC_yadK_predicted,0.125,7,7,CTGTACTTCGAGTGAGAAGC,0,4374707
yadL_yadM_yadC_yadK_predicted,0.125,7,7,CTGGCCAATCGGGGCGGGCT,0,4398796
yadL_yadM_yadC_yadK_predicted,0.125,7,7,CTCTCAGGACAAGGATTTCA,0,4381436
yadL_yadM_yadC_yadK_predicted,0.125,7,7,CTCTAATTGCAAGGTCATGA,0,4389685
yadL_yadM_yadC_yadK_predicted,0.125,7,7,CTCCGTCGGTATAATTATGT,0,4378592
yadL_yadM_yadC_yadK_predicted,0.125,7,7,CTCCAGCGATCGGGCATAGC,0,4383576
yadL_yadM_yadC_yadK_predicted,0.125,7,7,CTCATTACCACAAGTATAGA,0,4400259
yadL_yadM_yadC_yadK_predicted,0.125,7,7,CTCAGTGGGAGAATTTATAA,0,4391061
yadL_yadM_yadC_yadK_predicted,0.125,7,7,CTCAACTGGGAGCATGCTTC,0,4389523
yadL_yadM_yadC_yadK_predicted,0.125,7,7,CTATGGTCTCTCCGTAACGG,0,4370462
yadL_yadM_yadC_yadK_predicted,0.125,7,7,CTATCAGTGCATGATAGGCT,0,4376123
yadL_yadM_yadC_yadK_predicted,0.125,7,7,CTAGTGGTAGGGGAATCAGA,0,4381396
yadL_yadM_yadC_yadK_predicted,0.125,7,7,CTACAATGTACACTGGACAT,0,4374096
yadL_yadM_yadC_yadK_predicted,0.125,7,7,CTAAGTTTTAGTCTAAGGGT,0,4392466
yadL_yadM_yadC_yadK_predicted,0.125,7,7,CGTTTTACTCCCGTCAGCCC,0,4382705
yadL_yadM_yadC_yadK_predicted,0.125,7,7,CGTTGACCGGACAGCAAGGC,0,4399038
yadL_yadM_yadC_yadK_predicted,0.125,7,7,CGTTCCTTATAGTGCTTAGC,0,4383873
yadL_yadM_yadC_yadK_predicted,0.125,7,7,CGTGGATGAAAGTCTTGGCG,0,4380778
yadL_yadM_yadC_yadK_predicted,0.125,7,7,CGTGCAGCTCTGACGATTAG,0,4387695
yadL_yadM_yadC_yadK_predicted,0.125,7,7,CGTCCTCCGATCCGAGATAT,0,4397290
yadL_yadM_yadC_yadK_predicted,0.125,7,7,CGTATTGTACAACGTTATTC,0,4383982
yadL_yadM_yadC_yadK_predicted,0.125,7,7,CGTAGTGATCTTACTACTTA,0,4387456
yadL_yadM_yadC_yadK_predicted,0.125,7,7,CGGTAACTAACATGACGTCG,0,4398206
yadL_yadM_yadC_yadK_predicted,0.125,7,7,CGGGGACCAAACAGTATACT,0,4400584
yadL_yadM_yadC_yadK_predicted,0.125,7,7,CGGGCGTTGGTAAAGTGTCT,0,4398651
yadL_yadM_yadC_yadK_predicted,0.125,7,7,CGGGCGGGGGATTACATTAA,0,4375560
yadL_yadM_yadC_yadK_predicted,0.125,7,7,CGGACCCCCGGGCAGAACCT,0,4392801
yadL_yadM_yadC_yadK_predicted,0.125,7,7,CGCTGCCCAAGCATTACCTT,0,4383060
yadL_yadM_yadC_yadK_predicted,0.125,7,7,CGCGCTACCCGATGGTCGGT,0,4387877
yadL_yadM_yadC_yadK_predicted,0.125,7,7,CGCATTACTGGTTGGTGTGT,0,4397329
yadL_yadM_yadC_yadK_predicted,0.125,7,7,CGCAGCAGGGCTCCGAAGAA,0,4379392
yadL_yadM_yadC_yadK_predicted,0.125,7,7,CGCAATAGGCCCTTACACGC,0,4382722
yadL_yadM_yadC_yadK_predicted,0.125,7,7,CGAGTTGAATCAGTGCGTAG,0,4373239
yadL_yadM_yadC_yadK_predicted,0.125,7,7,CGAGGAGTGAACTTGTTGAA,0,4375639
yadL_yadM_yadC_yadK_predicted,0.125,7,7,CGACTTGTGTTGTTCAGATT,0,4372335
yadL_yadM_yadC_yadK_predicted,0.125,7,7,CGAATCCTAGTAAGCTAGGG,0,4376130
yadL_yadM_yadC_yadK_predicted,0.125,7,7,CGAAGCGCCTAGCCACAAGC,0,4386075
yadL_yadM_yadC_yadK_predicted,0.125,7,7,CCTTACATCGGTCAAACGTG,0,4381956
yadL_yadM_yadC_yadK_predicted,0.125,7,7,CCTTAACTCATTGGGCTAGT,0,4395335
yadL_yadM_yadC_yadK_predicted,0.125,7,7,CCTCTTCTGGCAATCTTTAA,0,4375578
yadL_yadM_yadC_yadK_predicted,0.125,7,7,CCGTCAAGGACGACCCCTTA,0,4371873
yadL_yadM_yadC_yadK_predicted,0.125,7,7,CCGTAACTGTGTGAAAAGAC,0,4382923
yadL_yadM_yadC_yadK_predicted,0.125,7,7,CCGGTTCTTTTAAAACGGAA,0,4389252
yadL_yadM_yadC_yadK_predicted,0.125,7,7,CCGCGCCCTTCTGAGATCGG,0,4384839
yadL_yadM_yadC_yadK_predicted,0.125,7,7,CCGAGAGGTAGAATTGTATT,0,4380640
yadL_yadM_yadC_yadK_predicted,0.125,7,7,CCCTTCGGTATGTTATCCTG,0,4391953
yadL_yadM_yadC_yadK_predicted,0.125,7,7,CCCTGTGTTTTCGCGATCAC,0,4378669
yadL_yadM_yadC_yadK_predicted,0.125,7,7,CCCGCCATAATGATGCAAGA,0,4376575
yadL_yadM_yadC_yadK_predicted,0.125,7,7,CCCCCAATTCGAACATTTAT,0,4384911
yadL_yadM_yadC_yadK_predicted,0.125,7,7,CCCCAGTTACTTTAAGAGTT,0,4388018
yadL_yadM_yadC_yadK_predicted,0.125,7,7,CCCAAGATGCGGCTACTCAG,0,4401920
yadL_yadM_yadC_yadK_predicted,0.125,7,7,CCCAAAGGACCCTCGGACCG,0,4373353
yadL_yadM_yadC_yadK_predicted,0.125,7,7,CCATGCTATGGTAGGAAGGG,0,4392154
yadL_yadM_yadC_yadK_predicted,0.125,7,7,CCATCGTTGCACGGAGACAA,0,4380670
yadL_yadM_yadC_yadK_predicted,0.125,7,7,CCATCCACTCACTATGTGAA,0,4370804
yadL_yadM_yadC_yadK_predicted,0.125,7,7,CCATAATATCGAGGCAACAC,0,4397227
yadL_yadM_yadC_yadK_predicted,0.125,7,7,CCAGATGTGAAGTTATTTGT,0,4376463
yadL_yadM_yadC_yadK_predicted,0.125,7,7,CCACCGAGTGCTCATCGGTA,0,4371473
yadL_yadM_yadC_yadK_predicted,0.125,7,7,CCACATTAGTGTTAATCCGC,0,4375938
yadL_yadM_yadC_yadK_predicted,0.125,7,7,CCAAACCGGCTTACGTACAT,0,4388376
yadL_yadM_yadC_yadK_predicted,0.125,7,7,CATGATTCTCACCAAACCAA,0,4392924
yadL_yadM_yadC_yadK_predicted,0.125,7,7,CATCTACGAGCACTATTCCA,0,4371041
yadL_yadM_yadC_yadK_predicted,0.125,7,7,CATCCAGTGTTGCGGCTTAG,0,4376129
yadL_yadM_yadC_yadK_predicted,0.125,7,7,CATATGCCTAAAGGACCAAT,0,4373161
yadL_yadM_yadC_yadK_predicted,0.125,7,7,CATATCGTTCCTCAGATGGT,0,4396973
yadL_yadM_yadC_yadK_predicted,0.125,7,7,CATATAAAAGACGATCGGTC,0,4394906
yadL_yadM_yadC_yadK_predicted,0.125,7,7,CATACGACGTGACAAAATCA,0,4391478
yadL_yadM_yadC_yadK_predicted,0.125,7,7,CAGGTCCGCCTAGGAAGAAT,0,4385806
yadL_yadM_yadC_yadK_predicted,0.125,7,7,CAGGCACGTGTAGCTTGGGG,0,4380675
yadL_yadM_yadC_yadK_predicted,0.125,7,7,CAGGACGGCGTCATTGAATC,0,4383293
yadL_yadM_yadC_yadK_predicted,0.125,7,7,CAGCGGTAGGAGCGATGGAT,0,4398548
yadL_yadM_yadC_yadK_predicted,0.125,7,7,CACTGTGGGTAAGAGAAATA,0,4388427
yadL_yadM_yadC_yadK_predicted,0.125,7,7,CACTGCCAAACTTGCGCCCA,0,4386839
yadL_yadM_yadC_yadK_predicted,0.125,7,7,CACCCTCGAACTTATTCTGA,0,4399018
yadL_yadM_yadC_yadK_predicted,0.125,7,7,CACCCGGGCTGGGCCAGCCA,0,4374628
yadL_yadM_yadC_yadK_predicted,0.125,7,7,CACAAGTAGTTGCGGTCATT,0,4377269
yadL_yadM_yadC_yadK_predicted,0.125,7,7,CAATACTGCAAACCCTGCTA,0,4400970
yadL_yadM_yadC_yadK_predicted,0.125,7,7,CAATACCCCGGGTACCGGAC,0,4370874
yadL_yadM_yadC_yadK_predicted,0.125,7,7,CAAAGGTAACACCCAGAAGT,0,4375719
yadL_yadM_yadC_yadK_predicted,0.125,7,7,CAAAATCAAGCTCTGTCAGA,0,4390172
yadL_yadM_yadC_yadK_predicted,0.125,7,7,CAAAACAATCAGCAATAATT,0,4386033
yadL_yadM_yadC_yadK_predicted,0.125,7,7,ATTTACACAAATTTGGCTCT,0,4375545
yadL_yadM_yadC_yadK_predicted,0.125,7,7,ATTGCTGGCTGTAAGGGGAG,0,4393373
yadL_yadM_yadC_yadK_predicted,0.125,7,7,ATTGCCTAGTTTACCCATAA,0,4378810
yadL_yadM_yadC_yadK_predicted,0.125,7,7,ATTGATTATCAGTACAAACA,0,4390222
yadL_yadM_yadC_yadK_predicted,0.125,7,7,ATTCTACGGGGGACATCAAT,0,4370757
yadL_yadM_yadC_yadK_predicted,0.125,7,7,ATTCCGTCACGTCCCACTTG,0,4379992
yadL_yadM_yadC_yadK_predicted,0.125,7,7,ATTATTGGTACCCAGTATCC,0,4395020
yadL_yadM_yadC_yadK_predicted,0.125,7,7,ATTATCGGCCATATGTCTTG,0,4387646
yadL_yadM_yadC_yadK_predicted,0.125,7,7,ATTAGAGCGAGACACAAGTC,0,4388310
yadL_yadM_yadC_yadK_predicted,0.125,7,7,ATTACAGTGGAGTCGTTAAT,0,4370688
yadL_yadM_yadC_yadK_predicted,0.125,7,7,ATGTAGGTTTAGTTGCTTTA,0,4385011
yadL_yadM_yadC_yadK_predicted,0.125,7,7,ATGGATCGTAGAGCTATCTT,0,4371079
yadL_yadM_yadC_yadK_predicted,0.125,7,7,ATGCTGCGCTGGATCAGACT,0,4386773
yadL_yadM_yadC_yadK_predicted,0.125,7,7,ATGCGTCGGCGATTGGAGGT,0,4385462
yadL_yadM_yadC_yadK_predicted,0.125,7,7,ATGAGGGATACCTAGGACGT,0,4394720
yadL_yadM_yadC_yadK_predicted,0.125,7,7,ATCGGACTTGGGGCCTGGCG,0,4381692
yadL_yadM_yadC_yadK_predicted,0.125,7,7,ATCCACATCTCGGGCACGTA,0,4376902
yadL_yadM_yadC_yadK_predicted,0.125,7,7,ATCCAACAGATATACCACTA,0,4396826
yadL_yadM_yadC_yadK_predicted,0.125,7,7,ATCATTTCCAGCTGTTATTA,0,4387236
yadL_yadM_yadC_yadK_predicted,0.125,7,7,ATATTTGTGTGCGACCTCGG,0,4376494
yadL_yadM_yadC_yadK_predicted,0.125,7,7,ATATTCCCGCAGGAAGGTAA,0,4396491
yadL_yadM_yadC_yadK_predicted,0.125,7,7,ATATCAGCGTGGGGACGTGC,0,4382114
yadL_yadM_yadC_yadK_predicted,0.125,7,7,ATAGACAGTTTCAAGGTGAA,0,4373424
yadL_yadM_yadC_yadK_predicted,0.125,7,7,ATACCTAAGAATCGAGACAA,0,4387796
yadL_yadM_yadC_yadK_predicted,0.125,7,7,ATACACAAGATAATTTGAGC,0,4386013
yadL_yadM_yadC_yadK_predicted,0.125,7,7,ATACAATGGGATGGCAAAGT,0,4388210
yadL_yadM_yadC_yadK_predicted,0.125,7,7,ATAAGCTAAATTGTGAAGAG,0,4379442
yadL_yadM_yadC_yadK_predicted,0.125,7,7,AGTTTACAGTCGGGGCGCGG,0,4388779
yadL_yadM_yadC_yadK_predicted,0.125,7,7,AGTTGAATTGCCAGCCGGAA,0,4383901
yadL_yadM_yadC_yadK_predicted,0.125,7,7,AGTGGAAAGCTAAAAAGATA,0,4385743
yadL_yadM_yadC_yadK_predicted,0.125,7,7,AGTGACTTGGTTGTGCTAAC,0,4397898
yadL_yadM_yadC_yadK_predicted,0.125,7,7,AGTCACTTTGCCAAATGAGC,0,4380334
yadL_yadM_yadC_yadK_predicted,0.125,7,7,AGTACTGGAGCCGTCACAGG,0,4380441
yadL_yadM_yadC_yadK_predicted,0.125,7,7,AGTAAATATGGTTGTGGGCG,0,4385685
yadL_yadM_yadC_yadK_predicted,0.125,7,7,AGGCTTAGCTCTCACCCGTG,0,4384235
yadL_yadM_yadC_yadK_predicted,0.125,7,7,AGGATAAGTTAGACGTGGCT,0,4392301
yadL_yadM_yadC_yadK_predicted,0.125,7,7,AGGAGACTTAATTCTTCCAG,0,4383589
yadL_yadM_yadC_yadK_predicted,0.125,7,7,AGGACTAAGAGGTCACCATA,0,4378872
yadL_yadM_yadC_yadK_predicted,0.125,7,7,AGCTCTAAAAACCCGATTTC,0,4399514
yadL_yadM_yadC_yadK_predicted,0.125,7,7,AGCTCAGGACGATTAAGTAT,0,4401600
yadL_yadM_yadC_yadK_predicted,0.125,7,7,AGCGTGTAAACGTCTAGGTT,0,4378569
yadL_yadM_yadC_yadK_predicted,0.125,7,7,AGCCTCTCCCCTCCTAAACA,0,4384657
yadL_yadM_yadC_yadK_predicted,0.125,7,7,AGATCATTGGTCGGAAAGAA,0,4392548
yadL_yadM_yadC_yadK_predicted,0.125,7,7,AGAGTAATCTTTCAAGGGAT,0,4381788
yadL_yadM_yadC_yadK_predicted,0.125,7,7,AGAGGATCCCTGTCCGGTTT,0,4371551
yadL_yadM_yadC_yadK_predicted,0.125,7,7,AGAGCCTTAGGTCGCAGTTT,0,4375075
yadL_yadM_yadC_yadK_predicted,0.125,7,7,AGAGCATTGATGGAAATCAA,0,4379443
yadL_yadM_yadC_yadK_predicted,0.125,7,7,AGACTGGCTCTTCAAAATCA,0,4389372
yadL_yadM_yadC_yadK_predicted,0.125,7,7,AGAAATCAACACTAGAATCT,0,4397989
yadL_yadM_yadC_yadK_predicted,0.125,7,7,ACTTTTTTGCATATCGAACT,0,4391693
yadL_yadM_yadC_yadK_predicted,0.125,7,7,ACTTTACGCCGCATTCGCGA,0,4390186
yadL_yadM_yadC_yadK_predicted,0.125,7,7,ACTTGTGTGATAGCCTTAAT,0,4382615
yadL_yadM_yadC_yadK_predicted,0.125,7,7,ACTTACAAGTGTAGTGTCTT,0,4384087
yadL_yadM_yadC_yadK_predicted,0.125,7,7,ACTGCCGGTATTCCCAGGGT,0,4390963
yadL_yadM_yadC_yadK_predicted,0.125,7,7,ACTGAGCTATGCCCCTCGGT,0,4372489
yadL_yadM_yadC_yadK_predicted,0.125,7,7,ACTCTTGTTAACCATCTGTA,0,4380674
yadL_yadM_yadC_yadK_predicted,0.125,7,7,ACTCTAAAGCTTCAGTTTCT,0,4389875
yadL_yadM_yadC_yadK_predicted,0.125,7,7,ACTCGGAGCGCTGTCGCAAC,0,4373241
yadL_yadM_yadC_yadK_predicted,0.125,7,7,ACTCGAACGTGGGTGCTTGT,0,4372029
yadL_yadM_yadC_yadK_predicted,0.125,7,7,ACTCCTCGTGGGCGTCCCCG,0,4401156
yadL_yadM_yadC_yadK_predicted,0.125,7,7,ACTCCTCACCTTTGACTTGT,0,4401048
yadL_yadM_yadC_yadK_predicted,0.125,7,7,ACTACAGTGTGGATACGTCG,0,4391364
yadL_yadM_yadC_yadK_predicted,0.125,7,7,ACGTTGGCCTCGGCAATGGT,0,4394665
yadL_yadM_yadC_yadK_predicted,0.125,7,7,ACGTTCAAGCGCAGTTGTAA,0,4395797
yadL_yadM_yadC_yadK_predicted,0.125,7,7,ACGGGTGGCCATCCTGTGCT,0,4398822
yadL_yadM_yadC_yadK_predicted,0.125,7,7,ACGCTGTGAACACCTACTCA,0,4371912
yadL_yadM_yadC_yadK_predicted,0.125,7,7,ACGCGTTCTGATAAGTGAGT,0,4398756
yadL_yadM_yadC_yadK_predicted,0.125,7,7,ACGCCGGCATACACAGCTCG,0,4401819
yadL_yadM_yadC_yadK_predicted,0.125,7,7,ACGCCCCTTCGTCTCATCGG,0,4393297
yadL_yadM_yadC_yadK_predicted,0.125,7,7,ACGATACGGTCGCCTTCGTC,0,4382797
yadL_yadM_yadC_yadK_predicted,0.125,7,7,ACCTTGGTTACTAGCAAATC,0,4384489
yadL_yadM_yadC_yadK_predicted,0.125,7,7,ACCTGGCAGCAAGCGCGATT,0,4402411
yadL_yadM_yadC_yadK_predicted,0.125,7,7,ACCGTAGAGAGTTTCCATGC,0,4393094
yadL_yadM_yadC_yadK_predicted,0.125,7,7,ACCAAATCCATTTACCGCAT,0,4373213
yadL_yadM_yadC_yadK_predicted,0.125,7,7,ACATGATGGTAAGAGGTGCC,0,4383997
yadL_yadM_yadC_yadK_predicted,0.125,7,7,ACAGCTATAGCCCGATCTGC,0,4391314
yadL_yadM_yadC_yadK_predicted,0.125,7,7,ACAGCGTATGGGGTTCACGT,0,4384793
yadL_yadM_yadC_yadK_predicted,0.125,7,7,ACACTATTGAAGTTCGTGTT,0,4378591
yadL_yadM_yadC_yadK_predicted,0.125,7,7,ACACCACAGTGTTCTGATCA,0,4377251
yadL_yadM_yadC_yadK_predicted,0.125,7,7,ACACCAAGACATGCATAGGC,0,4383420
yadL_yadM_yadC_yadK_predicted,0.125,7,7,ACAATTGCGTGTTCAGCGCT,0,4375956
yadL_yadM_yadC_yadK_predicted,0.125,7,7,ACAAAGCAGATAGCCATCAA,0,4373826
yadL_yadM_yadC_yadK_predicted,0.125,7,7,AATTTTTACGAGCCAAATAT,0,4398599
yadL_yadM_yadC_yadK_predicted,0.125,7,7,AATTTATTCGTCTAAATCAT,0,4380509
yadL_yadM_yadC_yadK_predicted,0.125,7,7,AATTGCCGATTCGGAAGACA,0,4382902
yadL_yadM_yadC_yadK_predicted,0.125,7,7,AATGTAAGCAGGTGATCAGC,0,4382721
yadL_yadM_yadC_yadK_predicted,0.125,7,7,AATGGTCGAGTTGAAGGCAC,0,4384233
yadL_yadM_yadC_yadK_predicted,0.125,7,7,AATGGCGTGACAGTGCTCAC,0,4371502
yadL_yadM_yadC_yadK_predicted,0.125,7,7,AATAGGAGCTTGAATCTATG,0,4377732
yadL_yadM_yadC_yadK_predicted,0.125,7,7,AAGTGCGTGGTTCTTAGCTA,0,4391817
yadL_yadM_yadC_yadK_predicted,0.125,7,7,AAGTGCCGAGGAAAGTGCTT,0,4385176
yadL_yadM_yadC_yadK_predicted,0.125,7,7,AAGTGAACTTATACGAAAGG,0,4390570
yadL_yadM_yadC_yadK_predicted,0.125,7,7,AAGTCTGTCACTTGAAGGAA,0,4399728
yadL_yadM_yadC_yadK_predicted,0.125,7,7,AAGTAATCCTTAGCCCTGCA,0,4383772
yadL_yadM_yadC_yadK_predicted,0.125,7,7,AAGGCGGGGAGATTTTGACC,0,4392582
yadL_yadM_yadC_yadK_predicted,0.125,7,7,AAGCCGAGGATCGAGCATCT,0,4399184
yadL_yadM_yadC_yadK_predicted,0.125,7,7,AAGAGGCGAGGGCCTCCGGG,0,4382936
yadL_yadM_yadC_yadK_predicted,0.125,7,7,AAGAGCATAGTAACTCGTTT,0,4387744
yadL_yadM_yadC_yadK_predicted,0.125,7,7,AAGACTCAGCGACTGGCGTG,0,4371722
yadL_yadM_yadC_yadK_predicted,0.125,7,7,AACTTATCGTGGAGTTGGCG,0,4381434
yadL_yadM_yadC_yadK_predicted,0.125,7,7,AACTGATTTCATCTTCAGTG,0,4386368
yadL_yadM_yadC_yadK_predicted,0.125,7,7,AACTCGAGCCAGCCGATTGG,0,4392760
yadL_yadM_yadC_yadK_predicted,0.125,7,7,AACGGCCCCACGGTAGGGTC,0,4384377
yadL_yadM_yadC_yadK_predicted,0.125,7,7,AACGGCAACGGATGTACGCG,0,4372399
yadL_yadM_yadC_yadK_predicted,0.125,7,7,AACGGAGTTGCAATTCATCA,0,4382843
yadL_yadM_yadC_yadK_predicted,0.125,7,7,AACCGGAACAGTGTGGTCCC,0,4382575
yadL_yadM_yadC_yadK_predicted,0.125,7,7,AACATGTTGCCATAAGTCTC,0,4385489
yadL_yadM_yadC_yadK_predicted,0.125,7,7,AACAGTGTTAAGGCGTCGTG,0,4386837
yadL_yadM_yadC_yadK_predicted,0.125,7,7,AACACCTGTGGGCGGCGCGC,0,4381978
yadL_yadM_yadC_yadK_predicted,0.125,7,7,AAATGTCCCGCCCGGCAGCA,0,4401379
yadL_yadM_yadC_yadK_predicted,0.125,7,7,AAATCTTTTAGCGAGTGGAT,0,4370663
yadL_yadM_yadC_yadK_predicted,0.125,7,7,AAAGTGAGTCATATTCAGAA,0,4376927
yadL_yadM_yadC_yadK_predicted,0.125,7,7,AAAGCCCTGTGGAATGCGGT,0,4387326
yadL_yadM_yadC_yadK_predicted,0.125,7,7,AAAGAGGACGTGCCACGCAA,0,4395928
yadL_yadM_yadC_yadK_predicted,0.125,7,7,AAACTGGGTGAGCGGGCTTA,0,4384207
yadL_yadM_yadC_yadK_predicted,0.125,7,7,AAACACATGCCTAGCATTCC,0,4370613
yadL_yadM_yadC_yadK_predicted,0.14285714285714285,6,6,TTTTGGTGTCAGAGTGTTGC,0,4371369
yadL_yadM_yadC_yadK_predicted,0.14285714285714285,6,6,TTTTGGTGCGTAGATGTACA,0,4396141
yadL_yadM_yadC_yadK_predicted,0.14285714285714285,6,6,TTTGCATGCCTGATGGGCGT,0,4390009
yadL_yadM_yadC_yadK_predicted,0.14285714285714285,6,6,TTTGACTTAAACTCGCTAGC,0,4378664
yadL_yadM_yadC_yadK_predicted,0.14285714285714285,6,6,TTTCGCTTTACCCCAAGGAT,0,4394908
yadL_yadM_yadC_yadK_predicted,0.14285714285714285,6,6,TTTAGTGTAGATGCCGAAGT,0,4379250
yadL_yadM_yadC_yadK_predicted,0.14285714285714285,6,6,TTTAGGTGAGTCACGACAGT,0,4394434
yadL_yadM_yadC_yadK_predicted,0.14285714285714285,6,6,TTTAGGTATGGGAAATTTCG,0,4395540
yadL_yadM_yadC_yadK_predicted,0.14285714285714285,6,6,TTTAATTAGGAACATCTAAT,0,4380440
yadL_yadM_yadC_yadK_predicted,0.14285714285714285,6,6,TTTAAGTCCGGCAAAGGCCT,0,4381310
yadL_yadM_yadC_yadK_predicted,0.14285714285714285,6,6,TTTAAGCAAGTTTGTCACCA,0,4387285
yadL_yadM_yadC_yadK_predicted,0.14285714285714285,6,6,TTGTAAGGAAGAGTCTTCCA,0,4373027
yadL_yadM_yadC_yadK_predicted,0.14285714285714285,6,6,TTGGTGGATTCGTTGTTGAT,0,4378093
yadL_yadM_yadC_yadK_predicted,0.14285714285714285,6,6,TTGCCCCGGTTCCAACTTTG,0,4397451
yadL_yadM_yadC_yadK_predicted,0.14285714285714285,6,6,TTGAGAGGATGTGCTATACG,0,4394566
yadL_yadM_yadC_yadK_predicted,0.14285714285714285,6,6,TTCTAAGCCCTCCTGAATTC,0,4390059
yadL_yadM_yadC_yadK_predicted,0.14285714285714285,6,6,TTCGTCTCTAGTGAAGGTCA,0,4383080
yadL_yadM_yadC_yadK_predicted,0.14285714285714285,6,6,TTCGCGGTTCTGAAGGAAAA,0,4387087
yadL_yadM_yadC_yadK_predicted,0.14285714285714285,6,6,TTCGAAGCGGCAAAGCTGAA,0,4389914
yadL_yadM_yadC_yadK_predicted,0.14285714285714285,6,6,TTCCCCTCTATGACCTGAAG,0,4391611
yadL_yadM_yadC_yadK_predicted,0.14285714285714285,6,6,TTCCATGGCCACACGGCTCC,0,4392142
yadL_yadM_yadC_yadK_predicted,0.14285714285714285,6,6,TTCCAGGACTTACTCTTGAT,0,4372702
yadL_yadM_yadC_yadK_predicted,0.14285714285714285,6,6,TTCATCGAGTAGAATTTCCA,0,4385500
yadL_yadM_yadC_yadK_predicted,0.14285714285714285,6,6,TTCAAGCTGGAGCAGAACTT,0,4392065
yadL_yadM_yadC_yadK_predicted,0.14285714285714285,6,6,TTCAAGCGCACGCCACTAAA,0,4393331
yadL_yadM_yadC_yadK_predicted,0.14285714285714285,6,6,TTATGTGAGAGCCGGTTCGA,0,4390736
yadL_yadM_yadC_yadK_predicted,0.14285714285714285,6,6,TTAATTCTCAGCATCGGAGC,0,4373008
yadL_yadM_yadC_yadK_predicted,0.14285714285714285,6,6,TTAATGTAAGCCGCGAACGT,0,4375291
yadL_yadM_yadC_yadK_predicted,0.14285714285714285,6,6,TGTTTGGATGAATCATGCGC,0,4377702
yadL_yadM_yadC_yadK_predicted,0.14285714285714285,6,6,TGTTTGCGCCTTGTGAACTG,0,4392003
yadL_yadM_yadC_yadK_predicted,0.14285714285714285,6,6,TGTTTAGTCCTATTAATATA,0,4384691
yadL_yadM_yadC_yadK_predicted,0.14285714285714285,6,6,TGTGGCGTCGTGCGGAGGTC,0,4387680
yadL_yadM_yadC_yadK_predicted,0.14285714285714285,6,6,TGTGGCAGTTGGCTAAGAGT,0,4381537
yadL_yadM_yadC_yadK_predicted,0.14285714285714285,6,6,TGTGCCTGGAGTGGTGGATC,0,4372559
yadL_yadM_yadC_yadK_predicted,0.14285714285714285,6,6,TGTCGTTACAACAGAGGGCT,0,4380547
yadL_yadM_yadC_yadK_predicted,0.14285714285714285,6,6,TGTCACACGCCCGGGTCGGG,0,4401576
yadL_yadM_yadC_yadK_predicted,0.14285714285714285,6,6,TGTACGAGAACGTAGTTTCC,0,4386168
yadL_yadM_yadC_yadK_predicted,0.14285714285714285,6,6,TGGTTCATCTGGATCGTGGT,0,4376366
yadL_yadM_yadC_yadK_predicted,0.14285714285714285,6,6,TGGTATCCTTGTGGGTAGCT,0,4379706
yadL_yadM_yadC_yadK_predicted,0.14285714285714285,6,6,TGGGGTCGGGCTATAGACTC,0,4390073
yadL_yadM_yadC_yadK_predicted,0.14285714285714285,6,6,TGGGCCTTGTAGCTCCGGAG,0,4386360
yadL_yadM_yadC_yadK_predicted,0.14285714285714285,6,6,TGGGAAGCATTTATCTGATA,0,4370543
yadL_yadM_yadC_yadK_predicted,0.14285714285714285,6,6,TGGCTAAAAAGTGGATCGCT,0,4381587
yadL_yadM_yadC_yadK_predicted,0.14285714285714285,6,6,TGGCGGCCTCTGCATCGTGG,0,4375022
yadL_yadM_yadC_yadK_predicted,0.14285714285714285,6,6,TGGCGCGTTTTCAGATTCAG,0,4379558
yadL_yadM_yadC_yadK_predicted,0.14285714285714285,6,6,TGGCCCGAATGCGGGGGCTC,0,4392896
yadL_yadM_yadC_yadK_predicted,0.14285714285714285,6,6,TGGCAAGACGGAAACGAGAC,0,4395665
yadL_yadM_yadC_yadK_predicted,0.14285714285714285,6,6,TGCTGATTAGGGTTTGACAC,0,4387278
yadL_yadM_yadC_yadK_predicted,0.14285714285714285,6,6,TGCTCCGTTTCAGTCTTGAA,0,4397695
yadL_yadM_yadC_yadK_predicted,0.14285714285714285,6,6,TGCTACTAGGTTGCTAATAA,0,4390590
yadL_yadM_yadC_yadK_predicted,0.14285714285714285,6,6,TGCGGGCAGAGGTGATGATT,0,4377473
yadL_yadM_yadC_yadK_predicted,0.14285714285714285,6,6,TGCCAATTCGTTAGACGAAA,0,4397328
yadL_yadM_yadC_yadK_predicted,0.14285714285714285,6,6,TGATTCGCATGCGCGGGTAG,0,4398698
yadL_yadM_yadC_yadK_predicted,0.14285714285714285,6,6,TGATTCACACCGTCTCTCTG,0,4381896
yadL_yadM_yadC_yadK_predicted,0.14285714285714285,6,6,TGAGTACTACACGGTCTACT,0,4391887
yadL_yadM_yadC_yadK_predicted,0.14285714285714285,6,6,TGACTAGGGATGGAAGCGCT,0,4389256
yadL_yadM_yadC_yadK_predicted,0.14285714285714285,6,6,TCTTCGTCGCGGGGTTTGGG,0,4382697
yadL_yadM_yadC_yadK_predicted,0.14285714285714285,6,6,TCTGGTTGTCCGCGGACCAG,0,4390834
yadL_yadM_yadC_yadK_predicted,0.14285714285714285,6,6,TCTGGTTGAGCGCCCCGCAA,0,4371338
yadL_yadM_yadC_yadK_predicted,0.14285714285714285,6,6,TCTGAGAAACCGTGCCTGCA,0,4374875
yadL_yadM_yadC_yadK_predicted,0.14285714285714285,6,6,TCTGAATCGCATGTGTTCTC,0,4391705
yadL_yadM_yadC_yadK_predicted,0.14285714285714285,6,6,TCTCTCTTCGGATGGATTTT,0,4385997
yadL_yadM_yadC_yadK_predicted,0.14285714285714285,6,6,TCTCCGCAGGTTTTCTCACC,0,4371623
yadL_yadM_yadC_yadK_predicted,0.14285714285714285,6,6,TCTCCCGAGCACTCTGAAAC,0,4370330
yadL_yadM_yadC_yadK_predicted,0.14285714285714285,6,6,TCTACGCTGTCCGTACTATA,0,4382182
yadL_yadM_yadC_yadK_predicted,0.14285714285714285,6,6,TCGTGATTCACTGGTGGCAT,0,4386034
yadL_yadM_yadC_yadK_predicted,0.14285714285714285,6,6,TCGGCGTCAACTTGCATTCG,0,4371889
yadL_yadM_yadC_yadK_predicted,0.14285714285714285,6,6,TCGGACAACGGCGAACTTGC,0,4388097
yadL_yadM_yadC_yadK_predicted,0.14285714285714285,6,6,TCGCCTGTCCTCTACATAGA,0,4382289
yadL_yadM_yadC_yadK_predicted,0.14285714285714285,6,6,TCGATCAACCTTCTGTAAAT,0,4402084
yadL_yadM_yadC_yadK_predicted,0.14285714285714285,6,6,TCGAGTGGGCTTATTTATCC,0,4385810
yadL_yadM_yadC_yadK_predicted,0.14285714285714285,6,6,TCCTTTTGTGCTGAAGGCAG,0,4401965
yadL_yadM_yadC_yadK_predicted,0.14285714285714285,6,6,TCCTGGTATGCGCTAACGTG,0,4394025
yadL_yadM_yadC_yadK_predicted,0.14285714285714285,6,6,TCCTCACGTAAGATTACGAG,0,4388760
yadL_yadM_yadC_yadK_predicted,0.14285714285714285,6,6,TCCTAGCCGATTACAAAAGA,0,4401727
yadL_yadM_yadC_yadK_predicted,0.14285714285714285,6,6,TCCGTTCCGCGGAACTGATG,0,4388345
yadL_yadM_yadC_yadK_predicted,0.14285714285714285,6,6,TCCGTAGCAACGGTCACTAG,0,4377807
yadL_yadM_yadC_yadK_predicted,0.14285714285714285,6,6,TCCGCTTTCTCTACGGGCGG,0,4380285
yadL_yadM_yadC_yadK_predicted,0.14285714285714285,6,6,TCCGCGAGTATTTCTTGATC,0,4400916
yadL_yadM_yadC_yadK_predicted,0.14285714285714285,6,6,TCCCTCGGGGCTCGTTGCCC,0,4387713
yadL_yadM_yadC_yadK_predicted,0.14285714285714285,6,6,TCCCGCACTCTGCATAGGTA,0,4393728
yadL_yadM_yadC_yadK_predicted,0.14285714285714285,6,6,TCCCATGCGGTTAATATGCC,0,4389626
yadL_yadM_yadC_yadK_predicted,0.14285714285714285,6,6,TCCACGAGGACGAGCTGCTA,0,4375012
yadL_yadM_yadC_yadK_predicted,0.14285714285714285,6,6,TCCAATATGAGTAACCGTGA,0,4381977
yadL_yadM_yadC_yadK_predicted,0.14285714285714285,6,6,TCATGGAGAAGTTCAAACGT,0,4390263
yadL_yadM_yadC_yadK_predicted,0.14285714285714285,6,6,TCATGATGGGCTGCCTGCGC,0,4396756
yadL_yadM_yadC_yadK_predicted,0.14285714285714285,6,6,TCATGATACAGTTCACAGAT,0,4375230
yadL_yadM_yadC_yadK_predicted,0.14285714285714285,6,6,TCATCGCACAACACCGATGC,0,4371750
yadL_yadM_yadC_yadK_predicted,0.14285714285714285,6,6,TCACTGTCCCGTGGTTGGGA,0,4384970
yadL_yadM_yadC_yadK_predicted,0.14285714285714285,6,6,TCAATTCCCAAATGTCTTGG,0,4401936
yadL_yadM_yadC_yadK_predicted,0.14285714285714285,6,6,TCAAGGACTCAGGTGCGCGA,0,4388190
yadL_yadM_yadC_yadK_predicted,0.14285714285714285,6,6,TCAAATGGTAAATGCGTATA,0,4387950
yadL_yadM_yadC_yadK_predicted,0.14285714285714285,6,6,TATTCCTCAAGCACTTTGAA,0,4397154
yadL_yadM_yadC_yadK_predicted,0.14285714285714285,6,6,TATGCTGTGGTGCAATCATA,0,4400291
yadL_yadM_yadC_yadK_predicted,0.14285714285714285,6,6,TATATTTATAAAAGGGGGGA,0,4388863
yadL_yadM_yadC_yadK_predicted,0.14285714285714285,6,6,TATATTGATATGACACAAAC,0,4379523
yadL_yadM_yadC_yadK_predicted,0.14285714285714285,6,6,TAGGTGTAACAATACCAGTC,0,4378945
yadL_yadM_yadC_yadK_predicted,0.14285714285714285,6,6,TAGGTCTTTCTTGGCGACTG,0,4381055
yadL_yadM_yadC_yadK_predicted,0.14285714285714285,6,6,TAGGATACACTAAAAAGTTA,0,4375596
yadL_yadM_yadC_yadK_predicted,0.14285714285714285,6,6,TAGCTATGCTTGAGACTGCA,0,4373326
yadL_yadM_yadC_yadK_predicted,0.14285714285714285,6,6,TAGCGGACTTCTCGTGTGTC,0,4400973
yadL_yadM_yadC_yadK_predicted,0.14285714285714285,6,6,TAGATCTGGCAAAGCCGACA,0,4377130
yadL_yadM_yadC_yadK_predicted,0.14285714285714285,6,6,TAGAGAGCGGATACCCTAAA,0,4388717
yadL_yadM_yadC_yadK_predicted,0.14285714285714285,6,6,TACTTAAGACCATCCTGGGG,0,4377303
yadL_yadM_yadC_yadK_predicted,0.14285714285714285,6,6,TACTACCGCCCAAACATACT,0,4383974
yadL_yadM_yadC_yadK_predicted,0.14285714285714285,6,6,TACCGCTTGTTATGCTAAGA,0,4397911
yadL_yadM_yadC_yadK_predicted,0.14285714285714285,6,6,TACAGTTATGTTTGTAGCGT,0,4398785
yadL_yadM_yadC_yadK_predicted,0.14285714285714285,6,6,TACACGACATTATGCGCGCT,0,4399211
yadL_yadM_yadC_yadK_predicted,0.14285714285714285,6,6,TAATATTTCCACAAAAACCG,0,4371008
yadL_yadM_yadC_yadK_predicted,0.14285714285714285,6,6,TAATAAGTATCAAGTGGACT,0,4379091
yadL_yadM_yadC_yadK_predicted,0.14285714285714285,6,6,TAAGTCCCCCTCATTGGCGG,0,4386869
yadL_yadM_yadC_yadK_predicted,0.14285714285714285,6,6,TAAGCTATAATCCGCTCGAT,0,4379049
yadL_yadM_yadC_yadK_predicted,0.14285714285714285,6,6,TAAGAGCGCGGAGCTCAATG,0,4378517
yadL_yadM_yadC_yadK_predicted,0.14285714285714285,6,6,TAAGACTTGGGATGTTCAGT,0,4400057
yadL_yadM_yadC_yadK_predicted,0.14285714285714285,6,6,TAACTGAATCTGTTCATGAT,0,4383526
yadL_yadM_yadC_yadK_predicted,0.14285714285714285,6,6,TAACACCACACCGATCAGAC,0,4390182
yadL_yadM_yadC_yadK_predicted,0.14285714285714285,6,6,TAAATTTATGGGCAACGCCG,0,4396933
yadL_yadM_yadC_yadK_predicted,0.14285714285714285,6,6,TAAATGAGCACTGGGACATC,0,4375670
yadL_yadM_yadC_yadK_predicted,0.14285714285714285,6,6,TAAAGTAGTTTGGTACGTAC,0,4386824
yadL_yadM_yadC_yadK_predicted,0.14285714285714285,6,6,GTTTTCAGTGATGTTCCATC,0,4394164
yadL_yadM_yadC_yadK_predicted,0.14285714285714285,6,6,GTTTTAGATTAAGCATGTTG,0,4374812
yadL_yadM_yadC_yadK_predicted,0.14285714285714285,6,6,GTTTGGAAGTGTGCCCCCTG,0,4378151
yadL_yadM_yadC_yadK_predicted,0.14285714285714285,6,6,GTTTCGCCTACCCTATGTGT,0,4383194
yadL_yadM_yadC_yadK_predicted,0.14285714285714285,6,6,GTTTCCCCCTACTCGGATGA,0,4386509
yadL_yadM_yadC_yadK_predicted,0.14285714285714285,6,6,GTTTATCCACTCGGGACGTG,0,4390360
yadL_yadM_yadC_yadK_predicted,0.14285714285714285,6,6,GTTGGGATAACTCCGATTAC,0,4390902
yadL_yadM_yadC_yadK_predicted,0.14285714285714285,6,6,GTTCTTGACTCACCCAAAAA,0,4373071
yadL_yadM_yadC_yadK_predicted,0.14285714285714285,6,6,GTTCTGGACTATCCGAACAA,0,4379114
yadL_yadM_yadC_yadK_predicted,0.14285714285714285,6,6,GTTATTAAGTGTTTCTGTAC,0,4375579
yadL_yadM_yadC_yadK_predicted,0.14285714285714285,6,6,GTTACGGCCTAAGCGGCCCG,0,4398991
yadL_yadM_yadC_yadK_predicted,0.14285714285714285,6,6,GTGTTGTCGCAGGTAGGAAT,0,4394982
yadL_yadM_yadC_yadK_predicted,0.14285714285714285,6,6,GTGTAGTTCTGGAGTCCAAT,0,4401142
yadL_yadM_yadC_yadK_predicted,0.14285714285714285,6,6,GTGGGCCGGTTTTGCTATTT,0,4397271
yadL_yadM_yadC_yadK_predicted,0.14285714285714285,6,6,GTGGAAGTCGTGTATCAACA,0,4387982
yadL_yadM_yadC_yadK_predicted,0.14285714285714285,6,6,GTGCCCATAGACGTAGTTCA,0,4399654
yadL_yadM_yadC_yadK_predicted,0.14285714285714285,6,6,GTGCATATACATGGGCCACG,0,4370981
yadL_yadM_yadC_yadK_predicted,0.14285714285714285,6,6,GTGATCGCCCTTTTGGACAT,0,4373025
yadL_yadM_yadC_yadK_predicted,0.14285714285714285,6,6,GTGAACCGAGTAGTGTAGCA,0,4383706
yadL_yadM_yadC_yadK_predicted,0.14285714285714285,6,6,GTGAAAGTTTGCTGGCATAA,0,4383244
yadL_yadM_yadC_yadK_predicted,0.14285714285714285,6,6,GTGAAACTTATCCCTTTTAG,0,4379605
yadL_yadM_yadC_yadK_predicted,0.14285714285714285,6,6,GTCTTAGACCCCGCGGCACG,0,4392002
yadL_yadM_yadC_yadK_predicted,0.14285714285714285,6,6,GTCCTGTAGGTTTCAATTCT,0,4370825
yadL_yadM_yadC_yadK_predicted,0.14285714285714285,6,6,GTCCGTTGTGTGGTATGTGC,0,4383246
yadL_yadM_yadC_yadK_predicted,0.14285714285714285,6,6,GTCCGCCGCTTTACAGGAAT,0,4393712
yadL_yadM_yadC_yadK_predicted,0.14285714285714285,6,6,GTCAATCCCGACTAGGGCTT,0,4394815
yadL_yadM_yadC_yadK_predicted,0.14285714285714285,6,6,GTATTCGGGATTAAGCGTTG,0,4380124
yadL_yadM_yadC_yadK_predicted,0.14285714285714285,6,6,GTATCAGCACAGACTTGGCC,0,4393265
yadL_yadM_yadC_yadK_predicted,0.14285714285714285,6,6,GTAGGCCCCTTAGGCACATC,0,4391602
yadL_yadM_yadC_yadK_predicted,0.14285714285714285,6,6,GTACAGGTAAGTCTGTTGAT,0,4383961
yadL_yadM_yadC_yadK_predicted,0.14285714285714285,6,6,GGTGGCATACAAAGAGTTAA,0,4401888
yadL_yadM_yadC_yadK_predicted,0.14285714285714285,6,6,GGTGCTGCAGCGGGTAGCAA,0,4384689
yadL_yadM_yadC_yadK_predicted,0.14285714285714285,6,6,GGTGAGCCGTAGAACTCTGG,0,4393429
yadL_yadM_yadC_yadK_predicted,0.14285714285714285,6,6,GGTCCCCCGTTACTTACTGA,0,4392941
yadL_yadM_yadC_yadK_predicted,0.14285714285714285,6,6,GGTCCAGCCTTGTATGTCGC,0,4397223
yadL_yadM_yadC_yadK_predicted,0.14285714285714285,6,6,GGTACGGCGCCTAACTTCCT,0,4393472
yadL_yadM_yadC_yadK_predicted,0.14285714285714285,6,6,GGGTTAAAGGGGGATTACAA,0,4389153
yadL_yadM_yadC_yadK_predicted,0.14285714285714285,6,6,GGGTCCAATTCGTATGTCTA,0,4402513
yadL_yadM_yadC_yadK_predicted,0.14285714285714285,6,6,GGGGTTCAAGCATCGTCCTC,0,4394027
yadL_yadM_yadC_yadK_predicted,0.14285714285714285,6,6,GGGGTGCCAGCTCACCTTGT,0,4383282
yadL_yadM_yadC_yadK_predicted,0.14285714285714285,6,6,GGGGTCTGCTAAATCAATTT,0,4381746
yadL_yadM_yadC_yadK_predicted,0.14285714285714285,6,6,GGGGTCGGATGCCGGCACTA,0,4387754
yadL_yadM_yadC_yadK_predicted,0.14285714285714285,6,6,GGGGCGTGTCACGTGCGAGA,0,4393269
yadL_yadM_yadC_yadK_predicted,0.14285714285714285,6,6,GGGCCTGGACTAGCTTAGCG,0,4380040
yadL_yadM_yadC_yadK_predicted,0.14285714285714285,6,6,GGGAGTCTATTCGGCGGACA,0,4394516
yadL_yadM_yadC_yadK_predicted,0.14285714285714285,6,6,GGGAGACAAAGTGTGAACGA,0,4385848
yadL_yadM_yadC_yadK_predicted,0.14285714285714285,6,6,GGCTCTACTCCAATATTAAT,0,4380373
yadL_yadM_yadC_yadK_predicted,0.14285714285714285,6,6,GGCGTGGACATCGTCTAAGG,0,4371260
yadL_yadM_yadC_yadK_predicted,0.14285714285714285,6,6,GGCGGTTTACTTTTAGCTCT,0,4399813
yadL_yadM_yadC_yadK_predicted,0.14285714285714285,6,6,GGCGGCACGCGCTCACGTCA,0,4385745
yadL_yadM_yadC_yadK_predicted,0.14285714285714285,6,6,GGCGGAGTACAGTCCTTGGC,0,4380984
yadL_yadM_yadC_yadK_predicted,0.14285714285714285,6,6,GGCGCCCCGCCCCCTAAGGC,0,4381189
yadL_yadM_yadC_yadK_predicted,0.14285714285714285,6,6,GGCCTCCGCGAAAGCTCGAC,0,4390272
yadL_yadM_yadC_yadK_predicted,0.14285714285714285,6,6,GGCCGAGGCGTCAAGAGGCA,0,4389661
yadL_yadM_yadC_yadK_predicted,0.14285714285714285,6,6,GGCCCTCTCCCAAGTCACAG,0,4388584
yadL_yadM_yadC_yadK_predicted,0.14285714285714285,6,6,GGCATCGCCATCACTTCGAT,0,4392332
yadL_yadM_yadC_yadK_predicted,0.14285714285714285,6,6,GGCACCGAGTTAAGGGTTGT,0,4390828
yadL_yadM_yadC_yadK_predicted,0.14285714285714285,6,6,GGATGGCGAATGGTAATAGT,0,4398310
yadL_yadM_yadC_yadK_predicted,0.14285714285714285,6,6,GGATGCAGCAAGAACCGTCA,0,4377541
yadL_yadM_yadC_yadK_predicted,0.14285714285714285,6,6,GGACTTCCTCTCTTGATGAT,0,4393791
yadL_yadM_yadC_yadK_predicted,0.14285714285714285,6,6,GGAATTGATGCGGGGGCCCA,0,4378248
yadL_yadM_yadC_yadK_predicted,0.14285714285714285,6,6,GGAAGTGGGCGGACGCTAAC,0,4395320
yadL_yadM_yadC_yadK_predicted,0.14285714285714285,6,6,GGAACAGGGGCATGGAAGGT,0,4389250
yadL_yadM_yadC_yadK_predicted,0.14285714285714285,6,6,GCTTGTAAATTTTTATGGGA,0,4384648
yadL_yadM_yadC_yadK_predicted,0.14285714285714285,6,6,GCTGGCTCATAAGCGAGCGT,0,4376250
yadL_yadM_yadC_yadK_predicted,0.14285714285714285,6,6,GCTGCTATCTGGACGGGTCG,0,4401481
yadL_yadM_yadC_yadK_predicted,0.14285714285714285,6,6,GCTCGAACCAGGTGTATCAG,0,4376461
yadL_yadM_yadC_yadK_predicted,0.14285714285714285,6,6,GCTCACTTACAGACCGCATC,0,4374565
yadL_yadM_yadC_yadK_predicted,0.14285714285714285,6,6,GCTACATCACCTAGAAGGAT,0,4373525
yadL_yadM_yadC_yadK_predicted,0.14285714285714285,6,6,GCGTCTGGGGTTGCGTCTGT,0,4370420
yadL_yadM_yadC_yadK_predicted,0.14285714285714285,6,6,GCGTCGGAGAACAGAGATAT,0,4375673
yadL_yadM_yadC_yadK_predicted,0.14285714285714285,6,6,GCGTACTACGATCCCTGTGT,0,4394578
yadL_yadM_yadC_yadK_predicted,0.14285714285714285,6,6,GCGGTCTAGTCCTGTGCGAT,0,4372917
yadL_yadM_yadC_yadK_predicted,0.14285714285714285,6,6,GCGGTACCGAGAACAAAGGT,0,4402047
yadL_yadM_yadC_yadK_predicted,0.14285714285714285,6,6,GCGCGCATTCTTGCTGGGAT,0,4392202
yadL_yadM_yadC_yadK_predicted,0.14285714285714285,6,6,GCGCAGGTTAACTGCGCTCT,0,4381052
yadL_yadM_yadC_yadK_predicted,0.14285714285714285,6,6,GCGAACCCTTGCTGGAGGAT,0,4389755
yadL_yadM_yadC_yadK_predicted,0.14285714285714285,6,6,GCCTCACACCTGGTAGCAAT,0,4382236
yadL_yadM_yadC_yadK_predicted,0.14285714285714285,6,6,GCCAGTTTACACCTAGACAG,0,4385494
yadL_yadM_yadC_yadK_predicted,0.14285714285714285,6,6,GCATTCTCGAACTGTTATGC,0,4399965
yadL_yadM_yadC_yadK_predicted,0.14285714285714285,6,6,GCAGGCAAGTGCCAAAAGGG,0,4389317
yadL_yadM_yadC_yadK_predicted,0.14285714285714285,6,6,GCAATCATGGTAGATGGGTC,0,4379408
yadL_yadM_yadC_yadK_predicted,0.14285714285714285,6,6,GATGTTAGCACGGTCGAACT,0,4401811
yadL_yadM_yadC_yadK_predicted,0.14285714285714285,6,6,GATGCGATCTCTGGTTAACA,0,4382666
yadL_yadM_yadC_yadK_predicted,0.14285714285714285,6,6,GATGCGAGGTAGTCGAAGGT,0,4376666
yadL_yadM_yadC_yadK_predicted,0.14285714285714285,6,6,GATGATGACAGAGGACGTCT,0,4384815
yadL_yadM_yadC_yadK_predicted,0.14285714285714285,6,6,GATCACAAAGACATATCAAG,0,4385298
yadL_yadM_yadC_yadK_predicted,0.14285714285714285,6,6,GATAGCATACATATTTCATT,0,4377116
yadL_yadM_yadC_yadK_predicted,0.14285714285714285,6,6,GAGGTCCACAGGACAATGTT,0,4391426
yadL_yadM_yadC_yadK_predicted,0.14285714285714285,6,6,GAGGGTACCTTGGGGAAAAG,0,4378751
yadL_yadM_yadC_yadK_predicted,0.14285714285714285,6,6,GAGGGCCAGTAAATGCGCTC,0,4388543
yadL_yadM_yadC_yadK_predicted,0.14285714285714285,6,6,GAGGATGGTGGCTGGGCAGT,0,4374881
yadL_yadM_yadC_yadK_predicted,0.14285714285714285,6,6,GAGCGCGGTCGGTTTTTGTA,0,4391359
yadL_yadM_yadC_yadK_predicted,0.14285714285714285,6,6,GAGAGTTCGGGTGGGCATCC,0,4399669
yadL_yadM_yadC_yadK_predicted,0.14285714285714285,6,6,GAGAACAACGCCGGTTTATA,0,4372903
yadL_yadM_yadC_yadK_predicted,0.14285714285714285,6,6,GACTGGTGCGCGGATACTGC,0,4395107
yadL_yadM_yadC_yadK_predicted,0.14285714285714285,6,6,GACTGGAGATTTCATGCAGA,0,4386621
yadL_yadM_yadC_yadK_predicted,0.14285714285714285,6,6,GACCCGTTTCAGGTGTGAGA,0,4389590
yadL_yadM_yadC_yadK_predicted,0.14285714285714285,6,6,GACCACCGAGCCCAAGAACT,0,4383029
yadL_yadM_yadC_yadK_predicted,0.14285714285714285,6,6,GAAGGATCAGACGGCACTCA,0,4385098
yadL_yadM_yadC_yadK_predicted,0.14285714285714285,6,6,GAAGCAGCGCTGCTCGGAAA,0,4395568
yadL_yadM_yadC_yadK_predicted,0.14285714285714285,6,6,GAACTTGAACAAGGGACAGG,0,4393177
yadL_yadM_yadC_yadK_predicted,0.14285714285714285,6,6,GAAATTCAAGGCCACTCTTC,0,4373654
yadL_yadM_yadC_yadK_predicted,0.14285714285714285,6,6,GAAATCCATGTAGACAAGCC,0,4372847
yadL_yadM_yadC_yadK_predicted,0.14285714285714285,6,6,GAAATCCACAACTTTGTTTG,0,4384891
yadL_yadM_yadC_yadK_predicted,0.14285714285714285,6,6,GAAAGCTGAAACCGTTGGAA,0,4396915
yadL_yadM_yadC_yadK_predicted,0.14285714285714285,6,6,GAAAGCTCTTCCGCCTTGCA,0,4387716
yadL_yadM_yadC_yadK_predicted,0.14285714285714285,6,6,CTTCGGGGAATCTAATACTA,0,4386574
yadL_yadM_yadC_yadK_predicted,0.14285714285714285,6,6,CTTCCCGCCCAGATTACAGT,0,4380889
yadL_yadM_yadC_yadK_predicted,0.14285714285714285,6,6,CTTCACGCGTAGGCCATGCG,0,4379976
yadL_yadM_yadC_yadK_predicted,0.14285714285714285,6,6,CTTAGTAGATCAGCCCCGGA,0,4396040
yadL_yadM_yadC_yadK_predicted,0.14285714285714285,6,6,CTTAGTACCCTTATATGACA,0,4390142
yadL_yadM_yadC_yadK_predicted,0.14285714285714285,6,6,CTTACCAGCGCGCTGATTGG,0,4396986
yadL_yadM_yadC_yadK_predicted,0.14285714285714285,6,6,CTGTGGCGGTGGCCGTAACG,0,4398776
yadL_yadM_yadC_yadK_predicted,0.14285714285714285,6,6,CTGTAACTACATTGCCTTCG,0,4391972
yadL_yadM_yadC_yadK_predicted,0.14285714285714285,6,6,CTGGTTGTGAACTTTGCAGT,0,4375961
yadL_yadM_yadC_yadK_predicted,0.14285714285714285,6,6,CTGGTAGTGAGCACCATCGG,0,4402014
yadL_yadM_yadC_yadK_predicted,0.14285714285714285,6,6,CTGGGTGATATCCCCGGGAA,0,4394750
yadL_yadM_yadC_yadK_predicted,0.14285714285714285,6,6,CTGGCCGATTCAGGTGCCCG,0,4376016
yadL_yadM_yadC_yadK_predicted,0.14285714285714285,6,6,CTGCTGCTAGACATAAGTCT,0,4385094
yadL_yadM_yadC_yadK_predicted,0.14285714285714285,6,6,CTGCTAGTGCATTTGAAGAT,0,4397837
yadL_yadM_yadC_yadK_predicted,0.14285714285714285,6,6,CTGCGCCCCCCGCTTGGACC,0,4378107
yadL_yadM_yadC_yadK_predicted,0.14285714285714285,6,6,CTGCCGCCATCTCCAGGCAG,0,4399006
yadL_yadM_yadC_yadK_predicted,0.14285714285714285,6,6,CTGCATTTTATTCTTGGAGT,0,4397427
yadL_yadM_yadC_yadK_predicted,0.14285714285714285,6,6,CTGATAGTTACACAGGCCAC,0,4397356
yadL_yadM_yadC_yadK_predicted,0.14285714285714285,6,6,CTGACTAAGGGCACAACCAC,0,4388972
yadL_yadM_yadC_yadK_predicted,0.14285714285714285,6,6,CTCTTCTCGACTTACCGATT,0,4383827
yadL_yadM_yadC_yadK_predicted,0.14285714285714285,6,6,CTCTCAGAGTAGATGCGTCG,0,4375270
yadL_yadM_yadC_yadK_predicted,0.14285714285714285,6,6,CTCGGCAGAGTCCGTGAAGT,0,4383117
yadL_yadM_yadC_yadK_predicted,0.14285714285714285,6,6,CTCCCATGTGAATCAGCCCC,0,4372281
yadL_yadM_yadC_yadK_predicted,0.14285714285714285,6,6,CTCAGGCACCTGGGGATAAT,0,4389916
yadL_yadM_yadC_yadK_predicted,0.14285714285714285,6,6,CTCACAGCAAAGCTTCATTT,0,4397573
yadL_yadM_yadC_yadK_predicted,0.14285714285714285,6,6,CTATTTCATTTAGCAGCCAT,0,4387284
yadL_yadM_yadC_yadK_predicted,0.14285714285714285,6,6,CTATCGTAGATTTATTCAGT,0,4393178
yadL_yadM_yadC_yadK_predicted,0.14285714285714285,6,6,CTATAACCGTCTTGCTCGCA,0,4386281
yadL_yadM_yadC_yadK_predicted,0.14285714285714285,6,6,CTAGACACCCGTCCCTGGAC,0,4389556
yadL_yadM_yadC_yadK_predicted,0.14285714285714285,6,6,CTACTTGTTCCCTCCGGATG,0,4400349
yadL_yadM_yadC_yadK_predicted,0.14285714285714285,6,6,CTAATAGGTTATCCCGGTGA,0,4390145
yadL_yadM_yadC_yadK_predicted,0.14285714285714285,6,6,CTAAGAGCGATATAATCCGA,0,4401542
yadL_yadM_yadC_yadK_predicted,0.14285714285714285,6,6,CGTTTGCGGCCACAATTGAC,0,4373968
yadL_yadM_yadC_yadK_predicted,0.14285714285714285,6,6,CGTTGTAACTGCATTCGGTT,0,4388483
yadL_yadM_yadC_yadK_predicted,0.14285714285714285,6,6,CGTTGCCCACGCGAATGCGC,0,4400235
yadL_yadM_yadC_yadK_predicted,0.14285714285714285,6,6,CGTGTAAGACGAACGAGCAG,0,4382417
yadL_yadM_yadC_yadK_predicted,0.14285714285714285,6,6,CGTGCTACTTTGGTCACCCT,0,4401977
yadL_yadM_yadC_yadK_predicted,0.14285714285714285,6,6,CGTCAGTGGTTCTGATTGAC,0,4374820
yadL_yadM_yadC_yadK_predicted,0.14285714285714285,6,6,CGTAGGCTGAAAGAGGTTAC,0,4387131
yadL_yadM_yadC_yadK_predicted,0.14285714285714285,6,6,CGTAGCAGTGCCTACCAACG,0,4379840
yadL_yadM_yadC_yadK_predicted,0.14285714285714285,6,6,CGGTTAAGTACGTGTAAGGA,0,4375886
yadL_yadM_yadC_yadK_predicted,0.14285714285714285,6,6,CGGGCTACTTTTCGCAGGAC,0,4381379
yadL_yadM_yadC_yadK_predicted,0.14285714285714285,6,6,CGGGCAGCTATCAGCAGGTT,0,4399001
yadL_yadM_yadC_yadK_predicted,0.14285714285714285,6,6,CGGGAAGATCGGACACAGTT,0,4378927
yadL_yadM_yadC_yadK_predicted,0.14285714285714285,6,6,CGGCTAAATTCAGTCTGGGT,0,4372061
yadL_yadM_yadC_yadK_predicted,0.14285714285714285,6,6,CGGCGTATTGATACTTGTCT,0,4383920
yadL_yadM_yadC_yadK_predicted,0.14285714285714285,6,6,CGGCATTAAACGGCACACTG,0,4393057
yadL_yadM_yadC_yadK_predicted,0.14285714285714285,6,6,CGGCACAAACCGCGAATTCT,0,4389824
yadL_yadM_yadC_yadK_predicted,0.14285714285714285,6,6,CGGATAGCATTATGATAGTA,0,4396109
yadL_yadM_yadC_yadK_predicted,0.14285714285714285,6,6,CGGAGGTTAGTCCGATCCAC,0,4378044
yadL_yadM_yadC_yadK_predicted,0.14285714285714285,6,6,CGGACTCCAAACATTCACGA,0,4386659
yadL_yadM_yadC_yadK_predicted,0.14285714285714285,6,6,CGCTGGCATCACGTGGTCTC,0,4400420
yadL_yadM_yadC_yadK_predicted,0.14285714285714285,6,6,CGCTACGATTCAGCGTTCGT,0,4388061
yadL_yadM_yadC_yadK_predicted,0.14285714285714285,6,6,CGCTACGAAGCCCAGTAACG,0,4393063
yadL_yadM_yadC_yadK_predicted,0.14285714285714285,6,6,CGCGTCGCTGGATAAAGGCG,0,4372478
yadL_yadM_yadC_yadK_predicted,0.14285714285714285,6,6,CGCGTAAGAGGTACGGAATG,0,4381350
yadL_yadM_yadC_yadK_predicted,0.14285714285714285,6,6,CGCGCATGAGGATAGGTACA,0,4380927
yadL_yadM_yadC_yadK_predicted,0.14285714285714285,6,6,CGCCGTTTCTGCCCATCTGA,0,4378818
yadL_yadM_yadC_yadK_predicted,0.14285714285714285,6,6,CGCCGGCCCACTTCTTTCCC,0,4399749
yadL_yadM_yadC_yadK_predicted,0.14285714285714285,6,6,CGCAGTCGAATTCCCATTAA,0,4379245
yadL_yadM_yadC_yadK_predicted,0.14285714285714285,6,6,CGCACCGACGGCAGATACTA,0,4373592
yadL_yadM_yadC_yadK_predicted,0.14285714285714285,6,6,CGATGGCAGTGGCTAGTCTC,0,4395741
yadL_yadM_yadC_yadK_predicted,0.14285714285714285,6,6,CGATATACGGTCCTCAAGAG,0,4374148
yadL_yadM_yadC_yadK_predicted,0.14285714285714285,6,6,CGATATAAGGTCGGAGTCGC,0,4372573
yadL_yadM_yadC_yadK_predicted,0.14285714285714285,6,6,CGATAGCGTGCACCGTTGTA,0,4398142
yadL_yadM_yadC_yadK_predicted,0.14285714285714285,6,6,CGAGTTAAAAAGGGGCCAAG,0,4382370
yadL_yadM_yadC_yadK_predicted,0.14285714285714285,6,6,CGAAAGGTCTCGGTACTATC,0,4386958
yadL_yadM_yadC_yadK_predicted,0.14285714285714285,6,6,CCTGTCCAAGCGAGTAGTCG,0,4379633
yadL_yadM_yadC_yadK_predicted,0.14285714285714285,6,6,CCTCTCCTCGAAACCCGCCC,0,4394181
yadL_yadM_yadC_yadK_predicted,0.14285714285714285,6,6,CCTCTCAAGCTATATACGCT,0,4385970
yadL_yadM_yadC_yadK_predicted,0.14285714285714285,6,6,CCTCGTGGCTCAGTGAAGGG,0,4375844
yadL_yadM_yadC_yadK_predicted,0.14285714285714285,6,6,CCTCAGGCGTGTTTCACTTT,0,4379150
yadL_yadM_yadC_yadK_predicted,0.14285714285714285,6,6,CCTATGTGGAAGCTTGAGCA,0,4378095
yadL_yadM_yadC_yadK_predicted,0.14285714285714285,6,6,CCGTGGTGGCGGTTGTAGAC,0,4394753
yadL_yadM_yadC_yadK_predicted,0.14285714285714285,6,6,CCGTCTTACCCATGGGCTCG,0,4385035
yadL_yadM_yadC_yadK_predicted,0.14285714285714285,6,6,CCGTACCTAAACAGTTTTCA,0,4393225
yadL_yadM_yadC_yadK_predicted,0.14285714285714285,6,6,CCGGGCTACTAGGGAAAAAT,0,4394241
yadL_yadM_yadC_yadK_predicted,0.14285714285714285,6,6,CCGGGCATGTGGTACTGAAC,0,4380860
yadL_yadM_yadC_yadK_predicted,0.14285714285714285,6,6,CCGGACATCATTGGGATAAT,0,4380243
yadL_yadM_yadC_yadK_predicted,0.14285714285714285,6,6,CCGCGCCTAGTGTGCGCCCG,0,4373126
yadL_yadM_yadC_yadK_predicted,0.14285714285714285,6,6,CCGCGAACCCATGCGGGAGA,0,4389817
yadL_yadM_yadC_yadK_predicted,0.14285714285714285,6,6,CCGCCAGAGCGCAAAATCAG,0,4385097
yadL_yadM_yadC_yadK_predicted,0.14285714285714285,6,6,CCGACCACGGATCGGGAGAC,0,4389811
yadL_yadM_yadC_yadK_predicted,0.14285714285714285,6,6,CCGAATACCGTTGAGAAAAC,0,4385820
yadL_yadM_yadC_yadK_predicted,0.14285714285714285,6,6,CCCTCGCTGGCTGCTCGTCC,0,4396216
yadL_yadM_yadC_yadK_predicted,0.14285714285714285,6,6,CCCTAACGTCAAATACGCGC,0,4378039
yadL_yadM_yadC_yadK_predicted,0.14285714285714285,6,6,CCCGGAAATAACGTGATCGC,0,4393161
yadL_yadM_yadC_yadK_predicted,0.14285714285714285,6,6,CCCGCAAGTGATGACGCTGG,0,4374139
yadL_yadM_yadC_yadK_predicted,0.14285714285714285,6,6,CCCAAGCTGTATCTGCAGCT,0,4396397
yadL_yadM_yadC_yadK_predicted,0.14285714285714285,6,6,CCATCGACATCACAATGCAT,0,4393676
yadL_yadM_yadC_yadK_predicted,0.14285714285714285,6,6,CCATATTTTGCGCCGGGGTA,0,4389743
yadL_yadM_yadC_yadK_predicted,0.14285714285714285,6,6,CCAGGCACACCAAAGGGCGA,0,4374983
yadL_yadM_yadC_yadK_predicted,0.14285714285714285,6,6,CCAGAAAAGGTAGCAGTCCT,0,4377911
yadL_yadM_yadC_yadK_predicted,0.14285714285714285,6,6,CATTGTTCCGCTGACAGTTA,0,4383921
yadL_yadM_yadC_yadK_predicted,0.14285714285714285,6,6,CATTCTAATTGCTAACCGAA,0,4400179
yadL_yadM_yadC_yadK_predicted,0.14285714285714285,6,6,CATGTGCCCCACCCGTTCAC,0,4378506
yadL_yadM_yadC_yadK_predicted,0.14285714285714285,6,6,CATGGGGAGTGGCGTTCTTG,0,4377276
yadL_yadM_yadC_yadK_predicted,0.14285714285714285,6,6,CATGAATGATACGCTGATTT,0,4381196
yadL_yadM_yadC_yadK_predicted,0.14285714285714285,6,6,CATGAATACCCGAGGCCTTT,0,4386342
yadL_yadM_yadC_yadK_predicted,0.14285714285714285,6,6,CATCGTATTTACTGTGCCGA,0,4395710
yadL_yadM_yadC_yadK_predicted,0.14285714285714285,6,6,CATAGAGGAATGTCTTCTCG,0,4378161
yadL_yadM_yadC_yadK_predicted,0.14285714285714285,6,6,CATAGAGACGTTGACCACGA,0,4391159
yadL_yadM_yadC_yadK_predicted,0.14285714285714285,6,6,CATACCTAGTTTCAGGGTTC,0,4382796
yadL_yadM_yadC_yadK_predicted,0.14285714285714285,6,6,CATACAAAGTGTAACGAGTG,0,4384252
yadL_yadM_yadC_yadK_predicted,0.14285714285714285,6,6,CAGTAATAGCTTCGGGCCAT,0,4389614
yadL_yadM_yadC_yadK_predicted,0.14285714285714285,6,6,CAGGACTGGGTTTCAGACAT,0,4373375
yadL_yadM_yadC_yadK_predicted,0.14285714285714285,6,6,CAGCGTAACCAAAAGAAAAG,0,4375031
yadL_yadM_yadC_yadK_predicted,0.14285714285714285,6,6,CAGCCAGTTTTACCAGTTCT,0,4376635
yadL_yadM_yadC_yadK_predicted,0.14285714285714285,6,6,CAGCACCGTCCATGATTTTA,0,4390151
yadL_yadM_yadC_yadK_predicted,0.14285714285714285,6,6,CAGCACAAATTTTATGAGTG,0,4389277
yadL_yadM_yadC_yadK_predicted,0.14285714285714285,6,6,CAGAGGGGGGCTATGCCCGA,0,4376122
yadL_yadM_yadC_yadK_predicted,0.14285714285714285,6,6,CAGAGAAGGGGCATCCGGGT,0,4396050
yadL_yadM_yadC_yadK_predicted,0.14285714285714285,6,6,CAGACGGTATCCGAGAGATA,0,4389495
yadL_yadM_yadC_yadK_predicted,0.14285714285714285,6,6,CAGAATGCAGAGGCGCGTAG,0,4370209
yadL_yadM_yadC_yadK_predicted,0.14285714285714285,6,6,CACTTGCAACGTCAACGGGC,0,4370705
yadL_yadM_yadC_yadK_predicted,0.14285714285714285,6,6,CACTGTAGTACCTGTAACCT,0,4383037
yadL_yadM_yadC_yadK_predicted,0.14285714285714285,6,6,CACGCGCAGTCTCCAGTAGC,0,4381820
yadL_yadM_yadC_yadK_predicted,0.14285714285714285,6,6,CACCCGTTTATTTCAACACT,0,4379923
yadL_yadM_yadC_yadK_predicted,0.14285714285714285,6,6,CACACCAAGGGATATGACGT,0,4373825
yadL_yadM_yadC_yadK_predicted,0.14285714285714285,6,6,CAATCCAGCCGATCATGGTA,0,4371378
yadL_yadM_yadC_yadK_predicted,0.14285714285714285,6,6,CAATACGGATCTGATTCCAA,0,4394810
yadL_yadM_yadC_yadK_predicted,0.14285714285714285,6,6,CAAGTCTGGCATTCCACCTA,0,4375074
yadL_yadM_yadC_yadK_predicted,0.14285714285714285,6,6,CAAGGCCAATCGCCCTAGGC,0,4378114
yadL_yadM_yadC_yadK_predicted,0.14285714285714285,6,6,CAAGGCAACGAAGTCACGAA,0,4399183
yadL_yadM_yadC_yadK_predicted,0.14285714285714285,6,6,CAACCCGCTGGTACCCTAGC,0,4398866
yadL_yadM_yadC_yadK_predicted,0.14285714285714285,6,6,CAACCAATGGCACTGCAATG,0,4376814
yadL_yadM_yadC_yadK_predicted,0.14285714285714285,6,6,CAACAGGGCAACATAAGGGA,0,4382078
yadL_yadM_yadC_yadK_predicted,0.14285714285714285,6,6,ATTTCGACCGCCCGCGAGCG,0,4383232
yadL_yadM_yadC_yadK_predicted,0.14285714285714285,6,6,ATTCCAGTCTGGCGAAACGG,0,4380597
yadL_yadM_yadC_yadK_predicted,0.14285714285714285,6,6,ATTATACCATGTTCTGACTG,0,4397951
yadL_yadM_yadC_yadK_predicted,0.14285714285714285,6,6,ATTAGCACGAGCCAACGAGA,0,4387953
yadL_yadM_yadC_yadK_predicted,0.14285714285714285,6,6,ATTAACCGGGAGGTTGGAGG,0,4393756
yadL_yadM_yadC_yadK_predicted,0.14285714285714285,6,6,ATGGGTTTGGGCGTCGTAGA,0,4377831
yadL_yadM_yadC_yadK_predicted,0.14285714285714285,6,6,ATGGCATTTTTCGTTCACCC,0,4379051
yadL_yadM_yadC_yadK_predicted,0.14285714285714285,6,6,ATGGACTCTCAGTGGGCCGG,0,4375672
yadL_yadM_yadC_yadK_predicted,0.14285714285714285,6,6,ATGCTTACAGTGTCGCAGTA,0,4379595
yadL_yadM_yadC_yadK_predicted,0.14285714285714285,6,6,ATGCTTAACACCTGTGGTTA,0,4388021
yadL_yadM_yadC_yadK_predicted,0.14285714285714285,6,6,ATGCCTAGCGAGTTGCACGC,0,4378908
yadL_yadM_yadC_yadK_predicted,0.14285714285714285,6,6,ATGCACTTTTTTCAGTGGAA,0,4395796
yadL_yadM_yadC_yadK_predicted,0.14285714285714285,6,6,ATCTTTGTCATCGACGTTGT,0,4381320
yadL_yadM_yadC_yadK_predicted,0.14285714285714285,6,6,ATCTTTCCCAGACGGGAGGT,0,4382832
yadL_yadM_yadC_yadK_predicted,0.14285714285714285,6,6,ATCTTGCCCTTTGATCACAT,0,4382295
yadL_yadM_yadC_yadK_predicted,0.14285714285714285,6,6,ATCTATAGAGACGATGAGAA,0,4377709
yadL_yadM_yadC_yadK_predicted,0.14285714285714285,6,6,ATCTACCGGTGTGAACACGG,0,4390955
yadL_yadM_yadC_yadK_predicted,0.14285714285714285,6,6,ATCGCAAGCGAAGACTAGGG,0,4389106
yadL_yadM_yadC_yadK_predicted,0.14285714285714285,6,6,ATCGACCGTCCAGGATCCCC,0,4401966
yadL_yadM_yadC_yadK_predicted,0.14285714285714285,6,6,ATCCGATAAGTCAAGCGAAT,0,4377280
yadL_yadM_yadC_yadK_predicted,0.14285714285714285,6,6,ATCATCTCGTCTGAACGTAT,0,4396327
yadL_yadM_yadC_yadK_predicted,0.14285714285714285,6,6,ATCACGATACGTGCGCCGAG,0,4393592
yadL_yadM_yadC_yadK_predicted,0.14285714285714285,6,6,ATCAAGGTTGCGAACAAGAG,0,4399338
yadL_yadM_yadC_yadK_predicted,0.14285714285714285,6,6,ATATGGGGAAGGCGTTTATG,0,4370875
yadL_yadM_yadC_yadK_predicted,0.14285714285714285,6,6,ATAGGTGCGCAGGCTATGAC,0,4384397
yadL_yadM_yadC_yadK_predicted,0.14285714285714285,6,6,ATAGCCGGGTGCTTACATTA,0,4376737
yadL_yadM_yadC_yadK_predicted,0.14285714285714285,6,6,ATACGGCATGCAAGATAGTC,0,4397448
yadL_yadM_yadC_yadK_predicted,0.14285714285714285,6,6,ATACGATCGAAAGGACTAAG,0,4389144
yadL_yadM_yadC_yadK_predicted,0.14285714285714285,6,6,ATACATATTCCGTTGACTTG,0,4385327
yadL_yadM_yadC_yadK_predicted,0.14285714285714285,6,6,ATAAATAGAAAGGGGTCCAA,0,4392879
yadL_yadM_yadC_yadK_predicted,0.14285714285714285,6,6,ATAAAGGTGTAGGCGGAAGC,0,4378854
yadL_yadM_yadC_yadK_predicted,0.14285714285714285,6,6,AGTTTAATGGCATTCAAAAG,0,4382087
yadL_yadM_yadC_yadK_predicted,0.14285714285714285,6,6,AGTTGTCCTCCGGGACTATA,0,4399075
yadL_yadM_yadC_yadK_predicted,0.14285714285714285,6,6,AGTTGACAGTCTAATGTTGC,0,4383726
yadL_yadM_yadC_yadK_predicted,0.14285714285714285,6,6,AGTCTGTTAATTAGGGCGGG,0,4392205
yadL_yadM_yadC_yadK_predicted,0.14285714285714285,6,6,AGTCCCGATTCCGATGAGTC,0,4394121
yadL_yadM_yadC_yadK_predicted,0.14285714285714285,6,6,AGTCCAAGGGTGATTGCTGG,0,4371698
yadL_yadM_yadC_yadK_predicted,0.14285714285714285,6,6,AGTCATAGCTTTTATCTACT,0,4392064
yadL_yadM_yadC_yadK_predicted,0.14285714285714285,6,6,AGTATGGGGGGACAGGTAGA,0,4373163
yadL_yadM_yadC_yadK_predicted,0.14285714285714285,6,6,AGTAACCCGCGACAGCACTA,0,4381187
yadL_yadM_yadC_yadK_predicted,0.14285714285714285,6,6,AGGTGAACACTACGGGTACT,0,4389691
yadL_yadM_yadC_yadK_predicted,0.14285714285714285,6,6,AGGGAGCTGGACGTGGCACC,0,4392962
yadL_yadM_yadC_yadK_predicted,0.14285714285714285,6,6,AGGCCATAGCATTCACAAGG,0,4377982
yadL_yadM_yadC_yadK_predicted,0.14285714285714285,6,6,AGGAGTTGACTACATCGGCT,0,4398112
yadL_yadM_yadC_yadK_predicted,0.14285714285714285,6,6,AGGAGGACGGGTTAATTGAT,0,4397604
yadL_yadM_yadC_yadK_predicted,0.14285714285714285,6,6,AGGACGGGGGAATCTCACAA,0,4393561
yadL_yadM_yadC_yadK_predicted,0.14285714285714285,6,6,AGGAAGATGATTTGTCTCGT,0,4393181
yadL_yadM_yadC_yadK_predicted,0.14285714285714285,6,6,AGCGCTCCAATTCGTCATTT,0,4390285
yadL_yadM_yadC_yadK_predicted,0.14285714285714285,6,6,AGCACCCACCGTTACAGGCT,0,4391415
yadL_yadM_yadC_yadK_predicted,0.14285714285714285,6,6,AGCAACCCTCGCTCACCGCG,0,4374893
yadL_yadM_yadC_yadK_predicted,0.14285714285714285,6,6,AGAGCGTAACAGTGCTACTC,0,4398626
yadL_yadM_yadC_yadK_predicted,0.14285714285714285,6,6,AGAGCCATTGCCCTGGATGA,0,4398040
yadL_yadM_yadC_yadK_predicted,0.14285714285714285,6,6,AGAGATAGCTGAGCAATTCG,0,4392594
yadL_yadM_yadC_yadK_predicted,0.14285714285714285,6,6,AGACCGAGATCGTGTCATTC,0,4396602
yadL_yadM_yadC_yadK_predicted,0.14285714285714285,6,6,AGACATGACGCCCTGGTCTA,0,4390177
yadL_yadM_yadC_yadK_predicted,0.14285714285714285,6,6,AGACAGTCGCGTTTACGTAG,0,4384961
yadL_yadM_yadC_yadK_predicted,0.14285714285714285,6,6,AGAAGCTGATTGGCAATATA,0,4370813
yadL_yadM_yadC_yadK_predicted,0.14285714285714285,6,6,ACTTGTTAAAATGTGGCCCT,0,4391272
yadL_yadM_yadC_yadK_predicted,0.14285714285714285,6,6,ACTGGCCCTGTCATCAGTTA,0,4396390
yadL_yadM_yadC_yadK_predicted,0.14285714285714285,6,6,ACTGACAAACATCCACGGAC,0,4378493
yadL_yadM_yadC_yadK_predicted,0.14285714285714285,6,6,ACTGAAGCCTCATGCCGCAG,0,4393554
yadL_yadM_yadC_yadK_predicted,0.14285714285714285,6,6,ACTCTCGGCATTGTCGAGGT,0,4396244
yadL_yadM_yadC_yadK_predicted,0.14285714285714285,6,6,ACTCGTTGTCTGCATACTAA,0,4372814
yadL_yadM_yadC_yadK_predicted,0.14285714285714285,6,6,ACTCCGGGTACAATTAGAAC,0,4401735
yadL_yadM_yadC_yadK_predicted,0.14285714285714285,6,6,ACTCCACCGGATTTTGTACG,0,4374219
yadL_yadM_yadC_yadK_predicted,0.14285714285714285,6,6,ACTCCAAGGCCACGTCTTGC,0,4380282
yadL_yadM_yadC_yadK_predicted,0.14285714285714285,6,6,ACTCACGTACTCGGCATCGC,0,4378769
yadL_yadM_yadC_yadK_predicted,0.14285714285714285,6,6,ACTAGAGACCATTGACAGCT,0,4376253
yadL_yadM_yadC_yadK_predicted,0.14285714285714285,6,6,ACTACCGAAGCCGGCAAGGA,0,4385693
yadL_yadM_yadC_yadK_predicted,0.14285714285714285,6,6,ACGTGGTCAGAAGCTTTTTA,0,4372493
yadL_yadM_yadC_yadK_predicted,0.14285714285714285,6,6,ACGTGAGATAGGGCGGAGAT,0,4383687
yadL_yadM_yadC_yadK_predicted,0.14285714285714285,6,6,ACGTCTCATAGTAAAAAGTC,0,4400365
yadL_yadM_yadC_yadK_predicted,0.14285714285714285,6,6,ACGGCGAGCGTCTTTTAACT,0,4377299
yadL_yadM_yadC_yadK_predicted,0.14285714285714285,6,6,ACGGCACTATAACCAGGTAA,0,4376315
yadL_yadM_yadC_yadK_predicted,0.14285714285714285,6,6,ACGCTGTCGTATATGTTATC,0,4396631
yadL_yadM_yadC_yadK_predicted,0.14285714285714285,6,6,ACGCTATTCACTCACCGCAT,0,4381128
yadL_yadM_yadC_yadK_predicted,0.14285714285714285,6,6,ACGCCAAGCAGTTTGGTAGA,0,4379820
yadL_yadM_yadC_yadK_predicted,0.14285714285714285,6,6,ACGATTAGTTCCATCACGCT,0,4372938
yadL_yadM_yadC_yadK_predicted,0.14285714285714285,6,6,ACGATGTCGAGCCGTGCTGA,0,4402340
yadL_yadM_yadC_yadK_predicted,0.14285714285714285,6,6,ACCTTGTTGGCACTAGACCC,0,4388063
yadL_yadM_yadC_yadK_predicted,0.14285714285714285,6,6,ACCTTCTGCGGCAGAAGATT,0,4401298
yadL_yadM_yadC_yadK_predicted,0.14285714285714285,6,6,ACCTCATCTATAAATACCCA,0,4384644
yadL_yadM_yadC_yadK_predicted,0.14285714285714285,6,6,ACCGGAGAAGTCCTTATCGC,0,4389679
yadL_yadM_yadC_yadK_predicted,0.14285714285714285,6,6,ACCCGCTTATAAGGTCTTAA,0,4374198
yadL_yadM_yadC_yadK_predicted,0.14285714285714285,6,6,ACCCATCGTTGTCTAACGCA,0,4379056
yadL_yadM_yadC_yadK_predicted,0.14285714285714285,6,6,ACCACAAAAATGCGGTTTTT,0,4376905
yadL_yadM_yadC_yadK_predicted,0.14285714285714285,6,6,ACATGAAGAGGTCAATCCCG,0,4371553
yadL_yadM_yadC_yadK_predicted,0.14285714285714285,6,6,ACATAGACGAGGTCGTTGTG,0,4387500
yadL_yadM_yadC_yadK_predicted,0.14285714285714285,6,6,ACAGTGAGTTCCACAGTGGT,0,4397944
yadL_yadM_yadC_yadK_predicted,0.14285714285714285,6,6,ACAGGCGTCTAGGCTATCCG,0,4383714
yadL_yadM_yadC_yadK_predicted,0.14285714285714285,6,6,ACACTGAGGGGTCTGCATCC,0,4396364
yadL_yadM_yadC_yadK_predicted,0.14285714285714285,6,6,ACACGGAGCCAAGCCTCAAC,0,4380394
yadL_yadM_yadC_yadK_predicted,0.14285714285714285,6,6,ACACCTTTTCGGTTCATTAA,0,4394843
yadL_yadM_yadC_yadK_predicted,0.14285714285714285,6,6,ACACATGCAAACTCATCGCT,0,4377157
yadL_yadM_yadC_yadK_predicted,0.14285714285714285,6,6,ACACACAAGCGGGATTACCA,0,4398936
yadL_yadM_yadC_yadK_predicted,0.14285714285714285,6,6,ACAAGGGGGATCGAATAGCA,0,4386747
yadL_yadM_yadC_yadK_predicted,0.14285714285714285,6,6,ACAAAAAAGAAGCTTGCGTC,0,4394061
yadL_yadM_yadC_yadK_predicted,0.14285714285714285,6,6,AATTTAGTTTAGGTAGCAGG,0,4379090
yadL_yadM_yadC_yadK_predicted,0.14285714285714285,6,6,AATTGGTTATCCTTTGCAAA,0,4377128
yadL_yadM_yadC_yadK_predicted,0.14285714285714285,6,6,AATTACATGTAAGGTGACTG,0,4388045
yadL_yadM_yadC_yadK_predicted,0.14285714285714285,6,6,AATGTCAGTTCTGATGGCCA,0,4372563
yadL_yadM_yadC_yadK_predicted,0.14285714285714285,6,6,AATGGAGCTGCATGCCAACA,0,4393762
yadL_yadM_yadC_yadK_predicted,0.14285714285714285,6,6,AATATTCCCGCTTTCAGAAA,0,4392194
yadL_yadM_yadC_yadK_predicted,0.14285714285714285,6,6,AATAAGGGATTTAACCGGGA,0,4376954
yadL_yadM_yadC_yadK_predicted,0.14285714285714285,6,6,AATAAGAGGATGTGATCTTA,0,4381950
yadL_yadM_yadC_yadK_predicted,0.14285714285714285,6,6,AAGGGACGCCATGTACGGAG,0,4380429
yadL_yadM_yadC_yadK_predicted,0.14285714285714285,6,6,AAGGAAGCTTCATTGAGTGT,0,4386268
yadL_yadM_yadC_yadK_predicted,0.14285714285714285,6,6,AAGCTGAGGGTTCTCAGACC,0,4393203
yadL_yadM_yadC_yadK_predicted,0.14285714285714285,6,6,AAGCAAACCTTACTGATGGT,0,4387055
yadL_yadM_yadC_yadK_predicted,0.14285714285714285,6,6,AAGAATCATAGGGTGACCGA,0,4376419
yadL_yadM_yadC_yadK_predicted,0.14285714285714285,6,6,AACTTATCTTAGATTTGGCG,0,4401566
yadL_yadM_yadC_yadK_predicted,0.14285714285714285,6,6,AACTCTTGTATATGGTCAAA,0,4393164
yadL_yadM_yadC_yadK_predicted,0.14285714285714285,6,6,AACTCCTCCGGCATTGACGA,0,4391787
yadL_yadM_yadC_yadK_predicted,0.14285714285714285,6,6,AACTACGACGGGTTTTGCTC,0,4387645
yadL_yadM_yadC_yadK_predicted,0.14285714285714285,6,6,AACGGGTACCAGCATCGTAT,0,4392728
yadL_yadM_yadC_yadK_predicted,0.14285714285714285,6,6,AACCGGATGTATAACCAGAG,0,4380246
yadL_yadM_yadC_yadK_predicted,0.14285714285714285,6,6,AACCCCCAGGGTCAATTGCG,0,4376689
yadL_yadM_yadC_yadK_predicted,0.14285714285714285,6,6,AACCCAAGCTAATTCCGCAA,0,4399960
yadL_yadM_yadC_yadK_predicted,0.14285714285714285,6,6,AACAGGCTGGAATGAGACGC,0,4389802
yadL_yadM_yadC_yadK_predicted,0.14285714285714285,6,6,AACAACCGGTAGCTCGCTCA,0,4393608
yadL_yadM_yadC_yadK_predicted,0.14285714285714285,6,6,AAATGGGGGACTGACCGTAT,0,4400011
yadL_yadM_yadC_yadK_predicted,0.14285714285714285,6,6,AAATCCAGCTAAGCTCTATT,0,4374898
yadL_yadM_yadC_yadK_predicted,0.14285714285714285,6,6,AAATCAGTCAAAATCTCGGA,0,4371455
yadL_yadM_yadC_yadK_predicted,0.14285714285714285,6,6,AAAGTCGCGTGCGGAAGAAA,0,4381370
yadL_yadM_yadC_yadK_predicted,0.14285714285714285,6,6,AAACGCACGGTGGAACGATA,0,4388955
yadL_yadM_yadC_yadK_predicted,0.14285714285714285,6,6,AAACGCAAATCGTAGGCCAC,0,4388150
yadL_yadM_yadC_yadK_predicted,0.14285714285714285,6,6,AAACCCAGTAGAGAAGCCTT,0,4381840
yadL_yadM_yadC_yadK_predicted,0.14285714285714285,6,6,AAACAATGTAGGCGGGCCAC,0,4390192
yadL_yadM_yadC_yadK_predicted,0.14285714285714285,6,6,AAAACCAATGCGGTCTCTCA,0,4383260
yadL_yadM_yadC_yadK_predicted,0.14285714285714285,6,6,AAAAATAGGATCTGCGCGGG,0,4390228
yadL_yadM_yadC_yadK_predicted,0.16666666666666666,5,5,TTTTTGTTTAGGCCAACTCA,0,4387573
yadL_yadM_yadC_yadK_predicted,0.16666666666666666,5,5,TTTTTCAGGTGCGTCCAATC,0,4370574
yadL_yadM_yadC_yadK_predicted,0.16666666666666666,5,5,TTTTGGTCTAGCACTTCTGG,0,4390126
yadL_yadM_yadC_yadK_predicted,0.16666666666666666,5,5,TTTTATACGTGATTCTGGGT,0,4394042
yadL_yadM_yadC_yadK_predicted,0.16666666666666666,5,5,TTTGGGTAGGAAAGGCTTGA,0,4398350
yadL_yadM_yadC_yadK_predicted,0.16666666666666666,5,5,TTTAGTGACTATCGACACCG,0,4396843
yadL_yadM_yadC_yadK_predicted,0.16666666666666666,5,5,TTTACATTGATTGCCTGTTT,0,4371252
yadL_yadM_yadC_yadK_predicted,0.16666666666666666,5,5,TTTAACACTTTGAAATAGGT,0,4380404
yadL_yadM_yadC_yadK_predicted,0.16666666666666666,5,5,TTGTTCCAGCAGTCAATTGA,0,4378201
yadL_yadM_yadC_yadK_predicted,0.16666666666666666,5,5,TTGTCACCACTTAACCAAAT,0,4391783
yadL_yadM_yadC_yadK_predicted,0.16666666666666666,5,5,TTGGTGAACCAGAACATGTC,0,4373520
yadL_yadM_yadC_yadK_predicted,0.16666666666666666,5,5,TTGGGCACCTTTAAAATGAT,0,4392300
yadL_yadM_yadC_yadK_predicted,0.16666666666666666,5,5,TTGGCATAAGATGCCGCAAT,0,4397172
yadL_yadM_yadC_yadK_predicted,0.16666666666666666,5,5,TTGGATGTGGGCCTGGGGGA,0,4373490
yadL_yadM_yadC_yadK_predicted,0.16666666666666666,5,5,TTGATTCAGATGAAAGTAGT,0,4391808
yadL_yadM_yadC_yadK_predicted,0.16666666666666666,5,5,TTGACATACTACATCACCGC,0,4396133
yadL_yadM_yadC_yadK_predicted,0.16666666666666666,5,5,TTCTAGCACCGGATCTCCTG,0,4391988
yadL_yadM_yadC_yadK_predicted,0.16666666666666666,5,5,TTCGTTTGGATATACGCCTC,0,4386061
yadL_yadM_yadC_yadK_predicted,0.16666666666666666,5,5,TTCGTGGATGGAAGCTGTAG,0,4392693
yadL_yadM_yadC_yadK_predicted,0.16666666666666666,5,5,TTCGACCAGCGGCGCCTTTT,0,4393806
yadL_yadM_yadC_yadK_predicted,0.16666666666666666,5,5,TTATACCTTCTCTTTAATCT,0,4399797
yadL_yadM_yadC_yadK_predicted,0.16666666666666666,5,5,TTAGTGGTTTTTTTGGAGCC,0,4375671
yadL_yadM_yadC_yadK_predicted,0.16666666666666666,5,5,TTAGCTCGTTCCACCCGCGA,0,4396750
yadL_yadM_yadC_yadK_predicted,0.16666666666666666,5,5,TTACGCAGCCTTTTAGGGTG,0,4390331
yadL_yadM_yadC_yadK_predicted,0.16666666666666666,5,5,TTACATGCGAAGCACCGTGC,0,4399732
yadL_yadM_yadC_yadK_predicted,0.16666666666666666,5,5,TTAATGAAGATCGGATTCTG,0,4384042
yadL_yadM_yadC_yadK_predicted,0.16666666666666666,5,5,TTAAAAAGGAAACCGTCATT,0,4380773
yadL_yadM_yadC_yadK_predicted,0.16666666666666666,5,5,TGTTTGGCGTTTCCTCACGG,0,4375141
yadL_yadM_yadC_yadK_predicted,0.16666666666666666,5,5,TGTTGCATGATCGCATTTGC,0,4401117
yadL_yadM_yadC_yadK_predicted,0.16666666666666666,5,5,TGTTCGGGTTGGCTGGAGTT,0,4378770
yadL_yadM_yadC_yadK_predicted,0.16666666666666666,5,5,TGTTCCAGGGGTTCTCGAGG,0,4398851
yadL_yadM_yadC_yadK_predicted,0.16666666666666666,5,5,TGTTCATCGTGGATTCCACT,0,4377904
yadL_yadM_yadC_yadK_predicted,0.16666666666666666,5,5,TGTGGGGGGTAGAGTTACAA,0,4398077
yadL_yadM_yadC_yadK_predicted,0.16666666666666666,5,5,TGTGATGCGGTCCCTTTTTA,0,4400392
yadL_yadM_yadC_yadK_predicted,0.16666666666666666,5,5,TGTCTGCGTGAGTTATTGAT,0,4391009
yadL_yadM_yadC_yadK_predicted,0.16666666666666666,5,5,TGTCCCTACCCGGCGGCTTT,0,4370565
yadL_yadM_yadC_yadK_predicted,0.16666666666666666,5,5,TGGTGTTTGTGTTCCAACTG,0,4398540
yadL_yadM_yadC_yadK_predicted,0.16666666666666666,5,5,TGGTGGGTTTAAGGGACCAT,0,4391410
yadL_yadM_yadC_yadK_predicted,0.16666666666666666,5,5,TGGGTCGTGGATTGAGTCAC,0,4385351
yadL_yadM_yadC_yadK_predicted,0.16666666666666666,5,5,TGGGGACTATATGGCAAGTA,0,4388715
yadL_yadM_yadC_yadK_predicted,0.16666666666666666,5,5,TGGCTACATATCTGGTGCGG,0,4392498
yadL_yadM_yadC_yadK_predicted,0.16666666666666666,5,5,TGGCAGGGCATTAGGTGTCA,0,4381581
yadL_yadM_yadC_yadK_predicted,0.16666666666666666,5,5,TGGAATCCTAGGTGATGGGG,0,4391025
yadL_yadM_yadC_yadK_predicted,0.16666666666666666,5,5,TGCTCAGCCCTATGGTTGGG,0,4396940
yadL_yadM_yadC_yadK_predicted,0.16666666666666666,5,5,TGCGTGAAACGGTCGATCGT,0,4391776
yadL_yadM_yadC_yadK_predicted,0.16666666666666666,5,5,TGCGGTTCAAGGCCTCAACT,0,4388475
yadL_yadM_yadC_yadK_predicted,0.16666666666666666,5,5,TGCGGTAGGCGCTGTTGAGA,0,4402022
yadL_yadM_yadC_yadK_predicted,0.16666666666666666,5,5,TGCGGATATACGGTTCTAAT,0,4395727
yadL_yadM_yadC_yadK_predicted,0.16666666666666666,5,5,TGCGAGTGGTGGTCGTTTGG,0,4385139
yadL_yadM_yadC_yadK_predicted,0.16666666666666666,5,5,TGCCCTTAATGATGGCCAAT,0,4401446
yadL_yadM_yadC_yadK_predicted,0.16666666666666666,5,5,TGCATTAGATTGATTGGTGC,0,4391915
yadL_yadM_yadC_yadK_predicted,0.16666666666666666,5,5,TGCATAAGTGGGAGGACGTA,0,4378558
yadL_yadM_yadC_yadK_predicted,0.16666666666666666,5,5,TGCACATCAGCTCTGTGTCC,0,4384697
yadL_yadM_yadC_yadK_predicted,0.16666666666666666,5,5,TGCAACGCACAGTTTCAACT,0,4399881
yadL_yadM_yadC_yadK_predicted,0.16666666666666666,5,5,TGATTGCTAACGCGTAGTTC,0,4401293
yadL_yadM_yadC_yadK_predicted,0.16666666666666666,5,5,TGATATAGCCGCCGTGAGGA,0,4383202
yadL_yadM_yadC_yadK_predicted,0.16666666666666666,5,5,TGATAGATTTTTTACGGCTC,0,4378022
yadL_yadM_yadC_yadK_predicted,0.16666666666666666,5,5,TGAGTTCAGCATGTCCTGGA,0,4395647
yadL_yadM_yadC_yadK_predicted,0.16666666666666666,5,5,TGAGGTCCACTTCTGCGCGT,0,4383151
yadL_yadM_yadC_yadK_predicted,0.16666666666666666,5,5,TGAGCCGTCTCTACGAGTGT,0,4375571
yadL_yadM_yadC_yadK_predicted,0.16666666666666666,5,5,TGACTGGGGAGAAGCGAAGT,0,4389063
yadL_yadM_yadC_yadK_predicted,0.16666666666666666,5,5,TGACTACGTTCGGTGAAATC,0,4399251
yadL_yadM_yadC_yadK_predicted,0.16666666666666666,5,5,TGAAGGTTGATAGATCTGTT,0,4371367
yadL_yadM_yadC_yadK_predicted,0.16666666666666666,5,5,TGAAATGTGGGATTCACCCA,0,4388167
yadL_yadM_yadC_yadK_predicted,0.16666666666666666,5,5,TGAAAAAAACTGAGCGTAGT,0,4371461
yadL_yadM_yadC_yadK_predicted,0.16666666666666666,5,5,TCTTGCGGCCTTGACAGAGG,0,4383371
yadL_yadM_yadC_yadK_predicted,0.16666666666666666,5,5,TCTGCCCCAATAGAAAAGAT,0,4402213
yadL_yadM_yadC_yadK_predicted,0.16666666666666666,5,5,TCTCGGGGCTATACTGTGAA,0,4393223
yadL_yadM_yadC_yadK_predicted,0.16666666666666666,5,5,TCTCCACCGAGAAATAGGGC,0,4380242
yadL_yadM_yadC_yadK_predicted,0.16666666666666666,5,5,TCTCAACTCGGCGCTACAGT,0,4389009
yadL_yadM_yadC_yadK_predicted,0.16666666666666666,5,5,TCTATTGTCAACAGGAAATA,0,4401208
yadL_yadM_yadC_yadK_predicted,0.16666666666666666,5,5,TCTAGTCCACACACTGTGCT,0,4376332
yadL_yadM_yadC_yadK_predicted,0.16666666666666666,5,5,TCTAGCGCTTTTTAAACCAT,0,4377186
yadL_yadM_yadC_yadK_predicted,0.16666666666666666,5,5,TCTAACCTACATATCGAACC,0,4395679
yadL_yadM_yadC_yadK_predicted,0.16666666666666666,5,5,TCGTTCTTAATGAGGTTAGC,0,4399848
yadL_yadM_yadC_yadK_predicted,0.16666666666666666,5,5,TCGTATTACATGGACGGATC,0,4384456
yadL_yadM_yadC_yadK_predicted,0.16666666666666666,5,5,TCGTAGCGAAACTGAGGTTG,0,4394137
yadL_yadM_yadC_yadK_predicted,0.16666666666666666,5,5,TCGGGCATGGCCGGACGTTC,0,4389935
yadL_yadM_yadC_yadK_predicted,0.16666666666666666,5,5,TCGGATCAGGCACCCAAGCT,0,4378463
yadL_yadM_yadC_yadK_predicted,0.16666666666666666,5,5,TCGGAGGGTGTGATTTTCTT,0,4389210
yadL_yadM_yadC_yadK_predicted,0.16666666666666666,5,5,TCGCTTGCCGGTACCGGTGG,0,4377332
yadL_yadM_yadC_yadK_predicted,0.16666666666666666,5,5,TCGCTGAGTCCTGGGGGACC,0,4381702
yadL_yadM_yadC_yadK_predicted,0.16666666666666666,5,5,TCGATAGGAGTTAACTTTTG,0,4370779
yadL_yadM_yadC_yadK_predicted,0.16666666666666666,5,5,TCGAGTGCTGCAAGCTAATC,0,4371351
yadL_yadM_yadC_yadK_predicted,0.16666666666666666,5,5,TCCTGTTACCTCAATTGGGG,0,4393210
yadL_yadM_yadC_yadK_predicted,0.16666666666666666,5,5,TCCTCCTGCGGGAGACACTA,0,4395780
yadL_yadM_yadC_yadK_predicted,0.16666666666666666,5,5,TCCTATTAACAGCCCGGATG,0,4399074
yadL_yadM_yadC_yadK_predicted,0.16666666666666666,5,5,TCCGTCTAGAGGCCCGATCC,0,4401629
yadL_yadM_yadC_yadK_predicted,0.16666666666666666,5,5,TCCGGCCATCTTACCTTGGC,0,4389795
yadL_yadM_yadC_yadK_predicted,0.16666666666666666,5,5,TCCCTTGAGTGCATATCTTC,0,4396614
yadL_yadM_yadC_yadK_predicted,0.16666666666666666,5,5,TCCCGTCAAACGAACACGAG,0,4394264
yadL_yadM_yadC_yadK_predicted,0.16666666666666666,5,5,TCCCGGGGGCATTATACTTT,0,4384907
yadL_yadM_yadC_yadK_predicted,0.16666666666666666,5,5,TCCACGCAGCGGATCAAATA,0,4378350
yadL_yadM_yadC_yadK_predicted,0.16666666666666666,5,5,TCCACAGTCAAAACTGATGA,0,4373739
yadL_yadM_yadC_yadK_predicted,0.16666666666666666,5,5,TCCAAATCTGCAGATTGAAC,0,4378528
yadL_yadM_yadC_yadK_predicted,0.16666666666666666,5,5,TCAGGTGTGGACGGCACAAG,0,4379805
yadL_yadM_yadC_yadK_predicted,0.16666666666666666,5,5,TCACTAATATCCAAGAAGTT,0,4387052
yadL_yadM_yadC_yadK_predicted,0.16666666666666666,5,5,TCAAACGGGCACCTGGCAGC,0,4399703
yadL_yadM_yadC_yadK_predicted,0.16666666666666666,5,5,TCAAAAGAGCCCGGGCTATG,0,4377656
yadL_yadM_yadC_yadK_predicted,0.16666666666666666,5,5,TATTCTGCCTTACGAGCCAT,0,4387731
yadL_yadM_yadC_yadK_predicted,0.16666666666666666,5,5,TATTACATGTTCGGCAGTTC,0,4384408
yadL_yadM_yadC_yadK_predicted,0.16666666666666666,5,5,TATGTATAGTATGGTTCCCA,0,4376999
yadL_yadM_yadC_yadK_predicted,0.16666666666666666,5,5,TATGAAGAGTAATTTGGGTG,0,4395812
yadL_yadM_yadC_yadK_predicted,0.16666666666666666,5,5,TATATTTTTGATAAACGATG,0,4395776
yadL_yadM_yadC_yadK_predicted,0.16666666666666666,5,5,TAGGCCTATTGACGCATCAG,0,4390712
yadL_yadM_yadC_yadK_predicted,0.16666666666666666,5,5,TAGCTGGGTGTGCATGGCAT,0,4383314
yadL_yadM_yadC_yadK_predicted,0.16666666666666666,5,5,TAGCCGGGGAACCCAGAGTT,0,4379855
yadL_yadM_yadC_yadK_predicted,0.16666666666666666,5,5,TAGATGGTCTAAATATACCC,0,4389545
yadL_yadM_yadC_yadK_predicted,0.16666666666666666,5,5,TAGATGGCCGGACTTGATAG,0,4380139
yadL_yadM_yadC_yadK_predicted,0.16666666666666666,5,5,TAGATACAGAACGTCCATGG,0,4373065
yadL_yadM_yadC_yadK_predicted,0.16666666666666666,5,5,TAGAGATCGGGCTGGTCACC,0,4384406
yadL_yadM_yadC_yadK_predicted,0.16666666666666666,5,5,TAGACAAGTCTGCGTCCTGC,0,4374817
yadL_yadM_yadC_yadK_predicted,0.16666666666666666,5,5,TAGACAAAGGAGGGCAGTTC,0,4377671
yadL_yadM_yadC_yadK_predicted,0.16666666666666666,5,5,TAGAAAGTGCTAGCATTCCG,0,4383438
yadL_yadM_yadC_yadK_predicted,0.16666666666666666,5,5,TACTAATGCGTCCTAATGCC,0,4394993
yadL_yadM_yadC_yadK_predicted,0.16666666666666666,5,5,TACGCTGCAGTTGCTTGGGA,0,4380209
yadL_yadM_yadC_yadK_predicted,0.16666666666666666,5,5,TACAGCGTCAAGTCGGACTC,0,4377323
yadL_yadM_yadC_yadK_predicted,0.16666666666666666,5,5,TACAACTCTCGTCTGCAGTT,0,4384651
yadL_yadM_yadC_yadK_predicted,0.16666666666666666,5,5,TAATGGTCATGGGTAGGGCT,0,4376227
yadL_yadM_yadC_yadK_predicted,0.16666666666666666,5,5,TAATCCCGCCGCGTTCCAGA,0,4381658
yadL_yadM_yadC_yadK_predicted,0.16666666666666666,5,5,GTTTTGCCTCGCCACCGAAG,0,4388998
yadL_yadM_yadC_yadK_predicted,0.16666666666666666,5,5,GTTTCTAGCTGAACTCGACT,0,4370105
yadL_yadM_yadC_yadK_predicted,0.16666666666666666,5,5,GTTTACGAGGACGCCTATCC,0,4378627
yadL_yadM_yadC_yadK_predicted,0.16666666666666666,5,5,GTTGTACGAGCTCATGAATT,0,4393956
yadL_yadM_yadC_yadK_predicted,0.16666666666666666,5,5,GTTGGTTTTTCGATCCCTCA,0,4400795
yadL_yadM_yadC_yadK_predicted,0.16666666666666666,5,5,GTTGGGCTTACGGGGTTAAC,0,4401850
yadL_yadM_yadC_yadK_predicted,0.16666666666666666,5,5,GTTGCTATTACCTTGCTAAT,0,4388232
yadL_yadM_yadC_yadK_predicted,0.16666666666666666,5,5,GTTGAGCGTGGTTTCTGTGG,0,4398704
yadL_yadM_yadC_yadK_predicted,0.16666666666666666,5,5,GTTGACGAATATTCCCGGCA,0,4391802
yadL_yadM_yadC_yadK_predicted,0.16666666666666666,5,5,GTTCGGATTAGGACAGTAGT,0,4381438
yadL_yadM_yadC_yadK_predicted,0.16666666666666666,5,5,GTTCCGCCTTATTGTGCATT,0,4377318
yadL_yadM_yadC_yadK_predicted,0.16666666666666666,5,5,GTTAGTCCCACCTTGCCAGT,0,4399911
yadL_yadM_yadC_yadK_predicted,0.16666666666666666,5,5,GTTAGGTTCTGGGAGGTGGT,0,4371761
yadL_yadM_yadC_yadK_predicted,0.16666666666666666,5,5,GTGTTTTTGGGTAACATGTT,0,4400693
yadL_yadM_yadC_yadK_predicted,0.16666666666666666,5,5,GTGTGTACAGTGACCGAGGC,0,4379920
yadL_yadM_yadC_yadK_predicted,0.16666666666666666,5,5,GTGTGCACGTAGCGCAGGTG,0,4384196
yadL_yadM_yadC_yadK_predicted,0.16666666666666666,5,5,GTGGGAGGCCCAGGGGACGG,0,4389045
yadL_yadM_yadC_yadK_predicted,0.16666666666666666,5,5,GTGGCGGTCAGTTCTAAGCA,0,4382318
yadL_yadM_yadC_yadK_predicted,0.16666666666666666,5,5,GTGGCGGGTAGCCCCCGGGC,0,4377468
yadL_yadM_yadC_yadK_predicted,0.16666666666666666,5,5,GTGCGGCGCGATTACCAAGT,0,4400863
yadL_yadM_yadC_yadK_predicted,0.16666666666666666,5,5,GTGATGGAGTCGGGACGGTG,0,4396659
yadL_yadM_yadC_yadK_predicted,0.16666666666666666,5,5,GTGAGACCTGGGAGCGACCA,0,4375351
yadL_yadM_yadC_yadK_predicted,0.16666666666666666,5,5,GTGAATCGCGCCATCCGGCA,0,4384469
yadL_yadM_yadC_yadK_predicted,0.16666666666666666,5,5,GTCTTGTCTCAAGGATCCGA,0,4377204
yadL_yadM_yadC_yadK_predicted,0.16666666666666666,5,5,GTCTACGCTGGTTGAAAGGG,0,4377714
yadL_yadM_yadC_yadK_predicted,0.16666666666666666,5,5,GTCGGTTACGGCTTCCTACT,0,4381179
yadL_yadM_yadC_yadK_predicted,0.16666666666666666,5,5,GTCGCTTTGGTAGAGTTGCG,0,4380286
yadL_yadM_yadC_yadK_predicted,0.16666666666666666,5,5,GTCGCGATTGATGCGGAGAT,0,4381195
yadL_yadM_yadC_yadK_predicted,0.16666666666666666,5,5,GTCCGCCAGGAATCGGAGCA,0,4372191
yadL_yadM_yadC_yadK_predicted,0.16666666666666666,5,5,GTCCCGTCACGTACACCAAC,0,4380500
yadL_yadM_yadC_yadK_predicted,0.16666666666666666,5,5,GTCCCCCCTTTGAAGTTCTG,0,4385385
yadL_yadM_yadC_yadK_predicted,0.16666666666666666,5,5,GTCATTATTTCAATCAAGGA,0,4374706
yadL_yadM_yadC_yadK_predicted,0.16666666666666666,5,5,GTCAGCGGATGTTCCACTCG,0,4395844
yadL_yadM_yadC_yadK_predicted,0.16666666666666666,5,5,GTATTTAGGTTAAATTGAAT,0,4376206
yadL_yadM_yadC_yadK_predicted,0.16666666666666666,5,5,GTATTCTACAGTTGAATCAC,0,4389789
yadL_yadM_yadC_yadK_predicted,0.16666666666666666,5,5,GTATGTATTCAATTAGCGGT,0,4391770
yadL_yadM_yadC_yadK_predicted,0.16666666666666666,5,5,GTATGCGAATGTGGTGACCC,0,4394035
yadL_yadM_yadC_yadK_predicted,0.16666666666666666,5,5,GTATGCAGAGCTAGCTTCAC,0,4389571
yadL_yadM_yadC_yadK_predicted,0.16666666666666666,5,5,GTATCTATCACGATATATTT,0,4386801
yadL_yadM_yadC_yadK_predicted,0.16666666666666666,5,5,GTAGGGGAGTGCAAAGCTCA,0,4371548
yadL_yadM_yadC_yadK_predicted,0.16666666666666666,5,5,GTAGATCGGTCGAATACTTC,0,4377155
yadL_yadM_yadC_yadK_predicted,0.16666666666666666,5,5,GTACCACAAATAACTCTGTA,0,4402227
yadL_yadM_yadC_yadK_predicted,0.16666666666666666,5,5,GTACAATGAAATAGAGTTTA,0,4391673
yadL_yadM_yadC_yadK_predicted,0.16666666666666666,5,5,GTAATCAGTAAAGTCCACTA,0,4390848
yadL_yadM_yadC_yadK_predicted,0.16666666666666666,5,5,GGTTTTTGATACCGGCAGGA,0,4393011
yadL_yadM_yadC_yadK_predicted,0.16666666666666666,5,5,GGTTTCTCCATCGAGCGTCT,0,4375619
yadL_yadM_yadC_yadK_predicted,0.16666666666666666,5,5,GGTTAGAGGACCGACAGGTA,0,4375072
yadL_yadM_yadC_yadK_predicted,0.16666666666666666,5,5,GGTGGGGTCGCGACACCAGC,0,4383142
yadL_yadM_yadC_yadK_predicted,0.16666666666666666,5,5,GGTCAGGGCATGCGTTGTCA,0,4387124
yadL_yadM_yadC_yadK_predicted,0.16666666666666666,5,5,GGTATTTGGAATGCGCCTTA,0,4396895
yadL_yadM_yadC_yadK_predicted,0.16666666666666666,5,5,GGTAGTCTCACGTCTTGATT,0,4399358
yadL_yadM_yadC_yadK_predicted,0.16666666666666666,5,5,GGTAGCTCGACTCAGATGCT,0,4401008
yadL_yadM_yadC_yadK_predicted,0.16666666666666666,5,5,GGGGTAGTCAAGGCGGGCCA,0,4381224
yadL_yadM_yadC_yadK_predicted,0.16666666666666666,5,5,GGGGGTACTACACAGTGGGG,0,4386205
yadL_yadM_yadC_yadK_predicted,0.16666666666666666,5,5,GGGGGATCCATACTAGGTGT,0,4401749
yadL_yadM_yadC_yadK_predicted,0.16666666666666666,5,5,GGGGCAGAGAAAGTGGGGGG,0,4379252
yadL_yadM_yadC_yadK_predicted,0.16666666666666666,5,5,GGGCGATGGTATCCTGAAGT,0,4371446
yadL_yadM_yadC_yadK_predicted,0.16666666666666666,5,5,GGGCAGGCATGTATTCTGGA,0,4383098
yadL_yadM_yadC_yadK_predicted,0.16666666666666666,5,5,GGGATGCTCCATGACATGCT,0,4393717
yadL_yadM_yadC_yadK_predicted,0.16666666666666666,5,5,GGGATACGCAATCGGGCATA,0,4397169
yadL_yadM_yadC_yadK_predicted,0.16666666666666666,5,5,GGGAGGTGACGCTGTTAGAA,0,4392786
yadL_yadM_yadC_yadK_predicted,0.16666666666666666,5,5,GGGAGGTAAGCGCAACGGCA,0,4385737
yadL_yadM_yadC_yadK_predicted,0.16666666666666666,5,5,GGGAGAAATATGGTTTTATA,0,4384186
yadL_yadM_yadC_yadK_predicted,0.16666666666666666,5,5,GGGACTTAGTTTACACATGA,0,4386209
yadL_yadM_yadC_yadK_predicted,0.16666666666666666,5,5,GGCTGATTTTCGAGATTACT,0,4398784
yadL_yadM_yadC_yadK_predicted,0.16666666666666666,5,5,GGCTATGTTTTATTTCGATG,0,4390435
yadL_yadM_yadC_yadK_predicted,0.16666666666666666,5,5,GGCTAGGGCTGCTTCCGAAC,0,4402474
yadL_yadM_yadC_yadK_predicted,0.16666666666666666,5,5,GGCTAGATAGAAAATACGCA,0,4394969
yadL_yadM_yadC_yadK_predicted,0.16666666666666666,5,5,GGCGTTGAACCTTAGGTACG,0,4385014
yadL_yadM_yadC_yadK_predicted,0.16666666666666666,5,5,GGCGGCCCAAGAACACCGGG,0,4384386
yadL_yadM_yadC_yadK_predicted,0.16666666666666666,5,5,GGCGGAGTCGTCTCACGCTC,0,4398900
yadL_yadM_yadC_yadK_predicted,0.16666666666666666,5,5,GGCGGAATTCACTGTCTAAT,0,4398671
yadL_yadM_yadC_yadK_predicted,0.16666666666666666,5,5,GGCCTGCCCACCGGGCATAA,0,4378593
yadL_yadM_yadC_yadK_predicted,0.16666666666666666,5,5,GGCACGTCGGTGGGAGCAGG,0,4382113
yadL_yadM_yadC_yadK_predicted,0.16666666666666666,5,5,GGCAATGCAGGGTCCCGTTG,0,4389263
yadL_yadM_yadC_yadK_predicted,0.16666666666666666,5,5,GGCAACAGTGTCCATGATCC,0,4374952
yadL_yadM_yadC_yadK_predicted,0.16666666666666666,5,5,GGATGGGTTTGATGGAATAG,0,4391867
yadL_yadM_yadC_yadK_predicted,0.16666666666666666,5,5,GGATCCTACATAACCCCTAC,0,4372205
yadL_yadM_yadC_yadK_predicted,0.16666666666666666,5,5,GGATCAGGCGCGGGGGGACT,0,4371147
yadL_yadM_yadC_yadK_predicted,0.16666666666666666,5,5,GGATATACTTATGATACGCG,0,4396630
yadL_yadM_yadC_yadK_predicted,0.16666666666666666,5,5,GGAGCGCTCTGGTAAACGGA,0,4370134
yadL_yadM_yadC_yadK_predicted,0.16666666666666666,5,5,GGAGAGCTACTTGAGTGCCT,0,4391354
yadL_yadM_yadC_yadK_predicted,0.16666666666666666,5,5,GGAGACTTTGTAATCCGCTC,0,4388110
yadL_yadM_yadC_yadK_predicted,0.16666666666666666,5,5,GGACGACCGGATAAATGAGG,0,4378178
yadL_yadM_yadC_yadK_predicted,0.16666666666666666,5,5,GGACGAAACGCCATATTTTG,0,4395815
yadL_yadM_yadC_yadK_predicted,0.16666666666666666,5,5,GCTTCACTCCCGCTGACCAG,0,4388237
yadL_yadM_yadC_yadK_predicted,0.16666666666666666,5,5,GCTGATAAAACGGTCCACAA,0,4381898
yadL_yadM_yadC_yadK_predicted,0.16666666666666666,5,5,GCTGAATAGTCAGTTTTCAA,0,4384177
yadL_yadM_yadC_yadK_predicted,0.16666666666666666,5,5,GCTCTGGAGTTTTCTTCTAT,0,4386233
yadL_yadM_yadC_yadK_predicted,0.16666666666666666,5,5,GCTCGTCAAGTCCTTACGAC,0,4399156
yadL_yadM_yadC_yadK_predicted,0.16666666666666666,5,5,GCTCGGCTCAGCTGCACCCT,0,4389512
yadL_yadM_yadC_yadK_predicted,0.16666666666666666,5,5,GCTCCCAGAACGTGCGGACA,0,4393135
yadL_yadM_yadC_yadK_predicted,0.16666666666666666,5,5,GCTAGGGGCACTAGACCGCA,0,4398669
yadL_yadM_yadC_yadK_predicted,0.16666666666666666,5,5,GCTAATAACTTGCGTCGTCA,0,4372617
yadL_yadM_yadC_yadK_predicted,0.16666666666666666,5,5,GCGTCTTTAGTAATCATAAG,0,4398499
yadL_yadM_yadC_yadK_predicted,0.16666666666666666,5,5,GCGGTCCGTGGACAACGAAT,0,4375060
yadL_yadM_yadC_yadK_predicted,0.16666666666666666,5,5,GCGGGGTGTCTCATACCTTA,0,4381803
yadL_yadM_yadC_yadK_predicted,0.16666666666666666,5,5,GCGGGCAAGCAAGGAGGTGC,0,4400052
yadL_yadM_yadC_yadK_predicted,0.16666666666666666,5,5,GCGGACTCAAGGACTTCAAG,0,4382663
yadL_yadM_yadC_yadK_predicted,0.16666666666666666,5,5,GCGCTCTACACTTACCTAGG,0,4400478
yadL_yadM_yadC_yadK_predicted,0.16666666666666666,5,5,GCGCATCGAAGGGGGAGTGG,0,4390258
yadL_yadM_yadC_yadK_predicted,0.16666666666666666,5,5,GCGCAGTGGCTTCTCTCGGT,0,4374823
yadL_yadM_yadC_yadK_predicted,0.16666666666666666,5,5,GCGCAACCCCGGTCTATTCG,0,4391455
yadL_yadM_yadC_yadK_predicted,0.16666666666666666,5,5,GCGACGGAGTAGTTAGCATG,0,4377300
yadL_yadM_yadC_yadK_predicted,0.16666666666666666,5,5,GCCTTCTATACAATGGTAGT,0,4377776
yadL_yadM_yadC_yadK_predicted,0.16666666666666666,5,5,GCCTGTAAGTAATGTCAGGG,0,4396897
yadL_yadM_yadC_yadK_predicted,0.16666666666666666,5,5,GCCTCGCATTAATAATAAAT,0,4383172
yadL_yadM_yadC_yadK_predicted,0.16666666666666666,5,5,GCCCGTATAGCGCGTGCGAA,0,4398849
yadL_yadM_yadC_yadK_predicted,0.16666666666666666,5,5,GCCCAACTTTAAGTGTGGAA,0,4393470
yadL_yadM_yadC_yadK_predicted,0.16666666666666666,5,5,GCCATACAGAACTTCTATCG,0,4381954
yadL_yadM_yadC_yadK_predicted,0.16666666666666666,5,5,GCCACAACTCGGACGAGCAG,0,4387448
yadL_yadM_yadC_yadK_predicted,0.16666666666666666,5,5,GCATGAGGCTGCTGAGTCTA,0,4370303
yadL_yadM_yadC_yadK_predicted,0.16666666666666666,5,5,GCACAAGTGTTTTATGTTTC,0,4380814
yadL_yadM_yadC_yadK_predicted,0.16666666666666666,5,5,GCAAAATACTACTGGGCTCG,0,4370754
yadL_yadM_yadC_yadK_predicted,0.16666666666666666,5,5,GATTTTTCTGCCGAGTTGCG,0,4375187
yadL_yadM_yadC_yadK_predicted,0.16666666666666666,5,5,GATTGTATTTTTCTCATTCT,0,4389429
yadL_yadM_yadC_yadK_predicted,0.16666666666666666,5,5,GATGGCGTCATCGGCCCAAG,0,4381857
yadL_yadM_yadC_yadK_predicted,0.16666666666666666,5,5,GATGACCATGATCGGCGCGT,0,4394372
yadL_yadM_yadC_yadK_predicted,0.16666666666666666,5,5,GATCTCGGTTATACTCCCAG,0,4393594
yadL_yadM_yadC_yadK_predicted,0.16666666666666666,5,5,GATCATAGCCTGGTAGAAGT,0,4387304
yadL_yadM_yadC_yadK_predicted,0.16666666666666666,5,5,GATATCTGAAAGGTGTACGT,0,4387805
yadL_yadM_yadC_yadK_predicted,0.16666666666666666,5,5,GAGTTCGGTCATCCATTCTA,0,4390470
yadL_yadM_yadC_yadK_predicted,0.16666666666666666,5,5,GAGTGCTGGGGGGCCTGAAA,0,4386186
yadL_yadM_yadC_yadK_predicted,0.16666666666666666,5,5,GAGTGAGCCCGGTAATATAC,0,4390050
yadL_yadM_yadC_yadK_predicted,0.16666666666666666,5,5,GAGGGGAGAGGAGGTAGTAC,0,4381765
yadL_yadM_yadC_yadK_predicted,0.16666666666666666,5,5,GAGGAAATAGTCCCATCTAA,0,4396199
yadL_yadM_yadC_yadK_predicted,0.16666666666666666,5,5,GAGCGTGCGCTCTCTCCGGC,0,4392178
yadL_yadM_yadC_yadK_predicted,0.16666666666666666,5,5,GAGCCGTCCTCCGCAGGGGC,0,4374620
yadL_yadM_yadC_yadK_predicted,0.16666666666666666,5,5,GAGATTAAAAACCGGGGAAT,0,4376621
yadL_yadM_yadC_yadK_predicted,0.16666666666666666,5,5,GAGAGAGTAACCCACTCCAG,0,4380777
yadL_yadM_yadC_yadK_predicted,0.16666666666666666,5,5,GAGAAAGTACCGACGACCAG,0,4383023
yadL_yadM_yadC_yadK_predicted,0.16666666666666666,5,5,GACTCCAGTCTGATTTAGCT,0,4383629
yadL_yadM_yadC_yadK_predicted,0.16666666666666666,5,5,GACGTTAGGAGAACATTAGT,0,4394170
yadL_yadM_yadC_yadK_predicted,0.16666666666666666,5,5,GACGAGAAGCCGCCTAAGAG,0,4389941
yadL_yadM_yadC_yadK_predicted,0.16666666666666666,5,5,GACCGTCCCGAAAGGCGTCA,0,4380996
yadL_yadM_yadC_yadK_predicted,0.16666666666666666,5,5,GACATTTTCATGGAACGCAA,0,4372271
yadL_yadM_yadC_yadK_predicted,0.16666666666666666,5,5,GACAACACAATACGTTAGAC,0,4380986
yadL_yadM_yadC_yadK_predicted,0.16666666666666666,5,5,GAATTAGGTCATGGACTGTA,0,4382158
yadL_yadM_yadC_yadK_predicted,0.16666666666666666,5,5,GAATGCCTGGTTCAATCCTT,0,4382381
yadL_yadM_yadC_yadK_predicted,0.16666666666666666,5,5,GAAACGCAGAAGTGAGCACG,0,4388777
yadL_yadM_yadC_yadK_predicted,0.16666666666666666,5,5,GAAACCTATGATTGGCTCTC,0,4377610
yadL_yadM_yadC_yadK_predicted,0.16666666666666666,5,5,CTTTTACTGATTAATTCAAA,0,4370577
yadL_yadM_yadC_yadK_predicted,0.16666666666666666,5,5,CTTTGCTGAGGAACCTTTTT,0,4371978
yadL_yadM_yadC_yadK_predicted,0.16666666666666666,5,5,CTTTATATCGCGTATTCCCC,0,4398867
yadL_yadM_yadC_yadK_predicted,0.16666666666666666,5,5,CTTGGCAGACACCGCCTTGG,0,4390488
yadL_yadM_yadC_yadK_predicted,0.16666666666666666,5,5,CTTGGATTCCATCGCACACA,0,4374790
yadL_yadM_yadC_yadK_predicted,0.16666666666666666,5,5,CTTGCCCGCATCAATTATAC,0,4397497
yadL_yadM_yadC_yadK_predicted,0.16666666666666666,5,5,CTTCCAGCAGTAGCCATCAT,0,4370109
yadL_yadM_yadC_yadK_predicted,0.16666666666666666,5,5,CTTAGACTGGGACGACAGGC,0,4375661
yadL_yadM_yadC_yadK_predicted,0.16666666666666666,5,5,CTGTTGCTGTGACCCGCCCC,0,4378346
yadL_yadM_yadC_yadK_predicted,0.16666666666666666,5,5,CTGTTGCCCCAAAGAGAGAG,0,4376183
yadL_yadM_yadC_yadK_predicted,0.16666666666666666,5,5,CTGTGGATCAAAGAGGCCAG,0,4387643
yadL_yadM_yadC_yadK_predicted,0.16666666666666666,5,5,CTGTGAGTACAATCCAGTGT,0,4373522
yadL_yadM_yadC_yadK_predicted,0.16666666666666666,5,5,CTGTGACAAGCTGTGAGAGT,0,4377544
yadL_yadM_yadC_yadK_predicted,0.16666666666666666,5,5,CTGTCCTAATTCAGCGGGGC,0,4381571
yadL_yadM_yadC_yadK_predicted,0.16666666666666666,5,5,CTGTATTTTTTATACCGGGT,0,4394737
yadL_yadM_yadC_yadK_predicted,0.16666666666666666,5,5,CTGGCGTCACTATTTTTAGG,0,4400640
yadL_yadM_yadC_yadK_predicted,0.16666666666666666,5,5,CTGATCTTCCGGGGGTGCCT,0,4401516
yadL_yadM_yadC_yadK_predicted,0.16666666666666666,5,5,CTGATCAGATGAGATCTAGA,0,4373354
yadL_yadM_yadC_yadK_predicted,0.16666666666666666,5,5,CTGAATACGTCTCAAAAGCT,0,4395919
yadL_yadM_yadC_yadK_predicted,0.16666666666666666,5,5,CTGAAACTTGCGAACCGACA,0,4372732
yadL_yadM_yadC_yadK_predicted,0.16666666666666666,5,5,CTGAAAATGCGATCGTTTTA,0,4393908
yadL_yadM_yadC_yadK_predicted,0.16666666666666666,5,5,CTCTTCACATTGGTCGCCAT,0,4377105
yadL_yadM_yadC_yadK_predicted,0.16666666666666666,5,5,CTCTTAGTGACCTCCCGGTT,0,4393086
yadL_yadM_yadC_yadK_predicted,0.16666666666666666,5,5,CTCTGCACAATCAGGATTGC,0,4400910
yadL_yadM_yadC_yadK_predicted,0.16666666666666666,5,5,CTCTCGGCAGCAGTGGTACA,0,4391467
yadL_yadM_yadC_yadK_predicted,0.16666666666666666,5,5,CTCGGGTTGCCCGGATAGAC,0,4396150
yadL_yadM_yadC_yadK_predicted,0.16666666666666666,5,5,CTCGGAAGCGGCAATATTTT,0,4384603
yadL_yadM_yadC_yadK_predicted,0.16666666666666666,5,5,CTCCCGTTCGAGGTTCATGC,0,4378803
yadL_yadM_yadC_yadK_predicted,0.16666666666666666,5,5,CTATGGGCAGCTCTTTGGTA,0,4370468
yadL_yadM_yadC_yadK_predicted,0.16666666666666666,5,5,CTATATCGAAGATGGTCCAG,0,4384424
yadL_yadM_yadC_yadK_predicted,0.16666666666666666,5,5,CTATACGAGCAATGTTAACT,0,4390345
yadL_yadM_yadC_yadK_predicted,0.16666666666666666,5,5,CTACTTATTTTAACGATCCG,0,4370976
yadL_yadM_yadC_yadK_predicted,0.16666666666666666,5,5,CTACTATGCCCGGGAAAAAC,0,4381155
yadL_yadM_yadC_yadK_predicted,0.16666666666666666,5,5,CTACTAACGTTGTTGACTGG,0,4381769
yadL_yadM_yadC_yadK_predicted,0.16666666666666666,5,5,CTACAAGGCAAGTAAAGTTA,0,4384454
yadL_yadM_yadC_yadK_predicted,0.16666666666666666,5,5,CTAATGGATGCACTTGGGAC,0,4372172
yadL_yadM_yadC_yadK_predicted,0.16666666666666666,5,5,CTAAGTGTCAGCCGGGGGGT,0,4394349
yadL_yadM_yadC_yadK_predicted,0.16666666666666666,5,5,CTAAGCTTCAAACCGTGCTG,0,4385434
yadL_yadM_yadC_yadK_predicted,0.16666666666666666,5,5,CGTTGACCAAAATAAGATCC,0,4395186
yadL_yadM_yadC_yadK_predicted,0.16666666666666666,5,5,CGTTATAACGAATCTCGGAG,0,4379631
yadL_yadM_yadC_yadK_predicted,0.16666666666666666,5,5,CGTGGGCCATAACACCGAAA,0,4382785
yadL_yadM_yadC_yadK_predicted,0.16666666666666666,5,5,CGTGGACCGCACGCCAGTGG,0,4378200
yadL_yadM_yadC_yadK_predicted,0.16666666666666666,5,5,CGTCACCGCGGCTACATGTA,0,4399976
yadL_yadM_yadC_yadK_predicted,0.16666666666666666,5,5,CGTATTAGGGCGATAGTTGA,0,4384884
yadL_yadM_yadC_yadK_predicted,0.16666666666666666,5,5,CGTACATCGGTAGAAGTGTG,0,4389618
yadL_yadM_yadC_yadK_predicted,0.16666666666666666,5,5,CGTAACGCTAGTAGTACGTT,0,4371753
yadL_yadM_yadC_yadK_predicted,0.16666666666666666,5,5,CGGTTACAGCACATTTCTAA,0,4394681
yadL_yadM_yadC_yadK_predicted,0.16666666666666666,5,5,CGGTATGGATCTTTACGGAA,0,4397596
yadL_yadM_yadC_yadK_predicted,0.16666666666666666,5,5,CGGTATGCATTGTTAGGAAT,0,4371002
yadL_yadM_yadC_yadK_predicted,0.16666666666666666,5,5,CGGGAGGGGGGCGACGAACA,0,4396737
yadL_yadM_yadC_yadK_predicted,0.16666666666666666,5,5,CGGCGCTATGAATACGGATG,0,4371414
yadL_yadM_yadC_yadK_predicted,0.16666666666666666,5,5,CGGAGGTGAAACTTAATCTC,0,4382133
yadL_yadM_yadC_yadK_predicted,0.16666666666666666,5,5,CGGAGCGATCTCTGCTCGAG,0,4385991
yadL_yadM_yadC_yadK_predicted,0.16666666666666666,5,5,CGGAGCCGCCAAGCCAATGC,0,4392978
yadL_yadM_yadC_yadK_predicted,0.16666666666666666,5,5,CGGACCGGGACTAAGCCGAA,0,4387727
yadL_yadM_yadC_yadK_predicted,0.16666666666666666,5,5,CGCTTTAAGCTATGTTGTGG,0,4375576
yadL_yadM_yadC_yadK_predicted,0.16666666666666666,5,5,CGCTGTTCGGTGTTTGACCT,0,4385307
yadL_yadM_yadC_yadK_predicted,0.16666666666666666,5,5,CGCTAGGCTCGCAAGCCAAA,0,4397721
yadL_yadM_yadC_yadK_predicted,0.16666666666666666,5,5,CGCTAAAACATGGGACAGGG,0,4382116
yadL_yadM_yadC_yadK_predicted,0.16666666666666666,5,5,CGCGTAGCCGTTGTATGCTG,0,4379141
yadL_yadM_yadC_yadK_predicted,0.16666666666666666,5,5,CGCCTCACGTCAGTTCACAC,0,4370979
yadL_yadM_yadC_yadK_predicted,0.16666666666666666,5,5,CGCACGTAAAGAGCACTTCG,0,4376596
yadL_yadM_yadC_yadK_predicted,0.16666666666666666,5,5,CGATTTTAGCGAAGGATCTT,0,4379135
yadL_yadM_yadC_yadK_predicted,0.16666666666666666,5,5,CGATTTGCTGCTGACTCTAA,0,4390505
yadL_yadM_yadC_yadK_predicted,0.16666666666666666,5,5,CGATATTCTATATTTGGATA,0,4397060
yadL_yadM_yadC_yadK_predicted,0.16666666666666666,5,5,CGACTCCAGTGGACGAGCTT,0,4371525
yadL_yadM_yadC_yadK_predicted,0.16666666666666666,5,5,CGACGCTCACATCATTTCTT,0,4386408
yadL_yadM_yadC_yadK_predicted,0.16666666666666666,5,5,CGACGAGCGTCAAATATCAT,0,4392075
yadL_yadM_yadC_yadK_predicted,0.16666666666666666,5,5,CGACAGGTGGGGTCGCACTG,0,4375931
yadL_yadM_yadC_yadK_predicted,0.16666666666666666,5,5,CCTTGCCAGAGCCTATGGGT,0,4372874
yadL_yadM_yadC_yadK_predicted,0.16666666666666666,5,5,CCTTGAAATGCGGGTGTAAA,0,4386863
yadL_yadM_yadC_yadK_predicted,0.16666666666666666,5,5,CCTCTCTCAAGTGGGTGTCA,0,4393476
yadL_yadM_yadC_yadK_predicted,0.16666666666666666,5,5,CCTCTACATTAGGTAGTGAC,0,4384500
yadL_yadM_yadC_yadK_predicted,0.16666666666666666,5,5,CCTATCGCTGCGTACGGGAC,0,4390124
yadL_yadM_yadC_yadK_predicted,0.16666666666666666,5,5,CCTATACATTAATTATAAGA,0,4386667
yadL_yadM_yadC_yadK_predicted,0.16666666666666666,5,5,CCTAGCGCTCTGCATATAAA,0,4378637
yadL_yadM_yadC_yadK_predicted,0.16666666666666666,5,5,CCTAGCCATAAGCTTCGGAT,0,4378807
yadL_yadM_yadC_yadK_predicted,0.16666666666666666,5,5,CCTACACCCGATGCAGTTAA,0,4371247
yadL_yadM_yadC_yadK_predicted,0.16666666666666666,5,5,CCGTTTTCTTTCGGATCGTG,0,4370364
yadL_yadM_yadC_yadK_predicted,0.16666666666666666,5,5,CCGTTTCCGCACGCCATAAG,0,4398729
yadL_yadM_yadC_yadK_predicted,0.16666666666666666,5,5,CCGTGTTTTATGCGGGGAGT,0,4399888
yadL_yadM_yadC_yadK_predicted,0.16666666666666666,5,5,CCGTGAAACGGGGAACCGTT,0,4373566
yadL_yadM_yadC_yadK_predicted,0.16666666666666666,5,5,CCGTCGGTGTTCCAATAAAT,0,4388500
yadL_yadM_yadC_yadK_predicted,0.16666666666666666,5,5,CCGTAACTAGCCTAAGGTTG,0,4397428
yadL_yadM_yadC_yadK_predicted,0.16666666666666666,5,5,CCGGTATGCTGGGCCATGAG,0,4394802
yadL_yadM_yadC_yadK_predicted,0.16666666666666666,5,5,CCGGCGGCCCATTTCGCATA,0,4380052
yadL_yadM_yadC_yadK_predicted,0.16666666666666666,5,5,CCGCTTTTCGGGCATCAGAG,0,4393751
yadL_yadM_yadC_yadK_predicted,0.16666666666666666,5,5,CCGCGGGGAAGGTGTAGCAT,0,4397775
yadL_yadM_yadC_yadK_predicted,0.16666666666666666,5,5,CCGCCCGTAAGCACCACTCG,0,4386976
yadL_yadM_yadC_yadK_predicted,0.16666666666666666,5,5,CCGCCACGAATCACAAAACA,0,4389387
yadL_yadM_yadC_yadK_predicted,0.16666666666666666,5,5,CCGAAGGTGCTAACTACTAG,0,4395805
yadL_yadM_yadC_yadK_predicted,0.16666666666666666,5,5,CCCTACGTGTACAGGTATAT,0,4396534
yadL_yadM_yadC_yadK_predicted,0.16666666666666666,5,5,CCCTAAGCGCTCTCTAAAAT,0,4391310
yadL_yadM_yadC_yadK_predicted,0.16666666666666666,5,5,CCCGTTTACGCGATGTTGAT,0,4389896
yadL_yadM_yadC_yadK_predicted,0.16666666666666666,5,5,CCCGTTGCAATGAACTTTGA,0,4380302
yadL_yadM_yadC_yadK_predicted,0.16666666666666666,5,5,CCCGGAAAAGGGAAGAAATA,0,4375240
yadL_yadM_yadC_yadK_predicted,0.16666666666666666,5,5,CCCGAAGCTACAGTCCCGAG,0,4383640
yadL_yadM_yadC_yadK_predicted,0.16666666666666666,5,5,CCCCCAGCATGCTGGCTGTT,0,4372654
yadL_yadM_yadC_yadK_predicted,0.16666666666666666,5,5,CCCATGCACCGTCAACGTGT,0,4401109
yadL_yadM_yadC_yadK_predicted,0.16666666666666666,5,5,CCCACGCCTGTGTGGCCCTA,0,4377639
yadL_yadM_yadC_yadK_predicted,0.16666666666666666,5,5,CCCAACGACTCCCTTTCGTA,0,4383241
yadL_yadM_yadC_yadK_predicted,0.16666666666666666,5,5,CCCAACCCACGCGCAGAAGA,0,4397258
yadL_yadM_yadC_yadK_predicted,0.16666666666666666,5,5,CCATTGGAGACATCAGTGCT,0,4381595
yadL_yadM_yadC_yadK_predicted,0.16666666666666666,5,5,CCACCTGAGAGGTCGTGATC,0,4373489
yadL_yadM_yadC_yadK_predicted,0.16666666666666666,5,5,CCACCATCCATCGGAGGAAA,0,4397482
yadL_yadM_yadC_yadK_predicted,0.16666666666666666,5,5,CCACAACGACCGTTAACGTC,0,4396443
yadL_yadM_yadC_yadK_predicted,0.16666666666666666,5,5,CCAATCCTTACGACGCATGC,0,4381348
yadL_yadM_yadC_yadK_predicted,0.16666666666666666,5,5,CCAAGAAGGTATCTAGTCGG,0,4391146
yadL_yadM_yadC_yadK_predicted,0.16666666666666666,5,5,CCAACGTCCTCCGTAGCCTA,0,4379949
yadL_yadM_yadC_yadK_predicted,0.16666666666666666,5,5,CATTGGCAGAGTTCCTAGTA,0,4394910
yadL_yadM_yadC_yadK_predicted,0.16666666666666666,5,5,CATGTCTTCACTGTGAACGA,0,4385369
yadL_yadM_yadC_yadK_predicted,0.16666666666666666,5,5,CATGTCAGCGGACCCTAAAA,0,4387666
yadL_yadM_yadC_yadK_predicted,0.16666666666666666,5,5,CATCGTAAAACACATTTTTT,0,4396733
yadL_yadM_yadC_yadK_predicted,0.16666666666666666,5,5,CATCCCGTGTCCGTTTACAT,0,4376386
yadL_yadM_yadC_yadK_predicted,0.16666666666666666,5,5,CATCCAAGGGAAACGCGTGA,0,4393618
yadL_yadM_yadC_yadK_predicted,0.16666666666666666,5,5,CATCAATCGCATCGAGGATC,0,4390862
yadL_yadM_yadC_yadK_predicted,0.16666666666666666,5,5,CATCAAAGCGGCGCCGCGCA,0,4400691
yadL_yadM_yadC_yadK_predicted,0.16666666666666666,5,5,CATATGCAGTCGTGTGATCG,0,4393905
yadL_yadM_yadC_yadK_predicted,0.16666666666666666,5,5,CAGTTGCTAATATGGAGTGT,0,4383607
yadL_yadM_yadC_yadK_predicted,0.16666666666666666,5,5,CAGTTGAGAGAAACCGTAAC,0,4376796
yadL_yadM_yadC_yadK_predicted,0.16666666666666666,5,5,CAGTCTGATCTTAGCTGTCA,0,4385596
yadL_yadM_yadC_yadK_predicted,0.16666666666666666,5,5,CAGGTCTTCCGACTAGGACT,0,4399991
yadL_yadM_yadC_yadK_predicted,0.16666666666666666,5,5,CAGGCTCAGCTTGTTTAGGT,0,4376704
yadL_yadM_yadC_yadK_predicted,0.16666666666666666,5,5,CAGGATAGACGCTAGCAGAA,0,4373567
yadL_yadM_yadC_yadK_predicted,0.16666666666666666,5,5,CAGCTCTGAGCAATATCCGA,0,4381206
yadL_yadM_yadC_yadK_predicted,0.16666666666666666,5,5,CAGCGTGACATGGACGCACA,0,4382934
yadL_yadM_yadC_yadK_predicted,0.16666666666666666,5,5,CAGACCGCTATCTTATAATG,0,4400862
yadL_yadM_yadC_yadK_predicted,0.16666666666666666,5,5,CAGAACTGGTCTTGGGCCTG,0,4394896
yadL_yadM_yadC_yadK_predicted,0.16666666666666666,5,5,CACTGGACTCCTTCTCTTGT,0,4371640
yadL_yadM_yadC_yadK_predicted,0.16666666666666666,5,5,CACTCCAATTGACGAACCCC,0,4391038
yadL_yadM_yadC_yadK_predicted,0.16666666666666666,5,5,CACGTGTAGGTGTACTAAAT,0,4375185
yadL_yadM_yadC_yadK_predicted,0.16666666666666666,5,5,CACGTCAAACCCTCAAAAAA,0,4379848
yadL_yadM_yadC_yadK_predicted,0.16666666666666666,5,5,CACGGGGATTAGATGGGTAC,0,4386171
yadL_yadM_yadC_yadK_predicted,0.16666666666666666,5,5,CACGGCATTTGCGGACTGCG,0,4378871
yadL_yadM_yadC_yadK_predicted,0.16666666666666666,5,5,CACGCTCCACGTATTCTGGA,0,4401875
yadL_yadM_yadC_yadK_predicted,0.16666666666666666,5,5,CACGCCGGGTGATTATCAGA,0,4376692
yadL_yadM_yadC_yadK_predicted,0.16666666666666666,5,5,CACGACGAGTGGCTAAGAAA,0,4381947
yadL_yadM_yadC_yadK_predicted,0.16666666666666666,5,5,CACCTGTGAACATGCTTATA,0,4392473
yadL_yadM_yadC_yadK_predicted,0.16666666666666666,5,5,CACCTAGTCAGCTGTTCCTG,0,4382762
yadL_yadM_yadC_yadK_predicted,0.16666666666666666,5,5,CACAGCCTGACACCGCTAGC,0,4380666
yadL_yadM_yadC_yadK_predicted,0.16666666666666666,5,5,CACACCCTACGGCACTTAAC,0,4374043
yadL_yadM_yadC_yadK_predicted,0.16666666666666666,5,5,CACACAGAGAGAGCGGCTCC,0,4387708
yadL_yadM_yadC_yadK_predicted,0.16666666666666666,5,5,CAATGTTCTTGTTGTATGAA,0,4389196
yadL_yadM_yadC_yadK_predicted,0.16666666666666666,5,5,CAATCGAAAGTCCGCGTATA,0,4400842
yadL_yadM_yadC_yadK_predicted,0.16666666666666666,5,5,CAATCCAACACACACGAGGG,0,4383238
yadL_yadM_yadC_yadK_predicted,0.16666666666666666,5,5,CAAGCTACATGGTTGGTCCC,0,4399197
yadL_yadM_yadC_yadK_predicted,0.16666666666666666,5,5,CAACCTCTGAAGATCAGAAT,0,4370814
yadL_yadM_yadC_yadK_predicted,0.16666666666666666,5,5,CAACCGCCCTTATTATCATA,0,4398501
yadL_yadM_yadC_yadK_predicted,0.16666666666666666,5,5,CAACAGGGGGTTTCAAGCAA,0,4398167
yadL_yadM_yadC_yadK_predicted,0.16666666666666666,5,5,CAACACCCACAGCGCATAGT,0,4386578
yadL_yadM_yadC_yadK_predicted,0.16666666666666666,5,5,CAAAACCCGCAGCCTGTCTC,0,4394648
yadL_yadM_yadC_yadK_predicted,0.16666666666666666,5,5,CAAAAATCGACAGCGGTCGC,0,4386571
yadL_yadM_yadC_yadK_predicted,0.16666666666666666,5,5,ATTTTTCGGCCGCGTTGATG,0,4383478
yadL_yadM_yadC_yadK_predicted,0.16666666666666666,5,5,ATTTTAGTCTAGGGGCAGAA,0,4397724
yadL_yadM_yadC_yadK_predicted,0.16666666666666666,5,5,ATTTGTACGAATTAGCCCTC,0,4388134
yadL_yadM_yadC_yadK_predicted,0.16666666666666666,5,5,ATTTGGGGTTGCATAGTGTT,0,4384289
yadL_yadM_yadC_yadK_predicted,0.16666666666666666,5,5,ATTTAAGCATCCGGAATAAT,0,4388026
yadL_yadM_yadC_yadK_predicted,0.16666666666666666,5,5,ATTGTCCCGACTACAGGTAT,0,4393839
yadL_yadM_yadC_yadK_predicted,0.16666666666666666,5,5,ATTGTCAGGCAGCTCAGCAG,0,4372851
yadL_yadM_yadC_yadK_predicted,0.16666666666666666,5,5,ATTGTAGACTCATTCAAGAT,0,4396540
yadL_yadM_yadC_yadK_predicted,0.16666666666666666,5,5,ATTCTTTTAGTGTGACATTT,0,4380019
yadL_yadM_yadC_yadK_predicted,0.16666666666666666,5,5,ATTCTCATCGGTAGTTTTGT,0,4397735
yadL_yadM_yadC_yadK_predicted,0.16666666666666666,5,5,ATTCGCTACACTCCTGGGCT,0,4387593
yadL_yadM_yadC_yadK_predicted,0.16666666666666666,5,5,ATTCAATCGTGAATAAAACG,0,4374466
yadL_yadM_yadC_yadK_predicted,0.16666666666666666,5,5,ATTATGATCAACATCTTCCA,0,4398557
yadL_yadM_yadC_yadK_predicted,0.16666666666666666,5,5,ATTATAGCTATAGGGTTCTC,0,4392137
yadL_yadM_yadC_yadK_predicted,0.16666666666666666,5,5,ATGTGCCCCGATGCCCGCTA,0,4386253
yadL_yadM_yadC_yadK_predicted,0.16666666666666666,5,5,ATGTCTCTCATTTCCTTCAG,0,4373905
yadL_yadM_yadC_yadK_predicted,0.16666666666666666,5,5,ATGTACTCATAAACTGCTGA,0,4393345
yadL_yadM_yadC_yadK_predicted,0.16666666666666666,5,5,ATGTAACACCATTTGGATGA,0,4385201
yadL_yadM_yadC_yadK_predicted,0.16666666666666666,5,5,ATGCTTAGGAGAGTAGAAGG,0,4377360
yadL_yadM_yadC_yadK_predicted,0.16666666666666666,5,5,ATGCTCTGAAAAGAGGCAGG,0,4385111
yadL_yadM_yadC_yadK_predicted,0.16666666666666666,5,5,ATGATCCGTGTGTTTAAATT,0,4380669
yadL_yadM_yadC_yadK_predicted,0.16666666666666666,5,5,ATGATCAATCACTTCAAGGA,0,4393261
yadL_yadM_yadC_yadK_predicted,0.16666666666666666,5,5,ATGAGGCGCGGTCACGTAAT,0,4396402
yadL_yadM_yadC_yadK_predicted,0.16666666666666666,5,5,ATGACAATTCATTCCGGTTC,0,4383249
yadL_yadM_yadC_yadK_predicted,0.16666666666666666,5,5,ATCTGGGCCACGGGAGATAT,0,4400108
yadL_yadM_yadC_yadK_predicted,0.16666666666666666,5,5,ATCTCCACAGAGAGTCCCCA,0,4375934
yadL_yadM_yadC_yadK_predicted,0.16666666666666666,5,5,ATCTAACCTAATCCGCACAA,0,4393711
yadL_yadM_yadC_yadK_predicted,0.16666666666666666,5,5,ATCGTGTTTGTGCAGGATTA,0,4379895
yadL_yadM_yadC_yadK_predicted,0.16666666666666666,5,5,ATCGGTTAGTTCGGTCAAAC,0,4378373
yadL_yadM_yadC_yadK_predicted,0.16666666666666666,5,5,ATCCTGTTCGGCCGGTAGCT,0,4391500
yadL_yadM_yadC_yadK_predicted,0.16666666666666666,5,5,ATATTGTTGATCGCATCCTC,0,4383655
yadL_yadM_yadC_yadK_predicted,0.16666666666666666,5,5,ATATGCATCAGTGCACGTGA,0,4381902
yadL_yadM_yadC_yadK_predicted,0.16666666666666666,5,5,ATAGTTCTCCGGGATCTCTT,0,4392262
yadL_yadM_yadC_yadK_predicted,0.16666666666666666,5,5,ATAGGTTGCAGTGGAGCGCT,0,4383265
yadL_yadM_yadC_yadK_predicted,0.16666666666666666,5,5,ATAGCGCAGAGGAGCAGTGG,0,4370826
yadL_yadM_yadC_yadK_predicted,0.16666666666666666,5,5,ATAGCCTGAAAGGGGAGTGT,0,4382448
yadL_yadM_yadC_yadK_predicted,0.16666666666666666,5,5,ATAGATATTTGAGGGGTGGA,0,4384577
yadL_yadM_yadC_yadK_predicted,0.16666666666666666,5,5,ATAGACATTTGCATGAACTA,0,4380776
yadL_yadM_yadC_yadK_predicted,0.16666666666666666,5,5,ATACTTCTTCCGTGAGTATA,0,4392121
yadL_yadM_yadC_yadK_predicted,0.16666666666666666,5,5,ATACTTCATCCACATATGCG,0,4398648
yadL_yadM_yadC_yadK_predicted,0.16666666666666666,5,5,ATAAGTTTTCTGCTGCGTGA,0,4394984
yadL_yadM_yadC_yadK_predicted,0.16666666666666666,5,5,ATAACCGCACTTAATAGTGC,0,4385793
yadL_yadM_yadC_yadK_predicted,0.16666666666666666,5,5,AGTTGGTGCCACATTGGTTG,0,4396382
yadL_yadM_yadC_yadK_predicted,0.16666666666666666,5,5,AGTTCGCGTAGGGGTTAGTT,0,4383374
yadL_yadM_yadC_yadK_predicted,0.16666666666666666,5,5,AGTGTCAGATTTCGTCGCAG,0,4383539
yadL_yadM_yadC_yadK_predicted,0.16666666666666666,5,5,AGTGCCTTCTGCGGCATTTT,0,4399850
yadL_yadM_yadC_yadK_predicted,0.16666666666666666,5,5,AGTCTGCAAGTTTCGCGTTT,0,4387965
yadL_yadM_yadC_yadK_predicted,0.16666666666666666,5,5,AGTCTACATCTCCATTAATA,0,4372758
yadL_yadM_yadC_yadK_predicted,0.16666666666666666,5,5,AGTCGTATTGAAGCCCGAGA,0,4387039
yadL_yadM_yadC_yadK_predicted,0.16666666666666666,5,5,AGGGTGCTCAACCCCGGCTA,0,4379738
yadL_yadM_yadC_yadK_predicted,0.16666666666666666,5,5,AGGGACTGCGCTTAAAATTG,0,4372385
yadL_yadM_yadC_yadK_predicted,0.16666666666666666,5,5,AGGCCCAACTCTACTGAATA,0,4396207
yadL_yadM_yadC_yadK_predicted,0.16666666666666666,5,5,AGGAACCGGTGGGCAATGAT,0,4373191
yadL_yadM_yadC_yadK_predicted,0.16666666666666666,5,5,AGCTCGGAAAGTCACAAGCG,0,4396320
yadL_yadM_yadC_yadK_predicted,0.16666666666666666,5,5,AGCTCCTGAACTAATCGCAT,0,4371924
yadL_yadM_yadC_yadK_predicted,0.16666666666666666,5,5,AGCCCGCGTCCGTAACGGGC,0,4372197
yadL_yadM_yadC_yadK_predicted,0.16666666666666666,5,5,AGCCACTCAGGGTCACGACT,0,4373560
yadL_yadM_yadC_yadK_predicted,0.16666666666666666,5,5,AGCATAGATACCAAACAGAA,0,4396224
yadL_yadM_yadC_yadK_predicted,0.16666666666666666,5,5,AGATAATAGTATAGAGCGAT,0,4400596
yadL_yadM_yadC_yadK_predicted,0.16666666666666666,5,5,AGAGGTATAATGAGTGTTAT,0,4385418
yadL_yadM_yadC_yadK_predicted,0.16666666666666666,5,5,AGAGGGACGTTAGCAGAATG,0,4376512
yadL_yadM_yadC_yadK_predicted,0.16666666666666666,5,5,AGACTTGGAGACGGTTTCGG,0,4378209
yadL_yadM_yadC_yadK_predicted,0.16666666666666666,5,5,AGACGCTCCGCGTAGGGTGC,0,4393337
yadL_yadM_yadC_yadK_predicted,0.16666666666666666,5,5,AGAATTCTGGAGCACAGTTC,0,4374360
yadL_yadM_yadC_yadK_predicted,0.16666666666666666,5,5,AGAACTTCTTATGGCGGTGT,0,4372045
yadL_yadM_yadC_yadK_predicted,0.16666666666666666,5,5,AGAAATGCGGTAACTGGCCC,0,4383287
yadL_yadM_yadC_yadK_predicted,0.16666666666666666,5,5,ACTTTGGAGCCGGTTGCGGC,0,4394076
yadL_yadM_yadC_yadK_predicted,0.16666666666666666,5,5,ACTTTATGAAAGATATGGCT,0,4385488
yadL_yadM_yadC_yadK_predicted,0.16666666666666666,5,5,ACTTGTTCGTCCTACCAGCC,0,4402057
yadL_yadM_yadC_yadK_predicted,0.16666666666666666,5,5,ACTGGTTGTCAAATGCGCCT,0,4385010
yadL_yadM_yadC_yadK_predicted,0.16666666666666666,5,5,ACTGGTTCTGATGGCCACTA,0,4388254
yadL_yadM_yadC_yadK_predicted,0.16666666666666666,5,5,ACTGGTCATTAATGGGTCAG,0,4381296
yadL_yadM_yadC_yadK_predicted,0.16666666666666666,5,5,ACTGCAGCAAGTAGCAACCC,0,4378543
yadL_yadM_yadC_yadK_predicted,0.16666666666666666,5,5,ACTCGGCTTATCGAACTACA,0,4395705
yadL_yadM_yadC_yadK_predicted,0.16666666666666666,5,5,ACTATTACTTGGCGAGCTGG,0,4386258
yadL_yadM_yadC_yadK_predicted,0.16666666666666666,5,5,ACTACTGGCTATCCGCTCTG,0,4384346
yadL_yadM_yadC_yadK_predicted,0.16666666666666666,5,5,ACGGGTAACACTGTTAGAGG,0,4376543
yadL_yadM_yadC_yadK_predicted,0.16666666666666666,5,5,ACGGGCAGACGGGGCAACTG,0,4381232
yadL_yadM_yadC_yadK_predicted,0.16666666666666666,5,5,ACGGGAAACCCTCACCGTCG,0,4377510
yadL_yadM_yadC_yadK_predicted,0.16666666666666666,5,5,ACGGCGTTGAACGTCATTTA,0,4378478
yadL_yadM_yadC_yadK_predicted,0.16666666666666666,5,5,ACGGAGTTCACACCGTAGTA,0,4393916
yadL_yadM_yadC_yadK_predicted,0.16666666666666666,5,5,ACGCTGGGCGTAGGTTATAC,0,4401221
yadL_yadM_yadC_yadK_predicted,0.16666666666666666,5,5,ACGATCAATGAAGCTTGAGC,0,4371554
yadL_yadM_yadC_yadK_predicted,0.16666666666666666,5,5,ACGATATGGAAAACCTAGCT,0,4399456
yadL_yadM_yadC_yadK_predicted,0.16666666666666666,5,5,ACGACCACAGGCTACGATCG,0,4396665
yadL_yadM_yadC_yadK_predicted,0.16666666666666666,5,5,ACGAATAATTTCACTAAGTG,0,4376744
yadL_yadM_yadC_yadK_predicted,0.16666666666666666,5,5,ACCGCTCTATTTTTCGGGTC,0,4398649
yadL_yadM_yadC_yadK_predicted,0.16666666666666666,5,5,ACCAAGCGTGAAAATCATGT,0,4384795
yadL_yadM_yadC_yadK_predicted,0.16666666666666666,5,5,ACCAAGAGCCCAACGCAGAT,0,4386998
yadL_yadM_yadC_yadK_predicted,0.16666666666666666,5,5,ACCAAAAAAGGAGCCTAATC,0,4377793
yadL_yadM_yadC_yadK_predicted,0.16666666666666666,5,5,ACATTAATAACACGAATACC,0,4399460
yadL_yadM_yadC_yadK_predicted,0.16666666666666666,5,5,ACATCCACGCTCTTACGATC,0,4402372
yadL_yadM_yadC_yadK_predicted,0.16666666666666666,5,5,ACATAATTGGTTGTGCAAGA,0,4391014
yadL_yadM_yadC_yadK_predicted,0.16666666666666666,5,5,ACAGTGCGACCTGGTGCGGT,0,4394550
yadL_yadM_yadC_yadK_predicted,0.16666666666666666,5,5,ACAGTATGTCTATTAAGGAT,0,4372340
yadL_yadM_yadC_yadK_predicted,0.16666666666666666,5,5,ACACTCTCCTGTGATAAATG,0,4376705
yadL_yadM_yadC_yadK_predicted,0.16666666666666666,5,5,ACACTCAAATTATTTTGTAA,0,4379212
yadL_yadM_yadC_yadK_predicted,0.16666666666666666,5,5,ACACTATGGACTTGGTAGTA,0,4380864
yadL_yadM_yadC_yadK_predicted,0.16666666666666666,5,5,ACACGGTGTAACCCACCGCA,0,4383804
yadL_yadM_yadC_yadK_predicted,0.16666666666666666,5,5,ACACAATGAAACAGACCCTT,0,4382966
yadL_yadM_yadC_yadK_predicted,0.16666666666666666,5,5,ACAACGTCACGTTTTATTAT,0,4374641
yadL_yadM_yadC_yadK_predicted,0.16666666666666666,5,5,ACAAAATAAGAGTGTCACGT,0,4389721
yadL_yadM_yadC_yadK_predicted,0.16666666666666666,5,5,AATTTAGCAGTATGCGGGTG,0,4389412
yadL_yadM_yadC_yadK_predicted,0.16666666666666666,5,5,AATGGGCAGTGGTTTCCAAG,0,4380938
yadL_yadM_yadC_yadK_predicted,0.16666666666666666,5,5,AATGGGATCACTAGCAAGCA,0,4374901
yadL_yadM_yadC_yadK_predicted,0.16666666666666666,5,5,AATCTTAGGAATTCCCTGCA,0,4387038
yadL_yadM_yadC_yadK_predicted,0.16666666666666666,5,5,AATCCCTCTGTATACAGACT,0,4399193
yadL_yadM_yadC_yadK_predicted,0.16666666666666666,5,5,AATAAAATTAACTGCCTCCT,0,4396192
yadL_yadM_yadC_yadK_predicted,0.16666666666666666,5,5,AAGTTTAGTCAAGAACAGGT,0,4386392
yadL_yadM_yadC_yadK_predicted,0.16666666666666666,5,5,AAGTGCATGCCGTTTCAATA,0,4400657
yadL_yadM_yadC_yadK_predicted,0.16666666666666666,5,5,AAGTAGGAGAGTCCGCGTCG,0,4381279
yadL_yadM_yadC_yadK_predicted,0.16666666666666666,5,5,AAGGTCGTATTCAGAATTAA,0,4384283
yadL_yadM_yadC_yadK_predicted,0.16666666666666666,5,5,AAGGGGGTAGAGGAAGATGG,0,4375476
yadL_yadM_yadC_yadK_predicted,0.16666666666666666,5,5,AAGGGGCAACAATCCTTTAA,0,4371892
yadL_yadM_yadC_yadK_predicted,0.16666666666666666,5,5,AAGGCTTGATGATAAATTCA,0,4399188
yadL_yadM_yadC_yadK_predicted,0.16666666666666666,5,5,AAGGCTGATTTTTTGCAAGG,0,4373381
yadL_yadM_yadC_yadK_predicted,0.16666666666666666,5,5,AAGGCGAGCAAAGCCCCCGC,0,4372174
yadL_yadM_yadC_yadK_predicted,0.16666666666666666,5,5,AAGGCATGCGGGACGGCGAA,0,4375081
yadL_yadM_yadC_yadK_predicted,0.16666666666666666,5,5,AAGGCATCGTGTCTGGAATG,0,4373308
yadL_yadM_yadC_yadK_predicted,0.16666666666666666,5,5,AAGGATACGCCGCGAAAAGG,0,4391498
yadL_yadM_yadC_yadK_predicted,0.16666666666666666,5,5,AAGGAGGCCAATTACACAAC,0,4388724
yadL_yadM_yadC_yadK_predicted,0.16666666666666666,5,5,AAGCGGGTATAGGTGGAAAG,0,4395277
yadL_yadM_yadC_yadK_predicted,0.16666666666666666,5,5,AAGCATTACTGGAGTCACCT,0,4397242
yadL_yadM_yadC_yadK_predicted,0.16666666666666666,5,5,AAGATTTTGCTCATGGTGTT,0,4387497
yadL_yadM_yadC_yadK_predicted,0.16666666666666666,5,5,AAGAGTTGTTAAGGTTGATT,0,4372572
yadL_yadM_yadC_yadK_predicted,0.16666666666666666,5,5,AACTGACATAGCCCGAAATA,0,4394932
yadL_yadM_yadC_yadK_predicted,0.16666666666666666,5,5,AACGTGTTCTCGATCATTGC,0,4376394
yadL_yadM_yadC_yadK_predicted,0.16666666666666666,5,5,AACGCTTGAACACCGGCTCT,0,4391368
yadL_yadM_yadC_yadK_predicted,0.16666666666666666,5,5,AACCTGGGCTGTCACCCGCT,0,4373268
yadL_yadM_yadC_yadK_predicted,0.16666666666666666,5,5,AACCAGCTAATGCGGGGTGA,0,4388652
yadL_yadM_yadC_yadK_predicted,0.16666666666666666,5,5,AACAGAGTCTACTAACGGAT,0,4370597
yadL_yadM_yadC_yadK_predicted,0.16666666666666666,5,5,AACAGAGTACGCCTAAAGCA,0,4374671
yadL_yadM_yadC_yadK_predicted,0.16666666666666666,5,5,AACAACTCAGCGCGTCCTGA,0,4381225
yadL_yadM_yadC_yadK_predicted,0.16666666666666666,5,5,AAATCGCCTGGAGAAAGCAG,0,4372512
yadL_yadM_yadC_yadK_predicted,0.16666666666666666,5,5,AAAGGGTGGAGTTTACTGCA,0,4387013
yadL_yadM_yadC_yadK_predicted,0.16666666666666666,5,5,AAAGCGTCTCTACTCATGGG,0,4393610
yadL_yadM_yadC_yadK_predicted,0.16666666666666666,5,5,AAAGATATTTTGCGTGCGCG,0,4385935
yadL_yadM_yadC_yadK_predicted,0.16666666666666666,5,5,AAAGAGGCTGATGAACGGTT,0,4392932
yadL_yadM_yadC_yadK_predicted,0.16666666666666666,5,5,AAAGACGGTGCACGGAATTG,0,4388467
yadL_yadM_yadC_yadK_predicted,0.16666666666666666,5,5,AAACGGGAACTACTGGCATG,0,4376835
yadL_yadM_yadC_yadK_predicted,0.16666666666666666,5,5,AAACCACATTCCTGCGATTT,0,4389314
yadL_yadM_yadC_yadK_predicted,0.16666666666666666,5,5,AAAATGAGTCGTCTCAGGGT,0,4377422
yadL_yadM_yadC_yadK_predicted,0.2,4,4,TTTTGGTTATCAGGGAGGGT,0,4394220
yadL_yadM_yadC_yadK_predicted,0.2,4,4,TTTTAAGGTAAATGCCGGAG,0,4380497
yadL_yadM_yadC_yadK_predicted,0.2,4,4,TTTGTTGCGGGGTTCTATAT,0,4395410
yadL_yadM_yadC_yadK_predicted,0.2,4,4,TTTGTAAACGACAGCCATTA,0,4395678
yadL_yadM_yadC_yadK_predicted,0.2,4,4,TTTGGTTTGAAATCGCGCGA,0,4376967
yadL_yadM_yadC_yadK_predicted,0.2,4,4,TTTGGCGTGGCAGCCTGAGC,0,4389055
yadL_yadM_yadC_yadK_predicted,0.2,4,4,TTTGCTGGTCTAAGAAGTGT,0,4395060
yadL_yadM_yadC_yadK_predicted,0.2,4,4,TTTCTCTGGTAATCTGTTAG,0,4387339
yadL_yadM_yadC_yadK_predicted,0.2,4,4,TTTCCATTCCCCGGCCTGGG,0,4385715
yadL_yadM_yadC_yadK_predicted,0.2,4,4,TTTCAGCAGTTGTAACTATG,0,4397839
yadL_yadM_yadC_yadK_predicted,0.2,4,4,TTTATTGAGAGGAACCACAG,0,4391807
yadL_yadM_yadC_yadK_predicted,0.2,4,4,TTTAAAGACGTAGTCCCGCG,0,4394787
yadL_yadM_yadC_yadK_predicted,0.2,4,4,TTGTTCTTTTTGGAGGTTAT,0,4397719
yadL_yadM_yadC_yadK_predicted,0.2,4,4,TTGTGGCAACAAGCGGCGTC,0,4392890
yadL_yadM_yadC_yadK_predicted,0.2,4,4,TTGGCACTACATTCCCCAGA,0,4379129
yadL_yadM_yadC_yadK_predicted,0.2,4,4,TTGGCACCATGGAGTCCACT,0,4396439
yadL_yadM_yadC_yadK_predicted,0.2,4,4,TTGGAAGTTCGGGATGGCAT,0,4372997
yadL_yadM_yadC_yadK_predicted,0.2,4,4,TTGCTAGTCATAAATCGATG,0,4399857
yadL_yadM_yadC_yadK_predicted,0.2,4,4,TTGAGGTTGCTTCTTGTTCT,0,4373788
yadL_yadM_yadC_yadK_predicted,0.2,4,4,TTCGTTTCGAACTGCCAGGT,0,4396620
yadL_yadM_yadC_yadK_predicted,0.2,4,4,TTCGGCGACACGGGAGCTAC,0,4371381
yadL_yadM_yadC_yadK_predicted,0.2,4,4,TTCGAATCTCCTGGAAGGCC,0,4376839
yadL_yadM_yadC_yadK_predicted,0.2,4,4,TTCCGCTTATAAATCCGAGA,0,4383811
yadL_yadM_yadC_yadK_predicted,0.2,4,4,TTCCCGCCGCGGGATCGGCA,0,4380396
yadL_yadM_yadC_yadK_predicted,0.2,4,4,TTCCCCGGAAACCCACCTAG,0,4372322
yadL_yadM_yadC_yadK_predicted,0.2,4,4,TTCATTCTAGGATGCGGTTA,0,4377677
yadL_yadM_yadC_yadK_predicted,0.2,4,4,TTCATCATTCATCAGTAAAA,0,4381661
yadL_yadM_yadC_yadK_predicted,0.2,4,4,TTCAGTCTATCTTGGTGAAT,0,4372545
yadL_yadM_yadC_yadK_predicted,0.2,4,4,TTCAGATAGTCTGACTGTCA,0,4370271
yadL_yadM_yadC_yadK_predicted,0.2,4,4,TTCACCAGACTATTCGCGAG,0,4385811
yadL_yadM_yadC_yadK_predicted,0.2,4,4,TTCAATCATTAGGCGTTCGA,0,4387717
yadL_yadM_yadC_yadK_predicted,0.2,4,4,TTATGTTTTGGACTGGTTAA,0,4381859
yadL_yadM_yadC_yadK_predicted,0.2,4,4,TTATGCTTTAGACCAAGTGG,0,4398056
yadL_yadM_yadC_yadK_predicted,0.2,4,4,TTATAATGCGACGGACCGTA,0,4391177
yadL_yadM_yadC_yadK_predicted,0.2,4,4,TTAGTGGACCATTTGCCGAA,0,4372740
yadL_yadM_yadC_yadK_predicted,0.2,4,4,TTAGAGCGCGTCCCCGCCAC,0,4399915
yadL_yadM_yadC_yadK_predicted,0.2,4,4,TTAGAAACGTGATCGTAAAT,0,4384843
yadL_yadM_yadC_yadK_predicted,0.2,4,4,TTACGTAACATAGTTCAAAT,0,4384890
yadL_yadM_yadC_yadK_predicted,0.2,4,4,TTACCTGACAATTGGAAGAG,0,4383959
yadL_yadM_yadC_yadK_predicted,0.2,4,4,TTACAGTATGCAAAGCCGGA,0,4384493
yadL_yadM_yadC_yadK_predicted,0.2,4,4,TTACAGACGGATTGCTTCTA,0,4394814
yadL_yadM_yadC_yadK_predicted,0.2,4,4,TTACAATGCCCACAAGCTCT,0,4386826
yadL_yadM_yadC_yadK_predicted,0.2,4,4,TTAATACCCGGTATCATCGC,0,4390569
yadL_yadM_yadC_yadK_predicted,0.2,4,4,TTAATAACTGATATCATAAG,0,4377378
yadL_yadM_yadC_yadK_predicted,0.2,4,4,TTAACGCGCTCCCCTAGATA,0,4376874
yadL_yadM_yadC_yadK_predicted,0.2,4,4,TTAAACCCCGTCTACTATAA,0,4381621
yadL_yadM_yadC_yadK_predicted,0.2,4,4,TGTTTTATAGGCTGGTTCGT,0,4385250
yadL_yadM_yadC_yadK_predicted,0.2,4,4,TGTTTGCATCCGGACTGTCA,0,4395535
yadL_yadM_yadC_yadK_predicted,0.2,4,4,TGTTCCTACGGGTGCAGACA,0,4397650
yadL_yadM_yadC_yadK_predicted,0.2,4,4,TGTTAGGGAATAGGTCGTTG,0,4380724
yadL_yadM_yadC_yadK_predicted,0.2,4,4,TGTGGTAAGTAGGTGACAAA,0,4396317
yadL_yadM_yadC_yadK_predicted,0.2,4,4,TGTGGAGAGAGTTATCCTTC,0,4395804
yadL_yadM_yadC_yadK_predicted,0.2,4,4,TGTCGATTGAACTGCGTGGG,0,4391015
yadL_yadM_yadC_yadK_predicted,0.2,4,4,TGTCCCGGCTGTGTAACCCT,0,4392139
yadL_yadM_yadC_yadK_predicted,0.2,4,4,TGTCATTGCTTTTGAGGGGC,0,4378384
yadL_yadM_yadC_yadK_predicted,0.2,4,4,TGTATCTGCACGTGAAGCCC,0,4381981
yadL_yadM_yadC_yadK_predicted,0.2,4,4,TGTAGTCCGCGTCATCGCGA,0,4384665
yadL_yadM_yadC_yadK_predicted,0.2,4,4,TGGTTATTTCTCGGCCAACG,0,4371766
yadL_yadM_yadC_yadK_predicted,0.2,4,4,TGGTGTCGGTTTTTGGTCAG,0,4390642
yadL_yadM_yadC_yadK_predicted,0.2,4,4,TGGGTGTATCGCCTGCGGCA,0,4384888
yadL_yadM_yadC_yadK_predicted,0.2,4,4,TGGGTCTACTACTCAGATTC,0,4386865
yadL_yadM_yadC_yadK_predicted,0.2,4,4,TGGGCGTAGGGTAAGTCGCG,0,4374978
yadL_yadM_yadC_yadK_predicted,0.2,4,4,TGGGCCTTTGACCGTAAGAT,0,4392802
yadL_yadM_yadC_yadK_predicted,0.2,4,4,TGGGCCTCAGAGGCGTACGT,0,4392181
yadL_yadM_yadC_yadK_predicted,0.2,4,4,TGGCGGTACTCAGACCTGGA,0,4400257
yadL_yadM_yadC_yadK_predicted,0.2,4,4,TGGCGAATATAATGAAACAC,0,4402260
yadL_yadM_yadC_yadK_predicted,0.2,4,4,TGGATTGATTCCCGGTGTAT,0,4398860
yadL_yadM_yadC_yadK_predicted,0.2,4,4,TGGAAACCGTTGGTATCAAC,0,4390908
yadL_yadM_yadC_yadK_predicted,0.2,4,4,TGCTTGTCACCACGGCTAGG,0,4401460
yadL_yadM_yadC_yadK_predicted,0.2,4,4,TGCTGTCCCGCGTTTGCGAG,0,4402382
yadL_yadM_yadC_yadK_predicted,0.2,4,4,TGCTGCGTGGTAAACTTGCC,0,4371856
yadL_yadM_yadC_yadK_predicted,0.2,4,4,TGCTCTATAAGTGGGGTGCA,0,4398587
yadL_yadM_yadC_yadK_predicted,0.2,4,4,TGCTCTAATGCGCTTCTTCG,0,4370333
yadL_yadM_yadC_yadK_predicted,0.2,4,4,TGCGTAGTACATTATTACGT,0,4379169
yadL_yadM_yadC_yadK_predicted,0.2,4,4,TGCGGGACCCGTGTCTCACG,0,4381831
yadL_yadM_yadC_yadK_predicted,0.2,4,4,TGCCGCTTTTGAAGGATATT,0,4382463
yadL_yadM_yadC_yadK_predicted,0.2,4,4,TGCATGACTCCGATATCCGA,0,4388305
yadL_yadM_yadC_yadK_predicted,0.2,4,4,TGCAGAGGTATGTTCACCAA,0,4385668
yadL_yadM_yadC_yadK_predicted,0.2,4,4,TGATCTCACAGGGTTATATT,0,4398758
yadL_yadM_yadC_yadK_predicted,0.2,4,4,TGATCGGTAACTCATTAGAC,0,4378954
yadL_yadM_yadC_yadK_predicted,0.2,4,4,TGATCGCCGTGCTAGGTATT,0,4373453
yadL_yadM_yadC_yadK_predicted,0.2,4,4,TGAGTGTTCAGCATGACGGA,0,4384742
yadL_yadM_yadC_yadK_predicted,0.2,4,4,TGAGGCTCGGATGCTGAATA,0,4399507
yadL_yadM_yadC_yadK_predicted,0.2,4,4,TGAGAATTTGGGACGCGAGG,0,4389738
yadL_yadM_yadC_yadK_predicted,0.2,4,4,TGAATTCCTCAAGGTTGAAT,0,4392823
yadL_yadM_yadC_yadK_predicted,0.2,4,4,TGAAAGATTTGAACAGTCGG,0,4370750
yadL_yadM_yadC_yadK_predicted,0.2,4,4,TCTTTCACTTTCGTCAGTGC,0,4393209
yadL_yadM_yadC_yadK_predicted,0.2,4,4,TCTTTAAAGAAAAGTAGAAG,0,4390768
yadL_yadM_yadC_yadK_predicted,0.2,4,4,TCTTGTAAACGATCTCCGGT,0,4395557
yadL_yadM_yadC_yadK_predicted,0.2,4,4,TCTTCAATTAGGATACGATT,0,4395536
yadL_yadM_yadC_yadK_predicted,0.2,4,4,TCTTCAACTCACCAATATTC,0,4376942
yadL_yadM_yadC_yadK_predicted,0.2,4,4,TCTTATCCCCGATAAGCCAG,0,4402447
yadL_yadM_yadC_yadK_predicted,0.2,4,4,TCTGTCTCCAAACGTTAAGC,0,4397219
yadL_yadM_yadC_yadK_predicted,0.2,4,4,TCTCTTGAGTCCGGGCAACC,0,4384165
yadL_yadM_yadC_yadK_predicted,0.2,4,4,TCTCAATCAACGTATTGATC,0,4401110
yadL_yadM_yadC_yadK_predicted,0.2,4,4,TCTATTCCCTATTATCCCAC,0,4387006
yadL_yadM_yadC_yadK_predicted,0.2,4,4,TCGTTATTCAAAAAAATCGC,0,4388250
yadL_yadM_yadC_yadK_predicted,0.2,4,4,TCGGTATGAACGGAGCCCCG,0,4395188
yadL_yadM_yadC_yadK_predicted,0.2,4,4,TCGCTCCGATGTGCCAAGGA,0,4388128
yadL_yadM_yadC_yadK_predicted,0.2,4,4,TCGAGCTTCGGGATACTAGG,0,4376687
yadL_yadM_yadC_yadK_predicted,0.2,4,4,TCGAGATCTCGCGAATATTA,0,4386330
yadL_yadM_yadC_yadK_predicted,0.2,4,4,TCGACCTAGAGACCCAATCC,0,4370710
yadL_yadM_yadC_yadK_predicted,0.2,4,4,TCCTGTGGGCTGGTACAGAT,0,4395282
yadL_yadM_yadC_yadK_predicted,0.2,4,4,TCCGGTCGCTCTACCCCGTA,0,4379982
yadL_yadM_yadC_yadK_predicted,0.2,4,4,TCCGAGATTAGGGTCACCAC,0,4375599
yadL_yadM_yadC_yadK_predicted,0.2,4,4,TCCCTTTCTATTACGGATCG,0,4398147
yadL_yadM_yadC_yadK_predicted,0.2,4,4,TCCCTTCTATAGGTGTCCAT,0,4401794
yadL_yadM_yadC_yadK_predicted,0.2,4,4,TCCCTCAAGTCATCTATGAT,0,4381808
yadL_yadM_yadC_yadK_predicted,0.2,4,4,TCCCGGACTCTAGCCTGCAG,0,4381463
yadL_yadM_yadC_yadK_predicted,0.2,4,4,TCCATCATTCAACTGGGAAG,0,4375502
yadL_yadM_yadC_yadK_predicted,0.2,4,4,TCCAGGATAGCGGATTGGTC,0,4400982
yadL_yadM_yadC_yadK_predicted,0.2,4,4,TCCAAAGGACACATCAGGTA,0,4392298
yadL_yadM_yadC_yadK_predicted,0.2,4,4,TCATATGGTCTGACATACTT,0,4398521
yadL_yadM_yadC_yadK_predicted,0.2,4,4,TCATAGCGAACTCGATGATT,0,4394152
yadL_yadM_yadC_yadK_predicted,0.2,4,4,TCAGGAATTGAGGATACGAT,0,4393700
yadL_yadM_yadC_yadK_predicted,0.2,4,4,TCAGCTGCTCGGGCTAGATC,0,4373536
yadL_yadM_yadC_yadK_predicted,0.2,4,4,TCAGAGTTCGGTATCTGATC,0,4377505
yadL_yadM_yadC_yadK_predicted,0.2,4,4,TCACGGTTTTTCTGGCAGAG,0,4395273
yadL_yadM_yadC_yadK_predicted,0.2,4,4,TCACACGCAAGTATCTGTCA,0,4379220
yadL_yadM_yadC_yadK_predicted,0.2,4,4,TCAAAAGTAAGGCTATGTTT,0,4388204
yadL_yadM_yadC_yadK_predicted,0.2,4,4,TATTGTTTCGAACAAGAGGA,0,4391773
yadL_yadM_yadC_yadK_predicted,0.2,4,4,TATTAGTGTAGACACGATAC,0,4379966
yadL_yadM_yadC_yadK_predicted,0.2,4,4,TATGGTTATACCCGGACGCC,0,4385235
yadL_yadM_yadC_yadK_predicted,0.2,4,4,TATGGAAAGTGTGCATCGGT,0,4377283
yadL_yadM_yadC_yadK_predicted,0.2,4,4,TATGAACAGACACGGAGTGA,0,4382053
yadL_yadM_yadC_yadK_predicted,0.2,4,4,TATCGACAAGGATTACCTCT,0,4393249
yadL_yadM_yadC_yadK_predicted,0.2,4,4,TATCCGCAGATTACTTTTTA,0,4386567
yadL_yadM_yadC_yadK_predicted,0.2,4,4,TATCCCATTGTCTTCTGTTC,0,4374677
yadL_yadM_yadC_yadK_predicted,0.2,4,4,TATAGGACCGAGGTTGAGAA,0,4380414
yadL_yadM_yadC_yadK_predicted,0.2,4,4,TAGGAGTCTACGACCCTGCC,0,4382881
yadL_yadM_yadC_yadK_predicted,0.2,4,4,TAGGAGATTTAACGGTAGTG,0,4390683
yadL_yadM_yadC_yadK_predicted,0.2,4,4,TAGCGGGTTGATTACCTCAA,0,4372754
yadL_yadM_yadC_yadK_predicted,0.2,4,4,TAGAGCGTTCAGGGGTACGG,0,4391040
yadL_yadM_yadC_yadK_predicted,0.2,4,4,TAGAATGTCGATTTACCTGT,0,4377149
yadL_yadM_yadC_yadK_predicted,0.2,4,4,TAGAAGTTCAATGTTACCCC,0,4391240
yadL_yadM_yadC_yadK_predicted,0.2,4,4,TACTTGGGTTAAAATTGTAG,0,4373370
yadL_yadM_yadC_yadK_predicted,0.2,4,4,TACCGCCAGACTTCACATTA,0,4381832
yadL_yadM_yadC_yadK_predicted,0.2,4,4,TACCCGAGGCCTGCAGCCGG,0,4377835
yadL_yadM_yadC_yadK_predicted,0.2,4,4,TACATTGGAGTACGATTCGC,0,4376398
yadL_yadM_yadC_yadK_predicted,0.2,4,4,TACAGTTTCGAGAAGAAATT,0,4390574
yadL_yadM_yadC_yadK_predicted,0.2,4,4,TACAGCCCTAGATTGCCCCG,0,4388174
yadL_yadM_yadC_yadK_predicted,0.2,4,4,TACACGGGAGAAACCGTATT,0,4391296
yadL_yadM_yadC_yadK_predicted,0.2,4,4,TACACACGCGGCATCAAGAT,0,4399103
yadL_yadM_yadC_yadK_predicted,0.2,4,4,TACAATAACAAGCACGTACA,0,4376291
yadL_yadM_yadC_yadK_predicted,0.2,4,4,TAATTCCTCCGAGTGTAGGC,0,4382037
yadL_yadM_yadC_yadK_predicted,0.2,4,4,TAATGGCACCGTAAAGTAGG,0,4372942
yadL_yadM_yadC_yadK_predicted,0.2,4,4,TAATCCATCCCTGACCGCGA,0,4388402
yadL_yadM_yadC_yadK_predicted,0.2,4,4,TAAGTCGTGCTATCCGACTG,0,4374715
yadL_yadM_yadC_yadK_predicted,0.2,4,4,TAACGGGGCGCCGGACCCGT,0,4387885
yadL_yadM_yadC_yadK_predicted,0.2,4,4,TAACCTCAGTAATTAACAGC,0,4373543
yadL_yadM_yadC_yadK_predicted,0.2,4,4,TAACCATGGGTCATACACCG,0,4398328
yadL_yadM_yadC_yadK_predicted,0.2,4,4,TAACACAGAACCCAGGCTGG,0,4386730
yadL_yadM_yadC_yadK_predicted,0.2,4,4,TAAAGCGCGAACAGTTTAGT,0,4382904
yadL_yadM_yadC_yadK_predicted,0.2,4,4,TAAAACGTCTTCCCATGTGC,0,4378861
yadL_yadM_yadC_yadK_predicted,0.2,4,4,TAAAAATAGGTGCGTTCCAT,0,4387856
yadL_yadM_yadC_yadK_predicted,0.2,4,4,GTTTTTTCGGCGGCAACATG,0,4377464
yadL_yadM_yadC_yadK_predicted,0.2,4,4,GTTTGTTCCCGACGTGGGGG,0,4382523
yadL_yadM_yadC_yadK_predicted,0.2,4,4,GTTTCGCGCTAAGGTCCGGT,0,4373602
yadL_yadM_yadC_yadK_predicted,0.2,4,4,GTTTACCTAGTAGTGCAGGC,0,4385839
yadL_yadM_yadC_yadK_predicted,0.2,4,4,GTTGAGCGGGTAATATCTCC,0,4383928
yadL_yadM_yadC_yadK_predicted,0.2,4,4,GTTGAGCCAAATGTTTTAGT,0,4380510
yadL_yadM_yadC_yadK_predicted,0.2,4,4,GTTGAGACTCGCCGATTCTG,0,4372547
yadL_yadM_yadC_yadK_predicted,0.2,4,4,GTTCCCTTCACACCGAGCGC,0,4400261
yadL_yadM_yadC_yadK_predicted,0.2,4,4,GTTCATCCATTATTCTATGT,0,4374730
yadL_yadM_yadC_yadK_predicted,0.2,4,4,GTTCACAAGCAACCATAAAG,0,4370521
yadL_yadM_yadC_yadK_predicted,0.2,4,4,GTTATTAGTACCCCTCCCAA,0,4378284
yadL_yadM_yadC_yadK_predicted,0.2,4,4,GTTAGGAGGTCGCGTGTTTG,0,4380432
yadL_yadM_yadC_yadK_predicted,0.2,4,4,GTTAACTGGTACAAATTCGT,0,4394270
yadL_yadM_yadC_yadK_predicted,0.2,4,4,GTTAAACACATGGAACACAT,0,4371269
yadL_yadM_yadC_yadK_predicted,0.2,4,4,GTGTAAAGTACTGGCTGAGG,0,4394047
yadL_yadM_yadC_yadK_predicted,0.2,4,4,GTGGGTTGATGAGAAACCAT,0,4375611
yadL_yadM_yadC_yadK_predicted,0.2,4,4,GTGGGTAACGAATTCAAACC,0,4401661
yadL_yadM_yadC_yadK_predicted,0.2,4,4,GTGCTGCTTATATGTATTCG,0,4393352
yadL_yadM_yadC_yadK_predicted,0.2,4,4,GTGCGGCCCTGGCCGATCAA,0,4396714
yadL_yadM_yadC_yadK_predicted,0.2,4,4,GTGCAATTCCAGCCTCGACT,0,4370847
yadL_yadM_yadC_yadK_predicted,0.2,4,4,GTGATGGAAGAATTCGGAGC,0,4383707
yadL_yadM_yadC_yadK_predicted,0.2,4,4,GTGAGTCATACTGTCGTTTG,0,4401192
yadL_yadM_yadC_yadK_predicted,0.2,4,4,GTGAGAACCGAGTGTGACGA,0,4394014
yadL_yadM_yadC_yadK_predicted,0.2,4,4,GTCTAATTCCGGTTAACGAA,0,4390981
yadL_yadM_yadC_yadK_predicted,0.2,4,4,GTCGCGAATGACTGGATAGA,0,4386139
yadL_yadM_yadC_yadK_predicted,0.2,4,4,GTCGCAGTAGGCGAGGCACC,0,4381727
yadL_yadM_yadC_yadK_predicted,0.2,4,4,GTCGAATACTAGGAAATCAG,0,4389276
yadL_yadM_yadC_yadK_predicted,0.2,4,4,GTCATTTACCAACCTATATT,0,4382702
yadL_yadM_yadC_yadK_predicted,0.2,4,4,GTCATGGGAAGGTGAAAGGA,0,4392442
yadL_yadM_yadC_yadK_predicted,0.2,4,4,GTCAGTAGGTGTGATTACTA,0,4378882
yadL_yadM_yadC_yadK_predicted,0.2,4,4,GTCAGCGATATGGGCGTCTG,0,4376941
yadL_yadM_yadC_yadK_predicted,0.2,4,4,GTATTACTACAGCATTGGTG,0,4400770
yadL_yadM_yadC_yadK_predicted,0.2,4,4,GTATGGCTCGGTTTACTTGC,0,4376140
yadL_yadM_yadC_yadK_predicted,0.2,4,4,GTATAGCTTCACTAATAGAT,0,4384293
yadL_yadM_yadC_yadK_predicted,0.2,4,4,GTATACATGGCAGCACGACT,0,4377275
yadL_yadM_yadC_yadK_predicted,0.2,4,4,GTAGGCCTCTGACCTGGGGT,0,4394976
yadL_yadM_yadC_yadK_predicted,0.2,4,4,GTAGGATAGGAGAGACGACT,0,4379055
yadL_yadM_yadC_yadK_predicted,0.2,4,4,GTAGCAGGGTGCGGGGCGGC,0,4379551
yadL_yadM_yadC_yadK_predicted,0.2,4,4,GTACCGCAGACCGGGACATG,0,4401235
yadL_yadM_yadC_yadK_predicted,0.2,4,4,GTAACTCAGGCCTGAAAATG,0,4397314
yadL_yadM_yadC_yadK_predicted,0.2,4,4,GGTTTGCGTGTTTGTCATGG,0,4380292
yadL_yadM_yadC_yadK_predicted,0.2,4,4,GGTTTACGTACCGTTCCACC,0,4398572
yadL_yadM_yadC_yadK_predicted,0.2,4,4,GGTTGGCTGAACTCAAGCTT,0,4385096
yadL_yadM_yadC_yadK_predicted,0.2,4,4,GGTTCTGCGCGAAGGCCGGT,0,4398848
yadL_yadM_yadC_yadK_predicted,0.2,4,4,GGTTCTAGCGCTCCCCCGTG,0,4381100
yadL_yadM_yadC_yadK_predicted,0.2,4,4,GGTGTCCAGAATTGCGATAT,0,4389109
yadL_yadM_yadC_yadK_predicted,0.2,4,4,GGTGGGGTCGCGAAAGGGGT,0,4399535
yadL_yadM_yadC_yadK_predicted,0.2,4,4,GGTGGCCTTGGCGATTACAA,0,4388154
yadL_yadM_yadC_yadK_predicted,0.2,4,4,GGTGCGCGGTCGAATTTACA,0,4387000
yadL_yadM_yadC_yadK_predicted,0.2,4,4,GGTGAGATACTTCATCCCAC,0,4370803
yadL_yadM_yadC_yadK_predicted,0.2,4,4,GGTCCTTTGCTTGCCGGATG,0,4380970
yadL_yadM_yadC_yadK_predicted,0.2,4,4,GGTCCTGTTCTTGAAAACAC,0,4395924
yadL_yadM_yadC_yadK_predicted,0.2,4,4,GGTCCTGGTGGTTACTGAAG,0,4384036
yadL_yadM_yadC_yadK_predicted,0.2,4,4,GGTCAAATTCAGCCAACGGT,0,4393381
yadL_yadM_yadC_yadK_predicted,0.2,4,4,GGGTGGGGCATGACCAAGGG,0,4384767
yadL_yadM_yadC_yadK_predicted,0.2,4,4,GGGGTTCCGATCATCAGGGG,0,4390746
yadL_yadM_yadC_yadK_predicted,0.2,4,4,GGGGTGCGTGCAGGGACTCA,0,4385718
yadL_yadM_yadC_yadK_predicted,0.2,4,4,GGGGGATTTGCAATAATTTA,0,4371741
yadL_yadM_yadC_yadK_predicted,0.2,4,4,GGGGCAATAACTTGTTCTCA,0,4383933
yadL_yadM_yadC_yadK_predicted,0.2,4,4,GGGCGTGCGGGTTTTAGCTG,0,4393976
yadL_yadM_yadC_yadK_predicted,0.2,4,4,GGGCGCTTTGGTTAATCAAA,0,4391785
yadL_yadM_yadC_yadK_predicted,0.2,4,4,GGGCCGTCTAGCTCTGTGGA,0,4397009
yadL_yadM_yadC_yadK_predicted,0.2,4,4,GGGCAGGCCTGTATCCGTAC,0,4385482
yadL_yadM_yadC_yadK_predicted,0.2,4,4,GGGATCAATTCGATGGAACA,0,4387532
yadL_yadM_yadC_yadK_predicted,0.2,4,4,GGGAGGCAGCACGGCTACCC,0,4375713
yadL_yadM_yadC_yadK_predicted,0.2,4,4,GGGAGCTAGGCTGGAAATAA,0,4388363
yadL_yadM_yadC_yadK_predicted,0.2,4,4,GGCGTTGTAATTGTTACCAA,0,4380375
yadL_yadM_yadC_yadK_predicted,0.2,4,4,GGCCGTCAAAAACGTTTGCT,0,4381752
yadL_yadM_yadC_yadK_predicted,0.2,4,4,GGCCGGACACTCGCTTGTTA,0,4393273
yadL_yadM_yadC_yadK_predicted,0.2,4,4,GGCCATAATGCTTTTACAGC,0,4383620
yadL_yadM_yadC_yadK_predicted,0.2,4,4,GGCCACAAGCCAGTGATTTT,0,4397522
yadL_yadM_yadC_yadK_predicted,0.2,4,4,GGCAGTAATTCGCGATATAG,0,4378950
yadL_yadM_yadC_yadK_predicted,0.2,4,4,GGCACAAGAGCGGGGGTGAA,0,4389440
yadL_yadM_yadC_yadK_predicted,0.2,4,4,GGCAACTGATTTGATATACC,0,4375330
yadL_yadM_yadC_yadK_predicted,0.2,4,4,GGAGTGAATATACAGCGGCA,0,4401268
yadL_yadM_yadC_yadK_predicted,0.2,4,4,GGAGGTTAAGACACCTTACA,0,4393197
yadL_yadM_yadC_yadK_predicted,0.2,4,4,GGAGGATGGCATAATATTAC,0,4389627
yadL_yadM_yadC_yadK_predicted,0.2,4,4,GGAGACAGTAGTCATTTCTA,0,4395760
yadL_yadM_yadC_yadK_predicted,0.2,4,4,GGACGGTTGCGAACTGGGTC,0,4385254
yadL_yadM_yadC_yadK_predicted,0.2,4,4,GGACAGGCCCCATGATGGAA,0,4380818
yadL_yadM_yadC_yadK_predicted,0.2,4,4,GCTTGGCCGGTATTGCGATG,0,4397693
yadL_yadM_yadC_yadK_predicted,0.2,4,4,GCTTGCAGAACCCATGCAAA,0,4393232
yadL_yadM_yadC_yadK_predicted,0.2,4,4,GCTTCTCACTTACCGGCAAA,0,4381182
yadL_yadM_yadC_yadK_predicted,0.2,4,4,GCTTCCTTCATCGCATCGTA,0,4385426
yadL_yadM_yadC_yadK_predicted,0.2,4,4,GCTTACGCGAGCCAGATTGT,0,4374082
yadL_yadM_yadC_yadK_predicted,0.2,4,4,GCTGGTTTCAGGGAGTTGGT,0,4380520
yadL_yadM_yadC_yadK_predicted,0.2,4,4,GCTGGATAGTGACGCTTAAG,0,4371834
yadL_yadM_yadC_yadK_predicted,0.2,4,4,GCTCCTGGTACGCTATAAAA,0,4387699
yadL_yadM_yadC_yadK_predicted,0.2,4,4,GCTCCCGTGGTGGCCTTTCG,0,4383891
yadL_yadM_yadC_yadK_predicted,0.2,4,4,GCTATCCTACCGGAGTTGCT,0,4380895
yadL_yadM_yadC_yadK_predicted,0.2,4,4,GCTACCGTACCTGGCTTATA,0,4376955
yadL_yadM_yadC_yadK_predicted,0.2,4,4,GCTAAGTCAGCTAGGTTGAG,0,4384679
yadL_yadM_yadC_yadK_predicted,0.2,4,4,GCGTTTGGAGGGCGACTCGG,0,4381959
yadL_yadM_yadC_yadK_predicted,0.2,4,4,GCGTTGATATGTCGGCCACT,0,4393726
yadL_yadM_yadC_yadK_predicted,0.2,4,4,GCGTTCATTAAAGTTCTAAA,0,4370405
yadL_yadM_yadC_yadK_predicted,0.2,4,4,GCGTCGGGTTTAACCTGGCT,0,4400271
yadL_yadM_yadC_yadK_predicted,0.2,4,4,GCGGAGCGCGGTCAGGCCCA,0,4391804
yadL_yadM_yadC_yadK_predicted,0.2,4,4,GCGCGTCCCTTGGATGGGTT,0,4395127
yadL_yadM_yadC_yadK_predicted,0.2,4,4,GCGCGGATACATATACATGT,0,4399421
yadL_yadM_yadC_yadK_predicted,0.2,4,4,GCGCATCATAGCTCCGTCTG,0,4383808
yadL_yadM_yadC_yadK_predicted,0.2,4,4,GCGCAGTGCGGCATACATAA,0,4378128
yadL_yadM_yadC_yadK_predicted,0.2,4,4,GCGAGGTCTGCTCGTATATA,0,4382631
yadL_yadM_yadC_yadK_predicted,0.2,4,4,GCGACCGTGCATTCGTCCGT,0,4391070
yadL_yadM_yadC_yadK_predicted,0.2,4,4,GCGACAAGCATGATTCGCTA,0,4374835
yadL_yadM_yadC_yadK_predicted,0.2,4,4,GCGAATCTATCCCGAGGACT,0,4375843
yadL_yadM_yadC_yadK_predicted,0.2,4,4,GCGAAGACTACCGGTGTAAA,0,4374785
yadL_yadM_yadC_yadK_predicted,0.2,4,4,GCCTTCGTGGCAACAGTCAT,0,4383573
yadL_yadM_yadC_yadK_predicted,0.2,4,4,GCCTGAGTCGGCGACCAGCA,0,4394965
yadL_yadM_yadC_yadK_predicted,0.2,4,4,GCCTCCCAGCGTGTCCGCTG,0,4379133
yadL_yadM_yadC_yadK_predicted,0.2,4,4,GCCTATGCTCGCTTTGTCTT,0,4381285
yadL_yadM_yadC_yadK_predicted,0.2,4,4,GCCTAAACATATTCCGTTGA,0,4400174
yadL_yadM_yadC_yadK_predicted,0.2,4,4,GCCGTTCCTCTACCATGCCA,0,4370547
yadL_yadM_yadC_yadK_predicted,0.2,4,4,GCCGACGGCCACCATGTTTA,0,4397300
yadL_yadM_yadC_yadK_predicted,0.2,4,4,GCCCGGGAAGAGAACACGTT,0,4373557
yadL_yadM_yadC_yadK_predicted,0.2,4,4,GCCAGTGCACCAGGCGTTGA,0,4398039
yadL_yadM_yadC_yadK_predicted,0.2,4,4,GCCAGAGGGGTGGTTCATTT,0,4378681
yadL_yadM_yadC_yadK_predicted,0.2,4,4,GCCAGACTCACGAAGTGAAA,0,4397757
yadL_yadM_yadC_yadK_predicted,0.2,4,4,GCCACTATATGCTAGTGACT,0,4387858
yadL_yadM_yadC_yadK_predicted,0.2,4,4,GCCAATGCGTTATTGGTCTA,0,4370842
yadL_yadM_yadC_yadK_predicted,0.2,4,4,GCATTTTAACCGCGCTTTTA,0,4385039
yadL_yadM_yadC_yadK_predicted,0.2,4,4,GCATAGTATGGTAATCACTT,0,4374375
yadL_yadM_yadC_yadK_predicted,0.2,4,4,GCATACGGGTCTCTTACGAT,0,4392051
yadL_yadM_yadC_yadK_predicted,0.2,4,4,GCAGTACTCAACGTTTTCTG,0,4373813
yadL_yadM_yadC_yadK_predicted,0.2,4,4,GCAGTAAGGCGCGGCCCCAT,0,4398460
yadL_yadM_yadC_yadK_predicted,0.2,4,4,GCAGCGCTCACTTGTCACCA,0,4387591
yadL_yadM_yadC_yadK_predicted,0.2,4,4,GCAGCATGACGATTCCGCGG,0,4383014
yadL_yadM_yadC_yadK_predicted,0.2,4,4,GCAGATCCCGCATCGGCCGT,0,4393056
yadL_yadM_yadC_yadK_predicted,0.2,4,4,GCACGTATTTAACTAGCTGG,0,4381512
yadL_yadM_yadC_yadK_predicted,0.2,4,4,GCACCCCGCAGGCTACGCTG,0,4378456
yadL_yadM_yadC_yadK_predicted,0.2,4,4,GCACAGATACCCCGTCGCAA,0,4378498
yadL_yadM_yadC_yadK_predicted,0.2,4,4,GCACACTTTAATCAAACTCC,0,4397879
yadL_yadM_yadC_yadK_predicted,0.2,4,4,GCACAACCCGTTACCTGGCA,0,4390534
yadL_yadM_yadC_yadK_predicted,0.2,4,4,GCAACCCACCTATGGACATC,0,4374472
yadL_yadM_yadC_yadK_predicted,0.2,4,4,GCAACACGGATCAGTAACAA,0,4400112
yadL_yadM_yadC_yadK_predicted,0.2,4,4,GATTCGAGAATCATCGATGT,0,4392524
yadL_yadM_yadC_yadK_predicted,0.2,4,4,GATTCAAACCAAGGACTGGC,0,4393834
yadL_yadM_yadC_yadK_predicted,0.2,4,4,GATGCAAGGGGAAGTCATAG,0,4389236
yadL_yadM_yadC_yadK_predicted,0.2,4,4,GATCTCGTAGCCCGCCAATG,0,4372637
yadL_yadM_yadC_yadK_predicted,0.2,4,4,GATCTCGCTTCTTCCTGCTA,0,4380863
yadL_yadM_yadC_yadK_predicted,0.2,4,4,GATCGAAGAGAGGCACACCT,0,4396130
yadL_yadM_yadC_yadK_predicted,0.2,4,4,GATCACTCCCTTTCATCCTG,0,4380915
yadL_yadM_yadC_yadK_predicted,0.2,4,4,GATAAGGGTAAAGCACTTCC,0,4382112
yadL_yadM_yadC_yadK_predicted,0.2,4,4,GATAACCAAGCCACTAATCT,0,4397461
yadL_yadM_yadC_yadK_predicted,0.2,4,4,GAGTGGCGGTTTATAAGTTG,0,4376429
yadL_yadM_yadC_yadK_predicted,0.2,4,4,GAGTCAAAAGGAACAGTTCT,0,4392458
yadL_yadM_yadC_yadK_predicted,0.2,4,4,GAGGTTTACGGTTACTCTAA,0,4401339
yadL_yadM_yadC_yadK_predicted,0.2,4,4,GAGGGCCAGTGCTTTCGCGT,0,4391173
yadL_yadM_yadC_yadK_predicted,0.2,4,4,GAGGGCAACTTACTCTCGCC,0,4391833
yadL_yadM_yadC_yadK_predicted,0.2,4,4,GAGCTGGGCAATTTAACCGA,0,4377916
yadL_yadM_yadC_yadK_predicted,0.2,4,4,GAGCGTGTAGGTGAACAAGA,0,4394041
yadL_yadM_yadC_yadK_predicted,0.2,4,4,GAGCACTGATCTCTGCCTTA,0,4387483
yadL_yadM_yadC_yadK_predicted,0.2,4,4,GAGAGTCTGCGCTTTAGTTC,0,4383289
yadL_yadM_yadC_yadK_predicted,0.2,4,4,GACTATAAGCTCCGAGTGAT,0,4371012
yadL_yadM_yadC_yadK_predicted,0.2,4,4,GACGTTAGATAGCTTGCCGT,0,4371994
yadL_yadM_yadC_yadK_predicted,0.2,4,4,GACGACCAAAGCGAATTCCT,0,4397763
yadL_yadM_yadC_yadK_predicted,0.2,4,4,GACGAAAGCTGCAGCCTGGC,0,4379100
yadL_yadM_yadC_yadK_predicted,0.2,4,4,GACACGTTGGGCCATATAGT,0,4383812
yadL_yadM_yadC_yadK_predicted,0.2,4,4,GAATGGTACATGTCTATTCG,0,4402350
yadL_yadM_yadC_yadK_predicted,0.2,4,4,GAATCTGTAAGTTAGCGCAA,0,4377319
yadL_yadM_yadC_yadK_predicted,0.2,4,4,GAATCGTTACTTGTCGTCTC,0,4378957
yadL_yadM_yadC_yadK_predicted,0.2,4,4,GAATAATACCTCGTGTAACA,0,4374961
yadL_yadM_yadC_yadK_predicted,0.2,4,4,GAACTGGGAAATGGCGGGCA,0,4384965
yadL_yadM_yadC_yadK_predicted,0.2,4,4,CTTCTGAATTGCTGACGAGA,0,4382884
yadL_yadM_yadC_yadK_predicted,0.2,4,4,CTTCGAAGACGGCTCCTCGG,0,4382044
yadL_yadM_yadC_yadK_predicted,0.2,4,4,CTTCCGCTTCATACGGCCTT,0,4397814
yadL_yadM_yadC_yadK_predicted,0.2,4,4,CTTATGGGCTAGCCGTGTCA,0,4382150
yadL_yadM_yadC_yadK_predicted,0.2,4,4,CTTATATCCGCGCACACCGA,0,4373199
yadL_yadM_yadC_yadK_predicted,0.2,4,4,CTTAGCGGGCGGCAACATCA,0,4373159
yadL_yadM_yadC_yadK_predicted,0.2,4,4,CTTACGGCCTACGGGCTTGG,0,4399107
yadL_yadM_yadC_yadK_predicted,0.2,4,4,CTGTTGCACTGAAATCCACG,0,4371627
yadL_yadM_yadC_yadK_predicted,0.2,4,4,CTGTGGCTGCCATGAGTTCG,0,4380643
yadL_yadM_yadC_yadK_predicted,0.2,4,4,CTGGTTTGGAGAATCATTTT,0,4390055
yadL_yadM_yadC_yadK_predicted,0.2,4,4,CTGGGACCAGAGAACACTAA,0,4390994
yadL_yadM_yadC_yadK_predicted,0.2,4,4,CTGGACGGACGTTATGGGTT,0,4399376
yadL_yadM_yadC_yadK_predicted,0.2,4,4,CTGGAATAAATTTAGCACCT,0,4377748
yadL_yadM_yadC_yadK_predicted,0.2,4,4,CTGCACCAGCTCTGATTACG,0,4375505
yadL_yadM_yadC_yadK_predicted,0.2,4,4,CTGAGTAGCGTCTCGTTTAC,0,4378119
yadL_yadM_yadC_yadK_predicted,0.2,4,4,CTGACATTTTTAAGCTGAAT,0,4374308
yadL_yadM_yadC_yadK_predicted,0.2,4,4,CTCTCTCGTCCAAAGGATCC,0,4374330
yadL_yadM_yadC_yadK_predicted,0.2,4,4,CTCGGGGATCCGTGCGACGT,0,4385347
yadL_yadM_yadC_yadK_predicted,0.2,4,4,CTCCGGCGGGCGATGTCTTT,0,4378443
yadL_yadM_yadC_yadK_predicted,0.2,4,4,CTCCACCGCCCCAGTCCTCT,0,4388937
yadL_yadM_yadC_yadK_predicted,0.2,4,4,CTCCAATGGTCTTGCTCCTC,0,4401517
yadL_yadM_yadC_yadK_predicted,0.2,4,4,CTCATCTGGAAGCATCATTT,0,4392047
yadL_yadM_yadC_yadK_predicted,0.2,4,4,CTCACTACCGAGGCAACATC,0,4398102
yadL_yadM_yadC_yadK_predicted,0.2,4,4,CTATTTCTACTGGCCAAAGG,0,4398025
yadL_yadM_yadC_yadK_predicted,0.2,4,4,CTATACACAAGTCGTAAATC,0,4399447
yadL_yadM_yadC_yadK_predicted,0.2,4,4,CTATAATGGGTTACGTAGTT,0,4380283
yadL_yadM_yadC_yadK_predicted,0.2,4,4,CTAGAAACCATAGGAGAGTT,0,4386126
yadL_yadM_yadC_yadK_predicted,0.2,4,4,CTACAGGCTGGATGCATCGT,0,4378442
yadL_yadM_yadC_yadK_predicted,0.2,4,4,CTAACACCCGTTCAGTATCC,0,4397555
yadL_yadM_yadC_yadK_predicted,0.2,4,4,CGTTTGGCTGCCGATTGAGG,0,4377035
yadL_yadM_yadC_yadK_predicted,0.2,4,4,CGTTTACGTCCTATAGCACG,0,4373908
yadL_yadM_yadC_yadK_predicted,0.2,4,4,CGTTGGATGCTTGGCATCAG,0,4378717
yadL_yadM_yadC_yadK_predicted,0.2,4,4,CGTTCGCTCGAGACCTCAAG,0,4395655
yadL_yadM_yadC_yadK_predicted,0.2,4,4,CGTGGTTACGGCCCGCATCG,0,4388179
yadL_yadM_yadC_yadK_predicted,0.2,4,4,CGTGGATTGAGCGGCCGGCT,0,4401245
yadL_yadM_yadC_yadK_predicted,0.2,4,4,CGTGCCCTACTTGACATCTG,0,4379155
yadL_yadM_yadC_yadK_predicted,0.2,4,4,CGTGATTTAGCAACCGTGTC,0,4393752
yadL_yadM_yadC_yadK_predicted,0.2,4,4,CGTGAATGTAGGATCCCATG,0,4400243
yadL_yadM_yadC_yadK_predicted,0.2,4,4,CGTCAGGTCAGGTGTTGACA,0,4380617
yadL_yadM_yadC_yadK_predicted,0.2,4,4,CGTCAACCCTTAGACCTGAT,0,4383643
yadL_yadM_yadC_yadK_predicted,0.2,4,4,CGTATTCCCCGCTCCCCCAA,0,4377986
yadL_yadM_yadC_yadK_predicted,0.2,4,4,CGTAGTTAGAGGAGCCCTAA,0,4394054
yadL_yadM_yadC_yadK_predicted,0.2,4,4,CGTAACAGCCCAATGCCACC,0,4375327
yadL_yadM_yadC_yadK_predicted,0.2,4,4,CGGTTATCCTTGGGAAGGGT,0,4381049
yadL_yadM_yadC_yadK_predicted,0.2,4,4,CGGGGAAAGCACTCGGCTAA,0,4376697
yadL_yadM_yadC_yadK_predicted,0.2,4,4,CGGGCACATAATTCCGCATA,0,4387281
yadL_yadM_yadC_yadK_predicted,0.2,4,4,CGGGCAAGCGATTGAAGATC,0,4386679
yadL_yadM_yadC_yadK_predicted,0.2,4,4,CGGGACACGAACGCGTGGAC,0,4398087
yadL_yadM_yadC_yadK_predicted,0.2,4,4,CGGCGGTAGGATATCCGATC,0,4378127
yadL_yadM_yadC_yadK_predicted,0.2,4,4,CGGCACAGCCGAGAGACCTG,0,4390125
yadL_yadM_yadC_yadK_predicted,0.2,4,4,CGGATAAATATCAAGTATGC,0,4399706
yadL_yadM_yadC_yadK_predicted,0.2,4,4,CGCGTATACGTAACACAGCC,0,4383368
yadL_yadM_yadC_yadK_predicted,0.2,4,4,CGCGGCCATTGGATCAACTT,0,4372144
yadL_yadM_yadC_yadK_predicted,0.2,4,4,CGCGGAGACTATGGAGTGGT,0,4396901
yadL_yadM_yadC_yadK_predicted,0.2,4,4,CGCCTGCTGCGTACAAGGTC,0,4393229
yadL_yadM_yadC_yadK_predicted,0.2,4,4,CGCCTCCGACTCCCGTGTCC,0,4398514
yadL_yadM_yadC_yadK_predicted,0.2,4,4,CGCATTTATTTAAGGTCGTA,0,4385277
yadL_yadM_yadC_yadK_predicted,0.2,4,4,CGCACTGCGTCAGACCCTGC,0,4378445
yadL_yadM_yadC_yadK_predicted,0.2,4,4,CGCACCTAAAACGTACTGCA,0,4371901
yadL_yadM_yadC_yadK_predicted,0.2,4,4,CGCACATACACACATAGTTT,0,4376812
yadL_yadM_yadC_yadK_predicted,0.2,4,4,CGCAACAAGGCGCAGCAGTA,0,4387548
yadL_yadM_yadC_yadK_predicted,0.2,4,4,CGATTGGGGCCTCTCGGAGG,0,4393871
yadL_yadM_yadC_yadK_predicted,0.2,4,4,CGATTAACAAGGAGTCTGCT,0,4384234
yadL_yadM_yadC_yadK_predicted,0.2,4,4,CGATCCTATTGTAGAGACGA,0,4385617
yadL_yadM_yadC_yadK_predicted,0.2,4,4,CGATCCGAATTAACAAAATC,0,4393153
yadL_yadM_yadC_yadK_predicted,0.2,4,4,CGAGGCCTAAATCGAGTTAC,0,4380817
yadL_yadM_yadC_yadK_predicted,0.2,4,4,CGAGGCAATCCTCTTTCGCC,0,4399544
yadL_yadM_yadC_yadK_predicted,0.2,4,4,CGACACTCAGCCAGTTGGGG,0,4378485
yadL_yadM_yadC_yadK_predicted,0.2,4,4,CGAACCGACCGGAACCTCGT,0,4387200
yadL_yadM_yadC_yadK_predicted,0.2,4,4,CCTTCCACTACTCTATATAC,0,4384515
yadL_yadM_yadC_yadK_predicted,0.2,4,4,CCTTCACAGTTACGGAGCGG,0,4373527
yadL_yadM_yadC_yadK_predicted,0.2,4,4,CCTGTCTCAACCAATTTCCT,0,4400827
yadL_yadM_yadC_yadK_predicted,0.2,4,4,CCTGTAAAAGTCCGAAGTAC,0,4372527
yadL_yadM_yadC_yadK_predicted,0.2,4,4,CCTGGCTGGTGCATCCGCCA,0,4385140
yadL_yadM_yadC_yadK_predicted,0.2,4,4,CCTGGAGGGGATCACCCCCA,0,4385112
yadL_yadM_yadC_yadK_predicted,0.2,4,4,CCTGGACGACGTGTCAATCC,0,4391935
yadL_yadM_yadC_yadK_predicted,0.2,4,4,CCTATCTCTTCTCGGGAGTG,0,4381314
yadL_yadM_yadC_yadK_predicted,0.2,4,4,CCTAGCTGTCAAAGCCTGAG,0,4382479
yadL_yadM_yadC_yadK_predicted,0.2,4,4,CCTAAGGCTGCGTACACGGA,0,4379393
yadL_yadM_yadC_yadK_predicted,0.2,4,4,CCTAACTTCGATAGGCTTTT,0,4387053
yadL_yadM_yadC_yadK_predicted,0.2,4,4,CCGTTAAAGCAACGTCCTAG,0,4375822
yadL_yadM_yadC_yadK_predicted,0.2,4,4,CCGTCGGAATTCCATATTGC,0,4398732
yadL_yadM_yadC_yadK_predicted,0.2,4,4,CCGTAACTATTTTGTAGTTA,0,4389261
yadL_yadM_yadC_yadK_predicted,0.2,4,4,CCGGGTGTGGATCTATGTCG,0,4387193
yadL_yadM_yadC_yadK_predicted,0.2,4,4,CCGGAGCAGTATTAACGCCT,0,4384909
yadL_yadM_yadC_yadK_predicted,0.2,4,4,CCGCTCGTAGACGTAATTTT,0,4378744
yadL_yadM_yadC_yadK_predicted,0.2,4,4,CCGCTAAGTTTATGGGGGAC,0,4395420
yadL_yadM_yadC_yadK_predicted,0.2,4,4,CCGCATCATCCACTGTCTAT,0,4384919
yadL_yadM_yadC_yadK_predicted,0.2,4,4,CCGATTGAGAAACAGGTGAC,0,4371320
yadL_yadM_yadC_yadK_predicted,0.2,4,4,CCGAGTTAAGATGGAGGACT,0,4382567
yadL_yadM_yadC_yadK_predicted,0.2,4,4,CCGACAGATCTGTGGTTTTA,0,4373184
yadL_yadM_yadC_yadK_predicted,0.2,4,4,CCGAAAGGCCCCTTGCCAAT,0,4373622
yadL_yadM_yadC_yadK_predicted,0.2,4,4,CCCGTAGCGCAACACGGTTC,0,4392221
yadL_yadM_yadC_yadK_predicted,0.2,4,4,CCCCTACTCGCGACTACTTT,0,4394456
yadL_yadM_yadC_yadK_predicted,0.2,4,4,CCCCACCCGGGATAGGGAAT,0,4380758
yadL_yadM_yadC_yadK_predicted,0.2,4,4,CCCATAGCCGATCACGTGGG,0,4396330
yadL_yadM_yadC_yadK_predicted,0.2,4,4,CCCAGCCTGTTCGTTAAGGC,0,4391940
yadL_yadM_yadC_yadK_predicted,0.2,4,4,CCATTCCCGGTAATACATCG,0,4382365
yadL_yadM_yadC_yadK_predicted,0.2,4,4,CCATCGCGACCTCAGCTGAC,0,4379244
yadL_yadM_yadC_yadK_predicted,0.2,4,4,CCAGAGATGTAAGCCGGTCT,0,4392482
yadL_yadM_yadC_yadK_predicted,0.2,4,4,CCACTAGGCTCAGGCATACA,0,4389823
yadL_yadM_yadC_yadK_predicted,0.2,4,4,CCACATTACGGGAGCCAGCA,0,4398774
yadL_yadM_yadC_yadK_predicted,0.2,4,4,CCACAGTCGTGAAGCTGACT,0,4390837
yadL_yadM_yadC_yadK_predicted,0.2,4,4,CCAAGCCGGTTTACAGCGAG,0,4370156
yadL_yadM_yadC_yadK_predicted,0.2,4,4,CCAAATCGCGTGAGTCGCGT,0,4393349
yadL_yadM_yadC_yadK_predicted,0.2,4,4,CATTTATGCTCTGAATATGT,0,4381899
yadL_yadM_yadC_yadK_predicted,0.2,4,4,CATTGTCCAGGCTGGGTGTC,0,4384543
yadL_yadM_yadC_yadK_predicted,0.2,4,4,CATTACTAGCGCTGACTATA,0,4391976
yadL_yadM_yadC_yadK_predicted,0.2,4,4,CATGTGTTAGAACCCCAGAA,0,4395913
yadL_yadM_yadC_yadK_predicted,0.2,4,4,CATGTCAGGCCAAGGCTCCT,0,4400809
yadL_yadM_yadC_yadK_predicted,0.2,4,4,CATGATATCTTATCCGATGT,0,4400173
yadL_yadM_yadC_yadK_predicted,0.2,4,4,CATCTGGACGCGTGAAACGC,0,4392982
yadL_yadM_yadC_yadK_predicted,0.2,4,4,CATCTACAGATCATAGCTTC,0,4375798
yadL_yadM_yadC_yadK_predicted,0.2,4,4,CATATTGGTTACCGTTCCGA,0,4389656
yadL_yadM_yadC_yadK_predicted,0.2,4,4,CATAGGGCTCCCTCTCATTC,0,4398221
yadL_yadM_yadC_yadK_predicted,0.2,4,4,CATAATCTGGTACGGGTGCT,0,4395969
yadL_yadM_yadC_yadK_predicted,0.2,4,4,CAGTTCTGGTCTTCGCGCGA,0,4389355
yadL_yadM_yadC_yadK_predicted,0.2,4,4,CAGTCAGGTGTATGGTTCAG,0,4390430
yadL_yadM_yadC_yadK_predicted,0.2,4,4,CAGGTTGAATGCTGTTACCT,0,4396732
yadL_yadM_yadC_yadK_predicted,0.2,4,4,CAGGGTTAATACCTGGGCGG,0,4371934
yadL_yadM_yadC_yadK_predicted,0.2,4,4,CAGGGGTCAGGAGCTCGATC,0,4399041
yadL_yadM_yadC_yadK_predicted,0.2,4,4,CAGGCCTCTAATCGCCGTGG,0,4374538
yadL_yadM_yadC_yadK_predicted,0.2,4,4,CAGCGCGTCGGTCGTTATTT,0,4387756
yadL_yadM_yadC_yadK_predicted,0.2,4,4,CAGAGCATAAGCGTGGACTT,0,4389448
yadL_yadM_yadC_yadK_predicted,0.2,4,4,CAGACCCGGGAGGTCTCTCA,0,4376842
yadL_yadM_yadC_yadK_predicted,0.2,4,4,CAGAACAGGTCACAAAATCA,0,4386188
yadL_yadM_yadC_yadK_predicted,0.2,4,4,CACTGCAGTTCAAATGCTTG,0,4373315
yadL_yadM_yadC_yadK_predicted,0.2,4,4,CACGTCCAGAAGGCTTGAAA,0,4394107
yadL_yadM_yadC_yadK_predicted,0.2,4,4,CACCTATACCCATAGCATGA,0,4387325
yadL_yadM_yadC_yadK_predicted,0.2,4,4,CACCGTTCATACTTAACCTG,0,4393392
yadL_yadM_yadC_yadK_predicted,0.2,4,4,CACCGGTTAAAGGTCTATGT,0,4384618
yadL_yadM_yadC_yadK_predicted,0.2,4,4,CACCCATGAGAATCGTTGTG,0,4373357
yadL_yadM_yadC_yadK_predicted,0.2,4,4,CACCATTTTCATGTCACATT,0,4391947
yadL_yadM_yadC_yadK_predicted,0.2,4,4,CACCATACGAGCCGACATTC,0,4385955
yadL_yadM_yadC_yadK_predicted,0.2,4,4,CACATTGAGTATTGACGAGT,0,4390015
yadL_yadM_yadC_yadK_predicted,0.2,4,4,CACAGTGATTTCGGTTACAT,0,4389408
yadL_yadM_yadC_yadK_predicted,0.2,4,4,CACAGACTCCGGCGTGATAT,0,4378638
yadL_yadM_yadC_yadK_predicted,0.2,4,4,CACACGATCGGGGTTTTACA,0,4388711
yadL_yadM_yadC_yadK_predicted,0.2,4,4,CACAAGCGTGCGAAGCATAT,0,4378922
yadL_yadM_yadC_yadK_predicted,0.2,4,4,CAATTTGTTCCAGTGTTTCG,0,4393433
yadL_yadM_yadC_yadK_predicted,0.2,4,4,CAATTCAGCTTGGCCATGCT,0,4397524
yadL_yadM_yadC_yadK_predicted,0.2,4,4,CAATCCCCGAGACCTCTGCA,0,4402353
yadL_yadM_yadC_yadK_predicted,0.2,4,4,CAATAAAACTTAGCCATATA,0,4391584
yadL_yadM_yadC_yadK_predicted,0.2,4,4,CAAGTCCGGGCGTTCTTTCC,0,4391075
yadL_yadM_yadC_yadK_predicted,0.2,4,4,CAAGGCTTGGTAATAGGATC,0,4386753
yadL_yadM_yadC_yadK_predicted,0.2,4,4,CAAGCAGGGCATTGAAGCCA,0,4380048
yadL_yadM_yadC_yadK_predicted,0.2,4,4,CAACTTGACTGCTTCGAACG,0,4385713
yadL_yadM_yadC_yadK_predicted,0.2,4,4,CAACTTAATGGGTCTCATTA,0,4388934
yadL_yadM_yadC_yadK_predicted,0.2,4,4,CAACGGCCATGAACCTGTCA,0,4384591
yadL_yadM_yadC_yadK_predicted,0.2,4,4,CAACGGCACCATACTTTCCC,0,4379758
yadL_yadM_yadC_yadK_predicted,0.2,4,4,CAACCTAGTACCATAAGACC,0,4399072
yadL_yadM_yadC_yadK_predicted,0.2,4,4,CAACCCAACACAGGCCATCG,0,4389115
yadL_yadM_yadC_yadK_predicted,0.2,4,4,CAACCACTCTGGACTCGATA,0,4402162
yadL_yadM_yadC_yadK_predicted,0.2,4,4,CAACACTCGCAGGGGTCAGG,0,4394145
yadL_yadM_yadC_yadK_predicted,0.2,4,4,CAAAGTCAACGCCGCCACCC,0,4400815
yadL_yadM_yadC_yadK_predicted,0.2,4,4,CAAAGCGGAACAAATACGTA,0,4375114
yadL_yadM_yadC_yadK_predicted,0.2,4,4,CAAAAAACGTCTGTGTTTGG,0,4383133
yadL_yadM_yadC_yadK_predicted,0.2,4,4,ATTTTAGTGTTCAAGCTCGT,0,4380843
yadL_yadM_yadC_yadK_predicted,0.2,4,4,ATTGGAGACTCACTGCCGGC,0,4401374
yadL_yadM_yadC_yadK_predicted,0.2,4,4,ATTGCTAGACGGAGAAAAGG,0,4375485
yadL_yadM_yadC_yadK_predicted,0.2,4,4,ATTGCGGCAAGTTTAGATAC,0,4383587
yadL_yadM_yadC_yadK_predicted,0.2,4,4,ATTCTCGGATATACAGGGCG,0,4389425
yadL_yadM_yadC_yadK_predicted,0.2,4,4,ATTCTCCAACGCCGAGGGGT,0,4398022
yadL_yadM_yadC_yadK_predicted,0.2,4,4,ATTCGTCATAAACACGGGCA,0,4373979
yadL_yadM_yadC_yadK_predicted,0.2,4,4,ATTCGGATGTGATACTGCCG,0,4372596
yadL_yadM_yadC_yadK_predicted,0.2,4,4,ATTCGAGGATCGGTATCGCG,0,4387133
yadL_yadM_yadC_yadK_predicted,0.2,4,4,ATTCGACAGGTGTCTTGTTG,0,4390529
yadL_yadM_yadC_yadK_predicted,0.2,4,4,ATTCCGAGGTTCGGATAAGA,0,4375129
yadL_yadM_yadC_yadK_predicted,0.2,4,4,ATTCATCCGGATGCATTCTA,0,4386802
yadL_yadM_yadC_yadK_predicted,0.2,4,4,ATTCACGCGCAGGGCTGAAC,0,4375721
yadL_yadM_yadC_yadK_predicted,0.2,4,4,ATTAGAATGATTTCGTGTGG,0,4374019
yadL_yadM_yadC_yadK_predicted,0.2,4,4,ATTAAAGATCAAGGTAAACC,0,4385479
yadL_yadM_yadC_yadK_predicted,0.2,4,4,ATGTTGGTGTCGCCCCGTCA,0,4398872
yadL_yadM_yadC_yadK_predicted,0.2,4,4,ATGTCTCTTTTTATAATGGT,0,4399131
yadL_yadM_yadC_yadK_predicted,0.2,4,4,ATGTCTAGAAAATCTCGCAG,0,4391432
yadL_yadM_yadC_yadK_predicted,0.2,4,4,ATGTCGCCATTCAGGATTCA,0,4373935
yadL_yadM_yadC_yadK_predicted,0.2,4,4,ATGTAGTTTGTGATGAAGGG,0,4384112
yadL_yadM_yadC_yadK_predicted,0.2,4,4,ATGGGGGCTTATCATTACGT,0,4395533
yadL_yadM_yadC_yadK_predicted,0.2,4,4,ATGGATGGTCTGACGACCGA,0,4397825
yadL_yadM_yadC_yadK_predicted,0.2,4,4,ATGGATATTTCTAGTATCCA,0,4385894
yadL_yadM_yadC_yadK_predicted,0.2,4,4,ATGGAGGGTCTTAGGGAGAA,0,4374092
yadL_yadM_yadC_yadK_predicted,0.2,4,4,ATGCGGTGATTGATGTATGC,0,4376950
yadL_yadM_yadC_yadK_predicted,0.2,4,4,ATGCGGCCTGTGAGGATAGG,0,4378879
yadL_yadM_yadC_yadK_predicted,0.2,4,4,ATGCCTGTCCGCTCACACTC,0,4391742
yadL_yadM_yadC_yadK_predicted,0.2,4,4,ATGCCTAGTTACGACGCTGT,0,4373111
yadL_yadM_yadC_yadK_predicted,0.2,4,4,ATGCATGTGCAGGGGCCTAA,0,4400722
yadL_yadM_yadC_yadK_predicted,0.2,4,4,ATGCAAGGGGAGTACGTCAT,0,4401562
yadL_yadM_yadC_yadK_predicted,0.2,4,4,ATGCAAGCAGAAGTTTCTCA,0,4389072
yadL_yadM_yadC_yadK_predicted,0.2,4,4,ATGAGTTTGTAATAACCCGA,0,4384846
yadL_yadM_yadC_yadK_predicted,0.2,4,4,ATGACTGACTGGTTCATCCA,0,4398159
yadL_yadM_yadC_yadK_predicted,0.2,4,4,ATGACACATGATAGCGACTT,0,4387121
yadL_yadM_yadC_yadK_predicted,0.2,4,4,ATGAATTCACAGACCTACGT,0,4397337
yadL_yadM_yadC_yadK_predicted,0.2,4,4,ATCTGCCCTTGAACCTGTGA,0,4398825
yadL_yadM_yadC_yadK_predicted,0.2,4,4,ATCTCTCGGTATGCCCACGG,0,4384366
yadL_yadM_yadC_yadK_predicted,0.2,4,4,ATCGGTCCTTGTCAGTAAAA,0,4386866
yadL_yadM_yadC_yadK_predicted,0.2,4,4,ATCCGGTAGACTCATCCGAA,0,4398797
yadL_yadM_yadC_yadK_predicted,0.2,4,4,ATCCATTATTTTAAGAGCGG,0,4401328
yadL_yadM_yadC_yadK_predicted,0.2,4,4,ATCAGTGCGGTCCACCCATC,0,4380273
yadL_yadM_yadC_yadK_predicted,0.2,4,4,ATCAATCTCTCTGGCGTAAG,0,4385055
yadL_yadM_yadC_yadK_predicted,0.2,4,4,ATCAACTTTTCAGAATCGCG,0,4386393
yadL_yadM_yadC_yadK_predicted,0.2,4,4,ATATTAAGGTCAATGGAGGT,0,4392333
yadL_yadM_yadC_yadK_predicted,0.2,4,4,ATATGTATTTTCGCGTCCAA,0,4374871
yadL_yadM_yadC_yadK_predicted,0.2,4,4,ATATCTCTCGACAGAGCCGC,0,4371188
yadL_yadM_yadC_yadK_predicted,0.2,4,4,ATAGTGAATGACGTGTTGTA,0,4398360
yadL_yadM_yadC_yadK_predicted,0.2,4,4,ATAGGCAGCACGCTCGGGGA,0,4399367
yadL_yadM_yadC_yadK_predicted,0.2,4,4,ATAGGATTGAGCCGTTCGGA,0,4393734
yadL_yadM_yadC_yadK_predicted,0.2,4,4,ATAGCAGTACAATAAGACGC,0,4401027
yadL_yadM_yadC_yadK_predicted,0.2,4,4,ATACGATGTACAGTCCTCGT,0,4396494
yadL_yadM_yadC_yadK_predicted,0.2,4,4,ATACAGCACTGGCTTGGCTA,0,4401100
yadL_yadM_yadC_yadK_predicted,0.2,4,4,ATACACTGTAACCGAGTCAA,0,4383141
yadL_yadM_yadC_yadK_predicted,0.2,4,4,ATAATGTGTGGTGACCCTGA,0,4397396
yadL_yadM_yadC_yadK_predicted,0.2,4,4,ATAACATTGTTACCGGCGAG,0,4400068
yadL_yadM_yadC_yadK_predicted,0.2,4,4,AGTTTTCACATAGGATTATG,0,4384834
yadL_yadM_yadC_yadK_predicted,0.2,4,4,AGTTTGGATAGAGCCAGCGT,0,4398047
yadL_yadM_yadC_yadK_predicted,0.2,4,4,AGTTGTGAAGTATAAGTTAG,0,4380120
yadL_yadM_yadC_yadK_predicted,0.2,4,4,AGTTCTGCAGGAAGTGAGGT,0,4380914
yadL_yadM_yadC_yadK_predicted,0.2,4,4,AGTTCCACTACGCTATCCTT,0,4374909
yadL_yadM_yadC_yadK_predicted,0.2,4,4,AGTTAGAGCGAATTATGGCT,0,4395435
yadL_yadM_yadC_yadK_predicted,0.2,4,4,AGTGTTCCCCCACGAACCCG,0,4371249
yadL_yadM_yadC_yadK_predicted,0.2,4,4,AGTGTCTCGCCGCCGAGGGC,0,4400081
yadL_yadM_yadC_yadK_predicted,0.2,4,4,AGTGAAAAAAATCCAAGAAT,0,4379956
yadL_yadM_yadC_yadK_predicted,0.2,4,4,AGTCTGTCGGAAAGGTGTTG,0,4385651
yadL_yadM_yadC_yadK_predicted,0.2,4,4,AGTCTAATTTTGATTTAGAC,0,4395592
yadL_yadM_yadC_yadK_predicted,0.2,4,4,AGTCGTCACGGGATATGTTG,0,4390705
yadL_yadM_yadC_yadK_predicted,0.2,4,4,AGTCGAAAGATTCGTGGACC,0,4370466
yadL_yadM_yadC_yadK_predicted,0.2,4,4,AGTCCCTCCGATTCCGTTCC,0,4375757
yadL_yadM_yadC_yadK_predicted,0.2,4,4,AGTCACTAGCCCGCAGGCCA,0,4379254
yadL_yadM_yadC_yadK_predicted,0.2,4,4,AGTATACCATGCTGCAGGCT,0,4377022
yadL_yadM_yadC_yadK_predicted,0.2,4,4,AGTACACCCCAGGAATCAGG,0,4401627
yadL_yadM_yadC_yadK_predicted,0.2,4,4,AGTAATAGCCATGTACACAG,0,4371049
yadL_yadM_yadC_yadK_predicted,0.2,4,4,AGGTTCATCAGGTGCCACTA,0,4375581
yadL_yadM_yadC_yadK_predicted,0.2,4,4,AGGTGCAGAGCAGCGAGAGA,0,4393894
yadL_yadM_yadC_yadK_predicted,0.2,4,4,AGGTGAGAGCGTAGTCAGAA,0,4394421
yadL_yadM_yadC_yadK_predicted,0.2,4,4,AGGTCCCCGATGTTACTTGA,0,4396586
yadL_yadM_yadC_yadK_predicted,0.2,4,4,AGGGTTATCTGTAATCATAT,0,4384757
yadL_yadM_yadC_yadK_predicted,0.2,4,4,AGGGGTTCTTCATTGGGGAT,0,4396563
yadL_yadM_yadC_yadK_predicted,0.2,4,4,AGGGGCGCGGAGGAAATTTA,0,4372038
yadL_yadM_yadC_yadK_predicted,0.2,4,4,AGGGCCGGTTCAGTCGGAGT,0,4401409
yadL_yadM_yadC_yadK_predicted,0.2,4,4,AGGGCAGAGAGGCTATTTCT,0,4373312
yadL_yadM_yadC_yadK_predicted,0.2,4,4,AGGGAGTTAGGGCGTAGACG,0,4383061
yadL_yadM_yadC_yadK_predicted,0.2,4,4,AGGCTTAAAGTCGAGTGGCT,0,4385352
yadL_yadM_yadC_yadK_predicted,0.2,4,4,AGGCTCATATGGCGGGCGAG,0,4393195
yadL_yadM_yadC_yadK_predicted,0.2,4,4,AGGCAGTCTTCTAGATAGCC,0,4383396
yadL_yadM_yadC_yadK_predicted,0.2,4,4,AGGCAAATCTATTGTCTGTA,0,4389832
yadL_yadM_yadC_yadK_predicted,0.2,4,4,AGGAAATGACGGGGTAAACA,0,4371045
yadL_yadM_yadC_yadK_predicted,0.2,4,4,AGCTTTATCTTTATCTTCCC,0,4391417
yadL_yadM_yadC_yadK_predicted,0.2,4,4,AGCCGACGAGTATACACCTC,0,4383692
yadL_yadM_yadC_yadK_predicted,0.2,4,4,AGCATCGCCCTGGGCTGTCA,0,4371250
yadL_yadM_yadC_yadK_predicted,0.2,4,4,AGCAGGCCAGAGGTAAGCTT,0,4373421
yadL_yadM_yadC_yadK_predicted,0.2,4,4,AGCACTCTGCACTGAAGCAT,0,4396980
yadL_yadM_yadC_yadK_predicted,0.2,4,4,AGCACGGTTATCACAGGGGC,0,4377669
yadL_yadM_yadC_yadK_predicted,0.2,4,4,AGATTCGACATAATACAGTA,0,4374121
yadL_yadM_yadC_yadK_predicted,0.2,4,4,AGATGGTTAGCGCGCGTTGC,0,4374201
yadL_yadM_yadC_yadK_predicted,0.2,4,4,AGAGTCCTCTAGCTCTACGT,0,4394895
yadL_yadM_yadC_yadK_predicted,0.2,4,4,AGAGCTTCGCGCGTCAACTG,0,4393641
yadL_yadM_yadC_yadK_predicted,0.2,4,4,AGAGCCTGAACAATCAAACA,0,4397584
yadL_yadM_yadC_yadK_predicted,0.2,4,4,AGAGATTCGTCTGCTATCTC,0,4400975
yadL_yadM_yadC_yadK_predicted,0.2,4,4,AGACTCATGCGGGATCGACA,0,4385603
yadL_yadM_yadC_yadK_predicted,0.2,4,4,AGACTCACTGGACTGAGACG,0,4381231
yadL_yadM_yadC_yadK_predicted,0.2,4,4,AGACGCGTGACGTACCGGAA,0,4390643
yadL_yadM_yadC_yadK_predicted,0.2,4,4,AGAATTACATTACGGTCCTG,0,4382853
yadL_yadM_yadC_yadK_predicted,0.2,4,4,ACTTTAGTCTATACCCGAAG,0,4389888
yadL_yadM_yadC_yadK_predicted,0.2,4,4,ACTTATTAGCCCCCAATATT,0,4396446
yadL_yadM_yadC_yadK_predicted,0.2,4,4,ACTCCATATGCTAGGGGAGC,0,4381541
yadL_yadM_yadC_yadK_predicted,0.2,4,4,ACTCATGTGCGGATCATGAC,0,4382430
yadL_yadM_yadC_yadK_predicted,0.2,4,4,ACTCACAGCTGAATGGGTGG,0,4397469
yadL_yadM_yadC_yadK_predicted,0.2,4,4,ACTATCTATATTATAGTTCA,0,4383560
yadL_yadM_yadC_yadK_predicted,0.2,4,4,ACTAGACAACAGCCGGTTTC,0,4374714
yadL_yadM_yadC_yadK_predicted,0.2,4,4,ACGTCACAATAATCGTCTGT,0,4372119
yadL_yadM_yadC_yadK_predicted,0.2,4,4,ACGGGTCTGTTATACTGCTC,0,4390304
yadL_yadM_yadC_yadK_predicted,0.2,4,4,ACGGGAACTGGTGGACACAG,0,4380487
yadL_yadM_yadC_yadK_predicted,0.2,4,4,ACGGATTGTGTCCAGTCCCA,0,4389356
yadL_yadM_yadC_yadK_predicted,0.2,4,4,ACGCTGGAGCAGGCCTATAG,0,4392985
yadL_yadM_yadC_yadK_predicted,0.2,4,4,ACGCGGTATTTGGGGACTTG,0,4402088
yadL_yadM_yadC_yadK_predicted,0.2,4,4,ACGCGGCCACGATCAATGTC,0,4381655
yadL_yadM_yadC_yadK_predicted,0.2,4,4,ACGCCATCCGATGAATGCAG,0,4387317
yadL_yadM_yadC_yadK_predicted,0.2,4,4,ACGATGGCGTAGTGGTTTGA,0,4393285
yadL_yadM_yadC_yadK_predicted,0.2,4,4,ACGACGCAGTTGCCGGCCAT,0,4387569
yadL_yadM_yadC_yadK_predicted,0.2,4,4,ACCTCATAATATCCCATGAG,0,4400772
yadL_yadM_yadC_yadK_predicted,0.2,4,4,ACCGATTATGGGAAGGAGCG,0,4401162
yadL_yadM_yadC_yadK_predicted,0.2,4,4,ACCGATAGCCATAATTACGC,0,4376993
yadL_yadM_yadC_yadK_predicted,0.2,4,4,ACCGACGAAGCTATAAGCTG,0,4381006
yadL_yadM_yadC_yadK_predicted,0.2,4,4,ACCCTAGGTAGCTCACACTC,0,4384992
yadL_yadM_yadC_yadK_predicted,0.2,4,4,ACCCGCACGAGGTCATGCAT,0,4398371
yadL_yadM_yadC_yadK_predicted,0.2,4,4,ACCCCTTAGACTACACTTAA,0,4392558
yadL_yadM_yadC_yadK_predicted,0.2,4,4,ACCAGGGTCGCTCGGAACTG,0,4373639
yadL_yadM_yadC_yadK_predicted,0.2,4,4,ACATGTCTACAAGGGCTTCG,0,4394072
yadL_yadM_yadC_yadK_predicted,0.2,4,4,ACATGAAGCCTAAAAAGCCT,0,4396533
yadL_yadM_yadC_yadK_predicted,0.2,4,4,ACATATATAGTACAGATCGG,0,4389260
yadL_yadM_yadC_yadK_predicted,0.2,4,4,ACAGTGGGGCACTATGGTGA,0,4390207
yadL_yadM_yadC_yadK_predicted,0.2,4,4,ACAGCATGTTTACAGCATGG,0,4378625
yadL_yadM_yadC_yadK_predicted,0.2,4,4,ACACTCGAAGCAGAGTCTGG,0,4382889
yadL_yadM_yadC_yadK_predicted,0.2,4,4,ACACGGCAATGAAAAAAGAA,0,4390549
yadL_yadM_yadC_yadK_predicted,0.2,4,4,ACACCGGCTATGATCCCATG,0,4379913
yadL_yadM_yadC_yadK_predicted,0.2,4,4,ACACAGGGTTACCTTTTTCA,0,4378547
yadL_yadM_yadC_yadK_predicted,0.2,4,4,ACAATGTTTAAATACCGACA,0,4385864
yadL_yadM_yadC_yadK_predicted,0.2,4,4,ACAATCTAATTGGGGTTAGA,0,4383375
yadL_yadM_yadC_yadK_predicted,0.2,4,4,ACAAGACAACGATGTTAAAA,0,4400473
yadL_yadM_yadC_yadK_predicted,0.2,4,4,ACAACCGGTTCATCCGATTT,0,4381307
yadL_yadM_yadC_yadK_predicted,0.2,4,4,ACAACAATGGCGCCACCGGA,0,4381873
yadL_yadM_yadC_yadK_predicted,0.2,4,4,AATTGTTAACACGACACGGC,0,4400930
yadL_yadM_yadC_yadK_predicted,0.2,4,4,AATTATCGAAGCTGGCCTGG,0,4384327
yadL_yadM_yadC_yadK_predicted,0.2,4,4,AATGTAATCAGTCTTGTTGT,0,4372630
yadL_yadM_yadC_yadK_predicted,0.2,4,4,AATCTAGGTCAGATGGTGTC,0,4392521
yadL_yadM_yadC_yadK_predicted,0.2,4,4,AATCTAGCACGCCGGGGAAA,0,4395476
yadL_yadM_yadC_yadK_predicted,0.2,4,4,AATCCCGGATGGAAAGCGAG,0,4370527
yadL_yadM_yadC_yadK_predicted,0.2,4,4,AATCAGGTCAACTCGGAGGT,0,4371037
yadL_yadM_yadC_yadK_predicted,0.2,4,4,AATCACTGGAAAGTCCCCTG,0,4392868
yadL_yadM_yadC_yadK_predicted,0.2,4,4,AATATTTTCTACTTGGCTTA,0,4374661
yadL_yadM_yadC_yadK_predicted,0.2,4,4,AATATGCCGTCAACTTTTGC,0,4377169
yadL_yadM_yadC_yadK_predicted,0.2,4,4,AAGTGTATATAGGGCTTGGG,0,4402408
yadL_yadM_yadC_yadK_predicted,0.2,4,4,AAGTGCATCGGCTGCCCGTA,0,4387067
yadL_yadM_yadC_yadK_predicted,0.2,4,4,AAGTCACTGCCGTACAGTAG,0,4382953
yadL_yadM_yadC_yadK_predicted,0.2,4,4,AAGGGCGCCCGGTGTTCTAA,0,4396089
yadL_yadM_yadC_yadK_predicted,0.2,4,4,AAGGGATGATAGGATAATTG,0,4395430
yadL_yadM_yadC_yadK_predicted,0.2,4,4,AAGGCGTTTCTGTTAAAAAT,0,4380762
yadL_yadM_yadC_yadK_predicted,0.2,4,4,AAGGATTAAAACGTCGTGAT,0,4401499
yadL_yadM_yadC_yadK_predicted,0.2,4,4,AAGGACTAAGCTATGTGCTA,0,4385853
yadL_yadM_yadC_yadK_predicted,0.2,4,4,AAGCCGCTTTGAAAGAGGAT,0,4398571
yadL_yadM_yadC_yadK_predicted,0.2,4,4,AAGCATGATAAGTAAGCAGG,0,4381868
yadL_yadM_yadC_yadK_predicted,0.2,4,4,AAGCACTGTTGATCCTACTT,0,4394065
yadL_yadM_yadC_yadK_predicted,0.2,4,4,AAGATGCTATTCGTGCATTT,0,4373651
yadL_yadM_yadC_yadK_predicted,0.2,4,4,AAGACTGATACCTTGTAAGT,0,4398191
yadL_yadM_yadC_yadK_predicted,0.2,4,4,AACTCGTTGAGCGAGGCGAC,0,4386159
yadL_yadM_yadC_yadK_predicted,0.2,4,4,AACGTCGTACCGTTTAATGG,0,4398016
yadL_yadM_yadC_yadK_predicted,0.2,4,4,AACGGTAGCTTTGCCTGATA,0,4393648
yadL_yadM_yadC_yadK_predicted,0.2,4,4,AACGGACTGGCCAGAGGGCT,0,4371314
yadL_yadM_yadC_yadK_predicted,0.2,4,4,AACGCAGAGTGCTGTACGAA,0,4379838
yadL_yadM_yadC_yadK_predicted,0.2,4,4,AACGCAAATGTAGGCTTCCT,0,4372813
yadL_yadM_yadC_yadK_predicted,0.2,4,4,AACCTAGGTCCCCATTATAA,0,4372895
yadL_yadM_yadC_yadK_predicted,0.2,4,4,AACCAATGCACTCTGCGACC,0,4378060
yadL_yadM_yadC_yadK_predicted,0.2,4,4,AACATAACTGGTTCTCGCAT,0,4391801
yadL_yadM_yadC_yadK_predicted,0.2,4,4,AAATTGTACTAGGGCATACC,0,4394024
yadL_yadM_yadC_yadK_predicted,0.2,4,4,AAATTCACCAATATTTGAAA,0,4389853
yadL_yadM_yadC_yadK_predicted,0.2,4,4,AAATGGCAGTCAGGTGAGCC,0,4392950
yadL_yadM_yadC_yadK_predicted,0.2,4,4,AAATCGGCTTGCTTGAATTA,0,4393651
yadL_yadM_yadC_yadK_predicted,0.2,4,4,AAATATAGGACGTAACGCGT,0,4397536
yadL_yadM_yadC_yadK_predicted,0.2,4,4,AAATAAAATTCTGTAACGCA,0,4392303
yadL_yadM_yadC_yadK_predicted,0.2,4,4,AAAGAGTGGGTCGCAGCTAG,0,4401102
yadL_yadM_yadC_yadK_predicted,0.2,4,4,AAAGAGAGGCCACAGGATTT,0,4377804
yadL_yadM_yadC_yadK_predicted,0.2,4,4,AAAGAAATTTCTATTCTAAG,0,4372715
yadL_yadM_yadC_yadK_predicted,0.2,4,4,AAACTGTATCAACAGTTCAG,0,4393394
yadL_yadM_yadC_yadK_predicted,0.2,4,4,AAACCGGTCCTGGTTACACA,0,4398558
yadL_yadM_yadC_yadK_predicted,0.2,4,4,AAAATCTAGTGCCTATTGTA,0,4393736
yadL_yadM_yadC_yadK_predicted,0.25,3,3,TTTTGTGGTCGGGCTACTCT,0,4394523
yadL_yadM_yadC_yadK_predicted,0.25,3,3,TTTTGGGAGGTAGCCCCGTC,0,4379941
yadL_yadM_yadC_yadK_predicted,0.25,3,3,TTTTGGACCATAATCTGACA,0,4373893
yadL_yadM_yadC_yadK_predicted,0.25,3,3,TTTTGCTAAGGTTATTGGAG,0,4392400
yadL_yadM_yadC_yadK_predicted,0.25,3,3,TTTTCGCTCTAATGGTACCA,0,4386515
yadL_yadM_yadC_yadK_predicted,0.25,3,3,TTTGGGGGCTCAGTTCGTTT,0,4388259
yadL_yadM_yadC_yadK_predicted,0.25,3,3,TTTGGCAATGTGTTCAGATG,0,4377183
yadL_yadM_yadC_yadK_predicted,0.25,3,3,TTTCTTCTTTCTTTTCGGAT,0,4396004
yadL_yadM_yadC_yadK_predicted,0.25,3,3,TTTCTGTGTAATATCTGGTT,0,4393051
yadL_yadM_yadC_yadK_predicted,0.25,3,3,TTTCTGGTGTAGGCTCGACG,0,4401159
yadL_yadM_yadC_yadK_predicted,0.25,3,3,TTTCTGGACTTGTTTTCGTG,0,4374992
yadL_yadM_yadC_yadK_predicted,0.25,3,3,TTTCGGTGCACTCGTGGGTT,0,4370204
yadL_yadM_yadC_yadK_predicted,0.25,3,3,TTTCCGTTCAGATCCGTGGT,0,4395769
yadL_yadM_yadC_yadK_predicted,0.25,3,3,TTTCCGCATTGACCCGCCTT,0,4381136
yadL_yadM_yadC_yadK_predicted,0.25,3,3,TTTCCAATGTATATGAAGAG,0,4380668
yadL_yadM_yadC_yadK_predicted,0.25,3,3,TTTCAAATCGGTTGTATAAG,0,4379546
yadL_yadM_yadC_yadK_predicted,0.25,3,3,TTTACTAAGCCGCTTGAACG,0,4380609
yadL_yadM_yadC_yadK_predicted,0.25,3,3,TTGTCCGATATAGCGGGCTT,0,4399785
yadL_yadM_yadC_yadK_predicted,0.25,3,3,TTGGTGTGTACATAGCACTG,0,4395763
yadL_yadM_yadC_yadK_predicted,0.25,3,3,TTGGTACTACGTTAAGCGTA,0,4385960
yadL_yadM_yadC_yadK_predicted,0.25,3,3,TTGCTGATTACTTTGCTAAT,0,4395099
yadL_yadM_yadC_yadK_predicted,0.25,3,3,TTGCCGATATAGTAACTGAT,0,4373281
yadL_yadM_yadC_yadK_predicted,0.25,3,3,TTGCCACATCATGGATATGC,0,4377740
yadL_yadM_yadC_yadK_predicted,0.25,3,3,TTGCAGCAGCCTAGAAACGG,0,4388304
yadL_yadM_yadC_yadK_predicted,0.25,3,3,TTGATTGTGACTGTCCCGTA,0,4400400
yadL_yadM_yadC_yadK_predicted,0.25,3,3,TTGATGAAATTGGCACAAGA,0,4386846
yadL_yadM_yadC_yadK_predicted,0.25,3,3,TTGAGGAGGCAAATCGGCCT,0,4398241
yadL_yadM_yadC_yadK_predicted,0.25,3,3,TTGAGCTTAATAAAAGCAAC,0,4374845
yadL_yadM_yadC_yadK_predicted,0.25,3,3,TTGAAGCATTCCGGGAGGAC,0,4370229
yadL_yadM_yadC_yadK_predicted,0.25,3,3,TTGAACGATTGAGGAGAGGA,0,4387316
yadL_yadM_yadC_yadK_predicted,0.25,3,3,TTCTGGGGCCTTGCATAGGC,0,4395635
yadL_yadM_yadC_yadK_predicted,0.25,3,3,TTCTGGGATTGACGGGACTC,0,4373532
yadL_yadM_yadC_yadK_predicted,0.25,3,3,TTCTAGAAGACTCGAAGAGT,0,4386513
yadL_yadM_yadC_yadK_predicted,0.25,3,3,TTCGTGAAGAAATGGTCTCC,0,4375374
yadL_yadM_yadC_yadK_predicted,0.25,3,3,TTCGGACTACGGCTCTCAGT,0,4392131
yadL_yadM_yadC_yadK_predicted,0.25,3,3,TTCGCTACAGGTGGACGGGG,0,4382446
yadL_yadM_yadC_yadK_predicted,0.25,3,3,TTCGAGCGTCCAAGGGAAAC,0,4374818
yadL_yadM_yadC_yadK_predicted,0.25,3,3,TTCGACCACTGGTACGCACG,0,4402438
yadL_yadM_yadC_yadK_predicted,0.25,3,3,TTCCGGTCAGGCACCGAGAC,0,4399114
yadL_yadM_yadC_yadK_predicted,0.25,3,3,TTCCGGGCGTGGCGCCTATT,0,4374580
yadL_yadM_yadC_yadK_predicted,0.25,3,3,TTCCGGCAGTGTAAACATGC,0,4382795
yadL_yadM_yadC_yadK_predicted,0.25,3,3,TTCCGATATGCGGGAAGAGG,0,4382002
yadL_yadM_yadC_yadK_predicted,0.25,3,3,TTCCCGTCTTCATCACACAC,0,4372896
yadL_yadM_yadC_yadK_predicted,0.25,3,3,TTCCCGCCCCGCTAAAATAA,0,4370152
yadL_yadM_yadC_yadK_predicted,0.25,3,3,TTCCATTTCTCTTTTATGGC,0,4384854
yadL_yadM_yadC_yadK_predicted,0.25,3,3,TTCCACAACCGAACCGACAT,0,4379358
yadL_yadM_yadC_yadK_predicted,0.25,3,3,TTCAGACCTATCTATGAAGC,0,4389175
yadL_yadM_yadC_yadK_predicted,0.25,3,3,TTCAAACCCACCTGTCCGTG,0,4390868
yadL_yadM_yadC_yadK_predicted,0.25,3,3,TTATGTGACTGCATCGAAGG,0,4386806
yadL_yadM_yadC_yadK_predicted,0.25,3,3,TTATCTTGAATTACCACGTA,0,4375778
yadL_yadM_yadC_yadK_predicted,0.25,3,3,TTATCGATGGTATGAAGGGA,0,4392125
yadL_yadM_yadC_yadK_predicted,0.25,3,3,TTAGTTCCCGGTGTGCCGAC,0,4395510
yadL_yadM_yadC_yadK_predicted,0.25,3,3,TTACTTTTCGCAATAAGGAC,0,4390195
yadL_yadM_yadC_yadK_predicted,0.25,3,3,TTACTAATGAGAAGGGTGCG,0,4379460
yadL_yadM_yadC_yadK_predicted,0.25,3,3,TTACCTTAACTTCAGGCCTA,0,4392140
yadL_yadM_yadC_yadK_predicted,0.25,3,3,TTACAGTGCCCGGTAACTAG,0,4374519
yadL_yadM_yadC_yadK_predicted,0.25,3,3,TTAATACAATTAATTGTAAG,0,4400043
yadL_yadM_yadC_yadK_predicted,0.25,3,3,TTAAAGCGTGGACGCGGAGA,0,4394590
yadL_yadM_yadC_yadK_predicted,0.25,3,3,TGTTGCTGCCTGGGTCCCCG,0,4371987
yadL_yadM_yadC_yadK_predicted,0.25,3,3,TGTGGTCTACAAATCATTCG,0,4371207
yadL_yadM_yadC_yadK_predicted,0.25,3,3,TGTGGGAGGCAGCTGGATCC,0,4373448
yadL_yadM_yadC_yadK_predicted,0.25,3,3,TGTGCCTCTGGCGACTCCAT,0,4374225
yadL_yadM_yadC_yadK_predicted,0.25,3,3,TGTGAGCCTATGTCTGGGTC,0,4395934
yadL_yadM_yadC_yadK_predicted,0.25,3,3,TGTCGAGGCCTCGGAACTCA,0,4391621
yadL_yadM_yadC_yadK_predicted,0.25,3,3,TGTCCTCTCTAGACGACAAG,0,4389677
yadL_yadM_yadC_yadK_predicted,0.25,3,3,TGTCAGACCACAAGCGTGCA,0,4390980
yadL_yadM_yadC_yadK_predicted,0.25,3,3,TGTAGAGCTAAGGTGTGATC,0,4396500
yadL_yadM_yadC_yadK_predicted,0.25,3,3,TGTACCCACAACAGCCCGAT,0,4385071
yadL_yadM_yadC_yadK_predicted,0.25,3,3,TGGTGATCACAAAGGAGTCG,0,4395501
yadL_yadM_yadC_yadK_predicted,0.25,3,3,TGGGTTCACTTCAAGTAGGT,0,4381604
yadL_yadM_yadC_yadK_predicted,0.25,3,3,TGGGTGCATCACTCTCTGTA,0,4373217
yadL_yadM_yadC_yadK_predicted,0.25,3,3,TGGGGAACAGCCACATTGTT,0,4371932
yadL_yadM_yadC_yadK_predicted,0.25,3,3,TGGGAGGCGCCAAGCGGCGT,0,4380347
yadL_yadM_yadC_yadK_predicted,0.25,3,3,TGGCCGCAAGAAGACGGGTT,0,4398277
yadL_yadM_yadC_yadK_predicted,0.25,3,3,TGGCACCTTCGCTCGGACAG,0,4399117
yadL_yadM_yadC_yadK_predicted,0.25,3,3,TGGCAAATTAGTGCAATTCG,0,4373686
yadL_yadM_yadC_yadK_predicted,0.25,3,3,TGCTAGGTAGCTTCAAATTA,0,4392928
yadL_yadM_yadC_yadK_predicted,0.25,3,3,TGCGGAGCCGCCACTAGCCT,0,4398602
yadL_yadM_yadC_yadK_predicted,0.25,3,3,TGCGATTTAAGTACCATCGT,0,4380903
yadL_yadM_yadC_yadK_predicted,0.25,3,3,TGCGAATCGCCATTCTGTAG,0,4393395
yadL_yadM_yadC_yadK_predicted,0.25,3,3,TGCCCGACAGCTCGACCACC,0,4387471
yadL_yadM_yadC_yadK_predicted,0.25,3,3,TGCATAGGGGTGGTAATACA,0,4396246
yadL_yadM_yadC_yadK_predicted,0.25,3,3,TGCAGGCTTGCTTGTACTGC,0,4391731
yadL_yadM_yadC_yadK_predicted,0.25,3,3,TGCACAAGTACCTACTTTGT,0,4375420
yadL_yadM_yadC_yadK_predicted,0.25,3,3,TGCAATGTAGTCGGGCTTTG,0,4381906
yadL_yadM_yadC_yadK_predicted,0.25,3,3,TGCAAGGTGGAGGGGGAGAC,0,4375849
yadL_yadM_yadC_yadK_predicted,0.25,3,3,TGATTTAACCCTCACGCCCG,0,4396043
yadL_yadM_yadC_yadK_predicted,0.25,3,3,TGATTAAATTCGACGTGGCC,0,4396698
yadL_yadM_yadC_yadK_predicted,0.25,3,3,TGATCAGTAATACGTACAGA,0,4401497
yadL_yadM_yadC_yadK_predicted,0.25,3,3,TGAGTGTATAGGCAGCGTGT,0,4395492
yadL_yadM_yadC_yadK_predicted,0.25,3,3,TGAGTCCCACCGCCAGGGTA,0,4383487
yadL_yadM_yadC_yadK_predicted,0.25,3,3,TGAGTCCAACGGACTGTGCA,0,4385168
yadL_yadM_yadC_yadK_predicted,0.25,3,3,TGAGTCACTAAAACCGGGTT,0,4383485
yadL_yadM_yadC_yadK_predicted,0.25,3,3,TGAGATCCCCTGCCTCAAGT,0,4382480
yadL_yadM_yadC_yadK_predicted,0.25,3,3,TGACTCCAAGTACTGTTCTT,0,4383027
yadL_yadM_yadC_yadK_predicted,0.25,3,3,TGACGGAGCCACTGCCAGGA,0,4383144
yadL_yadM_yadC_yadK_predicted,0.25,3,3,TGACGACCCGTCCGATATCC,0,4377016
yadL_yadM_yadC_yadK_predicted,0.25,3,3,TGACCCGTAAGAGCTGATTT,0,4394872
yadL_yadM_yadC_yadK_predicted,0.25,3,3,TGACAAGGTCACATTTGTCC,0,4386299
yadL_yadM_yadC_yadK_predicted,0.25,3,3,TGAATTCCGCTTGCTATCGT,0,4378494
yadL_yadM_yadC_yadK_predicted,0.25,3,3,TGAATCTAGATGTCCCGATC,0,4375519
yadL_yadM_yadC_yadK_predicted,0.25,3,3,TGAAGCATTTTCATTGTAAG,0,4389696
yadL_yadM_yadC_yadK_predicted,0.25,3,3,TGAACCAAACGGGACCCACT,0,4396797
yadL_yadM_yadC_yadK_predicted,0.25,3,3,TGAACAGTTCTGGTCTTCCG,0,4385835
yadL_yadM_yadC_yadK_predicted,0.25,3,3,TGAAATATTGATCTCTTGCT,0,4399271
yadL_yadM_yadC_yadK_predicted,0.25,3,3,TGAAAGATCACACCAACAGG,0,4379479
yadL_yadM_yadC_yadK_predicted,0.25,3,3,TCTTTCCATAAGATCCCTGA,0,4399984
yadL_yadM_yadC_yadK_predicted,0.25,3,3,TCTTTATATGCTTGAAGTTG,0,4389717
yadL_yadM_yadC_yadK_predicted,0.25,3,3,TCTTGCGTTAGTCTACGATG,0,4376200
yadL_yadM_yadC_yadK_predicted,0.25,3,3,TCTTATCTACCGACCATGTA,0,4401395
yadL_yadM_yadC_yadK_predicted,0.25,3,3,TCTGTTGCGTTATCTAATTC,0,4389527
yadL_yadM_yadC_yadK_predicted,0.25,3,3,TCTGTTAGGAGACGCAGCTC,0,4383185
yadL_yadM_yadC_yadK_predicted,0.25,3,3,TCTGTGCATCAGGAACGCGT,0,4388589
yadL_yadM_yadC_yadK_predicted,0.25,3,3,TCTGCAGGAAGTTGGCTTGA,0,4380654
yadL_yadM_yadC_yadK_predicted,0.25,3,3,TCTCTTTCTTTCCACACCGA,0,4388919
yadL_yadM_yadC_yadK_predicted,0.25,3,3,TCTCTGTCCGCGACACCAAG,0,4388099
yadL_yadM_yadC_yadK_predicted,0.25,3,3,TCTCTGTAGTTACTTCTTAG,0,4390308
yadL_yadM_yadC_yadK_predicted,0.25,3,3,TCTCATTGTGCTCAAGGGGA,0,4398458
yadL_yadM_yadC_yadK_predicted,0.25,3,3,TCTCAATATGGTCCTTCAGA,0,4393776
yadL_yadM_yadC_yadK_predicted,0.25,3,3,TCTACTGTTGCACGCAAACG,0,4372039
yadL_yadM_yadC_yadK_predicted,0.25,3,3,TCGTGAGGTATGTTGTACTT,0,4394539
yadL_yadM_yadC_yadK_predicted,0.25,3,3,TCGGTACCTTGTACGCTCAA,0,4373803
yadL_yadM_yadC_yadK_predicted,0.25,3,3,TCGCTCTTGGGTCCTACAGA,0,4399105
yadL_yadM_yadC_yadK_predicted,0.25,3,3,TCGCGGTGTATAGGGGGTTC,0,4390438
yadL_yadM_yadC_yadK_predicted,0.25,3,3,TCGATTTGTGAGCATTTCTC,0,4374010
yadL_yadM_yadC_yadK_predicted,0.25,3,3,TCGAGTGTGCTGTATTTTCG,0,4376043
yadL_yadM_yadC_yadK_predicted,0.25,3,3,TCGACCAGGTCAATGTCTGT,0,4381284
yadL_yadM_yadC_yadK_predicted,0.25,3,3,TCCTTTTCGGTTCATCGTGC,0,4397558
yadL_yadM_yadC_yadK_predicted,0.25,3,3,TCCTTGAGAAGTTTCGATTA,0,4375375
yadL_yadM_yadC_yadK_predicted,0.25,3,3,TCCTTATCTCGTCCTGAGAC,0,4400642
yadL_yadM_yadC_yadK_predicted,0.25,3,3,TCCTGTTATCGAAGTGCGAC,0,4401153
yadL_yadM_yadC_yadK_predicted,0.25,3,3,TCCGCTTCTCAAGCGAGCCA,0,4387541
yadL_yadM_yadC_yadK_predicted,0.25,3,3,TCCCGGTCTCTAGGCCCGCA,0,4391071
yadL_yadM_yadC_yadK_predicted,0.25,3,3,TCCAGGGACACCCACATTCA,0,4389572
yadL_yadM_yadC_yadK_predicted,0.25,3,3,TCCAATATGTTCAGATGATG,0,4390542
yadL_yadM_yadC_yadK_predicted,0.25,3,3,TCCAATAAATTCAGCTGCAG,0,4381447
yadL_yadM_yadC_yadK_predicted,0.25,3,3,TCATTGTGATTGCTGAAACG,0,4381933
yadL_yadM_yadC_yadK_predicted,0.25,3,3,TCATTGATGAGGGGCGTTTC,0,4389493
yadL_yadM_yadC_yadK_predicted,0.25,3,3,TCATTCTGCGGGGCAAGGGA,0,4391733
yadL_yadM_yadC_yadK_predicted,0.25,3,3,TCATTACTGCCCACTGTCTC,0,4393587
yadL_yadM_yadC_yadK_predicted,0.25,3,3,TCATGGCTAGCGGCCCACTG,0,4383711
yadL_yadM_yadC_yadK_predicted,0.25,3,3,TCATGACAACTGGAAGACAT,0,4381222
yadL_yadM_yadC_yadK_predicted,0.25,3,3,TCATACCGGAATCACATGGT,0,4384729
yadL_yadM_yadC_yadK_predicted,0.25,3,3,TCAGGAATGCCCACATCAAA,0,4400499
yadL_yadM_yadC_yadK_predicted,0.25,3,3,TCAGCTTTACGAGTGCGAAC,0,4374122
yadL_yadM_yadC_yadK_predicted,0.25,3,3,TCACCTCGATAAAAACAGGC,0,4392898
yadL_yadM_yadC_yadK_predicted,0.25,3,3,TCACAATCGTCACATATCAT,0,4383618
yadL_yadM_yadC_yadK_predicted,0.25,3,3,TCAATGCACTTGATCGAGGG,0,4400609
yadL_yadM_yadC_yadK_predicted,0.25,3,3,TCAAAAGTCTTGGCGCCTGA,0,4391598
yadL_yadM_yadC_yadK_predicted,0.25,3,3,TCAAAAGATCATATGTATCA,0,4394303
yadL_yadM_yadC_yadK_predicted,0.25,3,3,TATTTGCTTTCGTTCTGACT,0,4374095
yadL_yadM_yadC_yadK_predicted,0.25,3,3,TATTGGTTCTCTAGGGGTCA,0,4398049
yadL_yadM_yadC_yadK_predicted,0.25,3,3,TATTGAGCTCTGATCGCAAA,0,4397453
yadL_yadM_yadC_yadK_predicted,0.25,3,3,TATTAACGGTACCGCGGCAA,0,4394028
yadL_yadM_yadC_yadK_predicted,0.25,3,3,TATGTTGTCTAATGAGCTGC,0,4390229
yadL_yadM_yadC_yadK_predicted,0.25,3,3,TATCTCATCTAGGAGTAATC,0,4381505
yadL_yadM_yadC_yadK_predicted,0.25,3,3,TATATCATTTTAGCGCGGGG,0,4372748
yadL_yadM_yadC_yadK_predicted,0.25,3,3,TATAGTGTAGAGAAGCAGGT,0,4382987
yadL_yadM_yadC_yadK_predicted,0.25,3,3,TATACAACTCCAGCGCCCCC,0,4373337
yadL_yadM_yadC_yadK_predicted,0.25,3,3,TATAAGATTCACGTGGCTGA,0,4399641
yadL_yadM_yadC_yadK_predicted,0.25,3,3,TAGGGCCTGCGGCATACAGA,0,4394519
yadL_yadM_yadC_yadK_predicted,0.25,3,3,TAGCGCTCGCTGCGAATACT,0,4371410
yadL_yadM_yadC_yadK_predicted,0.25,3,3,TAGCCACGGCCCGCAACTAG,0,4395664
yadL_yadM_yadC_yadK_predicted,0.25,3,3,TAGCATAGAACACTTTAACG,0,4373497
yadL_yadM_yadC_yadK_predicted,0.25,3,3,TAGCACGCCAGGCGGTTTGA,0,4383802
yadL_yadM_yadC_yadK_predicted,0.25,3,3,TAGCAAACATTGGATTTCGT,0,4375232
yadL_yadM_yadC_yadK_predicted,0.25,3,3,TAGATTCGGGTACACATCAA,0,4375239
yadL_yadM_yadC_yadK_predicted,0.25,3,3,TAGAATTGTCGTGCTCGTAT,0,4373649
yadL_yadM_yadC_yadK_predicted,0.25,3,3,TACTTTTCGAACTTTTGCCC,0,4399935
yadL_yadM_yadC_yadK_predicted,0.25,3,3,TACTGCATACCCTTGTATTC,0,4398332
yadL_yadM_yadC_yadK_predicted,0.25,3,3,TACTATTGGTGTCAGGGAAC,0,4386104
yadL_yadM_yadC_yadK_predicted,0.25,3,3,TACGGTGTTGTTTTGGTAGA,0,4377620
yadL_yadM_yadC_yadK_predicted,0.25,3,3,TACAGGCAGGATTTACCAGC,0,4386933
yadL_yadM_yadC_yadK_predicted,0.25,3,3,TACAGGAGGCGCAGCCTAGT,0,4389245
yadL_yadM_yadC_yadK_predicted,0.25,3,3,TACAGCTCCGGAGATTTTGG,0,4401052
yadL_yadM_yadC_yadK_predicted,0.25,3,3,TACAAAGCGCTACAAGGCAG,0,4390411
yadL_yadM_yadC_yadK_predicted,0.25,3,3,TAATTCTGTTTCATATTGTA,0,4383521
yadL_yadM_yadC_yadK_predicted,0.25,3,3,TAATGCTTTTCATAGATTCG,0,4374339
yadL_yadM_yadC_yadK_predicted,0.25,3,3,TAATCCAAACCGAGCGGGAG,0,4388980
yadL_yadM_yadC_yadK_predicted,0.25,3,3,TAATACTAGAACTATGGATT,0,4381540
yadL_yadM_yadC_yadK_predicted,0.25,3,3,TAATAAGTAGTCTCGTTCAT,0,4401099
yadL_yadM_yadC_yadK_predicted,0.25,3,3,TAAGGTACCGTCTCGGGGAT,0,4399830
yadL_yadM_yadC_yadK_predicted,0.25,3,3,TAACTTTCATCTTGCGGGCA,0,4388489
yadL_yadM_yadC_yadK_predicted,0.25,3,3,TAACATTTCAGCTGGACGAA,0,4392159
yadL_yadM_yadC_yadK_predicted,0.25,3,3,TAACACTTGAGGCAAATTCG,0,4402397
yadL_yadM_yadC_yadK_predicted,0.25,3,3,TAAATCTGCCGCGTCAATTA,0,4392381
yadL_yadM_yadC_yadK_predicted,0.25,3,3,GTTTGTTTGGGACTGGAATC,0,4389164
yadL_yadM_yadC_yadK_predicted,0.25,3,3,GTTTCCTTGTAGGAACTGGA,0,4374754
yadL_yadM_yadC_yadK_predicted,0.25,3,3,GTTTAGCCCGGGCGGGTGGC,0,4399255
yadL_yadM_yadC_yadK_predicted,0.25,3,3,GTTGCGTGGCCAAGGAAAAC,0,4379285
yadL_yadM_yadC_yadK_predicted,0.25,3,3,GTTGCAATCAGAGACTCCCC,0,4392865
yadL_yadM_yadC_yadK_predicted,0.25,3,3,GTTGAGGATGTCGGGCTGTC,0,4389288
yadL_yadM_yadC_yadK_predicted,0.25,3,3,GTTCGTACCTGTCCTACGGC,0,4379302
yadL_yadM_yadC_yadK_predicted,0.25,3,3,GTTCGCGCAACCAACCGAGG,0,4383320
yadL_yadM_yadC_yadK_predicted,0.25,3,3,GTTCGATTGATGCGTCTTAT,0,4401332
yadL_yadM_yadC_yadK_predicted,0.25,3,3,GTTATCATTCATTAAGATCC,0,4383855
yadL_yadM_yadC_yadK_predicted,0.25,3,3,GTTATCATCGTCAGGCTAGG,0,4393697
yadL_yadM_yadC_yadK_predicted,0.25,3,3,GTTATCATCCGAGCTCGCGA,0,4393021
yadL_yadM_yadC_yadK_predicted,0.25,3,3,GTTAGGAGGGTTAATAAACG,0,4392872
yadL_yadM_yadC_yadK_predicted,0.25,3,3,GTTAGCGTGGGCTGCGAAAC,0,4371128
yadL_yadM_yadC_yadK_predicted,0.25,3,3,GTTAAGGATAGCCGGGTGCA,0,4388181
yadL_yadM_yadC_yadK_predicted,0.25,3,3,GTTAAAGGAAGAGGGAATCT,0,4377296
yadL_yadM_yadC_yadK_predicted,0.25,3,3,GTGTCTCCTCACGTACTACA,0,4398045
yadL_yadM_yadC_yadK_predicted,0.25,3,3,GTGGCGTCAAGTCCGTTCAT,0,4381613
yadL_yadM_yadC_yadK_predicted,0.25,3,3,GTGGATGTGTATGCTTGTTT,0,4385850
yadL_yadM_yadC_yadK_predicted,0.25,3,3,GTGGATGCCGGTGTTGGCCA,0,4373656
yadL_yadM_yadC_yadK_predicted,0.25,3,3,GTGCGTATAACAGTGAAGCC,0,4381230
yadL_yadM_yadC_yadK_predicted,0.25,3,3,GTGATTGAGCACCGCACAGG,0,4378416
yadL_yadM_yadC_yadK_predicted,0.25,3,3,GTGACGACGAGCCTCGCTCT,0,4397553
yadL_yadM_yadC_yadK_predicted,0.25,3,3,GTGAAGTCTTCGGCCGTTTC,0,4374008
yadL_yadM_yadC_yadK_predicted,0.25,3,3,GTGAAGCTCGACTGATGCTT,0,4389204
yadL_yadM_yadC_yadK_predicted,0.25,3,3,GTCTGTTGTGTAATCCGACG,0,4376603
yadL_yadM_yadC_yadK_predicted,0.25,3,3,GTCTGGCCAGGTGGAAATCT,0,4395470
yadL_yadM_yadC_yadK_predicted,0.25,3,3,GTCTGGAATGCCGGGCGAGT,0,4370530
yadL_yadM_yadC_yadK_predicted,0.25,3,3,GTCTGCGGTCATCCGGCCAA,0,4400649
yadL_yadM_yadC_yadK_predicted,0.25,3,3,GTCTATGATCGGAAATACAC,0,4385746
yadL_yadM_yadC_yadK_predicted,0.25,3,3,GTCTACCGCGCACCAAATTA,0,4385026
yadL_yadM_yadC_yadK_predicted,0.25,3,3,GTCTAAGCAAAGGCTATCGA,0,4388428
yadL_yadM_yadC_yadK_predicted,0.25,3,3,GTCTAACGGCGATTCTACAG,0,4374673
yadL_yadM_yadC_yadK_predicted,0.25,3,3,GTCGGGTAAAGCTGTAATGC,0,4400276
yadL_yadM_yadC_yadK_predicted,0.25,3,3,GTCGGGGTATATAACATCGG,0,4377961
yadL_yadM_yadC_yadK_predicted,0.25,3,3,GTCGCGTAGGTCAGGACTGT,0,4394825
yadL_yadM_yadC_yadK_predicted,0.25,3,3,GTCGAAAATTTGTCCAAATT,0,4388265
yadL_yadM_yadC_yadK_predicted,0.25,3,3,GTCCTATTTTGCATCGCACA,0,4377649
yadL_yadM_yadC_yadK_predicted,0.25,3,3,GTCCAGTCATAAACTAATGA,0,4382009
yadL_yadM_yadC_yadK_predicted,0.25,3,3,GTCATGCCAACAGAATAACT,0,4384051
yadL_yadM_yadC_yadK_predicted,0.25,3,3,GTCACTTTTGGTCGGAACAT,0,4378388
yadL_yadM_yadC_yadK_predicted,0.25,3,3,GTATTTTTAAGCCGCGGTCC,0,4394369
yadL_yadM_yadC_yadK_predicted,0.25,3,3,GTATCGGTATACTTTGATCG,0,4382082
yadL_yadM_yadC_yadK_predicted,0.25,3,3,GTATCCAGTTATATTTTGCG,0,4391872
yadL_yadM_yadC_yadK_predicted,0.25,3,3,GTAGAGGGTCGGCGCCCTAG,0,4371450
yadL_yadM_yadC_yadK_predicted,0.25,3,3,GTACCGCGATGATCATCATA,0,4394015
yadL_yadM_yadC_yadK_predicted,0.25,3,3,GTACATTGTTGTGGATAATT,0,4392363
yadL_yadM_yadC_yadK_predicted,0.25,3,3,GTAATCTTTATTATAAGGCG,0,4400673
yadL_yadM_yadC_yadK_predicted,0.25,3,3,GTAAGTTGGGCGCCGGCGCG,0,4400659
yadL_yadM_yadC_yadK_predicted,0.25,3,3,GTAACATCAGCCAGCGAGTA,0,4401715
yadL_yadM_yadC_yadK_predicted,0.25,3,3,GGTTCGGATTCATTAGTGCG,0,4376201
yadL_yadM_yadC_yadK_predicted,0.25,3,3,GGTGTTGATAGGTACATGGT,0,4373745
yadL_yadM_yadC_yadK_predicted,0.25,3,3,GGTGGGACCACAGGCCGAAT,0,4381962
yadL_yadM_yadC_yadK_predicted,0.25,3,3,GGTGGATGAATTGTCTTGCC,0,4391936
yadL_yadM_yadC_yadK_predicted,0.25,3,3,GGTGCGCATTGGAGGACGAG,0,4389411
yadL_yadM_yadC_yadK_predicted,0.25,3,3,GGTGCCTGCACTATCGCACG,0,4391700
yadL_yadM_yadC_yadK_predicted,0.25,3,3,GGTCTGCCTATGTTGCGTCT,0,4388592
yadL_yadM_yadC_yadK_predicted,0.25,3,3,GGTCGGGGCTCGCAATACGA,0,4380695
yadL_yadM_yadC_yadK_predicted,0.25,3,3,GGTCCAACCTGCGTAGAGGG,0,4375131
yadL_yadM_yadC_yadK_predicted,0.25,3,3,GGTCATATCGTTCGATCCAA,0,4401439
yadL_yadM_yadC_yadK_predicted,0.25,3,3,GGTCAGAACGCGCCCCTTTG,0,4375428
yadL_yadM_yadC_yadK_predicted,0.25,3,3,GGTATCCCTTTTTTTTGGTC,0,4375669
yadL_yadM_yadC_yadK_predicted,0.25,3,3,GGTATAAGTTGCGGTTTTTC,0,4373790
yadL_yadM_yadC_yadK_predicted,0.25,3,3,GGTAGCTTTTTTCATTTGAT,0,4379163
yadL_yadM_yadC_yadK_predicted,0.25,3,3,GGTAGACTGCCGAAAATGTA,0,4393644
yadL_yadM_yadC_yadK_predicted,0.25,3,3,GGTACTCTCTCTACCTCGTC,0,4402034
yadL_yadM_yadC_yadK_predicted,0.25,3,3,GGTACTCGTCGATGTCACTT,0,4384579
yadL_yadM_yadC_yadK_predicted,0.25,3,3,GGTACCTAGCGGGGTCGCTC,0,4373577
yadL_yadM_yadC_yadK_predicted,0.25,3,3,GGGTTGGTGTTATAGAAGTC,0,4380075
yadL_yadM_yadC_yadK_predicted,0.25,3,3,GGGTTATTCATCCAGTCTTT,0,4388944
yadL_yadM_yadC_yadK_predicted,0.25,3,3,GGGTTATGGAGCTTCTGCTA,0,4388093
yadL_yadM_yadC_yadK_predicted,0.25,3,3,GGGTGAGTCAGGGCACGCTA,0,4380535
yadL_yadM_yadC_yadK_predicted,0.25,3,3,GGGTCCCAAAAGTGACGTTC,0,4398411
yadL_yadM_yadC_yadK_predicted,0.25,3,3,GGGTAGTCGGCTGTGTAAAT,0,4383678
yadL_yadM_yadC_yadK_predicted,0.25,3,3,GGGGTTCACATATCGAGTGT,0,4393190
yadL_yadM_yadC_yadK_predicted,0.25,3,3,GGGGGGCCGGCACACTACAC,0,4399699
yadL_yadM_yadC_yadK_predicted,0.25,3,3,GGGGGCTCCGTGGGGGTCGG,0,4380039
yadL_yadM_yadC_yadK_predicted,0.25,3,3,GGGGATTGTTCTACGCGTCC,0,4370756
yadL_yadM_yadC_yadK_predicted,0.25,3,3,GGGGAGGCCACAAATCCCCT,0,4376922
yadL_yadM_yadC_yadK_predicted,0.25,3,3,GGGCGGATCAAAAGGGAACC,0,4382110
yadL_yadM_yadC_yadK_predicted,0.25,3,3,GGGCCGTTAGATAGTGTAGT,0,4399319
yadL_yadM_yadC_yadK_predicted,0.25,3,3,GGGCCAAACTCTCACGGGGC,0,4374141
yadL_yadM_yadC_yadK_predicted,0.25,3,3,GGGCACGTTACTCCCGCGGT,0,4388588
yadL_yadM_yadC_yadK_predicted,0.25,3,3,GGGATCGTCAAGGTAACAAT,0,4374704
yadL_yadM_yadC_yadK_predicted,0.25,3,3,GGGATCACGAAAGTACATCA,0,4374036
yadL_yadM_yadC_yadK_predicted,0.25,3,3,GGGAGCCAGTATTTCTGACT,0,4400396
yadL_yadM_yadC_yadK_predicted,0.25,3,3,GGGAAATTTCGCGCCTCTGT,0,4379766
yadL_yadM_yadC_yadK_predicted,0.25,3,3,GGCTTGTTCGCTCGAAGTGC,0,4381685
yadL_yadM_yadC_yadK_predicted,0.25,3,3,GGCTGAACTCACCGATCCTT,0,4385270
yadL_yadM_yadC_yadK_predicted,0.25,3,3,GGCTCGGGTAGGAATGGAAT,0,4397387
yadL_yadM_yadC_yadK_predicted,0.25,3,3,GGCGTGCATCCGGGGCGTAA,0,4385583
yadL_yadM_yadC_yadK_predicted,0.25,3,3,GGCGCTTCGATGCCCTCTGT,0,4391034
yadL_yadM_yadC_yadK_predicted,0.25,3,3,GGCGCGGTGACGCTTGGCGC,0,4375168
yadL_yadM_yadC_yadK_predicted,0.25,3,3,GGCATTAGGATTATAACAGG,0,4398307
yadL_yadM_yadC_yadK_predicted,0.25,3,3,GGCACAATTCTGATCTGGGT,0,4371464
yadL_yadM_yadC_yadK_predicted,0.25,3,3,GGATTATGGAGCCTGGTTTC,0,4385530
yadL_yadM_yadC_yadK_predicted,0.25,3,3,GGATGTCCTAAAAACTAAGG,0,4387293
yadL_yadM_yadC_yadK_predicted,0.25,3,3,GGATGCAGCTCTCAGGACAA,0,4400070
yadL_yadM_yadC_yadK_predicted,0.25,3,3,GGATCTAGTTGCAATACGGA,0,4399051
yadL_yadM_yadC_yadK_predicted,0.25,3,3,GGATCATCATAAGCGTTCCG,0,4391212
yadL_yadM_yadC_yadK_predicted,0.25,3,3,GGAGTTGTGGACAACGAATT,0,4396469
yadL_yadM_yadC_yadK_predicted,0.25,3,3,GGAGGGGTGGTCCAATGAGG,0,4373719
yadL_yadM_yadC_yadK_predicted,0.25,3,3,GGAGCGCATTGTTCGTACGA,0,4385529
yadL_yadM_yadC_yadK_predicted,0.25,3,3,GGAGCGAGGAACATACCTTT,0,4392591
yadL_yadM_yadC_yadK_predicted,0.25,3,3,GGACTAAGGGGGCGCAGGTC,0,4398067
yadL_yadM_yadC_yadK_predicted,0.25,3,3,GGACCTCTAGTCCACTGTGT,0,4378904
yadL_yadM_yadC_yadK_predicted,0.25,3,3,GGAATATGGCATGGACATAT,0,4395260
yadL_yadM_yadC_yadK_predicted,0.25,3,3,GGAACCAGTTTGCAATTGAG,0,4401305
yadL_yadM_yadC_yadK_predicted,0.25,3,3,GCTTTTTGAGTGCACTGTAA,0,4371033
yadL_yadM_yadC_yadK_predicted,0.25,3,3,GCTTTGTTTCCAGACTGGCG,0,4383309
yadL_yadM_yadC_yadK_predicted,0.25,3,3,GCTTCTTGTCGTTGCAGTGG,0,4375316
yadL_yadM_yadC_yadK_predicted,0.25,3,3,GCTTCGGGAAATGCTGGCAG,0,4393071
yadL_yadM_yadC_yadK_predicted,0.25,3,3,GCTGTTAGTAAGGCTTACAT,0,4396447
yadL_yadM_yadC_yadK_predicted,0.25,3,3,GCTGTGTACCTGTAGTCTTC,0,4381496
yadL_yadM_yadC_yadK_predicted,0.25,3,3,GCTGGTTTACAAATAAGGTA,0,4396058
yadL_yadM_yadC_yadK_predicted,0.25,3,3,GCTCTGCTGCTCGCTAAAGC,0,4393401
yadL_yadM_yadC_yadK_predicted,0.25,3,3,GCTCTACTCCGCCTTTTCGC,0,4381623
yadL_yadM_yadC_yadK_predicted,0.25,3,3,GCTCGGACACGAGTGGATTC,0,4371162
yadL_yadM_yadC_yadK_predicted,0.25,3,3,GCTCAGACTGTTGGGACGTA,0,4390706
yadL_yadM_yadC_yadK_predicted,0.25,3,3,GCTACGTGCAAAGAGGCTCC,0,4376458
yadL_yadM_yadC_yadK_predicted,0.25,3,3,GCTAATTGTTTTTCATATGT,0,4378367
yadL_yadM_yadC_yadK_predicted,0.25,3,3,GCGTCTATGGGGCATCGCGT,0,4374966
yadL_yadM_yadC_yadK_predicted,0.25,3,3,GCGTCCAGGAGGAACGTAGG,0,4396863
yadL_yadM_yadC_yadK_predicted,0.25,3,3,GCGTACATCTGGAATTATGT,0,4401645
yadL_yadM_yadC_yadK_predicted,0.25,3,3,GCGGGCCGCTCGTCTCGATT,0,4374412
yadL_yadM_yadC_yadK_predicted,0.25,3,3,GCGGATGTAACAATATGGTC,0,4375248
yadL_yadM_yadC_yadK_predicted,0.25,3,3,GCGCTTGTCAAGAGTAACCA,0,4386841
yadL_yadM_yadC_yadK_predicted,0.25,3,3,GCGCTAGAAGCACATCAATG,0,4372431
yadL_yadM_yadC_yadK_predicted,0.25,3,3,GCGCCCTCCCGCCTCTTCTT,0,4400123
yadL_yadM_yadC_yadK_predicted,0.25,3,3,GCGATGCTGCTGTTCCGGCC,0,4388047
yadL_yadM_yadC_yadK_predicted,0.25,3,3,GCGAACTTAGGTACACGCTC,0,4391805
yadL_yadM_yadC_yadK_predicted,0.25,3,3,GCCTGGCATTGTTATGGACG,0,4397236
yadL_yadM_yadC_yadK_predicted,0.25,3,3,GCCGTCTCCGATACCGAGAA,0,4397567
yadL_yadM_yadC_yadK_predicted,0.25,3,3,GCCGCCATCCGATCTCGGGG,0,4372556
yadL_yadM_yadC_yadK_predicted,0.25,3,3,GCCGACTGTGTATAGGCTAT,0,4377547
yadL_yadM_yadC_yadK_predicted,0.25,3,3,GCCCTGATCGGTAGCATGTG,0,4399553
yadL_yadM_yadC_yadK_predicted,0.25,3,3,GCCCACTCCCAGAAACGGCC,0,4377322
yadL_yadM_yadC_yadK_predicted,0.25,3,3,GCCATGCTTATACCAGCTTG,0,4388979
yadL_yadM_yadC_yadK_predicted,0.25,3,3,GCCATGACGTCCAACTCTAC,0,4399788
yadL_yadM_yadC_yadK_predicted,0.25,3,3,GCCATCGGTCTTATCCGGGT,0,4385498
yadL_yadM_yadC_yadK_predicted,0.25,3,3,GCCAGGATGTCACTACGGTA,0,4375358
yadL_yadM_yadC_yadK_predicted,0.25,3,3,GCCACGGTACTCGCGATCGC,0,4372780
yadL_yadM_yadC_yadK_predicted,0.25,3,3,GCATTTTTAAGGAATGGCAT,0,4390415
yadL_yadM_yadC_yadK_predicted,0.25,3,3,GCATGGTATACCGATGGCTC,0,4386340
yadL_yadM_yadC_yadK_predicted,0.25,3,3,GCATGACCGCGGAACACTGG,0,4372005
yadL_yadM_yadC_yadK_predicted,0.25,3,3,GCATCAATGGTTACTGGGGT,0,4387894
yadL_yadM_yadC_yadK_predicted,0.25,3,3,GCATATAAATTCAGACGATT,0,4376287
yadL_yadM_yadC_yadK_predicted,0.25,3,3,GCATAGTAGCTGGCCCAAGG,0,4383096
yadL_yadM_yadC_yadK_predicted,0.25,3,3,GCAGGGGACCCACGCGCTTG,0,4385604
yadL_yadM_yadC_yadK_predicted,0.25,3,3,GCAGCCCCGGCTTCATCCTA,0,4393606
yadL_yadM_yadC_yadK_predicted,0.25,3,3,GCACTCAATTGTAAGTAACG,0,4400725
yadL_yadM_yadC_yadK_predicted,0.25,3,3,GCACGATCCCGAGAATATGC,0,4380728
yadL_yadM_yadC_yadK_predicted,0.25,3,3,GCACCTTCATGTAAACGCCC,0,4402378
yadL_yadM_yadC_yadK_predicted,0.25,3,3,GCAAGACCAGACAACAGAAC,0,4392542
yadL_yadM_yadC_yadK_predicted,0.25,3,3,GCAAGAAAGTAGAGTAGTGC,0,4393527
yadL_yadM_yadC_yadK_predicted,0.25,3,3,GCAACTCATGTTCAATTACA,0,4372037
yadL_yadM_yadC_yadK_predicted,0.25,3,3,GCAACACCCCGATTAATGTG,0,4391233
yadL_yadM_yadC_yadK_predicted,0.25,3,3,GCAAATAGAGCATAGGTATT,0,4377872
yadL_yadM_yadC_yadK_predicted,0.25,3,3,GATTTCCACTGATTAGATGA,0,4374949
yadL_yadM_yadC_yadK_predicted,0.25,3,3,GATTGGGTATTAGTCTCAGC,0,4399596
yadL_yadM_yadC_yadK_predicted,0.25,3,3,GATTGGCCCTCTTCAGTGTA,0,4392838
yadL_yadM_yadC_yadK_predicted,0.25,3,3,GATTGAAGCATTCTGGTACA,0,4393578
yadL_yadM_yadC_yadK_predicted,0.25,3,3,GATGTTGCGACTATATCGTT,0,4387126
yadL_yadM_yadC_yadK_predicted,0.25,3,3,GATGGCCGAAAGTATCAGGC,0,4380079
yadL_yadM_yadC_yadK_predicted,0.25,3,3,GATGAATCAGACCTGTAGTC,0,4382538
yadL_yadM_yadC_yadK_predicted,0.25,3,3,GATCCCGCATTATATGGCGT,0,4398775
yadL_yadM_yadC_yadK_predicted,0.25,3,3,GATCCAGATTAGTAGTCATG,0,4378896
yadL_yadM_yadC_yadK_predicted,0.25,3,3,GAGTATGCCAATTATTAATT,0,4377423
yadL_yadM_yadC_yadK_predicted,0.25,3,3,GAGGTTTAGGTACCGCTCGA,0,4381199
yadL_yadM_yadC_yadK_predicted,0.25,3,3,GAGGTGAACGTATGGTTACT,0,4396102
yadL_yadM_yadC_yadK_predicted,0.25,3,3,GAGGGTGGTCTGTACGTAAC,0,4373228
yadL_yadM_yadC_yadK_predicted,0.25,3,3,GAGGATACAAGCCATCATAG,0,4379071
yadL_yadM_yadC_yadK_predicted,0.25,3,3,GAGCGCGCCGTTCAAACACA,0,4389794
yadL_yadM_yadC_yadK_predicted,0.25,3,3,GAGCACCCTGTATCATTTAT,0,4393845
yadL_yadM_yadC_yadK_predicted,0.25,3,3,GAGATCTGCACCCGCTAGTA,0,4382322
yadL_yadM_yadC_yadK_predicted,0.25,3,3,GACTTCTGGCCACTATGCCT,0,4402456
yadL_yadM_yadC_yadK_predicted,0.25,3,3,GACTCTTGGGTAGGCCGAAC,0,4380328
yadL_yadM_yadC_yadK_predicted,0.25,3,3,GACTCGTGAGTGCGATAGTC,0,4383600
yadL_yadM_yadC_yadK_predicted,0.25,3,3,GACGTGACGGGCGAGTTCGA,0,4375051
yadL_yadM_yadC_yadK_predicted,0.25,3,3,GACGGACGGAATGTTTTTAC,0,4388881
yadL_yadM_yadC_yadK_predicted,0.25,3,3,GACCTAGACTGGAGAACGCT,0,4371075
yadL_yadM_yadC_yadK_predicted,0.25,3,3,GACCGGAGTATAAGTGCTGA,0,4380062
yadL_yadM_yadC_yadK_predicted,0.25,3,3,GACCAAGTGTATGATAGGCC,0,4383870
yadL_yadM_yadC_yadK_predicted,0.25,3,3,GACACACGGTCTCCTATTTT,0,4399070
yadL_yadM_yadC_yadK_predicted,0.25,3,3,GACAACTAGATCCCCGCCCG,0,4375125
yadL_yadM_yadC_yadK_predicted,0.25,3,3,GAAGTGTTCAGCTTGGGTTG,0,4388570
yadL_yadM_yadC_yadK_predicted,0.25,3,3,GAAGTAACGATAATGCACAG,0,4399398
yadL_yadM_yadC_yadK_predicted,0.25,3,3,GAAGGGGACTATGTAGGCGA,0,4385023
yadL_yadM_yadC_yadK_predicted,0.25,3,3,GAAGCTGGGAACGTACAGCG,0,4384817
yadL_yadM_yadC_yadK_predicted,0.25,3,3,GAAGATGTATACCATTGGTC,0,4399400
yadL_yadM_yadC_yadK_predicted,0.25,3,3,GAAGATCACGTATTGTCGCC,0,4373347
yadL_yadM_yadC_yadK_predicted,0.25,3,3,GAAGAAGCTTCCTAGAGCAA,0,4386774
yadL_yadM_yadC_yadK_predicted,0.25,3,3,GAACGTAAATGCGACATAGA,0,4379588
yadL_yadM_yadC_yadK_predicted,0.25,3,3,GAACGGGGACGAAATTAGAA,0,4373362
yadL_yadM_yadC_yadK_predicted,0.25,3,3,GAAATTGGTCTTAGGATTAG,0,4390891
yadL_yadM_yadC_yadK_predicted,0.25,3,3,GAAAGTGTTCAAAAGGGGTC,0,4398840
yadL_yadM_yadC_yadK_predicted,0.25,3,3,GAAAGACGTTAGCTACCCTC,0,4385078
yadL_yadM_yadC_yadK_predicted,0.25,3,3,GAAAAAAAGCACACGCACAA,0,4386123
yadL_yadM_yadC_yadK_predicted,0.25,3,3,CTTTTAATCAGTGCATTTAT,0,4393841
yadL_yadM_yadC_yadK_predicted,0.25,3,3,CTTTGCACCTACCGTTTATA,0,4399045
yadL_yadM_yadC_yadK_predicted,0.25,3,3,CTTTCGTGAGTAACGTGTGT,0,4381131
yadL_yadM_yadC_yadK_predicted,0.25,3,3,CTTGTGATCCGGATGGGGAA,0,4391466
yadL_yadM_yadC_yadK_predicted,0.25,3,3,CTTGTCCGTACGTTATTATA,0,4389693
yadL_yadM_yadC_yadK_predicted,0.25,3,3,CTTGCGCGGTGAAAATTGCC,0,4399248
yadL_yadM_yadC_yadK_predicted,0.25,3,3,CTTGCGCACCCTTAGCAGAG,0,4386772
yadL_yadM_yadC_yadK_predicted,0.25,3,3,CTTGATACCGATTTATTCGC,0,4375496
yadL_yadM_yadC_yadK_predicted,0.25,3,3,CTTGACGCAAAAAACCAGAT,0,4396919
yadL_yadM_yadC_yadK_predicted,0.25,3,3,CTTCGAGTGGGGTTAGAGTG,0,4387258
yadL_yadM_yadC_yadK_predicted,0.25,3,3,CTTCCTTTCTAAGGGGGATA,0,4372526
yadL_yadM_yadC_yadK_predicted,0.25,3,3,CTGTTAGGTCCGGAACGCGA,0,4399287
yadL_yadM_yadC_yadK_predicted,0.25,3,3,CTGTAGTGTGCTATAGACGT,0,4371825
yadL_yadM_yadC_yadK_predicted,0.25,3,3,CTGGTATCCTGCGGTTAATC,0,4387841
yadL_yadM_yadC_yadK_predicted,0.25,3,3,CTGGGGCTAAGTGTGGCCTA,0,4388009
yadL_yadM_yadC_yadK_predicted,0.25,3,3,CTGGGCACGCCGAGAGTACT,0,4392038
yadL_yadM_yadC_yadK_predicted,0.25,3,3,CTGGATCTGACGCAGGTCTT,0,4377945
yadL_yadM_yadC_yadK_predicted,0.25,3,3,CTGCGCTATTGCCAGTGGAC,0,4388837
yadL_yadM_yadC_yadK_predicted,0.25,3,3,CTGCGCACAGGCCACATGCT,0,4402206
yadL_yadM_yadC_yadK_predicted,0.25,3,3,CTGCATAGGATAGTCCGGTT,0,4391751
yadL_yadM_yadC_yadK_predicted,0.25,3,3,CTGCAAGTTTTGATGATTAC,0,4378156
yadL_yadM_yadC_yadK_predicted,0.25,3,3,CTGACGTGTTGTTGGGAGCA,0,4377888
yadL_yadM_yadC_yadK_predicted,0.25,3,3,CTCGTCGATGGAGTATAATT,0,4393039
yadL_yadM_yadC_yadK_predicted,0.25,3,3,CTCGGAATCTAGCGGGAAGA,0,4388773
yadL_yadM_yadC_yadK_predicted,0.25,3,3,CTCCGTTAAGACGGGATGTA,0,4377342
yadL_yadM_yadC_yadK_predicted,0.25,3,3,CTCCCTTAGCAAGTGGCAAC,0,4401333
yadL_yadM_yadC_yadK_predicted,0.25,3,3,CTCCCCTGCACCACTGTCTG,0,4386539
yadL_yadM_yadC_yadK_predicted,0.25,3,3,CTCATTAAAGTGAGCTAGGA,0,4373011
yadL_yadM_yadC_yadK_predicted,0.25,3,3,CTCATACAACTTTCACTGTT,0,4377180
yadL_yadM_yadC_yadK_predicted,0.25,3,3,CTCAGTGCAGCCGTCGTAAA,0,4385417
yadL_yadM_yadC_yadK_predicted,0.25,3,3,CTCAATGTTCTATTCAAAGC,0,4376554
yadL_yadM_yadC_yadK_predicted,0.25,3,3,CTATGTTCTCAGTGTACAAG,0,4384885
yadL_yadM_yadC_yadK_predicted,0.25,3,3,CTATCGGGCCGGGATTCTTT,0,4394291
yadL_yadM_yadC_yadK_predicted,0.25,3,3,CTATCAACGGAACGCCCCTC,0,4393216
yadL_yadM_yadC_yadK_predicted,0.25,3,3,CTAGTCGGTTCTGCCTCTAG,0,4399479
yadL_yadM_yadC_yadK_predicted,0.25,3,3,CTAGGCCGTCGGTGTGTGGG,0,4373221
yadL_yadM_yadC_yadK_predicted,0.25,3,3,CTACCAGTGATACTGTATCA,0,4393609
yadL_yadM_yadC_yadK_predicted,0.25,3,3,CTAACTTACTGAAGTGAGGG,0,4388248
yadL_yadM_yadC_yadK_predicted,0.25,3,3,CGTTCGGCCTTTCCATCTTA,0,4372731
yadL_yadM_yadC_yadK_predicted,0.25,3,3,CGTTATATTTACCGCTTAGT,0,4381099
yadL_yadM_yadC_yadK_predicted,0.25,3,3,CGTTAGCCAGCCGCGGTTCC,0,4391914
yadL_yadM_yadC_yadK_predicted,0.25,3,3,CGTGGAGAATCTTATTGAGG,0,4402467
yadL_yadM_yadC_yadK_predicted,0.25,3,3,CGTGGAAGCATAATTTTGAA,0,4398402
yadL_yadM_yadC_yadK_predicted,0.25,3,3,CGTCTCCAAAATGAGCGGAT,0,4401375
yadL_yadM_yadC_yadK_predicted,0.25,3,3,CGTCCCCAGTCGAGTCTATG,0,4383685
yadL_yadM_yadC_yadK_predicted,0.25,3,3,CGTCCAAGCACGCATCTAAC,0,4398109
yadL_yadM_yadC_yadK_predicted,0.25,3,3,CGTCAGTGCTTGGGCCTCTA,0,4398844
yadL_yadM_yadC_yadK_predicted,0.25,3,3,CGTATTGCCGTGTGTAAGAA,0,4401092
yadL_yadM_yadC_yadK_predicted,0.25,3,3,CGTACTAATAACGCGGAGCA,0,4399735
yadL_yadM_yadC_yadK_predicted,0.25,3,3,CGTACGAAGATTAAACACCA,0,4398852
yadL_yadM_yadC_yadK_predicted,0.25,3,3,CGTACAGCTCGGTTGTGTCC,0,4386742
yadL_yadM_yadC_yadK_predicted,0.25,3,3,CGTAACGTGGCGGCACAGCG,0,4376045
yadL_yadM_yadC_yadK_predicted,0.25,3,3,CGGTGCCAGTTACCTCTGAA,0,4377108
yadL_yadM_yadC_yadK_predicted,0.25,3,3,CGGTATCGGTCGTAAGGTCT,0,4384310
yadL_yadM_yadC_yadK_predicted,0.25,3,3,CGGTACTCACCTATGTTGCT,0,4373962
yadL_yadM_yadC_yadK_predicted,0.25,3,3,CGGGTAGCAGGGCTTACCTC,0,4393323
yadL_yadM_yadC_yadK_predicted,0.25,3,3,CGGGACGTAGGGCGTTCTAA,0,4394785
yadL_yadM_yadC_yadK_predicted,0.25,3,3,CGGGAAGATTAATTTACCGA,0,4400352
yadL_yadM_yadC_yadK_predicted,0.25,3,3,CGGCACTCGCATCACGTCTC,0,4388554
yadL_yadM_yadC_yadK_predicted,0.25,3,3,CGGAGTCCGGGACAGCCTGC,0,4400939
yadL_yadM_yadC_yadK_predicted,0.25,3,3,CGGACTCCGCTTTAGAGATT,0,4400603
yadL_yadM_yadC_yadK_predicted,0.25,3,3,CGGACGCAAACCCTCTGACT,0,4379503
yadL_yadM_yadC_yadK_predicted,0.25,3,3,CGGACGACCGCAAAGCGGTA,0,4385431
yadL_yadM_yadC_yadK_predicted,0.25,3,3,CGGAACAGGAGACCAGAGAC,0,4383631
yadL_yadM_yadC_yadK_predicted,0.25,3,3,CGGAACACGGGTTTAACTGT,0,4383160
yadL_yadM_yadC_yadK_predicted,0.25,3,3,CGGAAACATATAGGAGTCCC,0,4396413
yadL_yadM_yadC_yadK_predicted,0.25,3,3,CGCTTGGTCTCCTGAAGAAG,0,4379394
yadL_yadM_yadC_yadK_predicted,0.25,3,3,CGCTTGGGTGTCACAGACTG,0,4384660
yadL_yadM_yadC_yadK_predicted,0.25,3,3,CGCTATACGTGTGGGTGTGG,0,4394506
yadL_yadM_yadC_yadK_predicted,0.25,3,3,CGCGGTGCGCGTTATGTATA,0,4392356
yadL_yadM_yadC_yadK_predicted,0.25,3,3,CGCCTATTCTCCTAGAATGG,0,4395854
yadL_yadM_yadC_yadK_predicted,0.25,3,3,CGCCGTCGATCGCAGTGTGA,0,4377021
yadL_yadM_yadC_yadK_predicted,0.25,3,3,CGCCGGGCTCATAGTGCATA,0,4392873
yadL_yadM_yadC_yadK_predicted,0.25,3,3,CGCCGGAAAGTGTAGAGAGT,0,4388073
yadL_yadM_yadC_yadK_predicted,0.25,3,3,CGCCCGGGTTGGCGTCAAGT,0,4393440
yadL_yadM_yadC_yadK_predicted,0.25,3,3,CGCATAGATGCAGGCGTTTA,0,4396652
yadL_yadM_yadC_yadK_predicted,0.25,3,3,CGCAGTAATCTGTGTGGCAG,0,4376057
yadL_yadM_yadC_yadK_predicted,0.25,3,3,CGCACTAACGCCAATGTTAT,0,4393166
yadL_yadM_yadC_yadK_predicted,0.25,3,3,CGCACGGATATCGTGCGACT,0,4381751
yadL_yadM_yadC_yadK_predicted,0.25,3,3,CGCAAGTGCGCATCTGGGGG,0,4394974
yadL_yadM_yadC_yadK_predicted,0.25,3,3,CGCAACGAGGAGGCAATGCG,0,4382958
yadL_yadM_yadC_yadK_predicted,0.25,3,3,CGATTAAGCTCTGCCACCCC,0,4376952
yadL_yadM_yadC_yadK_predicted,0.25,3,3,CGATGTTAAGTGCCGATGGA,0,4381321
yadL_yadM_yadC_yadK_predicted,0.25,3,3,CGATGCAAGATCAGATGTGG,0,4391596
yadL_yadM_yadC_yadK_predicted,0.25,3,3,CGAGGGTGGCTGTGGGAAAC,0,4371106
yadL_yadM_yadC_yadK_predicted,0.25,3,3,CGACATTATCCGCCATGAAG,0,4380559
yadL_yadM_yadC_yadK_predicted,0.25,3,3,CGACAACGGGGATTCTCTGC,0,4394140
yadL_yadM_yadC_yadK_predicted,0.25,3,3,CGAATGCAGACCTCGTGGTG,0,4402516
yadL_yadM_yadC_yadK_predicted,0.25,3,3,CGAACTTACTGCAATGGTCA,0,4377808
yadL_yadM_yadC_yadK_predicted,0.25,3,3,CGAACCTTCACGCGGTCCCA,0,4401378
yadL_yadM_yadC_yadK_predicted,0.25,3,3,CGAACCTTATTGAATTGCGC,0,4397777
yadL_yadM_yadC_yadK_predicted,0.25,3,3,CCTTTGGCTGCCAAAGAGCA,0,4389657
yadL_yadM_yadC_yadK_predicted,0.25,3,3,CCTTGTGCACCCACTCGCCT,0,4385145
yadL_yadM_yadC_yadK_predicted,0.25,3,3,CCTTCGGGCCGATTGTCATA,0,4387355
yadL_yadM_yadC_yadK_predicted,0.25,3,3,CCTTCGGCATCAAGCAGGCG,0,4401801
yadL_yadM_yadC_yadK_predicted,0.25,3,3,CCTTAAGCAGGACCGGTGCC,0,4384615
yadL_yadM_yadC_yadK_predicted,0.25,3,3,CCTGGTAAGCAGAGGCGGAC,0,4379948
yadL_yadM_yadC_yadK_predicted,0.25,3,3,CCTGGCGTCCAGAATAGCTG,0,4398512
yadL_yadM_yadC_yadK_predicted,0.25,3,3,CCTGAGCAGCTTTAACGAAG,0,4402487
yadL_yadM_yadC_yadK_predicted,0.25,3,3,CCTCTGTACGCGGATCGCGG,0,4401869
yadL_yadM_yadC_yadK_predicted,0.25,3,3,CCTCTCGGCTGTGTGCTTAT,0,4391244
yadL_yadM_yadC_yadK_predicted,0.25,3,3,CCTAGAGTTTTAACGGTTAT,0,4388371
yadL_yadM_yadC_yadK_predicted,0.25,3,3,CCTACGTCATCACTGCCAAC,0,4388165
yadL_yadM_yadC_yadK_predicted,0.25,3,3,CCTAACCCTTATGGGTTCAT,0,4375092
yadL_yadM_yadC_yadK_predicted,0.25,3,3,CCGTGGAGGACTACCGCAAC,0,4402356
yadL_yadM_yadC_yadK_predicted,0.25,3,3,CCGTCTTTGGGTTCCAGTCG,0,4386638
yadL_yadM_yadC_yadK_predicted,0.25,3,3,CCGTCTAGTAGATCAGTACA,0,4390399
yadL_yadM_yadC_yadK_predicted,0.25,3,3,CCGGTTGTGTTGTGGTCGGG,0,4400525
yadL_yadM_yadC_yadK_predicted,0.25,3,3,CCGGTGGCCGTGGACCGACA,0,4371610
yadL_yadM_yadC_yadK_predicted,0.25,3,3,CCGGATCGATCTTCGCTAAA,0,4395595
yadL_yadM_yadC_yadK_predicted,0.25,3,3,CCGGAACAGGCCTAGTATGG,0,4394429
yadL_yadM_yadC_yadK_predicted,0.25,3,3,CCGCTTACTGCCTGTACAAA,0,4402077
yadL_yadM_yadC_yadK_predicted,0.25,3,3,CCGCGTTATTGACCATTTGG,0,4396314
yadL_yadM_yadC_yadK_predicted,0.25,3,3,CCGCACCGCTAGGGGTCCAG,0,4392135
yadL_yadM_yadC_yadK_predicted,0.25,3,3,CCGAGGCGCTGGGGCAGTTG,0,4392382
yadL_yadM_yadC_yadK_predicted,0.25,3,3,CCGAGCAGTTCGTGGTATTG,0,4390685
yadL_yadM_yadC_yadK_predicted,0.25,3,3,CCGACTACCTAATTCTGATA,0,4392710
yadL_yadM_yadC_yadK_predicted,0.25,3,3,CCGAAAATTACTGTGGGGTA,0,4373855
yadL_yadM_yadC_yadK_predicted,0.25,3,3,CCCTTCGTTTGACCGTGCAT,0,4383897
yadL_yadM_yadC_yadK_predicted,0.25,3,3,CCCTTCCCAGAATTAGTAGT,0,4379507
yadL_yadM_yadC_yadK_predicted,0.25,3,3,CCCTCGTTGTCCAGGACAAC,0,4373332
yadL_yadM_yadC_yadK_predicted,0.25,3,3,CCCGTGGTACCGGACCGAGG,0,4399317
yadL_yadM_yadC_yadK_predicted,0.25,3,3,CCCGGCCTTTCGTTTTGTTA,0,4383140
yadL_yadM_yadC_yadK_predicted,0.25,3,3,CCCGCGTTACAGCAGTATCC,0,4401647
yadL_yadM_yadC_yadK_predicted,0.25,3,3,CCCGCCCCAAGCGTAACAGT,0,4392326
yadL_yadM_yadC_yadK_predicted,0.25,3,3,CCCCTTGGAGGTTTATGAGT,0,4381012
yadL_yadM_yadC_yadK_predicted,0.25,3,3,CCCCGCGGTCGATCCGGGCG,0,4374093
yadL_yadM_yadC_yadK_predicted,0.25,3,3,CCCCGAGCTCGGAGAATAAT,0,4398497
yadL_yadM_yadC_yadK_predicted,0.25,3,3,CCCCCGGACCCTGCACACCC,0,4388545
yadL_yadM_yadC_yadK_predicted,0.25,3,3,CCCACCCGACGGTGCCTAGG,0,4394122
yadL_yadM_yadC_yadK_predicted,0.25,3,3,CCATTCTTGGAAAGGTCATA,0,4388397
yadL_yadM_yadC_yadK_predicted,0.25,3,3,CCATGGAGTTCTTCATTGGG,0,4391068
yadL_yadM_yadC_yadK_predicted,0.25,3,3,CCATGCGTTCTTGCATGATC,0,4391674
yadL_yadM_yadC_yadK_predicted,0.25,3,3,CCATCAGTTCCTGCCCCTGC,0,4379175
yadL_yadM_yadC_yadK_predicted,0.25,3,3,CCAGTCGTGTGGCCGAAGAT,0,4387917
yadL_yadM_yadC_yadK_predicted,0.25,3,3,CCAGTACGTTCTTACTCGAC,0,4396554
yadL_yadM_yadC_yadK_predicted,0.25,3,3,CCAGCACCAGACATATTGGT,0,4388911
yadL_yadM_yadC_yadK_predicted,0.25,3,3,CCACTGGCCGTGCATAAACT,0,4401447
yadL_yadM_yadC_yadK_predicted,0.25,3,3,CCACGCCTAGTCATTTTAGA,0,4383836
yadL_yadM_yadC_yadK_predicted,0.25,3,3,CCACGAATACGCATTGTATC,0,4372065
yadL_yadM_yadC_yadK_predicted,0.25,3,3,CCACCCATTCTCGCAATTAG,0,4394512
yadL_yadM_yadC_yadK_predicted,0.25,3,3,CCACAGCACAGAGGAGCATA,0,4385213
yadL_yadM_yadC_yadK_predicted,0.25,3,3,CCACAGAGAACGAGATGATT,0,4377571
yadL_yadM_yadC_yadK_predicted,0.25,3,3,CCACACGAGATCGCAATGTT,0,4397722
yadL_yadM_yadC_yadK_predicted,0.25,3,3,CCAATCTTCCTCACTTCGCG,0,4379009
yadL_yadM_yadC_yadK_predicted,0.25,3,3,CCAATAGGATAGGTCAACTG,0,4376086
yadL_yadM_yadC_yadK_predicted,0.25,3,3,CCAAGCTATGTCTATTCGAT,0,4395173
yadL_yadM_yadC_yadK_predicted,0.25,3,3,CCAAAACGAGATAATATCGT,0,4372443
yadL_yadM_yadC_yadK_predicted,0.25,3,3,CATTGGGGGTACCATGCTGG,0,4381729
yadL_yadM_yadC_yadK_predicted,0.25,3,3,CATTCCATACTATAACACTG,0,4389702
yadL_yadM_yadC_yadK_predicted,0.25,3,3,CATTAACAGGTAGGCCTCGT,0,4385992
yadL_yadM_yadC_yadK_predicted,0.25,3,3,CATGTGTTTCAAACAAATAG,0,4379778
yadL_yadM_yadC_yadK_predicted,0.25,3,3,CATGATCAATGGAAGCGGTA,0,4371558
yadL_yadM_yadC_yadK_predicted,0.25,3,3,CATCTGAGGTGTGTGAACGT,0,4398482
yadL_yadM_yadC_yadK_predicted,0.25,3,3,CATCGGTCTGGCATCGAGTA,0,4381034
yadL_yadM_yadC_yadK_predicted,0.25,3,3,CATATTTAGGCAGAGCGTAA,0,4381369
yadL_yadM_yadC_yadK_predicted,0.25,3,3,CATATGGTTTATGGAACGTA,0,4377038
yadL_yadM_yadC_yadK_predicted,0.25,3,3,CATACATGTCCCGATGATTT,0,4380514
yadL_yadM_yadC_yadK_predicted,0.25,3,3,CATACACACGCTTACCTGCT,0,4385654
yadL_yadM_yadC_yadK_predicted,0.25,3,3,CAGTTATTTGATTGCGAGGT,0,4391836
yadL_yadM_yadC_yadK_predicted,0.25,3,3,CAGTTATCCTTACGCGCATG,0,4390692
yadL_yadM_yadC_yadK_predicted,0.25,3,3,CAGTAAGACCTTACGAATAG,0,4402430
yadL_yadM_yadC_yadK_predicted,0.25,3,3,CAGCTTATTGACATCAATTC,0,4371855
yadL_yadM_yadC_yadK_predicted,0.25,3,3,CAGCGGTACGCCCTCTTATA,0,4402102
yadL_yadM_yadC_yadK_predicted,0.25,3,3,CAGATATTCGTCGATTCGGT,0,4377883
yadL_yadM_yadC_yadK_predicted,0.25,3,3,CAGAGTTACGCCGGGAAAAA,0,4381190
yadL_yadM_yadC_yadK_predicted,0.25,3,3,CAGAGACAGGCCCGAGGACA,0,4389451
yadL_yadM_yadC_yadK_predicted,0.25,3,3,CAGACTGTACTGTAGGCTAC,0,4396632
yadL_yadM_yadC_yadK_predicted,0.25,3,3,CACTGGTTAGCTCTACATTT,0,4388620
yadL_yadM_yadC_yadK_predicted,0.25,3,3,CACGTGACAGAATGGTCAGG,0,4382152
yadL_yadM_yadC_yadK_predicted,0.25,3,3,CACGATCCATGAGTGTCGTC,0,4374440
yadL_yadM_yadC_yadK_predicted,0.25,3,3,CACCTGTGTTCGACCCATTT,0,4389568
yadL_yadM_yadC_yadK_predicted,0.25,3,3,CACCTGTATTAATTCAGGGC,0,4400784
yadL_yadM_yadC_yadK_predicted,0.25,3,3,CACCTCGGTATCCCAGTAAC,0,4376334
yadL_yadM_yadC_yadK_predicted,0.25,3,3,CACCAGTTAAAGCTCCGTGT,0,4399099
yadL_yadM_yadC_yadK_predicted,0.25,3,3,CACCAGTCTGGGACCTTGCT,0,4376065
yadL_yadM_yadC_yadK_predicted,0.25,3,3,CACACGGACATTAGGACATG,0,4382926
yadL_yadM_yadC_yadK_predicted,0.25,3,3,CACAACGCGGAGAGAGTGTG,0,4381888
yadL_yadM_yadC_yadK_predicted,0.25,3,3,CAATTGCCATCTTCGTGATT,0,4373189
yadL_yadM_yadC_yadK_predicted,0.25,3,3,CAATAGCCAAGTTGACGATA,0,4401484
yadL_yadM_yadC_yadK_predicted,0.25,3,3,CAAGGATAGAACCTTTCGGT,0,4376928
yadL_yadM_yadC_yadK_predicted,0.25,3,3,CAAGAGGATTGATGCTCCGT,0,4389006
yadL_yadM_yadC_yadK_predicted,0.25,3,3,CAACTGAACGAATTGACGAT,0,4385702
yadL_yadM_yadC_yadK_predicted,0.25,3,3,CAACTCCATTCAAGCACAAG,0,4384369
yadL_yadM_yadC_yadK_predicted,0.25,3,3,CAACATTGCAATCAAGGCCA,0,4399590
yadL_yadM_yadC_yadK_predicted,0.25,3,3,CAACAACTTCCGTAACCAGT,0,4398116
yadL_yadM_yadC_yadK_predicted,0.25,3,3,CAACAACGGCAGTTAAGTGA,0,4376777
yadL_yadM_yadC_yadK_predicted,0.25,3,3,CAAAGCGTAAATCTTATTAA,0,4388391
yadL_yadM_yadC_yadK_predicted,0.25,3,3,ATTTTCCGTACCAGGATAGT,0,4394029
yadL_yadM_yadC_yadK_predicted,0.25,3,3,ATTTTAGTTAGGTATTGCTT,0,4378998
yadL_yadM_yadC_yadK_predicted,0.25,3,3,ATTTTAGGGTGCGACAAAAC,0,4395936
yadL_yadM_yadC_yadK_predicted,0.25,3,3,ATTTCCTTCACCTAACATTG,0,4378046
yadL_yadM_yadC_yadK_predicted,0.25,3,3,ATTTCATGGAGTTAAGCATC,0,4370363
yadL_yadM_yadC_yadK_predicted,0.25,3,3,ATTGTTTTGCGAGGCGCGAT,0,4373091
yadL_yadM_yadC_yadK_predicted,0.25,3,3,ATTGTTGGTCATAAAAAGAT,0,4389126
yadL_yadM_yadC_yadK_predicted,0.25,3,3,ATTGCTTGCAAAAACAGTTT,0,4401405
yadL_yadM_yadC_yadK_predicted,0.25,3,3,ATTGCTGTACTGGGGCGTGA,0,4393404
yadL_yadM_yadC_yadK_predicted,0.25,3,3,ATTGAGTCTCCCTCGAACTT,0,4391697
yadL_yadM_yadC_yadK_predicted,0.25,3,3,ATTCTTCTGCTGAGACGATC,0,4381309
yadL_yadM_yadC_yadK_predicted,0.25,3,3,ATTATACGAGTCATGAACCG,0,4383266
yadL_yadM_yadC_yadK_predicted,0.25,3,3,ATTAGTTAGGGTCTGAATCA,0,4402295
yadL_yadM_yadC_yadK_predicted,0.25,3,3,ATTAATTTGAATGGTATGCC,0,4398656
yadL_yadM_yadC_yadK_predicted,0.25,3,3,ATGTTTGATGCTGTGGACAC,0,4384963
yadL_yadM_yadC_yadK_predicted,0.25,3,3,ATGTGGCTGGGTCCCCCGGC,0,4380492
yadL_yadM_yadC_yadK_predicted,0.25,3,3,ATGTGATCGCAGTGGTGCAA,0,4389474
yadL_yadM_yadC_yadK_predicted,0.25,3,3,ATGTGATCCAGTACTGCGTG,0,4398653
yadL_yadM_yadC_yadK_predicted,0.25,3,3,ATGTGATACCTAGCTCCTTT,0,4371743
yadL_yadM_yadC_yadK_predicted,0.25,3,3,ATGTCCGTTCCCACCACTAT,0,4386967
yadL_yadM_yadC_yadK_predicted,0.25,3,3,ATGTAGGCTCTCTTCCTGCC,0,4393979
yadL_yadM_yadC_yadK_predicted,0.25,3,3,ATGGATACTGTTCGTTCCAT,0,4393342
yadL_yadM_yadC_yadK_predicted,0.25,3,3,ATGCGTTATCATCCCACCTC,0,4378450
yadL_yadM_yadC_yadK_predicted,0.25,3,3,ATGCCCTTAGGACCTCGAAG,0,4379481
yadL_yadM_yadC_yadK_predicted,0.25,3,3,ATGCACGGTATTTTATGACA,0,4377987
yadL_yadM_yadC_yadK_predicted,0.25,3,3,ATGAGTGGGGGGTAATTCTC,0,4396083
yadL_yadM_yadC_yadK_predicted,0.25,3,3,ATGAGCGCGCGAACGTTTTA,0,4397012
yadL_yadM_yadC_yadK_predicted,0.25,3,3,ATGAGCAGCATCAGCTATGA,0,4385187
yadL_yadM_yadC_yadK_predicted,0.25,3,3,ATGAGAGTCACATCGTTGCG,0,4382612
yadL_yadM_yadC_yadK_predicted,0.25,3,3,ATGAATAGTAATATCTGATT,0,4384920
yadL_yadM_yadC_yadK_predicted,0.25,3,3,ATCTTGATGTCTTATTTGTT,0,4390890
yadL_yadM_yadC_yadK_predicted,0.25,3,3,ATCTTCTCGTCGCCTATTAC,0,4395136
yadL_yadM_yadC_yadK_predicted,0.25,3,3,ATCTACTTGAGCCATATTTG,0,4393309
yadL_yadM_yadC_yadK_predicted,0.25,3,3,ATCGTTAGCCCGATACAACA,0,4385458
yadL_yadM_yadC_yadK_predicted,0.25,3,3,ATCGTAACTACTCTTTTCTC,0,4383762
yadL_yadM_yadC_yadK_predicted,0.25,3,3,ATCGGACTGCCAAAGTTTGT,0,4378361
yadL_yadM_yadC_yadK_predicted,0.25,3,3,ATCGATACCTTAAATGTAAC,0,4396008
yadL_yadM_yadC_yadK_predicted,0.25,3,3,ATCGACAACTTTTAAAAACG,0,4396599
yadL_yadM_yadC_yadK_predicted,0.25,3,3,ATCCTAGCTGCGCTGGAAGG,0,4387577
yadL_yadM_yadC_yadK_predicted,0.25,3,3,ATCCTAAATTTACCCAGGGG,0,4374134
yadL_yadM_yadC_yadK_predicted,0.25,3,3,ATCATACCCCCGGAAAGTGC,0,4375675
yadL_yadM_yadC_yadK_predicted,0.25,3,3,ATCATAAAGACACTAAGTCC,0,4371389
yadL_yadM_yadC_yadK_predicted,0.25,3,3,ATCAGTACGAAACGGCTCTC,0,4390651
yadL_yadM_yadC_yadK_predicted,0.25,3,3,ATCAGGCGCAGGTACCTGCA,0,4393347
yadL_yadM_yadC_yadK_predicted,0.25,3,3,ATCAATTTCAAGAGATTTGT,0,4378813
yadL_yadM_yadC_yadK_predicted,0.25,3,3,ATCAATTCGGAACTTTGCGA,0,4381054
yadL_yadM_yadC_yadK_predicted,0.25,3,3,ATATGTCGCGCTGGCGAGCC,0,4397901
yadL_yadM_yadC_yadK_predicted,0.25,3,3,ATATCTGTGTGCACACGGGG,0,4394659
yadL_yadM_yadC_yadK_predicted,0.25,3,3,ATATACCTTCTTGACAGATT,0,4384848
yadL_yadM_yadC_yadK_predicted,0.25,3,3,ATAGTGCTTGGGGGGCGCGA,0,4382003
yadL_yadM_yadC_yadK_predicted,0.25,3,3,ATAGCACGCGCGGGGCACGC,0,4399278
yadL_yadM_yadC_yadK_predicted,0.25,3,3,ATAGAACATCCTAATTACCT,0,4388136
yadL_yadM_yadC_yadK_predicted,0.25,3,3,ATACCGCAGTGTCAGAATAA,0,4372378
yadL_yadM_yadC_yadK_predicted,0.25,3,3,ATACAATTCATGGGGGCTCG,0,4386639
yadL_yadM_yadC_yadK_predicted,0.25,3,3,ATAATTCCACGGCTTTACCA,0,4381025
yadL_yadM_yadC_yadK_predicted,0.25,3,3,ATAAATCCACCACCGGCAGG,0,4392052
yadL_yadM_yadC_yadK_predicted,0.25,3,3,ATAAACTATAAACCAGGCTC,0,4393226
yadL_yadM_yadC_yadK_predicted,0.25,3,3,AGTTTGACCTGCAATCGCGC,0,4389790
yadL_yadM_yadC_yadK_predicted,0.25,3,3,AGTTGGTACTTGACAGCCCG,0,4379066
yadL_yadM_yadC_yadK_predicted,0.25,3,3,AGTTGATCTGCTGTAGGCTA,0,4381245
yadL_yadM_yadC_yadK_predicted,0.25,3,3,AGTCCCACTAGCTTCTGATC,0,4374429
yadL_yadM_yadC_yadK_predicted,0.25,3,3,AGTCACCGGATCAGGTCATA,0,4388575
yadL_yadM_yadC_yadK_predicted,0.25,3,3,AGTAGCTTGTCTTAGTCACA,0,4387859
yadL_yadM_yadC_yadK_predicted,0.25,3,3,AGTACTGAGGCGGTCGAGAA,0,4387736
yadL_yadM_yadC_yadK_predicted,0.25,3,3,AGTACAACCTTCTTGGTGTA,0,4401400
yadL_yadM_yadC_yadK_predicted,0.25,3,3,AGGTTCCAATCGTGCCACTG,0,4370523
yadL_yadM_yadC_yadK_predicted,0.25,3,3,AGGTGCAAACACAGGTTTTA,0,4385093
yadL_yadM_yadC_yadK_predicted,0.25,3,3,AGGTCTTAACTTCGAGCTTA,0,4371276
yadL_yadM_yadC_yadK_predicted,0.25,3,3,AGGTCTATAAGTACAGTCCG,0,4396849
yadL_yadM_yadC_yadK_predicted,0.25,3,3,AGGCCGAATCTGTGTTTCCT,0,4399917
yadL_yadM_yadC_yadK_predicted,0.25,3,3,AGGCCCTAGGAGACAGGTTT,0,4378747
yadL_yadM_yadC_yadK_predicted,0.25,3,3,AGGATGGCGCACATCGAGCC,0,4381591
yadL_yadM_yadC_yadK_predicted,0.25,3,3,AGGATCCAGCCCGCAATTCA,0,4381508
yadL_yadM_yadC_yadK_predicted,0.25,3,3,AGGAGGTTAGCGAACCACGC,0,4383623
yadL_yadM_yadC_yadK_predicted,0.25,3,3,AGCTTTACAGTGTGGTCAAT,0,4382803
yadL_yadM_yadC_yadK_predicted,0.25,3,3,AGCTGCGCTAAGAAATCCGC,0,4399482
yadL_yadM_yadC_yadK_predicted,0.25,3,3,AGCTGACCCGGGCCACCACT,0,4375676
yadL_yadM_yadC_yadK_predicted,0.25,3,3,AGCTATGGTTGCAATAAGTG,0,4381913
yadL_yadM_yadC_yadK_predicted,0.25,3,3,AGCGGGTCAGTTGAGCTCTG,0,4372312
yadL_yadM_yadC_yadK_predicted,0.25,3,3,AGCGGCGAGCGGCACTAATT,0,4378322
yadL_yadM_yadC_yadK_predicted,0.25,3,3,AGCGCTTACTGTTAGTACCG,0,4389459
yadL_yadM_yadC_yadK_predicted,0.25,3,3,AGCCCCAGGAAACTCTATAA,0,4388968
yadL_yadM_yadC_yadK_predicted,0.25,3,3,AGCAGGAAAAAGGAAGTGCC,0,4375779
yadL_yadM_yadC_yadK_predicted,0.25,3,3,AGCAATACTTGTGGGTCTCC,0,4397716
yadL_yadM_yadC_yadK_predicted,0.25,3,3,AGATCTTTTGCATGATGGCT,0,4393500
yadL_yadM_yadC_yadK_predicted,0.25,3,3,AGAGTCGGCGTTTAATAGCA,0,4392884
yadL_yadM_yadC_yadK_predicted,0.25,3,3,AGAGTCGCCGATAGGGATCA,0,4392762
yadL_yadM_yadC_yadK_predicted,0.25,3,3,AGAGTCACGTCTAGATTTGT,0,4401827
yadL_yadM_yadC_yadK_predicted,0.25,3,3,AGACTCCTAGACCTCAGTGA,0,4388315
yadL_yadM_yadC_yadK_predicted,0.25,3,3,AGACGCAGCCAGTAGGGATT,0,4377111
yadL_yadM_yadC_yadK_predicted,0.25,3,3,AGACAAGCCAATCATAGGGA,0,4376964
yadL_yadM_yadC_yadK_predicted,0.25,3,3,AGAATTGGACGGAGGCGTAG,0,4376551
yadL_yadM_yadC_yadK_predicted,0.25,3,3,AGAATGTATAATCTCTGTAT,0,4401076
yadL_yadM_yadC_yadK_predicted,0.25,3,3,AGAATAAGAGCCCTACATAA,0,4372270
yadL_yadM_yadC_yadK_predicted,0.25,3,3,AGAAAAGCTCAATCTTCATC,0,4385375
yadL_yadM_yadC_yadK_predicted,0.25,3,3,ACTTTCAATGTTGTCATACG,0,4374302
yadL_yadM_yadC_yadK_predicted,0.25,3,3,ACTTGAAGTAGTGGACTCGC,0,4381450
yadL_yadM_yadC_yadK_predicted,0.25,3,3,ACTGTAGAAACGTGGATAAA,0,4386458
yadL_yadM_yadC_yadK_predicted,0.25,3,3,ACTGGTCCGAAAGCAGATAT,0,4371462
yadL_yadM_yadC_yadK_predicted,0.25,3,3,ACTGGGGTAGTAACAGCCGG,0,4374682
yadL_yadM_yadC_yadK_predicted,0.25,3,3,ACTGCTGCTTTCTTCCCAGA,0,4399311
yadL_yadM_yadC_yadK_predicted,0.25,3,3,ACTGCGGCCTCGTGATCTGA,0,4389623
yadL_yadM_yadC_yadK_predicted,0.25,3,3,ACTGACAGAGCAACTTGTGA,0,4397310
yadL_yadM_yadC_yadK_predicted,0.25,3,3,ACTGAACTTTGTATTTCAAG,0,4383877
yadL_yadM_yadC_yadK_predicted,0.25,3,3,ACTCGTTGGGTACTGATCAC,0,4393576
yadL_yadM_yadC_yadK_predicted,0.25,3,3,ACTCGTGCAGGTTGTATTCT,0,4391606
yadL_yadM_yadC_yadK_predicted,0.25,3,3,ACTCCACCTTAGCTAGCAGA,0,4396555
yadL_yadM_yadC_yadK_predicted,0.25,3,3,ACTCATAGTTTGTCCTTGGG,0,4383076
yadL_yadM_yadC_yadK_predicted,0.25,3,3,ACTCAACGGCGCAATGACAG,0,4398667
yadL_yadM_yadC_yadK_predicted,0.25,3,3,ACTATTGTTGATAGCGTGTC,0,4370746
yadL_yadM_yadC_yadK_predicted,0.25,3,3,ACTAACATAGGGTCGTCCGA,0,4389168
yadL_yadM_yadC_yadK_predicted,0.25,3,3,ACGTTTAACTCTGAGTCCGG,0,4396978
yadL_yadM_yadC_yadK_predicted,0.25,3,3,ACGTGGGTCACCATCTCACA,0,4375304
yadL_yadM_yadC_yadK_predicted,0.25,3,3,ACGTGATGGCATAAATGCAT,0,4387195
yadL_yadM_yadC_yadK_predicted,0.25,3,3,ACGTAAACCGCCCAGTGGTG,0,4392930
yadL_yadM_yadC_yadK_predicted,0.25,3,3,ACGGTGTATAGTTATGCTTG,0,4390644
yadL_yadM_yadC_yadK_predicted,0.25,3,3,ACGGTCCCTAGAGTGGCCTC,0,4394008
yadL_yadM_yadC_yadK_predicted,0.25,3,3,ACGGGAGCTCGGAGTTCTCT,0,4393757
yadL_yadM_yadC_yadK_predicted,0.25,3,3,ACGGCTGAATGTATAGCCAC,0,4377389
yadL_yadM_yadC_yadK_predicted,0.25,3,3,ACGGCTATACCGCACTTTCG,0,4383158
yadL_yadM_yadC_yadK_predicted,0.25,3,3,ACGCGGTCTCTATAGTCGGG,0,4391792
yadL_yadM_yadC_yadK_predicted,0.25,3,3,ACGCGAACAACCCACCACGC,0,4398100
yadL_yadM_yadC_yadK_predicted,0.25,3,3,ACGCAACTTAGAGGCTCGAA,0,4386605
yadL_yadM_yadC_yadK_predicted,0.25,3,3,ACGAGAATTGCATACTCTGG,0,4380737
yadL_yadM_yadC_yadK_predicted,0.25,3,3,ACGACCAAAATATTAGGTAC,0,4380862
yadL_yadM_yadC_yadK_predicted,0.25,3,3,ACCTTTCAGGCAACCGCAAG,0,4395964
yadL_yadM_yadC_yadK_predicted,0.25,3,3,ACCTTGACGCGTCAGCGATA,0,4378423
yadL_yadM_yadC_yadK_predicted,0.25,3,3,ACCTTAACGGGGTCAGTTGA,0,4381732
yadL_yadM_yadC_yadK_predicted,0.25,3,3,ACCTGGGCTCGGATACGGTG,0,4397462
yadL_yadM_yadC_yadK_predicted,0.25,3,3,ACCTGACGGAAACATTCGGG,0,4400220
yadL_yadM_yadC_yadK_predicted,0.25,3,3,ACCTACGAGGGTCGCTTAGG,0,4393766
yadL_yadM_yadC_yadK_predicted,0.25,3,3,ACCGTGAGAGAGAACTCACT,0,4384372
yadL_yadM_yadC_yadK_predicted,0.25,3,3,ACCGTCATATCGAAACCCCG,0,4387221
yadL_yadM_yadC_yadK_predicted,0.25,3,3,ACCGGCGGCGTAATTGCTCT,0,4390496
yadL_yadM_yadC_yadK_predicted,0.25,3,3,ACCGGAGCTGACGAAGGGAA,0,4374275
yadL_yadM_yadC_yadK_predicted,0.25,3,3,ACCGACGGGTTCTGTCCGTC,0,4389620
yadL_yadM_yadC_yadK_predicted,0.25,3,3,ACCGAAGGACCTTAATGGTC,0,4384169
yadL_yadM_yadC_yadK_predicted,0.25,3,3,ACCCTTCACGTACATGCCTC,0,4394167
yadL_yadM_yadC_yadK_predicted,0.25,3,3,ACCCTGCCTATTAGATTCGG,0,4372916
yadL_yadM_yadC_yadK_predicted,0.25,3,3,ACCATCGGTTTAAATGGGGG,0,4382819
yadL_yadM_yadC_yadK_predicted,0.25,3,3,ACCATAAGTATACTTCTCGT,0,4382971
yadL_yadM_yadC_yadK_predicted,0.25,3,3,ACATTGCATTCTTCGCCAAA,0,4376208
yadL_yadM_yadC_yadK_predicted,0.25,3,3,ACAGCTGGAGTTGCCCGATC,0,4383595
yadL_yadM_yadC_yadK_predicted,0.25,3,3,ACAGCTATCAGCCCGGATCA,0,4380614
yadL_yadM_yadC_yadK_predicted,0.25,3,3,ACAGCGGTTGATAGGGAAGA,0,4388566
yadL_yadM_yadC_yadK_predicted,0.25,3,3,ACAGAGCTAAGAATCCGTGG,0,4384166
yadL_yadM_yadC_yadK_predicted,0.25,3,3,ACAGAATTCATAATCAGTGT,0,4397288
yadL_yadM_yadC_yadK_predicted,0.25,3,3,ACAGAACTATGAGCGTGGTA,0,4400783
yadL_yadM_yadC_yadK_predicted,0.25,3,3,ACACCTCCTCTTAAATATAG,0,4374434
yadL_yadM_yadC_yadK_predicted,0.25,3,3,ACACCAACGCATGAGTAGTT,0,4390544
yadL_yadM_yadC_yadK_predicted,0.25,3,3,ACAAGGCCAACGCGTTTATT,0,4370208
yadL_yadM_yadC_yadK_predicted,0.25,3,3,ACAAATGGCGGAGTCATCGA,0,4378867
yadL_yadM_yadC_yadK_predicted,0.25,3,3,ACAAAGCGAAATCCTGTTTT,0,4372600
yadL_yadM_yadC_yadK_predicted,0.25,3,3,AATTGCGGTCACCATCACAT,0,4380303
yadL_yadM_yadC_yadK_predicted,0.25,3,3,AATTGCAATAGAAGGGATGG,0,4386391
yadL_yadM_yadC_yadK_predicted,0.25,3,3,AATTAGATCGCCGGTAGTTT,0,4400294
yadL_yadM_yadC_yadK_predicted,0.25,3,3,AATTAGACCGTGTATGCGCG,0,4378603
yadL_yadM_yadC_yadK_predicted,0.25,3,3,AATGCCAGCGCGCGTTGAGT,0,4375026
yadL_yadM_yadC_yadK_predicted,0.25,3,3,AATCCACTGGAAATGGCCCA,0,4373912
yadL_yadM_yadC_yadK_predicted,0.25,3,3,AATCACATGTTCATGCGGCA,0,4370897
yadL_yadM_yadC_yadK_predicted,0.25,3,3,AATAGTTCATCAAGAATTGG,0,4384955
yadL_yadM_yadC_yadK_predicted,0.25,3,3,AATAGTACCTATATGTGGTT,0,4396346
yadL_yadM_yadC_yadK_predicted,0.25,3,3,AATAGCCAAGATACCTACCA,0,4381051
yadL_yadM_yadC_yadK_predicted,0.25,3,3,AAGTTGGGAACCAGTCTGAC,0,4383871
yadL_yadM_yadC_yadK_predicted,0.25,3,3,AAGTTGATACGGCTCAGCGT,0,4381277
yadL_yadM_yadC_yadK_predicted,0.25,3,3,AAGTGCTAGAGGCGTCTATT,0,4383296
yadL_yadM_yadC_yadK_predicted,0.25,3,3,AAGTGCAAAAACAGTATGGA,0,4377278
yadL_yadM_yadC_yadK_predicted,0.25,3,3,AAGTCGGGTACGCTTCGTGC,0,4370932
yadL_yadM_yadC_yadK_predicted,0.25,3,3,AAGTAGTGAGGGTTTCCGCG,0,4394073
yadL_yadM_yadC_yadK_predicted,0.25,3,3,AAGGTGGACCCGTGGTATGG,0,4373363
yadL_yadM_yadC_yadK_predicted,0.25,3,3,AAGGGCGCATACGGATTGCT,0,4395226
yadL_yadM_yadC_yadK_predicted,0.25,3,3,AAGCTCAGATAGGGGGTATT,0,4397532
yadL_yadM_yadC_yadK_predicted,0.25,3,3,AAGCATTCCGGGGCTTAGAT,0,4393480
yadL_yadM_yadC_yadK_predicted,0.25,3,3,AAGATGGGATCGGTCAAGTC,0,4392276
yadL_yadM_yadC_yadK_predicted,0.25,3,3,AAGAGGGCCCAGGTGCAAGT,0,4388005
yadL_yadM_yadC_yadK_predicted,0.25,3,3,AAGACATCTTCCGCACGCGC,0,4382328
yadL_yadM_yadC_yadK_predicted,0.25,3,3,AAGAACTGGTGATTCATATC,0,4389046
yadL_yadM_yadC_yadK_predicted,0.25,3,3,AAGAACGTACGCTCCTACGC,0,4402265
yadL_yadM_yadC_yadK_predicted,0.25,3,3,AAGAACCGTGGATGGTCTAT,0,4380370
yadL_yadM_yadC_yadK_predicted,0.25,3,3,AAGAACAATTTGGAACACTT,0,4396921
yadL_yadM_yadC_yadK_predicted,0.25,3,3,AACTTGGTGTACACGACAGT,0,4397709
yadL_yadM_yadC_yadK_predicted,0.25,3,3,AACGCGCTAGCCTTCAGTAA,0,4390732
yadL_yadM_yadC_yadK_predicted,0.25,3,3,AACGCATTCTAGCAGTGATC,0,4388605
yadL_yadM_yadC_yadK_predicted,0.25,3,3,AACATTGGAGATGTCTACGT,0,4400401
yadL_yadM_yadC_yadK_predicted,0.25,3,3,AACATAGGTTTGTTTGGTAA,0,4384582
yadL_yadM_yadC_yadK_predicted,0.25,3,3,AACAGTATTACACATCAAGT,0,4377985
yadL_yadM_yadC_yadK_predicted,0.25,3,3,AACAGTAGAGCCCGTCATAT,0,4395326
yadL_yadM_yadC_yadK_predicted,0.25,3,3,AACAATCTCCAAGTTGTCGC,0,4380038
yadL_yadM_yadC_yadK_predicted,0.25,3,3,AAATCTTTGAGTACCATTTG,0,4397988
yadL_yadM_yadC_yadK_predicted,0.25,3,3,AAATCATTAGGGACCGCTTT,0,4391483
yadL_yadM_yadC_yadK_predicted,0.25,3,3,AAATACTTATTAAATCAGGG,0,4387217
yadL_yadM_yadC_yadK_predicted,0.25,3,3,AAAGTATGATAGCAATTAAG,0,4398670
yadL_yadM_yadC_yadK_predicted,0.25,3,3,AAAGATTGTGATAAGTCAAT,0,4391916
yadL_yadM_yadC_yadK_predicted,0.25,3,3,AAACTGCGCTCCTAGATGAG,0,4398899
yadL_yadM_yadC_yadK_predicted,0.25,3,3,AAACTCCTTTTCGTTCATCG,0,4378357
yadL_yadM_yadC_yadK_predicted,0.25,3,3,AAACTCCAGTAGTCCCGCTC,0,4381735
yadL_yadM_yadC_yadK_predicted,0.25,3,3,AAACTCCAGCGAGTCTACGG,0,4399390
yadL_yadM_yadC_yadK_predicted,0.25,3,3,AAACGTTTATATTAGTTCGA,0,4393977
yadL_yadM_yadC_yadK_predicted,0.25,3,3,AAACGAACGTATGCTGGGTA,0,4386718
yadL_yadM_yadC_yadK_predicted,0.25,3,3,AAACCGTCGTACTGGAAGTA,0,4378761
yadL_yadM_yadC_yadK_predicted,0.25,3,3,AAAAGGCCGCTAACCGATCG,0,4381988
yadL_yadM_yadC_yadK_predicted,0.25,3,3,AAAAGCTTGTTCCAAAAAGA,0,4371035
yadL_yadM_yadC_yadK_predicted,0.25,3,3,AAAACTCCTCTGGCGGGTCA,0,4378132
yadL_yadM_yadC_yadK_predicted,0.25,3,3,AAAACAGGGTTCGGTGAGGG,0,4395661
yadL_yadM_yadC_yadK_predicted,0.25,3,3,AAAAAAAGCGGACATGTTCC,0,4383361
yadL_yadM_yadC_yadK_predicted,0.3333333333333333,2,2,TTTTTTGCAGCACCGAATTC,0,4396858
yadL_yadM_yadC_yadK_predicted,0.3333333333333333,2,2,TTTTTCCGATTCAGACGGGT,0,4396666
yadL_yadM_yadC_yadK_predicted,0.3333333333333333,2,2,TTTTGATGACTGCCGTGCGA,0,4393901
yadL_yadM_yadC_yadK_predicted,0.3333333333333333,2,2,TTTTCCATACATCAAGGACA,0,4373392
yadL_yadM_yadC_yadK_predicted,0.3333333333333333,2,2,TTTGTTTCAGATGCGGGAAT,0,4375512
yadL_yadM_yadC_yadK_predicted,0.3333333333333333,2,2,TTTGTGCGACTTAAAACTTA,0,4375219
yadL_yadM_yadC_yadK_predicted,0.3333333333333333,2,2,TTTGTCGTGAAGGCGCAACA,0,4371011
yadL_yadM_yadC_yadK_predicted,0.3333333333333333,2,2,TTTGTAAAAAGCGCTTGTTC,0,4381076
yadL_yadM_yadC_yadK_predicted,0.3333333333333333,2,2,TTTGGTTAAGGTTTTAATAA,0,4399320
yadL_yadM_yadC_yadK_predicted,0.3333333333333333,2,2,TTTGAGAGCCCTTGTTTAAT,0,4375690
yadL_yadM_yadC_yadK_predicted,0.3333333333333333,2,2,TTTGACGCTCCGCACGCACT,0,4395106
yadL_yadM_yadC_yadK_predicted,0.3333333333333333,2,2,TTTGACAGCTCGACCGCAGG,0,4393070
yadL_yadM_yadC_yadK_predicted,0.3333333333333333,2,2,TTTCGGAGATCGGTCATAGG,0,4374194
yadL_yadM_yadC_yadK_predicted,0.3333333333333333,2,2,TTTCCGCTCGACCGAATAGA,0,4402497
yadL_yadM_yadC_yadK_predicted,0.3333333333333333,2,2,TTTCCAGGGAGCATTGGGCA,0,4392685
yadL_yadM_yadC_yadK_predicted,0.3333333333333333,2,2,TTTCAAGTAGTGTTGGTTCG,0,4376542
yadL_yadM_yadC_yadK_predicted,0.3333333333333333,2,2,TTTCAACTTATTCTCCCCAC,0,4401051
yadL_yadM_yadC_yadK_predicted,0.3333333333333333,2,2,TTTAGATACTGTTGGCACGA,0,4374417
yadL_yadM_yadC_yadK_predicted,0.3333333333333333,2,2,TTGTGGCGTAAGTGGCAGTG,0,4387001
yadL_yadM_yadC_yadK_predicted,0.3333333333333333,2,2,TTGTCTCATTCTCATCGGTC,0,4401242
yadL_yadM_yadC_yadK_predicted,0.3333333333333333,2,2,TTGTCGGTCCCGGATTAGAC,0,4375386
yadL_yadM_yadC_yadK_predicted,0.3333333333333333,2,2,TTGGTATACGTTCTAAGTGC,0,4385208
yadL_yadM_yadC_yadK_predicted,0.3333333333333333,2,2,TTGGATGATACTCGCAGCGT,0,4401639
yadL_yadM_yadC_yadK_predicted,0.3333333333333333,2,2,TTGGATCCTTCAGTCACTGC,0,4379214
yadL_yadM_yadC_yadK_predicted,0.3333333333333333,2,2,TTGGATCACGTGAATGAGAC,0,4392141
yadL_yadM_yadC_yadK_predicted,0.3333333333333333,2,2,TTGCTGAAGCGGGCCACTTC,0,4394674
yadL_yadM_yadC_yadK_predicted,0.3333333333333333,2,2,TTGCTCTTTTTGACCTGGTC,0,4370480
yadL_yadM_yadC_yadK_predicted,0.3333333333333333,2,2,TTGCAGCTCTATTATGCGCA,0,4383596
yadL_yadM_yadC_yadK_predicted,0.3333333333333333,2,2,TTGAGGCAATAAAGTGAAAG,0,4372438
yadL_yadM_yadC_yadK_predicted,0.3333333333333333,2,2,TTGACTGCACCGATTCCGTA,0,4380418
yadL_yadM_yadC_yadK_predicted,0.3333333333333333,2,2,TTGACCGGAATTAAGGTGCA,0,4402101
yadL_yadM_yadC_yadK_predicted,0.3333333333333333,2,2,TTGACAGGCTCCATGGCGTA,0,4371813
yadL_yadM_yadC_yadK_predicted,0.3333333333333333,2,2,TTCTGTGTCCGGACACTCAC,0,4385527
yadL_yadM_yadC_yadK_predicted,0.3333333333333333,2,2,TTCTGCTCGAAGACACACAT,0,4398265
yadL_yadM_yadC_yadK_predicted,0.3333333333333333,2,2,TTCTCTCGAACATCACTCCA,0,4383085
yadL_yadM_yadC_yadK_predicted,0.3333333333333333,2,2,TTCTCTCATCCTAGGGAGCT,0,4393665
yadL_yadM_yadC_yadK_predicted,0.3333333333333333,2,2,TTCCCGTCGCGTTCTTCCTA,0,4390071
yadL_yadM_yadC_yadK_predicted,0.3333333333333333,2,2,TTCCACTCCAATTGTACTAT,0,4388758
yadL_yadM_yadC_yadK_predicted,0.3333333333333333,2,2,TTCAGGGAGTAGTAATTCAA,0,4383372
yadL_yadM_yadC_yadK_predicted,0.3333333333333333,2,2,TTCAGGCCTCTGGATGTATA,0,4395445
yadL_yadM_yadC_yadK_predicted,0.3333333333333333,2,2,TTCAGATGTATGTTCTTATG,0,4371671
yadL_yadM_yadC_yadK_predicted,0.3333333333333333,2,2,TTCAGATATTGTTAGTATCC,0,4371894
yadL_yadM_yadC_yadK_predicted,0.3333333333333333,2,2,TTATTCGGGATGGGGTCGGA,0,4379248
yadL_yadM_yadC_yadK_predicted,0.3333333333333333,2,2,TTATGTGACGTGAAACTATC,0,4374237
yadL_yadM_yadC_yadK_predicted,0.3333333333333333,2,2,TTATCTTAATTGGGATATTC,0,4372467
yadL_yadM_yadC_yadK_predicted,0.3333333333333333,2,2,TTATCAACCTAACGAAACTA,0,4381901
yadL_yadM_yadC_yadK_predicted,0.3333333333333333,2,2,TTAGTCGTCCGTTGTCCCTG,0,4397380
yadL_yadM_yadC_yadK_predicted,0.3333333333333333,2,2,TTAGGCCTAGTACTTTTGCT,0,4381406
yadL_yadM_yadC_yadK_predicted,0.3333333333333333,2,2,TTAGGAGATGCACTGCAATT,0,4400342
yadL_yadM_yadC_yadK_predicted,0.3333333333333333,2,2,TTAGAGGATATCAATTAGAG,0,4376794
yadL_yadM_yadC_yadK_predicted,0.3333333333333333,2,2,TTACGTCCACTTGAACCCAG,0,4378048
yadL_yadM_yadC_yadK_predicted,0.3333333333333333,2,2,TTACGCATTGCAGCGGTTAC,0,4382329
yadL_yadM_yadC_yadK_predicted,0.3333333333333333,2,2,TTACGAGTAGCATGAATTCA,0,4393674
yadL_yadM_yadC_yadK_predicted,0.3333333333333333,2,2,TTACAGAAGGGGAGCTGGGA,0,4391254
yadL_yadM_yadC_yadK_predicted,0.3333333333333333,2,2,TTAAATAGTTTCGGGTTTTT,0,4383188
yadL_yadM_yadC_yadK_predicted,0.3333333333333333,2,2,TTAAAAGGGTTTAACACAAA,0,4398725
yadL_yadM_yadC_yadK_predicted,0.3333333333333333,2,2,TGTTGTTTGACTTTCAGGAG,0,4378171
yadL_yadM_yadC_yadK_predicted,0.3333333333333333,2,2,TGTTGTCATGAAGCATCAAT,0,4395043
yadL_yadM_yadC_yadK_predicted,0.3333333333333333,2,2,TGTTGCCCCCTGTCAACGAA,0,4374855
yadL_yadM_yadC_yadK_predicted,0.3333333333333333,2,2,TGTTCTAGTCAAGGACGTTC,0,4371098
yadL_yadM_yadC_yadK_predicted,0.3333333333333333,2,2,TGTTAACGAAGAAGGTCAGT,0,4382947
yadL_yadM_yadC_yadK_predicted,0.3333333333333333,2,2,TGTGTCTACAGGCTTCGAGT,0,4400861
yadL_yadM_yadC_yadK_predicted,0.3333333333333333,2,2,TGTGGCCACGGTAGGGCTTC,0,4381948
yadL_yadM_yadC_yadK_predicted,0.3333333333333333,2,2,TGTGCCTAACGGTAGCCCAA,0,4370873
yadL_yadM_yadC_yadK_predicted,0.3333333333333333,2,2,TGTCGTATTTGCAAGTCGTG,0,4376906
yadL_yadM_yadC_yadK_predicted,0.3333333333333333,2,2,TGTCGAATAATGTTGTCTTG,0,4385316
yadL_yadM_yadC_yadK_predicted,0.3333333333333333,2,2,TGTCCTAGTGCATAATGCGA,0,4390567
yadL_yadM_yadC_yadK_predicted,0.3333333333333333,2,2,TGTCCAGGAGTCGTGGATAT,0,4395392
yadL_yadM_yadC_yadK_predicted,0.3333333333333333,2,2,TGTATGTAGATTATCACAGA,0,4379371
yadL_yadM_yadC_yadK_predicted,0.3333333333333333,2,2,TGTATCCCGTAAGCCACGAG,0,4397127
yadL_yadM_yadC_yadK_predicted,0.3333333333333333,2,2,TGTAGTTTCGGCGTTGGGTT,0,4395643
yadL_yadM_yadC_yadK_predicted,0.3333333333333333,2,2,TGTAGTGTCGTTGTTTAAGT,0,4383122
yadL_yadM_yadC_yadK_predicted,0.3333333333333333,2,2,TGTAGATTAGTGAGTGTTAC,0,4397548
yadL_yadM_yadC_yadK_predicted,0.3333333333333333,2,2,TGGTTTAAACATGTTTGTGA,0,4381578
yadL_yadM_yadC_yadK_predicted,0.3333333333333333,2,2,TGGTTAATTTGCATCGGGTC,0,4385044
yadL_yadM_yadC_yadK_predicted,0.3333333333333333,2,2,TGGTATATGATCCATGAATG,0,4373563
yadL_yadM_yadC_yadK_predicted,0.3333333333333333,2,2,TGGGTAACTTCTATAGATTA,0,4402244
yadL_yadM_yadC_yadK_predicted,0.3333333333333333,2,2,TGGGGTCCCTTCCTCATTGT,0,4386137
yadL_yadM_yadC_yadK_predicted,0.3333333333333333,2,2,TGGGGGACCTAGAGTGTATA,0,4378804
yadL_yadM_yadC_yadK_predicted,0.3333333333333333,2,2,TGGGAGGTGTGAGTTTGAAC,0,4375184
yadL_yadM_yadC_yadK_predicted,0.3333333333333333,2,2,TGGGAAGTCTTCAGATCCAA,0,4390419
yadL_yadM_yadC_yadK_predicted,0.3333333333333333,2,2,TGGGAAAGCAGTTATAGGTT,0,4386066
yadL_yadM_yadC_yadK_predicted,0.3333333333333333,2,2,TGGAGTAGTTATCGCCGCAA,0,4394938
yadL_yadM_yadC_yadK_predicted,0.3333333333333333,2,2,TGGACGGCAGCCAATGTGAC,0,4399934
yadL_yadM_yadC_yadK_predicted,0.3333333333333333,2,2,TGCTAGTAAGGTTGCAGAGT,0,4384378
yadL_yadM_yadC_yadK_predicted,0.3333333333333333,2,2,TGCGGGTACCGTGCTCGAGG,0,4397221
yadL_yadM_yadC_yadK_predicted,0.3333333333333333,2,2,TGCGCTGCACAAATCCAGAG,0,4382325
yadL_yadM_yadC_yadK_predicted,0.3333333333333333,2,2,TGCCTTTTGCATGACGTATT,0,4400961
yadL_yadM_yadC_yadK_predicted,0.3333333333333333,2,2,TGCCATATGTCAGGTGTCCG,0,4388669
yadL_yadM_yadC_yadK_predicted,0.3333333333333333,2,2,TGCAGCACCCGCATCCAAGG,0,4401561
yadL_yadM_yadC_yadK_predicted,0.3333333333333333,2,2,TGATTTCCTCTTTTTCCGCC,0,4381861
yadL_yadM_yadC_yadK_predicted,0.3333333333333333,2,2,TGATCAAATTATAGCACCGA,0,4377070
yadL_yadM_yadC_yadK_predicted,0.3333333333333333,2,2,TGATAGTCTTACATGGTTGG,0,4372580
yadL_yadM_yadC_yadK_predicted,0.3333333333333333,2,2,TGATAACTTTAGTTAACATG,0,4398282
yadL_yadM_yadC_yadK_predicted,0.3333333333333333,2,2,TGAGTAGGCTCACGATAAGT,0,4397656
yadL_yadM_yadC_yadK_predicted,0.3333333333333333,2,2,TGAGGGGCTTACGTAACCGT,0,4376571
yadL_yadM_yadC_yadK_predicted,0.3333333333333333,2,2,TGAGGGCCGAATCATACACC,0,4389119
yadL_yadM_yadC_yadK_predicted,0.3333333333333333,2,2,TGACTGAACCTGGCTTAGGT,0,4394490
yadL_yadM_yadC_yadK_predicted,0.3333333333333333,2,2,TGACTCCGTCGGCCTCGGGC,0,4398485
yadL_yadM_yadC_yadK_predicted,0.3333333333333333,2,2,TGACATATGAGCCACGTTTG,0,4385936
yadL_yadM_yadC_yadK_predicted,0.3333333333333333,2,2,TGAATGTGATAGATCGCAGT,0,4383593
yadL_yadM_yadC_yadK_predicted,0.3333333333333333,2,2,TGAAGCCCTGCTTGCGTACT,0,4389248
yadL_yadM_yadC_yadK_predicted,0.3333333333333333,2,2,TGAACCCGGTCTTTTATTCT,0,4400239
yadL_yadM_yadC_yadK_predicted,0.3333333333333333,2,2,TCTTTTCTTGTGTGGTAGCA,0,4396410
yadL_yadM_yadC_yadK_predicted,0.3333333333333333,2,2,TCTTTGCCCCGTCGGGGTGA,0,4385581
yadL_yadM_yadC_yadK_predicted,0.3333333333333333,2,2,TCTTCTTCTATCTTGGTCAA,0,4390337
yadL_yadM_yadC_yadK_predicted,0.3333333333333333,2,2,TCTTCTCTGACGCAAATTAG,0,4392692
yadL_yadM_yadC_yadK_predicted,0.3333333333333333,2,2,TCTTCTCAGGGCCGCCTCCA,0,4378329
yadL_yadM_yadC_yadK_predicted,0.3333333333333333,2,2,TCTTACCCGATACCTAAGGA,0,4372578
yadL_yadM_yadC_yadK_predicted,0.3333333333333333,2,2,TCTGTTAGTACTAACTTGAA,0,4376269
yadL_yadM_yadC_yadK_predicted,0.3333333333333333,2,2,TCTGTATGGGCGGGCTTAAG,0,4396538
yadL_yadM_yadC_yadK_predicted,0.3333333333333333,2,2,TCTGGGCGTCGGTTAATTAC,0,4375855
yadL_yadM_yadC_yadK_predicted,0.3333333333333333,2,2,TCTGCAAAATAATGTCGCAT,0,4374480
yadL_yadM_yadC_yadK_predicted,0.3333333333333333,2,2,TCTCTAATATTTGATTTCCA,0,4376221
yadL_yadM_yadC_yadK_predicted,0.3333333333333333,2,2,TCTCGTCATGTCACCGGCCA,0,4388651
yadL_yadM_yadC_yadK_predicted,0.3333333333333333,2,2,TCTCCTCAGTGAGTCGCGCT,0,4374592
yadL_yadM_yadC_yadK_predicted,0.3333333333333333,2,2,TCTCCACCACACATCCGTCA,0,4392117
yadL_yadM_yadC_yadK_predicted,0.3333333333333333,2,2,TCTATTGCGTTGAGTGTGAA,0,4370785
yadL_yadM_yadC_yadK_predicted,0.3333333333333333,2,2,TCTAGTCAGTCTGGTACTCA,0,4385070
yadL_yadM_yadC_yadK_predicted,0.3333333333333333,2,2,TCGTTAGCCACGAAATAGCA,0,4372818
yadL_yadM_yadC_yadK_predicted,0.3333333333333333,2,2,TCGTATCCCCACCCCACCTT,0,4380871
yadL_yadM_yadC_yadK_predicted,0.3333333333333333,2,2,TCGTAAGCACTTCGACGCGT,0,4371283
yadL_yadM_yadC_yadK_predicted,0.3333333333333333,2,2,TCGGTCCAATGGCAACCACA,0,4391407
yadL_yadM_yadC_yadK_predicted,0.3333333333333333,2,2,TCGGTAAGAGGGCCTCAAAG,0,4372541
yadL_yadM_yadC_yadK_predicted,0.3333333333333333,2,2,TCGGTAAAGTAACGCGTGTA,0,4376422
yadL_yadM_yadC_yadK_predicted,0.3333333333333333,2,2,TCGCTTTTTCTAGGGGGCAA,0,4384809
yadL_yadM_yadC_yadK_predicted,0.3333333333333333,2,2,TCGCTGAGGATCCTGGTGCC,0,4393450
yadL_yadM_yadC_yadK_predicted,0.3333333333333333,2,2,TCGCGGATGGAGAGAGCCTA,0,4398168
yadL_yadM_yadC_yadK_predicted,0.3333333333333333,2,2,TCGCCGGTCGGCTGCCTTGC,0,4384550
yadL_yadM_yadC_yadK_predicted,0.3333333333333333,2,2,TCGCATAACTGTCAAAAGTA,0,4394987
yadL_yadM_yadC_yadK_predicted,0.3333333333333333,2,2,TCGATGAGCCACTATAAACC,0,4384624
yadL_yadM_yadC_yadK_predicted,0.3333333333333333,2,2,TCGATATAGTTTTGGTTAGA,0,4386522
yadL_yadM_yadC_yadK_predicted,0.3333333333333333,2,2,TCGAGGGAGTACCCATTTTG,0,4376409
yadL_yadM_yadC_yadK_predicted,0.3333333333333333,2,2,TCGAGAGGTGCTGTCCGGAA,0,4398999
yadL_yadM_yadC_yadK_predicted,0.3333333333333333,2,2,TCGACTTATTCGCAGCCTCT,0,4386045
yadL_yadM_yadC_yadK_predicted,0.3333333333333333,2,2,TCGAATCTTGGTGCGCAGCT,0,4392780
yadL_yadM_yadC_yadK_predicted,0.3333333333333333,2,2,TCCTGGAACTTCCCTGTTCC,0,4383789
yadL_yadM_yadC_yadK_predicted,0.3333333333333333,2,2,TCCTGCATGCGAGCATCAAA,0,4374668
yadL_yadM_yadC_yadK_predicted,0.3333333333333333,2,2,TCCTAGGGCGAGTGAGTTGT,0,4399076
yadL_yadM_yadC_yadK_predicted,0.3333333333333333,2,2,TCCGTATCAGACCTCGCATT,0,4398773
yadL_yadM_yadC_yadK_predicted,0.3333333333333333,2,2,TCCGAGGTGGACGGGCCTCT,0,4396049
yadL_yadM_yadC_yadK_predicted,0.3333333333333333,2,2,TCCCCTCTCGGTTACTCAGC,0,4389421
yadL_yadM_yadC_yadK_predicted,0.3333333333333333,2,2,TCCCAGTCGTTCGGGCGCCG,0,4394201
yadL_yadM_yadC_yadK_predicted,0.3333333333333333,2,2,TCCCACCTGGGACTTCACAA,0,4383554
yadL_yadM_yadC_yadK_predicted,0.3333333333333333,2,2,TCCCAAGCCTTTGTGTGCGT,0,4399036
yadL_yadM_yadC_yadK_predicted,0.3333333333333333,2,2,TCCACTGGACCGTGGCAAGG,0,4380852
yadL_yadM_yadC_yadK_predicted,0.3333333333333333,2,2,TCCAAGGCGGATTTGGGCTA,0,4397745
yadL_yadM_yadC_yadK_predicted,0.3333333333333333,2,2,TCCAAAGCCCGGGCGATCGA,0,4380977
yadL_yadM_yadC_yadK_predicted,0.3333333333333333,2,2,TCATTGTAGGTCAGTCTCGT,0,4378053
yadL_yadM_yadC_yadK_predicted,0.3333333333333333,2,2,TCATTCGACATGCATGCCGA,0,4388734
yadL_yadM_yadC_yadK_predicted,0.3333333333333333,2,2,TCATGTATGGGCCACGGTAC,0,4382305
yadL_yadM_yadC_yadK_predicted,0.3333333333333333,2,2,TCATCGTCAATGCGCTAGCA,0,4381046
yadL_yadM_yadC_yadK_predicted,0.3333333333333333,2,2,TCATAGGTAACTCTTTGAGC,0,4395594
yadL_yadM_yadC_yadK_predicted,0.3333333333333333,2,2,TCATAGATATTCCAGAAATT,0,4384285
yadL_yadM_yadC_yadK_predicted,0.3333333333333333,2,2,TCAGTTGTGTTGGACGCGCA,0,4387307
yadL_yadM_yadC_yadK_predicted,0.3333333333333333,2,2,TCAGTGGCAGCTCGCCTTCT,0,4380838
yadL_yadM_yadC_yadK_predicted,0.3333333333333333,2,2,TCAGTGATGACCCCGTAGCT,0,4391672
yadL_yadM_yadC_yadK_predicted,0.3333333333333333,2,2,TCAGTATCCGGCCAACCGAT,0,4385068
yadL_yadM_yadC_yadK_predicted,0.3333333333333333,2,2,TCAGTAACGACGAAATAGCT,0,4390113
yadL_yadM_yadC_yadK_predicted,0.3333333333333333,2,2,TCAGCGCTAATTTTTAGTCT,0,4393653
yadL_yadM_yadC_yadK_predicted,0.3333333333333333,2,2,TCAGCGACTGAGACATGCAG,0,4388838
yadL_yadM_yadC_yadK_predicted,0.3333333333333333,2,2,TCAGATTCACCCTATTTATG,0,4379316
yadL_yadM_yadC_yadK_predicted,0.3333333333333333,2,2,TCAGAATCTACGCGTACATA,0,4379962
yadL_yadM_yadC_yadK_predicted,0.3333333333333333,2,2,TCACTGACGGTAGGTTGCTT,0,4377394
yadL_yadM_yadC_yadK_predicted,0.3333333333333333,2,2,TCACAGGATCGAAGGAACGG,0,4396398
yadL_yadM_yadC_yadK_predicted,0.3333333333333333,2,2,TCAAGTAACGTTAATGAGGG,0,4388941
yadL_yadM_yadC_yadK_predicted,0.3333333333333333,2,2,TCAACGGCAGGATGGACATT,0,4400468
yadL_yadM_yadC_yadK_predicted,0.3333333333333333,2,2,TATTTGCAGGAATAGCGACC,0,4400512
yadL_yadM_yadC_yadK_predicted,0.3333333333333333,2,2,TATTTCGGCTGCAGACCGCT,0,4398925
yadL_yadM_yadC_yadK_predicted,0.3333333333333333,2,2,TATTTAATTTCGTCGTGGCG,0,4386265
yadL_yadM_yadC_yadK_predicted,0.3333333333333333,2,2,TATTATTTTCCCTCGGCTGG,0,4399297
yadL_yadM_yadC_yadK_predicted,0.3333333333333333,2,2,TATGTCGGTGCTGTAATCAG,0,4389678
yadL_yadM_yadC_yadK_predicted,0.3333333333333333,2,2,TATGGTTTTTCAACGCTTCC,0,4380154
yadL_yadM_yadC_yadK_predicted,0.3333333333333333,2,2,TATGGTTACATTGGCTCACT,0,4393880
yadL_yadM_yadC_yadK_predicted,0.3333333333333333,2,2,TATGCCAAAATTTTGTTGCT,0,4399512
yadL_yadM_yadC_yadK_predicted,0.3333333333333333,2,2,TATGCATTGGGAAACCCCGG,0,4384413
yadL_yadM_yadC_yadK_predicted,0.3333333333333333,2,2,TATGATTAAGTGAGGACTCT,0,4396178
yadL_yadM_yadC_yadK_predicted,0.3333333333333333,2,2,TATCGCTACGGTCCTTATTG,0,4387476
yadL_yadM_yadC_yadK_predicted,0.3333333333333333,2,2,TATCCGATGCTGATTCTGTC,0,4374337
yadL_yadM_yadC_yadK_predicted,0.3333333333333333,2,2,TATCAAGGGACGAATTACAA,0,4395847
yadL_yadM_yadC_yadK_predicted,0.3333333333333333,2,2,TATATGGACCCGAAAAAGTA,0,4377562
yadL_yadM_yadC_yadK_predicted,0.3333333333333333,2,2,TATATCGGTACTATAGCGAG,0,4395143
yadL_yadM_yadC_yadK_predicted,0.3333333333333333,2,2,TATATATGCGACACGTACGG,0,4390457
yadL_yadM_yadC_yadK_predicted,0.3333333333333333,2,2,TATATACCCTAAATGTCTCC,0,4393053
yadL_yadM_yadC_yadK_predicted,0.3333333333333333,2,2,TATATAACATCGGGCATGGT,0,4400624
yadL_yadM_yadC_yadK_predicted,0.3333333333333333,2,2,TATACAGATTCAAGCTCGAG,0,4387103
yadL_yadM_yadC_yadK_predicted,0.3333333333333333,2,2,TATAAGTTTGAAGGAAACCG,0,4388109
yadL_yadM_yadC_yadK_predicted,0.3333333333333333,2,2,TAGGCTGTAGCCTACTTTCC,0,4395519
yadL_yadM_yadC_yadK_predicted,0.3333333333333333,2,2,TAGGCCGGCGAGTGACTTGA,0,4379806
yadL_yadM_yadC_yadK_predicted,0.3333333333333333,2,2,TAGGCATGACCGCTTACTAC,0,4382085
yadL_yadM_yadC_yadK_predicted,0.3333333333333333,2,2,TAGGCAGGGTGATCATGACT,0,4377589
yadL_yadM_yadC_yadK_predicted,0.3333333333333333,2,2,TAGGATCGCTTACCGGTAAT,0,4382388
yadL_yadM_yadC_yadK_predicted,0.3333333333333333,2,2,TAGCTGGTGTAATAGAGGTT,0,4376239
yadL_yadM_yadC_yadK_predicted,0.3333333333333333,2,2,TAGCTATCTGACAGCCGAGC,0,4381397
yadL_yadM_yadC_yadK_predicted,0.3333333333333333,2,2,TAGCTAGTATTTCTAATCTT,0,4371810
yadL_yadM_yadC_yadK_predicted,0.3333333333333333,2,2,TAGCGTTAGGCGTGCACTAA,0,4392806
yadL_yadM_yadC_yadK_predicted,0.3333333333333333,2,2,TAGCGCCTACCGGTGCAGCG,0,4398304
yadL_yadM_yadC_yadK_predicted,0.3333333333333333,2,2,TAGCCTCGCCGCACATCGAG,0,4370334
yadL_yadM_yadC_yadK_predicted,0.3333333333333333,2,2,TAGCATGACCTAAGCGAACT,0,4372820
yadL_yadM_yadC_yadK_predicted,0.3333333333333333,2,2,TAGCACTACCCAACAGACTG,0,4381690
yadL_yadM_yadC_yadK_predicted,0.3333333333333333,2,2,TACTGAGCAGAGATAGATCA,0,4383353
yadL_yadM_yadC_yadK_predicted,0.3333333333333333,2,2,TACGTGGATAATGGCTTGGA,0,4370404
yadL_yadM_yadC_yadK_predicted,0.3333333333333333,2,2,TACGCTCTTTGCGGAGTGTA,0,4396573
yadL_yadM_yadC_yadK_predicted,0.3333333333333333,2,2,TACGCTACGGCAGTATGGGC,0,4388841
yadL_yadM_yadC_yadK_predicted,0.3333333333333333,2,2,TACGCGTGGCGCTAGATGGT,0,4378495
yadL_yadM_yadC_yadK_predicted,0.3333333333333333,2,2,TACGCCAGCGTGAGACGCAT,0,4375189
yadL_yadM_yadC_yadK_predicted,0.3333333333333333,2,2,TACGCAATATGCTCAACCTG,0,4388367
yadL_yadM_yadC_yadK_predicted,0.3333333333333333,2,2,TACCTGCAGTGGATCAGCAT,0,4379190
yadL_yadM_yadC_yadK_predicted,0.3333333333333333,2,2,TACCCCTTTATACACGTTGT,0,4383442
yadL_yadM_yadC_yadK_predicted,0.3333333333333333,2,2,TACAAACTCAAGGTTTTCAT,0,4391048
yadL_yadM_yadC_yadK_predicted,0.3333333333333333,2,2,TAATGGTGTATAGATGCGGG,0,4386723
yadL_yadM_yadC_yadK_predicted,0.3333333333333333,2,2,TAAGCCCGGTTCGTATCGAA,0,4391991
yadL_yadM_yadC_yadK_predicted,0.3333333333333333,2,2,TAAGATGTTGGCGGAGCTCC,0,4374547
yadL_yadM_yadC_yadK_predicted,0.3333333333333333,2,2,TAAGAGCTTCACATAATCCC,0,4371552
yadL_yadM_yadC_yadK_predicted,0.3333333333333333,2,2,TAACTTCGCAACACCTTGAA,0,4398877
yadL_yadM_yadC_yadK_predicted,0.3333333333333333,2,2,TAACTATTGTATGCGACAAT,0,4386430
yadL_yadM_yadC_yadK_predicted,0.3333333333333333,2,2,TAACCTTTTCTAATGATCTT,0,4392525
yadL_yadM_yadC_yadK_predicted,0.3333333333333333,2,2,TAACCTCAACGCTTGGCTTT,0,4396255
yadL_yadM_yadC_yadK_predicted,0.3333333333333333,2,2,TAACCCAATGGATGACGTAT,0,4398187
yadL_yadM_yadC_yadK_predicted,0.3333333333333333,2,2,TAAATGTGATCATCAGAGGG,0,4392670
yadL_yadM_yadC_yadK_predicted,0.3333333333333333,2,2,TAAATCTCGAAAACTCGGTT,0,4390094
yadL_yadM_yadC_yadK_predicted,0.3333333333333333,2,2,TAAAGCCCGTAATCCGCAGT,0,4398684
yadL_yadM_yadC_yadK_predicted,0.3333333333333333,2,2,TAAAGCACCATTATATTACT,0,4386231
yadL_yadM_yadC_yadK_predicted,0.3333333333333333,2,2,TAAACGTAAACACTTATGAC,0,4401752
yadL_yadM_yadC_yadK_predicted,0.3333333333333333,2,2,TAAACCGCACGCGACATTGT,0,4391675
yadL_yadM_yadC_yadK_predicted,0.3333333333333333,2,2,TAAAAGAGTCCGTGGTTTCA,0,4386241
yadL_yadM_yadC_yadK_predicted,0.3333333333333333,2,2,GTTTTGCATCCAGAACAGGT,0,4397349
yadL_yadM_yadC_yadK_predicted,0.3333333333333333,2,2,GTTTTAATTCCGGATGTAAA,0,4392592
yadL_yadM_yadC_yadK_predicted,0.3333333333333333,2,2,GTTTGAGTGAGCGGATTCGT,0,4401736
yadL_yadM_yadC_yadK_predicted,0.3333333333333333,2,2,GTTTGACACAACGTTAGTAA,0,4390733
yadL_yadM_yadC_yadK_predicted,0.3333333333333333,2,2,GTTTATACTAAGTGGCACAT,0,4393377
yadL_yadM_yadC_yadK_predicted,0.3333333333333333,2,2,GTTTACCGGAAAACGCGAAC,0,4381287
yadL_yadM_yadC_yadK_predicted,0.3333333333333333,2,2,GTTGTGTCGTCCAGCTTGTG,0,4398030
yadL_yadM_yadC_yadK_predicted,0.3333333333333333,2,2,GTTGCTATCATCAGGTGAAT,0,4373992
yadL_yadM_yadC_yadK_predicted,0.3333333333333333,2,2,GTTCTGTACCAATGCCATTC,0,4400600
yadL_yadM_yadC_yadK_predicted,0.3333333333333333,2,2,GTTCTATTTTGTACACCCAG,0,4376559
yadL_yadM_yadC_yadK_predicted,0.3333333333333333,2,2,GTTCCTCGCGTATGTATGAC,0,4371354
yadL_yadM_yadC_yadK_predicted,0.3333333333333333,2,2,GTTCCTCCGGGTTACGATTC,0,4387353
yadL_yadM_yadC_yadK_predicted,0.3333333333333333,2,2,GTTCCCTGCAAAGCTGCGCT,0,4386128
yadL_yadM_yadC_yadK_predicted,0.3333333333333333,2,2,GTTAGTCGTTATCACAGTCT,0,4392347
yadL_yadM_yadC_yadK_predicted,0.3333333333333333,2,2,GTTACGGGTACTCCCTCTCT,0,4398709
yadL_yadM_yadC_yadK_predicted,0.3333333333333333,2,2,GTTACCCTGTAGGGCATGGT,0,4400583
yadL_yadM_yadC_yadK_predicted,0.3333333333333333,2,2,GTGTTTAAGACTTTGCACAG,0,4373943
yadL_yadM_yadC_yadK_predicted,0.3333333333333333,2,2,GTGTTAGTAACGTCAGCTGT,0,4381354
yadL_yadM_yadC_yadK_predicted,0.3333333333333333,2,2,GTGTGTTACATGAAGGACAT,0,4400843
yadL_yadM_yadC_yadK_predicted,0.3333333333333333,2,2,GTGTGGACATAATAAAACGT,0,4393064
yadL_yadM_yadC_yadK_predicted,0.3333333333333333,2,2,GTGTCATTTTAAAATGGTGG,0,4372945
yadL_yadM_yadC_yadK_predicted,0.3333333333333333,2,2,GTGGGTCTTTTGCTTAGTTG,0,4375549
yadL_yadM_yadC_yadK_predicted,0.3333333333333333,2,2,GTGGGACCCCTGGCAATACT,0,4382184
yadL_yadM_yadC_yadK_predicted,0.3333333333333333,2,2,GTGGACAATTCACTAATATA,0,4383358
yadL_yadM_yadC_yadK_predicted,0.3333333333333333,2,2,GTGCGTCCTTACTTGCCCGG,0,4372296
yadL_yadM_yadC_yadK_predicted,0.3333333333333333,2,2,GTGCGCGAACAAACGTGAGC,0,4388915
yadL_yadM_yadC_yadK_predicted,0.3333333333333333,2,2,GTGCCACGCTCACGACTCCA,0,4377706
yadL_yadM_yadC_yadK_predicted,0.3333333333333333,2,2,GTGCCAAGCGTTACTGATGG,0,4400779
yadL_yadM_yadC_yadK_predicted,0.3333333333333333,2,2,GTGCACCGTCGTCATGATCC,0,4398330
yadL_yadM_yadC_yadK_predicted,0.3333333333333333,2,2,GTGCAACCTGTTCCGTCGTG,0,4397659
yadL_yadM_yadC_yadK_predicted,0.3333333333333333,2,2,GTGAGGGCCAGTCCATAGAA,0,4390049
yadL_yadM_yadC_yadK_predicted,0.3333333333333333,2,2,GTGAGCTCCGGACGGATGTT,0,4398736
yadL_yadM_yadC_yadK_predicted,0.3333333333333333,2,2,GTCTTAAAATACGTGCGGTT,0,4392951
yadL_yadM_yadC_yadK_predicted,0.3333333333333333,2,2,GTCTCGTGGTTTCGAATGTC,0,4392956
yadL_yadM_yadC_yadK_predicted,0.3333333333333333,2,2,GTCGTCACCCTGTGTGCCTC,0,4391486
yadL_yadM_yadC_yadK_predicted,0.3333333333333333,2,2,GTCGGAGGTATTCATCAGGG,0,4370257
yadL_yadM_yadC_yadK_predicted,0.3333333333333333,2,2,GTCGCGTAATAAGGTATGAG,0,4388556
yadL_yadM_yadC_yadK_predicted,0.3333333333333333,2,2,GTCGAGCCAAGCAATATCGC,0,4398483
yadL_yadM_yadC_yadK_predicted,0.3333333333333333,2,2,GTCGAGATGGGGTTTCTAGT,0,4394948
yadL_yadM_yadC_yadK_predicted,0.3333333333333333,2,2,GTCCTGCAACAGCCGTTACG,0,4387253
yadL_yadM_yadC_yadK_predicted,0.3333333333333333,2,2,GTCCCCCGGGGCCAGGACCT,0,4394897
yadL_yadM_yadC_yadK_predicted,0.3333333333333333,2,2,GTCCCCCAGAGCACCCTTCT,0,4370882
yadL_yadM_yadC_yadK_predicted,0.3333333333333333,2,2,GTATTCTGTTCAGTCGCGTG,0,4375584
yadL_yadM_yadC_yadK_predicted,0.3333333333333333,2,2,GTAGTCAAGAATAGAGTGTT,0,4397796
yadL_yadM_yadC_yadK_predicted,0.3333333333333333,2,2,GTAGTAGAGATAGGTGCGAC,0,4384362
yadL_yadM_yadC_yadK_predicted,0.3333333333333333,2,2,GTAGGTGAGGAAGGTTCGTA,0,4392080
yadL_yadM_yadC_yadK_predicted,0.3333333333333333,2,2,GTAGCGTAGCCGCGCCAGTC,0,4390024
yadL_yadM_yadC_yadK_predicted,0.3333333333333333,2,2,GTAGCGGCGGAGGACATGGA,0,4397795
yadL_yadM_yadC_yadK_predicted,0.3333333333333333,2,2,GTAGATCTTCGCTGTACCTA,0,4381932
yadL_yadM_yadC_yadK_predicted,0.3333333333333333,2,2,GTAGACAATCCGTACAAACA,0,4394405
yadL_yadM_yadC_yadK_predicted,0.3333333333333333,2,2,GTACTTGGTCTATGACTCGG,0,4379225
yadL_yadM_yadC_yadK_predicted,0.3333333333333333,2,2,GTACGGGCTCCAAACAAGGA,0,4370975
yadL_yadM_yadC_yadK_predicted,0.3333333333333333,2,2,GTACAAAAGAAGTCTACCAA,0,4383628
yadL_yadM_yadC_yadK_predicted,0.3333333333333333,2,2,GTAATGCTCCGCGGTTCCAG,0,4377005
yadL_yadM_yadC_yadK_predicted,0.3333333333333333,2,2,GTAAATGTGTACTGCGGGCT,0,4396093
yadL_yadM_yadC_yadK_predicted,0.3333333333333333,2,2,GTAAAATAGTTCGCCAGATA,0,4386814
yadL_yadM_yadC_yadK_predicted,0.3333333333333333,2,2,GGTTTCGCAATAAGGTTTAT,0,4374478
yadL_yadM_yadC_yadK_predicted,0.3333333333333333,2,2,GGTTCCGAACGATGATGAAC,0,4401441
yadL_yadM_yadC_yadK_predicted,0.3333333333333333,2,2,GGTTAGGGACACACTAACGT,0,4377599
yadL_yadM_yadC_yadK_predicted,0.3333333333333333,2,2,GGTGCTCTGACATGCCATGG,0,4370706
yadL_yadM_yadC_yadK_predicted,0.3333333333333333,2,2,GGTCTTTGCCCTCCACGGCG,0,4397661
yadL_yadM_yadC_yadK_predicted,0.3333333333333333,2,2,GGTCCACGGTGGGGCTGTTA,0,4381134
yadL_yadM_yadC_yadK_predicted,0.3333333333333333,2,2,GGTCAGTCAACTACCGGGTC,0,4382287
yadL_yadM_yadC_yadK_predicted,0.3333333333333333,2,2,GGTCACCGGGTACACGACAC,0,4375057
yadL_yadM_yadC_yadK_predicted,0.3333333333333333,2,2,GGTACGCCCCGATCTCAGGG,0,4395443
yadL_yadM_yadC_yadK_predicted,0.3333333333333333,2,2,GGTACGACGTGATCAGGCAG,0,4372273
yadL_yadM_yadC_yadK_predicted,0.3333333333333333,2,2,GGTAACTCGCGCGAAAAATA,0,4376153
yadL_yadM_yadC_yadK_predicted,0.3333333333333333,2,2,GGGTGGCAAGCTGTCTGGTT,0,4388526
yadL_yadM_yadC_yadK_predicted,0.3333333333333333,2,2,GGGTCTTTAGGATTTGGCGT,0,4385099
yadL_yadM_yadC_yadK_predicted,0.3333333333333333,2,2,GGGTCGGATCATTGATCTAC,0,4377675
yadL_yadM_yadC_yadK_predicted,0.3333333333333333,2,2,GGGTCCCAAATGTTATGGGG,0,4395651
yadL_yadM_yadC_yadK_predicted,0.3333333333333333,2,2,GGGTATATTTTTACAGTGCC,0,4401074
yadL_yadM_yadC_yadK_predicted,0.3333333333333333,2,2,GGGGTATCTGGTCTACTACG,0,4379181
yadL_yadM_yadC_yadK_predicted,0.3333333333333333,2,2,GGGGGTTTACTTCGGTCCAG,0,4398592
yadL_yadM_yadC_yadK_predicted,0.3333333333333333,2,2,GGGGATTATAGGATACGACT,0,4390912
yadL_yadM_yadC_yadK_predicted,0.3333333333333333,2,2,GGGGATGGTTCCGTGCGCGC,0,4390307
yadL_yadM_yadC_yadK_predicted,0.3333333333333333,2,2,GGGGACAGTCGCCTCTCTTT,0,4394949
yadL_yadM_yadC_yadK_predicted,0.3333333333333333,2,2,GGGCTAATACTGTATACAAT,0,4370154
yadL_yadM_yadC_yadK_predicted,0.3333333333333333,2,2,GGGATTTGAGAAGGTCATTG,0,4399180
yadL_yadM_yadC_yadK_predicted,0.3333333333333333,2,2,GGGATAGTCCGGTGCTTGAT,0,4397152
yadL_yadM_yadC_yadK_predicted,0.3333333333333333,2,2,GGGAGCGCGTACGGACTGTT,0,4386466
yadL_yadM_yadC_yadK_predicted,0.3333333333333333,2,2,GGGACGGGCAGCGGTTACGA,0,4378928
yadL_yadM_yadC_yadK_predicted,0.3333333333333333,2,2,GGGACGGCAGGACATAGAAG,0,4394210
yadL_yadM_yadC_yadK_predicted,0.3333333333333333,2,2,GGGACGCGTCAAGCCGCCAC,0,4375909
yadL_yadM_yadC_yadK_predicted,0.3333333333333333,2,2,GGGAATGTACTGTATAGGTA,0,4376758
yadL_yadM_yadC_yadK_predicted,0.3333333333333333,2,2,GGGAAGGCTGAGTGCCGCGA,0,4383262
yadL_yadM_yadC_yadK_predicted,0.3333333333333333,2,2,GGCTTTTCCAACGCATTGTC,0,4371195
yadL_yadM_yadC_yadK_predicted,0.3333333333333333,2,2,GGCTTCCCGGTCCCCGTGGG,0,4385616
yadL_yadM_yadC_yadK_predicted,0.3333333333333333,2,2,GGCTTCAACAGAGTTCACGT,0,4401854
yadL_yadM_yadC_yadK_predicted,0.3333333333333333,2,2,GGCTGTTCGTATCACAAGGA,0,4387567
yadL_yadM_yadC_yadK_predicted,0.3333333333333333,2,2,GGCTGACTTGCTTAGTTTAT,0,4388155
yadL_yadM_yadC_yadK_predicted,0.3333333333333333,2,2,GGCTGAATACAGACCGGAAC,0,4402002
yadL_yadM_yadC_yadK_predicted,0.3333333333333333,2,2,GGCTCTGGGGTGGCATCGCT,0,4371906
yadL_yadM_yadC_yadK_predicted,0.3333333333333333,2,2,GGCTCTAAGAACCCTTTTTA,0,4371875
yadL_yadM_yadC_yadK_predicted,0.3333333333333333,2,2,GGCTCATTGCTATTGGAATG,0,4392176
yadL_yadM_yadC_yadK_predicted,0.3333333333333333,2,2,GGCGTATGCATACGTCAGAC,0,4400873
yadL_yadM_yadC_yadK_predicted,0.3333333333333333,2,2,GGCGTACTCTAGGTTATATG,0,4370980
yadL_yadM_yadC_yadK_predicted,0.3333333333333333,2,2,GGCGGCGGTATGATCAGGCC,0,4396294
yadL_yadM_yadC_yadK_predicted,0.3333333333333333,2,2,GGCGCCGATGACGCGGGCTG,0,4386920
yadL_yadM_yadC_yadK_predicted,0.3333333333333333,2,2,GGCGCCATGATCAGCTTTCC,0,4379216
yadL_yadM_yadC_yadK_predicted,0.3333333333333333,2,2,GGCCTGGTTAAGTCCCCTGT,0,4370901
yadL_yadM_yadC_yadK_predicted,0.3333333333333333,2,2,GGCCGCCGTAGTATGCCTGC,0,4371330
yadL_yadM_yadC_yadK_predicted,0.3333333333333333,2,2,GGCCGATGTAGCCAAGCTCC,0,4378933
yadL_yadM_yadC_yadK_predicted,0.3333333333333333,2,2,GGCCCTCAGGGCCGGATCTA,0,4381695
yadL_yadM_yadC_yadK_predicted,0.3333333333333333,2,2,GGCCCTAACTGTCAATACTC,0,4379186
yadL_yadM_yadC_yadK_predicted,0.3333333333333333,2,2,GGCACTACGGAAAGAGCCGT,0,4386640
yadL_yadM_yadC_yadK_predicted,0.3333333333333333,2,2,GGCAATTTGTTTCTTCAAGC,0,4388567
yadL_yadM_yadC_yadK_predicted,0.3333333333333333,2,2,GGCAAAGTACGGTATATTGG,0,4379402
yadL_yadM_yadC_yadK_predicted,0.3333333333333333,2,2,GGATTCGGTTTCAGTCGATA,0,4401586
yadL_yadM_yadC_yadK_predicted,0.3333333333333333,2,2,GGATTAGACGACAAAGACGT,0,4390835
yadL_yadM_yadC_yadK_predicted,0.3333333333333333,2,2,GGATCGGCCTAGATACACTG,0,4383693
yadL_yadM_yadC_yadK_predicted,0.3333333333333333,2,2,GGATATCGAAGTACGGTATG,0,4400222
yadL_yadM_yadC_yadK_predicted,0.3333333333333333,2,2,GGATAAAATGGCATTCACTA,0,4383308
yadL_yadM_yadC_yadK_predicted,0.3333333333333333,2,2,GGAGTATCCAGCTCGCCTGC,0,4370362
yadL_yadM_yadC_yadK_predicted,0.3333333333333333,2,2,GGAGGCAATTCGGCGTATAG,0,4378194
yadL_yadM_yadC_yadK_predicted,0.3333333333333333,2,2,GGAGCACTCAATCTGGAGGA,0,4373827
yadL_yadM_yadC_yadK_predicted,0.3333333333333333,2,2,GGACCGTATATGTGCTGAAT,0,4374903
yadL_yadM_yadC_yadK_predicted,0.3333333333333333,2,2,GGACCGATATTCTTAGGCAG,0,4378041
yadL_yadM_yadC_yadK_predicted,0.3333333333333333,2,2,GGAACCTACCCTGAGGGCAA,0,4389548
yadL_yadM_yadC_yadK_predicted,0.3333333333333333,2,2,GGAACAGATCAGGGGCCACA,0,4382054
yadL_yadM_yadC_yadK_predicted,0.3333333333333333,2,2,GCTTTTAAAGGGTTTAGCGC,0,4389815
yadL_yadM_yadC_yadK_predicted,0.3333333333333333,2,2,GCTTTGTGGGTTACGTGTCC,0,4378331
yadL_yadM_yadC_yadK_predicted,0.3333333333333333,2,2,GCTTGTGAGTGTCATTAAAC,0,4394821
yadL_yadM_yadC_yadK_predicted,0.3333333333333333,2,2,GCTGTGCTCGTCTGGAGATG,0,4370140
yadL_yadM_yadC_yadK_predicted,0.3333333333333333,2,2,GCTGCTATCTTGGGGCAAGG,0,4372784
yadL_yadM_yadC_yadK_predicted,0.3333333333333333,2,2,GCTGCGCGGCTGCGCCTCGC,0,4396183
yadL_yadM_yadC_yadK_predicted,0.3333333333333333,2,2,GCTGCAACTTCCATGCTCAT,0,4389480
yadL_yadM_yadC_yadK_predicted,0.3333333333333333,2,2,GCTCTTCGGAGTTAGGTGCA,0,4371812
yadL_yadM_yadC_yadK_predicted,0.3333333333333333,2,2,GCTCTCCACGGACGTAATCT,0,4385855
yadL_yadM_yadC_yadK_predicted,0.3333333333333333,2,2,GCTCGGAGCGCAGCAGGATC,0,4384227
yadL_yadM_yadC_yadK_predicted,0.3333333333333333,2,2,GCTCAGTCCGTAATGCTTCA,0,4376921
yadL_yadM_yadC_yadK_predicted,0.3333333333333333,2,2,GCTCAGCCTTGAGTACTGTC,0,4384583
yadL_yadM_yadC_yadK_predicted,0.3333333333333333,2,2,GCTCACGGCATACATTTATT,0,4381353
yadL_yadM_yadC_yadK_predicted,0.3333333333333333,2,2,GCTACCCCCGTTGTGTTAAT,0,4381243
yadL_yadM_yadC_yadK_predicted,0.3333333333333333,2,2,GCTACCACTCAGCTGTGCCT,0,4395972
yadL_yadM_yadC_yadK_predicted,0.3333333333333333,2,2,GCTAATTTATCGACACAGTG,0,4381289
yadL_yadM_yadC_yadK_predicted,0.3333333333333333,2,2,GCTAACTGGGAGCGCGCTCA,0,4402330
yadL_yadM_yadC_yadK_predicted,0.3333333333333333,2,2,GCGTTAGGTTACGTAGATAA,0,4392961
yadL_yadM_yadC_yadK_predicted,0.3333333333333333,2,2,GCGTTAAGTACGCTTTTCAA,0,4397393
yadL_yadM_yadC_yadK_predicted,0.3333333333333333,2,2,GCGTGGTTAGGTAATCGTAG,0,4386935
yadL_yadM_yadC_yadK_predicted,0.3333333333333333,2,2,GCGTCTGTTGGTCATATTCA,0,4389524
yadL_yadM_yadC_yadK_predicted,0.3333333333333333,2,2,GCGTCTACGCGTCGTACTGT,0,4395620
yadL_yadM_yadC_yadK_predicted,0.3333333333333333,2,2,GCGTCGTGAGAAAGAATGGC,0,4394398
yadL_yadM_yadC_yadK_predicted,0.3333333333333333,2,2,GCGTCCGTGTGACCCAGTGC,0,4392805
yadL_yadM_yadC_yadK_predicted,0.3333333333333333,2,2,GCGTCCCTGGGATCGCTATC,0,4378231
yadL_yadM_yadC_yadK_predicted,0.3333333333333333,2,2,GCGTAAACGTGGCGGCGGGT,0,4378623
yadL_yadM_yadC_yadK_predicted,0.3333333333333333,2,2,GCGGTCGCCGACATTAATGG,0,4380466
yadL_yadM_yadC_yadK_predicted,0.3333333333333333,2,2,GCGGCGCAAATTGAATGGTT,0,4402498
yadL_yadM_yadC_yadK_predicted,0.3333333333333333,2,2,GCGGCCGATCGGTCATTGAA,0,4392808
yadL_yadM_yadC_yadK_predicted,0.3333333333333333,2,2,GCGCTTTTCTTTGGTTGGAA,0,4374296
yadL_yadM_yadC_yadK_predicted,0.3333333333333333,2,2,GCGCGATAGCATTGCTGATT,0,4383488
yadL_yadM_yadC_yadK_predicted,0.3333333333333333,2,2,GCGAACTAAAAGCGCGCGTA,0,4392741
yadL_yadM_yadC_yadK_predicted,0.3333333333333333,2,2,GCGAAACCGATTCAATTGGA,0,4379292
yadL_yadM_yadC_yadK_predicted,0.3333333333333333,2,2,GCGAAAACCCTTCTCAAAAG,0,4386862
yadL_yadM_yadC_yadK_predicted,0.3333333333333333,2,2,GCCTCGTGTGTAGCTATAAG,0,4377720
yadL_yadM_yadC_yadK_predicted,0.3333333333333333,2,2,GCCTCGATACAGGGTAGACT,0,4399446
yadL_yadM_yadC_yadK_predicted,0.3333333333333333,2,2,GCCGTGGCACGGAGCCCGCA,0,4374646
yadL_yadM_yadC_yadK_predicted,0.3333333333333333,2,2,GCCGTGCTTAACGATGAGCT,0,4372721
yadL_yadM_yadC_yadK_predicted,0.3333333333333333,2,2,GCCGGGAGGTCTGGCGTACC,0,4376694
yadL_yadM_yadC_yadK_predicted,0.3333333333333333,2,2,GCCGAAGATATTAATCCTCC,0,4370531
yadL_yadM_yadC_yadK_predicted,0.3333333333333333,2,2,GCCGAAAACAAACCGCTACG,0,4383337
yadL_yadM_yadC_yadK_predicted,0.3333333333333333,2,2,GCCCTATTTCATTAAAGACC,0,4396029
yadL_yadM_yadC_yadK_predicted,0.3333333333333333,2,2,GCCCACTGTGTGGATTAAGC,0,4398355
yadL_yadM_yadC_yadK_predicted,0.3333333333333333,2,2,GCCACCGAAAAAGGATAGTT,0,4387073
yadL_yadM_yadC_yadK_predicted,0.3333333333333333,2,2,GCATTTGGAAGAGTCTCTGT,0,4392925
yadL_yadM_yadC_yadK_predicted,0.3333333333333333,2,2,GCATTAAGTGTCCTGCCGGC,0,4380672
yadL_yadM_yadC_yadK_predicted,0.3333333333333333,2,2,GCATCGGCGTCTATTTGAAA,0,4380050
yadL_yadM_yadC_yadK_predicted,0.3333333333333333,2,2,GCAGTTTCTCCATGCGTTGT,0,4376125
yadL_yadM_yadC_yadK_predicted,0.3333333333333333,2,2,GCAGGAGGAGCAATGGTCCC,0,4393186
yadL_yadM_yadC_yadK_predicted,0.3333333333333333,2,2,GCACCGCGTAAGCGGTGCAT,0,4384972
yadL_yadM_yadC_yadK_predicted,0.3333333333333333,2,2,GCACACATGGGACCCCACTA,0,4397563
yadL_yadM_yadC_yadK_predicted,0.3333333333333333,2,2,GCAATTGTCGCGCCGCACCT,0,4374214
yadL_yadM_yadC_yadK_predicted,0.3333333333333333,2,2,GCAAGCAGACTTAATCCAAG,0,4389825
yadL_yadM_yadC_yadK_predicted,0.3333333333333333,2,2,GCAACGCCTCGGGAGCAATT,0,4376722
yadL_yadM_yadC_yadK_predicted,0.3333333333333333,2,2,GCAACCAGATACTAAAATGG,0,4387838
yadL_yadM_yadC_yadK_predicted,0.3333333333333333,2,2,GCAACAAGGTACTGCGGTAC,0,4371567
yadL_yadM_yadC_yadK_predicted,0.3333333333333333,2,2,GCAAATGTAACGGTTTCTCG,0,4397714
yadL_yadM_yadC_yadK_predicted,0.3333333333333333,2,2,GCAAACAGGCAAACCTAACA,0,4380740
yadL_yadM_yadC_yadK_predicted,0.3333333333333333,2,2,GCAAAAATGAGATAAACGCA,0,4373108
yadL_yadM_yadC_yadK_predicted,0.3333333333333333,2,2,GATTTGACGGTTAACTTCCA,0,4393250
yadL_yadM_yadC_yadK_predicted,0.3333333333333333,2,2,GATTTCAATCGGTGGCGATC,0,4381095
yadL_yadM_yadC_yadK_predicted,0.3333333333333333,2,2,GATTGAGTAGGCCGCACATG,0,4373879
yadL_yadM_yadC_yadK_predicted,0.3333333333333333,2,2,GATTCCGGTGGGTTTGATTA,0,4385691
yadL_yadM_yadC_yadK_predicted,0.3333333333333333,2,2,GATTAACATGGTAGTTTAGG,0,4371120
yadL_yadM_yadC_yadK_predicted,0.3333333333333333,2,2,GATGTTATTACGCACGTTTT,0,4373640
yadL_yadM_yadC_yadK_predicted,0.3333333333333333,2,2,GATGTGACTGGGTGGAGTCG,0,4386468
yadL_yadM_yadC_yadK_predicted,0.3333333333333333,2,2,GATGGCGTCACCCCGCTACA,0,4386840
yadL_yadM_yadC_yadK_predicted,0.3333333333333333,2,2,GATGACGACGTGTTTAAAGA,0,4380944
yadL_yadM_yadC_yadK_predicted,0.3333333333333333,2,2,GATCTCGACATCGTTTTATA,0,4393475
yadL_yadM_yadC_yadK_predicted,0.3333333333333333,2,2,GATCGACTCATTCTATAAGA,0,4384164
yadL_yadM_yadC_yadK_predicted,0.3333333333333333,2,2,GATCCTAAGGAGCTAAATAT,0,4396296
yadL_yadM_yadC_yadK_predicted,0.3333333333333333,2,2,GATCCGCAAGGTTGGGTGTA,0,4391197
yadL_yadM_yadC_yadK_predicted,0.3333333333333333,2,2,GATCCGAGCCGAAACAAGGG,0,4393540
yadL_yadM_yadC_yadK_predicted,0.3333333333333333,2,2,GATCCCTGGACATCCCCAAC,0,4392953
yadL_yadM_yadC_yadK_predicted,0.3333333333333333,2,2,GATCCCCGCTTCGGGCGTGT,0,4385451
yadL_yadM_yadC_yadK_predicted,0.3333333333333333,2,2,GATATCGGTAAGCCCATCAC,0,4378507
yadL_yadM_yadC_yadK_predicted,0.3333333333333333,2,2,GATATATGGGCATTTGTCAG,0,4399435
yadL_yadM_yadC_yadK_predicted,0.3333333333333333,2,2,GATAGCTCCTAGCCTAGGTT,0,4391044
yadL_yadM_yadC_yadK_predicted,0.3333333333333333,2,2,GATAAGGATTTAGGTCGTGT,0,4376877
yadL_yadM_yadC_yadK_predicted,0.3333333333333333,2,2,GATAAATTAAAGGATATAGG,0,4371973
yadL_yadM_yadC_yadK_predicted,0.3333333333333333,2,2,GAGTTGTGGGAGTGATCGTA,0,4387099
yadL_yadM_yadC_yadK_predicted,0.3333333333333333,2,2,GAGTTCATATACACTGTTAC,0,4380077
yadL_yadM_yadC_yadK_predicted,0.3333333333333333,2,2,GAGTGTCTTCTAGATCCGGT,0,4401893
yadL_yadM_yadC_yadK_predicted,0.3333333333333333,2,2,GAGTCTATTCCTTAGGGGAC,0,4386460
yadL_yadM_yadC_yadK_predicted,0.3333333333333333,2,2,GAGTCATACCTCGCTACACT,0,4374284
yadL_yadM_yadC_yadK_predicted,0.3333333333333333,2,2,GAGTAGCGACTTGCATTATT,0,4401732
yadL_yadM_yadC_yadK_predicted,0.3333333333333333,2,2,GAGGTCCGGATAAGCGCTAA,0,4376684
yadL_yadM_yadC_yadK_predicted,0.3333333333333333,2,2,GAGGTCATTGCGAACCCGAT,0,4380452
yadL_yadM_yadC_yadK_predicted,0.3333333333333333,2,2,GAGGTACCAGACCGGTCTAC,0,4391463
yadL_yadM_yadC_yadK_predicted,0.3333333333333333,2,2,GAGGGGGGCAAGATAATGCA,0,4372354
yadL_yadM_yadC_yadK_predicted,0.3333333333333333,2,2,GAGGCTGCATATCCTCCGGA,0,4373115
yadL_yadM_yadC_yadK_predicted,0.3333333333333333,2,2,GAGCAGTAAAGGACTGTCAC,0,4391732
yadL_yadM_yadC_yadK_predicted,0.3333333333333333,2,2,GAGCAAACCTATGAGGATTT,0,4377755
yadL_yadM_yadC_yadK_predicted,0.3333333333333333,2,2,GAGATTGTCGATCGTATCGC,0,4396038
yadL_yadM_yadC_yadK_predicted,0.3333333333333333,2,2,GAGATGAGTTGGCAATGCGT,0,4401742
yadL_yadM_yadC_yadK_predicted,0.3333333333333333,2,2,GAGATATTGCTGCACTGGAT,0,4394907
yadL_yadM_yadC_yadK_predicted,0.3333333333333333,2,2,GAGAGTCAGTAAGCACCTTG,0,4382172
yadL_yadM_yadC_yadK_predicted,0.3333333333333333,2,2,GAGACCTACGCCTGTCTACA,0,4399765
yadL_yadM_yadC_yadK_predicted,0.3333333333333333,2,2,GAGAAGCGAGGTGAAGACCT,0,4391298
yadL_yadM_yadC_yadK_predicted,0.3333333333333333,2,2,GACTTGCGGATACACGCGGA,0,4377150
yadL_yadM_yadC_yadK_predicted,0.3333333333333333,2,2,GACTGTAGTATGGGTTCACG,0,4371479
yadL_yadM_yadC_yadK_predicted,0.3333333333333333,2,2,GACTGGACAGCTACAGGCCC,0,4399951
yadL_yadM_yadC_yadK_predicted,0.3333333333333333,2,2,GACTGCCCCAGACGCACAAG,0,4399170
yadL_yadM_yadC_yadK_predicted,0.3333333333333333,2,2,GACTGCAGGCTAGGGCACGG,0,4389241
yadL_yadM_yadC_yadK_predicted,0.3333333333333333,2,2,GACTGAGGCTTACGGCGTGG,0,4379068
yadL_yadM_yadC_yadK_predicted,0.3333333333333333,2,2,GACTCCGCTCTGATGCCAGC,0,4376160
yadL_yadM_yadC_yadK_predicted,0.3333333333333333,2,2,GACTAGGTGCTATAGCAATA,0,4380071
yadL_yadM_yadC_yadK_predicted,0.3333333333333333,2,2,GACTAATTAGCGGCCGCAAT,0,4383032
yadL_yadM_yadC_yadK_predicted,0.3333333333333333,2,2,GACGACTCTTCCATAACGAG,0,4391739
yadL_yadM_yadC_yadK_predicted,0.3333333333333333,2,2,GACCGTCTAAGTTGTATATA,0,4371277
yadL_yadM_yadC_yadK_predicted,0.3333333333333333,2,2,GACCGGTTCGATTTCTGTTT,0,4399220
yadL_yadM_yadC_yadK_predicted,0.3333333333333333,2,2,GACCGCCGTTACTAACGTAC,0,4388609
yadL_yadM_yadC_yadK_predicted,0.3333333333333333,2,2,GACCCTGGGGTTCCCAATAC,0,4401186
yadL_yadM_yadC_yadK_predicted,0.3333333333333333,2,2,GACCAGGTATGGCCTCACTG,0,4393677
yadL_yadM_yadC_yadK_predicted,0.3333333333333333,2,2,GACATCCGCAGACTATAACC,0,4375006
yadL_yadM_yadC_yadK_predicted,0.3333333333333333,2,2,GACAGAGGCAATCATAAGGT,0,4374405
yadL_yadM_yadC_yadK_predicted,0.3333333333333333,2,2,GACACTCACGAAAGTCTATG,0,4391143
yadL_yadM_yadC_yadK_predicted,0.3333333333333333,2,2,GACACCGACGATTTAAAAGA,0,4395251
yadL_yadM_yadC_yadK_predicted,0.3333333333333333,2,2,GACACACGCACGGGCATCGG,0,4394277
yadL_yadM_yadC_yadK_predicted,0.3333333333333333,2,2,GACAATGTAAAGCCGTCTAG,0,4384546
yadL_yadM_yadC_yadK_predicted,0.3333333333333333,2,2,GACAACGCACTAAGGAGATC,0,4372244
yadL_yadM_yadC_yadK_predicted,0.3333333333333333,2,2,GAATTAGGTAGCTCCAGCGA,0,4399930
yadL_yadM_yadC_yadK_predicted,0.3333333333333333,2,2,GAATGTTGACCATCGTATGG,0,4400227
yadL_yadM_yadC_yadK_predicted,0.3333333333333333,2,2,GAATGTAGTGAACATTGATA,0,4396528
yadL_yadM_yadC_yadK_predicted,0.3333333333333333,2,2,GAATGCACTGGCAAGGTTAA,0,4373996
yadL_yadM_yadC_yadK_predicted,0.3333333333333333,2,2,GAATCGGACGGGTCATACAT,0,4388048
yadL_yadM_yadC_yadK_predicted,0.3333333333333333,2,2,GAATAGGTCAGACTTACGTG,0,4381706
yadL_yadM_yadC_yadK_predicted,0.3333333333333333,2,2,GAAGTGTAACCATCGGGGAC,0,4377708
yadL_yadM_yadC_yadK_predicted,0.3333333333333333,2,2,GAAGTGCACCCTTCAACGAA,0,4391550
yadL_yadM_yadC_yadK_predicted,0.3333333333333333,2,2,GAAGTCTTCTGCTTTCCGTG,0,4400777
yadL_yadM_yadC_yadK_predicted,0.3333333333333333,2,2,GAAGGTTTTCATGTCCGCTA,0,4400893
yadL_yadM_yadC_yadK_predicted,0.3333333333333333,2,2,GAAGGTATTCTCTGCTTAGT,0,4384824
yadL_yadM_yadC_yadK_predicted,0.3333333333333333,2,2,GAAGGGTTGCCGAATTATAG,0,4383759
yadL_yadM_yadC_yadK_predicted,0.3333333333333333,2,2,GAAGCGTCTGAGTGGGCTGC,0,4391998
yadL_yadM_yadC_yadK_predicted,0.3333333333333333,2,2,GAAGAGGTTACTGCGGGAGT,0,4374560
yadL_yadM_yadC_yadK_predicted,0.3333333333333333,2,2,GAAGAAATGGATTATACTTT,0,4380208
yadL_yadM_yadC_yadK_predicted,0.3333333333333333,2,2,GAACGCTGGAGGAAGTTAAT,0,4401773
yadL_yadM_yadC_yadK_predicted,0.3333333333333333,2,2,GAAAGATTGCTCAAAGAGTG,0,4371158
yadL_yadM_yadC_yadK_predicted,0.3333333333333333,2,2,GAAAGAAGGTGTAGAACTGT,0,4372137
yadL_yadM_yadC_yadK_predicted,0.3333333333333333,2,2,GAAACCCGTAGTTCCTCCGG,0,4394355
yadL_yadM_yadC_yadK_predicted,0.3333333333333333,2,2,CTTTAGTTCAGTCCACAAAA,0,4373130
yadL_yadM_yadC_yadK_predicted,0.3333333333333333,2,2,CTTTAGAGCGCCCATCTGTT,0,4387347
yadL_yadM_yadC_yadK_predicted,0.3333333333333333,2,2,CTTGATTAAACGGACTCGAA,0,4383365
yadL_yadM_yadC_yadK_predicted,0.3333333333333333,2,2,CTTGAAAAGTGTGCAGTCTA,0,4397566
yadL_yadM_yadC_yadK_predicted,0.3333333333333333,2,2,CTTCGCACGGGTGTCCCTTG,0,4387888
yadL_yadM_yadC_yadK_predicted,0.3333333333333333,2,2,CTTCGACGGTATCGCTGGGT,0,4370100
yadL_yadM_yadC_yadK_predicted,0.3333333333333333,2,2,CTTCCAGAGTCGAATAAAAA,0,4385791
yadL_yadM_yadC_yadK_predicted,0.3333333333333333,2,2,CTTCACTTTTGTGTAATTTG,0,4390710
yadL_yadM_yadC_yadK_predicted,0.3333333333333333,2,2,CTTATATCAGGACAATTCAG,0,4387749
yadL_yadM_yadC_yadK_predicted,0.3333333333333333,2,2,CTTAGGGTTTTGTGGATTCC,0,4388797
yadL_yadM_yadC_yadK_predicted,0.3333333333333333,2,2,CTTAGACCTACGCGCAACAG,0,4377259
yadL_yadM_yadC_yadK_predicted,0.3333333333333333,2,2,CTTAATCGCCAATAGTAGAT,0,4384678
yadL_yadM_yadC_yadK_predicted,0.3333333333333333,2,2,CTGTCATTTAGGCATAGTGT,0,4370580
yadL_yadM_yadC_yadK_predicted,0.3333333333333333,2,2,CTGTAAGGGTAGGCCCATAT,0,4386389
yadL_yadM_yadC_yadK_predicted,0.3333333333333333,2,2,CTGGTTGGCTTGACGCCGGG,0,4375881
yadL_yadM_yadC_yadK_predicted,0.3333333333333333,2,2,CTGGGTGGCTACAAACGGGC,0,4374852
yadL_yadM_yadC_yadK_predicted,0.3333333333333333,2,2,CTGGCTACTTCATGGTCAGT,0,4401870
yadL_yadM_yadC_yadK_predicted,0.3333333333333333,2,2,CTGGCGCGTAAAAGTCGATA,0,4396409
yadL_yadM_yadC_yadK_predicted,0.3333333333333333,2,2,CTGGACACATTCTTTTAGTA,0,4380447
yadL_yadM_yadC_yadK_predicted,0.3333333333333333,2,2,CTGCTGAGTATCTCCCGACC,0,4379802
yadL_yadM_yadC_yadK_predicted,0.3333333333333333,2,2,CTGCCTCACTGATATGGAAA,0,4390893
yadL_yadM_yadC_yadK_predicted,0.3333333333333333,2,2,CTGCCATACCCGTTAATCCC,0,4372405
yadL_yadM_yadC_yadK_predicted,0.3333333333333333,2,2,CTGCATGTTCCCGCAACGGT,0,4396401
yadL_yadM_yadC_yadK_predicted,0.3333333333333333,2,2,CTGAGGTGAGCCGATTAGTG,0,4377037
yadL_yadM_yadC_yadK_predicted,0.3333333333333333,2,2,CTGAGCTATTTAGCAGTTAA,0,4395998
yadL_yadM_yadC_yadK_predicted,0.3333333333333333,2,2,CTGACTACGTCATATCCGAA,0,4385884
yadL_yadM_yadC_yadK_predicted,0.3333333333333333,2,2,CTCTTGTGTAGCCGTCAGAG,0,4378588
yadL_yadM_yadC_yadK_predicted,0.3333333333333333,2,2,CTCTCCATCGAACCTTCCAT,0,4390613
yadL_yadM_yadC_yadK_predicted,0.3333333333333333,2,2,CTCGTCTCAAGACCCTTTTT,0,4397495
yadL_yadM_yadC_yadK_predicted,0.3333333333333333,2,2,CTCGGCGGGGGGGTTTTCTT,0,4385736
yadL_yadM_yadC_yadK_predicted,0.3333333333333333,2,2,CTCGGAGTCTGATTAGTCTG,0,4390013
yadL_yadM_yadC_yadK_predicted,0.3333333333333333,2,2,CTCGCTGTGGCCGAGGCAAT,0,4388060
yadL_yadM_yadC_yadK_predicted,0.3333333333333333,2,2,CTCCTGCTAATGTTACTAGC,0,4370443
yadL_yadM_yadC_yadK_predicted,0.3333333333333333,2,2,CTCCACTTTAGCTAGTGTGC,0,4389321
yadL_yadM_yadC_yadK_predicted,0.3333333333333333,2,2,CTCATTCAGGATACACAGGT,0,4381620
yadL_yadM_yadC_yadK_predicted,0.3333333333333333,2,2,CTCATAGACTGAGTGACAGC,0,4374147
yadL_yadM_yadC_yadK_predicted,0.3333333333333333,2,2,CTCAGGCTCATGTCACTAAG,0,4395991
yadL_yadM_yadC_yadK_predicted,0.3333333333333333,2,2,CTCAGGAGATTGCGGTTGTC,0,4391928
yadL_yadM_yadC_yadK_predicted,0.3333333333333333,2,2,CTCAGAGCCTTAGCTGCAAT,0,4398113
yadL_yadM_yadC_yadK_predicted,0.3333333333333333,2,2,CTCAACTGGTTACTCCTATT,0,4375532
yadL_yadM_yadC_yadK_predicted,0.3333333333333333,2,2,CTATGGAGGCCACATTCCCA,0,4371794
yadL_yadM_yadC_yadK_predicted,0.3333333333333333,2,2,CTATCACTAACATTTGACCA,0,4376052
yadL_yadM_yadC_yadK_predicted,0.3333333333333333,2,2,CTATAGGGGGGGTCATAATT,0,4393661
yadL_yadM_yadC_yadK_predicted,0.3333333333333333,2,2,CTAGTTTCATATCATACGTC,0,4375950
yadL_yadM_yadC_yadK_predicted,0.3333333333333333,2,2,CTAGTGCATACAGATTGGGT,0,4402275
yadL_yadM_yadC_yadK_predicted,0.3333333333333333,2,2,CTAGGGACTAGATGGCTCTC,0,4383522
yadL_yadM_yadC_yadK_predicted,0.3333333333333333,2,2,CTAGCCCGGGCAAGACCCTA,0,4402204
yadL_yadM_yadC_yadK_predicted,0.3333333333333333,2,2,CTAGATGGAGGCGAAATTAT,0,4371229
yadL_yadM_yadC_yadK_predicted,0.3333333333333333,2,2,CTAGAACGCAGGGGTTTAAC,0,4394593
yadL_yadM_yadC_yadK_predicted,0.3333333333333333,2,2,CTACCTACTTAGGAATGTAG,0,4396316
yadL_yadM_yadC_yadK_predicted,0.3333333333333333,2,2,CTACATTTTGATGTGTTACA,0,4399806
yadL_yadM_yadC_yadK_predicted,0.3333333333333333,2,2,CTACACATCAAATGGAAGTT,0,4372868
yadL_yadM_yadC_yadK_predicted,0.3333333333333333,2,2,CTAAGGTTGCACACGTAATG,0,4378192
yadL_yadM_yadC_yadK_predicted,0.3333333333333333,2,2,CTAAGCCTGTAACGTTGTAA,0,4386945
yadL_yadM_yadC_yadK_predicted,0.3333333333333333,2,2,CTAACTTGGATTCTGACGCG,0,4379295
yadL_yadM_yadC_yadK_predicted,0.3333333333333333,2,2,CTAAACGCGTTACGTGTACA,0,4383263
yadL_yadM_yadC_yadK_predicted,0.3333333333333333,2,2,CGTGTTTTATTAAGGAGCCT,0,4399077
yadL_yadM_yadC_yadK_predicted,0.3333333333333333,2,2,CGTGGGTTGTTACCAGATAC,0,4382802
yadL_yadM_yadC_yadK_predicted,0.3333333333333333,2,2,CGTGGCACACTCCGTCCAAG,0,4377496
yadL_yadM_yadC_yadK_predicted,0.3333333333333333,2,2,CGTGGATTGTCATGGTGGAT,0,4399343
yadL_yadM_yadC_yadK_predicted,0.3333333333333333,2,2,CGTGGAAGGAACTTGCTTTA,0,4401560
yadL_yadM_yadC_yadK_predicted,0.3333333333333333,2,2,CGTGATGGATCCTTGCGGTG,0,4377454
yadL_yadM_yadC_yadK_predicted,0.3333333333333333,2,2,CGTCTGTTGACCAGCAGGGA,0,4372873
yadL_yadM_yadC_yadK_predicted,0.3333333333333333,2,2,CGTCTCCGAGTAAGATACAT,0,4383066
yadL_yadM_yadC_yadK_predicted,0.3333333333333333,2,2,CGTCTATCCACACCTTCAGC,0,4389924
yadL_yadM_yadC_yadK_predicted,0.3333333333333333,2,2,CGTCTAACGGCCGCCGCTTT,0,4381367
yadL_yadM_yadC_yadK_predicted,0.3333333333333333,2,2,CGTCGGGTCAATTTTGTAAG,0,4387041
yadL_yadM_yadC_yadK_predicted,0.3333333333333333,2,2,CGTCGCTAGTCTCAGTTAAT,0,4399936
yadL_yadM_yadC_yadK_predicted,0.3333333333333333,2,2,CGTCCCTTCGTAGAGTTTCT,0,4399983
yadL_yadM_yadC_yadK_predicted,0.3333333333333333,2,2,CGTCCCCACCTGTAATTCCA,0,4384267
yadL_yadM_yadC_yadK_predicted,0.3333333333333333,2,2,CGTCATCGAGCCCGATAGTG,0,4398335
yadL_yadM_yadC_yadK_predicted,0.3333333333333333,2,2,CGTAGGAACCGTTGGAGTGT,0,4386101
yadL_yadM_yadC_yadK_predicted,0.3333333333333333,2,2,CGTAGATCTTTACCTTGTCC,0,4387100
yadL_yadM_yadC_yadK_predicted,0.3333333333333333,2,2,CGTACGGGCACGCACAGGGT,0,4399050
yadL_yadM_yadC_yadK_predicted,0.3333333333333333,2,2,CGTAAGGGTCCACTGCCCCT,0,4398663
yadL_yadM_yadC_yadK_predicted,0.3333333333333333,2,2,CGTAAGGGCCACAATAAAGT,0,4377993
yadL_yadM_yadC_yadK_predicted,0.3333333333333333,2,2,CGTAAGAGGAAACCGTGCGG,0,4380000
yadL_yadM_yadC_yadK_predicted,0.3333333333333333,2,2,CGGTTGTCCTCGCATAATTG,0,4389053
yadL_yadM_yadC_yadK_predicted,0.3333333333333333,2,2,CGGTTGGCCCGTGAAGTAGT,0,4395468
yadL_yadM_yadC_yadK_predicted,0.3333333333333333,2,2,CGGTGGCCAGGGCATAATCT,0,4397297
yadL_yadM_yadC_yadK_predicted,0.3333333333333333,2,2,CGGTGCGGTAATCGAAGCTC,0,4386931
yadL_yadM_yadC_yadK_predicted,0.3333333333333333,2,2,CGGTCAATGTTAATCATGGC,0,4394323
yadL_yadM_yadC_yadK_predicted,0.3333333333333333,2,2,CGGTATGGGCTCGAACGATC,0,4390031
yadL_yadM_yadC_yadK_predicted,0.3333333333333333,2,2,CGGGTTTGATGCCCGGGCCC,0,4397539
yadL_yadM_yadC_yadK_predicted,0.3333333333333333,2,2,CGGGTCATCCCTTTATTTCA,0,4380995
yadL_yadM_yadC_yadK_predicted,0.3333333333333333,2,2,CGGGTATCAGATCTAGGGGT,0,4392378
yadL_yadM_yadC_yadK_predicted,0.3333333333333333,2,2,CGGGCTTGGAGTATGCCAGT,0,4401628
yadL_yadM_yadC_yadK_predicted,0.3333333333333333,2,2,CGGGATACCATAGGTTTACA,0,4377842
yadL_yadM_yadC_yadK_predicted,0.3333333333333333,2,2,CGGGAAAGGGAGTGACAATG,0,4377995
yadL_yadM_yadC_yadK_predicted,0.3333333333333333,2,2,CGGCGTCTGGGCTTTTTTTA,0,4384964
yadL_yadM_yadC_yadK_predicted,0.3333333333333333,2,2,CGGCGTCAGGCACTTAAGAA,0,4372406
yadL_yadM_yadC_yadK_predicted,0.3333333333333333,2,2,CGGCGATTTTTCAGTAACAC,0,4391549
yadL_yadM_yadC_yadK_predicted,0.3333333333333333,2,2,CGGCCTTATTACACCATGTT,0,4397167
yadL_yadM_yadC_yadK_predicted,0.3333333333333333,2,2,CGGCCCAATGTGCTGTCACT,0,4388377
yadL_yadM_yadC_yadK_predicted,0.3333333333333333,2,2,CGGCCAAAGCCATCGGTTCA,0,4392826
yadL_yadM_yadC_yadK_predicted,0.3333333333333333,2,2,CGGATCCTGTTTTAATGGTG,0,4399172
yadL_yadM_yadC_yadK_predicted,0.3333333333333333,2,2,CGGATAGTCTTTTGCTTAAC,0,4383245
yadL_yadM_yadC_yadK_predicted,0.3333333333333333,2,2,CGGAGCACACGACGTCTAAG,0,4373573
yadL_yadM_yadC_yadK_predicted,0.3333333333333333,2,2,CGGACAGTCAGAGGACAGAT,0,4387418
yadL_yadM_yadC_yadK_predicted,0.3333333333333333,2,2,CGGAATTATTCGGTGAGTAG,0,4390443
yadL_yadM_yadC_yadK_predicted,0.3333333333333333,2,2,CGGAATAACTTAACAATTGA,0,4397270
yadL_yadM_yadC_yadK_predicted,0.3333333333333333,2,2,CGGAAGCTTCATAACTGGAC,0,4383969
yadL_yadM_yadC_yadK_predicted,0.3333333333333333,2,2,CGCTGGCTGATGACGGGTAC,0,4370371
yadL_yadM_yadC_yadK_predicted,0.3333333333333333,2,2,CGCTCCCTCGCGTGGTGCAG,0,4400096
yadL_yadM_yadC_yadK_predicted,0.3333333333333333,2,2,CGCTATTGGTTGCCAGGCGT,0,4400647
yadL_yadM_yadC_yadK_predicted,0.3333333333333333,2,2,CGCTATCACTGACGAGGGAT,0,4372262
yadL_yadM_yadC_yadK_predicted,0.3333333333333333,2,2,CGCGTAAGGCCTCCTTGGAG,0,4385337
yadL_yadM_yadC_yadK_predicted,0.3333333333333333,2,2,CGCGGGGATTTCGTACAGAT,0,4388480
yadL_yadM_yadC_yadK_predicted,0.3333333333333333,2,2,CGCGGGAACCCGGATTGGCA,0,4388727
yadL_yadM_yadC_yadK_predicted,0.3333333333333333,2,2,CGCCTAGATGACCCATAATG,0,4395828
yadL_yadM_yadC_yadK_predicted,0.3333333333333333,2,2,CGCCGGGCAGGCGCAATGAG,0,4371870
yadL_yadM_yadC_yadK_predicted,0.3333333333333333,2,2,CGCCGCATTTGCGTACGTGT,0,4377018
yadL_yadM_yadC_yadK_predicted,0.3333333333333333,2,2,CGCCATCATGCCACGACATG,0,4373738
yadL_yadM_yadC_yadK_predicted,0.3333333333333333,2,2,CGCCACTGTGAGCATGAATA,0,4378488
yadL_yadM_yadC_yadK_predicted,0.3333333333333333,2,2,CGCCAACTTTGGGGACTGAT,0,4372576
yadL_yadM_yadC_yadK_predicted,0.3333333333333333,2,2,CGCAGGACCGCTGTCATTAG,0,4386553
yadL_yadM_yadC_yadK_predicted,0.3333333333333333,2,2,CGCAGATATACGGGACAGTT,0,4377466
yadL_yadM_yadC_yadK_predicted,0.3333333333333333,2,2,CGATGACCAGTTGGATCTGT,0,4387122
yadL_yadM_yadC_yadK_predicted,0.3333333333333333,2,2,CGATGAAGATAACAACTGCG,0,4397894
yadL_yadM_yadC_yadK_predicted,0.3333333333333333,2,2,CGATCACATCTAAATCGCTA,0,4384833
yadL_yadM_yadC_yadK_predicted,0.3333333333333333,2,2,CGAGGTATTTACGGTATATA,0,4389690
yadL_yadM_yadC_yadK_predicted,0.3333333333333333,2,2,CGAGGGTTTTCAGGTTCGAT,0,4379724
yadL_yadM_yadC_yadK_predicted,0.3333333333333333,2,2,CGAGGGCATGACGCCCGTGG,0,4384806
yadL_yadM_yadC_yadK_predicted,0.3333333333333333,2,2,CGAGCATCACAACCCCCTCT,0,4395312
yadL_yadM_yadC_yadK_predicted,0.3333333333333333,2,2,CGACTGGCGAAGAGGCCGCG,0,4387455
yadL_yadM_yadC_yadK_predicted,0.3333333333333333,2,2,CGACGTGCAACGGATCAGGT,0,4392402
yadL_yadM_yadC_yadK_predicted,0.3333333333333333,2,2,CCTTTTGGCACTAGTGTCCG,0,4399276
yadL_yadM_yadC_yadK_predicted,0.3333333333333333,2,2,CCTTTTAGTACGTACTTATT,0,4387021
yadL_yadM_yadC_yadK_predicted,0.3333333333333333,2,2,CCTTGTAGGCACCGTAGCGC,0,4372905
yadL_yadM_yadC_yadK_predicted,0.3333333333333333,2,2,CCTTGAGAAAGCTACGGCCT,0,4397422
yadL_yadM_yadC_yadK_predicted,0.3333333333333333,2,2,CCTTCCTGAGGTCTTTCCTT,0,4379372
yadL_yadM_yadC_yadK_predicted,0.3333333333333333,2,2,CCTTCATGTGCGTGCTTCTT,0,4392037
yadL_yadM_yadC_yadK_predicted,0.3333333333333333,2,2,CCTTATGTTCGAATGCCAGA,0,4374390
yadL_yadM_yadC_yadK_predicted,0.3333333333333333,2,2,CCTTACCGGACATCGGCTCT,0,4381810
yadL_yadM_yadC_yadK_predicted,0.3333333333333333,2,2,CCTGCCCCGTAGGAGGGTGA,0,4395634
yadL_yadM_yadC_yadK_predicted,0.3333333333333333,2,2,CCTCTATTTGCCATCTTAAA,0,4393748
yadL_yadM_yadC_yadK_predicted,0.3333333333333333,2,2,CCTCAGGCGCTGTGTGTACT,0,4394714
yadL_yadM_yadC_yadK_predicted,0.3333333333333333,2,2,CCTAGTCATCCGTCATTTCG,0,4389362
yadL_yadM_yadC_yadK_predicted,0.3333333333333333,2,2,CCTAGGTGGCACTAGAAGTC,0,4390439
yadL_yadM_yadC_yadK_predicted,0.3333333333333333,2,2,CCGTGTGTCTAGATTGCGGC,0,4383540
yadL_yadM_yadC_yadK_predicted,0.3333333333333333,2,2,CCGTGTACCGGACGCGAATG,0,4378461
yadL_yadM_yadC_yadK_predicted,0.3333333333333333,2,2,CCGTGGACTCTTTCACAACA,0,4377937
yadL_yadM_yadC_yadK_predicted,0.3333333333333333,2,2,CCGTGATAATACCCTTCAGC,0,4402092
yadL_yadM_yadC_yadK_predicted,0.3333333333333333,2,2,CCGTATCTGGCAAGCCATTT,0,4375754
yadL_yadM_yadC_yadK_predicted,0.3333333333333333,2,2,CCGGTCAGTTGTGTTTCGAA,0,4388629
yadL_yadM_yadC_yadK_predicted,0.3333333333333333,2,2,CCGGTCAAGTCGTGCAATGT,0,4386234
yadL_yadM_yadC_yadK_predicted,0.3333333333333333,2,2,CCGGGCCTCTAGCAACGTCT,0,4385069
yadL_yadM_yadC_yadK_predicted,0.3333333333333333,2,2,CCGGCGGTATTAATAGGTCC,0,4377683
yadL_yadM_yadC_yadK_predicted,0.3333333333333333,2,2,CCGGAGGGAGTTACAGCTAT,0,4390205
yadL_yadM_yadC_yadK_predicted,0.3333333333333333,2,2,CCGGACGCTGCGCGACCTGA,0,4396774
yadL_yadM_yadC_yadK_predicted,0.3333333333333333,2,2,CCGGACGATTCCGGTCTCGG,0,4372134
yadL_yadM_yadC_yadK_predicted,0.3333333333333333,2,2,CCGGACCGACTCGCTCCTTT,0,4373399
yadL_yadM_yadC_yadK_predicted,0.3333333333333333,2,2,CCGGAATTTCTGCCATAGAT,0,4375841
yadL_yadM_yadC_yadK_predicted,0.3333333333333333,2,2,CCGCGTATACAGCGCGCAGT,0,4390157
yadL_yadM_yadC_yadK_predicted,0.3333333333333333,2,2,CCGCCAGAGAGGGGCACGTA,0,4379308
yadL_yadM_yadC_yadK_predicted,0.3333333333333333,2,2,CCGCCACACCAGTTGCCCAT,0,4386100
yadL_yadM_yadC_yadK_predicted,0.3333333333333333,2,2,CCGCAACAAGCGGTAACTAA,0,4378529
yadL_yadM_yadC_yadK_predicted,0.3333333333333333,2,2,CCGATACAAACAAGTTGAAC,0,4397213
yadL_yadM_yadC_yadK_predicted,0.3333333333333333,2,2,CCCTATAGACACCTCGAATA,0,4383930
yadL_yadM_yadC_yadK_predicted,0.3333333333333333,2,2,CCCTAAAGCCGCGCGGTCGA,0,4399004
yadL_yadM_yadC_yadK_predicted,0.3333333333333333,2,2,CCCGGGAGGACACAGGTATG,0,4400766
yadL_yadM_yadC_yadK_predicted,0.3333333333333333,2,2,CCCGCGACCTTAATTGCGGT,0,4383529
yadL_yadM_yadC_yadK_predicted,0.3333333333333333,2,2,CCCGAGGTAAGAATTAATCT,0,4384807
yadL_yadM_yadC_yadK_predicted,0.3333333333333333,2,2,CCCCTCGGGTCGTGTGGACT,0,4380833
yadL_yadM_yadC_yadK_predicted,0.3333333333333333,2,2,CCCCCTAGCCTACTCGATGT,0,4383976
yadL_yadM_yadC_yadK_predicted,0.3333333333333333,2,2,CCCCATTGAAACTCTAACTT,0,4378379
yadL_yadM_yadC_yadK_predicted,0.3333333333333333,2,2,CCCCATACCCCGCCAAAGCG,0,4394521
yadL_yadM_yadC_yadK_predicted,0.3333333333333333,2,2,CCCCAGGTACATCCCGATAG,0,4382461
yadL_yadM_yadC_yadK_predicted,0.3333333333333333,2,2,CCCACGGCAAAATGGGGACA,0,4386738
yadL_yadM_yadC_yadK_predicted,0.3333333333333333,2,2,CCCAATGTTTTCCAGCTCAG,0,4378900
yadL_yadM_yadC_yadK_predicted,0.3333333333333333,2,2,CCCAATGCGACTACAATGCT,0,4371152
yadL_yadM_yadC_yadK_predicted,0.3333333333333333,2,2,CCATTTAAGTCTTATTAGTT,0,4379459
yadL_yadM_yadC_yadK_predicted,0.3333333333333333,2,2,CCATGTCCAACGCCTGAATC,0,4387034
yadL_yadM_yadC_yadK_predicted,0.3333333333333333,2,2,CCATGCCAAGCACGGTGCAA,0,4380084
yadL_yadM_yadC_yadK_predicted,0.3333333333333333,2,2,CCATGCCAACGGACTTATAA,0,4394184
yadL_yadM_yadC_yadK_predicted,0.3333333333333333,2,2,CCAGGGAAGTTTGGGATGGT,0,4402130
yadL_yadM_yadC_yadK_predicted,0.3333333333333333,2,2,CCAGCACTTTTGTTGGCTAC,0,4399277
yadL_yadM_yadC_yadK_predicted,0.3333333333333333,2,2,CCACGTGACTATCAGCAAAG,0,4383441
yadL_yadM_yadC_yadK_predicted,0.3333333333333333,2,2,CCACCTCAGACCGTCCCGGT,0,4390175
yadL_yadM_yadC_yadK_predicted,0.3333333333333333,2,2,CCACAGTCGTGGGGTATCCT,0,4395454
yadL_yadM_yadC_yadK_predicted,0.3333333333333333,2,2,CCAAGATTGCATTCTAGGAT,0,4388765
yadL_yadM_yadC_yadK_predicted,0.3333333333333333,2,2,CCAACACGAGTTGCTCGGCC,0,4378652
yadL_yadM_yadC_yadK_predicted,0.3333333333333333,2,2,CCAAAGTTCACTAGAAAGTG,0,4370629
yadL_yadM_yadC_yadK_predicted,0.3333333333333333,2,2,CCAAAGTGTCCAGCTTGGGA,0,4391600
yadL_yadM_yadC_yadK_predicted,0.3333333333333333,2,2,CCAAAGGGACCGCGTCTGTA,0,4400448
yadL_yadM_yadC_yadK_predicted,0.3333333333333333,2,2,CATTTTGACGAAACCGATTT,0,4382210
yadL_yadM_yadC_yadK_predicted,0.3333333333333333,2,2,CATTGACCTTGGGTTGGCCT,0,4378755
yadL_yadM_yadC_yadK_predicted,0.3333333333333333,2,2,CATTCTAGACCATACGCGGA,0,4378796
yadL_yadM_yadC_yadK_predicted,0.3333333333333333,2,2,CATTCTACCCTTTTCTCCAT,0,4383570
yadL_yadM_yadC_yadK_predicted,0.3333333333333333,2,2,CATTCCCCATCTCTCGGCGA,0,4397999
yadL_yadM_yadC_yadK_predicted,0.3333333333333333,2,2,CATTAATGGACCGATGTTGC,0,4378307
yadL_yadM_yadC_yadK_predicted,0.3333333333333333,2,2,CATGGCTGGCCATTTGAGTG,0,4399245
yadL_yadM_yadC_yadK_predicted,0.3333333333333333,2,2,CATGCTAGGACAGACAAAGC,0,4377761
yadL_yadM_yadC_yadK_predicted,0.3333333333333333,2,2,CATGCCCGGTCCAGGGGTGT,0,4399989
yadL_yadM_yadC_yadK_predicted,0.3333333333333333,2,2,CATGATCGCGAAAAGGCCAT,0,4393865
yadL_yadM_yadC_yadK_predicted,0.3333333333333333,2,2,CATCGGTGTACGCGGTCCAG,0,4395537
yadL_yadM_yadC_yadK_predicted,0.3333333333333333,2,2,CATCGGGTTTCCCCCTTAGG,0,4388935
yadL_yadM_yadC_yadK_predicted,0.3333333333333333,2,2,CATCCGGCCCGTATCGCCAT,0,4386081
yadL_yadM_yadC_yadK_predicted,0.3333333333333333,2,2,CATATCAGTTTAGTTCCTTT,0,4380624
yadL_yadM_yadC_yadK_predicted,0.3333333333333333,2,2,CATAGCTGTGATTTGAGACA,0,4370498
yadL_yadM_yadC_yadK_predicted,0.3333333333333333,2,2,CATAGCTCGGGGCCACGGAA,0,4372142
yadL_yadM_yadC_yadK_predicted,0.3333333333333333,2,2,CATAGCTAACATGTAGTTCC,0,4397489
yadL_yadM_yadC_yadK_predicted,0.3333333333333333,2,2,CATAGAAATATTGGGGATGT,0,4375071
yadL_yadM_yadC_yadK_predicted,0.3333333333333333,2,2,CATACTATTCGGTTGGGTGA,0,4379103
yadL_yadM_yadC_yadK_predicted,0.3333333333333333,2,2,CATACTACCGGCGACTCACA,0,4387240
yadL_yadM_yadC_yadK_predicted,0.3333333333333333,2,2,CATACCAAGGGTTATGGTTC,0,4387621
yadL_yadM_yadC_yadK_predicted,0.3333333333333333,2,2,CATACAAAGCAGCTTCCTTT,0,4382559
yadL_yadM_yadC_yadK_predicted,0.3333333333333333,2,2,CAGTCACGAGTTTGCTGTGA,0,4380268
yadL_yadM_yadC_yadK_predicted,0.3333333333333333,2,2,CAGTAGAACATCGCAATTAC,0,4373737
yadL_yadM_yadC_yadK_predicted,0.3333333333333333,2,2,CAGTAACGGCTGTCAGACAC,0,4372509
yadL_yadM_yadC_yadK_predicted,0.3333333333333333,2,2,CAGGGTCATGCGTCCCGATG,0,4372723
yadL_yadM_yadC_yadK_predicted,0.3333333333333333,2,2,CAGGGTACAAAATATGTATG,0,4398060
yadL_yadM_yadC_yadK_predicted,0.3333333333333333,2,2,CAGGGCTTATACTTTGGGCT,0,4388137
yadL_yadM_yadC_yadK_predicted,0.3333333333333333,2,2,CAGGGCTATGGTACTAGCCC,0,4399845
yadL_yadM_yadC_yadK_predicted,0.3333333333333333,2,2,CAGGCGTCTGAAGGCCGAAC,0,4394926
yadL_yadM_yadC_yadK_predicted,0.3333333333333333,2,2,CAGGCCGTATCTACACCACA,0,4393263
yadL_yadM_yadC_yadK_predicted,0.3333333333333333,2,2,CAGGCCGCGTAGTTCTCGTC,0,4389207
yadL_yadM_yadC_yadK_predicted,0.3333333333333333,2,2,CAGGCCGCCAGATGTGCAGC,0,4400263
yadL_yadM_yadC_yadK_predicted,0.3333333333333333,2,2,CAGCTTTCTAGTTACTATCA,0,4376006
yadL_yadM_yadC_yadK_predicted,0.3333333333333333,2,2,CAGCTGATAATTTGTCCCCT,0,4371896
yadL_yadM_yadC_yadK_predicted,0.3333333333333333,2,2,CAGCTCATCGTGCTAAAAGT,0,4390427
yadL_yadM_yadC_yadK_predicted,0.3333333333333333,2,2,CAGCGTCCATGGCGGTCAGT,0,4374011
yadL_yadM_yadC_yadK_predicted,0.3333333333333333,2,2,CAGCGACAGCACCTTCGTAT,0,4377358
yadL_yadM_yadC_yadK_predicted,0.3333333333333333,2,2,CAGCCGTCACGGTACGTCAA,0,4382040
yadL_yadM_yadC_yadK_predicted,0.3333333333333333,2,2,CAGCCCGGGTGGCCATTCTG,0,4370630
yadL_yadM_yadC_yadK_predicted,0.3333333333333333,2,2,CAGCAGGCTAAGCGCTTCTT,0,4400810
yadL_yadM_yadC_yadK_predicted,0.3333333333333333,2,2,CAGAGTTCTCTGGTCACCAA,0,4392476
yadL_yadM_yadC_yadK_predicted,0.3333333333333333,2,2,CAGAGTCCCTTTGCCCAAGT,0,4381631
yadL_yadM_yadC_yadK_predicted,0.3333333333333333,2,2,CAGACTTATGATCAGGGGGT,0,4379139
yadL_yadM_yadC_yadK_predicted,0.3333333333333333,2,2,CACTTTAGTAGCGTAAATCC,0,4381579
yadL_yadM_yadC_yadK_predicted,0.3333333333333333,2,2,CACTTGCGGATACATCCCGT,0,4375302
yadL_yadM_yadC_yadK_predicted,0.3333333333333333,2,2,CACTGCCAACTACGTCAGGA,0,4390649
yadL_yadM_yadC_yadK_predicted,0.3333333333333333,2,2,CACTCAGATGTATCCATCTG,0,4387759
yadL_yadM_yadC_yadK_predicted,0.3333333333333333,2,2,CACTATTCTTCCTCCTGTGA,0,4371936
yadL_yadM_yadC_yadK_predicted,0.3333333333333333,2,2,CACGGGATGGCCCACCAGCC,0,4376609
yadL_yadM_yadC_yadK_predicted,0.3333333333333333,2,2,CACGGCGGAACATCGGATCA,0,4373878
yadL_yadM_yadC_yadK_predicted,0.3333333333333333,2,2,CACGCGCCAGATTGGGGTCC,0,4383599
yadL_yadM_yadC_yadK_predicted,0.3333333333333333,2,2,CACGATTTTCGCTCCCCGTG,0,4373857
yadL_yadM_yadC_yadK_predicted,0.3333333333333333,2,2,CACGAGCCCGGCGTTCACGC,0,4397674
yadL_yadM_yadC_yadK_predicted,0.3333333333333333,2,2,CACCCTGGGGGGCAATCCTG,0,4377082
yadL_yadM_yadC_yadK_predicted,0.3333333333333333,2,2,CACCCGCGTGATCGTTTTAG,0,4373531
yadL_yadM_yadC_yadK_predicted,0.3333333333333333,2,2,CACCACGACGTAGAGGGGGT,0,4383453
yadL_yadM_yadC_yadK_predicted,0.3333333333333333,2,2,CACATACGAGAGGGAGGCGT,0,4389960
yadL_yadM_yadC_yadK_predicted,0.3333333333333333,2,2,CACAGAGCAGGGTTTACTCG,0,4386917
yadL_yadM_yadC_yadK_predicted,0.3333333333333333,2,2,CACACTTTATCCAAGCTTGC,0,4395819
yadL_yadM_yadC_yadK_predicted,0.3333333333333333,2,2,CACACTGTGAGTTCGGAATT,0,4377678
yadL_yadM_yadC_yadK_predicted,0.3333333333333333,2,2,CAATTTGACCTTTCGACTCT,0,4390884
yadL_yadM_yadC_yadK_predicted,0.3333333333333333,2,2,CAATAGCCTTTTTGTTTCGT,0,4375586
yadL_yadM_yadC_yadK_predicted,0.3333333333333333,2,2,CAATACAAATGCCAACCGAA,0,4371969
yadL_yadM_yadC_yadK_predicted,0.3333333333333333,2,2,CAATAAGTGGCTTCGGTTTT,0,4389246
yadL_yadM_yadC_yadK_predicted,0.3333333333333333,2,2,CAAGTGCAGGTCATTAAGTC,0,4373242
yadL_yadM_yadC_yadK_predicted,0.3333333333333333,2,2,CAAGTACACCCGGGTCCCGC,0,4378164
yadL_yadM_yadC_yadK_predicted,0.3333333333333333,2,2,CAAGGTGCCCGCTTTCAGGT,0,4391784
yadL_yadM_yadC_yadK_predicted,0.3333333333333333,2,2,CAAGGTCGCCTAACGACCGA,0,4398233
yadL_yadM_yadC_yadK_predicted,0.3333333333333333,2,2,CAAGCACTGAGTGTCGAGTT,0,4370283
yadL_yadM_yadC_yadK_predicted,0.3333333333333333,2,2,CAACTTTCTCAATCTTTTTG,0,4394316
yadL_yadM_yadC_yadK_predicted,0.3333333333333333,2,2,CAACACATGCTATTGACGCC,0,4399729
yadL_yadM_yadC_yadK_predicted,0.3333333333333333,2,2,CAAATGGCACAGATTGCGCA,0,4392700
yadL_yadM_yadC_yadK_predicted,0.3333333333333333,2,2,CAAATCACAGGGCAGGAGGA,0,4379590
yadL_yadM_yadC_yadK_predicted,0.3333333333333333,2,2,CAAACTGCAGCGCGCTAGGC,0,4371165
yadL_yadM_yadC_yadK_predicted,0.3333333333333333,2,2,CAAAAGGCCATGTGAAACCG,0,4397053
yadL_yadM_yadC_yadK_predicted,0.3333333333333333,2,2,ATTTTCGTAAAAACCACTAT,0,4383994
yadL_yadM_yadC_yadK_predicted,0.3333333333333333,2,2,ATTTTCAAATCCCGCTTGTG,0,4383303
yadL_yadM_yadC_yadK_predicted,0.3333333333333333,2,2,ATTTGGTATTGATGCGACAT,0,4398301
yadL_yadM_yadC_yadK_predicted,0.3333333333333333,2,2,ATTTCCAAGTGTGACCCCTA,0,4401954
yadL_yadM_yadC_yadK_predicted,0.3333333333333333,2,2,ATTTCAATCGTAACTTGGTC,0,4375059
yadL_yadM_yadC_yadK_predicted,0.3333333333333333,2,2,ATTGTTTACGAAGCGGCTCG,0,4377151
yadL_yadM_yadC_yadK_predicted,0.3333333333333333,2,2,ATTGGTTCTTCAAGCAGCAT,0,4393781
yadL_yadM_yadC_yadK_predicted,0.3333333333333333,2,2,ATTGGGTACACTTGATCTAG,0,4391772
yadL_yadM_yadC_yadK_predicted,0.3333333333333333,2,2,ATTGCTCACGGGAGTTGTTA,0,4396483
yadL_yadM_yadC_yadK_predicted,0.3333333333333333,2,2,ATTGCCTCGTGCCAATGATA,0,4386433
yadL_yadM_yadC_yadK_predicted,0.3333333333333333,2,2,ATTGATAGTAGCAGGATCAT,0,4394858
yadL_yadM_yadC_yadK_predicted,0.3333333333333333,2,2,ATTATCCGGGCTTCGACTCA,0,4399334
yadL_yadM_yadC_yadK_predicted,0.3333333333333333,2,2,ATTAGTTATGATGTTGTTCA,0,4381688
yadL_yadM_yadC_yadK_predicted,0.3333333333333333,2,2,ATTAGGTCGCCTGGGAACCC,0,4373055
yadL_yadM_yadC_yadK_predicted,0.3333333333333333,2,2,ATTAGGTCCGATAGCTGTGC,0,4383357
yadL_yadM_yadC_yadK_predicted,0.3333333333333333,2,2,ATTAGGTATCTCTGTCCCAC,0,4384918
yadL_yadM_yadC_yadK_predicted,0.3333333333333333,2,2,ATTAGGACGGTTGCATATCA,0,4387925
yadL_yadM_yadC_yadK_predicted,0.3333333333333333,2,2,ATGTTTAAGAAATTGATGAT,0,4390621
yadL_yadM_yadC_yadK_predicted,0.3333333333333333,2,2,ATGTTATGTTATACTTGACT,0,4391069
yadL_yadM_yadC_yadK_predicted,0.3333333333333333,2,2,ATGTTACGGAGGCTTATTCC,0,4370418
yadL_yadM_yadC_yadK_predicted,0.3333333333333333,2,2,ATGTGTGCACGCCTAGTTTC,0,4387328
yadL_yadM_yadC_yadK_predicted,0.3333333333333333,2,2,ATGTCGTTCCAAGATGGTAC,0,4376049
yadL_yadM_yadC_yadK_predicted,0.3333333333333333,2,2,ATGTCGGACGTTATCATACC,0,4394713
yadL_yadM_yadC_yadK_predicted,0.3333333333333333,2,2,ATGTCCAGTTTAGAAGAAAT,0,4370537
yadL_yadM_yadC_yadK_predicted,0.3333333333333333,2,2,ATGTCAGTACATAACTCGTC,0,4395013
yadL_yadM_yadC_yadK_predicted,0.3333333333333333,2,2,ATGTAGTGGGTCATGATTAA,0,4370879
yadL_yadM_yadC_yadK_predicted,0.3333333333333333,2,2,ATGTAGCAGGGTTACCGTAA,0,4399812
yadL_yadM_yadC_yadK_predicted,0.3333333333333333,2,2,ATGTACTATATGCGAACTTA,0,4380470
yadL_yadM_yadC_yadK_predicted,0.3333333333333333,2,2,ATGGTGACGACGGTCTCAAG,0,4382407
yadL_yadM_yadC_yadK_predicted,0.3333333333333333,2,2,ATGGGTTGGTGGGCTGTCGC,0,4378113
yadL_yadM_yadC_yadK_predicted,0.3333333333333333,2,2,ATGGCAGGAGTCGTGAAACC,0,4389498
yadL_yadM_yadC_yadK_predicted,0.3333333333333333,2,2,ATGGACCACGGTATAGCCGG,0,4371433
yadL_yadM_yadC_yadK_predicted,0.3333333333333333,2,2,ATGCGTGGGTTGCGTGGGTC,0,4394998
yadL_yadM_yadC_yadK_predicted,0.3333333333333333,2,2,ATGCGAACAAAGTACGCTCA,0,4374319
yadL_yadM_yadC_yadK_predicted,0.3333333333333333,2,2,ATGCATCCGATCTGAACGCT,0,4376416
yadL_yadM_yadC_yadK_predicted,0.3333333333333333,2,2,ATGAGCATGGTCAAAAGTGC,0,4381742
yadL_yadM_yadC_yadK_predicted,0.3333333333333333,2,2,ATGACCATAGTTTACCAAAC,0,4382645
yadL_yadM_yadC_yadK_predicted,0.3333333333333333,2,2,ATGACCACAACAATTTCAAG,0,4396812
yadL_yadM_yadC_yadK_predicted,0.3333333333333333,2,2,ATGAAGTTATAGTACTTTAC,0,4394953
yadL_yadM_yadC_yadK_predicted,0.3333333333333333,2,2,ATGAAGGGCGGGCTACATTC,0,4370458
yadL_yadM_yadC_yadK_predicted,0.3333333333333333,2,2,ATGAACCTTCGGTCGCGGAC,0,4393556
yadL_yadM_yadC_yadK_predicted,0.3333333333333333,2,2,ATCTTCCTGAGCCGGGTTAA,0,4393663
yadL_yadM_yadC_yadK_predicted,0.3333333333333333,2,2,ATCTATGGAAGCCTTCATGC,0,4384187
yadL_yadM_yadC_yadK_predicted,0.3333333333333333,2,2,ATCTATATTGCCCCTGATGC,0,4378952
yadL_yadM_yadC_yadK_predicted,0.3333333333333333,2,2,ATCGTGGCTATAACGGAAAC,0,4385308
yadL_yadM_yadC_yadK_predicted,0.3333333333333333,2,2,ATCGTCTTACGGAGCGGCAT,0,4373090
yadL_yadM_yadC_yadK_predicted,0.3333333333333333,2,2,ATCGTCCCTAAGTCACACGG,0,4402332
yadL_yadM_yadC_yadK_predicted,0.3333333333333333,2,2,ATCGTCATGTTGTAGTGCCC,0,4398121
yadL_yadM_yadC_yadK_predicted,0.3333333333333333,2,2,ATCGGTTCGCCAGAGACGTA,0,4379852
yadL_yadM_yadC_yadK_predicted,0.3333333333333333,2,2,ATCGGCTAAGCAAAGGACAA,0,4380714
yadL_yadM_yadC_yadK_predicted,0.3333333333333333,2,2,ATCGCCGCATTGTATGCGGG,0,4401919
yadL_yadM_yadC_yadK_predicted,0.3333333333333333,2,2,ATCCGTAGCTTCAATCTGGT,0,4379404
yadL_yadM_yadC_yadK_predicted,0.3333333333333333,2,2,ATCCAGCTGGAGCATGTACG,0,4374905
yadL_yadM_yadC_yadK_predicted,0.3333333333333333,2,2,ATCCACAGGGTTAAAAGATC,0,4371632
yadL_yadM_yadC_yadK_predicted,0.3333333333333333,2,2,ATCATTAAATAGGGGTGAGG,0,4384882
yadL_yadM_yadC_yadK_predicted,0.3333333333333333,2,2,ATCAGAATTAATGCTATGTT,0,4400879
yadL_yadM_yadC_yadK_predicted,0.3333333333333333,2,2,ATATTGGTGGTAAGCAGGAG,0,4385877
yadL_yadM_yadC_yadK_predicted,0.3333333333333333,2,2,ATATTGGCAGAGAATTTCGA,0,4377694
yadL_yadM_yadC_yadK_predicted,0.3333333333333333,2,2,ATATTAAATTAAGGTGTTTT,0,4384945
yadL_yadM_yadC_yadK_predicted,0.3333333333333333,2,2,ATATGGGTCGCTTGGCACAG,0,4373484
yadL_yadM_yadC_yadK_predicted,0.3333333333333333,2,2,ATATCTTCCTTACTCAGGTA,0,4390894
yadL_yadM_yadC_yadK_predicted,0.3333333333333333,2,2,ATATCCGGTCTCCGGAATCT,0,4383550
yadL_yadM_yadC_yadK_predicted,0.3333333333333333,2,2,ATATAGTGGCGTCCCCGTTT,0,4382102
yadL_yadM_yadC_yadK_predicted,0.3333333333333333,2,2,ATAGTTGGGTCACCCTGGGT,0,4378983
yadL_yadM_yadC_yadK_predicted,0.3333333333333333,2,2,ATAGTGGGTCGTTTAAAGTT,0,4377241
yadL_yadM_yadC_yadK_predicted,0.3333333333333333,2,2,ATAGCGCTGTCATCACACTC,0,4390261
yadL_yadM_yadC_yadK_predicted,0.3333333333333333,2,2,ATAGATGCAGTAGGCTGATG,0,4381432
yadL_yadM_yadC_yadK_predicted,0.3333333333333333,2,2,ATAGAAATCACAAAGTCCTA,0,4372169
yadL_yadM_yadC_yadK_predicted,0.3333333333333333,2,2,ATACTTTACAGGGCACCCTC,0,4387743
yadL_yadM_yadC_yadK_predicted,0.3333333333333333,2,2,ATACAGATCGTGTATAGCTA,0,4375543
yadL_yadM_yadC_yadK_predicted,0.3333333333333333,2,2,ATAATTACAGTAATCGCGTG,0,4396292
yadL_yadM_yadC_yadK_predicted,0.3333333333333333,2,2,ATAATGATCAAGGTTTTCAA,0,4382875
yadL_yadM_yadC_yadK_predicted,0.3333333333333333,2,2,ATAATAGGGAAGATCCCGCT,0,4380854
yadL_yadM_yadC_yadK_predicted,0.3333333333333333,2,2,ATAAGTTCCCATTTCTAGCA,0,4395189
yadL_yadM_yadC_yadK_predicted,0.3333333333333333,2,2,AGTTTTCGTTACCGTAGTCG,0,4384808
yadL_yadM_yadC_yadK_predicted,0.3333333333333333,2,2,AGTTTGCTCATCAATCTTGC,0,4395315
yadL_yadM_yadC_yadK_predicted,0.3333333333333333,2,2,AGTTTAGTGGGGGGACAGCG,0,4370749
yadL_yadM_yadC_yadK_predicted,0.3333333333333333,2,2,AGTTCCTGGGCGAGTCTGGT,0,4395369
yadL_yadM_yadC_yadK_predicted,0.3333333333333333,2,2,AGTTCAAAGTTTCGTACAGC,0,4393361
yadL_yadM_yadC_yadK_predicted,0.3333333333333333,2,2,AGTTATGTATATTTAATTCC,0,4387990
yadL_yadM_yadC_yadK_predicted,0.3333333333333333,2,2,AGTTAGAAGCAAGATCTGTA,0,4374070
yadL_yadM_yadC_yadK_predicted,0.3333333333333333,2,2,AGTTACTAATACATACGGAA,0,4391357
yadL_yadM_yadC_yadK_predicted,0.3333333333333333,2,2,AGTTACAATTTGGGTATTAG,0,4378158
yadL_yadM_yadC_yadK_predicted,0.3333333333333333,2,2,AGTTAAAGTCGTGGCCGAAG,0,4392359
yadL_yadM_yadC_yadK_predicted,0.3333333333333333,2,2,AGTGTGTCTTGCAATTGCGC,0,4380693
yadL_yadM_yadC_yadK_predicted,0.3333333333333333,2,2,AGTGAAGCATGGCATCCCTC,0,4393667
yadL_yadM_yadC_yadK_predicted,0.3333333333333333,2,2,AGTCTGATTCGCTAGGTTCA,0,4382173
yadL_yadM_yadC_yadK_predicted,0.3333333333333333,2,2,AGTCGTATCTCCATCTACGT,0,4371194
yadL_yadM_yadC_yadK_predicted,0.3333333333333333,2,2,AGTCGGTGTCGCTACATACG,0,4388723
yadL_yadM_yadC_yadK_predicted,0.3333333333333333,2,2,AGTCGCAAAGTACTCAAAGC,0,4377330
yadL_yadM_yadC_yadK_predicted,0.3333333333333333,2,2,AGTCGAGTCGCGGTGCTTTG,0,4386767
yadL_yadM_yadC_yadK_predicted,0.3333333333333333,2,2,AGTATTTTTAGTAATTTGGC,0,4378936
yadL_yadM_yadC_yadK_predicted,0.3333333333333333,2,2,AGTATGGCTTTGCTGGCGTT,0,4382956
yadL_yadM_yadC_yadK_predicted,0.3333333333333333,2,2,AGTATCTCGTCGGGCAGCCT,0,4385072
yadL_yadM_yadC_yadK_predicted,0.3333333333333333,2,2,AGTAGTGCTCATCACCTACA,0,4387097
yadL_yadM_yadC_yadK_predicted,0.3333333333333333,2,2,AGTAGCCATGCGTCGTTATA,0,4382563
yadL_yadM_yadC_yadK_predicted,0.3333333333333333,2,2,AGTACCCGGGAAATGAGATG,0,4398210
yadL_yadM_yadC_yadK_predicted,0.3333333333333333,2,2,AGTAAAGGTGCGGGAACTCT,0,4376005
yadL_yadM_yadC_yadK_predicted,0.3333333333333333,2,2,AGGTGCTCGAAAAATGTCTA,0,4372359
yadL_yadM_yadC_yadK_predicted,0.3333333333333333,2,2,AGGTGACGCGAATGACTCAA,0,4386485
yadL_yadM_yadC_yadK_predicted,0.3333333333333333,2,2,AGGGTCGGGGGTCTTCGCAT,0,4381322
yadL_yadM_yadC_yadK_predicted,0.3333333333333333,2,2,AGGGTATGTTTCTAACTGTT,0,4388272
yadL_yadM_yadC_yadK_predicted,0.3333333333333333,2,2,AGGGGCATTTTACCTTTCGA,0,4399381
yadL_yadM_yadC_yadK_predicted,0.3333333333333333,2,2,AGGGAATTGCATTGTAGACA,0,4374975
yadL_yadM_yadC_yadK_predicted,0.3333333333333333,2,2,AGGCGGGTATCTGGTACTGT,0,4389872
yadL_yadM_yadC_yadK_predicted,0.3333333333333333,2,2,AGGCATCCCGCGCACACGCT,0,4390565
yadL_yadM_yadC_yadK_predicted,0.3333333333333333,2,2,AGGATACTTTACTGAATAAG,0,4378112
yadL_yadM_yadC_yadK_predicted,0.3333333333333333,2,2,AGGAGTGTAACCCCCTACTC,0,4380893
yadL_yadM_yadC_yadK_predicted,0.3333333333333333,2,2,AGGAGCCTAGTCTACTGGCT,0,4399315
yadL_yadM_yadC_yadK_predicted,0.3333333333333333,2,2,AGGAGAGGCTGTATGTAGGA,0,4380965
yadL_yadM_yadC_yadK_predicted,0.3333333333333333,2,2,AGGACGGAACATTCCCCGAC,0,4402098
yadL_yadM_yadC_yadK_predicted,0.3333333333333333,2,2,AGGACCCAAGTCTGCAATAT,0,4370835
yadL_yadM_yadC_yadK_predicted,0.3333333333333333,2,2,AGGAAGTCTCAGACATGTGC,0,4381531
yadL_yadM_yadC_yadK_predicted,0.3333333333333333,2,2,AGCTTCGGTTAAAGTCTGCC,0,4388316
yadL_yadM_yadC_yadK_predicted,0.3333333333333333,2,2,AGCTTCAAGGGGCTTCGCTC,0,4387291
yadL_yadM_yadC_yadK_predicted,0.3333333333333333,2,2,AGCTGAACGGCCATCCAATC,0,4376401
yadL_yadM_yadC_yadK_predicted,0.3333333333333333,2,2,AGCTCTGTCTCGATCGACGC,0,4384702
yadL_yadM_yadC_yadK_predicted,0.3333333333333333,2,2,AGCTCTGGTTGGAGGTCTTA,0,4387074
yadL_yadM_yadC_yadK_predicted,0.3333333333333333,2,2,AGCGGCCCCCCACTCCCCCC,0,4371290
yadL_yadM_yadC_yadK_predicted,0.3333333333333333,2,2,AGCGGATCTGCACAATTCCA,0,4402201
yadL_yadM_yadC_yadK_predicted,0.3333333333333333,2,2,AGCGGACGACTGTATAGCAG,0,4389768
yadL_yadM_yadC_yadK_predicted,0.3333333333333333,2,2,AGCGCTTAATAGCACGTCCT,0,4391460
yadL_yadM_yadC_yadK_predicted,0.3333333333333333,2,2,AGCCTTACGATAGACTCCGG,0,4390818
yadL_yadM_yadC_yadK_predicted,0.3333333333333333,2,2,AGCCTGGCCCTAAGAACCTC,0,4394150
yadL_yadM_yadC_yadK_predicted,0.3333333333333333,2,2,AGCCACATTGAGGACGGTGA,0,4385220
yadL_yadM_yadC_yadK_predicted,0.3333333333333333,2,2,AGCCACAGGGCACTCCCCGA,0,4372606
yadL_yadM_yadC_yadK_predicted,0.3333333333333333,2,2,AGCATATAGTCTTATAGCGC,0,4390361
yadL_yadM_yadC_yadK_predicted,0.3333333333333333,2,2,AGCAACATCGAGTTTTTACA,0,4387526
yadL_yadM_yadC_yadK_predicted,0.3333333333333333,2,2,AGATTTGGTCGGCTTCCTTA,0,4398894
yadL_yadM_yadC_yadK_predicted,0.3333333333333333,2,2,AGATTTCTGTGATCCCAGAC,0,4385453
yadL_yadM_yadC_yadK_predicted,0.3333333333333333,2,2,AGATGGGTGGAATGATGCAT,0,4379106
yadL_yadM_yadC_yadK_predicted,0.3333333333333333,2,2,AGATGATCGAGTTTGACAGA,0,4377757
yadL_yadM_yadC_yadK_predicted,0.3333333333333333,2,2,AGATCCCCTATGATGTATAC,0,4399523
yadL_yadM_yadC_yadK_predicted,0.3333333333333333,2,2,AGATCATCAGGACAGTTCCT,0,4389363
yadL_yadM_yadC_yadK_predicted,0.3333333333333333,2,2,AGAGTGTGGACTGCGGTAAG,0,4386469
yadL_yadM_yadC_yadK_predicted,0.3333333333333333,2,2,AGAGTCAAATCAACATGCAA,0,4377617
yadL_yadM_yadC_yadK_predicted,0.3333333333333333,2,2,AGAGCGAACAGTTACGAATC,0,4394066
yadL_yadM_yadC_yadK_predicted,0.3333333333333333,2,2,AGAGAGGTCACGGCGCGTGT,0,4376425
yadL_yadM_yadC_yadK_predicted,0.3333333333333333,2,2,AGACGCGTCCGTCAGTTACG,0,4391863
yadL_yadM_yadC_yadK_predicted,0.3333333333333333,2,2,AGAATGCGAGGATCTAGTAC,0,4378643
yadL_yadM_yadC_yadK_predicted,0.3333333333333333,2,2,AGAATGCAGGCTATACCCTC,0,4379195
yadL_yadM_yadC_yadK_predicted,0.3333333333333333,2,2,AGAAGTATCACGTAGTCCAT,0,4385388
yadL_yadM_yadC_yadK_predicted,0.3333333333333333,2,2,AGAAGGAATGCACCCCTGAA,0,4382076
yadL_yadM_yadC_yadK_predicted,0.3333333333333333,2,2,ACTTGACGTTGTACGAGCCA,0,4393187
yadL_yadM_yadC_yadK_predicted,0.3333333333333333,2,2,ACTTATCCCGATTTCGATCT,0,4379500
yadL_yadM_yadC_yadK_predicted,0.3333333333333333,2,2,ACTGTTGACTCTCCGCTAAA,0,4387354
yadL_yadM_yadC_yadK_predicted,0.3333333333333333,2,2,ACTGTAGGTGCACGGATTCC,0,4398175
yadL_yadM_yadC_yadK_predicted,0.3333333333333333,2,2,ACTGCGTCGTGAGTTACTTA,0,4374878
yadL_yadM_yadC_yadK_predicted,0.3333333333333333,2,2,ACTCTAGCGTATAAAGCATA,0,4379740
yadL_yadM_yadC_yadK_predicted,0.3333333333333333,2,2,ACTCGGTAGAGGAATGGAGT,0,4391869
yadL_yadM_yadC_yadK_predicted,0.3333333333333333,2,2,ACTCGACACATAATTTGTTT,0,4399842
yadL_yadM_yadC_yadK_predicted,0.3333333333333333,2,2,ACTCCTTCGGTTGCTGCGCA,0,4373554
yadL_yadM_yadC_yadK_predicted,0.3333333333333333,2,2,ACTCCATCCTACAAGCCTGA,0,4379341
yadL_yadM_yadC_yadK_predicted,0.3333333333333333,2,2,ACTCATCCTGGGAACCTTGA,0,4382028
yadL_yadM_yadC_yadK_predicted,0.3333333333333333,2,2,ACTCACATCATAGCATTTTC,0,4389197
yadL_yadM_yadC_yadK_predicted,0.3333333333333333,2,2,ACTCACAATATCGGAGCGAC,0,4372729
yadL_yadM_yadC_yadK_predicted,0.3333333333333333,2,2,ACTACTTTGAGCTCGCTGAC,0,4392386
yadL_yadM_yadC_yadK_predicted,0.3333333333333333,2,2,ACTACGTAATGTTGTGCATA,0,4371200
yadL_yadM_yadC_yadK_predicted,0.3333333333333333,2,2,ACTACCTGGGATTGTGAGGA,0,4379002
yadL_yadM_yadC_yadK_predicted,0.3333333333333333,2,2,ACGTGGTCAAAGTCAAAGAT,0,4392063
yadL_yadM_yadC_yadK_predicted,0.3333333333333333,2,2,ACGTGCAGCCTATATGTTAC,0,4389432
yadL_yadM_yadC_yadK_predicted,0.3333333333333333,2,2,ACGTCCGGTGCAGATACATT,0,4375310
yadL_yadM_yadC_yadK_predicted,0.3333333333333333,2,2,ACGGTTTATCGCCATGAATT,0,4382965
yadL_yadM_yadC_yadK_predicted,0.3333333333333333,2,2,ACGGTTGGCGCGTCTTTGTC,0,4381129
yadL_yadM_yadC_yadK_predicted,0.3333333333333333,2,2,ACGGTGAATCTGAATGCTTT,0,4391790
yadL_yadM_yadC_yadK_predicted,0.3333333333333333,2,2,ACGGTCCCCGTCGTGGGTGA,0,4380150
yadL_yadM_yadC_yadK_predicted,0.3333333333333333,2,2,ACGGTAGCATGGTGCTTTTC,0,4372779
yadL_yadM_yadC_yadK_predicted,0.3333333333333333,2,2,ACGGTACCCGACCACGATTG,0,4385248
yadL_yadM_yadC_yadK_predicted,0.3333333333333333,2,2,ACGGGGCTAATAGCTAGGAG,0,4381363
yadL_yadM_yadC_yadK_predicted,0.3333333333333333,2,2,ACGGCGAAACAGACTAATGG,0,4398320
yadL_yadM_yadC_yadK_predicted,0.3333333333333333,2,2,ACGGCAAACACGGGCACGCG,0,4381728
yadL_yadM_yadC_yadK_predicted,0.3333333333333333,2,2,ACGCTGTGCTGAAGCACATC,0,4401358
yadL_yadM_yadC_yadK_predicted,0.3333333333333333,2,2,ACGCTAACCACGTTGTTTGC,0,4371119
yadL_yadM_yadC_yadK_predicted,0.3333333333333333,2,2,ACGCGTGTCTAACAGCGTCG,0,4393860
yadL_yadM_yadC_yadK_predicted,0.3333333333333333,2,2,ACGCCGGATGTTCCGAGTAC,0,4401248
yadL_yadM_yadC_yadK_predicted,0.3333333333333333,2,2,ACGATCGTGATCCGTGACAT,0,4389933
yadL_yadM_yadC_yadK_predicted,0.3333333333333333,2,2,ACGATCGTACTTGGTGTCGC,0,4382727
yadL_yadM_yadC_yadK_predicted,0.3333333333333333,2,2,ACGATCGGCAGCTGGGCAGG,0,4399674
yadL_yadM_yadC_yadK_predicted,0.3333333333333333,2,2,ACGACTAGGTCGTTCTGCAT,0,4372744
yadL_yadM_yadC_yadK_predicted,0.3333333333333333,2,2,ACCTTCAACGAGCCACTCTA,0,4384085
yadL_yadM_yadC_yadK_predicted,0.3333333333333333,2,2,ACCTTATTACACCGACCGGT,0,4386948
yadL_yadM_yadC_yadK_predicted,0.3333333333333333,2,2,ACCTGCCCAAAACCGAGGGC,0,4373556
yadL_yadM_yadC_yadK_predicted,0.3333333333333333,2,2,ACCTCGCACGGGTTAGTGAA,0,4387791
yadL_yadM_yadC_yadK_predicted,0.3333333333333333,2,2,ACCTCCCCCAGCTGGCGGAC,0,4390707
yadL_yadM_yadC_yadK_predicted,0.3333333333333333,2,2,ACCTATTTTCCACGATAGTC,0,4389202
yadL_yadM_yadC_yadK_predicted,0.3333333333333333,2,2,ACCTAGGAGTCGGCTCAAAC,0,4393878
yadL_yadM_yadC_yadK_predicted,0.3333333333333333,2,2,ACCTACCCGAGTAGCACGAC,0,4388196
yadL_yadM_yadC_yadK_predicted,0.3333333333333333,2,2,ACCGCTTAAGCTTAGCCCGC,0,4375246
yadL_yadM_yadC_yadK_predicted,0.3333333333333333,2,2,ACCGCAGTTTTGGACATCGC,0,4393906
yadL_yadM_yadC_yadK_predicted,0.3333333333333333,2,2,ACCGCAGACGATACAAGCCC,0,4378589
yadL_yadM_yadC_yadK_predicted,0.3333333333333333,2,2,ACCGACCGGTACAGGAGACT,0,4402305
yadL_yadM_yadC_yadK_predicted,0.3333333333333333,2,2,ACCCGCCGGTAGGAGCAGCA,0,4394604
yadL_yadM_yadC_yadK_predicted,0.3333333333333333,2,2,ACCCGCAGATAGTTCACGAT,0,4378598
yadL_yadM_yadC_yadK_predicted,0.3333333333333333,2,2,ACCCCCGGTGCAGGTCATGT,0,4396119
yadL_yadM_yadC_yadK_predicted,0.3333333333333333,2,2,ACCCCCCCTGGTGCAAGCGT,0,4388689
yadL_yadM_yadC_yadK_predicted,0.3333333333333333,2,2,ACCATGGTCTGGAAGACCGG,0,4402036
yadL_yadM_yadC_yadK_predicted,0.3333333333333333,2,2,ACCAGGACATAAACCGACAA,0,4386023
yadL_yadM_yadC_yadK_predicted,0.3333333333333333,2,2,ACCAGGACAGGCCATGATAC,0,4376148
yadL_yadM_yadC_yadK_predicted,0.3333333333333333,2,2,ACCAGCAGGACCCGGACCCT,0,4371469
yadL_yadM_yadC_yadK_predicted,0.3333333333333333,2,2,ACATTCAACAACATGGTCAA,0,4385517
yadL_yadM_yadC_yadK_predicted,0.3333333333333333,2,2,ACATCTTGTAGGTGTTTATT,0,4377237
yadL_yadM_yadC_yadK_predicted,0.3333333333333333,2,2,ACATAGAAAATTCCTTTTTT,0,4374624
yadL_yadM_yadC_yadK_predicted,0.3333333333333333,2,2,ACATAATAGTTGTGCAGGAA,0,4391353
yadL_yadM_yadC_yadK_predicted,0.3333333333333333,2,2,ACAGCCTCAGTTTACCGTTC,0,4396287
yadL_yadM_yadC_yadK_predicted,0.3333333333333333,2,2,ACAGCAATCGGTTTACTTGG,0,4373982
yadL_yadM_yadC_yadK_predicted,0.3333333333333333,2,2,ACAGACGCCTCGAAGTGAGA,0,4372728
yadL_yadM_yadC_yadK_predicted,0.3333333333333333,2,2,ACACTTTCCAAAGTCAAGTC,0,4392500
yadL_yadM_yadC_yadK_predicted,0.3333333333333333,2,2,ACACTGCATCAACAGTCAGC,0,4375111
yadL_yadM_yadC_yadK_predicted,0.3333333333333333,2,2,ACAAGTCTAGTCCGGCACTC,0,4392152
yadL_yadM_yadC_yadK_predicted,0.3333333333333333,2,2,AATTTACCCAAAATGATCTT,0,4386012
yadL_yadM_yadC_yadK_predicted,0.3333333333333333,2,2,AATTGACAAAAGAGTTTTAT,0,4377475
yadL_yadM_yadC_yadK_predicted,0.3333333333333333,2,2,AATTCTAGAGGGGATGGAGG,0,4385060
yadL_yadM_yadC_yadK_predicted,0.3333333333333333,2,2,AATTATAGTCCCTATCCGTA,0,4397130
yadL_yadM_yadC_yadK_predicted,0.3333333333333333,2,2,AATGTGCATATTCGCAACCA,0,4401035
yadL_yadM_yadC_yadK_predicted,0.3333333333333333,2,2,AATGGGTGCATGCGTTGTCC,0,4379770
yadL_yadM_yadC_yadK_predicted,0.3333333333333333,2,2,AATGGCCTGCATTTACAGGT,0,4374037
yadL_yadM_yadC_yadK_predicted,0.3333333333333333,2,2,AATGCTCGCAGACCAAAGAG,0,4392032
yadL_yadM_yadC_yadK_predicted,0.3333333333333333,2,2,AATGCCTTAGCCGTCACCGT,0,4381194
yadL_yadM_yadC_yadK_predicted,0.3333333333333333,2,2,AATCTTCGCTCTGTCTAGCA,0,4370715
yadL_yadM_yadC_yadK_predicted,0.3333333333333333,2,2,AATCTCGCATGAACTCTCCT,0,4397680
yadL_yadM_yadC_yadK_predicted,0.3333333333333333,2,2,AATCGCGGTGGACTCCGTTC,0,4373243
yadL_yadM_yadC_yadK_predicted,0.3333333333333333,2,2,AATCCTAAGTATAGTAGGTC,0,4385842
yadL_yadM_yadC_yadK_predicted,0.3333333333333333,2,2,AATCCGGGCGCTGCAGAATA,0,4392729
yadL_yadM_yadC_yadK_predicted,0.3333333333333333,2,2,AATCACGGCCGATATCCCGT,0,4392779
yadL_yadM_yadC_yadK_predicted,0.3333333333333333,2,2,AATAGGTCCAACGGATGGTC,0,4402285
yadL_yadM_yadC_yadK_predicted,0.3333333333333333,2,2,AATAGAGAGGAGGTGAACCC,0,4384548
yadL_yadM_yadC_yadK_predicted,0.3333333333333333,2,2,AATACTTTGATCGAAGACAG,0,4374776
yadL_yadM_yadC_yadK_predicted,0.3333333333333333,2,2,AATAACCGCACGCCAGCCCG,0,4387407
yadL_yadM_yadC_yadK_predicted,0.3333333333333333,2,2,AATAAAGAGTACCGCCCGTG,0,4371799
yadL_yadM_yadC_yadK_predicted,0.3333333333333333,2,2,AAGGCGCCGTCTCGGCTCAT,0,4373655
yadL_yadM_yadC_yadK_predicted,0.3333333333333333,2,2,AAGCTCGGATTCTCTTAGAT,0,4386516
yadL_yadM_yadC_yadK_predicted,0.3333333333333333,2,2,AAGATAGTGATACGCGCGAT,0,4382422
yadL_yadM_yadC_yadK_predicted,0.3333333333333333,2,2,AAGAGTGAACCGGATCCACG,0,4391141
yadL_yadM_yadC_yadK_predicted,0.3333333333333333,2,2,AAGAAATGTAGGCCCGGTTC,0,4381783
yadL_yadM_yadC_yadK_predicted,0.3333333333333333,2,2,AACTACTTCACAAATGGTGA,0,4391160
yadL_yadM_yadC_yadK_predicted,0.3333333333333333,2,2,AACGTTATATCAAAAAATCT,0,4399436
yadL_yadM_yadC_yadK_predicted,0.3333333333333333,2,2,AACGTAAGCTGCGAATAAAG,0,4391729
yadL_yadM_yadC_yadK_predicted,0.3333333333333333,2,2,AACGGTCAACTTTGTCCTAT,0,4386170
yadL_yadM_yadC_yadK_predicted,0.3333333333333333,2,2,AACGCTGTACCTTGTCAGAC,0,4387752
yadL_yadM_yadC_yadK_predicted,0.3333333333333333,2,2,AACGCGGCCAAGCCAAGCTA,0,4394647
yadL_yadM_yadC_yadK_predicted,0.3333333333333333,2,2,AACGATTGCTGAGGCGCATT,0,4386155
yadL_yadM_yadC_yadK_predicted,0.3333333333333333,2,2,AACCTTCCTCAGGAGAGGTC,0,4384028
yadL_yadM_yadC_yadK_predicted,0.3333333333333333,2,2,AACCTATGGAGTTCGGTTAA,0,4389174
yadL_yadM_yadC_yadK_predicted,0.3333333333333333,2,2,AACCGCATCTCCAGGCGATT,0,4383809
yadL_yadM_yadC_yadK_predicted,0.3333333333333333,2,2,AACCAATAGTGGTTGGAGCA,0,4400056
yadL_yadM_yadC_yadK_predicted,0.3333333333333333,2,2,AACATTCCCGCCGTGAATTT,0,4384916
yadL_yadM_yadC_yadK_predicted,0.3333333333333333,2,2,AACATCGAGAGTTGAGCACG,0,4371071
yadL_yadM_yadC_yadK_predicted,0.3333333333333333,2,2,AACAGTGGAGGTCTCCGTGA,0,4384478
yadL_yadM_yadC_yadK_predicted,0.3333333333333333,2,2,AACACGGGCAAGATACAAGT,0,4398048
yadL_yadM_yadC_yadK_predicted,0.3333333333333333,2,2,AACAAGTAAGTTCACAGTCT,0,4379058
yadL_yadM_yadC_yadK_predicted,0.3333333333333333,2,2,AAATTAGCGGCATAAAGACC,0,4371313
yadL_yadM_yadC_yadK_predicted,0.3333333333333333,2,2,AAATGTCAGAACGATCCTTG,0,4399450
yadL_yadM_yadC_yadK_predicted,0.3333333333333333,2,2,AAATGTAAAAAGCGGATTCC,0,4381332
yadL_yadM_yadC_yadK_predicted,0.3333333333333333,2,2,AAATGGCAGCAGTTCCCACA,0,4398424
yadL_yadM_yadC_yadK_predicted,0.3333333333333333,2,2,AAATGAAGGGTTACCGGACA,0,4382903
yadL_yadM_yadC_yadK_predicted,0.3333333333333333,2,2,AAATCCTTGGAATCTGTACG,0,4401523
yadL_yadM_yadC_yadK_predicted,0.3333333333333333,2,2,AAATATGGTCGTACTCCATG,0,4402268
yadL_yadM_yadC_yadK_predicted,0.3333333333333333,2,2,AAAGTGGCCCGGAAGGGACA,0,4402035
yadL_yadM_yadC_yadK_predicted,0.3333333333333333,2,2,AAAGGCACCGGGACAATGTA,0,4392447
yadL_yadM_yadC_yadK_predicted,0.3333333333333333,2,2,AAAGCATCGGCGGATAGCTG,0,4401494
yadL_yadM_yadC_yadK_predicted,0.3333333333333333,2,2,AAAGAGGATCGCTGACCTTG,0,4374314
yadL_yadM_yadC_yadK_predicted,0.3333333333333333,2,2,AAAGAAGGGCTCATAGTATG,0,4386014
yadL_yadM_yadC_yadK_predicted,0.3333333333333333,2,2,AAACTTCCTTGAACGGCTCT,0,4401614
yadL_yadM_yadC_yadK_predicted,0.3333333333333333,2,2,AAACTCTCCCATACCATACT,0,4375523
yadL_yadM_yadC_yadK_predicted,0.3333333333333333,2,2,AAACGGCGGATATGTTGCCC,0,4402262
yadL_yadM_yadC_yadK_predicted,0.3333333333333333,2,2,AAACCTGTAAACTTGGCTCG,0,4401259
yadL_yadM_yadC_yadK_predicted,0.3333333333333333,2,2,AAACCCCGAACATATCATAG,0,4387429
yadL_yadM_yadC_yadK_predicted,0.3333333333333333,2,2,AAACCAATGACGTATCCAAC,0,4386465
yadL_yadM_yadC_yadK_predicted,0.3333333333333333,2,2,AAACACGGCGCCAACTGACC,0,4377686
yadL_yadM_yadC_yadK_predicted,0.3333333333333333,2,2,AAACAAATCCCCGATGGAGG,0,4375620
yadL_yadM_yadC_yadK_predicted,0.3333333333333333,2,2,AAAATCGAGACCGTCGTAAC,0,4395001
yadL_yadM_yadC_yadK_predicted,0.3333333333333333,2,2,AAAAGGGGGTAAACTGTAGT,0,4394273
yadL_yadM_yadC_yadK_predicted,0.3333333333333333,2,2,AAAACACGGCCCTCCGCTCT,0,4380894
yadL_yadM_yadC_yadK_predicted,0.3333333333333333,2,2,AAAAATCTGGGTCTCTTAGT,0,4378211
yadL_yadM_yadC_yadK_predicted,0.3333333333333333,2,2,AAAAAAGTGCCGAATCTCCT,0,4401158
yadL_yadM_yadC_yadK_predicted,0.5,1,1,TTTTTGGCTGGCTGGGTAGG,0,4373852
yadL_yadM_yadC_yadK_predicted,0.5,1,1,TTTTGGATTTGGCCCAAACT,0,4377950
yadL_yadM_yadC_yadK_predicted,0.5,1,1,TTTTGATGCTCCAATATCCT,0,4398519
yadL_yadM_yadC_yadK_predicted,0.5,1,1,TTTTCCAATGTTGGGAATAT,0,4372811
yadL_yadM_yadC_yadK_predicted,0.5,1,1,TTTGGGTTGTCCGCGGTAGC,0,4398211
yadL_yadM_yadC_yadK_predicted,0.5,1,1,TTTGCTTTAATTGTGACTCG,0,4384326
yadL_yadM_yadC_yadK_predicted,0.5,1,1,TTTGAGTCGAATACTAGAGG,0,4387486
yadL_yadM_yadC_yadK_predicted,0.5,1,1,TTTCTTGGGTCCATGGAATG,0,4400905
yadL_yadM_yadC_yadK_predicted,0.5,1,1,TTTCGGTTCCTACCTCCAAA,0,4389286
yadL_yadM_yadC_yadK_predicted,0.5,1,1,TTTCGCACGGACAGATCTGT,0,4383147
yadL_yadM_yadC_yadK_predicted,0.5,1,1,TTTCCTGTCGGGTGCCATAT,0,4401584
yadL_yadM_yadC_yadK_predicted,0.5,1,1,TTTCCAATTAATGGCTCCGC,0,4372394
yadL_yadM_yadC_yadK_predicted,0.5,1,1,TTTCAGGTCACTTTCTTGGT,0,4400328
yadL_yadM_yadC_yadK_predicted,0.5,1,1,TTTATCGTGCAGAGGGAGAA,0,4382988
yadL_yadM_yadC_yadK_predicted,0.5,1,1,TTTAAGAACAAGTAAACAAC,0,4385040
yadL_yadM_yadC_yadK_predicted,0.5,1,1,TTGTTGGTACCCATCTAGTT,0,4390491
yadL_yadM_yadC_yadK_predicted,0.5,1,1,TTGTTAGTTGGCTCTAAGCC,0,4400769
yadL_yadM_yadC_yadK_predicted,0.5,1,1,TTGTGTACTTAGTTACGGTA,0,4377437
yadL_yadM_yadC_yadK_predicted,0.5,1,1,TTGTAATACTTCAACTGGCT,0,4394855
yadL_yadM_yadC_yadK_predicted,0.5,1,1,TTGGGCGGCATTTGACCTTT,0,4400091
yadL_yadM_yadC_yadK_predicted,0.5,1,1,TTGGCTCACCGTTACCAAGC,0,4373899
yadL_yadM_yadC_yadK_predicted,0.5,1,1,TTGGCACGGGTGATTCGCCT,0,4381402
yadL_yadM_yadC_yadK_predicted,0.5,1,1,TTGGAGTTCGGCACATGGGG,0,4389684
yadL_yadM_yadC_yadK_predicted,0.5,1,1,TTGCTTCCCCGCCATACTCA,0,4396609
yadL_yadM_yadC_yadK_predicted,0.5,1,1,TTGCTACTACCTTCCCGTAA,0,4400909
yadL_yadM_yadC_yadK_predicted,0.5,1,1,TTGCGTTATGCGGGGCACGC,0,4373317
yadL_yadM_yadC_yadK_predicted,0.5,1,1,TTGCCGTAACCTATCAATTC,0,4381627
yadL_yadM_yadC_yadK_predicted,0.5,1,1,TTGCCACATTAGTGAGTAGT,0,4402426
yadL_yadM_yadC_yadK_predicted,0.5,1,1,TTGCAGTACCGTGCCAGTTC,0,4390838
yadL_yadM_yadC_yadK_predicted,0.5,1,1,TTGATTCACATTCCTCACAA,0,4370942
yadL_yadM_yadC_yadK_predicted,0.5,1,1,TTGATTACTACACTTTTTGC,0,4377779
yadL_yadM_yadC_yadK_predicted,0.5,1,1,TTGATGATCTTCACTCCCCA,0,4390687
yadL_yadM_yadC_yadK_predicted,0.5,1,1,TTGATAAAGCCGCGTTCACA,0,4371527
yadL_yadM_yadC_yadK_predicted,0.5,1,1,TTGAGGGATGATCCAACGAA,0,4395719
yadL_yadM_yadC_yadK_predicted,0.5,1,1,TTGAGAATTGTCAAATAATC,0,4386077
yadL_yadM_yadC_yadK_predicted,0.5,1,1,TTGAATCCATCTGGAATGCT,0,4376102
yadL_yadM_yadC_yadK_predicted,0.5,1,1,TTCTTGCCGGTAATTGCACT,0,4400009
yadL_yadM_yadC_yadK_predicted,0.5,1,1,TTCTTACGCGTCATTTCTGC,0,4378304
yadL_yadM_yadC_yadK_predicted,0.5,1,1,TTCTGGGACAGTAATTTTAT,0,4374882
yadL_yadM_yadC_yadK_predicted,0.5,1,1,TTCTGCTGAGTGGGGAAATT,0,4389367
yadL_yadM_yadC_yadK_predicted,0.5,1,1,TTCTACTGAAGGCAGTGCAT,0,4386035
yadL_yadM_yadC_yadK_predicted,0.5,1,1,TTCGGGGTTTGGACACTCGA,0,4387642
yadL_yadM_yadC_yadK_predicted,0.5,1,1,TTCGGCTCAAACATGCGGCG,0,4399826
yadL_yadM_yadC_yadK_predicted,0.5,1,1,TTCGATGACCGACTAGAGCT,0,4371154
yadL_yadM_yadC_yadK_predicted,0.5,1,1,TTCCTTGCGGCGGACCTGCT,0,4389746
yadL_yadM_yadC_yadK_predicted,0.5,1,1,TTCCTTATTGCGGGATTCTA,0,4371285
yadL_yadM_yadC_yadK_predicted,0.5,1,1,TTCCTCTCAATGCATTATCC,0,4398190
yadL_yadM_yadC_yadK_predicted,0.5,1,1,TTCCCGGAGTCGAGGAAGTG,0,4396241
yadL_yadM_yadC_yadK_predicted,0.5,1,1,TTCCCGGAAATCACTTGTTA,0,4400671
yadL_yadM_yadC_yadK_predicted,0.5,1,1,TTCCCCTCTGCGGAGGCGCA,0,4392605
yadL_yadM_yadC_yadK_predicted,0.5,1,1,TTCCATATAGCGCCCCCTTG,0,4390466
yadL_yadM_yadC_yadK_predicted,0.5,1,1,TTCCAGACTTCTGGTACAAG,0,4380478
yadL_yadM_yadC_yadK_predicted,0.5,1,1,TTCAGGTTGGTGCCATCCTT,0,4400813
yadL_yadM_yadC_yadK_predicted,0.5,1,1,TTCAGCTACTTCGGTGTCTT,0,4383193
yadL_yadM_yadC_yadK_predicted,0.5,1,1,TTCAGAGAAGTCCGCCGAAT,0,4378328
yadL_yadM_yadC_yadK_predicted,0.5,1,1,TTATTGCTGGCGCACGGAAG,0,4381361
yadL_yadM_yadC_yadK_predicted,0.5,1,1,TTATTCGTAGATGGATATAC,0,4382800
yadL_yadM_yadC_yadK_predicted,0.5,1,1,TTATTCCGTCAACCCCCCAA,0,4386335
yadL_yadM_yadC_yadK_predicted,0.5,1,1,TTATGGGGAGGGACCCGGAA,0,4402318
yadL_yadM_yadC_yadK_predicted,0.5,1,1,TTATGGCTAAGCCTCTTATG,0,4395220
yadL_yadM_yadC_yadK_predicted,0.5,1,1,TTATCCAAGTAACTTGAAAG,0,4384231
yadL_yadM_yadC_yadK_predicted,0.5,1,1,TTATATGTTCATACACTATT,0,4375847
yadL_yadM_yadC_yadK_predicted,0.5,1,1,TTATATGCAGAACTTTATTT,0,4374906
yadL_yadM_yadC_yadK_predicted,0.5,1,1,TTATATCGTTTGTAAACACG,0,4395199
yadL_yadM_yadC_yadK_predicted,0.5,1,1,TTATACGTGTTGAACCCCGC,0,4402263
yadL_yadM_yadC_yadK_predicted,0.5,1,1,TTAGTCCGACGCATTCTGCT,0,4400746
yadL_yadM_yadC_yadK_predicted,0.5,1,1,TTAGTATGATAAGCTATACC,0,4374870
yadL_yadM_yadC_yadK_predicted,0.5,1,1,TTAGGGCACGGATATCCGGT,0,4388441
yadL_yadM_yadC_yadK_predicted,0.5,1,1,TTAGGCGGTGGGGGAAACTT,0,4372317
yadL_yadM_yadC_yadK_predicted,0.5,1,1,TTACTTTCTTAATAGAAGCA,0,4385721
yadL_yadM_yadC_yadK_predicted,0.5,1,1,TTACTACCCGCGTCGCCCCC,0,4393101
yadL_yadM_yadC_yadK_predicted,0.5,1,1,TTACGTGGTCCGTCGGTTCT,0,4386670
yadL_yadM_yadC_yadK_predicted,0.5,1,1,TTAATTATACCGGTCAGAGG,0,4379142
yadL_yadM_yadC_yadK_predicted,0.5,1,1,TTAATCAATGTGTGCACAAA,0,4402238
yadL_yadM_yadC_yadK_predicted,0.5,1,1,TTAAGTTACACGACTTGCAG,0,4373574
yadL_yadM_yadC_yadK_predicted,0.5,1,1,TTAAGGCCGCAAAAACTGCG,0,4370818
yadL_yadM_yadC_yadK_predicted,0.5,1,1,TTAAATTGCCCCTCTGGCGA,0,4399015
yadL_yadM_yadC_yadK_predicted,0.5,1,1,TTAAACGCCACATGAACGAA,0,4402025
yadL_yadM_yadC_yadK_predicted,0.5,1,1,TTAAACAGGTTACGAAAACT,0,4370589
yadL_yadM_yadC_yadK_predicted,0.5,1,1,TTAAACAGCCTTCAGAATCC,0,4383008
yadL_yadM_yadC_yadK_predicted,0.5,1,1,TGTTTACAGCCGTGCTTTAG,0,4384468
yadL_yadM_yadC_yadK_predicted,0.5,1,1,TGTGTCTGCTGAATGGACAG,0,4389360
yadL_yadM_yadC_yadK_predicted,0.5,1,1,TGTGCGGGAGTGCAGCAAAT,0,4378262
yadL_yadM_yadC_yadK_predicted,0.5,1,1,TGTGCGCTCGGCTAAGTTGC,0,4376672
yadL_yadM_yadC_yadK_predicted,0.5,1,1,TGTGCGATCTCGACATTTGC,0,4385282
yadL_yadM_yadC_yadK_predicted,0.5,1,1,TGTGCAGTGAGTGCCGCTAG,0,4387019
yadL_yadM_yadC_yadK_predicted,0.5,1,1,TGTGATGGTCCGGGGTCAGA,0,4375251
yadL_yadM_yadC_yadK_predicted,0.5,1,1,TGTGAGGGACTAGAATGGCT,0,4397030
yadL_yadM_yadC_yadK_predicted,0.5,1,1,TGTGACGTTGATTTAGAAGT,0,4387279
yadL_yadM_yadC_yadK_predicted,0.5,1,1,TGTGAAGGTGCGTATCTTTT,0,4383048
yadL_yadM_yadC_yadK_predicted,0.5,1,1,TGTCGTGTCACCTGAAGGCC,0,4377148
yadL_yadM_yadC_yadK_predicted,0.5,1,1,TGTCGGAAATTCTCTAGAAT,0,4374529
yadL_yadM_yadC_yadK_predicted,0.5,1,1,TGTCACAGGCTGTTGGCGGT,0,4399345
yadL_yadM_yadC_yadK_predicted,0.5,1,1,TGTAGCTACAGGGTATATGA,0,4387924
yadL_yadM_yadC_yadK_predicted,0.5,1,1,TGTAGAAGAGTAAGAGCGAT,0,4390463
yadL_yadM_yadC_yadK_predicted,0.5,1,1,TGTAACAATCACCGTCGCCA,0,4401791
yadL_yadM_yadC_yadK_predicted,0.5,1,1,TGGTTCCTAGACAGTCACGT,0,4371470
yadL_yadM_yadC_yadK_predicted,0.5,1,1,TGGTGTCGATCAGCGCCGGA,0,4380390
yadL_yadM_yadC_yadK_predicted,0.5,1,1,TGGTGTCCCAAGCGCTGTAA,0,4384195
yadL_yadM_yadC_yadK_predicted,0.5,1,1,TGGTGGGAATTTTCAATACT,0,4372016
yadL_yadM_yadC_yadK_predicted,0.5,1,1,TGGTGATTTGTTCTCCTGCA,0,4370853
yadL_yadM_yadC_yadK_predicted,0.5,1,1,TGGTCTTTGGAAGATAGGTC,0,4377522
yadL_yadM_yadC_yadK_predicted,0.5,1,1,TGGTCTGAGGTATCCTTTCG,0,4381818
yadL_yadM_yadC_yadK_predicted,0.5,1,1,TGGTCGGCACTCTCTCCCAC,0,4373378
yadL_yadM_yadC_yadK_predicted,0.5,1,1,TGGTCCGCGTGCCCTAGGGG,0,4374018
yadL_yadM_yadC_yadK_predicted,0.5,1,1,TGGTCAGACAGTCCTGAGGC,0,4386092
yadL_yadM_yadC_yadK_predicted,0.5,1,1,TGGTATCCAACTCCGAACCT,0,4387777
yadL_yadM_yadC_yadK_predicted,0.5,1,1,TGGGTCTACACGCGGATGAC,0,4370778
yadL_yadM_yadC_yadK_predicted,0.5,1,1,TGGGTAGAATCGTAAAACTA,0,4386264
yadL_yadM_yadC_yadK_predicted,0.5,1,1,TGGGGTGTTGCCGCGGTGCT,0,4379431
yadL_yadM_yadC_yadK_predicted,0.5,1,1,TGGGGCATAGTTTCCTGCAG,0,4395219
yadL_yadM_yadC_yadK_predicted,0.5,1,1,TGGGGACTCCTATAGTAGAT,0,4398960
yadL_yadM_yadC_yadK_predicted,0.5,1,1,TGGGCGCGCCGTGGCTGGCG,0,4389838
yadL_yadM_yadC_yadK_predicted,0.5,1,1,TGGGAAGAGAGACTAAGGCC,0,4382296
yadL_yadM_yadC_yadK_predicted,0.5,1,1,TGGCTAGAGTGTGCTGTAAA,0,4376050
yadL_yadM_yadC_yadK_predicted,0.5,1,1,TGGCGTTACTTACGGTAATT,0,4396378
yadL_yadM_yadC_yadK_predicted,0.5,1,1,TGGCAAGAGCGACGGGGGGG,0,4381471
yadL_yadM_yadC_yadK_predicted,0.5,1,1,TGGATCACTACGTAATCCCC,0,4388426
yadL_yadM_yadC_yadK_predicted,0.5,1,1,TGGATAGCGACCCACATAGA,0,4374650
yadL_yadM_yadC_yadK_predicted,0.5,1,1,TGGATACAAGATTACAGACG,0,4385666
yadL_yadM_yadC_yadK_predicted,0.5,1,1,TGGAGTTGTTACCTAAGGCC,0,4401922
yadL_yadM_yadC_yadK_predicted,0.5,1,1,TGGAGTGGATAGTCCAAATT,0,4378406
yadL_yadM_yadC_yadK_predicted,0.5,1,1,TGGAATGTTGAGGGGCTATC,0,4402272
yadL_yadM_yadC_yadK_predicted,0.5,1,1,TGGAACAACTACTGCTGGTG,0,4381689
yadL_yadM_yadC_yadK_predicted,0.5,1,1,TGCTTATGGCAGGGACCATG,0,4382395
yadL_yadM_yadC_yadK_predicted,0.5,1,1,TGCTGTGCTGGTGTGTTAAT,0,4380585
yadL_yadM_yadC_yadK_predicted,0.5,1,1,TGCTCGGCAAATGCGCTGAT,0,4393597
yadL_yadM_yadC_yadK_predicted,0.5,1,1,TGCGGATCAGCGGGCCAGAC,0,4374869
yadL_yadM_yadC_yadK_predicted,0.5,1,1,TGCGCGGGCCACGTTGAAAG,0,4383268
yadL_yadM_yadC_yadK_predicted,0.5,1,1,TGCGCCTCATGTGAAAGCAG,0,4381542
yadL_yadM_yadC_yadK_predicted,0.5,1,1,TGCGAGGGAGGAGTGGGATT,0,4371529
yadL_yadM_yadC_yadK_predicted,0.5,1,1,TGCCGTTACGCAGTCAGTGT,0,4394281
yadL_yadM_yadC_yadK_predicted,0.5,1,1,TGCCGTCTCTATAAAAATAC,0,4400154
yadL_yadM_yadC_yadK_predicted,0.5,1,1,TGCCAGGCATAGTAGACAAT,0,4381004
yadL_yadM_yadC_yadK_predicted,0.5,1,1,TGCCAACGAACCAAGGACTC,0,4395985
yadL_yadM_yadC_yadK_predicted,0.5,1,1,TGCATTCTGGGGTTCTCCTT,0,4383602
yadL_yadM_yadC_yadK_predicted,0.5,1,1,TGCATTCTCTTCTCTGTAGT,0,4373318
yadL_yadM_yadC_yadK_predicted,0.5,1,1,TGCAGTAGGCTTTTCCGACT,0,4372363
yadL_yadM_yadC_yadK_predicted,0.5,1,1,TGCAGCACCGGCTTGATCAC,0,4388524
yadL_yadM_yadC_yadK_predicted,0.5,1,1,TGATTTAAAGGAATACCTTA,0,4402166
yadL_yadM_yadC_yadK_predicted,0.5,1,1,TGATTGGCATTTAACGCGGT,0,4370845
yadL_yadM_yadC_yadK_predicted,0.5,1,1,TGATTGGAGAGTAGGGACAT,0,4398518
yadL_yadM_yadC_yadK_predicted,0.5,1,1,TGATTGCTCGAACGCTGTTG,0,4381652
yadL_yadM_yadC_yadK_predicted,0.5,1,1,TGATTCTCGTTGTCTCTTTT,0,4393207
yadL_yadM_yadC_yadK_predicted,0.5,1,1,TGATGGGTACCACATAGTCT,0,4388583
yadL_yadM_yadC_yadK_predicted,0.5,1,1,TGATGCGGTCTCACTTAGTC,0,4395565
yadL_yadM_yadC_yadK_predicted,0.5,1,1,TGAGTTTATCTGCGCTCGGA,0,4389200
yadL_yadM_yadC_yadK_predicted,0.5,1,1,TGAGTTGGTAGATGTAACGG,0,4379286
yadL_yadM_yadC_yadK_predicted,0.5,1,1,TGAGTTCTAAATCAACTATT,0,4381511
yadL_yadM_yadC_yadK_predicted,0.5,1,1,TGAGTCCTTAGTCAGAACAG,0,4381626
yadL_yadM_yadC_yadK_predicted,0.5,1,1,TGAGGTTTTGCCACTACTGA,0,4400844
yadL_yadM_yadC_yadK_predicted,0.5,1,1,TGAGGCAATTTATCGAAGAC,0,4391740
yadL_yadM_yadC_yadK_predicted,0.5,1,1,TGAGCTTAACACACGGTGTA,0,4371227
yadL_yadM_yadC_yadK_predicted,0.5,1,1,TGAGCTGTCAAGTTTGATTT,0,4371379
yadL_yadM_yadC_yadK_predicted,0.5,1,1,TGAGATTTATTTGACGATTA,0,4390129
yadL_yadM_yadC_yadK_predicted,0.5,1,1,TGACGATACCCAGTTCCGCG,0,4387011
yadL_yadM_yadC_yadK_predicted,0.5,1,1,TGAATGCTCAGTTACCTCCT,0,4370653
yadL_yadM_yadC_yadK_predicted,0.5,1,1,TGAATCGAAGTTTACTGTTC,0,4372198
yadL_yadM_yadC_yadK_predicted,0.5,1,1,TGAACTTGTAAAAGTTACCA,0,4397065
yadL_yadM_yadC_yadK_predicted,0.5,1,1,TGAACTGCGTGGGTTACTTC,0,4375698
yadL_yadM_yadC_yadK_predicted,0.5,1,1,TGAACTGAAGGACGTGTGTC,0,4380057
yadL_yadM_yadC_yadK_predicted,0.5,1,1,TGAACCCACCCTATGTGCAT,0,4400358
yadL_yadM_yadC_yadK_predicted,0.5,1,1,TGAACCAGGGTCTCAAACTA,0,4395941
yadL_yadM_yadC_yadK_predicted,0.5,1,1,TGAAATGTCAGGACGCAAGG,0,4382399
yadL_yadM_yadC_yadK_predicted,0.5,1,1,TCTTTAGACTATCCGGAAGA,0,4389112
yadL_yadM_yadC_yadK_predicted,0.5,1,1,TCTTTACTATCCCAGCCCAC,0,4375030
yadL_yadM_yadC_yadK_predicted,0.5,1,1,TCTTGTTATTTGCTCGACTC,0,4383980
yadL_yadM_yadC_yadK_predicted,0.5,1,1,TCTTGATTTTAGACGGCCTC,0,4384975
yadL_yadM_yadC_yadK_predicted,0.5,1,1,TCTTGAGTAGACCAATAGTG,0,4382660
yadL_yadM_yadC_yadK_predicted,0.5,1,1,TCTGGGTATTGTAAGTCTCG,0,4370097
yadL_yadM_yadC_yadK_predicted,0.5,1,1,TCTGCTTCGACCATAATGCT,0,4374164
yadL_yadM_yadC_yadK_predicted,0.5,1,1,TCTGCTCAGGTCGCCAGGTC,0,4392304
yadL_yadM_yadC_yadK_predicted,0.5,1,1,TCTGCCTACTAATCGGTGCT,0,4372240
yadL_yadM_yadC_yadK_predicted,0.5,1,1,TCTGACGGGTCTCTTCAGGC,0,4395125
yadL_yadM_yadC_yadK_predicted,0.5,1,1,TCTGACACTGGGGCAATGGC,0,4394743
yadL_yadM_yadC_yadK_predicted,0.5,1,1,TCTCTCGGATTCCGCTAACG,0,4389514
yadL_yadM_yadC_yadK_predicted,0.5,1,1,TCTCGGCTGACTATAAATTG,0,4398931
yadL_yadM_yadC_yadK_predicted,0.5,1,1,TCTCGGACGTCTTACTCCAG,0,4375436
yadL_yadM_yadC_yadK_predicted,0.5,1,1,TCTCACGAATGAGCAGAAGA,0,4388688
yadL_yadM_yadC_yadK_predicted,0.5,1,1,TCTATCTCAAGGAGTAGGGC,0,4379444
yadL_yadM_yadC_yadK_predicted,0.5,1,1,TCTATCACTCGCCACTTAAC,0,4384225
yadL_yadM_yadC_yadK_predicted,0.5,1,1,TCTATACCTATCCGTTGCAG,0,4382015
yadL_yadM_yadC_yadK_predicted,0.5,1,1,TCTAGAAGTAAGCCGGACAT,0,4381000
yadL_yadM_yadC_yadK_predicted,0.5,1,1,TCTACTATCAGCTCCAAAAC,0,4392783
yadL_yadM_yadC_yadK_predicted,0.5,1,1,TCTACGCGCGAGATCCCAAA,0,4393785
yadL_yadM_yadC_yadK_predicted,0.5,1,1,TCTAATTAACGGGATACTGA,0,4390224
yadL_yadM_yadC_yadK_predicted,0.5,1,1,TCTAATCCTATTATGGTAAT,0,4386596
yadL_yadM_yadC_yadK_predicted,0.5,1,1,TCGTTTGCGTGGGAAATGCA,0,4400102
yadL_yadM_yadC_yadK_predicted,0.5,1,1,TCGTTGTTGGACGGGCGGGT,0,4371504
yadL_yadM_yadC_yadK_predicted,0.5,1,1,TCGTTGTGATCCCGTAGGTT,0,4392901
yadL_yadM_yadC_yadK_predicted,0.5,1,1,TCGTTCCAACCGCTTGACGC,0,4378719
yadL_yadM_yadC_yadK_predicted,0.5,1,1,TCGTTATCGGTGCTTTGCCG,0,4389961
yadL_yadM_yadC_yadK_predicted,0.5,1,1,TCGTGTAGGATCCGTGTGCA,0,4401821
yadL_yadM_yadC_yadK_predicted,0.5,1,1,TCGTCTGCGGTCCAGCAATT,0,4397173
yadL_yadM_yadC_yadK_predicted,0.5,1,1,TCGTCTCATCAAAGTATGTC,0,4384981
yadL_yadM_yadC_yadK_predicted,0.5,1,1,TCGTATATCGACGTACAGTA,0,4385157
yadL_yadM_yadC_yadK_predicted,0.5,1,1,TCGTAGCTCGGTCTTCTCAA,0,4380153
yadL_yadM_yadC_yadK_predicted,0.5,1,1,TCGGTACGTGATTCCGAGGA,0,4383973
yadL_yadM_yadC_yadK_predicted,0.5,1,1,TCGGGGGAGACGCTAGAACA,0,4400944
yadL_yadM_yadC_yadK_predicted,0.5,1,1,TCGGATTGTTCGGTATCTAA,0,4398400
yadL_yadM_yadC_yadK_predicted,0.5,1,1,TCGGAGGCTTGCCGCGACCC,0,4380663
yadL_yadM_yadC_yadK_predicted,0.5,1,1,TCGGAGAGTCTCGCAAGCTG,0,4396952
yadL_yadM_yadC_yadK_predicted,0.5,1,1,TCGGACATTCAAGAATCTAG,0,4372619
yadL_yadM_yadC_yadK_predicted,0.5,1,1,TCGCGTTTTGATGACTTGAT,0,4401578
yadL_yadM_yadC_yadK_predicted,0.5,1,1,TCGCGTTGACTGCCGCACGT,0,4382699
yadL_yadM_yadC_yadK_predicted,0.5,1,1,TCGCCGCACCACTCCTGTTG,0,4372925
yadL_yadM_yadC_yadK_predicted,0.5,1,1,TCGCACGGTTTGAGCGATTC,0,4385635
yadL_yadM_yadC_yadK_predicted,0.5,1,1,TCGCACGGCAGCTACGGCAT,0,4390240
yadL_yadM_yadC_yadK_predicted,0.5,1,1,TCGATTAGCCGGCAAGCATC,0,4371807
yadL_yadM_yadC_yadK_predicted,0.5,1,1,TCGATCTAAGCGCGCAGCTG,0,4370408
yadL_yadM_yadC_yadK_predicted,0.5,1,1,TCCTTTATGTAGAAACTTCT,0,4387513
yadL_yadM_yadC_yadK_predicted,0.5,1,1,TCCTTTACGCGGCCCGTGGT,0,4387004
yadL_yadM_yadC_yadK_predicted,0.5,1,1,TCCTTGACCGCTCGAATCAG,0,4382729
yadL_yadM_yadC_yadK_predicted,0.5,1,1,TCCTAGGCCTGCATATCGTA,0,4389213
yadL_yadM_yadC_yadK_predicted,0.5,1,1,TCCTAGCAATCGGTACACTC,0,4385739
yadL_yadM_yadC_yadK_predicted,0.5,1,1,TCCTAAGAGCCCGAACGGCC,0,4401177
yadL_yadM_yadC_yadK_predicted,0.5,1,1,TCCGTTTTAAAGGGTCTAGG,0,4373658
yadL_yadM_yadC_yadK_predicted,0.5,1,1,TCCCGTATTATAAAGCCTAG,0,4388102
yadL_yadM_yadC_yadK_predicted,0.5,1,1,TCCCGAGCTAGCCTCAAAAC,0,4385636
yadL_yadM_yadC_yadK_predicted,0.5,1,1,TCCATGGGACTTCGAGCAGA,0,4384987
yadL_yadM_yadC_yadK_predicted,0.5,1,1,TCCATCTTGGGATTAGCAGA,0,4398741
yadL_yadM_yadC_yadK_predicted,0.5,1,1,TCCACTGACAGTTGGTGCGC,0,4388787
yadL_yadM_yadC_yadK_predicted,0.5,1,1,TCCACGACCGCGTAATGGTG,0,4390462
yadL_yadM_yadC_yadK_predicted,0.5,1,1,TCCACCGCCGGTGACTCTTG,0,4397472
yadL_yadM_yadC_yadK_predicted,0.5,1,1,TCCAAGCCCAAACATAGAAA,0,4379272
yadL_yadM_yadC_yadK_predicted,0.5,1,1,TCCAAACCGAAGGCAATGCG,0,4396711
yadL_yadM_yadC_yadK_predicted,0.5,1,1,TCATTACATATGAAGTGCTA,0,4398598
yadL_yadM_yadC_yadK_predicted,0.5,1,1,TCATGCCATATAGTCGTAAG,0,4371400
yadL_yadM_yadC_yadK_predicted,0.5,1,1,TCATGAAACAATGGGCTGGT,0,4378065
yadL_yadM_yadC_yadK_predicted,0.5,1,1,TCATCTCGTGAGCTCAAAGG,0,4374366
yadL_yadM_yadC_yadK_predicted,0.5,1,1,TCAGTCCACACGTTTCATGG,0,4371282
yadL_yadM_yadC_yadK_predicted,0.5,1,1,TCAGGTGCAATTTAGGGATG,0,4401190
yadL_yadM_yadC_yadK_predicted,0.5,1,1,TCAGGGGTGTACTATAAGAG,0,4389891
yadL_yadM_yadC_yadK_predicted,0.5,1,1,TCAGGGGCACATGTTCGGTA,0,4382556
yadL_yadM_yadC_yadK_predicted,0.5,1,1,TCAGGGAGCCAGCCTATGCG,0,4384264
yadL_yadM_yadC_yadK_predicted,0.5,1,1,TCAGAGTTCTCTGCCAGCGG,0,4387792
yadL_yadM_yadC_yadK_predicted,0.5,1,1,TCACGTGTCTTGGTTTGTGG,0,4398073
yadL_yadM_yadC_yadK_predicted,0.5,1,1,TCACGCGAGAACGTGGGTAT,0,4376569
yadL_yadM_yadC_yadK_predicted,0.5,1,1,TCACCTTCTTATCGACCGCG,0,4371586
yadL_yadM_yadC_yadK_predicted,0.5,1,1,TCACCAGACCCAGATCTGCC,0,4392706
yadL_yadM_yadC_yadK_predicted,0.5,1,1,TCACAAACGAGGATCCCCAA,0,4374584
yadL_yadM_yadC_yadK_predicted,0.5,1,1,TCAATCAGTTCACCGACAGG,0,4387623
yadL_yadM_yadC_yadK_predicted,0.5,1,1,TCAATAGGTCTTATTATAGT,0,4386843
yadL_yadM_yadC_yadK_predicted,0.5,1,1,TCAAACCTGGAGCGCGTGAA,0,4384083
yadL_yadM_yadC_yadK_predicted,0.5,1,1,TATTTCAGAGTGACCGAAGG,0,4398818
yadL_yadM_yadC_yadK_predicted,0.5,1,1,TATTTAGTAGGACTTGACCA,0,4396271
yadL_yadM_yadC_yadK_predicted,0.5,1,1,TATTGTTTTCTCAGAGCTTC,0,4377400
yadL_yadM_yadC_yadK_predicted,0.5,1,1,TATTGAGTCGGGGTAACCGT,0,4394657
yadL_yadM_yadC_yadK_predicted,0.5,1,1,TATTGACTGACCGGGACTTA,0,4387872
yadL_yadM_yadC_yadK_predicted,0.5,1,1,TATTCGCCCAGGAGAGCTGC,0,4389770
yadL_yadM_yadC_yadK_predicted,0.5,1,1,TATTCGAGCTCACGTACGGG,0,4389849
yadL_yadM_yadC_yadK_predicted,0.5,1,1,TATTCCTTCTCGTATTCCCG,0,4385348
yadL_yadM_yadC_yadK_predicted,0.5,1,1,TATTATAACGTTACCACGCC,0,4392586
yadL_yadM_yadC_yadK_predicted,0.5,1,1,TATTAAGAATTATCGCTCGG,0,4381753
yadL_yadM_yadC_yadK_predicted,0.5,1,1,TATGGTTATAGACATTGCAG,0,4401112
yadL_yadM_yadC_yadK_predicted,0.5,1,1,TATGGTGTCCAATCTTTGAA,0,4396924
yadL_yadM_yadC_yadK_predicted,0.5,1,1,TATGCGTTTGGTTCGAGGGT,0,4387381
yadL_yadM_yadC_yadK_predicted,0.5,1,1,TATCTGAGATATGCTTATCG,0,4389510
yadL_yadM_yadC_yadK_predicted,0.5,1,1,TATCTAACTCGGATGGAGAC,0,4397088
yadL_yadM_yadC_yadK_predicted,0.5,1,1,TATCCCAGGAAACTGTGAAT,0,4372357
yadL_yadM_yadC_yadK_predicted,0.5,1,1,TATATACCTTATCGGCCCGT,0,4381543
yadL_yadM_yadC_yadK_predicted,0.5,1,1,TATAGGAAGATTACGGGCCT,0,4389413
yadL_yadM_yadC_yadK_predicted,0.5,1,1,TATACAAGTGATTTTACCTA,0,4391299
yadL_yadM_yadC_yadK_predicted,0.5,1,1,TATAATGTGTATCACACGAT,0,4389757
yadL_yadM_yadC_yadK_predicted,0.5,1,1,TATAAGCTGTTACGAGGGGA,0,4391806
yadL_yadM_yadC_yadK_predicted,0.5,1,1,TATAAGCAGGAGGATACACT,0,4388735
yadL_yadM_yadC_yadK_predicted,0.5,1,1,TAGTCGTCACAACCTCCGTT,0,4389312
yadL_yadM_yadC_yadK_predicted,0.5,1,1,TAGTACCGCCATTCAGACAA,0,4385450
yadL_yadM_yadC_yadK_predicted,0.5,1,1,TAGGTGCAATACGCATCCGT,0,4374544
yadL_yadM_yadC_yadK_predicted,0.5,1,1,TAGGTCGGTTTCTGGAGTCA,0,4374079
yadL_yadM_yadC_yadK_predicted,0.5,1,1,TAGGGTTGCTGTAAGCTAGC,0,4374895
yadL_yadM_yadC_yadK_predicted,0.5,1,1,TAGGGTGTTAAAGGCGACTA,0,4394317
yadL_yadM_yadC_yadK_predicted,0.5,1,1,TAGGGGGGGTTGAGCATTTC,0,4400385
yadL_yadM_yadC_yadK_predicted,0.5,1,1,TAGGCAAGATGTGATCACGT,0,4386592
yadL_yadM_yadC_yadK_predicted,0.5,1,1,TAGGAATTCGGGAAAGTAGT,0,4379728
yadL_yadM_yadC_yadK_predicted,0.5,1,1,TAGCGTAAGACCTTCCATTT,0,4382127
yadL_yadM_yadC_yadK_predicted,0.5,1,1,TAGCGGGGGACGCGCCTATT,0,4378911
yadL_yadM_yadC_yadK_predicted,0.5,1,1,TAGCGCAAACGCGGAAGCAA,0,4384746
yadL_yadM_yadC_yadK_predicted,0.5,1,1,TAGCGACCCCCAGCCCCATA,0,4389301
yadL_yadM_yadC_yadK_predicted,0.5,1,1,TAGCATCTTATTCACCTGGT,0,4393408
yadL_yadM_yadC_yadK_predicted,0.5,1,1,TAGCACGCATCCGATTGTAC,0,4399908
yadL_yadM_yadC_yadK_predicted,0.5,1,1,TAGATCTAACACATAAGAGC,0,4383636
yadL_yadM_yadC_yadK_predicted,0.5,1,1,TAGATAGGGTGGTGCGCAAA,0,4387134
yadL_yadM_yadC_yadK_predicted,0.5,1,1,TAGAGGTCTTTGGGACAGTG,0,4378508
yadL_yadM_yadC_yadK_predicted,0.5,1,1,TAGAAAACCAAGAAAGCTGC,0,4391235
yadL_yadM_yadC_yadK_predicted,0.5,1,1,TACTGAATCACTTCTATTGG,0,4374424
yadL_yadM_yadC_yadK_predicted,0.5,1,1,TACTCGAGAGGACGCATGGC,0,4399312
yadL_yadM_yadC_yadK_predicted,0.5,1,1,TACTCATGTGTGTTGCTGGA,0,4400945
yadL_yadM_yadC_yadK_predicted,0.5,1,1,TACTAAAACATTCCCGGGCG,0,4380369
yadL_yadM_yadC_yadK_predicted,0.5,1,1,TACGGGCTGGCTAGTGCCCT,0,4400181
yadL_yadM_yadC_yadK_predicted,0.5,1,1,TACGCTGCGATTCGTAGAAC,0,4383040
yadL_yadM_yadC_yadK_predicted,0.5,1,1,TACGCATCTATGTGCAGGCC,0,4372602
yadL_yadM_yadC_yadK_predicted,0.5,1,1,TACGCAGGCGCCCTTATTTA,0,4391875
yadL_yadM_yadC_yadK_predicted,0.5,1,1,TACCGGCAGGATGGTTGCGT,0,4376826
yadL_yadM_yadC_yadK_predicted,0.5,1,1,TACCGCCATTAAAATAGCGA,0,4377785
yadL_yadM_yadC_yadK_predicted,0.5,1,1,TACCCGTGTAGAAAATTGAG,0,4390021
yadL_yadM_yadC_yadK_predicted,0.5,1,1,TACCCCTTTAAGTTGTTGTA,0,4401423
yadL_yadM_yadC_yadK_predicted,0.5,1,1,TACATCTATTTGGTGAAAAG,0,4398580
yadL_yadM_yadC_yadK_predicted,0.5,1,1,TACATAAAATCCGACCTCTT,0,4385753
yadL_yadM_yadC_yadK_predicted,0.5,1,1,TACAGGGCAGGACTTCTCGC,0,4393633
yadL_yadM_yadC_yadK_predicted,0.5,1,1,TACAGCGTATTTTGTTCAGG,0,4382899
yadL_yadM_yadC_yadK_predicted,0.5,1,1,TACAAGAGGTCGCTGGGGGG,0,4380488
yadL_yadM_yadC_yadK_predicted,0.5,1,1,TAATTCGGAATCACAGCAAA,0,4392042
yadL_yadM_yadC_yadK_predicted,0.5,1,1,TAATGGTTGATTGCGTCAGC,0,4375250
yadL_yadM_yadC_yadK_predicted,0.5,1,1,TAATCTAAATTCCAGAACAT,0,4396095
yadL_yadM_yadC_yadK_predicted,0.5,1,1,TAATCATACGAATTAACGAA,0,4389636
yadL_yadM_yadC_yadK_predicted,0.5,1,1,TAATCACGTGTGCTCAGTCT,0,4402328
yadL_yadM_yadC_yadK_predicted,0.5,1,1,TAATAATGCGATACAGAGGT,0,4371287
yadL_yadM_yadC_yadK_predicted,0.5,1,1,TAAGTGCCGTTGGACCTCTC,0,4387637
yadL_yadM_yadC_yadK_predicted,0.5,1,1,TAAGTAGGCGTTTAGAGAAT,0,4380648
yadL_yadM_yadC_yadK_predicted,0.5,1,1,TAAGTACGGGAGCTCAGATG,0,4391503
yadL_yadM_yadC_yadK_predicted,0.5,1,1,TAAGCAACTTGCTCAGGAAG,0,4377846
yadL_yadM_yadC_yadK_predicted,0.5,1,1,TAAGAGTATGGCCCGGCCGG,0,4394576
yadL_yadM_yadC_yadK_predicted,0.5,1,1,TAAGACGCTTATGTTGCATT,0,4385108
yadL_yadM_yadC_yadK_predicted,0.5,1,1,TAACGCTCATCCGTGCGTAC,0,4392227
yadL_yadM_yadC_yadK_predicted,0.5,1,1,TAACCTGCGAACGCGGGATT,0,4376944
yadL_yadM_yadC_yadK_predicted,0.5,1,1,TAAAGCTGGATCCTGGTCGT,0,4382527
yadL_yadM_yadC_yadK_predicted,0.5,1,1,TAAAATATACGCCGACGGGG,0,4383874
yadL_yadM_yadC_yadK_predicted,0.5,1,1,GTTTTGAGAGGTAGGTCACT,0,4380847
yadL_yadM_yadC_yadK_predicted,0.5,1,1,GTTTGTTAAACCGACACAAC,0,4399721
yadL_yadM_yadC_yadK_predicted,0.5,1,1,GTTTGCACACGTCGATACGT,0,4383723
yadL_yadM_yadC_yadK_predicted,0.5,1,1,GTTTCCGATTATGCAAATCA,0,4388864
yadL_yadM_yadC_yadK_predicted,0.5,1,1,GTTGCGATTTCTCATGTTGA,0,4383578
yadL_yadM_yadC_yadK_predicted,0.5,1,1,GTTGCGACAAAAGAGCAGTG,0,4394924
yadL_yadM_yadC_yadK_predicted,0.5,1,1,GTTGACAGATTACGAACATT,0,4377424
yadL_yadM_yadC_yadK_predicted,0.5,1,1,GTTCTGGAACATATGTGAGC,0,4378899
yadL_yadM_yadC_yadK_predicted,0.5,1,1,GTTCTGAACCTCTTGTGTCT,0,4382303
yadL_yadM_yadC_yadK_predicted,0.5,1,1,GTTCTCGAACTCTGTCCGTA,0,4375953
yadL_yadM_yadC_yadK_predicted,0.5,1,1,GTTCTATACCGGAGTTATGC,0,4385756
yadL_yadM_yadC_yadK_predicted,0.5,1,1,GTTCTAAGTGGATGTGCTAC,0,4387668
yadL_yadM_yadC_yadK_predicted,0.5,1,1,GTTCGTGATGTGGTAGACGT,0,4397760
yadL_yadM_yadC_yadK_predicted,0.5,1,1,GTTCGGTTCAAGCCGAATAA,0,4373650
yadL_yadM_yadC_yadK_predicted,0.5,1,1,GTTCAAGGTTTATCATAAGT,0,4383592
yadL_yadM_yadC_yadK_predicted,0.5,1,1,GTTCAAGATGTATCTCACGA,0,4393612
yadL_yadM_yadC_yadK_predicted,0.5,1,1,GTTCAAACCGTTCAGGAGTC,0,4374425
yadL_yadM_yadC_yadK_predicted,0.5,1,1,GTTCAAAATAGACGTTTGCC,0,4388759
yadL_yadM_yadC_yadK_predicted,0.5,1,1,GTTAGTACTGTCGGAAAAGC,0,4377491
yadL_yadM_yadC_yadK_predicted,0.5,1,1,GTTACTAATTCGACAACCAT,0,4394168
yadL_yadM_yadC_yadK_predicted,0.5,1,1,GTTACACCGACAGGGTGTCA,0,4394923
yadL_yadM_yadC_yadK_predicted,0.5,1,1,GTGTTGGCGGAGTCTTAAAG,0,4389165
yadL_yadM_yadC_yadK_predicted,0.5,1,1,GTGTTACTTCGAGGAGTGCG,0,4378700
yadL_yadM_yadC_yadK_predicted,0.5,1,1,GTGTGACAGCTACAGGAACG,0,4388036
yadL_yadM_yadC_yadK_predicted,0.5,1,1,GTGGTCTACTGGCGTCATTA,0,4390743
yadL_yadM_yadC_yadK_predicted,0.5,1,1,GTGGGGGTTCCGGGAGCTAG,0,4382275
yadL_yadM_yadC_yadK_predicted,0.5,1,1,GTGCTATGAACGTGAGATGG,0,4374933
yadL_yadM_yadC_yadK_predicted,0.5,1,1,GTGCGTTCACCAAGACAGTT,0,4379593
yadL_yadM_yadC_yadK_predicted,0.5,1,1,GTGCGTACCCAGAGTCCTGA,0,4398687
yadL_yadM_yadC_yadK_predicted,0.5,1,1,GTGCCCAACATTCCTGAGGG,0,4395925
yadL_yadM_yadC_yadK_predicted,0.5,1,1,GTGCACTCTGGCCGAGACAG,0,4371286
yadL_yadM_yadC_yadK_predicted,0.5,1,1,GTGCACGGTGACCGACTTAC,0,4383584
yadL_yadM_yadC_yadK_predicted,0.5,1,1,GTGCACATATTGTTGTAGTC,0,4399563
yadL_yadM_yadC_yadK_predicted,0.5,1,1,GTGCAAAATTCAGCAACCCG,0,4371905
yadL_yadM_yadC_yadK_predicted,0.5,1,1,GTGATTCGGATTGGCGATTA,0,4381260
yadL_yadM_yadC_yadK_predicted,0.5,1,1,GTGATGTTTCGGGTTCAGAT,0,4382426
yadL_yadM_yadC_yadK_predicted,0.5,1,1,GTGAGAGTGGCCCACGCCCT,0,4379228
yadL_yadM_yadC_yadK_predicted,0.5,1,1,GTGAGAGAAAGATGTTGAGT,0,4398697
yadL_yadM_yadC_yadK_predicted,0.5,1,1,GTGAAGGGGTCGCAAAGCAA,0,4386025
yadL_yadM_yadC_yadK_predicted,0.5,1,1,GTCTGCACACTCGAAAGGAG,0,4376096
yadL_yadM_yadC_yadK_predicted,0.5,1,1,GTCTGACTAAACGGGAGTGA,0,4391008
yadL_yadM_yadC_yadK_predicted,0.5,1,1,GTCTACCTACCCGCGTTATA,0,4375395
yadL_yadM_yadC_yadK_predicted,0.5,1,1,GTCGTATCTCATTATACTTC,0,4373798
yadL_yadM_yadC_yadK_predicted,0.5,1,1,GTCGGTTAGACGCCCGGATG,0,4374548
yadL_yadM_yadC_yadK_predicted,0.5,1,1,GTCGGGTTGGACCAGCGCAG,0,4378419
yadL_yadM_yadC_yadK_predicted,0.5,1,1,GTCGGCGATTTAGCTTAAGA,0,4390394
yadL_yadM_yadC_yadK_predicted,0.5,1,1,GTCGCGTCCAACCTAGGATA,0,4392146
yadL_yadM_yadC_yadK_predicted,0.5,1,1,GTCCCAACGGCTACCGCAAG,0,4375061
yadL_yadM_yadC_yadK_predicted,0.5,1,1,GTCCATCTCGACCAACAATT,0,4381554
yadL_yadM_yadC_yadK_predicted,0.5,1,1,GTCCAGTGAAGCTTTGTTAT,0,4394520
yadL_yadM_yadC_yadK_predicted,0.5,1,1,GTCCACTTGCGCTGTGACAA,0,4385515
yadL_yadM_yadC_yadK_predicted,0.5,1,1,GTCATTTCGGTAGGTCCGGC,0,4400669
yadL_yadM_yadC_yadK_predicted,0.5,1,1,GTCAGTAAGTTATGCGACGC,0,4400350
yadL_yadM_yadC_yadK_predicted,0.5,1,1,GTCAGGTGCCGTCGTATCTC,0,4396110
yadL_yadM_yadC_yadK_predicted,0.5,1,1,GTCAGCTTACCCTAAACGTG,0,4373744
yadL_yadM_yadC_yadK_predicted,0.5,1,1,GTCAGACTCGTGATCGTTAA,0,4395292
yadL_yadM_yadC_yadK_predicted,0.5,1,1,GTCACGTTAGGCGTCCCACC,0,4394738
yadL_yadM_yadC_yadK_predicted,0.5,1,1,GTCACGCCCGCGGGTCACAT,0,4378001
yadL_yadM_yadC_yadK_predicted,0.5,1,1,GTCACCGATACATGGGTTCG,0,4384685
yadL_yadM_yadC_yadK_predicted,0.5,1,1,GTCACAGCCTATTCGAATTG,0,4393422
yadL_yadM_yadC_yadK_predicted,0.5,1,1,GTCAAGCTTCAGGTCATAAC,0,4387702
yadL_yadM_yadC_yadK_predicted,0.5,1,1,GTCAAAGTCAGGCTTGCGGC,0,4387886
yadL_yadM_yadC_yadK_predicted,0.5,1,1,GTATCTCCTTAGAAACACCG,0,4388752
yadL_yadM_yadC_yadK_predicted,0.5,1,1,GTATCCGCCTCCGGCCTTGT,0,4388163
yadL_yadM_yadC_yadK_predicted,0.5,1,1,GTATAGTTACCCACCGTAGT,0,4372361
yadL_yadM_yadC_yadK_predicted,0.5,1,1,GTATAGGATATAATGGGCAG,0,4388052
yadL_yadM_yadC_yadK_predicted,0.5,1,1,GTATACCTGCCACCACCATT,0,4375577
yadL_yadM_yadC_yadK_predicted,0.5,1,1,GTAGTTCGAAAATACAAGTG,0,4376516
yadL_yadM_yadC_yadK_predicted,0.5,1,1,GTAGTTAAATACTCGGTCGG,0,4381258
yadL_yadM_yadC_yadK_predicted,0.5,1,1,GTAGTGCAGATCTCCAAGCT,0,4397963
yadL_yadM_yadC_yadK_predicted,0.5,1,1,GTAGTCTGGGTTTTGTGTTC,0,4389868
yadL_yadM_yadC_yadK_predicted,0.5,1,1,GTAGTCCTGGCACCGGTTAA,0,4399992
yadL_yadM_yadC_yadK_predicted,0.5,1,1,GTAGGCAACATGCGGATCGC,0,4374815
yadL_yadM_yadC_yadK_predicted,0.5,1,1,GTAGGAAGCTTGCTCATAGC,0,4397460
yadL_yadM_yadC_yadK_predicted,0.5,1,1,GTAGCATCCGGCTGCGTCTG,0,4372929
yadL_yadM_yadC_yadK_predicted,0.5,1,1,GTACTGTTTTTCTATGGGGT,0,4392366
yadL_yadM_yadC_yadK_predicted,0.5,1,1,GTACGGGCGCTTTACACTGG,0,4391886
yadL_yadM_yadC_yadK_predicted,0.5,1,1,GTACGGCTAAAAATCTGTCA,0,4399681
yadL_yadM_yadC_yadK_predicted,0.5,1,1,GTACGGAAGCCCACGAATAA,0,4378548
yadL_yadM_yadC_yadK_predicted,0.5,1,1,GTACGCACGGTGATAACGTC,0,4395056
yadL_yadM_yadC_yadK_predicted,0.5,1,1,GTACCAGCGCGTAAGAAGCT,0,4375920
yadL_yadM_yadC_yadK_predicted,0.5,1,1,GTACAAATCTATTAAAGCAA,0,4386957
yadL_yadM_yadC_yadK_predicted,0.5,1,1,GTAATCACGTTGGGTGGACA,0,4386067
yadL_yadM_yadC_yadK_predicted,0.5,1,1,GTAAGTCACTCCTTTTGCAA,0,4380078
yadL_yadM_yadC_yadK_predicted,0.5,1,1,GTAACTTCTACTGGTAGCGT,0,4402274
yadL_yadM_yadC_yadK_predicted,0.5,1,1,GTAAACTTGAGCTCTTTCTA,0,4380625
yadL_yadM_yadC_yadK_predicted,0.5,1,1,GTAAAATTTCTAGCAATGAA,0,4397720
yadL_yadM_yadC_yadK_predicted,0.5,1,1,GTAAAATCTTTACCCTTGGT,0,4392529
yadL_yadM_yadC_yadK_predicted,0.5,1,1,GTAAAAGATCTCCTCCTTGG,0,4377317
yadL_yadM_yadC_yadK_predicted,0.5,1,1,GGTTTTATCGGAAACAAAGC,0,4394356
yadL_yadM_yadC_yadK_predicted,0.5,1,1,GGTTGAAGCGTGGCCGGGAT,0,4370246
yadL_yadM_yadC_yadK_predicted,0.5,1,1,GGTTCGGAATATAGTTTGAT,0,4385236
yadL_yadM_yadC_yadK_predicted,0.5,1,1,GGTTCGCGGACCATAAACAT,0,4395508
yadL_yadM_yadC_yadK_predicted,0.5,1,1,GGTTCGCGCGTGAACGCTGA,0,4398300
yadL_yadM_yadC_yadK_predicted,0.5,1,1,GGTGTCCATAAGACAGGGTG,0,4372371
yadL_yadM_yadC_yadK_predicted,0.5,1,1,GGTGTATAATCCCACTTGGA,0,4398268
yadL_yadM_yadC_yadK_predicted,0.5,1,1,GGTGGCCGCTTTATGCTCAT,0,4394030
yadL_yadM_yadC_yadK_predicted,0.5,1,1,GGTGGACCCTGGCCGTAATT,0,4384090
yadL_yadM_yadC_yadK_predicted,0.5,1,1,GGTGCATCACGTTGTCAGGA,0,4394222
yadL_yadM_yadC_yadK_predicted,0.5,1,1,GGTGACTATATGAAGTCGAA,0,4393231
yadL_yadM_yadC_yadK_predicted,0.5,1,1,GGTCGTAGTGATCACAAAAC,0,4392369
yadL_yadM_yadC_yadK_predicted,0.5,1,1,GGTCGCGCGCCTACGCCTAT,0,4398541
yadL_yadM_yadC_yadK_predicted,0.5,1,1,GGTCCCTCTCTTACTGAATG,0,4378934
yadL_yadM_yadC_yadK_predicted,0.5,1,1,GGTCATAATAACTCCATACC,0,4385598
yadL_yadM_yadC_yadK_predicted,0.5,1,1,GGTCACAATAACCTAGTGCT,0,4390079
yadL_yadM_yadC_yadK_predicted,0.5,1,1,GGTCAATCACGGACCAGGCC,0,4392835
yadL_yadM_yadC_yadK_predicted,0.5,1,1,GGTCAAGCAGTACATTCCAT,0,4371838
yadL_yadM_yadC_yadK_predicted,0.5,1,1,GGTATTGCGTACCGAATTAC,0,4398260
yadL_yadM_yadC_yadK_predicted,0.5,1,1,GGTATATACTTGAGAATCAG,0,4372260
yadL_yadM_yadC_yadK_predicted,0.5,1,1,GGTAGGTCGCGGATTATTGA,0,4401364
yadL_yadM_yadC_yadK_predicted,0.5,1,1,GGTAGCGGCCACATGAATTT,0,4396486
yadL_yadM_yadC_yadK_predicted,0.5,1,1,GGTAGATCGTCGGCACCGTA,0,4374057
yadL_yadM_yadC_yadK_predicted,0.5,1,1,GGTAAGATTATTGGGGCAGG,0,4385957
yadL_yadM_yadC_yadK_predicted,0.5,1,1,GGTAACGGCCAAATTAACTT,0,4383428
yadL_yadM_yadC_yadK_predicted,0.5,1,1,GGTAACGCCTGTTTGTACCA,0,4390944
yadL_yadM_yadC_yadK_predicted,0.5,1,1,GGTAAATGTATCGGATGACA,0,4400456
yadL_yadM_yadC_yadK_predicted,0.5,1,1,GGGTTTGGGCAGTCGGAAAC,0,4394729
yadL_yadM_yadC_yadK_predicted,0.5,1,1,GGGTGTGGGTATGACTGTTG,0,4394036
yadL_yadM_yadC_yadK_predicted,0.5,1,1,GGGTGGGCCGTGACTGCTCC,0,4375213
yadL_yadM_yadC_yadK_predicted,0.5,1,1,GGGTGGAAGGGATCGGGAAT,0,4387733
yadL_yadM_yadC_yadK_predicted,0.5,1,1,GGGTGCGCAGTCTTCCCAAA,0,4372726
yadL_yadM_yadC_yadK_predicted,0.5,1,1,GGGTCATCCCATTTGAGAAA,0,4400554
yadL_yadM_yadC_yadK_predicted,0.5,1,1,GGGTCATCAGACCGCGTACC,0,4392171
yadL_yadM_yadC_yadK_predicted,0.5,1,1,GGGTATCGCTGCATTAACCC,0,4394547
yadL_yadM_yadC_yadK_predicted,0.5,1,1,GGGTAGGAACCTTAACGATT,0,4383512
yadL_yadM_yadC_yadK_predicted,0.5,1,1,GGGTACTGGAACCAAACACT,0,4378692
yadL_yadM_yadC_yadK_predicted,0.5,1,1,GGGGTTGTGTACGGCCTTAT,0,4370652
yadL_yadM_yadC_yadK_predicted,0.5,1,1,GGGGTGTTCGTGCAGACTGG,0,4391744
yadL_yadM_yadC_yadK_predicted,0.5,1,1,GGGGTCTAAGGGCCTCGTGT,0,4386276
yadL_yadM_yadC_yadK_predicted,0.5,1,1,GGGGTAATCAAAATCAGTGC,0,4371209
yadL_yadM_yadC_yadK_predicted,0.5,1,1,GGGGGGATTCCTTACATTGT,0,4387869
yadL_yadM_yadC_yadK_predicted,0.5,1,1,GGGGGATAAAGGAACCGGGT,0,4400265
yadL_yadM_yadC_yadK_predicted,0.5,1,1,GGGGGAGCCATTATGTTGTG,0,4395137
yadL_yadM_yadC_yadK_predicted,0.5,1,1,GGGCGCTTCAACTTTCTCGT,0,4380763
yadL_yadM_yadC_yadK_predicted,0.5,1,1,GGGCGACTCGTTGATGGTGC,0,4370977
yadL_yadM_yadC_yadK_predicted,0.5,1,1,GGGCCTGGAGGTATCCGATG,0,4380002
yadL_yadM_yadC_yadK_predicted,0.5,1,1,GGGCCGGAAGTCTTTATCTA,0,4373004
yadL_yadM_yadC_yadK_predicted,0.5,1,1,GGGCCATAGTAAGCTACCCT,0,4385865
yadL_yadM_yadC_yadK_predicted,0.5,1,1,GGGCATCCTCACGCAGTCGC,0,4372662
yadL_yadM_yadC_yadK_predicted,0.5,1,1,GGGCACCGAGGCTCGCGGGA,0,4387734
yadL_yadM_yadC_yadK_predicted,0.5,1,1,GGGAGTTCAACGTGAACTCA,0,4400665
yadL_yadM_yadC_yadK_predicted,0.5,1,1,GGGAATGGAGCCGAACCACC,0,4371467
yadL_yadM_yadC_yadK_predicted,0.5,1,1,GGCTTCAGAACTGCTAATTG,0,4370141
yadL_yadM_yadC_yadK_predicted,0.5,1,1,GGCTGTCCGATTCCCCTGTC,0,4372996
yadL_yadM_yadC_yadK_predicted,0.5,1,1,GGCTCGGTGATGATCCAATT,0,4390531
yadL_yadM_yadC_yadK_predicted,0.5,1,1,GGCTCACATCTACAAGTTTT,0,4387054
yadL_yadM_yadC_yadK_predicted,0.5,1,1,GGCTATTTCCTCACTACGCG,0,4373438
yadL_yadM_yadC_yadK_predicted,0.5,1,1,GGCTACTAGAGTCAAAAATG,0,4378718
yadL_yadM_yadC_yadK_predicted,0.5,1,1,GGCGTGGCGCTTCAAGGCGA,0,4374711
yadL_yadM_yadC_yadK_predicted,0.5,1,1,GGCGCGTACAAGCAGCGCGG,0,4371038
yadL_yadM_yadC_yadK_predicted,0.5,1,1,GGCGCGCAACTCTTCGTCTT,0,4389886
yadL_yadM_yadC_yadK_predicted,0.5,1,1,GGCGAGCGCTCCTAGCGGAA,0,4384892
yadL_yadM_yadC_yadK_predicted,0.5,1,1,GGCCTTGACAGGCGTTGACG,0,4396638
yadL_yadM_yadC_yadK_predicted,0.5,1,1,GGCCTTAGTCTTCGGGGTTT,0,4375159
yadL_yadM_yadC_yadK_predicted,0.5,1,1,GGCCGGCTATAAATGTTTAA,0,4378828
yadL_yadM_yadC_yadK_predicted,0.5,1,1,GGCCAGACAAGTAACAAGCG,0,4384692
yadL_yadM_yadC_yadK_predicted,0.5,1,1,GGCCACCTTTGTCCGCTACA,0,4399827
yadL_yadM_yadC_yadK_predicted,0.5,1,1,GGCAAATACCGGGTCAAAGC,0,4375731
yadL_yadM_yadC_yadK_predicted,0.5,1,1,GGATTTCGGGATAGCGGGAA,0,4373511
yadL_yadM_yadC_yadK_predicted,0.5,1,1,GGATGTCAACGGCCAGGACG,0,4385338
yadL_yadM_yadC_yadK_predicted,0.5,1,1,GGATCATCGGCGGGAATTGA,0,4377791
yadL_yadM_yadC_yadK_predicted,0.5,1,1,GGATAGGATCTGGCAAGGCT,0,4381952
yadL_yadM_yadC_yadK_predicted,0.5,1,1,GGATAAGTGGGCTTGTGGCA,0,4379425
yadL_yadM_yadC_yadK_predicted,0.5,1,1,GGAGTCTTATACCCCGGGGA,0,4376509
yadL_yadM_yadC_yadK_predicted,0.5,1,1,GGAGTAACGTGAATTTTTGG,0,4376572
yadL_yadM_yadC_yadK_predicted,0.5,1,1,GGAGGCTCCTGGAAACTGTA,0,4380934
yadL_yadM_yadC_yadK_predicted,0.5,1,1,GGAGGCCAGTATCTTGTATT,0,4395988
yadL_yadM_yadC_yadK_predicted,0.5,1,1,GGAGGAACTCATGGCGTTCA,0,4379771
yadL_yadM_yadC_yadK_predicted,0.5,1,1,GGAGCCCCGCTCCAGGAGGA,0,4383097
yadL_yadM_yadC_yadK_predicted,0.5,1,1,GGAGCCAATCGATGGAGGCA,0,4379389
yadL_yadM_yadC_yadK_predicted,0.5,1,1,GGAGAATGAGATCAACCAAG,0,4397787
yadL_yadM_yadC_yadK_predicted,0.5,1,1,GGAGAAAGTGATGGAGGGCG,0,4400723
yadL_yadM_yadC_yadK_predicted,0.5,1,1,GGACTCGAGGTATAAGTCGC,0,4381164
yadL_yadM_yadC_yadK_predicted,0.5,1,1,GGACACAACTGTTATGGGTA,0,4390338
yadL_yadM_yadC_yadK_predicted,0.5,1,1,GGACAAGTTTAGCCTCCCGC,0,4375884
yadL_yadM_yadC_yadK_predicted,0.5,1,1,GGAATTCCCCGCCCTTCCTG,0,4401236
yadL_yadM_yadC_yadK_predicted,0.5,1,1,GGAATGATCGACGCCCTGCA,0,4379342
yadL_yadM_yadC_yadK_predicted,0.5,1,1,GGAATCGCGATCAATTCTAC,0,4381730
yadL_yadM_yadC_yadK_predicted,0.5,1,1,GGAAGAAATATCTATTATAT,0,4397574
yadL_yadM_yadC_yadK_predicted,0.5,1,1,GGAACTCGTTGGGGCGCAGC,0,4390367
yadL_yadM_yadC_yadK_predicted,0.5,1,1,GGAAAGAGACCCTGAACGTT,0,4377109
yadL_yadM_yadC_yadK_predicted,0.5,1,1,GCTTTTCAAGCCATTGGAAA,0,4393915
yadL_yadM_yadC_yadK_predicted,0.5,1,1,GCTTGAGGTTCGATTGGTAA,0,4402543
yadL_yadM_yadC_yadK_predicted,0.5,1,1,GCTGTTTGGGAGAGAGAGTA,0,4398814
yadL_yadM_yadC_yadK_predicted,0.5,1,1,GCTGTGCAAGTGACTAACGA,0,4386140
yadL_yadM_yadC_yadK_predicted,0.5,1,1,GCTGCGTCCTTAGACCCAGG,0,4399125
yadL_yadM_yadC_yadK_predicted,0.5,1,1,GCTGCCAGAATCAATTCCGT,0,4379804
yadL_yadM_yadC_yadK_predicted,0.5,1,1,GCTGCAGGATCGGGAGAATA,0,4372782
yadL_yadM_yadC_yadK_predicted,0.5,1,1,GCTGATGCCCTGGGCAACAT,0,4387578
yadL_yadM_yadC_yadK_predicted,0.5,1,1,GCTGAGCCACATGGGCCGCT,0,4389978
yadL_yadM_yadC_yadK_predicted,0.5,1,1,GCTCTCAAAAATGGGCTCTC,0,4393974
yadL_yadM_yadC_yadK_predicted,0.5,1,1,GCTCGTATGACCTAGAATCT,0,4391860
yadL_yadM_yadC_yadK_predicted,0.5,1,1,GCTCGGACCCGAAGTTTAGC,0,4372168
yadL_yadM_yadC_yadK_predicted,0.5,1,1,GCTCAGAGTTGACAGCGTCG,0,4393482
yadL_yadM_yadC_yadK_predicted,0.5,1,1,GCTACCTATATCGAATTCCT,0,4374050
yadL_yadM_yadC_yadK_predicted,0.5,1,1,GCTAAGATAGTATAGCTAGT,0,4372629
yadL_yadM_yadC_yadK_predicted,0.5,1,1,GCGTGCAAGTAAGGATTGGA,0,4377203
yadL_yadM_yadC_yadK_predicted,0.5,1,1,GCGTGACCTACTTGGATGGT,0,4394475
yadL_yadM_yadC_yadK_predicted,0.5,1,1,GCGTCGTTATCCAGGCTAAT,0,4382347
yadL_yadM_yadC_yadK_predicted,0.5,1,1,GCGTCAACGCTTTTTCGAGA,0,4372476
yadL_yadM_yadC_yadK_predicted,0.5,1,1,GCGTAAAACGGTTGACGCAC,0,4371243
yadL_yadM_yadC_yadK_predicted,0.5,1,1,GCGGGTCGAACGCAAGGCAT,0,4376683
yadL_yadM_yadC_yadK_predicted,0.5,1,1,GCGGGTATGCAATAGCGATT,0,4389240
yadL_yadM_yadC_yadK_predicted,0.5,1,1,GCGGGCGACGCTACGAGTAT,0,4380249
yadL_yadM_yadC_yadK_predicted,0.5,1,1,GCGGCTCGGGACCGGGTTAA,0,4382049
yadL_yadM_yadC_yadK_predicted,0.5,1,1,GCGGCTCGCACCATACGTGC,0,4387479
yadL_yadM_yadC_yadK_predicted,0.5,1,1,GCGGCAGCATACCGCTGCAT,0,4399964
yadL_yadM_yadC_yadK_predicted,0.5,1,1,GCGGATCACCCGTTTACCAT,0,4394763
yadL_yadM_yadC_yadK_predicted,0.5,1,1,GCGCATTTGGTGAGGCCTGG,0,4401944
yadL_yadM_yadC_yadK_predicted,0.5,1,1,GCGCACGCGTATCCATAGCC,0,4396212
yadL_yadM_yadC_yadK_predicted,0.5,1,1,GCGATGAGAATTTGGTAGTG,0,4390185
yadL_yadM_yadC_yadK_predicted,0.5,1,1,GCGATCCGCTCGCAAGAATT,0,4386363
yadL_yadM_yadC_yadK_predicted,0.5,1,1,GCGAGTATCGTTGGAGCTAG,0,4390573
yadL_yadM_yadC_yadK_predicted,0.5,1,1,GCGACTTTTATTTTGAGCAG,0,4399988
yadL_yadM_yadC_yadK_predicted,0.5,1,1,GCGACTGGTCTAGTAACAAG,0,4377810
yadL_yadM_yadC_yadK_predicted,0.5,1,1,GCGACTAAGTGTCCGTCGGT,0,4398868
yadL_yadM_yadC_yadK_predicted,0.5,1,1,GCGAACATCATGACGATATT,0,4377426
yadL_yadM_yadC_yadK_predicted,0.5,1,1,GCCTTGAGTCGGGATCAGAG,0,4390058
yadL_yadM_yadC_yadK_predicted,0.5,1,1,GCCTAAGTCGGCGGTAGAGA,0,4381747
yadL_yadM_yadC_yadK_predicted,0.5,1,1,GCCTAAAGAATTGGGTCTCA,0,4382859
yadL_yadM_yadC_yadK_predicted,0.5,1,1,GCCGGGGAATCCAAATTATC,0,4374386
yadL_yadM_yadC_yadK_predicted,0.5,1,1,GCCGCATGAGCCTACGGCGG,0,4383583
yadL_yadM_yadC_yadK_predicted,0.5,1,1,GCCCTTGCAGTCGTGTGGCC,0,4379435
yadL_yadM_yadC_yadK_predicted,0.5,1,1,GCCCCTGGCATATGAATATC,0,4401826
yadL_yadM_yadC_yadK_predicted,0.5,1,1,GCCCCCTTGCTGAGGACTCA,0,4371514
yadL_yadM_yadC_yadK_predicted,0.5,1,1,GCCCAGGGTATGATTCTACG,0,4384760
yadL_yadM_yadC_yadK_predicted,0.5,1,1,GCCATAGGGTGACGGATGCC,0,4399725
yadL_yadM_yadC_yadK_predicted,0.5,1,1,GCCAGAGTCGTATCGGTCCA,0,4382942
yadL_yadM_yadC_yadK_predicted,0.5,1,1,GCCACGGCCACGGCATGGTA,0,4401646
yadL_yadM_yadC_yadK_predicted,0.5,1,1,GCCACATGCCCTACGGTCAT,0,4385849
yadL_yadM_yadC_yadK_predicted,0.5,1,1,GCCAAGGCCAGCAACCATGG,0,4373621
yadL_yadM_yadC_yadK_predicted,0.5,1,1,GCCAAATTTAACCTTTACCA,0,4381744
yadL_yadM_yadC_yadK_predicted,0.5,1,1,GCATTTCGGTAGTATTAATT,0,4386947
yadL_yadM_yadC_yadK_predicted,0.5,1,1,GCATTAGGCTACATCGCGAA,0,4390996
yadL_yadM_yadC_yadK_predicted,0.5,1,1,GCATGTTTCTCGGTTGCGAT,0,4392773
yadL_yadM_yadC_yadK_predicted,0.5,1,1,GCATGTGCGCAAGAGGCCTT,0,4377976
yadL_yadM_yadC_yadK_predicted,0.5,1,1,GCATGATGGGTGTGCAGACC,0,4389547
yadL_yadM_yadC_yadK_predicted,0.5,1,1,GCATCTACATAGCTCGTTGT,0,4395458
yadL_yadM_yadC_yadK_predicted,0.5,1,1,GCATCTAAAAAAGGGTTCAA,0,4380480
yadL_yadM_yadC_yadK_predicted,0.5,1,1,GCATCCGGGGCAAGGCCGGT,0,4382075
yadL_yadM_yadC_yadK_predicted,0.5,1,1,GCATCAAGTCTACTTAAAGG,0,4388247
yadL_yadM_yadC_yadK_predicted,0.5,1,1,GCATCAAATTATCCGGTAGT,0,4396387
yadL_yadM_yadC_yadK_predicted,0.5,1,1,GCATAGCGGCGACCCCCTTC,0,4385619
yadL_yadM_yadC_yadK_predicted,0.5,1,1,GCAGTAATGGCGTGATTGGG,0,4374124
yadL_yadM_yadC_yadK_predicted,0.5,1,1,GCAGGTATTAGTACCTGACA,0,4389058
yadL_yadM_yadC_yadK_predicted,0.5,1,1,GCAGCCGCAGGTAAGTTCGG,0,4382021
yadL_yadM_yadC_yadK_predicted,0.5,1,1,GCAGACAAAGACCTCCTCAC,0,4377837
yadL_yadM_yadC_yadK_predicted,0.5,1,1,GCACTCTCTCCCCAAAGGGT,0,4384455
yadL_yadM_yadC_yadK_predicted,0.5,1,1,GCACTAAGTGCCTCTGTCGC,0,4390123
yadL_yadM_yadC_yadK_predicted,0.5,1,1,GCACGCGGAGAGGACAGCTC,0,4373960
yadL_yadM_yadC_yadK_predicted,0.5,1,1,GCACCGTTCGAAGGTAACTG,0,4374184
yadL_yadM_yadC_yadK_predicted,0.5,1,1,GCACCGACTTTTTATCAAAG,0,4389735
yadL_yadM_yadC_yadK_predicted,0.5,1,1,GCACCCACTTGGTCTATTTA,0,4379095
yadL_yadM_yadC_yadK_predicted,0.5,1,1,GCACAGTGCCGAAGGACTTT,0,4395782
yadL_yadM_yadC_yadK_predicted,0.5,1,1,GCAATCGATAGTAAGGGAAC,0,4381268
yadL_yadM_yadC_yadK_predicted,0.5,1,1,GCAATCACGTCATGAAACAT,0,4371196
yadL_yadM_yadC_yadK_predicted,0.5,1,1,GCAATCAATACTCTCCCTCT,0,4385521
yadL_yadM_yadC_yadK_predicted,0.5,1,1,GCAAGTACTCCCAAGTAATT,0,4376080
yadL_yadM_yadC_yadK_predicted,0.5,1,1,GCAAGATTCCAGGTATTTAT,0,4380044
yadL_yadM_yadC_yadK_predicted,0.5,1,1,GCAAGAGAACCGATGGAGTA,0,4370370
yadL_yadM_yadC_yadK_predicted,0.5,1,1,GCAAAACCCCACGGGTGTTT,0,4399731
yadL_yadM_yadC_yadK_predicted,0.5,1,1,GATTGCCTTCCTCTGGGCTT,0,4397134
yadL_yadM_yadC_yadK_predicted,0.5,1,1,GATTCTTGGACTATAGGCCG,0,4394586
yadL_yadM_yadC_yadK_predicted,0.5,1,1,GATTCTTGCTCGGGCTAAAC,0,4395097
yadL_yadM_yadC_yadK_predicted,0.5,1,1,GATTCTCCGCCACACACAGC,0,4400763
yadL_yadM_yadC_yadK_predicted,0.5,1,1,GATTCACCAAATTTTCCGTT,0,4400198
yadL_yadM_yadC_yadK_predicted,0.5,1,1,GATTAAGCGGCACTTCAGAG,0,4401046
yadL_yadM_yadC_yadK_predicted,0.5,1,1,GATTAACCGTGTACTCTCGC,0,4373474
yadL_yadM_yadC_yadK_predicted,0.5,1,1,GATGTCCGGGATTCTCCAGG,0,4376375
yadL_yadM_yadC_yadK_predicted,0.5,1,1,GATGGGCCAAATCCCTTCAG,0,4389793
yadL_yadM_yadC_yadK_predicted,0.5,1,1,GATCGGCCGGGCCGCCCATA,0,4400527
yadL_yadM_yadC_yadK_predicted,0.5,1,1,GATCGCAGTGGAAGGAGGTC,0,4383434
yadL_yadM_yadC_yadK_predicted,0.5,1,1,GATCGACACAGGTCAGTGTG,0,4388721
yadL_yadM_yadC_yadK_predicted,0.5,1,1,GATATCCGGAATTATTTGCA,0,4384020
yadL_yadM_yadC_yadK_predicted,0.5,1,1,GATATATTTCGCTAGGTTGC,0,4395736
yadL_yadM_yadC_yadK_predicted,0.5,1,1,GATATATACCGCGACTATTC,0,4383525
yadL_yadM_yadC_yadK_predicted,0.5,1,1,GATATAGCTGATAATAAGGC,0,4371341
yadL_yadM_yadC_yadK_predicted,0.5,1,1,GAGTGTTGTATGCGGATCAA,0,4377125
yadL_yadM_yadC_yadK_predicted,0.5,1,1,GAGTGATTTCGATTCTCGCT,0,4372178
yadL_yadM_yadC_yadK_predicted,0.5,1,1,GAGTGACAAAGCTCGCGGCA,0,4371882
yadL_yadM_yadC_yadK_predicted,0.5,1,1,GAGTGAAATGGGTCGGCATT,0,4384613
yadL_yadM_yadC_yadK_predicted,0.5,1,1,GAGTAGTCGAGGTGCTCATT,0,4387113
yadL_yadM_yadC_yadK_predicted,0.5,1,1,GAGTAACACCAGCAGAGCAG,0,4400627
yadL_yadM_yadC_yadK_predicted,0.5,1,1,GAGGGGATCACCAGGAGAGT,0,4381939
yadL_yadM_yadC_yadK_predicted,0.5,1,1,GAGGAGATCGACCTAATACC,0,4394067
yadL_yadM_yadC_yadK_predicted,0.5,1,1,GAGCTTCTTCTCGCAACAGT,0,4389957
yadL_yadM_yadC_yadK_predicted,0.5,1,1,GAGCATCTAGTCCGAGACAG,0,4376331
yadL_yadM_yadC_yadK_predicted,0.5,1,1,GAGCAGTCCTGAGCTCCTTA,0,4398072
yadL_yadM_yadC_yadK_predicted,0.5,1,1,GAGCAGCCTAAGTATGACGC,0,4385092
yadL_yadM_yadC_yadK_predicted,0.5,1,1,GAGATGTTTTCAACGGGATA,0,4394217
yadL_yadM_yadC_yadK_predicted,0.5,1,1,GAGATGCCCGCGAACAAAAA,0,4379108
yadL_yadM_yadC_yadK_predicted,0.5,1,1,GAGAGGGGAAGAAATTAGAC,0,4387778
yadL_yadM_yadC_yadK_predicted,0.5,1,1,GAGAGCTCACCTGGGGGATT,0,4389173
yadL_yadM_yadC_yadK_predicted,0.5,1,1,GAGACTGTGGAGTTATAAGC,0,4375860
yadL_yadM_yadC_yadK_predicted,0.5,1,1,GAGAATTGACCCTTTGTCGC,0,4380929
yadL_yadM_yadC_yadK_predicted,0.5,1,1,GAGAAGTGCAGGTCGCCTAA,0,4397851
yadL_yadM_yadC_yadK_predicted,0.5,1,1,GACTTATGGTAGCCTCGCAA,0,4387612
yadL_yadM_yadC_yadK_predicted,0.5,1,1,GACTGTGTAACACGCCTCAG,0,4381851
yadL_yadM_yadC_yadK_predicted,0.5,1,1,GACTACGTTCAGGCATCAAT,0,4386874
yadL_yadM_yadC_yadK_predicted,0.5,1,1,GACTAAACAATGTAATTCCT,0,4388016
yadL_yadM_yadC_yadK_predicted,0.5,1,1,GACGTGGGTCAGGCCGTTTG,0,4401470
yadL_yadM_yadC_yadK_predicted,0.5,1,1,GACGGTTAAATGTGAACGGT,0,4370497
yadL_yadM_yadC_yadK_predicted,0.5,1,1,GACGGCATAGTAGAAAGACC,0,4399611
yadL_yadM_yadC_yadK_predicted,0.5,1,1,GACGGACCGTTTAGGCTTCA,0,4391965
yadL_yadM_yadC_yadK_predicted,0.5,1,1,GACGAGTTAAAAGCCTCGTT,0,4382465
yadL_yadM_yadC_yadK_predicted,0.5,1,1,GACGAGCCTCAGGATCGAAA,0,4389834
yadL_yadM_yadC_yadK_predicted,0.5,1,1,GACCGTTCACTAAAAAGGAG,0,4399612
yadL_yadM_yadC_yadK_predicted,0.5,1,1,GACCGTGCTGGAACGGTAGA,0,4395017
yadL_yadM_yadC_yadK_predicted,0.5,1,1,GACCGCACCTGGCCGTCGCT,0,4390619
yadL_yadM_yadC_yadK_predicted,0.5,1,1,GACATAGCAGCGCTGTAAGA,0,4374470
yadL_yadM_yadC_yadK_predicted,0.5,1,1,GACAGAGTAAGAAGACCCCC,0,4396937
yadL_yadM_yadC_yadK_predicted,0.5,1,1,GACAAACAGACGCCATAAGG,0,4396377
yadL_yadM_yadC_yadK_predicted,0.5,1,1,GAATGTCTGGTCTAAAAGAC,0,4392675
yadL_yadM_yadC_yadK_predicted,0.5,1,1,GAATGCGTCCACTGTATCTA,0,4383304
yadL_yadM_yadC_yadK_predicted,0.5,1,1,GAATGCGAGGCGACGTTGGA,0,4375666
yadL_yadM_yadC_yadK_predicted,0.5,1,1,GAATCTGCCCAGCAGTGGGT,0,4397968
yadL_yadM_yadC_yadK_predicted,0.5,1,1,GAATCATGGGCCGTATGTCT,0,4374718
yadL_yadM_yadC_yadK_predicted,0.5,1,1,GAATCACTGGGCCGCAGCCC,0,4382502
yadL_yadM_yadC_yadK_predicted,0.5,1,1,GAAGGTGAAGTGTGACTTCA,0,4394380
yadL_yadM_yadC_yadK_predicted,0.5,1,1,GAAGGATTCGTTCCCAGACT,0,4383995
yadL_yadM_yadC_yadK_predicted,0.5,1,1,GAAGGAACCCAAAAAGCTGA,0,4396802
yadL_yadM_yadC_yadK_predicted,0.5,1,1,GAAGCGTGTAGGGTTTGACG,0,4391982
yadL_yadM_yadC_yadK_predicted,0.5,1,1,GAAGATGGCCCTCCTTGGTT,0,4381630
yadL_yadM_yadC_yadK_predicted,0.5,1,1,GAACTTAGTTTCGCAAATAA,0,4387346
yadL_yadM_yadC_yadK_predicted,0.5,1,1,GAACGCTTCTTCTTTAACGT,0,4390946
yadL_yadM_yadC_yadK_predicted,0.5,1,1,GAACCTAGTGTTCATCGAGT,0,4383069
yadL_yadM_yadC_yadK_predicted,0.5,1,1,GAACCGCGTGATAACGGGGT,0,4389722
yadL_yadM_yadC_yadK_predicted,0.5,1,1,GAACCCCGCAGCCCGCTTAC,0,4394680
yadL_yadM_yadC_yadK_predicted,0.5,1,1,GAACCAGGACTACTTCCGGA,0,4401587
yadL_yadM_yadC_yadK_predicted,0.5,1,1,GAACCACCGCACTTAGATTT,0,4396118
yadL_yadM_yadC_yadK_predicted,0.5,1,1,GAACAACAACGTGGCGGAAT,0,4383415
yadL_yadM_yadC_yadK_predicted,0.5,1,1,GAAATGTTGGACATGCGTTT,0,4371316
yadL_yadM_yadC_yadK_predicted,0.5,1,1,GAAATAGGACCAACCAAGCT,0,4385552
yadL_yadM_yadC_yadK_predicted,0.5,1,1,GAAACTATGTGGCTGGAAGG,0,4392334
yadL_yadM_yadC_yadK_predicted,0.5,1,1,GAAACGGGATATTTAAATTT,0,4394460
yadL_yadM_yadC_yadK_predicted,0.5,1,1,GAAACGCATCACCCTCCAAT,0,4373464
yadL_yadM_yadC_yadK_predicted,0.5,1,1,GAAACCGAGATCGGCTGCTA,0,4400388
yadL_yadM_yadC_yadK_predicted,0.5,1,1,GAAACATCATGTCAATCATT,0,4389940
yadL_yadM_yadC_yadK_predicted,0.5,1,1,GAAAACTTTGGGATATTGAT,0,4399642
yadL_yadM_yadC_yadK_predicted,0.5,1,1,GAAAACTGTTGAGATGGCTA,0,4388044
yadL_yadM_yadC_yadK_predicted,0.5,1,1,GAAAACCGTGTAGGGAAGTG,0,4379077
yadL_yadM_yadC_yadK_predicted,0.5,1,1,GAAAAATTTCTACGTGCTAC,0,4378190
yadL_yadM_yadC_yadK_predicted,0.5,1,1,CTTTTCGAAATGTATAGCTT,0,4380560
yadL_yadM_yadC_yadK_predicted,0.5,1,1,CTTTGCCATCGCGATGTGGA,0,4385744
yadL_yadM_yadC_yadK_predicted,0.5,1,1,CTTTAGCAAAAACGACAGAT,0,4376491
yadL_yadM_yadC_yadK_predicted,0.5,1,1,CTTTACCCCGCAACATGAGG,0,4378526
yadL_yadM_yadC_yadK_predicted,0.5,1,1,CTTGTTTTGATACTCCCACG,0,4386870
yadL_yadM_yadC_yadK_predicted,0.5,1,1,CTTCTTTCGATAATTGTCGT,0,4380552
yadL_yadM_yadC_yadK_predicted,0.5,1,1,CTTCGCGAGAGGAGGAGAGC,0,4381957
yadL_yadM_yadC_yadK_predicted,0.5,1,1,CTTCAACGGCTACTCTTCTC,0,4374437
yadL_yadM_yadC_yadK_predicted,0.5,1,1,CTTAGGTGCAGGTATGAAAA,0,4376314
yadL_yadM_yadC_yadK_predicted,0.5,1,1,CTTAGGTCAGGGTCGGTAAT,0,4393478
yadL_yadM_yadC_yadK_predicted,0.5,1,1,CTTAGAGGGGATCACTCCTT,0,4384350
yadL_yadM_yadC_yadK_predicted,0.5,1,1,CTTACTTTATCCTCTTTGTT,0,4395872
yadL_yadM_yadC_yadK_predicted,0.5,1,1,CTTACAATCCTCTGATGAGT,0,4392056
yadL_yadM_yadC_yadK_predicted,0.5,1,1,CTTAACTTAAAAATTCCAAG,0,4376136
yadL_yadM_yadC_yadK_predicted,0.5,1,1,CTTAAAGAGTAGCCTTCTGC,0,4396286
yadL_yadM_yadC_yadK_predicted,0.5,1,1,CTGTTTGTTGCTCGCTTATG,0,4371583
yadL_yadM_yadC_yadK_predicted,0.5,1,1,CTGTTGAACTAGAAAGTGGG,0,4376095
yadL_yadM_yadC_yadK_predicted,0.5,1,1,CTGTTCCATTGAGTGTAGTG,0,4378793
yadL_yadM_yadC_yadK_predicted,0.5,1,1,CTGTGGCTCGGATCGCCACT,0,4395959
yadL_yadM_yadC_yadK_predicted,0.5,1,1,CTGTCTTCCGCGAGAGATTA,0,4385708
yadL_yadM_yadC_yadK_predicted,0.5,1,1,CTGTCGGTTGCCTCGAAGTC,0,4388590
yadL_yadM_yadC_yadK_predicted,0.5,1,1,CTGTCCCCTAGAGGTATGTC,0,4392648
yadL_yadM_yadC_yadK_predicted,0.5,1,1,CTGTCAGTCGGCCTTTATTT,0,4390665
yadL_yadM_yadC_yadK_predicted,0.5,1,1,CTGTAAGCGCATGAGGGAGG,0,4390181
yadL_yadM_yadC_yadK_predicted,0.5,1,1,CTGGTCGTCTGGTAGTTTTT,0,4399179
yadL_yadM_yadC_yadK_predicted,0.5,1,1,CTGGGTCGAGAGACCTTAGA,0,4394525
yadL_yadM_yadC_yadK_predicted,0.5,1,1,CTGGGTCATCGGACGCGCCC,0,4385138
yadL_yadM_yadC_yadK_predicted,0.5,1,1,CTGGGGGGCAACAGCCAGGC,0,4378144
yadL_yadM_yadC_yadK_predicted,0.5,1,1,CTGGCCCTCATGGTTTGTTC,0,4397818
yadL_yadM_yadC_yadK_predicted,0.5,1,1,CTGCTTTTAGGCCTCGCGAC,0,4372148
yadL_yadM_yadC_yadK_predicted,0.5,1,1,CTGCTCTTCAACATCGACCA,0,4384323
yadL_yadM_yadC_yadK_predicted,0.5,1,1,CTGCCTCCCCTACCCTCAAA,0,4389177
yadL_yadM_yadC_yadK_predicted,0.5,1,1,CTGCCGTGTATTCAGCCCCT,0,4384718
yadL_yadM_yadC_yadK_predicted,0.5,1,1,CTGCCATCCATGGGGTACTG,0,4388563
yadL_yadM_yadC_yadK_predicted,0.5,1,1,CTGCCATACAGCTACGTGAC,0,4371822
yadL_yadM_yadC_yadK_predicted,0.5,1,1,CTGCCACTTAGACGAACTAA,0,4379206
yadL_yadM_yadC_yadK_predicted,0.5,1,1,CTGCAAGTCCCCGCAGGCTT,0,4387959
yadL_yadM_yadC_yadK_predicted,0.5,1,1,CTGAGGAAATTCGGCGTTTT,0,4392994
yadL_yadM_yadC_yadK_predicted,0.5,1,1,CTGACTGATTGAACAGTACA,0,4372345
yadL_yadM_yadC_yadK_predicted,0.5,1,1,CTGACGATCGGCCGGATGCG,0,4390460
yadL_yadM_yadC_yadK_predicted,0.5,1,1,CTCTTTTTATGGATGCGCTC,0,4386461
yadL_yadM_yadC_yadK_predicted,0.5,1,1,CTCTTTGCCCTGGCGAAGAG,0,4392350
yadL_yadM_yadC_yadK_predicted,0.5,1,1,CTCTCGGTGCGCCATAGGTC,0,4394200
yadL_yadM_yadC_yadK_predicted,0.5,1,1,CTCTAAATCCCTTGAGTAGT,0,4376568
yadL_yadM_yadC_yadK_predicted,0.5,1,1,CTCGTAAAGTAGGCTCATGG,0,4387154
yadL_yadM_yadC_yadK_predicted,0.5,1,1,CTCGGATTACTCGTTGTGAA,0,4390289
yadL_yadM_yadC_yadK_predicted,0.5,1,1,CTCGCAGTCCTCTAAGTACG,0,4382600
yadL_yadM_yadC_yadK_predicted,0.5,1,1,CTCGAGTTTAGACGCCTCCT,0,4386227
yadL_yadM_yadC_yadK_predicted,0.5,1,1,CTCGACCGGACGCTGTGTTT,0,4392726
yadL_yadM_yadC_yadK_predicted,0.5,1,1,CTCGACATAAATCGATGATT,0,4379672
yadL_yadM_yadC_yadK_predicted,0.5,1,1,CTCCTCCGTCTGCCTTAACC,0,4378605
yadL_yadM_yadC_yadK_predicted,0.5,1,1,CTCCCCCTGCGACCTTTTCC,0,4383658
yadL_yadM_yadC_yadK_predicted,0.5,1,1,CTCCCAGGACTGCCCACCGA,0,4402289
yadL_yadM_yadC_yadK_predicted,0.5,1,1,CTCCATAAAGATACGCTCAC,0,4400651
yadL_yadM_yadC_yadK_predicted,0.5,1,1,CTCCAGAAGTCTATAAGACT,0,4391270
yadL_yadM_yadC_yadK_predicted,0.5,1,1,CTCAGCCCGTTGCGCACACC,0,4376541
yadL_yadM_yadC_yadK_predicted,0.5,1,1,CTCACTTCATGAGTCAAGCA,0,4396892
yadL_yadM_yadC_yadK_predicted,0.5,1,1,CTCAAAGTAGAATATTAGCG,0,4386617
yadL_yadM_yadC_yadK_predicted,0.5,1,1,CTATTACTTGCAAGGGACAT,0,4381795
yadL_yadM_yadC_yadK_predicted,0.5,1,1,CTATGCAAAACTAAGTGAAT,0,4401814
yadL_yadM_yadC_yadK_predicted,0.5,1,1,CTATGACCCGCGTTCCAAGT,0,4400574
yadL_yadM_yadC_yadK_predicted,0.5,1,1,CTAGGTCGCTCAAATGAATT,0,4381044
yadL_yadM_yadC_yadK_predicted,0.5,1,1,CTAGGCTAGGAAGTAGCATT,0,4372991
yadL_yadM_yadC_yadK_predicted,0.5,1,1,CTAGGCAGTGTACACCTAAT,0,4374941
yadL_yadM_yadC_yadK_predicted,0.5,1,1,CTAGCCTGAAATCCATCTCA,0,4395057
yadL_yadM_yadC_yadK_predicted,0.5,1,1,CTACTGGTGCGGAGGACGGG,0,4388183
yadL_yadM_yadC_yadK_predicted,0.5,1,1,CTACGGCGAGATCTACATTC,0,4384491
yadL_yadM_yadC_yadK_predicted,0.5,1,1,CTACGAGTATATGGAATGCT,0,4386462
yadL_yadM_yadC_yadK_predicted,0.5,1,1,CTACGACCCAAACTACGATT,0,4399953
yadL_yadM_yadC_yadK_predicted,0.5,1,1,CTACGACACGTCCCTTATCT,0,4385229
yadL_yadM_yadC_yadK_predicted,0.5,1,1,CTACCAAGGGTTTATTCGTT,0,4399225
yadL_yadM_yadC_yadK_predicted,0.5,1,1,CTACAGCCAAGTGGTAGAGG,0,4395757
yadL_yadM_yadC_yadK_predicted,0.5,1,1,CTACACGCCACCCCGGGACC,0,4383294
yadL_yadM_yadC_yadK_predicted,0.5,1,1,CTAATCGGATTAGAACGCCC,0,4387037
yadL_yadM_yadC_yadK_predicted,0.5,1,1,CTAAGGACTTAGGACTAACT,0,4371684
yadL_yadM_yadC_yadK_predicted,0.5,1,1,CTAAGCTCGCAGACGACTCC,0,4385519
yadL_yadM_yadC_yadK_predicted,0.5,1,1,CTAACTTGCACGCAATCTTA,0,4385029
yadL_yadM_yadC_yadK_predicted,0.5,1,1,CTAACGATTTTGGGGGGCAT,0,4394837
yadL_yadM_yadC_yadK_predicted,0.5,1,1,CTAACCTGCGGGTAGTACGC,0,4398430
yadL_yadM_yadC_yadK_predicted,0.5,1,1,CGTTTGCATTCTACTACGTT,0,4380757
yadL_yadM_yadC_yadK_predicted,0.5,1,1,CGTTGCAGACAAGTACATCA,0,4381019
yadL_yadM_yadC_yadK_predicted,0.5,1,1,CGTTAGGCATCTCGCCCCAG,0,4394068
yadL_yadM_yadC_yadK_predicted,0.5,1,1,CGTTAGAAACAGGTTATTGA,0,4397836
yadL_yadM_yadC_yadK_predicted,0.5,1,1,CGTGTTATAAATCTTGCGCT,0,4400719
yadL_yadM_yadC_yadK_predicted,0.5,1,1,CGTGTGGGGCGCTCTTCTTT,0,4398715
yadL_yadM_yadC_yadK_predicted,0.5,1,1,CGTGTCCAGCGTGGCGGTCT,0,4387802
yadL_yadM_yadC_yadK_predicted,0.5,1,1,CGTGGTTATTGCAGAATGGA,0,4391234
yadL_yadM_yadC_yadK_predicted,0.5,1,1,CGTGACCATCAACATAAAAC,0,4372846
yadL_yadM_yadC_yadK_predicted,0.5,1,1,CGTCGGGTCTCAAACGCTCC,0,4378499
yadL_yadM_yadC_yadK_predicted,0.5,1,1,CGTCGGGCTCACAAATATCC,0,4386132
yadL_yadM_yadC_yadK_predicted,0.5,1,1,CGTCAGATCCTATCGGAAAT,0,4380215
yadL_yadM_yadC_yadK_predicted,0.5,1,1,CGTCAACAGGGTGGTACGGG,0,4398275
yadL_yadM_yadC_yadK_predicted,0.5,1,1,CGTATTCTGCTGGTAGGGGA,0,4388551
yadL_yadM_yadC_yadK_predicted,0.5,1,1,CGTATGGAGGTGACAAGAAT,0,4375283
yadL_yadM_yadC_yadK_predicted,0.5,1,1,CGTAGCCTGGCGCCCTGAGG,0,4377910
yadL_yadM_yadC_yadK_predicted,0.5,1,1,CGTAGACACATTACGTTACG,0,4393664
yadL_yadM_yadC_yadK_predicted,0.5,1,1,CGTACGTACCTTGCAAAGGC,0,4394300
yadL_yadM_yadC_yadK_predicted,0.5,1,1,CGTAAGTCGATGCAGGGCAG,0,4399267
yadL_yadM_yadC_yadK_predicted,0.5,1,1,CGTAACGAGACGTTCAACTC,0,4393451
yadL_yadM_yadC_yadK_predicted,0.5,1,1,CGGTTTTTGATGGAGAGCGT,0,4381469
yadL_yadM_yadC_yadK_predicted,0.5,1,1,CGGTTCTGCCCATGGCAGGT,0,4380947
yadL_yadM_yadC_yadK_predicted,0.5,1,1,CGGTTAGTAGCCATTTGATC,0,4398464
yadL_yadM_yadC_yadK_predicted,0.5,1,1,CGGTGGGGTGCCCTGCTCAA,0,4401991
yadL_yadM_yadC_yadK_predicted,0.5,1,1,CGGTGGCCTGGCCCCGCCTC,0,4384522
yadL_yadM_yadC_yadK_predicted,0.5,1,1,CGGTAATGCTTCGCATCGAC,0,4390760
yadL_yadM_yadC_yadK_predicted,0.5,1,1,CGGGTTGCACCTTCATGGAG,0,4402131
yadL_yadM_yadC_yadK_predicted,0.5,1,1,CGGGTGGGATAGAGACGTGG,0,4397692
yadL_yadM_yadC_yadK_predicted,0.5,1,1,CGGGCGTCTCAGGTGCCAAA,0,4379023
yadL_yadM_yadC_yadK_predicted,0.5,1,1,CGGGCCTAGGCGTGTAGAGC,0,4387312
yadL_yadM_yadC_yadK_predicted,0.5,1,1,CGGGATCCTCAAGGCCATGT,0,4371700
yadL_yadM_yadC_yadK_predicted,0.5,1,1,CGGGACGGCATCTGTAAGAG,0,4396690
yadL_yadM_yadC_yadK_predicted,0.5,1,1,CGGGAACTTGCCTCCTGATT,0,4376055
yadL_yadM_yadC_yadK_predicted,0.5,1,1,CGGCTAACAAACCAATCAAG,0,4383233
yadL_yadM_yadC_yadK_predicted,0.5,1,1,CGGCCATCAATTCGAAATGC,0,4381295
yadL_yadM_yadC_yadK_predicted,0.5,1,1,CGGCCAACGGTTTCATTAAG,0,4398642
yadL_yadM_yadC_yadK_predicted,0.5,1,1,CGGAGCACGCCCAACGTTCA,0,4371651
yadL_yadM_yadC_yadK_predicted,0.5,1,1,CGGACGACAGTAACGGGATG,0,4386073
yadL_yadM_yadC_yadK_predicted,0.5,1,1,CGGACAAGGGGGTTTTCCGA,0,4392050
yadL_yadM_yadC_yadK_predicted,0.5,1,1,CGGAACGGCAATGGTTTCGA,0,4374021
yadL_yadM_yadC_yadK_predicted,0.5,1,1,CGCTGGTCGAGATTACAGTC,0,4370335
yadL_yadM_yadC_yadK_predicted,0.5,1,1,CGCTCAGCCTACGAGCACAC,0,4379094
yadL_yadM_yadC_yadK_predicted,0.5,1,1,CGCTATCAAGGCGTGCAGTT,0,4376783
yadL_yadM_yadC_yadK_predicted,0.5,1,1,CGCTAACTCACCGAGGCGCA,0,4400093
yadL_yadM_yadC_yadK_predicted,0.5,1,1,CGCGGCTAGGCCGACGATCC,0,4387112
yadL_yadM_yadC_yadK_predicted,0.5,1,1,CGCGCCGGAACGTAGACCGG,0,4377238
yadL_yadM_yadC_yadK_predicted,0.5,1,1,CGCGCACGTCTCATGGCTGA,0,4377208
yadL_yadM_yadC_yadK_predicted,0.5,1,1,CGCGAAGGTCGCGCTTATCA,0,4374797
yadL_yadM_yadC_yadK_predicted,0.5,1,1,CGCCTACCACGGCTGCGGGC,0,4393235
yadL_yadM_yadC_yadK_predicted,0.5,1,1,CGCCGGGTTATTGGTTAGTT,0,4395612
yadL_yadM_yadC_yadK_predicted,0.5,1,1,CGCCGATCACACCGGGCTAA,0,4371435
yadL_yadM_yadC_yadK_predicted,0.5,1,1,CGCCATTGAGGGTGCTCCTT,0,4382001
yadL_yadM_yadC_yadK_predicted,0.5,1,1,CGCAGCGATATCCATCGATG,0,4387655
yadL_yadM_yadC_yadK_predicted,0.5,1,1,CGCACCTCTAGCCGGGCTGT,0,4373007
yadL_yadM_yadC_yadK_predicted,0.5,1,1,CGATTCTGGTCCTGCAGCGG,0,4395963
yadL_yadM_yadC_yadK_predicted,0.5,1,1,CGATAAGCCGTAATGATTCA,0,4390503
yadL_yadM_yadC_yadK_predicted,0.5,1,1,CGAGGTGACCGCAAGGTGAA,0,4373029
yadL_yadM_yadC_yadK_predicted,0.5,1,1,CGAGGGGTCTTGCGGGAGTT,0,4382159
yadL_yadM_yadC_yadK_predicted,0.5,1,1,CGAGGCGGCAGGCGTCCGAA,0,4387537
yadL_yadM_yadC_yadK_predicted,0.5,1,1,CGAGCGTCGCGGAGCCCTGC,0,4371848
yadL_yadM_yadC_yadK_predicted,0.5,1,1,CGACCCTAATCGCTTCCGGT,0,4371579
yadL_yadM_yadC_yadK_predicted,0.5,1,1,CGAATTGGTGGCGAGTATGT,0,4387060
yadL_yadM_yadC_yadK_predicted,0.5,1,1,CGAATGCAGCCGCATCACGA,0,4375409
yadL_yadM_yadC_yadK_predicted,0.5,1,1,CGAAGTCACATACCGTTTAC,0,4382599
yadL_yadM_yadC_yadK_predicted,0.5,1,1,CGAAGGGCGGGGTATCGAAA,0,4374576
yadL_yadM_yadC_yadK_predicted,0.5,1,1,CGAACTTTGCGGCAGAGTAA,0,4375289
yadL_yadM_yadC_yadK_predicted,0.5,1,1,CGAACAGCAGAATGAGGATG,0,4377657
yadL_yadM_yadC_yadK_predicted,0.5,1,1,CGAAACGAGATGACTTGGTG,0,4393511
yadL_yadM_yadC_yadK_predicted,0.5,1,1,CCTTGACGGATTAGCACGGA,0,4390146
yadL_yadM_yadC_yadK_predicted,0.5,1,1,CCTTCGTGTGTTGCGGCGGT,0,4379553
yadL_yadM_yadC_yadK_predicted,0.5,1,1,CCTTATTCGGTATGGATCTA,0,4383019
yadL_yadM_yadC_yadK_predicted,0.5,1,1,CCTTAGGCTTCCGTAGTCAA,0,4386185
yadL_yadM_yadC_yadK_predicted,0.5,1,1,CCTGTTTAAGTAGAGTACTT,0,4391701
yadL_yadM_yadC_yadK_predicted,0.5,1,1,CCTGGCGGGGCACGATATCC,0,4394086
yadL_yadM_yadC_yadK_predicted,0.5,1,1,CCTGGAGATTCAGTTGTGTT,0,4398487
yadL_yadM_yadC_yadK_predicted,0.5,1,1,CCTGAGAGTCTGAGTATTTC,0,4397611
yadL_yadM_yadC_yadK_predicted,0.5,1,1,CCTGAACTTGGAGATACACC,0,4382167
yadL_yadM_yadC_yadK_predicted,0.5,1,1,CCTGAAAGATATCCCAGAGT,0,4394102
yadL_yadM_yadC_yadK_predicted,0.5,1,1,CCTCGGGTTCTGTGCGGAAT,0,4374932
yadL_yadM_yadC_yadK_predicted,0.5,1,1,CCTCCGGTTTGCTCGAGGTC,0,4386194
yadL_yadM_yadC_yadK_predicted,0.5,1,1,CCTCAGCGCGGCATCAATGC,0,4392777
yadL_yadM_yadC_yadK_predicted,0.5,1,1,CCTCAGACGCGTCTGGAGCC,0,4382256
yadL_yadM_yadC_yadK_predicted,0.5,1,1,CCTATCCGCGTGGAGTGACG,0,4373369
yadL_yadM_yadC_yadK_predicted,0.5,1,1,CCTAGTCATTAATTCTGGCA,0,4401683
yadL_yadM_yadC_yadK_predicted,0.5,1,1,CCTAGGACGGCTGAGACCGT,0,4401125
yadL_yadM_yadC_yadK_predicted,0.5,1,1,CCTAGCTACACCGGAAAGTA,0,4388867
yadL_yadM_yadC_yadK_predicted,0.5,1,1,CCTACTGTTCAGTAACGTTT,0,4370651
yadL_yadM_yadC_yadK_predicted,0.5,1,1,CCTAATTTCGGGACGTCACT,0,4381622
yadL_yadM_yadC_yadK_predicted,0.5,1,1,CCGTTCTCACACGGCGACCA,0,4371915
yadL_yadM_yadC_yadK_predicted,0.5,1,1,CCGTGGCCCCCCCACCGGGC,0,4373889
yadL_yadM_yadC_yadK_predicted,0.5,1,1,CCGTGCAGACGGTTAAGCTC,0,4401768
yadL_yadM_yadC_yadK_predicted,0.5,1,1,CCGTCTCCACTGGCTAGTAA,0,4387771
yadL_yadM_yadC_yadK_predicted,0.5,1,1,CCGTATCCGATTGAAATTCC,0,4371724
yadL_yadM_yadC_yadK_predicted,0.5,1,1,CCGTATAGTGTGTAGTGAGT,0,4374800
yadL_yadM_yadC_yadK_predicted,0.5,1,1,CCGTATAAAAGCAGTGCTGT,0,4392722
yadL_yadM_yadC_yadK_predicted,0.5,1,1,CCGTAGTGGCTTGCATGGGT,0,4387929
yadL_yadM_yadC_yadK_predicted,0.5,1,1,CCGGTAGAACTCTTGACACG,0,4392397
yadL_yadM_yadC_yadK_predicted,0.5,1,1,CCGGGCGCCAAGCCTCAGTT,0,4392735
yadL_yadM_yadC_yadK_predicted,0.5,1,1,CCGGGCACGTGGAGACTTGT,0,4381133
yadL_yadM_yadC_yadK_predicted,0.5,1,1,CCGGGACGCCTTGAAACTTC,0,4383235
yadL_yadM_yadC_yadK_predicted,0.5,1,1,CCGGCTACCTAGAGGGCCAA,0,4394655
yadL_yadM_yadC_yadK_predicted,0.5,1,1,CCGGCGGACGCACGCTTTAT,0,4396917
yadL_yadM_yadC_yadK_predicted,0.5,1,1,CCGGCGAATTACTCCATTAC,0,4376966
yadL_yadM_yadC_yadK_predicted,0.5,1,1,CCGGCCTTACGTTGGATTTC,0,4393366
yadL_yadM_yadC_yadK_predicted,0.5,1,1,CCGGCACCGATACGGAGTGG,0,4371923
yadL_yadM_yadC_yadK_predicted,0.5,1,1,CCGGAGCTTCTCGTACGCCC,0,4383568
yadL_yadM_yadC_yadK_predicted,0.5,1,1,CCGGACGTAATGGGGCAGGT,0,4388948
yadL_yadM_yadC_yadK_predicted,0.5,1,1,CCGCGGTACATTGGAGGGAT,0,4370614
yadL_yadM_yadC_yadK_predicted,0.5,1,1,CCGCCCAGGGAATGTGTGCC,0,4372429
yadL_yadM_yadC_yadK_predicted,0.5,1,1,CCGCAGATGAGCTGCGCGCG,0,4372133
yadL_yadM_yadC_yadK_predicted,0.5,1,1,CCGCACCACTATCTCAAACG,0,4400962
yadL_yadM_yadC_yadK_predicted,0.5,1,1,CCGAGGTGTGCTGGCCCACA,0,4382175
yadL_yadM_yadC_yadK_predicted,0.5,1,1,CCGAGGTCACGCCTGACGTT,0,4389024
yadL_yadM_yadC_yadK_predicted,0.5,1,1,CCGAGCAGGGGAAGGTGATA,0,4394084
yadL_yadM_yadC_yadK_predicted,0.5,1,1,CCGAGATAACTTTTTCACCT,0,4378215
yadL_yadM_yadC_yadK_predicted,0.5,1,1,CCGACTGATGGAAAATGCCG,0,4401658
yadL_yadM_yadC_yadK_predicted,0.5,1,1,CCGAATATGAGCGAATAATG,0,4377027
yadL_yadM_yadC_yadK_predicted,0.5,1,1,CCGAAGGGTATCATCGAGGA,0,4381081
yadL_yadM_yadC_yadK_predicted,0.5,1,1,CCGAAGGAAAATTATGCCAA,0,4396879
yadL_yadM_yadC_yadK_predicted,0.5,1,1,CCCTTTTCGAAAAGGAGTAG,0,4377636
yadL_yadM_yadC_yadK_predicted,0.5,1,1,CCCTAAAAGTTTTGGAGGGG,0,4388595
yadL_yadM_yadC_yadK_predicted,0.5,1,1,CCCGTGTAGTGTGTCGTAAA,0,4381045
yadL_yadM_yadC_yadK_predicted,0.5,1,1,CCCGGCCCCGTGGTGGTGCT,0,4384653
yadL_yadM_yadC_yadK_predicted,0.5,1,1,CCCGCATTGATTTGGTCCGC,0,4380030
yadL_yadM_yadC_yadK_predicted,0.5,1,1,CCCGATTGGGGAAAGCCAGT,0,4371854
yadL_yadM_yadC_yadK_predicted,0.5,1,1,CCCGATGAGGCTTTAAAGCT,0,4387130
yadL_yadM_yadC_yadK_predicted,0.5,1,1,CCCCTGCAATAAGCGGCAAA,0,4390869
yadL_yadM_yadC_yadK_predicted,0.5,1,1,CCCCTACTTACTCCTTGTCG,0,4393418
yadL_yadM_yadC_yadK_predicted,0.5,1,1,CCCCGCGTCTATCTCGTCAA,0,4375312
yadL_yadM_yadC_yadK_predicted,0.5,1,1,CCCATTCCCCCTGCGGGCCA,0,4375668
yadL_yadM_yadC_yadK_predicted,0.5,1,1,CCCATGCCGCACCAATGTCA,0,4397696
yadL_yadM_yadC_yadK_predicted,0.5,1,1,CCCAGGGCTTGTCGTCCAGC,0,4402415
yadL_yadM_yadC_yadK_predicted,0.5,1,1,CCCAGGGCCGGTGGTCACAT,0,4372254
yadL_yadM_yadC_yadK_predicted,0.5,1,1,CCCAGGATCGAGTCTCACAG,0,4385579
yadL_yadM_yadC_yadK_predicted,0.5,1,1,CCCAGCCCCATGGGGACCCA,0,4382241
yadL_yadM_yadC_yadK_predicted,0.5,1,1,CCCAATATGATTCGTCATAA,0,4373016
yadL_yadM_yadC_yadK_predicted,0.5,1,1,CCATTGTATTACATATAGAC,0,4399159
yadL_yadM_yadC_yadK_predicted,0.5,1,1,CCATTATAGCTGTAATGTGA,0,4394600
yadL_yadM_yadC_yadK_predicted,0.5,1,1,CCATTAATCTTCTGTGTACA,0,4378522
yadL_yadM_yadC_yadK_predicted,0.5,1,1,CCATTAATCCTCGGTTCTTC,0,4396132
yadL_yadM_yadC_yadK_predicted,0.5,1,1,CCATGCTTACGGTCGATACA,0,4398515
yadL_yadM_yadC_yadK_predicted,0.5,1,1,CCATGCAGAGACTTAATCTC,0,4391064
yadL_yadM_yadC_yadK_predicted,0.5,1,1,CCATCTACTTGCAAAAACAC,0,4391961
yadL_yadM_yadC_yadK_predicted,0.5,1,1,CCATCCGCCCGTAGCATCAC,0,4399844
yadL_yadM_yadC_yadK_predicted,0.5,1,1,CCATCACTGCCGTGGAAGAG,0,4398616
yadL_yadM_yadC_yadK_predicted,0.5,1,1,CCATAGACCACGAAATACGG,0,4372920
yadL_yadM_yadC_yadK_predicted,0.5,1,1,CCATACGCCTTGCGCACTCA,0,4383778
yadL_yadM_yadC_yadK_predicted,0.5,1,1,CCATAACTGTTTACAAGCTC,0,4387342
yadL_yadM_yadC_yadK_predicted,0.5,1,1,CCAGTGCGCCAACTCCCGGG,0,4375907
yadL_yadM_yadC_yadK_predicted,0.5,1,1,CCAGTAATAGCAGCCGTGTA,0,4400351
yadL_yadM_yadC_yadK_predicted,0.5,1,1,CCAGGTACAAGCTCCCGAAC,0,4381989
yadL_yadM_yadC_yadK_predicted,0.5,1,1,CCAGGGACGGCCCGGCTGGA,0,4385222
yadL_yadM_yadC_yadK_predicted,0.5,1,1,CCAGGCAGATTATTTGGACG,0,4370372
yadL_yadM_yadC_yadK_predicted,0.5,1,1,CCACTAGCGGCACGATAATA,0,4398017
yadL_yadM_yadC_yadK_predicted,0.5,1,1,CCACGAGATTTCATACGGTC,0,4379185
yadL_yadM_yadC_yadK_predicted,0.5,1,1,CCACCGCTAGATATGGGGTT,0,4371742
yadL_yadM_yadC_yadK_predicted,0.5,1,1,CCACCGCACTTCCATCACGA,0,4382288
yadL_yadM_yadC_yadK_predicted,0.5,1,1,CCACATGAGACATAACGGTT,0,4380206
yadL_yadM_yadC_yadK_predicted,0.5,1,1,CCAATACTGTATTCCTACGG,0,4383894
yadL_yadM_yadC_yadK_predicted,0.5,1,1,CCAACGGCCTGTCTTACGTT,0,4390156
yadL_yadM_yadC_yadK_predicted,0.5,1,1,CCAAATGTCGTCCAGCACAA,0,4401069
yadL_yadM_yadC_yadK_predicted,0.5,1,1,CCAAACAATAGATCGTAGCA,0,4382992
yadL_yadM_yadC_yadK_predicted,0.5,1,1,CATTTTCTTGCTTGTTGGGA,0,4385732
yadL_yadM_yadC_yadK_predicted,0.5,1,1,CATTTTCTGAAGCTGGGTAC,0,4371908
yadL_yadM_yadC_yadK_predicted,0.5,1,1,CATTTGTCAGGCTGAGCGTA,0,4387313
yadL_yadM_yadC_yadK_predicted,0.5,1,1,CATTGTTTAAAACGCGGGTT,0,4381392
yadL_yadM_yadC_yadK_predicted,0.5,1,1,CATTCAGTAACGCCATACGC,0,4379917
yadL_yadM_yadC_yadK_predicted,0.5,1,1,CATGTGCCCAATCCGCACCT,0,4395762
yadL_yadM_yadC_yadK_predicted,0.5,1,1,CATGGTGTAGGTCAGTGTCT,0,4398237
yadL_yadM_yadC_yadK_predicted,0.5,1,1,CATGGGGGGGGAAACTTAGG,0,4390211
yadL_yadM_yadC_yadK_predicted,0.5,1,1,CATGGCATCAGCGTTCGTTA,0,4400996
yadL_yadM_yadC_yadK_predicted,0.5,1,1,CATCGTATTGAGCAAGTCAT,0,4379022
yadL_yadM_yadC_yadK_predicted,0.5,1,1,CATCGGCTTTATAGGAAACT,0,4378714
yadL_yadM_yadC_yadK_predicted,0.5,1,1,CATCGCTACGCGCAATGTCA,0,4401988
yadL_yadM_yadC_yadK_predicted,0.5,1,1,CATCGCCCTCTACTCCCCCG,0,4395799
yadL_yadM_yadC_yadK_predicted,0.5,1,1,CATCGAACGTCCTATAGACC,0,4377933
yadL_yadM_yadC_yadK_predicted,0.5,1,1,CATCCGGGCGGAATAGTGAG,0,4377705
yadL_yadM_yadC_yadK_predicted,0.5,1,1,CATCCCGGCCTTGGTCACAA,0,4396715
yadL_yadM_yadC_yadK_predicted,0.5,1,1,CATCATCACACGGGGTAGAG,0,4370637
yadL_yadM_yadC_yadK_predicted,0.5,1,1,CATCAGTGACTCCCGGGGGT,0,4394388
yadL_yadM_yadC_yadK_predicted,0.5,1,1,CATCAGTCGTCTAACAAACG,0,4374261
yadL_yadM_yadC_yadK_predicted,0.5,1,1,CATCAACATAGACGTACCGT,0,4389449
yadL_yadM_yadC_yadK_predicted,0.5,1,1,CATATTGGATTTAGAGGTCG,0,4393272
yadL_yadM_yadC_yadK_predicted,0.5,1,1,CATAGGAATTATGCCCAATC,0,4385840
yadL_yadM_yadC_yadK_predicted,0.5,1,1,CATACTGCCGTCACCCTGAG,0,4381146
yadL_yadM_yadC_yadK_predicted,0.5,1,1,CATAATTCGTGTGGGCGGTA,0,4390279
yadL_yadM_yadC_yadK_predicted,0.5,1,1,CATAAGGATTGGACGGGTAT,0,4400528
yadL_yadM_yadC_yadK_predicted,0.5,1,1,CAGTTTTCGGCCGCGCCATT,0,4377131
yadL_yadM_yadC_yadK_predicted,0.5,1,1,CAGTTCCGAACAGATTTTGT,0,4397557
yadL_yadM_yadC_yadK_predicted,0.5,1,1,CAGTGGCTTTGTTAAGTAAA,0,4379696
yadL_yadM_yadC_yadK_predicted,0.5,1,1,CAGTCGTGACCGGCCAGTTC,0,4395348
yadL_yadM_yadC_yadK_predicted,0.5,1,1,CAGTCCGAGAGTTGAACGGC,0,4371560
yadL_yadM_yadC_yadK_predicted,0.5,1,1,CAGTCATCTCCTCAGATCTG,0,4374262
yadL_yadM_yadC_yadK_predicted,0.5,1,1,CAGTAGAGCACGTGGAACTG,0,4381705
yadL_yadM_yadC_yadK_predicted,0.5,1,1,CAGGGGCACTATCAGCTAAT,0,4386855
yadL_yadM_yadC_yadK_predicted,0.5,1,1,CAGGATATTCGACTCTCTTT,0,4395521
yadL_yadM_yadC_yadK_predicted,0.5,1,1,CAGGAAAAGGATCGCCCGAT,0,4382345
yadL_yadM_yadC_yadK_predicted,0.5,1,1,CAGCTCACGCGTATAGTTGT,0,4399995
yadL_yadM_yadC_yadK_predicted,0.5,1,1,CAGCGAATAGGGGTAAAATA,0,4371268
yadL_yadM_yadC_yadK_predicted,0.5,1,1,CAGATGCGAGCTCCTCTCTT,0,4373325
yadL_yadM_yadC_yadK_predicted,0.5,1,1,CAGATATTGGCAAGTAATCC,0,4384296
yadL_yadM_yadC_yadK_predicted,0.5,1,1,CAGATAAGGAACTACCTAGA,0,4393640
yadL_yadM_yadC_yadK_predicted,0.5,1,1,CAGACTTCAAGCTAAAATAC,0,4399000
yadL_yadM_yadC_yadK_predicted,0.5,1,1,CAGACTGGTACCCCCCAAGC,0,4374034
yadL_yadM_yadC_yadK_predicted,0.5,1,1,CAGACGAGTCGATAAACTCG,0,4370773
yadL_yadM_yadC_yadK_predicted,0.5,1,1,CAGAATTGGCATACTCGAAA,0,4402470
yadL_yadM_yadC_yadK_predicted,0.5,1,1,CACTGTAGTTGGCCGCCCGT,0,4394043
yadL_yadM_yadC_yadK_predicted,0.5,1,1,CACTCTTCAAGATCAACGTA,0,4373971
yadL_yadM_yadC_yadK_predicted,0.5,1,1,CACGTCGGTCCTCATTCTCG,0,4383523
yadL_yadM_yadC_yadK_predicted,0.5,1,1,CACGGTCTTAGGTGTTTCAC,0,4390610
yadL_yadM_yadC_yadK_predicted,0.5,1,1,CACCGTGAGCATTAGTGCCC,0,4394022
yadL_yadM_yadC_yadK_predicted,0.5,1,1,CACCGCTGCGCGGAAGTAAC,0,4392974
yadL_yadM_yadC_yadK_predicted,0.5,1,1,CACCCCCCGAATCTTAGATT,0,4387077
yadL_yadM_yadC_yadK_predicted,0.5,1,1,CACCACCAACACCTGGGGAA,0,4371151
yadL_yadM_yadC_yadK_predicted,0.5,1,1,CACAGCCCTACCATGGTGGA,0,4379388
yadL_yadM_yadC_yadK_predicted,0.5,1,1,CACAGATGTCCCTAGACGTA,0,4371040
yadL_yadM_yadC_yadK_predicted,0.5,1,1,CACACGCTGGTTGAATTTAT,0,4387764
yadL_yadM_yadC_yadK_predicted,0.5,1,1,CACAATCCCAGGGCTCGGAA,0,4397455
yadL_yadM_yadC_yadK_predicted,0.5,1,1,CACAAGTCAGTCGAGGGGTT,0,4376930
yadL_yadM_yadC_yadK_predicted,0.5,1,1,CACAACAAGTTTGTAGCCTC,0,4388764
yadL_yadM_yadC_yadK_predicted,0.5,1,1,CAATTGAATTTACCCAAGAC,0,4379433
yadL_yadM_yadC_yadK_predicted,0.5,1,1,CAATGGTGAGCTTTGGCGCA,0,4375215
yadL_yadM_yadC_yadK_predicted,0.5,1,1,CAATGAGTAAACAATATGAA,0,4391389
yadL_yadM_yadC_yadK_predicted,0.5,1,1,CAATCGAAGCTAACATTTAA,0,4389920
yadL_yadM_yadC_yadK_predicted,0.5,1,1,CAATCATCATCCAAACTGGC,0,4383349
yadL_yadM_yadC_yadK_predicted,0.5,1,1,CAATCAGCATAGGGACCCCC,0,4391597
yadL_yadM_yadC_yadK_predicted,0.5,1,1,CAATATTTACCGGGAGAAAA,0,4384576
yadL_yadM_yadC_yadK_predicted,0.5,1,1,CAAGTATCCCTAGGAGCATA,0,4381698
yadL_yadM_yadC_yadK_predicted,0.5,1,1,CAAGGGAATTAAGGATCGAT,0,4379258
yadL_yadM_yadC_yadK_predicted,0.5,1,1,CAAGGCAAATAGGTTCTGTA,0,4374061
yadL_yadM_yadC_yadK_predicted,0.5,1,1,CAAGAGTTCTAGAGCCTTCG,0,4398664
yadL_yadM_yadC_yadK_predicted,0.5,1,1,CAAGAATCACACCCGTATTG,0,4392391
yadL_yadM_yadC_yadK_predicted,0.5,1,1,CAACGTCATATGATATATAC,0,4375079
yadL_yadM_yadC_yadK_predicted,0.5,1,1,CAACCCCTGCCTCTTTTCTA,0,4392754
yadL_yadM_yadC_yadK_predicted,0.5,1,1,CAACACTTTGCCGCGTAATG,0,4380217
yadL_yadM_yadC_yadK_predicted,0.5,1,1,CAAATGCTCACGAGTTGCTT,0,4387314
yadL_yadM_yadC_yadK_predicted,0.5,1,1,CAAATCCGAAGGCCAGTGGG,0,4389788
yadL_yadM_yadC_yadK_predicted,0.5,1,1,CAAAGGTCAGAGAGCAAGTG,0,4371860
yadL_yadM_yadC_yadK_predicted,0.5,1,1,CAAACCTGAGAATTTTGGAC,0,4394003
yadL_yadM_yadC_yadK_predicted,0.5,1,1,CAAAATTACTCCGGCGTACT,0,4384108
yadL_yadM_yadC_yadK_predicted,0.5,1,1,CAAAACCCGTCGATTTTGCG,0,4371931
yadL_yadM_yadC_yadK_predicted,0.5,1,1,ATTTGCCGGAAGTGTCAAAG,0,4395609
yadL_yadM_yadC_yadK_predicted,0.5,1,1,ATTTGACCAGAGCACTGGCA,0,4400522
yadL_yadM_yadC_yadK_predicted,0.5,1,1,ATTTCTGTTTGAGGGGTAAT,0,4372373
yadL_yadM_yadC_yadK_predicted,0.5,1,1,ATTTCATAGGGATTGACAAG,0,4395894
yadL_yadM_yadC_yadK_predicted,0.5,1,1,ATTTACCTGTGCACCATATT,0,4388141
yadL_yadM_yadC_yadK_predicted,0.5,1,1,ATTGTATGAGGTTGTGGTAC,0,4397408
yadL_yadM_yadC_yadK_predicted,0.5,1,1,ATTGCACAAATTCGCGGCTC,0,4386775
yadL_yadM_yadC_yadK_predicted,0.5,1,1,ATTGACTCTCACGTTTCTCT,0,4375636
yadL_yadM_yadC_yadK_predicted,0.5,1,1,ATTGACATTTACCTCGCATG,0,4382356
yadL_yadM_yadC_yadK_predicted,0.5,1,1,ATTCTGTAAAAAAAATGCTG,0,4397859
yadL_yadM_yadC_yadK_predicted,0.5,1,1,ATTCGCTGCTAATCCTAAGT,0,4389133
yadL_yadM_yadC_yadK_predicted,0.5,1,1,ATTCCTGGGGGGTCTGATTA,0,4374305
yadL_yadM_yadC_yadK_predicted,0.5,1,1,ATTCCGGATCATGTCGCCAT,0,4371466
yadL_yadM_yadC_yadK_predicted,0.5,1,1,ATTCCGATCTACGTCATCGG,0,4372660
yadL_yadM_yadC_yadK_predicted,0.5,1,1,ATTCCCCAAGGTCGCACCGA,0,4394375
yadL_yadM_yadC_yadK_predicted,0.5,1,1,ATTCACAACACTGCACGTCC,0,4394841
yadL_yadM_yadC_yadK_predicted,0.5,1,1,ATTATAAAAATTCTGTCCGA,0,4385524
yadL_yadM_yadC_yadK_predicted,0.5,1,1,ATTAGTCAGCCAGCGTATAC,0,4391866
yadL_yadM_yadC_yadK_predicted,0.5,1,1,ATTAGCTGCAGCCTAGGAGC,0,4397890
yadL_yadM_yadC_yadK_predicted,0.5,1,1,ATTACACAGTATTAGGATCT,0,4384935
yadL_yadM_yadC_yadK_predicted,0.5,1,1,ATGTTCGAACGTGTCTTATA,0,4390564
yadL_yadM_yadC_yadK_predicted,0.5,1,1,ATGTGGATAGTTATCTGCTC,0,4373459
yadL_yadM_yadC_yadK_predicted,0.5,1,1,ATGTAATCTCGCTTCCGTGT,0,4373364
yadL_yadM_yadC_yadK_predicted,0.5,1,1,ATGTAAACTCCGCTCCGCAA,0,4389302
yadL_yadM_yadC_yadK_predicted,0.5,1,1,ATGGTTCTTATGTCGCGTCC,0,4402316
yadL_yadM_yadC_yadK_predicted,0.5,1,1,ATGGTTCATGCGCGAAGTCA,0,4390374
yadL_yadM_yadC_yadK_predicted,0.5,1,1,ATGGCTCCGGGAAGTCGCTG,0,4374115
yadL_yadM_yadC_yadK_predicted,0.5,1,1,ATGGCGCCGCGATCGCTAGA,0,4382484
yadL_yadM_yadC_yadK_predicted,0.5,1,1,ATGGCATGGCATAACGAGGA,0,4386743
yadL_yadM_yadC_yadK_predicted,0.5,1,1,ATGGACTTCCTTTGCAATAT,0,4396497
yadL_yadM_yadC_yadK_predicted,0.5,1,1,ATGCGTTAGCTCGAGACTAA,0,4399775
yadL_yadM_yadC_yadK_predicted,0.5,1,1,ATGCCCGACAGGGTCTCTCA,0,4384619
yadL_yadM_yadC_yadK_predicted,0.5,1,1,ATGCACATACCGCATGGAGG,0,4387251
yadL_yadM_yadC_yadK_predicted,0.5,1,1,ATGATCTCAAGAGGTAGAAG,0,4387315
yadL_yadM_yadC_yadK_predicted,0.5,1,1,ATGAGTGAGTATCCAGATTT,0,4376926
yadL_yadM_yadC_yadK_predicted,0.5,1,1,ATGAGATCACCCTATAATCC,0,4390593
yadL_yadM_yadC_yadK_predicted,0.5,1,1,ATGAATATGTACTGACTAAG,0,4375050
yadL_yadM_yadC_yadK_predicted,0.5,1,1,ATGAACTTCCTCCTTAAGGT,0,4372878
yadL_yadM_yadC_yadK_predicted,0.5,1,1,ATGAACGGTTGGGTATAACC,0,4388788
yadL_yadM_yadC_yadK_predicted,0.5,1,1,ATCTCGATTGCAGCTAATGT,0,4377017
yadL_yadM_yadC_yadK_predicted,0.5,1,1,ATCTATAGTTAGCGGAATTC,0,4379052
yadL_yadM_yadC_yadK_predicted,0.5,1,1,ATCTAGCAGGAAATGTACGT,0,4373488
yadL_yadM_yadC_yadK_predicted,0.5,1,1,ATCGTTCCTTGGTTAACAGA,0,4379637
yadL_yadM_yadC_yadK_predicted,0.5,1,1,ATCGTACATCGAGCCGGGAA,0,4383436
yadL_yadM_yadC_yadK_predicted,0.5,1,1,ATCGACGTCCAGTCTGCGAT,0,4394813
yadL_yadM_yadC_yadK_predicted,0.5,1,1,ATCGACGGTCCAGGGTCTCG,0,4396179
yadL_yadM_yadC_yadK_predicted,0.5,1,1,ATCCTTTGCTCTAAATACTG,0,4381699
yadL_yadM_yadC_yadK_predicted,0.5,1,1,ATCCTTCGCTTAGCAAGCGG,0,4372927
yadL_yadM_yadC_yadK_predicted,0.5,1,1,ATCCGTGGATACTCTTCGCC,0,4375700
yadL_yadM_yadC_yadK_predicted,0.5,1,1,ATCCGCAGGGCAGCCCGACT,0,4370984
yadL_yadM_yadC_yadK_predicted,0.5,1,1,ATCCGACATCCGTGCAAAGA,0,4372989
yadL_yadM_yadC_yadK_predicted,0.5,1,1,ATCCCCTTGGGGATGCACAA,0,4371385
yadL_yadM_yadC_yadK_predicted,0.5,1,1,ATCATCTGAAGAGATGCCAG,0,4395662
yadL_yadM_yadC_yadK_predicted,0.5,1,1,ATCATCATCTTTCACTGTCA,0,4370101
yadL_yadM_yadC_yadK_predicted,0.5,1,1,ATCATAAAGCCGTGATATAC,0,4374498
yadL_yadM_yadC_yadK_predicted,0.5,1,1,ATCAGCGAAAGTTTTTATCA,0,4398344
yadL_yadM_yadC_yadK_predicted,0.5,1,1,ATCACGTAACTCGGAATTTA,0,4388999
yadL_yadM_yadC_yadK_predicted,0.5,1,1,ATCAACCGCCGACACCTACA,0,4383461
yadL_yadM_yadC_yadK_predicted,0.5,1,1,ATATCTTACATCTAGTTTGC,0,4375839
yadL_yadM_yadC_yadK_predicted,0.5,1,1,ATATAGCCTGAATTTAATAA,0,4398234
yadL_yadM_yadC_yadK_predicted,0.5,1,1,ATATACATTAACCCCTGGGG,0,4377789
yadL_yadM_yadC_yadK_predicted,0.5,1,1,ATAGTTGATTGTCGCTTGGG,0,4374436
yadL_yadM_yadC_yadK_predicted,0.5,1,1,ATAGTATGGTTTTACGGTTT,0,4384943
yadL_yadM_yadC_yadK_predicted,0.5,1,1,ATAGGGTTGCTATGACTGTT,0,4393396
yadL_yadM_yadC_yadK_predicted,0.5,1,1,ATAGCTAGCCTATTACGGGT,0,4401045
yadL_yadM_yadC_yadK_predicted,0.5,1,1,ATAGATCTTACACATGACCC,0,4391696
yadL_yadM_yadC_yadK_predicted,0.5,1,1,ATAGAAGTCGCAAGGGCTGT,0,4390227
yadL_yadM_yadC_yadK_predicted,0.5,1,1,ATACGCATTCGCGCCGGTTA,0,4396422
yadL_yadM_yadC_yadK_predicted,0.5,1,1,ATACCTACTTGCGCAGAATA,0,4402271
yadL_yadM_yadC_yadK_predicted,0.5,1,1,ATACATCTTATCACGACGGT,0,4381880
yadL_yadM_yadC_yadK_predicted,0.5,1,1,ATACAGGCGCTCCTTCTATA,0,4399434
yadL_yadM_yadC_yadK_predicted,0.5,1,1,ATAATTTGGATTCCGATGTC,0,4378946
yadL_yadM_yadC_yadK_predicted,0.5,1,1,ATAATATACTAGCCCATGGG,0,4401485
yadL_yadM_yadC_yadK_predicted,0.5,1,1,ATAAGTTCAGCCGCTAACTA,0,4383601
yadL_yadM_yadC_yadK_predicted,0.5,1,1,ATAAGTACGGAAGTGCCCCA,0,4378197
yadL_yadM_yadC_yadK_predicted,0.5,1,1,ATAAGCTGATTGCGTACTGG,0,4391306
yadL_yadM_yadC_yadK_predicted,0.5,1,1,ATAAGCTCCGGCAGTGGTAC,0,4378705
yadL_yadM_yadC_yadK_predicted,0.5,1,1,ATAACCTAAAGGTGGAAAAA,0,4373423
yadL_yadM_yadC_yadK_predicted,0.5,1,1,ATAACCACAGCTCTACGCGT,0,4379183
yadL_yadM_yadC_yadK_predicted,0.5,1,1,AGTTGTCAACGATCAGTATT,0,4389290
yadL_yadM_yadC_yadK_predicted,0.5,1,1,AGTTGAGCTAGATACAGCGA,0,4372433
yadL_yadM_yadC_yadK_predicted,0.5,1,1,AGTTGAGATAGCAGGAAAAC,0,4381985
yadL_yadM_yadC_yadK_predicted,0.5,1,1,AGTTGAAGGCCTTATAAAGA,0,4391941
yadL_yadM_yadC_yadK_predicted,0.5,1,1,AGTTATCTCAGCTACAGCTG,0,4395373
yadL_yadM_yadC_yadK_predicted,0.5,1,1,AGTTAGAATGCTTAAAGACA,0,4379779
yadL_yadM_yadC_yadK_predicted,0.5,1,1,AGTTAAGTGCTGGGACTCGG,0,4380421
yadL_yadM_yadC_yadK_predicted,0.5,1,1,AGTTAAGGTCTGCCATATTT,0,4372486
yadL_yadM_yadC_yadK_predicted,0.5,1,1,AGTGTTCTACACTATTTCTC,0,4381874
yadL_yadM_yadC_yadK_predicted,0.5,1,1,AGTGTGCTCGACCCAAAAGG,0,4391912
yadL_yadM_yadC_yadK_predicted,0.5,1,1,AGTCTTCGAGGGAGAATCAT,0,4402299
yadL_yadM_yadC_yadK_predicted,0.5,1,1,AGTCGTCCTACTACCGGGAG,0,4388285
yadL_yadM_yadC_yadK_predicted,0.5,1,1,AGTCGACATGGTATCGTTAG,0,4383755
yadL_yadM_yadC_yadK_predicted,0.5,1,1,AGTCATCGGTTGTGGCTCAG,0,4380204
yadL_yadM_yadC_yadK_predicted,0.5,1,1,AGTCAGATGTGCCCGCATTA,0,4392993
yadL_yadM_yadC_yadK_predicted,0.5,1,1,AGTCAAGTTAGGGACTCATA,0,4401880
yadL_yadM_yadC_yadK_predicted,0.5,1,1,AGTAGATGCTCACTGTGCGC,0,4373865
yadL_yadM_yadC_yadK_predicted,0.5,1,1,AGTACGTGGCTAAATATAAG,0,4385893
yadL_yadM_yadC_yadK_predicted,0.5,1,1,AGGTTGTAACAGAGCACAGG,0,4387280
yadL_yadM_yadC_yadK_predicted,0.5,1,1,AGGTGGGCACGATCAGTCCC,0,4373006
yadL_yadM_yadC_yadK_predicted,0.5,1,1,AGGTGGCATTCCTCTGTACG,0,4396676
yadL_yadM_yadC_yadK_predicted,0.5,1,1,AGGTCGCCAGGGACATATTA,0,4395482
yadL_yadM_yadC_yadK_predicted,0.5,1,1,AGGTCCAGCCATCGGAGTGT,0,4376837
yadL_yadM_yadC_yadK_predicted,0.5,1,1,AGGTACGTAAGTAGAAAAAA,0,4388767
yadL_yadM_yadC_yadK_predicted,0.5,1,1,AGGTAAGTGGCGAGGATCGA,0,4374934
yadL_yadM_yadC_yadK_predicted,0.5,1,1,AGGGGTGTACGGTGTAAATT,0,4379097
yadL_yadM_yadC_yadK_predicted,0.5,1,1,AGGGGATCTGGAAGTATTCC,0,4402160
yadL_yadM_yadC_yadK_predicted,0.5,1,1,AGGGGAGATTTCGCAGCGTT,0,4373972
yadL_yadM_yadC_yadK_predicted,0.5,1,1,AGGGATAACAATCACACTGT,0,4395920
yadL_yadM_yadC_yadK_predicted,0.5,1,1,AGGGAGATGCGTTCATCAGT,0,4388778
yadL_yadM_yadC_yadK_predicted,0.5,1,1,AGGGAAGTCATGTATAAGGA,0,4388325
yadL_yadM_yadC_yadK_predicted,0.5,1,1,AGGCTGAACCCGTGTACTTA,0,4396106
yadL_yadM_yadC_yadK_predicted,0.5,1,1,AGGCTCATCACGGCGAGAAA,0,4382254
yadL_yadM_yadC_yadK_predicted,0.5,1,1,AGGCGGGGCTATCCGAGTGC,0,4395927
yadL_yadM_yadC_yadK_predicted,0.5,1,1,AGGCCTGTGGAGCTTGTTAA,0,4393810
yadL_yadM_yadC_yadK_predicted,0.5,1,1,AGGCCCTACGGGGAATTATC,0,4386946
yadL_yadM_yadC_yadK_predicted,0.5,1,1,AGGCATAGATGCCTCCTTCA,0,4400751
yadL_yadM_yadC_yadK_predicted,0.5,1,1,AGGCAGTCCCAGCATACATG,0,4370731
yadL_yadM_yadC_yadK_predicted,0.5,1,1,AGGCAGGCCTGTAAAAGCCC,0,4396779
yadL_yadM_yadC_yadK_predicted,0.5,1,1,AGGCAAGCGGATAGTTACCG,0,4372677
yadL_yadM_yadC_yadK_predicted,0.5,1,1,AGGATCTTGTAAGTCAACAA,0,4396293
yadL_yadM_yadC_yadK_predicted,0.5,1,1,AGGACTCTCAGGACCAGTTT,0,4388484
yadL_yadM_yadC_yadK_predicted,0.5,1,1,AGGACCTATACTTCCCGGAG,0,4373558
yadL_yadM_yadC_yadK_predicted,0.5,1,1,AGGACCCGCTAGAAGACGTG,0,4391552
yadL_yadM_yadC_yadK_predicted,0.5,1,1,AGGAATTCTGGTGGCAAGAA,0,4386459
yadL_yadM_yadC_yadK_predicted,0.5,1,1,AGGAACAGTTTTAATGAGAT,0,4370107
yadL_yadM_yadC_yadK_predicted,0.5,1,1,AGCTTGACGTCATTTTCCTC,0,4382366
yadL_yadM_yadC_yadK_predicted,0.5,1,1,AGCTTATGTATAGATTGTAT,0,4380087
yadL_yadM_yadC_yadK_predicted,0.5,1,1,AGCTATAACGGAGGATCCCT,0,4385858
yadL_yadM_yadC_yadK_predicted,0.5,1,1,AGCGTTTTTCCGGCCCGGCA,0,4372746
yadL_yadM_yadC_yadK_predicted,0.5,1,1,AGCGTGACAACAAATAGCGT,0,4389373
yadL_yadM_yadC_yadK_predicted,0.5,1,1,AGCGGAATTAGTCGTGACCT,0,4380827
yadL_yadM_yadC_yadK_predicted,0.5,1,1,AGCGCTTCACAACTCTTATT,0,4395814
yadL_yadM_yadC_yadK_predicted,0.5,1,1,AGCGCCATCGCAAAAAGTTT,0,4372579
yadL_yadM_yadC_yadK_predicted,0.5,1,1,AGCGATGGTATTCGTCCCCC,0,4380498
yadL_yadM_yadC_yadK_predicted,0.5,1,1,AGCGAGAGGGACGGGTTATG,0,4397499
yadL_yadM_yadC_yadK_predicted,0.5,1,1,AGCCTTTTAAGCACACCAAA,0,4379271
yadL_yadM_yadC_yadK_predicted,0.5,1,1,AGCCGTCGAGGTAGGAAGAA,0,4392759
yadL_yadM_yadC_yadK_predicted,0.5,1,1,AGCCCCTGGCACTAGCCCCC,0,4373067
yadL_yadM_yadC_yadK_predicted,0.5,1,1,AGCCCACTGACCAGCCGTAC,0,4372749
yadL_yadM_yadC_yadK_predicted,0.5,1,1,AGCCATGGCACAACAATGGG,0,4385689
yadL_yadM_yadC_yadK_predicted,0.5,1,1,AGCCATCAAGGAGGATCAAT,0,4372681
yadL_yadM_yadC_yadK_predicted,0.5,1,1,AGCATTCTTGTCCGTGAGTG,0,4387930
yadL_yadM_yadC_yadK_predicted,0.5,1,1,AGCACTGATCGTGTATTGGG,0,4374257
yadL_yadM_yadC_yadK_predicted,0.5,1,1,AGCAATTCTGGACGGACCAG,0,4397967
yadL_yadM_yadC_yadK_predicted,0.5,1,1,AGCAAAGAGGGTTAGTTAAA,0,4395937
yadL_yadM_yadC_yadK_predicted,0.5,1,1,AGCAAAGACCTAAACTTAAA,0,4388713
yadL_yadM_yadC_yadK_predicted,0.5,1,1,AGATGGACGGTAGTACGGCC,0,4398015
yadL_yadM_yadC_yadK_predicted,0.5,1,1,AGATCGGACAGTTCAACCGG,0,4376112
yadL_yadM_yadC_yadK_predicted,0.5,1,1,AGATATACCGAATGAGGTCA,0,4395032
yadL_yadM_yadC_yadK_predicted,0.5,1,1,AGATAGTTCGCTCACCGTGT,0,4384736
yadL_yadM_yadC_yadK_predicted,0.5,1,1,AGAGTTCATTCCGGCTGAAG,0,4388611
yadL_yadM_yadC_yadK_predicted,0.5,1,1,AGAGCTATTCGCCGAATGGA,0,4371315
yadL_yadM_yadC_yadK_predicted,0.5,1,1,AGAGAGCATGTAAGTGGCAG,0,4381170
yadL_yadM_yadC_yadK_predicted,0.5,1,1,AGACTCCAAACATGACGTTC,0,4387219
yadL_yadM_yadC_yadK_predicted,0.5,1,1,AGACGGTCTGCGGTCTTTCA,0,4373880
yadL_yadM_yadC_yadK_predicted,0.5,1,1,AGACGCTATGGTGCATAGCT,0,4374216
yadL_yadM_yadC_yadK_predicted,0.5,1,1,AGACCTGATTTTTTGGGGGA,0,4389638
yadL_yadM_yadC_yadK_predicted,0.5,1,1,AGACCTCGGCTGATCTTTAC,0,4373954
yadL_yadM_yadC_yadK_predicted,0.5,1,1,AGACCGGTTAGGCGGTCGAT,0,4392485
yadL_yadM_yadC_yadK_predicted,0.5,1,1,AGACATGAGTAAGCATGTTA,0,4381480
yadL_yadM_yadC_yadK_predicted,0.5,1,1,AGAATCGCGATTAGGCATAT,0,4393139
yadL_yadM_yadC_yadK_predicted,0.5,1,1,AGAAAGTTGCGCCTCAGCGA,0,4376196
yadL_yadM_yadC_yadK_predicted,0.5,1,1,AGAAAGTCTGTCGCCCTCGT,0,4395551
yadL_yadM_yadC_yadK_predicted,0.5,1,1,AGAAAGCTGCCTCATGCTAG,0,4398357
yadL_yadM_yadC_yadK_predicted,0.5,1,1,AGAAACGAGTTGACAAGACG,0,4392677
yadL_yadM_yadC_yadK_predicted,0.5,1,1,AGAAAAGCCGAGCGGAAGCG,0,4386675
yadL_yadM_yadC_yadK_predicted,0.5,1,1,ACTTTTAATACTCCATTAAG,0,4371573
yadL_yadM_yadC_yadK_predicted,0.5,1,1,ACTTGTCTTTTACTCCATTT,0,4394166
yadL_yadM_yadC_yadK_predicted,0.5,1,1,ACTGGTTATGATTAGGTTTA,0,4373157
yadL_yadM_yadC_yadK_predicted,0.5,1,1,ACTGACCCACCGGGATAAAA,0,4374045
yadL_yadM_yadC_yadK_predicted,0.5,1,1,ACTCTTCATACGCAATCTCG,0,4393193
yadL_yadM_yadC_yadK_predicted,0.5,1,1,ACTCTGATCTTTTGCGCTGT,0,4392695
yadL_yadM_yadC_yadK_predicted,0.5,1,1,ACTCTACATTGATGCGGTTT,0,4394368
yadL_yadM_yadC_yadK_predicted,0.5,1,1,ACTCAGCCCGACCAATCCTC,0,4384829
yadL_yadM_yadC_yadK_predicted,0.5,1,1,ACTCACGGGCAGCCCGGATG,0,4395617
yadL_yadM_yadC_yadK_predicted,0.5,1,1,ACTCAAGGAGGTTCCTGTCC,0,4390541
yadL_yadM_yadC_yadK_predicted,0.5,1,1,ACTAGCTCGCCTATAGCGAA,0,4385748
yadL_yadM_yadC_yadK_predicted,0.5,1,1,ACTAGAAGGATACCCGGGGC,0,4395822
yadL_yadM_yadC_yadK_predicted,0.5,1,1,ACTACTCGTAGCGCTGTAAG,0,4377201
yadL_yadM_yadC_yadK_predicted,0.5,1,1,ACTAATTACCCGTGTCTCTA,0,4372979
yadL_yadM_yadC_yadK_predicted,0.5,1,1,ACTAATGATATGGAAACCTA,0,4386876
yadL_yadM_yadC_yadK_predicted,0.5,1,1,ACGTTTTATTTATTACAGAG,0,4400695
yadL_yadM_yadC_yadK_predicted,0.5,1,1,ACGTTACGACCTGGGAGGTG,0,4371095
yadL_yadM_yadC_yadK_predicted,0.5,1,1,ACGTGGTCGGACATTCCCAC,0,4384694
yadL_yadM_yadC_yadK_predicted,0.5,1,1,ACGTGGCAAAAGGTCAATTA,0,4371343
yadL_yadM_yadC_yadK_predicted,0.5,1,1,ACGTAGGGGAATAACCTTCG,0,4397943
yadL_yadM_yadC_yadK_predicted,0.5,1,1,ACGTAAACGCATAGGGGTGG,0,4394293
yadL_yadM_yadC_yadK_predicted,0.5,1,1,ACGGTCTAACTTGCGTTGGT,0,4402355
yadL_yadM_yadC_yadK_predicted,0.5,1,1,ACGGTAGTGGCAATTCACTA,0,4400236
yadL_yadM_yadC_yadK_predicted,0.5,1,1,ACGGTACACAATCACCCTCC,0,4400686
yadL_yadM_yadC_yadK_predicted,0.5,1,1,ACGGGTTTGGGATGGTCCGT,0,4376712
yadL_yadM_yadC_yadK_predicted,0.5,1,1,ACGGCAGGGAGACACGGTTA,0,4389540
yadL_yadM_yadC_yadK_predicted,0.5,1,1,ACGGAGTGCAACTGTTCTCG,0,4387192
yadL_yadM_yadC_yadK_predicted,0.5,1,1,ACGCGAGGTCTTTGAAGTGG,0,4382000
yadL_yadM_yadC_yadK_predicted,0.5,1,1,ACGATTCACGTTGGGGTAGC,0,4387662
yadL_yadM_yadC_yadK_predicted,0.5,1,1,ACGATCACTTTTTATAGCAA,0,4398137
yadL_yadM_yadC_yadK_predicted,0.5,1,1,ACGAGGGGAGAGAAGTGCGC,0,4371180
yadL_yadM_yadC_yadK_predicted,0.5,1,1,ACGACCAGTTCCCGGCTTCG,0,4382671
yadL_yadM_yadC_yadK_predicted,0.5,1,1,ACGACCAAGGTGTCGCTGTC,0,4378947
yadL_yadM_yadC_yadK_predicted,0.5,1,1,ACGAACGACAAGTTAGGACG,0,4374623
yadL_yadM_yadC_yadK_predicted,0.5,1,1,ACCTTTCGACGGGATAATTC,0,4388032
yadL_yadM_yadC_yadK_predicted,0.5,1,1,ACCTAAAATGATACGGGGTC,0,4385043
yadL_yadM_yadC_yadK_predicted,0.5,1,1,ACCGTGTCCTAGGGCGACCA,0,4371851
yadL_yadM_yadC_yadK_predicted,0.5,1,1,ACCGGGCTAATCGTATACAT,0,4385076
yadL_yadM_yadC_yadK_predicted,0.5,1,1,ACCGCAAACGGTGTGAGGCC,0,4382394
yadL_yadM_yadC_yadK_predicted,0.5,1,1,ACCGATTTTCCAACGCAATC,0,4387495
yadL_yadM_yadC_yadK_predicted,0.5,1,1,ACCGAGCCATTTAGAATGGA,0,4400210
yadL_yadM_yadC_yadK_predicted,0.5,1,1,ACCCTTAAACCCGGGATCCA,0,4401947
yadL_yadM_yadC_yadK_predicted,0.5,1,1,ACCCTAGTCGGAGGAATCTT,0,4389194
yadL_yadM_yadC_yadK_predicted,0.5,1,1,ACCCGACTGATTTTGATCCG,0,4383483
yadL_yadM_yadC_yadK_predicted,0.5,1,1,ACCCCTTTGCCGCTATTCAA,0,4392697
yadL_yadM_yadC_yadK_predicted,0.5,1,1,ACCCAGTTGTCATTAACGAA,0,4399587
yadL_yadM_yadC_yadK_predicted,0.5,1,1,ACCCAAGGAGGAACGCGCTC,0,4370638
yadL_yadM_yadC_yadK_predicted,0.5,1,1,ACCATTACACACTGTATCAA,0,4386595
yadL_yadM_yadC_yadK_predicted,0.5,1,1,ACCATGCGTTGGAGTCTGAT,0,4376528
yadL_yadM_yadC_yadK_predicted,0.5,1,1,ACCAGGGAGGGCTAACTTGT,0,4385429
yadL_yadM_yadC_yadK_predicted,0.5,1,1,ACCAGCGTATGCTTTAACAA,0,4370147
yadL_yadM_yadC_yadK_predicted,0.5,1,1,ACCACACCCCACTTAGTGCG,0,4400040
yadL_yadM_yadC_yadK_predicted,0.5,1,1,ACATTCCATGGGTGTCTTGA,0,4398983
yadL_yadM_yadC_yadK_predicted,0.5,1,1,ACATTCACTGTCAAGGTGTA,0,4373162
yadL_yadM_yadC_yadK_predicted,0.5,1,1,ACATGCGGGACCTTTTAAAG,0,4382482
yadL_yadM_yadC_yadK_predicted,0.5,1,1,ACATCGACGCAATCTGTCTA,0,4401571
yadL_yadM_yadC_yadK_predicted,0.5,1,1,ACATCCAAGGTTCCTTGTTG,0,4385560
yadL_yadM_yadC_yadK_predicted,0.5,1,1,ACATCACTTACGCTGTCATT,0,4402207
yadL_yadM_yadC_yadK_predicted,0.5,1,1,ACATATGTTGTAAATGCATA,0,4380723
yadL_yadM_yadC_yadK_predicted,0.5,1,1,ACATATGCTAGATCGGCGAG,0,4397776
yadL_yadM_yadC_yadK_predicted,0.5,1,1,ACATAGTTGCTACATCCCAA,0,4389877
yadL_yadM_yadC_yadK_predicted,0.5,1,1,ACATAATTTAGATGTTATCC,0,4398597
yadL_yadM_yadC_yadK_predicted,0.5,1,1,ACAGTTAGATTAAGACGCGG,0,4395303
yadL_yadM_yadC_yadK_predicted,0.5,1,1,ACAGTCCTGATTGATAGTCA,0,4379919
yadL_yadM_yadC_yadK_predicted,0.5,1,1,ACAGGTTCAACGACACTCAC,0,4376970
yadL_yadM_yadC_yadK_predicted,0.5,1,1,ACAGGTTATGCATGCTGAAA,0,4383724
yadL_yadM_yadC_yadK_predicted,0.5,1,1,ACAGGTGCGAAGTGCTGTAC,0,4391482
yadL_yadM_yadC_yadK_predicted,0.5,1,1,ACAGGCCCGGCCTGAGCTTC,0,4390723
yadL_yadM_yadC_yadK_predicted,0.5,1,1,ACAGGAGGCGCTGTACGGAT,0,4379453
yadL_yadM_yadC_yadK_predicted,0.5,1,1,ACAGCCTCTCTCTAGTTGGT,0,4376986
yadL_yadM_yadC_yadK_predicted,0.5,1,1,ACAGCCACGGCGGATATAGC,0,4372477
yadL_yadM_yadC_yadK_predicted,0.5,1,1,ACAGCACTCGCTTAGTTTTG,0,4392259
yadL_yadM_yadC_yadK_predicted,0.5,1,1,ACAGAATTGAGCGGTGCGAT,0,4399719
yadL_yadM_yadC_yadK_predicted,0.5,1,1,ACAGAATGTTGTCTGTCGAG,0,4393623
yadL_yadM_yadC_yadK_predicted,0.5,1,1,ACACTGCTTCCCGTGGATTT,0,4388153
yadL_yadM_yadC_yadK_predicted,0.5,1,1,ACACGGTATCTTAAGTTCAG,0,4373422
yadL_yadM_yadC_yadK_predicted,0.5,1,1,ACACCTTTGCGTAAACTAAA,0,4381703
yadL_yadM_yadC_yadK_predicted,0.5,1,1,ACACACGATGGATCGTTTCT,0,4384049
yadL_yadM_yadC_yadK_predicted,0.5,1,1,ACAAGGGTGGCTAACAATTT,0,4372698
yadL_yadM_yadC_yadK_predicted,0.5,1,1,ACAACGTGGATTGACTGTCT,0,4384542
yadL_yadM_yadC_yadK_predicted,0.5,1,1,ACAAACGCACCGTTGACGAT,0,4370620
yadL_yadM_yadC_yadK_predicted,0.5,1,1,ACAAAAACTAACGGAGAGTC,0,4393360
yadL_yadM_yadC_yadK_predicted,0.5,1,1,AATTTTGGACGGCAGTAGGG,0,4378298
yadL_yadM_yadC_yadK_predicted,0.5,1,1,AATTGGCCGTGGATACGAAC,0,4391031
yadL_yadM_yadC_yadK_predicted,0.5,1,1,AATTCAAATCTGTTATCTGT,0,4394870
yadL_yadM_yadC_yadK_predicted,0.5,1,1,AATGTTTAATTTCAGTATTC,0,4376364
yadL_yadM_yadC_yadK_predicted,0.5,1,1,AATGTTAGGGCGGGTGCACG,0,4398556
yadL_yadM_yadC_yadK_predicted,0.5,1,1,AATGGTTGGAGGTCAAGTGT,0,4390647
yadL_yadM_yadC_yadK_predicted,0.5,1,1,AATGGGCATGGTTTGATCGG,0,4387115
yadL_yadM_yadC_yadK_predicted,0.5,1,1,AATGCCTGGACCAAGGTTCT,0,4401137
yadL_yadM_yadC_yadK_predicted,0.5,1,1,AATGAGGCCCTACAGGCATC,0,4377320
yadL_yadM_yadC_yadK_predicted,0.5,1,1,AATCTGGCGGATTACGGACC,0,4390209
yadL_yadM_yadC_yadK_predicted,0.5,1,1,AATCGGGTGCTGTCGCGCGT,0,4402351
yadL_yadM_yadC_yadK_predicted,0.5,1,1,AATCCAACTACCCTTCATTC,0,4375837
yadL_yadM_yadC_yadK_predicted,0.5,1,1,AATCAAGCATTTAGAACTGG,0,4371769
yadL_yadM_yadC_yadK_predicted,0.5,1,1,AATATTCAGGGGCATCCAGG,0,4370533
yadL_yadM_yadC_yadK_predicted,0.5,1,1,AATATATCTGTATTATTTAA,0,4375430
yadL_yadM_yadC_yadK_predicted,0.5,1,1,AATAGTTTGCACTGAGCCTC,0,4396359
yadL_yadM_yadC_yadK_predicted,0.5,1,1,AATAAATTCAAAAGCGCGTA,0,4383378
yadL_yadM_yadC_yadK_predicted,0.5,1,1,AAGTTTTGTAGCACGGATTT,0,4374588
yadL_yadM_yadC_yadK_predicted,0.5,1,1,AAGTTTATTGAGGCAGACAG,0,4393280
yadL_yadM_yadC_yadK_predicted,0.5,1,1,AAGTGAATCCCTCTCTGTAC,0,4397910
yadL_yadM_yadC_yadK_predicted,0.5,1,1,AAGTCGTTGGGTTTCCTGGT,0,4391402
yadL_yadM_yadC_yadK_predicted,0.5,1,1,AAGTCGGGGTAAACTATGTA,0,4379057
yadL_yadM_yadC_yadK_predicted,0.5,1,1,AAGTCAAGGCCTTGTAGCAG,0,4382848
yadL_yadM_yadC_yadK_predicted,0.5,1,1,AAGTACCGACAGTTTATCAT,0,4389708
yadL_yadM_yadC_yadK_predicted,0.5,1,1,AAGGTTAATGTAAGGTCGGC,0,4380026
yadL_yadM_yadC_yadK_predicted,0.5,1,1,AAGGTGCTAGTGCATCCCCA,0,4381330
yadL_yadM_yadC_yadK_predicted,0.5,1,1,AAGGGGTGACCCAAGCAGCG,0,4400195
yadL_yadM_yadC_yadK_predicted,0.5,1,1,AAGGGGTAAACGAGCCTACT,0,4396460
yadL_yadM_yadC_yadK_predicted,0.5,1,1,AAGGGATGAATCGTAGTATC,0,4374630
yadL_yadM_yadC_yadK_predicted,0.5,1,1,AAGGATTGAGAACTTGGGGC,0,4397186
yadL_yadM_yadC_yadK_predicted,0.5,1,1,AAGCTTGTGGTCCCATGTCT,0,4395717
yadL_yadM_yadC_yadK_predicted,0.5,1,1,AAGCGGCCCTTCATGTTCAG,0,4385704
yadL_yadM_yadC_yadK_predicted,0.5,1,1,AAGCAGTGACGTTTCGGGCA,0,4380340
yadL_yadM_yadC_yadK_predicted,0.5,1,1,AAGCAAACTCGCTACATGGT,0,4381608
yadL_yadM_yadC_yadK_predicted,0.5,1,1,AAGATTTCGCATGGGGTCCT,0,4382754
yadL_yadM_yadC_yadK_predicted,0.5,1,1,AAGATGTGCTAACCCTAGAT,0,4370473
yadL_yadM_yadC_yadK_predicted,0.5,1,1,AAGAGGTCACGCCCATCGGC,0,4374781
yadL_yadM_yadC_yadK_predicted,0.5,1,1,AAGAGCCCAGACCCTCCAGT,0,4400008
yadL_yadM_yadC_yadK_predicted,0.5,1,1,AAGACGGGCCATATTCTTCA,0,4386467
yadL_yadM_yadC_yadK_predicted,0.5,1,1,AAGACCGCTAGTTCTCGACT,0,4378682
yadL_yadM_yadC_yadK_predicted,0.5,1,1,AAGAAGTCGGACAATTCTTT,0,4397488
yadL_yadM_yadC_yadK_predicted,0.5,1,1,AAGAAGTAAACCCAAGTAGT,0,4381516
yadL_yadM_yadC_yadK_predicted,0.5,1,1,AAGAACCTCCAAATTGTTGA,0,4372757
yadL_yadM_yadC_yadK_predicted,0.5,1,1,AAGAAATTGAGCCAGATCCC,0,4400128
yadL_yadM_yadC_yadK_predicted,0.5,1,1,AACTTTACCGGCCAGAAACT,0,4389869
yadL_yadM_yadC_yadK_predicted,0.5,1,1,AACTTTACCGGACATGGCCG,0,4395452
yadL_yadM_yadC_yadK_predicted,0.5,1,1,AACTTGTATGTCTTTTGATT,0,4380892
yadL_yadM_yadC_yadK_predicted,0.5,1,1,AACTTCTACAAAGCGACGGT,0,4381963
yadL_yadM_yadC_yadK_predicted,0.5,1,1,AACTTAACAGCGCGTAAATA,0,4379780
yadL_yadM_yadC_yadK_predicted,0.5,1,1,AACTATGGTTCCACGCGCTA,0,4382208
yadL_yadM_yadC_yadK_predicted,0.5,1,1,AACTATAATGCCATCATATG,0,4384589
yadL_yadM_yadC_yadK_predicted,0.5,1,1,AACTACCACCATGCGTGAGG,0,4374666
yadL_yadM_yadC_yadK_predicted,0.5,1,1,AACGGGATTGTGATAATTTG,0,4396735
yadL_yadM_yadC_yadK_predicted,0.5,1,1,AACGAAACTTATCCGGATCT,0,4370368
yadL_yadM_yadC_yadK_predicted,0.5,1,1,AACCTGCTGGGATTCCTGTA,0,4378335
yadL_yadM_yadC_yadK_predicted,0.5,1,1,AACCGGCCTCCCTCAACGGA,0,4402103
yadL_yadM_yadC_yadK_predicted,0.5,1,1,AACCCGCGCACTCGAGGTCA,0,4372224
yadL_yadM_yadC_yadK_predicted,0.5,1,1,AACCCAGTTACGGACAGTCA,0,4402530
yadL_yadM_yadC_yadK_predicted,0.5,1,1,AACCCAGAGTATGCGCTCCA,0,4400211
yadL_yadM_yadC_yadK_predicted,0.5,1,1,AACCAACCATAGCAAAAATG,0,4381357
yadL_yadM_yadC_yadK_predicted,0.5,1,1,AACATCAGATTTAATGCTAT,0,4391337
yadL_yadM_yadC_yadK_predicted,0.5,1,1,AACATATTTGCGCGCTGTCT,0,4386163
yadL_yadM_yadC_yadK_predicted,0.5,1,1,AACAGTAGAAGGGCATATAA,0,4374629
yadL_yadM_yadC_yadK_predicted,0.5,1,1,AACAGATGCATGTATGAGCA,0,4378147
yadL_yadM_yadC_yadK_predicted,0.5,1,1,AACAGAATAACGTCCGCCCT,0,4377185
yadL_yadM_yadC_yadK_predicted,0.5,1,1,AACACACCATGACGATTTGT,0,4400175
yadL_yadM_yadC_yadK_predicted,0.5,1,1,AAATTTACGTTGCGAAATGG,0,4396220
yadL_yadM_yadC_yadK_predicted,0.5,1,1,AAATTAGTATTTTCGACAGG,0,4380877
yadL_yadM_yadC_yadK_predicted,0.5,1,1,AAATCTTCGGGATCCGTTAG,0,4372132
yadL_yadM_yadC_yadK_predicted,0.5,1,1,AAATCCCCGGAGGATTGTAA,0,4382135
yadL_yadM_yadC_yadK_predicted,0.5,1,1,AAAGTATACAGGAGGCCCAC,0,4380623
yadL_yadM_yadC_yadK_predicted,0.5,1,1,AAAGGCGAGAGGCATATGTC,0,4376396
yadL_yadM_yadC_yadK_predicted,0.5,1,1,AAAGGCCCTCGAGGGAAGAA,0,4398660
yadL_yadM_yadC_yadK_predicted,0.5,1,1,AAAGCCAGGGTCTTTAGAAA,0,4401075
yadL_yadM_yadC_yadK_predicted,0.5,1,1,AAAGACTAGAGCCTACGCGG,0,4382770
yadL_yadM_yadC_yadK_predicted,0.5,1,1,AAACTACAATCAGGCTTACA,0,4400476
yadL_yadM_yadC_yadK_predicted,0.5,1,1,AAACGGTTTTGCTTATCCGC,0,4385360
yadL_yadM_yadC_yadK_predicted,0.5,1,1,AAACGGGTGTACCACGTTGC,0,4372475
yadL_yadM_yadC_yadK_predicted,0.5,1,1,AAACCAAATCATCCAAGTGA,0,4389161
yadL_yadM_yadC_yadK_predicted,0.5,1,1,AAACAGGTGTAGGAATCCGC,0,4389831
yadL_yadM_yadC_yadK_predicted,0.5,1,1,AAAAGCTCTGGCCAAAGCGA,0,4379750
yadL_yadM_yadC_yadK_predicted,0.5,1,1,AAAACGAACTCTCCGTGATG,0,4379152
yadL_yadM_yadC_yadK_predicted,0.5,1,1,AAAACCCTTCTGGTATGACA,0,4402023
yadL_yadM_yadC_yadK_predicted,0.5,1,1,AAAAACTCAGTTCAAGAGTT,0,4402324
yadL_yadM_yadC_yadK_predicted,118.0,117,0,CATTGCTAGAGGCATACTTC,117,4399359
yadL_yadM_yadC_yadK_predicted,107.0,106,0,CTGACTTCCGCGGCCTTATC,106,4374546
yadL_yadM_yadC_yadK_predicted,88.0,87,0,CGCGACCGTGTCCGCCTTTT,87,4399714
yadL_yadM_yadC_yadK_predicted,72.0,71,0,CGGGTATTGACGTGGGGCTA,71,4376114
yadL_yadM_yadC_yadK_predicted,69.0,68,0,TTGGGGCACGCTCACTTAAT,68,4372127
yadL_yadM_yadC_yadK_predicted,69.0,68,0,GCCCTTTGAGAATCTCGTGC,68,4396636
yadL_yadM_yadC_yadK_predicted,64.0,63,0,TTACAGAATACGTCCGAACA,63,4399716
yadL_yadM_yadC_yadK_predicted,62.0,61,0,CATTTTAGACAGATCGGGAA,61,4384282
yadL_yadM_yadC_yadK_predicted,61.0,60,0,CTCCCTAATCGCTACATAGA,60,4399938
yadL_yadM_yadC_yadK_predicted,59.0,58,0,ACCAGTTCTTTGCGACCTGT,58,4399085
yadL_yadM_yadC_yadK_predicted,57.0,56,0,AGGACTTTATTTTTATCGAA,56,4396279
yadL_yadM_yadC_yadK_predicted,53.0,52,0,CGTAATTGCCAAATCCAGTA,52,4398128
yadL_yadM_yadC_yadK_predicted,52.0,51,0,GTTACAGTGGGTTTTTCGGG,51,4372175
yadL_yadM_yadC_yadK_predicted,52.0,51,0,GGTGAAGAACTGATTGCCGC,51,4385300
yadL_yadM_yadC_yadK_predicted,49.0,48,0,CACCAGATCGCTAGCAGCAG,48,4383825
yadL_yadM_yadC_yadK_predicted,46.0,45,0,TGTGGTGCAATCTGTTAGCT,45,4382409
yadL_yadM_yadC_yadK_predicted,45.0,44,0,TTAAGCCAAGCACCCTATGC,44,4382423
yadL_yadM_yadC_yadK_predicted,44.0,43,0,GTTCAGGTGTCATACATCTA,43,4386176
yadL_yadM_yadC_yadK_predicted,43.0,42,0,GCCACCCCCGCGAAGGATCC,42,4378855
yadL_yadM_yadC_yadK_predicted,42.0,41,0,CAACAGATCGTCGTTTGAGG,41,4392736
yadL_yadM_yadC_yadK_predicted,41.0,40,0,CAAAGGTATGTCTTTCTTCG,40,4394125
yadL_yadM_yadC_yadK_predicted,40.0,39,0,GGTTAATATGGGCGAGTGCG,39,4371917
yadL_yadM_yadC_yadK_predicted,40.0,39,0,CTATAGCAAGTTTCATATTT,39,4389829
yadL_yadM_yadC_yadK_predicted,39.0,38,0,AGAGGCCTTCGGGCACCAGA,38,4379270
yadL_yadM_yadC_yadK_predicted,38.0,37,0,GAGCAACAGATGTGCTGTGT,37,4400467
yadL_yadM_yadC_yadK_predicted,38.0,37,0,CTGAAGGCTTGACAAACGGC,37,4375091
yadL_yadM_yadC_yadK_predicted,38.0,37,0,CAGGGCACGGAGTGGACGGT,37,4391800
yadL_yadM_yadC_yadK_predicted,38.0,37,0,AGCTCTATATCGGTGGTACC,37,4378301
yadL_yadM_yadC_yadK_predicted,38.0,37,0,ACCTAAAGTCACAGACGTTA,37,4387451
yadL_yadM_yadC_yadK_predicted,37.0,36,0,TGACCTCGTCGGTAGGCACT,36,4376467
yadL_yadM_yadC_yadK_predicted,37.0,36,0,GTAGAAAGCAGACGCACCAA,36,4386478
yadL_yadM_yadC_yadK_predicted,36.0,35,0,CCCATGCTACATTCTTCAGT,35,4380027
yadL_yadM_yadC_yadK_predicted,35.0,34,0,TAGGAAAGGGCCTCGTATTA,34,4378497
yadL_yadM_yadC_yadK_predicted,35.0,34,0,GTGGCATGTGTGCGATGAGT,34,4398609
yadL_yadM_yadC_yadK_predicted,35.0,34,0,CGGTATTGTCATCATGTAAA,34,4373564
yadL_yadM_yadC_yadK_predicted,35.0,34,0,CCCTGGGTTGTACGGGGCTG,34,4400324
yadL_yadM_yadC_yadK_predicted,35.0,34,0,ATTGGTGCTGTCACGGCGCG,34,4375833
yadL_yadM_yadC_yadK_predicted,35.0,34,0,AAAATGCGCCTTGCAGTGGA,34,4386623
yadL_yadM_yadC_yadK_predicted,34.0,33,0,TCTCAGCAAATGACATCGAT,33,4380166
yadL_yadM_yadC_yadK_predicted,34.0,33,0,AACACCTACAGTCTCTAGTC,33,4388361
yadL_yadM_yadC_yadK_predicted,33.0,32,0,CACGTCCCCTGTGCACGAAT,32,4375547
yadL_yadM_yadC_yadK_predicted,33.0,32,0,ACATAATTAGCTCCTCGTCG,32,4380704
yadL_yadM_yadC_yadK_predicted,32.0,31,0,AAAGTAAAGCCCTGATACAG,31,4385247
yadL_yadM_yadC_yadK_predicted,30.0,29,0,GAACGTCTAATAATCGATGA,29,4379432
yadL_yadM_yadC_yadK_predicted,30.0,29,0,GAAAACGCCAGGCATGCTAA,29,4370412
yadL_yadM_yadC_yadK_predicted,30.0,29,0,CCATGCAAGCAGCTAAGCGT,29,4383913
yadL_yadM_yadC_yadK_predicted,29.0,28,0,TGCCGTAGGCACGATTACTA,28,4374647
yadL_yadM_yadC_yadK_predicted,29.0,28,0,CGGGGCATTGTAACAAAACT,28,4398561
yadL_yadM_yadC_yadK_predicted,29.0,28,0,ATGTCTTTAGCGCATCCGTA,28,4400348
yadL_yadM_yadC_yadK_predicted,28.0,27,0,TTTCATATCTTTTCGTTAAC,27,4392774
yadL_yadM_yadC_yadK_predicted,28.0,27,0,TTACTCAATGGGAGTCTCGG,27,4374579
yadL_yadM_yadC_yadK_predicted,28.0,27,0,GTGAAGCGTGGCGGGCCTCG,27,4400608
yadL_yadM_yadC_yadK_predicted,28.0,27,0,GAGGCTGGATGCCCGAGTTG,27,4397353
yadL_yadM_yadC_yadK_predicted,28.0,27,0,CCCTGGACCGCGGCAATCAG,27,4379208
yadL_yadM_yadC_yadK_predicted,27.0,26,0,TCTATCCTGCACCCAAACCT,26,4396467
yadL_yadM_yadC_yadK_predicted,27.0,26,0,GTGGTTCCTGCGCACTGGAG,26,4394165
yadL_yadM_yadC_yadK_predicted,27.0,26,0,CCACGCTTATGGGTTACTGA,26,4386677
yadL_yadM_yadC_yadK_predicted,26.0,25,0,CTGTAGCCAGACCCAGTGAG,25,4391011
yadL_yadM_yadC_yadK_predicted,25.0,24,0,TTGCTCGTGCGGTCAAAATA,24,4389878
yadL_yadM_yadC_yadK_predicted,25.0,24,0,TCATCAGACATGTGGTAATG,24,4396126
yadL_yadM_yadC_yadK_predicted,24.0,23,0,GGGCCATGGGTATTTTTGGT,23,4386678
yadL_yadM_yadC_yadK_predicted,24.0,23,0,ACGTTCCTTGTACGCACGAG,23,4370095
yadL_yadM_yadC_yadK_predicted,24.0,23,0,AAGGCTGACGGTTATTTTGT,23,4378949
yadL_yadM_yadC_yadK_predicted,23.0,22,0,GTTTCAAGATGCGTCCCACA,22,4380558
yadL_yadM_yadC_yadK_predicted,23.0,22,0,CCCTCCGTAGGGACGGGCAT,22,4378070
yadL_yadM_yadC_yadK_predicted,22.0,21,0,TGGTATGGGTGTCGTCAGAA,21,4372188
yadL_yadM_yadC_yadK_predicted,22.0,21,0,CACCGTCTCGTTGAGCCAAA,21,4370249
yadL_yadM_yadC_yadK_predicted,22.0,21,0,ATGGGCCGTCGGAGCACCTA,21,4387085
yadL_yadM_yadC_yadK_predicted,21.0,20,0,TTTTCGCACACCCCCCGATA,20,4392733
yadL_yadM_yadC_yadK_predicted,21.0,20,0,GTGTTCATGAAAGTGACCCC,20,4375290
yadL_yadM_yadC_yadK_predicted,21.0,20,0,GCCTCTGAGAATCGGCCCAG,20,4401098
yadL_yadM_yadC_yadK_predicted,21.0,20,0,CGTGTCACGATATAGTTGCA,20,4383547
yadL_yadM_yadC_yadK_predicted,21.0,20,0,ATTGATCCCAGTTTTTGACT,20,4402120
yadL_yadM_yadC_yadK_predicted,21.0,20,0,AGCCCTGCAGACTGGAACAT,20,4387530
yadL_yadM_yadC_yadK_predicted,20.0,19,0,TTACAGGTTTGACTTAGCCA,19,4397449
yadL_yadM_yadC_yadK_predicted,20.0,19,0,TCGTCTCAAGCCCTTCACTA,19,4382097
yadL_yadM_yadC_yadK_predicted,20.0,19,0,GACCCGCATTTCATAGATAC,19,4394272
yadL_yadM_yadC_yadK_predicted,20.0,19,0,CTTGGCACAGGGTTTTCATG,19,4399798
yadL_yadM_yadC_yadK_predicted,20.0,19,0,AGGCTCACGTTTGAGCCTTG,19,4394464
yadL_yadM_yadC_yadK_predicted,19.0,18,0,TTTATTCACACGGTTTTACA,18,4387520
yadL_yadM_yadC_yadK_predicted,19.0,18,0,TGCGGCGCATCTACCAGTGT,18,4400734
yadL_yadM_yadC_yadK_predicted,19.0,18,0,TCACCGCCCGTTTTTATGAT,18,4394244
yadL_yadM_yadC_yadK_predicted,19.0,18,0,TCAATCCCTTGGAAATTATT,18,4390875
yadL_yadM_yadC_yadK_predicted,19.0,18,0,GCGGGTAACCATGCCCGAAA,18,4380761
yadL_yadM_yadC_yadK_predicted,19.0,18,0,CTTCGTCTTTCCCTTGAGTC,18,4379638
yadL_yadM_yadC_yadK_predicted,19.0,18,0,CATAGTGGGTCTTTCAGCGC,18,4378654
yadL_yadM_yadC_yadK_predicted,18.0,17,0,TGTGGTTGACCTGGGTCGGG,17,4401538
yadL_yadM_yadC_yadK_predicted,18.0,17,0,GTATAATACCCGAGTTCGGG,17,4390484
yadL_yadM_yadC_yadK_predicted,18.0,17,0,GATAGACTGTGAACGTAATA,17,4377959
yadL_yadM_yadC_yadK_predicted,18.0,17,0,CTGGGACTGCTATATAGGCA,17,4381704
yadL_yadM_yadC_yadK_predicted,18.0,17,0,CGAGTCGCCGAGTGATGGTC,17,4387696
yadL_yadM_yadC_yadK_predicted,18.0,17,0,ACCTAACTGTACCGTCAAAG,17,4384319
yadL_yadM_yadC_yadK_predicted,17.0,16,0,GCGGCCGTCAGTTCGTAGAA,16,4385178
yadL_yadM_yadC_yadK_predicted,17.0,16,0,ATTCTCCGGAGACGTGGTCA,16,4384160
yadL_yadM_yadC_yadK_predicted,17.0,16,0,ATCGCAAACAGGAGTTGATT,16,4400422
yadL_yadM_yadC_yadK_predicted,17.0,16,0,AACTTCGCGACTGACCAACG,16,4379016
yadL_yadM_yadC_yadK_predicted,16.0,15,0,GCGGTGGTTGGACTGTAACA,15,4376933
yadL_yadM_yadC_yadK_predicted,16.0,15,0,GAGAAATAACGCGGGTGATA,15,4384096
yadL_yadM_yadC_yadK_predicted,16.0,15,0,GAAGTTATATTAGGCTCATA,15,4399933
yadL_yadM_yadC_yadK_predicted,16.0,15,0,CGGTTATCTTCGTATCAATC,15,4398333
yadL_yadM_yadC_yadK_predicted,15.0,14,0,GCTAAATGTACGTCTTGTTT,14,4390826
yadL_yadM_yadC_yadK_predicted,15.0,14,0,GACTAGCCTCTGGCCATTCT,14,4375694
yadL_yadM_yadC_yadK_predicted,15.0,14,0,CGCATCGGTTCATGTGCCGC,14,4383785
yadL_yadM_yadC_yadK_predicted,14.0,13,0,GTTAAGCGTCCGCTAGGTGT,13,4383946
yadL_yadM_yadC_yadK_predicted,14.0,13,0,ACACCCCGCACCTTGTTGGA,13,4372673
yadL_yadM_yadC_yadK_predicted,13.0,12,0,TTGGTTTAAACACGTTAGAT,12,4382634
yadL_yadM_yadC_yadK_predicted,13.0,12,0,TATAAGTGTACGATTAGCAA,12,4384820
yadL_yadM_yadC_yadK_predicted,13.0,12,0,GGTCGGTATAGGTGCTTAGT,12,4398998
yadL_yadM_yadC_yadK_predicted,13.0,12,0,CGTGACATTGTAGTAGGCAC,12,4388534
yadL_yadM_yadC_yadK_predicted,13.0,12,0,CCTAACCCTAGAGCACAACA,12,4380103
yadL_yadM_yadC_yadK_predicted,13.0,12,0,CAATCCCGTCCGTGCATTTG,12,4396325
yadL_yadM_yadC_yadK_predicted,13.0,12,0,AATTTCCGGGCATACCTATC,12,4398690
yadL_yadM_yadC_yadK_predicted,12.0,11,0,TATATTTTGTACCTACGTAA,11,4386939
yadL_yadM_yadC_yadK_predicted,12.0,11,0,CCGTCTATGGTGAGATCCTT,11,4388372
yadL_yadM_yadC_yadK_predicted,12.0,11,0,CCGATAATGGCGATTATGTT,11,4398615
yadL_yadM_yadC_yadK_predicted,12.0,11,0,ATGGGAACCAAAAATACAAC,11,4374828
yadL_yadM_yadC_yadK_predicted,12.0,11,0,AAGGGATGTGCACACAGAGC,11,4386561
yadL_yadM_yadC_yadK_predicted,12.0,11,0,AAGGCACCATAAACCAGACT,11,4378422
yadL_yadM_yadC_yadK_predicted,11.0,10,0,GGCTGTTTAATTATGGGTAC,10,4394723
yadL_yadM_yadC_yadK_predicted,11.0,10,0,CGGGAGCGCGTCGAGCGCGG,10,4400688
yadL_yadM_yadC_yadK_predicted,11.0,10,0,AAATAAATATCACTGTGAAC,10,4382700
yadL_yadM_yadC_yadK_predicted,11.0,10,0,AAAATCCGGCGAGCTGTTAG,10,4386309
yadL_yadM_yadC_yadK_predicted,10.0,9,0,TGAGAGGGTGCTACTCAGAG,9,4385343
yadL_yadM_yadC_yadK_predicted,10.0,9,0,GTATGGAAGCTTGCTCAAAG,9,4377587
yadL_yadM_yadC_yadK_predicted,10.0,9,0,GGGTACTATAAAAGATTGAT,9,4387464
yadL_yadM_yadC_yadK_predicted,10.0,9,0,GCCAGGCACCAAGTCGCAAG,9,4379664
yadL_yadM_yadC_yadK_predicted,10.0,9,0,CTTACTTTACGCACCTCCTC,9,4387707
yadL_yadM_yadC_yadK_predicted,10.0,9,0,CAGCGATGTCTCATCATATT,9,4388648
yadL_yadM_yadC_yadK_predicted,9.0,8,0,GGAGTGAATGGCAAATACCT,8,4390068
yadL_yadM_yadC_yadK_predicted,9.0,8,0,GATCTACCCCCAAAACGAGG,8,4372714
yadL_yadM_yadC_yadK_predicted,9.0,8,0,CCTGGGAAGCAAGCGGACTA,8,4379073
yadL_yadM_yadC_yadK_predicted,9.0,8,0,ATTGCGCACTAGGGAGGTCG,8,4373555
yadL_yadM_yadC_yadK_predicted,8.0,7,0,GGTGCTTCTAACATTTTACT,7,4378291
yadL_yadM_yadC_yadK_predicted,8.0,7,0,GGTCTGGGTCCTGTGTGCGC,7,4395904
yadL_yadM_yadC_yadK_predicted,8.0,7,0,AGACACTAGAAAATGTGACA,7,4384348
yadL_yadM_yadC_yadK_predicted,8.0,7,0,AAGGGACGGCTTGTGATGCT,7,4394108
yadL_yadM_yadC_yadK_predicted,7.0,6,0,TTTACGATCCCTCATCGGCT,6,4375762
yadL_yadM_yadC_yadK_predicted,7.0,6,0,TCCTGAATTTTCATGCGGGA,6,4372839
yadL_yadM_yadC_yadK_predicted,7.0,6,0,GGAGTGCGTATTGTGAACTT,6,4384517
yadL_yadM_yadC_yadK_predicted,7.0,6,0,GCTAAAGACTCTGGGTATAC,6,4386599
yadL_yadM_yadC_yadK_predicted,7.0,6,0,GCATAGGGGGCATAAGCCTC,6,4393732
yadL_yadM_yadC_yadK_predicted,7.0,6,0,CTATACGCGAGCGAACGGAA,6,4389845
yadL_yadM_yadC_yadK_predicted,7.0,6,0,CGCAGCCTTCCCAGTGGTAG,6,4390392
yadL_yadM_yadC_yadK_predicted,7.0,6,0,ACATCTGGAATGTAAAGCAA,6,4393288
yadL_yadM_yadC_yadK_predicted,6.0,5,0,TTCAGGGTACCTTCGCCCAA,5,4384443
yadL_yadM_yadC_yadK_predicted,6.0,5,0,GGGCATAACTTAGACGGTAT,5,4390486
yadL_yadM_yadC_yadK_predicted,6.0,5,0,CGTCTTCGGACAGGACAACC,5,4397769
yadL_yadM_yadC_yadK_predicted,6.0,5,0,CACTTTTTAAACTTATGACC,5,4386819
yadL_yadM_yadC_yadK_predicted,5.0,4,0,AGGTGGCAGCGGGATACCAG,4,4394824
yadL_yadM_yadC_yadK_predicted,4.0,3,0,TCGCCTGGTACCAGAATAGT,3,4390938
yadL_yadM_yadC_yadK_predicted,4.0,3,0,GACAGATAAGTACGAGGCCC,3,4373885
yadL_yadM_yadC_yadK_predicted,4.0,3,0,CATAGCGGTGCGGTCCGAAG,3,4401723
yadL_yadM_yadC_yadK_predicted,4.0,3,0,AACCCAATAGCCCTCTCCTT,3,4395426
yadL_yadM_yadC_yadK_predicted,3.0,2,0,TGGTACCCTAAATTCGCGTT,2,4395891
yadL_yadM_yadC_yadK_predicted,3.0,2,0,GGCGAACTGACAGTATCAGA,2,4386805
yadL_yadM_yadC_yadK_predicted,3.0,2,0,GCTCGATAAATAGGCTGTTT,2,4380358
yadL_yadM_yadC_yadK_predicted,3.0,2,0,GCCCGCTACCTTCGGTTTAA,2,4384043
yadL_yadM_yadC_yadK_predicted,3.0,2,0,GCCCCATGTATGTCATTTAA,2,4386121
yadL_yadM_yadC_yadK_predicted,3.0,2,0,GCATACGGCGGTTTGTAACC,2,4395070
yadL_yadM_yadC_yadK_predicted,3.0,2,0,GCAGTAGAGCCGCCGTTAGA,2,4387861
yadL_yadM_yadC_yadK_predicted,3.0,2,0,CGAGAAATGGTCTGAGCGCA,2,4384030
yadL_yadM_yadC_yadK_predicted,3.0,2,0,CCGTTTGGTGCGATTTCGTC,2,4386804
yadL_yadM_yadC_yadK_predicted,3.0,2,0,CACGGTACAATATTACCCGC,2,4373269
yadL_yadM_yadC_yadK_predicted,3.0,2,0,ATGCTGGTTTCCCCCTGTGC,2,4386072
yadL_yadM_yadC_yadK_predicted,2.0,1,0,TTTGAGCTGCTAAAGTGTGA,1,4382499
yadL_yadM_yadC_yadK_predicted,2.0,1,0,TTGTGCGATGCGGACTAGCG,1,4386731
yadL_yadM_yadC_yadK_predicted,2.0,1,0,TTACCTCCAGTGAGCGACTG,1,4382854
yadL_yadM_yadC_yadK_predicted,2.0,1,0,TGGCATTGGTACGGAACACT,1,4374125
yadL_yadM_yadC_yadK_predicted,2.0,1,0,TGATGTGTGTAGGTGGGTTA,1,4384586
yadL_yadM_yadC_yadK_predicted,2.0,1,0,TGATCGTTTGATAATAAATT,1,4393861
yadL_yadM_yadC_yadK_predicted,2.0,1,0,TGAGTGTGCCTACCTGAGTG,1,4381602
yadL_yadM_yadC_yadK_predicted,2.0,1,0,TCTCTCATAGTAGTTACACT,1,4389803
yadL_yadM_yadC_yadK_predicted,2.0,1,0,TCGGGCGGCGGCTATGGACT,1,4394269
yadL_yadM_yadC_yadK_predicted,2.0,1,0,TCGCTACGTTTATAGGCCGC,1,4390353
yadL_yadM_yadC_yadK_predicted,2.0,1,0,TAATTCATGAATTTAATTAA,1,4382858
yadL_yadM_yadC_yadK_predicted,2.0,1,0,GTTCGCCCTCGTGAGCTAAT,1,4384400
yadL_yadM_yadC_yadK_predicted,2.0,1,0,GGCTCTATTTAATGCTCGGG,1,4385547
yadL_yadM_yadC_yadK_predicted,2.0,1,0,GGCCGCTTGAGCGGTCTGGG,1,4386032
yadL_yadM_yadC_yadK_predicted,2.0,1,0,GACACCTAGCTAGTAGTTTT,1,4399692
yadL_yadM_yadC_yadK_predicted,2.0,1,0,GAAATGACCCAAAGATTCAT,1,4388646
yadL_yadM_yadC_yadK_predicted,2.0,1,0,GAAAGGGACACGATCGTCAG,1,4393590
yadL_yadM_yadC_yadK_predicted,2.0,1,0,CTGTTGAGGGCTGGCGTCCT,1,4384966
yadL_yadM_yadC_yadK_predicted,2.0,1,0,CGCTGTCCATCCCCTCTCTC,1,4372697
yadL_yadM_yadC_yadK_predicted,2.0,1,0,CAATCGGCGGACATGGGGCG,1,4390524
yadL_yadM_yadC_yadK_predicted,2.0,1,0,ATCCCTCGGCGGTATCCCAG,1,4378913
yadL_yadM_yadC_yadK_predicted,2.0,1,0,AGGTTACTAATAATGTCTCT,1,4386971
yadL_yadM_yadC_yadK_predicted,2.0,1,0,AGCGGGTGCTCCTCGAGTGA,1,4389492
yadL_yadM_yadC_yadK_predicted,2.0,1,0,ACTTAGAGCTAATCCCTTAG,1,4390078
yadL_yadM_yadC_yadK_predicted,2.0,1,0,ACGTGGTAGAGGCAGATCGA,1,4376741
yadL_yadM_yadC_yadK_predicted,2.0,1,0,ACGGCTAGAAAACATCGTAA,1,4383456
yadL_yadM_yadC_yadK_predicted,2.0,1,0,AATCACGTTCCTTATGGGGT,1,4396760
